branch_id_1	branch_id_2	dist_bl	dist_node_num	branch_num_fg_tube	branch_num_fg_pink	branch_num_fg_yellow	branch_num_fg_beakless	branch_num_mg_tube	branch_num_mg_pink	branch_num_mg_yellow	branch_num_mg_beakless	is_fg_tube	is_fg_pink	is_fg_yellow	is_fg_beakless	is_mf_tube	is_mf_pink	is_mf_yellow	is_mf_beakless	is_mg_tube	is_mg_pink	is_mg_yellow	is_mg_beakless	omegaCany2any	omegaCany2dif	omegaCany2spe	omegaCdif2any	omegaCdif2dif	omegaCdif2spe	omegaCspe2any	omegaCspe2dif	omegaCspe2spe	dNCany2any	dNCany2dif	dNCany2spe	dNCdif2any	dNCdif2dif	dNCdif2spe	dNCspe2any	dNCspe2dif	dNCspe2spe	dSCany2any	dSCany2dif	dSCany2spe	dSCdif2any	dSCdif2dif	dSCdif2spe	dSCspe2any	dSCspe2dif	dSCspe2spe	OCNCoD	OCSCoD	OCN_linreg_residual	OCS_linreg_residual	N_sub_1	N_sub_2	S_sub_1	S_sub_2	OCNany2any	OCNany2dif	OCNany2spe	OCNdif2any	OCNdif2dif	OCNdif2spe	OCNspe2any	OCNspe2dif	OCNspe2spe	OCSany2any	OCSany2dif	OCSany2spe	OCSdif2any	OCSdif2dif	OCSdif2spe	OCSspe2any	OCSspe2dif	OCSspe2spe	ECNany2any	ECNany2dif	ECNany2spe	ECNdif2any	ECNdif2dif	ECNdif2spe	ECNspe2any	ECNspe2dif	ECNspe2spe	ECSany2any	ECSany2dif	ECSany2spe	ECSdif2any	ECSdif2dif	ECSdif2spe	ECSspe2any	ECSspe2dif	ECSspe2spe	omegaCany2any_nocalib	omegaCany2dif_nocalib	omegaCany2spe_nocalib	omegaCdif2any_nocalib	omegaCdif2dif_nocalib	omegaCdif2spe_nocalib	omegaCspe2any_nocalib	omegaCspe2dif_nocalib	omegaCspe2spe_nocalib	dSCany2any_nocalib	dSCany2dif_nocalib	dSCany2spe_nocalib	dSCdif2any_nocalib	dSCdif2dif_nocalib	dSCdif2spe_nocalib	dSCspe2any_nocalib	dSCspe2dif_nocalib	dSCspe2spe_nocalib
0	1	0.5530	7	2	2	0	0	0	0	0	0	Y	Y	N	N	N	N	N	N	N	N	N	N	0.8474	0.3579	2.8674	1.5282	3.4253	0.0007	0.5741	0.0000	3.0294	2.0863	0.5151	13.3991	1.7082	1.7690	0.0028	2.2225	0.0000	14.4819	2.4621	1.4392	4.6730	1.1178	0.5165	4.3564	3.8713	3.0195	4.7804	3.6127	1.5023	0.2753	0.6030	9.0036	5.1039	34.3520	21.2862	0.8047	0.1745	0.6303	0.1745	0.1745	0.0000	0.6303	0.0000	0.6303	4.2470	1.6973	2.5497	0.9868	0.3845	0.6023	3.2602	1.3127	1.9474	0.3857	0.3387	0.0470	0.1021	0.0986	0.0035	0.2836	0.2401	0.0435	1.7249	1.1793	0.5456	0.8828	0.7446	0.1382	0.8421	0.4347	0.4074	0.8474	0.3579	2.8674	1.5282	3.4253	0.0007	0.5741	0.0000	3.0294	2.4621	1.4392	4.6730	1.1178	0.5165	4.3564	3.8713	3.0195	4.7804
0	3	0.2771	3	1	1	0	1	0	0	0	0	N	N	N	N	N	N	N	N	N	N	N	N	0.0000	0.0000	0.0000	0.0000	0.0000	0.0000	0.0000	0.0000	0.0000	0.0000	0.0000	0.0000	0.0000	0.0000	0.0000	0.0000	0.0000	0.0000	2.3927	3.4235	0.0411	7.0421	7.7453	0.0546	0.0188	0.0022	0.0387	0.0053	0.0000	-0.4237	9.0036	1.9995	34.3520	3.6173	0.0000	0.0000	0.0000	0.0000	0.0000	0.0000	0.0000	0.0000	0.0000	0.9350	0.9301	0.0049	0.9308	0.9298	0.0010	0.0042	0.0003	0.0039	0.1093	0.0926	0.0166	0.0085	0.0079	0.0005	0.1008	0.0847	0.0161	0.3908	0.2717	0.1191	0.1682	0.1501	0.0181	0.2226	0.1216	0.1009	0.0000	0.0000	0.0000	0.0000	0.0000	0.0000	0.0000	0.0000	0.0000	2.3927	3.4235	0.0411	5.5336	6.1960	0.0546	0.0188	0.0022	0.0387	
0	4	0.6160	8	1	1	0	1	0	0	0	0	N	N	N	N	N	N	N	N	N	N	N	N	0.3287	0.0335	2.2731	0.1450	0.1280	0.0129	0.3352	0.0003	1.7852	1.0013	0.1026	6.8727	0.3860	0.4081	0.0012	1.1841	0.0008	7.5836	3.0462	3.0570	3.0235	2.6612	3.1870	0.0905	3.5324	2.7766	4.2480	10.2572	0.4692	0.3232	-0.7341	9.0036	11.5083	34.3520	19.4752	0.6876	0.0611	0.6265	0.0607	0.0607	0.0000	0.6269	0.0004	0.6265	5.2813	3.5946	1.6867	2.5748	2.5599	0.0149	2.7065	1.0347	1.6718	0.6867	0.5956	0.0912	0.1573	0.1488	0.0085	0.5294	0.4468	0.0826	1.7337	1.1759	0.5579	0.9675	0.8032	0.1643	0.7662	0.3726	0.3935	0.3287	0.0335	2.2731	0.1450	0.1280	0.0129	0.3352	0.0003	1.7852	3.0462	3.0570	3.0235	2.6612	3.1870	0.0905	3.5324	2.7766	4.2480
0	6	0.1566	3	1	2	0	0	0	0	0	0	N	Y	N	N	N	N	N	N	N	N	N	N	0.0016	0.0012	0.0000	0.0128	0.0121	0.0000	0.0000	0.0000	0.0000	0.0014	0.0017	0.0000	0.0177	0.0180	0.0000	0.0000	0.0000	0.0000	0.8688	1.4481	0.0252	1.3849	1.4889	0.0297	0.7583	1.4324	0.0250	0.0000	0.0119	-0.0001	-0.5041	9.0036	3.1362	34.3520	18.3411	0.0003	0.0003	0.0000	0.0003	0.0003	0.0000	0.0000	0.0000	0.0000	1.1287	1.1154	0.0133	0.3173	0.3168	0.0005	0.8115	0.7986	0.0128	0.1980	0.1668	0.0312	0.0157	0.0155	0.0002	0.1823	0.1513	0.0310	1.2992	0.7703	0.5289	0.2291	0.2128	0.0163	1.0701	0.5575	0.5126	0.0016	0.0012	0.0000	0.0128	0.0121	0.0000	0.0000	0.0000	0.0000	0.8688	1.4481	0.0252	1.3849	1.4889	0.0297	0.7583	1.4324	0.0250
0	7	0.2153	4	1	1	1	1	0	0	0	0	N	N	N	N	N	N	N	N	N	N	N	N	0.0000	0.0000	0.0000	0.0000	0.0000	0.0000	0.0000	0.0000	0.0000	0.0000	0.0000	0.0000	0.0000	0.0000	0.0000	0.0000	0.0000	0.0000	1.7084	2.5509	0.3235	4.7460	4.9506	2.0227	0.1454	0.1418	0.1487	0.0771	0.0000	-0.5225	9.0036	0.6329	34.3520	9.5631	0.0000	0.0000	0.0000	0.0000	0.0000	0.0000	0.0000	0.0000	0.0000	1.3511	1.2543	0.0968	1.2760	1.2195	0.0564	0.0751	0.0348	0.0403	0.0427	0.0371	0.0055	0.0054	0.0053	0.0001	0.0373	0.0319	0.0054	0.7908	0.4917	0.2991	0.2742	0.2463	0.0279	0.5166	0.2454	0.2712	0.0000	0.0000	0.0000	0.0000	0.0000	0.0000	0.0000	0.0000	0.0000	1.7084	2.5509	0.3235	4.6527	4.9506	2.0227	0.1454	0.1418	0.1487	
0	8	0.5684	7	1	1	1	1	0	0	0	0	N	N	N	N	N	N	N	N	N	N	N	N	0.0005	0.0006	0.0000	0.0005	0.0004	0.0000	0.0006	0.0033	0.0000	0.0016	0.0018	0.0000	0.0016	0.0017	0.0000	0.0016	0.0019	0.0000	3.0106	2.9732	3.0948	3.5000	4.1288	0.0281	2.4086	0.5784	4.2579	0.0003	0.4625	-0.0001	-0.3600	9.0036	2.7092	34.3520	11.4516	0.0003	0.0003	0.0000	0.0001	0.0001	0.0000	0.0002	0.0002	0.0000	2.5328	1.7318	0.8010	1.6242	1.6222	0.0020	0.9086	0.1096	0.7990	0.1723	0.1469	0.0254	0.0375	0.0353	0.0021	0.1349	0.1116	0.0233	0.8413	0.5825	0.2588	0.4641	0.3929	0.0712	0.3772	0.1896	0.1876	0.0005	0.0006	0.0000	0.0005	0.0004	0.0000	0.0006	0.0033	0.0000	3.0106	2.9732	3.0948	3.5000	4.1288	0.0281	2.4086	0.5784	4.2579
0	9	0.1934	3	2	2	0	0	0	0	0	0	Y	Y	N	N	N	N	N	N	N	N	N	N	0.0000	0.0000	0.0000	0.0000	0.0000	0.0000	0.0000	0.0000	0.0000	0.0000	0.0000	0.0000	0.0000	0.0000	0.0000	2.4547	4.0198	0.0000	8.0794	9.8447	0.0000	1.4155	2.6248	0.0000	0.0000	0.0000	-1.0432	9.0036	2.0019	34.3520	13.5902	0.0000	0.0000	0.0000	0.0000	0.0000	0.0000	0.0000	0.0000	0.0000	2.2760	2.2760	0.0000	1.2754	1.2754	0.0000	1.0006	1.0006	0.0000	0.1122	0.0951	0.0172	0.0051	0.0047	0.0004	0.1071	0.0903	0.0168	0.9272	0.5662	0.3610	0.2203	0.1850	0.0353	0.7069	0.3812	0.3257	0.0000	0.0000	0.0000	0.0000	0.0000	0.0000	0.0000	0.0000	0.0000	2.4547	4.0198	0.0000	5.7891	6.8941	0.0000	1.4155	2.6248	0.0000				
0	10	0.2269	6	2	1	1	0	0	0	0	0	Y	N	N	N	N	N	N	N	N	N	N	N	0.0041	0.0101	0.0000	0.0012	0.0010	0.0000	0.0043	0.1818	0.0000	0.0158	0.0186	0.0000	0.0040	0.0044	0.0000	0.0169	0.0201	0.0000	3.8260	1.8316	7.5351	3.4262	4.2317	0.0037	3.9664	0.1104	7.9142	0.0000	2.4581	-0.0004	0.6151	9.0036	1.0010	34.3520	10.8665	0.0009	0.0009	0.0000	0.0000	0.0000	0.0000	0.0009	0.0009	0.0000	2.4364	0.7046	1.7319	0.6800	0.6798	0.0001	1.7565	0.0247	1.7317	0.0565	0.0479	0.0085	0.0050	0.0046	0.0004	0.0514	0.0433	0.0081	0.6413	0.3847	0.2566	0.1985	0.1607	0.0378	0.4428	0.2240	0.2188	0.0041	0.0101	0.0000	0.0012	0.0010	0.0000	0.0043	0.1818	0.0000	3.7992	1.8316	6.7487	3.4262	4.2317	0.0037	3.9664	0.1104	7.9142
0	11	0.2163	6	2	2	0	1	0	0	0	0	Y	Y	N	N	N	N	N	N	N	N	N	N	0.0000	0.0000	0.0000	0.0000	0.0000	0.0000	0.0000	0.0000	0.0000	0.0000	0.0000	0.0000	0.0000	4.3870	9.3976	0.0000	0.0000	0.0000	0.0000	4.6356	9.0291	0.0000	0.0000	0.0000	-0.4584	9.0036	0.0000	34.3520	4.9998	0.0000	0.0000	0.0000	0.0000	0.0000	0.0000	0.0000	0.0000	0.0000	1.0000	1.0000	0.0000	0.0000	0.0000	0.0000	1.0000	1.0000	0.0000	0.0000	0.0000	0.0000	0.0000	0.0000	0.0000	0.0000	0.0000	0.0000	0.2452	0.1363	0.1089	0.0295	0.0255	0.0039	0.2157	0.1108	0.1050	0.0000	0.0000	0.0000	0.0000	0.0000	0.0000	0.0000	0.0000	0.0000	4.0785	7.3384	0.0000	0.0000	0.0000	0.0000	4.6356	9.0291	0.0000						
0	12	0.6153	9	2	2	0	1	0	0	0	0	Y	Y	N	N	N	N	N	N	N	N	N	N	0.0000	0.0000	0.0000	0.0000	0.0000	0.0000	0.0000	0.0000	0.0000	0.0000	0.0000	0.0000	0.0000	0.0000	0.0000	0.1782	0.2667	0.0000	0.0161	0.0192	0.0000	0.3341	0.6600	0.0000	0.0000	0.0000	-0.0107	9.0036	0.9995	34.3520	2.0282	0.0000	0.0000	0.0000	0.0000	0.0000	0.0000	0.0000	0.0000	0.0000	0.0233	0.0233	0.0000	0.0010	0.0010	0.0000	0.0222	0.0222	0.0000	0.0540	0.0465	0.0075	0.0131	0.0120	0.0011	0.0409	0.0345	0.0065	0.1306	0.0873	0.0434	0.0640	0.0536	0.0105	0.0666	0.0337	0.0329	0.0000	0.0000	0.0000	0.0000	0.0000	0.0000	0.0000	0.0000	0.0000	0.1782	0.2667	0.0000	0.0161	0.0192	0.0000	0.3341	0.6600	0.0000				
0	13	0.2142	4	2	1	1	0	0	0	0	0	Y	N	N	N	N	N	N	N	N	N	N	N	1.3607	2.1502	0.0000	0.0055	0.0046	0.0000	2.7601	60.3973	0.0000	3.7909	4.2074	0.0000	0.0217	0.0219	0.0000	6.3583	7.5938	0.0000	2.7859	1.9568	4.1231	3.9408	4.7943	0.0046	2.3037	0.1257	4.7777	0.0000	1.3066	-0.0228	0.1886	9.0036	0.0560	34.3520	10.7426	0.0516	0.0516	0.0000	0.0001	0.0001	0.0000	0.0515	0.0515	0.0000	1.7447	0.7564	0.9883	0.7270	0.7269	0.0001	1.0177	0.0295	0.9881	0.0136	0.0123	0.0013	0.0055	0.0055	0.0000	0.0081	0.0068	0.0013	0.6262	0.3866	0.2397	0.1845	0.1516	0.0329	0.4418	0.2349	0.2068	1.3607	2.1502	0.0000	0.0055	0.0046	0.0000	2.7601	60.3973	0.0000	2.7859	1.9568	4.1231	3.9408	4.7943	0.0046	2.3037	0.1257	4.7777
0	14	0.1772	4	1	1	1	0	0	0	0	0	N	N	N	N	N	N	N	N	N	N	N	N	1.6311	2.1134	0.0171	109.0877	100.1916	0.0000	0.7821	0.9570	0.0170	2.1954	2.5791	0.0259	13.5736	14.5695	0.0000	1.1962	1.4147	0.0269	1.3459	1.2203	1.5168	0.1244	0.1454	0.0014	1.5294	1.4784	1.5881	0.0018	0.9137	-0.8802	0.0400	9.0036	16.7310	34.3520	15.9078	2.0035	2.0000	0.0036	1.0000	1.0000	0.0000	1.0035	1.0000	0.0036	2.0950	1.0947	1.0003	0.0253	0.0253	0.0000	2.0697	1.0695	1.0002	0.9126	0.7755	0.1371	0.0737	0.0686	0.0050	0.8389	0.7068	0.1321	1.5565	0.8971	0.6594	0.2033	0.1737	0.0296	1.3532	0.7234	0.6298	1.6311	2.1134	0.0171	109.0877	100.1916	0.0000	0.7821	0.9570	0.0170	1.3459	1.2203	1.5168	0.1244	0.1454	0.0014	1.5294	1.4784	1.5881
0	15	0.4625	5	1	1	1	0	0	0	0	0	N	N	N	N	N	N	N	N	N	N	N	N	3.6425	0.0058	11.8015	0.0306	0.0123	0.4019	3.3727	0.0000	10.6499	3.0454	0.0017	24.6818	0.0138	0.0057	0.1440	4.2059	0.0000	28.3691	0.8361	0.2936	2.0914	0.4490	0.4644	0.3583	1.2470	0.0024	2.6638	2046.5833	3.0786	0.9604	0.3655	9.0036	10.3367	34.3520	13.9008	1.7200	0.0008	1.7191	0.0021	0.0008	0.0013	1.7178	0.0000	1.7178	1.2329	0.3023	0.9306	0.3409	0.3014	0.0396	0.8920	0.0009	0.8911	0.5648	0.4951	0.0697	0.1563	0.1472	0.0091	0.4084	0.3479	0.0606	1.4747	1.0297	0.4450	0.7594	0.6489	0.1105	0.7153	0.3808	0.3345	3.6425	0.0058	11.8015	0.0306	0.0123	0.4019	3.3727	0.0000	10.6499	0.8361	0.2936	2.0914	0.4490	0.4644	0.3583	1.2470	0.0024	2.6638
0	16	0.1406	3	1	1	1	0	0	0	0	0	N	N	N	N	N	N	N	N	N	N	N	N	1.5108	0.0000	9.6798	0.0000	0.0000	0.0000	1.3276	0.0000	9.5258	1.5210	0.0000	9.8456	0.0000	0.0000	0.0000	1.5491	0.0000	9.8699	1.0067	0.9992	1.0171	0.0340	0.0278	0.1272	1.1669	1.2853	1.0361	inf	0.7274	0.5589	-0.0648	9.0036	12.0000	34.3520	18.8883	1.0000	0.0000	1.0000	0.0000	0.0000	0.0000	1.0000	0.0000	1.0000	1.7376	1.0059	0.7317	0.0083	0.0064	0.0019	1.7294	0.9996	0.7298	0.6575	0.5559	0.1016	0.0119	0.0117	0.0002	0.6455	0.5442	0.1013	1.7261	1.0067	0.7194	0.2441	0.2290	0.0150	1.4820	0.7777	0.7043	1.5108	0.0000	9.6798	0.0000	0.0000	0.0000	1.3276	0.0000	9.5258	1.0067	0.9992	1.0171	0.0340	0.0278	0.1272	1.1669	1.2853	1.0361
0	17	0.6237	6	2	2	0	0	0	0	0	0	Y	Y	N	N	N	N	N	N	N	N	N	N	0.0176	0.0137	0.0258	0.0220	0.0301	0.0339	0.0000	0.0747	0.0779	0.0000	0.0000	0.0000	0.0000	1.7139	2.4707	0.0000	2.8945	3.5376	0.0000	0.0000	0.0000	0.0000	0.0000	0.0000	-0.0042	-0.4541	9.0036	3.5868	34.3520	9.0275	0.0094	0.0094	0.0000	0.0094	0.0094	0.0000	0.0000	0.0000	0.0000	0.9907	0.9907	0.0000	0.9907	0.9907	0.0000	0.0000	0.0000	0.0000	0.3129	0.2785	0.0343	0.1262	0.1210	0.0052	0.1866	0.1575	0.0291	0.5781	0.4010	0.1771	0.3423	0.2801	0.0622	0.2358	0.1209	0.1149	0.0176	0.0137	0.0000	0.0258	0.0220	0.0000	0.0000	0.0000	0.0000	1.7139	2.4707	0.0000	2.8945	3.5376	0.0000	0.0000	0.0000	0.0000					
0	18	0.1934	3	2	2	0	0	0	0	0	0	Y	Y	N	N	N	N	N	N	N	N	N	N	0.0000	0.0000	0.0000	0.0000	0.0000	0.0000	0.0000	0.0000	0.0000	0.0000	0.0000	0.0000	0.0000	0.0000	0.0000	0.2393	0.3970	0.0000	1.0639	1.2765	0.0000	0.0007	0.0012	0.0000	0.0000	0.0000	-0.1265	9.0036	3.9981	34.3520	16.5900	0.0000	0.0000	0.0000	0.0000	0.0000	0.0000	0.0000	0.0000	0.0000	0.2760	0.2760	0.0000	0.2754	0.2754	0.0000	0.0006	0.0006	0.0000	0.2221	0.1882	0.0339	0.0101	0.0093	0.0007	0.2120	0.1788	0.0331	1.1534	0.6953	0.4581	0.2589	0.2157	0.0431	0.8945	0.4795	0.4150	0.0000	0.0000	0.0000	0.0000	0.0000	0.0000	0.0000	0.0000	0.0000	0.2393	0.3970	0.0000	1.0639	1.2765	0.0000	0.0007	0.0012	0.0000				
0	19	0.5794	7	1	1	1	1	0	0	0	0	N	N	N	N	N	N	N	N	N	N	N	N	0.0000	0.0000	0.0000	0.0000	0.0000	0.0000	0.0000	0.0000	0.0000	0.0000	0.0000	0.0000	0.0000	0.0000	0.0000	0.0002	0.0002	0.0003	0.0005	0.0003	0.0014	0.0000	0.0000	0.0000	0.9998	0.0000	0.0000	9.0036	0.0000	34.3520	2.0009	0.0000	0.0000	0.0000	0.0000	0.0000	0.0000	0.0000	0.0000	0.0000	0.0000	0.0000	0.0000	0.0000	0.0000	0.0000	0.0000	0.0000	0.0000	0.0005	0.0004	0.0001	0.0002	0.0002	0.0000	0.0002	0.0001	0.0001	0.0902	0.0603	0.0298	0.0431	0.0360	0.0072	0.0470	0.0244	0.0227	0.0000	0.0000	0.0000	0.0000	0.0000	0.0000	0.0000	0.0000	0.0000	0.0002	0.0002	0.0003	0.0005	0.0003	0.0014	0.0000	0.0000	0.0000				
0	20	0.5938	8	1	1	1	1	0	0	0	0	N	N	N	N	N	N	N	N	N	N	N	N	2.9047	4.5022	0.0000	4.3282	7.7676	0.0000	716.5817	inf	0.0000	3.9282	4.5750	0.0000	12.0426	13.1073	0.0000	1.6733	1.9875	0.0000	1.3523	1.0162	2.0192	2.7823	1.6874	7.9265	0.0023	0.0000	0.0048	0.0000	1.0016	-1.3233	0.0841	9.0036	14.9999	34.3520	23.4905	3.0000	3.0000	0.0000	2.0000	2.0000	0.0000	1.0000	1.0000	0.0000	2.0020	1.0002	1.0018	2.0002	1.0002	1.0000	0.0018	0.0000	0.0018	0.7637	0.6557	0.1080	0.1661	0.1526	0.0135	0.5976	0.5031	0.0945	1.4804	0.9843	0.4961	0.7189	0.5927	0.1262	0.7615	0.3915	0.3700	2.9047	4.5022	0.0000	4.3282	7.7676	0.0000	716.5817	inf	0.0000	1.3523	1.0162	2.0192	2.7823	1.6874	7.9265	0.0023	0.0000	0.0048
0	21	0.1934	3	1	2	0	0	0	0	0	0	N	Y	N	N	N	N	N	N	N	N	N	N	1.1380	0.0000	inf	0.0000	0.0000	1.4021	0.0000	inf	3.6187	0.0000	23.7557	0.0000	0.0000	0.0000	3.7910	0.0000	24.2932	3.1798	5.8918	0.0000	5.7001	7.4832	0.0000	2.7037	5.0787	0.0000	inf	0.0000	0.5589	-2.7060	9.0036	4.9981	34.3520	32.5905	1.0000	0.0000	1.0000	0.0000	0.0000	0.0000	1.0000	0.0000	1.0000	5.9035	5.9035	0.0000	1.9030	1.9030	0.0000	4.0006	4.0006	0.0000	0.2763	0.2342	0.0421	0.0126	0.0116	0.0009	0.2638	0.2226	0.0412	1.8566	1.0976	0.7590	0.3769	0.3099	0.0670	1.4797	0.7877	0.6920	1.1380	0.0000	inf	0.0000	0.0000	0.0000	1.4021	0.0000	inf	3.1798	5.3785	0.0000	5.0486	6.1404	0.0000	2.7037	5.0787	0.0000	
0	22	0.6237	6	1	2	0	0	0	0	0	0	N	Y	N	N	N	N	N	N	N	N	N	N	1.4593	0.6144	6.4779	0.0000	0.0000	0.0000	1.2726	0.5515	5.0427	4.3237	1.6512	23.1272	0.0000	0.0000	0.0000	6.2558	2.4708	27.1512	2.9628	2.6876	3.5702	1.4954	1.8325	0.0004	4.9158	4.4800	5.3843	1.9906	0.6020	0.6714	-0.2198	9.0036	12.5677	34.3520	9.8718	2.9906	1.0000	1.9906	0.0000	0.0000	0.0000	2.9906	1.0000	1.9906	2.6615	1.6614	1.0001	0.7670	0.7669	0.0000	1.8945	0.8945	1.0001	0.6917	0.6056	0.0861	0.2136	0.2009	0.0128	0.4780	0.4047	0.0733	0.8983	0.6182	0.2801	0.5129	0.4185	0.0944	0.3854	0.1997	0.1857	1.4593	0.6144	6.4779	0.0000	0.0000	0.0000	1.2726	0.5515	5.0427	2.9628	2.6876	3.5702	1.4954	1.8325	0.0004	4.9158	4.4800	5.3843
0	23	0.2409	6	1	1	0	1	0	0	0	0	N	N	N	N	N	N	N	N	N	N	N	N	0.0000	0.0000	0.0000	0.0000	0.0000	0.0000	0.0000	0.0000	0.0000	0.0000	0.0000	0.0000	0.0000	0.0084	0.0149	0.0000	0.0571	0.0655	0.0000	0.0000	0.0000	0.0000	0.0000	0.0000	-0.0002	9.0036	0.9981	34.3520	0.0014	0.0000	0.0000	0.0000	0.0000	0.0000	0.0000	0.0000	0.0000	0.0000	0.0004	0.0004	0.0000	0.0004	0.0004	0.0000	0.0000	0.0000	0.0000	0.0559	0.0475	0.0084	0.0047	0.0043	0.0004	0.0512	0.0431	0.0081	0.0488	0.0275	0.0212	0.0072	0.0063	0.0009	0.0416	0.0213	0.0203	0.0000	0.0000	0.0000	0.0000	0.0000	0.0000	0.0000	0.0000	0.0000	0.0084	0.0149	0.0000	0.0571	0.0655	0.0000	0.0000	0.0000	0.0000						
0	24	0.1930	3	1	2	0	1	0	0	0	0	N	Y	N	N	N	N	N	N	N	N	N	N	0.0000	0.0000	0.0000	0.0000	0.0000	0.0000	0.0000	0.0000	0.0000	0.0000	0.0000	0.0000	0.0000	0.0000	0.0000	0.0000	0.0000	0.0000	3.3627	0.6056	10.6406	11.1935	1.3086	74.9631	1.6443	0.0112	3.2676	7.9703	0.0000	1.4295	9.0036	0.6341	34.3520	12.6218	0.0000	0.0000	0.0000	0.0000	0.0000	0.0000	0.0000	0.0000	0.0000	3.3234	0.3705	2.9529	2.2299	0.3668	1.8632	1.0934	0.0037	1.0897	0.0439	0.0382	0.0057	0.0049	0.0049	0.0001	0.0390	0.0333	0.0057	0.9883	0.6118	0.3765	0.3233	0.2803	0.0430	0.6650	0.3315	0.3335	0.0000	0.0000	0.0000	0.0000	0.0000	0.0000	0.0000	0.0000	0.0000	3.3627	0.6056	7.8430	6.8977	1.3086	43.3172	1.6443	0.0112	3.2676	
0	25	0.5635	5	1	2	0	0	0	0	0	0	N	Y	N	N	N	N	N	N	N	N	N	N	1.0254	0.0010	6.5142	0.0039	0.0017	0.0607	1.9534	0.0050	6.4949	1.3812	0.0011	11.5594	0.0063	0.0029	0.0701	1.9692	0.0002	13.2288	1.3470	1.1547	1.7745	1.6258	1.7210	1.1554	1.0081	0.0475	2.0368	1418.3892	0.6913	0.5467	-0.0838	9.0036	10.0221	34.3520	10.6811	0.9794	0.0007	0.9787	0.0013	0.0006	0.0008	0.9780	0.0001	0.9779	1.6882	0.9982	0.6901	1.1180	0.9843	0.1337	0.5702	0.0139	0.5563	0.7091	0.6244	0.0847	0.2124	0.2017	0.0107	0.4967	0.4227	0.0739	1.2533	0.8644	0.3889	0.6876	0.5719	0.1157	0.5656	0.2925	0.2731	1.0254	0.0010	6.5142	0.0039	0.0017	0.0607	1.9534	0.0050	6.4949	1.3470	1.1547	1.7745	1.6258	1.7210	1.1554	1.0081	0.0475	2.0368
0	26	0.2274	5	1	2	0	0	0	0	0	0	N	Y	N	N	N	N	N	N	N	N	N	N	2.5406	0.0000	334361.2464	0.0000	0.0000	0.0000	2.0528	0.0000	630206.6615	4.5282	0.0000	29.8211	0.0000	0.0000	0.0000	4.7974	0.0000	30.6440	1.7823	2.9504	0.0001	0.0765	0.0883	0.0005	2.3370	4.5038	0.0000	inf	0.0000	0.5581	-0.4627	9.0036	3.9997	34.3520	5.4032	0.9987	0.0000	0.9987	0.0000	0.0000	0.0000	0.9987	0.0000	0.9987	1.0094	1.0094	0.0000	0.0106	0.0106	0.0000	0.9988	0.9988	0.0000	0.2205	0.1871	0.0335	0.0124	0.0115	0.0009	0.2082	0.1756	0.0326	0.5663	0.3421	0.2242	0.1390	0.1204	0.0186	0.4274	0.2218	0.2056	2.5406	0.0000	334361.2464	0.0000	0.0000	0.0000	2.0528	0.0000	630206.6615	1.7823	2.9504	0.0001	0.0765	0.0883	0.0005	2.3370	4.5038	0.0000
0	27	0.5938	8	1	2	0	1	0	0	0	0	N	Y	N	N	N	N	N	N	N	N	N	N	69.3547	17.9121	158.3047	0.5882	47.1485	0.0482	898.1230	0.0000	2699.4623	3.7360	0.0152	25.8179	0.0602	0.0628	0.0293	4.7991	0.0000	29.4481	0.0539	0.0008	0.1631	0.1023	0.0013	0.6075	0.0053	0.0001	0.0109	286.8236	93.4985	0.5572	0.0201	9.0036	4.9655	34.3520	10.6561	1.0032	0.0035	0.9997	0.0036	0.0035	0.0001	0.9996	0.0000	0.9996	0.0379	0.0004	0.0375	0.0360	0.0004	0.0356	0.0019	0.0000	0.0019	0.2685	0.2298	0.0387	0.0602	0.0555	0.0048	0.2083	0.1743	0.0339	0.7034	0.4736	0.2299	0.3520	0.2933	0.0586	0.3515	0.1802	0.1712	69.3547	17.9121	158.3047	0.5882	47.1485	0.0482	898.1230	0.0000	2699.4623	0.0539	0.0008	0.1631	0.1023	0.0013	0.6075	0.0053	0.0001	0.0109
0	28	0.2460	7	1	2	0	1	0	0	0	0	N	Y	N	N	N	N	N	N	N	N	N	N	0.0000	0.0000	0.0000	0.0000	0.0000	0.0000	0.0000	0.0000	0.0000	0.0000	0.0000	0.0000	0.0000	0.0000	0.0000	0.0000	0.0000	0.0000	0.0000	0.0000	9.0036	0.0000	34.3520	0.0000	0.0000	0.0000	0.0000	0.0000	0.0000	0.0000	0.0000	0.0000	0.0000	0.0000	0.0000	0.0000	0.0000	0.0000	0.0000	0.0000	0.0000	0.0000	0.0000	0.0000	0.0000	0.0000	0.0000	0.0000	0.0000	0.0000	0.0000	0.0000	0.0000	0.0000	0.0000	0.0000	0.0000	0.0000	0.0000	0.0000	0.0000	0.0000	0.0000	0.0000	0.0000	0.0000	0.0000	0.0000	0.0000	0.0000	0.0000	0.0000	0.0000	0.0000	0.0000	0.0000	0.0000	0.0000											
0	29	0.2134	2	2	2	0	0	0	0	0	0	Y	Y	N	N	N	N	N	N	N	N	N	N	0.7819	7.3405	0.0100	0.2827	0.2806	0.0000	0.6417	187.8678	0.0093	0.8336	0.9755	0.0321	0.0708	0.0741	0.0000	1.0058	1.2112	0.0340	1.0661	0.1329	3.2278	0.2505	0.2640	0.1273	1.5675	0.0064	3.6720	0.0058	10.4856	-0.1058	0.6159	9.0036	3.9885	34.3520	8.5018	0.2430	0.2416	0.0014	0.0038	0.0038	0.0000	0.2392	0.2378	0.0014	1.3549	0.1180	1.2370	0.1212	0.1151	0.0061	1.2338	0.0029	1.2309	0.2916	0.2477	0.0439	0.0537	0.0513	0.0024	0.2378	0.1964	0.0415	1.2709	0.8877	0.3832	0.4838	0.4358	0.0480	0.7871	0.4519	0.3352	0.7819	7.3405	0.0100	0.2827	0.2806	0.0000	0.6417	187.8678	0.0093	1.0661	0.1329	3.2278	0.2505	0.2640	0.1273	1.5675	0.0064	3.6720
0	30	0.2043	4	1	2	0	0	0	0	0	0	N	Y	N	N	N	N	N	N	N	N	N	N	0.0630	0.1355	0.0000	0.0000	0.0000	0.0000	0.0983	37910.7402	0.0000	0.0053	0.0060	0.0000	0.0000	0.0000	0.0000	0.0085	0.0103	0.0000	0.0839	0.0441	0.1767	0.0806	0.0830	0.0318	0.0861	0.0000	0.1860	0.0000	1.7240	-0.0004	0.0100	9.0036	0.9701	34.3520	4.0208	0.0009	0.0009	0.0000	0.0000	0.0000	0.0000	0.0009	0.0009	0.0000	0.0570	0.0209	0.0361	0.0213	0.0209	0.0004	0.0357	0.0000	0.0357	0.1741	0.1541	0.0200	0.0654	0.0644	0.0010	0.1087	0.0897	0.0191	0.6795	0.4752	0.2043	0.2647	0.2524	0.0124	0.4148	0.2228	0.1919	0.0630	0.1355	0.0000	0.0000	0.0000	0.0000	0.0983	37910.7402	0.0000	0.0839	0.0441	0.1767	0.0806	0.0830	0.0318	0.0861	0.0000	0.1860
0	31	0.1789	2	1	1	0	1	0	0	0	0	N	N	N	N	N	N	N	N	N	N	N	N	1.7757	16.1507	0.0000	0.0038	0.0037	0.0000	1.3842	33.5001	0.0000	3.6165	4.2803	0.0000	0.0016	0.0017	0.0000	3.7008	4.3903	0.0000	2.0367	0.2650	4.7585	0.4180	0.4655	0.1280	2.6736	0.1311	5.2774	0.0000	11.6875	-0.4411	1.2869	9.0036	5.0045	34.3520	16.6627	0.9999	0.9999	0.0000	0.0000	0.0000	0.0000	0.9999	0.9999	0.0000	2.7806	0.2192	2.5615	0.1611	0.1542	0.0069	2.6195	0.0650	2.5545	0.2765	0.2336	0.0429	0.0063	0.0059	0.0004	0.2702	0.2278	0.0424	1.3653	0.8270	0.5383	0.3855	0.3312	0.0542	0.9798	0.4957	0.4841	1.7757	16.1507	0.0000	0.0038	0.0037	0.0000	1.3842	33.5001	0.0000	2.0367	0.2650	4.7585	0.4180	0.4655	0.1280	2.6736	0.1311	5.2774
0	32	0.7211	8	2	1	1	0	0	0	0	0	Y	N	N	N	N	N	N	N	N	N	N	N	0.0000	0.0000	0.0000	0.0000	0.0000	0.0000	0.0000	0.0000	0.0000	0.0000	0.0000	0.0000	0.0000	0.0000	0.0000	0.0000	0.0000	0.0031	0.0044	0.0000	0.0053	0.0065	0.0000	0.0000	0.0000	0.0000	0.0000	0.0000	-0.0001	9.0036	1.4893	34.3520	0.0050	0.0000	0.0000	0.0000	0.0000	0.0000	0.0000	0.0000	0.0000	0.0000	0.0002	0.0002	0.0000	0.0002	0.0002	0.0000	0.0000	0.0000	0.0000	0.0705	0.0603	0.0102	0.0157	0.0147	0.0010	0.0548	0.0456	0.0092	0.0615	0.0423	0.0192	0.0353	0.0290	0.0063	0.0261	0.0133	0.0128	0.0000	0.0000	0.0000	0.0000	0.0000	0.0000	0.0000	0.0000	0.0000	0.0031	0.0044	0.0000	0.0053	0.0065	0.0000	0.0000	0.0000	0.0000		
0	33	0.2044	4	2	1	1	0	0	0	0	0	Y	N	N	N	N	N	N	N	N	N	N	N	871.3063	633.4513	0.0000	1.9413	1.8840	538016.3772	172728491.1591	0.0000	16.5986	19.4945	0.0000	0.1894	0.1980	0.0000	17.9265	21.2672	0.0000	0.0191	0.0308	0.0001	0.0976	0.1051	0.0000	0.0000	0.0000	0.0001	0.0000	0.0014	-0.4337	-0.0033	9.0036	0.9855	34.3520	5.0251	0.9831	0.9831	0.0000	0.0008	0.0008	0.0000	0.9823	0.9823	0.0000	0.0071	0.0071	0.0000	0.0071	0.0071	0.0000	0.0000	0.0000	0.0000	0.0592	0.0504	0.0088	0.0044	0.0042	0.0002	0.0548	0.0462	0.0086	0.3735	0.2309	0.1426	0.0728	0.0676	0.0052	0.3007	0.1632	0.1374	871.3063	633.4513	0.0000	1.9413	1.8840	0.0000	538016.3772	172728491.1591	0.0000	0.0191	0.0308	0.0001	0.0976	0.1051	0.0000	0.0000	0.0000	0.0001	
0	34	0.1772	4	1	2	0	0	0	0	0	0	N	Y	N	N	N	N	N	N	N	N	N	N	0.0000	0.0000	0.0000	0.0000	0.0000	0.0000	0.0000	0.0000	0.0000	0.0000	0.0000	0.0000	0.0000	0.0036	0.0059	0.0000	0.0169	0.0191	0.0000	0.0000	0.0000	0.0000	0.0000	0.0000	-0.0006	9.0036	2.0026	34.3520	4.0175	0.0000	0.0000	0.0000	0.0000	0.0000	0.0000	0.0000	0.0000	0.0000	0.0014	0.0014	0.0000	0.0014	0.0014	0.0000	0.0000	0.0000	0.0000	0.1463	0.1224	0.0240	0.0245	0.0238	0.0007	0.1219	0.0986	0.0233	0.3918	0.2380	0.1538	0.0837	0.0741	0.0096	0.3081	0.1638	0.1443	0.0000	0.0000	0.0000	0.0000	0.0000	0.0000	0.0000	0.0000	0.0000	0.0036	0.0059	0.0000	0.0169	0.0191	0.0000	0.0000	0.0000	0.0000						
0	35	0.1772	3	1	1	0	0	0	0	0	0	N	N	N	N	N	N	N	N	N	N	N	N	0.0015	0.0007	0.0111	0.0013	0.0014	0.0000	0.0020	0.0000	0.0808	0.0014	0.0009	0.0039	0.0022	0.0022	0.0000	0.0011	0.0000	0.0039	0.9275	1.2362	0.3484	1.7574	1.5838	3.3992	0.5278	0.9509	0.0487	1.0009	0.1502	0.0000	-0.0582	9.0036	0.4148	34.3520	1.5497	0.0001	0.0000	0.0000	0.0000	0.0000	0.0000	0.0000	0.0000	0.0000	0.1777	0.1545	0.0232	0.1095	0.0892	0.0202	0.0682	0.0653	0.0030	0.0571	0.0466	0.0105	0.0184	0.0183	0.0001	0.0387	0.0284	0.0104	0.1916	0.1250	0.0666	0.0623	0.0563	0.0060	0.1293	0.0686	0.0606	0.0015	0.0007	0.0111	0.0013	0.0014	0.0000	0.0020	0.0000	0.0808	0.9275	1.2362	0.3484	1.7574	1.5838	3.3992	0.5278	0.9509	0.0487
0	37	0.1934	3	2	2	0	0	0	0	0	0	Y	Y	N	N	N	N	N	N	N	N	N	N	2.4776	1.4244	11.7060	4.1614	3.8742	2.7270	1.3779	10.9011	7.8248	6.1507	17.1739	57.4328	62.0242	0.0000	5.4647	3.2358	17.5627	3.1583	4.3182	1.4671	13.8013	16.0095	0.0000	2.0039	2.3483	1.6111	0.5000	0.2330	-0.3233	-1.4255	9.0036	6.9981	34.3520	25.9787	3.0000	2.0000	1.0000	1.0000	1.0000	0.0000	2.0000	1.0000	1.0000	5.2915	4.2915	1.0000	2.6290	2.6290	0.0000	2.6625	1.6625	1.0000	0.3834	0.3252	0.0582	0.0174	0.0161	0.0013	0.3660	0.3090	0.0569	1.6754	0.9938	0.6816	0.3468	0.2859	0.0609	1.3286	0.7080	0.6207	2.4776	1.4244	11.7060	7.5759	6.7444	0.0000	2.7270	1.3779	10.9011	3.1583	4.3182	1.4671	7.5809	9.1964	0.0000	2.0039	2.3483	1.6111	
0	38	0.1772	3	1	2	0	0	0	0	0	0	N	Y	N	N	N	N	N	N	N	N	N	N	0.0001	0.0001	0.0000	0.0001	0.0527	0.0000	0.0000	0.0000	0.0000	0.0001	0.0002	0.0000	0.0012	0.0013	0.0000	0.0000	0.0000	0.0000	2.4436	2.1128	2.9108	12.0461	0.0237	109.2608	1.5675	2.7486	0.2206	0.0000	0.9754	-0.0000	0.0701	9.0036	4.7553	34.3520	10.1994	0.0000	0.0000	0.0000	0.0000	0.0000	0.0000	0.0000	0.0000	0.0000	1.9803	1.0025	0.9778	0.9101	0.0026	0.9075	1.0702	0.9999	0.0704	0.2978	0.2510	0.0467	0.0346	0.0330	0.0016	0.2632	0.2181	0.0451	0.8104	0.4745	0.3359	0.1277	0.1107	0.0169	0.6828	0.3638	0.3190	0.0001	0.0001	0.0000	0.0002	0.0527	0.0000	0.0000	0.0000	0.0000	2.4436	2.1128	2.9108	7.1294	0.0237	53.5631	1.5675	2.7486	0.2206
0	40	0.1934	3	1	2	0	0	0	0	0	0	N	Y	N	N	N	N	N	N	N	N	N	N	4.6695	4.1101	10.3406	0.0000	0.0000	3.8586	3.0593	9.6156	5.2138	3.0737	17.1648	0.0000	0.0000	0.0000	5.4618	3.2341	17.5534	1.1166	0.7478	1.6599	0.0047	0.0056	0.0000	1.4155	1.0571	1.8255	1.0000	1.5061	0.1178	0.2373	9.0036	7.0019	34.3520	21.4344	2.0000	1.0000	1.0000	0.0000	0.0000	0.0000	2.0000	1.0000	1.0000	1.6640	0.6640	1.0000	0.0015	0.0015	0.0000	1.6625	0.6625	1.0000	0.3836	0.3253	0.0583	0.0174	0.0161	0.0013	0.3662	0.3092	0.0570	1.4903	0.8878	0.6024	0.3158	0.2611	0.0546	1.1745	0.6267	0.5478	4.6695	4.1101	10.3406	0.0000	0.0000	0.0000	3.8586	3.0593	9.6156	1.1166	0.7478	1.6599	0.0047	0.0056	0.0000	1.4155	1.0571	1.8255	
0	41	0.6237	6	1	2	0	0	0	0	0	0	N	Y	N	N	N	N	N	N	N	N	N	N	5.3672	0.0309	14.3010	0.9127	0.8325	0.0000	3.4226	0.0000	11.0714	1.9213	0.0006	15.9113	0.0015	0.0016	0.0000	2.8916	0.0000	18.7009	0.3580	0.0185	1.1126	0.0016	0.0019	0.0005	0.8449	0.0545	1.6891	3810.8462	26.9961	0.5536	0.1415	9.0036	8.1446	34.3520	10.2519	0.9911	0.0003	0.9908	0.0003	0.0003	0.0000	0.9908	0.0000	0.9908	0.2797	0.0100	0.2697	0.0007	0.0007	0.0000	0.2790	0.0093	0.2697	0.5158	0.4536	0.0623	0.1732	0.1639	0.0093	0.3427	0.2897	0.0530	0.7815	0.5390	0.2424	0.4512	0.3685	0.0828	0.3302	0.1706	0.1597	5.3672	0.0309	14.3010	0.9127	0.8325	0.0000	3.4226	0.0000	11.0714	0.3580	0.0185	1.1126	0.0016	0.0019	0.0005	0.8449	0.0545	1.6891
0	42	0.1934	3	1	2	0	0	0	0	0	0	N	Y	N	N	N	N	N	N	N	N	N	N	2.4181	0.0000	inf	0.0000	0.0000	2.4823	0.0000	inf	3.0293	0.0000	19.9160	0.0000	0.0000	0.0000	3.1734	0.0000	20.3667	1.2527	2.0636	0.0000	1.1674	1.3949	0.0000	1.2784	2.3773	0.0000	inf	0.0000	0.5589	-0.5849	9.0036	5.9981	34.3520	11.5875	1.0000	0.0000	1.0000	0.0000	0.0000	0.0000	1.0000	0.0000	1.0000	1.2760	1.2760	0.0000	0.2754	0.2754	0.0000	1.0006	1.0006	0.0000	0.3301	0.2799	0.0502	0.0150	0.0139	0.0011	0.3151	0.2660	0.0491	1.0186	0.6183	0.4002	0.2359	0.1974	0.0385	0.7827	0.4209	0.3618	2.4181	0.0000	inf	0.0000	0.0000	0.0000	2.4823	0.0000	inf	1.2527	2.0636	0.0000	1.1674	1.3949	0.0000	1.2784	2.3773	0.0000	
0	43	0.2771	3	1	2	1	1	0	0	0	0	N	Y	N	N	N	N	N	N	N	N	N	N	0.0000	0.0000	0.0000	0.0000	0.0000	0.0000	0.0000	0.0000	0.0000	0.0000	0.0000	0.0000	0.0000	0.0000	0.0000	0.0000	0.0000	0.0000	0.2650	0.3428	0.0605	0.5410	0.5883	0.0785	0.0265	0.0030	0.0572	0.0672	0.0000	-0.0308	9.0036	1.0007	34.3520	2.4334	0.0000	0.0000	0.0000	0.0000	0.0000	0.0000	0.0000	0.0000	0.0000	0.0779	0.0730	0.0049	0.0737	0.0727	0.0010	0.0042	0.0003	0.0039	0.0550	0.0466	0.0084	0.0043	0.0040	0.0003	0.0507	0.0426	0.0081	0.2938	0.2128	0.0810	0.1362	0.1236	0.0126	0.1576	0.0892	0.0684	0.0000	0.0000	0.0000	0.0000	0.0000	0.0000	0.0000	0.0000	0.0000	0.2650	0.3428	0.0605	0.5410	0.5883	0.0785	0.0265	0.0030	0.0572	
0	44	0.2399	2	1	1	0	1	0	0	0	0	N	N	N	N	N	N	N	N	N	N	N	N	0.0330	0.0088	0.0789	0.0844	0.0290	0.5808	0.0214	0.0338	0.0636	0.0593	0.0031	0.3771	0.0629	0.0160	1.0804	0.0589	0.0013	0.3545	1.7983	0.3483	4.7800	0.7455	0.5529	1.8600	2.7507	0.0389	5.5745	21.6884	6.6739	0.0019	0.9996	9.0036	1.0391	34.3520	15.0482	0.0036	0.0002	0.0035	0.0004	0.0001	0.0003	0.0032	0.0001	0.0032	2.4303	0.3167	2.1136	0.4785	0.3026	0.1759	1.9518	0.0141	1.9377	0.0612	0.0520	0.0092	0.0065	0.0062	0.0003	0.0547	0.0457	0.0089	1.3515	0.9093	0.4422	0.6419	0.5473	0.0946	0.7096	0.3620	0.3476	0.0330	0.0088	0.0789	0.0844	0.0290	0.5808	0.0214	0.0338	0.0636	1.7983	0.3483	4.7800	0.7455	0.5529	1.8600	2.7507	0.0389	5.5745
0	46	0.6008	9	2	2	0	0	0	0	0	0	Y	Y	N	N	N	N	N	N	N	N	N	N	29755.3754	inf	0.0000	inf	inf	0.0000	0.0000	9.1319	10.6104	0.0000	36.9846	40.2422	0.0000	0.0000	0.0000	0.0000	0.0003	0.0000	0.0009	0.0000	0.0000	0.0000	0.0006	0.0000	0.0012	0.0000	inf	-0.4407	0.0000	9.0036	2.0120	34.3520	1.9924	0.9992	0.9992	0.0000	0.9992	0.9992	0.0000	0.0000	0.0000	0.0000	0.0001	0.0000	0.0001	0.0000	0.0000	0.0000	0.0001	0.0000	0.0001	0.1094	0.0942	0.0152	0.0270	0.0248	0.0022	0.0824	0.0693	0.0131	0.1629	0.1078	0.0551	0.0783	0.0647	0.0136	0.0846	0.0432	0.0414	29755.3754	inf	0.0000	inf	inf	0.0000	0.0000	0.0000	0.0000	0.0003	0.0000	0.0009	0.0000	0.0000	0.0000	0.0006	0.0000	0.0012		
0	47	0.2240	7	2	2	0	0	0	0	0	0	Y	Y	N	N	N	N	N	N	N	N	N	N	0.0000	0.0000	0.0000	0.0000	0.0000	0.0000	0.0000	0.0000	0.0000	0.0000	0.0000	0.0000	0.0000	0.0000	0.0000	0.0000	0.0000	0.0000	0.0000	0.0000	9.0036	0.0002	34.3520	4.0036	0.0000	0.0000	0.0000	0.0000	0.0000	0.0000	0.0000	0.0000	0.0000	0.0000	0.0000	0.0000	0.0000	0.0000	0.0000	0.0000	0.0000	0.0000	0.0000	0.0000	0.0000	0.0000	0.0000	0.0000	0.0000	0.0000	0.0000	0.2004	0.1126	0.0879	0.0257	0.0225	0.0032	0.1747	0.0900	0.0847	0.0000	0.0000	0.0000	0.0000	0.0000	0.0000	0.0000	0.0000	0.0000	0.0000	0.0000	0.0000	0.0000	0.0000	0.0000	0.0000	0.0000	0.0000											
0	50	0.2090	2	1	1	1	0	0	0	0	0	N	N	N	N	N	N	N	N	N	N	N	N	0.7869	0.7496	1.6276	1.7469	1.9782	0.0011	0.7779	1.2238	1.7235	1.3066	0.8203	4.2476	3.9563	4.1356	0.0038	1.0997	0.5292	4.3438	1.6603	1.0943	2.6098	2.2648	2.0906	3.3644	1.4137	0.4324	2.5203	0.8562	1.4215	0.0437	0.8107	9.0036	31.2093	34.3520	46.3939	2.1671	1.1675	0.9996	0.4751	0.4751	0.0000	1.6920	0.6924	0.9996	6.3012	2.6022	3.6990	2.4903	1.9845	0.5058	3.8109	0.6177	3.1932	1.6586	1.4233	0.2353	0.1201	0.1149	0.0052	1.5385	1.3084	0.2301	3.7952	2.3779	1.4173	1.0996	0.9492	0.1503	2.6957	1.4287	1.2670	0.7869	0.7496	1.6276	1.7469	1.9782	0.0011	0.7779	1.2238	1.7235	1.6603	1.0943	2.6098	2.2648	2.0906	3.3644	1.4137	0.4324	2.5203
0	51	0.1562	2	1	2	0	0	0	0	0	0	N	Y	N	N	N	N	N	N	N	N	N	N	1.1826	2.7613	0.0000	0.0024	0.0030	0.0000	0.9839	2.3871	0.0000	4.3069	5.0815	0.0000	0.0040	0.0041	0.0000	4.4523	5.2761	0.0000	3.6421	1.8403	7.8289	1.6567	1.3633	4.4766	4.5249	2.2102	7.0249	0.0000	2.1010	-0.4410	1.2474	9.0036	4.1516	34.3520	14.5664	0.9998	0.9997	0.0000	0.0000	0.0000	0.0000	0.9997	0.9997	0.0000	5.6920	1.8356	3.8564	0.7969	0.5940	0.2029	4.8950	1.2415	3.6535	0.2321	0.1967	0.0354	0.0076	0.0073	0.0003	0.2245	0.1895	0.0351	1.5628	0.9974	0.5654	0.4810	0.4357	0.0453	1.0818	0.5617	0.5201	1.1826	2.7613	0.0000	0.0024	0.0030	0.0000	0.9839	2.3871	0.0000	3.6421	1.8403	6.8206	1.6567	1.3633	4.4766	4.5249	2.2102	7.0249
0	52	0.2367	4	2	1	1	0	0	0	0	0	Y	N	N	N	N	N	N	N	N	N	N	N	0.0001	0.0000	0.0002	0.0000	0.0000	0.0000	0.0002	0.0000	0.0002	0.0023	0.0000	0.0208	0.0000	0.0000	0.0000	0.0037	0.0000	0.0210	23.4223	0.0175	110.0277	0.0305	0.0323	0.0171	20.3783	0.0072	105.1612	inf	1227.2373	0.0000	0.4926	9.0036	0.0028	34.3520	0.9232	0.0000	0.0000	0.0000	0.0000	0.0000	0.0000	0.0000	0.0000	0.0000	0.9108	0.0007	0.9100	0.0006	0.0006	0.0000	0.9102	0.0002	0.9100	0.0006	0.0005	0.0001	0.0002	0.0002	0.0000	0.0004	0.0003	0.0001	0.0651	0.0423	0.0228	0.0198	0.0174	0.0023	0.0454	0.0248	0.0205	0.0002	0.0000	0.0005	0.0000	0.0000	0.0000	0.0002	0.0000	0.0005	13.9812	0.0175	39.8304	0.0305	0.0323	0.0171	20.0690	0.0072	44.3759
0	53	0.6160	8	1	2	0	0	0	0	0	0	N	Y	N	N	N	N	N	N	N	N	N	N	1.2851	1.6473	0.0000	1.6238	1.5304	0.0000	1.1103	2.4186	0.0000	2.4174	2.7813	0.0000	2.8323	2.9790	0.0000	2.2835	2.7093	0.0000	1.8811	1.6884	2.2898	1.7442	1.9465	0.7455	2.0566	1.1202	2.9374	0.0000	0.6392	-0.5803	-0.2113	9.0036	8.5400	34.3520	19.3759	1.3156	1.3156	0.0000	0.3760	0.3760	0.0000	0.9396	0.9396	0.0000	3.0882	1.8839	1.2043	1.6094	1.4935	0.1159	1.4788	0.3904	1.0884	0.5442	0.4730	0.0712	0.1327	0.1262	0.0065	0.4115	0.3468	0.0647	1.6417	1.1158	0.5259	0.9227	0.7673	0.1554	0.7191	0.3485	0.3705	1.2851	1.6473	0.0000	1.6238	1.5304	0.0000	1.1103	2.4186	0.0000	1.8811	1.6884	2.2898	1.7442	1.9465	0.7455	2.0566	1.1202	2.9374
0	54	0.5530	7	1	1	0	0	0	0	0	0	N	N	N	N	N	N	N	N	N	N	N	N	1.1845	1.4122	1.1349	0.8518	0.9012	0.0003	1.2817	2.5004	1.1294	2.7165	2.5676	3.7440	1.9386	2.0230	0.0008	2.9622	2.7623	4.0658	2.2933	1.8181	3.2990	2.2758	2.2448	2.4350	2.3112	1.1048	3.5999	0.2113	0.8571	-0.3609	0.0137	9.0036	7.3474	34.3520	24.2346	1.3534	1.1173	0.2361	0.2319	0.2319	0.0000	1.1215	0.8854	0.2361	4.3402	2.3371	2.0032	2.1875	1.8056	0.3819	2.1527	0.5314	1.6213	0.4982	0.4352	0.0631	0.1196	0.1146	0.0050	0.3786	0.3205	0.0581	1.8926	1.2854	0.6072	0.9612	0.8044	0.1568	0.9314	0.4810	0.4504	1.1845	1.4122	1.1349	0.8518	0.9012	0.0003	1.2817	2.5004	1.1294	2.2933	1.8181	3.2990	2.2758	2.2448	2.4350	2.3112	1.1048	3.5999
0	55	0.5232	6	1	1	0	0	0	0	0	0	N	N	N	N	N	N	N	N	N	N	N	N	1.4777	0.9750	4.3469	1.6737	1.7662	0.0000	1.2149	0.6183	4.0505	2.4885	1.2514	11.4247	2.0570	2.1242	0.0000	2.6481	0.8816	12.2873	1.6840	1.2835	2.6282	1.2290	1.2026	1.3896	2.1797	1.4259	3.0335	1.2639	0.8687	0.0772	0.0175	9.0036	3.4216	34.3520	15.9376	0.6591	0.2911	0.3680	0.1471	0.1471	0.0000	0.5121	0.1441	0.3680	2.6900	1.4395	1.2505	1.0235	0.8605	0.1630	1.6665	0.5790	1.0875	0.2649	0.2327	0.0322	0.0715	0.0692	0.0023	0.1934	0.1634	0.0299	1.5973	1.1216	0.4758	0.8328	0.7155	0.1173	0.7645	0.4061	0.3585	1.4777	0.9750	4.3469	1.6737	1.7662	0.0000	1.2149	0.6183	4.0505	1.6840	1.2835	2.6282	1.2290	1.2026	1.3896	2.1797	1.4259	3.0335
0	56	0.2399	2	1	2	0	0	0	0	0	0	N	Y	N	N	N	N	N	N	N	N	N	N	0.0301	0.0011	1.1335	0.0381	0.0084	6.8776	0.0262	0.0003	0.9431	0.0621	0.0032	0.3949	0.0650	0.0166	1.1328	0.0618	0.0014	0.3712	2.0648	2.9441	0.3484	1.7050	1.9774	0.1647	2.3534	4.2360	0.3936	21.6886	0.0606	0.0019	-1.2881	9.0036	0.9891	34.3520	20.6926	0.0036	0.0002	0.0035	0.0004	0.0001	0.0003	0.0032	0.0001	0.0032	3.2104	3.0269	0.1835	1.1801	1.1629	0.0171	2.0304	1.8640	0.1664	0.0585	0.0497	0.0088	0.0063	0.0060	0.0003	0.0521	0.0436	0.0085	1.5549	1.0281	0.5267	0.6921	0.5881	0.1040	0.8627	0.4400	0.4227	0.0301	0.0011	1.1335	0.0381	0.0084	6.8776	0.0262	0.0003	0.9431	2.0648	2.9441	0.3484	1.7050	1.9774	0.1647	2.3534	4.2360	0.3936
0	59	0.5036	6	1	2	0	1	0	0	0	0	N	Y	N	N	N	N	N	N	N	N	N	N	3.7631	1.5681	150.0919	0.0004	0.0004	0.0000	4.2879	1.4571	117.6918	2.6709	1.5448	10.5440	0.0002	0.0002	0.0000	3.8013	2.2849	11.8695	0.7097	0.9851	0.0703	0.5661	0.6802	0.0015	0.8865	1.5682	0.1009	0.9763	0.0307	0.1045	-0.7928	9.0036	10.4254	34.3520	21.2017	1.9760	0.9999	0.9761	0.0000	0.0000	0.0000	1.9760	0.9998	0.9761	1.8499	1.7948	0.0551	0.8141	0.8138	0.0004	1.0358	0.9811	0.0547	0.7399	0.6473	0.0926	0.2200	0.2097	0.0103	0.5198	0.4376	0.0822	2.6065	1.8219	0.7845	1.4381	1.1963	0.2418	1.1684	0.6256	0.5428	3.7631	1.5681	150.0919	0.0004	0.0004	0.0000	4.2879	1.4571	117.6918	0.7097	0.9851	0.0703	0.5661	0.6802	0.0015	0.8865	1.5682	0.1009
0	60	0.2367	4	2	1	1	0	0	0	0	0	Y	N	N	N	N	N	N	N	N	N	N	N	0.0000	0.0000	0.0419	0.0000	0.0000	0.0068	0.0000	0.0380	0.0000	0.0000	0.0001	0.0000	0.0000	0.0000	0.0000	0.0000	0.0001	0.3302	0.5476	0.0019	1.3204	1.6132	0.0000	0.0019	0.0016	0.0022	inf	0.0023	0.0000	-0.0416	9.0036	1.9981	34.3520	3.0867	0.0000	0.0000	0.0000	0.0000	0.0000	0.0000	0.0000	0.0000	0.0000	0.0912	0.0909	0.0002	0.0908	0.0908	0.0000	0.0004	0.0002	0.0002	0.1115	0.0944	0.0171	0.0046	0.0042	0.0004	0.1069	0.0901	0.0167	0.2760	0.1661	0.1099	0.0687	0.0563	0.0125	0.2073	0.1098	0.0975	0.0000	0.0000	0.0419	0.0000	0.0000	0.0000	0.0068	0.0000	0.0380	0.3302	0.5476	0.0019	1.3204	1.6132	0.0000	0.0019	0.0016	0.0022	
0	61	0.1934	3	2	1	1	0	0	0	0	0	Y	N	N	N	N	N	N	N	N	N	N	N	0.0071	0.0000	0.0399	0.0000	0.0000	0.0078	0.0000	0.0369	0.0162	0.0000	0.1061	0.0000	0.0000	0.0000	0.0170	0.0000	0.1085	2.2875	2.0459	2.6596	2.6226	3.1359	0.0000	2.1873	1.5384	2.9413	inf	0.8442	0.0020	-0.0014	9.0036	4.0039	34.3520	14.0733	0.0036	0.0000	0.0036	0.0000	0.0000	0.0000	0.0036	0.0000	0.0036	2.3811	1.2911	1.0900	0.6287	0.6287	0.0000	1.7524	0.6624	1.0900	0.2224	0.1885	0.0339	0.0101	0.0094	0.0008	0.2123	0.1791	0.0332	1.0409	0.6311	0.4098	0.2397	0.2005	0.0392	0.8012	0.4306	0.3706	0.0071	0.0000	0.0399	0.0000	0.0000	0.0000	0.0078	0.0000	0.0369	2.2875	2.0459	2.6596	2.6226	3.1359	0.0000	2.1873	1.5384	2.9413	
0	62	0.2128	4	2	1	1	0	0	0	0	0	Y	N	N	N	N	N	N	N	N	N	N	N	0.6956	0.0000	9.7310	0.0089	0.0000	4329.9824	1.3631	0.0000	8.8722	3.6675	0.0000	26.8886	0.0487	0.0000	9.7700	6.1339	0.0000	27.1462	5.2727	7.1885	2.7632	5.5037	7.1562	0.0023	4.4999	5.9003	3.0597	inf	0.3368	0.0031	-0.8277	9.0036	0.0060	34.3520	17.2393	0.0056	0.0000	0.0056	0.0000	0.0000	0.0000	0.0055	0.0000	0.0055	4.0097	2.9994	1.0102	0.9961	0.9960	0.0001	3.0135	2.0034	1.0101	0.0015	0.0013	0.0002	0.0006	0.0006	0.0000	0.0009	0.0007	0.0002	0.8697	0.5041	0.3656	0.2000	0.1646	0.0355	0.6697	0.3395	0.3301	0.7955	0.0000	9.7310	0.0098	0.0000	4329.9824	1.3631	0.0000	8.8722	4.6104	5.9501	2.7632	4.9804	6.0529	0.0023	4.4999	5.9003	3.0597
0	63	0.1562	2	1	1	1	0	0	0	0	0	N	N	N	N	N	N	N	N	N	N	N	N	0.0104	0.0222	0.0000	0.1190	0.1939	0.0000	0.0037	0.0078	0.0000	0.0188	0.0219	0.0001	0.1505	0.1535	0.0000	0.0078	0.0092	0.0001	1.8101	0.9896	3.3762	1.2649	0.7914	6.0824	2.1026	1.1759	3.1056	0.0004	1.7875	-0.0005	0.4396	9.0036	1.0230	34.3520	12.1924	0.0012	0.0012	0.0000	0.0007	0.0007	0.0000	0.0005	0.0005	0.0000	2.4036	0.8623	1.5413	0.5866	0.3341	0.2524	1.8170	0.5282	1.2889	0.0640	0.0547	0.0093	0.0049	0.0048	0.0001	0.0590	0.0499	0.0092	1.3279	0.8714	0.4565	0.4637	0.4222	0.0415	0.8642	0.4492	0.4150	0.0104	0.0222	0.0000	0.1190	0.1939	0.0000	0.0037	0.0078	0.0000	1.8101	0.9896	3.3762	1.2649	0.7914	6.0824	2.1026	1.1759	3.1056
0	65	0.2418	3	1	2	0	0	0	0	0	0	N	Y	N	N	N	N	N	N	N	N	N	N	0.0544	0.0002	2.8570	0.0041	0.0000	2.2143	0.9177	0.0611	2.9142	0.0328	0.0002	0.2419	0.0073	0.0000	0.2077	0.0373	0.0002	0.2433	0.6033	0.8820	0.0847	1.7556	1.9889	0.0938	0.0406	0.0041	0.0835	182.5000	0.0516	0.0020	-0.2077	9.0036	1.7555	34.3520	11.9300	0.0037	0.0000	0.0037	0.0001	0.0000	0.0001	0.0036	0.0000	0.0035	0.5076	0.4827	0.0249	0.4846	0.4814	0.0032	0.0230	0.0012	0.0217	0.1118	0.0967	0.0151	0.0165	0.0159	0.0006	0.0953	0.0808	0.0145	0.8413	0.5472	0.2941	0.2760	0.2421	0.0340	0.5653	0.3052	0.2601	0.0544	0.0002	2.8570	0.0041	0.0000	2.2143	0.9177	0.0611	2.9142	0.6033	0.8820	0.0847	1.7556	1.9889	0.0938	0.0406	0.0041	0.0835
0	66	0.2208	5	2	2	1	0	0	0	0	0	Y	Y	N	N	N	N	N	N	N	N	N	N	0.0000	0.0000	0.0000	0.0000	0.0000	0.0000	0.0000	0.0000	0.0000	0.0000	0.0000	0.0000	0.0000	0.0000	0.0000	0.0000	0.0000	0.0000	0.0000	0.0000	9.0036	0.0000	34.3520	0.0000	0.0000	0.0000	0.0000	0.0000	0.0000	0.0000	0.0000	0.0000	0.0000	0.0000	0.0000	0.0000	0.0000	0.0000	0.0000	0.0000	0.0000	0.0000	0.0000	0.0000	0.0000	0.0000	0.0000	0.0000	0.0000	0.0000	0.0000	0.0000	0.0000	0.0000	0.0000	0.0000	0.0000	0.0000	0.0000	0.0000	0.0000	0.0000	0.0000	0.0000	0.0000	0.0000	0.0000	0.0000	0.0000	0.0000	0.0000	0.0000	0.0000	0.0000	0.0000	0.0000	0.0000	0.0000											
0	67	0.7253	8	2	2	1	0	0	0	0	0	Y	Y	N	N	N	N	N	N	N	N	N	N	0.0000	0.0000	0.0000	0.0000	0.0000	0.0000	0.0000	0.0000	0.0000	0.0000	0.0000	0.0000	0.0000	0.0000	0.0000	0.0000	0.0000	0.0000	0.0000	0.0000	9.0036	1.0000	34.3520	3.0000	0.0000	0.0000	0.0000	0.0000	0.0000	0.0000	0.0000	0.0000	0.0000	0.0000	0.0000	0.0000	0.0000	0.0000	0.0000	0.0000	0.0000	0.0000	0.0442	0.0382	0.0060	0.0096	0.0089	0.0007	0.0347	0.0294	0.0053	0.1602	0.1103	0.0499	0.0909	0.0747	0.0161	0.0693	0.0355	0.0338	0.0000	0.0000	0.0000	0.0000	0.0000	0.0000	0.0000	0.0000	0.0000	0.0000	0.0000	0.0000	0.0000	0.0000	0.0000	0.0000	0.0000	0.0000											
0	68	0.2208	5	2	2	1	0	0	0	0	0	Y	Y	N	N	N	N	N	N	N	N	N	N	0.0000	0.0000	0.0000	0.0000	0.0000	0.0000	0.0000	0.0000	0.0000	0.0000	0.0000	0.0000	0.0000	0.0000	0.0000	0.0000	0.0000	0.0000	0.0000	0.0000	9.0036	1.0000	34.3520	0.0000	0.0000	0.0000	0.0000	0.0000	0.0000	0.0000	0.0000	0.0000	0.0000	0.0000	0.0000	0.0000	0.0000	0.0000	0.0000	0.0000	0.0000	0.0000	0.0563	0.0476	0.0086	0.0027	0.0025	0.0002	0.0535	0.0451	0.0084	0.0521	0.0297	0.0224	0.0097	0.0083	0.0014	0.0424	0.0214	0.0210	0.0000	0.0000	0.0000	0.0000	0.0000	0.0000	0.0000	0.0000	0.0000	0.0000	0.0000	0.0000	0.0000	0.0000	0.0000	0.0000	0.0000	0.0000											
0	69	0.2044	4	2	2	1	0	0	0	0	0	Y	Y	N	N	N	N	N	N	N	N	N	N	0.0536	0.0329	0.0000	1219.1932	1178.8316	0.0000	0.0000	0.0000	0.2906	0.3414	0.0000	3.9244	4.1035	0.0000	0.0000	0.0000	0.0000	5.4184	10.3677	0.0001	0.0032	0.0035	0.0000	5.8081	10.7552	0.0001	0.0000	0.0000	-0.0078	-0.9137	9.0036	1.0155	34.3520	5.9708	0.0177	0.0177	0.0000	0.0177	0.0177	0.0000	0.0000	0.0000	0.0000	1.9934	1.9934	0.0000	0.0003	0.0003	0.0000	1.9932	1.9931	0.0000	0.0609	0.0519	0.0091	0.0045	0.0043	0.0002	0.0564	0.0475	0.0089	0.4223	0.2585	0.1638	0.0791	0.0732	0.0060	0.3432	0.1853	0.1578	0.0616	0.0443	0.0000	1219.1932	1178.8316	0.0000	0.0000	0.0000	0.0000	4.7206	7.7121	0.0001	0.0032	0.0035	0.0000	5.8081	10.7552	0.0001	
0	70	0.1996	3	2	1	1	0	0	0	0	0	Y	N	N	N	N	N	N	N	N	N	N	N	93.3438	72.9983	218.0912	78.2750	76.8799	196.0038	120.6527	78.3776	219.3072	5.4100	6.0262	0.6730	7.7226	7.7540	0.7737	4.2792	5.0139	0.6717	0.0580	0.0826	0.0031	0.0987	0.1009	0.0039	0.0355	0.0640	0.0031	0.0145	0.0168	-0.0140	-0.0081	9.0036	0.0406	34.3520	2.3361	0.0328	0.0323	0.0005	0.0154	0.0154	0.0000	0.0174	0.0170	0.0005	0.0183	0.0180	0.0003	0.0111	0.0111	0.0000	0.0072	0.0069	0.0003	0.0061	0.0054	0.0007	0.0020	0.0020	0.0000	0.0041	0.0034	0.0007	0.3156	0.2179	0.0977	0.1123	0.1098	0.0025	0.2033	0.1081	0.0951	93.3438	72.9983	218.0912	78.2750	76.8799	196.0038	120.6527	78.3776	219.3072	0.0580	0.0826	0.0031	0.0987	0.1009	0.0039	0.0355	0.0640	0.0031
0	71	0.7253	8	2	2	1	0	0	0	0	0	Y	Y	N	N	N	N	N	N	N	N	N	N	0.0000	0.0000	0.0000	0.0000	0.0000	0.0000	0.0000	0.0000	0.0000	0.0000	0.0000	0.0000	0.0000	0.0000	0.0000	0.0000	0.0000	0.0000	0.0000	0.0000	9.0036	0.0000	34.3520	0.0000	0.0000	0.0000	0.0000	0.0000	0.0000	0.0000	0.0000	0.0000	0.0000	0.0000	0.0000	0.0000	0.0000	0.0000	0.0000	0.0000	0.0000	0.0000	0.0000	0.0000	0.0000	0.0000	0.0000	0.0000	0.0000	0.0000	0.0000	0.0000	0.0000	0.0000	0.0000	0.0000	0.0000	0.0000	0.0000	0.0000	0.0000	0.0000	0.0000	0.0000	0.0000	0.0000	0.0000	0.0000	0.0000	0.0000	0.0000	0.0000	0.0000	0.0000	0.0000	0.0000	0.0000	0.0000											
0	72	0.7073	7	2	2	1	0	0	0	0	0	Y	Y	N	N	N	N	N	N	N	N	N	N	0.0160	0.0000	0.0371	0.0000	0.0000	0.0000	0.2190	0.7217	0.0025	0.0000	0.0184	0.0000	0.0000	0.0000	0.0032	0.0000	0.0207	0.1545	0.0062	0.4963	0.2251	0.0081	1.1108	0.0147	0.0000	0.0286	inf	34.5255	0.0003	0.0215	9.0036	3.9057	34.3520	1.1104	0.0005	0.0000	0.0005	0.0000	0.0000	0.0000	0.0005	0.0000	0.0005	0.0419	0.0012	0.0407	0.0405	0.0012	0.0394	0.0013	0.0000	0.0013	0.1943	0.1682	0.0261	0.0448	0.0420	0.0028	0.1495	0.1262	0.0232	0.2710	0.1890	0.0820	0.1801	0.1447	0.0354	0.0909	0.0443	0.0466	0.0160	0.0000	0.0371	0.0000	0.0000	0.0000	0.2190	0.0000	0.7217	0.1545	0.0062	0.4963	0.2251	0.0081	1.1108	0.0147	0.0000	0.0286	
0	73	0.5045	5	2	2	0	0	0	0	0	0	Y	Y	N	N	N	N	N	N	N	N	N	N	0.7818	1.6305	0.0001	66.8788	71.8003	0.0192	0.2211	0.3572	0.0001	1.5472	1.7584	0.0004	2.8580	3.0264	0.0009	0.8607	1.0173	0.0003	1.9791	1.0785	3.8907	0.0427	0.0421	0.0464	3.8923	2.8477	4.9334	0.0000	1.6997	-0.4001	0.4746	9.0036	6.9070	34.3520	16.5673	0.9072	0.9072	0.0000	0.5760	0.5760	0.0000	0.3312	0.3312	0.0000	2.7718	1.0267	1.7451	0.0297	0.0253	0.0044	2.7421	1.0014	1.7406	0.5863	0.5159	0.0704	0.2015	0.1903	0.0112	0.3848	0.3256	0.0592	1.4005	0.9520	0.4485	0.6961	0.6004	0.0957	0.7045	0.3517	0.3528	0.7818	1.6305	0.0001	66.8788	71.8003	0.0192	0.2211	0.3572	0.0001	1.9791	1.0785	3.8907	0.0427	0.0421	0.0464	3.8923	2.8477	4.9334
0	74	0.5684	7	1	2	0	1	0	0	0	0	N	Y	N	N	N	N	N	N	N	N	N	N	0.0006	0.0006	0.0000	0.0021	0.0018	0.0000	0.0003	0.0003	0.0000	0.0007	0.0009	0.0000	0.0009	0.0010	0.0000	0.0007	0.0009	0.0000	1.3054	1.5024	0.8865	0.4388	0.5266	0.0137	2.3174	3.3679	1.2398	0.0003	0.2775	-0.0001	-0.3996	9.0036	6.4226	34.3520	19.3377	0.0003	0.0003	0.0000	0.0001	0.0001	0.0000	0.0002	0.0002	0.0000	1.6570	1.2970	0.3600	0.3001	0.2985	0.0016	1.3569	0.9985	0.3584	0.3613	0.3084	0.0528	0.0661	0.0617	0.0044	0.2952	0.2467	0.0485	1.2694	0.8633	0.4061	0.6839	0.5668	0.1170	0.5855	0.2965	0.2890	0.0006	0.0006	0.0000	0.0021	0.0018	0.0000	0.0003	0.0003	0.0000	1.3054	1.5024	0.8865	0.4388	0.5266	0.0137	2.3174	3.3679	1.2398
0	75	0.5232	6	1	1	0	1	0	0	0	0	N	N	N	N	N	N	N	N	N	N	N	N	1.4711	1.3881	0.0014	0.0291	0.0261	0.0000	2.6588	2.8934	0.0012	2.3398	2.6801	0.0011	0.0583	0.0607	0.0000	3.0610	3.6207	0.0012	1.5905	1.9307	0.8056	1.9987	2.3227	0.1120	1.1513	1.2514	1.0384	0.0001	0.1808	-0.3663	-0.8298	9.0036	5.1932	34.3520	17.4397	0.8306	0.8305	0.0000	0.0050	0.0050	0.0000	0.8256	0.8256	0.0000	2.7188	2.3024	0.4164	1.7709	1.7564	0.0145	0.9478	0.5460	0.4018	0.3550	0.3099	0.0451	0.0853	0.0819	0.0034	0.2697	0.2280	0.0417	1.7094	1.1925	0.5169	0.8861	0.7562	0.1299	0.8233	0.4363	0.3870	1.4711	1.3881	0.0014	0.0291	0.0261	0.0000	2.6588	2.8934	0.0012	1.5905	1.9307	0.8056	1.9987	2.3227	0.1120	1.1513	1.2514	1.0384
0	76	0.4862	5	1	1	0	0	0	0	0	0	N	N	N	N	N	N	N	N	N	N	N	N	0.4180	0.5419	0.0566	0.2745	0.2626	0.0000	0.3719	0.5940	0.0464	0.6465	0.7283	0.1156	0.3195	0.3336	0.0000	0.7592	0.8842	0.1258	1.5467	1.3439	2.0410	1.1638	1.2702	0.6319	2.0411	1.4884	2.7127	0.0244	0.6233	-0.0857	-0.2438	9.0036	4.4918	34.3520	17.5337	0.2053	0.2004	0.0049	0.0260	0.0260	0.0000	0.1793	0.1744	0.0049	3.2766	2.0185	1.2581	1.3892	1.2635	0.1257	1.8874	0.7551	1.1324	0.3175	0.2752	0.0424	0.0814	0.0779	0.0034	0.2362	0.1972	0.0389	2.1184	1.5020	0.6164	1.1937	0.9947	0.1990	0.9247	0.5073	0.4174	0.4180	0.5419	0.0566	0.2745	0.2626	0.0000	0.3719	0.5940	0.0464	1.5467	1.3439	2.0410	1.1638	1.2702	0.6319	2.0411	1.4884	2.7127
0	77	0.2153	4	1	1	0	1	0	0	0	0	N	N	N	N	N	N	N	N	N	N	N	N	0.0000	0.0000	0.0000	0.0000	0.0000	0.0000	0.0000	0.0000	0.0000	0.0000	0.0000	0.0000	0.0000	0.0000	0.0000	0.0000	0.0000	0.0000	5.1711	3.1699	7.0730	9.1621	9.6441	1.4793	3.7082	0.1025	7.2125	1.3011	0.0000	0.4879	9.0036	0.3745	34.3520	14.7996	0.0000	0.0000	0.0000	0.0000	0.0000	0.0000	0.0000	0.0000	0.0000	4.5575	1.9805	2.5770	2.0019	1.9457	0.0562	2.5556	0.0348	2.5208	0.0286	0.0253	0.0034	0.0048	0.0048	0.0001	0.0238	0.0205	0.0033	1.0123	0.6248	0.3875	0.3231	0.2851	0.0380	0.6892	0.3397	0.3495	0.0000	0.0000	0.0000	0.0000	0.0000	0.0000	0.0000	0.0000	0.0000	4.5022	3.1699	6.6504	6.1956	6.8240	1.4793	3.7082	0.1025	7.2125	
0	78	0.1930	3	1	1	0	1	0	0	0	0	N	N	N	N	N	N	N	N	N	N	N	N	0.0000	0.0000	0.0000	0.0000	0.0000	0.0000	0.0000	0.0000	0.0000	0.0000	0.0000	0.0000	0.0000	0.0000	0.0000	0.0000	0.0000	0.0000	2.5502	2.2627	3.0215	3.6435	1.1599	35.0124	1.9948	3.2486	0.7679	0.8144	0.0000	-0.0225	9.0036	1.4595	34.3520	10.3922	0.0000	0.0000	0.0000	0.0000	0.0000	0.0000	0.0000	0.0000	0.0000	2.3603	1.3009	1.0594	1.1359	0.3147	0.8212	1.2243	0.9861	0.2382	0.0900	0.0771	0.0129	0.0059	0.0058	0.0001	0.0841	0.0713	0.0128	0.9255	0.5749	0.3506	0.3118	0.2713	0.0404	0.6138	0.3036	0.3102	0.0000	0.0000	0.0000	0.0000	0.0000	0.0000	0.0000	0.0000	0.0000	2.5502	2.2627	3.0215	3.6435	1.1599	20.3149	1.9948	3.2486	0.7679	
0	79	0.1789	2	1	1	0	1	0	0	0	0	N	N	N	N	N	N	N	N	N	N	N	N	0.0017	0.0023	0.0000	0.0264	0.0339	0.0000	0.0009	0.0023	0.0000	0.0022	0.0026	0.0000	0.0570	0.0606	0.0000	0.0007	0.0008	0.0000	1.2675	1.1123	1.5238	2.1612	1.7895	5.2320	0.7370	0.3382	1.0811	0.0008	0.8293	-0.0001	-0.0048	9.0036	1.3861	34.3520	6.3168	0.0002	0.0002	0.0000	0.0001	0.0001	0.0000	0.0001	0.0001	0.0000	0.9566	0.5229	0.4337	0.6076	0.4487	0.1588	0.3491	0.0742	0.2749	0.0785	0.0663	0.0122	0.0021	0.0020	0.0001	0.0764	0.0643	0.0121	0.7548	0.4702	0.2846	0.2811	0.2508	0.0304	0.4736	0.2194	0.2542	0.0017	0.0023	0.0000	0.0264	0.0339	0.0000	0.0009	0.0023	0.0000	1.2675	1.1123	1.5238	2.1612	1.7895	5.2320	0.7370	0.3382	1.0811
0	81	0.6600	7	1	2	1	0	0	0	0	0	N	Y	N	N	N	N	N	N	N	N	N	N	0.0093	0.0074	0.0000	0.5970	0.5361	0.0000	0.0000	0.0000	0.0004	0.0005	0.0000	0.0011	0.0011	0.0000	0.0000	0.0000	0.0000	0.0436	0.0627	0.0002	0.0018	0.0021	0.0000	0.1037	0.2136	0.0003	0.0000	0.0014	-0.0000	-0.0064	9.0036	2.0162	34.3520	4.5500	0.0001	0.0001	0.0000	0.0001	0.0001	0.0000	0.0000	0.0000	0.0000	0.0141	0.0140	0.0000	0.0003	0.0003	0.0000	0.0137	0.0137	0.0000	0.1231	0.1073	0.0158	0.0468	0.0437	0.0030	0.0764	0.0636	0.0128	0.3225	0.2239	0.0986	0.1902	0.1597	0.0304	0.1323	0.0641	0.0682	0.0093	0.0074	0.0000	0.5970	0.5361	0.0000	0.0000	0.0000	0.0000	0.0436	0.0627	0.0002	0.0018	0.0021	0.0000	0.1037	0.2136	0.0003	
0	82	0.2274	5	1	2	1	0	0	0	0	0	N	Y	N	N	N	N	N	N	N	N	N	N	0.2904	0.2098	0.0000	1.3514	1.2841	0.0000	0.0000	0.0000	0.0000	0.0079	0.0094	0.0000	0.1409	0.1519	0.0000	0.0000	0.0000	0.0000	0.0273	0.0446	0.0001	0.1042	0.1183	0.0007	0.0001	0.0001	0.0001	0.0000	0.0017	-0.0006	-0.0054	9.0036	3.0011	34.3520	3.7015	0.0013	0.0013	0.0000	0.0013	0.0013	0.0000	0.0000	0.0000	0.0000	0.0119	0.0119	0.0000	0.0119	0.0118	0.0000	0.0000	0.0000	0.0000	0.1663	0.1410	0.0253	0.0094	0.0087	0.0007	0.1570	0.1324	0.0246	0.4348	0.2660	0.1688	0.1137	0.1001	0.0136	0.3211	0.1658	0.1553	0.2904	0.2098	0.0000	1.3514	1.2841	0.0000	0.0000	0.0000	0.0000	0.0273	0.0446	0.0001	0.1042	0.1183	0.0007	0.0001	0.0001	0.0001
0	83	0.2160	4	1	2	0	0	0	0	0	0	N	Y	N	N	N	N	N	N	N	N	N	N	0.0224	0.0001	16.5321	0.0011	0.0011	0.0000	0.4874	0.0000	16.4245	0.0118	0.0001	0.0772	0.0017	0.0018	0.0000	0.0124	0.0000	0.0791	0.5292	0.7964	0.0047	1.5449	1.7287	0.0034	0.0255	0.0425	0.0048	132.1758	0.0030	0.0007	-0.1350	9.0036	2.0032	34.3520	4.2039	0.0013	0.0000	0.0013	0.0000	0.0000	0.0000	0.0013	0.0000	0.0013	0.2965	0.2956	0.0009	0.2869	0.2869	0.0001	0.0095	0.0087	0.0008	0.1122	0.0951	0.0171	0.0059	0.0055	0.0004	0.1064	0.0897	0.0167	0.5603	0.3712	0.1891	0.1857	0.1659	0.0198	0.3746	0.2052	0.1693	0.0224	0.0001	16.5321	0.0011	0.0011	0.0000	0.4874	0.0000	16.4245	0.5292	0.7964	0.0047	1.5449	1.7287	0.0034	0.0255	0.0425	0.0048
0	84	0.2128	4	2	1	1	0	0	0	0	0	Y	N	N	N	N	N	N	N	N	N	N	N	1.0563	0.0000	5.6381	0.0537	0.0000	0.2563	1.3513	0.0000	7.9173	0.0969	0.0000	0.6384	0.0072	0.0000	0.1038	0.1039	0.0000	0.6567	0.0918	0.0767	0.1132	0.1346	0.0868	0.4051	0.0769	0.0708	0.0829	inf	1.0331	0.0031	0.0016	9.0036	1.0052	34.3520	4.9545	0.0056	0.0000	0.0056	0.0000	0.0000	0.0000	0.0055	0.0000	0.0055	0.0317	0.0156	0.0161	0.0120	0.0065	0.0054	0.0197	0.0090	0.0107	0.0575	0.0487	0.0087	0.0042	0.0039	0.0003	0.0533	0.0449	0.0084	0.3450	0.2030	0.1421	0.0888	0.0755	0.0134	0.2562	0.1275	0.1287	1.0563	0.0000	5.6381	0.0537	0.0000	0.2563	1.3513	0.0000	7.9173	0.0918	0.0767	0.1132	0.1346	0.0868	0.4051	0.0769	0.0708	0.0829
0	85	0.1934	3	2	1	1	0	0	0	0	0	Y	N	N	N	N	N	N	N	N	N	N	N	6.3444	0.0004	25.4485	0.0000	0.0000	0.0000	4.8512	0.0002	23.1890	17.7129	0.0006	115.5763	0.0000	0.0000	0.0000	18.5573	0.0007	118.1888	2.7919	1.7792	4.5416	0.0587	0.0685	0.0012	3.8253	2.7843	5.0968	33147.3333	1.4774	0.5558	0.2292	9.0036	0.9968	34.3520	7.6169	0.9945	0.0000	0.9944	0.0000	0.0000	0.0000	0.9945	0.0000	0.9944	1.6613	0.6706	0.9907	0.0096	0.0096	0.0000	1.6517	0.6610	0.9907	0.0561	0.0475	0.0086	0.0026	0.0024	0.0002	0.0536	0.0452	0.0084	0.5951	0.3769	0.2181	0.1633	0.1395	0.0238	0.4318	0.2374	0.1944	6.3444	0.0004	25.4485	0.0000	0.0000	0.0000	4.8512	0.0002	23.1890	2.7919	1.7792	4.5416	0.0587	0.0685	0.0012	3.8253	2.7843	5.0968
0	86	0.2134	2	2	2	0	0	0	0	0	0	Y	Y	N	N	N	N	N	N	N	N	N	N	0.0044	0.0002	0.2719	0.0000	0.0000	0.0000	0.0034	0.0001	0.2730	0.0038	0.0002	0.0241	0.0000	0.0000	0.0000	0.0045	0.0002	0.0253	0.8607	1.1896	0.0887	0.1252	0.1322	0.0612	1.3219	2.2280	0.0927	23.5000	0.0318	0.0008	-0.4587	9.0036	5.8060	34.3520	6.1034	0.0015	0.0001	0.0014	0.0000	0.0000	0.0000	0.0015	0.0001	0.0014	1.0728	1.0398	0.0330	0.0601	0.0572	0.0029	1.0126	0.9825	0.0301	0.3882	0.3297	0.0585	0.0586	0.0558	0.0028	0.3296	0.2739	0.0557	1.2464	0.8740	0.3723	0.4803	0.4330	0.0473	0.7660	0.4410	0.3250	0.0044	0.0002	0.2719	0.0000	0.0000	0.0000	0.0034	0.0001	0.2730	0.8607	1.1896	0.0887	0.1252	0.1322	0.0612	1.3219	2.2280	0.0927
0	88	0.2160	4	1	2	0	0	0	0	0	0	N	Y	N	N	N	N	N	N	N	N	N	N	0.0001	0.0000	0.0000	0.0122	0.0114	0.0000	0.0000	0.0000	0.0000	0.0000	0.0001	0.0000	0.0009	0.0009	0.0000	0.0000	0.0000	0.0000	0.7732	1.2322	0.0001	0.0715	0.0823	0.0006	1.0331	1.9190	0.0000	0.0000	0.0000	-0.0000	-0.3118	9.0036	4.0005	34.3520	9.0093	0.0000	0.0000	0.0000	0.0000	0.0000	0.0000	0.0000	0.0000	0.0000	0.6803	0.6803	0.0000	0.0170	0.0170	0.0000	0.6633	0.6633	0.0000	0.2218	0.1881	0.0337	0.0115	0.0106	0.0008	0.2103	0.1774	0.0329	0.8798	0.5521	0.3277	0.2378	0.2065	0.0313	0.6420	0.3456	0.2964	0.0001	0.0000	0.0000	0.0122	0.0114	0.0000	0.0000	0.0000	0.0000	0.7732	1.2322	0.0001	0.0715	0.0823	0.0006	1.0331	1.9190	0.0000
0	89	0.1934	3	1	2	0	0	0	0	0	0	N	Y	N	N	N	N	N	N	N	N	N	N	0.0001	0.0000	0.7363	0.0000	0.0000	0.0000	0.0005	0.0000	0.8973	0.0002	0.0000	0.0012	0.0000	0.0000	0.0000	0.0002	0.0000	0.0012	1.4844	2.3711	0.0016	4.5631	5.3679	0.0037	0.3903	0.7136	0.0013	inf	0.0004	0.0000	-0.4593	9.0036	1.0051	34.3520	9.2650	0.0000	0.0000	0.0000	0.0000	0.0000	0.0000	0.0000	0.0000	0.0000	1.0029	1.0025	0.0004	0.8084	0.8083	0.0001	0.1946	0.1943	0.0003	0.0566	0.0479	0.0087	0.0026	0.0024	0.0002	0.0540	0.0455	0.0085	0.6757	0.4228	0.2528	0.1772	0.1506	0.0266	0.4985	0.2722	0.2263	0.0001	0.0000	0.7363	0.0000	0.0000	0.0000	0.0005	0.0000	0.8973	1.4844	2.3711	0.0016	4.5631	5.3679	0.0037	0.3903	0.7136	0.0013
0	90	0.2418	3	1	1	1	0	0	0	0	0	N	N	N	N	N	N	N	N	N	N	N	N	0.0107	0.0072	0.0215	0.1148	0.0000	1.0464	0.0079	0.0359	0.0223	0.0254	0.0002	0.1833	0.0062	0.0000	0.1556	0.0284	0.0002	0.1844	2.3860	0.0224	8.5425	0.0538	0.0423	0.1487	3.6165	0.0053	8.2776	182.5000	159.0665	0.0020	0.8364	9.0036	2.3559	34.3520	7.1930	0.0037	0.0000	0.0037	0.0001	0.0000	0.0001	0.0036	0.0000	0.0035	1.5622	0.0098	1.5525	0.0122	0.0085	0.0036	1.5501	0.0012	1.5488	0.1443	0.1244	0.0199	0.0194	0.0187	0.0008	0.1249	0.1058	0.0191	0.6547	0.4366	0.2181	0.2261	0.2017	0.0245	0.4286	0.2350	0.1936	0.0107	0.0072	0.0258	0.1148	0.0000	1.0464	0.0079	0.0359	0.0231	2.3860	0.0224	7.1182	0.0538	0.0423	0.1487	3.6165	0.0053	7.9989
0	91	0.2090	2	1	1	0	0	0	0	0	0	N	N	N	N	N	N	N	N	N	N	N	N	2.0944	0.6641	7.1557	0.4145	0.0506	20.4505	2.1643	1.5321	6.5890	4.0672	0.6880	28.0185	0.5883	0.0692	39.3247	5.0746	0.8974	27.7403	1.9420	1.0361	3.9156	1.4194	1.3677	1.9229	2.3447	0.5857	4.2101	5.7454	1.7347	0.7487	0.6524	9.0036	4.9284	34.3520	11.0439	1.8233	0.2703	1.5530	0.0592	0.0069	0.0523	1.7641	0.2634	1.5006	3.7074	1.3557	2.3517	1.1794	1.0307	0.1487	2.5281	0.3250	2.2030	0.4483	0.3929	0.0554	0.1007	0.0993	0.0013	0.3476	0.2935	0.0541	1.9091	1.3085	0.6006	0.8309	0.7536	0.0773	1.0782	0.5549	0.5233	2.0944	0.6641	7.1557	0.4145	0.0506	20.4505	2.1643	1.5321	6.5890	1.9420	1.0361	3.9156	1.4194	1.3677	1.9229	2.3447	0.5857	4.2101
0	93	0.6600	7	2	2	0	0	0	0	0	0	Y	Y	N	N	N	N	N	N	N	N	N	N	0.0001	0.0001	0.0000	0.0001	0.0001	0.0000	0.0000	0.0000	0.0000	0.0003	0.0004	0.0000	0.0009	0.0010	0.0000	0.0000	0.0000	0.0000	3.1268	4.4832	0.0749	6.3832	8.2547	0.1171	0.0278	0.0002	0.0548	0.0000	0.0074	-0.0000	-0.6135	9.0036	2.5103	34.3520	7.4742	0.0001	0.0001	0.0000	0.0001	0.0001	0.0000	0.0000	0.0000	0.0000	1.3604	1.3504	0.0100	1.3554	1.3504	0.0050	0.0050	0.0000	0.0050	0.1460	0.1271	0.0188	0.0543	0.0507	0.0037	0.0916	0.0765	0.0151	0.4351	0.3012	0.1339	0.2549	0.2119	0.0431	0.1801	0.0893	0.0908	0.0001	0.0001	0.0000	0.0002	0.0002	0.0000	0.0000	0.0000	0.0000	3.1268	4.4832	0.0749	5.3166	6.3736	0.1171	0.0278	0.0002	0.0548
0	94	0.6237	6	1	2	0	0	0	0	0	0	N	Y	N	N	N	N	N	N	N	N	N	N	0.0171	0.0161	0.0014	0.0360	0.0312	0.0000	0.0003	0.0000	0.0011	0.0201	0.0226	0.0009	0.0578	0.0609	0.0000	0.0002	0.0000	0.0010	1.1714	1.4068	0.6339	1.6043	1.9541	0.0216	0.5268	0.1018	0.9716	0.0053	0.1974	-0.0041	-0.1773	9.0036	7.1305	34.3520	3.2426	0.0095	0.0094	0.0000	0.0094	0.0094	0.0000	0.0000	0.0000	0.0000	0.6039	0.5044	0.0996	0.4948	0.4936	0.0012	0.1091	0.0108	0.0983	0.4728	0.4164	0.0564	0.1633	0.1548	0.0084	0.3095	0.2616	0.0480	0.5156	0.3585	0.1570	0.3084	0.2526	0.0558	0.2071	0.1059	0.1012	0.0171	0.0161	0.0014	0.0360	0.0312	0.0000	0.0003	0.0000	0.0011	1.1714	1.4068	0.6339	1.6043	1.9541	0.0216	0.5268	0.1018	0.9716
0	95	0.1934	3	2	2	0	0	0	0	0	0	Y	Y	N	N	N	N	N	N	N	N	N	N	1.2457	0.8728	0.0000	0.0000	5074.8970	3203.5604	2.2921	2.7018	0.0000	0.0000	0.0000	0.0000	2.4011	2.8426	0.0000	1.8400	3.0954	0.0000	18.9830	21.4103	0.0000	0.0005	0.0009	0.0000	0.0000	0.0000	-0.4411	-1.3309	9.0036	8.0000	34.3520	22.5660	1.0000	1.0000	0.0000	0.0000	0.0000	0.0000	1.0000	1.0000	0.0000	2.9035	2.9035	0.0000	2.9030	2.9030	0.0000	0.0006	0.0006	0.0000	0.4363	0.3701	0.0662	0.0198	0.0183	0.0015	0.4165	0.3518	0.0647	1.5780	0.9380	0.6400	0.3305	0.2729	0.0576	1.2475	0.6652	0.5823	1.2457	0.8728	0.0000	0.0000	0.0000	0.0000	5074.8970	3203.5604	0.0000	1.8400	3.0954	0.0000	8.7836	10.6382	0.0000	0.0005	0.0009	0.0000			
0	98	0.2239	5	2	2	1	0	0	0	0	0	Y	Y	N	N	N	N	N	N	N	N	N	N	6.0196	4.8290	0.0000	21.1964	23.2052	0.0000	0.0000	0.0000	0.0000	14.9395	17.3846	0.0000	97.9866	102.3809	0.0000	0.0000	0.0000	0.0000	2.4818	3.6001	0.7793	4.6228	4.4120	5.5326	1.5917	3.0699	0.0096	0.0000	0.1422	-0.4186	-0.7342	9.0036	0.9502	34.3520	16.1595	0.9490	0.9490	0.0000	0.9490	0.9490	0.0000	0.0000	0.0000	0.0000	2.1990	1.9253	0.2737	1.2029	0.9321	0.2708	0.9962	0.9932	0.0029	0.0635	0.0546	0.0089	0.0097	0.0093	0.0004	0.0538	0.0453	0.0085	0.8861	0.5348	0.3513	0.2602	0.2113	0.0489	0.6259	0.3235	0.3023	6.0196	4.8290	0.0000	21.1964	23.2052	0.0000	0.0000	0.0000	0.0000	2.4818	3.6001	0.7793	4.6228	4.4120	5.5326	1.5917	3.0699	0.0096
0	100	0.2269	6	2	1	1	0	0	0	0	0	Y	N	N	N	N	N	N	N	N	N	N	N	0.0061	0.0043	0.0000	0.0002	0.0002	0.0000	0.4483	1.5873	0.0000	0.0158	0.0186	0.0000	0.0040	0.0044	0.0000	0.0169	0.0201	0.0000	2.5910	4.3032	0.0550	18.4293	21.7151	0.0025	0.0377	0.0127	0.0636	0.0000	0.0086	-0.0004	-0.9027	9.0036	1.0008	34.3520	13.9255	0.0009	0.0009	0.0000	0.0000	0.0000	0.0000	0.0009	0.0009	0.0000	2.0069	1.9897	0.0172	1.9863	1.9862	0.0001	0.0205	0.0035	0.0170	0.0565	0.0479	0.0085	0.0050	0.0046	0.0004	0.0514	0.0433	0.0081	0.7745	0.4624	0.3122	0.2301	0.1859	0.0442	0.5444	0.2765	0.2679	0.0061	0.0043	0.0000	0.0005	0.0004	0.0000	0.4483	1.5873	0.0000	2.5910	4.3032	0.0550	8.6322	10.6866	0.0025	0.0377	0.0127	0.0636
0	101	0.2239	5	2	1	1	0	0	0	0	0	Y	N	N	N	N	N	N	N	N	N	N	N	0.4215	2.2316	0.0004	0.0388	0.0551	0.0563	0.7263	17.4846	0.0000	3.9186	4.3445	0.0154	0.1683	0.1655	0.7339	6.4876	7.7460	0.0008	9.2963	1.9469	39.8713	4.3362	3.0063	13.0240	8.9321	0.4430	39.9950	0.0004	4.1535	-0.0228	0.5031	9.0036	0.0532	34.3520	2.0467	0.0518	0.0518	0.0000	0.0009	0.0009	0.0000	0.0509	0.0509	0.0000	1.4473	0.2808	1.1665	0.4382	0.2544	0.1837	1.0092	0.0264	0.9827	0.0132	0.0119	0.0013	0.0054	0.0053	0.0000	0.0078	0.0066	0.0013	0.2140	0.1443	0.0698	0.1011	0.0846	0.0164	0.1130	0.0596	0.0534	0.5795	2.2316	0.0009	0.0388	0.0551	0.0656	0.7263	17.4846	0.0000	6.7622	1.9469	16.7177	4.3362	3.0063	11.1908	8.9321	0.4430	18.4185
0	102	0.2142	4	2	1	1	0	0	0	0	0	Y	N	N	N	N	N	N	N	N	N	N	N	0.5754	0.7972	0.0019	0.9708	1.5728	0.0071	2.0934	2.3210	0.0009	0.7658	0.8963	0.0032	3.2509	3.4518	0.0643	0.4355	0.5169	0.0002	1.3309	1.1244	1.7136	3.3486	2.1948	9.0003	0.2080	0.2227	0.1902	0.0006	0.8227	-0.0429	-0.0034	9.0036	2.0948	34.3520	3.0326	0.0974	0.0973	0.0001	0.0485	0.0485	0.0001	0.0489	0.0489	0.0000	0.4832	0.2651	0.2181	0.4347	0.2366	0.1981	0.0485	0.0285	0.0200	0.1272	0.1086	0.0186	0.0149	0.0140	0.0009	0.1122	0.0945	0.0177	0.3631	0.2358	0.1273	0.1298	0.1078	0.0220	0.2333	0.1280	0.1053	0.5754	0.7972	0.0019	0.9708	1.5728	0.0071	2.0934	2.3210	0.0009	1.3309	1.1244	1.7136	3.3486	2.1948	9.0003	0.2080	0.2227	0.1902
0	103	0.1934	3	2	1	1	0	0	0	0	0	Y	N	N	N	N	N	N	N	N	N	N	N	2.7828	2.1036	0.0663	0.0000	0.0000	0.0000	3.0378	2.0147	0.0605	4.3240	5.1019	0.0036	0.0000	0.0000	0.0000	4.5299	5.3685	0.0037	1.5538	2.4253	0.0541	1.7207	2.0151	0.0006	1.4912	2.6646	0.0606	0.0001	0.0130	-0.4183	-0.4180	9.0036	3.9484	34.3520	4.8420	0.9485	0.9484	0.0001	0.0000	0.0000	0.0000	0.9485	0.9484	0.0001	0.9381	0.9261	0.0120	0.2835	0.2835	0.0000	0.6546	0.6426	0.0120	0.2194	0.1859	0.0335	0.0100	0.0092	0.0007	0.2094	0.1767	0.0327	0.6037	0.3818	0.2219	0.1648	0.1407	0.0241	0.4390	0.2411	0.1978	2.7828	2.1036	0.0663	0.0000	0.0000	0.0000	3.0378	2.0147	0.0605	1.5538	2.4253	0.0541	1.7207	2.0151	0.0006	1.4912	2.6646	0.0606
0	104	0.1518	2	1	2	0	0	0	0	0	0	N	Y	N	N	N	N	N	N	N	N	N	N	0.0012	0.0016	0.0000	0.0078	0.0080	0.0000	0.0011	0.0013	0.0000	0.0036	0.0042	0.0000	0.0045	0.0048	0.0000	0.0035	0.0042	0.0000	2.9749	2.6314	3.4364	0.5726	0.5930	0.3152	3.3083	3.1314	3.5034	0.0000	0.9718	-0.0008	0.2159	9.0036	8.9557	34.3520	32.3127	0.0018	0.0018	0.0000	0.0002	0.0002	0.0000	0.0017	0.0017	0.0000	6.2623	3.1759	3.0864	0.1469	0.1410	0.0059	6.1154	3.0349	3.0804	0.5089	0.4317	0.0772	0.0390	0.0365	0.0025	0.4699	0.3952	0.0747	2.1051	1.2069	0.8981	0.2566	0.2377	0.0188	1.8485	0.9692	0.8793	0.0012	0.0016	0.0000	0.0078	0.0080	0.0000	0.0011	0.0013	0.0000	2.9749	2.6314	3.4364	0.5726	0.5930	0.3152	3.3083	3.1314	3.5034
0	105	0.1772	3	1	1	1	0	0	0	0	0	N	N	N	N	N	N	N	N	N	N	N	N	0.0001	0.0001	0.0000	0.0059	0.0054	0.0000	0.0000	0.0000	0.0000	0.0002	0.0002	0.0000	0.0013	0.0013	0.0000	0.0000	0.0000	0.0000	1.6069	2.7259	0.0010	0.2119	0.2428	0.0027	1.8880	3.5448	0.0009	0.0000	0.0003	-0.0000	-0.5008	9.0036	4.2679	34.3520	7.8415	0.0000	0.0000	0.0000	0.0000	0.0000	0.0000	0.0000	0.0000	0.0000	1.0932	1.0929	0.0003	0.0242	0.0241	0.0000	1.0690	1.0688	0.0002	0.2713	0.2285	0.0428	0.0328	0.0314	0.0015	0.2384	0.1971	0.0413	0.6803	0.4009	0.2794	0.1141	0.0994	0.0147	0.5662	0.3015	0.2647	0.0001	0.0001	0.0000	0.0059	0.0054	0.0000	0.0000	0.0000	0.0000	1.6069	2.7259	0.0010	0.2119	0.2428	0.0027	1.8880	3.5448	0.0009
0	106	0.1518	2	1	1	0	0	0	0	0	0	N	N	N	N	N	N	N	N	N	N	N	N	0.0111	0.0087	0.0053	0.0117	0.0119	0.0000	0.0106	0.0070	0.0055	0.0145	0.0168	0.0020	0.0103	0.0107	0.0000	0.0152	0.0179	0.0020	1.3057	1.9301	0.3738	0.8832	0.9042	0.4800	1.4372	2.5504	0.3706	0.0214	0.1297	-0.0008	-0.3973	9.0036	1.9301	34.3520	9.0954	0.0019	0.0018	0.0000	0.0002	0.0002	0.0000	0.0017	0.0017	0.0000	1.1565	1.0236	0.1328	0.1857	0.1807	0.0050	0.9708	0.8430	0.1278	0.1286	0.1088	0.0198	0.0166	0.0160	0.0006	0.1120	0.0928	0.0192	0.8857	0.5304	0.3553	0.2102	0.1998	0.0104	0.6754	0.3305	0.3449	0.0111	0.0087	0.0053	0.0117	0.0119	0.0000	0.0106	0.0070	0.0055	1.3057	1.9301	0.3738	0.8832	0.9042	0.4800	1.4372	2.5504	0.3706
0	108	0.1406	3	1	2	0	0	0	0	0	0	N	Y	N	N	N	N	N	N	N	N	N	N	2.3751	3.2121	0.0030	0.4426	0.5388	0.0079	2.1026	2.5763	0.0030	2.1907	2.5942	0.0033	0.0166	0.0168	0.0011	2.2468	2.6721	0.0033	0.9224	0.8076	1.0830	0.0375	0.0313	0.1334	1.0686	1.0372	1.1033	0.0002	0.9575	-0.4395	0.0487	9.0036	8.0392	34.3520	22.6195	0.9968	0.9966	0.0002	0.0002	0.0002	0.0000	0.9966	0.9964	0.0002	1.5835	0.8090	0.7746	0.0091	0.0071	0.0020	1.5744	0.8018	0.7726	0.4550	0.3842	0.0709	0.0114	0.0113	0.0002	0.4436	0.3729	0.0707	1.7168	1.0017	0.7152	0.2435	0.2286	0.0149	1.4733	0.7731	0.7002	2.3751	3.2121	0.0030	0.4426	0.5388	0.0079	2.1026	2.5763	0.0030	0.9224	0.8076	1.0830	0.0375	0.0313	0.1334	1.0686	1.0372	1.1033
0	109	0.1406	2	1	1	0	0	0	0	0	0	N	N	N	N	N	N	N	N	N	N	N	N	0.1113	0.1354	0.0172	0.1313	0.1305	0.0278	0.1019	0.1894	0.0170	0.2349	0.2750	0.0394	0.3620	0.3621	0.0287	0.1738	0.2191	0.0394	2.1097	2.0311	2.2960	2.7573	2.7740	1.0315	1.7062	1.1566	2.3119	0.0294	0.4769	-0.0031	-0.1223	9.0036	0.2031	34.3520	2.0398	0.0076	0.0074	0.0002	0.0038	0.0038	0.0000	0.0038	0.0036	0.0002	0.9031	0.6114	0.2916	0.4531	0.4515	0.0016	0.4499	0.1599	0.2900	0.0322	0.0267	0.0055	0.0105	0.0105	0.0000	0.0218	0.0163	0.0055	0.4280	0.3010	0.1270	0.1643	0.1628	0.0016	0.2637	0.1383	0.1254	0.1113	0.1354	0.0172	0.1313	0.1305	0.0278	0.1019	0.1894	0.0170	2.1097	2.0311	2.2960	2.7573	2.7740	1.0315	1.7062	1.1566	2.3119
0	110	0.7211	8	2	1	1	0	0	0	0	0	Y	N	N	N	N	N	N	N	N	N	N	N	0.0000	0.0000	0.0000	0.0000	0.0000	0.0000	0.0000	0.0000	0.0000	0.0000	0.0000	0.0000	0.0000	0.1322	0.2104	0.0000	0.2572	0.2634	0.0000	0.0000	0.0000	0.0000	0.0000	0.0000	-0.0000	9.0036	0.0001	34.3520	0.0001	0.0000	0.0000	0.0000	0.0000	0.0000	0.0000	0.0000	0.0000	0.0000	0.0001	0.0001	0.0000	0.0001	0.0001	0.0000	0.0000	0.0000	0.0000	0.0062	0.0049	0.0013	0.0031	0.0031	0.0000	0.0031	0.0018	0.0013	0.0004	0.0002	0.0001	0.0002	0.0002	0.0000	0.0002	0.0000	0.0001	0.0000	0.0000	0.0000	0.0000	0.0000	0.0000	0.0000	0.0000	0.0000	0.1322	0.2104	0.0000	0.2572	0.2634	0.0000	0.0000	0.0000	0.0000						
0	111	0.7073	7	2	1	1	0	0	0	0	0	Y	N	N	N	N	N	N	N	N	N	N	N	0.0013	0.0000	0.5720	0.0000	0.0000	0.0000	0.3733	0.0000	1.8582	0.0049	0.0000	0.0377	0.0000	0.0000	0.0000	0.0067	0.0000	0.0420	3.8435	5.9790	0.0659	7.8614	9.9703	0.1214	0.0180	0.0132	0.0226	inf	0.0053	0.0003	-0.4400	9.0036	1.6718	34.3520	2.9223	0.0005	0.0000	0.0005	0.0000	0.0000	0.0000	0.0005	0.0000	0.0005	0.9710	0.9659	0.0051	0.9695	0.9654	0.0041	0.0015	0.0005	0.0010	0.0975	0.0847	0.0127	0.0261	0.0248	0.0013	0.0713	0.0599	0.0114	0.2555	0.1783	0.0771	0.1711	0.1374	0.0338	0.0843	0.0410	0.0434	0.0013	0.0000	0.5720	0.0000	0.0000	0.0000	0.3733	0.0000	1.8582	3.8009	5.4159	0.0659	5.6654	7.0284	0.1214	0.0180	0.0132	0.0226
0	112	0.6237	6	2	1	1	0	0	0	0	0	Y	N	N	N	N	N	N	N	N	N	N	N	0.3806	0.0047	2.2134	0.0056	0.0100	0.0000	2.4786	0.0000	8.1633	1.3339	0.0139	10.5534	0.0402	0.0428	0.0000	1.8938	0.0000	12.3858	3.5045	2.9330	4.7680	7.2040	4.2921	12.7489	0.7640	0.0622	1.5173	108.9680	0.7353	0.5544	-0.1052	9.0036	14.0283	34.3520	7.1084	1.0084	0.0092	0.9993	0.0092	0.0092	0.0000	0.9993	0.0000	0.9993	3.0382	1.7508	1.2874	2.7551	1.7389	1.0162	0.2831	0.0119	0.2712	0.7560	0.6613	0.0947	0.2284	0.2144	0.0140	0.5277	0.4470	0.0807	0.8670	0.5969	0.2700	0.4964	0.4051	0.0913	0.3705	0.1918	0.1787	0.3806	0.0047	2.2134	0.0072	0.0100	0.0000	2.4786	0.0000	8.1633	3.5045	2.9330	4.7680	5.5499	4.2921	11.1321	0.7640	0.0622	1.5173
0	113	0.5635	5	1	1	0	0	0	0	0	0	N	N	N	N	N	N	N	N	N	N	N	N	0.0636	0.0604	0.1175	0.1437	0.1347	0.0024	0.0274	0.0000	0.1030	0.0485	0.0387	0.1226	0.1100	0.1155	0.0007	0.0209	0.0000	0.1404	0.7634	0.6408	1.0431	0.7655	0.8572	0.2936	0.7607	0.1930	1.3631	0.4215	0.7129	-0.0045	-0.0328	9.0036	8.6129	34.3520	5.1709	0.0311	0.0219	0.0092	0.0219	0.0219	0.0000	0.0092	0.0000	0.0092	0.7767	0.4534	0.3233	0.4362	0.4089	0.0272	0.3405	0.0445	0.2960	0.6417	0.5664	0.0753	0.1993	0.1897	0.0096	0.4424	0.3767	0.0657	1.0174	0.7075	0.3099	0.5698	0.4771	0.0927	0.4476	0.2305	0.2172	0.0636	0.0604	0.1175	0.1437	0.1347	0.0024	0.0274	0.0000	0.1030	0.7634	0.6408	1.0431	0.7655	0.8572	0.2936	0.7607	0.1930	1.3631
0	114	0.4684	4	1	1	0	0	0	0	0	0	N	N	N	N	N	N	N	N	N	N	N	N	0.0162	0.0107	0.0411	0.0337	0.1193	0.0025	0.0107	0.0009	0.0473	0.0346	0.0099	0.1893	0.0371	0.0391	0.0124	0.0339	0.0017	0.2118	2.1333	0.9297	4.6037	1.1001	0.3277	4.9831	3.1574	1.9015	4.4758	3.0298	2.4124	0.0101	1.1139	9.0036	16.8607	34.3520	22.7724	0.0323	0.0080	0.0243	0.0072	0.0070	0.0002	0.0252	0.0010	0.0241	4.4808	1.3131	3.1677	1.1504	0.2858	0.8645	3.3305	1.0273	2.3032	0.9356	0.8071	0.1285	0.1931	0.1786	0.0145	0.7424	0.6285	0.1140	2.1005	1.4124	0.6881	1.0456	0.8721	0.1735	1.0548	0.5402	0.5146	0.0162	0.0107	0.0411	0.0337	0.1193	0.0025	0.0107	0.0009	0.0473	2.1333	0.9297	4.6037	1.1001	0.3277	4.9831	3.1574	1.9015	4.4758
0	115	0.1996	3	2	1	1	0	0	0	0	0	Y	N	N	N	N	N	N	N	N	N	N	N	0.0000	0.0000	0.0000	0.0000	0.0000	0.0000	0.0000	0.0000	0.0000	0.0000	0.0000	0.0000	0.0000	0.0000	0.0000	0.0000	0.0000	0.0000	0.0010	0.0010	0.0009	0.0023	0.0023	0.0022	0.0004	0.0000	0.0008	0.4702	0.0000	-0.0001	9.0036	1.0009	34.3520	4.0038	0.0000	0.0000	0.0000	0.0000	0.0000	0.0000	0.0000	0.0000	0.0000	0.0004	0.0003	0.0001	0.0003	0.0003	0.0000	0.0001	0.0000	0.0001	0.0600	0.0511	0.0090	0.0044	0.0042	0.0002	0.0556	0.0468	0.0088	0.4483	0.2925	0.1558	0.1282	0.1236	0.0046	0.3201	0.1689	0.1512	0.0000	0.0000	0.0000	0.0000	0.0000	0.0000	0.0000	0.0000	0.0000	0.0010	0.0010	0.0009	0.0023	0.0023	0.0022	0.0004	0.0000	0.0008	
0	116	0.1713	2	2	1	1	0	0	0	0	0	Y	N	N	N	N	N	N	N	N	N	N	N	1.2897	1.2540	0.3073	0.9729	0.9806	0.0005	2.6037	6.9770	0.3185	0.1738	0.1997	0.0304	0.4872	0.5179	0.0001	0.1557	0.1792	0.0311	0.1348	0.1592	0.0990	0.5008	0.5282	0.1446	0.0598	0.0257	0.0976	0.0275	0.4250	-0.0076	-0.0164	9.0036	1.8441	34.3520	10.4794	0.0184	0.0179	0.0005	0.0028	0.0028	0.0000	0.0156	0.0151	0.0005	0.1024	0.0718	0.0305	0.0647	0.0633	0.0013	0.0377	0.0085	0.0292	0.1061	0.0899	0.0162	0.0058	0.0054	0.0003	0.1003	0.0844	0.0159	0.7595	0.4511	0.3084	0.1291	0.1199	0.0092	0.6304	0.3312	0.2992	1.2897	1.2540	0.3073	0.9729	0.9806	0.0005	2.6037	6.9770	0.3185	0.1348	0.1592	0.0990	0.5008	0.5282	0.1446	0.0598	0.0257	0.0976
0	117	0.3556	2	1	2	0	1	0	0	0	0	N	Y	N	N	N	N	N	N	N	N	N	N	4.6935	4.6390	7.4220	0.0603	0.0562	0.0727	5.8500	13.0555	6.6421	4.2366	3.4595	9.2512	0.0552	0.0574	0.0146	5.2125	4.3517	9.9407	0.9027	0.7457	1.2465	0.9156	1.0206	0.2009	0.8910	0.3333	1.4966	0.4144	0.7629	-0.4154	-0.0542	9.0036	10.5071	34.3520	20.2622	2.8047	1.9829	0.8218	0.0069	0.0068	0.0001	2.7977	1.9761	0.8217	2.1157	1.2001	0.9155	1.0141	0.9856	0.0285	1.1016	0.2145	0.8871	0.6620	0.5732	0.0888	0.1253	0.1191	0.0062	0.5367	0.4541	0.0827	2.3438	1.6093	0.7345	1.1075	0.9657	0.1418	1.2363	0.6436	0.5927	4.6935	4.6390	7.4220	0.0603	0.0562	0.0727	5.8500	13.0555	6.6421	0.9027	0.7457	1.2465	0.9156	1.0206	0.2009	0.8910	0.3333	1.4966
0	119	0.1579	2	1	2	0	0	0	0	0	0	N	Y	N	N	N	N	N	N	N	N	N	N	0.2051	0.3701	0.0000	3.2295	3.1086	0.0000	0.2005	0.2914	0.0000	1.1385	1.3470	0.0001	1.3078	1.3288	0.0000	1.1277	1.3484	0.0001	5.5510	3.6401	7.0321	0.4049	0.4275	0.0365	5.6249	4.6277	6.7464	0.0000	1.2606	-0.1170	0.7076	9.0036	3.8169	34.3520	21.2433	0.2653	0.2653	0.0000	0.0183	0.0183	0.0000	0.2469	0.2469	0.0000	7.1274	3.1528	3.9746	0.0875	0.0871	0.0005	7.0399	3.0658	3.9742	0.2330	0.1969	0.0361	0.0140	0.0138	0.0002	0.2190	0.1831	0.0358	1.4677	0.8662	0.6015	0.2161	0.2037	0.0124	1.2516	0.6625	0.5891	0.2344	0.3701	0.0000	3.2295	3.1086	0.0000	0.2005	0.2914	0.0000	4.8563	3.6401	6.6075	0.4049	0.4275	0.0365	5.6249	4.6277	6.7464
0	120	0.5036	6	1	2	0	0	0	0	0	0	N	Y	N	N	N	N	N	N	N	N	N	N	0.7441	0.4694	1.9840	1.0427	0.0372	10.6880	0.6161	1.0839	1.1478	2.6542	1.0247	13.6473	3.4232	0.1013	62.8683	2.3881	1.3832	7.8470	3.5668	2.1829	6.8787	3.2829	2.7219	5.8821	3.8761	1.2761	6.8367	1.9741	1.3901	0.5976	1.3626	9.0036	16.3276	34.3520	34.9199	2.6839	0.9024	1.7815	0.8901	0.0249	0.8651	1.7939	0.8775	0.9164	11.0566	4.6260	6.4306	5.3055	3.6179	1.6876	5.7511	1.0081	4.7430	1.0112	0.8807	0.1305	0.2600	0.2463	0.0138	0.7512	0.6344	0.1168	3.0998	2.1192	0.9807	1.6161	1.3292	0.2869	1.4838	0.7900	0.6938	0.7441	0.4694	2.0812	1.0427	0.0372	10.6880	0.6161	1.0839	1.1478	3.5668	2.1829	6.5574	3.2829	2.7219	5.8821	3.8761	1.2761	6.8367
0	121	0.4862	5	1	2	0	0	0	0	0	0	N	Y	N	N	N	N	N	N	N	N	N	N	0.7109	0.5184	1.7286	1.6155	0.6445	16.0258	0.4299	0.5632	0.6613	1.1718	0.6609	4.4373	2.4490	0.9029	33.5815	0.7831	0.5772	1.8477	1.6483	1.2749	2.5670	1.5159	1.4009	2.0955	1.8214	1.0248	2.7938	1.0503	0.8185	0.0336	-0.0283	9.0036	6.1757	34.3520	14.5601	0.4718	0.2301	0.2417	0.2301	0.0808	0.1493	0.2417	0.1493	0.0924	3.4248	1.8833	1.5415	1.7848	1.3761	0.4087	1.6400	0.5072	1.1328	0.4027	0.3482	0.0545	0.0940	0.0895	0.0044	0.3087	0.2587	0.0500	2.0778	1.4772	0.6005	1.1773	0.9823	0.1950	0.9004	0.4949	0.4055	0.7109	0.5184	1.7286	1.6155	0.6445	16.0258	0.4299	0.5632	0.6613	1.6483	1.2749	2.5670	1.5159	1.4009	2.0955	1.8214	1.0248	2.7938
0	122	0.4332	4	1	1	0	0	0	0	0	0	N	N	N	N	N	N	N	N	N	N	N	N	0.0851	0.0937	0.1114	0.3503	0.3479	0.0540	0.0253	0.0051	0.1024	0.1748	0.1479	0.3531	0.4712	0.4958	0.0436	0.0698	0.0092	0.3908	2.0554	1.5782	3.1706	1.3453	1.4253	0.8074	2.7549	1.8245	3.8155	0.3613	0.8597	-0.0159	0.0180	9.0036	7.5400	34.3520	21.4192	0.0908	0.0667	0.0241	0.0640	0.0637	0.0003	0.0267	0.0030	0.0238	4.6039	2.4756	2.1282	1.4951	1.3789	0.1162	3.1088	1.0968	2.0120	0.5191	0.4509	0.0682	0.1359	0.1285	0.0074	0.3832	0.3224	0.0608	2.2399	1.5686	0.6713	1.1114	0.9675	0.1439	1.1285	0.6011	0.5273	0.0851	0.0937	0.1114	0.3503	0.3479	0.0540	0.0253	0.0051	0.1024	2.0554	1.5782	3.1706	1.3453	1.4253	0.8074	2.7549	1.8245	3.8155
0	123	0.1934	3	1	2	0	0	0	0	0	0	N	Y	N	N	N	N	N	N	N	N	N	N	0.0000	0.0000	0.0000	0.0000	0.0000	0.0000	0.0000	0.0000	0.0000	0.0000	0.0000	0.0000	0.0000	0.0000	0.0000	0.0000	0.0000	2.5520	1.6576	3.8914	4.5393	5.4649	0.0000	1.9952	0.0011	4.2884	1.5675	0.0000	0.4984	9.0036	4.0019	34.3520	19.5615	0.0000	0.0000	0.0000	0.0000	0.0000	0.0000	0.0000	0.0000	0.0000	3.2759	1.2759	2.0000	1.2753	1.2753	0.0000	2.0006	0.0006	2.0000	0.2223	0.1884	0.0339	0.0101	0.0094	0.0008	0.2122	0.1790	0.0332	1.2837	0.7697	0.5140	0.2809	0.2334	0.0476	1.0027	0.5364	0.4664	0.0000	0.0000	0.0000	0.0000	0.0000	0.0000	0.0000	0.0000	0.0000	2.5520	1.6576	3.8914	4.5393	5.4649	0.0000	1.9952	0.0011	4.2884		
0	124	0.1713	2	1	1	0	0	0	0	0	0	N	N	N	N	N	N	N	N	N	N	N	N	6.6604	4.8398	0.0000	0.0633	0.0650	0.0000	5.9170	3.7768	0.0000	13.9757	16.4984	0.0000	0.0193	0.0204	0.0000	14.8661	17.6816	0.0000	2.0983	3.4089	0.1133	0.3048	0.3137	0.1759	2.5124	4.6816	0.1114	0.0000	0.0220	-0.4399	-0.5695	9.0036	1.2223	34.3520	8.2281	0.9974	0.9974	0.0000	0.0001	0.0001	0.0000	0.9973	0.9973	0.0000	1.3034	1.2755	0.0280	0.0355	0.0342	0.0013	1.2679	1.2412	0.0267	0.0714	0.0605	0.0109	0.0043	0.0040	0.0002	0.0671	0.0564	0.0107	0.6212	0.3742	0.2470	0.1165	0.1090	0.0075	0.5047	0.2651	0.2395	6.6604	4.8398	0.0000	0.0633	0.0650	0.0000	5.9170	3.7768	0.0000	2.0983	3.4089	0.1133	0.3048	0.3137	0.1759	2.5124	4.6816	0.1114
0	126	0.1566	3	1	2	0	0	0	0	0	0	N	Y	N	N	N	N	N	N	N	N	N	N	0.0003	0.0004	0.0000	0.0179	0.0171	0.0000	0.0000	0.0000	0.0000	0.0009	0.0011	0.0000	0.0160	0.0164	0.0000	0.0000	0.0000	0.0000	2.9352	2.7866	3.1507	0.8968	0.9593	0.0967	3.3649	3.4722	3.2482	0.0000	0.7798	-0.0001	-0.0790	9.0036	5.0407	34.3520	17.1705	0.0003	0.0003	0.0000	0.0003	0.0003	0.0000	0.0000	0.0000	0.0000	3.9064	2.1949	1.7116	0.2078	0.2062	0.0016	3.6987	1.9887	1.7100	0.3002	0.2535	0.0468	0.0174	0.0170	0.0004	0.2829	0.2365	0.0464	1.3309	0.7877	0.5432	0.2317	0.2149	0.0168	1.0992	0.5728	0.5264	0.0003	0.0004	0.0000	0.0179	0.0171	0.0000	0.0000	0.0000	0.0000	2.9352	2.7866	3.1507	0.8968	0.9593	0.0967	3.3649	3.4722	3.2482
0	127	0.1406	2	1	2	0	0	0	0	0	0	N	Y	N	N	N	N	N	N	N	N	N	N	0.0438	0.0502	0.0012	0.2938	0.2885	0.0008	0.0004	0.0002	0.0011	0.0518	0.0614	0.0013	0.6280	0.6306	0.0003	0.0003	0.0001	0.0013	1.1811	1.2230	1.1075	2.1379	2.1855	0.3461	0.8563	0.6143	1.1215	0.0040	0.5153	-0.0029	-0.1010	9.0036	1.9703	34.3520	6.2034	0.0067	0.0067	0.0000	0.0067	0.0067	0.0000	0.0000	0.0000	0.0000	0.8534	0.5632	0.2902	0.3915	0.3899	0.0016	0.4619	0.1733	0.2886	0.1303	0.1095	0.0208	0.0107	0.0106	0.0000	0.1196	0.0988	0.0207	0.7225	0.4605	0.2620	0.1831	0.1784	0.0047	0.5394	0.2821	0.2573	0.0438	0.0502	0.0012	0.2938	0.2885	0.0008	0.0004	0.0002	0.0011	1.1811	1.2230	1.1075	2.1379	2.1855	0.3461	0.8563	0.6143	1.1215
0	129	0.4625	5	1	2	0	0	0	0	0	0	N	Y	N	N	N	N	N	N	N	N	N	N	0.0534	0.0452	0.0000	0.0559	0.0544	0.0000	0.0000	0.0093	0.0102	0.0000	0.0171	0.0179	0.0000	0.0000	0.0000	0.0000	0.1732	0.2253	0.0002	0.3056	0.3290	0.0000	0.0001	0.0000	0.0003	0.0000	0.0003	-0.0007	-0.0580	9.0036	1.0033	34.3520	0.8635	0.0017	0.0017	0.0000	0.0017	0.0017	0.0000	0.0000	0.0000	0.0000	0.1267	0.1267	0.0000	0.1267	0.1267	0.0000	0.0000	0.0000	0.0000	0.1837	0.1671	0.0166	0.0996	0.0950	0.0046	0.0841	0.0721	0.0120	0.7315	0.5623	0.1692	0.4145	0.3850	0.0295	0.3170	0.1773	0.1397	0.0534	0.0452	0.0000	0.0559	0.0544	0.0000	0.0000	0.0000	0.0000	0.1732	0.2253	0.0002	0.3056	0.3290	0.0000	0.0001	0.0000	0.0003		
0	130	0.4332	4	1	1	0	0	0	0	0	0	N	N	N	N	N	N	N	N	N	N	N	N	1.4737	0.2718	8.2890	0.6330	0.6551	0.0096	2.1272	0.0304	8.9874	0.7455	0.1283	4.9223	0.3669	0.3866	0.0047	0.9019	0.0078	5.5752	0.5059	0.4720	0.5938	0.5796	0.5902	0.4963	0.4240	0.2555	0.6203	5.6692	0.4847	0.1280	-0.1201	9.0036	5.5514	34.3520	9.9598	0.3129	0.0469	0.2660	0.0450	0.0450	0.0000	0.2679	0.0019	0.2660	0.9103	0.6131	0.2972	0.5489	0.4959	0.0530	0.3614	0.1172	0.2441	0.4198	0.3657	0.0540	0.1227	0.1164	0.0063	0.2971	0.2494	0.0477	1.7994	1.2990	0.5004	0.9471	0.8403	0.1069	0.8523	0.4587	0.3935	1.4737	0.2718	8.2890	0.6330	0.6551	0.0096	2.1272	0.0304	8.9874	0.5059	0.4720	0.5938	0.5796	0.5902	0.4963	0.4240	0.2555	0.6203
0	131	0.4029	3	1	1	0	0	0	0	0	0	N	N	N	N	N	N	N	N	N	N	N	N	1.9706	0.1367	12.1559	0.5131	0.5252	0.1060	2.2951	0.0038	12.3553	1.7887	0.1146	12.9891	0.4456	0.4645	0.0800	2.1704	0.0029	14.1632	0.9077	0.8383	1.0685	0.8686	0.8843	0.7547	0.9457	0.7635	1.1463	16.9457	0.5496	0.5494	-0.1791	9.0036	9.1969	34.3520	13.4651	1.0919	0.0608	1.0310	0.0602	0.0597	0.0005	1.0317	0.0012	1.0305	1.7273	1.1147	0.6126	0.8143	0.7284	0.0859	0.9130	0.3863	0.5267	0.6104	0.5311	0.0794	0.1351	0.1285	0.0066	0.4753	0.4026	0.0728	1.9030	1.3297	0.5733	0.9375	0.8237	0.1139	0.9655	0.5060	0.4595	1.9706	0.1367	12.1559	0.5131	0.5252	0.1060	2.2951	0.0038	12.3553	0.9077	0.8383	1.0685	0.8686	0.8843	0.7547	0.9457	0.7635	1.1463
0	132	0.2163	5	2	2	0	1	0	0	0	0	Y	Y	N	N	N	N	N	N	N	N	N	N	0.0000	0.0000	0.0000	0.0000	0.0000	0.0000	0.0000	0.0000	0.0000	0.0000	0.0000	0.0000	0.0000	0.0000	0.0000	0.0000	0.0000	0.0000	0.0000	0.0000	9.0036	1.0000	34.3520	3.0001	0.0000	0.0000	0.0000	0.0000	0.0000	0.0000	0.0000	0.0000	0.0000	0.0000	0.0000	0.0000	0.0000	0.0000	0.0000	0.0000	0.0000	0.0000	0.0560	0.0475	0.0085	0.0035	0.0033	0.0002	0.0525	0.0442	0.0083	0.1969	0.1094	0.0875	0.0237	0.0205	0.0032	0.1733	0.0889	0.0844	0.0000	0.0000	0.0000	0.0000	0.0000	0.0000	0.0000	0.0000	0.0000	0.0000	0.0000	0.0000	0.0000	0.0000	0.0000	0.0000	0.0000	0.0000											
0	133	0.6153	9	2	2	0	1	0	0	0	0	Y	Y	N	N	N	N	N	N	N	N	N	N	0.0000	0.0000	0.0000	0.0000	0.0000	0.0000	0.0000	0.0000	0.0000	0.0000	0.0000	0.0000	0.0000	16.7109	32.9675	0.0000	110.2558	133.4750	0.0000	0.0000	0.0000	0.0000	0.0000	0.0000	-0.4486	9.0036	0.0006	34.3520	1.9797	0.0000	0.0000	0.0000	0.0000	0.0000	0.0000	0.0000	0.0000	0.0000	0.9787	0.9787	0.0000	0.9787	0.9787	0.0000	0.0000	0.0000	0.0000	0.0001	0.0001	0.0000	0.0001	0.0001	0.0000	0.0000	0.0000	0.0000	0.0882	0.0592	0.0290	0.0433	0.0364	0.0069	0.0449	0.0228	0.0221	0.0000	0.0000	0.0000	0.0000	0.0000	0.0000	0.0000	0.0000	0.0000	11.0918	16.5310	0.0000	22.5905	26.8617	0.0000	0.0000	0.0000	0.0000						
0	134	0.5985	8	2	2	0	1	0	0	0	0	Y	Y	N	N	N	N	N	N	N	N	N	N	0.0000	0.0000	0.0000	0.0000	0.0000	0.0000	0.0000	0.0000	0.0000	0.0000	0.0000	0.0000	0.0000	0.0000	0.0000	0.0000	0.0000	0.0000	3.1779	4.9666	0.0004	10.0064	12.3604	0.0011	0.0001	0.0001	0.0001	0.0000	0.0000	-0.4679	9.0036	2.0077	34.3520	6.0321	0.0000	0.0000	0.0000	0.0000	0.0000	0.0000	0.0000	0.0000	0.0000	1.0209	1.0209	0.0000	1.0209	1.0209	0.0000	0.0000	0.0000	0.0000	0.1084	0.0933	0.0152	0.0263	0.0241	0.0022	0.0822	0.0692	0.0130	0.3213	0.2123	0.1089	0.1541	0.1272	0.0270	0.1671	0.0852	0.0820	0.0000	0.0000	0.0000	0.0000	0.0000	0.0000	0.0000	0.0000	0.0000	3.1779	4.8081	0.0004	6.6236	8.0272	0.0011	0.0001	0.0001	0.0001	
0	135	0.5938	8	1	2	0	1	0	0	0	0	N	Y	N	N	N	N	N	N	N	N	N	N	0.0009	0.0005	0.4599	0.0032	0.0029	0.0167	0.0003	0.0000	0.4047	0.0031	0.0028	0.0047	0.0104	0.0112	0.0000	0.0009	0.0000	0.0053	3.3751	5.3306	0.0102	3.2856	3.9266	0.0015	3.4661	6.7405	0.0131	0.2860	0.0010	-0.0001	-0.8998	9.0036	3.0348	34.3520	9.3583	0.0005	0.0004	0.0001	0.0004	0.0004	0.0000	0.0001	0.0000	0.0001	1.9672	1.9653	0.0019	0.9655	0.9655	0.0001	1.0017	0.9998	0.0018	0.1683	0.1438	0.0245	0.0386	0.0356	0.0030	0.1297	0.1082	0.0215	0.5829	0.3942	0.1887	0.2939	0.2459	0.0480	0.2890	0.1483	0.1407	0.0009	0.0006	0.4599	0.0032	0.0029	0.0167	0.0003	0.0000	0.4047	3.3751	4.9854	0.0102	3.2856	3.9266	0.0015	3.4661	6.7405	0.0131
0	136	0.5794	7	1	1	0	1	0	0	0	0	N	N	N	N	N	N	N	N	N	N	N	N	0.0500	0.5503	0.0314	0.5669	0.4973	0.0000	0.0289	23.2214	0.0257	0.1831	0.1071	0.5983	0.1522	0.1618	0.0000	0.1943	0.0839	0.6666	3.6584	0.1946	19.0291	0.2685	0.3254	0.0033	6.7334	0.0036	25.9874	1.0220	27.4883	0.0000	0.5210	9.0036	0.0433	34.3520	6.6805	0.0005	0.0003	0.0003	0.0001	0.0001	0.0000	0.0004	0.0001	0.0003	1.0286	0.0361	0.9925	0.0359	0.0358	0.0001	0.9926	0.0003	0.9924	0.0028	0.0024	0.0004	0.0008	0.0007	0.0000	0.0021	0.0017	0.0004	0.2812	0.1855	0.0957	0.1337	0.1101	0.0236	0.1474	0.0754	0.0721	0.0500	0.5503	0.0577	0.5669	0.4973	0.0000	0.0289	23.2214	0.0484	3.6584	0.1946	10.3745	0.2685	0.3254	0.0033	6.7334	0.0036	13.7725
0	137	0.2460	7	1	2	0	1	0	0	0	0	N	Y	N	N	N	N	N	N	N	N	N	N	0.0000	0.0000	0.0000	0.0000	0.0000	0.0000	0.0000	0.0000	0.0000	0.0000	0.0000	0.0000	0.0000	0.0000	0.0000	0.0000	0.0000	0.0000	0.0000	0.0000	9.0036	0.0000	34.3520	0.0000	0.0000	0.0000	0.0000	0.0000	0.0000	0.0000	0.0000	0.0000	0.0000	0.0000	0.0000	0.0000	0.0000	0.0000	0.0000	0.0000	0.0000	0.0000	0.0000	0.0000	0.0000	0.0000	0.0000	0.0000	0.0000	0.0000	0.0000	0.0000	0.0000	0.0000	0.0000	0.0000	0.0000	0.0000	0.0000	0.0000	0.0000	0.0000	0.0000	0.0000	0.0000	0.0000	0.0000	0.0000	0.0000	0.0000	0.0000	0.0000	0.0000	0.0000	0.0000	0.0000	0.0000	0.0000											
0	138	0.2409	6	1	2	0	1	0	0	0	0	N	Y	N	N	N	N	N	N	N	N	N	N	0.0000	0.0000	0.0000	0.0000	0.0000	0.0000	0.0000	0.0000	0.0000	0.0000	0.0000	0.0000	0.0000	15.2821	0.0000	52.6334	0.0000	0.0000	0.0000	12.0560	0.0000	49.3812	inf	0.0000	0.5414	9.0036	0.0021	34.3520	2.0000	0.0000	0.0000	0.0000	0.0000	0.0000	0.0000	0.0000	0.0000	0.0000	0.9996	0.0000	0.9996	0.0000	0.0000	0.0000	0.9996	0.0000	0.9996	0.0001	0.0001	0.0000	0.0000	0.0000	0.0000	0.0001	0.0001	0.0000	0.0972	0.0549	0.0423	0.0143	0.0125	0.0018	0.0829	0.0424	0.0405	0.0000	0.0000	0.0000	0.0000	0.0000	0.0000	0.0000	0.0000	0.0000	10.2845	0.0000	23.6242	0.0000	0.0000	0.0000	12.0560	0.0000	24.6905						
0	139	0.2307	5	1	1	0	1	0	0	0	0	N	N	N	N	N	N	N	N	N	N	N	N	0.0000	0.0000	0.0000	0.0000	0.0000	0.0000	0.0000	0.0000	0.0000	0.0000	0.0000	0.0000	0.0000	0.0021	0.0000	0.0048	0.0000	0.0000	0.0000	0.0025	0.0000	0.0051	inf	0.0000	0.0002	9.0036	1.0020	34.3520	3.0181	0.0000	0.0000	0.0000	0.0000	0.0000	0.0000	0.0000	0.0000	0.0000	0.0004	0.0000	0.0004	0.0000	0.0000	0.0000	0.0004	0.0000	0.0004	0.0561	0.0476	0.0085	0.0037	0.0034	0.0003	0.0524	0.0442	0.0082	0.1974	0.1106	0.0868	0.0277	0.0240	0.0036	0.1698	0.0866	0.0831	0.0000	0.0000	0.0000	0.0000	0.0000	0.0000	0.0000	0.0000	0.0000	0.0021	0.0000	0.0048	0.0000	0.0000	0.0000	0.0025	0.0000	0.0051						
0	140	0.2163	5	1	2	0	0	0	0	0	0	N	Y	N	N	N	N	N	N	N	N	N	N	0.0000	0.0000	0.0000	0.0000	0.0000	0.0000	0.0000	0.0000	0.0000	0.0000	0.0000	0.0000	0.0000	0.0000	0.0000	0.0000	0.0000	0.0000	0.0000	0.0000	9.0036	0.0000	34.3520	4.0001	0.0000	0.0000	0.0000	0.0000	0.0000	0.0000	0.0000	0.0000	0.0000	0.0000	0.0000	0.0000	0.0000	0.0000	0.0000	0.0000	0.0000	0.0000	0.0000	0.0000	0.0000	0.0000	0.0000	0.0000	0.0000	0.0000	0.0000	0.1969	0.1094	0.0875	0.0237	0.0205	0.0032	0.1733	0.0889	0.0844	0.0000	0.0000	0.0000	0.0000	0.0000	0.0000	0.0000	0.0000	0.0000	0.0000	0.0000	0.0000	0.0000	0.0000	0.0000	0.0000	0.0000	0.0000											
0	141	0.5940	7	1	2	0	0	0	0	0	0	N	Y	N	N	N	N	N	N	N	N	N	N	0.0000	0.0000	0.0000	0.0000	0.0000	0.0000	0.0000	0.0000	0.0000	0.0000	0.0000	0.0000	0.0000	0.0000	0.0000	0.0000	0.0000	4.3555	0.0000	24.9191	0.0004	0.0001	0.0020	7.8247	0.0000	31.7616	158789.7913	0.0000	0.5399	9.0036	1.0003	34.3520	5.0186	0.0000	0.0000	0.0000	0.0000	0.0000	0.0000	0.0000	0.0000	0.0000	0.9967	0.0000	0.9967	0.0000	0.0000	0.0000	0.9967	0.0000	0.9967	0.0541	0.0465	0.0076	0.0131	0.0120	0.0011	0.0410	0.0345	0.0065	0.2453	0.1623	0.0830	0.1179	0.0975	0.0204	0.1274	0.0648	0.0626	0.0000	0.0000	0.0000	0.0000	0.0000	0.0000	0.0000	0.0000	0.0000	4.0637	0.0000	12.0115	0.0004	0.0001	0.0020	7.8247	0.0000	15.9181		
0	142	0.2307	5	1	1	1	1	0	0	0	0	N	N	N	N	N	N	N	N	N	N	N	N	0.0000	0.0000	0.0000	0.0000	0.0000	0.0000	0.0000	0.0000	0.0000	0.0000	0.0000	0.0000	0.0000	0.0000	0.0000	0.0001	0.0000	0.0000	0.0000	0.0000	0.0000	0.0001	inf	0.0000	0.0000	9.0036	0.0001	34.3520	9.0026	0.0000	0.0000	0.0000	0.0000	0.0000	0.0000	0.0000	0.0000	0.0000	0.0000	0.0000	0.0000	0.0000	0.0000	0.0000	0.0000	0.0000	0.0000	0.0000	0.0000	0.0000	0.0000	0.0000	0.0000	0.0000	0.0000	0.0000	0.4330	0.2429	0.1901	0.0604	0.0525	0.0080	0.3725	0.1904	0.1821	0.0000	0.0000	0.0000	0.0000	0.0000	0.0000	0.0000	0.0000	0.0000	0.0000	0.0000	0.0001	0.0000	0.0000	0.0000	0.0000	0.0000	0.0001						
0	143	0.5794	7	1	1	1	1	0	0	0	0	N	N	N	N	N	N	N	N	N	N	N	N	0.0000	0.0000	0.0000	0.0000	0.0000	0.0000	0.0000	0.0000	0.0000	0.0000	0.0000	0.0000	0.0000	0.0000	0.0000	0.0000	0.0000	0.0000	2.4441	3.7125	0.0005	0.0308	0.0373	0.0011	4.6220	9.0500	0.0003	0.0001	0.0000	-0.4611	9.0036	2.0061	34.3520	8.0425	0.0000	0.0000	0.0000	0.0000	0.0000	0.0000	0.0000	0.0000	0.0000	1.0060	1.0060	0.0001	0.0060	0.0060	0.0000	1.0000	1.0000	0.0000	0.1076	0.0922	0.0155	0.0235	0.0216	0.0020	0.0841	0.0706	0.0135	0.4116	0.2710	0.1406	0.1953	0.1605	0.0348	0.2164	0.1105	0.1059	0.0000	0.0000	0.0000	0.0000	0.0000	0.0000	0.0000	0.0000	0.0000	2.4441	3.7125	0.0005	0.0308	0.0373	0.0011	4.6220	9.0500	0.0003	
0	144	0.5704	6	1	1	0	1	0	0	0	0	N	N	N	N	N	N	N	N	N	N	N	N	0.0000	0.0000	0.0000	0.0000	0.0000	0.0000	0.0000	0.0000	0.0000	0.0000	0.0000	0.0000	0.0000	0.0000	0.0000	0.0000	0.0000	0.0000	0.0362	0.0169	0.0850	0.0285	0.0278	0.0336	0.0435	0.0005	0.0973	1.9875	0.0000	0.0020	9.0036	1.9550	34.3520	2.1189	0.0000	0.0000	0.0000	0.0000	0.0000	0.0000	0.0000	0.0000	0.0000	0.0099	0.0033	0.0066	0.0038	0.0033	0.0005	0.0061	0.0000	0.0061	0.1134	0.0969	0.0165	0.0318	0.0285	0.0033	0.0816	0.0684	0.0132	0.2732	0.1958	0.0774	0.1325	0.1176	0.0149	0.1407	0.0782	0.0625	0.0000	0.0000	0.0000	0.0000	0.0000	0.0000	0.0000	0.0000	0.0000	0.0362	0.0169	0.0850	0.0285	0.0278	0.0336	0.0435	0.0005	0.0973	
0	145	0.5704	6	1	1	1	1	0	0	0	0	N	N	N	N	N	N	N	N	N	N	N	N	2.8777	2.2605	0.0000	0.0000	0.0000	0.0000	3.3425	2.0856	8.1675	9.5511	0.0000	0.0000	0.0000	0.0000	11.2970	13.4744	0.0000	2.8382	4.2252	0.0001	2.2259	2.6506	0.0004	3.3798	6.4606	0.0000	0.0000	0.0000	-0.4411	-1.1724	9.0036	2.1261	34.3520	18.6477	1.0000	1.0000	0.0000	0.0000	0.0000	0.0000	1.0000	1.0000	0.0000	2.5579	2.5578	0.0000	0.9415	0.9415	0.0000	1.6164	1.6164	0.0000	0.1224	0.1047	0.0177	0.0339	0.0305	0.0034	0.0885	0.0742	0.0143	0.9012	0.6054	0.2958	0.4230	0.3552	0.0678	0.4782	0.2502	0.2281	2.8777	2.2605	0.0000	0.0000	0.0000	0.0000	3.3425	2.0856	0.0000	2.8382	4.2252	0.0001	2.2259	2.6506	0.0004	3.3798	6.4606	0.0000	
0	146	0.2307	5	1	1	1	1	0	0	0	0	N	N	N	N	N	N	N	N	N	N	N	N	0.0000	0.0000	0.0000	0.0000	0.0000	0.0000	0.0000	0.0000	0.0000	0.0000	0.0000	0.0000	0.0000	0.0000	0.0000	2.5923	4.6594	0.0001	0.0000	0.0000	0.0000	3.0132	5.8960	0.0001	0.0000	0.0000	-0.4584	9.0036	2.0001	34.3520	5.9880	0.0000	0.0000	0.0000	0.0000	0.0000	0.0000	0.0000	0.0000	0.0000	1.0000	1.0000	0.0000	0.0000	0.0000	0.0000	1.0000	1.0000	0.0000	0.1115	0.0947	0.0168	0.0073	0.0068	0.0005	0.1042	0.0878	0.0163	0.3858	0.2164	0.1694	0.0539	0.0468	0.0071	0.3319	0.1696	0.1623	0.0000	0.0000	0.0000	0.0000	0.0000	0.0000	0.0000	0.0000	0.0000	2.5923	4.6217	0.0001	0.0000	0.0000	0.0000	3.0132	5.8960	0.0001				
0	147	0.2307	5	1	1	1	1	0	0	0	0	N	N	N	N	N	N	N	N	N	N	N	N	0.9647	0.9594	0.0000	0.0000	0.0000	0.8895	0.8138	0.0000	2.0572	2.4188	0.0000	0.0000	0.0000	0.0000	2.2018	2.6059	0.0000	2.1325	2.5213	1.6298	0.0008	0.0000	0.0061	2.4753	3.2021	1.7024	0.0000	0.5000	-0.4411	-0.3751	9.0036	9.0001	34.3520	23.0169	1.0000	1.0000	0.0000	0.0000	0.0000	0.0000	1.0000	1.0000	0.0000	3.0000	2.0000	1.0000	0.0002	0.0000	0.0002	2.9998	2.0000	0.9998	0.4861	0.4134	0.0727	0.0319	0.0297	0.0022	0.4542	0.3837	0.0704	1.4068	0.7933	0.6135	0.1949	0.1687	0.0263	1.2119	0.6246	0.5873	0.9647	0.9594	0.0000	0.0000	0.0000	0.0000	0.8895	0.8138	0.0000	2.1325	2.5213	1.6298	0.0008	0.0000	0.0061	2.4753	3.2021	1.7024	
0	148	0.2054	4	1	1	0	1	0	0	0	0	N	N	N	N	N	N	N	N	N	N	N	N	0.0035	0.0292	0.0090	0.0220	0.0079	1.8361	0.0031	0.1613	0.0087	0.0067	0.0009	0.0387	0.0022	0.0009	0.0203	0.0070	0.0009	0.0393	1.8986	0.0309	4.3273	0.0989	0.1098	0.0111	2.2272	0.0056	4.5040	7.6798	107.6167	0.0003	0.5338	9.0036	1.9990	34.3520	7.9526	0.0007	0.0001	0.0007	0.0000	0.0000	0.0000	0.0007	0.0001	0.0006	1.0026	0.0092	0.9934	0.0081	0.0080	0.0001	0.9945	0.0013	0.9933	0.1121	0.0951	0.0170	0.0073	0.0068	0.0005	0.1048	0.0883	0.0165	0.5281	0.2985	0.2296	0.0815	0.0725	0.0090	0.4465	0.2260	0.2205	0.0035	0.0292	0.0090	0.0220	0.0079	1.8361	0.0031	0.1613	0.0087	1.8986	0.0309	4.3273	0.0989	0.1098	0.0111	2.2272	0.0056	4.5040
0	149	0.1734	3	2	2	0	0	0	0	0	0	Y	Y	N	N	N	N	N	N	N	N	N	N	2.2488	2.0485	3.9622	3680.8646	3564.5667	121.5653	0.6481	0.0000	3.9089	3.7784	3.0822	7.6778	24.7320	25.2020	0.2018	1.3003	0.0000	7.7772	1.6802	1.5046	1.9377	0.0067	0.0071	0.0017	2.0062	2.0211	1.9896	0.4448	0.8781	-0.1757	0.0198	9.0036	5.3497	34.3520	17.2225	1.3183	0.9125	0.4058	0.9126	0.9125	0.0001	0.4057	0.0000	0.4057	2.1575	1.1487	1.0087	0.0014	0.0014	0.0000	2.1561	1.1474	1.0087	0.3489	0.2961	0.0529	0.0369	0.0362	0.0007	0.3120	0.2598	0.0522	1.2840	0.7635	0.5206	0.2094	0.1958	0.0136	1.0747	0.5677	0.5070	2.2488	2.0485	3.9622	3680.8646	3564.5667	121.5653	0.6481	0.0000	3.9089	1.6802	1.5046	1.9377	0.0067	0.0071	0.0017	2.0062	2.0211	1.9896
0	150	0.2043	4	1	2	0	0	0	0	0	0	N	Y	N	N	N	N	N	N	N	N	N	N	0.7055	0.5211	0.0035	45.9655	44.0370	0.0359	0.0019	0.0012	0.0031	1.0626	1.2250	0.0002	4.4585	4.5847	0.0005	0.0037	0.0044	0.0002	1.5062	2.3509	0.0712	0.0970	0.1041	0.0146	1.9691	3.6232	0.0743	0.0000	0.0178	-0.1526	-0.9089	9.0036	3.6794	34.3520	17.4287	0.3461	0.3461	0.0000	0.3451	0.3451	0.0000	0.0009	0.0009	0.0000	2.0617	2.0256	0.0361	0.0328	0.0324	0.0004	2.0288	1.9931	0.0357	0.3257	0.2825	0.0432	0.0774	0.0753	0.0021	0.2483	0.2072	0.0410	1.3688	0.8616	0.5072	0.3384	0.3115	0.0269	1.0304	0.5501	0.4803	0.7055	0.5211	0.0035	45.9655	44.0370	0.0359	0.0019	0.0012	0.0031	1.5062	2.3509	0.0712	0.0970	0.1041	0.0146	1.9691	3.6232	0.0743
0	151	0.1734	3	1	2	0	0	0	0	0	0	N	Y	N	N	N	N	N	N	N	N	N	N	3.1982	4.5815	1.1890	2.3851	2.4152	27.4650	4.1095	133.6572	1.1730	6.6203	7.1884	3.4136	11.9708	12.1304	0.0967	5.7622	6.2433	3.4545	2.0700	1.5690	2.8710	5.0190	5.0226	0.0035	1.4022	0.0467	2.9450	0.0841	1.1446	-0.5946	0.1390	9.0036	3.4464	34.3520	10.1316	1.6357	1.5088	0.1269	0.4088	0.4087	0.0000	1.2269	1.1000	0.1269	1.8445	0.8601	0.9844	0.8423	0.8423	0.0000	1.0022	0.0178	0.9844	0.2471	0.2099	0.0372	0.0341	0.0337	0.0005	0.2129	0.1762	0.0367	0.8911	0.5482	0.3429	0.1763	0.1677	0.0086	0.7147	0.3805	0.3343	3.1982	4.5815	1.1890	2.5059	2.4152	27.4650	4.1095	133.6572	1.1730	2.0700	1.5690	2.8710	4.7770	5.0226	0.0035	1.4022	0.0467	2.9450
0	152	0.6008	9	2	2	0	0	0	0	0	0	Y	Y	N	N	N	N	N	N	N	N	N	N	151.2293	inf	0.0000	105.4873	inf	0.0000	0.0148	0.0172	0.0000	0.0000	0.0000	0.0000	0.0198	0.0235	0.0000	0.0001	0.0000	0.0003	0.0000	0.0000	0.0000	0.0002	0.0000	0.0004	0.0000	inf	-0.0004	0.0000	9.0036	1.0143	34.3520	12.0086	0.0008	0.0008	0.0000	0.0000	0.0000	0.0000	0.0008	0.0008	0.0000	0.0001	0.0000	0.0001	0.0000	0.0000	0.0000	0.0001	0.0000	0.0001	0.0560	0.0482	0.0078	0.0140	0.0129	0.0011	0.0420	0.0353	0.0067	0.5101	0.3369	0.1731	0.2432	0.2005	0.0426	0.2669	0.1364	0.1305	151.2293	inf	0.0000	0.0000	0.0000	0.0000	105.4873	inf	0.0000	0.0001	0.0000	0.0003	0.0000	0.0000	0.0000	0.0002	0.0000	0.0004			
0	153	0.5985	8	2	2	0	0	0	0	0	0	Y	Y	N	N	N	N	N	N	N	N	N	N	0.9510	5.5357	0.0000	16.0215	14.4390	0.0000	0.0000	0.0000	0.0155	0.0180	0.0000	0.0636	0.0693	0.0000	0.0000	0.0000	0.0000	0.0163	0.0033	0.0419	0.0040	0.0048	0.0000	0.0278	0.0009	0.0556	0.0000	6.5573	-0.0004	0.0003	9.0036	0.9811	34.3520	0.0216	0.0008	0.0008	0.0000	0.0008	0.0008	0.0000	0.0000	0.0000	0.0000	0.0007	0.0001	0.0006	0.0001	0.0001	0.0000	0.0006	0.0000	0.0006	0.0535	0.0460	0.0075	0.0130	0.0120	0.0011	0.0405	0.0340	0.0065	0.0417	0.0276	0.0141	0.0201	0.0167	0.0035	0.0215	0.0109	0.0106	0.9510	5.5357	0.0000	16.0215	14.4390	0.0000	0.0000	0.0000	0.0000	0.0163	0.0033	0.0419	0.0040	0.0048	0.0000	0.0278	0.0009	0.0556	
0	154	0.5940	7	2	2	0	0	0	0	0	0	Y	Y	N	N	N	N	N	N	N	N	N	N	0.0000	0.0000	0.0000	0.0000	0.0000	0.0000	0.0000	0.0000	0.0000	0.0000	0.0000	0.0000	0.0000	0.0000	0.0000	0.0000	0.0000	0.0760	0.0910	0.0463	0.1260	0.1503	0.0058	0.0292	0.0000	0.0592	0.2578	0.0000	-0.0016	9.0036	0.0083	34.3520	2.0001	0.0000	0.0000	0.0000	0.0000	0.0000	0.0000	0.0000	0.0000	0.0000	0.0065	0.0052	0.0013	0.0052	0.0052	0.0000	0.0013	0.0000	0.0013	0.0005	0.0004	0.0001	0.0002	0.0002	0.0000	0.0004	0.0003	0.0001	0.0854	0.0567	0.0287	0.0412	0.0343	0.0069	0.0441	0.0224	0.0218	0.0000	0.0000	0.0000	0.0000	0.0000	0.0000	0.0000	0.0000	0.0000	0.0760	0.0910	0.0463	0.1260	0.1503	0.0058	0.0292	0.0000	0.0592		
0	155	0.5704	6	1	2	0	0	0	0	0	0	N	Y	N	N	N	N	N	N	N	N	N	N	0.0000	0.0000	0.0000	0.0000	0.0000	0.0000	0.0000	0.0000	0.0000	0.0000	0.0000	0.0000	0.0000	0.0000	0.0000	0.0000	0.0000	0.0000	1.9383	0.0033	6.1715	0.0070	0.0053	0.0171	3.6930	0.0003	7.9003	861.7433	0.0000	0.5421	9.0036	2.9180	34.3520	7.4065	0.0000	0.0000	0.0000	0.0000	0.0000	0.0000	0.0000	0.0000	0.0000	1.0031	0.0012	1.0019	0.0017	0.0011	0.0006	1.0013	0.0000	1.0013	0.1643	0.1407	0.0236	0.0438	0.0395	0.0042	0.1205	0.1012	0.0193	0.5175	0.3552	0.1623	0.2464	0.2108	0.0356	0.2711	0.1444	0.1267	0.0000	0.0000	0.0000	0.0000	0.0000	0.0000	0.0000	0.0000	0.0000	1.9383	0.0033	6.1715	0.0070	0.0053	0.0171	3.6930	0.0003	7.9003	
0	156	0.5045	5	1	1	0	0	0	0	0	0	N	N	N	N	N	N	N	N	N	N	N	N	1.8551	1.8579	0.0015	0.6522	0.7501	0.0008	18.6537	25.7087	0.0065	0.6518	0.7425	0.0004	0.4386	0.4651	0.0008	0.7554	0.8926	0.0003	0.3514	0.3996	0.2503	0.6725	0.6201	0.9880	0.0405	0.0347	0.0463	0.0001	0.2993	-0.1873	-0.1240	9.0036	8.2479	34.3520	19.7214	0.4246	0.4246	0.0000	0.0934	0.0934	0.0000	0.3312	0.3312	0.0000	0.5439	0.4186	0.1253	0.5120	0.4049	0.1071	0.0318	0.0137	0.0182	0.6515	0.5719	0.0796	0.2130	0.2008	0.0122	0.4385	0.3710	0.0674	1.5478	1.0474	0.5004	0.7614	0.6529	0.1084	0.7865	0.3945	0.3920	1.8551	1.8579	0.0015	0.6522	0.7501	0.0008	18.6537	25.7087	0.0065	0.3514	0.3996	0.2503	0.6725	0.6201	0.9880	0.0405	0.0347	0.0463
0	157	0.4684	4	1	1	0	0	0	0	0	0	N	N	N	N	N	N	N	N	N	N	N	N	1.9053	2.4343	0.0566	0.0544	0.0611	0.0162	3.4583	7.0196	0.0718	1.3805	1.5886	0.0498	0.0491	0.0514	0.0202	1.8346	2.1657	0.0545	0.7246	0.6526	0.8810	0.9029	0.8414	1.2468	0.5305	0.3085	0.7587	0.0049	0.6212	-0.2949	-0.0832	9.0036	7.4725	34.3520	14.3153	0.6761	0.6728	0.0033	0.0061	0.0059	0.0002	0.6700	0.6669	0.0031	1.1060	0.6822	0.4238	0.7183	0.5679	0.1504	0.3878	0.1143	0.2735	0.4898	0.4235	0.0662	0.1246	0.1156	0.0089	0.3652	0.3079	0.0573	1.5265	1.0455	0.4810	0.7955	0.6749	0.1206	0.7310	0.3705	0.3604	1.9053	2.4343	0.0566	0.0544	0.0611	0.0162	3.4583	7.0196	0.0718	0.7246	0.6526	0.8810	0.9029	0.8414	1.2468	0.5305	0.3085	0.7587
0	158	0.4029	3	1	1	0	0	0	0	0	0	N	N	N	N	N	N	N	N	N	N	N	N	1.5272	0.2574	5.2634	0.3920	0.9541	0.0172	3.0474	0.0139	14.8017	1.4801	0.1336	10.3324	0.5548	0.5790	0.1163	1.7183	0.0054	11.2336	0.9692	0.5190	1.9631	1.4152	0.6068	6.7744	0.5639	0.3867	0.7589	11.7658	1.7133	0.5186	0.3659	9.0036	11.6653	34.3520	19.4910	1.0792	0.0845	0.9947	0.0828	0.0819	0.0009	0.9964	0.0026	0.9938	2.1143	0.7792	1.3351	1.4699	0.5477	0.9222	0.6444	0.2316	0.4128	0.7292	0.6329	0.0963	0.1493	0.1414	0.0078	0.5799	0.4914	0.0885	2.1815	1.5014	0.6801	1.0387	0.9025	0.1361	1.1428	0.5989	0.5440	1.5272	0.2574	5.2634	0.3920	0.9541	0.0172	3.0474	0.0139	14.8017	0.9692	0.5190	1.9631	1.4152	0.6068	6.7744	0.5639	0.3867	0.7589
0	159	0.3556	2	1	1	0	0	0	0	0	0	N	N	N	N	N	N	N	N	N	N	N	N	0.4914	0.3402	1.8906	1.6941	1.7295	0.0034	0.1740	0.0060	2.2801	0.5509	0.4583	1.1678	1.8144	1.8979	0.0030	0.2032	0.0105	1.2594	1.1213	1.3471	0.6177	1.0710	1.0974	0.8875	1.1677	1.7351	0.5524	0.3826	0.2056	-0.0463	-0.7281	9.0036	7.3933	34.3520	20.5306	0.2816	0.2036	0.0779	0.2001	0.2001	0.0000	0.0815	0.0035	0.0779	2.5296	2.0982	0.4314	1.1609	1.0401	0.1209	1.3687	1.0581	0.3106	0.5111	0.4443	0.0667	0.1103	0.1054	0.0049	0.4008	0.3389	0.0619	2.2560	1.5576	0.6984	1.0840	0.9478	0.1362	1.1721	0.6098	0.5622	0.4914	0.3402	1.8906	1.6941	1.7295	0.0034	0.1740	0.0060	2.2801	1.1213	1.3471	0.6177	1.0710	1.0974	0.8875	1.1677	1.7351	0.5524
0	161	0.2240	7	2	2	0	0	0	0	0	0	Y	Y	N	N	N	N	N	N	N	N	N	N	0.0000	0.0000	0.0000	0.0000	0.0000	0.0000	0.0000	0.0000	0.0000	0.0000	0.0000	0.0000	0.0000	0.0000	0.0000	0.0000	0.0000	0.0000	0.0000	0.0000	9.0036	0.0002	34.3520	3.0099	0.0000	0.0000	0.0000	0.0000	0.0000	0.0000	0.0000	0.0000	0.0000	0.0000	0.0000	0.0000	0.0000	0.0000	0.0000	0.0000	0.0000	0.0000	0.0000	0.0000	0.0000	0.0000	0.0000	0.0000	0.0000	0.0000	0.0000	0.1522	0.0857	0.0665	0.0199	0.0175	0.0024	0.1323	0.0683	0.0641	0.0000	0.0000	0.0000	0.0000	0.0000	0.0000	0.0000	0.0000	0.0000	0.0000	0.0000	0.0000	0.0000	0.0000	0.0000	0.0000	0.0000	0.0000											
0	162	0.2163	6	2	2	0	0	0	0	0	0	Y	Y	N	N	N	N	N	N	N	N	N	N	0.0000	0.0000	0.0000	0.0000	0.0000	0.0000	0.0000	0.0000	0.0000	0.0000	0.0000	0.0000	0.0000	0.0000	0.0000	0.0000	0.0000	0.0000	0.0000	0.0000	9.0036	0.9998	34.3520	2.0118	0.0000	0.0000	0.0000	0.0000	0.0000	0.0000	0.0000	0.0000	0.0000	0.0000	0.0000	0.0000	0.0000	0.0000	0.0000	0.0000	0.0000	0.0000	0.0560	0.0475	0.0085	0.0035	0.0033	0.0002	0.0525	0.0442	0.0083	0.1489	0.0827	0.0662	0.0179	0.0155	0.0024	0.1310	0.0672	0.0638	0.0000	0.0000	0.0000	0.0000	0.0000	0.0000	0.0000	0.0000	0.0000	0.0000	0.0000	0.0000	0.0000	0.0000	0.0000	0.0000	0.0000	0.0000											
0	163	0.2163	5	2	2	0	0	0	0	0	0	Y	Y	N	N	N	N	N	N	N	N	N	N	0.0000	0.0000	0.0000	0.0000	0.0000	0.0000	0.0000	0.0000	0.0000	0.0000	0.0000	0.0000	0.0000	0.0000	0.0000	0.0000	0.0000	0.0000	0.0000	0.0000	9.0036	0.0000	34.3520	0.0003	0.0000	0.0000	0.0000	0.0000	0.0000	0.0000	0.0000	0.0000	0.0000	0.0000	0.0000	0.0000	0.0000	0.0000	0.0000	0.0000	0.0000	0.0000	0.0000	0.0000	0.0000	0.0000	0.0000	0.0000	0.0000	0.0000	0.0000	0.0000	0.0000	0.0000	0.0000	0.0000	0.0000	0.0000	0.0000	0.0000	0.0000	0.0000	0.0000	0.0000	0.0000	0.0000	0.0000	0.0000	0.0000	0.0000	0.0000	0.0000	0.0000	0.0000	0.0000	0.0000	0.0000	0.0000											
0	164	0.2054	4	1	2	0	0	0	0	0	0	N	Y	N	N	N	N	N	N	N	N	N	N	11.4582	0.9234	inf	0.1461	0.0494	inf	176.3631	13.1771	inf	0.6872	0.0961	3.4475	0.0409	0.0153	4.9736	1.0489	0.1579	3.4313	0.0600	0.1041	0.0000	0.2801	0.3106	0.0000	0.0059	0.0120	0.0000	7.6798	0.0000	0.0003	-0.0073	9.0036	0.0063	34.3520	4.3641	0.0007	0.0001	0.0007	0.0000	0.0000	0.0000	0.0007	0.0001	0.0006	0.0160	0.0160	0.0000	0.0147	0.0147	0.0000	0.0013	0.0013	0.0000	0.0011	0.0009	0.0002	0.0004	0.0004	0.0000	0.0007	0.0005	0.0002	0.2660	0.1532	0.1127	0.0524	0.0473	0.0051	0.2135	0.1060	0.1076	11.4582	0.9234	inf	0.1461	0.0494	inf	176.3631	13.1771	inf	0.0600	0.1041	0.0000	0.2801	0.3106	0.0000	0.0059	0.0120	0.0000
0	165	0.1734	3	1	1	0	0	0	0	0	0	N	N	N	N	N	N	N	N	N	N	N	N	2.7702	0.3749	604.2941	0.0358	0.0334	383.0444	13.0223	1.5725	596.4744	2.5246	0.5466	13.7797	0.1277	0.1247	0.4190	3.0036	0.6481	13.9330	0.9114	1.4582	0.0228	3.5640	3.7381	0.0011	0.2306	0.4121	0.0234	4.4302	0.0096	0.1863	-0.3452	9.0036	2.5207	34.3520	10.0226	0.4971	0.0915	0.4056	0.0042	0.0040	0.0001	0.4929	0.0875	0.4054	0.7692	0.7619	0.0073	0.6143	0.6143	0.0000	0.1549	0.1476	0.0073	0.1969	0.1675	0.0294	0.0328	0.0325	0.0003	0.1641	0.1350	0.0291	0.8440	0.5225	0.3215	0.1724	0.1643	0.0080	0.6717	0.3581	0.3135	2.7702	0.3749	604.2941	0.0358	0.0334	383.0444	13.0223	1.5725	596.4744	0.9114	1.4582	0.0228	3.5640	3.7381	0.0011	0.2306	0.4121	0.0234
0	166	0.1579	2	1	1	0	0	0	0	0	0	N	N	N	N	N	N	N	N	N	N	N	N	2.5498	2.4197	5.3947	4.3896	4.2725	2.0602	2.2478	3.0729	5.2760	5.1501	2.0640	22.0208	5.6112	5.6792	0.1113	5.1119	1.7092	22.1540	2.0198	0.8530	4.0819	1.2783	1.3292	0.0540	2.2742	0.5562	4.1990	1.9516	2.7077	0.1942	0.3551	9.0036	2.6894	34.3520	4.6619	0.8825	0.2990	0.5835	0.0735	0.0735	0.0000	0.8090	0.2255	0.5835	1.3060	0.3522	0.9538	0.2111	0.2107	0.0004	1.0949	0.1415	0.9534	0.1714	0.1449	0.0265	0.0131	0.0129	0.0002	0.1583	0.1319	0.0263	0.6466	0.4129	0.2337	0.1651	0.1585	0.0066	0.4815	0.2544	0.2271	2.5498	2.4197	5.3947	4.3896	4.2725	2.0602	2.2478	3.0729	5.2760	2.0198	0.8530	4.0819	1.2783	1.3292	0.0540	2.2742	0.5562	4.1990
1	2	0.4968	7	1	1	1	1	0	0	0	0	N	N	N	N	N	N	N	N	N	N	N	N	23.3010	32.0486	0.0000	77.9761	70.1625	0.0000	0.0000	0.0000	0.0000	0.5059	0.5763	0.0000	1.9092	1.9773	0.0000	0.0000	0.0000	0.0000	0.0217	0.0180	0.0297	0.0245	0.0282	0.0051	0.0187	0.0001	0.0384	0.0000	0.7704	-0.0769	-0.0007	5.1039	8.0000	21.2862	25.9398	0.1743	0.1743	0.0000	0.1743	0.1743	0.0000	0.0000	0.0000	0.0000	0.0308	0.0174	0.0134	0.0179	0.0173	0.0006	0.0128	0.0000	0.0128	0.3444	0.3024	0.0420	0.0913	0.0881	0.0031	0.2532	0.2143	0.0389	1.4162	0.9660	0.4503	0.7330	0.6156	0.1174	0.6832	0.3503	0.3329	23.3010	32.0486	0.0000	77.9761	70.1625	0.0000	0.0000	0.0000	0.0000	0.0217	0.0180	0.0297	0.0245	0.0282	0.0051	0.0187	0.0001	0.0384
1	3	0.6544	9	1	1	0	1	0	0	0	0	N	N	N	N	N	N	N	N	N	N	N	N	0.0000	0.0000	0.0000	0.0000	0.0000	0.0000	0.0000	0.0000	0.0000	0.0000	0.0000	0.0000	0.0000	0.0000	0.0000	0.0000	0.0000	0.0000	0.8550	1.1315	0.0328	1.5946	1.7529	0.0318	0.0144	0.0002	0.0330	0.0097	0.0000	-0.1391	5.1039	1.9995	21.2862	3.6173	0.0000	0.0000	0.0000	0.0000	0.0000	0.0000	0.0000	0.0000	0.0000	0.3099	0.3069	0.0030	0.3075	0.3069	0.0006	0.0024	0.0000	0.0024	0.0895	0.0783	0.0112	0.0285	0.0273	0.0012	0.0610	0.0510	0.0100	0.3625	0.2713	0.0912	0.1928	0.1751	0.0177	0.1697	0.0962	0.0735	0.0000	0.0000	0.0000	0.0000	0.0000	0.0000	0.0000	0.0000	0.0000	0.8550	1.1315	0.0328	1.5946	1.7529	0.0318	0.0144	0.0002	0.0330	
1	4	0.1263	2	1	1	0	1	0	0	0	0	N	N	N	N	N	N	N	N	N	N	N	N	1.2058	0.3263	4.4593	0.5768	0.5458	0.7138	1.9712	0.0001	4.2144	0.8367	0.2752	2.0531	0.5688	0.5710	0.0150	0.9692	0.0001	2.0613	0.6939	0.8435	0.4604	0.9861	1.0462	0.0210	0.4917	0.4958	0.4891	3.4435	0.3498	0.2961	-0.4292	5.1039	11.5083	21.2862	19.4752	0.8870	0.1996	0.6874	0.1996	0.1996	0.0000	0.6874	0.0000	0.6874	2.1542	1.5960	0.5583	1.2520	1.2504	0.0016	0.9022	0.3455	0.5567	1.0602	0.7254	0.3348	0.3509	0.3496	0.0013	0.7092	0.3758	0.3335	3.1047	1.8922	1.2126	1.2696	1.1953	0.0744	1.8351	0.6969	1.1382	1.2058	0.3263	4.4593	0.5768	0.5458	0.7138	1.9712	0.0001	4.2144	0.6939	0.8435	0.4604	0.9861	1.0462	0.0210	0.4917	0.4958	0.4891
1	5	0.4968	7	2	1	1	0	0	0	0	0	Y	N	N	N	N	N	N	N	N	N	N	N	0.7254	1.4184	0.0034	0.0332	0.0152	16.7443	0.5297	0.9664	0.0000	1.4412	1.6382	0.0129	0.0124	0.0067	0.1722	1.9524	2.3030	0.0000	1.9868	1.1550	3.7819	0.3741	0.4420	0.0103	3.6861	2.3831	5.0723	0.0011	1.5174	-0.4261	0.4738	5.1039	16.0000	21.2862	24.4443	0.9684	0.9674	0.0011	0.0022	0.0011	0.0011	0.9662	0.9662	0.0000	3.2817	1.3036	1.9781	0.3170	0.3156	0.0014	2.9647	0.9880	1.9767	0.6719	0.5905	0.0814	0.1770	0.1709	0.0061	0.4949	0.4195	0.0754	1.6517	1.1287	0.5230	0.8474	0.7141	0.1333	0.8043	0.4146	0.3897	0.7254	1.4184	0.0034	0.0332	0.0152	16.7443	0.5297	0.9664	0.0000	1.9868	1.1550	3.7819	0.3741	0.4420	0.0103	3.6861	2.3831	5.0723
1	6	0.5339	9	1	2	0	0	0	0	0	0	N	Y	N	N	N	N	N	N	N	N	N	N	0.0732	0.0675	0.1621	3.0019	0.1195	9.0381	0.0044	0.0000	0.0126	0.0746	0.0013	0.5440	0.2007	0.0036	2.7640	0.0090	0.0000	0.0538	1.0190	0.0195	3.3565	0.0668	0.0301	0.3058	2.0570	0.0004	4.2799	64.3644	73.4240	0.0067	0.5353	5.1039	3.1362	21.2862	18.3411	0.0124	0.0002	0.0122	0.0114	0.0002	0.0112	0.0010	0.0000	0.0010	1.0135	0.0136	0.9999	0.0347	0.0135	0.0212	0.9788	0.0001	0.9787	0.1659	0.1435	0.0224	0.0567	0.0527	0.0041	0.1092	0.0909	0.0183	0.9946	0.6967	0.2979	0.5187	0.4495	0.0692	0.4758	0.2472	0.2287	0.0732	0.0675	0.1621	3.0019	0.1195	9.0381	0.0044	0.0000	0.0126	1.0190	0.0195	3.3565	0.0668	0.0301	0.3058	2.0570	0.0004	4.2799
1	7	0.5926	10	1	1	1	1	0	0	0	0	N	N	N	N	N	N	N	N	N	N	N	N	0.0529	0.5719	0.0000	1.2837	1.1488	0.0000	0.0000	0.0000	0.0000	0.0863	0.1013	0.0000	0.2580	0.2670	0.0000	0.0000	0.0000	0.0000	1.6307	0.1772	4.9205	0.2010	0.2324	0.0017	3.3637	0.0586	6.5067	0.0000	12.2681	-0.0012	0.4985	5.1039	0.6329	21.2862	9.5631	0.0028	0.0028	0.0000	0.0028	0.0028	0.0000	0.0000	0.0000	0.0000	1.0692	0.0806	0.9886	0.0722	0.0721	0.0001	0.9970	0.0085	0.9885	0.0328	0.0279	0.0049	0.0110	0.0106	0.0004	0.0218	0.0173	0.0045	0.6557	0.4548	0.2009	0.3593	0.3103	0.0490	0.2964	0.1445	0.1519	0.0529	0.5719	0.0000	1.2837	1.1488	0.0000	0.0000	0.0000	0.0000	1.6307	0.1772	4.9205	0.2010	0.2324	0.0017	3.3637	0.0586	6.5067
1	8	0.1382	3	1	1	1	1	0	0	0	0	N	N	N	N	N	N	N	N	N	N	N	N	0.1848	0.3049	0.0063	1.4491	1.4314	0.0000	0.0031	0.0031	0.0064	0.1731	0.2024	0.0086	0.7508	0.7988	0.0000	0.0039	0.0027	0.0094	0.9370	0.6638	1.3644	0.5182	0.5580	0.0231	1.2596	0.8691	1.4860	0.0076	1.3145	-0.0105	0.1830	5.1039	2.7092	21.2862	11.4516	0.0241	0.0239	0.0002	0.0237	0.0237	0.0000	0.0004	0.0002	0.0002	1.6697	0.7214	0.9483	0.4017	0.4004	0.0013	1.2680	0.3210	0.9469	0.1393	0.1183	0.0210	0.0316	0.0297	0.0019	0.1077	0.0886	0.0191	1.7819	1.0868	0.6950	0.7752	0.7175	0.0578	1.0066	0.3694	0.6373	0.1848	0.3049	0.0063	1.4491	1.4314	0.0000	0.0031	0.0031	0.0064	0.9370	0.6638	1.3644	0.5182	0.5580	0.0231	1.2596	0.8691	1.4860
1	9	0.5707	9	2	2	0	0	0	0	0	0	Y	Y	N	N	N	N	N	N	N	N	N	N	0.0000	0.0000	0.0000	0.0000	0.0000	0.0000	0.0000	0.0000	0.0000	0.0000	0.0000	0.0000	0.0000	0.0000	0.0000	0.0000	0.0000	0.0000	1.7482	2.5036	0.0394	2.9797	3.6054	0.0034	0.0854	0.1126	0.0567	0.0000	0.0070	-0.0000	-0.5802	5.1039	2.0019	21.2862	13.5902	0.0000	0.0000	0.0000	0.0000	0.0000	0.0000	0.0000	0.0000	0.0000	1.2852	1.2763	0.0089	1.2585	1.2582	0.0003	0.0267	0.0181	0.0086	0.0944	0.0832	0.0111	0.0292	0.0280	0.0012	0.0652	0.0552	0.0099	0.7351	0.5098	0.2253	0.4223	0.3490	0.0734	0.3128	0.1608	0.1520	0.0000	0.0000	0.0000	0.0000	0.0000	0.0000	0.0000	0.0000	0.0000	1.7482	2.5036	0.0394	2.9797	3.6054	0.0034	0.0854	0.1126	0.0567
1	10	0.6042	12	2	1	1	0	0	0	0	0	Y	N	N	N	N	N	N	N	N	N	N	N	0.0000	0.0000	0.0000	0.0000	0.0000	0.0000	0.0000	0.0000	0.0000	0.0000	0.0000	0.0000	0.0000	0.0000	0.0000	0.0000	0.0000	0.0000	3.7705	5.8899	0.0109	3.0657	3.7588	0.0002	4.8311	9.1170	0.0171	0.0000	0.0009	-0.0000	-0.8850	5.1039	1.0010	21.2862	10.8665	0.0000	0.0000	0.0000	0.0000	0.0000	0.0000	0.0000	0.0000	0.0000	1.9344	1.9327	0.0017	0.9448	0.9448	0.0000	0.9896	0.9879	0.0017	0.0477	0.0422	0.0055	0.0164	0.0157	0.0007	0.0313	0.0265	0.0048	0.5130	0.3597	0.1533	0.3082	0.2514	0.0568	0.2048	0.1084	0.0965	0.0000	0.0000	0.0000	0.0000	0.0000	0.0000	0.0000	0.0000	0.0000	3.7705	5.3729	0.0109	3.0657	3.7588	0.0002	4.8311	9.1170	0.0171
1	11	0.5937	12	2	2	0	1	0	0	0	0	Y	Y	N	N	N	N	N	N	N	N	N	N	0.0000	0.0000	0.0000	0.0000	0.0000	0.0000	0.0000	0.0000	0.0000	0.0000	0.0000	0.0000	0.0000	0.0000	0.0000	0.0000	0.0047	0.0066	0.0006	0.0083	0.0100	0.0000	0.0004	0.0000	0.0008	0.0404	0.0000	-0.0004	5.1039	0.0000	21.2862	4.9998	0.0000	0.0000	0.0000	0.0000	0.0000	0.0000	0.0000	0.0000	0.0000	0.0010	0.0010	0.0000	0.0010	0.0010	0.0000	0.0000	0.0000	0.0000	0.0000	0.0000	0.0000	0.0000	0.0000	0.0000	0.0000	0.0000	0.0000	0.2198	0.1495	0.0703	0.1188	0.0987	0.0201	0.1009	0.0507	0.0502	0.0000	0.0000	0.0000	0.0000	0.0000	0.0000	0.0000	0.0000	0.0000	0.0047	0.0066	0.0006	0.0083	0.0100	0.0000	0.0004	0.0000	0.0008			
1	12	0.4257	11	2	2	0	1	0	0	0	0	Y	Y	N	N	N	N	N	N	N	N	N	N	0.0000	0.0000	0.0000	0.0000	0.0000	0.0000	0.0000	0.0000	0.0000	0.0000	0.0000	0.0000	0.0000	0.0000	0.0000	0.0000	0.0000	0.0000	0.1177	0.1780	0.0000	0.1912	0.2215	0.0000	0.0607	0.1203	0.0000	0.0000	0.0000	-0.0085	5.1039	0.9995	21.2862	2.0282	0.0000	0.0000	0.0000	0.0000	0.0000	0.0000	0.0000	0.0000	0.0000	0.0186	0.0186	0.0000	0.0132	0.0132	0.0000	0.0054	0.0054	0.0000	0.0472	0.0410	0.0062	0.0165	0.0158	0.0007	0.0307	0.0253	0.0054	0.1581	0.1045	0.0536	0.0691	0.0596	0.0095	0.0891	0.0449	0.0441	0.0000	0.0000	0.0000	0.0000	0.0000	0.0000	0.0000	0.0000	0.0000	0.1177	0.1780	0.0000	0.1912	0.2215	0.0000	0.0607	0.1203	0.0000	
1	13	0.5916	10	2	1	1	0	0	0	0	0	Y	N	N	N	N	N	N	N	N	N	N	N	0.2581	0.2053	0.0000	0.1754	0.1477	0.0000	0.4360	0.2947	0.0000	0.0325	0.0359	0.0000	0.0272	0.0276	0.0000	0.0370	0.0442	0.0000	0.1259	0.1747	0.0078	0.1553	0.1866	0.0116	0.0848	0.1500	0.0057	0.0000	0.0186	-0.0001	-0.0281	5.1039	0.0560	21.2862	10.7426	0.0003	0.0003	0.0000	0.0001	0.0001	0.0000	0.0002	0.0002	0.0000	0.0639	0.0628	0.0012	0.0460	0.0454	0.0006	0.0180	0.0174	0.0005	0.0089	0.0081	0.0008	0.0041	0.0040	0.0000	0.0048	0.0040	0.0008	0.5079	0.3592	0.1487	0.2962	0.2432	0.0530	0.2118	0.1161	0.0957	0.2581	0.2053	0.0000	0.1754	0.1477	0.0000	0.4360	0.2947	0.0000	0.1259	0.1747	0.0078	0.1553	0.1866	0.0116	0.0848	0.1500	0.0057
1	14	0.5545	10	1	1	1	0	0	0	0	0	N	N	N	N	N	N	N	N	N	N	N	N	0.5304	0.4142	0.0048	1.2682	1.1222	0.0000	0.0000	0.0000	0.0042	1.2124	1.3741	0.0004	3.4114	3.5559	0.0000	0.0001	0.0000	0.0005	2.2857	3.3174	0.0835	2.6900	3.1687	0.0002	1.8676	3.5748	0.1099	0.0000	0.0118	-0.4161	-1.4053	5.1039	16.7310	21.2862	15.9078	0.9433	0.9433	0.0000	0.9433	0.9433	0.0000	0.0000	0.0000	0.0000	3.1459	3.1092	0.0367	1.8821	1.8821	0.0000	1.2638	1.2271	0.0367	0.7781	0.6864	0.0916	0.2765	0.2653	0.0112	0.5016	0.4212	0.0804	1.3764	0.9372	0.4391	0.6997	0.5940	0.1057	0.6767	0.3433	0.3334	0.5304	0.4142	0.0048	1.2682	1.1222	0.0000	0.0000	0.0000	0.0042	2.2857	3.3174	0.0835	2.6900	3.1687	0.0002	1.8676	3.5748	0.1099
1	15	0.2123	5	1	1	1	0	0	0	0	0	N	N	N	N	N	N	N	N	N	N	N	N	2.0228	0.0655	6.1972	0.0256	0.0987	0.0004	2.7861	10.1001	9.2420	1.3327	0.0067	10.3750	0.0183	0.0188	0.0028	1.7420	0.0024	11.0432	0.6588	0.1028	1.6742	0.7151	0.1908	7.6464	0.6252	0.0002	1.1949	225.9464	8.9235	0.3504	0.4515	5.1039	10.3367	21.2862	13.9008	0.6320	0.0028	0.6292	0.0021	0.0021	0.0000	0.6299	0.0007	0.6292	1.0241	0.1032	0.9209	0.4155	0.1031	0.3124	0.6085	0.0001	0.6084	0.4742	0.4136	0.0606	0.1126	0.1089	0.0037	0.3616	0.3046	0.0570	1.5544	1.0043	0.5501	0.5811	0.5402	0.0409	0.9733	0.4641	0.5092	2.0228	0.0655	6.1972	0.0256	0.0987	0.0004	2.7861	10.1001	9.2420	0.6588	0.1028	1.6742	0.7151	0.1908	7.6464	0.6252	0.0002	1.1949
1	16	0.5179	9	1	1	1	0	0	0	0	0	N	N	N	N	N	N	N	N	N	N	N	N	0.0156	0.0009	9.1805	0.0020	0.0018	0.0000	2.7835	0.0000	14.1701	0.0010	0.0001	0.0074	0.0003	0.0003	0.0000	0.0013	0.0000	0.0082	0.0633	0.0906	0.0008	0.1235	0.1426	0.0016	0.0005	0.0004	0.0006	12.4531	0.0039	0.0003	-0.0382	5.1039	12.0000	21.2862	18.8883	0.0005	0.0000	0.0005	0.0000	0.0000	0.0000	0.0005	0.0000	0.0005	0.0841	0.0838	0.0003	0.0838	0.0836	0.0001	0.0003	0.0001	0.0002	0.5373	0.4707	0.0666	0.1571	0.1502	0.0068	0.3803	0.3205	0.0598	1.3284	0.9248	0.4036	0.6784	0.5865	0.0919	0.6500	0.3383	0.3117	0.0156	0.0009	9.1805	0.0020	0.0018	0.0000	2.7835	0.0000	14.1701	0.0633	0.0906	0.0008	0.1235	0.1426	0.0016	0.0005	0.0004	0.0006
1	17	0.4342	8	2	2	0	0	0	0	0	0	Y	Y	N	N	N	N	N	N	N	N	N	N	0.0029	1.2145	0.0000	0.9191	1.2776	0.0000	0.0002	inf	0.0000	0.0058	0.0065	0.0000	0.0136	0.0140	0.0000	0.0006	0.0007	0.0000	2.0239	0.0054	6.1266	0.0148	0.0110	0.0560	3.1466	0.0000	6.7468	0.0000	560.4156	-0.0006	0.5365	5.1039	3.5868	21.2862	9.0275	0.0013	0.0013	0.0000	0.0012	0.0012	0.0000	0.0001	0.0001	0.0000	0.9937	0.0018	0.9919	0.0026	0.0018	0.0008	0.9911	0.0000	0.9911	0.2284	0.2034	0.0250	0.0917	0.0889	0.0027	0.1367	0.1144	0.0223	0.4910	0.3291	0.1619	0.1760	0.1610	0.0150	0.3150	0.1681	0.1469	0.0029	1.2145	0.0000	0.9191	1.2776	0.0000	0.0002	inf	0.0000	2.0239	0.0054	6.1266	0.0148	0.0110	0.0560	3.1466	0.0000	6.7468
1	18	0.5707	9	2	2	0	0	0	0	0	0	Y	Y	N	N	N	N	N	N	N	N	N	N	0.0007	0.0006	0.0000	0.0013	0.0011	0.0000	0.0000	0.0000	0.0000	0.0003	0.0003	0.0000	0.0009	0.0009	0.0000	0.0000	0.0000	0.0000	0.3791	0.5450	0.0018	0.6664	0.8023	0.0008	0.0011	0.0000	0.0023	0.0000	0.0015	-0.0000	-0.1608	5.1039	3.9981	21.2862	16.5900	0.0000	0.0000	0.0000	0.0000	0.0000	0.0000	0.0000	0.0000	0.0000	0.3520	0.3515	0.0005	0.3516	0.3515	0.0001	0.0004	0.0000	0.0004	0.1864	0.1644	0.0219	0.0574	0.0551	0.0023	0.1290	0.1094	0.0196	0.9285	0.6449	0.2836	0.5276	0.4381	0.0894	0.4009	0.2068	0.1942	0.0007	0.0006	0.0000	0.0013	0.0011	0.0000	0.0000	0.0000	0.0000	0.3791	0.5450	0.0018	0.6664	0.8023	0.0008	0.0011	0.0000	0.0023
1	19	0.3899	9	1	1	1	1	0	0	0	0	N	N	N	N	N	N	N	N	N	N	N	N	0.2278	0.2576	0.0000	0.2403	0.2195	0.0000	0.0000	0.0000	0.0000	0.0009	0.0012	0.0000	0.0019	0.0019	0.0000	0.0000	0.0000	0.0000	0.0041	0.0045	0.0034	0.0078	0.0086	0.0000	0.0019	0.0000	0.0038	0.0000	0.3813	-0.0000	-0.0001	5.1039	0.0000	21.2862	2.0009	0.0000	0.0000	0.0000	0.0000	0.0000	0.0000	0.0000	0.0000	0.0000	0.0004	0.0003	0.0001	0.0003	0.0003	0.0000	0.0001	0.0000	0.0001	0.0003	0.0003	0.0001	0.0002	0.0002	0.0000	0.0002	0.0001	0.0001	0.0929	0.0616	0.0313	0.0357	0.0325	0.0032	0.0572	0.0291	0.0281	0.2278	0.2576	0.0000	0.2403	0.2195	0.0000	0.0000	0.0000	0.0000	0.0041	0.0045	0.0034	0.0078	0.0086	0.0000	0.0019	0.0000	0.0038
1	20	0.4042	10	1	1	1	1	0	0	0	0	N	N	N	N	N	N	N	N	N	N	N	N	0.3074	0.0830	0.8202	4.9745	0.1207	14.4500	0.0000	0.0000	0.0000	0.2675	0.0019	2.0687	0.7845	0.0050	17.7648	0.0000	0.0000	0.0000	0.8701	0.0224	2.5223	0.1577	0.0411	1.2294	1.3381	0.0003	2.6899	164.4211	57.8633	0.0969	0.7375	5.1039	14.9999	21.2862	23.4905	0.1753	0.0011	0.1743	0.1753	0.0011	0.1743	0.0000	0.0000	0.0000	1.4058	0.0239	1.3819	0.1010	0.0238	0.0773	1.3048	0.0001	1.3046	0.6555	0.5713	0.0842	0.2235	0.2137	0.0098	0.4320	0.3576	0.0744	1.6157	1.0678	0.5479	0.6406	0.5778	0.0629	0.9751	0.4900	0.4850	0.3074	0.0830	0.8202	4.9745	0.1207	14.4500	0.0000	0.0000	0.0000	0.8701	0.0224	2.5223	0.1577	0.0411	1.2294	1.3381	0.0003	2.6899
1	21	0.5707	9	1	2	0	0	0	0	0	0	N	Y	N	N	N	N	N	N	N	N	N	N	0.0005	0.0004	0.0000	0.0013	0.0011	0.0000	0.0000	0.0000	0.0000	0.0009	0.0010	0.0000	0.0029	0.0031	0.0000	0.0000	0.0000	0.0000	1.9446	2.7748	0.0391	2.3280	2.7656	0.0791	1.4636	2.7934	0.0220	0.0000	0.0061	-0.0001	-1.3473	5.1039	4.9981	21.2862	32.5905	0.0002	0.0002	0.0000	0.0002	0.0002	0.0000	0.0000	0.0000	0.0000	2.9791	2.9609	0.0182	1.9844	1.9734	0.0110	0.9946	0.9875	0.0072	0.2318	0.2045	0.0273	0.0713	0.0684	0.0029	0.1605	0.1361	0.0244	1.5320	1.0671	0.4649	0.8524	0.7136	0.1388	0.6796	0.3535	0.3261	0.0005	0.0004	0.0000	0.0013	0.0011	0.0000	0.0000	0.0000	0.0000	1.9446	2.7748	0.0391	2.3280	2.7656	0.0791	1.4636	2.7934	0.0220
1	22	0.4342	8	1	2	0	0	0	0	0	0	N	Y	N	N	N	N	N	N	N	N	N	N	20.9569	4.1266	276.6237	5.7802	5.4567	2.8190	94.1743	0.4668	279.5944	1.4771	0.3652	9.6823	0.9740	1.0110	0.0024	1.7250	0.0003	10.7741	0.0705	0.0885	0.0350	0.1685	0.1853	0.0008	0.0183	0.0006	0.0385	3.5925	0.2009	0.2748	-0.0162	5.1039	12.5677	21.2862	9.8718	0.8056	0.1754	0.6302	0.1754	0.1753	0.0000	0.6303	0.0001	0.6302	0.0557	0.0464	0.0093	0.0462	0.0462	0.0000	0.0094	0.0002	0.0093	0.5454	0.4803	0.0651	0.1800	0.1734	0.0066	0.3654	0.3069	0.0585	0.7900	0.5239	0.2661	0.2744	0.2494	0.0249	0.5156	0.2745	0.2412	20.9569	4.1266	276.6237	5.7802	5.4567	2.8190	94.1743	0.4668	279.5944	0.0705	0.0885	0.0350	0.1685	0.1853	0.0008	0.0183	0.0006	0.0385
1	23	0.6182	12	1	1	0	1	0	0	0	0	N	N	N	N	N	N	N	N	N	N	N	N	0.0000	0.0000	0.0000	0.0000	0.0000	0.0000	0.0000	0.0000	0.0000	0.0000	0.0000	0.0000	0.0000	0.0025	0.0037	0.0000	0.0047	0.0056	0.0000	0.0000	0.0000	0.0000	0.0000	-0.0000	-0.0001	5.1039	0.9981	21.2862	0.0014	0.0000	0.0000	0.0000	0.0000	0.0000	0.0000	0.0000	0.0000	0.0000	0.0001	0.0001	0.0000	0.0001	0.0001	0.0000	0.0000	0.0000	0.0000	0.0475	0.0418	0.0056	0.0146	0.0140	0.0006	0.0329	0.0279	0.0050	0.0453	0.0308	0.0146	0.0242	0.0204	0.0038	0.0211	0.0104	0.0107	0.0000	0.0000	0.0000	0.0000	0.0000	0.0000	0.0000	0.0000	0.0000	0.0025	0.0037	0.0000	0.0047	0.0056	0.0000	0.0000	0.0000	0.0000						
1	24	0.5704	9	1	2	0	1	0	0	0	0	N	Y	N	N	N	N	N	N	N	N	N	N	0.0653	0.0000	3.3780	0.2413	0.0000	5.7161	0.0441	0.0000	2.7713	0.0879	0.0000	0.6290	0.0062	0.0000	0.1853	0.1322	0.0000	0.6696	1.3451	1.8354	0.1862	0.0256	0.0244	0.0324	2.9981	5.6720	0.2416	inf	0.0429	0.0018	-0.4353	5.1039	0.6341	21.2862	12.6218	0.0032	0.0000	0.0032	0.0001	0.0000	0.0001	0.0031	0.0000	0.0031	1.0434	1.0004	0.0429	0.0110	0.0091	0.0020	1.0323	0.9914	0.0410	0.0360	0.0309	0.0050	0.0127	0.0122	0.0004	0.0233	0.0187	0.0046	0.7757	0.5450	0.2306	0.4314	0.3703	0.0611	0.3443	0.1748	0.1696	0.0653	0.0000	3.3780	0.2413	0.0000	5.7161	0.0441	0.0000	2.7713	1.3451	1.8354	0.1862	0.0256	0.0244	0.0324	2.9981	5.6720	0.2416
1	25	0.3740	7	1	2	0	0	0	0	0	0	N	Y	N	N	N	N	N	N	N	N	N	N	0.0579	0.0556	0.0062	0.3568	0.4509	0.0020	0.0021	0.0012	0.0082	0.0250	0.0286	0.0016	0.0762	0.0791	0.0009	0.0013	0.0012	0.0016	0.4313	0.5138	0.2533	0.2135	0.1753	0.4216	0.6359	1.0197	0.2011	0.0085	0.2286	-0.0061	-0.1729	5.1039	10.0221	21.2862	10.6811	0.0141	0.0140	0.0001	0.0136	0.0136	0.0000	0.0005	0.0004	0.0001	0.6349	0.5168	0.1182	0.1522	0.1057	0.0466	0.4827	0.4111	0.0716	0.5654	0.4899	0.0755	0.1787	0.1721	0.0066	0.3868	0.3178	0.0689	1.4721	1.0057	0.4664	0.7131	0.6026	0.1105	0.7590	0.4031	0.3559	0.0579	0.0556	0.0062	0.3568	0.4509	0.0020	0.0021	0.0012	0.0082	0.4313	0.5138	0.2533	0.2135	0.1753	0.4216	0.6359	1.0197	0.2011
1	26	0.6048	11	1	2	0	0	0	0	0	0	N	Y	N	N	N	N	N	N	N	N	N	N	0.1494	0.1179	0.0000	0.2890	0.2460	0.0000	0.0000	0.0000	0.0000	0.0070	0.0079	0.0000	0.0222	0.0232	0.0000	0.0000	0.0000	0.0000	0.0465	0.0668	0.0007	0.0769	0.0942	0.0005	0.0006	0.0003	0.0009	0.0000	0.0049	-0.0006	-0.0105	5.1039	3.9997	21.2862	5.4032	0.0013	0.0013	0.0000	0.0013	0.0013	0.0000	0.0000	0.0000	0.0000	0.0231	0.0230	0.0001	0.0230	0.0230	0.0000	0.0001	0.0000	0.0001	0.1855	0.1637	0.0217	0.0580	0.0557	0.0024	0.1274	0.1081	0.0194	0.4966	0.3443	0.1523	0.2990	0.2439	0.0552	0.1975	0.1004	0.0971	0.1494	0.1179	0.0000	0.2890	0.2460	0.0000	0.0000	0.0000	0.0000	0.0465	0.0668	0.0007	0.0769	0.0942	0.0005	0.0006	0.0003	0.0009
1	27	0.4042	10	1	2	0	1	0	0	0	0	N	Y	N	N	N	N	N	N	N	N	N	N	0.0135	0.0236	0.0000	0.0366	0.0345	0.0000	0.0000	0.0011	0.0000	0.0009	0.0010	0.0000	0.0026	0.0027	0.0000	0.0000	0.0000	0.0000	0.0672	0.0441	0.1119	0.0709	0.0786	0.0022	0.0647	0.0001	0.1272	0.0004	1.3143	-0.0001	0.0057	5.1039	4.9655	21.2862	10.6561	0.0002	0.0002	0.0000	0.0002	0.0002	0.0000	0.0000	0.0000	0.0000	0.0518	0.0224	0.0294	0.0225	0.0224	0.0001	0.0294	0.0000	0.0294	0.2307	0.2007	0.0300	0.0806	0.0771	0.0035	0.1501	0.1236	0.0265	0.7710	0.5081	0.2629	0.3168	0.2846	0.0322	0.4543	0.2235	0.2308	0.0135	0.0236	0.0000	0.0366	0.0345	0.0000	0.0000	0.0011	0.0000	0.0672	0.0441	0.1119	0.0709	0.0786	0.0022	0.0647	0.0001	0.1272
1	28	0.6233	13	1	2	0	1	0	0	0	0	N	Y	N	N	N	N	N	N	N	N	N	N	0.0000	0.0000	0.0000	0.0000	0.0000	0.0000	0.0000	0.0000	0.0000	0.0000	0.0000	0.0000	0.0000	0.0000	0.0000	0.0000	0.0000	0.0000	0.0000	0.0000	5.1039	0.0000	21.2862	0.0000	0.0000	0.0000	0.0000	0.0000	0.0000	0.0000	0.0000	0.0000	0.0000	0.0000	0.0000	0.0000	0.0000	0.0000	0.0000	0.0000	0.0000	0.0000	0.0000	0.0000	0.0000	0.0000	0.0000	0.0000	0.0000	0.0000	0.0000	0.0000	0.0000	0.0000	0.0000	0.0000	0.0000	0.0000	0.0000	0.0000	0.0000	0.0000	0.0000	0.0000	0.0000	0.0000	0.0000	0.0000	0.0000	0.0000	0.0000	0.0000	0.0000	0.0000	0.0000	0.0000	0.0000	0.0000											
1	29	0.5907	8	2	2	0	0	0	0	0	0	Y	Y	N	N	N	N	N	N	N	N	N	N	20.4537	0.0028	1305.4372	0.0777	0.0051	39.6991	376.3413	0.0001	1338.9771	4.0709	0.0008	30.5579	0.0263	0.0019	0.6969	6.3248	0.0000	33.6644	0.1990	0.2712	0.0234	0.3386	0.3813	0.0176	0.0168	0.0078	0.0251	6086.9719	0.0355	0.5360	-0.0897	5.1039	3.9885	21.2862	8.5018	0.9594	0.0002	0.9592	0.0022	0.0002	0.0021	0.9571	0.0000	0.9571	0.2115	0.2042	0.0072	0.2037	0.2025	0.0012	0.0077	0.0017	0.0060	0.2357	0.2043	0.0314	0.0843	0.0814	0.0030	0.1513	0.1229	0.0284	1.0624	0.7530	0.3095	0.6017	0.5309	0.0707	0.4608	0.2220	0.2387	20.4537	0.0028	1305.4372	0.0777	0.0051	39.6991	376.3413	0.0001	1338.9771	0.1990	0.2712	0.0234	0.3386	0.3813	0.0176	0.0168	0.0078	0.0251
1	30	0.5816	10	1	2	0	0	0	0	0	0	N	Y	N	N	N	N	N	N	N	N	N	N	0.0030	0.0024	0.0051	0.0039	0.0032	0.0289	0.0000	0.0000	0.0004	0.0011	0.0012	0.0000	0.0022	0.0023	0.0000	0.0000	0.0000	0.0000	0.3646	0.5111	0.0005	0.5728	0.7209	0.0007	0.0007	0.0010	0.0003	0.0003	0.0004	-0.0001	-0.1191	5.1039	0.9701	21.2862	4.0208	0.0001	0.0001	0.0000	0.0001	0.0001	0.0000	0.0000	0.0000	0.0000	0.2601	0.2600	0.0001	0.2599	0.2598	0.0001	0.0002	0.0001	0.0000	0.1176	0.1048	0.0129	0.0571	0.0555	0.0016	0.0605	0.0492	0.0113	0.7132	0.5087	0.2046	0.4537	0.3604	0.0932	0.2596	0.1483	0.1113	0.0030	0.0024	0.0051	0.0039	0.0032	0.0289	0.0000	0.0000	0.0004	0.3646	0.5111	0.0005	0.5728	0.7209	0.0007	0.0007	0.0010	0.0003
1	31	0.5562	8	1	1	0	1	0	0	0	0	N	N	N	N	N	N	N	N	N	N	N	N	0.0214	0.0173	0.0501	0.0233	0.0345	0.0133	0.0334	0.0000	0.1061	0.0018	0.0009	0.0077	0.0028	0.0027	0.0049	0.0013	0.0000	0.0081	0.0822	0.0528	0.1541	0.1185	0.0771	0.3718	0.0388	0.0058	0.0760	1.1968	1.1923	0.0000	0.0074	5.1039	5.0045	21.2862	16.6627	0.0004	0.0002	0.0002	0.0002	0.0002	0.0000	0.0002	0.0000	0.0002	0.0869	0.0396	0.0473	0.0683	0.0382	0.0301	0.0187	0.0015	0.0172	0.2236	0.1959	0.0277	0.0702	0.0671	0.0031	0.1534	0.1288	0.0246	1.0573	0.7505	0.3068	0.5761	0.4952	0.0810	0.4812	0.2553	0.2258	0.0214	0.0173	0.0501	0.0233	0.0345	0.0133	0.0334	0.0000	0.1061	0.0822	0.0528	0.1541	0.1185	0.0771	0.3718	0.0388	0.0058	0.0760
1	32	0.5316	10	2	1	1	0	0	0	0	0	Y	N	N	N	N	N	N	N	N	N	N	N	31724.0892	1120576.1013	0.0000	46630.7241	1662055.6624	0.0000	0.0000	0.0000	16.0486	18.4169	0.0000	52.3344	54.0127	0.0000	0.0000	0.0000	0.0000	0.0005	0.0000	0.0014	0.0011	0.0000	0.0102	0.0001	0.0000	0.0003	0.0000	45.7964	-0.4267	0.0000	5.1039	1.4893	21.2862	0.0050	0.9674	0.9674	0.0000	0.9674	0.9674	0.0000	0.0000	0.0000	0.0000	0.0000	0.0000	0.0000	0.0000	0.0000	0.0000	0.0000	0.0000	0.0000	0.0603	0.0525	0.0078	0.0185	0.0179	0.0006	0.0418	0.0346	0.0072	0.0567	0.0373	0.0194	0.0211	0.0189	0.0023	0.0356	0.0184	0.0171	31724.0892	1120576.1013	0.0000	46630.7241	1662055.6624	0.0000	0.0000	0.0000	0.0000	0.0005	0.0000	0.0014	0.0011	0.0000	0.0102	0.0001	0.0000	0.0003	
1	33	0.5817	10	2	1	1	0	0	0	0	0	Y	N	N	N	N	N	N	N	N	N	N	N	0.0012	0.1172	0.0000	0.2237	0.2438	0.0000	0.0000	0.0007	0.0000	0.0037	0.0041	0.0000	0.0121	0.0126	0.0000	0.0000	0.0000	0.0000	3.0918	0.0353	17.4658	0.0543	0.0516	0.0665	7.2265	0.0004	29.4823	0.0000	124.6964	-0.0001	0.5145	5.1039	0.9855	21.2862	5.0251	0.0002	0.0002	0.0000	0.0002	0.0002	0.0000	0.0000	0.0000	0.0000	0.9642	0.0077	0.9565	0.0098	0.0076	0.0021	0.9544	0.0000	0.9544	0.0484	0.0427	0.0057	0.0146	0.0141	0.0005	0.0339	0.0287	0.0052	0.3118	0.2171	0.0947	0.1798	0.1480	0.0318	0.1321	0.0692	0.0629	0.0012	0.1172	0.0000	0.2237	0.2438	0.0000	0.0000	0.0007	0.0000	3.0918	0.0353	10.1010	0.0543	0.0516	0.0665	7.2265	0.0004	15.1688
1	34	0.5545	10	1	2	0	0	0	0	0	0	N	Y	N	N	N	N	N	N	N	N	N	N	0.0000	0.0000	0.0000	0.0000	0.0000	0.0000	0.0000	0.0000	0.0000	0.0000	0.0000	0.0000	0.0000	0.0000	0.0000	2.8555	4.1671	0.0000	0.0026	0.0030	0.0000	6.2744	12.9273	0.0000	0.0000	0.0000	-0.4532	5.1039	2.0026	21.2862	4.0175	0.0000	0.0000	0.0000	0.0000	0.0000	0.0000	0.0000	0.0000	0.0000	0.9888	0.9888	0.0000	0.0005	0.0005	0.0000	0.9883	0.9883	0.0000	0.1219	0.1060	0.0159	0.0474	0.0459	0.0015	0.0745	0.0601	0.0144	0.3463	0.2373	0.1090	0.1888	0.1608	0.0279	0.1575	0.0764	0.0811	0.0000	0.0000	0.0000	0.0000	0.0000	0.0000	0.0000	0.0000	0.0000	2.8555	4.1671	0.0000	0.0026	0.0030	0.0000	6.2744	12.9273	0.0000				
1	35	0.5545	9	1	1	0	0	0	0	0	0	N	N	N	N	N	N	N	N	N	N	N	N	0.0046	0.0045	0.0071	0.0042	0.0069	0.0000	0.0226	0.0000	0.1425	0.0006	0.0005	0.0014	0.0009	0.0009	0.0000	0.0004	0.0000	0.0015	0.1353	0.1054	0.2027	0.2165	0.1348	0.6977	0.0176	0.0260	0.0106	0.5641	0.8523	-0.0000	0.0000	5.1039	0.4148	21.2862	1.5497	0.0000	0.0000	0.0000	0.0000	0.0000	0.0000	0.0000	0.0000	0.0000	0.0229	0.0124	0.0106	0.0217	0.0116	0.0102	0.0012	0.0008	0.0004	0.0443	0.0374	0.0069	0.0193	0.0190	0.0003	0.0249	0.0183	0.0066	0.1696	0.1175	0.0521	0.1003	0.0858	0.0146	0.0693	0.0318	0.0375	0.0046	0.0045	0.0071	0.0042	0.0069	0.0000	0.0226	0.0000	0.1425	0.1353	0.1054	0.2027	0.2165	0.1348	0.6977	0.0176	0.0260	0.0106
1	36	0.4968	7	1	2	0	0	0	0	0	0	N	Y	N	N	N	N	N	N	N	N	N	N	1.0404	0.8099	0.7965	2.1226	1.9000	2.9037	0.0000	0.0000	0.0000	2.7434	3.1213	0.0250	10.3525	10.7098	0.3342	0.0000	0.0000	0.0000	2.6369	3.8542	0.0314	4.8772	5.6367	0.1151	0.3818	0.7446	0.0015	0.0011	0.0038	-0.4156	-1.6033	5.1039	7.9964	21.2862	23.6501	0.9445	0.9435	0.0011	0.9445	0.9435	0.0011	0.0000	0.0000	0.0000	3.5270	3.5137	0.0134	3.2815	3.2686	0.0129	0.2455	0.2450	0.0005	0.3443	0.3023	0.0420	0.0912	0.0881	0.0031	0.2531	0.2142	0.0389	1.3376	0.9116	0.4259	0.6946	0.5826	0.1120	0.6430	0.3291	0.3139	1.0404	0.8099	0.7965	2.1912	1.9088	2.9037	0.0000	0.0000	0.0000	2.6369	3.8542	0.0314	4.7246	5.6106	0.1151	0.3818	0.7446	0.0015
1	37	0.5707	9	2	2	0	0	0	0	0	0	Y	Y	N	N	N	N	N	N	N	N	N	N	6.4847	3.1373	30259.9472	0.0816	0.0710	2.9077	597.2038	226.8155	44973.2587	5.0726	3.5246	16.6960	0.1135	0.1181	0.0025	7.2665	5.2298	18.6515	0.7822	1.1235	0.0006	1.3901	1.6628	0.0009	0.0122	0.0231	0.0004	0.6309	0.0002	-0.0884	-0.4932	5.1039	6.9981	21.2862	25.9787	1.6293	0.9990	0.6303	0.0112	0.0112	0.0000	1.6181	0.9879	0.6303	1.0765	1.0763	0.0002	1.0691	1.0690	0.0001	0.0074	0.0073	0.0001	0.3212	0.2834	0.0377	0.0985	0.0946	0.0040	0.2227	0.1889	0.0338	1.3762	0.9580	0.4182	0.7691	0.6429	0.1262	0.6071	0.3151	0.2920	6.4847	3.1373	30259.9472	0.0816	0.0710	2.9077	597.2038	226.8155	44973.2587	0.7822	1.1235	0.0006	1.3901	1.6628	0.0009	0.0122	0.0231	0.0004
1	38	0.5545	9	1	2	0	0	0	0	0	0	N	Y	N	N	N	N	N	N	N	N	N	N	0.0015	0.0000	0.3616	0.0000	0.0000	0.0036	0.0280	0.0000	0.3212	0.0001	0.0000	0.0005	0.0000	0.0000	0.0000	0.0001	0.0000	0.0005	0.0412	0.0599	0.0013	0.0760	0.0894	0.0002	0.0034	0.0051	0.0017	43.9360	0.0105	0.0000	-0.0132	5.1039	4.7553	21.2862	10.1994	0.0000	0.0000	0.0000	0.0000	0.0000	0.0000	0.0000	0.0000	0.0000	0.0295	0.0292	0.0003	0.0284	0.0283	0.0000	0.0012	0.0009	0.0003	0.2530	0.2219	0.0311	0.0943	0.0908	0.0035	0.1587	0.1311	0.0276	0.7160	0.4882	0.2278	0.3731	0.3172	0.0559	0.3429	0.1709	0.1720	0.0015	0.0000	0.3616	0.0000	0.0000	0.0036	0.0280	0.0000	0.3212	0.0412	0.0599	0.0013	0.0760	0.0894	0.0002	0.0034	0.0051	0.0017
1	39	0.4968	7	2	2	0	0	0	0	0	0	Y	Y	N	N	N	N	N	N	N	N	N	N	30.7822	35.5731	0.0140	117.9752	103.0290	0.0000	0.0024	0.0000	0.0113	0.7972	0.9083	0.0004	3.0002	3.1072	0.0000	0.0001	0.0000	0.0004	0.0259	0.0255	0.0267	0.0254	0.0302	0.0008	0.0264	0.0174	0.0359	0.0001	0.4878	-0.0769	-0.0046	5.1039	5.0000	21.2862	27.3229	0.1743	0.1743	0.0000	0.1743	0.1743	0.0000	0.0000	0.0000	0.0000	0.0352	0.0237	0.0116	0.0180	0.0179	0.0001	0.0173	0.0058	0.0115	0.2186	0.1919	0.0268	0.0581	0.0561	0.0020	0.1605	0.1358	0.0248	1.3609	0.9278	0.4331	0.7060	0.5924	0.1136	0.6549	0.3354	0.3195	30.7822	35.5731	0.0140	117.9752	103.0290	0.0000	0.0024	0.0000	0.0113	0.0259	0.0255	0.0267	0.0254	0.0302	0.0008	0.0264	0.0174	0.0359
1	40	0.5707	9	1	2	0	0	0	0	0	0	N	Y	N	N	N	N	N	N	N	N	N	N	0.3870	0.5085	0.0000	1.1823	1.0285	0.0000	0.0000	0.0000	0.0000	0.5428	0.6151	0.0000	1.7698	1.8439	0.0000	0.0000	0.0000	0.0000	1.4026	1.2097	1.8435	1.4970	1.7929	0.0057	1.2817	0.0058	2.6524	0.0000	0.6666	-0.0769	-0.0997	5.1039	7.0019	21.2862	21.4344	0.1744	0.1744	0.0000	0.1744	0.1744	0.0000	0.0000	0.0000	0.0000	1.7072	1.0243	0.6829	1.0234	1.0227	0.0007	0.6838	0.0016	0.6822	0.3214	0.2836	0.0378	0.0986	0.0946	0.0040	0.2228	0.1890	0.0338	1.2172	0.8468	0.3704	0.6836	0.5704	0.1132	0.5335	0.2763	0.2572	0.3870	0.5085	0.0000	1.1823	1.0285	0.0000	0.0000	0.0000	0.0000	1.4026	1.2097	1.8435	1.4970	1.7929	0.0057	1.2817	0.0058	2.6524
1	41	0.4342	8	1	2	0	0	0	0	0	0	N	Y	N	N	N	N	N	N	N	N	N	N	0.0797	0.0587	2.5429	2.5065	2.3895	0.0000	0.0038	0.0011	3.0101	0.0094	0.0103	0.0020	0.0256	0.0265	0.0000	0.0007	0.0004	0.0022	0.1175	0.1764	0.0008	0.0102	0.0111	0.0012	0.1754	0.3287	0.0007	0.0251	0.0022	-0.0016	-0.0365	5.1039	8.1446	21.2862	10.2519	0.0037	0.0036	0.0001	0.0036	0.0036	0.0000	0.0002	0.0001	0.0001	0.0800	0.0799	0.0002	0.0024	0.0024	0.0000	0.0776	0.0775	0.0001	0.3986	0.3519	0.0467	0.1392	0.1344	0.0048	0.2594	0.2175	0.0418	0.6809	0.4528	0.2282	0.2384	0.2171	0.0213	0.4425	0.2357	0.2069	0.0797	0.0587	2.5429	2.5065	2.3895	0.0000	0.0038	0.0011	3.0101	0.1175	0.1764	0.0008	0.0102	0.0111	0.0012	0.1754	0.3287	0.0007
1	42	0.5707	9	1	2	0	0	0	0	0	0	N	Y	N	N	N	N	N	N	N	N	N	N	0.0010	0.0008	0.0000	0.0019	0.0016	0.0000	0.0000	0.0000	0.0000	0.0001	0.0002	0.0000	0.0005	0.0005	0.0000	0.0000	0.0000	0.0000	0.1424	0.2044	0.0019	0.2487	0.2995	0.0038	0.0005	0.0000	0.0010	0.0000	0.0040	-0.0000	-0.0526	5.1039	5.9981	21.2862	11.5875	0.0000	0.0000	0.0000	0.0000	0.0000	0.0000	0.0000	0.0000	0.0000	0.1158	0.1153	0.0005	0.1156	0.1153	0.0003	0.0002	0.0000	0.0002	0.2767	0.2442	0.0325	0.0850	0.0815	0.0034	0.1917	0.1626	0.0291	0.8132	0.5644	0.2489	0.4649	0.3850	0.0799	0.3483	0.1793	0.1690	0.0010	0.0008	0.0000	0.0019	0.0016	0.0000	0.0000	0.0000	0.0000	0.1424	0.2044	0.0019	0.2487	0.2995	0.0038	0.0005	0.0000	0.0010
1	43	0.6544	9	1	2	1	1	0	0	0	0	N	Y	N	N	N	N	N	N	N	N	N	N	0.0000	0.0000	0.0000	0.0000	0.0000	0.0000	0.0000	0.0000	0.0000	0.0000	0.0000	0.0000	0.0000	0.0000	0.0000	0.0000	0.0000	0.0000	0.0125	0.0075	0.0282	0.0110	0.0116	0.0044	0.0143	0.0003	0.0331	1.2016	0.0000	0.0003	5.1039	1.0007	21.2862	2.4334	0.0000	0.0000	0.0000	0.0000	0.0000	0.0000	0.0000	0.0000	0.0000	0.0034	0.0015	0.0018	0.0016	0.0015	0.0000	0.0018	0.0000	0.0018	0.0451	0.0395	0.0057	0.0144	0.0138	0.0006	0.0307	0.0257	0.0050	0.2697	0.2042	0.0655	0.1427	0.1314	0.0112	0.1271	0.0727	0.0543	0.0000	0.0000	0.0000	0.0000	0.0000	0.0000	0.0000	0.0000	0.0000	0.0125	0.0075	0.0282	0.0110	0.0116	0.0044	0.0143	0.0003	0.0331	
1	44	0.6172	8	1	1	0	1	0	0	0	0	N	N	N	N	N	N	N	N	N	N	N	N	0.0160	0.0168	0.0151	0.0427	0.0358	0.3138	0.0003	0.0009	0.0004	0.0024	0.0023	0.0026	0.0072	0.0065	0.0235	0.0000	0.0000	0.0001	0.1486	0.1398	0.1699	0.1676	0.1805	0.0748	0.1232	0.0402	0.1998	0.1570	0.5027	-0.0000	-0.0244	5.1039	1.0391	21.2862	15.0482	0.0001	0.0001	0.0000	0.0001	0.0001	0.0000	0.0000	0.0000	0.0000	0.1970	0.1311	0.0659	0.1271	0.1202	0.0069	0.0699	0.0109	0.0590	0.0493	0.0431	0.0062	0.0161	0.0155	0.0007	0.0331	0.0276	0.0055	1.3260	0.9381	0.3879	0.7584	0.6657	0.0927	0.5676	0.2724	0.2952	0.0160	0.0168	0.0151	0.0427	0.0358	0.3138	0.0003	0.0009	0.0004	0.1486	0.1398	0.1699	0.1676	0.1805	0.0748	0.1232	0.0402	0.1998
1	45	0.4968	7	1	2	0	0	0	0	0	0	N	Y	N	N	N	N	N	N	N	N	N	N	0.1594	0.1850	0.0079	0.9034	0.8031	0.9230	0.0001	0.0000	0.0004	0.3412	0.3860	0.0178	1.2910	1.3291	0.2245	0.0002	0.0000	0.0010	2.1404	2.0860	2.2573	1.4291	1.6548	0.2432	2.9025	2.8424	2.9658	0.0064	0.5042	-0.0762	-0.3777	5.1039	12.0036	21.2862	21.9053	0.1754	0.1743	0.0011	0.1753	0.1743	0.0011	0.0001	0.0000	0.0001	3.0665	2.0387	1.0279	1.0590	1.0302	0.0288	2.0075	1.0085	0.9990	0.5140	0.4515	0.0625	0.1358	0.1311	0.0047	0.3782	0.3204	0.0578	1.4327	0.9773	0.4553	0.7410	0.6225	0.1185	0.6917	0.3548	0.3369	0.1594	0.1850	0.0079	0.9034	0.8031	0.9230	0.0001	0.0000	0.0004	2.1404	2.0860	2.2573	1.4291	1.6548	0.2432	2.9025	2.8424	2.9658
1	46	0.4113	11	2	2	0	0	0	0	0	0	Y	Y	N	N	N	N	N	N	N	N	N	N	0.0000	0.0000	0.0000	0.0000	0.0000	0.0000	0.0000	0.0000	0.0000	0.0000	0.0000	0.0000	0.0000	0.0000	0.0000	0.0000	0.0000	0.0000	6.5389	0.0010	37.6817	0.0258	0.0019	0.1966	9.0810	0.0000	40.7775	8175.1280	0.0000	0.5281	5.1039	2.0120	21.2862	1.9924	0.0000	0.0000	0.0000	0.0000	0.0000	0.0000	0.0000	0.0000	0.0000	0.9753	0.0001	0.9752	0.0019	0.0001	0.0017	0.9735	0.0000	0.9735	0.0948	0.0824	0.0124	0.0328	0.0313	0.0014	0.0620	0.0510	0.0110	0.1794	0.1185	0.0608	0.0722	0.0633	0.0089	0.1072	0.0552	0.0520	0.0000	0.0000	0.0000	0.0000	0.0000	0.0000	0.0000	0.0000	0.0000	5.4373	0.0010	16.0314	0.0258	0.0019	0.1966	9.0810	0.0000	18.7285	
1	47	0.6013	13	2	2	0	0	0	0	0	0	Y	Y	N	N	N	N	N	N	N	N	N	N	0.0000	0.0000	0.0000	0.0000	0.0000	0.0000	0.0000	0.0000	0.0000	0.0000	0.0000	0.0000	0.0000	0.0000	0.0000	0.0000	0.0000	0.0000	0.0054	0.0079	0.0000	0.0099	0.0119	0.0000	0.0000	0.0000	0.0000	0.0002	0.0000	-0.0004	5.1039	0.0002	21.2862	4.0036	0.0000	0.0000	0.0000	0.0000	0.0000	0.0000	0.0000	0.0000	0.0000	0.0010	0.0010	0.0000	0.0010	0.0010	0.0000	0.0000	0.0000	0.0000	0.0000	0.0000	0.0000	0.0000	0.0000	0.0000	0.0000	0.0000	0.0000	0.1779	0.1213	0.0567	0.0963	0.0800	0.0162	0.0817	0.0413	0.0404	0.0000	0.0000	0.0000	0.0000	0.0000	0.0000	0.0000	0.0000	0.0000	0.0054	0.0079	0.0000	0.0099	0.0119	0.0000	0.0000	0.0000	0.0000	
1	48	0.4968	7	1	2	0	1	0	0	0	0	N	Y	N	N	N	N	N	N	N	N	N	N	0.8998	0.7404	1.1064	2.2585	2.0204	0.0294	0.0980	0.0000	1.0624	0.6985	0.7604	0.2546	2.5145	2.6040	0.0042	0.0423	0.0000	0.2749	0.7763	1.0270	0.2301	1.1134	1.2889	0.1425	0.4322	0.5919	0.2587	0.0467	0.1029	-0.0723	-0.6112	5.1039	6.0036	21.2862	51.7820	0.1824	0.1743	0.0081	0.1743	0.1743	0.0000	0.0081	0.0000	0.0081	1.6740	1.5179	0.1561	1.2129	1.1891	0.0238	0.4611	0.3287	0.1324	0.2611	0.2292	0.0319	0.0693	0.0669	0.0024	0.1918	0.1623	0.0295	2.1564	1.4780	0.6784	1.0894	0.9226	0.1668	1.0670	0.5554	0.5116	0.8998	0.7404	1.1064	2.2585	2.0204	0.0294	0.0980	0.0000	1.0624	0.7763	1.0270	0.2301	1.1134	1.2889	0.1425	0.4322	0.5919	0.2587
1	49	0.4968	7	2	2	0	0	0	0	0	0	Y	Y	N	N	N	N	N	N	N	N	N	N	0.0002	0.0002	0.0000	0.0010	0.0009	0.0000	0.0000	0.0000	0.0000	0.0003	0.0004	0.0000	0.0013	0.0013	0.0000	0.0000	0.0000	0.0000	1.8802	1.7984	2.0567	1.2368	1.4609	0.0375	2.5587	2.3802	2.7486	0.0000	0.5301	-0.0000	-0.3448	5.1039	5.9964	21.2862	34.6547	0.0001	0.0001	0.0000	0.0001	0.0001	0.0000	0.0000	0.0000	0.0000	3.0808	2.0134	1.0674	1.0402	1.0352	0.0050	2.0406	0.9782	1.0624	0.2608	0.2289	0.0319	0.0692	0.0668	0.0024	0.1916	0.1621	0.0295	1.6386	1.1196	0.5190	0.8411	0.7086	0.1324	0.7975	0.4110	0.3865	0.0002	0.0002	0.0000	0.0010	0.0009	0.0000	0.0000	0.0000	0.0000	1.8802	1.7984	2.0567	1.2368	1.4609	0.0375	2.5587	2.3802	2.7486
1	50	0.5863	8	1	1	1	0	0	0	0	0	N	N	N	N	N	N	N	N	N	N	N	N	1.4464	0.6843	47.7405	0.8253	0.7556	0.2280	15.2082	6.3843	62.9676	1.6736	1.0887	5.6611	1.6297	1.7617	0.0300	1.6965	0.7050	7.1062	1.1571	1.5911	0.1186	1.9748	2.3316	0.1314	0.1116	0.1104	0.1129	0.7627	0.0311	-0.0195	-1.6856	5.1039	31.2093	21.2862	46.3939	2.3129	1.3122	1.0008	0.7722	0.7711	0.0011	1.5408	0.5411	0.9997	3.9367	3.8178	0.1189	3.7702	3.7295	0.0407	0.1666	0.0883	0.0782	1.3820	1.2052	0.1768	0.4738	0.4377	0.0361	0.9082	0.7675	0.1407	3.4022	2.3994	1.0028	1.9091	1.5996	0.3096	1.4931	0.7999	0.6932	1.4464	0.6843	47.7405	0.8253	0.7556	0.2280	15.2082	6.3843	62.9676	1.1571	1.5911	0.1186	1.9748	2.3316	0.1314	0.1116	0.1104	0.1129
1	51	0.5335	8	1	2	0	0	0	0	0	0	N	Y	N	N	N	N	N	N	N	N	N	N	0.0003	0.0003	0.0001	0.0000	0.0000	0.0002	0.0764	0.0819	0.0001	0.0004	0.0005	0.0000	0.0000	0.0000	0.0000	0.0006	0.0007	0.0000	1.2772	1.7783	0.0073	2.1646	2.5403	0.0076	0.0082	0.0091	0.0072	0.0002	0.0016	-0.0000	-0.6911	5.1039	4.1516	21.2862	14.5664	0.0001	0.0001	0.0000	0.0000	0.0000	0.0000	0.0001	0.0001	0.0000	1.5130	1.5106	0.0025	1.5090	1.5083	0.0008	0.0040	0.0023	0.0017	0.2064	0.1820	0.0244	0.0635	0.0613	0.0022	0.1428	0.1206	0.0222	1.1846	0.8495	0.3352	0.6971	0.5937	0.1034	0.4875	0.2557	0.2317	0.0003	0.0003	0.0001	0.0000	0.0000	0.0002	0.0764	0.0819	0.0001	1.2772	1.7783	0.0073	2.1646	2.5403	0.0076	0.0082	0.0091	0.0072
1	52	0.6140	10	2	1	1	0	0	0	0	0	Y	N	N	N	N	N	N	N	N	N	N	N	0.0030	0.0000	0.0111	0.0000	0.0000	0.0000	0.0039	0.0000	0.0093	0.0000	0.0000	0.0003	0.0000	0.0000	0.0000	0.0001	0.0000	0.0003	0.0113	0.0055	0.0270	0.0080	0.0082	0.0068	0.0153	0.0002	0.0341	inf	1.7828	0.0000	0.0001	5.1039	0.0028	21.2862	0.9232	0.0000	0.0000	0.0000	0.0000	0.0000	0.0000	0.0000	0.0000	0.0000	0.0006	0.0002	0.0004	0.0003	0.0002	0.0000	0.0004	0.0000	0.0004	0.0003	0.0003	0.0000	0.0001	0.0001	0.0000	0.0002	0.0002	0.0000	0.0571	0.0418	0.0153	0.0317	0.0277	0.0040	0.0254	0.0141	0.0113	0.0030	0.0000	0.0111	0.0000	0.0000	0.0000	0.0039	0.0000	0.0093	0.0113	0.0055	0.0270	0.0080	0.0082	0.0068	0.0153	0.0002	0.0341
1	53	0.1263	2	1	2	0	0	0	0	0	0	N	Y	N	N	N	N	N	N	N	N	N	N	1.8655	2.3025	1.3297	2.3330	2.2281	4.0096	1.6604	2.0257	1.2582	2.1278	2.2864	1.8204	1.4368	1.4401	0.4866	2.5139	3.2859	1.8253	1.1406	0.9930	1.3690	0.6159	0.6463	0.1213	1.5140	1.6221	1.4507	0.4108	0.8908	-0.3038	0.0437	5.1039	8.5400	21.2862	19.3759	2.0263	1.4363	0.5901	0.4904	0.4898	0.0006	1.5359	0.9464	0.5895	3.4284	1.8132	1.6152	0.7697	0.7609	0.0088	2.6587	1.0523	1.6064	0.9523	0.6282	0.3241	0.3413	0.3401	0.0012	0.6110	0.2880	0.3229	3.0058	1.8260	1.1798	1.2497	1.1772	0.0725	1.7561	0.6487	1.1073	1.8655	2.3025	1.3297	2.3330	2.2281	4.0096	1.6604	2.0257	1.2582	1.1406	0.9930	1.3690	0.6159	0.6463	0.1213	1.5140	1.6221	1.4507
1	56	0.6172	8	1	2	0	0	0	0	0	0	N	Y	N	N	N	N	N	N	N	N	N	N	0.0013	0.0009	0.0768	0.0078	0.0062	1.3157	0.0000	0.0000	0.0006	0.0027	0.0027	0.0026	0.0081	0.0074	0.0246	0.0000	0.0000	0.0000	2.0267	2.8427	0.0343	1.0455	1.1904	0.0187	3.2962	6.6392	0.0392	0.1405	0.0049	-0.0000	-1.3947	5.1039	0.9891	21.2862	20.6926	0.0001	0.0001	0.0000	0.0001	0.0001	0.0000	0.0000	0.0000	0.0000	3.0758	3.0606	0.0151	0.8950	0.8930	0.0020	2.1808	2.1676	0.0131	0.0471	0.0411	0.0059	0.0154	0.0148	0.0006	0.0316	0.0263	0.0053	1.5176	1.0767	0.4409	0.8560	0.7502	0.1058	0.6616	0.3265	0.3351	0.0013	0.0009	0.0768	0.0078	0.0062	1.3157	0.0000	0.0000	0.0006	2.0267	2.8427	0.0343	1.0455	1.1904	0.0187	3.2962	6.6392	0.0392
1	57	0.4968	7	1	1	0	0	0	0	0	0	N	N	N	N	N	N	N	N	N	N	N	N	0.6609	0.7759	0.0017	2.6242	2.3276	0.0000	0.0007	0.0007	0.0014	0.7936	0.9040	0.0022	2.9846	3.0909	0.0000	0.0009	0.0007	0.0024	1.2008	1.1650	1.2781	1.1373	1.3280	0.1082	1.2672	0.8866	1.6738	0.0003	0.5073	-0.0770	-0.2569	5.1039	5.0326	21.2862	39.3193	0.1746	0.1745	0.0001	0.1744	0.1744	0.0000	0.0001	0.0001	0.0001	2.1089	1.3992	0.7097	1.0213	1.0061	0.0152	1.0877	0.3931	0.6946	0.2200	0.1931	0.0269	0.0584	0.0564	0.0020	0.1615	0.1366	0.0249	1.7563	1.2010	0.5553	0.8979	0.7576	0.1403	0.8584	0.4434	0.4150	0.6609	0.7759	0.0017	2.6242	2.3276	0.0000	0.0007	0.0007	0.0014	1.2008	1.1650	1.2781	1.1373	1.3280	0.1082	1.2672	0.8866	1.6738
1	58	0.4968	7	1	2	0	1	0	0	0	0	N	Y	N	N	N	N	N	N	N	N	N	N	4.4023	3.4328	0.0009	0.4614	0.4038	0.0000	3.8224	2.3328	0.0015	4.5765	5.2148	0.0000	0.2300	0.2382	0.0000	6.1492	7.2705	0.0000	1.0396	1.5191	0.0043	0.4986	0.5900	0.0082	1.6087	3.1167	0.0030	0.0000	0.0013	-0.4416	-0.7950	5.1039	5.0036	21.2862	36.7244	1.0012	1.0012	0.0000	0.0134	0.0134	0.0000	0.9878	0.9878	0.0000	1.7394	1.7371	0.0023	0.4277	0.4266	0.0011	1.3117	1.3105	0.0012	0.2188	0.1920	0.0268	0.0581	0.0561	0.0020	0.1606	0.1359	0.0248	1.6732	1.1435	0.5297	0.8578	0.7230	0.1348	0.8154	0.4205	0.3949	4.4023	3.4328	0.0009	0.4614	0.4038	0.0000	3.8224	2.3328	0.0015	1.0396	1.5191	0.0043	0.4986	0.5900	0.0082	1.6087	3.1167	0.0030
1	59	0.1473	4	1	2	0	1	0	0	0	0	N	Y	N	N	N	N	N	N	N	N	N	N	1.9299	2.7590	0.0000	49.1841	47.1182	0.0001	0.3764	0.3992	0.0000	1.6344	2.0308	0.0000	4.5974	4.7087	0.0000	0.5394	0.7275	0.0000	0.8469	0.7361	1.0402	0.0935	0.0999	0.0229	1.4332	1.8225	1.1542	0.0000	0.8099	-0.4863	-0.0339	5.1039	10.4254	21.2862	21.2017	1.1026	1.1026	0.0000	0.8369	0.8369	0.0000	0.2657	0.2657	0.0000	3.1140	1.7205	1.3935	0.1504	0.1473	0.0031	2.9635	1.5732	1.3904	0.6746	0.5429	0.1317	0.1820	0.1777	0.0043	0.4926	0.3652	0.1274	3.6770	2.3375	1.3396	1.6092	1.4742	0.1350	2.0678	0.8632	1.2046	1.9299	2.7590	0.0000	49.1841	47.1182	0.0001	0.3764	0.3992	0.0000	0.8469	0.7361	1.0402	0.0935	0.0999	0.0229	1.4332	1.8225	1.1542
1	60	0.6140	10	2	1	1	0	0	0	0	0	Y	N	N	N	N	N	N	N	N	N	N	N	0.0000	0.0000	0.0000	0.0000	0.0000	0.0000	0.0000	0.0000	0.0001	0.0000	0.0000	0.0000	0.0000	0.0000	0.0000	0.0000	0.0000	0.0000	0.0488	0.0014	0.1617	0.0806	0.0020	0.5212	0.0075	0.0000	0.0155	inf	48.6590	0.0000	0.0062	5.1039	1.9981	21.2862	3.0867	0.0000	0.0000	0.0000	0.0000	0.0000	0.0000	0.0000	0.0000	0.0000	0.0119	0.0002	0.0116	0.0111	0.0002	0.0108	0.0008	0.0000	0.0008	0.0935	0.0823	0.0112	0.0276	0.0265	0.0011	0.0659	0.0558	0.0101	0.2432	0.1713	0.0719	0.1375	0.1167	0.0208	0.1057	0.0546	0.0511	0.0000	0.0000	0.0000	0.0000	0.0000	0.0000	0.0000	0.0000	0.0001	0.0488	0.0014	0.1617	0.0806	0.0020	0.5212	0.0075	0.0000	0.0155
1	61	0.5707	9	2	1	1	0	0	0	0	0	Y	N	N	N	N	N	N	N	N	N	N	N	0.0003	0.0001	0.0372	0.0000	0.0000	0.0000	0.0092	0.0062	0.0285	0.0002	0.0001	0.0014	0.0000	0.0000	0.0000	0.0003	0.0001	0.0015	0.7201	1.0212	0.0367	1.2358	1.4911	0.0010	0.0335	0.0147	0.0535	2.9817	0.0159	0.0000	-0.2653	5.1039	4.0039	21.2862	14.0733	0.0000	0.0000	0.0000	0.0000	0.0000	0.0000	0.0000	0.0000	0.0000	0.5993	0.5899	0.0094	0.5873	0.5872	0.0001	0.0120	0.0027	0.0093	0.1866	0.1647	0.0220	0.0575	0.0551	0.0023	0.1292	0.1095	0.0197	0.8323	0.5777	0.2546	0.4753	0.3938	0.0814	0.3570	0.1839	0.1732	0.0003	0.0001	0.0372	0.0000	0.0000	0.0000	0.0092	0.0062	0.0285	0.7201	1.0212	0.0367	1.2358	1.4911	0.0010	0.0335	0.0147	0.0535
1	62	0.5901	10	2	1	1	0	0	0	0	0	Y	N	N	N	N	N	N	N	N	N	N	N	0.0002	0.0002	0.0000	0.0007	0.0006	0.0000	0.0000	0.0000	0.0000	0.0010	0.0012	0.0000	0.0022	0.0022	0.0000	0.0000	0.0000	0.0000	6.5571	7.4620	3.9602	3.1247	3.6533	0.0417	8.1541	11.4287	5.2335	0.0001	0.3066	-0.0000	-0.9798	5.1039	0.0060	21.2862	17.2393	0.0000	0.0000	0.0000	0.0000	0.0000	0.0000	0.0000	0.0000	0.0000	4.3792	3.3517	1.0275	1.3583	1.3557	0.0027	3.0209	1.9960	1.0248	0.0010	0.0009	0.0001	0.0005	0.0004	0.0000	0.0005	0.0004	0.0001	0.8052	0.5457	0.2595	0.4347	0.3711	0.0636	0.3705	0.1746	0.1958	0.0002	0.0002	0.0000	0.0007	0.0006	0.0000	0.0000	0.0000	0.0000	5.4388	6.1417	3.9602	3.1247	3.6533	0.0417	8.1541	11.4287	5.2335
1	63	0.5335	8	1	1	1	0	0	0	0	0	N	N	N	N	N	N	N	N	N	N	N	N	0.0000	0.0002	0.0000	0.0003	0.0003	0.0000	0.0000	0.0000	0.0000	0.0000	0.0000	0.0000	0.0000	0.0000	0.0000	0.0000	0.0000	0.0000	1.0791	0.0743	3.7116	0.0850	0.0896	0.0590	2.6359	0.0355	5.4825	0.0082	19.0546	-0.0000	0.5181	5.1039	1.0230	21.2862	12.1924	0.0000	0.0000	0.0000	0.0000	0.0000	0.0000	0.0000	0.0000	0.0000	1.0535	0.0525	1.0009	0.0507	0.0455	0.0052	1.0028	0.0071	0.9958	0.0662	0.0588	0.0074	0.0251	0.0243	0.0008	0.0411	0.0345	0.0066	0.9762	0.7066	0.2697	0.5958	0.5077	0.0881	0.3804	0.1988	0.1816	0.0000	0.0002	0.0000	0.0003	0.0003	0.0000	0.0000	0.0000	0.0000	1.0791	0.0743	3.7116	0.0850	0.0896	0.0590	2.6359	0.0355	5.4825
1	64	0.4968	7	1	1	0	0	0	0	0	0	N	N	N	N	N	N	N	N	N	N	N	N	0.0000	0.0000	0.0001	0.0000	0.0000	0.0000	0.0000	0.0000	0.0001	0.0000	0.0000	0.0000	0.0000	0.0000	0.0000	0.0000	0.0000	0.0000	1.0878	1.5209	0.1890	1.1261	1.2849	0.3886	1.0425	1.9796	0.1054	0.2445	0.0599	-0.0000	-0.3133	5.1039	2.4556	21.2862	12.4191	0.0000	0.0000	0.0000	0.0000	0.0000	0.0000	0.0000	0.0000	0.0000	0.7796	0.7356	0.0440	0.4370	0.4103	0.0267	0.3426	0.3252	0.0173	0.1089	0.0956	0.0134	0.0290	0.0280	0.0010	0.0799	0.0675	0.0124	0.7167	0.4836	0.2331	0.3881	0.3193	0.0688	0.3286	0.1643	0.1643	0.0000	0.0000	0.0001	0.0000	0.0000	0.0000	0.0000	0.0000	0.0001	1.0878	1.5209	0.1890	1.1261	1.2849	0.3886	1.0425	1.9796	0.1054
1	65	0.6191	9	1	2	0	0	0	0	0	0	N	Y	N	N	N	N	N	N	N	N	N	N	0.0101	0.0151	0.0008	0.0318	0.0282	0.0045	0.0002	0.0000	0.0007	0.0252	0.0281	0.0032	0.0724	0.0753	0.0000	0.0006	0.0000	0.0036	2.5022	1.8647	3.9807	2.2755	2.6730	0.0067	2.8056	0.0049	5.5507	0.0151	0.9205	-0.0010	0.0434	5.1039	1.7555	21.2862	11.9300	0.0023	0.0022	0.0000	0.0022	0.0022	0.0000	0.0000	0.0000	0.0000	2.0739	1.0798	0.9941	1.0795	1.0790	0.0005	0.9944	0.0009	0.9936	0.0898	0.0794	0.0104	0.0308	0.0296	0.0011	0.0590	0.0498	0.0092	0.8288	0.5791	0.2497	0.4744	0.4037	0.0707	0.3544	0.1754	0.1790	0.0101	0.0151	0.0008	0.0318	0.0282	0.0045	0.0002	0.0000	0.0007	2.5022	1.8647	3.9807	2.2755	2.6730	0.0067	2.8056	0.0049	5.5507
1	66	0.5981	11	2	2	1	0	0	0	0	0	Y	Y	N	N	N	N	N	N	N	N	N	N	0.0000	0.0000	0.0000	0.0000	0.0000	0.0000	0.0000	0.0000	0.0000	0.0000	0.0000	0.0000	0.0000	0.0000	0.0000	0.0000	0.0000	0.0000	0.0000	0.0000	5.1039	0.0000	21.2862	0.0000	0.0000	0.0000	0.0000	0.0000	0.0000	0.0000	0.0000	0.0000	0.0000	0.0000	0.0000	0.0000	0.0000	0.0000	0.0000	0.0000	0.0000	0.0000	0.0000	0.0000	0.0000	0.0000	0.0000	0.0000	0.0000	0.0000	0.0000	0.0000	0.0000	0.0000	0.0000	0.0000	0.0000	0.0000	0.0000	0.0000	0.0000	0.0000	0.0000	0.0000	0.0000	0.0000	0.0000	0.0000	0.0000	0.0000	0.0000	0.0000	0.0000	0.0000	0.0000	0.0000	0.0000	0.0000											
1	67	0.5358	10	2	2	1	0	0	0	0	0	Y	Y	N	N	N	N	N	N	N	N	N	N	0.0141	0.0000	inf	0.0000	0.0000	23.8399	0.0000	inf	0.0018	0.0000	0.0151	0.0000	0.0000	0.0000	0.0027	0.0000	0.0166	0.1302	0.1963	0.0000	0.3377	0.3767	0.0000	0.0001	0.0002	0.0000	inf	0.0000	0.0000	-0.0086	5.1039	1.0000	21.2862	3.0000	0.0001	0.0000	0.0001	0.0000	0.0000	0.0000	0.0001	0.0000	0.0001	0.0188	0.0188	0.0000	0.0188	0.0188	0.0000	0.0000	0.0000	0.0000	0.0382	0.0336	0.0046	0.0121	0.0117	0.0004	0.0261	0.0219	0.0042	0.1446	0.0959	0.0487	0.0557	0.0500	0.0058	0.0889	0.0460	0.0429	0.0141	0.0000	inf	0.0000	0.0000	0.0000	23.8399	0.0000	inf	0.1302	0.1963	0.0000	0.3377	0.3767	0.0000	0.0001	0.0002	0.0000	
1	68	0.5981	11	2	2	1	0	0	0	0	0	Y	Y	N	N	N	N	N	N	N	N	N	N	0.0000	0.0000	0.0000	0.0000	0.0000	0.0000	0.0000	0.0000	0.0000	0.0000	0.0000	0.0000	0.0000	0.0000	0.0000	0.0000	0.0000	0.0000	0.0000	0.0000	5.1039	1.0000	21.2862	0.0000	0.0000	0.0000	0.0000	0.0000	0.0000	0.0000	0.0000	0.0000	0.0000	0.0000	0.0000	0.0000	0.0000	0.0000	0.0000	0.0000	0.0000	0.0000	0.0469	0.0413	0.0056	0.0138	0.0132	0.0005	0.0331	0.0281	0.0050	0.0453	0.0306	0.0147	0.0244	0.0201	0.0043	0.0209	0.0105	0.0103	0.0000	0.0000	0.0000	0.0000	0.0000	0.0000	0.0000	0.0000	0.0000	0.0000	0.0000	0.0000	0.0000	0.0000	0.0000	0.0000	0.0000	0.0000											
1	69	0.5817	10	2	2	1	0	0	0	0	0	Y	Y	N	N	N	N	N	N	N	N	N	N	0.0000	0.0000	0.0055	0.0002	0.0000	0.0032	0.0000	0.0000	0.0401	0.0001	0.0000	0.0005	0.0000	0.0000	0.0009	0.0001	0.0000	0.0005	2.8887	4.1160	0.0996	0.1991	0.1829	0.2747	6.5103	12.4900	0.0127	inf	0.0106	0.0000	-0.4580	5.1039	1.0155	21.2862	5.9708	0.0000	0.0000	0.0000	0.0000	0.0000	0.0000	0.0000	0.0000	0.0000	1.0228	1.0120	0.0108	0.0405	0.0306	0.0099	0.9823	0.9814	0.0009	0.0498	0.0440	0.0059	0.0150	0.0144	0.0005	0.0348	0.0295	0.0053	0.3541	0.2459	0.1082	0.2032	0.1673	0.0359	0.1509	0.0786	0.0723	0.0000	0.0000	0.0055	0.0002	0.0000	0.0032	0.0000	0.0000	0.0401	2.8887	4.1160	0.0996	0.1991	0.1829	0.2747	6.5103	12.4900	0.0127
1	70	0.5770	9	2	1	1	0	0	0	0	0	Y	N	N	N	N	N	N	N	N	N	N	N	0.0201	0.0014	0.4416	0.0324	0.0023	9.0733	0.0059	0.0000	0.0224	0.0106	0.0009	0.0915	0.0246	0.0021	1.2316	0.0009	0.0000	0.0055	0.5265	0.6871	0.2071	0.7584	0.9005	0.1357	0.1552	0.0360	0.2442	11.5065	0.1516	0.0000	-0.0758	5.1039	0.0406	21.2862	2.3361	0.0000	0.0000	0.0000	0.0000	0.0000	0.0000	0.0000	0.0000	0.0000	0.2319	0.2014	0.0305	0.2056	0.1988	0.0068	0.0263	0.0026	0.0237	0.0042	0.0038	0.0005	0.0017	0.0017	0.0000	0.0025	0.0021	0.0004	0.4405	0.2931	0.1474	0.2712	0.2208	0.0504	0.1694	0.0724	0.0970	0.0201	0.0014	0.4416	0.0324	0.0023	9.0733	0.0059	0.0000	0.0224	0.5265	0.6871	0.2071	0.7584	0.9005	0.1357	0.1552	0.0360	0.2442
1	71	0.5358	10	2	2	1	0	0	0	0	0	Y	Y	N	N	N	N	N	N	N	N	N	N	0.0000	0.0000	0.0000	0.0000	0.0000	0.0000	0.0000	0.0000	0.0000	0.0000	0.0000	0.0000	0.0000	0.0000	0.0000	0.0000	0.0000	0.0000	0.0000	0.0000	5.1039	0.0000	21.2862	0.0000	0.0000	0.0000	0.0000	0.0000	0.0000	0.0000	0.0000	0.0000	0.0000	0.0000	0.0000	0.0000	0.0000	0.0000	0.0000	0.0000	0.0000	0.0000	0.0000	0.0000	0.0000	0.0000	0.0000	0.0000	0.0000	0.0000	0.0000	0.0000	0.0000	0.0000	0.0000	0.0000	0.0000	0.0000	0.0000	0.0000	0.0000	0.0000	0.0000	0.0000	0.0000	0.0000	0.0000	0.0000	0.0000	0.0000	0.0000	0.0000	0.0000	0.0000	0.0000	0.0000	0.0000	0.0000											
1	72	0.5177	9	2	2	1	0	0	0	0	0	Y	Y	N	N	N	N	N	N	N	N	N	N	2.0312	0.0597	23.8968	0.0900	0.0976	0.0013	23.6750	0.0126	68.6668	0.0019	0.0001	0.0151	0.0002	0.0002	0.0000	0.0027	0.0000	0.0164	0.0009	0.0011	0.0006	0.0021	0.0020	0.0029	0.0001	0.0000	0.0002	32.7338	0.2643	0.0002	-0.0001	5.1039	3.9057	21.2862	1.1104	0.0003	0.0000	0.0003	0.0000	0.0000	0.0000	0.0003	0.0000	0.0003	0.0002	0.0002	0.0000	0.0002	0.0002	0.0000	0.0000	0.0000	0.0000	0.1627	0.1427	0.0201	0.0496	0.0480	0.0016	0.1131	0.0946	0.0185	0.2233	0.1536	0.0697	0.0947	0.0844	0.0104	0.1286	0.0692	0.0594	2.0312	0.0597	23.8968	0.0900	0.0976	0.0013	23.6750	0.0126	68.6668	0.0009	0.0011	0.0006	0.0021	0.0020	0.0029	0.0001	0.0000	0.0002
1	73	0.3150	7	2	2	0	0	0	0	0	0	Y	Y	N	N	N	N	N	N	N	N	N	N	0.1391	0.2695	0.0096	0.7379	0.7806	0.0084	0.0032	0.0000	0.0142	0.2639	0.3014	0.0335	0.5507	0.6247	0.0010	0.0088	0.0000	0.0552	1.8979	1.1185	3.5091	0.7463	0.8003	0.1137	2.7377	1.5516	3.8935	0.0181	1.5177	-0.0681	0.4257	5.1039	6.9070	21.2862	16.5673	0.1610	0.1581	0.0029	0.1581	0.1581	0.0000	0.0028	0.0000	0.0028	2.9469	1.1705	1.7765	0.4887	0.4828	0.0059	2.4583	0.6877	1.7706	0.6099	0.5246	0.0853	0.2872	0.2531	0.0341	0.3227	0.2715	0.0512	1.5527	1.0465	0.5062	0.6548	0.6033	0.0515	0.8979	0.4432	0.4548	0.1391	0.2695	0.0096	0.7379	0.7806	0.0084	0.0032	0.0000	0.0142	1.8979	1.1185	3.5091	0.7463	0.8003	0.1137	2.7377	1.5516	3.8935
1	74	0.1382	3	1	2	0	1	0	0	0	0	N	Y	N	N	N	N	N	N	N	N	N	N	7.9021	10.1014	0.0050	0.4984	0.4823	1.4295	13.0975	599.6431	0.0040	3.3506	3.9296	0.0024	0.3015	0.3147	0.0085	4.0205	4.8455	0.0021	0.4240	0.3890	0.4801	0.6049	0.6524	0.0060	0.3070	0.0081	0.5186	0.0001	0.7704	-0.4325	-0.0221	5.1039	6.4226	21.2862	19.3377	0.9807	0.9806	0.0001	0.0159	0.0159	0.0000	0.9648	0.9647	0.0001	0.9508	0.5370	0.4138	0.5329	0.5325	0.0004	0.4179	0.0046	0.4134	0.2927	0.2495	0.0431	0.0527	0.0504	0.0023	0.2400	0.1991	0.0409	2.2424	1.3805	0.8618	0.8809	0.8162	0.0647	1.3615	0.5643	0.7971	7.9021	10.1014	0.0050	0.4984	0.4823	1.4295	13.0975	599.6431	0.0040	0.4240	0.3890	0.4801	0.6049	0.6524	0.0060	0.3070	0.0081	0.5186
1	75	0.0930	2	1	1	0	1	0	0	0	0	N	N	N	N	N	N	N	N	N	N	N	N	0.9429	0.9130	0.0174	1.7442	1.6597	0.5800	0.2578	0.4269	0.0163	0.6630	0.8942	0.0053	2.0579	2.0628	0.0239	0.0807	0.1246	0.0053	0.7032	0.9794	0.3060	1.1798	1.2429	0.0413	0.3132	0.2919	0.3222	0.0021	0.2173	-0.1204	-0.8122	5.1039	5.1932	21.2862	17.4397	0.2743	0.2738	0.0006	0.2508	0.2507	0.0000	0.0236	0.0230	0.0006	2.9024	2.3843	0.5181	2.1914	2.1873	0.0040	0.7110	0.1969	0.5141	0.4138	0.3061	0.1076	0.1219	0.1216	0.0003	0.2919	0.1846	0.1073	4.1276	2.4344	1.6931	1.8574	1.7598	0.0975	2.2702	0.6746	1.5956	0.9429	0.9130	0.0174	1.7442	1.6597	0.5800	0.2578	0.4269	0.0163	0.7032	0.9794	0.3060	1.1798	1.2429	0.0413	0.3132	0.2919	0.3222
1	77	0.5926	10	1	1	0	1	0	0	0	0	N	N	N	N	N	N	N	N	N	N	N	N	1.2959	1.2072	0.0000	2.4795	2.2312	0.0000	0.0000	0.0000	0.0000	0.1274	0.1507	0.0000	0.3586	0.3690	0.0000	0.0000	0.0000	0.0000	0.0983	0.1248	0.0372	0.1446	0.1654	0.0144	0.0435	0.0423	0.0446	0.0000	0.1289	-0.0012	-0.0290	5.1039	0.3745	21.2862	14.7996	0.0028	0.0028	0.0000	0.0028	0.0028	0.0000	0.0000	0.0000	0.0000	0.0844	0.0747	0.0096	0.0673	0.0664	0.0009	0.0171	0.0084	0.0087	0.0222	0.0188	0.0034	0.0079	0.0077	0.0002	0.0143	0.0111	0.0032	0.8580	0.5988	0.2592	0.4653	0.4013	0.0640	0.3927	0.1975	0.1952	1.2959	1.2072	0.0000	2.4795	2.2312	0.0000	0.0000	0.0000	0.0000	0.0983	0.1248	0.0372	0.1446	0.1654	0.0144	0.0435	0.0423	0.0446
1	78	0.5704	9	1	1	0	1	0	0	0	0	N	N	N	N	N	N	N	N	N	N	N	N	2.0421	1.5875	0.0136	2.4289	2.2818	0.0405	0.0003	0.0000	0.0111	10.4212	12.0001	0.0012	31.3426	32.6038	0.0003	0.0002	0.0000	0.0013	5.1031	7.5591	0.0880	12.9041	14.2889	0.0075	0.7857	1.4430	0.1168	0.0000	0.0059	-0.3366	-1.4462	5.1039	1.4595	21.2862	10.3922	0.7632	0.7631	0.0000	0.7631	0.7631	0.0000	0.0000	0.0000	0.0000	3.1963	3.1774	0.0189	2.9460	2.9455	0.0004	0.2504	0.2319	0.0185	0.0732	0.0636	0.0096	0.0243	0.0234	0.0009	0.0489	0.0402	0.0087	0.7199	0.5054	0.2145	0.4013	0.3447	0.0566	0.3186	0.1607	0.1579	2.3472	1.9086	0.0136	4.2693	3.8149	0.0405	0.0003	0.0000	0.0111	4.4399	6.2874	0.0880	7.3414	8.5464	0.0075	0.7857	1.4430	0.1168
1	79	0.5562	8	1	1	0	1	0	0	0	0	N	N	N	N	N	N	N	N	N	N	N	N	0.3544	0.3169	0.2823	0.7695	0.7031	0.7728	0.0431	0.0000	0.2312	0.0524	0.0571	0.0193	0.1587	0.1653	0.0172	0.0032	0.0000	0.0196	0.1478	0.1801	0.0685	0.2062	0.2351	0.0223	0.0737	0.0633	0.0848	0.0484	0.1551	-0.0013	-0.0244	5.1039	1.3861	21.2862	6.3168	0.0033	0.0032	0.0002	0.0032	0.0032	0.0000	0.0001	0.0000	0.0001	0.0753	0.0652	0.0101	0.0587	0.0578	0.0009	0.0166	0.0073	0.0093	0.0634	0.0555	0.0079	0.0201	0.0192	0.0009	0.0434	0.0363	0.0070	0.5096	0.3619	0.1477	0.2847	0.2461	0.0386	0.2250	0.1158	0.1091	0.3544	0.3169	0.2823	0.7695	0.7031	0.7728	0.0431	0.0000	0.2312	0.1478	0.1801	0.0685	0.2062	0.2351	0.0223	0.0737	0.0633	0.0848
1	80	0.4968	7	1	1	0	1	0	0	0	0	N	N	N	N	N	N	N	N	N	N	N	N	1.0531	0.8180	0.0007	3.1036	2.6893	0.0000	0.0000	0.0000	0.0025	0.9909	1.1292	0.0000	3.7253	3.8580	0.0000	0.0000	0.0000	0.0000	0.9409	1.3805	0.0092	1.2003	1.4346	0.0258	0.6522	1.2817	0.0029	0.0000	0.0031	-0.0769	-0.4539	5.1039	4.0043	21.2862	19.8631	0.1744	0.1744	0.0000	0.1744	0.1744	0.0000	0.0000	0.0000	0.0000	0.9971	0.9940	0.0031	0.6700	0.6676	0.0024	0.3272	0.3265	0.0007	0.1760	0.1544	0.0216	0.0468	0.0452	0.0016	0.1292	0.1092	0.0200	1.0598	0.7200	0.3398	0.5582	0.4653	0.0928	0.5017	0.2547	0.2470	1.0531	0.8180	0.0007	3.1036	2.6893	0.0000	0.0000	0.0000	0.0025	0.9409	1.3805	0.0092	1.2003	1.4346	0.0258	0.6522	1.2817	0.0029
1	81	0.4705	9	1	2	1	0	0	0	0	0	N	Y	N	N	N	N	N	N	N	N	N	N	0.2105	0.1619	0.0000	0.2098	0.2026	0.0000	0.8529	0.7348	0.0000	0.0161	0.0184	0.0000	0.0407	0.0425	0.0000	0.0002	0.0002	0.0000	0.0766	0.1136	0.0012	0.1941	0.2097	0.0119	0.0002	0.0003	0.0001	0.0000	0.0053	-0.0007	-0.0102	5.1039	2.0162	21.2862	4.5500	0.0017	0.0017	0.0000	0.0017	0.0017	0.0000	0.0000	0.0000	0.0000	0.0226	0.0224	0.0001	0.0225	0.0224	0.0001	0.0000	0.0000	0.0000	0.1053	0.0924	0.0130	0.0414	0.0397	0.0017	0.0639	0.0527	0.0112	0.2944	0.1975	0.0969	0.1160	0.1068	0.0092	0.1784	0.0907	0.0877	0.2105	0.1619	0.0000	0.2098	0.2026	0.0000	0.8529	0.7348	0.0000	0.0766	0.1136	0.0012	0.1941	0.2097	0.0119	0.0002	0.0003	0.0001
1	82	0.6048	11	1	2	1	0	0	0	0	0	N	Y	N	N	N	N	N	N	N	N	N	N	0.0001	0.0000	0.2102	0.0001	0.0000	0.4969	0.0107	0.0000	0.2130	0.0000	0.0000	0.0000	0.0000	0.0000	0.0001	0.0000	0.0000	0.0000	0.0601	0.0865	0.0002	0.0982	0.1209	0.0003	0.0003	0.0005	0.0001	inf	0.0008	0.0000	-0.0105	5.1039	3.0011	21.2862	3.7015	0.0000	0.0000	0.0000	0.0000	0.0000	0.0000	0.0000	0.0000	0.0000	0.0230	0.0230	0.0000	0.0230	0.0230	0.0000	0.0000	0.0000	0.0000	0.1399	0.1235	0.0164	0.0438	0.0421	0.0018	0.0961	0.0815	0.0146	0.3837	0.2664	0.1174	0.2341	0.1901	0.0440	0.1496	0.0763	0.0734	0.0001	0.0000	0.2102	0.0001	0.0000	0.4969	0.0107	0.0000	0.2130	0.0601	0.0865	0.0002	0.0982	0.1209	0.0003	0.0003	0.0005	0.0001
1	83	0.5933	10	1	2	0	0	0	0	0	0	N	Y	N	N	N	N	N	N	N	N	N	N	0.0000	0.0000	0.0000	0.0000	0.0000	0.0001	0.0000	0.0000	0.0000	0.0000	0.0000	0.0000	0.0000	0.0000	0.0000	0.0000	0.0000	0.0000	1.2962	1.8572	0.0217	1.9923	2.5612	0.0321	0.0063	0.0014	0.0121	0.0139	0.0051	-0.0000	-0.2685	5.1039	2.0032	21.2862	4.2039	0.0000	0.0000	0.0000	0.0000	0.0000	0.0000	0.0000	0.0000	0.0000	0.5923	0.5893	0.0030	0.5913	0.5891	0.0021	0.0010	0.0001	0.0009	0.0942	0.0832	0.0111	0.0295	0.0283	0.0012	0.0647	0.0548	0.0099	0.4569	0.3173	0.1397	0.2968	0.2300	0.0668	0.1602	0.0873	0.0729	0.0000	0.0000	0.0000	0.0000	0.0000	0.0001	0.0000	0.0000	0.0000	1.2962	1.8572	0.0217	1.9923	2.5612	0.0321	0.0063	0.0014	0.0121
1	84	0.5901	10	2	1	1	0	0	0	0	0	Y	N	N	N	N	N	N	N	N	N	N	N	0.0000	0.0000	0.0000	0.0000	0.0000	0.0000	0.0000	0.0001	0.0000	0.0000	0.0000	0.0000	0.0001	0.0001	0.0000	0.0000	0.0000	0.0000	0.7965	1.0693	0.2753	1.2892	1.4823	0.0109	0.2067	0.0014	0.3448	0.0001	0.1348	-0.0000	-0.0961	5.1039	1.0052	21.2862	4.9545	0.0000	0.0000	0.0000	0.0000	0.0000	0.0000	0.0000	0.0000	0.0000	0.2830	0.2494	0.0336	0.2495	0.2493	0.0003	0.0334	0.0001	0.0333	0.0480	0.0424	0.0056	0.0156	0.0149	0.0007	0.0325	0.0275	0.0050	0.3553	0.2332	0.1220	0.1936	0.1682	0.0254	0.1617	0.0650	0.0967	0.0000	0.0000	0.0000	0.0000	0.0000	0.0000	0.0000	0.0001	0.0000	0.7965	1.0693	0.2753	1.2892	1.4823	0.0109	0.2067	0.0014	0.3448
1	85	0.5707	9	2	1	1	0	0	0	0	0	Y	N	N	N	N	N	N	N	N	N	N	N	0.0018	0.0245	0.0000	0.0689	0.0585	0.0000	0.0000	0.0000	0.0000	0.0038	0.0043	0.0000	0.0122	0.0127	0.0000	0.0000	0.0000	0.0000	2.1388	0.1748	6.6793	0.1768	0.2167	0.0016	4.9801	0.0779	13.2310	0.0000	16.7269	-0.0001	0.4688	5.1039	0.9968	21.2862	7.6169	0.0002	0.0002	0.0000	0.0002	0.0002	0.0000	0.0000	0.0000	0.0000	0.9662	0.0545	0.9117	0.0472	0.0472	0.0001	0.9190	0.0073	0.9117	0.0473	0.0417	0.0056	0.0147	0.0141	0.0006	0.0326	0.0276	0.0050	0.4518	0.3119	0.1399	0.2672	0.2176	0.0496	0.1845	0.0943	0.0902	0.0018	0.0245	0.0000	0.0689	0.0585	0.0000	0.0000	0.0000	0.0000	2.1388	0.1748	6.5192	0.1768	0.2167	0.0016	4.9801	0.0779	10.1046
1	86	0.5907	8	2	2	0	0	0	0	0	0	Y	Y	N	N	N	N	N	N	N	N	N	N	1.3700	1.7738	0.0431	3.7309	5.5617	0.0075	0.0114	0.0000	0.0929	0.0293	0.0335	0.0012	0.0847	0.0879	0.0006	0.0002	0.0000	0.0012	0.0214	0.0189	0.0274	0.0227	0.0158	0.0748	0.0196	0.0263	0.0134	0.0053	0.5963	-0.0040	-0.0019	5.1039	5.8060	21.2862	6.1034	0.0092	0.0091	0.0000	0.0091	0.0091	0.0000	0.0000	0.0000	0.0000	0.0222	0.0139	0.0083	0.0134	0.0082	0.0052	0.0088	0.0057	0.0031	0.3140	0.2731	0.0409	0.1080	0.1040	0.0039	0.2061	0.1691	0.0370	1.0406	0.7379	0.3027	0.5908	0.5217	0.0691	0.4498	0.2162	0.2336	1.3700	1.7738	0.0431	3.7309	5.5617	0.0075	0.0114	0.0000	0.0929	0.0214	0.0189	0.0274	0.0227	0.0158	0.0748	0.0196	0.0263	0.0134
1	87	0.4968	7	2	2	0	0	0	0	0	0	Y	Y	N	N	N	N	N	N	N	N	N	N	0.8739	0.6599	4.4258	1.6857	1.4635	11.4336	0.8157	0.0139	3.6891	0.3583	0.3854	0.1624	1.2888	1.3266	0.2297	0.0242	0.0002	0.1570	0.4100	0.5840	0.0367	0.7646	0.9065	0.0201	0.0297	0.0174	0.0426	0.0583	0.0293	-0.0716	-0.2500	5.1039	12.2869	21.2862	21.7146	0.1856	0.1754	0.0102	0.1764	0.1753	0.0011	0.0092	0.0001	0.0091	0.5815	0.5650	0.0165	0.5612	0.5588	0.0024	0.0203	0.0061	0.0142	0.5180	0.4550	0.0630	0.1368	0.1321	0.0047	0.3812	0.3229	0.0583	1.4183	0.9674	0.4509	0.7340	0.6165	0.1175	0.6843	0.3509	0.3334	0.8739	0.6599	4.4258	1.6857	1.4635	11.4336	0.8157	0.0139	3.6891	0.4100	0.5840	0.0367	0.7646	0.9065	0.0201	0.0297	0.0174	0.0426
1	88	0.5933	10	1	2	0	0	0	0	0	0	N	Y	N	N	N	N	N	N	N	N	N	N	0.0002	0.0001	0.0000	0.0001	0.0001	0.0000	0.0183	0.0216	0.0000	0.0001	0.0001	0.0000	0.0002	0.0002	0.0000	0.0001	0.0001	0.0000	0.7118	0.9029	0.2734	1.1630	1.2823	0.6799	0.0043	0.0043	0.0043	0.0004	0.1320	-0.0000	-0.1780	5.1039	4.0005	21.2862	9.0093	0.0000	0.0000	0.0000	0.0000	0.0000	0.0000	0.0000	0.0000	0.0000	0.5208	0.4601	0.0607	0.5196	0.4594	0.0601	0.0012	0.0006	0.0006	0.1861	0.1642	0.0219	0.0581	0.0557	0.0024	0.1280	0.1085	0.0195	0.7316	0.5095	0.2221	0.4467	0.3583	0.0884	0.2849	0.1512	0.1336	0.0002	0.0001	0.0000	0.0001	0.0001	0.0000	0.0183	0.0216	0.0000	0.7118	0.9029	0.2734	1.1630	1.2823	0.6799	0.0043	0.0043	0.0043
1	89	0.5707	9	1	2	0	0	0	0	0	0	N	Y	N	N	N	N	N	N	N	N	N	N	0.0000	0.0000	0.0000	0.0000	0.0000	0.0000	0.0001	0.0001	0.0000	0.0000	0.0000	0.0000	0.0000	0.0000	0.0000	0.0000	0.0000	0.0000	0.1542	0.2227	0.0008	0.2622	0.3203	0.0008	0.0015	0.0021	0.0009	0.0040	0.0017	-0.0000	-0.0367	5.1039	1.0051	21.2862	9.2650	0.0000	0.0000	0.0000	0.0000	0.0000	0.0000	0.0000	0.0000	0.0000	0.0803	0.0801	0.0001	0.0800	0.0799	0.0000	0.0003	0.0002	0.0001	0.0477	0.0421	0.0056	0.0148	0.0142	0.0006	0.0329	0.0279	0.0050	0.5205	0.3599	0.1606	0.3049	0.2495	0.0554	0.2155	0.1104	0.1052	0.0000	0.0000	0.0000	0.0000	0.0000	0.0000	0.0001	0.0001	0.0000	0.1542	0.2227	0.0008	0.2622	0.3203	0.0008	0.0015	0.0021	0.0009
1	90	0.6191	9	1	1	1	0	0	0	0	0	N	N	N	N	N	N	N	N	N	N	N	N	0.0006	0.0074	0.0011	0.0003	0.0158	0.0000	0.0017	0.0000	0.0057	0.0004	0.0001	0.0025	0.0003	0.0003	0.0000	0.0004	0.0000	0.0028	0.6709	0.0137	2.1716	0.9750	0.0175	6.5117	0.2561	0.0044	0.4893	3.2365	69.5782	0.0000	0.2349	5.1039	2.3559	21.2862	7.1930	0.0000	0.0000	0.0000	0.0000	0.0000	0.0000	0.0000	0.0000	0.0000	0.4454	0.0063	0.4391	0.3735	0.0057	0.3678	0.0719	0.0006	0.0713	0.1164	0.1027	0.0137	0.0393	0.0377	0.0015	0.0771	0.0650	0.0122	0.6639	0.4617	0.2022	0.3831	0.3266	0.0565	0.2808	0.1351	0.1457	0.0006	0.0074	0.0011	0.0003	0.0158	0.0000	0.0017	0.0000	0.0057	0.6709	0.0137	2.1716	0.9750	0.0175	6.5117	0.2561	0.0044	0.4893
1	91	0.5863	8	1	1	0	0	0	0	0	0	N	N	N	N	N	N	N	N	N	N	N	N	0.1932	0.2020	0.1663	0.3171	0.4312	0.0128	0.0602	0.0001	0.4918	0.1332	0.1351	0.1228	0.2402	0.2793	0.0165	0.0348	0.0001	0.2110	0.6894	0.6688	0.7386	0.7575	0.6477	1.2880	0.5779	0.7255	0.4291	0.1694	0.4629	-0.0164	-0.1737	5.1039	4.9284	21.2862	11.0439	0.0555	0.0474	0.0080	0.0479	0.0474	0.0005	0.0076	0.0000	0.0075	1.2236	0.8364	0.3871	0.8344	0.5911	0.2432	0.3892	0.2453	0.1439	0.4165	0.3511	0.0654	0.1994	0.1697	0.0297	0.2171	0.1814	0.0357	1.7749	1.2507	0.5242	1.1014	0.9126	0.1889	0.6734	0.3381	0.3353	0.1932	0.2020	0.1663	0.3171	0.4312	0.0128	0.0602	0.0001	0.4918	0.6894	0.6688	0.7386	0.7575	0.6477	1.2880	0.5779	0.7255	0.4291
1	92	0.4968	7	1	1	0	0	0	0	0	0	N	N	N	N	N	N	N	N	N	N	N	N	0.7731	1.1077	0.0842	3.0145	2.7063	0.0109	0.0213	0.0098	0.0694	0.7762	0.8672	0.1244	2.8551	2.9567	0.0020	0.0227	0.0023	0.1343	1.0040	0.7829	1.4779	0.9471	1.0925	0.1866	1.0651	0.2373	1.9350	0.0200	0.8806	-0.0563	0.0138	5.1039	3.9161	21.2862	29.2065	0.1337	0.1310	0.0026	0.1308	0.1308	0.0000	0.0029	0.0002	0.0026	1.3939	0.7412	0.6527	0.6814	0.6598	0.0215	0.7125	0.0813	0.6312	0.1722	0.1511	0.0211	0.0458	0.0442	0.0016	0.1264	0.1069	0.0195	1.3884	0.9467	0.4416	0.7194	0.6039	0.1155	0.6690	0.3428	0.3262	0.7731	1.1077	0.0842	3.0145	2.7063	0.0109	0.0213	0.0098	0.0694	1.0040	0.7829	1.4779	0.9471	1.0925	0.1866	1.0651	0.2373	1.9350
1	93	0.4705	9	2	2	0	0	0	0	0	0	Y	Y	N	N	N	N	N	N	N	N	N	N	0.0063	0.0048	0.0067	2.4929	2.6503	0.0130	0.0000	0.0000	0.0003	0.0152	0.0174	0.0000	0.0392	0.0409	0.0002	0.0002	0.0002	0.0000	2.4258	3.6567	0.0051	0.0157	0.0154	0.0187	3.8815	7.6177	0.0037	0.0003	0.0007	-0.0008	-0.4425	5.1039	2.5103	21.2862	7.4742	0.0019	0.0019	0.0000	0.0019	0.0019	0.0000	0.0000	0.0000	0.0000	0.9668	0.9661	0.0007	0.0024	0.0021	0.0002	0.9644	0.9640	0.0004	0.1247	0.1094	0.0154	0.0483	0.0462	0.0021	0.0765	0.0632	0.0133	0.3985	0.2642	0.1343	0.1501	0.1377	0.0124	0.2485	0.1265	0.1219	0.0063	0.0048	0.0067	2.4929	2.6503	0.0130	0.0000	0.0000	0.0003	2.4258	3.6567	0.0051	0.0157	0.0154	0.0187	3.8815	7.6177	0.0037
1	94	0.4342	8	1	2	0	0	0	0	0	0	N	Y	N	N	N	N	N	N	N	N	N	N	49.6243	38.8299	0.1807	1178.4168	1128.8211	0.4511	0.0058	0.0027	0.1779	2.7543	3.1160	0.0008	7.7296	8.0000	0.0003	0.0005	0.0004	0.0009	0.0555	0.0802	0.0046	0.0066	0.0071	0.0008	0.0834	0.1517	0.0050	0.0000	0.0278	-0.4404	-0.0104	5.1039	7.1305	21.2862	3.2426	0.9985	0.9984	0.0000	0.9983	0.9983	0.0000	0.0001	0.0001	0.0000	0.0240	0.0234	0.0006	0.0010	0.0010	0.0000	0.0230	0.0223	0.0006	0.3625	0.3204	0.0421	0.1292	0.1248	0.0044	0.2334	0.1956	0.0377	0.4326	0.2911	0.1415	0.1569	0.1438	0.0131	0.2757	0.1473	0.1284	49.6243	38.8299	0.1807	1178.4168	1128.8211	0.4511	0.0058	0.0027	0.1779	0.0555	0.0802	0.0046	0.0066	0.0071	0.0008	0.0834	0.1517	0.0050
1	95	0.5707	9	2	2	0	0	0	0	0	0	Y	Y	N	N	N	N	N	N	N	N	N	N	2.1056	1.6612	0.0000	0.0440	0.0383	0.0000	294.2748	203.4861	0.0000	2.7350	3.0990	0.0000	0.1015	0.1057	0.0000	3.8981	4.5946	0.0000	1.2989	1.8655	0.0023	2.3078	2.7633	0.0002	0.0132	0.0226	0.0032	0.0000	0.0005	-0.4407	-0.7686	5.1039	8.0000	21.2862	22.5660	0.9992	0.9992	0.0000	0.0114	0.0114	0.0000	0.9878	0.9878	0.0000	1.6788	1.6779	0.0009	1.6712	1.6712	0.0000	0.0075	0.0067	0.0009	0.3653	0.3224	0.0429	0.1119	0.1074	0.0045	0.2534	0.2150	0.0384	1.2925	0.8994	0.3930	0.7242	0.6048	0.1194	0.5683	0.2946	0.2737	2.1056	1.6612	0.0000	0.0440	0.0383	0.0000	294.2748	203.4861	0.0000	1.2989	1.8655	0.0023	2.3078	2.7633	0.0002	0.0132	0.0226	0.0032
1	96	0.4968	7	1	1	0	0	0	0	0	0	N	N	N	N	N	N	N	N	N	N	N	N	3.4835	11.0631	0.0034	12.5839	10.9813	0.0000	1.6829	92.0380	0.0027	3.4956	3.9786	0.0081	5.7554	5.9607	0.0000	2.6840	3.1671	0.0088	1.0035	0.3596	2.3804	0.4574	0.5428	0.0143	1.5949	0.0344	3.2283	0.0003	3.0950	-0.7804	0.3908	5.1039	11.9964	21.2862	18.8414	1.7704	1.7699	0.0005	0.7702	0.7702	0.0000	1.0002	0.9997	0.0005	1.3140	0.3209	0.9931	0.3114	0.3098	0.0016	1.0026	0.0111	0.9916	0.5065	0.4449	0.0616	0.1338	0.1292	0.0046	0.3726	0.3156	0.0570	1.3095	0.8923	0.4172	0.6808	0.5708	0.1101	0.6286	0.3215	0.3071	3.4835	11.0631	0.0034	12.5839	10.9813	0.0000	1.6829	92.0380	0.0027	1.0035	0.3596	2.3804	0.4574	0.5428	0.0143	1.5949	0.0344	3.2283
1	98	0.6012	11	2	2	1	0	0	0	0	0	Y	Y	N	N	N	N	N	N	N	N	N	N	0.1120	0.0000	3.0733	0.0221	0.0000	1.8800	0.8316	0.0001	4.3990	0.0033	0.0000	0.0299	0.0010	0.0000	0.0276	0.0047	0.0000	0.0302	0.0299	0.0383	0.0097	0.0466	0.0538	0.0147	0.0056	0.0045	0.0069	20336.3571	0.1063	0.0001	-0.0076	5.1039	0.9502	21.2862	16.1595	0.0002	0.0000	0.0002	0.0000	0.0000	0.0000	0.0002	0.0000	0.0002	0.0210	0.0190	0.0020	0.0194	0.0183	0.0011	0.0016	0.0007	0.0009	0.0511	0.0454	0.0057	0.0184	0.0177	0.0007	0.0326	0.0276	0.0050	0.7030	0.4956	0.2074	0.4158	0.3397	0.0761	0.2872	0.1559	0.1313	0.1120	0.0000	3.0733	0.0221	0.0000	1.8800	0.8316	0.0001	4.3990	0.0299	0.0383	0.0097	0.0466	0.0538	0.0147	0.0056	0.0045	0.0069
1	99	0.4968	7	1	2	0	0	0	0	0	0	N	Y	N	N	N	N	N	N	N	N	N	N	1.0857	0.8407	5.3366	3.6157	3.1305	29.8534	0.0000	0.0000	0.0000	1.5251	1.7339	0.0170	5.7719	5.9697	0.2278	0.0000	0.0000	0.0000	1.4047	2.0625	0.0032	1.5964	1.9070	0.0076	1.1949	2.3420	0.0016	0.0014	0.0007	-0.3397	-0.7694	5.1039	11.9964	21.2862	15.6499	0.7724	0.7713	0.0011	0.7724	0.7713	0.0011	0.0000	0.0000	0.0000	1.6813	1.6800	0.0012	0.9987	0.9979	0.0008	0.6826	0.6821	0.0004	0.5065	0.4449	0.0616	0.1338	0.1292	0.0046	0.3726	0.3156	0.0570	1.1969	0.8146	0.3823	0.6256	0.5233	0.1023	0.5712	0.2913	0.2800	1.0857	0.8407	5.3366	3.6157	3.1305	29.8534	0.0000	0.0000	0.0000	1.4047	2.0625	0.0032	1.5964	1.9070	0.0076	1.1949	2.3420	0.0016
1	100	0.6042	12	2	1	1	0	0	0	0	0	Y	N	N	N	N	N	N	N	N	N	N	N	0.0015	0.0013	0.0000	0.0027	0.0024	0.0000	0.0000	0.0000	0.0000	0.0015	0.0017	0.0000	0.0043	0.0045	0.0000	0.0000	0.0000	0.0000	0.9992	1.3151	0.2578	1.5606	1.8977	0.0550	0.1766	0.0026	0.3738	0.0000	0.0836	-0.0000	-0.2369	5.1039	1.0008	21.2862	13.9255	0.0001	0.0001	0.0000	0.0001	0.0001	0.0000	0.0000	0.0000	0.0000	0.6213	0.5733	0.0479	0.5767	0.5730	0.0037	0.0445	0.0004	0.0442	0.0477	0.0422	0.0055	0.0164	0.0157	0.0007	0.0313	0.0265	0.0048	0.6218	0.4360	0.1858	0.3695	0.3019	0.0676	0.2522	0.1340	0.1182	0.0015	0.0013	0.0000	0.0027	0.0024	0.0000	0.0000	0.0000	0.0000	0.9992	1.3151	0.2578	1.5606	1.8977	0.0550	0.1766	0.0026	0.3738
1	101	0.6012	11	2	1	1	0	0	0	0	0	Y	N	N	N	N	N	N	N	N	N	N	N	0.0152	0.0143	0.0043	0.0300	0.0277	0.0080	0.0005	0.0000	0.0048	0.0011	0.0012	0.0002	0.0024	0.0024	0.0004	0.0000	0.0000	0.0002	0.0721	0.0833	0.0431	0.0790	0.0866	0.0497	0.0571	0.0732	0.0364	0.0162	0.2002	-0.0000	-0.0033	5.1039	0.0532	21.2862	2.0467	0.0000	0.0000	0.0000	0.0000	0.0000	0.0000	0.0000	0.0000	0.0000	0.0112	0.0093	0.0019	0.0084	0.0073	0.0011	0.0028	0.0020	0.0008	0.0085	0.0077	0.0008	0.0039	0.0038	0.0000	0.0047	0.0039	0.0008	0.1547	0.1115	0.0431	0.1057	0.0840	0.0217	0.0490	0.0275	0.0214	0.0152	0.0143	0.0043	0.0300	0.0277	0.0080	0.0005	0.0000	0.0048	0.0721	0.0833	0.0431	0.0790	0.0866	0.0497	0.0571	0.0732	0.0364
1	102	0.5916	10	2	1	1	0	0	0	0	0	Y	N	N	N	N	N	N	N	N	N	N	N	0.0263	0.0216	0.0473	0.0316	0.0285	0.0184	0.0216	0.0139	0.3928	0.0028	0.0031	0.0007	0.0030	0.0031	0.0006	0.0027	0.0031	0.0007	0.1077	0.1440	0.0154	0.0962	0.1102	0.0351	0.1261	0.2213	0.0019	0.0301	0.0421	-0.0001	-0.0130	5.1039	2.0948	21.2862	3.0326	0.0003	0.0003	0.0000	0.0001	0.0001	0.0000	0.0002	0.0002	0.0000	0.0312	0.0299	0.0013	0.0171	0.0159	0.0012	0.0141	0.0140	0.0001	0.1049	0.0930	0.0119	0.0367	0.0352	0.0015	0.0682	0.0577	0.0104	0.2892	0.2076	0.0816	0.1777	0.1445	0.0333	0.1115	0.0631	0.0483	0.0263	0.0216	0.0473	0.0316	0.0285	0.0184	0.0216	0.0139	0.3928	0.1077	0.1440	0.0154	0.0962	0.1102	0.0351	0.1261	0.2213	0.0019
1	103	0.5707	9	2	1	1	0	0	0	0	0	Y	N	N	N	N	N	N	N	N	N	N	N	2.5444	1.9917	0.0000	16.3994	13.9787	0.0000	1.4921	0.8998	0.0000	5.4267	6.1508	0.0000	0.2001	0.2084	0.0000	7.7516	9.1433	0.0000	2.1328	3.0882	0.0007	0.0122	0.0149	0.0003	5.1951	10.1617	0.0010	0.0000	0.0001	-0.4407	-0.4488	5.1039	3.9484	21.2862	4.8420	0.9990	0.9990	0.0000	0.0113	0.0113	0.0000	0.9877	0.9877	0.0000	0.9793	0.9791	0.0001	0.0033	0.0033	0.0000	0.9759	0.9759	0.0001	0.1841	0.1624	0.0217	0.0567	0.0544	0.0023	0.1274	0.1080	0.0194	0.4591	0.3171	0.1421	0.2713	0.2210	0.0503	0.1879	0.0960	0.0918	2.5444	1.9917	0.0000	16.3994	13.9787	0.0000	1.4921	0.8998	0.0000	2.1328	3.0882	0.0007	0.0122	0.0149	0.0003	5.1951	10.1617	0.0010
1	104	0.5291	8	1	2	0	0	0	0	0	0	N	Y	N	N	N	N	N	N	N	N	N	N	0.0013	0.0027	0.0002	0.0016	0.0032	0.0003	0.0011	0.7946	0.0000	0.0009	0.0010	0.0002	0.0018	0.0019	0.0014	0.0003	0.0004	0.0000	0.7241	0.3662	1.4942	1.1468	0.5769	4.1977	0.2769	0.0005	0.5688	0.0306	1.8962	-0.0002	0.2587	5.1039	8.9557	21.2862	32.3127	0.0004	0.0004	0.0000	0.0003	0.0003	0.0000	0.0001	0.0001	0.0000	1.3175	0.4549	0.8626	1.0727	0.4547	0.6180	0.2449	0.0002	0.2446	0.4703	0.4178	0.0525	0.1840	0.1756	0.0084	0.2862	0.2422	0.0441	1.8195	1.2422	0.5773	0.9353	0.7881	0.1472	0.8842	0.4540	0.4301	0.0013	0.0027	0.0002	0.0016	0.0032	0.0003	0.0011	0.7946	0.0000	0.7241	0.3662	1.4942	1.1468	0.5769	4.1977	0.2769	0.0005	0.5688
1	105	0.5545	9	1	1	1	0	0	0	0	0	N	N	N	N	N	N	N	N	N	N	N	N	0.0001	0.0000	0.0188	0.0000	0.0000	0.0001	0.0050	0.0000	0.0192	0.0000	0.0000	0.0003	0.0000	0.0000	0.0000	0.0001	0.0000	0.0003	0.5366	0.7797	0.0144	1.0114	1.1872	0.0100	0.0107	0.0055	0.0158	2.6142	0.0086	0.0000	-0.1451	5.1039	4.2679	21.2862	7.8415	0.0000	0.0000	0.0000	0.0000	0.0000	0.0000	0.0000	0.0000	0.0000	0.3225	0.3198	0.0027	0.3195	0.3190	0.0005	0.0031	0.0008	0.0023	0.2301	0.2017	0.0284	0.0861	0.0830	0.0031	0.1439	0.1187	0.0253	0.6010	0.4101	0.1909	0.3159	0.2687	0.0472	0.2852	0.1414	0.1437	0.0001	0.0000	0.0188	0.0000	0.0000	0.0001	0.0050	0.0000	0.0192	0.5366	0.7797	0.0144	1.0114	1.1872	0.0100	0.0107	0.0055	0.0158
1	106	0.5291	8	1	1	0	0	0	0	0	0	N	N	N	N	N	N	N	N	N	N	N	N	0.0011	0.0025	0.0003	0.0041	0.0034	0.1045	0.0000	0.0000	0.0001	0.0022	0.0023	0.0011	0.0046	0.0047	0.0034	0.0000	0.0000	0.0003	1.9351	0.9373	4.1256	1.1411	1.3849	0.0322	2.9728	0.0038	6.1079	0.0514	2.0048	-0.0001	0.3066	5.1039	1.9301	21.2862	9.0954	0.0003	0.0003	0.0000	0.0003	0.0003	0.0000	0.0000	0.0000	0.0000	1.4681	0.4886	0.9795	0.4904	0.4879	0.0025	0.9777	0.0006	0.9770	0.1453	0.1305	0.0148	0.0678	0.0643	0.0035	0.0775	0.0662	0.0113	0.7587	0.5212	0.2374	0.4298	0.3523	0.0775	0.3289	0.1689	0.1600	0.0011	0.0025	0.0003	0.0041	0.0034	0.1045	0.0000	0.0000	0.0001	1.9351	0.9373	4.1256	1.1411	1.3849	0.0322	2.9728	0.0038	6.1079
1	107	0.4968	7	1	1	0	0	0	0	0	0	N	N	N	N	N	N	N	N	N	N	N	N	0.5867	0.4646	0.2573	1.2275	1.0535	2.3629	0.0000	0.0006	0.0001	1.0196	1.1551	0.0497	3.8330	3.9458	0.6653	0.0000	0.0000	0.0000	1.7378	2.4860	0.1931	3.1226	3.7453	0.2816	0.0790	0.0023	0.1551	0.0060	0.0376	-0.0762	-0.4861	5.1039	3.9049	21.2862	9.6098	0.1751	0.1741	0.0010	0.1751	0.1741	0.0010	0.0000	0.0000	0.0000	1.1516	1.1098	0.0417	1.1278	1.1095	0.0183	0.0238	0.0003	0.0235	0.1717	0.1507	0.0210	0.0457	0.0441	0.0016	0.1261	0.1066	0.0195	0.6627	0.4464	0.2162	0.3612	0.2962	0.0649	0.3015	0.1502	0.1513	0.5867	0.4646	0.2573	1.2275	1.0535	2.3629	0.0000	0.0006	0.0001	1.7378	2.4860	0.1931	3.1226	3.7453	0.2816	0.0790	0.0023	0.1551
1	108	0.5179	9	1	2	0	0	0	0	0	0	N	Y	N	N	N	N	N	N	N	N	N	N	55.5427	106.3312	91.6691	198.0584	208.8154	6.2835	27.4533	0.0183	82.3168	4.6732	2.3540	20.7368	6.9241	7.2463	0.2300	3.7199	0.0000	23.2273	0.0841	0.0221	0.2262	0.0350	0.0347	0.0366	0.1355	0.0003	0.2822	1.2718	4.4590	0.2068	0.0398	5.1039	8.0392	21.2862	22.6195	1.7421	0.7668	0.9753	0.7680	0.7668	0.0012	0.9741	0.0000	0.9741	0.1111	0.0204	0.0907	0.0236	0.0202	0.0033	0.0875	0.0001	0.0874	0.3728	0.3258	0.0470	0.1109	0.1058	0.0051	0.2619	0.2199	0.0419	1.3204	0.9193	0.4012	0.6746	0.5831	0.0914	0.6459	0.3361	0.3097	55.5427	106.3312	91.6691	198.0584	208.8154	6.2835	27.4533	0.0183	82.3168	0.0841	0.0221	0.2262	0.0350	0.0347	0.0366	0.1355	0.0003	0.2822
1	109	0.5179	8	1	1	0	0	0	0	0	0	N	N	N	N	N	N	N	N	N	N	N	N	21.7846	18.8247	30.4784	43.9021	26.8172	361.3307	5.0747	0.5481	9.0438	0.5933	0.3727	1.4660	1.0539	0.6891	4.1118	0.1644	0.0018	0.5618	0.0272	0.0198	0.0481	0.0240	0.0257	0.0114	0.0324	0.0033	0.0621	0.9944	0.8660	0.0010	0.0000	5.1039	0.2031	21.2862	2.0398	0.0166	0.0083	0.0083	0.0142	0.0083	0.0059	0.0024	0.0000	0.0024	0.0058	0.0031	0.0027	0.0032	0.0030	0.0002	0.0027	0.0001	0.0025	0.0279	0.0223	0.0056	0.0135	0.0120	0.0014	0.0144	0.0103	0.0042	0.2140	0.1578	0.0562	0.1318	0.1162	0.0155	0.0823	0.0416	0.0407	21.7846	18.8247	30.4784	43.9021	26.8172	361.3307	5.0747	0.5481	9.0438	0.0272	0.0198	0.0481	0.0240	0.0257	0.0114	0.0324	0.0033	0.0621
1	110	0.5316	10	2	1	1	0	0	0	0	0	Y	N	N	N	N	N	N	N	N	N	N	N	0.0000	0.0000	0.0000	0.0000	0.0000	0.0000	0.0000	0.0000	0.0000	0.0000	0.0000	0.0000	0.0000	0.0000	0.0000	0.0000	0.0000	0.0000	0.0000	0.0000	0.0000	0.0000	0.0000	0.0000	-0.0000	5.1039	0.0001	21.2862	0.0001	0.0000	0.0000	0.0000	0.0000	0.0000	0.0000	0.0000	0.0000	0.0000	0.0000	0.0000	0.0000	0.0000	0.0000	0.0000	0.0000	0.0000	0.0000	0.0035	0.0028	0.0008	0.0018	0.0018	0.0000	0.0018	0.0010	0.0007	0.0002	0.0001	0.0001	0.0001	0.0001	0.0000	0.0001	0.0000	0.0000	0.0000	0.0000	0.0000	0.0000	0.0000	0.0000	0.0000	0.0000	0.0000	0.0000	0.0000	0.0000	0.0000	0.0000	0.0000	0.0000	0.0000	0.0000						
1	111	0.5177	9	2	1	1	0	0	0	0	0	Y	N	N	N	N	N	N	N	N	N	N	N	2.9272	0.0022	46.1639	0.0290	0.0040	0.7355	12.7016	0.0000	129.1002	0.0039	0.0000	0.0314	0.0001	0.0000	0.0022	0.0057	0.0000	0.0338	0.0013	0.0016	0.0007	0.0025	0.0024	0.0030	0.0004	0.0006	0.0003	1269.3776	0.1910	0.0002	-0.0001	5.1039	1.6718	21.2862	2.9223	0.0003	0.0000	0.0003	0.0000	0.0000	0.0000	0.0003	0.0000	0.0003	0.0003	0.0002	0.0000	0.0002	0.0002	0.0000	0.0001	0.0000	0.0000	0.0788	0.0691	0.0097	0.0256	0.0249	0.0007	0.0532	0.0442	0.0090	0.2090	0.1441	0.0649	0.0892	0.0794	0.0098	0.1198	0.0647	0.0552	2.9272	0.0022	46.1639	0.0290	0.0040	0.7355	12.7016	0.0000	129.1002	0.0013	0.0016	0.0007	0.0025	0.0024	0.0030	0.0004	0.0006	0.0003
1	112	0.4342	8	2	1	1	0	0	0	0	0	Y	N	N	N	N	N	N	N	N	N	N	N	13.1976	0.0347	18924.3814	0.0497	0.0465	1.3698	8445.6023	0.0000	34096.8491	1.0551	0.0042	8.7775	0.0114	0.0117	0.0030	1.5585	0.0000	9.7637	0.0799	0.1202	0.0005	0.2294	0.2520	0.0022	0.0002	0.0001	0.0003	286.4603	0.0020	0.3510	-0.0278	5.1039	14.0283	21.2862	7.1084	0.6320	0.0022	0.6298	0.0022	0.0022	0.0000	0.6298	0.0000	0.6298	0.0608	0.0607	0.0001	0.0607	0.0607	0.0001	0.0001	0.0000	0.0001	0.5990	0.5272	0.0718	0.1949	0.1876	0.0072	0.4041	0.3396	0.0645	0.7608	0.5048	0.2559	0.2647	0.2408	0.0240	0.4960	0.2641	0.2320	13.1976	0.0347	18924.3814	0.0497	0.0465	1.3698	8445.6023	0.0000	34096.8491	0.0799	0.1202	0.0005	0.2294	0.2520	0.0022	0.0002	0.0001	0.0003
1	113	0.3740	7	1	1	0	0	0	0	0	0	N	N	N	N	N	N	N	N	N	N	N	N	16.3066	13.2747	0.9458	4.9945	4.4068	0.0785	425.7839	622.3626	1.4074	0.7914	0.9131	0.0034	0.4632	0.4811	0.0005	0.9502	1.1585	0.0037	0.0485	0.0688	0.0036	0.0927	0.1092	0.0064	0.0022	0.0019	0.0027	0.0006	0.0238	-0.1781	-0.0259	5.1039	8.6129	21.2862	5.1709	0.4042	0.4039	0.0002	0.0771	0.0771	0.0000	0.3270	0.3268	0.0002	0.0595	0.0582	0.0014	0.0582	0.0576	0.0006	0.0013	0.0006	0.0007	0.5107	0.4424	0.0683	0.1665	0.1603	0.0062	0.3442	0.2821	0.0621	1.2267	0.8454	0.3812	0.6275	0.5272	0.1003	0.5992	0.3183	0.2809	16.3066	13.2747	0.9458	4.9945	4.4068	0.0785	425.7839	622.3626	1.4074	0.0485	0.0688	0.0036	0.0927	0.1092	0.0064	0.0022	0.0019	0.0027
1	114	0.2788	6	1	1	0	0	0	0	0	0	N	N	N	N	N	N	N	N	N	N	N	N	2.5412	3.3510	0.0978	0.5026	1.1051	0.0331	2.4743	2.4085	0.1244	2.1295	2.5016	0.0997	0.2200	0.2235	0.0877	2.7447	3.3912	0.1002	0.8380	0.7465	1.0200	0.4377	0.2023	2.6498	1.1093	1.4080	0.8057	0.0073	0.6867	-0.7284	-0.0985	5.1039	16.8607	21.2862	22.7724	1.6790	1.6668	0.0122	0.0423	0.0418	0.0004	1.6367	1.6250	0.0117	1.9226	1.1399	0.7827	0.4057	0.1694	0.2363	1.5169	0.9704	0.5465	0.7884	0.6663	0.1221	0.1921	0.1871	0.0050	0.5963	0.4792	0.1171	2.2943	1.5269	0.7674	0.9268	0.8377	0.0892	1.3675	0.6892	0.6782	2.5412	3.3510	0.0978	0.5026	1.1051	0.0331	2.4743	2.4085	0.1244	0.8380	0.7465	1.0200	0.4377	0.2023	2.6498	1.1093	1.4080	0.8057
1	115	0.5770	9	2	1	1	0	0	0	0	0	Y	N	N	N	N	N	N	N	N	N	N	N	0.0000	0.0000	0.0000	0.0000	0.0000	0.0000	0.0000	0.0000	0.0000	0.0000	0.0000	0.0000	0.0000	0.0000	0.0000	0.0000	0.0000	0.0000	0.6168	0.9224	0.0001	1.0252	1.2545	0.0000	0.0002	0.0003	0.0001	0.0000	0.0000	-0.1560	5.1039	1.0009	21.2862	4.0038	0.0000	0.0000	0.0000	0.0000	0.0000	0.0000	0.0000	0.0000	0.0000	0.3404	0.3404	0.0000	0.3404	0.3404	0.0000	0.0000	0.0000	0.0000	0.0492	0.0434	0.0058	0.0148	0.0143	0.0005	0.0344	0.0291	0.0053	0.5519	0.3690	0.1829	0.3320	0.2713	0.0607	0.2199	0.0977	0.1222	0.0000	0.0000	0.0000	0.0000	0.0000	0.0000	0.0000	0.0000	0.0000	0.6168	0.9224	0.0001	1.0252	1.2545	0.0000	0.0002	0.0003	0.0001	
1	116	0.5487	8	2	1	1	0	0	0	0	0	Y	N	N	N	N	N	N	N	N	N	N	N	0.0002	0.0002	0.0006	0.0004	0.0003	0.0041	0.0001	0.0002	0.0003	0.0004	0.0004	0.0001	0.0011	0.0012	0.0005	0.0000	0.0000	0.0000	1.6441	2.2964	0.1622	2.9072	3.4520	0.1094	0.0917	0.0060	0.1842	0.0269	0.0311	-0.0000	-0.4556	5.1039	1.8441	21.2862	10.4794	0.0000	0.0000	0.0000	0.0000	0.0000	0.0000	0.0000	0.0000	0.0000	1.0639	1.0319	0.0321	1.0373	1.0310	0.0064	0.0266	0.0009	0.0257	0.1057	0.0933	0.0124	0.0368	0.0355	0.0013	0.0689	0.0578	0.0111	0.6471	0.4493	0.1978	0.3568	0.2987	0.0582	0.2903	0.1507	0.1396	0.0002	0.0002	0.0006	0.0004	0.0003	0.0041	0.0001	0.0002	0.0003	1.6441	2.2964	0.1622	2.9072	3.4520	0.1094	0.0917	0.0060	0.1842
1	117	0.2606	6	1	2	0	1	0	0	0	0	N	Y	N	N	N	N	N	N	N	N	N	N	3.7544	7.8068	0.0000	1.9850	1.9380	0.0039	3.8541	51.6730	0.0000	3.1637	3.6590	0.0001	1.2785	1.3515	0.0004	3.8861	4.6626	0.0000	0.8427	0.4687	1.5775	0.6441	0.6974	0.1154	1.0083	0.0902	1.7835	0.0000	1.7128	-0.7841	0.3625	5.1039	10.5071	21.2862	20.2622	1.7775	1.7775	0.0000	0.1990	0.1990	0.0000	1.5785	1.5785	0.0000	2.0955	0.7724	1.3231	0.7284	0.7164	0.0119	1.3671	0.0560	1.3111	0.5618	0.4858	0.0761	0.1556	0.1472	0.0084	0.4062	0.3385	0.0676	2.4868	1.6481	0.8387	1.1309	1.0273	0.1035	1.3559	0.6207	0.7351	3.7544	7.8068	0.0000	1.9850	1.9380	0.0039	3.8541	51.6730	0.0000	0.8427	0.4687	1.5775	0.6441	0.6974	0.1154	1.0083	0.0902	1.7835
1	118	0.4968	7	1	2	0	1	0	0	0	0	N	Y	N	N	N	N	N	N	N	N	N	N	0.6207	0.4845	0.0002	2.3106	2.0057	0.0000	0.0000	0.0000	0.0002	0.9982	1.1376	0.0000	3.7531	3.8867	0.0000	0.0000	0.0000	0.0000	1.6082	2.3480	0.0268	1.6243	1.9378	0.0010	1.5908	3.0773	0.0360	0.0000	0.0053	-0.0773	-0.9442	5.1039	4.0036	21.2862	26.5072	0.1753	0.1753	0.0000	0.1753	0.1753	0.0000	0.0000	0.0000	0.0000	2.0839	2.0729	0.0110	1.0950	1.0949	0.0001	0.9889	0.9780	0.0109	0.1756	0.1541	0.0215	0.0467	0.0451	0.0016	0.1289	0.1090	0.0199	1.2958	0.8828	0.4130	0.6741	0.5650	0.1091	0.6217	0.3178	0.3038	0.6207	0.4845	0.0002	2.3106	2.0057	0.0000	0.0000	0.0000	0.0002	1.6082	2.3480	0.0268	1.6243	1.9378	0.0010	1.5908	3.0773	0.0360
1	119	0.5352	8	1	2	0	0	0	0	0	0	N	Y	N	N	N	N	N	N	N	N	N	N	0.0591	0.0478	0.0611	1.0807	0.9237	0.2861	0.0000	0.0000	0.0296	0.0508	0.0591	0.0001	0.1281	0.1315	0.0017	0.0000	0.0000	0.0000	0.8596	1.2368	0.0023	0.1186	0.1423	0.0060	1.7973	3.4023	0.0005	0.0004	0.0008	-0.0055	-0.4892	5.1039	3.8169	21.2862	21.2433	0.0124	0.0124	0.0000	0.0124	0.0124	0.0000	0.0000	0.0000	0.0000	1.0691	1.0682	0.0009	0.0824	0.0816	0.0007	0.9867	0.9866	0.0001	0.2449	0.2106	0.0343	0.0971	0.0946	0.0025	0.1478	0.1159	0.0319	1.2438	0.8637	0.3801	0.6948	0.5737	0.1211	0.5490	0.2900	0.2590	0.0591	0.0478	0.0611	1.0807	0.9237	0.2861	0.0000	0.0000	0.0296	0.8596	1.2368	0.0023	0.1186	0.1423	0.0060	1.7973	3.4023	0.0005
1	120	0.1473	4	1	2	0	0	0	0	0	0	N	Y	N	N	N	N	N	N	N	N	N	N	1.1070	0.0105	5.1014	0.5051	0.0554	54.6781	1.0530	0.0000	4.5887	1.0745	0.0090	5.9730	0.2790	0.0324	11.0546	1.3159	0.0000	5.8204	0.9707	0.8560	1.1709	0.5524	0.5842	0.2022	1.2496	1.2266	1.2684	144.8599	0.7833	0.5313	-0.0776	5.1039	16.3276	21.2862	34.9199	0.9625	0.0066	0.9559	0.0582	0.0066	0.0516	0.9043	0.0000	0.9043	4.0532	2.2729	1.7803	0.9229	0.8948	0.0281	3.1303	1.3781	1.7522	0.8957	0.7357	0.1600	0.2086	0.2039	0.0047	0.6872	0.5318	0.1554	4.1758	2.6552	1.5205	1.6708	1.5317	0.1391	2.5050	1.1236	1.3814	1.1070	0.0105	5.1014	0.5051	0.0554	54.6781	1.0530	0.0000	4.5887	0.9707	0.8560	1.1709	0.5524	0.5842	0.2022	1.2496	1.2266	1.2684
1	121	0.1300	3	1	2	0	0	0	0	0	0	N	Y	N	N	N	N	N	N	N	N	N	N	2.9257	0.4502	13.7832	0.8587	0.8245	4.3267	3.6047	0.3030	13.3807	2.2605	0.3522	10.4230	0.6709	0.6637	2.0956	2.7592	0.2231	10.4762	0.7726	0.7825	0.7562	0.7812	0.8049	0.4843	0.7654	0.7363	0.7829	6.9178	0.5798	0.3751	-0.2305	5.1039	6.1757	21.2862	14.5601	0.8671	0.1095	0.7576	0.0615	0.0605	0.0010	0.8057	0.0490	0.7566	2.5230	1.5971	0.9259	1.1580	1.1049	0.0531	1.3650	0.4921	0.8729	0.3836	0.3109	0.0727	0.0916	0.0911	0.0005	0.2920	0.2198	0.0722	3.2655	2.0411	1.2244	1.4823	1.3727	0.1096	1.7833	0.6684	1.1149	2.9257	0.4502	13.7832	0.8587	0.8245	4.3267	3.6047	0.3030	13.3807	0.7726	0.7825	0.7562	0.7812	0.8049	0.4843	0.7654	0.7363	0.7829
1	123	0.5707	9	1	2	0	0	0	0	0	0	N	Y	N	N	N	N	N	N	N	N	N	N	82.9681	112.2051	0.0000	156.2055	228.9655	0.0000	0.0000	0.0000	0.0000	4.1226	4.6727	0.0000	13.3915	13.9526	0.0000	0.0000	0.0000	0.0000	0.0497	0.0416	0.0680	0.0857	0.0609	0.2087	0.0028	0.0012	0.0045	0.0000	0.7167	-0.3392	-0.0021	5.1039	4.0019	21.2862	19.5615	0.7690	0.7690	0.0000	0.7690	0.7690	0.0000	0.0000	0.0000	0.0000	0.0517	0.0301	0.0216	0.0504	0.0298	0.0206	0.0013	0.0003	0.0010	0.1865	0.1646	0.0220	0.0574	0.0551	0.0023	0.1291	0.1095	0.0197	1.0401	0.7229	0.3172	0.5880	0.4894	0.0986	0.4520	0.2335	0.2185	82.9681	112.2051	0.0000	156.2055	228.9655	0.0000	0.0000	0.0000	0.0000	0.0497	0.0416	0.0680	0.0857	0.0609	0.2087	0.0028	0.0012	0.0045
1	124	0.5487	8	1	1	0	0	0	0	0	0	N	N	N	N	N	N	N	N	N	N	N	N	0.0001	0.0004	0.0001	0.0003	0.0007	0.0008	0.0000	0.0000	0.0000	0.0000	0.0000	0.0001	0.0000	0.0000	0.0006	0.0000	0.0000	0.0000	0.2535	0.0191	0.7900	0.1565	0.0269	0.8074	0.3762	0.0031	0.7823	1.4373	18.1140	0.0000	0.0657	5.1039	1.2223	21.2862	8.2281	0.0000	0.0000	0.0000	0.0000	0.0000	0.0000	0.0000	0.0000	0.0000	0.1343	0.0070	0.1273	0.0463	0.0066	0.0397	0.0880	0.0004	0.0876	0.0768	0.0678	0.0090	0.0281	0.0271	0.0009	0.0487	0.0407	0.0080	0.5300	0.3689	0.1612	0.2961	0.2469	0.0491	0.2340	0.1220	0.1120	0.0001	0.0004	0.0001	0.0003	0.0007	0.0008	0.0000	0.0000	0.0000	0.2535	0.0191	0.7900	0.1565	0.0269	0.8074	0.3762	0.0031	0.7823
1	125	0.4968	7	1	1	0	0	0	0	0	0	N	N	N	N	N	N	N	N	N	N	N	N	0.0036	0.0048	0.0091	0.1589	0.0110	35.8542	0.0000	0.0000	0.0000	0.0044	0.0004	0.0329	0.0165	0.0013	0.4406	0.0000	0.0000	0.0000	1.2199	0.0820	3.6045	0.1036	0.1226	0.0123	2.5017	0.0054	5.0337	11.6558	20.9642	0.0005	0.5143	5.1039	5.9920	21.2862	12.2976	0.0011	0.0001	0.0010	0.0011	0.0001	0.0010	0.0000	0.0000	0.0000	1.0367	0.0472	0.9895	0.0471	0.0461	0.0010	0.9897	0.0011	0.9886	0.2606	0.2288	0.0319	0.0692	0.0668	0.0024	0.1914	0.1620	0.0295	0.8499	0.5754	0.2745	0.4543	0.3762	0.0781	0.3956	0.1992	0.1964	0.0036	0.0048	0.0091	0.1589	0.0110	35.8542	0.0000	0.0000	0.0000	1.2199	0.0820	3.6045	0.1036	0.1226	0.0123	2.5017	0.0054	5.0337
1	126	0.5339	9	1	2	0	0	0	0	0	0	N	Y	N	N	N	N	N	N	N	N	N	N	61.7256	181.2402	0.0025	122.5154	329.7415	0.0000	2.5171	506.4780	0.0082	3.0724	3.5289	0.0003	9.3336	9.9408	0.0000	0.0531	0.0633	0.0004	0.0498	0.0195	0.1205	0.0762	0.0301	0.3748	0.0211	0.0001	0.0437	0.0000	2.6511	-0.3379	0.0136	5.1039	5.0407	21.2862	17.1705	0.7661	0.7661	0.0000	0.7572	0.7572	0.0000	0.0089	0.0089	0.0000	0.0509	0.0139	0.0369	0.0405	0.0139	0.0266	0.0103	0.0000	0.0103	0.2493	0.2171	0.0323	0.0811	0.0762	0.0050	0.1682	0.1409	0.0273	1.0217	0.7154	0.3063	0.5320	0.4610	0.0711	0.4897	0.2544	0.2353	61.7256	181.2402	0.0025	122.5154	329.7415	0.0000	2.5171	506.4780	0.0082	0.0498	0.0195	0.1205	0.0762	0.0301	0.3748	0.0211	0.0001	0.0437
1	127	0.5179	8	1	2	0	0	0	0	0	0	N	Y	N	N	N	N	N	N	N	N	N	N	5.2634	12.7121	5.4171	34.5950	24.8241	185.6520	0.5249	0.3773	1.4098	0.1899	0.1330	0.5349	0.5018	0.3627	2.5635	0.0328	0.0007	0.1781	0.0361	0.0105	0.0988	0.0145	0.0146	0.0138	0.0625	0.0018	0.1263	0.6633	3.8582	-0.0009	0.0056	5.1039	1.9703	21.2862	6.2034	0.0205	0.0123	0.0082	0.0182	0.0123	0.0059	0.0024	0.0000	0.0023	0.0168	0.0035	0.0134	0.0037	0.0033	0.0005	0.0131	0.0002	0.0129	0.1080	0.0927	0.0153	0.0362	0.0339	0.0023	0.0718	0.0588	0.0130	0.4660	0.3308	0.1352	0.2566	0.2234	0.0331	0.2095	0.1074	0.1021	5.2634	12.7121	5.4171	34.5950	24.8241	185.6520	0.5249	0.3773	1.4098	0.0361	0.0105	0.0988	0.0145	0.0146	0.0138	0.0625	0.0018	0.1263
1	128	0.4968	7	1	1	0	0	0	0	0	0	N	N	N	N	N	N	N	N	N	N	N	N	0.2569	0.1925	1.9979	0.5306	0.4435	0.2353	0.4469	0.0499	1.5203	0.1686	0.1876	0.0339	0.6137	0.6353	0.0006	0.0057	0.0001	0.0366	0.6565	0.9743	0.0170	1.1566	1.4324	0.0024	0.0129	0.0012	0.0240	0.0254	0.0087	-0.0035	-0.1405	5.1039	1.1032	21.2862	7.8190	0.0083	0.0081	0.0002	0.0081	0.0081	0.0000	0.0002	0.0000	0.0002	0.3123	0.3096	0.0027	0.3096	0.3095	0.0001	0.0027	0.0001	0.0026	0.0495	0.0434	0.0061	0.0133	0.0128	0.0005	0.0362	0.0306	0.0056	0.4757	0.3178	0.1579	0.2677	0.2161	0.0516	0.2080	0.1017	0.1063	0.2569	0.1925	1.9979	0.5306	0.4435	0.2353	0.4469	0.0499	1.5203	0.6565	0.9743	0.0170	1.1566	1.4324	0.0024	0.0129	0.0012	0.0240
1	129	0.2123	5	1	2	0	0	0	0	0	0	N	Y	N	N	N	N	N	N	N	N	N	N	0.0090	0.0067	0.0000	0.0413	0.0407	0.0000	0.0000	0.0000	0.0000	0.0079	0.0088	0.0000	0.0160	0.0166	0.0000	0.0000	0.0000	0.0000	0.8733	1.3086	0.0002	0.3866	0.4085	0.0011	1.3719	3.5950	0.0001	0.0000	0.0001	-0.0005	-0.3143	5.1039	1.0033	21.2862	0.8635	0.0011	0.0011	0.0000	0.0011	0.0011	0.0000	0.0000	0.0000	0.0000	0.6859	0.6858	0.0000	0.1537	0.1536	0.0000	0.5322	0.5322	0.0000	0.1356	0.1222	0.0134	0.0671	0.0644	0.0027	0.0685	0.0578	0.0107	0.7854	0.5241	0.2613	0.3975	0.3761	0.0214	0.3879	0.1480	0.2399	0.0090	0.0067	0.0000	0.0413	0.0407	0.0000	0.0000	0.0000	0.0000	0.8733	1.3086	0.0002	0.3866	0.4085	0.0011	1.3719	3.5950	0.0001
1	130	0.1830	4	1	1	0	0	0	0	0	0	N	N	N	N	N	N	N	N	N	N	N	N	0.0390	0.0367	0.0542	0.0845	0.0836	0.0233	0.0258	0.0164	0.0519	0.0126	0.0114	0.0188	0.0144	0.0147	0.0026	0.0119	0.0098	0.0194	0.3230	0.3102	0.3458	0.1706	0.1757	0.1122	0.4606	0.5953	0.3740	0.3193	0.6232	-0.0009	-0.0600	5.1039	5.5514	21.2862	9.9598	0.0045	0.0034	0.0011	0.0015	0.0014	0.0000	0.0031	0.0020	0.0011	0.8064	0.4968	0.3096	0.2020	0.1912	0.0108	0.6043	0.3056	0.2987	0.3604	0.3019	0.0585	0.1009	0.0986	0.0023	0.2596	0.2033	0.0563	2.4966	1.6014	0.8952	1.1846	1.0881	0.0965	1.3120	0.5133	0.7987	0.0390	0.0367	0.0542	0.0845	0.0836	0.0233	0.0258	0.0164	0.0519	0.3230	0.3102	0.3458	0.1706	0.1757	0.1122	0.4606	0.5953	0.3740
1	132	0.5937	11	2	2	0	1	0	0	0	0	Y	Y	N	N	N	N	N	N	N	N	N	N	0.0000	0.0000	0.0000	0.0000	0.0000	0.0000	0.0000	0.0000	0.0000	0.0000	0.0000	0.0000	0.0000	0.0000	0.0000	0.0000	0.0000	0.0003	0.0005	0.0000	0.0006	0.0008	0.0000	0.0000	0.0000	0.0000	0.0015	0.0000	-0.0000	5.1039	1.0000	21.2862	3.0001	0.0000	0.0000	0.0000	0.0000	0.0000	0.0000	0.0000	0.0000	0.0000	0.0001	0.0001	0.0000	0.0001	0.0001	0.0000	0.0000	0.0000	0.0000	0.0475	0.0418	0.0057	0.0140	0.0135	0.0005	0.0334	0.0283	0.0051	0.1765	0.1200	0.0565	0.0955	0.0793	0.0162	0.0810	0.0407	0.0403	0.0000	0.0000	0.0000	0.0000	0.0000	0.0000	0.0000	0.0000	0.0000	0.0003	0.0005	0.0000	0.0006	0.0008	0.0000	0.0000	0.0000	0.0000		
1	133	0.4257	11	2	2	0	1	0	0	0	0	Y	Y	N	N	N	N	N	N	N	N	N	N	0.0000	0.0000	0.0000	0.0000	0.0000	0.0000	0.0000	0.0000	0.0000	0.0000	0.0000	0.0000	0.0000	0.0000	0.0000	0.0000	0.0000	9.7912	17.3847	0.0000	5.0562	5.6084	0.0000	9.2076	18.4753	0.0000	0.0000	0.0000	-0.3723	5.1039	0.0006	21.2862	1.9797	0.0000	0.0000	0.0000	0.0000	0.0000	0.0000	0.0000	0.0000	0.0000	0.8122	0.8122	0.0000	0.2436	0.2436	0.0000	0.5686	0.5686	0.0000	0.0000	0.0000	0.0000	0.0000	0.0000	0.0000	0.0000	0.0000	0.0000	0.1125	0.0743	0.0382	0.0507	0.0435	0.0072	0.0618	0.0308	0.0310	0.0000	0.0000	0.0000	0.0000	0.0000	0.0000	0.0000	0.0000	0.0000	7.2213	10.9324	0.0000	4.8030	5.5980	0.0000	9.2076	18.4753	0.0000		
1	134	0.4090	10	2	2	0	1	0	0	0	0	Y	Y	N	N	N	N	N	N	N	N	N	N	0.0000	0.0000	0.0000	0.0000	0.0000	0.0000	0.0000	0.0000	0.0000	0.0000	0.0000	0.0000	0.0000	0.0000	0.0000	0.0000	0.0000	0.0000	0.0572	0.0864	0.0006	0.0500	0.0568	0.0016	0.0621	0.1199	0.0004	0.0034	0.0000	-0.0091	5.1039	2.0077	21.2862	6.0321	0.0000	0.0000	0.0000	0.0000	0.0000	0.0000	0.0000	0.0000	0.0000	0.0200	0.0200	0.0001	0.0070	0.0070	0.0000	0.0130	0.0130	0.0000	0.0942	0.0819	0.0124	0.0323	0.0309	0.0014	0.0619	0.0510	0.0110	0.3500	0.2311	0.1189	0.1400	0.1227	0.0173	0.2100	0.1084	0.1016	0.0000	0.0000	0.0000	0.0000	0.0000	0.0000	0.0000	0.0000	0.0000	0.0572	0.0864	0.0006	0.0500	0.0568	0.0016	0.0621	0.1199	0.0004	
1	135	0.4042	10	1	2	0	1	0	0	0	0	N	Y	N	N	N	N	N	N	N	N	N	N	0.1719	0.0000	0.6830	0.0034	0.0000	4.3150	0.2344	0.0000	0.6712	0.0120	0.0000	0.0919	0.0002	0.0000	0.0047	0.0185	0.0000	0.1033	0.0700	0.0364	0.1346	0.0576	0.0641	0.0011	0.0788	0.0001	0.1538	inf	1.9175	0.0010	0.0089	5.1039	3.0348	21.2862	9.3583	0.0017	0.0000	0.0017	0.0000	0.0000	0.0000	0.0017	0.0000	0.0017	0.0447	0.0153	0.0294	0.0153	0.0153	0.0000	0.0294	0.0000	0.0294	0.1439	0.1251	0.0188	0.0507	0.0486	0.0022	0.0932	0.0766	0.0167	0.6392	0.4209	0.2183	0.2661	0.2386	0.0275	0.3731	0.1822	0.1908	0.1719	0.0000	0.6830	0.0034	0.0000	4.3150	0.2344	0.0000	0.6712	0.0700	0.0364	0.1346	0.0576	0.0641	0.0011	0.0788	0.0001	0.1538
1	136	0.3899	9	1	1	0	1	0	0	0	0	N	N	N	N	N	N	N	N	N	N	N	N	0.0002	0.0005	0.0000	0.0007	0.0007	0.0000	0.0000	0.0000	0.0000	0.0006	0.0007	0.0001	0.0016	0.0017	0.0000	0.0000	0.0000	0.0001	3.9339	1.2833	13.6961	2.2314	2.4571	0.0127	4.8349	0.0006	12.5198	0.0241	3.5301	-0.0000	0.3680	5.1039	0.0433	21.2862	6.6805	0.0000	0.0000	0.0000	0.0000	0.0000	0.0000	0.0000	0.0000	0.0000	1.1469	0.2532	0.8937	0.2532	0.2531	0.0001	0.8936	0.0001	0.8936	0.0024	0.0020	0.0003	0.0009	0.0009	0.0000	0.0015	0.0012	0.0003	0.2983	0.1973	0.1010	0.1135	0.1030	0.0105	0.1848	0.0943	0.0906	0.0002	0.0005	0.0000	0.0007	0.0007	0.0000	0.0000	0.0000	0.0000	3.8444	1.2833	8.8446	2.2314	2.4571	0.0127	4.8349	0.0006	9.8667
1	137	0.6233	13	1	2	0	1	0	0	0	0	N	Y	N	N	N	N	N	N	N	N	N	N	0.0000	0.0000	0.0000	0.0000	0.0000	0.0000	0.0000	0.0000	0.0000	0.0000	0.0000	0.0000	0.0000	0.0000	0.0000	0.0000	0.0000	0.0000	0.0000	0.0000	5.1039	0.0000	21.2862	0.0000	0.0000	0.0000	0.0000	0.0000	0.0000	0.0000	0.0000	0.0000	0.0000	0.0000	0.0000	0.0000	0.0000	0.0000	0.0000	0.0000	0.0000	0.0000	0.0000	0.0000	0.0000	0.0000	0.0000	0.0000	0.0000	0.0000	0.0000	0.0000	0.0000	0.0000	0.0000	0.0000	0.0000	0.0000	0.0000	0.0000	0.0000	0.0000	0.0000	0.0000	0.0000	0.0000	0.0000	0.0000	0.0000	0.0000	0.0000	0.0000	0.0000	0.0000	0.0000	0.0000	0.0000	0.0000											
1	138	0.6182	12	1	2	0	1	0	0	0	0	N	Y	N	N	N	N	N	N	N	N	N	N	0.0000	0.0000	0.0000	0.0000	0.0000	0.0000	0.0000	0.0000	0.0000	0.0000	0.0000	0.0000	0.0000	0.0013	0.0019	0.0000	0.0024	0.0028	0.0000	0.0000	0.0000	0.0000	0.0000	-0.0000	-0.0001	5.1039	0.0021	21.2862	2.0000	0.0000	0.0000	0.0000	0.0000	0.0000	0.0000	0.0000	0.0000	0.0000	0.0001	0.0001	0.0000	0.0001	0.0001	0.0000	0.0000	0.0000	0.0000	0.0002	0.0002	0.0000	0.0001	0.0001	0.0000	0.0001	0.0001	0.0000	0.0901	0.0612	0.0289	0.0482	0.0405	0.0077	0.0419	0.0207	0.0212	0.0000	0.0000	0.0000	0.0000	0.0000	0.0000	0.0000	0.0000	0.0000	0.0013	0.0019	0.0000	0.0024	0.0028	0.0000	0.0000	0.0000	0.0000						
1	139	0.6080	11	1	1	0	1	0	0	0	0	N	N	N	N	N	N	N	N	N	N	N	N	0.0001	0.0001	0.0000	0.0003	0.0002	0.0000	0.0000	0.0000	0.0002	0.0002	0.0000	0.0007	0.0007	0.0000	0.0000	0.0000	0.0000	1.4707	2.1596	0.0012	2.7955	3.3311	0.0045	0.0000	0.0000	0.0000	0.0000	0.0003	-0.0000	-0.1213	5.1039	1.0020	21.2862	3.0181	0.0000	0.0000	0.0000	0.0000	0.0000	0.0000	0.0000	0.0000	0.0000	0.2648	0.2647	0.0001	0.2648	0.2647	0.0001	0.0000	0.0000	0.0000	0.0476	0.0419	0.0057	0.0140	0.0134	0.0005	0.0336	0.0285	0.0051	0.1801	0.1226	0.0575	0.0947	0.0795	0.0153	0.0853	0.0431	0.0422	0.0001	0.0001	0.0000	0.0003	0.0002	0.0000	0.0000	0.0000	0.0000	1.4707	2.1596	0.0012	2.7955	3.3311	0.0045	0.0000	0.0000	0.0000	
1	140	0.5937	11	1	2	0	0	0	0	0	0	N	Y	N	N	N	N	N	N	N	N	N	N	0.0000	0.0000	0.0000	0.0000	0.0000	0.0000	0.0000	0.0000	0.0000	0.0000	0.0000	0.0000	0.0000	0.0000	0.0000	0.0000	0.0000	0.0005	0.0007	0.0000	0.0008	0.0010	0.0000	0.0000	0.0000	0.0000	0.0012	0.0000	-0.0000	5.1039	0.0000	21.2862	4.0001	0.0000	0.0000	0.0000	0.0000	0.0000	0.0000	0.0000	0.0000	0.0000	0.0001	0.0001	0.0000	0.0001	0.0001	0.0000	0.0000	0.0000	0.0000	0.0000	0.0000	0.0000	0.0000	0.0000	0.0000	0.0000	0.0000	0.0000	0.1765	0.1200	0.0565	0.0955	0.0793	0.0162	0.0810	0.0407	0.0403	0.0000	0.0000	0.0000	0.0000	0.0000	0.0000	0.0000	0.0000	0.0000	0.0005	0.0007	0.0000	0.0008	0.0010	0.0000	0.0000	0.0000	0.0000		
1	141	0.4045	9	1	2	0	0	0	0	0	0	N	Y	N	N	N	N	N	N	N	N	N	N	2.5794	2.7954	0.0085	0.0045	0.0047	0.0000	11.1457	59362.5846	0.0116	0.0045	0.0052	0.0000	0.0000	0.0000	0.0000	0.0069	0.0083	0.0000	0.0018	0.0019	0.0015	0.0034	0.0035	0.0031	0.0006	0.0000	0.0013	0.0004	0.4240	-0.0001	-0.0001	5.1039	1.0003	21.2862	5.0186	0.0002	0.0002	0.0000	0.0000	0.0000	0.0000	0.0002	0.0002	0.0000	0.0005	0.0003	0.0001	0.0004	0.0003	0.0000	0.0001	0.0000	0.0001	0.0471	0.0409	0.0062	0.0162	0.0155	0.0007	0.0309	0.0255	0.0055	0.2684	0.1775	0.0909	0.1075	0.0943	0.0132	0.1608	0.0832	0.0776	2.5794	2.7954	0.0085	0.0045	0.0047	0.0000	11.1457	59362.5846	0.0116	0.0018	0.0019	0.0015	0.0034	0.0035	0.0031	0.0006	0.0000	0.0013
1	142	0.6080	11	1	1	1	1	0	0	0	0	N	N	N	N	N	N	N	N	N	N	N	N	0.0000	0.0000	0.0000	0.0000	0.0000	0.0000	0.0000	0.0000	0.0000	0.0000	0.0000	0.0000	0.0000	0.0000	0.0000	0.0000	0.0000	0.0000	2.4952	3.6575	0.0072	4.8943	5.6916	0.0003	0.0054	0.0013	0.0096	0.0009	0.0000	-0.4488	5.1039	0.0001	21.2862	9.0026	0.0000	0.0000	0.0000	0.0000	0.0000	0.0000	0.0000	0.0000	0.0000	0.9810	0.9801	0.0009	0.9800	0.9800	0.0000	0.0010	0.0001	0.0009	0.0000	0.0000	0.0000	0.0000	0.0000	0.0000	0.0000	0.0000	0.0000	0.3932	0.2680	0.1252	0.2064	0.1731	0.0333	0.1867	0.0949	0.0919	0.0000	0.0000	0.0000	0.0000	0.0000	0.0000	0.0000	0.0000	0.0000	2.4952	3.6575	0.0072	4.7472	5.6607	0.0003	0.0054	0.0013	0.0096	
1	143	0.3899	9	1	1	1	1	0	0	0	0	N	N	N	N	N	N	N	N	N	N	N	N	0.0003	0.0000	0.0296	0.0000	0.0000	0.0000	0.0003	0.0000	0.0314	0.0008	0.0000	0.0058	0.0000	0.0000	0.0000	0.0012	0.0000	0.0065	2.4039	3.5359	0.1950	0.2904	0.3120	0.0802	3.6988	7.0464	0.2083	215.2522	0.0283	0.0000	-0.4542	5.1039	2.0061	21.2862	8.0425	0.0001	0.0000	0.0001	0.0000	0.0000	0.0000	0.0001	0.0000	0.0001	1.0540	1.0250	0.0290	0.0484	0.0471	0.0012	1.0056	0.9779	0.0277	0.0935	0.0814	0.0121	0.0327	0.0312	0.0014	0.0609	0.0501	0.0107	0.4385	0.2899	0.1486	0.1666	0.1511	0.0155	0.2719	0.1388	0.1331	0.0003	0.0000	0.0296	0.0000	0.0000	0.0000	0.0003	0.0000	0.0314	2.4039	3.5359	0.1950	0.2904	0.3120	0.0802	3.6988	7.0464	0.2083
1	144	0.3808	8	1	1	0	1	0	0	0	0	N	N	N	N	N	N	N	N	N	N	N	N	32.0156	47.9675	0.0000	72.3279	70.1017	0.0000	0.0000	0.0000	0.0000	0.0833	0.0959	0.0000	0.2408	0.2511	0.0000	0.0000	0.0000	0.0000	0.0026	0.0020	0.0039	0.0033	0.0036	0.0003	0.0021	0.0001	0.0043	0.0000	0.8986	-0.0036	0.0000	5.1039	1.9550	21.2862	2.1189	0.0081	0.0081	0.0000	0.0081	0.0081	0.0000	0.0000	0.0000	0.0000	0.0006	0.0003	0.0003	0.0003	0.0003	0.0000	0.0003	0.0000	0.0003	0.0973	0.0845	0.0128	0.0337	0.0323	0.0014	0.0637	0.0523	0.0114	0.2256	0.1546	0.0710	0.0904	0.0835	0.0068	0.1353	0.0711	0.0642	32.0156	47.9675	0.0000	72.3279	70.1017	0.0000	0.0000	0.0000	0.0000	0.0026	0.0020	0.0039	0.0033	0.0036	0.0003	0.0021	0.0001	0.0043
1	145	0.3808	8	1	1	1	1	0	0	0	0	N	N	N	N	N	N	N	N	N	N	N	N	1367.7406	1314.5989	0.9362	0.0581	0.0561	0.0150	6884.0609	11229773.0309	1.0145	5.9905	6.8972	0.0025	0.0005	0.0006	0.0000	9.1420	11.1375	0.0028	0.0044	0.0052	0.0027	0.0094	0.0101	0.0019	0.0013	0.0000	0.0027	0.0001	0.2542	-0.2780	-0.0010	5.1039	2.1261	21.2862	18.6477	0.6303	0.6303	0.0000	0.0000	0.0000	0.0000	0.6303	0.6303	0.0000	0.0040	0.0032	0.0008	0.0032	0.0032	0.0001	0.0008	0.0000	0.0008	0.1052	0.0914	0.0138	0.0363	0.0348	0.0015	0.0689	0.0566	0.0124	0.9119	0.6069	0.3050	0.3469	0.3157	0.0312	0.5650	0.2913	0.2737	1367.7406	1314.5989	0.9362	0.0581	0.0561	0.0150	6884.0609	11229773.0309	1.0145	0.0044	0.0052	0.0027	0.0094	0.0101	0.0019	0.0013	0.0000	0.0027
1	146	0.6080	11	1	1	1	1	0	0	0	0	N	N	N	N	N	N	N	N	N	N	N	N	4.0134	41271.5493	0.0000	536.8464	929.8872	0.0000	2.6653	210551929.0210	0.0000	10.5705	12.0037	0.0000	0.4023	0.4183	0.0000	14.7854	17.4554	0.0000	2.6338	0.0003	12.2657	0.0007	0.0004	0.0023	5.5473	0.0000	16.6991	0.0000	13287.7116	-0.4406	0.4999	5.1039	2.0001	21.2862	5.9880	0.9989	0.9989	0.0000	0.0111	0.0111	0.0000	0.9878	0.9878	0.0000	0.9230	0.0001	0.9229	0.0001	0.0001	0.0001	0.9229	0.0000	0.9229	0.0945	0.0832	0.0113	0.0277	0.0266	0.0011	0.0668	0.0566	0.0102	0.3504	0.2388	0.1116	0.1841	0.1544	0.0297	0.1664	0.0844	0.0819	4.0134	41271.5493	0.0000	536.8464	929.8872	0.0000	2.6653	210551929.0210	0.0000	2.6338	0.0003	8.2674	0.0007	0.0004	0.0023	5.5473	0.0000	11.2644
1	147	0.6080	11	1	1	1	1	0	0	0	0	N	N	N	N	N	N	N	N	N	N	N	N	0.6249	0.4913	0.0101	0.9873	0.8248	0.0000	0.0005	0.0000	0.0501	1.8722	2.1245	0.0012	6.4233	6.6791	0.0000	0.0002	0.0000	0.0014	2.9960	4.3241	0.1221	6.5062	8.0978	0.3885	0.4166	0.7840	0.0271	0.0001	0.0130	-0.3392	-1.7037	5.1039	9.0001	21.2862	23.0169	0.7691	0.7690	0.0001	0.7690	0.7690	0.0000	0.0001	0.0000	0.0001	3.8242	3.7750	0.0492	3.5690	3.5278	0.0412	0.2553	0.2472	0.0080	0.4108	0.3620	0.0488	0.1197	0.1151	0.0046	0.2911	0.2468	0.0442	1.2764	0.8730	0.4034	0.6637	0.5577	0.1060	0.6127	0.3154	0.2974	0.6249	0.4913	0.0101	1.1945	1.0558	0.0000	0.0005	0.0000	0.0501	2.9960	4.3241	0.1221	5.3775	6.3261	0.3885	0.4166	0.7840	0.0271
1	148	0.5827	10	1	1	0	1	0	0	0	0	N	N	N	N	N	N	N	N	N	N	N	N	0.0002	0.0003	0.0003	0.0007	0.0007	0.0000	0.0001	0.0001	0.0003	0.0000	0.0000	0.0000	0.0000	0.0000	0.0000	0.0000	0.0000	0.0000	0.0148	0.0060	0.0336	0.0089	0.0089	0.0089	0.0219	0.0002	0.0439	0.7819	2.6009	-0.0000	0.0018	5.1039	1.9990	21.2862	7.9526	0.0000	0.0000	0.0000	0.0000	0.0000	0.0000	0.0000	0.0000	0.0000	0.0068	0.0019	0.0049	0.0022	0.0019	0.0004	0.0046	0.0000	0.0045	0.0949	0.0835	0.0113	0.0281	0.0270	0.0011	0.0668	0.0565	0.0102	0.4593	0.3135	0.1458	0.2517	0.2091	0.0426	0.2077	0.1044	0.1032	0.0002	0.0003	0.0003	0.0007	0.0007	0.0000	0.0001	0.0001	0.0003	0.0148	0.0060	0.0336	0.0089	0.0089	0.0089	0.0219	0.0002	0.0439
1	149	0.5508	9	2	2	0	0	0	0	0	0	Y	Y	N	N	N	N	N	N	N	N	N	N	0.0283	0.0007	5.7423	0.0448	0.0012	173.2098	0.1692	0.0001	0.5041	0.0090	0.0003	0.0717	0.0260	0.0009	0.8364	0.0013	0.0000	0.0080	0.3191	0.4537	0.0125	0.5811	0.6985	0.0048	0.0077	0.0007	0.0158	33.6254	0.0121	0.0014	-0.1567	5.1039	5.3497	21.2862	17.2225	0.0026	0.0001	0.0025	0.0023	0.0001	0.0022	0.0003	0.0000	0.0003	0.3511	0.3469	0.0042	0.3472	0.3467	0.0005	0.0039	0.0002	0.0037	0.2834	0.2487	0.0346	0.0885	0.0858	0.0027	0.1949	0.1629	0.0320	1.1004	0.7647	0.3357	0.5975	0.4964	0.1011	0.5029	0.2683	0.2346	0.0283	0.0007	5.7423	0.0448	0.0012	173.2098	0.1692	0.0001	0.5041	0.3191	0.4537	0.0125	0.5811	0.6985	0.0048	0.0077	0.0007	0.0158
1	150	0.5816	10	1	2	0	0	0	0	0	0	N	Y	N	N	N	N	N	N	N	N	N	N	0.0034	0.0214	0.0081	0.0113	0.0426	0.0496	0.0009	0.0000	0.0023	0.0037	0.0005	0.0294	0.0064	0.0011	0.1492	0.0016	0.0000	0.0093	1.1057	0.0251	3.6523	0.5677	0.0262	3.0069	1.8515	0.0228	4.0063	6.8073	61.6548	0.0004	0.7571	5.1039	3.6794	21.2862	17.4287	0.0010	0.0001	0.0008	0.0007	0.0001	0.0006	0.0002	0.0000	0.0002	1.4403	0.0230	1.4173	0.4296	0.0162	0.4133	1.0107	0.0067	1.0039	0.2604	0.2316	0.0288	0.1155	0.1113	0.0041	0.1450	0.1203	0.0247	1.3026	0.9145	0.3881	0.7567	0.6192	0.1375	0.5459	0.2953	0.2506	0.0034	0.0214	0.0081	0.0113	0.0426	0.0496	0.0009	0.0000	0.0023	1.1057	0.0251	3.6523	0.5677	0.0262	3.0069	1.8515	0.0228	4.0063
1	151	0.5508	9	1	2	0	0	0	0	0	0	N	Y	N	N	N	N	N	N	N	N	N	N	2.1155	8.7624	0.0117	3.8241	18.7249	0.0106	0.0343	0.0019	0.1670	0.8890	1.0120	0.0135	2.7128	2.7881	0.0374	0.0021	0.0001	0.0116	0.4202	0.1155	1.1489	0.7094	0.1489	3.5191	0.0599	0.0518	0.0696	0.0019	4.1608	-0.0770	0.1107	5.1039	3.4464	21.2862	10.1316	0.1753	0.1750	0.0003	0.1750	0.1750	0.0001	0.0003	0.0000	0.0003	0.3182	0.0617	0.2566	0.2980	0.0522	0.2459	0.0202	0.0095	0.0107	0.1972	0.1729	0.0243	0.0645	0.0628	0.0018	0.1327	0.1102	0.0225	0.7572	0.5339	0.2233	0.4201	0.3503	0.0699	0.3371	0.1836	0.1534	2.1155	8.7624	0.0117	3.8241	18.7249	0.0106	0.0343	0.0019	0.1670	0.4202	0.1155	1.1489	0.7094	0.1489	3.5191	0.0599	0.0518	0.0696
1	152	0.4113	11	2	2	0	0	0	0	0	0	Y	Y	N	N	N	N	N	N	N	N	N	N	0.0000	0.0000	0.0000	0.0000	0.0000	0.0000	0.0000	0.0000	0.0000	0.0000	0.0000	0.0000	0.0000	0.0000	0.0000	0.0000	0.0000	0.0000	2.2224	3.3516	0.0210	3.5620	4.0646	0.0000	1.3259	2.5425	0.0247	0.0032	0.0000	-0.5641	5.1039	1.0143	21.2862	12.0086	0.0000	0.0000	0.0000	0.0000	0.0000	0.0000	0.0000	0.0000	0.0000	1.2394	1.2354	0.0040	0.7964	0.7964	0.0000	0.4430	0.4390	0.0040	0.0483	0.0420	0.0064	0.0168	0.0160	0.0007	0.0315	0.0259	0.0056	0.5577	0.3686	0.1891	0.2236	0.1959	0.0276	0.3341	0.1727	0.1614	0.0000	0.0000	0.0000	0.0000	0.0000	0.0000	0.0000	0.0000	0.0000	2.2224	3.3516	0.0210	3.5620	4.0646	0.0000	1.3259	2.5425	0.0247	
1	153	0.4090	10	2	2	0	0	0	0	0	0	Y	Y	N	N	N	N	N	N	N	N	N	N	0.0000	0.0000	0.0000	0.0000	0.0000	0.0000	0.0000	0.0000	0.0000	0.0000	0.0000	0.0000	0.0000	0.0000	0.0000	0.0000	0.0000	0.0000	0.1257	0.0218	0.3274	0.0272	0.0305	0.0039	0.1916	0.0119	0.3823	7.7353	0.0000	0.0024	5.1039	0.9811	21.2862	0.0216	0.0000	0.0000	0.0000	0.0000	0.0000	0.0000	0.0000	0.0000	0.0000	0.0057	0.0006	0.0050	0.0005	0.0005	0.0000	0.0052	0.0002	0.0050	0.0465	0.0403	0.0061	0.0160	0.0153	0.0007	0.0305	0.0250	0.0054	0.0452	0.0298	0.0154	0.0181	0.0159	0.0022	0.0271	0.0139	0.0131	0.0000	0.0000	0.0000	0.0000	0.0000	0.0000	0.0000	0.0000	0.0000	0.1257	0.0218	0.3274	0.0272	0.0305	0.0039	0.1916	0.0119	0.3823	
1	154	0.4045	9	2	2	0	0	0	0	0	0	Y	Y	N	N	N	N	N	N	N	N	N	N	101.1509	106.9943	0.3456	0.1686	0.1622	0.0000	357.4126	4617.2465	0.3938	0.4567	0.5298	0.0013	0.0013	0.0015	0.0000	0.7639	0.9253	0.0017	0.0045	0.0050	0.0036	0.0080	0.0091	0.0002	0.0021	0.0002	0.0042	0.0004	0.3702	-0.0001	-0.0001	5.1039	0.0083	21.2862	2.0001	0.0002	0.0002	0.0000	0.0000	0.0000	0.0000	0.0002	0.0002	0.0000	0.0004	0.0003	0.0001	0.0003	0.0003	0.0000	0.0001	0.0000	0.0001	0.0005	0.0004	0.0001	0.0002	0.0002	0.0000	0.0003	0.0002	0.0000	0.0940	0.0625	0.0314	0.0382	0.0335	0.0047	0.0558	0.0290	0.0268	101.1509	106.9943	0.3456	0.1686	0.1622	0.0000	357.4126	4617.2465	0.3938	0.0045	0.0050	0.0036	0.0080	0.0091	0.0002	0.0021	0.0002	0.0042
1	155	0.3808	8	1	2	0	0	0	0	0	0	N	Y	N	N	N	N	N	N	N	N	N	N	6432.6496	32861.5980	0.6746	9.5575	54.5945	0.0009	62596.2671	30212594.7860	6.0346	6.8336	7.8681	0.0018	0.0238	0.0248	0.0000	10.3651	12.6118	0.0021	0.0011	0.0002	0.0027	0.0025	0.0005	0.0243	0.0002	0.0000	0.0003	0.0000	5.6147	-0.4266	0.0002	5.1039	2.9180	21.2862	7.4065	0.9672	0.9671	0.0000	0.0011	0.0011	0.0000	0.9660	0.9660	0.0000	0.0005	0.0001	0.0004	0.0005	0.0001	0.0004	0.0001	0.0000	0.0001	0.1415	0.1229	0.0186	0.0483	0.0463	0.0020	0.0932	0.0766	0.0166	0.4931	0.3308	0.1624	0.1903	0.1740	0.0163	0.3028	0.1567	0.1461	6432.6496	32861.5980	0.6746	9.5575	54.5945	0.0009	62596.2671	30212594.7860	6.0346	0.0011	0.0002	0.0027	0.0025	0.0005	0.0243	0.0002	0.0000	0.0003
1	156	0.3150	7	1	1	0	0	0	0	0	0	N	N	N	N	N	N	N	N	N	N	N	N	0.3859	0.3090	0.5403	0.3651	0.3801	0.0002	0.2290	0.0048	0.8078	0.1171	0.1313	0.0292	0.2505	0.2829	0.0000	0.0075	0.0000	0.0464	0.3034	0.4250	0.0541	0.6862	0.7442	0.0246	0.0326	0.0074	0.0575	0.0361	0.0621	-0.0315	-0.2077	5.1039	8.2479	21.2862	19.7214	0.0775	0.0748	0.0027	0.0748	0.0748	0.0000	0.0027	0.0000	0.0027	0.5193	0.4890	0.0304	0.4867	0.4853	0.0014	0.0326	0.0037	0.0290	0.6620	0.5698	0.0923	0.2986	0.2644	0.0342	0.3635	0.3054	0.0581	1.7117	1.1506	0.5611	0.7093	0.6521	0.0572	1.0024	0.4985	0.5039	0.3859	0.3090	0.5403	0.3651	0.3801	0.0002	0.2290	0.0048	0.8078	0.3034	0.4250	0.0541	0.6862	0.7442	0.0246	0.0326	0.0074	0.0575
1	157	0.2788	6	1	1	0	0	0	0	0	0	N	N	N	N	N	N	N	N	N	N	N	N	2.9483	0.5069	45.8419	1.4013	1.3051	1.1272	4.7697	0.0009	44.2163	1.4459	0.3341	6.7649	0.9475	0.9692	0.0771	1.6513	0.0005	7.0511	0.4904	0.6590	0.1476	0.6762	0.7426	0.0684	0.3462	0.5399	0.1595	4.2327	0.1101	0.2312	-0.2965	5.1039	7.4725	21.2862	14.3153	0.6287	0.1201	0.5085	0.1203	0.1200	0.0002	0.5084	0.0001	0.5083	0.8254	0.7435	0.0819	0.4973	0.4924	0.0050	0.3281	0.2512	0.0769	0.4348	0.3596	0.0752	0.1269	0.1238	0.0031	0.3079	0.2358	0.0721	1.6832	1.1282	0.5549	0.7355	0.6630	0.0725	0.9477	0.4652	0.4824	2.9483	0.5069	45.8419	1.4013	1.3051	1.1272	4.7697	0.0009	44.2163	0.4904	0.6590	0.1476	0.6762	0.7426	0.0684	0.3462	0.5399	0.1595
1	158	0.2133	5	1	1	0	0	0	0	0	0	N	N	N	N	N	N	N	N	N	N	N	N	0.1601	0.0486	1.8364	0.1323	0.1326	0.0126	0.2188	0.0158	2.3450	0.0816	0.0328	0.3720	0.0967	0.0986	0.0073	0.0770	0.0091	0.3845	0.5095	0.6762	0.2026	0.7309	0.7435	0.5822	0.3520	0.5788	0.1640	1.9008	0.1627	0.0103	-0.4143	5.1039	11.6653	21.2862	19.4910	0.0482	0.0166	0.0316	0.0133	0.0132	0.0000	0.0350	0.0034	0.0316	1.3012	1.1191	0.1821	0.7760	0.7277	0.0483	0.5252	0.3914	0.1338	0.5915	0.5065	0.0850	0.1371	0.1343	0.0028	0.4544	0.3722	0.0822	2.5537	1.6549	0.8989	1.0616	0.9787	0.0830	1.4921	0.6762	0.8159	0.1601	0.0486	1.8364	0.1323	0.1326	0.0126	0.2188	0.0158	2.3450	0.5095	0.6762	0.2026	0.7309	0.7435	0.5822	0.3520	0.5788	0.1640
1	161	0.6013	13	2	2	0	0	0	0	0	0	Y	Y	N	N	N	N	N	N	N	N	N	N	0.0000	0.0000	0.0000	0.0000	0.0000	0.0000	0.0000	0.0000	0.0000	0.0000	0.0000	0.0000	0.0000	0.0000	0.0000	0.0000	0.0000	0.0000	0.0005	0.0007	0.0001	0.0009	0.0010	0.0002	0.0000	0.0000	0.0000	0.0698	0.0000	-0.0000	5.1039	0.0002	21.2862	3.0099	0.0000	0.0000	0.0000	0.0000	0.0000	0.0000	0.0000	0.0000	0.0000	0.0001	0.0001	0.0000	0.0001	0.0001	0.0000	0.0000	0.0000	0.0000	0.0000	0.0000	0.0000	0.0000	0.0000	0.0000	0.0000	0.0000	0.0000	0.1346	0.0918	0.0428	0.0729	0.0606	0.0123	0.0618	0.0312	0.0306	0.0000	0.0000	0.0000	0.0000	0.0000	0.0000	0.0000	0.0000	0.0000	0.0005	0.0007	0.0001	0.0009	0.0010	0.0002	0.0000	0.0000	0.0000	
1	162	0.5937	12	2	2	0	0	0	0	0	0	Y	Y	N	N	N	N	N	N	N	N	N	N	0.0000	0.0000	0.0000	0.0000	0.0000	0.0000	0.0000	0.0000	0.0000	0.0000	0.0000	0.0000	0.0000	0.0000	0.0000	0.0000	0.0000	0.0000	0.0000	0.0000	0.0001	0.0001	0.0000	0.0000	0.0000	0.0000	0.0469	0.0000	-0.0000	5.1039	0.9998	21.2862	2.0118	0.0000	0.0000	0.0000	0.0000	0.0000	0.0000	0.0000	0.0000	0.0000	0.0000	0.0000	0.0000	0.0000	0.0000	0.0000	0.0000	0.0000	0.0000	0.0475	0.0418	0.0057	0.0140	0.0135	0.0005	0.0334	0.0283	0.0051	0.1334	0.0907	0.0427	0.0722	0.0600	0.0122	0.0612	0.0307	0.0305	0.0000	0.0000	0.0000	0.0000	0.0000	0.0000	0.0000	0.0000	0.0000	0.0000	0.0000	0.0000	0.0001	0.0001	0.0000	0.0000	0.0000	0.0000		
1	163	0.5937	11	2	2	0	0	0	0	0	0	Y	Y	N	N	N	N	N	N	N	N	N	N	0.0000	0.0000	0.0000	0.0000	0.0000	0.0000	0.0000	0.0000	0.0000	0.0000	0.0000	0.0000	0.0000	0.0000	0.0000	0.0000	0.0000	0.0082	0.0069	0.0137	0.0145	0.0118	0.0486	0.0014	0.0000	0.0045	0.4545	0.0000	-0.0000	5.1039	0.0000	21.2862	0.0003	0.0000	0.0000	0.0000	0.0000	0.0000	0.0000	0.0000	0.0000	0.0000	0.0000	0.0000	0.0000	0.0000	0.0000	0.0000	0.0000	0.0000	0.0000	0.0000	0.0000	0.0000	0.0000	0.0000	0.0000	0.0000	0.0000	0.0000	0.0000	0.0000	0.0000	0.0000	0.0000	0.0000	0.0000	0.0000	0.0000	0.0000	0.0000	0.0000	0.0000	0.0000	0.0000	0.0000	0.0000	0.0000	0.0082	0.0069	0.0137	0.0145	0.0118	0.0486	0.0014	0.0000	0.0045		
1	164	0.5827	10	1	2	0	0	0	0	0	0	N	Y	N	N	N	N	N	N	N	N	N	N	0.0041	0.0024	0.0173	0.0062	0.0053	0.0000	0.0027	0.0000	0.0132	0.0004	0.0003	0.0012	0.0005	0.0005	0.0000	0.0003	0.0000	0.0012	0.0979	0.1122	0.0668	0.0857	0.1006	0.0130	0.1134	0.1367	0.0902	0.7819	0.2744	-0.0000	-0.0053	5.1039	0.0063	21.2862	4.3641	0.0000	0.0000	0.0000	0.0000	0.0000	0.0000	0.0000	0.0000	0.0000	0.0219	0.0172	0.0047	0.0107	0.0105	0.0003	0.0112	0.0067	0.0044	0.0008	0.0006	0.0001	0.0003	0.0003	0.0000	0.0004	0.0003	0.0001	0.2238	0.1532	0.0706	0.1254	0.1040	0.0214	0.0983	0.0491	0.0492	0.0041	0.0024	0.0173	0.0062	0.0053	0.0000	0.0027	0.0000	0.0132	0.0979	0.1122	0.0668	0.0857	0.1006	0.0130	0.1134	0.1367	0.0902
1	165	0.5508	9	1	1	0	0	0	0	0	0	N	N	N	N	N	N	N	N	N	N	N	N	0.0020	0.0153	0.0026	0.0241	0.0270	0.0004	0.0012	0.0001	0.0016	0.0055	0.0008	0.0389	0.0020	0.0020	0.0000	0.0073	0.0000	0.0417	2.7829	0.0499	14.9564	0.0817	0.0749	0.1159	6.1771	0.0022	25.8295	7.1776	77.8198	0.0004	1.0542	5.1039	2.5207	21.2862	10.0226	0.0008	0.0001	0.0007	0.0001	0.0001	0.0000	0.0007	0.0000	0.0007	1.9930	0.0253	1.9677	0.0326	0.0249	0.0077	1.9604	0.0004	1.9601	0.1547	0.1355	0.0192	0.0527	0.0514	0.0013	0.1020	0.0842	0.0178	0.7162	0.5063	0.2098	0.3988	0.3327	0.0661	0.3174	0.1736	0.1437	0.0020	0.0153	0.0041	0.0241	0.0270	0.0004	0.0012	0.0001	0.0031	2.7829	0.0499	9.3780	0.0817	0.0749	0.1159	6.1771	0.0022	13.6364
1	166	0.5352	8	1	1	0	0	0	0	0	0	N	N	N	N	N	N	N	N	N	N	N	N	16.6060	0.0050	101.5816	0.0063	0.0069	0.0098	180.8357	0.0000	355.4568	2.7134	0.0008	18.6939	0.0016	0.0016	0.0039	4.7748	0.0000	20.1256	0.1634	0.1554	0.1840	0.2554	0.2252	0.3982	0.0264	0.0030	0.0566	4112.6722	0.4603	0.2954	-0.0127	5.1039	2.6894	21.2862	4.6619	0.5288	0.0001	0.5286	0.0001	0.0001	0.0000	0.5286	0.0000	0.5286	0.0890	0.0609	0.0280	0.0832	0.0606	0.0226	0.0058	0.0004	0.0054	0.1949	0.1666	0.0283	0.0842	0.0821	0.0020	0.1107	0.0844	0.0263	0.5445	0.3921	0.1524	0.3257	0.2689	0.0568	0.2188	0.1232	0.0956	16.6060	0.0050	101.5816	0.0063	0.0069	0.0098	180.8357	0.0000	355.4568	0.1634	0.1554	0.1840	0.2554	0.2252	0.3982	0.0264	0.0030	0.0566
1	167	0.4968	7	1	1	0	0	0	0	0	0	N	N	N	N	N	N	N	N	N	N	N	N	0.0988	0.0001	87.4735	0.0162	0.0001	836.4846	5.2498	0.0018	62.1802	0.1089	0.0001	0.8865	0.0319	0.0001	0.9261	0.1368	0.0001	0.8834	1.1012	1.6351	0.0101	1.9738	2.4215	0.0011	0.0261	0.0382	0.0142	1442.6214	0.0030	0.0075	-0.2881	5.1039	2.7966	21.2862	8.5340	0.0135	0.0000	0.0135	0.0011	0.0000	0.0010	0.0124	0.0000	0.0124	0.6328	0.6309	0.0019	0.6261	0.6260	0.0001	0.0067	0.0049	0.0018	0.1238	0.1086	0.0152	0.0330	0.0318	0.0011	0.0908	0.0768	0.0141	0.5746	0.3858	0.1888	0.3172	0.2585	0.0587	0.2574	0.1273	0.1301	0.0988	0.0001	87.4735	0.0162	0.0001	836.4846	5.2498	0.0018	62.1802	1.1012	1.6351	0.0101	1.9738	2.4215	0.0011	0.0261	0.0382	0.0142
2	3	0.3219	3	0	0	1	2	0	0	0	0	N	N	N	Y	N	N	N	N	N	N	N	N	0.0001	0.0000	0.0001	0.0000	0.0000	0.0000	0.0001	0.0002	0.0007	0.0000	0.0047	0.0000	0.0000	0.0000	0.0008	0.0000	0.0049	9.2544	0.0031	48.7317	10.1153	0.0055	139.3262	6.8189	0.0000	28.8217	inf	3141.9562	0.0000	1.1739	8.0000	1.9995	25.9398	3.6173	0.0001	0.0000	0.0001	0.0000	0.0000	0.0000	0.0001	0.0000	0.0001	2.1686	0.0007	2.1679	0.9298	0.0007	0.9291	1.2388	0.0000	1.2388	0.0976	0.0827	0.0149	0.0076	0.0071	0.0005	0.0900	0.0756	0.0144	0.3214	0.2237	0.0977	0.1397	0.1249	0.0148	0.1817	0.0988	0.0829	0.0001	0.0000	0.0002	0.0000	0.0000	0.0000	0.0001	0.0000	0.0003	6.7477	0.0031	22.1902	6.6552	0.0055	62.5763	6.8189	0.0000	14.9523	
2	4	0.6609	8	0	0	1	2	0	0	0	0	N	N	N	Y	N	N	N	N	N	N	N	N	0.0048	0.0438	0.0000	0.0000	0.0000	0.0000	0.0031	4.6481	0.0000	0.0006	0.0007	0.0000	0.0000	0.0000	0.0000	0.0008	0.0009	0.0000	0.1250	0.0159	0.3539	0.0260	0.0230	0.0403	0.2530	0.0002	0.4892	0.0000	10.6178	-0.0002	0.0812	8.0000	11.5083	25.9398	19.4752	0.0004	0.0004	0.0000	0.0000	0.0000	0.0000	0.0004	0.0004	0.0000	0.1783	0.0153	0.1630	0.0209	0.0153	0.0056	0.1574	0.0001	0.1574	0.6131	0.5316	0.0815	0.1406	0.1329	0.0076	0.4725	0.3987	0.0738	1.4267	0.9661	0.4606	0.8045	0.6656	0.1389	0.6222	0.3005	0.3217	0.0048	0.0438	0.0000	0.0000	0.0000	0.0000	0.0031	4.6481	0.0000	0.1250	0.0159	0.3539	0.0260	0.0230	0.0403	0.2530	0.0002	0.4892
2	6	0.2014	3	0	1	1	1	0	0	0	0	N	N	N	N	N	N	N	N	N	N	N	N	0.0058	0.0041	0.0000	0.0547	0.0517	0.0000	0.0000	0.0000	0.0000	0.0071	0.0085	0.0000	0.0894	0.0907	0.0000	0.0000	0.0000	0.0000	1.2334	2.0674	0.0198	1.6354	1.7542	0.0352	1.1439	2.1928	0.0193	0.0000	0.0066	-0.0006	-0.5970	8.0000	3.1362	25.9398	18.3411	0.0013	0.0013	0.0000	0.0013	0.0013	0.0000	0.0000	0.0000	0.0000	1.3213	1.3126	0.0086	0.3189	0.3185	0.0005	1.0024	0.9942	0.0082	0.1769	0.1489	0.0280	0.0141	0.0139	0.0002	0.1628	0.1350	0.0278	1.0713	0.6349	0.4363	0.1950	0.1815	0.0135	0.8762	0.4534	0.4229	0.0058	0.0041	0.0000	0.0547	0.0517	0.0000	0.0000	0.0000	0.0000	1.2334	2.0674	0.0198	1.6354	1.7542	0.0352	1.1439	2.1928	0.0193
2	7	0.2602	4	0	0	2	2	0	0	0	0	N	N	Y	Y	N	N	N	N	N	N	N	N	0.0000	0.0000	0.0000	0.0000	0.0000	0.0000	0.0000	0.0000	0.0000	0.0000	0.0000	0.0000	0.0000	0.0000	0.0000	0.0000	0.0000	0.0000	0.1187	0.0957	0.1556	0.1647	0.1802	0.0198	0.0931	0.0030	0.1690	1.0098	0.0000	0.0035	8.0000	0.6329	25.9398	9.5631	0.0000	0.0000	0.0000	0.0000	0.0000	0.0000	0.0000	0.0000	0.0000	0.0803	0.0399	0.0403	0.0398	0.0394	0.0005	0.0405	0.0006	0.0399	0.0381	0.0331	0.0050	0.0048	0.0047	0.0001	0.0333	0.0284	0.0049	0.6763	0.4172	0.2591	0.2417	0.2184	0.0233	0.4346	0.1987	0.2359	0.0000	0.0000	0.0000	0.0000	0.0000	0.0000	0.0000	0.0000	0.0000	0.1187	0.0957	0.1556	0.1647	0.1802	0.0198	0.0931	0.0030	0.1690	
2	8	0.6132	7	0	0	2	2	0	0	0	0	N	N	Y	Y	N	N	N	N	N	N	N	N	0.0005	0.0004	0.0000	0.0001	0.0000	0.0000	0.0053	4.0211	0.0000	0.0014	0.0017	0.0000	0.0003	0.0003	0.0000	0.0017	0.0021	0.0000	2.9715	4.0870	0.4765	5.7035	6.8124	0.0121	0.3310	0.0005	0.6596	0.0000	0.0521	-0.0001	-0.8400	8.0000	2.7092	25.9398	11.4516	0.0002	0.0002	0.0000	0.0000	0.0000	0.0000	0.0002	0.0002	0.0000	2.0548	1.9530	0.1018	1.9536	1.9529	0.0007	0.1012	0.0001	0.1011	0.1538	0.1310	0.0227	0.0334	0.0315	0.0019	0.1204	0.0995	0.0208	0.6915	0.4779	0.2137	0.3858	0.3254	0.0604	0.3057	0.1524	0.1532	0.0005	0.0004	0.0000	0.0001	0.0001	0.0000	0.0053	4.0211	0.0000	2.9715	4.0870	0.4765	5.0634	6.0011	0.0121	0.3310	0.0005	0.6596
2	9	0.2382	3	1	1	1	1	0	0	0	0	N	N	N	N	N	N	N	N	N	N	N	N	0.0000	0.0000	0.0000	0.0000	0.0000	0.0000	0.0000	0.0000	0.0000	0.0000	0.0000	0.0000	0.0000	0.0000	0.0000	1.6504	2.6927	0.0000	10.1493	12.0824	0.0000	0.0010	0.0019	0.0000	0.0000	0.0000	-0.5849	8.0000	2.0019	25.9398	13.5902	0.0000	0.0000	0.0000	0.0000	0.0000	0.0000	0.0000	0.0000	0.0000	1.2760	1.2760	0.0000	1.2754	1.2754	0.0000	0.0006	0.0006	0.0000	0.1002	0.0848	0.0154	0.0046	0.0042	0.0003	0.0956	0.0806	0.0150	0.7731	0.4739	0.2993	0.1913	0.1604	0.0309	0.5818	0.3134	0.2684	0.0000	0.0000	0.0000	0.0000	0.0000	0.0000	0.0000	0.0000	0.0000	1.6504	2.6927	0.0000	6.6659	7.9494	0.0000	0.0010	0.0019	0.0000				
2	10	0.2717	6	1	0	2	1	0	0	0	0	N	N	Y	N	N	N	N	N	N	N	N	N	0.0000	0.0000	0.0000	0.0000	0.0000	0.0000	0.0000	0.0000	0.0000	0.0000	0.0000	0.0000	0.0000	0.0000	0.0000	1.4773	2.4607	0.0000	4.5384	5.5891	0.0000	0.0662	0.1318	0.0000	0.0000	0.0000	-0.3586	8.0000	1.0010	25.9398	10.8665	0.0000	0.0000	0.0000	0.0000	0.0000	0.0000	0.0000	0.0000	0.0000	0.7824	0.7824	0.0000	0.7584	0.7584	0.0000	0.0240	0.0240	0.0000	0.0504	0.0428	0.0076	0.0045	0.0041	0.0004	0.0459	0.0387	0.0072	0.5296	0.3180	0.2117	0.1671	0.1358	0.0313	0.3625	0.1821	0.1804	0.0000	0.0000	0.0000	0.0000	0.0000	0.0000	0.0000	0.0000	0.0000	1.4773	2.4607	0.0000	4.5384	5.5830	0.0000	0.0662	0.1318	0.0000				
2	11	0.2612	6	1	1	1	2	0	0	0	0	N	N	N	Y	N	N	N	N	N	N	N	N	0.0000	0.0000	0.0000	0.0000	0.0000	0.0000	0.0000	0.0000	0.0000	0.0000	0.0000	0.0000	0.0000	0.0000	0.0000	0.0000	0.0000	0.0000	0.0000	0.0000	8.0000	0.0000	25.9398	4.9998	0.0000	0.0000	0.0000	0.0000	0.0000	0.0000	0.0000	0.0000	0.0000	0.0000	0.0000	0.0000	0.0000	0.0000	0.0000	0.0000	0.0000	0.0000	0.0000	0.0000	0.0000	0.0000	0.0000	0.0000	0.0000	0.0000	0.0000	0.2017	0.1121	0.0895	0.0252	0.0220	0.0032	0.1765	0.0902	0.0863	0.0000	0.0000	0.0000	0.0000	0.0000	0.0000	0.0000	0.0000	0.0000	0.0000	0.0000	0.0000	0.0000	0.0000	0.0000	0.0000	0.0000	0.0000											
2	12	0.6601	9	1	1	1	2	0	0	0	0	N	N	N	Y	N	N	N	N	N	N	N	N	0.0000	0.0000	0.0000	0.0000	0.0000	0.0000	0.0000	0.0000	0.0000	0.0000	0.0000	0.0000	0.0000	0.0000	0.0000	0.0000	0.0000	0.0000	0.0000	0.0000	8.0000	0.9995	25.9398	2.0282	0.0000	0.0000	0.0000	0.0000	0.0000	0.0000	0.0000	0.0000	0.0000	0.0000	0.0000	0.0000	0.0000	0.0000	0.0000	0.0000	0.0000	0.0000	0.0482	0.0415	0.0067	0.0117	0.0107	0.0010	0.0365	0.0307	0.0058	0.1073	0.0718	0.0355	0.0530	0.0445	0.0086	0.0543	0.0273	0.0270	0.0000	0.0000	0.0000	0.0000	0.0000	0.0000	0.0000	0.0000	0.0000	0.0000	0.0000	0.0000	0.0000	0.0000	0.0000	0.0000	0.0000	0.0000											
2	13	0.2591	4	1	0	2	1	0	0	0	0	N	N	Y	N	N	N	N	N	N	N	N	N	0.0000	0.0000	0.0000	0.0000	0.0000	0.0000	0.0000	0.0000	0.0000	0.0000	0.0000	0.0000	0.0000	0.0000	0.0000	0.0000	0.0000	0.0000	1.4675	2.3741	0.0001	4.8508	5.7801	0.0004	0.0817	0.1543	0.0001	0.0000	0.0000	-0.3477	8.0000	0.0560	25.9398	10.7426	0.0000	0.0000	0.0000	0.0000	0.0000	0.0000	0.0000	0.0000	0.0000	0.7585	0.7585	0.0000	0.7290	0.7290	0.0000	0.0295	0.0295	0.0000	0.0122	0.0110	0.0012	0.0049	0.0049	0.0000	0.0072	0.0061	0.0012	0.5169	0.3195	0.1974	0.1554	0.1280	0.0274	0.3615	0.1915	0.1700	0.0000	0.0000	0.0000	0.0000	0.0000	0.0000	0.0000	0.0000	0.0000	1.4675	2.3741	0.0001	4.6912	5.6936	0.0004	0.0817	0.1543	0.0001	
2	14	0.2220	4	0	0	2	1	0	0	0	0	N	N	Y	N	N	N	N	N	N	N	N	N	16.5783	11.2644	108.0256	99.6389	0.0000	0.0000	1.2274	1.4449	0.0000	15.1772	16.2910	0.0000	0.0000	0.0000	0.0000	0.0740	0.1283	0.0000	0.1405	0.1635	0.0000	0.0636	0.1194	0.0000	0.0000	0.0000	-0.4411	-0.0433	8.0000	16.7310	25.9398	15.9078	1.0000	1.0000	0.0000	1.0000	1.0000	0.0000	0.0000	0.0000	0.0000	0.0945	0.0945	0.0000	0.0243	0.0243	0.0000	0.0702	0.0702	0.0000	0.8147	0.6921	0.1226	0.0659	0.0614	0.0045	0.7488	0.6307	0.1181	1.2765	0.7368	0.5397	0.1732	0.1488	0.0244	1.1033	0.5880	0.5153	16.5783	11.2644	0.0000	108.0256	99.6389	0.0000	0.0000	0.0000	0.0000	0.0740	0.1283	0.0000	0.1405	0.1635	0.0000	0.0636	0.1194	0.0000			
2	15	0.5073	5	0	0	2	1	0	0	0	0	N	N	Y	N	N	N	N	N	N	N	N	N	0.0007	0.0117	0.0000	0.0182	0.0251	0.0000	0.0000	0.0000	0.0000	0.0018	0.0021	0.0000	0.0066	0.0070	0.0000	0.0000	0.0000	0.0000	2.6678	0.1777	12.5231	0.3629	0.2791	0.8551	5.1382	0.0028	15.7399	0.0000	20.4931	-0.0004	1.5916	8.0000	10.3367	25.9398	13.9008	0.0009	0.0009	0.0000	0.0009	0.0009	0.0000	0.0000	0.0000	0.0000	3.2147	0.1496	3.0651	0.2262	0.1487	0.0775	2.9885	0.0009	2.9876	0.5036	0.4414	0.0622	0.1393	0.1312	0.0081	0.3643	0.3102	0.0541	1.2050	0.8416	0.3634	0.6234	0.5327	0.0907	0.5816	0.3089	0.2727	0.0007	0.0117	0.0000	0.0182	0.0251	0.0000	0.0000	0.0000	0.0000	2.6678	0.1777	8.4350	0.3629	0.2791	0.8551	5.1382	0.0028	10.9551
2	16	0.1855	3	0	0	2	1	0	0	0	0	N	N	Y	N	N	N	N	N	N	N	N	N	1.4031	0.0000	8.9433	0.0000	0.0000	0.0000	1.2188	0.0000	8.8006	1.7034	0.0000	11.0059	0.0000	0.0000	0.0000	1.7352	0.0000	11.0330	1.2140	1.2021	1.2306	0.0104	0.0015	0.1536	1.4237	1.5801	1.2537	inf	0.7318	0.5589	-0.0620	8.0000	12.0000	25.9398	18.8883	1.0000	0.0000	1.0000	0.0000	0.0000	0.0000	1.0000	0.0000	1.0000	1.7316	0.9999	0.7317	0.0022	0.0003	0.0019	1.7294	0.9996	0.7298	0.5871	0.4962	0.0909	0.0108	0.0106	0.0002	0.5763	0.4857	0.0906	1.4263	0.8317	0.5946	0.2116	0.1991	0.0124	1.2147	0.6326	0.5821	1.4031	0.0000	8.9433	0.0000	0.0000	0.0000	1.2188	0.0000	8.8006	1.2140	1.2021	1.2306	0.0104	0.0015	0.1536	1.4237	1.5801	1.2537
2	17	0.6686	6	1	1	1	1	0	0	0	0	N	N	N	N	N	N	N	N	N	N	N	N	0.0000	0.0000	0.0000	0.0000	0.0000	0.0000	0.0000	0.0000	0.0000	0.0000	0.0000	0.0000	0.0000	2.0955	3.0201	0.0000	3.5208	4.2966	0.0000	0.0000	0.0000	0.0000	0.0000	0.0000	-0.4584	8.0000	3.5868	25.9398	9.0275	0.0000	0.0000	0.0000	0.0000	0.0000	0.0000	0.0000	0.0000	0.0000	1.0000	1.0000	0.0000	1.0000	1.0000	0.0000	0.0000	0.0000	0.0000	0.2791	0.2485	0.0307	0.1126	0.1080	0.0046	0.1665	0.1405	0.0260	0.4772	0.3311	0.1461	0.2840	0.2327	0.0513	0.1932	0.0984	0.0948	0.0000	0.0000	0.0000	0.0000	0.0000	0.0000	0.0000	0.0000	0.0000	2.0955	3.0201	0.0000	3.5208	4.2966	0.0000	0.0000	0.0000	0.0000						
2	18	0.2382	3	1	1	1	1	0	0	0	0	N	N	N	N	N	N	N	N	N	N	N	N	0.0000	0.0000	0.0000	0.0000	0.0000	0.0000	0.0000	0.0000	0.0000	0.0000	0.0000	0.0000	0.0000	0.0000	0.0000	0.2877	0.4755	0.0000	1.2289	1.4738	0.0000	0.0008	0.0015	0.0000	0.0000	0.0000	-0.1265	8.0000	3.9981	25.9398	16.5900	0.0000	0.0000	0.0000	0.0000	0.0000	0.0000	0.0000	0.0000	0.0000	0.2760	0.2760	0.0000	0.2754	0.2754	0.0000	0.0006	0.0006	0.0000	0.1983	0.1680	0.0303	0.0090	0.0084	0.0007	0.1892	0.1596	0.0296	0.9595	0.5804	0.3791	0.2241	0.1869	0.0372	0.7354	0.3935	0.3419	0.0000	0.0000	0.0000	0.0000	0.0000	0.0000	0.0000	0.0000	0.0000	0.2877	0.4755	0.0000	1.2289	1.4738	0.0000	0.0008	0.0015	0.0000				
2	19	0.6243	7	0	0	2	2	0	0	0	0	N	N	Y	Y	N	N	N	N	N	N	N	N	0.0000	0.0000	0.0000	0.0000	0.0000	0.0000	0.0000	0.0000	0.0000	0.0000	0.0000	0.0000	0.0000	0.0000	0.0000	0.0000	0.0000	0.0000	0.0000	0.0000	8.0000	0.0000	25.9398	2.0009	0.0000	0.0000	0.0000	0.0000	0.0000	0.0000	0.0000	0.0000	0.0000	0.0000	0.0000	0.0000	0.0000	0.0000	0.0000	0.0000	0.0000	0.0000	0.0004	0.0003	0.0001	0.0002	0.0002	0.0000	0.0002	0.0001	0.0001	0.0739	0.0495	0.0244	0.0356	0.0298	0.0058	0.0383	0.0197	0.0186	0.0000	0.0000	0.0000	0.0000	0.0000	0.0000	0.0000	0.0000	0.0000	0.0000	0.0000	0.0000	0.0000	0.0000	0.0000	0.0000	0.0000	0.0000											
2	20	0.6386	8	0	0	2	2	0	0	0	0	N	N	Y	Y	N	N	N	N	N	N	N	N	0.8226	0.9094	0.0000	0.8018	0.7472	0.0000	1.1636	inf	0.0000	5.8683	6.8363	0.0000	13.4774	14.6698	0.0000	3.7507	4.4565	0.0000	7.1334	7.5174	4.9278	16.8098	19.6329	0.0006	3.2234	0.0000	6.5967	0.0000	0.4000	-1.7644	-1.2085	8.0000	14.9999	25.9398	23.4905	4.0000	4.0000	0.0000	2.0000	2.0000	0.0000	2.0000	2.0000	0.0000	6.9997	4.9998	1.9999	4.9999	4.9998	0.0001	1.9999	0.0000	1.9999	0.6816	0.5851	0.0965	0.1484	0.1363	0.0121	0.5332	0.4488	0.0845	1.2139	0.8081	0.4058	0.5935	0.4908	0.1027	0.6204	0.3173	0.3032	1.0177	1.1049	0.0000	1.5997	1.4400	0.0000	1.1636	inf	0.0000	5.7663	6.1875	4.9278	8.4249	10.1875	0.0006	3.2234	0.0000	6.5967
2	21	0.2382	3	0	1	1	1	0	0	0	0	N	N	N	N	N	N	N	N	N	N	N	N	0.0000	0.0000	0.0000	0.0000	0.0000	0.0000	0.0000	0.0000	0.0000	0.0000	0.0000	0.0000	0.0000	0.0000	0.0000	2.1298	3.5921	0.0000	0.8490	1.0286	0.0000	2.4722	4.6573	0.0000	0.0000	0.0000	-1.5016	8.0000	4.9981	25.9398	32.5905	0.0000	0.0000	0.0000	0.0000	0.0000	0.0000	0.0000	0.0000	0.0000	3.2760	3.2760	0.0000	0.2754	0.2754	0.0000	3.0006	3.0006	0.0000	0.2467	0.2091	0.0376	0.0112	0.0104	0.0008	0.2355	0.1987	0.0368	1.5381	0.9120	0.6261	0.3244	0.2677	0.0567	1.2138	0.6443	0.5695	0.0000	0.0000	0.0000	0.0000	0.0000	0.0000	0.0000	0.0000	0.0000	2.1298	3.5921	0.0000	0.8490	1.0286	0.0000	2.4722	4.6573	0.0000				
2	22	0.6686	6	0	1	1	1	0	0	0	0	N	N	N	N	N	N	N	N	N	N	N	N	0.4402	0.0000	3.0041	0.0000	0.0000	0.0000	0.3700	0.0000	2.3396	1.6207	0.0000	13.0098	0.0000	0.0000	0.0000	2.3450	0.0000	15.2716	3.6821	3.3887	4.3307	1.7147	2.0972	0.0005	6.3376	6.1586	6.5274	inf	0.5780	0.5589	-0.2515	8.0000	12.5677	25.9398	9.8718	1.0000	0.0000	1.0000	0.0000	0.0000	0.0000	1.0000	0.0000	1.0000	2.7305	1.7304	1.0001	0.7304	0.7304	0.0000	2.0001	1.0000	1.0001	0.6170	0.5401	0.0769	0.1906	0.1792	0.0114	0.4264	0.3610	0.0655	0.7416	0.5106	0.2309	0.4260	0.3482	0.0777	0.3156	0.1624	0.1532	0.4402	0.0000	3.0041	0.0000	0.0000	0.0000	0.3700	0.0000	2.3396	3.6821	3.3887	4.3307	1.7147	2.0972	0.0005	6.3376	6.1586	6.5274
2	23	0.2858	6	0	0	1	2	0	0	0	0	N	N	N	Y	N	N	N	N	N	N	N	N	0.0000	0.0000	0.0000	0.0000	0.0000	0.0000	0.0000	0.0000	0.0000	0.0000	0.0000	0.0000	0.0000	0.0000	0.0000	0.0000	0.0000	0.0000	0.0000	0.0000	8.0000	0.9981	25.9398	0.0014	0.0000	0.0000	0.0000	0.0000	0.0000	0.0000	0.0000	0.0000	0.0000	0.0000	0.0000	0.0000	0.0000	0.0000	0.0000	0.0000	0.0000	0.0000	0.0499	0.0424	0.0075	0.0042	0.0039	0.0003	0.0457	0.0385	0.0072	0.0401	0.0226	0.0174	0.0061	0.0054	0.0007	0.0340	0.0173	0.0167	0.0000	0.0000	0.0000	0.0000	0.0000	0.0000	0.0000	0.0000	0.0000	0.0000	0.0000	0.0000	0.0000	0.0000	0.0000	0.0000	0.0000	0.0000											
2	24	0.2379	3	0	1	1	2	0	0	0	0	N	N	N	Y	N	N	N	N	N	N	N	N	0.0001	0.0000	0.0001	0.0000	0.0000	0.0000	0.0001	0.0000	0.0005	0.0003	0.0000	0.0019	0.0000	0.0000	0.0000	0.0003	0.0000	0.0020	3.4922	0.0076	14.4403	9.9939	0.0154	101.4455	1.9155	0.0004	3.7162	inf	746.6737	0.0000	1.5835	8.0000	0.6341	25.9398	12.6218	0.0000	0.0000	0.0000	0.0000	0.0000	0.0000	0.0000	0.0000	0.0000	2.9309	0.0039	2.9269	1.8668	0.0038	1.8630	1.0641	0.0001	1.0640	0.0392	0.0341	0.0051	0.0044	0.0043	0.0001	0.0348	0.0297	0.0051	0.8393	0.5166	0.3226	0.2838	0.2474	0.0363	0.5555	0.2692	0.2863	0.0001	0.0000	0.0002	0.0000	0.0000	0.0000	0.0001	0.0000	0.0005	3.4922	0.0076	9.0724	6.5787	0.0154	51.3016	1.9155	0.0004	3.7162
2	25	0.6083	5	0	1	1	1	0	0	0	0	N	N	N	N	N	N	N	N	N	N	N	N	0.0000	0.0000	0.0000	0.0000	0.0000	0.0000	0.0000	0.0000	0.0000	0.0000	0.0000	0.0001	0.0001	0.0000	0.0000	0.0000	0.0000	1.1961	1.3486	0.8589	1.6998	2.0224	0.0975	0.5766	0.0000	1.1801	0.0000	0.2882	-0.0000	-0.2889	8.0000	10.0221	25.9398	10.6811	0.0000	0.0000	0.0000	0.0000	0.0000	0.0000	0.0000	0.0000	0.0000	1.2315	0.9559	0.2755	0.9652	0.9559	0.0093	0.2663	0.0000	0.2663	0.6328	0.5572	0.0757	0.1897	0.1801	0.0096	0.4432	0.3771	0.0661	1.0296	0.7088	0.3208	0.5678	0.4727	0.0952	0.4618	0.2362	0.2256	0.0000	0.0000	0.0000	0.0000	0.0000	0.0000	0.0000	0.0000	0.0000	1.1961	1.3486	0.8589	1.6998	2.0224	0.0975	0.5766	0.0000	1.1801	
2	26	0.2723	5	0	1	1	1	0	0	0	0	N	N	N	N	N	N	N	N	N	N	N	N	0.0000	0.0000	0.0000	0.0000	0.0000	0.0000	0.0000	0.0000	0.0000	0.0000	0.0000	0.0000	0.0000	0.0000	0.0000	0.0000	0.0000	0.0000	0.0218	0.0360	0.0001	0.0873	0.1005	0.0007	0.0001	0.0001	0.0001	0.0020	0.0000	-0.0046	8.0000	3.9997	25.9398	5.4032	0.0000	0.0000	0.0000	0.0000	0.0000	0.0000	0.0000	0.0000	0.0000	0.0101	0.0101	0.0000	0.0101	0.0101	0.0000	0.0000	0.0000	0.0000	0.1969	0.1669	0.0299	0.0111	0.0103	0.0008	0.1858	0.1567	0.0291	0.4653	0.2812	0.1841	0.1160	0.1006	0.0154	0.3493	0.1806	0.1687	0.0000	0.0000	0.0000	0.0000	0.0000	0.0000	0.0000	0.0000	0.0000	0.0218	0.0360	0.0001	0.0873	0.1005	0.0007	0.0001	0.0001	0.0001	
2	27	0.6386	8	0	1	1	2	0	0	0	0	N	N	N	Y	N	N	N	N	N	N	N	N	0.0000	0.0000	0.0000	0.0000	0.0000	0.0000	0.0000	0.0000	0.0000	0.0000	0.0000	0.0000	0.0000	0.0000	0.0000	0.0000	0.0000	0.0008	0.0005	0.0015	0.0008	0.0007	0.0010	0.0008	0.0000	0.0016	1.5455	0.0000	0.0001	8.0000	4.9655	25.9398	10.6561	0.0000	0.0000	0.0000	0.0000	0.0000	0.0000	0.0000	0.0000	0.0000	0.0005	0.0002	0.0003	0.0002	0.0002	0.0001	0.0002	0.0000	0.0002	0.2397	0.2051	0.0346	0.0538	0.0496	0.0043	0.1859	0.1555	0.0304	0.5772	0.3890	0.1882	0.2905	0.2427	0.0478	0.2867	0.1463	0.1404	0.0000	0.0000	0.0000	0.0000	0.0000	0.0000	0.0000	0.0000	0.0000	0.0008	0.0005	0.0015	0.0008	0.0007	0.0010	0.0008	0.0000	0.0016		
2	28	0.2908	7	0	1	1	2	0	0	0	0	N	N	N	Y	N	N	N	N	N	N	N	N	0.0000	0.0000	0.0000	0.0000	0.0000	0.0000	0.0000	0.0000	0.0000	0.0000	0.0000	0.0000	0.0000	0.0000	0.0000	0.0000	0.0000	0.0000	0.0000	0.0000	8.0000	0.0000	25.9398	0.0000	0.0000	0.0000	0.0000	0.0000	0.0000	0.0000	0.0000	0.0000	0.0000	0.0000	0.0000	0.0000	0.0000	0.0000	0.0000	0.0000	0.0000	0.0000	0.0000	0.0000	0.0000	0.0000	0.0000	0.0000	0.0000	0.0000	0.0000	0.0000	0.0000	0.0000	0.0000	0.0000	0.0000	0.0000	0.0000	0.0000	0.0000	0.0000	0.0000	0.0000	0.0000	0.0000	0.0000	0.0000	0.0000	0.0000	0.0000	0.0000	0.0000	0.0000	0.0000	0.0000	0.0000	0.0000											
2	29	0.2582	2	1	1	1	1	0	0	0	0	N	N	N	N	N	N	N	N	N	N	N	N	0.0023	0.0169	0.0005	0.0112	0.0109	0.0000	0.0015	3078.2164	0.0005	0.0024	0.0025	0.0015	0.0031	0.0033	0.0000	0.0022	0.0023	0.0016	1.0314	0.1502	3.0586	0.2779	0.3004	0.0788	1.5088	0.0000	3.5045	0.1071	8.8546	-0.0002	0.4820	8.0000	3.9885	25.9398	8.5018	0.0006	0.0006	0.0001	0.0002	0.0001	0.0000	0.0005	0.0004	0.0001	1.0952	0.1111	0.9840	0.1144	0.1111	0.0033	0.9807	0.0000	0.9807	0.2606	0.2212	0.0394	0.0481	0.0460	0.0021	0.2125	0.1752	0.0372	1.0618	0.7401	0.3217	0.4118	0.3699	0.0419	0.6500	0.3702	0.2798	0.0023	0.0169	0.0005	0.0112	0.0109	0.0000	0.0015	3078.2164	0.0005	1.0314	0.1502	3.0586	0.2779	0.3004	0.0788	1.5088	0.0000	3.5045
2	30	0.2491	4	0	1	1	1	0	0	0	0	N	N	N	N	N	N	N	N	N	N	N	N	0.0011	0.0924	0.0000	0.0000	0.0000	0.0000	0.0011	21414.4277	0.0000	0.0037	0.0041	0.0000	0.0000	0.0000	0.0000	0.0059	0.0071	0.0000	3.3922	0.0448	22.2894	0.0938	0.0840	0.2950	5.5144	0.0000	18.6521	0.0000	107.2534	-0.0003	1.0060	8.0000	0.9701	25.9398	4.0208	0.0006	0.0006	0.0000	0.0000	0.0000	0.0000	0.0006	0.0006	0.0000	1.8896	0.0175	1.8722	0.0205	0.0175	0.0030	1.8692	0.0000	1.8692	0.1556	0.1376	0.0179	0.0584	0.0576	0.0009	0.0971	0.0801	0.0171	0.5570	0.3893	0.1677	0.2181	0.2079	0.0102	0.3390	0.1814	0.1576	0.0011	0.0924	0.0000	0.0000	0.0000	0.0000	0.0011	21414.4277	0.0000	3.3922	0.0448	11.1624	0.0938	0.0840	0.2950	5.5144	0.0000	11.8639
2	31	0.2237	2	0	0	1	2	0	0	0	0	N	N	N	Y	N	N	N	N	N	N	N	N	0.0068	0.0018	0.0183	0.0000	0.0000	0.0000	0.0051	0.0019	0.0167	0.0068	0.0002	0.0425	0.0000	0.0000	0.0000	0.0070	0.0002	0.0430	0.9982	0.1307	2.3199	0.1322	0.1368	0.1028	1.3593	0.1263	2.5672	32.6000	11.6482	0.0009	0.5322	8.0000	5.0045	25.9398	16.6627	0.0017	0.0000	0.0016	0.0000	0.0000	0.0000	0.0017	0.0000	0.0016	1.1505	0.0910	1.0595	0.0448	0.0401	0.0047	1.1056	0.0508	1.0548	0.2468	0.2085	0.0383	0.0056	0.0052	0.0004	0.2412	0.2032	0.0379	1.1525	0.6958	0.4567	0.3392	0.2933	0.0458	0.8134	0.4025	0.4109	0.0068	0.0018	0.0183	0.0000	0.0000	0.0000	0.0051	0.0019	0.0167	0.9982	0.1307	2.3199	0.1322	0.1368	0.1028	1.3593	0.1263	2.5672
2	32	0.7660	8	1	0	2	1	0	0	0	0	N	N	Y	N	N	N	N	N	N	N	N	N	0.0000	0.0000	0.0000	0.0000	0.0000	0.0000	0.0000	0.0000	0.0000	0.0000	0.0000	0.0000	0.0000	0.0082	0.0120	0.0000	0.0143	0.0173	0.0000	0.0000	0.0000	0.0000	0.0000	0.0000	-0.0002	8.0000	1.4893	25.9398	0.0050	0.0000	0.0000	0.0000	0.0000	0.0000	0.0000	0.0000	0.0000	0.0000	0.0004	0.0004	0.0000	0.0004	0.0004	0.0000	0.0000	0.0000	0.0000	0.0629	0.0538	0.0091	0.0140	0.0131	0.0009	0.0489	0.0407	0.0082	0.0509	0.0351	0.0159	0.0295	0.0242	0.0052	0.0215	0.0108	0.0106	0.0000	0.0000	0.0000	0.0000	0.0000	0.0000	0.0000	0.0000	0.0000	0.0082	0.0120	0.0000	0.0143	0.0173	0.0000	0.0000	0.0000	0.0000						
2	33	0.2492	4	1	0	2	1	0	0	0	0	N	N	Y	N	N	N	N	N	N	N	N	N	0.0000	0.0000	0.0000	0.0000	0.0000	0.0000	0.0000	0.0000	0.0000	0.0000	0.0000	0.0000	0.0000	0.0000	0.0000	0.0000	0.0000	0.0079	0.0127	0.0001	0.0392	0.0421	0.0000	0.0000	0.0000	0.0001	0.0041	0.0000	-0.0011	8.0000	0.9855	25.9398	5.0251	0.0000	0.0000	0.0000	0.0000	0.0000	0.0000	0.0000	0.0000	0.0000	0.0024	0.0024	0.0000	0.0024	0.0024	0.0000	0.0000	0.0000	0.0000	0.0529	0.0450	0.0079	0.0040	0.0038	0.0002	0.0489	0.0412	0.0077	0.3090	0.1913	0.1177	0.0619	0.0577	0.0042	0.2471	0.1336	0.1135	0.0000	0.0000	0.0000	0.0000	0.0000	0.0000	0.0000	0.0000	0.0000	0.0079	0.0127	0.0001	0.0392	0.0421	0.0000	0.0000	0.0000	0.0001		
2	34	0.2220	4	0	1	1	1	0	0	0	0	N	N	N	N	N	N	N	N	N	N	N	N	0.0000	0.0000	0.0000	0.0000	0.0000	0.0000	0.0000	0.0000	0.0000	0.0000	0.0000	0.0000	0.0000	0.0000	0.0000	0.0000	0.0000	8.0081	0.0069	37.3417	0.0193	0.0217	0.0013	7.9584	0.0000	34.9554	1492.4925	0.0000	1.0826	8.0000	2.0026	25.9398	4.0175	0.0000	0.0000	0.0000	0.0000	0.0000	0.0000	0.0000	0.0000	0.0000	2.0013	0.0013	1.9999	0.0013	0.0013	0.0000	1.9999	0.0000	1.9999	0.1307	0.1092	0.0215	0.0219	0.0213	0.0006	0.1088	0.0880	0.0208	0.3211	0.1951	0.1260	0.0698	0.0619	0.0079	0.2513	0.1333	0.1180	0.0000	0.0000	0.0000	0.0000	0.0000	0.0000	0.0000	0.0000	0.0000	6.2327	0.0069	15.8781	0.0193	0.0217	0.0013	7.9584	0.0000	16.9425		
2	35	0.2220	3	0	0	1	1	0	0	0	0	N	N	N	N	N	N	N	N	N	N	N	N	0.0000	0.0000	0.0000	0.0000	0.0000	0.0000	0.0000	0.0000	0.0000	0.0000	0.0000	0.0000	0.0000	0.0000	0.0000	0.0000	0.0000	0.0000	1.1171	1.4854	0.4265	2.1074	1.8967	4.0747	0.6351	1.1441	0.0611	0.1531	0.0000	-0.0570	8.0000	0.4148	25.9398	1.5497	0.0000	0.0000	0.0000	0.0000	0.0000	0.0000	0.0000	0.0000	0.0000	0.1750	0.1517	0.0232	0.1081	0.0879	0.0202	0.0669	0.0639	0.0030	0.0511	0.0416	0.0094	0.0165	0.0163	0.0001	0.0346	0.0253	0.0093	0.1566	0.1022	0.0545	0.0513	0.0463	0.0050	0.1053	0.0558	0.0495	0.0000	0.0000	0.0000	0.0000	0.0000	0.0000	0.0000	0.0000	0.0000	1.1171	1.4854	0.4265	2.1074	1.8967	4.0747	0.6351	1.1441	0.0611	
2	37	0.2382	3	1	1	1	1	0	0	0	0	N	N	N	N	N	N	N	N	N	N	N	N	0.0000	0.0000	0.0000	0.0000	0.0000	0.0000	0.0000	0.0000	0.0000	0.0000	0.0000	0.0000	0.0000	0.0000	0.0000	1.1978	2.0132	0.0000	3.3516	4.0528	0.0000	0.6076	1.1434	0.0000	0.0000	0.0000	-0.7627	8.0000	6.9981	25.9398	25.9787	0.0000	0.0000	0.0000	0.0000	0.0000	0.0000	0.0000	0.0000	0.0000	1.6640	1.6640	0.0000	1.0015	1.0015	0.0000	0.6625	0.6625	0.0000	0.3423	0.2902	0.0521	0.0156	0.0144	0.0012	0.3267	0.2758	0.0509	1.3892	0.8265	0.5627	0.2988	0.2471	0.0517	1.0904	0.5794	0.5110	0.0000	0.0000	0.0000	0.0000	0.0000	0.0000	0.0000	0.0000	0.0000	1.1978	2.0132	0.0000	3.3516	4.0528	0.0000	0.6076	1.1434	0.0000				
2	38	0.2220	3	0	1	1	1	0	0	0	0	N	N	N	N	N	N	N	N	N	N	N	N	0.0000	0.0000	0.0000	0.0000	0.0000	0.0000	0.0000	0.0000	0.0000	0.0000	0.0000	0.0000	0.0000	0.0000	0.0000	0.0000	0.0000	0.0000	2.9768	2.5699	3.5531	17.1041	0.0159	167.1234	1.9212	3.3800	0.2685	0.9762	0.0000	0.0704	8.0000	4.7553	25.9398	10.1994	0.0000	0.0000	0.0000	0.0000	0.0000	0.0000	0.0000	0.0000	0.0000	1.9789	1.0014	0.9775	0.9089	0.0015	0.9074	1.0700	0.9999	0.0701	0.2659	0.2241	0.0418	0.0309	0.0295	0.0015	0.2350	0.1946	0.0404	0.6648	0.3897	0.2751	0.1078	0.0938	0.0140	0.5570	0.2958	0.2611	0.0000	0.0000	0.0000	0.0000	0.0000	0.0000	0.0000	0.0000	0.0000	2.9768	2.5699	3.5531	8.4305	0.0159	64.9279	1.9212	3.3800	0.2685	
2	40	0.2382	3	0	1	1	1	0	0	0	0	N	N	N	N	N	N	N	N	N	N	N	N	1.3558	1.5299	0.0000	0.0000	0.0000	1.1081	1.1190	0.0000	2.9202	3.4441	0.0000	0.0000	0.0000	0.0000	3.0593	3.6241	0.0000	2.1539	2.2511	2.0094	0.0054	0.0065	0.0000	2.7609	3.2388	2.2170	0.0000	0.6010	-0.4411	-0.2211	8.0000	7.0019	25.9398	21.4344	1.0000	1.0000	0.0000	0.0000	0.0000	0.0000	1.0000	1.0000	0.0000	2.6640	1.6640	1.0000	0.0015	0.0015	0.0000	2.6625	1.6625	1.0000	0.3424	0.2904	0.0521	0.0156	0.0144	0.0012	0.3269	0.2759	0.0509	1.2368	0.7392	0.4977	0.2725	0.2259	0.0466	0.9644	0.5133	0.4511	1.3558	1.5299	0.0000	0.0000	0.0000	0.0000	1.1081	1.1190	0.0000	2.1539	2.2511	2.0094	0.0054	0.0065	0.0000	2.7609	3.2388	2.2170	
2	41	0.6686	6	0	1	1	1	0	0	0	0	N	N	N	N	N	N	N	N	N	N	N	N	0.0000	0.0000	0.0000	0.0000	0.0000	0.0000	0.0000	0.0000	0.0000	0.0000	0.0000	0.0000	0.0000	0.0000	0.0000	0.0000	0.0000	0.4197	0.0023	1.3492	0.0029	0.0034	0.0006	0.9971	0.0000	2.0470	261.8897	0.0000	0.1456	8.0000	8.1446	25.9398	10.2519	0.0000	0.0000	0.0000	0.0000	0.0000	0.0000	0.0000	0.0000	0.0000	0.2708	0.0010	0.2697	0.0011	0.0010	0.0000	0.2697	0.0000	0.2697	0.4602	0.4046	0.0556	0.1545	0.1462	0.0083	0.3057	0.2584	0.0473	0.6452	0.4452	0.1999	0.3747	0.3065	0.0682	0.2705	0.1387	0.1318	0.0000	0.0000	0.0000	0.0000	0.0000	0.0000	0.0000	0.0000	0.0000	0.4197	0.0023	1.3492	0.0029	0.0034	0.0006	0.9971	0.0000	2.0470		
2	42	0.2382	3	0	1	1	1	0	0	0	0	N	N	N	N	N	N	N	N	N	N	N	N	0.0000	0.0000	0.0000	0.0000	0.0000	0.0000	0.0000	0.0000	0.0000	0.0000	0.0000	0.0000	0.0000	0.0000	0.0000	0.0000	0.0000	2.6826	2.4686	3.0163	1.3461	1.6093	0.0000	3.1074	2.8940	3.3549	0.7837	0.0000	-0.0432	8.0000	5.9981	25.9398	11.5875	0.0000	0.0000	0.0000	0.0000	0.0000	0.0000	0.0000	0.0000	0.0000	2.2760	1.2760	1.0000	0.2754	0.2754	0.0000	2.0006	1.0006	1.0000	0.2947	0.2498	0.0449	0.0134	0.0124	0.0010	0.2813	0.2374	0.0439	0.8484	0.5169	0.3315	0.2046	0.1711	0.0335	0.6438	0.3458	0.2981	0.0000	0.0000	0.0000	0.0000	0.0000	0.0000	0.0000	0.0000	0.0000	2.6826	2.4686	3.0163	1.3461	1.6093	0.0000	3.1074	2.8940	3.3549		
2	43	0.3219	3	0	1	2	2	0	0	0	0	N	N	Y	Y	N	N	N	N	N	N	N	N	0.0004	0.0000	0.2957	0.0000	0.0000	0.0000	0.0879	0.0000	0.2710	0.0014	0.0000	0.0093	0.0000	0.0000	0.0000	0.0015	0.0000	0.0097	3.4664	4.8786	0.0316	13.3927	12.6207	0.0097	0.0176	0.0037	0.0356	inf	0.0025	0.0000	-0.3822	8.0000	1.0007	25.9398	2.4334	0.0001	0.0000	0.0001	0.0000	0.0000	0.0000	0.0001	0.0000	0.0001	0.8384	0.8363	0.0021	0.8362	0.8360	0.0001	0.0023	0.0003	0.0020	0.0491	0.0416	0.0075	0.0038	0.0036	0.0002	0.0452	0.0380	0.0072	0.2419	0.1755	0.0664	0.1130	0.1027	0.0103	0.1289	0.0728	0.0561	0.0004	0.0000	0.2957	0.0000	0.0000	0.0000	0.0879	0.0000	0.2710	3.4664	4.7663	0.0316	7.4010	8.1437	0.0097	0.0176	0.0037	0.0356
2	44	0.2847	2	0	0	1	2	0	0	0	0	N	N	N	Y	N	N	N	N	N	N	N	N	7.3590	0.0064	18.4137	0.0210	0.0206	0.0369	5.1995	0.0675	15.6370	18.2547	0.0035	121.1714	0.0189	0.0180	0.0389	20.4356	0.0015	125.0747	2.4806	0.5409	6.5805	0.9016	0.8756	1.0545	3.9303	0.0218	7.9986	6212.5831	5.8173	0.5571	1.0880	8.0000	1.0391	25.9398	15.0482	0.9970	0.0002	0.9969	0.0001	0.0001	0.0000	0.9969	0.0001	0.9969	2.7547	0.4041	2.3506	0.4793	0.3977	0.0816	2.2754	0.0064	2.2690	0.0546	0.0464	0.0082	0.0058	0.0056	0.0003	0.0488	0.0408	0.0080	1.1105	0.7470	0.3635	0.5316	0.4542	0.0773	0.5789	0.2928	0.2862	7.3590	0.0064	18.7380	0.0210	0.0206	0.0369	5.1995	0.0675	15.7734	2.4806	0.5409	6.4666	0.9016	0.8756	1.0545	3.9303	0.0218	7.9295
2	46	0.6456	9	1	1	1	1	0	0	0	0	N	N	N	N	N	N	N	N	N	N	N	N	0.0000	0.0000	0.0000	0.0000	0.0000	0.0000	0.0000	0.0000	0.0000	0.0000	0.0000	0.0000	0.0000	0.0000	0.0000	0.0000	0.0000	0.0000	0.0000	0.0000	8.0000	2.0120	25.9398	1.9924	0.0000	0.0000	0.0000	0.0000	0.0000	0.0000	0.0000	0.0000	0.0000	0.0000	0.0000	0.0000	0.0000	0.0000	0.0000	0.0000	0.0000	0.0000	0.0977	0.0840	0.0136	0.0241	0.0222	0.0020	0.0735	0.0618	0.0117	0.1339	0.0888	0.0451	0.0649	0.0538	0.0111	0.0690	0.0350	0.0340	0.0000	0.0000	0.0000	0.0000	0.0000	0.0000	0.0000	0.0000	0.0000	0.0000	0.0000	0.0000	0.0000	0.0000	0.0000	0.0000	0.0000	0.0000											
2	47	0.2688	7	1	1	1	1	0	0	0	0	N	N	N	N	N	N	N	N	N	N	N	N	0.0000	0.0000	0.0000	0.0000	0.0000	0.0000	0.0000	0.0000	0.0000	0.0000	0.0000	0.0000	0.0000	0.0000	0.0000	0.0000	0.0000	0.0000	0.0000	0.0000	8.0000	0.0002	25.9398	4.0036	0.0000	0.0000	0.0000	0.0000	0.0000	0.0000	0.0000	0.0000	0.0000	0.0000	0.0000	0.0000	0.0000	0.0000	0.0000	0.0000	0.0000	0.0000	0.0000	0.0000	0.0000	0.0000	0.0000	0.0000	0.0000	0.0000	0.0000	0.1649	0.0926	0.0722	0.0219	0.0193	0.0026	0.1429	0.0733	0.0696	0.0000	0.0000	0.0000	0.0000	0.0000	0.0000	0.0000	0.0000	0.0000	0.0000	0.0000	0.0000	0.0000	0.0000	0.0000	0.0000	0.0000	0.0000											
2	50	0.2538	2	0	0	2	1	0	0	0	0	N	N	Y	N	N	N	N	N	N	N	N	N	0.4428	0.0316	1.8308	0.2463	0.5177	0.0007	0.4476	0.0000	2.2596	0.7016	0.0310	4.7518	0.3660	0.3824	0.0043	0.7279	0.0000	4.8596	1.5846	0.9801	2.5954	1.4860	0.7386	6.3196	1.6264	1.1498	2.1506	25.4167	1.5834	0.5413	0.7712	8.0000	31.2093	25.9398	46.3939	1.0390	0.0393	0.9996	0.0393	0.0393	0.0000	0.9996	0.0000	0.9996	4.9901	1.9316	3.0585	1.3951	0.6006	0.7945	3.5950	1.3311	2.2640	1.4808	1.2704	0.2104	0.1075	0.1029	0.0047	1.3732	1.1675	0.2057	3.1492	1.9708	1.1784	0.9388	0.8131	0.1257	2.2104	1.1577	1.0527	0.4428	0.0316	1.8308	0.2463	0.5177	0.0007	0.4476	0.0000	2.2596	1.5846	0.9801	2.5954	1.4860	0.7386	6.3196	1.6264	1.1498	2.1506
2	51	0.2011	2	0	1	1	1	0	0	0	0	N	N	N	N	N	N	N	N	N	N	N	N	6.8841	1140.5331	8.1821	0.0090	0.4148	0.0000	5.4767	inf	8.5054	9.6371	5.6923	31.5283	0.0044	0.0046	0.0000	9.9636	5.9109	31.8216	1.3999	0.0050	3.8533	0.4908	0.0111	5.1078	1.8193	0.0000	3.7413	0.9981	438.9745	0.1166	0.9872	8.0000	4.1516	25.9398	14.5664	1.9967	0.9993	0.9974	0.0000	0.0000	0.0000	1.9967	0.9993	0.9974	1.8303	0.0042	1.8261	0.2025	0.0042	0.1984	1.6278	0.0000	1.6278	0.2072	0.1756	0.0316	0.0068	0.0065	0.0003	0.2004	0.1691	0.0313	1.3074	0.8335	0.4739	0.4127	0.3739	0.0388	0.8947	0.4597	0.4351	6.8841	1140.5331	8.1821	0.0090	0.4148	0.0000	5.4767	inf	8.5054	1.3999	0.0050	3.8533	0.4908	0.0111	5.1078	1.8193	0.0000	3.7413
2	52	0.2816	4	1	0	2	1	0	0	0	0	N	N	Y	N	N	N	N	N	N	N	N	N	0.0000	0.0000	0.0000	0.0000	0.0000	0.0000	0.0000	0.0000	0.0000	0.0000	0.0000	0.0000	0.0000	0.0000	0.0000	0.0000	0.0000	0.0076	0.0057	0.0112	0.0012	0.0014	0.0000	0.0105	0.0088	0.0125	1.0607	0.0000	0.0000	8.0000	0.0028	25.9398	0.9232	0.0000	0.0000	0.0000	0.0000	0.0000	0.0000	0.0000	0.0000	0.0000	0.0004	0.0002	0.0002	0.0000	0.0000	0.0000	0.0004	0.0002	0.0002	0.0005	0.0005	0.0001	0.0002	0.0002	0.0000	0.0003	0.0003	0.0001	0.0535	0.0347	0.0188	0.0165	0.0145	0.0020	0.0370	0.0202	0.0169	0.0000	0.0000	0.0000	0.0000	0.0000	0.0000	0.0000	0.0000	0.0000	0.0076	0.0057	0.0112	0.0012	0.0014	0.0000	0.0105	0.0088	0.0125		
2	53	0.6609	8	0	1	1	1	0	0	0	0	N	N	N	N	N	N	N	N	N	N	N	N	0.0005	0.0008	0.0000	0.0000	0.0000	0.0000	0.0005	5.6011	0.0000	0.0008	0.0009	0.0000	0.0000	0.0000	0.0000	0.0010	0.0012	0.0000	1.5377	1.0523	2.5626	1.2657	1.5176	0.0456	1.8948	0.0002	3.6530	0.0000	1.1535	-0.0002	0.1605	8.0000	8.5400	25.9398	19.3759	0.0004	0.0004	0.0000	0.0000	0.0000	0.0000	0.0004	0.0004	0.0000	2.0771	0.9645	1.1126	0.9705	0.9645	0.0060	1.1066	0.0001	1.1066	0.4859	0.4222	0.0636	0.1186	0.1128	0.0058	0.3673	0.3095	0.0578	1.3508	0.9166	0.4341	0.7668	0.6355	0.1312	0.5840	0.2811	0.3029	0.0005	0.0008	0.0000	0.0000	0.0000	0.0000	0.0005	5.6011	0.0000	1.5377	1.0523	2.5626	1.2657	1.5176	0.0456	1.8948	0.0002	3.6530
2	54	0.5978	7	0	0	1	1	0	0	0	0	N	N	N	N	N	N	N	N	N	N	N	N	1.2136	28.3007	0.0000	0.0103	0.0092	0.0000	0.8018	198.5903	0.0000	1.8558	2.1250	0.0000	0.0010	0.0010	0.0000	2.4424	2.8855	0.0000	1.5292	0.0751	4.5856	0.0952	0.1103	0.0199	3.0461	0.0145	6.2394	0.0000	29.0546	-0.3642	1.2086	8.0000	7.3474	25.9398	24.2346	0.8255	0.8255	0.0000	0.0001	0.0001	0.0000	0.8254	0.8254	0.0000	2.3776	0.0791	2.2984	0.0761	0.0735	0.0027	2.3014	0.0056	2.2958	0.4448	0.3885	0.0564	0.1069	0.1024	0.0045	0.3380	0.2861	0.0519	1.5548	1.0536	0.5012	0.7993	0.6660	0.1333	0.7555	0.3876	0.3679	1.2136	28.3007	0.0000	0.0103	0.0092	0.0000	0.8018	198.5903	0.0000	1.5292	0.0751	4.5856	0.0952	0.1103	0.0199	3.0461	0.0145	6.2394
2	55	0.5680	6	0	0	1	1	0	0	0	0	N	N	N	N	N	N	N	N	N	N	N	N	2.2601	4.9431	0.0006	6.0062	5.3690	0.0000	1.1581	205.1528	0.0005	1.2172	1.3859	0.0007	2.2532	2.3268	0.0000	0.8339	0.9869	0.0007	0.5386	0.2804	1.1422	0.3751	0.4334	0.0293	0.7201	0.0048	1.5194	0.0001	1.7426	-0.1269	0.1248	8.0000	3.4216	25.9398	15.9376	0.2878	0.2878	0.0000	0.1439	0.1439	0.0000	0.1439	0.1439	0.0000	0.7050	0.2571	0.4480	0.2584	0.2555	0.0029	0.4466	0.0016	0.4451	0.2365	0.2077	0.0288	0.0639	0.0618	0.0020	0.1726	0.1458	0.0268	1.3091	0.9169	0.3922	0.6888	0.5896	0.0993	0.6203	0.3273	0.2929	2.2601	4.9431	0.0006	6.0062	5.3690	0.0000	1.1581	205.1528	0.0005	0.5386	0.2804	1.1422	0.3751	0.4334	0.0293	0.7201	0.0048	1.5194
2	56	0.2847	2	0	1	1	1	0	0	0	0	N	N	N	N	N	N	N	N	N	N	N	N	0.1798	0.9074	0.1549	4.5605	4.4879	0.2415	0.0434	0.0805	0.1296	0.1966	0.1518	0.4494	1.1829	1.2347	0.0408	0.0769	0.0015	0.4625	1.0936	0.1673	2.9006	0.2594	0.2751	0.1691	1.7743	0.0192	3.5693	0.5245	8.8874	-0.0010	0.6151	8.0000	0.9891	25.9398	20.6926	0.0103	0.0067	0.0035	0.0067	0.0067	0.0000	0.0036	0.0001	0.0035	1.3963	0.1412	1.2551	0.1488	0.1344	0.0144	1.2475	0.0068	1.2407	0.0522	0.0443	0.0079	0.0056	0.0054	0.0002	0.0465	0.0389	0.0076	1.2767	0.8440	0.4327	0.5736	0.4885	0.0851	0.7031	0.3555	0.3476	0.1798	0.9074	0.1549	4.5605	4.4879	0.2415	0.0434	0.0805	0.1296	1.0936	0.1673	2.9006	0.2594	0.2751	0.1691	1.7743	0.0192	3.5693
2	59	0.5484	6	0	1	1	2	0	0	0	0	N	N	N	Y	N	N	N	N	N	N	N	N	16.8893	17.7337	0.0000	0.0020	0.0018	0.0000	47.8954	4669.8669	0.0000	3.0257	3.4590	0.0000	0.0005	0.0005	0.0000	4.3080	5.1191	0.0000	0.1791	0.1951	0.1426	0.2499	0.2936	0.0384	0.0899	0.0011	0.1905	0.0000	0.3178	-0.8816	-0.0846	8.0000	10.4254	25.9398	21.2017	1.9985	1.9985	0.0000	0.0001	0.0001	0.0000	1.9984	1.9984	0.0000	0.3896	0.2956	0.0939	0.3030	0.2951	0.0080	0.0865	0.0006	0.0860	0.6605	0.5778	0.0827	0.1966	0.1874	0.0092	0.4639	0.3904	0.0735	2.1745	1.5156	0.6589	1.2126	1.0048	0.2078	0.9619	0.5108	0.4512	16.8893	17.7337	0.0000	0.0020	0.0018	0.0000	47.8954	4669.8669	0.0000	0.1791	0.1951	0.1426	0.2499	0.2936	0.0384	0.0899	0.0011	0.1905
2	60	0.2816	4	1	0	2	1	0	0	0	0	N	N	Y	N	N	N	N	N	N	N	N	N	0.0000	0.0000	0.0000	0.0000	0.0000	0.0000	0.0000	0.0000	0.0000	0.0000	0.0000	0.0000	0.0000	0.0000	0.0000	0.0000	0.0000	0.0018	0.0014	0.0023	0.0003	0.0004	0.0000	0.0023	0.0020	0.0026	1.0607	0.0000	0.0000	8.0000	1.9981	25.9398	3.0867	0.0000	0.0000	0.0000	0.0000	0.0000	0.0000	0.0000	0.0000	0.0000	0.0004	0.0002	0.0002	0.0000	0.0000	0.0000	0.0004	0.0002	0.0002	0.0995	0.0842	0.0153	0.0041	0.0038	0.0003	0.0954	0.0805	0.0150	0.2271	0.1367	0.0904	0.0578	0.0474	0.0104	0.1693	0.0894	0.0800	0.0000	0.0000	0.0000	0.0000	0.0000	0.0000	0.0000	0.0000	0.0000	0.0018	0.0014	0.0023	0.0003	0.0004	0.0000	0.0023	0.0020	0.0026		
2	61	0.2382	3	1	0	2	1	0	0	0	0	N	N	Y	N	N	N	N	N	N	N	N	N	0.0000	0.0000	0.0000	0.0000	0.0000	0.0000	0.0000	0.0000	0.0000	0.0000	0.0000	0.0000	0.0000	0.0000	0.0000	0.0000	0.0000	1.9193	1.2587	2.9458	0.0071	0.0085	0.0000	2.5224	1.8730	3.2746	1.5061	0.0000	0.2372	8.0000	4.0039	25.9398	14.0733	0.0000	0.0000	0.0000	0.0000	0.0000	0.0000	0.0000	0.0000	0.0000	1.6636	0.6638	0.9998	0.0015	0.0015	0.0000	1.6622	0.6624	0.9998	0.1985	0.1682	0.0303	0.0090	0.0084	0.0007	0.1895	0.1598	0.0297	0.8668	0.5274	0.3394	0.2078	0.1737	0.0341	0.6590	0.3536	0.3053	0.0000	0.0000	0.0000	0.0000	0.0000	0.0000	0.0000	0.0000	0.0000	1.9193	1.2587	2.9458	0.0071	0.0085	0.0000	2.5224	1.8730	3.2746		
2	62	0.2576	4	1	0	2	1	0	0	0	0	N	N	Y	N	N	N	N	N	N	N	N	N	0.0000	0.0000	0.0000	0.0000	0.0000	0.0000	0.0000	0.0000	0.0000	0.0000	0.0000	0.0000	0.0000	0.0000	0.0000	0.0000	0.0000	0.0000	2.8088	2.4143	3.3551	8.2033	10.1512	0.0027	1.8648	0.0410	3.7213	1.0036	0.0000	0.0858	8.0000	0.0060	25.9398	17.2393	0.0000	0.0000	0.0000	0.0000	0.0000	0.0000	0.0000	0.0000	0.0000	2.0168	1.0065	1.0102	0.9953	0.9952	0.0001	1.0215	0.0113	1.0101	0.0014	0.0012	0.0002	0.0006	0.0005	0.0000	0.0008	0.0006	0.0002	0.7180	0.4169	0.3011	0.1703	0.1406	0.0297	0.5477	0.2763	0.2714	0.0000	0.0000	0.0000	0.0000	0.0000	0.0000	0.0000	0.0000	0.0000	2.8088	2.4143	3.3551	5.8458	7.0781	0.0027	1.8648	0.0410	3.7213	
2	63	0.2011	2	0	0	2	1	0	0	0	0	N	N	Y	N	N	N	N	N	N	N	N	N	0.0823	0.0646	0.0000	1.1687	1.0852	0.0000	0.0000	0.0000	0.0000	0.0585	0.0684	0.0000	0.7616	0.7767	0.0000	0.0000	0.0000	0.0000	0.7114	1.0595	0.0508	0.6517	0.7157	0.0048	0.7445	1.3968	0.0555	0.0000	0.0253	-0.0015	-0.3436	8.0000	1.0230	25.9398	12.1924	0.0033	0.0033	0.0000	0.0033	0.0033	0.0000	0.0000	0.0000	0.0000	0.7921	0.7726	0.0195	0.2586	0.2585	0.0002	0.5335	0.5141	0.0193	0.0571	0.0488	0.0083	0.0044	0.0043	0.0001	0.0527	0.0445	0.0082	1.1135	0.7292	0.3842	0.3969	0.3611	0.0357	0.7166	0.3681	0.3485	0.0823	0.0646	0.0000	1.1687	1.0852	0.0000	0.0000	0.0000	0.0000	0.7114	1.0595	0.0508	0.6517	0.7157	0.0048	0.7445	1.3968	0.0555
2	65	0.2866	3	0	1	1	1	0	0	0	0	N	N	N	N	N	N	N	N	N	N	N	N	2.4535	0.0008	142.0649	0.0012	0.0000	0.3982	45.9804	0.0709	169.3082	0.4752	0.0002	3.5128	0.0007	0.0000	0.0193	0.5575	0.0003	3.6520	0.1937	0.2848	0.0247	0.5548	0.6254	0.0486	0.0121	0.0039	0.0216	2369.0000	0.0468	0.0265	-0.0556	8.0000	1.7555	25.9398	11.9300	0.0474	0.0000	0.0474	0.0000	0.0000	0.0000	0.0474	0.0000	0.0474	0.1344	0.1284	0.0060	0.1288	0.1274	0.0014	0.0056	0.0010	0.0046	0.0997	0.0863	0.0135	0.0147	0.0142	0.0005	0.0850	0.0720	0.0130	0.6938	0.4507	0.2431	0.2321	0.2037	0.0284	0.4616	0.2470	0.2146	2.4535	0.0008	142.0649	0.0012	0.0000	0.3982	45.9804	0.0709	169.3082	0.1937	0.2848	0.0247	0.5548	0.6254	0.0486	0.0121	0.0039	0.0216
2	66	0.2657	5	1	1	2	1	0	0	0	0	N	N	Y	N	N	N	N	N	N	N	N	N	0.0000	0.0000	0.0000	0.0000	0.0000	0.0000	0.0000	0.0000	0.0000	0.0000	0.0000	0.0000	0.0000	0.0000	0.0000	0.0000	0.0000	0.0000	0.0000	0.0000	8.0000	0.0000	25.9398	0.0000	0.0000	0.0000	0.0000	0.0000	0.0000	0.0000	0.0000	0.0000	0.0000	0.0000	0.0000	0.0000	0.0000	0.0000	0.0000	0.0000	0.0000	0.0000	0.0000	0.0000	0.0000	0.0000	0.0000	0.0000	0.0000	0.0000	0.0000	0.0000	0.0000	0.0000	0.0000	0.0000	0.0000	0.0000	0.0000	0.0000	0.0000	0.0000	0.0000	0.0000	0.0000	0.0000	0.0000	0.0000	0.0000	0.0000	0.0000	0.0000	0.0000	0.0000	0.0000	0.0000	0.0000	0.0000											
2	67	0.7702	8	1	1	2	1	0	0	0	0	N	N	Y	N	N	N	N	N	N	N	N	N	0.0000	0.0000	0.0000	0.0000	0.0000	0.0000	0.0000	0.0000	0.0000	0.0000	0.0000	0.0000	0.0000	0.0000	0.0000	0.0000	0.0000	0.0000	0.0000	0.0000	8.0000	1.0000	25.9398	3.0000	0.0000	0.0000	0.0000	0.0000	0.0000	0.0000	0.0000	0.0000	0.0000	0.0000	0.0000	0.0000	0.0000	0.0000	0.0000	0.0000	0.0000	0.0000	0.0395	0.0341	0.0054	0.0085	0.0079	0.0006	0.0309	0.0262	0.0047	0.1326	0.0914	0.0413	0.0758	0.0624	0.0133	0.0568	0.0289	0.0279	0.0000	0.0000	0.0000	0.0000	0.0000	0.0000	0.0000	0.0000	0.0000	0.0000	0.0000	0.0000	0.0000	0.0000	0.0000	0.0000	0.0000	0.0000											
2	68	0.2657	5	1	1	2	1	0	0	0	0	N	N	Y	N	N	N	N	N	N	N	N	N	0.0000	0.0000	0.0000	0.0000	0.0000	0.0000	0.0000	0.0000	0.0000	0.0000	0.0000	0.0000	0.0000	0.0000	0.0000	0.0000	0.0000	0.0000	0.0000	0.0000	8.0000	1.0000	25.9398	0.0000	0.0000	0.0000	0.0000	0.0000	0.0000	0.0000	0.0000	0.0000	0.0000	0.0000	0.0000	0.0000	0.0000	0.0000	0.0000	0.0000	0.0000	0.0000	0.0502	0.0425	0.0077	0.0025	0.0023	0.0002	0.0478	0.0403	0.0075	0.0431	0.0246	0.0185	0.0083	0.0072	0.0011	0.0348	0.0174	0.0174	0.0000	0.0000	0.0000	0.0000	0.0000	0.0000	0.0000	0.0000	0.0000	0.0000	0.0000	0.0000	0.0000	0.0000	0.0000	0.0000	0.0000	0.0000											
2	69	0.2492	4	1	1	2	1	0	0	0	0	N	N	Y	N	N	N	N	N	N	N	N	N	0.0000	0.0000	0.0000	0.0000	0.0000	0.0000	0.0000	0.0000	0.0000	0.0000	0.0000	0.0000	0.0000	0.0000	0.0000	0.0000	0.0000	2.8586	4.6823	0.0001	0.0081	0.0088	0.0000	3.5398	6.5823	0.0001	0.0000	0.0000	-0.4578	8.0000	1.0155	25.9398	5.9708	0.0000	0.0000	0.0000	0.0000	0.0000	0.0000	0.0000	0.0000	0.0000	0.9987	0.9987	0.0000	0.0005	0.0005	0.0000	0.9981	0.9981	0.0000	0.0544	0.0463	0.0081	0.0040	0.0039	0.0002	0.0503	0.0424	0.0079	0.3494	0.2142	0.1352	0.0674	0.0626	0.0048	0.2820	0.1516	0.1303	0.0000	0.0000	0.0000	0.0000	0.0000	0.0000	0.0000	0.0000	0.0000	2.8586	4.6623	0.0001	0.0081	0.0088	0.0000	3.5398	6.5823	0.0001		
2	70	0.2445	3	1	0	2	1	0	0	0	0	N	N	Y	N	N	N	N	N	N	N	N	N	0.4988	0.4057	0.0000	0.6504	0.6393	0.0000	0.0000	0.0000	0.0000	0.0295	0.0334	0.0000	0.0898	0.0902	0.0000	0.0000	0.0000	0.0000	0.0592	0.0822	0.0079	0.1380	0.1411	0.0049	0.0153	0.0218	0.0080	0.0000	0.0433	-0.0001	-0.0064	8.0000	0.0406	25.9398	2.3361	0.0002	0.0002	0.0000	0.0002	0.0002	0.0000	0.0000	0.0000	0.0000	0.0153	0.0147	0.0006	0.0128	0.0128	0.0000	0.0025	0.0019	0.0006	0.0054	0.0048	0.0006	0.0018	0.0018	0.0000	0.0036	0.0030	0.0006	0.2592	0.1788	0.0804	0.0926	0.0906	0.0021	0.1665	0.0882	0.0784	0.4988	0.4057	0.0000	0.6504	0.6393	0.0000	0.0000	0.0000	0.0000	0.0592	0.0822	0.0079	0.1380	0.1411	0.0049	0.0153	0.0218	0.0080
2	71	0.7702	8	1	1	2	1	0	0	0	0	N	N	Y	N	N	N	N	N	N	N	N	N	0.0000	0.0000	0.0000	0.0000	0.0000	0.0000	0.0000	0.0000	0.0000	0.0000	0.0000	0.0000	0.0000	0.0000	0.0000	0.0000	0.0000	0.0000	0.0000	0.0000	8.0000	0.0000	25.9398	0.0000	0.0000	0.0000	0.0000	0.0000	0.0000	0.0000	0.0000	0.0000	0.0000	0.0000	0.0000	0.0000	0.0000	0.0000	0.0000	0.0000	0.0000	0.0000	0.0000	0.0000	0.0000	0.0000	0.0000	0.0000	0.0000	0.0000	0.0000	0.0000	0.0000	0.0000	0.0000	0.0000	0.0000	0.0000	0.0000	0.0000	0.0000	0.0000	0.0000	0.0000	0.0000	0.0000	0.0000	0.0000	0.0000	0.0000	0.0000	0.0000	0.0000	0.0000	0.0000	0.0000	0.0000	0.0000											
2	72	0.7521	7	1	1	2	1	0	0	0	0	N	N	Y	N	N	N	N	N	N	N	N	N	0.1094	0.6689	0.0000	0.0000	0.0000	0.0000	0.0642	inf	0.0000	0.0005	0.0006	0.0000	0.0000	0.0000	0.0000	0.0007	0.0008	0.0000	0.0047	0.0009	0.0136	0.0019	0.0012	0.0048	0.0105	0.0000	0.0204	0.0000	6.5870	-0.0000	0.0004	8.0000	3.9057	25.9398	1.1104	0.0001	0.0001	0.0000	0.0000	0.0000	0.0000	0.0001	0.0001	0.0000	0.0011	0.0001	0.0009	0.0003	0.0001	0.0001	0.0008	0.0000	0.0008	0.1733	0.1500	0.0233	0.0400	0.0374	0.0025	0.1333	0.1126	0.0208	0.2237	0.1561	0.0676	0.1492	0.1200	0.0292	0.0745	0.0361	0.0384	0.1094	0.6689	0.0000	0.0000	0.0000	0.0000	0.0642	inf	0.0000	0.0047	0.0009	0.0136	0.0019	0.0012	0.0048	0.0105	0.0000	0.0204
2	73	0.5494	5	1	1	1	1	0	0	0	0	N	N	N	N	N	N	N	N	N	N	N	N	81.8101	65.7591	0.1752	173.6643	168.3199	0.1320	40.2922	24.1604	0.2637	1.7337	1.9707	0.0005	3.2013	3.3902	0.0010	0.9647	1.1405	0.0004	0.0212	0.0300	0.0027	0.0184	0.0201	0.0076	0.0239	0.0472	0.0014	0.0000	0.0431	-0.4001	-0.0102	8.0000	6.9070	25.9398	16.5673	0.9071	0.9071	0.0000	0.5759	0.5759	0.0000	0.3312	0.3312	0.0000	0.0244	0.0234	0.0010	0.0106	0.0100	0.0006	0.0138	0.0134	0.0004	0.5232	0.4603	0.0630	0.1799	0.1699	0.0100	0.3433	0.2904	0.0529	1.1524	0.7812	0.3712	0.5756	0.4975	0.0781	0.5768	0.2837	0.2931	81.8101	65.7591	0.1752	173.6643	168.3199	0.1320	40.2922	24.1604	0.2637	0.0212	0.0300	0.0027	0.0184	0.0201	0.0076	0.0239	0.0472	0.0014
2	74	0.6132	7	0	1	1	2	0	0	0	0	N	N	N	Y	N	N	N	N	N	N	N	N	0.0003	0.0115	0.0000	0.0008	0.0017	0.0000	0.0002	11.3700	0.0000	0.0007	0.0008	0.0000	0.0002	0.0002	0.0000	0.0008	0.0010	0.0000	2.0568	0.0693	6.2596	0.2012	0.1043	0.6599	4.2899	0.0001	9.6332	0.0000	42.7224	-0.0001	1.1150	8.0000	6.4226	25.9398	19.3377	0.0002	0.0002	0.0000	0.0000	0.0000	0.0000	0.0002	0.0002	0.0000	2.1494	0.0492	2.1002	0.1148	0.0491	0.0657	2.0346	0.0000	2.0345	0.3224	0.2752	0.0472	0.0590	0.0551	0.0039	0.2634	0.2201	0.0433	1.0450	0.7095	0.3355	0.5707	0.4712	0.0996	0.4743	0.2383	0.2360	0.0003	0.0115	0.0000	0.0008	0.0017	0.0000	0.0002	11.3700	0.0000	2.0568	0.0693	6.2596	0.2012	0.1043	0.6599	4.2899	0.0001	8.6224
2	75	0.5680	6	0	0	1	2	0	0	0	0	N	N	N	Y	N	N	N	N	N	N	N	N	1.6133	1.5105	0.0000	0.0002	0.0002	0.0000	6.8599	1800.9085	0.0000	2.6054	2.9852	0.0000	0.0006	0.0006	0.0000	3.4295	4.0581	0.0000	1.6150	1.9763	0.7880	2.6297	3.0891	0.0252	0.4999	0.0023	1.0535	0.0000	0.1742	-0.3642	-0.7018	8.0000	5.1932	25.9398	17.4397	0.8256	0.8256	0.0000	0.0000	0.0000	0.0000	0.8256	0.8256	0.0000	2.2638	1.9279	0.3359	1.9299	1.9271	0.0028	0.3339	0.0008	0.3331	0.3169	0.2766	0.0403	0.0762	0.0731	0.0030	0.2407	0.2034	0.0373	1.4017	0.9755	0.4262	0.7339	0.6238	0.1100	0.6679	0.3517	0.3162	1.6133	1.5105	0.0000	0.0002	0.0002	0.0000	6.8599	1800.9085	0.0000	1.6150	1.9763	0.7880	2.6297	3.0891	0.0252	0.4999	0.0023	1.0535
2	76	0.5311	5	0	0	1	1	0	0	0	0	N	N	N	N	N	N	N	N	N	N	N	N	0.9469	1.4067	0.0000	0.0200	0.0175	0.0000	1.2241	338.6191	0.0000	0.6176	0.7129	0.0000	0.0127	0.0133	0.0000	0.8260	0.9894	0.0000	0.6523	0.5068	1.0044	0.6352	0.7581	0.0398	0.6748	0.0029	1.4861	0.0000	0.8190	-0.0772	-0.0094	8.0000	4.4918	25.9398	17.5337	0.1750	0.1750	0.0000	0.0009	0.0009	0.0000	0.1741	0.1741	0.0000	1.1520	0.6333	0.5187	0.6390	0.6321	0.0068	0.5131	0.0012	0.5119	0.2834	0.2455	0.0379	0.0726	0.0696	0.0031	0.2108	0.1760	0.0348	1.7662	1.2498	0.5164	1.0059	0.8338	0.1720	0.7604	0.4160	0.3444	0.9469	1.4067	0.0000	0.0200	0.0175	0.0000	1.2241	338.6191	0.0000	0.6523	0.5068	1.0044	0.6352	0.7581	0.0398	0.6748	0.0029	1.4861
2	77	0.2602	4	0	0	1	2	0	0	0	0	N	N	N	Y	N	N	N	N	N	N	N	N	0.0000	0.0000	0.0000	0.0000	0.0000	0.0000	0.0000	0.0000	0.0000	0.0000	0.0000	0.0000	0.0000	0.0000	0.0000	0.0000	0.0000	0.0000	3.4101	1.8268	5.9275	11.0787	3.8261	62.8730	1.7041	0.0020	3.2689	2.0408	0.0000	0.6220	8.0000	0.3745	25.9398	14.7996	0.0000	0.0000	0.0000	0.0000	0.0000	0.0000	0.0000	0.0000	0.0000	2.9235	0.9614	1.9621	1.9447	0.9609	0.9838	0.9789	0.0006	0.9783	0.0255	0.0225	0.0030	0.0043	0.0043	0.0001	0.0212	0.0183	0.0029	0.8573	0.5263	0.3310	0.2829	0.2511	0.0317	0.5745	0.2752	0.2993	0.0000	0.0000	0.0000	0.0000	0.0000	0.0000	0.0000	0.0000	0.0000	3.4101	1.8268	5.9275	6.8746	3.8261	30.9988	1.7041	0.0020	3.2689	
2	78	0.2379	3	0	0	1	2	0	0	0	0	N	N	N	Y	N	N	N	N	N	N	N	N	0.0005	0.0000	0.0037	0.0000	0.0000	0.0000	0.0008	0.0000	0.0044	0.0001	0.0000	0.0009	0.0000	0.0000	0.0000	0.0001	0.0000	0.0009	0.2482	0.2573	0.2335	0.3975	0.3836	0.4951	0.1685	0.1343	0.2001	inf	0.5626	0.0000	-0.0192	8.0000	1.4595	25.9398	10.3922	0.0000	0.0000	0.0000	0.0000	0.0000	0.0000	0.0000	0.0000	0.0000	0.1955	0.1251	0.0704	0.1089	0.0920	0.0169	0.0866	0.0331	0.0535	0.0803	0.0688	0.0116	0.0053	0.0052	0.0001	0.0750	0.0636	0.0114	0.7880	0.4864	0.3016	0.2740	0.2399	0.0341	0.5139	0.2465	0.2674	0.0005	0.0000	0.0037	0.0000	0.0000	0.0000	0.0008	0.0000	0.0044	0.2482	0.2573	0.2335	0.3975	0.3836	0.4951	0.1685	0.1343	0.2001
2	79	0.2237	2	0	0	1	2	0	0	0	0	N	N	N	Y	N	N	N	N	N	N	N	N	0.0573	0.0025	0.3263	0.0084	0.0113	0.0000	0.0854	0.0032	0.5018	0.0241	0.0010	0.1491	0.0053	0.0056	0.0000	0.0246	0.0009	0.1506	0.4206	0.3982	0.4569	0.6333	0.4971	1.8215	0.2883	0.2733	0.3002	27.1735	0.7121	0.0009	-0.0117	8.0000	1.3861	25.9398	6.3168	0.0017	0.0001	0.0016	0.0000	0.0000	0.0000	0.0017	0.0000	0.0016	0.2751	0.1607	0.1144	0.1589	0.1119	0.0470	0.1162	0.0488	0.0674	0.0701	0.0592	0.0109	0.0019	0.0018	0.0001	0.0682	0.0574	0.0108	0.6539	0.4035	0.2504	0.2509	0.2251	0.0258	0.4031	0.1784	0.2246	0.0573	0.0025	0.3263	0.0084	0.0113	0.0000	0.0854	0.0032	0.5018	0.4206	0.3982	0.4569	0.6333	0.4971	1.8215	0.2883	0.2733	0.3002
2	81	0.7048	7	0	1	2	1	0	0	0	0	N	N	Y	N	N	N	N	N	N	N	N	N	0.0000	0.0000	0.0000	0.0000	0.0000	0.0000	0.0000	0.0000	0.0000	0.0000	0.0000	0.0000	0.0000	0.0000	0.0000	0.0000	0.0000	0.0267	0.0207	0.0406	0.0429	0.0288	0.1170	0.0032	0.0000	0.0063	0.8628	0.0000	0.0000	8.0000	2.0162	25.9398	4.5500	0.0000	0.0000	0.0000	0.0000	0.0000	0.0000	0.0000	0.0000	0.0000	0.0071	0.0038	0.0033	0.0067	0.0038	0.0029	0.0004	0.0000	0.0004	0.1098	0.0957	0.0141	0.0417	0.0390	0.0027	0.0681	0.0567	0.0114	0.2641	0.1835	0.0806	0.1563	0.1314	0.0250	0.1077	0.0521	0.0557	0.0000	0.0000	0.0000	0.0000	0.0000	0.0000	0.0000	0.0000	0.0000	0.0267	0.0207	0.0406	0.0429	0.0288	0.1170	0.0032	0.0000	0.0063		
2	82	0.2723	5	0	1	2	1	0	0	0	0	N	N	Y	N	N	N	N	N	N	N	N	N	0.0000	0.0000	0.0000	0.0000	0.0000	0.0000	0.0000	0.0000	0.0000	0.0000	0.0000	0.0000	0.0000	0.0000	0.0000	0.0000	0.0000	0.0000	0.0284	0.0464	0.0001	0.1069	0.1212	0.0009	0.0001	0.0002	0.0001	0.0020	0.0000	-0.0046	8.0000	3.0011	25.9398	3.7015	0.0000	0.0000	0.0000	0.0000	0.0000	0.0000	0.0000	0.0000	0.0000	0.0101	0.0101	0.0000	0.0101	0.0101	0.0000	0.0000	0.0000	0.0000	0.1485	0.1259	0.0226	0.0084	0.0078	0.0006	0.1401	0.1181	0.0220	0.3570	0.2184	0.1386	0.0946	0.0834	0.0112	0.2624	0.1350	0.1274	0.0000	0.0000	0.0000	0.0000	0.0000	0.0000	0.0000	0.0000	0.0000	0.0284	0.0464	0.0001	0.1069	0.1212	0.0009	0.0001	0.0002	0.0001	
2	83	0.2608	4	0	1	1	1	0	0	0	0	N	N	N	N	N	N	N	N	N	N	N	N	0.0000	0.0000	0.0000	0.0000	0.0000	0.0000	0.0000	0.0000	0.0000	0.0000	0.0000	0.0000	0.0000	0.0000	0.0000	0.0000	0.0000	0.0000	0.6084	0.9159	0.0026	1.7281	1.9476	0.0037	0.0252	0.0439	0.0025	0.0015	0.0000	-0.1314	8.0000	2.0032	25.9398	4.2039	0.0000	0.0000	0.0000	0.0000	0.0000	0.0000	0.0000	0.0000	0.0000	0.2875	0.2871	0.0004	0.2797	0.2797	0.0001	0.0078	0.0075	0.0004	0.1002	0.0849	0.0153	0.0053	0.0049	0.0004	0.0949	0.0800	0.0149	0.4726	0.3135	0.1591	0.1619	0.1436	0.0183	0.3108	0.1699	0.1409	0.0000	0.0000	0.0000	0.0000	0.0000	0.0000	0.0000	0.0000	0.0000	0.6084	0.9159	0.0026	1.7281	1.9476	0.0037	0.0252	0.0439	0.0025	
2	84	0.2576	4	1	0	2	1	0	0	0	0	N	N	Y	N	N	N	N	N	N	N	N	N	0.0000	0.0000	0.0000	0.0000	0.0000	0.0000	0.0000	0.0000	0.0000	0.0000	0.0000	0.0000	0.0000	0.0000	0.0000	0.0000	0.0000	0.0000	0.1001	0.0741	0.1374	0.0869	0.0176	0.4820	0.1049	0.1090	0.1008	1.2929	0.0000	0.0030	8.0000	1.0052	25.9398	4.9545	0.0000	0.0000	0.0000	0.0000	0.0000	0.0000	0.0000	0.0000	0.0000	0.0285	0.0124	0.0161	0.0065	0.0011	0.0054	0.0220	0.0113	0.0107	0.0513	0.0435	0.0078	0.0037	0.0035	0.0003	0.0476	0.0401	0.0075	0.2848	0.1678	0.1170	0.0752	0.0640	0.0112	0.2096	0.1038	0.1058	0.0000	0.0000	0.0000	0.0000	0.0000	0.0000	0.0000	0.0000	0.0000	0.1001	0.0741	0.1374	0.0869	0.0176	0.4820	0.1049	0.1090	0.1008	
2	85	0.2382	3	1	0	2	1	0	0	0	0	N	N	Y	N	N	N	N	N	N	N	N	N	0.0000	0.0000	0.0000	0.0000	0.0000	0.0000	0.0000	0.0000	0.0000	0.0000	0.0000	0.0000	0.0000	0.0000	0.0000	0.0000	0.0000	0.0000	6.3287	5.7509	5.4487	0.0668	0.0785	0.0009	7.4174	8.4276	6.1799	0.5952	0.0000	-0.2262	8.0000	0.9968	25.9398	7.6169	0.0000	0.0000	0.0000	0.0000	0.0000	0.0000	0.0000	0.0000	0.0000	2.6534	1.6634	0.9900	0.0095	0.0095	0.0000	2.6439	1.6538	0.9900	0.0501	0.0424	0.0077	0.0023	0.0021	0.0002	0.0478	0.0403	0.0075	0.4993	0.3176	0.1817	0.1428	0.1213	0.0215	0.3564	0.1962	0.1602	0.0000	0.0000	0.0000	0.0000	0.0000	0.0000	0.0000	0.0000	0.0000	5.3146	5.2379	5.4487	0.0668	0.0785	0.0009	7.4174	8.4276	6.1799	
2	86	0.2582	2	1	1	1	1	0	0	0	0	N	N	N	N	N	N	N	N	N	N	N	N	0.0007	0.0204	0.0002	0.0000	0.0000	0.0000	0.0005	2153.9064	0.0002	0.0014	0.0014	0.0011	0.0000	0.0000	0.0000	0.0016	0.0017	0.0012	1.8978	0.0682	6.1609	0.1407	0.1353	0.1880	3.0329	0.0000	7.0690	0.1463	38.7410	-0.0001	1.0210	8.0000	5.8060	25.9398	6.1034	0.0005	0.0004	0.0001	0.0000	0.0000	0.0000	0.0005	0.0004	0.0001	1.9768	0.0497	1.9271	0.0575	0.0497	0.0078	1.9193	0.0000	1.9193	0.3468	0.2944	0.0524	0.0524	0.0500	0.0025	0.2944	0.2444	0.0500	1.0416	0.7289	0.3128	0.4088	0.3675	0.0413	0.6328	0.3613	0.2715	0.0007	0.0204	0.0002	0.0000	0.0000	0.0000	0.0005	2153.9064	0.0002	1.8978	0.0682	6.1609	0.1407	0.1353	0.1880	3.0329	0.0000	7.0690
2	88	0.2608	4	0	1	1	1	0	0	0	0	N	N	N	N	N	N	N	N	N	N	N	N	0.0000	0.0000	0.0000	0.0000	0.0000	0.0000	0.0000	0.0000	0.0000	0.0000	0.0000	0.0000	0.0000	0.0000	0.0000	0.0000	0.0000	0.0000	2.2567	1.4400	3.6404	0.0121	0.0110	0.0192	3.1285	2.3344	4.0492	1.4923	0.0000	0.2328	8.0000	4.0005	25.9398	9.0093	0.0000	0.0000	0.0000	0.0000	0.0000	0.0000	0.0000	0.0000	0.0000	1.6580	0.6652	0.9927	0.0025	0.0020	0.0005	1.6555	0.6633	0.9922	0.1980	0.1678	0.0302	0.0103	0.0095	0.0007	0.1877	0.1583	0.0294	0.7347	0.4620	0.2727	0.2055	0.1778	0.0277	0.5292	0.2841	0.2450	0.0000	0.0000	0.0000	0.0000	0.0000	0.0000	0.0000	0.0000	0.0000	2.2567	1.4400	3.6404	0.0121	0.0110	0.0192	3.1285	2.3344	4.0492	
2	89	0.2382	3	0	1	1	1	0	0	0	0	N	N	N	N	N	N	N	N	N	N	N	N	0.0000	0.0000	0.0000	0.0000	0.0000	0.0000	0.0000	0.0000	0.0000	0.0000	0.0000	0.0000	0.0000	0.0000	0.0000	0.0000	0.0000	0.0000	0.7028	1.0970	0.0364	1.2632	1.4922	0.0037	0.4920	0.8668	0.0406	0.0196	0.0000	-0.1746	8.0000	1.0051	25.9398	9.2650	0.0000	0.0000	0.0000	0.0000	0.0000	0.0000	0.0000	0.0000	0.0000	0.3976	0.3900	0.0077	0.1953	0.1953	0.0001	0.2023	0.1947	0.0076	0.0505	0.0428	0.0078	0.0023	0.0021	0.0002	0.0482	0.0406	0.0076	0.5657	0.3555	0.2103	0.1546	0.1308	0.0238	0.4111	0.2246	0.1865	0.0000	0.0000	0.0000	0.0000	0.0000	0.0000	0.0000	0.0000	0.0000	0.7028	1.0970	0.0364	1.2632	1.4922	0.0037	0.4920	0.8668	0.0406	
2	90	0.2866	3	0	0	2	1	0	0	0	0	N	N	Y	N	N	N	N	N	N	N	N	N	0.2223	0.0001	79.8271	0.0134	0.0000	0.2147	0.1682	0.0000	95.5470	0.3680	0.0002	2.6621	0.0006	0.0000	0.0145	0.4252	0.0002	2.7689	1.6556	2.4701	0.0333	0.0431	0.0401	0.0675	2.5278	4.6279	0.0290	2369.0000	0.0068	0.0265	-0.4031	8.0000	2.3559	25.9398	7.1930	0.0474	0.0000	0.0474	0.0000	0.0000	0.0000	0.0474	0.0000	0.0474	0.8926	0.8866	0.0060	0.0082	0.0068	0.0014	0.8844	0.8798	0.0046	0.1288	0.1110	0.0178	0.0174	0.0167	0.0007	0.1114	0.0943	0.0171	0.5391	0.3589	0.1802	0.1893	0.1688	0.0205	0.3499	0.1901	0.1598	0.2223	0.0001	79.8271	0.0134	0.0000	0.2147	0.1682	0.0000	95.5470	1.6556	2.4701	0.0333	0.0431	0.0401	0.0675	2.5278	4.6279	0.0290
2	91	0.2538	2	0	0	1	1	0	0	0	0	N	N	N	N	N	N	N	N	N	N	N	N	3.7618	1.4634	13.7874	0.1288	0.1856	0.0140	4.4872	1.7579	16.8669	2.9633	0.7738	18.4599	0.0919	0.0926	0.0399	3.7965	1.0048	18.9142	0.7878	0.5288	1.3389	0.7135	0.4987	2.8583	0.8461	0.5716	1.1214	3.3707	1.1900	0.3918	0.1076	8.0000	4.9284	25.9398	11.0439	1.1870	0.2716	0.9154	0.0083	0.0082	0.0000	1.1787	0.2633	0.9154	1.2662	0.5782	0.6880	0.5043	0.3204	0.1839	0.7618	0.2578	0.5041	0.4006	0.3510	0.0496	0.0901	0.0889	0.0012	0.3105	0.2621	0.0484	1.6073	1.0934	0.5139	0.7069	0.6425	0.0644	0.9004	0.4509	0.4495	3.7618	1.4634	13.7874	0.1288	0.1856	0.0140	4.4872	1.7579	16.8669	0.7878	0.5288	1.3389	0.7135	0.4987	2.8583	0.8461	0.5716	1.1214
2	93	0.7048	7	1	1	1	1	0	0	0	0	N	N	N	N	N	N	N	N	N	N	N	N	0.0000	0.0000	0.0000	0.0000	0.0000	0.0000	0.0000	0.0000	0.0000	0.0000	0.0000	0.0000	0.0000	0.0000	0.0000	0.0000	0.0000	0.0000	9.1396	6.1507	14.5067	9.9378	11.6048	0.1625	6.8235	0.0034	25.0913	0.7380	0.0000	-0.0800	8.0000	2.5103	25.9398	7.4742	0.0000	0.0000	0.0000	0.0000	0.0000	0.0000	0.0000	0.0000	0.0000	2.3717	1.3646	1.0071	1.3701	1.3643	0.0057	1.0016	0.0002	1.0013	0.1302	0.1134	0.0168	0.0485	0.0452	0.0033	0.0817	0.0682	0.0135	0.3569	0.2474	0.1095	0.2101	0.1747	0.0354	0.1468	0.0726	0.0742	0.0000	0.0000	0.0000	0.0000	0.0000	0.0000	0.0000	0.0000	0.0000	6.6454	5.5167	9.1945	6.5210	7.8077	0.1625	6.8235	0.0034	13.5007	
2	94	0.6686	6	0	1	1	1	0	0	0	0	N	N	N	N	N	N	N	N	N	N	N	N	0.0000	0.0000	0.0000	0.0000	0.0000	0.0000	0.0000	0.0000	0.0000	0.0000	0.0000	0.0000	0.0000	0.0000	0.0000	0.0000	0.0000	0.0000	1.3736	1.6355	0.7755	1.8818	2.2943	0.0009	0.6077	0.0313	1.2021	0.2076	0.0000	-0.1675	8.0000	7.1305	25.9398	3.2426	0.0000	0.0000	0.0000	0.0000	0.0000	0.0000	0.0000	0.0000	0.0000	0.5846	0.4841	0.1005	0.4814	0.4814	0.0000	0.1032	0.0027	0.1005	0.4218	0.3714	0.0504	0.1456	0.1381	0.0075	0.2761	0.2333	0.0428	0.4256	0.2960	0.1296	0.2558	0.2098	0.0460	0.1697	0.0862	0.0836	0.0000	0.0000	0.0000	0.0000	0.0000	0.0000	0.0000	0.0000	0.0000	1.3736	1.6355	0.7755	1.8818	2.2943	0.0009	0.6077	0.0313	1.2021	
2	95	0.2382	3	1	1	1	1	0	0	0	0	N	N	N	N	N	N	N	N	N	N	N	N	2.6340	0.0000	inf	0.0000	0.0000	4666.9542	0.0000	inf	2.5675	0.0000	16.9048	0.0000	0.0000	0.0000	2.6898	0.0000	17.2870	0.9748	1.6348	0.0000	4.4757	5.4055	0.0000	0.0006	0.0011	0.0000	inf	0.0000	0.5589	-0.5849	8.0000	8.0000	25.9398	22.5660	1.0000	0.0000	1.0000	0.0000	0.0000	0.0000	1.0000	0.0000	1.0000	1.2760	1.2760	0.0000	1.2754	1.2754	0.0000	0.0006	0.0006	0.0000	0.3895	0.3303	0.0592	0.0177	0.0164	0.0013	0.3718	0.3139	0.0578	1.3090	0.7805	0.5285	0.2850	0.2359	0.0490	1.0240	0.5446	0.4795	2.6340	0.0000	inf	0.0000	0.0000	0.0000	4666.9542	0.0000	inf	0.9748	1.6348	0.0000	4.4757	5.4055	0.0000	0.0006	0.0011	0.0000	
2	98	0.2687	5	1	1	2	1	0	0	0	0	N	N	Y	N	N	N	N	N	N	N	N	N	0.0000	0.0000	0.0000	0.0000	0.0000	0.0000	0.0000	0.0000	0.0000	0.0000	0.0000	0.0000	0.0000	0.0000	0.0000	0.0000	0.0000	0.0000	4.6106	4.3282	4.1292	6.5720	5.0985	6.6412	3.7621	3.8047	3.7170	0.6241	0.0000	-0.2303	8.0000	0.9502	25.9398	16.1595	0.0000	0.0000	0.0000	0.0000	0.0000	0.0000	0.0000	0.0000	0.0000	3.1088	1.9141	1.1947	1.1833	0.9125	0.2708	1.9255	1.0017	0.9239	0.0567	0.0487	0.0080	0.0087	0.0083	0.0004	0.0481	0.0405	0.0076	0.7316	0.4422	0.2893	0.2197	0.1790	0.0408	0.5118	0.2633	0.2486	0.0000	0.0000	0.0000	0.0000	0.0000	0.0000	0.0000	0.0000	0.0000	4.2495	4.3282	4.1292	5.3848	5.0985	6.6412	3.7621	3.8047	3.7170	
2	100	0.2717	6	1	0	2	1	0	0	0	0	N	N	Y	N	N	N	N	N	N	N	N	N	0.0000	0.0000	0.0000	0.0000	0.0000	0.0000	0.0000	0.0000	0.0000	0.0000	0.0000	0.0000	0.0000	0.0000	0.0000	0.0000	0.0000	2.9752	2.5715	3.5749	5.6470	8.0007	0.0000	2.0731	0.0156	4.1684	0.9360	0.0000	0.0478	8.0000	1.0008	25.9398	13.9255	0.0000	0.0000	0.0000	0.0000	0.0000	0.0000	0.0000	0.0000	0.0000	1.9032	0.9831	0.9202	0.9796	0.9796	0.0000	0.9236	0.0035	0.9202	0.0504	0.0428	0.0076	0.0045	0.0041	0.0004	0.0459	0.0387	0.0072	0.6397	0.3823	0.2574	0.1942	0.1575	0.0367	0.4455	0.2248	0.2207	0.0000	0.0000	0.0000	0.0000	0.0000	0.0000	0.0000	0.0000	0.0000	2.9752	2.5715	3.5749	5.0453	6.2194	0.0000	2.0731	0.0156	4.1684		
2	101	0.2687	5	1	0	2	1	0	0	0	0	N	N	Y	N	N	N	N	N	N	N	N	N	0.0000	0.0000	0.0000	0.0000	0.0000	0.0000	0.0000	0.0000	0.0000	0.0000	0.0000	0.0000	0.0000	0.0000	0.0000	0.0000	0.0000	0.0000	3.4115	2.8823	4.5055	8.5575	4.5108	19.5411	1.0986	0.5389	1.7200	0.7561	0.0000	-0.0167	8.0000	0.0532	25.9398	2.0467	0.0000	0.0000	0.0000	0.0000	0.0000	0.0000	0.0000	0.0000	0.0000	0.6017	0.3427	0.2591	0.4999	0.3164	0.1836	0.1018	0.0263	0.0755	0.0118	0.0107	0.0012	0.0048	0.0048	0.0000	0.0070	0.0059	0.0011	0.1764	0.1189	0.0575	0.0837	0.0701	0.0136	0.0927	0.0487	0.0439	0.0000	0.0000	0.0000	0.0000	0.0000	0.0000	0.0000	0.0000	0.0000	3.4115	2.8823	4.5055	5.9706	4.5108	13.5021	1.0986	0.5389	1.7200	
2	102	0.2591	4	1	0	2	1	0	0	0	0	N	N	Y	N	N	N	N	N	N	N	N	N	0.0000	0.0000	0.0000	0.0000	0.0000	0.0000	0.0000	0.0000	0.0000	0.0000	0.0000	0.0000	0.0000	0.0000	0.0000	0.0000	0.0000	0.0000	1.7785	1.3100	2.6489	3.9145	2.5127	10.8308	0.5651	0.2715	0.9196	1.0884	0.0000	0.0335	8.0000	2.0948	25.9398	3.0326	0.0000	0.0000	0.0000	0.0000	0.0000	0.0000	0.0000	0.0000	0.0000	0.5328	0.2551	0.2777	0.4248	0.2267	0.1981	0.1080	0.0284	0.0796	0.1135	0.0969	0.0166	0.0133	0.0126	0.0008	0.1002	0.0844	0.0158	0.2996	0.1947	0.1048	0.1085	0.0902	0.0183	0.1910	0.1045	0.0865	0.0000	0.0000	0.0000	0.0000	0.0000	0.0000	0.0000	0.0000	0.0000	1.7785	1.3100	2.6489	3.9145	2.5127	10.8308	0.5651	0.2715	0.9196	
2	103	0.2382	3	1	0	2	1	0	0	0	0	N	N	Y	N	N	N	N	N	N	N	N	N	0.0000	0.0000	0.0000	0.0000	0.0000	0.0000	0.0000	0.0000	0.0000	0.0000	0.0000	0.0000	0.0000	0.0000	0.0000	0.0000	0.0000	0.0000	1.8331	2.8788	0.0129	1.9674	2.3171	0.0006	1.7797	3.2237	0.0145	0.0026	0.0000	-0.4231	8.0000	3.9484	25.9398	4.8420	0.0000	0.0000	0.0000	0.0000	0.0000	0.0000	0.0000	0.0000	0.0000	0.9283	0.9259	0.0024	0.2835	0.2835	0.0000	0.6448	0.6424	0.0024	0.1958	0.1659	0.0299	0.0089	0.0083	0.0007	0.1869	0.1577	0.0293	0.5064	0.3216	0.1848	0.1441	0.1223	0.0217	0.3623	0.1993	0.1630	0.0000	0.0000	0.0000	0.0000	0.0000	0.0000	0.0000	0.0000	0.0000	1.8331	2.8788	0.0129	1.9674	2.3171	0.0006	1.7797	3.2237	0.0145	
2	104	0.1966	2	0	1	1	1	0	0	0	0	N	N	N	N	N	N	N	N	N	N	N	N	0.9395	0.0014	10.7747	0.0006	0.0000	3.6099	0.9053	0.0012	10.8945	2.1883	0.0043	14.3766	0.0003	0.0000	0.0045	2.3704	0.0047	14.8557	2.3292	3.0697	1.3343	0.4411	0.4738	0.0012	2.6185	3.7838	1.3636	597.9458	0.3235	0.5540	-0.8739	8.0000	8.9557	25.9398	32.3127	0.9943	0.0017	0.9926	0.0000	0.0000	0.0000	0.9942	0.0017	0.9926	4.0850	3.0865	0.9986	0.1028	0.1028	0.0000	3.9822	2.9837	0.9985	0.4543	0.3853	0.0690	0.0349	0.0327	0.0022	0.4194	0.3526	0.0668	1.7538	1.0055	0.7484	0.2330	0.2169	0.0161	1.5208	0.7885	0.7323	0.9395	0.0014	10.7747	0.0006	0.0000	3.6099	0.9053	0.0012	10.8945	2.3292	3.0697	1.3343	0.4411	0.4738	0.0012	2.6185	3.7838	1.3636
2	105	0.2220	3	0	0	2	1	0	0	0	0	N	N	Y	N	N	N	N	N	N	N	N	N	0.0000	0.0000	0.0000	0.0000	0.0000	0.0000	0.0000	0.0000	0.0000	0.0000	0.0000	0.0000	0.0000	0.0000	0.0000	0.0000	0.0000	0.0000	1.9567	0.2830	4.3646	0.2394	0.2736	0.0025	2.3139	0.2862	4.6083	10.7207	0.0000	0.4982	8.0000	4.2679	25.9398	7.8415	0.0000	0.0000	0.0000	0.0000	0.0000	0.0000	0.0000	0.0000	0.0000	1.0918	0.0932	0.9987	0.0230	0.0230	0.0000	1.0688	0.0702	0.9987	0.2422	0.2040	0.0383	0.0294	0.0280	0.0013	0.2129	0.1759	0.0370	0.5580	0.3292	0.2288	0.0961	0.0840	0.0121	0.4619	0.2452	0.2167	0.0000	0.0000	0.0000	0.0000	0.0000	0.0000	0.0000	0.0000	0.0000	1.9567	0.2830	4.3646	0.2394	0.2736	0.0025	2.3139	0.2862	4.6083	
2	106	0.1966	2	0	0	1	1	0	0	0	0	N	N	N	N	N	N	N	N	N	N	N	N	0.0318	0.0227	0.0000	2.6154	2.7007	0.0000	0.0051	0.0030	0.0000	0.0789	0.0933	0.0000	0.4968	0.5158	0.0000	0.0166	0.0200	0.0000	2.4823	4.1152	0.0770	0.1899	0.1910	0.1693	3.2573	6.7720	0.0742	0.0000	0.0127	-0.0040	-0.8403	8.0000	1.9301	25.9398	9.0954	0.0091	0.0091	0.0000	0.0074	0.0074	0.0000	0.0017	0.0017	0.0000	1.8848	1.8611	0.0236	0.0364	0.0349	0.0016	1.8484	1.8263	0.0221	0.1149	0.0972	0.0177	0.0149	0.0143	0.0005	0.1000	0.0828	0.0172	0.7593	0.4523	0.3070	0.1918	0.1826	0.0092	0.5675	0.2697	0.2978	0.0318	0.0227	0.0000	2.6154	2.7007	0.0000	0.0051	0.0030	0.0000	2.4823	4.1152	0.0770	0.1899	0.1910	0.1693	3.2573	6.7720	0.0742
2	108	0.1855	3	0	1	1	1	0	0	0	0	N	N	N	N	N	N	N	N	N	N	N	N	0.0000	0.0000	0.0000	0.0000	0.0000	0.0000	0.0000	0.0000	0.0000	0.0000	0.0000	0.0000	0.0000	0.0000	0.0000	0.0000	0.0000	1.9259	0.0007	4.6210	0.0121	0.0031	0.1561	2.2604	0.0000	4.7164	4405.8095	0.0000	1.4792	8.0000	8.0392	25.9398	22.6195	0.0000	0.0000	0.0000	0.0000	0.0000	0.0000	0.0000	0.0000	0.0000	2.7322	0.0006	2.7316	0.0026	0.0006	0.0019	2.7297	0.0000	2.7297	0.4063	0.3429	0.0634	0.0103	0.0102	0.0002	0.3960	0.3328	0.0633	1.4187	0.8276	0.5911	0.2111	0.1987	0.0124	1.2076	0.6288	0.5788	0.0000	0.0000	0.0000	0.0000	0.0000	0.0000	0.0000	0.0000	0.0000	1.9259	0.0007	4.6210	0.0121	0.0031	0.1561	2.2604	0.0000	4.7164		
2	109	0.1855	2	0	0	1	1	0	0	0	0	N	N	N	N	N	N	N	N	N	N	N	N	0.0000	0.0000	0.0000	0.0000	0.0000	0.0000	0.0000	0.0000	0.0000	0.0000	0.0000	0.0000	0.0000	0.0000	0.0000	0.0000	0.0000	0.0000	1.3747	0.9854	2.2815	1.7873	1.7934	1.1583	1.1142	0.0069	2.2956	0.9939	0.0000	0.0196	8.0000	0.2031	25.9398	2.0398	0.0000	0.0000	0.0000	0.0000	0.0000	0.0000	0.0000	0.0000	0.0000	0.4898	0.2457	0.2442	0.2464	0.2449	0.0015	0.2434	0.0008	0.2426	0.0289	0.0239	0.0050	0.0094	0.0094	0.0000	0.0195	0.0145	0.0050	0.3563	0.2493	0.1070	0.1379	0.1366	0.0013	0.2185	0.1128	0.1057	0.0000	0.0000	0.0000	0.0000	0.0000	0.0000	0.0000	0.0000	0.0000	1.3747	0.9854	2.2815	1.7873	1.7934	1.1583	1.1142	0.0069	2.2956	
2	110	0.7660	8	1	0	2	1	0	0	0	0	N	N	Y	N	N	N	N	N	N	N	N	N	0.0000	0.0000	0.0000	0.0000	0.0000	0.0000	0.0000	0.0000	0.0000	0.0000	0.0000	0.0000	0.0000	0.0000	0.0000	0.0000	0.0000	0.0000	0.0000	0.0000	8.0000	0.0001	25.9398	0.0001	0.0000	0.0000	0.0000	0.0000	0.0000	0.0000	0.0000	0.0000	0.0000	0.0000	0.0000	0.0000	0.0000	0.0000	0.0000	0.0000	0.0000	0.0000	0.0055	0.0043	0.0012	0.0027	0.0027	0.0000	0.0027	0.0016	0.0012	0.0003	0.0002	0.0001	0.0002	0.0002	0.0000	0.0002	0.0000	0.0001	0.0000	0.0000	0.0000	0.0000	0.0000	0.0000	0.0000	0.0000	0.0000	0.0000	0.0000	0.0000	0.0000	0.0000	0.0000	0.0000	0.0000	0.0000											
2	111	0.7521	7	1	0	2	1	0	0	0	0	N	N	Y	N	N	N	N	N	N	N	N	N	0.1473	0.3734	0.0000	0.0000	0.0000	0.0000	0.0813	0.1703	0.0000	0.0010	0.0012	0.0000	0.0000	0.0000	0.0000	0.0014	0.0017	0.0000	0.0070	0.0032	0.0159	0.0020	0.0012	0.0050	0.0174	0.0099	0.0244	0.0000	2.1538	-0.0000	0.0003	8.0000	1.6718	25.9398	2.9223	0.0001	0.0001	0.0000	0.0000	0.0000	0.0000	0.0001	0.0001	0.0000	0.0015	0.0005	0.0010	0.0003	0.0001	0.0001	0.0012	0.0003	0.0009	0.0869	0.0755	0.0114	0.0233	0.0221	0.0012	0.0636	0.0534	0.0102	0.2108	0.1473	0.0636	0.1417	0.1139	0.0278	0.0691	0.0334	0.0357	0.1473	0.3734	0.0000	0.0000	0.0000	0.0000	0.0813	0.1703	0.0000	0.0070	0.0032	0.0159	0.0020	0.0012	0.0050	0.0174	0.0099	0.0244
2	112	0.6686	6	1	0	2	1	0	0	0	0	N	N	Y	N	N	N	N	N	N	N	N	N	3.9086	442.0805	0.0000	0.0000	0.0000	0.0000	2.3904	3790.6876	0.0000	1.4827	1.6952	0.0000	0.0000	0.0000	0.0000	2.1244	2.5084	0.0000	0.3793	0.0038	1.2111	0.0044	0.0053	0.0005	0.8887	0.0007	1.8283	0.0000	142.5823	-0.4411	0.1452	8.0000	14.0283	25.9398	7.1084	0.9999	0.9999	0.0000	0.0000	0.0000	0.0000	0.9999	0.9999	0.0000	0.2715	0.0019	0.2696	0.0018	0.0018	0.0000	0.2697	0.0001	0.2696	0.6744	0.5898	0.0846	0.2037	0.1912	0.0125	0.4707	0.3986	0.0721	0.7157	0.4931	0.2226	0.4123	0.3371	0.0752	0.3034	0.1560	0.1474	3.9086	442.0805	0.0000	0.0000	0.0000	0.0000	2.3904	3790.6876	0.0000	0.3793	0.0038	1.2111	0.0044	0.0053	0.0005	0.8887	0.0007	1.8283
2	113	0.6083	5	0	0	1	1	0	0	0	0	N	N	N	N	N	N	N	N	N	N	N	N	0.0000	0.0001	0.0000	0.0001	0.0001	0.0000	0.0000	0.0000	0.0000	0.0000	0.0000	0.0000	0.0001	0.0001	0.0000	0.0000	0.0000	0.0000	0.5414	0.3475	0.9803	0.4475	0.5093	0.1282	0.6622	0.0048	1.3420	0.0000	1.2462	-0.0000	0.0436	8.0000	8.6129	25.9398	5.1709	0.0000	0.0000	0.0000	0.0000	0.0000	0.0000	0.0000	0.0000	0.0000	0.4525	0.2014	0.2510	0.2103	0.2006	0.0098	0.2422	0.0009	0.2413	0.5728	0.5055	0.0673	0.1780	0.1694	0.0086	0.3948	0.3361	0.0587	0.8358	0.5797	0.2561	0.4701	0.3938	0.0763	0.3657	0.1859	0.1798	0.0000	0.0001	0.0000	0.0001	0.0001	0.0000	0.0000	0.0000	0.0000	0.5414	0.3475	0.9803	0.4475	0.5093	0.1282	0.6622	0.0048	1.3420
2	114	0.5132	4	0	0	1	1	0	0	0	0	N	N	N	N	N	N	N	N	N	N	N	N	0.0060	0.0434	0.0081	0.0219	0.1303	0.0038	0.0028	0.0000	0.0091	0.0064	0.0034	0.0252	0.0154	0.0155	0.0139	0.0041	0.0000	0.0266	1.0732	0.0791	3.1055	0.7027	0.1188	3.6716	1.4455	0.0131	2.9161	1.1700	19.2165	0.0005	0.9124	8.0000	16.8607	25.9398	22.7724	0.0054	0.0025	0.0029	0.0026	0.0025	0.0002	0.0027	0.0000	0.0027	1.8538	0.0917	1.7621	0.6083	0.0860	0.5224	1.2455	0.0057	1.2398	0.8349	0.7201	0.1148	0.1725	0.1595	0.0130	0.6624	0.5606	0.1018	1.7273	1.1599	0.5674	0.8657	0.7234	0.1423	0.8616	0.4365	0.4252	0.0060	0.0434	0.0081	0.0219	0.1303	0.0038	0.0028	0.0000	0.0091	1.0732	0.0791	3.1055	0.7027	0.1188	3.6716	1.4455	0.0131	2.9161
2	115	0.2445	3	1	0	2	1	0	0	0	0	N	N	Y	N	N	N	N	N	N	N	N	N	2.8955	18208.6132	0.0000	0.4479	0.9358	0.0000	2.6601	13670016.1613	0.0000	18.6578	21.9378	0.0000	0.0025	0.0026	0.0000	20.1483	23.9281	0.0000	6.4437	0.0012	36.1261	0.0056	0.0028	0.0829	7.5742	0.0000	31.7630	0.0000	6860.0930	-0.4410	1.0766	8.0000	1.0009	25.9398	4.0038	0.9998	0.9998	0.0000	0.0000	0.0000	0.0000	0.9998	0.9998	0.0000	1.9882	0.0003	1.9879	0.0006	0.0003	0.0003	1.9876	0.0000	1.9876	0.0536	0.0456	0.0080	0.0040	0.0038	0.0002	0.0496	0.0418	0.0078	0.3689	0.2405	0.1284	0.1065	0.1027	0.0037	0.2624	0.1378	0.1246	3.4617	18208.6132	0.0000	0.4479	0.9358	0.0000	2.6601	13670016.1613	0.0000	5.3898	0.0012	15.4866	0.0056	0.0028	0.0829	7.5742	0.0000	15.9488
2	116	0.2162	2	1	0	2	1	0	0	0	0	N	N	Y	N	N	N	N	N	N	N	N	N	0.0151	0.0226	0.0000	0.0000	0.0000	0.0000	0.0251	0.9979	0.0000	0.0017	0.0020	0.0000	0.0000	0.0000	0.0000	0.0018	0.0021	0.0000	0.1121	0.0882	0.1470	0.3021	0.3126	0.1615	0.0711	0.0021	0.1465	0.0000	1.1363	-0.0001	0.0052	8.0000	1.8441	25.9398	10.4794	0.0002	0.0002	0.0000	0.0000	0.0000	0.0000	0.0002	0.0002	0.0000	0.0706	0.0331	0.0376	0.0337	0.0325	0.0013	0.0369	0.0006	0.0363	0.0947	0.0802	0.0145	0.0052	0.0049	0.0003	0.0895	0.0753	0.0142	0.6301	0.3746	0.2555	0.1116	0.1039	0.0078	0.5185	0.2707	0.2478	0.0151	0.0226	0.0000	0.0000	0.0000	0.0000	0.0251	0.9979	0.0000	0.1121	0.0882	0.1470	0.3021	0.3126	0.1615	0.0711	0.0021	0.1465
2	117	0.4005	2	0	1	1	2	0	0	0	0	N	N	N	Y	N	N	N	N	N	N	N	N	3.8128	3.4164	0.0000	0.0644	0.0600	0.0000	16.2222	31.6979	0.0000	1.6874	1.9494	0.0000	0.0508	0.0534	0.0000	2.0695	2.4470	0.0000	0.4425	0.5706	0.1634	0.7892	0.8909	0.0891	0.1276	0.0772	0.1811	0.0000	0.1314	-0.4397	-0.2931	8.0000	10.5071	25.9398	20.2622	0.9968	0.9968	0.0000	0.0057	0.0057	0.0000	0.9911	0.9911	0.0000	0.8563	0.7569	0.0994	0.7270	0.7166	0.0104	0.1293	0.0403	0.0890	0.5907	0.5113	0.0794	0.1118	0.1063	0.0055	0.4789	0.4050	0.0739	1.9349	1.3265	0.6084	0.9211	0.8043	0.1168	1.0138	0.5222	0.4916	3.8128	3.4164	0.0000	0.0644	0.0600	0.0000	16.2222	31.6979	0.0000	0.4425	0.5706	0.1634	0.7892	0.8909	0.0891	0.1276	0.0772	0.1811
2	119	0.2027	2	0	1	1	1	0	0	0	0	N	N	N	N	N	N	N	N	N	N	N	N	0.0000	0.0000	0.0000	0.0000	0.0000	0.0000	0.0000	0.0000	0.0000	0.0000	0.0000	0.0000	0.0000	0.0000	0.0000	0.0000	0.0000	0.0000	3.3595	1.5205	6.0080	0.0713	0.0738	0.0282	3.9603	1.9962	6.1339	2.7434	0.0000	1.1217	8.0000	3.8169	25.9398	21.2433	0.0000	0.0000	0.0000	0.0000	0.0000	0.0000	0.0000	0.0000	0.0000	4.0865	1.0917	2.9949	0.0134	0.0131	0.0003	4.0731	1.0785	2.9946	0.2080	0.1757	0.0323	0.0125	0.0123	0.0002	0.1955	0.1634	0.0321	1.2164	0.7179	0.4985	0.1879	0.1776	0.0103	1.0285	0.5403	0.4882	0.0000	0.0000	0.0000	0.0000	0.0000	0.0000	0.0000	0.0000	0.0000	3.3595	1.5205	6.0080	0.0713	0.0738	0.0282	3.9603	1.9962	6.1339	
2	120	0.5484	6	0	1	1	1	0	0	0	0	N	N	N	N	N	N	N	N	N	N	N	N	0.0013	0.0013	0.0000	0.0027	0.0029	0.0000	0.0000	0.0000	0.0000	0.0019	0.0022	0.0000	0.0074	0.0079	0.0000	0.0000	0.0000	0.0000	1.4578	1.6939	0.9512	2.7194	2.6688	2.9488	0.0446	0.0001	0.0943	0.0000	0.2617	-0.0008	-0.9425	8.0000	16.3276	25.9398	34.9199	0.0017	0.0017	0.0000	0.0017	0.0017	0.0000	0.0000	0.0000	0.0000	3.7556	2.9767	0.7790	3.7015	2.9766	0.7249	0.0541	0.0001	0.0541	0.9026	0.7860	0.1167	0.2323	0.2200	0.0123	0.6703	0.5659	0.1044	2.5762	1.7573	0.8190	1.3612	1.1153	0.2458	1.2151	0.6420	0.5731	0.0013	0.0013	0.0000	0.0027	0.0029	0.0000	0.0000	0.0000	0.0000	1.4578	1.6939	0.9512	2.7194	2.6688	2.9488	0.0446	0.0001	0.0943
2	121	0.5311	5	0	1	1	1	0	0	0	0	N	N	N	N	N	N	N	N	N	N	N	N	0.0186	0.0339	0.0003	0.0234	0.0334	0.0000	0.0237	0.5691	0.0004	0.0077	0.0088	0.0002	0.0122	0.0128	0.0000	0.0063	0.0075	0.0002	0.4107	0.2602	0.7781	0.5197	0.3821	1.1916	0.2645	0.0131	0.5696	0.0036	1.2242	-0.0012	0.0655	8.0000	6.1757	25.9398	14.5601	0.0027	0.0027	0.0000	0.0010	0.0010	0.0000	0.0017	0.0017	0.0000	0.7116	0.3199	0.3917	0.5157	0.3146	0.2010	0.1960	0.0053	0.1906	0.3593	0.3107	0.0487	0.0839	0.0799	0.0040	0.2755	0.2308	0.0447	1.7329	1.2295	0.5034	0.9922	0.8235	0.1687	0.7407	0.4061	0.3347	0.0186	0.0339	0.0003	0.0234	0.0334	0.0000	0.0237	0.5691	0.0004	0.4107	0.2602	0.7781	0.5197	0.3821	1.1916	0.2645	0.0131	0.5696
2	122	0.4780	4	0	0	1	1	0	0	0	0	N	N	N	N	N	N	N	N	N	N	N	N	0.0067	0.0040	0.0195	0.0026	0.0022	0.0398	0.0082	0.2029	0.0172	0.0080	0.0034	0.0386	0.0031	0.0030	0.0045	0.0098	0.0035	0.0427	1.1870	0.8465	1.9764	1.1901	1.3500	0.1143	1.1840	0.0175	2.4843	1.7279	1.0074	0.0007	0.0953	8.0000	7.5400	25.9398	21.4192	0.0037	0.0014	0.0023	0.0004	0.0003	0.0000	0.0033	0.0010	0.0023	2.1921	1.0920	1.1001	1.0971	1.0835	0.0136	1.0950	0.0085	1.0865	0.4631	0.4022	0.0610	0.1212	0.1146	0.0066	0.3419	0.2876	0.0544	1.8467	1.2901	0.5566	0.9219	0.8026	0.1193	0.9248	0.4875	0.4373	0.0067	0.0040	0.0195	0.0026	0.0022	0.0398	0.0082	0.2029	0.0172	1.1870	0.8465	1.9764	1.1901	1.3500	0.1143	1.1840	0.0175	2.4843
2	123	0.2382	3	0	1	1	1	0	0	0	0	N	N	N	N	N	N	N	N	N	N	N	N	0.0000	0.0000	0.0000	0.0000	0.0000	0.0000	0.0000	0.0000	0.0000	0.0000	0.0000	0.0000	0.0000	0.0000	0.0000	0.0000	0.0000	2.1336	0.4301	4.7059	1.1342	1.3636	0.0000	2.4282	0.0013	5.2066	7.2452	0.0000	0.9567	8.0000	4.0019	25.9398	19.5615	0.0000	0.0000	0.0000	0.0000	0.0000	0.0000	0.0000	0.0000	0.0000	2.2760	0.2760	2.0000	0.2755	0.2755	0.0000	2.0006	0.0006	2.0000	0.1984	0.1681	0.0303	0.0090	0.0084	0.0007	0.1894	0.1598	0.0297	1.0668	0.6418	0.4250	0.2429	0.2020	0.0409	0.8239	0.4398	0.3841	0.0000	0.0000	0.0000	0.0000	0.0000	0.0000	0.0000	0.0000	0.0000	2.1336	0.4301	4.7059	1.1342	1.3636	0.0000	2.4282	0.0013	5.2066		
2	124	0.2162	2	0	0	1	1	0	0	0	0	N	N	N	N	N	N	N	N	N	N	N	N	0.0000	0.0000	0.0000	0.0000	0.0000	0.0000	0.0000	0.0000	0.0000	0.0000	0.0000	0.0000	0.0000	0.0000	0.0000	0.0000	0.0000	0.0000	0.6142	0.9377	0.1235	0.2647	0.2693	0.1965	0.6987	1.2279	0.1212	0.0868	0.0000	-0.1199	8.0000	1.2223	25.9398	8.2281	0.0000	0.0000	0.0000	0.0000	0.0000	0.0000	0.0000	0.0000	0.0000	0.3169	0.2916	0.0253	0.0266	0.0254	0.0012	0.2903	0.2662	0.0241	0.0637	0.0540	0.0098	0.0038	0.0036	0.0002	0.0599	0.0503	0.0096	0.5159	0.3109	0.2050	0.1005	0.0941	0.0064	0.4154	0.2168	0.1986	0.0000	0.0000	0.0000	0.0000	0.0000	0.0000	0.0000	0.0000	0.0000	0.6142	0.9377	0.1235	0.2647	0.2693	0.1965	0.6987	1.2279	0.1212	
2	126	0.2014	3	0	1	1	1	0	0	0	0	N	N	N	N	N	N	N	N	N	N	N	N	0.8012	0.0000	1.2388	0.0000	0.0000	0.0000	0.7588	1.5607	3.7240	0.0000	23.8471	0.0000	0.0000	0.0000	3.9544	0.0000	24.0395	4.6484	0.0100	19.2506	0.0499	0.0355	0.2403	5.2115	0.0000	15.4035	inf	721.0156	0.5582	2.5392	8.0000	5.0407	25.9398	17.1705	0.9987	0.0000	0.9987	0.0000	0.0000	0.0000	0.9987	0.0000	0.9987	4.7001	0.0065	4.6936	0.0098	0.0065	0.0033	4.6903	0.0000	4.6903	0.2682	0.2263	0.0419	0.0156	0.0153	0.0003	0.2526	0.2110	0.0415	1.0974	0.6492	0.4481	0.1974	0.1835	0.0139	0.9000	0.4657	0.4342	0.8695	0.0000	2.2767	0.0000	0.0000	0.0000	0.7588	0.0000	2.2256	4.2831	0.0100	10.4742	0.0499	0.0355	0.2403	5.2115	0.0000	10.8012	
2	127	0.1855	2	0	1	1	1	0	0	0	0	N	N	N	N	N	N	N	N	N	N	N	N	0.0133	0.0000	0.0571	0.0000	0.0000	0.0000	0.0197	0.0000	0.0565	0.0108	0.0000	0.0676	0.0000	0.0000	0.0000	0.0118	0.0000	0.0677	0.8136	0.6019	1.1831	1.4324	1.4595	0.3909	0.5973	0.0373	1.1976	inf	1.1261	0.0007	0.0348	8.0000	1.9703	25.9398	6.2034	0.0013	0.0000	0.0013	0.0000	0.0000	0.0000	0.0013	0.0000	0.0013	0.4877	0.2294	0.2583	0.2223	0.2208	0.0015	0.2653	0.0086	0.2568	0.1164	0.0978	0.0186	0.0096	0.0096	0.0000	0.1068	0.0882	0.0186	0.5994	0.3811	0.2183	0.1552	0.1513	0.0039	0.4442	0.2298	0.2144	0.0133	0.0000	0.0571	0.0000	0.0000	0.0000	0.0197	0.0000	0.0565	0.8136	0.6019	1.1831	1.4324	1.4595	0.3909	0.5973	0.0373	1.1976
2	129	0.5073	5	0	1	1	1	0	0	0	0	N	N	N	N	N	N	N	N	N	N	N	N	0.0000	0.0000	0.0000	0.0000	0.0000	0.0000	0.0000	0.0000	0.0000	0.0000	0.0000	0.0000	0.0000	0.0000	0.0000	0.0000	0.0000	0.2086	0.2709	0.0026	0.3673	0.3952	0.0091	0.0005	0.0000	0.0012	0.0029	0.0000	-0.0563	8.0000	1.0033	25.9398	0.8635	0.0000	0.0000	0.0000	0.0000	0.0000	0.0000	0.0000	0.0000	0.0000	0.1236	0.1232	0.0004	0.1234	0.1232	0.0002	0.0001	0.0000	0.0001	0.1637	0.1489	0.0148	0.0887	0.0846	0.0041	0.0750	0.0643	0.0107	0.5923	0.4548	0.1376	0.3360	0.3118	0.0242	0.2563	0.1430	0.1133	0.0000	0.0000	0.0000	0.0000	0.0000	0.0000	0.0000	0.0000	0.0000	0.2086	0.2709	0.0026	0.3673	0.3952	0.0091	0.0005	0.0000	0.0012		
2	130	0.4780	4	0	0	1	1	0	0	0	0	N	N	N	N	N	N	N	N	N	N	N	N	0.0090	0.0065	0.0208	0.0040	0.0038	0.0090	0.0082	0.0257	0.0193	0.0094	0.0031	0.0520	0.0026	0.0025	0.0053	0.0122	0.0034	0.0582	1.0459	0.4791	2.4981	0.6558	0.6641	0.5908	1.4833	0.1331	3.0151	2.4615	2.0354	0.0010	0.3297	8.0000	5.5514	25.9398	9.9598	0.0035	0.0010	0.0025	0.0003	0.0003	0.0000	0.0032	0.0008	0.0025	1.5538	0.5119	1.0419	0.5149	0.4623	0.0525	1.0389	0.0496	0.9894	0.3745	0.3262	0.0483	0.1094	0.1038	0.0057	0.2651	0.2224	0.0426	1.4856	1.0685	0.4171	0.7851	0.6962	0.0889	0.7004	0.3723	0.3281	0.0090	0.0065	0.0208	0.0040	0.0038	0.0090	0.0082	0.0257	0.0193	1.0459	0.4791	2.4981	0.6558	0.6641	0.5908	1.4833	0.1331	3.0151
2	131	0.4477	3	0	0	1	1	0	0	0	0	N	N	N	N	N	N	N	N	N	N	N	N	3.1762	0.0457	13.1867	0.1238	0.1169	0.2244	3.8327	0.0313	12.3000	1.7978	0.0165	13.6934	0.0661	0.0658	0.0726	2.2901	0.0007	14.9313	0.5660	0.3604	1.0384	0.5340	0.5628	0.3235	0.5975	0.0230	1.2139	124.5382	1.2542	0.5395	0.0870	8.0000	9.1969	25.9398	13.4651	0.9792	0.0078	0.9714	0.0080	0.0075	0.0004	0.9712	0.0003	0.9710	0.8873	0.3936	0.4937	0.4145	0.3842	0.0303	0.4728	0.0094	0.4634	0.5447	0.4737	0.0709	0.1206	0.1146	0.0059	0.4241	0.3591	0.0650	1.5676	1.0922	0.4754	0.7763	0.6826	0.0937	0.7912	0.4095	0.3817	3.1762	0.0457	13.1867	0.1238	0.1169	0.2244	3.8327	0.0313	12.3000	0.5660	0.3604	1.0384	0.5340	0.5628	0.3235	0.5975	0.0230	1.2139
2	132	0.2612	5	1	1	1	2	0	0	0	0	N	N	N	Y	N	N	N	N	N	N	N	N	0.0000	0.0000	0.0000	0.0000	0.0000	0.0000	0.0000	0.0000	0.0000	0.0000	0.0000	0.0000	0.0000	0.0000	0.0000	0.0000	0.0000	0.0000	0.0000	0.0000	8.0000	1.0000	25.9398	3.0001	0.0000	0.0000	0.0000	0.0000	0.0000	0.0000	0.0000	0.0000	0.0000	0.0000	0.0000	0.0000	0.0000	0.0000	0.0000	0.0000	0.0000	0.0000	0.0500	0.0424	0.0076	0.0031	0.0029	0.0002	0.0469	0.0395	0.0074	0.1620	0.0900	0.0719	0.0202	0.0177	0.0026	0.1418	0.0724	0.0694	0.0000	0.0000	0.0000	0.0000	0.0000	0.0000	0.0000	0.0000	0.0000	0.0000	0.0000	0.0000	0.0000	0.0000	0.0000	0.0000	0.0000	0.0000											
2	133	0.6601	9	1	1	1	2	0	0	0	0	N	N	N	Y	N	N	N	N	N	N	N	N	0.0000	0.0000	0.0000	0.0000	0.0000	0.0000	0.0000	0.0000	0.0000	0.0000	0.0000	0.0000	0.0000	0.0000	0.0000	0.0000	0.0000	0.0000	0.0000	0.0000	8.0000	0.0006	25.9398	1.9797	0.0000	0.0000	0.0000	0.0000	0.0000	0.0000	0.0000	0.0000	0.0000	0.0000	0.0000	0.0000	0.0000	0.0000	0.0000	0.0000	0.0000	0.0000	0.0001	0.0001	0.0000	0.0001	0.0000	0.0000	0.0000	0.0000	0.0000	0.0725	0.0487	0.0238	0.0359	0.0302	0.0056	0.0366	0.0185	0.0182	0.0000	0.0000	0.0000	0.0000	0.0000	0.0000	0.0000	0.0000	0.0000	0.0000	0.0000	0.0000	0.0000	0.0000	0.0000	0.0000	0.0000	0.0000											
2	134	0.6434	8	1	1	1	2	0	0	0	0	N	N	N	Y	N	N	N	N	N	N	N	N	0.0000	0.0000	0.0000	0.0000	0.0000	0.0000	0.0000	0.0000	0.0000	0.0000	0.0000	0.0000	0.0000	0.0000	0.0001	0.0000	0.0000	0.0000	0.0000	0.0001	0.0001	0.0000	0.0000	0.0000	-0.0000	8.0000	2.0077	25.9398	6.0321	0.0000	0.0000	0.0000	0.0000	0.0000	0.0000	0.0000	0.0000	0.0000	0.0000	0.0000	0.0000	0.0000	0.0000	0.0000	0.0000	0.0000	0.0000	0.0968	0.0832	0.0136	0.0235	0.0215	0.0019	0.0733	0.0617	0.0116	0.2640	0.1747	0.0893	0.1278	0.1058	0.0220	0.1362	0.0690	0.0673	0.0000	0.0000	0.0000	0.0000	0.0000	0.0000	0.0000	0.0000	0.0000	0.0000	0.0001	0.0000	0.0000	0.0000	0.0000	0.0001	0.0001	0.0000						
2	135	0.6386	8	0	1	1	2	0	0	0	0	N	N	N	Y	N	N	N	N	N	N	N	N	0.0000	0.0000	0.0000	0.0000	0.0000	0.0000	0.0000	0.0000	0.0000	0.0000	0.0000	0.0000	0.0000	0.0000	0.0000	0.0000	0.0000	0.0010	0.0006	0.0018	0.0009	0.0009	0.0013	0.0010	0.0000	0.0020	1.5455	0.0000	0.0001	8.0000	3.0348	25.9398	9.3583	0.0000	0.0000	0.0000	0.0000	0.0000	0.0000	0.0000	0.0000	0.0000	0.0005	0.0002	0.0003	0.0002	0.0002	0.0001	0.0002	0.0000	0.0002	0.1502	0.1283	0.0219	0.0345	0.0318	0.0026	0.1157	0.0965	0.0192	0.4783	0.3238	0.1544	0.2425	0.2034	0.0391	0.2357	0.1204	0.1153	0.0000	0.0000	0.0000	0.0000	0.0000	0.0000	0.0000	0.0000	0.0000	0.0010	0.0006	0.0018	0.0009	0.0009	0.0013	0.0010	0.0000	0.0020		
2	136	0.6243	7	0	0	1	2	0	0	0	0	N	N	N	Y	N	N	N	N	N	N	N	N	0.0000	0.0000	0.0000	0.0000	0.0000	0.0000	0.0000	0.0000	0.0000	0.0000	0.0000	0.0000	0.0000	0.0000	0.0000	0.0000	0.0000	0.0000	0.0022	0.0021	0.0025	0.0028	0.0030	0.0015	0.0017	0.0007	0.0028	0.6191	0.0000	-0.0000	8.0000	0.0433	25.9398	6.6805	0.0000	0.0000	0.0000	0.0000	0.0000	0.0000	0.0000	0.0000	0.0000	0.0005	0.0003	0.0002	0.0003	0.0003	0.0000	0.0002	0.0000	0.0002	0.0025	0.0021	0.0004	0.0007	0.0006	0.0000	0.0018	0.0015	0.0003	0.2308	0.1524	0.0784	0.1105	0.0913	0.0192	0.1203	0.0611	0.0592	0.0000	0.0000	0.0000	0.0000	0.0000	0.0000	0.0000	0.0000	0.0000	0.0022	0.0021	0.0025	0.0028	0.0030	0.0015	0.0017	0.0007	0.0028	
2	137	0.2908	7	0	1	1	2	0	0	0	0	N	N	N	Y	N	N	N	N	N	N	N	N	0.0000	0.0000	0.0000	0.0000	0.0000	0.0000	0.0000	0.0000	0.0000	0.0000	0.0000	0.0000	0.0000	0.0000	0.0000	0.0000	0.0000	0.0000	0.0000	0.0000	8.0000	0.0000	25.9398	0.0000	0.0000	0.0000	0.0000	0.0000	0.0000	0.0000	0.0000	0.0000	0.0000	0.0000	0.0000	0.0000	0.0000	0.0000	0.0000	0.0000	0.0000	0.0000	0.0000	0.0000	0.0000	0.0000	0.0000	0.0000	0.0000	0.0000	0.0000	0.0000	0.0000	0.0000	0.0000	0.0000	0.0000	0.0000	0.0000	0.0000	0.0000	0.0000	0.0000	0.0000	0.0000	0.0000	0.0000	0.0000	0.0000	0.0000	0.0000	0.0000	0.0000	0.0000	0.0000	0.0000	0.0000	0.0000											
2	138	0.2858	6	0	1	1	2	0	0	0	0	N	N	N	Y	N	N	N	N	N	N	N	N	0.0000	0.0000	0.0000	0.0000	0.0000	0.0000	0.0000	0.0000	0.0000	0.0000	0.0000	0.0000	0.0000	0.0000	0.0000	0.0000	0.0000	0.0000	0.0000	0.0000	8.0000	0.0021	25.9398	2.0000	0.0000	0.0000	0.0000	0.0000	0.0000	0.0000	0.0000	0.0000	0.0000	0.0000	0.0000	0.0000	0.0000	0.0000	0.0000	0.0000	0.0000	0.0000	0.0001	0.0001	0.0000	0.0000	0.0000	0.0000	0.0001	0.0001	0.0000	0.0799	0.0452	0.0348	0.0121	0.0107	0.0015	0.0678	0.0345	0.0333	0.0000	0.0000	0.0000	0.0000	0.0000	0.0000	0.0000	0.0000	0.0000	0.0000	0.0000	0.0000	0.0000	0.0000	0.0000	0.0000	0.0000	0.0000											
2	139	0.2755	5	0	0	1	2	0	0	0	0	N	N	N	Y	N	N	N	N	N	N	N	N	0.0000	0.0000	0.0000	0.0000	0.0000	0.0000	0.0000	0.0000	0.0000	0.0000	0.0000	0.0000	0.0000	0.0001	0.0001	0.0000	0.0000	0.0000	0.0000	0.0001	0.0001	0.0000	0.0000	0.0000	-0.0000	8.0000	1.0020	25.9398	3.0181	0.0000	0.0000	0.0000	0.0000	0.0000	0.0000	0.0000	0.0000	0.0000	0.0000	0.0000	0.0000	0.0000	0.0000	0.0000	0.0000	0.0000	0.0000	0.0501	0.0425	0.0076	0.0033	0.0031	0.0002	0.0468	0.0394	0.0074	0.1624	0.0911	0.0713	0.0235	0.0206	0.0029	0.1389	0.0705	0.0684	0.0000	0.0000	0.0000	0.0000	0.0000	0.0000	0.0000	0.0000	0.0000	0.0001	0.0001	0.0000	0.0000	0.0000	0.0000	0.0001	0.0001	0.0000						
2	140	0.2612	5	0	1	1	1	0	0	0	0	N	N	N	N	N	N	N	N	N	N	N	N	0.0000	0.0000	0.0000	0.0000	0.0000	0.0000	0.0000	0.0000	0.0000	0.0000	0.0000	0.0000	0.0000	0.0000	0.0000	0.0000	0.0000	0.0000	0.0000	0.0000	8.0000	0.0000	25.9398	4.0001	0.0000	0.0000	0.0000	0.0000	0.0000	0.0000	0.0000	0.0000	0.0000	0.0000	0.0000	0.0000	0.0000	0.0000	0.0000	0.0000	0.0000	0.0000	0.0000	0.0000	0.0000	0.0000	0.0000	0.0000	0.0000	0.0000	0.0000	0.1620	0.0900	0.0719	0.0202	0.0177	0.0026	0.1418	0.0724	0.0694	0.0000	0.0000	0.0000	0.0000	0.0000	0.0000	0.0000	0.0000	0.0000	0.0000	0.0000	0.0000	0.0000	0.0000	0.0000	0.0000	0.0000	0.0000											
2	141	0.6388	7	0	1	1	1	0	0	0	0	N	N	N	N	N	N	N	N	N	N	N	N	0.0000	0.0000	0.0000	0.0000	0.0000	0.0000	0.0000	0.0000	0.0000	0.0000	0.0000	0.0000	0.0000	0.0000	0.0000	0.0000	0.0000	0.0000	0.0063	0.0094	0.0001	0.0004	0.0005	0.0000	0.0118	0.0233	0.0002	0.0075	0.0000	-0.0006	8.0000	1.0003	25.9398	5.0186	0.0000	0.0000	0.0000	0.0000	0.0000	0.0000	0.0000	0.0000	0.0000	0.0013	0.0013	0.0000	0.0000	0.0000	0.0000	0.0012	0.0012	0.0000	0.0483	0.0415	0.0068	0.0117	0.0107	0.0010	0.0366	0.0308	0.0058	0.2015	0.1335	0.0680	0.0977	0.0811	0.0166	0.1038	0.0524	0.0514	0.0000	0.0000	0.0000	0.0000	0.0000	0.0000	0.0000	0.0000	0.0000	0.0063	0.0094	0.0001	0.0004	0.0005	0.0000	0.0118	0.0233	0.0002	
2	142	0.2755	5	0	0	2	2	0	0	0	0	N	N	Y	Y	N	N	N	N	N	N	N	N	0.0000	0.0000	0.0000	0.0000	0.0000	0.0000	0.0000	0.0000	0.0000	0.0000	0.0000	0.0000	0.0000	0.0000	0.0001	0.0000	0.0000	0.0000	0.0000	0.0000	0.0001	0.0000	0.0000	0.0000	-0.0000	8.0000	0.0001	25.9398	9.0026	0.0000	0.0000	0.0000	0.0000	0.0000	0.0000	0.0000	0.0000	0.0000	0.0000	0.0000	0.0000	0.0000	0.0000	0.0000	0.0000	0.0000	0.0000	0.0000	0.0000	0.0000	0.0000	0.0000	0.0000	0.0000	0.0000	0.0000	0.3560	0.1999	0.1561	0.0514	0.0449	0.0065	0.3046	0.1549	0.1497	0.0000	0.0000	0.0000	0.0000	0.0000	0.0000	0.0000	0.0000	0.0000	0.0000	0.0001	0.0000	0.0000	0.0000	0.0000	0.0000	0.0001	0.0000						
2	143	0.6243	7	0	0	2	2	0	0	0	0	N	N	Y	Y	N	N	N	N	N	N	N	N	0.0000	0.0000	0.0000	0.0000	0.0000	0.0000	0.0000	0.0000	0.0000	0.0000	0.0000	0.0000	0.0000	0.0000	0.0000	0.0002	0.0000	0.0005	0.0002	0.0000	0.0010	0.0002	0.0000	0.0003	inf	0.0000	0.0000	8.0000	2.0061	25.9398	8.0425	0.0000	0.0000	0.0000	0.0000	0.0000	0.0000	0.0000	0.0000	0.0000	0.0001	0.0000	0.0001	0.0000	0.0000	0.0000	0.0000	0.0000	0.0000	0.0961	0.0822	0.0138	0.0210	0.0193	0.0018	0.0751	0.0630	0.0121	0.3380	0.2227	0.1153	0.1614	0.1331	0.0283	0.1766	0.0896	0.0870	0.0000	0.0000	0.0000	0.0000	0.0000	0.0000	0.0000	0.0000	0.0000	0.0002	0.0000	0.0005	0.0002	0.0000	0.0010	0.0002	0.0000	0.0003				
2	144	0.6152	6	0	0	1	2	0	0	0	0	N	N	N	Y	N	N	N	N	N	N	N	N	0.0000	0.0000	0.0000	0.0000	0.0000	0.0000	0.0000	0.0000	0.0000	0.0000	0.0000	0.0000	0.0000	0.0000	0.0000	0.0000	0.0000	0.0000	0.0127	0.0137	0.0100	0.0248	0.0227	0.0411	0.0012	0.0000	0.0026	0.2888	0.0000	-0.0007	8.0000	1.9550	25.9398	2.1189	0.0000	0.0000	0.0000	0.0000	0.0000	0.0000	0.0000	0.0000	0.0000	0.0028	0.0022	0.0006	0.0027	0.0022	0.0005	0.0001	0.0000	0.0001	0.1012	0.0864	0.0147	0.0284	0.0255	0.0029	0.0728	0.0610	0.0118	0.2226	0.1594	0.0632	0.1084	0.0962	0.0122	0.1142	0.0631	0.0510	0.0000	0.0000	0.0000	0.0000	0.0000	0.0000	0.0000	0.0000	0.0000	0.0127	0.0137	0.0100	0.0248	0.0227	0.0411	0.0012	0.0000	0.0026	
2	145	0.6152	6	0	0	2	2	0	0	0	0	N	N	Y	Y	N	N	N	N	N	N	N	N	0.0000	0.0000	0.0000	0.0000	0.0000	0.0000	0.0000	0.0000	0.0000	0.0000	0.0000	0.0000	0.0000	0.0000	0.0000	0.0000	0.0000	1.2756	1.8981	0.0001	2.6999	3.2077	0.0005	0.0003	0.0006	0.0000	0.0000	0.0000	-0.4316	8.0000	2.1261	25.9398	18.6477	0.0000	0.0000	0.0000	0.0000	0.0000	0.0000	0.0000	0.0000	0.0000	0.9416	0.9416	0.0000	0.9415	0.9414	0.0000	0.0001	0.0001	0.0000	0.1093	0.0934	0.0158	0.0303	0.0272	0.0031	0.0790	0.0662	0.0128	0.7382	0.4960	0.2421	0.3487	0.2935	0.0552	0.3895	0.2025	0.1869	0.0000	0.0000	0.0000	0.0000	0.0000	0.0000	0.0000	0.0000	0.0000	1.2756	1.8981	0.0001	2.6999	3.2077	0.0005	0.0003	0.0006	0.0000		
2	146	0.2755	5	0	0	2	2	0	0	0	0	N	N	Y	Y	N	N	N	N	N	N	N	N	0.0000	0.0000	0.0000	0.0000	0.0000	0.0000	0.0000	0.0000	0.0000	0.0000	0.0000	0.0000	0.0000	0.0000	0.0001	0.0000	0.0000	0.0000	0.0000	0.0000	0.0001	0.0000	0.0000	0.0000	-0.0000	8.0000	2.0001	25.9398	5.9880	0.0000	0.0000	0.0000	0.0000	0.0000	0.0000	0.0000	0.0000	0.0000	0.0000	0.0000	0.0000	0.0000	0.0000	0.0000	0.0000	0.0000	0.0000	0.0996	0.0845	0.0151	0.0066	0.0061	0.0005	0.0930	0.0784	0.0146	0.3172	0.1781	0.1392	0.0458	0.0401	0.0058	0.2714	0.1380	0.1334	0.0000	0.0000	0.0000	0.0000	0.0000	0.0000	0.0000	0.0000	0.0000	0.0000	0.0001	0.0000	0.0000	0.0000	0.0000	0.0000	0.0001	0.0000						
2	147	0.2755	5	0	0	2	2	0	0	0	0	N	N	Y	Y	N	N	N	N	N	N	N	N	0.0000	0.0000	0.0000	0.0000	0.0000	0.0000	0.0000	0.0000	0.0000	0.0000	0.0000	0.0000	0.0000	0.8656	1.5336	0.0000	0.0000	0.0000	0.0000	1.0103	1.9695	0.0000	0.0000	0.0000	-0.4584	8.0000	9.0001	25.9398	23.0169	0.0000	0.0000	0.0000	0.0000	0.0000	0.0000	0.0000	0.0000	0.0000	1.0000	1.0000	0.0000	0.0000	0.0000	0.0000	1.0000	1.0000	0.0000	0.4339	0.3690	0.0650	0.0285	0.0265	0.0020	0.4054	0.3424	0.0630	1.1553	0.6521	0.5032	0.1655	0.1443	0.0212	0.9898	0.5078	0.4820	0.0000	0.0000	0.0000	0.0000	0.0000	0.0000	0.0000	0.0000	0.0000	0.8656	1.5336	0.0000	0.0000	0.0000	0.0000	1.0103	1.9695	0.0000						
2	148	0.2502	4	0	0	1	2	0	0	0	0	N	N	N	Y	N	N	N	N	N	N	N	N	0.0000	0.0000	0.0000	0.0000	0.0000	0.0000	0.0000	0.0000	0.0000	0.0000	0.0000	0.0000	0.0000	0.0000	0.0000	2.3155	4.0974	0.0000	0.1951	0.2179	0.0000	2.7179	5.4095	0.0000	0.0000	0.0000	-0.4621	8.0000	1.9990	25.9398	7.9526	0.0000	0.0000	0.0000	0.0000	0.0000	0.0000	0.0000	0.0000	0.0000	1.0081	1.0081	0.0000	0.0135	0.0135	0.0000	0.9945	0.9945	0.0000	0.1001	0.0849	0.0152	0.0065	0.0061	0.0004	0.0936	0.0788	0.0148	0.4354	0.2460	0.1893	0.0694	0.0622	0.0073	0.3659	0.1839	0.1821	0.0000	0.0000	0.0000	0.0000	0.0000	0.0000	0.0000	0.0000	0.0000	2.3155	4.0974	0.0000	0.1951	0.2179	0.0000	2.7179	5.4095	0.0000				
2	149	0.2183	3	1	1	1	1	0	0	0	0	N	N	N	N	N	N	N	N	N	N	N	N	0.0000	0.0000	0.0000	0.0000	0.0000	0.0000	0.0000	0.0000	0.0000	0.0000	0.0000	0.0000	0.0000	0.0000	0.0000	0.0000	0.0000	0.0000	2.0205	0.2338	4.6517	0.0021	0.0022	0.0009	2.4333	0.3184	4.7754	13.5089	0.0000	1.0148	8.0000	5.3497	25.9398	17.2225	0.0000	0.0000	0.0000	0.0000	0.0000	0.0000	0.0000	0.0000	0.0000	2.1468	0.1480	1.9989	0.0004	0.0004	0.0000	2.1465	0.1476	1.9989	0.3116	0.2643	0.0473	0.0330	0.0324	0.0006	0.2786	0.2319	0.0467	1.0625	0.6328	0.4297	0.1804	0.1693	0.0111	0.8821	0.4635	0.4186	0.0000	0.0000	0.0000	0.0000	0.0000	0.0000	0.0000	0.0000	0.0000	2.0205	0.2338	4.6517	0.0021	0.0022	0.0009	2.4333	0.3184	4.7754	
2	150	0.2491	4	0	1	1	1	0	0	0	0	N	N	N	N	N	N	N	N	N	N	N	N	0.0022	0.0016	0.0022	0.0021	0.0022	0.0014	0.0022	0.0026	0.0000	0.0012	0.0012	0.0000	0.0026	0.0031	0.0000	1.0159	1.6132	0.0000	0.5179	0.5617	0.0000	1.1833	2.2264	0.0000	0.0000	0.0000	-0.0003	-0.5241	8.0000	3.6794	25.9398	17.4287	0.0006	0.0006	0.0000	0.0001	0.0001	0.0000	0.0006	0.0006	0.0000	1.1434	1.1434	0.0000	0.1466	0.1466	0.0000	0.9967	0.9967	0.0000	0.2909	0.2523	0.0386	0.0692	0.0673	0.0019	0.2217	0.1850	0.0367	1.1255	0.7087	0.4167	0.2831	0.2611	0.0221	0.8423	0.4477	0.3947	0.0022	0.0016	0.0000	0.0022	0.0021	0.0000	0.0022	0.0014	0.0000	1.0159	1.6132	0.0000	0.5179	0.5617	0.0000	1.1833	2.2264	0.0000			
2	151	0.2183	3	0	1	1	1	0	0	0	0	N	N	N	N	N	N	N	N	N	N	N	N	3.4171	2.8537	0.0000	0.0000	0.0000	0.0000	22.5980	241.9091	0.0000	4.5295	5.3336	0.0000	0.0000	0.0000	0.0000	5.2571	6.3558	0.0000	1.3255	1.8690	0.4534	7.4269	6.3336	0.0028	0.2326	0.0263	0.4649	0.0000	0.1512	-0.4409	-0.3202	8.0000	3.4464	25.9398	10.1316	0.9995	0.9995	0.0000	0.0000	0.0000	0.0000	0.9995	0.9995	0.0000	0.9789	0.8504	0.1286	0.8422	0.8422	0.0000	0.1367	0.0082	0.1285	0.2207	0.1874	0.0333	0.0305	0.0301	0.0004	0.1901	0.1573	0.0329	0.7385	0.4550	0.2835	0.1509	0.1438	0.0071	0.5876	0.3112	0.2765	3.4171	2.8537	0.0000	0.0000	0.0000	0.0000	22.5980	241.9091	0.0000	1.3255	1.8690	0.4534	5.5818	5.8562	0.0028	0.2326	0.0263	0.4649
2	152	0.6456	9	1	1	1	1	0	0	0	0	N	N	N	N	N	N	N	N	N	N	N	N	0.0000	0.0000	0.0000	0.0000	0.0000	0.0000	0.0000	0.0000	0.0000	0.0000	0.0000	0.0000	0.0000	0.0000	0.0000	0.0000	0.0000	0.0000	0.0000	0.0000	8.0000	1.0143	25.9398	12.0086	0.0000	0.0000	0.0000	0.0000	0.0000	0.0000	0.0000	0.0000	0.0000	0.0000	0.0000	0.0000	0.0000	0.0000	0.0000	0.0000	0.0000	0.0000	0.0500	0.0430	0.0070	0.0125	0.0115	0.0010	0.0375	0.0315	0.0060	0.4190	0.2772	0.1418	0.2016	0.1668	0.0348	0.2175	0.1104	0.1071	0.0000	0.0000	0.0000	0.0000	0.0000	0.0000	0.0000	0.0000	0.0000	0.0000	0.0000	0.0000	0.0000	0.0000	0.0000	0.0000	0.0000	0.0000											
2	153	0.6434	8	1	1	1	1	0	0	0	0	N	N	N	N	N	N	N	N	N	N	N	N	0.0000	0.0000	0.0000	0.0000	0.0000	0.0000	0.0000	0.0000	0.0000	0.0000	0.0000	0.0000	0.0000	0.0003	0.0004	0.0000	0.0000	0.0000	0.0000	0.0006	0.0011	0.0000	0.0000	0.0000	-0.0000	8.0000	0.9811	25.9398	0.0216	0.0000	0.0000	0.0000	0.0000	0.0000	0.0000	0.0000	0.0000	0.0000	0.0000	0.0000	0.0000	0.0000	0.0000	0.0000	0.0000	0.0000	0.0000	0.0477	0.0410	0.0067	0.0117	0.0107	0.0010	0.0361	0.0303	0.0058	0.0342	0.0227	0.0115	0.0167	0.0139	0.0028	0.0176	0.0089	0.0087	0.0000	0.0000	0.0000	0.0000	0.0000	0.0000	0.0000	0.0000	0.0000	0.0003	0.0004	0.0000	0.0000	0.0000	0.0000	0.0006	0.0011	0.0000						
2	154	0.6388	7	1	1	1	1	0	0	0	0	N	N	N	N	N	N	N	N	N	N	N	N	0.0000	0.0000	0.0000	0.0000	0.0000	0.0000	0.0000	0.0000	0.0000	0.0000	0.0000	0.0000	0.0000	0.0000	0.0000	0.0000	0.0000	0.0000	0.0182	0.0272	0.0004	0.0015	0.0018	0.0000	0.0342	0.0673	0.0005	0.0074	0.0000	-0.0006	8.0000	0.0083	25.9398	2.0001	0.0000	0.0000	0.0000	0.0000	0.0000	0.0000	0.0000	0.0000	0.0000	0.0013	0.0013	0.0000	0.0001	0.0000	0.0000	0.0012	0.0012	0.0000	0.0005	0.0004	0.0001	0.0002	0.0001	0.0000	0.0003	0.0003	0.0001	0.0701	0.0466	0.0235	0.0341	0.0285	0.0057	0.0360	0.0181	0.0178	0.0000	0.0000	0.0000	0.0000	0.0000	0.0000	0.0000	0.0000	0.0000	0.0182	0.0272	0.0004	0.0015	0.0018	0.0000	0.0342	0.0673	0.0005	
2	155	0.6152	6	0	1	1	1	0	0	0	0	N	N	N	N	N	N	N	N	N	N	N	N	0.0000	0.0000	0.0000	0.0000	0.0000	0.0000	0.0000	0.0000	0.0000	0.0000	0.0000	0.0000	0.0000	0.0000	0.0000	0.0000	0.0000	0.0000	2.3566	3.4320	0.0048	0.0031	0.0007	0.0172	4.5184	8.5314	0.0014	0.0006	0.0000	-0.4565	8.0000	2.9180	25.9398	7.4065	0.0000	0.0000	0.0000	0.0000	0.0000	0.0000	0.0000	0.0000	0.0000	0.9974	0.9968	0.0006	0.0006	0.0001	0.0005	0.9968	0.9966	0.0001	0.1466	0.1256	0.0211	0.0391	0.0353	0.0038	0.1075	0.0903	0.0173	0.4232	0.2904	0.1328	0.2026	0.1736	0.0290	0.2206	0.1168	0.1038	0.0000	0.0000	0.0000	0.0000	0.0000	0.0000	0.0000	0.0000	0.0000	2.3566	3.4320	0.0048	0.0031	0.0007	0.0172	4.5184	8.5314	0.0014	
2	156	0.5494	5	0	0	1	1	0	0	0	0	N	N	N	N	N	N	N	N	N	N	N	N	1.1072	12.3620	0.0002	2.0216	6.6409	0.0007	0.7932	20.6686	0.0002	0.7304	0.8321	0.0004	0.4911	0.5208	0.0009	0.8466	1.0007	0.0003	0.6597	0.0673	1.8908	0.2429	0.0784	1.2494	1.0674	0.0484	2.0653	0.0001	13.5153	-0.1873	0.3970	8.0000	8.2479	25.9398	19.7214	0.4246	0.4246	0.0000	0.0934	0.0934	0.0000	0.3312	0.3312	0.0000	0.8398	0.0579	0.7819	0.1529	0.0424	0.1105	0.6868	0.0154	0.6714	0.5813	0.5102	0.0711	0.1901	0.1792	0.0109	0.3912	0.3310	0.0602	1.2730	0.8595	0.4135	0.6296	0.5411	0.0884	0.6434	0.3184	0.3251	1.1072	12.3620	0.0002	2.0216	6.6409	0.0007	0.7932	20.6686	0.0002	0.6597	0.0673	1.8908	0.2429	0.0784	1.2494	1.0674	0.0484	2.0653
2	157	0.5132	4	0	0	1	1	0	0	0	0	N	N	N	N	N	N	N	N	N	N	N	N	1.3660	1.7967	0.0346	0.0223	0.0255	0.0163	1.3438	1.5001	0.0372	1.5371	1.7701	0.0493	0.0169	0.0165	0.0225	2.0559	2.4290	0.0535	1.1252	0.9852	1.4270	0.7572	0.6461	1.3856	1.5299	1.6192	1.4407	0.0044	0.6721	-0.2934	-0.0798	8.0000	7.4725	25.9398	14.3153	0.6718	0.6689	0.0029	0.0019	0.0017	0.0002	0.6699	0.6672	0.0027	1.4143	0.8458	0.5685	0.4984	0.3614	0.1371	0.9159	0.4844	0.4314	0.4371	0.3779	0.0592	0.1112	0.1032	0.0080	0.3259	0.2747	0.0512	1.2569	0.8585	0.3984	0.6582	0.5593	0.0989	0.5986	0.2992	0.2995	1.3660	1.7967	0.0346	0.0223	0.0255	0.0163	1.3438	1.5001	0.0372	1.1252	0.9852	1.4270	0.7572	0.6461	1.3856	1.5299	1.6192	1.4407
2	158	0.4477	3	0	0	1	1	0	0	0	0	N	N	N	N	N	N	N	N	N	N	N	N	1.1977	0.1199	3.5715	0.1793	0.9850	0.0173	1.3305	0.0076	5.7979	1.5681	0.0522	11.5151	0.2090	0.2133	0.1302	1.9180	0.0059	12.5189	1.3093	0.4358	3.2242	1.1655	0.2166	7.5102	1.4416	0.7744	2.1592	33.5855	3.3749	0.5407	0.7361	8.0000	11.6653	25.9398	19.4910	1.0202	0.0295	0.9907	0.0278	0.0269	0.0009	0.9924	0.0026	0.9898	2.3512	0.5374	1.8138	1.0030	0.1621	0.8409	1.3483	0.3753	0.9729	0.6506	0.5646	0.0860	0.1332	0.1262	0.0070	0.5174	0.4383	0.0791	1.7958	1.2333	0.5626	0.8606	0.7486	0.1120	0.9353	0.4847	0.4506	1.1977	0.1199	3.5715	0.1793	0.9850	0.0173	1.3305	0.0076	5.7979	1.3093	0.4358	3.2242	1.1655	0.2166	7.5102	1.4416	0.7744	2.1592
2	159	0.4005	2	0	0	1	1	0	0	0	0	N	N	N	N	N	N	N	N	N	N	N	N	0.1739	0.1819	0.3714	0.1895	0.4607	0.0006	0.1996	0.1178	0.6276	0.1052	0.0384	0.5492	0.1402	0.1466	0.0021	0.0956	0.0047	0.5922	0.6051	0.2110	1.4788	0.7399	0.3182	3.7067	0.4787	0.0401	0.9436	2.1520	3.1598	0.0116	0.3396	8.0000	7.3933	25.9398	20.5306	0.0480	0.0152	0.0328	0.0138	0.0138	0.0000	0.0342	0.0014	0.0327	1.1273	0.2710	0.8563	0.6669	0.2512	0.4158	0.4604	0.0198	0.4405	0.4560	0.3964	0.0596	0.0984	0.0941	0.0043	0.3576	0.3023	0.0553	1.8631	1.2841	0.5790	0.9014	0.7892	0.1122	0.9617	0.4949	0.4669	0.1739	0.1819	0.3714	0.1895	0.4607	0.0006	0.1996	0.1178	0.6276	0.6051	0.2110	1.4788	0.7399	0.3182	3.7067	0.4787	0.0401	0.9436
2	161	0.2688	7	1	1	1	1	0	0	0	0	N	N	N	N	N	N	N	N	N	N	N	N	0.0000	0.0000	0.0000	0.0000	0.0000	0.0000	0.0000	0.0000	0.0000	0.0000	0.0000	0.0000	0.0000	0.0000	0.0000	0.0000	0.0000	0.0000	0.0000	0.0000	8.0000	0.0002	25.9398	3.0099	0.0000	0.0000	0.0000	0.0000	0.0000	0.0000	0.0000	0.0000	0.0000	0.0000	0.0000	0.0000	0.0000	0.0000	0.0000	0.0000	0.0000	0.0000	0.0000	0.0000	0.0000	0.0000	0.0000	0.0000	0.0000	0.0000	0.0000	0.1252	0.0705	0.0547	0.0169	0.0149	0.0020	0.1083	0.0556	0.0527	0.0000	0.0000	0.0000	0.0000	0.0000	0.0000	0.0000	0.0000	0.0000	0.0000	0.0000	0.0000	0.0000	0.0000	0.0000	0.0000	0.0000	0.0000											
2	162	0.2612	6	1	1	1	1	0	0	0	0	N	N	N	N	N	N	N	N	N	N	N	N	0.0000	0.0000	0.0000	0.0000	0.0000	0.0000	0.0000	0.0000	0.0000	0.0000	0.0000	0.0000	0.0000	0.0000	0.0000	0.0000	0.0000	0.0000	0.0000	0.0000	8.0000	0.9998	25.9398	2.0118	0.0000	0.0000	0.0000	0.0000	0.0000	0.0000	0.0000	0.0000	0.0000	0.0000	0.0000	0.0000	0.0000	0.0000	0.0000	0.0000	0.0000	0.0000	0.0500	0.0424	0.0076	0.0031	0.0029	0.0002	0.0468	0.0395	0.0074	0.1225	0.0681	0.0544	0.0153	0.0134	0.0019	0.1072	0.0547	0.0525	0.0000	0.0000	0.0000	0.0000	0.0000	0.0000	0.0000	0.0000	0.0000	0.0000	0.0000	0.0000	0.0000	0.0000	0.0000	0.0000	0.0000	0.0000											
2	163	0.2612	5	1	1	1	1	0	0	0	0	N	N	N	N	N	N	N	N	N	N	N	N	0.0000	0.0000	0.0000	0.0000	0.0000	0.0000	0.0000	0.0000	0.0000	0.0000	0.0000	0.0000	0.0000	0.0000	0.0000	0.0000	0.0000	0.0000	0.0000	0.0000	8.0000	0.0000	25.9398	0.0003	0.0000	0.0000	0.0000	0.0000	0.0000	0.0000	0.0000	0.0000	0.0000	0.0000	0.0000	0.0000	0.0000	0.0000	0.0000	0.0000	0.0000	0.0000	0.0000	0.0000	0.0000	0.0000	0.0000	0.0000	0.0000	0.0000	0.0000	0.0000	0.0000	0.0000	0.0000	0.0000	0.0000	0.0000	0.0000	0.0000	0.0000	0.0000	0.0000	0.0000	0.0000	0.0000	0.0000	0.0000	0.0000	0.0000	0.0000	0.0000	0.0000	0.0000	0.0000	0.0000	0.0000	0.0000											
2	164	0.2502	4	0	1	1	1	0	0	0	0	N	N	N	N	N	N	N	N	N	N	N	N	0.0000	0.0000	0.0000	0.0000	0.0000	0.0000	0.0000	0.0000	0.0000	0.0000	0.0000	0.0000	0.0000	0.0000	0.0000	0.0000	0.0000	0.0000	5.1864	0.0647	19.9185	0.1570	0.1714	0.0170	5.6310	0.0147	16.1063	120.5439	0.0000	0.5307	8.0000	0.0063	25.9398	4.3641	0.0000	0.0000	0.0000	0.0000	0.0000	0.0000	0.0000	0.0000	0.0000	0.9950	0.0082	0.9868	0.0070	0.0069	0.0001	0.9880	0.0013	0.9868	0.0010	0.0008	0.0002	0.0003	0.0003	0.0000	0.0006	0.0005	0.0002	0.2200	0.1265	0.0934	0.0445	0.0404	0.0041	0.1755	0.0862	0.0893	0.0000	0.0000	0.0000	0.0000	0.0000	0.0000	0.0000	0.0000	0.0000	4.5237	0.0647	10.5640	0.1570	0.1714	0.0170	5.6310	0.0147	11.0517	
2	165	0.2183	3	0	0	1	1	0	0	0	0	N	N	N	N	N	N	N	N	N	N	N	N	0.0000	0.0000	0.0000	0.0000	0.0000	0.0000	0.0000	0.0000	0.0000	0.0000	0.0000	0.0000	0.0000	0.0000	0.0000	0.0000	0.0000	0.0000	0.2429	0.3611	0.0502	0.0164	0.0171	0.0013	0.3033	0.5263	0.0514	0.0852	0.0000	-0.0646	8.0000	2.5207	25.9398	10.0226	0.0000	0.0000	0.0000	0.0000	0.0000	0.0000	0.0000	0.0000	0.0000	0.1700	0.1566	0.0133	0.0024	0.0024	0.0000	0.1676	0.1542	0.0133	0.1759	0.1495	0.0263	0.0293	0.0290	0.0003	0.1465	0.1205	0.0260	0.6997	0.4337	0.2660	0.1473	0.1407	0.0066	0.5524	0.2930	0.2594	0.0000	0.0000	0.0000	0.0000	0.0000	0.0000	0.0000	0.0000	0.0000	0.2429	0.3611	0.0502	0.0164	0.0171	0.0013	0.3033	0.5263	0.0514	
2	166	0.2027	2	0	0	1	1	0	0	0	0	N	N	N	N	N	N	N	N	N	N	N	N	0.0000	0.0000	0.0000	0.0000	0.0000	0.0000	0.0000	0.0000	0.0000	0.0000	0.0000	0.0000	0.0000	0.0000	0.0000	0.0000	0.0000	0.0000	0.5506	0.8615	0.0060	1.0931	1.1376	0.0004	0.3581	0.6809	0.0061	0.0040	0.0000	-0.1350	8.0000	2.6894	25.9398	4.6619	0.0000	0.0000	0.0000	0.0000	0.0000	0.0000	0.0000	0.0000	0.0000	0.2971	0.2959	0.0012	0.1545	0.1545	0.0000	0.1426	0.1414	0.0012	0.1530	0.1293	0.0237	0.0117	0.0116	0.0001	0.1413	0.1177	0.0236	0.5395	0.3434	0.1960	0.1413	0.1358	0.0055	0.3982	0.2077	0.1905	0.0000	0.0000	0.0000	0.0000	0.0000	0.0000	0.0000	0.0000	0.0000	0.5506	0.8615	0.0060	1.0931	1.1376	0.0004	0.3581	0.6809	0.0061	
3	4	0.6676	10	0	0	0	2	0	0	0	0	N	N	N	Y	N	N	N	N	N	N	N	N	33.6801	0.0000	64.5099	0.3012	0.0000	0.5243	21.1137	0.0000	59.2937	6.1967	0.0000	45.2349	0.0041	0.0000	0.0592	8.3301	0.0000	51.9924	0.1840	0.0015	0.7012	0.0137	0.0016	0.1130	0.3945	0.0012	0.8769	inf	167.1558	0.5575	0.0364	1.9995	11.5083	3.6173	19.4752	0.9976	0.0000	0.9976	0.0002	0.0000	0.0002	0.9974	0.0000	0.9974	0.0679	0.0004	0.0675	0.0028	0.0003	0.0025	0.0651	0.0001	0.0650	0.1610	0.1389	0.0221	0.0413	0.0384	0.0029	0.1197	0.1006	0.0192	0.3692	0.2729	0.0963	0.2041	0.1819	0.0221	0.1651	0.0909	0.0741	33.6801	0.0000	64.5099	0.3012	0.0000	0.5243	21.1137	0.0000	59.2937	0.1840	0.0015	0.7012	0.0137	0.0016	0.1130	0.3945	0.0012	0.8769
3	5	0.1710	3	1	0	1	1	0	0	0	0	N	N	N	N	N	N	N	N	N	N	N	N	0.0000	0.0000	0.0000	0.0000	0.0000	0.0000	0.0000	0.0000	0.0000	0.0000	0.0000	0.0000	0.0000	0.0000	0.0000	0.0000	0.0000	0.0000	12.0173	1.0690	59.4779	8.0194	0.0026	106.6614	10.4861	2.3920	42.3260	10.3580	0.0000	1.4340	1.9995	16.0000	3.6173	24.4443	0.0000	0.0000	0.0000	0.0000	0.0000	0.0000	0.0000	0.0000	0.0000	3.1614	0.2783	2.8831	0.9294	0.0004	0.9291	2.2320	0.2780	1.9540	0.1908	0.1620	0.0287	0.0144	0.0135	0.0009	0.1763	0.1485	0.0278	0.3744	0.2604	0.1140	0.1615	0.1442	0.0174	0.2129	0.1162	0.0966	0.0000	0.0000	0.0000	0.0000	0.0000	0.0000	0.0000	0.0000	0.0000	8.4441	1.0690	25.2875	5.7535	0.0026	53.4929	10.4861	2.3920	20.2186	
3	6	0.2081	5	0	1	0	1	0	0	0	0	N	N	N	N	N	N	N	N	N	N	N	N	0.0001	0.0001	0.0000	0.0002	0.0002	0.0000	0.0000	0.0000	0.0000	0.0000	0.0000	0.0000	0.0000	0.0000	0.0000	0.0000	0.0000	0.0000	0.0268	0.0359	0.0055	0.0520	0.0561	0.0126	0.0087	0.0121	0.0044	0.0000	0.0649	-0.0000	-0.0025	1.9995	3.1362	3.6173	18.3411	0.0000	0.0000	0.0000	0.0000	0.0000	0.0000	0.0000	0.0000	0.0000	0.0064	0.0060	0.0004	0.0052	0.0051	0.0001	0.0012	0.0009	0.0003	0.0462	0.0392	0.0070	0.0073	0.0070	0.0003	0.0389	0.0322	0.0067	0.2379	0.1668	0.0712	0.0995	0.0902	0.0093	0.1384	0.0766	0.0618	0.0001	0.0001	0.0000	0.0002	0.0002	0.0000	0.0000	0.0000	0.0000	0.0268	0.0359	0.0055	0.0520	0.0561	0.0126	0.0087	0.0121	0.0044
3	7	0.2668	6	0	0	1	2	0	0	0	0	N	N	N	Y	N	N	N	N	N	N	N	N	0.0000	0.0000	0.0000	0.0000	0.0000	0.0000	0.0000	0.0000	0.0000	0.0000	0.0000	0.0000	0.0000	0.0000	0.0000	0.0000	0.0000	0.0000	0.2542	0.3643	0.0008	0.6302	0.6718	0.0097	0.0013	0.0024	0.0000	0.0010	0.0000	-0.0168	1.9995	0.6329	3.6173	9.5631	0.0000	0.0000	0.0000	0.0000	0.0000	0.0000	0.0000	0.0000	0.0000	0.0368	0.0367	0.0000	0.0367	0.0366	0.0000	0.0001	0.0001	0.0000	0.0099	0.0087	0.0013	0.0018	0.0017	0.0001	0.0082	0.0070	0.0012	0.1447	0.1008	0.0438	0.0582	0.0545	0.0037	0.0865	0.0463	0.0402	0.0000	0.0000	0.0000	0.0000	0.0000	0.0000	0.0000	0.0000	0.0000	0.2542	0.3643	0.0008	0.6302	0.6718	0.0097	0.0013	0.0024	0.0000	
3	8	0.6199	9	0	0	1	2	0	0	0	0	N	N	N	Y	N	N	N	N	N	N	N	N	0.0000	0.0000	0.0000	0.0000	0.0000	0.0000	0.0000	0.0000	0.0000	0.0000	0.0000	0.0000	0.0000	0.0000	0.0000	0.0000	0.0000	0.0000	10.5458	17.1893	0.1452	41.0685	38.6782	0.1836	0.0765	0.0001	0.1387	0.0057	0.0000	-0.8202	1.9995	2.7092	3.6173	11.4516	0.0000	0.0000	0.0000	0.0000	0.0000	0.0000	0.0000	0.0000	0.0000	1.8120	1.8017	0.0103	1.8035	1.8016	0.0019	0.0084	0.0000	0.0084	0.0404	0.0343	0.0060	0.0097	0.0091	0.0006	0.0307	0.0252	0.0055	0.2393	0.1683	0.0710	0.1291	0.1188	0.0103	0.1102	0.0495	0.0607	0.0000	0.0000	0.0000	0.0000	0.0000	0.0000	0.0000	0.0000	0.0000	7.5717	10.7068	0.1452	13.9705	15.1671	0.1836	0.0765	0.0001	0.1387	
3	9	0.2449	5	1	1	0	1	0	0	0	0	N	N	N	N	N	N	N	N	N	N	N	N	0.0000	0.0000	0.0000	0.0000	0.0000	0.0000	0.0000	0.0000	0.0000	0.0000	0.0000	0.0000	0.0000	0.0000	0.0000	0.0051	0.0073	0.0000	0.0093	0.0110	0.0000	0.0008	0.0015	0.0000	0.0000	0.0000	-0.0004	1.9995	2.0019	3.6173	13.5902	0.0000	0.0000	0.0000	0.0000	0.0000	0.0000	0.0000	0.0000	0.0000	0.0009	0.0009	0.0000	0.0008	0.0008	0.0000	0.0001	0.0001	0.0000	0.0267	0.0228	0.0039	0.0045	0.0042	0.0003	0.0222	0.0186	0.0036	0.1733	0.1198	0.0536	0.0872	0.0739	0.0133	0.0861	0.0458	0.0402	0.0000	0.0000	0.0000	0.0000	0.0000	0.0000	0.0000	0.0000	0.0000	0.0051	0.0073	0.0000	0.0093	0.0110	0.0000	0.0008	0.0015	0.0000				
3	10	0.2784	8	1	0	1	1	0	0	0	0	N	N	N	N	N	N	N	N	N	N	N	N	0.0000	0.0000	0.0000	0.0000	0.0000	0.0000	0.0000	0.0000	0.0000	0.0000	0.0000	0.0000	0.0000	0.0000	0.0000	0.0000	0.0000	0.0046	0.0064	0.0006	0.0089	0.0102	0.0000	0.0004	0.0000	0.0008	0.0424	0.0000	-0.0002	1.9995	1.0010	3.6173	10.8665	0.0000	0.0000	0.0000	0.0000	0.0000	0.0000	0.0000	0.0000	0.0000	0.0006	0.0006	0.0000	0.0006	0.0006	0.0000	0.0000	0.0000	0.0000	0.0135	0.0116	0.0019	0.0026	0.0024	0.0002	0.0109	0.0091	0.0018	0.1275	0.0893	0.0382	0.0636	0.0556	0.0080	0.0639	0.0337	0.0302	0.0000	0.0000	0.0000	0.0000	0.0000	0.0000	0.0000	0.0000	0.0000	0.0046	0.0064	0.0006	0.0089	0.0102	0.0000	0.0004	0.0000	0.0008		
3	11	0.2679	8	1	1	0	2	0	0	0	0	N	N	N	Y	N	N	N	N	N	N	N	N	0.0000	0.0000	0.0000	0.0000	0.0000	0.0000	0.0000	0.0000	0.0000	0.0000	0.0000	0.0000	0.0000	0.0000	0.0000	12.2701	18.6669	0.0000	57.4330	62.5976	0.0000	0.0641	0.1142	0.0000	0.0000	0.0000	-0.2023	1.9995	0.0000	3.6173	4.9998	0.0000	0.0000	0.0000	0.0000	0.0000	0.0000	0.0000	0.0000	0.0000	0.4414	0.4414	0.0000	0.4397	0.4397	0.0000	0.0017	0.0017	0.0000	0.0000	0.0000	0.0000	0.0000	0.0000	0.0000	0.0000	0.0000	0.0000	0.0519	0.0374	0.0145	0.0247	0.0221	0.0026	0.0271	0.0152	0.0119	0.0000	0.0000	0.0000	0.0000	0.0000	0.0000	0.0000	0.0000	0.0000	8.5087	11.8167	0.0000	17.7685	19.8738	0.0000	0.0641	0.1142	0.0000				
3	12	0.6668	11	1	1	0	2	0	0	0	0	N	N	N	Y	N	N	N	N	N	N	N	N	0.0000	0.0000	0.0000	0.0000	0.0000	0.0000	0.0000	0.0000	0.0000	0.0000	0.0000	0.0000	0.0000	0.0000	0.0000	0.0001	0.0001	0.0000	0.0001	0.0001	0.0000	0.0000	0.0000	0.0000	0.0000	0.0000	-0.0000	1.9995	0.9995	3.6173	2.0282	0.0000	0.0000	0.0000	0.0000	0.0000	0.0000	0.0000	0.0000	0.0000	0.0000	0.0000	0.0000	0.0000	0.0000	0.0000	0.0000	0.0000	0.0000	0.0128	0.0110	0.0018	0.0035	0.0033	0.0003	0.0092	0.0077	0.0015	0.0324	0.0242	0.0082	0.0163	0.0147	0.0016	0.0162	0.0095	0.0067	0.0000	0.0000	0.0000	0.0000	0.0000	0.0000	0.0000	0.0000	0.0000	0.0001	0.0001	0.0000	0.0001	0.0001	0.0000	0.0000	0.0000	0.0000				
3	13	0.2658	6	1	0	1	1	0	0	0	0	N	N	N	N	N	N	N	N	N	N	N	N	0.0000	0.0000	0.0000	0.0000	0.0000	0.0000	0.0000	0.0000	0.0000	0.0000	0.0000	0.0000	0.0000	0.0000	0.0000	0.0000	0.0000	0.0000	0.0006	0.0008	0.0000	0.0006	0.0007	0.0000	0.0005	0.0010	0.0000	0.0025	0.0000	-0.0000	1.9995	0.0560	3.6173	10.7426	0.0000	0.0000	0.0000	0.0000	0.0000	0.0000	0.0000	0.0000	0.0000	0.0001	0.0001	0.0000	0.0000	0.0000	0.0000	0.0000	0.0000	0.0000	0.0027	0.0019	0.0008	0.0020	0.0014	0.0007	0.0006	0.0005	0.0001	0.1241	0.0871	0.0370	0.0626	0.0540	0.0087	0.0614	0.0331	0.0283	0.0000	0.0000	0.0000	0.0000	0.0000	0.0000	0.0000	0.0000	0.0000	0.0006	0.0008	0.0000	0.0006	0.0007	0.0000	0.0005	0.0010	0.0000	
3	14	0.2287	6	0	0	1	1	0	0	0	0	N	N	N	N	N	N	N	N	N	N	N	N	0.0000	0.0000	0.0000	0.0000	0.0000	0.0000	0.0000	0.0000	0.0000	0.0000	0.0000	0.0000	0.0000	0.0000	0.0000	0.0000	0.0000	0.0000	0.0004	0.0005	0.0001	0.0007	0.0007	0.0006	0.0001	0.0001	0.0000	0.0951	0.0000	-0.0000	1.9995	16.7310	3.6173	15.9078	0.0000	0.0000	0.0000	0.0000	0.0000	0.0000	0.0000	0.0000	0.0000	0.0001	0.0001	0.0000	0.0001	0.0001	0.0000	0.0000	0.0000	0.0000	0.2135	0.1825	0.0311	0.0354	0.0330	0.0024	0.1781	0.1494	0.0287	0.3101	0.2214	0.0887	0.1436	0.1283	0.0153	0.1665	0.0931	0.0734	0.0000	0.0000	0.0000	0.0000	0.0000	0.0000	0.0000	0.0000	0.0000	0.0004	0.0005	0.0001	0.0007	0.0007	0.0006	0.0001	0.0001	0.0000	
3	15	0.5140	7	0	0	1	1	0	0	0	0	N	N	N	N	N	N	N	N	N	N	N	N	0.1144	0.5863	0.0000	0.8927	1.3543	0.0000	0.0001	0.0025	0.0000	0.0010	0.0012	0.0000	0.0033	0.0035	0.0000	0.0000	0.0000	0.0000	0.0092	0.0020	0.0270	0.0036	0.0026	0.0117	0.0155	0.0011	0.0314	0.0000	5.2700	-0.0001	0.0010	1.9995	10.3367	3.6173	13.9008	0.0001	0.0001	0.0000	0.0001	0.0001	0.0000	0.0000	0.0000	0.0000	0.0025	0.0004	0.0021	0.0005	0.0003	0.0002	0.0020	0.0001	0.0019	0.1351	0.1181	0.0170	0.0435	0.0408	0.0026	0.0916	0.0773	0.0143	0.2771	0.1980	0.0792	0.1483	0.1306	0.0177	0.1288	0.0674	0.0614	0.1144	0.5863	0.0000	0.8927	1.3543	0.0000	0.0001	0.0025	0.0000	0.0092	0.0020	0.0270	0.0036	0.0026	0.0117	0.0155	0.0011	0.0314
3	16	0.1921	5	0	0	1	1	0	0	0	0	N	N	N	N	N	N	N	N	N	N	N	N	0.0000	0.0000	0.0000	0.0000	0.0000	0.0000	0.0000	0.0000	0.0000	0.0000	0.0000	0.0000	0.0000	0.0000	0.0000	0.0000	0.0000	0.0000	2.9713	4.2707	0.0287	12.5019	12.2928	0.0058	0.0160	0.0028	0.0322	0.0030	0.0000	-0.4244	1.9995	12.0000	3.6173	18.8883	0.0000	0.0000	0.0000	0.0000	0.0000	0.0000	0.0000	0.0000	0.0000	0.9318	0.9291	0.0028	0.9289	0.9288	0.0001	0.0030	0.0003	0.0027	0.1538	0.1309	0.0229	0.0161	0.0151	0.0009	0.1377	0.1157	0.0220	0.3136	0.2175	0.0961	0.1286	0.1159	0.0128	0.1850	0.1017	0.0833	0.0000	0.0000	0.0000	0.0000	0.0000	0.0000	0.0000	0.0000	0.0000	2.9713	4.2707	0.0287	7.2212	8.0160	0.0058	0.0160	0.0028	0.0322	
3	17	0.6753	8	1	1	0	1	0	0	0	0	N	N	N	N	N	N	N	N	N	N	N	N	0.0000	0.0000	0.0000	0.0000	0.0000	0.0000	0.0000	0.0000	0.0000	0.0000	0.0000	0.0000	0.0000	0.0012	0.0017	0.0000	0.0024	0.0027	0.0000	0.0000	0.0000	0.0000	0.0000	0.0000	-0.0001	1.9995	3.5868	3.6173	9.0275	0.0000	0.0000	0.0000	0.0000	0.0000	0.0000	0.0000	0.0000	0.0000	0.0001	0.0001	0.0000	0.0001	0.0001	0.0000	0.0000	0.0000	0.0000	0.0740	0.0657	0.0083	0.0317	0.0303	0.0014	0.0423	0.0355	0.0069	0.1174	0.0838	0.0336	0.0586	0.0527	0.0059	0.0588	0.0311	0.0277	0.0000	0.0000	0.0000	0.0000	0.0000	0.0000	0.0000	0.0000	0.0000	0.0012	0.0017	0.0000	0.0024	0.0027	0.0000	0.0000	0.0000	0.0000						
3	18	0.2449	5	1	1	0	1	0	0	0	0	N	N	N	N	N	N	N	N	N	N	N	N	0.0000	0.0000	0.0000	0.0000	0.0000	0.0000	0.0000	0.0000	0.0000	0.0000	0.0000	0.0000	0.0000	0.0000	0.0000	0.0000	0.0038	0.0051	0.0007	0.0071	0.0084	0.0000	0.0005	0.0000	0.0010	0.0649	0.0000	-0.0003	1.9995	3.9981	3.6173	16.5900	0.0000	0.0000	0.0000	0.0000	0.0000	0.0000	0.0000	0.0000	0.0000	0.0008	0.0008	0.0000	0.0008	0.0008	0.0000	0.0000	0.0000	0.0000	0.0528	0.0451	0.0077	0.0088	0.0082	0.0006	0.0440	0.0369	0.0071	0.2185	0.1511	0.0674	0.1081	0.0922	0.0159	0.1104	0.0589	0.0515	0.0000	0.0000	0.0000	0.0000	0.0000	0.0000	0.0000	0.0000	0.0000	0.0038	0.0051	0.0007	0.0071	0.0084	0.0000	0.0005	0.0000	0.0010			
3	19	0.6310	9	0	0	1	2	0	0	0	0	N	N	N	Y	N	N	N	N	N	N	N	N	0.0000	0.0000	0.0000	0.0000	0.0000	0.0000	0.0000	0.0000	0.0000	0.0000	0.0000	0.0000	0.0000	0.0000	0.0000	0.0000	0.0000	0.0004	0.0000	0.0016	0.0008	0.0000	0.0075	0.0000	0.0000	0.0001	5051.7778	0.0000	0.0000	1.9995	0.0000	3.6173	2.0009	0.0000	0.0000	0.0000	0.0000	0.0000	0.0000	0.0000	0.0000	0.0000	0.0000	0.0000	0.0000	0.0000	0.0000	0.0000	0.0000	0.0000	0.0000	0.0001	0.0001	0.0000	0.0001	0.0001	0.0000	0.0001	0.0000	0.0000	0.0223	0.0165	0.0057	0.0111	0.0100	0.0011	0.0111	0.0065	0.0046	0.0000	0.0000	0.0000	0.0000	0.0000	0.0000	0.0000	0.0000	0.0000	0.0004	0.0000	0.0016	0.0008	0.0000	0.0075	0.0000	0.0000	0.0001		
3	20	0.6453	10	0	0	1	2	0	0	0	0	N	N	N	Y	N	N	N	N	N	N	N	N	0.0000	0.0000	0.0000	0.0000	0.0000	0.0000	0.0000	0.0000	0.0000	0.0000	0.0000	0.0000	0.0000	0.0000	0.0000	0.0000	0.0000	0.0000	13.2877	20.0805	0.0001	64.6946	62.6895	0.0000	0.0001	0.0001	0.0001	0.0000	0.0000	-1.4488	1.9995	14.9999	3.6173	23.4905	0.0000	0.0000	0.0000	0.0000	0.0000	0.0000	0.0000	0.0000	0.0000	3.1608	3.1608	0.0000	3.1608	3.1608	0.0000	0.0000	0.0000	0.0000	0.1792	0.1536	0.0255	0.0436	0.0401	0.0035	0.1356	0.1135	0.0221	0.3541	0.2590	0.0951	0.1719	0.1541	0.0178	0.1822	0.1049	0.0773	0.0000	0.0000	0.0000	0.0000	0.0000	0.0000	0.0000	0.0000	0.0000	8.9266	12.2051	0.0001	18.3889	20.5114	0.0000	0.0001	0.0001	0.0001	
3	21	0.2449	5	0	1	0	1	0	0	0	0	N	N	N	N	N	N	N	N	N	N	N	N	0.0000	0.0000	0.0000	0.0000	0.0000	0.0000	0.0000	0.0000	0.0000	0.0000	0.0000	0.0000	0.0000	0.0000	0.0000	0.0000	0.0000	0.0000	10.1566	5.1479	28.0278	7.1759	8.0374	0.8889	9.0556	2.7816	32.0540	1.1875	0.0000	0.2233	1.9995	4.9981	3.6173	32.5905	0.0000	0.0000	0.0000	0.0000	0.0000	0.0000	0.0000	0.0000	0.0000	2.6434	1.2084	1.4350	0.9512	0.9301	0.0211	1.6921	0.2783	1.4139	0.0656	0.0561	0.0096	0.0109	0.0101	0.0008	0.0547	0.0459	0.0088	0.3584	0.2478	0.1105	0.1715	0.1478	0.0237	0.1869	0.1000	0.0868	0.0000	0.0000	0.0000	0.0000	0.0000	0.0000	0.0000	0.0000	0.0000	7.3764	4.8765	12.9802	5.5468	6.2947	0.8889	9.0556	2.7816	16.2845	
3	22	0.6753	8	0	1	0	1	0	0	0	0	N	N	N	N	N	N	N	N	N	N	N	N	1.1579	0.9460	0.0000	25.7789	24.6167	0.0000	0.0000	0.0000	0.0000	0.0087	0.0099	0.0000	0.0249	0.0266	0.0000	0.0000	0.0000	0.0000	0.0075	0.0105	0.0002	0.0010	0.0011	0.0000	0.0139	0.0262	0.0002	0.0000	0.0072	-0.0006	-0.0006	1.9995	12.5677	3.6173	9.8718	0.0014	0.0014	0.0000	0.0014	0.0014	0.0000	0.0000	0.0000	0.0000	0.0014	0.0014	0.0000	0.0001	0.0001	0.0000	0.0013	0.0013	0.0000	0.1653	0.1444	0.0209	0.0576	0.0541	0.0036	0.1077	0.0903	0.0174	0.1861	0.1319	0.0542	0.0919	0.0824	0.0096	0.0942	0.0495	0.0447	1.1579	0.9460	0.0000	25.7789	24.6167	0.0000	0.0000	0.0000	0.0000	0.0075	0.0105	0.0002	0.0010	0.0011	0.0000	0.0139	0.0262	0.0002
3	23	0.2924	8	0	0	0	2	0	0	0	0	N	N	N	Y	N	N	N	N	N	N	N	N	0.0000	0.0000	0.0000	0.0000	0.0000	0.0000	0.0000	0.0000	0.0000	0.0000	0.0000	0.0000	0.0000	0.0000	0.0000	0.0000	0.0001	0.0001	0.0000	0.0000	0.0000	0.0000	0.0000	0.0000	-0.0000	1.9995	0.9981	3.6173	0.0014	0.0000	0.0000	0.0000	0.0000	0.0000	0.0000	0.0000	0.0000	0.0000	0.0000	0.0000	0.0000	0.0000	0.0000	0.0000	0.0000	0.0000	0.0000	0.0132	0.0112	0.0019	0.0022	0.0020	0.0001	0.0110	0.0092	0.0018	0.0102	0.0072	0.0030	0.0046	0.0041	0.0005	0.0056	0.0031	0.0025	0.0000	0.0000	0.0000	0.0000	0.0000	0.0000	0.0000	0.0000	0.0000	0.0000	0.0000	0.0000	0.0001	0.0001	0.0000	0.0000	0.0000	0.0000						
3	24	0.2446	5	0	1	0	2	0	0	0	0	N	N	N	Y	N	N	N	N	N	N	N	N	0.0000	0.0000	0.0000	0.0000	0.0000	0.0000	0.0000	0.0000	0.0000	0.0000	0.0000	0.0000	0.0000	0.0000	0.0000	0.0000	0.0000	0.0000	0.0209	0.0280	0.0045	0.0556	0.0562	0.0481	0.0002	0.0000	0.0004	0.0691	0.0000	-0.0015	1.9995	0.6341	3.6173	12.6218	0.0000	0.0000	0.0000	0.0000	0.0000	0.0000	0.0000	0.0000	0.0000	0.0037	0.0035	0.0002	0.0037	0.0035	0.0002	0.0000	0.0000	0.0000	0.0102	0.0089	0.0013	0.0016	0.0016	0.0000	0.0086	0.0073	0.0013	0.1767	0.1233	0.0535	0.0660	0.0614	0.0046	0.1108	0.0619	0.0489	0.0000	0.0000	0.0000	0.0000	0.0000	0.0000	0.0000	0.0000	0.0000	0.0209	0.0280	0.0045	0.0556	0.0562	0.0481	0.0002	0.0000	0.0004	
3	25	0.6150	7	0	1	0	1	0	0	0	0	N	N	N	N	N	N	N	N	N	N	N	N	0.0347	5.0615	0.0000	0.0697	9.5723	0.0001	0.0001	0.0366	0.0000	0.0009	0.0010	0.0000	0.0026	0.0028	0.0000	0.0000	0.0000	0.0000	0.0251	0.0002	0.0952	0.0376	0.0003	0.2868	0.0103	0.0000	0.0246	0.0003	172.8271	-0.0001	0.0036	1.9995	10.0221	3.6173	10.6811	0.0001	0.0001	0.0000	0.0001	0.0001	0.0000	0.0000	0.0000	0.0000	0.0068	0.0000	0.0067	0.0055	0.0000	0.0055	0.0013	0.0000	0.0013	0.1661	0.1461	0.0200	0.0553	0.0523	0.0030	0.1108	0.0937	0.0170	0.2698	0.1990	0.0708	0.1464	0.1274	0.0191	0.1233	0.0716	0.0517	0.0347	5.0615	0.0000	0.0697	9.5723	0.0001	0.0001	0.0366	0.0000	0.0251	0.0002	0.0952	0.0376	0.0003	0.2868	0.0103	0.0000	0.0246
3	26	0.2790	7	0	1	0	1	0	0	0	0	N	N	N	N	N	N	N	N	N	N	N	N	0.0000	0.0000	0.0000	0.0000	0.0000	0.0000	0.0000	0.0000	0.0000	0.0000	0.0000	0.0000	0.0000	0.0000	0.0000	0.0000	0.0000	0.0000	0.0001	0.0002	0.0000	0.0002	0.0003	0.0000	0.0000	0.0000	0.0000	0.0098	0.0000	-0.0000	1.9995	3.9997	3.6173	5.4032	0.0000	0.0000	0.0000	0.0000	0.0000	0.0000	0.0000	0.0000	0.0000	0.0000	0.0000	0.0000	0.0000	0.0000	0.0000	0.0000	0.0000	0.0000	0.0524	0.0448	0.0076	0.0092	0.0086	0.0007	0.0432	0.0363	0.0069	0.1100	0.0776	0.0324	0.0551	0.0487	0.0064	0.0549	0.0289	0.0260	0.0000	0.0000	0.0000	0.0000	0.0000	0.0000	0.0000	0.0000	0.0000	0.0001	0.0002	0.0000	0.0002	0.0003	0.0000	0.0000	0.0000	0.0000	
3	27	0.6453	10	0	1	0	2	0	0	0	0	N	N	N	Y	N	N	N	N	N	N	N	N	0.0000	0.0000	0.0000	0.0000	0.0000	0.0000	0.0000	0.0000	0.0000	0.0000	0.0000	0.0000	0.0000	0.0000	0.0000	0.0000	0.0000	0.0000	0.0039	0.0004	0.0135	0.0012	0.0006	0.0069	0.0064	0.0000	0.0150	12.7254	0.0000	0.0003	1.9995	4.9655	3.6173	10.6561	0.0000	0.0000	0.0000	0.0000	0.0000	0.0000	0.0000	0.0000	0.0000	0.0006	0.0000	0.0006	0.0001	0.0000	0.0001	0.0005	0.0000	0.0005	0.0630	0.0538	0.0091	0.0157	0.0145	0.0012	0.0472	0.0393	0.0079	0.1676	0.1232	0.0444	0.0819	0.0739	0.0079	0.0857	0.0492	0.0365	0.0000	0.0000	0.0000	0.0000	0.0000	0.0000	0.0000	0.0000	0.0000	0.0039	0.0004	0.0135	0.0012	0.0006	0.0069	0.0064	0.0000	0.0150	
3	28	0.2975	9	0	1	0	2	0	0	0	0	N	N	N	Y	N	N	N	N	N	N	N	N	0.0000	0.0000	0.0000	0.0000	0.0000	0.0000	0.0000	0.0000	0.0000	0.0000	0.0000	0.0000	0.0000	0.0000	0.0000	0.0000	0.0000	0.0000	0.0000	0.0000	1.9995	0.0000	3.6173	0.0000	0.0000	0.0000	0.0000	0.0000	0.0000	0.0000	0.0000	0.0000	0.0000	0.0000	0.0000	0.0000	0.0000	0.0000	0.0000	0.0000	0.0000	0.0000	0.0000	0.0000	0.0000	0.0000	0.0000	0.0000	0.0000	0.0000	0.0000	0.0000	0.0000	0.0000	0.0000	0.0000	0.0000	0.0000	0.0000	0.0000	0.0000	0.0000	0.0000	0.0000	0.0000	0.0000	0.0000	0.0000	0.0000	0.0000	0.0000	0.0000	0.0000	0.0000	0.0000	0.0000	0.0000	0.0000											
3	29	0.2649	4	1	1	0	1	0	0	0	0	N	N	N	N	N	N	N	N	N	N	N	N	0.0147	0.0131	0.0000	0.0171	0.0143	0.0000	0.0494	0.0412	0.0000	0.0047	0.0055	0.0000	0.0075	0.0079	0.0000	0.0037	0.0045	0.0000	0.3189	0.4206	0.0003	0.4392	0.5527	0.0000	0.0756	0.1102	0.0006	0.0000	0.0002	-0.0001	-0.0566	1.9995	3.9885	3.6173	8.5018	0.0003	0.0003	0.0000	0.0001	0.0001	0.0000	0.0002	0.0002	0.0000	0.1236	0.1236	0.0000	0.1139	0.1139	0.0000	0.0097	0.0097	0.0000	0.0680	0.0582	0.0098	0.0173	0.0164	0.0009	0.0508	0.0418	0.0089	0.3875	0.2939	0.0937	0.2594	0.2061	0.0532	0.1282	0.0877	0.0405	0.0147	0.0131	0.0000	0.0171	0.0143	0.0000	0.0494	0.0412	0.0000	0.3189	0.4206	0.0003	0.4392	0.5527	0.0000	0.0756	0.1102	0.0006
3	30	0.2558	6	0	1	0	1	0	0	0	0	N	N	N	N	N	N	N	N	N	N	N	N	0.0000	0.0000	0.0000	0.0000	0.0000	0.0000	0.0000	0.0000	0.0000	0.0000	0.0000	0.0000	0.0000	0.0000	0.0000	0.0000	0.0000	0.0000	0.0271	0.0386	0.0001	0.0259	0.0294	0.0002	0.0286	0.0583	0.0000	0.0007	0.0000	-0.0014	1.9995	0.9701	3.6173	4.0208	0.0000	0.0000	0.0000	0.0000	0.0000	0.0000	0.0000	0.0000	0.0000	0.0032	0.0032	0.0000	0.0016	0.0016	0.0000	0.0015	0.0015	0.0000	0.0393	0.0348	0.0045	0.0164	0.0160	0.0004	0.0228	0.0188	0.0041	0.1167	0.0821	0.0347	0.0634	0.0559	0.0076	0.0533	0.0262	0.0271	0.0000	0.0000	0.0000	0.0000	0.0000	0.0000	0.0000	0.0000	0.0000	0.0271	0.0386	0.0001	0.0259	0.0294	0.0002	0.0286	0.0583	0.0000	
3	31	0.2304	4	0	0	0	2	0	0	0	0	N	N	N	Y	N	N	N	N	N	N	N	N	0.0000	0.0000	0.0028	0.0000	0.0000	0.0000	0.0015	0.0000	0.0042	0.0000	0.0000	0.0000	0.0000	0.0000	0.0000	0.0000	0.0000	0.0000	0.0355	0.0495	0.0041	0.0971	0.1040	0.0164	0.0013	0.0001	0.0029	inf	0.0373	0.0000	-0.0038	1.9995	5.0045	3.6173	16.6627	0.0000	0.0000	0.0000	0.0000	0.0000	0.0000	0.0000	0.0000	0.0000	0.0090	0.0087	0.0003	0.0088	0.0087	0.0001	0.0002	0.0000	0.0002	0.0648	0.0551	0.0097	0.0054	0.0051	0.0003	0.0594	0.0500	0.0094	0.2543	0.1758	0.0785	0.0907	0.0835	0.0071	0.1636	0.0923	0.0714	0.0000	0.0000	0.0028	0.0000	0.0000	0.0000	0.0015	0.0000	0.0042	0.0355	0.0495	0.0041	0.0971	0.1040	0.0164	0.0013	0.0001	0.0029
3	32	0.7727	10	1	0	1	1	0	0	0	0	N	N	N	N	N	N	N	N	N	N	N	N	0.0000	0.0000	0.0000	0.0000	0.0000	0.0000	0.0000	0.0000	0.0000	0.0000	0.0000	0.0000	0.0000	0.0000	0.0000	0.0000	0.0000	0.0000	0.0000	0.0000	0.0000	0.0000	0.0000	0.0000	0.0000	0.0000	0.4524	0.0000	-0.0000	1.9995	1.4893	3.6173	0.0050	0.0000	0.0000	0.0000	0.0000	0.0000	0.0000	0.0000	0.0000	0.0000	0.0000	0.0000	0.0000	0.0000	0.0000	0.0000	0.0000	0.0000	0.0000	0.0170	0.0145	0.0025	0.0048	0.0044	0.0003	0.0123	0.0101	0.0022	0.0134	0.0096	0.0039	0.0069	0.0062	0.0007	0.0066	0.0033	0.0032	0.0000	0.0000	0.0000	0.0000	0.0000	0.0000	0.0000	0.0000	0.0000	0.0000	0.0000	0.0000	0.0000	0.0000	0.0000	0.0000	0.0000	0.0000		
3	33	0.2559	6	1	0	1	1	0	0	0	0	N	N	N	N	N	N	N	N	N	N	N	N	0.2442	3.8754	0.0000	1.9459	11.1296	0.0000	0.0000	0.0000	0.0000	0.0007	0.0009	0.0000	0.0037	0.0043	0.0000	0.0000	0.0000	0.0000	0.0030	0.0002	0.0098	0.0019	0.0004	0.0141	0.0039	0.0000	0.0089	0.0000	17.8351	-0.0000	0.0001	1.9995	0.9855	3.6173	5.0251	0.0000	0.0000	0.0000	0.0000	0.0000	0.0000	0.0000	0.0000	0.0000	0.0002	0.0000	0.0002	0.0001	0.0000	0.0000	0.0001	0.0000	0.0001	0.0137	0.0115	0.0021	0.0027	0.0023	0.0004	0.0110	0.0092	0.0018	0.0639	0.0454	0.0185	0.0295	0.0262	0.0033	0.0344	0.0192	0.0152	0.2442	3.8754	0.0000	1.9459	11.1296	0.0000	0.0000	0.0000	0.0000	0.0030	0.0002	0.0098	0.0019	0.0004	0.0141	0.0039	0.0000	0.0089
3	34	0.2287	6	0	1	0	1	0	0	0	0	N	N	N	N	N	N	N	N	N	N	N	N	0.0000	0.0000	0.0000	0.0000	0.0000	0.0000	0.0000	0.0000	0.0000	0.0000	0.0000	0.0000	0.0000	0.0000	0.0000	0.0000	0.0000	0.0004	0.0006	0.0000	0.0008	0.0009	0.0000	0.0000	0.0000	0.0001	0.0304	0.0000	-0.0000	1.9995	2.0026	3.6173	4.0175	0.0000	0.0000	0.0000	0.0000	0.0000	0.0000	0.0000	0.0000	0.0000	0.0000	0.0000	0.0000	0.0000	0.0000	0.0000	0.0000	0.0000	0.0000	0.0342	0.0287	0.0055	0.0081	0.0078	0.0003	0.0261	0.0209	0.0052	0.0737	0.0532	0.0205	0.0366	0.0327	0.0039	0.0371	0.0205	0.0166	0.0000	0.0000	0.0000	0.0000	0.0000	0.0000	0.0000	0.0000	0.0000	0.0004	0.0006	0.0000	0.0008	0.0009	0.0000	0.0000	0.0000	0.0001		
3	35	0.2287	5	0	0	0	1	0	0	0	0	N	N	N	N	N	N	N	N	N	N	N	N	0.0000	0.0000	0.0000	0.0000	0.0000	0.0000	0.0000	0.0000	0.0000	0.0000	0.0000	0.0000	0.0000	0.0000	0.0000	0.0000	0.0000	0.0000	0.0013	0.0013	0.0014	0.0019	0.0014	0.0059	0.0007	0.0010	0.0002	0.4321	0.0000	-0.0000	1.9995	0.4148	3.6173	1.5497	0.0000	0.0000	0.0000	0.0000	0.0000	0.0000	0.0000	0.0000	0.0000	0.0000	0.0000	0.0000	0.0000	0.0000	0.0000	0.0000	0.0000	0.0000	0.0133	0.0109	0.0025	0.0048	0.0047	0.0001	0.0085	0.0062	0.0024	0.0322	0.0234	0.0088	0.0173	0.0154	0.0019	0.0149	0.0080	0.0070	0.0000	0.0000	0.0000	0.0000	0.0000	0.0000	0.0000	0.0000	0.0000	0.0013	0.0013	0.0014	0.0019	0.0014	0.0059	0.0007	0.0010	0.0002	
3	36	0.1710	3	0	1	0	1	0	0	0	0	N	N	N	N	N	N	N	N	N	N	N	N	0.0000	0.0000	0.0000	0.0000	0.0000	0.0000	0.0000	0.0000	0.0000	0.0000	0.0000	0.0000	0.0000	0.0062	0.0089	0.0000	0.0143	0.0160	0.0000	0.0000	0.0000	0.0000	0.0000	0.0000	-0.0009	1.9995	7.9964	3.6173	23.6501	0.0000	0.0000	0.0000	0.0000	0.0000	0.0000	0.0000	0.0000	0.0000	0.0019	0.0019	0.0000	0.0019	0.0019	0.0000	0.0000	0.0000	0.0000	0.0975	0.0826	0.0149	0.0076	0.0071	0.0005	0.0899	0.0755	0.0144	0.3036	0.2113	0.0923	0.1323	0.1183	0.0140	0.1713	0.0930	0.0783	0.0000	0.0000	0.0000	0.0000	0.0000	0.0000	0.0000	0.0000	0.0000	0.0062	0.0089	0.0000	0.0143	0.0160	0.0000	0.0000	0.0000	0.0000						
3	37	0.2449	5	1	1	0	1	0	0	0	0	N	N	N	N	N	N	N	N	N	N	N	N	0.0000	0.0000	0.0000	0.0000	0.0000	0.0000	0.0000	0.0000	0.0000	0.0000	0.0000	0.0000	0.0000	0.0000	0.0000	0.0000	0.0000	0.0000	3.0895	0.0054	17.2500	0.0063	0.0070	0.0018	5.9566	0.0029	23.0326	829.0672	0.0000	0.5383	1.9995	6.9981	3.6173	25.9787	0.0000	0.0000	0.0000	0.0000	0.0000	0.0000	0.0000	0.0000	0.0000	0.9962	0.0012	0.9950	0.0010	0.0009	0.0000	0.9952	0.0003	0.9949	0.0910	0.0778	0.0132	0.0150	0.0140	0.0011	0.0759	0.0638	0.0121	0.3224	0.2230	0.0994	0.1554	0.1336	0.0217	0.1671	0.0894	0.0777	0.0000	0.0000	0.0000	0.0000	0.0000	0.0000	0.0000	0.0000	0.0000	3.0895	0.0054	10.0084	0.0063	0.0070	0.0018	5.9566	0.0029	12.8055	
3	38	0.2287	5	0	1	0	1	0	0	0	0	N	N	N	N	N	N	N	N	N	N	N	N	0.0000	0.0000	0.0000	0.0000	0.0000	0.0000	0.0000	0.0000	0.0000	0.0000	0.0000	0.0000	0.0000	0.0000	0.0000	0.0000	0.0000	0.0009	0.0000	0.0030	0.0014	0.0000	0.0137	0.0003	0.0000	0.0007	2637.8960	0.0000	0.0001	1.9995	4.7553	3.6173	10.1994	0.0000	0.0000	0.0000	0.0000	0.0000	0.0000	0.0000	0.0000	0.0000	0.0001	0.0000	0.0001	0.0001	0.0000	0.0001	0.0000	0.0000	0.0000	0.0696	0.0590	0.0106	0.0137	0.0129	0.0007	0.0559	0.0461	0.0099	0.1596	0.1147	0.0449	0.0761	0.0681	0.0080	0.0835	0.0466	0.0369	0.0000	0.0000	0.0000	0.0000	0.0000	0.0000	0.0000	0.0000	0.0000	0.0009	0.0000	0.0030	0.0014	0.0000	0.0137	0.0003	0.0000	0.0007		
3	39	0.1710	3	1	1	0	1	0	0	0	0	N	N	N	N	N	N	N	N	N	N	N	N	0.0000	0.0000	0.0000	0.0000	0.0000	0.0000	0.0000	0.0000	0.0000	0.0000	0.0000	0.0000	0.0000	0.0000	0.0000	0.0000	0.0000	0.0087	0.0033	0.0210	0.0059	0.0059	0.0056	0.0108	0.0000	0.0237	2.7540	0.0000	0.0007	1.9995	5.0000	3.6173	27.3229	0.0000	0.0000	0.0000	0.0000	0.0000	0.0000	0.0000	0.0000	0.0000	0.0027	0.0007	0.0020	0.0008	0.0007	0.0001	0.0019	0.0000	0.0019	0.0619	0.0524	0.0095	0.0049	0.0046	0.0003	0.0570	0.0478	0.0092	0.3089	0.2150	0.0939	0.1345	0.1203	0.0143	0.1744	0.0947	0.0796	0.0000	0.0000	0.0000	0.0000	0.0000	0.0000	0.0000	0.0000	0.0000	0.0087	0.0033	0.0210	0.0059	0.0059	0.0056	0.0108	0.0000	0.0237		
3	40	0.2449	5	0	1	0	1	0	0	0	0	N	N	N	N	N	N	N	N	N	N	N	N	0.0000	0.0000	0.0000	0.0000	0.0000	0.0000	0.0000	0.0000	0.0000	0.0000	0.0000	0.0000	0.0000	0.0000	0.0000	0.0000	0.0000	0.0000	0.9772	1.4066	0.0133	0.0025	0.0002	0.0163	1.8976	3.5393	0.0124	0.0042	0.0000	-0.1268	1.9995	7.0019	3.6173	21.4344	0.0000	0.0000	0.0000	0.0000	0.0000	0.0000	0.0000	0.0000	0.0000	0.2791	0.2780	0.0012	0.0003	0.0000	0.0003	0.2788	0.2779	0.0009	0.0910	0.0778	0.0132	0.0150	0.0140	0.0011	0.0760	0.0638	0.0122	0.2856	0.1976	0.0880	0.1387	0.1191	0.0197	0.1469	0.0785	0.0684	0.0000	0.0000	0.0000	0.0000	0.0000	0.0000	0.0000	0.0000	0.0000	0.9772	1.4066	0.0133	0.0025	0.0002	0.0163	1.8976	3.5393	0.0124	
3	41	0.6753	8	0	1	0	1	0	0	0	0	N	N	N	N	N	N	N	N	N	N	N	N	6.4448	2305.6197	0.0000	2867.5009	3613.5855	0.0000	0.0003	inf	0.0000	0.0003	0.0004	0.0000	0.0009	0.0009	0.0000	0.0000	0.0000	0.0000	0.0001	0.0000	0.0002	0.0000	0.0000	0.0000	0.0001	0.0000	0.0002	0.0000	440.9402	-0.0000	0.0000	1.9995	8.1446	3.6173	10.2519	0.0000	0.0000	0.0000	0.0000	0.0000	0.0000	0.0000	0.0000	0.0000	0.0000	0.0000	0.0000	0.0000	0.0000	0.0000	0.0000	0.0000	0.0000	0.1230	0.1079	0.0151	0.0456	0.0431	0.0026	0.0773	0.0648	0.0125	0.1612	0.1144	0.0467	0.0799	0.0716	0.0082	0.0813	0.0428	0.0385	6.4448	2305.6197	0.0000	2867.5009	3613.5855	0.0000	0.0003	inf	0.0000	0.0001	0.0000	0.0002	0.0000	0.0000	0.0000	0.0001	0.0000	0.0002
3	42	0.2449	5	0	1	0	1	0	0	0	0	N	N	N	N	N	N	N	N	N	N	N	N	0.0000	0.0000	0.0000	0.0000	0.0000	0.0000	0.0000	0.0000	0.0000	0.0000	0.0000	0.0000	0.0000	0.0000	0.0000	0.0000	0.0000	0.0008	0.0008	0.0008	0.0009	0.0011	0.0000	0.0006	0.0002	0.0011	0.5010	0.0000	-0.0000	1.9995	5.9981	3.6173	11.5875	0.0000	0.0000	0.0000	0.0000	0.0000	0.0000	0.0000	0.0000	0.0000	0.0001	0.0001	0.0001	0.0001	0.0001	0.0000	0.0001	0.0000	0.0001	0.0784	0.0670	0.0114	0.0130	0.0121	0.0009	0.0654	0.0549	0.0105	0.1916	0.1324	0.0591	0.0957	0.0813	0.0144	0.0959	0.0511	0.0448	0.0000	0.0000	0.0000	0.0000	0.0000	0.0000	0.0000	0.0000	0.0000	0.0008	0.0008	0.0008	0.0009	0.0011	0.0000	0.0006	0.0002	0.0011		
3	45	0.1710	3	0	1	0	1	0	0	0	0	N	N	N	N	N	N	N	N	N	N	N	N	0.0000	0.0000	0.0000	0.0000	0.0000	0.0000	0.0000	0.0000	0.0000	0.0000	0.0000	0.0000	0.0000	0.0000	0.0000	0.0000	0.0000	2.8593	4.1079	0.0009	9.9903	10.8955	0.0000	0.0023	0.0033	0.0011	0.0001	0.0000	-0.4260	1.9995	12.0036	3.6173	21.9053	0.0000	0.0000	0.0000	0.0000	0.0000	0.0000	0.0000	0.0000	0.0000	0.9296	0.9295	0.0001	0.9292	0.9292	0.0000	0.0004	0.0003	0.0001	0.1457	0.1237	0.0221	0.0112	0.0105	0.0007	0.1346	0.1132	0.0214	0.3251	0.2263	0.0988	0.1413	0.1262	0.0150	0.1838	0.1000	0.0838	0.0000	0.0000	0.0000	0.0000	0.0000	0.0000	0.0000	0.0000	0.0000	2.8593	4.1079	0.0009	6.5778	7.3607	0.0000	0.0023	0.0033	0.0011		
3	46	0.6523	11	1	1	0	1	0	0	0	0	N	N	N	N	N	N	N	N	N	N	N	N	0.0000	0.0000	0.0000	0.0000	0.0000	0.0000	0.0000	0.0000	0.0000	0.0000	0.0000	0.0000	0.0000	0.0000	0.0000	0.0000	0.0003	0.0003	0.0001	0.0005	0.0005	0.0000	0.0000	0.0000	0.0001	0.0914	0.0000	-0.0000	1.9995	2.0120	3.6173	1.9924	0.0000	0.0000	0.0000	0.0000	0.0000	0.0000	0.0000	0.0000	0.0000	0.0000	0.0000	0.0000	0.0000	0.0000	0.0000	0.0000	0.0000	0.0000	0.0257	0.0221	0.0036	0.0070	0.0065	0.0006	0.0186	0.0156	0.0031	0.0414	0.0308	0.0106	0.0207	0.0186	0.0021	0.0208	0.0122	0.0086	0.0000	0.0000	0.0000	0.0000	0.0000	0.0000	0.0000	0.0000	0.0000	0.0003	0.0003	0.0001	0.0005	0.0005	0.0000	0.0000	0.0000	0.0001			
3	47	0.2755	9	1	1	0	1	0	0	0	0	N	N	N	N	N	N	N	N	N	N	N	N	0.0000	0.0000	0.0000	0.0000	0.0000	0.0000	0.0000	0.0000	0.0000	0.0000	0.0000	0.0000	0.0000	0.0000	0.0000	14.3077	22.3794	0.0000	67.1978	72.3876	0.0000	0.0000	0.0000	0.0000	0.0000	0.0000	-0.2007	1.9995	0.0002	3.6173	4.0036	0.0000	0.0000	0.0000	0.0000	0.0000	0.0000	0.0000	0.0000	0.0000	0.4379	0.4379	0.0000	0.4379	0.4379	0.0000	0.0000	0.0000	0.0000	0.0000	0.0000	0.0000	0.0000	0.0000	0.0000	0.0000	0.0000	0.0000	0.0463	0.0327	0.0136	0.0223	0.0201	0.0022	0.0240	0.0125	0.0114	0.0000	0.0000	0.0000	0.0000	0.0000	0.0000	0.0000	0.0000	0.0000	9.4573	13.4030	0.0000	19.5967	21.7623	0.0000	0.0000	0.0000	0.0000				
3	48	0.1710	3	0	1	0	2	0	0	0	0	N	N	N	Y	N	N	N	N	N	N	N	N	0.0000	0.0000	0.0000	0.0000	0.0000	0.0000	0.0000	0.0000	0.0000	0.0000	0.0000	0.0000	0.0000	0.0000	0.0000	0.0000	0.0000	0.0000	8.8771	0.0058	46.4763	4.5183	0.0092	71.0842	7.9841	0.0018	38.4977	1606.5831	0.0000	1.7130	1.9995	6.0036	3.6173	51.7820	0.0000	0.0000	0.0000	0.0000	0.0000	0.0000	0.0000	0.0000	0.0000	3.1664	0.0020	3.1644	0.9319	0.0017	0.9302	2.2345	0.0003	2.2342	0.0739	0.0626	0.0113	0.0058	0.0054	0.0004	0.0681	0.0572	0.0109	0.4861	0.3371	0.1490	0.2062	0.1836	0.0226	0.2799	0.1534	0.1264	0.0000	0.0000	0.0000	0.0000	0.0000	0.0000	0.0000	0.0000	0.0000	6.5136	0.0058	21.2310	4.5183	0.0092	41.1148	7.9841	0.0018	17.6727	
3	49	0.1710	3	1	1	0	1	0	0	0	0	N	N	N	N	N	N	N	N	N	N	N	N	0.0000	0.0000	0.0000	0.0000	0.0000	0.0000	0.0000	0.0000	0.0000	0.0000	0.0000	0.0000	0.0000	0.0000	0.0000	0.0000	0.0000	0.0000	0.0064	0.0023	0.0156	0.0036	0.0037	0.0029	0.0085	0.0007	0.0179	2.9142	0.0000	0.0007	1.9995	5.9964	3.6173	34.6547	0.0000	0.0000	0.0000	0.0000	0.0000	0.0000	0.0000	0.0000	0.0000	0.0024	0.0006	0.0018	0.0006	0.0005	0.0001	0.0018	0.0001	0.0017	0.0738	0.0625	0.0113	0.0058	0.0054	0.0004	0.0680	0.0571	0.0109	0.3715	0.2583	0.1131	0.1603	0.1431	0.0172	0.2111	0.1152	0.0959	0.0000	0.0000	0.0000	0.0000	0.0000	0.0000	0.0000	0.0000	0.0000	0.0064	0.0023	0.0156	0.0036	0.0037	0.0029	0.0085	0.0007	0.0179	
3	50	0.2605	4	0	0	1	1	0	0	0	0	N	N	N	N	N	N	N	N	N	N	N	N	0.0000	0.0140	0.0000	0.0005	0.0678	0.0000	0.0000	0.0000	0.0000	0.0000	0.0000	0.0000	0.0003	0.0003	0.0000	0.0000	0.0000	0.0000	4.3069	0.0028	27.7788	0.6523	0.0050	6.0911	6.0497	0.0007	26.3686	0.0001	2126.0572	-0.0000	1.6412	1.9995	31.2093	3.6173	46.3939	0.0000	0.0000	0.0000	0.0000	0.0000	0.0000	0.0000	0.0000	0.0000	3.0328	0.0014	3.0314	0.1824	0.0013	0.1811	2.8504	0.0002	2.8502	0.3838	0.3297	0.0541	0.0396	0.0375	0.0020	0.3442	0.2922	0.0520	0.7508	0.5160	0.2348	0.2796	0.2499	0.0297	0.4712	0.2661	0.2050	0.0000	0.0140	0.0000	0.0005	0.0678	0.0000	0.0000	0.0000	0.0000	4.0395	0.0028	12.9116	0.6523	0.0050	6.0911	6.0497	0.0007	13.9008
3	51	0.2077	4	0	1	0	1	0	0	0	0	N	N	N	N	N	N	N	N	N	N	N	N	1.6276	11.6295	0.1588	37.9533	103.8296	0.0041	0.0525	0.0000	0.1528	0.0267	0.0298	0.0080	0.1997	0.2087	0.0001	0.0013	0.0000	0.0083	0.0164	0.0026	0.0504	0.0053	0.0020	0.0311	0.0253	0.0033	0.0544	0.0454	7.9826	-0.0006	0.0019	1.9995	4.1516	3.6173	14.5664	0.0016	0.0015	0.0001	0.0015	0.0015	0.0000	0.0001	0.0000	0.0001	0.0045	0.0005	0.0040	0.0006	0.0002	0.0004	0.0038	0.0003	0.0035	0.0603	0.0516	0.0087	0.0077	0.0074	0.0003	0.0526	0.0442	0.0084	0.2727	0.1939	0.0787	0.1211	0.1076	0.0135	0.1515	0.0863	0.0652	1.6276	11.6295	0.1588	37.9533	103.8296	0.0041	0.0525	0.0000	0.1528	0.0164	0.0026	0.0504	0.0053	0.0020	0.0311	0.0253	0.0033	0.0544
3	52	0.2882	6	1	0	1	1	0	0	0	0	N	N	N	N	N	N	N	N	N	N	N	N	0.0000	0.0000	0.0000	0.0000	0.0000	0.0000	0.0000	0.0000	0.0000	0.0000	0.0000	0.0000	0.0000	0.0000	0.0000	0.0000	0.0000	0.0000	0.0226	0.0003	0.0836	0.0014	0.0003	0.0072	0.0603	0.0002	0.1291	121.1200	0.0000	0.0002	1.9995	0.0028	3.6173	0.9232	0.0000	0.0000	0.0000	0.0000	0.0000	0.0000	0.0000	0.0000	0.0000	0.0003	0.0000	0.0003	0.0000	0.0000	0.0000	0.0003	0.0000	0.0003	0.0001	0.0001	0.0000	0.0001	0.0001	0.0000	0.0001	0.0001	0.0000	0.0137	0.0100	0.0037	0.0088	0.0074	0.0014	0.0050	0.0026	0.0023	0.0000	0.0000	0.0000	0.0000	0.0000	0.0000	0.0000	0.0000	0.0000	0.0226	0.0003	0.0836	0.0014	0.0003	0.0072	0.0603	0.0002	0.1291	
3	53	0.6676	10	0	1	0	1	0	0	0	0	N	N	N	N	N	N	N	N	N	N	N	N	0.0053	0.0047	0.0000	0.0106	0.0107	0.0000	0.0000	0.0011	0.0000	0.0147	0.0170	0.0000	0.0540	0.0579	0.0000	0.0000	0.0000	0.0000	2.7533	3.6068	0.3411	5.0803	5.3889	0.1176	0.1844	0.0002	0.4084	0.0000	0.0335	-0.0008	-0.4065	1.9995	8.5400	3.6173	19.3759	0.0019	0.0019	0.0000	0.0019	0.0019	0.0000	0.0000	0.0000	0.0000	0.9543	0.9234	0.0309	0.9258	0.9233	0.0025	0.0285	0.0000	0.0284	0.1275	0.1101	0.0173	0.0346	0.0323	0.0024	0.0928	0.0779	0.0150	0.3466	0.2560	0.0906	0.1923	0.1713	0.0210	0.1543	0.0847	0.0696	0.0053	0.0047	0.0000	0.0112	0.0107	0.0000	0.0000	0.0011	0.0000	2.7533	3.6068	0.3411	4.8144	5.3889	0.1176	0.1844	0.0002	0.4084
3	54	0.6045	9	0	0	0	1	0	0	0	0	N	N	N	N	N	N	N	N	N	N	N	N	0.0088	0.0098	0.0157	0.0000	0.0000	0.0002	0.0062	0.2265	0.0141	0.0158	0.0016	0.1111	0.0000	0.0000	0.0000	0.0222	0.0023	0.1248	1.7941	0.1610	7.0638	0.2273	0.2447	0.0600	3.5641	0.0102	8.8699	10.4279	13.9103	0.0009	0.3419	1.9995	7.3474	3.6173	24.2346	0.0018	0.0002	0.0017	0.0000	0.0000	0.0000	0.0018	0.0002	0.0017	0.7205	0.0483	0.6721	0.0484	0.0472	0.0012	0.6720	0.0011	0.6709	0.1160	0.1010	0.0150	0.0337	0.0320	0.0017	0.0823	0.0689	0.0134	0.4016	0.3001	0.1015	0.2130	0.1930	0.0201	0.1886	0.1071	0.0815	0.0088	0.0098	0.0168	0.0000	0.0000	0.0002	0.0062	0.2265	0.0152	1.7941	0.1610	6.6208	0.2273	0.2447	0.0600	3.5641	0.0102	8.2369
3	55	0.5747	8	0	0	0	1	0	0	0	0	N	N	N	N	N	N	N	N	N	N	N	N	0.0000	0.0000	0.0000	0.0000	0.0000	0.0000	0.0000	0.0000	0.0000	0.0000	0.0000	0.0000	0.0000	0.0000	0.0000	0.0000	0.0000	0.0000	1.3164	0.8759	2.5846	1.2323	1.3305	0.0702	1.4108	0.0053	3.0627	1.2727	1.0251	0.0000	0.0210	1.9995	3.4216	3.6173	15.9376	0.0000	0.0000	0.0000	0.0000	0.0000	0.0000	0.0000	0.0000	0.0000	0.4384	0.2165	0.2219	0.2170	0.2160	0.0010	0.2214	0.0004	0.2210	0.0610	0.0533	0.0077	0.0204	0.0196	0.0009	0.0406	0.0337	0.0069	0.3330	0.2472	0.0859	0.1761	0.1624	0.0137	0.1569	0.0848	0.0721	0.0000	0.0000	0.0000	0.0000	0.0000	0.0000	0.0000	0.0000	0.0000	1.3164	0.8759	2.5846	1.2323	1.3305	0.0702	1.4108	0.0053	3.0627
3	56	0.0505	2	0	1	0	1	0	0	0	0	N	N	N	N	N	N	N	N	N	N	N	N	0.0081	0.0071	0.0000	0.1723	0.1524	0.0000	0.0000	0.0000	0.0000	0.0057	0.0068	0.0000	0.1644	0.1646	0.0000	0.0000	0.0000	0.0000	0.7033	0.9609	0.2718	0.9542	1.0804	0.0008	0.4813	0.7267	0.3185	0.0002	0.1688	-0.0000	-0.1605	1.9995	0.9891	3.6173	20.6926	0.0001	0.0001	0.0000	0.0001	0.0001	0.0000	0.0000	0.0000	0.0000	0.5113	0.4375	0.0739	0.3256	0.3256	0.0000	0.1857	0.1118	0.0738	0.0138	0.0116	0.0022	0.0005	0.0005	0.0000	0.0134	0.0112	0.0022	0.7270	0.4553	0.2717	0.3413	0.3014	0.0399	0.3857	0.1539	0.2318	0.0081	0.0071	0.0000	0.1723	0.1524	0.0000	0.0000	0.0000	0.0000	0.7033	0.9609	0.2718	0.9542	1.0804	0.0008	0.4813	0.7267	0.3185
3	58	0.1710	3	0	1	0	2	0	0	0	0	N	N	N	Y	N	N	N	N	N	N	N	N	0.0000	0.0000	0.0000	0.0000	0.0000	0.0000	0.0000	0.0000	0.0000	0.0000	0.0000	0.0000	0.0000	0.0000	0.0000	0.0000	0.0000	0.0000	0.0150	0.0040	0.0402	0.0113	0.0056	0.0585	0.0178	0.0020	0.0369	4.3769	0.0000	0.0020	1.9995	5.0036	3.6173	36.7244	0.0000	0.0000	0.0000	0.0000	0.0000	0.0000	0.0000	0.0000	0.0000	0.0057	0.0011	0.0046	0.0019	0.0008	0.0010	0.0038	0.0002	0.0036	0.0619	0.0524	0.0095	0.0049	0.0046	0.0003	0.0570	0.0479	0.0092	0.3792	0.2637	0.1155	0.1635	0.1459	0.0176	0.2157	0.1178	0.0979	0.0000	0.0000	0.0000	0.0000	0.0000	0.0000	0.0000	0.0000	0.0000	0.0150	0.0040	0.0402	0.0113	0.0056	0.0585	0.0178	0.0020	0.0369	
3	59	0.5551	8	0	1	0	2	0	0	0	0	N	N	N	Y	N	N	N	N	N	N	N	N	0.0000	0.0000	0.0000	0.0000	0.0000	0.0000	0.0000	0.0000	0.0000	0.0000	0.0000	0.0000	0.0000	0.0000	0.0000	0.0000	0.0000	0.0000	0.0925	0.0032	0.3459	0.0501	0.0042	0.4688	0.1405	0.0012	0.3149	38.5859	0.0000	0.0229	1.9995	10.4254	3.6173	21.2017	0.0000	0.0000	0.0000	0.0000	0.0000	0.0000	0.0000	0.0000	0.0000	0.0444	0.0011	0.0433	0.0128	0.0010	0.0118	0.0316	0.0002	0.0315	0.1702	0.1485	0.0217	0.0514	0.0488	0.0027	0.1188	0.0997	0.0190	0.4795	0.3545	0.1250	0.2546	0.2294	0.0252	0.2249	0.1251	0.0999	0.0000	0.0000	0.0000	0.0000	0.0000	0.0000	0.0000	0.0000	0.0000	0.0925	0.0032	0.3459	0.0501	0.0042	0.4688	0.1405	0.0012	0.3149	
3	60	0.2882	6	1	0	1	1	0	0	0	0	N	N	N	N	N	N	N	N	N	N	N	N	0.0000	0.0000	0.0000	0.0000	0.0000	0.0000	0.0000	0.0000	0.0000	0.0000	0.0000	0.0000	0.0000	0.0000	0.0000	0.0000	0.0000	0.0000	0.0140	0.0122	0.0185	0.0036	0.0038	0.0023	0.0259	0.0275	0.0242	0.6315	0.0000	-0.0001	1.9995	1.9981	3.6173	3.0867	0.0000	0.0000	0.0000	0.0000	0.0000	0.0000	0.0000	0.0000	0.0000	0.0008	0.0005	0.0003	0.0001	0.0001	0.0000	0.0007	0.0004	0.0003	0.0265	0.0226	0.0039	0.0043	0.0040	0.0003	0.0221	0.0186	0.0036	0.0568	0.0402	0.0167	0.0303	0.0260	0.0043	0.0265	0.0141	0.0124	0.0000	0.0000	0.0000	0.0000	0.0000	0.0000	0.0000	0.0000	0.0000	0.0140	0.0122	0.0185	0.0036	0.0038	0.0023	0.0259	0.0275	0.0242	
3	61	0.2449	5	1	0	1	1	0	0	0	0	N	N	N	N	N	N	N	N	N	N	N	N	0.0000	0.0000	0.0000	0.0000	0.0000	0.0000	0.0000	0.0000	0.0000	0.0000	0.0000	0.0000	0.0000	0.0000	0.0000	0.0000	0.0000	0.0000	5.9976	0.0123	39.2471	0.0150	0.0172	0.0027	10.1196	0.0044	45.5648	598.6214	0.0000	0.5380	1.9995	4.0039	3.6173	14.0733	0.0000	0.0000	0.0000	0.0000	0.0000	0.0000	0.0000	0.0000	0.0000	0.9963	0.0017	0.9947	0.0015	0.0014	0.0000	0.9949	0.0002	0.9946	0.0528	0.0451	0.0077	0.0088	0.0082	0.0006	0.0440	0.0369	0.0071	0.1960	0.1355	0.0605	0.0977	0.0831	0.0146	0.0983	0.0524	0.0459	0.0000	0.0000	0.0000	0.0000	0.0000	0.0000	0.0000	0.0000	0.0000	5.0822	0.0123	16.4392	0.0150	0.0172	0.0027	10.1196	0.0044	21.6697	
3	62	0.2643	6	1	0	1	1	0	0	0	0	N	N	N	N	N	N	N	N	N	N	N	N	0.0000	0.0000	0.0000	0.0000	0.0000	0.0000	0.0000	0.0000	0.0000	0.0000	0.0000	0.0000	0.0000	0.0000	0.0000	0.0000	0.0000	0.0000	2.3219	0.0085	9.7004	0.2171	0.0051	1.3707	4.6264	0.0146	12.3920	391.5859	0.0000	0.2373	1.9995	0.0060	3.6173	17.2393	0.0000	0.0000	0.0000	0.0000	0.0000	0.0000	0.0000	0.0000	0.0000	0.4401	0.0011	0.4390	0.0215	0.0004	0.0211	0.4186	0.0007	0.4179	0.0003	0.0003	0.0000	0.0001	0.0001	0.0000	0.0002	0.0001	0.0000	0.1895	0.1314	0.0581	0.0991	0.0837	0.0154	0.0905	0.0478	0.0427	0.0000	0.0000	0.0000	0.0000	0.0000	0.0000	0.0000	0.0000	0.0000	2.3219	0.0085	7.5548	0.2171	0.0051	1.3707	4.6264	0.0146	9.7805	
3	63	0.2077	4	0	0	1	1	0	0	0	0	N	N	N	N	N	N	N	N	N	N	N	N	0.0015	0.0017	0.0000	0.0039	0.0042	0.0000	0.0000	0.0000	0.0000	0.0000	0.0000	0.0000	0.0000	0.0000	0.0000	0.0000	0.0000	0.0000	0.0057	0.0059	0.0052	0.0097	0.0091	0.0149	0.0022	0.0017	0.0030	0.0000	0.3475	-0.0000	-0.0003	1.9995	1.0230	3.6173	12.1924	0.0000	0.0000	0.0000	0.0000	0.0000	0.0000	0.0000	0.0000	0.0000	0.0013	0.0010	0.0003	0.0010	0.0008	0.0002	0.0003	0.0001	0.0002	0.0207	0.0180	0.0027	0.0048	0.0047	0.0001	0.0159	0.0133	0.0026	0.2252	0.1618	0.0634	0.1044	0.0926	0.0118	0.1208	0.0692	0.0516	0.0015	0.0017	0.0000	0.0039	0.0042	0.0000	0.0000	0.0000	0.0000	0.0057	0.0059	0.0052	0.0097	0.0091	0.0149	0.0022	0.0017	0.0030
3	64	0.1710	3	0	0	0	1	0	0	0	0	N	N	N	N	N	N	N	N	N	N	N	N	0.0004	0.0003	0.0009	0.0006	0.0026	0.0000	0.0007	0.0000	0.0027	0.0000	0.0000	0.0000	0.0000	0.0000	0.0000	0.0000	0.0000	0.0000	0.0179	0.0063	0.0443	0.0281	0.0070	0.2186	0.0097	0.0052	0.0147	4.2424	3.1278	0.0000	0.0009	1.9995	2.4556	3.6173	12.4191	0.0000	0.0000	0.0000	0.0000	0.0000	0.0000	0.0000	0.0000	0.0000	0.0029	0.0007	0.0022	0.0020	0.0005	0.0016	0.0009	0.0002	0.0006	0.0308	0.0261	0.0047	0.0025	0.0023	0.0002	0.0283	0.0238	0.0046	0.1610	0.1116	0.0494	0.0716	0.0645	0.0071	0.0893	0.0471	0.0422	0.0004	0.0003	0.0009	0.0006	0.0026	0.0000	0.0007	0.0000	0.0027	0.0179	0.0063	0.0443	0.0281	0.0070	0.2186	0.0097	0.0052	0.0147
3	65	0.2933	5	0	1	0	1	0	0	0	0	N	N	N	N	N	N	N	N	N	N	N	N	0.0001	0.0000	7.0261	0.0000	0.0000	0.0000	0.9431	0.0000	12.8045	0.0001	0.0000	0.0009	0.0000	0.0000	0.0000	0.0001	0.0000	0.0009	2.1174	3.1304	0.0001	8.2919	8.0599	0.0008	0.0002	0.0002	0.0001	inf	0.0000	0.0000	-0.1984	1.9995	1.7555	3.6173	11.9300	0.0000	0.0000	0.0000	0.0000	0.0000	0.0000	0.0000	0.0000	0.0000	0.4330	0.4329	0.0000	0.4329	0.4329	0.0000	0.0000	0.0000	0.0000	0.0261	0.0224	0.0037	0.0029	0.0028	0.0001	0.0232	0.0196	0.0036	0.2045	0.1383	0.0662	0.0736	0.0685	0.0052	0.1308	0.0698	0.0610	0.0001	0.0000	7.0261	0.0000	0.0000	0.0000	0.9431	0.0000	12.8045	2.1174	3.1304	0.0001	5.8788	6.3210	0.0008	0.0002	0.0002	0.0001
3	66	0.2723	7	1	1	1	1	0	0	0	0	N	N	N	N	N	N	N	N	N	N	N	N	0.0000	0.0000	0.0000	0.0000	0.0000	0.0000	0.0000	0.0000	0.0000	0.0000	0.0000	0.0000	0.0000	0.0000	0.0000	0.0000	0.0000	0.0000	0.0000	0.0000	1.9995	0.0000	3.6173	0.0000	0.0000	0.0000	0.0000	0.0000	0.0000	0.0000	0.0000	0.0000	0.0000	0.0000	0.0000	0.0000	0.0000	0.0000	0.0000	0.0000	0.0000	0.0000	0.0000	0.0000	0.0000	0.0000	0.0000	0.0000	0.0000	0.0000	0.0000	0.0000	0.0000	0.0000	0.0000	0.0000	0.0000	0.0000	0.0000	0.0000	0.0000	0.0000	0.0000	0.0000	0.0000	0.0000	0.0000	0.0000	0.0000	0.0000	0.0000	0.0000	0.0000	0.0000	0.0000	0.0000	0.0000	0.0000											
3	67	0.7769	10	1	1	1	1	0	0	0	0	N	N	N	N	N	N	N	N	N	N	N	N	0.0000	0.0000	0.0000	0.0000	0.0000	0.0000	0.0000	0.0000	0.0000	0.0000	0.0000	0.0000	0.0000	0.0000	0.0000	0.0000	0.0000	0.0000	0.0000	0.0000	1.9995	1.0000	3.6173	3.0000	0.0000	0.0000	0.0000	0.0000	0.0000	0.0000	0.0000	0.0000	0.0000	0.0000	0.0000	0.0000	0.0000	0.0000	0.0000	0.0000	0.0000	0.0000	0.0105	0.0090	0.0015	0.0027	0.0025	0.0002	0.0077	0.0065	0.0013	0.0351	0.0248	0.0102	0.0177	0.0160	0.0017	0.0174	0.0088	0.0085	0.0000	0.0000	0.0000	0.0000	0.0000	0.0000	0.0000	0.0000	0.0000	0.0000	0.0000	0.0000	0.0000	0.0000	0.0000	0.0000	0.0000	0.0000											
3	68	0.2723	7	1	1	1	1	0	0	0	0	N	N	N	N	N	N	N	N	N	N	N	N	0.0000	0.0000	0.0000	0.0000	0.0000	0.0000	0.0000	0.0000	0.0000	0.0000	0.0000	0.0000	0.0000	0.0000	0.0000	0.0000	0.0000	0.0000	0.0000	0.0000	1.9995	1.0000	3.6173	0.0000	0.0000	0.0000	0.0000	0.0000	0.0000	0.0000	0.0000	0.0000	0.0000	0.0000	0.0000	0.0000	0.0000	0.0000	0.0000	0.0000	0.0000	0.0000	0.0132	0.0112	0.0019	0.0021	0.0020	0.0002	0.0111	0.0093	0.0018	0.0105	0.0075	0.0030	0.0048	0.0043	0.0005	0.0056	0.0032	0.0025	0.0000	0.0000	0.0000	0.0000	0.0000	0.0000	0.0000	0.0000	0.0000	0.0000	0.0000	0.0000	0.0000	0.0000	0.0000	0.0000	0.0000	0.0000											
3	69	0.2559	6	1	1	1	1	0	0	0	0	N	N	N	N	N	N	N	N	N	N	N	N	0.2077	0.6258	0.0000	1.1534	2.0957	0.0000	0.0000	0.0000	0.0000	0.0007	0.0008	0.0000	0.0036	0.0042	0.0000	0.0000	0.0000	0.0000	0.0034	0.0013	0.0085	0.0031	0.0020	0.0123	0.0036	0.0005	0.0077	0.0000	2.5783	-0.0000	0.0001	1.9995	1.0155	3.6173	5.9708	0.0000	0.0000	0.0000	0.0000	0.0000	0.0000	0.0000	0.0000	0.0000	0.0003	0.0001	0.0002	0.0001	0.0001	0.0000	0.0001	0.0000	0.0001	0.0141	0.0119	0.0022	0.0028	0.0024	0.0004	0.0113	0.0095	0.0018	0.0735	0.0522	0.0213	0.0339	0.0301	0.0038	0.0397	0.0221	0.0175	0.2077	0.6258	0.0000	1.1534	2.0957	0.0000	0.0000	0.0000	0.0000	0.0034	0.0013	0.0085	0.0031	0.0020	0.0123	0.0036	0.0005	0.0077
3	70	0.2512	5	1	0	1	1	0	0	0	0	N	N	N	N	N	N	N	N	N	N	N	N	8.4079	172.2780	0.0000	34.9815	210.3308	0.0000	0.0000	0.0000	0.0000	0.6306	0.8197	0.0000	1.0790	1.4773	0.0000	0.0000	0.0000	0.0000	0.0750	0.0048	0.2270	0.0308	0.0070	0.3755	0.1180	0.0001	0.2103	0.0000	22.0490	-0.0004	0.0021	1.9995	0.0406	3.6173	2.3361	0.0008	0.0008	0.0000	0.0008	0.0008	0.0000	0.0000	0.0000	0.0000	0.0043	0.0002	0.0041	0.0009	0.0002	0.0007	0.0034	0.0000	0.0034	0.0013	0.0010	0.0003	0.0007	0.0005	0.0002	0.0005	0.0004	0.0001	0.0575	0.0393	0.0182	0.0284	0.0265	0.0018	0.0291	0.0128	0.0163	8.4079	172.2780	0.0000	34.9815	210.3308	0.0000	0.0000	0.0000	0.0000	0.0750	0.0048	0.2270	0.0308	0.0070	0.3755	0.1180	0.0001	0.2103
3	71	0.7769	10	1	1	1	1	0	0	0	0	N	N	N	N	N	N	N	N	N	N	N	N	0.0000	0.0000	0.0000	0.0000	0.0000	0.0000	0.0000	0.0000	0.0000	0.0000	0.0000	0.0000	0.0000	0.0000	0.0000	0.0000	0.0000	0.0000	0.0000	0.0000	1.9995	0.0000	3.6173	0.0000	0.0000	0.0000	0.0000	0.0000	0.0000	0.0000	0.0000	0.0000	0.0000	0.0000	0.0000	0.0000	0.0000	0.0000	0.0000	0.0000	0.0000	0.0000	0.0000	0.0000	0.0000	0.0000	0.0000	0.0000	0.0000	0.0000	0.0000	0.0000	0.0000	0.0000	0.0000	0.0000	0.0000	0.0000	0.0000	0.0000	0.0000	0.0000	0.0000	0.0000	0.0000	0.0000	0.0000	0.0000	0.0000	0.0000	0.0000	0.0000	0.0000	0.0000	0.0000	0.0000	0.0000	0.0000											
3	72	0.7588	9	1	1	1	1	0	0	0	0	N	N	N	N	N	N	N	N	N	N	N	N	9456.0074	407321.2278	0.0000	21156.2356	875425.2239	0.0000	0.0010	inf	0.0000	21.2745	24.6370	0.0000	74.9368	80.2545	0.0000	0.0000	0.0000	0.0000	0.0022	0.0001	0.0081	0.0035	0.0001	0.0365	0.0008	0.0000	0.0017	0.0000	50.0282	-0.4398	0.0001	1.9995	3.9057	3.6173	1.1104	0.9970	0.9970	0.0000	0.9970	0.9970	0.0000	0.0000	0.0000	0.0000	0.0001	0.0000	0.0001	0.0001	0.0000	0.0001	0.0000	0.0000	0.0000	0.0469	0.0405	0.0064	0.0133	0.0124	0.0009	0.0336	0.0280	0.0055	0.0540	0.0393	0.0146	0.0287	0.0260	0.0027	0.0253	0.0134	0.0119	9456.0074	407321.2278	0.0000	21156.2356	875425.2239	0.0000	0.0010	inf	0.0000	0.0022	0.0001	0.0081	0.0035	0.0001	0.0365	0.0008	0.0000	0.0017
3	73	0.5560	7	1	1	0	1	0	0	0	0	N	N	N	N	N	N	N	N	N	N	N	N	0.0000	0.0000	0.0000	0.0000	0.0000	0.0000	0.0000	0.0000	0.0000	0.0000	0.0000	0.0000	0.0000	0.0000	0.0000	0.0000	0.0000	0.0000	0.0061	0.0006	0.0214	0.0074	0.0002	0.0774	0.0047	0.0014	0.0090	12.2452	0.0000	0.0008	1.9995	6.9070	3.6173	16.5673	0.0000	0.0000	0.0000	0.0000	0.0000	0.0000	0.0000	0.0000	0.0000	0.0017	0.0001	0.0016	0.0011	0.0000	0.0011	0.0007	0.0001	0.0006	0.1454	0.1285	0.0169	0.0624	0.0585	0.0039	0.0830	0.0700	0.0130	0.2883	0.2128	0.0755	0.1454	0.1317	0.0137	0.1429	0.0811	0.0618	0.0000	0.0000	0.0000	0.0000	0.0000	0.0000	0.0000	0.0000	0.0000	0.0061	0.0006	0.0214	0.0074	0.0002	0.0774	0.0047	0.0014	0.0090	
3	74	0.6199	9	0	1	0	2	0	0	0	0	N	N	N	Y	N	N	N	N	N	N	N	N	0.0000	0.0000	0.0000	0.0000	0.0000	0.0000	0.0000	0.0000	0.0000	0.0000	0.0000	0.0000	0.0000	0.0000	0.0000	0.0000	0.0000	0.0000	1.6515	1.8653	1.0970	2.5088	2.7364	0.1943	0.6525	0.0238	1.2861	0.2267	0.0000	-0.1504	1.9995	6.4226	3.6173	19.3377	0.0000	0.0000	0.0000	0.0000	0.0000	0.0000	0.0000	0.0000	0.0000	0.5498	0.4482	0.1016	0.4495	0.4464	0.0031	0.1003	0.0018	0.0985	0.0848	0.0723	0.0125	0.0177	0.0165	0.0012	0.0671	0.0558	0.0114	0.3329	0.2403	0.0926	0.1792	0.1631	0.0160	0.1538	0.0772	0.0766	0.0000	0.0000	0.0000	0.0000	0.0000	0.0000	0.0000	0.0000	0.0000	1.6515	1.8653	1.0970	2.5088	2.7364	0.1943	0.6525	0.0238	1.2861	
3	75	0.5747	8	0	0	0	2	0	0	0	0	N	N	N	Y	N	N	N	N	N	N	N	N	0.0000	0.0000	0.0000	0.0000	0.0000	0.0000	0.0000	0.0000	0.0000	0.0000	0.0000	0.0000	0.0000	0.0000	0.0000	0.0000	0.0000	0.0000	1.9221	2.5614	0.0799	3.6055	3.9140	0.0852	0.0365	0.0010	0.0789	0.0108	0.0000	-0.3093	1.9995	5.1932	3.6173	17.4397	0.0000	0.0000	0.0000	0.0000	0.0000	0.0000	0.0000	0.0000	0.0000	0.6908	0.6834	0.0074	0.6847	0.6834	0.0013	0.0062	0.0001	0.0061	0.0822	0.0714	0.0108	0.0245	0.0233	0.0012	0.0577	0.0481	0.0096	0.3594	0.2668	0.0926	0.1899	0.1746	0.0153	0.1695	0.0922	0.0773	0.0000	0.0000	0.0000	0.0000	0.0000	0.0000	0.0000	0.0000	0.0000	1.9221	2.5614	0.0799	3.6055	3.9140	0.0852	0.0365	0.0010	0.0789	
3	76	0.5377	7	0	0	0	1	0	0	0	0	N	N	N	N	N	N	N	N	N	N	N	N	0.0000	0.0000	0.0000	0.0000	0.0000	0.0000	0.0000	0.0000	0.0000	0.0000	0.0000	0.0000	0.0000	0.0000	0.0000	0.0000	0.0000	0.0000	1.8540	2.4141	0.2072	3.3900	3.7243	0.1263	0.0995	0.0004	0.2268	0.0292	0.0000	-0.2969	1.9995	4.4918	3.6173	17.5337	0.0000	0.0000	0.0000	0.0000	0.0000	0.0000	0.0000	0.0000	0.0000	0.6906	0.6710	0.0196	0.6733	0.6709	0.0023	0.0173	0.0000	0.0173	0.0749	0.0648	0.0101	0.0219	0.0208	0.0010	0.0530	0.0439	0.0091	0.3725	0.2779	0.0945	0.1986	0.1801	0.0185	0.1739	0.0978	0.0761	0.0000	0.0000	0.0000	0.0000	0.0000	0.0000	0.0000	0.0000	0.0000	1.8540	2.4141	0.2072	3.3900	3.7243	0.1263	0.0995	0.0004	0.2268	
3	77	0.2668	6	0	0	0	2	0	0	0	0	N	N	N	Y	N	N	N	N	N	N	N	N	0.0000	0.0000	0.0000	0.0000	0.0000	0.0000	0.0000	0.0000	0.0000	0.0000	0.0000	0.0000	0.0000	0.0000	0.0000	0.0000	0.0000	0.0000	14.5206	0.0004	85.9257	0.0287	0.0007	0.4009	16.7842	0.0000	72.0598	39382.4985	0.0000	1.0032	1.9995	0.3745	3.6173	14.7996	0.0000	0.0000	0.0000	0.0000	0.0000	0.0000	0.0000	0.0000	0.0000	1.8522	0.0000	1.8521	0.0021	0.0000	0.0021	1.8500	0.0000	1.8500	0.0066	0.0059	0.0008	0.0014	0.0014	0.0000	0.0052	0.0045	0.0007	0.1915	0.1337	0.0578	0.0749	0.0696	0.0052	0.1167	0.0641	0.0526	0.0000	0.0000	0.0000	0.0000	0.0000	0.0000	0.0000	0.0000	0.0000	9.6713	0.0004	32.0241	0.0287	0.0007	0.4009	15.8594	0.0000	35.1779	
3	78	0.2446	5	0	0	0	2	0	0	0	0	N	N	N	Y	N	N	N	N	N	N	N	N	0.0000	0.0000	0.0000	0.0000	0.0000	0.0000	0.0000	0.0000	0.0000	0.0000	0.0000	0.0000	0.0000	0.0000	0.0000	0.0000	0.0000	0.0000	0.2453	0.0360	0.7296	0.0574	0.0606	0.0137	0.3592	0.0111	0.7957	8.7519	0.0000	0.0176	1.9995	1.4595	3.6173	10.3922	0.0000	0.0000	0.0000	0.0000	0.0000	0.0000	0.0000	0.0000	0.0000	0.0401	0.0041	0.0360	0.0035	0.0035	0.0001	0.0365	0.0006	0.0359	0.0210	0.0181	0.0029	0.0025	0.0024	0.0001	0.0185	0.0157	0.0028	0.1634	0.1141	0.0493	0.0616	0.0575	0.0042	0.1017	0.0566	0.0451	0.0000	0.0000	0.0000	0.0000	0.0000	0.0000	0.0000	0.0000	0.0000	0.2453	0.0360	0.7296	0.0574	0.0606	0.0137	0.3592	0.0111	0.7957	
3	79	0.2304	4	0	0	0	2	0	0	0	0	N	N	N	Y	N	N	N	N	N	N	N	N	0.0001	0.0000	0.0005	0.0000	0.0000	0.0000	0.0001	0.0000	0.0005	0.0000	0.0000	0.0000	0.0000	0.0000	0.0000	0.0000	0.0000	0.0000	0.0981	0.1043	0.0836	0.1769	0.1885	0.0319	0.0454	0.0086	0.0892	inf	0.3485	0.0000	-0.0024	1.9995	1.3861	3.6173	6.3168	0.0000	0.0000	0.0000	0.0000	0.0000	0.0000	0.0000	0.0000	0.0000	0.0122	0.0091	0.0032	0.0088	0.0087	0.0001	0.0034	0.0003	0.0030	0.0184	0.0156	0.0028	0.0016	0.0015	0.0001	0.0168	0.0141	0.0027	0.1245	0.0868	0.0377	0.0499	0.0462	0.0037	0.0746	0.0406	0.0340	0.0001	0.0000	0.0005	0.0000	0.0000	0.0000	0.0001	0.0000	0.0005	0.0981	0.1043	0.0836	0.1769	0.1885	0.0319	0.0454	0.0086	0.0892
3	80	0.1710	3	0	0	0	2	0	0	0	0	N	N	N	Y	N	N	N	N	N	N	N	N	0.0004	0.0000	0.1203	0.0000	0.0000	0.0000	0.0775	0.0000	0.2799	0.0014	0.0000	0.0092	0.0000	0.0000	0.0000	0.0015	0.0000	0.0095	3.9831	6.1933	0.0761	19.1312	18.2428	0.3155	0.0197	0.0076	0.0338	inf	0.0060	0.0000	-0.4209	1.9995	4.0043	3.6173	19.8631	0.0001	0.0000	0.0001	0.0000	0.0000	0.0000	0.0001	0.0000	0.0001	0.9304	0.9248	0.0056	0.9277	0.9243	0.0035	0.0026	0.0005	0.0021	0.0498	0.0422	0.0076	0.0040	0.0037	0.0002	0.0459	0.0385	0.0074	0.2402	0.1671	0.0731	0.1056	0.0946	0.0110	0.1346	0.0725	0.0621	0.0004	0.0000	0.1203	0.0000	0.0000	0.0000	0.0775	0.0000	0.2799	3.8736	5.5336	0.0761	8.7848	9.7657	0.3155	0.0197	0.0076	0.0338
3	81	0.7115	9	0	1	1	1	0	0	0	0	N	N	N	N	N	N	N	N	N	N	N	N	0.0000	0.0000	0.0000	0.0000	0.0000	0.0000	0.0000	0.0000	0.0000	0.0000	0.0000	0.0000	0.0000	0.0000	0.0000	0.0000	0.0000	0.0026	0.0000	0.0088	0.0030	0.0000	0.0315	0.0022	0.0000	0.0042	2465.0184	0.0000	0.0001	1.9995	2.0162	3.6173	4.5500	0.0000	0.0000	0.0000	0.0000	0.0000	0.0000	0.0000	0.0000	0.0000	0.0002	0.0000	0.0002	0.0001	0.0000	0.0001	0.0001	0.0000	0.0001	0.0294	0.0256	0.0039	0.0124	0.0115	0.0008	0.0171	0.0140	0.0030	0.0674	0.0475	0.0199	0.0349	0.0316	0.0033	0.0325	0.0159	0.0166	0.0000	0.0000	0.0000	0.0000	0.0000	0.0000	0.0000	0.0000	0.0000	0.0026	0.0000	0.0088	0.0030	0.0000	0.0315	0.0022	0.0000	0.0042		
3	82	0.2790	7	0	1	1	1	0	0	0	0	N	N	N	N	N	N	N	N	N	N	N	N	0.0000	0.0000	0.0000	0.0000	0.0000	0.0000	0.0000	0.0000	0.0000	0.0000	0.0000	0.0000	0.0000	0.0000	0.0000	0.0000	0.0000	0.0000	0.0006	0.0009	0.0000	0.0013	0.0014	0.0000	0.0000	0.0000	0.0000	0.0005	0.0000	-0.0000	1.9995	3.0011	3.6173	3.7015	0.0000	0.0000	0.0000	0.0000	0.0000	0.0000	0.0000	0.0000	0.0000	0.0001	0.0001	0.0000	0.0001	0.0001	0.0000	0.0000	0.0000	0.0000	0.0396	0.0338	0.0058	0.0070	0.0065	0.0005	0.0326	0.0273	0.0052	0.0831	0.0587	0.0244	0.0418	0.0371	0.0047	0.0413	0.0216	0.0197	0.0000	0.0000	0.0000	0.0000	0.0000	0.0000	0.0000	0.0000	0.0000	0.0006	0.0009	0.0000	0.0013	0.0014	0.0000	0.0000	0.0000	0.0000	
3	83	0.2675	6	0	1	0	1	0	0	0	0	N	N	N	N	N	N	N	N	N	N	N	N	0.0000	0.0000	0.0000	0.0000	0.0000	0.0000	0.0000	0.0000	0.0000	0.0000	0.0000	0.0000	0.0000	0.0000	0.0000	0.0000	0.0000	0.0000	0.0020	0.0027	0.0003	0.0034	0.0040	0.0000	0.0003	0.0001	0.0005	0.0565	0.0000	-0.0001	1.9995	2.0032	3.6173	4.2039	0.0000	0.0000	0.0000	0.0000	0.0000	0.0000	0.0000	0.0000	0.0000	0.0002	0.0002	0.0000	0.0002	0.0002	0.0000	0.0000	0.0000	0.0000	0.0266	0.0227	0.0039	0.0046	0.0043	0.0003	0.0220	0.0185	0.0036	0.0941	0.0656	0.0285	0.0509	0.0426	0.0083	0.0432	0.0230	0.0202	0.0000	0.0000	0.0000	0.0000	0.0000	0.0000	0.0000	0.0000	0.0000	0.0020	0.0027	0.0003	0.0034	0.0040	0.0000	0.0003	0.0001	0.0005	
3	84	0.2643	6	1	0	1	1	0	0	0	0	N	N	N	N	N	N	N	N	N	N	N	N	0.0000	0.0000	0.0000	0.0000	0.0000	0.0000	0.0000	0.0000	0.0000	0.0000	0.0000	0.0000	0.0000	0.0000	0.0000	0.0000	0.0000	0.0000	0.0302	0.0438	0.0001	0.0410	0.0483	0.0000	0.0180	0.0352	0.0001	0.0008	0.0000	-0.0010	1.9995	1.0052	3.6173	4.9545	0.0000	0.0000	0.0000	0.0000	0.0000	0.0000	0.0000	0.0000	0.0000	0.0023	0.0023	0.0000	0.0016	0.0016	0.0000	0.0006	0.0006	0.0000	0.0136	0.0116	0.0020	0.0021	0.0020	0.0001	0.0115	0.0096	0.0019	0.0758	0.0523	0.0235	0.0402	0.0341	0.0061	0.0356	0.0181	0.0174	0.0000	0.0000	0.0000	0.0000	0.0000	0.0000	0.0000	0.0000	0.0000	0.0302	0.0438	0.0001	0.0410	0.0483	0.0000	0.0180	0.0352	0.0001	
3	85	0.2449	5	1	0	1	1	0	0	0	0	N	N	N	N	N	N	N	N	N	N	N	N	0.0000	0.0000	0.0000	0.0000	0.0000	0.0000	0.0000	0.0000	0.0000	0.0000	0.0000	0.0000	0.0000	0.0000	0.0000	0.0000	0.0000	0.0000	2.6055	3.7725	0.0268	0.0024	0.0020	0.0043	5.5078	10.3560	0.0359	0.0032	0.0000	-0.1267	1.9995	0.9968	3.6173	7.6169	0.0000	0.0000	0.0000	0.0000	0.0000	0.0000	0.0000	0.0000	0.0000	0.2783	0.2774	0.0009	0.0001	0.0001	0.0000	0.2782	0.2774	0.0009	0.0134	0.0114	0.0020	0.0023	0.0021	0.0002	0.0111	0.0093	0.0018	0.1068	0.0735	0.0333	0.0563	0.0468	0.0096	0.0505	0.0268	0.0237	0.0000	0.0000	0.0000	0.0000	0.0000	0.0000	0.0000	0.0000	0.0000	2.6055	3.7725	0.0268	0.0024	0.0020	0.0043	5.5078	10.3560	0.0359	
3	86	0.2649	4	1	1	0	1	0	0	0	0	N	N	N	N	N	N	N	N	N	N	N	N	4.3014	3.8696	0.0000	3.8198	3.2177	0.0000	118.9172	2178.2164	0.0000	0.0030	0.0035	0.0000	0.0039	0.0041	0.0000	0.0027	0.0033	0.0000	0.0007	0.0009	0.0000	0.0010	0.0013	0.0000	0.0000	0.0000	0.0001	0.0000	0.0134	-0.0001	-0.0001	1.9995	5.8060	3.6173	6.1034	0.0003	0.0003	0.0000	0.0001	0.0001	0.0000	0.0002	0.0002	0.0000	0.0003	0.0003	0.0000	0.0003	0.0003	0.0000	0.0000	0.0000	0.0000	0.0907	0.0776	0.0131	0.0205	0.0194	0.0011	0.0702	0.0582	0.0120	0.3832	0.2910	0.0922	0.2572	0.2043	0.0529	0.1260	0.0867	0.0393	4.3014	3.8696	0.0000	3.8198	3.2177	0.0000	118.9172	2178.2164	0.0000	0.0007	0.0009	0.0000	0.0010	0.0013	0.0000	0.0000	0.0000	0.0001
3	87	0.1710	3	1	1	0	1	0	0	0	0	N	N	N	N	N	N	N	N	N	N	N	N	0.0003	0.0003	0.0000	0.0000	0.0000	0.0000	0.1916	2.8483	0.0000	0.0003	0.0004	0.0000	0.0000	0.0000	0.0000	0.0004	0.0004	0.0000	1.0856	1.5581	0.0037	2.4948	2.7913	0.0021	0.0019	0.0002	0.0040	0.0000	0.0010	-0.0000	-0.1598	1.9995	12.2869	3.6173	21.7146	0.0000	0.0000	0.0000	0.0000	0.0000	0.0000	0.0000	0.0000	0.0000	0.3494	0.3490	0.0004	0.3491	0.3490	0.0000	0.0003	0.0000	0.0003	0.1469	0.1246	0.0222	0.0113	0.0106	0.0007	0.1356	0.1141	0.0215	0.3219	0.2240	0.0978	0.1399	0.1250	0.0149	0.1820	0.0990	0.0830	0.0003	0.0003	0.0000	0.0000	0.0000	0.0000	0.1916	2.8483	0.0000	1.0856	1.5581	0.0037	2.4948	2.7913	0.0021	0.0019	0.0002	0.0040
3	88	0.2675	6	0	1	0	1	0	0	0	0	N	N	N	N	N	N	N	N	N	N	N	N	0.0000	0.0000	0.0000	0.0000	0.0000	0.0000	0.0000	0.0000	0.0000	0.0000	0.0000	0.0000	0.0000	0.0000	0.0000	0.0000	0.0000	0.0000	0.0009	0.0013	0.0002	0.0003	0.0003	0.0004	0.0016	0.0029	0.0001	0.0548	0.0000	-0.0001	1.9995	4.0005	3.6173	9.0093	0.0000	0.0000	0.0000	0.0000	0.0000	0.0000	0.0000	0.0000	0.0000	0.0001	0.0001	0.0000	0.0000	0.0000	0.0000	0.0001	0.0001	0.0000	0.0526	0.0450	0.0077	0.0091	0.0084	0.0007	0.0436	0.0366	0.0070	0.1599	0.1114	0.0485	0.0817	0.0696	0.0120	0.0782	0.0417	0.0365	0.0000	0.0000	0.0000	0.0000	0.0000	0.0000	0.0000	0.0000	0.0000	0.0009	0.0013	0.0002	0.0003	0.0003	0.0004	0.0016	0.0029	0.0001	
3	89	0.2449	5	0	1	0	1	0	0	0	0	N	N	N	N	N	N	N	N	N	N	N	N	0.0000	0.0000	0.0000	0.0000	0.0000	0.0000	0.0000	0.0000	0.0000	0.0000	0.0000	0.0000	0.0000	0.0000	0.0000	0.0000	0.0000	0.0000	0.0007	0.0009	0.0003	0.0007	0.0008	0.0000	0.0008	0.0011	0.0004	0.1259	0.0000	-0.0000	1.9995	1.0051	3.6173	9.2650	0.0000	0.0000	0.0000	0.0000	0.0000	0.0000	0.0000	0.0000	0.0000	0.0001	0.0001	0.0000	0.0000	0.0000	0.0000	0.0000	0.0000	0.0000	0.0135	0.0115	0.0020	0.0023	0.0022	0.0002	0.0112	0.0094	0.0018	0.1230	0.0848	0.0382	0.0639	0.0534	0.0105	0.0591	0.0314	0.0277	0.0000	0.0000	0.0000	0.0000	0.0000	0.0000	0.0000	0.0000	0.0000	0.0007	0.0009	0.0003	0.0007	0.0008	0.0000	0.0008	0.0011	0.0004	
3	90	0.2933	5	0	0	1	1	0	0	0	0	N	N	N	N	N	N	N	N	N	N	N	N	0.0009	0.0000	0.0027	0.0000	0.0000	0.0000	0.0009	0.0000	0.0029	0.0001	0.0000	0.0007	0.0000	0.0000	0.0000	0.0001	0.0000	0.0007	0.1153	0.0483	0.2557	0.1160	0.0925	0.4492	0.1148	0.0000	0.2396	inf	2.5214	0.0000	0.0049	1.9995	2.3559	3.6173	7.1930	0.0000	0.0000	0.0000	0.0000	0.0000	0.0000	0.0000	0.0000	0.0000	0.0188	0.0053	0.0135	0.0072	0.0053	0.0018	0.0117	0.0000	0.0117	0.0338	0.0289	0.0048	0.0033	0.0032	0.0001	0.0305	0.0257	0.0047	0.1634	0.1107	0.0527	0.0619	0.0578	0.0041	0.1015	0.0529	0.0487	0.0009	0.0000	0.0027	0.0000	0.0000	0.0000	0.0009	0.0000	0.0029	0.1153	0.0483	0.2557	0.1160	0.0925	0.4492	0.1148	0.0000	0.2396
3	91	0.2605	4	0	0	0	1	0	0	0	0	N	N	N	N	N	N	N	N	N	N	N	N	0.0009	0.0001	0.0572	0.0002	0.0002	0.0001	0.0197	0.0000	0.0672	0.0008	0.0001	0.0051	0.0004	0.0005	0.0000	0.0009	0.0000	0.0053	0.8863	1.2047	0.0898	1.7689	1.9790	0.1331	0.0435	0.0141	0.0794	6.3335	0.0298	0.0000	-0.1449	1.9995	4.9284	3.6173	11.0439	0.0001	0.0000	0.0001	0.0000	0.0000	0.0000	0.0001	0.0000	0.0001	0.3374	0.3276	0.0098	0.3289	0.3261	0.0028	0.0085	0.0015	0.0069	0.0978	0.0854	0.0125	0.0229	0.0225	0.0005	0.0749	0.0629	0.0120	0.3807	0.2720	0.1087	0.1860	0.1648	0.0212	0.1947	0.1072	0.0876	0.0009	0.0001	0.0572	0.0002	0.0002	0.0001	0.0197	0.0000	0.0672	0.8863	1.2047	0.0898	1.7689	1.9790	0.1331	0.0435	0.0141	0.0794
3	92	0.1710	3	0	0	0	1	0	0	0	0	N	N	N	N	N	N	N	N	N	N	N	N	0.0000	0.0000	0.0003	0.0000	0.0000	0.0000	0.0004	0.0000	0.0013	0.0001	0.0000	0.0004	0.0000	0.0000	0.0000	0.0001	0.0000	0.0004	2.7245	3.2851	1.4410	8.9398	6.4691	7.8886	0.1358	0.0096	0.2862	581.7447	0.1916	0.0000	-0.2555	1.9995	3.9161	3.6173	29.2065	0.0000	0.0000	0.0000	0.0000	0.0000	0.0000	0.0000	0.0000	0.0000	0.8584	0.7204	0.1380	0.8343	0.7195	0.1148	0.0242	0.0009	0.0232	0.0487	0.0413	0.0075	0.0039	0.0036	0.0002	0.0449	0.0376	0.0072	0.3151	0.2193	0.0958	0.1371	0.1225	0.0145	0.1780	0.0968	0.0812	0.0000	0.0000	0.0003	0.0000	0.0000	0.0000	0.0004	0.0000	0.0013	2.7245	3.2851	1.4410	6.0855	5.8714	7.8886	0.1358	0.0096	0.2862
3	93	0.7115	9	1	1	0	1	0	0	0	0	N	N	N	N	N	N	N	N	N	N	N	N	0.3386	0.8464	0.0015	0.5733	1.2530	0.0019	0.0003	0.0693	0.0000	0.0009	0.0011	0.0000	0.0023	0.0024	0.0000	0.0000	0.0000	0.0000	0.0028	0.0013	0.0063	0.0039	0.0019	0.0225	0.0015	0.0000	0.0030	0.0013	2.0897	-0.0000	0.0001	1.9995	2.5103	3.6173	7.4742	0.0000	0.0000	0.0000	0.0000	0.0000	0.0000	0.0000	0.0000	0.0000	0.0003	0.0001	0.0002	0.0002	0.0001	0.0001	0.0001	0.0000	0.0001	0.0350	0.0304	0.0046	0.0145	0.0135	0.0010	0.0205	0.0169	0.0036	0.0932	0.0656	0.0276	0.0477	0.0430	0.0047	0.0455	0.0225	0.0229	0.3386	0.8464	0.0015	0.5733	1.2530	0.0019	0.0003	0.0693	0.0000	0.0028	0.0013	0.0063	0.0039	0.0019	0.0225	0.0015	0.0000	0.0030
3	94	0.6753	8	0	1	0	1	0	0	0	0	N	N	N	N	N	N	N	N	N	N	N	N	0.1730	0.0978	6.2786	0.2343	0.1517	149.4054	0.0003	0.0010	0.0000	0.0003	0.0003	0.0009	0.0009	0.0006	0.0052	0.0000	0.0000	0.0000	0.0019	0.0026	0.0001	0.0038	0.0042	0.0000	0.0001	0.0000	0.0002	0.4714	0.0211	-0.0000	-0.0001	1.9995	7.1305	3.6173	3.2426	0.0000	0.0000	0.0000	0.0000	0.0000	0.0000	0.0000	0.0000	0.0000	0.0002	0.0002	0.0000	0.0002	0.0002	0.0000	0.0000	0.0000	0.0000	0.1126	0.0989	0.0137	0.0427	0.0404	0.0023	0.0699	0.0585	0.0114	0.1039	0.0744	0.0296	0.0521	0.0469	0.0052	0.0518	0.0275	0.0243	0.1730	0.0978	6.2786	0.2343	0.1517	149.4054	0.0003	0.0010	0.0000	0.0019	0.0026	0.0001	0.0038	0.0042	0.0000	0.0001	0.0000	0.0002
3	95	0.2449	5	1	1	0	1	0	0	0	0	N	N	N	N	N	N	N	N	N	N	N	N	0.1213	0.0000	7553.7587	0.0000	0.0000	0.2043	0.0000	6408.8236	0.0007	0.0000	0.0047	0.0000	0.0000	0.0000	0.0008	0.0000	0.0051	0.0056	0.0081	0.0000	0.0073	0.0085	0.0000	0.0040	0.0074	0.0000	inf	0.0000	0.0000	-0.0008	1.9995	8.0000	3.6173	22.5660	0.0001	0.0000	0.0001	0.0000	0.0000	0.0000	0.0001	0.0000	0.0001	0.0017	0.0017	0.0000	0.0011	0.0011	0.0000	0.0006	0.0006	0.0000	0.1035	0.0885	0.0150	0.0171	0.0158	0.0012	0.0865	0.0727	0.0138	0.3031	0.2097	0.0934	0.1466	0.1260	0.0206	0.1565	0.0837	0.0728	0.1213	0.0000	7553.7587	0.0000	0.0000	0.0000	0.2043	0.0000	6408.8236	0.0056	0.0081	0.0000	0.0073	0.0085	0.0000	0.0040	0.0074	0.0000	
3	96	0.1710	3	0	0	0	1	0	0	0	0	N	N	N	N	N	N	N	N	N	N	N	N	0.0001	0.0002	0.0000	0.0011	0.0010	0.0000	0.0000	0.0000	0.0000	0.0003	0.0003	0.0000	0.0036	0.0039	0.0000	0.0000	0.0000	0.0000	5.5353	2.1302	21.1896	3.4054	3.7996	0.0679	5.9395	0.0019	23.2460	0.0000	2.2601	-0.0000	0.3374	1.9995	11.9964	3.6173	18.8414	0.0000	0.0000	0.0000	0.0000	0.0000	0.0000	0.0000	0.0000	0.0000	1.4366	0.4407	0.9959	0.4414	0.4405	0.0009	0.9952	0.0002	0.9950	0.1436	0.1218	0.0218	0.0110	0.0103	0.0007	0.1326	0.1115	0.0211	0.2972	0.2069	0.0903	0.1296	0.1159	0.0137	0.1676	0.0909	0.0766	0.0001	0.0002	0.0000	0.0011	0.0010	0.0000	0.0000	0.0000	0.0000	4.8341	2.1302	11.0281	3.4054	3.7996	0.0679	5.9395	0.0019	12.9869
3	98	0.2754	7	1	1	1	1	0	0	0	0	N	N	N	N	N	N	N	N	N	N	N	N	0.0000	0.0000	0.0000	0.0000	0.0000	0.0000	0.0000	0.0000	0.0000	0.0000	0.0000	0.0000	0.0000	0.0000	0.0000	0.0000	0.0000	0.0000	0.0080	0.0107	0.0016	0.0055	0.0063	0.0005	0.0104	0.0178	0.0019	0.0618	0.0000	-0.0006	1.9995	0.9502	3.6173	16.1595	0.0000	0.0000	0.0000	0.0000	0.0000	0.0000	0.0000	0.0000	0.0000	0.0014	0.0013	0.0001	0.0005	0.0005	0.0000	0.0009	0.0009	0.0001	0.0146	0.0121	0.0025	0.0043	0.0035	0.0008	0.0103	0.0087	0.0017	0.1782	0.1252	0.0530	0.0890	0.0774	0.0116	0.0892	0.0478	0.0414	0.0000	0.0000	0.0000	0.0000	0.0000	0.0000	0.0000	0.0000	0.0000	0.0080	0.0107	0.0016	0.0055	0.0063	0.0005	0.0104	0.0178	0.0019	
3	99	0.1710	3	0	1	0	1	0	0	0	0	N	N	N	N	N	N	N	N	N	N	N	N	0.0000	0.0000	0.0000	0.0000	0.0000	0.0000	0.0000	0.0000	0.0000	0.0000	0.0000	0.0000	0.0000	0.0000	0.0000	0.0000	0.0000	0.0000	0.0049	0.0014	0.0128	0.0082	0.0007	0.0722	0.0023	0.0023	0.0023	4.0661	0.0000	0.0005	1.9995	11.9964	3.6173	15.6499	0.0000	0.0000	0.0000	0.0000	0.0000	0.0000	0.0000	0.0000	0.0000	0.0013	0.0003	0.0011	0.0010	0.0001	0.0009	0.0003	0.0002	0.0002	0.1436	0.1218	0.0218	0.0110	0.0103	0.0007	0.1326	0.1115	0.0211	0.2715	0.1890	0.0825	0.1189	0.1064	0.0125	0.1527	0.0826	0.0701	0.0000	0.0000	0.0000	0.0000	0.0000	0.0000	0.0000	0.0000	0.0000	0.0049	0.0014	0.0128	0.0082	0.0007	0.0722	0.0023	0.0023	0.0023	
3	100	0.2784	8	1	0	1	1	0	0	0	0	N	N	N	N	N	N	N	N	N	N	N	N	0.0000	0.0000	0.0000	0.0000	0.0000	0.0000	0.0000	0.0000	0.0000	0.0000	0.0000	0.0000	0.0000	0.0000	0.0000	0.0000	0.0000	0.0000	8.4051	0.0205	46.6125	0.0229	0.0255	0.0051	12.7143	0.0124	53.6497	445.0121	0.0000	0.5377	1.9995	1.0008	3.6173	13.9255	0.0000	0.0000	0.0000	0.0000	0.0000	0.0000	0.0000	0.0000	0.0000	0.9968	0.0022	0.9946	0.0018	0.0017	0.0000	0.9950	0.0005	0.9945	0.0135	0.0116	0.0019	0.0026	0.0024	0.0002	0.0109	0.0091	0.0018	0.1557	0.1090	0.0467	0.0774	0.0675	0.0099	0.0783	0.0415	0.0368	0.0000	0.0000	0.0000	0.0000	0.0000	0.0000	0.0000	0.0000	0.0000	6.4040	0.0205	21.3177	0.0229	0.0255	0.0051	12.7143	0.0124	27.0505	
3	101	0.2754	7	1	0	1	1	0	0	0	0	N	N	N	N	N	N	N	N	N	N	N	N	0.0000	0.0000	0.0000	0.0000	0.0000	0.0000	0.0000	0.0000	0.0000	0.0000	0.0000	0.0000	0.0000	0.0000	0.0000	0.0000	0.0000	0.0000	0.0159	0.0019	0.0504	0.0019	0.0020	0.0017	0.0317	0.0019	0.0638	10.6569	0.0000	0.0003	1.9995	0.0532	3.6173	2.0467	0.0000	0.0000	0.0000	0.0000	0.0000	0.0000	0.0000	0.0000	0.0000	0.0006	0.0000	0.0005	0.0000	0.0000	0.0000	0.0005	0.0000	0.0005	0.0026	0.0018	0.0008	0.0020	0.0013	0.0007	0.0006	0.0005	0.0001	0.0358	0.0254	0.0103	0.0190	0.0167	0.0022	0.0168	0.0087	0.0081	0.0000	0.0000	0.0000	0.0000	0.0000	0.0000	0.0000	0.0000	0.0000	0.0159	0.0019	0.0504	0.0019	0.0020	0.0017	0.0317	0.0019	0.0638	
3	102	0.2658	6	1	0	1	1	0	0	0	0	N	N	N	N	N	N	N	N	N	N	N	N	0.0000	0.0000	0.0000	0.0000	0.0000	0.0000	0.0000	0.0000	0.0000	0.0000	0.0000	0.0000	0.0000	0.0000	0.0000	0.0000	0.0000	0.0000	0.0120	0.0165	0.0011	0.0196	0.0227	0.0008	0.0036	0.0057	0.0012	0.0283	0.0000	-0.0004	1.9995	2.0948	3.6173	3.0326	0.0000	0.0000	0.0000	0.0000	0.0000	0.0000	0.0000	0.0000	0.0000	0.0008	0.0008	0.0000	0.0007	0.0007	0.0000	0.0001	0.0001	0.0000	0.0299	0.0252	0.0047	0.0071	0.0062	0.0010	0.0227	0.0191	0.0037	0.0687	0.0485	0.0202	0.0360	0.0308	0.0051	0.0327	0.0176	0.0151	0.0000	0.0000	0.0000	0.0000	0.0000	0.0000	0.0000	0.0000	0.0000	0.0120	0.0165	0.0011	0.0196	0.0227	0.0008	0.0036	0.0057	0.0012	
3	103	0.2449	5	1	0	1	1	0	0	0	0	N	N	N	N	N	N	N	N	N	N	N	N	0.0000	0.0000	0.0000	0.0000	0.0000	0.0000	0.0000	0.0000	0.0000	0.0000	0.0000	0.0000	0.0000	0.0000	0.0000	0.0000	0.0000	0.0000	0.0022	0.0031	0.0003	0.0019	0.0023	0.0001	0.0025	0.0044	0.0004	0.0456	0.0000	-0.0001	1.9995	3.9484	3.6173	4.8420	0.0000	0.0000	0.0000	0.0000	0.0000	0.0000	0.0000	0.0000	0.0000	0.0002	0.0002	0.0000	0.0001	0.0001	0.0000	0.0001	0.0001	0.0000	0.0521	0.0445	0.0076	0.0087	0.0081	0.0006	0.0434	0.0364	0.0070	0.1086	0.0748	0.0338	0.0571	0.0475	0.0097	0.0514	0.0273	0.0242	0.0000	0.0000	0.0000	0.0000	0.0000	0.0000	0.0000	0.0000	0.0000	0.0022	0.0031	0.0003	0.0019	0.0023	0.0001	0.0025	0.0044	0.0004	
3	104	0.2033	4	0	1	0	1	0	0	0	0	N	N	N	N	N	N	N	N	N	N	N	N	2.5825	2.1192	0.0000	3.0164	2.9815	0.0000	1481.6768	1002.6199	0.0000	6.1486	7.1238	0.0000	17.9035	19.0649	0.0000	2.9925	3.5511	0.0000	2.3809	3.3616	0.0014	5.9355	6.3944	0.0072	0.0020	0.0035	0.0001	0.0000	0.0002	-0.3599	-0.4262	1.9995	8.9557	3.6173	32.3127	0.8159	0.8159	0.0000	0.5028	0.5028	0.0000	0.3130	0.3130	0.0000	0.9302	0.9301	0.0002	0.9298	0.9296	0.0001	0.0004	0.0004	0.0000	0.1327	0.1145	0.0182	0.0281	0.0264	0.0017	0.1046	0.0882	0.0165	0.3907	0.2767	0.1140	0.1784	0.1585	0.0200	0.2123	0.1182	0.0941	2.5825	2.1192	0.0000	3.4357	3.2498	0.0000	1481.6768	1002.6199	0.0000	2.3809	3.3616	0.0014	5.2110	5.8665	0.0072	0.0020	0.0035	0.0001
3	105	0.2287	5	0	0	1	1	0	0	0	0	N	N	N	N	N	N	N	N	N	N	N	N	0.0000	0.0000	0.0000	0.0000	0.0000	0.0000	0.0000	0.0000	0.0000	0.0000	0.0000	0.0000	0.0000	0.0000	0.0000	0.0000	0.0000	0.0000	10.4626	0.0072	62.5395	0.0115	0.0120	0.0072	14.4044	0.0002	66.0249	1439.4083	0.0000	0.5386	1.9995	4.2679	3.6173	7.8415	0.0000	0.0000	0.0000	0.0000	0.0000	0.0000	0.0000	0.0000	0.0000	0.9957	0.0007	0.9950	0.0007	0.0007	0.0000	0.9949	0.0000	0.9949	0.0634	0.0537	0.0097	0.0127	0.0120	0.0007	0.0507	0.0417	0.0091	0.1330	0.0957	0.0373	0.0639	0.0572	0.0068	0.0691	0.0385	0.0306	0.0000	0.0000	0.0000	0.0000	0.0000	0.0000	0.0000	0.0000	0.0000	7.4850	0.0072	26.6567	0.0115	0.0120	0.0072	14.4044	0.0002	32.5409	
3	106	0.2033	4	0	0	0	1	0	0	0	0	N	N	N	N	N	N	N	N	N	N	N	N	402.6049	340.1637	0.0000	237.4762	229.0174	0.0000	3098.5237	2144.4840	0.0000	11.6209	13.1622	0.0000	12.8414	13.5312	0.0000	10.9298	12.9276	0.0000	0.0289	0.0387	0.0041	0.0541	0.0591	0.0177	0.0035	0.0060	0.0005	0.0000	0.0425	-0.2299	-0.0017	1.9995	1.9301	3.6173	9.0954	0.5213	0.5213	0.0000	0.2082	0.2082	0.0000	0.3130	0.3130	0.0000	0.0041	0.0039	0.0002	0.0038	0.0037	0.0002	0.0002	0.0002	0.0000	0.0449	0.0396	0.0053	0.0162	0.0154	0.0008	0.0286	0.0242	0.0044	0.1410	0.1009	0.0401	0.0707	0.0621	0.0086	0.0703	0.0388	0.0316	402.6049	340.1637	0.0000	237.4762	229.0174	0.0000	3098.5237	2144.4840	0.0000	0.0289	0.0387	0.0041	0.0541	0.0591	0.0177	0.0035	0.0060	0.0005
3	107	0.1710	3	0	0	0	1	0	0	0	0	N	N	N	N	N	N	N	N	N	N	N	N	0.0000	0.0000	0.0000	0.0000	0.0000	0.0000	0.0000	0.0000	0.0000	0.0000	0.0000	0.0000	0.0000	0.0000	0.0000	0.0000	0.0000	0.0000	0.0271	0.0328	0.0143	0.0586	0.0562	0.0810	0.0017	0.0004	0.0032	0.1942	0.0000	-0.0012	1.9995	3.9049	3.6173	9.6098	0.0000	0.0000	0.0000	0.0000	0.0000	0.0000	0.0000	0.0000	0.0000	0.0040	0.0034	0.0007	0.0039	0.0034	0.0005	0.0001	0.0000	0.0001	0.0486	0.0411	0.0075	0.0039	0.0036	0.0002	0.0447	0.0375	0.0072	0.1484	0.1027	0.0457	0.0662	0.0597	0.0065	0.0822	0.0431	0.0391	0.0000	0.0000	0.0000	0.0000	0.0000	0.0000	0.0000	0.0000	0.0000	0.0271	0.0328	0.0143	0.0586	0.0562	0.0810	0.0017	0.0004	0.0032	
3	108	0.1921	5	0	1	0	1	0	0	0	0	N	N	N	N	N	N	N	N	N	N	N	N	0.0000	0.0000	0.0000	0.0000	0.0000	0.0000	0.0000	0.0000	0.0000	0.0000	0.0000	0.0000	0.0000	0.0000	0.0000	0.0000	0.0000	0.0000	0.0168	0.0075	0.0379	0.0045	0.0036	0.0127	0.0254	0.0120	0.0418	2.2248	0.0000	0.0012	1.9995	8.0392	3.6173	22.6195	0.0000	0.0000	0.0000	0.0000	0.0000	0.0000	0.0000	0.0000	0.0000	0.0052	0.0016	0.0036	0.0006	0.0004	0.0002	0.0047	0.0012	0.0035	0.1064	0.0904	0.0160	0.0118	0.0112	0.0007	0.0946	0.0792	0.0153	0.3118	0.2163	0.0955	0.1279	0.1152	0.0127	0.1839	0.1011	0.0828	0.0000	0.0000	0.0000	0.0000	0.0000	0.0000	0.0000	0.0000	0.0000	0.0168	0.0075	0.0379	0.0045	0.0036	0.0127	0.0254	0.0120	0.0418	
3	109	0.1921	4	0	0	0	1	0	0	0	0	N	N	N	N	N	N	N	N	N	N	N	N	0.0000	0.0000	0.0000	0.0000	0.0000	0.0000	0.0000	0.0000	0.0000	0.0000	0.0000	0.0000	0.0000	0.0000	0.0000	0.0000	0.0000	0.0000	0.1201	0.0875	0.2149	0.1503	0.1471	0.2137	0.0939	0.0002	0.2150	0.8435	0.0000	-0.0000	1.9995	0.2031	3.6173	2.0398	0.0000	0.0000	0.0000	0.0000	0.0000	0.0000	0.0000	0.0000	0.0000	0.0064	0.0035	0.0029	0.0037	0.0035	0.0003	0.0027	0.0000	0.0027	0.0073	0.0061	0.0012	0.0027	0.0027	0.0000	0.0047	0.0035	0.0012	0.0534	0.0398	0.0137	0.0248	0.0236	0.0012	0.0286	0.0161	0.0125	0.0000	0.0000	0.0000	0.0000	0.0000	0.0000	0.0000	0.0000	0.0000	0.1201	0.0875	0.2149	0.1503	0.1471	0.2137	0.0939	0.0002	0.2150	
3	110	0.7727	10	1	0	1	1	0	0	0	0	N	N	N	N	N	N	N	N	N	N	N	N	0.0000	0.0000	0.0000	0.0000	0.0000	0.0000	0.0000	0.0000	0.0000	0.0000	0.0000	0.0000	0.0000	0.0000	0.0000	0.0024	0.0035	0.0000	0.0043	0.0044	0.0000	0.0003	0.0007	0.0000	0.0000	0.0000	-0.0000	1.9995	0.0001	3.6173	0.0001	0.0000	0.0000	0.0000	0.0000	0.0000	0.0000	0.0000	0.0000	0.0000	0.0000	0.0000	0.0000	0.0000	0.0000	0.0000	0.0000	0.0000	0.0000	0.0014	0.0011	0.0003	0.0007	0.0007	0.0000	0.0007	0.0004	0.0003	0.0000	0.0000	0.0000	0.0000	0.0000	0.0000	0.0000	0.0000	0.0000	0.0000	0.0000	0.0000	0.0000	0.0000	0.0000	0.0000	0.0000	0.0000	0.0024	0.0035	0.0000	0.0043	0.0044	0.0000	0.0003	0.0007	0.0000				
3	111	0.7588	9	1	0	1	1	0	0	0	0	N	N	N	N	N	N	N	N	N	N	N	N	2.1386	1.8523	0.4968	3.8624	3.7745	1.0466	0.0008	0.0003	0.0055	0.0774	0.0890	0.0021	0.2460	0.2596	0.0155	0.0000	0.0000	0.0000	0.0362	0.0481	0.0042	0.0637	0.0688	0.0148	0.0050	0.0078	0.0017	0.0036	0.0320	-0.0008	-0.0008	1.9995	1.6718	3.6173	2.9223	0.0018	0.0018	0.0000	0.0018	0.0018	0.0000	0.0000	0.0000	0.0000	0.0018	0.0018	0.0001	0.0017	0.0017	0.0000	0.0001	0.0001	0.0000	0.0234	0.0203	0.0031	0.0074	0.0070	0.0004	0.0161	0.0133	0.0027	0.0506	0.0370	0.0137	0.0269	0.0244	0.0025	0.0237	0.0126	0.0111	2.1386	1.8523	0.4968	3.8624	3.7745	1.0466	0.0008	0.0003	0.0055	0.0362	0.0481	0.0042	0.0637	0.0688	0.0148	0.0050	0.0078	0.0017
3	112	0.6753	8	1	0	1	1	0	0	0	0	N	N	N	N	N	N	N	N	N	N	N	N	2.1064	1.7335	3.0250	3.1366	2.9750	8.4594	0.0001	0.0000	0.0002	0.0102	0.0114	0.0017	0.0297	0.0310	0.0101	0.0000	0.0000	0.0000	0.0048	0.0066	0.0006	0.0095	0.0104	0.0012	0.0003	0.0002	0.0004	0.0220	0.0354	-0.0008	-0.0004	1.9995	14.0283	3.6173	7.1084	0.0018	0.0018	0.0000	0.0018	0.0018	0.0000	0.0000	0.0000	0.0000	0.0009	0.0008	0.0000	0.0008	0.0008	0.0000	0.0000	0.0000	0.0000	0.1808	0.1578	0.0230	0.0620	0.0580	0.0039	0.1188	0.0997	0.0191	0.1794	0.1272	0.0522	0.0887	0.0795	0.0092	0.0907	0.0477	0.0430	2.1064	1.7335	3.0250	3.1366	2.9750	8.4594	0.0001	0.0000	0.0002	0.0048	0.0066	0.0006	0.0095	0.0104	0.0012	0.0003	0.0002	0.0004
3	113	0.6150	7	0	0	0	1	0	0	0	0	N	N	N	N	N	N	N	N	N	N	N	N	0.0311	0.0863	0.0060	0.0774	0.1702	0.0212	0.0002	0.0012	0.0001	0.0002	0.0003	0.0001	0.0007	0.0007	0.0009	0.0000	0.0000	0.0000	0.0077	0.0030	0.0210	0.0090	0.0041	0.0402	0.0061	0.0009	0.0132	0.0666	2.5416	-0.0000	0.0004	1.9995	8.6129	3.6173	5.1709	0.0000	0.0000	0.0000	0.0000	0.0000	0.0000	0.0000	0.0000	0.0000	0.0016	0.0005	0.0012	0.0011	0.0004	0.0007	0.0006	0.0000	0.0005	0.1502	0.1325	0.0178	0.0515	0.0488	0.0026	0.0988	0.0836	0.0151	0.2127	0.1568	0.0560	0.1186	0.1023	0.0163	0.0942	0.0545	0.0397	0.0311	0.0863	0.0060	0.0774	0.1702	0.0212	0.0002	0.0012	0.0001	0.0077	0.0030	0.0210	0.0090	0.0041	0.0402	0.0061	0.0009	0.0132
3	114	0.5199	6	0	0	0	1	0	0	0	0	N	N	N	N	N	N	N	N	N	N	N	N	0.7204	1.2054	0.0203	2.1726	2.7271	0.0701	0.0336	2.6277	0.0077	0.0224	0.0258	0.0012	0.0879	0.0945	0.0062	0.0007	0.0008	0.0004	0.0311	0.0214	0.0575	0.0405	0.0347	0.0883	0.0216	0.0003	0.0497	0.0072	0.9861	-0.0021	0.0005	1.9995	16.8607	3.6173	22.7724	0.0049	0.0049	0.0000	0.0048	0.0048	0.0000	0.0001	0.0001	0.0000	0.0135	0.0068	0.0067	0.0089	0.0068	0.0021	0.0047	0.0000	0.0046	0.2198	0.1894	0.0304	0.0547	0.0506	0.0041	0.1651	0.1388	0.0263	0.4351	0.3183	0.1169	0.2194	0.1957	0.0237	0.2157	0.1226	0.0932	0.7204	1.2054	0.0203	2.1726	2.7271	0.0701	0.0336	2.6277	0.0077	0.0311	0.0214	0.0575	0.0405	0.0347	0.0883	0.0216	0.0003	0.0497
3	115	0.2512	5	1	0	1	1	0	0	0	0	N	N	N	N	N	N	N	N	N	N	N	N	478.9888	393.5638	0.0000	1183.1478	1245.3605	0.0000	0.0000	0.0000	0.0000	0.0573	0.0678	0.0000	0.2934	0.3355	0.0000	0.0000	0.0000	0.0000	0.0001	0.0002	0.0000	0.0002	0.0003	0.0000	0.0000	0.0000	0.0000	0.0000	0.0030	-0.0004	-0.0000	1.9995	1.0009	3.6173	4.0038	0.0008	0.0008	0.0000	0.0008	0.0008	0.0000	0.0000	0.0000	0.0000	0.0000	0.0000	0.0000	0.0000	0.0000	0.0000	0.0000	0.0000	0.0000	0.0139	0.0118	0.0022	0.0027	0.0024	0.0003	0.0112	0.0094	0.0018	0.0837	0.0579	0.0257	0.0403	0.0371	0.0032	0.0434	0.0209	0.0225	478.9888	393.5638	0.0000	1183.1478	1245.3605	0.0000	0.0000	0.0000	0.0000	0.0001	0.0002	0.0000	0.0002	0.0003	0.0000	0.0000	0.0000	0.0000
3	116	0.2229	4	1	0	1	1	0	0	0	0	N	N	N	N	N	N	N	N	N	N	N	N	156.4535	883.8363	0.0057	921.8626	1479.4772	0.0365	0.0961	38.3772	0.0000	24.6382	28.3365	0.0023	67.1848	72.6680	0.0109	0.0225	0.0269	0.0000	0.1575	0.0321	0.4074	0.0729	0.0491	0.2980	0.2346	0.0007	0.4246	0.0000	6.3769	-0.3574	0.0121	1.9995	1.8441	3.6173	10.4794	0.8103	0.8103	0.0000	0.8098	0.8098	0.0000	0.0005	0.0005	0.0000	0.0298	0.0040	0.0258	0.0066	0.0040	0.0026	0.0232	0.0000	0.0232	0.0329	0.0286	0.0043	0.0121	0.0111	0.0009	0.0208	0.0175	0.0034	0.1892	0.1260	0.0632	0.0902	0.0816	0.0086	0.0990	0.0444	0.0546	156.4535	883.8363	0.0057	921.8626	1479.4772	0.0365	0.0961	38.3772	0.0000	0.1575	0.0321	0.4074	0.0729	0.0491	0.2980	0.2346	0.0007	0.4246
3	117	0.4071	4	0	1	0	2	0	0	0	0	N	N	N	Y	N	N	N	N	N	N	N	N	1.5373	1.2317	0.0000	2.5114	2.3774	0.0000	14.0911	408.8355	0.0000	3.0206	3.4662	0.0000	9.2506	9.7782	0.0000	0.5704	0.6774	0.0000	1.9648	2.8142	0.0610	3.6835	4.1130	0.0017	0.0405	0.0017	0.0740	0.0000	0.0097	-0.2235	-0.5002	1.9995	10.5071	3.6173	20.2622	0.5067	0.5067	0.0000	0.4380	0.4380	0.0000	0.0687	0.0687	0.0000	1.1146	1.1039	0.0107	1.1038	1.1037	0.0001	0.0108	0.0002	0.0106	0.1677	0.1462	0.0216	0.0473	0.0448	0.0026	0.1204	0.1014	0.0190	0.5673	0.3923	0.1750	0.2996	0.2683	0.0313	0.2676	0.1239	0.1437	1.5373	1.2317	0.0000	2.5114	2.3774	0.0000	14.0911	408.8355	0.0000	1.9648	2.8142	0.0610	3.6835	4.1130	0.0017	0.0405	0.0017	0.0740
3	118	0.1710	3	0	1	0	2	0	0	0	0	N	N	N	Y	N	N	N	N	N	N	N	N	0.0000	0.0000	0.0000	0.0000	0.0000	0.0000	0.0000	0.0000	0.0000	0.0000	0.0000	0.0000	0.0000	0.0000	0.0000	0.0000	0.0000	0.0000	0.0110	0.0077	0.0185	0.0057	0.0062	0.0008	0.0152	0.0097	0.0217	1.0439	0.0000	0.0002	1.9995	4.0036	3.6173	26.5072	0.0000	0.0000	0.0000	0.0000	0.0000	0.0000	0.0000	0.0000	0.0000	0.0032	0.0016	0.0017	0.0007	0.0007	0.0000	0.0025	0.0009	0.0016	0.0497	0.0421	0.0076	0.0039	0.0037	0.0002	0.0457	0.0384	0.0074	0.2941	0.2047	0.0894	0.1283	0.1148	0.0135	0.1657	0.0899	0.0758	0.0000	0.0000	0.0000	0.0000	0.0000	0.0000	0.0000	0.0000	0.0000	0.0110	0.0077	0.0185	0.0057	0.0062	0.0008	0.0152	0.0097	0.0217	
3	119	0.2094	4	0	1	0	1	0	0	0	0	N	N	N	N	N	N	N	N	N	N	N	N	2.9588	4.7248	0.0000	47.5985	58.4994	0.0000	0.0423	0.0581	0.0000	0.0512	0.0583	0.0000	0.1548	0.1602	0.0000	0.0013	0.0015	0.0000	0.0173	0.0123	0.0299	0.0033	0.0027	0.0073	0.0303	0.0263	0.0352	0.0000	0.9539	-0.0016	0.0001	1.9995	3.8169	3.6173	21.2433	0.0036	0.0036	0.0000	0.0035	0.0035	0.0000	0.0001	0.0001	0.0000	0.0046	0.0024	0.0023	0.0004	0.0003	0.0001	0.0042	0.0021	0.0022	0.0694	0.0609	0.0085	0.0226	0.0218	0.0008	0.0469	0.0391	0.0077	0.2680	0.1922	0.0757	0.1285	0.1140	0.0145	0.1395	0.0782	0.0612	2.9588	4.7248	0.0000	47.5985	58.4994	0.0000	0.0423	0.0581	0.0000	0.0173	0.0123	0.0299	0.0033	0.0027	0.0073	0.0303	0.0263	0.0352
3	120	0.5551	8	0	1	0	1	0	0	0	0	N	N	N	N	N	N	N	N	N	N	N	N	0.0000	0.0000	0.0000	0.0001	0.0001	0.0000	0.0000	0.0000	0.0000	0.0002	0.0002	0.0000	0.0006	0.0007	0.0000	0.0000	0.0000	0.0000	3.6072	5.0816	0.1371	11.0710	11.3308	0.1299	0.0670	0.0107	0.1389	0.0000	0.0101	-0.0000	-0.9715	1.9995	16.3276	3.6173	34.9199	0.0000	0.0000	0.0000	0.0000	0.0000	0.0000	0.0000	0.0000	0.0000	2.1668	2.1451	0.0217	2.1475	2.1434	0.0041	0.0193	0.0017	0.0176	0.2341	0.2034	0.0307	0.0637	0.0600	0.0037	0.1704	0.1433	0.0270	0.6007	0.4422	0.1585	0.3126	0.2807	0.0319	0.2881	0.1615	0.1266	0.0000	0.0000	0.0000	0.0001	0.0001	0.0000	0.0000	0.0000	0.0000	3.6072	4.8512	0.1371	6.8695	7.6352	0.1299	0.0670	0.0107	0.1389
3	121	0.5377	7	0	1	0	1	0	0	0	0	N	N	N	N	N	N	N	N	N	N	N	N	0.0016	0.0028	0.0000	0.0000	0.0000	0.0000	0.0022	0.9644	0.0000	0.0004	0.0005	0.0000	0.0000	0.0000	0.0000	0.0006	0.0007	0.0000	0.2589	0.1749	0.5061	0.2577	0.2690	0.1468	0.2602	0.0007	0.5930	0.0000	0.9823	-0.0000	0.0035	1.9995	6.1757	3.6173	14.5601	0.0000	0.0000	0.0000	0.0000	0.0000	0.0000	0.0000	0.0000	0.0000	0.0938	0.0473	0.0465	0.0499	0.0472	0.0026	0.0439	0.0001	0.0439	0.0949	0.0819	0.0129	0.0258	0.0244	0.0013	0.0691	0.0575	0.0116	0.3623	0.2705	0.0918	0.1935	0.1756	0.0179	0.1688	0.0948	0.0740	0.0016	0.0028	0.0000	0.0000	0.0000	0.0000	0.0022	0.9644	0.0000	0.2589	0.1749	0.5061	0.2577	0.2690	0.1468	0.2602	0.0007	0.5930
3	122	0.4847	6	0	0	0	1	0	0	0	0	N	N	N	N	N	N	N	N	N	N	N	N	0.0026	0.0039	0.0000	0.0074	0.0077	0.0001	0.0000	0.0000	0.0000	0.0005	0.0006	0.0000	0.0017	0.0018	0.0000	0.0000	0.0000	0.0000	0.1904	0.1466	0.3168	0.2241	0.2279	0.1930	0.1520	0.0017	0.3522	0.0006	0.7499	-0.0000	-0.0024	1.9995	7.5400	3.6173	21.4192	0.0001	0.0001	0.0000	0.0001	0.0001	0.0000	0.0000	0.0000	0.0000	0.0817	0.0467	0.0350	0.0512	0.0465	0.0047	0.0305	0.0002	0.0303	0.1218	0.1057	0.0161	0.0363	0.0342	0.0021	0.0856	0.0715	0.0141	0.4291	0.3186	0.1105	0.2287	0.2041	0.0246	0.2005	0.1145	0.0859	0.0026	0.0039	0.0000	0.0074	0.0077	0.0001	0.0000	0.0000	0.0000	0.1904	0.1466	0.3168	0.2241	0.2279	0.1930	0.1520	0.0017	0.3522
3	123	0.2449	5	0	1	0	1	0	0	0	0	N	N	N	N	N	N	N	N	N	N	N	N	10.4772	3603.3720	0.0000	0.0062	0.1365	0.0000	6.7402	14993.7810	0.0000	18.9248	22.1565	0.0000	0.0011	0.0012	0.0000	22.7146	27.0629	0.0000	1.8063	0.0061	5.8456	0.1834	0.0090	1.2163	3.3700	0.0018	7.2289	0.0000	423.6763	-0.4408	0.2382	1.9995	4.0019	3.6173	19.5615	0.9993	0.9993	0.0000	0.0000	0.0000	0.0000	0.9993	0.9993	0.0000	0.4416	0.0010	0.4406	0.0220	0.0009	0.0211	0.4196	0.0001	0.4195	0.0528	0.0451	0.0077	0.0088	0.0082	0.0006	0.0440	0.0369	0.0071	0.2445	0.1691	0.0754	0.1200	0.1026	0.0173	0.1245	0.0665	0.0580	10.4772	3603.3720	0.0000	0.0062	0.1365	0.0000	6.7402	14993.7810	0.0000	1.8063	0.0061	5.8456	0.1834	0.0090	1.2163	3.3700	0.0018	7.2289
3	124	0.2229	4	0	0	0	1	0	0	0	0	N	N	N	N	N	N	N	N	N	N	N	N	3.2290	2.4306	0.0000	3.0679	3.2674	0.0000	17.0088	8.8298	0.0000	8.2218	9.3975	0.0000	18.7895	20.3327	0.0000	0.0337	0.0402	0.0000	2.5462	3.8663	0.0001	6.1246	6.2230	0.0001	0.0020	0.0046	0.0001	0.0000	0.0000	-0.0898	-0.1908	1.9995	1.2223	3.6173	8.2281	0.2035	0.2035	0.0000	0.2030	0.2030	0.0000	0.0005	0.0005	0.0000	0.4163	0.4163	0.0000	0.4162	0.4162	0.0000	0.0002	0.0002	0.0000	0.0248	0.0217	0.0031	0.0108	0.0100	0.0008	0.0139	0.0117	0.0023	0.1635	0.1077	0.0558	0.0792	0.0719	0.0073	0.0843	0.0358	0.0485	3.2290	2.4306	0.0000	3.5752	3.5122	0.0000	17.0088	8.8298	0.0000	2.5462	3.8663	0.0001	5.2554	5.7892	0.0001	0.0020	0.0046	0.0001
3	125	0.1710	3	0	0	0	1	0	0	0	0	N	N	N	N	N	N	N	N	N	N	N	N	0.0000	0.0000	0.0000	0.0000	0.0000	0.0000	0.0000	0.0000	0.0000	0.0000	0.0000	0.0000	0.0000	0.0000	0.0000	0.0000	0.0000	0.0000	0.1372	0.1955	0.0043	0.3070	0.3413	0.0036	0.0021	0.0001	0.0044	0.0097	0.0000	-0.0118	1.9995	5.9920	3.6173	12.2976	0.0000	0.0000	0.0000	0.0000	0.0000	0.0000	0.0000	0.0000	0.0000	0.0263	0.0261	0.0003	0.0261	0.0260	0.0000	0.0002	0.0000	0.0002	0.0738	0.0625	0.0113	0.0058	0.0054	0.0004	0.0680	0.0571	0.0109	0.1918	0.1333	0.0586	0.0850	0.0763	0.0086	0.1069	0.0570	0.0499	0.0000	0.0000	0.0000	0.0000	0.0000	0.0000	0.0000	0.0000	0.0000	0.1372	0.1955	0.0043	0.3070	0.3413	0.0036	0.0021	0.0001	0.0044	
3	126	0.2081	5	0	1	0	1	0	0	0	0	N	N	N	N	N	N	N	N	N	N	N	N	0.0003	0.0000	0.0003	0.0000	0.0000	0.0000	0.1793	0.0000	0.5141	0.0010	0.0000	0.0066	0.0000	0.0000	0.0000	0.0012	0.0000	0.0070	3.7956	0.0008	26.5187	19.5620	0.0009	325.4569	0.0065	0.0008	0.0135	inf	6383.2657	0.0000	0.5019	1.9995	5.0407	3.6173	17.1705	0.0001	0.0000	0.0001	0.0000	0.0000	0.0000	0.0001	0.0000	0.0001	0.9269	0.0001	0.9267	0.9259	0.0001	0.9259	0.0009	0.0001	0.0009	0.0702	0.0597	0.0105	0.0099	0.0094	0.0005	0.0603	0.0502	0.0100	0.2442	0.1710	0.0732	0.1020	0.0923	0.0096	0.1422	0.0787	0.0636	0.0003	0.0000	0.0005	0.0000	0.0000	0.0000	0.1793	0.0000	0.5141	3.7956	0.0008	12.6631	9.0822	0.0009	96.4012	0.0065	0.0008	0.0135
3	127	0.1921	4	0	1	0	1	0	0	0	0	N	N	N	N	N	N	N	N	N	N	N	N	0.0000	0.0000	0.0001	0.0000	0.0000	0.0000	0.0001	0.0000	0.0002	0.0000	0.0000	0.0000	0.0000	0.0000	0.0000	0.0000	0.0000	0.0000	0.0769	0.0275	0.2004	0.1209	0.0490	0.9696	0.0431	0.0002	0.0968	inf	2.9079	0.0000	0.0025	1.9995	1.9703	3.6173	6.2034	0.0000	0.0000	0.0000	0.0000	0.0000	0.0000	0.0000	0.0000	0.0000	0.0087	0.0022	0.0065	0.0059	0.0022	0.0037	0.0028	0.0000	0.0028	0.0303	0.0257	0.0047	0.0048	0.0047	0.0002	0.0255	0.0210	0.0045	0.1131	0.0808	0.0323	0.0491	0.0453	0.0038	0.0640	0.0356	0.0285	0.0000	0.0000	0.0001	0.0000	0.0000	0.0000	0.0001	0.0000	0.0002	0.0769	0.0275	0.2004	0.1209	0.0490	0.9696	0.0431	0.0002	0.0968
3	128	0.1710	3	0	0	0	1	0	0	0	0	N	N	N	N	N	N	N	N	N	N	N	N	0.0000	0.0000	0.0000	0.0000	0.0000	0.0000	0.0000	0.0000	0.0000	0.0000	0.0000	0.0000	0.0000	0.0000	0.0000	0.0000	0.0000	0.0000	14.4126	0.0055	81.5355	0.0118	0.0078	0.0510	17.5189	0.0021	70.6801	2514.7005	0.0000	0.5382	1.9995	1.1032	3.6173	7.8190	0.0000	0.0000	0.0000	0.0000	0.0000	0.0000	0.0000	0.0000	0.0000	0.9945	0.0004	0.9941	0.0006	0.0003	0.0002	0.9939	0.0001	0.9939	0.0140	0.0119	0.0022	0.0012	0.0011	0.0001	0.0129	0.0108	0.0021	0.1048	0.0720	0.0328	0.0472	0.0427	0.0044	0.0576	0.0292	0.0284	0.0000	0.0000	0.0000	0.0000	0.0000	0.0000	0.0000	0.0000	0.0000	9.4929	0.0055	30.3112	0.0118	0.0078	0.0510	17.2591	0.0021	35.0364	
3	129	0.5140	7	0	1	0	1	0	0	0	0	N	N	N	N	N	N	N	N	N	N	N	N	0.0000	0.0000	0.0000	0.0000	0.0000	0.0000	0.0000	0.0000	0.0000	0.0000	0.0000	0.0000	0.0000	0.0000	0.0000	0.0000	0.0000	0.0000	0.0139	0.0002	0.0558	0.0032	0.0003	0.0289	0.0285	0.0001	0.0645	90.1997	0.0000	0.0008	1.9995	1.0033	3.6173	0.8635	0.0000	0.0000	0.0000	0.0000	0.0000	0.0000	0.0000	0.0000	0.0000	0.0015	0.0000	0.0015	0.0002	0.0000	0.0002	0.0013	0.0000	0.0013	0.0425	0.0386	0.0039	0.0235	0.0224	0.0011	0.0190	0.0162	0.0028	0.1093	0.0825	0.0269	0.0633	0.0567	0.0066	0.0460	0.0257	0.0203	0.0000	0.0000	0.0000	0.0000	0.0000	0.0000	0.0000	0.0000	0.0000	0.0139	0.0002	0.0558	0.0032	0.0003	0.0289	0.0285	0.0001	0.0645	
3	130	0.4847	6	0	0	0	1	0	0	0	0	N	N	N	N	N	N	N	N	N	N	N	N	0.0175	0.1697	0.0070	0.3783	0.3444	0.8936	0.0000	0.0000	0.0000	0.0016	0.0015	0.0024	0.0050	0.0043	0.0175	0.0000	0.0000	0.0000	0.0924	0.0089	0.3378	0.0132	0.0124	0.0196	0.1893	0.0022	0.4343	0.2335	12.9292	-0.0000	0.0140	1.9995	5.5514	3.6173	9.9598	0.0002	0.0001	0.0000	0.0002	0.0001	0.0000	0.0000	0.0000	0.0000	0.0298	0.0021	0.0276	0.0023	0.0020	0.0004	0.0274	0.0002	0.0273	0.0985	0.0857	0.0128	0.0320	0.0303	0.0017	0.0665	0.0554	0.0111	0.3222	0.2405	0.0818	0.1773	0.1583	0.0190	0.1450	0.0822	0.0628	0.0175	0.1697	0.0070	0.3783	0.3444	0.8936	0.0000	0.0000	0.0000	0.0924	0.0089	0.3378	0.0132	0.0124	0.0196	0.1893	0.0022	0.4343
3	131	0.4544	5	0	0	0	1	0	0	0	0	N	N	N	N	N	N	N	N	N	N	N	N	0.0895	0.2219	0.0015	0.4397	0.4978	0.0297	0.0031	0.4564	0.0000	0.0254	0.0290	0.0011	0.0942	0.0989	0.0101	0.0011	0.0013	0.0000	0.2835	0.1308	0.7056	0.2142	0.1986	0.3413	0.3644	0.0029	0.8089	0.0056	1.9511	-0.0016	0.0212	1.9995	9.1969	3.6173	13.4651	0.0036	0.0036	0.0000	0.0035	0.0035	0.0000	0.0001	0.0001	0.0000	0.1045	0.0354	0.0691	0.0425	0.0351	0.0074	0.0620	0.0003	0.0617	0.1437	0.1248	0.0188	0.0374	0.0354	0.0020	0.1062	0.0894	0.0168	0.3687	0.2708	0.0979	0.1986	0.1769	0.0216	0.1701	0.0938	0.0763	0.0895	0.2219	0.0015	0.4397	0.4978	0.0297	0.0031	0.4564	0.0000	0.2835	0.1308	0.7056	0.2142	0.1986	0.3413	0.3644	0.0029	0.8089
3	132	0.2679	7	1	1	0	2	0	0	0	0	N	N	N	Y	N	N	N	N	N	N	N	N	0.0000	0.0000	0.0000	0.0000	0.0000	0.0000	0.0000	0.0000	0.0000	0.0000	0.0000	0.0000	0.0000	0.0000	0.0000	0.0011	0.0000	0.0038	0.0001	0.0000	0.0010	0.0019	0.0000	0.0044	inf	0.0000	0.0000	1.9995	1.0000	3.6173	3.0001	0.0000	0.0000	0.0000	0.0000	0.0000	0.0000	0.0000	0.0000	0.0000	0.0000	0.0000	0.0000	0.0000	0.0000	0.0000	0.0000	0.0000	0.0000	0.0131	0.0112	0.0020	0.0019	0.0018	0.0001	0.0113	0.0094	0.0018	0.0416	0.0300	0.0116	0.0199	0.0178	0.0021	0.0218	0.0122	0.0095	0.0000	0.0000	0.0000	0.0000	0.0000	0.0000	0.0000	0.0000	0.0000	0.0011	0.0000	0.0038	0.0001	0.0000	0.0010	0.0019	0.0000	0.0044				
3	133	0.6668	11	1	1	0	2	0	0	0	0	N	N	N	Y	N	N	N	N	N	N	N	N	0.0000	0.0000	0.0000	0.0000	0.0000	0.0000	0.0000	0.0000	0.0000	0.0000	0.0000	0.0000	0.0000	0.0000	0.0000	0.0000	0.0000	0.0041	0.0000	0.0160	0.0063	0.0000	0.0669	0.0018	0.0000	0.0044	9361.4362	0.0000	0.0000	1.9995	0.0006	3.6173	1.9797	0.0000	0.0000	0.0000	0.0000	0.0000	0.0000	0.0000	0.0000	0.0000	0.0001	0.0000	0.0001	0.0001	0.0000	0.0001	0.0000	0.0000	0.0000	0.0000	0.0000	0.0000	0.0000	0.0000	0.0000	0.0000	0.0000	0.0000	0.0217	0.0162	0.0055	0.0109	0.0099	0.0010	0.0108	0.0063	0.0045	0.0000	0.0000	0.0000	0.0000	0.0000	0.0000	0.0000	0.0000	0.0000	0.0041	0.0000	0.0160	0.0063	0.0000	0.0669	0.0018	0.0000	0.0044		
3	134	0.6501	10	1	1	0	2	0	0	0	0	N	N	N	Y	N	N	N	N	N	N	N	N	0.0000	0.0000	0.0000	0.0000	0.0000	0.0000	0.0000	0.0000	0.0000	0.0000	0.0000	0.0000	0.0000	0.0000	0.0000	0.0000	0.0000	0.0000	0.0001	0.0002	0.0001	0.0003	0.0003	0.0004	0.0000	0.0000	0.0000	0.2059	0.0000	-0.0000	1.9995	2.0077	3.6173	6.0321	0.0000	0.0000	0.0000	0.0000	0.0000	0.0000	0.0000	0.0000	0.0000	0.0000	0.0000	0.0000	0.0000	0.0000	0.0000	0.0000	0.0000	0.0000	0.0255	0.0219	0.0036	0.0068	0.0063	0.0005	0.0186	0.0156	0.0030	0.0814	0.0604	0.0210	0.0406	0.0364	0.0041	0.0408	0.0240	0.0169	0.0000	0.0000	0.0000	0.0000	0.0000	0.0000	0.0000	0.0000	0.0000	0.0001	0.0002	0.0001	0.0003	0.0003	0.0004	0.0000	0.0000	0.0000	
3	135	0.6453	10	0	1	0	2	0	0	0	0	N	N	N	Y	N	N	N	N	N	N	N	N	0.0000	0.0000	0.0000	0.0000	0.0000	0.0000	0.0000	0.0000	0.0000	0.0000	0.0000	0.0000	0.0000	0.0000	0.0000	0.0000	0.0000	0.0000	0.0080	0.0098	0.0030	0.0154	0.0163	0.0073	0.0009	0.0000	0.0021	0.1099	0.0000	-0.0004	1.9995	3.0348	3.6173	9.3583	0.0000	0.0000	0.0000	0.0000	0.0000	0.0000	0.0000	0.0000	0.0000	0.0011	0.0010	0.0001	0.0010	0.0010	0.0000	0.0001	0.0000	0.0001	0.0394	0.0337	0.0058	0.0100	0.0093	0.0008	0.0294	0.0244	0.0050	0.1378	0.1013	0.0364	0.0674	0.0610	0.0064	0.0704	0.0403	0.0300	0.0000	0.0000	0.0000	0.0000	0.0000	0.0000	0.0000	0.0000	0.0000	0.0080	0.0098	0.0030	0.0154	0.0163	0.0073	0.0009	0.0000	0.0021	
3	136	0.6310	9	0	0	0	2	0	0	0	0	N	N	N	Y	N	N	N	N	N	N	N	N	0.0000	0.0000	0.0000	0.0000	0.0000	0.0000	0.0000	0.0000	0.0000	0.0000	0.0000	0.0000	0.0000	0.0000	0.0000	0.0000	0.0000	0.0000	0.0122	0.0160	0.0014	0.0244	0.0267	0.0046	0.0002	0.0000	0.0006	0.0298	0.0000	-0.0004	1.9995	0.0433	3.6173	6.6805	0.0000	0.0000	0.0000	0.0000	0.0000	0.0000	0.0000	0.0000	0.0000	0.0009	0.0008	0.0000	0.0009	0.0008	0.0000	0.0000	0.0000	0.0000	0.0007	0.0006	0.0001	0.0002	0.0002	0.0000	0.0005	0.0004	0.0001	0.0703	0.0520	0.0184	0.0348	0.0312	0.0036	0.0356	0.0208	0.0148	0.0000	0.0000	0.0000	0.0000	0.0000	0.0000	0.0000	0.0000	0.0000	0.0122	0.0160	0.0014	0.0244	0.0267	0.0046	0.0002	0.0000	0.0006	
3	137	0.2975	9	0	1	0	2	0	0	0	0	N	N	N	Y	N	N	N	N	N	N	N	N	0.0000	0.0000	0.0000	0.0000	0.0000	0.0000	0.0000	0.0000	0.0000	0.0000	0.0000	0.0000	0.0000	0.0000	0.0000	0.0000	0.0000	0.0000	0.0000	0.0000	1.9995	0.0000	3.6173	0.0000	0.0000	0.0000	0.0000	0.0000	0.0000	0.0000	0.0000	0.0000	0.0000	0.0000	0.0000	0.0000	0.0000	0.0000	0.0000	0.0000	0.0000	0.0000	0.0000	0.0000	0.0000	0.0000	0.0000	0.0000	0.0000	0.0000	0.0000	0.0000	0.0000	0.0000	0.0000	0.0000	0.0000	0.0000	0.0000	0.0000	0.0000	0.0000	0.0000	0.0000	0.0000	0.0000	0.0000	0.0000	0.0000	0.0000	0.0000	0.0000	0.0000	0.0000	0.0000	0.0000	0.0000	0.0000											
3	138	0.2924	8	0	1	0	2	0	0	0	0	N	N	N	Y	N	N	N	N	N	N	N	N	0.0000	0.0000	0.0000	0.0000	0.0000	0.0000	0.0000	0.0000	0.0000	0.0000	0.0000	0.0000	0.0000	0.0000	0.0000	0.0000	0.0000	0.0000	0.0000	0.0000	0.0000	0.0000	0.0000	0.0000	-0.0000	1.9995	0.0021	3.6173	2.0000	0.0000	0.0000	0.0000	0.0000	0.0000	0.0000	0.0000	0.0000	0.0000	0.0000	0.0000	0.0000	0.0000	0.0000	0.0000	0.0000	0.0000	0.0000	0.0001	0.0001	0.0000	0.0001	0.0000	0.0000	0.0000	0.0000	0.0000	0.0203	0.0144	0.0060	0.0092	0.0082	0.0010	0.0111	0.0062	0.0049	0.0000	0.0000	0.0000	0.0000	0.0000	0.0000	0.0000	0.0000	0.0000	0.0000	0.0000	0.0000	0.0000	0.0000	0.0000	0.0000	0.0000	0.0000						
3	139	0.2822	7	0	0	0	2	0	0	0	0	N	N	N	Y	N	N	N	N	N	N	N	N	0.0000	0.0000	0.0000	0.0000	0.0000	0.0000	0.0000	0.0000	0.0000	0.0000	0.0000	0.0000	0.0000	0.0000	0.0000	0.0000	0.0000	0.0177	0.0251	0.0000	0.0386	0.0437	0.0000	0.0000	0.0000	0.0000	0.0000	0.0000	-0.0003	1.9995	1.0020	3.6173	3.0181	0.0000	0.0000	0.0000	0.0000	0.0000	0.0000	0.0000	0.0000	0.0000	0.0007	0.0007	0.0000	0.0007	0.0007	0.0000	0.0000	0.0000	0.0000	0.0132	0.0112	0.0020	0.0019	0.0018	0.0001	0.0112	0.0094	0.0018	0.0411	0.0290	0.0121	0.0189	0.0167	0.0022	0.0222	0.0124	0.0099	0.0000	0.0000	0.0000	0.0000	0.0000	0.0000	0.0000	0.0000	0.0000	0.0177	0.0251	0.0000	0.0386	0.0437	0.0000	0.0000	0.0000	0.0000		
3	140	0.2679	7	0	1	0	1	0	0	0	0	N	N	N	N	N	N	N	N	N	N	N	N	0.0000	0.0000	0.0000	0.0000	0.0000	0.0000	0.0000	0.0000	0.0000	0.0000	0.0000	0.0000	0.0000	0.0000	0.0000	0.0011	0.0000	0.0038	0.0001	0.0000	0.0010	0.0019	0.0000	0.0044	inf	0.0000	0.0000	1.9995	0.0000	3.6173	4.0001	0.0000	0.0000	0.0000	0.0000	0.0000	0.0000	0.0000	0.0000	0.0000	0.0000	0.0000	0.0000	0.0000	0.0000	0.0000	0.0000	0.0000	0.0000	0.0000	0.0000	0.0000	0.0000	0.0000	0.0000	0.0000	0.0000	0.0000	0.0416	0.0300	0.0116	0.0199	0.0178	0.0021	0.0218	0.0122	0.0095	0.0000	0.0000	0.0000	0.0000	0.0000	0.0000	0.0000	0.0000	0.0000	0.0011	0.0000	0.0038	0.0001	0.0000	0.0010	0.0019	0.0000	0.0044				
3	141	0.6455	9	0	1	0	1	0	0	0	0	N	N	N	N	N	N	N	N	N	N	N	N	0.0000	0.0000	0.0000	0.0000	0.0000	0.0000	0.0000	0.0000	0.0000	0.0000	0.0000	0.0000	0.0000	0.0000	0.0000	0.0000	0.0000	0.0000	0.0280	0.0000	0.1085	0.0002	0.0000	0.0014	0.0557	0.0000	0.1345	2026.2541	0.0000	0.0009	1.9995	1.0003	3.6173	5.0186	0.0000	0.0000	0.0000	0.0000	0.0000	0.0000	0.0000	0.0000	0.0000	0.0017	0.0000	0.0017	0.0000	0.0000	0.0000	0.0017	0.0000	0.0017	0.0127	0.0109	0.0018	0.0034	0.0031	0.0003	0.0093	0.0078	0.0015	0.0620	0.0460	0.0160	0.0309	0.0278	0.0031	0.0311	0.0182	0.0129	0.0000	0.0000	0.0000	0.0000	0.0000	0.0000	0.0000	0.0000	0.0000	0.0280	0.0000	0.1085	0.0002	0.0000	0.0014	0.0557	0.0000	0.1345	
3	142	0.2822	7	0	0	1	2	0	0	0	0	N	N	N	Y	N	N	N	N	N	N	N	N	0.0000	0.0000	0.0000	0.0000	0.0000	0.0000	0.0000	0.0000	0.0000	0.0000	0.0000	0.0000	0.0000	0.0000	0.0000	0.0000	0.0000	0.0002	0.0003	0.0000	0.0005	0.0005	0.0000	0.0000	0.0000	0.0000	0.0262	0.0000	-0.0000	1.9995	0.0001	3.6173	9.0026	0.0000	0.0000	0.0000	0.0000	0.0000	0.0000	0.0000	0.0000	0.0000	0.0000	0.0000	0.0000	0.0000	0.0000	0.0000	0.0000	0.0000	0.0000	0.0000	0.0000	0.0000	0.0000	0.0000	0.0000	0.0000	0.0000	0.0000	0.0899	0.0634	0.0266	0.0412	0.0363	0.0048	0.0488	0.0271	0.0217	0.0000	0.0000	0.0000	0.0000	0.0000	0.0000	0.0000	0.0000	0.0000	0.0002	0.0003	0.0000	0.0005	0.0005	0.0000	0.0000	0.0000	0.0000		
3	143	0.6310	9	0	0	1	2	0	0	0	0	N	N	N	Y	N	N	N	N	N	N	N	N	0.0000	0.0000	0.0000	0.0000	0.0000	0.0000	0.0000	0.0000	0.0000	0.0000	0.0000	0.0000	0.0000	0.0000	0.0000	0.0000	0.0000	0.0000	4.6415	6.8974	0.0000	18.7915	18.0230	0.0000	0.0000	0.0000	0.0000	0.0000	0.0000	-0.2016	1.9995	2.0061	3.6173	8.0425	0.0000	0.0000	0.0000	0.0000	0.0000	0.0000	0.0000	0.0000	0.0000	0.4398	0.4398	0.0000	0.4398	0.4398	0.0000	0.0000	0.0000	0.0000	0.0253	0.0216	0.0037	0.0062	0.0057	0.0005	0.0191	0.0159	0.0032	0.1029	0.0759	0.0270	0.0508	0.0455	0.0053	0.0521	0.0304	0.0217	0.0000	0.0000	0.0000	0.0000	0.0000	0.0000	0.0000	0.0000	0.0000	4.2741	5.7953	0.0000	8.6605	9.6724	0.0000	0.0000	0.0000	0.0000	
3	144	0.6219	8	0	0	0	2	0	0	0	0	N	N	N	Y	N	N	N	N	N	N	N	N	0.0000	0.0000	0.0000	0.0000	0.0000	0.0000	0.0000	0.0000	0.0000	0.0000	0.0000	0.0000	0.0000	0.0000	0.0000	0.0000	0.0000	0.0000	0.0003	0.0002	0.0004	0.0006	0.0004	0.0026	0.0000	0.0000	0.0000	0.5736	0.0000	-0.0000	1.9995	1.9550	3.6173	2.1189	0.0000	0.0000	0.0000	0.0000	0.0000	0.0000	0.0000	0.0000	0.0000	0.0000	0.0000	0.0000	0.0000	0.0000	0.0000	0.0000	0.0000	0.0000	0.0266	0.0227	0.0039	0.0081	0.0073	0.0008	0.0185	0.0154	0.0031	0.0575	0.0435	0.0139	0.0284	0.0262	0.0022	0.0291	0.0174	0.0117	0.0000	0.0000	0.0000	0.0000	0.0000	0.0000	0.0000	0.0000	0.0000	0.0003	0.0002	0.0004	0.0006	0.0004	0.0026	0.0000	0.0000	0.0000	
3	145	0.6219	8	0	0	1	2	0	0	0	0	N	N	N	Y	N	N	N	N	N	N	N	N	0.0000	0.0000	0.0000	0.0000	0.0000	0.0000	0.0000	0.0000	0.0000	0.0000	0.0000	0.0000	0.0000	0.0000	0.0000	0.0000	0.0000	0.0000	0.0077	0.0104	0.0001	0.0019	0.0020	0.0006	0.0133	0.0227	0.0000	0.0036	0.0000	-0.0007	1.9995	2.1261	3.6173	18.6477	0.0000	0.0000	0.0000	0.0000	0.0000	0.0000	0.0000	0.0000	0.0000	0.0016	0.0016	0.0000	0.0002	0.0002	0.0000	0.0014	0.0014	0.0000	0.0287	0.0245	0.0042	0.0086	0.0078	0.0008	0.0201	0.0167	0.0033	0.2136	0.1579	0.0557	0.1044	0.0942	0.0102	0.1092	0.0638	0.0454	0.0000	0.0000	0.0000	0.0000	0.0000	0.0000	0.0000	0.0000	0.0000	0.0077	0.0104	0.0001	0.0019	0.0020	0.0006	0.0133	0.0227	0.0000	
3	146	0.2822	7	0	0	1	2	0	0	0	0	N	N	N	Y	N	N	N	N	N	N	N	N	0.0000	0.0000	0.0000	0.0000	0.0000	0.0000	0.0000	0.0000	0.0000	0.0000	0.0000	0.0000	0.0000	0.0000	0.0000	0.0000	0.0000	0.0001	0.0002	0.0000	0.0003	0.0003	0.0000	0.0000	0.0000	0.0000	0.0544	0.0000	-0.0000	1.9995	2.0001	3.6173	5.9880	0.0000	0.0000	0.0000	0.0000	0.0000	0.0000	0.0000	0.0000	0.0000	0.0000	0.0000	0.0000	0.0000	0.0000	0.0000	0.0000	0.0000	0.0000	0.0262	0.0223	0.0039	0.0038	0.0036	0.0002	0.0223	0.0187	0.0036	0.0802	0.0565	0.0237	0.0367	0.0324	0.0043	0.0435	0.0241	0.0193	0.0000	0.0000	0.0000	0.0000	0.0000	0.0000	0.0000	0.0000	0.0000	0.0001	0.0002	0.0000	0.0003	0.0003	0.0000	0.0000	0.0000	0.0000		
3	147	0.2822	7	0	0	1	2	0	0	0	0	N	N	N	Y	N	N	N	N	N	N	N	N	0.0000	0.0000	0.0000	0.0000	0.0000	0.0000	0.0000	0.0000	0.0000	0.0000	0.0000	0.0000	0.0000	0.0000	0.0000	0.0000	0.0000	0.0000	1.5260	2.1795	0.0001	3.3948	3.8535	0.0006	0.0004	0.0007	0.0000	0.0000	0.0000	-0.2017	1.9995	9.0001	3.6173	23.0169	0.0000	0.0000	0.0000	0.0000	0.0000	0.0000	0.0000	0.0000	0.0000	0.4400	0.4400	0.0000	0.4399	0.4399	0.0000	0.0001	0.0001	0.0000	0.1141	0.0973	0.0168	0.0165	0.0154	0.0011	0.0976	0.0818	0.0157	0.2883	0.2019	0.0864	0.1296	0.1142	0.0154	0.1587	0.0877	0.0710	0.0000	0.0000	0.0000	0.0000	0.0000	0.0000	0.0000	0.0000	0.0000	1.5260	2.1795	0.0001	3.3948	3.8535	0.0006	0.0004	0.0007	0.0000	
3	148	0.2569	6	0	0	0	2	0	0	0	0	N	N	N	Y	N	N	N	N	N	N	N	N	0.0000	0.0000	0.0000	0.0000	0.0000	0.0000	0.0000	0.0000	0.0000	0.0000	0.0000	0.0000	0.0000	0.0000	0.0000	0.0000	0.0000	0.0000	12.3469	18.9308	0.0022	57.4058	62.3755	0.0026	0.0060	0.0091	0.0021	0.0001	0.0000	-0.4231	1.9995	1.9990	3.6173	7.9526	0.0000	0.0000	0.0000	0.0000	0.0000	0.0000	0.0000	0.0000	0.0000	0.9232	0.9232	0.0001	0.9229	0.9229	0.0000	0.0003	0.0003	0.0001	0.0263	0.0224	0.0039	0.0038	0.0036	0.0002	0.0225	0.0188	0.0037	0.1078	0.0777	0.0301	0.0524	0.0470	0.0054	0.0554	0.0308	0.0247	0.0000	0.0000	0.0000	0.0000	0.0000	0.0000	0.0000	0.0000	0.0000	8.5638	11.8770	0.0022	17.6132	19.6459	0.0026	0.0060	0.0091	0.0021	
3	149	0.2250	5	1	1	0	1	0	0	0	0	N	N	N	N	N	N	N	N	N	N	N	N	0.0000	0.0000	0.0000	0.0000	0.0000	0.0000	0.0000	0.0000	0.0000	0.0000	0.0000	0.0000	0.0000	0.0000	0.0000	0.0000	0.0000	0.0000	11.2610	0.0086	66.6392	0.0116	0.0126	0.0048	16.2984	0.0023	70.0722	1294.5237	0.0000	1.0571	1.9995	5.3497	3.6173	17.2225	0.0000	0.0000	0.0000	0.0000	0.0000	0.0000	0.0000	0.0000	0.0000	1.9545	0.0015	1.9530	0.0014	0.0013	0.0001	1.9531	0.0002	1.9529	0.0801	0.0682	0.0119	0.0147	0.0141	0.0006	0.0654	0.0542	0.0113	0.2481	0.1761	0.0720	0.1225	0.1065	0.0160	0.1256	0.0697	0.0560	0.0000	0.0000	0.0000	0.0000	0.0000	0.0000	0.0000	0.0000	0.0000	7.8781	0.0086	27.1346	0.0116	0.0126	0.0048	15.5451	0.0023	34.8902	
3	150	0.2558	6	0	1	0	1	0	0	0	0	N	N	N	N	N	N	N	N	N	N	N	N	0.0001	0.0001	0.0000	0.0001	0.0001	0.0000	0.0000	0.0000	0.0000	0.0003	0.0003	0.0000	0.0009	0.0009	0.0000	0.0000	0.0000	0.0000	3.5746	5.3576	0.0245	12.3099	12.6576	0.1043	0.0040	0.0039	0.0042	0.0000	0.0020	-0.0000	-0.4256	1.9995	3.6794	3.6173	17.4287	0.0000	0.0000	0.0000	0.0000	0.0000	0.0000	0.0000	0.0000	0.0000	0.9326	0.9308	0.0019	0.9321	0.9305	0.0016	0.0005	0.0003	0.0003	0.0746	0.0649	0.0097	0.0220	0.0212	0.0008	0.0526	0.0438	0.0089	0.2609	0.1850	0.0759	0.1297	0.1142	0.0154	0.1312	0.0708	0.0605	0.0001	0.0001	0.0000	0.0001	0.0001	0.0000	0.0000	0.0000	0.0000	3.5746	5.0310	0.0245	7.1889	8.1450	0.1043	0.0040	0.0039	0.0042
3	151	0.2250	5	0	1	0	1	0	0	0	0	N	N	N	N	N	N	N	N	N	N	N	N	0.0094	0.0083	0.0000	0.0000	0.0000	0.0000	0.1722	0.2956	0.0000	0.0004	0.0004	0.0000	0.0000	0.0000	0.0000	0.0005	0.0005	0.0000	0.0377	0.0506	0.0063	0.0701	0.0794	0.0142	0.0026	0.0019	0.0035	0.0000	0.0509	-0.0000	-0.0026	1.9995	3.4464	3.6173	10.1316	0.0000	0.0000	0.0000	0.0000	0.0000	0.0000	0.0000	0.0000	0.0000	0.0064	0.0061	0.0003	0.0062	0.0060	0.0002	0.0002	0.0001	0.0001	0.0562	0.0479	0.0083	0.0118	0.0114	0.0004	0.0444	0.0365	0.0079	0.1692	0.1201	0.0491	0.0880	0.0754	0.0126	0.0812	0.0447	0.0365	0.0094	0.0083	0.0000	0.0000	0.0000	0.0000	0.1722	0.2956	0.0000	0.0377	0.0506	0.0063	0.0701	0.0794	0.0142	0.0026	0.0019	0.0035
3	152	0.6523	11	1	1	0	1	0	0	0	0	N	N	N	N	N	N	N	N	N	N	N	N	0.0000	0.0000	0.0000	0.0000	0.0000	0.0000	0.0000	0.0000	0.0000	0.0000	0.0000	0.0000	0.0000	0.0000	0.0000	0.0000	0.0000	0.0059	0.0075	0.0012	0.0119	0.0125	0.0061	0.0000	0.0000	0.0000	0.0557	0.0000	-0.0003	1.9995	1.0143	3.6173	12.0086	0.0000	0.0000	0.0000	0.0000	0.0000	0.0000	0.0000	0.0000	0.0000	0.0008	0.0007	0.0000	0.0008	0.0007	0.0000	0.0000	0.0000	0.0000	0.0131	0.0113	0.0019	0.0036	0.0033	0.0003	0.0095	0.0079	0.0016	0.1287	0.0953	0.0334	0.0640	0.0574	0.0065	0.0647	0.0379	0.0268	0.0000	0.0000	0.0000	0.0000	0.0000	0.0000	0.0000	0.0000	0.0000	0.0059	0.0075	0.0012	0.0119	0.0125	0.0061	0.0000	0.0000	0.0000		
3	153	0.6501	10	1	1	0	1	0	0	0	0	N	N	N	N	N	N	N	N	N	N	N	N	0.0000	0.0000	0.0000	0.0000	0.0000	0.0000	0.0000	0.0000	0.0000	0.0000	0.0000	0.0000	0.0000	0.0000	0.0000	0.0000	0.0000	0.0001	0.0001	0.0000	0.0002	0.0002	0.0000	0.0000	0.0000	0.0000	0.0882	0.0000	-0.0000	1.9995	0.9811	3.6173	0.0216	0.0000	0.0000	0.0000	0.0000	0.0000	0.0000	0.0000	0.0000	0.0000	0.0000	0.0000	0.0000	0.0000	0.0000	0.0000	0.0000	0.0000	0.0000	0.0126	0.0108	0.0018	0.0034	0.0031	0.0003	0.0092	0.0077	0.0015	0.0106	0.0079	0.0027	0.0053	0.0048	0.0005	0.0053	0.0031	0.0022	0.0000	0.0000	0.0000	0.0000	0.0000	0.0000	0.0000	0.0000	0.0000	0.0001	0.0001	0.0000	0.0002	0.0002	0.0000	0.0000	0.0000	0.0000		
3	154	0.6455	9	1	1	0	1	0	0	0	0	N	N	N	N	N	N	N	N	N	N	N	N	0.0000	0.0000	0.0000	0.0000	0.0000	0.0000	0.0000	0.0000	0.0000	0.0000	0.0000	0.0000	0.0000	0.0000	0.0000	0.0000	0.0000	0.0000	0.0006	0.0006	0.0008	0.0012	0.0009	0.0041	0.0000	0.0000	0.0000	0.5074	0.0000	-0.0000	1.9995	0.0083	3.6173	2.0001	0.0000	0.0000	0.0000	0.0000	0.0000	0.0000	0.0000	0.0000	0.0000	0.0000	0.0000	0.0000	0.0000	0.0000	0.0000	0.0000	0.0000	0.0000	0.0001	0.0001	0.0000	0.0000	0.0000	0.0000	0.0001	0.0001	0.0000	0.0214	0.0159	0.0055	0.0107	0.0096	0.0011	0.0107	0.0063	0.0045	0.0000	0.0000	0.0000	0.0000	0.0000	0.0000	0.0000	0.0000	0.0000	0.0006	0.0006	0.0008	0.0012	0.0009	0.0041	0.0000	0.0000	0.0000	
3	155	0.6219	8	0	1	0	1	0	0	0	0	N	N	N	N	N	N	N	N	N	N	N	N	0.0000	0.0000	0.0000	0.0000	0.0000	0.0000	0.0000	0.0000	0.0000	0.0000	0.0000	0.0000	0.0000	0.0000	0.0000	0.0000	0.0000	0.0000	0.0059	0.0077	0.0007	0.0119	0.0129	0.0025	0.0001	0.0000	0.0003	0.0314	0.0000	-0.0003	1.9995	2.9180	3.6173	7.4065	0.0000	0.0000	0.0000	0.0000	0.0000	0.0000	0.0000	0.0000	0.0000	0.0007	0.0007	0.0000	0.0007	0.0007	0.0000	0.0000	0.0000	0.0000	0.0385	0.0330	0.0056	0.0112	0.0102	0.0010	0.0273	0.0228	0.0045	0.1189	0.0887	0.0302	0.0584	0.0530	0.0053	0.0606	0.0357	0.0249	0.0000	0.0000	0.0000	0.0000	0.0000	0.0000	0.0000	0.0000	0.0000	0.0059	0.0077	0.0007	0.0119	0.0129	0.0025	0.0001	0.0000	0.0003	
3	156	0.5560	7	0	0	0	1	0	0	0	0	N	N	N	N	N	N	N	N	N	N	N	N	839.8354	0.0002	1895.4412	1598.1987	0.0004	2458.1832	0.3718	0.0000	1.0352	4.3551	0.0000	36.6101	10.6882	0.0000	167.1054	0.0014	0.0000	0.0087	0.0052	0.0001	0.0193	0.0067	0.0002	0.0680	0.0037	0.0001	0.0084	166541349.4822	45.9844	0.3909	0.0009	1.9995	8.2479	3.6173	19.7214	0.6995	0.0000	0.6995	0.6993	0.0000	0.6993	0.0001	0.0000	0.0001	0.0017	0.0000	0.0016	0.0011	0.0000	0.0011	0.0006	0.0000	0.0006	0.1606	0.1415	0.0191	0.0654	0.0612	0.0042	0.0952	0.0803	0.0149	0.3245	0.2392	0.0853	0.1630	0.1474	0.0156	0.1615	0.0918	0.0697	839.8354	0.0002	1895.4412	1598.1987	0.0004	2458.1832	0.3718	0.0000	1.0352	0.0052	0.0001	0.0193	0.0067	0.0002	0.0680	0.0037	0.0001	0.0084
3	157	0.5199	6	0	0	0	1	0	0	0	0	N	N	N	N	N	N	N	N	N	N	N	N	131.1237	55.5263	300.6423	412.5187	113.2572	956.4137	0.0119	0.5208	0.0097	2.9717	0.4390	19.0595	10.1488	1.3964	121.8867	0.0002	0.0002	0.0005	0.0227	0.0079	0.0634	0.0246	0.0123	0.1274	0.0206	0.0004	0.0466	6.8351	2.9052	0.1474	0.0019	1.9995	7.4725	3.6173	14.3153	0.3418	0.0436	0.2982	0.3418	0.0436	0.2982	0.0000	0.0000	0.0000	0.0068	0.0017	0.0051	0.0038	0.0017	0.0021	0.0030	0.0000	0.0029	0.1150	0.0994	0.0156	0.0337	0.0312	0.0024	0.0813	0.0681	0.0132	0.3000	0.2202	0.0798	0.1551	0.1386	0.0165	0.1449	0.0816	0.0632	131.1237	55.5263	300.6423	412.5187	113.2572	956.4137	0.0119	0.5208	0.0097	0.0227	0.0079	0.0634	0.0246	0.0123	0.1274	0.0206	0.0004	0.0466
3	158	0.4544	5	0	0	0	1	0	0	0	0	N	N	N	N	N	N	N	N	N	N	N	N	0.3204	1.8137	0.3483	4.0400	4.4480	6.8543	0.0025	0.4388	0.0000	0.0565	0.0324	0.2137	0.2279	0.1188	2.0619	0.0008	0.0009	0.0000	0.1765	0.0179	0.6136	0.0564	0.0267	0.3008	0.3108	0.0021	0.6991	1.0104	12.4470	0.0006	0.0358	1.9995	11.6653	3.6173	19.4910	0.0097	0.0048	0.0049	0.0096	0.0047	0.0049	0.0001	0.0001	0.0000	0.0766	0.0057	0.0709	0.0129	0.0055	0.0075	0.0637	0.0002	0.0635	0.1716	0.1488	0.0228	0.0421	0.0398	0.0024	0.1294	0.1090	0.0205	0.4343	0.3187	0.1156	0.2293	0.2045	0.0248	0.2050	0.1142	0.0908	0.3204	1.8137	0.3483	4.0400	4.4480	6.8543	0.0025	0.4388	0.0000	0.1765	0.0179	0.6136	0.0564	0.0267	0.3008	0.3108	0.0021	0.6991
3	159	0.4071	4	0	0	0	1	0	0	0	0	N	N	N	N	N	N	N	N	N	N	N	N	1.8662	81.8635	0.0082	30.6760	160.6116	0.1868	0.1600	44.6882	0.0007	4.5563	5.1869	0.0847	12.6460	13.2873	0.6041	0.7597	0.9009	0.0066	2.4414	0.0634	10.3857	0.4122	0.0827	3.2338	4.7470	0.0202	9.7114	0.0023	54.8609	-0.2655	0.7030	1.9995	7.3933	3.6173	20.5306	0.6050	0.6036	0.0014	0.5364	0.5351	0.0013	0.0687	0.0686	0.0001	1.3424	0.0240	1.3184	0.1206	0.0217	0.0989	1.2218	0.0024	1.2195	0.1328	0.1164	0.0164	0.0424	0.0403	0.0021	0.0904	0.0761	0.0143	0.5498	0.3793	0.1706	0.2924	0.2619	0.0306	0.2574	0.1174	0.1400	1.8662	81.8635	0.0110	30.6760	160.6116	0.1868	0.1600	44.6882	0.0008	2.4414	0.0634	7.7294	0.4122	0.0827	3.2338	4.7470	0.0202	8.7115
3	160	0.1710	3	0	0	0	1	0	0	0	0	N	N	N	N	N	N	N	N	N	N	N	N	0.0012	0.0056	0.0000	0.0165	0.0370	0.0000	0.0000	0.0000	0.0000	0.0045	0.0053	0.0000	0.0618	0.0660	0.0000	0.0000	0.0000	0.0000	3.6457	0.9579	16.0472	3.7533	1.7848	31.7297	3.5696	0.0125	7.9067	0.0000	4.5188	-0.0006	0.8172	1.9995	27.6416	3.6173	54.6365	0.0014	0.0014	0.0000	0.0014	0.0014	0.0000	0.0000	0.0000	0.0000	2.2671	0.4108	1.8563	0.9670	0.4083	0.5587	1.3002	0.0025	1.2977	0.3090	0.2632	0.0458	0.0227	0.0212	0.0014	0.2863	0.2419	0.0444	0.6219	0.4289	0.1930	0.2576	0.2288	0.0289	0.3642	0.2001	0.1641	0.0012	0.0056	0.0000	0.0165	0.0370	0.0000	0.0000	0.0000	0.0000	3.6457	0.9579	9.6186	3.7533	1.7848	19.3514	3.5696	0.0125	7.9067
3	161	0.2755	9	1	1	0	1	0	0	0	0	N	N	N	N	N	N	N	N	N	N	N	N	0.0000	0.0000	0.0000	0.0000	0.0000	0.0000	0.0000	0.0000	0.0000	0.0000	0.0000	0.0000	0.0000	0.0000	0.0000	0.0000	0.0000	0.0539	0.0000	0.1803	0.0082	0.0000	0.0837	0.0968	0.0000	0.1984	33132.1259	0.0000	0.0011	1.9995	0.0002	3.6173	3.0099	0.0000	0.0000	0.0000	0.0000	0.0000	0.0000	0.0000	0.0000	0.0000	0.0019	0.0000	0.0019	0.0001	0.0000	0.0001	0.0018	0.0000	0.0018	0.0000	0.0000	0.0000	0.0000	0.0000	0.0000	0.0000	0.0000	0.0000	0.0362	0.0254	0.0108	0.0175	0.0158	0.0017	0.0187	0.0096	0.0091	0.0000	0.0000	0.0000	0.0000	0.0000	0.0000	0.0000	0.0000	0.0000	0.0539	0.0000	0.1803	0.0082	0.0000	0.0837	0.0968	0.0000	0.1984		
3	162	0.2679	8	1	1	0	1	0	0	0	0	N	N	N	N	N	N	N	N	N	N	N	N	0.0000	0.0000	0.0000	0.0000	0.0000	0.0000	0.0000	0.0000	0.0000	0.0000	0.0000	0.0000	0.0000	0.0000	0.0000	0.0000	0.0000	0.0000	0.0649	0.0860	0.0109	0.1299	0.1448	0.0029	0.0056	0.0000	0.0126	0.0492	0.0000	-0.0008	1.9995	0.9998	3.6173	2.0118	0.0000	0.0000	0.0000	0.0000	0.0000	0.0000	0.0000	0.0000	0.0000	0.0021	0.0020	0.0001	0.0020	0.0020	0.0000	0.0001	0.0000	0.0001	0.0131	0.0112	0.0020	0.0019	0.0018	0.0001	0.0113	0.0094	0.0018	0.0316	0.0228	0.0089	0.0151	0.0135	0.0016	0.0165	0.0093	0.0073	0.0000	0.0000	0.0000	0.0000	0.0000	0.0000	0.0000	0.0000	0.0000	0.0649	0.0860	0.0109	0.1299	0.1448	0.0029	0.0056	0.0000	0.0126	
3	163	0.2679	7	1	1	0	1	0	0	0	0	N	N	N	N	N	N	N	N	N	N	N	N	0.0000	0.0000	0.0000	0.0000	0.0000	0.0000	0.0000	0.0000	0.0000	0.0000	0.0000	0.0000	0.0000	0.0000	0.0000	0.0000	0.0000	1.3290	1.6777	0.9119	1.8007	1.8347	0.9725	0.8211	0.0000	0.9090	0.4545	0.0000	-0.0000	1.9995	0.0000	3.6173	0.0003	0.0000	0.0000	0.0000	0.0000	0.0000	0.0000	0.0000	0.0000	0.0000	0.0001	0.0001	0.0000	0.0001	0.0001	0.0000	0.0000	0.0000	0.0000	0.0000	0.0000	0.0000	0.0000	0.0000	0.0000	0.0000	0.0000	0.0000	0.0001	0.0001	0.0000	0.0001	0.0001	0.0000	0.0001	0.0000	0.0000	0.0000	0.0000	0.0000	0.0000	0.0000	0.0000	0.0000	0.0000	0.0000	1.3290	1.6777	0.9119	1.8007	1.8347	0.9725	0.8211	0.0000	0.9090		
3	164	0.2569	6	0	1	0	1	0	0	0	0	N	N	N	N	N	N	N	N	N	N	N	N	0.0000	0.0000	0.0000	0.0000	0.0000	0.0000	0.0000	0.0000	0.0000	0.0000	0.0000	0.0000	0.0000	0.0000	0.0000	0.0000	0.0000	0.0000	0.1207	0.1660	0.0012	0.2383	0.2644	0.0050	0.0007	0.0010	0.0004	0.0028	0.0000	-0.0029	1.9995	0.0063	3.6173	4.3641	0.0000	0.0000	0.0000	0.0000	0.0000	0.0000	0.0000	0.0000	0.0000	0.0064	0.0064	0.0000	0.0064	0.0063	0.0000	0.0000	0.0000	0.0000	0.0002	0.0002	0.0000	0.0001	0.0001	0.0000	0.0002	0.0001	0.0000	0.0528	0.0383	0.0145	0.0267	0.0240	0.0027	0.0261	0.0143	0.0118	0.0000	0.0000	0.0000	0.0000	0.0000	0.0000	0.0000	0.0000	0.0000	0.1207	0.1660	0.0012	0.2383	0.2644	0.0050	0.0007	0.0010	0.0004	
3	165	0.2250	5	0	0	0	1	0	0	0	0	N	N	N	N	N	N	N	N	N	N	N	N	0.0000	0.0000	0.0000	0.0000	0.0000	0.0000	0.0000	0.0000	0.0000	0.0000	0.0000	0.0000	0.0000	0.0000	0.0000	0.0000	0.0000	0.0000	0.0469	0.0657	0.0013	0.0859	0.1001	0.0022	0.0040	0.0065	0.0009	0.0078	0.0000	-0.0034	1.9995	2.5207	3.6173	10.0226	0.0000	0.0000	0.0000	0.0000	0.0000	0.0000	0.0000	0.0000	0.0000	0.0075	0.0074	0.0001	0.0072	0.0072	0.0000	0.0003	0.0003	0.0000	0.0444	0.0379	0.0065	0.0104	0.0101	0.0003	0.0340	0.0278	0.0062	0.1597	0.1133	0.0464	0.0838	0.0716	0.0122	0.0759	0.0417	0.0342	0.0000	0.0000	0.0000	0.0000	0.0000	0.0000	0.0000	0.0000	0.0000	0.0469	0.0657	0.0013	0.0859	0.1001	0.0022	0.0040	0.0065	0.0009	
3	166	0.2094	4	0	0	0	1	0	0	0	0	N	N	N	N	N	N	N	N	N	N	N	N	4.4761	8.9403	0.0000	14.9038	15.0465	0.0000	0.0967	1.0024	0.0000	0.0645	0.0728	0.0000	0.1674	0.1727	0.0000	0.0017	0.0021	0.0000	0.0144	0.0081	0.0313	0.0112	0.0115	0.0095	0.0181	0.0021	0.0383	0.0000	1.4242	-0.0016	0.0002	1.9995	2.6894	3.6173	4.6619	0.0036	0.0036	0.0000	0.0035	0.0035	0.0000	0.0001	0.0001	0.0000	0.0016	0.0006	0.0009	0.0007	0.0006	0.0001	0.0009	0.0001	0.0009	0.0551	0.0488	0.0063	0.0209	0.0202	0.0006	0.0343	0.0286	0.0057	0.1090	0.0795	0.0295	0.0585	0.0513	0.0072	0.0505	0.0282	0.0223	4.4761	8.9403	0.0000	14.9038	15.0465	0.0000	0.0967	1.0024	0.0000	0.0144	0.0081	0.0313	0.0112	0.0115	0.0095	0.0181	0.0021	0.0383
3	167	0.1710	3	0	0	0	1	0	0	0	0	N	N	N	N	N	N	N	N	N	N	N	N	0.0000	0.0000	0.0000	0.0000	0.0000	0.0000	0.0000	0.0000	0.0000	0.0000	0.0000	0.0000	0.0000	0.0000	0.0000	0.0000	0.0000	0.0000	0.0043	0.0027	0.0077	0.0038	0.0042	0.0003	0.0046	0.0006	0.0089	1.2618	0.0000	0.0001	1.9995	2.7966	3.6173	8.5340	0.0000	0.0000	0.0000	0.0000	0.0000	0.0000	0.0000	0.0000	0.0000	0.0005	0.0002	0.0003	0.0002	0.0002	0.0000	0.0003	0.0000	0.0003	0.0350	0.0296	0.0054	0.0028	0.0026	0.0002	0.0322	0.0270	0.0052	0.1279	0.0883	0.0396	0.0573	0.0517	0.0055	0.0706	0.0366	0.0341	0.0000	0.0000	0.0000	0.0000	0.0000	0.0000	0.0000	0.0000	0.0000	0.0043	0.0027	0.0077	0.0038	0.0042	0.0003	0.0046	0.0006	0.0089	
4	5	0.5707	8	1	0	1	1	0	0	0	0	N	N	N	N	N	N	N	N	N	N	N	N	0.0671	0.0231	1.4462	0.1763	0.0638	138.8333	0.0001	0.0000	0.0004	0.0415	0.0197	0.1856	0.1821	0.0793	1.9766	0.0000	0.0000	0.0001	0.6189	0.8519	0.1283	1.0330	1.2422	0.0142	0.0933	0.0054	0.1763	1.4300	0.0715	0.0073	-0.4026	11.5083	16.0000	19.4752	24.4443	0.0498	0.0205	0.0293	0.0498	0.0205	0.0293	0.0000	0.0000	0.0000	1.0280	0.9594	0.0686	0.9597	0.9575	0.0023	0.0683	0.0019	0.0664	1.1989	1.0410	0.1579	0.2733	0.2585	0.0148	0.9256	0.7825	0.1431	1.6609	1.1262	0.5348	0.9290	0.7708	0.1583	0.7319	0.3554	0.3765	0.0671	0.0231	1.4462	0.1763	0.0638	138.8333	0.0001	0.0000	0.0004	0.6189	0.8519	0.1283	1.0330	1.2422	0.0142	0.0933	0.0054	0.1763
4	6	0.6079	10	0	1	0	1	0	0	0	0	N	N	N	N	N	N	N	N	N	N	N	N	0.0085	0.0069	0.0000	0.0335	0.0306	0.0000	0.0000	0.0000	0.0000	0.0127	0.0147	0.0000	0.0410	0.0440	0.0000	0.0000	0.0000	0.0000	1.4971	2.1262	0.0517	1.2246	1.4381	0.0020	1.8539	3.6773	0.0709	0.0000	0.0106	-0.0016	-0.6925	11.5083	3.1362	19.4752	18.3411	0.0037	0.0037	0.0000	0.0037	0.0037	0.0000	0.0000	0.0000	0.0000	1.5462	1.5300	0.0162	0.7170	0.7169	0.0002	0.8292	0.8132	0.0160	0.2925	0.2519	0.0406	0.0904	0.0841	0.0063	0.2021	0.1678	0.0343	1.0328	0.7196	0.3132	0.5855	0.4985	0.0871	0.4473	0.2211	0.2262	0.0085	0.0069	0.0000	0.0335	0.0306	0.0000	0.0000	0.0000	0.0000	1.4971	2.1262	0.0517	1.2246	1.4381	0.0020	1.8539	3.6773	0.0709
4	7	0.6666	11	0	0	1	2	0	0	0	0	N	N	N	Y	N	N	N	N	N	N	N	N	0.0608	0.0000	0.4927	0.0024	0.0000	1.0767	0.0746	0.0000	0.3971	0.0140	0.0000	0.1049	0.0005	0.0000	0.0128	0.0194	0.0000	0.1132	0.2304	0.2388	0.2128	0.2087	0.2431	0.0119	0.2597	0.2276	0.2850	inf	0.4263	0.0005	-0.0255	11.5083	0.6329	19.4752	9.5631	0.0009	0.0000	0.0009	0.0000	0.0000	0.0000	0.0008	0.0000	0.0008	0.1598	0.1120	0.0478	0.0832	0.0825	0.0007	0.0766	0.0296	0.0471	0.0613	0.0531	0.0082	0.0174	0.0168	0.0007	0.0438	0.0363	0.0075	0.6935	0.4691	0.2244	0.3985	0.3392	0.0593	0.2951	0.1299	0.1652	0.0608	0.0000	0.4927	0.0024	0.0000	1.0767	0.0746	0.0000	0.3971	0.2304	0.2388	0.2128	0.2087	0.2431	0.0119	0.2597	0.2276	0.2850
4	8	0.2122	4	0	0	1	2	0	0	0	0	N	N	N	Y	N	N	N	N	N	N	N	N	0.0007	0.0007	0.0015	0.0023	0.0023	0.0043	0.0004	0.0000	0.0015	0.0006	0.0003	0.0018	0.0016	0.0017	0.0005	0.0003	0.0000	0.0019	0.7538	0.4676	1.2010	0.7275	0.7576	0.1160	0.7710	0.0018	1.2551	0.8756	1.6443	0.0000	0.1749	11.5083	2.7092	19.4752	11.4516	0.0001	0.0001	0.0001	0.0001	0.0001	0.0000	0.0001	0.0000	0.0001	1.0701	0.4047	0.6654	0.4071	0.4041	0.0030	0.6630	0.0006	0.6624	0.2675	0.2278	0.0397	0.0496	0.0457	0.0040	0.2179	0.1821	0.0358	1.4196	0.8655	0.5540	0.5596	0.5333	0.0263	0.8599	0.3322	0.5278	0.0007	0.0007	0.0015	0.0023	0.0023	0.0043	0.0004	0.0000	0.0015	0.7538	0.4676	1.2010	0.7275	0.7576	0.1160	0.7710	0.0018	1.2551
4	9	0.6447	10	1	1	0	1	0	0	0	0	N	N	N	N	N	N	N	N	N	N	N	N	0.0064	0.0050	0.0000	0.0140	0.0121	0.0000	0.0000	0.0000	0.0000	0.0114	0.0130	0.0000	0.0402	0.0427	0.0000	0.0000	0.0000	0.0000	1.7881	2.5877	0.0020	2.8821	3.5353	0.0025	0.0009	0.0001	0.0016	0.0000	0.0003	-0.0009	-0.6187	11.5083	2.0019	19.4752	13.5902	0.0019	0.0019	0.0000	0.0019	0.0019	0.0000	0.0000	0.0000	0.0000	1.3508	1.3503	0.0005	1.3505	1.3503	0.0002	0.0003	0.0000	0.0002	0.1697	0.1481	0.0216	0.0479	0.0452	0.0027	0.1218	0.1029	0.0189	0.7554	0.5218	0.2336	0.4686	0.3819	0.0866	0.2868	0.1399	0.1470	0.0064	0.0050	0.0000	0.0140	0.0121	0.0000	0.0000	0.0000	0.0000	1.7881	2.5877	0.0020	2.8821	3.5353	0.0025	0.0009	0.0001	0.0016
4	10	0.6782	13	1	0	1	1	0	0	0	0	N	N	N	N	N	N	N	N	N	N	N	N	0.0050	0.0123	0.0000	0.0494	0.0429	0.0000	0.0000	0.0000	0.0000	0.0025	0.0028	0.0000	0.0077	0.0081	0.0000	0.0000	0.0000	0.0000	0.4906	0.2290	1.0592	0.1552	0.1901	0.0000	0.9910	0.3259	1.6270	0.0000	2.1278	-0.0001	0.0599	11.5083	1.0010	19.4752	10.8665	0.0002	0.0002	0.0000	0.0002	0.0002	0.0000	0.0000	0.0000	0.0000	0.2701	0.0864	0.1837	0.0512	0.0512	0.0000	0.2189	0.0352	0.1837	0.0861	0.0753	0.0108	0.0276	0.0260	0.0016	0.0584	0.0493	0.0092	0.5505	0.3771	0.1735	0.3296	0.2691	0.0605	0.2209	0.1080	0.1129	0.0050	0.0123	0.0000	0.0494	0.0429	0.0000	0.0000	0.0000	0.0000	0.4906	0.2290	1.0592	0.1552	0.1901	0.0000	0.9910	0.3259	1.6270
4	11	0.6677	13	1	1	0	2	0	0	0	0	N	N	N	Y	N	N	N	N	N	N	N	N	0.0000	0.0000	0.0000	0.0000	0.0000	0.0000	0.0000	0.0000	0.0000	0.0000	0.0000	0.0000	0.0000	0.0000	0.0000	0.0000	0.0074	0.0106	0.0009	0.0125	0.0151	0.0000	0.0007	0.0000	0.0013	0.0403	0.0000	-0.0007	11.5083	0.0000	19.4752	4.9998	0.0000	0.0000	0.0000	0.0000	0.0000	0.0000	0.0000	0.0000	0.0000	0.0015	0.0015	0.0001	0.0015	0.0015	0.0000	0.0001	0.0000	0.0001	0.0000	0.0000	0.0000	0.0000	0.0000	0.0000	0.0000	0.0000	0.0000	0.2093	0.1410	0.0682	0.1196	0.0985	0.0211	0.0896	0.0425	0.0471	0.0000	0.0000	0.0000	0.0000	0.0000	0.0000	0.0000	0.0000	0.0000	0.0074	0.0106	0.0009	0.0125	0.0151	0.0000	0.0007	0.0000	0.0013			
4	12	0.4997	12	1	1	0	2	0	0	0	0	N	N	N	Y	N	N	N	N	N	N	N	N	0.0000	0.0000	0.0000	0.0000	0.0000	0.0000	0.0000	0.0000	0.0000	0.0000	0.0000	0.0000	0.0000	0.0000	0.0000	0.0000	0.0000	0.0000	0.0995	0.1473	0.0152	0.2241	0.2560	0.0001	0.0095	0.0001	0.0178	0.0588	0.0000	-0.0063	11.5083	0.9995	19.4752	2.0282	0.0000	0.0000	0.0000	0.0000	0.0000	0.0000	0.0000	0.0000	0.0000	0.0156	0.0148	0.0009	0.0148	0.0148	0.0000	0.0009	0.0000	0.0009	0.0819	0.0703	0.0116	0.0190	0.0179	0.0011	0.0628	0.0524	0.0105	0.1573	0.1003	0.0570	0.0659	0.0577	0.0082	0.0914	0.0426	0.0487	0.0000	0.0000	0.0000	0.0000	0.0000	0.0000	0.0000	0.0000	0.0000	0.0995	0.1473	0.0152	0.2241	0.2560	0.0001	0.0095	0.0001	0.0178	
4	13	0.6655	11	1	0	1	1	0	0	0	0	N	N	N	N	N	N	N	N	N	N	N	N	0.9277	1.1848	0.0000	2.7090	2.3190	0.0000	0.0000	0.0000	0.0000	0.1515	0.1966	0.0000	0.3172	0.3226	0.0000	0.0000	0.0000	0.0000	0.1633	0.1660	0.1572	0.1171	0.1391	0.0175	0.2299	0.2272	0.2329	0.0000	0.4146	-0.0018	-0.0145	11.5083	0.0560	19.4752	10.7426	0.0042	0.0042	0.0000	0.0042	0.0042	0.0000	0.0000	0.0000	0.0000	0.0878	0.0621	0.0257	0.0372	0.0362	0.0010	0.0506	0.0259	0.0247	0.0276	0.0213	0.0063	0.0132	0.0130	0.0002	0.0144	0.0083	0.0061	0.5379	0.3741	0.1638	0.3177	0.2601	0.0576	0.2202	0.1140	0.1062	0.9277	1.1848	0.0000	2.7090	2.3190	0.0000	0.0000	0.0000	0.0000	0.1633	0.1660	0.1572	0.1171	0.1391	0.0175	0.2299	0.2272	0.2329
4	14	0.6285	11	0	0	1	1	0	0	0	0	N	N	N	N	N	N	N	N	N	N	N	N	0.9231	1.2335	0.8151	1.8671	2.9963	0.0058	0.7643	0.0000	2.4862	0.9145	0.8518	1.3348	2.9044	3.0622	0.0252	0.2323	0.0000	1.4837	0.9908	0.6906	1.6375	1.5556	1.0220	4.3759	0.3039	0.0003	0.5968	0.2338	1.1006	-0.3097	0.0931	11.5083	16.7310	19.4752	15.9078	1.2308	0.9975	0.2333	0.9980	0.9975	0.0004	0.2328	0.0000	0.2328	1.4202	0.6761	0.7441	1.2236	0.6760	0.5476	0.1966	0.0001	0.1965	1.3458	1.1710	0.1748	0.3436	0.3258	0.0178	1.0022	0.8453	0.1569	1.4334	0.9790	0.4544	0.7866	0.6614	0.1251	0.6468	0.3176	0.3293	0.9231	1.2335	0.8151	1.8671	2.9963	0.0058	0.7643	0.0000	2.4862	0.9908	0.6906	1.6375	1.5556	1.0220	4.3759	0.3039	0.0003	0.5968
4	15	0.2863	6	0	0	1	1	0	0	0	0	N	N	N	N	N	N	N	N	N	N	N	N	1.2822	0.0404	113.0683	1.6425	1.5869	1.5461	0.9865	0.0111	113.5548	0.7334	0.0341	5.1970	0.0774	0.0798	0.0317	0.9129	0.0199	5.6295	0.5720	0.8434	0.0460	0.0471	0.0503	0.0205	0.9254	1.7963	0.0496	23.9148	0.0281	0.3429	-0.3470	11.5083	10.3367	19.4752	13.9008	0.6610	0.0265	0.6344	0.0150	0.0147	0.0003	0.6460	0.0118	0.6341	0.8050	0.7830	0.0220	0.0267	0.0255	0.0012	0.7783	0.7575	0.0208	0.9012	0.7791	0.1221	0.1936	0.1842	0.0094	0.7076	0.5949	0.1126	1.4073	0.9284	0.4789	0.5663	0.5067	0.0596	0.8411	0.4217	0.4193	1.2822	0.0404	113.0683	1.6425	1.5869	1.5461	0.9865	0.0111	113.5548	0.5720	0.8434	0.0460	0.0471	0.0503	0.0205	0.9254	1.7963	0.0496
4	16	0.5919	10	0	0	1	1	0	0	0	0	N	N	N	N	N	N	N	N	N	N	N	N	12.2274	39.6922	0.0000	33.6147	1482.3677	0.0000	0.0000	0.0000	0.0007	1.0357	1.1935	0.0000	3.9478	4.1929	0.0000	0.0000	0.0000	0.0000	0.0847	0.0301	0.2069	0.1174	0.0028	0.7673	0.0440	0.0885	0.0007	0.0000	3.0767	-0.4399	0.0342	11.5083	12.0000	19.4752	18.8883	0.9972	0.9972	0.0000	0.9972	0.9972	0.0000	0.0000	0.0000	0.0000	0.1153	0.0283	0.0870	0.0886	0.0018	0.0868	0.0267	0.0265	0.0002	0.9628	0.8355	0.1273	0.2526	0.2378	0.0148	0.7102	0.5977	0.1126	1.3613	0.9406	0.4207	0.7546	0.6414	0.1131	0.6068	0.2992	0.3076	12.2274	39.6922	0.0000	33.6147	1482.3677	0.0000	0.0000	0.0000	0.0007	0.0847	0.0301	0.2069	0.1174	0.0028	0.7673	0.0440	0.0885	0.0007
4	17	0.5082	9	1	1	0	1	0	0	0	0	N	N	N	N	N	N	N	N	N	N	N	N	0.0002	0.2707	0.0000	0.3009	0.3439	0.0000	0.0000	inf	0.0000	0.0004	0.0004	0.0000	0.0010	0.0010	0.0000	0.0000	0.0000	0.0000	1.9051	0.0016	5.7584	0.0032	0.0029	0.0054	3.2239	0.0000	6.7160	0.0000	1819.6642	-0.0001	0.5221	11.5083	3.5868	19.4752	9.0275	0.0002	0.0002	0.0000	0.0002	0.0002	0.0000	0.0000	0.0000	0.0000	0.9650	0.0005	0.9644	0.0007	0.0005	0.0001	0.9643	0.0000	0.9643	0.4503	0.3991	0.0511	0.1765	0.1701	0.0065	0.2737	0.2291	0.0446	0.5065	0.3390	0.1675	0.2074	0.1835	0.0239	0.2991	0.1555	0.1436	0.0002	0.2707	0.0000	0.3009	0.3439	0.0000	0.0000	inf	0.0000	1.9051	0.0016	5.7584	0.0032	0.0029	0.0054	3.2239	0.0000	6.7160
4	18	0.6447	10	1	1	0	1	0	0	0	0	N	N	N	N	N	N	N	N	N	N	N	N	2.0888	6.3805	0.0000	17.5278	15.3054	0.0000	0.0000	0.0000	0.0000	2.9578	3.3885	0.0000	10.5380	11.1699	0.0000	0.0000	0.0000	0.0000	1.4160	0.5311	3.3994	0.6012	0.7298	0.0207	2.7155	0.0001	5.3100	0.0000	2.8560	-0.4374	0.3801	11.5083	3.9981	19.4752	16.5900	0.9916	0.9916	0.0000	0.9916	0.9916	0.0000	0.0000	0.0000	0.0000	1.3466	0.3492	0.9973	0.3514	0.3492	0.0022	0.9952	0.0000	0.9952	0.3352	0.2926	0.0426	0.0941	0.0888	0.0053	0.2412	0.2039	0.0373	0.9509	0.6576	0.2934	0.5845	0.4785	0.1060	0.3665	0.1791	0.1874	2.0888	6.3805	0.0000	17.5278	15.3054	0.0000	0.0000	0.0000	0.0000	1.4160	0.5311	3.3994	0.6012	0.7298	0.0207	2.7155	0.0001	5.3100
4	19	0.4639	10	0	0	1	2	0	0	0	0	N	N	N	Y	N	N	N	N	N	N	N	N	0.0146	0.1757	0.0000	0.1696	0.1541	0.0000	0.0000	0.0000	0.0000	0.0000	0.0000	0.0000	0.0000	0.0000	0.0000	0.0000	0.0000	0.0016	0.0002	0.0042	0.0003	0.0003	0.0000	0.0024	0.0000	0.0048	0.0000	14.0495	-0.0000	0.0001	11.5083	0.0000	19.4752	2.0009	0.0000	0.0000	0.0000	0.0000	0.0000	0.0000	0.0000	0.0000	0.0000	0.0002	0.0000	0.0001	0.0000	0.0000	0.0000	0.0001	0.0000	0.0001	0.0008	0.0006	0.0001	0.0004	0.0004	0.0000	0.0004	0.0002	0.0001	0.0948	0.0615	0.0334	0.0374	0.0332	0.0042	0.0574	0.0282	0.0292	0.0146	0.1757	0.0000	0.1696	0.1541	0.0000	0.0000	0.0000	0.0000	0.0016	0.0002	0.0042	0.0003	0.0003	0.0000	0.0024	0.0000	0.0048	
4	20	0.4782	11	0	0	1	2	0	0	0	0	N	N	N	Y	N	N	N	N	N	N	N	N	0.0369	0.1649	0.0000	0.3816	0.3568	0.2000	0.0000	0.0000	0.0000	0.0258	0.0299	0.0001	0.1102	0.1168	0.0007	0.0000	0.0000	0.0000	0.6983	0.1814	1.6458	0.2889	0.3273	0.0033	0.9784	0.0005	1.9056	0.0003	4.9515	-0.0131	0.4282	11.5083	14.9999	19.4752	23.4905	0.0297	0.0297	0.0000	0.0297	0.0297	0.0000	0.0000	0.0000	0.0000	1.1462	0.1926	0.9536	0.1926	0.1923	0.0003	0.9536	0.0002	0.9534	1.1506	0.9922	0.1584	0.2693	0.2541	0.0152	0.8813	0.7380	0.1433	1.6414	1.0620	0.5794	0.6668	0.5877	0.0791	0.9746	0.4743	0.5003	0.0369	0.1649	0.0000	0.3816	0.3568	0.2000	0.0000	0.0000	0.0000	0.6983	0.1814	1.6458	0.2889	0.3273	0.0033	0.9784	0.0005	1.9056
4	21	0.6447	10	0	1	0	1	0	0	0	0	N	N	N	N	N	N	N	N	N	N	N	N	1.1626	1.3225	0.0000	191.6734	180.8172	0.0000	0.0000	0.0000	0.0000	2.5234	2.8907	0.0000	9.0061	9.5462	0.0000	0.0000	0.0000	0.0000	2.1705	2.1858	2.1361	0.0470	0.0528	0.0198	5.4028	7.6248	3.2529	0.0000	0.4347	-0.4642	-0.5262	11.5083	4.9981	19.4752	32.5905	1.0523	1.0523	0.0000	1.0523	1.0523	0.0000	0.0000	0.0000	0.0000	3.3861	2.3602	1.0259	0.0442	0.0409	0.0033	3.3418	2.3192	1.0226	0.4170	0.3640	0.0530	0.1168	0.1102	0.0066	0.3002	0.2538	0.0464	1.5600	1.0798	0.4803	0.9415	0.7756	0.1659	0.6185	0.3042	0.3144	1.1626	1.3225	0.0000	191.6734	180.8172	0.0000	0.0000	0.0000	0.0000	2.1705	2.1858	2.1361	0.0470	0.0528	0.0198	5.4028	7.6248	3.2529
4	22	0.5082	9	0	1	0	1	0	0	0	0	N	N	N	N	N	N	N	N	N	N	N	N	17.9657	0.0192	2936.4353	0.6795	0.6103	3.8629	15.8794	0.0068	2928.5097	0.6105	0.0010	4.7908	0.0015	0.0015	0.0013	0.8764	0.0007	5.4235	0.0340	0.0506	0.0016	0.0022	0.0024	0.0003	0.0552	0.1050	0.0019	718.4715	0.0166	0.3497	-0.0122	11.5083	12.5677	19.4752	9.8718	0.6272	0.0009	0.6264	0.0005	0.0004	0.0000	0.6268	0.0004	0.6263	0.0275	0.0271	0.0004	0.0007	0.0007	0.0000	0.0268	0.0264	0.0004	1.0274	0.8966	0.1307	0.3122	0.2969	0.0153	0.7152	0.5997	0.1155	0.8096	0.5349	0.2747	0.3239	0.2837	0.0402	0.4857	0.2512	0.2346	17.9657	0.0192	2936.4353	0.6795	0.6103	3.8629	15.8794	0.0068	2928.5097	0.0340	0.0506	0.0016	0.0022	0.0024	0.0003	0.0552	0.1050	0.0019
4	23	0.6922	13	0	0	0	2	0	0	0	0	N	N	N	Y	N	N	N	N	N	N	N	N	0.0000	0.0000	0.0000	0.0000	0.0000	0.0000	0.0000	0.0000	0.0000	0.0000	0.0000	0.0000	0.0000	0.0000	0.0033	0.0049	0.0000	0.0059	0.0070	0.0000	0.0000	0.0000	0.0000	0.0000	-0.0000	-0.0001	11.5083	0.9981	19.4752	0.0014	0.0000	0.0000	0.0000	0.0000	0.0000	0.0000	0.0000	0.0000	0.0000	0.0001	0.0001	0.0000	0.0001	0.0001	0.0000	0.0000	0.0000	0.0000	0.0836	0.0725	0.0111	0.0233	0.0217	0.0017	0.0603	0.0509	0.0094	0.0434	0.0292	0.0142	0.0244	0.0204	0.0040	0.0190	0.0088	0.0102	0.0000	0.0000	0.0000	0.0000	0.0000	0.0000	0.0000	0.0000	0.0000	0.0033	0.0049	0.0000	0.0059	0.0070	0.0000	0.0000	0.0000	0.0000					
4	24	0.6443	10	0	1	0	2	0	0	0	0	N	N	N	Y	N	N	N	N	N	N	N	N	0.0111	0.0099	0.0000	0.8092	0.9374	0.0000	0.0000	0.0000	0.0000	0.0148	0.0170	0.0000	0.0496	0.0516	0.0000	0.0000	0.0000	0.0000	1.3356	1.7108	0.5080	0.0613	0.0551	0.0957	3.1218	5.9449	0.6727	0.0000	0.1346	-0.0004	-0.3807	11.5083	0.6341	19.4752	12.6218	0.0010	0.0010	0.0000	0.0010	0.0010	0.0000	0.0000	0.0000	0.0000	1.1207	0.9877	0.1330	0.0300	0.0229	0.0071	1.0907	0.9648	0.1258	0.0647	0.0563	0.0084	0.0193	0.0186	0.0008	0.0454	0.0377	0.0076	0.8391	0.5773	0.2618	0.4897	0.4150	0.0747	0.3494	0.1623	0.1871	0.0111	0.0099	0.0000	0.8092	0.9374	0.0000	0.0000	0.0000	0.0000	1.3356	1.7108	0.5080	0.0613	0.0551	0.0957	3.1218	5.9449	0.6727
4	25	0.4479	8	0	1	0	1	0	0	0	0	N	N	N	N	N	N	N	N	N	N	N	N	0.0758	0.0665	0.0951	0.1747	0.1740	0.0221	0.0175	0.0003	0.1498	0.0151	0.0157	0.0116	0.0485	0.0501	0.0050	0.0021	0.0000	0.0121	0.1998	0.2358	0.1217	0.2776	0.2878	0.2279	0.1171	0.1493	0.0808	0.1097	0.2380	-0.0055	-0.0792	11.5083	10.0221	19.4752	10.6811	0.0160	0.0144	0.0016	0.0144	0.0144	0.0001	0.0016	0.0000	0.0015	0.2975	0.2403	0.0572	0.2130	0.1832	0.0298	0.0845	0.0571	0.0274	1.0548	0.9182	0.1366	0.2975	0.2871	0.0104	0.7573	0.6311	0.1262	1.4890	1.0190	0.4700	0.7672	0.6366	0.1306	0.7218	0.3823	0.3394	0.0758	0.0665	0.0951	0.1747	0.1740	0.0221	0.0175	0.0003	0.1498	0.1998	0.2358	0.1217	0.2776	0.2878	0.2279	0.1171	0.1493	0.0808
4	26	0.6787	12	0	1	0	1	0	0	0	0	N	N	N	N	N	N	N	N	N	N	N	N	8.3452	6.1822	91.1999	422.0399	391.7179	3.0693	0.3592	0.0000	75.8038	0.1983	0.2084	0.1283	0.6347	0.6734	0.0018	0.0228	0.0000	0.1472	0.0238	0.0337	0.0014	0.0015	0.0017	0.0006	0.0634	0.1291	0.0019	0.0894	0.0186	-0.0237	-0.0054	11.5083	3.9997	19.4752	5.4032	0.0660	0.0606	0.0054	0.0606	0.0606	0.0000	0.0054	0.0000	0.0054	0.0122	0.0120	0.0002	0.0005	0.0005	0.0000	0.0117	0.0115	0.0002	0.3331	0.2909	0.0422	0.0955	0.0900	0.0055	0.2376	0.2009	0.0367	0.5143	0.3558	0.1585	0.3294	0.2665	0.0629	0.1850	0.0894	0.0956	8.3452	6.1822	91.1999	422.0399	391.7179	3.0693	0.3592	0.0000	75.8038	0.0238	0.0337	0.0014	0.0015	0.0017	0.0006	0.0634	0.1291	0.0019
4	27	0.4782	11	0	1	0	2	0	0	0	0	N	N	N	Y	N	N	N	N	N	N	N	N	0.1211	5.3332	0.0003	0.2132	11.6043	0.0003	0.0172	3.6640	0.0267	0.1509	0.1753	0.0011	0.6303	0.6666	0.0115	0.0000	0.0000	0.0000	1.2463	0.0329	3.4730	2.9561	0.0574	45.4380	0.0009	0.0000	0.0018	0.0011	57.5646	-0.0268	0.5156	11.5083	4.9655	19.4752	10.6561	0.0608	0.0608	0.0001	0.0608	0.0608	0.0001	0.0000	0.0000	0.0000	0.9830	0.0168	0.9662	0.9825	0.0168	0.9657	0.0004	0.0000	0.0004	0.4030	0.3465	0.0565	0.0965	0.0911	0.0053	0.3065	0.2554	0.0511	0.7887	0.5105	0.2782	0.3324	0.2922	0.0402	0.4563	0.2184	0.2380	0.1211	5.3332	0.0003	0.2132	11.6043	0.0005	0.0172	3.6640	0.0267	1.2463	0.0329	3.4730	2.9561	0.0574	24.0152	0.0009	0.0000	0.0018
4	28	0.6973	14	0	1	0	2	0	0	0	0	N	N	N	Y	N	N	N	N	N	N	N	N	0.0000	0.0000	0.0000	0.0000	0.0000	0.0000	0.0000	0.0000	0.0000	0.0000	0.0000	0.0000	0.0000	0.0000	0.0000	0.0000	0.0000	0.0000	0.0000	0.0000	11.5083	0.0000	19.4752	0.0000	0.0000	0.0000	0.0000	0.0000	0.0000	0.0000	0.0000	0.0000	0.0000	0.0000	0.0000	0.0000	0.0000	0.0000	0.0000	0.0000	0.0000	0.0000	0.0000	0.0000	0.0000	0.0000	0.0000	0.0000	0.0000	0.0000	0.0000	0.0000	0.0000	0.0000	0.0000	0.0000	0.0000	0.0000	0.0000	0.0000	0.0000	0.0000	0.0000	0.0000	0.0000	0.0000	0.0000	0.0000	0.0000	0.0000	0.0000	0.0000	0.0000	0.0000	0.0000	0.0000	0.0000	0.0000											
4	29	0.6647	9	1	1	0	1	0	0	0	0	N	N	N	N	N	N	N	N	N	N	N	N	0.2454	0.3190	0.0068	0.6870	0.6862	0.1027	0.0003	0.0001	0.0009	0.0584	0.0674	0.0021	0.1833	0.1903	0.0192	0.0001	0.0000	0.0003	0.2380	0.2112	0.3124	0.2668	0.2773	0.1869	0.1907	0.0167	0.3593	0.0050	0.5321	-0.0114	-0.0314	11.5083	3.9885	19.4752	8.5018	0.0261	0.0260	0.0001	0.0261	0.0260	0.0001	0.0000	0.0000	0.0000	0.2826	0.1845	0.0981	0.1967	0.1807	0.0160	0.0859	0.0037	0.0822	0.4471	0.3857	0.0615	0.1423	0.1365	0.0058	0.3048	0.2492	0.0557	1.1876	0.8734	0.3142	0.7372	0.6517	0.0854	0.4504	0.2217	0.2287	0.2454	0.3190	0.0068	0.6870	0.6862	0.1027	0.0003	0.0001	0.0009	0.2380	0.2112	0.3124	0.2668	0.2773	0.1869	0.1907	0.0167	0.3593
4	30	0.6556	11	0	1	0	1	0	0	0	0	N	N	N	N	N	N	N	N	N	N	N	N	42.1414	261.6707	0.0000	354.8998	364.5854	0.0004	0.0000	0.0218	0.0000	3.5911	4.1681	0.0000	7.2035	8.0224	0.0000	0.0000	0.0000	0.0000	0.0852	0.0159	0.2641	0.0203	0.0220	0.0140	0.2128	0.0001	0.5224	0.0000	6.4216	-0.4219	0.0282	11.5083	0.9701	19.4752	4.0208	0.9566	0.9566	0.0000	0.9566	0.9566	0.0000	0.0000	0.0000	0.0000	0.0694	0.0094	0.0601	0.0110	0.0093	0.0016	0.0585	0.0000	0.0584	0.2664	0.2295	0.0369	0.1328	0.1192	0.0136	0.1336	0.1103	0.0233	0.8145	0.5871	0.2274	0.5399	0.4244	0.1155	0.2746	0.1628	0.1119	42.1414	261.6707	0.0000	354.8998	364.5854	0.0004	0.0000	0.0218	0.0000	0.0852	0.0159	0.2641	0.0203	0.0220	0.0140	0.2128	0.0001	0.5224
4	31	0.6302	9	0	0	0	2	0	0	0	0	N	N	N	Y	N	N	N	N	N	N	N	N	0.0006	0.0012	0.0000	0.0029	0.0031	0.0000	0.0000	0.0000	0.0000	0.0001	0.0001	0.0000	0.0005	0.0005	0.0000	0.0000	0.0000	0.0000	0.1970	0.1126	0.3896	0.1564	0.1580	0.1479	0.2526	0.0061	0.4917	0.0001	1.5151	-0.0000	0.0319	11.5083	5.0045	19.4752	16.6627	0.0000	0.0000	0.0000	0.0000	0.0000	0.0000	0.0000	0.0000	0.0000	0.2212	0.0879	0.1332	0.1015	0.0865	0.0150	0.1196	0.0014	0.1182	0.4060	0.3526	0.0534	0.1018	0.0960	0.0058	0.3041	0.2565	0.0476	1.1227	0.7808	0.3420	0.6491	0.5476	0.1015	0.4736	0.2332	0.2404	0.0006	0.0012	0.0000	0.0029	0.0031	0.0000	0.0000	0.0000	0.0000	0.1970	0.1126	0.3896	0.1564	0.1580	0.1479	0.2526	0.0061	0.4917
4	32	0.6056	11	1	0	1	1	0	0	0	0	N	N	N	N	N	N	N	N	N	N	N	N	7003.2217	0.0000	22962.8719	18308.5870	0.0000	87779.5545	0.0000	0.0000	0.0000	0.1877	0.0000	1.3346	0.6900	0.0000	15.0894	0.0000	0.0000	0.0000	0.0000	0.0000	0.0001	0.0000	0.0000	0.0002	0.0000	0.0000	0.0000	inf	3.3806	0.0115	0.0000	11.5083	1.4893	19.4752	0.0050	0.0205	0.0000	0.0205	0.0205	0.0000	0.0205	0.0000	0.0000	0.0000	0.0000	0.0000	0.0000	0.0000	0.0000	0.0000	0.0000	0.0000	0.0000	0.1092	0.0938	0.0154	0.0297	0.0283	0.0014	0.0795	0.0655	0.0140	0.0550	0.0354	0.0196	0.0214	0.0187	0.0028	0.0336	0.0168	0.0168	7003.2217	0.0000	22962.8719	18308.5870	0.0000	87779.5545	0.0000	0.0000	0.0000	0.0000	0.0000	0.0001	0.0000	0.0000	0.0002	0.0000	0.0000	0.0000
4	33	0.6557	11	1	0	1	1	0	0	0	0	N	N	N	N	N	N	N	N	N	N	N	N	51.6133	42.5529	0.0000	309.8707	263.7365	0.0000	0.0006	0.0004	0.0000	0.6561	0.7622	0.0000	2.3226	2.4451	0.0000	0.0000	0.0000	0.0000	0.0127	0.0179	0.0003	0.0075	0.0093	0.0003	0.0217	0.0402	0.0003	0.0000	0.0064	-0.0263	-0.0020	11.5083	0.9855	19.4752	5.0251	0.0597	0.0597	0.0000	0.0597	0.0597	0.0000	0.0000	0.0000	0.0000	0.0045	0.0045	0.0000	0.0017	0.0017	0.0000	0.0028	0.0028	0.0000	0.0910	0.0783	0.0127	0.0257	0.0244	0.0013	0.0653	0.0539	0.0114	0.3563	0.2512	0.1051	0.2254	0.1809	0.0445	0.1309	0.0703	0.0606	51.6133	42.5529	0.0000	309.8707	263.7365	0.0000	0.0006	0.0004	0.0000	0.0127	0.0179	0.0003	0.0075	0.0093	0.0003	0.0217	0.0402	0.0003
4	34	0.6285	11	0	1	0	1	0	0	0	0	N	N	N	N	N	N	N	N	N	N	N	N	0.0000	0.0000	0.0000	0.0000	0.0000	0.0000	0.0000	0.0000	0.0000	0.0000	0.0000	0.0000	0.0000	0.0000	0.0000	0.0000	0.0000	0.0075	0.0110	0.0000	0.0090	0.0107	0.0000	0.0055	0.0117	0.0000	0.0002	0.0000	-0.0013	11.5083	2.0026	19.4752	4.0175	0.0000	0.0000	0.0000	0.0000	0.0000	0.0000	0.0000	0.0000	0.0000	0.0028	0.0028	0.0000	0.0019	0.0019	0.0000	0.0008	0.0008	0.0000	0.2171	0.1861	0.0311	0.0670	0.0647	0.0023	0.1501	0.1214	0.0287	0.3656	0.2516	0.1140	0.2120	0.1797	0.0322	0.1536	0.0718	0.0817	0.0000	0.0000	0.0000	0.0000	0.0000	0.0000	0.0000	0.0000	0.0000	0.0075	0.0110	0.0000	0.0090	0.0107	0.0000	0.0055	0.0117	0.0000		
4	35	0.6285	10	0	0	0	1	0	0	0	0	N	N	N	N	N	N	N	N	N	N	N	N	0.0009	0.0003	0.0191	0.0011	0.0010	0.0003	0.0008	0.0000	0.0576	0.0001	0.0001	0.0005	0.0001	0.0001	0.0000	0.0001	0.0000	0.0005	0.1585	0.2159	0.0275	0.1400	0.1516	0.0712	0.1880	0.4164	0.0094	1.4619	0.0558	0.0000	-0.0117	11.5083	0.4148	19.4752	1.5497	0.0000	0.0000	0.0000	0.0000	0.0000	0.0000	0.0000	0.0000	0.0000	0.0287	0.0272	0.0015	0.0156	0.0145	0.0012	0.0131	0.0128	0.0004	0.0858	0.0717	0.0141	0.0343	0.0338	0.0005	0.0515	0.0379	0.0136	0.1814	0.1261	0.0553	0.1116	0.0955	0.0162	0.0698	0.0306	0.0392	0.0009	0.0003	0.0191	0.0011	0.0010	0.0003	0.0008	0.0000	0.0576	0.1585	0.2159	0.0275	0.1400	0.1516	0.0712	0.1880	0.4164	0.0094
4	36	0.5707	8	0	1	0	1	0	0	0	0	N	N	N	N	N	N	N	N	N	N	N	N	0.1436	0.0003	1.2900	0.0850	0.0002	68.4609	0.1360	0.0003	0.8849	0.4291	0.0008	3.2233	0.2122	0.0005	3.8959	0.4936	0.0009	3.1537	2.9888	3.2228	2.4987	2.4964	3.0086	0.0569	3.6300	3.7011	3.5638	596.9100	0.3702	0.1465	-0.7583	11.5083	7.9964	19.4752	23.6501	0.2629	0.0004	0.2625	0.0298	0.0001	0.0297	0.2331	0.0004	0.2328	4.0302	2.9412	1.0890	1.9038	1.8963	0.0075	2.1263	1.0449	1.0814	0.6128	0.5314	0.0814	0.1405	0.1329	0.0076	0.4723	0.3985	0.0738	1.3484	0.9126	0.4358	0.7626	0.6303	0.1324	0.5858	0.2823	0.3034	0.1436	0.0003	1.2900	0.0850	0.0002	68.4609	0.1360	0.0003	0.8849	2.9888	3.2228	2.4987	2.4964	3.0086	0.0569	3.6300	3.7011	3.5638
4	37	0.6447	10	1	1	0	1	0	0	0	0	N	N	N	N	N	N	N	N	N	N	N	N	4.3773	2.7314	72.3886	149.5471	133.7109	0.0970	0.6051	0.0000	55.7371	4.5042	3.9176	8.5422	12.2432	12.9771	0.0011	1.5036	0.0000	9.7575	1.0290	1.4343	0.1180	0.0819	0.0971	0.0113	2.4850	4.8804	0.1751	0.3168	0.0366	-0.5223	-0.6107	11.5083	6.9981	19.4752	25.9787	2.6043	1.9778	0.6265	1.9778	1.9778	0.0000	0.6265	0.0000	0.6265	1.4436	1.3927	0.0510	0.0696	0.0679	0.0017	1.3740	1.3248	0.0493	0.5782	0.5049	0.0733	0.1615	0.1524	0.0091	0.4167	0.3525	0.0642	1.4030	0.9710	0.4320	0.8500	0.6995	0.1505	0.5529	0.2714	0.2815	4.3773	2.7314	72.3886	149.5471	133.7109	0.0970	0.6051	0.0000	55.7371	1.0290	1.4343	0.1180	0.0819	0.0971	0.0113	2.4850	4.8804	0.1751
4	38	0.6285	10	0	1	0	1	0	0	0	0	N	N	N	N	N	N	N	N	N	N	N	N	0.0012	0.0003	0.0458	0.0046	0.0046	0.0000	0.0006	0.0000	0.0690	0.0000	0.0000	0.0001	0.0000	0.0000	0.0000	0.0000	0.0000	0.0001	0.0208	0.0291	0.0027	0.0056	0.0058	0.0046	0.0401	0.0810	0.0020	2.3624	0.0428	0.0000	-0.0065	11.5083	4.7553	19.4752	10.1994	0.0000	0.0000	0.0000	0.0000	0.0000	0.0000	0.0000	0.0000	0.0000	0.0156	0.0149	0.0006	0.0024	0.0021	0.0003	0.0132	0.0129	0.0003	0.4401	0.3803	0.0598	0.1224	0.1169	0.0055	0.3177	0.2634	0.0543	0.7501	0.5136	0.2365	0.4204	0.3547	0.0657	0.3297	0.1590	0.1707	0.0012	0.0003	0.0458	0.0046	0.0046	0.0000	0.0006	0.0000	0.0690	0.0208	0.0291	0.0027	0.0056	0.0058	0.0046	0.0401	0.0810	0.0020
4	39	0.5707	8	1	1	0	1	0	0	0	0	N	N	N	N	N	N	N	N	N	N	N	N	0.0006	0.0010	0.0001	0.0000	0.0000	0.0000	0.0007	0.0086	0.0001	0.0010	0.0011	0.0002	0.0000	0.0000	0.0000	0.0013	0.0015	0.0002	1.5204	1.1043	2.3924	1.2646	1.5231	0.0308	1.8528	0.1713	3.4192	0.0270	1.0340	-0.0002	0.1043	11.5083	5.0000	19.4752	27.3229	0.0004	0.0004	0.0000	0.0000	0.0000	0.0000	0.0004	0.0004	0.0000	2.0855	1.0253	1.0602	0.9802	0.9760	0.0041	1.1054	0.0493	1.0561	0.3888	0.3369	0.0518	0.0894	0.0845	0.0049	0.2994	0.2524	0.0470	1.3717	0.9285	0.4432	0.7751	0.6408	0.1343	0.5966	0.2877	0.3089	0.0006	0.0010	0.0001	0.0000	0.0000	0.0000	0.0007	0.0086	0.0001	1.5204	1.1043	2.3924	1.2646	1.5231	0.0308	1.8528	0.1713	3.4192
4	40	0.6447	10	0	1	0	1	0	0	0	0	N	N	N	N	N	N	N	N	N	N	N	N	0.0835	0.1148	0.0000	0.6373	0.5566	0.0000	0.0004	0.0005	0.0000	0.1089	0.1247	0.0000	0.3875	0.4107	0.0000	0.0009	0.0010	0.0000	1.3037	1.0860	1.7929	0.6080	0.7379	0.0088	2.3853	1.9933	2.7621	0.0000	0.7349	-0.0278	-0.0563	11.5083	7.0019	19.4752	21.4344	0.0630	0.0630	0.0000	0.0626	0.0626	0.0000	0.0004	0.0004	0.0000	1.6199	0.9337	0.6862	0.4598	0.4586	0.0012	1.1601	0.4751	0.6850	0.5785	0.5051	0.0734	0.1616	0.1525	0.0091	0.4169	0.3526	0.0642	1.2425	0.8598	0.3827	0.7562	0.6214	0.1347	0.4864	0.2384	0.2480	0.0835	0.1148	0.0000	0.6373	0.5566	0.0000	0.0004	0.0005	0.0000	1.3037	1.0860	1.7929	0.6080	0.7379	0.0088	2.3853	1.9933	2.7621
4	41	0.5082	9	0	1	0	1	0	0	0	0	N	N	N	N	N	N	N	N	N	N	N	N	0.0627	0.0474	0.0000	0.0865	0.0796	0.0000	0.0110	0.0068	0.0000	0.0054	0.0062	0.0000	0.0161	0.0169	0.0000	0.0002	0.0003	0.0000	0.0869	0.1311	0.0001	0.1866	0.2124	0.0003	0.0197	0.0381	0.0000	0.0000	0.0003	-0.0018	-0.0278	11.5083	8.1446	19.4752	10.2519	0.0041	0.0041	0.0000	0.0040	0.0040	0.0000	0.0001	0.0001	0.0000	0.0607	0.0607	0.0000	0.0525	0.0525	0.0000	0.0082	0.0082	0.0000	0.7597	0.6655	0.0941	0.2494	0.2382	0.0112	0.5103	0.4274	0.0829	0.6990	0.4634	0.2356	0.2814	0.2471	0.0342	0.4176	0.2162	0.2014	0.0627	0.0474	0.0000	0.0865	0.0796	0.0000	0.0110	0.0068	0.0000	0.0869	0.1311	0.0001	0.1866	0.2124	0.0003	0.0197	0.0381	0.0000
4	42	0.6447	10	0	1	0	1	0	0	0	0	N	N	N	N	N	N	N	N	N	N	N	N	147.3549	129.0783	0.0375	336.3465	312.0687	0.0000	0.0242	0.0000	0.0828	1.9912	2.2807	0.0002	7.1171	7.5438	0.0000	0.0000	0.0000	0.0002	0.0135	0.0177	0.0042	0.0212	0.0242	0.0077	0.0012	0.0001	0.0022	0.0000	0.1066	-0.4374	-0.0041	11.5083	5.9981	19.4752	11.5875	0.9916	0.9916	0.0000	0.9916	0.9916	0.0000	0.0000	0.0000	0.0000	0.0113	0.0102	0.0011	0.0109	0.0102	0.0007	0.0004	0.0000	0.0004	0.4980	0.4348	0.0632	0.1393	0.1314	0.0079	0.3587	0.3033	0.0553	0.8344	0.5767	0.2577	0.5155	0.4210	0.0945	0.3189	0.1556	0.1633	147.3549	129.0783	0.0375	336.3465	312.0687	0.0000	0.0242	0.0000	0.0828	0.0135	0.0177	0.0042	0.0212	0.0242	0.0077	0.0012	0.0001	0.0022
4	43	0.7284	10	0	1	1	2	0	0	0	0	N	N	N	Y	N	N	N	N	N	N	N	N	0.7167	0.7286	0.0018	1.8109	1.8002	0.0230	0.0001	0.0000	0.0002	0.0090	0.0104	0.0000	0.0348	0.0374	0.0001	0.0000	0.0000	0.0000	0.0125	0.0143	0.0073	0.0192	0.0208	0.0038	0.0045	0.0017	0.0081	0.0002	0.1689	-0.0003	-0.0011	11.5083	1.0007	19.4752	2.4334	0.0007	0.0007	0.0000	0.0007	0.0007	0.0000	0.0000	0.0000	0.0000	0.0035	0.0030	0.0005	0.0029	0.0029	0.0001	0.0006	0.0001	0.0005	0.0811	0.0700	0.0111	0.0209	0.0195	0.0015	0.0602	0.0505	0.0097	0.2802	0.2103	0.0698	0.1529	0.1389	0.0140	0.1272	0.0714	0.0558	0.7167	0.7286	0.0018	1.8109	1.8002	0.0230	0.0001	0.0000	0.0002	0.0125	0.0143	0.0073	0.0192	0.0208	0.0038	0.0045	0.0017	0.0081
4	44	0.6912	9	0	0	0	2	0	0	0	0	N	N	N	Y	N	N	N	N	N	N	N	N	0.0643	0.0472	0.2081	0.2171	0.2056	0.2584	0.0165	0.0003	0.1842	0.0342	0.0290	0.0663	0.0937	0.0967	0.0544	0.0114	0.0003	0.0683	0.5315	0.6153	0.3187	0.4316	0.4702	0.2103	0.6917	1.0086	0.3708	0.3652	0.2040	-0.0005	-0.2399	11.5083	1.0391	19.4752	15.0482	0.0031	0.0023	0.0008	0.0023	0.0022	0.0001	0.0007	0.0000	0.0007	0.8303	0.6896	0.1407	0.4151	0.3850	0.0301	0.4152	0.3046	0.1105	0.0905	0.0780	0.0125	0.0250	0.0232	0.0018	0.0655	0.0548	0.0107	1.5621	1.1208	0.4413	0.9619	0.8187	0.1432	0.6002	0.3020	0.2982	0.0643	0.0472	0.2081	0.2171	0.2056	0.2584	0.0165	0.0003	0.1842	0.5315	0.6153	0.3187	0.4316	0.4702	0.2103	0.6917	1.0086	0.3708
4	45	0.5707	8	0	1	0	1	0	0	0	0	N	N	N	N	N	N	N	N	N	N	N	N	2.8390	1.0918	15529.6113	1.1739	0.0149	30172.3907	1.7343	0.4959	12210.7162	2.2147	1.2573	8.4941	0.1420	0.0022	2.5779	2.8288	1.6738	9.1065	0.7801	1.1516	0.0005	0.1210	0.1462	0.0001	1.6311	3.3752	0.0007	1.0299	0.0002	0.1344	-0.5157	11.5083	12.0036	19.4752	21.9053	2.0285	0.9993	1.0292	0.0297	0.0004	0.0293	1.9988	0.9989	0.9999	1.1257	1.1255	0.0003	0.0984	0.0984	0.0000	1.0273	1.0271	0.0002	0.9160	0.7948	0.1212	0.2094	0.1980	0.0114	0.7066	0.5968	0.1098	1.4431	0.9773	0.4658	0.8132	0.6730	0.1402	0.6298	0.3043	0.3255	2.8390	1.0918	15529.6113	1.1739	0.0149	30172.3907	1.7343	0.4959	12210.7162	0.7801	1.1516	0.0005	0.1210	0.1462	0.0001	1.6311	3.3752	0.0007
4	46	0.4852	12	1	1	0	1	0	0	0	0	N	N	N	N	N	N	N	N	N	N	N	N	0.0000	0.0000	0.0000	0.0000	0.0000	0.0000	0.0000	0.0000	0.0000	0.0000	0.0000	0.0000	0.0000	0.0000	0.0000	0.0000	0.0000	0.0000	0.0249	0.0337	0.0089	0.0569	0.0630	0.0157	0.0039	0.0000	0.0078	0.1465	0.0000	-0.0015	11.5083	2.0120	19.4752	1.9924	0.0000	0.0000	0.0000	0.0000	0.0000	0.0000	0.0000	0.0000	0.0000	0.0045	0.0039	0.0006	0.0041	0.0039	0.0001	0.0004	0.0000	0.0004	0.1646	0.1413	0.0233	0.0377	0.0355	0.0021	0.1270	0.1058	0.0212	0.1810	0.1164	0.0646	0.0716	0.0623	0.0093	0.1094	0.0541	0.0553	0.0000	0.0000	0.0000	0.0000	0.0000	0.0000	0.0000	0.0000	0.0000	0.0249	0.0337	0.0089	0.0569	0.0630	0.0157	0.0039	0.0000	0.0078	
4	47	0.6753	14	1	1	0	1	0	0	0	0	N	N	N	N	N	N	N	N	N	N	N	N	0.0000	0.0000	0.0000	0.0000	0.0000	0.0000	0.0000	0.0000	0.0000	0.0000	0.0000	0.0000	0.0000	0.0000	0.0000	0.0000	0.0000	0.0000	0.0082	0.0122	0.0000	0.0144	0.0174	0.0000	0.0000	0.0000	0.0000	0.0003	0.0000	-0.0006	11.5083	0.0002	19.4752	4.0036	0.0000	0.0000	0.0000	0.0000	0.0000	0.0000	0.0000	0.0000	0.0000	0.0014	0.0014	0.0000	0.0014	0.0014	0.0000	0.0000	0.0000	0.0000	0.0000	0.0000	0.0000	0.0000	0.0000	0.0000	0.0000	0.0000	0.0000	0.1697	0.1147	0.0550	0.0970	0.0800	0.0170	0.0727	0.0347	0.0380	0.0000	0.0000	0.0000	0.0000	0.0000	0.0000	0.0000	0.0000	0.0000	0.0082	0.0122	0.0000	0.0144	0.0174	0.0000	0.0000	0.0000	0.0000	
4	48	0.5707	8	0	1	0	2	0	0	0	0	N	N	N	Y	N	N	N	N	N	N	N	N	0.0007	0.0004	0.0025	0.0000	0.0000	0.0000	0.0010	0.0006	0.0036	0.0017	0.0009	0.0071	0.0000	0.0000	0.0000	0.0023	0.0012	0.0079	2.5086	2.3295	2.8875	2.7903	2.4246	4.6102	2.1625	2.1312	2.1927	1.1899	0.5857	0.0001	-0.4827	11.5083	6.0036	19.4752	51.7820	0.0008	0.0004	0.0004	0.0000	0.0000	0.0000	0.0008	0.0004	0.0004	5.4230	3.4199	2.0031	3.3252	2.4059	0.9192	2.0978	1.0140	1.0839	0.4645	0.4026	0.0619	0.1067	0.1009	0.0058	0.3578	0.3017	0.0561	2.1618	1.4681	0.6937	1.1917	0.9923	0.1994	0.9701	0.4758	0.4943	0.0007	0.0004	0.0025	0.0000	0.0000	0.0000	0.0010	0.0006	0.0036	2.5086	2.3295	2.8875	2.7903	2.4246	4.6102	2.1625	2.1312	2.1927
4	49	0.5707	8	1	1	0	1	0	0	0	0	N	N	N	N	N	N	N	N	N	N	N	N	0.0005	0.0445	0.0000	0.0027	0.1238	0.0000	0.0000	0.0000	0.0000	0.0009	0.0010	0.0000	0.0038	0.0041	0.0000	0.0000	0.0000	0.0000	1.6751	0.0229	5.1536	1.4155	0.0328	8.1426	2.0049	0.0013	3.8952	0.0000	106.8803	-0.0002	1.4695	11.5083	5.9964	19.4752	34.6547	0.0004	0.0004	0.0000	0.0004	0.0004	0.0000	0.0000	0.0000	0.0000	2.7603	0.0256	2.7348	1.3053	0.0251	1.2802	1.4550	0.0005	1.4546	0.4639	0.4022	0.0618	0.1066	0.1008	0.0058	0.3574	0.3014	0.0560	1.6479	1.1172	0.5307	0.9221	0.7649	0.1572	0.7258	0.3523	0.3734	0.0005	0.0445	0.0000	0.0027	0.1238	0.0000	0.0000	0.0000	0.0000	1.6751	0.0229	5.1536	1.4155	0.0328	8.1426	2.0049	0.0013	3.8952
4	50	0.6603	9	0	0	1	1	0	0	0	0	N	N	N	N	N	N	N	N	N	N	N	N	0.5195	0.5965	0.4533	1.7523	1.6399	2.1084	0.1973	0.2024	0.3192	0.7522	0.7299	0.9024	1.5461	1.5818	1.0049	0.4485	0.3684	0.8867	1.4480	1.2237	1.9909	0.8823	0.9646	0.4766	2.2734	1.8204	2.7778	0.1829	0.6723	-0.5166	-0.2671	11.5083	31.2093	19.4752	46.3939	1.8032	1.5244	0.2788	1.0255	0.9843	0.0412	0.7777	0.5401	0.2376	4.7394	2.8341	1.9053	1.7136	1.5577	0.1560	3.0258	1.2764	1.7494	2.3973	2.0884	0.3090	0.6633	0.6223	0.0410	1.7340	1.4661	0.2680	3.2731	2.3161	0.9570	1.9421	1.6149	0.3272	1.3310	0.7012	0.6298	0.5195	0.5965	0.4533	1.7523	1.6399	2.1084	0.1973	0.2024	0.3192	1.4480	1.2237	1.9909	0.8823	0.9646	0.4766	2.2734	1.8204	2.7778
4	51	0.6075	9	0	1	0	1	0	0	0	0	N	N	N	N	N	N	N	N	N	N	N	N	0.0049	0.0057	0.0000	0.0093	0.0103	0.0000	0.0051	0.2594	0.0000	0.0003	0.0004	0.0000	0.0009	0.0010	0.0000	0.0001	0.0001	0.0000	0.0700	0.0698	0.0708	0.0996	0.0947	0.1267	0.0216	0.0005	0.0427	0.0002	0.4052	-0.0001	-0.0146	11.5083	4.1516	19.4752	14.5664	0.0001	0.0001	0.0000	0.0001	0.0001	0.0000	0.0000	0.0000	0.0000	0.0861	0.0612	0.0248	0.0760	0.0611	0.0149	0.0101	0.0001	0.0100	0.3777	0.3299	0.0478	0.1083	0.1031	0.0053	0.2694	0.2268	0.0425	1.2287	0.8779	0.3508	0.7628	0.6455	0.1173	0.4659	0.2324	0.2335	0.0049	0.0057	0.0000	0.0093	0.0103	0.0000	0.0051	0.2594	0.0000	0.0700	0.0698	0.0708	0.0996	0.0947	0.1267	0.0216	0.0005	0.0427
4	52	0.6880	11	1	0	1	1	0	0	0	0	N	N	N	N	N	N	N	N	N	N	N	N	0.0004	0.0000	0.0011	0.0104	0.0000	0.1047	0.0001	0.0000	0.0002	0.0001	0.0000	0.0013	0.0003	0.0000	0.0143	0.0001	0.0000	0.0004	0.3724	0.0398	1.1840	0.0252	0.0091	0.1364	0.8484	0.1157	1.5345	inf	12.1943	0.0000	0.0118	11.5083	0.0028	19.4752	0.9232	0.0000	0.0000	0.0000	0.0000	0.0000	0.0000	0.0000	0.0000	0.0000	0.0253	0.0019	0.0234	0.0010	0.0003	0.0007	0.0243	0.0016	0.0227	0.0007	0.0006	0.0001	0.0003	0.0003	0.0000	0.0004	0.0003	0.0001	0.0679	0.0482	0.0197	0.0393	0.0343	0.0050	0.0287	0.0139	0.0148	0.0004	0.0000	0.0011	0.0104	0.0000	0.1047	0.0001	0.0000	0.0002	0.3724	0.0398	1.1840	0.0252	0.0091	0.1364	0.8484	0.1157	1.5345
4	56	0.6912	9	0	1	0	1	0	0	0	0	N	N	N	N	N	N	N	N	N	N	N	N	0.0471	0.0749	0.0000	0.1810	0.1896	0.0000	0.0001	0.0009	0.0000	0.0667	0.0773	0.0000	0.2402	0.2583	0.0000	0.0001	0.0001	0.0000	1.4149	1.0319	2.3754	1.3267	1.3622	1.1253	1.5513	0.1732	2.9610	0.0000	0.9179	-0.0025	0.0498	11.5083	0.9891	19.4752	20.6926	0.0058	0.0058	0.0000	0.0058	0.0058	0.0000	0.0000	0.0000	0.0000	2.4619	1.2837	1.1783	1.4019	1.2238	0.1781	1.0601	0.0599	1.0002	0.0865	0.0746	0.0119	0.0240	0.0223	0.0017	0.0625	0.0523	0.0102	1.7400	1.2440	0.4960	1.0566	0.8984	0.1582	0.6834	0.3456	0.3378	0.0471	0.0749	0.0000	0.1810	0.1896	0.0000	0.0001	0.0009	0.0000	1.4149	1.0319	2.3754	1.3267	1.3622	1.1253	1.5513	0.1732	2.9610
4	57	0.5707	8	0	0	0	1	0	0	0	0	N	N	N	N	N	N	N	N	N	N	N	N	0.0628	0.1195	0.0000	0.2898	0.4225	0.0000	0.0005	0.0013	0.0000	0.1560	0.1800	0.0000	0.6742	0.7129	0.0000	0.0012	0.0015	0.0000	2.4851	1.5056	4.5503	2.3263	1.6872	5.4553	2.6851	1.1152	4.1736	0.0000	1.4332	-0.0269	0.5730	11.5083	5.0326	19.4752	39.3193	0.0610	0.0610	0.0000	0.0606	0.0606	0.0000	0.0004	0.0004	0.0000	4.3858	1.8025	2.5834	2.2890	1.3786	0.9104	2.0968	0.4238	1.6730	0.3912	0.3391	0.0522	0.0899	0.0851	0.0049	0.3013	0.2540	0.0473	1.7649	1.1971	0.5677	0.9840	0.8171	0.1669	0.7809	0.3800	0.4009	0.0628	0.1195	0.0000	0.2898	0.4225	0.0000	0.0005	0.0013	0.0000	2.4851	1.5056	4.5503	2.3263	1.6872	5.4553	2.6851	1.1152	4.1736
4	58	0.5707	8	0	1	0	2	0	0	0	0	N	N	N	Y	N	N	N	N	N	N	N	N	0.0010	0.0010	0.0000	0.0233	0.1116	0.0000	0.0000	0.0000	0.0000	0.0007	0.0008	0.0000	0.0030	0.0032	0.0000	0.0000	0.0000	0.0000	0.6621	0.8190	0.3316	0.1295	0.0286	0.6215	1.3371	2.5301	0.2099	0.0009	0.1922	-0.0001	-0.3310	11.5083	5.0036	19.4752	36.7244	0.0003	0.0003	0.0000	0.0003	0.0003	0.0000	0.0000	0.0000	0.0000	1.1139	0.9343	0.1796	0.1218	0.0223	0.0995	0.9921	0.9120	0.0801	0.3890	0.3372	0.0519	0.0894	0.0846	0.0049	0.2996	0.2526	0.0470	1.6823	1.1407	0.5416	0.9404	0.7803	0.1601	0.7419	0.3605	0.3815	0.0010	0.0010	0.0000	0.0233	0.1116	0.0000	0.0000	0.0000	0.0000	0.6621	0.8190	0.3316	0.1295	0.0286	0.6215	1.3371	2.5301	0.2099
4	59	0.2213	5	0	1	0	2	0	0	0	0	N	N	N	Y	N	N	N	N	N	N	N	N	0.0866	0.0537	14.7776	0.8846	0.8452	0.3285	0.0207	0.0034	16.4524	0.0235	0.0225	0.0286	0.0740	0.0775	0.0009	0.0086	0.0031	0.0304	0.2714	0.4191	0.0019	0.0837	0.0917	0.0026	0.4151	0.9317	0.0018	0.2507	0.0025	-0.0067	-0.3964	11.5083	10.4254	19.4752	21.2017	0.0279	0.0223	0.0056	0.0200	0.0200	0.0000	0.0079	0.0023	0.0056	0.8695	0.8673	0.0022	0.1162	0.1159	0.0003	0.7533	0.7515	0.0019	1.1859	0.9903	0.1956	0.2701	0.2577	0.0123	0.9158	0.7326	0.1832	3.2033	2.0696	1.1337	1.3883	1.2630	0.1252	1.8150	0.8066	1.0084	0.0866	0.0537	14.7776	0.8846	0.8452	0.3285	0.0207	0.0034	16.4524	0.2714	0.4191	0.0019	0.0837	0.0917	0.0026	0.4151	0.9317	0.0018
4	60	0.6880	11	1	0	1	1	0	0	0	0	N	N	N	N	N	N	N	N	N	N	N	N	0.0001	0.0001	0.0012	0.0003	0.0003	0.0000	0.0000	0.0000	0.0010	0.0004	0.0004	0.0000	0.0013	0.0014	0.0000	0.0000	0.0000	0.0000	2.5221	3.6305	0.0010	4.2040	4.9832	0.0000	0.0243	0.0498	0.0014	0.0004	0.0001	-0.0000	-0.2964	11.5083	1.9981	19.4752	3.0867	0.0001	0.0001	0.0000	0.0001	0.0001	0.0000	0.0000	0.0000	0.0000	0.6469	0.6468	0.0001	0.6444	0.6444	0.0000	0.0025	0.0024	0.0001	0.1679	0.1461	0.0219	0.0446	0.0420	0.0026	0.1233	0.1040	0.0193	0.2565	0.1782	0.0783	0.1533	0.1293	0.0240	0.1032	0.0488	0.0544	0.0001	0.0001	0.0012	0.0003	0.0003	0.0000	0.0000	0.0000	0.0010	2.5221	3.6305	0.0010	4.2040	4.9832	0.0000	0.0243	0.0498	0.0014
4	61	0.6447	10	1	0	1	1	0	0	0	0	N	N	N	N	N	N	N	N	N	N	N	N	0.0136	0.0114	0.0133	0.0315	0.0274	0.0000	0.0034	0.0056	0.0101	0.0059	0.0066	0.0016	0.0203	0.0216	0.0000	0.0003	0.0000	0.0019	0.4360	0.5757	0.1234	0.6452	0.7858	0.0171	0.0988	0.0087	0.1847	0.0363	0.0958	-0.0008	-0.1381	11.5083	4.0039	19.4752	14.0733	0.0020	0.0019	0.0001	0.0019	0.0019	0.0000	0.0001	0.0000	0.0001	0.3722	0.3397	0.0325	0.3400	0.3383	0.0017	0.0323	0.0014	0.0309	0.3357	0.2930	0.0427	0.0942	0.0889	0.0053	0.2415	0.2041	0.0373	0.8537	0.5900	0.2636	0.5269	0.4305	0.0964	0.3268	0.1595	0.1673	0.0136	0.0114	0.0133	0.0315	0.0274	0.0000	0.0034	0.0056	0.0101	0.4360	0.5757	0.1234	0.6452	0.7858	0.0171	0.0988	0.0087	0.1847
4	62	0.6641	11	1	0	1	1	0	0	0	0	N	N	N	N	N	N	N	N	N	N	N	N	0.1121	0.0950	0.0000	1.3617	1.4134	0.0000	0.0006	0.0004	0.0000	0.1128	0.1369	0.0000	0.1950	0.2343	0.0000	0.0013	0.0016	0.0000	1.0064	1.4413	0.1310	0.1432	0.1658	0.0208	2.1192	4.5934	0.1705	0.0000	0.0452	-0.0002	-0.3245	11.5083	0.0060	19.4752	17.2393	0.0003	0.0003	0.0000	0.0003	0.0003	0.0000	0.0000	0.0000	0.0000	0.7817	0.7479	0.0338	0.0627	0.0612	0.0014	0.7190	0.6867	0.0324	0.0031	0.0025	0.0005	0.0018	0.0015	0.0003	0.0013	0.0011	0.0002	0.7767	0.5189	0.2578	0.4374	0.3694	0.0680	0.3393	0.1495	0.1898	0.1121	0.0950	0.0000	1.3617	1.4134	0.0000	0.0006	0.0004	0.0000	1.0064	1.4413	0.1310	0.1432	0.1658	0.0208	2.1192	4.5934	0.1705
4	63	0.6075	9	0	0	1	1	0	0	0	0	N	N	N	N	N	N	N	N	N	N	N	N	0.0000	0.0002	0.0000	0.0001	0.0004	0.0000	0.0000	0.0000	0.0000	0.0000	0.0000	0.0000	0.0000	0.0000	0.0000	0.0000	0.0000	0.0000	0.8605	0.0083	3.0784	0.0304	0.0081	0.1553	2.3344	0.0089	4.6457	0.1056	142.7018	-0.0000	0.4704	11.5083	1.0230	19.4752	12.1924	0.0000	0.0000	0.0000	0.0000	0.0000	0.0000	0.0000	0.0000	0.0000	0.8798	0.0061	0.8736	0.0199	0.0045	0.0154	0.8599	0.0016	0.8582	0.1267	0.1119	0.0148	0.0474	0.0456	0.0019	0.0793	0.0664	0.0129	1.0224	0.7386	0.2838	0.6541	0.5550	0.0991	0.3684	0.1836	0.1847	0.0000	0.0002	0.0000	0.0001	0.0004	0.0000	0.0000	0.0000	0.0000	0.8605	0.0083	3.0784	0.0304	0.0081	0.1553	2.3344	0.0089	4.6457
4	64	0.5707	8	0	0	0	1	0	0	0	0	N	N	N	N	N	N	N	N	N	N	N	N	0.0002	0.0130	0.0001	0.0004	0.0328	0.0000	0.0006	0.0097	0.0011	0.0003	0.0003	0.0004	0.0009	0.0010	0.0000	0.0001	0.0001	0.0004	1.3249	0.0231	3.9770	2.1086	0.0292	12.2525	0.2108	0.0082	0.3903	0.2039	84.3623	-0.0000	0.5120	11.5083	2.4556	19.4752	12.4191	0.0001	0.0001	0.0000	0.0000	0.0000	0.0000	0.0000	0.0000	0.0000	0.9663	0.0113	0.9549	0.9028	0.0102	0.8926	0.0635	0.0012	0.0623	0.1936	0.1677	0.0259	0.0447	0.0423	0.0024	0.1489	0.1254	0.0235	0.7293	0.4892	0.2401	0.4281	0.3477	0.0804	0.3012	0.1415	0.1597	0.0002	0.0130	0.0001	0.0004	0.0328	0.0000	0.0006	0.0097	0.0011	1.3249	0.0231	3.9770	2.1086	0.0292	11.1023	0.2108	0.0082	0.3903
4	65	0.6931	10	0	1	0	1	0	0	0	0	N	N	N	N	N	N	N	N	N	N	N	N	0.1077	0.0907	0.0012	0.2266	0.1993	0.0000	0.0008	0.0060	0.0009	0.0630	0.0719	0.0001	0.2121	0.2249	0.0000	0.0000	0.0000	0.0001	0.5853	0.7931	0.0591	0.9358	1.1286	0.0112	0.0420	0.0041	0.0873	0.0001	0.0295	-0.0046	-0.1850	11.5083	1.7555	19.4752	11.9300	0.0105	0.0105	0.0000	0.0105	0.0105	0.0000	0.0000	0.0000	0.0000	0.4306	0.4183	0.0123	0.4185	0.4176	0.0009	0.0121	0.0007	0.0115	0.1668	0.1462	0.0206	0.0496	0.0467	0.0028	0.1172	0.0994	0.0178	0.7357	0.5273	0.2084	0.4472	0.3700	0.0771	0.2885	0.1573	0.1312	0.1077	0.0907	0.0012	0.2266	0.1993	0.0000	0.0008	0.0060	0.0009	0.5853	0.7931	0.0591	0.9358	1.1286	0.0112	0.0420	0.0041	0.0873
4	66	0.6721	12	1	1	1	1	0	0	0	0	N	N	N	N	N	N	N	N	N	N	N	N	0.0000	0.0000	0.0000	0.0000	0.0000	0.0000	0.0000	0.0000	0.0000	0.0000	0.0000	0.0000	0.0000	0.0000	0.0000	0.0000	0.0000	0.0000	0.0000	0.0000	11.5083	0.0000	19.4752	0.0000	0.0000	0.0000	0.0000	0.0000	0.0000	0.0000	0.0000	0.0000	0.0000	0.0000	0.0000	0.0000	0.0000	0.0000	0.0000	0.0000	0.0000	0.0000	0.0000	0.0000	0.0000	0.0000	0.0000	0.0000	0.0000	0.0000	0.0000	0.0000	0.0000	0.0000	0.0000	0.0000	0.0000	0.0000	0.0000	0.0000	0.0000	0.0000	0.0000	0.0000	0.0000	0.0000	0.0000	0.0000	0.0000	0.0000	0.0000	0.0000	0.0000	0.0000	0.0000	0.0000	0.0000	0.0000											
4	67	0.6098	11	1	1	1	1	0	0	0	0	N	N	N	N	N	N	N	N	N	N	N	N	23.2184	17.4310	5494.1334	5071.7210	0.0000	0.0000	14.4116	16.6112	0.0000	51.1428	53.9427	0.0000	0.0000	0.0000	0.0000	0.6207	0.9530	0.0000	0.0093	0.0106	0.0000	1.0382	2.0829	0.0000	0.0000	0.0000	-0.4349	-0.0399	11.5083	1.0000	19.4752	3.0000	0.9860	0.9860	0.0000	0.9860	0.9860	0.0000	0.0000	0.0000	0.0000	0.0871	0.0871	0.0000	0.0005	0.0005	0.0000	0.0866	0.0866	0.0000	0.0684	0.0594	0.0091	0.0193	0.0183	0.0010	0.0491	0.0411	0.0081	0.1403	0.0914	0.0489	0.0569	0.0498	0.0071	0.0834	0.0416	0.0418	23.2184	17.4310	0.0000	5494.1334	5071.7210	0.0000	0.0000	0.0000	0.0000	0.6207	0.9530	0.0000	0.0093	0.0106	0.0000	1.0382	2.0829	0.0000			
4	68	0.6721	12	1	1	1	1	0	0	0	0	N	N	N	N	N	N	N	N	N	N	N	N	inf	inf	inf	inf	0.0321	0.0368	0.0000	0.1222	0.1295	0.0000	0.0000	0.0000	0.0000	0.0000	0.0000	0.0000	0.0000	0.0000	0.0000	0.0000	0.0000	0.0000	0.0000	-0.0012	0.0000	11.5083	1.0000	19.4752	0.0000	0.0027	0.0027	0.0000	0.0027	0.0027	0.0000	0.0000	0.0000	0.0000	0.0000	0.0000	0.0000	0.0000	0.0000	0.0000	0.0000	0.0000	0.0000	0.0841	0.0733	0.0108	0.0221	0.0208	0.0012	0.0620	0.0524	0.0096	0.0451	0.0303	0.0147	0.0253	0.0209	0.0044	0.0198	0.0095	0.0103	inf	inf	0.0000	inf	inf	0.0000	0.0000	0.0000	0.0000	0.0000	0.0000	0.0000	0.0000	0.0000	0.0000	0.0000	0.0000	0.0000						
4	69	0.6557	11	1	1	1	1	0	0	0	0	N	N	N	N	N	N	N	N	N	N	N	N	0.0076	0.0000	152.5712	0.0015	0.0000	141.8930	0.4232	0.0000	145.5145	0.0115	0.0000	0.0827	0.0035	0.0000	0.0695	0.0146	0.0000	0.0842	1.5208	2.1658	0.0005	2.3998	2.9840	0.0005	0.0346	0.0648	0.0006	767547.8572	0.0001	0.0006	-0.2778	11.5083	1.0155	19.4752	5.9708	0.0011	0.0000	0.0011	0.0001	0.0000	0.0001	0.0010	0.0000	0.0010	0.6061	0.6061	0.0001	0.6010	0.6010	0.0000	0.0051	0.0051	0.0000	0.0935	0.0805	0.0130	0.0263	0.0250	0.0013	0.0671	0.0555	0.0117	0.3986	0.2798	0.1187	0.2504	0.2014	0.0490	0.1481	0.0784	0.0697	0.0076	0.0000	152.5712	0.0015	0.0000	141.8930	0.4232	0.0000	145.5145	1.5208	2.1658	0.0005	2.3998	2.9840	0.0005	0.0346	0.0648	0.0006
4	70	0.6509	10	1	0	1	1	0	0	0	0	N	N	N	N	N	N	N	N	N	N	N	N	0.4070	0.2315	1.8997	0.6976	0.6628	1.8752	0.2067	0.0002	7.9408	0.1765	0.1204	0.3974	0.2375	0.2265	0.6305	0.1295	0.0002	0.3829	0.4338	0.5201	0.2092	0.3404	0.3417	0.3363	0.6267	0.9750	0.0482	0.8392	0.1547	0.0000	-0.0518	11.5083	0.0406	19.4752	2.3361	0.0020	0.0011	0.0009	0.0012	0.0011	0.0001	0.0008	0.0000	0.0008	0.1597	0.1383	0.0214	0.0845	0.0652	0.0192	0.0752	0.0731	0.0022	0.0113	0.0090	0.0023	0.0049	0.0048	0.0001	0.0064	0.0042	0.0022	0.3682	0.2659	0.1023	0.2481	0.1910	0.0572	0.1200	0.0749	0.0451	0.4070	0.2315	1.8997	0.6976	0.6628	1.8752	0.2067	0.0002	7.9408	0.4338	0.5201	0.2092	0.3404	0.3417	0.3363	0.6267	0.9750	0.0482
4	71	0.6098	11	1	1	1	1	0	0	0	0	N	N	N	N	N	N	N	N	N	N	N	N	0.0000	0.0000	0.0000	0.0000	0.0000	0.0000	0.0000	0.0000	0.0000	0.0000	0.0000	0.0000	0.0000	0.0000	0.0000	0.0000	0.0000	0.0000	0.0000	0.0000	11.5083	0.0000	19.4752	0.0000	0.0000	0.0000	0.0000	0.0000	0.0000	0.0000	0.0000	0.0000	0.0000	0.0000	0.0000	0.0000	0.0000	0.0000	0.0000	0.0000	0.0000	0.0000	0.0000	0.0000	0.0000	0.0000	0.0000	0.0000	0.0000	0.0000	0.0000	0.0000	0.0000	0.0000	0.0000	0.0000	0.0000	0.0000	0.0000	0.0000	0.0000	0.0000	0.0000	0.0000	0.0000	0.0000	0.0000	0.0000	0.0000	0.0000	0.0000	0.0000	0.0000	0.0000	0.0000	0.0000	0.0000	0.0000											
4	72	0.5917	10	1	1	1	1	0	0	0	0	N	N	N	N	N	N	N	N	N	N	N	N	11.8955	13.5922	6.4818	36.0910	38.6083	0.1149	1.5244	0.0295	7.2772	0.0119	0.0126	0.0075	0.0396	0.0416	0.0001	0.0014	0.0000	0.0083	0.0010	0.0009	0.0012	0.0011	0.0011	0.0012	0.0009	0.0007	0.0011	0.0924	0.5859	-0.0013	-0.0000	11.5083	3.9057	19.4752	1.1104	0.0036	0.0033	0.0003	0.0033	0.0033	0.0000	0.0003	0.0000	0.0003	0.0002	0.0001	0.0001	0.0001	0.0001	0.0000	0.0001	0.0000	0.0001	0.2997	0.2596	0.0401	0.0822	0.0782	0.0039	0.2175	0.1813	0.0361	0.2250	0.1534	0.0716	0.1007	0.0878	0.0129	0.1243	0.0656	0.0587	11.8955	13.5922	6.4818	36.0910	38.6083	0.1149	1.5244	0.0295	7.2772	0.0010	0.0009	0.0012	0.0011	0.0011	0.0012	0.0009	0.0007	0.0011
4	73	0.3890	8	1	1	0	1	0	0	0	0	N	N	N	N	N	N	N	N	N	N	N	N	0.0058	0.0017	0.3346	0.0023	0.0021	0.0105	0.0059	0.0012	0.3427	0.0047	0.0020	0.0244	0.0009	0.0009	0.0002	0.0068	0.0027	0.0277	0.8157	1.1763	0.0730	0.3767	0.4140	0.0194	1.1539	2.2519	0.0808	1.7023	0.0301	0.0008	-0.5460	11.5083	6.9070	19.4752	16.5673	0.0043	0.0016	0.0027	0.0003	0.0003	0.0000	0.0040	0.0013	0.0027	1.2724	1.2352	0.0372	0.2557	0.2544	0.0012	1.0167	0.9808	0.0360	0.9050	0.7954	0.1096	0.3211	0.3082	0.0129	0.5839	0.4872	0.0967	1.5599	1.0500	0.5098	0.6788	0.6145	0.0643	0.8811	0.4355	0.4456	0.0058	0.0017	0.3346	0.0023	0.0021	0.0105	0.0059	0.0012	0.3427	0.8157	1.1763	0.0730	0.3767	0.4140	0.0194	1.1539	2.2519	0.0808
4	74	0.2122	4	0	1	0	2	0	0	0	0	N	N	N	Y	N	N	N	N	N	N	N	N	0.0011	0.0041	0.0005	0.0162	0.0163	0.0083	0.0001	0.0000	0.0005	0.0008	0.0008	0.0008	0.0049	0.0053	0.0004	0.0001	0.0000	0.0008	0.6924	0.1836	1.4879	0.3060	0.3228	0.0440	0.9101	0.0097	1.5732	0.1726	5.1829	-0.0001	0.5031	11.5083	6.4226	19.4752	19.3377	0.0004	0.0004	0.0001	0.0004	0.0004	0.0000	0.0001	0.0000	0.0001	1.3242	0.2142	1.1100	0.2109	0.2091	0.0018	1.1132	0.0051	1.1082	0.5604	0.4770	0.0834	0.0736	0.0689	0.0047	0.4868	0.4081	0.0787	1.9125	1.1665	0.7460	0.6894	0.6477	0.0416	1.2232	0.5188	0.7044	0.0011	0.0041	0.0005	0.0162	0.0163	0.0083	0.0001	0.0000	0.0005	0.6924	0.1836	1.4879	0.3060	0.3228	0.0440	0.9101	0.0097	1.5732
4	75	0.1670	3	0	0	0	2	0	0	0	0	N	N	N	Y	N	N	N	N	N	N	N	N	0.1133	0.0712	0.2956	0.2181	0.2024	4.9021	0.0951	0.0019	0.2748	0.0518	0.0293	0.1575	0.1346	0.1308	0.4557	0.0328	0.0000	0.1537	0.4575	0.4121	0.5326	0.6170	0.6461	0.0930	0.3449	0.0142	0.5594	1.1418	0.7828	0.0028	-0.0241	11.5083	5.1932	19.4752	17.4397	0.0299	0.0140	0.0160	0.0145	0.0140	0.0006	0.0154	0.0000	0.0154	1.2514	0.7020	0.5495	0.6985	0.6930	0.0055	0.5529	0.0090	0.5440	0.5774	0.4761	0.1013	0.1080	0.1067	0.0013	0.4694	0.3693	0.1001	2.7352	1.7034	1.0318	1.1320	1.0726	0.0594	1.6031	0.6308	0.9723	0.1133	0.0712	0.2956	0.2181	0.2024	4.9021	0.0951	0.0019	0.2748	0.4575	0.4121	0.5326	0.6170	0.6461	0.0930	0.3449	0.0142	0.5594
4	77	0.6666	11	0	0	0	2	0	0	0	0	N	N	N	Y	N	N	N	N	N	N	N	N	0.0998	0.0000	0.7069	0.0028	0.0000	1.6690	0.1801	0.0000	0.5571	0.0208	0.0000	0.1588	0.0007	0.0000	0.0214	0.0299	0.0000	0.1699	0.2088	0.2013	0.2247	0.2407	0.2821	0.0128	0.1660	0.0003	0.3050	inf	0.5255	0.0005	-0.0214	11.5083	0.3745	19.4752	14.7996	0.0009	0.0000	0.0009	0.0000	0.0000	0.0000	0.0008	0.0000	0.0008	0.1875	0.1229	0.0646	0.1239	0.1228	0.0010	0.0636	0.0001	0.0636	0.0412	0.0358	0.0054	0.0128	0.0124	0.0004	0.0284	0.0234	0.0050	0.8978	0.6104	0.2875	0.5145	0.4355	0.0790	0.3834	0.1749	0.2085	0.0998	0.0000	0.7069	0.0028	0.0000	1.6690	0.1801	0.0000	0.5571	0.2088	0.2013	0.2247	0.2407	0.2821	0.0128	0.1660	0.0003	0.3050
4	78	0.6443	10	0	0	0	2	0	0	0	0	N	N	N	Y	N	N	N	N	N	N	N	N	0.5617	0.0000	3.0973	0.0043	0.0000	2.3030	0.7462	0.0195	2.4846	1.7488	0.0001	13.3807	0.0130	0.0001	0.2704	2.4043	0.0001	14.8445	3.1134	2.5648	4.3201	3.0361	3.5561	0.1174	3.2219	0.0044	5.9746	22046.1389	0.7658	0.1293	-0.0601	11.5083	1.4595	19.4752	10.3922	0.2314	0.0000	0.2314	0.0005	0.0000	0.0005	0.2309	0.0000	0.2309	2.4348	1.3789	1.0560	1.3863	1.3782	0.0081	1.0485	0.0007	1.0479	0.1323	0.1150	0.0173	0.0363	0.0345	0.0017	0.0961	0.0805	0.0156	0.7821	0.5376	0.2444	0.4566	0.3876	0.0690	0.3254	0.1501	0.1754	0.5617	0.0000	3.0973	0.0043	0.0000	2.3030	0.7462	0.0195	2.4846	3.1134	2.5648	4.3201	3.0361	3.5561	0.1174	3.2219	0.0044	5.9746
4	79	0.6302	9	0	0	0	2	0	0	0	0	N	N	N	Y	N	N	N	N	N	N	N	N	0.0184	0.0021	0.0749	0.0040	0.0039	0.0040	0.0199	0.0083	0.0666	0.0087	0.0007	0.0614	0.0017	0.0017	0.0011	0.0111	0.0003	0.0687	0.4752	0.3256	0.8194	0.4152	0.4392	0.2744	0.5594	0.0390	1.0322	13.3903	1.0944	0.0005	0.0172	11.5083	1.3861	19.4752	6.3168	0.0010	0.0001	0.0009	0.0000	0.0000	0.0000	0.0010	0.0000	0.0009	0.2677	0.1278	0.1399	0.1366	0.1235	0.0132	0.1311	0.0043	0.1267	0.1151	0.0999	0.0152	0.0292	0.0275	0.0017	0.0859	0.0724	0.0136	0.5633	0.3926	0.1707	0.3290	0.2811	0.0479	0.2343	0.1115	0.1228	0.0184	0.0021	0.0749	0.0040	0.0039	0.0040	0.0199	0.0083	0.0666	0.4752	0.3256	0.8194	0.4152	0.4392	0.2744	0.5594	0.0390	1.0322
4	80	0.5707	8	0	0	0	2	0	0	0	0	N	N	N	Y	N	N	N	N	N	N	N	N	0.0008	0.0095	0.0002	0.0001	0.0007	0.0000	0.0008	0.1561	0.0003	0.0014	0.0014	0.0010	0.0001	0.0001	0.0000	0.0017	0.0018	0.0011	1.7910	0.1489	5.2021	1.4859	0.2083	7.3897	2.2002	0.0118	4.2026	0.1098	16.8227	-0.0001	0.9319	11.5083	4.0043	19.4752	19.8631	0.0004	0.0004	0.0000	0.0000	0.0000	0.0000	0.0004	0.0004	0.0000	1.9194	0.1077	1.8117	0.9122	0.1051	0.8071	1.0072	0.0026	1.0046	0.3130	0.2712	0.0418	0.0720	0.0681	0.0039	0.2409	0.2030	0.0379	1.0717	0.7234	0.3483	0.6139	0.5047	0.1092	0.4578	0.2187	0.2391	0.0008	0.0095	0.0002	0.0001	0.0007	0.0000	0.0008	0.1561	0.0003	1.7910	0.1489	5.2021	1.4859	0.2083	7.3897	2.2002	0.0118	4.2026
4	81	0.5444	10	0	1	1	1	0	0	0	0	N	N	N	N	N	N	N	N	N	N	N	N	0.0000	0.0000	0.0000	0.0103	0.0097	0.0000	0.0000	0.0000	0.0000	0.0001	0.0001	0.0000	0.0001	0.0001	0.0000	0.0000	0.0000	0.0000	3.0526	4.4787	0.0002	0.0139	0.0155	0.0006	5.6085	11.0492	0.0001	0.0000	0.0000	-0.0000	-0.4543	11.5083	2.0162	19.4752	4.5500	0.0000	0.0000	0.0000	0.0000	0.0000	0.0000	0.0000	0.0000	0.0000	0.9911	0.9910	0.0000	0.0021	0.0020	0.0000	0.9890	0.9890	0.0000	0.1992	0.1735	0.0257	0.0754	0.0716	0.0038	0.1238	0.1020	0.0219	0.3247	0.2213	0.1034	0.1483	0.1318	0.0166	0.1763	0.0895	0.0868	0.0000	0.0000	0.0000	0.0103	0.0097	0.0000	0.0000	0.0000	0.0000	3.0526	4.4787	0.0002	0.0139	0.0155	0.0006	5.6085	11.0492	0.0001
4	82	0.6787	12	0	1	1	1	0	0	0	0	N	N	N	N	N	N	N	N	N	N	N	N	0.0106	0.0002	18.7331	0.4173	0.0071	97.1423	0.0001	0.0000	0.3621	0.0003	0.0000	0.0025	0.0011	0.0000	0.0190	0.0000	0.0000	0.0000	0.0307	0.0442	0.0001	0.0027	0.0033	0.0002	0.0818	0.1683	0.0001	50.9850	0.0013	0.0000	-0.0056	11.5083	3.0011	19.4752	3.7015	0.0001	0.0000	0.0001	0.0001	0.0000	0.0001	0.0000	0.0000	0.0000	0.0123	0.0122	0.0000	0.0007	0.0007	0.0000	0.0116	0.0116	0.0000	0.2513	0.2194	0.0319	0.0722	0.0680	0.0042	0.1791	0.1514	0.0277	0.3995	0.2769	0.1227	0.2580	0.2082	0.0499	0.1415	0.0687	0.0728	0.0106	0.0002	18.7331	0.4173	0.0071	97.1423	0.0001	0.0000	0.3621	0.0307	0.0442	0.0001	0.0027	0.0033	0.0002	0.0818	0.1683	0.0001
4	83	0.6673	11	0	1	0	1	0	0	0	0	N	N	N	N	N	N	N	N	N	N	N	N	0.0008	0.0006	0.0858	0.0629	0.0513	0.2539	0.0000	0.0000	0.0552	0.0005	0.0005	0.0001	0.0017	0.0017	0.0002	0.0000	0.0000	0.0001	0.6406	0.9255	0.0012	0.0264	0.0340	0.0009	1.9568	3.7113	0.0015	0.0273	0.0006	-0.0000	-0.1398	11.5083	2.0032	19.4752	4.2039	0.0001	0.0001	0.0000	0.0001	0.0001	0.0000	0.0000	0.0000	0.0000	0.3054	0.3052	0.0002	0.0086	0.0085	0.0001	0.2968	0.2967	0.0001	0.1694	0.1479	0.0215	0.0487	0.0459	0.0028	0.1207	0.1020	0.0187	0.4767	0.3297	0.1469	0.3250	0.2498	0.0752	0.1517	0.0799	0.0717	0.0008	0.0006	0.0858	0.0629	0.0513	0.2539	0.0000	0.0000	0.0552	0.6406	0.9255	0.0012	0.0264	0.0340	0.0009	1.9568	3.7113	0.0015
4	84	0.6641	11	1	0	1	1	0	0	0	0	N	N	N	N	N	N	N	N	N	N	N	N	0.0047	0.0035	0.0000	0.0084	0.0079	0.0000	0.0039	0.0724	0.0000	0.0041	0.0047	0.0000	0.0132	0.0143	0.0000	0.0000	0.0000	0.0000	0.8809	1.3560	0.0117	1.5636	1.8083	0.0129	0.0073	0.0005	0.0114	0.0000	0.0047	-0.0002	-0.1380	11.5083	1.0052	19.4752	4.9545	0.0004	0.0004	0.0000	0.0004	0.0004	0.0000	0.0000	0.0000	0.0000	0.3041	0.3027	0.0014	0.3030	0.3027	0.0003	0.0011	0.0000	0.0011	0.0873	0.0758	0.0115	0.0270	0.0250	0.0021	0.0602	0.0509	0.0094	0.3452	0.2232	0.1220	0.1938	0.1674	0.0264	0.1514	0.0558	0.0956	0.0047	0.0035	0.0000	0.0084	0.0079	0.0000	0.0039	0.0724	0.0000	0.8809	1.3560	0.0117	1.5636	1.8083	0.0129	0.0073	0.0005	0.0114
4	85	0.6447	10	1	0	1	1	0	0	0	0	N	N	N	N	N	N	N	N	N	N	N	N	5.6362	4.5114	0.0000	13.2469	11.2951	0.0000	0.0000	0.0000	0.0000	0.7319	0.8384	0.0000	2.5740	2.7271	0.0000	0.0000	0.0000	0.0000	0.1299	0.1858	0.0062	0.1943	0.2414	0.0004	0.0177	0.0258	0.0101	0.0000	0.0152	-0.0275	-0.0270	11.5083	0.9968	19.4752	7.6169	0.0623	0.0623	0.0000	0.0623	0.0623	0.0000	0.0000	0.0000	0.0000	0.0609	0.0599	0.0009	0.0578	0.0578	0.0000	0.0030	0.0021	0.0009	0.0851	0.0743	0.0108	0.0242	0.0228	0.0014	0.0609	0.0515	0.0095	0.4686	0.3226	0.1461	0.2976	0.2394	0.0582	0.1711	0.0831	0.0879	5.6362	4.5114	0.0000	13.2469	11.2951	0.0000	0.0000	0.0000	0.0000	0.1299	0.1858	0.0062	0.1943	0.2414	0.0004	0.0177	0.0258	0.0101
4	86	0.6647	9	1	1	0	1	0	0	0	0	N	N	N	N	N	N	N	N	N	N	N	N	69.1346	0.0317	1925.2162	0.1192	0.0750	2.6079	520.4253	0.0000	3522.0770	1.6828	0.0010	12.4184	0.0043	0.0029	0.0347	2.3976	0.0000	13.7356	0.0243	0.0307	0.0065	0.0363	0.0393	0.0133	0.0046	0.0053	0.0039	1998.0695	0.0751	0.5545	-0.0110	11.5083	5.8060	19.4752	6.1034	0.9931	0.0005	0.9926	0.0008	0.0005	0.0003	0.9923	0.0000	0.9923	0.0284	0.0264	0.0020	0.0264	0.0252	0.0011	0.0020	0.0012	0.0009	0.5901	0.5102	0.0799	0.1763	0.1686	0.0077	0.4139	0.3416	0.0722	1.1659	0.8587	0.3072	0.7255	0.6421	0.0834	0.4404	0.2166	0.2238	69.1346	0.0317	1925.2162	0.1192	0.0750	2.6079	520.4253	0.0000	3522.0770	0.0243	0.0307	0.0065	0.0363	0.0393	0.0133	0.0046	0.0053	0.0039
4	87	0.5707	8	1	1	0	1	0	0	0	0	N	N	N	N	N	N	N	N	N	N	N	N	0.0717	0.0041	0.4338	0.2421	0.0041	16.7232	0.0158	0.0369	0.0441	0.0426	0.0022	0.3075	0.1591	0.0031	2.8771	0.0081	0.0019	0.0415	0.5936	0.5387	0.7088	0.6572	0.7584	0.1720	0.5115	0.0522	0.9405	21.1427	0.6272	0.0202	-0.0618	11.5083	12.2869	19.4752	21.7146	0.0393	0.0018	0.0375	0.0336	0.0006	0.0330	0.0057	0.0012	0.0046	0.8482	0.5213	0.3270	0.5295	0.5055	0.0239	0.3187	0.0157	0.3030	0.9231	0.8010	0.1221	0.2110	0.1995	0.0115	0.7121	0.6015	0.1106	1.4288	0.9676	0.4613	0.8056	0.6666	0.1391	0.6232	0.3010	0.3222	0.0717	0.0041	0.4338	0.2421	0.0041	16.7232	0.0158	0.0369	0.0441	0.5936	0.5387	0.7088	0.6572	0.7584	0.1720	0.5115	0.0522	0.9405
4	88	0.6673	11	0	1	0	1	0	0	0	0	N	N	N	N	N	N	N	N	N	N	N	N	0.0035	0.0032	0.0006	0.0080	0.0068	0.0201	0.0016	0.0034	0.0000	0.0002	0.0002	0.0000	0.0005	0.0006	0.0001	0.0000	0.0000	0.0000	0.0523	0.0645	0.0248	0.0661	0.0819	0.0055	0.0269	0.0144	0.0399	0.0102	0.1704	-0.0000	-0.0123	11.5083	4.0005	19.4752	9.0093	0.0001	0.0001	0.0000	0.0001	0.0000	0.0000	0.0000	0.0000	0.0000	0.0395	0.0337	0.0057	0.0323	0.0318	0.0006	0.0071	0.0019	0.0052	0.3346	0.2921	0.0425	0.0957	0.0902	0.0055	0.2389	0.2019	0.0370	0.7542	0.5227	0.2315	0.4895	0.3880	0.1015	0.2648	0.1347	0.1300	0.0035	0.0032	0.0006	0.0080	0.0068	0.0201	0.0016	0.0034	0.0000	0.0523	0.0645	0.0248	0.0661	0.0819	0.0055	0.0269	0.0144	0.0399
4	89	0.6447	10	0	1	0	1	0	0	0	0	N	N	N	N	N	N	N	N	N	N	N	N	0.2199	0.1747	0.0000	13.9912	12.6843	0.0000	0.0024	0.0014	0.0000	0.0228	0.0261	0.0000	0.0786	0.0833	0.0000	0.0007	0.0008	0.0000	0.1037	0.1496	0.0020	0.0056	0.0066	0.0016	0.2709	0.5546	0.0022	0.0000	0.0060	-0.0009	-0.0253	11.5083	1.0051	19.4752	9.2650	0.0020	0.0020	0.0000	0.0019	0.0019	0.0000	0.0000	0.0000	0.0000	0.0558	0.0555	0.0003	0.0019	0.0018	0.0001	0.0539	0.0537	0.0002	0.0858	0.0749	0.0109	0.0244	0.0230	0.0014	0.0614	0.0519	0.0095	0.5382	0.3709	0.1673	0.3392	0.2741	0.0651	0.1990	0.0968	0.1022	0.2199	0.1747	0.0000	13.9912	12.6843	0.0000	0.0024	0.0014	0.0000	0.1037	0.1496	0.0020	0.0056	0.0066	0.0016	0.2709	0.5546	0.0022
4	90	0.6931	10	0	0	1	1	0	0	0	0	N	N	N	N	N	N	N	N	N	N	N	N	4.5477	3.7968	0.0013	0.8094	0.8089	0.0000	2.4844	1.6496	0.0010	4.6031	5.2675	0.0001	0.0101	0.0107	0.0000	6.4675	7.6359	0.0001	1.0122	1.3874	0.0387	0.0125	0.0133	0.0087	2.6033	4.6291	0.0576	0.0000	0.0108	-0.4362	-0.2597	11.5083	2.3559	19.4752	7.1930	0.9888	0.9888	0.0000	0.0006	0.0006	0.0000	0.9882	0.9882	0.0000	0.5801	0.5739	0.0062	0.0044	0.0039	0.0005	0.5757	0.5701	0.0056	0.2148	0.1877	0.0271	0.0620	0.0583	0.0037	0.1528	0.1294	0.0234	0.5731	0.4137	0.1594	0.3520	0.2905	0.0614	0.2211	0.1231	0.0980	4.5477	3.7968	0.0013	0.8094	0.8089	0.0000	2.4844	1.6496	0.0010	1.0122	1.3874	0.0387	0.0125	0.0133	0.0087	2.6033	4.6291	0.0576
4	91	0.6603	9	0	0	0	1	0	0	0	0	N	N	N	N	N	N	N	N	N	N	N	N	0.2488	0.2675	0.1795	0.7022	0.7270	0.0501	0.0649	0.0431	0.1668	0.1170	0.1207	0.0934	0.2196	0.2362	0.0127	0.0490	0.0348	0.1161	0.4702	0.4511	0.5204	0.3127	0.3249	0.2527	0.7555	0.8074	0.6963	0.1211	0.4380	-0.0236	-0.1173	11.5083	4.9284	19.4752	11.0439	0.0708	0.0631	0.0076	0.0529	0.0527	0.0002	0.0179	0.0104	0.0074	0.7631	0.5306	0.2324	0.3270	0.2822	0.0447	0.4361	0.2484	0.1877	0.6050	0.5232	0.0818	0.2410	0.2231	0.0180	0.3640	0.3001	0.0639	1.6229	1.1763	0.4466	1.0457	0.8687	0.1771	0.5772	0.3077	0.2695	0.2488	0.2675	0.1795	0.7022	0.7270	0.0501	0.0649	0.0431	0.1668	0.4702	0.4511	0.5204	0.3127	0.3249	0.2527	0.7555	0.8074	0.6963
4	92	0.5707	8	0	0	0	1	0	0	0	0	N	N	N	N	N	N	N	N	N	N	N	N	0.0361	0.1504	0.0035	0.2162	2.0522	0.0002	0.0053	0.0108	0.0042	0.0740	0.0827	0.0180	0.2666	0.2818	0.0015	0.0164	0.0158	0.0197	2.0500	0.5494	5.1960	1.2334	0.1373	6.4753	3.1084	1.4646	4.6417	0.0336	4.5115	-0.0093	1.0330	11.5083	3.9161	19.4752	29.2065	0.0227	0.0219	0.0007	0.0188	0.0188	0.0000	0.0039	0.0031	0.0007	2.8680	0.5204	2.3476	0.9740	0.0897	0.8843	1.8939	0.4307	1.4633	0.3062	0.2653	0.0409	0.0705	0.0667	0.0038	0.2357	0.1986	0.0371	1.3990	0.9472	0.4518	0.7897	0.6531	0.1366	0.6093	0.2940	0.3152	0.0361	0.1504	0.0035	0.2162	2.0522	0.0002	0.0053	0.0108	0.0042	2.0500	0.5494	5.1960	1.2334	0.1373	6.4753	3.1084	1.4646	4.6417
4	93	0.5444	10	1	1	0	1	0	0	0	0	N	N	N	N	N	N	N	N	N	N	N	N	0.0022	0.0017	0.2088	0.1451	0.1375	0.1941	0.0002	0.0001	0.2429	0.0026	0.0029	0.0008	0.0064	0.0066	0.0028	0.0003	0.0003	0.0004	1.1500	1.7063	0.0036	0.0442	0.0481	0.0144	2.0253	3.9980	0.0016	0.0394	0.0010	-0.0002	-0.2282	11.5083	2.5103	19.4752	7.4742	0.0006	0.0006	0.0000	0.0006	0.0005	0.0000	0.0000	0.0000	0.0000	0.4990	0.4985	0.0005	0.0085	0.0082	0.0003	0.4905	0.4903	0.0002	0.2342	0.2039	0.0304	0.0867	0.0821	0.0046	0.1475	0.1217	0.0258	0.4339	0.2921	0.1418	0.1917	0.1695	0.0222	0.2422	0.1226	0.1196	0.0022	0.0017	0.2088	0.1451	0.1375	0.1941	0.0002	0.0001	0.2429	1.1500	1.7063	0.0036	0.0442	0.0481	0.0144	2.0253	3.9980	0.0016
4	94	0.5082	9	0	1	0	1	0	0	0	0	N	N	N	N	N	N	N	N	N	N	N	N	0.0019	0.0013	0.2790	1.1119	0.9149	8.1772	0.0004	0.0002	0.0351	0.0022	0.0021	0.0025	0.0049	0.0042	0.0183	0.0008	0.0009	0.0004	1.1357	1.6845	0.0090	0.0044	0.0046	0.0022	1.9313	3.6964	0.0101	0.1638	0.0026	-0.0005	-0.2316	11.5083	7.1305	19.4752	3.2426	0.0015	0.0013	0.0002	0.0011	0.0009	0.0002	0.0004	0.0004	0.0000	0.5081	0.5068	0.0013	0.0008	0.0008	0.0000	0.5073	0.5061	0.0013	0.6940	0.6090	0.0851	0.2339	0.2237	0.0102	0.4601	0.3852	0.0749	0.4474	0.3009	0.1465	0.1847	0.1640	0.0208	0.2627	0.1369	0.1258	0.0019	0.0013	0.2790	1.1119	0.9149	8.1772	0.0004	0.0002	0.0351	1.1357	1.6845	0.0090	0.0044	0.0046	0.0022	1.9313	3.6964	0.0101
4	95	0.6447	10	1	1	0	1	0	0	0	0	N	N	N	N	N	N	N	N	N	N	N	N	4.6149	3.9168	0.0000	77.2097	67.3911	0.0000	0.0000	0.0000	0.0000	1.6030	1.8357	0.0000	5.7449	6.0891	0.0000	0.0000	0.0000	0.0000	0.3474	0.4687	0.0747	0.0744	0.0904	0.0006	0.7694	1.4495	0.1147	0.0000	0.0710	-0.4651	-0.1796	11.5083	8.0000	19.4752	22.5660	1.0545	1.0545	0.0000	1.0545	1.0545	0.0000	0.0000	0.0000	0.0000	0.4580	0.4276	0.0303	0.0596	0.0595	0.0001	0.3984	0.3681	0.0303	0.6578	0.5744	0.0834	0.1836	0.1732	0.0104	0.4743	0.4013	0.0730	1.3185	0.9125	0.4060	0.8007	0.6585	0.1422	0.5178	0.2540	0.2638	4.6149	3.9168	0.0000	77.2097	67.3911	0.0000	0.0000	0.0000	0.0000	0.3474	0.4687	0.0747	0.0744	0.0904	0.0006	0.7694	1.4495	0.1147
4	96	0.5707	8	0	0	0	1	0	0	0	0	N	N	N	N	N	N	N	N	N	N	N	N	0.1902	0.0188	26.1917	0.1254	0.1084	1.7062	0.1783	0.0000	22.1968	0.2953	0.0426	1.9529	0.1637	0.1708	0.0402	0.3343	0.0000	2.1509	1.5525	2.2587	0.0746	1.3053	1.5751	0.0235	1.8751	3.7893	0.0969	6.9968	0.0158	0.1156	-0.9078	11.5083	11.9964	19.4752	18.8414	0.2665	0.0333	0.2332	0.0338	0.0333	0.0004	0.2328	0.0000	0.2328	2.0499	2.0181	0.0318	0.9759	0.9729	0.0031	1.0740	1.0452	0.0288	0.9025	0.7831	0.1194	0.2063	0.1951	0.0112	0.6962	0.5880	0.1082	1.3204	0.8935	0.4270	0.7477	0.6176	0.1300	0.5728	0.2758	0.2969	0.1902	0.0188	26.1917	0.1254	0.1084	1.7062	0.1783	0.0000	22.1968	1.5525	2.2587	0.0746	1.3053	1.5751	0.0235	1.8751	3.7893	0.0969
4	98	0.6752	12	1	1	1	1	0	0	0	0	N	N	N	N	N	N	N	N	N	N	N	N	6.1345	0.0131	57.2361	1.6301	0.2347	8.7990	5.0884	0.0000	335.1681	0.5590	0.0014	3.6572	0.0670	0.0033	1.4222	0.8345	0.0000	3.9211	0.0911	0.1034	0.0639	0.0411	0.0142	0.1616	0.1640	0.3149	0.0117	486.9622	0.2786	0.0321	-0.0162	11.5083	0.9502	19.4752	16.1595	0.0577	0.0001	0.0576	0.0025	0.0001	0.0024	0.0552	0.0000	0.0552	0.0675	0.0528	0.0147	0.0181	0.0051	0.0130	0.0494	0.0477	0.0018	0.1033	0.0875	0.0158	0.0371	0.0354	0.0017	0.0662	0.0521	0.0141	0.7408	0.5106	0.2302	0.4393	0.3592	0.0801	0.3015	0.1514	0.1500	6.1345	0.0131	57.2361	1.6301	0.2347	8.7990	5.0884	0.0000	335.1681	0.0911	0.1034	0.0639	0.0411	0.0142	0.1616	0.1640	0.3149	0.0117
4	99	0.5707	8	0	1	0	1	0	0	0	0	N	N	N	N	N	N	N	N	N	N	N	N	0.2132	0.0003	16.6784	12.0282	0.3876	60.6547	0.1060	0.0000	12.5770	0.2913	0.0005	2.1982	0.1461	0.0021	2.6552	0.3343	0.0000	2.1509	1.3660	1.9575	0.1318	0.0121	0.0054	0.0438	3.1532	6.3836	0.1710	640.6133	0.0323	0.1465	-0.7050	11.5083	11.9964	19.4752	15.6499	0.2629	0.0004	0.2625	0.0301	0.0004	0.0297	0.2328	0.0000	0.2328	1.6505	1.5989	0.0516	0.0084	0.0031	0.0053	1.6422	1.5959	0.0463	0.9025	0.7831	0.1194	0.2063	0.1951	0.0112	0.6962	0.5880	0.1082	1.2083	0.8168	0.3915	0.6875	0.5668	0.1207	0.5208	0.2500	0.2708	0.2132	0.0003	16.6784	12.0282	0.3876	60.6547	0.1060	0.0000	12.5770	1.3660	1.9575	0.1318	0.0121	0.0054	0.0438	3.1532	6.3836	0.1710
4	100	0.6782	13	1	0	1	1	0	0	0	0	N	N	N	N	N	N	N	N	N	N	N	N	18.2252	0.0008	606.5874	36.5068	0.0017	28700.1874	0.0015	0.0000	0.0050	11.4537	0.0007	91.2069	35.6713	0.0021	597.9764	0.0002	0.0000	0.0011	0.6285	0.8485	0.1504	0.9771	1.1907	0.0208	0.1163	0.0100	0.2185	18245.0042	0.0816	0.5509	-0.1588	11.5083	1.0008	19.4752	13.9255	0.9859	0.0001	0.9858	0.9859	0.0001	0.9858	0.0000	0.0000	0.0000	0.4146	0.3833	0.0313	0.3835	0.3820	0.0015	0.0311	0.0013	0.0298	0.0861	0.0753	0.0108	0.0276	0.0260	0.0016	0.0584	0.0493	0.0092	0.6597	0.4518	0.2079	0.3925	0.3208	0.0717	0.2672	0.1310	0.1362	18.2252	0.0008	606.5874	36.5068	0.0017	28700.1874	0.0015	0.0000	0.0050	0.6285	0.8485	0.1504	0.9771	1.1907	0.0208	0.1163	0.0100	0.2185
4	101	0.6752	12	1	0	1	1	0	0	0	0	N	N	N	N	N	N	N	N	N	N	N	N	0.9447	1.3592	0.1820	1.3863	1.7119	2.1965	0.1002	0.0069	0.1559	0.1277	0.1563	0.0334	0.2654	0.2569	0.7885	0.0035	0.0001	0.0080	0.1352	0.1150	0.1833	0.1915	0.1501	0.3590	0.0349	0.0205	0.0511	0.0647	0.6687	-0.0013	-0.0015	11.5083	0.0532	19.4752	2.0467	0.0034	0.0032	0.0002	0.0034	0.0032	0.0002	0.0000	0.0000	0.0000	0.0257	0.0154	0.0103	0.0233	0.0147	0.0087	0.0024	0.0007	0.0016	0.0268	0.0206	0.0062	0.0127	0.0125	0.0002	0.0141	0.0081	0.0060	0.1903	0.1341	0.0562	0.1219	0.0977	0.0241	0.0684	0.0363	0.0321	0.9447	1.3592	0.1820	1.3863	1.7119	2.1965	0.1002	0.0069	0.1559	0.1352	0.1150	0.1833	0.1915	0.1501	0.3590	0.0349	0.0205	0.0511
4	102	0.6655	11	1	0	1	1	0	0	0	0	N	N	N	N	N	N	N	N	N	N	N	N	0.4453	0.3459	1.0167	0.5129	0.6805	0.2672	1.7462	0.0031	7.8833	0.0354	0.0234	0.1096	0.0629	0.0626	0.0685	0.0213	0.0000	0.1155	0.0794	0.0676	0.1078	0.1227	0.0920	0.2565	0.0122	0.0100	0.0147	0.7578	0.6663	-0.0001	-0.0015	11.5083	2.0948	19.4752	3.0326	0.0071	0.0040	0.0031	0.0043	0.0040	0.0002	0.0028	0.0000	0.0028	0.0256	0.0153	0.0102	0.0240	0.0147	0.0094	0.0015	0.0007	0.0009	0.2003	0.1724	0.0278	0.0678	0.0643	0.0035	0.1325	0.1081	0.0244	0.3218	0.2270	0.0948	0.1957	0.1592	0.0365	0.1261	0.0678	0.0583	0.4453	0.3459	1.0167	0.5129	0.6805	0.2672	1.7462	0.0031	7.8833	0.0794	0.0676	0.1078	0.1227	0.0920	0.2565	0.0122	0.0100	0.0147
4	103	0.6447	10	1	0	1	1	0	0	0	0	N	N	N	N	N	N	N	N	N	N	N	N	172.2499	139.2246	0.0000	453.3578	387.8256	0.0000	0.0000	0.0000	0.0000	6.1430	7.0377	0.0000	21.8844	23.1968	0.0000	0.0000	0.0000	0.0000	0.0357	0.0505	0.0028	0.0483	0.0598	0.0007	0.0138	0.0239	0.0042	0.0000	0.0249	-0.8974	-0.0074	11.5083	3.9484	19.4752	4.8420	2.0343	2.0343	0.0000	2.0343	2.0343	0.0000	0.0000	0.0000	0.0000	0.0170	0.0166	0.0004	0.0146	0.0145	0.0000	0.0024	0.0020	0.0004	0.3312	0.2891	0.0421	0.0930	0.0877	0.0053	0.2382	0.2014	0.0368	0.4761	0.3278	0.1484	0.3021	0.2431	0.0589	0.1741	0.0846	0.0894	172.2499	139.2246	0.0000	453.3578	387.8256	0.0000	0.0000	0.0000	0.0000	0.0357	0.0505	0.0028	0.0483	0.0598	0.0007	0.0138	0.0239	0.0042
4	104	0.6031	9	0	1	0	1	0	0	0	0	N	N	N	N	N	N	N	N	N	N	N	N	2.0711	2.0201	0.0037	4.3020	4.4636	0.0100	0.0004	0.0002	0.0015	1.2079	1.3748	0.0014	3.9691	4.2044	0.0082	0.0001	0.0000	0.0003	0.5832	0.6806	0.3736	0.9226	0.9419	0.8234	0.1674	0.1380	0.1961	0.0001	0.2549	-0.4380	-0.2766	11.5083	8.9557	19.4752	32.3127	0.9933	0.9932	0.0001	0.9933	0.9932	0.0001	0.0000	0.0000	0.0000	1.0839	0.8637	0.2202	0.9441	0.8068	0.1373	0.1398	0.0569	0.0829	0.8224	0.7224	0.1000	0.2503	0.2362	0.0140	0.5721	0.4862	0.0859	1.8585	1.2691	0.5894	1.0233	0.8565	0.1667	0.8353	0.4126	0.4227	2.0711	2.0201	0.0037	4.3020	4.4636	0.0100	0.0004	0.0002	0.0015	0.5832	0.6806	0.3736	0.9226	0.9419	0.8234	0.1674	0.1380	0.1961
4	105	0.6285	10	0	0	1	1	0	0	0	0	N	N	N	N	N	N	N	N	N	N	N	N	0.0003	0.0014	0.0000	0.0134	0.0335	0.0000	0.0000	0.0000	0.0000	0.0000	0.0000	0.0000	0.0001	0.0001	0.0000	0.0000	0.0000	0.0000	0.1479	0.0328	0.3988	0.0104	0.0044	0.0434	0.3259	0.0975	0.5363	0.0000	5.5887	-0.0000	0.0364	11.5083	4.2679	19.4752	7.8415	0.0000	0.0000	0.0000	0.0000	0.0000	0.0000	0.0000	0.0000	0.0000	0.0933	0.0142	0.0791	0.0037	0.0013	0.0024	0.0896	0.0129	0.0767	0.4010	0.3463	0.0548	0.1127	0.1078	0.0049	0.2883	0.2385	0.0498	0.6307	0.4323	0.1984	0.3558	0.3005	0.0553	0.2748	0.1318	0.1431	0.0003	0.0014	0.0000	0.0134	0.0335	0.0000	0.0000	0.0000	0.0000	0.1479	0.0328	0.3988	0.0104	0.0044	0.0434	0.3259	0.0975	0.5363
4	106	0.6031	9	0	0	0	1	0	0	0	0	N	N	N	N	N	N	N	N	N	N	N	N	0.0024	0.0014	0.0439	0.0237	0.0174	0.1873	0.0001	0.0000	0.0108	0.0020	0.0016	0.0051	0.0044	0.0036	0.0182	0.0002	0.0000	0.0014	0.8094	1.1253	0.1158	0.1867	0.2060	0.0971	1.7165	3.3760	0.1252	0.3833	0.0469	-0.0001	-0.2543	11.5083	1.9301	19.4752	9.0954	0.0005	0.0004	0.0001	0.0005	0.0004	0.0001	0.0000	0.0000	0.0000	0.6148	0.5873	0.0275	0.0841	0.0763	0.0078	0.5307	0.5109	0.0198	0.2681	0.2396	0.0285	0.1115	0.1052	0.0063	0.1566	0.1344	0.0222	0.7595	0.5219	0.2377	0.4504	0.3705	0.0799	0.3092	0.1513	0.1578	0.0024	0.0014	0.0439	0.0237	0.0174	0.1873	0.0001	0.0000	0.0108	0.8094	1.1253	0.1158	0.1867	0.2060	0.0971	1.7165	3.3760	0.1252
4	107	0.5707	8	0	0	0	1	0	0	0	0	N	N	N	N	N	N	N	N	N	N	N	N	0.0522	0.0016	0.4153	0.1974	0.0025	59.9887	0.0011	0.0055	0.0001	0.0981	0.0030	0.7151	0.4208	0.0065	7.6413	0.0016	0.0019	0.0003	1.8784	1.9556	1.7220	2.1317	2.6025	0.1274	1.5135	0.3416	2.5434	36.1378	0.4344	0.0159	-0.1973	11.5083	3.9049	19.4752	9.6098	0.0300	0.0008	0.0292	0.0296	0.0004	0.0291	0.0004	0.0004	0.0000	1.2686	0.8844	0.3841	0.8499	0.8402	0.0097	0.4187	0.0442	0.3745	0.3053	0.2646	0.0408	0.0703	0.0665	0.0038	0.2350	0.1981	0.0370	0.6753	0.4522	0.2231	0.3987	0.3228	0.0758	0.2766	0.1294	0.1472	0.0522	0.0016	0.4153	0.1974	0.0025	59.9887	0.0011	0.0055	0.0001	1.8784	1.9556	1.7220	2.1317	2.6025	0.1274	1.5135	0.3416	2.5434
4	108	0.5919	10	0	1	0	1	0	0	0	0	N	N	N	N	N	N	N	N	N	N	N	N	0.6513	0.0419	112.4028	30.3875	28.9015	65.6085	0.3570	0.0000	100.6007	0.3863	0.0355	2.6570	0.1482	0.1224	0.5589	0.4731	0.0000	2.9377	0.5931	0.8478	0.0236	0.0049	0.0042	0.0085	1.3252	2.6574	0.0292	11.5605	0.0125	0.1233	-0.3581	11.5083	8.0392	19.4752	22.6195	0.2574	0.0205	0.2369	0.0264	0.0205	0.0059	0.2310	0.0000	0.2310	0.8027	0.7928	0.0099	0.0037	0.0027	0.0010	0.7990	0.7901	0.0089	0.6662	0.5771	0.0892	0.1780	0.1674	0.0105	0.4882	0.4096	0.0786	1.3533	0.9352	0.4181	0.7503	0.6379	0.1125	0.6030	0.2973	0.3056	0.6513	0.0419	112.4028	30.3875	28.9015	65.6085	0.3570	0.0000	100.6007	0.5931	0.8478	0.0236	0.0049	0.0042	0.0085	1.3252	2.6574	0.0292
4	109	0.5919	9	0	0	0	1	0	0	0	0	N	N	N	N	N	N	N	N	N	N	N	N	0.0778	0.0612	2.1644	0.1124	0.1051	0.4248	0.0497	0.0256	1.9258	0.1053	0.1108	0.0803	0.1177	0.1267	0.0044	0.0952	0.0944	0.0974	1.3525	1.8091	0.0371	1.0470	1.2060	0.0103	1.9155	3.6895	0.0506	0.1588	0.0071	-0.0015	-0.1439	11.5083	0.2031	19.4752	2.0398	0.0049	0.0042	0.0007	0.0025	0.0025	0.0000	0.0025	0.0018	0.0007	0.3188	0.3166	0.0023	0.1600	0.1598	0.0002	0.1588	0.1568	0.0020	0.0468	0.0384	0.0084	0.0210	0.0194	0.0015	0.0258	0.0189	0.0069	0.2357	0.1750	0.0607	0.1528	0.1325	0.0203	0.0829	0.0425	0.0404	0.0778	0.0612	2.1644	0.1124	0.1051	0.4248	0.0497	0.0256	1.9258	1.3525	1.8091	0.0371	1.0470	1.2060	0.0103	1.9155	3.6895	0.0506
4	110	0.6056	11	1	0	1	1	0	0	0	0	N	N	N	N	N	N	N	N	N	N	N	N	0.0000	0.0000	0.0000	0.0000	0.0000	0.0000	0.0000	0.0000	0.0000	0.0000	0.0000	0.0000	0.0000	0.0000	0.0000	0.0000	0.0000	0.0000	0.0000	0.0000	0.0000	0.0001	0.0001	0.0000	0.0000	-0.0000	-0.0000	11.5083	0.0001	19.4752	0.0001	0.0000	0.0000	0.0000	0.0000	0.0000	0.0000	0.0000	0.0000	0.0000	0.0000	0.0000	0.0000	0.0000	0.0000	0.0000	0.0000	0.0000	0.0000	0.0079	0.0062	0.0017	0.0039	0.0039	0.0000	0.0039	0.0023	0.0017	0.0002	0.0001	0.0000	0.0001	0.0001	0.0000	0.0001	0.0000	0.0000	0.0000	0.0000	0.0000	0.0000	0.0000	0.0000	0.0000	0.0000	0.0000	0.0000	0.0000	0.0000	0.0000	0.0000	0.0000	0.0001	0.0001	0.0000				
4	111	0.5917	10	1	0	1	1	0	0	0	0	N	N	N	N	N	N	N	N	N	N	N	N	4.0933	0.0476	40.7415	6.0008	0.2074	221.7116	3.2484	0.0000	28.3732	0.0060	0.0001	0.0448	0.0064	0.0002	0.1449	0.0059	0.0000	0.0341	0.0015	0.0016	0.0011	0.0011	0.0011	0.0007	0.0018	0.0023	0.0012	87.8663	0.3099	0.0005	-0.0001	11.5083	1.6718	19.4752	2.9223	0.0009	0.0000	0.0009	0.0003	0.0000	0.0003	0.0006	0.0000	0.0006	0.0003	0.0002	0.0001	0.0001	0.0001	0.0000	0.0002	0.0001	0.0001	0.1486	0.1289	0.0197	0.0451	0.0432	0.0019	0.1035	0.0857	0.0178	0.2110	0.1443	0.0667	0.0951	0.0829	0.0122	0.1159	0.0614	0.0545	4.0933	0.0476	40.7415	6.0008	0.2074	221.7116	3.2484	0.0000	28.3732	0.0015	0.0016	0.0011	0.0011	0.0011	0.0007	0.0018	0.0023	0.0012
4	112	0.5082	9	1	0	1	1	0	0	0	0	N	N	N	N	N	N	N	N	N	N	N	N	5.4732	0.0150	21.1864	0.6010	0.0454	100.5333	5.5620	0.0003	20.2773	0.5644	0.0007	4.4057	0.0266	0.0023	0.4895	0.7924	0.0000	4.9206	0.1031	0.0494	0.2079	0.0442	0.0498	0.0049	0.1425	0.0490	0.2427	871.4542	2.1573	0.3542	0.0181	11.5083	14.0283	19.4752	7.1084	0.6350	0.0007	0.6343	0.0089	0.0007	0.0082	0.6261	0.0000	0.6261	0.0804	0.0255	0.0550	0.0138	0.0136	0.0002	0.0666	0.0118	0.0548	1.1253	0.9813	0.1440	0.3351	0.3184	0.0167	0.7901	0.6629	0.1272	0.7800	0.5157	0.2642	0.3125	0.2739	0.0386	0.4675	0.2418	0.2257	5.4732	0.0150	21.1864	0.6010	0.0454	100.5333	5.5620	0.0003	20.2773	0.1031	0.0494	0.2079	0.0442	0.0498	0.0049	0.1425	0.0490	0.2427
4	113	0.4479	8	0	0	0	1	0	0	0	0	N	N	N	N	N	N	N	N	N	N	N	N	0.6190	0.3007	7.7822	0.6327	0.5152	9.1499	2.7099	1.7064	7.5005	0.0044	0.0029	0.0153	0.0078	0.0075	0.0168	0.0030	0.0006	0.0151	0.0072	0.0095	0.0020	0.0124	0.0146	0.0018	0.0011	0.0004	0.0020	0.7875	0.0913	-0.0000	-0.0033	11.5083	8.6129	19.4752	5.1709	0.0042	0.0024	0.0019	0.0022	0.0020	0.0002	0.0021	0.0003	0.0017	0.0088	0.0081	0.0007	0.0082	0.0080	0.0002	0.0006	0.0001	0.0005	0.9534	0.8311	0.1223	0.2795	0.2700	0.0094	0.6739	0.5610	0.1129	1.2319	0.8545	0.3774	0.6638	0.5484	0.1154	0.5681	0.3061	0.2620	0.6190	0.3007	7.7822	0.6327	0.5152	9.1499	2.7099	1.7064	7.5005	0.0072	0.0095	0.0020	0.0124	0.0146	0.0018	0.0011	0.0004	0.0020
4	114	0.3528	7	0	0	0	1	0	0	0	0	N	N	N	N	N	N	N	N	N	N	N	N	1.5116	0.0781	18.6482	0.3297	0.3481	0.1944	2.0794	0.0052	30.7943	0.7380	0.0476	4.6537	0.1890	0.1907	0.1494	0.8824	0.0036	4.9244	0.4882	0.6086	0.2496	0.5733	0.5479	0.7686	0.4244	0.6894	0.1599	17.2555	0.2068	0.5405	-0.3188	11.5083	16.8607	19.4752	22.7724	1.0721	0.0587	1.0134	0.0572	0.0554	0.0018	1.0149	0.0034	1.0115	1.1110	0.9206	0.1904	0.5593	0.4730	0.0864	0.5516	0.4476	0.1040	1.4527	1.2349	0.2178	0.3026	0.2902	0.0123	1.1501	0.9447	0.2054	2.2754	1.5125	0.7630	0.9756	0.8632	0.1124	1.2998	0.6492	0.6506	1.5116	0.0781	18.6482	0.3297	0.3481	0.1944	2.0794	0.0052	30.7943	0.4882	0.6086	0.2496	0.5733	0.5479	0.7686	0.4244	0.6894	0.1599
4	115	0.6509	10	1	0	1	1	0	0	0	0	N	N	N	N	N	N	N	N	N	N	N	N	0.0000	0.0000	0.0000	0.0000	0.0000	0.0000	0.0000	0.0000	0.0000	0.0000	0.0000	0.0000	0.0000	0.0000	0.0000	0.0000	0.0000	0.0000	0.1496	0.2102	0.0000	0.0352	0.0451	0.0000	0.3651	0.6293	0.0000	0.0000	0.0000	-0.0330	11.5083	1.0009	19.4752	4.0038	0.0000	0.0000	0.0000	0.0000	0.0000	0.0000	0.0000	0.0000	0.0000	0.0720	0.0720	0.0000	0.0111	0.0111	0.0000	0.0609	0.0609	0.0000	0.0919	0.0792	0.0127	0.0259	0.0245	0.0013	0.0660	0.0547	0.0114	0.4811	0.3423	0.1388	0.3143	0.2455	0.0688	0.1668	0.0967	0.0700	0.0000	0.0000	0.0000	0.0000	0.0000	0.0000	0.0000	0.0000	0.0000	0.1496	0.2102	0.0000	0.0352	0.0451	0.0000	0.3651	0.6293	0.0000	
4	116	0.6226	9	1	0	1	1	0	0	0	0	N	N	N	N	N	N	N	N	N	N	N	N	0.0278	0.0237	0.0078	0.2583	0.3118	0.0203	0.0002	0.0001	0.0069	0.0148	0.0167	0.0010	0.0439	0.0457	0.0057	0.0002	0.0002	0.0004	0.5306	0.7060	0.1302	0.1700	0.1466	0.2820	1.0505	2.0249	0.0537	0.0086	0.0808	-0.0013	-0.1331	11.5083	1.8441	19.4752	10.4794	0.0029	0.0029	0.0000	0.0029	0.0029	0.0000	0.0000	0.0000	0.0000	0.3470	0.3211	0.0259	0.0657	0.0468	0.0188	0.2814	0.2743	0.0071	0.1970	0.1726	0.0244	0.0656	0.0626	0.0029	0.1315	0.1100	0.0215	0.6540	0.4548	0.1992	0.3862	0.3194	0.0668	0.2678	0.1354	0.1324	0.0278	0.0237	0.0078	0.2583	0.3118	0.0203	0.0002	0.0001	0.0069	0.5306	0.7060	0.1302	0.1700	0.1466	0.2820	1.0505	2.0249	0.0537
4	117	0.3346	7	0	1	0	2	0	0	0	0	N	N	N	Y	N	N	N	N	N	N	N	N	3.1360	1.6387	23.4627	0.0365	0.0320	0.4917	6.7781	3.8613	21.8467	1.0221	0.6777	3.2558	0.0164	0.0162	0.0208	1.3490	0.9228	3.5476	0.3259	0.4136	0.1388	0.4484	0.5054	0.0423	0.1990	0.2390	0.1624	0.7407	0.1571	-0.0168	-0.2637	11.5083	10.5071	19.4752	20.2622	1.0798	0.6203	0.4595	0.0042	0.0040	0.0002	1.0755	0.6163	0.4592	0.8175	0.7065	0.1110	0.5724	0.5658	0.0067	0.2451	0.1407	0.1043	1.0564	0.9153	0.1411	0.2591	0.2474	0.0117	0.7973	0.6678	0.1294	2.5081	1.7082	0.7999	1.2767	1.1194	0.1574	1.2313	0.5888	0.6425	3.1360	1.6387	23.4627	0.0365	0.0320	0.4917	6.7781	3.8613	21.8467	0.3259	0.4136	0.1388	0.4484	0.5054	0.0423	0.1990	0.2390	0.1624
4	118	0.5707	8	0	1	0	2	0	0	0	0	N	N	N	Y	N	N	N	N	N	N	N	N	0.1162	0.0917	0.0002	0.3058	0.2672	0.0000	0.0109	0.0072	0.0002	0.0950	0.1097	0.0000	0.4075	0.4309	0.0000	0.0016	0.0019	0.0000	0.8181	1.1961	0.0273	1.3327	1.6127	0.0041	0.1455	0.2617	0.0375	0.0000	0.0109	-0.0131	-0.4785	11.5083	4.0036	19.4752	26.5072	0.0297	0.0297	0.0000	0.0293	0.0293	0.0000	0.0004	0.0004	0.0000	1.0691	1.0575	0.0116	0.9867	0.9862	0.0005	0.0824	0.0714	0.0110	0.3122	0.2706	0.0417	0.0719	0.0680	0.0039	0.2404	0.2026	0.0378	1.3068	0.8842	0.4226	0.7404	0.6115	0.1289	0.5664	0.2727	0.2938	0.1162	0.0917	0.0002	0.3058	0.2672	0.0000	0.0109	0.0072	0.0002	0.8181	1.1961	0.0273	1.3327	1.6127	0.0041	0.1455	0.2617	0.0375
4	119	0.6092	9	0	1	0	1	0	0	0	0	N	N	N	N	N	N	N	N	N	N	N	N	1.5784	1.2538	10.3040	270.8474	238.0679	76.1448	0.0001	0.0000	0.2496	1.1871	1.3596	0.0195	2.9903	3.1003	0.1655	0.0002	0.0001	0.0004	0.7520	1.0844	0.0019	0.0110	0.0130	0.0022	1.8711	3.7015	0.0017	0.0021	0.0008	-0.2350	-0.4387	11.5083	3.8169	19.4752	21.2433	0.5352	0.5341	0.0011	0.5352	0.5341	0.0011	0.0000	0.0000	0.0000	0.9588	0.9580	0.0007	0.0085	0.0082	0.0003	0.9503	0.9499	0.0004	0.4509	0.3928	0.0581	0.1790	0.1723	0.0067	0.2719	0.2205	0.0514	1.2749	0.8835	0.3914	0.7670	0.6269	0.1401	0.5079	0.2566	0.2513	1.5784	1.2538	10.3040	270.8474	238.0679	76.1448	0.0001	0.0000	0.2496	0.7520	1.0844	0.0019	0.0110	0.0130	0.0022	1.8711	3.7015	0.0017
4	120	0.2213	5	0	1	0	1	0	0	0	0	N	N	N	N	N	N	N	N	N	N	N	N	0.1930	0.5170	0.0016	1.3257	1.4306	0.0563	0.0005	0.0125	0.0001	0.1661	0.1969	0.0027	0.8796	0.9183	0.0489	0.0005	0.0006	0.0002	0.8603	0.3808	1.7145	0.6635	0.6419	0.8692	0.9907	0.0445	1.8140	0.0026	2.5275	-0.1168	0.8304	11.5083	16.3276	19.4752	34.9199	0.2664	0.2657	0.0007	0.2658	0.2651	0.0007	0.0006	0.0006	0.0000	3.2169	0.9119	2.3050	0.9885	0.8654	0.1231	2.2285	0.0466	2.1819	1.6042	1.3497	0.2546	0.3022	0.2887	0.0134	1.3021	1.0609	0.2411	3.7393	2.3949	1.3444	1.4898	1.3482	0.1416	2.2494	1.0467	1.2028	0.1930	0.5170	0.0016	1.3257	1.4306	0.0563	0.0005	0.0125	0.0001	0.8603	0.3808	1.7145	0.6635	0.6419	0.8692	0.9907	0.0445	1.8140
4	121	0.2040	4	0	1	0	1	0	0	0	0	N	N	N	N	N	N	N	N	N	N	N	N	0.1757	0.2085	0.1730	0.7051	0.6873	0.8004	0.0492	0.0055	0.1590	0.1274	0.1177	0.1768	0.5164	0.5188	0.3849	0.0354	0.0013	0.1724	0.7252	0.5647	1.0216	0.7323	0.7548	0.4809	0.7195	0.2436	1.0842	0.2955	0.9799	-0.0185	0.0679	11.5083	6.1757	19.4752	14.5601	0.0869	0.0671	0.0198	0.0674	0.0665	0.0009	0.0195	0.0006	0.0189	1.8572	0.9380	0.9192	0.8324	0.7876	0.0449	1.0248	0.1505	0.8743	0.6821	0.5699	0.1122	0.1305	0.1282	0.0023	0.5516	0.4417	0.1099	2.5609	1.6612	0.8997	1.1367	1.0434	0.0933	1.4243	0.6178	0.8064	0.1757	0.2085	0.1730	0.7051	0.6873	0.8004	0.0492	0.0055	0.1590	0.7252	0.5647	1.0216	0.7323	0.7548	0.4809	0.7195	0.2436	1.0842
4	123	0.6447	10	0	1	0	1	0	0	0	0	N	N	N	N	N	N	N	N	N	N	N	N	27.0955	27.7267	33.3944	0.1256	0.1388	0.2013	402.4905	1470.0114	288.4274	3.6757	3.4149	5.4664	0.0268	0.0234	0.0845	5.0994	4.8917	6.2346	0.1357	0.1232	0.1637	0.2136	0.1685	0.4194	0.0127	0.0033	0.0216	0.2331	0.5923	-0.3109	-0.0125	11.5083	4.0019	19.4752	19.5615	1.2334	1.0002	0.2332	0.0025	0.0021	0.0004	1.2309	0.9982	0.2327	0.1443	0.0906	0.0537	0.1391	0.0899	0.0491	0.0052	0.0007	0.0046	0.3356	0.2929	0.0427	0.0942	0.0889	0.0053	0.2414	0.2041	0.0373	1.0637	0.7358	0.3279	0.6510	0.5339	0.1171	0.4127	0.2019	0.2108	27.0955	27.7267	33.3944	0.1256	0.1388	0.2013	402.4905	1470.0114	288.4274	0.1357	0.1232	0.1637	0.2136	0.1685	0.4194	0.0127	0.0033	0.0216
4	124	0.6226	9	0	0	0	1	0	0	0	0	N	N	N	N	N	N	N	N	N	N	N	N	0.4446	0.4632	0.0290	1.0077	0.8963	0.5063	0.0022	0.0000	0.0077	0.0267	0.0302	0.0014	0.0751	0.0780	0.0079	0.0001	0.0000	0.0005	0.0600	0.0652	0.0480	0.0745	0.0870	0.0156	0.0386	0.0133	0.0651	0.0064	0.3179	-0.0017	-0.0070	11.5083	1.2223	19.4752	8.2281	0.0039	0.0038	0.0000	0.0039	0.0038	0.0000	0.0000	0.0000	0.0000	0.0322	0.0244	0.0078	0.0238	0.0229	0.0009	0.0084	0.0015	0.0069	0.1452	0.1274	0.0178	0.0515	0.0493	0.0021	0.0937	0.0780	0.0157	0.5357	0.3740	0.1618	0.3193	0.2634	0.0559	0.2164	0.1106	0.1058	0.4446	0.4632	0.0290	1.0077	0.8963	0.5063	0.0022	0.0000	0.0077	0.0600	0.0652	0.0480	0.0745	0.0870	0.0156	0.0386	0.0133	0.0651
4	125	0.5707	8	0	0	0	1	0	0	0	0	N	N	N	N	N	N	N	N	N	N	N	N	0.7713	0.0289	2.6488	19.9641	0.6374	107.9249	0.0002	0.0000	0.0007	0.0641	0.0011	0.4741	0.2788	0.0042	5.0594	0.0000	0.0000	0.0002	0.0831	0.0364	0.1790	0.0140	0.0066	0.0469	0.1786	0.1076	0.2425	69.1941	2.3904	0.0162	0.0177	11.5083	5.9920	19.4752	12.2976	0.0297	0.0004	0.0293	0.0297	0.0004	0.0293	0.0000	0.0000	0.0000	0.0716	0.0211	0.0505	0.0070	0.0027	0.0043	0.0646	0.0184	0.0462	0.4636	0.4019	0.0618	0.1065	0.1007	0.0058	0.3571	0.3012	0.0560	0.8623	0.5802	0.2821	0.5005	0.4089	0.0916	0.3618	0.1713	0.1905	0.7713	0.0289	2.6488	19.9641	0.6374	107.9249	0.0002	0.0000	0.0007	0.0831	0.0364	0.1790	0.0140	0.0066	0.0469	0.1786	0.1076	0.2425
4	126	0.6079	10	0	1	0	1	0	0	0	0	N	N	N	N	N	N	N	N	N	N	N	N	0.4701	0.3794	0.0189	0.0031	0.0029	0.0000	84.2087	53.4047	0.1641	0.5206	0.6020	0.0002	0.0061	0.0065	0.0000	0.7352	0.8796	0.0002	1.1074	1.5867	0.0087	1.9496	2.2856	0.0282	0.0087	0.0165	0.0012	0.0000	0.0024	-0.1016	-0.5353	11.5083	5.0407	19.4752	17.1705	0.2303	0.2303	0.0000	0.0008	0.0008	0.0000	0.2295	0.2295	0.0000	1.1740	1.1712	0.0028	1.1700	1.1675	0.0025	0.0040	0.0037	0.0003	0.4423	0.3825	0.0598	0.1302	0.1216	0.0086	0.3121	0.2609	0.0513	1.0601	0.7382	0.3220	0.6001	0.5108	0.0893	0.4600	0.2274	0.2326	0.4701	0.3794	0.0189	0.0031	0.0029	0.0000	84.2087	53.4047	0.1641	1.1074	1.5867	0.0087	1.9496	2.2856	0.0282	0.0087	0.0165	0.0012
4	127	0.5919	9	0	1	0	1	0	0	0	0	N	N	N	N	N	N	N	N	N	N	N	N	0.0467	0.0371	0.4788	0.0709	0.0652	0.0324	0.0341	0.0191	0.5863	0.0324	0.0360	0.0113	0.0438	0.0467	0.0009	0.0275	0.0307	0.0129	0.6949	0.9690	0.0236	0.6172	0.7155	0.0275	0.8076	1.6037	0.0220	0.0525	0.0099	-0.0024	-0.1529	11.5083	1.9703	19.4752	6.2034	0.0062	0.0059	0.0003	0.0025	0.0025	0.0000	0.0037	0.0034	0.0003	0.3409	0.3376	0.0034	0.1792	0.1781	0.0011	0.1617	0.1595	0.0022	0.1904	0.1632	0.0272	0.0575	0.0539	0.0036	0.1329	0.1093	0.0236	0.4906	0.3484	0.1423	0.2904	0.2489	0.0415	0.2002	0.0995	0.1008	0.0467	0.0371	0.4788	0.0709	0.0652	0.0324	0.0341	0.0191	0.5863	0.6949	0.9690	0.0236	0.6172	0.7155	0.0275	0.8076	1.6037	0.0220
4	128	0.5707	8	0	0	0	1	0	0	0	0	N	N	N	N	N	N	N	N	N	N	N	N	0.0595	0.0387	0.2911	0.0241	0.0249	0.0415	0.0312	0.0143	0.2144	0.0282	0.0238	0.0567	0.0005	0.0004	0.0012	0.0366	0.0317	0.0623	0.4738	0.6150	0.1947	0.0195	0.0174	0.0280	1.1749	2.2215	0.2908	0.3699	0.1602	-0.0004	-0.0741	11.5083	1.1032	19.4752	7.8190	0.0025	0.0018	0.0007	0.0000	0.0000	0.0000	0.0025	0.0018	0.0007	0.2314	0.1995	0.0320	0.0058	0.0041	0.0017	0.2257	0.1954	0.0303	0.0880	0.0762	0.0118	0.0205	0.0194	0.0011	0.0676	0.0568	0.0107	0.4885	0.3244	0.1641	0.2964	0.2364	0.0600	0.1921	0.0879	0.1041	0.0595	0.0387	0.2911	0.0241	0.0249	0.0415	0.0312	0.0143	0.2144	0.4738	0.6150	0.1947	0.0195	0.0174	0.0280	1.1749	2.2215	0.2908
4	129	0.2863	6	0	1	0	1	0	0	0	0	N	N	N	N	N	N	N	N	N	N	N	N	2.8756	2.4834	0.0004	3.8912	3.8835	0.0017	0.0000	0.0000	0.0000	0.0037	0.0041	0.0000	0.0074	0.0078	0.0000	0.0000	0.0000	0.0000	0.0013	0.0017	0.0004	0.0019	0.0020	0.0004	0.0006	0.0010	0.0004	0.0000	0.0859	-0.0005	-0.0003	11.5083	1.0033	19.4752	0.8635	0.0011	0.0011	0.0000	0.0011	0.0011	0.0000	0.0000	0.0000	0.0000	0.0008	0.0008	0.0001	0.0006	0.0006	0.0000	0.0002	0.0001	0.0001	0.2869	0.2574	0.0295	0.1438	0.1372	0.0066	0.1431	0.1202	0.0229	0.6472	0.4618	0.1854	0.3315	0.3116	0.0199	0.3158	0.1502	0.1656	2.8756	2.4834	0.0004	3.8912	3.8835	0.0017	0.0000	0.0000	0.0000	0.0013	0.0017	0.0004	0.0019	0.0020	0.0004	0.0006	0.0010	0.0004
4	130	0.2570	5	0	0	0	1	0	0	0	0	N	N	N	N	N	N	N	N	N	N	N	N	0.7159	0.4555	3.7033	7.6414	7.1517	19.2848	0.2736	0.0803	3.2470	0.0999	0.0835	0.1933	0.1960	0.1959	0.1972	0.0675	0.0384	0.1931	0.1395	0.1834	0.0522	0.0256	0.0274	0.0102	0.2466	0.4789	0.0595	0.4041	0.1432	-0.0103	-0.0963	11.5083	5.5514	19.4752	9.9598	0.0673	0.0479	0.0194	0.0333	0.0322	0.0011	0.0340	0.0157	0.0183	0.2893	0.2530	0.0362	0.0258	0.0247	0.0010	0.2635	0.2283	0.0352	0.6739	0.5737	0.1002	0.1699	0.1643	0.0056	0.5040	0.4094	0.0946	2.0738	1.3795	0.6943	1.0053	0.9028	0.1025	1.0685	0.4767	0.5919	0.7159	0.4555	3.7033	7.6414	7.1517	19.2848	0.2736	0.0803	3.2470	0.1395	0.1834	0.0522	0.0256	0.0274	0.0102	0.2466	0.4789	0.0595
4	132	0.6676	12	1	1	0	2	0	0	0	0	N	N	N	Y	N	N	N	N	N	N	N	N	0.0000	0.0000	0.0000	0.0000	0.0000	0.0000	0.0000	0.0000	0.0000	0.0000	0.0000	0.0000	0.0000	0.0000	0.0000	0.0000	0.0000	0.0008	0.0011	0.0000	0.0014	0.0016	0.0000	0.0000	0.0000	0.0000	0.0010	0.0000	-0.0001	11.5083	1.0000	19.4752	3.0001	0.0000	0.0000	0.0000	0.0000	0.0000	0.0000	0.0000	0.0000	0.0000	0.0001	0.0001	0.0000	0.0001	0.0001	0.0000	0.0000	0.0000	0.0000	0.0835	0.0724	0.0111	0.0221	0.0205	0.0016	0.0614	0.0519	0.0095	0.1680	0.1132	0.0548	0.0961	0.0792	0.0169	0.0719	0.0341	0.0379	0.0000	0.0000	0.0000	0.0000	0.0000	0.0000	0.0000	0.0000	0.0000	0.0008	0.0011	0.0000	0.0014	0.0016	0.0000	0.0000	0.0000	0.0000		
4	133	0.4997	12	1	1	0	2	0	0	0	0	N	N	N	Y	N	N	N	N	N	N	N	N	0.0000	0.0000	0.0000	0.0000	0.0000	0.0000	0.0000	0.0000	0.0000	0.0000	0.0000	0.0000	0.0000	0.0000	0.0000	0.0000	0.0000	0.0000	7.2393	0.0017	37.3637	1.4536	0.0028	15.9585	9.0402	0.0000	32.9434	5409.5044	0.0000	0.3490	11.5083	0.0006	19.4752	1.9797	0.0000	0.0000	0.0000	0.0000	0.0000	0.0000	0.0000	0.0000	0.0000	0.6446	0.0001	0.6445	0.0695	0.0001	0.0694	0.5751	0.0000	0.5751	0.0001	0.0001	0.0000	0.0000	0.0000	0.0000	0.0000	0.0000	0.0000	0.1114	0.0709	0.0406	0.0478	0.0420	0.0058	0.0636	0.0289	0.0347	0.0000	0.0000	0.0000	0.0000	0.0000	0.0000	0.0000	0.0000	0.0000	5.7844	0.0017	15.8862	1.4536	0.0028	11.8826	9.0402	0.0000	16.5595	
4	134	0.4830	11	1	1	0	2	0	0	0	0	N	N	N	Y	N	N	N	N	N	N	N	N	0.0000	0.0000	0.0000	0.0000	0.0000	0.0000	0.0000	0.0000	0.0000	0.0000	0.0000	0.0000	0.0000	0.0000	0.0000	0.0000	0.0000	0.0000	2.7353	0.0006	10.0243	0.0122	0.0006	0.0892	4.5008	0.0007	9.8739	7030.9177	0.0000	0.5234	11.5083	2.0077	19.4752	6.0321	0.0000	0.0000	0.0000	0.0000	0.0000	0.0000	0.0000	0.0000	0.0000	0.9667	0.0001	0.9665	0.0017	0.0001	0.0016	0.9650	0.0001	0.9649	0.1635	0.1403	0.0233	0.0368	0.0347	0.0021	0.1267	0.1056	0.0211	0.3534	0.2267	0.1267	0.1390	0.1207	0.0183	0.2144	0.1060	0.1084	0.0000	0.0000	0.0000	0.0000	0.0000	0.0000	0.0000	0.0000	0.0000	2.7353	0.0006	7.6308	0.0122	0.0006	0.0892	4.5008	0.0007	8.9012	
4	135	0.4782	11	0	1	0	2	0	0	0	0	N	N	N	Y	N	N	N	N	N	N	N	N	0.2856	0.2147	3.0835	0.5025	0.4652	33.9249	0.0708	0.0000	0.8119	0.0327	0.0380	0.0008	0.1345	0.1418	0.0065	0.0000	0.0000	0.0002	0.1146	0.1769	0.0003	0.2676	0.3048	0.0002	0.0005	0.0008	0.0003	0.0035	0.0008	-0.0036	-0.0344	11.5083	3.0348	19.4752	9.3583	0.0082	0.0082	0.0000	0.0082	0.0082	0.0000	0.0000	0.0000	0.0000	0.0751	0.0751	0.0001	0.0749	0.0749	0.0000	0.0002	0.0001	0.0001	0.2516	0.2162	0.0355	0.0612	0.0579	0.0033	0.1904	0.1583	0.0322	0.6555	0.4244	0.2311	0.2801	0.2458	0.0342	0.3755	0.1786	0.1968	0.2856	0.2147	3.0835	0.5025	0.4652	33.9249	0.0708	0.0000	0.8119	0.1146	0.1769	0.0003	0.2676	0.3048	0.0002	0.0005	0.0008	0.0003
4	136	0.4639	10	0	0	0	2	0	0	0	0	N	N	N	Y	N	N	N	N	N	N	N	N	0.0058	0.0048	0.0008	0.0087	0.0081	0.0158	0.0000	0.0000	0.0000	0.0072	0.0084	0.0002	0.0256	0.0266	0.0028	0.0000	0.0000	0.0000	1.2350	1.7645	0.2669	2.9410	3.2949	0.1798	0.1471	0.0113	0.2794	0.0046	0.0827	-0.0000	-0.1426	11.5083	0.0433	19.4752	6.6805	0.0000	0.0000	0.0000	0.0000	0.0000	0.0000	0.0000	0.0000	0.0000	0.3734	0.3449	0.0285	0.3463	0.3439	0.0024	0.0272	0.0010	0.0261	0.0043	0.0036	0.0006	0.0012	0.0012	0.0000	0.0031	0.0025	0.0006	0.3024	0.1955	0.1069	0.1177	0.1044	0.0134	0.1846	0.0911	0.0935	0.0058	0.0048	0.0008	0.0087	0.0081	0.0158	0.0000	0.0000	0.0000	1.2350	1.7645	0.2669	2.9410	3.2949	0.1798	0.1471	0.0113	0.2794
4	137	0.6973	14	0	1	0	2	0	0	0	0	N	N	N	Y	N	N	N	N	N	N	N	N	0.0000	0.0000	0.0000	0.0000	0.0000	0.0000	0.0000	0.0000	0.0000	0.0000	0.0000	0.0000	0.0000	0.0000	0.0000	0.0000	0.0000	0.0000	0.0000	0.0000	11.5083	0.0000	19.4752	0.0000	0.0000	0.0000	0.0000	0.0000	0.0000	0.0000	0.0000	0.0000	0.0000	0.0000	0.0000	0.0000	0.0000	0.0000	0.0000	0.0000	0.0000	0.0000	0.0000	0.0000	0.0000	0.0000	0.0000	0.0000	0.0000	0.0000	0.0000	0.0000	0.0000	0.0000	0.0000	0.0000	0.0000	0.0000	0.0000	0.0000	0.0000	0.0000	0.0000	0.0000	0.0000	0.0000	0.0000	0.0000	0.0000	0.0000	0.0000	0.0000	0.0000	0.0000	0.0000	0.0000	0.0000	0.0000											
4	138	0.6922	13	0	1	0	2	0	0	0	0	N	N	N	Y	N	N	N	N	N	N	N	N	0.0000	0.0000	0.0000	0.0000	0.0000	0.0000	0.0000	0.0000	0.0000	0.0000	0.0000	0.0000	0.0000	0.0000	0.0017	0.0025	0.0000	0.0029	0.0035	0.0000	0.0000	0.0000	0.0000	0.0000	-0.0000	-0.0001	11.5083	0.0021	19.4752	2.0000	0.0000	0.0000	0.0000	0.0000	0.0000	0.0000	0.0000	0.0000	0.0000	0.0001	0.0001	0.0000	0.0001	0.0001	0.0000	0.0000	0.0000	0.0000	0.0004	0.0004	0.0000	0.0003	0.0003	0.0000	0.0001	0.0001	0.0000	0.0862	0.0580	0.0282	0.0485	0.0405	0.0080	0.0376	0.0175	0.0201	0.0000	0.0000	0.0000	0.0000	0.0000	0.0000	0.0000	0.0000	0.0000	0.0017	0.0025	0.0000	0.0029	0.0035	0.0000	0.0000	0.0000	0.0000					
4	139	0.6820	12	0	0	0	2	0	0	0	0	N	N	N	Y	N	N	N	N	N	N	N	N	0.0001	0.0000	0.0014	0.0001	0.0001	0.0000	0.0004	0.0000	0.0012	0.0001	0.0001	0.0000	0.0005	0.0005	0.0000	0.0000	0.0000	0.0000	1.9329	2.8660	0.0001	3.4931	4.1978	0.0000	0.0001	0.0000	0.0001	0.0001	0.0000	-0.0000	-0.1523	11.5083	1.0020	19.4752	3.0181	0.0000	0.0000	0.0000	0.0000	0.0000	0.0000	0.0000	0.0000	0.0000	0.3323	0.3323	0.0000	0.3323	0.3323	0.0000	0.0000	0.0000	0.0000	0.0837	0.0726	0.0111	0.0219	0.0204	0.0015	0.0618	0.0522	0.0096	0.1719	0.1159	0.0560	0.0951	0.0792	0.0160	0.0768	0.0368	0.0400	0.0001	0.0000	0.0014	0.0001	0.0001	0.0000	0.0004	0.0000	0.0012	1.9329	2.8660	0.0001	3.4931	4.1978	0.0000	0.0001	0.0000	0.0001
4	140	0.6676	12	0	1	0	1	0	0	0	0	N	N	N	N	N	N	N	N	N	N	N	N	0.0000	0.0000	0.0000	0.0000	0.0000	0.0000	0.0000	0.0000	0.0000	0.0000	0.0000	0.0000	0.0000	0.0000	0.0000	0.0000	0.0000	0.0728	0.1080	0.0000	0.1273	0.1545	0.0000	0.0000	0.0000	0.0000	0.0000	0.0000	-0.0056	11.5083	0.0000	19.4752	4.0001	0.0000	0.0000	0.0000	0.0000	0.0000	0.0000	0.0000	0.0000	0.0000	0.0122	0.0122	0.0000	0.0122	0.0122	0.0000	0.0000	0.0000	0.0000	0.0000	0.0000	0.0000	0.0000	0.0000	0.0000	0.0000	0.0000	0.0000	0.1680	0.1132	0.0548	0.0961	0.0792	0.0169	0.0719	0.0341	0.0379	0.0000	0.0000	0.0000	0.0000	0.0000	0.0000	0.0000	0.0000	0.0000	0.0728	0.1080	0.0000	0.1273	0.1545	0.0000	0.0000	0.0000	0.0000		
4	141	0.4784	10	0	1	0	1	0	0	0	0	N	N	N	N	N	N	N	N	N	N	N	N	0.0008	0.0006	0.0009	0.0014	0.0013	0.0000	0.0001	0.0000	0.0009	0.0001	0.0001	0.0000	0.0002	0.0003	0.0000	0.0000	0.0000	0.0000	0.0713	0.1107	0.0004	0.1803	0.2071	0.0002	0.0006	0.0007	0.0005	0.0010	0.0021	-0.0000	-0.0088	11.5083	1.0003	19.4752	5.0186	0.0000	0.0000	0.0000	0.0000	0.0000	0.0000	0.0000	0.0000	0.0000	0.0193	0.0193	0.0000	0.0192	0.0192	0.0000	0.0001	0.0001	0.0000	0.0816	0.0700	0.0116	0.0184	0.0173	0.0011	0.0633	0.0527	0.0105	0.2710	0.1742	0.0968	0.1066	0.0928	0.0138	0.1644	0.0814	0.0830	0.0008	0.0006	0.0009	0.0014	0.0013	0.0000	0.0001	0.0000	0.0009	0.0713	0.1107	0.0004	0.1803	0.2071	0.0002	0.0006	0.0007	0.0005
4	142	0.6820	12	0	0	1	2	0	0	0	0	N	N	N	Y	N	N	N	N	N	N	N	N	0.0006	0.0000	0.0012	0.0000	0.0000	0.0000	0.0005	0.0000	0.0009	0.0001	0.0000	0.0003	0.0000	0.0000	0.0000	0.0001	0.0000	0.0003	0.0832	0.0032	0.2493	0.0018	0.0020	0.0006	0.1838	0.0056	0.3495	inf	38.0248	0.0000	0.0161	11.5083	0.0001	19.4752	9.0026	0.0000	0.0000	0.0000	0.0000	0.0000	0.0000	0.0000	0.0000	0.0000	0.0312	0.0008	0.0304	0.0004	0.0003	0.0000	0.0308	0.0005	0.0304	0.0000	0.0000	0.0000	0.0000	0.0000	0.0000	0.0000	0.0000	0.0000	0.3753	0.2533	0.1220	0.2074	0.1724	0.0350	0.1678	0.0809	0.0870	0.0006	0.0000	0.0012	0.0000	0.0000	0.0000	0.0005	0.0000	0.0009	0.0832	0.0032	0.2493	0.0018	0.0020	0.0006	0.1838	0.0056	0.3495
4	143	0.4639	10	0	0	1	2	0	0	0	0	N	N	N	Y	N	N	N	N	N	N	N	N	81.7095	63.8667	0.0000	794.6703	786.6771	0.0000	0.0000	0.0000	0.0000	6.0704	7.0599	0.0000	25.7905	27.3565	0.0000	0.0000	0.0000	0.0000	0.0743	0.1105	0.0081	0.0325	0.0348	0.0145	0.1009	0.1969	0.0071	0.0000	0.0399	-0.4349	-0.0138	11.5083	2.0061	19.4752	8.0425	0.9860	0.9860	0.0000	0.9860	0.9860	0.0000	0.0000	0.0000	0.0000	0.0330	0.0317	0.0013	0.0056	0.0053	0.0003	0.0274	0.0264	0.0010	0.1624	0.1397	0.0228	0.0382	0.0360	0.0022	0.1242	0.1036	0.0206	0.4439	0.2869	0.1570	0.1726	0.1528	0.0197	0.2713	0.1340	0.1373	81.7095	63.8667	0.0000	794.6703	786.6771	0.0000	0.0000	0.0000	0.0000	0.0743	0.1105	0.0081	0.0325	0.0348	0.0145	0.1009	0.1969	0.0071
4	144	0.4548	9	0	0	0	2	0	0	0	0	N	N	N	Y	N	N	N	N	N	N	N	N	0.8596	1.0444	0.0027	2.4857	2.4669	0.0618	0.0000	0.0000	0.0000	0.0026	0.0030	0.0000	0.0109	0.0115	0.0001	0.0000	0.0000	0.0000	0.0030	0.0029	0.0033	0.0044	0.0047	0.0016	0.0021	0.0008	0.0035	0.0005	0.5446	-0.0002	-0.0001	11.5083	1.9550	19.4752	2.1189	0.0004	0.0004	0.0000	0.0004	0.0004	0.0000	0.0000	0.0000	0.0000	0.0007	0.0005	0.0003	0.0004	0.0004	0.0000	0.0003	0.0001	0.0002	0.1715	0.1474	0.0241	0.0411	0.0390	0.0021	0.1305	0.1084	0.0221	0.2335	0.1579	0.0756	0.0953	0.0869	0.0084	0.1382	0.0710	0.0672	0.8596	1.0444	0.0027	2.4857	2.4669	0.0618	0.0000	0.0000	0.0000	0.0030	0.0029	0.0033	0.0044	0.0047	0.0016	0.0021	0.0008	0.0035
4	145	0.4548	9	0	0	1	2	0	0	0	0	N	N	N	Y	N	N	N	N	N	N	N	N	56.6835	43.4661	0.0692	0.0016	0.0014	0.1445	5482.1647	974400.6795	0.0576	3.3822	3.9368	0.0001	0.0003	0.0002	0.0005	4.4369	5.3391	0.0001	0.0597	0.0906	0.0018	0.1524	0.1707	0.0033	0.0008	0.0000	0.0016	0.0000	0.0107	-0.2764	-0.0248	11.5083	2.1261	19.4752	18.6477	0.6265	0.6265	0.0000	0.0000	0.0000	0.0000	0.6265	0.6265	0.0000	0.0553	0.0547	0.0006	0.0549	0.0547	0.0001	0.0005	0.0000	0.0005	0.1852	0.1591	0.0261	0.0440	0.0418	0.0022	0.1412	0.1173	0.0239	0.9273	0.6044	0.3229	0.3600	0.3206	0.0394	0.5673	0.2838	0.2835	56.6835	43.4661	0.0692	0.0016	0.0014	0.1445	5482.1647	974400.6795	0.0576	0.0597	0.0906	0.0018	0.1524	0.1707	0.0033	0.0008	0.0000	0.0016
4	146	0.6820	12	0	0	1	2	0	0	0	0	N	N	N	Y	N	N	N	N	N	N	N	N	0.0208	0.0163	0.0000	0.0443	0.0396	0.0000	0.0000	0.0000	0.0000	0.0016	0.0019	0.0000	0.0062	0.0067	0.0000	0.0000	0.0000	0.0000	0.0782	0.1148	0.0022	0.1401	0.1686	0.0000	0.0016	0.0000	0.0031	0.0000	0.0094	-0.0001	-0.0117	11.5083	2.0001	19.4752	5.9880	0.0003	0.0003	0.0000	0.0003	0.0003	0.0000	0.0000	0.0000	0.0000	0.0262	0.0259	0.0002	0.0259	0.0259	0.0000	0.0002	0.0000	0.0002	0.1663	0.1442	0.0221	0.0435	0.0405	0.0031	0.1228	0.1037	0.0191	0.3345	0.2257	0.1088	0.1849	0.1537	0.0312	0.1495	0.0720	0.0776	0.0208	0.0163	0.0000	0.0443	0.0396	0.0000	0.0000	0.0000	0.0000	0.0782	0.1148	0.0022	0.1401	0.1686	0.0000	0.0016	0.0000	0.0031
4	147	0.6820	12	0	0	1	2	0	0	0	0	N	N	N	Y	N	N	N	N	N	N	N	N	0.5564	0.4981	0.8769	0.0008	0.0000	0.0113	0.7336	0.6103	1.0523	1.7014	1.5896	2.4366	0.0024	0.0001	0.0342	2.2990	2.2043	2.8193	3.0577	3.1915	2.7785	2.9950	2.9887	3.0259	3.1340	3.6116	2.6792	0.2332	0.4170	-0.3107	-0.6123	11.5083	9.0001	19.4752	23.0169	1.2331	0.9999	0.2332	0.0005	0.0000	0.0004	1.2326	0.9999	0.2327	3.7319	2.6336	1.0983	2.0061	1.6635	0.3426	1.7258	0.9700	0.7558	0.7247	0.6290	0.0957	0.1886	0.1754	0.0132	0.5362	0.4536	0.0826	1.2205	0.8252	0.3953	0.6698	0.5566	0.1132	0.5507	0.2686	0.2821	0.5564	0.4981	0.8769	0.0008	0.0000	0.0113	0.7336	0.6103	1.0523	3.0577	3.1915	2.7785	2.9950	2.9887	3.0259	3.1340	3.6116	2.6792
4	148	0.6567	11	0	0	0	2	0	0	0	0	N	N	N	Y	N	N	N	N	N	N	N	N	0.0766	0.0643	0.1244	0.1723	0.1718	0.0000	0.0360	0.0026	0.1988	0.0005	0.0005	0.0004	0.0016	0.0017	0.0000	0.0001	0.0000	0.0005	0.0062	0.0075	0.0036	0.0091	0.0098	0.0057	0.0024	0.0021	0.0026	0.1425	0.2301	-0.0000	-0.0008	11.5083	1.9990	19.4752	7.9526	0.0001	0.0001	0.0000	0.0001	0.0001	0.0000	0.0000	0.0000	0.0000	0.0028	0.0023	0.0005	0.0023	0.0021	0.0003	0.0004	0.0002	0.0003	0.1672	0.1450	0.0222	0.0445	0.0414	0.0031	0.1227	0.1036	0.0191	0.4439	0.3002	0.1437	0.2568	0.2114	0.0454	0.1871	0.0888	0.0983	0.0766	0.0643	0.1244	0.1723	0.1718	0.0000	0.0360	0.0026	0.1988	0.0062	0.0075	0.0036	0.0091	0.0098	0.0057	0.0024	0.0021	0.0026
4	149	0.6247	10	1	1	0	1	0	0	0	0	N	N	N	N	N	N	N	N	N	N	N	N	1.1809	4.5371	0.0156	23.9188	27.5571	0.0000	0.0040	0.0002	0.0140	0.0946	0.1097	0.0032	0.2871	0.3191	0.0000	0.0007	0.0000	0.0042	0.0801	0.0242	0.2052	0.0120	0.0116	0.0140	0.1707	0.0511	0.2973	0.0049	3.7892	-0.0230	0.0288	11.5083	5.3497	19.4752	17.2225	0.0527	0.0524	0.0003	0.0524	0.0524	0.0000	0.0003	0.0000	0.0003	0.0865	0.0181	0.0684	0.0074	0.0059	0.0015	0.0790	0.0122	0.0669	0.5568	0.4776	0.0793	0.1825	0.1642	0.0183	0.3743	0.3134	0.0609	1.0798	0.7465	0.3333	0.6168	0.5085	0.1083	0.4630	0.2380	0.2250	1.1809	4.5371	0.0156	23.9188	27.5571	0.0000	0.0040	0.0002	0.0140	0.0801	0.0242	0.2052	0.0120	0.0116	0.0140	0.1707	0.0511	0.2973
4	150	0.6556	11	0	1	0	1	0	0	0	0	N	N	N	N	N	N	N	N	N	N	N	N	0.0773	0.0743	0.1341	0.2291	0.1312	58.7010	0.0018	0.0000	0.0053	0.1197	0.0882	0.3222	0.3023	0.2154	1.1974	0.0036	0.0000	0.0217	1.5482	1.1876	2.4036	1.3194	1.6420	0.0204	1.9279	0.0717	4.1190	0.5683	0.8533	-0.0046	0.0044	11.5083	3.6794	19.4752	17.4287	0.0585	0.0373	0.0212	0.0575	0.0373	0.0201	0.0011	0.0000	0.0011	2.1412	1.1554	0.9859	1.1387	1.1352	0.0035	1.0025	0.0202	0.9824	0.4889	0.4231	0.0658	0.1901	0.1733	0.0168	0.2988	0.2499	0.0490	1.3830	0.9729	0.4102	0.8630	0.6914	0.1717	0.5200	0.2815	0.2385	0.0773	0.0743	0.1341	0.2291	0.1312	58.7010	0.0018	0.0000	0.0053	1.5482	1.1876	2.4036	1.3194	1.6420	0.0204	1.9279	0.0717	4.1190
4	151	0.6247	10	0	1	0	1	0	0	0	0	N	N	N	N	N	N	N	N	N	N	N	N	0.2785	0.1842	2.3260	0.4597	0.3383	4.2708	0.0603	0.0477	0.1361	0.2392	0.2113	0.4020	0.6544	0.5569	1.4345	0.0047	0.0032	0.0124	0.8589	1.1475	0.1728	1.4234	1.6462	0.3359	0.0782	0.0666	0.0913	0.3261	0.0634	-0.0190	-0.2566	11.5083	3.4464	19.4752	10.1316	0.0971	0.0733	0.0239	0.0959	0.0726	0.0234	0.0012	0.0007	0.0005	0.6433	0.6050	0.0383	0.6187	0.5939	0.0248	0.0246	0.0111	0.0135	0.4061	0.3467	0.0594	0.1466	0.1303	0.0163	0.2595	0.2164	0.0432	0.7491	0.5273	0.2218	0.4347	0.3608	0.0739	0.3144	0.1665	0.1479	0.2785	0.1842	2.3260	0.4597	0.3383	4.2708	0.0603	0.0477	0.1361	0.8589	1.1475	0.1728	1.4234	1.6462	0.3359	0.0782	0.0666	0.0913
4	152	0.4852	12	1	1	0	1	0	0	0	0	N	N	N	N	N	N	N	N	N	N	N	N	0.0000	0.0000	0.0000	0.0000	0.0000	0.0000	0.0000	0.0000	0.0000	0.0000	0.0000	0.0000	0.0000	0.0000	0.0000	0.0000	0.0000	0.0000	1.6324	2.5307	0.0173	4.1221	4.7447	0.0040	0.0100	0.0002	0.0196	0.0038	0.0000	-0.4174	11.5083	1.0143	19.4752	12.0086	0.0000	0.0000	0.0000	0.0000	0.0000	0.0000	0.0000	0.0000	0.0000	0.9182	0.9147	0.0035	0.9148	0.9147	0.0001	0.0034	0.0000	0.0034	0.0840	0.0720	0.0120	0.0194	0.0183	0.0011	0.0646	0.0537	0.0109	0.5625	0.3614	0.2010	0.2219	0.1928	0.0291	0.3405	0.1687	0.1719	0.0000	0.0000	0.0000	0.0000	0.0000	0.0000	0.0000	0.0000	0.0000	1.6324	2.5307	0.0173	4.1221	4.7447	0.0040	0.0100	0.0002	0.0196	
4	153	0.4830	11	1	1	0	1	0	0	0	0	N	N	N	N	N	N	N	N	N	N	N	N	0.0000	0.0000	0.0000	0.0000	0.0000	0.0000	0.0000	0.0000	0.0000	0.0000	0.0000	0.0000	0.0000	0.0000	0.0000	0.0000	0.0000	0.0000	0.0270	0.0395	0.0048	0.0642	0.0738	0.0004	0.0028	0.0000	0.0056	0.0683	0.0000	-0.0005	11.5083	0.9811	19.4752	0.0216	0.0000	0.0000	0.0000	0.0000	0.0000	0.0000	0.0000	0.0000	0.0000	0.0012	0.0012	0.0001	0.0012	0.0012	0.0000	0.0001	0.0000	0.0001	0.0806	0.0691	0.0115	0.0183	0.0172	0.0010	0.0624	0.0519	0.0105	0.0457	0.0293	0.0164	0.0180	0.0157	0.0023	0.0277	0.0136	0.0141	0.0000	0.0000	0.0000	0.0000	0.0000	0.0000	0.0000	0.0000	0.0000	0.0270	0.0395	0.0048	0.0642	0.0738	0.0004	0.0028	0.0000	0.0056	
4	154	0.4784	10	1	1	0	1	0	0	0	0	N	N	N	N	N	N	N	N	N	N	N	N	0.7033	2.5116	0.0021	6.4293	6.7432	0.0000	0.0007	0.0000	0.0023	0.0057	0.0066	0.0000	0.0192	0.0210	0.0000	0.0000	0.0000	0.0000	0.0081	0.0026	0.0180	0.0030	0.0031	0.0022	0.0114	0.0021	0.0207	0.0010	3.7343	-0.0000	0.0003	11.5083	0.0083	19.4752	2.0001	0.0000	0.0000	0.0000	0.0000	0.0000	0.0000	0.0000	0.0000	0.0000	0.0008	0.0002	0.0006	0.0001	0.0001	0.0000	0.0007	0.0001	0.0006	0.0008	0.0007	0.0001	0.0002	0.0002	0.0000	0.0006	0.0005	0.0001	0.0949	0.0614	0.0335	0.0378	0.0330	0.0048	0.0571	0.0284	0.0287	0.7033	2.5116	0.0021	6.4293	6.7432	0.0000	0.0007	0.0000	0.0023	0.0081	0.0026	0.0180	0.0030	0.0031	0.0022	0.0114	0.0021	0.0207
4	155	0.4548	9	0	1	0	1	0	0	0	0	N	N	N	N	N	N	N	N	N	N	N	N	0.8309	0.6503	0.0090	42.0983	79.9887	0.0000	0.0001	0.0000	0.0494	0.0825	0.0961	0.0001	0.3554	0.3751	0.0000	0.0000	0.0000	0.0001	0.0993	0.1477	0.0059	0.0084	0.0047	0.0412	0.1583	0.3133	0.0012	0.0001	0.0208	-0.0090	-0.0219	11.5083	2.9180	19.4752	7.4065	0.0205	0.0205	0.0000	0.0205	0.0205	0.0000	0.0000	0.0000	0.0000	0.0501	0.0490	0.0010	0.0017	0.0008	0.0008	0.0484	0.0482	0.0002	0.2484	0.2133	0.0351	0.0577	0.0546	0.0030	0.1907	0.1587	0.0321	0.5040	0.3319	0.1721	0.1985	0.1781	0.0204	0.3056	0.1538	0.1517	0.8309	0.6503	0.0090	42.0983	79.9887	0.0000	0.0001	0.0000	0.0494	0.0993	0.1477	0.0059	0.0084	0.0047	0.0412	0.1583	0.3133	0.0012
4	156	0.3890	8	0	0	0	1	0	0	0	0	N	N	N	N	N	N	N	N	N	N	N	N	0.0322	0.1024	0.0566	0.1619	0.1550	0.3489	0.0194	0.0790	0.0518	0.0147	0.0068	0.0711	0.0160	0.0144	0.0534	0.0141	0.0024	0.0733	0.4587	0.0666	1.2549	0.0989	0.0931	0.1531	0.7284	0.0305	1.4147	1.4677	9.2790	0.0023	0.3508	11.5083	8.2479	19.4752	19.7214	0.0148	0.0060	0.0088	0.0054	0.0047	0.0007	0.0094	0.0013	0.0081	0.7894	0.0768	0.7126	0.0729	0.0619	0.0110	0.7165	0.0149	0.7016	1.0033	0.8795	0.1238	0.3364	0.3226	0.0137	0.6669	0.5568	0.1101	1.7208	1.1529	0.5678	0.7372	0.6653	0.0719	0.9836	0.4877	0.4959	0.0322	0.1024	0.0566	0.1619	0.1550	0.3489	0.0194	0.0790	0.0518	0.4587	0.0666	1.2549	0.0989	0.0931	0.1531	0.7284	0.0305	1.4147
4	157	0.3528	7	0	0	0	1	0	0	0	0	N	N	N	N	N	N	N	N	N	N	N	N	2.0103	1.4617	5.1683	0.0366	0.0305	0.8260	4.0079	5.8924	4.7577	1.9278	1.5135	4.1409	0.0486	0.0451	0.1407	2.5912	2.1380	4.3990	0.9590	1.0354	0.8012	1.3265	1.4785	0.1704	0.6465	0.3628	0.9246	0.5123	0.3749	-0.1561	-0.2960	11.5083	7.4725	19.4752	14.3153	1.5245	1.0081	0.5164	0.0100	0.0090	0.0011	1.5145	0.9991	0.5153	1.5936	1.1591	0.4345	1.0129	0.9978	0.0151	0.5807	0.1613	0.4194	0.7908	0.6661	0.1247	0.2063	0.1988	0.0076	0.5845	0.4673	0.1171	1.6618	1.1195	0.5423	0.7636	0.6749	0.0887	0.8982	0.4446	0.4536	2.0103	1.4617	5.1683	0.0366	0.0305	0.8260	4.0079	5.8924	4.7577	0.9590	1.0354	0.8012	1.3265	1.4785	0.1704	0.6465	0.3628	0.9246
4	158	0.2873	6	0	0	0	1	0	0	0	0	N	N	N	N	N	N	N	N	N	N	N	N	0.6195	0.0145	8.9100	0.1232	0.1093	0.7301	0.5656	0.0016	8.5006	0.4532	0.0134	3.1137	0.0525	0.0502	0.1285	0.5548	0.0025	3.2446	0.7315	0.9256	0.3495	0.4261	0.4594	0.1760	0.9809	1.6201	0.3817	38.3246	0.1919	0.2711	-0.5162	11.5083	11.6653	19.4752	19.4910	0.5082	0.0129	0.4952	0.0119	0.0111	0.0009	0.4963	0.0019	0.4944	1.7356	1.4562	0.2794	0.4544	0.4324	0.0221	1.2812	1.0238	0.2573	1.1214	0.9623	0.1591	0.2270	0.2203	0.0067	0.8944	0.7421	0.1524	2.3726	1.5732	0.7995	1.0665	0.9412	0.1253	1.3061	0.6320	0.6741	0.6195	0.0145	8.9100	0.1232	0.1093	0.7301	0.5656	0.0016	8.5006	0.7315	0.9256	0.3495	0.4261	0.4594	0.1760	0.9809	1.6201	0.3817
4	161	0.6753	14	1	1	0	1	0	0	0	0	N	N	N	N	N	N	N	N	N	N	N	N	0.0000	0.0000	0.0000	0.0000	0.0000	0.0000	0.0000	0.0000	0.0000	0.0000	0.0000	0.0000	0.0000	0.0000	0.0000	0.0000	0.0000	0.0000	0.0011	0.0016	0.0001	0.0020	0.0023	0.0004	0.0000	0.0000	0.0000	0.0432	0.0000	-0.0001	11.5083	0.0002	19.4752	3.0099	0.0000	0.0000	0.0000	0.0000	0.0000	0.0000	0.0000	0.0000	0.0000	0.0001	0.0001	0.0000	0.0001	0.0001	0.0000	0.0000	0.0000	0.0000	0.0000	0.0000	0.0000	0.0000	0.0000	0.0000	0.0000	0.0000	0.0000	0.1284	0.0869	0.0416	0.0734	0.0606	0.0128	0.0550	0.0263	0.0287	0.0000	0.0000	0.0000	0.0000	0.0000	0.0000	0.0000	0.0000	0.0000	0.0011	0.0016	0.0001	0.0020	0.0023	0.0004	0.0000	0.0000	0.0000	
4	162	0.6677	13	1	1	0	1	0	0	0	0	N	N	N	N	N	N	N	N	N	N	N	N	0.0000	0.0000	0.0000	0.0000	0.0000	0.0000	0.0000	0.0000	0.0000	0.0000	0.0000	0.0000	0.0000	0.0000	0.0000	0.0000	0.0000	0.0000	0.0001	0.0002	0.0000	0.0001	0.0001	0.0000	0.0002	0.0004	0.0000	0.0179	0.0000	-0.0000	11.5083	0.9998	19.4752	2.0118	0.0000	0.0000	0.0000	0.0000	0.0000	0.0000	0.0000	0.0000	0.0000	0.0000	0.0000	0.0000	0.0000	0.0000	0.0000	0.0000	0.0000	0.0000	0.0835	0.0724	0.0111	0.0221	0.0205	0.0016	0.0614	0.0519	0.0095	0.1270	0.0856	0.0414	0.0727	0.0599	0.0128	0.0544	0.0257	0.0286	0.0000	0.0000	0.0000	0.0000	0.0000	0.0000	0.0000	0.0000	0.0000	0.0001	0.0002	0.0000	0.0001	0.0001	0.0000	0.0002	0.0004	0.0000	
4	163	0.6676	12	1	1	0	1	0	0	0	0	N	N	N	N	N	N	N	N	N	N	N	N	0.0000	0.0000	0.0000	0.0000	0.0000	0.0000	0.0000	0.0000	0.0000	0.0000	0.0000	0.0000	0.0000	0.0000	0.0000	0.0000	0.0000	0.0111	0.0093	0.0194	0.0205	0.0156	0.0815	0.0006	0.0000	0.0019	0.4545	0.0000	-0.0000	11.5083	0.0000	19.4752	0.0003	0.0000	0.0000	0.0000	0.0000	0.0000	0.0000	0.0000	0.0000	0.0000	0.0000	0.0000	0.0000	0.0000	0.0000	0.0000	0.0000	0.0000	0.0000	0.0000	0.0000	0.0000	0.0000	0.0000	0.0000	0.0000	0.0000	0.0000	0.0000	0.0000	0.0000	0.0000	0.0000	0.0000	0.0000	0.0000	0.0000	0.0000	0.0000	0.0000	0.0000	0.0000	0.0000	0.0000	0.0000	0.0000	0.0111	0.0093	0.0194	0.0205	0.0156	0.0815	0.0006	0.0000	0.0019		
4	164	0.6567	11	0	1	0	1	0	0	0	0	N	N	N	N	N	N	N	N	N	N	N	N	0.4400	0.3596	0.0000	0.6063	0.5312	0.0000	0.0491	0.0325	0.0000	0.0428	0.0514	0.0000	0.0945	0.1005	0.0000	0.0006	0.0009	0.0000	0.0974	0.1429	0.0010	0.1558	0.1892	0.0007	0.0132	0.0266	0.0012	0.0000	0.0033	-0.0000	-0.0097	11.5083	0.0063	19.4752	4.3641	0.0001	0.0001	0.0000	0.0001	0.0001	0.0000	0.0000	0.0000	0.0000	0.0214	0.0213	0.0001	0.0202	0.0202	0.0000	0.0012	0.0011	0.0001	0.0016	0.0014	0.0003	0.0007	0.0007	0.0000	0.0009	0.0007	0.0002	0.2195	0.1490	0.0704	0.1295	0.1066	0.0229	0.0900	0.0425	0.0475	0.4400	0.3596	0.0000	0.6063	0.5312	0.0000	0.0491	0.0325	0.0000	0.0974	0.1429	0.0010	0.1558	0.1892	0.0007	0.0132	0.0266	0.0012
4	165	0.6247	10	0	0	0	1	0	0	0	0	N	N	N	N	N	N	N	N	N	N	N	N	4.5080	3.9582	0.7861	13.0077	13.6301	0.0813	0.0312	0.0003	5.7221	0.1590	0.1860	0.0056	0.4074	0.4619	0.0015	0.0013	0.0000	0.0074	0.0353	0.0470	0.0071	0.0313	0.0339	0.0187	0.0408	0.0754	0.0013	0.0053	0.0630	-0.0230	-0.0100	11.5083	2.5207	19.4752	10.0226	0.0528	0.0525	0.0003	0.0525	0.0525	0.0000	0.0003	0.0000	0.0003	0.0250	0.0235	0.0015	0.0129	0.0116	0.0013	0.0121	0.0119	0.0002	0.3318	0.2822	0.0496	0.1289	0.1136	0.0153	0.2030	0.1686	0.0344	0.7095	0.5011	0.2085	0.4128	0.3430	0.0698	0.2967	0.1580	0.1387	4.5080	3.9582	0.7861	13.0077	13.6301	0.0813	0.0312	0.0003	5.7221	0.0353	0.0470	0.0071	0.0313	0.0339	0.0187	0.0408	0.0754	0.0013
4	166	0.6092	9	0	0	0	1	0	0	0	0	N	N	N	N	N	N	N	N	N	N	N	N	24.9860	17.1831	71.3476	51.6094	47.1210	3.0701	12.1512	0.0007	52.3067	3.1677	1.9564	11.4324	3.8744	4.0122	0.0868	2.6107	0.0001	12.9949	0.1268	0.1139	0.1602	0.0751	0.0851	0.0283	0.2149	0.1872	0.2484	0.8565	0.5436	0.0232	-0.0077	11.5083	2.6894	19.4752	4.6619	1.1447	0.6166	0.5281	0.6171	0.6166	0.0005	0.5277	0.0000	0.5276	0.0729	0.0472	0.0257	0.0272	0.0254	0.0018	0.0457	0.0218	0.0239	0.3614	0.3152	0.0462	0.1593	0.1537	0.0056	0.2021	0.1615	0.0406	0.5752	0.4149	0.1603	0.3624	0.2982	0.0642	0.2128	0.1167	0.0961	24.9860	17.1831	71.3476	51.6094	47.1210	3.0701	12.1512	0.0007	52.3067	0.1268	0.1139	0.1602	0.0751	0.0851	0.0283	0.2149	0.1872	0.2484
4	167	0.5707	8	0	0	0	1	0	0	0	0	N	N	N	N	N	N	N	N	N	N	N	N	0.3397	0.0069	76.7345	20.1820	0.6573	1520.3587	0.0533	0.0000	18.8898	0.1943	0.0058	1.4150	0.5979	0.0231	10.6377	0.0733	0.0000	0.4648	0.5721	0.8479	0.0184	0.0296	0.0351	0.0070	1.3754	2.9363	0.0246	37.4006	0.0108	0.0228	-0.1504	11.5083	2.7966	19.4752	8.5340	0.0428	0.0011	0.0417	0.0304	0.0011	0.0292	0.0124	0.0000	0.0124	0.3360	0.3324	0.0036	0.0104	0.0099	0.0005	0.3256	0.3225	0.0031	0.2201	0.1906	0.0294	0.0508	0.0480	0.0027	0.1693	0.1426	0.0267	0.5874	0.3920	0.1953	0.3506	0.2822	0.0684	0.2368	0.1098	0.1269	0.3397	0.0069	76.7345	20.1820	0.6573	1520.3587	0.0533	0.0000	18.8898	0.5721	0.8479	0.0184	0.0296	0.0351	0.0070	1.3754	2.9363	0.0246
5	6	0.3587	3	1	1	1	0	0	0	0	0	N	N	N	N	N	N	N	N	N	N	N	N	0.0000	0.0000	0.0000	0.0000	0.0000	0.0000	0.0000	0.0000	0.0000	0.0000	0.0000	0.0000	0.0000	0.0000	0.0000	0.0000	0.0000	0.0000	0.0191	0.0305	0.0026	0.0661	0.0706	0.0067	0.0090	0.0150	0.0025	0.0587	0.0000	-0.0096	16.0000	3.1362	24.4443	18.3411	0.0000	0.0000	0.0000	0.0000	0.0000	0.0000	0.0000	0.0000	0.0000	0.0238	0.0225	0.0013	0.0146	0.0145	0.0001	0.0092	0.0080	0.0012	0.3441	0.2908	0.0533	0.0265	0.0261	0.0004	0.3176	0.2647	0.0529	1.2453	0.7382	0.5071	0.2211	0.2054	0.0157	1.0242	0.5328	0.4914	0.0000	0.0000	0.0000	0.0000	0.0000	0.0000	0.0000	0.0000	0.0000	0.0191	0.0305	0.0026	0.0661	0.0706	0.0067	0.0090	0.0150	0.0025	
5	7	0.4175	4	1	0	2	1	0	0	0	0	N	N	Y	N	N	N	N	N	N	N	N	N	0.0000	0.0000	0.0000	0.0000	0.0000	0.0000	0.0000	0.0000	0.0000	0.0000	0.0000	0.0000	0.0000	0.0000	0.0000	0.0000	0.0000	0.0000	1.2834	2.0654	0.0035	0.1780	0.1964	0.0141	1.8761	3.9783	0.0024	0.0010	0.0000	-0.4482	16.0000	0.6329	24.4443	9.5631	0.0000	0.0000	0.0000	0.0000	0.0000	0.0000	0.0000	0.0000	0.0000	0.9801	0.9791	0.0010	0.0475	0.0471	0.0004	0.9326	0.9320	0.0006	0.0748	0.0652	0.0096	0.0094	0.0093	0.0002	0.0653	0.0559	0.0094	0.7637	0.4740	0.2896	0.2666	0.2398	0.0268	0.4971	0.2343	0.2628	0.0000	0.0000	0.0000	0.0000	0.0000	0.0000	0.0000	0.0000	0.0000	1.2834	2.0654	0.0035	0.1780	0.1964	0.0141	1.8761	3.9783	0.0024	
5	8	0.7705	7	1	0	2	1	0	0	0	0	N	N	Y	N	N	N	N	N	N	N	N	N	0.0001	0.0001	0.0000	0.0003	0.0003	0.0000	0.0000	0.0000	0.0000	0.0003	0.0003	0.0000	0.0014	0.0015	0.0000	0.0000	0.0000	0.0000	2.4175	3.4674	0.0576	4.3382	5.1278	0.0003	0.0413	0.0033	0.0796	0.0000	0.0074	-0.0000	-0.8785	16.0000	2.7092	24.4443	11.4516	0.0001	0.0001	0.0000	0.0001	0.0001	0.0000	0.0000	0.0000	0.0000	1.9479	1.9336	0.0143	1.9330	1.9329	0.0000	0.0149	0.0006	0.0143	0.3020	0.2579	0.0441	0.0656	0.0619	0.0037	0.2363	0.1960	0.0404	0.8057	0.5576	0.2481	0.4456	0.3770	0.0686	0.3601	0.1807	0.1795	0.0001	0.0001	0.0000	0.0003	0.0003	0.0000	0.0000	0.0000	0.0000	2.4175	3.4674	0.0576	4.3382	5.1278	0.0003	0.0413	0.0033	0.0796
5	9	0.3955	3	2	1	1	0	0	0	0	0	Y	N	N	N	N	N	N	N	N	N	N	N	0.0000	0.0000	0.0000	0.0000	0.0000	0.0000	0.0000	0.0000	0.0000	0.0000	0.0000	0.0000	0.0000	0.0000	0.0000	0.0000	2.5757	4.2124	0.0038	25.8658	29.4065	0.0000	0.0020	0.0000	0.0043	0.0006	0.0000	-1.0503	16.0000	2.0019	24.4443	13.5902	0.0000	0.0000	0.0000	0.0000	0.0000	0.0000	0.0000	0.0000	0.0000	2.2944	2.2930	0.0013	2.2930	2.2930	0.0000	0.0013	0.0000	0.0013	0.1959	0.1662	0.0296	0.0089	0.0082	0.0007	0.1870	0.1580	0.0290	0.8908	0.5444	0.3464	0.2135	0.1792	0.0343	0.6773	0.3651	0.3121	0.0000	0.0000	0.0000	0.0000	0.0000	0.0000	0.0000	0.0000	0.0000	2.5757	4.2124	0.0038	10.7405	12.7944	0.0000	0.0020	0.0000	0.0043			
5	10	0.4290	6	2	0	2	0	0	0	0	0	Y	N	Y	N	N	N	N	N	N	N	N	N	0.0000	0.0000	0.0000	0.0000	0.0000	0.0000	0.0000	0.0000	0.0000	0.0000	0.0000	0.0000	0.0000	0.0000	0.0000	0.0000	0.0000	0.2590	0.4210	0.0162	0.8141	1.0031	0.0073	0.0088	0.0000	0.0177	0.0256	0.0000	-0.0690	16.0000	1.0010	24.4443	10.8665	0.0000	0.0000	0.0000	0.0000	0.0000	0.0000	0.0000	0.0000	0.0000	0.1593	0.1553	0.0040	0.1555	0.1553	0.0003	0.0037	0.0000	0.0037	0.0986	0.0838	0.0148	0.0087	0.0080	0.0008	0.0898	0.0758	0.0140	0.6148	0.3688	0.2460	0.1911	0.1548	0.0363	0.4237	0.2140	0.2097	0.0000	0.0000	0.0000	0.0000	0.0000	0.0000	0.0000	0.0000	0.0000	0.2590	0.4210	0.0162	0.8141	1.0031	0.0073	0.0088	0.0000	0.0177		
5	11	0.4185	6	2	1	1	1	0	0	0	0	Y	N	N	N	N	N	N	N	N	N	N	N	0.0000	0.0000	0.0000	0.0000	0.0000	0.0000	0.0000	0.0000	0.0000	0.0000	0.0000	0.0000	0.0000	0.0000	0.0000	0.0000	0.0000	0.0000	0.0000	0.0000	16.0000	0.0000	24.4443	4.9998	0.0000	0.0000	0.0000	0.0000	0.0000	0.0000	0.0000	0.0000	0.0000	0.0000	0.0000	0.0000	0.0000	0.0000	0.0000	0.0000	0.0000	0.0000	0.0000	0.0000	0.0000	0.0000	0.0000	0.0000	0.0000	0.0000	0.0000	0.2349	0.1305	0.1043	0.0284	0.0247	0.0038	0.2064	0.1059	0.1006	0.0000	0.0000	0.0000	0.0000	0.0000	0.0000	0.0000	0.0000	0.0000	0.0000	0.0000	0.0000	0.0000	0.0000	0.0000	0.0000	0.0000	0.0000											
5	12	0.8174	9	2	1	1	1	0	0	0	0	Y	N	N	N	N	N	N	N	N	N	N	N	0.0000	0.0000	0.0000	0.0000	0.0000	0.0000	0.0000	0.0000	0.0000	0.0000	0.0000	0.0000	0.0000	0.0073	0.0109	0.0000	0.0148	0.0177	0.0000	0.0000	0.0000	0.0000	0.0000	0.0000	-0.0004	16.0000	0.9995	24.4443	2.0282	0.0000	0.0000	0.0000	0.0000	0.0000	0.0000	0.0000	0.0000	0.0000	0.0009	0.0009	0.0000	0.0009	0.0009	0.0000	0.0000	0.0000	0.0000	0.0944	0.0814	0.0131	0.0227	0.0209	0.0019	0.0717	0.0605	0.0112	0.1251	0.0836	0.0415	0.0615	0.0514	0.0100	0.0637	0.0322	0.0315	0.0000	0.0000	0.0000	0.0000	0.0000	0.0000	0.0000	0.0000	0.0000	0.0073	0.0109	0.0000	0.0148	0.0177	0.0000	0.0000	0.0000	0.0000						
5	13	0.4164	4	2	0	2	0	0	0	0	0	Y	N	Y	N	N	N	N	N	N	N	N	N	0.0000	0.0000	0.0000	0.0000	0.0000	0.0000	0.0000	0.0000	0.0000	0.0000	0.0000	0.0000	0.0000	0.0000	0.0000	0.0000	0.0000	1.6114	0.0065	4.2014	0.0257	0.0165	0.0683	2.2777	0.0000	4.8600	400.3853	0.0000	0.5215	16.0000	0.0560	24.4443	10.7426	0.0000	0.0000	0.0000	0.0000	0.0000	0.0000	0.0000	0.0000	0.0000	0.9673	0.0024	0.9649	0.0046	0.0024	0.0022	0.9628	0.0000	0.9628	0.0235	0.0212	0.0023	0.0095	0.0094	0.0001	0.0140	0.0117	0.0023	0.6003	0.3706	0.2297	0.1776	0.1460	0.0316	0.4227	0.2246	0.1981	0.0000	0.0000	0.0000	0.0000	0.0000	0.0000	0.0000	0.0000	0.0000	1.6114	0.0065	4.2014	0.0257	0.0165	0.0683	2.2777	0.0000	4.8600		
5	14	0.3793	4	1	0	2	0	0	0	0	0	N	N	Y	N	N	N	N	N	N	N	N	N	0.4303	0.3461	0.0000	0.8503	0.7929	0.0000	0.0000	0.0000	0.0000	0.0001	0.0001	0.0000	0.0010	0.0011	0.0000	0.0000	0.0000	0.0000	0.0002	0.0003	0.0001	0.0012	0.0014	0.0001	0.0000	0.0000	0.0001	0.0000	0.1878	-0.0001	-0.0001	16.0000	16.7310	24.4443	15.9078	0.0001	0.0001	0.0000	0.0001	0.0001	0.0000	0.0000	0.0000	0.0000	0.0003	0.0002	0.0000	0.0002	0.0002	0.0000	0.0000	0.0000	0.0000	1.5930	1.3562	0.2368	0.1273	0.1186	0.0087	1.4657	1.2376	0.2281	1.4900	0.8590	0.6311	0.1962	0.1678	0.0284	1.2939	0.6912	0.6027	0.4303	0.3461	0.0000	0.8503	0.7929	0.0000	0.0000	0.0000	0.0000	0.0002	0.0003	0.0001	0.0012	0.0014	0.0001	0.0000	0.0000	0.0001
5	15	0.6646	5	1	0	2	0	0	0	0	0	N	N	Y	N	N	N	N	N	N	N	N	N	0.0156	1.0937	0.0000	0.0493	1.5274	0.0002	0.0091	0.7033	0.0000	0.0259	0.0295	0.0001	0.0244	0.0259	0.0006	0.0265	0.0311	0.0000	1.6611	0.0270	5.4429	0.4950	0.0169	3.3025	2.9020	0.0442	6.1511	0.0004	87.0682	-0.0114	1.2425	16.0000	10.3367	24.4443	13.9008	0.0258	0.0258	0.0000	0.0067	0.0067	0.0000	0.0190	0.0190	0.0000	2.3431	0.0266	2.3165	0.3600	0.0105	0.3494	1.9831	0.0161	1.9670	0.9942	0.8727	0.1215	0.2766	0.2605	0.0161	0.7176	0.6121	0.1054	1.4106	0.9850	0.4256	0.7272	0.6214	0.1058	0.6834	0.3636	0.3198	0.0156	1.0937	0.0000	0.0493	1.5274	0.0002	0.0091	0.7033	0.0000	1.6611	0.0270	5.4429	0.4950	0.0169	3.3025	2.9020	0.0442	6.1511
5	16	0.3428	3	1	0	2	0	0	0	0	0	N	N	Y	N	N	N	N	N	N	N	N	N	0.4750	0.0000	3.9176	0.0975	0.0987	0.0000	0.4147	0.0000	3.8456	0.8721	0.0000	5.7146	0.0010	0.0010	0.0000	0.8876	0.0000	5.7286	1.8360	2.1056	1.4587	0.0103	0.0104	0.0088	2.1402	2.7315	1.4897	50000.0000	0.4951	0.5589	-0.3865	16.0000	12.0000	24.4443	18.8883	1.0000	0.0000	1.0000	0.0000	0.0000	0.0000	1.0000	0.0000	1.0000	3.0387	2.0324	1.0063	0.0024	0.0023	0.0001	3.0363	2.0301	1.0062	1.1466	0.9716	0.1750	0.0199	0.0195	0.0004	1.1267	0.9521	0.1746	1.6551	0.9653	0.6899	0.2365	0.2220	0.0144	1.4187	0.7432	0.6754	0.4750	0.0000	3.9176	0.0975	0.0987	0.0000	0.4147	0.0000	3.8456	1.8360	2.1056	1.4587	0.0103	0.0104	0.0088	2.1402	2.7315	1.4897
5	17	0.8259	6	2	1	1	0	0	0	0	0	Y	N	N	N	N	N	N	N	N	N	N	N	0.0000	0.0000	0.0000	0.0000	0.0000	0.0000	0.0000	0.0000	0.0000	0.0000	0.0000	0.0000	0.0000	0.0000	0.0000	1.8046	0.0000	5.8920	0.0000	0.0000	0.0001	4.4329	0.0000	10.6183	inf	0.0000	0.5416	16.0000	3.5868	24.4443	9.0275	0.0000	0.0000	0.0000	0.0000	0.0000	0.0000	0.0000	0.0000	0.0000	1.0000	0.0000	1.0000	0.0000	0.0000	0.0000	1.0000	0.0000	1.0000	0.5481	0.4884	0.0596	0.2212	0.2121	0.0091	0.3268	0.2763	0.0505	0.5542	0.3844	0.1697	0.3286	0.2689	0.0597	0.2256	0.1155	0.1101	0.0000	0.0000	0.0000	0.0000	0.0000	0.0000	0.0000	0.0000	0.0000	1.8046	0.0000	5.8920	0.0000	0.0000	0.0001	4.4329	0.0000	9.0853				
5	18	0.3955	3	2	1	1	0	0	0	0	0	Y	N	N	N	N	N	N	N	N	N	N	N	0.0000	0.0000	0.0000	0.0000	0.0000	0.0000	0.0000	0.0000	0.0000	0.0000	0.0000	0.0000	0.0000	0.0000	0.0000	0.0000	1.1687	0.4386	2.2788	1.1690	1.4025	0.0000	1.1687	0.0000	2.5179	3.4169	0.0000	0.4080	16.0000	3.9981	24.4443	16.5900	0.0000	0.0000	0.0000	0.0000	0.0000	0.0000	0.0000	0.0000	0.0000	1.2944	0.2930	1.0013	0.2930	0.2930	0.0000	1.0013	0.0000	1.0013	0.3876	0.3292	0.0585	0.0175	0.0162	0.0013	0.3701	0.3129	0.0572	1.1075	0.6681	0.4394	0.2507	0.2089	0.0417	0.8568	0.4591	0.3977	0.0000	0.0000	0.0000	0.0000	0.0000	0.0000	0.0000	0.0000	0.0000	1.1687	0.4386	2.2788	1.1690	1.4025	0.0000	1.1687	0.0000	2.5179			
5	19	0.7816	7	1	0	2	1	0	0	0	0	N	N	Y	N	N	N	N	N	N	N	N	N	0.0000	0.0000	0.0000	0.0000	0.0000	0.0000	0.0000	0.0000	0.0000	0.0000	0.0000	0.0000	0.0000	0.0000	0.0000	0.0000	0.0000	0.0000	0.0000	0.0000	16.0000	0.0000	24.4443	2.0009	0.0000	0.0000	0.0000	0.0000	0.0000	0.0000	0.0000	0.0000	0.0000	0.0000	0.0000	0.0000	0.0000	0.0000	0.0000	0.0000	0.0000	0.0000	0.0008	0.0007	0.0002	0.0004	0.0004	0.0000	0.0004	0.0002	0.0002	0.0863	0.0578	0.0285	0.0414	0.0345	0.0069	0.0449	0.0233	0.0217	0.0000	0.0000	0.0000	0.0000	0.0000	0.0000	0.0000	0.0000	0.0000	0.0000	0.0000	0.0000	0.0000	0.0000	0.0000	0.0000	0.0000	0.0000											
5	20	0.7959	8	1	0	2	1	0	0	0	0	N	N	Y	N	N	N	N	N	N	N	N	N	0.4213	0.3836	0.0000	0.2865	0.2724	0.0000	1.0425	7548.0862	0.0000	4.4924	5.2236	0.0000	10.4011	11.3144	0.0000	2.8649	3.3956	0.0000	10.6626	13.6164	4.2136	36.3089	41.5353	0.0004	2.7481	0.0004	5.6488	0.0000	0.2272	-2.6466	-2.9508	16.0000	14.9999	24.4443	23.4905	5.9999	5.9999	0.0000	2.9999	2.9999	0.0000	3.0000	3.0000	0.0000	10.8008	8.8009	1.9999	8.8008	8.8007	0.0000	2.0001	0.0002	1.9999	1.3356	1.1486	0.1869	0.2884	0.2651	0.0233	1.0471	0.8835	0.1637	1.4170	0.9424	0.4746	0.6893	0.5686	0.1206	0.7278	0.3737	0.3540	0.5894	0.5593	0.0000	0.8146	0.7311	0.0000	1.0425	7548.0862	0.0000	7.6221	9.3388	4.2136	12.7685	15.4765	0.0004	2.7481	0.0004	5.6488
5	21	0.3955	3	1	1	1	0	0	0	0	0	N	N	N	N	N	N	N	N	N	N	N	N	0.0000	0.0000	0.0000	0.0000	0.0000	0.0000	0.0000	0.0000	0.0000	0.0000	0.0000	0.0000	0.0000	0.0000	0.0000	0.0000	0.0000	3.1814	3.1254	3.2625	3.5470	4.3106	0.0000	3.0874	2.6537	3.5803	0.7208	0.0000	-0.2238	16.0000	4.9981	24.4443	32.5905	0.0000	0.0000	0.0000	0.0000	0.0000	0.0000	0.0000	0.0000	0.0000	5.6667	3.2930	2.3736	1.2930	1.2930	0.0000	4.3736	2.0000	2.3736	0.4824	0.4097	0.0727	0.0218	0.0202	0.0016	0.4606	0.3895	0.0711	1.7812	1.0536	0.7275	0.3646	0.3000	0.0646	1.4166	0.7537	0.6630	0.0000	0.0000	0.0000	0.0000	0.0000	0.0000	0.0000	0.0000	0.0000	3.1814	3.1254	3.2625	3.5470	4.3106	0.0000	3.0874	2.6537	3.5803		
5	22	0.8259	6	1	1	1	0	0	0	0	0	N	N	N	N	N	N	N	N	N	N	N	N	0.4300	0.0000	1.0896	109.3594	0.0000	664.7906	0.2515	0.0000	0.8012	0.0090	0.0000	0.0726	0.0016	0.0000	0.0274	0.0122	0.0000	0.0805	0.0208	0.0001	0.0666	0.0000	0.0000	0.0000	0.0487	0.0003	0.1005	inf	298.6624	0.0061	0.0097	16.0000	12.5677	24.4443	9.8718	0.0109	0.0000	0.0109	0.0006	0.0000	0.0006	0.0103	0.0000	0.0103	0.0179	0.0001	0.0179	0.0000	0.0000	0.0000	0.0179	0.0001	0.0179	1.2133	1.0635	0.1498	0.3748	0.3525	0.0223	0.8384	0.7110	0.1274	0.8611	0.5927	0.2684	0.4924	0.4020	0.0905	0.3687	0.1907	0.1780	0.4300	0.0000	1.0896	109.3594	0.0000	664.7906	0.2515	0.0000	0.8012	0.0208	0.0001	0.0666	0.0000	0.0000	0.0000	0.0487	0.0003	0.1005
5	23	0.4431	6	1	0	1	1	0	0	0	0	N	N	N	N	N	N	N	N	N	N	N	N	0.0000	0.0000	0.0000	0.0000	0.0000	0.0000	0.0000	0.0000	0.0000	0.0000	0.0000	0.0000	0.0000	0.0000	0.0000	0.0000	0.0000	0.0000	0.0000	0.0000	16.0000	0.9981	24.4443	0.0014	0.0000	0.0000	0.0000	0.0000	0.0000	0.0000	0.0000	0.0000	0.0000	0.0000	0.0000	0.0000	0.0000	0.0000	0.0000	0.0000	0.0000	0.0000	0.0975	0.0830	0.0145	0.0081	0.0075	0.0006	0.0894	0.0755	0.0139	0.0467	0.0264	0.0203	0.0069	0.0061	0.0009	0.0398	0.0203	0.0195	0.0000	0.0000	0.0000	0.0000	0.0000	0.0000	0.0000	0.0000	0.0000	0.0000	0.0000	0.0000	0.0000	0.0000	0.0000	0.0000	0.0000	0.0000											
5	24	0.3952	3	1	1	1	1	0	0	0	0	N	N	N	N	N	N	N	N	N	N	N	N	0.0000	0.0000	0.0000	0.0000	0.0000	0.0000	0.0000	0.0000	0.0000	0.0000	0.0000	0.0000	0.0000	0.0000	0.0000	0.0000	0.0000	0.0000	2.1250	3.4343	0.0040	3.1885	3.6732	0.0007	1.6025	3.2287	0.0045	0.0007	0.0000	-0.9267	16.0000	0.6341	24.4443	12.6218	0.0000	0.0000	0.0000	0.0000	0.0000	0.0000	0.0000	0.0000	0.0000	2.0250	2.0235	0.0015	1.0011	1.0011	0.0000	1.0239	1.0225	0.0014	0.0769	0.0670	0.0099	0.0087	0.0086	0.0001	0.0682	0.0584	0.0098	0.9529	0.5892	0.3637	0.3140	0.2725	0.0414	0.6390	0.3167	0.3223	0.0000	0.0000	0.0000	0.0000	0.0000	0.0000	0.0000	0.0000	0.0000	2.1250	3.4343	0.0040	3.1885	3.6732	0.0007	1.6025	3.2287	0.0045	
5	25	0.7656	5	1	1	1	0	0	0	0	0	N	N	N	N	N	N	N	N	N	N	N	N	8.6485	7.4388	0.7735	0.3814	0.2949	9.1812	40.6155	58.3778	0.0998	0.7979	0.9022	0.0215	0.0555	0.0506	0.1474	1.1139	1.3060	0.0033	0.0923	0.1213	0.0278	0.1454	0.1716	0.0161	0.0274	0.0224	0.0328	0.0032	0.1033	-0.4332	-0.0404	16.0000	10.0221	24.4443	10.6811	0.9892	0.9861	0.0032	0.0205	0.0178	0.0027	0.9687	0.9683	0.0004	0.1107	0.1004	0.0104	0.0959	0.0941	0.0018	0.0148	0.0062	0.0086	1.2397	1.0929	0.1468	0.3701	0.3515	0.0186	0.8696	0.7414	0.1282	1.2001	0.8274	0.3727	0.6593	0.5484	0.1109	0.5408	0.2790	0.2618	8.6485	7.4388	0.7735	0.3814	0.2949	9.1812	40.6155	58.3778	0.0998	0.0923	0.1213	0.0278	0.1454	0.1716	0.0161	0.0274	0.0224	0.0328
5	26	0.4296	5	1	1	1	0	0	0	0	0	N	N	N	N	N	N	N	N	N	N	N	N	0.0002	0.0002	0.0000	0.0000	0.0000	0.0000	0.3029	7.4316	0.0000	0.0003	0.0003	0.0000	0.0000	0.0000	0.0000	0.0003	0.0004	0.0000	1.3518	2.2364	0.0019	6.9244	8.2081	0.0008	0.0010	0.0000	0.0020	0.0000	0.0006	-0.0000	-0.3357	16.0000	3.9997	24.4443	5.4032	0.0001	0.0001	0.0000	0.0000	0.0000	0.0000	0.0001	0.0001	0.0000	0.7332	0.7328	0.0004	0.7328	0.7328	0.0000	0.0004	0.0000	0.0004	0.3849	0.3271	0.0578	0.0215	0.0200	0.0016	0.3634	0.3072	0.0562	0.5424	0.3277	0.2147	0.1335	0.1157	0.0178	0.4089	0.2120	0.1969	0.0002	0.0002	0.0000	0.0000	0.0000	0.0000	0.3029	7.4316	0.0000	1.3518	2.2364	0.0019	5.4877	6.3342	0.0008	0.0010	0.0000	0.0020
5	27	0.7959	8	1	1	1	1	0	0	0	0	N	N	N	N	N	N	N	N	N	N	N	N	0.0001	0.0000	0.0013	0.0003	0.0000	14.5432	0.0000	0.0000	0.0000	0.0002	0.0000	0.0012	0.0008	0.0000	0.0097	0.0000	0.0000	0.0000	1.7808	2.2051	0.9060	2.9633	3.5537	0.0007	0.5931	0.0002	1.2157	inf	0.1993	0.0000	-0.3504	16.0000	4.9655	24.4443	10.6561	0.0001	0.0000	0.0001	0.0001	0.0000	0.0001	0.0000	0.0000	0.0000	1.1993	1.0000	0.1993	1.0000	1.0000	0.0000	0.1993	0.0000	0.1993	0.4691	0.4023	0.0668	0.1045	0.0962	0.0082	0.3647	0.3061	0.0586	0.6735	0.4535	0.2200	0.3375	0.2814	0.0561	0.3360	0.1721	0.1639	0.0001	0.0000	0.0013	0.0003	0.0000	14.5432	0.0000	0.0000	0.0000	1.7808	2.2051	0.9060	2.9633	3.5537	0.0007	0.5931	0.0002	1.2157
5	28	0.4481	7	1	1	1	1	0	0	0	0	N	N	N	N	N	N	N	N	N	N	N	N	0.0000	0.0000	0.0000	0.0000	0.0000	0.0000	0.0000	0.0000	0.0000	0.0000	0.0000	0.0000	0.0000	0.0000	0.0000	0.0000	0.0000	0.0000	0.0000	0.0000	16.0000	0.0000	24.4443	0.0000	0.0000	0.0000	0.0000	0.0000	0.0000	0.0000	0.0000	0.0000	0.0000	0.0000	0.0000	0.0000	0.0000	0.0000	0.0000	0.0000	0.0000	0.0000	0.0000	0.0000	0.0000	0.0000	0.0000	0.0000	0.0000	0.0000	0.0000	0.0000	0.0000	0.0000	0.0000	0.0000	0.0000	0.0000	0.0000	0.0000	0.0000	0.0000	0.0000	0.0000	0.0000	0.0000	0.0000	0.0000	0.0000	0.0000	0.0000	0.0000	0.0000	0.0000	0.0000	0.0000	0.0000	0.0000											
5	29	0.4155	2	2	1	1	0	0	0	0	0	Y	N	N	N	N	N	N	N	N	N	N	N	21.2422	17.3705	inf	0.0701	0.0294	inf	126.3798	87.2434	inf	1.9576	2.2929	0.0171	0.0148	0.0069	0.1799	2.3932	2.8824	0.0074	0.0922	0.1320	0.0000	0.2105	0.2338	0.0000	0.0189	0.0330	0.0000	0.0013	0.0000	-0.4365	-0.0516	16.0000	3.9885	24.4443	8.5018	0.9924	0.9912	0.0013	0.0014	0.0006	0.0008	0.9911	0.9906	0.0005	0.1126	0.1126	0.0000	0.0983	0.0983	0.0000	0.0143	0.0143	0.0000	0.5070	0.4323	0.0747	0.0929	0.0886	0.0042	0.4141	0.3437	0.0705	1.2214	0.8528	0.3687	0.4668	0.4203	0.0466	0.7546	0.4325	0.3221	21.2422	17.3705	inf	0.0701	0.0294	inf	126.3798	87.2434	inf	0.0922	0.1320	0.0000	0.2105	0.2338	0.0000	0.0189	0.0330	0.0000
5	30	0.4064	4	1	1	1	0	0	0	0	0	N	N	N	N	N	N	N	N	N	N	N	N	0.0000	0.0000	0.0000	0.0000	0.0000	0.0000	0.0000	0.0000	0.0000	0.0000	0.0000	0.0000	0.0000	0.0000	0.0000	0.0000	0.0000	0.0000	1.4475	0.0234	4.7589	0.0537	0.0439	0.2532	2.3388	0.0001	5.0493	87.6183	0.0000	0.4994	16.0000	0.9701	24.4443	4.0208	0.0000	0.0000	0.0000	0.0000	0.0000	0.0000	0.0000	0.0000	0.0000	0.9417	0.0106	0.9310	0.0136	0.0106	0.0030	0.9281	0.0000	0.9280	0.3020	0.2676	0.0343	0.1130	0.1114	0.0017	0.1889	0.1562	0.0327	0.6505	0.4549	0.1956	0.2537	0.2419	0.0118	0.3968	0.2130	0.1838	0.0000	0.0000	0.0000	0.0000	0.0000	0.0000	0.0000	0.0000	0.0000	1.4475	0.0234	4.7589	0.0537	0.0439	0.2532	2.3388	0.0001	5.0493	
5	31	0.3810	2	1	0	1	1	0	0	0	0	N	N	N	N	N	N	N	N	N	N	N	N	0.0000	0.0000	0.0000	0.0000	0.0000	0.0000	0.0000	0.0000	0.0000	0.0000	0.0000	0.0000	0.0000	0.0000	0.0000	0.0000	0.0000	0.0000	0.7838	1.1950	0.1532	0.0836	0.0221	0.4626	1.0628	1.9934	0.1185	0.0836	0.0000	-0.3929	16.0000	5.0045	24.4443	16.6627	0.0000	0.0000	0.0000	0.0000	0.0000	0.0000	0.0000	0.0000	0.0000	1.0306	0.9511	0.0795	0.0313	0.0071	0.0242	0.9993	0.9440	0.0553	0.4825	0.4085	0.0740	0.0108	0.0101	0.0008	0.4717	0.3985	0.0732	1.3148	0.7959	0.5190	0.3746	0.3223	0.0523	0.9402	0.4735	0.4667	0.0000	0.0000	0.0000	0.0000	0.0000	0.0000	0.0000	0.0000	0.0000	0.7838	1.1950	0.1532	0.0836	0.0221	0.4626	1.0628	1.9934	0.1185	
5	32	0.9233	8	2	0	2	0	0	0	0	0	Y	N	Y	N	N	N	N	N	N	N	N	N	1249.7242	1004.3570	3213.8721	2817.4658	8.0539	9.4053	0.0000	35.9651	38.4083	0.0000	0.0000	0.0000	0.0000	0.0064	0.0094	0.0000	0.0112	0.0136	0.0000	0.0000	0.0000	0.0000	0.0000	0.0000	-0.4411	-0.0002	16.0000	1.4893	24.4443	0.0050	1.0000	1.0000	0.0000	1.0000	1.0000	0.0000	0.0000	0.0000	0.0000	0.0004	0.0004	0.0000	0.0004	0.0004	0.0000	0.0000	0.0000	0.0000	0.1242	0.1063	0.0178	0.0278	0.0260	0.0018	0.0964	0.0803	0.0161	0.0590	0.0406	0.0184	0.0340	0.0279	0.0061	0.0250	0.0127	0.0123	1249.7242	1004.3570	0.0000	3213.8721	2817.4658	0.0000	0.0000	0.0000	0.0000	0.0064	0.0094	0.0000	0.0112	0.0136	0.0000	0.0000	0.0000	0.0000					
5	33	0.4065	4	2	0	2	0	0	0	0	0	Y	N	Y	N	N	N	N	N	N	N	N	N	0.0000	0.0000	0.0000	0.0000	0.0000	0.0000	0.0000	0.0000	0.0000	0.0000	0.0000	0.0000	0.0000	0.0000	0.0000	0.0042	0.0068	0.0000	0.0216	0.0232	0.0000	0.0000	0.0000	0.0000	0.0000	0.0000	-0.0007	16.0000	0.9855	24.4443	5.0251	0.0000	0.0000	0.0000	0.0000	0.0000	0.0000	0.0000	0.0000	0.0000	0.0015	0.0015	0.0000	0.0015	0.0015	0.0000	0.0000	0.0000	0.0000	0.1033	0.0881	0.0152	0.0077	0.0073	0.0003	0.0956	0.0808	0.0148	0.3583	0.2215	0.1367	0.0703	0.0653	0.0050	0.2880	0.1562	0.1318	0.0000	0.0000	0.0000	0.0000	0.0000	0.0000	0.0000	0.0000	0.0000	0.0042	0.0068	0.0000	0.0216	0.0232	0.0000	0.0000	0.0000	0.0000				
5	34	0.3793	4	1	1	1	0	0	0	0	0	N	N	N	N	N	N	N	N	N	N	N	N	0.0000	0.0000	0.0000	0.0000	0.0000	0.0000	0.0000	0.0000	0.0000	0.0000	0.0000	0.0000	0.0000	0.0000	0.0000	0.0000	0.0000	6.3382	4.3899	7.6930	0.0002	0.0000	0.0015	6.7889	6.3873	7.2445	1.0000	0.0000	0.0833	16.0000	2.0026	24.4443	4.0175	0.0000	0.0000	0.0000	0.0000	0.0000	0.0000	0.0000	0.0000	0.0000	2.0000	1.0000	1.0000	0.0000	0.0000	0.0000	2.0000	1.0000	1.0000	0.2547	0.2136	0.0411	0.0422	0.0410	0.0012	0.2125	0.1726	0.0399	0.3750	0.2278	0.1472	0.0804	0.0712	0.0092	0.2946	0.1566	0.1380	0.0000	0.0000	0.0000	0.0000	0.0000	0.0000	0.0000	0.0000	0.0000	5.3333	4.3899	6.7931	0.0002	0.0000	0.0015	6.7889	6.3873	7.2445		
5	35	0.3793	3	1	0	1	0	0	0	0	0	N	N	N	N	N	N	N	N	N	N	N	N	0.8676	0.4941	2.7801	0.8851	0.8177	0.0000	0.8573	0.0000	2.6255	0.0026	0.0016	0.0073	0.0041	0.0041	0.0000	0.0019	0.0000	0.0074	0.0030	0.0032	0.0026	0.0046	0.0050	0.0007	0.0023	0.0018	0.0028	1.0000	0.4323	0.0000	-0.0001	16.0000	0.4148	24.4443	1.5497	0.0003	0.0001	0.0001	0.0001	0.0001	0.0000	0.0001	0.0000	0.0001	0.0006	0.0004	0.0002	0.0003	0.0003	0.0000	0.0003	0.0001	0.0002	0.0990	0.0812	0.0178	0.0317	0.0315	0.0003	0.0672	0.0497	0.0175	0.1833	0.1196	0.0637	0.0597	0.0540	0.0057	0.1236	0.0656	0.0580	0.8676	0.4941	2.7801	0.8851	0.8177	0.0000	0.8573	0.0000	2.6255	0.0030	0.0032	0.0026	0.0046	0.0050	0.0007	0.0023	0.0018	0.0028
5	37	0.3955	3	2	1	1	0	0	0	0	0	Y	N	N	N	N	N	N	N	N	N	N	N	0.0000	0.0000	0.0000	0.0000	0.0000	0.0000	0.0000	0.0000	0.0000	0.0000	0.0000	0.0000	0.0000	0.0000	0.0000	0.0000	0.0000	0.0000	2.5370	2.0961	3.1808	0.1267	0.0002	0.7225	3.1726	2.9523	3.4236	1.0393	0.0000	0.2090	16.0000	6.9981	24.4443	25.9787	0.0000	0.0000	0.0000	0.0000	0.0000	0.0000	0.0000	0.0000	0.0000	4.0786	2.0001	2.0786	0.0425	0.0001	0.0424	4.0361	2.0000	2.0361	0.6693	0.5688	0.1006	0.0302	0.0280	0.0022	0.6391	0.5408	0.0983	1.6077	0.9542	0.6535	0.3355	0.2767	0.0587	1.2722	0.6774	0.5947	0.0000	0.0000	0.0000	0.0000	0.0000	0.0000	0.0000	0.0000	0.0000	2.5370	2.0961	3.1808	0.1267	0.0002	0.7225	3.1726	2.9523	3.4236	
5	38	0.3793	3	1	1	1	0	0	0	0	0	N	N	N	N	N	N	N	N	N	N	N	N	0.7130	0.5908	0.0000	1.1869	1.0987	0.0000	0.0000	0.0000	0.0000	0.0003	0.0003	0.0000	0.0022	0.0023	0.0000	0.0000	0.0000	0.0000	0.0004	0.0005	0.0001	0.0018	0.0021	0.0002	0.0001	0.0000	0.0001	0.0000	0.1960	-0.0001	-0.0001	16.0000	4.7553	24.4443	10.1994	0.0001	0.0001	0.0000	0.0001	0.0001	0.0000	0.0000	0.0000	0.0000	0.0003	0.0002	0.0000	0.0002	0.0002	0.0000	0.0000	0.0000	0.0000	0.5190	0.4387	0.0804	0.0597	0.0569	0.0028	0.4593	0.3817	0.0776	0.7759	0.4544	0.3215	0.1230	0.1067	0.0162	0.6529	0.3476	0.3053	0.7130	0.5908	0.0000	1.1869	1.0987	0.0000	0.0000	0.0000	0.0000	0.0004	0.0005	0.0001	0.0018	0.0021	0.0002	0.0001	0.0000	0.0001
5	40	0.3955	3	1	1	1	0	0	0	0	0	N	N	N	N	N	N	N	N	N	N	N	N	0.4541	0.4996	0.0000	0.0000	0.0000	0.0000	0.6606	1.1085	0.0000	1.4932	1.7572	0.0000	0.0000	0.0000	0.0000	1.5639	1.8482	0.0000	3.2886	3.5170	2.9515	10.2208	12.0546	0.8047	2.3673	1.6672	3.1673	0.0000	0.5686	-0.4411	-0.4511	16.0000	7.0019	24.4443	21.4344	1.0000	1.0000	0.0000	0.0000	0.0000	0.0000	1.0000	1.0000	0.0000	4.7037	2.9987	1.7049	2.0412	1.9987	0.0424	2.6625	1.0000	1.6625	0.6697	0.5691	0.1006	0.0303	0.0280	0.0022	0.6394	0.5411	0.0984	1.4303	0.8526	0.5776	0.3056	0.2528	0.0527	1.1247	0.5998	0.5249	0.4541	0.4996	0.0000	0.0000	0.0000	0.0000	0.6606	1.1085	0.0000	3.2886	3.5170	2.9515	6.6796	7.9052	0.8047	2.3673	1.6672	3.1673
5	41	0.8259	6	1	1	1	0	0	0	0	0	N	N	N	N	N	N	N	N	N	N	N	N	0.0000	0.0000	0.0000	0.0000	0.0000	0.0000	0.0000	0.0000	0.0000	0.0000	0.0000	0.0000	0.0000	0.0000	0.0000	0.0000	0.0000	0.0014	0.0020	0.0000	0.0023	0.0028	0.0000	0.0002	0.0003	0.0000	0.0036	0.0000	-0.0005	16.0000	8.1446	24.4443	10.2519	0.0000	0.0000	0.0000	0.0000	0.0000	0.0000	0.0000	0.0000	0.0000	0.0010	0.0010	0.0000	0.0010	0.0010	0.0000	0.0001	0.0001	0.0000	0.9045	0.7962	0.1083	0.3038	0.2875	0.0162	0.6007	0.5087	0.0920	0.7491	0.5168	0.2324	0.4332	0.3539	0.0794	0.3159	0.1629	0.1530	0.0000	0.0000	0.0000	0.0000	0.0000	0.0000	0.0000	0.0000	0.0000	0.0014	0.0020	0.0000	0.0023	0.0028	0.0000	0.0002	0.0003	0.0000		
5	42	0.3955	3	1	1	1	0	0	0	0	0	N	N	N	N	N	N	N	N	N	N	N	N	0.7408	0.5297	4.9285	4.5030	0.0000	0.0000	1.7352	2.0425	0.0000	38.3944	41.4769	0.0000	0.0000	0.0000	0.0000	2.3425	3.8560	0.0000	7.7903	9.2109	0.0000	1.3337	2.4809	0.0000	0.0000	0.0000	-0.4411	-1.0505	16.0000	5.9981	24.4443	11.5875	1.0000	1.0000	0.0000	1.0000	1.0000	0.0000	0.0000	0.0000	0.0000	2.2917	2.2917	0.0000	1.2917	1.2917	0.0000	1.0000	1.0000	0.0000	0.5763	0.4896	0.0867	0.0260	0.0241	0.0019	0.5502	0.4655	0.0848	0.9783	0.5943	0.3840	0.2285	0.1913	0.0373	0.7498	0.4031	0.3467	0.7408	0.5297	0.0000	6.7932	6.1412	0.0000	0.0000	0.0000	0.0000	2.3425	3.8560	0.0000	5.6519	6.7539	0.0000	1.3337	2.4809	0.0000			
5	43	0.4792	3	1	1	2	1	0	0	0	0	N	N	Y	N	N	N	N	N	N	N	N	N	0.0000	0.0000	0.0000	0.0000	0.0000	0.0000	0.0000	0.0000	0.0000	0.0000	0.0000	0.0000	0.0000	0.0000	0.0000	0.0000	0.0000	2.9880	4.1229	0.0010	9.5691	10.1936	0.0000	0.0034	0.0050	0.0012	0.0001	0.0000	-0.3856	16.0000	1.0007	24.4443	2.4334	0.0000	0.0000	0.0000	0.0000	0.0000	0.0000	0.0000	0.0000	0.0000	0.8413	0.8412	0.0001	0.8408	0.8408	0.0000	0.0005	0.0004	0.0001	0.0960	0.0815	0.0145	0.0073	0.0068	0.0005	0.0887	0.0746	0.0140	0.2816	0.2040	0.0775	0.1308	0.1187	0.0121	0.1508	0.0854	0.0655	0.0000	0.0000	0.0000	0.0000	0.0000	0.0000	0.0000	0.0000	0.0000	2.9880	4.1229	0.0010	6.4303	7.0844	0.0000	0.0034	0.0050	0.0012		
5	44	0.4420	2	1	0	1	1	0	0	0	0	N	N	N	N	N	N	N	N	N	N	N	N	0.0000	0.0000	0.0000	0.0000	0.0000	0.0000	0.0000	0.0000	0.0000	0.0000	0.0000	0.0000	0.0000	0.0000	0.0000	0.0000	0.0000	0.0000	0.6020	0.7416	0.3149	0.7920	0.8008	0.7410	0.4295	0.6515	0.1991	0.2065	0.0000	-0.2238	16.0000	1.0391	24.4443	15.0482	0.0000	0.0000	0.0000	0.0000	0.0000	0.0000	0.0000	0.0000	0.0000	0.7793	0.6459	0.1334	0.4879	0.4208	0.0671	0.2914	0.2251	0.0663	0.1068	0.0909	0.0159	0.0112	0.0107	0.0005	0.0956	0.0802	0.0154	1.2945	0.8710	0.4235	0.6160	0.5255	0.0905	0.6785	0.3455	0.3330	0.0000	0.0000	0.0000	0.0000	0.0000	0.0000	0.0000	0.0000	0.0000	0.6020	0.7416	0.3149	0.7920	0.8008	0.7410	0.4295	0.6515	0.1991	
5	46	0.8029	9	2	1	1	0	0	0	0	0	Y	N	N	N	N	N	N	N	N	N	N	N	0.0000	0.0000	0.0000	0.0000	0.0000	0.0000	0.0000	0.0000	0.0000	0.0000	0.0000	0.0000	0.0000	0.0000	0.0000	0.0000	0.0010	0.0010	0.0009	0.0013	0.0016	0.0000	0.0006	0.0000	0.0013	0.5000	0.0000	-0.0000	16.0000	2.0120	24.4443	1.9924	0.0000	0.0000	0.0000	0.0000	0.0000	0.0000	0.0000	0.0000	0.0000	0.0002	0.0001	0.0001	0.0001	0.0001	0.0000	0.0001	0.0000	0.0001	0.1913	0.1649	0.0264	0.0470	0.0432	0.0038	0.1444	0.1217	0.0226	0.1560	0.1033	0.0527	0.0752	0.0621	0.0131	0.0809	0.0412	0.0397	0.0000	0.0000	0.0000	0.0000	0.0000	0.0000	0.0000	0.0000	0.0000	0.0010	0.0010	0.0009	0.0013	0.0016	0.0000	0.0006	0.0000	0.0013			
5	47	0.4261	7	2	1	1	0	0	0	0	0	Y	N	N	N	N	N	N	N	N	N	N	N	inf	inf	inf	inf	4.0981	4.4487	0.0000	0.0000	0.0000	0.0000	6.0686	6.8499	0.0000	0.0000	0.0000	0.0000	0.0000	0.0000	0.0000	0.0000	0.0000	0.0000	0.0000	-0.0001	0.0000	16.0000	0.0002	24.4443	4.0036	0.0002	0.0002	0.0000	0.0000	0.0000	0.0000	0.0002	0.0002	0.0000	0.0000	0.0000	0.0000	0.0000	0.0000	0.0000	0.0000	0.0000	0.0000	0.0000	0.0000	0.0000	0.0000	0.0000	0.0000	0.0000	0.0000	0.0000	0.1920	0.1078	0.0842	0.0248	0.0218	0.0031	0.1672	0.0861	0.0811	inf	inf	0.0000	0.0000	0.0000	0.0000	inf	inf	0.0000	0.0000	0.0000	0.0000	0.0000	0.0000	0.0000	0.0000	0.0000	0.0000						
5	50	0.4111	2	1	0	2	0	0	0	0	0	N	N	Y	N	N	N	N	N	N	N	N	N	1.0037	1.7438	1.9232	0.0039	0.0270	0.0061	0.8837	1.2013	2.0652	1.7264	0.8029	7.3697	0.0031	0.0018	0.0327	1.8584	0.8719	7.5330	1.7201	0.4605	3.8320	0.7898	0.0658	5.3825	2.1029	0.7258	3.6476	1.5019	4.9636	0.7955	2.3424	16.0000	31.2093	24.4443	46.3939	4.9970	1.9973	2.9997	0.0006	0.0003	0.0003	4.9964	1.9970	2.9994	6.2641	1.0504	5.2137	0.8385	0.0604	0.7782	5.4256	0.9900	4.4355	2.8945	2.4875	0.4070	0.2060	0.1972	0.0089	2.6885	2.2903	0.3982	3.6417	2.2812	1.3606	1.0617	0.9172	0.1446	2.5800	1.3640	1.2160	1.0037	1.7438	1.9232	0.0039	0.0270	0.0061	0.8837	1.2013	2.0652	1.7201	0.4605	3.8320	0.7898	0.0658	5.3825	2.1029	0.7258	3.6476
5	51	0.3584	2	1	1	1	0	0	0	0	0	N	N	N	N	N	N	N	N	N	N	N	N	0.0000	0.0000	0.0000	0.0000	0.0000	0.0000	0.0000	0.0000	0.0000	0.0000	0.0000	0.0000	0.0000	0.0000	0.0000	0.0000	0.0000	0.0000	0.5037	0.7892	0.0004	0.5215	0.5757	0.0000	0.4957	0.9565	0.0004	0.0003	0.0000	-0.3467	16.0000	4.1516	24.4443	14.5664	0.0000	0.0000	0.0000	0.0000	0.0000	0.0000	0.0000	0.0000	0.0000	0.7568	0.7566	0.0002	0.2425	0.2425	0.0000	0.5143	0.5141	0.0002	0.4058	0.3446	0.0611	0.0131	0.0125	0.0005	0.3927	0.3321	0.0606	1.5026	0.9588	0.5438	0.4650	0.4212	0.0438	1.0375	0.5375	0.5000	0.0000	0.0000	0.0000	0.0000	0.0000	0.0000	0.0000	0.0000	0.0000	0.5037	0.7892	0.0004	0.5215	0.5757	0.0000	0.4957	0.9565	0.0004	
5	52	0.4389	4	2	0	2	0	0	0	0	0	Y	N	Y	N	N	N	N	N	N	N	N	N	0.0000	0.0000	0.0000	0.0000	0.0000	0.0000	0.0000	0.0000	0.0000	0.0000	0.0000	0.0000	0.0000	0.0000	0.0000	0.0132	0.0000	0.0377	0.0022	0.0000	0.0189	0.0181	0.0000	0.0399	inf	0.0000	0.0004	16.0000	0.0028	24.4443	0.9232	0.0000	0.0000	0.0000	0.0000	0.0000	0.0000	0.0000	0.0000	0.0000	0.0008	0.0000	0.0008	0.0000	0.0000	0.0000	0.0008	0.0000	0.0008	0.0010	0.0009	0.0001	0.0004	0.0004	0.0000	0.0006	0.0005	0.0001	0.0624	0.0405	0.0219	0.0190	0.0167	0.0023	0.0434	0.0237	0.0196	0.0000	0.0000	0.0000	0.0000	0.0000	0.0000	0.0000	0.0000	0.0000	0.0132	0.0000	0.0377	0.0022	0.0000	0.0189	0.0181	0.0000	0.0399				
5	53	0.8182	8	1	1	1	0	0	0	0	0	N	N	N	N	N	N	N	N	N	N	N	N	3.0933	2.6092	0.0000	3.8646	3.3856	0.0000	12.1025	280.3717	0.0000	2.0575	2.3646	0.0000	4.2262	4.4449	0.0000	1.3624	1.6137	0.0000	0.6651	0.9063	0.1540	1.0936	1.3129	0.0151	0.1126	0.0058	0.2127	0.0000	0.0802	-0.8617	-0.4018	16.0000	8.5400	24.4443	19.3759	1.9535	1.9535	0.0000	0.9739	0.9739	0.0000	0.9795	0.9795	0.0000	1.0461	0.9684	0.0777	0.9688	0.9665	0.0023	0.0773	0.0019	0.0754	0.9494	0.8261	0.1233	0.2304	0.2191	0.0113	0.7190	0.6070	0.1120	1.5728	1.0686	0.5042	0.8859	0.7362	0.1497	0.6869	0.3324	0.3545	3.0933	2.6092	0.0000	3.8646	3.3856	0.0000	12.1025	280.3717	0.0000	0.6651	0.9063	0.1540	1.0936	1.3129	0.0151	0.1126	0.0058	0.2127
5	54	0.7551	7	1	0	1	0	0	0	0	0	N	N	N	N	N	N	N	N	N	N	N	N	0.2117	0.9087	0.0080	1.9688	1.7062	13.2495	0.0391	3.7150	0.0000	0.0964	0.1089	0.0093	0.3081	0.3163	0.1178	0.0299	0.0353	0.0000	0.4553	0.1198	1.1643	0.1565	0.1854	0.0089	0.7653	0.0095	1.5701	0.0123	4.5969	-0.0359	0.2995	16.0000	7.3474	24.4443	24.2346	0.0837	0.0827	0.0010	0.0639	0.0629	0.0010	0.0198	0.0198	0.0000	0.8252	0.1474	0.6777	0.1444	0.1431	0.0013	0.6808	0.0044	0.6764	0.8688	0.7596	0.1092	0.2075	0.1989	0.0087	0.6613	0.5607	0.1005	1.8125	1.2304	0.5821	0.9229	0.7717	0.1513	0.8895	0.4587	0.4308	0.2117	0.9087	0.0080	1.9688	1.7062	13.2495	0.0391	3.7150	0.0000	0.4553	0.1198	1.1643	0.1565	0.1854	0.0089	0.7653	0.0095	1.5701
5	55	0.7253	6	1	0	1	0	0	0	0	0	N	N	N	N	N	N	N	N	N	N	N	N	0.3831	0.5662	0.0007	0.7328	0.6551	0.2440	0.2539	1.3698	0.0000	0.1355	0.1540	0.0004	0.2402	0.2479	0.0051	0.0969	0.1145	0.0000	0.3536	0.2720	0.5457	0.3278	0.3784	0.0209	0.3818	0.0836	0.7186	0.0003	0.8527	-0.0276	0.0010	16.0000	3.4216	24.4443	15.9376	0.0626	0.0626	0.0000	0.0299	0.0298	0.0000	0.0328	0.0328	0.0000	0.5406	0.2918	0.2488	0.2618	0.2594	0.0024	0.2788	0.0324	0.2464	0.4623	0.4066	0.0557	0.1244	0.1204	0.0039	0.3379	0.2862	0.0517	1.5289	1.0729	0.4560	0.7987	0.6857	0.1130	0.7302	0.3873	0.3429	0.3831	0.5662	0.0007	0.7328	0.6551	0.2440	0.2539	1.3698	0.0000	0.3536	0.2720	0.5457	0.3278	0.3784	0.0209	0.3818	0.0836	0.7186
5	56	0.4420	2	1	1	1	0	0	0	0	0	N	N	N	N	N	N	N	N	N	N	N	N	0.0000	0.0000	0.0000	0.0000	0.0000	0.0000	0.0000	0.0000	0.0000	0.0000	0.0000	0.0000	0.0000	0.0000	0.0000	0.0000	0.0000	0.0000	2.8455	1.3721	5.7215	0.1058	0.1225	0.0112	5.0521	3.0528	7.1256	2.1362	0.0000	0.9439	16.0000	0.9891	24.4443	20.6926	0.0000	0.0000	0.0000	0.0000	0.0000	0.0000	0.0000	0.0000	0.0000	4.2370	1.3510	2.8860	0.0703	0.0692	0.0011	4.1667	1.2818	2.8849	0.1021	0.0869	0.0152	0.0109	0.0104	0.0005	0.0912	0.0765	0.0147	1.4890	0.9846	0.5044	0.6643	0.5647	0.0996	0.8247	0.4199	0.4049	0.0000	0.0000	0.0000	0.0000	0.0000	0.0000	0.0000	0.0000	0.0000	2.8455	1.3721	5.7215	0.1058	0.1225	0.0112	5.0521	3.0528	7.1256	
5	59	0.7057	6	1	1	1	1	0	0	0	0	N	N	N	N	N	N	N	N	N	N	N	N	0.3501	0.4936	0.0000	1.9111	2.1658	0.0009	0.0843	0.1069	0.0000	0.7432	0.8486	0.0001	1.7948	1.8830	0.0011	0.3023	0.3584	0.0000	2.1226	1.7191	3.0577	0.9392	0.8694	1.2826	3.5868	3.3540	3.8541	0.0000	0.7675	-0.4233	-0.1284	16.0000	10.4254	24.4443	21.2017	0.9597	0.9596	0.0000	0.6847	0.6847	0.0000	0.2750	0.2750	0.0000	5.3150	3.0071	2.3078	1.3006	1.0008	0.2998	4.0144	2.0064	2.0080	1.2912	1.1309	0.1604	0.3815	0.3636	0.0179	0.9098	0.7673	0.1425	2.5040	1.7493	0.7548	1.3848	1.1511	0.2338	1.1192	0.5982	0.5210	0.3501	0.4936	0.0000	1.9111	2.1658	0.0009	0.0843	0.1069	0.0000	2.1226	1.7191	3.0577	0.9392	0.8694	1.2826	3.5868	3.3540	3.8541
5	60	0.4389	4	2	0	2	0	0	0	0	0	Y	N	Y	N	N	N	N	N	N	N	N	N	0.0000	0.0000	0.0000	0.0000	0.0000	0.0000	0.0000	0.0000	0.0000	0.0000	0.0000	0.0000	0.0000	0.0000	0.0000	0.0031	0.0000	0.0078	0.0006	0.0000	0.0035	0.0040	0.0000	0.0084	inf	0.0000	0.0004	16.0000	1.9981	24.4443	3.0867	0.0000	0.0000	0.0000	0.0000	0.0000	0.0000	0.0000	0.0000	0.0000	0.0008	0.0000	0.0008	0.0000	0.0000	0.0000	0.0008	0.0000	0.0008	0.1946	0.1650	0.0295	0.0080	0.0074	0.0007	0.1865	0.1577	0.0288	0.2644	0.1591	0.1053	0.0662	0.0542	0.0120	0.1983	0.1050	0.0933	0.0000	0.0000	0.0000	0.0000	0.0000	0.0000	0.0000	0.0000	0.0000	0.0031	0.0000	0.0078	0.0006	0.0000	0.0035	0.0040	0.0000	0.0084				
5	61	0.3955	3	2	0	2	0	0	0	0	0	Y	N	Y	N	N	N	N	N	N	N	N	N	0.0000	0.0000	0.0000	0.0000	0.0000	0.0000	0.0000	0.0000	0.0000	0.0000	0.0000	0.0000	0.0000	0.0000	0.0000	0.0000	0.0000	0.0000	2.0785	0.0001	5.2847	0.1830	0.0003	1.1160	2.6520	0.0001	5.7311	23930.1273	0.0000	1.1254	16.0000	4.0039	24.4443	14.0733	0.0000	0.0000	0.0000	0.0000	0.0000	0.0000	0.0000	0.0000	0.0000	2.0779	0.0001	2.0778	0.0425	0.0001	0.0424	2.0354	0.0000	2.0354	0.3882	0.3296	0.0586	0.0176	0.0162	0.0013	0.3706	0.3134	0.0573	0.9997	0.6065	0.3932	0.2322	0.1942	0.0380	0.7675	0.4123	0.3551	0.0000	0.0000	0.0000	0.0000	0.0000	0.0000	0.0000	0.0000	0.0000	2.0785	0.0001	5.2847	0.1830	0.0003	1.1160	2.6520	0.0001	5.7311	
5	62	0.4149	4	2	0	2	0	0	0	0	0	Y	N	Y	N	N	N	N	N	N	N	N	N	0.0000	0.0000	0.0000	0.0000	0.0000	0.0000	0.0000	0.0000	0.0000	0.0000	0.0000	0.0000	0.0000	0.0000	0.0000	0.0000	0.0000	0.0000	3.6814	4.1303	3.0620	5.7941	8.0361	0.0330	3.2306	3.0767	3.3885	0.5373	0.0000	-0.3342	16.0000	0.0060	24.4443	17.2393	0.0000	0.0000	0.0000	0.0000	0.0000	0.0000	0.0000	0.0000	0.0000	3.0693	1.9966	1.0727	0.9994	0.9982	0.0011	2.0700	0.9983	1.0716	0.0026	0.0023	0.0004	0.0011	0.0011	0.0000	0.0016	0.0012	0.0003	0.8337	0.4834	0.3503	0.1930	0.1589	0.0341	0.6407	0.3245	0.3162	0.0000	0.0000	0.0000	0.0000	0.0000	0.0000	0.0000	0.0000	0.0000	3.6814	4.1303	3.0620	5.1781	6.2818	0.0330	3.2306	3.0767	3.3885	
5	63	0.3584	2	1	0	2	0	0	0	0	0	N	N	Y	N	N	N	N	N	N	N	N	N	0.0000	0.0000	0.0000	0.0000	0.0000	0.0000	0.0000	0.0000	0.0000	0.0000	0.0000	0.0000	0.0000	0.0000	0.0000	0.0000	0.0000	0.0000	1.4173	1.1826	1.8648	0.6638	0.0201	7.2033	1.8244	2.2854	1.3280	0.8272	0.0000	-0.0103	16.0000	1.0230	24.4443	12.1924	0.0000	0.0000	0.0000	0.0000	0.0000	0.0000	0.0000	0.0000	0.0000	1.8104	0.9908	0.8196	0.2974	0.0082	0.2892	1.5129	0.9826	0.5303	0.1120	0.0960	0.0160	0.0087	0.0085	0.0002	0.1034	0.0875	0.0158	1.2774	0.8379	0.4395	0.4481	0.4079	0.0402	0.8293	0.4300	0.3993	0.0000	0.0000	0.0000	0.0000	0.0000	0.0000	0.0000	0.0000	0.0000	1.4173	1.1826	1.8648	0.6638	0.0201	7.2033	1.8244	2.2854	1.3280	
5	65	0.4439	3	1	1	1	0	0	0	0	0	N	N	N	N	N	N	N	N	N	N	N	N	0.0000	0.0000	0.0000	0.0000	0.0000	0.0000	0.0000	0.0000	0.0000	0.0000	0.0000	0.0000	0.0000	0.0000	0.0000	0.0000	0.0000	0.0000	0.1638	0.2459	0.0111	0.4835	0.5507	0.0043	0.0067	0.0021	0.0119	0.0242	0.0000	-0.0574	16.0000	1.7555	24.4443	11.9300	0.0000	0.0000	0.0000	0.0000	0.0000	0.0000	0.0000	0.0000	0.0000	0.1320	0.1289	0.0031	0.1284	0.1283	0.0001	0.0036	0.0006	0.0030	0.1956	0.1695	0.0261	0.0287	0.0277	0.0010	0.1669	0.1418	0.0251	0.8063	0.5243	0.2820	0.2657	0.2330	0.0327	0.5406	0.2913	0.2493	0.0000	0.0000	0.0000	0.0000	0.0000	0.0000	0.0000	0.0000	0.0000	0.1638	0.2459	0.0111	0.4835	0.5507	0.0043	0.0067	0.0021	0.0119	
5	66	0.4230	5	2	1	2	0	0	0	0	0	Y	N	Y	N	N	N	N	N	N	N	N	N	0.0000	0.0000	0.0000	0.0000	0.0000	0.0000	0.0000	0.0000	0.0000	0.0000	0.0000	0.0000	0.0000	0.0000	0.0000	0.0000	0.0000	0.0000	0.0000	0.0000	16.0000	0.0000	24.4443	0.0000	0.0000	0.0000	0.0000	0.0000	0.0000	0.0000	0.0000	0.0000	0.0000	0.0000	0.0000	0.0000	0.0000	0.0000	0.0000	0.0000	0.0000	0.0000	0.0000	0.0000	0.0000	0.0000	0.0000	0.0000	0.0000	0.0000	0.0000	0.0000	0.0000	0.0000	0.0000	0.0000	0.0000	0.0000	0.0000	0.0000	0.0000	0.0000	0.0000	0.0000	0.0000	0.0000	0.0000	0.0000	0.0000	0.0000	0.0000	0.0000	0.0000	0.0000	0.0000	0.0000	0.0000	0.0000											
5	67	0.9275	8	2	1	2	0	0	0	0	0	Y	N	Y	N	N	N	N	N	N	N	N	N	0.0000	0.0000	0.0000	0.0000	0.0000	0.0000	0.0000	0.0000	0.0000	0.0000	0.0000	0.0000	0.0000	8.8207	13.8535	0.0000	29.4358	35.0638	0.0000	0.0000	0.0000	0.0000	0.0000	0.0000	-0.4584	16.0000	1.0000	24.4443	3.0000	0.0000	0.0000	0.0000	0.0000	0.0000	0.0000	0.0000	0.0000	0.0000	1.0000	1.0000	0.0000	1.0000	1.0000	0.0000	0.0000	0.0000	0.0000	0.0777	0.0673	0.0105	0.0169	0.0156	0.0013	0.0609	0.0517	0.0092	0.1536	0.1058	0.0478	0.0873	0.0718	0.0155	0.0663	0.0339	0.0324	0.0000	0.0000	0.0000	0.0000	0.0000	0.0000	0.0000	0.0000	0.0000	6.5089	9.4522	0.0000	11.4529	13.9185	0.0000	0.0000	0.0000	0.0000						
5	68	0.4230	5	2	1	2	0	0	0	0	0	Y	N	Y	N	N	N	N	N	N	N	N	N	0.0000	0.0000	0.0000	0.0000	0.0000	0.0000	0.0000	0.0000	0.0000	0.0000	0.0000	0.0000	0.0000	0.0000	0.0000	0.0000	0.0000	0.0000	0.0000	0.0000	16.0000	1.0000	24.4443	0.0000	0.0000	0.0000	0.0000	0.0000	0.0000	0.0000	0.0000	0.0000	0.0000	0.0000	0.0000	0.0000	0.0000	0.0000	0.0000	0.0000	0.0000	0.0000	0.0982	0.0833	0.0149	0.0048	0.0044	0.0004	0.0934	0.0789	0.0145	0.0500	0.0285	0.0215	0.0094	0.0081	0.0013	0.0406	0.0204	0.0202	0.0000	0.0000	0.0000	0.0000	0.0000	0.0000	0.0000	0.0000	0.0000	0.0000	0.0000	0.0000	0.0000	0.0000	0.0000	0.0000	0.0000	0.0000											
5	69	0.4065	4	2	1	2	0	0	0	0	0	Y	N	Y	N	N	N	N	N	N	N	N	N	0.0000	0.0000	0.0000	0.0000	0.0000	0.0000	0.0000	0.0000	0.0000	0.0000	0.0000	0.0000	0.0000	0.0000	0.0000	2.4667	4.0286	0.0000	0.0047	0.0050	0.0000	3.0387	5.6321	0.0000	0.0000	0.0000	-0.4580	16.0000	1.0155	24.4443	5.9708	0.0000	0.0000	0.0000	0.0000	0.0000	0.0000	0.0000	0.0000	0.0000	0.9992	0.9992	0.0000	0.0004	0.0004	0.0000	0.9988	0.9988	0.0000	0.1062	0.0906	0.0156	0.0078	0.0075	0.0003	0.0984	0.0831	0.0153	0.4051	0.2480	0.1570	0.0764	0.0707	0.0057	0.3287	0.1773	0.1514	0.0000	0.0000	0.0000	0.0000	0.0000	0.0000	0.0000	0.0000	0.0000	2.4667	4.0286	0.0000	0.0047	0.0050	0.0000	3.0387	5.6321	0.0000				
5	70	0.4018	3	2	0	2	0	0	0	0	0	Y	N	Y	N	N	N	N	N	N	N	N	N	0.0321	0.0260	0.0000	0.0424	0.0416	0.0000	0.0000	0.0000	0.0000	0.0010	0.0011	0.0000	0.0029	0.0029	0.0000	0.0000	0.0000	0.0000	0.0297	0.0413	0.0039	0.0689	0.0705	0.0003	0.0080	0.0116	0.0040	0.0000	0.0423	-0.0000	-0.0038	16.0000	0.0406	24.4443	2.3361	0.0000	0.0000	0.0000	0.0000	0.0000	0.0000	0.0000	0.0000	0.0000	0.0090	0.0086	0.0004	0.0074	0.0074	0.0000	0.0016	0.0012	0.0004	0.0105	0.0093	0.0012	0.0034	0.0034	0.0000	0.0071	0.0059	0.0012	0.3023	0.2087	0.0936	0.1077	0.1052	0.0024	0.1946	0.1034	0.0912	0.0321	0.0260	0.0000	0.0424	0.0416	0.0000	0.0000	0.0000	0.0000	0.0297	0.0413	0.0039	0.0689	0.0705	0.0003	0.0080	0.0116	0.0040
5	71	0.9275	8	2	1	2	0	0	0	0	0	Y	N	Y	N	N	N	N	N	N	N	N	N	0.0000	0.0000	0.0000	0.0000	0.0000	0.0000	0.0000	0.0000	0.0000	0.0000	0.0000	0.0000	0.0000	0.0000	0.0000	0.0000	0.0000	0.0000	0.0000	0.0000	16.0000	0.0000	24.4443	0.0000	0.0000	0.0000	0.0000	0.0000	0.0000	0.0000	0.0000	0.0000	0.0000	0.0000	0.0000	0.0000	0.0000	0.0000	0.0000	0.0000	0.0000	0.0000	0.0000	0.0000	0.0000	0.0000	0.0000	0.0000	0.0000	0.0000	0.0000	0.0000	0.0000	0.0000	0.0000	0.0000	0.0000	0.0000	0.0000	0.0000	0.0000	0.0000	0.0000	0.0000	0.0000	0.0000	0.0000	0.0000	0.0000	0.0000	0.0000	0.0000	0.0000	0.0000	0.0000	0.0000	0.0000	0.0000											
5	72	0.9094	7	2	1	2	0	0	0	0	0	Y	N	Y	N	N	N	N	N	N	N	N	N	0.0000	0.0000	0.0000	0.0000	0.0000	0.0000	0.0000	0.0000	0.0000	0.0000	0.0000	0.0000	0.0000	0.0000	0.0000	0.0000	0.0000	0.0000	0.0015	0.0015	0.0016	0.0013	0.0011	0.0021	0.0019	0.0027	0.0011	0.4579	0.0000	-0.0001	16.0000	3.9057	24.4443	1.1104	0.0000	0.0000	0.0000	0.0000	0.0000	0.0000	0.0000	0.0000	0.0000	0.0004	0.0003	0.0001	0.0002	0.0002	0.0001	0.0002	0.0001	0.0001	0.3413	0.2960	0.0454	0.0791	0.0741	0.0050	0.2623	0.2219	0.0404	0.2598	0.1812	0.0786	0.1729	0.1389	0.0340	0.0870	0.0423	0.0446	0.0000	0.0000	0.0000	0.0000	0.0000	0.0000	0.0000	0.0000	0.0000	0.0015	0.0015	0.0016	0.0013	0.0011	0.0021	0.0019	0.0027	0.0011	
5	73	0.7067	5	2	1	1	0	0	0	0	0	Y	N	N	N	N	N	N	N	N	N	N	N	0.1405	0.0000	7.9409	0.0115	0.0000	0.8327	0.1111	0.0000	7.6076	0.1087	0.0000	0.9134	0.0006	0.0000	0.0114	0.1651	0.0000	1.0836	0.7734	1.0842	0.1150	0.0542	0.0606	0.0136	1.4857	2.8420	0.1424	inf	0.0501	0.0623	-0.4261	16.0000	6.9070	24.4443	16.5673	0.1115	0.0000	0.1115	0.0002	0.0000	0.0002	0.1113	0.0000	0.1113	1.0375	0.9880	0.0495	0.0362	0.0349	0.0012	1.0013	0.9531	0.0482	1.0263	0.9042	0.1221	0.3522	0.3328	0.0194	0.6741	0.5714	0.1027	1.3414	0.9113	0.4301	0.6675	0.5759	0.0915	0.6739	0.3354	0.3386	0.1405	0.0000	7.9409	0.0115	0.0000	0.8327	0.1111	0.0000	7.6076	0.7734	1.0842	0.1150	0.0542	0.0606	0.0136	1.4857	2.8420	0.1424
5	74	0.7705	7	1	1	1	1	0	0	0	0	N	N	N	N	N	N	N	N	N	N	N	N	0.0011	0.0037	0.0000	0.0050	0.0123	0.0000	0.0000	0.0000	0.0000	0.0001	0.0002	0.0000	0.0008	0.0008	0.0000	0.0000	0.0000	0.0000	0.1312	0.0452	0.3140	0.1557	0.0676	0.5802	0.1025	0.0019	0.2053	0.0000	3.2745	-0.0000	0.0491	16.0000	6.4226	24.4443	19.3377	0.0001	0.0001	0.0000	0.0001	0.0001	0.0000	0.0000	0.0000	0.0000	0.1596	0.0373	0.1222	0.1023	0.0368	0.0655	0.0573	0.0005	0.0567	0.6325	0.5410	0.0915	0.1155	0.1079	0.0076	0.5170	0.4331	0.0839	1.2161	0.8268	0.3893	0.6571	0.5442	0.1129	0.5589	0.2825	0.2764	0.0011	0.0037	0.0000	0.0050	0.0123	0.0000	0.0000	0.0000	0.0000	0.1312	0.0452	0.3140	0.1557	0.0676	0.5802	0.1025	0.0019	0.2053
5	75	0.7253	6	1	0	1	1	0	0	0	0	N	N	N	N	N	N	N	N	N	N	N	N	0.0338	0.0458	0.0001	0.1242	0.1104	0.2181	0.0002	0.0614	0.0000	0.0482	0.0551	0.0003	0.2008	0.2089	0.0034	0.0002	0.0002	0.0000	1.4245	1.2039	1.9325	1.6165	1.8930	0.0156	1.2170	0.0036	2.5809	0.0007	0.6969	-0.0132	-0.1111	16.0000	5.1932	24.4443	17.4397	0.0299	0.0299	0.0000	0.0298	0.0298	0.0000	0.0001	0.0001	0.0000	2.3310	1.3737	0.9573	1.3741	1.3722	0.0020	0.9569	0.0015	0.9554	0.6199	0.5419	0.0780	0.1483	0.1425	0.0059	0.4716	0.3995	0.0721	1.6363	1.1410	0.4954	0.8501	0.7249	0.1252	0.7863	0.4161	0.3702	0.0338	0.0458	0.0001	0.1242	0.1104	0.2181	0.0002	0.0614	0.0000	1.4245	1.2039	1.9325	1.6165	1.8930	0.0156	1.2170	0.0036	2.5809
5	76	0.6884	5	1	0	1	0	0	0	0	0	N	N	N	N	N	N	N	N	N	N	N	N	0.2666	0.2325	0.0015	0.3455	0.3014	0.1025	0.9566	3.3165	0.0000	0.1135	0.1307	0.0001	0.2411	0.2516	0.0017	0.0696	0.0831	0.0000	0.4257	0.5623	0.0934	0.6977	0.8349	0.0163	0.0727	0.0251	0.1306	0.0002	0.0683	-0.0278	-0.3417	16.0000	4.4918	24.4443	17.5337	0.0630	0.0630	0.0000	0.0343	0.0343	0.0000	0.0287	0.0287	0.0000	0.8664	0.8110	0.0554	0.8020	0.7988	0.0031	0.0644	0.0122	0.0522	0.5555	0.4822	0.0733	0.1422	0.1362	0.0060	0.4133	0.3459	0.0673	2.0350	1.4423	0.5928	1.1494	0.9567	0.1926	0.8856	0.4855	0.4001	0.2666	0.2325	0.0015	0.3455	0.3014	0.1025	0.9566	3.3165	0.0000	0.4257	0.5623	0.0934	0.6977	0.8349	0.0163	0.0727	0.0251	0.1306
5	77	0.4175	4	1	0	1	1	0	0	0	0	N	N	N	N	N	N	N	N	N	N	N	N	0.0000	0.0000	0.0000	0.0000	0.0000	0.0000	0.0000	0.0000	0.0000	0.0000	0.0000	0.0000	0.0000	0.0000	0.0000	0.0000	0.0000	0.0000	3.0997	1.7638	5.2474	3.3560	0.2472	55.2291	2.9782	3.0598	2.8999	1.8505	0.0000	0.5770	16.0000	0.3745	24.4443	14.7996	0.0000	0.0000	0.0000	0.0000	0.0000	0.0000	0.0000	0.0000	0.0000	3.0238	1.0608	1.9630	1.0526	0.0685	0.9841	1.9712	0.9923	0.9789	0.0502	0.0444	0.0058	0.0086	0.0085	0.0001	0.0417	0.0360	0.0057	0.9755	0.6014	0.3741	0.3136	0.2771	0.0365	0.6619	0.3243	0.3376	0.0000	0.0000	0.0000	0.0000	0.0000	0.0000	0.0000	0.0000	0.0000	3.0997	1.7638	5.2474	3.3560	0.2472	26.9441	2.9782	3.0598	2.8999	
5	78	0.3952	3	1	0	1	1	0	0	0	0	N	N	N	N	N	N	N	N	N	N	N	N	0.0000	0.0000	0.0000	0.0000	0.0000	0.0000	0.0000	0.0000	0.0000	0.0000	0.0000	0.0000	0.0000	0.0000	0.0000	0.0000	0.0000	0.0000	0.2514	0.2313	0.2842	0.3375	0.2127	1.1831	0.2072	0.2483	0.1674	0.7518	0.0000	-0.0066	16.0000	1.4595	24.4443	10.3922	0.0000	0.0000	0.0000	0.0000	0.0000	0.0000	0.0000	0.0000	0.0000	0.2245	0.1281	0.0963	0.1022	0.0561	0.0461	0.1222	0.0720	0.0502	0.1573	0.1350	0.0223	0.0104	0.0102	0.0002	0.1469	0.1248	0.0221	0.8929	0.5539	0.3390	0.3029	0.2639	0.0390	0.5900	0.2900	0.3000	0.0000	0.0000	0.0000	0.0000	0.0000	0.0000	0.0000	0.0000	0.0000	0.2514	0.2313	0.2842	0.3375	0.2127	1.1831	0.2072	0.2483	0.1674	
5	79	0.3810	2	1	0	1	1	0	0	0	0	N	N	N	N	N	N	N	N	N	N	N	N	0.0000	0.0000	0.0000	0.0000	0.0000	0.0000	0.0000	0.0000	0.0000	0.0000	0.0000	0.0000	0.0000	0.0000	0.0000	0.0000	0.0000	0.0000	0.3469	0.3812	0.2906	0.5235	0.4837	0.8558	0.2410	0.2614	0.2237	0.4640	0.0000	-0.0359	16.0000	1.3861	24.4443	6.3168	0.0000	0.0000	0.0000	0.0000	0.0000	0.0000	0.0000	0.0000	0.0000	0.2535	0.1732	0.0804	0.1434	0.1184	0.0251	0.1101	0.0548	0.0553	0.1370	0.1160	0.0211	0.0036	0.0034	0.0002	0.1334	0.1125	0.0209	0.7309	0.4544	0.2765	0.2740	0.2447	0.0293	0.4569	0.2096	0.2472	0.0000	0.0000	0.0000	0.0000	0.0000	0.0000	0.0000	0.0000	0.0000	0.3469	0.3812	0.2906	0.5235	0.4837	0.8558	0.2410	0.2614	0.2237	
5	81	0.8621	7	1	1	2	0	0	0	0	0	N	N	Y	N	N	N	N	N	N	N	N	N	0.0018	0.0000	0.1610	0.0010	0.0000	0.2539	0.0438	0.0000	0.1395	0.0001	0.0000	0.0011	0.0001	0.0000	0.0019	0.0001	0.0000	0.0009	0.0751	0.1052	0.0068	0.1250	0.1473	0.0075	0.0034	0.0002	0.0064	inf	0.0284	0.0000	-0.0100	16.0000	2.0162	24.4443	4.5500	0.0000	0.0000	0.0000	0.0000	0.0000	0.0000	0.0000	0.0000	0.0000	0.0232	0.0226	0.0006	0.0228	0.0225	0.0002	0.0004	0.0000	0.0004	0.2163	0.1888	0.0275	0.0820	0.0768	0.0052	0.1343	0.1120	0.0223	0.3086	0.2143	0.0943	0.1821	0.1530	0.0291	0.1264	0.0612	0.0652	0.0018	0.0000	0.1610	0.0010	0.0000	0.2539	0.0438	0.0000	0.1395	0.0751	0.1052	0.0068	0.1250	0.1473	0.0075	0.0034	0.0002	0.0064
5	82	0.4296	5	1	1	2	0	0	0	0	0	N	N	Y	N	N	N	N	N	N	N	N	N	0.0005	0.0106	0.0000	0.0000	0.0000	0.0000	0.0004	7.3727	0.0000	0.0004	0.0004	0.0000	0.0000	0.0000	0.0000	0.0004	0.0005	0.0000	0.6943	0.0421	1.7218	0.0985	0.1113	0.0034	0.9061	0.0001	1.8723	0.0000	25.9703	-0.0000	0.1459	16.0000	3.0011	24.4443	3.7015	0.0001	0.0001	0.0000	0.0000	0.0000	0.0000	0.0001	0.0001	0.0000	0.2891	0.0107	0.2784	0.0108	0.0107	0.0000	0.2783	0.0000	0.2783	0.2903	0.2467	0.0437	0.0163	0.0151	0.0012	0.2740	0.2315	0.0425	0.4164	0.2547	0.1617	0.1092	0.0962	0.0130	0.3072	0.1585	0.1487	0.0005	0.0106	0.0000	0.0000	0.0000	0.0000	0.0004	7.3727	0.0000	0.6943	0.0421	1.7218	0.0985	0.1113	0.0034	0.9061	0.0001	1.8723
5	83	0.4181	4	1	1	1	0	0	0	0	0	N	N	N	N	N	N	N	N	N	N	N	N	3.8491	4.3117	0.0000	0.0000	0.0000	0.0000	8.9299	5880.5063	0.0000	5.1029	6.0083	0.0000	0.0000	0.0000	0.0000	5.3838	6.3715	0.0000	1.3257	1.3935	1.1926	2.7683	3.0995	0.0296	0.6029	0.0011	1.3316	0.0000	0.4357	-0.4410	-0.1108	16.0000	2.0032	24.4443	4.2039	0.9997	0.9997	0.0000	0.0000	0.0000	0.0000	0.9997	0.9997	0.0000	0.7154	0.4983	0.2171	0.4987	0.4981	0.0006	0.2167	0.0002	0.2165	0.1959	0.1664	0.0295	0.0102	0.0095	0.0007	0.1857	0.1569	0.0288	0.5396	0.3576	0.1820	0.1801	0.1607	0.0194	0.3595	0.1969	0.1626	3.8491	4.3117	0.0000	0.0000	0.0000	0.0000	8.9299	5880.5063	0.0000	1.3257	1.3935	1.1926	2.7683	3.0995	0.0296	0.6029	0.0011	1.3316
5	84	0.4149	4	2	0	2	0	0	0	0	0	Y	N	Y	N	N	N	N	N	N	N	N	N	0.0000	0.0000	0.0000	0.0000	0.0000	0.0000	0.0000	0.0000	0.0000	0.0000	0.0000	0.0000	0.0000	0.0000	0.0000	0.0000	0.0000	7.4435	15.9996	0.1111	114.0938	125.9081	0.0944	0.0568	0.0000	0.1129	0.0078	0.0000	-0.8817	16.0000	1.0052	24.4443	4.9545	0.0000	0.0000	0.0000	0.0000	0.0000	0.0000	0.0000	0.0000	0.0000	1.9565	1.9414	0.0151	1.9426	1.9414	0.0012	0.0139	0.0000	0.0139	0.1003	0.0852	0.0151	0.0072	0.0067	0.0005	0.0931	0.0785	0.0146	0.3308	0.1946	0.1361	0.0856	0.0728	0.0129	0.2451	0.1218	0.1233	0.0000	0.0000	0.0000	0.0000	0.0000	0.0000	0.0000	0.0000	0.0000	5.9153	9.9757	0.1111	22.6893	26.6808	0.0944	0.0568	0.0000	0.1129		
5	85	0.3955	3	2	0	2	0	0	0	0	0	Y	N	Y	N	N	N	N	N	N	N	N	N	0.0000	0.0000	0.0000	0.0000	0.0000	0.0000	0.0000	0.0000	0.0000	0.0000	0.0000	0.0000	0.0000	0.0000	0.0000	0.0000	0.0000	0.0000	3.1047	0.2027	11.5609	0.7209	0.5339	1.8087	4.0172	0.0060	9.9408	23.1575	0.0000	0.8890	16.0000	0.9968	24.4443	7.6169	0.0000	0.0000	0.0000	0.0000	0.0000	0.0000	0.0000	0.0000	0.0000	1.7772	0.0736	1.7036	0.1142	0.0722	0.0420	1.6630	0.0014	1.6616	0.0980	0.0831	0.0148	0.0044	0.0041	0.0003	0.0936	0.0790	0.0145	0.5724	0.3629	0.2095	0.1585	0.1352	0.0232	0.4140	0.2277	0.1863	0.0000	0.0000	0.0000	0.0000	0.0000	0.0000	0.0000	0.0000	0.0000	3.1047	0.2027	8.1307	0.7209	0.5339	1.8087	4.0172	0.0060	8.9192	
5	86	0.4155	2	2	1	1	0	0	0	0	0	Y	N	N	N	N	N	N	N	N	N	N	N	0.0097	0.8456	0.0024	4.5139	8.3779	1.3204	0.0003	0.0000	0.0009	0.0158	0.0164	0.0128	0.1005	0.0977	0.1568	0.0009	0.0000	0.0055	1.6242	0.0193	5.3855	0.0223	0.0117	0.1188	2.6350	0.0270	6.1593	0.1359	118.7758	-0.0034	1.0376	16.0000	5.8060	24.4443	6.1034	0.0107	0.0094	0.0013	0.0102	0.0094	0.0008	0.0005	0.0000	0.0005	1.9456	0.0162	1.9294	0.0103	0.0049	0.0054	1.9353	0.0114	1.9239	0.6758	0.5758	0.1000	0.1013	0.0965	0.0048	0.5745	0.4794	0.0951	1.1979	0.8397	0.3582	0.4635	0.4176	0.0459	0.7344	0.4221	0.3124	0.0097	0.8456	0.0024	4.5139	8.3779	1.3204	0.0003	0.0000	0.0009	1.6242	0.0193	5.3855	0.0223	0.0117	0.1188	2.6350	0.0270	6.1593
5	88	0.4181	4	1	1	1	0	0	0	0	0	N	N	N	N	N	N	N	N	N	N	N	N	0.0002	0.0004	0.0000	0.0030	0.0030	0.0000	0.0000	0.0000	0.0005	0.0006	0.0000	0.0100	0.0108	0.0000	0.0000	0.0000	0.0000	2.8737	1.3601	5.4265	3.3257	3.6146	1.4312	2.7046	0.0000	5.8546	0.0000	2.3656	-0.0001	0.5941	16.0000	4.0005	24.4443	9.0093	0.0002	0.0002	0.0000	0.0002	0.0002	0.0000	0.0000	0.0000	0.0000	2.4297	0.7219	1.7078	0.7655	0.7219	0.0436	1.6642	0.0000	1.6642	0.3871	0.3289	0.0582	0.0199	0.0185	0.0015	0.3672	0.3104	0.0568	0.8455	0.5308	0.3147	0.2302	0.1997	0.0305	0.6153	0.3311	0.2843	0.0002	0.0004	0.0000	0.0030	0.0030	0.0000	0.0000	0.0000	0.0000	2.8737	1.3601	5.4265	3.3257	3.6146	1.4312	2.7046	0.0000	5.8546	
5	89	0.3955	3	1	1	1	0	0	0	0	0	N	N	N	N	N	N	N	N	N	N	N	N	0.0012	0.0020	0.0000	0.0000	0.0000	0.0000	0.0018	0.6921	0.0000	0.0020	0.0024	0.0000	0.0000	0.0000	0.0000	0.0021	0.0025	0.0000	1.6375	1.1946	2.3798	2.8951	3.3243	0.4786	1.1852	0.0036	2.6071	0.0000	1.1886	-0.0001	0.0901	16.0000	1.0051	24.4443	9.2650	0.0002	0.0002	0.0000	0.0000	0.0000	0.0000	0.0002	0.0002	0.0000	1.0639	0.4861	0.5778	0.4976	0.4851	0.0124	0.5663	0.0009	0.5654	0.0988	0.0838	0.0150	0.0045	0.0041	0.0003	0.0943	0.0797	0.0146	0.6497	0.4069	0.2428	0.1719	0.1459	0.0259	0.4778	0.2610	0.2169	0.0012	0.0020	0.0000	0.0000	0.0000	0.0000	0.0018	0.6921	0.0000	1.6375	1.1946	2.3798	2.8951	3.3243	0.4786	1.1852	0.0036	2.6071
5	90	0.4439	3	1	0	2	0	0	0	0	0	N	N	Y	N	N	N	N	N	N	N	N	N	0.0000	0.0000	0.0000	0.0000	0.0000	0.0000	0.0000	0.0000	0.0000	0.0000	0.0000	0.0000	0.0000	0.0000	0.0000	0.0000	0.0000	0.0000	1.4193	2.1216	0.0149	0.0359	0.0396	0.0060	2.1532	3.9217	0.0160	0.0035	0.0000	-0.4049	16.0000	2.3559	24.4443	7.1930	0.0000	0.0000	0.0000	0.0000	0.0000	0.0000	0.0000	0.0000	0.0000	0.8902	0.8871	0.0031	0.0078	0.0077	0.0001	0.8824	0.8795	0.0030	0.2524	0.2180	0.0344	0.0337	0.0324	0.0013	0.2187	0.1856	0.0331	0.6272	0.4181	0.2091	0.2174	0.1939	0.0235	0.4098	0.2243	0.1856	0.0000	0.0000	0.0000	0.0000	0.0000	0.0000	0.0000	0.0000	0.0000	1.4193	2.1216	0.0149	0.0359	0.0396	0.0060	2.1532	3.9217	0.0160	
5	91	0.4111	2	1	0	1	0	0	0	0	0	N	N	N	N	N	N	N	N	N	N	N	N	0.0107	0.0101	0.0000	0.0375	0.0353	0.0000	0.0000	0.0000	0.0000	0.0047	0.0053	0.0000	0.0209	0.0212	0.0000	0.0000	0.0000	0.0000	0.4333	0.5264	0.2315	0.5593	0.6012	0.1486	0.3358	0.4237	0.2436	0.0000	0.2028	-0.0016	-0.2307	16.0000	4.9284	24.4443	11.0439	0.0036	0.0036	0.0000	0.0036	0.0036	0.0000	0.0000	0.0000	0.0000	0.7962	0.6619	0.1343	0.4484	0.4373	0.0110	0.3479	0.2246	0.1232	0.7776	0.6823	0.0953	0.1728	0.1705	0.0022	0.6048	0.5118	0.0930	1.8376	1.2575	0.5801	0.8016	0.7274	0.0743	1.0360	0.5302	0.5058	0.0107	0.0101	0.0000	0.0375	0.0353	0.0000	0.0000	0.0000	0.0000	0.4333	0.5264	0.2315	0.5593	0.6012	0.1486	0.3358	0.4237	0.2436
5	93	0.8621	7	2	1	1	0	0	0	0	0	Y	N	N	N	N	N	N	N	N	N	N	N	0.0000	0.0000	0.0001	0.0086	0.0000	0.0696	0.0000	0.0000	0.0000	0.0001	0.0000	0.0009	0.0001	0.0000	0.0016	0.0001	0.0000	0.0008	2.3650	0.0203	10.3010	0.0122	0.0101	0.0225	5.7044	0.0445	16.9324	inf	167.3556	0.0000	0.5276	16.0000	2.5103	24.4443	7.4742	0.0000	0.0000	0.0000	0.0000	0.0000	0.0000	0.0000	0.0000	0.0000	0.9850	0.0059	0.9791	0.0030	0.0021	0.0009	0.9820	0.0038	0.9782	0.2563	0.2236	0.0327	0.0953	0.0889	0.0064	0.1611	0.1348	0.0263	0.4165	0.2884	0.1281	0.2443	0.2031	0.0413	0.1721	0.0853	0.0868	0.0000	0.0000	0.0001	0.0086	0.0000	0.0696	0.0000	0.0000	0.0001	2.3650	0.0203	7.6444	0.0122	0.0101	0.0225	5.7044	0.0445	11.2662
5	94	0.8259	6	1	1	1	0	0	0	0	0	N	N	N	N	N	N	N	N	N	N	N	N	0.1361	0.0022	0.4045	0.1118	0.0046	12.8404	0.0896	0.0000	0.2908	0.0132	0.0000	0.1109	0.0022	0.0001	0.0414	0.0189	0.0000	0.1232	0.0966	0.0189	0.2742	0.0200	0.0237	0.0032	0.2111	0.0073	0.4236	364.5825	6.3644	0.0061	0.0194	16.0000	7.1305	24.4443	3.2426	0.0109	0.0000	0.0109	0.0006	0.0000	0.0006	0.0103	0.0000	0.0103	0.0478	0.0065	0.0413	0.0059	0.0057	0.0002	0.0418	0.0007	0.0411	0.8288	0.7308	0.0980	0.2863	0.2716	0.0147	0.5425	0.4593	0.0833	0.4942	0.3437	0.1505	0.2960	0.2425	0.0535	0.1982	0.1012	0.0970	0.1361	0.0022	0.4045	0.1118	0.0046	12.8404	0.0896	0.0000	0.2908	0.0966	0.0189	0.2742	0.0200	0.0237	0.0032	0.2111	0.0073	0.4236
5	95	0.3955	3	2	1	1	0	0	0	0	0	Y	N	N	N	N	N	N	N	N	N	N	N	0.0000	0.0000	0.0000	0.0000	0.0000	0.0000	0.0000	0.0000	0.0000	0.0000	0.0000	0.0000	0.0000	0.0000	0.0000	0.0000	0.0000	2.4214	2.5458	2.2387	4.0436	4.8945	0.0000	1.9871	1.5710	2.4618	0.5990	0.0000	-0.3071	16.0000	8.0000	24.4443	22.5660	0.0000	0.0000	0.0000	0.0000	0.0000	0.0000	0.0000	0.0000	0.0000	3.6667	2.2930	1.3736	1.2930	1.2930	0.0000	2.3736	1.0000	1.3736	0.7617	0.6474	0.1143	0.0344	0.0318	0.0026	0.7273	0.6156	0.1117	1.5143	0.9007	0.6136	0.3198	0.2642	0.0556	1.1945	0.6365	0.5580	0.0000	0.0000	0.0000	0.0000	0.0000	0.0000	0.0000	0.0000	0.0000	2.4214	2.5458	2.2387	4.0436	4.8945	0.0000	1.9871	1.5710	2.4618		
5	98	0.4260	5	2	1	2	0	0	0	0	0	Y	N	Y	N	N	N	N	N	N	N	N	N	0.0000	0.0000	0.0000	0.0000	0.0000	0.0000	0.0000	0.0000	0.0000	0.0000	0.0000	0.0000	0.0000	0.0000	0.0000	0.0000	0.0000	0.0000	7.3438	3.9839	13.3285	15.3305	19.3208	0.0002	4.8765	0.0000	13.1663	1.4291	0.0000	0.6450	16.0000	0.9502	24.4443	16.1595	0.0000	0.0000	0.0000	0.0000	0.0000	0.0000	0.0000	0.0000	0.0000	4.9629	2.0430	2.9198	2.0431	2.0430	0.0000	2.9198	0.0000	2.9198	0.1106	0.0952	0.0154	0.0167	0.0160	0.0007	0.0939	0.0792	0.0147	0.8494	0.5128	0.3366	0.2507	0.2036	0.0470	0.5987	0.3092	0.2896	0.0000	0.0000	0.0000	0.0000	0.0000	0.0000	0.0000	0.0000	0.0000	5.8427	3.9839	8.6747	8.1506	10.0326	0.0002	4.8765	0.0000	10.0834	
5	100	0.4290	6	2	0	2	0	0	0	0	0	Y	N	Y	N	N	N	N	N	N	N	N	N	0.0000	0.0000	0.0000	0.0000	0.0000	0.0000	0.0000	0.0000	0.0000	0.0000	0.0000	0.0000	0.0000	0.0000	0.0000	0.0000	0.0000	3.9189	0.0008	15.5654	0.0030	0.0020	0.0074	5.4687	0.0000	16.2233	8140.3213	0.0000	1.5430	16.0000	1.0008	24.4443	13.9255	0.0000	0.0000	0.0000	0.0000	0.0000	0.0000	0.0000	0.0000	0.0000	2.8495	0.0004	2.8491	0.0007	0.0004	0.0003	2.8488	0.0000	2.8488	0.0986	0.0838	0.0148	0.0087	0.0080	0.0008	0.0898	0.0758	0.0140	0.7425	0.4434	0.2992	0.2216	0.1792	0.0425	0.5209	0.2642	0.2567	0.0000	0.0000	0.0000	0.0000	0.0000	0.0000	0.0000	0.0000	0.0000	3.8374	0.0008	9.5227	0.0030	0.0020	0.0074	5.4687	0.0000	11.0961		
5	101	0.4260	5	2	0	2	0	0	0	0	0	Y	N	Y	N	N	N	N	N	N	N	N	N	0.0000	0.0000	0.0000	0.0000	0.0000	0.0000	0.0000	0.0000	0.0000	0.0000	0.0000	0.0000	0.0000	0.0000	0.0000	0.0000	0.0000	0.0000	1.5454	1.0525	2.5644	1.5176	1.7911	0.1075	1.5703	0.0010	3.3212	1.1786	0.0000	0.0262	16.0000	0.0532	24.4443	2.0467	0.0000	0.0000	0.0000	0.0000	0.0000	0.0000	0.0000	0.0000	0.0000	0.3169	0.1455	0.1715	0.1471	0.1454	0.0017	0.1698	0.0001	0.1698	0.0228	0.0206	0.0022	0.0092	0.0092	0.0000	0.0136	0.0114	0.0022	0.2051	0.1382	0.0669	0.0969	0.0812	0.0157	0.1082	0.0570	0.0511	0.0000	0.0000	0.0000	0.0000	0.0000	0.0000	0.0000	0.0000	0.0000	1.5454	1.0525	2.5644	1.5176	1.7911	0.1075	1.5703	0.0010	3.3212	
5	102	0.4164	4	2	0	2	0	0	0	0	0	Y	N	Y	N	N	N	N	N	N	N	N	N	0.0000	0.0000	0.0000	0.0000	0.0000	0.0000	0.0000	0.0000	0.0000	0.0000	0.0000	0.0000	0.0000	0.0000	0.0000	0.0000	0.0000	0.0000	0.8410	0.4537	1.5590	0.8380	0.9892	0.0960	0.8427	0.0002	1.8654	1.8541	0.0000	0.0560	16.0000	2.0948	24.4443	3.0326	0.0000	0.0000	0.0000	0.0000	0.0000	0.0000	0.0000	0.0000	0.0000	0.2927	0.1025	0.1901	0.1046	0.1025	0.0020	0.1881	0.0000	0.1881	0.2217	0.1896	0.0321	0.0258	0.0242	0.0015	0.1959	0.1654	0.0305	0.3480	0.2260	0.1220	0.1248	0.1036	0.0211	0.2232	0.1224	0.1008	0.0000	0.0000	0.0000	0.0000	0.0000	0.0000	0.0000	0.0000	0.0000	0.8410	0.4537	1.5590	0.8380	0.9892	0.0960	0.8427	0.0002	1.8654	
5	103	0.3955	3	2	0	2	0	0	0	0	0	Y	N	Y	N	N	N	N	N	N	N	N	N	0.0000	0.0000	0.0000	0.0000	0.0000	0.0000	0.0000	0.0000	0.0000	0.0000	0.0000	0.0000	0.0000	0.0000	0.0000	0.0000	0.0000	0.0000	3.0346	0.0256	12.2075	0.3144	0.0669	1.7491	4.0683	0.0013	10.3970	186.2790	0.0000	0.9451	16.0000	3.9484	24.4443	4.8420	0.0000	0.0000	0.0000	0.0000	0.0000	0.0000	0.0000	0.0000	0.0000	1.7623	0.0094	1.7529	0.0503	0.0091	0.0411	1.7120	0.0003	1.7117	0.3829	0.3251	0.0578	0.0173	0.0160	0.0013	0.3656	0.3091	0.0565	0.5807	0.3676	0.2131	0.1599	0.1364	0.0235	0.4208	0.2312	0.1896	0.0000	0.0000	0.0000	0.0000	0.0000	0.0000	0.0000	0.0000	0.0000	3.0346	0.0256	8.2255	0.3144	0.0669	1.7491	4.0683	0.0013	9.0291	
5	104	0.3539	2	1	1	1	0	0	0	0	0	N	N	N	N	N	N	N	N	N	N	N	N	0.0052	0.0000	0.0309	0.1765	0.0000	70.1860	0.0031	0.0000	0.0194	0.0054	0.0000	0.0358	0.0269	0.0000	0.4243	0.0036	0.0000	0.0229	1.0274	0.9308	1.1572	0.1526	0.1640	0.0060	1.1514	1.1235	1.1820	inf	0.9253	0.0027	0.0462	16.0000	8.9557	24.4443	32.3127	0.0048	0.0000	0.0048	0.0018	0.0000	0.0018	0.0029	0.0000	0.0029	2.0771	1.0788	0.9982	0.0383	0.0382	0.0001	2.0388	1.0407	0.9981	0.8877	0.7547	0.1330	0.0672	0.0629	0.0043	0.8205	0.6917	0.1288	2.0217	1.1591	0.8626	0.2510	0.2328	0.0182	1.7707	0.9263	0.8444	0.0052	0.0000	0.0309	0.1765	0.0000	70.1860	0.0031	0.0000	0.0194	1.0274	0.9308	1.1572	0.1526	0.1640	0.0060	1.1514	1.1235	1.1820
5	105	0.3793	3	1	0	2	0	0	0	0	0	N	N	Y	N	N	N	N	N	N	N	N	N	1.3772	0.0000	3.6368	0.0000	0.0000	0.0000	1.3011	0.0000	3.5675	2.1151	0.0000	13.6015	0.0000	0.0000	0.0000	2.4032	0.0000	14.0832	1.5358	0.0006	3.7400	0.0021	0.0023	0.0003	1.8470	0.0000	3.9477	inf	4388.2222	0.5588	0.5415	16.0000	4.2679	24.4443	7.8415	0.9999	0.0000	0.9999	0.0000	0.0000	0.0000	0.9999	0.0000	0.9999	1.0003	0.0002	1.0000	0.0002	0.0002	0.0000	1.0000	0.0000	1.0000	0.4727	0.3992	0.0735	0.0567	0.0541	0.0025	0.4161	0.3451	0.0710	0.6513	0.3839	0.2674	0.1099	0.0958	0.0141	0.5415	0.2881	0.2533	1.3772	0.0000	3.6368	0.0000	0.0000	0.0000	1.3011	0.0000	3.5675	1.5358	0.0006	3.7400	0.0021	0.0023	0.0003	1.8470	0.0000	3.9477
5	106	0.3539	2	1	0	1	0	0	0	0	0	N	N	N	N	N	N	N	N	N	N	N	N	0.2146	0.0000	1.1853	0.2878	0.0000	25.5580	0.2451	0.0000	0.7602	0.0219	0.0000	0.1445	0.0634	0.0000	1.7228	0.0158	0.0000	0.0939	0.1019	0.0884	0.1219	0.2202	0.2281	0.0674	0.0644	0.0019	0.1235	inf	0.9263	0.0027	0.0020	16.0000	1.9301	24.4443	9.0954	0.0049	0.0000	0.0049	0.0018	0.0000	0.0018	0.0031	0.0000	0.0031	0.0872	0.0452	0.0419	0.0453	0.0446	0.0007	0.0418	0.0006	0.0412	0.2238	0.1899	0.0338	0.0286	0.0275	0.0011	0.1952	0.1624	0.0328	0.8557	0.5118	0.3439	0.2059	0.1958	0.0101	0.6498	0.3161	0.3338	0.2146	0.0000	1.1853	0.2878	0.0000	25.5580	0.2451	0.0000	0.7602	0.1019	0.0884	0.1219	0.2202	0.2281	0.0674	0.0644	0.0019	0.1235
5	108	0.3428	3	1	1	1	0	0	0	0	0	N	N	N	N	N	N	N	N	N	N	N	N	1.9961	42.8000	0.0000	0.0000	0.0000	0.0000	1.7572	36.9316	0.0000	1.2609	1.4900	0.0000	0.0000	0.0000	0.0000	1.2922	1.5331	0.0000	0.6317	0.0348	1.4676	0.0123	0.0125	0.0090	0.7353	0.0415	1.4987	0.0000	30.1054	-0.4411	0.5299	16.0000	8.0392	24.4443	22.6195	1.0000	1.0000	0.0000	0.0000	0.0000	0.0000	1.0000	1.0000	0.0000	1.0400	0.0334	1.0065	0.0029	0.0028	0.0001	1.0371	0.0307	1.0064	0.7930	0.6711	0.1219	0.0192	0.0189	0.0003	0.7739	0.6523	0.1216	1.6463	0.9604	0.6859	0.2359	0.2216	0.0143	1.4104	0.7388	0.6715	1.9961	42.8000	0.0000	0.0000	0.0000	0.0000	1.7572	36.9316	0.0000	0.6317	0.0348	1.4676	0.0123	0.0125	0.0090	0.7353	0.0415	1.4987
5	109	0.3428	2	1	0	1	0	0	0	0	0	N	N	N	N	N	N	N	N	N	N	N	N	0.0038	0.0035	0.0000	0.0046	0.0046	0.0000	0.0035	0.0029	0.0000	0.0007	0.0009	0.0000	0.0011	0.0011	0.0000	0.0005	0.0007	0.0000	0.1895	0.2461	0.0556	0.2475	0.2489	0.0961	0.1532	0.2428	0.0551	0.0000	0.0957	-0.0000	-0.0289	16.0000	0.2031	24.4443	2.0398	0.0000	0.0000	0.0000	0.0000	0.0000	0.0000	0.0000	0.0000	0.0000	0.0779	0.0711	0.0068	0.0391	0.0390	0.0001	0.0388	0.0321	0.0067	0.0550	0.0460	0.0090	0.0176	0.0176	0.0000	0.0374	0.0284	0.0090	0.4112	0.2889	0.1223	0.1581	0.1566	0.0015	0.2530	0.1322	0.1208	0.0038	0.0035	0.0000	0.0046	0.0046	0.0000	0.0035	0.0029	0.0000	0.1895	0.2461	0.0556	0.2475	0.2489	0.0961	0.1532	0.2428	0.0551
5	110	0.9233	8	2	0	2	0	0	0	0	0	Y	N	Y	N	N	N	N	N	N	N	N	N	0.0000	0.0000	0.0000	0.0000	0.0000	0.0000	0.0000	0.0000	0.0000	0.0000	0.0000	0.0000	0.0000	0.0000	0.0000	0.0000	0.0000	0.0000	0.0000	0.0000	16.0000	0.0001	24.4443	0.0001	0.0000	0.0000	0.0000	0.0000	0.0000	0.0000	0.0000	0.0000	0.0000	0.0000	0.0000	0.0000	0.0000	0.0000	0.0000	0.0000	0.0000	0.0000	0.0111	0.0087	0.0023	0.0055	0.0055	0.0000	0.0055	0.0032	0.0023	0.0004	0.0002	0.0001	0.0002	0.0002	0.0000	0.0002	0.0000	0.0001	0.0000	0.0000	0.0000	0.0000	0.0000	0.0000	0.0000	0.0000	0.0000	0.0000	0.0000	0.0000	0.0000	0.0000	0.0000	0.0000	0.0000	0.0000											
5	111	0.9094	7	2	0	2	0	0	0	0	0	Y	N	Y	N	N	N	N	N	N	N	N	N	0.0000	0.0000	0.0000	0.0000	0.0000	0.0000	0.0000	0.0000	0.0000	0.0000	0.0000	0.0000	0.0000	0.0000	0.0000	0.0000	0.0000	0.0000	0.0032	0.0035	0.0023	0.0014	0.0012	0.0022	0.0067	0.0113	0.0024	0.2893	0.0000	-0.0002	16.0000	1.6718	24.4443	2.9223	0.0000	0.0000	0.0000	0.0000	0.0000	0.0000	0.0000	0.0000	0.0000	0.0008	0.0006	0.0002	0.0002	0.0002	0.0001	0.0005	0.0004	0.0001	0.1713	0.1491	0.0222	0.0461	0.0438	0.0023	0.1252	0.1054	0.0199	0.2449	0.1710	0.0739	0.1642	0.1318	0.0324	0.0807	0.0392	0.0415	0.0000	0.0000	0.0000	0.0000	0.0000	0.0000	0.0000	0.0000	0.0000	0.0032	0.0035	0.0023	0.0014	0.0012	0.0022	0.0067	0.0113	0.0024	
5	112	0.8259	6	2	0	2	0	0	0	0	0	Y	N	Y	N	N	N	N	N	N	N	N	N	0.0000	0.0000	0.0000	0.0000	0.0000	0.0000	0.0000	0.0000	0.0000	0.0000	0.0000	0.0000	0.0000	0.0000	0.0000	0.0000	0.0000	0.0000	0.0017	0.0024	0.0002	0.0026	0.0031	0.0000	0.0006	0.0009	0.0002	0.0316	0.0000	-0.0006	16.0000	14.0283	24.4443	7.1084	0.0000	0.0000	0.0000	0.0000	0.0000	0.0000	0.0000	0.0000	0.0000	0.0014	0.0014	0.0000	0.0012	0.0012	0.0000	0.0002	0.0002	0.0000	1.3263	1.1615	0.1648	0.4007	0.3762	0.0245	0.9256	0.7853	0.1403	0.8311	0.5723	0.2588	0.4766	0.3891	0.0875	0.3545	0.1832	0.1712	0.0000	0.0000	0.0000	0.0000	0.0000	0.0000	0.0000	0.0000	0.0000	0.0017	0.0024	0.0002	0.0026	0.0031	0.0000	0.0006	0.0009	0.0002	
5	113	0.7656	5	1	0	1	0	0	0	0	0	N	N	N	N	N	N	N	N	N	N	N	N	1.8097	0.0244	4.8684	2.0678	0.0233	78.0475	1.1607	0.0279	3.8665	1.7673	0.0009	15.1734	0.0758	0.0009	1.5634	2.5257	0.0009	17.1602	0.9766	0.0375	3.1167	0.0366	0.0399	0.0200	2.1760	0.0324	4.4382	2190.9210	36.5133	1.1072	0.4900	16.0000	8.6129	24.4443	5.1709	1.9828	0.0009	1.9819	0.0263	0.0003	0.0260	1.9564	0.0006	1.9558	0.9514	0.0254	0.9261	0.0200	0.0182	0.0018	0.9314	0.0071	0.9243	1.1219	0.9913	0.1306	0.3473	0.3307	0.0166	0.7746	0.6606	0.1140	0.9743	0.6771	0.2971	0.5462	0.4573	0.0889	0.4280	0.2198	0.2083	1.8097	0.0244	4.8684	2.0678	0.0233	78.0475	1.1607	0.0279	3.8665	0.9766	0.0375	3.1167	0.0366	0.0399	0.0200	2.1760	0.0324	4.4382
5	114	0.6705	4	1	0	1	0	0	0	0	0	N	N	N	N	N	N	N	N	N	N	N	N	0.3459	0.0131	1.5430	0.0035	0.0002	0.3232	0.2839	0.0123	1.3128	0.6993	0.0186	5.0182	0.0033	0.0002	0.0409	0.8793	0.0238	5.6517	2.0214	1.4213	3.2522	0.9403	1.1018	0.1264	3.0967	1.9401	4.3050	42.4721	1.1157	0.6136	0.2805	16.0000	16.8607	24.4443	22.7724	1.1450	0.0263	1.1186	0.0011	0.0001	0.0010	1.1439	0.0263	1.1176	4.0667	1.9221	2.1445	0.9432	0.9222	0.0210	3.1234	0.9999	2.1235	1.6373	1.4144	0.2229	0.3364	0.3112	0.0252	1.3009	1.1032	0.1977	2.0118	1.3524	0.6594	1.0031	0.8370	0.1662	1.0086	0.5154	0.4933	0.3459	0.0131	1.5430	0.0035	0.0002	0.3232	0.2839	0.0123	1.3128	2.0214	1.4213	3.2522	0.9403	1.1018	0.1264	3.0967	1.9401	4.3050
5	115	0.4018	3	2	0	2	0	0	0	0	0	Y	N	Y	N	N	N	N	N	N	N	N	N	0.0000	0.0000	0.0000	0.0000	0.0000	0.0000	0.0000	0.0000	0.0000	0.0000	0.0000	0.0000	0.0000	0.0000	0.0000	0.0000	0.0000	0.0000	2.3142	0.0014	7.0878	0.0057	0.0034	0.0681	3.2413	0.0000	6.8541	2462.9804	0.0000	0.5379	16.0000	1.0009	24.4443	4.0038	0.0000	0.0000	0.0000	0.0000	0.0000	0.0000	0.0000	0.0000	0.0000	0.9939	0.0004	0.9935	0.0007	0.0004	0.0003	0.9932	0.0000	0.9932	0.1047	0.0892	0.0154	0.0077	0.0073	0.0003	0.0970	0.0819	0.0151	0.4295	0.2802	0.1493	0.1231	0.1187	0.0044	0.3064	0.1615	0.1449	0.0000	0.0000	0.0000	0.0000	0.0000	0.0000	0.0000	0.0000	0.0000	2.3142	0.0014	6.6538	0.0057	0.0034	0.0681	3.2413	0.0000	6.8541	
5	116	0.3735	2	2	0	2	0	0	0	0	0	Y	N	Y	N	N	N	N	N	N	N	N	N	0.1207	0.0003	1.3748	0.0495	0.0000	7.8863	0.4046	0.0312	1.2581	0.0197	0.0001	0.1299	0.0359	0.0000	0.6027	0.0187	0.0001	0.1195	0.1629	0.2096	0.0945	0.7261	0.7757	0.0764	0.0463	0.0022	0.0950	363.0000	0.3079	0.0020	-0.0265	16.0000	1.8441	24.4443	10.4794	0.0036	0.0000	0.0036	0.0004	0.0000	0.0004	0.0033	0.0000	0.0033	0.1187	0.0908	0.0280	0.0908	0.0901	0.0007	0.0280	0.0007	0.0273	0.1851	0.1572	0.0280	0.0100	0.0094	0.0006	0.1751	0.1477	0.0274	0.7289	0.4330	0.2959	0.1250	0.1161	0.0089	0.6039	0.3169	0.2870	0.1207	0.0003	1.3748	0.0495	0.0000	7.8863	0.4046	0.0312	1.2581	0.1629	0.2096	0.0945	0.7261	0.7757	0.0764	0.0463	0.0022	0.0950
5	117	0.5578	2	1	1	1	1	0	0	0	0	N	N	N	N	N	N	N	N	N	N	N	N	0.0091	0.0059	0.0254	0.0339	0.0182	4.3898	0.0033	0.0000	0.0112	0.0082	0.0039	0.0367	0.0306	0.0187	0.2623	0.0030	0.0000	0.0198	0.9029	0.6569	1.4415	0.9026	1.0261	0.0597	0.9033	0.0998	1.7718	1.4462	1.0025	0.0014	0.0857	16.0000	10.5071	24.4443	20.2622	0.0095	0.0039	0.0056	0.0067	0.0039	0.0028	0.0028	0.0000	0.0028	2.0289	1.0132	1.0157	0.9600	0.9519	0.0081	1.0689	0.0613	1.0076	1.1594	1.0056	0.1538	0.2190	0.2083	0.0107	0.9404	0.7973	0.1431	2.2470	1.5424	0.7046	1.0636	0.9277	0.1359	1.1834	0.6147	0.5687	0.0091	0.0059	0.0254	0.0339	0.0182	4.3898	0.0033	0.0000	0.0112	0.9029	0.6569	1.4415	0.9026	1.0261	0.0597	0.9033	0.0998	1.7718
5	119	0.3600	2	1	1	1	0	0	0	0	0	N	N	N	N	N	N	N	N	N	N	N	N	0.0017	0.0000	0.0068	0.0666	0.0000	0.2823	0.0009	0.0000	0.0039	0.0035	0.0000	0.0231	0.0257	0.0000	1.6275	0.0021	0.0000	0.0131	2.1168	1.2111	3.4207	0.3861	0.0612	5.7643	2.4192	1.5697	3.3712	inf	1.9617	0.0008	0.6080	16.0000	3.8169	24.4443	21.2433	0.0014	0.0000	0.0014	0.0006	0.0000	0.0006	0.0008	0.0000	0.0008	2.9808	1.0065	1.9744	0.0809	0.0121	0.0688	2.8999	0.9944	1.9056	0.4069	0.3447	0.0622	0.0245	0.0241	0.0004	0.3824	0.3206	0.0618	1.4082	0.8310	0.5772	0.2095	0.1975	0.0119	1.1987	0.6335	0.5652	0.0017	0.0000	0.0068	0.0666	0.0000	0.2823	0.0009	0.0000	0.0039	2.1168	1.2111	3.4207	0.3861	0.0612	5.7643	2.4192	1.5697	3.3712
5	120	0.7057	6	1	1	1	0	0	0	0	0	N	N	N	N	N	N	N	N	N	N	N	N	0.5380	0.4234	0.0047	0.8771	0.7610	0.3719	11.6377	21.8433	0.0000	0.7466	0.8563	0.0001	2.3133	2.4421	0.0008	0.2091	0.2471	0.0000	1.3877	2.0222	0.0187	2.6375	3.2089	0.0023	0.0180	0.0113	0.0255	0.0000	0.0043	-0.5818	-1.8751	16.0000	16.3276	24.4443	34.9199	1.3189	1.3189	0.0000	1.0439	1.0439	0.0000	0.2750	0.2750	0.0000	4.1293	4.1117	0.0176	4.1038	4.1031	0.0006	0.0255	0.0085	0.0170	1.7665	1.5402	0.2262	0.4513	0.4274	0.0238	1.3152	1.1128	0.2024	2.9756	2.0333	0.9423	1.5559	1.2787	0.2772	1.4197	0.7546	0.6650	0.5380	0.4234	0.0047	0.8771	0.7610	0.3719	11.6377	21.8433	0.0000	1.3877	2.0222	0.0187	2.6375	3.2089	0.0023	0.0180	0.0113	0.0255
5	121	0.6884	5	1	1	1	0	0	0	0	0	N	N	N	N	N	N	N	N	N	N	N	N	5.7444	8.2928	0.0040	0.4009	0.4882	0.0000	9.5780	23.5899	0.0052	1.0143	1.1708	0.0011	0.0833	0.0875	0.0000	1.2972	1.5443	0.0012	0.1766	0.1412	0.2635	0.2079	0.1792	0.3515	0.1354	0.0655	0.2207	0.0001	0.7598	-0.3151	-0.0094	16.0000	6.1757	24.4443	14.5601	0.7145	0.7144	0.0001	0.0137	0.0137	0.0000	0.7008	0.7007	0.0001	0.3524	0.2003	0.1522	0.2356	0.1693	0.0664	0.1168	0.0310	0.0858	0.7044	0.6102	0.0943	0.1642	0.1564	0.0077	0.5403	0.4537	0.0865	1.9961	1.4185	0.5775	1.1337	0.9448	0.1889	0.8624	0.4737	0.3887	5.7444	8.2928	0.0040	0.4009	0.4882	0.0000	9.5780	23.5899	0.0052	0.1766	0.1412	0.2635	0.2079	0.1792	0.3515	0.1354	0.0655	0.2207
5	122	0.6353	4	1	0	1	0	0	0	0	0	N	N	N	N	N	N	N	N	N	N	N	N	0.2807	0.2643	0.0000	0.0667	0.0620	0.0000	1.0604	4.6462	0.0000	0.0733	0.0843	0.0000	0.0294	0.0311	0.0000	0.0889	0.1054	0.0000	0.2612	0.3188	0.1268	0.4408	0.5019	0.0300	0.0838	0.0227	0.1532	0.0000	0.1705	-0.0294	-0.1753	16.0000	7.5400	24.4443	21.4192	0.0667	0.0667	0.0000	0.0070	0.0070	0.0000	0.0597	0.0597	0.0000	0.5607	0.4790	0.0817	0.4701	0.4660	0.0041	0.0905	0.0130	0.0775	0.9097	0.7915	0.1182	0.2384	0.2254	0.0129	0.6713	0.5661	0.1052	2.1465	1.5025	0.6441	1.0666	0.9285	0.1381	1.0799	0.5740	0.5059	0.2807	0.2643	0.0000	0.0667	0.0620	0.0000	1.0604	4.6462	0.0000	0.2612	0.3188	0.1268	0.4408	0.5019	0.0300	0.0838	0.0227	0.1532
5	123	0.3955	3	1	1	1	0	0	0	0	0	N	N	N	N	N	N	N	N	N	N	N	N	0.0000	0.0000	0.0000	0.0000	0.0000	0.0000	0.0000	0.0000	0.0000	0.0000	0.0000	0.0000	0.0000	1.0482	1.7470	0.0000	4.9158	5.8969	0.0000	0.0000	0.0000	0.0000	0.0000	0.0000	-0.5921	16.0000	4.0019	24.4443	19.5615	0.0000	0.0000	0.0000	0.0000	0.0000	0.0000	0.0000	0.0000	0.0000	1.2918	1.2918	0.0000	1.2918	1.2918	0.0000	0.0000	0.0000	0.0000	0.3880	0.3295	0.0585	0.0175	0.0162	0.0013	0.3705	0.3132	0.0572	1.2323	0.7394	0.4929	0.2720	0.2260	0.0460	0.9604	0.5134	0.4469	0.0000	0.0000	0.0000	0.0000	0.0000	0.0000	0.0000	0.0000	0.0000	1.0482	1.7470	0.0000	4.7494	5.7163	0.0000	0.0000	0.0000	0.0000						
5	124	0.3735	2	1	0	1	0	0	0	0	0	N	N	N	N	N	N	N	N	N	N	N	N	0.0136	0.0000	0.0366	0.1199	0.0000	0.3374	0.0110	0.0000	0.0332	0.0292	0.0000	0.1931	0.0486	0.0000	0.8992	0.0279	0.0000	0.1778	2.1421	0.0743	5.2746	0.4058	0.2510	2.6651	2.5469	0.0008	5.3567	inf	46.8553	0.0020	0.6651	16.0000	1.2223	24.4443	8.2281	0.0036	0.0000	0.0036	0.0004	0.0000	0.0004	0.0033	0.0000	0.0033	1.2773	0.0267	1.2506	0.0457	0.0265	0.0193	1.2316	0.0002	1.2314	0.1245	0.1057	0.0188	0.0074	0.0070	0.0004	0.1171	0.0987	0.0184	0.5963	0.3592	0.2371	0.1127	0.1055	0.0072	0.4836	0.2537	0.2299	0.0136	0.0000	0.0366	0.1199	0.0000	0.3374	0.0110	0.0000	0.0332	2.1421	0.0743	5.2746	0.4058	0.2510	2.6651	2.5469	0.0008	5.3567
5	126	0.3587	3	1	1	1	0	0	0	0	0	N	N	N	N	N	N	N	N	N	N	N	N	0.0000	0.0000	0.0000	0.0000	0.0000	0.0000	0.0000	0.0000	0.0000	0.0000	0.0000	0.0000	0.0000	0.0000	0.0000	0.0000	0.0000	0.0000	1.5668	1.3264	1.9154	0.0138	0.0071	0.0996	1.8970	1.8266	1.9734	0.9962	0.0000	0.0813	16.0000	5.0407	24.4443	17.1705	0.0000	0.0000	0.0000	0.0000	0.0000	0.0000	0.0000	0.0000	0.0000	1.9987	1.0012	0.9974	0.0031	0.0015	0.0016	1.9956	0.9998	0.9958	0.5227	0.4425	0.0802	0.0294	0.0288	0.0006	0.4933	0.4137	0.0796	1.2756	0.7549	0.5208	0.2237	0.2075	0.0161	1.0520	0.5473	0.5046	0.0000	0.0000	0.0000	0.0000	0.0000	0.0000	0.0000	0.0000	0.0000	1.5668	1.3264	1.9154	0.0138	0.0071	0.0996	1.8970	1.8266	1.9734	
5	127	0.3428	2	1	1	1	0	0	0	0	0	N	N	N	N	N	N	N	N	N	N	N	N	0.0010	0.0009	0.0000	0.0164	0.0162	0.0000	0.0000	0.0000	0.0000	0.0001	0.0001	0.0000	0.0011	0.0011	0.0000	0.0000	0.0000	0.0000	0.0913	0.1182	0.0440	0.0680	0.0689	0.0304	0.0992	0.1496	0.0443	0.0000	0.2124	-0.0000	-0.0179	16.0000	1.9703	24.4443	6.2034	0.0000	0.0000	0.0000	0.0000	0.0000	0.0000	0.0000	0.0000	0.0000	0.0633	0.0522	0.0111	0.0120	0.0119	0.0001	0.0513	0.0403	0.0109	0.2261	0.1907	0.0354	0.0180	0.0179	0.0001	0.2081	0.1728	0.0353	0.6935	0.4417	0.2517	0.1766	0.1720	0.0046	0.5169	0.2697	0.2472	0.0010	0.0009	0.0000	0.0164	0.0162	0.0000	0.0000	0.0000	0.0000	0.0913	0.1182	0.0440	0.0680	0.0689	0.0304	0.0992	0.1496	0.0443
5	129	0.6646	5	1	1	1	0	0	0	0	0	N	N	N	N	N	N	N	N	N	N	N	N	0.0000	0.0000	0.0000	0.0000	0.0000	0.0000	0.0000	0.0000	0.0000	0.0000	0.0000	0.0000	0.0000	0.0000	0.0000	0.0000	0.0000	0.0000	1.0015	1.2966	0.0221	0.3948	0.4193	0.0757	1.7953	3.2034	0.0107	0.0051	0.0000	-0.3170	16.0000	1.0033	24.4443	0.8635	0.0000	0.0000	0.0000	0.0000	0.0000	0.0000	0.0000	0.0000	0.0000	0.6994	0.6958	0.0036	0.1563	0.1541	0.0021	0.5431	0.5417	0.0014	0.3252	0.2961	0.0291	0.1767	0.1686	0.0081	0.1485	0.1275	0.0210	0.6983	0.5366	0.1617	0.3958	0.3676	0.0282	0.3025	0.1691	0.1334	0.0000	0.0000	0.0000	0.0000	0.0000	0.0000	0.0000	0.0000	0.0000	1.0015	1.2966	0.0221	0.3948	0.4193	0.0757	1.7953	3.2034	0.0107	
5	130	0.6353	4	1	0	1	0	0	0	0	0	N	N	N	N	N	N	N	N	N	N	N	N	0.1128	0.2204	0.0216	1.0104	0.9837	1.6084	0.0382	0.0711	0.0001	0.0763	0.0829	0.0314	0.1432	0.1367	0.2632	0.0486	0.0577	0.0002	0.6765	0.3760	1.4543	0.1418	0.1390	0.1636	1.2719	0.8121	1.8048	0.0552	1.4942	-0.0218	0.1642	16.0000	5.5514	24.4443	9.9598	0.0562	0.0532	0.0029	0.0309	0.0279	0.0029	0.0253	0.0253	0.0000	1.1669	0.4678	0.6990	0.1288	0.1120	0.0168	1.0380	0.3558	0.6822	0.7359	0.6423	0.0936	0.2155	0.2044	0.0111	0.5204	0.4379	0.0825	1.7249	1.2443	0.4807	0.9088	0.8061	0.1026	0.8161	0.4381	0.3780	0.1128	0.2204	0.0216	1.0104	0.9837	1.6084	0.0382	0.0711	0.0001	0.6765	0.3760	1.4543	0.1418	0.1390	0.1636	1.2719	0.8121	1.8048
5	131	0.6050	3	1	0	1	0	0	0	0	0	N	N	N	N	N	N	N	N	N	N	N	N	5.2399	7.1475	0.0618	3.5291	3.6067	0.7567	4.9348	7.8263	0.0295	1.4307	1.6384	0.0232	0.7631	0.7949	0.1408	1.6203	1.9069	0.0124	0.2730	0.2292	0.3745	0.2162	0.2204	0.1860	0.3284	0.2436	0.4211	0.0021	0.7058	-0.6719	-0.0222	16.0000	9.1969	24.4443	13.4651	1.5305	1.5273	0.0032	0.1806	0.1789	0.0016	1.3499	1.3484	0.0016	0.4979	0.2919	0.2060	0.1945	0.1742	0.0203	0.3034	0.1177	0.1857	1.0697	0.9322	0.1375	0.2366	0.2251	0.0115	0.8331	0.7071	0.1260	1.8234	1.2733	0.5501	0.8994	0.7903	0.1091	0.9240	0.4830	0.4410	5.2399	7.1475	0.0618	3.5291	3.6067	0.7567	4.9348	7.8263	0.0295	0.2730	0.2292	0.3745	0.2162	0.2204	0.1860	0.3284	0.2436	0.4211
5	132	0.4185	5	2	1	1	1	0	0	0	0	Y	N	N	N	N	N	N	N	N	N	N	N	inf	inf	inf	inf	10.2322	12.0411	0.0000	0.0000	0.0000	0.0000	10.9077	12.9157	0.0000	0.0000	0.0000	0.0000	0.0000	0.0000	0.0000	0.0000	0.0000	0.0000	0.0000	-0.4411	0.0000	16.0000	1.0000	24.4443	3.0001	1.0000	1.0000	0.0000	0.0000	0.0000	0.0000	1.0000	1.0000	0.0000	0.0000	0.0000	0.0000	0.0000	0.0000	0.0000	0.0000	0.0000	0.0000	0.0977	0.0830	0.0147	0.0061	0.0056	0.0004	0.0917	0.0774	0.0143	0.1887	0.1048	0.0838	0.0228	0.0198	0.0030	0.1658	0.0850	0.0808	inf	inf	0.0000	0.0000	0.0000	0.0000	inf	inf	0.0000	0.0000	0.0000	0.0000	0.0000	0.0000	0.0000	0.0000	0.0000	0.0000						
5	133	0.8174	9	2	1	1	1	0	0	0	0	Y	N	N	N	N	N	N	N	N	N	N	N	0.0000	0.0000	0.0000	0.0000	0.0000	0.0000	0.0000	0.0000	0.0000	0.0000	0.0000	0.0000	0.0000	0.0108	0.0160	0.0000	0.0219	0.0260	0.0000	0.0000	0.0000	0.0000	0.0000	0.0000	-0.0004	16.0000	0.0006	24.4443	1.9797	0.0000	0.0000	0.0000	0.0000	0.0000	0.0000	0.0000	0.0000	0.0000	0.0009	0.0009	0.0000	0.0009	0.0009	0.0000	0.0000	0.0000	0.0000	0.0001	0.0001	0.0000	0.0001	0.0001	0.0000	0.0000	0.0000	0.0000	0.0845	0.0567	0.0278	0.0416	0.0350	0.0066	0.0429	0.0217	0.0212	0.0000	0.0000	0.0000	0.0000	0.0000	0.0000	0.0000	0.0000	0.0000	0.0108	0.0160	0.0000	0.0219	0.0260	0.0000	0.0000	0.0000	0.0000						
5	134	0.8007	8	2	1	1	1	0	0	0	0	Y	N	N	N	N	N	N	N	N	N	N	N	0.0000	0.0000	0.0000	0.0000	0.0000	0.0000	0.0000	0.0000	0.0000	0.0000	0.0000	0.0000	0.0000	0.0000	0.0000	0.0000	3.2457	5.2150	0.0000	10.5222	12.8938	0.0000	0.0000	0.0000	0.0000	0.0000	0.0000	-0.4577	16.0000	2.0077	24.4443	6.0321	0.0000	0.0000	0.0000	0.0000	0.0000	0.0000	0.0000	0.0000	0.0000	0.9985	0.9985	0.0000	0.9985	0.9985	0.0000	0.0000	0.0000	0.0000	0.1897	0.1634	0.0263	0.0457	0.0419	0.0037	0.1440	0.1214	0.0226	0.3076	0.2034	0.1042	0.1479	0.1221	0.0258	0.1597	0.0813	0.0785	0.0000	0.0000	0.0000	0.0000	0.0000	0.0000	0.0000	0.0000	0.0000	3.2457	4.9092	0.0000	6.7506	8.1758	0.0000	0.0000	0.0000	0.0000			
5	135	0.7959	8	1	1	1	1	0	0	0	0	N	N	N	N	N	N	N	N	N	N	N	N	0.0002	0.0000	1.1012	0.0004	0.0000	19.2150	0.0000	0.0000	0.0000	0.0003	0.0000	0.0019	0.0012	0.0000	0.0157	0.0000	0.0000	0.0000	1.4365	2.1226	0.0017	2.8436	3.3968	0.0008	0.0016	0.0013	0.0020	inf	0.0004	0.0000	-0.3671	16.0000	3.0348	24.4443	9.3583	0.0001	0.0000	0.0001	0.0001	0.0000	0.0001	0.0000	0.0000	0.0000	0.8016	0.8013	0.0003	0.8012	0.8012	0.0000	0.0005	0.0002	0.0003	0.2937	0.2516	0.0421	0.0668	0.0617	0.0051	0.2269	0.1899	0.0370	0.5580	0.3775	0.1805	0.2818	0.2359	0.0459	0.2763	0.1417	0.1346	0.0002	0.0000	1.1012	0.0004	0.0000	19.2150	0.0000	0.0000	0.0000	1.4365	2.1226	0.0017	2.8436	3.3968	0.0008	0.0016	0.0013	0.0020
5	136	0.7816	7	1	0	1	1	0	0	0	0	N	N	N	N	N	N	N	N	N	N	N	N	0.0219	0.0171	0.0000	0.0391	0.0343	0.0000	0.0000	0.0000	0.0163	0.0192	0.0000	0.0609	0.0647	0.0000	0.0000	0.0000	0.0000	0.7418	1.1237	0.0009	1.5556	1.8878	0.0000	0.0013	0.0014	0.0012	0.0000	0.0004	-0.0000	-0.0914	16.0000	0.0433	24.4443	6.6805	0.0001	0.0001	0.0000	0.0001	0.0001	0.0000	0.0000	0.0000	0.0000	0.1997	0.1996	0.0001	0.1995	0.1995	0.0000	0.0002	0.0001	0.0001	0.0049	0.0042	0.0008	0.0013	0.0012	0.0001	0.0036	0.0029	0.0007	0.2692	0.1776	0.0916	0.1282	0.1057	0.0226	0.1409	0.0720	0.0690	0.0219	0.0171	0.0000	0.0391	0.0343	0.0000	0.0000	0.0000	0.0000	0.7418	1.1237	0.0009	1.5556	1.8878	0.0000	0.0013	0.0014	0.0012	
5	137	0.4481	7	1	1	1	1	0	0	0	0	N	N	N	N	N	N	N	N	N	N	N	N	0.0000	0.0000	0.0000	0.0000	0.0000	0.0000	0.0000	0.0000	0.0000	0.0000	0.0000	0.0000	0.0000	0.0000	0.0000	0.0000	0.0000	0.0000	0.0000	0.0000	16.0000	0.0000	24.4443	0.0000	0.0000	0.0000	0.0000	0.0000	0.0000	0.0000	0.0000	0.0000	0.0000	0.0000	0.0000	0.0000	0.0000	0.0000	0.0000	0.0000	0.0000	0.0000	0.0000	0.0000	0.0000	0.0000	0.0000	0.0000	0.0000	0.0000	0.0000	0.0000	0.0000	0.0000	0.0000	0.0000	0.0000	0.0000	0.0000	0.0000	0.0000	0.0000	0.0000	0.0000	0.0000	0.0000	0.0000	0.0000	0.0000	0.0000	0.0000	0.0000	0.0000	0.0000	0.0000	0.0000	0.0000	0.0000											
5	138	0.4431	6	1	1	1	1	0	0	0	0	N	N	N	N	N	N	N	N	N	N	N	N	0.0000	0.0000	0.0000	0.0000	0.0000	0.0000	0.0000	0.0000	0.0000	0.0000	0.0000	0.0000	0.0000	0.0000	0.0000	0.0000	0.0000	0.0000	0.0000	0.0000	16.0000	0.0021	24.4443	2.0000	0.0000	0.0000	0.0000	0.0000	0.0000	0.0000	0.0000	0.0000	0.0000	0.0000	0.0000	0.0000	0.0000	0.0000	0.0000	0.0000	0.0000	0.0000	0.0002	0.0002	0.0000	0.0000	0.0000	0.0000	0.0002	0.0002	0.0000	0.0931	0.0526	0.0405	0.0138	0.0120	0.0017	0.0793	0.0405	0.0388	0.0000	0.0000	0.0000	0.0000	0.0000	0.0000	0.0000	0.0000	0.0000	0.0000	0.0000	0.0000	0.0000	0.0000	0.0000	0.0000	0.0000	0.0000											
5	139	0.4328	5	1	0	1	1	0	0	0	0	N	N	N	N	N	N	N	N	N	N	N	N	0.0000	0.0000	0.0000	0.0000	0.0000	0.0000	0.0000	0.0000	0.0000	0.0000	0.0000	0.0000	0.0000	0.0001	0.0001	0.0000	0.0000	0.0000	0.0000	0.0001	0.0001	0.0000	0.0000	0.0000	-0.0000	16.0000	1.0020	24.4443	3.0181	0.0000	0.0000	0.0000	0.0000	0.0000	0.0000	0.0000	0.0000	0.0000	0.0000	0.0000	0.0000	0.0000	0.0000	0.0000	0.0000	0.0000	0.0000	0.0980	0.0833	0.0147	0.0064	0.0060	0.0004	0.0916	0.0774	0.0142	0.1891	0.1060	0.0831	0.0267	0.0232	0.0035	0.1624	0.0828	0.0797	0.0000	0.0000	0.0000	0.0000	0.0000	0.0000	0.0000	0.0000	0.0000	0.0001	0.0001	0.0000	0.0000	0.0000	0.0000	0.0001	0.0001	0.0000						
5	140	0.4185	5	1	1	1	0	0	0	0	0	N	N	N	N	N	N	N	N	N	N	N	N	0.0000	0.0000	0.0000	0.0000	0.0000	0.0000	0.0000	0.0000	0.0000	0.0000	0.0000	0.0000	0.0000	0.0000	0.0000	0.0000	0.0000	0.0000	0.0000	0.0000	16.0000	0.0000	24.4443	4.0001	0.0000	0.0000	0.0000	0.0000	0.0000	0.0000	0.0000	0.0000	0.0000	0.0000	0.0000	0.0000	0.0000	0.0000	0.0000	0.0000	0.0000	0.0000	0.0000	0.0000	0.0000	0.0000	0.0000	0.0000	0.0000	0.0000	0.0000	0.1887	0.1048	0.0838	0.0228	0.0198	0.0030	0.1658	0.0850	0.0808	0.0000	0.0000	0.0000	0.0000	0.0000	0.0000	0.0000	0.0000	0.0000	0.0000	0.0000	0.0000	0.0000	0.0000	0.0000	0.0000	0.0000	0.0000											
5	141	0.7961	7	1	1	1	0	0	0	0	0	N	N	N	N	N	N	N	N	N	N	N	N	0.3948	0.3109	0.0000	0.0000	0.0000	0.0000	9.4691	23.9214	0.0000	0.0023	0.0027	0.0000	0.0000	0.0000	0.0000	0.0031	0.0036	0.0000	0.0059	0.0087	0.0004	0.0119	0.0143	0.0002	0.0003	0.0002	0.0005	0.0000	0.0250	-0.0001	-0.0006	16.0000	1.0003	24.4443	5.0186	0.0002	0.0002	0.0000	0.0000	0.0000	0.0000	0.0002	0.0002	0.0000	0.0014	0.0013	0.0000	0.0013	0.0013	0.0000	0.0000	0.0000	0.0000	0.0946	0.0815	0.0131	0.0228	0.0209	0.0019	0.0718	0.0606	0.0112	0.2349	0.1555	0.0794	0.1131	0.0937	0.0195	0.1217	0.0618	0.0599	0.3948	0.3109	0.0000	0.0000	0.0000	0.0000	9.4691	23.9214	0.0000	0.0059	0.0087	0.0004	0.0119	0.0143	0.0002	0.0003	0.0002	0.0005
5	142	0.4328	5	1	0	2	1	0	0	0	0	N	N	Y	N	N	N	N	N	N	N	N	N	0.0000	0.0000	0.0000	0.0000	0.0000	0.0000	0.0000	0.0000	0.0000	0.0000	0.0000	0.0000	0.0000	2.4113	4.2978	0.0000	0.0000	0.0000	0.0000	2.8057	5.4944	0.0000	0.0000	0.0000	-0.4584	16.0000	0.0001	24.4443	9.0026	0.0000	0.0000	0.0000	0.0000	0.0000	0.0000	0.0000	0.0000	0.0000	1.0000	1.0000	0.0000	0.0000	0.0000	0.0000	1.0000	1.0000	0.0000	0.0000	0.0000	0.0000	0.0000	0.0000	0.0000	0.0000	0.0000	0.0000	0.4147	0.2327	0.1820	0.0583	0.0507	0.0076	0.3564	0.1820	0.1744	0.0000	0.0000	0.0000	0.0000	0.0000	0.0000	0.0000	0.0000	0.0000	2.4113	4.2978	0.0000	0.0000	0.0000	0.0000	2.8057	5.4944	0.0000						
5	143	0.7816	7	1	0	2	1	0	0	0	0	N	N	Y	N	N	N	N	N	N	N	N	N	0.0000	0.0000	0.0000	0.0000	0.0000	0.0000	0.0000	0.0000	0.0000	0.0000	0.0000	0.0000	0.0000	0.0000	0.0000	0.0000	0.0000	2.5375	0.0003	9.5575	0.0001	0.0001	0.0000	4.8345	0.0006	12.5057	12515.7229	0.0000	0.5416	16.0000	2.0061	24.4443	8.0425	0.0000	0.0000	0.0000	0.0000	0.0000	0.0000	0.0000	0.0000	0.0000	1.0001	0.0001	1.0000	0.0000	0.0000	0.0000	1.0001	0.0001	1.0000	0.1882	0.1614	0.0268	0.0409	0.0375	0.0034	0.1474	0.1239	0.0234	0.3941	0.2595	0.1346	0.1873	0.1540	0.0332	0.2069	0.1055	0.1014	0.0000	0.0000	0.0000	0.0000	0.0000	0.0000	0.0000	0.0000	0.0000	2.5375	0.0003	7.4287	0.0001	0.0001	0.0000	4.8345	0.0006	9.8653		
5	144	0.7725	6	1	0	1	1	0	0	0	0	N	N	N	N	N	N	N	N	N	N	N	N	0.0073	0.0085	0.0000	0.0213	0.0384	0.0000	0.0000	0.0000	0.0000	0.0001	0.0001	0.0000	0.0002	0.0002	0.0000	0.0000	0.0000	0.0000	0.0069	0.0070	0.0067	0.0085	0.0052	0.0340	0.0054	0.0096	0.0002	0.0000	0.3820	-0.0000	-0.0003	16.0000	1.9550	24.4443	2.1189	0.0000	0.0000	0.0000	0.0000	0.0000	0.0000	0.0000	0.0000	0.0000	0.0018	0.0013	0.0005	0.0011	0.0006	0.0005	0.0007	0.0007	0.0000	0.1984	0.1698	0.0286	0.0554	0.0498	0.0057	0.1430	0.1200	0.0229	0.2611	0.1871	0.0740	0.1268	0.1125	0.0143	0.1344	0.0746	0.0598	0.0073	0.0085	0.0000	0.0213	0.0384	0.0000	0.0000	0.0000	0.0000	0.0069	0.0070	0.0067	0.0085	0.0052	0.0340	0.0054	0.0096	0.0002
5	145	0.7725	6	1	0	2	1	0	0	0	0	N	N	Y	N	N	N	N	N	N	N	N	N	0.0000	0.0000	0.0000	0.0001	0.0000	0.0000	0.0000	0.0000	0.0000	0.0001	0.0000	0.0002	0.0002	0.0000	0.0000	0.0000	0.0000	1.5884	2.3644	0.0000	3.2292	3.8437	0.0000	0.1330	0.2545	0.0000	0.0000	0.0000	-0.0000	-0.6279	16.0000	2.1261	24.4443	18.6477	0.0000	0.0000	0.0000	0.0000	0.0000	0.0000	0.0000	0.0000	0.0000	1.3699	1.3699	0.0000	1.3091	1.3091	0.0000	0.0608	0.0608	0.0000	0.2142	0.1835	0.0308	0.0591	0.0532	0.0060	0.1551	0.1303	0.0248	0.8624	0.5794	0.2831	0.4054	0.3406	0.0648	0.4570	0.2388	0.2183	0.0000	0.0000	0.0000	0.0001	0.0000	0.0000	0.0000	0.0000	0.0000	1.5884	2.3644	0.0000	3.2292	3.8437	0.0000	0.1330	0.2545	0.0000	
5	146	0.4328	5	1	0	2	1	0	0	0	0	N	N	Y	N	N	N	N	N	N	N	N	N	0.0000	0.0000	0.0000	0.0000	0.0000	0.0000	0.0000	0.0000	0.0000	0.0000	0.0000	0.0000	0.0000	0.0000	0.0000	0.0000	0.0000	0.0000	0.0000	0.0000	0.0001	0.0000	0.0000	0.0000	-0.0000	16.0000	2.0001	24.4443	5.9880	0.0000	0.0000	0.0000	0.0000	0.0000	0.0000	0.0000	0.0000	0.0000	0.0000	0.0000	0.0000	0.0000	0.0000	0.0000	0.0000	0.0000	0.0000	0.1947	0.1656	0.0291	0.0127	0.0118	0.0009	0.1819	0.1538	0.0282	0.3695	0.2073	0.1622	0.0520	0.0452	0.0068	0.3175	0.1621	0.1555	0.0000	0.0000	0.0000	0.0000	0.0000	0.0000	0.0000	0.0000	0.0000	0.0000	0.0000	0.0000	0.0000	0.0000	0.0000	0.0000	0.0001	0.0000						
5	147	0.4328	5	1	0	2	1	0	0	0	0	N	N	Y	N	N	N	N	N	N	N	N	N	0.0000	0.0000	0.0000	0.0000	0.0000	0.0000	0.0000	0.0000	0.0000	0.0000	0.0000	0.0000	0.0000	0.0000	0.0000	0.7423	1.3163	0.0000	6.3922	7.4539	0.0000	0.0000	0.0000	0.0000	0.0000	0.0000	-0.4584	16.0000	9.0001	24.4443	23.0169	0.0000	0.0000	0.0000	0.0000	0.0000	0.0000	0.0000	0.0000	0.0000	1.0000	1.0000	0.0000	1.0000	1.0000	0.0000	0.0000	0.0000	0.0000	0.8487	0.7232	0.1255	0.0553	0.0514	0.0039	0.7935	0.6718	0.1217	1.3471	0.7597	0.5874	0.1880	0.1629	0.0251	1.1592	0.5968	0.5624	0.0000	0.0000	0.0000	0.0000	0.0000	0.0000	0.0000	0.0000	0.0000	0.7423	1.3163	0.0000	5.3201	6.1389	0.0000	0.0000	0.0000	0.0000				
5	148	0.4075	4	1	0	1	1	0	0	0	0	N	N	N	N	N	N	N	N	N	N	N	N	0.0000	0.0000	0.0000	0.0000	0.0000	0.0000	0.0000	0.0000	0.0000	0.0000	0.0000	0.0000	0.0000	0.0000	0.0000	0.0000	0.0000	0.0000	1.9932	3.4733	0.0693	0.0074	0.0031	0.0421	2.3587	4.5987	0.0704	0.0153	0.0000	-0.4471	16.0000	1.9990	24.4443	7.9526	0.0000	0.0000	0.0000	0.0000	0.0000	0.0000	0.0000	0.0000	0.0000	1.0087	0.9935	0.0152	0.0006	0.0002	0.0004	1.0082	0.9933	0.0149	0.1957	0.1663	0.0294	0.0126	0.0118	0.0009	0.1831	0.1545	0.0285	0.5061	0.2860	0.2200	0.0787	0.0700	0.0086	0.4274	0.2160	0.2114	0.0000	0.0000	0.0000	0.0000	0.0000	0.0000	0.0000	0.0000	0.0000	1.9932	3.4733	0.0693	0.0074	0.0031	0.0421	2.3587	4.5987	0.0704	
5	149	0.3756	3	2	1	1	0	0	0	0	0	Y	N	N	N	N	N	N	N	N	N	N	N	0.0000	0.0000	0.0000	0.0000	0.0000	0.0000	0.0000	0.0000	0.0000	0.0000	0.0000	0.0000	0.0000	0.0000	0.0000	0.0000	0.0000	3.2544	0.0127	11.0063	0.0458	0.0489	0.0000	3.8860	0.0000	8.8388	431.1134	0.0000	2.1617	16.0000	5.3497	24.4443	17.2225	0.0000	0.0000	0.0000	0.0000	0.0000	0.0000	0.0000	0.0000	0.0000	4.0083	0.0093	3.9990	0.0093	0.0093	0.0000	3.9990	0.0000	3.9990	0.6078	0.5168	0.0910	0.0636	0.0624	0.0012	0.5441	0.4544	0.0898	1.2317	0.7326	0.4991	0.2026	0.1896	0.0130	1.0291	0.5430	0.4861	0.0000	0.0000	0.0000	0.0000	0.0000	0.0000	0.0000	0.0000	0.0000	3.2544	0.0127	8.0125	0.0458	0.0489	0.0000	3.8860	0.0000	8.2269		
5	150	0.4064	4	1	1	1	0	0	0	0	0	N	N	N	N	N	N	N	N	N	N	N	N	0.0003	0.0005	0.0000	0.0100	0.0095	0.0000	0.0000	0.0000	0.0000	0.0005	0.0006	0.0000	0.0023	0.0024	0.0000	0.0000	0.0000	0.0000	1.5751	1.2984	2.0454	0.2311	0.2500	0.0113	2.0188	1.8958	2.1593	0.0000	0.9271	-0.0001	0.0469	16.0000	3.6794	24.4443	17.4287	0.0003	0.0003	0.0000	0.0003	0.0003	0.0000	0.0000	0.0000	0.0000	2.0652	1.0716	0.9935	0.0752	0.0749	0.0003	1.9900	0.9967	0.9932	0.5665	0.4922	0.0743	0.1339	0.1303	0.0037	0.4326	0.3619	0.0706	1.3111	0.8254	0.4857	0.3254	0.2996	0.0258	0.9857	0.5258	0.4600	0.0003	0.0005	0.0000	0.0100	0.0095	0.0000	0.0000	0.0000	0.0000	1.5751	1.2984	2.0454	0.2311	0.2500	0.0113	2.0188	1.8958	2.1593
5	151	0.3756	3	1	1	1	0	0	0	0	0	N	N	N	N	N	N	N	N	N	N	N	N	0.0066	0.0239	0.0020	0.0000	0.0000	0.0000	0.0069	0.0499	0.0020	0.0007	0.0008	0.0005	0.0000	0.0000	0.0000	0.0008	0.0009	0.0005	0.1093	0.0320	0.2331	0.0599	0.0629	0.0006	0.1216	0.0182	0.2390	0.1071	4.5524	-0.0001	0.0338	16.0000	3.4464	24.4443	10.1316	0.0003	0.0003	0.0000	0.0000	0.0000	0.0000	0.0003	0.0003	0.0000	0.0935	0.0168	0.0766	0.0102	0.0102	0.0000	0.0833	0.0066	0.0766	0.4300	0.3660	0.0639	0.0589	0.0581	0.0008	0.3711	0.3080	0.0631	0.8551	0.5262	0.3289	0.1704	0.1621	0.0083	0.6847	0.3641	0.3206	0.0066	0.0239	0.0020	0.0000	0.0000	0.0000	0.0069	0.0499	0.0020	0.1093	0.0320	0.2331	0.0599	0.0629	0.0006	0.1216	0.0182	0.2390
5	152	0.8029	9	2	1	1	0	0	0	0	0	Y	N	N	N	N	N	N	N	N	N	N	N	0.0000	0.0000	0.0000	0.0000	0.0000	0.0000	0.0000	0.0000	0.0000	0.0000	0.0000	0.0000	0.0000	2.0472	0.0000	6.0347	0.0000	0.0000	0.0000	3.9200	0.0000	8.3049	inf	0.0000	0.5416	16.0000	1.0143	24.4443	12.0086	0.0000	0.0000	0.0000	0.0000	0.0000	0.0000	0.0000	0.0000	0.0000	1.0000	0.0000	1.0000	0.0000	0.0000	0.0000	1.0000	0.0000	1.0000	0.0979	0.0843	0.0136	0.0243	0.0224	0.0019	0.0736	0.0619	0.0116	0.4884	0.3227	0.1657	0.2334	0.1926	0.0408	0.2551	0.1302	0.1249	0.0000	0.0000	0.0000	0.0000	0.0000	0.0000	0.0000	0.0000	0.0000	2.0472	0.0000	6.0347	0.0000	0.0000	0.0000	3.9200	0.0000	8.0041						
5	153	0.8007	8	2	1	1	0	0	0	0	0	Y	N	N	N	N	N	N	N	N	N	N	N	0.0000	0.0000	0.0000	0.0000	0.0000	0.0000	0.0000	0.0000	0.0000	0.0000	0.0000	0.0000	0.0000	0.0000	0.0000	0.0000	0.0185	0.0023	0.0504	0.0031	0.0037	0.0000	0.0330	0.0000	0.0669	11.3383	0.0000	0.0003	16.0000	0.9811	24.4443	0.0216	0.0000	0.0000	0.0000	0.0000	0.0000	0.0000	0.0000	0.0000	0.0000	0.0007	0.0001	0.0007	0.0001	0.0001	0.0000	0.0007	0.0000	0.0007	0.0936	0.0805	0.0130	0.0227	0.0208	0.0018	0.0709	0.0597	0.0112	0.0399	0.0264	0.0135	0.0193	0.0160	0.0033	0.0206	0.0104	0.0102	0.0000	0.0000	0.0000	0.0000	0.0000	0.0000	0.0000	0.0000	0.0000	0.0185	0.0023	0.0504	0.0031	0.0037	0.0000	0.0330	0.0000	0.0669			
5	154	0.7961	7	2	1	1	0	0	0	0	0	Y	N	N	N	N	N	N	N	N	N	N	N	9.9291	7.8233	0.0000	0.0000	0.0000	0.0000	302.7234	465.0182	0.0000	0.2397	0.2796	0.0000	0.0000	0.0000	0.0000	0.3541	0.4218	0.0000	0.0241	0.0357	0.0012	0.0486	0.0583	0.0006	0.0012	0.0009	0.0014	0.0000	0.0174	-0.0001	-0.0009	16.0000	0.0083	24.4443	2.0001	0.0002	0.0002	0.0000	0.0000	0.0000	0.0000	0.0002	0.0002	0.0000	0.0020	0.0019	0.0000	0.0019	0.0019	0.0000	0.0000	0.0000	0.0000	0.0009	0.0008	0.0001	0.0003	0.0003	0.0000	0.0006	0.0005	0.0001	0.0817	0.0543	0.0275	0.0396	0.0329	0.0066	0.0422	0.0214	0.0208	9.9291	7.8233	0.0000	0.0000	0.0000	0.0000	302.7234	465.0182	0.0000	0.0241	0.0357	0.0012	0.0486	0.0583	0.0006	0.0012	0.0009	0.0014
5	155	0.7725	6	1	1	1	0	0	0	0	0	N	N	N	N	N	N	N	N	N	N	N	N	1.7230	1.3790	0.0000	0.0000	0.0000	0.0000	8376.7648	5843.2507	0.0000	3.4779	4.0538	0.0000	0.0000	0.0000	0.0000	4.7338	5.6260	0.0000	2.0185	2.9397	0.0033	4.2337	4.9450	0.0145	0.0006	0.0010	0.0001	0.0000	0.0005	-0.4410	-0.4575	16.0000	2.9180	24.4443	7.4065	0.9998	0.9998	0.0000	0.0000	0.0000	0.0000	0.9998	0.9998	0.0000	0.9993	0.9988	0.0005	0.9991	0.9986	0.0005	0.0001	0.0001	0.0000	0.2875	0.2466	0.0408	0.0763	0.0689	0.0073	0.2112	0.1777	0.0335	0.4951	0.3397	0.1553	0.2360	0.2019	0.0340	0.2591	0.1378	0.1213	1.7230	1.3790	0.0000	0.0000	0.0000	0.0000	8376.7648	5843.2507	0.0000	2.0185	2.9397	0.0033	4.2337	4.9450	0.0145	0.0006	0.0010	0.0001
5	156	0.7067	5	1	0	1	0	0	0	0	0	N	N	N	N	N	N	N	N	N	N	N	N	6.9763	9.1094	0.0005	19.6287	18.9521	0.0095	0.0001	0.0004	0.0000	0.7794	0.8867	0.0001	2.3886	2.5317	0.0005	0.0000	0.0000	0.0000	0.1117	0.0973	0.1418	0.1217	0.1336	0.0498	0.1021	0.0370	0.1672	0.0000	0.6970	-0.3920	-0.0079	16.0000	8.2479	24.4443	19.7214	0.8887	0.8887	0.0000	0.8887	0.8887	0.0000	0.0000	0.0000	0.0000	0.1656	0.0976	0.0680	0.0888	0.0837	0.0052	0.0768	0.0139	0.0629	1.1403	1.0023	0.1380	0.3721	0.3510	0.0210	0.7682	0.6513	0.1169	1.4823	1.0026	0.4797	0.7301	0.6264	0.1037	0.7523	0.3762	0.3760	6.9763	9.1094	0.0005	19.6287	18.9521	0.0095	0.0001	0.0004	0.0000	0.1117	0.0973	0.1418	0.1217	0.1336	0.0498	0.1021	0.0370	0.1672
5	157	0.6705	4	1	0	1	0	0	0	0	0	N	N	N	N	N	N	N	N	N	N	N	N	0.7598	0.4738	2.4498	2.1158	2.0232	0.3368	0.3848	0.0001	2.2250	0.2322	0.1347	0.8625	0.4613	0.4951	0.0230	0.1544	0.0000	0.9941	0.3057	0.2843	0.3521	0.2180	0.2447	0.0684	0.4013	0.3567	0.4468	0.9914	0.5708	0.0113	-0.0425	16.0000	7.4725	24.4443	14.3153	0.1991	0.1000	0.0991	0.1003	0.0999	0.0004	0.0988	0.0000	0.0987	0.4470	0.2846	0.1624	0.1664	0.1585	0.0079	0.2806	0.1261	0.1545	0.8571	0.7422	0.1149	0.2174	0.2018	0.0156	0.6397	0.5404	0.0993	1.4624	1.0010	0.4614	0.7631	0.6476	0.1155	0.6993	0.3534	0.3459	0.7598	0.4738	2.4498	2.1158	2.0232	0.3368	0.3848	0.0001	2.2250	0.3057	0.2843	0.3521	0.2180	0.2447	0.0684	0.4013	0.3567	0.4468
5	158	0.6050	3	1	0	1	0	0	0	0	0	N	N	N	N	N	N	N	N	N	N	N	N	0.6065	0.3642	1.4978	10.5653	1.7221	176.6346	0.1789	0.0047	0.5991	0.6345	0.0672	4.4124	1.8209	0.2980	29.6341	0.3297	0.0009	2.1812	1.0462	0.1844	2.9459	0.1723	0.1730	0.1678	1.8426	0.2015	3.6405	9.8676	7.2485	0.3784	0.9192	16.0000	11.6653	24.4443	19.4910	0.8105	0.0746	0.7359	0.4755	0.0738	0.4017	0.3350	0.0008	0.3342	2.1864	0.2651	1.9213	0.1718	0.1499	0.0219	2.0147	0.1152	1.8995	1.2774	1.1106	0.1668	0.2611	0.2476	0.0136	1.0163	0.8630	0.1532	2.0899	1.4377	0.6522	0.9966	0.8661	0.1305	1.0934	0.5716	0.5218	0.6065	0.3642	1.4978	10.5653	1.7221	176.6346	0.1789	0.0047	0.5991	1.0462	0.1844	2.9459	0.1723	0.1730	0.1678	1.8426	0.2015	3.6405
5	159	0.5578	2	1	0	1	0	0	0	0	0	N	N	N	N	N	N	N	N	N	N	N	N	0.6269	0.9429	0.6792	0.0541	0.0765	0.1262	0.5270	0.5619	0.7882	0.7084	0.5856	1.5377	0.0279	0.0114	0.3890	0.8955	0.7637	1.6285	1.1301	0.6210	2.2641	0.5167	0.1488	3.0823	1.6992	1.3592	2.0661	0.3890	1.6365	-0.1022	0.3968	16.0000	7.3933	24.4443	20.5306	0.6342	0.4566	0.1776	0.0054	0.0021	0.0033	0.6289	0.4545	0.1743	2.4444	0.9271	1.5173	0.5379	0.1355	0.4024	1.9065	0.7917	1.1148	0.8953	0.7798	0.1155	0.1931	0.1846	0.0085	0.7022	0.5952	0.1071	2.1630	1.4929	0.6701	1.0410	0.9104	0.1306	1.1220	0.5824	0.5396	0.6269	0.9429	0.6792	0.0541	0.0765	0.1262	0.5270	0.5619	0.7882	1.1301	0.6210	2.2641	0.5167	0.1488	3.0823	1.6992	1.3592	2.0661
5	161	0.4261	7	2	1	1	0	0	0	0	0	Y	N	N	N	N	N	N	N	N	N	N	N	inf	inf	inf	inf	4.0981	4.4487	0.0000	0.0000	0.0000	0.0000	6.0686	6.8499	0.0000	0.0000	0.0000	0.0000	0.0000	0.0000	0.0000	0.0000	0.0000	0.0000	0.0000	-0.0001	0.0000	16.0000	0.0002	24.4443	3.0099	0.0002	0.0002	0.0000	0.0000	0.0000	0.0000	0.0002	0.0002	0.0000	0.0000	0.0000	0.0000	0.0000	0.0000	0.0000	0.0000	0.0000	0.0000	0.0000	0.0000	0.0000	0.0000	0.0000	0.0000	0.0000	0.0000	0.0000	0.1458	0.0821	0.0637	0.0192	0.0169	0.0023	0.1266	0.0653	0.0614	inf	inf	0.0000	0.0000	0.0000	0.0000	inf	inf	0.0000	0.0000	0.0000	0.0000	0.0000	0.0000	0.0000	0.0000	0.0000	0.0000						
5	162	0.4185	6	2	1	1	0	0	0	0	0	Y	N	N	N	N	N	N	N	N	N	N	N	inf	inf	inf	inf	10.2322	12.0411	0.0000	0.0000	0.0000	0.0000	10.9077	12.9157	0.0000	0.0000	0.0000	0.0000	0.0000	0.0000	0.0000	0.0000	0.0000	0.0000	0.0000	-0.4410	0.0000	16.0000	0.9998	24.4443	2.0118	0.9998	0.9998	0.0000	0.0000	0.0000	0.0000	0.9998	0.9998	0.0000	0.0000	0.0000	0.0000	0.0000	0.0000	0.0000	0.0000	0.0000	0.0000	0.0977	0.0830	0.0147	0.0061	0.0056	0.0004	0.0917	0.0774	0.0143	0.1426	0.0792	0.0634	0.0173	0.0150	0.0023	0.1254	0.0642	0.0611	inf	inf	0.0000	0.0000	0.0000	0.0000	inf	inf	0.0000	0.0000	0.0000	0.0000	0.0000	0.0000	0.0000	0.0000	0.0000	0.0000						
5	163	0.4185	5	2	1	1	0	0	0	0	0	Y	N	N	N	N	N	N	N	N	N	N	N	0.0000	0.0000	0.0000	0.0000	0.0000	0.0000	0.0000	0.0000	0.0000	0.0000	0.0000	0.0000	0.0000	0.0000	0.0000	0.0000	0.0000	0.0000	0.0000	0.0000	16.0000	0.0000	24.4443	0.0003	0.0000	0.0000	0.0000	0.0000	0.0000	0.0000	0.0000	0.0000	0.0000	0.0000	0.0000	0.0000	0.0000	0.0000	0.0000	0.0000	0.0000	0.0000	0.0000	0.0000	0.0000	0.0000	0.0000	0.0000	0.0000	0.0000	0.0000	0.0000	0.0000	0.0000	0.0000	0.0000	0.0000	0.0000	0.0000	0.0000	0.0000	0.0000	0.0000	0.0000	0.0000	0.0000	0.0000	0.0000	0.0000	0.0000	0.0000	0.0000	0.0000	0.0000	0.0000	0.0000	0.0000	0.0000											
5	164	0.4075	4	1	1	1	0	0	0	0	0	N	N	N	N	N	N	N	N	N	N	N	N	0.0000	0.0000	0.0000	0.0000	0.0000	0.0000	0.0000	0.0000	0.0000	0.0000	0.0000	0.0000	0.0000	0.0000	0.0000	0.0000	0.0000	0.0000	0.0866	0.0466	0.1410	0.1425	0.1499	0.0739	0.0728	0.0000	0.1442	2.2290	0.0000	0.0051	16.0000	0.0063	24.4443	4.3641	0.0000	0.0000	0.0000	0.0000	0.0000	0.0000	0.0000	0.0000	0.0000	0.0221	0.0068	0.0152	0.0072	0.0068	0.0004	0.0149	0.0000	0.0149	0.0019	0.0016	0.0003	0.0007	0.0007	0.0000	0.0012	0.0009	0.0003	0.2550	0.1469	0.1082	0.0505	0.0456	0.0049	0.2045	0.1013	0.1033	0.0000	0.0000	0.0000	0.0000	0.0000	0.0000	0.0000	0.0000	0.0000	0.0866	0.0466	0.1410	0.1425	0.1499	0.0739	0.0728	0.0000	0.1442	
5	165	0.3756	3	1	0	1	0	0	0	0	0	N	N	N	N	N	N	N	N	N	N	N	N	0.0000	0.0000	0.0000	0.0000	0.0000	0.0000	0.0000	0.0000	0.0000	0.0000	0.0000	0.0000	0.0000	0.0000	0.0000	0.0000	0.0000	0.0000	2.9099	0.0170	9.9625	0.0093	0.0089	0.0166	3.6606	0.0208	7.8085	274.7311	0.0000	1.2681	16.0000	2.5207	24.4443	10.0226	0.0000	0.0000	0.0000	0.0000	0.0000	0.0000	0.0000	0.0000	0.0000	2.3570	0.0085	2.3484	0.0015	0.0014	0.0001	2.3554	0.0071	2.3483	0.3424	0.2918	0.0505	0.0565	0.0559	0.0006	0.2859	0.2359	0.0500	0.8100	0.5015	0.3084	0.1665	0.1588	0.0077	0.6435	0.3427	0.3007	0.0000	0.0000	0.0000	0.0000	0.0000	0.0000	0.0000	0.0000	0.0000	2.9099	0.0170	7.6143	0.0093	0.0089	0.0166	3.6606	0.0208	7.8085	
5	166	0.3600	2	1	0	1	0	0	0	0	0	N	N	N	N	N	N	N	N	N	N	N	N	0.0493	0.0000	0.7220	0.0878	0.0000	626.8782	0.1265	0.0000	0.3980	0.0048	0.0000	0.0315	0.0274	0.0000	2.2551	0.0029	0.0000	0.0178	0.0975	0.1281	0.0436	0.3127	0.3255	0.0036	0.0232	0.0037	0.0448	inf	0.1932	0.0008	-0.0180	16.0000	2.6894	24.4443	4.6619	0.0014	0.0000	0.0014	0.0006	0.0000	0.0006	0.0008	0.0000	0.0008	0.0606	0.0508	0.0098	0.0499	0.0499	0.0000	0.0107	0.0009	0.0098	0.2993	0.2536	0.0457	0.0230	0.0227	0.0003	0.2764	0.2309	0.0454	0.6213	0.3965	0.2248	0.1595	0.1532	0.0063	0.4618	0.2433	0.2184	0.0493	0.0000	0.7220	0.0878	0.0000	626.8782	0.1265	0.0000	0.3980	0.0975	0.1281	0.0436	0.3127	0.3255	0.0036	0.0232	0.0037	0.0448
6	7	0.1858	6	0	1	1	1	0	0	0	0	N	N	N	N	N	N	N	N	N	N	N	N	2.2238	2.0105	0.0000	5.9542	5.7190	0.0000	0.0351	0.0507	0.0000	0.0033	0.0039	0.0000	0.0186	0.0194	0.0000	0.0000	0.0000	0.0000	0.0015	0.0019	0.0007	0.0031	0.0034	0.0009	0.0006	0.0005	0.0007	0.0000	0.1982	-0.0000	-0.0002	3.1362	0.6329	18.3411	9.5631	0.0001	0.0001	0.0000	0.0001	0.0001	0.0000	0.0000	0.0000	0.0000	0.0007	0.0006	0.0001	0.0005	0.0005	0.0000	0.0002	0.0001	0.0001	0.0175	0.0151	0.0024	0.0031	0.0030	0.0001	0.0144	0.0121	0.0023	0.4395	0.2864	0.1531	0.1593	0.1422	0.0171	0.2802	0.1442	0.1360	2.2238	2.0105	0.0000	5.9542	5.7190	0.0000	0.0351	0.0507	0.0000	0.0015	0.0019	0.0007	0.0031	0.0034	0.0009	0.0006	0.0005	0.0007
6	8	0.5389	9	0	1	1	1	0	0	0	0	N	N	N	N	N	N	N	N	N	N	N	N	0.1692	0.5011	0.1444	2.4243	2.8543	0.7165	0.0404	0.0000	0.1175	0.0115	0.0085	0.0280	0.0261	0.0267	0.0146	0.0057	0.0000	0.0295	0.0682	0.0170	0.1941	0.0107	0.0094	0.0204	0.1422	0.0342	0.2508	0.5991	4.6316	-0.0001	0.0122	3.1362	2.7092	18.3411	11.4516	0.0008	0.0005	0.0003	0.0005	0.0005	0.0000	0.0003	0.0000	0.0003	0.0334	0.0059	0.0275	0.0030	0.0023	0.0007	0.0305	0.0037	0.0268	0.0714	0.0604	0.0110	0.0204	0.0193	0.0011	0.0510	0.0411	0.0099	0.4902	0.3485	0.1416	0.2759	0.2411	0.0349	0.2142	0.1075	0.1068	0.1692	0.5011	0.1444	2.4243	2.8543	0.7165	0.0404	0.0000	0.1175	0.0682	0.0170	0.1941	0.0107	0.0094	0.0204	0.1422	0.0342	0.2508
6	9	0.1639	5	1	2	0	0	0	0	0	0	N	Y	N	N	N	N	N	N	N	N	N	N	0.0144	0.0000	42.1740	0.0000	0.0000	0.0000	90.8923	0.0000	104717.0666	0.0006	0.0000	0.0040	0.0000	0.0000	0.0000	0.0007	0.0000	0.0042	0.0440	0.0705	0.0001	0.1318	0.1623	0.0006	0.0000	0.0000	0.0000	inf	0.0008	0.0000	-0.0111	3.1362	2.0019	18.3411	13.5902	0.0000	0.0000	0.0000	0.0000	0.0000	0.0000	0.0000	0.0000	0.0000	0.0244	0.0243	0.0000	0.0244	0.0243	0.0000	0.0000	0.0000	0.0000	0.0473	0.0399	0.0074	0.0059	0.0056	0.0003	0.0414	0.0343	0.0071	0.5541	0.3452	0.2089	0.1848	0.1499	0.0349	0.3694	0.1953	0.1740	0.0144	0.0000	42.1740	0.0000	0.0000	0.0000	90.8923	0.0000	104717.0666	0.0440	0.0705	0.0001	0.1318	0.1623	0.0006	0.0000	0.0000	0.0000
6	10	0.1974	8	1	1	1	0	0	0	0	0	N	N	N	N	N	N	N	N	N	N	N	N	0.0000	0.0000	0.0000	0.0000	0.0000	0.0000	0.0000	0.0000	0.0000	0.0000	0.0000	0.0000	0.0000	0.0000	0.0000	0.0000	0.0000	0.0000	0.0028	0.0007	0.0063	0.0009	0.0011	0.0000	0.0039	0.0003	0.0077	5.7512	0.0000	0.0004	3.1362	1.0010	18.3411	10.8665	0.0000	0.0000	0.0000	0.0000	0.0000	0.0000	0.0000	0.0000	0.0000	0.0011	0.0002	0.0009	0.0001	0.0001	0.0000	0.0010	0.0000	0.0009	0.0240	0.0203	0.0037	0.0040	0.0038	0.0002	0.0199	0.0165	0.0035	0.3914	0.2462	0.1451	0.1464	0.1208	0.0256	0.2450	0.1254	0.1196	0.0000	0.0000	0.0000	0.0000	0.0000	0.0000	0.0000	0.0000	0.0000	0.0028	0.0007	0.0063	0.0009	0.0011	0.0000	0.0039	0.0003	0.0077	
6	11	0.1868	8	1	2	0	1	0	0	0	0	N	Y	N	N	N	N	N	N	N	N	N	N	0.0000	0.0000	0.0000	0.0000	0.0000	0.0000	0.0000	0.0000	0.0000	0.0000	0.0000	0.0000	0.0000	0.0000	0.0000	0.0000	0.0015	0.0025	0.0000	0.0063	0.0069	0.0000	0.0000	0.0000	0.0000	0.0000	0.0000	-0.0001	3.1362	0.0000	18.3411	4.9998	0.0000	0.0000	0.0000	0.0000	0.0000	0.0000	0.0000	0.0000	0.0000	0.0002	0.0002	0.0000	0.0002	0.0002	0.0000	0.0000	0.0000	0.0000	0.0000	0.0000	0.0000	0.0000	0.0000	0.0000	0.0000	0.0000	0.0000	0.1590	0.0958	0.0632	0.0381	0.0345	0.0036	0.1209	0.0613	0.0596	0.0000	0.0000	0.0000	0.0000	0.0000	0.0000	0.0000	0.0000	0.0000	0.0015	0.0025	0.0000	0.0063	0.0069	0.0000	0.0000	0.0000	0.0000			
6	12	0.5858	11	1	2	0	1	0	0	0	0	N	Y	N	N	N	N	N	N	N	N	N	N	0.0000	0.0000	0.0000	0.0000	0.0000	0.0000	0.0000	0.0000	0.0000	0.0000	0.0000	0.0000	0.0000	0.0000	0.0000	0.0000	0.0000	0.0000	0.0015	0.0000	0.0048	0.0001	0.0001	0.0000	0.0029	0.0000	0.0061	56.6184	0.0000	0.0001	3.1362	0.9995	18.3411	2.0282	0.0000	0.0000	0.0000	0.0000	0.0000	0.0000	0.0000	0.0000	0.0000	0.0001	0.0000	0.0001	0.0000	0.0000	0.0000	0.0001	0.0000	0.0001	0.0228	0.0196	0.0032	0.0076	0.0070	0.0006	0.0152	0.0126	0.0026	0.0789	0.0541	0.0248	0.0375	0.0323	0.0052	0.0414	0.0218	0.0196	0.0000	0.0000	0.0000	0.0000	0.0000	0.0000	0.0000	0.0000	0.0000	0.0015	0.0000	0.0048	0.0001	0.0001	0.0000	0.0029	0.0000	0.0061	
6	13	0.1847	6	1	1	1	0	0	0	0	0	N	N	N	N	N	N	N	N	N	N	N	N	0.0000	0.0000	0.0000	0.0000	0.0000	0.0000	0.0000	0.0000	0.0000	0.0000	0.0000	0.0000	0.0000	0.0000	0.0000	0.0000	0.0000	0.0000	0.0010	0.0015	0.0002	0.0009	0.0008	0.0013	0.0011	0.0020	0.0000	0.0954	0.0000	-0.0001	3.1362	0.0560	18.3411	10.7426	0.0000	0.0000	0.0000	0.0000	0.0000	0.0000	0.0000	0.0000	0.0000	0.0004	0.0004	0.0000	0.0001	0.0001	0.0000	0.0003	0.0003	0.0000	0.0052	0.0047	0.0005	0.0022	0.0022	0.0000	0.0030	0.0025	0.0005	0.3797	0.2426	0.1371	0.1372	0.1136	0.0236	0.2425	0.1290	0.1135	0.0000	0.0000	0.0000	0.0000	0.0000	0.0000	0.0000	0.0000	0.0000	0.0010	0.0015	0.0002	0.0009	0.0008	0.0013	0.0011	0.0020	0.0000	
6	14	0.1477	6	0	1	1	0	0	0	0	0	N	N	N	N	N	N	N	N	N	N	N	N	10.1402	7.2027	27063.8679	26.6608	22.6573	0.0000	1.6240	0.0000	33964.4794	0.2719	0.3110	0.0754	1.8534	1.9280	0.0000	0.0146	0.0000	0.0780	0.0268	0.0432	0.0000	0.0695	0.0851	0.0000	0.0090	0.0166	0.0000	0.0483	0.0000	-0.0419	-0.0130	3.1362	16.7310	18.3411	15.9078	0.1062	0.1013	0.0049	0.1013	0.1013	0.0000	0.0049	0.0000	0.0049	0.0284	0.0284	0.0000	0.0217	0.0217	0.0000	0.0067	0.0067	0.0000	0.3905	0.3257	0.0648	0.0546	0.0525	0.0021	0.3358	0.2731	0.0627	1.0583	0.6572	0.4011	0.3119	0.2548	0.0571	0.7464	0.4023	0.3440	10.1402	7.2027	27063.8679	26.6608	22.6573	0.0000	1.6240	0.0000	33964.4794	0.0268	0.0432	0.0000	0.0695	0.0851	0.0000	0.0090	0.0166	0.0000
6	15	0.4330	7	0	1	1	0	0	0	0	0	N	N	N	N	N	N	N	N	N	N	N	N	0.0003	0.0002	0.0003	0.0048	0.0051	0.0006	0.0000	0.0000	0.0002	0.0002	0.0002	0.0000	0.0007	0.0007	0.0001	0.0000	0.0000	0.0000	0.7433	1.0359	0.0563	0.1467	0.1454	0.1547	1.3312	2.4212	0.0265	0.0104	0.0231	-0.0000	-0.2877	3.1362	10.3367	18.3411	13.9008	0.0000	0.0000	0.0000	0.0000	0.0000	0.0000	0.0000	0.0000	0.0000	0.6603	0.6453	0.0149	0.0647	0.0551	0.0095	0.5956	0.5902	0.0054	0.2229	0.1952	0.0276	0.0697	0.0656	0.0041	0.1532	0.1296	0.0235	0.8883	0.6230	0.2653	0.4409	0.3792	0.0617	0.4474	0.2438	0.2036	0.0003	0.0002	0.0003	0.0048	0.0051	0.0006	0.0000	0.0000	0.0002	0.7433	1.0359	0.0563	0.1467	0.1454	0.1547	1.3312	2.4212	0.0265
6	16	0.0688	3	0	1	1	0	0	0	0	0	N	N	N	N	N	N	N	N	N	N	N	N	0.0000	0.0000	0.0005	0.0000	0.0000	0.0025	0.0002	0.0000	0.0005	0.0000	0.0000	0.0000	0.0000	0.0000	0.0000	0.0000	0.0000	0.0000	0.1840	0.2907	0.0390	0.7028	0.7165	0.0029	0.0217	0.0000	0.0394	inf	0.0988	0.0000	-0.0946	3.1362	12.0000	18.3411	18.8883	0.0000	0.0000	0.0000	0.0000	0.0000	0.0000	0.0000	0.0000	0.0000	0.2568	0.2337	0.0231	0.2337	0.2337	0.0000	0.0231	0.0000	0.0231	0.2900	0.2401	0.0499	0.0294	0.0291	0.0004	0.2606	0.2110	0.0495	1.3955	0.8038	0.5917	0.3325	0.3261	0.0064	1.0630	0.4776	0.5853	0.0000	0.0000	0.0005	0.0000	0.0000	0.0025	0.0002	0.0000	0.0005	0.1840	0.2907	0.0390	0.7028	0.7165	0.0029	0.0217	0.0000	0.0394
6	17	0.5942	8	1	2	0	0	0	0	0	0	N	Y	N	N	N	N	N	N	N	N	N	N	0.0000	0.0000	0.0000	0.0000	0.0000	0.0000	0.0000	0.0000	0.0000	0.0000	0.0000	0.0000	0.0000	0.0000	0.0000	0.0000	0.0000	0.0193	0.0001	0.0635	0.0009	0.0002	0.0043	0.0425	0.0000	0.0917	227.3344	0.0000	0.0037	3.1362	3.5868	18.3411	9.0275	0.0000	0.0000	0.0000	0.0000	0.0000	0.0000	0.0000	0.0000	0.0000	0.0069	0.0000	0.0068	0.0002	0.0000	0.0002	0.0067	0.0000	0.0067	0.1187	0.1057	0.0130	0.0507	0.0483	0.0023	0.0680	0.0573	0.0107	0.3549	0.2475	0.1074	0.1981	0.1634	0.0347	0.1568	0.0841	0.0727	0.0000	0.0000	0.0000	0.0000	0.0000	0.0000	0.0000	0.0000	0.0000	0.0193	0.0001	0.0635	0.0009	0.0002	0.0043	0.0425	0.0000	0.0917		
6	18	0.1639	5	1	2	0	0	0	0	0	0	N	Y	N	N	N	N	N	N	N	N	N	N	0.0001	0.0188	0.0000	0.0578	0.0570	0.0000	0.0000	0.0000	0.0000	0.0001	0.0001	0.0000	0.0009	0.0009	0.0000	0.0000	0.0000	0.0000	1.5533	0.0067	4.0980	0.0150	0.0160	0.0104	2.2755	0.0000	4.8357	0.0000	369.4063	-0.0000	0.5824	3.1362	3.9981	18.3411	16.5900	0.0000	0.0000	0.0000	0.0000	0.0000	0.0000	0.0000	0.0000	0.0000	1.0807	0.0029	1.0777	0.0033	0.0029	0.0004	1.0773	0.0000	1.0773	0.0935	0.0789	0.0146	0.0115	0.0110	0.0006	0.0819	0.0679	0.0140	0.6957	0.4327	0.2630	0.2223	0.1821	0.0402	0.4735	0.2507	0.2228	0.0001	0.0188	0.0000	0.0578	0.0570	0.0000	0.0000	0.0000	0.0000	1.5533	0.0067	4.0980	0.0150	0.0160	0.0104	2.2755	0.0000	4.8357
6	19	0.5499	9	0	1	1	1	0	0	0	0	N	N	N	N	N	N	N	N	N	N	N	N	29.3789	0.0000	7669.4488	1.3241	0.0000	126300.0668	5612.8700	6101.6904	0.0053	0.0000	0.0249	0.0005	0.0000	0.0770	0.0104	0.0000	0.0241	0.0002	0.0003	0.0000	0.0004	0.0005	0.0000	0.0000	0.0000	0.0000	inf	0.0057	0.0000	-0.0000	3.1362	0.0000	18.3411	2.0009	0.0000	0.0000	0.0000	0.0000	0.0000	0.0000	0.0000	0.0000	0.0000	0.0000	0.0000	0.0000	0.0000	0.0000	0.0000	0.0000	0.0000	0.0000	0.0002	0.0001	0.0000	0.0001	0.0001	0.0000	0.0001	0.0000	0.0000	0.0547	0.0374	0.0173	0.0253	0.0217	0.0036	0.0294	0.0157	0.0137	29.3789	0.0000	7669.4488	1.3241	0.0000	126300.0668	5612.8700	0.0000	6101.6904	0.0002	0.0003	0.0000	0.0004	0.0005	0.0000	0.0000	0.0000	0.0000	
6	20	0.5643	10	0	1	1	1	0	0	0	0	N	N	N	N	N	N	N	N	N	N	N	N	0.0268	0.0000	16.7364	0.0372	0.0000	25.5560	0.0000	0.0000	0.0000	0.0605	0.0000	0.4096	0.1996	0.0000	2.8469	0.0000	0.0000	0.0000	2.2633	3.3358	0.0245	5.3712	6.0621	0.1114	0.0085	0.0154	0.0007	inf	0.0035	0.0109	-0.9105	3.1362	14.9999	18.3411	23.4905	0.0196	0.0000	0.0196	0.0196	0.0000	0.0196	0.0000	0.0000	0.0000	2.0016	1.9946	0.0070	1.9976	1.9908	0.0068	0.0040	0.0039	0.0002	0.3234	0.2756	0.0478	0.0981	0.0912	0.0069	0.2253	0.1843	0.0409	0.8844	0.5979	0.2864	0.4075	0.3460	0.0615	0.4769	0.2519	0.2250	0.0268	0.0000	16.7364	0.0407	0.0000	25.5560	0.0000	0.0000	0.0000	2.2633	3.3358	0.0245	4.9017	5.7529	0.1114	0.0085	0.0154	0.0007
6	21	0.1639	5	0	2	0	0	0	0	0	0	N	Y	N	N	N	N	N	N	N	N	N	N	0.0002	0.0000	0.0004	0.0000	0.0000	0.0000	0.0001	0.0000	0.0004	0.0003	0.0000	0.0017	0.0000	0.0000	0.0000	0.0003	0.0000	0.0017	1.5927	0.0212	4.1652	0.0457	0.0526	0.0115	2.2464	0.0004	4.7939	inf	120.1035	0.0000	0.9642	3.1362	4.9981	18.3411	32.5905	0.0000	0.0000	0.0000	0.0000	0.0000	0.0000	0.0000	0.0000	0.0000	1.8078	0.0149	1.7929	0.0154	0.0147	0.0007	1.7924	0.0002	1.7922	0.1162	0.0981	0.0181	0.0143	0.0136	0.0007	0.1019	0.0845	0.0174	1.1350	0.7046	0.4304	0.3371	0.2806	0.0566	0.7979	0.4241	0.3738	0.0002	0.0000	0.0004	0.0000	0.0000	0.0000	0.0001	0.0000	0.0004	1.5927	0.0212	4.1652	0.0457	0.0526	0.0115	2.2464	0.0004	4.7939
6	22	0.5942	8	0	2	0	0	0	0	0	0	N	Y	N	N	N	N	N	N	N	N	N	N	0.0002	0.0000	0.0816	0.0059	0.0000	80.7008	0.0000	0.0000	0.0015	0.0000	0.0000	0.0000	0.0000	0.0000	0.0001	0.0000	0.0000	0.0000	0.0069	0.0098	0.0001	0.0006	0.0008	0.0000	0.0140	0.0256	0.0002	inf	0.0060	0.0000	-0.0017	3.1362	12.5677	18.3411	9.8718	0.0000	0.0000	0.0000	0.0000	0.0000	0.0000	0.0000	0.0000	0.0000	0.0038	0.0038	0.0000	0.0002	0.0002	0.0000	0.0036	0.0036	0.0000	0.2699	0.2369	0.0330	0.0948	0.0887	0.0061	0.1751	0.1482	0.0269	0.5518	0.3833	0.1685	0.2942	0.2438	0.0504	0.2576	0.1395	0.1181	0.0002	0.0000	0.0816	0.0059	0.0000	80.7008	0.0000	0.0000	0.0015	0.0069	0.0098	0.0001	0.0006	0.0008	0.0000	0.0140	0.0256	0.0002
6	23	0.2114	8	0	1	0	1	0	0	0	0	N	N	N	N	N	N	N	N	N	N	N	N	0.0000	0.0000	0.0000	0.0000	0.0000	0.0000	0.0000	0.0000	0.0000	0.0000	0.0000	0.0000	0.0000	0.0000	0.0000	0.0000	0.0000	0.0000	0.0000	0.0000	0.0000	0.0000	0.0000	0.0000	-0.0000	3.1362	0.9981	18.3411	0.0014	0.0000	0.0000	0.0000	0.0000	0.0000	0.0000	0.0000	0.0000	0.0000	0.0000	0.0000	0.0000	0.0000	0.0000	0.0000	0.0000	0.0000	0.0000	0.0234	0.0197	0.0036	0.0036	0.0034	0.0002	0.0198	0.0163	0.0034	0.0317	0.0194	0.0123	0.0084	0.0076	0.0008	0.0233	0.0117	0.0115	0.0000	0.0000	0.0000	0.0000	0.0000	0.0000	0.0000	0.0000	0.0000	0.0000	0.0000	0.0000	0.0000	0.0000	0.0000	0.0000	0.0000	0.0000						
6	24	0.1635	5	0	2	0	1	0	0	0	0	N	Y	N	N	N	N	N	N	N	N	N	N	0.1550	0.0005	0.4227	0.4372	0.0013	1.9021	0.0329	0.0000	0.1001	0.0036	0.0000	0.0263	0.0195	0.0000	0.6272	0.0004	0.0000	0.0025	0.0231	0.0015	0.0622	0.0445	0.0032	0.3298	0.0117	0.0001	0.0246	5166.8651	22.6087	0.0000	0.0065	3.1362	0.6341	18.3411	12.6218	0.0001	0.0000	0.0001	0.0001	0.0000	0.0001	0.0000	0.0000	0.0000	0.0131	0.0006	0.0125	0.0087	0.0005	0.0082	0.0043	0.0000	0.0043	0.0182	0.0157	0.0025	0.0030	0.0030	0.0001	0.0151	0.0128	0.0024	0.5660	0.3648	0.2011	0.1959	0.1711	0.0248	0.3700	0.1937	0.1763	0.1550	0.0005	0.4227	0.4372	0.0013	1.9021	0.0329	0.0000	0.1001	0.0231	0.0015	0.0622	0.0445	0.0032	0.3298	0.0117	0.0001	0.0246
6	25	0.5340	7	0	2	0	0	0	0	0	0	N	Y	N	N	N	N	N	N	N	N	N	N	0.8344	0.0006	251.6488	0.0407	0.0102	1.2282	0.6618	0.0000	1429.3557	1.1924	0.0011	9.5724	0.0105	0.0029	0.1472	1.8471	0.0000	11.2541	1.4290	2.0443	0.0380	0.2587	0.2839	0.1199	2.7911	5.4113	0.0079	1197.9079	0.0082	0.1912	-0.4944	3.1362	10.0221	18.3411	10.6811	0.3427	0.0003	0.3424	0.0011	0.0003	0.0008	0.3416	0.0000	0.3416	1.0982	1.0893	0.0090	0.1070	0.0993	0.0076	0.9913	0.9899	0.0014	0.2874	0.2516	0.0358	0.1024	0.0970	0.0054	0.1849	0.1546	0.0304	0.7685	0.5328	0.2357	0.4134	0.3499	0.0635	0.3552	0.1829	0.1722	0.8344	0.0006	251.6488	0.0407	0.0102	1.2282	0.6618	0.0000	1429.3557	1.4290	2.0443	0.0380	0.2587	0.2839	0.1199	2.7911	5.4113	0.0079
6	26	0.1979	7	0	2	0	0	0	0	0	0	N	Y	N	N	N	N	N	N	N	N	N	N	0.0000	0.0000	0.0000	0.0000	0.0000	0.0000	0.0000	0.0000	0.0000	0.0000	0.0000	0.0000	0.0000	0.0000	0.0000	0.0000	0.0000	0.0000	0.0173	0.0007	0.0465	0.0489	0.0016	0.3515	0.0015	0.0000	0.0033	36.1039	0.0000	0.0032	3.1362	3.9997	18.3411	5.4032	0.0000	0.0000	0.0000	0.0000	0.0000	0.0000	0.0000	0.0000	0.0000	0.0061	0.0002	0.0060	0.0058	0.0002	0.0056	0.0004	0.0000	0.0004	0.0929	0.0784	0.0145	0.0123	0.0117	0.0006	0.0806	0.0668	0.0139	0.3552	0.2267	0.1285	0.1182	0.1022	0.0160	0.2370	0.1245	0.1126	0.0000	0.0000	0.0000	0.0000	0.0000	0.0000	0.0000	0.0000	0.0000	0.0173	0.0007	0.0465	0.0489	0.0016	0.3515	0.0015	0.0000	0.0033	
6	27	0.5643	10	0	2	0	1	0	0	0	0	N	Y	N	N	N	N	N	N	N	N	N	N	15.0221	0.0000	29.3305	0.0162	0.0000	0.0371	1848.0351	0.0000	4170.0135	0.5865	0.0000	3.5435	0.0013	0.0000	0.0204	0.8579	0.0000	4.0442	0.0390	0.0002	0.1208	0.0820	0.0003	0.5508	0.0005	0.0000	0.0010	inf	367.3673	0.0388	0.0086	3.1362	4.9655	18.3411	10.6561	0.0695	0.0000	0.0695	0.0000	0.0000	0.0000	0.0694	0.0000	0.0694	0.0159	0.0000	0.0158	0.0158	0.0000	0.0157	0.0001	0.0000	0.0001	0.1185	0.0989	0.0196	0.0375	0.0351	0.0024	0.0809	0.0638	0.0172	0.4069	0.2758	0.1311	0.1925	0.1639	0.0286	0.2145	0.1119	0.1026	15.0221	0.0000	29.3305	0.0162	0.0000	0.0371	1848.0351	0.0000	4170.0135	0.0390	0.0002	0.1208	0.0820	0.0003	0.5508	0.0005	0.0000	0.0010
6	28	0.2165	9	0	2	0	1	0	0	0	0	N	Y	N	N	N	N	N	N	N	N	N	N	0.0000	0.0000	0.0000	0.0000	0.0000	0.0000	0.0000	0.0000	0.0000	0.0000	0.0000	0.0000	0.0000	0.0000	0.0000	0.0000	0.0000	0.0000	0.0000	0.0000	3.1362	0.0000	18.3411	0.0000	0.0000	0.0000	0.0000	0.0000	0.0000	0.0000	0.0000	0.0000	0.0000	0.0000	0.0000	0.0000	0.0000	0.0000	0.0000	0.0000	0.0000	0.0000	0.0000	0.0000	0.0000	0.0000	0.0000	0.0000	0.0000	0.0000	0.0000	0.0000	0.0000	0.0000	0.0000	0.0000	0.0000	0.0000	0.0000	0.0000	0.0000	0.0000	0.0000	0.0000	0.0000	0.0000	0.0000	0.0000	0.0000	0.0000	0.0000	0.0000	0.0000	0.0000	0.0000	0.0000	0.0000	0.0000											
6	29	0.1839	4	1	2	0	0	0	0	0	0	N	Y	N	N	N	N	N	N	N	N	N	N	0.2722	0.0004	1059.5397	0.0262	0.0022	194.2877	0.3042	0.0000	1558.4314	0.1116	0.0002	0.4492	0.0070	0.0006	0.2306	0.1569	0.0000	0.4568	0.4102	0.5717	0.0004	0.2671	0.2958	0.0012	0.5156	0.8873	0.0003	595.5451	0.0003	0.0100	-0.1375	3.1362	3.9885	18.3411	8.5018	0.0179	0.0000	0.0178	0.0003	0.0000	0.0003	0.0175	0.0000	0.0175	0.3001	0.3000	0.0001	0.0829	0.0828	0.0000	0.2172	0.2172	0.0001	0.1601	0.1204	0.0397	0.0483	0.0470	0.0013	0.1118	0.0734	0.0384	0.7317	0.5248	0.2069	0.3103	0.2800	0.0303	0.4214	0.2448	0.1766	0.2722	0.0004	1059.5397	0.0262	0.0022	194.2877	0.3042	0.0000	1558.4314	0.4102	0.5717	0.0004	0.2671	0.2958	0.0012	0.5156	0.8873	0.0003
6	30	0.1748	6	0	2	0	0	0	0	0	0	N	Y	N	N	N	N	N	N	N	N	N	N	0.0000	0.0000	0.0000	0.0000	0.0000	0.0000	0.0000	0.0000	0.0000	0.0000	0.0000	0.0000	0.0000	0.0000	0.0000	0.0000	0.0000	0.0000	0.0012	0.0014	0.0010	0.0023	0.0023	0.0017	0.0004	0.0000	0.0009	0.3043	0.0000	-0.0001	3.1362	0.9701	18.3411	4.0208	0.0000	0.0000	0.0000	0.0000	0.0000	0.0000	0.0000	0.0000	0.0000	0.0005	0.0004	0.0001	0.0004	0.0004	0.0000	0.0001	0.0000	0.0001	0.0693	0.0607	0.0087	0.0290	0.0279	0.0010	0.0404	0.0327	0.0077	0.3909	0.2759	0.1150	0.1743	0.1608	0.0135	0.2166	0.1151	0.1015	0.0000	0.0000	0.0000	0.0000	0.0000	0.0000	0.0000	0.0000	0.0000	0.0012	0.0014	0.0010	0.0023	0.0023	0.0017	0.0004	0.0000	0.0009	
6	31	0.1494	4	0	1	0	1	0	0	0	0	N	N	N	N	N	N	N	N	N	N	N	N	0.0001	0.0003	0.0001	0.0014	0.0010	0.7328	0.0000	0.0000	0.0000	0.0002	0.0002	0.0002	0.0016	0.0014	0.0093	0.0000	0.0000	0.0000	1.6035	0.5974	3.3276	1.1977	1.3755	0.0127	1.7902	0.0011	3.7438	0.2123	3.2505	-0.0000	0.3991	3.1362	5.0045	18.3411	16.6627	0.0000	0.0000	0.0000	0.0000	0.0000	0.0000	0.0000	0.0000	0.0000	1.3026	0.3065	0.9962	0.3066	0.3061	0.0004	0.9961	0.0003	0.9957	0.1164	0.0983	0.0181	0.0109	0.0106	0.0003	0.1055	0.0877	0.0178	0.8124	0.5130	0.2994	0.2560	0.2226	0.0334	0.5564	0.2904	0.2660	0.0001	0.0003	0.0001	0.0014	0.0010	0.7328	0.0000	0.0000	0.0000	1.6035	0.5974	3.3276	1.1977	1.3755	0.0127	1.7902	0.0011	3.7438
6	32	0.6916	10	1	1	1	0	0	0	0	0	N	N	N	N	N	N	N	N	N	N	N	N	0.0000	0.0000	0.0000	0.0000	0.0000	0.0000	0.0000	0.0000	0.0000	0.0000	0.0000	0.0000	0.0000	0.0000	0.0000	0.0000	0.0000	0.0000	0.0000	0.0000	0.0000	0.0000	0.0001	0.0000	0.0000	0.0000	1.5370	0.0000	0.0000	3.1362	1.4893	18.3411	0.0050	0.0000	0.0000	0.0000	0.0000	0.0000	0.0000	0.0000	0.0000	0.0000	0.0000	0.0000	0.0000	0.0000	0.0000	0.0000	0.0000	0.0000	0.0000	0.0283	0.0243	0.0040	0.0082	0.0076	0.0006	0.0201	0.0168	0.0034	0.0369	0.0255	0.0113	0.0189	0.0158	0.0031	0.0180	0.0098	0.0082	0.0000	0.0000	0.0000	0.0000	0.0000	0.0000	0.0000	0.0000	0.0000	0.0000	0.0000	0.0000	0.0000	0.0000	0.0001	0.0000	0.0000	0.0000		
6	33	0.1749	6	1	1	1	0	0	0	0	0	N	N	N	N	N	N	N	N	N	N	N	N	0.0066	0.0000	43.9348	0.0000	0.0000	0.0000	0.0813	0.0000	64.7704	0.0001	0.0000	0.0004	0.0000	0.0000	0.0000	0.0001	0.0000	0.0004	0.0088	0.0135	0.0000	0.0286	0.0316	0.0000	0.0008	0.0015	0.0000	inf	0.0003	0.0000	-0.0009	3.1362	0.9855	18.3411	5.0251	0.0000	0.0000	0.0000	0.0000	0.0000	0.0000	0.0000	0.0000	0.0000	0.0020	0.0020	0.0000	0.0019	0.0019	0.0000	0.0001	0.0001	0.0000	0.0245	0.0207	0.0038	0.0033	0.0032	0.0001	0.0211	0.0175	0.0036	0.2317	0.1509	0.0808	0.0665	0.0603	0.0062	0.1652	0.0906	0.0746	0.0066	0.0000	43.9348	0.0000	0.0000	0.0000	0.0813	0.0000	64.7704	0.0088	0.0135	0.0000	0.0286	0.0316	0.0000	0.0008	0.0015	0.0000
6	34	0.1477	6	0	2	0	0	0	0	0	0	N	Y	N	N	N	N	N	N	N	N	N	N	0.0000	0.0000	0.0000	0.0000	0.0000	0.0000	0.0000	0.0000	0.0000	0.0000	0.0000	0.0000	0.0000	0.0000	0.0000	0.0000	0.0000	0.0000	2.8679	4.3787	0.0000	0.0017	0.0022	0.0000	4.8175	8.5648	0.0000	0.0000	0.0000	-0.3949	3.1362	2.0026	18.3411	4.0175	0.0000	0.0000	0.0000	0.0000	0.0000	0.0000	0.0000	0.0000	0.0000	0.8616	0.8616	0.0000	0.0002	0.0002	0.0000	0.8614	0.8614	0.0000	0.0755	0.0574	0.0181	0.0198	0.0195	0.0003	0.0557	0.0379	0.0178	0.3004	0.1968	0.1037	0.1216	0.0962	0.0254	0.1788	0.1006	0.0782	0.0000	0.0000	0.0000	0.0000	0.0000	0.0000	0.0000	0.0000	0.0000	2.8679	4.3787	0.0000	0.0017	0.0022	0.0000	4.8175	8.5648	0.0000	
6	35	0.1477	5	0	1	0	0	0	0	0	0	N	N	N	N	N	N	N	N	N	N	N	N	0.7672	0.6314	0.9654	0.5655	0.7606	0.1466	2.3690	0.0000	18.2858	0.2367	0.1748	0.3666	0.2939	0.2946	0.1434	0.1980	0.0000	0.3679	0.3086	0.2768	0.3798	0.5198	0.3874	0.9781	0.0836	0.1254	0.0201	0.9997	0.6106	0.0005	-0.0041	3.1362	0.4148	18.3411	1.5497	0.0092	0.0046	0.0046	0.0046	0.0046	0.0000	0.0046	0.0000	0.0046	0.0522	0.0324	0.0198	0.0454	0.0262	0.0191	0.0068	0.0062	0.0007	0.0387	0.0262	0.0125	0.0156	0.0155	0.0001	0.0231	0.0107	0.0124	0.1692	0.1171	0.0521	0.0873	0.0677	0.0196	0.0819	0.0494	0.0325	0.7672	0.6314	0.9654	0.5655	0.7606	0.1466	2.3690	0.0000	18.2858	0.3086	0.2768	0.3798	0.5198	0.3874	0.9781	0.0836	0.1254	0.0201
6	36	0.0899	3	0	2	0	0	0	0	0	0	N	Y	N	N	N	N	N	N	N	N	N	N	637.3874	469.7100	1004.1615	23.8729	22.7023	40.0152	5574.1227	157295980.6254	1054.8875	6.1482	6.8223	2.5580	1.1276	1.1412	0.2347	6.5829	7.4064	2.5757	0.0096	0.0145	0.0025	0.0472	0.0503	0.0059	0.0012	0.0000	0.0024	0.0704	0.1205	-0.4080	-0.0034	3.1362	7.9964	18.3411	23.6501	1.0871	1.0156	0.0715	0.0159	0.0158	0.0000	1.0712	0.9998	0.0715	0.0098	0.0087	0.0011	0.0088	0.0087	0.0001	0.0010	0.0000	0.0010	0.1768	0.1489	0.0280	0.0141	0.0139	0.0002	0.1627	0.1350	0.0277	1.0129	0.6003	0.4126	0.1862	0.1735	0.0127	0.8267	0.4269	0.3999	637.3874	469.7100	1004.1615	23.8729	22.7023	40.0152	5574.1227	157295980.6254	1054.8875	0.0096	0.0145	0.0025	0.0472	0.0503	0.0059	0.0012	0.0000	0.0024
6	37	0.1639	5	1	2	0	0	0	0	0	0	N	Y	N	N	N	N	N	N	N	N	N	N	0.0000	0.0000	0.0000	0.0000	0.0000	0.0000	0.0000	0.0000	0.0000	0.0000	0.0000	0.0000	0.0000	0.0000	0.0000	0.0000	0.0000	0.0000	0.8990	1.3177	0.2131	0.1034	0.1237	0.0048	1.2419	2.1220	0.2457	0.0987	0.0000	-0.3386	3.1362	6.9981	18.3411	25.9787	0.0000	0.0000	0.0000	0.0000	0.0000	0.0000	0.0000	0.0000	0.0000	0.9188	0.8362	0.0825	0.0318	0.0316	0.0002	0.8869	0.8046	0.0823	0.1611	0.1360	0.0250	0.0197	0.0187	0.0010	0.1414	0.1173	0.0241	1.0220	0.6346	0.3874	0.3078	0.2554	0.0524	0.7142	0.3792	0.3350	0.0000	0.0000	0.0000	0.0000	0.0000	0.0000	0.0000	0.0000	0.0000	0.8990	1.3177	0.2131	0.1034	0.1237	0.0048	1.2419	2.1220	0.2457	
6	38	0.1477	5	0	2	0	0	0	0	0	0	N	Y	N	N	N	N	N	N	N	N	N	N	0.0493	0.1608	0.0063	0.3496	0.2890	156.1324	0.0028	0.0000	0.0053	0.1110	0.1313	0.0298	0.5382	0.5523	0.0010	0.0074	0.0000	0.0305	2.2510	0.8165	4.7171	1.5396	1.9111	0.0000	2.6085	0.0035	5.7300	0.0567	3.3605	-0.0059	0.4035	3.1362	4.7553	18.3411	10.1994	0.0153	0.0145	0.0008	0.0145	0.0145	0.0000	0.0008	0.0000	0.0008	1.2921	0.2963	0.9958	0.2956	0.2956	0.0000	0.9965	0.0007	0.9958	0.1379	0.1104	0.0276	0.0269	0.0262	0.0007	0.1110	0.0841	0.0269	0.5740	0.3629	0.2111	0.1920	0.1547	0.0373	0.3820	0.2082	0.1738	0.0493	0.1608	0.0063	0.3496	0.2890	156.1324	0.0028	0.0000	0.0053	2.2510	0.8165	4.7171	1.5396	1.9111	0.0000	2.6085	0.0035	5.7300
6	39	0.0899	3	1	2	0	0	0	0	0	0	N	Y	N	N	N	N	N	N	N	N	N	N	0.0626	0.0680	0.0000	140.4745	168.6925	0.0000	0.0000	0.0000	0.0000	0.1739	0.2070	0.0000	2.1282	2.1601	0.0000	0.0000	0.0000	0.0000	2.7765	3.0427	2.3892	0.0152	0.0128	0.0470	3.3961	4.2683	2.4638	0.0000	0.5397	-0.0086	-0.3085	3.1362	5.0000	18.3411	27.3229	0.0196	0.0196	0.0000	0.0196	0.0196	0.0000	0.0000	0.0000	0.0000	2.8605	1.8579	1.0026	0.0029	0.0023	0.0006	2.8576	1.8556	1.0020	0.1126	0.0946	0.0180	0.0092	0.0091	0.0001	0.1034	0.0855	0.0179	1.0302	0.6106	0.4196	0.1888	0.1759	0.0130	0.8414	0.4347	0.4067	0.0626	0.0680	0.0000	140.4745	168.6925	0.0000	0.0000	0.0000	0.0000	2.7765	3.0427	2.3892	0.0152	0.0128	0.0470	3.3961	4.2683	2.4638
6	40	0.1639	5	0	2	0	0	0	0	0	0	N	Y	N	N	N	N	N	N	N	N	N	N	0.0052	0.0074	0.0004	1.2486	2.2306	0.0000	0.0001	0.0000	0.0004	0.0114	0.0133	0.0012	0.0918	0.0965	0.0000	0.0002	0.0000	0.0012	2.2159	1.8016	2.8951	0.0736	0.0433	0.2180	3.1620	3.0121	3.3313	0.0166	0.9799	-0.0008	0.0734	3.1362	7.0019	18.3411	21.4344	0.0018	0.0018	0.0000	0.0018	0.0018	0.0000	0.0000	0.0000	0.0000	2.0085	1.0144	0.9941	0.0204	0.0099	0.0105	1.9880	1.0045	0.9836	0.1612	0.1361	0.0251	0.0197	0.0187	0.0010	0.1415	0.1174	0.0241	0.9064	0.5630	0.3434	0.2777	0.2296	0.0481	0.6287	0.3335	0.2952	0.0052	0.0074	0.0004	1.2486	2.2306	0.0000	0.0001	0.0000	0.0004	2.2159	1.8016	2.8951	0.0736	0.0433	0.2180	3.1620	3.0121	3.3313
6	41	0.5942	8	0	2	0	0	0	0	0	0	N	Y	N	N	N	N	N	N	N	N	N	N	0.0000	0.0000	0.0000	0.0000	0.0000	0.0000	0.0000	0.0000	0.0000	0.0000	0.0000	0.0000	0.0000	0.0000	0.0000	0.0000	0.0000	0.0000	0.0069	0.0010	0.0204	0.0010	0.0011	0.0005	0.0139	0.0008	0.0293	9.0008	0.0000	0.0015	3.1362	8.1446	18.3411	10.2519	0.0000	0.0000	0.0000	0.0000	0.0000	0.0000	0.0000	0.0000	0.0000	0.0033	0.0003	0.0030	0.0003	0.0002	0.0000	0.0031	0.0001	0.0030	0.1998	0.1760	0.0238	0.0744	0.0701	0.0044	0.1254	0.1059	0.0195	0.4801	0.3339	0.1462	0.2594	0.2147	0.0447	0.2207	0.1192	0.1015	0.0000	0.0000	0.0000	0.0000	0.0000	0.0000	0.0000	0.0000	0.0000	0.0069	0.0010	0.0204	0.0010	0.0011	0.0005	0.0139	0.0008	0.0293	
6	42	0.1639	5	0	2	0	0	0	0	0	0	N	Y	N	N	N	N	N	N	N	N	N	N	0.0151	0.0388	0.0000	0.0107	0.0318	0.0000	0.1403	0.3535	0.0000	0.0003	0.0003	0.0000	0.0006	0.0006	0.0000	0.0002	0.0003	0.0000	0.0191	0.0088	0.0361	0.0548	0.0194	0.2104	0.0018	0.0008	0.0028	0.0000	2.4888	-0.0000	0.0030	3.1362	5.9981	18.3411	11.5875	0.0000	0.0000	0.0000	0.0000	0.0000	0.0000	0.0000	0.0000	0.0000	0.0117	0.0033	0.0083	0.0110	0.0032	0.0078	0.0007	0.0002	0.0005	0.1388	0.1172	0.0216	0.0170	0.0162	0.0008	0.1218	0.1010	0.0208	0.6114	0.3806	0.2308	0.2000	0.1629	0.0370	0.4114	0.2177	0.1937	0.0151	0.0388	0.0000	0.0107	0.0318	0.0000	0.1403	0.3535	0.0000	0.0191	0.0088	0.0361	0.0548	0.0194	0.2104	0.0018	0.0008	0.0028
6	43	0.2476	5	0	2	1	1	0	0	0	0	N	Y	N	N	N	N	N	N	N	N	N	N	0.0005	0.0004	0.0000	0.0060	0.0057	0.0000	0.0000	0.0000	0.0000	0.0000	0.0000	0.0000	0.0000	0.0000	0.0000	0.0000	0.0000	0.0000	0.0082	0.0112	0.0004	0.0040	0.0043	0.0000	0.0117	0.0202	0.0004	0.0000	0.0125	-0.0000	-0.0006	3.1362	1.0007	18.3411	2.4334	0.0000	0.0000	0.0000	0.0000	0.0000	0.0000	0.0000	0.0000	0.0000	0.0015	0.0014	0.0000	0.0003	0.0003	0.0000	0.0011	0.0011	0.0000	0.0233	0.0198	0.0035	0.0037	0.0036	0.0002	0.0196	0.0162	0.0034	0.1770	0.1289	0.0481	0.0800	0.0734	0.0066	0.0970	0.0555	0.0415	0.0005	0.0004	0.0000	0.0060	0.0057	0.0000	0.0000	0.0000	0.0000	0.0082	0.0112	0.0004	0.0040	0.0043	0.0000	0.0117	0.0202	0.0004
6	44	0.2104	4	0	1	0	1	0	0	0	0	N	N	N	N	N	N	N	N	N	N	N	N	0.0397	0.0318	0.0089	2.1252	1.9494	0.0564	0.0000	0.0000	0.0070	0.0488	0.0574	0.0003	0.2688	0.2786	0.0012	0.0000	0.0000	0.0002	1.2295	1.8023	0.0284	0.1265	0.1429	0.0208	2.2138	4.3168	0.0302	0.0008	0.0075	-0.0006	-0.4528	3.1362	1.0391	18.3411	15.0482	0.0013	0.0013	0.0000	0.0013	0.0013	0.0000	0.0000	0.0000	0.0000	1.0041	0.9966	0.0075	0.0487	0.0476	0.0011	0.9554	0.9490	0.0064	0.0258	0.0219	0.0039	0.0047	0.0045	0.0002	0.0211	0.0174	0.0037	0.8167	0.5530	0.2637	0.3851	0.3331	0.0520	0.4316	0.2198	0.2117	0.0397	0.0318	0.0089	2.1252	1.9494	0.0564	0.0000	0.0000	0.0070	1.2295	1.8023	0.0284	0.1265	0.1429	0.0208	2.2138	4.3168	0.0302
6	45	0.0899	3	0	2	0	0	0	0	0	0	N	Y	N	N	N	N	N	N	N	N	N	N	0.0011	0.0283	0.0000	0.0934	0.0885	0.0000	0.0000	0.0000	0.0000	0.0010	0.0012	0.0000	0.0130	0.0132	0.0000	0.0000	0.0000	0.0000	0.9418	0.0427	2.2501	0.1395	0.1495	0.0044	1.1199	0.0000	2.3216	0.0000	36.2399	-0.0001	0.5252	3.1362	12.0036	18.3411	21.9053	0.0003	0.0003	0.0000	0.0003	0.0003	0.0000	0.0000	0.0000	0.0000	1.0203	0.0274	0.9929	0.0275	0.0274	0.0001	0.9929	0.0000	0.9929	0.2635	0.2223	0.0412	0.0206	0.0203	0.0003	0.2429	0.2020	0.0409	1.0834	0.6421	0.4413	0.1969	0.1832	0.0136	0.8866	0.4589	0.4277	0.0011	0.0283	0.0000	0.0934	0.0885	0.0000	0.0000	0.0000	0.0000	0.9418	0.0427	2.2501	0.1395	0.1495	0.0044	1.1199	0.0000	2.3216
6	46	0.5713	11	1	2	0	0	0	0	0	0	N	Y	N	N	N	N	N	N	N	N	N	N	0.2604	0.0038	1.9956	0.0068	0.0063	0.0000	0.6946	0.0000	1.8918	0.0002	0.0000	0.0016	0.0000	0.0000	0.0000	0.0003	0.0000	0.0019	0.0008	0.0009	0.0008	0.0013	0.0015	0.0000	0.0005	0.0000	0.0010	75.9240	0.4166	0.0000	-0.0000	3.1362	2.0120	18.3411	1.9924	0.0000	0.0000	0.0000	0.0000	0.0000	0.0000	0.0000	0.0000	0.0000	0.0001	0.0001	0.0000	0.0001	0.0001	0.0000	0.0000	0.0000	0.0000	0.0458	0.0394	0.0064	0.0150	0.0139	0.0011	0.0308	0.0255	0.0053	0.0995	0.0677	0.0318	0.0463	0.0395	0.0068	0.0532	0.0282	0.0250	0.2604	0.0038	1.9956	0.0068	0.0063	0.0000	0.6946	0.0000	1.8918	0.0008	0.0009	0.0008	0.0013	0.0015	0.0000	0.0005	0.0000	0.0010
6	47	0.1945	9	1	2	0	0	0	0	0	0	N	Y	N	N	N	N	N	N	N	N	N	N	0.0000	0.0000	0.0000	0.0000	0.0000	0.0000	0.0000	0.0000	0.0000	0.0000	0.0000	0.0000	0.0000	0.0000	0.0000	0.0000	0.0000	0.0000	0.0019	0.0030	0.0000	0.0075	0.0083	0.0000	0.0000	0.0000	0.0000	0.0003	0.0000	-0.0001	3.1362	0.0002	18.3411	4.0036	0.0000	0.0000	0.0000	0.0000	0.0000	0.0000	0.0000	0.0000	0.0000	0.0002	0.0002	0.0000	0.0002	0.0002	0.0000	0.0000	0.0000	0.0000	0.0000	0.0000	0.0000	0.0000	0.0000	0.0000	0.0000	0.0000	0.0000	0.1297	0.0787	0.0510	0.0318	0.0289	0.0029	0.0979	0.0498	0.0480	0.0000	0.0000	0.0000	0.0000	0.0000	0.0000	0.0000	0.0000	0.0000	0.0019	0.0030	0.0000	0.0075	0.0083	0.0000	0.0000	0.0000	0.0000	
6	48	0.0899	3	0	2	0	1	0	0	0	0	N	Y	N	N	N	N	N	N	N	N	N	N	0.2171	0.5756	0.0000	1.7518	1.6543	0.0000	0.0000	0.0000	0.0000	0.1731	0.2058	0.0000	2.1404	2.1728	0.0000	0.0000	0.0000	0.0000	0.7973	0.3576	1.4390	1.2218	1.3134	0.0612	0.7102	0.0114	1.4826	0.0000	2.7569	-0.0103	0.3548	3.1362	6.0036	18.3411	51.7820	0.0232	0.0232	0.0000	0.0232	0.0232	0.0000	0.0000	0.0000	0.0000	1.2879	0.3428	0.9451	0.3361	0.3348	0.0012	0.9518	0.0080	0.9439	0.1343	0.1129	0.0214	0.0109	0.0107	0.0002	0.1235	0.1022	0.0212	1.6154	0.9586	0.6567	0.2750	0.2549	0.0201	1.3403	0.7037	0.6366	0.2171	0.5756	0.0000	1.7518	1.6543	0.0000	0.0000	0.0000	0.0000	0.7973	0.3576	1.4390	1.2218	1.3134	0.0612	0.7102	0.0114	1.4826
6	49	0.0899	3	1	2	0	0	0	0	0	0	N	Y	N	N	N	N	N	N	N	N	N	N	0.5022	0.0000	129.0005	0.0032	0.0000	32.1379	0.5881	0.0000	127.3357	0.5329	0.0000	3.3473	0.0046	0.0000	0.3086	0.5794	0.0000	3.3704	1.0612	1.7723	0.0259	1.4130	1.5198	0.0096	0.9852	1.8699	0.0265	inf	0.0101	0.0400	-0.5880	3.1362	5.9964	18.3411	34.6547	0.0715	0.0000	0.0715	0.0000	0.0000	0.0000	0.0715	0.0000	0.0715	1.3112	1.2982	0.0131	0.3104	0.3102	0.0001	1.0009	0.9880	0.0129	0.1342	0.1128	0.0214	0.0108	0.0107	0.0002	0.1233	0.1021	0.0212	1.2356	0.7325	0.5031	0.2197	0.2041	0.0155	1.0159	0.5284	0.4876	0.5022	0.0000	129.0005	0.0032	0.0000	32.1379	0.5881	0.0000	127.3357	1.0612	1.7723	0.0259	1.4130	1.5198	0.0096	0.9852	1.8699	0.0265
6	50	0.1795	4	0	1	1	0	0	0	0	0	N	N	N	N	N	N	N	N	N	N	N	N	0.0259	0.0269	0.0342	0.2919	0.2791	0.1572	0.0057	0.0000	0.0299	0.0677	0.0594	0.1154	0.3757	0.3834	0.1263	0.0192	0.0000	0.1151	2.6145	2.2102	3.3739	1.2870	1.3736	0.8035	3.3595	2.9438	3.8530	0.3377	0.8129	-0.0089	-0.0622	3.1362	31.2093	18.3411	46.3939	0.0472	0.0353	0.0119	0.0357	0.0353	0.0004	0.0116	0.0000	0.0116	6.2396	3.4418	2.7978	1.1040	0.9994	0.1047	5.1355	2.4424	2.6931	0.6977	0.5944	0.1033	0.0949	0.0921	0.0028	0.6028	0.5022	0.1005	2.3865	1.5572	0.8293	0.8578	0.7276	0.1303	1.5286	0.8297	0.6990	0.0259	0.0269	0.0342	0.2919	0.2791	0.1572	0.0057	0.0000	0.0299	2.6145	2.2102	3.3739	1.2870	1.3736	0.8035	3.3595	2.9438	3.8530
6	51	0.1267	4	0	2	0	0	0	0	0	0	N	Y	N	N	N	N	N	N	N	N	N	N	0.0167	0.0520	0.0000	0.1753	0.1736	0.0003	0.0000	0.0000	0.0000	0.0119	0.0140	0.0000	0.0868	0.0886	0.0001	0.0000	0.0000	0.0000	0.7131	0.2695	1.4789	0.4951	0.5103	0.3356	0.8390	0.0001	1.5870	0.0002	3.1785	-0.0006	0.2247	3.1362	4.1516	18.3411	14.5664	0.0013	0.0013	0.0000	0.0013	0.0013	0.0000	0.0000	0.0000	0.0000	0.7433	0.1779	0.5654	0.1889	0.1779	0.0111	0.5544	0.0000	0.5543	0.1061	0.0904	0.0157	0.0146	0.0143	0.0003	0.0916	0.0761	0.0154	1.0423	0.6600	0.3823	0.3816	0.3486	0.0330	0.6607	0.3114	0.3493	0.0167	0.0520	0.0000	0.1753	0.1736	0.0003	0.0000	0.0000	0.0000	0.7131	0.2695	1.4789	0.4951	0.5103	0.3356	0.8390	0.0001	1.5870
6	52	0.2072	6	1	1	1	0	0	0	0	0	N	N	N	N	N	N	N	N	N	N	N	N	1.0863	1.0870	0.0000	1.0397	0.9192	0.0000	0.0000	0.0000	0.0000	0.0885	0.1151	0.0000	0.2080	0.2098	0.0000	0.0000	0.0000	0.0000	0.0815	0.1059	0.0325	0.2001	0.2282	0.0002	0.0168	0.0001	0.0374	0.0000	0.1527	-0.0000	-0.0010	3.1362	0.0028	18.3411	0.9232	0.0000	0.0000	0.0000	0.0000	0.0000	0.0000	0.0000	0.0000	0.0000	0.0032	0.0028	0.0004	0.0028	0.0028	0.0000	0.0004	0.0000	0.0004	0.0003	0.0002	0.0001	0.0001	0.0001	0.0000	0.0002	0.0001	0.0001	0.0390	0.0260	0.0129	0.0138	0.0121	0.0017	0.0252	0.0140	0.0113	1.0863	1.0870	0.0000	1.0397	0.9192	0.0000	0.0000	0.0000	0.0000	0.0815	0.1059	0.0325	0.2001	0.2282	0.0002	0.0168	0.0001	0.0374
6	53	0.5865	10	0	2	0	0	0	0	0	0	N	Y	N	N	N	N	N	N	N	N	N	N	0.0515	0.0001	99.6469	1.6298	0.0021	1058.0675	0.0028	0.0000	8.1645	0.0522	0.0001	0.3767	0.1483	0.0002	2.0719	0.0063	0.0000	0.0367	1.0140	1.4520	0.0038	0.0910	0.1065	0.0020	2.2416	4.5425	0.0045	792.5476	0.0011	0.0068	-0.4535	3.1362	8.5400	18.3411	19.3759	0.0122	0.0000	0.0122	0.0112	0.0000	0.0112	0.0010	0.0000	0.0010	0.9917	0.9906	0.0011	0.0508	0.0506	0.0002	0.9410	0.9400	0.0010	0.2330	0.2007	0.0323	0.0754	0.0700	0.0054	0.1575	0.1307	0.0269	0.9780	0.6822	0.2958	0.5583	0.4753	0.0830	0.4198	0.2069	0.2128	0.0515	0.0001	99.6469	1.6298	0.0021	1058.0675	0.0028	0.0000	8.1645	1.0140	1.4520	0.0038	0.0910	0.1065	0.0020	2.2416	4.5425	0.0045
6	54	0.5235	9	0	1	0	0	0	0	0	0	N	N	N	N	N	N	N	N	N	N	N	N	0.0128	0.0053	1.8515	0.0360	0.0179	6.1204	0.0008	0.0000	0.2421	0.0275	0.0163	0.0980	0.0825	0.0475	0.5511	0.0017	0.0000	0.0100	2.1546	3.0673	0.0529	2.2955	2.6486	0.0900	2.0028	3.8154	0.0414	0.9485	0.0075	0.0003	-1.0639	3.1362	7.3474	18.3411	24.2346	0.0059	0.0030	0.0029	0.0056	0.0030	0.0026	0.0002	0.0000	0.0002	2.3594	2.3419	0.0175	1.3035	1.2965	0.0071	1.0559	1.0454	0.0105	0.2130	0.1839	0.0291	0.0680	0.0632	0.0047	0.1451	0.1207	0.0244	1.0951	0.7635	0.3316	0.5679	0.4895	0.0784	0.5272	0.2740	0.2532	0.0128	0.0053	1.8515	0.0360	0.0179	6.1204	0.0008	0.0000	0.2421	2.1546	3.0673	0.0529	2.2955	2.6486	0.0900	2.0028	3.8154	0.0414
6	55	0.4937	8	0	1	0	0	0	0	0	0	N	N	N	N	N	N	N	N	N	N	N	N	0.4209	0.3809	0.7428	1.5183	0.8737	9.2738	0.0329	0.0003	0.0928	0.0577	0.0319	0.2003	0.1566	0.0827	1.5250	0.0058	0.0000	0.0279	0.1371	0.0838	0.2697	0.1032	0.0947	0.1644	0.1753	0.0633	0.3002	1.1352	1.2936	0.0006	0.0134	3.1362	3.4216	18.3411	15.9376	0.0068	0.0032	0.0036	0.0063	0.0032	0.0032	0.0004	0.0000	0.0004	0.1269	0.0553	0.0716	0.0506	0.0408	0.0098	0.0763	0.0145	0.0618	0.1173	0.0993	0.0180	0.0404	0.0383	0.0021	0.0769	0.0610	0.0159	0.9257	0.6603	0.2654	0.4903	0.4307	0.0596	0.4354	0.2296	0.2058	0.4209	0.3809	0.7428	1.5183	0.8737	9.2738	0.0329	0.0003	0.0928	0.1371	0.0838	0.2697	0.1032	0.0947	0.1644	0.1753	0.0633	0.3002
6	56	0.2104	4	0	2	0	0	0	0	0	0	N	Y	N	N	N	N	N	N	N	N	N	N	0.0005	0.0001	0.1980	0.0061	0.0053	0.0672	0.0002	0.0000	0.2249	0.0005	0.0002	0.0025	0.0008	0.0008	0.0012	0.0005	0.0000	0.0026	1.0787	1.6080	0.0126	0.1389	0.1578	0.0183	1.8272	3.5599	0.0114	2.5758	0.0039	0.0000	-0.4632	3.1362	0.9891	18.3411	20.6926	0.0000	0.0000	0.0000	0.0000	0.0000	0.0000	0.0000	0.0000	0.0000	1.0193	1.0153	0.0040	0.0582	0.0572	0.0010	0.9611	0.9582	0.0029	0.0246	0.0209	0.0037	0.0045	0.0043	0.0002	0.0201	0.0166	0.0035	0.9449	0.6314	0.3135	0.4190	0.3623	0.0567	0.5260	0.2692	0.2568	0.0005	0.0001	0.1980	0.0061	0.0053	0.0672	0.0002	0.0000	0.2249	1.0787	1.6080	0.0126	0.1389	0.1578	0.0183	1.8272	3.5599	0.0114
6	57	0.0899	3	0	1	0	0	0	0	0	0	N	N	N	N	N	N	N	N	N	N	N	N	0.0078	0.0056	0.0095	0.0210	0.0198	0.0006	0.0004	0.0000	0.0096	0.0025	0.0029	0.0002	0.0300	0.0304	0.0000	0.0000	0.0000	0.0002	0.3189	0.5235	0.0208	1.4273	1.5350	0.0283	0.0824	0.1392	0.0206	0.0129	0.0273	-0.0001	-0.1821	3.1362	5.0326	18.3411	39.3193	0.0003	0.0003	0.0000	0.0003	0.0003	0.0000	0.0000	0.0000	0.0000	0.4217	0.4105	0.0112	0.3319	0.3314	0.0005	0.0898	0.0791	0.0107	0.1133	0.0952	0.0181	0.0093	0.0091	0.0001	0.1041	0.0861	0.0180	1.3223	0.7840	0.5383	0.2325	0.2159	0.0166	1.0898	0.5681	0.5217	0.0078	0.0056	0.0095	0.0210	0.0198	0.0006	0.0004	0.0000	0.0096	0.3189	0.5235	0.0208	1.4273	1.5350	0.0283	0.0824	0.1392	0.0206
6	58	0.0899	3	0	2	0	1	0	0	0	0	N	Y	N	N	N	N	N	N	N	N	N	N	0.0023	0.0015	0.0672	0.0204	0.0192	0.0000	0.0003	0.0000	0.0660	0.0026	0.0027	0.0017	0.0281	0.0285	0.0000	0.0003	0.0000	0.0017	1.1012	1.8404	0.0248	1.3771	1.4819	0.0047	1.0418	1.9783	0.0254	0.1161	0.0092	-0.0001	-0.6238	3.1362	5.0036	18.3411	36.7244	0.0003	0.0003	0.0000	0.0003	0.0003	0.0000	0.0000	0.0000	0.0000	1.3887	1.3760	0.0127	0.3077	0.3076	0.0001	1.0810	1.0683	0.0127	0.1127	0.0947	0.0180	0.0092	0.0091	0.0001	0.1035	0.0856	0.0179	1.2611	0.7476	0.5135	0.2234	0.2076	0.0159	1.0377	0.5400	0.4976	0.0023	0.0015	0.0672	0.0204	0.0192	0.0000	0.0003	0.0000	0.0660	1.1012	1.8404	0.0248	1.3771	1.4819	0.0047	1.0418	1.9783	0.0254
6	59	0.4740	8	0	2	0	1	0	0	0	0	N	Y	N	N	N	N	N	N	N	N	N	N	0.0937	0.0784	0.0000	0.0005	0.0005	0.0000	0.6735	0.5338	0.0000	0.0626	0.0726	0.0000	0.0006	0.0006	0.0000	0.0976	0.1194	0.0000	0.6684	0.9257	0.0618	1.0909	1.2707	0.0660	0.1449	0.2236	0.0602	0.0000	0.0283	-0.0086	-0.4662	3.1362	10.4254	18.3411	21.2017	0.0195	0.0195	0.0000	0.0001	0.0001	0.0000	0.0195	0.0195	0.0000	1.0822	1.0524	0.0298	0.9775	0.9686	0.0088	0.1047	0.0838	0.0210	0.3122	0.2692	0.0431	0.1125	0.1059	0.0066	0.1997	0.1632	0.0365	1.6190	1.1369	0.4821	0.8960	0.7623	0.1338	0.7229	0.3746	0.3483	0.0937	0.0784	0.0000	0.0005	0.0005	0.0000	0.6735	0.5338	0.0000	0.6684	0.9257	0.0618	1.0909	1.2707	0.0660	0.1449	0.2236	0.0602
6	60	0.2072	6	1	1	1	0	0	0	0	0	N	N	N	N	N	N	N	N	N	N	N	N	0.0001	2.3732	0.0000	0.0751	6.4438	0.0000	0.0000	0.0000	0.0000	0.0006	0.0007	0.0000	0.0040	0.0042	0.0000	0.0000	0.0000	0.0000	7.1974	0.0003	36.6437	0.0533	0.0007	0.3209	8.4608	0.0000	39.4829	0.0000	31371.2857	-0.0000	0.5374	3.1362	1.9981	18.3411	3.0867	0.0000	0.0000	0.0000	0.0000	0.0000	0.0000	0.0000	0.0000	0.0000	0.9923	0.0000	0.9923	0.0029	0.0000	0.0029	0.9894	0.0000	0.9894	0.0474	0.0402	0.0072	0.0070	0.0066	0.0004	0.0404	0.0336	0.0068	0.1716	0.1083	0.0633	0.0546	0.0457	0.0090	0.1169	0.0626	0.0543	0.0001	2.3732	0.0000	0.0751	6.4438	0.0000	0.0000	0.0000	0.0000	5.7831	0.0003	15.6751	0.0533	0.0007	0.3209	8.4608	0.0000	18.2127
6	61	0.1639	5	1	1	1	0	0	0	0	0	N	N	N	N	N	N	N	N	N	N	N	N	0.6056	66.1620	0.0005	2054.6903	2571.6612	0.0000	0.0002	0.0000	0.0004	0.9759	1.1563	0.0021	7.9072	8.3201	0.0000	0.0004	0.0000	0.0021	1.6116	0.0175	4.2395	0.0038	0.0032	0.0066	2.3881	0.0281	5.0400	0.0003	147.1500	-0.0403	0.5390	3.1362	4.0039	18.3411	14.0733	0.0913	0.0913	0.0000	0.0913	0.0913	0.0000	0.0000	0.0000	0.0000	1.0078	0.0068	1.0010	0.0008	0.0005	0.0002	1.0070	0.0063	1.0007	0.0936	0.0790	0.0146	0.0115	0.0110	0.0006	0.0820	0.0680	0.0141	0.6253	0.3892	0.2361	0.2037	0.1661	0.0376	0.4217	0.2231	0.1986	0.6056	66.1620	0.0005	2054.6903	2571.6612	0.0000	0.0002	0.0000	0.0004	1.6116	0.0175	4.2395	0.0038	0.0032	0.0066	2.3881	0.0281	5.0400
6	62	0.1833	6	1	1	1	0	0	0	0	0	N	N	N	N	N	N	N	N	N	N	N	N	0.0000	0.0000	0.0000	0.0000	0.0000	0.0000	0.0000	0.0000	0.0000	0.0000	0.0000	0.0000	0.0000	0.0000	0.0000	0.0000	0.0000	0.0000	0.1148	0.1878	0.0011	0.3661	0.4321	0.0078	0.0003	0.0004	0.0001	0.0037	0.0000	-0.0288	3.1362	0.0060	18.3411	17.2393	0.0000	0.0000	0.0000	0.0000	0.0000	0.0000	0.0000	0.0000	0.0000	0.0633	0.0631	0.0002	0.0632	0.0630	0.0002	0.0001	0.0001	0.0000	0.0006	0.0005	0.0001	0.0002	0.0002	0.0000	0.0003	0.0003	0.0001	0.5513	0.3358	0.2155	0.1726	0.1457	0.0268	0.3787	0.1901	0.1886	0.0000	0.0000	0.0000	0.0000	0.0000	0.0000	0.0000	0.0000	0.0000	0.1148	0.1878	0.0011	0.3661	0.4321	0.0078	0.0003	0.0004	0.0001	
6	63	0.1267	4	0	1	1	0	0	0	0	0	N	N	N	N	N	N	N	N	N	N	N	N	0.0021	0.0131	0.0016	0.0448	0.0419	0.0396	0.0005	0.0000	0.0015	0.0004	0.0003	0.0007	0.0012	0.0013	0.0001	0.0001	0.0000	0.0008	0.1804	0.0252	0.4581	0.0276	0.0298	0.0026	0.2825	0.0189	0.5045	0.3489	10.1722	-0.0000	0.0737	3.1362	1.0230	18.3411	12.1924	0.0000	0.0000	0.0000	0.0000	0.0000	0.0000	0.0000	0.0000	0.0000	0.1631	0.0146	0.1485	0.0100	0.0099	0.0001	0.1531	0.0047	0.1484	0.0353	0.0306	0.0047	0.0081	0.0080	0.0001	0.0271	0.0225	0.0046	0.9039	0.5798	0.3241	0.3621	0.3321	0.0300	0.5417	0.2477	0.2941	0.0021	0.0131	0.0016	0.0448	0.0419	0.0396	0.0005	0.0000	0.0015	0.1804	0.0252	0.4581	0.0276	0.0298	0.0026	0.2825	0.0189	0.5045
6	64	0.0899	3	0	1	0	0	0	0	0	0	N	N	N	N	N	N	N	N	N	N	N	N	0.0045	0.0116	0.0005	0.0422	0.0403	0.0088	0.0002	0.0000	0.0005	0.0050	0.0057	0.0011	0.0557	0.0565	0.0001	0.0002	0.0000	0.0011	1.1051	0.4971	1.9944	1.3193	1.3999	0.0117	1.0487	0.0510	2.0553	0.0368	2.7437	-0.0001	0.1668	3.1362	2.4556	18.3411	12.4191	0.0003	0.0003	0.0000	0.0003	0.0003	0.0000	0.0000	0.0000	0.0000	0.6075	0.1623	0.4452	0.1512	0.1511	0.0001	0.4563	0.0111	0.4451	0.0566	0.0473	0.0092	0.0049	0.0048	0.0001	0.0517	0.0425	0.0092	0.5497	0.3265	0.2232	0.1146	0.1080	0.0067	0.4351	0.2185	0.2166	0.0045	0.0116	0.0005	0.0422	0.0403	0.0088	0.0002	0.0000	0.0005	1.1051	0.4971	1.9944	1.3193	1.3999	0.0117	1.0487	0.0510	2.0553
6	65	0.2123	5	0	2	0	0	0	0	0	0	N	Y	N	N	N	N	N	N	N	N	N	N	0.0014	0.0043	0.0000	0.0124	0.0103	0.0378	0.0000	0.0000	0.0000	0.0029	0.0033	0.0002	0.0146	0.0150	0.0006	0.0000	0.0000	0.0002	2.0746	0.7765	4.8284	1.1715	1.4538	0.0152	2.8182	0.0003	6.6684	0.0088	2.9314	-0.0001	0.3835	3.1362	1.7555	18.3411	11.9300	0.0001	0.0001	0.0000	0.0001	0.0001	0.0000	0.0000	0.0000	0.0000	1.3350	0.3396	0.9954	0.3404	0.3395	0.0009	0.9946	0.0001	0.9945	0.0469	0.0403	0.0067	0.0092	0.0089	0.0003	0.0378	0.0314	0.0064	0.6435	0.4373	0.2062	0.2906	0.2335	0.0570	0.3529	0.2038	0.1491	0.0014	0.0043	0.0000	0.0124	0.0103	0.0378	0.0000	0.0000	0.0000	2.0746	0.7765	4.8284	1.1715	1.4538	0.0152	2.8182	0.0003	6.6684
6	66	0.1913	7	1	2	1	0	0	0	0	0	N	Y	N	N	N	N	N	N	N	N	N	N	0.0000	0.0000	0.0000	0.0000	0.0000	0.0000	0.0000	0.0000	0.0000	0.0000	0.0000	0.0000	0.0000	0.0000	0.0000	0.0000	0.0000	0.0000	0.0000	0.0000	3.1362	0.0000	18.3411	0.0000	0.0000	0.0000	0.0000	0.0000	0.0000	0.0000	0.0000	0.0000	0.0000	0.0000	0.0000	0.0000	0.0000	0.0000	0.0000	0.0000	0.0000	0.0000	0.0000	0.0000	0.0000	0.0000	0.0000	0.0000	0.0000	0.0000	0.0000	0.0000	0.0000	0.0000	0.0000	0.0000	0.0000	0.0000	0.0000	0.0000	0.0000	0.0000	0.0000	0.0000	0.0000	0.0000	0.0000	0.0000	0.0000	0.0000	0.0000	0.0000	0.0000	0.0000	0.0000	0.0000	0.0000	0.0000											
6	67	0.6958	10	1	2	1	0	0	0	0	0	N	Y	N	N	N	N	N	N	N	N	N	N	0.0000	0.0000	0.0000	0.0000	0.0000	0.0000	0.0000	0.0000	0.0000	0.0000	0.0000	0.0000	0.0000	0.0004	0.0006	0.0000	0.0008	0.0010	0.0000	0.0000	0.0000	0.0000	0.0000	0.0000	-0.0000	3.1362	1.0000	18.3411	3.0000	0.0000	0.0000	0.0000	0.0000	0.0000	0.0000	0.0000	0.0000	0.0000	0.0000	0.0000	0.0000	0.0000	0.0000	0.0000	0.0000	0.0000	0.0000	0.0176	0.0153	0.0023	0.0048	0.0044	0.0004	0.0128	0.0108	0.0020	0.0962	0.0667	0.0295	0.0486	0.0408	0.0079	0.0476	0.0259	0.0217	0.0000	0.0000	0.0000	0.0000	0.0000	0.0000	0.0000	0.0000	0.0000	0.0004	0.0006	0.0000	0.0008	0.0010	0.0000	0.0000	0.0000	0.0000						
6	68	0.1913	7	1	2	1	0	0	0	0	0	N	Y	N	N	N	N	N	N	N	N	N	N	0.0000	0.0000	0.0000	0.0000	0.0000	0.0000	0.0000	0.0000	0.0000	0.0000	0.0000	0.0000	0.0000	0.0000	0.0000	0.0000	0.0000	0.0000	0.0000	0.0000	3.1362	1.0000	18.3411	0.0000	0.0000	0.0000	0.0000	0.0000	0.0000	0.0000	0.0000	0.0000	0.0000	0.0000	0.0000	0.0000	0.0000	0.0000	0.0000	0.0000	0.0000	0.0000	0.0235	0.0198	0.0037	0.0027	0.0026	0.0001	0.0207	0.0171	0.0036	0.0325	0.0199	0.0126	0.0089	0.0078	0.0011	0.0236	0.0121	0.0115	0.0000	0.0000	0.0000	0.0000	0.0000	0.0000	0.0000	0.0000	0.0000	0.0000	0.0000	0.0000	0.0000	0.0000	0.0000	0.0000	0.0000	0.0000											
6	69	0.1749	6	1	2	1	0	0	0	0	0	N	Y	N	N	N	N	N	N	N	N	N	N	0.0000	0.0000	0.0000	0.0000	0.0000	0.0000	0.0000	0.0000	0.0000	0.0001	0.0000	0.0004	0.0000	0.0000	0.0000	0.0001	0.0000	0.0004	10.0076	0.0045	46.3875	0.6156	0.0067	6.3704	9.9419	0.0031	46.1915	inf	2512.5370	0.0000	1.0379	3.1362	1.0155	18.3411	5.9708	0.0000	0.0000	0.0000	0.0000	0.0000	0.0000	0.0000	0.0000	0.0000	1.9176	0.0008	1.9169	0.0454	0.0004	0.0449	1.8723	0.0003	1.8719	0.0252	0.0213	0.0039	0.0034	0.0033	0.0001	0.0218	0.0180	0.0037	0.2620	0.1694	0.0926	0.0737	0.0667	0.0071	0.1883	0.1028	0.0856	0.0000	0.0000	0.0000	0.0000	0.0000	0.0000	0.0000	0.0000	0.0000	7.3181	0.0045	20.6983	0.6156	0.0067	6.3704	9.9419	0.0031	21.8797
6	70	0.1701	5	1	1	1	0	0	0	0	0	N	N	N	N	N	N	N	N	N	N	N	N	0.0336	0.0008	0.2205	0.0038	0.0016	0.8269	0.0515	0.0000	0.1870	0.0279	0.0006	0.1772	0.0032	0.0015	0.1454	0.0424	0.0000	0.1781	0.8317	0.8437	0.8037	0.8411	0.9389	0.1759	0.8240	0.7226	0.9526	49.9055	0.4089	0.0000	-0.0289	3.1362	0.0406	18.3411	2.3361	0.0001	0.0000	0.0001	0.0000	0.0000	0.0000	0.0001	0.0000	0.0001	0.1716	0.1218	0.0498	0.0779	0.0759	0.0021	0.0936	0.0459	0.0477	0.0026	0.0022	0.0004	0.0010	0.0010	0.0000	0.0016	0.0013	0.0004	0.2063	0.1444	0.0620	0.0927	0.0808	0.0119	0.1137	0.0636	0.0501	0.0336	0.0008	0.2205	0.0038	0.0016	0.8269	0.0515	0.0000	0.1870	0.8317	0.8437	0.8037	0.8411	0.9389	0.1759	0.8240	0.7226	0.9526
6	71	0.6958	10	1	2	1	0	0	0	0	0	N	Y	N	N	N	N	N	N	N	N	N	N	0.0000	0.0000	0.0000	0.0000	0.0000	0.0000	0.0000	0.0000	0.0000	0.0000	0.0000	0.0000	0.0000	0.0000	0.0000	0.0000	0.0000	0.0000	0.0000	0.0000	3.1362	0.0000	18.3411	0.0000	0.0000	0.0000	0.0000	0.0000	0.0000	0.0000	0.0000	0.0000	0.0000	0.0000	0.0000	0.0000	0.0000	0.0000	0.0000	0.0000	0.0000	0.0000	0.0000	0.0000	0.0000	0.0000	0.0000	0.0000	0.0000	0.0000	0.0000	0.0000	0.0000	0.0000	0.0000	0.0000	0.0000	0.0000	0.0000	0.0000	0.0000	0.0000	0.0000	0.0000	0.0000	0.0000	0.0000	0.0000	0.0000	0.0000	0.0000	0.0000	0.0000	0.0000	0.0000	0.0000	0.0000	0.0000											
6	72	0.6778	9	1	2	1	0	0	0	0	0	N	Y	N	N	N	N	N	N	N	N	N	N	0.0000	0.0000	0.0000	0.0000	0.0000	0.0000	0.0000	0.0000	0.0000	0.0000	0.0000	0.0000	0.0000	0.0000	0.0000	0.0000	0.0000	0.0000	0.0009	0.0013	0.0000	0.0014	0.0018	0.0000	0.0000	0.0000	0.0001	0.0153	0.0000	-0.0001	3.1362	3.9057	18.3411	1.1104	0.0000	0.0000	0.0000	0.0000	0.0000	0.0000	0.0000	0.0000	0.0000	0.0001	0.0001	0.0000	0.0001	0.0001	0.0000	0.0000	0.0000	0.0000	0.0775	0.0673	0.0101	0.0226	0.0210	0.0016	0.0549	0.0463	0.0086	0.1591	0.1115	0.0476	0.0975	0.0792	0.0183	0.0616	0.0322	0.0294	0.0000	0.0000	0.0000	0.0000	0.0000	0.0000	0.0000	0.0000	0.0000	0.0009	0.0013	0.0000	0.0014	0.0018	0.0000	0.0000	0.0000	0.0001	
6	73	0.4750	7	1	2	0	0	0	0	0	0	N	Y	N	N	N	N	N	N	N	N	N	N	0.0002	0.0002	0.0000	0.0003	0.0003	0.0000	0.0000	0.1293	0.0000	0.0003	0.0004	0.0000	0.0007	0.0008	0.0000	0.0001	0.0001	0.0000	2.2850	1.7929	3.3572	2.5581	2.8897	0.0242	2.0320	0.0005	4.0737	0.0000	0.8593	-0.0000	0.0072	3.1362	6.9070	18.3411	16.5673	0.0001	0.0001	0.0000	0.0001	0.0001	0.0000	0.0000	0.0000	0.0000	1.9123	1.0285	0.8838	1.0295	1.0284	0.0011	0.8828	0.0001	0.8826	0.2464	0.2168	0.0296	0.1043	0.0981	0.0062	0.1421	0.1186	0.0234	0.8369	0.5736	0.2632	0.4025	0.3559	0.0466	0.4344	0.2178	0.2167	0.0002	0.0002	0.0000	0.0003	0.0003	0.0000	0.0000	0.1293	0.0000	2.2850	1.7929	3.3572	2.5581	2.8897	0.0242	2.0320	0.0005	4.0737
6	74	0.5389	9	0	2	0	1	0	0	0	0	N	Y	N	N	N	N	N	N	N	N	N	N	5.1018	0.0000	4848.8890	0.0002	0.0001	1.8090	1594.2833	0.0000	4486.1449	6.6437	0.0000	44.3445	0.0005	0.0002	0.0069	8.9757	0.0000	49.3053	1.3022	1.8493	0.0091	2.3517	2.7300	0.0038	0.0056	0.0004	0.0110	179964.1553	0.0021	0.5586	-0.4436	3.1362	6.4226	18.3411	19.3377	0.9995	0.0000	0.9994	0.0000	0.0000	0.0000	0.9994	0.0000	0.9994	0.9723	0.9702	0.0020	0.9704	0.9702	0.0002	0.0019	0.0001	0.0018	0.1504	0.1279	0.0225	0.0391	0.0368	0.0023	0.1113	0.0911	0.0203	0.7466	0.5247	0.2220	0.4126	0.3554	0.0573	0.3340	0.1693	0.1647	5.1018	0.0000	4848.8890	0.0002	0.0001	1.8090	1594.2833	0.0000	4486.1449	1.3022	1.8493	0.0091	2.3517	2.7300	0.0038	0.0056	0.0004	0.0110
6	75	0.4937	8	0	1	0	1	0	0	0	0	N	N	N	N	N	N	N	N	N	N	N	N	1.6475	0.1573	5.2104	0.5179	0.3166	2.5883	2.0551	0.0010	5.3732	0.1413	0.0080	0.8935	0.0418	0.0225	0.3834	0.1877	0.0000	0.9586	0.0857	0.0507	0.1715	0.0808	0.0711	0.1481	0.0913	0.0131	0.1784	19.8271	1.3794	0.0112	0.0103	3.1362	5.1932	18.3411	17.4397	0.0219	0.0011	0.0208	0.0021	0.0010	0.0010	0.0198	0.0000	0.0198	0.0852	0.0358	0.0494	0.0423	0.0326	0.0097	0.0429	0.0032	0.0396	0.1549	0.1316	0.0233	0.0493	0.0466	0.0026	0.1056	0.0850	0.0207	0.9931	0.7053	0.2879	0.5238	0.4580	0.0658	0.4693	0.2472	0.2221	1.6475	0.1573	5.2104	0.5179	0.3166	2.5883	2.0551	0.0010	5.3732	0.0857	0.0507	0.1715	0.0808	0.0711	0.1481	0.0913	0.0131	0.1784
6	76	0.4567	7	0	1	0	0	0	0	0	0	N	N	N	N	N	N	N	N	N	N	N	N	0.1231	0.1365	0.2093	0.4911	0.6874	0.6248	0.0609	0.0001	0.1651	0.0787	0.0250	0.3666	0.0848	0.0673	0.3771	0.0756	0.0000	0.3652	0.6394	0.1834	1.7512	0.1728	0.0980	0.6035	1.2413	0.3623	2.2122	2.7291	3.9162	0.0032	0.2910	3.1362	4.4918	18.3411	17.5337	0.0109	0.0029	0.0080	0.0039	0.0029	0.0010	0.0070	0.0000	0.0070	0.8604	0.1750	0.6854	0.1310	0.0633	0.0677	0.7294	0.1117	0.6177	0.1387	0.1169	0.0218	0.0460	0.0434	0.0026	0.0927	0.0735	0.0192	1.3457	0.9543	0.3914	0.7581	0.6459	0.1122	0.5876	0.3084	0.2792	0.1231	0.1365	0.2093	0.4911	0.6874	0.6248	0.0609	0.0001	0.1651	0.6394	0.1834	1.7512	0.1728	0.0980	0.6035	1.2413	0.3623	2.2122
6	77	0.1858	6	0	1	0	1	0	0	0	0	N	N	N	N	N	N	N	N	N	N	N	N	0.1604	0.1231	0.0000	0.2660	0.2447	0.0000	0.0162	0.0799	0.0000	0.0050	0.0057	0.0000	0.0232	0.0241	0.0000	0.0000	0.0000	0.0000	0.0313	0.0466	0.0033	0.0872	0.0985	0.0012	0.0020	0.0005	0.0036	0.0000	0.0390	-0.0000	-0.0077	3.1362	0.3745	18.3411	14.7996	0.0001	0.0001	0.0000	0.0001	0.0001	0.0000	0.0000	0.0000	0.0000	0.0184	0.0177	0.0007	0.0176	0.0176	0.0000	0.0008	0.0001	0.0007	0.0116	0.0102	0.0015	0.0025	0.0024	0.0001	0.0091	0.0078	0.0014	0.5873	0.3793	0.2080	0.2020	0.1786	0.0234	0.3852	0.2007	0.1846	0.1604	0.1231	0.0000	0.2660	0.2447	0.0000	0.0162	0.0799	0.0000	0.0313	0.0466	0.0033	0.0872	0.0985	0.0012	0.0020	0.0005	0.0036
6	78	0.1635	5	0	1	0	1	0	0	0	0	N	N	N	N	N	N	N	N	N	N	N	N	52.9046	43.9250	0.0221	170.8167	155.3249	1.2026	0.0122	0.0158	0.0019	0.4182	0.4899	0.0000	3.2419	3.3418	0.0015	0.0000	0.0000	0.0000	0.0079	0.0112	0.0020	0.0190	0.0215	0.0012	0.0019	0.0017	0.0021	0.0000	0.0959	-0.0069	-0.0015	3.1362	1.4595	18.3411	10.3922	0.0157	0.0157	0.0000	0.0157	0.0157	0.0000	0.0000	0.0000	0.0000	0.0041	0.0038	0.0004	0.0035	0.0035	0.0000	0.0006	0.0003	0.0003	0.0376	0.0321	0.0055	0.0048	0.0047	0.0001	0.0327	0.0274	0.0054	0.5241	0.3389	0.1851	0.1851	0.1619	0.0232	0.3390	0.1770	0.1620	52.9046	43.9250	0.0221	170.8167	155.3249	1.2026	0.0122	0.0158	0.0019	0.0079	0.0112	0.0020	0.0190	0.0215	0.0012	0.0019	0.0017	0.0021
6	79	0.1494	4	0	1	0	1	0	0	0	0	N	N	N	N	N	N	N	N	N	N	N	N	0.0657	0.0975	0.0127	0.4850	0.4771	0.7107	0.0005	0.0000	0.0016	0.0022	0.0025	0.0006	0.0226	0.0223	0.0320	0.0000	0.0000	0.0001	0.0337	0.0257	0.0483	0.0466	0.0468	0.0450	0.0257	0.0028	0.0487	0.0453	1.0201	-0.0000	0.0006	3.1362	1.3861	18.3411	6.3168	0.0001	0.0001	0.0000	0.0001	0.0001	0.0000	0.0000	0.0000	0.0000	0.0136	0.0068	0.0069	0.0072	0.0064	0.0008	0.0064	0.0004	0.0061	0.0331	0.0279	0.0052	0.0032	0.0031	0.0001	0.0298	0.0248	0.0051	0.4051	0.2624	0.1427	0.1549	0.1366	0.0182	0.2503	0.1258	0.1245	0.0657	0.0975	0.0127	0.4850	0.4771	0.7107	0.0005	0.0000	0.0016	0.0337	0.0257	0.0483	0.0466	0.0468	0.0450	0.0257	0.0028	0.0487
6	80	0.0899	3	0	1	0	1	0	0	0	0	N	N	N	N	N	N	N	N	N	N	N	N	0.4209	0.4225	0.0067	2.0606	2.0207	0.0004	0.0013	0.0000	0.0069	0.0168	0.0199	0.0002	0.2018	0.2048	0.0000	0.0000	0.0000	0.0002	0.0398	0.0472	0.0291	0.0979	0.1014	0.0490	0.0260	0.0237	0.0285	0.0019	0.4236	-0.0007	-0.0052	3.1362	4.0043	18.3411	19.8631	0.0015	0.0015	0.0000	0.0015	0.0015	0.0000	0.0000	0.0000	0.0000	0.0321	0.0226	0.0096	0.0151	0.0146	0.0005	0.0170	0.0079	0.0091	0.0908	0.0762	0.0146	0.0075	0.0074	0.0001	0.0833	0.0688	0.0145	0.8063	0.4780	0.3283	0.1546	0.1445	0.0101	0.6518	0.3335	0.3182	0.4209	0.4225	0.0067	2.0606	2.0207	0.0004	0.0013	0.0000	0.0069	0.0398	0.0472	0.0291	0.0979	0.1014	0.0490	0.0260	0.0237	0.0285
6	81	0.6305	9	0	2	1	0	0	0	0	0	N	Y	N	N	N	N	N	N	N	N	N	N	0.0000	0.0000	0.0000	0.0016	0.0015	0.0000	0.0000	0.0000	0.0000	0.0000	0.0000	0.0000	0.0000	0.0000	0.0000	0.0000	0.0000	0.0000	5.7969	8.9575	0.0002	0.0009	0.0010	0.0000	10.6895	20.8901	0.0002	0.0034	0.0000	-0.0000	-0.4568	3.1362	2.0162	18.3411	4.5500	0.0000	0.0000	0.0000	0.0000	0.0000	0.0000	0.0000	0.0000	0.0000	0.9966	0.9966	0.0000	0.0001	0.0001	0.0000	0.9965	0.9965	0.0000	0.0483	0.0422	0.0061	0.0202	0.0188	0.0014	0.0280	0.0233	0.0047	0.1997	0.1385	0.0612	0.1064	0.0908	0.0157	0.0932	0.0477	0.0455	0.0000	0.0000	0.0000	0.0016	0.0015	0.0000	0.0000	0.0000	0.0000	4.9916	7.1966	0.0002	0.0009	0.0010	0.0000	10.6895	20.8901	0.0002
6	82	0.1979	7	0	2	1	0	0	0	0	0	N	Y	N	N	N	N	N	N	N	N	N	N	0.0000	0.0000	0.0000	0.0000	0.0000	0.0000	0.0000	0.0000	0.0000	0.0000	0.0000	0.0000	0.0000	0.0000	0.0000	0.0000	0.0000	0.0000	0.0100	0.0155	0.0000	0.0289	0.0332	0.0000	0.0000	0.0000	0.0000	0.0011	0.0000	-0.0012	3.1362	3.0011	18.3411	3.7015	0.0000	0.0000	0.0000	0.0000	0.0000	0.0000	0.0000	0.0000	0.0000	0.0027	0.0027	0.0000	0.0027	0.0027	0.0000	0.0000	0.0000	0.0000	0.0701	0.0591	0.0109	0.0093	0.0088	0.0005	0.0608	0.0503	0.0105	0.2716	0.1746	0.0970	0.0937	0.0816	0.0122	0.1778	0.0930	0.0848	0.0000	0.0000	0.0000	0.0000	0.0000	0.0000	0.0000	0.0000	0.0000	0.0100	0.0155	0.0000	0.0289	0.0332	0.0000	0.0000	0.0000	0.0000	
6	83	0.1865	6	0	2	0	0	0	0	0	0	N	Y	N	N	N	N	N	N	N	N	N	N	0.0098	0.0000	0.1083	0.0324	0.0000	0.6407	0.0047	0.0000	0.0391	0.0003	0.0000	0.0017	0.0020	0.0000	0.0392	0.0000	0.0000	0.0001	0.0271	0.0333	0.0157	0.0604	0.0602	0.0613	0.0031	0.0039	0.0021	inf	0.2547	0.0000	-0.0022	3.1362	2.0032	18.3411	4.2039	0.0000	0.0000	0.0000	0.0000	0.0000	0.0000	0.0000	0.0000	0.0000	0.0086	0.0069	0.0017	0.0080	0.0065	0.0016	0.0006	0.0004	0.0002	0.0473	0.0399	0.0074	0.0061	0.0058	0.0003	0.0412	0.0341	0.0071	0.3177	0.2061	0.1116	0.1332	0.1076	0.0256	0.1845	0.0985	0.0860	0.0098	0.0000	0.1083	0.0324	0.0000	0.6407	0.0047	0.0000	0.0391	0.0271	0.0333	0.0157	0.0604	0.0602	0.0613	0.0031	0.0039	0.0021
6	84	0.1833	6	1	1	1	0	0	0	0	0	N	N	N	N	N	N	N	N	N	N	N	N	0.0000	0.0000	0.0000	0.0000	0.0000	0.0000	0.0000	0.0000	0.0000	0.0000	0.0000	0.0000	0.0000	0.0000	0.0000	0.0000	0.0000	0.0000	3.7163	0.0021	15.1771	0.1009	0.0032	0.7127	5.5832	0.0012	15.1597	2858.1120	0.0000	0.4537	3.1362	1.0052	18.3411	4.9545	0.0000	0.0000	0.0000	0.0000	0.0000	0.0000	0.0000	0.0000	0.0000	0.8382	0.0003	0.8380	0.0078	0.0002	0.0075	0.8305	0.0001	0.8304	0.0241	0.0204	0.0038	0.0035	0.0033	0.0002	0.0206	0.0171	0.0036	0.2256	0.1371	0.0885	0.0768	0.0662	0.0106	0.1487	0.0709	0.0779	0.0000	0.0000	0.0000	0.0000	0.0000	0.0000	0.0000	0.0000	0.0000	3.7163	0.0021	9.4714	0.1009	0.0032	0.7127	5.5832	0.0012	10.6614	
6	85	0.1639	5	1	1	1	0	0	0	0	0	N	N	N	N	N	N	N	N	N	N	N	N	0.0000	0.0000	0.0000	0.0000	0.0000	0.0000	0.0000	0.0000	0.0000	0.0000	0.0000	0.0000	0.0000	0.0000	0.0000	0.0000	0.0000	0.0000	0.1110	0.0303	0.2461	0.0052	0.0037	0.0110	0.1740	0.0542	0.3080	4.8403	-0.0000	0.0142	3.1362	0.9968	18.3411	7.6169	0.0000	0.0000	0.0000	0.0000	0.0000	0.0000	0.0000	0.0000	0.0000	0.0384	0.0066	0.0318	0.0007	0.0004	0.0003	0.0377	0.0062	0.0315	0.0238	0.0200	0.0037	0.0030	0.0029	0.0002	0.0207	0.0172	0.0036	0.3459	0.2166	0.1293	0.1292	0.1023	0.0269	0.2167	0.1144	0.1023	0.0000	0.0000	0.0000	0.0000	0.0000	0.0000	0.0000	0.0000	0.0000	0.1110	0.0303	0.2461	0.0052	0.0037	0.0110	0.1740	0.0542	0.3080	
6	86	0.1839	4	1	2	0	0	0	0	0	0	N	Y	N	N	N	N	N	N	N	N	N	N	0.0000	0.0000	0.2166	0.0000	0.0000	0.0000	0.0000	0.0000	0.8162	0.0000	0.0000	0.0000	0.0000	0.0000	0.0000	0.0000	0.0000	0.0000	1.1867	1.6494	0.0000	0.0352	0.0390	0.0001	2.0466	3.5143	0.0000	13.9007	0.0000	0.0000	-0.3897	3.1362	5.8060	18.3411	6.1034	0.0000	0.0000	0.0000	0.0000	0.0000	0.0000	0.0000	0.0000	0.0000	0.8502	0.8502	0.0000	0.0108	0.0108	0.0000	0.8394	0.8394	0.0000	0.1994	0.1540	0.0454	0.0528	0.0512	0.0016	0.1466	0.1028	0.0438	0.7165	0.5155	0.2010	0.3063	0.2766	0.0297	0.4102	0.2389	0.1713	0.0000	0.0000	0.2166	0.0000	0.0000	0.0000	0.0000	0.0000	0.8162	1.1867	1.6494	0.0000	0.0352	0.0390	0.0001	2.0466	3.5143	0.0000
6	87	0.0899	3	1	2	0	0	0	0	0	0	N	Y	N	N	N	N	N	N	N	N	N	N	0.1038	0.0005	126.4903	0.0046	0.0032	261.3820	0.1077	0.0003	123.6085	0.2040	0.0017	1.2957	0.0073	0.0055	0.1183	0.2207	0.0014	1.3047	1.9653	3.3090	0.0102	1.5917	1.7099	0.0005	2.0485	3.9490	0.0106	137.9447	0.0021	0.0299	-0.9620	3.1362	12.2869	18.3411	21.7146	0.0542	0.0004	0.0538	0.0002	0.0001	0.0000	0.0540	0.0003	0.0537	2.1084	2.1040	0.0045	0.3108	0.3108	0.0000	1.7977	1.7932	0.0045	0.2655	0.2240	0.0415	0.0207	0.0204	0.0003	0.2448	0.2036	0.0412	1.0728	0.6358	0.4370	0.1953	0.1818	0.0135	0.8776	0.4541	0.4235	0.1038	0.0005	126.4903	0.0046	0.0032	261.3820	0.1077	0.0003	123.6085	1.9653	3.3090	0.0102	1.5917	1.7099	0.0005	2.0485	3.9490	0.0106
6	88	0.1865	6	0	2	0	0	0	0	0	0	N	Y	N	N	N	N	N	N	N	N	N	N	8.7582	12.9969	0.0000	50.3465	830.6142	0.0000	0.0004	0.0003	0.0000	0.2098	0.2485	0.0000	1.6389	1.7237	0.0000	0.0000	0.0000	0.0000	0.0240	0.0191	0.0324	0.0326	0.0021	0.1723	0.0192	0.0337	0.0027	0.0000	0.9721	-0.0086	0.0004	3.1362	4.0005	18.3411	9.0093	0.0196	0.0196	0.0000	0.0196	0.0196	0.0000	0.0000	0.0000	0.0000	0.0125	0.0063	0.0062	0.0061	0.0003	0.0057	0.0064	0.0060	0.0004	0.0933	0.0788	0.0145	0.0119	0.0114	0.0006	0.0813	0.0674	0.0140	0.5223	0.3318	0.1905	0.1863	0.1529	0.0334	0.3360	0.1788	0.1572	8.7582	12.9969	0.0000	50.3465	830.6142	0.0000	0.0004	0.0003	0.0000	0.0240	0.0191	0.0324	0.0326	0.0021	0.1723	0.0192	0.0337	0.0027
6	89	0.1639	5	0	2	0	0	0	0	0	0	N	Y	N	N	N	N	N	N	N	N	N	N	0.0231	0.0380	0.0000	0.1334	0.2434	0.0000	0.0000	0.0000	0.0000	0.0005	0.0006	0.0000	0.0041	0.0043	0.0000	0.0000	0.0000	0.0000	0.0226	0.0164	0.0330	0.0308	0.0178	0.0817	0.0180	0.0151	0.0213	0.0000	1.2113	-0.0000	0.0008	3.1362	1.0051	18.3411	9.2650	0.0000	0.0000	0.0000	0.0000	0.0000	0.0000	0.0000	0.0000	0.0000	0.0090	0.0041	0.0049	0.0044	0.0020	0.0024	0.0046	0.0020	0.0026	0.0239	0.0202	0.0038	0.0031	0.0029	0.0002	0.0209	0.0173	0.0036	0.3965	0.2478	0.1486	0.1427	0.1139	0.0289	0.2537	0.1340	0.1198	0.0231	0.0380	0.0000	0.1334	0.2434	0.0000	0.0000	0.0000	0.0000	0.0226	0.0164	0.0330	0.0308	0.0178	0.0817	0.0180	0.0151	0.0213
6	90	0.2123	5	0	1	1	0	0	0	0	0	N	N	N	N	N	N	N	N	N	N	N	N	0.0025	0.0020	0.1192	0.6796	0.5695	0.2577	0.0000	0.0000	0.1407	0.0022	0.0026	0.0001	0.0119	0.0122	0.0004	0.0000	0.0000	0.0001	0.8839	1.2734	0.0011	0.0175	0.0215	0.0017	1.6855	2.8181	0.0009	0.0088	0.0004	-0.0001	-0.2137	3.1362	2.3559	18.3411	7.1930	0.0001	0.0001	0.0000	0.0001	0.0001	0.0000	0.0000	0.0000	0.0000	0.4666	0.4664	0.0002	0.0044	0.0043	0.0001	0.4622	0.4621	0.0001	0.0608	0.0521	0.0087	0.0112	0.0109	0.0003	0.0496	0.0412	0.0084	0.5279	0.3663	0.1616	0.2537	0.2023	0.0514	0.2742	0.1640	0.1102	0.0025	0.0020	0.1192	0.6796	0.5695	0.2577	0.0000	0.0000	0.1407	0.8839	1.2734	0.0011	0.0175	0.0215	0.0017	1.6855	2.8181	0.0009
6	91	0.1795	4	0	1	0	0	0	0	0	0	N	N	N	N	N	N	N	N	N	N	N	N	0.2344	0.2059	0.0935	0.8079	0.7130	0.9448	0.0030	0.0000	0.0695	0.0885	0.1041	0.0064	0.3181	0.3227	0.0495	0.0011	0.0000	0.0052	0.3777	0.5056	0.0688	0.3938	0.4525	0.0524	0.3621	0.5831	0.0742	0.0117	0.0564	-0.0075	-0.1819	3.1362	4.9284	18.3411	11.0439	0.0174	0.0172	0.0002	0.0172	0.0172	0.0000	0.0002	0.0000	0.0002	0.4492	0.4252	0.0240	0.2304	0.2259	0.0045	0.2187	0.1993	0.0195	0.1960	0.1648	0.0312	0.0541	0.0532	0.0009	0.1419	0.1116	0.0303	1.1892	0.8410	0.3483	0.5852	0.4993	0.0860	0.6040	0.3417	0.2623	0.2344	0.2059	0.0935	0.8079	0.7130	0.9448	0.0030	0.0000	0.0695	0.3777	0.5056	0.0688	0.3938	0.4525	0.0524	0.3621	0.5831	0.0742
6	92	0.0899	3	0	1	0	0	0	0	0	0	N	N	N	N	N	N	N	N	N	N	N	N	0.2161	0.1637	0.0150	12.8315	12.4831	0.0026	0.0004	0.0000	0.0148	0.1042	0.1240	0.0012	1.2531	1.2715	0.0001	0.0002	0.0000	0.0012	0.4823	0.7572	0.0822	0.0977	0.1019	0.0408	0.5682	1.0210	0.0835	0.0019	0.0746	-0.0041	-0.1971	3.1362	3.9161	18.3411	29.2065	0.0093	0.0092	0.0000	0.0092	0.0092	0.0000	0.0000	0.0000	0.0000	0.5067	0.4715	0.0352	0.0187	0.0182	0.0005	0.4880	0.4533	0.0346	0.0889	0.0746	0.0143	0.0074	0.0073	0.0001	0.0815	0.0673	0.0142	1.0506	0.6227	0.4279	0.1919	0.1787	0.0132	0.8587	0.4440	0.4147	0.2161	0.1637	0.0150	12.8315	12.4831	0.0026	0.0004	0.0000	0.0148	0.4823	0.7572	0.0822	0.0977	0.1019	0.0408	0.5682	1.0210	0.0835
6	93	0.6305	9	1	2	0	0	0	0	0	0	N	Y	N	N	N	N	N	N	N	N	N	N	0.0001	0.0000	0.0008	0.0001	0.0001	0.0013	0.0000	0.0000	0.0007	0.0000	0.0000	0.0000	0.0000	0.0000	0.0000	0.0000	0.0000	0.0000	0.0586	0.0842	0.0010	0.0533	0.0627	0.0009	0.0644	0.1228	0.0010	0.0335	0.0052	-0.0000	-0.0072	3.1362	2.5103	18.3411	7.4742	0.0000	0.0000	0.0000	0.0000	0.0000	0.0000	0.0000	0.0000	0.0000	0.0159	0.0158	0.0001	0.0076	0.0076	0.0000	0.0083	0.0082	0.0001	0.0575	0.0502	0.0073	0.0238	0.0221	0.0017	0.0337	0.0281	0.0056	0.2709	0.1875	0.0834	0.1422	0.1204	0.0217	0.1288	0.0670	0.0617	0.0001	0.0000	0.0008	0.0001	0.0001	0.0013	0.0000	0.0000	0.0007	0.0586	0.0842	0.0010	0.0533	0.0627	0.0009	0.0644	0.1228	0.0010
6	94	0.5942	8	0	2	0	0	0	0	0	0	N	Y	N	N	N	N	N	N	N	N	N	N	0.0018	0.0016	0.0002	0.0307	0.0322	0.0021	0.0000	0.0000	0.0000	0.0001	0.0001	0.0000	0.0001	0.0001	0.0000	0.0000	0.0000	0.0000	0.0295	0.0389	0.0076	0.0046	0.0046	0.0045	0.0619	0.1078	0.0092	0.0039	0.0849	-0.0000	-0.0035	3.1362	7.1305	18.3411	3.2426	0.0000	0.0000	0.0000	0.0000	0.0000	0.0000	0.0000	0.0000	0.0000	0.0093	0.0086	0.0007	0.0008	0.0007	0.0001	0.0085	0.0079	0.0006	0.1826	0.1611	0.0215	0.0694	0.0655	0.0039	0.1132	0.0956	0.0176	0.3163	0.2209	0.0954	0.1790	0.1475	0.0315	0.1373	0.0734	0.0639	0.0018	0.0016	0.0002	0.0307	0.0322	0.0021	0.0000	0.0000	0.0000	0.0295	0.0389	0.0076	0.0046	0.0046	0.0045	0.0619	0.1078	0.0092
6	95	0.1639	5	1	2	0	0	0	0	0	0	N	Y	N	N	N	N	N	N	N	N	N	N	0.0067	0.0048	0.1429	1.9041	1.7025	0.0000	0.0001	0.0000	0.1401	0.0070	0.0081	0.0011	0.0564	0.0592	0.0000	0.0002	0.0000	0.0011	1.0496	1.6855	0.0074	0.0296	0.0348	0.0046	1.4946	2.8097	0.0078	0.0238	0.0027	-0.0005	-0.4597	3.1362	8.0000	18.3411	22.5660	0.0013	0.0013	0.0000	0.0013	0.0013	0.0000	0.0000	0.0000	0.0000	1.0089	1.0062	0.0027	0.0086	0.0084	0.0002	1.0002	0.9978	0.0025	0.1832	0.1548	0.0284	0.0224	0.0213	0.0011	0.1609	0.1335	0.0273	0.9612	0.5970	0.3642	0.2920	0.2418	0.0502	0.6692	0.3551	0.3141	0.0067	0.0048	0.1429	1.9041	1.7025	0.0000	0.0001	0.0000	0.1401	1.0496	1.6855	0.0074	0.0296	0.0348	0.0046	1.4946	2.8097	0.0078
6	96	0.0899	3	0	1	0	0	0	0	0	0	N	N	N	N	N	N	N	N	N	N	N	N	0.3974	0.0926	2028.1173	12.3440	11.6786	66.2899	0.2410	0.0000	2166.0205	0.4119	0.1618	1.7603	1.7475	1.7721	0.1608	0.2985	0.0000	1.7726	1.0365	1.7483	0.0009	0.1416	0.1517	0.0024	1.2390	2.4006	0.0008	2.0175	0.0003	0.0243	-0.4710	3.1362	11.9964	18.3411	18.8414	0.1069	0.0354	0.0715	0.0355	0.0354	0.0000	0.0715	0.0000	0.0715	1.0283	1.0279	0.0004	0.0259	0.0259	0.0000	1.0024	1.0021	0.0003	0.2596	0.2190	0.0406	0.0203	0.0200	0.0003	0.2393	0.1990	0.0403	0.9921	0.5880	0.4041	0.1830	0.1706	0.0125	0.8091	0.4174	0.3916	0.3974	0.0926	2028.1173	12.3440	11.6786	66.2899	0.2410	0.0000	2166.0205	1.0365	1.7483	0.0009	0.1416	0.1517	0.0024	1.2390	2.4006	0.0008
6	98	0.1944	7	1	2	1	0	0	0	0	0	N	Y	N	N	N	N	N	N	N	N	N	N	0.0000	0.0000	0.0000	0.0000	0.0000	0.0000	0.0000	0.0000	0.0000	0.0000	0.0000	0.0000	0.0000	0.0000	0.0000	0.0000	0.0000	0.0000	1.8641	0.0308	4.9981	0.0930	0.0644	0.2278	2.8802	0.0001	5.9945	95.0682	0.0000	0.5380	3.1362	0.9502	18.3411	16.1595	0.0000	0.0000	0.0000	0.0000	0.0000	0.0000	0.0000	0.0000	0.0000	1.0128	0.0105	1.0022	0.0184	0.0105	0.0079	0.9944	0.0000	0.9944	0.0264	0.0226	0.0038	0.0056	0.0054	0.0002	0.0208	0.0172	0.0036	0.5433	0.3428	0.2005	0.1981	0.1634	0.0347	0.3452	0.1794	0.1659	0.0000	0.0000	0.0000	0.0000	0.0000	0.0000	0.0000	0.0000	0.0000	1.8641	0.0308	4.9981	0.0930	0.0644	0.2278	2.8802	0.0001	5.9945	
6	99	0.0899	3	0	2	0	0	0	0	0	0	N	Y	N	N	N	N	N	N	N	N	N	N	0.3033	0.0387	619.9241	10.8528	10.3143	24.5197	0.2215	0.0000	651.3394	0.3364	0.0723	1.7603	0.7824	0.7920	0.1608	0.2985	0.0000	1.7726	1.1089	1.8690	0.0028	0.0721	0.0768	0.0066	1.3480	2.6191	0.0027	4.5140	0.0010	0.0330	-0.4607	3.1362	11.9964	18.3411	15.6499	0.0873	0.0158	0.0715	0.0159	0.0158	0.0000	0.0715	0.0000	0.0715	1.0073	1.0063	0.0011	0.0123	0.0122	0.0001	0.9951	0.9941	0.0010	0.2596	0.2190	0.0406	0.0203	0.0200	0.0003	0.2393	0.1990	0.0403	0.9084	0.5384	0.3700	0.1703	0.1589	0.0114	0.7381	0.3796	0.3586	0.3033	0.0387	619.9241	10.8528	10.3143	24.5197	0.2215	0.0000	651.3394	1.1089	1.8690	0.0028	0.0721	0.0768	0.0066	1.3480	2.6191	0.0027
6	100	0.1974	8	1	1	1	0	0	0	0	0	N	N	N	N	N	N	N	N	N	N	N	N	0.0000	0.0000	0.0000	0.0000	0.0000	0.0000	0.0000	0.0000	0.0000	0.0000	0.0000	0.0000	0.0000	0.0000	0.0000	0.0000	0.0000	0.0000	0.0017	0.0015	0.0020	0.0030	0.0030	0.0030	0.0010	0.0002	0.0018	0.7765	0.0000	-0.0000	3.1362	1.0008	18.3411	13.9255	0.0000	0.0000	0.0000	0.0000	0.0000	0.0000	0.0000	0.0000	0.0000	0.0008	0.0005	0.0004	0.0005	0.0004	0.0001	0.0003	0.0000	0.0003	0.0240	0.0203	0.0037	0.0040	0.0038	0.0002	0.0199	0.0165	0.0035	0.4749	0.2980	0.1769	0.1733	0.1430	0.0303	0.3016	0.1550	0.1466	0.0000	0.0000	0.0000	0.0000	0.0000	0.0000	0.0000	0.0000	0.0000	0.0017	0.0015	0.0020	0.0030	0.0030	0.0030	0.0010	0.0002	0.0018	
6	101	0.1944	7	1	1	1	0	0	0	0	0	N	N	N	N	N	N	N	N	N	N	N	N	0.0000	0.0000	0.0000	0.0000	0.0000	0.0000	0.0000	0.0000	0.0000	0.0000	0.0000	0.0000	0.0000	0.0000	0.0000	0.0000	0.0000	0.0000	0.0053	0.0073	0.0013	0.0056	0.0067	0.0003	0.0050	0.0081	0.0017	0.0879	0.0000	-0.0002	3.1362	0.0532	18.3411	2.0467	0.0000	0.0000	0.0000	0.0000	0.0000	0.0000	0.0000	0.0000	0.0000	0.0006	0.0006	0.0001	0.0003	0.0003	0.0000	0.0003	0.0002	0.0000	0.0050	0.0045	0.0005	0.0021	0.0021	0.0000	0.0029	0.0024	0.0005	0.1216	0.0818	0.0397	0.0623	0.0512	0.0111	0.0593	0.0307	0.0286	0.0000	0.0000	0.0000	0.0000	0.0000	0.0000	0.0000	0.0000	0.0000	0.0053	0.0073	0.0013	0.0056	0.0067	0.0003	0.0050	0.0081	0.0017	
6	102	0.1847	6	1	1	1	0	0	0	0	0	N	N	N	N	N	N	N	N	N	N	N	N	0.0000	0.0000	0.0000	0.0000	0.0000	0.0000	0.0000	0.0000	0.0000	0.0000	0.0000	0.0000	0.0000	0.0000	0.0000	0.0000	0.0000	0.0000	0.0054	0.0062	0.0040	0.0070	0.0084	0.0005	0.0044	0.0039	0.0049	0.3299	0.0000	-0.0002	3.1362	2.0948	18.3411	3.0326	0.0000	0.0000	0.0000	0.0000	0.0000	0.0000	0.0000	0.0000	0.0000	0.0012	0.0009	0.0003	0.0006	0.0006	0.0000	0.0006	0.0003	0.0003	0.0534	0.0455	0.0080	0.0100	0.0096	0.0005	0.0434	0.0359	0.0075	0.2151	0.1421	0.0730	0.0887	0.0732	0.0155	0.1263	0.0689	0.0574	0.0000	0.0000	0.0000	0.0000	0.0000	0.0000	0.0000	0.0000	0.0000	0.0054	0.0062	0.0040	0.0070	0.0084	0.0005	0.0044	0.0039	0.0049	
6	103	0.1639	5	1	1	1	0	0	0	0	0	N	N	N	N	N	N	N	N	N	N	N	N	0.0000	0.0000	0.0000	0.0000	0.0000	0.0000	0.0000	0.0000	0.0000	0.0000	0.0000	0.0000	0.0000	0.0000	0.0000	0.0000	0.0000	0.0000	0.0175	0.0278	0.0001	0.0012	0.0015	0.0001	0.0271	0.0512	0.0001	0.0026	0.0000	-0.0028	3.1362	3.9484	18.3411	4.8420	0.0000	0.0000	0.0000	0.0000	0.0000	0.0000	0.0000	0.0000	0.0000	0.0061	0.0061	0.0000	0.0002	0.0002	0.0000	0.0060	0.0060	0.0000	0.0923	0.0779	0.0144	0.0114	0.0108	0.0006	0.0809	0.0671	0.0139	0.3513	0.2200	0.1313	0.1307	0.1035	0.0271	0.2207	0.1165	0.1042	0.0000	0.0000	0.0000	0.0000	0.0000	0.0000	0.0000	0.0000	0.0000	0.0175	0.0278	0.0001	0.0012	0.0015	0.0001	0.0271	0.0512	0.0001	
6	104	0.1222	4	0	2	0	0	0	0	0	0	N	Y	N	N	N	N	N	N	N	N	N	N	0.0188	0.0000	0.0471	0.0017	0.0000	0.0094	0.0182	0.0000	0.0465	0.0155	0.0000	0.0956	0.0002	0.0000	0.0060	0.0189	0.0000	0.0989	0.8258	0.0808	2.0299	0.1126	0.0476	0.6391	1.0384	0.0972	2.1282	inf	15.5496	0.0021	0.5216	3.1362	8.9557	18.3411	32.3127	0.0037	0.0000	0.0037	0.0000	0.0000	0.0000	0.0037	0.0000	0.0037	1.0840	0.0655	1.0185	0.0340	0.0128	0.0212	1.0500	0.0527	0.9973	0.2403	0.2012	0.0391	0.0433	0.0419	0.0014	0.1969	0.1593	0.0377	1.3127	0.8109	0.5018	0.3015	0.2684	0.0331	1.0112	0.5425	0.4686	0.0188	0.0000	0.0471	0.0017	0.0000	0.0094	0.0182	0.0000	0.0465	0.8258	0.0808	2.0299	0.1126	0.0476	0.6391	1.0384	0.0972	2.1282
6	105	0.1477	5	0	1	1	0	0	0	0	0	N	N	N	N	N	N	N	N	N	N	N	N	0.7882	0.0000	139.1341	0.0041	0.0000	24.4723	2.6683	0.0000	128.7051	0.0465	0.0000	0.2280	0.0005	0.0000	0.0221	0.0582	0.0000	0.2330	0.0590	0.0918	0.0016	0.1287	0.1602	0.0009	0.0218	0.0383	0.0018	inf	0.0102	0.0033	-0.0129	3.1362	4.2679	18.3411	7.8415	0.0059	0.0000	0.0059	0.0000	0.0000	0.0000	0.0059	0.0000	0.0059	0.0289	0.0286	0.0003	0.0219	0.0219	0.0000	0.0070	0.0067	0.0003	0.1270	0.1011	0.0259	0.0257	0.0251	0.0006	0.1013	0.0760	0.0253	0.4891	0.3114	0.1778	0.1703	0.1367	0.0337	0.3188	0.1747	0.1441	0.7882	0.0000	139.1341	0.0041	0.0000	24.4723	2.6683	0.0000	128.7051	0.0590	0.0918	0.0016	0.1287	0.1602	0.0009	0.0218	0.0383	0.0018
6	106	0.1222	4	0	1	0	0	0	0	0	0	N	N	N	N	N	N	N	N	N	N	N	N	0.2077	0.1013	21.1786	0.1221	0.1100	0.1566	15.4296	0.0000	80.7992	0.1109	0.0831	0.2387	0.2061	0.2109	0.0121	0.0637	0.0000	0.2493	0.5341	0.8206	0.0113	1.6878	1.9165	0.0771	0.0041	0.0050	0.0031	0.6249	0.0075	-0.0005	-0.1229	3.1362	1.9301	18.3411	9.0954	0.0094	0.0058	0.0036	0.0058	0.0058	0.0000	0.0036	0.0000	0.0036	0.2725	0.2705	0.0020	0.2711	0.2695	0.0015	0.0014	0.0009	0.0005	0.0849	0.0698	0.0152	0.0282	0.0275	0.0007	0.0568	0.0423	0.0145	0.5102	0.3296	0.1806	0.1606	0.1406	0.0200	0.3496	0.1890	0.1606	0.2077	0.1013	21.1786	0.1221	0.1100	0.1566	15.4296	0.0000	80.7992	0.5341	0.8206	0.0113	1.6878	1.9165	0.0771	0.0041	0.0050	0.0031
6	107	0.0899	3	0	1	0	0	0	0	0	0	N	N	N	N	N	N	N	N	N	N	N	N	14.3953	0.0476	404.0794	0.2036	0.1677	40.5672	104.3519	0.0177	405.9539	0.7708	0.0039	4.7670	0.0452	0.0394	0.4443	0.8365	0.0001	4.7996	0.0535	0.0821	0.0118	0.2222	0.2348	0.0110	0.0080	0.0042	0.0118	234.1792	0.0982	0.0379	-0.0101	3.1362	3.9049	18.3411	9.6098	0.0683	0.0003	0.0681	0.0003	0.0003	0.0000	0.0680	0.0000	0.0680	0.0273	0.0248	0.0024	0.0240	0.0240	0.0001	0.0032	0.0008	0.0024	0.0887	0.0744	0.0143	0.0074	0.0073	0.0001	0.0813	0.0671	0.0142	0.5091	0.3025	0.2066	0.1082	0.1021	0.0061	0.4009	0.2004	0.2005	14.3953	0.0476	404.0794	0.2036	0.1677	40.5672	104.3519	0.0177	405.9539	0.0535	0.0821	0.0118	0.2222	0.2348	0.0110	0.0080	0.0042	0.0118
6	108	0.0688	3	0	2	0	0	0	0	0	0	N	Y	N	N	N	N	N	N	N	N	N	N	0.1736	0.7916	0.0000	2.2863	2.2708	0.0002	0.0005	184.3451	0.0000	0.2085	0.2549	0.0000	1.7764	1.7966	0.0000	0.0006	0.0008	0.0000	1.2009	0.3220	2.3948	0.7770	0.7912	0.0514	1.3341	0.0000	2.4204	0.0000	5.4755	-0.0189	0.6464	3.1362	8.0392	18.3411	22.6195	0.0429	0.0429	0.0000	0.0428	0.0428	0.0000	0.0001	0.0001	0.0000	1.6693	0.2578	1.4115	0.2581	0.2578	0.0003	1.4112	0.0000	1.4112	0.2057	0.1683	0.0374	0.0241	0.0238	0.0003	0.1816	0.1445	0.0372	1.3900	0.8006	0.5894	0.3322	0.3258	0.0064	1.0578	0.4748	0.5831	0.1736	0.7916	0.0000	2.2863	2.2708	0.0002	0.0005	184.3451	0.0000	1.2009	0.3220	2.3948	0.7770	0.7912	0.0514	1.3341	0.0000	2.4204
6	109	0.0688	2	0	1	0	0	0	0	0	0	N	N	N	N	N	N	N	N	N	N	N	N	0.3176	0.2921	0.3610	0.3384	0.3343	1.9310	0.3010	0.0532	0.3569	0.3459	0.2742	0.4685	0.4071	0.4032	0.9404	0.2992	0.0007	0.4644	1.0889	0.9387	1.2979	1.2031	1.2060	0.4870	0.9943	0.0122	1.3014	0.9984	0.9941	0.0006	0.0272	3.1362	0.2031	18.3411	2.0398	0.0101	0.0050	0.0050	0.0051	0.0050	0.0001	0.0049	0.0000	0.0049	0.6781	0.3400	0.3380	0.3396	0.3390	0.0005	0.3385	0.0010	0.3375	0.0291	0.0183	0.0107	0.0126	0.0125	0.0001	0.0165	0.0059	0.0106	0.6227	0.3622	0.2605	0.2823	0.2811	0.0011	0.3404	0.0811	0.2593	0.3176	0.2921	0.3610	0.3384	0.3343	1.9310	0.3010	0.0532	0.3569	1.0889	0.9387	1.2979	1.2031	1.2060	0.4870	0.9943	0.0122	1.3014
6	110	0.6916	10	1	1	1	0	0	0	0	0	N	N	N	N	N	N	N	N	N	N	N	N	0.0000	0.0000	0.0000	0.0000	0.0000	0.0000	0.0000	0.0000	0.0000	0.0000	0.0000	0.0000	0.0000	0.0000	0.0000	0.0000	0.0000	0.0000	0.0000	-0.0000	3.1362	0.0001	18.3411	0.0001	0.0000	0.0000	0.0000	0.0000	0.0000	0.0000	0.0000	0.0000	0.0000	0.0000	0.0000	0.0000	0.0000	0.0000	0.0000	0.0000	0.0000	0.0000	0.0022	0.0017	0.0005	0.0011	0.0011	0.0000	0.0011	0.0006	0.0005	0.0001	0.0001	0.0000	0.0001	0.0001	0.0000	0.0001	0.0000	0.0000	0.0000	0.0000	0.0000	0.0000	0.0000	0.0000	0.0000	0.0000	0.0000	0.0000	0.0000	0.0000	0.0000	0.0000	0.0000	0.0000	0.0000	0.0000											
6	111	0.6778	9	1	1	1	0	0	0	0	0	N	N	N	N	N	N	N	N	N	N	N	N	0.0000	0.0000	0.0000	0.0000	0.0000	0.0000	0.0000	0.0000	0.0000	0.0000	0.0000	0.0000	0.0000	0.0000	0.0000	0.0000	0.0000	0.0000	0.0011	0.0015	0.0000	0.0016	0.0020	0.0000	0.0002	0.0003	0.0001	0.0119	0.0000	-0.0001	3.1362	1.6718	18.3411	2.9223	0.0000	0.0000	0.0000	0.0000	0.0000	0.0000	0.0000	0.0000	0.0000	0.0002	0.0002	0.0000	0.0001	0.0001	0.0000	0.0000	0.0000	0.0000	0.0384	0.0335	0.0049	0.0123	0.0115	0.0007	0.0261	0.0219	0.0042	0.1498	0.1050	0.0448	0.0927	0.0752	0.0174	0.0571	0.0298	0.0273	0.0000	0.0000	0.0000	0.0000	0.0000	0.0000	0.0000	0.0000	0.0000	0.0011	0.0015	0.0000	0.0016	0.0020	0.0000	0.0002	0.0003	0.0001	
6	112	0.5942	8	1	1	1	0	0	0	0	0	N	N	N	N	N	N	N	N	N	N	N	N	0.0308	0.0249	0.0011	0.0677	0.0600	0.0848	0.0000	0.0000	0.0000	0.0000	0.0000	0.0000	0.0001	0.0001	0.0000	0.0000	0.0000	0.0000	0.0009	0.0013	0.0001	0.0012	0.0015	0.0000	0.0006	0.0010	0.0001	0.0003	0.0228	-0.0000	-0.0002	3.1362	14.0283	18.3411	7.1084	0.0000	0.0000	0.0000	0.0000	0.0000	0.0000	0.0000	0.0000	0.0000	0.0005	0.0005	0.0000	0.0004	0.0004	0.0000	0.0001	0.0001	0.0000	0.2956	0.2592	0.0364	0.1022	0.0955	0.0067	0.1934	0.1637	0.0296	0.5326	0.3701	0.1625	0.2849	0.2360	0.0489	0.2477	0.1340	0.1137	0.0308	0.0249	0.0011	0.0677	0.0600	0.0848	0.0000	0.0000	0.0000	0.0009	0.0013	0.0001	0.0012	0.0015	0.0000	0.0006	0.0010	0.0001
6	113	0.5340	7	0	1	0	0	0	0	0	0	N	N	N	N	N	N	N	N	N	N	N	N	0.0295	0.0258	0.0000	0.1386	0.1247	0.0002	0.0001	0.0000	0.0000	0.0069	0.0079	0.0000	0.0190	0.0200	0.0000	0.0000	0.0000	0.0000	0.2352	0.3069	0.0720	0.1370	0.1604	0.0057	0.3553	0.6068	0.0969	0.0000	0.1030	-0.0008	-0.0534	3.1362	8.6129	18.3411	5.1709	0.0018	0.0018	0.0000	0.0018	0.0018	0.0000	0.0000	0.0000	0.0000	0.1463	0.1327	0.0137	0.0469	0.0466	0.0003	0.0994	0.0861	0.0134	0.2591	0.2273	0.0319	0.0944	0.0896	0.0048	0.1647	0.1377	0.0270	0.6220	0.4323	0.1898	0.3422	0.2904	0.0518	0.2798	0.1418	0.1380	0.0295	0.0258	0.0000	0.1386	0.1247	0.0002	0.0001	0.0000	0.0000	0.2352	0.3069	0.0720	0.1370	0.1604	0.0057	0.3553	0.6068	0.0969
6	114	0.4389	6	0	1	0	0	0	0	0	0	N	N	N	N	N	N	N	N	N	N	N	N	4.0744	0.0108	54.7142	0.0107	0.0100	0.0099	10.7347	0.0267	54.6947	1.6993	0.0055	12.2522	0.0067	0.0071	0.0008	2.3782	0.0048	14.3322	0.4171	0.5106	0.2239	0.6234	0.7110	0.0771	0.2215	0.1803	0.2620	356.1239	0.2124	0.3655	-0.1562	3.1362	16.8607	18.3411	22.7724	0.6572	0.0018	0.6554	0.0007	0.0007	0.0000	0.6565	0.0011	0.6554	0.5517	0.4551	0.0966	0.4012	0.3944	0.0069	0.1505	0.0607	0.0898	0.3868	0.3333	0.0535	0.1107	0.1030	0.0078	0.2760	0.2303	0.0457	1.3228	0.8913	0.4315	0.6436	0.5546	0.0889	0.6793	0.3367	0.3426	4.0744	0.0108	54.7142	0.0107	0.0100	0.0099	10.7347	0.0267	54.6947	0.4171	0.5106	0.2239	0.6234	0.7110	0.0771	0.2215	0.1803	0.2620
6	115	0.1701	5	1	1	1	0	0	0	0	0	N	N	N	N	N	N	N	N	N	N	N	N	0.0000	0.0000	0.0000	0.0000	0.0000	0.0000	0.0000	0.0000	0.0000	0.0000	0.0000	0.0000	0.0000	0.0000	0.0000	0.0000	0.0000	0.0000	0.0014	0.0021	0.0000	0.0035	0.0040	0.0001	0.0001	0.0001	0.0000	0.0037	0.0000	-0.0002	3.1362	1.0009	18.3411	4.0038	0.0000	0.0000	0.0000	0.0000	0.0000	0.0000	0.0000	0.0000	0.0000	0.0004	0.0004	0.0000	0.0004	0.0004	0.0000	0.0000	0.0000	0.0000	0.0251	0.0212	0.0040	0.0035	0.0034	0.0001	0.0216	0.0177	0.0038	0.2889	0.1945	0.0944	0.1116	0.0975	0.0141	0.1773	0.0970	0.0803	0.0000	0.0000	0.0000	0.0000	0.0000	0.0000	0.0000	0.0000	0.0000	0.0014	0.0021	0.0000	0.0035	0.0040	0.0001	0.0001	0.0001	0.0000	
6	116	0.1418	4	1	1	1	0	0	0	0	0	N	N	N	N	N	N	N	N	N	N	N	N	0.0264	0.0036	0.2070	0.0570	0.0580	0.0184	0.0253	0.0000	0.2256	0.0092	0.0015	0.0519	0.0042	0.0045	0.0009	0.0114	0.0000	0.0601	0.3486	0.4073	0.2505	0.0739	0.0768	0.0474	0.4491	0.6139	0.2664	6.3162	0.3681	0.0002	-0.0311	3.1362	1.8441	18.3411	10.4794	0.0005	0.0001	0.0004	0.0001	0.0001	0.0000	0.0004	0.0000	0.0004	0.1644	0.1201	0.0442	0.0093	0.0087	0.0006	0.1550	0.1114	0.0436	0.0566	0.0480	0.0087	0.0171	0.0159	0.0012	0.0395	0.0320	0.0075	0.4715	0.2950	0.1765	0.1263	0.1135	0.0128	0.3452	0.1815	0.1637	0.0264	0.0036	0.2070	0.0570	0.0580	0.0184	0.0253	0.0000	0.2256	0.3486	0.4073	0.2505	0.0739	0.0768	0.0474	0.4491	0.6139	0.2664
6	117	0.3261	4	0	2	0	1	0	0	0	0	N	Y	N	N	N	N	N	N	N	N	N	N	0.0070	0.0031	0.0209	0.0061	0.0042	0.9546	0.0061	0.0026	0.0181	0.0104	0.0029	0.0558	0.0054	0.0043	0.0279	0.0125	0.0023	0.0591	1.4828	0.9561	2.6767	0.8964	1.0105	0.0292	2.0327	0.8686	3.2728	3.1207	1.2351	0.0010	0.1982	3.1362	10.5071	18.3411	20.2622	0.0030	0.0007	0.0023	0.0005	0.0004	0.0001	0.0026	0.0004	0.0022	2.1033	0.9410	1.1622	0.6154	0.6130	0.0023	1.4879	0.3280	1.1599	0.2939	0.2526	0.0413	0.0879	0.0836	0.0043	0.2060	0.1690	0.0371	1.4185	0.9842	0.4342	0.6865	0.6067	0.0798	0.7320	0.3776	0.3544	0.0070	0.0031	0.0209	0.0061	0.0042	0.9546	0.0061	0.0026	0.0181	1.4828	0.9561	2.6767	0.8964	1.0105	0.0292	2.0327	0.8686	3.2728
6	118	0.0899	3	0	2	0	1	0	0	0	0	N	Y	N	N	N	N	N	N	N	N	N	N	0.0110	0.0078	0.0000	2.0483	1.9491	0.0000	0.0000	0.0000	0.0000	0.0227	0.0271	0.0000	0.2740	0.2780	0.0000	0.0000	0.0000	0.0000	2.0565	3.4474	0.0327	0.1338	0.1426	0.0121	2.4924	4.8014	0.0333	0.0000	0.0065	-0.0009	-0.9125	3.1362	4.0036	18.3411	26.5072	0.0021	0.0021	0.0000	0.0021	0.0021	0.0000	0.0000	0.0000	0.0000	2.0193	2.0063	0.0131	0.0243	0.0241	0.0001	1.9951	1.9821	0.0129	0.0906	0.0761	0.0146	0.0075	0.0074	0.0001	0.0831	0.0687	0.0145	0.9819	0.5820	0.4000	0.1815	0.1691	0.0123	0.8004	0.4128	0.3876	0.0110	0.0078	0.0000	2.0483	1.9491	0.0000	0.0000	0.0000	0.0000	2.0565	3.4474	0.0327	0.1338	0.1426	0.0121	2.4924	4.8014	0.0333
6	119	0.1284	4	0	2	0	0	0	0	0	0	N	Y	N	N	N	N	N	N	N	N	N	N	0.0045	0.1331	0.0000	0.0213	0.8717	0.0000	0.0000	0.0000	0.0000	0.0152	0.0179	0.0000	0.0525	0.0577	0.0000	0.0000	0.0000	0.0000	3.3534	0.1342	13.5993	2.4619	0.0662	56.6813	3.6486	0.1731	7.5541	0.0000	38.9848	-0.0008	1.5276	3.1362	3.8169	18.3411	21.2433	0.0019	0.0019	0.0000	0.0019	0.0019	0.0000	0.0000	0.0000	0.0000	2.9570	0.0740	2.8830	0.5400	0.0133	0.5268	2.4169	0.0607	2.3563	0.1230	0.1044	0.0186	0.0356	0.0323	0.0032	0.0874	0.0721	0.0153	0.8818	0.5511	0.3307	0.2194	0.2005	0.0188	0.6624	0.3505	0.3119	0.0045	0.1331	0.0000	0.0213	0.8717	0.0000	0.0000	0.0000	0.0000	3.3534	0.1342	8.7171	2.4619	0.0662	28.0009	3.6486	0.1731	7.5541
6	120	0.4740	8	0	2	0	0	0	0	0	0	N	Y	N	N	N	N	N	N	N	N	N	N	0.0272	0.0030	9.4772	0.0416	0.0055	118.4797	0.0661	0.0004	0.7964	0.0363	0.0058	0.2267	0.1030	0.0162	1.4820	0.0040	0.0000	0.0223	1.3334	1.9152	0.0239	2.4783	2.9250	0.0125	0.0597	0.0890	0.0280	6.2878	0.0055	0.0065	-1.1539	3.1362	16.3276	18.3411	34.9199	0.0154	0.0021	0.0133	0.0143	0.0021	0.0122	0.0011	0.0000	0.0011	2.5480	2.5340	0.0141	2.4940	2.4920	0.0019	0.0540	0.0419	0.0121	0.4253	0.3666	0.0587	0.1387	0.1305	0.0082	0.2866	0.2361	0.0504	1.9109	1.3231	0.5878	1.0063	0.8520	0.1543	0.9046	0.4711	0.4335	0.0272	0.0030	9.4772	0.0416	0.0055	118.4797	0.0661	0.0004	0.7964	1.3334	1.9152	0.0239	2.4783	2.9250	0.0125	0.0597	0.0890	0.0280
6	121	0.4567	7	0	2	0	0	0	0	0	0	N	Y	N	N	N	N	N	N	N	N	N	N	0.0597	0.0299	0.2246	0.1172	0.0665	1.4535	0.0315	0.0031	0.1053	0.0421	0.0212	0.1572	0.0975	0.0591	0.7264	0.0170	0.0010	0.0822	0.7058	0.7083	0.6997	0.8316	0.8890	0.4997	0.5418	0.3256	0.7807	1.3494	0.4028	0.0010	-0.1597	3.1362	6.1757	18.3411	14.5601	0.0073	0.0031	0.0042	0.0053	0.0030	0.0023	0.0020	0.0001	0.0019	0.9329	0.6650	0.2679	0.6221	0.5670	0.0551	0.3108	0.0981	0.2128	0.1743	0.1474	0.0268	0.0543	0.0512	0.0031	0.1199	0.0962	0.0237	1.3218	0.9389	0.3829	0.7481	0.6378	0.1103	0.5737	0.3012	0.2725	0.0597	0.0299	0.2246	0.1172	0.0665	1.4535	0.0315	0.0031	0.1053	0.7058	0.7083	0.6997	0.8316	0.8890	0.4997	0.5418	0.3256	0.7807
6	122	0.4037	6	0	1	0	0	0	0	0	0	N	N	N	N	N	N	N	N	N	N	N	N	0.0182	0.0093	0.1051	0.0248	0.0183	0.2916	0.0180	0.0002	0.0789	0.0275	0.0165	0.0898	0.0571	0.0454	0.2583	0.0131	0.0001	0.0668	1.5083	1.7871	0.8542	2.2994	2.4887	0.8855	0.7253	0.6144	0.8465	0.9492	0.2037	0.0003	-0.5940	3.1362	7.5400	18.3411	21.4192	0.0060	0.0031	0.0029	0.0041	0.0031	0.0010	0.0019	0.0000	0.0019	2.0545	1.7068	0.3477	1.5580	1.4872	0.0708	0.4965	0.2196	0.2769	0.2196	0.1869	0.0327	0.0717	0.0678	0.0039	0.1479	0.1191	0.0288	1.3621	0.9551	0.4071	0.6776	0.5976	0.0800	0.6846	0.3575	0.3271	0.0182	0.0093	0.1051	0.0248	0.0183	0.2916	0.0180	0.0002	0.0789	1.5083	1.7871	0.8542	2.2994	2.4887	0.8855	0.7253	0.6144	0.8465
6	123	0.1639	5	0	2	0	0	0	0	0	0	N	Y	N	N	N	N	N	N	N	N	N	N	5.1517	5.6746	0.0000	13.3430	16.9477	0.0000	0.0000	0.0000	0.0000	0.1693	0.2007	0.0000	1.3723	1.4440	0.0000	0.0000	0.0000	0.0000	0.0329	0.0354	0.0288	0.1028	0.0852	0.1846	0.0009	0.0000	0.0019	0.0000	0.4951	-0.0070	-0.0033	3.1362	4.0019	18.3411	19.5615	0.0158	0.0158	0.0000	0.0158	0.0158	0.0000	0.0000	0.0000	0.0000	0.0255	0.0171	0.0085	0.0251	0.0171	0.0080	0.0005	0.0000	0.0005	0.0936	0.0789	0.0146	0.0115	0.0110	0.0006	0.0820	0.0680	0.0140	0.7773	0.4832	0.2941	0.2438	0.2005	0.0433	0.5335	0.2826	0.2508	5.1517	5.6746	0.0000	13.3430	16.9477	0.0000	0.0000	0.0000	0.0000	0.0329	0.0354	0.0288	0.1028	0.0852	0.1846	0.0009	0.0000	0.0019
6	124	0.1418	4	0	1	0	0	0	0	0	0	N	N	N	N	N	N	N	N	N	N	N	N	0.1748	0.0000	415.2990	0.0004	0.0000	2.2572	0.7230	0.0000	571.1154	0.0107	0.0000	0.0703	0.0001	0.0000	0.0009	0.0168	0.0000	0.0852	0.0610	0.0966	0.0002	0.1567	0.1741	0.0004	0.0233	0.0443	0.0001	inf	0.0010	0.0003	-0.0107	3.1362	1.2223	18.3411	8.2281	0.0004	0.0000	0.0004	0.0000	0.0000	0.0000	0.0004	0.0000	0.0004	0.0235	0.0235	0.0000	0.0171	0.0171	0.0000	0.0064	0.0064	0.0000	0.0422	0.0358	0.0064	0.0155	0.0144	0.0011	0.0267	0.0214	0.0053	0.3854	0.2430	0.1424	0.1089	0.0980	0.0109	0.2765	0.1450	0.1316	0.1748	0.0000	415.2990	0.0004	0.0000	2.2572	0.7230	0.0000	571.1154	0.0610	0.0966	0.0002	0.1567	0.1741	0.0004	0.0233	0.0443	0.0001
6	125	0.0899	3	0	1	0	0	0	0	0	0	N	N	N	N	N	N	N	N	N	N	N	N	0.2654	0.0000	1192.7654	0.0020	0.0001	1056.5061	0.3012	0.0000	1168.3702	0.5300	0.0000	3.3286	0.0048	0.0002	0.3069	0.5762	0.0000	3.3516	1.9972	3.3643	0.0028	2.3327	2.4851	0.0003	1.9130	3.7727	0.0029	25439.7954	0.0006	0.0397	-0.5938	3.1362	5.9920	18.3411	12.2976	0.0711	0.0000	0.0711	0.0001	0.0000	0.0000	0.0710	0.0000	0.0710	1.2972	1.2964	0.0007	0.3038	0.3038	0.0000	0.9934	0.9926	0.0007	0.1341	0.1127	0.0213	0.0108	0.0107	0.0002	0.1232	0.1020	0.0212	0.6495	0.3854	0.2641	0.1302	0.1222	0.0080	0.5193	0.2631	0.2562	0.2654	0.0000	1192.7654	0.0020	0.0001	1056.5061	0.3012	0.0000	1168.3702	1.9972	3.3643	0.0028	2.3327	2.4851	0.0003	1.9130	3.7727	0.0029
6	129	0.4330	7	0	2	0	0	0	0	0	0	N	Y	N	N	N	N	N	N	N	N	N	N	0.0000	0.0000	0.0000	0.0000	0.0000	0.0000	0.0000	0.0000	0.0000	0.0000	0.0000	0.0000	0.0000	0.0000	0.0000	0.0000	0.0000	0.0000	0.0017	0.0001	0.0069	0.0002	0.0001	0.0011	0.0037	0.0000	0.0084	27.9126	0.0000	0.0004	3.1362	1.0033	18.3411	0.8635	0.0000	0.0000	0.0000	0.0000	0.0000	0.0000	0.0000	0.0000	0.0000	0.0007	0.0000	0.0007	0.0000	0.0000	0.0000	0.0007	0.0000	0.0007	0.0676	0.0613	0.0063	0.0368	0.0351	0.0017	0.0307	0.0262	0.0045	0.4334	0.3303	0.1031	0.2462	0.2245	0.0217	0.1872	0.1058	0.0815	0.0000	0.0000	0.0000	0.0000	0.0000	0.0000	0.0000	0.0000	0.0000	0.0017	0.0001	0.0069	0.0002	0.0001	0.0011	0.0037	0.0000	0.0084	
6	130	0.4037	6	0	1	0	0	0	0	0	0	N	N	N	N	N	N	N	N	N	N	N	N	0.0007	0.0004	0.0081	0.0009	0.0009	0.0001	0.0005	0.0001	0.0124	0.0004	0.0003	0.0010	0.0004	0.0004	0.0000	0.0004	0.0002	0.0011	0.5410	0.7097	0.1168	0.4096	0.4300	0.2376	0.6864	1.2436	0.0875	0.6551	0.0655	-0.0000	-0.2347	3.1362	5.5514	18.3411	9.9598	0.0001	0.0000	0.0000	0.0000	0.0000	0.0000	0.0000	0.0000	0.0000	0.5912	0.5549	0.0363	0.2351	0.2206	0.0145	0.3561	0.3343	0.0219	0.1782	0.1514	0.0268	0.0626	0.0593	0.0034	0.1156	0.0921	0.0235	1.0927	0.7819	0.3109	0.5739	0.5131	0.0608	0.5188	0.2688	0.2500	0.0007	0.0004	0.0081	0.0009	0.0009	0.0001	0.0005	0.0001	0.0124	0.5410	0.7097	0.1168	0.4096	0.4300	0.2376	0.6864	1.2436	0.0875
6	131	0.3734	5	0	1	0	0	0	0	0	0	N	N	N	N	N	N	N	N	N	N	N	N	0.0139	0.0077	0.0583	0.0199	0.0170	0.1126	0.0135	0.0004	0.0525	0.0236	0.0143	0.0780	0.0478	0.0433	0.1344	0.0136	0.0003	0.0718	1.6949	1.8506	1.3369	2.4032	2.5476	1.1936	1.0082	0.6585	1.3669	0.9350	0.3143	0.0003	-0.4317	3.1362	9.1969	18.3411	13.4651	0.0061	0.0031	0.0029	0.0036	0.0031	0.0005	0.0025	0.0000	0.0024	1.9691	1.4982	0.4709	1.3743	1.3015	0.0728	0.5948	0.1967	0.3981	0.2572	0.2197	0.0376	0.0751	0.0714	0.0037	0.1821	0.1483	0.0339	1.1618	0.8095	0.3522	0.5719	0.5109	0.0610	0.5899	0.2987	0.2912	0.0139	0.0077	0.0583	0.0199	0.0170	0.1126	0.0135	0.0004	0.0525	1.6949	1.8506	1.3369	2.4032	2.5476	1.1936	1.0082	0.6585	1.3669
6	132	0.1868	7	1	2	0	1	0	0	0	0	N	Y	N	N	N	N	N	N	N	N	N	N	0.0000	0.0000	0.0000	0.0000	0.0000	0.0000	0.0000	0.0000	0.0000	0.0000	0.0000	0.0000	0.0000	0.0000	0.0000	0.0000	0.0000	0.0002	0.0003	0.0000	0.0007	0.0007	0.0000	0.0000	0.0000	0.0000	0.0011	0.0000	-0.0000	3.1362	1.0000	18.3411	3.0001	0.0000	0.0000	0.0000	0.0000	0.0000	0.0000	0.0000	0.0000	0.0000	0.0000	0.0000	0.0000	0.0000	0.0000	0.0000	0.0000	0.0000	0.0000	0.0233	0.0197	0.0037	0.0031	0.0030	0.0002	0.0202	0.0167	0.0035	0.1277	0.0770	0.0507	0.0306	0.0278	0.0029	0.0971	0.0492	0.0479	0.0000	0.0000	0.0000	0.0000	0.0000	0.0000	0.0000	0.0000	0.0000	0.0002	0.0003	0.0000	0.0007	0.0007	0.0000	0.0000	0.0000	0.0000		
6	133	0.5858	11	1	2	0	1	0	0	0	0	N	Y	N	N	N	N	N	N	N	N	N	N	0.0000	0.0000	0.0000	0.0000	0.0000	0.0000	0.0000	0.0000	0.0000	0.0000	0.0000	0.0000	0.0000	0.0000	0.0000	0.0000	0.0000	0.0000	0.0043	0.0005	0.0125	0.0035	0.0009	0.0199	0.0050	0.0000	0.0106	10.4066	0.0000	0.0001	3.1362	0.0006	18.3411	1.9797	0.0000	0.0000	0.0000	0.0000	0.0000	0.0000	0.0000	0.0000	0.0000	0.0002	0.0000	0.0002	0.0001	0.0000	0.0001	0.0001	0.0000	0.0001	0.0000	0.0000	0.0000	0.0000	0.0000	0.0000	0.0000	0.0000	0.0000	0.0532	0.0365	0.0166	0.0253	0.0219	0.0034	0.0278	0.0146	0.0132	0.0000	0.0000	0.0000	0.0000	0.0000	0.0000	0.0000	0.0000	0.0000	0.0043	0.0005	0.0125	0.0035	0.0009	0.0199	0.0050	0.0000	0.0106	
6	134	0.5690	10	1	2	0	1	0	0	0	0	N	Y	N	N	N	N	N	N	N	N	N	N	0.0000	0.0000	0.0000	0.0000	0.0000	0.0000	0.0000	0.0000	0.0000	0.0000	0.0000	0.0000	0.0000	0.0000	0.0000	0.0000	0.0000	0.0000	5.9253	0.0008	37.1603	0.0022	0.0014	0.0068	9.4286	0.0000	42.2391	inf	9073.9720	0.0000	0.5401	3.1362	2.0077	18.3411	6.0321	0.0000	0.0000	0.0000	0.0000	0.0000	0.0000	0.0000	0.0000	0.0000	0.9973	0.0001	0.9972	0.0002	0.0001	0.0001	0.9971	0.0000	0.9971	0.0454	0.0391	0.0064	0.0147	0.0136	0.0011	0.0307	0.0254	0.0053	0.1970	0.1337	0.0633	0.0913	0.0778	0.0135	0.1058	0.0559	0.0499	0.0000	0.0000	0.0000	0.0000	0.0000	0.0000	0.0000	0.0000	0.0000	5.0614	0.0008	15.7530	0.0022	0.0014	0.0068	9.4286	0.0000	20.0015
6	135	0.5643	10	0	2	0	1	0	0	0	0	N	Y	N	N	N	N	N	N	N	N	N	N	2.6755	54.6539	0.0000	5.7293	134.1888	0.0000	0.0000	0.0000	0.0000	0.0297	0.0362	0.0000	0.0909	0.0967	0.0000	0.0000	0.0000	0.0000	0.0111	0.0007	0.0331	0.0159	0.0007	0.1033	0.0067	0.0006	0.0134	0.0000	23.7131	-0.0010	0.0018	3.1362	3.0348	18.3411	9.3583	0.0023	0.0023	0.0000	0.0023	0.0023	0.0000	0.0000	0.0000	0.0000	0.0037	0.0001	0.0035	0.0025	0.0001	0.0024	0.0012	0.0001	0.0011	0.0768	0.0631	0.0138	0.0251	0.0236	0.0015	0.0518	0.0395	0.0123	0.3327	0.2257	0.1070	0.1586	0.1352	0.0234	0.1741	0.0905	0.0836	2.6755	54.6539	0.0000	5.7293	134.1888	0.0000	0.0000	0.0000	0.0000	0.0111	0.0007	0.0331	0.0159	0.0007	0.1033	0.0067	0.0006	0.0134
6	136	0.5499	9	0	1	0	1	0	0	0	0	N	N	N	N	N	N	N	N	N	N	N	N	90.3827	0.0459	19172.3216	0.0896	0.0000	25.1838	7566.8486	3.4882	185334.2451	1.9879	0.0015	12.8659	0.0043	0.0000	0.0723	2.9857	0.0024	14.7367	0.0220	0.0322	0.0007	0.0475	0.0554	0.0029	0.0004	0.0007	0.0001	1588.6407	0.0100	0.0013	-0.0017	3.1362	0.0433	18.3411	6.6805	0.0023	0.0000	0.0023	0.0000	0.0000	0.0000	0.0023	0.0000	0.0023	0.0038	0.0037	0.0000	0.0037	0.0037	0.0000	0.0000	0.0000	0.0000	0.0011	0.0010	0.0002	0.0004	0.0004	0.0000	0.0008	0.0006	0.0002	0.1716	0.1160	0.0555	0.0787	0.0669	0.0118	0.0929	0.0491	0.0438	90.3827	0.0459	19172.3216	0.0896	0.0000	25.1838	7566.8486	3.4882	185334.2451	0.0220	0.0322	0.0007	0.0475	0.0554	0.0029	0.0004	0.0007	0.0001
6	137	0.2165	9	0	2	0	1	0	0	0	0	N	Y	N	N	N	N	N	N	N	N	N	N	0.0000	0.0000	0.0000	0.0000	0.0000	0.0000	0.0000	0.0000	0.0000	0.0000	0.0000	0.0000	0.0000	0.0000	0.0000	0.0000	0.0000	0.0000	0.0000	0.0000	3.1362	0.0000	18.3411	0.0000	0.0000	0.0000	0.0000	0.0000	0.0000	0.0000	0.0000	0.0000	0.0000	0.0000	0.0000	0.0000	0.0000	0.0000	0.0000	0.0000	0.0000	0.0000	0.0000	0.0000	0.0000	0.0000	0.0000	0.0000	0.0000	0.0000	0.0000	0.0000	0.0000	0.0000	0.0000	0.0000	0.0000	0.0000	0.0000	0.0000	0.0000	0.0000	0.0000	0.0000	0.0000	0.0000	0.0000	0.0000	0.0000	0.0000	0.0000	0.0000	0.0000	0.0000	0.0000	0.0000	0.0000	0.0000											
6	138	0.2114	8	0	2	0	1	0	0	0	0	N	Y	N	N	N	N	N	N	N	N	N	N	0.0000	0.0000	0.0000	0.0000	0.0000	0.0000	0.0000	0.0000	0.0000	0.0000	0.0000	0.0000	0.0000	0.0000	0.0000	0.0000	0.0000	0.0000	0.0000	0.0000	0.0000	0.0000	0.0000	0.0000	-0.0000	3.1362	0.0021	18.3411	2.0000	0.0000	0.0000	0.0000	0.0000	0.0000	0.0000	0.0000	0.0000	0.0000	0.0000	0.0000	0.0000	0.0000	0.0000	0.0000	0.0000	0.0000	0.0000	0.0001	0.0001	0.0000	0.0001	0.0001	0.0000	0.0000	0.0000	0.0000	0.0632	0.0386	0.0245	0.0168	0.0152	0.0016	0.0464	0.0234	0.0230	0.0000	0.0000	0.0000	0.0000	0.0000	0.0000	0.0000	0.0000	0.0000	0.0000	0.0000	0.0000	0.0000	0.0000	0.0000	0.0000	0.0000	0.0000						
6	139	0.2012	7	0	1	0	1	0	0	0	0	N	N	N	N	N	N	N	N	N	N	N	N	0.0000	0.0000	0.0000	0.0000	0.0000	0.0000	0.0000	0.0000	0.0000	0.0000	0.0000	0.0000	0.0000	0.0000	0.0000	0.0000	0.0000	0.0077	0.0017	0.0170	0.0039	0.0044	0.0000	0.0090	0.0000	0.0182	6.6029	0.0000	0.0004	3.1362	1.0020	18.3411	3.0181	0.0000	0.0000	0.0000	0.0000	0.0000	0.0000	0.0000	0.0000	0.0000	0.0010	0.0001	0.0009	0.0001	0.0001	0.0000	0.0009	0.0000	0.0009	0.0234	0.0198	0.0037	0.0032	0.0030	0.0002	0.0202	0.0167	0.0035	0.1280	0.0777	0.0503	0.0329	0.0298	0.0031	0.0951	0.0479	0.0472	0.0000	0.0000	0.0000	0.0000	0.0000	0.0000	0.0000	0.0000	0.0000	0.0077	0.0017	0.0170	0.0039	0.0044	0.0000	0.0090	0.0000	0.0182		
6	140	0.1868	7	0	2	0	0	0	0	0	0	N	Y	N	N	N	N	N	N	N	N	N	N	0.0000	0.0000	0.0000	0.0000	0.0000	0.0000	0.0000	0.0000	0.0000	0.0000	0.0000	0.0000	0.0000	0.0000	0.0000	0.0000	0.0000	0.0000	0.0000	0.0000	0.0000	0.0000	0.0000	0.0000	inf	0.0000	0.0000	3.1362	0.0000	18.3411	4.0001	0.0000	0.0000	0.0000	0.0000	0.0000	0.0000	0.0000	0.0000	0.0000	0.0000	0.0000	0.0000	0.0000	0.0000	0.0000	0.0000	0.0000	0.0000	0.0000	0.0000	0.0000	0.0000	0.0000	0.0000	0.0000	0.0000	0.0000	0.1277	0.0770	0.0507	0.0306	0.0278	0.0029	0.0971	0.0492	0.0479	0.0000	0.0000	0.0000	0.0000	0.0000	0.0000	0.0000	0.0000	0.0000	0.0000	0.0000	0.0000	0.0000	0.0000	0.0000	0.0000	0.0000	0.0000				
6	141	0.5645	9	0	2	0	0	0	0	0	0	N	Y	N	N	N	N	N	N	N	N	N	N	0.0500	0.0398	0.0416	0.0716	0.0667	0.0000	0.0337	0.0000	0.1089	0.0000	0.0000	0.0000	0.0000	0.0000	0.0000	0.0000	0.0000	0.0000	0.0002	0.0003	0.0000	0.0004	0.0005	0.0000	0.0000	0.0000	0.0000	0.0052	0.0145	-0.0000	-0.0000	3.1362	1.0003	18.3411	5.0186	0.0000	0.0000	0.0000	0.0000	0.0000	0.0000	0.0000	0.0000	0.0000	0.0000	0.0000	0.0000	0.0000	0.0000	0.0000	0.0000	0.0000	0.0000	0.0227	0.0195	0.0032	0.0074	0.0068	0.0005	0.0153	0.0127	0.0026	0.1502	0.1020	0.0482	0.0697	0.0595	0.0102	0.0805	0.0425	0.0380	0.0500	0.0398	0.0416	0.0716	0.0667	0.0000	0.0337	0.0000	0.1089	0.0002	0.0003	0.0000	0.0004	0.0005	0.0000	0.0000	0.0000	0.0000
6	142	0.2012	7	0	1	1	1	0	0	0	0	N	N	N	N	N	N	N	N	N	N	N	N	0.0000	0.0000	0.0000	0.0000	0.0000	0.0000	0.0000	0.0000	0.0000	0.0000	0.0000	0.0000	0.0000	0.0000	0.0000	0.0000	3.5518	7.0382	0.0000	39.1760	39.1779	0.0000	0.0000	0.0000	0.0000	0.0000	0.0000	-0.4568	3.1362	0.0001	18.3411	9.0026	0.0000	0.0000	0.0000	0.0000	0.0000	0.0000	0.0000	0.0000	0.0000	0.9967	0.9967	0.0000	0.9967	0.9967	0.0000	0.0000	0.0000	0.0000	0.0000	0.0000	0.0000	0.0000	0.0000	0.0000	0.0000	0.0000	0.0000	0.2806	0.1704	0.1102	0.0720	0.0651	0.0068	0.2086	0.1053	0.1034	0.0000	0.0000	0.0000	0.0000	0.0000	0.0000	0.0000	0.0000	0.0000	3.5518	5.8492	0.0000	13.8485	15.3040	0.0000	0.0000	0.0000	0.0000			
6	143	0.5499	9	0	1	1	1	0	0	0	0	N	N	N	N	N	N	N	N	N	N	N	N	0.0000	0.0000	0.5648	0.0012	0.0000	0.0389	0.0000	0.0000	25.6508	0.0000	0.0000	0.0001	0.0000	0.0000	0.0000	0.0000	0.0000	0.0002	4.0947	6.9870	0.0003	0.0027	0.0030	0.0012	7.2436	13.7032	0.0000	inf	0.0000	0.0000	-0.4530	3.1362	2.0061	18.3411	8.0425	0.0000	0.0000	0.0000	0.0000	0.0000	0.0000	0.0000	0.0000	0.0000	0.9883	0.9882	0.0000	0.0003	0.0003	0.0000	0.9879	0.9879	0.0000	0.0450	0.0385	0.0065	0.0136	0.0126	0.0010	0.0313	0.0259	0.0055	0.2514	0.1697	0.0816	0.1150	0.0976	0.0173	0.1364	0.0721	0.0643	0.0000	0.0000	0.5648	0.0012	0.0000	0.0389	0.0000	0.0000	25.6508	3.9315	5.8221	0.0003	0.0027	0.0030	0.0012	7.2436	13.7032	0.0000
6	144	0.5408	8	0	1	0	1	0	0	0	0	N	N	N	N	N	N	N	N	N	N	N	N	599.3029	0.0001	3522.2999	77.6002	0.0003	680.9393	952.2462	0.0000	4433.8355	0.4835	0.0000	3.2745	0.0679	0.0000	0.7703	0.7104	0.0000	3.9434	0.0008	0.0008	0.0009	0.0009	0.0008	0.0011	0.0007	0.0006	0.0009	5884930.0730	0.4716	0.0128	-0.0000	3.1362	1.9550	18.3411	2.1189	0.0229	0.0000	0.0229	0.0011	0.0000	0.0011	0.0218	0.0000	0.0218	0.0001	0.0001	0.0000	0.0001	0.0001	0.0000	0.0001	0.0000	0.0000	0.0473	0.0404	0.0070	0.0167	0.0152	0.0015	0.0306	0.0251	0.0055	0.1575	0.1137	0.0438	0.0742	0.0670	0.0073	0.0833	0.0468	0.0365	599.3029	0.0001	3522.2999	77.6002	0.0003	680.9393	952.2462	0.0000	4433.8355	0.0008	0.0008	0.0009	0.0009	0.0008	0.0011	0.0007	0.0006	0.0009
6	145	0.5408	8	0	1	1	1	0	0	0	0	N	N	N	N	N	N	N	N	N	N	N	N	0.0010	0.0467	0.0000	0.0949	0.0924	0.0000	0.0000	0.0000	0.0000	0.0019	0.0022	0.0000	0.0054	0.0059	0.0000	0.0000	0.0000	0.0000	1.8731	0.0477	5.8547	0.0572	0.0643	0.0119	3.3864	0.0254	7.2897	0.0000	56.2937	-0.0000	0.5325	3.1362	2.1261	18.3411	18.6477	0.0001	0.0001	0.0000	0.0001	0.0001	0.0000	0.0000	0.0000	0.0000	1.0159	0.0177	0.9982	0.0141	0.0137	0.0004	1.0018	0.0040	0.9978	0.0512	0.0436	0.0075	0.0179	0.0164	0.0016	0.0332	0.0273	0.0060	0.5424	0.3719	0.1705	0.2465	0.2129	0.0336	0.2958	0.1590	0.1369	0.0010	0.0467	0.0000	0.0949	0.0924	0.0000	0.0000	0.0000	0.0000	1.8731	0.0477	5.8547	0.0572	0.0643	0.0119	3.3864	0.0254	7.2897
6	146	0.2012	7	0	1	1	1	0	0	0	0	N	N	N	N	N	N	N	N	N	N	N	N	0.0000	0.0000	0.0000	0.0000	0.0000	0.0000	0.0000	0.0000	0.0000	0.0000	0.0000	0.0000	0.0000	0.0000	0.0000	0.0000	0.0000	0.0122	0.0145	0.0087	0.0343	0.0379	0.0000	0.0046	0.0000	0.0093	0.3899	0.0000	-0.0005	3.1362	2.0001	18.3411	5.9880	0.0000	0.0000	0.0000	0.0000	0.0000	0.0000	0.0000	0.0000	0.0000	0.0031	0.0022	0.0009	0.0022	0.0022	0.0000	0.0009	0.0000	0.0009	0.0465	0.0392	0.0072	0.0063	0.0060	0.0003	0.0402	0.0332	0.0069	0.2501	0.1518	0.0982	0.0642	0.0581	0.0061	0.1859	0.0937	0.0921	0.0000	0.0000	0.0000	0.0000	0.0000	0.0000	0.0000	0.0000	0.0000	0.0122	0.0145	0.0087	0.0343	0.0379	0.0000	0.0046	0.0000	0.0093		
6	147	0.2012	7	0	1	1	1	0	0	0	0	N	N	N	N	N	N	N	N	N	N	N	N	0.0708	0.0513	0.0000	124.5764	147.2106	0.0000	0.0000	0.0000	0.0000	0.0784	0.0926	0.0000	0.5797	0.6095	0.0000	0.0000	0.0000	0.0000	1.1072	1.8066	0.0171	0.0047	0.0041	0.0094	1.4810	2.8903	0.0176	0.0000	0.0061	-0.0070	-0.4549	3.1362	9.0001	18.3411	23.0169	0.0158	0.0158	0.0000	0.0158	0.0158	0.0000	0.0000	0.0000	0.0000	1.0056	0.9995	0.0061	0.0011	0.0009	0.0002	1.0045	0.9986	0.0058	0.2022	0.1711	0.0311	0.0273	0.0260	0.0013	0.1749	0.1451	0.0298	0.9082	0.5532	0.3550	0.2300	0.2077	0.0222	0.6783	0.3455	0.3328	0.0708	0.0513	0.0000	124.5764	147.2106	0.0000	0.0000	0.0000	0.0000	1.1072	1.8066	0.0171	0.0047	0.0041	0.0094	1.4810	2.8903	0.0176
6	148	0.1759	6	0	1	0	1	0	0	0	0	N	N	N	N	N	N	N	N	N	N	N	N	0.0008	0.0000	0.0015	0.0000	0.0000	0.0168	0.0007	0.0000	0.0019	0.0025	0.0000	0.0158	0.0000	0.0000	0.0003	0.0029	0.0000	0.0164	3.0650	0.1240	10.2985	0.2960	0.3239	0.0162	4.0182	0.0000	8.6461	inf	39.6387	0.0001	0.5271	3.1362	1.9990	18.3411	7.9526	0.0001	0.0000	0.0001	0.0000	0.0000	0.0000	0.0001	0.0000	0.0001	1.0195	0.0251	0.9944	0.0252	0.0251	0.0001	0.9943	0.0000	0.9943	0.0471	0.0396	0.0075	0.0065	0.0062	0.0003	0.0406	0.0334	0.0072	0.3326	0.2023	0.1303	0.0852	0.0775	0.0077	0.2475	0.1249	0.1226	0.0008	0.0000	0.0021	0.0000	0.0000	0.0168	0.0007	0.0000	0.0020	3.0650	0.1240	7.6321	0.2960	0.3239	0.0162	4.0182	0.0000	8.1120
6	149	0.1439	5	1	2	0	0	0	0	0	0	N	Y	N	N	N	N	N	N	N	N	N	N	3.9421	0.0027	12.4793	0.0048	0.0046	0.0000	4.7290	0.0000	12.4021	6.8399	0.0017	44.5272	0.0074	0.0077	0.0000	8.5324	0.0000	46.9102	1.7351	0.6371	3.5681	1.5374	1.6736	0.0180	1.8043	0.0006	3.7824	4685.0426	3.3552	0.5580	0.4105	3.1362	5.3497	18.3411	17.2225	0.9987	0.0002	0.9985	0.0002	0.0002	0.0000	0.9985	0.0000	0.9985	1.3156	0.3021	1.0135	0.3022	0.3019	0.0003	1.0134	0.0002	1.0132	0.1460	0.1236	0.0224	0.0290	0.0278	0.0011	0.1170	0.0957	0.0213	0.7582	0.4742	0.2840	0.1966	0.1804	0.0162	0.5617	0.2938	0.2679	3.9421	0.0027	12.4793	0.0048	0.0046	0.0000	4.7290	0.0000	12.4021	1.7351	0.6371	3.5681	1.5374	1.6736	0.0180	1.8043	0.0006	3.7824
6	150	0.1748	6	0	2	0	0	0	0	0	0	N	Y	N	N	N	N	N	N	N	N	N	N	0.0033	0.0249	0.0008	0.0094	0.0352	0.0013	0.0002	0.0001	0.0006	0.0019	0.0020	0.0012	0.0060	0.0060	0.0063	0.0001	0.0000	0.0007	0.5713	0.0812	1.5090	0.6420	0.1711	5.0108	0.5344	0.0009	1.1315	0.0959	9.7153	-0.0001	0.2115	3.1362	3.6794	18.3411	17.4287	0.0003	0.0002	0.0000	0.0002	0.0002	0.0000	0.0000	0.0000	0.0000	0.4717	0.0440	0.4277	0.1820	0.0438	0.1382	0.2898	0.0003	0.2895	0.1329	0.1146	0.0183	0.0401	0.0384	0.0017	0.0928	0.0762	0.0166	0.8257	0.5423	0.2834	0.2834	0.2558	0.0276	0.5423	0.2864	0.2559	0.0033	0.0249	0.0008	0.0094	0.0352	0.0013	0.0002	0.0001	0.0006	0.5713	0.0812	1.5090	0.6420	0.1711	5.0108	0.5344	0.0009	1.1315
6	151	0.1439	5	0	2	0	0	0	0	0	0	N	Y	N	N	N	N	N	N	N	N	N	N	0.0144	0.0142	0.0260	0.1024	0.1067	0.0014	0.0071	0.0012	0.0261	0.0046	0.0031	0.0131	0.0105	0.0109	0.0001	0.0029	0.0003	0.0139	0.3203	0.2156	0.5057	0.1026	0.1023	0.1066	0.4071	0.2947	0.5324	0.7824	1.3236	-0.0000	0.0182	3.1362	3.4464	18.3411	10.1316	0.0005	0.0003	0.0002	0.0002	0.0002	0.0000	0.0002	0.0000	0.0002	0.1633	0.0703	0.0930	0.0149	0.0137	0.0012	0.1484	0.0566	0.0918	0.1032	0.0873	0.0159	0.0233	0.0224	0.0009	0.0799	0.0649	0.0150	0.5099	0.3260	0.1840	0.1454	0.1339	0.0115	0.3645	0.1921	0.1725	0.0144	0.0142	0.0260	0.1024	0.1067	0.0014	0.0071	0.0012	0.0261	0.3203	0.2156	0.5057	0.1026	0.1023	0.1066	0.4071	0.2947	0.5324
6	152	0.5713	11	1	2	0	0	0	0	0	0	N	Y	N	N	N	N	N	N	N	N	N	N	0.0000	0.0000	0.0000	0.0000	0.0000	0.0000	0.0000	0.0000	0.0000	0.0000	0.0000	0.0000	0.0000	0.0000	0.0000	0.0000	0.0000	0.0000	0.2560	0.3765	0.0006	0.5535	0.6494	0.0028	0.0002	0.0003	0.0000	0.0000	0.0008	-0.0000	-0.0365	3.1362	1.0143	18.3411	12.0086	0.0000	0.0000	0.0000	0.0000	0.0000	0.0000	0.0000	0.0000	0.0000	0.0797	0.0796	0.0001	0.0797	0.0796	0.0001	0.0000	0.0000	0.0000	0.0234	0.0201	0.0033	0.0077	0.0072	0.0006	0.0157	0.0130	0.0027	0.3113	0.2116	0.0997	0.1440	0.1226	0.0213	0.1673	0.0890	0.0784	0.0000	0.0000	0.0000	0.0000	0.0000	0.0000	0.0000	0.0000	0.0000	0.2560	0.3765	0.0006	0.5535	0.6494	0.0028	0.0002	0.0003	0.0000
6	153	0.5690	10	1	2	0	0	0	0	0	0	N	Y	N	N	N	N	N	N	N	N	N	N	0.0768	0.0611	0.0242	0.1186	0.1095	0.0000	0.0008	0.0000	0.0252	0.0004	0.0005	0.0000	0.0013	0.0015	0.0000	0.0000	0.0000	0.0000	0.0057	0.0083	0.0001	0.0113	0.0133	0.0001	0.0008	0.0014	0.0001	0.0009	0.0069	-0.0000	-0.0001	3.1362	0.9811	18.3411	0.0216	0.0000	0.0000	0.0000	0.0000	0.0000	0.0000	0.0000	0.0000	0.0000	0.0001	0.0001	0.0000	0.0001	0.0001	0.0000	0.0000	0.0000	0.0000	0.0224	0.0192	0.0032	0.0073	0.0068	0.0005	0.0151	0.0125	0.0026	0.0255	0.0173	0.0082	0.0119	0.0102	0.0017	0.0136	0.0072	0.0065	0.0768	0.0611	0.0242	0.1186	0.1095	0.0000	0.0008	0.0000	0.0252	0.0057	0.0083	0.0001	0.0113	0.0133	0.0001	0.0008	0.0014	0.0001
6	154	0.5645	9	1	2	0	0	0	0	0	0	N	Y	N	N	N	N	N	N	N	N	N	N	0.6047	2.7581	0.0063	7.6505	7.4297	0.0000	0.0023	0.0000	0.0066	0.0014	0.0016	0.0000	0.0036	0.0040	0.0000	0.0000	0.0000	0.0001	0.0023	0.0006	0.0060	0.0005	0.0005	0.0001	0.0039	0.0007	0.0076	0.0039	4.7502	-0.0000	0.0000	3.1362	0.0083	18.3411	2.0001	0.0000	0.0000	0.0000	0.0000	0.0000	0.0000	0.0000	0.0000	0.0000	0.0001	0.0000	0.0001	0.0000	0.0000	0.0000	0.0001	0.0000	0.0001	0.0002	0.0002	0.0000	0.0001	0.0001	0.0000	0.0001	0.0001	0.0000	0.0521	0.0355	0.0166	0.0243	0.0208	0.0034	0.0278	0.0146	0.0132	0.6047	2.7581	0.0063	7.6505	7.4297	0.0000	0.0023	0.0000	0.0066	0.0023	0.0006	0.0060	0.0005	0.0005	0.0001	0.0039	0.0007	0.0076
6	155	0.5408	8	0	2	0	0	0	0	0	0	N	Y	N	N	N	N	N	N	N	N	N	N	0.8013	1.0283	0.0107	1.2004	1.6710	0.0007	0.0142	0.0000	0.0442	0.0014	0.0017	0.0000	0.0041	0.0045	0.0000	0.0000	0.0000	0.0000	0.0018	0.0016	0.0021	0.0034	0.0027	0.0087	0.0003	0.0001	0.0006	0.0024	0.5778	-0.0000	-0.0001	3.1362	2.9180	18.3411	7.4065	0.0001	0.0001	0.0000	0.0001	0.0001	0.0000	0.0000	0.0000	0.0000	0.0005	0.0003	0.0002	0.0005	0.0003	0.0002	0.0001	0.0000	0.0000	0.0687	0.0587	0.0100	0.0235	0.0216	0.0020	0.0452	0.0372	0.0080	0.3073	0.2142	0.0931	0.1416	0.1241	0.0176	0.1657	0.0901	0.0756	0.8013	1.0283	0.0107	1.2004	1.6710	0.0007	0.0142	0.0000	0.0442	0.0018	0.0016	0.0021	0.0034	0.0027	0.0087	0.0003	0.0001	0.0006
6	156	0.4750	7	0	1	0	0	0	0	0	0	N	N	N	N	N	N	N	N	N	N	N	N	0.0006	0.0002	0.0076	0.0119	0.0126	0.0083	0.0003	0.0000	0.0077	0.0007	0.0004	0.0029	0.0008	0.0008	0.0008	0.0006	0.0001	0.0035	1.2294	1.6209	0.3819	0.0672	0.0639	0.0916	2.2889	4.0909	0.4463	1.0541	0.1089	0.0000	-0.4105	3.1362	8.2479	18.3411	19.7214	0.0002	0.0001	0.0001	0.0001	0.0001	0.0000	0.0001	0.0000	0.0001	1.1397	1.0278	0.1119	0.0297	0.0249	0.0049	1.1100	1.0030	0.1070	0.2735	0.2401	0.0334	0.1115	0.1047	0.0067	0.1620	0.1353	0.0267	0.9271	0.6341	0.2930	0.4421	0.3889	0.0532	0.4849	0.2452	0.2398	0.0006	0.0002	0.0076	0.0119	0.0126	0.0083	0.0003	0.0000	0.0077	1.2294	1.6209	0.3819	0.0672	0.0639	0.0916	2.2889	4.0909	0.4463
6	157	0.4389	6	0	1	0	0	0	0	0	0	N	N	N	N	N	N	N	N	N	N	N	N	0.0121	0.0335	0.0015	0.0766	0.0765	0.0038	0.0018	0.0081	0.0014	0.0100	0.0111	0.0028	0.0260	0.0279	0.0006	0.0024	0.0022	0.0032	0.8236	0.3324	1.8518	0.3395	0.3649	0.1597	1.3158	0.2714	2.2559	0.0402	2.6612	-0.0008	0.2154	3.1362	7.4725	18.3411	14.3153	0.0020	0.0019	0.0001	0.0017	0.0017	0.0000	0.0003	0.0002	0.0001	0.8024	0.2192	0.5832	0.1668	0.1571	0.0097	0.6357	0.0621	0.5736	0.2007	0.1731	0.0276	0.0648	0.0603	0.0046	0.1359	0.1128	0.0231	0.9743	0.6593	0.3150	0.4912	0.4304	0.0607	0.4831	0.2288	0.2542	0.0121	0.0335	0.0015	0.0766	0.0765	0.0038	0.0018	0.0081	0.0014	0.8236	0.3324	1.8518	0.3395	0.3649	0.1597	1.3158	0.2714	2.2559
6	158	0.3734	5	0	1	0	0	0	0	0	0	N	N	N	N	N	N	N	N	N	N	N	N	0.0472	0.0425	0.0419	0.0213	0.0213	0.0018	0.0630	0.0496	0.0498	0.0787	0.0859	0.0368	0.0397	0.0417	0.0021	0.0938	0.1056	0.0405	1.6673	2.0216	0.8770	1.8636	1.9529	1.1717	1.4879	2.1305	0.8139	0.0727	0.1945	-0.0090	-0.6563	3.1362	11.6653	18.3411	19.4910	0.0241	0.0225	0.0016	0.0034	0.0034	0.0000	0.0208	0.0191	0.0016	2.2209	1.8592	0.3616	1.1855	1.1004	0.0852	1.0353	0.7589	0.2765	0.3066	0.2621	0.0445	0.0854	0.0810	0.0044	0.2212	0.1811	0.0401	1.3320	0.9197	0.4124	0.6362	0.5635	0.0727	0.6958	0.3562	0.3397	0.0472	0.0425	0.0419	0.0213	0.0213	0.0018	0.0630	0.0496	0.0498	1.6673	2.0216	0.8770	1.8636	1.9529	1.1717	1.4879	2.1305	0.8139
6	159	0.3261	4	0	1	0	0	0	0	0	0	N	N	N	N	N	N	N	N	N	N	N	N	0.0619	0.1118	0.0058	0.1672	0.2777	0.0048	0.0045	0.0054	0.0072	0.0824	0.0934	0.0143	0.2378	0.2481	0.0267	0.0056	0.0040	0.0128	1.3323	0.8358	2.4724	1.4223	0.8936	5.5059	1.2455	0.7398	1.7814	0.0248	1.2883	-0.0080	0.1902	3.1362	7.3933	18.3411	20.5306	0.0191	0.0187	0.0005	0.0182	0.0181	0.0001	0.0009	0.0005	0.0004	1.8182	0.7946	1.0237	0.9531	0.5302	0.4229	0.8651	0.2644	0.6007	0.2319	0.1996	0.0323	0.0767	0.0731	0.0036	0.1552	0.1265	0.0287	1.3647	0.9507	0.4140	0.6701	0.5933	0.0768	0.6946	0.3574	0.3372	0.0619	0.1118	0.0058	0.1672	0.2777	0.0048	0.0045	0.0054	0.0072	1.3323	0.8358	2.4724	1.4223	0.8936	5.5059	1.2455	0.7398	1.7814
6	160	0.0899	3	0	1	0	0	0	0	0	0	N	N	N	N	N	N	N	N	N	N	N	N	0.7832	1.5186	0.0001	1.0041	0.9465	0.0006	0.7277	1.4411	0.0001	1.8692	2.2035	0.0002	0.9068	0.9211	0.0000	1.9471	2.3256	0.0002	2.3865	1.4510	3.7584	0.9031	0.9731	0.0335	2.6757	1.6137	3.8735	0.0000	1.7661	-0.4575	0.8907	3.1362	27.6416	18.3411	54.6365	1.0371	1.0371	0.0000	0.0377	0.0377	0.0000	0.9994	0.9994	0.0000	4.9455	1.7879	3.1576	0.3054	0.3045	0.0008	4.6401	1.4833	3.1567	0.5548	0.4706	0.0842	0.0416	0.0409	0.0006	0.5133	0.4297	0.0836	2.0723	1.2322	0.8401	0.3381	0.3130	0.0252	1.7341	0.9192	0.8149	0.7832	1.5186	0.0001	1.0041	0.9465	0.0006	0.7277	1.4411	0.0001	2.3865	1.4510	3.7584	0.9031	0.9731	0.0335	2.6757	1.6137	3.8735
6	161	0.1945	9	1	2	0	0	0	0	0	0	N	Y	N	N	N	N	N	N	N	N	N	N	0.0000	0.0000	0.0000	0.0000	0.0000	0.0000	0.0000	0.0000	0.0000	0.0000	0.0000	0.0000	0.0000	0.0000	0.0000	0.0000	0.0000	0.0002	0.0003	0.0000	0.0009	0.0009	0.0004	0.0000	0.0000	0.0000	0.0487	0.0000	-0.0000	3.1362	0.0002	18.3411	3.0099	0.0000	0.0000	0.0000	0.0000	0.0000	0.0000	0.0000	0.0000	0.0000	0.0000	0.0000	0.0000	0.0000	0.0000	0.0000	0.0000	0.0000	0.0000	0.0000	0.0000	0.0000	0.0000	0.0000	0.0000	0.0000	0.0000	0.0000	0.0984	0.0598	0.0385	0.0243	0.0221	0.0022	0.0741	0.0378	0.0364	0.0000	0.0000	0.0000	0.0000	0.0000	0.0000	0.0000	0.0000	0.0000	0.0002	0.0003	0.0000	0.0009	0.0009	0.0004	0.0000	0.0000	0.0000		
6	162	0.1868	8	1	2	0	0	0	0	0	0	N	Y	N	N	N	N	N	N	N	N	N	N	0.0000	0.0000	0.0000	0.0000	0.0000	0.0000	0.0000	0.0000	0.0000	0.0000	0.0000	0.0000	0.0000	0.0000	0.0000	0.0000	0.0000	0.0015	0.0024	0.0000	0.0061	0.0067	0.0000	0.0000	0.0000	0.0000	0.0003	0.0000	-0.0001	3.1362	0.9998	18.3411	2.0118	0.0000	0.0000	0.0000	0.0000	0.0000	0.0000	0.0000	0.0000	0.0000	0.0001	0.0001	0.0000	0.0001	0.0001	0.0000	0.0000	0.0000	0.0000	0.0233	0.0197	0.0037	0.0031	0.0030	0.0002	0.0202	0.0167	0.0035	0.0966	0.0582	0.0384	0.0232	0.0210	0.0022	0.0734	0.0372	0.0362	0.0000	0.0000	0.0000	0.0000	0.0000	0.0000	0.0000	0.0000	0.0000	0.0015	0.0024	0.0000	0.0061	0.0067	0.0000	0.0000	0.0000	0.0000		
6	163	0.1868	7	1	2	0	0	0	0	0	0	N	Y	N	N	N	N	N	N	N	N	N	N	0.0000	0.0000	0.0000	0.0000	0.0000	0.0000	0.0000	0.0000	0.0000	0.0000	0.0000	0.0000	0.0000	0.0000	0.0000	0.0024	0.0021	0.0036	0.0058	0.0042	0.0776	0.0000	0.0000	0.0000	0.4411	0.0000	-0.0000	3.1362	0.0000	18.3411	0.0003	0.0000	0.0000	0.0000	0.0000	0.0000	0.0000	0.0000	0.0000	0.0000	0.0000	0.0000	0.0000	0.0000	0.0000	0.0000	0.0000	0.0000	0.0000	0.0000	0.0000	0.0000	0.0000	0.0000	0.0000	0.0000	0.0000	0.0000	0.0000	0.0000	0.0000	0.0000	0.0000	0.0000	0.0000	0.0000	0.0000	0.0000	0.0000	0.0000	0.0000	0.0000	0.0000	0.0000	0.0000	0.0000	0.0024	0.0021	0.0036	0.0058	0.0042	0.0776	0.0000	0.0000	0.0000				
6	164	0.1759	6	0	2	0	0	0	0	0	0	N	Y	N	N	N	N	N	N	N	N	N	N	0.0192	0.0000	355.2415	0.0019	0.0000	5.5639	0.0314	0.0000	659.6046	0.1475	0.0000	0.4276	0.0002	0.0000	0.0500	0.2607	0.0000	0.4299	7.6895	15.2229	0.0012	0.1238	0.1353	0.0090	8.3109	16.6182	0.0007	inf	0.0001	0.0001	-0.4477	3.1362	0.0063	18.3411	4.3641	0.0001	0.0000	0.0001	0.0000	0.0000	0.0000	0.0001	0.0000	0.0001	0.9770	0.9769	0.0001	0.0057	0.0056	0.0000	0.9713	0.9713	0.0000	0.0008	0.0005	0.0003	0.0003	0.0003	0.0000	0.0005	0.0002	0.0003	0.1627	0.1001	0.0626	0.0458	0.0417	0.0041	0.1169	0.0584	0.0584	0.0246	0.0000	355.2415	0.0019	0.0000	5.5639	0.0314	0.0000	659.6046	6.0055	9.7582	0.0012	0.1238	0.1353	0.0090	8.3109	16.6182	0.0007
6	165	0.1439	5	0	1	0	0	0	0	0	0	N	N	N	N	N	N	N	N	N	N	N	N	11.9152	0.0015	182.4634	0.0383	0.0065	2.3013	16.1870	0.0000	192.9325	0.8705	0.0001	5.6417	0.0029	0.0005	0.0659	1.1596	0.0000	5.9952	0.0731	0.0966	0.0309	0.0765	0.0806	0.0287	0.0716	0.1079	0.0311	6910.0389	0.1786	0.0399	-0.0108	3.1362	2.5207	18.3411	10.0226	0.0714	0.0000	0.0714	0.0001	0.0000	0.0000	0.0714	0.0000	0.0714	0.0351	0.0298	0.0053	0.0107	0.0103	0.0003	0.0244	0.0194	0.0050	0.0821	0.0694	0.0127	0.0205	0.0198	0.0008	0.0616	0.0496	0.0119	0.4802	0.3082	0.1719	0.1392	0.1283	0.0110	0.3409	0.1799	0.1610	11.9152	0.0015	182.4634	0.0383	0.0065	2.3013	16.1870	0.0000	192.9325	0.0731	0.0966	0.0309	0.0765	0.0806	0.0287	0.0716	0.1079	0.0311
6	166	0.1284	4	0	1	0	0	0	0	0	0	N	N	N	N	N	N	N	N	N	N	N	N	0.0022	0.0004	0.3644	0.0023	0.0023	0.0190	0.0022	0.0000	0.4274	0.0030	0.0008	0.0152	0.0020	0.0022	0.0001	0.0034	0.0000	0.0194	1.3512	2.0210	0.0418	0.8758	0.9665	0.0075	1.5988	2.9513	0.0455	3.4289	0.0106	0.0001	-0.2210	3.1362	2.6894	18.3411	4.6619	0.0003	0.0001	0.0002	0.0001	0.0001	0.0000	0.0002	0.0000	0.0002	0.4933	0.4882	0.0052	0.1095	0.1094	0.0001	0.3838	0.3787	0.0051	0.0973	0.0827	0.0146	0.0327	0.0295	0.0032	0.0647	0.0532	0.0115	0.3651	0.2415	0.1236	0.1250	0.1132	0.0118	0.2401	0.1283	0.1117	0.0022	0.0004	0.3644	0.0023	0.0023	0.0190	0.0022	0.0000	0.4274	1.3512	2.0210	0.0418	0.8758	0.9665	0.0075	1.5988	2.9513	0.0455
6	167	0.0899	3	0	1	0	0	0	0	0	0	N	N	N	N	N	N	N	N	N	N	N	N	0.0034	0.0023	0.0107	0.3340	0.3211	0.1968	0.0006	0.0000	0.0105	0.0050	0.0048	0.0062	0.0473	0.0479	0.0006	0.0011	0.0000	0.0063	1.4633	2.0635	0.5818	0.1415	0.1493	0.0030	1.8378	3.1001	0.5991	0.2518	0.1919	-0.0001	-0.1927	3.1362	2.7966	18.3411	8.5340	0.0003	0.0003	0.0001	0.0003	0.0003	0.0000	0.0001	0.0000	0.0001	0.6482	0.5438	0.1044	0.0138	0.0138	0.0000	0.6344	0.5300	0.1044	0.0642	0.0537	0.0104	0.0055	0.0054	0.0001	0.0587	0.0483	0.0104	0.4430	0.2635	0.1794	0.0978	0.0926	0.0052	0.3452	0.1710	0.1742	0.0034	0.0023	0.0107	0.3340	0.3211	0.1968	0.0006	0.0000	0.0105	1.4633	2.0635	0.5818	0.1415	0.1493	0.0030	1.8378	3.1001	0.5991
7	8	0.5688	10	0	0	2	2	0	0	0	0	N	N	Y	Y	N	N	N	N	N	N	N	N	0.0005	0.0000	0.0011	0.0003	0.0000	0.0012	0.0003	0.0000	0.0009	0.0001	0.0000	0.0005	0.0000	0.0000	0.0000	0.0001	0.0000	0.0005	0.1349	0.0005	0.4468	0.0060	0.0004	0.0394	0.2895	0.0007	0.5881	inf	370.6482	0.0000	0.0216	0.6329	2.7092	9.5631	11.4516	0.0000	0.0000	0.0000	0.0000	0.0000	0.0000	0.0000	0.0000	0.0000	0.0402	0.0001	0.0400	0.0010	0.0001	0.0009	0.0392	0.0001	0.0391	0.0152	0.0132	0.0020	0.0041	0.0039	0.0002	0.0111	0.0093	0.0018	0.2976	0.2080	0.0896	0.1623	0.1392	0.0231	0.1354	0.0688	0.0665	0.0005	0.0000	0.0011	0.0003	0.0000	0.0012	0.0003	0.0000	0.0009	0.1349	0.0005	0.4468	0.0060	0.0004	0.0394	0.2895	0.0007	0.5881
7	9	0.1938	6	1	1	1	1	0	0	0	0	N	N	N	N	N	N	N	N	N	N	N	N	0.0000	0.0000	0.0000	0.0000	0.0000	0.0000	0.0000	0.0000	0.0000	0.0000	0.0000	0.0000	0.0000	0.0000	0.0000	0.0000	0.0000	0.1413	0.2077	0.0001	0.3292	0.3805	0.0006	0.0000	0.0000	0.0000	0.0002	0.0000	-0.0186	0.6329	2.0019	9.5631	13.5902	0.0000	0.0000	0.0000	0.0000	0.0000	0.0000	0.0000	0.0000	0.0000	0.0405	0.0405	0.0000	0.0405	0.0405	0.0000	0.0000	0.0000	0.0000	0.0103	0.0090	0.0013	0.0020	0.0019	0.0001	0.0083	0.0070	0.0012	0.2869	0.1951	0.0917	0.1232	0.1065	0.0166	0.1637	0.0886	0.0751	0.0000	0.0000	0.0000	0.0000	0.0000	0.0000	0.0000	0.0000	0.0000	0.1413	0.2077	0.0001	0.3292	0.3805	0.0006	0.0000	0.0000	0.0000		
7	10	0.2273	9	1	0	2	1	0	0	0	0	N	N	Y	N	N	N	N	N	N	N	N	N	0.0000	0.0000	0.0000	0.0000	0.0000	0.0000	0.0000	0.0000	0.0000	0.0000	0.0000	0.0000	0.0000	0.0000	0.0000	0.0000	0.0000	0.0000	1.6018	2.2970	0.1149	3.1350	3.8519	0.0001	0.0795	0.0119	0.1621	0.0234	0.0000	-0.1759	0.6329	1.0010	9.5631	10.8665	0.0000	0.0000	0.0000	0.0000	0.0000	0.0000	0.0000	0.0000	0.0000	0.4038	0.3946	0.0092	0.3938	0.3938	0.0000	0.0101	0.0008	0.0092	0.0052	0.0046	0.0006	0.0012	0.0012	0.0001	0.0040	0.0034	0.0006	0.2521	0.1718	0.0803	0.1256	0.1022	0.0234	0.1265	0.0696	0.0569	0.0000	0.0000	0.0000	0.0000	0.0000	0.0000	0.0000	0.0000	0.0000	1.6018	2.2970	0.1149	3.1350	3.8519	0.0001	0.0795	0.0119	0.1621	
7	11	0.2168	9	1	1	1	2	0	0	0	0	N	N	N	Y	N	N	N	N	N	N	N	N	0.0000	0.0000	0.0000	0.0000	0.0000	0.0000	0.0000	0.0000	0.0000	0.0000	0.0000	0.0000	0.0000	0.0012	0.0019	0.0000	0.0032	0.0038	0.0000	0.0000	0.0000	0.0000	0.0000	0.0000	-0.0000	0.6329	0.0000	9.5631	4.9998	0.0000	0.0000	0.0000	0.0000	0.0000	0.0000	0.0000	0.0000	0.0000	0.0001	0.0001	0.0000	0.0001	0.0001	0.0000	0.0000	0.0000	0.0000	0.0000	0.0000	0.0000	0.0000	0.0000	0.0000	0.0000	0.0000	0.0000	0.0807	0.0524	0.0283	0.0308	0.0262	0.0046	0.0498	0.0262	0.0236	0.0000	0.0000	0.0000	0.0000	0.0000	0.0000	0.0000	0.0000	0.0000	0.0012	0.0019	0.0000	0.0032	0.0038	0.0000	0.0000	0.0000	0.0000						
7	12	0.6157	12	1	1	1	2	0	0	0	0	N	N	N	Y	N	N	N	N	N	N	N	N	0.0000	0.0000	0.0000	0.0000	0.0000	0.0000	0.0000	0.0000	0.0000	0.0000	0.0000	0.0000	0.0000	0.0000	0.0000	0.0000	0.0000	0.0199	0.0006	0.0607	0.0022	0.0010	0.0108	0.0367	0.0000	0.0721	45.7837	0.0000	0.0005	0.6329	0.9995	9.5631	2.0282	0.0000	0.0000	0.0000	0.0000	0.0000	0.0000	0.0000	0.0000	0.0000	0.0010	0.0000	0.0010	0.0001	0.0000	0.0000	0.0010	0.0000	0.0010	0.0049	0.0043	0.0006	0.0015	0.0014	0.0001	0.0034	0.0029	0.0005	0.0510	0.0346	0.0163	0.0248	0.0218	0.0030	0.0262	0.0129	0.0133	0.0000	0.0000	0.0000	0.0000	0.0000	0.0000	0.0000	0.0000	0.0000	0.0199	0.0006	0.0607	0.0022	0.0010	0.0108	0.0367	0.0000	0.0721		
7	13	0.2147	7	1	0	2	1	0	0	0	0	N	N	Y	N	N	N	N	N	N	N	N	N	0.0000	0.0000	0.0000	0.0000	0.0000	0.0000	0.0000	0.0000	0.0000	0.0000	0.0000	0.0000	0.0000	0.0000	0.0000	0.0000	0.0000	0.0000	6.1430	9.7144	0.0012	3.1632	3.8961	0.0009	7.2408	12.5670	0.0014	0.0001	0.0000	-0.5709	0.6329	0.0560	9.5631	10.7426	0.0000	0.0000	0.0000	0.0000	0.0000	0.0000	0.0000	0.0000	0.0000	1.2456	1.2456	0.0001	0.3870	0.3870	0.0000	0.8586	0.8586	0.0001	0.0011	0.0010	0.0001	0.0005	0.0005	0.0000	0.0006	0.0005	0.0001	0.2409	0.1676	0.0733	0.1223	0.0993	0.0230	0.1186	0.0683	0.0503	0.0000	0.0000	0.0000	0.0000	0.0000	0.0000	0.0000	0.0000	0.0000	5.1702	7.4297	0.0012	3.1632	3.8961	0.0009	7.2408	12.5670	0.0014	
7	14	0.1776	7	0	0	2	1	0	0	0	0	N	N	Y	N	N	N	N	N	N	N	N	N	0.2885	0.0000	0.8366	0.0114	0.0000	0.0447	0.3758	0.0000	1.2581	0.0447	0.0000	0.3535	0.0020	0.0000	0.0547	0.0542	0.0000	0.3702	0.1548	0.0124	0.4226	0.1750	0.0036	1.2215	0.1443	0.0195	0.2942	inf	18.1377	0.0021	0.0406	0.6329	16.7310	9.5631	15.9078	0.0037	0.0000	0.0037	0.0000	0.0000	0.0000	0.0036	0.0000	0.0036	0.0829	0.0043	0.0786	0.0320	0.0006	0.0314	0.0509	0.0038	0.0471	0.0824	0.0720	0.0104	0.0151	0.0145	0.0005	0.0673	0.0575	0.0099	0.5356	0.3497	0.1859	0.1829	0.1572	0.0257	0.3527	0.1925	0.1602	0.2885	0.0000	0.8366	0.0114	0.0000	0.0447	0.3758	0.0000	1.2581	0.1548	0.0124	0.4226	0.1750	0.0036	1.2215	0.1443	0.0195	0.2942
7	15	0.4629	8	0	0	2	1	0	0	0	0	N	N	Y	N	N	N	N	N	N	N	N	N	0.0000	0.0000	0.0000	0.0000	0.0000	0.0000	0.0000	0.0000	0.0000	0.0000	0.0000	0.0000	0.0000	0.0000	0.0000	0.0000	0.0000	0.0000	0.0226	0.0017	0.0730	0.0112	0.0025	0.0652	0.0373	0.0001	0.0758	17.2659	0.0000	0.0045	0.6329	10.3367	9.5631	13.9008	0.0000	0.0000	0.0000	0.0000	0.0000	0.0000	0.0000	0.0000	0.0000	0.0092	0.0005	0.0087	0.0026	0.0005	0.0021	0.0066	0.0000	0.0066	0.0434	0.0381	0.0053	0.0148	0.0138	0.0010	0.0286	0.0243	0.0043	0.4062	0.2874	0.1188	0.2291	0.1972	0.0319	0.1771	0.0902	0.0869	0.0000	0.0000	0.0000	0.0000	0.0000	0.0000	0.0000	0.0000	0.0000	0.0226	0.0017	0.0730	0.0112	0.0025	0.0652	0.0373	0.0001	0.0758	
7	16	0.1410	6	0	0	2	1	0	0	0	0	N	N	Y	N	N	N	N	N	N	N	N	N	0.0000	0.0000	0.0000	0.0000	0.0000	0.0000	0.0000	0.0000	0.0000	0.0000	0.0000	0.0000	0.0000	0.0000	0.0000	0.0000	0.0000	0.0000	0.0288	0.0445	0.0000	0.0841	0.0942	0.0000	0.0001	0.0002	0.0000	0.0001	0.0000	-0.0078	0.6329	12.0000	9.5631	18.8883	0.0000	0.0000	0.0000	0.0000	0.0000	0.0000	0.0000	0.0000	0.0000	0.0170	0.0170	0.0000	0.0170	0.0170	0.0000	0.0001	0.0000	0.0000	0.0594	0.0517	0.0077	0.0079	0.0077	0.0002	0.0515	0.0440	0.0075	0.5914	0.3820	0.2095	0.2017	0.1801	0.0216	0.3897	0.2019	0.1878	0.0000	0.0000	0.0000	0.0000	0.0000	0.0000	0.0000	0.0000	0.0000	0.0288	0.0445	0.0000	0.0841	0.0942	0.0000	0.0001	0.0002	0.0000	
7	17	0.6242	9	1	1	1	1	0	0	0	0	N	N	N	N	N	N	N	N	N	N	N	N	0.0000	0.0000	0.0000	0.0000	0.0000	0.0000	0.0000	0.0000	0.0000	0.0000	0.0000	0.0000	0.0000	0.0000	0.0000	0.0001	0.0001	0.0000	0.0001	0.0001	0.0000	0.0000	0.0000	0.0000	0.0001	0.0000	-0.0000	0.6329	3.5868	9.5631	9.0275	0.0000	0.0000	0.0000	0.0000	0.0000	0.0000	0.0000	0.0000	0.0000	0.0000	0.0000	0.0000	0.0000	0.0000	0.0000	0.0000	0.0000	0.0000	0.0237	0.0211	0.0026	0.0102	0.0097	0.0005	0.0135	0.0114	0.0021	0.1953	0.1368	0.0585	0.1116	0.0923	0.0193	0.0837	0.0445	0.0391	0.0000	0.0000	0.0000	0.0000	0.0000	0.0000	0.0000	0.0000	0.0000	0.0001	0.0001	0.0000	0.0001	0.0001	0.0000	0.0000	0.0000	0.0000				
7	18	0.1938	6	1	1	1	1	0	0	0	0	N	N	N	N	N	N	N	N	N	N	N	N	0.0000	0.0000	0.0000	0.0000	0.0000	0.0000	0.0000	0.0000	0.0000	0.0000	0.0000	0.0000	0.0000	0.0000	0.0000	0.0000	0.0000	2.7355	0.0017	12.6526	0.0039	0.0031	0.0089	4.7598	0.0000	14.1346	2431.1409	0.0000	0.5342	0.6329	3.9981	9.5631	16.5900	0.0000	0.0000	0.0000	0.0000	0.0000	0.0000	0.0000	0.0000	0.0000	0.9871	0.0004	0.9867	0.0006	0.0004	0.0002	0.9865	0.0000	0.9865	0.0203	0.0177	0.0026	0.0040	0.0038	0.0002	0.0163	0.0140	0.0024	0.3608	0.2445	0.1164	0.1536	0.1322	0.0214	0.2073	0.1123	0.0949	0.0000	0.0000	0.0000	0.0000	0.0000	0.0000	0.0000	0.0000	0.0000	2.7355	0.0017	8.4795	0.0039	0.0031	0.0089	4.7598	0.0000	10.3910		
7	19	0.5799	10	0	0	2	2	0	0	0	0	N	N	Y	Y	N	N	N	N	N	N	N	N	0.0000	0.0000	0.0000	0.0000	0.0000	0.0000	0.0000	0.0000	0.0000	0.0000	0.0000	0.0000	0.0000	0.0000	0.0000	0.0000	0.0000	0.0000	0.0000	0.0000	0.0000	0.0000	0.0000	0.0000	inf	0.0000	0.0000	0.6329	0.0000	9.5631	2.0009	0.0000	0.0000	0.0000	0.0000	0.0000	0.0000	0.0000	0.0000	0.0000	0.0000	0.0000	0.0000	0.0000	0.0000	0.0000	0.0000	0.0000	0.0000	0.0000	0.0000	0.0000	0.0000	0.0000	0.0000	0.0000	0.0000	0.0000	0.0323	0.0221	0.0102	0.0151	0.0131	0.0020	0.0171	0.0089	0.0082	0.0000	0.0000	0.0000	0.0000	0.0000	0.0000	0.0000	0.0000	0.0000	0.0000	0.0000	0.0000	0.0000	0.0000	0.0000	0.0000	0.0000	0.0000				
7	20	0.5942	11	0	0	2	2	0	0	0	0	N	N	Y	Y	N	N	N	N	N	N	N	N	0.0000	0.0000	0.0000	0.0000	0.0000	0.0000	0.0000	0.0000	0.0000	0.0000	0.0000	0.0000	0.0000	0.0000	0.0000	0.0000	0.0000	0.0000	0.0724	0.0457	0.1314	0.0039	0.0036	0.0058	0.1350	0.1090	0.1640	1.2963	0.0000	0.0042	0.6329	14.9999	9.5631	23.4905	0.0000	0.0000	0.0000	0.0000	0.0000	0.0000	0.0000	0.0000	0.0000	0.0392	0.0171	0.0221	0.0010	0.0008	0.0002	0.0382	0.0163	0.0219	0.0697	0.0613	0.0084	0.0196	0.0185	0.0011	0.0501	0.0428	0.0073	0.5416	0.3732	0.1685	0.2588	0.2240	0.0348	0.2828	0.1492	0.1337	0.0000	0.0000	0.0000	0.0000	0.0000	0.0000	0.0000	0.0000	0.0000	0.0724	0.0457	0.1314	0.0039	0.0036	0.0058	0.1350	0.1090	0.1640	
7	21	0.1938	6	0	1	1	1	0	0	0	0	N	N	N	N	N	N	N	N	N	N	N	N	0.0000	0.0000	0.0000	0.0000	0.0000	0.0000	0.0000	0.0000	0.0000	0.0000	0.0000	0.0000	0.0000	0.0000	0.0000	0.0000	0.0000	0.0000	0.0661	0.0553	0.0885	0.0743	0.0063	0.4734	0.0603	0.1104	0.0007	0.7783	0.0000	-0.0008	0.6329	4.9981	9.5631	32.5905	0.0000	0.0000	0.0000	0.0000	0.0000	0.0000	0.0000	0.0000	0.0000	0.0392	0.0220	0.0172	0.0184	0.0013	0.0170	0.0208	0.0207	0.0001	0.0253	0.0221	0.0032	0.0049	0.0047	0.0002	0.0204	0.0174	0.0030	0.5924	0.3987	0.1937	0.2472	0.2112	0.0360	0.3452	0.1875	0.1577	0.0000	0.0000	0.0000	0.0000	0.0000	0.0000	0.0000	0.0000	0.0000	0.0661	0.0553	0.0885	0.0743	0.0063	0.4734	0.0603	0.1104	0.0007	
7	22	0.6242	9	0	1	1	1	0	0	0	0	N	N	N	N	N	N	N	N	N	N	N	N	0.0000	0.0000	0.0000	0.0000	0.0000	0.0000	0.0000	0.0000	0.0000	0.0000	0.0000	0.0000	0.0000	0.0000	0.0000	0.0000	0.0000	0.0000	0.0007	0.0010	0.0000	0.0006	0.0007	0.0000	0.0008	0.0015	0.0000	0.0011	0.0000	-0.0001	0.6329	12.5677	9.5631	9.8718	0.0000	0.0000	0.0000	0.0000	0.0000	0.0000	0.0000	0.0000	0.0000	0.0002	0.0002	0.0000	0.0001	0.0001	0.0000	0.0001	0.0001	0.0000	0.0533	0.0468	0.0066	0.0189	0.0177	0.0012	0.0345	0.0291	0.0054	0.2957	0.2049	0.0908	0.1630	0.1363	0.0267	0.1327	0.0686	0.0641	0.0000	0.0000	0.0000	0.0000	0.0000	0.0000	0.0000	0.0000	0.0000	0.0007	0.0010	0.0000	0.0006	0.0007	0.0000	0.0008	0.0015	0.0000	
7	23	0.2413	9	0	0	1	2	0	0	0	0	N	N	N	Y	N	N	N	N	N	N	N	N	0.0000	0.0000	0.0000	0.0000	0.0000	0.0000	0.0000	0.0000	0.0000	0.0000	0.0000	0.0000	0.0000	0.0000	0.0000	0.0000	0.0001	0.0000	0.0002	0.0000	0.0000	0.0000	0.0001	0.0000	0.0002	41.3814	0.0000	0.0000	0.6329	0.9981	9.5631	0.0014	0.0000	0.0000	0.0000	0.0000	0.0000	0.0000	0.0000	0.0000	0.0000	0.0000	0.0000	0.0000	0.0000	0.0000	0.0000	0.0000	0.0000	0.0000	0.0051	0.0044	0.0006	0.0011	0.0011	0.0001	0.0039	0.0034	0.0006	0.0160	0.0105	0.0056	0.0059	0.0052	0.0008	0.0101	0.0053	0.0048	0.0000	0.0000	0.0000	0.0000	0.0000	0.0000	0.0000	0.0000	0.0000	0.0001	0.0000	0.0002	0.0000	0.0000	0.0000	0.0001	0.0000	0.0002			
7	24	0.0463	2	0	1	1	2	0	0	0	0	N	N	N	Y	N	N	N	N	N	N	N	N	2.9865	0.0003	5.3546	0.0002	0.0002	0.0000	6.5446	0.0042	5.3345	1.7927	0.0001	3.6285	0.0001	0.0001	0.0000	3.5443	0.0000	3.6286	0.6003	0.5353	0.6776	0.6784	0.6812	0.0586	0.5416	0.0001	0.6802	26183.3861	1.0627	0.2213	0.0371	0.6329	0.6341	9.5631	12.6218	0.3960	0.0000	0.3960	0.0000	0.0000	0.0000	0.3960	0.0000	0.3960	0.6531	0.3166	0.3365	0.3167	0.3166	0.0001	0.3363	0.0000	0.3363	0.2209	0.1118	0.1091	0.1092	0.1092	0.0000	0.1117	0.0026	0.1091	1.0879	0.5914	0.4965	0.4669	0.4648	0.0021	0.6211	0.1266	0.4944	2.9865	0.0003	5.3546	0.0002	0.0002	0.0000	6.5446	0.0042	5.3345	0.6003	0.5353	0.6776	0.6784	0.6812	0.0586	0.5416	0.0001	0.6802
7	25	0.5639	8	0	1	1	1	0	0	0	0	N	N	N	N	N	N	N	N	N	N	N	N	0.0010	0.0007	0.0059	0.0017	0.0014	0.0137	0.0005	0.0000	0.0051	0.0001	0.0001	0.0001	0.0003	0.0003	0.0006	0.0000	0.0000	0.0001	0.1157	0.1537	0.0244	0.1911	0.2221	0.0470	0.0175	0.0214	0.0127	0.1500	0.0661	-0.0000	-0.0232	0.6329	10.0221	9.5631	10.6811	0.0000	0.0000	0.0000	0.0000	0.0000	0.0000	0.0000	0.0000	0.0000	0.0586	0.0550	0.0036	0.0548	0.0524	0.0024	0.0039	0.0026	0.0012	0.0614	0.0549	0.0065	0.0211	0.0202	0.0009	0.0403	0.0347	0.0056	0.5066	0.3578	0.1488	0.2866	0.2359	0.0508	0.2200	0.1219	0.0981	0.0010	0.0007	0.0059	0.0017	0.0014	0.0137	0.0005	0.0000	0.0051	0.1157	0.1537	0.0244	0.1911	0.2221	0.0470	0.0175	0.0214	0.0127
7	26	0.2279	8	0	1	1	1	0	0	0	0	N	N	N	N	N	N	N	N	N	N	N	N	0.0000	0.0000	0.0000	0.0000	0.0000	0.0000	0.0000	0.0000	0.0000	0.0000	0.0000	0.0000	0.0000	0.0000	0.0000	0.0000	0.0000	0.0000	0.0339	0.0059	0.0921	0.0630	0.0005	0.3749	0.0092	0.0128	0.0049	7.5301	0.0000	0.0027	0.6329	3.9997	9.5631	5.4032	0.0000	0.0000	0.0000	0.0000	0.0000	0.0000	0.0000	0.0000	0.0000	0.0063	0.0007	0.0056	0.0054	0.0000	0.0054	0.0009	0.0007	0.0002	0.0202	0.0177	0.0025	0.0041	0.0039	0.0002	0.0161	0.0137	0.0024	0.1873	0.1265	0.0608	0.0859	0.0715	0.0143	0.1015	0.0550	0.0465	0.0000	0.0000	0.0000	0.0000	0.0000	0.0000	0.0000	0.0000	0.0000	0.0339	0.0059	0.0921	0.0630	0.0005	0.3749	0.0092	0.0128	0.0049	
7	27	0.5942	11	0	1	1	2	0	0	0	0	N	N	N	Y	N	N	N	N	N	N	N	N	0.0000	0.0000	0.0000	0.0000	0.0000	0.0000	0.0000	0.0000	0.0000	0.0000	0.0000	0.0000	0.0000	0.0000	0.0000	0.0000	0.0000	0.0000	3.6930	5.8527	0.0065	14.0566	14.8939	0.0297	0.0003	0.0000	0.0005	0.0005	0.0000	-0.4272	0.6329	4.9655	9.5631	10.6561	0.0000	0.0000	0.0000	0.0000	0.0000	0.0000	0.0000	0.0000	0.0000	0.9330	0.9325	0.0005	0.9330	0.9325	0.0005	0.0000	0.0000	0.0000	0.0243	0.0213	0.0030	0.0069	0.0065	0.0004	0.0174	0.0148	0.0026	0.2526	0.1752	0.0774	0.1219	0.1062	0.0157	0.1307	0.0690	0.0617	0.0000	0.0000	0.0000	0.0000	0.0000	0.0000	0.0000	0.0000	0.0000	3.6930	5.3224	0.0065	7.6517	8.7794	0.0297	0.0003	0.0000	0.0005	
7	28	0.2464	10	0	1	1	2	0	0	0	0	N	N	N	Y	N	N	N	N	N	N	N	N	0.0000	0.0000	0.0000	0.0000	0.0000	0.0000	0.0000	0.0000	0.0000	0.0000	0.0000	0.0000	0.0000	0.0000	0.0000	0.0000	0.0000	0.0000	0.0000	0.0000	0.6329	0.0000	9.5631	0.0000	0.0000	0.0000	0.0000	0.0000	0.0000	0.0000	0.0000	0.0000	0.0000	0.0000	0.0000	0.0000	0.0000	0.0000	0.0000	0.0000	0.0000	0.0000	0.0000	0.0000	0.0000	0.0000	0.0000	0.0000	0.0000	0.0000	0.0000	0.0000	0.0000	0.0000	0.0000	0.0000	0.0000	0.0000	0.0000	0.0000	0.0000	0.0000	0.0000	0.0000	0.0000	0.0000	0.0000	0.0000	0.0000	0.0000	0.0000	0.0000	0.0000	0.0000	0.0000	0.0000	0.0000	0.0000											
7	29	0.2138	5	1	1	1	1	0	0	0	0	N	N	N	N	N	N	N	N	N	N	N	N	0.0024	0.0122	0.0000	0.0218	0.0262	0.0003	0.0000	0.0038	0.0000	0.0002	0.0002	0.0000	0.0007	0.0007	0.0000	0.0000	0.0000	0.0000	0.0733	0.0167	0.2083	0.0306	0.0264	0.0725	0.1140	0.0002	0.2324	0.0058	5.2455	-0.0000	0.0121	0.6329	3.9885	9.5631	8.5018	0.0000	0.0000	0.0000	0.0000	0.0000	0.0000	0.0000	0.0000	0.0000	0.0318	0.0051	0.0267	0.0065	0.0051	0.0014	0.0254	0.0000	0.0253	0.0253	0.0221	0.0032	0.0067	0.0065	0.0003	0.0186	0.0156	0.0030	0.4341	0.3057	0.1284	0.2117	0.1924	0.0193	0.2224	0.1133	0.1091	0.0024	0.0122	0.0000	0.0218	0.0262	0.0003	0.0000	0.0038	0.0000	0.0733	0.0167	0.2083	0.0306	0.0264	0.0725	0.1140	0.0002	0.2324
7	30	0.2047	7	0	1	1	1	0	0	0	0	N	N	N	N	N	N	N	N	N	N	N	N	0.0000	0.0000	0.0000	0.0000	0.0000	0.0000	0.0000	0.0000	0.0000	0.0000	0.0000	0.0000	0.0000	0.0000	0.0000	0.0000	0.0000	0.0000	0.0165	0.0009	0.0567	0.0296	0.0014	0.1850	0.0013	0.0001	0.0029	23.5989	0.0000	0.0018	0.6329	0.9701	9.5631	4.0208	0.0000	0.0000	0.0000	0.0000	0.0000	0.0000	0.0000	0.0000	0.0000	0.0037	0.0001	0.0035	0.0035	0.0001	0.0034	0.0001	0.0000	0.0001	0.0142	0.0126	0.0016	0.0060	0.0058	0.0002	0.0082	0.0068	0.0014	0.2228	0.1605	0.0622	0.1197	0.1013	0.0184	0.1031	0.0593	0.0439	0.0000	0.0000	0.0000	0.0000	0.0000	0.0000	0.0000	0.0000	0.0000	0.0165	0.0009	0.0567	0.0296	0.0014	0.1850	0.0013	0.0001	0.0029	
7	31	0.0604	3	0	0	1	2	0	0	0	0	N	N	N	Y	N	N	N	N	N	N	N	N	0.0193	0.0466	0.0000	0.1929	0.1922	0.0000	0.0000	0.0000	0.0000	0.0307	0.0361	0.0000	0.2508	0.2531	0.0000	0.0000	0.0000	0.0000	1.5958	0.7730	2.7348	1.3005	1.3166	0.3250	1.7524	0.0000	2.7677	0.0000	2.5555	-0.0004	0.3218	0.6329	5.0045	9.5631	16.6627	0.0008	0.0008	0.0000	0.0008	0.0008	0.0000	0.0000	0.0000	0.0000	1.2358	0.3476	0.8883	0.3490	0.3476	0.0014	0.8868	0.0000	0.8868	0.0262	0.0224	0.0039	0.0032	0.0032	0.0000	0.0230	0.0192	0.0039	0.7744	0.4496	0.3248	0.2684	0.2640	0.0044	0.5061	0.1856	0.3204	0.0193	0.0466	0.0000	0.1929	0.1922	0.0000	0.0000	0.0000	0.0000	1.5958	0.7730	2.7348	1.3005	1.3166	0.3250	1.7524	0.0000	2.7677
7	32	0.7216	11	1	0	2	1	0	0	0	0	N	N	Y	N	N	N	N	N	N	N	N	N	0.0000	0.0000	0.0000	0.0000	0.0000	0.0000	0.0000	0.0000	0.0000	0.0000	0.0000	0.0000	0.0000	0.0000	0.0000	0.0041	0.0000	0.0129	0.0000	0.0000	0.0002	0.0088	0.0000	0.0167	inf	0.0000	0.0000	0.6329	1.4893	9.5631	0.0050	0.0000	0.0000	0.0000	0.0000	0.0000	0.0000	0.0000	0.0000	0.0000	0.0001	0.0000	0.0001	0.0000	0.0000	0.0000	0.0001	0.0000	0.0001	0.0055	0.0047	0.0008	0.0016	0.0015	0.0001	0.0039	0.0033	0.0007	0.0192	0.0131	0.0061	0.0103	0.0089	0.0014	0.0089	0.0042	0.0047	0.0000	0.0000	0.0000	0.0000	0.0000	0.0000	0.0000	0.0000	0.0000	0.0041	0.0000	0.0129	0.0000	0.0000	0.0002	0.0088	0.0000	0.0167				
7	33	0.2048	7	1	0	2	1	0	0	0	0	N	N	Y	N	N	N	N	N	N	N	N	N	0.0000	0.0000	0.0000	0.0000	0.0000	0.0000	0.0000	0.0000	0.0000	0.0000	0.0000	0.0000	0.0000	0.0000	0.0000	0.0000	0.0000	0.0000	0.0020	0.0024	0.0009	0.0006	0.0007	0.0000	0.0030	0.0045	0.0011	0.1640	0.0000	-0.0001	0.6329	0.9855	9.5631	5.0251	0.0000	0.0000	0.0000	0.0000	0.0000	0.0000	0.0000	0.0000	0.0000	0.0002	0.0002	0.0000	0.0000	0.0000	0.0000	0.0002	0.0002	0.0000	0.0053	0.0046	0.0007	0.0011	0.0010	0.0000	0.0042	0.0036	0.0006	0.1192	0.0826	0.0367	0.0512	0.0443	0.0069	0.0680	0.0382	0.0298	0.0000	0.0000	0.0000	0.0000	0.0000	0.0000	0.0000	0.0000	0.0000	0.0020	0.0024	0.0009	0.0006	0.0007	0.0000	0.0030	0.0045	0.0011	
7	34	0.1776	7	0	1	1	1	0	0	0	0	N	N	N	N	N	N	N	N	N	N	N	N	0.0000	0.0000	0.0000	0.0000	0.0000	0.0000	0.0000	0.0000	0.0000	0.0000	0.0000	0.0000	0.0000	0.0000	0.0000	0.0000	0.0000	0.0005	0.0007	0.0000	0.0012	0.0014	0.0000	0.0000	0.0000	0.0000	0.0030	0.0000	-0.0000	0.6329	2.0026	9.5631	4.0175	0.0000	0.0000	0.0000	0.0000	0.0000	0.0000	0.0000	0.0000	0.0000	0.0001	0.0001	0.0000	0.0001	0.0001	0.0000	0.0000	0.0000	0.0000	0.0126	0.0108	0.0018	0.0030	0.0029	0.0001	0.0096	0.0079	0.0017	0.1314	0.0876	0.0438	0.0513	0.0440	0.0073	0.0801	0.0436	0.0365	0.0000	0.0000	0.0000	0.0000	0.0000	0.0000	0.0000	0.0000	0.0000	0.0005	0.0007	0.0000	0.0012	0.0014	0.0000	0.0000	0.0000	0.0000		
7	35	0.1776	6	0	0	1	1	0	0	0	0	N	N	N	N	N	N	N	N	N	N	N	N	0.0008	0.0002	0.0069	0.0006	0.0006	0.0000	0.0009	0.0000	0.0077	0.0000	0.0000	0.0001	0.0000	0.0000	0.0000	0.0000	0.0000	0.0001	0.0315	0.0398	0.0134	0.0375	0.0407	0.0181	0.0265	0.0386	0.0122	2.0000	0.1536	0.0000	-0.0006	0.6329	0.4148	9.5631	1.5497	0.0000	0.0000	0.0000	0.0000	0.0000	0.0000	0.0000	0.0000	0.0000	0.0020	0.0017	0.0003	0.0011	0.0010	0.0001	0.0009	0.0007	0.0002	0.0046	0.0038	0.0008	0.0016	0.0016	0.0000	0.0030	0.0022	0.0008	0.0621	0.0427	0.0195	0.0281	0.0242	0.0040	0.0340	0.0185	0.0155	0.0008	0.0002	0.0069	0.0006	0.0006	0.0000	0.0009	0.0000	0.0077	0.0315	0.0398	0.0134	0.0375	0.0407	0.0181	0.0265	0.0386	0.0122
7	36	0.1199	4	0	1	1	1	0	0	0	0	N	N	N	N	N	N	N	N	N	N	N	N	0.1036	0.0000	0.7636	0.0035	0.0000	0.1207	0.2414	0.0000	0.9240	0.0967	0.0000	0.7422	0.0063	0.0000	0.3153	0.1097	0.0000	0.7506	0.9340	0.9102	0.9720	1.7844	1.6978	2.6128	0.4545	0.0202	0.8123	inf	0.6676	0.0021	-0.0351	0.6329	7.9964	9.5631	23.6501	0.0037	0.0000	0.0037	0.0000	0.0000	0.0000	0.0037	0.0000	0.0037	0.6044	0.3624	0.2420	0.4164	0.3587	0.0577	0.1881	0.0038	0.1843	0.0380	0.0331	0.0050	0.0048	0.0047	0.0001	0.0333	0.0284	0.0049	0.6471	0.3982	0.2490	0.2333	0.2113	0.0221	0.4138	0.1869	0.2269	0.1036	0.0000	0.7636	0.0035	0.0000	0.1207	0.2414	0.0000	0.9240	0.9340	0.9102	0.9720	1.7844	1.6978	2.6128	0.4545	0.0202	0.8123
7	37	0.1938	6	1	1	1	1	0	0	0	0	N	N	N	N	N	N	N	N	N	N	N	N	0.0000	0.0000	0.0000	0.0000	0.0000	0.0000	0.0000	0.0000	0.0000	0.0000	0.0000	0.0000	0.0000	0.0000	0.0000	0.0000	0.0000	0.0000	1.9204	0.2491	5.3741	0.2889	0.3331	0.0273	3.0980	0.1536	6.5951	10.4381	0.0000	0.4645	0.6329	6.9981	9.5631	25.9787	0.0000	0.0000	0.0000	0.0000	0.0000	0.0000	0.0000	0.0000	0.0000	1.0227	0.0894	0.9333	0.0645	0.0636	0.0009	0.9582	0.0258	0.9324	0.0351	0.0307	0.0044	0.0068	0.0065	0.0003	0.0283	0.0241	0.0041	0.5325	0.3589	0.1737	0.2233	0.1910	0.0323	0.3093	0.1679	0.1414	0.0000	0.0000	0.0000	0.0000	0.0000	0.0000	0.0000	0.0000	0.0000	1.9204	0.2491	5.3741	0.2889	0.3331	0.0273	3.0980	0.1536	6.5951	
7	38	0.1776	6	0	1	1	1	0	0	0	0	N	N	N	N	N	N	N	N	N	N	N	N	0.0004	0.0004	0.0000	0.0050	0.0054	0.0000	0.0000	0.0000	0.0000	0.0000	0.0000	0.0000	0.0000	0.0000	0.0000	0.0000	0.0000	0.0000	0.0037	0.0046	0.0021	0.0014	0.0013	0.0017	0.0051	0.0075	0.0022	0.0000	0.2391	-0.0000	-0.0003	0.6329	4.7553	9.5631	10.1994	0.0000	0.0000	0.0000	0.0000	0.0000	0.0000	0.0000	0.0000	0.0000	0.0010	0.0008	0.0002	0.0001	0.0001	0.0000	0.0009	0.0007	0.0002	0.0263	0.0228	0.0035	0.0054	0.0052	0.0002	0.0209	0.0176	0.0034	0.2765	0.1817	0.0948	0.0992	0.0851	0.0141	0.1773	0.0966	0.0807	0.0004	0.0004	0.0000	0.0050	0.0054	0.0000	0.0000	0.0000	0.0000	0.0037	0.0046	0.0021	0.0014	0.0013	0.0017	0.0051	0.0075	0.0022
7	39	0.1199	4	1	1	1	1	0	0	0	0	N	N	N	N	N	N	N	N	N	N	N	N	0.0000	0.0000	0.0000	0.0000	0.0000	0.0000	0.0000	0.0000	0.0000	0.0000	0.0000	0.0000	0.0000	0.0000	0.0000	0.0000	0.0000	0.0000	1.5280	2.3814	0.1603	4.0774	4.5038	0.0215	0.0964	0.0031	0.1738	0.0420	0.0000	-0.4189	0.6329	5.0000	9.5631	27.3229	0.0000	0.0000	0.0000	0.0000	0.0000	0.0000	0.0000	0.0000	0.0000	1.0020	0.9616	0.0404	0.9615	0.9611	0.0005	0.0405	0.0006	0.0399	0.0241	0.0209	0.0032	0.0030	0.0030	0.0001	0.0211	0.0180	0.0031	0.6558	0.4038	0.2520	0.2358	0.2134	0.0224	0.4200	0.1904	0.2295	0.0000	0.0000	0.0000	0.0000	0.0000	0.0000	0.0000	0.0000	0.0000	1.5280	2.3814	0.1603	4.0774	4.5038	0.0215	0.0964	0.0031	0.1738	
7	40	0.1938	6	0	1	1	1	0	0	0	0	N	N	N	N	N	N	N	N	N	N	N	N	0.0000	0.0000	0.0000	0.0000	0.0000	0.0000	0.0000	0.0000	0.0000	0.0000	0.0000	0.0000	0.0000	0.0000	0.0000	0.0000	0.0000	0.0000	0.0873	0.1033	0.0543	0.1784	0.1632	0.2691	0.0211	0.0344	0.0053	0.2533	0.0000	-0.0106	0.6329	7.0019	9.5631	21.4344	0.0000	0.0000	0.0000	0.0000	0.0000	0.0000	0.0000	0.0000	0.0000	0.0412	0.0329	0.0083	0.0354	0.0278	0.0077	0.0058	0.0051	0.0007	0.0351	0.0307	0.0044	0.0068	0.0065	0.0003	0.0283	0.0242	0.0041	0.4715	0.3182	0.1533	0.1987	0.1702	0.0285	0.2728	0.1480	0.1248	0.0000	0.0000	0.0000	0.0000	0.0000	0.0000	0.0000	0.0000	0.0000	0.0873	0.1033	0.0543	0.1784	0.1632	0.2691	0.0211	0.0344	0.0053	
7	41	0.6242	9	0	1	1	1	0	0	0	0	N	N	N	N	N	N	N	N	N	N	N	N	0.0000	0.0000	0.0000	0.0000	0.0000	0.0000	0.0000	0.0000	0.0000	0.0000	0.0000	0.0000	0.0000	0.0000	0.0000	0.0000	0.0000	0.0000	0.0014	0.0006	0.0032	0.0003	0.0003	0.0000	0.0029	0.0013	0.0046	2.1756	0.0000	0.0001	0.6329	8.1446	9.5631	10.2519	0.0000	0.0000	0.0000	0.0000	0.0000	0.0000	0.0000	0.0000	0.0000	0.0004	0.0001	0.0003	0.0000	0.0000	0.0000	0.0003	0.0001	0.0003	0.0396	0.0348	0.0047	0.0149	0.0140	0.0009	0.0247	0.0208	0.0039	0.2590	0.1800	0.0790	0.1443	0.1203	0.0241	0.1147	0.0598	0.0549	0.0000	0.0000	0.0000	0.0000	0.0000	0.0000	0.0000	0.0000	0.0000	0.0014	0.0006	0.0032	0.0003	0.0003	0.0000	0.0029	0.0013	0.0046	
7	42	0.1938	6	0	1	1	1	0	0	0	0	N	N	N	N	N	N	N	N	N	N	N	N	0.0000	0.0000	0.0000	0.0000	0.0000	0.0000	0.0000	0.0000	0.0000	0.0000	0.0000	0.0000	0.0000	0.0000	0.0000	0.0000	0.0000	0.0256	0.0018	0.0760	0.0578	0.0033	0.4005	0.0016	0.0000	0.0035	20.0467	0.0000	0.0040	0.6329	5.9981	9.5631	11.5875	0.0000	0.0000	0.0000	0.0000	0.0000	0.0000	0.0000	0.0000	0.0000	0.0081	0.0004	0.0077	0.0078	0.0004	0.0074	0.0003	0.0000	0.0003	0.0302	0.0264	0.0038	0.0059	0.0056	0.0003	0.0243	0.0208	0.0035	0.3167	0.2151	0.1017	0.1355	0.1169	0.0186	0.1813	0.0982	0.0831	0.0000	0.0000	0.0000	0.0000	0.0000	0.0000	0.0000	0.0000	0.0000	0.0256	0.0018	0.0760	0.0578	0.0033	0.4005	0.0016	0.0000	0.0035		
7	43	0.2775	6	0	1	2	2	0	0	0	0	N	N	Y	Y	N	N	N	N	N	N	N	N	0.0000	0.0000	0.0000	0.0000	0.0000	0.0000	0.0000	0.0000	0.0000	0.0000	0.0000	0.0000	0.0000	0.0000	0.0000	0.0000	0.0000	0.0000	0.0213	0.0022	0.0697	0.0029	0.0013	0.0307	0.0348	0.0032	0.0730	12.7243	0.0000	0.0011	0.6329	1.0007	9.5631	2.4334	0.0000	0.0000	0.0000	0.0000	0.0000	0.0000	0.0000	0.0000	0.0000	0.0023	0.0002	0.0021	0.0001	0.0001	0.0001	0.0022	0.0001	0.0021	0.0050	0.0044	0.0006	0.0009	0.0009	0.0000	0.0041	0.0035	0.0006	0.1077	0.0771	0.0305	0.0453	0.0430	0.0024	0.0623	0.0342	0.0282	0.0000	0.0000	0.0000	0.0000	0.0000	0.0000	0.0000	0.0000	0.0000	0.0213	0.0022	0.0697	0.0029	0.0013	0.0307	0.0348	0.0032	0.0730	
7	44	0.2403	5	0	0	1	2	0	0	0	0	N	N	N	Y	N	N	N	N	N	N	N	N	0.0000	0.0000	0.0000	0.0016	0.0015	0.0000	0.0000	0.0000	0.0000	0.0000	0.0000	0.0000	0.0001	0.0001	0.0000	0.0000	0.0000	0.0000	2.1261	3.1095	0.0123	0.0436	0.0465	0.0196	3.7862	7.3442	0.0110	0.0095	0.0018	-0.0000	-0.4471	0.6329	1.0391	9.5631	15.0482	0.0000	0.0000	0.0000	0.0000	0.0000	0.0000	0.0000	0.0000	0.0000	0.9793	0.9775	0.0018	0.0089	0.0085	0.0004	0.9704	0.9690	0.0014	0.0055	0.0048	0.0007	0.0011	0.0011	0.0000	0.0044	0.0038	0.0007	0.4606	0.3144	0.1462	0.2043	0.1824	0.0219	0.2563	0.1319	0.1244	0.0000	0.0000	0.0000	0.0016	0.0015	0.0000	0.0000	0.0000	0.0000	2.1261	3.1095	0.0123	0.0436	0.0465	0.0196	3.7862	7.3442	0.0110
7	45	0.1199	4	0	1	1	1	0	0	0	0	N	N	N	N	N	N	N	N	N	N	N	N	0.0000	0.0000	0.0000	0.0000	0.0000	0.0000	0.0000	0.0000	0.0000	0.0000	0.0000	0.0000	0.0000	0.0000	0.0000	0.0000	0.0000	0.0000	0.7299	0.9722	0.3393	1.5968	1.7674	0.0021	0.2490	0.1030	0.3727	0.2165	0.0000	-0.1397	0.6329	12.0036	9.5631	21.9053	0.0000	0.0000	0.0000	0.0000	0.0000	0.0000	0.0000	0.0000	0.0000	0.4981	0.4094	0.0887	0.3888	0.3887	0.0000	0.1093	0.0207	0.0886	0.0570	0.0496	0.0074	0.0072	0.0070	0.0001	0.0498	0.0426	0.0072	0.6824	0.4211	0.2613	0.2435	0.2199	0.0235	0.4389	0.2012	0.2377	0.0000	0.0000	0.0000	0.0000	0.0000	0.0000	0.0000	0.0000	0.0000	0.7299	0.9722	0.3393	1.5968	1.7674	0.0021	0.2490	0.1030	0.3727	
7	46	0.6012	12	1	1	1	1	0	0	0	0	N	N	N	N	N	N	N	N	N	N	N	N	0.0000	0.0000	0.0000	0.0000	0.0000	0.0000	0.0000	0.0000	0.0000	0.0000	0.0000	0.0000	0.0000	0.0000	0.0000	0.0000	0.0000	0.0000	0.0088	0.0123	0.0007	0.0179	0.0205	0.0020	0.0002	0.0000	0.0004	0.0271	0.0000	-0.0002	0.6329	2.0120	9.5631	1.9924	0.0000	0.0000	0.0000	0.0000	0.0000	0.0000	0.0000	0.0000	0.0000	0.0005	0.0005	0.0000	0.0005	0.0005	0.0000	0.0000	0.0000	0.0000	0.0099	0.0087	0.0012	0.0030	0.0028	0.0002	0.0069	0.0059	0.0010	0.0607	0.0419	0.0188	0.0293	0.0252	0.0040	0.0314	0.0166	0.0148	0.0000	0.0000	0.0000	0.0000	0.0000	0.0000	0.0000	0.0000	0.0000	0.0088	0.0123	0.0007	0.0179	0.0205	0.0020	0.0002	0.0000	0.0004	
7	47	0.2244	10	1	1	1	1	0	0	0	0	N	N	N	N	N	N	N	N	N	N	N	N	0.0000	0.0000	0.0000	0.0000	0.0000	0.0000	0.0000	0.0000	0.0000	0.0000	0.0000	0.0000	0.0000	0.0000	0.0000	0.0000	0.0000	0.0000	0.0024	0.0019	0.0036	0.0033	0.0037	0.0010	0.0019	0.0000	0.0041	1.0221	0.0000	0.0000	0.6329	0.0002	9.5631	4.0036	0.0000	0.0000	0.0000	0.0000	0.0000	0.0000	0.0000	0.0000	0.0000	0.0002	0.0001	0.0001	0.0001	0.0001	0.0000	0.0001	0.0000	0.0001	0.0000	0.0000	0.0000	0.0000	0.0000	0.0000	0.0000	0.0000	0.0000	0.0659	0.0429	0.0230	0.0254	0.0217	0.0038	0.0404	0.0212	0.0192	0.0000	0.0000	0.0000	0.0000	0.0000	0.0000	0.0000	0.0000	0.0000	0.0024	0.0019	0.0036	0.0033	0.0037	0.0010	0.0019	0.0000	0.0041	
7	48	0.1199	4	0	1	1	2	0	0	0	0	N	N	N	Y	N	N	N	N	N	N	N	N	0.0000	0.0000	0.0000	0.0000	0.0000	0.0000	0.0000	0.0000	0.0000	0.0000	0.0000	0.0000	0.0000	0.0000	0.0000	0.0000	0.0000	0.0000	0.4619	0.6673	0.1172	1.1524	1.2872	0.0277	0.1141	0.1011	0.1267	0.1046	0.0000	-0.1598	0.6329	6.0036	9.5631	51.7820	0.0000	0.0000	0.0000	0.0000	0.0000	0.0000	0.0000	0.0000	0.0000	0.4394	0.3978	0.0416	0.3673	0.3663	0.0009	0.0721	0.0315	0.0407	0.0288	0.0250	0.0038	0.0036	0.0035	0.0001	0.0252	0.0215	0.0037	0.9512	0.5961	0.3551	0.3187	0.2846	0.0341	0.6325	0.3116	0.3210	0.0000	0.0000	0.0000	0.0000	0.0000	0.0000	0.0000	0.0000	0.0000	0.4619	0.6673	0.1172	1.1524	1.2872	0.0277	0.1141	0.1011	0.1267	
7	49	0.1199	4	1	1	1	1	0	0	0	0	N	N	N	N	N	N	N	N	N	N	N	N	0.0000	0.0000	0.0000	0.0000	0.0000	0.0000	0.0000	0.0000	0.0000	0.0000	0.0000	0.0000	0.0000	0.0000	0.0000	0.0000	0.0000	0.0000	1.1405	0.8813	1.5644	1.5620	1.7362	0.0008	0.9141	0.0032	1.7237	1.0855	0.0000	0.0538	0.6329	5.9964	9.5631	34.6547	0.0000	0.0000	0.0000	0.0000	0.0000	0.0000	0.0000	0.0000	0.0000	0.8654	0.4150	0.4504	0.4142	0.4142	0.0000	0.4512	0.0007	0.4504	0.0288	0.0250	0.0038	0.0036	0.0035	0.0001	0.0252	0.0215	0.0037	0.7588	0.4709	0.2879	0.2652	0.2386	0.0266	0.4936	0.2323	0.2613	0.0000	0.0000	0.0000	0.0000	0.0000	0.0000	0.0000	0.0000	0.0000	1.1405	0.8813	1.5644	1.5620	1.7362	0.0008	0.9141	0.0032	1.7237	
7	50	0.2094	5	0	0	2	1	0	0	0	0	N	N	Y	N	N	N	N	N	N	N	N	N	0.0225	0.0000	0.0907	0.0088	0.0000	1.5535	0.0182	0.0000	0.0837	0.0245	0.0000	0.2043	0.0014	0.0000	0.0650	0.0289	0.0000	0.2083	1.0930	0.4970	2.2524	0.1559	0.1678	0.0419	1.5876	0.7932	2.4877	inf	2.3299	0.0021	0.3540	0.6329	31.2093	9.5631	46.3939	0.0037	0.0000	0.0037	0.0000	0.0000	0.0000	0.0036	0.0000	0.0036	1.4667	0.4405	1.0263	0.0723	0.0704	0.0018	1.3945	0.3700	1.0244	0.1496	0.1316	0.0180	0.0235	0.0231	0.0005	0.1260	0.1086	0.0175	1.3419	0.8863	0.4556	0.4636	0.4197	0.0438	0.8783	0.4665	0.4118	0.0225	0.0000	0.0907	0.0088	0.0000	1.5535	0.0182	0.0000	0.0837	1.0930	0.4970	2.2524	0.1559	0.1678	0.0419	1.5876	0.7932	2.4877
7	51	0.1566	5	0	1	1	1	0	0	0	0	N	N	N	N	N	N	N	N	N	N	N	N	0.0000	0.0000	0.0000	0.0000	0.0000	0.0000	0.0000	0.0000	0.0000	0.0000	0.0000	0.0000	0.0000	0.0000	0.0000	0.0000	0.0000	0.0000	0.7200	0.0718	2.0233	0.0602	0.0679	0.0027	1.2351	0.0771	2.3981	14.0196	0.0000	0.1853	0.6329	4.1516	9.5631	14.5664	0.0000	0.0000	0.0000	0.0000	0.0000	0.0000	0.0000	0.0000	0.0000	0.3901	0.0260	0.3642	0.0143	0.0142	0.0001	0.3758	0.0118	0.3641	0.0227	0.0198	0.0028	0.0040	0.0039	0.0001	0.0187	0.0160	0.0028	0.5418	0.3618	0.1800	0.2375	0.2094	0.0282	0.3043	0.1525	0.1518	0.0000	0.0000	0.0000	0.0000	0.0000	0.0000	0.0000	0.0000	0.0000	0.7200	0.0718	2.0233	0.0602	0.0679	0.0027	1.2351	0.0771	2.3981	
7	52	0.2371	7	1	0	2	1	0	0	0	0	N	N	Y	N	N	N	N	N	N	N	N	N	0.0000	0.0000	0.0000	0.0000	0.0000	0.0000	0.0000	0.0000	0.0000	0.0000	0.0000	0.0000	0.0000	0.0000	0.0000	0.0000	0.0000	0.0000	0.0000	0.0000	0.0001	0.0000	0.0000	0.0003	0.0000	0.0000	0.0000	12.9231	0.0000	0.0000	0.6329	0.0028	9.5631	0.9232	0.0000	0.0000	0.0000	0.0000	0.0000	0.0000	0.0000	0.0000	0.0000	0.0000	0.0000	0.0000	0.0000	0.0000	0.0000	0.0000	0.0000	0.0000	0.0000	0.0000	0.0000	0.0000	0.0000	0.0000	0.0000	0.0000	0.0000	0.0200	0.0141	0.0059	0.0085	0.0076	0.0010	0.0115	0.0065	0.0049	0.0000	0.0000	0.0000	0.0000	0.0000	0.0000	0.0000	0.0000	0.0000	0.0000	0.0000	0.0001	0.0000	0.0000	0.0003	0.0000	0.0000	0.0000	
7	53	0.6165	11	0	1	1	1	0	0	0	0	N	N	N	N	N	N	N	N	N	N	N	N	0.3047	0.4658	0.0000	1.9512	1.8804	0.0000	0.0000	0.0000	0.0000	0.0587	0.0682	0.0000	0.1992	0.2068	0.0000	0.0000	0.0000	0.0000	0.1927	0.1464	0.2890	0.1021	0.1100	0.0563	0.3158	0.2437	0.3709	0.0000	0.9491	-0.0012	0.0036	0.6329	8.5400	9.5631	19.3759	0.0028	0.0028	0.0000	0.0028	0.0028	0.0000	0.0000	0.0000	0.0000	0.1272	0.0652	0.0619	0.0388	0.0357	0.0031	0.0884	0.0296	0.0588	0.0481	0.0414	0.0067	0.0142	0.0137	0.0005	0.0339	0.0278	0.0062	0.6600	0.4457	0.2143	0.3802	0.3244	0.0558	0.2798	0.1213	0.1585	0.3047	0.4658	0.0000	1.9512	1.8804	0.0000	0.0000	0.0000	0.0000	0.1927	0.1464	0.2890	0.1021	0.1100	0.0563	0.3158	0.2437	0.3709
7	54	0.5534	10	0	0	1	1	0	0	0	0	N	N	N	N	N	N	N	N	N	N	N	N	0.0107	0.0089	0.0227	0.4657	0.4605	0.1547	0.0035	0.0000	0.0184	0.0304	0.0178	0.1074	0.0494	0.0508	0.0124	0.0218	0.0000	0.1158	2.8455	2.0091	4.7309	0.1061	0.1103	0.0804	6.1591	6.0069	6.3071	0.9882	1.0447	0.0001	0.1070	0.6329	7.3474	9.5631	24.2346	0.0013	0.0007	0.0007	0.0007	0.0007	0.0000	0.0006	0.0000	0.0006	2.0362	0.9959	1.0403	0.0415	0.0371	0.0045	1.9947	0.9588	1.0359	0.0432	0.0371	0.0061	0.0135	0.0130	0.0005	0.0297	0.0241	0.0056	0.7156	0.4957	0.2199	0.3917	0.3361	0.0557	0.3239	0.1596	0.1642	0.0107	0.0089	0.0227	0.4657	0.4605	0.1547	0.0035	0.0000	0.0184	2.8455	2.0091	4.7309	0.1061	0.1103	0.0804	6.1591	6.0069	6.3071
7	55	0.5236	9	0	0	1	1	0	0	0	0	N	N	N	N	N	N	N	N	N	N	N	N	0.3500	0.3648	0.3986	0.9284	0.8847	0.1274	0.0867	0.0001	0.3563	0.0438	0.0411	0.0617	0.1035	0.1070	0.0063	0.0123	0.0000	0.0672	0.1253	0.1127	0.1547	0.1115	0.1209	0.0493	0.1421	0.0954	0.1886	0.2280	0.5831	-0.0002	-0.0066	0.6329	3.4216	9.5631	15.9376	0.0010	0.0008	0.0002	0.0008	0.0008	0.0000	0.0002	0.0000	0.0002	0.0727	0.0460	0.0268	0.0356	0.0335	0.0021	0.0372	0.0124	0.0247	0.0223	0.0194	0.0029	0.0077	0.0074	0.0003	0.0146	0.0119	0.0027	0.5807	0.4076	0.1732	0.3194	0.2772	0.0421	0.2614	0.1303	0.1310	0.3500	0.3648	0.3986	0.9284	0.8847	0.1274	0.0867	0.0001	0.3563	0.1253	0.1127	0.1547	0.1115	0.1209	0.0493	0.1421	0.0954	0.1886
7	56	0.2403	5	0	1	1	1	0	0	0	0	N	N	N	N	N	N	N	N	N	N	N	N	0.0001	0.0001	0.0000	0.0005	0.0005	0.0000	0.0000	0.0000	0.0000	0.0000	0.0000	0.0000	0.0001	0.0001	0.0000	0.0000	0.0000	0.0000	0.1188	0.1710	0.0102	0.1309	0.1443	0.0170	0.1099	0.2051	0.0091	0.0095	0.0286	-0.0000	-0.0276	0.6329	0.9891	9.5631	20.6926	0.0000	0.0000	0.0000	0.0000	0.0000	0.0000	0.0000	0.0000	0.0000	0.0641	0.0624	0.0018	0.0300	0.0296	0.0004	0.0342	0.0328	0.0014	0.0053	0.0046	0.0007	0.0010	0.0010	0.0000	0.0042	0.0036	0.0006	0.5399	0.3648	0.1751	0.2290	0.2049	0.0241	0.3109	0.1599	0.1510	0.0001	0.0001	0.0000	0.0005	0.0005	0.0000	0.0000	0.0000	0.0000	0.1188	0.1710	0.0102	0.1309	0.1443	0.0170	0.1099	0.2051	0.0091
7	57	0.1199	4	0	0	1	1	0	0	0	0	N	N	N	N	N	N	N	N	N	N	N	N	0.0000	0.0000	0.0000	0.0000	0.0000	0.0000	0.0000	0.0000	0.0000	0.0000	0.0000	0.0000	0.0000	0.0000	0.0000	0.0000	0.0000	0.0000	0.5184	0.7106	0.2019	1.2452	1.3197	0.5908	0.1342	0.1039	0.1618	0.0000	0.1726	-0.0000	-0.1295	0.6329	5.0326	9.5631	39.3193	0.0000	0.0000	0.0000	0.0000	0.0000	0.0000	0.0000	0.0000	0.0000	0.4160	0.3548	0.0612	0.3456	0.3288	0.0168	0.0705	0.0260	0.0445	0.0243	0.0211	0.0032	0.0030	0.0030	0.0001	0.0212	0.0181	0.0031	0.8025	0.4993	0.3032	0.2775	0.2492	0.0284	0.5250	0.2502	0.2748	0.0000	0.0000	0.0000	0.0000	0.0000	0.0000	0.0000	0.0000	0.0000	0.5184	0.7106	0.2019	1.2452	1.3197	0.5908	0.1342	0.1039	0.1618
7	58	0.1199	4	0	1	1	2	0	0	0	0	N	N	N	Y	N	N	N	N	N	N	N	N	0.0000	0.0000	0.0000	0.0000	0.0000	0.0000	0.0000	0.0000	0.0000	0.0000	0.0000	0.0000	0.0000	0.0000	0.0000	0.0000	0.0000	0.0000	1.6197	0.4646	3.5126	0.8280	0.9180	0.0258	2.0430	0.0031	3.8693	4.6138	0.0000	0.4543	0.6329	5.0036	9.5631	36.7244	0.0000	0.0000	0.0000	0.0000	0.0000	0.0000	0.0000	0.0000	0.0000	1.2498	0.2226	1.0272	0.2226	0.2219	0.0007	1.0272	0.0007	1.0265	0.0241	0.0210	0.0032	0.0030	0.0030	0.0001	0.0211	0.0180	0.0031	0.7716	0.4792	0.2924	0.2688	0.2417	0.0271	0.5028	0.2375	0.2653	0.0000	0.0000	0.0000	0.0000	0.0000	0.0000	0.0000	0.0000	0.0000	1.6197	0.4646	3.5126	0.8280	0.9180	0.0258	2.0430	0.0031	3.8693	
7	59	0.5040	9	0	1	1	2	0	0	0	0	N	N	N	Y	N	N	N	N	N	N	N	N	0.0000	0.0000	0.0000	0.0000	0.0000	0.0000	0.0000	0.0000	0.0000	0.0000	0.0000	0.0000	0.0000	0.0000	0.0000	0.0000	0.0000	0.0000	0.8601	1.2406	0.0006	1.4977	1.7678	0.0009	0.0003	0.0001	0.0004	0.0002	0.0000	-0.4250	0.6329	10.4254	9.5631	21.2017	0.0000	0.0000	0.0000	0.0000	0.0000	0.0000	0.0000	0.0000	0.0000	0.9275	0.9273	0.0002	0.9274	0.9273	0.0001	0.0001	0.0000	0.0001	0.0641	0.0561	0.0080	0.0221	0.0212	0.0009	0.0420	0.0349	0.0071	1.0784	0.7475	0.3309	0.6192	0.5245	0.0947	0.4592	0.2230	0.2362	0.0000	0.0000	0.0000	0.0000	0.0000	0.0000	0.0000	0.0000	0.0000	0.8601	1.2406	0.0006	1.4977	1.7678	0.0009	0.0003	0.0001	0.0004	
7	60	0.2371	7	1	0	2	1	0	0	0	0	N	N	Y	N	N	N	N	N	N	N	N	N	0.0000	0.0000	0.0000	0.0000	0.0000	0.0000	0.0000	0.0000	0.0000	0.0000	0.0000	0.0000	0.0000	0.0000	0.0000	0.0000	0.0000	0.0000	0.0007	0.0008	0.0004	0.0016	0.0016	0.0020	0.0000	0.0000	0.0000	0.2066	0.0000	-0.0000	0.6329	1.9981	9.5631	3.0867	0.0000	0.0000	0.0000	0.0000	0.0000	0.0000	0.0000	0.0000	0.0000	0.0001	0.0000	0.0000	0.0001	0.0000	0.0000	0.0000	0.0000	0.0000	0.0102	0.0089	0.0013	0.0019	0.0019	0.0001	0.0082	0.0070	0.0012	0.0893	0.0606	0.0287	0.0366	0.0315	0.0051	0.0527	0.0291	0.0236	0.0000	0.0000	0.0000	0.0000	0.0000	0.0000	0.0000	0.0000	0.0000	0.0007	0.0008	0.0004	0.0016	0.0016	0.0020	0.0000	0.0000	0.0000	
7	61	0.1938	6	1	0	2	1	0	0	0	0	N	N	Y	N	N	N	N	N	N	N	N	N	0.0000	0.0000	0.0000	0.0000	0.0000	0.0000	0.0000	0.0000	0.0000	0.0000	0.0000	0.0000	0.0000	0.0000	0.0000	0.0000	0.0000	0.0000	0.0029	0.0003	0.0086	0.0028	0.0005	0.0173	0.0030	0.0000	0.0066	14.7887	0.0000	0.0005	0.6329	4.0039	9.5631	14.0733	0.0000	0.0000	0.0000	0.0000	0.0000	0.0000	0.0000	0.0000	0.0000	0.0010	0.0001	0.0009	0.0004	0.0001	0.0003	0.0006	0.0000	0.0006	0.0203	0.0178	0.0026	0.0040	0.0038	0.0002	0.0164	0.0140	0.0024	0.3240	0.2199	0.1041	0.1385	0.1194	0.0191	0.1856	0.1005	0.0850	0.0000	0.0000	0.0000	0.0000	0.0000	0.0000	0.0000	0.0000	0.0000	0.0029	0.0003	0.0086	0.0028	0.0005	0.0173	0.0030	0.0000	0.0066	
7	62	0.2132	7	1	0	2	1	0	0	0	0	N	N	Y	N	N	N	N	N	N	N	N	N	0.0000	0.0000	0.0000	0.0000	0.0000	0.0000	0.0000	0.0000	0.0000	0.0000	0.0000	0.0000	0.0000	0.0000	0.0000	0.0000	0.0000	0.0000	0.1448	0.2157	0.0025	0.3295	0.3865	0.0056	0.0008	0.0000	0.0017	0.0057	0.0000	-0.0184	0.6329	0.0060	9.5631	17.2393	0.0000	0.0000	0.0000	0.0000	0.0000	0.0000	0.0000	0.0000	0.0000	0.0406	0.0404	0.0002	0.0405	0.0404	0.0001	0.0001	0.0000	0.0001	0.0001	0.0001	0.0000	0.0001	0.0001	0.0000	0.0001	0.0001	0.0000	0.2806	0.1872	0.0934	0.1229	0.1045	0.0184	0.1577	0.0827	0.0750	0.0000	0.0000	0.0000	0.0000	0.0000	0.0000	0.0000	0.0000	0.0000	0.1448	0.2157	0.0025	0.3295	0.3865	0.0056	0.0008	0.0000	0.0017	
7	63	0.1566	5	0	0	2	1	0	0	0	0	N	N	Y	N	N	N	N	N	N	N	N	N	0.0000	0.0000	0.0000	0.0000	0.0000	0.0000	0.0000	0.0000	0.0000	0.0000	0.0000	0.0000	0.0000	0.0000	0.0000	0.0000	0.0000	0.0000	0.0680	0.0815	0.0400	0.1201	0.1344	0.0167	0.0226	0.0002	0.0449	0.2367	0.0000	-0.0083	0.6329	1.0230	9.5631	12.1924	0.0000	0.0000	0.0000	0.0000	0.0000	0.0000	0.0000	0.0000	0.0000	0.0312	0.0253	0.0060	0.0257	0.0252	0.0004	0.0056	0.0000	0.0055	0.0074	0.0066	0.0009	0.0019	0.0019	0.0000	0.0055	0.0047	0.0008	0.4593	0.3100	0.1493	0.2136	0.1878	0.0258	0.2458	0.1222	0.1235	0.0000	0.0000	0.0000	0.0000	0.0000	0.0000	0.0000	0.0000	0.0000	0.0680	0.0815	0.0400	0.1201	0.1344	0.0167	0.0226	0.0002	0.0449	
7	64	0.1199	4	0	0	1	1	0	0	0	0	N	N	N	N	N	N	N	N	N	N	N	N	0.0000	0.0000	0.0000	0.0000	0.0000	0.0000	0.0000	0.0000	0.0000	0.0000	0.0000	0.0000	0.0000	0.0000	0.0000	0.0000	0.0000	0.0000	0.7135	1.1620	0.0524	1.7400	1.8763	0.0385	0.0353	0.0053	0.0535	0.0306	-0.0000	-0.1277	0.6329	2.4556	9.5631	12.4191	0.0000	0.0000	0.0000	0.0000	0.0000	0.0000	0.0000	0.0000	0.0000	0.2979	0.2890	0.0088	0.2890	0.2885	0.0005	0.0089	0.0005	0.0084	0.0120	0.0104	0.0016	0.0015	0.0015	0.0000	0.0105	0.0089	0.0015	0.4174	0.2487	0.1687	0.1661	0.1538	0.0123	0.2514	0.0950	0.1564	0.0000	0.0000	0.0000	0.0000	0.0000	0.0000	0.0000	0.0000	0.0000	0.7135	1.1620	0.0524	1.7400	1.8763	0.0385	0.0353	0.0053	0.0535	
7	65	0.2422	6	0	1	1	1	0	0	0	0	N	N	N	N	N	N	N	N	N	N	N	N	0.0014	0.0012	0.0000	0.0024	0.0025	0.0000	0.0000	0.0000	0.0000	0.0000	0.0000	0.0000	0.0000	0.0000	0.0000	0.0000	0.0000	0.0000	0.0028	0.0035	0.0012	0.0074	0.0075	0.0065	0.0004	0.0000	0.0008	0.0027	0.1588	-0.0000	-0.0003	0.6329	1.7555	9.5631	11.9300	0.0000	0.0000	0.0000	0.0000	0.0000	0.0000	0.0000	0.0000	0.0000	0.0008	0.0007	0.0001	0.0007	0.0007	0.0000	0.0001	0.0000	0.0001	0.0098	0.0087	0.0011	0.0020	0.0020	0.0000	0.0078	0.0067	0.0011	0.2910	0.1955	0.0955	0.0990	0.0923	0.0066	0.1920	0.1031	0.0888	0.0014	0.0012	0.0000	0.0024	0.0025	0.0000	0.0000	0.0000	0.0000	0.0028	0.0035	0.0012	0.0074	0.0075	0.0065	0.0004	0.0000	0.0008
7	66	0.2212	8	1	1	2	1	0	0	0	0	N	N	Y	N	N	N	N	N	N	N	N	N	0.0000	0.0000	0.0000	0.0000	0.0000	0.0000	0.0000	0.0000	0.0000	0.0000	0.0000	0.0000	0.0000	0.0000	0.0000	0.0000	0.0000	0.0000	0.0000	0.0000	0.6329	0.0000	9.5631	0.0000	0.0000	0.0000	0.0000	0.0000	0.0000	0.0000	0.0000	0.0000	0.0000	0.0000	0.0000	0.0000	0.0000	0.0000	0.0000	0.0000	0.0000	0.0000	0.0000	0.0000	0.0000	0.0000	0.0000	0.0000	0.0000	0.0000	0.0000	0.0000	0.0000	0.0000	0.0000	0.0000	0.0000	0.0000	0.0000	0.0000	0.0000	0.0000	0.0000	0.0000	0.0000	0.0000	0.0000	0.0000	0.0000	0.0000	0.0000	0.0000	0.0000	0.0000	0.0000	0.0000	0.0000	0.0000											
7	67	0.7258	11	1	1	2	1	0	0	0	0	N	N	Y	N	N	N	N	N	N	N	N	N	0.0000	0.0000	0.0000	0.0000	0.0000	0.0000	0.0000	0.0000	0.0000	0.0000	0.0000	0.0000	0.0000	0.0002	0.0003	0.0000	0.0004	0.0004	0.0000	0.0000	0.0000	0.0000	0.0000	0.0000	-0.0000	0.6329	1.0000	9.5631	3.0000	0.0000	0.0000	0.0000	0.0000	0.0000	0.0000	0.0000	0.0000	0.0000	0.0000	0.0000	0.0000	0.0000	0.0000	0.0000	0.0000	0.0000	0.0000	0.0034	0.0030	0.0005	0.0009	0.0009	0.0001	0.0025	0.0021	0.0004	0.0497	0.0341	0.0155	0.0264	0.0229	0.0035	0.0233	0.0112	0.0121	0.0000	0.0000	0.0000	0.0000	0.0000	0.0000	0.0000	0.0000	0.0000	0.0002	0.0003	0.0000	0.0004	0.0004	0.0000	0.0000	0.0000	0.0000						
7	68	0.2212	8	1	1	2	1	0	0	0	0	N	N	Y	N	N	N	N	N	N	N	N	N	0.0000	0.0000	0.0000	0.0000	0.0000	0.0000	0.0000	0.0000	0.0000	0.0000	0.0000	0.0000	0.0000	0.0000	0.0000	0.0000	0.0000	0.0000	0.0000	0.0000	0.6329	1.0000	9.5631	0.0000	0.0000	0.0000	0.0000	0.0000	0.0000	0.0000	0.0000	0.0000	0.0000	0.0000	0.0000	0.0000	0.0000	0.0000	0.0000	0.0000	0.0000	0.0000	0.0051	0.0044	0.0006	0.0010	0.0009	0.0000	0.0041	0.0035	0.0006	0.0168	0.0112	0.0057	0.0075	0.0063	0.0012	0.0094	0.0048	0.0045	0.0000	0.0000	0.0000	0.0000	0.0000	0.0000	0.0000	0.0000	0.0000	0.0000	0.0000	0.0000	0.0000	0.0000	0.0000	0.0000	0.0000	0.0000											
7	69	0.2048	7	1	1	2	1	0	0	0	0	N	N	Y	N	N	N	N	N	N	N	N	N	0.0000	0.0000	0.0000	0.0000	0.0000	0.0000	0.0000	0.0000	0.0000	0.0000	0.0000	0.0000	0.0000	0.0000	0.0000	0.0000	0.0000	0.0000	0.0023	0.0030	0.0008	0.0019	0.0021	0.0001	0.0027	0.0040	0.0010	0.1202	0.0000	-0.0001	0.6329	1.0155	9.5631	5.9708	0.0000	0.0000	0.0000	0.0000	0.0000	0.0000	0.0000	0.0000	0.0000	0.0003	0.0003	0.0000	0.0001	0.0001	0.0000	0.0002	0.0002	0.0000	0.0054	0.0048	0.0007	0.0011	0.0011	0.0000	0.0043	0.0037	0.0006	0.1350	0.0930	0.0421	0.0576	0.0497	0.0079	0.0774	0.0432	0.0342	0.0000	0.0000	0.0000	0.0000	0.0000	0.0000	0.0000	0.0000	0.0000	0.0023	0.0030	0.0008	0.0019	0.0021	0.0001	0.0027	0.0040	0.0010	
7	70	0.2001	6	1	0	2	1	0	0	0	0	N	N	Y	N	N	N	N	N	N	N	N	N	0.0103	0.0091	0.0064	0.1076	0.0981	0.1167	0.0002	0.0000	0.0038	0.0004	0.0004	0.0001	0.0010	0.0010	0.0004	0.0000	0.0000	0.0001	0.0369	0.0457	0.0143	0.0090	0.0100	0.0038	0.0698	0.1077	0.0190	0.0266	0.1227	-0.0000	-0.0013	0.6329	0.0406	9.5631	2.3361	0.0000	0.0000	0.0000	0.0000	0.0000	0.0000	0.0000	0.0000	0.0000	0.0038	0.0034	0.0004	0.0005	0.0005	0.0000	0.0033	0.0029	0.0004	0.0005	0.0004	0.0001	0.0002	0.0002	0.0000	0.0003	0.0003	0.0001	0.1035	0.0744	0.0291	0.0561	0.0472	0.0089	0.0474	0.0272	0.0202	0.0103	0.0091	0.0064	0.1076	0.0981	0.1167	0.0002	0.0000	0.0038	0.0369	0.0457	0.0143	0.0090	0.0100	0.0038	0.0698	0.1077	0.0190
7	71	0.7258	11	1	1	2	1	0	0	0	0	N	N	Y	N	N	N	N	N	N	N	N	N	0.0000	0.0000	0.0000	0.0000	0.0000	0.0000	0.0000	0.0000	0.0000	0.0000	0.0000	0.0000	0.0000	0.0000	0.0000	0.0000	0.0000	0.0000	0.0000	0.0000	0.6329	0.0000	9.5631	0.0000	0.0000	0.0000	0.0000	0.0000	0.0000	0.0000	0.0000	0.0000	0.0000	0.0000	0.0000	0.0000	0.0000	0.0000	0.0000	0.0000	0.0000	0.0000	0.0000	0.0000	0.0000	0.0000	0.0000	0.0000	0.0000	0.0000	0.0000	0.0000	0.0000	0.0000	0.0000	0.0000	0.0000	0.0000	0.0000	0.0000	0.0000	0.0000	0.0000	0.0000	0.0000	0.0000	0.0000	0.0000	0.0000	0.0000	0.0000	0.0000	0.0000	0.0000	0.0000	0.0000	0.0000	0.0000											
7	72	0.7077	10	1	1	2	1	0	0	0	0	N	N	Y	N	N	N	N	N	N	N	N	N	0.0000	0.0000	0.0000	0.0000	0.0000	0.0000	0.0000	0.0000	0.0000	0.0000	0.0000	0.0000	0.0000	0.0000	0.0000	0.0000	0.0000	0.0000	0.0004	0.0000	0.0014	0.0000	0.0000	0.0001	0.0009	0.0000	0.0018	20.5639	0.0000	0.0000	0.6329	3.9057	9.5631	1.1104	0.0000	0.0000	0.0000	0.0000	0.0000	0.0000	0.0000	0.0000	0.0000	0.0000	0.0000	0.0000	0.0000	0.0000	0.0000	0.0000	0.0000	0.0000	0.0152	0.0132	0.0020	0.0044	0.0041	0.0003	0.0108	0.0090	0.0017	0.0794	0.0564	0.0230	0.0448	0.0390	0.0058	0.0346	0.0174	0.0172	0.0000	0.0000	0.0000	0.0000	0.0000	0.0000	0.0000	0.0000	0.0000	0.0004	0.0000	0.0014	0.0000	0.0000	0.0001	0.0009	0.0000	0.0018	
7	73	0.5049	8	1	1	1	1	0	0	0	0	N	N	N	N	N	N	N	N	N	N	N	N	0.0000	0.0000	0.0000	0.0000	0.0000	0.0000	0.0000	0.0000	0.0000	0.0000	0.0000	0.0000	0.0000	0.0000	0.0000	0.0000	0.0000	0.0000	2.1868	3.1190	0.0395	0.0483	0.0510	0.0298	4.2707	8.0608	0.0421	0.0055	0.0000	-0.4527	0.6329	6.9070	9.5631	16.5673	0.0000	0.0000	0.0000	0.0000	0.0000	0.0000	0.0000	0.0000	0.0000	0.9996	0.9942	0.0055	0.0109	0.0100	0.0009	0.9888	0.9842	0.0046	0.0516	0.0462	0.0054	0.0221	0.0209	0.0012	0.0295	0.0253	0.0042	0.4571	0.3187	0.1384	0.2256	0.1967	0.0289	0.2315	0.1221	0.1094	0.0000	0.0000	0.0000	0.0000	0.0000	0.0000	0.0000	0.0000	0.0000	2.1868	3.1190	0.0395	0.0483	0.0510	0.0298	4.2707	8.0608	0.0421	
7	74	0.5688	10	0	1	1	2	0	0	0	0	N	N	N	Y	N	N	N	N	N	N	N	N	0.0000	0.0000	0.0278	0.0000	0.0000	0.0045	0.0078	0.0000	0.0261	0.0000	0.0000	0.0002	0.0000	0.0000	0.0000	0.0000	0.0000	0.0003	2.1890	3.1527	0.0084	4.0465	4.7934	0.0049	0.0049	0.0005	0.0097	inf	0.0012	0.0000	-0.4579	0.6329	6.4226	9.5631	19.3377	0.0000	0.0000	0.0000	0.0000	0.0000	0.0000	0.0000	0.0000	0.0000	1.0015	1.0003	0.0012	1.0004	1.0002	0.0002	0.0010	0.0001	0.0010	0.0326	0.0285	0.0041	0.0080	0.0076	0.0004	0.0246	0.0208	0.0038	0.4575	0.3173	0.1402	0.2472	0.2087	0.0386	0.2103	0.1086	0.1017	0.0000	0.0000	0.0278	0.0000	0.0000	0.0045	0.0078	0.0000	0.0261	2.1890	3.1527	0.0084	4.0465	4.7934	0.0049	0.0049	0.0005	0.0097
7	75	0.5236	9	0	0	1	2	0	0	0	0	N	N	N	Y	N	N	N	N	N	N	N	N	0.1207	0.0022	0.3357	0.0140	0.0077	0.0689	0.0974	0.0000	0.3131	0.0077	0.0000	0.0600	0.0003	0.0001	0.0060	0.0112	0.0000	0.0655	0.0642	0.0153	0.1787	0.0227	0.0125	0.0871	0.1148	0.0211	0.2092	263.7485	5.0061	0.0001	0.0150	0.6329	5.1932	9.5631	17.4397	0.0002	0.0000	0.0002	0.0000	0.0000	0.0000	0.0002	0.0000	0.0002	0.0399	0.0066	0.0333	0.0077	0.0037	0.0040	0.0322	0.0030	0.0292	0.0306	0.0267	0.0039	0.0097	0.0093	0.0004	0.0209	0.0173	0.0036	0.6212	0.4352	0.1860	0.3411	0.2946	0.0465	0.2802	0.1406	0.1396	0.1207	0.0022	0.3357	0.0140	0.0077	0.0689	0.0974	0.0000	0.3131	0.0642	0.0153	0.1787	0.0227	0.0125	0.0871	0.1148	0.0211	0.2092
7	76	0.4866	8	0	0	1	1	0	0	0	0	N	N	N	N	N	N	N	N	N	N	N	N	0.0447	0.0207	0.3959	0.5632	0.5363	0.2922	0.0142	0.0000	0.2997	0.0162	0.0093	0.0609	0.0264	0.0271	0.0086	0.0117	0.0000	0.0655	0.3624	0.4484	0.1537	0.0469	0.0505	0.0293	0.8188	1.3492	0.2186	1.0150	0.1412	0.0000	-0.1042	0.6329	4.4918	9.5631	17.5337	0.0004	0.0002	0.0002	0.0002	0.0002	0.0000	0.0002	0.0000	0.0002	0.3113	0.2728	0.0385	0.0238	0.0213	0.0025	0.2875	0.2515	0.0360	0.0275	0.0238	0.0037	0.0085	0.0082	0.0003	0.0190	0.0156	0.0034	0.8589	0.6083	0.2505	0.5078	0.4219	0.0859	0.3511	0.1864	0.1647	0.0447	0.0207	0.3959	0.5632	0.5363	0.2922	0.0142	0.0000	0.2997	0.3624	0.4484	0.1537	0.0469	0.0505	0.0293	0.8188	1.3492	0.2186
7	81	0.6604	10	0	1	2	1	0	0	0	0	N	N	Y	N	N	N	N	N	N	N	N	N	0.0000	0.0000	0.0000	0.0000	0.0000	0.0000	0.0000	0.0000	0.0000	0.0000	0.0000	0.0000	0.0000	0.0000	0.0000	0.0000	0.0000	0.0000	0.0003	0.0003	0.0004	0.0004	0.0004	0.0000	0.0003	0.0000	0.0006	0.4942	0.0000	-0.0000	0.6329	2.0162	9.5631	4.5500	0.0000	0.0000	0.0000	0.0000	0.0000	0.0000	0.0000	0.0000	0.0000	0.0000	0.0000	0.0000	0.0000	0.0000	0.0000	0.0000	0.0000	0.0000	0.0095	0.0083	0.0012	0.0040	0.0038	0.0003	0.0055	0.0045	0.0009	0.0938	0.0655	0.0283	0.0591	0.0483	0.0109	0.0347	0.0172	0.0174	0.0000	0.0000	0.0000	0.0000	0.0000	0.0000	0.0000	0.0000	0.0000	0.0003	0.0003	0.0004	0.0004	0.0004	0.0000	0.0003	0.0000	0.0006	
7	82	0.2279	8	0	1	2	1	0	0	0	0	N	N	Y	N	N	N	N	N	N	N	N	N	0.0000	0.0000	0.0000	0.0000	0.0000	0.0000	0.0000	0.0000	0.0000	0.0000	0.0000	0.0000	0.0000	0.0000	0.0000	0.0000	0.0000	0.0000	0.0201	0.0296	0.0001	0.0324	0.0389	0.0000	0.0093	0.0170	0.0001	0.0014	0.0000	-0.0013	0.6329	3.0011	9.5631	3.7015	0.0000	0.0000	0.0000	0.0000	0.0000	0.0000	0.0000	0.0000	0.0000	0.0029	0.0029	0.0000	0.0022	0.0022	0.0000	0.0007	0.0007	0.0000	0.0152	0.0133	0.0019	0.0031	0.0030	0.0001	0.0121	0.0103	0.0018	0.1441	0.0978	0.0463	0.0675	0.0563	0.0112	0.0766	0.0415	0.0351	0.0000	0.0000	0.0000	0.0000	0.0000	0.0000	0.0000	0.0000	0.0000	0.0201	0.0296	0.0001	0.0324	0.0389	0.0000	0.0093	0.0170	0.0001	
7	83	0.2164	7	0	1	1	1	0	0	0	0	N	N	N	N	N	N	N	N	N	N	N	N	0.0000	0.0000	0.0000	0.0000	0.0000	0.0000	0.0000	0.0000	0.0000	0.0000	0.0000	0.0000	0.0000	0.0000	0.0000	0.0000	0.0000	0.0000	0.1331	0.1777	0.0309	0.0497	0.0369	0.1214	0.2121	0.3832	0.0019	0.0760	0.0000	-0.0086	0.6329	2.0032	9.5631	4.2039	0.0000	0.0000	0.0000	0.0000	0.0000	0.0000	0.0000	0.0000	0.0000	0.0223	0.0207	0.0016	0.0040	0.0025	0.0015	0.0182	0.0182	0.0001	0.0102	0.0089	0.0013	0.0020	0.0020	0.0001	0.0082	0.0070	0.0012	0.1674	0.1165	0.0509	0.0815	0.0691	0.0123	0.0859	0.0474	0.0385	0.0000	0.0000	0.0000	0.0000	0.0000	0.0000	0.0000	0.0000	0.0000	0.1331	0.1777	0.0309	0.0497	0.0369	0.1214	0.2121	0.3832	0.0019	
7	84	0.2132	7	1	0	2	1	0	0	0	0	N	N	Y	N	N	N	N	N	N	N	N	N	0.0000	0.0000	0.0000	0.0000	0.0000	0.0000	0.0000	0.0000	0.0000	0.0000	0.0000	0.0000	0.0000	0.0000	0.0000	0.0000	0.0000	0.0000	0.0700	0.0008	0.2094	0.1497	0.0015	1.0409	0.0048	0.0000	0.0099	123.1791	0.0000	0.0041	0.6329	1.0052	9.5631	4.9545	0.0000	0.0000	0.0000	0.0000	0.0000	0.0000	0.0000	0.0000	0.0000	0.0077	0.0001	0.0077	0.0074	0.0001	0.0074	0.0003	0.0000	0.0003	0.0052	0.0046	0.0007	0.0011	0.0011	0.0001	0.0041	0.0035	0.0006	0.1102	0.0737	0.0366	0.0496	0.0426	0.0071	0.0606	0.0311	0.0295	0.0000	0.0000	0.0000	0.0000	0.0000	0.0000	0.0000	0.0000	0.0000	0.0700	0.0008	0.2094	0.1497	0.0015	1.0409	0.0048	0.0000	0.0099	
7	85	0.1938	6	1	0	2	1	0	0	0	0	N	N	Y	N	N	N	N	N	N	N	N	N	0.0000	0.0000	0.0000	0.0000	0.0000	0.0000	0.0000	0.0000	0.0000	0.0000	0.0000	0.0000	0.0000	0.0000	0.0000	0.0000	0.0000	0.0000	0.0066	0.0022	0.0162	0.0100	0.0038	0.0545	0.0039	0.0001	0.0083	3.3688	0.0000	0.0004	0.6329	0.9968	9.5631	7.6169	0.0000	0.0000	0.0000	0.0000	0.0000	0.0000	0.0000	0.0000	0.0000	0.0012	0.0003	0.0009	0.0008	0.0003	0.0005	0.0004	0.0000	0.0004	0.0051	0.0045	0.0007	0.0010	0.0010	0.0000	0.0041	0.0035	0.0006	0.1787	0.1229	0.0558	0.0782	0.0686	0.0095	0.1005	0.0543	0.0462	0.0000	0.0000	0.0000	0.0000	0.0000	0.0000	0.0000	0.0000	0.0000	0.0066	0.0022	0.0162	0.0100	0.0038	0.0545	0.0039	0.0001	0.0083	
7	86	0.2138	5	1	1	1	1	0	0	0	0	N	N	N	N	N	N	N	N	N	N	N	N	0.0000	0.0000	0.0000	0.0000	0.0000	0.0000	0.0000	0.0000	0.0000	0.0000	0.0000	0.0000	0.0000	0.0000	0.0000	0.0000	0.0000	0.0000	0.0014	0.0005	0.0036	0.0010	0.0007	0.0033	0.0018	0.0000	0.0036	3.1560	0.0000	0.0002	0.6329	5.8060	9.5631	6.1034	0.0000	0.0000	0.0000	0.0000	0.0000	0.0000	0.0000	0.0000	0.0000	0.0006	0.0001	0.0004	0.0002	0.0001	0.0001	0.0004	0.0000	0.0004	0.0341	0.0298	0.0043	0.0083	0.0080	0.0003	0.0258	0.0218	0.0040	0.4259	0.3003	0.1256	0.2084	0.1896	0.0188	0.2175	0.1107	0.1068	0.0000	0.0000	0.0000	0.0000	0.0000	0.0000	0.0000	0.0000	0.0000	0.0014	0.0005	0.0036	0.0010	0.0007	0.0033	0.0018	0.0000	0.0036	
7	87	0.1199	4	1	1	1	1	0	0	0	0	N	N	N	N	N	N	N	N	N	N	N	N	0.0003	0.0015	0.0001	0.0001	0.0001	0.0003	0.0003	0.0089	0.0001	0.0001	0.0001	0.0000	0.0000	0.0000	0.0000	0.0001	0.0001	0.0000	0.2419	0.0576	0.5386	0.0949	0.0999	0.0488	0.3236	0.0111	0.5870	0.0514	5.8103	-0.0000	0.0647	0.6329	12.2869	9.5631	21.7146	0.0000	0.0000	0.0000	0.0000	0.0000	0.0000	0.0000	0.0000	0.0000	0.1638	0.0240	0.1397	0.0230	0.0218	0.0011	0.1408	0.0022	0.1386	0.0575	0.0500	0.0074	0.0072	0.0071	0.0001	0.0502	0.0429	0.0073	0.6771	0.4177	0.2594	0.2419	0.2186	0.0233	0.4351	0.1991	0.2361	0.0003	0.0015	0.0001	0.0001	0.0001	0.0003	0.0003	0.0089	0.0001	0.2419	0.0576	0.5386	0.0949	0.0999	0.0488	0.3236	0.0111	0.5870
7	88	0.2164	7	0	1	1	1	0	0	0	0	N	N	N	N	N	N	N	N	N	N	N	N	0.0000	0.0000	0.0000	0.0000	0.0000	0.0000	0.0000	0.0000	0.0000	0.0000	0.0000	0.0000	0.0000	0.0000	0.0000	0.0000	0.0000	0.0000	0.0300	0.0107	0.0719	0.0609	0.0186	0.2944	0.0042	0.0005	0.0088	3.1025	0.0000	0.0024	0.6329	4.0005	9.5631	9.0093	0.0000	0.0000	0.0000	0.0000	0.0000	0.0000	0.0000	0.0000	0.0000	0.0082	0.0020	0.0062	0.0076	0.0020	0.0056	0.0006	0.0000	0.0006	0.0203	0.0177	0.0026	0.0040	0.0039	0.0002	0.0162	0.0138	0.0024	0.2733	0.1870	0.0863	0.1245	0.1055	0.0191	0.1487	0.0815	0.0672	0.0000	0.0000	0.0000	0.0000	0.0000	0.0000	0.0000	0.0000	0.0000	0.0300	0.0107	0.0719	0.0609	0.0186	0.2944	0.0042	0.0005	0.0088	
7	89	0.1938	6	0	1	1	1	0	0	0	0	N	N	N	N	N	N	N	N	N	N	N	N	0.0000	0.0000	0.0000	0.0000	0.0000	0.0000	0.0000	0.0000	0.0000	0.0000	0.0000	0.0000	0.0000	0.0000	0.0000	0.0000	0.0000	0.0000	0.0226	0.0153	0.0384	0.0279	0.0037	0.1953	0.0184	0.0298	0.0051	1.1500	-0.0000	0.0004	0.6329	1.0051	9.5631	9.2650	0.0000	0.0000	0.0000	0.0000	0.0000	0.0000	0.0000	0.0000	0.0000	0.0046	0.0022	0.0025	0.0025	0.0003	0.0022	0.0021	0.0019	0.0003	0.0052	0.0045	0.0007	0.0010	0.0010	0.0000	0.0042	0.0035	0.0006	0.2049	0.1404	0.0645	0.0891	0.0779	0.0113	0.1158	0.0626	0.0532	0.0000	0.0000	0.0000	0.0000	0.0000	0.0000	0.0000	0.0000	0.0000	0.0226	0.0153	0.0384	0.0279	0.0037	0.1953	0.0184	0.0298	0.0051	
7	90	0.2422	6	0	0	2	1	0	0	0	0	N	N	Y	N	N	N	N	N	N	N	N	N	0.0007	0.0008	0.0000	0.0016	0.0017	0.0000	0.0000	0.0000	0.0000	0.0000	0.0000	0.0000	0.0000	0.0000	0.0000	0.0000	0.0000	0.0000	0.0040	0.0043	0.0033	0.0090	0.0088	0.0126	0.0012	0.0000	0.0026	0.0027	0.3624	-0.0000	-0.0002	0.6329	2.3559	9.5631	7.1930	0.0000	0.0000	0.0000	0.0000	0.0000	0.0000	0.0000	0.0000	0.0000	0.0009	0.0006	0.0002	0.0007	0.0006	0.0001	0.0002	0.0000	0.0002	0.0128	0.0113	0.0015	0.0026	0.0025	0.0001	0.0102	0.0088	0.0014	0.2223	0.1517	0.0706	0.0784	0.0736	0.0048	0.1440	0.0781	0.0658	0.0007	0.0008	0.0000	0.0016	0.0017	0.0000	0.0000	0.0000	0.0000	0.0040	0.0043	0.0033	0.0090	0.0088	0.0126	0.0012	0.0000	0.0026
7	91	0.2094	5	0	0	1	1	0	0	0	0	N	N	N	N	N	N	N	N	N	N	N	N	0.0027	0.0023	0.0003	0.0048	0.0047	0.0000	0.0002	0.0001	0.0006	0.0003	0.0003	0.0000	0.0012	0.0012	0.0000	0.0000	0.0000	0.0000	0.1136	0.1496	0.0315	0.2412	0.2513	0.1357	0.0099	0.0040	0.0162	0.0035	0.0924	-0.0000	-0.0273	0.6329	4.9284	9.5631	11.0439	0.0000	0.0000	0.0000	0.0000	0.0000	0.0000	0.0000	0.0000	0.0000	0.0730	0.0668	0.0062	0.0695	0.0661	0.0034	0.0035	0.0007	0.0028	0.0373	0.0330	0.0042	0.0097	0.0096	0.0001	0.0275	0.0234	0.0041	0.6420	0.4463	0.1957	0.2880	0.2628	0.0251	0.3541	0.1835	0.1706	0.0027	0.0023	0.0003	0.0048	0.0047	0.0000	0.0002	0.0001	0.0006	0.1136	0.1496	0.0315	0.2412	0.2513	0.1357	0.0099	0.0040	0.0162
7	92	0.1199	4	0	0	1	1	0	0	0	0	N	N	N	N	N	N	N	N	N	N	N	N	0.0003	0.0000	0.0451	0.0000	0.0000	0.0026	0.0224	0.0055	0.1165	0.0006	0.0001	0.0037	0.0000	0.0000	0.0015	0.0007	0.0002	0.0037	1.8984	3.0297	0.0811	6.0735	5.9704	0.5835	0.0305	0.0289	0.0318	3.9939	0.0167	0.0000	-0.5588	0.6329	3.9161	9.5631	29.2065	0.0000	0.0000	0.0000	0.0000	0.0000	0.0000	0.0000	0.0000	0.0000	1.2643	1.2435	0.0207	1.2512	1.2379	0.0133	0.0130	0.0056	0.0074	0.0190	0.0165	0.0025	0.0024	0.0023	0.0000	0.0166	0.0141	0.0024	0.6660	0.4104	0.2555	0.2387	0.2159	0.0229	0.4272	0.1945	0.2327	0.0003	0.0000	0.0451	0.0000	0.0000	0.0026	0.0224	0.0055	0.1165	1.8984	3.0297	0.0811	5.2408	5.7339	0.5835	0.0305	0.0289	0.0318
7	93	0.6604	10	1	1	1	1	0	0	0	0	N	N	N	N	N	N	N	N	N	N	N	N	0.0000	0.0000	0.0000	0.0000	0.0000	0.0000	0.0000	0.0000	0.0000	0.0000	0.0000	0.0000	0.0000	0.0000	0.0000	0.0000	0.0000	0.0000	0.0024	0.0026	0.0017	0.0029	0.0031	0.0023	0.0015	0.0015	0.0014	0.2892	0.0000	-0.0001	0.6329	2.5103	9.5631	7.4742	0.0000	0.0000	0.0000	0.0000	0.0000	0.0000	0.0000	0.0000	0.0000	0.0003	0.0002	0.0001	0.0002	0.0002	0.0000	0.0001	0.0000	0.0000	0.0113	0.0099	0.0014	0.0047	0.0044	0.0003	0.0066	0.0055	0.0011	0.1275	0.0888	0.0387	0.0780	0.0641	0.0138	0.0495	0.0247	0.0249	0.0000	0.0000	0.0000	0.0000	0.0000	0.0000	0.0000	0.0000	0.0000	0.0024	0.0026	0.0017	0.0029	0.0031	0.0023	0.0015	0.0015	0.0014	
7	94	0.6242	9	0	1	1	1	0	0	0	0	N	N	N	N	N	N	N	N	N	N	N	N	0.0000	0.0000	0.0000	0.0000	0.0000	0.0000	0.0000	0.0000	0.0000	0.0000	0.0000	0.0000	0.0000	0.0000	0.0000	0.0000	0.0000	0.0000	0.0019	0.0019	0.0017	0.0014	0.0017	0.0001	0.0025	0.0025	0.0025	0.3643	0.0000	-0.0001	0.6329	7.1305	9.5631	3.2426	0.0000	0.0000	0.0000	0.0000	0.0000	0.0000	0.0000	0.0000	0.0000	0.0003	0.0002	0.0001	0.0001	0.0001	0.0000	0.0002	0.0001	0.0001	0.0362	0.0319	0.0043	0.0139	0.0131	0.0008	0.0223	0.0188	0.0035	0.1757	0.1235	0.0522	0.1015	0.0837	0.0179	0.0742	0.0399	0.0343	0.0000	0.0000	0.0000	0.0000	0.0000	0.0000	0.0000	0.0000	0.0000	0.0019	0.0019	0.0017	0.0014	0.0017	0.0001	0.0025	0.0025	0.0025	
7	95	0.1938	6	1	1	1	1	0	0	0	0	N	N	N	N	N	N	N	N	N	N	N	N	0.0000	0.0000	0.0000	0.0000	0.0000	0.0000	0.0000	0.0000	0.0000	0.0000	0.0000	0.0000	0.0000	0.0000	0.0000	0.0000	0.0000	0.0000	2.1094	0.1840	6.0979	0.1975	0.2300	0.0043	3.4957	0.1315	7.4889	15.9958	0.0000	0.5096	0.6329	8.0000	9.5631	22.5660	0.0000	0.0000	0.0000	0.0000	0.0000	0.0000	0.0000	0.0000	0.0000	1.0555	0.0621	0.9934	0.0415	0.0414	0.0001	1.0140	0.0207	0.9933	0.0399	0.0349	0.0050	0.0078	0.0074	0.0003	0.0322	0.0275	0.0047	0.5004	0.3375	0.1629	0.2103	0.1800	0.0303	0.2901	0.1574	0.1326	0.0000	0.0000	0.0000	0.0000	0.0000	0.0000	0.0000	0.0000	0.0000	2.1094	0.1840	6.0979	0.1975	0.2300	0.0043	3.4957	0.1315	7.4889	
7	96	0.1199	4	0	0	1	1	0	0	0	0	N	N	N	N	N	N	N	N	N	N	N	N	0.0932	0.0000	1.3860	0.0027	0.0000	9.3156	0.3388	0.0000	1.2849	0.0655	0.0000	0.5067	0.0042	0.0000	0.2178	0.0744	0.0000	0.5123	0.7034	0.9152	0.3656	1.5573	1.7164	0.0234	0.2195	0.0000	0.3987	inf	0.2504	0.0021	-0.1156	0.6329	11.9964	9.5631	18.8414	0.0037	0.0000	0.0037	0.0000	0.0000	0.0000	0.0037	0.0000	0.0037	0.4479	0.3582	0.0897	0.3587	0.3582	0.0005	0.0892	0.0000	0.0892	0.0562	0.0489	0.0073	0.0071	0.0069	0.0001	0.0491	0.0420	0.0071	0.6367	0.3914	0.2453	0.2303	0.2087	0.0216	0.4064	0.1827	0.2237	0.0932	0.0000	1.3860	0.0027	0.0000	9.3156	0.3388	0.0000	1.2849	0.7034	0.9152	0.3656	1.5573	1.7164	0.0234	0.2195	0.0000	0.3987
7	98	0.2243	8	1	1	2	1	0	0	0	0	N	N	Y	N	N	N	N	N	N	N	N	N	0.0000	0.0000	0.0000	0.0000	0.0000	0.0000	0.0000	0.0000	0.0000	0.0000	0.0000	0.0000	0.0000	0.0000	0.0000	0.0000	0.0000	0.0000	0.3029	0.3116	0.2839	0.5655	0.5428	0.6712	0.0626	0.0001	0.1418	0.4183	0.0000	-0.0159	0.6329	0.9502	9.5631	16.1595	0.0000	0.0000	0.0000	0.0000	0.0000	0.0000	0.0000	0.0000	0.0000	0.0975	0.0688	0.0288	0.0870	0.0688	0.0183	0.0105	0.0000	0.0105	0.0057	0.0050	0.0007	0.0015	0.0015	0.0001	0.0041	0.0035	0.0006	0.3220	0.2207	0.1013	0.1539	0.1267	0.0272	0.1682	0.0940	0.0741	0.0000	0.0000	0.0000	0.0000	0.0000	0.0000	0.0000	0.0000	0.0000	0.3029	0.3116	0.2839	0.5655	0.5428	0.6712	0.0626	0.0001	0.1418	
7	99	0.1199	4	0	1	1	1	0	0	0	0	N	N	N	N	N	N	N	N	N	N	N	N	0.0792	0.0000	0.9060	0.0025	0.0000	7.5774	0.2177	0.0000	0.8407	0.0655	0.0000	0.5067	0.0042	0.0000	0.2178	0.0744	0.0000	0.5123	0.8277	0.9976	0.5593	1.6667	1.8311	0.0287	0.3416	0.0012	0.6094	inf	0.3552	0.0021	-0.0967	0.6329	11.9964	9.5631	15.6499	0.0037	0.0000	0.0037	0.0000	0.0000	0.0000	0.0037	0.0000	0.0037	0.4925	0.3634	0.1291	0.3638	0.3632	0.0006	0.1287	0.0002	0.1285	0.0562	0.0489	0.0073	0.0071	0.0069	0.0001	0.0491	0.0420	0.0071	0.5950	0.3643	0.2307	0.2183	0.1983	0.0199	0.3767	0.1659	0.2108	0.0792	0.0000	0.9060	0.0025	0.0000	7.5774	0.2177	0.0000	0.8407	0.8277	0.9976	0.5593	1.6667	1.8311	0.0287	0.3416	0.0012	0.6094
7	100	0.2273	9	1	0	2	1	0	0	0	0	N	N	Y	N	N	N	N	N	N	N	N	N	0.0000	0.0000	0.0000	0.0000	0.0000	0.0000	0.0000	0.0000	0.0000	0.0000	0.0000	0.0000	0.0000	0.0000	0.0000	0.0000	0.0000	0.0000	3.0675	4.5006	0.0281	0.2794	0.3410	0.0008	5.7140	10.4074	0.0385	0.0029	0.0000	-0.4123	0.6329	1.0008	9.5631	13.9255	0.0000	0.0000	0.0000	0.0000	0.0000	0.0000	0.0000	0.0000	0.0000	0.9054	0.9027	0.0027	0.0402	0.0401	0.0000	0.8652	0.8626	0.0026	0.0052	0.0046	0.0006	0.0012	0.0012	0.0001	0.0040	0.0034	0.0006	0.2951	0.2006	0.0946	0.1437	0.1177	0.0260	0.1514	0.0829	0.0685	0.0000	0.0000	0.0000	0.0000	0.0000	0.0000	0.0000	0.0000	0.0000	3.0675	4.5006	0.0281	0.2794	0.3410	0.0008	5.7140	10.4074	0.0385	
7	101	0.2243	8	1	0	2	1	0	0	0	0	N	N	Y	N	N	N	N	N	N	N	N	N	0.0000	0.0000	0.0000	0.0000	0.0000	0.0000	0.0000	0.0000	0.0000	0.0000	0.0000	0.0000	0.0000	0.0000	0.0000	0.0000	0.0000	0.0000	1.4102	1.8499	0.2761	1.3336	1.5602	0.5367	1.5207	2.3605	0.0471	0.0579	0.0000	-0.0596	0.6329	0.0532	9.5631	2.0467	0.0000	0.0000	0.0000	0.0000	0.0000	0.0000	0.0000	0.0000	0.0000	0.1476	0.1396	0.0081	0.0824	0.0751	0.0073	0.0652	0.0645	0.0007	0.0010	0.0009	0.0001	0.0004	0.0004	0.0000	0.0006	0.0005	0.0001	0.1047	0.0754	0.0292	0.0618	0.0481	0.0137	0.0429	0.0273	0.0156	0.0000	0.0000	0.0000	0.0000	0.0000	0.0000	0.0000	0.0000	0.0000	1.4102	1.8499	0.2761	1.3336	1.5602	0.5367	1.5207	2.3605	0.0471	
7	102	0.2147	7	1	0	2	1	0	0	0	0	N	N	Y	N	N	N	N	N	N	N	N	N	0.0000	0.0000	0.0000	0.0000	0.0000	0.0000	0.0000	0.0000	0.0000	0.0000	0.0000	0.0000	0.0000	0.0000	0.0000	0.0000	0.0000	0.0000	0.9459	1.2518	0.1939	0.9887	1.1245	0.4568	0.8941	1.4536	0.0296	0.0630	0.0000	-0.0591	0.6329	2.0948	9.5631	3.0326	0.0000	0.0000	0.0000	0.0000	0.0000	0.0000	0.0000	0.0000	0.0000	0.1481	0.1393	0.0088	0.0847	0.0767	0.0080	0.0634	0.0625	0.0008	0.0115	0.0101	0.0014	0.0029	0.0028	0.0001	0.0086	0.0074	0.0013	0.1565	0.1113	0.0453	0.0857	0.0682	0.0174	0.0709	0.0430	0.0278	0.0000	0.0000	0.0000	0.0000	0.0000	0.0000	0.0000	0.0000	0.0000	0.9459	1.2518	0.1939	0.9887	1.1245	0.4568	0.8941	1.4536	0.0296	
7	103	0.1938	6	1	0	2	1	0	0	0	0	N	N	Y	N	N	N	N	N	N	N	N	N	0.0000	0.0000	0.0000	0.0000	0.0000	0.0000	0.0000	0.0000	0.0000	0.0000	0.0000	0.0000	0.0000	0.0000	0.0000	0.0000	0.0000	0.0000	0.4729	0.6830	0.0109	0.1521	0.1700	0.0241	0.7222	1.3306	0.0081	0.0072	0.0000	-0.0387	0.6329	3.9484	9.5631	4.8420	0.0000	0.0000	0.0000	0.0000	0.0000	0.0000	0.0000	0.0000	0.0000	0.0858	0.0852	0.0006	0.0121	0.0118	0.0002	0.0738	0.0734	0.0004	0.0201	0.0175	0.0025	0.0039	0.0037	0.0002	0.0161	0.0138	0.0024	0.1815	0.1248	0.0567	0.0794	0.0696	0.0097	0.1021	0.0552	0.0470	0.0000	0.0000	0.0000	0.0000	0.0000	0.0000	0.0000	0.0000	0.0000	0.4729	0.6830	0.0109	0.1521	0.1700	0.0241	0.7222	1.3306	0.0081	
7	104	0.1522	5	0	1	1	1	0	0	0	0	N	N	N	N	N	N	N	N	N	N	N	N	0.0000	0.0000	0.0000	0.0000	0.0000	0.0000	0.0000	0.0000	0.0000	0.0000	0.0000	0.0000	0.0000	0.0000	0.0000	0.0000	0.0000	0.0000	1.4653	2.2222	0.0665	4.2167	4.7909	0.1505	0.0965	0.1321	0.0553	0.0136	0.0162	-0.0000	-0.4650	0.6329	8.9557	9.5631	32.3127	0.0000	0.0000	0.0000	0.0000	0.0000	0.0000	0.0000	0.0000	0.0000	1.0511	1.0343	0.0167	1.0049	1.0004	0.0044	0.0462	0.0339	0.0123	0.0496	0.0436	0.0060	0.0106	0.0102	0.0004	0.0391	0.0334	0.0056	0.7173	0.4655	0.2518	0.2383	0.2088	0.0295	0.4790	0.2566	0.2224	0.0000	0.0000	0.0000	0.0000	0.0000	0.0000	0.0000	0.0000	0.0000	1.4653	2.2222	0.0665	4.2167	4.7909	0.1505	0.0965	0.1321	0.0553
7	105	0.1776	6	0	0	2	1	0	0	0	0	N	N	Y	N	N	N	N	N	N	N	N	N	0.0003	0.0003	0.0000	0.0027	0.0027	0.0000	0.0000	0.0000	0.0000	0.0000	0.0000	0.0000	0.0000	0.0000	0.0000	0.0000	0.0000	0.0000	0.0048	0.0060	0.0025	0.0027	0.0028	0.0020	0.0060	0.0089	0.0026	0.0000	0.2175	-0.0000	-0.0003	0.6329	4.2679	9.5631	7.8415	0.0000	0.0000	0.0000	0.0000	0.0000	0.0000	0.0000	0.0000	0.0000	0.0011	0.0009	0.0002	0.0002	0.0002	0.0000	0.0009	0.0007	0.0002	0.0239	0.0207	0.0032	0.0050	0.0048	0.0002	0.0190	0.0159	0.0031	0.2314	0.1524	0.0790	0.0844	0.0724	0.0120	0.1470	0.0800	0.0670	0.0003	0.0003	0.0000	0.0027	0.0027	0.0000	0.0000	0.0000	0.0000	0.0048	0.0060	0.0025	0.0027	0.0028	0.0020	0.0060	0.0089	0.0026
7	106	0.1522	5	0	0	1	1	0	0	0	0	N	N	N	N	N	N	N	N	N	N	N	N	0.0000	0.0000	0.0001	0.0002	0.0008	0.0000	0.0000	0.0000	0.0001	0.0000	0.0000	0.0000	0.0000	0.0000	0.0000	0.0000	0.0000	0.0000	0.1843	0.1511	0.2481	0.0470	0.0087	0.3133	0.2773	0.3163	0.2368	1.0136	0.8568	0.0000	0.0002	0.6329	1.9301	9.5631	9.0954	0.0000	0.0000	0.0000	0.0000	0.0000	0.0000	0.0000	0.0000	0.0000	0.0543	0.0293	0.0251	0.0056	0.0009	0.0047	0.0487	0.0284	0.0204	0.0155	0.0138	0.0017	0.0052	0.0050	0.0002	0.0103	0.0088	0.0015	0.2948	0.1937	0.1011	0.1190	0.1041	0.0150	0.1758	0.0897	0.0861	0.0000	0.0000	0.0001	0.0002	0.0008	0.0000	0.0000	0.0000	0.0001	0.1843	0.1511	0.2481	0.0470	0.0087	0.3133	0.2773	0.3163	0.2368
7	107	0.1199	4	0	0	1	1	0	0	0	0	N	N	N	N	N	N	N	N	N	N	N	N	0.0000	0.0000	0.0000	0.0000	0.0000	0.0000	0.0000	0.0001	0.0000	0.0000	0.0000	0.0000	0.0000	0.0000	0.0000	0.0000	0.0000	0.0000	0.4279	0.0733	0.9449	0.4174	0.0987	4.5558	0.4350	0.0298	0.6698	0.0000	8.8484	-0.0000	0.0749	0.6329	3.9049	9.5631	9.6098	0.0000	0.0000	0.0000	0.0000	0.0000	0.0000	0.0000	0.0000	0.0000	0.1701	0.0173	0.1528	0.0668	0.0147	0.0522	0.1032	0.0026	0.1007	0.0189	0.0164	0.0025	0.0024	0.0023	0.0000	0.0165	0.0141	0.0024	0.3975	0.2357	0.1617	0.1601	0.1487	0.0115	0.2373	0.0870	0.1503	0.0000	0.0000	0.0000	0.0000	0.0000	0.0000	0.0000	0.0001	0.0000	0.4279	0.0733	0.9449	0.4174	0.0987	4.5558	0.4350	0.0298	0.6698
7	108	0.1410	6	0	1	1	1	0	0	0	0	N	N	N	N	N	N	N	N	N	N	N	N	20.1678	0.0000	31998.1549	0.8064	0.0000	5908.9567	927.8214	0.0000	44037.8782	0.0897	0.0000	0.6808	0.0103	0.0000	0.4160	0.1023	0.0000	0.6878	0.0044	0.0069	0.0000	0.0128	0.0143	0.0001	0.0001	0.0002	0.0000	inf	0.0017	0.0021	-0.0012	0.6329	8.0392	9.5631	22.6195	0.0037	0.0000	0.0037	0.0001	0.0000	0.0001	0.0036	0.0000	0.0036	0.0026	0.0026	0.0000	0.0026	0.0026	0.0000	0.0000	0.0000	0.0000	0.0409	0.0355	0.0054	0.0056	0.0055	0.0001	0.0353	0.0301	0.0053	0.5881	0.3799	0.2082	0.2007	0.1792	0.0215	0.3874	0.2007	0.1867	20.1678	0.0000	31998.1549	0.8064	0.0000	5908.9567	927.8214	0.0000	44037.8782	0.0044	0.0069	0.0000	0.0128	0.0143	0.0001	0.0001	0.0002	0.0000
7	109	0.1410	5	0	0	1	1	0	0	0	0	N	N	N	N	N	N	N	N	N	N	N	N	0.8075	1.1770	0.3733	1.0044	0.9975	2.7474	0.6931	18.0640	0.3753	0.0306	0.0319	0.0243	0.0419	0.0436	0.0040	0.0240	0.0233	0.0264	0.0379	0.0271	0.0650	0.0417	0.0437	0.0015	0.0347	0.0013	0.0704	0.1559	0.9544	-0.0000	0.0002	0.6329	0.2031	9.5631	2.0398	0.0001	0.0001	0.0000	0.0000	0.0000	0.0000	0.0000	0.0000	0.0000	0.0050	0.0026	0.0024	0.0025	0.0025	0.0000	0.0025	0.0000	0.0024	0.0025	0.0021	0.0004	0.0009	0.0009	0.0000	0.0016	0.0012	0.0004	0.1324	0.0947	0.0377	0.0605	0.0576	0.0029	0.0719	0.0371	0.0347	0.8075	1.1770	0.3733	1.0044	0.9975	2.7474	0.6931	18.0640	0.3753	0.0379	0.0271	0.0650	0.0417	0.0437	0.0015	0.0347	0.0013	0.0704
7	110	0.7216	11	1	0	2	1	0	0	0	0	N	N	Y	N	N	N	N	N	N	N	N	N	0.0000	0.0000	0.0000	0.0000	0.0000	0.0000	0.0000	0.0000	0.0000	0.0000	0.0000	0.0000	0.0000	0.0000	0.0000	0.0000	0.0000	0.0000	0.0000	-0.0000	0.6329	0.0001	9.5631	0.0001	0.0000	0.0000	0.0000	0.0000	0.0000	0.0000	0.0000	0.0000	0.0000	0.0000	0.0000	0.0000	0.0000	0.0000	0.0000	0.0000	0.0000	0.0000	0.0004	0.0003	0.0001	0.0002	0.0002	0.0000	0.0002	0.0001	0.0001	0.0003	0.0001	0.0001	0.0001	0.0001	0.0000	0.0001	0.0000	0.0001	0.0000	0.0000	0.0000	0.0000	0.0000	0.0000	0.0000	0.0000	0.0000	0.0000	0.0000	0.0000	0.0000	0.0000	0.0000	0.0000	0.0000	0.0000											
7	111	0.7077	10	1	0	2	1	0	0	0	0	N	N	Y	N	N	N	N	N	N	N	N	N	0.0000	0.0000	0.0000	0.0000	0.0000	0.0000	0.0000	0.0000	0.0000	0.0000	0.0000	0.0000	0.0000	0.0000	0.0000	0.0000	0.0000	0.0000	0.0016	0.0017	0.0015	0.0019	0.0022	0.0001	0.0012	0.0006	0.0019	0.3510	0.0000	-0.0000	0.6329	1.6718	9.5631	2.9223	0.0000	0.0000	0.0000	0.0000	0.0000	0.0000	0.0000	0.0000	0.0000	0.0001	0.0001	0.0000	0.0001	0.0001	0.0000	0.0000	0.0000	0.0000	0.0076	0.0066	0.0010	0.0024	0.0023	0.0001	0.0051	0.0043	0.0008	0.0746	0.0531	0.0215	0.0421	0.0367	0.0054	0.0325	0.0164	0.0161	0.0000	0.0000	0.0000	0.0000	0.0000	0.0000	0.0000	0.0000	0.0000	0.0016	0.0017	0.0015	0.0019	0.0022	0.0001	0.0012	0.0006	0.0019	
7	112	0.6242	9	1	0	2	1	0	0	0	0	N	N	Y	N	N	N	N	N	N	N	N	N	0.0000	0.0000	0.0000	0.0000	0.0000	0.0000	0.0000	0.0000	0.0000	0.0000	0.0000	0.0000	0.0000	0.0000	0.0000	0.0000	0.0000	0.0000	0.0016	0.0011	0.0029	0.0012	0.0015	0.0001	0.0021	0.0003	0.0041	1.2126	0.0000	0.0000	0.6329	14.0283	9.5631	7.1084	0.0000	0.0000	0.0000	0.0000	0.0000	0.0000	0.0000	0.0000	0.0000	0.0005	0.0002	0.0003	0.0002	0.0002	0.0000	0.0003	0.0000	0.0003	0.0584	0.0511	0.0072	0.0203	0.0190	0.0013	0.0380	0.0321	0.0059	0.2859	0.1982	0.0877	0.1580	0.1320	0.0260	0.1279	0.0662	0.0616	0.0000	0.0000	0.0000	0.0000	0.0000	0.0000	0.0000	0.0000	0.0000	0.0016	0.0011	0.0029	0.0012	0.0015	0.0001	0.0021	0.0003	0.0041	
7	113	0.5639	8	0	0	1	1	0	0	0	0	N	N	N	N	N	N	N	N	N	N	N	N	0.0000	0.0000	0.0000	0.0000	0.0000	0.0000	0.0000	0.0000	0.0000	0.0000	0.0000	0.0000	0.0000	0.0000	0.0000	0.0000	0.0000	0.0000	0.1258	0.1742	0.0061	0.2135	0.2585	0.0070	0.0043	0.0033	0.0055	0.0140	0.0000	-0.0236	0.6329	8.6129	9.5631	5.1709	0.0000	0.0000	0.0000	0.0000	0.0000	0.0000	0.0000	0.0000	0.0000	0.0531	0.0524	0.0007	0.0524	0.0520	0.0003	0.0008	0.0003	0.0004	0.0551	0.0493	0.0058	0.0194	0.0186	0.0008	0.0358	0.0308	0.0050	0.4222	0.3007	0.1215	0.2452	0.2014	0.0439	0.1770	0.0994	0.0776	0.0000	0.0000	0.0000	0.0000	0.0000	0.0000	0.0000	0.0000	0.0000	0.1258	0.1742	0.0061	0.2135	0.2585	0.0070	0.0043	0.0033	0.0055	
7	114	0.4688	7	0	0	1	1	0	0	0	0	N	N	N	N	N	N	N	N	N	N	N	N	0.0001	0.0001	0.0003	0.0000	0.0000	0.0001	0.0012	0.0010	0.0003	0.0001	0.0001	0.0000	0.0000	0.0000	0.0000	0.0001	0.0001	0.0000	1.2542	1.7939	0.0483	2.4871	2.8531	0.0149	0.0920	0.1245	0.0567	0.0205	0.0120	-0.0000	-0.4071	0.6329	16.8607	9.5631	22.7724	0.0000	0.0000	0.0000	0.0000	0.0000	0.0000	0.0000	0.0000	0.0000	0.9117	0.9009	0.0108	0.8773	0.8766	0.0007	0.0344	0.0243	0.0102	0.0840	0.0741	0.0099	0.0237	0.0225	0.0013	0.0603	0.0517	0.0086	0.7270	0.5022	0.2248	0.3527	0.3073	0.0455	0.3742	0.1949	0.1793	0.0001	0.0001	0.0003	0.0000	0.0000	0.0001	0.0012	0.0010	0.0003	1.2542	1.7939	0.0483	2.4871	2.8531	0.0149	0.0920	0.1245	0.0567
7	115	0.2001	6	1	0	2	1	0	0	0	0	N	N	Y	N	N	N	N	N	N	N	N	N	0.0000	0.0000	0.0000	0.0000	0.0000	0.0000	0.0000	0.0000	0.0000	0.0000	0.0000	0.0000	0.0000	0.0000	0.0000	0.0000	0.0000	0.0000	0.0011	0.0016	0.0001	0.0015	0.0018	0.0001	0.0007	0.0012	0.0000	0.0138	0.0000	-0.0001	0.6329	1.0009	9.5631	4.0038	0.0000	0.0000	0.0000	0.0000	0.0000	0.0000	0.0000	0.0000	0.0000	0.0002	0.0002	0.0000	0.0001	0.0001	0.0000	0.0001	0.0000	0.0000	0.0054	0.0047	0.0007	0.0011	0.0011	0.0000	0.0043	0.0036	0.0006	0.1462	0.1025	0.0438	0.0731	0.0616	0.0115	0.0731	0.0408	0.0323	0.0000	0.0000	0.0000	0.0000	0.0000	0.0000	0.0000	0.0000	0.0000	0.0011	0.0016	0.0001	0.0015	0.0018	0.0001	0.0007	0.0012	0.0000	
7	116	0.1717	5	1	0	2	1	0	0	0	0	N	N	Y	N	N	N	N	N	N	N	N	N	0.0002	0.0002	0.0000	0.0001	0.0001	0.0000	0.0002	0.0001	0.0000	0.0000	0.0000	0.0000	0.0000	0.0000	0.0000	0.0000	0.0000	0.0000	0.0859	0.1101	0.0368	0.0176	0.0156	0.0305	0.1350	0.2203	0.0381	0.0037	0.1647	-0.0000	-0.0067	0.6329	1.8441	9.5631	10.4794	0.0000	0.0000	0.0000	0.0000	0.0000	0.0000	0.0000	0.0000	0.0000	0.0212	0.0182	0.0030	0.0018	0.0014	0.0004	0.0194	0.0168	0.0026	0.0118	0.0104	0.0014	0.0041	0.0038	0.0003	0.0077	0.0066	0.0011	0.2467	0.1653	0.0814	0.1032	0.0890	0.0142	0.1434	0.0763	0.0672	0.0002	0.0002	0.0000	0.0001	0.0001	0.0000	0.0002	0.0001	0.0000	0.0859	0.1101	0.0368	0.0176	0.0156	0.0305	0.1350	0.2203	0.0381
7	117	0.3560	5	0	1	1	2	0	0	0	0	N	N	N	Y	N	N	N	N	N	N	N	N	0.0016	0.0000	0.0197	0.0001	0.0000	0.0050	0.0066	0.0000	0.0221	0.0004	0.0000	0.0034	0.0000	0.0000	0.0010	0.0005	0.0000	0.0037	0.2355	0.2636	0.1712	0.3952	0.4197	0.1995	0.0810	0.0001	0.1650	inf	0.2838	0.0000	-0.0460	0.6329	10.5071	9.5631	20.2622	0.0000	0.0000	0.0000	0.0000	0.0000	0.0000	0.0000	0.0000	0.0000	0.1939	0.1510	0.0429	0.1600	0.1510	0.0090	0.0339	0.0000	0.0339	0.0617	0.0546	0.0071	0.0183	0.0176	0.0007	0.0434	0.0371	0.0063	0.8233	0.5730	0.2503	0.4049	0.3598	0.0451	0.4184	0.2132	0.2052	0.0016	0.0000	0.0197	0.0001	0.0000	0.0050	0.0066	0.0000	0.0221	0.2355	0.2636	0.1712	0.3952	0.4197	0.1995	0.0810	0.0001	0.1650
7	118	0.1199	4	0	1	1	2	0	0	0	0	N	N	N	Y	N	N	N	N	N	N	N	N	0.0000	0.0000	0.0000	0.0000	0.0000	0.0000	0.0000	0.0000	0.0000	0.0000	0.0000	0.0000	0.0000	0.0000	0.0000	0.0000	0.0000	0.0000	0.1929	0.0743	0.3819	0.1236	0.1363	0.0010	0.2322	0.0030	0.4186	3.2272	0.0000	0.0372	0.6329	4.0036	9.5631	26.5072	0.0000	0.0000	0.0000	0.0000	0.0000	0.0000	0.0000	0.0000	0.0000	0.1218	0.0288	0.0930	0.0283	0.0283	0.0000	0.0935	0.0005	0.0930	0.0193	0.0168	0.0025	0.0024	0.0024	0.0000	0.0169	0.0144	0.0025	0.6317	0.3881	0.2435	0.2289	0.2074	0.0214	0.4028	0.1807	0.2221	0.0000	0.0000	0.0000	0.0000	0.0000	0.0000	0.0000	0.0000	0.0000	0.1929	0.0743	0.3819	0.1236	0.1363	0.0010	0.2322	0.0030	0.4186	
7	119	0.1583	5	0	1	1	1	0	0	0	0	N	N	N	N	N	N	N	N	N	N	N	N	0.0000	0.0000	0.0000	0.0000	0.0000	0.0000	0.0000	0.0000	0.0000	0.0000	0.0000	0.0000	0.0000	0.0000	0.0000	0.0000	0.0000	0.0000	0.0312	0.0312	0.0313	0.0481	0.0536	0.0143	0.0211	0.0098	0.0343	0.5194	0.0000	-0.0017	0.6329	3.8169	9.5631	21.2433	0.0000	0.0000	0.0000	0.0000	0.0000	0.0000	0.0000	0.0000	0.0000	0.0145	0.0096	0.0050	0.0083	0.0080	0.0003	0.0062	0.0015	0.0046	0.0260	0.0226	0.0034	0.0082	0.0075	0.0007	0.0179	0.0151	0.0027	0.4652	0.3066	0.1586	0.1734	0.1494	0.0240	0.2917	0.1572	0.1346	0.0000	0.0000	0.0000	0.0000	0.0000	0.0000	0.0000	0.0000	0.0000	0.0312	0.0312	0.0313	0.0481	0.0536	0.0143	0.0211	0.0098	0.0343	
7	120	0.5040	9	0	1	1	1	0	0	0	0	N	N	N	N	N	N	N	N	N	N	N	N	0.0849	0.0710	0.0000	0.1634	0.1447	0.0010	0.0000	0.0000	0.0000	0.0346	0.0393	0.0000	0.1096	0.1143	0.0000	0.0000	0.0000	0.0000	0.4071	0.5542	0.0761	0.6704	0.7904	0.0127	0.0793	0.0583	0.1006	0.0000	0.0610	-0.0014	-0.2024	0.6329	16.3276	9.5631	34.9199	0.0031	0.0031	0.0000	0.0031	0.0031	0.0000	0.0000	0.0000	0.0000	0.5049	0.4758	0.0290	0.4611	0.4597	0.0013	0.0438	0.0161	0.0277	0.0894	0.0785	0.0109	0.0282	0.0270	0.0012	0.0612	0.0515	0.0097	1.2400	0.8586	0.3814	0.6877	0.5816	0.1061	0.5523	0.2770	0.2753	0.0849	0.0710	0.0000	0.1634	0.1447	0.0010	0.0000	0.0000	0.0000	0.4071	0.5542	0.0761	0.6704	0.7904	0.0127	0.0793	0.0583	0.1006
7	121	0.4866	8	0	1	1	1	0	0	0	0	N	N	N	N	N	N	N	N	N	N	N	N	0.0789	0.0560	0.3129	0.1860	0.1635	0.1502	0.0321	0.0004	0.2453	0.0223	0.0192	0.0431	0.0570	0.0590	0.0058	0.0080	0.0001	0.0465	0.2826	0.3422	0.1377	0.3065	0.3610	0.0389	0.2478	0.2992	0.1897	0.3382	0.1653	-0.0001	-0.0756	0.6329	6.1757	9.5631	14.5601	0.0008	0.0006	0.0002	0.0006	0.0006	0.0000	0.0002	0.0000	0.0002	0.2388	0.2049	0.0339	0.1537	0.1504	0.0033	0.0851	0.0545	0.0306	0.0353	0.0307	0.0046	0.0103	0.0099	0.0004	0.0250	0.0208	0.0042	0.8450	0.5989	0.2461	0.5015	0.4167	0.0848	0.3435	0.1823	0.1612	0.0789	0.0560	0.3129	0.1860	0.1635	0.1502	0.0321	0.0004	0.2453	0.2826	0.3422	0.1377	0.3065	0.3610	0.0389	0.2478	0.2992	0.1897
7	122	0.4336	7	0	0	1	1	0	0	0	0	N	N	N	N	N	N	N	N	N	N	N	N	0.0350	0.0246	0.1353	0.1022	0.0962	0.0869	0.0111	0.0000	0.1270	0.0073	0.0059	0.0170	0.0166	0.0172	0.0055	0.0029	0.0000	0.0187	0.2078	0.2418	0.1255	0.1625	0.1787	0.0636	0.2608	0.3612	0.1471	0.3948	0.2137	-0.0001	-0.0474	0.6329	7.5400	9.5631	21.4192	0.0003	0.0002	0.0001	0.0002	0.0002	0.0000	0.0001	0.0000	0.0001	0.1681	0.1385	0.0296	0.0709	0.0670	0.0039	0.0972	0.0715	0.0257	0.0447	0.0393	0.0054	0.0143	0.0136	0.0007	0.0304	0.0257	0.0047	0.8087	0.5729	0.2359	0.4360	0.3749	0.0611	0.3727	0.1980	0.1748	0.0350	0.0246	0.1353	0.1022	0.0962	0.0869	0.0111	0.0000	0.1270	0.2078	0.2418	0.1255	0.1625	0.1787	0.0636	0.2608	0.3612	0.1471
7	123	0.1938	6	0	1	1	1	0	0	0	0	N	N	N	N	N	N	N	N	N	N	N	N	5.4272	0.0000	23.9356	0.1610	0.0000	0.5479	9.5704	0.0000	560.0638	0.1811	0.0000	1.4313	0.0076	0.0000	0.1706	0.2231	0.0000	1.5239	0.0334	0.0207	0.0598	0.0470	0.0036	0.3113	0.0233	0.0407	0.0027	inf	1.3809	0.0021	0.0016	0.6329	4.0019	9.5631	19.5615	0.0037	0.0000	0.0037	0.0000	0.0000	0.0000	0.0037	0.0000	0.0037	0.0135	0.0057	0.0078	0.0080	0.0005	0.0075	0.0054	0.0051	0.0003	0.0203	0.0178	0.0026	0.0040	0.0038	0.0002	0.0164	0.0140	0.0024	0.4036	0.2730	0.1306	0.1711	0.1469	0.0242	0.2325	0.1261	0.1064	5.4272	0.0000	23.9356	0.1610	0.0000	0.5479	9.5704	0.0000	560.0638	0.0334	0.0207	0.0598	0.0470	0.0036	0.3113	0.0233	0.0407	0.0027
7	124	0.1717	5	0	0	1	1	0	0	0	0	N	N	N	N	N	N	N	N	N	N	N	N	0.0000	0.0000	0.0000	0.0000	0.0000	0.0000	0.0000	0.0000	0.0000	0.0000	0.0000	0.0000	0.0000	0.0000	0.0000	0.0000	0.0000	0.0000	0.0573	0.0650	0.0415	0.1022	0.1169	0.0101	0.0235	0.0015	0.0484	0.3103	0.0000	-0.0026	0.6329	1.2223	9.5631	8.2281	0.0000	0.0000	0.0000	0.0000	0.0000	0.0000	0.0000	0.0000	0.0000	0.0116	0.0088	0.0027	0.0089	0.0087	0.0001	0.0027	0.0001	0.0026	0.0087	0.0077	0.0010	0.0035	0.0033	0.0003	0.0052	0.0044	0.0008	0.2020	0.1359	0.0661	0.0867	0.0748	0.0119	0.1153	0.0611	0.0542	0.0000	0.0000	0.0000	0.0000	0.0000	0.0000	0.0000	0.0000	0.0000	0.0573	0.0650	0.0415	0.1022	0.1169	0.0101	0.0235	0.0015	0.0484	
7	125	0.1199	4	0	0	1	1	0	0	0	0	N	N	N	N	N	N	N	N	N	N	N	N	0.0000	0.0000	0.0000	0.0000	0.0000	0.0000	0.0000	0.0000	0.0000	0.0000	0.0000	0.0000	0.0000	0.0000	0.0000	0.0000	0.0000	0.0000	0.2816	0.0305	0.6607	0.0432	0.0445	0.0282	0.4322	0.0103	0.7140	14.3337	-0.0000	0.0626	0.6329	5.9920	9.5631	12.2976	0.0000	0.0000	0.0000	0.0000	0.0000	0.0000	0.0000	0.0000	0.0000	0.1314	0.0086	0.1228	0.0078	0.0074	0.0004	0.1236	0.0012	0.1224	0.0288	0.0250	0.0038	0.0036	0.0035	0.0001	0.0251	0.0215	0.0037	0.4666	0.2807	0.1859	0.1807	0.1662	0.0145	0.2860	0.1145	0.1714	0.0000	0.0000	0.0000	0.0000	0.0000	0.0000	0.0000	0.0000	0.0000	0.2816	0.0305	0.6607	0.0432	0.0445	0.0282	0.4322	0.0103	0.7140	
7	126	0.1570	6	0	1	1	1	0	0	0	0	N	N	N	N	N	N	N	N	N	N	N	N	1.7322	1.5225	0.0000	0.0432	0.0400	0.0000	9.0338	799.6465	0.0000	0.1355	0.1563	0.0000	0.0080	0.0083	0.0000	0.1603	0.1891	0.0000	0.0782	0.1026	0.0326	0.1850	0.2070	0.0032	0.0177	0.0002	0.0363	0.0000	0.1702	-0.0016	-0.0110	0.6329	5.0407	9.5631	17.1705	0.0036	0.0036	0.0000	0.0000	0.0000	0.0000	0.0036	0.0036	0.0000	0.0353	0.0301	0.0051	0.0302	0.0301	0.0001	0.0051	0.0000	0.0051	0.0268	0.0232	0.0036	0.0044	0.0042	0.0002	0.0224	0.0190	0.0034	0.4508	0.2935	0.1573	0.1630	0.1454	0.0176	0.2878	0.1482	0.1397	1.7322	1.5225	0.0000	0.0432	0.0400	0.0000	9.0338	799.6465	0.0000	0.0782	0.1026	0.0326	0.1850	0.2070	0.0032	0.0177	0.0002	0.0363
7	127	0.1410	5	0	1	1	1	0	0	0	0	N	N	N	N	N	N	N	N	N	N	N	N	0.6427	0.5369	0.6897	0.6629	0.6315	1.2595	2.2665	7.7008	0.6534	0.0084	0.0093	0.0030	0.0194	0.0200	0.0012	0.0061	0.0067	0.0030	0.0131	0.0174	0.0043	0.0292	0.0316	0.0009	0.0027	0.0009	0.0046	0.0513	0.1184	-0.0000	-0.0011	0.6329	1.9703	9.5631	6.2034	0.0001	0.0001	0.0000	0.0000	0.0000	0.0000	0.0001	0.0001	0.0000	0.0031	0.0028	0.0003	0.0027	0.0027	0.0000	0.0004	0.0001	0.0003	0.0114	0.0098	0.0016	0.0020	0.0019	0.0001	0.0094	0.0079	0.0015	0.2360	0.1595	0.0765	0.0929	0.0856	0.0073	0.1431	0.0739	0.0692	0.6427	0.5369	0.6897	0.6629	0.6315	1.2595	2.2665	7.7008	0.6534	0.0131	0.0174	0.0043	0.0292	0.0316	0.0009	0.0027	0.0009	0.0046
7	128	0.1199	4	0	0	1	1	0	0	0	0	N	N	N	N	N	N	N	N	N	N	N	N	0.0109	0.0054	2.4168	0.0003	0.0002	0.6189	1.2296	0.8193	2.5512	0.0072	0.0060	0.0144	0.0005	0.0003	0.0061	0.0081	0.0070	0.0146	0.6572	1.1268	0.0060	1.5387	1.6367	0.0098	0.0066	0.0085	0.0057	0.3652	0.0038	-0.0000	-0.0981	0.6329	1.1032	9.5631	7.8190	0.0000	0.0000	0.0000	0.0000	0.0000	0.0000	0.0000	0.0000	0.0000	0.2159	0.2151	0.0008	0.2146	0.2146	0.0001	0.0013	0.0005	0.0007	0.0054	0.0047	0.0007	0.0007	0.0007	0.0000	0.0047	0.0040	0.0007	0.3285	0.1909	0.1376	0.1395	0.1311	0.0084	0.1890	0.0598	0.1292	0.0109	0.0054	2.4168	0.0003	0.0002	0.6189	1.2296	0.8193	2.5512	0.6572	1.1268	0.0060	1.5387	1.6367	0.0098	0.0066	0.0085	0.0057
7	129	0.4629	8	0	1	1	1	0	0	0	0	N	N	N	N	N	N	N	N	N	N	N	N	0.0000	0.0000	0.0000	0.0000	0.0000	0.0000	0.0000	0.0000	0.0000	0.0000	0.0000	0.0000	0.0000	0.0000	0.0000	0.0000	0.0000	0.0000	0.0000	0.0000	0.0000	0.0000	0.0001	0.0000	0.0000	0.0000	0.0000	0.1467	0.0000	-0.0000	0.6329	1.0033	9.5631	0.8635	0.0000	0.0000	0.0000	0.0000	0.0000	0.0000	0.0000	0.0000	0.0000	0.0000	0.0000	0.0000	0.0000	0.0000	0.0000	0.0000	0.0000	0.0000	0.0133	0.0121	0.0013	0.0076	0.0071	0.0004	0.0057	0.0049	0.0008	0.1820	0.1369	0.0451	0.1061	0.0976	0.0085	0.0760	0.0394	0.0366	0.0000	0.0000	0.0000	0.0000	0.0000	0.0000	0.0000	0.0000	0.0000	0.0000	0.0000	0.0000	0.0000	0.0001	0.0000	0.0000	0.0000	0.0000	
7	130	0.4336	7	0	0	1	1	0	0	0	0	N	N	N	N	N	N	N	N	N	N	N	N	0.0000	0.0000	0.0000	0.0000	0.0000	0.0000	0.0000	0.0000	0.0000	0.0000	0.0000	0.0000	0.0000	0.0000	0.0000	0.0000	0.0000	0.0000	0.0261	0.0188	0.0445	0.0264	0.0276	0.0190	0.0258	0.0005	0.0541	0.9364	0.0000	0.0004	0.6329	5.5514	9.5631	9.9598	0.0000	0.0000	0.0000	0.0000	0.0000	0.0000	0.0000	0.0000	0.0000	0.0171	0.0088	0.0082	0.0097	0.0087	0.0010	0.0074	0.0001	0.0073	0.0356	0.0313	0.0043	0.0122	0.0116	0.0006	0.0234	0.0197	0.0037	0.6533	0.4680	0.1853	0.3676	0.3171	0.0505	0.2857	0.1509	0.1348	0.0000	0.0000	0.0000	0.0000	0.0000	0.0000	0.0000	0.0000	0.0000	0.0261	0.0188	0.0445	0.0264	0.0276	0.0190	0.0258	0.0005	0.0541	
7	131	0.4033	6	0	0	1	1	0	0	0	0	N	N	N	N	N	N	N	N	N	N	N	N	0.0078	0.0131	0.0054	0.0481	0.0499	0.0033	0.0011	0.0000	0.0050	0.0022	0.0021	0.0032	0.0065	0.0067	0.0004	0.0005	0.0000	0.0035	0.2852	0.1591	0.5878	0.1348	0.1348	0.1346	0.4459	0.2042	0.6997	0.1990	1.5384	-0.0000	0.0275	0.6329	9.1969	9.5631	13.4651	0.0001	0.0001	0.0000	0.0001	0.0001	0.0000	0.0000	0.0000	0.0000	0.1865	0.0735	0.1130	0.0455	0.0404	0.0051	0.1410	0.0331	0.1079	0.0532	0.0471	0.0061	0.0152	0.0146	0.0006	0.0380	0.0325	0.0055	0.6540	0.4617	0.1923	0.3378	0.2998	0.0381	0.3162	0.1620	0.1542	0.0078	0.0131	0.0054	0.0481	0.0499	0.0033	0.0011	0.0000	0.0050	0.2852	0.1591	0.5878	0.1348	0.1348	0.1346	0.4459	0.2042	0.6997
7	132	0.2168	8	1	1	1	2	0	0	0	0	N	N	N	Y	N	N	N	N	N	N	N	N	0.0000	0.0000	0.0000	0.0000	0.0000	0.0000	0.0000	0.0000	0.0000	0.0000	0.0000	0.0000	0.0000	0.0000	0.0000	6.7194	12.0124	0.0000	42.4352	51.4327	0.0000	0.0000	0.0000	0.0000	0.0000	0.0000	-0.1640	0.6329	1.0000	9.5631	3.0001	0.0000	0.0000	0.0000	0.0000	0.0000	0.0000	0.0000	0.0000	0.0000	0.3579	0.3579	0.0000	0.3579	0.3579	0.0000	0.0000	0.0000	0.0000	0.0051	0.0044	0.0006	0.0010	0.0010	0.0000	0.0040	0.0034	0.0006	0.0648	0.0420	0.0227	0.0248	0.0210	0.0037	0.0400	0.0210	0.0190	0.0000	0.0000	0.0000	0.0000	0.0000	0.0000	0.0000	0.0000	0.0000	5.5258	8.5118	0.0000	14.4397	17.0009	0.0000	0.0000	0.0000	0.0000				
7	133	0.6157	12	1	1	1	2	0	0	0	0	N	N	N	Y	N	N	N	N	N	N	N	N	0.0000	0.0000	0.0000	0.0000	0.0000	0.0000	0.0000	0.0000	0.0000	0.0000	0.0000	0.0000	0.0000	0.0000	0.0000	1.7498	2.5883	0.0000	3.5851	4.0582	0.0000	0.0000	0.0000	0.0000	0.0000	0.0000	-0.0283	0.6329	0.0006	9.5631	1.9797	0.0000	0.0000	0.0000	0.0000	0.0000	0.0000	0.0000	0.0000	0.0000	0.0618	0.0618	0.0000	0.0618	0.0618	0.0000	0.0000	0.0000	0.0000	0.0000	0.0000	0.0000	0.0000	0.0000	0.0000	0.0000	0.0000	0.0000	0.0353	0.0239	0.0115	0.0173	0.0152	0.0020	0.0181	0.0087	0.0094	0.0000	0.0000	0.0000	0.0000	0.0000	0.0000	0.0000	0.0000	0.0000	1.7498	2.5883	0.0000	3.5851	4.0582	0.0000	0.0000	0.0000	0.0000				
7	134	0.5989	11	1	1	1	2	0	0	0	0	N	N	N	Y	N	N	N	N	N	N	N	N	0.0000	0.0000	0.0000	0.0000	0.0000	0.0000	0.0000	0.0000	0.0000	0.0000	0.0000	0.0000	0.0000	0.0000	0.0000	0.0000	0.0000	0.2014	0.2926	0.0000	0.4175	0.4849	0.0000	0.0000	0.0000	0.0000	0.0000	0.0000	-0.0110	0.6329	2.0077	9.5631	6.0321	0.0000	0.0000	0.0000	0.0000	0.0000	0.0000	0.0000	0.0000	0.0000	0.0240	0.0240	0.0000	0.0240	0.0240	0.0000	0.0000	0.0000	0.0000	0.0098	0.0087	0.0012	0.0029	0.0028	0.0002	0.0069	0.0059	0.0010	0.1191	0.0820	0.0371	0.0574	0.0495	0.0080	0.0617	0.0325	0.0292	0.0000	0.0000	0.0000	0.0000	0.0000	0.0000	0.0000	0.0000	0.0000	0.2014	0.2926	0.0000	0.4175	0.4849	0.0000	0.0000	0.0000	0.0000		
7	135	0.5942	11	0	1	1	2	0	0	0	0	N	N	N	Y	N	N	N	N	N	N	N	N	0.0000	0.0000	0.0000	0.0000	0.0000	0.0000	0.0000	0.0000	0.0000	0.0000	0.0000	0.0000	0.0000	0.0000	0.0000	0.0000	0.0000	0.0000	5.3169	8.0527	0.0024	21.1758	23.2022	0.0009	0.0017	0.0007	0.0028	0.0002	0.0000	-0.4401	0.6329	3.0348	9.5631	9.3583	0.0000	0.0000	0.0000	0.0000	0.0000	0.0000	0.0000	0.0000	0.0000	0.9605	0.9604	0.0002	0.9604	0.9603	0.0000	0.0002	0.0000	0.0001	0.0151	0.0133	0.0019	0.0044	0.0041	0.0002	0.0108	0.0091	0.0016	0.2077	0.1445	0.0632	0.1005	0.0878	0.0127	0.1072	0.0567	0.0505	0.0000	0.0000	0.0000	0.0000	0.0000	0.0000	0.0000	0.0000	0.0000	4.6239	6.6464	0.0024	9.5539	10.9363	0.0009	0.0017	0.0007	0.0028	
7	136	0.5799	10	0	0	1	2	0	0	0	0	N	N	N	Y	N	N	N	N	N	N	N	N	0.0000	0.0000	0.0000	0.0000	0.0000	0.0000	0.0000	0.0000	0.0000	0.0000	0.0000	0.0000	0.0000	0.0000	0.0000	0.0000	0.0000	0.0000	0.0064	0.0089	0.0010	0.0099	0.0115	0.0004	0.0033	0.0053	0.0012	0.0533	0.0000	-0.0003	0.6329	0.0433	9.5631	6.6805	0.0000	0.0000	0.0000	0.0000	0.0000	0.0000	0.0000	0.0000	0.0000	0.0007	0.0006	0.0000	0.0005	0.0005	0.0000	0.0002	0.0002	0.0000	0.0002	0.0002	0.0000	0.0001	0.0001	0.0000	0.0002	0.0001	0.0000	0.1034	0.0704	0.0330	0.0483	0.0416	0.0066	0.0551	0.0288	0.0263	0.0000	0.0000	0.0000	0.0000	0.0000	0.0000	0.0000	0.0000	0.0000	0.0064	0.0089	0.0010	0.0099	0.0115	0.0004	0.0033	0.0053	0.0012	
7	137	0.2464	10	0	1	1	2	0	0	0	0	N	N	N	Y	N	N	N	N	N	N	N	N	0.0000	0.0000	0.0000	0.0000	0.0000	0.0000	0.0000	0.0000	0.0000	0.0000	0.0000	0.0000	0.0000	0.0000	0.0000	0.0000	0.0000	0.0000	0.0000	0.0000	0.6329	0.0000	9.5631	0.0000	0.0000	0.0000	0.0000	0.0000	0.0000	0.0000	0.0000	0.0000	0.0000	0.0000	0.0000	0.0000	0.0000	0.0000	0.0000	0.0000	0.0000	0.0000	0.0000	0.0000	0.0000	0.0000	0.0000	0.0000	0.0000	0.0000	0.0000	0.0000	0.0000	0.0000	0.0000	0.0000	0.0000	0.0000	0.0000	0.0000	0.0000	0.0000	0.0000	0.0000	0.0000	0.0000	0.0000	0.0000	0.0000	0.0000	0.0000	0.0000	0.0000	0.0000	0.0000	0.0000	0.0000	0.0000											
7	138	0.2413	9	0	1	1	2	0	0	0	0	N	N	N	Y	N	N	N	N	N	N	N	N	0.0000	0.0000	0.0000	0.0000	0.0000	0.0000	0.0000	0.0000	0.0000	0.0000	0.0000	0.0000	0.0000	0.0679	0.1039	0.0000	0.1832	0.2112	0.0000	0.0000	0.0000	0.0000	0.0000	0.0000	-0.0010	0.6329	0.0021	9.5631	2.0000	0.0000	0.0000	0.0000	0.0000	0.0000	0.0000	0.0000	0.0000	0.0000	0.0022	0.0022	0.0000	0.0022	0.0022	0.0000	0.0000	0.0000	0.0000	0.0000	0.0000	0.0000	0.0000	0.0000	0.0000	0.0000	0.0000	0.0000	0.0320	0.0209	0.0111	0.0118	0.0103	0.0016	0.0201	0.0106	0.0095	0.0000	0.0000	0.0000	0.0000	0.0000	0.0000	0.0000	0.0000	0.0000	0.0679	0.1039	0.0000	0.1832	0.2112	0.0000	0.0000	0.0000	0.0000						
7	139	0.2311	8	0	0	1	2	0	0	0	0	N	N	N	Y	N	N	N	N	N	N	N	N	0.0000	0.0000	0.0000	0.0000	0.0000	0.0000	0.0000	0.0000	0.0000	0.0000	0.0000	0.0000	0.0000	0.0000	0.0000	0.0000	0.0000	0.0008	0.0012	0.0000	0.0021	0.0024	0.0000	0.0000	0.0000	0.0000	0.0027	0.0000	-0.0000	0.6329	1.0020	9.5631	3.0181	0.0000	0.0000	0.0000	0.0000	0.0000	0.0000	0.0000	0.0000	0.0000	0.0001	0.0001	0.0000	0.0001	0.0001	0.0000	0.0000	0.0000	0.0000	0.0051	0.0044	0.0006	0.0011	0.0010	0.0000	0.0040	0.0034	0.0006	0.0648	0.0422	0.0226	0.0245	0.0210	0.0035	0.0403	0.0212	0.0191	0.0000	0.0000	0.0000	0.0000	0.0000	0.0000	0.0000	0.0000	0.0000	0.0008	0.0012	0.0000	0.0021	0.0024	0.0000	0.0000	0.0000	0.0000		
7	140	0.2168	8	0	1	1	1	0	0	0	0	N	N	N	N	N	N	N	N	N	N	N	N	0.0000	0.0000	0.0000	0.0000	0.0000	0.0000	0.0000	0.0000	0.0000	0.0000	0.0000	0.0000	0.0000	0.0000	0.0000	0.0000	0.0000	0.0000	0.0000	0.0000	0.0000	0.0000	inf	0.0000	0.0000	0.6329	0.0000	9.5631	4.0001	0.0000	0.0000	0.0000	0.0000	0.0000	0.0000	0.0000	0.0000	0.0000	0.0000	0.0000	0.0000	0.0000	0.0000	0.0000	0.0000	0.0000	0.0000	0.0000	0.0000	0.0000	0.0000	0.0000	0.0000	0.0000	0.0000	0.0000	0.0648	0.0420	0.0227	0.0248	0.0210	0.0037	0.0400	0.0210	0.0190	0.0000	0.0000	0.0000	0.0000	0.0000	0.0000	0.0000	0.0000	0.0000	0.0000	0.0000	0.0000	0.0000	0.0000	0.0000	0.0000	0.0000	0.0000						
7	141	0.5944	10	0	1	1	1	0	0	0	0	N	N	N	N	N	N	N	N	N	N	N	N	0.0000	0.0000	0.0000	0.0000	0.0000	0.0000	0.0000	0.0000	0.0000	0.0000	0.0000	0.0000	0.0000	0.0000	0.0000	0.0000	0.0000	0.0000	16.5990	30.4183	0.0004	112.6961	125.7552	0.0001	0.0002	0.0000	0.0005	0.0000	0.0000	-0.4574	0.6329	1.0003	9.5631	5.0186	0.0000	0.0000	0.0000	0.0000	0.0000	0.0000	0.0000	0.0000	0.0000	0.9980	0.9980	0.0000	0.9980	0.9980	0.0000	0.0000	0.0000	0.0000	0.0049	0.0043	0.0006	0.0015	0.0014	0.0001	0.0034	0.0029	0.0005	0.0909	0.0625	0.0284	0.0440	0.0379	0.0061	0.0469	0.0246	0.0223	0.0000	0.0000	0.0000	0.0000	0.0000	0.0000	0.0000	0.0000	0.0000	10.9746	15.9607	0.0004	22.6647	26.3339	0.0001	0.0002	0.0000	0.0005	
7	142	0.2311	8	0	0	2	2	0	0	0	0	N	N	Y	Y	N	N	N	N	N	N	N	N	0.0000	0.0000	0.0000	0.0000	0.0000	0.0000	0.0000	0.0000	0.0000	0.0000	0.0000	0.0000	0.0000	0.0000	0.0000	0.0000	0.0022	0.0033	0.0000	0.0058	0.0067	0.0000	0.0000	0.0000	0.0000	0.0001	0.0000	-0.0001	0.6329	0.0001	9.5631	9.0026	0.0000	0.0000	0.0000	0.0000	0.0000	0.0000	0.0000	0.0000	0.0000	0.0003	0.0003	0.0000	0.0003	0.0003	0.0000	0.0000	0.0000	0.0000	0.0000	0.0000	0.0000	0.0000	0.0000	0.0000	0.0000	0.0000	0.0000	0.1423	0.0927	0.0496	0.0536	0.0460	0.0076	0.0887	0.0468	0.0419	0.0000	0.0000	0.0000	0.0000	0.0000	0.0000	0.0000	0.0000	0.0000	0.0022	0.0033	0.0000	0.0058	0.0067	0.0000	0.0000	0.0000	0.0000			
7	143	0.5799	10	0	0	2	2	0	0	0	0	N	N	Y	Y	N	N	N	N	N	N	N	N	0.0000	0.0000	0.0000	0.0000	0.0000	0.0000	0.0000	0.0000	0.0000	0.0000	0.0000	0.0000	0.0000	0.0000	0.0000	0.0000	0.0000	0.0000	0.0034	0.0046	0.0008	0.0068	0.0077	0.0010	0.0004	0.0000	0.0008	0.0853	0.0000	-0.0002	0.6329	2.0061	9.5631	8.0425	0.0000	0.0000	0.0000	0.0000	0.0000	0.0000	0.0000	0.0000	0.0000	0.0005	0.0005	0.0000	0.0005	0.0005	0.0000	0.0000	0.0000	0.0000	0.0098	0.0086	0.0012	0.0027	0.0026	0.0002	0.0070	0.0060	0.0010	0.1519	0.1034	0.0485	0.0709	0.0611	0.0098	0.0811	0.0423	0.0387	0.0000	0.0000	0.0000	0.0000	0.0000	0.0000	0.0000	0.0000	0.0000	0.0034	0.0046	0.0008	0.0068	0.0077	0.0010	0.0004	0.0000	0.0008	
7	144	0.5708	9	0	0	1	2	0	0	0	0	N	N	N	Y	N	N	N	N	N	N	N	N	0.0000	0.0000	0.0000	0.0000	0.0000	0.0000	0.0000	0.0000	0.0000	0.0000	0.0000	0.0000	0.0000	0.0000	0.0000	0.0000	0.0000	0.0000	0.0076	0.0013	0.0232	0.0022	0.0019	0.0039	0.0131	0.0002	0.0284	7.3194	0.0000	0.0003	0.6329	1.9550	9.5631	2.1189	0.0000	0.0000	0.0000	0.0000	0.0000	0.0000	0.0000	0.0000	0.0000	0.0007	0.0001	0.0006	0.0001	0.0001	0.0000	0.0006	0.0000	0.0006	0.0101	0.0089	0.0013	0.0033	0.0031	0.0003	0.0068	0.0058	0.0010	0.0899	0.0641	0.0258	0.0454	0.0400	0.0055	0.0445	0.0241	0.0204	0.0000	0.0000	0.0000	0.0000	0.0000	0.0000	0.0000	0.0000	0.0000	0.0076	0.0013	0.0232	0.0022	0.0019	0.0039	0.0131	0.0002	0.0284	
7	145	0.5708	9	0	0	2	2	0	0	0	0	N	N	Y	Y	N	N	N	N	N	N	N	N	0.0000	0.0000	0.0000	0.0000	0.0000	0.0000	0.0000	0.0000	0.0000	0.0000	0.0000	0.0000	0.0000	0.0000	0.0000	0.0000	0.0000	0.0000	1.1810	1.7078	0.0054	2.4691	2.8500	0.0000	0.0049	0.0033	0.0068	0.0014	0.0000	-0.1748	0.6329	2.1261	9.5631	18.6477	0.0000	0.0000	0.0000	0.0000	0.0000	0.0000	0.0000	0.0000	0.0000	0.3825	0.3819	0.0005	0.3816	0.3816	0.0000	0.0008	0.0003	0.0005	0.0110	0.0096	0.0014	0.0036	0.0033	0.0003	0.0074	0.0063	0.0011	0.3239	0.2236	0.1002	0.1546	0.1339	0.0207	0.1693	0.0897	0.0796	0.0000	0.0000	0.0000	0.0000	0.0000	0.0000	0.0000	0.0000	0.0000	1.1810	1.7078	0.0054	2.4691	2.8500	0.0000	0.0049	0.0033	0.0068	
7	146	0.2311	8	0	0	2	2	0	0	0	0	N	N	Y	Y	N	N	N	N	N	N	N	N	0.0000	0.0000	0.0000	0.0000	0.0000	0.0000	0.0000	0.0000	0.0000	0.0000	0.0000	0.0000	0.0000	0.0000	0.0000	0.0000	0.0000	10.5710	17.9347	0.0000	75.1848	102.5623	0.0000	0.0000	0.0000	0.0000	0.0000	0.0000	-0.4402	0.6329	2.0001	9.5631	5.9880	0.0000	0.0000	0.0000	0.0000	0.0000	0.0000	0.0000	0.0000	0.0000	0.9603	0.9603	0.0000	0.9603	0.9603	0.0000	0.0000	0.0000	0.0000	0.0101	0.0088	0.0013	0.0021	0.0020	0.0001	0.0080	0.0068	0.0012	0.1267	0.0826	0.0441	0.0478	0.0410	0.0068	0.0790	0.0416	0.0373	0.0000	0.0000	0.0000	0.0000	0.0000	0.0000	0.0000	0.0000	0.0000	7.5779	11.6278	0.0000	20.1057	23.4456	0.0000	0.0000	0.0000	0.0000		
7	147	0.2311	8	0	0	2	2	0	0	0	0	N	N	Y	Y	N	N	N	N	N	N	N	N	0.0341	0.0000	0.7105	0.0004	0.0000	0.0233	0.4063	1.3156	0.0834	0.0000	0.6724	0.0033	0.0000	0.0750	0.1044	0.0000	0.7195	2.4482	3.2496	0.9463	9.0899	8.9042	3.2152	0.2568	0.0000	0.5469	inf	0.1554	0.0021	-0.3693	0.6329	9.0001	9.5631	23.0169	0.0037	0.0000	0.0037	0.0000	0.0000	0.0000	0.0037	0.0000	0.0037	1.1402	0.9868	0.1534	1.0648	0.9868	0.0780	0.0754	0.0000	0.0754	0.0441	0.0387	0.0055	0.0092	0.0088	0.0004	0.0350	0.0299	0.0051	0.4657	0.3037	0.1620	0.1723	0.1481	0.0243	0.2934	0.1556	0.1378	0.0341	0.0000	0.7105	0.0005	0.0000	0.0233	0.4063	0.0000	1.3156	2.4482	3.2496	0.9463	6.1795	6.6651	3.2152	0.2568	0.0000	0.5469	
7	148	0.2058	7	0	0	1	2	0	0	0	0	N	N	N	Y	N	N	N	N	N	N	N	N	0.0000	0.0000	0.0000	0.0000	0.0000	0.0000	0.0000	0.0000	0.0000	0.0000	0.0000	0.0000	0.0000	0.0000	0.0000	0.0000	0.0000	0.0000	0.1135	0.1534	0.0389	0.2556	0.2975	0.0062	0.0221	0.0007	0.0452	0.1357	0.0000	-0.0065	0.6329	1.9990	9.5631	7.9526	0.0000	0.0000	0.0000	0.0000	0.0000	0.0000	0.0000	0.0000	0.0000	0.0192	0.0169	0.0023	0.0169	0.0168	0.0001	0.0023	0.0000	0.0022	0.0101	0.0089	0.0013	0.0021	0.0020	0.0001	0.0080	0.0069	0.0012	0.1689	0.1100	0.0588	0.0661	0.0566	0.0095	0.1028	0.0535	0.0493	0.0000	0.0000	0.0000	0.0000	0.0000	0.0000	0.0000	0.0000	0.0000	0.1135	0.1534	0.0389	0.2556	0.2975	0.0062	0.0221	0.0007	0.0452	
7	149	0.1739	6	1	1	1	1	0	0	0	0	N	N	N	N	N	N	N	N	N	N	N	N	0.0000	0.0000	0.0000	0.0000	0.0000	0.0000	0.0000	0.0000	0.0000	0.0000	0.0000	0.0000	0.0000	0.0000	0.0000	0.0000	0.0000	0.0000	0.1372	0.1897	0.0331	0.3292	0.3739	0.0276	0.0189	0.0059	0.0340	0.0878	0.0000	-0.0209	0.6329	5.3497	9.5631	17.2225	0.0000	0.0000	0.0000	0.0000	0.0000	0.0000	0.0000	0.0000	0.0000	0.0553	0.0509	0.0045	0.0506	0.0501	0.0005	0.0047	0.0008	0.0039	0.0311	0.0270	0.0041	0.0072	0.0069	0.0003	0.0239	0.0201	0.0038	0.4032	0.2681	0.1351	0.1537	0.1339	0.0198	0.2494	0.1342	0.1152	0.0000	0.0000	0.0000	0.0000	0.0000	0.0000	0.0000	0.0000	0.0000	0.1372	0.1897	0.0331	0.3292	0.3739	0.0276	0.0189	0.0059	0.0340	
7	150	0.2047	7	0	1	1	1	0	0	0	0	N	N	N	N	N	N	N	N	N	N	N	N	0.0000	0.0000	0.0001	0.0001	0.0000	0.0000	0.0003	0.0002	0.0010	0.0001	0.0001	0.0000	0.0003	0.0003	0.0000	0.0000	0.0000	0.0000	2.1876	3.1488	0.1247	5.6119	6.2353	0.5918	0.0043	0.0024	0.0065	0.0108	0.0184	-0.0000	-0.4359	0.6329	3.6794	9.5631	17.4287	0.0000	0.0000	0.0000	0.0000	0.0000	0.0000	0.0000	0.0000	0.0000	0.9901	0.9722	0.0179	0.9890	0.9718	0.0172	0.0011	0.0003	0.0007	0.0278	0.0245	0.0033	0.0087	0.0084	0.0003	0.0192	0.0161	0.0030	0.4526	0.3088	0.1439	0.1966	0.1676	0.0291	0.2560	0.1412	0.1148	0.0000	0.0000	0.0001	0.0001	0.0001	0.0000	0.0003	0.0002	0.0010	2.1876	3.1488	0.1247	5.0298	5.7991	0.5918	0.0043	0.0024	0.0065
7	151	0.1739	6	0	1	1	1	0	0	0	0	N	N	N	N	N	N	N	N	N	N	N	N	0.0021	0.0017	0.0028	0.0001	0.0001	0.0000	0.0100	0.0104	0.0030	0.0001	0.0001	0.0000	0.0000	0.0000	0.0000	0.0002	0.0002	0.0000	0.0569	0.0775	0.0140	0.1180	0.1327	0.0150	0.0155	0.0170	0.0138	0.0449	0.0863	-0.0000	-0.0059	0.6329	3.4464	9.5631	10.1316	0.0000	0.0000	0.0000	0.0000	0.0000	0.0000	0.0000	0.0000	0.0000	0.0156	0.0144	0.0012	0.0131	0.0129	0.0002	0.0025	0.0015	0.0010	0.0218	0.0189	0.0029	0.0055	0.0053	0.0002	0.0163	0.0136	0.0027	0.2746	0.1857	0.0890	0.1109	0.0970	0.0138	0.1638	0.0886	0.0751	0.0021	0.0017	0.0028	0.0001	0.0001	0.0000	0.0100	0.0104	0.0030	0.0569	0.0775	0.0140	0.1180	0.1327	0.0150	0.0155	0.0170	0.0138
7	152	0.6012	12	1	1	1	1	0	0	0	0	N	N	N	N	N	N	N	N	N	N	N	N	0.0000	0.0000	0.0000	0.0000	0.0000	0.0000	0.0000	0.0000	0.0000	0.0000	0.0000	0.0000	0.0000	0.0000	0.0000	0.0000	0.0000	0.0000	6.5364	0.2395	40.5651	0.3437	0.3983	0.0049	10.1430	0.0000	45.0292	31.9152	0.0000	0.5256	0.6329	1.0143	9.5631	12.0086	0.0000	0.0000	0.0000	0.0000	0.0000	0.0000	0.0000	0.0000	0.0000	1.0280	0.0312	0.9968	0.0313	0.0312	0.0001	0.9967	0.0000	0.9967	0.0051	0.0044	0.0006	0.0015	0.0015	0.0001	0.0035	0.0030	0.0005	0.1893	0.1304	0.0589	0.0911	0.0784	0.0126	0.0983	0.0520	0.0463	0.0000	0.0000	0.0000	0.0000	0.0000	0.0000	0.0000	0.0000	0.0000	5.4299	0.2395	16.9222	0.3437	0.3983	0.0049	10.1430	0.0000	21.5477	
7	153	0.5989	11	1	1	1	1	0	0	0	0	N	N	N	N	N	N	N	N	N	N	N	N	0.0000	0.0000	0.0000	0.0000	0.0000	0.0000	0.0000	0.0000	0.0000	0.0000	0.0000	0.0000	0.0000	0.0000	0.0000	0.0000	0.0000	0.0118	0.0024	0.0323	0.0035	0.0040	0.0003	0.0195	0.0000	0.0408	6.0926	0.0000	0.0001	0.6329	0.9811	9.5631	0.0216	0.0000	0.0000	0.0000	0.0000	0.0000	0.0000	0.0000	0.0000	0.0000	0.0002	0.0000	0.0002	0.0000	0.0000	0.0000	0.0002	0.0000	0.0002	0.0048	0.0043	0.0006	0.0015	0.0014	0.0001	0.0034	0.0029	0.0005	0.0155	0.0107	0.0049	0.0075	0.0065	0.0010	0.0080	0.0042	0.0038	0.0000	0.0000	0.0000	0.0000	0.0000	0.0000	0.0000	0.0000	0.0000	0.0118	0.0024	0.0323	0.0035	0.0040	0.0003	0.0195	0.0000	0.0408		
7	154	0.5944	10	1	1	1	1	0	0	0	0	N	N	N	N	N	N	N	N	N	N	N	N	0.0000	0.0000	0.0000	0.0000	0.0000	0.0000	0.0000	0.0000	0.0000	0.0000	0.0000	0.0000	0.0000	0.0000	0.0000	0.0000	0.0000	0.0000	0.0617	0.0592	0.0674	0.0832	0.0966	0.0002	0.0412	0.0000	0.0860	0.5198	0.0000	-0.0002	0.6329	0.0083	9.5631	2.0001	0.0000	0.0000	0.0000	0.0000	0.0000	0.0000	0.0000	0.0000	0.0000	0.0020	0.0013	0.0007	0.0013	0.0013	0.0000	0.0007	0.0000	0.0007	0.0000	0.0000	0.0000	0.0000	0.0000	0.0000	0.0000	0.0000	0.0000	0.0317	0.0218	0.0099	0.0155	0.0133	0.0022	0.0162	0.0084	0.0078	0.0000	0.0000	0.0000	0.0000	0.0000	0.0000	0.0000	0.0000	0.0000	0.0617	0.0592	0.0674	0.0832	0.0966	0.0002	0.0412	0.0000	0.0860	
7	155	0.5708	9	0	1	1	1	0	0	0	0	N	N	N	N	N	N	N	N	N	N	N	N	0.0000	0.0000	0.0000	0.0000	0.0000	0.0000	0.0000	0.0000	0.0000	0.0000	0.0000	0.0000	0.0000	0.0000	0.0000	0.0000	0.0000	0.0000	6.0589	9.5056	0.0052	25.7905	26.5820	0.0214	0.0006	0.0004	0.0009	0.0003	0.0000	-0.4269	0.6329	2.9180	9.5631	7.4065	0.0000	0.0000	0.0000	0.0000	0.0000	0.0000	0.0000	0.0000	0.0000	0.9319	0.9316	0.0003	0.9318	0.9316	0.0002	0.0001	0.0000	0.0000	0.0148	0.0129	0.0018	0.0047	0.0044	0.0003	0.0101	0.0086	0.0015	0.1810	0.1261	0.0548	0.0880	0.0766	0.0114	0.0930	0.0495	0.0434	0.0000	0.0000	0.0000	0.0000	0.0000	0.0000	0.0000	0.0000	0.0000	5.1498	7.3867	0.0052	10.5892	12.1656	0.0214	0.0006	0.0004	0.0009	
7	156	0.5049	8	0	0	1	1	0	0	0	0	N	N	N	N	N	N	N	N	N	N	N	N	0.0000	0.0000	0.0000	0.0000	0.0000	0.0000	0.0000	0.0000	0.0000	0.0000	0.0000	0.0000	0.0000	0.0000	0.0000	0.0000	0.0000	0.0000	0.0325	0.0308	0.0365	0.0473	0.0501	0.0285	0.0184	0.0004	0.0386	0.5179	0.0000	-0.0020	0.6329	8.2479	9.5631	19.7214	0.0000	0.0000	0.0000	0.0000	0.0000	0.0000	0.0000	0.0000	0.0000	0.0167	0.0110	0.0057	0.0119	0.0109	0.0009	0.0048	0.0001	0.0048	0.0576	0.0515	0.0061	0.0236	0.0223	0.0012	0.0340	0.0291	0.0049	0.5126	0.3565	0.1560	0.2508	0.2182	0.0325	0.2618	0.1383	0.1235	0.0000	0.0000	0.0000	0.0000	0.0000	0.0000	0.0000	0.0000	0.0000	0.0325	0.0308	0.0365	0.0473	0.0501	0.0285	0.0184	0.0004	0.0386	
7	157	0.4688	7	0	0	1	1	0	0	0	0	N	N	N	N	N	N	N	N	N	N	N	N	0.0000	0.0000	0.0000	0.0000	0.0000	0.0000	0.0000	0.0000	0.0000	0.0000	0.0000	0.0000	0.0000	0.0000	0.0000	0.0000	0.0000	0.0000	0.2404	0.0558	0.6632	0.0644	0.0453	0.2026	0.4177	0.0740	0.7789	inf	5.1842	0.0000	0.0476	0.6329	7.4725	9.5631	14.3153	0.0000	0.0000	0.0000	0.0000	0.0000	0.0000	0.0000	0.0000	0.0000	0.1253	0.0203	0.1050	0.0169	0.0104	0.0064	0.1084	0.0099	0.0986	0.0429	0.0378	0.0051	0.0135	0.0127	0.0008	0.0294	0.0250	0.0043	0.5212	0.3629	0.1584	0.2616	0.2298	0.0318	0.2596	0.1331	0.1266	0.0000	0.0000	0.0000	0.0000	0.0000	0.0000	0.0000	0.0000	0.0000	0.2404	0.0558	0.6632	0.0644	0.0453	0.2026	0.4177	0.0740	0.7789
7	158	0.4033	6	0	0	1	1	0	0	0	0	N	N	N	N	N	N	N	N	N	N	N	N	0.0011	0.0000	0.0059	0.0001	0.0000	0.0042	0.0015	0.0000	0.0053	0.0003	0.0000	0.0027	0.0000	0.0000	0.0004	0.0004	0.0000	0.0029	0.2818	0.2062	0.4600	0.2825	0.3078	0.0914	0.2812	0.0292	0.5510	135.7875	0.9469	0.0000	0.0059	0.6329	11.6653	9.5631	19.4910	0.0000	0.0000	0.0000	0.0000	0.0000	0.0000	0.0000	0.0000	0.0000	0.2122	0.1090	0.1032	0.1074	0.1034	0.0041	0.1048	0.0056	0.0991	0.0642	0.0567	0.0074	0.0176	0.0169	0.0007	0.0466	0.0398	0.0067	0.7528	0.5285	0.2244	0.3802	0.3358	0.0445	0.3726	0.1927	0.1799	0.0011	0.0000	0.0059	0.0001	0.0000	0.0042	0.0015	0.0000	0.0053	0.2818	0.2062	0.4600	0.2825	0.3078	0.0914	0.2812	0.0292	0.5510
7	159	0.3560	5	0	0	1	1	0	0	0	0	N	N	N	N	N	N	N	N	N	N	N	N	0.0009	0.0038	0.0015	0.0074	0.0078	0.0046	0.0004	0.0000	0.0013	0.0009	0.0005	0.0044	0.0013	0.0013	0.0012	0.0007	0.0000	0.0048	1.0034	0.1245	3.0293	0.1799	0.1701	0.2586	1.8173	0.0454	3.6442	1.1882	10.5566	0.0000	0.3620	0.6329	7.3933	9.5631	20.5306	0.0000	0.0000	0.0000	0.0000	0.0000	0.0000	0.0000	0.0000	0.0000	0.7955	0.0688	0.7266	0.0709	0.0596	0.0113	0.7245	0.0092	0.7154	0.0479	0.0426	0.0054	0.0156	0.0150	0.0006	0.0323	0.0276	0.0047	0.7928	0.5529	0.2399	0.3941	0.3505	0.0436	0.3987	0.2024	0.1963	0.0009	0.0038	0.0015	0.0074	0.0078	0.0046	0.0004	0.0000	0.0013	1.0034	0.1245	3.0293	0.1799	0.1701	0.2586	1.8173	0.0454	3.6442
7	160	0.1199	4	0	0	1	1	0	0	0	0	N	N	N	N	N	N	N	N	N	N	N	N	0.0838	0.0001	0.2824	0.0071	0.0000	0.0745	0.0854	0.0002	0.3087	0.0300	0.0000	0.2388	0.0019	0.0000	0.1073	0.0341	0.0000	0.2412	0.3581	0.0738	0.8456	0.2705	0.1234	1.4399	0.3996	0.0329	0.7814	6597.1071	6.6831	0.0020	0.1748	0.6329	27.6416	9.5631	54.6365	0.0037	0.0000	0.0037	0.0000	0.0000	0.0000	0.0036	0.0000	0.0036	0.4249	0.0553	0.3696	0.1031	0.0418	0.0613	0.3218	0.0135	0.3083	0.1218	0.1065	0.0153	0.0155	0.0152	0.0003	0.1063	0.0913	0.0150	1.1865	0.7494	0.4371	0.3812	0.3386	0.0426	0.8053	0.4108	0.3945	0.0838	0.0001	0.2824	0.0071	0.0000	0.0745	0.0854	0.0002	0.3087	0.3581	0.0738	0.8456	0.2705	0.1234	1.4399	0.3996	0.0329	0.7814
7	161	0.2244	10	1	1	1	1	0	0	0	0	N	N	N	N	N	N	N	N	N	N	N	N	0.0000	0.0000	0.0000	0.0000	0.0000	0.0000	0.0000	0.0000	0.0000	0.0000	0.0000	0.0000	0.0000	0.0000	0.0000	0.0000	0.0000	0.0000	0.5512	0.8453	0.0000	1.4239	1.6687	0.0001	0.0000	0.0000	0.0000	0.0000	0.0000	-0.0126	0.6329	0.0002	9.5631	3.0099	0.0000	0.0000	0.0000	0.0000	0.0000	0.0000	0.0000	0.0000	0.0000	0.0276	0.0276	0.0000	0.0276	0.0276	0.0000	0.0000	0.0000	0.0000	0.0000	0.0000	0.0000	0.0000	0.0000	0.0000	0.0000	0.0000	0.0000	0.0500	0.0326	0.0174	0.0194	0.0165	0.0028	0.0306	0.0161	0.0146	0.0000	0.0000	0.0000	0.0000	0.0000	0.0000	0.0000	0.0000	0.0000	0.5512	0.8453	0.0000	1.4239	1.6687	0.0001	0.0000	0.0000	0.0000	
7	162	0.2168	9	1	1	1	1	0	0	0	0	N	N	N	N	N	N	N	N	N	N	N	N	0.0000	0.0000	0.0000	0.0000	0.0000	0.0000	0.0000	0.0000	0.0000	0.0000	0.0000	0.0000	0.0000	0.0000	0.0000	0.0021	0.0032	0.0000	0.0054	0.0064	0.0000	0.0000	0.0000	0.0000	0.0002	0.0000	-0.0000	0.6329	0.9998	9.5631	2.0118	0.0000	0.0000	0.0000	0.0000	0.0000	0.0000	0.0000	0.0000	0.0000	0.0001	0.0001	0.0000	0.0001	0.0001	0.0000	0.0000	0.0000	0.0000	0.0051	0.0044	0.0006	0.0010	0.0010	0.0000	0.0040	0.0034	0.0006	0.0489	0.0318	0.0172	0.0187	0.0159	0.0028	0.0302	0.0159	0.0143	0.0000	0.0000	0.0000	0.0000	0.0000	0.0000	0.0000	0.0000	0.0000	0.0021	0.0032	0.0000	0.0054	0.0064	0.0000	0.0000	0.0000	0.0000				
7	163	0.2168	8	1	1	1	1	0	0	0	0	N	N	N	N	N	N	N	N	N	N	N	N	0.0000	0.0000	0.0000	0.0000	0.0000	0.0000	0.0000	0.0000	0.0000	0.0000	0.0000	0.0000	0.0000	0.0000	0.0000	0.0018	0.0015	0.0029	0.0038	0.0028	0.0249	0.0000	0.0000	0.0000	0.4494	0.0000	-0.0000	0.6329	0.0000	9.5631	0.0003	0.0000	0.0000	0.0000	0.0000	0.0000	0.0000	0.0000	0.0000	0.0000	0.0000	0.0000	0.0000	0.0000	0.0000	0.0000	0.0000	0.0000	0.0000	0.0000	0.0000	0.0000	0.0000	0.0000	0.0000	0.0000	0.0000	0.0000	0.0000	0.0000	0.0000	0.0000	0.0000	0.0000	0.0000	0.0000	0.0000	0.0000	0.0000	0.0000	0.0000	0.0000	0.0000	0.0000	0.0000	0.0000	0.0018	0.0015	0.0029	0.0038	0.0028	0.0249	0.0000	0.0000	0.0000				
7	164	0.2058	7	0	1	1	1	0	0	0	0	N	N	N	N	N	N	N	N	N	N	N	N	0.0000	0.0000	0.0000	0.0000	0.0000	0.0000	0.0000	0.0000	0.0000	0.0000	0.0000	0.0000	0.0000	0.0000	0.0000	0.0000	0.0000	0.0000	0.0326	0.0073	0.0808	0.0129	0.0132	0.0109	0.0463	0.0004	0.0947	5.7733	0.0000	0.0011	0.6329	0.0063	9.5631	4.3641	0.0000	0.0000	0.0000	0.0000	0.0000	0.0000	0.0000	0.0000	0.0000	0.0027	0.0004	0.0023	0.0004	0.0004	0.0001	0.0022	0.0000	0.0022	0.0001	0.0001	0.0000	0.0000	0.0000	0.0000	0.0001	0.0000	0.0000	0.0822	0.0540	0.0283	0.0338	0.0291	0.0047	0.0484	0.0249	0.0236	0.0000	0.0000	0.0000	0.0000	0.0000	0.0000	0.0000	0.0000	0.0000	0.0326	0.0073	0.0808	0.0129	0.0132	0.0109	0.0463	0.0004	0.0947	
7	165	0.1739	6	0	0	1	1	0	0	0	0	N	N	N	N	N	N	N	N	N	N	N	N	0.0000	0.0000	0.0000	0.0000	0.0000	0.0000	0.0000	0.0000	0.0000	0.0000	0.0000	0.0000	0.0000	0.0000	0.0000	0.0000	0.0000	0.0000	3.8376	0.0056	23.9680	0.0043	0.0023	0.0191	6.4125	0.0093	27.1463	997.5637	0.0000	0.5327	0.6329	2.5207	9.5631	10.0226	0.0000	0.0000	0.0000	0.0000	0.0000	0.0000	0.0000	0.0000	0.0000	0.9853	0.0010	0.9843	0.0005	0.0002	0.0002	0.9848	0.0008	0.9840	0.0173	0.0150	0.0023	0.0047	0.0046	0.0002	0.0125	0.0104	0.0021	0.2593	0.1758	0.0834	0.1057	0.0926	0.0131	0.1536	0.0832	0.0704	0.0000	0.0000	0.0000	0.0000	0.0000	0.0000	0.0000	0.0000	0.0000	3.8002	0.0056	11.7953	0.0043	0.0023	0.0191	6.4125	0.0093	13.9862	
7	166	0.1583	5	0	0	1	1	0	0	0	0	N	N	N	N	N	N	N	N	N	N	N	N	0.0000	0.0000	0.0000	0.0000	0.0000	0.0000	0.0000	0.0000	0.0000	0.0000	0.0000	0.0000	0.0000	0.0000	0.0000	0.0000	0.0000	0.0000	0.0357	0.0187	0.0722	0.0138	0.0152	0.0055	0.0538	0.0233	0.0885	1.8116	0.0000	0.0013	0.6329	2.6894	9.5631	4.6619	0.0000	0.0000	0.0000	0.0000	0.0000	0.0000	0.0000	0.0000	0.0000	0.0071	0.0025	0.0046	0.0012	0.0012	0.0001	0.0059	0.0013	0.0045	0.0205	0.0178	0.0027	0.0073	0.0066	0.0007	0.0132	0.0111	0.0021	0.1987	0.1354	0.0634	0.0899	0.0774	0.0124	0.1088	0.0579	0.0509	0.0000	0.0000	0.0000	0.0000	0.0000	0.0000	0.0000	0.0000	0.0000	0.0357	0.0187	0.0722	0.0138	0.0152	0.0055	0.0538	0.0233	0.0885	
7	167	0.1199	4	0	0	1	1	0	0	0	0	N	N	N	N	N	N	N	N	N	N	N	N	0.0000	0.0000	0.0000	0.0000	0.0000	0.0000	0.0000	0.0000	0.0000	0.0000	0.0000	0.0000	0.0000	0.0000	0.0000	0.0000	0.0000	0.0000	0.3176	0.1322	0.5821	0.0603	0.0642	0.0057	0.4980	0.2609	0.6233	3.0856	-0.0000	0.0344	0.6329	2.7966	9.5631	8.5340	0.0000	0.0000	0.0000	0.0000	0.0000	0.0000	0.0000	0.0000	0.0000	0.1159	0.0284	0.0875	0.0091	0.0090	0.0001	0.1068	0.0194	0.0875	0.0136	0.0118	0.0018	0.0017	0.0017	0.0000	0.0119	0.0101	0.0018	0.3650	0.2146	0.1504	0.1504	0.1404	0.0100	0.2145	0.0742	0.1404	0.0000	0.0000	0.0000	0.0000	0.0000	0.0000	0.0000	0.0000	0.0000	0.3176	0.1322	0.5821	0.0603	0.0642	0.0057	0.4980	0.2609	0.6233	
8	9	0.5566	9	1	1	1	1	0	0	0	0	N	N	N	N	N	N	N	N	N	N	N	N	0.0000	0.0000	0.0000	0.0007	0.0007	0.0000	0.0000	0.0000	0.0000	0.0000	0.0000	0.0000	0.0000	0.0000	0.0000	0.0000	0.0000	0.0000	2.7773	3.8596	0.1975	0.0023	0.0025	0.0018	7.4937	14.6960	0.3137	0.0000	0.0215	-0.0000	-0.4398	2.7092	2.0019	11.4516	13.5902	0.0000	0.0000	0.0000	0.0000	0.0000	0.0000	0.0000	0.0000	0.0000	1.0055	0.9844	0.0211	0.0005	0.0005	0.0001	1.0050	0.9839	0.0211	0.0424	0.0364	0.0060	0.0116	0.0109	0.0007	0.0309	0.0255	0.0053	0.3621	0.2551	0.1070	0.2279	0.1881	0.0398	0.1341	0.0670	0.0672	0.0000	0.0000	0.0000	0.0007	0.0007	0.0000	0.0000	0.0000	0.0000	2.7773	3.8596	0.1975	0.0023	0.0025	0.0018	7.4937	14.6960	0.3137
8	10	0.5901	12	1	0	2	1	0	0	0	0	N	N	Y	N	N	N	N	N	N	N	N	N	0.0000	0.0000	0.0000	0.0000	0.0000	0.0000	0.0000	0.0000	0.0000	0.0000	0.0000	0.0000	0.0000	0.0000	0.0000	0.0000	0.0000	0.0000	0.1774	0.2484	0.0067	0.2746	0.3352	0.0000	0.0061	0.0013	0.0111	0.0113	0.0000	-0.0200	2.7092	1.0010	11.4516	10.8665	0.0000	0.0000	0.0000	0.0000	0.0000	0.0000	0.0000	0.0000	0.0000	0.0448	0.0443	0.0005	0.0442	0.0442	0.0000	0.0006	0.0001	0.0005	0.0214	0.0185	0.0029	0.0069	0.0064	0.0004	0.0145	0.0120	0.0025	0.2524	0.1781	0.0742	0.1610	0.1318	0.0291	0.0914	0.0463	0.0451	0.0000	0.0000	0.0000	0.0000	0.0000	0.0000	0.0000	0.0000	0.0000	0.1774	0.2484	0.0067	0.2746	0.3352	0.0000	0.0061	0.0013	0.0111	
8	11	0.5796	12	1	1	1	2	0	0	0	0	N	N	N	Y	N	N	N	N	N	N	N	N	0.0000	0.0000	0.0000	0.0000	0.0000	0.0000	0.0000	0.0000	0.0000	0.0000	0.0000	0.0000	0.0000	0.0000	0.0000	0.0000	0.3287	0.4667	0.0007	0.5758	0.6717	0.0000	0.0005	0.0000	0.0009	0.0006	0.0000	-0.0156	2.7092	0.0000	11.4516	4.9998	0.0000	0.0000	0.0000	0.0000	0.0000	0.0000	0.0000	0.0000	0.0000	0.0340	0.0340	0.0000	0.0340	0.0340	0.0000	0.0000	0.0000	0.0000	0.0000	0.0000	0.0000	0.0000	0.0000	0.0000	0.0000	0.0000	0.0000	0.1034	0.0728	0.0306	0.0590	0.0506	0.0084	0.0444	0.0222	0.0222	0.0000	0.0000	0.0000	0.0000	0.0000	0.0000	0.0000	0.0000	0.0000	0.3287	0.4667	0.0007	0.5758	0.6717	0.0000	0.0005	0.0000	0.0009			
8	12	0.4116	11	1	1	1	2	0	0	0	0	N	N	N	Y	N	N	N	N	N	N	N	N	0.0000	0.0000	0.0000	0.0000	0.0000	0.0000	0.0000	0.0000	0.0000	0.0000	0.0000	0.0000	0.0000	0.0000	0.0000	0.0000	0.0000	0.0042	0.0002	0.0117	0.0034	0.0004	0.0272	0.0046	0.0000	0.0094	28.3005	0.0000	0.0001	2.7092	0.9995	11.4516	2.0282	0.0000	0.0000	0.0000	0.0000	0.0000	0.0000	0.0000	0.0000	0.0000	0.0003	0.0000	0.0003	0.0001	0.0000	0.0001	0.0002	0.0000	0.0002	0.0217	0.0186	0.0031	0.0065	0.0059	0.0006	0.0152	0.0127	0.0025	0.0706	0.0463	0.0243	0.0275	0.0244	0.0031	0.0431	0.0219	0.0212	0.0000	0.0000	0.0000	0.0000	0.0000	0.0000	0.0000	0.0000	0.0000	0.0042	0.0002	0.0117	0.0034	0.0004	0.0272	0.0046	0.0000	0.0094		
8	13	0.5774	10	1	0	2	1	0	0	0	0	N	N	Y	N	N	N	N	N	N	N	N	N	0.0084	0.0067	0.0000	0.0118	0.0098	0.0000	0.0000	0.0000	0.0000	0.0014	0.0016	0.0000	0.0031	0.0032	0.0000	0.0000	0.0000	0.0000	0.1706	0.2389	0.0011	0.2640	0.3246	0.0016	0.0015	0.0023	0.0007	0.0000	0.0018	-0.0000	-0.0196	2.7092	0.0560	11.4516	10.7426	0.0000	0.0000	0.0000	0.0000	0.0000	0.0000	0.0000	0.0000	0.0000	0.0430	0.0429	0.0001	0.0429	0.0428	0.0000	0.0001	0.0001	0.0000	0.0046	0.0041	0.0004	0.0021	0.0021	0.0000	0.0025	0.0020	0.0004	0.2521	0.1797	0.0724	0.1624	0.1319	0.0305	0.0897	0.0478	0.0419	0.0084	0.0067	0.0000	0.0118	0.0098	0.0000	0.0000	0.0000	0.0000	0.1706	0.2389	0.0011	0.2640	0.3246	0.0016	0.0015	0.0023	0.0007
8	14	0.5404	10	0	0	2	1	0	0	0	0	N	N	Y	N	N	N	N	N	N	N	N	N	0.1553	0.0506	0.3828	0.0511	0.4074	0.0005	0.1644	0.0000	0.6086	0.0090	0.0007	0.0588	0.0025	0.0026	0.0002	0.0112	0.0000	0.0648	0.0581	0.0143	0.1535	0.0491	0.0065	0.3032	0.0679	0.0290	0.1065	13.5541	4.9259	0.0015	0.0144	2.7092	16.7310	11.4516	15.9078	0.0031	0.0002	0.0028	0.0002	0.0002	0.0000	0.0028	0.0000	0.0028	0.0386	0.0065	0.0321	0.0171	0.0019	0.0151	0.0215	0.0046	0.0169	0.3390	0.2905	0.0484	0.0841	0.0795	0.0045	0.2549	0.2110	0.0439	0.6645	0.4556	0.2089	0.3477	0.2978	0.0499	0.3168	0.1578	0.1590	0.1553	0.0506	0.3828	0.0511	0.4074	0.0005	0.1644	0.0000	0.6086	0.0581	0.0143	0.1535	0.0491	0.0065	0.3032	0.0679	0.0290	0.1065
8	15	0.1982	5	0	0	2	1	0	0	0	0	N	N	Y	N	N	N	N	N	N	N	N	N	0.0062	0.0745	0.0006	0.1296	0.1473	0.0064	0.0002	0.2317	0.0005	0.0056	0.0063	0.0014	0.0192	0.0211	0.0015	0.0002	0.0000	0.0014	0.9138	0.0851	2.4442	0.1482	0.1430	0.2324	1.4465	0.0001	2.6075	0.0370	15.5489	-0.0006	0.4113	2.7092	10.3367	11.4516	13.9008	0.0014	0.0014	0.0001	0.0014	0.0014	0.0000	0.0000	0.0000	0.0000	0.8548	0.0517	0.8032	0.0569	0.0516	0.0053	0.7979	0.0000	0.7979	0.2537	0.2175	0.0362	0.0722	0.0654	0.0069	0.1815	0.1521	0.0294	0.9354	0.6068	0.3286	0.3838	0.3612	0.0226	0.5516	0.2456	0.3060	0.0062	0.0745	0.0006	0.1296	0.1473	0.0064	0.0002	0.2317	0.0005	0.9138	0.0851	2.4442	0.1482	0.1430	0.2324	1.4465	0.0001	2.6075
8	16	0.5038	9	0	0	2	1	0	0	0	0	N	N	Y	N	N	N	N	N	N	N	N	N	0.0058	0.0048	0.0000	0.0130	0.0120	0.0000	0.0000	0.0000	0.0001	0.0088	0.0104	0.0000	0.0355	0.0377	0.0000	0.0000	0.0000	0.0000	1.5119	2.1378	0.0099	2.7402	3.1407	0.0376	0.0012	0.0013	0.0010	0.0000	0.0019	-0.0009	-0.4486	2.7092	12.0000	11.4516	18.8883	0.0021	0.0021	0.0000	0.0021	0.0021	0.0000	0.0000	0.0000	0.0000	0.9827	0.9808	0.0019	0.9824	0.9806	0.0017	0.0003	0.0002	0.0001	0.2408	0.2055	0.0353	0.0600	0.0565	0.0034	0.1809	0.1490	0.0319	0.6500	0.4588	0.1912	0.3585	0.3122	0.0463	0.2915	0.1466	0.1449	0.0058	0.0048	0.0000	0.0130	0.0120	0.0000	0.0000	0.0000	0.0001	1.5119	2.1378	0.0099	2.7402	3.1407	0.0376	0.0012	0.0013	0.0010
8	17	0.4201	8	1	1	1	1	0	0	0	0	N	N	N	N	N	N	N	N	N	N	N	N	0.1152	0.0031	131.0893	0.0036	0.0035	0.0181	266972.1594	inf	793645.1936	0.0063	0.0002	0.0509	0.0005	0.0005	0.0001	0.0109	0.0000	0.0646	0.0546	0.0814	0.0004	0.1342	0.1458	0.0039	0.0000	0.0000	0.0000	27.6180	0.0024	0.0004	-0.0077	2.7092	3.5868	11.4516	9.0275	0.0008	0.0000	0.0007	0.0000	0.0000	0.0000	0.0007	0.0000	0.0007	0.0169	0.0168	0.0000	0.0169	0.0168	0.0000	0.0000	0.0000	0.0000	0.1235	0.1088	0.0147	0.0548	0.0517	0.0031	0.0687	0.0571	0.0116	0.3092	0.2068	0.1025	0.1257	0.1154	0.0103	0.1835	0.0913	0.0922	0.1152	0.0031	131.0893	0.0036	0.0035	0.0181	266972.1594	inf	793645.1936	0.0546	0.0814	0.0004	0.1342	0.1458	0.0039	0.0000	0.0000	0.0000
8	18	0.5566	9	1	1	1	1	0	0	0	0	N	N	N	N	N	N	N	N	N	N	N	N	0.0026	0.0848	0.0000	0.2136	0.2100	0.0000	0.0000	0.0000	0.0000	0.0001	0.0001	0.0000	0.0004	0.0005	0.0000	0.0000	0.0000	0.0000	0.0458	0.0016	0.1518	0.0020	0.0022	0.0012	0.1183	0.0000	0.2370	0.0000	38.7533	-0.0000	0.0108	2.7092	3.9981	11.4516	16.5900	0.0000	0.0000	0.0000	0.0000	0.0000	0.0000	0.0000	0.0000	0.0000	0.0209	0.0005	0.0204	0.0006	0.0005	0.0001	0.0203	0.0000	0.0203	0.0840	0.0721	0.0119	0.0228	0.0214	0.0013	0.0612	0.0506	0.0105	0.4557	0.3216	0.1341	0.2841	0.2357	0.0484	0.1716	0.0859	0.0857	0.0026	0.0848	0.0000	0.2136	0.2100	0.0000	0.0000	0.0000	0.0000	0.0458	0.0016	0.1518	0.0020	0.0022	0.0012	0.1183	0.0000	0.2370
8	19	0.3758	9	0	0	2	2	0	0	0	0	N	N	Y	Y	N	N	N	N	N	N	N	N	15.6926	0.0000	335.4862	0.0000	0.0000	0.0000	663.6799	862.5594	0.0029	0.0000	0.0150	0.0000	0.0000	0.0000	0.0058	0.0000	0.0151	0.0002	0.0003	0.0000	0.0005	0.0005	0.0003	0.0000	0.0000	0.0000	inf	0.0913	0.0000	-0.0000	2.7092	0.0000	11.4516	2.0009	0.0000	0.0000	0.0000	0.0000	0.0000	0.0000	0.0000	0.0000	0.0000	0.0000	0.0000	0.0000	0.0000	0.0000	0.0000	0.0000	0.0000	0.0000	0.0002	0.0001	0.0000	0.0001	0.0001	0.0000	0.0001	0.0001	0.0000	0.0475	0.0311	0.0164	0.0176	0.0161	0.0015	0.0299	0.0150	0.0149	15.6926	0.0000	335.4862	0.0000	0.0000	0.0000	663.6799	0.0000	862.5594	0.0002	0.0003	0.0000	0.0005	0.0005	0.0003	0.0000	0.0000	0.0000	
8	20	0.3901	10	0	0	2	2	0	0	0	0	N	N	Y	Y	N	N	N	N	N	N	N	N	0.0003	0.0004	0.0001	0.1536	0.1882	0.0330	0.0000	0.0000	0.0000	0.0007	0.0008	0.0002	0.0026	0.0027	0.0013	0.0000	0.0000	0.0000	2.4057	1.7948	3.5433	0.0170	0.0146	0.0389	3.8457	3.7317	3.9595	0.0476	1.0599	-0.0001	0.1086	2.7092	14.9999	11.4516	23.4905	0.0002	0.0002	0.0000	0.0002	0.0002	0.0000	0.0000	0.0000	0.0000	1.9331	0.9384	0.9947	0.0051	0.0040	0.0012	1.9279	0.9344	0.9935	0.3055	0.2613	0.0442	0.0843	0.0766	0.0078	0.2212	0.1847	0.0365	0.8036	0.5228	0.2807	0.3022	0.2724	0.0298	0.5013	0.2504	0.2509	0.0003	0.0004	0.0001	0.1536	0.1882	0.0330	0.0000	0.0000	0.0000	2.4057	1.7948	3.5433	0.0170	0.0146	0.0389	3.8457	3.7317	3.9595
8	21	0.5566	9	0	1	1	1	0	0	0	0	N	N	N	N	N	N	N	N	N	N	N	N	0.0001	0.0014	0.0000	0.0002	0.0038	0.0000	0.0000	0.0000	0.0000	0.0001	0.0001	0.0000	0.0004	0.0004	0.0000	0.0000	0.0000	0.0000	1.3730	0.0779	4.5040	2.1397	0.0987	16.9486	0.1673	0.0239	0.3137	0.0000	23.9066	-0.0000	0.5156	2.7092	4.9981	11.4516	32.5905	0.0000	0.0000	0.0000	0.0000	0.0000	0.0000	0.0000	0.0000	0.0000	1.0281	0.0413	0.9868	0.9794	0.0378	0.9416	0.0487	0.0035	0.0452	0.1045	0.0897	0.0148	0.0283	0.0267	0.0017	0.0762	0.0631	0.0131	0.7488	0.5297	0.2191	0.4577	0.3827	0.0750	0.2911	0.1470	0.1440	0.0001	0.0014	0.0000	0.0002	0.0038	0.0000	0.0000	0.0000	0.0000	1.3730	0.0779	4.5040	2.1397	0.0987	12.5469	0.1673	0.0239	0.3137
8	22	0.4201	8	0	1	1	1	0	0	0	0	N	N	N	N	N	N	N	N	N	N	N	N	28.0777	21.4640	0.0162	28.7123	28.4199	0.4269	0.7947	1.4808	0.0000	3.3264	3.8201	0.0000	8.4696	9.1807	0.0001	0.0012	0.0014	0.0000	0.1185	0.1780	0.0018	0.2950	0.3230	0.0003	0.0015	0.0009	0.0020	0.0000	0.0051	-0.4405	-0.0268	2.7092	12.5677	11.4516	9.8718	0.9986	0.9986	0.0000	0.9984	0.9984	0.0000	0.0002	0.0002	0.0000	0.0591	0.0588	0.0003	0.0586	0.0586	0.0000	0.0004	0.0001	0.0003	0.3002	0.2614	0.0388	0.1179	0.1087	0.0091	0.1823	0.1527	0.0297	0.4986	0.3302	0.1684	0.1988	0.1815	0.0173	0.2999	0.1487	0.1511	28.0777	21.4640	0.0162	28.7123	28.4199	0.4269	0.7947	1.4808	0.0000	0.1185	0.1780	0.0018	0.2950	0.3230	0.0003	0.0015	0.0009	0.0020
8	23	0.6041	12	0	0	1	2	0	0	0	0	N	N	N	Y	N	N	N	N	N	N	N	N	0.0000	0.0000	0.0000	0.0000	0.0000	0.0000	0.0000	0.0000	0.0000	0.0000	0.0000	0.0000	0.0000	0.0004	0.0000	0.0013	0.0000	0.0000	0.0000	0.0009	0.0000	0.0017	inf	0.0000	0.0000	2.7092	0.9981	11.4516	0.0014	0.0000	0.0000	0.0000	0.0000	0.0000	0.0000	0.0000	0.0000	0.0000	0.0000	0.0000	0.0000	0.0000	0.0000	0.0000	0.0000	0.0000	0.0000	0.0206	0.0177	0.0030	0.0057	0.0053	0.0004	0.0149	0.0123	0.0026	0.0207	0.0142	0.0065	0.0110	0.0095	0.0015	0.0097	0.0047	0.0050	0.0000	0.0000	0.0000	0.0000	0.0000	0.0000	0.0000	0.0000	0.0000	0.0004	0.0000	0.0013	0.0000	0.0000	0.0000	0.0009	0.0000	0.0017						
8	24	0.5562	9	0	1	1	2	0	0	0	0	N	N	N	Y	N	N	N	N	N	N	N	N	0.0050	0.0246	0.0000	0.0296	0.0590	0.0000	0.0000	0.0000	0.0000	0.0001	0.0001	0.0000	0.0003	0.0003	0.0000	0.0000	0.0000	0.0000	0.0139	0.0033	0.0408	0.0085	0.0045	0.0321	0.0212	0.0007	0.0445	0.0001	4.9820	-0.0000	0.0019	2.7092	0.6341	11.4516	12.6218	0.0000	0.0000	0.0000	0.0000	0.0000	0.0000	0.0000	0.0000	0.0000	0.0051	0.0009	0.0042	0.0018	0.0008	0.0010	0.0033	0.0001	0.0033	0.0153	0.0134	0.0020	0.0042	0.0041	0.0002	0.0111	0.0093	0.0018	0.3658	0.2618	0.1040	0.2096	0.1789	0.0307	0.1562	0.0829	0.0733	0.0050	0.0246	0.0000	0.0296	0.0590	0.0000	0.0000	0.0000	0.0000	0.0139	0.0033	0.0408	0.0085	0.0045	0.0321	0.0212	0.0007	0.0445
8	25	0.3598	7	0	1	1	1	0	0	0	0	N	N	N	N	N	N	N	N	N	N	N	N	0.6368	0.5139	0.0141	0.7910	0.8123	0.0009	0.0030	0.0000	0.0388	0.0151	0.0174	0.0000	0.0412	0.0456	0.0000	0.0000	0.0000	0.0000	0.0237	0.0339	0.0026	0.0521	0.0562	0.0129	0.0025	0.0038	0.0012	0.0003	0.0373	-0.0019	-0.0062	2.7092	10.0221	11.4516	10.6811	0.0044	0.0044	0.0000	0.0044	0.0044	0.0000	0.0000	0.0000	0.0000	0.0148	0.0142	0.0005	0.0139	0.0136	0.0003	0.0009	0.0007	0.0002	0.2922	0.2530	0.0392	0.1069	0.0966	0.0103	0.1853	0.1564	0.0289	0.6231	0.4199	0.2032	0.2662	0.2414	0.0248	0.3569	0.1785	0.1784	0.6368	0.5139	0.0141	0.7910	0.8123	0.0009	0.0030	0.0000	0.0388	0.0237	0.0339	0.0026	0.0521	0.0562	0.0129	0.0025	0.0038	0.0012
8	26	0.5906	11	0	1	1	1	0	0	0	0	N	N	N	N	N	N	N	N	N	N	N	N	0.0000	0.0000	0.0000	0.0000	0.0000	0.0000	0.0000	0.0000	0.0000	0.0000	0.0000	0.0000	0.0000	0.0000	0.0000	0.0000	0.0000	0.0000	0.0010	0.0011	0.0010	0.0004	0.0005	0.0003	0.0021	0.0028	0.0014	0.3794	0.0000	-0.0000	2.7092	3.9997	11.4516	5.4032	0.0000	0.0000	0.0000	0.0000	0.0000	0.0000	0.0000	0.0000	0.0000	0.0002	0.0002	0.0001	0.0001	0.0001	0.0000	0.0002	0.0001	0.0001	0.0834	0.0716	0.0118	0.0228	0.0215	0.0013	0.0606	0.0502	0.0104	0.2355	0.1672	0.0682	0.1484	0.1246	0.0237	0.0871	0.0426	0.0445	0.0000	0.0000	0.0000	0.0000	0.0000	0.0000	0.0000	0.0000	0.0000	0.0010	0.0011	0.0010	0.0004	0.0005	0.0003	0.0021	0.0028	0.0014	
8	27	0.3901	10	0	1	1	2	0	0	0	0	N	N	N	Y	N	N	N	N	N	N	N	N	0.0440	0.0940	0.0000	0.1620	0.1692	0.0000	0.0000	0.0000	0.0000	0.0002	0.0002	0.0000	0.0006	0.0007	0.0000	0.0000	0.0000	0.0000	0.0041	0.0023	0.0076	0.0040	0.0042	0.0022	0.0042	0.0000	0.0083	0.0000	1.7902	-0.0000	0.0003	2.7092	4.9655	11.4516	10.6561	0.0000	0.0000	0.0000	0.0000	0.0000	0.0000	0.0000	0.0000	0.0000	0.0016	0.0006	0.0010	0.0006	0.0006	0.0000	0.0010	0.0000	0.0010	0.1068	0.0910	0.0157	0.0298	0.0271	0.0027	0.0769	0.0639	0.0130	0.3797	0.2479	0.1318	0.1486	0.1331	0.0156	0.2311	0.1149	0.1162	0.0440	0.0940	0.0000	0.1620	0.1692	0.0000	0.0000	0.0000	0.0000	0.0041	0.0023	0.0076	0.0040	0.0042	0.0022	0.0042	0.0000	0.0083
8	28	0.6092	13	0	1	1	2	0	0	0	0	N	N	N	Y	N	N	N	N	N	N	N	N	0.0000	0.0000	0.0000	0.0000	0.0000	0.0000	0.0000	0.0000	0.0000	0.0000	0.0000	0.0000	0.0000	0.0000	0.0000	0.0000	0.0000	0.0000	0.0000	0.0000	2.7092	0.0000	11.4516	0.0000	0.0000	0.0000	0.0000	0.0000	0.0000	0.0000	0.0000	0.0000	0.0000	0.0000	0.0000	0.0000	0.0000	0.0000	0.0000	0.0000	0.0000	0.0000	0.0000	0.0000	0.0000	0.0000	0.0000	0.0000	0.0000	0.0000	0.0000	0.0000	0.0000	0.0000	0.0000	0.0000	0.0000	0.0000	0.0000	0.0000	0.0000	0.0000	0.0000	0.0000	0.0000	0.0000	0.0000	0.0000	0.0000	0.0000	0.0000	0.0000	0.0000	0.0000	0.0000	0.0000	0.0000	0.0000											
8	29	0.5766	8	1	1	1	1	0	0	0	0	N	N	N	N	N	N	N	N	N	N	N	N	0.0043	0.0031	0.0994	0.0076	0.0068	0.4845	0.0148	0.0000	0.0666	0.0012	0.0012	0.0009	0.0035	0.0034	0.0042	0.0001	0.0000	0.0006	0.2667	0.3843	0.0093	0.4544	0.5059	0.0086	0.0084	0.0068	0.0094	0.1347	0.0110	-0.0000	-0.0770	2.7092	3.9885	11.4516	8.5018	0.0001	0.0001	0.0000	0.0001	0.0001	0.0000	0.0000	0.0000	0.0000	0.1720	0.1701	0.0019	0.1697	0.1694	0.0003	0.0023	0.0007	0.0015	0.1112	0.0946	0.0166	0.0344	0.0330	0.0014	0.0768	0.0616	0.0152	0.6450	0.4426	0.2023	0.3735	0.3348	0.0387	0.2715	0.1078	0.1637	0.0043	0.0031	0.0994	0.0076	0.0068	0.4845	0.0148	0.0000	0.0666	0.2667	0.3843	0.0093	0.4544	0.5059	0.0086	0.0084	0.0068	0.0094
8	30	0.5675	10	0	1	1	1	0	0	0	0	N	N	N	N	N	N	N	N	N	N	N	N	0.0013	0.0097	0.0000	0.0178	0.0179	0.0000	0.0000	0.0003	0.0000	0.0002	0.0002	0.0000	0.0004	0.0004	0.0000	0.0000	0.0000	0.0000	0.1420	0.0209	0.4406	0.0228	0.0233	0.0207	0.3563	0.0141	0.7129	0.0000	8.5263	-0.0000	0.0174	2.7092	0.9701	11.4516	4.0208	0.0000	0.0000	0.0000	0.0000	0.0000	0.0000	0.0000	0.0000	0.0000	0.0398	0.0042	0.0356	0.0041	0.0035	0.0007	0.0357	0.0007	0.0349	0.0545	0.0480	0.0065	0.0236	0.0231	0.0005	0.0308	0.0249	0.0060	0.2801	0.1993	0.0808	0.1800	0.1482	0.0318	0.1001	0.0511	0.0490	0.0013	0.0097	0.0000	0.0178	0.0179	0.0000	0.0000	0.0003	0.0000	0.1420	0.0209	0.4406	0.0228	0.0233	0.0207	0.3563	0.0141	0.7129
8	31	0.5421	8	0	0	1	2	0	0	0	0	N	N	N	Y	N	N	N	N	N	N	N	N	0.3837	0.0002	0.7999	0.2706	0.0006	0.7326	0.3492	0.0002	0.9629	0.0131	0.0000	0.0896	0.0075	0.0000	0.1257	0.0149	0.0000	0.0857	0.0342	0.0029	0.1120	0.0276	0.0038	0.1715	0.0426	0.0010	0.0890	21268.5008	15.3704	0.0007	0.0085	2.7092	5.0045	11.4516	16.6627	0.0013	0.0000	0.0013	0.0002	0.0000	0.0002	0.0011	0.0000	0.0011	0.0178	0.0011	0.0167	0.0081	0.0010	0.0071	0.0097	0.0001	0.0096	0.1014	0.0866	0.0148	0.0241	0.0227	0.0014	0.0773	0.0639	0.0134	0.5199	0.3710	0.1490	0.2921	0.2507	0.0414	0.2278	0.1203	0.1075	0.3837	0.0002	0.7999	0.2706	0.0006	0.7326	0.3492	0.0002	0.9629	0.0342	0.0029	0.1120	0.0276	0.0038	0.1715	0.0426	0.0010	0.0890
8	32	0.5175	10	1	0	2	1	0	0	0	0	N	N	Y	N	N	N	N	N	N	N	N	N	2.0891	0.0000	905.2558	3.0496	0.0000	2199.0346	0.0000	0.0000	0.0000	0.0030	0.0000	0.0202	0.0086	0.0000	0.0883	0.0000	0.0000	0.0000	0.0014	0.0022	0.0000	0.0028	0.0032	0.0000	0.0004	0.0008	0.0000	inf	0.0053	0.0001	-0.0000	2.7092	1.4893	11.4516	0.0050	0.0001	0.0000	0.0001	0.0001	0.0000	0.0001	0.0000	0.0000	0.0000	0.0000	0.0000	0.0000	0.0000	0.0000	0.0000	0.0000	0.0000	0.0000	0.0301	0.0256	0.0045	0.0104	0.0094	0.0010	0.0196	0.0162	0.0034	0.0324	0.0214	0.0110	0.0138	0.0123	0.0015	0.0186	0.0091	0.0095	2.0891	0.0000	905.2558	3.0496	0.0000	2199.0346	0.0000	0.0000	0.0000	0.0014	0.0022	0.0000	0.0028	0.0032	0.0000	0.0004	0.0008	0.0000
8	33	0.5676	10	1	0	2	1	0	0	0	0	N	N	Y	N	N	N	N	N	N	N	N	N	0.0000	0.0000	0.0000	0.0000	0.0000	0.0000	0.0000	0.0000	0.0000	0.0000	0.0000	0.0000	0.0000	0.0000	0.0000	0.0000	0.0000	0.0000	0.0049	0.0067	0.0004	0.0018	0.0020	0.0003	0.0094	0.0177	0.0004	0.0215	-0.0000	-0.0003	2.7092	0.9855	11.4516	5.0251	0.0000	0.0000	0.0000	0.0000	0.0000	0.0000	0.0000	0.0000	0.0000	0.0007	0.0007	0.0000	0.0002	0.0002	0.0000	0.0006	0.0005	0.0000	0.0219	0.0188	0.0031	0.0058	0.0055	0.0003	0.0161	0.0134	0.0028	0.1466	0.1050	0.0416	0.0872	0.0740	0.0132	0.0594	0.0310	0.0284	0.0000	0.0000	0.0000	0.0000	0.0000	0.0000	0.0000	0.0000	0.0000	0.0049	0.0067	0.0004	0.0018	0.0020	0.0003	0.0094	0.0177	0.0004	
8	34	0.5404	10	0	1	1	1	0	0	0	0	N	N	N	N	N	N	N	N	N	N	N	N	3.0899	0.0000	962789.3748	0.0089	0.0000	inf	2.4155	0.0000	800437.5167	0.0472	0.0000	0.3037	0.0000	0.0000	0.0013	0.0676	0.0000	0.3267	0.0153	0.0222	0.0000	0.0051	0.0059	0.0000	0.0280	0.0609	0.0000	inf	0.0000	0.0014	-0.0011	2.7092	2.0026	11.4516	4.0175	0.0026	0.0000	0.0026	0.0000	0.0000	0.0000	0.0026	0.0000	0.0026	0.0025	0.0025	0.0000	0.0005	0.0005	0.0000	0.0020	0.0020	0.0000	0.0543	0.0459	0.0085	0.0164	0.0158	0.0006	0.0380	0.0301	0.0079	0.1633	0.1123	0.0510	0.0908	0.0789	0.0118	0.0725	0.0333	0.0392	3.0899	0.0000	962789.3748	0.0089	0.0000	inf	2.4155	0.0000	800437.5167	0.0153	0.0222	0.0000	0.0051	0.0059	0.0000	0.0280	0.0609	0.0000
8	35	0.5404	9	0	0	1	1	0	0	0	0	N	N	N	N	N	N	N	N	N	N	N	N	17.5117	8.6067	101.7454	21.5873	20.0482	1.4991	15.0100	0.0000	94.2259	0.2392	0.1441	0.6937	0.3011	0.3055	0.0060	0.1986	0.0000	0.7178	0.0137	0.0167	0.0068	0.0139	0.0152	0.0040	0.0132	0.0216	0.0076	1.0078	0.1834	0.0003	-0.0003	2.7092	0.4148	11.4516	1.5497	0.0051	0.0026	0.0026	0.0026	0.0026	0.0000	0.0026	0.0000	0.0026	0.0011	0.0009	0.0002	0.0006	0.0006	0.0000	0.0004	0.0003	0.0001	0.0215	0.0178	0.0037	0.0085	0.0084	0.0001	0.0130	0.0094	0.0036	0.0773	0.0533	0.0240	0.0460	0.0407	0.0053	0.0313	0.0126	0.0187	17.5117	8.6067	101.7454	21.5873	20.0482	1.4991	15.0100	0.0000	94.2259	0.0137	0.0167	0.0068	0.0139	0.0152	0.0040	0.0132	0.0216	0.0076
8	36	0.4826	7	0	1	1	1	0	0	0	0	N	N	N	N	N	N	N	N	N	N	N	N	0.0039	0.0028	0.0363	0.0031	0.0028	0.0000	0.0031	0.0016	0.0308	0.0114	0.0114	0.0114	0.0060	0.0063	0.0000	0.0129	0.0130	0.0125	2.9366	4.1113	0.3149	1.9365	2.2820	0.0900	4.2085	8.0499	0.4046	0.1745	0.0343	-0.0005	-0.8158	2.7092	7.9964	11.4516	23.6501	0.0017	0.0015	0.0003	0.0002	0.0002	0.0000	0.0016	0.0013	0.0003	1.9187	1.8550	0.0637	0.7083	0.7031	0.0052	1.2104	1.1519	0.0585	0.1537	0.1310	0.0227	0.0334	0.0315	0.0019	0.1203	0.0995	0.0208	0.6534	0.4512	0.2022	0.3658	0.3081	0.0577	0.2876	0.1431	0.1445	0.0039	0.0028	0.0363	0.0031	0.0028	0.0000	0.0031	0.0016	0.0308	2.9366	4.1113	0.3149	1.9365	2.2820	0.0900	4.2085	8.0499	0.4046
8	37	0.5566	9	1	1	1	1	0	0	0	0	N	N	N	N	N	N	N	N	N	N	N	N	13.0484	10.9097	0.0000	56.6417	51.1998	0.0000	0.0000	0.0000	0.0000	0.1616	0.1881	0.0000	0.5973	0.6348	0.0000	0.0000	0.0000	0.0000	0.0124	0.0172	0.0007	0.0105	0.0124	0.0012	0.0153	0.0300	0.0004	0.0000	0.0158	-0.0103	-0.0037	2.7092	6.9981	11.4516	25.9787	0.0234	0.0234	0.0000	0.0234	0.0234	0.0000	0.0000	0.0000	0.0000	0.0083	0.0082	0.0001	0.0044	0.0043	0.0001	0.0040	0.0039	0.0001	0.1450	0.1246	0.0204	0.0392	0.0369	0.0023	0.1058	0.0877	0.0181	0.6730	0.4759	0.1971	0.4132	0.3450	0.0682	0.2598	0.1310	0.1289	13.0484	10.9097	0.0000	56.6417	51.1998	0.0000	0.0000	0.0000	0.0000	0.0124	0.0172	0.0007	0.0105	0.0124	0.0012	0.0153	0.0300	0.0004
8	38	0.5404	9	0	1	1	1	0	0	0	0	N	N	N	N	N	N	N	N	N	N	N	N	1.1182	0.0001	9.2537	0.0009	0.0003	0.0081	12.5612	0.0000	108.1713	0.0235	0.0000	0.1573	0.0000	0.0000	0.0005	0.0321	0.0000	0.1717	0.0210	0.0228	0.0170	0.0370	0.0322	0.0666	0.0026	0.0036	0.0016	11168.3126	0.3406	0.0014	-0.0015	2.7092	4.7553	11.4516	10.1994	0.0026	0.0000	0.0026	0.0000	0.0000	0.0000	0.0026	0.0000	0.0026	0.0072	0.0054	0.0018	0.0068	0.0051	0.0017	0.0004	0.0003	0.0001	0.1103	0.0938	0.0164	0.0298	0.0284	0.0014	0.0805	0.0654	0.0151	0.3432	0.2356	0.1077	0.1838	0.1583	0.0255	0.1594	0.0773	0.0821	1.1182	0.0001	9.2537	0.0009	0.0003	0.0081	12.5612	0.0000	108.1713	0.0210	0.0228	0.0170	0.0370	0.0322	0.0666	0.0026	0.0036	0.0016
8	39	0.4826	7	1	1	1	1	0	0	0	0	N	N	N	N	N	N	N	N	N	N	N	N	0.0119	0.0097	0.0000	0.0000	0.0000	0.0000	0.0078	0.0048	0.0000	0.0022	0.0025	0.0000	0.0000	0.0000	0.0000	0.0028	0.0033	0.0000	0.1808	0.2602	0.0036	0.0457	0.0541	0.0008	0.3522	0.7027	0.0047	0.0000	0.0062	-0.0001	-0.0543	2.7092	5.0000	11.4516	27.3229	0.0002	0.0002	0.0000	0.0000	0.0000	0.0000	0.0002	0.0002	0.0000	0.1202	0.1194	0.0007	0.0170	0.0170	0.0000	0.1032	0.1025	0.0007	0.0974	0.0829	0.0145	0.0212	0.0200	0.0012	0.0762	0.0629	0.0133	0.6647	0.4591	0.2056	0.3717	0.3133	0.0585	0.2930	0.1459	0.1471	0.0119	0.0097	0.0000	0.0000	0.0000	0.0000	0.0078	0.0048	0.0000	0.1808	0.2602	0.0036	0.0457	0.0541	0.0008	0.3522	0.7027	0.0047
8	40	0.5566	9	0	1	1	1	0	0	0	0	N	N	N	N	N	N	N	N	N	N	N	N	0.0010	0.0204	0.0000	0.0000	0.0000	0.0000	0.0006	0.6707	0.0000	0.0014	0.0017	0.0000	0.0000	0.0000	0.0000	0.0020	0.0024	0.0000	1.3992	0.0826	4.5738	0.0948	0.1123	0.0075	3.4995	0.0036	7.0359	0.0000	22.9547	-0.0001	0.4167	2.7092	7.0019	11.4516	21.4344	0.0002	0.0002	0.0000	0.0000	0.0000	0.0000	0.0002	0.0002	0.0000	0.8335	0.0348	0.7987	0.0348	0.0344	0.0005	0.7987	0.0004	0.7983	0.1451	0.1247	0.0204	0.0393	0.0369	0.0023	0.1058	0.0877	0.0181	0.5957	0.4211	0.1746	0.3675	0.3063	0.0612	0.2282	0.1148	0.1135	0.0010	0.0204	0.0000	0.0000	0.0000	0.0000	0.0006	0.6707	0.0000	1.3992	0.0826	4.5738	0.0948	0.1123	0.0075	3.4995	0.0036	7.0359
8	41	0.4201	8	0	1	1	1	0	0	0	0	N	N	N	N	N	N	N	N	N	N	N	N	0.2471	0.0771	23.3411	0.0999	0.0985	0.0395	8.7744	0.0541	29.4245	0.0058	0.0027	0.0270	0.0057	0.0061	0.0000	0.0058	0.0000	0.0351	0.0233	0.0345	0.0012	0.0571	0.0624	0.0009	0.0007	0.0001	0.0012	1.4795	0.0170	0.0002	-0.0044	2.7092	8.1446	11.4516	10.2519	0.0013	0.0005	0.0007	0.0005	0.0005	0.0000	0.0007	0.0000	0.0007	0.0100	0.0098	0.0002	0.0098	0.0098	0.0000	0.0002	0.0000	0.0002	0.2181	0.1904	0.0277	0.0886	0.0822	0.0063	0.1295	0.1082	0.0214	0.4296	0.2852	0.1444	0.1721	0.1574	0.0147	0.2575	0.1278	0.1297	0.2471	0.0771	23.3411	0.0999	0.0985	0.0395	8.7744	0.0541	29.4245	0.0233	0.0345	0.0012	0.0571	0.0624	0.0009	0.0007	0.0001	0.0012
8	42	0.5566	9	0	1	1	1	0	0	0	0	N	N	N	N	N	N	N	N	N	N	N	N	0.0093	0.0087	0.0000	0.0716	0.0886	0.0000	0.0000	0.0000	0.0000	0.0001	0.0001	0.0000	0.0003	0.0003	0.0000	0.0000	0.0000	0.0000	0.0086	0.0107	0.0035	0.0041	0.0035	0.0069	0.0161	0.0307	0.0015	0.0000	0.1354	-0.0000	-0.0012	2.7092	5.9981	11.4516	11.5875	0.0000	0.0000	0.0000	0.0000	0.0000	0.0000	0.0000	0.0000	0.0000	0.0034	0.0030	0.0004	0.0010	0.0007	0.0003	0.0024	0.0023	0.0001	0.1248	0.1072	0.0176	0.0338	0.0318	0.0020	0.0910	0.0754	0.0156	0.3999	0.2819	0.1179	0.2507	0.2073	0.0433	0.1492	0.0746	0.0746	0.0093	0.0087	0.0000	0.0716	0.0886	0.0000	0.0000	0.0000	0.0000	0.0086	0.0107	0.0035	0.0041	0.0035	0.0069	0.0161	0.0307	0.0015
8	43	0.6403	9	0	1	2	2	0	0	0	0	N	N	Y	Y	N	N	N	N	N	N	N	N	0.0000	0.0000	0.0000	0.0000	0.0000	0.0000	0.0000	0.0000	0.0000	0.0000	0.0000	0.0000	0.0000	0.0000	0.0000	0.0000	0.0000	0.0000	0.7448	0.1085	2.2087	0.1575	0.1515	0.2410	1.4184	0.0006	2.4723	8.8486	0.0000	0.0643	2.7092	1.0007	11.4516	2.4334	0.0000	0.0000	0.0000	0.0000	0.0000	0.0000	0.0000	0.0000	0.0000	0.1460	0.0148	0.1312	0.0165	0.0148	0.0017	0.1295	0.0000	0.1295	0.0203	0.0173	0.0030	0.0049	0.0046	0.0003	0.0154	0.0127	0.0028	0.1961	0.1367	0.0594	0.1047	0.0977	0.0070	0.0913	0.0389	0.0524	0.0000	0.0000	0.0000	0.0000	0.0000	0.0000	0.0000	0.0000	0.0000	0.7448	0.1085	2.2087	0.1575	0.1515	0.2410	1.4184	0.0006	2.4723	
8	44	0.6031	8	0	0	1	2	0	0	0	0	N	N	N	Y	N	N	N	N	N	N	N	N	0.0003	0.0000	0.0017	0.0000	0.0000	0.0002	0.0006	0.0000	0.0018	0.0001	0.0000	0.0008	0.0000	0.0000	0.0001	0.0002	0.0000	0.0008	0.3593	0.3160	0.4616	0.4393	0.4327	0.4858	0.2533	0.0311	0.4540	142.2516	0.6181	0.0000	-0.0195	2.7092	1.0391	11.4516	15.0482	0.0000	0.0000	0.0000	0.0000	0.0000	0.0000	0.0000	0.0000	0.0000	0.2558	0.1581	0.0977	0.1782	0.1536	0.0246	0.0776	0.0045	0.0731	0.0224	0.0191	0.0033	0.0057	0.0054	0.0003	0.0167	0.0137	0.0030	0.7119	0.5003	0.2117	0.4056	0.3549	0.0507	0.3064	0.1454	0.1610	0.0003	0.0000	0.0017	0.0000	0.0000	0.0002	0.0006	0.0000	0.0018	0.3593	0.3160	0.4616	0.4393	0.4327	0.4858	0.2533	0.0311	0.4540
8	45	0.4826	7	0	1	1	1	0	0	0	0	N	N	N	N	N	N	N	N	N	N	N	N	0.0005	0.0003	0.5023	0.0000	0.0000	0.0000	0.0006	0.0003	0.6736	0.0012	0.0011	0.0021	0.0000	0.0000	0.0000	0.0016	0.0014	0.0023	2.5050	3.6228	0.0041	2.4350	2.8852	0.0061	2.5933	5.1948	0.0034	0.3337	0.0005	-0.0001	-0.8023	2.7092	12.0036	11.4516	21.9053	0.0003	0.0002	0.0001	0.0000	0.0000	0.0000	0.0003	0.0002	0.0001	1.7522	1.7513	0.0009	0.9497	0.9493	0.0004	0.8025	0.8020	0.0005	0.2303	0.1964	0.0338	0.0500	0.0472	0.0028	0.1802	0.1492	0.0310	0.6995	0.4834	0.2161	0.3900	0.3290	0.0610	0.3095	0.1544	0.1551	0.0005	0.0003	0.5023	0.0000	0.0000	0.0000	0.0006	0.0003	0.6736	2.5050	3.6228	0.0041	2.4350	2.8852	0.0061	2.5933	5.1948	0.0034
8	46	0.3971	11	1	1	1	1	0	0	0	0	N	N	N	N	N	N	N	N	N	N	N	N	0.0000	0.0000	0.0000	0.0000	0.0000	0.0000	0.0000	0.0000	0.0000	0.0000	0.0000	0.0000	0.0000	0.0000	0.0000	0.0000	0.0000	0.0000	0.0057	0.0088	0.0001	0.0150	0.0169	0.0007	0.0000	0.0000	0.0000	0.0061	0.0000	-0.0002	2.7092	2.0120	11.4516	1.9924	0.0000	0.0000	0.0000	0.0000	0.0000	0.0000	0.0000	0.0000	0.0000	0.0005	0.0005	0.0000	0.0005	0.0005	0.0000	0.0000	0.0000	0.0000	0.0437	0.0373	0.0063	0.0129	0.0117	0.0012	0.0308	0.0256	0.0051	0.0899	0.0585	0.0314	0.0343	0.0303	0.0040	0.0556	0.0282	0.0274	0.0000	0.0000	0.0000	0.0000	0.0000	0.0000	0.0000	0.0000	0.0000	0.0057	0.0088	0.0001	0.0150	0.0169	0.0007	0.0000	0.0000	0.0000	
8	47	0.5872	13	1	1	1	1	0	0	0	0	N	N	N	N	N	N	N	N	N	N	N	N	0.0000	0.0000	0.0000	0.0000	0.0000	0.0000	0.0000	0.0000	0.0000	0.0000	0.0000	0.0000	0.0000	0.0000	0.0000	0.0000	0.0000	0.0000	0.2755	0.3910	0.0000	0.4833	0.5631	0.0000	0.0000	0.0000	0.0000	0.0000	0.0000	-0.0106	2.7092	0.0002	11.4516	4.0036	0.0000	0.0000	0.0000	0.0000	0.0000	0.0000	0.0000	0.0000	0.0000	0.0232	0.0232	0.0000	0.0232	0.0232	0.0000	0.0000	0.0000	0.0000	0.0000	0.0000	0.0000	0.0000	0.0000	0.0000	0.0000	0.0000	0.0000	0.0842	0.0593	0.0249	0.0480	0.0412	0.0068	0.0362	0.0181	0.0181	0.0000	0.0000	0.0000	0.0000	0.0000	0.0000	0.0000	0.0000	0.0000	0.2755	0.3910	0.0000	0.4833	0.5631	0.0000	0.0000	0.0000	0.0000	
8	48	0.4826	7	0	1	1	2	0	0	0	0	N	N	N	Y	N	N	N	N	N	N	N	N	0.0588	0.0504	0.0000	0.1559	0.1406	0.0000	0.0074	0.0152	0.0000	0.1173	0.1377	0.0000	0.5310	0.5631	0.0000	0.0023	0.0028	0.0000	1.9959	2.7313	0.3318	3.4057	4.0058	0.0174	0.3133	0.1840	0.4464	0.0000	0.0537	-0.0060	-0.8548	2.7092	6.0036	11.4516	51.7820	0.0137	0.0136	0.0000	0.0134	0.0134	0.0000	0.0002	0.0002	0.0000	2.0981	1.9912	0.1069	1.9479	1.9464	0.0015	0.1502	0.0447	0.1054	0.1164	0.0991	0.0173	0.0253	0.0239	0.0014	0.0911	0.0752	0.0158	1.0512	0.7290	0.3222	0.5720	0.4859	0.0861	0.4792	0.2431	0.2361	0.0588	0.0504	0.0000	0.1559	0.1406	0.0000	0.0074	0.0152	0.0000	1.9959	2.7313	0.3318	3.4057	4.0058	0.0174	0.3133	0.1840	0.4464
8	49	0.4826	7	1	1	1	1	0	0	0	0	N	N	N	N	N	N	N	N	N	N	N	N	0.0234	0.0217	0.0000	0.0680	0.0616	0.0000	0.0000	0.0000	0.0000	0.0008	0.0009	0.0000	0.0036	0.0038	0.0000	0.0000	0.0000	0.0000	0.0330	0.0419	0.0132	0.0523	0.0612	0.0034	0.0092	0.0015	0.0169	0.0000	0.1400	-0.0000	-0.0089	2.7092	5.9964	11.4516	34.6547	0.0001	0.0001	0.0000	0.0001	0.0001	0.0000	0.0000	0.0000	0.0000	0.0264	0.0232	0.0032	0.0231	0.0229	0.0002	0.0033	0.0003	0.0030	0.1163	0.0990	0.0173	0.0253	0.0238	0.0014	0.0910	0.0752	0.0158	0.7994	0.5532	0.2462	0.4423	0.3741	0.0682	0.3571	0.1791	0.1780	0.0234	0.0217	0.0000	0.0680	0.0616	0.0000	0.0000	0.0000	0.0000	0.0330	0.0419	0.0132	0.0523	0.0612	0.0034	0.0092	0.0015	0.0169
8	50	0.5722	8	0	0	2	1	0	0	0	0	N	N	Y	N	N	N	N	N	N	N	N	N	1.2613	0.0015	43.0315	0.0018	0.0007	0.6937	5.2236	0.0062	34.0406	1.6563	0.0025	11.6528	0.0035	0.0015	0.0369	2.2710	0.0030	13.0111	1.3131	1.7290	0.2708	1.9457	2.3228	0.0532	0.4348	0.4778	0.3822	759.7069	0.0625	0.5598	-0.8404	2.7092	31.2093	11.4516	46.3939	1.0041	0.0013	1.0027	0.0006	0.0002	0.0003	1.0035	0.0011	1.0024	2.1034	1.9797	0.1237	1.8118	1.8036	0.0082	0.2916	0.1761	0.1155	0.6062	0.5202	0.0861	0.1643	0.1553	0.0090	0.4419	0.3648	0.0770	1.6018	1.1450	0.4568	0.9312	0.7765	0.1547	0.6706	0.3685	0.3021	1.2613	0.0015	43.0315	0.0018	0.0007	0.6937	5.2236	0.0062	34.0406	1.3131	1.7290	0.2708	1.9457	2.3228	0.0532	0.4348	0.4778	0.3822
8	51	0.5194	8	0	1	1	1	0	0	0	0	N	N	N	N	N	N	N	N	N	N	N	N	51.8044	125.5864	0.0001	190.9933	284.4077	0.0000	0.0000	0.0000	0.0001	2.7771	3.2834	0.0000	9.5685	10.2066	0.0000	0.0000	0.0000	0.0000	0.0536	0.0261	0.1213	0.0501	0.0359	0.1308	0.0590	0.0006	0.1170	0.0000	1.8819	-0.1216	0.0064	2.7092	4.1516	11.4516	14.5664	0.2757	0.2757	0.0000	0.2757	0.2757	0.0000	0.0000	0.0000	0.0000	0.0330	0.0115	0.0216	0.0187	0.0114	0.0073	0.0143	0.0001	0.0143	0.0993	0.0840	0.0153	0.0288	0.0270	0.0018	0.0705	0.0570	0.0135	0.6162	0.4384	0.1778	0.3734	0.3175	0.0559	0.2428	0.1209	0.1219	51.8044	125.5864	0.0001	190.9933	284.4077	0.0000	0.0000	0.0000	0.0001	0.0536	0.0261	0.1213	0.0501	0.0359	0.1308	0.0590	0.0006	0.1170
8	52	0.5999	10	1	0	2	1	0	0	0	0	N	N	Y	N	N	N	N	N	N	N	N	N	0.0135	0.0000	0.1055	0.0000	0.0000	0.0000	0.0442	0.0000	0.1262	0.0000	0.0000	0.0004	0.0000	0.0000	0.0000	0.0001	0.0000	0.0004	0.0033	0.0032	0.0035	0.0044	0.0044	0.0044	0.0017	0.0006	0.0031	inf	0.3820	0.0000	-0.0000	2.7092	0.0028	11.4516	0.9232	0.0000	0.0000	0.0000	0.0000	0.0000	0.0000	0.0000	0.0000	0.0000	0.0001	0.0001	0.0000	0.0001	0.0001	0.0000	0.0000	0.0000	0.0000	0.0002	0.0002	0.0000	0.0001	0.0001	0.0000	0.0001	0.0001	0.0000	0.0284	0.0210	0.0074	0.0166	0.0145	0.0020	0.0118	0.0065	0.0053	0.0135	0.0000	0.1055	0.0000	0.0000	0.0000	0.0442	0.0000	0.1262	0.0033	0.0032	0.0035	0.0044	0.0044	0.0044	0.0017	0.0006	0.0031
8	53	0.1718	4	0	1	1	1	0	0	0	0	N	N	N	N	N	N	N	N	N	N	N	N	0.0013	0.0050	0.0006	0.0142	0.0149	0.0007	0.0002	0.0013	0.0007	0.0017	0.0017	0.0017	0.0073	0.0079	0.0001	0.0003	0.0000	0.0019	1.2668	0.3330	2.7171	0.5130	0.5296	0.1631	1.7693	0.0014	2.8406	0.1822	5.2542	-0.0001	0.6591	2.7092	8.5400	11.4516	19.3759	0.0003	0.0003	0.0001	0.0003	0.0003	0.0000	0.0001	0.0000	0.0001	1.7267	0.2761	1.4506	0.2797	0.2757	0.0040	1.4470	0.0004	1.4466	0.2073	0.1764	0.0309	0.0402	0.0373	0.0030	0.1670	0.1392	0.0279	1.3630	0.8291	0.5339	0.5451	0.5205	0.0246	0.8179	0.3086	0.5093	0.0013	0.0050	0.0006	0.0142	0.0149	0.0007	0.0002	0.0013	0.0007	1.2668	0.3330	2.7171	0.5130	0.5296	0.1631	1.7693	0.0014	2.8406
8	54	0.1087	3	0	0	1	1	0	0	0	0	N	N	N	N	N	N	N	N	N	N	N	N	0.0045	0.0022	0.0144	0.0075	0.0065	0.2366	0.0037	0.0000	0.0137	0.0053	0.0017	0.0256	0.0082	0.0075	0.0168	0.0046	0.0000	0.0266	1.1726	0.7849	1.7818	1.0839	1.1657	0.0712	1.2374	0.1099	1.9328	2.6249	1.4449	0.0003	0.2904	2.7092	7.3474	11.4516	24.2346	0.0010	0.0003	0.0007	0.0003	0.0003	0.0000	0.0007	0.0000	0.0007	2.1901	0.8958	1.2943	0.8548	0.8506	0.0042	1.3354	0.0452	1.2901	0.1868	0.1587	0.0281	0.0391	0.0364	0.0027	0.1477	0.1223	0.0254	1.8677	1.1413	0.7264	0.7886	0.7297	0.0589	1.0791	0.4116	0.6675	0.0045	0.0022	0.0144	0.0075	0.0065	0.2366	0.0037	0.0000	0.0137	1.1726	0.7849	1.7818	1.0839	1.1657	0.0712	1.2374	0.1099	1.9328
8	55	0.0789	2	0	0	1	1	0	0	0	0	N	N	N	N	N	N	N	N	N	N	N	N	0.7745	1.2439	0.0172	1.6376	1.5679	0.1051	0.0126	0.0009	0.0162	0.7308	1.1867	0.0159	1.7128	1.7453	0.0077	0.0108	0.0005	0.0161	0.9436	0.9540	0.9278	1.0459	1.1131	0.0730	0.8597	0.5852	0.9956	0.0086	0.6393	-0.1018	-0.1152	2.7092	3.4216	11.4516	15.9376	0.2354	0.2334	0.0020	0.2334	0.2333	0.0000	0.0020	0.0000	0.0020	1.6851	1.0280	0.6572	0.8417	0.8379	0.0038	0.8434	0.1900	0.6534	0.3221	0.1966	0.1254	0.1362	0.1337	0.0025	0.1858	0.0630	0.1229	1.7858	1.0775	0.7083	0.8047	0.7528	0.0520	0.9811	0.3248	0.6563	0.7745	1.2439	0.0172	1.6376	1.5679	0.1051	0.0126	0.0009	0.0162	0.9436	0.9540	0.9278	1.0459	1.1131	0.0730	0.8597	0.5852	0.9956
8	56	0.6031	8	0	1	1	1	0	0	0	0	N	N	N	N	N	N	N	N	N	N	N	N	0.0003	0.0000	0.0009	0.0000	0.0000	0.0002	0.0002	0.0000	0.0008	0.0001	0.0000	0.0008	0.0000	0.0000	0.0001	0.0002	0.0000	0.0009	0.3880	0.1715	0.9065	0.1823	0.1442	0.4459	0.6559	0.2354	1.0540	142.2528	2.2071	0.0000	0.0714	2.7092	0.9891	11.4516	20.6926	0.0000	0.0000	0.0000	0.0000	0.0000	0.0000	0.0000	0.0000	0.0000	0.3106	0.0968	0.2137	0.0825	0.0570	0.0255	0.2280	0.0398	0.1882	0.0214	0.0182	0.0032	0.0055	0.0052	0.0003	0.0159	0.0130	0.0029	0.8004	0.5647	0.2358	0.4528	0.3956	0.0572	0.3476	0.1691	0.1786	0.0003	0.0000	0.0009	0.0000	0.0000	0.0002	0.0002	0.0000	0.0008	0.3880	0.1715	0.9065	0.1823	0.1442	0.4459	0.6559	0.2354	1.0540
8	57	0.4826	7	0	0	1	1	0	0	0	0	N	N	N	N	N	N	N	N	N	N	N	N	0.0013	0.0106	0.0007	0.0001	0.0004	0.0000	0.0017	0.0454	0.0012	0.0029	0.0025	0.0048	0.0001	0.0001	0.0000	0.0037	0.0033	0.0052	2.1541	0.2391	6.4685	2.1447	0.3195	16.7757	2.1656	0.0730	4.2829	0.3293	12.0080	-0.0001	0.8575	2.7092	5.0326	11.4516	39.3193	0.0003	0.0002	0.0001	0.0000	0.0000	0.0000	0.0003	0.0002	0.0001	1.8451	0.1418	1.7032	1.0122	0.1277	0.8845	0.8328	0.0141	0.8187	0.0980	0.0834	0.0146	0.0213	0.0201	0.0012	0.0767	0.0633	0.0134	0.8565	0.5931	0.2634	0.4720	0.3997	0.0722	0.3846	0.1934	0.1912	0.0013	0.0106	0.0007	0.0001	0.0004	0.0000	0.0017	0.0454	0.0012	2.1541	0.2391	6.4662	2.1447	0.3195	12.2427	2.1656	0.0730	4.2829
8	58	0.4826	7	0	1	1	2	0	0	0	0	N	N	N	Y	N	N	N	N	N	N	N	N	2.5015	2.0722	0.0009	24.3084	22.5829	0.0000	0.0000	0.0000	0.0013	0.2405	0.2825	0.0000	1.1053	1.1721	0.0000	0.0000	0.0000	0.0000	0.0961	0.1363	0.0058	0.0455	0.0519	0.0101	0.1587	0.3121	0.0041	0.0000	0.0189	-0.0103	-0.0345	2.7092	5.0036	11.4516	36.7244	0.0234	0.0234	0.0000	0.0234	0.0234	0.0000	0.0000	0.0000	0.0000	0.0785	0.0770	0.0015	0.0205	0.0198	0.0007	0.0580	0.0572	0.0008	0.0974	0.0829	0.0145	0.0212	0.0200	0.0012	0.0762	0.0630	0.0133	0.8162	0.5649	0.2512	0.4510	0.3816	0.0694	0.3652	0.1833	0.1819	2.5015	2.0722	0.0009	24.3084	22.5829	0.0000	0.0000	0.0000	0.0013	0.0961	0.1363	0.0058	0.0455	0.0519	0.0101	0.1587	0.3121	0.0041
8	59	0.1332	4	0	1	1	2	0	0	0	0	N	N	N	Y	N	N	N	N	N	N	N	N	0.7184	0.0030	3.4509	5.0477	0.0153	276.0971	0.2324	0.0008	1.2669	0.9623	0.0033	6.2143	2.4737	0.0079	34.0594	0.4457	0.0016	2.4366	1.3394	1.0926	1.8007	0.4901	0.5129	0.1234	1.9178	1.9112	1.9233	342.2593	0.8817	0.1533	0.0210	2.7092	10.4254	11.4516	21.2017	0.2758	0.0008	0.2750	0.1806	0.0005	0.1801	0.0952	0.0003	0.0950	2.0596	1.0945	0.9651	0.3053	0.3008	0.0045	1.7543	0.7938	0.9606	0.2866	0.2424	0.0443	0.0730	0.0677	0.0053	0.2136	0.1747	0.0390	1.5376	1.0017	0.5359	0.6229	0.5864	0.0365	0.9148	0.4153	0.4994	0.7184	0.0030	3.4509	5.0477	0.0153	276.0971	0.2324	0.0008	1.2669	1.3394	1.0926	1.8007	0.4901	0.5129	0.1234	1.9178	1.9112	1.9233
8	60	0.5999	10	1	0	2	1	0	0	0	0	N	N	Y	N	N	N	N	N	N	N	N	N	0.0000	0.0000	0.0000	0.0000	0.0000	0.0000	0.0000	0.0000	0.0000	0.0000	0.0000	0.0000	0.0000	0.0000	0.0000	0.0000	0.0000	0.0000	0.1162	0.0001	0.3986	0.0052	0.0001	0.0338	0.2863	0.0002	0.5638	inf	1109.6986	0.0000	0.0074	2.7092	1.9981	11.4516	3.0867	0.0000	0.0000	0.0000	0.0000	0.0000	0.0000	0.0000	0.0000	0.0000	0.0136	0.0000	0.0136	0.0004	0.0000	0.0004	0.0132	0.0000	0.0132	0.0420	0.0359	0.0061	0.0108	0.0101	0.0006	0.0313	0.0258	0.0054	0.1172	0.0830	0.0341	0.0709	0.0603	0.0106	0.0463	0.0228	0.0235	0.0000	0.0000	0.0000	0.0000	0.0000	0.0000	0.0000	0.0000	0.0000	0.1162	0.0001	0.3986	0.0052	0.0001	0.0338	0.2863	0.0002	0.5638
8	61	0.5566	9	1	0	2	1	0	0	0	0	N	N	Y	N	N	N	N	N	N	N	N	N	0.0016	0.0000	0.0100	0.0000	0.0000	0.0000	0.0012	0.0000	0.0072	0.0002	0.0000	0.0017	0.0000	0.0000	0.0000	0.0003	0.0000	0.0019	0.1466	0.1379	0.1674	0.0780	0.0942	0.0005	0.2616	0.2593	0.2638	1035.8860	0.5073	0.0000	-0.0073	2.7092	4.0039	11.4516	14.0733	0.0000	0.0000	0.0000	0.0000	0.0000	0.0000	0.0000	0.0000	0.0000	0.0600	0.0398	0.0202	0.0200	0.0200	0.0000	0.0400	0.0198	0.0202	0.0841	0.0722	0.0119	0.0228	0.0215	0.0014	0.0612	0.0507	0.0105	0.4091	0.2885	0.1206	0.2562	0.2120	0.0442	0.1529	0.0764	0.0764	0.0016	0.0000	0.0100	0.0000	0.0000	0.0000	0.0012	0.0000	0.0072	0.1466	0.1379	0.1674	0.0780	0.0942	0.0005	0.2616	0.2593	0.2638
8	62	0.5760	10	1	0	2	1	0	0	0	0	N	N	Y	N	N	N	N	N	N	N	N	N	0.0000	0.0000	0.0000	0.0000	0.0000	0.0000	0.0000	0.0000	0.0000	0.0000	0.0000	0.0000	0.0000	0.0000	0.0000	0.0000	0.0000	0.0000	2.2687	3.1148	0.3306	0.0763	0.0717	0.1016	5.4940	11.0946	0.4291	0.0463	-0.0000	-0.3511	2.7092	0.0060	11.4516	17.2393	0.0000	0.0000	0.0000	0.0000	0.0000	0.0000	0.0000	0.0000	0.0000	0.8480	0.8104	0.0376	0.0170	0.0135	0.0035	0.8310	0.7969	0.0341	0.0005	0.0004	0.0001	0.0002	0.0002	0.0000	0.0003	0.0002	0.0001	0.3738	0.2602	0.1136	0.2225	0.1884	0.0342	0.1513	0.0718	0.0794	0.0000	0.0000	0.0000	0.0000	0.0000	0.0000	0.0000	0.0000	0.0000	2.2687	3.1148	0.3306	0.0763	0.0717	0.1016	5.4940	11.0946	0.4291	
8	63	0.5194	8	0	0	2	1	0	0	0	0	N	N	Y	N	N	N	N	N	N	N	N	N	1.3912	0.0000	15.3338	1.2092	0.0000	76.3751	1.5228	0.0000	9.3458	0.0485	0.0000	0.2888	0.0425	0.0000	0.6381	0.0524	0.0000	0.2240	0.0349	0.0412	0.0188	0.0351	0.0398	0.0084	0.0344	0.0452	0.0240	inf	0.1816	0.0010	-0.0055	2.7092	1.0230	11.4516	12.1924	0.0018	0.0000	0.0018	0.0006	0.0000	0.0006	0.0012	0.0000	0.0012	0.0181	0.0153	0.0028	0.0114	0.0110	0.0004	0.0067	0.0043	0.0024	0.0366	0.0305	0.0061	0.0145	0.0135	0.0010	0.0222	0.0170	0.0052	0.5187	0.3712	0.1475	0.3236	0.2750	0.0485	0.1952	0.0962	0.0990	1.3912	0.0000	15.3338	1.2092	0.0000	76.3751	1.5228	0.0000	9.3458	0.0349	0.0412	0.0188	0.0351	0.0398	0.0084	0.0344	0.0452	0.0240
8	64	0.4826	7	0	0	1	1	0	0	0	0	N	N	N	N	N	N	N	N	N	N	N	N	0.3141	0.4097	0.0001	1.8162	1.6956	0.0000	0.0000	0.0000	0.0001	0.0367	0.0431	0.0000	0.1681	0.1782	0.0000	0.0000	0.0000	0.0000	0.1168	0.1052	0.1417	0.0926	0.1051	0.0330	0.1506	0.1055	0.1929	0.0000	0.6244	-0.0008	-0.0031	2.7092	2.4556	11.4516	12.4191	0.0018	0.0018	0.0000	0.0018	0.0018	0.0000	0.0000	0.0000	0.0000	0.0413	0.0254	0.0159	0.0191	0.0179	0.0012	0.0222	0.0075	0.0147	0.0484	0.0412	0.0072	0.0106	0.0100	0.0006	0.0379	0.0312	0.0066	0.3532	0.2413	0.1119	0.2059	0.1700	0.0358	0.1474	0.0713	0.0761	0.3141	0.4097	0.0001	1.8162	1.6956	0.0000	0.0000	0.0000	0.0001	0.1168	0.1052	0.1417	0.0926	0.1051	0.0330	0.1506	0.1055	0.1929
8	65	0.6050	9	0	1	1	1	0	0	0	0	N	N	N	N	N	N	N	N	N	N	N	N	0.0236	0.0292	0.0000	0.0625	0.0603	0.0000	0.0000	0.0001	0.0000	0.0022	0.0026	0.0000	0.0073	0.0077	0.0000	0.0000	0.0000	0.0000	0.0948	0.0882	0.1126	0.1174	0.1275	0.0664	0.0608	0.0014	0.1393	0.0000	0.4745	-0.0000	-0.0046	2.7092	1.7555	11.4516	11.9300	0.0001	0.0001	0.0000	0.0001	0.0001	0.0000	0.0000	0.0000	0.0000	0.0339	0.0230	0.0109	0.0252	0.0229	0.0024	0.0087	0.0001	0.0086	0.0416	0.0361	0.0054	0.0127	0.0121	0.0006	0.0289	0.0240	0.0049	0.3577	0.2607	0.0969	0.2150	0.1795	0.0355	0.1426	0.0812	0.0614	0.0236	0.0292	0.0000	0.0625	0.0603	0.0000	0.0000	0.0001	0.0000	0.0948	0.0882	0.1126	0.1174	0.1275	0.0664	0.0608	0.0014	0.1393
8	66	0.5840	11	1	1	2	1	0	0	0	0	N	N	Y	N	N	N	N	N	N	N	N	N	0.0000	0.0000	0.0000	0.0000	0.0000	0.0000	0.0000	0.0000	0.0000	0.0000	0.0000	0.0000	0.0000	0.0000	0.0000	0.0000	0.0000	0.0000	0.0000	0.0000	2.7092	0.0000	11.4516	0.0000	0.0000	0.0000	0.0000	0.0000	0.0000	0.0000	0.0000	0.0000	0.0000	0.0000	0.0000	0.0000	0.0000	0.0000	0.0000	0.0000	0.0000	0.0000	0.0000	0.0000	0.0000	0.0000	0.0000	0.0000	0.0000	0.0000	0.0000	0.0000	0.0000	0.0000	0.0000	0.0000	0.0000	0.0000	0.0000	0.0000	0.0000	0.0000	0.0000	0.0000	0.0000	0.0000	0.0000	0.0000	0.0000	0.0000	0.0000	0.0000	0.0000	0.0000	0.0000	0.0000	0.0000	0.0000											
8	67	0.5217	10	1	1	2	1	0	0	0	0	N	N	Y	N	N	N	N	N	N	N	N	N	0.0000	0.0000	0.0000	0.0000	0.0000	0.0000	0.0000	0.0000	0.0000	0.0000	0.0000	0.0000	0.0000	0.0000	0.0000	0.0017	0.0026	0.0000	0.0037	0.0041	0.0000	0.0002	0.0004	0.0000	0.0000	0.0000	-0.0001	2.7092	1.0000	11.4516	3.0000	0.0000	0.0000	0.0000	0.0000	0.0000	0.0000	0.0000	0.0000	0.0000	0.0002	0.0002	0.0000	0.0001	0.0001	0.0000	0.0000	0.0000	0.0000	0.0202	0.0174	0.0028	0.0074	0.0067	0.0007	0.0127	0.0107	0.0021	0.0867	0.0582	0.0285	0.0383	0.0344	0.0039	0.0484	0.0238	0.0245	0.0000	0.0000	0.0000	0.0000	0.0000	0.0000	0.0000	0.0000	0.0000	0.0017	0.0026	0.0000	0.0037	0.0041	0.0000	0.0002	0.0004	0.0000				
8	68	0.5840	11	1	1	2	1	0	0	0	0	N	N	Y	N	N	N	N	N	N	N	N	N	0.0000	0.0000	0.0000	0.0000	0.0000	0.0000	0.0000	0.0000	0.0000	0.0000	0.0000	0.0000	0.0000	0.0000	0.0000	0.0000	0.0000	0.0000	0.0000	0.0000	2.7092	1.0000	11.4516	0.0000	0.0000	0.0000	0.0000	0.0000	0.0000	0.0000	0.0000	0.0000	0.0000	0.0000	0.0000	0.0000	0.0000	0.0000	0.0000	0.0000	0.0000	0.0000	0.0210	0.0180	0.0030	0.0053	0.0050	0.0003	0.0157	0.0130	0.0027	0.0216	0.0150	0.0066	0.0120	0.0102	0.0018	0.0096	0.0048	0.0048	0.0000	0.0000	0.0000	0.0000	0.0000	0.0000	0.0000	0.0000	0.0000	0.0000	0.0000	0.0000	0.0000	0.0000	0.0000	0.0000	0.0000	0.0000											
8	69	0.5676	10	1	1	2	1	0	0	0	0	N	N	Y	N	N	N	N	N	N	N	N	N	0.0000	0.0000	0.0000	0.0000	0.0000	0.0000	0.0000	0.0000	0.0000	0.0000	0.0000	0.0000	0.0000	0.0000	0.0000	0.0000	0.0000	0.0000	0.0063	0.0069	0.0047	0.0044	0.0029	0.0125	0.0090	0.0164	0.0011	0.2714	-0.0000	-0.0003	2.7092	1.0155	11.4516	5.9708	0.0000	0.0000	0.0000	0.0000	0.0000	0.0000	0.0000	0.0000	0.0000	0.0010	0.0008	0.0002	0.0004	0.0002	0.0002	0.0006	0.0006	0.0000	0.0226	0.0194	0.0032	0.0060	0.0056	0.0003	0.0166	0.0137	0.0028	0.1669	0.1192	0.0477	0.0989	0.0839	0.0150	0.0680	0.0353	0.0327	0.0000	0.0000	0.0000	0.0000	0.0000	0.0000	0.0000	0.0000	0.0000	0.0063	0.0069	0.0047	0.0044	0.0029	0.0125	0.0090	0.0164	0.0011	
8	70	0.5628	9	1	0	2	1	0	0	0	0	N	N	Y	N	N	N	N	N	N	N	N	N	0.0003	0.0000	0.1318	0.0109	0.0018	1.9913	0.0001	0.0000	0.0600	0.0003	0.0000	0.0029	0.0002	0.0000	0.0102	0.0004	0.0000	0.0024	1.0362	1.4236	0.0217	0.0188	0.0225	0.0051	3.2840	5.6055	0.0403	20.9295	0.0058	0.0000	-0.0642	2.7092	0.0406	11.4516	2.3361	0.0000	0.0000	0.0000	0.0000	0.0000	0.0000	0.0000	0.0000	0.0000	0.1418	0.1409	0.0008	0.0018	0.0017	0.0001	0.1400	0.1393	0.0007	0.0021	0.0018	0.0002	0.0008	0.0008	0.0000	0.0013	0.0010	0.0002	0.1368	0.0990	0.0378	0.0942	0.0742	0.0200	0.0426	0.0248	0.0178	0.0003	0.0000	0.1318	0.0109	0.0018	1.9913	0.0001	0.0000	0.0600	1.0362	1.4236	0.0217	0.0188	0.0225	0.0051	3.2840	5.6055	0.0403
8	71	0.5217	10	1	1	2	1	0	0	0	0	N	N	Y	N	N	N	N	N	N	N	N	N	0.0000	0.0000	0.0000	0.0000	0.0000	0.0000	0.0000	0.0000	0.0000	0.0000	0.0000	0.0000	0.0000	0.0000	0.0000	0.0000	0.0000	0.0000	0.0000	0.0000	2.7092	0.0000	11.4516	0.0000	0.0000	0.0000	0.0000	0.0000	0.0000	0.0000	0.0000	0.0000	0.0000	0.0000	0.0000	0.0000	0.0000	0.0000	0.0000	0.0000	0.0000	0.0000	0.0000	0.0000	0.0000	0.0000	0.0000	0.0000	0.0000	0.0000	0.0000	0.0000	0.0000	0.0000	0.0000	0.0000	0.0000	0.0000	0.0000	0.0000	0.0000	0.0000	0.0000	0.0000	0.0000	0.0000	0.0000	0.0000	0.0000	0.0000	0.0000	0.0000	0.0000	0.0000	0.0000	0.0000	0.0000	0.0000											
8	72	0.5036	9	1	1	2	1	0	0	0	0	N	N	Y	N	N	N	N	N	N	N	N	N	0.0010	0.0001	1.8802	0.0002	0.0002	0.0000	0.0817	0.0000	2.4238	0.0000	0.0000	0.0000	0.0000	0.0000	0.0000	0.0000	0.0000	0.0000	0.0038	0.0056	0.0000	0.0081	0.0091	0.0000	0.0001	0.0001	0.0000	5.8238	0.0010	0.0000	-0.0002	2.7092	3.9057	11.4516	1.1104	0.0000	0.0000	0.0000	0.0000	0.0000	0.0000	0.0000	0.0000	0.0000	0.0005	0.0005	0.0000	0.0005	0.0005	0.0000	0.0000	0.0000	0.0000	0.0814	0.0700	0.0114	0.0278	0.0252	0.0027	0.0535	0.0448	0.0088	0.1290	0.0892	0.0398	0.0610	0.0543	0.0067	0.0679	0.0348	0.0331	0.0010	0.0001	1.8802	0.0002	0.0002	0.0000	0.0817	0.0000	2.4238	0.0038	0.0056	0.0000	0.0081	0.0091	0.0000	0.0001	0.0001	0.0000
8	73	0.3009	7	1	1	1	1	0	0	0	0	N	N	N	N	N	N	N	N	N	N	N	N	1.7215	1.2734	0.0164	2.1110	2.0387	0.0053	0.0034	0.0018	0.0228	1.5308	1.7403	0.0000	3.9259	4.1595	0.0000	0.0005	0.0006	0.0000	0.8893	1.3666	0.0026	1.8597	2.0403	0.0088	0.1479	0.3260	0.0018	0.0000	0.0010	-0.1561	-0.3445	2.7092	6.9070	11.4516	16.5673	0.3538	0.3538	0.0000	0.3538	0.3538	0.0000	0.0001	0.0001	0.0000	0.7533	0.7526	0.0008	0.6823	0.6820	0.0003	0.0710	0.0706	0.0005	0.2311	0.2033	0.0278	0.0901	0.0851	0.0051	0.1410	0.1183	0.0228	0.8471	0.5507	0.2965	0.3669	0.3343	0.0326	0.4803	0.2164	0.2639	1.7215	1.2734	0.0164	2.1110	2.0387	0.0053	0.0034	0.0018	0.0228	0.8893	1.3666	0.0026	1.8597	2.0403	0.0088	0.1479	0.3260	0.0018
8	77	0.5785	10	0	0	1	2	0	0	0	0	N	N	N	Y	N	N	N	N	N	N	N	N	0.0000	0.0000	0.0945	0.0000	0.0000	0.0129	0.0288	0.0000	0.0930	0.0001	0.0000	0.0008	0.0000	0.0000	0.0001	0.0001	0.0000	0.0009	5.4101	8.2222	0.0085	18.9793	20.0516	0.0060	0.0047	0.0002	0.0094	inf	0.0005	0.0000	-0.8542	2.7092	0.3745	11.4516	14.7996	0.0000	0.0000	0.0000	0.0000	0.0000	0.0000	0.0000	0.0000	0.0000	1.8658	1.8648	0.0010	1.8649	1.8648	0.0002	0.0009	0.0000	0.0008	0.0099	0.0087	0.0012	0.0029	0.0028	0.0001	0.0071	0.0060	0.0011	0.3960	0.2767	0.1193	0.2136	0.1829	0.0307	0.1825	0.0938	0.0887	0.0000	0.0000	0.0945	0.0000	0.0000	0.0129	0.0288	0.0000	0.0930	4.7111	6.7396	0.0085	8.7316	10.1960	0.0060	0.0047	0.0002	0.0094
8	78	0.5562	9	0	0	1	2	0	0	0	0	N	N	N	Y	N	N	N	N	N	N	N	N	0.0357	0.0000	0.1431	0.0000	0.0000	0.0003	0.0467	0.0004	0.1303	0.0080	0.0000	0.0578	0.0000	0.0000	0.0001	0.0108	0.0000	0.0639	0.2239	0.1527	0.4038	0.2191	0.2226	0.1985	0.2305	0.0009	0.4901	21864.5255	1.0483	0.0001	0.0040	2.7092	1.4595	11.4516	10.3922	0.0003	0.0000	0.0003	0.0000	0.0000	0.0000	0.0003	0.0000	0.0003	0.0758	0.0370	0.0388	0.0426	0.0369	0.0056	0.0332	0.0001	0.0331	0.0322	0.0278	0.0045	0.0082	0.0078	0.0004	0.0240	0.0199	0.0040	0.3383	0.2423	0.0960	0.1942	0.1658	0.0284	0.1440	0.0764	0.0676	0.0357	0.0000	0.1431	0.0000	0.0000	0.0003	0.0467	0.0004	0.1303	0.2239	0.1527	0.4038	0.2191	0.2226	0.1985	0.2305	0.0009	0.4901
8	79	0.5421	8	0	0	1	2	0	0	0	0	N	N	N	Y	N	N	N	N	N	N	N	N	0.0012	0.0014	0.0017	0.0017	0.0038	0.0000	0.0012	0.0006	0.0034	0.0001	0.0000	0.0002	0.0001	0.0001	0.0000	0.0000	0.0000	0.0003	0.0576	0.0244	0.1424	0.0704	0.0337	0.2977	0.0402	0.0038	0.0806	1.2154	2.2875	0.0000	0.0034	2.7092	1.3861	11.4516	6.3168	0.0000	0.0000	0.0000	0.0000	0.0000	0.0000	0.0000	0.0000	0.0000	0.0145	0.0044	0.0101	0.0102	0.0042	0.0060	0.0043	0.0002	0.0041	0.0287	0.0244	0.0042	0.0069	0.0065	0.0004	0.0218	0.0180	0.0038	0.2518	0.1809	0.0709	0.1448	0.1247	0.0202	0.1070	0.0563	0.0507	0.0012	0.0014	0.0017	0.0017	0.0038	0.0000	0.0012	0.0006	0.0034	0.0576	0.0244	0.1424	0.0704	0.0337	0.2977	0.0402	0.0038	0.0806
8	80	0.4826	7	0	0	1	2	0	0	0	0	N	N	N	Y	N	N	N	N	N	N	N	N	0.0014	0.0273	0.0000	0.0000	0.0000	0.0000	0.0133	0.0237	0.0002	0.0027	0.0032	0.0001	0.0000	0.0000	0.0001	0.0034	0.0042	0.0001	1.9511	0.1154	6.0062	3.2400	0.0887	32.3721	0.2591	0.1749	0.3410	0.0040	23.5668	-0.0001	0.5072	2.7092	4.0043	11.4516	19.8631	0.0002	0.0002	0.0000	0.0000	0.0000	0.0000	0.0002	0.0002	0.0000	1.0126	0.0412	0.9713	0.9544	0.0219	0.9325	0.0581	0.0193	0.0388	0.0783	0.0667	0.0117	0.0171	0.0161	0.0010	0.0613	0.0506	0.0107	0.5190	0.3572	0.1617	0.2946	0.2467	0.0479	0.2244	0.1106	0.1138	0.0014	0.0273	0.0000	0.0000	0.0000	0.0000	0.0133	0.0237	0.0002	1.9511	0.1154	6.0062	3.2400	0.0887	19.4596	0.2591	0.1749	0.3410
8	81	0.4563	9	0	1	2	1	0	0	0	0	N	N	Y	N	N	N	N	N	N	N	N	N	20010.8917	15677.4896	0.0000	19114.0338	19547.7735	0.0000	2.2777	58.2447	0.0000	18.7117	22.0750	0.0000	42.3901	46.4841	0.0000	0.0001	0.0001	0.0000	0.0009	0.0014	0.0001	0.0022	0.0024	0.0001	0.0001	0.0000	0.0001	0.0000	0.0360	-0.4399	-0.0001	2.7092	2.0162	11.4516	4.5500	0.9973	0.9973	0.0000	0.9973	0.9973	0.0000	0.0000	0.0000	0.0000	0.0002	0.0002	0.0000	0.0002	0.0002	0.0000	0.0000	0.0000	0.0000	0.0533	0.0452	0.0081	0.0235	0.0215	0.0021	0.0298	0.0237	0.0060	0.1758	0.1127	0.0631	0.0717	0.0667	0.0050	0.1041	0.0460	0.0581	20010.8917	15677.4896	0.0000	19114.0338	19547.7735	0.0000	2.2777	58.2447	0.0000	0.0009	0.0014	0.0001	0.0022	0.0024	0.0001	0.0001	0.0000	0.0001
8	82	0.5906	11	0	1	2	1	0	0	0	0	N	N	Y	N	N	N	N	N	N	N	N	N	0.0000	0.0000	0.0000	0.0000	0.0000	0.0000	0.0000	0.0000	0.0000	0.0000	0.0000	0.0000	0.0000	0.0000	0.0000	0.0000	0.0000	0.0000	0.0012	0.0016	0.0002	0.0007	0.0009	0.0000	0.0021	0.0039	0.0003	0.0470	0.0000	-0.0001	2.7092	3.0011	11.4516	3.7015	0.0000	0.0000	0.0000	0.0000	0.0000	0.0000	0.0000	0.0000	0.0000	0.0002	0.0002	0.0000	0.0001	0.0001	0.0000	0.0001	0.0001	0.0000	0.0629	0.0540	0.0089	0.0172	0.0162	0.0010	0.0457	0.0378	0.0079	0.1805	0.1280	0.0525	0.1148	0.0961	0.0187	0.0657	0.0319	0.0338	0.0000	0.0000	0.0000	0.0000	0.0000	0.0000	0.0000	0.0000	0.0000	0.0012	0.0016	0.0002	0.0007	0.0009	0.0000	0.0021	0.0039	0.0003	
8	83	0.5792	10	0	1	1	1	0	0	0	0	N	N	N	N	N	N	N	N	N	N	N	N	0.0000	0.0000	0.0000	0.0000	0.0000	0.0000	0.0000	0.0000	0.0000	0.0000	0.0000	0.0000	0.0000	0.0000	0.0000	0.0000	0.0000	0.0000	0.0244	0.0349	0.0005	0.0059	0.0075	0.0001	0.0658	0.1328	0.0008	0.0062	0.0000	-0.0023	2.7092	2.0032	11.4516	4.2039	0.0000	0.0000	0.0000	0.0000	0.0000	0.0000	0.0000	0.0000	0.0000	0.0050	0.0050	0.0000	0.0008	0.0008	0.0000	0.0042	0.0042	0.0000	0.0424	0.0364	0.0060	0.0118	0.0111	0.0007	0.0306	0.0253	0.0053	0.2067	0.1435	0.0632	0.1429	0.1121	0.0308	0.0638	0.0314	0.0324	0.0000	0.0000	0.0000	0.0000	0.0000	0.0000	0.0000	0.0000	0.0000	0.0244	0.0349	0.0005	0.0059	0.0075	0.0001	0.0658	0.1328	0.0008	
8	84	0.5760	10	1	0	2	1	0	0	0	0	N	N	Y	N	N	N	N	N	N	N	N	N	0.0000	0.0000	0.0000	0.0000	0.0000	0.0000	0.0000	0.0000	0.0000	0.0000	0.0000	0.0000	0.0000	0.0000	0.0000	0.0000	0.0000	0.0000	0.1483	0.0168	0.4311	0.0201	0.0222	0.0069	0.3351	0.0008	0.5845	11.9692	-0.0000	0.0107	2.7092	1.0052	11.4516	4.9545	0.0000	0.0000	0.0000	0.0000	0.0000	0.0000	0.0000	0.0000	0.0000	0.0230	0.0018	0.0212	0.0018	0.0018	0.0001	0.0212	0.0000	0.0211	0.0216	0.0186	0.0031	0.0063	0.0059	0.0004	0.0153	0.0127	0.0027	0.1552	0.1059	0.0493	0.0920	0.0789	0.0131	0.0632	0.0270	0.0362	0.0000	0.0000	0.0000	0.0000	0.0000	0.0000	0.0000	0.0000	0.0000	0.1483	0.0168	0.4311	0.0201	0.0222	0.0069	0.3351	0.0008	0.5845	
8	85	0.5566	9	1	0	2	1	0	0	0	0	N	N	Y	N	N	N	N	N	N	N	N	N	0.0000	0.0000	0.0000	0.0000	0.0000	0.0000	0.0000	0.0000	0.0000	0.0000	0.0000	0.0000	0.0000	0.0000	0.0000	0.0000	0.0000	0.0000	0.2454	0.3221	0.0662	0.3487	0.4151	0.0617	0.0574	0.0454	0.0693	0.0000	0.0880	-0.0000	-0.0208	2.7092	0.9968	11.4516	7.6169	0.0000	0.0000	0.0000	0.0000	0.0000	0.0000	0.0000	0.0000	0.0000	0.0552	0.0508	0.0045	0.0506	0.0490	0.0017	0.0046	0.0018	0.0028	0.0213	0.0183	0.0030	0.0058	0.0055	0.0003	0.0154	0.0128	0.0027	0.2251	0.1576	0.0675	0.1452	0.1179	0.0273	0.0799	0.0397	0.0402	0.0000	0.0000	0.0000	0.0000	0.0000	0.0000	0.0000	0.0000	0.0000	0.2454	0.3221	0.0662	0.3487	0.4151	0.0617	0.0574	0.0454	0.0693
8	86	0.5766	8	1	1	1	1	0	0	0	0	N	N	N	N	N	N	N	N	N	N	N	N	0.0295	0.0000	1.9805	0.0032	0.0000	0.5600	0.0322	0.0000	2.1409	0.0004	0.0000	0.0026	0.0000	0.0000	0.0008	0.0005	0.0000	0.0027	0.0129	0.0182	0.0013	0.0105	0.0116	0.0014	0.0162	0.0390	0.0013	3175.1818	0.0327	0.0000	-0.0035	2.7092	5.8060	11.4516	6.1034	0.0001	0.0000	0.0001	0.0000	0.0000	0.0000	0.0001	0.0000	0.0001	0.0082	0.0079	0.0003	0.0039	0.0038	0.0001	0.0043	0.0041	0.0002	0.1471	0.1254	0.0217	0.0426	0.0407	0.0019	0.1045	0.0847	0.0198	0.6342	0.4351	0.1991	0.3676	0.3299	0.0377	0.2666	0.1053	0.1614	0.0295	0.0000	1.9805	0.0032	0.0000	0.5600	0.0322	0.0000	2.1409	0.0129	0.0182	0.0013	0.0105	0.0116	0.0014	0.0162	0.0390	0.0013
8	87	0.4826	7	1	1	1	1	0	0	0	0	N	N	N	N	N	N	N	N	N	N	N	N	0.0018	0.0014	0.0193	0.0015	0.0011	0.6452	0.0616	0.1948	0.0009	0.0013	0.0015	0.0005	0.0020	0.0018	0.0053	0.0012	0.0014	0.0000	0.7427	1.0639	0.0244	1.3162	1.5590	0.0082	0.0190	0.0072	0.0307	0.0541	0.0102	-0.0001	-0.2306	2.7092	12.2869	11.4516	21.7146	0.0003	0.0003	0.0000	0.0001	0.0001	0.0000	0.0002	0.0002	0.0000	0.5144	0.5092	0.0052	0.5086	0.5081	0.0005	0.0058	0.0011	0.0047	0.2321	0.1980	0.0341	0.0504	0.0476	0.0029	0.1816	0.1504	0.0312	0.6925	0.4786	0.2140	0.3864	0.3259	0.0605	0.3062	0.1527	0.1535	0.0018	0.0014	0.0193	0.0015	0.0011	0.6452	0.0616	0.1948	0.0009	0.7427	1.0639	0.0244	1.3162	1.5590	0.0082	0.0190	0.0072	0.0307
8	88	0.5792	10	0	1	1	1	0	0	0	0	N	N	N	N	N	N	N	N	N	N	N	N	0.0000	0.0000	0.0000	0.0000	0.0000	0.0000	0.0000	0.0000	0.0000	0.0000	0.0000	0.0000	0.0000	0.0000	0.0000	0.0000	0.0000	0.0000	2.2621	3.2188	0.0012	3.1195	3.8478	0.0011	0.6229	1.2541	0.0012	0.0159	0.0002	-0.0000	-0.3531	2.7092	4.0005	11.4516	9.0093	0.0000	0.0000	0.0000	0.0000	0.0000	0.0000	0.0000	0.0000	0.0000	0.7707	0.7705	0.0001	0.6978	0.6977	0.0000	0.0729	0.0728	0.0001	0.0838	0.0720	0.0118	0.0232	0.0218	0.0014	0.0606	0.0502	0.0104	0.3407	0.2394	0.1013	0.2237	0.1813	0.0424	0.1170	0.0581	0.0589	0.0000	0.0000	0.0000	0.0000	0.0000	0.0000	0.0000	0.0000	0.0000	2.2621	3.2188	0.0012	3.1195	3.8478	0.0011	0.6229	1.2541	0.0012
8	89	0.5566	9	0	1	1	1	0	0	0	0	N	N	N	N	N	N	N	N	N	N	N	N	0.0002	0.0002	0.0000	0.0004	0.0003	0.0000	0.0002	0.0001	0.0000	0.0000	0.0000	0.0000	0.0000	0.0000	0.0000	0.0000	0.0000	0.0000	0.0097	0.0135	0.0009	0.0113	0.0136	0.0010	0.0069	0.0132	0.0008	0.0000	0.0270	-0.0000	-0.0011	2.7092	1.0051	11.4516	9.2650	0.0000	0.0000	0.0000	0.0000	0.0000	0.0000	0.0000	0.0000	0.0000	0.0025	0.0024	0.0001	0.0019	0.0018	0.0000	0.0006	0.0006	0.0000	0.0215	0.0184	0.0030	0.0059	0.0055	0.0003	0.0156	0.0129	0.0027	0.2583	0.1812	0.0771	0.1653	0.1350	0.0303	0.0930	0.0462	0.0467	0.0002	0.0002	0.0000	0.0004	0.0003	0.0000	0.0002	0.0001	0.0000	0.0097	0.0135	0.0009	0.0113	0.0136	0.0010	0.0069	0.0132	0.0008
8	90	0.6050	9	0	0	2	1	0	0	0	0	N	N	Y	N	N	N	N	N	N	N	N	N	0.0157	0.1802	0.0000	0.1340	0.3886	0.0000	0.0000	0.0005	0.0000	0.0008	0.0009	0.0000	0.0027	0.0028	0.0000	0.0000	0.0000	0.0000	0.0511	0.0052	0.1766	0.0202	0.0073	0.0846	0.0988	0.0003	0.2324	0.0000	12.5432	-0.0000	0.0066	2.7092	2.3559	11.4516	7.1930	0.0000	0.0000	0.0000	0.0000	0.0000	0.0000	0.0000	0.0000	0.0000	0.0142	0.0010	0.0131	0.0034	0.0010	0.0024	0.0108	0.0000	0.0108	0.0536	0.0465	0.0072	0.0159	0.0152	0.0008	0.0377	0.0313	0.0064	0.2776	0.2033	0.0743	0.1686	0.1405	0.0280	0.1091	0.0628	0.0463	0.0157	0.1802	0.0000	0.1340	0.3886	0.0000	0.0000	0.0005	0.0000	0.0511	0.0052	0.1766	0.0202	0.0073	0.0846	0.0988	0.0003	0.2324
8	91	0.5722	8	0	0	1	1	0	0	0	0	N	N	N	N	N	N	N	N	N	N	N	N	0.1196	1.8489	0.0003	0.4296	3.4025	0.0000	0.0009	0.0606	0.0004	0.0647	0.0771	0.0006	0.1693	0.1774	0.0000	0.0007	0.0008	0.0006	0.5410	0.0417	1.8075	0.3940	0.0521	2.0039	0.8017	0.0127	1.6787	0.0014	17.0819	-0.0043	0.2129	2.7092	4.9284	11.4516	11.0439	0.0098	0.0098	0.0000	0.0097	0.0097	0.0000	0.0001	0.0001	0.0000	0.4378	0.0242	0.4136	0.2039	0.0223	0.1816	0.2339	0.0020	0.2319	0.1509	0.1264	0.0244	0.0573	0.0547	0.0026	0.0936	0.0718	0.0218	0.8092	0.5804	0.2288	0.5175	0.4268	0.0906	0.2917	0.1536	0.1381	0.1196	1.8489	0.0003	0.4296	3.4025	0.0000	0.0009	0.0606	0.0004	0.5410	0.0417	1.8075	0.3940	0.0521	2.0039	0.8017	0.0127	1.6787
8	92	0.4826	7	0	0	1	1	0	0	0	0	N	N	N	N	N	N	N	N	N	N	N	N	0.0155	0.1160	0.0014	0.1073	0.3804	0.0000	0.0015	0.0120	0.0020	0.0601	0.0654	0.0298	0.2447	0.2595	0.0001	0.0088	0.0037	0.0325	3.8743	0.5641	21.5821	2.2793	0.6820	10.8886	5.7687	0.3115	16.4281	0.0798	8.8011	-0.0017	1.1384	2.7092	3.9161	11.4516	29.2065	0.0046	0.0043	0.0003	0.0041	0.0041	0.0000	0.0005	0.0002	0.0003	2.5896	0.2642	2.3254	0.8633	0.2178	0.6455	1.7264	0.0464	1.6799	0.0766	0.0652	0.0114	0.0167	0.0157	0.0010	0.0600	0.0495	0.0105	0.6780	0.4684	0.2096	0.3787	0.3193	0.0594	0.2993	0.1491	0.1501	0.0157	0.1160	0.0027	0.1073	0.3804	0.0000	0.0015	0.0120	0.0029	3.8195	0.5641	11.0952	2.2793	0.6820	10.8599	5.7687	0.3115	11.1884
8	93	0.4563	9	1	1	1	1	0	0	0	0	N	N	N	N	N	N	N	N	N	N	N	N	1.3326	0.0299	7.9628	0.0353	0.0334	0.1086	3.7136	7.3581	10.3708	0.0369	0.0008	0.2402	0.0015	0.0015	0.0016	0.0644	0.0001	0.3270	0.0277	0.0263	0.0302	0.0437	0.0460	0.0144	0.0174	0.0000	0.0315	54.3577	0.6540	0.0013	-0.0004	2.7092	2.5103	11.4516	7.4742	0.0023	0.0000	0.0023	0.0000	0.0000	0.0000	0.0023	0.0000	0.0023	0.0066	0.0040	0.0026	0.0041	0.0040	0.0001	0.0025	0.0000	0.0025	0.0634	0.0539	0.0096	0.0278	0.0252	0.0026	0.0357	0.0286	0.0070	0.2381	0.1517	0.0864	0.0935	0.0866	0.0069	0.1447	0.0651	0.0796	1.3326	0.0299	7.9628	0.0353	0.0334	0.1086	3.7136	7.3581	10.3708	0.0277	0.0263	0.0302	0.0437	0.0460	0.0144	0.0174	0.0000	0.0315
8	94	0.4201	8	0	1	1	1	0	0	0	0	N	N	N	N	N	N	N	N	N	N	N	N	4.9330	17.9309	1.0722	49.3567	52.5819	0.1071	0.3645	0.0032	1.2559	0.1349	0.1441	0.0716	0.3063	0.3291	0.0006	0.0153	0.0000	0.0924	0.0274	0.0080	0.0668	0.0062	0.0063	0.0056	0.0420	0.0103	0.0735	0.0716	4.0734	-0.0100	0.0026	2.7092	7.1305	11.4516	3.2426	0.0267	0.0249	0.0018	0.0249	0.0249	0.0000	0.0018	0.0000	0.0018	0.0074	0.0015	0.0060	0.0007	0.0006	0.0001	0.0068	0.0008	0.0059	0.1980	0.1731	0.0250	0.0814	0.0758	0.0057	0.1166	0.0973	0.0193	0.2721	0.1826	0.0895	0.1114	0.1025	0.0089	0.1607	0.0801	0.0806	4.9330	17.9309	1.0722	49.3567	52.5819	0.1071	0.3645	0.0032	1.2559	0.0274	0.0080	0.0668	0.0062	0.0063	0.0056	0.0420	0.0103	0.0735
8	95	0.5566	9	1	1	1	1	0	0	0	0	N	N	N	N	N	N	N	N	N	N	N	N	4.8889	14.9011	0.0000	136.5498	128.8019	0.0000	0.0000	0.0000	0.0000	0.1417	0.1649	0.0000	0.5241	0.5570	0.0000	0.0000	0.0000	0.0000	0.0290	0.0111	0.0722	0.0038	0.0043	0.0014	0.0692	0.0289	0.1101	0.0000	2.7048	-0.0103	0.0050	2.7092	8.0000	11.4516	22.5660	0.0234	0.0234	0.0000	0.0234	0.0234	0.0000	0.0000	0.0000	0.0000	0.0183	0.0049	0.0134	0.0015	0.0014	0.0001	0.0168	0.0035	0.0133	0.1651	0.1419	0.0232	0.0446	0.0420	0.0026	0.1204	0.0999	0.0206	0.6323	0.4470	0.1852	0.3891	0.3246	0.0645	0.2432	0.1224	0.1207	4.8889	14.9011	0.0000	136.5498	128.8019	0.0000	0.0000	0.0000	0.0000	0.0290	0.0111	0.0722	0.0038	0.0043	0.0014	0.0692	0.0289	0.1101
8	96	0.4826	7	0	0	1	1	0	0	0	0	N	N	N	N	N	N	N	N	N	N	N	N	0.0513	0.0374	2.1391	0.4803	0.4351	0.0000	0.0040	0.0000	5.2086	0.0108	0.0114	0.0078	0.0446	0.0473	0.0000	0.0015	0.0000	0.0085	0.2112	0.3043	0.0036	0.0929	0.1087	0.0087	0.3621	0.7268	0.0016	0.1182	0.0054	-0.0008	-0.0612	2.7092	11.9964	11.4516	18.8414	0.0025	0.0022	0.0003	0.0022	0.0022	0.0000	0.0003	0.0000	0.0003	0.1351	0.1344	0.0007	0.0333	0.0328	0.0005	0.1018	0.1016	0.0002	0.2268	0.1935	0.0333	0.0493	0.0465	0.0028	0.1775	0.1470	0.0305	0.6398	0.4417	0.1981	0.3586	0.3019	0.0567	0.2812	0.1398	0.1414	0.0513	0.0374	2.1391	0.4803	0.4351	0.0000	0.0040	0.0000	5.2086	0.2112	0.3043	0.0036	0.0929	0.1087	0.0087	0.3621	0.7268	0.0016
8	98	0.5871	11	1	1	2	1	0	0	0	0	N	N	Y	N	N	N	N	N	N	N	N	N	0.0000	0.0000	0.0000	0.0000	0.0000	0.0000	0.0000	0.0000	0.0000	0.0000	0.0000	0.0000	0.0000	0.0000	0.0000	0.0000	0.0000	0.0000	0.0466	0.0038	0.1503	0.0084	0.0046	0.0259	0.1112	0.0016	0.2290	16.2771	0.0000	0.0079	2.7092	0.9502	11.4516	16.1595	0.0000	0.0000	0.0000	0.0000	0.0000	0.0000	0.0000	0.0000	0.0000	0.0162	0.0009	0.0153	0.0019	0.0008	0.0010	0.0144	0.0001	0.0143	0.0234	0.0204	0.0030	0.0081	0.0077	0.0004	0.0154	0.0127	0.0026	0.3489	0.2471	0.1018	0.2194	0.1800	0.0394	0.1295	0.0670	0.0624	0.0000	0.0000	0.0000	0.0000	0.0000	0.0000	0.0000	0.0000	0.0000	0.0466	0.0038	0.1503	0.0084	0.0046	0.0259	0.1112	0.0016	0.2290	
8	99	0.4826	7	0	1	1	1	0	0	0	0	N	N	N	N	N	N	N	N	N	N	N	N	0.0013	0.0004	1.9894	0.3979	0.4479	0.0000	0.0005	0.0000	4.9643	0.0018	0.0007	0.0078	0.0028	0.0030	0.0000	0.0015	0.0000	0.0085	1.3685	1.9828	0.0039	0.0071	0.0067	0.0093	3.1258	6.3088	0.0017	1.8581	0.0009	0.0001	-0.3664	2.7092	11.9964	11.4516	15.6499	0.0004	0.0001	0.0003	0.0001	0.0001	0.0000	0.0003	0.0000	0.0003	0.8009	0.8002	0.0007	0.0024	0.0019	0.0005	0.7986	0.7984	0.0002	0.2268	0.1935	0.0333	0.0493	0.0465	0.0028	0.1775	0.1470	0.0305	0.5853	0.4036	0.1817	0.3298	0.2770	0.0527	0.2555	0.1265	0.1289	0.0013	0.0004	1.9894	0.3979	0.4479	0.0000	0.0005	0.0000	4.9643	1.3685	1.9828	0.0039	0.0071	0.0067	0.0093	3.1258	6.3088	0.0017
8	100	0.5901	12	1	0	2	1	0	0	0	0	N	N	Y	N	N	N	N	N	N	N	N	N	0.0000	0.0000	0.0000	0.0000	0.0000	0.0000	0.0000	0.0000	0.0000	0.0000	0.0000	0.0000	0.0000	0.0000	0.0000	0.0000	0.0000	0.0000	3.3369	0.0176	22.4941	0.0253	0.0227	0.0370	9.0149	0.0033	39.9707	267.8529	0.0000	0.5491	2.7092	1.0008	11.4516	13.9255	0.0000	0.0000	0.0000	0.0000	0.0000	0.0000	0.0000	0.0000	0.0000	1.0208	0.0038	1.0170	0.0049	0.0036	0.0013	1.0160	0.0002	1.0158	0.0214	0.0185	0.0029	0.0069	0.0064	0.0004	0.0145	0.0120	0.0025	0.3059	0.2158	0.0901	0.1932	0.1586	0.0347	0.1127	0.0573	0.0554	0.0000	0.0000	0.0000	0.0000	0.0000	0.0000	0.0000	0.0000	0.0000	3.3369	0.0176	11.2904	0.0253	0.0227	0.0370	9.0149	0.0033	18.3252	
8	101	0.5871	11	1	0	2	1	0	0	0	0	N	N	Y	N	N	N	N	N	N	N	N	N	0.0000	0.0000	0.0000	0.0000	0.0000	0.0000	0.0000	0.0000	0.0000	0.0000	0.0000	0.0000	0.0000	0.0000	0.0000	0.0000	0.0000	0.0000	0.0357	0.0216	0.0723	0.0367	0.0251	0.0810	0.0332	0.0088	0.0624	1.2847	0.0000	0.0003	2.7092	0.0532	11.4516	2.0467	0.0000	0.0000	0.0000	0.0000	0.0000	0.0000	0.0000	0.0000	0.0000	0.0028	0.0012	0.0016	0.0021	0.0011	0.0009	0.0008	0.0001	0.0006	0.0044	0.0039	0.0004	0.0020	0.0020	0.0000	0.0024	0.0020	0.0004	0.0795	0.0574	0.0221	0.0568	0.0451	0.0117	0.0227	0.0123	0.0103	0.0000	0.0000	0.0000	0.0000	0.0000	0.0000	0.0000	0.0000	0.0000	0.0357	0.0216	0.0723	0.0367	0.0251	0.0810	0.0332	0.0088	0.0624	
8	102	0.5774	10	1	0	2	1	0	0	0	0	N	N	Y	N	N	N	N	N	N	N	N	N	0.0009	0.0008	0.0000	0.0119	0.0144	0.0000	0.0000	0.0000	0.0000	0.0001	0.0002	0.0000	0.0004	0.0004	0.0000	0.0000	0.0000	0.0000	0.1469	0.1937	0.0278	0.0351	0.0306	0.0527	0.3836	0.6936	0.0040	0.0000	0.0564	-0.0000	-0.0087	2.7092	2.0948	11.4516	3.0326	0.0000	0.0000	0.0000	0.0000	0.0000	0.0000	0.0000	0.0000	0.0000	0.0215	0.0204	0.0011	0.0035	0.0024	0.0011	0.0180	0.0179	0.0001	0.0477	0.0413	0.0064	0.0157	0.0148	0.0009	0.0319	0.0265	0.0055	0.1465	0.1051	0.0413	0.0995	0.0793	0.0202	0.0470	0.0259	0.0211	0.0009	0.0008	0.0000	0.0119	0.0144	0.0000	0.0000	0.0000	0.0000	0.1469	0.1937	0.0278	0.0351	0.0306	0.0527	0.3836	0.6936	0.0040
8	103	0.5566	9	1	0	2	1	0	0	0	0	N	N	Y	N	N	N	N	N	N	N	N	N	25.9602	21.3993	0.0000	121.3325	105.1249	0.0000	0.0000	0.0000	0.0000	0.2820	0.3284	0.0000	1.0386	1.1039	0.0000	0.0000	0.0000	0.0000	0.0109	0.0153	0.0004	0.0086	0.0105	0.0001	0.0150	0.0297	0.0005	0.0000	0.0106	-0.0103	-0.0011	2.7092	3.9484	11.4516	4.8420	0.0234	0.0234	0.0000	0.0234	0.0234	0.0000	0.0000	0.0000	0.0000	0.0025	0.0025	0.0000	0.0013	0.0013	0.0000	0.0012	0.0012	0.0000	0.0829	0.0712	0.0117	0.0225	0.0212	0.0013	0.0604	0.0500	0.0104	0.2286	0.1601	0.0685	0.1474	0.1198	0.0276	0.0813	0.0404	0.0409	25.9602	21.3993	0.0000	121.3325	105.1249	0.0000	0.0000	0.0000	0.0000	0.0109	0.0153	0.0004	0.0086	0.0105	0.0001	0.0150	0.0297	0.0005
8	104	0.5150	8	0	1	1	1	0	0	0	0	N	N	N	N	N	N	N	N	N	N	N	N	0.5652	0.4652	0.0000	2.2456	2.0384	0.0000	0.0000	0.0000	0.0000	1.3689	1.5836	0.0000	4.5930	4.8813	0.0000	0.0000	0.0000	0.0000	2.4222	3.4045	0.1427	2.0453	2.3947	0.0135	2.8834	5.4725	0.1900	0.0000	0.0181	-0.1252	-0.9333	2.7092	8.9557	11.4516	32.3127	0.2839	0.2839	0.0000	0.2839	0.2839	0.0000	0.0000	0.0000	0.0000	2.1180	2.0805	0.0376	0.9842	0.9833	0.0010	1.1338	1.0972	0.0366	0.2074	0.1793	0.0281	0.0618	0.0582	0.0037	0.1456	0.1211	0.0245	0.8744	0.6111	0.2633	0.4812	0.4106	0.0706	0.3932	0.2005	0.1927	0.5652	0.4652	0.0000	2.2456	2.0384	0.0000	0.0000	0.0000	0.0000	2.4222	3.4045	0.1427	2.0453	2.3947	0.0135	2.8834	5.4725	0.1900
8	105	0.5404	9	0	0	2	1	0	0	0	0	N	N	Y	N	N	N	N	N	N	N	N	N	27.1116	691.4634	0.0000	1442.8256	1663.7069	0.0000	0.0000	0.0000	0.0000	9.9163	11.6638	0.0000	36.3088	38.0433	0.0000	0.0000	0.0000	0.0000	0.3658	0.0169	1.1299	0.0252	0.0229	0.0396	0.7648	0.0042	1.4672	0.0000	30.5832	-0.4394	0.0536	2.7092	4.2679	11.4516	7.8415	0.9961	0.9961	0.0000	0.9961	0.9961	0.0000	0.0000	0.0000	0.0000	0.1051	0.0033	0.1018	0.0039	0.0031	0.0008	0.1012	0.0003	0.1009	0.1005	0.0854	0.0151	0.0274	0.0262	0.0013	0.0730	0.0592	0.0138	0.2873	0.1972	0.0901	0.1550	0.1337	0.0213	0.1323	0.0635	0.0688	27.1116	691.4634	0.0000	1442.8256	1663.7069	0.0000	0.0000	0.0000	0.0000	0.3658	0.0169	1.1299	0.0252	0.0229	0.0396	0.7648	0.0042	1.4672
8	106	0.5150	8	0	0	1	1	0	0	0	0	N	N	N	N	N	N	N	N	N	N	N	N	79.8830	0.0016	18528.5324	0.0775	0.0034	54.5799	216.6427	0.0000	21002.8978	14.5191	0.0004	119.9843	0.0173	0.0009	0.2735	24.7139	0.0000	150.9636	0.1818	0.2493	0.0065	0.2234	0.2610	0.0050	0.1141	0.2172	0.0072	41340.2666	0.0100	0.5532	-0.0290	2.7092	1.9301	11.4516	9.0954	0.9898	0.0000	0.9898	0.0005	0.0000	0.0005	0.9893	0.0000	0.9893	0.0647	0.0641	0.0006	0.0493	0.0491	0.0002	0.0155	0.0150	0.0005	0.0682	0.0599	0.0082	0.0281	0.0264	0.0017	0.0400	0.0335	0.0066	0.3561	0.2571	0.0990	0.2205	0.1881	0.0324	0.1356	0.0690	0.0666	79.8830	0.0016	18528.5324	0.0775	0.0034	54.5799	216.6427	0.0000	21002.8978	0.1818	0.2493	0.0065	0.2234	0.2610	0.0050	0.1141	0.2172	0.0072
8	107	0.4826	7	0	0	1	1	0	0	0	0	N	N	N	N	N	N	N	N	N	N	N	N	0.0432	0.0035	11.5272	0.0088	0.0077	0.0470	0.2120	0.0045	11.9049	0.0983	0.0115	0.5938	0.0307	0.0324	0.0021	0.1171	0.0049	0.6475	2.2739	3.3108	0.0515	3.4889	4.2286	0.0456	0.5521	1.0878	0.0544	9.0353	0.0073	0.0034	-0.3356	2.7092	3.9049	11.4516	9.6098	0.0075	0.0007	0.0068	0.0005	0.0005	0.0000	0.0070	0.0002	0.0068	0.7439	0.7386	0.0054	0.6692	0.6677	0.0015	0.0747	0.0709	0.0038	0.0764	0.0650	0.0114	0.0166	0.0157	0.0009	0.0598	0.0493	0.0104	0.3272	0.2231	0.1041	0.1918	0.1579	0.0339	0.1353	0.0652	0.0702	0.0432	0.0035	11.5272	0.0088	0.0077	0.0470	0.2120	0.0045	11.9049	2.2739	3.3108	0.0515	3.4889	4.2286	0.0456	0.5521	1.0878	0.0544
8	108	0.5038	9	0	1	1	1	0	0	0	0	N	N	N	N	N	N	N	N	N	N	N	N	431.9449	448.1258	1.0962	42.7858	40.0180	1.1383	359.2945	304.6012	0.9295	6.0853	7.1468	0.0105	0.3152	0.3341	0.0008	8.0338	9.7933	0.0116	0.0141	0.0159	0.0096	0.0074	0.0083	0.0007	0.0224	0.0322	0.0125	0.0003	0.2514	-0.4454	-0.0023	2.7092	8.0392	11.4516	22.6195	1.0104	1.0101	0.0003	0.0132	0.0132	0.0000	0.9972	0.9969	0.0003	0.0091	0.0073	0.0018	0.0026	0.0026	0.0000	0.0065	0.0047	0.0018	0.1660	0.1413	0.0247	0.0419	0.0395	0.0024	0.1241	0.1018	0.0223	0.6461	0.4561	0.1900	0.3565	0.3105	0.0460	0.2896	0.1456	0.1440	431.9449	448.1258	1.0962	42.7858	40.0180	1.1383	359.2945	304.6012	0.9295	0.0141	0.0159	0.0096	0.0074	0.0083	0.0007	0.0224	0.0322	0.0125
8	109	0.5038	8	0	0	1	1	0	0	0	0	N	N	N	N	N	N	N	N	N	N	N	N	4.2529	2.5270	12.8177	4.7442	4.3426	14.9569	4.3638	0.0624	10.0641	0.0572	0.0363	0.1377	0.0703	0.0713	0.0300	0.0481	0.0005	0.1434	0.0135	0.0144	0.0107	0.0148	0.0164	0.0020	0.0110	0.0078	0.0142	0.9867	0.2500	0.0000	-0.0004	2.7092	0.2031	11.4516	2.0398	0.0006	0.0003	0.0003	0.0003	0.0003	0.0000	0.0003	0.0000	0.0003	0.0015	0.0012	0.0003	0.0011	0.0011	0.0000	0.0004	0.0002	0.0003	0.0108	0.0086	0.0022	0.0044	0.0043	0.0001	0.0064	0.0042	0.0021	0.1134	0.0850	0.0284	0.0729	0.0648	0.0081	0.0405	0.0202	0.0203	4.2529	2.5270	12.8177	4.7442	4.3426	14.9569	4.3638	0.0624	10.0641	0.0135	0.0144	0.0107	0.0148	0.0164	0.0020	0.0110	0.0078	0.0142
8	110	0.5175	10	1	0	2	1	0	0	0	0	N	N	Y	N	N	N	N	N	N	N	N	N	0.0000	0.0000	0.0000	0.0000	0.0000	0.0000	0.0000	0.0000	0.0000	0.0000	0.0000	0.0000	0.0000	0.0000	0.0000	0.0040	0.0051	0.0000	0.0057	0.0062	0.0000	0.0004	0.0007	0.0000	0.0000	0.0000	-0.0000	2.7092	0.0001	11.4516	0.0001	0.0000	0.0000	0.0000	0.0000	0.0000	0.0000	0.0000	0.0000	0.0000	0.0000	0.0000	0.0000	0.0000	0.0000	0.0000	0.0000	0.0000	0.0000	0.0019	0.0015	0.0004	0.0009	0.0009	0.0000	0.0009	0.0005	0.0004	0.0001	0.0001	0.0000	0.0001	0.0001	0.0000	0.0000	0.0000	0.0000	0.0000	0.0000	0.0000	0.0000	0.0000	0.0000	0.0000	0.0000	0.0000	0.0040	0.0051	0.0000	0.0057	0.0062	0.0000	0.0004	0.0007	0.0000				
8	111	0.5036	9	1	0	2	1	0	0	0	0	N	N	Y	N	N	N	N	N	N	N	N	N	0.0001	0.0000	2.8535	0.0000	0.0000	0.0000	0.0023	0.0000	4.5327	0.0000	0.0000	0.0001	0.0000	0.0000	0.0000	0.0000	0.0000	0.0001	0.0866	0.1249	0.0000	0.1767	0.1986	0.0000	0.0048	0.0093	0.0000	5.7747	0.0001	0.0000	-0.0048	2.7092	1.6718	11.4516	2.9223	0.0000	0.0000	0.0000	0.0000	0.0000	0.0000	0.0000	0.0000	0.0000	0.0105	0.0105	0.0000	0.0102	0.0102	0.0000	0.0003	0.0003	0.0000	0.0395	0.0341	0.0054	0.0142	0.0130	0.0012	0.0253	0.0211	0.0042	0.1208	0.0838	0.0370	0.0575	0.0512	0.0063	0.0633	0.0326	0.0307	0.0001	0.0000	2.8535	0.0000	0.0000	0.0000	0.0023	0.0000	4.5327	0.0866	0.1249	0.0000	0.1767	0.1986	0.0000	0.0048	0.0093	0.0000
8	112	0.4201	8	1	0	2	1	0	0	0	0	N	N	Y	N	N	N	N	N	N	N	N	N	0.0871	0.0030	108.8414	0.0041	0.0040	0.0091	35.6480	0.0000	232.2942	0.0080	0.0004	0.0586	0.0009	0.0010	0.0000	0.0124	0.0000	0.0768	0.0914	0.1376	0.0005	0.2284	0.2498	0.0024	0.0003	0.0004	0.0003	21.1051	0.0020	0.0013	-0.0200	2.7092	14.0283	11.4516	7.1084	0.0026	0.0001	0.0025	0.0001	0.0001	0.0000	0.0025	0.0000	0.0025	0.0439	0.0438	0.0001	0.0438	0.0437	0.0000	0.0001	0.0001	0.0000	0.3303	0.2874	0.0428	0.1286	0.1185	0.0102	0.2017	0.1690	0.0327	0.4801	0.3182	0.1620	0.1916	0.1751	0.0166	0.2885	0.1431	0.1454	0.0871	0.0030	108.8414	0.0041	0.0040	0.0091	35.6480	0.0000	232.2942	0.0914	0.1376	0.0005	0.2284	0.2498	0.0024	0.0003	0.0004	0.0003
8	113	0.3598	7	0	0	1	1	0	0	0	0	N	N	N	N	N	N	N	N	N	N	N	N	71.6125	2.2205	224.5208	3.4446	3.3835	9.1752	82.3874	1.3701	270.8595	3.7881	0.0421	28.1214	0.0959	0.1022	0.0373	6.0194	0.0033	38.6516	0.0529	0.0190	0.1253	0.0278	0.0302	0.0041	0.0731	0.0024	0.1427	102.7624	3.0954	0.5515	0.0078	2.7092	8.6129	11.4516	5.1709	1.0040	0.0097	0.9944	0.0096	0.0092	0.0004	0.9945	0.0005	0.9940	0.0262	0.0064	0.0198	0.0062	0.0061	0.0001	0.0200	0.0003	0.0197	0.2651	0.2297	0.0354	0.0998	0.0902	0.0096	0.1652	0.1395	0.0257	0.4953	0.3372	0.1581	0.2209	0.2010	0.0199	0.2744	0.1362	0.1382	71.6125	2.2205	224.5208	3.4446	3.3835	9.1752	82.3874	1.3701	270.8595	0.0529	0.0190	0.1253	0.0278	0.0302	0.0041	0.0731	0.0024	0.1427
8	114	0.2647	6	0	0	1	1	0	0	0	0	N	N	N	N	N	N	N	N	N	N	N	N	0.4315	0.2905	2.8357	0.6455	0.6417	0.1436	0.3622	0.0112	3.0922	0.0579	0.0551	0.0749	0.1799	0.1951	0.0013	0.0147	0.0006	0.0875	0.1342	0.1898	0.0264	0.2787	0.3040	0.0093	0.0406	0.0532	0.0283	0.2219	0.0717	-0.0056	-0.0580	2.7092	16.8607	11.4516	22.7724	0.0218	0.0178	0.0040	0.0177	0.0177	0.0000	0.0041	0.0001	0.0039	0.1482	0.1383	0.0099	0.1210	0.1206	0.0003	0.0272	0.0176	0.0096	0.3757	0.3229	0.0528	0.0983	0.0906	0.0077	0.2774	0.2324	0.0451	1.1044	0.7285	0.3758	0.4342	0.3968	0.0374	0.6701	0.3317	0.3384	0.4315	0.2905	2.8357	0.6455	0.6417	0.1436	0.3622	0.0112	3.0922	0.1342	0.1898	0.0264	0.2787	0.3040	0.0093	0.0406	0.0532	0.0283
8	115	0.5628	9	1	0	2	1	0	0	0	0	N	N	Y	N	N	N	N	N	N	N	N	N	0.0000	0.0000	0.0000	0.0000	0.0000	0.0000	0.0000	0.0000	0.0000	0.0000	0.0000	0.0000	0.0000	0.0000	0.0000	0.0000	0.0000	0.0000	0.2434	0.3396	0.0000	0.0083	0.0103	0.0000	0.6899	1.2510	0.0000	0.0000	0.0000	-0.0214	2.7092	1.0009	11.4516	4.0038	0.0000	0.0000	0.0000	0.0000	0.0000	0.0000	0.0000	0.0000	0.0000	0.0466	0.0466	0.0000	0.0010	0.0010	0.0000	0.0456	0.0456	0.0000	0.0223	0.0191	0.0031	0.0059	0.0056	0.0003	0.0164	0.0136	0.0028	0.1917	0.1374	0.0543	0.1255	0.1009	0.0246	0.0661	0.0365	0.0297	0.0000	0.0000	0.0000	0.0000	0.0000	0.0000	0.0000	0.0000	0.0000	0.2434	0.3396	0.0000	0.0083	0.0103	0.0000	0.6899	1.2510	0.0000	
8	116	0.5345	8	1	0	2	1	0	0	0	0	N	N	Y	N	N	N	N	N	N	N	N	N	0.0000	0.0000	0.0008	0.0035	0.0036	0.0000	0.0000	0.0000	0.0007	0.0000	0.0000	0.0000	0.0001	0.0001	0.0000	0.0000	0.0000	0.0000	2.7708	3.9045	0.0536	0.0163	0.0166	0.0148	6.6866	13.2746	0.0703	0.3147	0.0057	-0.0000	-0.3793	2.7092	1.8441	11.4516	10.4794	0.0000	0.0000	0.0000	0.0000	0.0000	0.0000	0.0000	0.0000	0.0000	0.8378	0.8331	0.0048	0.0029	0.0025	0.0004	0.8349	0.8306	0.0044	0.0492	0.0425	0.0067	0.0160	0.0152	0.0007	0.0332	0.0272	0.0060	0.3024	0.2134	0.0890	0.1775	0.1508	0.0267	0.1249	0.0626	0.0623	0.0000	0.0000	0.0008	0.0035	0.0036	0.0000	0.0000	0.0000	0.0007	2.7708	3.9045	0.0536	0.0163	0.0166	0.0148	6.6866	13.2746	0.0703
8	117	0.2465	6	0	1	1	2	0	0	0	0	N	N	N	Y	N	N	N	N	N	N	N	N	0.0920	1.6335	0.0586	0.2434	3.5288	0.0416	0.0213	0.2449	0.0549	0.1115	0.0930	0.2104	0.3525	0.3083	0.8655	0.0215	0.0021	0.1062	1.2114	0.0570	3.5905	1.4485	0.0874	20.8076	1.0115	0.0086	1.9340	0.4218	30.5888	-0.0048	0.7436	2.7092	10.5071	11.4516	20.2622	0.0329	0.0231	0.0098	0.0283	0.0228	0.0055	0.0046	0.0004	0.0043	1.4581	0.0462	1.4119	0.7975	0.0435	0.7541	0.6605	0.0027	0.6579	0.2951	0.2487	0.0464	0.0802	0.0739	0.0064	0.2149	0.1749	0.0400	1.2036	0.8104	0.3932	0.5506	0.4975	0.0531	0.6530	0.3129	0.3401	0.0920	1.6335	0.0586	0.2434	3.5288	0.0609	0.0213	0.2449	0.0549	1.2114	0.0570	3.5905	1.4485	0.0874	14.2019	1.0115	0.0086	1.9340
8	118	0.4826	7	0	1	1	2	0	0	0	0	N	N	N	Y	N	N	N	N	N	N	N	N	0.0152	0.0125	0.0008	0.0000	0.0000	0.0000	0.0092	0.0056	0.0007	0.0027	0.0032	0.0000	0.0000	0.0000	0.0000	0.0034	0.0042	0.0000	0.1764	0.2522	0.0073	0.0215	0.0251	0.0023	0.3742	0.7436	0.0093	0.0003	0.0130	-0.0001	-0.0498	2.7092	4.0036	11.4516	26.5072	0.0002	0.0002	0.0000	0.0000	0.0000	0.0000	0.0002	0.0002	0.0000	0.1117	0.1102	0.0014	0.0076	0.0075	0.0001	0.1040	0.1027	0.0013	0.0782	0.0665	0.0116	0.0170	0.0160	0.0010	0.0611	0.0505	0.0107	0.6332	0.4371	0.1961	0.3551	0.2989	0.0562	0.2780	0.1382	0.1399	0.0152	0.0125	0.0008	0.0000	0.0000	0.0000	0.0092	0.0056	0.0007	0.1764	0.2522	0.0073	0.0215	0.0251	0.0023	0.3742	0.7436	0.0093
8	119	0.5211	8	0	1	1	1	0	0	0	0	N	N	N	N	N	N	N	N	N	N	N	N	0.0026	0.0017	0.0621	0.0035	0.0031	0.0000	0.0046	0.0000	0.0541	0.0001	0.0001	0.0001	0.0001	0.0001	0.0000	0.0000	0.0000	0.0001	0.0245	0.0338	0.0017	0.0387	0.0457	0.0006	0.0046	0.0068	0.0022	0.2658	0.0212	-0.0000	-0.0064	2.7092	3.8169	11.4516	21.2433	0.0000	0.0000	0.0000	0.0000	0.0000	0.0000	0.0000	0.0000	0.0000	0.0146	0.0142	0.0003	0.0134	0.0134	0.0000	0.0011	0.0009	0.0003	0.1047	0.0918	0.0129	0.0388	0.0374	0.0014	0.0659	0.0544	0.0115	0.5949	0.4211	0.1738	0.3465	0.2925	0.0540	0.2484	0.1286	0.1197	0.0026	0.0017	0.0621	0.0035	0.0031	0.0000	0.0046	0.0000	0.0541	0.0245	0.0338	0.0017	0.0387	0.0457	0.0006	0.0046	0.0068	0.0022
8	120	0.1332	4	0	1	1	1	0	0	0	0	N	N	N	N	N	N	N	N	N	N	N	N	2.0541	0.0157	9.2290	0.2922	0.2795	3.1534	1.7693	0.0000	9.7922	2.5201	0.0145	16.4674	0.0576	0.0586	0.0467	3.2478	0.0000	18.7151	1.2269	0.9230	1.7843	0.1973	0.2096	0.0148	1.8357	1.7526	1.9112	203.9609	1.0535	0.5559	0.1228	2.7092	16.3276	11.4516	34.9199	1.0035	0.0049	0.9986	0.0052	0.0049	0.0003	0.9983	0.0000	0.9982	2.2458	1.0936	1.1522	0.1342	0.1336	0.0006	2.1117	0.9601	1.1516	0.3982	0.3375	0.0606	0.0908	0.0835	0.0073	0.3074	0.2540	0.0533	1.8306	1.1848	0.6457	0.6802	0.6370	0.0432	1.1503	0.5478	0.6025	2.0541	0.0157	9.2290	0.2922	0.2795	3.1534	1.7693	0.0000	9.7922	1.2269	0.9230	1.7843	0.1973	0.2096	0.0148	1.8357	1.7526	1.9112
8	121	0.1159	3	0	1	1	1	0	0	0	0	N	N	N	N	N	N	N	N	N	N	N	N	0.1608	0.0999	0.4424	0.3636	0.2886	3.2323	0.0853	0.0018	0.3331	0.0585	0.0346	0.1750	0.1499	0.1227	0.4931	0.0280	0.0004	0.1365	0.3640	0.3462	0.3956	0.4123	0.4252	0.1526	0.3285	0.2121	0.4098	1.0409	0.6417	0.0007	-0.0334	2.7092	6.1757	11.4516	14.5601	0.0105	0.0051	0.0054	0.0067	0.0051	0.0016	0.0038	0.0000	0.0037	0.4946	0.3012	0.1933	0.2370	0.2328	0.0041	0.2576	0.0684	0.1892	0.1794	0.1488	0.0306	0.0449	0.0416	0.0033	0.1345	0.1072	0.0273	1.3587	0.8700	0.4887	0.5747	0.5476	0.0271	0.7840	0.3224	0.4616	0.1608	0.0999	0.4424	0.3636	0.2886	3.2323	0.0853	0.0018	0.3331	0.3640	0.3462	0.3956	0.4123	0.4252	0.1526	0.3285	0.2121	0.4098
8	123	0.5566	9	0	1	1	1	0	0	0	0	N	N	N	N	N	N	N	N	N	N	N	N	0.0580	0.0000	0.1380	0.0001	0.0002	0.0000	0.0362	0.0000	0.1178	0.0031	0.0000	0.0219	0.0000	0.0000	0.0000	0.0042	0.0000	0.0247	0.0533	0.0095	0.1586	0.0142	0.0037	0.0663	0.1173	0.0255	0.2097	13471.5026	6.9108	0.0001	0.0113	2.7092	4.0019	11.4516	19.5615	0.0003	0.0000	0.0003	0.0000	0.0000	0.0000	0.0003	0.0000	0.0003	0.0272	0.0034	0.0237	0.0045	0.0010	0.0035	0.0227	0.0025	0.0202	0.0840	0.0722	0.0119	0.0228	0.0215	0.0014	0.0612	0.0507	0.0105	0.5098	0.3600	0.1497	0.3164	0.2631	0.0534	0.1934	0.0970	0.0964	0.0580	0.0000	0.1380	0.0001	0.0002	0.0000	0.0362	0.0000	0.1178	0.0533	0.0095	0.1586	0.0142	0.0037	0.0663	0.1173	0.0255	0.2097
8	124	0.5345	8	0	0	1	1	0	0	0	0	N	N	N	N	N	N	N	N	N	N	N	N	0.0001	0.0000	0.0557	0.0001	0.0001	0.0000	0.0035	0.0000	0.0438	0.0000	0.0000	0.0001	0.0000	0.0000	0.0000	0.0000	0.0000	0.0001	0.1282	0.1810	0.0010	0.2141	0.2525	0.0000	0.0032	0.0051	0.0014	1.0990	0.0023	0.0000	-0.0144	2.7092	1.2223	11.4516	8.2281	0.0000	0.0000	0.0000	0.0000	0.0000	0.0000	0.0000	0.0000	0.0000	0.0315	0.0314	0.0001	0.0312	0.0312	0.0000	0.0003	0.0003	0.0001	0.0362	0.0314	0.0049	0.0126	0.0120	0.0005	0.0236	0.0193	0.0043	0.2458	0.1737	0.0721	0.1456	0.1235	0.0221	0.1002	0.0502	0.0500	0.0001	0.0000	0.0557	0.0001	0.0001	0.0000	0.0035	0.0000	0.0438	0.1282	0.1810	0.0010	0.2141	0.2525	0.0000	0.0032	0.0051	0.0014
8	125	0.4826	7	0	0	1	1	0	0	0	0	N	N	N	N	N	N	N	N	N	N	N	N	0.0276	0.0227	0.0001	0.2905	0.2599	0.0018	0.0000	0.0000	0.0000	0.0008	0.0009	0.0000	0.0036	0.0038	0.0000	0.0000	0.0000	0.0000	0.0281	0.0401	0.0019	0.0123	0.0145	0.0011	0.0496	0.0993	0.0023	0.0000	0.0217	-0.0000	-0.0051	2.7092	5.9920	11.4516	12.2976	0.0001	0.0001	0.0000	0.0001	0.0001	0.0000	0.0000	0.0000	0.0000	0.0117	0.0115	0.0002	0.0029	0.0029	0.0000	0.0088	0.0086	0.0002	0.1162	0.0989	0.0172	0.0253	0.0238	0.0014	0.0909	0.0751	0.0158	0.4175	0.2863	0.1312	0.2404	0.1999	0.0405	0.1771	0.0864	0.0907	0.0276	0.0227	0.0001	0.2905	0.2599	0.0018	0.0000	0.0000	0.0000	0.0281	0.0401	0.0019	0.0123	0.0145	0.0011	0.0496	0.0993	0.0023
8	126	0.5198	9	0	1	1	1	0	0	0	0	N	N	N	N	N	N	N	N	N	N	N	N	0.0667	0.0558	0.0028	0.1313	0.1214	0.0000	1.3312	1.4752	0.0025	0.1255	0.1476	0.0000	0.4389	0.4646	0.0000	0.0069	0.0085	0.0000	1.8807	2.6448	0.0037	3.3415	3.8257	0.0009	0.0052	0.0058	0.0046	0.0000	0.0006	-0.0060	-0.4333	2.7092	5.0407	11.4516	17.1705	0.0137	0.0137	0.0000	0.0131	0.0131	0.0000	0.0005	0.0005	0.0000	0.9464	0.9459	0.0005	0.9453	0.9453	0.0000	0.0011	0.0006	0.0005	0.1090	0.0926	0.0164	0.0299	0.0283	0.0017	0.0791	0.0644	0.0147	0.5032	0.3576	0.1456	0.2829	0.2471	0.0358	0.2203	0.1106	0.1098	0.0667	0.0558	0.0028	0.1313	0.1214	0.0000	1.3312	1.4752	0.0025	1.8807	2.6448	0.0037	3.3415	3.8257	0.0009	0.0052	0.0058	0.0046
8	127	0.5038	8	0	1	1	1	0	0	0	0	N	N	N	N	N	N	N	N	N	N	N	N	0.4836	0.2398	3.8785	0.5888	0.5481	0.8316	1.1858	0.0458	3.6793	0.0135	0.0083	0.0409	0.0248	0.0258	0.0052	0.0091	0.0002	0.0442	0.0280	0.0347	0.0105	0.0421	0.0471	0.0063	0.0077	0.0033	0.0120	0.9371	0.1169	0.0000	-0.0023	2.7092	1.9703	11.4516	6.2034	0.0006	0.0003	0.0003	0.0003	0.0003	0.0000	0.0003	0.0000	0.0003	0.0066	0.0059	0.0007	0.0058	0.0057	0.0001	0.0007	0.0002	0.0006	0.0467	0.0392	0.0075	0.0131	0.0125	0.0006	0.0336	0.0267	0.0068	0.2344	0.1692	0.0651	0.1380	0.1212	0.0168	0.0964	0.0480	0.0484	0.4836	0.2398	3.8785	0.5888	0.5481	0.8316	1.1858	0.0458	3.6793	0.0280	0.0347	0.0105	0.0421	0.0471	0.0063	0.0077	0.0033	0.0120
8	128	0.4826	7	0	0	1	1	0	0	0	0	N	N	N	N	N	N	N	N	N	N	N	N	0.6662	0.6351	0.0217	2.1730	1.8865	0.0000	0.0182	0.1880	0.0162	0.0144	0.0169	0.0002	0.0649	0.0687	0.0000	0.0002	0.0001	0.0003	0.0216	0.0266	0.0112	0.0298	0.0364	0.0019	0.0090	0.0008	0.0163	0.0025	0.2034	-0.0001	-0.0015	2.7092	1.1032	11.4516	7.8190	0.0003	0.0003	0.0000	0.0003	0.0003	0.0000	0.0000	0.0000	0.0000	0.0051	0.0043	0.0009	0.0043	0.0042	0.0001	0.0008	0.0000	0.0008	0.0220	0.0187	0.0033	0.0048	0.0046	0.0003	0.0172	0.0141	0.0030	0.2370	0.1600	0.0770	0.1431	0.1158	0.0273	0.0940	0.0442	0.0497	0.6662	0.6351	0.0217	2.1730	1.8865	0.0000	0.0182	0.1880	0.0162	0.0216	0.0266	0.0112	0.0298	0.0364	0.0019	0.0090	0.0008	0.0163
8	129	0.1982	5	0	1	1	1	0	0	0	0	N	N	N	N	N	N	N	N	N	N	N	N	0.0002	0.0000	0.0010	0.0000	0.0000	0.0000	0.0003	0.0000	0.0012	0.0000	0.0000	0.0000	0.0000	0.0000	0.0000	0.0000	0.0000	0.0000	0.0049	0.0015	0.0112	0.0020	0.0020	0.0022	0.0078	0.0001	0.0116	inf	3.9997	0.0000	0.0008	2.7092	1.0033	11.4516	0.8635	0.0000	0.0000	0.0000	0.0000	0.0000	0.0000	0.0000	0.0000	0.0000	0.0023	0.0005	0.0019	0.0005	0.0005	0.0000	0.0019	0.0000	0.0019	0.0731	0.0651	0.0080	0.0361	0.0341	0.0020	0.0370	0.0311	0.0059	0.4794	0.3116	0.1678	0.2403	0.2321	0.0082	0.2391	0.0795	0.1596	0.0002	0.0000	0.0010	0.0000	0.0000	0.0000	0.0003	0.0000	0.0012	0.0049	0.0015	0.0112	0.0020	0.0020	0.0022	0.0078	0.0001	0.0116
8	130	0.1689	4	0	0	1	1	0	0	0	0	N	N	N	N	N	N	N	N	N	N	N	N	0.0463	0.1004	0.0546	0.3108	0.2173	2.8309	0.0069	0.0009	0.0206	0.0174	0.0117	0.0482	0.0514	0.0368	0.2671	0.0038	0.0000	0.0195	0.3755	0.1165	0.8827	0.1653	0.1695	0.0944	0.5462	0.0230	0.9466	0.7601	3.8675	-0.0000	0.1316	2.7092	5.5514	11.4516	9.9598	0.0031	0.0017	0.0013	0.0026	0.0017	0.0009	0.0005	0.0000	0.0005	0.3914	0.0804	0.3110	0.0772	0.0747	0.0025	0.3142	0.0057	0.3085	0.1767	0.1492	0.0275	0.0505	0.0473	0.0032	0.1262	0.1018	0.0244	1.0422	0.6899	0.3523	0.4669	0.4405	0.0264	0.5753	0.2494	0.3259	0.0463	0.1004	0.0546	0.3108	0.2173	2.8309	0.0069	0.0009	0.0206	0.3755	0.1165	0.8827	0.1653	0.1695	0.0944	0.5462	0.0230	0.9466
8	132	0.5796	11	1	1	1	2	0	0	0	0	N	N	N	Y	N	N	N	N	N	N	N	N	0.0000	0.0000	0.0000	0.0000	0.0000	0.0000	0.0000	0.0000	0.0000	0.0000	0.0000	0.0000	0.0000	0.0000	0.0000	0.0000	0.0000	0.0004	0.0005	0.0001	0.0006	0.0007	0.0000	0.0001	0.0000	0.0001	0.0776	0.0000	-0.0000	2.7092	1.0000	11.4516	3.0001	0.0000	0.0000	0.0000	0.0000	0.0000	0.0000	0.0000	0.0000	0.0000	0.0000	0.0000	0.0000	0.0000	0.0000	0.0000	0.0000	0.0000	0.0000	0.0206	0.0176	0.0030	0.0054	0.0050	0.0003	0.0152	0.0126	0.0026	0.0831	0.0585	0.0246	0.0474	0.0406	0.0068	0.0357	0.0178	0.0178	0.0000	0.0000	0.0000	0.0000	0.0000	0.0000	0.0000	0.0000	0.0000	0.0004	0.0005	0.0001	0.0006	0.0007	0.0000	0.0001	0.0000	0.0001		
8	133	0.4116	11	1	1	1	2	0	0	0	0	N	N	N	Y	N	N	N	N	N	N	N	N	0.0000	0.0000	0.0000	0.0000	0.0000	0.0000	0.0000	0.0000	0.0000	0.0000	0.0000	0.0000	0.0000	0.0000	0.0000	0.0000	0.0000	0.2609	0.3963	0.0000	0.6641	0.7465	0.0000	0.0000	0.0000	0.0000	0.0000	0.0000	-0.0057	2.7092	0.0006	11.4516	1.9797	0.0000	0.0000	0.0000	0.0000	0.0000	0.0000	0.0000	0.0000	0.0000	0.0124	0.0124	0.0000	0.0124	0.0124	0.0000	0.0000	0.0000	0.0000	0.0000	0.0000	0.0000	0.0000	0.0000	0.0000	0.0000	0.0000	0.0000	0.0476	0.0313	0.0163	0.0187	0.0166	0.0021	0.0289	0.0147	0.0142	0.0000	0.0000	0.0000	0.0000	0.0000	0.0000	0.0000	0.0000	0.0000	0.2609	0.3963	0.0000	0.6641	0.7465	0.0000	0.0000	0.0000	0.0000		
8	134	0.3949	10	1	1	1	2	0	0	0	0	N	N	N	Y	N	N	N	N	N	N	N	N	0.0000	0.0000	0.0000	0.0000	0.0000	0.0000	0.0000	0.0000	0.0000	0.0000	0.0000	0.0000	0.0000	0.0000	0.0000	0.0000	0.0000	0.0000	0.0020	0.0029	0.0002	0.0052	0.0057	0.0013	0.0001	0.0000	0.0001	0.0447	0.0000	-0.0001	2.7092	2.0077	11.4516	6.0321	0.0000	0.0000	0.0000	0.0000	0.0000	0.0000	0.0000	0.0000	0.0000	0.0004	0.0003	0.0000	0.0003	0.0003	0.0000	0.0000	0.0000	0.0000	0.0434	0.0371	0.0063	0.0127	0.0115	0.0012	0.0307	0.0256	0.0051	0.1760	0.1141	0.0619	0.0668	0.0589	0.0079	0.1092	0.0552	0.0540	0.0000	0.0000	0.0000	0.0000	0.0000	0.0000	0.0000	0.0000	0.0000	0.0020	0.0029	0.0002	0.0052	0.0057	0.0013	0.0001	0.0000	0.0001	
8	135	0.3901	10	0	1	1	2	0	0	0	0	N	N	N	Y	N	N	N	N	N	N	N	N	0.0016	0.0000	0.0072	0.0000	0.0000	0.0000	0.0026	0.0000	0.0076	0.0000	0.0000	0.0001	0.0000	0.0000	0.0000	0.0000	0.0000	0.0001	0.0060	0.0044	0.0089	0.0072	0.0081	0.0002	0.0051	0.0000	0.0101	inf	1.0725	0.0000	0.0001	2.7092	3.0348	11.4516	9.3583	0.0000	0.0000	0.0000	0.0000	0.0000	0.0000	0.0000	0.0000	0.0000	0.0019	0.0009	0.0010	0.0009	0.0009	0.0000	0.0010	0.0000	0.0010	0.0666	0.0567	0.0099	0.0188	0.0171	0.0017	0.0478	0.0396	0.0082	0.3134	0.2050	0.1084	0.1246	0.1112	0.0134	0.1889	0.0938	0.0950	0.0016	0.0000	0.0072	0.0000	0.0000	0.0000	0.0026	0.0000	0.0076	0.0060	0.0044	0.0089	0.0072	0.0081	0.0002	0.0051	0.0000	0.0101
8	136	0.3758	9	0	0	1	2	0	0	0	0	N	N	N	Y	N	N	N	N	N	N	N	N	0.0078	0.0573	0.0085	0.0816	0.0868	0.0000	0.0035	0.0000	0.0090	0.0010	0.0007	0.0031	0.0018	0.0020	0.0000	0.0007	0.0000	0.0036	0.1346	0.0117	0.3643	0.0223	0.0225	0.0200	0.1995	0.0004	0.3989	0.8452	16.6061	0.0000	0.0099	2.7092	0.0433	11.4516	6.6805	0.0000	0.0000	0.0000	0.0000	0.0000	0.0000	0.0000	0.0000	0.0000	0.0205	0.0012	0.0193	0.0012	0.0011	0.0001	0.0192	0.0000	0.0192	0.0011	0.0009	0.0002	0.0003	0.0003	0.0000	0.0008	0.0006	0.0001	0.1521	0.0991	0.0530	0.0557	0.0508	0.0048	0.0964	0.0482	0.0482	0.0078	0.0573	0.0085	0.0816	0.0868	0.0000	0.0035	0.0000	0.0090	0.1346	0.0117	0.3643	0.0223	0.0225	0.0200	0.1995	0.0004	0.3989
8	137	0.6092	13	0	1	1	2	0	0	0	0	N	N	N	Y	N	N	N	N	N	N	N	N	0.0000	0.0000	0.0000	0.0000	0.0000	0.0000	0.0000	0.0000	0.0000	0.0000	0.0000	0.0000	0.0000	0.0000	0.0000	0.0000	0.0000	0.0000	0.0000	0.0000	2.7092	0.0000	11.4516	0.0000	0.0000	0.0000	0.0000	0.0000	0.0000	0.0000	0.0000	0.0000	0.0000	0.0000	0.0000	0.0000	0.0000	0.0000	0.0000	0.0000	0.0000	0.0000	0.0000	0.0000	0.0000	0.0000	0.0000	0.0000	0.0000	0.0000	0.0000	0.0000	0.0000	0.0000	0.0000	0.0000	0.0000	0.0000	0.0000	0.0000	0.0000	0.0000	0.0000	0.0000	0.0000	0.0000	0.0000	0.0000	0.0000	0.0000	0.0000	0.0000	0.0000	0.0000	0.0000	0.0000	0.0000	0.0000											
8	138	0.6041	12	0	1	1	2	0	0	0	0	N	N	N	Y	N	N	N	N	N	N	N	N	0.0000	0.0000	0.0000	0.0000	0.0000	0.0000	0.0000	0.0000	0.0000	0.0000	0.0000	0.0000	0.0000	0.0002	0.0000	0.0007	0.0000	0.0000	0.0000	0.0004	0.0000	0.0009	inf	0.0000	0.0000	2.7092	0.0021	11.4516	2.0000	0.0000	0.0000	0.0000	0.0000	0.0000	0.0000	0.0000	0.0000	0.0000	0.0000	0.0000	0.0000	0.0000	0.0000	0.0000	0.0000	0.0000	0.0000	0.0001	0.0001	0.0000	0.0001	0.0001	0.0000	0.0000	0.0000	0.0000	0.0412	0.0284	0.0129	0.0220	0.0190	0.0030	0.0193	0.0094	0.0099	0.0000	0.0000	0.0000	0.0000	0.0000	0.0000	0.0000	0.0000	0.0000	0.0002	0.0000	0.0007	0.0000	0.0000	0.0000	0.0004	0.0000	0.0009						
8	139	0.5939	11	0	0	1	2	0	0	0	0	N	N	N	Y	N	N	N	N	N	N	N	N	0.0000	0.0000	0.0000	0.0000	0.0000	0.0000	0.0000	0.0000	0.0000	0.0000	0.0000	0.0000	0.0000	0.0000	0.0000	0.0000	0.0000	0.0000	0.2381	0.0002	0.7949	0.0002	0.0002	0.0000	0.5259	0.0000	1.0596	2134.7940	0.0000	0.0109	2.7092	1.0020	11.4516	3.0181	0.0000	0.0000	0.0000	0.0000	0.0000	0.0000	0.0000	0.0000	0.0000	0.0201	0.0000	0.0201	0.0000	0.0000	0.0000	0.0201	0.0000	0.0201	0.0207	0.0177	0.0030	0.0053	0.0050	0.0003	0.0153	0.0127	0.0027	0.0843	0.0591	0.0252	0.0462	0.0399	0.0063	0.0382	0.0192	0.0189	0.0000	0.0000	0.0000	0.0000	0.0000	0.0000	0.0000	0.0000	0.0000	0.2381	0.0002	0.7949	0.0002	0.0002	0.0000	0.5259	0.0000	1.0596	
8	140	0.5796	11	0	1	1	1	0	0	0	0	N	N	N	N	N	N	N	N	N	N	N	N	0.0000	0.0000	0.0000	0.0000	0.0000	0.0000	0.0000	0.0000	0.0000	0.0000	0.0000	0.0000	0.0000	0.0000	0.0000	0.0000	0.0000	0.0001	0.0000	0.0000	0.0000	0.0001	0.0000	0.0001	inf	0.0000	0.0000	2.7092	0.0000	11.4516	4.0001	0.0000	0.0000	0.0000	0.0000	0.0000	0.0000	0.0000	0.0000	0.0000	0.0000	0.0000	0.0000	0.0000	0.0000	0.0000	0.0000	0.0000	0.0000	0.0000	0.0000	0.0000	0.0000	0.0000	0.0000	0.0000	0.0000	0.0000	0.0831	0.0585	0.0246	0.0474	0.0406	0.0068	0.0357	0.0178	0.0178	0.0000	0.0000	0.0000	0.0000	0.0000	0.0000	0.0000	0.0000	0.0000	0.0000	0.0000	0.0001	0.0000	0.0000	0.0000	0.0001	0.0000	0.0001				
8	141	0.3903	9	0	1	1	1	0	0	0	0	N	N	N	N	N	N	N	N	N	N	N	N	0.0001	0.0000	0.0000	0.0001	0.0001	0.0000	0.0000	0.0000	0.0000	0.0000	0.0000	0.0000	0.0000	0.0000	0.0000	0.0000	0.0000	0.0000	0.1309	0.2014	0.0002	0.3019	0.3433	0.0001	0.0234	0.0462	0.0002	0.0000	0.0005	-0.0000	-0.0081	2.7092	1.0003	11.4516	5.0186	0.0000	0.0000	0.0000	0.0000	0.0000	0.0000	0.0000	0.0000	0.0000	0.0178	0.0177	0.0000	0.0158	0.0158	0.0000	0.0019	0.0019	0.0000	0.0217	0.0185	0.0031	0.0063	0.0057	0.0006	0.0153	0.0128	0.0026	0.1356	0.0881	0.0476	0.0523	0.0460	0.0063	0.0833	0.0421	0.0412	0.0001	0.0000	0.0000	0.0001	0.0001	0.0000	0.0000	0.0000	0.0000	0.1309	0.2014	0.0002	0.3019	0.3433	0.0001	0.0234	0.0462	0.0002
8	142	0.5939	11	0	0	2	2	0	0	0	0	N	N	Y	Y	N	N	N	N	N	N	N	N	0.0000	0.0000	0.0000	0.0000	0.0000	0.0000	0.0000	0.0000	0.0000	0.0000	0.0000	0.0000	0.0000	0.0000	0.0000	0.0000	0.0000	0.0020	0.0026	0.0005	0.0014	0.0016	0.0000	0.0026	0.0045	0.0007	0.0902	0.0000	-0.0001	2.7092	0.0001	11.4516	9.0026	0.0000	0.0000	0.0000	0.0000	0.0000	0.0000	0.0000	0.0000	0.0000	0.0004	0.0003	0.0000	0.0001	0.0001	0.0000	0.0002	0.0002	0.0000	0.0000	0.0000	0.0000	0.0000	0.0000	0.0000	0.0000	0.0000	0.0000	0.1843	0.1292	0.0551	0.1007	0.0869	0.0138	0.0836	0.0423	0.0413	0.0000	0.0000	0.0000	0.0000	0.0000	0.0000	0.0000	0.0000	0.0000	0.0020	0.0026	0.0005	0.0014	0.0016	0.0000	0.0026	0.0045	0.0007		
8	143	0.3758	9	0	0	2	2	0	0	0	0	N	N	Y	Y	N	N	N	N	N	N	N	N	0.0000	0.0000	0.2536	0.0000	0.0000	0.0000	0.0911	0.0000	0.2806	0.0000	0.0000	0.0001	0.0000	0.0000	0.0000	0.0000	0.0000	0.0001	0.3098	0.4757	0.0003	0.8478	0.9290	0.0000	0.0002	0.0000	0.0004	inf	0.0004	0.0000	-0.0317	2.7092	2.0061	11.4516	8.0425	0.0000	0.0000	0.0000	0.0000	0.0000	0.0000	0.0000	0.0000	0.0000	0.0692	0.0692	0.0000	0.0692	0.0692	0.0000	0.0000	0.0000	0.0000	0.0430	0.0367	0.0064	0.0119	0.0108	0.0011	0.0312	0.0259	0.0053	0.2233	0.1454	0.0779	0.0816	0.0745	0.0071	0.1417	0.0710	0.0708	0.0000	0.0000	0.2536	0.0000	0.0000	0.0000	0.0911	0.0000	0.2806	0.3098	0.4757	0.0003	0.8478	0.9290	0.0000	0.0002	0.0000	0.0004
8	144	0.3667	8	0	0	1	2	0	0	0	0	N	N	N	Y	N	N	N	N	N	N	N	N	52.5575	0.0000	268.6153	0.1810	0.0000	37.9685	104.4723	0.0000	297.1469	0.2945	0.0000	2.0290	0.0014	0.0000	0.0176	0.4216	0.0000	2.4449	0.0056	0.0047	0.0076	0.0080	0.0086	0.0005	0.0040	0.0001	0.0082	5884930.4708	0.7548	0.0075	-0.0000	2.7092	1.9550	11.4516	2.1189	0.0134	0.0000	0.0134	0.0000	0.0000	0.0000	0.0134	0.0000	0.0134	0.0006	0.0004	0.0003	0.0004	0.0004	0.0000	0.0003	0.0000	0.0003	0.0454	0.0388	0.0066	0.0137	0.0126	0.0011	0.0317	0.0262	0.0055	0.1157	0.0788	0.0369	0.0457	0.0424	0.0032	0.0701	0.0363	0.0337	52.5575	0.0000	268.6153	0.1810	0.0000	37.9685	104.4723	0.0000	297.1469	0.0056	0.0047	0.0076	0.0080	0.0086	0.0005	0.0040	0.0001	0.0082
8	145	0.3667	8	0	0	2	2	0	0	0	0	N	N	Y	Y	N	N	N	N	N	N	N	N	0.0767	0.0619	0.0000	0.0987	0.0988	0.0000	0.0000	0.0000	0.0000	0.0022	0.0025	0.0000	0.0072	0.0079	0.0000	0.0000	0.0000	0.0000	0.0284	0.0411	0.0038	0.0732	0.0797	0.0021	0.0020	0.0000	0.0040	0.0000	0.0480	-0.0000	-0.0054	2.7092	2.1261	11.4516	18.6477	0.0001	0.0001	0.0000	0.0001	0.0001	0.0000	0.0000	0.0000	0.0000	0.0131	0.0125	0.0006	0.0125	0.0125	0.0000	0.0006	0.0000	0.0006	0.0491	0.0419	0.0071	0.0148	0.0136	0.0012	0.0343	0.0284	0.0059	0.4604	0.3031	0.1572	0.1706	0.1562	0.0144	0.2897	0.1469	0.1428	0.0767	0.0619	0.0000	0.0987	0.0988	0.0000	0.0000	0.0000	0.0000	0.0284	0.0411	0.0038	0.0732	0.0797	0.0021	0.0020	0.0000	0.0040
8	146	0.5939	11	0	0	2	2	0	0	0	0	N	N	Y	Y	N	N	N	N	N	N	N	N	109.6263	89.8094	0.0000	231.9537	213.2827	0.0000	0.0000	0.0000	0.5693	0.6653	0.0000	2.2029	2.3476	0.0000	0.0000	0.0000	0.0000	0.0052	0.0074	0.0000	0.0095	0.0110	0.0000	0.0000	0.0000	0.0000	0.0000	0.0000	-0.0103	-0.0004	2.7092	2.0001	11.4516	5.9880	0.0234	0.0234	0.0000	0.0234	0.0234	0.0000	0.0000	0.0000	0.0000	0.0009	0.0009	0.0000	0.0009	0.0009	0.0000	0.0000	0.0000	0.0000	0.0411	0.0351	0.0059	0.0106	0.0100	0.0007	0.0305	0.0252	0.0053	0.1643	0.1151	0.0491	0.0898	0.0775	0.0123	0.0744	0.0376	0.0368	109.6263	89.8094	0.0000	231.9537	213.2827	0.0000	0.0000	0.0000	0.0000	0.0052	0.0074	0.0000	0.0095	0.0110	0.0000	0.0000	0.0000	0.0000	
8	147	0.5939	11	0	0	2	2	0	0	0	0	N	N	Y	Y	N	N	N	N	N	N	N	N	0.0195	0.0000	0.0709	0.0000	0.0000	0.0000	0.0287	0.0000	0.0825	0.0018	0.0000	0.0129	0.0000	0.0000	0.0000	0.0025	0.0000	0.0145	0.0943	0.0572	0.1816	0.1011	0.0852	0.2001	0.0863	0.0013	0.1754	inf	1.3502	0.0002	0.0066	2.7092	9.0001	11.4516	23.0169	0.0003	0.0000	0.0003	0.0000	0.0000	0.0000	0.0003	0.0000	0.0003	0.0566	0.0241	0.0325	0.0329	0.0239	0.0090	0.0238	0.0002	0.0236	0.1796	0.1540	0.0256	0.0463	0.0435	0.0028	0.1333	0.1105	0.0228	0.6005	0.4213	0.1792	0.3252	0.2804	0.0448	0.2753	0.1409	0.1344	0.0195	0.0000	0.0709	0.0000	0.0000	0.0000	0.0287	0.0000	0.0825	0.0943	0.0572	0.1816	0.1011	0.0852	0.2001	0.0863	0.0013	0.1754
8	148	0.5686	10	0	0	1	2	0	0	0	0	N	N	N	Y	N	N	N	N	N	N	N	N	0.0000	0.0000	0.0000	0.0000	0.0000	0.0000	0.0000	0.0000	0.0000	0.0000	0.0000	0.0000	0.0001	0.0001	0.0000	0.0000	0.0000	0.0000	4.5899	7.1947	0.0026	12.7911	13.9522	0.0034	0.0021	0.0019	0.0023	0.0000	0.0002	-0.0000	-0.4272	2.7092	1.9990	11.4516	7.9526	0.0000	0.0000	0.0000	0.0000	0.0000	0.0000	0.0000	0.0000	0.0000	0.9325	0.9323	0.0002	0.9323	0.9322	0.0001	0.0002	0.0001	0.0001	0.0413	0.0353	0.0059	0.0108	0.0102	0.0007	0.0304	0.0251	0.0053	0.2215	0.1563	0.0653	0.1282	0.1096	0.0186	0.0934	0.0467	0.0467	0.0000	0.0000	0.0000	0.0000	0.0000	0.0000	0.0000	0.0000	0.0000	4.2092	5.9661	0.0026	7.2739	8.5071	0.0034	0.0021	0.0019	0.0023
8	149	0.5367	9	1	1	1	1	0	0	0	0	N	N	N	N	N	N	N	N	N	N	N	N	0.0002	0.0002	0.0001	0.0005	0.0004	0.0000	0.0000	0.0000	0.0001	0.0004	0.0005	0.0000	0.0014	0.0015	0.0000	0.0000	0.0000	0.0000	1.8215	2.5950	0.0400	3.0605	3.6945	0.0259	0.0755	0.1024	0.0471	0.0012	0.0067	-0.0000	-0.4427	2.7092	5.3497	11.4516	17.2225	0.0001	0.0001	0.0000	0.0001	0.0001	0.0000	0.0000	0.0000	0.0000	0.9800	0.9735	0.0065	0.9631	0.9617	0.0014	0.0169	0.0118	0.0051	0.1268	0.1086	0.0182	0.0353	0.0337	0.0016	0.0915	0.0749	0.0167	0.5380	0.3751	0.1629	0.3147	0.2603	0.0544	0.2233	0.1148	0.1085	0.0002	0.0002	0.0001	0.0005	0.0004	0.0000	0.0000	0.0000	0.0001	1.8215	2.5950	0.0400	3.0605	3.6945	0.0259	0.0755	0.1024	0.0471
8	150	0.5675	10	0	1	1	1	0	0	0	0	N	N	N	N	N	N	N	N	N	N	N	N	0.0001	0.0003	0.0001	0.0001	0.0005	0.0001	0.0189	0.0006	0.0899	0.0001	0.0000	0.0007	0.0002	0.0000	0.0034	0.0001	0.0000	0.0004	1.6603	0.0565	5.5436	2.7933	0.0786	27.7324	0.0040	0.0035	0.0045	6.5955	40.4982	0.0000	0.4967	2.7092	3.6794	11.4516	17.4287	0.0000	0.0000	0.0000	0.0000	0.0000	0.0000	0.0000	0.0000	0.0000	0.9598	0.0231	0.9367	0.9589	0.0227	0.9362	0.0009	0.0004	0.0005	0.1098	0.0953	0.0145	0.0375	0.0361	0.0014	0.0723	0.0592	0.0131	0.5781	0.4091	0.1690	0.3433	0.2888	0.0545	0.2348	0.1203	0.1145	0.0001	0.0003	0.0001	0.0001	0.0005	0.0002	0.0189	0.0006	0.0899	1.6603	0.0565	5.5436	2.7933	0.0786	17.1804	0.0040	0.0035	0.0045
8	151	0.5367	9	0	1	1	1	0	0	0	0	N	N	N	N	N	N	N	N	N	N	N	N	0.0433	0.0442	0.0010	0.0132	0.0148	0.0000	0.0340	0.0265	0.0011	0.0025	0.0029	0.0000	0.0004	0.0004	0.0000	0.0034	0.0041	0.0000	0.0575	0.0655	0.0388	0.0311	0.0288	0.0408	0.0990	0.1563	0.0376	0.0022	0.2546	-0.0001	-0.0055	2.7092	3.4464	11.4516	10.1316	0.0002	0.0002	0.0000	0.0000	0.0000	0.0000	0.0002	0.0002	0.0000	0.0216	0.0172	0.0044	0.0071	0.0054	0.0017	0.0144	0.0118	0.0026	0.0892	0.0765	0.0128	0.0266	0.0256	0.0010	0.0626	0.0509	0.0117	0.3748	0.2621	0.1127	0.2290	0.1867	0.0423	0.1458	0.0754	0.0704	0.0433	0.0442	0.0010	0.0132	0.0148	0.0000	0.0340	0.0265	0.0011	0.0575	0.0655	0.0388	0.0311	0.0288	0.0408	0.0990	0.1563	0.0376
8	152	0.3971	11	1	1	1	1	0	0	0	0	N	N	N	N	N	N	N	N	N	N	N	N	0.0000	0.0000	0.0000	0.0000	0.0000	0.0000	0.0000	0.0000	0.0000	0.0000	0.0000	0.0000	0.0000	0.0000	0.0000	0.0000	0.0000	0.0000	0.1193	0.0628	0.2240	0.1077	0.1216	0.0034	0.1265	0.0001	0.2563	1.9242	0.0000	0.0067	2.7092	1.0143	11.4516	12.0086	0.0000	0.0000	0.0000	0.0000	0.0000	0.0000	0.0000	0.0000	0.0000	0.0334	0.0114	0.0220	0.0115	0.0114	0.0000	0.0220	0.0000	0.0219	0.0223	0.0190	0.0032	0.0066	0.0060	0.0006	0.0157	0.0130	0.0026	0.2800	0.1819	0.0982	0.1064	0.0939	0.0125	0.1736	0.0880	0.0856	0.0000	0.0000	0.0000	0.0000	0.0000	0.0000	0.0000	0.0000	0.0000	0.1193	0.0628	0.2240	0.1077	0.1216	0.0034	0.1265	0.0001	0.2563	
8	153	0.3949	10	1	1	1	1	0	0	0	0	N	N	N	N	N	N	N	N	N	N	N	N	0.0000	0.0000	0.0000	0.0000	0.0000	0.0000	0.0000	0.0000	0.0000	0.0000	0.0000	0.0000	0.0000	0.0000	0.0000	0.0000	0.0000	0.0000	0.0017	0.0006	0.0038	0.0010	0.0010	0.0005	0.0022	0.0002	0.0043	3.3861	0.0000	0.0000	2.7092	0.9811	11.4516	0.0216	0.0000	0.0000	0.0000	0.0000	0.0000	0.0000	0.0000	0.0000	0.0000	0.0000	0.0000	0.0000	0.0000	0.0000	0.0000	0.0000	0.0000	0.0000	0.0214	0.0183	0.0031	0.0063	0.0057	0.0006	0.0151	0.0126	0.0025	0.0227	0.0147	0.0080	0.0086	0.0076	0.0010	0.0141	0.0071	0.0070	0.0000	0.0000	0.0000	0.0000	0.0000	0.0000	0.0000	0.0000	0.0000	0.0017	0.0006	0.0038	0.0010	0.0010	0.0005	0.0022	0.0002	0.0043	
8	154	0.3903	9	1	1	1	1	0	0	0	0	N	N	N	N	N	N	N	N	N	N	N	N	0.0071	0.1723	0.0000	0.3064	1.9973	0.0000	0.0000	0.0000	0.0000	0.0008	0.0009	0.0000	0.0022	0.0024	0.0000	0.0000	0.0000	0.0000	0.1056	0.0051	0.2934	0.0072	0.0012	0.0495	0.1701	0.0095	0.3334	0.0000	30.7872	-0.0000	0.0026	2.7092	0.0083	11.4516	2.0001	0.0000	0.0000	0.0000	0.0000	0.0000	0.0000	0.0000	0.0000	0.0000	0.0051	0.0002	0.0049	0.0001	0.0000	0.0001	0.0049	0.0001	0.0048	0.0002	0.0002	0.0000	0.0001	0.0001	0.0000	0.0001	0.0001	0.0000	0.0479	0.0312	0.0167	0.0190	0.0166	0.0024	0.0290	0.0146	0.0144	0.0071	0.1723	0.0000	0.3064	1.9973	0.0000	0.0000	0.0000	0.0000	0.1056	0.0051	0.2934	0.0072	0.0012	0.0495	0.1701	0.0095	0.3334
8	155	0.3667	8	0	1	1	1	0	0	0	0	N	N	N	N	N	N	N	N	N	N	N	N	0.0055	0.0043	0.0019	0.6840	0.9002	0.0000	0.0000	0.0000	0.0035	0.0022	0.0026	0.0000	0.0075	0.0082	0.0000	0.0000	0.0000	0.0000	0.4058	0.6070	0.0073	0.0110	0.0091	0.0324	0.6452	1.2617	0.0049	0.0009	0.0061	-0.0001	-0.0459	2.7092	2.9180	11.4516	7.4065	0.0001	0.0001	0.0000	0.0001	0.0001	0.0000	0.0000	0.0000	0.0000	0.1015	0.1009	0.0006	0.0010	0.0008	0.0002	0.1005	0.1001	0.0004	0.0658	0.0563	0.0095	0.0196	0.0179	0.0017	0.0463	0.0384	0.0079	0.2501	0.1662	0.0839	0.0944	0.0869	0.0075	0.1557	0.0793	0.0764	0.0055	0.0043	0.0019	0.6840	0.9002	0.0000	0.0000	0.0000	0.0035	0.4058	0.6070	0.0073	0.0110	0.0091	0.0324	0.6452	1.2617	0.0049
8	156	0.3009	7	0	0	1	1	0	0	0	0	N	N	N	N	N	N	N	N	N	N	N	N	0.0016	0.0268	0.0018	0.0292	0.0862	0.0001	0.0008	0.0069	0.0020	0.0021	0.0014	0.0065	0.0025	0.0027	0.0001	0.0018	0.0006	0.0078	1.2667	0.0535	3.5187	0.0866	0.0311	0.6452	2.1370	0.0863	3.8720	0.6317	35.4232	-0.0000	0.6022	2.7092	8.2479	11.4516	19.7214	0.0005	0.0003	0.0002	0.0002	0.0002	0.0000	0.0003	0.0001	0.0002	1.1711	0.0322	1.1390	0.0340	0.0111	0.0229	1.1371	0.0210	1.1161	0.2574	0.2257	0.0317	0.0962	0.0905	0.0057	0.1612	0.1352	0.0260	0.9246	0.6009	0.3237	0.3925	0.3570	0.0354	0.5321	0.2439	0.2882	0.0016	0.0268	0.0018	0.0292	0.0862	0.0001	0.0008	0.0069	0.0020	1.2667	0.0535	3.5187	0.0866	0.0311	0.6452	2.1370	0.0863	3.8720
8	157	0.2647	6	0	0	1	1	0	0	0	0	N	N	N	N	N	N	N	N	N	N	N	N	0.0044	0.0187	0.0024	0.0367	0.0330	0.1334	0.0013	0.0124	0.0015	0.0043	0.0040	0.0062	0.0097	0.0091	0.0186	0.0021	0.0016	0.0042	0.9943	0.2156	2.5557	0.2650	0.2762	0.1392	1.5266	0.1317	2.8357	0.2462	5.9130	-0.0002	0.3137	2.7092	7.4725	11.4516	14.3153	0.0008	0.0007	0.0002	0.0006	0.0005	0.0001	0.0003	0.0002	0.0001	0.7903	0.1143	0.6760	0.0889	0.0850	0.0038	0.7014	0.0293	0.6721	0.1955	0.1687	0.0268	0.0578	0.0540	0.0038	0.1377	0.1148	0.0230	0.7948	0.5303	0.2645	0.3353	0.3079	0.0275	0.4595	0.2225	0.2370	0.0044	0.0187	0.0024	0.0367	0.0330	0.1334	0.0013	0.0124	0.0015	0.9943	0.2156	2.5557	0.2650	0.2762	0.1392	1.5266	0.1317	2.8357
8	158	0.1992	5	0	0	1	1	0	0	0	0	N	N	N	N	N	N	N	N	N	N	N	N	0.0772	0.1079	0.0177	0.3030	0.3087	0.1157	0.0038	0.0001	0.0147	0.0158	0.0177	0.0050	0.0589	0.0631	0.0087	0.0008	0.0000	0.0045	0.2042	0.1637	0.2849	0.1945	0.2043	0.0747	0.2107	0.1134	0.3058	0.0501	0.8750	-0.0019	0.0019	2.7092	11.6653	11.4516	19.4910	0.0048	0.0045	0.0002	0.0046	0.0045	0.0001	0.0002	0.0000	0.0002	0.2260	0.1205	0.1055	0.0857	0.0832	0.0025	0.1403	0.0373	0.1030	0.3019	0.2568	0.0452	0.0778	0.0719	0.0059	0.2242	0.1849	0.0393	1.1067	0.7365	0.3702	0.4407	0.4073	0.0334	0.6660	0.3292	0.3368	0.0772	0.1079	0.0177	0.3030	0.3087	0.1157	0.0038	0.0001	0.0147	0.2042	0.1637	0.2849	0.1945	0.2043	0.0747	0.2107	0.1134	0.3058
8	161	0.5872	13	1	1	1	1	0	0	0	0	N	N	N	N	N	N	N	N	N	N	N	N	0.0000	0.0000	0.0000	0.0000	0.0000	0.0000	0.0000	0.0000	0.0000	0.0000	0.0000	0.0000	0.0000	0.0000	0.0000	0.0000	0.0000	0.0000	0.0024	0.0011	0.0055	0.0018	0.0016	0.0033	0.0031	0.0000	0.0063	2.0686	0.0000	0.0000	2.7092	0.0002	11.4516	3.0099	0.0000	0.0000	0.0000	0.0000	0.0000	0.0000	0.0000	0.0000	0.0000	0.0002	0.0000	0.0001	0.0001	0.0000	0.0000	0.0001	0.0000	0.0001	0.0000	0.0000	0.0000	0.0000	0.0000	0.0000	0.0000	0.0000	0.0000	0.0638	0.0450	0.0188	0.0364	0.0312	0.0051	0.0274	0.0138	0.0137	0.0000	0.0000	0.0000	0.0000	0.0000	0.0000	0.0000	0.0000	0.0000	0.0024	0.0011	0.0055	0.0018	0.0016	0.0033	0.0031	0.0000	0.0063	
8	162	0.5796	12	1	1	1	1	0	0	0	0	N	N	N	N	N	N	N	N	N	N	N	N	0.0000	0.0000	0.0000	0.0000	0.0000	0.0000	0.0000	0.0000	0.0000	0.0000	0.0000	0.0000	0.0000	0.0000	0.0000	0.0000	0.0000	0.0017	0.0023	0.0003	0.0029	0.0034	0.0001	0.0002	0.0000	0.0003	0.0494	0.0000	-0.0000	2.7092	0.9998	11.4516	2.0118	0.0000	0.0000	0.0000	0.0000	0.0000	0.0000	0.0000	0.0000	0.0000	0.0001	0.0001	0.0000	0.0001	0.0001	0.0000	0.0000	0.0000	0.0000	0.0206	0.0176	0.0030	0.0054	0.0050	0.0003	0.0152	0.0126	0.0026	0.0628	0.0442	0.0186	0.0359	0.0307	0.0051	0.0269	0.0135	0.0135	0.0000	0.0000	0.0000	0.0000	0.0000	0.0000	0.0000	0.0000	0.0000	0.0017	0.0023	0.0003	0.0029	0.0034	0.0001	0.0002	0.0000	0.0003		
8	163	0.5796	11	1	1	1	1	0	0	0	0	N	N	N	N	N	N	N	N	N	N	N	N	0.0000	0.0000	0.0000	0.0000	0.0000	0.0000	0.0000	0.0000	0.0000	0.0000	0.0000	0.0000	0.0000	0.0000	0.0000	0.0000	0.0000	0.2720	0.2502	0.3362	0.3762	0.3757	0.3838	0.1547	0.0000	0.3293	0.4545	0.0000	-0.0000	2.7092	0.0000	11.4516	0.0003	0.0000	0.0000	0.0000	0.0000	0.0000	0.0000	0.0000	0.0000	0.0000	0.0000	0.0000	0.0000	0.0000	0.0000	0.0000	0.0000	0.0000	0.0000	0.0000	0.0000	0.0000	0.0000	0.0000	0.0000	0.0000	0.0000	0.0000	0.0000	0.0000	0.0000	0.0000	0.0000	0.0000	0.0000	0.0000	0.0000	0.0000	0.0000	0.0000	0.0000	0.0000	0.0000	0.0000	0.0000	0.0000	0.2720	0.2502	0.3362	0.3762	0.3757	0.3838	0.1547	0.0000	0.3293		
8	164	0.5686	10	0	1	1	1	0	0	0	0	N	N	N	N	N	N	N	N	N	N	N	N	0.0050	0.0042	0.0000	0.0219	0.0189	0.0000	0.0000	0.0000	0.0000	0.0016	0.0020	0.0000	0.0039	0.0039	0.0000	0.0000	0.0000	0.0000	0.3285	0.4638	0.0012	0.1771	0.2082	0.0001	0.5503	1.1037	0.0017	0.0000	0.0011	-0.0000	-0.0166	2.7092	0.0063	11.4516	4.3641	0.0000	0.0000	0.0000	0.0000	0.0000	0.0000	0.0000	0.0000	0.0000	0.0363	0.0363	0.0000	0.0116	0.0116	0.0000	0.0247	0.0247	0.0000	0.0004	0.0003	0.0001	0.0002	0.0002	0.0000	0.0002	0.0002	0.0001	0.1107	0.0783	0.0324	0.0658	0.0559	0.0098	0.0449	0.0223	0.0225	0.0050	0.0042	0.0000	0.0219	0.0189	0.0000	0.0000	0.0000	0.0000	0.3285	0.4638	0.0012	0.1771	0.2082	0.0001	0.5503	1.1037	0.0017
8	165	0.5367	9	0	0	1	1	0	0	0	0	N	N	N	N	N	N	N	N	N	N	N	N	0.6548	0.5639	0.0000	1.4447	1.2173	0.0000	0.0000	0.0000	0.0000	0.0301	0.0351	0.0000	0.0954	0.0988	0.0000	0.0000	0.0000	0.0000	0.0460	0.0622	0.0081	0.0660	0.0811	0.0003	0.0139	0.0147	0.0130	0.0000	0.0561	-0.0009	-0.0066	2.7092	2.5207	11.4516	10.0226	0.0021	0.0021	0.0000	0.0021	0.0021	0.0000	0.0000	0.0000	0.0000	0.0163	0.0155	0.0009	0.0144	0.0144	0.0000	0.0019	0.0010	0.0009	0.0707	0.0607	0.0100	0.0223	0.0216	0.0008	0.0484	0.0391	0.0093	0.3553	0.2486	0.1067	0.2187	0.1778	0.0409	0.1366	0.0708	0.0658	0.6548	0.5639	0.0000	1.4447	1.2173	0.0000	0.0000	0.0000	0.0000	0.0460	0.0622	0.0081	0.0660	0.0811	0.0003	0.0139	0.0147	0.0130
8	166	0.5211	8	0	0	1	1	0	0	0	0	N	N	N	N	N	N	N	N	N	N	N	N	0.0202	0.0174	0.0003	0.1195	0.1075	0.0000	0.0000	0.0000	0.0003	0.0008	0.0009	0.0000	0.0019	0.0020	0.0000	0.0000	0.0000	0.0000	0.0388	0.0511	0.0060	0.0159	0.0183	0.0034	0.0770	0.1356	0.0076	0.0003	0.0441	-0.0000	-0.0042	2.7092	2.6894	11.4516	4.6619	0.0001	0.0001	0.0000	0.0001	0.0001	0.0000	0.0000	0.0000	0.0000	0.0100	0.0096	0.0004	0.0026	0.0025	0.0001	0.0075	0.0071	0.0003	0.0822	0.0726	0.0096	0.0340	0.0329	0.0011	0.0482	0.0397	0.0085	0.2579	0.1877	0.0702	0.1611	0.1352	0.0259	0.0968	0.0525	0.0443	0.0202	0.0174	0.0003	0.1195	0.1075	0.0000	0.0000	0.0000	0.0003	0.0388	0.0511	0.0060	0.0159	0.0183	0.0034	0.0770	0.1356	0.0076
8	167	0.4826	7	0	0	1	1	0	0	0	0	N	N	N	N	N	N	N	N	N	N	N	N	0.0014	0.0011	0.0035	0.0174	0.0153	0.0000	0.0000	0.0000	0.0027	0.0000	0.0000	0.0000	0.0001	0.0001	0.0000	0.0000	0.0000	0.0000	0.0197	0.0278	0.0025	0.0067	0.0080	0.0005	0.0386	0.0770	0.0035	0.0515	0.0430	-0.0000	-0.0023	2.7092	2.7966	11.4516	8.5340	0.0000	0.0000	0.0000	0.0000	0.0000	0.0000	0.0000	0.0000	0.0000	0.0056	0.0054	0.0002	0.0011	0.0011	0.0000	0.0045	0.0043	0.0002	0.0550	0.0468	0.0082	0.0120	0.0113	0.0007	0.0430	0.0355	0.0075	0.2847	0.1934	0.0913	0.1689	0.1381	0.0308	0.1158	0.0553	0.0605	0.0014	0.0011	0.0035	0.0174	0.0153	0.0000	0.0000	0.0000	0.0027	0.0197	0.0278	0.0025	0.0067	0.0080	0.0005	0.0386	0.0770	0.0035
9	10	0.0705	4	2	1	1	0	0	0	0	0	Y	N	N	N	N	N	N	N	N	N	N	N	0.0000	0.0000	0.0000	0.0000	0.0000	0.0000	0.0000	0.0000	0.0000	0.0000	0.0000	0.0000	0.0000	0.0000	0.0000	0.0000	0.0000	3.2429	0.0736	10.4266	0.6804	0.2771	7.3744	3.7511	0.0000	7.7631	73.9795	0.0000	0.5254	2.0019	1.0010	13.5902	10.8665	0.0000	0.0000	0.0000	0.0000	0.0000	0.0000	0.0000	0.0000	0.0000	0.9945	0.0133	0.9812	0.0345	0.0133	0.0213	0.9599	0.0000	0.9599	0.0144	0.0122	0.0022	0.0010	0.0009	0.0001	0.0135	0.0113	0.0022	0.3067	0.1801	0.1265	0.0508	0.0479	0.0029	0.2559	0.1323	0.1237	0.0000	0.0000	0.0000	0.0000	0.0000	0.0000	0.0000	0.0000	0.0000	3.2429	0.0736	7.7543	0.6804	0.2771	7.3744	3.7511	0.0000	7.7631		
9	11	0.2078	8	2	2	0	1	0	0	0	0	Y	Y	N	N	N	N	N	N	N	N	N	N	0.0000	0.0000	0.0000	0.0000	0.0000	0.0000	0.0000	0.0000	0.0000	0.0000	0.0000	0.0000	0.0000	0.0000	0.0000	0.0000	0.0000	0.0000	0.0000	0.0000	2.0019	0.0000	13.5902	4.9998	0.0000	0.0000	0.0000	0.0000	0.0000	0.0000	0.0000	0.0000	0.0000	0.0000	0.0000	0.0000	0.0000	0.0000	0.0000	0.0000	0.0000	0.0000	0.0000	0.0000	0.0000	0.0000	0.0000	0.0000	0.0000	0.0000	0.0000	0.1148	0.0698	0.0450	0.0288	0.0247	0.0040	0.0860	0.0450	0.0409	0.0000	0.0000	0.0000	0.0000	0.0000	0.0000	0.0000	0.0000	0.0000	0.0000	0.0000	0.0000	0.0000	0.0000	0.0000	0.0000	0.0000	0.0000											
9	12	0.6068	11	2	2	0	1	0	0	0	0	Y	Y	N	N	N	N	N	N	N	N	N	N	0.0000	0.0000	0.0000	0.0000	0.0000	0.0000	0.0000	0.0000	0.0000	0.0000	0.0000	0.0000	0.0000	0.0000	0.0000	0.0000	0.0000	0.0000	0.0000	0.0000	2.0019	0.9995	13.5902	2.0282	0.0000	0.0000	0.0000	0.0000	0.0000	0.0000	0.0000	0.0000	0.0000	0.0000	0.0000	0.0000	0.0000	0.0000	0.0000	0.0000	0.0000	0.0000	0.0134	0.0117	0.0018	0.0041	0.0038	0.0003	0.0093	0.0078	0.0015	0.0581	0.0395	0.0186	0.0350	0.0277	0.0073	0.0231	0.0119	0.0113	0.0000	0.0000	0.0000	0.0000	0.0000	0.0000	0.0000	0.0000	0.0000	0.0000	0.0000	0.0000	0.0000	0.0000	0.0000	0.0000	0.0000	0.0000											
9	13	0.0578	2	2	1	1	0	0	0	0	0	Y	N	N	N	N	N	N	N	N	N	N	N	0.0001	0.0096	0.0000	0.0060	0.0065	0.0000	0.0000	0.0000	0.0005	0.0005	0.0000	0.0012	0.0012	0.0000	0.0000	0.0000	0.0000	6.2956	0.0534	28.0186	0.1952	0.1787	1.0043	6.3770	0.0000	23.6835	0.0000	163.9222	-0.0000	0.8993	2.0019	0.0560	13.5902	10.7426	0.0000	0.0000	0.0000	0.0000	0.0000	0.0000	0.0000	0.0000	0.0000	1.6792	0.0102	1.6690	0.0113	0.0102	0.0012	1.6678	0.0000	1.6678	0.0033	0.0030	0.0003	0.0013	0.0013	0.0000	0.0020	0.0017	0.0003	0.3197	0.1908	0.1288	0.0581	0.0570	0.0012	0.2615	0.1339	0.1277	0.0001	0.0096	0.0000	0.0060	0.0065	0.0000	0.0000	0.0000	0.0000	5.2531	0.0534	12.9564	0.1952	0.1787	1.0043	6.3770	0.0000	13.0646	
9	14	0.1687	6	1	1	1	0	0	0	0	0	N	N	N	N	N	N	N	N	N	N	N	N	0.1639	0.1517	0.0000	0.4210	0.4875	0.0000	0.0000	0.0000	0.0000	0.0001	0.0000	0.0004	0.0005	0.0000	0.0000	0.0000	0.0000	0.0003	0.0003	0.0001	0.0010	0.0009	0.0014	0.0000	0.0000	0.0000	0.0000	0.2625	-0.0000	-0.0000	2.0019	16.7310	13.5902	15.9078	0.0000	0.0000	0.0000	0.0000	0.0000	0.0000	0.0000	0.0000	0.0000	0.0002	0.0001	0.0000	0.0002	0.0001	0.0000	0.0000	0.0000	0.0000	0.2245	0.1904	0.0341	0.0233	0.0216	0.0017	0.2012	0.1688	0.0324	0.6968	0.4331	0.2637	0.1860	0.1580	0.0281	0.5108	0.2752	0.2356	0.1639	0.1517	0.0000	0.4210	0.4875	0.0000	0.0000	0.0000	0.0000	0.0003	0.0003	0.0001	0.0010	0.0009	0.0014	0.0000	0.0000	0.0000	
9	15	0.4540	7	1	1	1	0	0	0	0	0	N	N	N	N	N	N	N	N	N	N	N	N	0.0013	0.0010	0.0000	0.0405	0.0362	0.0000	0.0000	0.0000	0.0000	0.0016	0.0019	0.0000	0.0049	0.0052	0.0000	0.0000	0.0000	0.0000	1.2864	1.8497	0.0086	0.1205	0.1436	0.0203	2.6627	4.8067	0.0028	0.0000	0.0020	-0.0001	-0.3663	2.0019	10.3367	13.5902	13.9008	0.0002	0.0002	0.0000	0.0002	0.0002	0.0000	0.0000	0.0000	0.0000	0.8027	0.8011	0.0016	0.0407	0.0394	0.0013	0.7620	0.7617	0.0004	0.1473	0.1298	0.0175	0.0495	0.0464	0.0030	0.0979	0.0834	0.0145	0.6240	0.4331	0.1909	0.3378	0.2746	0.0632	0.2862	0.1585	0.1277	0.0013	0.0010	0.0000	0.0405	0.0362	0.0000	0.0000	0.0000	0.0000	1.2864	1.8497	0.0086	0.1205	0.1436	0.0203	2.6627	4.8067	0.0028
9	16	0.1321	5	1	1	1	0	0	0	0	0	N	N	N	N	N	N	N	N	N	N	N	N	4.5855	3.3308	0.0000	0.0000	603886.3920	383637.7450	6.2676	7.3694	0.0000	0.0000	0.0000	0.0000	6.9825	8.2929	0.0000	1.3668	2.2125	0.0000	4.3769	5.4691	0.0000	0.0000	0.0000	0.0000	0.0000	0.0000	-0.4411	-0.4627	2.0019	12.0000	13.5902	18.8883	1.0000	1.0000	0.0000	0.0000	0.0000	0.0000	1.0000	1.0000	0.0000	1.0095	1.0095	0.0000	1.0095	1.0095	0.0000	0.0000	0.0000	0.0000	0.1595	0.1357	0.0239	0.0163	0.0151	0.0012	0.1432	0.1206	0.0226	0.7385	0.4563	0.2823	0.2306	0.1846	0.0461	0.5079	0.2717	0.2362	4.5855	3.3308	0.0000	0.0000	0.0000	0.0000	603886.3920	383637.7450	0.0000	1.3668	2.2125	0.0000	4.3769	5.4691	0.0000	0.0000	0.0000	0.0000			
9	17	0.6152	8	2	2	0	0	0	0	0	0	Y	Y	N	N	N	N	N	N	N	N	N	N	0.0000	0.0000	0.0000	0.0000	0.0000	0.0000	0.0000	0.0000	0.0000	0.0000	0.0000	0.0000	0.0000	9.6226	16.1056	0.0000	23.7616	31.4305	0.0000	0.0000	0.0000	0.0000	0.0000	0.0000	-0.9167	2.0019	3.5868	13.5902	9.0275	0.0000	0.0000	0.0000	0.0000	0.0000	0.0000	0.0000	0.0000	0.0000	1.9999	1.9999	0.0000	1.9999	1.9999	0.0000	0.0000	0.0000	0.0000	0.0771	0.0687	0.0084	0.0329	0.0314	0.0015	0.0442	0.0373	0.0069	0.2853	0.1983	0.0869	0.1937	0.1500	0.0437	0.0915	0.0483	0.0432	0.0000	0.0000	0.0000	0.0000	0.0000	0.0000	0.0000	0.0000	0.0000	7.0110	10.0840	0.0000	10.3238	13.3303	0.0000	0.0000	0.0000	0.0000						
9	19	0.5709	9	1	1	1	1	0	0	0	0	N	N	N	N	N	N	N	N	N	N	N	N	0.0000	0.0000	0.0000	0.0000	0.0000	0.0000	0.0000	0.0000	0.0000	0.0000	0.0000	0.0000	0.0000	0.0099	0.0147	0.0000	0.0169	0.0216	0.0000	0.0000	0.0000	0.0000	0.0000	0.0000	-0.0002	2.0019	0.0000	13.5902	2.0009	0.0000	0.0000	0.0000	0.0000	0.0000	0.0000	0.0000	0.0000	0.0000	0.0004	0.0004	0.0000	0.0004	0.0004	0.0000	0.0000	0.0000	0.0000	0.0001	0.0001	0.0000	0.0001	0.0001	0.0000	0.0001	0.0000	0.0000	0.0402	0.0272	0.0130	0.0236	0.0185	0.0051	0.0166	0.0087	0.0079	0.0000	0.0000	0.0000	0.0000	0.0000	0.0000	0.0000	0.0000	0.0000	0.0099	0.0147	0.0000	0.0169	0.0216	0.0000	0.0000	0.0000	0.0000						
9	20	0.5852	10	1	1	1	1	0	0	0	0	N	N	N	N	N	N	N	N	N	N	N	N	0.0000	0.0000	0.0000	0.0000	0.0000	0.0000	0.0000	0.0000	0.0000	0.0000	0.0000	0.0000	0.0000	1.5413	2.2931	0.0000	2.6230	3.3548	0.0000	0.0000	0.0000	0.0000	0.0000	0.0000	-0.4584	2.0019	14.9999	13.5902	23.4905	0.0000	0.0000	0.0000	0.0000	0.0000	0.0000	0.0000	0.0000	0.0000	1.0000	1.0000	0.0000	1.0000	1.0000	0.0000	0.0000	0.0000	0.0000	0.1881	0.1628	0.0253	0.0517	0.0478	0.0039	0.1365	0.1150	0.0214	0.6488	0.4361	0.2127	0.3812	0.2981	0.0832	0.2675	0.1380	0.1295	0.0000	0.0000	0.0000	0.0000	0.0000	0.0000	0.0000	0.0000	0.0000	1.5413	2.2931	0.0000	2.6230	3.3548	0.0000	0.0000	0.0000	0.0000						
9	22	0.6152	8	1	2	0	0	0	0	0	0	N	Y	N	N	N	N	N	N	N	N	N	N	0.0000	0.0000	0.0000	0.0000	0.0000	0.0000	0.0000	0.0000	0.0000	0.0000	0.0000	0.0000	0.0000	0.0000	0.0001	0.0000	0.0001	0.0001	0.0000	0.0000	0.0000	0.0000	0.0000	0.0000	-0.0000	2.0019	12.5677	13.5902	9.8718	0.0000	0.0000	0.0000	0.0000	0.0000	0.0000	0.0000	0.0000	0.0000	0.0000	0.0000	0.0000	0.0000	0.0000	0.0000	0.0000	0.0000	0.0000	0.1757	0.1544	0.0213	0.0613	0.0575	0.0037	0.1144	0.0969	0.0176	0.4402	0.3044	0.1358	0.2921	0.2257	0.0664	0.1481	0.0787	0.0694	0.0000	0.0000	0.0000	0.0000	0.0000	0.0000	0.0000	0.0000	0.0000	0.0000	0.0001	0.0000	0.0001	0.0001	0.0000	0.0000	0.0000	0.0000						
9	23	0.2324	8	1	1	0	1	0	0	0	0	N	N	N	N	N	N	N	N	N	N	N	N	0.0000	0.0000	0.0000	0.0000	0.0000	0.0000	0.0000	0.0000	0.0000	0.0000	0.0000	0.0000	0.0000	0.0188	0.0000	0.0492	0.0000	0.0000	0.0000	0.0261	0.0000	0.0546	inf	0.0000	0.0002	2.0019	0.9981	13.5902	0.0014	0.0000	0.0000	0.0000	0.0000	0.0000	0.0000	0.0000	0.0000	0.0000	0.0004	0.0000	0.0004	0.0000	0.0000	0.0000	0.0004	0.0000	0.0004	0.0138	0.0117	0.0021	0.0014	0.0013	0.0001	0.0124	0.0104	0.0020	0.0229	0.0141	0.0087	0.0064	0.0055	0.0009	0.0165	0.0086	0.0079	0.0000	0.0000	0.0000	0.0000	0.0000	0.0000	0.0000	0.0000	0.0000	0.0188	0.0000	0.0492	0.0000	0.0000	0.0000	0.0261	0.0000	0.0546						
9	24	0.1845	5	1	2	0	1	0	0	0	0	N	Y	N	N	N	N	N	N	N	N	N	N	0.0000	0.0000	0.0000	0.0000	0.0000	0.0000	0.0000	0.0000	0.0000	0.0000	0.0000	0.0000	0.0000	0.0000	0.0000	0.0000	0.0000	3.2498	5.1359	0.0000	0.2300	0.2740	0.0000	5.5209	10.2671	0.0000	0.0000	0.0000	-0.6035	2.0019	0.6341	13.5902	12.6218	0.0000	0.0000	0.0000	0.0000	0.0000	0.0000	0.0000	0.0000	0.0000	1.3166	1.3166	0.0000	0.0400	0.0400	0.0000	1.2766	1.2766	0.0000	0.0106	0.0092	0.0014	0.0019	0.0018	0.0001	0.0087	0.0074	0.0013	0.4052	0.2703	0.1348	0.1739	0.1460	0.0279	0.2312	0.1243	0.1069	0.0000	0.0000	0.0000	0.0000	0.0000	0.0000	0.0000	0.0000	0.0000	3.2498	4.8704	0.0000	0.2300	0.2740	0.0000	5.5209	10.2671	0.0000		
9	25	0.5550	7	1	2	0	0	0	0	0	0	N	Y	N	N	N	N	N	N	N	N	N	N	0.0013	0.0010	0.0000	0.0025	0.0021	0.0000	0.0000	0.0000	0.0000	0.0002	0.0002	0.0000	0.0005	0.0005	0.0000	0.0000	0.0000	0.0000	0.1321	0.1886	0.0012	0.2104	0.2637	0.0024	0.0003	0.0003	0.0003	0.0000	0.0027	-0.0000	-0.0319	2.0019	10.0221	13.5902	10.6811	0.0000	0.0000	0.0000	0.0000	0.0000	0.0000	0.0000	0.0000	0.0000	0.0701	0.0699	0.0002	0.0701	0.0699	0.0002	0.0001	0.0000	0.0000	0.1717	0.1518	0.0199	0.0581	0.0550	0.0030	0.1136	0.0967	0.0169	0.5307	0.3709	0.1598	0.3329	0.2651	0.0679	0.1977	0.1058	0.0919	0.0013	0.0010	0.0000	0.0025	0.0021	0.0000	0.0000	0.0000	0.0000	0.1321	0.1886	0.0012	0.2104	0.2637	0.0024	0.0003	0.0003	0.0003
9	26	0.0710	3	1	2	0	0	0	0	0	0	N	Y	N	N	N	N	N	N	N	N	N	N	0.0000	0.0000	0.0000	0.0000	0.0000	0.0000	0.0000	0.0000	0.0000	0.0000	0.0000	0.0000	0.0000	0.0000	0.0000	0.0000	0.0000	0.6541	0.0047	1.5519	0.0116	0.0110	0.0331	0.8735	0.0000	1.5753	237.9686	0.0000	0.1312	2.0019	3.9997	13.5902	5.4032	0.0000	0.0000	0.0000	0.0000	0.0000	0.0000	0.0000	0.0000	0.0000	0.2441	0.0010	0.2430	0.0011	0.0010	0.0001	0.2430	0.0000	0.2430	0.0558	0.0470	0.0088	0.0006	0.0006	0.0000	0.0552	0.0465	0.0087	0.3731	0.2165	0.1566	0.0950	0.0926	0.0024	0.2781	0.1239	0.1542	0.0000	0.0000	0.0000	0.0000	0.0000	0.0000	0.0000	0.0000	0.0000	0.6541	0.0047	1.5519	0.0116	0.0110	0.0331	0.8735	0.0000	1.5753		
9	27	0.5852	10	1	2	0	1	0	0	0	0	N	Y	N	N	N	N	N	N	N	N	N	N	0.0000	0.0000	0.0000	0.0000	0.0000	0.0000	0.0000	0.0000	0.0000	0.0000	0.0000	0.0000	0.0000	0.0000	0.0000	0.0000	3.4542	5.1692	0.4756	6.9349	9.9430	0.0000	0.3897	0.0000	0.7908	0.0471	0.0000	-0.4321	2.0019	4.9655	13.5902	10.6561	0.0000	0.0000	0.0000	0.0000	0.0000	0.0000	0.0000	0.0000	0.0000	1.0454	0.9983	0.0471	0.9983	0.9983	0.0000	0.0471	0.0000	0.0471	0.0659	0.0569	0.0090	0.0185	0.0171	0.0014	0.0474	0.0398	0.0077	0.3026	0.2037	0.0989	0.1819	0.1424	0.0394	0.1208	0.0612	0.0595	0.0000	0.0000	0.0000	0.0000	0.0000	0.0000	0.0000	0.0000	0.0000	3.4542	4.9010	0.4756	5.4889	7.0085	0.0000	0.3897	0.0000	0.7908			
9	28	0.2375	9	1	2	0	1	0	0	0	0	N	Y	N	N	N	N	N	N	N	N	N	N	0.0000	0.0000	0.0000	0.0000	0.0000	0.0000	0.0000	0.0000	0.0000	0.0000	0.0000	0.0000	0.0000	0.0000	0.0000	0.0000	0.0000	0.0000	0.0000	0.0000	2.0019	0.0000	13.5902	0.0000	0.0000	0.0000	0.0000	0.0000	0.0000	0.0000	0.0000	0.0000	0.0000	0.0000	0.0000	0.0000	0.0000	0.0000	0.0000	0.0000	0.0000	0.0000	0.0000	0.0000	0.0000	0.0000	0.0000	0.0000	0.0000	0.0000	0.0000	0.0000	0.0000	0.0000	0.0000	0.0000	0.0000	0.0000	0.0000	0.0000	0.0000	0.0000	0.0000	0.0000	0.0000	0.0000	0.0000	0.0000	0.0000	0.0000	0.0000	0.0000	0.0000	0.0000	0.0000	0.0000	0.0000	0.0000											
9	29	0.2048	4	2	2	0	0	0	0	0	0	Y	Y	N	N	N	N	N	N	N	N	N	N	0.0021	0.0017	0.0186	0.0051	0.0042	0.1330	0.0018	0.0000	0.0211	0.0002	0.0002	0.0001	0.0009	0.0008	0.0029	0.0000	0.0000	0.0000	0.0721	0.1008	0.0046	0.1751	0.1999	0.0221	0.0009	0.0013	0.0004	0.0965	0.0193	-0.0000	-0.0163	2.0019	3.9885	13.5902	8.5018	0.0000	0.0000	0.0000	0.0000	0.0000	0.0000	0.0000	0.0000	0.0000	0.0371	0.0364	0.0007	0.0368	0.0361	0.0006	0.0003	0.0002	0.0001	0.0712	0.0599	0.0113	0.0122	0.0119	0.0003	0.0590	0.0480	0.0110	0.5137	0.3609	0.1528	0.2101	0.1807	0.0293	0.3036	0.1801	0.1235	0.0021	0.0017	0.0186	0.0051	0.0042	0.1330	0.0018	0.0000	0.0211	0.0721	0.1008	0.0046	0.1751	0.1999	0.0221	0.0009	0.0013	0.0004
9	30	0.1957	6	1	2	0	0	0	0	0	0	N	Y	N	N	N	N	N	N	N	N	N	N	0.7676	0.9244	0.0000	1.2219	1.1919	0.0000	0.0000	0.0000	0.0571	0.0647	0.0000	0.1470	0.1494	0.0000	0.0000	0.0000	0.0000	0.0744	0.0700	0.0849	0.1203	0.1254	0.0469	0.0410	0.0000	0.0888	0.0000	0.5056	-0.0011	-0.0025	2.0019	0.9701	13.5902	4.0208	0.0024	0.0024	0.0000	0.0024	0.0024	0.0000	0.0000	0.0000	0.0000	0.0204	0.0135	0.0069	0.0139	0.0135	0.0004	0.0065	0.0000	0.0065	0.0429	0.0378	0.0050	0.0167	0.0164	0.0003	0.0262	0.0214	0.0048	0.2741	0.1935	0.0806	0.1156	0.1081	0.0075	0.1586	0.0854	0.0731	0.7676	0.9244	0.0000	1.2219	1.1919	0.0000	0.0000	0.0000	0.0000	0.0744	0.0700	0.0849	0.1203	0.1254	0.0469	0.0410	0.0000	0.0888	
9	31	0.1703	4	1	1	0	1	0	0	0	0	N	N	N	N	N	N	N	N	N	N	N	N	0.0000	0.0000	0.0000	0.0000	0.0000	0.0000	0.0000	0.0000	0.0000	0.0000	0.0000	0.0000	0.0000	0.0000	0.0000	0.0000	0.0000	0.0000	1.8578	2.8387	0.0001	0.2548	0.3029	0.0006	2.9168	5.4896	0.0000	0.0000	0.0000	-0.4832	2.0019	5.0045	13.5902	16.6627	0.0000	0.0000	0.0000	0.0000	0.0000	0.0000	0.0000	0.0000	0.0000	1.0542	1.0542	0.0000	0.0575	0.0575	0.0000	0.9967	0.9967	0.0000	0.0674	0.0573	0.0101	0.0076	0.0070	0.0006	0.0598	0.0504	0.0095	0.5675	0.3714	0.1961	0.2258	0.1898	0.0359	0.3417	0.1816	0.1601	0.0000	0.0000	0.0000	0.0000	0.0000	0.0000	0.0000	0.0000	0.0000	1.8578	2.8387	0.0001	0.2548	0.3029	0.0006	2.9168	5.4896	0.0000	
9	32	0.7126	10	2	1	1	0	0	0	0	0	Y	N	N	N	N	N	N	N	N	N	N	N	0.0000	0.0000	0.0000	0.0000	0.0000	0.0000	0.0000	0.0000	0.0000	0.0000	0.0000	0.0000	0.0000	0.0006	0.0008	0.0000	0.0008	0.0011	0.0000	0.0000	0.0000	0.0000	0.0000	0.0000	-0.0000	2.0019	1.4893	13.5902	0.0050	0.0000	0.0000	0.0000	0.0000	0.0000	0.0000	0.0000	0.0000	0.0000	0.0000	0.0000	0.0000	0.0000	0.0000	0.0000	0.0000	0.0000	0.0000	0.0184	0.0159	0.0026	0.0051	0.0048	0.0004	0.0133	0.0111	0.0022	0.0304	0.0208	0.0096	0.0203	0.0156	0.0048	0.0100	0.0052	0.0048	0.0000	0.0000	0.0000	0.0000	0.0000	0.0000	0.0000	0.0000	0.0000	0.0006	0.0008	0.0000	0.0008	0.0011	0.0000	0.0000	0.0000	0.0000						
9	33	0.0921	4	2	1	1	0	0	0	0	0	Y	N	N	N	N	N	N	N	N	N	N	N	0.0000	0.0000	0.0000	0.0000	0.0000	0.0000	0.0000	0.0000	0.0000	0.0000	0.0000	0.0000	0.0000	0.0000	0.0000	0.0000	0.0000	0.0000	0.0064	0.0100	0.0001	0.0007	0.0007	0.0008	0.0080	0.0143	0.0000	0.0053	0.0000	-0.0005	2.0019	0.9855	13.5902	5.0251	0.0000	0.0000	0.0000	0.0000	0.0000	0.0000	0.0000	0.0000	0.0000	0.0011	0.0011	0.0000	0.0000	0.0000	0.0000	0.0011	0.0011	0.0000	0.0147	0.0124	0.0022	0.0009	0.0008	0.0000	0.0138	0.0116	0.0022	0.1737	0.1106	0.0630	0.0390	0.0351	0.0039	0.1347	0.0755	0.0592	0.0000	0.0000	0.0000	0.0000	0.0000	0.0000	0.0000	0.0000	0.0000	0.0064	0.0100	0.0001	0.0007	0.0007	0.0008	0.0080	0.0143	0.0000	
9	34	0.1687	6	1	2	0	0	0	0	0	0	N	Y	N	N	N	N	N	N	N	N	N	N	0.0000	0.0000	0.0000	0.0000	0.0000	0.0000	0.0000	0.0000	0.0000	0.0000	0.0000	0.0000	0.0000	0.0001	0.0000	0.0002	0.0002	0.0000	0.0013	0.0000	0.0000	0.0000	inf	0.0000	0.0000	2.0019	2.0026	13.5902	4.0175	0.0000	0.0000	0.0000	0.0000	0.0000	0.0000	0.0000	0.0000	0.0000	0.0000	0.0000	0.0000	0.0000	0.0000	0.0000	0.0000	0.0000	0.0000	0.0355	0.0296	0.0059	0.0064	0.0062	0.0002	0.0291	0.0234	0.0057	0.1680	0.1073	0.0606	0.0549	0.0473	0.0076	0.1131	0.0601	0.0530	0.0000	0.0000	0.0000	0.0000	0.0000	0.0000	0.0000	0.0000	0.0000	0.0001	0.0000	0.0002	0.0002	0.0000	0.0013	0.0000	0.0000	0.0000						
9	35	0.1687	5	1	1	0	0	0	0	0	0	N	N	N	N	N	N	N	N	N	N	N	N	0.2983	0.2891	0.0000	0.3155	0.3368	0.0000	0.3263	0.2668	0.0000	0.0015	0.0018	0.0000	0.0023	0.0023	0.0000	0.0011	0.0015	0.0000	0.0050	0.0063	0.0023	0.0072	0.0069	0.0099	0.0034	0.0056	0.0009	0.0000	0.1859	-0.0000	-0.0001	2.0019	0.4148	13.5902	1.5497	0.0000	0.0000	0.0000	0.0000	0.0000	0.0000	0.0000	0.0000	0.0000	0.0004	0.0003	0.0001	0.0002	0.0002	0.0000	0.0001	0.0001	0.0000	0.0135	0.0110	0.0025	0.0044	0.0043	0.0001	0.0091	0.0066	0.0025	0.0762	0.0506	0.0255	0.0316	0.0276	0.0040	0.0446	0.0230	0.0215	0.2983	0.2891	0.0000	0.3155	0.3368	0.0000	0.3263	0.2668	0.0000	0.0050	0.0063	0.0023	0.0072	0.0069	0.0099	0.0034	0.0056	0.0009
9	36	0.1109	3	1	2	0	0	0	0	0	0	N	Y	N	N	N	N	N	N	N	N	N	N	0.0000	0.0000	0.0000	0.0000	0.0000	0.0000	0.0000	0.0000	0.0000	0.0000	0.0000	0.0000	0.0000	0.0000	0.0000	2.7509	0.0000	8.5457	0.0960	0.0000	0.5931	3.6386	0.0000	7.8860	inf	0.0000	1.0931	2.0019	7.9964	13.5902	23.6501	0.0000	0.0000	0.0000	0.0000	0.0000	0.0000	0.0000	0.0000	0.0000	2.0182	0.0000	2.0182	0.0176	0.0000	0.0176	2.0005	0.0000	2.0005	0.1001	0.0848	0.0153	0.0046	0.0042	0.0003	0.0956	0.0806	0.0150	0.7336	0.4502	0.2834	0.1838	0.1541	0.0298	0.5498	0.2961	0.2537	0.0000	0.0000	0.0000	0.0000	0.0000	0.0000	0.0000	0.0000	0.0000	2.7509	0.0000	7.1205	0.0960	0.0000	0.5931	3.6386	0.0000	7.8860				
9	38	0.1687	5	1	2	0	0	0	0	0	0	N	Y	N	N	N	N	N	N	N	N	N	N	0.0000	0.0000	0.0000	0.0000	0.0000	0.0000	0.0000	0.0000	0.0001	0.0002	0.0000	0.0010	0.0011	0.0000	0.0000	0.0000	0.0000	2.7843	4.4389	0.0002	21.2988	24.1441	0.0019	0.0000	0.0000	0.0000	0.0000	0.0000	-0.0000	-0.4584	2.0019	4.7553	13.5902	10.1994	0.0000	0.0000	0.0000	0.0000	0.0000	0.0000	0.0000	0.0000	0.0000	1.0001	1.0000	0.0000	1.0001	1.0000	0.0000	0.0000	0.0000	0.0000	0.0729	0.0613	0.0116	0.0099	0.0093	0.0006	0.0630	0.0520	0.0110	0.3592	0.2253	0.1339	0.1029	0.0878	0.0151	0.2563	0.1375	0.1188	0.0000	0.0000	0.0000	0.0001	0.0001	0.0000	0.0000	0.0000	0.0000	2.7843	4.4389	0.0002	9.7214	11.3888	0.0019	0.0000	0.0000	0.0000	
9	39	0.1109	3	2	2	0	0	0	0	0	0	Y	Y	N	N	N	N	N	N	N	N	N	N	0.0000	0.0000	0.0000	0.0000	0.0000	0.0000	0.0000	0.0000	0.0000	0.0000	0.0000	0.0000	0.0000	0.0000	0.0000	1.7119	2.7907	0.0000	11.0132	12.9288	0.0000	0.0011	0.0020	0.0000	0.0000	0.0000	-0.5849	2.0019	5.0000	13.5902	27.3229	0.0000	0.0000	0.0000	0.0000	0.0000	0.0000	0.0000	0.0000	0.0000	1.2760	1.2760	0.0000	1.2754	1.2754	0.0000	0.0006	0.0006	0.0000	0.0635	0.0538	0.0098	0.0029	0.0027	0.0002	0.0606	0.0511	0.0096	0.7454	0.4572	0.2881	0.1861	0.1560	0.0301	0.5593	0.3013	0.2580	0.0000	0.0000	0.0000	0.0000	0.0000	0.0000	0.0000	0.0000	0.0000	1.7119	2.7907	0.0000	6.8544	8.1767	0.0000	0.0011	0.0020	0.0000				
9	41	0.6152	8	1	2	0	0	0	0	0	0	N	Y	N	N	N	N	N	N	N	N	N	N	0.0000	0.0000	0.0000	0.0000	0.0000	0.0000	0.0000	0.0000	0.0000	0.0000	0.0000	0.0000	0.0000	0.0001	0.0001	0.0000	0.0001	0.0001	0.0000	0.0000	0.0000	0.0000	0.0000	0.0000	-0.0000	2.0019	8.1446	13.5902	10.2519	0.0000	0.0000	0.0000	0.0000	0.0000	0.0000	0.0000	0.0000	0.0000	0.0000	0.0000	0.0000	0.0000	0.0000	0.0000	0.0000	0.0000	0.0000	0.1300	0.1146	0.0154	0.0482	0.0455	0.0027	0.0818	0.0692	0.0127	0.3839	0.2658	0.1180	0.2566	0.1983	0.0583	0.1273	0.0675	0.0597	0.0000	0.0000	0.0000	0.0000	0.0000	0.0000	0.0000	0.0000	0.0000	0.0001	0.0001	0.0000	0.0001	0.0001	0.0000	0.0000	0.0000	0.0000						
9	43	0.2686	5	1	2	1	1	0	0	0	0	N	Y	N	N	N	N	N	N	N	N	N	N	0.0000	0.0000	0.0000	0.0000	0.0000	0.0000	0.0000	0.0000	0.0000	0.0000	0.0000	0.0000	0.0000	0.0000	0.0000	0.0067	0.0095	0.0000	0.0119	0.0136	0.0000	0.0011	0.0021	0.0000	0.0000	0.0000	-0.0004	2.0019	1.0007	13.5902	2.4334	0.0000	0.0000	0.0000	0.0000	0.0000	0.0000	0.0000	0.0000	0.0000	0.0009	0.0009	0.0000	0.0008	0.0008	0.0000	0.0001	0.0001	0.0000	0.0135	0.0115	0.0020	0.0023	0.0021	0.0002	0.0112	0.0094	0.0018	0.1306	0.0928	0.0378	0.0683	0.0593	0.0090	0.0623	0.0335	0.0288	0.0000	0.0000	0.0000	0.0000	0.0000	0.0000	0.0000	0.0000	0.0000	0.0067	0.0095	0.0000	0.0119	0.0136	0.0000	0.0011	0.0021	0.0000				
9	44	0.2314	4	1	1	0	1	0	0	0	0	N	N	N	N	N	N	N	N	N	N	N	N	0.0009	0.0008	0.0000	0.0032	0.0027	0.0000	0.0000	0.0000	0.0000	0.0003	0.0003	0.0000	0.0014	0.0015	0.0000	0.0000	0.0000	0.0000	0.2838	0.4143	0.0046	0.4404	0.5457	0.0031	0.0892	0.1645	0.0054	0.0000	0.0052	-0.0000	-0.0773	2.0019	1.0391	13.5902	15.0482	0.0000	0.0000	0.0000	0.0000	0.0000	0.0000	0.0000	0.0000	0.0000	0.1705	0.1696	0.0009	0.1466	0.1464	0.0002	0.0239	0.0232	0.0007	0.0149	0.0128	0.0022	0.0029	0.0027	0.0002	0.0121	0.0101	0.0020	0.6006	0.4093	0.1913	0.3328	0.2682	0.0646	0.2678	0.1411	0.1267	0.0009	0.0008	0.0000	0.0032	0.0027	0.0000	0.0000	0.0000	0.0000	0.2838	0.4143	0.0046	0.4404	0.5457	0.0031	0.0892	0.1645	0.0054
9	45	0.1109	3	1	2	0	0	0	0	0	0	N	Y	N	N	N	N	N	N	N	N	N	N	0.0000	0.0000	0.0000	0.0000	0.0000	0.0000	0.0000	0.0000	0.0000	0.0000	0.0000	0.0000	0.0000	0.0000	0.0000	0.0000	0.0000	0.0000	1.3049	2.0915	0.0603	6.2746	7.6456	0.5668	0.0033	0.0042	0.0022	0.0182	0.0000	-0.4491	2.0019	12.0036	13.5902	21.9053	0.0000	0.0000	0.0000	0.0000	0.0000	0.0000	0.0000	0.0000	0.0000	1.0196	1.0014	0.0182	1.0177	1.0001	0.0176	0.0019	0.0013	0.0006	0.1497	0.1269	0.0228	0.0068	0.0063	0.0005	0.1429	0.1206	0.0223	0.7814	0.4788	0.3026	0.1929	0.1618	0.0311	0.5885	0.3170	0.2714	0.0000	0.0000	0.0000	0.0000	0.0000	0.0000	0.0000	0.0000	0.0000	1.3049	2.0915	0.0603	5.2760	6.1823	0.5668	0.0033	0.0042	0.0022	
9	46	0.5923	11	2	2	0	0	0	0	0	0	Y	Y	N	N	N	N	N	N	N	N	N	N	0.0000	0.0000	0.0000	0.0000	0.0000	0.0000	0.0000	0.0000	0.0000	0.0000	0.0000	0.0000	0.0000	0.0172	0.0255	0.0000	0.0289	0.0370	0.0000	0.0000	0.0000	0.0000	0.0000	0.0000	-0.0006	2.0019	2.0120	13.5902	1.9924	0.0000	0.0000	0.0000	0.0000	0.0000	0.0000	0.0000	0.0000	0.0000	0.0013	0.0013	0.0000	0.0013	0.0013	0.0000	0.0000	0.0000	0.0000	0.0270	0.0234	0.0036	0.0082	0.0076	0.0006	0.0188	0.0158	0.0030	0.0732	0.0493	0.0239	0.0436	0.0340	0.0096	0.0296	0.0153	0.0144	0.0000	0.0000	0.0000	0.0000	0.0000	0.0000	0.0000	0.0000	0.0000	0.0172	0.0255	0.0000	0.0289	0.0370	0.0000	0.0000	0.0000	0.0000						
9	47	0.2154	9	2	2	0	0	0	0	0	0	Y	Y	N	N	N	N	N	N	N	N	N	N	0.0000	0.0000	0.0000	0.0000	0.0000	0.0000	0.0000	0.0000	0.0000	0.0000	0.0000	0.0000	0.0000	0.0000	0.0000	0.0000	0.0000	0.0000	0.0000	0.0000	2.0019	0.0002	13.5902	4.0036	0.0000	0.0000	0.0000	0.0000	0.0000	0.0000	0.0000	0.0000	0.0000	0.0000	0.0000	0.0000	0.0000	0.0000	0.0000	0.0000	0.0000	0.0000	0.0000	0.0000	0.0000	0.0000	0.0000	0.0000	0.0000	0.0000	0.0000	0.0937	0.0574	0.0364	0.0240	0.0207	0.0033	0.0697	0.0366	0.0331	0.0000	0.0000	0.0000	0.0000	0.0000	0.0000	0.0000	0.0000	0.0000	0.0000	0.0000	0.0000	0.0000	0.0000	0.0000	0.0000	0.0000	0.0000											
9	48	0.1109	3	1	2	0	1	0	0	0	0	N	Y	N	N	N	N	N	N	N	N	N	N	0.0000	0.0000	0.0000	0.0000	0.0000	0.0000	0.0000	0.0000	0.0000	0.0000	0.0000	0.0000	0.0000	0.0000	0.0000	0.0000	0.0000	3.7649	4.8573	2.2405	5.4905	6.6469	0.0000	3.4066	4.2049	2.4692	0.3037	0.0000	-0.9678	2.0019	6.0036	13.5902	51.7820	0.0000	0.0000	0.0000	0.0000	0.0000	0.0000	0.0000	0.0000	0.0000	4.2931	3.2931	1.0001	1.2931	1.2931	0.0000	3.0000	2.0000	1.0001	0.0759	0.0642	0.0117	0.0035	0.0032	0.0003	0.0724	0.0610	0.0114	1.1403	0.6940	0.4463	0.2597	0.2183	0.0413	0.8806	0.4756	0.4050	0.0000	0.0000	0.0000	0.0000	0.0000	0.0000	0.0000	0.0000	0.0000	3.7649	4.7453	2.2405	4.9799	5.9227	0.0000	3.4066	4.2049	2.4692		
9	49	0.1109	3	2	2	0	0	0	0	0	0	Y	Y	N	N	N	N	N	N	N	N	N	N	0.0000	0.0000	0.0000	0.0000	0.0000	0.0000	0.0000	0.0000	0.0000	0.0000	0.0000	0.0000	0.0000	0.0000	0.0000	0.0000	0.0000	1.4431	2.3610	0.0001	1.2974	1.5456	0.0000	1.4891	2.7621	0.0002	0.0000	0.0000	-0.5849	2.0019	5.9964	13.5902	34.6547	0.0000	0.0000	0.0000	0.0000	0.0000	0.0000	0.0000	0.0000	0.0000	1.2760	1.2760	0.0001	0.2754	0.2754	0.0000	1.0006	1.0006	0.0001	0.0758	0.0642	0.0117	0.0035	0.0032	0.0003	0.0724	0.0610	0.0114	0.8842	0.5404	0.3438	0.2123	0.1782	0.0341	0.6720	0.3623	0.3097	0.0000	0.0000	0.0000	0.0000	0.0000	0.0000	0.0000	0.0000	0.0000	1.4431	2.3610	0.0001	1.2974	1.5456	0.0000	1.4891	2.7621	0.0002		
9	50	0.2005	4	1	1	1	0	0	0	0	0	N	N	N	N	N	N	N	N	N	N	N	N	0.0382	0.0295	0.0000	5.7072	5.3211	0.0000	0.0000	0.0000	0.0000	0.0272	0.0315	0.0000	0.1725	0.1851	0.0000	0.0000	0.0000	0.0000	0.7117	1.0681	0.0010	0.0302	0.0348	0.0042	1.1670	2.1508	0.0003	0.0000	0.0005	-0.0048	-0.5148	2.0019	31.2093	13.5902	46.3939	0.0110	0.0110	0.0000	0.0110	0.0110	0.0000	0.0000	0.0000	0.0000	1.1243	1.1238	0.0005	0.0191	0.0187	0.0004	1.1052	1.1050	0.0001	0.4037	0.3480	0.0557	0.0636	0.0593	0.0043	0.3401	0.2887	0.0514	1.5797	1.0521	0.5276	0.6327	0.5384	0.0943	0.9470	0.5138	0.4333	0.0382	0.0295	0.0000	5.7072	5.3211	0.0000	0.0000	0.0000	0.0000	0.7117	1.0681	0.0010	0.0302	0.0348	0.0042	1.1670	2.1508	0.0003
9	51	0.1477	4	1	2	0	0	0	0	0	0	N	Y	N	N	N	N	N	N	N	N	N	N	0.0004	0.0003	0.0000	0.0091	0.0079	0.0000	0.0000	0.0000	0.0000	0.0006	0.0008	0.0000	0.0040	0.0043	0.0000	0.0000	0.0000	0.0000	1.4964	2.2261	0.0002	0.4467	0.5422	0.0006	2.3849	4.3838	0.0000	0.0000	0.0000	-0.0000	-0.5527	2.0019	4.1516	13.5902	14.5664	0.0000	0.0000	0.0000	0.0000	0.0000	0.0000	0.0000	0.0000	0.0000	1.2058	1.2058	0.0000	0.1650	0.1650	0.0000	1.0408	1.0408	0.0000	0.0621	0.0532	0.0089	0.0099	0.0093	0.0006	0.0522	0.0439	0.0083	0.8058	0.5417	0.2642	0.3694	0.3042	0.0652	0.4364	0.2374	0.1990	0.0004	0.0003	0.0000	0.0091	0.0079	0.0000	0.0000	0.0000	0.0000	1.4964	2.2261	0.0002	0.4467	0.5422	0.0006	2.3849	4.3838	0.0000
9	52	0.0803	2	2	1	1	0	0	0	0	0	Y	N	N	N	N	N	N	N	N	N	N	N	6.8134	0.0000	23.9238	0.0000	0.0000	9.0640	23.4816	0.2208	0.0000	2.0117	0.0000	0.0000	0.0000	0.3448	0.0000	2.0226	0.0324	0.0032	0.0841	0.0101	0.0106	0.0000	0.0380	0.0000	0.0861	inf	14.8946	0.0000	0.0005	2.0019	0.0028	13.5902	0.9232	0.0000	0.0000	0.0000	0.0000	0.0000	0.0000	0.0000	0.0000	0.0000	0.0010	0.0001	0.0009	0.0001	0.0001	0.0000	0.0009	0.0000	0.0009	0.0001	0.0001	0.0000	0.0000	0.0000	0.0000	0.0001	0.0001	0.0000	0.0302	0.0193	0.0109	0.0061	0.0058	0.0003	0.0241	0.0135	0.0106	6.8134	0.0000	23.9238	0.0000	0.0000	0.0000	9.0640	0.0000	23.4816	0.0324	0.0032	0.0841	0.0101	0.0106	0.0000	0.0380	0.0000	0.0861		
9	53	0.6075	10	1	2	0	0	0	0	0	0	N	Y	N	N	N	N	N	N	N	N	N	N	0.0002	0.0011	0.0000	0.0050	0.0043	0.0000	0.0000	0.0000	0.0000	0.0002	0.0002	0.0000	0.0006	0.0006	0.0000	0.0000	0.0000	0.0000	1.0544	0.1745	3.0283	0.1203	0.1467	0.0027	2.5945	0.2513	4.8099	0.0000	7.7382	-0.0000	0.3221	2.0019	8.5400	13.5902	19.3759	0.0000	0.0000	0.0000	0.0000	0.0000	0.0000	0.0000	0.0000	0.0000	0.7540	0.0863	0.6677	0.0535	0.0533	0.0002	0.7005	0.0330	0.6675	0.1341	0.1173	0.0168	0.0393	0.0373	0.0021	0.0948	0.0800	0.0148	0.7151	0.4946	0.2205	0.4451	0.3634	0.0817	0.2700	0.1312	0.1388	0.0002	0.0011	0.0000	0.0050	0.0043	0.0000	0.0000	0.0000	0.0000	1.0544	0.1745	3.0283	0.1203	0.1467	0.0027	2.5945	0.2513	4.8099
9	54	0.5445	9	1	1	0	0	0	0	0	0	N	N	N	N	N	N	N	N	N	N	N	N	0.0001	0.0001	0.0000	0.0002	0.0001	0.0000	0.0001	0.0020	0.0000	0.0002	0.0002	0.0000	0.0004	0.0004	0.0000	0.0001	0.0001	0.0000	1.7760	2.0977	1.0590	2.5038	3.0416	0.0490	0.7934	0.0670	1.5638	0.0000	0.2265	-0.0000	-0.3932	2.0019	7.3474	13.5902	24.2346	0.0000	0.0000	0.0000	0.0000	0.0000	0.0000	0.0000	0.0000	0.0000	1.4367	1.1714	0.2654	1.1636	1.1595	0.0041	0.2731	0.0119	0.2613	0.1225	0.1076	0.0149	0.0355	0.0338	0.0017	0.0870	0.0737	0.0133	0.8090	0.5584	0.2506	0.4647	0.3812	0.0835	0.3443	0.1772	0.1671	0.0001	0.0001	0.0000	0.0002	0.0001	0.0000	0.0001	0.0020	0.0000	1.7760	2.0977	1.0590	2.5038	3.0416	0.0490	0.7934	0.0670	1.5638
9	55	0.5147	8	1	1	0	0	0	0	0	0	N	N	N	N	N	N	N	N	N	N	N	N	0.0000	0.0000	0.0000	0.0000	0.0000	0.0000	0.0000	0.0000	0.0000	0.0000	0.0000	0.0000	0.0000	0.0000	0.0000	0.0000	0.0000	0.0000	2.2115	0.6271	6.1271	0.6692	0.7934	0.0104	4.3211	0.2692	10.1659	0.0000	3.9535	-0.0000	0.4981	2.0019	3.4216	13.5902	15.9376	0.0000	0.0000	0.0000	0.0000	0.0000	0.0000	0.0000	0.0000	0.0000	1.4662	0.2960	1.1702	0.2563	0.2557	0.0006	1.2099	0.0403	1.1696	0.0646	0.0570	0.0076	0.0202	0.0195	0.0008	0.0444	0.0375	0.0069	0.6630	0.4720	0.1910	0.3830	0.3223	0.0607	0.2800	0.1497	0.1303	0.0000	0.0000	0.0000	0.0000	0.0000	0.0000	0.0000	0.0000	0.0000	2.2115	0.6271	6.1271	0.6692	0.7934	0.0104	4.3211	0.2692	8.9794
9	56	0.2314	4	1	2	0	0	0	0	0	0	N	Y	N	N	N	N	N	N	N	N	N	N	0.0002	0.0035	0.0000	0.0260	0.0223	0.0000	0.0000	0.0000	0.0000	0.0003	0.0003	0.0000	0.0014	0.0015	0.0000	0.0000	0.0000	0.0000	1.3318	0.0935	3.8751	0.0554	0.0686	0.0019	2.7713	0.1361	5.7013	0.0000	20.1898	-0.0000	0.4534	2.0019	0.9891	13.5902	20.6926	0.0000	0.0000	0.0000	0.0000	0.0000	0.0000	0.0000	0.0000	0.0000	0.9170	0.0433	0.8738	0.0202	0.0201	0.0001	0.8968	0.0232	0.8736	0.0143	0.0122	0.0021	0.0028	0.0026	0.0002	0.0115	0.0096	0.0019	0.6886	0.4631	0.2255	0.3650	0.2927	0.0723	0.3236	0.1704	0.1532	0.0002	0.0035	0.0000	0.0260	0.0223	0.0000	0.0000	0.0000	0.0000	1.3318	0.0935	3.8751	0.0554	0.0686	0.0019	2.7713	0.1361	5.7013
9	57	0.1109	3	1	1	0	0	0	0	0	0	N	N	N	N	N	N	N	N	N	N	N	N	0.0000	0.0000	0.0000	0.0000	0.0000	0.0000	0.0000	0.0000	0.0000	0.0000	0.0000	0.0000	0.0000	0.0000	0.0000	0.0000	0.0000	0.0000	3.5670	6.4770	0.3497	7.7631	9.1414	0.0425	2.9238	5.0941	0.3828	0.0397	0.0000	-1.4131	2.0019	5.0326	13.5902	39.3193	0.0000	0.0000	0.0000	0.0000	0.0000	0.0000	0.0000	0.0000	0.0000	3.3630	3.2345	0.1284	1.2591	1.2576	0.0015	2.1038	1.9769	0.1269	0.0639	0.0541	0.0098	0.0029	0.0027	0.0002	0.0610	0.0514	0.0096	0.9428	0.5755	0.3672	0.2232	0.1875	0.0358	0.7196	0.3881	0.3315	0.0000	0.0000	0.0000	0.0000	0.0000	0.0000	0.0000	0.0000	0.0000	3.5670	5.6200	0.3497	5.6408	6.7086	0.0425	2.9238	5.0941	0.3828	
9	58	0.1109	3	1	2	0	1	0	0	0	0	N	Y	N	N	N	N	N	N	N	N	N	N	6.1959	0.0000	35.3767	0.0000	0.0000	11.1640	0.0000	32.6052	15.7276	0.0000	102.1152	0.0000	0.0000	0.0000	16.4842	0.0000	104.4099	2.5384	2.3167	2.8865	8.4019	9.9960	0.0000	1.4765	0.0016	3.2023	inf	0.7933	0.5589	-0.0366	2.0019	5.0036	13.5902	36.7244	1.0000	0.0000	1.0000	0.0000	0.0000	0.0000	1.0000	0.0000	1.0000	2.2883	1.2760	1.0123	1.2754	1.2754	0.0000	1.0129	0.0006	1.0123	0.0636	0.0538	0.0098	0.0029	0.0027	0.0002	0.0607	0.0511	0.0096	0.9015	0.5508	0.3507	0.2155	0.1809	0.0346	0.6860	0.3699	0.3161	6.1959	0.0000	35.3767	0.0000	0.0000	0.0000	11.1640	0.0000	32.6052	2.5384	2.3167	2.8865	5.9184	7.0495	0.0000	1.4765	0.0016	3.2023	
9	59	0.4950	8	1	2	0	1	0	0	0	0	N	Y	N	N	N	N	N	N	N	N	N	N	0.0002	0.0002	0.0000	0.0004	0.0004	0.0000	0.0000	0.0000	0.0000	0.0000	0.0000	0.0000	0.0000	0.0000	0.0000	0.0000	0.0000	0.0000	0.0012	0.0013	0.0011	0.0018	0.0018	0.0020	0.0003	0.0001	0.0006	0.0000	0.3432	-0.0000	-0.0003	2.0019	10.4254	13.5902	21.2017	0.0000	0.0000	0.0000	0.0000	0.0000	0.0000	0.0000	0.0000	0.0000	0.0013	0.0009	0.0003	0.0011	0.0009	0.0002	0.0001	0.0000	0.0001	0.1804	0.1584	0.0220	0.0606	0.0576	0.0030	0.1198	0.1008	0.0190	1.0309	0.7375	0.2934	0.6145	0.5074	0.1071	0.4165	0.2301	0.1864	0.0002	0.0002	0.0000	0.0004	0.0004	0.0000	0.0000	0.0000	0.0000	0.0012	0.0013	0.0011	0.0018	0.0018	0.0020	0.0003	0.0001	0.0006
9	60	0.0803	2	2	1	1	0	0	0	0	0	Y	N	N	N	N	N	N	N	N	N	N	N	0.1447	0.0000	0.4045	0.0000	0.0000	0.1375	0.3994	0.0011	0.0000	0.0070	0.0000	0.0000	0.0000	0.0011	0.0000	0.0070	0.0074	0.0008	0.0172	0.0034	0.0037	0.0000	0.0080	0.0000	0.0176	inf	14.8946	0.0000	0.0005	2.0019	1.9981	13.5902	3.0867	0.0000	0.0000	0.0000	0.0000	0.0000	0.0000	0.0000	0.0000	0.0000	0.0010	0.0001	0.0009	0.0001	0.0001	0.0000	0.0009	0.0000	0.0009	0.0282	0.0238	0.0043	0.0008	0.0007	0.0001	0.0274	0.0231	0.0043	0.1329	0.0795	0.0534	0.0179	0.0165	0.0014	0.1150	0.0631	0.0520	0.1447	0.0000	0.4045	0.0000	0.0000	0.0000	0.1375	0.0000	0.3994	0.0074	0.0008	0.0172	0.0034	0.0037	0.0000	0.0080	0.0000	0.0176		
9	62	0.0564	2	2	1	1	0	0	0	0	0	Y	N	N	N	N	N	N	N	N	N	N	N	0.0000	0.0000	0.0000	0.0000	0.0000	0.0000	0.0000	0.0000	0.0001	0.0000	0.0004	0.0000	0.0000	0.0000	0.0001	0.0000	0.0004	5.7174	0.5623	20.6781	2.6843	2.7756	0.1736	5.2584	0.0000	15.6785	inf	14.3486	0.0000	1.0282	2.0019	0.0060	13.5902	17.2393	0.0000	0.0000	0.0000	0.0000	0.0000	0.0000	0.0000	0.0000	0.0000	2.1580	0.1406	2.0174	0.1409	0.1406	0.0003	2.0171	0.0000	2.0171	0.0004	0.0003	0.0001	0.0001	0.0001	0.0000	0.0002	0.0002	0.0000	0.4361	0.2500	0.1861	0.0525	0.0507	0.0018	0.3836	0.1994	0.1842	0.0000	0.0000	0.0000	0.0000	0.0000	0.0000	0.0000	0.0000	0.0000	4.9485	0.5623	10.8431	2.6843	2.7756	0.1736	5.2584	0.0000	10.9499	
9	63	0.1477	4	1	1	1	0	0	0	0	0	N	N	N	N	N	N	N	N	N	N	N	N	0.0000	0.0000	0.0000	0.0000	0.0000	0.0000	0.0000	0.0000	0.0000	0.0000	0.0000	0.0000	0.0000	0.0000	0.0000	0.0000	0.0000	0.3548	0.5176	0.0004	0.7117	0.8635	0.0006	0.0002	0.0000	0.0004	0.0004	0.0000	-0.1161	2.0019	1.0230	13.5902	12.1924	0.0000	0.0000	0.0000	0.0000	0.0000	0.0000	0.0000	0.0000	0.0000	0.2534	0.2533	0.0001	0.2534	0.2533	0.0000	0.0001	0.0000	0.0001	0.0211	0.0184	0.0027	0.0054	0.0052	0.0002	0.0157	0.0132	0.0025	0.7143	0.4894	0.2249	0.3560	0.2934	0.0626	0.3583	0.1961	0.1622	0.0000	0.0000	0.0000	0.0000	0.0000	0.0000	0.0000	0.0000	0.0000	0.3548	0.5176	0.0004	0.7117	0.8635	0.0006	0.0002	0.0000	0.0004		
9	64	0.1109	3	1	1	0	0	0	0	0	0	N	N	N	N	N	N	N	N	N	N	N	N	0.0000	0.0000	0.0000	0.0000	0.0000	0.0000	0.0000	0.0000	0.0000	0.0000	0.0000	0.0000	0.0000	0.0000	0.0000	0.0000	0.0000	0.0000	0.3613	0.5389	0.0656	1.1218	1.2514	0.4735	0.0440	0.0782	0.0043	0.0732	0.0000	-0.0591	2.0019	2.4556	13.5902	12.4191	0.0000	0.0000	0.0000	0.0000	0.0000	0.0000	0.0000	0.0000	0.0000	0.1515	0.1412	0.0103	0.1385	0.1287	0.0097	0.0130	0.0124	0.0006	0.0316	0.0267	0.0049	0.0015	0.0014	0.0001	0.0302	0.0254	0.0048	0.4193	0.2620	0.1573	0.1234	0.1029	0.0206	0.2959	0.1591	0.1368	0.0000	0.0000	0.0000	0.0000	0.0000	0.0000	0.0000	0.0000	0.0000	0.3613	0.5389	0.0656	1.1218	1.2514	0.4735	0.0440	0.0782	0.0043	
9	65	0.2333	5	1	2	0	0	0	0	0	0	N	Y	N	N	N	N	N	N	N	N	N	N	4.4199	0.0000	3245.7106	0.0000	0.0000	0.0000	5.0600	0.0000	inf	0.0404	0.0000	0.2919	0.0000	0.0000	0.0000	0.0577	0.0000	0.3588	0.0091	0.0133	0.0001	0.0061	0.0070	0.0005	0.0114	0.0208	0.0000	inf	0.0031	0.0006	-0.0015	2.0019	1.7555	13.5902	11.9300	0.0011	0.0000	0.0011	0.0000	0.0000	0.0000	0.0011	0.0000	0.0011	0.0032	0.0032	0.0000	0.0009	0.0009	0.0000	0.0023	0.0023	0.0000	0.0282	0.0243	0.0039	0.0085	0.0077	0.0007	0.0197	0.0166	0.0032	0.3527	0.2415	0.1112	0.1511	0.1312	0.0199	0.2016	0.1103	0.0913	4.4199	0.0000	3245.7106	0.0000	0.0000	0.0000	5.0600	0.0000	inf	0.0091	0.0133	0.0001	0.0061	0.0070	0.0005	0.0114	0.0208	0.0000
9	66	0.1085	5	2	2	1	0	0	0	0	0	Y	Y	N	N	N	N	N	N	N	N	N	N	0.0000	0.0000	0.0000	0.0000	0.0000	0.0000	0.0000	0.0000	0.0000	0.0000	0.0000	0.0000	0.0000	0.0000	0.0000	0.0000	0.0000	0.0000	0.0000	0.0000	2.0019	0.0000	13.5902	0.0000	0.0000	0.0000	0.0000	0.0000	0.0000	0.0000	0.0000	0.0000	0.0000	0.0000	0.0000	0.0000	0.0000	0.0000	0.0000	0.0000	0.0000	0.0000	0.0000	0.0000	0.0000	0.0000	0.0000	0.0000	0.0000	0.0000	0.0000	0.0000	0.0000	0.0000	0.0000	0.0000	0.0000	0.0000	0.0000	0.0000	0.0000	0.0000	0.0000	0.0000	0.0000	0.0000	0.0000	0.0000	0.0000	0.0000	0.0000	0.0000	0.0000	0.0000	0.0000	0.0000	0.0000	0.0000											
9	67	0.7168	10	2	2	1	0	0	0	0	0	Y	Y	N	N	N	N	N	N	N	N	N	N	0.0000	0.0000	0.0000	0.0000	0.0000	0.0000	0.0000	0.0000	0.0000	0.0000	0.0000	0.0000	0.0000	0.0000	0.0000	0.0000	0.0000	0.0000	0.0000	0.0000	2.0019	1.0000	13.5902	3.0000	0.0000	0.0000	0.0000	0.0000	0.0000	0.0000	0.0000	0.0000	0.0000	0.0000	0.0000	0.0000	0.0000	0.0000	0.0000	0.0000	0.0000	0.0000	0.0113	0.0098	0.0015	0.0029	0.0027	0.0002	0.0085	0.0072	0.0013	0.0790	0.0543	0.0247	0.0527	0.0405	0.0122	0.0263	0.0138	0.0125	0.0000	0.0000	0.0000	0.0000	0.0000	0.0000	0.0000	0.0000	0.0000	0.0000	0.0000	0.0000	0.0000	0.0000	0.0000	0.0000	0.0000	0.0000											
9	68	0.1085	5	2	2	1	0	0	0	0	0	Y	Y	N	N	N	N	N	N	N	N	N	N	0.0000	0.0000	0.0000	0.0000	0.0000	0.0000	0.0000	0.0000	0.0000	0.0000	0.0000	0.0000	0.0000	0.0000	0.0000	0.0000	0.0000	0.0000	0.0000	0.0000	2.0019	1.0000	13.5902	0.0000	0.0000	0.0000	0.0000	0.0000	0.0000	0.0000	0.0000	0.0000	0.0000	0.0000	0.0000	0.0000	0.0000	0.0000	0.0000	0.0000	0.0000	0.0000	0.0140	0.0118	0.0022	0.0005	0.0004	0.0000	0.0135	0.0114	0.0022	0.0247	0.0148	0.0100	0.0055	0.0046	0.0009	0.0192	0.0101	0.0091	0.0000	0.0000	0.0000	0.0000	0.0000	0.0000	0.0000	0.0000	0.0000	0.0000	0.0000	0.0000	0.0000	0.0000	0.0000	0.0000	0.0000	0.0000											
9	69	0.0921	4	2	2	1	0	0	0	0	0	Y	Y	N	N	N	N	N	N	N	N	N	N	0.0000	0.0000	0.0000	0.0000	0.0000	0.0000	0.0000	0.0000	0.0000	0.0000	0.0000	0.0000	0.0000	0.0000	0.0000	0.0000	0.0000	0.0000	0.0056	0.0089	0.0001	0.0006	0.0006	0.0007	0.0070	0.0126	0.0000	0.0053	0.0000	-0.0005	2.0019	1.0155	13.5902	5.9708	0.0000	0.0000	0.0000	0.0000	0.0000	0.0000	0.0000	0.0000	0.0000	0.0011	0.0011	0.0000	0.0000	0.0000	0.0000	0.0011	0.0011	0.0000	0.0151	0.0128	0.0023	0.0009	0.0008	0.0000	0.0142	0.0119	0.0023	0.1967	0.1242	0.0724	0.0429	0.0384	0.0045	0.1538	0.0858	0.0680	0.0000	0.0000	0.0000	0.0000	0.0000	0.0000	0.0000	0.0000	0.0000	0.0056	0.0089	0.0001	0.0006	0.0006	0.0007	0.0070	0.0126	0.0000	
9	70	0.0873	3	2	1	1	0	0	0	0	0	Y	N	N	N	N	N	N	N	N	N	N	N	0.0000	0.0000	0.0000	0.0000	0.0000	0.0000	0.0000	0.0000	0.0000	0.0000	0.0000	0.0000	0.0000	0.0000	0.0000	0.0000	0.0000	0.0000	1.0581	1.5249	0.0027	0.0454	0.0469	0.0078	1.6351	3.0251	0.0024	0.0008	0.0000	-0.0667	2.0019	0.0406	13.5902	2.3361	0.0000	0.0000	0.0000	0.0000	0.0000	0.0000	0.0000	0.0000	0.0000	0.1458	0.1457	0.0001	0.0023	0.0023	0.0000	0.1435	0.1434	0.0001	0.0015	0.0013	0.0002	0.0005	0.0005	0.0000	0.0010	0.0008	0.0002	0.1378	0.0955	0.0423	0.0500	0.0481	0.0019	0.0878	0.0474	0.0404	0.0000	0.0000	0.0000	0.0000	0.0000	0.0000	0.0000	0.0000	0.0000	1.0581	1.5249	0.0027	0.0454	0.0469	0.0078	1.6351	3.0251	0.0024	
9	71	0.7168	10	2	2	1	0	0	0	0	0	Y	Y	N	N	N	N	N	N	N	N	N	N	0.0000	0.0000	0.0000	0.0000	0.0000	0.0000	0.0000	0.0000	0.0000	0.0000	0.0000	0.0000	0.0000	0.0000	0.0000	0.0000	0.0000	0.0000	0.0000	0.0000	2.0019	0.0000	13.5902	0.0000	0.0000	0.0000	0.0000	0.0000	0.0000	0.0000	0.0000	0.0000	0.0000	0.0000	0.0000	0.0000	0.0000	0.0000	0.0000	0.0000	0.0000	0.0000	0.0000	0.0000	0.0000	0.0000	0.0000	0.0000	0.0000	0.0000	0.0000	0.0000	0.0000	0.0000	0.0000	0.0000	0.0000	0.0000	0.0000	0.0000	0.0000	0.0000	0.0000	0.0000	0.0000	0.0000	0.0000	0.0000	0.0000	0.0000	0.0000	0.0000	0.0000	0.0000	0.0000	0.0000	0.0000	0.0000											
9	72	0.6987	9	2	2	1	0	0	0	0	0	Y	Y	N	N	N	N	N	N	N	N	N	N	0.0000	0.0000	0.0000	0.0000	0.0000	0.0000	0.0000	0.0000	0.0000	0.0000	0.0000	0.0000	0.0000	0.0000	0.0000	0.0004	0.0005	0.0002	0.0006	0.0006	0.0004	0.0000	0.0000	0.0000	0.2069	0.0000	-0.0000	2.0019	3.9057	13.5902	1.1104	0.0000	0.0000	0.0000	0.0000	0.0000	0.0000	0.0000	0.0000	0.0000	0.0001	0.0000	0.0000	0.0001	0.0000	0.0000	0.0000	0.0000	0.0000	0.0505	0.0438	0.0066	0.0142	0.0132	0.0010	0.0363	0.0306	0.0056	0.1375	0.0960	0.0415	0.1027	0.0776	0.0251	0.0349	0.0184	0.0164	0.0000	0.0000	0.0000	0.0000	0.0000	0.0000	0.0000	0.0000	0.0000	0.0004	0.0005	0.0002	0.0006	0.0006	0.0004	0.0000	0.0000	0.0000				
9	73	0.4960	7	2	2	0	0	0	0	0	0	Y	Y	N	N	N	N	N	N	N	N	N	N	0.0000	0.0000	0.0000	0.0000	0.0000	0.0000	0.0000	0.0000	0.0000	0.0000	0.0000	0.0000	0.0000	0.0000	0.0000	0.0000	0.0000	0.1082	0.0028	0.3478	0.0396	0.0042	0.1996	0.2015	0.0000	0.4248	53.7894	0.0000	0.0329	2.0019	6.9070	13.5902	16.5673	0.0000	0.0000	0.0000	0.0000	0.0000	0.0000	0.0000	0.0000	0.0000	0.0628	0.0011	0.0616	0.0132	0.0011	0.0121	0.0495	0.0000	0.0495	0.1565	0.1366	0.0199	0.0688	0.0622	0.0067	0.0877	0.0745	0.0132	0.5803	0.4031	0.1772	0.3345	0.2738	0.0606	0.2458	0.1293	0.1166	0.0000	0.0000	0.0000	0.0000	0.0000	0.0000	0.0000	0.0000	0.0000	0.1082	0.0028	0.3478	0.0396	0.0042	0.1996	0.2015	0.0000	0.4248		
9	74	0.5599	9	1	2	0	1	0	0	0	0	N	Y	N	N	N	N	N	N	N	N	N	N	0.0000	0.0000	0.0000	0.0000	0.0000	0.0000	0.0000	0.0000	0.0000	0.0000	0.0000	0.0000	0.0000	0.0000	0.0000	0.0000	0.0000	0.0000	0.0703	0.0484	0.1203	0.0509	0.0626	0.0009	0.1030	0.0102	0.1975	0.0000	1.0858	-0.0000	0.0024	2.0019	6.4226	13.5902	19.3377	0.0000	0.0000	0.0000	0.0000	0.0000	0.0000	0.0000	0.0000	0.0000	0.0387	0.0186	0.0202	0.0176	0.0175	0.0001	0.0212	0.0011	0.0201	0.0897	0.0772	0.0125	0.0221	0.0206	0.0015	0.0676	0.0566	0.0111	0.5507	0.3832	0.1675	0.3454	0.2796	0.0657	0.2054	0.1036	0.1018	0.0000	0.0000	0.0000	0.0000	0.0000	0.0000	0.0000	0.0000	0.0000	0.0703	0.0484	0.1203	0.0509	0.0626	0.0009	0.1030	0.0102	0.1975
9	75	0.5147	8	1	1	0	1	0	0	0	0	N	N	N	N	N	N	N	N	N	N	N	N	0.0000	0.0000	0.0000	0.0000	0.0000	0.0000	0.0000	0.0000	0.0000	0.0000	0.0000	0.0000	0.0000	0.0000	0.0000	0.0000	0.0000	0.0000	1.0516	0.1412	3.2619	0.0343	0.0403	0.0037	2.4491	0.3583	4.8375	0.0000	9.5185	-0.0000	0.3347	2.0019	5.1932	13.5902	17.4397	0.0000	0.0000	0.0000	0.0000	0.0000	0.0000	0.0000	0.0000	0.0000	0.7495	0.0713	0.6783	0.0141	0.0139	0.0002	0.7354	0.0574	0.6780	0.0872	0.0765	0.0107	0.0253	0.0241	0.0011	0.0619	0.0523	0.0095	0.7127	0.5048	0.2079	0.4125	0.3447	0.0678	0.3003	0.1601	0.1402	0.0000	0.0000	0.0000	0.0000	0.0000	0.0000	0.0000	0.0000	0.0000	1.0516	0.1412	3.2619	0.0343	0.0403	0.0037	2.4491	0.3583	4.8375
9	76	0.4777	7	1	1	0	0	0	0	0	0	N	N	N	N	N	N	N	N	N	N	N	N	0.0000	0.0000	0.0000	0.0000	0.0000	0.0000	0.0000	0.0000	0.0000	0.0000	0.0000	0.0000	0.0000	0.0000	0.0000	0.0000	0.0000	0.0000	2.3983	2.8622	1.1970	0.1922	0.2296	0.0026	5.6276	8.6658	1.8438	0.1615	0.0000	-0.6363	2.0019	4.4918	13.5902	17.5337	0.0000	0.0000	0.0000	0.0000	0.0000	0.0000	0.0000	0.0000	0.0000	1.9929	1.7157	0.2771	0.0949	0.0947	0.0002	1.8980	1.6211	0.2769	0.0777	0.0677	0.0100	0.0236	0.0225	0.0011	0.0541	0.0452	0.0089	0.8310	0.5994	0.2315	0.4937	0.4124	0.0813	0.3373	0.1871	0.1502	0.0000	0.0000	0.0000	0.0000	0.0000	0.0000	0.0000	0.0000	0.0000	2.3983	2.8622	1.1970	0.1922	0.2296	0.0026	5.6276	8.6658	1.8438	
9	77	0.2068	6	1	1	0	1	0	0	0	0	N	N	N	N	N	N	N	N	N	N	N	N	0.0000	0.0000	0.0000	0.0000	0.0000	0.0000	0.0000	0.0000	0.0000	0.0000	0.0000	0.0000	0.0000	0.0000	0.0000	0.0000	0.0000	0.0000	2.4884	3.6998	0.0001	0.0046	0.0053	0.0004	4.2600	7.8728	0.0000	0.0000	0.0000	-0.4409	2.0019	0.3745	13.5902	14.7996	0.0000	0.0000	0.0000	0.0000	0.0000	0.0000	0.0000	0.0000	0.0000	0.9619	0.9618	0.0000	0.0007	0.0007	0.0000	0.9611	0.9611	0.0000	0.0068	0.0060	0.0008	0.0016	0.0015	0.0001	0.0053	0.0045	0.0007	0.3865	0.2600	0.1266	0.1609	0.1379	0.0230	0.2256	0.1221	0.1035	0.0000	0.0000	0.0000	0.0000	0.0000	0.0000	0.0000	0.0000	0.0000	2.4884	3.6998	0.0001	0.0046	0.0053	0.0004	4.2600	7.8728	0.0000	
9	78	0.1845	5	1	1	0	1	0	0	0	0	N	N	N	N	N	N	N	N	N	N	N	N	0.0000	0.0000	0.0000	0.0000	0.0000	0.0000	0.0000	0.0000	0.0000	0.0000	0.0000	0.0000	0.0000	0.0000	0.0000	0.0000	0.0000	0.0000	0.2299	0.3416	0.0036	0.2890	0.3438	0.0005	0.1843	0.3391	0.0045	0.0052	0.0000	-0.0393	2.0019	1.4595	13.5902	10.3922	0.0000	0.0000	0.0000	0.0000	0.0000	0.0000	0.0000	0.0000	0.0000	0.0867	0.0863	0.0005	0.0475	0.0475	0.0000	0.0392	0.0388	0.0004	0.0218	0.0188	0.0030	0.0032	0.0030	0.0002	0.0186	0.0158	0.0029	0.3773	0.2526	0.1247	0.1644	0.1382	0.0262	0.2129	0.1144	0.0985	0.0000	0.0000	0.0000	0.0000	0.0000	0.0000	0.0000	0.0000	0.0000	0.2299	0.3416	0.0036	0.2890	0.3438	0.0005	0.1843	0.3391	0.0045	
9	79	0.1703	4	1	1	0	1	0	0	0	0	N	N	N	N	N	N	N	N	N	N	N	N	0.0000	0.0000	0.0000	0.0000	0.0000	0.0000	0.0000	0.0000	0.0000	0.0000	0.0000	0.0000	0.0000	0.0000	0.0000	0.0000	0.0000	0.0000	0.3553	0.4905	0.0787	0.4328	0.5058	0.0101	0.2896	0.4692	0.0964	0.0784	0.0000	-0.0407	2.0019	1.3861	13.5902	6.3168	0.0000	0.0000	0.0000	0.0000	0.0000	0.0000	0.0000	0.0000	0.0000	0.1054	0.0978	0.0077	0.0589	0.0587	0.0002	0.0465	0.0391	0.0075	0.0191	0.0163	0.0029	0.0022	0.0020	0.0002	0.0169	0.0142	0.0027	0.2967	0.1993	0.0974	0.1361	0.1161	0.0200	0.1606	0.0832	0.0773	0.0000	0.0000	0.0000	0.0000	0.0000	0.0000	0.0000	0.0000	0.0000	0.3553	0.4905	0.0787	0.4328	0.5058	0.0101	0.2896	0.4692	0.0964	
9	80	0.1109	3	1	1	0	1	0	0	0	0	N	N	N	N	N	N	N	N	N	N	N	N	0.0000	0.0000	0.0000	0.0000	0.0000	0.0000	0.0000	0.0000	0.0000	0.0000	0.0000	0.0000	0.0000	0.0000	0.0000	0.0000	0.0000	0.0000	2.1009	3.4006	0.0060	14.9608	17.1745	0.0403	0.0081	0.0136	0.0016	0.0011	0.0000	-0.5703	2.0019	4.0043	13.5902	19.8631	0.0000	0.0000	0.0000	0.0000	0.0000	0.0000	0.0000	0.0000	0.0000	1.2472	1.2458	0.0014	1.2437	1.2426	0.0010	0.0035	0.0032	0.0003	0.0511	0.0433	0.0079	0.0024	0.0022	0.0002	0.0488	0.0411	0.0077	0.5936	0.3664	0.2273	0.1571	0.1314	0.0257	0.4365	0.2349	0.2016	0.0000	0.0000	0.0000	0.0000	0.0000	0.0000	0.0000	0.0000	0.0000	2.1009	3.4006	0.0060	7.9160	9.4552	0.0403	0.0081	0.0136	0.0016	
9	81	0.6515	9	1	2	1	0	0	0	0	0	N	Y	N	N	N	N	N	N	N	N	N	N	0.0000	0.0000	0.0000	0.0000	0.0000	0.0000	0.0000	0.0000	0.0000	0.0000	0.0000	0.0000	0.0000	0.0001	0.0000	0.0004	0.0002	0.0000	0.0009	0.0000	0.0000	0.0000	inf	0.0000	0.0000	2.0019	2.0162	13.5902	4.5500	0.0000	0.0000	0.0000	0.0000	0.0000	0.0000	0.0000	0.0000	0.0000	0.0000	0.0000	0.0000	0.0000	0.0000	0.0000	0.0000	0.0000	0.0000	0.0315	0.0275	0.0040	0.0131	0.0123	0.0009	0.0184	0.0153	0.0031	0.1440	0.0987	0.0453	0.0955	0.0740	0.0215	0.0484	0.0247	0.0238	0.0000	0.0000	0.0000	0.0000	0.0000	0.0000	0.0000	0.0000	0.0000	0.0001	0.0000	0.0004	0.0002	0.0000	0.0009	0.0000	0.0000	0.0000						
9	82	0.0710	3	1	2	1	0	0	0	0	0	N	Y	N	N	N	N	N	N	N	N	N	N	0.0000	0.0000	0.0000	0.0000	0.0000	0.0000	0.0000	0.0000	0.0000	0.0000	0.0000	0.0000	0.0000	0.0000	0.0000	0.0000	0.0000	0.1509	0.2418	0.0265	0.4893	0.4984	0.0371	0.0154	0.0000	0.0263	0.0800	0.0000	-0.0179	2.0019	3.0011	13.5902	3.7015	0.0000	0.0000	0.0000	0.0000	0.0000	0.0000	0.0000	0.0000	0.0000	0.0466	0.0432	0.0034	0.0432	0.0432	0.0001	0.0034	0.0000	0.0034	0.0421	0.0355	0.0066	0.0005	0.0004	0.0000	0.0416	0.0350	0.0066	0.3088	0.1785	0.1303	0.0883	0.0866	0.0017	0.2205	0.0919	0.1286	0.0000	0.0000	0.0000	0.0000	0.0000	0.0000	0.0000	0.0000	0.0000	0.1509	0.2418	0.0265	0.4893	0.4984	0.0371	0.0154	0.0000	0.0263		
9	83	0.0596	2	1	2	0	0	0	0	0	0	N	Y	N	N	N	N	N	N	N	N	N	N	0.0000	0.0000	0.0000	0.0000	0.0000	0.0000	0.0000	0.0000	0.0000	0.0000	0.0000	0.0000	0.0000	0.0000	0.0000	0.0000	0.0000	0.0000	0.3446	0.1529	0.6105	0.2448	0.2455	0.1360	0.4016	0.0003	0.6131	2.8791	0.0000	0.0466	2.0019	2.0032	13.5902	4.2039	0.0000	0.0000	0.0000	0.0000	0.0000	0.0000	0.0000	0.0000	0.0000	0.1643	0.0423	0.1219	0.0425	0.0423	0.0001	0.1218	0.0000	0.1218	0.0284	0.0239	0.0045	0.0002	0.0002	0.0000	0.0282	0.0237	0.0045	0.4767	0.2770	0.1997	0.1734	0.1724	0.0011	0.3033	0.1047	0.1986	0.0000	0.0000	0.0000	0.0000	0.0000	0.0000	0.0000	0.0000	0.0000	0.3446	0.1529	0.6105	0.2448	0.2455	0.1360	0.4016	0.0003	0.6131	
9	84	0.0564	2	2	1	1	0	0	0	0	0	Y	N	N	N	N	N	N	N	N	N	N	N	0.0000	0.0000	0.0000	0.0000	0.0000	0.0000	0.0000	0.0000	0.0000	0.0000	0.0000	0.0000	0.0000	0.0000	0.0000	0.0000	0.0000	16.1245	0.1304	58.7227	0.4640	0.4705	0.1998	12.8814	0.0000	51.0473	inf	141.4334	0.0000	1.0234	2.0019	1.0052	13.5902	4.9545	0.0000	0.0000	0.0000	0.0000	0.0000	0.0000	0.0000	0.0000	0.0000	1.9144	0.0134	1.9009	0.0136	0.0134	0.0001	1.9008	0.0000	1.9008	0.0145	0.0122	0.0023	0.0004	0.0004	0.0000	0.0141	0.0119	0.0023	0.1786	0.1030	0.0755	0.0293	0.0286	0.0007	0.1493	0.0745	0.0748	0.0000	0.0000	0.0000	0.0000	0.0000	0.0000	0.0000	0.0000	0.0000	10.7193	0.1304	25.1617	0.4640	0.4705	0.1998	12.7294	0.0000	25.3962	
9	86	0.2048	4	2	2	0	0	0	0	0	0	Y	Y	N	N	N	N	N	N	N	N	N	N	0.0002	0.0000	0.0137	0.0004	0.0000	0.0970	0.0012	0.0000	0.0155	0.0000	0.0000	0.0001	0.0001	0.0000	0.0022	0.0000	0.0000	0.0000	0.0595	0.0825	0.0047	0.1426	0.1620	0.0224	0.0010	0.0013	0.0004	inf	0.0240	0.0000	-0.0130	2.0019	5.8060	13.5902	6.1034	0.0000	0.0000	0.0000	0.0000	0.0000	0.0000	0.0000	0.0000	0.0000	0.0299	0.0292	0.0007	0.0296	0.0290	0.0006	0.0003	0.0002	0.0001	0.0951	0.0802	0.0149	0.0137	0.0133	0.0004	0.0814	0.0669	0.0145	0.5022	0.3540	0.1482	0.2077	0.1788	0.0289	0.2945	0.1752	0.1193	0.0002	0.0000	0.0137	0.0004	0.0000	0.0970	0.0012	0.0000	0.0155	0.0595	0.0825	0.0047	0.1426	0.1620	0.0224	0.0010	0.0013	0.0004
9	87	0.1109	3	2	2	0	0	0	0	0	0	Y	Y	N	N	N	N	N	N	N	N	N	N	0.0000	0.0000	0.0000	0.0000	0.0000	0.0000	0.0052	0.0098	0.0000	0.0001	0.0001	0.0000	0.0000	0.0000	0.0000	0.0001	0.0001	0.0000	2.5811	4.1618	0.0783	24.2119	27.4742	0.5910	0.0134	0.0084	0.0193	0.0000	0.0119	-0.0000	-0.8925	2.0019	12.2869	13.5902	21.7146	0.0000	0.0000	0.0000	0.0000	0.0000	0.0000	0.0000	0.0000	0.0000	1.9982	1.9748	0.0235	1.9904	1.9721	0.0183	0.0078	0.0026	0.0052	0.1509	0.1279	0.0230	0.0068	0.0063	0.0005	0.1440	0.1216	0.0225	0.7742	0.4745	0.2997	0.1915	0.1606	0.0309	0.5826	0.3139	0.2688	0.0000	0.0000	0.0000	0.0000	0.0000	0.0000	0.0052	0.0098	0.0000	2.5811	4.1618	0.0783	10.3921	12.2791	0.5910	0.0134	0.0084	0.0193
9	88	0.0596	2	1	2	0	0	0	0	0	0	N	Y	N	N	N	N	N	N	N	N	N	N	0.0000	0.0000	0.0000	0.0000	0.0000	0.0000	0.0000	0.0000	0.0000	0.0000	0.0000	0.0000	0.0000	0.0000	0.0000	0.0000	0.0000	1.9996	0.6952	3.8090	1.4007	1.4160	0.0398	2.2425	0.0000	3.8381	3.9496	0.0000	0.4242	2.0019	4.0005	13.5902	9.0093	0.0000	0.0000	0.0000	0.0000	0.0000	0.0000	0.0000	0.0000	0.0000	1.2492	0.2524	0.9969	0.2525	0.2524	0.0001	0.9968	0.0000	0.9968	0.0560	0.0472	0.0088	0.0004	0.0004	0.0000	0.0556	0.0469	0.0088	0.6247	0.3630	0.2617	0.1802	0.1782	0.0020	0.4445	0.1848	0.2597	0.0000	0.0000	0.0000	0.0000	0.0000	0.0000	0.0000	0.0000	0.0000	1.9996	0.6952	3.8090	1.4007	1.4160	0.0398	2.2425	0.0000	3.8381		
9	90	0.2333	5	1	1	1	0	0	0	0	0	N	N	N	N	N	N	N	N	N	N	N	N	3.1464	0.0000	1869.5545	0.0000	0.0000	0.0000	2.8986	0.0000	inf	0.0315	0.0000	0.2262	0.0000	0.0000	0.0000	0.0434	0.0000	0.2711	0.0100	0.0143	0.0001	0.0036	0.0040	0.0007	0.0150	0.0269	0.0000	inf	0.0037	0.0006	-0.0012	2.0019	2.3559	13.5902	7.1930	0.0011	0.0000	0.0011	0.0000	0.0000	0.0000	0.0011	0.0000	0.0011	0.0027	0.0027	0.0000	0.0004	0.0004	0.0000	0.0023	0.0023	0.0000	0.0362	0.0311	0.0050	0.0099	0.0090	0.0008	0.0263	0.0221	0.0042	0.2729	0.1902	0.0826	0.1192	0.1048	0.0144	0.1537	0.0854	0.0683	3.1464	0.0000	1869.5545	0.0000	0.0000	0.0000	2.8986	0.0000	inf	0.0100	0.0143	0.0001	0.0036	0.0040	0.0007	0.0150	0.0269	0.0000
9	91	0.2005	4	1	1	0	0	0	0	0	0	N	N	N	N	N	N	N	N	N	N	N	N	50.6208	0.0005	14788.2885	0.0308	0.0057	3.9020	43.2288	0.0000	23145.4019	9.0900	0.0001	73.5944	0.0020	0.0004	0.0406	12.8809	0.0000	81.0179	0.1796	0.2494	0.0050	0.0635	0.0708	0.0104	0.2980	0.5425	0.0035	78877.0106	0.0080	0.5521	-0.0616	2.0019	4.9284	13.5902	11.0439	0.9880	0.0000	0.9879	0.0001	0.0000	0.0000	0.9879	0.0000	0.9879	0.1369	0.1358	0.0011	0.0244	0.0239	0.0005	0.1124	0.1118	0.0006	0.1087	0.0953	0.0134	0.0320	0.0308	0.0012	0.0767	0.0645	0.0122	0.7622	0.5444	0.2178	0.3848	0.3382	0.0466	0.3773	0.2061	0.1712	50.6208	0.0005	14788.2885	0.0308	0.0057	3.9020	43.2288	0.0000	23145.4019	0.1796	0.2494	0.0050	0.0635	0.0708	0.0104	0.2980	0.5425	0.0035
9	92	0.1109	3	1	1	0	0	0	0	0	0	N	N	N	N	N	N	N	N	N	N	N	N	0.0764	0.0003	85.6951	0.0000	0.0000	0.0000	0.0692	0.0002	90.1676	0.2192	0.0012	1.4141	0.0000	0.0000	0.0000	0.2298	0.0012	1.4458	2.8697	4.7116	0.0165	1.5058	1.7920	0.0205	3.3208	6.1510	0.0160	218.4000	0.0022	0.0061	-0.9937	2.0019	3.9161	13.5902	29.2065	0.0110	0.0000	0.0109	0.0000	0.0000	0.0000	0.0110	0.0000	0.0109	2.1785	2.1737	0.0048	0.2841	0.2835	0.0006	1.8944	1.8902	0.0042	0.0500	0.0423	0.0077	0.0023	0.0021	0.0002	0.0477	0.0402	0.0076	0.7591	0.4655	0.2937	0.1887	0.1582	0.0305	0.5705	0.3073	0.2632	0.0764	0.0003	85.6951	0.0000	0.0000	0.0000	0.0692	0.0002	90.1676	2.8697	4.6696	0.0165	1.5058	1.7920	0.0205	3.3208	6.1510	0.0160
9	93	0.6515	9	2	2	0	0	0	0	0	0	Y	Y	N	N	N	N	N	N	N	N	N	N	0.1774	0.1394	0.0000	0.3127	0.2585	0.0000	0.0000	0.0000	0.0029	0.0034	0.0000	0.0072	0.0077	0.0000	0.0000	0.0000	0.0000	0.0166	0.0242	0.0003	0.0229	0.0298	0.0007	0.0040	0.0078	0.0000	0.0000	0.0062	-0.0000	-0.0015	2.0019	2.5103	13.5902	7.4742	0.0001	0.0001	0.0000	0.0001	0.0001	0.0000	0.0000	0.0000	0.0000	0.0032	0.0032	0.0000	0.0030	0.0030	0.0000	0.0003	0.0003	0.0000	0.0375	0.0328	0.0047	0.0154	0.0143	0.0011	0.0221	0.0184	0.0036	0.1949	0.1330	0.0619	0.1299	0.0992	0.0307	0.0651	0.0339	0.0312	0.1774	0.1394	0.0000	0.3127	0.2585	0.0000	0.0000	0.0000	0.0000	0.0166	0.0242	0.0003	0.0229	0.0298	0.0007	0.0040	0.0078	0.0000	
9	94	0.6152	8	1	2	0	0	0	0	0	0	N	Y	N	N	N	N	N	N	N	N	N	N	0.0728	0.0696	0.1282	0.0011	0.0021	0.0000	0.1124	0.0541	1.5963	0.0009	0.0008	0.0022	0.0000	0.0000	0.0000	0.0015	0.0013	0.0026	0.0128	0.0110	0.0168	0.0126	0.0071	0.0316	0.0132	0.0237	0.0016	0.3721	0.6629	-0.0000	-0.0002	2.0019	7.1305	13.5902	3.2426	0.0001	0.0001	0.0000	0.0000	0.0000	0.0000	0.0001	0.0001	0.0000	0.0033	0.0020	0.0013	0.0022	0.0010	0.0012	0.0011	0.0010	0.0001	0.1188	0.1049	0.0139	0.0449	0.0425	0.0025	0.0739	0.0624	0.0115	0.2548	0.1775	0.0773	0.1741	0.1350	0.0391	0.0807	0.0425	0.0382	0.0728	0.0696	0.1282	0.0011	0.0021	0.0000	0.1124	0.0541	1.5963	0.0128	0.0110	0.0168	0.0126	0.0071	0.0316	0.0132	0.0237	0.0016
9	96	0.1109	3	1	1	0	0	0	0	0	0	N	N	N	N	N	N	N	N	N	N	N	N	0.0000	0.0000	0.0000	0.0000	0.0000	0.0000	0.0000	0.0000	0.0000	0.0000	0.0000	0.0000	0.0000	0.0000	0.0000	3.1869	5.6412	0.0000	12.2442	13.9564	0.0000	1.8575	3.4490	0.0000	0.0000	0.0000	-1.0511	2.0019	11.9964	13.5902	18.8414	0.0000	0.0000	0.0000	0.0000	0.0000	0.0000	0.0000	0.0000	0.0000	2.2930	2.2930	0.0000	1.2930	1.2930	0.0000	1.0000	1.0000	0.0000	0.1475	0.1250	0.0225	0.0067	0.0062	0.0005	0.1408	0.1188	0.0220	0.7195	0.4418	0.2778	0.1812	0.1518	0.0293	0.5384	0.2899	0.2484	0.0000	0.0000	0.0000	0.0000	0.0000	0.0000	0.0000	0.0000	0.0000	3.1869	5.1908	0.0000	7.1375	8.5170	0.0000	1.8575	3.4490	0.0000				
9	98	0.0675	3	2	2	1	0	0	0	0	0	Y	Y	N	N	N	N	N	N	N	N	N	N	0.0000	0.0000	0.0000	0.0000	0.0000	0.0000	0.0000	0.0000	0.0000	0.0000	0.0000	0.0000	0.0000	0.0000	0.0000	0.0000	0.0000	3.4117	1.0640	7.6918	3.6638	3.8610	0.0156	3.3596	0.0000	6.9288	4.4406	0.0000	0.5391	2.0019	0.9502	13.5902	16.1595	0.0000	0.0000	0.0000	0.0000	0.0000	0.0000	0.0000	0.0000	0.0000	1.5067	0.2769	1.2297	0.2770	0.2769	0.0001	1.2297	0.0000	1.2297	0.0160	0.0137	0.0023	0.0021	0.0020	0.0001	0.0140	0.0117	0.0022	0.4416	0.2603	0.1814	0.0756	0.0717	0.0039	0.3660	0.1885	0.1775	0.0000	0.0000	0.0000	0.0000	0.0000	0.0000	0.0000	0.0000	0.0000	3.4117	1.0640	6.7810	3.6638	3.8610	0.0156	3.3596	0.0000	6.9288		
9	99	0.1109	3	1	2	0	0	0	0	0	0	N	Y	N	N	N	N	N	N	N	N	N	N	0.0000	0.0000	0.0000	0.0000	0.0000	0.0000	0.0000	0.0000	0.0000	0.0000	0.0000	0.0000	0.0000	0.0000	0.0000	0.0000	0.0000	1.9632	2.4522	1.1813	8.6043	9.9486	0.6370	0.5759	0.0000	1.2476	0.3013	0.0000	-0.2952	2.0019	11.9964	13.5902	15.6499	0.0000	0.0000	0.0000	0.0000	0.0000	0.0000	0.0000	0.0000	0.0000	1.3013	1.0000	0.3013	1.0176	1.0000	0.0176	0.2836	0.0000	0.2836	0.1475	0.1250	0.0225	0.0067	0.0062	0.0005	0.1408	0.1188	0.0220	0.6628	0.4078	0.2550	0.1704	0.1427	0.0277	0.4925	0.2651	0.2273	0.0000	0.0000	0.0000	0.0000	0.0000	0.0000	0.0000	0.0000	0.0000	1.9632	2.4522	1.1813	5.9735	7.0097	0.6370	0.5759	0.0000	1.2476		
9	100	0.0705	4	2	1	1	0	0	0	0	0	Y	N	N	N	N	N	N	N	N	N	N	N	0.0000	0.0000	0.0000	0.0000	0.0000	0.0000	0.0000	0.0000	0.0000	0.0000	0.0000	0.0000	0.0000	0.0000	0.0000	0.0000	0.0000	11.3951	13.1622	6.4895	7.1181	6.6028	0.0000	8.5330	10.2995	6.6184	0.4974	0.0000	-0.3778	2.0019	1.0008	13.5902	13.9255	0.0000	0.0000	0.0000	0.0000	0.0000	0.0000	0.0000	0.0000	0.0000	2.9938	1.9994	0.9944	0.3222	0.3222	0.0000	2.6717	1.6772	0.9944	0.0144	0.0122	0.0022	0.0010	0.0009	0.0001	0.0135	0.0113	0.0021	0.3713	0.2175	0.1538	0.0582	0.0547	0.0035	0.3131	0.1628	0.1503	0.0000	0.0000	0.0000	0.0000	0.0000	0.0000	0.0000	0.0000	0.0000	8.0633	9.1924	6.4664	5.5364	5.8940	0.0000	8.5330	10.2995	6.6184		
9	101	0.0675	3	2	1	1	0	0	0	0	0	Y	N	N	N	N	N	N	N	N	N	N	N	0.0000	0.0000	0.0000	0.0000	0.0000	0.0000	0.0000	0.0000	0.0000	0.0000	0.0000	0.0000	0.0000	0.0000	0.0000	0.0000	0.0000	0.0000	4.8003	3.7232	5.2825	9.7097	8.6716	1.6419	3.1949	0.4694	5.3293	0.8535	0.0000	0.0011	2.0019	0.0532	13.5902	2.0467	0.0000	0.0000	0.0000	0.0000	0.0000	0.0000	0.0000	0.0000	0.0000	0.5053	0.2726	0.2327	0.2576	0.2567	0.0009	0.2478	0.0160	0.2318	0.0032	0.0028	0.0003	0.0012	0.0012	0.0000	0.0019	0.0016	0.0003	0.1173	0.0732	0.0440	0.0397	0.0392	0.0006	0.0775	0.0341	0.0435	0.0000	0.0000	0.0000	0.0000	0.0000	0.0000	0.0000	0.0000	0.0000	4.3088	3.7232	5.2825	6.4830	6.5521	1.6419	3.1949	0.4694	5.3293	
9	102	0.0578	2	2	1	1	0	0	0	0	0	Y	N	N	N	N	N	N	N	N	N	N	N	0.0000	0.0000	0.0000	0.0001	0.0001	0.0000	0.0000	0.0000	0.0000	0.0000	0.0001	0.0000	0.0005	0.0005	0.0000	0.0000	0.0000	0.0000	2.7219	2.2455	3.4835	7.7338	5.7368	0.5051	1.7873	0.0317	3.5073	0.0000	0.9704	-0.0000	0.0180	2.0019	2.0948	13.5902	3.0326	0.0000	0.0000	0.0000	0.0000	0.0000	0.0000	0.0000	0.0000	0.0000	0.5260	0.2670	0.2591	0.2650	0.2647	0.0003	0.2611	0.0023	0.2588	0.0323	0.0275	0.0048	0.0031	0.0029	0.0002	0.0293	0.0246	0.0047	0.1933	0.1189	0.0744	0.0472	0.0466	0.0006	0.1461	0.0723	0.0738	0.0000	0.0000	0.0000	0.0001	0.0001	0.0000	0.0000	0.0000	0.0000	2.7219	2.2455	3.4835	5.6148	5.6795	0.5051	1.7873	0.0317	3.5073
9	104	0.1432	4	1	2	0	0	0	0	0	0	N	Y	N	N	N	N	N	N	N	N	N	N	4.0266	0.0000	11.8583	4.9120	0.0000	8.9042	0.0024	0.0068	0.0132	0.0000	0.0912	0.0585	0.0000	0.6547	0.0000	0.0000	0.0000	0.0033	0.0006	0.0077	0.0119	0.0017	0.0735	0.0001	0.0000	0.0003	inf	7.3294	0.0011	0.0012	2.0019	8.9557	13.5902	32.3127	0.0019	0.0000	0.0019	0.0019	0.0000	0.0019	0.0000	0.0000	0.0000	0.0030	0.0004	0.0026	0.0029	0.0004	0.0025	0.0001	0.0000	0.0001	0.1460	0.1248	0.0212	0.0330	0.0300	0.0029	0.1130	0.0948	0.0182	0.9007	0.5624	0.3383	0.2403	0.2062	0.0341	0.6604	0.3562	0.3042	4.0266	0.0000	11.8583	4.9120	0.0000	8.9042	0.0024	0.0000	0.0068	0.0033	0.0006	0.0077	0.0119	0.0017	0.0735	0.0001	0.0000	0.0003	
9	105	0.1687	5	1	1	1	0	0	0	0	0	N	N	N	N	N	N	N	N	N	N	N	N	4.5197	3.0783	0.0000	0.0000	0.0000	0.0000	3.7113	2.4144	0.0000	15.0700	17.9333	0.0000	0.0000	0.0000	0.0000	17.5172	21.2810	0.0000	3.3343	5.8258	0.0004	0.0007	0.0003	0.0031	4.7199	8.8141	0.0000	0.0000	0.0000	-0.4411	-0.4583	2.0019	4.2679	13.5902	7.8415	1.0000	1.0000	0.0000	0.0000	0.0000	0.0000	1.0000	1.0000	0.0000	0.9999	0.9999	0.0000	0.0001	0.0000	0.0000	0.9999	0.9999	0.0000	0.0664	0.0558	0.0106	0.0093	0.0088	0.0005	0.0571	0.0470	0.0101	0.2999	0.1887	0.1112	0.0881	0.0753	0.0128	0.2118	0.1134	0.0984	4.5197	3.3850	0.0000	0.0000	0.0000	0.0000	3.7113	2.4144	0.0000	3.3343	5.2978	0.0004	0.0007	0.0003	0.0031	4.7199	8.8141	0.0000
9	106	0.1432	4	1	1	0	0	0	0	0	0	N	N	N	N	N	N	N	N	N	N	N	N	0.0216	0.1006	0.0000	0.0010	0.0071	0.0000	0.3021	0.4175	0.0000	0.0002	0.0002	0.0000	0.0000	0.0000	0.0000	0.0004	0.0004	0.0000	0.0092	0.0023	0.0220	0.0250	0.0037	0.1824	0.0012	0.0011	0.0014	0.0000	5.2117	-0.0000	0.0012	2.0019	1.9301	13.5902	9.0954	0.0000	0.0000	0.0000	0.0000	0.0000	0.0000	0.0000	0.0000	0.0000	0.0032	0.0005	0.0027	0.0029	0.0004	0.0025	0.0003	0.0001	0.0001	0.0539	0.0469	0.0070	0.0265	0.0241	0.0024	0.0274	0.0227	0.0046	0.3455	0.2248	0.1206	0.1156	0.1019	0.0137	0.2298	0.1229	0.1069	0.0216	0.1006	0.0000	0.0010	0.0071	0.0000	0.3021	0.4175	0.0000	0.0092	0.0023	0.0220	0.0250	0.0037	0.1824	0.0012	0.0011	0.0014
9	107	0.1109	3	1	1	0	0	0	0	0	0	N	N	N	N	N	N	N	N	N	N	N	N	0.0000	0.0000	0.0000	0.0000	0.0000	0.0000	0.0000	0.0000	0.0000	0.0000	0.0000	0.0000	0.0000	0.0000	0.0000	0.0000	0.0000	0.0000	0.0534	0.0106	0.1251	0.1693	0.0254	0.8853	0.0033	0.0007	0.0064	7.0237	0.0000	0.0087	2.0019	3.9049	13.5902	9.6098	0.0000	0.0000	0.0000	0.0000	0.0000	0.0000	0.0000	0.0000	0.0000	0.0209	0.0026	0.0183	0.0200	0.0025	0.0175	0.0009	0.0001	0.0008	0.0499	0.0422	0.0077	0.0023	0.0021	0.0002	0.0476	0.0401	0.0075	0.3918	0.2455	0.1463	0.1181	0.0983	0.0198	0.2737	0.1472	0.1265	0.0000	0.0000	0.0000	0.0000	0.0000	0.0000	0.0000	0.0000	0.0000	0.0534	0.0106	0.1251	0.1693	0.0254	0.8853	0.0033	0.0007	0.0064	
9	108	0.1321	5	1	2	0	0	0	0	0	0	N	Y	N	N	N	N	N	N	N	N	N	N	1.8145	0.0000	478.2436	0.0000	0.0000	0.0000	286.1544	0.0000	927.9594	0.0282	0.0000	0.1873	0.0000	0.0000	0.0000	0.0316	0.0000	0.1973	0.0156	0.0249	0.0004	0.0495	0.0615	0.0013	0.0001	0.0000	0.0002	inf	0.0097	0.0017	-0.0051	2.0019	8.0392	13.5902	22.6195	0.0031	0.0000	0.0031	0.0000	0.0000	0.0000	0.0031	0.0000	0.0031	0.0114	0.0113	0.0001	0.0114	0.0113	0.0001	0.0001	0.0000	0.0000	0.1102	0.0936	0.0166	0.0118	0.0110	0.0008	0.0983	0.0826	0.0158	0.7346	0.4540	0.2806	0.2296	0.1838	0.0458	0.5050	0.2701	0.2348	1.8145	0.0000	478.2436	0.0000	0.0000	0.0000	286.1544	0.0000	927.9594	0.0156	0.0249	0.0004	0.0495	0.0615	0.0013	0.0001	0.0000	0.0002
9	109	0.1321	4	1	1	0	0	0	0	0	0	N	N	N	N	N	N	N	N	N	N	N	N	7.2244	5.6403	12.8966	5.4798	9.0302	0.0000	37.3688	0.0000	1213.1566	0.8932	0.5356	2.6873	1.3248	1.3380	0.0000	0.6737	0.0000	2.7422	0.1236	0.0950	0.2084	0.2418	0.1482	0.9604	0.0180	0.0275	0.0023	1.0000	0.7425	0.0004	-0.0007	2.0019	0.2031	13.5902	2.0398	0.0062	0.0031	0.0031	0.0031	0.0031	0.0000	0.0031	0.0000	0.0031	0.0221	0.0127	0.0094	0.0204	0.0111	0.0093	0.0017	0.0016	0.0001	0.0069	0.0058	0.0012	0.0023	0.0023	0.0000	0.0046	0.0035	0.0011	0.1790	0.1337	0.0452	0.0845	0.0747	0.0097	0.0945	0.0590	0.0355	7.2244	5.6403	12.8966	5.4798	9.0302	0.0000	37.3688	0.0000	1213.1566	0.1236	0.0950	0.2084	0.2418	0.1482	0.9604	0.0180	0.0275	0.0023
9	110	0.7126	10	2	1	1	0	0	0	0	0	Y	N	N	N	N	N	N	N	N	N	N	N	0.0000	0.0000	0.0000	0.0000	0.0000	0.0000	0.0000	0.0000	0.0000	0.0000	0.0000	0.0000	0.0000	0.0000	0.0000	0.0000	0.0000	0.0000	0.0000	0.0000	2.0019	0.0001	13.5902	0.0001	0.0000	0.0000	0.0000	0.0000	0.0000	0.0000	0.0000	0.0000	0.0000	0.0000	0.0000	0.0000	0.0000	0.0000	0.0000	0.0000	0.0000	0.0000	0.0014	0.0011	0.0003	0.0007	0.0007	0.0000	0.0007	0.0004	0.0003	0.0001	0.0001	0.0000	0.0001	0.0001	0.0000	0.0001	0.0000	0.0000	0.0000	0.0000	0.0000	0.0000	0.0000	0.0000	0.0000	0.0000	0.0000	0.0000	0.0000	0.0000	0.0000	0.0000	0.0000	0.0000	0.0000	0.0000											
9	111	0.6987	9	2	1	1	0	0	0	0	0	Y	N	N	N	N	N	N	N	N	N	N	N	0.0000	0.0000	0.0000	0.0000	0.0000	0.0000	0.0000	0.0000	0.0000	0.0000	0.0000	0.0000	0.0000	0.0000	0.0000	0.0000	0.0000	0.0000	0.0006	0.0006	0.0005	0.0006	0.0007	0.0004	0.0005	0.0005	0.0006	0.3255	0.0000	-0.0000	2.0019	1.6718	13.5902	2.9223	0.0000	0.0000	0.0000	0.0000	0.0000	0.0000	0.0000	0.0000	0.0000	0.0001	0.0001	0.0000	0.0001	0.0000	0.0000	0.0000	0.0000	0.0000	0.0250	0.0218	0.0032	0.0078	0.0073	0.0004	0.0172	0.0145	0.0028	0.1298	0.0907	0.0391	0.0974	0.0736	0.0239	0.0324	0.0171	0.0152	0.0000	0.0000	0.0000	0.0000	0.0000	0.0000	0.0000	0.0000	0.0000	0.0006	0.0006	0.0005	0.0006	0.0007	0.0004	0.0005	0.0005	0.0006	
9	112	0.6152	8	2	1	1	0	0	0	0	0	Y	N	N	N	N	N	N	N	N	N	N	N	0.0000	0.0000	0.0000	0.0000	0.0000	0.0000	0.0000	0.0000	0.0000	0.0000	0.0000	0.0000	0.0000	0.0000	0.0000	0.0000	0.0000	0.0000	0.0002	0.0002	0.0003	0.0003	0.0002	0.0005	0.0001	0.0001	0.0000	0.7610	0.0000	-0.0000	2.0019	14.0283	13.5902	7.1084	0.0000	0.0000	0.0000	0.0000	0.0000	0.0000	0.0000	0.0000	0.0000	0.0001	0.0000	0.0000	0.0001	0.0000	0.0000	0.0000	0.0000	0.0000	0.1924	0.1689	0.0235	0.0660	0.0619	0.0041	0.1264	0.1070	0.0194	0.4251	0.2941	0.1310	0.2826	0.2184	0.0643	0.1425	0.0757	0.0668	0.0000	0.0000	0.0000	0.0000	0.0000	0.0000	0.0000	0.0000	0.0000	0.0002	0.0002	0.0003	0.0003	0.0002	0.0005	0.0001	0.0001	0.0000	
9	113	0.5550	7	1	1	0	0	0	0	0	0	N	N	N	N	N	N	N	N	N	N	N	N	0.0001	0.0001	0.0000	0.0002	0.0002	0.0000	0.0000	0.0000	0.0000	0.0000	0.0000	0.0000	0.0000	0.0000	0.0000	0.0000	0.0000	0.0000	0.0027	0.0032	0.0017	0.0041	0.0042	0.0034	0.0004	0.0004	0.0005	0.0000	0.2237	-0.0000	-0.0003	2.0019	8.6129	13.5902	5.1709	0.0000	0.0000	0.0000	0.0000	0.0000	0.0000	0.0000	0.0000	0.0000	0.0012	0.0009	0.0002	0.0011	0.0009	0.0002	0.0001	0.0000	0.0000	0.1550	0.1373	0.0177	0.0538	0.0511	0.0027	0.1012	0.0862	0.0150	0.4239	0.2984	0.1256	0.2671	0.2143	0.0528	0.1569	0.0841	0.0728	0.0001	0.0001	0.0000	0.0002	0.0002	0.0000	0.0000	0.0000	0.0000	0.0027	0.0032	0.0017	0.0041	0.0042	0.0034	0.0004	0.0004	0.0005
9	114	0.4598	6	1	1	0	0	0	0	0	0	N	N	N	N	N	N	N	N	N	N	N	N	0.0005	0.0005	0.0000	0.0000	0.0000	0.0000	0.0011	0.0014	0.0000	0.0001	0.0002	0.0000	0.0000	0.0000	0.0000	0.0002	0.0002	0.0000	0.2629	0.3266	0.1239	0.3308	0.4096	0.0185	0.1689	0.1532	0.1865	0.0000	0.1740	-0.0000	-0.0722	2.0019	16.8607	13.5902	22.7724	0.0000	0.0000	0.0000	0.0000	0.0000	0.0000	0.0000	0.0000	0.0000	0.2329	0.1983	0.0345	0.1701	0.1682	0.0019	0.0627	0.0301	0.0326	0.2304	0.1998	0.0305	0.0622	0.0572	0.0051	0.1681	0.1427	0.0255	0.8857	0.6073	0.2785	0.5144	0.4107	0.1036	0.3714	0.1965	0.1748	0.0005	0.0005	0.0000	0.0000	0.0000	0.0000	0.0011	0.0014	0.0000	0.2629	0.3266	0.1239	0.3308	0.4096	0.0185	0.1689	0.1532	0.1865
9	115	0.0873	3	2	1	1	0	0	0	0	0	Y	N	N	N	N	N	N	N	N	N	N	N	0.0000	0.0000	0.0000	0.0000	0.0000	0.0000	0.0000	0.0000	0.0000	0.0000	0.0000	0.0000	0.0000	0.0000	0.0000	0.0000	0.0000	0.0007	0.0003	0.0013	0.0009	0.0007	0.0042	0.0005	0.0000	0.0012	2.2076	0.0000	0.0000	2.0019	1.0009	13.5902	4.0038	0.0000	0.0000	0.0000	0.0000	0.0000	0.0000	0.0000	0.0000	0.0000	0.0001	0.0000	0.0001	0.0001	0.0000	0.0000	0.0001	0.0000	0.0001	0.0149	0.0126	0.0023	0.0009	0.0009	0.0000	0.0140	0.0118	0.0022	0.2006	0.1326	0.0680	0.0602	0.0567	0.0035	0.1404	0.0759	0.0645	0.0000	0.0000	0.0000	0.0000	0.0000	0.0000	0.0000	0.0000	0.0000	0.0007	0.0003	0.0013	0.0009	0.0007	0.0042	0.0005	0.0000	0.0012		
9	116	0.0590	2	2	1	1	0	0	0	0	0	Y	N	N	N	N	N	N	N	N	N	N	N	0.0000	0.0000	0.0027	0.0005	0.0000	0.0477	0.0000	0.0000	0.0022	0.0001	0.0000	0.0007	0.0001	0.0000	0.0128	0.0001	0.0000	0.0006	2.2853	3.5423	0.2545	0.2714	0.2717	0.2680	2.9017	5.2665	0.2537	inf	0.0445	0.0000	-0.3802	2.0019	1.8441	13.5902	10.4794	0.0000	0.0000	0.0000	0.0000	0.0000	0.0000	0.0000	0.0000	0.0000	0.9144	0.8755	0.0389	0.0255	0.0232	0.0023	0.8890	0.8523	0.0367	0.0377	0.0323	0.0054	0.0062	0.0061	0.0001	0.0316	0.0262	0.0053	0.4001	0.2472	0.1530	0.0938	0.0853	0.0085	0.3064	0.1618	0.1445	0.0000	0.0000	0.0027	0.0005	0.0000	0.0477	0.0000	0.0000	0.0022	2.2853	3.5423	0.2545	0.2714	0.2717	0.2680	2.9017	5.2665	0.2537
9	117	0.3471	4	1	2	0	1	0	0	0	0	N	Y	N	N	N	N	N	N	N	N	N	N	0.0001	0.0001	0.0000	0.0002	0.0002	0.0000	0.0000	0.0000	0.0000	0.0001	0.0002	0.0000	0.0004	0.0004	0.0000	0.0000	0.0000	0.0000	0.9981	1.4223	0.0055	1.8220	2.1799	0.0050	0.0030	0.0008	0.0057	0.0000	0.0016	-0.0000	-0.4563	2.0019	10.5071	13.5902	20.2622	0.0000	0.0000	0.0000	0.0000	0.0000	0.0000	0.0000	0.0000	0.0000	0.9991	0.9974	0.0016	0.9977	0.9973	0.0004	0.0014	0.0002	0.0012	0.1793	0.1564	0.0228	0.0570	0.0530	0.0040	0.1222	0.1034	0.0188	1.0009	0.7013	0.2997	0.5476	0.4575	0.0901	0.4534	0.2438	0.2096	0.0001	0.0001	0.0000	0.0002	0.0002	0.0000	0.0000	0.0000	0.0000	0.9981	1.4223	0.0055	1.8220	2.1799	0.0050	0.0030	0.0008	0.0057
9	118	0.1109	3	1	2	0	1	0	0	0	0	N	Y	N	N	N	N	N	N	N	N	N	N	0.0000	0.0000	0.0000	0.0000	0.0000	0.0000	0.0000	0.0000	0.0000	0.0000	0.0000	0.0000	0.0000	0.0000	0.0000	1.7905	2.9157	0.0000	1.5313	1.8274	0.0000	1.8780	3.4873	0.0000	0.0000	0.0000	-0.5849	2.0019	4.0036	13.5902	26.5072	0.0000	0.0000	0.0000	0.0000	0.0000	0.0000	0.0000	0.0000	0.0000	1.2760	1.2760	0.0000	0.2754	0.2754	0.0000	1.0006	1.0006	0.0000	0.0510	0.0432	0.0079	0.0024	0.0022	0.0002	0.0487	0.0410	0.0077	0.7127	0.4376	0.2750	0.1799	0.1507	0.0291	0.5328	0.2869	0.2459	0.0000	0.0000	0.0000	0.0000	0.0000	0.0000	0.0000	0.0000	0.0000	1.7905	2.9157	0.0000	1.5313	1.8274	0.0000	1.8780	3.4873	0.0000				
9	119	0.1493	4	1	2	0	0	0	0	0	0	N	Y	N	N	N	N	N	N	N	N	N	N	6.7051	4.9515	0.0000	0.0044	0.0046	0.0000	3090.8117	4025.0513	0.0000	13.2862	15.5324	0.0000	0.0575	0.0607	0.0000	17.3752	21.0186	0.0000	1.9815	3.1369	0.0056	13.1075	13.3182	0.0009	0.0056	0.0052	0.0061	0.0000	0.0011	-0.4415	-0.5883	2.0019	3.8169	13.5902	21.2433	1.0008	1.0008	0.0000	0.0010	0.0010	0.0000	0.9998	0.9998	0.0000	1.2865	1.2852	0.0013	1.2838	1.2838	0.0000	0.0027	0.0013	0.0013	0.0753	0.0644	0.0109	0.0178	0.0169	0.0009	0.0575	0.0476	0.0100	0.6493	0.4097	0.2396	0.1744	0.1531	0.0213	0.4749	0.2566	0.2183	6.7051	4.9515	0.0000	0.0078	0.0072	0.0000	3090.8117	4025.0513	0.0000	1.9815	3.1369	0.0056	7.3630	8.3867	0.0009	0.0056	0.0052	0.0061
9	120	0.4950	8	1	2	0	0	0	0	0	0	N	Y	N	N	N	N	N	N	N	N	N	N	0.0001	0.0001	0.0000	0.0002	0.0002	0.0000	0.0000	0.0000	0.0000	0.0000	0.0000	0.0000	0.0001	0.0001	0.0000	0.0000	0.0000	0.0000	0.3287	0.4686	0.0008	0.5648	0.6937	0.0015	0.0003	0.0001	0.0004	0.0000	0.0007	-0.0000	-0.1898	2.0019	16.3276	13.5902	34.9199	0.0000	0.0000	0.0000	0.0000	0.0000	0.0000	0.0000	0.0000	0.0000	0.4146	0.4143	0.0003	0.4145	0.4143	0.0002	0.0001	0.0000	0.0001	0.2482	0.2171	0.0311	0.0749	0.0707	0.0041	0.1733	0.1464	0.0269	1.2615	0.8842	0.3773	0.7339	0.5972	0.1367	0.5276	0.2870	0.2406	0.0001	0.0001	0.0000	0.0002	0.0002	0.0000	0.0000	0.0000	0.0000	0.3287	0.4686	0.0008	0.5648	0.6937	0.0015	0.0003	0.0001	0.0004
9	121	0.4777	7	1	2	0	0	0	0	0	0	N	Y	N	N	N	N	N	N	N	N	N	N	0.0001	0.0001	0.0000	0.0000	0.0000	0.0000	0.0001	0.0001	0.0000	0.0001	0.0001	0.0000	0.0000	0.0000	0.0000	0.0001	0.0002	0.0000	0.8783	1.0451	0.4423	0.7937	0.9451	0.0154	1.0026	1.2662	0.6725	0.0000	0.1619	-0.0000	-0.2276	2.0019	6.1757	13.5902	14.5601	0.0000	0.0000	0.0000	0.0000	0.0000	0.0000	0.0000	0.0000	0.0000	0.7133	0.6139	0.0994	0.3837	0.3824	0.0012	0.3297	0.2315	0.0982	0.0990	0.0861	0.0129	0.0282	0.0268	0.0015	0.0708	0.0593	0.0114	0.8122	0.5874	0.2247	0.4834	0.4046	0.0787	0.3288	0.1828	0.1460	0.0001	0.0001	0.0000	0.0000	0.0000	0.0000	0.0001	0.0001	0.0000	0.8783	1.0451	0.4423	0.7937	0.9451	0.0154	1.0026	1.2662	0.6725
9	122	0.4247	6	1	1	0	0	0	0	0	0	N	N	N	N	N	N	N	N	N	N	N	N	0.0000	0.0000	0.0000	0.0000	0.0000	0.0000	0.0000	0.0000	0.0000	0.0000	0.0000	0.0000	0.0000	0.0000	0.0000	0.0000	0.0000	0.0000	0.6888	0.7509	0.5350	0.3770	0.4452	0.0165	1.0749	1.3264	0.7637	0.0000	0.2879	-0.0000	-0.1478	2.0019	7.5400	13.5902	21.4192	0.0000	0.0000	0.0000	0.0000	0.0000	0.0000	0.0000	0.0000	0.0000	0.6292	0.4886	0.1407	0.1905	0.1892	0.0013	0.4387	0.2994	0.1393	0.1278	0.1114	0.0164	0.0407	0.0382	0.0025	0.0871	0.0732	0.0139	0.9136	0.6507	0.2629	0.5054	0.4250	0.0805	0.4081	0.2257	0.1824	0.0000	0.0000	0.0000	0.0000	0.0000	0.0000	0.0000	0.0000	0.0000	0.6888	0.7509	0.5350	0.3770	0.4452	0.0165	1.0749	1.3264	0.7637
9	126	0.1480	5	1	2	0	0	0	0	0	0	N	Y	N	N	N	N	N	N	N	N	N	N	0.0001	0.0000	28.6767	0.0000	0.0000	0.0000	0.0001	0.0000	71355.3809	0.0004	0.0000	0.0027	0.0000	0.0000	0.0000	0.0005	0.0000	0.0028	3.4912	6.3528	0.0001	0.0172	0.0212	0.0006	5.2190	9.8769	0.0000	inf	0.0000	0.0000	-0.9089	2.0019	5.0407	13.5902	17.1705	0.0000	0.0000	0.0000	0.0000	0.0000	0.0000	0.0000	0.0000	0.0000	1.9829	1.9829	0.0000	0.0033	0.0032	0.0000	1.9797	1.9797	0.0000	0.0723	0.0611	0.0112	0.0079	0.0074	0.0005	0.0644	0.0537	0.0107	0.5680	0.3533	0.2147	0.1887	0.1528	0.0358	0.3793	0.2004	0.1789	0.0001	0.0000	28.6767	0.0000	0.0000	0.0000	0.0001	0.0000	71355.3809	3.4912	5.6131	0.0001	0.0172	0.0212	0.0006	5.2190	9.8769	0.0000
9	127	0.1321	4	1	2	0	0	0	0	0	0	N	Y	N	N	N	N	N	N	N	N	N	N	0.8775	0.0072	24.4002	0.0568	0.0615	0.0000	1.0189	0.0000	307.0286	0.1017	0.0011	0.6519	0.0066	0.0069	0.0000	0.1181	0.0000	0.6826	0.1159	0.1587	0.0267	0.1158	0.1123	0.1351	0.1159	0.2023	0.0022	103.9859	0.0810	0.0017	-0.0136	2.0019	1.9703	13.5902	6.2034	0.0031	0.0000	0.0031	0.0000	0.0000	0.0000	0.0031	0.0000	0.0031	0.0355	0.0329	0.0027	0.0137	0.0113	0.0025	0.0218	0.0216	0.0002	0.0309	0.0261	0.0048	0.0045	0.0043	0.0002	0.0263	0.0218	0.0046	0.3066	0.2070	0.0996	0.1186	0.1002	0.0184	0.1881	0.1068	0.0812	0.8775	0.0072	24.4002	0.0568	0.0615	0.0000	1.0189	0.0000	307.0286	0.1159	0.1587	0.0267	0.1158	0.1123	0.1351	0.1159	0.2023	0.0022
9	128	0.1109	3	1	1	0	0	0	0	0	0	N	N	N	N	N	N	N	N	N	N	N	N	76.2072	0.0000	71141.7842	0.0000	0.0000	0.0000	6260.1120	0.0000	417178.1878	69.3264	0.0000	446.2000	0.0000	0.0000	0.0000	72.9122	0.0000	456.0781	0.9097	1.4273	0.0063	2.6861	3.2306	0.0341	0.0116	0.0207	0.0011	inf	0.0025	0.5572	-0.1228	2.0019	1.1032	13.5902	7.8190	0.9969	0.0000	0.9969	0.0000	0.0000	0.0000	0.9969	0.0000	0.9969	0.2693	0.2687	0.0007	0.2670	0.2665	0.0006	0.0023	0.0022	0.0001	0.0144	0.0121	0.0022	0.0007	0.0007	0.0000	0.0137	0.0115	0.0022	0.2961	0.1882	0.1078	0.0994	0.0825	0.0169	0.1966	0.1057	0.0909	76.2072	0.0000	71141.7842	0.0000	0.0000	0.0000	6260.1120	0.0000	417178.1878	0.9097	1.4273	0.0063	2.6861	3.2306	0.0341	0.0116	0.0207	0.0011
9	129	0.4540	7	1	2	0	0	0	0	0	0	N	Y	N	N	N	N	N	N	N	N	N	N	0.0000	0.0000	0.0000	0.0000	0.0000	0.0000	0.0000	0.0000	0.0000	0.0000	0.0000	0.0000	0.0000	0.1014	0.1304	0.0000	0.1795	0.1950	0.0000	0.0000	0.0000	0.0000	0.0000	0.0000	-0.0135	2.0019	1.0033	13.5902	0.8635	0.0000	0.0000	0.0000	0.0000	0.0000	0.0000	0.0000	0.0000	0.0000	0.0293	0.0293	0.0000	0.0293	0.0293	0.0000	0.0000	0.0000	0.0000	0.0441	0.0400	0.0041	0.0246	0.0234	0.0012	0.0195	0.0167	0.0028	0.2895	0.2251	0.0644	0.1635	0.1505	0.0130	0.1260	0.0746	0.0514	0.0000	0.0000	0.0000	0.0000	0.0000	0.0000	0.0000	0.0000	0.0000	0.1014	0.1304	0.0000	0.1795	0.1950	0.0000	0.0000	0.0000	0.0000						
9	130	0.4247	6	1	1	0	0	0	0	0	0	N	N	N	N	N	N	N	N	N	N	N	N	0.0014	0.0008	0.1979	0.0000	0.0000	0.0000	0.0046	0.0021	0.3846	0.0023	0.0018	0.0062	0.0000	0.0000	0.0000	0.0036	0.0028	0.0074	1.6867	2.2855	0.0311	2.3833	2.7500	0.0603	0.7786	1.3613	0.0191	0.4954	0.0049	-0.0000	-0.5446	2.0019	5.5514	13.5902	9.9598	0.0002	0.0002	0.0001	0.0000	0.0000	0.0000	0.0002	0.0002	0.0001	1.2010	1.1951	0.0059	0.9603	0.9570	0.0033	0.2407	0.2381	0.0026	0.1030	0.0900	0.0130	0.0357	0.0335	0.0021	0.0673	0.0565	0.0109	0.7120	0.5229	0.1891	0.4029	0.3480	0.0549	0.3091	0.1749	0.1342	0.0014	0.0008	0.1979	0.0000	0.0000	0.0000	0.0046	0.0021	0.3846	1.6867	2.2855	0.0311	2.3833	2.7500	0.0603	0.7786	1.3613	0.0191
9	131	0.3943	5	1	1	0	0	0	0	0	0	N	N	N	N	N	N	N	N	N	N	N	N	0.0000	0.0000	0.0000	0.0000	0.0000	0.0000	0.0000	0.0000	0.0000	0.0000	0.0000	0.0000	0.0000	0.0000	0.0000	0.0000	0.0000	0.0000	0.4312	0.4943	0.2748	0.2586	0.3024	0.0200	0.6436	0.8575	0.3827	0.0000	0.2243	-0.0000	-0.0924	2.0019	9.1969	13.5902	13.4651	0.0000	0.0000	0.0000	0.0000	0.0000	0.0000	0.0000	0.0000	0.0000	0.3360	0.2744	0.0616	0.1112	0.1099	0.0013	0.2248	0.1646	0.0602	0.1488	0.1300	0.0188	0.0408	0.0386	0.0023	0.1080	0.0914	0.0166	0.7792	0.5552	0.2240	0.4300	0.3633	0.0666	0.3492	0.1919	0.1574	0.0000	0.0000	0.0000	0.0000	0.0000	0.0000	0.0000	0.0000	0.0000	0.4312	0.4943	0.2748	0.2586	0.3024	0.0200	0.6436	0.8575	0.3827
9	132	0.2078	7	2	2	0	1	0	0	0	0	Y	Y	N	N	N	N	N	N	N	N	N	N	0.0000	0.0000	0.0000	0.0000	0.0000	0.0000	0.0000	0.0000	0.0000	0.0000	0.0000	0.0000	0.0000	0.0000	0.0000	0.0000	0.0000	0.0000	0.0000	0.0000	2.0019	1.0000	13.5902	3.0001	0.0000	0.0000	0.0000	0.0000	0.0000	0.0000	0.0000	0.0000	0.0000	0.0000	0.0000	0.0000	0.0000	0.0000	0.0000	0.0000	0.0000	0.0000	0.0138	0.0117	0.0021	0.0011	0.0010	0.0001	0.0127	0.0106	0.0020	0.0922	0.0561	0.0361	0.0232	0.0199	0.0033	0.0691	0.0362	0.0329	0.0000	0.0000	0.0000	0.0000	0.0000	0.0000	0.0000	0.0000	0.0000	0.0000	0.0000	0.0000	0.0000	0.0000	0.0000	0.0000	0.0000	0.0000											
9	133	0.6068	11	2	2	0	1	0	0	0	0	Y	Y	N	N	N	N	N	N	N	N	N	N	0.0000	0.0000	0.0000	0.0000	0.0000	0.0000	0.0000	0.0000	0.0000	0.0000	0.0000	0.0000	0.0000	0.0000	0.0000	0.0000	0.0000	0.0000	0.0000	0.0000	2.0019	0.0006	13.5902	1.9797	0.0000	0.0000	0.0000	0.0000	0.0000	0.0000	0.0000	0.0000	0.0000	0.0000	0.0000	0.0000	0.0000	0.0000	0.0000	0.0000	0.0000	0.0000	0.0000	0.0000	0.0000	0.0000	0.0000	0.0000	0.0000	0.0000	0.0000	0.0391	0.0267	0.0124	0.0235	0.0187	0.0048	0.0157	0.0081	0.0076	0.0000	0.0000	0.0000	0.0000	0.0000	0.0000	0.0000	0.0000	0.0000	0.0000	0.0000	0.0000	0.0000	0.0000	0.0000	0.0000	0.0000	0.0000											
9	134	0.5900	10	2	2	0	1	0	0	0	0	Y	Y	N	N	N	N	N	N	N	N	N	N	0.0000	0.0000	0.0000	0.0000	0.0000	0.0000	0.0000	0.0000	0.0000	0.0000	0.0000	0.0000	0.0000	0.0006	0.0009	0.0000	0.0010	0.0013	0.0000	0.0000	0.0000	0.0000	0.0000	0.0000	-0.0000	2.0019	2.0077	13.5902	6.0321	0.0000	0.0000	0.0000	0.0000	0.0000	0.0000	0.0000	0.0000	0.0000	0.0001	0.0001	0.0000	0.0001	0.0001	0.0000	0.0000	0.0000	0.0000	0.0268	0.0232	0.0036	0.0080	0.0074	0.0006	0.0187	0.0158	0.0029	0.1443	0.0971	0.0472	0.0857	0.0669	0.0188	0.0586	0.0301	0.0284	0.0000	0.0000	0.0000	0.0000	0.0000	0.0000	0.0000	0.0000	0.0000	0.0006	0.0009	0.0000	0.0010	0.0013	0.0000	0.0000	0.0000	0.0000						
9	135	0.5852	10	1	2	0	1	0	0	0	0	N	Y	N	N	N	N	N	N	N	N	N	N	0.0000	0.0000	0.0000	0.0000	0.0000	0.0000	0.0000	0.0000	0.0000	0.0000	0.0000	0.0000	0.0000	0.0000	0.0000	0.0000	0.0000	0.1991	0.0001	0.6097	0.0048	0.0001	0.0219	0.4954	0.0000	0.9995	5615.2929	0.0000	0.0268	2.0019	3.0348	13.5902	9.3583	0.0000	0.0000	0.0000	0.0000	0.0000	0.0000	0.0000	0.0000	0.0000	0.0495	0.0000	0.0495	0.0007	0.0000	0.0007	0.0488	0.0000	0.0488	0.0411	0.0355	0.0057	0.0117	0.0108	0.0009	0.0295	0.0246	0.0048	0.2485	0.1673	0.0811	0.1501	0.1177	0.0324	0.0984	0.0496	0.0488	0.0000	0.0000	0.0000	0.0000	0.0000	0.0000	0.0000	0.0000	0.0000	0.1991	0.0001	0.6097	0.0048	0.0001	0.0219	0.4954	0.0000	0.9995		
9	136	0.5709	9	1	1	0	1	0	0	0	0	N	N	N	N	N	N	N	N	N	N	N	N	0.0000	0.0000	0.0000	0.0000	0.0000	0.0000	0.0000	0.0000	0.0000	0.0000	0.0000	0.0000	0.0000	0.0000	0.0000	0.0000	0.0000	10.6057	0.0291	49.5290	0.0332	0.0426	0.0005	18.6166	0.0000	83.1405	388.2212	0.0000	0.5148	2.0019	0.0433	13.5902	6.6805	0.0000	0.0000	0.0000	0.0000	0.0000	0.0000	0.0000	0.0000	0.0000	0.9550	0.0025	0.9525	0.0025	0.0025	0.0000	0.9525	0.0000	0.9525	0.0007	0.0006	0.0001	0.0002	0.0002	0.0000	0.0005	0.0004	0.0001	0.1259	0.0843	0.0417	0.0742	0.0575	0.0166	0.0518	0.0268	0.0250	0.0000	0.0000	0.0000	0.0000	0.0000	0.0000	0.0000	0.0000	0.0000	7.5820	0.0291	22.8667	0.0332	0.0426	0.0005	18.4019	0.0000	38.0877		
9	137	0.2375	9	1	2	0	1	0	0	0	0	N	Y	N	N	N	N	N	N	N	N	N	N	0.0000	0.0000	0.0000	0.0000	0.0000	0.0000	0.0000	0.0000	0.0000	0.0000	0.0000	0.0000	0.0000	0.0000	0.0000	0.0000	0.0000	0.0000	0.0000	0.0000	2.0019	0.0000	13.5902	0.0000	0.0000	0.0000	0.0000	0.0000	0.0000	0.0000	0.0000	0.0000	0.0000	0.0000	0.0000	0.0000	0.0000	0.0000	0.0000	0.0000	0.0000	0.0000	0.0000	0.0000	0.0000	0.0000	0.0000	0.0000	0.0000	0.0000	0.0000	0.0000	0.0000	0.0000	0.0000	0.0000	0.0000	0.0000	0.0000	0.0000	0.0000	0.0000	0.0000	0.0000	0.0000	0.0000	0.0000	0.0000	0.0000	0.0000	0.0000	0.0000	0.0000	0.0000	0.0000	0.0000	0.0000	0.0000											
9	138	0.2324	8	1	2	0	1	0	0	0	0	N	Y	N	N	N	N	N	N	N	N	N	N	0.0000	0.0000	0.0000	0.0000	0.0000	0.0000	0.0000	0.0000	0.0000	0.0000	0.0000	0.0000	0.0000	0.0094	0.0000	0.0247	0.0000	0.0000	0.0000	0.0131	0.0000	0.0274	inf	0.0000	0.0002	2.0019	0.0021	13.5902	2.0000	0.0000	0.0000	0.0000	0.0000	0.0000	0.0000	0.0000	0.0000	0.0000	0.0004	0.0000	0.0004	0.0000	0.0000	0.0000	0.0004	0.0000	0.0004	0.0001	0.0001	0.0000	0.0000	0.0000	0.0000	0.0000	0.0000	0.0000	0.0456	0.0282	0.0174	0.0127	0.0110	0.0017	0.0329	0.0172	0.0157	0.0000	0.0000	0.0000	0.0000	0.0000	0.0000	0.0000	0.0000	0.0000	0.0094	0.0000	0.0247	0.0000	0.0000	0.0000	0.0131	0.0000	0.0274						
9	139	0.2222	7	1	1	0	1	0	0	0	0	N	N	N	N	N	N	N	N	N	N	N	N	0.0000	0.0000	0.0000	0.0000	0.0000	0.0000	0.0000	0.0000	0.0000	0.0000	0.0000	0.0000	0.0000	0.0000	0.0000	0.0000	16.4009	0.0000	77.1195	0.0000	0.0000	0.0000	14.7831	0.0000	62.7075	3313002.2159	0.0000	0.5410	2.0019	1.0020	13.5902	3.0181	0.0000	0.0000	0.0000	0.0000	0.0000	0.0000	0.0000	0.0000	0.0000	0.9988	0.0000	0.9988	0.0000	0.0000	0.0000	0.9988	0.0000	0.9988	0.0138	0.0117	0.0021	0.0012	0.0011	0.0001	0.0126	0.0106	0.0020	0.0925	0.0567	0.0358	0.0249	0.0214	0.0035	0.0676	0.0352	0.0324	0.0000	0.0000	0.0000	0.0000	0.0000	0.0000	0.0000	0.0000	0.0000	10.8014	0.0000	27.8896	0.0000	0.0000	0.0000	14.7831	0.0000	30.8712			
9	140	0.2078	7	1	2	0	0	0	0	0	0	N	Y	N	N	N	N	N	N	N	N	N	N	0.0000	0.0000	0.0000	0.0000	0.0000	0.0000	0.0000	0.0000	0.0000	0.0000	0.0000	0.0000	0.0000	16.4974	0.0000	71.2537	0.0000	0.0000	0.0000	14.5846	0.0000	61.8815	inf	0.0000	0.5416	2.0019	0.0000	13.5902	4.0001	0.0000	0.0000	0.0000	0.0000	0.0000	0.0000	0.0000	0.0000	0.0000	1.0000	0.0000	1.0000	0.0000	0.0000	0.0000	1.0000	0.0000	1.0000	0.0000	0.0000	0.0000	0.0000	0.0000	0.0000	0.0000	0.0000	0.0000	0.0922	0.0561	0.0361	0.0232	0.0199	0.0033	0.0691	0.0362	0.0329	0.0000	0.0000	0.0000	0.0000	0.0000	0.0000	0.0000	0.0000	0.0000	10.8446	0.0000	27.6690	0.0000	0.0000	0.0000	14.4798	0.0000	30.4053						
9	141	0.5855	9	1	2	0	0	0	0	0	0	N	Y	N	N	N	N	N	N	N	N	N	N	0.0000	0.0000	0.0000	0.0000	0.0000	0.0000	0.0000	0.0000	0.0000	0.0000	0.0000	0.0000	0.0000	0.0002	0.0003	0.0000	0.0004	0.0004	0.0000	0.0000	0.0000	0.0000	0.0000	0.0000	-0.0000	2.0019	1.0003	13.5902	5.0186	0.0000	0.0000	0.0000	0.0000	0.0000	0.0000	0.0000	0.0000	0.0000	0.0000	0.0000	0.0000	0.0000	0.0000	0.0000	0.0000	0.0000	0.0000	0.0134	0.0116	0.0018	0.0040	0.0037	0.0003	0.0093	0.0079	0.0015	0.1100	0.0741	0.0359	0.0654	0.0511	0.0142	0.0447	0.0230	0.0217	0.0000	0.0000	0.0000	0.0000	0.0000	0.0000	0.0000	0.0000	0.0000	0.0002	0.0003	0.0000	0.0004	0.0004	0.0000	0.0000	0.0000	0.0000						
9	142	0.2222	7	1	1	1	1	0	0	0	0	N	N	N	N	N	N	N	N	N	N	N	N	0.0000	0.0000	0.0000	0.0000	0.0000	0.0000	0.0000	0.0000	0.0000	0.0000	0.0000	0.0000	0.0000	0.0000	0.0000	0.0000	5.7168	0.0056	27.1848	0.0129	0.0150	0.0000	6.7491	0.0000	27.4440	1428.6847	0.0000	0.5413	2.0019	0.0001	13.5902	9.0026	0.0000	0.0000	0.0000	0.0000	0.0000	0.0000	0.0000	0.0000	0.0000	1.0007	0.0007	1.0000	0.0007	0.0007	0.0000	1.0000	0.0000	1.0000	0.0000	0.0000	0.0000	0.0000	0.0000	0.0000	0.0000	0.0000	0.0000	0.2024	0.1240	0.0784	0.0543	0.0467	0.0076	0.1482	0.0773	0.0709	0.0000	0.0000	0.0000	0.0000	0.0000	0.0000	0.0000	0.0000	0.0000	4.9434	0.0056	12.7538	0.0129	0.0150	0.0000	6.7491	0.0000	14.1132			
9	143	0.5709	9	1	1	1	1	0	0	0	0	N	N	N	N	N	N	N	N	N	N	N	N	0.0000	0.0000	0.0000	0.0000	0.0000	0.0000	0.0000	0.0000	0.0000	0.0000	0.0000	0.0000	0.0000	0.0022	0.0034	0.0000	0.0038	0.0049	0.0000	0.0000	0.0000	0.0000	0.0000	0.0000	-0.0002	2.0019	2.0061	13.5902	8.0425	0.0000	0.0000	0.0000	0.0000	0.0000	0.0000	0.0000	0.0000	0.0000	0.0004	0.0004	0.0000	0.0004	0.0004	0.0000	0.0000	0.0000	0.0000	0.0266	0.0230	0.0036	0.0074	0.0068	0.0006	0.0192	0.0161	0.0031	0.1844	0.1232	0.0612	0.1084	0.0840	0.0244	0.0759	0.0392	0.0367	0.0000	0.0000	0.0000	0.0000	0.0000	0.0000	0.0000	0.0000	0.0000	0.0022	0.0034	0.0000	0.0038	0.0049	0.0000	0.0000	0.0000	0.0000						
9	144	0.5618	8	1	1	0	1	0	0	0	0	N	N	N	N	N	N	N	N	N	N	N	N	0.0000	0.0000	0.0000	0.0000	0.0000	0.0000	0.0000	0.0000	0.0000	0.0000	0.0000	0.0000	0.0000	0.0000	0.0000	0.0000	0.0000	0.0000	0.0056	0.0029	0.0125	0.0034	0.0039	0.0009	0.0084	0.0010	0.0176	1.6768	0.0000	0.0001	2.0019	1.9550	13.5902	2.1189	0.0000	0.0000	0.0000	0.0000	0.0000	0.0000	0.0000	0.0000	0.0000	0.0007	0.0002	0.0004	0.0002	0.0002	0.0000	0.0004	0.0000	0.0004	0.0278	0.0240	0.0039	0.0092	0.0084	0.0009	0.0186	0.0156	0.0030	0.1161	0.0834	0.0327	0.0647	0.0547	0.0101	0.0514	0.0287	0.0227	0.0000	0.0000	0.0000	0.0000	0.0000	0.0000	0.0000	0.0000	0.0000	0.0056	0.0029	0.0125	0.0034	0.0039	0.0009	0.0084	0.0010	0.0176	
9	145	0.5618	8	1	1	1	1	0	0	0	0	N	N	N	N	N	N	N	N	N	N	N	N	0.0000	0.0000	0.0000	0.0000	0.0000	0.0000	0.0000	0.0000	0.0000	0.0000	0.0000	0.0000	0.0000	0.0000	0.0000	0.7400	1.0890	0.0000	1.3023	1.6353	0.0000	0.0002	0.0003	0.0000	0.0000	0.0000	-0.1345	2.0019	2.1261	13.5902	18.6477	0.0000	0.0000	0.0000	0.0000	0.0000	0.0000	0.0000	0.0000	0.0000	0.2935	0.2935	0.0000	0.2935	0.2935	0.0000	0.0000	0.0000	0.0000	0.0301	0.0259	0.0042	0.0099	0.0090	0.0009	0.0202	0.0169	0.0032	0.3967	0.2696	0.1271	0.2254	0.1795	0.0459	0.1713	0.0901	0.0812	0.0000	0.0000	0.0000	0.0000	0.0000	0.0000	0.0000	0.0000	0.0000	0.7400	1.0890	0.0000	1.3023	1.6353	0.0000	0.0002	0.0003	0.0000				
9	146	0.2222	7	1	1	1	1	0	0	0	0	N	N	N	N	N	N	N	N	N	N	N	N	0.0000	0.0000	0.0000	0.0000	0.0000	0.0000	0.0000	0.0000	0.0000	0.0000	0.0000	0.0000	0.0000	0.0039	0.0063	0.0000	0.0145	0.0168	0.0000	0.0000	0.0000	0.0000	0.0000	0.0000	-0.0003	2.0019	2.0001	13.5902	5.9880	0.0000	0.0000	0.0000	0.0000	0.0000	0.0000	0.0000	0.0000	0.0000	0.0007	0.0007	0.0000	0.0007	0.0007	0.0000	0.0000	0.0000	0.0000	0.0274	0.0232	0.0042	0.0023	0.0021	0.0002	0.0251	0.0211	0.0040	0.1804	0.1105	0.0699	0.0484	0.0417	0.0067	0.1320	0.0689	0.0632	0.0000	0.0000	0.0000	0.0000	0.0000	0.0000	0.0000	0.0000	0.0000	0.0039	0.0063	0.0000	0.0145	0.0168	0.0000	0.0000	0.0000	0.0000						
9	147	0.2222	7	1	1	1	1	0	0	0	0	N	N	N	N	N	N	N	N	N	N	N	N	0.0000	0.0000	0.0000	0.0000	0.0000	0.0000	0.0000	0.0000	0.0000	0.0000	0.0000	0.0000	0.0000	0.0011	0.0018	0.0000	0.0041	0.0047	0.0000	0.0000	0.0000	0.0000	0.0000	0.0000	-0.0003	2.0019	9.0001	13.5902	23.0169	0.0000	0.0000	0.0000	0.0000	0.0000	0.0000	0.0000	0.0000	0.0000	0.0007	0.0007	0.0000	0.0007	0.0007	0.0000	0.0000	0.0000	0.0000	0.1194	0.1015	0.0179	0.0099	0.0092	0.0007	0.1095	0.0923	0.0172	0.6523	0.3996	0.2527	0.1715	0.1475	0.0240	0.4809	0.2521	0.2288	0.0000	0.0000	0.0000	0.0000	0.0000	0.0000	0.0000	0.0000	0.0000	0.0011	0.0018	0.0000	0.0041	0.0047	0.0000	0.0000	0.0000	0.0000						
9	148	0.1968	6	1	1	0	1	0	0	0	0	N	N	N	N	N	N	N	N	N	N	N	N	0.0001	0.0000	0.0018	0.0000	0.0000	0.0000	0.0006	0.0017	0.0000	0.0000	0.0000	0.0000	0.0000	0.0000	0.0000	0.0000	0.0000	0.0188	0.0258	0.0077	0.0597	0.0684	0.0018	0.0040	0.0000	0.0083	inf	0.1889	0.0000	-0.0014	2.0019	1.9990	13.5902	7.9526	0.0000	0.0000	0.0000	0.0000	0.0000	0.0000	0.0000	0.0000	0.0000	0.0045	0.0038	0.0007	0.0038	0.0038	0.0000	0.0007	0.0000	0.0007	0.0275	0.0233	0.0042	0.0023	0.0021	0.0002	0.0253	0.0212	0.0040	0.2402	0.1473	0.0929	0.0639	0.0555	0.0083	0.1763	0.0917	0.0846	0.0001	0.0000	0.0018	0.0000	0.0000	0.0000	0.0006	0.0000	0.0017	0.0188	0.0258	0.0077	0.0597	0.0684	0.0018	0.0040	0.0000	0.0083	
9	149	0.1649	5	2	2	0	0	0	0	0	0	Y	Y	N	N	N	N	N	N	N	N	N	N	0.0003	0.0000	0.2166	0.0008	0.0000	0.0048	0.0003	0.0000	0.2131	0.0006	0.0000	0.0042	0.0000	0.0000	0.0000	0.0007	0.0000	0.0044	1.8160	2.8803	0.0195	0.0018	0.0007	0.0092	2.4682	4.5606	0.0205	inf	0.0040	0.0000	-0.4562	2.0019	5.3497	13.5902	17.2225	0.0001	0.0000	0.0001	0.0000	0.0000	0.0000	0.0001	0.0000	0.0001	1.0041	1.0001	0.0040	0.0003	0.0001	0.0002	1.0038	1.0000	0.0038	0.0862	0.0734	0.0128	0.0130	0.0126	0.0004	0.0732	0.0608	0.0123	0.5529	0.3472	0.2057	0.1462	0.1279	0.0183	0.4067	0.2193	0.1874	0.0003	0.0000	0.2166	0.0008	0.0000	0.0048	0.0003	0.0000	0.2131	1.8160	2.8803	0.0195	0.0018	0.0007	0.0092	2.4682	4.5606	0.0205
9	150	0.1957	6	1	2	0	0	0	0	0	0	N	Y	N	N	N	N	N	N	N	N	N	N	4.3683	5.4996	0.0020	0.0000	0.0000	0.0000	10.9782	inf	0.0021	12.4970	14.3935	0.0068	0.0000	0.0000	0.0000	16.9814	20.4080	0.0073	2.8609	2.6172	3.3233	7.9433	7.1197	2.7380	1.5468	0.0000	3.3847	0.0001	0.6691	-0.4408	-0.0969	2.0019	3.6794	13.5902	17.4287	0.9995	0.9994	0.0001	0.0000	0.0000	0.0000	0.9995	0.9994	0.0001	1.6863	1.0103	0.6760	1.0632	1.0103	0.0529	0.6231	0.0000	0.6231	0.0800	0.0694	0.0105	0.0211	0.0205	0.0007	0.0589	0.0490	0.0099	0.5894	0.3860	0.2034	0.1866	0.1673	0.0193	0.4028	0.2187	0.1841	4.3683	5.4996	0.0020	0.0000	0.0000	0.0000	10.9782	inf	0.0021	2.8609	2.6172	3.3233	5.6969	6.0389	2.7380	1.5468	0.0000	3.3847
9	151	0.1649	5	1	2	0	0	0	0	0	0	N	Y	N	N	N	N	N	N	N	N	N	N	0.0032	0.0029	0.0023	0.0003	0.0003	0.0044	0.0090	0.0390	0.0022	0.0116	0.0127	0.0057	0.0063	0.0065	0.0001	0.0128	0.0143	0.0059	3.6670	4.3392	2.4578	19.8673	21.0301	0.0150	1.4256	0.3653	2.6880	0.0787	0.3149	-0.0003	-0.3013	2.0019	3.4464	13.5902	10.1316	0.0007	0.0007	0.0001	0.0001	0.0001	0.0000	0.0006	0.0006	0.0001	1.3764	1.0468	0.3296	0.9936	0.9935	0.0002	0.3827	0.0533	0.3294	0.0612	0.0521	0.0090	0.0110	0.0108	0.0003	0.0501	0.0414	0.0088	0.3753	0.2412	0.1341	0.1069	0.0953	0.0115	0.2685	0.1459	0.1226	0.0032	0.0029	0.0023	0.0007	0.0006	0.0044	0.0090	0.0390	0.0022	3.6670	4.3392	2.4578	9.2989	10.4234	0.0150	1.4256	0.3653	2.6880
9	152	0.5923	11	2	2	0	0	0	0	0	0	Y	Y	N	N	N	N	N	N	N	N	N	N	0.0000	0.0000	0.0000	0.0000	0.0000	0.0000	0.0000	0.0000	0.0000	0.0000	0.0000	0.0000	0.0000	4.9825	0.0000	29.5247	0.0000	0.0000	0.0000	10.6668	0.0000	46.2988	inf	0.0000	0.5409	2.0019	1.0143	13.5902	12.0086	0.0000	0.0000	0.0000	0.0000	0.0000	0.0000	0.0000	0.0000	0.0000	0.9987	0.0000	0.9987	0.0000	0.0000	0.0000	0.9987	0.0000	0.9987	0.0138	0.0120	0.0018	0.0042	0.0039	0.0003	0.0096	0.0081	0.0015	0.2288	0.1539	0.0749	0.1352	0.1056	0.0296	0.0936	0.0483	0.0453	0.0000	0.0000	0.0000	0.0000	0.0000	0.0000	0.0000	0.0000	0.0000	4.3645	0.0000	13.3276	0.0000	0.0000	0.0000	10.6668	0.0000	22.0278						
9	153	0.5900	10	2	2	0	0	0	0	0	0	Y	Y	N	N	N	N	N	N	N	N	N	N	0.0000	0.0000	0.0000	0.0000	0.0000	0.0000	0.0000	0.0000	0.0000	0.0000	0.0000	0.0000	0.0000	0.0000	0.0000	0.0000	0.0721	0.0071	0.2060	0.0080	0.0103	0.0000	0.1668	0.0000	0.3421	14.0164	0.0000	0.0006	2.0019	0.9811	13.5902	0.0216	0.0000	0.0000	0.0000	0.0000	0.0000	0.0000	0.0000	0.0000	0.0000	0.0013	0.0001	0.0013	0.0001	0.0001	0.0000	0.0013	0.0000	0.0013	0.0132	0.0114	0.0018	0.0040	0.0037	0.0003	0.0092	0.0078	0.0015	0.0187	0.0126	0.0061	0.0112	0.0087	0.0024	0.0076	0.0039	0.0037	0.0000	0.0000	0.0000	0.0000	0.0000	0.0000	0.0000	0.0000	0.0000	0.0721	0.0071	0.2060	0.0080	0.0103	0.0000	0.1668	0.0000	0.3421			
9	154	0.5855	9	2	2	0	0	0	0	0	0	Y	Y	N	N	N	N	N	N	N	N	N	N	0.0000	0.0000	0.0000	0.0000	0.0000	0.0000	0.0000	0.0000	0.0000	0.0000	0.0000	0.0000	0.0000	0.0000	0.0000	0.0000	0.0030	0.0009	0.0073	0.0010	0.0013	0.0000	0.0058	0.0000	0.0119	3.9241	0.0000	0.0000	2.0019	0.0083	13.5902	2.0001	0.0000	0.0000	0.0000	0.0000	0.0000	0.0000	0.0000	0.0000	0.0000	0.0001	0.0000	0.0001	0.0000	0.0000	0.0000	0.0001	0.0000	0.0001	0.0001	0.0001	0.0000	0.0000	0.0000	0.0000	0.0001	0.0001	0.0000	0.0382	0.0258	0.0124	0.0227	0.0178	0.0049	0.0155	0.0080	0.0076	0.0000	0.0000	0.0000	0.0000	0.0000	0.0000	0.0000	0.0000	0.0000	0.0030	0.0009	0.0073	0.0010	0.0013	0.0000	0.0058	0.0000	0.0119			
9	155	0.5618	8	1	2	0	0	0	0	0	0	N	Y	N	N	N	N	N	N	N	N	N	N	0.0000	0.0000	0.0000	0.0000	0.0000	0.0000	0.0000	0.0000	0.0000	0.0000	0.0000	0.0000	0.0000	0.0000	0.0000	0.0000	0.0000	0.0000	0.0012	0.0015	0.0003	0.0016	0.0020	0.0001	0.0005	0.0006	0.0004	0.0964	0.0000	-0.0001	2.0019	2.9180	13.5902	7.4065	0.0000	0.0000	0.0000	0.0000	0.0000	0.0000	0.0000	0.0000	0.0000	0.0003	0.0002	0.0000	0.0002	0.0002	0.0000	0.0000	0.0000	0.0000	0.0404	0.0349	0.0055	0.0129	0.0118	0.0011	0.0275	0.0231	0.0044	0.2256	0.1560	0.0696	0.1279	0.1037	0.0242	0.0977	0.0524	0.0453	0.0000	0.0000	0.0000	0.0000	0.0000	0.0000	0.0000	0.0000	0.0000	0.0012	0.0015	0.0003	0.0016	0.0020	0.0001	0.0005	0.0006	0.0004	
9	156	0.4960	7	1	1	0	0	0	0	0	0	N	N	N	N	N	N	N	N	N	N	N	N	0.0011	0.0009	0.0000	0.0447	0.0847	0.0000	0.0000	0.0000	0.0000	0.0012	0.0013	0.0000	0.0028	0.0031	0.0000	0.0000	0.0000	0.0000	1.0930	1.4430	0.3092	0.0622	0.0363	0.1761	2.4856	4.3909	0.3795	0.0000	0.0957	-0.0001	-0.2620	2.0019	8.2479	13.5902	19.7214	0.0002	0.0002	0.0000	0.0002	0.0002	0.0000	0.0000	0.0000	0.0000	0.7062	0.6445	0.0617	0.0231	0.0110	0.0121	0.6831	0.6336	0.0495	0.1724	0.1504	0.0220	0.0724	0.0655	0.0069	0.1000	0.0849	0.0151	0.6462	0.4467	0.1995	0.3713	0.3024	0.0690	0.2748	0.1443	0.1305	0.0011	0.0009	0.0000	0.0447	0.0847	0.0000	0.0000	0.0000	0.0000	1.0930	1.4430	0.3092	0.0622	0.0363	0.1761	2.4856	4.3909	0.3795
9	157	0.4598	6	1	1	0	0	0	0	0	0	N	N	N	N	N	N	N	N	N	N	N	N	0.0005	0.0014	0.0003	0.0002	0.0005	0.0000	0.0003	0.0007	0.0002	0.0017	0.0013	0.0044	0.0000	0.0000	0.0000	0.0024	0.0019	0.0056	3.5799	0.8973	16.6545	0.2195	0.0723	0.8565	8.4371	2.7131	28.8679	0.5330	4.7138	-0.0000	0.8243	2.0019	7.4725	13.5902	14.3153	0.0002	0.0001	0.0001	0.0000	0.0000	0.0000	0.0002	0.0001	0.0001	2.2484	0.3935	1.8549	0.0815	0.0218	0.0597	2.1669	0.3717	1.7952	0.1205	0.1046	0.0159	0.0386	0.0353	0.0033	0.0819	0.0693	0.0126	0.6281	0.4385	0.1895	0.3712	0.3015	0.0697	0.2568	0.1370	0.1198	0.0005	0.0014	0.0005	0.0002	0.0005	0.0000	0.0003	0.0007	0.0004	3.5799	0.8973	9.7871	0.2195	0.0723	0.8565	8.4371	2.7131	14.9819
9	158	0.3943	5	1	1	0	0	0	0	0	0	N	N	N	N	N	N	N	N	N	N	N	N	0.0000	0.0000	0.0000	0.0000	0.0000	0.0000	0.0000	0.0000	0.0000	0.0000	0.0000	0.0000	0.0000	0.0000	0.0000	0.0000	0.0000	0.0000	0.2838	0.2477	0.3688	0.1925	0.2140	0.0850	0.3932	0.3096	0.4930	0.0000	0.6319	-0.0000	-0.0183	2.0019	11.6653	13.5902	19.4910	0.0000	0.0000	0.0000	0.0000	0.0000	0.0000	0.0000	0.0000	0.0000	0.2567	0.1573	0.0994	0.0950	0.0880	0.0070	0.1618	0.0693	0.0924	0.1781	0.1553	0.0228	0.0462	0.0436	0.0027	0.1319	0.1117	0.0201	0.9046	0.6351	0.2695	0.4932	0.4112	0.0821	0.4114	0.2240	0.1875	0.0000	0.0000	0.0000	0.0000	0.0000	0.0000	0.0000	0.0000	0.0000	0.2838	0.2477	0.3688	0.1925	0.2140	0.0850	0.3932	0.3096	0.4930
9	159	0.3471	4	1	1	0	0	0	0	0	0	N	N	N	N	N	N	N	N	N	N	N	N	0.0009	0.0011	0.0000	0.0052	0.0055	0.0000	0.0000	0.0000	0.0000	0.0002	0.0002	0.0000	0.0005	0.0005	0.0000	0.0000	0.0000	0.0000	0.1892	0.1674	0.2409	0.0872	0.0887	0.0791	0.3149	0.3183	0.3108	0.0000	0.6049	-0.0000	-0.0148	2.0019	7.3933	13.5902	20.5306	0.0000	0.0000	0.0000	0.0000	0.0000	0.0000	0.0000	0.0000	0.0000	0.1820	0.1134	0.0686	0.0463	0.0395	0.0068	0.1357	0.0739	0.0618	0.1428	0.1250	0.0177	0.0516	0.0480	0.0036	0.0911	0.0770	0.0141	0.9621	0.6774	0.2847	0.5311	0.4453	0.0859	0.4309	0.2321	0.1988	0.0009	0.0011	0.0000	0.0052	0.0055	0.0000	0.0000	0.0000	0.0000	0.1892	0.1674	0.2409	0.0872	0.0887	0.0791	0.3149	0.3183	0.3108
9	160	0.1109	3	1	1	0	0	0	0	0	0	N	N	N	N	N	N	N	N	N	N	N	N	0.0000	0.0000	0.0000	0.0000	0.0000	0.0000	0.0000	0.0000	0.0000	0.0000	0.0000	0.0000	0.0000	0.0000	0.0000	0.0000	0.0000	0.0000	0.2401	0.3859	0.0150	1.0070	1.1944	0.0104	0.0271	0.0370	0.0155	0.0252	0.0000	-0.1507	2.0019	27.6416	13.5902	54.6365	0.0000	0.0000	0.0000	0.0000	0.0000	0.0000	0.0000	0.0000	0.0000	0.3474	0.3389	0.0086	0.3167	0.3162	0.0005	0.0307	0.0227	0.0080	0.3172	0.2700	0.0472	0.0143	0.0132	0.0011	0.3029	0.2567	0.0461	1.4471	0.8780	0.5691	0.3145	0.2647	0.0498	1.1327	0.6133	0.5194	0.0000	0.0000	0.0000	0.0000	0.0000	0.0000	0.0000	0.0000	0.0000	0.2401	0.3859	0.0150	1.0070	1.1944	0.0104	0.0271	0.0370	0.0155	
9	161	0.2154	9	2	2	0	0	0	0	0	0	Y	Y	N	N	N	N	N	N	N	N	N	N	0.0000	0.0000	0.0000	0.0000	0.0000	0.0000	0.0000	0.0000	0.0000	0.0000	0.0000	0.0000	0.0000	0.0000	0.0000	0.0000	0.0000	0.0000	0.0000	0.0000	2.0019	0.0002	13.5902	3.0099	0.0000	0.0000	0.0000	0.0000	0.0000	0.0000	0.0000	0.0000	0.0000	0.0000	0.0000	0.0000	0.0000	0.0000	0.0000	0.0000	0.0000	0.0000	0.0000	0.0000	0.0000	0.0000	0.0000	0.0000	0.0000	0.0000	0.0000	0.0711	0.0436	0.0275	0.0184	0.0159	0.0025	0.0528	0.0278	0.0250	0.0000	0.0000	0.0000	0.0000	0.0000	0.0000	0.0000	0.0000	0.0000	0.0000	0.0000	0.0000	0.0000	0.0000	0.0000	0.0000	0.0000	0.0000											
9	162	0.2078	8	2	2	0	0	0	0	0	0	Y	Y	N	N	N	N	N	N	N	N	N	N	0.0000	0.0000	0.0000	0.0000	0.0000	0.0000	0.0000	0.0000	0.0000	0.0000	0.0000	0.0000	0.0000	0.0000	0.0000	0.0000	0.0000	0.0000	0.0000	0.0000	2.0019	0.9998	13.5902	2.0118	0.0000	0.0000	0.0000	0.0000	0.0000	0.0000	0.0000	0.0000	0.0000	0.0000	0.0000	0.0000	0.0000	0.0000	0.0000	0.0000	0.0000	0.0000	0.0138	0.0117	0.0021	0.0011	0.0010	0.0001	0.0127	0.0106	0.0020	0.0697	0.0424	0.0273	0.0175	0.0151	0.0025	0.0522	0.0273	0.0249	0.0000	0.0000	0.0000	0.0000	0.0000	0.0000	0.0000	0.0000	0.0000	0.0000	0.0000	0.0000	0.0000	0.0000	0.0000	0.0000	0.0000	0.0000											
9	163	0.2078	7	2	2	0	0	0	0	0	0	Y	Y	N	N	N	N	N	N	N	N	N	N	0.0000	0.0000	0.0000	0.0000	0.0000	0.0000	0.0000	0.0000	0.0000	0.0000	0.0000	0.0000	0.0000	0.0000	0.0000	0.0000	0.0000	0.0000	0.0000	0.0000	2.0019	0.0000	13.5902	0.0003	0.0000	0.0000	0.0000	0.0000	0.0000	0.0000	0.0000	0.0000	0.0000	0.0000	0.0000	0.0000	0.0000	0.0000	0.0000	0.0000	0.0000	0.0000	0.0000	0.0000	0.0000	0.0000	0.0000	0.0000	0.0000	0.0000	0.0000	0.0000	0.0000	0.0000	0.0000	0.0000	0.0000	0.0000	0.0000	0.0000	0.0000	0.0000	0.0000	0.0000	0.0000	0.0000	0.0000	0.0000	0.0000	0.0000	0.0000	0.0000	0.0000	0.0000	0.0000	0.0000	0.0000	0.0000											
9	164	0.1968	6	1	2	0	0	0	0	0	0	N	Y	N	N	N	N	N	N	N	N	N	N	0.0076	0.0000	3.1908	0.0000	0.0000	0.0000	6.5636	12.0095	0.0002	0.0000	0.0014	0.0000	0.0000	0.0000	0.0004	0.0000	0.0014	0.0320	0.0513	0.0004	0.1101	0.1249	0.0035	0.0001	0.0000	0.0001	inf	0.0052	0.0000	-0.0017	2.0019	0.0063	13.5902	4.3641	0.0000	0.0000	0.0000	0.0000	0.0000	0.0000	0.0000	0.0000	0.0000	0.0038	0.0038	0.0000	0.0038	0.0038	0.0000	0.0000	0.0000	0.0000	0.0002	0.0002	0.0000	0.0001	0.0001	0.0000	0.0002	0.0001	0.0000	0.1178	0.0731	0.0447	0.0342	0.0300	0.0042	0.0836	0.0431	0.0405	0.0076	0.0000	3.1908	0.0000	0.0000	0.0000	6.5636	0.0000	12.0095	0.0320	0.0513	0.0004	0.1101	0.1249	0.0035	0.0001	0.0000	0.0001	
9	165	0.1649	5	1	1	0	0	0	0	0	0	N	N	N	N	N	N	N	N	N	N	N	N	0.0004	0.0000	3.0462	0.0000	0.0000	0.0205	1.2932	0.0000	3.4037	0.0011	0.0000	0.0075	0.0000	0.0000	0.0001	0.0014	0.0000	0.0077	2.8060	4.3457	0.0025	21.3119	23.0501	0.0045	0.0011	0.0001	0.0023	958.0543	0.0003	0.0000	-0.4550	2.0019	2.5207	13.5902	10.0226	0.0001	0.0000	0.0001	0.0000	0.0000	0.0000	0.0001	0.0000	0.0001	0.9933	0.9930	0.0003	0.9931	0.9930	0.0000	0.0003	0.0000	0.0003	0.0489	0.0417	0.0072	0.0101	0.0099	0.0002	0.0388	0.0318	0.0070	0.3540	0.2285	0.1255	0.1021	0.0914	0.0107	0.2519	0.1372	0.1148	0.0004	0.0000	3.0462	0.0000	0.0000	0.0205	1.2932	0.0000	3.4037	2.8060	4.3457	0.0025	9.7281	10.8701	0.0045	0.0011	0.0001	0.0023
9	166	0.1493	4	1	1	0	0	0	0	0	0	N	N	N	N	N	N	N	N	N	N	N	N	0.3650	0.2268	0.8890	0.2401	0.3552	0.2944	0.6284	0.0003	1.6208	0.0225	0.0050	0.1270	0.0279	0.0162	0.2483	0.0204	0.0000	0.1139	0.0616	0.0220	0.1429	0.1163	0.0457	0.8434	0.0325	0.0009	0.0703	4.2610	3.1650	0.0005	0.0054	2.0019	2.6894	13.5902	4.6619	0.0014	0.0003	0.0011	0.0005	0.0003	0.0002	0.0009	0.0000	0.0009	0.0178	0.0043	0.0135	0.0117	0.0042	0.0075	0.0061	0.0001	0.0060	0.0604	0.0517	0.0087	0.0168	0.0159	0.0008	0.0436	0.0358	0.0078	0.2885	0.1939	0.0946	0.1003	0.0914	0.0089	0.1882	0.1025	0.0857	0.3650	0.2268	0.8890	0.2401	0.3552	0.2944	0.6284	0.0003	1.6208	0.0616	0.0220	0.1429	0.1163	0.0457	0.8434	0.0325	0.0009	0.0703
9	167	0.1109	3	1	1	0	0	0	0	0	0	N	N	N	N	N	N	N	N	N	N	N	N	0.0000	0.0000	0.0000	0.0000	0.0000	0.0000	0.0000	0.0000	0.0000	0.0000	0.0000	0.0000	0.0000	0.0000	0.0000	0.0000	0.0000	0.0000	0.0900	0.0612	0.1393	0.2789	0.1464	0.9318	0.0031	0.0004	0.0062	1.3363	0.0000	0.0035	2.0019	2.7966	13.5902	8.5340	0.0000	0.0000	0.0000	0.0000	0.0000	0.0000	0.0000	0.0000	0.0000	0.0312	0.0134	0.0179	0.0305	0.0133	0.0172	0.0007	0.0001	0.0007	0.0360	0.0304	0.0056	0.0017	0.0016	0.0001	0.0343	0.0288	0.0054	0.3467	0.2185	0.1282	0.1093	0.0909	0.0184	0.2374	0.1277	0.1098	0.0000	0.0000	0.0000	0.0000	0.0000	0.0000	0.0000	0.0000	0.0000	0.0900	0.0612	0.1393	0.2789	0.1464	0.9318	0.0031	0.0004	0.0062	
10	11	0.2322	11	2	1	1	1	0	0	0	0	Y	N	N	N	N	N	N	N	N	N	N	N	0.0000	0.0000	0.0000	0.0000	0.0000	0.0000	0.0000	0.0000	0.0000	0.0000	0.0000	0.0000	0.0000	18.6961	0.0000	83.8154	0.0000	0.0000	0.0000	18.5577	0.0000	82.8536	inf	0.0000	0.5399	1.0010	0.0000	10.8665	4.9998	0.0000	0.0000	0.0000	0.0000	0.0000	0.0000	0.0000	0.0000	0.0000	0.9968	0.0000	0.9968	0.0000	0.0000	0.0000	0.9968	0.0000	0.9968	0.0000	0.0000	0.0000	0.0000	0.0000	0.0000	0.0000	0.0000	0.0000	0.0813	0.0491	0.0322	0.0271	0.0220	0.0051	0.0542	0.0272	0.0270	0.0000	0.0000	0.0000	0.0000	0.0000	0.0000	0.0000	0.0000	0.0000	12.2567	0.0000	30.9734	0.0000	0.0000	0.0000	18.3866	0.0000	36.8532						
10	12	0.6311	14	2	1	1	1	0	0	0	0	Y	N	N	N	N	N	N	N	N	N	N	N	0.0000	0.0000	0.0000	0.0000	0.0000	0.0000	0.0000	0.0000	0.0000	0.0000	0.0000	0.0000	0.0000	0.0000	0.0000	0.0000	0.0000	0.0000	0.0000	0.0000	1.0010	0.9995	10.8665	2.0282	0.0000	0.0000	0.0000	0.0000	0.0000	0.0000	0.0000	0.0000	0.0000	0.0000	0.0000	0.0000	0.0000	0.0000	0.0000	0.0000	0.0000	0.0000	0.0068	0.0059	0.0009	0.0024	0.0022	0.0002	0.0044	0.0037	0.0007	0.0402	0.0276	0.0126	0.0229	0.0185	0.0044	0.0172	0.0091	0.0082	0.0000	0.0000	0.0000	0.0000	0.0000	0.0000	0.0000	0.0000	0.0000	0.0000	0.0000	0.0000	0.0000	0.0000	0.0000	0.0000	0.0000	0.0000											
10	13	0.0405	3	2	0	2	0	0	0	0	0	Y	N	Y	N	N	N	N	N	N	N	N	N	0.0034	0.0001	0.0064	0.0024	0.0001	0.3057	0.0048	0.0000	0.0074	0.0258	0.0000	0.1845	0.0017	0.0001	0.8987	0.0409	0.0000	0.1809	7.6778	0.3416	28.6656	0.7248	0.6281	2.9402	8.4401	0.0000	24.4238	801.1603	30.6077	0.0000	1.2815	1.0010	0.0560	10.8665	10.7426	0.0000	0.0000	0.0000	0.0000	0.0000	0.0000	0.0000	0.0000	0.0000	2.5128	0.0795	2.4333	0.0958	0.0795	0.0163	2.4171	0.0000	2.4171	0.0018	0.0015	0.0002	0.0007	0.0007	0.0000	0.0011	0.0008	0.0002	0.4185	0.2327	0.1858	0.1321	0.1266	0.0055	0.2864	0.1061	0.1803	0.0043	0.0001	0.0141	0.0024	0.0001	0.3057	0.0048	0.0000	0.0135	6.0046	0.3416	13.0980	0.7248	0.6281	2.9402	8.4401	0.0000	13.4096
10	14	0.1931	9	1	0	2	0	0	0	0	0	N	N	Y	N	N	N	N	N	N	N	N	N	0.0000	0.0000	0.0000	0.0000	0.0000	0.0000	0.0000	0.0000	0.0000	0.0000	0.0000	0.0000	0.0000	0.0000	0.0000	0.0000	0.0000	0.0000	4.4133	0.0026	20.2309	0.0046	0.0054	0.0009	6.4235	0.0000	23.6245	2553.7653	0.0000	1.0807	1.0010	16.7310	10.8665	15.9078	0.0000	0.0000	0.0000	0.0000	0.0000	0.0000	0.0000	0.0000	0.0000	1.9967	0.0008	1.9959	0.0008	0.0008	0.0000	1.9959	0.0000	1.9959	0.1138	0.0969	0.0169	0.0169	0.0157	0.0012	0.0968	0.0811	0.0157	0.4889	0.3022	0.1867	0.1782	0.1445	0.0337	0.3107	0.1577	0.1530	0.0000	0.0000	0.0000	0.0000	0.0000	0.0000	0.0000	0.0000	0.0000	4.0838	0.0026	10.6883	0.0046	0.0054	0.0009	6.4235	0.0000	13.0429	
10	15	0.4783	10	1	0	2	0	0	0	0	0	N	N	Y	N	N	N	N	N	N	N	N	N	0.0254	0.0257	0.0000	0.0564	0.0495	0.0000	0.0000	0.0000	0.0000	0.0003	0.0003	0.0000	0.0008	0.0008	0.0000	0.0000	0.0000	0.0000	0.0113	0.0127	0.0079	0.0138	0.0167	0.0004	0.0076	0.0037	0.0126	0.0000	0.2471	-0.0000	-0.0014	1.0010	10.3367	10.8665	13.9008	0.0000	0.0000	0.0000	0.0000	0.0000	0.0000	0.0000	0.0000	0.0000	0.0054	0.0043	0.0011	0.0039	0.0039	0.0000	0.0014	0.0004	0.0010	0.0746	0.0660	0.0087	0.0276	0.0260	0.0017	0.0470	0.0400	0.0070	0.4752	0.3406	0.1346	0.2862	0.2347	0.0515	0.1890	0.1060	0.0831	0.0254	0.0257	0.0000	0.0564	0.0495	0.0000	0.0000	0.0000	0.0000	0.0113	0.0127	0.0079	0.0138	0.0167	0.0004	0.0076	0.0037	0.0126
10	16	0.1565	8	1	0	2	0	0	0	0	0	N	N	Y	N	N	N	N	N	N	N	N	N	0.0000	0.0000	0.0000	0.0000	0.0000	0.0000	0.0000	0.0000	0.0000	0.0000	0.0000	0.0000	0.0000	0.0000	0.0000	0.0000	0.0000	0.0000	1.9012	3.0536	0.0000	0.0007	0.0008	0.0000	2.9288	5.6638	0.0000	0.0000	0.0000	-0.4503	1.0010	12.0000	10.8665	18.8883	0.0000	0.0000	0.0000	0.0000	0.0000	0.0000	0.0000	0.0000	0.0000	0.9825	0.9825	0.0000	0.0001	0.0001	0.0000	0.9823	0.9823	0.0000	0.0809	0.0691	0.0118	0.0121	0.0112	0.0009	0.0688	0.0579	0.0109	0.5167	0.3217	0.1950	0.1813	0.1483	0.0331	0.3354	0.1734	0.1620	0.0000	0.0000	0.0000	0.0000	0.0000	0.0000	0.0000	0.0000	0.0000	1.9012	3.0536	0.0000	0.0007	0.0008	0.0000	2.9288	5.6638	0.0000	
10	17	0.6396	11	2	1	1	0	0	0	0	0	Y	N	N	N	N	N	N	N	N	N	N	N	0.0001	0.0000	inf	0.0000	0.0000	0.0000	0.0000	inf	0.0000	0.0000	0.0000	0.0000	0.0000	0.0000	0.0000	0.0000	0.0000	0.0288	0.0408	0.0000	0.0001	0.0002	0.0000	0.0860	0.1568	0.0000	inf	0.0000	0.0000	-0.0028	1.0010	3.5868	10.8665	9.0275	0.0000	0.0000	0.0000	0.0000	0.0000	0.0000	0.0000	0.0000	0.0000	0.0062	0.0062	0.0000	0.0000	0.0000	0.0000	0.0061	0.0061	0.0000	0.0390	0.0348	0.0043	0.0166	0.0159	0.0008	0.0224	0.0189	0.0035	0.2140	0.1509	0.0630	0.1425	0.1118	0.0307	0.0714	0.0392	0.0323	0.0001	0.0000	inf	0.0000	0.0000	0.0000	0.0000	0.0000	inf	0.0288	0.0408	0.0000	0.0001	0.0002	0.0000	0.0860	0.1568	0.0000	
10	18	0.0614	4	2	1	1	0	0	0	0	0	Y	N	N	N	N	N	N	N	N	N	N	N	0.0000	0.0000	0.0000	0.0000	0.0000	0.0000	0.0000	0.0000	0.0000	0.0000	0.0000	0.0000	0.0000	0.0000	0.0000	0.0000	0.0000	0.7832	0.0792	1.7659	0.3009	0.3211	0.0008	0.8705	0.0000	1.8076	15.9774	0.0000	0.1448	1.0010	3.9981	10.8665	16.5900	0.0000	0.0000	0.0000	0.0000	0.0000	0.0000	0.0000	0.0000	0.0000	0.2999	0.0177	0.2822	0.0177	0.0177	0.0000	0.2822	0.0000	0.2822	0.0285	0.0241	0.0044	0.0019	0.0017	0.0002	0.0266	0.0224	0.0042	0.3829	0.2231	0.1598	0.0587	0.0550	0.0037	0.3242	0.1681	0.1561	0.0000	0.0000	0.0000	0.0000	0.0000	0.0000	0.0000	0.0000	0.0000	0.7832	0.0792	1.7659	0.3009	0.3211	0.0008	0.8705	0.0000	1.8076		
10	19	0.5953	12	1	0	2	1	0	0	0	0	N	N	Y	N	N	N	N	N	N	N	N	N	0.0000	0.0000	0.0000	0.0000	0.0000	0.0000	0.0000	0.0000	0.0000	0.0000	0.0000	0.0000	0.0000	0.0000	0.0000	0.0000	0.0001	0.0000	0.0003	0.0000	0.0000	0.0000	0.0002	0.0000	0.0004	229.0417	0.0000	0.0000	1.0010	0.0000	10.8665	2.0009	0.0000	0.0000	0.0000	0.0000	0.0000	0.0000	0.0000	0.0000	0.0000	0.0000	0.0000	0.0000	0.0000	0.0000	0.0000	0.0000	0.0000	0.0000	0.0001	0.0000	0.0000	0.0000	0.0000	0.0000	0.0000	0.0000	0.0000	0.0281	0.0193	0.0087	0.0166	0.0132	0.0033	0.0115	0.0061	0.0054	0.0000	0.0000	0.0000	0.0000	0.0000	0.0000	0.0000	0.0000	0.0000	0.0001	0.0000	0.0003	0.0000	0.0000	0.0000	0.0002	0.0000	0.0004			
10	20	0.6096	13	1	0	2	1	0	0	0	0	N	N	Y	N	N	N	N	N	N	N	N	N	0.0000	0.0000	0.0000	0.0000	0.0000	0.0000	0.0000	0.0000	0.0000	0.0000	0.0000	0.0000	0.0000	0.0000	0.0000	0.0000	0.0000	0.0000	2.3691	3.2122	0.5546	3.6806	4.6504	0.0002	0.4353	0.0000	0.9117	0.0802	0.0000	-0.4160	1.0010	14.9999	10.8665	23.4905	0.0000	0.0000	0.0000	0.0000	0.0000	0.0000	0.0000	0.0000	0.0000	1.0829	1.0025	0.0804	1.0025	1.0025	0.0000	0.0804	0.0000	0.0804	0.0953	0.0827	0.0125	0.0306	0.0283	0.0023	0.0647	0.0545	0.0102	0.4571	0.3121	0.1450	0.2724	0.2156	0.0568	0.1847	0.0965	0.0882	0.0000	0.0000	0.0000	0.0000	0.0000	0.0000	0.0000	0.0000	0.0000	2.3691	3.2122	0.5546	3.6806	4.6504	0.0002	0.4353	0.0000	0.9117	
10	21	0.0614	4	1	1	1	0	0	0	0	0	N	N	N	N	N	N	N	N	N	N	N	N	0.0500	0.3648	0.0000	0.0796	0.0810	0.0000	0.0466	0.4348	0.0000	0.0251	0.0297	0.0000	0.0086	0.0094	0.0000	0.0263	0.0312	0.0000	0.5025	0.0814	1.0757	0.1077	0.1160	0.0022	0.5638	0.0719	1.1009	0.0000	9.7129	-0.0004	0.1396	1.0010	4.9981	10.8665	32.5905	0.0009	0.0009	0.0000	0.0000	0.0000	0.0000	0.0009	0.0009	0.0000	0.3114	0.0291	0.2823	0.0090	0.0089	0.0000	0.3024	0.0201	0.2823	0.0354	0.0300	0.0055	0.0023	0.0021	0.0002	0.0331	0.0278	0.0053	0.6196	0.3571	0.2624	0.0832	0.0771	0.0060	0.5364	0.2800	0.2564	0.0500	0.3648	0.0000	0.0796	0.0810	0.0000	0.0466	0.4348	0.0000	0.5025	0.0814	1.0757	0.1077	0.1160	0.0022	0.5638	0.0719	1.1009
10	22	0.6396	11	1	1	1	0	0	0	0	0	N	N	N	N	N	N	N	N	N	N	N	N	0.0001	0.0001	0.0444	0.0369	0.0000	0.0000	0.0002	0.0003	0.0000	0.0006	0.0007	0.0000	0.0000	0.0000	0.0000	2.9567	4.2108	0.0000	0.0144	0.0185	0.0000	8.4324	15.2360	0.0000	0.0000	0.0000	-0.0000	-0.4474	1.0010	12.5677	10.8665	9.8718	0.0000	0.0000	0.0000	0.0000	0.0000	0.0000	0.0000	0.0000	0.0000	0.9760	0.9760	0.0000	0.0031	0.0031	0.0000	0.9729	0.9729	0.0000	0.0892	0.0784	0.0108	0.0311	0.0293	0.0019	0.0580	0.0491	0.0089	0.3301	0.2318	0.0983	0.2147	0.1679	0.0468	0.1154	0.0639	0.0515	0.0001	0.0001	0.0000	0.0444	0.0369	0.0000	0.0000	0.0000	0.0000	2.9567	4.2108	0.0000	0.0144	0.0185	0.0000	8.4324	15.2360	0.0000			
10	23	0.2568	11	1	0	1	1	0	0	0	0	N	N	N	N	N	N	N	N	N	N	N	N	0.0000	0.0000	0.0000	0.0000	0.0000	0.0000	0.0000	0.0000	0.0000	0.0000	0.0000	0.0000	0.0000	0.0001	0.0002	0.0000	0.0004	0.0005	0.0000	0.0000	0.0000	0.0000	0.0000	0.0000	-0.0000	1.0010	0.9981	10.8665	0.0014	0.0000	0.0000	0.0000	0.0000	0.0000	0.0000	0.0000	0.0000	0.0000	0.0000	0.0000	0.0000	0.0000	0.0000	0.0000	0.0000	0.0000	0.0000	0.0070	0.0059	0.0010	0.0010	0.0010	0.0001	0.0060	0.0050	0.0010	0.0162	0.0099	0.0063	0.0056	0.0046	0.0010	0.0106	0.0053	0.0053	0.0000	0.0000	0.0000	0.0000	0.0000	0.0000	0.0000	0.0000	0.0000	0.0001	0.0002	0.0000	0.0004	0.0005	0.0000	0.0000	0.0000	0.0000						
10	24	0.2089	8	1	1	1	1	0	0	0	0	N	N	N	N	N	N	N	N	N	N	N	N	0.0000	0.0000	0.0000	0.0000	0.0000	0.0000	0.0000	0.0000	0.0000	0.0000	0.0000	0.0000	0.0000	0.0000	0.0000	0.0000	0.0000	0.0000	1.1098	1.6363	0.0389	2.4242	2.9233	0.1553	0.0050	0.0091	0.0001	0.0117	0.0000	-0.1497	1.0010	0.6341	10.8665	12.6218	0.0000	0.0000	0.0000	0.0000	0.0000	0.0000	0.0000	0.0000	0.0000	0.3350	0.3312	0.0039	0.3342	0.3303	0.0039	0.0008	0.0008	0.0000	0.0053	0.0047	0.0007	0.0012	0.0011	0.0001	0.0042	0.0036	0.0006	0.3019	0.2024	0.0995	0.1379	0.1130	0.0249	0.1640	0.0894	0.0746	0.0000	0.0000	0.0000	0.0000	0.0000	0.0000	0.0000	0.0000	0.0000	1.1098	1.6363	0.0389	2.4242	2.9233	0.1553	0.0050	0.0091	0.0001	
10	25	0.5793	10	1	1	1	0	0	0	0	0	N	N	N	N	N	N	N	N	N	N	N	N	0.0000	0.0003	0.0000	0.0001	0.0005	0.0000	0.0000	0.0001	0.0000	0.0000	0.0000	0.0000	0.0000	0.0000	0.0000	0.0000	0.0000	0.0000	0.6499	0.0133	2.1576	0.1315	0.0189	0.5948	1.4574	0.0003	3.2046	0.3608	68.5683	-0.0000	0.1346	1.0010	10.0221	10.8665	10.6811	0.0000	0.0000	0.0000	0.0000	0.0000	0.0000	0.0000	0.0000	0.0000	0.2554	0.0037	0.2517	0.0315	0.0036	0.0278	0.2239	0.0000	0.2239	0.0862	0.0757	0.0105	0.0327	0.0303	0.0024	0.0535	0.0454	0.0082	0.3930	0.2763	0.1167	0.2394	0.1925	0.0468	0.1536	0.0838	0.0699	0.0000	0.0003	0.0000	0.0001	0.0005	0.0000	0.0000	0.0001	0.0000	0.6499	0.0133	2.1576	0.1315	0.0189	0.5948	1.4574	0.0003	3.2046
10	26	0.0954	6	1	1	1	0	0	0	0	0	N	N	N	N	N	N	N	N	N	N	N	N	0.0063	2.3308	0.0000	1.6051	2.1139	0.0000	0.0059	1.8223	0.0000	0.0314	0.0371	0.0000	0.0094	0.0103	0.0000	0.0332	0.0395	0.0000	5.0193	0.0159	20.6821	0.0058	0.0049	0.0170	5.6300	0.0217	17.1753	0.0000	459.0990	-0.0004	0.4570	1.0010	3.9997	10.8665	5.4032	0.0009	0.0009	0.0000	0.0000	0.0000	0.0000	0.0009	0.0009	0.0000	0.8472	0.0018	0.8453	0.0003	0.0002	0.0001	0.8469	0.0016	0.8453	0.0283	0.0239	0.0044	0.0021	0.0019	0.0002	0.0261	0.0220	0.0042	0.1933	0.1155	0.0778	0.0429	0.0395	0.0034	0.1504	0.0760	0.0744	0.0072	2.3308	0.0000	1.6051	2.1139	0.0000	0.0059	1.8223	0.0000	4.3816	0.0159	10.8623	0.0058	0.0049	0.0170	5.6300	0.0217	11.3632
10	27	0.6096	13	1	1	1	1	0	0	0	0	N	N	N	N	N	N	N	N	N	N	N	N	0.0755	13.2764	0.0000	0.0032	0.6072	0.0000	79.0132	4072.4285	0.0000	0.0267	0.0308	0.0000	0.0018	0.0020	0.0000	0.0387	0.0462	0.0000	0.3528	0.0023	1.1096	0.5814	0.0033	2.8258	0.0005	0.0000	0.0010	0.0000	221.6772	-0.0004	0.0402	1.0010	4.9655	10.8665	10.6561	0.0009	0.0009	0.0000	0.0000	0.0000	0.0000	0.0009	0.0009	0.0000	0.0749	0.0003	0.0746	0.0749	0.0003	0.0745	0.0000	0.0000	0.0000	0.0334	0.0289	0.0045	0.0109	0.0101	0.0008	0.0225	0.0188	0.0036	0.2124	0.1451	0.0672	0.1288	0.1024	0.0264	0.0836	0.0427	0.0408	0.0755	13.2764	0.0000	0.0032	0.6072	0.0000	79.0132	4072.4285	0.0000	0.3528	0.0023	1.1096	0.5814	0.0033	2.8258	0.0005	0.0000	0.0010
10	28	0.2618	12	1	1	1	1	0	0	0	0	N	N	N	N	N	N	N	N	N	N	N	N	0.0000	0.0000	0.0000	0.0000	0.0000	0.0000	0.0000	0.0000	0.0000	0.0000	0.0000	0.0000	0.0000	0.0000	0.0000	0.0000	0.0000	0.0000	0.0000	0.0000	1.0010	0.0000	10.8665	0.0000	0.0000	0.0000	0.0000	0.0000	0.0000	0.0000	0.0000	0.0000	0.0000	0.0000	0.0000	0.0000	0.0000	0.0000	0.0000	0.0000	0.0000	0.0000	0.0000	0.0000	0.0000	0.0000	0.0000	0.0000	0.0000	0.0000	0.0000	0.0000	0.0000	0.0000	0.0000	0.0000	0.0000	0.0000	0.0000	0.0000	0.0000	0.0000	0.0000	0.0000	0.0000	0.0000	0.0000	0.0000	0.0000	0.0000	0.0000	0.0000	0.0000	0.0000	0.0000	0.0000	0.0000	0.0000											
10	29	0.2292	7	2	1	1	0	0	0	0	0	Y	N	N	N	N	N	N	N	N	N	N	N	0.0002	0.0001	0.0000	0.0003	0.0003	0.0000	0.0003	0.0003	0.0000	0.0000	0.0000	0.0000	0.0002	0.0002	0.0000	0.0000	0.0000	0.0000	0.2246	0.3274	0.0011	0.5157	0.6141	0.0004	0.0020	0.0026	0.0013	0.0000	0.0015	-0.0000	-0.0353	1.0010	3.9885	10.8665	8.5018	0.0000	0.0000	0.0000	0.0000	0.0000	0.0000	0.0000	0.0000	0.0000	0.0772	0.0771	0.0001	0.0768	0.0768	0.0000	0.0004	0.0003	0.0001	0.0360	0.0304	0.0056	0.0080	0.0077	0.0003	0.0281	0.0228	0.0053	0.3439	0.2355	0.1084	0.1490	0.1251	0.0239	0.1949	0.1104	0.0845	0.0002	0.0001	0.0000	0.0003	0.0003	0.0000	0.0003	0.0003	0.0000	0.2246	0.3274	0.0011	0.5157	0.6141	0.0004	0.0020	0.0026	0.0013
10	30	0.2201	9	1	1	1	0	0	0	0	0	N	N	N	N	N	N	N	N	N	N	N	N	0.0000	0.0000	0.0000	0.0000	0.0000	0.0000	0.0000	0.0000	0.0000	0.0000	0.0000	0.0000	0.0000	0.0000	0.0000	0.0000	0.0000	0.0000	0.0009	0.0005	0.0019	0.0009	0.0009	0.0016	0.0010	0.0000	0.0019	1.8193	0.0000	0.0000	1.0010	0.9701	10.8665	4.0208	0.0000	0.0000	0.0000	0.0000	0.0000	0.0000	0.0000	0.0000	0.0000	0.0002	0.0001	0.0001	0.0001	0.0001	0.0000	0.0001	0.0000	0.0001	0.0224	0.0191	0.0033	0.0119	0.0102	0.0017	0.0106	0.0089	0.0017	0.1758	0.1182	0.0576	0.0730	0.0680	0.0050	0.1029	0.0502	0.0526	0.0000	0.0000	0.0000	0.0000	0.0000	0.0000	0.0000	0.0000	0.0000	0.0009	0.0005	0.0019	0.0009	0.0009	0.0016	0.0010	0.0000	0.0019	
10	31	0.1947	7	1	0	1	1	0	0	0	0	N	N	N	N	N	N	N	N	N	N	N	N	0.0000	0.0000	0.0000	0.0000	0.0000	0.0000	0.0000	0.0000	0.0000	0.0000	0.0000	0.0000	0.0000	0.0000	0.0000	0.0000	0.0000	0.0000	1.7570	0.3712	4.3830	0.5634	0.6887	0.0027	2.6506	0.0064	5.6649	6.2313	0.0000	0.2987	1.0010	5.0045	10.8665	16.6627	0.0000	0.0000	0.0000	0.0000	0.0000	0.0000	0.0000	0.0000	0.0000	0.7406	0.1024	0.6382	0.1017	0.1016	0.0001	0.6390	0.0008	0.6381	0.0342	0.0292	0.0050	0.0055	0.0051	0.0004	0.0287	0.0241	0.0046	0.4215	0.2759	0.1456	0.1805	0.1475	0.0330	0.2411	0.1284	0.1126	0.0000	0.0000	0.0000	0.0000	0.0000	0.0000	0.0000	0.0000	0.0000	1.7570	0.3712	4.3830	0.5634	0.6887	0.0027	2.6506	0.0064	5.6649	
10	32	0.7370	13	2	0	2	0	0	0	0	0	Y	N	Y	N	N	N	N	N	N	N	N	N	0.0000	0.0000	0.0000	0.0000	0.0000	0.0000	0.0000	0.0000	0.0000	0.0000	0.0000	0.0000	0.0000	0.0000	0.0000	0.0000	0.0000	0.0177	0.0208	0.0106	0.0226	0.0290	0.0000	0.0089	0.0000	0.0199	0.2197	0.0000	-0.0001	1.0010	1.4893	10.8665	0.0050	0.0000	0.0000	0.0000	0.0000	0.0000	0.0000	0.0000	0.0000	0.0000	0.0004	0.0003	0.0001	0.0003	0.0003	0.0000	0.0001	0.0000	0.0001	0.0094	0.0081	0.0013	0.0027	0.0025	0.0002	0.0067	0.0056	0.0011	0.0219	0.0153	0.0066	0.0140	0.0109	0.0031	0.0079	0.0044	0.0035	0.0000	0.0000	0.0000	0.0000	0.0000	0.0000	0.0000	0.0000	0.0000	0.0177	0.0208	0.0106	0.0226	0.0290	0.0000	0.0089	0.0000	0.0199		
10	33	0.1165	7	2	0	2	0	0	0	0	0	Y	N	Y	N	N	N	N	N	N	N	N	N	52.7168	0.0000	81186.5992	2.4640	0.0000	35558.0454	11191.6342	0.0000	83829.0811	0.1172	0.0000	0.7714	0.0223	0.0000	0.3449	0.1304	0.0000	0.7948	0.0022	0.0038	0.0000	0.0091	0.0107	0.0000	0.0000	0.0000	0.0000	inf	0.0018	0.0005	-0.0001	1.0010	0.9855	10.8665	5.0251	0.0009	0.0000	0.0009	0.0000	0.0000	0.0000	0.0009	0.0000	0.0009	0.0002	0.0002	0.0000	0.0002	0.0002	0.0000	0.0000	0.0000	0.0000	0.0075	0.0063	0.0011	0.0009	0.0009	0.0001	0.0066	0.0055	0.0011	0.1046	0.0618	0.0428	0.0256	0.0217	0.0039	0.0790	0.0401	0.0390	52.7168	0.0000	81186.5992	2.4640	0.0000	35558.0454	11191.6342	0.0000	83829.0811	0.0022	0.0038	0.0000	0.0091	0.0107	0.0000	0.0000	0.0000	0.0000
10	34	0.1931	9	1	1	1	0	0	0	0	0	N	N	N	N	N	N	N	N	N	N	N	N	0.0000	0.0000	0.0000	0.0000	0.0000	0.0000	0.0000	0.0000	0.0000	0.0000	0.0000	0.0000	0.0000	0.0001	0.0001	0.0000	0.0002	0.0002	0.0000	0.0000	0.0000	0.0000	0.0000	0.0000	-0.0000	1.0010	2.0026	10.8665	4.0175	0.0000	0.0000	0.0000	0.0000	0.0000	0.0000	0.0000	0.0000	0.0000	0.0000	0.0000	0.0000	0.0000	0.0000	0.0000	0.0000	0.0000	0.0000	0.0180	0.0150	0.0029	0.0039	0.0038	0.0002	0.0141	0.0113	0.0028	0.1181	0.0751	0.0430	0.0492	0.0408	0.0083	0.0689	0.0343	0.0346	0.0000	0.0000	0.0000	0.0000	0.0000	0.0000	0.0000	0.0000	0.0000	0.0001	0.0001	0.0000	0.0002	0.0002	0.0000	0.0000	0.0000	0.0000						
10	35	0.1931	8	1	0	1	0	0	0	0	0	N	N	N	N	N	N	N	N	N	N	N	N	0.0000	0.0000	0.0000	0.0000	0.0000	0.0000	0.0000	0.0000	0.0000	0.0000	0.0000	0.0000	0.0000	0.0000	0.0000	0.0000	0.0000	0.0000	0.0267	0.0199	0.0402	0.0271	0.0318	0.0000	0.0263	0.0002	0.0511	1.0218	0.0000	0.0001	1.0010	0.4148	10.8665	1.5497	0.0000	0.0000	0.0000	0.0000	0.0000	0.0000	0.0000	0.0000	0.0000	0.0015	0.0007	0.0007	0.0007	0.0007	0.0000	0.0007	0.0000	0.0007	0.0068	0.0055	0.0013	0.0023	0.0023	0.0000	0.0045	0.0032	0.0012	0.0548	0.0364	0.0184	0.0266	0.0227	0.0039	0.0282	0.0137	0.0145	0.0000	0.0000	0.0000	0.0000	0.0000	0.0000	0.0000	0.0000	0.0000	0.0267	0.0199	0.0402	0.0271	0.0318	0.0000	0.0263	0.0002	0.0511	
10	36	0.1353	6	1	1	1	0	0	0	0	0	N	N	N	N	N	N	N	N	N	N	N	N	0.0000	0.0000	0.0000	0.0000	0.0000	0.0000	0.0000	0.0000	0.0000	0.0000	0.0000	0.0000	0.0000	0.0000	0.0000	0.0000	0.0000	2.5519	0.9384	4.9780	1.7757	2.1815	0.0000	2.9128	0.0000	5.8414	3.5278	0.0000	0.4103	1.0010	7.9964	10.8665	23.6501	0.0000	0.0000	0.0000	0.0000	0.0000	0.0000	0.0000	0.0000	0.0000	1.2790	0.2825	0.9965	0.2825	0.2825	0.0000	0.9965	0.0000	0.9965	0.0504	0.0428	0.0076	0.0045	0.0041	0.0004	0.0459	0.0386	0.0072	0.5012	0.3010	0.2002	0.1591	0.1295	0.0296	0.3421	0.1715	0.1706	0.0000	0.0000	0.0000	0.0000	0.0000	0.0000	0.0000	0.0000	0.0000	2.5519	0.9384	4.9780	1.7757	2.1815	0.0000	2.9128	0.0000	5.8414		
10	37	0.0614	4	2	1	1	0	0	0	0	0	Y	N	N	N	N	N	N	N	N	N	N	N	0.0017	0.0000	0.0051	0.0000	0.0000	0.0000	0.0017	0.0053	0.0033	0.0000	0.0212	0.0000	0.0000	0.0000	0.0035	0.0000	0.0220	1.8984	0.2376	4.1669	1.2735	1.0726	3.9080	1.9982	0.0000	4.1730	inf	12.8371	0.0001	0.4978	1.0010	6.9981	10.8665	25.9787	0.0002	0.0000	0.0002	0.0000	0.0000	0.0000	0.0002	0.0000	0.0002	1.0605	0.0766	0.9839	0.0979	0.0766	0.0213	0.9626	0.0000	0.9626	0.0491	0.0416	0.0075	0.0032	0.0029	0.0003	0.0459	0.0386	0.0073	0.5586	0.3225	0.2361	0.0769	0.0715	0.0054	0.4817	0.2511	0.2307	0.0017	0.0000	0.0051	0.0000	0.0000	0.0000	0.0017	0.0000	0.0053	1.8984	0.2376	4.1669	1.2735	1.0726	3.9080	1.9982	0.0000	4.1730	
10	38	0.1931	8	1	1	1	0	0	0	0	0	N	N	N	N	N	N	N	N	N	N	N	N	0.0000	0.0000	0.0000	0.0000	0.0000	0.0000	0.0000	0.0000	0.0000	0.0000	0.0000	0.0000	0.0000	0.0000	0.0000	0.0000	0.0000	0.0000	0.0322	0.0516	0.0000	0.0202	0.0247	0.0000	0.0396	0.0787	0.0000	0.0001	0.0000	-0.0037	1.0010	4.7553	10.8665	10.1994	0.0000	0.0000	0.0000	0.0000	0.0000	0.0000	0.0000	0.0000	0.0000	0.0081	0.0081	0.0000	0.0019	0.0019	0.0000	0.0061	0.0061	0.0000	0.0369	0.0312	0.0057	0.0066	0.0062	0.0004	0.0304	0.0250	0.0054	0.2509	0.1565	0.0945	0.0960	0.0785	0.0175	0.1549	0.0780	0.0769	0.0000	0.0000	0.0000	0.0000	0.0000	0.0000	0.0000	0.0000	0.0000	0.0322	0.0516	0.0000	0.0202	0.0247	0.0000	0.0396	0.0787	0.0000	
10	39	0.1353	6	2	1	1	0	0	0	0	0	Y	N	N	N	N	N	N	N	N	N	N	N	0.0000	0.0000	0.0000	0.0000	0.0000	0.0000	0.0000	0.0000	0.0000	0.0000	0.0000	0.0000	0.0000	0.0000	0.0000	1.5353	2.5567	0.0000	4.8538	6.0898	0.0000	0.0690	0.1375	0.0000	0.0000	0.0000	-0.3586	1.0010	5.0000	10.8665	27.3229	0.0000	0.0000	0.0000	0.0000	0.0000	0.0000	0.0000	0.0000	0.0000	0.7824	0.7824	0.0000	0.7584	0.7584	0.0000	0.0240	0.0240	0.0000	0.0320	0.0271	0.0049	0.0029	0.0026	0.0003	0.0291	0.0245	0.0046	0.5096	0.3060	0.2036	0.1615	0.1314	0.0301	0.3482	0.1747	0.1735	0.0000	0.0000	0.0000	0.0000	0.0000	0.0000	0.0000	0.0000	0.0000	1.5353	2.5567	0.0000	4.6973	5.7732	0.0000	0.0690	0.1375	0.0000				
10	40	0.0614	4	1	1	1	0	0	0	0	0	N	N	N	N	N	N	N	N	N	N	N	N	0.0121	0.0085	0.0000	0.0003	0.0003	0.0000	0.3544	inf	0.0000	0.0181	0.0214	0.0000	0.0062	0.0068	0.0000	0.0189	0.0225	0.0000	1.4965	2.5068	0.1090	23.3421	23.7444	0.0065	0.0535	0.0000	0.1114	0.0000	0.0317	-0.0004	-0.3176	1.0010	7.0019	10.8665	21.4344	0.0009	0.0009	0.0000	0.0000	0.0000	0.0000	0.0009	0.0009	0.0000	0.7427	0.7199	0.0228	0.7200	0.7199	0.0000	0.0228	0.0000	0.0228	0.0491	0.0416	0.0075	0.0032	0.0029	0.0003	0.0459	0.0387	0.0073	0.4963	0.2872	0.2091	0.0705	0.0656	0.0048	0.4258	0.2216	0.2043	0.0121	0.0085	0.0000	0.0006	0.0006	0.0000	0.3544	inf	0.0000	1.4965	2.5068	0.1090	10.2164	10.9688	0.0065	0.0535	0.0000	0.1114
10	41	0.6396	11	1	1	1	0	0	0	0	0	N	N	N	N	N	N	N	N	N	N	N	N	0.0001	0.0000	0.0107	0.0000	0.0000	0.0000	0.0023	0.0000	0.0068	0.0000	0.0000	0.0000	0.0000	0.0000	0.0000	0.0000	0.0000	0.0000	0.0143	0.0200	0.0008	0.0215	0.0274	0.0000	0.0007	0.0000	0.0016	inf	0.0173	0.0000	-0.0018	1.0010	8.1446	10.8665	10.2519	0.0000	0.0000	0.0000	0.0000	0.0000	0.0000	0.0000	0.0000	0.0000	0.0041	0.0040	0.0001	0.0040	0.0040	0.0000	0.0001	0.0000	0.0001	0.0659	0.0581	0.0078	0.0244	0.0231	0.0014	0.0415	0.0351	0.0064	0.2877	0.2023	0.0854	0.1885	0.1475	0.0410	0.0992	0.0548	0.0445	0.0001	0.0000	0.0107	0.0000	0.0000	0.0000	0.0023	0.0000	0.0068	0.0143	0.0200	0.0008	0.0215	0.0274	0.0000	0.0007	0.0000	0.0016
10	42	0.0614	4	1	1	1	0	0	0	0	0	N	N	N	N	N	N	N	N	N	N	N	N	0.0000	0.0000	0.0000	0.0000	0.0000	0.0000	0.0000	0.0000	0.0000	0.0000	0.0000	0.0000	0.0000	0.0000	0.0000	0.0000	0.0000	0.9343	0.0655	2.1597	0.2399	0.2548	0.0041	1.0664	0.0000	2.2103	23.3775	0.0000	0.1578	1.0010	5.9981	10.8665	11.5875	0.0000	0.0000	0.0000	0.0000	0.0000	0.0000	0.0000	0.0000	0.0000	0.3153	0.0129	0.3023	0.0129	0.0129	0.0000	0.3023	0.0000	0.3023	0.0423	0.0358	0.0065	0.0028	0.0025	0.0002	0.0395	0.0333	0.0063	0.3375	0.1975	0.1400	0.0540	0.0508	0.0032	0.2835	0.1467	0.1368	0.0000	0.0000	0.0000	0.0000	0.0000	0.0000	0.0000	0.0000	0.0000	0.9343	0.0655	2.1597	0.2399	0.2548	0.0041	1.0664	0.0000	2.2103		
10	43	0.2929	8	1	1	2	1	0	0	0	0	N	N	Y	N	N	N	N	N	N	N	N	N	0.0000	0.0000	0.0000	0.0000	0.0000	0.0000	0.0000	0.0000	0.0000	0.0000	0.0000	0.0000	0.0000	0.0000	0.0000	0.0000	0.0000	0.0000	0.0008	0.0007	0.0010	0.0010	0.0011	0.0000	0.0006	0.0001	0.0012	0.5370	0.0000	-0.0000	1.0010	1.0007	10.8665	2.4334	0.0000	0.0000	0.0000	0.0000	0.0000	0.0000	0.0000	0.0000	0.0000	0.0001	0.0001	0.0000	0.0000	0.0000	0.0000	0.0000	0.0000	0.0000	0.0068	0.0058	0.0010	0.0013	0.0013	0.0001	0.0055	0.0046	0.0009	0.0969	0.0697	0.0272	0.0504	0.0449	0.0055	0.0465	0.0248	0.0217	0.0000	0.0000	0.0000	0.0000	0.0000	0.0000	0.0000	0.0000	0.0000	0.0008	0.0007	0.0010	0.0010	0.0011	0.0000	0.0006	0.0001	0.0012	
10	44	0.2557	7	1	0	1	1	0	0	0	0	N	N	N	N	N	N	N	N	N	N	N	N	0.0034	0.0033	0.0000	0.0008	0.0007	0.0000	0.0075	0.0178	0.0000	0.0004	0.0004	0.0000	0.0001	0.0001	0.0000	0.0004	0.0005	0.0000	0.1052	0.1259	0.0606	0.1479	0.1798	0.0001	0.0562	0.0286	0.0864	0.0000	0.2245	-0.0000	-0.0127	1.0010	1.0391	10.8665	15.0482	0.0000	0.0000	0.0000	0.0000	0.0000	0.0000	0.0000	0.0000	0.0000	0.0463	0.0378	0.0085	0.0347	0.0347	0.0000	0.0115	0.0031	0.0085	0.0076	0.0065	0.0011	0.0017	0.0016	0.0001	0.0059	0.0049	0.0010	0.4401	0.3001	0.1400	0.2350	0.1931	0.0418	0.2051	0.1070	0.0982	0.0034	0.0033	0.0000	0.0008	0.0007	0.0000	0.0075	0.0178	0.0000	0.1052	0.1259	0.0606	0.1479	0.1798	0.0001	0.0562	0.0286	0.0864
10	45	0.1353	6	1	1	1	0	0	0	0	0	N	N	N	N	N	N	N	N	N	N	N	N	0.0000	0.0000	0.0000	0.0000	0.0000	0.0000	0.0000	0.0000	0.0000	0.0000	0.0000	0.0000	0.0000	0.0000	0.0000	0.0000	0.0000	0.5254	0.8753	0.0000	1.6664	2.0505	0.0000	0.0004	0.0008	0.0000	0.0000	0.0000	-0.1290	1.0010	12.0036	10.8665	21.9053	0.0000	0.0000	0.0000	0.0000	0.0000	0.0000	0.0000	0.0000	0.0000	0.2814	0.2814	0.0000	0.2813	0.2813	0.0000	0.0002	0.0002	0.0000	0.0753	0.0640	0.0113	0.0067	0.0061	0.0006	0.0686	0.0579	0.0108	0.5356	0.3215	0.2141	0.1688	0.1372	0.0316	0.3668	0.1843	0.1824	0.0000	0.0000	0.0000	0.0000	0.0000	0.0000	0.0000	0.0000	0.0000	0.5254	0.8753	0.0000	1.6664	2.0505	0.0000	0.0004	0.0008	0.0000		
10	46	0.6166	14	2	1	1	0	0	0	0	0	Y	N	N	N	N	N	N	N	N	N	N	N	0.0000	0.0000	0.0000	0.0000	0.0000	0.0000	0.0000	0.0000	0.0000	0.0000	0.0000	0.0000	0.0000	0.0001	0.0000	0.0004	0.0000	0.0000	0.0000	0.0003	0.0000	0.0007	inf	0.0000	0.0000	1.0010	2.0120	10.8665	1.9924	0.0000	0.0000	0.0000	0.0000	0.0000	0.0000	0.0000	0.0000	0.0000	0.0000	0.0000	0.0000	0.0000	0.0000	0.0000	0.0000	0.0000	0.0000	0.0137	0.0119	0.0018	0.0048	0.0045	0.0004	0.0089	0.0075	0.0014	0.0505	0.0343	0.0162	0.0284	0.0226	0.0058	0.0221	0.0117	0.0104	0.0000	0.0000	0.0000	0.0000	0.0000	0.0000	0.0000	0.0000	0.0000	0.0001	0.0000	0.0004	0.0000	0.0000	0.0000	0.0003	0.0000	0.0007						
10	47	0.2398	12	2	1	1	0	0	0	0	0	Y	N	N	N	N	N	N	N	N	N	N	N	0.0000	0.0000	0.0000	0.0000	0.0000	0.0000	0.0000	0.0000	0.0000	0.0000	0.0000	0.0000	0.0000	0.0000	0.0000	0.0000	0.0000	25.9753	52.1261	0.0000	0.0044	0.0054	0.0000	22.6716	45.0745	0.0000	0.0000	0.0000	-0.4573	1.0010	0.0002	10.8665	4.0036	0.0000	0.0000	0.0000	0.0000	0.0000	0.0000	0.0000	0.0000	0.0000	0.9977	0.9977	0.0000	0.0001	0.0001	0.0000	0.9976	0.9976	0.0000	0.0000	0.0000	0.0000	0.0000	0.0000	0.0000	0.0000	0.0000	0.0000	0.0665	0.0405	0.0260	0.0225	0.0183	0.0042	0.0440	0.0221	0.0219	0.0000	0.0000	0.0000	0.0000	0.0000	0.0000	0.0000	0.0000	0.0000	15.0085	24.6621	0.0000	0.0044	0.0054	0.0000	22.6716	45.0745	0.0000		
10	48	0.1353	6	1	1	1	1	0	0	0	0	N	N	N	N	N	N	N	N	N	N	N	N	0.0000	0.0000	0.0000	0.0000	0.0000	0.0000	0.0000	0.0000	0.0000	0.0000	0.0000	0.0000	0.0000	0.0000	0.0000	0.0000	0.0000	0.0000	1.8932	1.6443	2.2660	3.1679	3.9275	0.0075	1.3390	0.0749	2.6543	0.9198	0.0000	0.0313	1.0010	6.0036	10.8665	51.7820	0.0000	0.0000	0.0000	0.0000	0.0000	0.0000	0.0000	0.0000	0.0000	1.5097	0.7864	0.7233	0.7655	0.7652	0.0004	0.7442	0.0212	0.7230	0.0382	0.0324	0.0058	0.0034	0.0031	0.0003	0.0348	0.0293	0.0055	0.7975	0.4783	0.3192	0.2417	0.1948	0.0468	0.5558	0.2834	0.2724	0.0000	0.0000	0.0000	0.0000	0.0000	0.0000	0.0000	0.0000	0.0000	1.8932	1.6443	2.2660	3.1679	3.9275	0.0075	1.3390	0.0749	2.6543	
10	49	0.1353	6	2	1	1	0	0	0	0	0	Y	N	N	N	N	N	N	N	N	N	N	N	0.0000	0.0000	0.0000	0.0000	0.0000	0.0000	0.0000	0.0000	0.0000	0.0000	0.0000	0.0000	0.0000	0.0000	0.0000	0.0000	0.0000	0.0000	3.7383	3.5018	4.0929	1.4704	1.8145	0.0006	4.7620	4.7240	4.8007	0.7794	0.0000	-0.0464	1.0010	5.9964	10.8665	34.6547	0.0000	0.0000	0.0000	0.0000	0.0000	0.0000	0.0000	0.0000	0.0000	2.2806	1.2817	0.9989	0.2790	0.2790	0.0000	2.0016	1.0027	0.9989	0.0382	0.0324	0.0058	0.0034	0.0031	0.0003	0.0347	0.0292	0.0055	0.6101	0.3660	0.2441	0.1897	0.1537	0.0360	0.4203	0.2123	0.2081	0.0000	0.0000	0.0000	0.0000	0.0000	0.0000	0.0000	0.0000	0.0000	3.7383	3.5018	4.0929	1.4704	1.8145	0.0006	4.7620	4.7240	4.8007	
10	50	0.2248	7	1	0	2	0	0	0	0	0	N	N	Y	N	N	N	N	N	N	N	N	N	0.0017	0.1478	0.0000	0.2073	0.1887	0.0000	0.0006	2.4783	0.0000	0.0016	0.0018	0.0000	0.0040	0.0043	0.0000	0.0010	0.0012	0.0000	0.9178	0.0125	2.7002	0.0191	0.0228	0.0006	1.5951	0.0005	3.4426	0.0000	109.5595	-0.0001	0.5520	1.0010	31.2093	10.8665	46.3939	0.0003	0.0003	0.0000	0.0002	0.0002	0.0000	0.0002	0.0002	0.0000	1.0365	0.0094	1.0271	0.0093	0.0092	0.0001	1.0272	0.0002	1.0271	0.2048	0.1767	0.0280	0.0415	0.0381	0.0034	0.1632	0.1386	0.0246	1.1293	0.7489	0.3804	0.4853	0.4032	0.0821	0.6440	0.3456	0.2983	0.0017	0.1478	0.0000	0.2073	0.1887	0.0000	0.0006	2.4783	0.0000	0.9178	0.0125	2.7002	0.0191	0.0228	0.0006	1.5951	0.0005	3.4426
10	51	0.1721	7	1	1	1	0	0	0	0	0	N	N	N	N	N	N	N	N	N	N	N	N	0.0000	0.0000	0.0000	0.0000	0.0000	0.0000	0.0000	0.0000	0.0000	0.0000	0.0000	0.0000	0.0000	0.0000	0.0000	0.0000	0.0000	0.0000	2.1815	3.2046	0.1408	0.0183	0.0219	0.0000	3.9397	7.3055	0.1804	0.0220	0.0000	-0.4408	1.0010	4.1516	10.8665	14.5664	0.0000	0.0000	0.0000	0.0000	0.0000	0.0000	0.0000	0.0000	0.0000	1.0091	0.9873	0.0218	0.0038	0.0038	0.0000	1.0053	0.9835	0.0218	0.0314	0.0271	0.0044	0.0064	0.0060	0.0004	0.0251	0.0211	0.0040	0.4626	0.3081	0.1545	0.2074	0.1735	0.0339	0.2552	0.1346	0.1205	0.0000	0.0000	0.0000	0.0000	0.0000	0.0000	0.0000	0.0000	0.0000	2.1815	3.2046	0.1408	0.0183	0.0219	0.0000	3.9397	7.3055	0.1804	
10	52	0.1047	5	2	0	2	0	0	0	0	0	Y	N	Y	N	N	N	N	N	N	N	N	N	0.0000	0.0000	0.0000	0.0000	0.0000	0.0000	0.0000	0.0000	0.0000	0.0000	0.0000	0.0000	0.0000	0.0000	0.0000	0.0000	0.0000	0.0509	0.0715	0.0173	0.2259	0.2305	0.0048	0.0082	0.0000	0.0175	0.1484	0.0000	-0.0004	1.0010	0.0028	10.8665	0.9232	0.0000	0.0000	0.0000	0.0000	0.0000	0.0000	0.0000	0.0000	0.0000	0.0011	0.0009	0.0001	0.0009	0.0009	0.0000	0.0001	0.0000	0.0001	0.0001	0.0001	0.0000	0.0000	0.0000	0.0000	0.0000	0.0000	0.0000	0.0212	0.0131	0.0080	0.0042	0.0041	0.0001	0.0170	0.0091	0.0080	0.0000	0.0000	0.0000	0.0000	0.0000	0.0000	0.0000	0.0000	0.0000	0.0509	0.0715	0.0173	0.2259	0.2305	0.0048	0.0082	0.0000	0.0175		
10	53	0.6319	13	1	1	1	0	0	0	0	0	N	N	N	N	N	N	N	N	N	N	N	N	0.0034	0.0000	0.0164	0.0003	0.0000	0.1372	0.0037	0.0002	0.0104	0.0123	0.0000	0.0991	0.0009	0.0000	0.0167	0.0180	0.0001	0.1134	3.6044	2.4845	6.0463	2.7484	3.3365	0.1218	4.8887	0.3455	10.9054	364.0364	1.1160	0.0005	0.1298	1.0010	8.5400	10.8665	19.3759	0.0008	0.0000	0.0008	0.0000	0.0000	0.0000	0.0008	0.0000	0.0008	1.8798	0.8884	0.9915	0.8602	0.8532	0.0070	1.0197	0.0352	0.9845	0.0681	0.0596	0.0085	0.0225	0.0213	0.0013	0.0455	0.0383	0.0072	0.5215	0.3576	0.1640	0.3130	0.2557	0.0573	0.2086	0.1019	0.1067	0.0034	0.0000	0.0164	0.0003	0.0000	0.1372	0.0037	0.0002	0.0123	3.6044	2.4845	6.0463	2.7484	3.3365	0.1218	4.8887	0.3455	9.2244
10	54	0.5688	12	1	0	1	0	0	0	0	0	N	N	N	N	N	N	N	N	N	N	N	N	0.0002	0.0000	0.0077	0.0001	0.0000	0.0429	0.0001	0.0000	0.0055	0.0009	0.0001	0.0070	0.0002	0.0001	0.0011	0.0013	0.0001	0.0080	5.7513	8.2071	0.9138	2.3901	2.9424	0.0264	8.8684	15.5106	1.4505	11.0746	0.0588	0.0000	-1.1351	1.0010	7.3474	10.8665	24.2346	0.0001	0.0000	0.0001	0.0000	0.0000	0.0000	0.0001	0.0000	0.0001	2.8178	2.6613	0.1565	0.8145	0.8128	0.0017	2.0034	1.8486	0.1548	0.0619	0.0545	0.0074	0.0203	0.0192	0.0010	0.0417	0.0353	0.0064	0.5667	0.3954	0.1713	0.3408	0.2762	0.0645	0.2259	0.1192	0.1067	0.0002	0.0000	0.0077	0.0001	0.0000	0.0429	0.0001	0.0000	0.0055	4.9727	6.7307	0.9138	2.3901	2.9424	0.0264	8.8684	15.5106	1.4505
10	55	0.5390	11	1	0	1	0	0	0	0	0	N	N	N	N	N	N	N	N	N	N	N	N	0.0000	0.0000	0.0001	0.0000	0.0000	0.0032	0.0000	0.0000	0.0001	0.0000	0.0000	0.0000	0.0000	0.0000	0.0000	0.0000	0.0000	0.0000	0.9680	1.2285	0.3027	0.9768	1.1780	0.0021	0.9547	1.3447	0.4772	2.3539	0.0965	0.0000	-0.1635	1.0010	3.4216	10.8665	15.9376	0.0000	0.0000	0.0000	0.0000	0.0000	0.0000	0.0000	0.0000	0.0000	0.4414	0.4025	0.0388	0.2690	0.2689	0.0001	0.1724	0.1336	0.0387	0.0326	0.0289	0.0038	0.0113	0.0109	0.0005	0.0213	0.0180	0.0033	0.4559	0.3276	0.1283	0.2754	0.2283	0.0471	0.1805	0.0994	0.0812	0.0000	0.0000	0.0001	0.0000	0.0000	0.0032	0.0000	0.0000	0.0001	0.9680	1.2285	0.3027	0.9768	1.1780	0.0021	0.9547	1.3447	0.4772
10	56	0.2557	7	1	1	1	0	0	0	0	0	N	N	N	N	N	N	N	N	N	N	N	N	0.0002	0.0001	0.0000	0.0017	0.0015	0.0000	0.0001	0.0001	0.0000	0.0004	0.0004	0.0000	0.0001	0.0001	0.0000	0.0004	0.0005	0.0000	1.9895	2.9258	0.0502	0.0701	0.0837	0.0078	3.9969	7.6111	0.0668	0.0000	0.0083	-0.0000	-0.4517	1.0010	0.9891	10.8665	20.6926	0.0000	0.0000	0.0000	0.0000	0.0000	0.0000	0.0000	0.0000	0.0000	1.0035	0.9953	0.0082	0.0181	0.0177	0.0004	0.9854	0.9776	0.0079	0.0073	0.0062	0.0010	0.0016	0.0015	0.0001	0.0056	0.0047	0.0009	0.5044	0.3402	0.1642	0.2579	0.2117	0.0461	0.2466	0.1284	0.1181	0.0002	0.0001	0.0000	0.0017	0.0015	0.0000	0.0001	0.0001	0.0000	1.9895	2.9258	0.0502	0.0701	0.0837	0.0078	3.9969	7.6111	0.0668
10	57	0.1353	6	1	0	1	0	0	0	0	0	N	N	N	N	N	N	N	N	N	N	N	N	0.0071	0.0071	0.0000	0.0018	0.0016	0.0005	0.0077	0.0078	0.0000	0.0276	0.0325	0.0000	0.0069	0.0076	0.0000	0.0296	0.0352	0.0000	3.9109	4.5780	2.7210	3.7698	4.6542	0.0190	3.8639	4.5234	3.1877	0.0001	0.3966	-0.0004	-0.4365	1.0010	5.0326	10.8665	39.3193	0.0009	0.0009	0.0000	0.0000	0.0000	0.0000	0.0009	0.0009	0.0000	2.5028	1.7921	0.7107	0.7601	0.7594	0.0007	1.7427	1.0327	0.7099	0.0322	0.0273	0.0049	0.0029	0.0026	0.0003	0.0293	0.0246	0.0046	0.6526	0.3915	0.2612	0.2016	0.1632	0.0385	0.4510	0.2283	0.2227	0.0072	0.0071	0.0000	0.0018	0.0016	0.0005	0.0077	0.0078	0.0000	3.8348	4.5780	2.7210	3.7698	4.6542	0.0190	3.8639	4.5234	3.1877
10	58	0.1353	6	1	1	1	1	0	0	0	0	N	N	N	N	N	N	N	N	N	N	N	N	0.0000	0.0000	0.0000	0.0000	0.0000	0.0000	0.0000	0.0000	0.0000	0.0000	0.0000	0.0000	0.0000	0.0000	0.0000	0.0000	0.0000	0.0000	4.2500	4.8832	2.8752	3.9341	4.8565	0.0025	4.0528	4.7193	3.3719	0.4014	0.0000	-0.4298	1.0010	5.0036	10.8665	36.7244	0.0000	0.0000	0.0000	0.0000	0.0000	0.0000	0.0000	0.0000	0.0000	2.5002	1.7840	0.7162	0.7602	0.7601	0.0001	1.7400	1.0239	0.7161	0.0320	0.0271	0.0049	0.0029	0.0026	0.0003	0.0291	0.0245	0.0046	0.6226	0.3735	0.2491	0.1932	0.1565	0.0367	0.4293	0.2170	0.2124	0.0000	0.0000	0.0000	0.0000	0.0000	0.0000	0.0000	0.0000	0.0000	4.0160	4.7768	2.8752	3.9341	4.8565	0.0025	4.0528	4.7193	3.3719	
10	59	0.5194	11	1	1	1	1	0	0	0	0	N	N	N	N	N	N	N	N	N	N	N	N	0.0000	0.0000	0.0000	0.0000	0.0000	0.0000	0.0000	0.0000	0.0000	0.0000	0.0000	0.0000	0.0000	0.0000	0.0000	0.0000	0.0000	0.0000	0.2274	0.1796	0.3475	0.1637	0.0031	0.9216	0.3272	0.5999	0.0038	0.0000	0.7712	-0.0000	-0.0039	1.0010	10.4254	10.8665	21.2017	0.0000	0.0000	0.0000	0.0000	0.0000	0.0000	0.0000	0.0000	0.0000	0.1715	0.0968	0.0747	0.0753	0.0012	0.0742	0.0961	0.0956	0.0005	0.0915	0.0803	0.0113	0.0335	0.0314	0.0021	0.0581	0.0489	0.0092	0.7540	0.5391	0.2149	0.4602	0.3797	0.0805	0.2938	0.1594	0.1344	0.0000	0.0000	0.0000	0.0000	0.0000	0.0000	0.0000	0.0000	0.0000	0.2274	0.1796	0.3475	0.1637	0.0031	0.9216	0.3272	0.5999	0.0038
10	60	0.1047	5	2	0	2	0	0	0	0	0	Y	N	Y	N	N	N	N	N	N	N	N	N	0.0000	0.0000	0.0000	0.0000	0.0000	0.0000	0.0000	0.0000	0.0000	0.0000	0.0000	0.0000	0.0000	0.0000	0.0000	0.0000	0.0000	0.0000	0.0232	0.0357	0.0058	0.1631	0.1695	0.0024	0.0028	0.0000	0.0058	0.1166	0.0000	-0.0008	1.0010	1.9981	10.8665	3.0867	0.0000	0.0000	0.0000	0.0000	0.0000	0.0000	0.0000	0.0000	0.0000	0.0022	0.0019	0.0002	0.0019	0.0019	0.0000	0.0002	0.0000	0.0002	0.0143	0.0121	0.0021	0.0013	0.0012	0.0001	0.0130	0.0110	0.0020	0.0932	0.0542	0.0390	0.0119	0.0114	0.0005	0.0813	0.0427	0.0385	0.0000	0.0000	0.0000	0.0000	0.0000	0.0000	0.0000	0.0000	0.0000	0.0232	0.0357	0.0058	0.1631	0.1695	0.0024	0.0028	0.0000	0.0058	
10	61	0.0614	4	2	0	2	0	0	0	0	0	Y	N	Y	N	N	N	N	N	N	N	N	N	0.0000	0.0000	0.0000	0.0000	0.0000	0.0000	0.0000	0.0000	0.0000	0.0000	0.0000	0.0000	0.0000	0.0000	0.0000	0.0000	0.0000	0.0000	0.8586	0.0336	2.0199	0.1261	0.1318	0.0377	0.9968	0.0000	2.0665	42.6657	0.0000	0.1536	1.0010	4.0039	10.8665	14.0733	0.0000	0.0000	0.0000	0.0000	0.0000	0.0000	0.0000	0.0000	0.0000	0.2962	0.0068	0.2894	0.0069	0.0068	0.0001	0.2893	0.0000	0.2893	0.0285	0.0241	0.0044	0.0019	0.0017	0.0002	0.0267	0.0224	0.0042	0.3450	0.2017	0.1433	0.0548	0.0515	0.0033	0.2902	0.1502	0.1400	0.0000	0.0000	0.0000	0.0000	0.0000	0.0000	0.0000	0.0000	0.0000	0.8586	0.0336	2.0199	0.1261	0.1318	0.0377	0.9968	0.0000	2.0665	
10	62	0.0807	5	2	0	2	0	0	0	0	0	Y	N	Y	N	N	N	N	N	N	N	N	N	0.0111	1.0169	0.0000	0.0015	0.0089	0.0000	0.0400	238.2241	0.0000	0.0255	0.0337	0.0000	0.0009	0.0013	0.0000	0.1028	0.1201	0.0000	2.3014	0.0331	5.3193	0.6236	0.1451	7.1681	2.5707	0.0005	5.2778	0.0000	120.6028	-0.0000	0.3850	1.0010	0.0060	10.8665	17.2393	0.0000	0.0000	0.0000	0.0000	0.0000	0.0000	0.0000	0.0000	0.0000	0.7218	0.0059	0.7158	0.0271	0.0059	0.0212	0.6947	0.0001	0.6946	0.0002	0.0001	0.0000	0.0001	0.0001	0.0000	0.0000	0.0000	0.0000	0.3136	0.1790	0.1346	0.0434	0.0404	0.0030	0.2702	0.1386	0.1316	0.0111	1.0169	0.0000	0.0015	0.0089	0.0000	0.0400	238.2241	0.0000	2.3014	0.0331	5.3193	0.6236	0.1451	7.1681	2.5707	0.0005	5.2778
10	63	0.1721	7	1	0	2	0	0	0	0	0	N	N	Y	N	N	N	N	N	N	N	N	N	0.0000	0.0000	0.0000	0.0000	0.0000	0.0000	0.0000	0.0000	0.0000	0.0000	0.0000	0.0000	0.0000	0.0000	0.0000	0.0000	0.0000	0.0000	0.0773	0.0189	0.2029	0.0329	0.0310	0.0432	0.1188	0.0010	0.2537	4.9913	0.0000	0.0113	1.0010	1.0230	10.8665	12.1924	0.0000	0.0000	0.0000	0.0000	0.0000	0.0000	0.0000	0.0000	0.0000	0.0303	0.0051	0.0252	0.0062	0.0049	0.0013	0.0240	0.0001	0.0239	0.0107	0.0093	0.0013	0.0031	0.0029	0.0001	0.0076	0.0064	0.0012	0.3919	0.2676	0.1243	0.1895	0.1595	0.0300	0.2024	0.1081	0.0943	0.0000	0.0000	0.0000	0.0000	0.0000	0.0000	0.0000	0.0000	0.0000	0.0773	0.0189	0.2029	0.0329	0.0310	0.0432	0.1188	0.0010	0.2537	
10	64	0.1353	6	1	0	1	0	0	0	0	0	N	N	N	N	N	N	N	N	N	N	N	N	0.0000	0.0000	0.0000	0.0000	0.0000	0.0000	0.0000	0.0000	0.0000	0.0000	0.0000	0.0000	0.0000	0.0000	0.0000	0.0000	0.0000	0.0000	2.5860	0.0905	6.4126	0.0826	0.0981	0.0072	3.8925	0.0838	7.5270	46.2153	0.0000	0.3726	1.0010	2.4556	10.8665	12.4191	0.0000	0.0000	0.0000	0.0000	0.0000	0.0000	0.0000	0.0000	0.0000	0.7159	0.0152	0.7007	0.0078	0.0077	0.0001	0.7080	0.0074	0.7006	0.0159	0.0135	0.0024	0.0014	0.0013	0.0001	0.0145	0.0122	0.0023	0.2768	0.1676	0.1093	0.0949	0.0787	0.0162	0.1819	0.0888	0.0931	0.0000	0.0000	0.0000	0.0000	0.0000	0.0000	0.0000	0.0000	0.0000	2.5860	0.0905	6.4126	0.0826	0.0981	0.0072	3.8925	0.0838	7.5270	
10	65	0.2576	8	1	1	1	0	0	0	0	0	N	N	N	N	N	N	N	N	N	N	N	N	0.0481	0.0819	0.0000	0.0053	0.0049	0.0000	0.0712	7.9407	0.0000	0.0002	0.0002	0.0000	0.0000	0.0000	0.0000	0.0003	0.0003	0.0000	0.0043	0.0029	0.0072	0.0045	0.0052	0.0001	0.0041	0.0000	0.0092	0.0000	1.1421	-0.0000	0.0001	1.0010	1.7555	10.8665	11.9300	0.0000	0.0000	0.0000	0.0000	0.0000	0.0000	0.0000	0.0000	0.0000	0.0011	0.0005	0.0006	0.0005	0.0005	0.0000	0.0006	0.0000	0.0006	0.0143	0.0123	0.0020	0.0046	0.0042	0.0004	0.0096	0.0081	0.0016	0.2563	0.1758	0.0805	0.1142	0.0971	0.0171	0.1421	0.0787	0.0634	0.0481	0.0819	0.0000	0.0053	0.0049	0.0000	0.0712	7.9407	0.0000	0.0043	0.0029	0.0072	0.0045	0.0052	0.0001	0.0041	0.0000	0.0092
10	66	0.1329	8	2	1	2	0	0	0	0	0	Y	N	Y	N	N	N	N	N	N	N	N	N	0.0000	0.0000	0.0000	0.0000	0.0000	0.0000	0.0000	0.0000	0.0000	0.0000	0.0000	0.0000	0.0000	0.0000	0.0000	0.0000	0.0000	0.0000	0.0000	0.0000	1.0010	0.0000	10.8665	0.0000	0.0000	0.0000	0.0000	0.0000	0.0000	0.0000	0.0000	0.0000	0.0000	0.0000	0.0000	0.0000	0.0000	0.0000	0.0000	0.0000	0.0000	0.0000	0.0000	0.0000	0.0000	0.0000	0.0000	0.0000	0.0000	0.0000	0.0000	0.0000	0.0000	0.0000	0.0000	0.0000	0.0000	0.0000	0.0000	0.0000	0.0000	0.0000	0.0000	0.0000	0.0000	0.0000	0.0000	0.0000	0.0000	0.0000	0.0000	0.0000	0.0000	0.0000	0.0000	0.0000	0.0000	0.0000											
10	67	0.7412	13	2	1	2	0	0	0	0	0	Y	N	Y	N	N	N	N	N	N	N	N	N	26.3028	21.2567	12.9178	8.5630	0.0276	0.0318	0.0000	0.0000	0.0000	0.0000	0.0375	0.0443	0.0000	0.0010	0.0015	0.0000	0.0000	0.0000	0.0000	0.0029	0.0052	0.0000	0.0000	0.0000	-0.0001	-0.0000	1.0010	1.0000	10.8665	3.0000	0.0002	0.0002	0.0000	0.0000	0.0000	0.0000	0.0002	0.0002	0.0000	0.0001	0.0001	0.0000	0.0000	0.0000	0.0000	0.0001	0.0001	0.0000	0.0058	0.0050	0.0008	0.0015	0.0014	0.0001	0.0043	0.0036	0.0007	0.0572	0.0401	0.0170	0.0365	0.0285	0.0080	0.0207	0.0116	0.0091	26.3028	21.2567	0.0000	0.0000	0.0000	0.0000	12.9178	8.5630	0.0000	0.0010	0.0015	0.0000	0.0000	0.0000	0.0000	0.0029	0.0052	0.0000					
10	68	0.1329	8	2	1	2	0	0	0	0	0	Y	N	Y	N	N	N	N	N	N	N	N	N	0.0000	0.0000	0.0000	0.0000	0.0000	0.0000	0.0000	0.0000	0.0000	0.0000	0.0000	0.0000	0.0000	0.0000	0.0000	0.0000	0.0000	0.0000	0.0000	0.0000	1.0010	1.0000	10.8665	0.0000	0.0000	0.0000	0.0000	0.0000	0.0000	0.0000	0.0000	0.0000	0.0000	0.0000	0.0000	0.0000	0.0000	0.0000	0.0000	0.0000	0.0000	0.0000	0.0071	0.0060	0.0011	0.0007	0.0006	0.0001	0.0064	0.0054	0.0010	0.0170	0.0100	0.0070	0.0043	0.0036	0.0007	0.0126	0.0063	0.0063	0.0000	0.0000	0.0000	0.0000	0.0000	0.0000	0.0000	0.0000	0.0000	0.0000	0.0000	0.0000	0.0000	0.0000	0.0000	0.0000	0.0000	0.0000											
10	69	0.1165	7	2	1	2	0	0	0	0	0	Y	N	Y	N	N	N	N	N	N	N	N	N	0.0144	0.0100	0.0000	1.9239	1.7434	0.0000	0.0000	0.0000	0.0000	0.0021	0.0024	0.0000	0.0169	0.0180	0.0000	0.0000	0.0000	0.0000	0.1429	0.2424	0.0000	0.0088	0.0103	0.0000	0.1860	0.3667	0.0000	0.0000	0.0000	-0.0000	-0.0079	1.0010	1.0155	10.8665	5.9708	0.0000	0.0000	0.0000	0.0000	0.0000	0.0000	0.0000	0.0000	0.0000	0.0172	0.0172	0.0000	0.0003	0.0003	0.0000	0.0170	0.0170	0.0000	0.0077	0.0065	0.0012	0.0009	0.0009	0.0001	0.0067	0.0056	0.0011	0.1205	0.0711	0.0494	0.0293	0.0248	0.0045	0.0912	0.0463	0.0450	0.0144	0.0100	0.0000	1.9239	1.7434	0.0000	0.0000	0.0000	0.0000	0.1429	0.2424	0.0000	0.0088	0.0103	0.0000	0.1860	0.3667	0.0000
10	70	0.1117	6	2	0	2	0	0	0	0	0	Y	N	Y	N	N	N	N	N	N	N	N	N	0.8235	0.3186	27.2586	0.4328	0.4090	251.2343	7.1290	0.5603	26.8003	0.0368	0.0209	0.1325	0.0479	0.0480	0.0476	0.0305	0.0019	0.1384	0.0447	0.0657	0.0049	0.1108	0.1173	0.0002	0.0043	0.0033	0.0052	1.0524	0.0389	0.0000	-0.0016	1.0010	0.0406	10.8665	2.3361	0.0000	0.0000	0.0000	0.0000	0.0000	0.0000	0.0000	0.0000	0.0000	0.0039	0.0038	0.0001	0.0037	0.0037	0.0000	0.0002	0.0001	0.0001	0.0008	0.0007	0.0001	0.0003	0.0003	0.0000	0.0005	0.0004	0.0001	0.0871	0.0571	0.0300	0.0331	0.0313	0.0018	0.0540	0.0258	0.0282	0.8235	0.3186	27.2586	0.4328	0.4090	251.2343	7.1290	0.5603	26.8003	0.0447	0.0657	0.0049	0.1108	0.1173	0.0002	0.0043	0.0033	0.0052
10	71	0.7412	13	2	1	2	0	0	0	0	0	Y	N	Y	N	N	N	N	N	N	N	N	N	0.0000	0.0000	0.0000	0.0000	0.0000	0.0000	0.0000	0.0000	0.0000	0.0000	0.0000	0.0000	0.0000	0.0000	0.0000	0.0000	0.0000	0.0000	0.0000	0.0000	1.0010	0.0000	10.8665	0.0000	0.0000	0.0000	0.0000	0.0000	0.0000	0.0000	0.0000	0.0000	0.0000	0.0000	0.0000	0.0000	0.0000	0.0000	0.0000	0.0000	0.0000	0.0000	0.0000	0.0000	0.0000	0.0000	0.0000	0.0000	0.0000	0.0000	0.0000	0.0000	0.0000	0.0000	0.0000	0.0000	0.0000	0.0000	0.0000	0.0000	0.0000	0.0000	0.0000	0.0000	0.0000	0.0000	0.0000	0.0000	0.0000	0.0000	0.0000	0.0000	0.0000	0.0000	0.0000	0.0000	0.0000	0.0000											
10	72	0.7231	12	2	1	2	0	0	0	0	0	Y	N	Y	N	N	N	N	N	N	N	N	N	0.0000	0.0000	0.0000	0.0003	0.0002	0.0000	0.0000	0.0000	0.0000	0.0000	0.0000	0.0000	0.0000	0.0000	0.0000	0.0000	0.0000	0.0000	0.0111	0.0155	0.0003	0.0013	0.0018	0.0000	0.0378	0.0666	0.0008	0.0000	0.0089	-0.0000	-0.0005	1.0010	3.9057	10.8665	1.1104	0.0000	0.0000	0.0000	0.0000	0.0000	0.0000	0.0000	0.0000	0.0000	0.0011	0.0011	0.0000	0.0001	0.0001	0.0000	0.0010	0.0010	0.0000	0.0257	0.0224	0.0033	0.0075	0.0070	0.0005	0.0183	0.0154	0.0028	0.1023	0.0726	0.0297	0.0749	0.0572	0.0177	0.0274	0.0154	0.0120	0.0000	0.0000	0.0000	0.0003	0.0002	0.0000	0.0000	0.0000	0.0000	0.0111	0.0155	0.0003	0.0013	0.0018	0.0000	0.0378	0.0666	0.0008
10	73	0.5204	10	2	1	1	0	0	0	0	0	Y	N	N	N	N	N	N	N	N	N	N	N	0.0000	0.0000	0.0000	0.0000	0.0000	0.0000	0.0000	0.0000	0.0000	0.0000	0.0000	0.0000	0.0000	0.0000	0.0000	0.0000	0.0000	0.0000	4.5766	3.4984	5.8203	4.3130	5.1726	0.0437	4.0185	0.0000	9.5492	0.7011	-0.0000	-0.0801	1.0010	6.9070	10.8665	16.5673	0.0000	0.0000	0.0000	0.0000	0.0000	0.0000	0.0000	0.0000	0.0000	1.7328	1.0186	0.7142	1.0203	1.0186	0.0017	0.7125	0.0000	0.7124	0.0790	0.0691	0.0099	0.0369	0.0333	0.0036	0.0422	0.0358	0.0064	0.4139	0.2912	0.1227	0.2366	0.1969	0.0396	0.1773	0.0942	0.0831	0.0000	0.0000	0.0000	0.0000	0.0000	0.0000	0.0000	0.0000	0.0000	4.1868	3.4984	5.8203	4.3130	5.1726	0.0437	4.0185	0.0000	8.5780	
10	74	0.5842	12	1	1	1	1	0	0	0	0	N	N	N	N	N	N	N	N	N	N	N	N	0.0000	0.0000	0.0000	0.0000	0.0000	0.0000	0.0000	0.0000	0.0000	0.0000	0.0000	0.0000	0.0000	0.0000	0.0000	0.0000	0.0000	0.0000	2.4229	3.4744	0.0159	0.0072	0.0088	0.0002	6.5782	12.9599	0.0265	0.0020	0.0000	-0.4280	1.0010	6.4226	10.8665	19.3377	0.0000	0.0000	0.0000	0.0000	0.0000	0.0000	0.0000	0.0000	0.0000	0.9378	0.9359	0.0019	0.0018	0.0017	0.0000	0.9360	0.9341	0.0019	0.0453	0.0392	0.0062	0.0133	0.0124	0.0009	0.0321	0.0268	0.0052	0.3870	0.2694	0.1177	0.2447	0.1973	0.0475	0.1423	0.0721	0.0702	0.0000	0.0000	0.0000	0.0000	0.0000	0.0000	0.0000	0.0000	0.0000	2.4229	3.4744	0.0159	0.0072	0.0088	0.0002	6.5782	12.9599	0.0265	
10	75	0.5390	11	1	0	1	1	0	0	0	0	N	N	N	N	N	N	N	N	N	N	N	N	0.0000	0.0000	0.0000	0.0000	0.0000	0.0000	0.0000	0.0000	0.0000	0.0000	0.0000	0.0000	0.0000	0.0000	0.0000	0.0000	0.0000	0.0000	0.3949	0.4302	0.3063	0.3498	0.4244	0.0001	0.4639	0.4435	0.4886	0.0000	0.2840	-0.0000	-0.0461	1.0010	5.1932	10.8665	17.4397	0.0000	0.0000	0.0000	0.0000	0.0000	0.0000	0.0000	0.0000	0.0000	0.1942	0.1513	0.0430	0.1042	0.1042	0.0000	0.0901	0.0471	0.0430	0.0441	0.0388	0.0053	0.0144	0.0137	0.0007	0.0296	0.0251	0.0046	0.4919	0.3517	0.1402	0.2977	0.2454	0.0523	0.1942	0.1062	0.0879	0.0000	0.0000	0.0000	0.0000	0.0000	0.0000	0.0000	0.0000	0.0000	0.3949	0.4302	0.3063	0.3498	0.4244	0.0001	0.4639	0.4435	0.4886
10	76	0.5021	10	1	0	1	0	0	0	0	0	N	N	N	N	N	N	N	N	N	N	N	N	0.0002	0.0001	0.0000	0.0019	0.0016	0.0000	0.0000	0.0000	0.0000	0.0003	0.0004	0.0000	0.0010	0.0010	0.0000	0.0000	0.0000	0.0000	2.1293	2.7932	0.3756	0.5130	0.6189	0.0003	4.6905	7.8795	0.6077	0.0007	0.0509	-0.0000	-0.5061	1.0010	4.4918	10.8665	17.5337	0.0000	0.0000	0.0000	0.0000	0.0000	0.0000	0.0000	0.0000	0.0000	1.2345	1.1747	0.0598	0.1824	0.1824	0.0000	1.0521	0.9924	0.0598	0.0393	0.0343	0.0050	0.0134	0.0127	0.0007	0.0259	0.0216	0.0043	0.5798	0.4206	0.1592	0.3555	0.2946	0.0608	0.2243	0.1259	0.0984	0.0002	0.0001	0.0000	0.0019	0.0016	0.0000	0.0000	0.0000	0.0000	2.1293	2.7932	0.3756	0.5130	0.6189	0.0003	4.6905	7.8795	0.6077
10	77	0.2312	9	1	0	1	1	0	0	0	0	N	N	N	N	N	N	N	N	N	N	N	N	0.0000	0.0000	0.0000	0.0000	0.0000	0.0000	0.0000	0.0000	0.0000	0.0000	0.0000	0.0000	0.0000	0.0000	0.0000	0.0000	0.0000	0.0000	4.8943	3.1401	7.8042	0.1712	0.1685	0.1832	8.0894	7.1617	10.8174	1.0558	0.0000	0.0762	1.0010	0.3745	10.8665	14.7996	0.0000	0.0000	0.0000	0.0000	0.0000	0.0000	0.0000	0.0000	0.0000	1.3802	0.6714	0.7088	0.0258	0.0207	0.0051	1.3544	0.6506	0.7037	0.0035	0.0031	0.0004	0.0009	0.0009	0.0000	0.0025	0.0022	0.0004	0.3180	0.2138	0.1042	0.1506	0.1230	0.0276	0.1674	0.0909	0.0766	0.0000	0.0000	0.0000	0.0000	0.0000	0.0000	0.0000	0.0000	0.0000	4.3399	3.1401	6.8014	0.1712	0.1685	0.1832	8.0894	7.1617	9.1899	
10	78	0.2089	8	1	0	1	1	0	0	0	0	N	N	N	N	N	N	N	N	N	N	N	N	0.0000	0.0000	0.0000	0.0000	0.0000	0.0000	0.0000	0.0000	0.0000	0.0000	0.0000	0.0000	0.0000	0.0000	0.0000	0.0000	0.0000	0.0000	5.9906	1.3300	27.3647	1.7537	2.1049	0.1570	7.9546	0.3235	36.0908	4.6665	0.0000	0.5247	1.0010	1.4595	10.8665	10.3922	0.0000	0.0000	0.0000	0.0000	0.0000	0.0000	0.0000	0.0000	0.0000	1.4369	0.2536	1.1834	0.2305	0.2268	0.0037	1.2065	0.0268	1.1796	0.0110	0.0095	0.0015	0.0021	0.0020	0.0001	0.0090	0.0076	0.0014	0.2831	0.1907	0.0924	0.1314	0.1077	0.0237	0.1517	0.0829	0.0687	0.0000	0.0000	0.0000	0.0000	0.0000	0.0000	0.0000	0.0000	0.0000	5.0759	1.3300	12.8042	1.7537	2.1049	0.1570	7.9546	0.3235	17.1659	
10	79	0.1947	7	1	0	1	1	0	0	0	0	N	N	N	N	N	N	N	N	N	N	N	N	0.0000	0.0000	0.0000	0.0000	0.0000	0.0000	0.0000	0.0000	0.0000	0.0000	0.0000	0.0000	0.0000	0.0000	0.0000	0.0000	0.0000	0.0000	2.1574	1.8917	2.7245	2.4168	2.9200	0.1922	1.8944	0.3304	3.7642	0.6748	0.0000	-0.0286	1.0010	1.3861	10.8665	6.3168	0.0000	0.0000	0.0000	0.0000	0.0000	0.0000	0.0000	0.0000	0.0000	0.5158	0.3080	0.2078	0.2909	0.2866	0.0043	0.2249	0.0214	0.2036	0.0097	0.0083	0.0014	0.0016	0.0015	0.0001	0.0081	0.0068	0.0013	0.2391	0.1628	0.0763	0.1204	0.0982	0.0222	0.1187	0.0647	0.0541	0.0000	0.0000	0.0000	0.0000	0.0000	0.0000	0.0000	0.0000	0.0000	2.1574	1.8917	2.7245	2.4168	2.9200	0.1922	1.8944	0.3304	3.7642	
10	80	0.1353	6	1	0	1	1	0	0	0	0	N	N	N	N	N	N	N	N	N	N	N	N	0.0000	0.0000	0.0000	0.0000	0.0000	0.0000	0.0000	0.0000	0.0000	0.0000	0.0000	0.0000	0.0000	0.0000	0.0000	0.0000	0.0000	0.0000	2.9839	3.8698	1.6448	11.7190	14.1965	0.0242	1.0450	0.1529	1.9264	0.2812	0.0000	-0.2857	1.0010	4.0043	10.8665	19.8631	0.0000	0.0000	0.0000	0.0000	0.0000	0.0000	0.0000	0.0000	0.0000	1.1959	0.9334	0.2625	0.9135	0.9129	0.0006	0.2824	0.0205	0.2619	0.0257	0.0218	0.0039	0.0023	0.0021	0.0002	0.0234	0.0197	0.0037	0.4008	0.2412	0.1596	0.1305	0.1069	0.0236	0.2703	0.1343	0.1360	0.0000	0.0000	0.0000	0.0000	0.0000	0.0000	0.0000	0.0000	0.0000	2.9839	3.8698	1.6448	6.9987	8.5405	0.0242	1.0450	0.1529	1.9264	
10	81	0.6758	12	1	1	2	0	0	0	0	0	N	N	Y	N	N	N	N	N	N	N	N	N	0.0000	0.0000	0.0000	0.0000	0.0000	0.0000	0.0000	0.0000	0.0000	0.0000	0.0000	0.0000	0.0000	0.0000	0.0000	0.0000	0.0000	0.0002	0.0002	0.0001	0.0002	0.0003	0.0001	0.0000	0.0000	0.0000	0.1033	0.0000	-0.0000	1.0010	2.0162	10.8665	4.5500	0.0000	0.0000	0.0000	0.0000	0.0000	0.0000	0.0000	0.0000	0.0000	0.0000	0.0000	0.0000	0.0000	0.0000	0.0000	0.0000	0.0000	0.0000	0.0160	0.0140	0.0020	0.0067	0.0062	0.0004	0.0093	0.0078	0.0016	0.1135	0.0798	0.0337	0.0737	0.0590	0.0147	0.0398	0.0208	0.0190	0.0000	0.0000	0.0000	0.0000	0.0000	0.0000	0.0000	0.0000	0.0000	0.0002	0.0002	0.0001	0.0002	0.0003	0.0001	0.0000	0.0000	0.0000		
10	82	0.0954	6	1	1	2	0	0	0	0	0	N	N	Y	N	N	N	N	N	N	N	N	N	0.0001	0.0000	0.0000	0.0002	0.0002	0.0000	0.0001	0.0001	0.0000	0.0001	0.0001	0.0000	0.0007	0.0008	0.0000	0.0000	0.0000	0.0000	1.0356	1.7150	0.0007	4.2870	4.6125	0.0000	0.0150	0.0291	0.0007	0.0000	0.0003	-0.0000	-0.0703	1.0010	3.0011	10.8665	3.7015	0.0000	0.0000	0.0000	0.0000	0.0000	0.0000	0.0000	0.0000	0.0000	0.1536	0.1535	0.0000	0.1519	0.1519	0.0000	0.0017	0.0016	0.0000	0.0213	0.0180	0.0033	0.0016	0.0015	0.0001	0.0197	0.0166	0.0031	0.1483	0.0895	0.0588	0.0354	0.0329	0.0025	0.1129	0.0566	0.0563	0.0001	0.0000	0.0000	0.0002	0.0002	0.0000	0.0001	0.0001	0.0000	1.0356	1.7150	0.0007	4.2870	4.6125	0.0000	0.0150	0.0291	0.0007
10	83	0.0840	5	1	1	1	0	0	0	0	0	N	N	N	N	N	N	N	N	N	N	N	N	0.0000	0.0000	0.0000	0.0000	0.0000	0.0000	0.0000	0.0000	0.0000	0.0001	0.0001	0.0000	0.0000	0.0000	0.0000	0.0001	0.0001	0.0000	9.5373	14.6046	1.9715	2.6110	2.7059	0.0068	8.5421	14.7764	2.0267	0.0000	0.1156	-0.0000	-0.4405	1.0010	2.0032	10.8665	4.2039	0.0000	0.0000	0.0000	0.0000	0.0000	0.0000	0.0000	0.0000	0.0000	1.2419	1.1132	0.1287	0.1326	0.1326	0.0000	1.1093	0.9806	0.1287	0.0144	0.0122	0.0022	0.0010	0.0009	0.0001	0.0134	0.0112	0.0021	0.1807	0.1154	0.0653	0.0508	0.0490	0.0018	0.1299	0.0664	0.0635	0.0000	0.0000	0.0000	0.0000	0.0000	0.0000	0.0000	0.0000	0.0000	6.8745	9.6490	1.9715	2.6110	2.7059	0.0068	8.5421	14.7764	2.0267
10	84	0.0807	5	2	0	2	0	0	0	0	0	Y	N	Y	N	N	N	N	N	N	N	N	N	0.0067	0.0046	0.0000	0.0004	0.0005	0.0000	1.4802	188.8973	0.0000	0.0007	0.0008	0.0000	0.0002	0.0003	0.0000	0.0007	0.0008	0.0000	0.1000	0.1733	0.0010	0.5503	0.5799	0.0013	0.0005	0.0000	0.0009	0.0000	0.0041	-0.0000	-0.0058	1.0010	1.0052	10.8665	4.9545	0.0000	0.0000	0.0000	0.0000	0.0000	0.0000	0.0000	0.0000	0.0000	0.0129	0.0128	0.0001	0.0128	0.0128	0.0000	0.0001	0.0000	0.0001	0.0074	0.0062	0.0012	0.0006	0.0005	0.0001	0.0068	0.0057	0.0011	0.1285	0.0739	0.0546	0.0233	0.0221	0.0012	0.1053	0.0518	0.0535	0.0067	0.0046	0.0000	0.0004	0.0005	0.0000	1.4802	188.8973	0.0000	0.1000	0.1733	0.0010	0.5503	0.5799	0.0013	0.0005	0.0000	0.0009
10	85	0.0614	4	2	0	2	0	0	0	0	0	Y	N	Y	N	N	N	N	N	N	N	N	N	0.0329	0.0197	0.0002	0.0006	0.0007	0.0000	2.6608	353.8963	0.0002	0.1219	0.1442	0.0000	0.0395	0.0431	0.0000	0.1280	0.1524	0.0000	3.7003	7.3206	0.0980	62.2290	60.0232	0.0809	0.0481	0.0004	0.0984	0.0000	0.0106	-0.0004	-0.3226	1.0010	0.9968	10.8665	7.6169	0.0009	0.0009	0.0000	0.0000	0.0000	0.0000	0.0009	0.0009	0.0000	0.7204	0.7128	0.0076	0.7129	0.7127	0.0001	0.0075	0.0000	0.0075	0.0073	0.0061	0.0011	0.0005	0.0005	0.0000	0.0068	0.0057	0.0011	0.1947	0.1172	0.0775	0.0390	0.0374	0.0017	0.1556	0.0799	0.0758	0.0329	0.0237	0.0002	0.0022	0.0023	0.0000	2.6608	353.8963	0.0002	3.7003	6.0808	0.0980	18.2654	19.0792	0.0809	0.0481	0.0004	0.0984
10	86	0.2292	7	2	1	1	0	0	0	0	0	Y	N	N	N	N	N	N	N	N	N	N	N	0.0000	0.0000	0.0000	0.0000	0.0000	0.0000	0.0000	0.0000	0.0000	0.0000	0.0000	0.0000	0.0000	0.0000	0.0000	0.0000	0.0000	0.0000	0.0233	0.0339	0.0001	0.0513	0.0611	0.0001	0.0016	0.0027	0.0001	0.0012	0.0000	-0.0036	1.0010	5.8060	10.8665	6.1034	0.0000	0.0000	0.0000	0.0000	0.0000	0.0000	0.0000	0.0000	0.0000	0.0078	0.0078	0.0000	0.0075	0.0075	0.0000	0.0003	0.0003	0.0000	0.0481	0.0407	0.0074	0.0095	0.0091	0.0004	0.0386	0.0316	0.0070	0.3359	0.2308	0.1051	0.1470	0.1234	0.0235	0.1889	0.1074	0.0815	0.0000	0.0000	0.0000	0.0000	0.0000	0.0000	0.0000	0.0000	0.0000	0.0233	0.0339	0.0001	0.0513	0.0611	0.0001	0.0016	0.0027	0.0001	
10	87	0.1353	6	2	1	1	0	0	0	0	0	Y	N	N	N	N	N	N	N	N	N	N	N	0.0000	0.0000	0.0000	0.0000	0.0000	0.0003	0.0001	0.0001	0.0000	0.0000	0.0000	0.0000	0.0000	0.0000	0.0000	0.0000	0.0000	0.0000	1.9024	3.0107	0.2375	7.2778	9.6845	0.0145	0.2148	0.1539	0.2762	0.0896	0.0525	-0.0000	-0.4122	1.0010	12.2869	10.8665	21.7146	0.0000	0.0000	0.0000	0.0000	0.0000	0.0000	0.0000	0.0000	0.0000	1.0091	0.9587	0.0504	0.9311	0.9306	0.0005	0.0780	0.0281	0.0499	0.0759	0.0645	0.0114	0.0068	0.0062	0.0006	0.0692	0.0583	0.0108	0.5304	0.3184	0.2120	0.1673	0.1360	0.0313	0.3631	0.1824	0.1807	0.0000	0.0000	0.0000	0.0000	0.0000	0.0003	0.0001	0.0001	0.0000	1.9024	3.0107	0.2375	5.5643	6.8420	0.0145	0.2148	0.1539	0.2762
10	88	0.0840	5	1	1	1	0	0	0	0	0	N	N	N	N	N	N	N	N	N	N	N	N	0.0011	0.0000	0.0759	0.0000	0.0000	0.0000	0.0259	0.0000	0.0790	0.0007	0.0000	0.0046	0.0000	0.0000	0.0000	0.0008	0.0000	0.0048	0.6281	0.9904	0.0603	2.7347	2.8818	0.0591	0.0293	0.0000	0.0603	2246.2247	0.0388	0.0000	-0.0767	1.0010	4.0005	10.8665	9.0093	0.0000	0.0000	0.0000	0.0000	0.0000	0.0000	0.0000	0.0000	0.0000	0.1822	0.1754	0.0068	0.1756	0.1754	0.0002	0.0066	0.0000	0.0066	0.0284	0.0240	0.0044	0.0020	0.0018	0.0002	0.0264	0.0222	0.0042	0.2902	0.1771	0.1130	0.0642	0.0609	0.0033	0.2259	0.1163	0.1097	0.0011	0.0000	0.0759	0.0000	0.0000	0.0000	0.0259	0.0000	0.0790	0.6281	0.9904	0.0603	2.7347	2.8818	0.0591	0.0293	0.0000	0.0603
10	89	0.0614	4	1	1	1	0	0	0	0	0	N	N	N	N	N	N	N	N	N	N	N	N	0.0000	0.0000	0.0000	0.0000	0.0000	0.0000	0.0000	0.0000	0.0000	0.0000	0.0000	0.0000	0.0000	0.0000	0.0000	0.0000	0.0000	0.0000	3.0126	4.7577	0.4907	42.7885	39.0890	0.0035	0.3383	0.1841	0.5017	0.9663	0.0702	0.0000	-0.2625	1.0010	1.0051	10.8665	9.2650	0.0000	0.0000	0.0000	0.0000	0.0000	0.0000	0.0000	0.0000	0.0000	0.6684	0.6245	0.0439	0.6075	0.6075	0.0000	0.0609	0.0170	0.0439	0.0073	0.0062	0.0011	0.0005	0.0005	0.0000	0.0068	0.0057	0.0011	0.2219	0.1325	0.0894	0.0419	0.0399	0.0020	0.1800	0.0926	0.0874	0.0000	0.0000	0.0000	0.0000	0.0000	0.0000	0.0000	0.0000	0.0000	3.0126	4.7145	0.4907	14.5054	15.2213	0.0035	0.3383	0.1841	0.5017
10	90	0.2576	8	1	0	2	0	0	0	0	0	N	N	Y	N	N	N	N	N	N	N	N	N	0.0290	0.0498	0.0000	0.0035	0.0033	0.0000	0.0411	4.6400	0.0000	0.0002	0.0002	0.0000	0.0000	0.0000	0.0000	0.0002	0.0003	0.0000	0.0055	0.0037	0.0097	0.0057	0.0066	0.0002	0.0054	0.0001	0.0122	0.0000	1.1204	-0.0000	0.0001	1.0010	2.3559	10.8665	7.1930	0.0000	0.0000	0.0000	0.0000	0.0000	0.0000	0.0000	0.0000	0.0000	0.0011	0.0005	0.0006	0.0005	0.0005	0.0000	0.0006	0.0000	0.0006	0.0183	0.0158	0.0025	0.0055	0.0050	0.0005	0.0128	0.0108	0.0021	0.1993	0.1392	0.0601	0.0902	0.0779	0.0123	0.1091	0.0613	0.0478	0.0290	0.0498	0.0000	0.0035	0.0033	0.0000	0.0411	4.6400	0.0000	0.0055	0.0037	0.0097	0.0057	0.0066	0.0002	0.0054	0.0001	0.0122
10	91	0.2248	7	1	0	1	0	0	0	0	0	N	N	N	N	N	N	N	N	N	N	N	N	0.1164	0.2633	0.0000	0.0139	0.0133	0.0021	0.1295	5.9845	0.0000	0.0131	0.0151	0.0000	0.0011	0.0012	0.0000	0.0197	0.0233	0.0000	0.1125	0.0572	0.2477	0.0762	0.0872	0.0020	0.1521	0.0039	0.3217	0.0000	1.7700	-0.0003	0.0111	1.0010	4.9284	10.8665	11.0439	0.0007	0.0007	0.0000	0.0000	0.0000	0.0000	0.0007	0.0007	0.0000	0.0616	0.0223	0.0394	0.0218	0.0217	0.0001	0.0399	0.0005	0.0393	0.0553	0.0480	0.0072	0.0196	0.0178	0.0017	0.0357	0.0302	0.0055	0.5478	0.3888	0.1590	0.2858	0.2490	0.0368	0.2620	0.1398	0.1222	0.1164	0.2633	0.0000	0.0139	0.0133	0.0021	0.1295	5.9845	0.0000	0.1125	0.0572	0.2477	0.0762	0.0872	0.0020	0.1521	0.0039	0.3217
10	92	0.1353	6	1	0	1	0	0	0	0	0	N	N	N	N	N	N	N	N	N	N	N	N	0.0044	0.0272	0.0001	0.0031	0.0027	0.0086	0.0036	1.0886	0.0001	0.0067	0.0079	0.0002	0.0017	0.0018	0.0001	0.0072	0.0085	0.0002	1.5251	0.2897	3.3816	0.5436	0.6660	0.0104	1.9790	0.0079	3.9661	0.0048	7.7679	-0.0001	0.3388	1.0010	3.9161	10.8665	29.2065	0.0002	0.0002	0.0000	0.0000	0.0000	0.0000	0.0002	0.0002	0.0000	0.7924	0.0904	0.7020	0.0893	0.0890	0.0003	0.7031	0.0014	0.7017	0.0252	0.0213	0.0038	0.0023	0.0021	0.0002	0.0229	0.0193	0.0036	0.5196	0.3120	0.2076	0.1643	0.1336	0.0307	0.3553	0.1784	0.1769	0.0044	0.0272	0.0001	0.0031	0.0027	0.0086	0.0036	1.0886	0.0001	1.5251	0.2897	3.3816	0.5436	0.6660	0.0104	1.9790	0.0079	3.9661
10	93	0.6758	12	2	1	1	0	0	0	0	0	Y	N	N	N	N	N	N	N	N	N	N	N	0.0000	0.0000	0.0000	0.0000	0.0000	0.0000	0.0000	0.0000	0.0000	0.0000	0.0000	0.0000	0.0000	0.0000	0.0000	0.0000	0.0000	0.0000	0.0198	0.0275	0.0017	0.0281	0.0354	0.0005	0.0042	0.0055	0.0027	0.0268	0.0000	-0.0013	1.0010	2.5103	10.8665	7.4742	0.0000	0.0000	0.0000	0.0000	0.0000	0.0000	0.0000	0.0000	0.0000	0.0031	0.0030	0.0001	0.0028	0.0028	0.0000	0.0002	0.0002	0.0001	0.0190	0.0167	0.0024	0.0078	0.0073	0.0005	0.0112	0.0094	0.0019	0.1555	0.1090	0.0464	0.1012	0.0801	0.0211	0.0543	0.0290	0.0253	0.0000	0.0000	0.0000	0.0000	0.0000	0.0000	0.0000	0.0000	0.0000	0.0198	0.0275	0.0017	0.0281	0.0354	0.0005	0.0042	0.0055	0.0027	
10	94	0.6396	11	1	1	1	0	0	0	0	0	N	N	N	N	N	N	N	N	N	N	N	N	0.0000	0.0000	0.0027	0.0000	0.0000	0.0000	0.0000	0.0000	0.0020	0.0000	0.0000	0.0000	0.0000	0.0000	0.0000	0.0000	0.0000	0.0000	0.0323	0.0443	0.0036	0.0290	0.0366	0.0013	0.0390	0.0666	0.0058	inf	0.0334	0.0000	-0.0026	1.0010	7.1305	10.8665	3.2426	0.0000	0.0000	0.0000	0.0000	0.0000	0.0000	0.0000	0.0000	0.0000	0.0062	0.0060	0.0002	0.0037	0.0037	0.0000	0.0025	0.0023	0.0002	0.0602	0.0532	0.0070	0.0228	0.0216	0.0012	0.0374	0.0316	0.0058	0.1913	0.1352	0.0561	0.1283	0.1008	0.0276	0.0630	0.0344	0.0286	0.0000	0.0000	0.0027	0.0000	0.0000	0.0000	0.0000	0.0000	0.0020	0.0323	0.0443	0.0036	0.0290	0.0366	0.0013	0.0390	0.0666	0.0058
10	95	0.0614	4	2	1	1	0	0	0	0	0	Y	N	N	N	N	N	N	N	N	N	N	N	9.3698	0.0000	25.8926	0.0159	0.0000	0.0151	8.8458	26.8441	17.9161	0.0000	116.8297	0.0055	0.0000	0.0626	19.1667	0.0000	121.3529	1.9121	0.0135	4.5121	0.3455	0.0602	4.1497	2.1668	0.0000	4.5207	inf	243.2386	0.5593	0.5405	1.0010	8.0000	10.8665	22.5660	1.0008	0.0000	1.0008	0.0000	0.0000	0.0000	1.0008	0.0000	1.0008	1.0055	0.0041	1.0013	0.0254	0.0041	0.0213	0.9801	0.0000	0.9801	0.0559	0.0473	0.0086	0.0036	0.0033	0.0003	0.0522	0.0440	0.0082	0.5258	0.3039	0.2219	0.0735	0.0684	0.0051	0.4523	0.2355	0.2168	9.3698	0.0000	25.8926	0.0159	0.0000	0.0151	8.8458	0.0000	26.8441	1.9121	0.0135	4.5121	0.3455	0.0602	4.1497	2.1668	0.0000	4.5207	
10	96	0.1353	6	1	0	1	0	0	0	0	0	N	N	N	N	N	N	N	N	N	N	N	N	0.0000	0.0000	0.0000	0.0000	0.0000	0.0000	0.0000	0.0000	0.0000	0.0000	0.0000	0.0000	0.0000	0.0000	0.0000	0.0000	0.0000	0.0000	0.5738	0.9425	0.0191	1.7767	2.1796	0.0087	0.0126	0.0044	0.0209	0.0135	0.0000	-0.1254	1.0010	11.9964	10.8665	18.8414	0.0000	0.0000	0.0000	0.0000	0.0000	0.0000	0.0000	0.0000	0.0000	0.2817	0.2780	0.0038	0.2775	0.2773	0.0003	0.0042	0.0007	0.0035	0.0742	0.0630	0.0112	0.0066	0.0060	0.0006	0.0676	0.0570	0.0106	0.4910	0.2949	0.1961	0.1562	0.1272	0.0290	0.3348	0.1677	0.1671	0.0000	0.0000	0.0000	0.0000	0.0000	0.0000	0.0000	0.0000	0.0000	0.5738	0.9425	0.0191	1.7767	2.1796	0.0087	0.0126	0.0044	0.0209	
10	98	0.0308	2	2	1	2	0	0	0	0	0	Y	N	Y	N	N	N	N	N	N	N	N	N	0.1588	0.1056	0.0013	0.5235	0.5075	0.0000	0.0004	0.0004	0.0012	0.1022	0.1211	0.0000	1.2704	1.2747	0.0000	0.0000	0.0000	0.0000	0.6435	1.1471	0.0231	2.4267	2.5120	0.0011	0.0142	0.0004	0.0235	0.0000	0.0163	-0.0004	-0.1515	1.0010	0.9502	10.8665	16.1595	0.0008	0.0008	0.0000	0.0008	0.0008	0.0000	0.0000	0.0000	0.0000	0.3425	0.3369	0.0055	0.3369	0.3369	0.0000	0.0056	0.0001	0.0055	0.0083	0.0070	0.0013	0.0007	0.0007	0.0000	0.0076	0.0063	0.0013	0.5322	0.2937	0.2385	0.1388	0.1341	0.0047	0.3934	0.1596	0.2338	0.1588	0.1056	0.0013	0.5235	0.5075	0.0000	0.0004	0.0004	0.0012	0.6435	1.1471	0.0231	2.4267	2.5120	0.0011	0.0142	0.0004	0.0235
10	99	0.1353	6	1	1	1	0	0	0	0	0	N	N	N	N	N	N	N	N	N	N	N	N	0.0000	0.0000	0.0000	0.0000	0.0000	0.0000	0.0000	0.0000	0.0000	0.0000	0.0000	0.0000	0.0000	0.0000	0.0000	0.0000	0.0000	0.0000	5.0363	3.6081	5.5505	10.0044	12.6111	0.0004	3.3311	0.1392	6.5143	1.0209	0.0000	0.0924	1.0010	11.9964	10.8665	15.6499	0.0000	0.0000	0.0000	0.0000	0.0000	0.0000	0.0000	0.0000	0.0000	1.9737	0.9767	0.9971	0.9554	0.9554	0.0000	1.0183	0.0212	0.9970	0.0742	0.0630	0.0112	0.0066	0.0060	0.0006	0.0676	0.0570	0.0106	0.4503	0.2707	0.1796	0.1446	0.1181	0.0266	0.3057	0.1526	0.1531	0.0000	0.0000	0.0000	0.0000	0.0000	0.0000	0.0000	0.0000	0.0000	4.3829	3.6081	5.5505	6.6057	8.0927	0.0004	3.3311	0.1392	6.5143	
10	104	0.1676	7	1	1	1	0	0	0	0	0	N	N	N	N	N	N	N	N	N	N	N	N	0.0000	0.0000	0.0000	0.0000	0.0000	0.0000	0.0000	0.0000	0.0000	0.0000	0.0000	0.0000	0.0000	0.0000	0.0000	0.0000	0.0000	0.0000	1.6363	2.6168	0.0597	0.1656	0.2000	0.0061	2.4443	4.7850	0.0702	0.0142	0.0000	-0.4661	1.0010	8.9557	10.8665	32.3127	0.0000	0.0000	0.0000	0.0000	0.0000	0.0000	0.0000	0.0000	0.0000	1.0490	1.0343	0.0147	0.0376	0.0374	0.0002	1.0113	0.9969	0.0144	0.0739	0.0635	0.0105	0.0196	0.0179	0.0017	0.0544	0.0456	0.0088	0.6410	0.3953	0.2458	0.2273	0.1869	0.0404	0.4137	0.2083	0.2054	0.0000	0.0000	0.0000	0.0000	0.0000	0.0000	0.0000	0.0000	0.0000	1.6363	2.6168	0.0597	0.1656	0.2000	0.0061	2.4443	4.7850	0.0702	
10	105	0.1931	8	1	0	2	0	0	0	0	0	N	N	Y	N	N	N	N	N	N	N	N	N	0.0000	0.0000	0.0000	0.0000	0.0000	0.0000	0.0000	0.0000	0.0000	0.0000	0.0000	0.0000	0.0000	0.0000	0.0000	0.0000	0.0000	0.0000	0.0250	0.0399	0.0000	0.0155	0.0189	0.0000	0.0310	0.0617	0.0000	0.0002	0.0000	-0.0024	1.0010	4.2679	10.8665	7.8415	0.0000	0.0000	0.0000	0.0000	0.0000	0.0000	0.0000	0.0000	0.0000	0.0052	0.0052	0.0000	0.0013	0.0013	0.0000	0.0040	0.0040	0.0000	0.0336	0.0284	0.0053	0.0061	0.0058	0.0003	0.0275	0.0226	0.0049	0.2096	0.1311	0.0784	0.0815	0.0668	0.0147	0.1281	0.0643	0.0638	0.0000	0.0000	0.0000	0.0000	0.0000	0.0000	0.0000	0.0000	0.0000	0.0250	0.0399	0.0000	0.0155	0.0189	0.0000	0.0310	0.0617	0.0000	
10	106	0.1676	7	1	0	1	0	0	0	0	0	N	N	N	N	N	N	N	N	N	N	N	N	0.0000	0.0000	0.0000	0.0000	0.0000	0.0000	0.0000	0.0000	0.0000	0.0000	0.0000	0.0000	0.0000	0.0000	0.0000	0.0000	0.0000	0.0000	0.1744	0.2700	0.0078	0.4190	0.4880	0.0002	0.0048	0.0000	0.0092	0.0165	0.0000	-0.0193	1.0010	1.9301	10.8665	9.0954	0.0000	0.0000	0.0000	0.0000	0.0000	0.0000	0.0000	0.0000	0.0000	0.0437	0.0430	0.0007	0.0430	0.0429	0.0000	0.0007	0.0000	0.0007	0.0272	0.0237	0.0035	0.0140	0.0128	0.0013	0.0132	0.0110	0.0022	0.2503	0.1591	0.0913	0.1025	0.0880	0.0145	0.1478	0.0711	0.0768	0.0000	0.0000	0.0000	0.0000	0.0000	0.0000	0.0000	0.0000	0.0000	0.1744	0.2700	0.0078	0.4190	0.4880	0.0002	0.0048	0.0000	0.0092	
10	107	0.1353	6	1	0	1	0	0	0	0	0	N	N	N	N	N	N	N	N	N	N	N	N	0.0000	0.0000	0.0000	0.0000	0.0000	0.0000	0.0000	0.0000	0.0000	0.0000	0.0000	0.0000	0.0000	0.0000	0.0000	0.0000	0.0000	0.0000	1.1496	1.7242	0.2653	2.9952	3.6007	0.0000	0.1688	0.0182	0.3114	0.1000	0.0000	-0.1087	1.0010	3.9049	10.8665	9.6098	0.0000	0.0000	0.0000	0.0000	0.0000	0.0000	0.0000	0.0000	0.0000	0.2958	0.2689	0.0269	0.2674	0.2674	0.0000	0.0284	0.0015	0.0269	0.0251	0.0213	0.0038	0.0023	0.0021	0.0002	0.0228	0.0192	0.0036	0.2573	0.1560	0.1013	0.0893	0.0743	0.0150	0.1680	0.0817	0.0863	0.0000	0.0000	0.0000	0.0000	0.0000	0.0000	0.0000	0.0000	0.0000	1.1496	1.7242	0.2653	2.9952	3.6007	0.0000	0.1688	0.0182	0.3114	
10	108	0.1565	8	1	1	1	0	0	0	0	0	N	N	N	N	N	N	N	N	N	N	N	N	0.0000	0.0000	0.0000	0.0000	0.0000	0.0000	0.0000	0.0000	0.0000	0.0000	0.0000	0.0000	0.0000	0.0000	0.0000	0.0000	0.0000	0.0000	0.0244	0.0013	0.0625	0.0018	0.0020	0.0009	0.0366	0.0007	0.0751	29.2492	0.0000	0.0064	1.0010	8.0392	10.8665	22.6195	0.0000	0.0000	0.0000	0.0000	0.0000	0.0000	0.0000	0.0000	0.0000	0.0125	0.0004	0.0121	0.0003	0.0003	0.0000	0.0122	0.0001	0.0121	0.0558	0.0476	0.0082	0.0086	0.0080	0.0006	0.0473	0.0396	0.0076	0.5139	0.3201	0.1938	0.1805	0.1476	0.0329	0.3334	0.1725	0.1610	0.0000	0.0000	0.0000	0.0000	0.0000	0.0000	0.0000	0.0000	0.0000	0.0244	0.0013	0.0625	0.0018	0.0020	0.0009	0.0366	0.0007	0.0751	
10	109	0.1565	7	1	0	1	0	0	0	0	0	N	N	N	N	N	N	N	N	N	N	N	N	0.0000	0.0000	0.0000	0.0000	0.0000	0.0000	0.0000	0.0000	0.0000	0.0000	0.0000	0.0000	0.0000	0.0000	0.0000	0.0000	0.0000	0.0000	0.1392	0.0941	0.2765	0.1494	0.1614	0.0001	0.1303	0.0039	0.3217	0.9644	0.0000	0.0005	1.0010	0.2031	10.8665	2.0398	0.0000	0.0000	0.0000	0.0000	0.0000	0.0000	0.0000	0.0000	0.0000	0.0165	0.0084	0.0081	0.0082	0.0082	0.0000	0.0082	0.0001	0.0081	0.0035	0.0029	0.0006	0.0012	0.0012	0.0000	0.0023	0.0017	0.0006	0.1182	0.0890	0.0292	0.0551	0.0510	0.0041	0.0631	0.0380	0.0251	0.0000	0.0000	0.0000	0.0000	0.0000	0.0000	0.0000	0.0000	0.0000	0.1392	0.0941	0.2765	0.1494	0.1614	0.0001	0.1303	0.0039	0.3217	
10	110	0.7370	13	2	0	2	0	0	0	0	0	Y	N	Y	N	N	N	N	N	N	N	N	N	0.0000	0.0000	0.0000	0.0000	0.0000	0.0000	0.0000	0.0000	0.0000	0.0000	0.0000	0.0000	0.0000	0.0000	0.0000	0.0000	0.0000	0.0000	0.0000	0.0000	1.0010	0.0001	10.8665	0.0001	0.0000	0.0000	0.0000	0.0000	0.0000	0.0000	0.0000	0.0000	0.0000	0.0000	0.0000	0.0000	0.0000	0.0000	0.0000	0.0000	0.0000	0.0000	0.0007	0.0005	0.0001	0.0003	0.0003	0.0000	0.0003	0.0002	0.0001	0.0001	0.0001	0.0000	0.0000	0.0000	0.0000	0.0000	0.0000	0.0000	0.0000	0.0000	0.0000	0.0000	0.0000	0.0000	0.0000	0.0000	0.0000	0.0000	0.0000	0.0000	0.0000	0.0000	0.0000	0.0000	0.0000	0.0000											
10	111	0.7231	12	2	0	2	0	0	0	0	0	Y	N	Y	N	N	N	N	N	N	N	N	N	0.0000	0.0000	0.0000	0.0003	0.0002	0.0000	0.0000	0.0000	0.0000	0.0000	0.0000	0.0000	0.0000	0.0000	0.0000	0.0000	0.0000	0.0000	0.0158	0.0179	0.0106	0.0024	0.0031	0.0000	0.0532	0.0737	0.0268	0.0000	0.2429	-0.0000	-0.0004	1.0010	1.6718	10.8665	2.9223	0.0000	0.0000	0.0000	0.0000	0.0000	0.0000	0.0000	0.0000	0.0000	0.0015	0.0012	0.0003	0.0002	0.0002	0.0000	0.0014	0.0011	0.0003	0.0127	0.0111	0.0016	0.0041	0.0038	0.0002	0.0087	0.0073	0.0014	0.0967	0.0686	0.0280	0.0712	0.0543	0.0169	0.0254	0.0143	0.0111	0.0000	0.0000	0.0000	0.0003	0.0002	0.0000	0.0000	0.0000	0.0000	0.0158	0.0179	0.0106	0.0024	0.0031	0.0000	0.0532	0.0737	0.0268
10	112	0.6396	11	2	0	2	0	0	0	0	0	Y	N	Y	N	N	N	N	N	N	N	N	N	0.0001	0.0001	0.0000	0.0750	0.0628	0.0000	0.0000	0.0000	0.0000	0.0002	0.0002	0.0000	0.0006	0.0006	0.0000	0.0000	0.0000	0.0000	3.0554	4.3491	0.0019	0.0079	0.0101	0.0002	8.7561	15.8288	0.0035	0.0000	0.0002	-0.0000	-0.4462	1.0010	14.0283	10.8665	7.1084	0.0000	0.0000	0.0000	0.0000	0.0000	0.0000	0.0000	0.0000	0.0000	0.9738	0.9736	0.0002	0.0016	0.0016	0.0000	0.9721	0.9720	0.0002	0.0977	0.0858	0.0119	0.0336	0.0315	0.0020	0.0641	0.0543	0.0098	0.3187	0.2239	0.0948	0.2077	0.1625	0.0452	0.1110	0.0614	0.0496	0.0001	0.0001	0.0000	0.0750	0.0628	0.0000	0.0000	0.0000	0.0000	3.0554	4.3491	0.0019	0.0079	0.0101	0.0002	8.7561	15.8288	0.0035
10	113	0.5793	10	1	0	1	0	0	0	0	0	N	N	N	N	N	N	N	N	N	N	N	N	0.0001	0.0000	0.0005	0.0002	0.0002	0.0000	0.0001	0.0000	0.0009	0.0000	0.0000	0.0000	0.0000	0.0000	0.0000	0.0000	0.0000	0.0000	0.0223	0.0222	0.0225	0.0146	0.0110	0.0303	0.0344	0.0487	0.0173	1.6517	0.4188	0.0000	-0.0011	1.0010	8.6129	10.8665	5.1709	0.0000	0.0000	0.0000	0.0000	0.0000	0.0000	0.0000	0.0000	0.0000	0.0070	0.0050	0.0021	0.0028	0.0017	0.0011	0.0042	0.0032	0.0010	0.0777	0.0683	0.0094	0.0303	0.0281	0.0022	0.0474	0.0402	0.0072	0.3158	0.2234	0.0924	0.1938	0.1569	0.0369	0.1220	0.0665	0.0555	0.0001	0.0000	0.0005	0.0002	0.0002	0.0000	0.0001	0.0000	0.0009	0.0223	0.0222	0.0225	0.0146	0.0110	0.0303	0.0344	0.0487	0.0173
10	114	0.4842	9	1	0	1	0	0	0	0	0	N	N	N	N	N	N	N	N	N	N	N	N	0.0002	0.0000	0.0004	0.0000	0.0000	0.0000	0.0001	0.0000	0.0004	0.0002	0.0000	0.0013	0.0000	0.0000	0.0000	0.0003	0.0000	0.0016	1.0737	0.2291	2.9989	0.3966	0.2731	0.8966	2.0202	0.1385	4.2798	85.3418	5.7439	0.0000	0.2747	1.0010	16.8607	10.8665	22.7724	0.0000	0.0000	0.0000	0.0000	0.0000	0.0000	0.0000	0.0000	0.0000	0.6985	0.1036	0.5949	0.1504	0.0831	0.0673	0.5481	0.0205	0.5276	0.1166	0.1014	0.0152	0.0364	0.0335	0.0030	0.0802	0.0680	0.0122	0.6505	0.4522	0.1984	0.3792	0.3041	0.0751	0.2713	0.1480	0.1233	0.0002	0.0000	0.0004	0.0000	0.0000	0.0000	0.0001	0.0000	0.0004	1.0737	0.2291	2.9989	0.3966	0.2731	0.8966	2.0202	0.1385	4.2798
10	115	0.1117	6	2	0	2	0	0	0	0	0	Y	N	Y	N	N	N	N	N	N	N	N	N	0.0000	0.0000	0.0000	0.0000	0.0000	0.0000	0.0000	0.0000	0.0000	0.0000	0.0000	0.0000	0.0000	0.0000	0.0000	0.0002	0.0003	0.0000	0.0006	0.0006	0.0000	0.0000	0.0000	0.0000	0.0000	0.0000	-0.0000	1.0010	1.0009	10.8665	4.0038	0.0000	0.0000	0.0000	0.0000	0.0000	0.0000	0.0000	0.0000	0.0000	0.0000	0.0000	0.0000	0.0000	0.0000	0.0000	0.0000	0.0000	0.0000	0.0076	0.0064	0.0012	0.0009	0.0009	0.0001	0.0067	0.0056	0.0011	0.1301	0.0820	0.0481	0.0427	0.0393	0.0034	0.0874	0.0428	0.0446	0.0000	0.0000	0.0000	0.0000	0.0000	0.0000	0.0000	0.0000	0.0000	0.0002	0.0003	0.0000	0.0006	0.0006	0.0000	0.0000	0.0000	0.0000				
10	116	0.0834	5	2	0	2	0	0	0	0	0	Y	N	Y	N	N	N	N	N	N	N	N	N	0.0064	0.0003	0.1715	0.0003	0.0000	19.0816	0.0532	0.0165	0.1587	0.0007	0.0000	0.0047	0.0001	0.0000	0.0026	0.0009	0.0001	0.0048	0.1111	0.1625	0.0277	0.3578	0.4101	0.0001	0.0164	0.0035	0.0305	15.9933	0.1048	0.0000	-0.0108	1.0010	1.8441	10.8665	10.4794	0.0000	0.0000	0.0000	0.0000	0.0000	0.0000	0.0000	0.0000	0.0000	0.0298	0.0269	0.0028	0.0266	0.0266	0.0000	0.0032	0.0004	0.0028	0.0191	0.0164	0.0027	0.0040	0.0039	0.0001	0.0151	0.0126	0.0026	0.2678	0.1658	0.1021	0.0743	0.0648	0.0095	0.1935	0.1009	0.0926	0.0064	0.0003	0.1715	0.0003	0.0000	19.0816	0.0532	0.0165	0.1587	0.1111	0.1625	0.0277	0.3578	0.4101	0.0001	0.0164	0.0035	0.0305
10	117	0.3715	7	1	1	1	1	0	0	0	0	N	N	N	N	N	N	N	N	N	N	N	N	0.0001	0.0002	0.0000	0.0002	0.0003	0.0000	0.0000	0.0000	0.0000	0.0000	0.0000	0.0000	0.0000	0.0000	0.0000	0.0000	0.0000	0.0000	0.0787	0.0499	0.1461	0.0931	0.0753	0.1804	0.0608	0.0015	0.1304	0.0000	1.2503	-0.0000	0.0052	1.0010	10.5071	10.8665	20.2622	0.0000	0.0000	0.0000	0.0000	0.0000	0.0000	0.0000	0.0000	0.0000	0.0540	0.0240	0.0300	0.0353	0.0237	0.0116	0.0186	0.0002	0.0184	0.0906	0.0792	0.0113	0.0322	0.0299	0.0023	0.0584	0.0493	0.0090	0.6858	0.4806	0.2053	0.3797	0.3154	0.0643	0.3061	0.1652	0.1409	0.0001	0.0002	0.0000	0.0002	0.0003	0.0000	0.0000	0.0000	0.0000	0.0787	0.0499	0.1461	0.0931	0.0753	0.1804	0.0608	0.0015	0.1304
10	118	0.1353	6	1	1	1	1	0	0	0	0	N	N	N	N	N	N	N	N	N	N	N	N	0.0000	0.0000	0.0000	0.0000	0.0000	0.0000	0.0000	0.0000	0.0000	0.0000	0.0000	0.0000	0.0000	0.0000	0.0000	0.0000	0.0000	0.0000	5.3872	4.3787	5.1359	1.7868	2.1934	0.0000	6.0333	6.0396	6.0270	0.7796	0.0000	-0.0462	1.0010	4.0036	10.8665	26.5072	0.0000	0.0000	0.0000	0.0000	0.0000	0.0000	0.0000	0.0000	0.0000	2.2754	1.2786	0.9968	0.2766	0.2766	0.0000	1.9988	1.0020	0.9968	0.0257	0.0218	0.0039	0.0023	0.0021	0.0002	0.0234	0.0196	0.0037	0.4861	0.2920	0.1941	0.1548	0.1261	0.0287	0.3313	0.1659	0.1654	0.0000	0.0000	0.0000	0.0000	0.0000	0.0000	0.0000	0.0000	0.0000	4.6810	4.3787	5.1359	1.7868	2.1934	0.0000	6.0333	6.0396	6.0270	
10	119	0.1737	7	1	1	1	0	0	0	0	0	N	N	N	N	N	N	N	N	N	N	N	N	0.0101	0.0095	0.0000	0.0149	0.0135	0.0000	0.0009	12.0013	0.0000	0.0004	0.0005	0.0000	0.0013	0.0014	0.0000	0.0000	0.0000	0.0000	0.0386	0.0477	0.0233	0.0890	0.1056	0.0029	0.0130	0.0000	0.0268	0.0000	0.2937	-0.0000	-0.0040	1.0010	3.8169	10.8665	21.2433	0.0000	0.0000	0.0000	0.0000	0.0000	0.0000	0.0000	0.0000	0.0000	0.0173	0.0134	0.0039	0.0135	0.0134	0.0001	0.0039	0.0000	0.0039	0.0409	0.0352	0.0057	0.0117	0.0109	0.0008	0.0291	0.0242	0.0049	0.4493	0.2808	0.1684	0.1513	0.1268	0.0246	0.2979	0.1540	0.1439	0.0101	0.0095	0.0000	0.0149	0.0135	0.0000	0.0009	12.0013	0.0000	0.0386	0.0477	0.0233	0.0890	0.1056	0.0029	0.0130	0.0000	0.0268
10	120	0.5194	11	1	1	1	0	0	0	0	0	N	N	N	N	N	N	N	N	N	N	N	N	0.0016	0.0018	0.0000	0.0003	0.0003	0.0000	0.0019	0.0023	0.0000	0.0066	0.0075	0.0000	0.0010	0.0011	0.0000	0.0093	0.0110	0.0000	4.0258	4.2344	3.0667	3.2187	3.9612	0.0001	4.9041	4.8614	4.9537	0.0000	0.3055	-0.0004	-0.8074	1.0010	16.3276	10.8665	34.9199	0.0008	0.0008	0.0000	0.0000	0.0000	0.0000	0.0008	0.0008	0.0000	3.5986	2.7565	0.8422	1.7961	1.7961	0.0000	1.8025	0.9604	0.8421	0.1260	0.1102	0.0158	0.0416	0.0389	0.0027	0.0843	0.0713	0.0131	0.9256	0.6510	0.2746	0.5580	0.4534	0.1046	0.3676	0.1975	0.1700	0.0017	0.0018	0.0000	0.0003	0.0003	0.0000	0.0019	0.0023	0.0000	3.8879	4.2344	3.0667	3.2187	3.9612	0.0001	4.9041	4.8614	4.9537
10	121	0.5021	10	1	1	1	0	0	0	0	0	N	N	N	N	N	N	N	N	N	N	N	N	0.0006	0.0005	0.0010	0.0002	0.0002	0.0250	0.0004	0.0003	0.0007	0.0018	0.0018	0.0013	0.0003	0.0003	0.0002	0.0025	0.0027	0.0015	2.8619	3.4594	1.2698	1.1793	1.4181	0.0094	5.5347	8.2427	2.0463	0.1061	0.1377	-0.0000	-0.5465	1.0010	6.1757	10.8665	14.5601	0.0001	0.0001	0.0000	0.0000	0.0000	0.0000	0.0001	0.0001	0.0000	1.6202	1.4241	0.1961	0.4097	0.4092	0.0006	1.2105	1.0149	0.1956	0.0501	0.0437	0.0064	0.0162	0.0153	0.0009	0.0338	0.0283	0.0055	0.5661	0.4117	0.1545	0.3474	0.2885	0.0589	0.2187	0.1231	0.0956	0.0006	0.0005	0.0010	0.0002	0.0002	0.0250	0.0004	0.0003	0.0007	2.8619	3.4594	1.2698	1.1793	1.4181	0.0094	5.5347	8.2427	2.0463
10	122	0.4490	9	1	0	1	0	0	0	0	0	N	N	N	N	N	N	N	N	N	N	N	N	0.0047	0.0045	0.0032	0.0002	0.0002	0.0011	0.0046	0.0040	0.0026	0.0027	0.0029	0.0013	0.0001	0.0001	0.0000	0.0041	0.0046	0.0015	0.5683	0.6355	0.3974	0.3230	0.3840	0.0030	0.8953	1.1425	0.5866	0.0630	0.2457	-0.0001	-0.0956	1.0010	7.5400	10.8665	21.4192	0.0002	0.0002	0.0000	0.0000	0.0000	0.0000	0.0002	0.0002	0.0000	0.3662	0.2940	0.0722	0.1189	0.1187	0.0002	0.2473	0.1752	0.0720	0.0646	0.0565	0.0081	0.0229	0.0215	0.0015	0.0417	0.0350	0.0067	0.6444	0.4626	0.1817	0.3682	0.3093	0.0589	0.2762	0.1534	0.1228	0.0047	0.0045	0.0032	0.0002	0.0002	0.0011	0.0046	0.0040	0.0026	0.5683	0.6355	0.3974	0.3230	0.3840	0.0030	0.8953	1.1425	0.5866
10	123	0.0614	4	1	1	1	0	0	0	0	0	N	N	N	N	N	N	N	N	N	N	N	N	0.0000	0.0000	0.0000	0.0000	0.0000	0.0000	0.0000	0.0000	0.0000	0.0000	0.0000	0.0000	0.0000	0.0000	0.0000	0.0000	0.0000	0.6691	0.0135	1.5773	0.0531	0.0568	0.0007	0.7763	0.0000	1.6146	84.0668	0.0000	0.1513	1.0010	4.0019	10.8665	19.5615	0.0000	0.0000	0.0000	0.0000	0.0000	0.0000	0.0000	0.0000	0.0000	0.2856	0.0034	0.2822	0.0034	0.0034	0.0000	0.2822	0.0000	0.2822	0.0285	0.0241	0.0044	0.0019	0.0017	0.0002	0.0266	0.0224	0.0042	0.4268	0.2478	0.1789	0.0633	0.0591	0.0041	0.3635	0.1887	0.1748	0.0000	0.0000	0.0000	0.0000	0.0000	0.0000	0.0000	0.0000	0.0000	0.6691	0.0135	1.5773	0.0531	0.0568	0.0007	0.7763	0.0000	1.6146		
10	126	0.1724	8	1	1	1	0	0	0	0	0	N	N	N	N	N	N	N	N	N	N	N	N	0.0000	0.0000	0.0000	0.0000	0.0000	0.0000	0.0000	0.0000	0.0000	0.0000	0.0000	0.0000	0.0000	0.0000	0.0000	0.0000	0.0000	0.0000	0.0029	0.0010	0.0061	0.0005	0.0006	0.0000	0.0044	0.0014	0.0075	3.5515	0.0000	0.0004	1.0010	5.0407	10.8665	17.1705	0.0000	0.0000	0.0000	0.0000	0.0000	0.0000	0.0000	0.0000	0.0000	0.0012	0.0003	0.0009	0.0001	0.0001	0.0000	0.0011	0.0002	0.0009	0.0367	0.0311	0.0056	0.0056	0.0053	0.0004	0.0310	0.0258	0.0052	0.4012	0.2520	0.1492	0.1497	0.1233	0.0263	0.2515	0.1287	0.1229	0.0000	0.0000	0.0000	0.0000	0.0000	0.0000	0.0000	0.0000	0.0000	0.0029	0.0010	0.0061	0.0005	0.0006	0.0000	0.0044	0.0014	0.0075	
10	127	0.1565	7	1	1	1	0	0	0	0	0	N	N	N	N	N	N	N	N	N	N	N	N	0.0000	0.0000	0.0000	0.0000	0.0000	0.0000	0.0000	0.0000	0.0000	0.0000	0.0000	0.0000	0.0000	0.0000	0.0000	0.0000	0.0000	0.0000	0.0447	0.0082	0.1219	0.0120	0.0137	0.0000	0.0669	0.0022	0.1454	7.0479	0.0000	0.0039	1.0010	1.9703	10.8665	6.2034	0.0000	0.0000	0.0000	0.0000	0.0000	0.0000	0.0000	0.0000	0.0000	0.0093	0.0012	0.0082	0.0010	0.0010	0.0000	0.0083	0.0002	0.0082	0.0156	0.0133	0.0024	0.0030	0.0028	0.0002	0.0127	0.0105	0.0022	0.2082	0.1413	0.0669	0.0840	0.0732	0.0108	0.1242	0.0681	0.0561	0.0000	0.0000	0.0000	0.0000	0.0000	0.0000	0.0000	0.0000	0.0000	0.0447	0.0082	0.1219	0.0120	0.0137	0.0000	0.0669	0.0022	0.1454	
10	128	0.1353	6	1	0	1	0	0	0	0	0	N	N	N	N	N	N	N	N	N	N	N	N	0.0000	0.0000	0.0000	0.0000	0.0000	0.0000	0.0000	0.0000	0.0000	0.0000	0.0000	0.0000	0.0000	0.0000	0.0000	0.0000	0.0000	0.0000	3.7696	0.0538	15.9841	0.0404	0.0479	0.0000	5.9356	0.0597	17.1076	113.7841	0.0000	0.3812	1.0010	1.1032	10.8665	7.8190	0.0000	0.0000	0.0000	0.0000	0.0000	0.0000	0.0000	0.0000	0.0000	0.7154	0.0062	0.7092	0.0028	0.0028	0.0000	0.7126	0.0034	0.7092	0.0072	0.0061	0.0011	0.0007	0.0006	0.0001	0.0066	0.0055	0.0011	0.1898	0.1159	0.0738	0.0697	0.0588	0.0109	0.1200	0.0572	0.0629	0.0000	0.0000	0.0000	0.0000	0.0000	0.0000	0.0000	0.0000	0.0000	3.7696	0.0538	9.6057	0.0404	0.0479	0.0000	5.9356	0.0597	11.2745	
10	129	0.4783	10	1	1	1	0	0	0	0	0	N	N	N	N	N	N	N	N	N	N	N	N	0.0000	0.0000	0.0000	0.0000	0.0000	0.0000	0.0000	0.0000	0.0000	0.0000	0.0000	0.0000	0.0000	0.0000	0.0000	0.0000	0.0000	0.0000	0.0010	0.0002	0.0041	0.0003	0.0003	0.0005	0.0020	0.0000	0.0050	6.2674	0.0000	0.0001	1.0010	1.0033	10.8665	0.8635	0.0000	0.0000	0.0000	0.0000	0.0000	0.0000	0.0000	0.0000	0.0000	0.0002	0.0000	0.0002	0.0000	0.0000	0.0000	0.0002	0.0000	0.0002	0.0222	0.0202	0.0020	0.0127	0.0120	0.0006	0.0095	0.0081	0.0014	0.2089	0.1645	0.0444	0.1212	0.1117	0.0096	0.0877	0.0529	0.0349	0.0000	0.0000	0.0000	0.0000	0.0000	0.0000	0.0000	0.0000	0.0000	0.0010	0.0002	0.0041	0.0003	0.0003	0.0005	0.0020	0.0000	0.0050	
10	130	0.4490	9	1	0	1	0	0	0	0	0	N	N	N	N	N	N	N	N	N	N	N	N	0.0183	0.0054	0.0552	0.0072	0.0079	0.0000	0.0165	0.0036	0.0517	0.0004	0.0001	0.0031	0.0001	0.0001	0.0000	0.0007	0.0001	0.0038	0.0245	0.0132	0.0560	0.0128	0.0125	0.0146	0.0403	0.0148	0.0738	6.1419	1.5058	0.0000	0.0017	1.0010	5.5514	10.8665	9.9598	0.0000	0.0000	0.0000	0.0000	0.0000	0.0000	0.0000	0.0000	0.0000	0.0122	0.0049	0.0073	0.0037	0.0031	0.0006	0.0085	0.0018	0.0068	0.0521	0.0456	0.0065	0.0198	0.0186	0.0012	0.0323	0.0270	0.0052	0.4993	0.3683	0.1310	0.2876	0.2482	0.0394	0.2116	0.1200	0.0916	0.0183	0.0054	0.0552	0.0072	0.0079	0.0000	0.0165	0.0036	0.0517	0.0245	0.0132	0.0560	0.0128	0.0125	0.0146	0.0403	0.0148	0.0738
10	131	0.4187	8	1	0	1	0	0	0	0	0	N	N	N	N	N	N	N	N	N	N	N	N	0.0002	0.0002	0.0001	0.0001	0.0001	0.0002	0.0002	0.0003	0.0000	0.0000	0.0001	0.0000	0.0000	0.0000	0.0000	0.0001	0.0001	0.0000	0.2270	0.2204	0.2440	0.1748	0.2059	0.0104	0.2942	0.2481	0.3540	0.0376	0.4311	-0.0000	-0.0200	1.0010	9.1969	10.8665	13.4651	0.0000	0.0000	0.0000	0.0000	0.0000	0.0000	0.0000	0.0000	0.0000	0.1273	0.0890	0.0384	0.0552	0.0547	0.0005	0.0721	0.0343	0.0378	0.0752	0.0659	0.0093	0.0235	0.0221	0.0014	0.0518	0.0438	0.0080	0.5609	0.4037	0.1572	0.3157	0.2654	0.0503	0.2452	0.1383	0.1069	0.0002	0.0002	0.0001	0.0001	0.0001	0.0002	0.0002	0.0003	0.0000	0.2270	0.2204	0.2440	0.1748	0.2059	0.0104	0.2942	0.2481	0.3540
10	132	0.2322	10	2	1	1	1	0	0	0	0	Y	N	N	N	N	N	N	N	N	N	N	N	0.0000	0.0000	0.0000	0.0000	0.0000	0.0000	0.0000	0.0000	0.0000	0.0000	0.0000	0.0000	0.0000	0.0000	0.0000	0.0000	0.0000	0.0000	0.0000	0.0000	1.0010	1.0000	10.8665	3.0001	0.0000	0.0000	0.0000	0.0000	0.0000	0.0000	0.0000	0.0000	0.0000	0.0000	0.0000	0.0000	0.0000	0.0000	0.0000	0.0000	0.0000	0.0000	0.0070	0.0059	0.0010	0.0009	0.0008	0.0001	0.0061	0.0051	0.0010	0.0653	0.0395	0.0259	0.0218	0.0177	0.0041	0.0435	0.0218	0.0217	0.0000	0.0000	0.0000	0.0000	0.0000	0.0000	0.0000	0.0000	0.0000	0.0000	0.0000	0.0000	0.0000	0.0000	0.0000	0.0000	0.0000	0.0000											
10	133	0.6311	14	2	1	1	1	0	0	0	0	Y	N	N	N	N	N	N	N	N	N	N	N	0.0000	0.0000	0.0000	0.0000	0.0000	0.0000	0.0000	0.0000	0.0000	0.0000	0.0000	0.0000	0.0000	0.0000	0.0000	0.0000	0.0000	0.0000	0.0000	0.0000	1.0010	0.0006	10.8665	1.9797	0.0000	0.0000	0.0000	0.0000	0.0000	0.0000	0.0000	0.0000	0.0000	0.0000	0.0000	0.0000	0.0000	0.0000	0.0000	0.0000	0.0000	0.0000	0.0000	0.0000	0.0000	0.0000	0.0000	0.0000	0.0000	0.0000	0.0000	0.0272	0.0187	0.0084	0.0155	0.0126	0.0029	0.0117	0.0062	0.0055	0.0000	0.0000	0.0000	0.0000	0.0000	0.0000	0.0000	0.0000	0.0000	0.0000	0.0000	0.0000	0.0000	0.0000	0.0000	0.0000	0.0000	0.0000											
10	134	0.6144	13	2	1	1	1	0	0	0	0	Y	N	N	N	N	N	N	N	N	N	N	N	0.0000	0.0000	0.0000	0.0000	0.0000	0.0000	0.0000	0.0000	0.0000	0.0000	0.0000	0.0000	0.0000	0.0000	0.0000	0.0000	0.0000	0.0000	0.0000	0.0000	0.0001	0.0000	0.0000	0.0000	inf	0.0000	0.0000	1.0010	2.0077	10.8665	6.0321	0.0000	0.0000	0.0000	0.0000	0.0000	0.0000	0.0000	0.0000	0.0000	0.0000	0.0000	0.0000	0.0000	0.0000	0.0000	0.0000	0.0000	0.0000	0.0136	0.0118	0.0018	0.0047	0.0044	0.0004	0.0089	0.0075	0.0014	0.0995	0.0675	0.0320	0.0559	0.0445	0.0114	0.0436	0.0230	0.0206	0.0000	0.0000	0.0000	0.0000	0.0000	0.0000	0.0000	0.0000	0.0000	0.0000	0.0000	0.0000	0.0000	0.0000	0.0001	0.0000	0.0000	0.0000				
10	135	0.6096	13	1	1	1	1	0	0	0	0	N	N	N	N	N	N	N	N	N	N	N	N	0.0023	0.0019	0.0000	0.0049	0.0042	0.0000	0.0002	0.0001	0.0000	0.0000	0.0000	0.0000	0.0001	0.0001	0.0000	0.0000	0.0000	0.0000	0.0073	0.0104	0.0006	0.0104	0.0130	0.0000	0.0024	0.0039	0.0009	0.0000	0.0246	-0.0000	-0.0006	1.0010	3.0348	10.8665	9.3583	0.0000	0.0000	0.0000	0.0000	0.0000	0.0000	0.0000	0.0000	0.0000	0.0013	0.0012	0.0000	0.0011	0.0011	0.0000	0.0002	0.0001	0.0000	0.0208	0.0180	0.0028	0.0069	0.0064	0.0005	0.0140	0.0117	0.0023	0.1746	0.1193	0.0552	0.1063	0.0847	0.0216	0.0683	0.0346	0.0336	0.0023	0.0019	0.0000	0.0049	0.0042	0.0000	0.0002	0.0001	0.0000	0.0073	0.0104	0.0006	0.0104	0.0130	0.0000	0.0024	0.0039	0.0009
10	136	0.5953	12	1	0	1	1	0	0	0	0	N	N	N	N	N	N	N	N	N	N	N	N	0.0107	0.0077	0.3703	0.0004	0.0003	0.0000	1.1778	6.4789	0.3267	0.0010	0.0011	0.0007	0.0001	0.0001	0.0000	0.0016	0.0017	0.0008	0.0958	0.1397	0.0019	0.1607	0.2034	0.0010	0.0013	0.0003	0.0025	0.1111	0.0064	-0.0000	-0.0038	1.0010	0.0433	10.8665	6.6805	0.0000	0.0000	0.0000	0.0000	0.0000	0.0000	0.0000	0.0000	0.0000	0.0084	0.0083	0.0001	0.0083	0.0083	0.0000	0.0000	0.0000	0.0000	0.0003	0.0003	0.0001	0.0001	0.0001	0.0000	0.0002	0.0002	0.0000	0.0872	0.0594	0.0278	0.0517	0.0408	0.0109	0.0355	0.0186	0.0168	0.0107	0.0077	0.3703	0.0004	0.0003	0.0000	1.1778	6.4789	0.3267	0.0958	0.1397	0.0019	0.1607	0.2034	0.0010	0.0013	0.0003	0.0025
10	137	0.2618	12	1	1	1	1	0	0	0	0	N	N	N	N	N	N	N	N	N	N	N	N	0.0000	0.0000	0.0000	0.0000	0.0000	0.0000	0.0000	0.0000	0.0000	0.0000	0.0000	0.0000	0.0000	0.0000	0.0000	0.0000	0.0000	0.0000	0.0000	0.0000	1.0010	0.0000	10.8665	0.0000	0.0000	0.0000	0.0000	0.0000	0.0000	0.0000	0.0000	0.0000	0.0000	0.0000	0.0000	0.0000	0.0000	0.0000	0.0000	0.0000	0.0000	0.0000	0.0000	0.0000	0.0000	0.0000	0.0000	0.0000	0.0000	0.0000	0.0000	0.0000	0.0000	0.0000	0.0000	0.0000	0.0000	0.0000	0.0000	0.0000	0.0000	0.0000	0.0000	0.0000	0.0000	0.0000	0.0000	0.0000	0.0000	0.0000	0.0000	0.0000	0.0000	0.0000	0.0000	0.0000	0.0000	0.0000											
10	138	0.2568	11	1	1	1	1	0	0	0	0	N	N	N	N	N	N	N	N	N	N	N	N	0.0000	0.0000	0.0000	0.0000	0.0000	0.0000	0.0000	0.0000	0.0000	0.0000	0.0000	0.0000	0.0000	0.0001	0.0001	0.0000	0.0002	0.0003	0.0000	0.0000	0.0000	0.0000	0.0000	0.0000	-0.0000	1.0010	0.0021	10.8665	2.0000	0.0000	0.0000	0.0000	0.0000	0.0000	0.0000	0.0000	0.0000	0.0000	0.0000	0.0000	0.0000	0.0000	0.0000	0.0000	0.0000	0.0000	0.0000	0.0000	0.0000	0.0000	0.0000	0.0000	0.0000	0.0000	0.0000	0.0000	0.0324	0.0198	0.0126	0.0112	0.0092	0.0019	0.0212	0.0105	0.0106	0.0000	0.0000	0.0000	0.0000	0.0000	0.0000	0.0000	0.0000	0.0000	0.0001	0.0001	0.0000	0.0002	0.0003	0.0000	0.0000	0.0000	0.0000						
10	139	0.2465	10	1	0	1	1	0	0	0	0	N	N	N	N	N	N	N	N	N	N	N	N	0.0000	0.0000	0.0000	0.0000	0.0000	0.0000	0.0000	0.0000	0.0000	0.0000	0.0000	0.0000	0.0000	0.0000	0.0000	0.0000	0.0836	0.1370	0.0000	0.2355	0.2887	0.0000	0.0000	0.0000	0.0000	0.0000	0.0000	-0.0025	1.0010	1.0020	10.8665	3.0181	0.0000	0.0000	0.0000	0.0000	0.0000	0.0000	0.0000	0.0000	0.0000	0.0055	0.0055	0.0000	0.0055	0.0055	0.0000	0.0000	0.0000	0.0000	0.0070	0.0059	0.0010	0.0009	0.0008	0.0001	0.0061	0.0051	0.0010	0.0656	0.0400	0.0256	0.0233	0.0190	0.0043	0.0423	0.0210	0.0213	0.0000	0.0000	0.0000	0.0000	0.0000	0.0000	0.0000	0.0000	0.0000	0.0836	0.1370	0.0000	0.2355	0.2887	0.0000	0.0000	0.0000	0.0000			
10	140	0.2322	10	1	1	1	0	0	0	0	0	N	N	N	N	N	N	N	N	N	N	N	N	0.0000	0.0000	0.0000	0.0000	0.0000	0.0000	0.0000	0.0000	0.0000	0.0000	0.0000	0.0000	0.0000	0.0000	0.0000	0.0000	0.0000	0.0000	0.0000	0.0000	1.0010	0.0000	10.8665	4.0001	0.0000	0.0000	0.0000	0.0000	0.0000	0.0000	0.0000	0.0000	0.0000	0.0000	0.0000	0.0000	0.0000	0.0000	0.0000	0.0000	0.0000	0.0000	0.0000	0.0000	0.0000	0.0000	0.0000	0.0000	0.0000	0.0000	0.0000	0.0653	0.0395	0.0259	0.0218	0.0177	0.0041	0.0435	0.0218	0.0217	0.0000	0.0000	0.0000	0.0000	0.0000	0.0000	0.0000	0.0000	0.0000	0.0000	0.0000	0.0000	0.0000	0.0000	0.0000	0.0000	0.0000	0.0000											
10	141	0.6098	12	1	1	1	0	0	0	0	0	N	N	N	N	N	N	N	N	N	N	N	N	0.0000	0.0000	0.0000	0.0000	0.0000	0.0000	0.0000	0.0000	0.0000	0.0000	0.0000	0.0000	0.0000	0.0000	0.0000	0.0000	0.0000	0.0013	0.0000	0.0041	0.0023	0.0000	0.0114	0.0000	0.0000	0.0001	2660.5293	0.0000	0.0001	1.0010	1.0003	10.8665	5.0186	0.0000	0.0000	0.0000	0.0000	0.0000	0.0000	0.0000	0.0000	0.0000	0.0001	0.0000	0.0001	0.0001	0.0000	0.0001	0.0000	0.0000	0.0000	0.0068	0.0059	0.0009	0.0024	0.0022	0.0002	0.0044	0.0037	0.0007	0.0761	0.0516	0.0244	0.0428	0.0341	0.0087	0.0333	0.0176	0.0157	0.0000	0.0000	0.0000	0.0000	0.0000	0.0000	0.0000	0.0000	0.0000	0.0013	0.0000	0.0041	0.0023	0.0000	0.0114	0.0000	0.0000	0.0001		
10	142	0.2465	10	1	0	2	1	0	0	0	0	N	N	Y	N	N	N	N	N	N	N	N	N	0.0000	0.0000	0.0000	0.0000	0.0000	0.0000	0.0000	0.0000	0.0000	0.0000	0.0000	0.0000	0.0000	0.0000	0.0000	0.0000	0.0000	9.4152	17.7111	0.0001	0.0000	0.0000	0.0000	10.6047	21.2848	0.0001	0.0000	0.0000	-0.4519	1.0010	0.0001	10.8665	9.0026	0.0000	0.0000	0.0000	0.0000	0.0000	0.0000	0.0000	0.0000	0.0000	0.9860	0.9860	0.0000	0.0000	0.0000	0.0000	0.9860	0.9860	0.0000	0.0000	0.0000	0.0000	0.0000	0.0000	0.0000	0.0000	0.0000	0.0000	0.1439	0.0878	0.0561	0.0509	0.0415	0.0094	0.0930	0.0463	0.0467	0.0000	0.0000	0.0000	0.0000	0.0000	0.0000	0.0000	0.0000	0.0000	6.8542	11.2299	0.0001	0.0000	0.0000	0.0000	10.6047	21.2848	0.0001		
10	143	0.5953	12	1	0	2	1	0	0	0	0	N	N	Y	N	N	N	N	N	N	N	N	N	0.0011	488.9383	0.0000	0.0000	0.0000	0.0000	0.0009	5100.2361	0.0000	0.0119	0.0137	0.0000	0.0000	0.0000	0.0000	0.0176	0.0210	0.0000	10.6946	0.0000	55.5507	0.0008	0.0000	0.0037	19.1669	0.0000	86.8514	0.0000	400183.0518	-0.0001	0.5277	1.0010	2.0061	10.8665	8.0425	0.0002	0.0002	0.0000	0.0000	0.0000	0.0000	0.0002	0.0002	0.0000	0.9742	0.0000	0.9742	0.0001	0.0000	0.0001	0.9741	0.0000	0.9741	0.0135	0.0117	0.0018	0.0044	0.0041	0.0003	0.0091	0.0076	0.0015	0.1276	0.0868	0.0408	0.0756	0.0596	0.0161	0.0520	0.0273	0.0247	0.0016	488.9383	0.0000	0.0000	0.0000	0.0000	0.0009	5100.2361	0.0000	7.6331	0.0000	23.8870	0.0008	0.0000	0.0037	18.7377	0.0000	39.4487
10	144	0.5862	11	1	0	1	1	0	0	0	0	N	N	N	N	N	N	N	N	N	N	N	N	0.0000	0.0000	0.0000	0.0000	0.0000	0.0000	0.0000	0.0000	0.0000	0.0000	0.0000	0.0000	0.0000	0.0000	0.0000	0.0000	0.0000	0.0000	0.1657	0.0014	0.6061	0.0015	0.0014	0.0019	0.3717	0.0014	0.8564	161.3185	0.0000	0.0073	1.0010	1.9550	10.8665	2.1189	0.0000	0.0000	0.0000	0.0000	0.0000	0.0000	0.0000	0.0000	0.0000	0.0137	0.0001	0.0136	0.0001	0.0001	0.0000	0.0136	0.0000	0.0136	0.0141	0.0122	0.0019	0.0053	0.0048	0.0005	0.0088	0.0074	0.0014	0.0828	0.0603	0.0225	0.0461	0.0395	0.0066	0.0367	0.0208	0.0159	0.0000	0.0000	0.0000	0.0000	0.0000	0.0000	0.0000	0.0000	0.0000	0.1657	0.0014	0.6061	0.0015	0.0014	0.0019	0.3717	0.0014	0.8564	
10	145	0.5862	11	1	0	2	1	0	0	0	0	N	N	Y	N	N	N	N	N	N	N	N	N	0.0000	0.0000	0.0000	0.0000	0.0000	0.0000	0.0000	0.0000	0.0000	0.0000	0.0000	0.0000	0.0000	0.0000	0.0000	0.0000	0.0000	3.5702	5.6189	0.0006	9.2417	11.5231	0.0000	0.0005	0.0002	0.0009	0.0001	0.0000	-0.4543	1.0010	2.1261	10.8665	18.6477	0.0000	0.0000	0.0000	0.0000	0.0000	0.0000	0.0000	0.0000	0.0000	0.9911	0.9911	0.0001	0.9911	0.9911	0.0000	0.0001	0.0000	0.0001	0.0152	0.0132	0.0021	0.0057	0.0052	0.0005	0.0095	0.0080	0.0015	0.2776	0.1919	0.0857	0.1587	0.1283	0.0304	0.1189	0.0636	0.0553	0.0000	0.0000	0.0000	0.0000	0.0000	0.0000	0.0000	0.0000	0.0000	3.5702	5.1653	0.0006	6.2445	7.7260	0.0000	0.0005	0.0002	0.0009		
10	146	0.2465	10	1	0	2	1	0	0	0	0	N	N	Y	N	N	N	N	N	N	N	N	N	0.0000	0.0000	0.0000	0.0000	0.0000	0.0000	0.0000	0.0000	0.0000	0.0000	0.0000	0.0000	0.0000	0.0000	0.0000	0.0000	0.0001	0.0001	0.0001	0.0002	0.0003	0.0000	0.0000	0.0000	0.0001	0.3826	0.0000	-0.0000	1.0010	2.0001	10.8665	5.9880	0.0000	0.0000	0.0000	0.0000	0.0000	0.0000	0.0000	0.0000	0.0000	0.0000	0.0000	0.0000	0.0000	0.0000	0.0000	0.0000	0.0000	0.0000	0.0139	0.0118	0.0021	0.0018	0.0016	0.0001	0.0121	0.0102	0.0019	0.1282	0.0782	0.0499	0.0454	0.0370	0.0084	0.0828	0.0412	0.0416	0.0000	0.0000	0.0000	0.0000	0.0000	0.0000	0.0000	0.0000	0.0000	0.0001	0.0001	0.0001	0.0002	0.0003	0.0000	0.0000	0.0000	0.0001			
10	147	0.2465	10	1	0	2	1	0	0	0	0	N	N	Y	N	N	N	N	N	N	N	N	N	0.0000	0.0000	0.0000	0.0000	0.0000	0.0000	0.0000	0.0000	0.0000	0.0000	0.0000	0.0000	0.0000	0.0000	0.0000	0.0000	0.0000	0.0000	4.6296	0.0001	20.6995	0.0002	0.0001	0.0007	6.5409	0.0001	23.9470	99542.7393	0.0000	1.0808	1.0010	9.0001	10.8665	23.0169	0.0000	0.0000	0.0000	0.0000	0.0000	0.0000	0.0000	0.0000	0.0000	1.9954	0.0000	1.9954	0.0000	0.0000	0.0000	1.9954	0.0000	1.9954	0.0605	0.0516	0.0089	0.0077	0.0071	0.0006	0.0528	0.0444	0.0083	0.4677	0.2859	0.1818	0.1626	0.1325	0.0301	0.3051	0.1534	0.1517	0.0000	0.0000	0.0000	0.0000	0.0000	0.0000	0.0000	0.0000	0.0000	4.2666	0.0001	10.9775	0.0002	0.0001	0.0007	6.5409	0.0001	13.1557	
10	148	0.2212	9	1	0	1	1	0	0	0	0	N	N	N	N	N	N	N	N	N	N	N	N	0.0016	0.0012	0.0000	0.0002	0.0001	0.0000	9.9986	174.5134	0.0000	0.0000	0.0000	0.0000	0.0000	0.0000	0.0000	0.0000	0.0001	0.0000	0.0260	0.0426	0.0000	0.0758	0.0920	0.0000	0.0000	0.0000	0.0000	0.0000	0.0001	-0.0000	-0.0020	1.0010	1.9990	10.8665	7.9526	0.0000	0.0000	0.0000	0.0000	0.0000	0.0000	0.0000	0.0000	0.0000	0.0044	0.0044	0.0000	0.0044	0.0044	0.0000	0.0000	0.0000	0.0000	0.0139	0.0119	0.0021	0.0018	0.0016	0.0001	0.0122	0.0102	0.0020	0.1709	0.1044	0.0664	0.0587	0.0484	0.0104	0.1122	0.0561	0.0561	0.0016	0.0012	0.0000	0.0002	0.0001	0.0000	9.9986	174.5134	0.0000	0.0260	0.0426	0.0000	0.0758	0.0920	0.0000	0.0000	0.0000	0.0000
10	149	0.1893	8	2	1	1	0	0	0	0	0	Y	N	N	N	N	N	N	N	N	N	N	N	1.2925	1.1612	0.0000	0.0672	0.0706	0.0000	2.5480	2.3898	0.0000	0.0081	0.0097	0.0000	0.0007	0.0009	0.0000	0.0108	0.0128	0.0000	0.0063	0.0084	0.0029	0.0106	0.0122	0.0022	0.0042	0.0054	0.0030	0.0000	0.2143	-0.0002	-0.0007	1.0010	5.3497	10.8665	17.2225	0.0004	0.0004	0.0000	0.0000	0.0000	0.0000	0.0004	0.0004	0.0000	0.0025	0.0020	0.0004	0.0014	0.0013	0.0000	0.0011	0.0007	0.0004	0.0443	0.0371	0.0072	0.0116	0.0096	0.0020	0.0327	0.0275	0.0052	0.3946	0.2444	0.1502	0.1289	0.1084	0.0205	0.2657	0.1360	0.1297	1.2925	1.1612	0.0000	0.0672	0.0706	0.0000	2.5480	2.3898	0.0000	0.0063	0.0084	0.0029	0.0106	0.0122	0.0022	0.0042	0.0054	0.0030
10	150	0.2201	9	1	1	1	0	0	0	0	0	N	N	N	N	N	N	N	N	N	N	N	N	0.2519	0.2878	0.0000	0.3481	0.3499	0.0000	0.0155	129.7228	0.0000	0.0074	0.0087	0.0000	0.0200	0.0229	0.0000	0.0002	0.0003	0.0000	0.0296	0.0303	0.0283	0.0575	0.0654	0.0022	0.0154	0.0000	0.0317	0.0000	0.5342	-0.0001	-0.0013	1.0010	3.6794	10.8665	17.4287	0.0003	0.0003	0.0000	0.0003	0.0003	0.0000	0.0000	0.0000	0.0000	0.0118	0.0077	0.0041	0.0077	0.0077	0.0000	0.0041	0.0000	0.0041	0.0412	0.0352	0.0060	0.0150	0.0131	0.0019	0.0262	0.0221	0.0041	0.3995	0.2540	0.1456	0.1346	0.1177	0.0170	0.2649	0.1363	0.1286	0.2519	0.2878	0.0000	0.3481	0.3499	0.0000	0.0155	129.7228	0.0000	0.0296	0.0303	0.0283	0.0575	0.0654	0.0022	0.0154	0.0000	0.0317
10	151	0.1893	8	1	1	1	0	0	0	0	0	N	N	N	N	N	N	N	N	N	N	N	N	0.3063	0.8919	0.0172	1.4483	1.5584	0.5930	0.0943	0.4993	0.0096	0.0154	0.0182	0.0017	0.0357	0.0434	0.0029	0.0060	0.0069	0.0011	0.0503	0.0204	0.1014	0.0246	0.0278	0.0049	0.0636	0.0139	0.1159	0.0197	2.9016	-0.0002	0.0038	1.0010	3.4464	10.8665	10.1316	0.0005	0.0005	0.0000	0.0004	0.0004	0.0000	0.0001	0.0001	0.0000	0.0135	0.0035	0.0100	0.0023	0.0022	0.0001	0.0112	0.0013	0.0100	0.0317	0.0263	0.0054	0.0100	0.0081	0.0019	0.0217	0.0182	0.0035	0.2681	0.1693	0.0989	0.0919	0.0790	0.0129	0.1762	0.0903	0.0860	0.3063	0.8919	0.0172	1.4483	1.5584	0.5930	0.0943	0.4993	0.0096	0.0503	0.0204	0.1014	0.0246	0.0278	0.0049	0.0636	0.0139	0.1159
10	152	0.6166	14	2	1	1	0	0	0	0	0	Y	N	N	N	N	N	N	N	N	N	N	N	0.0000	0.0000	0.0000	0.0000	0.0000	0.0000	0.0000	0.0000	0.0000	0.0000	0.0000	0.0000	0.0000	0.0347	0.0511	0.0000	0.0620	0.0779	0.0000	0.0000	0.0000	0.0000	0.0000	0.0000	-0.0025	1.0010	1.0143	10.8665	12.0086	0.0000	0.0000	0.0000	0.0000	0.0000	0.0000	0.0000	0.0000	0.0000	0.0055	0.0055	0.0000	0.0055	0.0055	0.0000	0.0000	0.0000	0.0000	0.0070	0.0061	0.0009	0.0025	0.0023	0.0002	0.0045	0.0038	0.0007	0.1582	0.1072	0.0509	0.0885	0.0704	0.0181	0.0697	0.0369	0.0328	0.0000	0.0000	0.0000	0.0000	0.0000	0.0000	0.0000	0.0000	0.0000	0.0347	0.0511	0.0000	0.0620	0.0779	0.0000	0.0000	0.0000	0.0000						
10	153	0.6144	13	2	1	1	0	0	0	0	0	Y	N	N	N	N	N	N	N	N	N	N	N	0.0000	0.0000	0.0000	0.0000	0.0000	0.0000	0.0000	0.0000	0.0000	0.0000	0.0000	0.0000	0.0000	0.0000	0.0000	0.0000	0.0000	0.0006	0.0008	0.0003	0.0011	0.0012	0.0005	0.0001	0.0000	0.0002	0.1792	0.0000	-0.0000	1.0010	0.9811	10.8665	0.0216	0.0000	0.0000	0.0000	0.0000	0.0000	0.0000	0.0000	0.0000	0.0000	0.0000	0.0000	0.0000	0.0000	0.0000	0.0000	0.0000	0.0000	0.0000	0.0067	0.0058	0.0009	0.0023	0.0022	0.0002	0.0044	0.0037	0.0007	0.0129	0.0088	0.0041	0.0073	0.0058	0.0015	0.0056	0.0030	0.0027	0.0000	0.0000	0.0000	0.0000	0.0000	0.0000	0.0000	0.0000	0.0000	0.0006	0.0008	0.0003	0.0011	0.0012	0.0005	0.0001	0.0000	0.0002		
10	154	0.6098	12	2	1	1	0	0	0	0	0	Y	N	N	N	N	N	N	N	N	N	N	N	0.0000	0.0000	0.0000	0.0000	0.0000	0.0000	0.0000	0.0000	0.0000	0.0000	0.0000	0.0000	0.0000	0.0000	0.0000	0.0000	0.0000	0.0000	0.0038	0.0001	0.0118	0.0067	0.0001	0.0329	0.0001	0.0000	0.0002	78.3605	0.0000	0.0001	1.0010	0.0083	10.8665	2.0001	0.0000	0.0000	0.0000	0.0000	0.0000	0.0000	0.0000	0.0000	0.0000	0.0001	0.0000	0.0001	0.0001	0.0000	0.0001	0.0000	0.0000	0.0000	0.0001	0.0001	0.0000	0.0000	0.0000	0.0000	0.0000	0.0000	0.0000	0.0265	0.0181	0.0085	0.0150	0.0120	0.0030	0.0116	0.0061	0.0055	0.0000	0.0000	0.0000	0.0000	0.0000	0.0000	0.0000	0.0000	0.0000	0.0038	0.0001	0.0118	0.0067	0.0001	0.0329	0.0001	0.0000	0.0002	
10	155	0.5862	11	1	1	1	0	0	0	0	0	N	N	N	N	N	N	N	N	N	N	N	N	0.0000	0.0000	0.0000	0.0000	0.0000	0.0000	0.0000	0.0000	0.0000	0.0000	0.0000	0.0000	0.0000	0.0000	0.0000	0.0000	0.0000	0.0000	0.5437	0.0000	1.8317	0.8267	0.0001	4.6816	0.1710	0.0000	0.3756	17699.9559	0.0000	0.0466	1.0010	2.9180	10.8665	7.4065	0.0000	0.0000	0.0000	0.0000	0.0000	0.0000	0.0000	0.0000	0.0000	0.0861	0.0000	0.0861	0.0744	0.0000	0.0744	0.0117	0.0000	0.0117	0.0205	0.0177	0.0027	0.0075	0.0068	0.0007	0.0130	0.0109	0.0021	0.1584	0.1114	0.0470	0.0900	0.0741	0.0159	0.0684	0.0372	0.0311	0.0000	0.0000	0.0000	0.0000	0.0000	0.0000	0.0000	0.0000	0.0000	0.5437	0.0000	1.8317	0.8267	0.0001	4.6816	0.1710	0.0000	0.3756	
10	156	0.5204	10	1	0	1	0	0	0	0	0	N	N	N	N	N	N	N	N	N	N	N	N	0.0000	0.0000	0.0000	0.0000	0.0000	0.0000	0.0000	0.0000	0.0000	0.0000	0.0000	0.0000	0.0000	0.0000	0.0000	0.0000	0.0000	0.0000	5.6916	0.9584	31.4726	1.1786	1.4207	0.0170	9.9347	0.0033	44.4293	0.0000	6.3629	-0.0000	0.9231	1.0010	8.2479	10.8665	19.7214	0.0000	0.0000	0.0000	0.0000	0.0000	0.0000	0.0000	0.0000	0.0000	2.2747	0.3089	1.9658	0.3094	0.3086	0.0008	1.9654	0.0003	1.9650	0.0871	0.0761	0.0110	0.0391	0.0354	0.0037	0.0480	0.0407	0.0073	0.4603	0.3224	0.1379	0.2625	0.2172	0.0453	0.1978	0.1052	0.0927	0.0000	0.0000	0.0000	0.0000	0.0000	0.0000	0.0000	0.0000	0.0000	4.9417	0.9584	14.2509	1.1786	1.4207	0.0170	9.9347	0.0033	21.2052
10	157	0.4842	9	1	0	1	0	0	0	0	0	N	N	N	N	N	N	N	N	N	N	N	N	0.0003	0.0005	0.0000	0.0011	0.0010	0.0000	0.0000	0.0000	0.0000	0.0003	0.0004	0.0000	0.0009	0.0010	0.0000	0.0000	0.0000	0.0000	1.0347	0.7214	1.7912	0.8490	1.0402	0.0178	1.3069	0.0330	2.8759	0.0005	1.0283	-0.0000	0.0236	1.0010	7.4725	10.8665	14.3153	0.0000	0.0000	0.0000	0.0000	0.0000	0.0000	0.0000	0.0000	0.0000	0.4851	0.2392	0.2459	0.2367	0.2357	0.0009	0.2485	0.0035	0.2450	0.0609	0.0531	0.0079	0.0218	0.0200	0.0019	0.0391	0.0331	0.0060	0.4689	0.3316	0.1373	0.2787	0.2266	0.0521	0.1901	0.1049	0.0852	0.0003	0.0005	0.0000	0.0011	0.0010	0.0000	0.0000	0.0000	0.0000	1.0347	0.7214	1.7912	0.8490	1.0402	0.0178	1.3069	0.0330	2.8759
10	158	0.4187	8	1	0	1	0	0	0	0	0	N	N	N	N	N	N	N	N	N	N	N	N	0.0004	0.0001	0.0010	0.0001	0.0001	0.0000	0.0003	0.0000	0.0008	0.0002	0.0000	0.0018	0.0000	0.0000	0.0000	0.0003	0.0000	0.0021	0.5411	0.0672	1.7032	0.1008	0.0949	0.1298	1.1022	0.0148	2.4738	73.0615	10.3304	0.0000	0.1597	1.0010	11.6653	10.8665	19.4910	0.0000	0.0000	0.0000	0.0000	0.0000	0.0000	0.0000	0.0000	0.0000	0.3522	0.0311	0.3211	0.0368	0.0287	0.0080	0.3154	0.0024	0.3131	0.0901	0.0787	0.0113	0.0269	0.0253	0.0016	0.0632	0.0535	0.0097	0.6509	0.4624	0.1885	0.3647	0.3028	0.0620	0.2862	0.1596	0.1266	0.0004	0.0001	0.0010	0.0001	0.0001	0.0000	0.0003	0.0000	0.0008	0.5411	0.0672	1.7032	0.1008	0.0949	0.1298	1.1022	0.0148	2.4738
10	159	0.3715	7	1	0	1	0	0	0	0	0	N	N	N	N	N	N	N	N	N	N	N	N	0.0001	0.0001	0.0000	0.0001	0.0001	0.0000	0.0000	0.0003	0.0000	0.0000	0.0000	0.0000	0.0000	0.0000	0.0000	0.0000	0.0000	0.0000	0.1942	0.1961	0.1897	0.2449	0.2869	0.0347	0.1304	0.0198	0.2604	0.0103	0.4075	-0.0000	-0.0215	1.0010	7.3933	10.8665	20.5306	0.0000	0.0000	0.0000	0.0000	0.0000	0.0000	0.0000	0.0000	0.0000	0.1276	0.0906	0.0369	0.0897	0.0875	0.0021	0.0379	0.0031	0.0348	0.0721	0.0633	0.0088	0.0286	0.0265	0.0020	0.0435	0.0368	0.0068	0.6569	0.4621	0.1948	0.3661	0.3051	0.0610	0.2908	0.1571	0.1337	0.0001	0.0001	0.0000	0.0001	0.0001	0.0000	0.0000	0.0003	0.0000	0.1942	0.1961	0.1897	0.2449	0.2869	0.0347	0.1304	0.0198	0.2604
10	160	0.1353	6	1	0	1	0	0	0	0	0	N	N	N	N	N	N	N	N	N	N	N	N	0.0000	0.0000	0.0000	0.0000	0.0000	0.0000	0.0000	0.0003	0.0000	0.0000	0.0000	0.0000	0.0000	0.0000	0.0000	0.0000	0.0000	0.0000	2.2997	0.5994	4.8524	1.1969	1.4903	0.0005	2.7623	0.0168	5.6790	0.0301	5.3922	-0.0000	0.9091	1.0010	27.6416	10.8665	54.6365	0.0000	0.0000	0.0000	0.0000	0.0000	0.0000	0.0000	0.0000	0.0000	2.3602	0.3692	1.9910	0.3630	0.3630	0.0000	1.9972	0.0062	1.9909	0.1596	0.1361	0.0235	0.0140	0.0128	0.0012	0.1456	0.1233	0.0223	1.0263	0.6160	0.4103	0.3033	0.2436	0.0597	0.7230	0.3724	0.3506	0.0000	0.0000	0.0000	0.0000	0.0000	0.0000	0.0000	0.0003	0.0000	2.2997	0.5994	4.8524	1.1969	1.4903	0.0005	2.7623	0.0168	5.6790
10	161	0.2398	12	2	1	1	0	0	0	0	0	Y	N	N	N	N	N	N	N	N	N	N	N	0.0000	0.0000	0.0000	0.0000	0.0000	0.0000	0.0000	0.0000	0.0000	0.0000	0.0000	0.0000	0.0000	0.0000	0.0000	0.0000	0.0000	0.0311	0.0510	0.0000	0.0916	0.1121	0.0000	0.0000	0.0000	0.0000	0.0000	0.0000	-0.0007	1.0010	0.0002	10.8665	3.0099	0.0000	0.0000	0.0000	0.0000	0.0000	0.0000	0.0000	0.0000	0.0000	0.0016	0.0016	0.0000	0.0016	0.0016	0.0000	0.0000	0.0000	0.0000	0.0000	0.0000	0.0000	0.0000	0.0000	0.0000	0.0000	0.0000	0.0000	0.0505	0.0308	0.0197	0.0171	0.0140	0.0031	0.0333	0.0168	0.0166	0.0000	0.0000	0.0000	0.0000	0.0000	0.0000	0.0000	0.0000	0.0000	0.0311	0.0510	0.0000	0.0916	0.1121	0.0000	0.0000	0.0000	0.0000		
10	162	0.2322	11	2	1	1	0	0	0	0	0	Y	N	N	N	N	N	N	N	N	N	N	N	0.0000	0.0000	0.0000	0.0000	0.0000	0.0000	0.0000	0.0000	0.0000	0.0000	0.0000	0.0000	0.0000	0.0000	0.0000	0.0318	0.0526	0.0000	0.0000	0.0000	0.0000	0.0477	0.0952	0.0000	0.0000	0.0000	-0.0007	1.0010	0.9998	10.8665	2.0118	0.0000	0.0000	0.0000	0.0000	0.0000	0.0000	0.0000	0.0000	0.0000	0.0016	0.0016	0.0000	0.0000	0.0000	0.0000	0.0016	0.0016	0.0000	0.0070	0.0059	0.0010	0.0009	0.0008	0.0001	0.0061	0.0051	0.0010	0.0494	0.0298	0.0195	0.0165	0.0134	0.0031	0.0329	0.0165	0.0164	0.0000	0.0000	0.0000	0.0000	0.0000	0.0000	0.0000	0.0000	0.0000	0.0318	0.0526	0.0000	0.0000	0.0000	0.0000	0.0477	0.0952	0.0000				
10	163	0.2322	10	2	1	1	0	0	0	0	0	Y	N	N	N	N	N	N	N	N	N	N	N	0.0000	0.0000	0.0000	0.0000	0.0000	0.0000	0.0000	0.0000	0.0000	0.0000	0.0000	0.0000	0.0000	0.0000	0.0000	0.0000	0.0000	0.0000	0.0000	0.0000	1.0010	0.0000	10.8665	0.0003	0.0000	0.0000	0.0000	0.0000	0.0000	0.0000	0.0000	0.0000	0.0000	0.0000	0.0000	0.0000	0.0000	0.0000	0.0000	0.0000	0.0000	0.0000	0.0000	0.0000	0.0000	0.0000	0.0000	0.0000	0.0000	0.0000	0.0000	0.0000	0.0000	0.0000	0.0000	0.0000	0.0000	0.0000	0.0000	0.0000	0.0000	0.0000	0.0000	0.0000	0.0000	0.0000	0.0000	0.0000	0.0000	0.0000	0.0000	0.0000	0.0000	0.0000	0.0000	0.0000	0.0000	0.0000											
10	164	0.2212	9	1	1	1	0	0	0	0	0	N	N	N	N	N	N	N	N	N	N	N	N	2.0360	9.7737	0.0000	0.3988	0.3698	0.0000	2.6161	16574.0227	0.0000	0.0048	0.0060	0.0000	0.0004	0.0005	0.0000	0.0082	0.0111	0.0000	0.0024	0.0006	0.0052	0.0010	0.0013	0.0000	0.0031	0.0000	0.0062	0.0000	5.2532	-0.0000	0.0001	1.0010	0.0063	10.8665	4.3641	0.0000	0.0000	0.0000	0.0000	0.0000	0.0000	0.0000	0.0000	0.0000	0.0002	0.0000	0.0002	0.0000	0.0000	0.0000	0.0002	0.0000	0.0002	0.0001	0.0001	0.0000	0.0001	0.0000	0.0000	0.0001	0.0001	0.0000	0.0838	0.0519	0.0319	0.0304	0.0254	0.0050	0.0534	0.0265	0.0269	2.0360	9.7737	0.0000	0.3988	0.3698	0.0000	2.6161	16574.0227	0.0000	0.0024	0.0006	0.0052	0.0010	0.0013	0.0000	0.0031	0.0000	0.0062
10	165	0.1893	8	1	0	1	0	0	0	0	0	N	N	N	N	N	N	N	N	N	N	N	N	3.5788	3.0677	0.0018	0.0899	0.0971	0.2972	34.9637	4478.6893	0.0011	0.0142	0.0172	0.0000	0.0009	0.0012	0.0000	0.0218	0.0260	0.0000	0.0040	0.0056	0.0011	0.0103	0.0119	0.0000	0.0006	0.0000	0.0013	0.0000	0.1142	-0.0002	-0.0004	1.0010	2.5207	10.8665	10.0226	0.0004	0.0004	0.0000	0.0000	0.0000	0.0000	0.0004	0.0004	0.0000	0.0010	0.0009	0.0001	0.0009	0.0009	0.0000	0.0001	0.0000	0.0001	0.0255	0.0210	0.0045	0.0093	0.0074	0.0019	0.0162	0.0136	0.0026	0.2530	0.1603	0.0927	0.0874	0.0755	0.0120	0.1656	0.0848	0.0807	3.5788	3.0677	0.0018	0.0899	0.0971	0.2972	34.9637	4478.6893	0.0011	0.0040	0.0056	0.0011	0.0103	0.0119	0.0000	0.0006	0.0000	0.0013
10	166	0.1737	7	1	0	1	0	0	0	0	0	N	N	N	N	N	N	N	N	N	N	N	N	0.2021	0.1653	0.0010	0.0087	0.0083	0.0009	3.7680	738.1488	0.0010	0.0158	0.0183	0.0000	0.0016	0.0018	0.0000	0.0227	0.0274	0.0000	0.0780	0.1107	0.0115	0.1886	0.2124	0.0032	0.0060	0.0000	0.0128	0.0001	0.0508	-0.0002	-0.0062	1.0010	2.6894	10.8665	4.6619	0.0005	0.0005	0.0000	0.0000	0.0000	0.0000	0.0005	0.0005	0.0000	0.0152	0.0145	0.0007	0.0145	0.0145	0.0000	0.0007	0.0000	0.0007	0.0333	0.0287	0.0046	0.0109	0.0102	0.0007	0.0224	0.0185	0.0039	0.1953	0.1310	0.0643	0.0770	0.0683	0.0087	0.1183	0.0627	0.0555	0.2021	0.1653	0.0010	0.0087	0.0083	0.0009	3.7680	738.1488	0.0010	0.0780	0.1107	0.0115	0.1886	0.2124	0.0032	0.0060	0.0000	0.0128
10	167	0.1353	6	1	0	1	0	0	0	0	0	N	N	N	N	N	N	N	N	N	N	N	N	0.0007	0.0005	0.0001	0.0001	0.0001	0.0000	0.0142	1.1061	0.0001	0.0009	0.0010	0.0000	0.0002	0.0002	0.0000	0.0009	0.0011	0.0000	1.2543	1.9921	0.1096	3.4098	4.0761	0.0006	0.0671	0.0010	0.1286	0.0011	0.0355	-0.0000	-0.1200	1.0010	2.7966	10.8665	8.5340	0.0000	0.0000	0.0000	0.0000	0.0000	0.0000	0.0000	0.0000	0.0000	0.2828	0.2731	0.0097	0.2731	0.2731	0.0000	0.0098	0.0001	0.0097	0.0181	0.0153	0.0028	0.0016	0.0015	0.0001	0.0165	0.0138	0.0026	0.2255	0.1371	0.0884	0.0801	0.0670	0.0131	0.1454	0.0701	0.0753	0.0007	0.0005	0.0001	0.0001	0.0001	0.0000	0.0142	1.1061	0.0001	1.2543	1.9921	0.1096	3.4098	4.0761	0.0006	0.0671	0.0010	0.1286
11	12	0.6055	14	2	2	0	2	0	0	0	0	Y	Y	N	Y	N	N	N	N	N	N	N	N	0.0000	0.0000	0.0000	0.0000	0.0000	0.0000	0.0000	0.0000	0.0000	0.0000	0.0000	0.0000	0.0000	0.0000	0.0000	0.0000	0.0000	0.0000	0.0000	0.0000	0.0000	0.9995	4.9998	2.0282	0.0000	0.0000	0.0000	0.0000	0.0000	0.0000	0.0000	0.0000	0.0000	0.0000	0.0000	0.0000	0.0000	0.0000	0.0000	0.0000	0.0000	0.0000	0.0000	0.0000	0.0000	0.0000	0.0000	0.0000	0.0000	0.0000	0.0000	0.0157	0.0106	0.0051	0.0083	0.0069	0.0014	0.0073	0.0036	0.0037	0.0000	0.0000	0.0000	0.0000	0.0000	0.0000	0.0000	0.0000	0.0000	0.0000	0.0000	0.0000	0.0000	0.0000	0.0000	0.0000	0.0000	0.0000											
11	13	0.2044	9	2	1	1	1	0	0	0	0	Y	N	N	N	N	N	N	N	N	N	N	N	0.0000	0.0000	0.0000	0.0000	0.0000	0.0000	0.0000	0.0000	0.0000	0.0000	0.0000	0.0000	0.0000	0.0002	0.0004	0.0000	0.0008	0.0010	0.0000	0.0000	0.0000	0.0000	0.0000	0.0000	-0.0000	0.0000	0.0560	4.9998	10.7426	0.0000	0.0000	0.0000	0.0000	0.0000	0.0000	0.0000	0.0000	0.0000	0.0000	0.0000	0.0000	0.0000	0.0000	0.0000	0.0000	0.0000	0.0000	0.0000	0.0000	0.0000	0.0000	0.0000	0.0000	0.0000	0.0000	0.0000	0.0802	0.0499	0.0303	0.0252	0.0209	0.0043	0.0550	0.0290	0.0260	0.0000	0.0000	0.0000	0.0000	0.0000	0.0000	0.0000	0.0000	0.0000	0.0002	0.0004	0.0000	0.0008	0.0010	0.0000	0.0000	0.0000	0.0000						
11	14	0.1674	9	1	1	1	1	0	0	0	0	N	N	N	N	N	N	N	N	N	N	N	N	0.0000	0.0000	0.0000	0.0000	0.0000	0.0000	0.0000	0.0000	0.0000	0.0000	0.0000	0.0000	0.0000	0.0001	0.0002	0.0000	0.0005	0.0007	0.0000	0.0000	0.0000	0.0000	0.0000	0.0000	-0.0000	0.0000	16.7310	4.9998	15.9078	0.0000	0.0000	0.0000	0.0000	0.0000	0.0000	0.0000	0.0000	0.0000	0.0000	0.0000	0.0000	0.0000	0.0000	0.0000	0.0000	0.0000	0.0000	0.0000	0.0000	0.0000	0.0000	0.0000	0.0000	0.0000	0.0000	0.0000	0.1935	0.1104	0.0830	0.0377	0.0299	0.0077	0.1558	0.0805	0.0753	0.0000	0.0000	0.0000	0.0000	0.0000	0.0000	0.0000	0.0000	0.0000	0.0001	0.0002	0.0000	0.0005	0.0007	0.0000	0.0000	0.0000	0.0000						
11	15	0.4527	10	1	1	1	1	0	0	0	0	N	N	N	N	N	N	N	N	N	N	N	N	0.0000	0.0000	0.0000	0.0000	0.0000	0.0000	0.0000	0.0000	0.0000	0.0000	0.0000	0.0000	0.0000	0.0000	0.0000	0.0000	0.0000	0.0000	0.0000	0.0000	0.0000	10.3367	4.9998	13.9008	0.0000	0.0000	0.0000	0.0000	0.0000	0.0000	0.0000	0.0000	0.0000	0.0000	0.0000	0.0000	0.0000	0.0000	0.0000	0.0000	0.0000	0.0000	0.0000	0.0000	0.0000	0.0000	0.0000	0.0000	0.0000	0.0000	0.0000	0.1895	0.1324	0.0571	0.1030	0.0851	0.0179	0.0865	0.0473	0.0391	0.0000	0.0000	0.0000	0.0000	0.0000	0.0000	0.0000	0.0000	0.0000	0.0000	0.0000	0.0000	0.0000	0.0000	0.0000	0.0000	0.0000	0.0000											
11	16	0.1308	8	1	1	1	1	0	0	0	0	N	N	N	N	N	N	N	N	N	N	N	N	0.0000	0.0000	0.0000	0.0000	0.0000	0.0000	0.0000	0.0000	0.0000	0.0000	0.0000	0.0000	0.0000	0.0000	0.0000	0.0000	0.0000	0.0000	0.0000	0.0000	0.0000	0.0000	inf	0.0000	0.0000	0.0000	12.0000	4.9998	18.8883	0.0000	0.0000	0.0000	0.0000	0.0000	0.0000	0.0000	0.0000	0.0000	0.0000	0.0000	0.0000	0.0000	0.0000	0.0000	0.0000	0.0000	0.0000	0.0000	0.0000	0.0000	0.0000	0.0000	0.0000	0.0000	0.0000	0.0000	0.2070	0.1230	0.0841	0.0415	0.0377	0.0038	0.1655	0.0852	0.0803	0.0000	0.0000	0.0000	0.0000	0.0000	0.0000	0.0000	0.0000	0.0000	0.0000	0.0000	0.0000	0.0000	0.0000	0.0000	0.0000	0.0000	0.0000						
11	17	0.6139	11	2	2	0	1	0	0	0	0	Y	Y	N	N	N	N	N	N	N	N	N	N	0.0000	0.0000	0.0000	0.0000	0.0000	0.0000	0.0000	0.0000	0.0000	0.0000	0.0000	0.0000	0.0000	0.0000	0.0000	0.0000	0.0000	0.0000	0.0000	0.0000	0.0000	3.5868	4.9998	9.0275	0.0000	0.0000	0.0000	0.0000	0.0000	0.0000	0.0000	0.0000	0.0000	0.0000	0.0000	0.0000	0.0000	0.0000	0.0000	0.0000	0.0000	0.0000	0.0000	0.0000	0.0000	0.0000	0.0000	0.0000	0.0000	0.0000	0.0000	0.0759	0.0536	0.0223	0.0501	0.0404	0.0097	0.0258	0.0132	0.0126	0.0000	0.0000	0.0000	0.0000	0.0000	0.0000	0.0000	0.0000	0.0000	0.0000	0.0000	0.0000	0.0000	0.0000	0.0000	0.0000	0.0000	0.0000											
11	18	0.1836	8	2	2	0	1	0	0	0	0	Y	Y	N	N	N	N	N	N	N	N	N	N	0.0000	0.0000	0.0000	0.0000	0.0000	0.0000	0.0000	0.0000	0.0000	0.0000	0.0000	0.0000	0.0000	0.0000	0.0000	0.0000	0.0000	0.0000	0.0000	0.0000	0.0000	3.9981	4.9998	16.5900	0.0000	0.0000	0.0000	0.0000	0.0000	0.0000	0.0000	0.0000	0.0000	0.0000	0.0000	0.0000	0.0000	0.0000	0.0000	0.0000	0.0000	0.0000	0.0000	0.0000	0.0000	0.0000	0.0000	0.0000	0.0000	0.0000	0.0000	0.1430	0.0857	0.0573	0.0344	0.0292	0.0052	0.1086	0.0565	0.0521	0.0000	0.0000	0.0000	0.0000	0.0000	0.0000	0.0000	0.0000	0.0000	0.0000	0.0000	0.0000	0.0000	0.0000	0.0000	0.0000	0.0000	0.0000											
11	19	0.5696	12	1	1	1	2	0	0	0	0	N	N	N	Y	N	N	N	N	N	N	N	N	0.0000	0.0000	0.0000	0.0000	0.0000	0.0000	0.0000	0.0000	0.0000	0.0000	0.0000	0.0000	0.0000	0.0018	0.0027	0.0000	0.0036	0.0044	0.0000	0.0000	0.0000	0.0000	0.0000	0.0000	-0.0000	0.0000	0.0000	4.9998	2.0009	0.0000	0.0000	0.0000	0.0000	0.0000	0.0000	0.0000	0.0000	0.0000	0.0000	0.0000	0.0000	0.0000	0.0000	0.0000	0.0000	0.0000	0.0000	0.0000	0.0000	0.0000	0.0000	0.0000	0.0000	0.0000	0.0000	0.0000	0.0109	0.0073	0.0036	0.0055	0.0046	0.0009	0.0054	0.0028	0.0026	0.0000	0.0000	0.0000	0.0000	0.0000	0.0000	0.0000	0.0000	0.0000	0.0018	0.0027	0.0000	0.0036	0.0044	0.0000	0.0000	0.0000	0.0000						
11	20	0.5840	13	1	1	1	2	0	0	0	0	N	N	N	Y	N	N	N	N	N	N	N	N	0.0000	0.0000	0.0000	0.0000	0.0000	0.0000	0.0000	0.0000	0.0000	0.0000	0.0000	0.0000	0.0000	0.0000	0.0000	0.0000	0.0000	0.0000	0.0000	0.0000	0.0000	14.9999	4.9998	23.4905	0.0000	0.0000	0.0000	0.0000	0.0000	0.0000	0.0000	0.0000	0.0000	0.0000	0.0000	0.0000	0.0000	0.0000	0.0000	0.0000	0.0000	0.0000	0.0000	0.0000	0.0000	0.0000	0.0000	0.0000	0.0000	0.0000	0.0000	0.1748	0.1162	0.0586	0.0867	0.0713	0.0155	0.0881	0.0449	0.0431	0.0000	0.0000	0.0000	0.0000	0.0000	0.0000	0.0000	0.0000	0.0000	0.0000	0.0000	0.0000	0.0000	0.0000	0.0000	0.0000	0.0000	0.0000											
11	21	0.1836	8	1	2	0	1	0	0	0	0	N	Y	N	N	N	N	N	N	N	N	N	N	0.0000	0.0000	0.0000	0.0000	0.0000	0.0000	0.0000	0.0000	0.0000	0.0000	0.0000	0.0000	0.0000	4.8558	9.4597	0.0000	66.6396	102.4015	0.0000	0.0000	0.0000	0.0000	0.0000	0.0000	-0.4583	0.0000	4.9981	4.9998	32.5905	0.0000	0.0000	0.0000	0.0000	0.0000	0.0000	0.0000	0.0000	0.0000	0.9998	0.9998	0.0000	0.9998	0.9998	0.0000	0.0000	0.0000	0.0000	0.0000	0.0000	0.0000	0.0000	0.0000	0.0000	0.0000	0.0000	0.0000	0.2307	0.1354	0.0953	0.0515	0.0427	0.0088	0.1792	0.0927	0.0865	0.0000	0.0000	0.0000	0.0000	0.0000	0.0000	0.0000	0.0000	0.0000	4.3341	7.3833	0.0000	19.4151	23.4102	0.0000	0.0000	0.0000	0.0000						
11	22	0.6139	11	1	2	0	1	0	0	0	0	N	Y	N	N	N	N	N	N	N	N	N	N	0.0000	0.0000	0.0000	0.0000	0.0000	0.0000	0.0000	0.0000	0.0000	0.0000	0.0000	0.0000	0.0000	0.0000	0.0000	0.0000	0.0000	0.0000	0.0000	0.0000	0.0000	12.5677	4.9998	9.8718	0.0000	0.0000	0.0000	0.0000	0.0000	0.0000	0.0000	0.0000	0.0000	0.0000	0.0000	0.0000	0.0000	0.0000	0.0000	0.0000	0.0000	0.0000	0.0000	0.0000	0.0000	0.0000	0.0000	0.0000	0.0000	0.0000	0.0000	0.1175	0.0825	0.0351	0.0758	0.0609	0.0149	0.0418	0.0216	0.0202	0.0000	0.0000	0.0000	0.0000	0.0000	0.0000	0.0000	0.0000	0.0000	0.0000	0.0000	0.0000	0.0000	0.0000	0.0000	0.0000	0.0000	0.0000											
11	23	0.0592	5	1	1	0	2	0	0	0	0	N	N	N	Y	N	N	N	N	N	N	N	N	0.0000	0.0000	0.0000	0.0000	0.0000	0.0000	0.0000	0.0000	0.0000	0.0000	0.0000	0.0000	0.0000	0.0000	0.0000	0.0000	0.0000	0.0000	0.0000	0.0000	0.0000	0.9981	4.9998	0.0014	0.0000	0.0000	0.0000	0.0000	0.0000	0.0000	0.0000	0.0000	0.0000	0.0000	0.0000	0.0000	0.0000	0.0000	0.0000	0.0000	0.0000	0.0000	0.0000	0.0000	0.0000	0.0000	0.0000	0.0000	0.0000	0.0000	0.0000	0.0069	0.0036	0.0032	0.0004	0.0003	0.0001	0.0065	0.0033	0.0032	0.0000	0.0000	0.0000	0.0000	0.0000	0.0000	0.0000	0.0000	0.0000	0.0000	0.0000	0.0000	0.0000	0.0000	0.0000	0.0000	0.0000	0.0000											
11	24	0.1832	8	1	2	0	2	0	0	0	0	N	Y	N	Y	N	N	N	N	N	N	N	N	0.0000	0.0000	0.0000	0.0000	0.0000	0.0000	0.0000	0.0000	0.0000	0.0000	0.0000	0.0000	0.0000	0.0006	0.0009	0.0000	0.0015	0.0018	0.0000	0.0000	0.0000	0.0000	0.0000	0.0000	-0.0000	0.0000	0.6341	4.9998	12.6218	0.0000	0.0000	0.0000	0.0000	0.0000	0.0000	0.0000	0.0000	0.0000	0.0001	0.0001	0.0000	0.0001	0.0001	0.0000	0.0000	0.0000	0.0000	0.0000	0.0000	0.0000	0.0000	0.0000	0.0000	0.0000	0.0000	0.0000	0.1069	0.0695	0.0375	0.0403	0.0336	0.0067	0.0667	0.0359	0.0308	0.0000	0.0000	0.0000	0.0000	0.0000	0.0000	0.0000	0.0000	0.0000	0.0006	0.0009	0.0000	0.0015	0.0018	0.0000	0.0000	0.0000	0.0000						
11	25	0.5537	10	1	2	0	1	0	0	0	0	N	Y	N	N	N	N	N	N	N	N	N	N	0.0000	0.0000	0.0000	0.0000	0.0000	0.0000	0.0000	0.0000	0.0000	0.0000	0.0000	0.0000	0.0000	0.0000	0.0000	0.0000	0.0000	0.2147	0.3014	0.0013	0.1595	0.1888	0.0000	0.2844	0.5235	0.0019	0.0018	0.0000	-0.0152	0.0000	10.0221	4.9998	10.6811	0.0000	0.0000	0.0000	0.0000	0.0000	0.0000	0.0000	0.0000	0.0000	0.0333	0.0332	0.0001	0.0138	0.0138	0.0000	0.0195	0.0194	0.0001	0.0000	0.0000	0.0000	0.0000	0.0000	0.0000	0.0000	0.0000	0.0000	0.1549	0.1101	0.0448	0.0865	0.0731	0.0134	0.0684	0.0371	0.0314	0.0000	0.0000	0.0000	0.0000	0.0000	0.0000	0.0000	0.0000	0.0000	0.2147	0.3014	0.0013	0.1595	0.1888	0.0000	0.2844	0.5235	0.0019		
11	26	0.2176	10	1	2	0	1	0	0	0	0	N	Y	N	N	N	N	N	N	N	N	N	N	0.0000	0.0000	0.0000	0.0000	0.0000	0.0000	0.0000	0.0000	0.0000	0.0000	0.0000	0.0000	0.0000	0.0937	0.1594	0.0000	0.3741	0.4380	0.0000	0.0000	0.0000	0.0000	0.0000	0.0000	-0.0031	0.0000	3.9997	4.9998	5.4032	0.0000	0.0000	0.0000	0.0000	0.0000	0.0000	0.0000	0.0000	0.0000	0.0068	0.0068	0.0000	0.0068	0.0068	0.0000	0.0000	0.0000	0.0000	0.0000	0.0000	0.0000	0.0000	0.0000	0.0000	0.0000	0.0000	0.0000	0.0724	0.0425	0.0298	0.0181	0.0155	0.0026	0.0542	0.0271	0.0272	0.0000	0.0000	0.0000	0.0000	0.0000	0.0000	0.0000	0.0000	0.0000	0.0937	0.1594	0.0000	0.3741	0.4380	0.0000	0.0000	0.0000	0.0000						
11	27	0.5840	13	1	2	0	2	0	0	0	0	N	Y	N	Y	N	N	N	N	N	N	N	N	0.0000	0.0000	0.0000	0.0000	0.0000	0.0000	0.0000	0.0000	0.0000	0.0000	0.0000	0.0000	0.0000	0.0007	0.0011	0.0000	0.0014	0.0018	0.0000	0.0000	0.0000	0.0000	0.0000	0.0000	-0.0000	0.0000	4.9655	4.9998	10.6561	0.0000	0.0000	0.0000	0.0000	0.0000	0.0000	0.0000	0.0000	0.0000	0.0001	0.0001	0.0000	0.0001	0.0001	0.0000	0.0000	0.0000	0.0000	0.0000	0.0000	0.0000	0.0000	0.0000	0.0000	0.0000	0.0000	0.0000	0.0812	0.0542	0.0271	0.0414	0.0343	0.0072	0.0398	0.0199	0.0199	0.0000	0.0000	0.0000	0.0000	0.0000	0.0000	0.0000	0.0000	0.0000	0.0007	0.0011	0.0000	0.0014	0.0018	0.0000	0.0000	0.0000	0.0000						
11	28	0.0643	6	1	2	0	2	0	0	0	0	N	Y	N	Y	N	N	N	N	N	N	N	N	0.0000	0.0000	0.0000	0.0000	0.0000	0.0000	0.0000	0.0000	0.0000	0.0000	0.0000	0.0000	0.0000	0.0000	0.0000	0.0000	0.0000	0.0000	0.0000	0.0000	0.0000	0.0000	4.9998	0.0000	0.0000	0.0000	0.0000	0.0000	0.0000	0.0000	0.0000	0.0000	0.0000	0.0000	0.0000	0.0000	0.0000	0.0000	0.0000	0.0000	0.0000	0.0000	0.0000	0.0000	0.0000	0.0000	0.0000	0.0000	0.0000	0.0000	0.0000	0.0000	0.0000	0.0000	0.0000	0.0000	0.0000	0.0000	0.0000	0.0000	0.0000	0.0000	0.0000	0.0000	0.0000	0.0000	0.0000	0.0000	0.0000	0.0000	0.0000	0.0000	0.0000	0.0000	0.0000	0.0000	0.0000	0.0000											
11	29	0.2036	7	2	2	0	1	0	0	0	0	Y	Y	N	N	N	N	N	N	N	N	N	N	0.0000	0.0000	0.0000	0.0000	0.0000	0.0000	0.0000	0.0000	0.0000	0.0000	0.0000	0.0000	0.0000	0.0000	0.0000	2.0240	2.9963	0.0000	1.4028	1.6775	0.0000	2.4226	4.2324	0.0000	0.0000	0.0000	-0.1293	0.0000	3.9885	4.9998	8.5018	0.0000	0.0000	0.0000	0.0000	0.0000	0.0000	0.0000	0.0000	0.0000	0.2820	0.2820	0.0000	0.0764	0.0764	0.0000	0.2056	0.2056	0.0000	0.0000	0.0000	0.0000	0.0000	0.0000	0.0000	0.0000	0.0000	0.0000	0.1393	0.0941	0.0452	0.0545	0.0455	0.0089	0.0849	0.0486	0.0363	0.0000	0.0000	0.0000	0.0000	0.0000	0.0000	0.0000	0.0000	0.0000	2.0240	2.9963	0.0000	1.4028	1.6775	0.0000	2.4226	4.2324	0.0000				
11	30	0.0864	5	1	2	0	1	0	0	0	0	N	Y	N	N	N	N	N	N	N	N	N	N	0.0000	0.0000	0.0000	0.0000	0.0000	0.0000	0.0000	0.0000	0.0000	0.0000	0.0000	0.0000	0.0000	0.0001	0.0002	0.0000	0.0004	0.0004	0.0000	0.0000	0.0000	0.0000	0.0000	0.0000	-0.0000	0.0000	0.9701	4.9998	4.0208	0.0000	0.0000	0.0000	0.0000	0.0000	0.0000	0.0000	0.0000	0.0000	0.0000	0.0000	0.0000	0.0000	0.0000	0.0000	0.0000	0.0000	0.0000	0.0000	0.0000	0.0000	0.0000	0.0000	0.0000	0.0000	0.0000	0.0000	0.0750	0.0496	0.0254	0.0260	0.0248	0.0012	0.0490	0.0248	0.0243	0.0000	0.0000	0.0000	0.0000	0.0000	0.0000	0.0000	0.0000	0.0000	0.0001	0.0002	0.0000	0.0004	0.0004	0.0000	0.0000	0.0000	0.0000						
11	31	0.1691	7	1	1	0	2	0	0	0	0	N	N	N	Y	N	N	N	N	N	N	N	N	0.0000	0.0000	0.0000	0.0000	0.0000	0.0000	0.0000	0.0000	0.0000	0.0000	0.0000	0.0000	0.0000	0.0015	0.0024	0.0000	0.0045	0.0054	0.0000	0.0000	0.0000	0.0000	0.0000	0.0000	-0.0001	0.0000	5.0045	4.9998	16.6627	0.0000	0.0000	0.0000	0.0000	0.0000	0.0000	0.0000	0.0000	0.0000	0.0002	0.0002	0.0000	0.0002	0.0002	0.0000	0.0000	0.0000	0.0000	0.0000	0.0000	0.0000	0.0000	0.0000	0.0000	0.0000	0.0000	0.0000	0.1481	0.0932	0.0549	0.0493	0.0409	0.0083	0.0988	0.0522	0.0465	0.0000	0.0000	0.0000	0.0000	0.0000	0.0000	0.0000	0.0000	0.0000	0.0015	0.0024	0.0000	0.0045	0.0054	0.0000	0.0000	0.0000	0.0000						
11	32	0.7113	13	2	1	1	1	0	0	0	0	Y	N	N	N	N	N	N	N	N	N	N	N	0.0000	0.0000	0.0000	0.0000	0.0000	0.0000	0.0000	0.0000	0.0000	0.0000	0.0000	0.0000	0.0000	0.0088	0.0000	0.0296	0.0000	0.0000	0.0000	0.0265	0.0000	0.0526	inf	0.0000	0.0000	0.0000	1.4893	4.9998	0.0050	0.0000	0.0000	0.0000	0.0000	0.0000	0.0000	0.0000	0.0000	0.0000	0.0001	0.0000	0.0001	0.0000	0.0000	0.0000	0.0001	0.0000	0.0001	0.0000	0.0000	0.0000	0.0000	0.0000	0.0000	0.0000	0.0000	0.0000	0.0079	0.0056	0.0024	0.0053	0.0042	0.0010	0.0026	0.0013	0.0013	0.0000	0.0000	0.0000	0.0000	0.0000	0.0000	0.0000	0.0000	0.0000	0.0088	0.0000	0.0296	0.0000	0.0000	0.0000	0.0265	0.0000	0.0526						
11	33	0.1946	9	2	1	1	1	0	0	0	0	Y	N	N	N	N	N	N	N	N	N	N	N	0.0000	0.0000	0.0000	0.0000	0.0000	0.0000	0.0000	0.0000	0.0000	0.0000	0.0000	0.0000	0.0000	0.0099	0.0179	0.0000	0.0735	0.0826	0.0000	0.0000	0.0000	0.0000	0.0000	0.0000	-0.0002	0.0000	0.9855	4.9998	5.0251	0.0000	0.0000	0.0000	0.0000	0.0000	0.0000	0.0000	0.0000	0.0000	0.0004	0.0004	0.0000	0.0004	0.0004	0.0000	0.0000	0.0000	0.0000	0.0000	0.0000	0.0000	0.0000	0.0000	0.0000	0.0000	0.0000	0.0000	0.0413	0.0229	0.0184	0.0056	0.0050	0.0006	0.0357	0.0179	0.0178	0.0000	0.0000	0.0000	0.0000	0.0000	0.0000	0.0000	0.0000	0.0000	0.0099	0.0179	0.0000	0.0735	0.0826	0.0000	0.0000	0.0000	0.0000						
11	34	0.1674	9	1	2	0	1	0	0	0	0	N	Y	N	N	N	N	N	N	N	N	N	N	0.0000	0.0000	0.0000	0.0000	0.0000	0.0000	0.0000	0.0000	0.0000	0.0000	0.0000	0.0000	0.0000	0.0000	0.0000	0.0000	0.0000	0.0000	0.0000	0.0000	0.0000	2.0026	4.9998	4.0175	0.0000	0.0000	0.0000	0.0000	0.0000	0.0000	0.0000	0.0000	0.0000	0.0000	0.0000	0.0000	0.0000	0.0000	0.0000	0.0000	0.0000	0.0000	0.0000	0.0000	0.0000	0.0000	0.0000	0.0000	0.0000	0.0000	0.0000	0.0493	0.0298	0.0195	0.0134	0.0113	0.0021	0.0359	0.0185	0.0174	0.0000	0.0000	0.0000	0.0000	0.0000	0.0000	0.0000	0.0000	0.0000	0.0000	0.0000	0.0000	0.0000	0.0000	0.0000	0.0000	0.0000	0.0000											
11	35	0.1674	8	1	1	0	1	0	0	0	0	N	N	N	N	N	N	N	N	N	N	N	N	0.0000	0.0000	0.0000	0.0000	0.0000	0.0000	0.0000	0.0000	0.0000	0.0000	0.0000	0.0000	0.0000	0.0000	0.0000	0.0016	0.0025	0.0000	0.0022	0.0025	0.0000	0.0013	0.0025	0.0000	0.0000	0.0000	-0.0000	0.0000	0.4148	4.9998	1.5497	0.0000	0.0000	0.0000	0.0000	0.0000	0.0000	0.0000	0.0000	0.0000	0.0000	0.0000	0.0000	0.0000	0.0000	0.0000	0.0000	0.0000	0.0000	0.0000	0.0000	0.0000	0.0000	0.0000	0.0000	0.0000	0.0000	0.0000	0.0246	0.0160	0.0085	0.0091	0.0080	0.0011	0.0155	0.0081	0.0074	0.0000	0.0000	0.0000	0.0000	0.0000	0.0000	0.0000	0.0000	0.0000	0.0016	0.0025	0.0000	0.0022	0.0025	0.0000	0.0013	0.0025	0.0000				
11	36	0.1096	6	1	2	0	1	0	0	0	0	N	Y	N	N	N	N	N	N	N	N	N	N	0.0000	0.0000	0.0000	0.0000	0.0000	0.0000	0.0000	0.0000	0.0000	0.0000	0.0000	0.0000	0.0000	0.0000	0.0000	0.0000	0.0000	0.0000	0.0000	0.0000	0.0000	7.9964	4.9998	23.6501	0.0000	0.0000	0.0000	0.0000	0.0000	0.0000	0.0000	0.0000	0.0000	0.0000	0.0000	0.0000	0.0000	0.0000	0.0000	0.0000	0.0000	0.0000	0.0000	0.0000	0.0000	0.0000	0.0000	0.0000	0.0000	0.0000	0.0000	0.1905	0.1060	0.0845	0.0241	0.0211	0.0030	0.1665	0.0849	0.0816	0.0000	0.0000	0.0000	0.0000	0.0000	0.0000	0.0000	0.0000	0.0000	0.0000	0.0000	0.0000	0.0000	0.0000	0.0000	0.0000	0.0000	0.0000											
11	37	0.1836	8	2	2	0	1	0	0	0	0	Y	Y	N	N	N	N	N	N	N	N	N	N	0.0000	0.0000	0.0000	0.0000	0.0000	0.0000	0.0000	0.0000	0.0000	0.0000	0.0000	0.0000	0.0000	0.0000	0.0000	0.0000	0.0000	0.0000	0.0000	0.0000	0.0000	6.9981	4.9998	25.9787	0.0000	0.0000	0.0000	0.0000	0.0000	0.0000	0.0000	0.0000	0.0000	0.0000	0.0000	0.0000	0.0000	0.0000	0.0000	0.0000	0.0000	0.0000	0.0000	0.0000	0.0000	0.0000	0.0000	0.0000	0.0000	0.0000	0.0000	0.2081	0.1226	0.0855	0.0472	0.0393	0.0079	0.1609	0.0833	0.0776	0.0000	0.0000	0.0000	0.0000	0.0000	0.0000	0.0000	0.0000	0.0000	0.0000	0.0000	0.0000	0.0000	0.0000	0.0000	0.0000	0.0000	0.0000											
11	38	0.1674	8	1	2	0	1	0	0	0	0	N	Y	N	N	N	N	N	N	N	N	N	N	0.0000	0.0000	0.0000	0.0000	0.0000	0.0000	0.0000	0.0000	0.0000	0.0000	0.0000	0.0000	0.0000	0.0002	0.0003	0.0000	0.0009	0.0011	0.0000	0.0000	0.0000	0.0000	0.0000	0.0000	-0.0000	0.0000	4.7553	4.9998	10.1994	0.0000	0.0000	0.0000	0.0000	0.0000	0.0000	0.0000	0.0000	0.0000	0.0000	0.0000	0.0000	0.0000	0.0000	0.0000	0.0000	0.0000	0.0000	0.0000	0.0000	0.0000	0.0000	0.0000	0.0000	0.0000	0.0000	0.0000	0.1011	0.0587	0.0424	0.0223	0.0181	0.0042	0.0788	0.0406	0.0383	0.0000	0.0000	0.0000	0.0000	0.0000	0.0000	0.0000	0.0000	0.0000	0.0002	0.0003	0.0000	0.0009	0.0011	0.0000	0.0000	0.0000	0.0000						
11	39	0.1096	6	2	2	0	1	0	0	0	0	Y	Y	N	N	N	N	N	N	N	N	N	N	0.0000	0.0000	0.0000	0.0000	0.0000	0.0000	0.0000	0.0000	0.0000	0.0000	0.0000	0.0000	0.0000	0.0000	0.0000	0.0000	0.0000	0.0000	0.0000	0.0000	0.0000	5.0000	4.9998	27.3229	0.0000	0.0000	0.0000	0.0000	0.0000	0.0000	0.0000	0.0000	0.0000	0.0000	0.0000	0.0000	0.0000	0.0000	0.0000	0.0000	0.0000	0.0000	0.0000	0.0000	0.0000	0.0000	0.0000	0.0000	0.0000	0.0000	0.0000	0.1938	0.1078	0.0860	0.0244	0.0214	0.0030	0.1694	0.0865	0.0830	0.0000	0.0000	0.0000	0.0000	0.0000	0.0000	0.0000	0.0000	0.0000	0.0000	0.0000	0.0000	0.0000	0.0000	0.0000	0.0000	0.0000	0.0000											
11	40	0.1836	8	1	2	0	1	0	0	0	0	N	Y	N	N	N	N	N	N	N	N	N	N	0.0000	0.0000	0.0000	0.0000	0.0000	0.0000	0.0000	0.0000	0.0000	0.0000	0.0000	0.0000	0.0000	0.0000	0.0000	0.0000	0.0000	0.0000	0.0000	0.0000	0.0000	7.0019	4.9998	21.4344	0.0000	0.0000	0.0000	0.0000	0.0000	0.0000	0.0000	0.0000	0.0000	0.0000	0.0000	0.0000	0.0000	0.0000	0.0000	0.0000	0.0000	0.0000	0.0000	0.0000	0.0000	0.0000	0.0000	0.0000	0.0000	0.0000	0.0000	0.1850	0.1095	0.0755	0.0427	0.0357	0.0069	0.1423	0.0738	0.0686	0.0000	0.0000	0.0000	0.0000	0.0000	0.0000	0.0000	0.0000	0.0000	0.0000	0.0000	0.0000	0.0000	0.0000	0.0000	0.0000	0.0000	0.0000											
11	41	0.6139	11	1	2	0	1	0	0	0	0	N	Y	N	N	N	N	N	N	N	N	N	N	0.0000	0.0000	0.0000	0.0000	0.0000	0.0000	0.0000	0.0000	0.0000	0.0000	0.0000	0.0000	0.0000	0.0007	0.0000	0.0023	0.0000	0.0000	0.0000	0.0020	0.0000	0.0040	inf	0.0000	0.0000	0.0000	8.1446	4.9998	10.2519	0.0000	0.0000	0.0000	0.0000	0.0000	0.0000	0.0000	0.0000	0.0000	0.0001	0.0000	0.0001	0.0000	0.0000	0.0000	0.0001	0.0000	0.0001	0.0000	0.0000	0.0000	0.0000	0.0000	0.0000	0.0000	0.0000	0.0000	0.1024	0.0720	0.0304	0.0665	0.0535	0.0130	0.0359	0.0185	0.0174	0.0000	0.0000	0.0000	0.0000	0.0000	0.0000	0.0000	0.0000	0.0000	0.0007	0.0000	0.0023	0.0000	0.0000	0.0000	0.0020	0.0000	0.0040						
11	42	0.1836	8	1	2	0	1	0	0	0	0	N	Y	N	N	N	N	N	N	N	N	N	N	0.0000	0.0000	0.0000	0.0000	0.0000	0.0000	0.0000	0.0000	0.0000	0.0000	0.0000	0.0000	0.0000	0.0000	0.0000	0.0000	0.0000	0.0000	0.0000	0.0000	0.0000	5.9981	4.9998	11.5875	0.0000	0.0000	0.0000	0.0000	0.0000	0.0000	0.0000	0.0000	0.0000	0.0000	0.0000	0.0000	0.0000	0.0000	0.0000	0.0000	0.0000	0.0000	0.0000	0.0000	0.0000	0.0000	0.0000	0.0000	0.0000	0.0000	0.0000	0.1262	0.0762	0.0499	0.0311	0.0266	0.0045	0.0951	0.0497	0.0454	0.0000	0.0000	0.0000	0.0000	0.0000	0.0000	0.0000	0.0000	0.0000	0.0000	0.0000	0.0000	0.0000	0.0000	0.0000	0.0000	0.0000	0.0000											
11	43	0.2673	8	1	2	1	2	0	0	0	0	N	Y	N	Y	N	N	N	N	N	N	N	N	0.0000	0.0000	0.0000	0.0000	0.0000	0.0000	0.0000	0.0000	0.0000	0.0000	0.0000	0.0000	0.0000	0.0000	0.0000	0.0000	0.0000	24.2610	0.0586	170.1537	1.0534	0.0000	15.0900	28.4749	0.1511	150.1487	334.0012	0.0000	0.3140	0.0000	1.0007	4.9998	2.4334	0.0000	0.0000	0.0000	0.0000	0.0000	0.0000	0.0000	0.0000	0.0000	0.5829	0.0017	0.5812	0.0210	0.0000	0.0210	0.5619	0.0017	0.5601	0.0000	0.0000	0.0000	0.0000	0.0000	0.0000	0.0000	0.0000	0.0000	0.0397	0.0297	0.0100	0.0200	0.0182	0.0018	0.0197	0.0115	0.0082	0.0000	0.0000	0.0000	0.0000	0.0000	0.0000	0.0000	0.0000	0.0000	14.6788	0.0586	57.9845	1.0534	0.0000	11.6436	28.4749	0.1511	68.1800		
11	44	0.2301	7	1	1	0	2	0	0	0	0	N	N	N	Y	N	N	N	N	N	N	N	N	0.0000	0.0000	0.0000	0.0000	0.0000	0.0000	0.0000	0.0000	0.0000	0.0000	0.0000	0.0000	0.0000	0.0000	0.0000	0.0000	0.0000	0.0000	11.9813	14.8801	5.6267	3.6725	3.3297	5.6223	13.5892	21.0471	5.6282	0.2607	0.0000	-0.3735	0.0000	1.0391	4.9998	15.0482	0.0000	0.0000	0.0000	0.0000	0.0000	0.0000	0.0000	0.0000	0.0000	1.4847	1.1776	0.3070	0.3364	0.2594	0.0770	1.1483	0.9182	0.2300	0.0000	0.0000	0.0000	0.0000	0.0000	0.0000	0.0000	0.0000	0.0000	0.1761	0.1215	0.0546	0.0916	0.0779	0.0137	0.0845	0.0436	0.0409	0.0000	0.0000	0.0000	0.0000	0.0000	0.0000	0.0000	0.0000	0.0000	8.4308	9.6898	5.6267	3.6725	3.3297	5.6223	13.5892	21.0471	5.6282	
11	45	0.1096	6	1	2	0	1	0	0	0	0	N	Y	N	N	N	N	N	N	N	N	N	N	0.0000	0.0000	0.0000	0.0000	0.0000	0.0000	0.0000	0.0000	0.0000	0.0000	0.0000	0.0000	0.0000	0.0000	0.0000	0.0000	0.0000	0.0000	0.0000	0.0000	0.0000	12.0036	4.9998	21.9053	0.0000	0.0000	0.0000	0.0000	0.0000	0.0000	0.0000	0.0000	0.0000	0.0000	0.0000	0.0000	0.0000	0.0000	0.0000	0.0000	0.0000	0.0000	0.0000	0.0000	0.0000	0.0000	0.0000	0.0000	0.0000	0.0000	0.0000	0.2040	0.1134	0.0906	0.0254	0.0222	0.0032	0.1786	0.0912	0.0873	0.0000	0.0000	0.0000	0.0000	0.0000	0.0000	0.0000	0.0000	0.0000	0.0000	0.0000	0.0000	0.0000	0.0000	0.0000	0.0000	0.0000	0.0000											
11	46	0.5910	14	2	2	0	1	0	0	0	0	Y	Y	N	N	N	N	N	N	N	N	N	N	0.0000	0.0000	0.0000	0.0000	0.0000	0.0000	0.0000	0.0000	0.0000	0.0000	0.0000	0.0000	0.0000	0.0000	0.0000	0.0000	0.0000	0.0000	0.0000	0.0000	0.0000	2.0120	4.9998	1.9924	0.0000	0.0000	0.0000	0.0000	0.0000	0.0000	0.0000	0.0000	0.0000	0.0000	0.0000	0.0000	0.0000	0.0000	0.0000	0.0000	0.0000	0.0000	0.0000	0.0000	0.0000	0.0000	0.0000	0.0000	0.0000	0.0000	0.0000	0.0194	0.0130	0.0064	0.0101	0.0084	0.0018	0.0092	0.0046	0.0046	0.0000	0.0000	0.0000	0.0000	0.0000	0.0000	0.0000	0.0000	0.0000	0.0000	0.0000	0.0000	0.0000	0.0000	0.0000	0.0000	0.0000	0.0000											
11	47	0.0203	2	2	2	0	1	0	0	0	0	Y	Y	N	N	N	N	N	N	N	N	N	N	0.0000	0.0000	0.0000	0.0000	0.0000	0.0000	0.0000	0.0000	0.0000	0.0000	0.0000	0.0000	0.0000	0.0000	0.0000	0.0000	0.0000	81.4398	0.0000	214.7946	0.3999	0.0002	56.1323	35.7862	0.0000	150.9738	16929778.0363	0.0000	0.5392	0.0000	0.0002	4.9998	4.0036	0.0000	0.0000	0.0000	0.0000	0.0000	0.0000	0.0000	0.0000	0.0000	0.9955	0.0000	0.9955	0.0001	0.0000	0.0001	0.9954	0.0000	0.9954	0.0000	0.0000	0.0000	0.0000	0.0000	0.0000	0.0000	0.0000	0.0000	0.0281	0.0146	0.0135	0.0003	0.0003	0.0000	0.0278	0.0143	0.0135	0.0000	0.0000	0.0000	0.0000	0.0000	0.0000	0.0000	0.0000	0.0000	35.4084	0.0000	73.8088	0.3999	0.0002	27.6118	35.7862	0.0000	73.8237		
11	48	0.1096	6	1	2	0	2	0	0	0	0	N	Y	N	Y	N	N	N	N	N	N	N	N	0.0000	0.0000	0.0000	0.0000	0.0000	0.0000	0.0000	0.0000	0.0000	0.0000	0.0000	0.0000	0.0000	0.0000	0.0000	0.0000	0.0000	0.0000	0.0000	0.0000	0.0000	6.0036	4.9998	51.7820	0.0000	0.0000	0.0000	0.0000	0.0000	0.0000	0.0000	0.0000	0.0000	0.0000	0.0000	0.0000	0.0000	0.0000	0.0000	0.0000	0.0000	0.0000	0.0000	0.0000	0.0000	0.0000	0.0000	0.0000	0.0000	0.0000	0.0000	0.3058	0.1701	0.1357	0.0355	0.0304	0.0050	0.2703	0.1397	0.1306	0.0000	0.0000	0.0000	0.0000	0.0000	0.0000	0.0000	0.0000	0.0000	0.0000	0.0000	0.0000	0.0000	0.0000	0.0000	0.0000	0.0000	0.0000											
11	49	0.1096	6	2	2	0	1	0	0	0	0	Y	Y	N	N	N	N	N	N	N	N	N	N	0.0000	0.0000	0.0000	0.0000	0.0000	0.0000	0.0000	0.0000	0.0000	0.0000	0.0000	0.0000	0.0000	4.7422	0.0000	16.1984	0.0000	0.0000	0.0000	4.8838	0.0000	12.7607	inf	0.0000	0.5416	0.0000	5.9964	4.9998	34.6547	0.0000	0.0000	0.0000	0.0000	0.0000	0.0000	0.0000	0.0000	0.0000	1.0000	0.0000	1.0000	0.0000	0.0000	0.0000	1.0000	0.0000	1.0000	0.0000	0.0000	0.0000	0.0000	0.0000	0.0000	0.0000	0.0000	0.0000	0.2330	0.1295	0.1035	0.0283	0.0245	0.0037	0.2048	0.1050	0.0998	0.0000	0.0000	0.0000	0.0000	0.0000	0.0000	0.0000	0.0000	0.0000	4.2915	0.0000	9.6609	0.0000	0.0000	0.0000	4.8838	0.0000	10.0222						
11	50	0.1992	7	1	1	1	1	0	0	0	0	N	N	N	N	N	N	N	N	N	N	N	N	0.0000	0.0000	0.0000	0.0000	0.0000	0.0000	0.0000	0.0000	0.0000	0.0000	0.0000	0.0000	0.0000	0.0000	0.0000	0.0000	0.0351	0.0545	0.0000	0.1012	0.1204	0.0000	0.0000	0.0000	0.0000	0.0000	0.0000	-0.0071	0.0000	31.2093	4.9998	46.3939	0.0000	0.0000	0.0000	0.0000	0.0000	0.0000	0.0000	0.0000	0.0000	0.0155	0.0155	0.0000	0.0155	0.0155	0.0000	0.0000	0.0000	0.0000	0.0000	0.0000	0.0000	0.0000	0.0000	0.0000	0.0000	0.0000	0.0000	0.4410	0.2841	0.1569	0.1530	0.1287	0.0243	0.2880	0.1554	0.1326	0.0000	0.0000	0.0000	0.0000	0.0000	0.0000	0.0000	0.0000	0.0000	0.0351	0.0545	0.0000	0.1012	0.1204	0.0000	0.0000	0.0000	0.0000			
11	51	0.1464	7	1	2	0	1	0	0	0	0	N	Y	N	N	N	N	N	N	N	N	N	N	0.0000	0.0000	0.0000	0.0000	0.0000	0.0000	0.0000	0.0000	0.0000	0.0000	0.0000	0.0000	0.0000	0.0000	0.0000	0.0000	0.0000	6.0855	10.6117	0.0000	0.0047	0.0054	0.0000	8.4134	16.4563	0.0000	0.0000	0.0000	-0.4502	0.0000	4.1516	4.9998	14.5664	0.0000	0.0000	0.0000	0.0000	0.0000	0.0000	0.0000	0.0000	0.0000	0.9822	0.9822	0.0000	0.0003	0.0003	0.0000	0.9818	0.9818	0.0000	0.0000	0.0000	0.0000	0.0000	0.0000	0.0000	0.0000	0.0000	0.0000	0.1904	0.1245	0.0659	0.0737	0.0648	0.0089	0.1167	0.0597	0.0570	0.0000	0.0000	0.0000	0.0000	0.0000	0.0000	0.0000	0.0000	0.0000	5.1576	7.8890	0.0000	0.0047	0.0054	0.0000	8.4134	16.4563	0.0000		
11	52	0.2269	9	2	1	1	1	0	0	0	0	Y	N	N	N	N	N	N	N	N	N	N	N	0.0000	0.0000	0.0000	0.0000	0.0000	0.0000	0.0000	0.0000	0.0000	0.0000	0.0000	0.0000	0.0000	0.0000	0.0000	0.0000	0.0000	0.0000	0.0000	0.0000	0.0000	0.0028	4.9998	0.9232	0.0000	0.0000	0.0000	0.0000	0.0000	0.0000	0.0000	0.0000	0.0000	0.0000	0.0000	0.0000	0.0000	0.0000	0.0000	0.0000	0.0000	0.0000	0.0000	0.0000	0.0000	0.0000	0.0000	0.0000	0.0000	0.0000	0.0000	0.0087	0.0058	0.0029	0.0029	0.0026	0.0003	0.0058	0.0032	0.0026	0.0000	0.0000	0.0000	0.0000	0.0000	0.0000	0.0000	0.0000	0.0000	0.0000	0.0000	0.0000	0.0000	0.0000	0.0000	0.0000	0.0000	0.0000											
11	53	0.6062	13	1	2	0	1	0	0	0	0	N	Y	N	N	N	N	N	N	N	N	N	N	0.0000	0.0000	0.0000	0.0000	0.0000	0.0000	0.0000	0.0000	0.0000	0.0000	0.0000	0.0000	0.0000	0.0000	0.0000	0.0000	0.0078	0.0112	0.0009	0.0131	0.0159	0.0000	0.0007	0.0000	0.0013	0.0403	0.0000	-0.0007	0.0000	8.5400	4.9998	19.3759	0.0000	0.0000	0.0000	0.0000	0.0000	0.0000	0.0000	0.0000	0.0000	0.0015	0.0015	0.0001	0.0015	0.0015	0.0000	0.0001	0.0000	0.0001	0.0000	0.0000	0.0000	0.0000	0.0000	0.0000	0.0000	0.0000	0.0000	0.1980	0.1334	0.0646	0.1138	0.0937	0.0201	0.0841	0.0396	0.0445	0.0000	0.0000	0.0000	0.0000	0.0000	0.0000	0.0000	0.0000	0.0000	0.0078	0.0112	0.0009	0.0131	0.0159	0.0000	0.0007	0.0000	0.0013			
11	54	0.5432	12	1	1	0	1	0	0	0	0	N	N	N	N	N	N	N	N	N	N	N	N	0.0000	0.0000	0.0000	0.0000	0.0000	0.0000	0.0000	0.0000	0.0000	0.0000	0.0000	0.0000	0.0000	0.0000	0.0000	0.0000	0.0000	0.0000	0.0107	0.0150	0.0018	0.0082	0.0099	0.0000	0.0137	0.0247	0.0025	0.0574	0.0000	-0.0010	0.0000	7.3474	4.9998	24.2346	0.0000	0.0000	0.0000	0.0000	0.0000	0.0000	0.0000	0.0000	0.0000	0.0026	0.0024	0.0001	0.0010	0.0010	0.0000	0.0015	0.0014	0.0001	0.0000	0.0000	0.0000	0.0000	0.0000	0.0000	0.0000	0.0000	0.0000	0.2398	0.1626	0.0772	0.1284	0.1063	0.0221	0.1114	0.0563	0.0551	0.0000	0.0000	0.0000	0.0000	0.0000	0.0000	0.0000	0.0000	0.0000	0.0107	0.0150	0.0018	0.0082	0.0099	0.0000	0.0137	0.0247	0.0025	
11	55	0.5134	11	1	1	0	1	0	0	0	0	N	N	N	N	N	N	N	N	N	N	N	N	0.0000	0.0000	0.0000	0.0000	0.0000	0.0000	0.0000	0.0000	0.0000	0.0000	0.0000	0.0000	0.0000	0.0000	0.0000	0.0000	0.0000	0.0000	0.0192	0.0243	0.0074	0.0247	0.0289	0.0000	0.0129	0.0153	0.0101	0.1308	0.0000	-0.0013	0.0000	3.4216	4.9998	15.9376	0.0000	0.0000	0.0000	0.0000	0.0000	0.0000	0.0000	0.0000	0.0000	0.0039	0.0034	0.0004	0.0027	0.0027	0.0000	0.0012	0.0007	0.0004	0.0000	0.0000	0.0000	0.0000	0.0000	0.0000	0.0000	0.0000	0.0000	0.2020	0.1416	0.0604	0.1089	0.0929	0.0160	0.0931	0.0487	0.0444	0.0000	0.0000	0.0000	0.0000	0.0000	0.0000	0.0000	0.0000	0.0000	0.0192	0.0243	0.0074	0.0247	0.0289	0.0000	0.0129	0.0153	0.0101	
11	56	0.2301	7	1	2	0	1	0	0	0	0	N	Y	N	N	N	N	N	N	N	N	N	N	0.0000	0.0000	0.0000	0.0000	0.0000	0.0000	0.0000	0.0000	0.0000	0.0000	0.0000	0.0000	0.0000	0.0000	0.0000	0.0000	0.0000	5.2557	8.3946	0.0000	3.7832	4.4637	0.0000	5.3962	10.4639	0.0000	0.0000	0.0000	-0.4243	0.0000	0.9891	4.9998	20.6926	0.0000	0.0000	0.0000	0.0000	0.0000	0.0000	0.0000	0.0000	0.0000	0.9258	0.9258	0.0000	0.3764	0.3764	0.0000	0.5494	0.5494	0.0000	0.0000	0.0000	0.0000	0.0000	0.0000	0.0000	0.0000	0.0000	0.0000	0.2013	0.1368	0.0645	0.0995	0.0843	0.0152	0.1018	0.0525	0.0493	0.0000	0.0000	0.0000	0.0000	0.0000	0.0000	0.0000	0.0000	0.0000	4.5990	6.7661	0.0000	3.7832	4.4637	0.0000	5.3962	10.4639	0.0000		
11	57	0.1096	6	1	1	0	1	0	0	0	0	N	N	N	N	N	N	N	N	N	N	N	N	0.0000	0.0000	0.0000	0.0000	0.0000	0.0000	0.0000	0.0000	0.0000	0.0000	0.0000	0.0000	0.0000	0.0000	0.0000	0.0000	0.0000	2.1724	1.9862	2.4052	0.0000	0.0000	0.0000	2.4680	2.4416	2.4958	0.9679	0.0000	0.0181	0.0000	5.0326	4.9998	39.3193	0.0000	0.0000	0.0000	0.0000	0.0000	0.0000	0.0000	0.0000	0.0000	0.5422	0.2755	0.2667	0.0000	0.0000	0.0000	0.5422	0.2755	0.2667	0.0000	0.0000	0.0000	0.0000	0.0000	0.0000	0.0000	0.0000	0.0000	0.2496	0.1387	0.1109	0.0299	0.0259	0.0040	0.2197	0.1129	0.1069	0.0000	0.0000	0.0000	0.0000	0.0000	0.0000	0.0000	0.0000	0.0000	2.1724	1.9862	2.4052	0.0000	0.0000	0.0000	2.4680	2.4416	2.4958		
11	58	0.1096	6	1	2	0	2	0	0	0	0	N	Y	N	Y	N	N	N	N	N	N	N	N	0.0000	0.0000	0.0000	0.0000	0.0000	0.0000	0.0000	0.0000	0.0000	0.0000	0.0000	0.0000	0.0000	0.0000	0.0000	0.0000	0.0000	0.0000	0.0000	0.0000	0.0000	5.0036	4.9998	36.7244	0.0000	0.0000	0.0000	0.0000	0.0000	0.0000	0.0000	0.0000	0.0000	0.0000	0.0000	0.0000	0.0000	0.0000	0.0000	0.0000	0.0000	0.0000	0.0000	0.0000	0.0000	0.0000	0.0000	0.0000	0.0000	0.0000	0.0000	0.2379	0.1322	0.1057	0.0287	0.0249	0.0038	0.2092	0.1073	0.1019	0.0000	0.0000	0.0000	0.0000	0.0000	0.0000	0.0000	0.0000	0.0000	0.0000	0.0000	0.0000	0.0000	0.0000	0.0000	0.0000	0.0000	0.0000											
11	59	0.4937	11	1	2	0	2	0	0	0	0	N	Y	N	Y	N	N	N	N	N	N	N	N	0.0000	0.0000	0.0000	0.0000	0.0000	0.0000	0.0000	0.0000	0.0000	0.0000	0.0000	0.0000	0.0000	0.0004	0.0006	0.0000	0.0008	0.0010	0.0000	0.0000	0.0000	0.0000	0.0000	0.0000	-0.0001	0.0000	10.4254	4.9998	21.2017	0.0000	0.0000	0.0000	0.0000	0.0000	0.0000	0.0000	0.0000	0.0000	0.0001	0.0001	0.0000	0.0001	0.0001	0.0000	0.0000	0.0000	0.0000	0.0000	0.0000	0.0000	0.0000	0.0000	0.0000	0.0000	0.0000	0.0000	0.2937	0.2041	0.0897	0.1628	0.1343	0.0285	0.1309	0.0698	0.0612	0.0000	0.0000	0.0000	0.0000	0.0000	0.0000	0.0000	0.0000	0.0000	0.0004	0.0006	0.0000	0.0008	0.0010	0.0000	0.0000	0.0000	0.0000						
11	60	0.2269	9	2	1	1	1	0	0	0	0	Y	N	N	N	N	N	N	N	N	N	N	N	0.0000	0.0000	0.0000	0.0000	0.0000	0.0000	0.0000	0.0000	0.0000	0.0000	0.0000	0.0000	0.0000	0.0000	0.0000	0.0000	0.0000	0.0000	0.0000	0.0000	0.0000	1.9981	4.9998	3.0867	0.0000	0.0000	0.0000	0.0000	0.0000	0.0000	0.0000	0.0000	0.0000	0.0000	0.0000	0.0000	0.0000	0.0000	0.0000	0.0000	0.0000	0.0000	0.0000	0.0000	0.0000	0.0000	0.0000	0.0000	0.0000	0.0000	0.0000	0.0350	0.0211	0.0139	0.0098	0.0081	0.0017	0.0252	0.0130	0.0122	0.0000	0.0000	0.0000	0.0000	0.0000	0.0000	0.0000	0.0000	0.0000	0.0000	0.0000	0.0000	0.0000	0.0000	0.0000	0.0000	0.0000	0.0000											
11	61	0.1836	8	2	1	1	1	0	0	0	0	Y	N	N	N	N	N	N	N	N	N	N	N	0.0000	0.0000	0.0000	0.0000	0.0000	0.0000	0.0000	0.0000	0.0000	0.0000	0.0000	0.0000	0.0000	0.0000	0.0000	0.0000	0.0000	0.0000	0.0000	0.0000	0.0000	4.0039	4.9998	14.0733	0.0000	0.0000	0.0000	0.0000	0.0000	0.0000	0.0000	0.0000	0.0000	0.0000	0.0000	0.0000	0.0000	0.0000	0.0000	0.0000	0.0000	0.0000	0.0000	0.0000	0.0000	0.0000	0.0000	0.0000	0.0000	0.0000	0.0000	0.1290	0.0778	0.0512	0.0316	0.0270	0.0046	0.0973	0.0508	0.0465	0.0000	0.0000	0.0000	0.0000	0.0000	0.0000	0.0000	0.0000	0.0000	0.0000	0.0000	0.0000	0.0000	0.0000	0.0000	0.0000	0.0000	0.0000											
11	62	0.2030	9	2	1	1	1	0	0	0	0	Y	N	N	N	N	N	N	N	N	N	N	N	0.0000	0.0000	0.0000	0.0000	0.0000	0.0000	0.0000	0.0000	0.0000	0.0000	0.0000	0.0000	0.0000	12.3612	28.3367	0.0000	262.7867	290.1625	0.0000	0.0000	0.0000	0.0000	0.0000	0.0000	-0.4574	0.0000	0.0060	4.9998	17.2393	0.0000	0.0000	0.0000	0.0000	0.0000	0.0000	0.0000	0.0000	0.0000	0.9979	0.9979	0.0000	0.9979	0.9979	0.0000	0.0000	0.0000	0.0000	0.0000	0.0000	0.0000	0.0000	0.0000	0.0000	0.0000	0.0000	0.0000	0.1154	0.0674	0.0480	0.0289	0.0240	0.0048	0.0866	0.0434	0.0432	0.0000	0.0000	0.0000	0.0000	0.0000	0.0000	0.0000	0.0000	0.0000	8.6444	14.8045	0.0000	34.5718	41.5405	0.0000	0.0000	0.0000	0.0000						
11	63	0.1464	7	1	1	1	1	0	0	0	0	N	N	N	N	N	N	N	N	N	N	N	N	0.0000	0.0000	0.0000	0.0000	0.0000	0.0000	0.0000	0.0000	0.0000	0.0000	0.0000	0.0000	0.0000	0.1127	0.1675	0.0000	0.2640	0.2979	0.0000	0.0000	0.0000	0.0000	0.0000	0.0000	-0.0085	0.0000	1.0230	4.9998	12.1924	0.0000	0.0000	0.0000	0.0000	0.0000	0.0000	0.0000	0.0000	0.0000	0.0184	0.0184	0.0000	0.0184	0.0184	0.0000	0.0000	0.0000	0.0000	0.0000	0.0000	0.0000	0.0000	0.0000	0.0000	0.0000	0.0000	0.0000	0.1637	0.1101	0.0535	0.0699	0.0619	0.0080	0.0938	0.0482	0.0456	0.0000	0.0000	0.0000	0.0000	0.0000	0.0000	0.0000	0.0000	0.0000	0.1127	0.1675	0.0000	0.2640	0.2979	0.0000	0.0000	0.0000	0.0000						
11	64	0.1096	6	1	1	0	1	0	0	0	0	N	N	N	N	N	N	N	N	N	N	N	N	0.0000	0.0000	0.0000	0.0000	0.0000	0.0000	0.0000	0.0000	0.0000	0.0000	0.0000	0.0000	0.0000	0.0000	0.0000	0.0000	0.0000	0.1799	0.3185	0.0016	0.0000	0.0000	0.0000	0.2118	0.4200	0.0016	0.0038	0.0000	-0.0084	0.0000	2.4556	4.9998	12.4191	0.0000	0.0000	0.0000	0.0000	0.0000	0.0000	0.0000	0.0000	0.0000	0.0184	0.0184	0.0001	0.0000	0.0000	0.0000	0.0184	0.0184	0.0001	0.0000	0.0000	0.0000	0.0000	0.0000	0.0000	0.0000	0.0000	0.0000	0.1025	0.0577	0.0448	0.0154	0.0140	0.0015	0.0871	0.0438	0.0433	0.0000	0.0000	0.0000	0.0000	0.0000	0.0000	0.0000	0.0000	0.0000	0.1799	0.3185	0.0016	0.0000	0.0000	0.0000	0.2118	0.4200	0.0016		
11	65	0.2320	8	1	2	0	1	0	0	0	0	N	Y	N	N	N	N	N	N	N	N	N	N	0.0000	0.0000	0.0000	0.0000	0.0000	0.0000	0.0000	0.0000	0.0000	0.0000	0.0000	0.0000	0.0000	0.0000	0.0000	0.0000	0.0000	14.2534	0.0003	79.3851	0.0728	0.0006	0.5262	15.3477	0.0000	66.3234	48604.3047	0.0000	0.5265	0.0000	1.7555	4.9998	11.9300	0.0000	0.0000	0.0000	0.0000	0.0000	0.0000	0.0000	0.0000	0.0000	0.9721	0.0000	0.9721	0.0029	0.0000	0.0028	0.9692	0.0000	0.9692	0.0000	0.0000	0.0000	0.0000	0.0000	0.0000	0.0000	0.0000	0.0000	0.1029	0.0685	0.0344	0.0394	0.0340	0.0054	0.0635	0.0346	0.0290	0.0000	0.0000	0.0000	0.0000	0.0000	0.0000	0.0000	0.0000	0.0000	9.4425	0.0003	28.2577	0.0728	0.0006	0.5262	15.2533	0.0000	33.4387		
11	66	0.2110	10	2	2	1	1	0	0	0	0	Y	Y	N	N	N	N	N	N	N	N	N	N	0.0000	0.0000	0.0000	0.0000	0.0000	0.0000	0.0000	0.0000	0.0000	0.0000	0.0000	0.0000	0.0000	0.0000	0.0000	0.0000	0.0000	0.0000	0.0000	0.0000	0.0000	0.0000	4.9998	0.0000	0.0000	0.0000	0.0000	0.0000	0.0000	0.0000	0.0000	0.0000	0.0000	0.0000	0.0000	0.0000	0.0000	0.0000	0.0000	0.0000	0.0000	0.0000	0.0000	0.0000	0.0000	0.0000	0.0000	0.0000	0.0000	0.0000	0.0000	0.0000	0.0000	0.0000	0.0000	0.0000	0.0000	0.0000	0.0000	0.0000	0.0000	0.0000	0.0000	0.0000	0.0000	0.0000	0.0000	0.0000	0.0000	0.0000	0.0000	0.0000	0.0000	0.0000	0.0000	0.0000	0.0000	0.0000											
11	67	0.7155	13	2	2	1	1	0	0	0	0	Y	Y	N	N	N	N	N	N	N	N	N	N	0.0000	0.0000	0.0000	0.0000	0.0000	0.0000	0.0000	0.0000	0.0000	0.0000	0.0000	0.0000	0.0000	0.0000	0.0000	0.0000	0.0000	0.0000	0.0000	0.0000	0.0000	1.0000	4.9998	3.0000	0.0000	0.0000	0.0000	0.0000	0.0000	0.0000	0.0000	0.0000	0.0000	0.0000	0.0000	0.0000	0.0000	0.0000	0.0000	0.0000	0.0000	0.0000	0.0000	0.0000	0.0000	0.0000	0.0000	0.0000	0.0000	0.0000	0.0000	0.0201	0.0142	0.0059	0.0131	0.0106	0.0025	0.0069	0.0035	0.0034	0.0000	0.0000	0.0000	0.0000	0.0000	0.0000	0.0000	0.0000	0.0000	0.0000	0.0000	0.0000	0.0000	0.0000	0.0000	0.0000	0.0000	0.0000											
11	68	0.2110	10	2	2	1	1	0	0	0	0	Y	Y	N	N	N	N	N	N	N	N	N	N	0.0000	0.0000	0.0000	0.0000	0.0000	0.0000	0.0000	0.0000	0.0000	0.0000	0.0000	0.0000	0.0000	0.0000	0.0000	0.0000	0.0000	0.0000	0.0000	0.0000	0.0000	1.0000	4.9998	0.0000	0.0000	0.0000	0.0000	0.0000	0.0000	0.0000	0.0000	0.0000	0.0000	0.0000	0.0000	0.0000	0.0000	0.0000	0.0000	0.0000	0.0000	0.0000	0.0000	0.0000	0.0000	0.0000	0.0000	0.0000	0.0000	0.0000	0.0000	0.0067	0.0036	0.0031	0.0007	0.0006	0.0001	0.0060	0.0030	0.0030	0.0000	0.0000	0.0000	0.0000	0.0000	0.0000	0.0000	0.0000	0.0000	0.0000	0.0000	0.0000	0.0000	0.0000	0.0000	0.0000	0.0000	0.0000											
11	69	0.1946	9	2	2	1	1	0	0	0	0	Y	Y	N	N	N	N	N	N	N	N	N	N	0.0000	0.0000	0.0000	0.0000	0.0000	0.0000	0.0000	0.0000	0.0000	0.0000	0.0000	0.0000	0.0000	0.0086	0.0156	0.0000	0.0649	0.0732	0.0000	0.0000	0.0000	0.0000	0.0000	0.0000	-0.0002	0.0000	1.0155	4.9998	5.9708	0.0000	0.0000	0.0000	0.0000	0.0000	0.0000	0.0000	0.0000	0.0000	0.0004	0.0004	0.0000	0.0004	0.0004	0.0000	0.0000	0.0000	0.0000	0.0000	0.0000	0.0000	0.0000	0.0000	0.0000	0.0000	0.0000	0.0000	0.0475	0.0263	0.0212	0.0063	0.0056	0.0007	0.0412	0.0207	0.0205	0.0000	0.0000	0.0000	0.0000	0.0000	0.0000	0.0000	0.0000	0.0000	0.0086	0.0156	0.0000	0.0649	0.0732	0.0000	0.0000	0.0000	0.0000						
11	70	0.1898	8	2	1	1	1	0	0	0	0	Y	N	N	N	N	N	N	N	N	N	N	N	0.0000	0.0000	0.0000	0.0000	0.0000	0.0000	0.0000	0.0000	0.0000	0.0000	0.0000	0.0000	0.0000	0.0000	0.0000	0.0000	0.0000	0.0000	0.2709	0.4078	0.0245	0.7749	0.7932	0.0014	0.0168	0.0078	0.0250	0.0333	0.0000	-0.0042	0.0000	0.0406	4.9998	2.3361	0.0000	0.0000	0.0000	0.0000	0.0000	0.0000	0.0000	0.0000	0.0000	0.0098	0.0095	0.0003	0.0094	0.0094	0.0000	0.0004	0.0001	0.0003	0.0000	0.0000	0.0000	0.0000	0.0000	0.0000	0.0000	0.0000	0.0000	0.0363	0.0234	0.0130	0.0122	0.0119	0.0003	0.0242	0.0115	0.0127	0.0000	0.0000	0.0000	0.0000	0.0000	0.0000	0.0000	0.0000	0.0000	0.2709	0.4078	0.0245	0.7749	0.7932	0.0014	0.0168	0.0078	0.0250	
11	71	0.7155	13	2	2	1	1	0	0	0	0	Y	Y	N	N	N	N	N	N	N	N	N	N	0.0000	0.0000	0.0000	0.0000	0.0000	0.0000	0.0000	0.0000	0.0000	0.0000	0.0000	0.0000	0.0000	0.0000	0.0000	0.0000	0.0000	0.0000	0.0000	0.0000	0.0000	0.0000	4.9998	0.0000	0.0000	0.0000	0.0000	0.0000	0.0000	0.0000	0.0000	0.0000	0.0000	0.0000	0.0000	0.0000	0.0000	0.0000	0.0000	0.0000	0.0000	0.0000	0.0000	0.0000	0.0000	0.0000	0.0000	0.0000	0.0000	0.0000	0.0000	0.0000	0.0000	0.0000	0.0000	0.0000	0.0000	0.0000	0.0000	0.0000	0.0000	0.0000	0.0000	0.0000	0.0000	0.0000	0.0000	0.0000	0.0000	0.0000	0.0000	0.0000	0.0000	0.0000	0.0000	0.0000	0.0000	0.0000											
11	72	0.6975	12	2	2	1	1	0	0	0	0	Y	Y	N	N	N	N	N	N	N	N	N	N	0.0000	0.0000	0.0000	0.0000	0.0000	0.0000	0.0000	0.0000	0.0000	0.0000	0.0000	0.0000	0.0000	0.0000	0.0000	0.0000	0.0000	1.0283	1.4366	0.0010	1.3584	1.7181	0.0000	0.0620	0.1228	0.0022	0.0003	0.0000	-0.0164	0.0000	3.9057	4.9998	1.1104	0.0000	0.0000	0.0000	0.0000	0.0000	0.0000	0.0000	0.0000	0.0000	0.0358	0.0358	0.0000	0.0353	0.0353	0.0000	0.0006	0.0005	0.0000	0.0000	0.0000	0.0000	0.0000	0.0000	0.0000	0.0000	0.0000	0.0000	0.0348	0.0249	0.0099	0.0260	0.0205	0.0054	0.0089	0.0044	0.0045	0.0000	0.0000	0.0000	0.0000	0.0000	0.0000	0.0000	0.0000	0.0000	1.0283	1.4366	0.0010	1.3584	1.7181	0.0000	0.0620	0.1228	0.0022		
11	73	0.4947	10	2	2	0	1	0	0	0	0	Y	Y	N	N	N	N	N	N	N	N	N	N	0.0000	0.0000	0.0000	0.0000	0.0000	0.0000	0.0000	0.0000	0.0000	0.0000	0.0000	0.0000	0.0000	0.0000	0.0000	0.0000	0.0183	0.0260	0.0008	0.0340	0.0400	0.0000	0.0005	0.0000	0.0011	0.0133	0.0000	-0.0014	0.0000	6.9070	4.9998	16.5673	0.0000	0.0000	0.0000	0.0000	0.0000	0.0000	0.0000	0.0000	0.0000	0.0030	0.0030	0.0000	0.0030	0.0030	0.0000	0.0000	0.0000	0.0000	0.0000	0.0000	0.0000	0.0000	0.0000	0.0000	0.0000	0.0000	0.0000	0.1664	0.1153	0.0511	0.0883	0.0750	0.0133	0.0781	0.0403	0.0377	0.0000	0.0000	0.0000	0.0000	0.0000	0.0000	0.0000	0.0000	0.0000	0.0183	0.0260	0.0008	0.0340	0.0400	0.0000	0.0005	0.0000	0.0011			
11	74	0.5586	12	1	2	0	2	0	0	0	0	N	Y	N	Y	N	N	N	N	N	N	N	N	0.0000	0.0000	0.0000	0.0000	0.0000	0.0000	0.0000	0.0000	0.0000	0.0000	0.0000	0.0000	0.0000	0.0000	0.0000	0.0000	0.0000	0.0000	19.2522	13.2081	46.3899	0.0434	0.0057	0.2441	28.8819	28.7573	60.4361	0.9900	0.0000	0.0771	0.0000	6.4226	4.9998	19.3377	0.0000	0.0000	0.0000	0.0000	0.0000	0.0000	0.0000	0.0000	0.0000	1.9696	0.9897	0.9798	0.0037	0.0004	0.0033	1.9658	0.9893	0.9765	0.0000	0.0000	0.0000	0.0000	0.0000	0.0000	0.0000	0.0000	0.0000	0.1542	0.1069	0.0473	0.0861	0.0725	0.0136	0.0681	0.0344	0.0337	0.0000	0.0000	0.0000	0.0000	0.0000	0.0000	0.0000	0.0000	0.0000	12.7756	9.2612	20.7160	0.0434	0.0057	0.2441	28.8819	28.7573	29.0093	
11	75	0.5134	11	1	1	0	2	0	0	0	0	N	N	N	Y	N	N	N	N	N	N	N	N	0.0000	0.0000	0.0000	0.0000	0.0000	0.0000	0.0000	0.0000	0.0000	0.0000	0.0000	0.0000	0.0000	0.0000	0.0000	0.0000	0.0000	0.0000	0.1706	0.1101	0.3105	0.0228	0.0267	0.0010	0.3412	0.2662	0.4235	1.2217	0.0000	0.0034	0.0000	5.1932	4.9998	17.4397	0.0000	0.0000	0.0000	0.0000	0.0000	0.0000	0.0000	0.0000	0.0000	0.0368	0.0165	0.0202	0.0026	0.0026	0.0000	0.0341	0.0139	0.0202	0.0000	0.0000	0.0000	0.0000	0.0000	0.0000	0.0000	0.0000	0.0000	0.2154	0.1503	0.0651	0.1154	0.0980	0.0174	0.1000	0.0523	0.0477	0.0000	0.0000	0.0000	0.0000	0.0000	0.0000	0.0000	0.0000	0.0000	0.1706	0.1101	0.3105	0.0228	0.0267	0.0010	0.3412	0.2662	0.4235	
11	76	0.4764	10	1	1	0	1	0	0	0	0	N	N	N	N	N	N	N	N	N	N	N	N	0.0000	0.0000	0.0000	0.0000	0.0000	0.0000	0.0000	0.0000	0.0000	0.0000	0.0000	0.0000	0.0000	0.0000	0.0000	0.0000	0.0000	0.0000	0.0774	0.0371	0.1720	0.0392	0.0470	0.0002	0.1259	0.0176	0.2495	1.9747	0.0000	0.0039	0.0000	4.4918	4.9998	17.5337	0.0000	0.0000	0.0000	0.0000	0.0000	0.0000	0.0000	0.0000	0.0000	0.0188	0.0063	0.0125	0.0053	0.0053	0.0000	0.0135	0.0010	0.0125	0.0000	0.0000	0.0000	0.0000	0.0000	0.0000	0.0000	0.0000	0.0000	0.2425	0.1700	0.0725	0.1355	0.1130	0.0225	0.1069	0.0570	0.0499	0.0000	0.0000	0.0000	0.0000	0.0000	0.0000	0.0000	0.0000	0.0000	0.0774	0.0371	0.1720	0.0392	0.0470	0.0002	0.1259	0.0176	0.2495	
11	77	0.2055	9	1	1	0	2	0	0	0	0	N	N	N	Y	N	N	N	N	N	N	N	N	0.0000	0.0000	0.0000	0.0000	0.0000	0.0000	0.0000	0.0000	0.0000	0.0000	0.0000	0.0000	0.0000	0.0009	0.0015	0.0000	0.0026	0.0031	0.0000	0.0000	0.0000	0.0000	0.0000	0.0000	-0.0000	0.0000	0.3745	4.9998	14.7996	0.0000	0.0000	0.0000	0.0000	0.0000	0.0000	0.0000	0.0000	0.0000	0.0001	0.0001	0.0000	0.0001	0.0001	0.0000	0.0000	0.0000	0.0000	0.0000	0.0000	0.0000	0.0000	0.0000	0.0000	0.0000	0.0000	0.0000	0.1071	0.0684	0.0387	0.0386	0.0324	0.0062	0.0685	0.0360	0.0325	0.0000	0.0000	0.0000	0.0000	0.0000	0.0000	0.0000	0.0000	0.0000	0.0009	0.0015	0.0000	0.0026	0.0031	0.0000	0.0000	0.0000	0.0000						
11	78	0.1832	8	1	1	0	2	0	0	0	0	N	N	N	Y	N	N	N	N	N	N	N	N	0.0000	0.0000	0.0000	0.0000	0.0000	0.0000	0.0000	0.0000	0.0000	0.0000	0.0000	0.0000	0.0000	0.0000	0.0000	0.0000	0.0000	0.0016	0.0023	0.0003	0.0016	0.0019	0.0000	0.0016	0.0027	0.0004	0.0667	0.0000	-0.0001	0.0000	1.4595	4.9998	10.3922	0.0000	0.0000	0.0000	0.0000	0.0000	0.0000	0.0000	0.0000	0.0000	0.0002	0.0001	0.0000	0.0001	0.0001	0.0000	0.0001	0.0001	0.0000	0.0000	0.0000	0.0000	0.0000	0.0000	0.0000	0.0000	0.0000	0.0000	0.0994	0.0650	0.0345	0.0383	0.0320	0.0063	0.0612	0.0330	0.0282	0.0000	0.0000	0.0000	0.0000	0.0000	0.0000	0.0000	0.0000	0.0000	0.0016	0.0023	0.0003	0.0016	0.0019	0.0000	0.0016	0.0027	0.0004		
11	79	0.1691	7	1	1	0	2	0	0	0	0	N	N	N	Y	N	N	N	N	N	N	N	N	0.0000	0.0000	0.0000	0.0000	0.0000	0.0000	0.0000	0.0000	0.0000	0.0000	0.0000	0.0000	0.0000	0.0000	0.0000	0.0037	0.0056	0.0000	0.0073	0.0085	0.0000	0.0013	0.0025	0.0000	0.0000	0.0000	-0.0001	0.0000	1.3861	4.9998	6.3168	0.0000	0.0000	0.0000	0.0000	0.0000	0.0000	0.0000	0.0000	0.0000	0.0003	0.0003	0.0000	0.0002	0.0002	0.0000	0.0001	0.0001	0.0000	0.0000	0.0000	0.0000	0.0000	0.0000	0.0000	0.0000	0.0000	0.0000	0.0748	0.0496	0.0252	0.0302	0.0258	0.0045	0.0446	0.0238	0.0208	0.0000	0.0000	0.0000	0.0000	0.0000	0.0000	0.0000	0.0000	0.0000	0.0037	0.0056	0.0000	0.0073	0.0085	0.0000	0.0013	0.0025	0.0000				
11	80	0.1096	6	1	1	0	2	0	0	0	0	N	N	N	Y	N	N	N	N	N	N	N	N	0.0000	0.0000	0.0000	0.0000	0.0000	0.0000	0.0000	0.0000	0.0000	0.0000	0.0000	0.0000	0.0000	0.0000	0.0000	0.0015	0.0023	0.0004	0.0000	0.0000	0.0000	0.0017	0.0029	0.0005	0.1579	0.0000	-0.0001	0.0000	4.0043	4.9998	19.8631	0.0000	0.0000	0.0000	0.0000	0.0000	0.0000	0.0000	0.0000	0.0000	0.0002	0.0002	0.0000	0.0000	0.0000	0.0000	0.0002	0.0002	0.0000	0.0000	0.0000	0.0000	0.0000	0.0000	0.0000	0.0000	0.0000	0.0000	0.1512	0.0844	0.0669	0.0202	0.0179	0.0023	0.1310	0.0665	0.0646	0.0000	0.0000	0.0000	0.0000	0.0000	0.0000	0.0000	0.0000	0.0000	0.0015	0.0023	0.0004	0.0000	0.0000	0.0000	0.0017	0.0029	0.0005				
11	81	0.6502	12	1	2	1	1	0	0	0	0	N	Y	N	N	N	N	N	N	N	N	N	N	0.0000	0.0000	0.0000	0.0000	0.0000	0.0000	0.0000	0.0000	0.0000	0.0000	0.0000	0.0000	0.0000	0.0005	0.0007	0.0000	0.0000	0.0000	0.0000	0.0013	0.0029	0.0000	0.0000	0.0000	-0.0000	0.0000	2.0162	4.9998	4.5500	0.0000	0.0000	0.0000	0.0000	0.0000	0.0000	0.0000	0.0000	0.0000	0.0000	0.0000	0.0000	0.0000	0.0000	0.0000	0.0000	0.0000	0.0000	0.0000	0.0000	0.0000	0.0000	0.0000	0.0000	0.0000	0.0000	0.0000	0.0421	0.0296	0.0125	0.0273	0.0226	0.0047	0.0148	0.0070	0.0078	0.0000	0.0000	0.0000	0.0000	0.0000	0.0000	0.0000	0.0000	0.0000	0.0005	0.0007	0.0000	0.0000	0.0000	0.0000	0.0013	0.0029	0.0000						
11	82	0.2176	10	1	2	1	1	0	0	0	0	N	Y	N	N	N	N	N	N	N	N	N	N	0.0000	0.0000	0.0000	0.0000	0.0000	0.0000	0.0000	0.0000	0.0000	0.0000	0.0000	0.0000	0.0000	0.0000	0.0000	30.9213	85.6610	0.0000	0.0013	0.0015	0.0000	25.2456	51.2716	0.0000	0.0000	0.0000	-0.4553	0.0000	3.0011	4.9998	3.7015	0.0000	0.0000	0.0000	0.0000	0.0000	0.0000	0.0000	0.0000	0.0000	0.9932	0.9932	0.0000	0.0000	0.0000	0.0000	0.9932	0.9932	0.0000	0.0000	0.0000	0.0000	0.0000	0.0000	0.0000	0.0000	0.0000	0.0000	0.0556	0.0332	0.0225	0.0148	0.0129	0.0019	0.0408	0.0203	0.0206	0.0000	0.0000	0.0000	0.0000	0.0000	0.0000	0.0000	0.0000	0.0000	17.8505	29.9421	0.0000	0.0013	0.0015	0.0000	24.3282	49.0081	0.0000				
11	83	0.2062	9	1	2	0	1	0	0	0	0	N	Y	N	N	N	N	N	N	N	N	N	N	0.0000	0.0000	0.0000	0.0000	0.0000	0.0000	0.0000	0.0000	0.0000	0.0000	0.0000	0.0000	0.0000	0.0000	0.0000	0.0000	0.0000	0.0000	0.1000	0.1494	0.0004	0.0074	0.0080	0.0000	0.1454	0.2672	0.0005	0.0014	0.0000	-0.0032	0.0000	2.0032	4.9998	4.2039	0.0000	0.0000	0.0000	0.0000	0.0000	0.0000	0.0000	0.0000	0.0000	0.0069	0.0069	0.0000	0.0002	0.0002	0.0000	0.0068	0.0068	0.0000	0.0000	0.0000	0.0000	0.0000	0.0000	0.0000	0.0000	0.0000	0.0000	0.0695	0.0464	0.0230	0.0228	0.0211	0.0017	0.0466	0.0253	0.0213	0.0000	0.0000	0.0000	0.0000	0.0000	0.0000	0.0000	0.0000	0.0000	0.1000	0.1494	0.0004	0.0074	0.0080	0.0000	0.1454	0.2672	0.0005	
11	84	0.2030	9	2	1	1	1	0	0	0	0	Y	N	N	N	N	N	N	N	N	N	N	N	0.0000	0.0000	0.0000	0.0000	0.0000	0.0000	0.0000	0.0000	0.0000	0.0000	0.0000	0.0000	0.0000	0.0000	0.0000	0.0456	0.0000	0.1113	0.0134	0.0000	0.0950	0.0578	0.0000	0.1130	inf	0.0000	0.0011	0.0000	1.0052	4.9998	4.9545	0.0000	0.0000	0.0000	0.0000	0.0000	0.0000	0.0000	0.0000	0.0000	0.0021	0.0000	0.0021	0.0002	0.0000	0.0002	0.0019	0.0000	0.0019	0.0000	0.0000	0.0000	0.0000	0.0000	0.0000	0.0000	0.0000	0.0000	0.0461	0.0272	0.0189	0.0127	0.0109	0.0018	0.0334	0.0163	0.0171	0.0000	0.0000	0.0000	0.0000	0.0000	0.0000	0.0000	0.0000	0.0000	0.0456	0.0000	0.1113	0.0134	0.0000	0.0950	0.0578	0.0000	0.1130				
11	85	0.1836	8	2	1	1	1	0	0	0	0	Y	N	N	N	N	N	N	N	N	N	N	N	0.0000	0.0000	0.0000	0.0000	0.0000	0.0000	0.0000	0.0000	0.0000	0.0000	0.0000	0.0000	0.0000	0.0287	0.0452	0.0000	0.1027	0.1158	0.0000	0.0000	0.0000	0.0000	0.0000	0.0000	-0.0010	0.0000	0.9968	4.9998	7.6169	0.0000	0.0000	0.0000	0.0000	0.0000	0.0000	0.0000	0.0000	0.0000	0.0021	0.0021	0.0000	0.0021	0.0021	0.0000	0.0000	0.0000	0.0000	0.0000	0.0000	0.0000	0.0000	0.0000	0.0000	0.0000	0.0000	0.0000	0.0733	0.0464	0.0269	0.0204	0.0181	0.0023	0.0528	0.0283	0.0245	0.0000	0.0000	0.0000	0.0000	0.0000	0.0000	0.0000	0.0000	0.0000	0.0287	0.0452	0.0000	0.1027	0.1158	0.0000	0.0000	0.0000	0.0000						
11	86	0.2036	7	2	2	0	1	0	0	0	0	Y	Y	N	N	N	N	N	N	N	N	N	N	0.0000	0.0000	0.0000	0.0000	0.0000	0.0000	0.0000	0.0000	0.0000	0.0000	0.0000	0.0000	0.0000	0.0003	0.0004	0.0000	0.0007	0.0009	0.0000	0.0000	0.0000	0.0000	0.0000	0.0000	-0.0000	0.0000	5.8060	4.9998	6.1034	0.0000	0.0000	0.0000	0.0000	0.0000	0.0000	0.0000	0.0000	0.0000	0.0000	0.0000	0.0000	0.0000	0.0000	0.0000	0.0000	0.0000	0.0000	0.0000	0.0000	0.0000	0.0000	0.0000	0.0000	0.0000	0.0000	0.0000	0.1362	0.0923	0.0438	0.0539	0.0451	0.0088	0.0822	0.0472	0.0350	0.0000	0.0000	0.0000	0.0000	0.0000	0.0000	0.0000	0.0000	0.0000	0.0003	0.0004	0.0000	0.0007	0.0009	0.0000	0.0000	0.0000	0.0000						
11	87	0.1096	6	2	2	0	1	0	0	0	0	Y	Y	N	N	N	N	N	N	N	N	N	N	0.0000	0.0000	0.0000	0.0000	0.0000	0.0000	0.0000	0.0000	0.0000	0.0000	0.0000	0.0000	0.0000	0.0000	0.0000	0.0000	0.0000	4.1095	8.6378	0.2640	0.0000	0.0000	0.0000	4.4967	8.5406	0.2737	0.0307	0.0000	-0.3407	0.0000	12.2869	4.9998	21.7146	0.0000	0.0000	0.0000	0.0000	0.0000	0.0000	0.0000	0.0000	0.0000	0.7948	0.7712	0.0237	0.0000	0.0000	0.0000	0.7948	0.7712	0.0237	0.0000	0.0000	0.0000	0.0000	0.0000	0.0000	0.0000	0.0000	0.0000	0.2020	0.1123	0.0896	0.0252	0.0220	0.0032	0.1768	0.0903	0.0865	0.0000	0.0000	0.0000	0.0000	0.0000	0.0000	0.0000	0.0000	0.0000	3.9356	6.8666	0.2640	0.0000	0.0000	0.0000	4.4967	8.5406	0.2737		
11	88	0.2062	9	1	2	0	1	0	0	0	0	N	Y	N	N	N	N	N	N	N	N	N	N	0.0000	0.0000	0.0000	0.0000	0.0000	0.0000	0.0000	0.0000	0.0000	0.0000	0.0000	0.0000	0.0000	0.0015	0.0025	0.0000	0.0055	0.0062	0.0000	0.0000	0.0000	0.0000	0.0000	0.0000	-0.0001	0.0000	4.0005	4.9998	9.0093	0.0000	0.0000	0.0000	0.0000	0.0000	0.0000	0.0000	0.0000	0.0000	0.0002	0.0002	0.0000	0.0002	0.0002	0.0000	0.0000	0.0000	0.0000	0.0000	0.0000	0.0000	0.0000	0.0000	0.0000	0.0000	0.0000	0.0000	0.1101	0.0691	0.0410	0.0307	0.0272	0.0035	0.0794	0.0419	0.0375	0.0000	0.0000	0.0000	0.0000	0.0000	0.0000	0.0000	0.0000	0.0000	0.0015	0.0025	0.0000	0.0055	0.0062	0.0000	0.0000	0.0000	0.0000						
11	89	0.1836	8	1	2	0	1	0	0	0	0	N	Y	N	N	N	N	N	N	N	N	N	N	0.0000	0.0000	0.0000	0.0000	0.0000	0.0000	0.0000	0.0000	0.0000	0.0000	0.0000	0.0000	0.0000	0.0020	0.0033	0.0000	0.0000	0.0000	0.0000	0.0028	0.0053	0.0000	0.0000	0.0000	-0.0001	0.0000	1.0051	4.9998	9.2650	0.0000	0.0000	0.0000	0.0000	0.0000	0.0000	0.0000	0.0000	0.0000	0.0002	0.0002	0.0000	0.0000	0.0000	0.0000	0.0002	0.0002	0.0000	0.0000	0.0000	0.0000	0.0000	0.0000	0.0000	0.0000	0.0000	0.0000	0.0833	0.0521	0.0313	0.0225	0.0197	0.0027	0.0609	0.0323	0.0285	0.0000	0.0000	0.0000	0.0000	0.0000	0.0000	0.0000	0.0000	0.0000	0.0020	0.0033	0.0000	0.0000	0.0000	0.0000	0.0028	0.0053	0.0000						
11	90	0.2320	8	1	1	1	1	0	0	0	0	N	N	N	N	N	N	N	N	N	N	N	N	0.0000	0.0000	0.0000	0.0000	0.0000	0.0000	0.0000	0.0000	0.0000	0.0000	0.0000	0.0000	0.0000	0.3797	0.5570	0.0000	0.9600	1.0934	0.0000	0.0000	0.0000	0.0000	0.0000	0.0000	-0.0140	0.0000	2.3559	4.9998	7.1930	0.0000	0.0000	0.0000	0.0000	0.0000	0.0000	0.0000	0.0000	0.0000	0.0306	0.0306	0.0000	0.0306	0.0306	0.0000	0.0000	0.0000	0.0000	0.0000	0.0000	0.0000	0.0000	0.0000	0.0000	0.0000	0.0000	0.0000	0.0805	0.0549	0.0256	0.0318	0.0279	0.0039	0.0486	0.0269	0.0217	0.0000	0.0000	0.0000	0.0000	0.0000	0.0000	0.0000	0.0000	0.0000	0.3797	0.5570	0.0000	0.9600	1.0934	0.0000	0.0000	0.0000	0.0000						
11	91	0.1992	7	1	1	0	1	0	0	0	0	N	N	N	N	N	N	N	N	N	N	N	N	0.0000	0.0000	0.0000	0.0000	0.0000	0.0000	0.0000	0.0000	0.0000	0.0000	0.0000	0.0000	0.0000	0.0000	0.0000	0.0000	0.0000	0.0000	0.2102	0.1169	0.4385	0.1505	0.1684	0.0106	0.2628	0.0444	0.5343	1.5326	0.0000	0.0066	0.0000	4.9284	4.9998	11.0439	0.0000	0.0000	0.0000	0.0000	0.0000	0.0000	0.0000	0.0000	0.0000	0.0453	0.0179	0.0274	0.0152	0.0151	0.0001	0.0301	0.0028	0.0273	0.0000	0.0000	0.0000	0.0000	0.0000	0.0000	0.0000	0.0000	0.0000	0.2154	0.1529	0.0625	0.1009	0.0894	0.0114	0.1145	0.0635	0.0511	0.0000	0.0000	0.0000	0.0000	0.0000	0.0000	0.0000	0.0000	0.0000	0.2102	0.1169	0.4385	0.1505	0.1684	0.0106	0.2628	0.0444	0.5343	
11	92	0.1096	6	1	1	0	1	0	0	0	0	N	N	N	N	N	N	N	N	N	N	N	N	0.0000	0.0000	0.0000	0.0000	0.0000	0.0000	0.0000	0.0000	0.0000	0.0000	0.0000	0.0000	0.0000	0.0000	0.0000	0.0000	0.0000	0.0783	0.0427	0.1229	0.0000	0.0000	0.0000	0.0895	0.0532	0.1274	2.2957	0.0000	0.0037	0.0000	3.9161	4.9998	29.2065	0.0000	0.0000	0.0000	0.0000	0.0000	0.0000	0.0000	0.0000	0.0000	0.0155	0.0047	0.0108	0.0000	0.0000	0.0000	0.0155	0.0047	0.0108	0.0000	0.0000	0.0000	0.0000	0.0000	0.0000	0.0000	0.0000	0.0000	0.1977	0.1100	0.0878	0.0248	0.0217	0.0031	0.1729	0.0883	0.0846	0.0000	0.0000	0.0000	0.0000	0.0000	0.0000	0.0000	0.0000	0.0000	0.0783	0.0427	0.1229	0.0000	0.0000	0.0000	0.0895	0.0532	0.1274		
11	93	0.6502	12	2	2	0	1	0	0	0	0	Y	Y	N	N	N	N	N	N	N	N	N	N	0.0000	0.0000	0.0000	0.0000	0.0000	0.0000	0.0000	0.0000	0.0000	0.0000	0.0000	0.0000	0.0000	0.0004	0.0005	0.0000	0.0000	0.0000	0.0000	0.0010	0.0021	0.0000	0.0000	0.0000	-0.0000	0.0000	2.5103	4.9998	7.4742	0.0000	0.0000	0.0000	0.0000	0.0000	0.0000	0.0000	0.0000	0.0000	0.0000	0.0000	0.0000	0.0000	0.0000	0.0000	0.0000	0.0000	0.0000	0.0000	0.0000	0.0000	0.0000	0.0000	0.0000	0.0000	0.0000	0.0000	0.0570	0.0400	0.0170	0.0371	0.0303	0.0068	0.0199	0.0097	0.0103	0.0000	0.0000	0.0000	0.0000	0.0000	0.0000	0.0000	0.0000	0.0000	0.0004	0.0005	0.0000	0.0000	0.0000	0.0000	0.0010	0.0021	0.0000						
11	94	0.6139	11	1	2	0	1	0	0	0	0	N	Y	N	N	N	N	N	N	N	N	N	N	0.0000	0.0000	0.0000	0.0000	0.0000	0.0000	0.0000	0.0000	0.0000	0.0000	0.0000	0.0000	0.0000	0.0003	0.0004	0.0000	0.0004	0.0006	0.0000	0.0000	0.0000	0.0000	0.0000	0.0000	-0.0000	0.0000	7.1305	4.9998	3.2426	0.0000	0.0000	0.0000	0.0000	0.0000	0.0000	0.0000	0.0000	0.0000	0.0000	0.0000	0.0000	0.0000	0.0000	0.0000	0.0000	0.0000	0.0000	0.0000	0.0000	0.0000	0.0000	0.0000	0.0000	0.0000	0.0000	0.0000	0.0678	0.0479	0.0198	0.0450	0.0363	0.0086	0.0228	0.0116	0.0112	0.0000	0.0000	0.0000	0.0000	0.0000	0.0000	0.0000	0.0000	0.0000	0.0003	0.0004	0.0000	0.0004	0.0006	0.0000	0.0000	0.0000	0.0000						
11	95	0.1836	8	2	2	0	1	0	0	0	0	Y	Y	N	N	N	N	N	N	N	N	N	N	0.0000	0.0000	0.0000	0.0000	0.0000	0.0000	0.0000	0.0000	0.0000	0.0000	0.0000	0.0000	0.0000	6.0380	12.0411	0.0000	0.0000	0.0000	0.0000	6.6157	12.7743	0.0000	0.0000	0.0000	-0.4584	0.0000	8.0000	4.9998	22.5660	0.0000	0.0000	0.0000	0.0000	0.0000	0.0000	0.0000	0.0000	0.0000	1.0000	1.0000	0.0000	0.0000	0.0000	0.0000	1.0000	1.0000	0.0000	0.0000	0.0000	0.0000	0.0000	0.0000	0.0000	0.0000	0.0000	0.0000	0.1960	0.1157	0.0803	0.0448	0.0374	0.0074	0.1512	0.0783	0.0729	0.0000	0.0000	0.0000	0.0000	0.0000	0.0000	0.0000	0.0000	0.0000	5.1032	8.6431	0.0000	0.0000	0.0000	0.0000	6.6157	12.7743	0.0000						
11	96	0.1096	6	1	1	0	1	0	0	0	0	N	N	N	N	N	N	N	N	N	N	N	N	0.0000	0.0000	0.0000	0.0000	0.0000	0.0000	0.0000	0.0000	0.0000	0.0000	0.0000	0.0000	0.0000	6.3414	0.0000	25.2637	0.0000	0.0000	0.0000	6.1378	0.0000	21.7341	inf	0.0000	0.5415	0.0000	11.9964	4.9998	18.8414	0.0000	0.0000	0.0000	0.0000	0.0000	0.0000	0.0000	0.0000	0.0000	0.9998	0.0000	0.9998	0.0000	0.0000	0.0000	0.9998	0.0000	0.9998	0.0000	0.0000	0.0000	0.0000	0.0000	0.0000	0.0000	0.0000	0.0000	0.1866	0.1038	0.0828	0.0237	0.0208	0.0029	0.1629	0.0830	0.0798	0.0000	0.0000	0.0000	0.0000	0.0000	0.0000	0.0000	0.0000	0.0000	5.3587	0.0000	12.0804	0.0000	0.0000	0.0000	6.1378	0.0000	12.5218						
11	98	0.2141	10	2	2	1	1	0	0	0	0	Y	Y	N	N	N	N	N	N	N	N	N	N	0.0000	0.0000	0.0000	0.0000	0.0000	0.0000	0.0000	0.0000	0.0000	0.0000	0.0000	0.0000	0.0000	0.0029	0.0048	0.0000	0.0092	0.0113	0.0000	0.0000	0.0000	0.0000	0.0000	0.0000	-0.0002	0.0000	0.9502	4.9998	16.1595	0.0000	0.0000	0.0000	0.0000	0.0000	0.0000	0.0000	0.0000	0.0000	0.0003	0.0003	0.0000	0.0003	0.0003	0.0000	0.0000	0.0000	0.0000	0.0000	0.0000	0.0000	0.0000	0.0000	0.0000	0.0000	0.0000	0.0000	0.1130	0.0687	0.0443	0.0359	0.0293	0.0066	0.0770	0.0393	0.0377	0.0000	0.0000	0.0000	0.0000	0.0000	0.0000	0.0000	0.0000	0.0000	0.0029	0.0048	0.0000	0.0092	0.0113	0.0000	0.0000	0.0000	0.0000						
11	99	0.1096	6	1	2	0	1	0	0	0	0	N	Y	N	N	N	N	N	N	N	N	N	N	0.0000	0.0000	0.0000	0.0000	0.0000	0.0000	0.0000	0.0000	0.0000	0.0000	0.0000	0.0000	0.0000	0.0000	0.0000	0.0000	0.0000	0.0000	0.0000	0.0000	0.0000	11.9964	4.9998	15.6499	0.0000	0.0000	0.0000	0.0000	0.0000	0.0000	0.0000	0.0000	0.0000	0.0000	0.0000	0.0000	0.0000	0.0000	0.0000	0.0000	0.0000	0.0000	0.0000	0.0000	0.0000	0.0000	0.0000	0.0000	0.0000	0.0000	0.0000	0.1706	0.0950	0.0756	0.0221	0.0195	0.0026	0.1485	0.0756	0.0730	0.0000	0.0000	0.0000	0.0000	0.0000	0.0000	0.0000	0.0000	0.0000	0.0000	0.0000	0.0000	0.0000	0.0000	0.0000	0.0000	0.0000	0.0000											
11	100	0.2171	11	2	1	1	1	0	0	0	0	Y	N	N	N	N	N	N	N	N	N	N	N	0.0000	0.0000	0.0000	0.0000	0.0000	0.0000	0.0000	0.0000	0.0000	0.0000	0.0000	0.0000	0.0000	0.0325	0.0540	0.0000	0.1009	0.1247	0.0000	0.0000	0.0000	0.0000	0.0000	0.0000	-0.0015	0.0000	1.0008	4.9998	13.9255	0.0000	0.0000	0.0000	0.0000	0.0000	0.0000	0.0000	0.0000	0.0000	0.0032	0.0032	0.0000	0.0032	0.0032	0.0000	0.0000	0.0000	0.0000	0.0000	0.0000	0.0000	0.0000	0.0000	0.0000	0.0000	0.0000	0.0000	0.0983	0.0591	0.0392	0.0316	0.0256	0.0060	0.0667	0.0335	0.0331	0.0000	0.0000	0.0000	0.0000	0.0000	0.0000	0.0000	0.0000	0.0000	0.0325	0.0540	0.0000	0.1009	0.1247	0.0000	0.0000	0.0000	0.0000						
11	101	0.2141	10	2	1	1	1	0	0	0	0	Y	N	N	N	N	N	N	N	N	N	N	N	0.0000	0.0000	0.0000	0.0000	0.0000	0.0000	0.0000	0.0000	0.0000	0.0000	0.0000	0.0000	0.0000	0.0000	0.0000	0.0000	0.1287	0.0177	0.3643	0.0250	0.0295	0.0000	0.2249	0.0000	0.4728	9.6944	0.0000	0.0016	0.0000	0.0532	4.9998	2.0467	0.0000	0.0000	0.0000	0.0000	0.0000	0.0000	0.0000	0.0000	0.0000	0.0035	0.0003	0.0032	0.0003	0.0003	0.0000	0.0032	0.0000	0.0032	0.0000	0.0000	0.0000	0.0000	0.0000	0.0000	0.0000	0.0000	0.0000	0.0273	0.0186	0.0088	0.0132	0.0111	0.0020	0.0142	0.0074	0.0067	0.0000	0.0000	0.0000	0.0000	0.0000	0.0000	0.0000	0.0000	0.0000	0.1287	0.0177	0.3643	0.0250	0.0295	0.0000	0.2249	0.0000	0.4728			
11	102	0.2044	9	2	1	1	1	0	0	0	0	Y	N	N	N	N	N	N	N	N	N	N	N	0.0000	0.0000	0.0000	0.0000	0.0000	0.0000	0.0000	0.0000	0.0000	0.0000	0.0000	0.0000	0.0000	0.0000	0.0000	0.0000	0.0075	0.0007	0.0206	0.0012	0.0014	0.0000	0.0113	0.0000	0.0248	16.5051	0.0000	0.0002	0.0000	2.0948	4.9998	3.0326	0.0000	0.0000	0.0000	0.0000	0.0000	0.0000	0.0000	0.0000	0.0000	0.0003	0.0000	0.0003	0.0000	0.0000	0.0000	0.0003	0.0000	0.0003	0.0000	0.0000	0.0000	0.0000	0.0000	0.0000	0.0000	0.0000	0.0000	0.0467	0.0306	0.0161	0.0174	0.0146	0.0028	0.0293	0.0160	0.0133	0.0000	0.0000	0.0000	0.0000	0.0000	0.0000	0.0000	0.0000	0.0000	0.0075	0.0007	0.0206	0.0012	0.0014	0.0000	0.0113	0.0000	0.0248			
11	103	0.1836	8	2	1	1	1	0	0	0	0	Y	N	N	N	N	N	N	N	N	N	N	N	0.0000	0.0000	0.0000	0.0000	0.0000	0.0000	0.0000	0.0000	0.0000	0.0000	0.0000	0.0000	0.0000	0.0003	0.0000	0.0007	0.0000	0.0000	0.0000	0.0004	0.0000	0.0008	inf	0.0000	0.0000	0.0000	3.9484	4.9998	4.8420	0.0000	0.0000	0.0000	0.0000	0.0000	0.0000	0.0000	0.0000	0.0000	0.0000	0.0000	0.0000	0.0000	0.0000	0.0000	0.0000	0.0000	0.0000	0.0000	0.0000	0.0000	0.0000	0.0000	0.0000	0.0000	0.0000	0.0000	0.0744	0.0470	0.0273	0.0207	0.0183	0.0024	0.0537	0.0287	0.0250	0.0000	0.0000	0.0000	0.0000	0.0000	0.0000	0.0000	0.0000	0.0000	0.0003	0.0000	0.0007	0.0000	0.0000	0.0000	0.0004	0.0000	0.0008						
11	104	0.1419	7	1	2	0	1	0	0	0	0	N	Y	N	N	N	N	N	N	N	N	N	N	0.0000	0.0000	0.0000	0.0000	0.0000	0.0000	0.0000	0.0000	0.0000	0.0000	0.0000	0.0000	0.0000	0.0017	0.0030	0.0000	0.0106	0.0127	0.0000	0.0000	0.0000	0.0000	0.0000	0.0000	-0.0002	0.0000	8.9557	4.9998	32.3127	0.0000	0.0000	0.0000	0.0000	0.0000	0.0000	0.0000	0.0000	0.0000	0.0004	0.0004	0.0000	0.0004	0.0004	0.0000	0.0000	0.0000	0.0000	0.0000	0.0000	0.0000	0.0000	0.0000	0.0000	0.0000	0.0000	0.0000	0.2438	0.1396	0.1042	0.0396	0.0330	0.0066	0.2042	0.1066	0.0976	0.0000	0.0000	0.0000	0.0000	0.0000	0.0000	0.0000	0.0000	0.0000	0.0017	0.0030	0.0000	0.0106	0.0127	0.0000	0.0000	0.0000	0.0000						
11	105	0.1674	8	1	1	1	1	0	0	0	0	N	N	N	N	N	N	N	N	N	N	N	N	0.0000	0.0000	0.0000	0.0000	0.0000	0.0000	0.0000	0.0000	0.0000	0.0000	0.0000	0.0000	0.0000	0.0002	0.0004	0.0000	0.0010	0.0013	0.0000	0.0000	0.0000	0.0000	0.0000	0.0000	-0.0000	0.0000	4.2679	4.9998	7.8415	0.0000	0.0000	0.0000	0.0000	0.0000	0.0000	0.0000	0.0000	0.0000	0.0000	0.0000	0.0000	0.0000	0.0000	0.0000	0.0000	0.0000	0.0000	0.0000	0.0000	0.0000	0.0000	0.0000	0.0000	0.0000	0.0000	0.0000	0.0850	0.0497	0.0353	0.0195	0.0160	0.0036	0.0655	0.0337	0.0318	0.0000	0.0000	0.0000	0.0000	0.0000	0.0000	0.0000	0.0000	0.0000	0.0002	0.0004	0.0000	0.0010	0.0013	0.0000	0.0000	0.0000	0.0000						
11	106	0.1419	7	1	1	0	1	0	0	0	0	N	N	N	N	N	N	N	N	N	N	N	N	0.0000	0.0000	0.0000	0.0000	0.0000	0.0000	0.0000	0.0000	0.0000	0.0000	0.0000	0.0000	0.0000	0.0000	0.0000	0.0047	0.0078	0.0000	0.0184	0.0210	0.0000	0.0003	0.0005	0.0000	0.0000	0.0000	-0.0002	0.0000	1.9301	4.9998	9.0954	0.0000	0.0000	0.0000	0.0000	0.0000	0.0000	0.0000	0.0000	0.0000	0.0004	0.0004	0.0000	0.0004	0.0004	0.0000	0.0000	0.0000	0.0000	0.0000	0.0000	0.0000	0.0000	0.0000	0.0000	0.0000	0.0000	0.0000	0.0929	0.0566	0.0363	0.0228	0.0200	0.0028	0.0700	0.0365	0.0335	0.0000	0.0000	0.0000	0.0000	0.0000	0.0000	0.0000	0.0000	0.0000	0.0047	0.0078	0.0000	0.0184	0.0210	0.0000	0.0003	0.0005	0.0000				
11	107	0.1096	6	1	1	0	1	0	0	0	0	N	N	N	N	N	N	N	N	N	N	N	N	0.0000	0.0000	0.0000	0.0000	0.0000	0.0000	0.0000	0.0000	0.0000	0.0000	0.0000	0.0000	0.0000	0.0000	0.0000	0.0044	0.0069	0.0012	0.0000	0.0000	0.0000	0.0052	0.0092	0.0013	0.1351	0.0000	-0.0001	0.0000	3.9049	4.9998	9.6098	0.0000	0.0000	0.0000	0.0000	0.0000	0.0000	0.0000	0.0000	0.0000	0.0004	0.0004	0.0000	0.0000	0.0000	0.0000	0.0004	0.0004	0.0000	0.0000	0.0000	0.0000	0.0000	0.0000	0.0000	0.0000	0.0000	0.0000	0.0949	0.0535	0.0413	0.0147	0.0133	0.0014	0.0802	0.0402	0.0400	0.0000	0.0000	0.0000	0.0000	0.0000	0.0000	0.0000	0.0000	0.0000	0.0044	0.0069	0.0012	0.0000	0.0000	0.0000	0.0052	0.0092	0.0013				
11	108	0.1308	8	1	2	0	1	0	0	0	0	N	Y	N	N	N	N	N	N	N	N	N	N	0.0000	0.0000	0.0000	0.0000	0.0000	0.0000	0.0000	0.0000	0.0000	0.0000	0.0000	0.0000	0.0000	0.0007	0.0012	0.0000	0.0036	0.0040	0.0000	0.0000	0.0000	0.0000	0.0000	0.0000	-0.0001	0.0000	8.0392	4.9998	22.6195	0.0000	0.0000	0.0000	0.0000	0.0000	0.0000	0.0000	0.0000	0.0000	0.0001	0.0001	0.0000	0.0001	0.0001	0.0000	0.0000	0.0000	0.0000	0.0000	0.0000	0.0000	0.0000	0.0000	0.0000	0.0000	0.0000	0.0000	0.2059	0.1224	0.0836	0.0414	0.0376	0.0037	0.1646	0.0847	0.0798	0.0000	0.0000	0.0000	0.0000	0.0000	0.0000	0.0000	0.0000	0.0000	0.0007	0.0012	0.0000	0.0036	0.0040	0.0000	0.0000	0.0000	0.0000						
11	109	0.1308	7	1	1	0	1	0	0	0	0	N	N	N	N	N	N	N	N	N	N	N	N	0.0000	0.0000	0.0000	0.0000	0.0000	0.0000	0.0000	0.0000	0.0000	0.0000	0.0000	0.0000	0.0000	0.0000	0.0000	0.0000	0.0000	0.0000	0.0055	0.0072	0.0013	0.0067	0.0068	0.0000	0.0047	0.0076	0.0013	0.0715	0.0000	-0.0001	0.0000	0.2031	4.9998	2.0398	0.0000	0.0000	0.0000	0.0000	0.0000	0.0000	0.0000	0.0000	0.0000	0.0003	0.0003	0.0000	0.0001	0.0001	0.0000	0.0001	0.0001	0.0000	0.0000	0.0000	0.0000	0.0000	0.0000	0.0000	0.0000	0.0000	0.0000	0.0545	0.0391	0.0154	0.0223	0.0220	0.0004	0.0322	0.0171	0.0151	0.0000	0.0000	0.0000	0.0000	0.0000	0.0000	0.0000	0.0000	0.0000	0.0055	0.0072	0.0013	0.0067	0.0068	0.0000	0.0047	0.0076	0.0013	
11	110	0.7113	13	2	1	1	1	0	0	0	0	Y	N	N	N	N	N	N	N	N	N	N	N	0.0000	0.0000	0.0000	0.0000	0.0000	0.0000	0.0000	0.0000	0.0000	0.0000	0.0000	0.0000	0.0000	1.8633	0.0000	7.4416	3.4235	0.0000	126.3104	0.0000	0.0000	0.0000	inf	0.0000	0.0000	0.0000	0.0001	4.9998	0.0001	0.0000	0.0000	0.0000	0.0000	0.0000	0.0000	0.0000	0.0000	0.0000	0.0001	0.0000	0.0001	0.0001	0.0000	0.0001	0.0000	0.0000	0.0000	0.0000	0.0000	0.0000	0.0000	0.0000	0.0000	0.0000	0.0000	0.0000	0.0000	0.0000	0.0000	0.0000	0.0000	0.0000	0.0000	0.0000	0.0000	0.0000	0.0000	0.0000	0.0000	0.0000	0.0000	0.0000	0.0000	0.0000	1.8633	0.0000	6.7331	3.4235	0.0000	61.2803	0.0000	0.0000	0.0000						
11	111	0.6975	12	2	1	1	1	0	0	0	0	Y	N	N	N	N	N	N	N	N	N	N	N	0.0000	0.0000	0.0000	0.0000	0.0000	0.0000	0.0000	0.0000	0.0000	0.0000	0.0000	0.0000	0.0000	0.0000	0.0000	0.0000	0.0000	0.0000	72.8441	0.0031	232.3852	266.3130	0.0037	739.2733	0.0670	0.0000	0.1329	13438.7960	0.0000	0.5225	0.0000	1.6718	4.9998	2.9223	0.0000	0.0000	0.0000	0.0000	0.0000	0.0000	0.0000	0.0000	0.0000	0.9648	0.0001	0.9648	0.9643	0.0001	0.9642	0.0005	0.0000	0.0005	0.0000	0.0000	0.0000	0.0000	0.0000	0.0000	0.0000	0.0000	0.0000	0.0328	0.0235	0.0093	0.0246	0.0194	0.0052	0.0082	0.0041	0.0041	0.0000	0.0000	0.0000	0.0000	0.0000	0.0000	0.0000	0.0000	0.0000	29.4043	0.0031	103.6937	39.1896	0.0037	186.6781	0.0670	0.0000	0.1329	
11	112	0.6139	11	2	1	1	1	0	0	0	0	Y	N	N	N	N	N	N	N	N	N	N	N	0.0000	0.0000	0.0000	0.0000	0.0000	0.0000	0.0000	0.0000	0.0000	0.0000	0.0000	0.0000	0.0000	0.0000	0.0000	0.0000	0.0000	0.3162	0.0077	1.0430	0.4887	0.0104	2.4494	0.0017	0.0000	0.0036	57.8197	0.0000	0.0188	0.0000	14.0283	4.9998	7.1084	0.0000	0.0000	0.0000	0.0000	0.0000	0.0000	0.0000	0.0000	0.0000	0.0359	0.0006	0.0353	0.0358	0.0006	0.0352	0.0001	0.0000	0.0001	0.0000	0.0000	0.0000	0.0000	0.0000	0.0000	0.0000	0.0000	0.0000	0.1135	0.0796	0.0338	0.0733	0.0589	0.0144	0.0402	0.0207	0.0194	0.0000	0.0000	0.0000	0.0000	0.0000	0.0000	0.0000	0.0000	0.0000	0.3162	0.0077	1.0430	0.4887	0.0104	2.4494	0.0017	0.0000	0.0036		
11	113	0.5537	10	1	1	0	1	0	0	0	0	N	N	N	N	N	N	N	N	N	N	N	N	0.0000	0.0000	0.0000	0.0000	0.0000	0.0000	0.0000	0.0000	0.0000	0.0000	0.0000	0.0000	0.0000	0.0000	0.0000	0.0000	0.0000	0.1558	0.2153	0.0017	0.0027	0.0031	0.0000	0.3511	0.6397	0.0024	0.0031	0.0000	-0.0089	0.0000	8.6129	4.9998	5.1709	0.0000	0.0000	0.0000	0.0000	0.0000	0.0000	0.0000	0.0000	0.0000	0.0196	0.0196	0.0001	0.0002	0.0002	0.0000	0.0195	0.0194	0.0001	0.0000	0.0000	0.0000	0.0000	0.0000	0.0000	0.0000	0.0000	0.0000	0.1261	0.0910	0.0352	0.0707	0.0606	0.0101	0.0554	0.0303	0.0251	0.0000	0.0000	0.0000	0.0000	0.0000	0.0000	0.0000	0.0000	0.0000	0.1558	0.2153	0.0017	0.0027	0.0031	0.0000	0.3511	0.6397	0.0024		
11	114	0.4586	9	1	1	0	1	0	0	0	0	N	N	N	N	N	N	N	N	N	N	N	N	0.0000	0.0000	0.0000	0.0000	0.0000	0.0000	0.0000	0.0000	0.0000	0.0000	0.0000	0.0000	0.0000	0.0000	0.0000	0.0000	0.0000	0.0000	4.0061	6.6096	0.0252	0.0338	0.0412	0.0002	8.3634	16.0132	0.0363	0.0021	0.0000	-0.4486	0.0000	16.8607	4.9998	22.7724	0.0000	0.0000	0.0000	0.0000	0.0000	0.0000	0.0000	0.0000	0.0000	0.9832	0.9811	0.0020	0.0046	0.0046	0.0000	0.9786	0.9765	0.0020	0.0000	0.0000	0.0000	0.0000	0.0000	0.0000	0.0000	0.0000	0.0000	0.2535	0.1727	0.0808	0.1365	0.1117	0.0248	0.1170	0.0610	0.0560	0.0000	0.0000	0.0000	0.0000	0.0000	0.0000	0.0000	0.0000	0.0000	3.8787	5.6827	0.0252	0.0338	0.0412	0.0002	8.3634	16.0132	0.0363	
11	115	0.1898	8	2	1	1	1	0	0	0	0	Y	N	N	N	N	N	N	N	N	N	N	N	0.0000	0.0000	0.0000	0.0000	0.0000	0.0000	0.0000	0.0000	0.0000	0.0000	0.0000	0.0000	0.0000	0.0000	0.0000	0.0000	0.0000	0.0000	0.0000	0.0000	0.0000	1.0009	4.9998	4.0038	0.0000	0.0000	0.0000	0.0000	0.0000	0.0000	0.0000	0.0000	0.0000	0.0000	0.0000	0.0000	0.0000	0.0000	0.0000	0.0000	0.0000	0.0000	0.0000	0.0000	0.0000	0.0000	0.0000	0.0000	0.0000	0.0000	0.0000	0.0532	0.0325	0.0206	0.0141	0.0135	0.0005	0.0391	0.0190	0.0201	0.0000	0.0000	0.0000	0.0000	0.0000	0.0000	0.0000	0.0000	0.0000	0.0000	0.0000	0.0000	0.0000	0.0000	0.0000	0.0000	0.0000	0.0000											
11	116	0.1615	7	2	1	1	1	0	0	0	0	Y	N	N	N	N	N	N	N	N	N	N	N	0.0000	0.0000	0.0000	0.0000	0.0000	0.0000	0.0000	0.0000	0.0000	0.0000	0.0000	0.0000	0.0000	0.0000	0.0000	0.0000	0.0000	0.0000	0.7097	1.0630	0.1998	3.3440	3.5995	0.0213	0.1146	0.0286	0.2057	0.1302	0.0000	-0.0232	0.0000	1.8441	4.9998	10.4794	0.0000	0.0000	0.0000	0.0000	0.0000	0.0000	0.0000	0.0000	0.0000	0.0675	0.0597	0.0078	0.0586	0.0585	0.0000	0.0089	0.0011	0.0077	0.0000	0.0000	0.0000	0.0000	0.0000	0.0000	0.0000	0.0000	0.0000	0.0951	0.0562	0.0389	0.0175	0.0163	0.0013	0.0775	0.0399	0.0377	0.0000	0.0000	0.0000	0.0000	0.0000	0.0000	0.0000	0.0000	0.0000	0.7097	1.0630	0.1998	3.3440	3.5995	0.0213	0.1146	0.0286	0.2057	
11	117	0.3458	7	1	2	0	2	0	0	0	0	N	Y	N	Y	N	N	N	N	N	N	N	N	0.0000	0.0000	0.0000	0.0000	0.0000	0.0000	0.0000	0.0000	0.0000	0.0000	0.0000	0.0000	0.0000	0.0000	0.0000	0.0000	0.0000	3.3153	0.0032	18.8927	0.1761	0.0051	1.1189	6.4795	0.0000	24.1895	1532.6143	0.0000	0.4812	0.0000	10.5071	4.9998	20.2622	0.0000	0.0000	0.0000	0.0000	0.0000	0.0000	0.0000	0.0000	0.0000	0.8895	0.0006	0.8889	0.0237	0.0006	0.0231	0.8658	0.0000	0.8658	0.0000	0.0000	0.0000	0.0000	0.0000	0.0000	0.0000	0.0000	0.0000	0.2683	0.1824	0.0859	0.1347	0.1140	0.0207	0.1336	0.0684	0.0652	0.0000	0.0000	0.0000	0.0000	0.0000	0.0000	0.0000	0.0000	0.0000	3.3153	0.0032	10.3486	0.1761	0.0051	1.1189	6.4795	0.0000	13.2746		
11	118	0.1096	6	1	2	0	2	0	0	0	0	N	Y	N	Y	N	N	N	N	N	N	N	N	0.0000	0.0000	0.0000	0.0000	0.0000	0.0000	0.0000	0.0000	0.0000	0.0000	0.0000	0.0000	0.0000	6.5001	0.0000	25.5995	0.0000	0.0000	0.0000	6.2055	0.0000	22.1205	inf	0.0000	0.5416	0.0000	4.0036	4.9998	26.5072	0.0000	0.0000	0.0000	0.0000	0.0000	0.0000	0.0000	0.0000	0.0000	1.0000	0.0000	1.0000	0.0000	0.0000	0.0000	1.0000	0.0000	1.0000	0.0000	0.0000	0.0000	0.0000	0.0000	0.0000	0.0000	0.0000	0.0000	0.1846	0.1027	0.0819	0.0235	0.0206	0.0029	0.1611	0.0821	0.0790	0.0000	0.0000	0.0000	0.0000	0.0000	0.0000	0.0000	0.0000	0.0000	5.4160	0.0000	12.2110	0.0000	0.0000	0.0000	6.2055	0.0000	12.6568						
11	119	0.0712	5	1	2	0	1	0	0	0	0	N	Y	N	N	N	N	N	N	N	N	N	N	0.0000	0.0000	0.0000	0.0000	0.0000	0.0000	0.0000	0.0000	0.0000	0.0000	0.0000	0.0000	0.0000	0.0000	0.0000	0.0000	0.0000	0.0000	16.5950	13.7338	28.2796	0.0138	0.0141	0.0100	12.6738	11.9914	24.7098	1.0022	0.0000	0.0841	0.0000	3.8169	4.9998	21.2433	0.0000	0.0000	0.0000	0.0000	0.0000	0.0000	0.0000	0.0000	0.0000	1.9951	0.9965	0.9986	0.0003	0.0003	0.0000	1.9948	0.9961	0.9986	0.0000	0.0000	0.0000	0.0000	0.0000	0.0000	0.0000	0.0000	0.0000	0.1821	0.1058	0.0763	0.0247	0.0227	0.0020	0.1574	0.0831	0.0743	0.0000	0.0000	0.0000	0.0000	0.0000	0.0000	0.0000	0.0000	0.0000	10.9576	9.4221	13.0853	0.0138	0.0141	0.0100	12.6738	11.9914	13.4365	
11	120	0.4937	11	1	2	0	1	0	0	0	0	N	Y	N	N	N	N	N	N	N	N	N	N	0.0000	0.0000	0.0000	0.0000	0.0000	0.0000	0.0000	0.0000	0.0000	0.0000	0.0000	0.0000	0.0000	2.4664	3.6128	0.0000	4.8213	5.8936	0.0000	0.0000	0.0000	0.0000	0.0000	0.0000	-0.4041	0.0000	16.3276	4.9998	34.9199	0.0000	0.0000	0.0000	0.0000	0.0000	0.0000	0.0000	0.0000	0.0000	0.8817	0.8817	0.0000	0.8817	0.8817	0.0000	0.0000	0.0000	0.0000	0.0000	0.0000	0.0000	0.0000	0.0000	0.0000	0.0000	0.0000	0.0000	0.3575	0.2440	0.1134	0.1886	0.1543	0.0343	0.1688	0.0898	0.0791	0.0000	0.0000	0.0000	0.0000	0.0000	0.0000	0.0000	0.0000	0.0000	2.4664	3.6128	0.0000	4.6740	5.7144	0.0000	0.0000	0.0000	0.0000						
11	121	0.4764	10	1	2	0	1	0	0	0	0	N	Y	N	N	N	N	N	N	N	N	N	N	0.0000	0.0000	0.0000	0.0000	0.0000	0.0000	0.0000	0.0000	0.0000	0.0000	0.0000	0.0000	0.0000	0.0000	0.0000	0.0000	0.0000	0.0000	0.6410	0.8405	0.1696	0.9919	1.1884	0.0003	0.1912	0.1429	0.2464	0.0854	0.0000	-0.0578	0.0000	6.1757	4.9998	14.5601	0.0000	0.0000	0.0000	0.0000	0.0000	0.0000	0.0000	0.0000	0.0000	0.1521	0.1402	0.0120	0.1322	0.1322	0.0000	0.0199	0.0079	0.0120	0.0000	0.0000	0.0000	0.0000	0.0000	0.0000	0.0000	0.0000	0.0000	0.2373	0.1668	0.0706	0.1333	0.1113	0.0220	0.1040	0.0555	0.0485	0.0000	0.0000	0.0000	0.0000	0.0000	0.0000	0.0000	0.0000	0.0000	0.6410	0.8405	0.1696	0.9919	1.1884	0.0003	0.1912	0.1429	0.2464	
11	122	0.4234	9	1	1	0	1	0	0	0	0	N	N	N	N	N	N	N	N	N	N	N	N	0.0000	0.0000	0.0000	0.0000	0.0000	0.0000	0.0000	0.0000	0.0000	0.0000	0.0000	0.0000	0.0000	0.0000	0.0000	0.0000	0.0000	0.0000	0.1605	0.1869	0.0994	0.2347	0.2760	0.0010	0.0838	0.0424	0.1327	0.2299	0.0000	-0.0114	0.0000	7.5400	4.9998	21.4192	0.0000	0.0000	0.0000	0.0000	0.0000	0.0000	0.0000	0.0000	0.0000	0.0419	0.0341	0.0078	0.0311	0.0311	0.0000	0.0108	0.0030	0.0078	0.0000	0.0000	0.0000	0.0000	0.0000	0.0000	0.0000	0.0000	0.0000	0.2612	0.1824	0.0788	0.1327	0.1128	0.0199	0.1285	0.0696	0.0589	0.0000	0.0000	0.0000	0.0000	0.0000	0.0000	0.0000	0.0000	0.0000	0.1605	0.1869	0.0994	0.2347	0.2760	0.0010	0.0838	0.0424	0.1327	
11	123	0.1836	8	1	2	0	1	0	0	0	0	N	Y	N	N	N	N	N	N	N	N	N	N	0.0000	0.0000	0.0000	0.0000	0.0000	0.0000	0.0000	0.0000	0.0000	0.0000	0.0000	0.0000	0.0000	8.1113	16.8858	0.0000	141.7315	224.2369	0.0000	0.0000	0.0000	0.0000	0.0000	0.0000	-0.4583	0.0000	4.0019	4.9998	19.5615	0.0000	0.0000	0.0000	0.0000	0.0000	0.0000	0.0000	0.0000	0.0000	0.9998	0.9998	0.0000	0.9998	0.9998	0.0000	0.0000	0.0000	0.0000	0.0000	0.0000	0.0000	0.0000	0.0000	0.0000	0.0000	0.0000	0.0000	0.1593	0.0949	0.0643	0.0376	0.0317	0.0059	0.1216	0.0632	0.0585	0.0000	0.0000	0.0000	0.0000	0.0000	0.0000	0.0000	0.0000	0.0000	6.2780	10.5336	0.0000	26.5739	31.5005	0.0000	0.0000	0.0000	0.0000						
11	124	0.1615	7	1	1	0	1	0	0	0	0	N	N	N	N	N	N	N	N	N	N	N	N	0.0000	0.0000	0.0000	0.0000	0.0000	0.0000	0.0000	0.0000	0.0000	0.0000	0.0000	0.0000	0.0000	0.0000	0.0000	0.0000	0.0000	17.9169	0.0004	81.9956	0.2094	0.0014	3.3193	15.3124	0.0000	63.9721	47200.6136	0.0000	0.5113	0.0000	1.2223	4.9998	8.2281	0.0000	0.0000	0.0000	0.0000	0.0000	0.0000	0.0000	0.0000	0.0000	0.9440	0.0000	0.9440	0.0033	0.0000	0.0033	0.9408	0.0000	0.9408	0.0000	0.0000	0.0000	0.0000	0.0000	0.0000	0.0000	0.0000	0.0000	0.0779	0.0468	0.0311	0.0157	0.0147	0.0010	0.0622	0.0321	0.0301	0.0000	0.0000	0.0000	0.0000	0.0000	0.0000	0.0000	0.0000	0.0000	12.1252	0.0004	30.3511	0.2094	0.0014	3.3193	15.1260	0.0000	31.2323		
11	125	0.1096	6	1	1	0	1	0	0	0	0	N	N	N	N	N	N	N	N	N	N	N	N	0.0000	0.0000	0.0000	0.0000	0.0000	0.0000	0.0000	0.0000	0.0000	0.0000	0.0000	0.0000	0.0000	0.0000	0.0000	0.4861	0.0480	1.0441	0.0000	0.0000	0.0000	0.5667	0.0622	1.0805	17.0581	0.0000	0.0287	0.0000	5.9920	4.9998	12.2976	0.0000	0.0000	0.0000	0.0000	0.0000	0.0000	0.0000	0.0000	0.0000	0.0590	0.0033	0.0558	0.0000	0.0000	0.0000	0.0590	0.0033	0.0558	0.0000	0.0000	0.0000	0.0000	0.0000	0.0000	0.0000	0.0000	0.0000	0.1215	0.0681	0.0534	0.0173	0.0155	0.0018	0.1042	0.0526	0.0516	0.0000	0.0000	0.0000	0.0000	0.0000	0.0000	0.0000	0.0000	0.0000	0.4861	0.0480	1.0441	0.0000	0.0000	0.0000	0.5667	0.0622	1.0805				
11	126	0.1468	8	1	2	0	1	0	0	0	0	N	Y	N	N	N	N	N	N	N	N	N	N	0.0000	0.0000	0.0000	0.0000	0.0000	0.0000	0.0000	0.0000	0.0000	0.0000	0.0000	0.0000	0.0000	0.0000	0.0000	0.0000	0.0015	0.0025	0.0000	0.0062	0.0069	0.0000	0.0000	0.0000	0.0000	0.0000	0.0000	-0.0001	0.0000	5.0407	4.9998	17.1705	0.0000	0.0000	0.0000	0.0000	0.0000	0.0000	0.0000	0.0000	0.0000	0.0002	0.0002	0.0000	0.0002	0.0002	0.0000	0.0000	0.0000	0.0000	0.0000	0.0000	0.0000	0.0000	0.0000	0.0000	0.0000	0.0000	0.0000	0.1627	0.0979	0.0648	0.0387	0.0350	0.0037	0.1240	0.0629	0.0611	0.0000	0.0000	0.0000	0.0000	0.0000	0.0000	0.0000	0.0000	0.0000	0.0015	0.0025	0.0000	0.0062	0.0069	0.0000	0.0000	0.0000	0.0000			
11	127	0.1308	7	1	2	0	1	0	0	0	0	N	Y	N	N	N	N	N	N	N	N	N	N	0.0000	0.0000	0.0000	0.0000	0.0000	0.0000	0.0000	0.0000	0.0000	0.0000	0.0000	0.0000	0.0000	0.0000	0.0000	0.0000	0.0000	0.0000	0.0044	0.0062	0.0010	0.0056	0.0059	0.0000	0.0038	0.0065	0.0010	0.0834	0.0000	-0.0001	0.0000	1.9703	4.9998	6.2034	0.0000	0.0000	0.0000	0.0000	0.0000	0.0000	0.0000	0.0000	0.0000	0.0004	0.0004	0.0000	0.0001	0.0001	0.0000	0.0002	0.0002	0.0000	0.0000	0.0000	0.0000	0.0000	0.0000	0.0000	0.0000	0.0000	0.0000	0.0891	0.0580	0.0311	0.0267	0.0256	0.0011	0.0624	0.0324	0.0300	0.0000	0.0000	0.0000	0.0000	0.0000	0.0000	0.0000	0.0000	0.0000	0.0044	0.0062	0.0010	0.0056	0.0059	0.0000	0.0038	0.0065	0.0010	
11	128	0.1096	6	1	1	0	1	0	0	0	0	N	N	N	N	N	N	N	N	N	N	N	N	0.0000	0.0000	0.0000	0.0000	0.0000	0.0000	0.0000	0.0000	0.0000	0.0000	0.0000	0.0000	0.0000	0.0000	0.0000	0.0000	0.0000	0.0022	0.0033	0.0007	0.0000	0.0000	0.0000	0.0027	0.0047	0.0007	0.1539	0.0000	-0.0000	0.0000	1.1032	4.9998	7.8190	0.0000	0.0000	0.0000	0.0000	0.0000	0.0000	0.0000	0.0000	0.0000	0.0001	0.0001	0.0000	0.0000	0.0000	0.0000	0.0001	0.0001	0.0000	0.0000	0.0000	0.0000	0.0000	0.0000	0.0000	0.0000	0.0000	0.0000	0.0682	0.0390	0.0292	0.0121	0.0112	0.0009	0.0562	0.0279	0.0283	0.0000	0.0000	0.0000	0.0000	0.0000	0.0000	0.0000	0.0000	0.0000	0.0022	0.0033	0.0007	0.0000	0.0000	0.0000	0.0027	0.0047	0.0007		
11	129	0.4527	10	1	2	0	1	0	0	0	0	N	Y	N	N	N	N	N	N	N	N	N	N	0.0000	0.0000	0.0000	0.0000	0.0000	0.0000	0.0000	0.0000	0.0000	0.0000	0.0000	0.0000	0.0000	0.0000	0.0000	0.0000	0.0000	0.0000	0.0000	0.0000	0.0000	1.0033	4.9998	0.8635	0.0000	0.0000	0.0000	0.0000	0.0000	0.0000	0.0000	0.0000	0.0000	0.0000	0.0000	0.0000	0.0000	0.0000	0.0000	0.0000	0.0000	0.0000	0.0000	0.0000	0.0000	0.0000	0.0000	0.0000	0.0000	0.0000	0.0000	0.0908	0.0700	0.0208	0.0509	0.0461	0.0048	0.0399	0.0239	0.0160	0.0000	0.0000	0.0000	0.0000	0.0000	0.0000	0.0000	0.0000	0.0000	0.0000	0.0000	0.0000	0.0000	0.0000	0.0000	0.0000	0.0000	0.0000											
11	130	0.4234	9	1	1	0	1	0	0	0	0	N	N	N	N	N	N	N	N	N	N	N	N	0.0000	0.0000	0.0000	0.0000	0.0000	0.0000	0.0000	0.0000	0.0000	0.0000	0.0000	0.0000	0.0000	0.0000	0.0000	0.0000	0.0000	0.0000	0.0448	0.0561	0.0157	0.0041	0.0047	0.0000	0.0905	0.1469	0.0210	0.1096	0.0000	-0.0033	0.0000	5.5514	4.9998	9.9598	0.0000	0.0000	0.0000	0.0000	0.0000	0.0000	0.0000	0.0000	0.0000	0.0092	0.0083	0.0009	0.0004	0.0004	0.0000	0.0088	0.0079	0.0009	0.0000	0.0000	0.0000	0.0000	0.0000	0.0000	0.0000	0.0000	0.0000	0.2057	0.1479	0.0578	0.1089	0.0945	0.0144	0.0968	0.0535	0.0433	0.0000	0.0000	0.0000	0.0000	0.0000	0.0000	0.0000	0.0000	0.0000	0.0448	0.0561	0.0157	0.0041	0.0047	0.0000	0.0905	0.1469	0.0210	
11	131	0.3931	8	1	1	0	1	0	0	0	0	N	N	N	N	N	N	N	N	N	N	N	N	0.0000	0.0000	0.0000	0.0000	0.0000	0.0000	0.0000	0.0000	0.0000	0.0000	0.0000	0.0000	0.0000	0.0000	0.0000	0.0000	0.0000	0.0000	0.2230	0.2421	0.1785	0.2402	0.2810	0.0043	0.2046	0.1761	0.2375	0.3167	0.0000	-0.0108	0.0000	9.1969	4.9998	13.4651	0.0000	0.0000	0.0000	0.0000	0.0000	0.0000	0.0000	0.0000	0.0000	0.0497	0.0377	0.0119	0.0276	0.0276	0.0001	0.0220	0.0102	0.0119	0.0000	0.0000	0.0000	0.0000	0.0000	0.0000	0.0000	0.0000	0.0000	0.2227	0.1558	0.0669	0.1150	0.0981	0.0169	0.1077	0.0577	0.0500	0.0000	0.0000	0.0000	0.0000	0.0000	0.0000	0.0000	0.0000	0.0000	0.2230	0.2421	0.1785	0.2402	0.2810	0.0043	0.2046	0.1761	0.2375	
11	132	0.0127	2	2	2	0	2	0	0	0	0	Y	Y	N	Y	N	N	N	N	N	N	N	N	0.0000	0.0000	0.0000	0.0000	0.0000	0.0000	0.0000	0.0000	0.0000	0.0000	0.0000	0.0000	0.0000	0.0036	0.0071	0.0000	46.3024	43.3785	0.0000	0.0000	0.0000	0.0000	0.0000	0.0000	-0.0000	0.0000	1.0000	4.9998	3.0001	0.0000	0.0000	0.0000	0.0000	0.0000	0.0000	0.0000	0.0000	0.0000	0.0001	0.0001	0.0000	0.0001	0.0001	0.0000	0.0000	0.0000	0.0000	0.0000	0.0000	0.0000	0.0000	0.0000	0.0000	0.0000	0.0000	0.0000	0.0276	0.0142	0.0134	0.0000	0.0000	0.0000	0.0276	0.0142	0.0134	0.0000	0.0000	0.0000	0.0000	0.0000	0.0000	0.0000	0.0000	0.0000	0.0036	0.0071	0.0000	15.5023	15.6899	0.0000	0.0000	0.0000	0.0000						
11	133	0.6055	14	2	2	0	2	0	0	0	0	Y	Y	N	Y	N	N	N	N	N	N	N	N	0.0000	0.0000	0.0000	0.0000	0.0000	0.0000	0.0000	0.0000	0.0000	0.0000	0.0000	0.0000	0.0000	0.0000	0.0000	0.0000	0.0000	0.0000	0.0000	0.0000	0.0000	0.0006	4.9998	1.9797	0.0000	0.0000	0.0000	0.0000	0.0000	0.0000	0.0000	0.0000	0.0000	0.0000	0.0000	0.0000	0.0000	0.0000	0.0000	0.0000	0.0000	0.0000	0.0000	0.0000	0.0000	0.0000	0.0000	0.0000	0.0000	0.0000	0.0000	0.0106	0.0072	0.0034	0.0056	0.0047	0.0009	0.0050	0.0025	0.0025	0.0000	0.0000	0.0000	0.0000	0.0000	0.0000	0.0000	0.0000	0.0000	0.0000	0.0000	0.0000	0.0000	0.0000	0.0000	0.0000	0.0000	0.0000											
11	134	0.5887	13	2	2	0	2	0	0	0	0	Y	Y	N	Y	N	N	N	N	N	N	N	N	0.0000	0.0000	0.0000	0.0000	0.0000	0.0000	0.0000	0.0000	0.0000	0.0000	0.0000	0.0000	0.0000	0.0008	0.0012	0.0000	0.0015	0.0018	0.0000	0.0000	0.0000	0.0000	0.0000	0.0000	-0.0000	0.0000	2.0077	4.9998	6.0321	0.0000	0.0000	0.0000	0.0000	0.0000	0.0000	0.0000	0.0000	0.0000	0.0000	0.0000	0.0000	0.0000	0.0000	0.0000	0.0000	0.0000	0.0000	0.0000	0.0000	0.0000	0.0000	0.0000	0.0000	0.0000	0.0000	0.0000	0.0382	0.0255	0.0127	0.0199	0.0164	0.0035	0.0182	0.0091	0.0091	0.0000	0.0000	0.0000	0.0000	0.0000	0.0000	0.0000	0.0000	0.0000	0.0008	0.0012	0.0000	0.0015	0.0018	0.0000	0.0000	0.0000	0.0000						
11	135	0.5840	13	1	2	0	2	0	0	0	0	N	Y	N	Y	N	N	N	N	N	N	N	N	0.0000	0.0000	0.0000	0.0000	0.0000	0.0000	0.0000	0.0000	0.0000	0.0000	0.0000	0.0000	0.0000	0.0009	0.0013	0.0000	0.0018	0.0021	0.0000	0.0000	0.0000	0.0000	0.0000	0.0000	-0.0000	0.0000	3.0348	4.9998	9.3583	0.0000	0.0000	0.0000	0.0000	0.0000	0.0000	0.0000	0.0000	0.0000	0.0001	0.0001	0.0000	0.0001	0.0001	0.0000	0.0000	0.0000	0.0000	0.0000	0.0000	0.0000	0.0000	0.0000	0.0000	0.0000	0.0000	0.0000	0.0667	0.0445	0.0222	0.0343	0.0284	0.0059	0.0324	0.0161	0.0163	0.0000	0.0000	0.0000	0.0000	0.0000	0.0000	0.0000	0.0000	0.0000	0.0009	0.0013	0.0000	0.0018	0.0021	0.0000	0.0000	0.0000	0.0000						
11	136	0.5696	12	1	1	0	2	0	0	0	0	N	N	N	Y	N	N	N	N	N	N	N	N	0.0000	0.0000	0.0000	0.0000	0.0000	0.0000	0.0000	0.0000	0.0000	0.0000	0.0000	0.0000	0.0000	0.0000	0.0000	0.0024	0.0036	0.0000	0.0012	0.0014	0.0000	0.0036	0.0071	0.0000	0.0000	0.0000	-0.0000	0.0000	0.0433	4.9998	6.6805	0.0000	0.0000	0.0000	0.0000	0.0000	0.0000	0.0000	0.0000	0.0000	0.0001	0.0001	0.0000	0.0000	0.0000	0.0000	0.0001	0.0001	0.0000	0.0000	0.0000	0.0000	0.0000	0.0000	0.0000	0.0000	0.0000	0.0000	0.0336	0.0223	0.0113	0.0169	0.0139	0.0030	0.0167	0.0084	0.0083	0.0000	0.0000	0.0000	0.0000	0.0000	0.0000	0.0000	0.0000	0.0000	0.0024	0.0036	0.0000	0.0012	0.0014	0.0000	0.0036	0.0071	0.0000				
11	137	0.0643	6	1	2	0	2	0	0	0	0	N	Y	N	Y	N	N	N	N	N	N	N	N	0.0000	0.0000	0.0000	0.0000	0.0000	0.0000	0.0000	0.0000	0.0000	0.0000	0.0000	0.0000	0.0000	0.0000	0.0000	0.0000	0.0000	0.0000	0.0000	0.0000	0.0000	0.0000	4.9998	0.0000	0.0000	0.0000	0.0000	0.0000	0.0000	0.0000	0.0000	0.0000	0.0000	0.0000	0.0000	0.0000	0.0000	0.0000	0.0000	0.0000	0.0000	0.0000	0.0000	0.0000	0.0000	0.0000	0.0000	0.0000	0.0000	0.0000	0.0000	0.0000	0.0000	0.0000	0.0000	0.0000	0.0000	0.0000	0.0000	0.0000	0.0000	0.0000	0.0000	0.0000	0.0000	0.0000	0.0000	0.0000	0.0000	0.0000	0.0000	0.0000	0.0000	0.0000	0.0000	0.0000	0.0000	0.0000											
11	138	0.0592	5	1	2	0	2	0	0	0	0	N	Y	N	Y	N	N	N	N	N	N	N	N	0.0000	0.0000	0.0000	0.0000	0.0000	0.0000	0.0000	0.0000	0.0000	0.0000	0.0000	0.0000	0.0000	0.0000	0.0000	0.0000	0.0000	0.0000	0.0000	0.0000	0.0000	0.0021	4.9998	2.0000	0.0000	0.0000	0.0000	0.0000	0.0000	0.0000	0.0000	0.0000	0.0000	0.0000	0.0000	0.0000	0.0000	0.0000	0.0000	0.0000	0.0000	0.0000	0.0000	0.0000	0.0000	0.0000	0.0000	0.0000	0.0000	0.0000	0.0000	0.0137	0.0072	0.0064	0.0007	0.0006	0.0001	0.0130	0.0066	0.0063	0.0000	0.0000	0.0000	0.0000	0.0000	0.0000	0.0000	0.0000	0.0000	0.0000	0.0000	0.0000	0.0000	0.0000	0.0000	0.0000	0.0000	0.0000											
11	139	0.0490	4	1	1	0	2	0	0	0	0	N	N	N	Y	N	N	N	N	N	N	N	N	0.0000	0.0000	0.0000	0.0000	0.0000	0.0000	0.0000	0.0000	0.0000	0.0000	0.0000	0.0000	0.0000	0.0000	0.0000	0.0000	0.0000	0.0000	0.0000	0.0000	0.0000	1.0020	4.9998	3.0181	0.0000	0.0000	0.0000	0.0000	0.0000	0.0000	0.0000	0.0000	0.0000	0.0000	0.0000	0.0000	0.0000	0.0000	0.0000	0.0000	0.0000	0.0000	0.0000	0.0000	0.0000	0.0000	0.0000	0.0000	0.0000	0.0000	0.0000	0.0278	0.0146	0.0132	0.0013	0.0011	0.0003	0.0265	0.0135	0.0129	0.0000	0.0000	0.0000	0.0000	0.0000	0.0000	0.0000	0.0000	0.0000	0.0000	0.0000	0.0000	0.0000	0.0000	0.0000	0.0000	0.0000	0.0000											
11	140	0.0127	2	1	2	0	1	0	0	0	0	N	Y	N	N	N	N	N	N	N	N	N	N	0.0000	0.0000	0.0000	0.0000	0.0000	0.0000	0.0000	0.0000	0.0000	0.0000	0.0000	0.0000	0.0000	0.0036	0.0071	0.0000	45.6676	43.1659	0.0000	0.0000	0.0000	0.0000	0.0000	0.0000	-0.0000	0.0000	0.0000	4.9998	4.0001	0.0000	0.0000	0.0000	0.0000	0.0000	0.0000	0.0000	0.0000	0.0000	0.0001	0.0001	0.0000	0.0001	0.0001	0.0000	0.0000	0.0000	0.0000	0.0000	0.0000	0.0000	0.0000	0.0000	0.0000	0.0000	0.0000	0.0000	0.0276	0.0142	0.0134	0.0000	0.0000	0.0000	0.0276	0.0142	0.0134	0.0000	0.0000	0.0000	0.0000	0.0000	0.0000	0.0000	0.0000	0.0000	0.0036	0.0071	0.0000	15.5023	15.6899	0.0000	0.0000	0.0000	0.0000						
11	141	0.5842	12	1	2	0	1	0	0	0	0	N	Y	N	N	N	N	N	N	N	N	N	N	0.0000	0.0000	0.0000	0.0000	0.0000	0.0000	0.0000	0.0000	0.0000	0.0000	0.0000	0.0000	0.0000	0.0000	0.0000	75.0215	198.6125	0.0000	0.0007	0.0008	0.0000	71.5641	168.2051	0.0000	0.0000	0.0000	-0.4563	0.0000	1.0003	4.9998	5.0186	0.0000	0.0000	0.0000	0.0000	0.0000	0.0000	0.0000	0.0000	0.0000	0.9954	0.9954	0.0000	0.0000	0.0000	0.0000	0.9954	0.9954	0.0000	0.0000	0.0000	0.0000	0.0000	0.0000	0.0000	0.0000	0.0000	0.0000	0.0291	0.0195	0.0096	0.0152	0.0126	0.0027	0.0139	0.0069	0.0070	0.0000	0.0000	0.0000	0.0000	0.0000	0.0000	0.0000	0.0000	0.0000	34.1521	51.0513	0.0000	0.0007	0.0008	0.0000	71.5641	143.5358	0.0000				
11	142	0.0490	4	1	1	1	2	0	0	0	0	N	N	N	Y	N	N	N	N	N	N	N	N	0.0000	0.0000	0.0000	0.0000	0.0000	0.0000	0.0000	0.0000	0.0000	0.0000	0.0000	0.0000	0.0000	0.0000	0.0000	0.0000	0.0000	0.0000	0.0000	0.0000	0.0000	0.0001	4.9998	9.0026	0.0000	0.0000	0.0000	0.0000	0.0000	0.0000	0.0000	0.0000	0.0000	0.0000	0.0000	0.0000	0.0000	0.0000	0.0000	0.0000	0.0000	0.0000	0.0000	0.0000	0.0000	0.0000	0.0000	0.0000	0.0000	0.0000	0.0000	0.0610	0.0321	0.0289	0.0029	0.0023	0.0006	0.0581	0.0297	0.0283	0.0000	0.0000	0.0000	0.0000	0.0000	0.0000	0.0000	0.0000	0.0000	0.0000	0.0000	0.0000	0.0000	0.0000	0.0000	0.0000	0.0000	0.0000											
11	143	0.5696	12	1	1	1	2	0	0	0	0	N	N	N	Y	N	N	N	N	N	N	N	N	0.0000	0.0000	0.0000	0.0000	0.0000	0.0000	0.0000	0.0000	0.0000	0.0000	0.0000	0.0000	0.0000	0.0000	0.0000	33.5106	86.6618	0.0000	0.0004	0.0005	0.0000	40.8813	81.4109	0.0000	0.0000	0.0000	-0.4583	0.0000	2.0061	4.9998	8.0425	0.0000	0.0000	0.0000	0.0000	0.0000	0.0000	0.0000	0.0000	0.0000	0.9998	0.9998	0.0000	0.0000	0.0000	0.0000	0.9998	0.9998	0.0000	0.0000	0.0000	0.0000	0.0000	0.0000	0.0000	0.0000	0.0000	0.0000	0.0492	0.0325	0.0166	0.0247	0.0203	0.0045	0.0245	0.0123	0.0122	0.0000	0.0000	0.0000	0.0000	0.0000	0.0000	0.0000	0.0000	0.0000	20.3305	30.7166	0.0000	0.0004	0.0005	0.0000	40.8813	81.4109	0.0000				
11	144	0.5605	11	1	1	0	2	0	0	0	0	N	N	N	Y	N	N	N	N	N	N	N	N	0.0000	0.0000	0.0000	0.0000	0.0000	0.0000	0.0000	0.0000	0.0000	0.0000	0.0000	0.0000	0.0000	0.0000	0.0000	0.0013	0.0018	0.0000	0.0013	0.0014	0.0000	0.0013	0.0024	0.0000	0.0000	0.0000	-0.0000	0.0000	1.9550	4.9998	2.1189	0.0000	0.0000	0.0000	0.0000	0.0000	0.0000	0.0000	0.0000	0.0000	0.0000	0.0000	0.0000	0.0000	0.0000	0.0000	0.0000	0.0000	0.0000	0.0000	0.0000	0.0000	0.0000	0.0000	0.0000	0.0000	0.0000	0.0000	0.0315	0.0222	0.0093	0.0158	0.0140	0.0019	0.0157	0.0083	0.0074	0.0000	0.0000	0.0000	0.0000	0.0000	0.0000	0.0000	0.0000	0.0000	0.0013	0.0018	0.0000	0.0013	0.0014	0.0000	0.0013	0.0024	0.0000				
11	145	0.5605	11	1	1	1	2	0	0	0	0	N	N	N	Y	N	N	N	N	N	N	N	N	0.0000	0.0000	0.0000	0.0000	0.0000	0.0000	0.0000	0.0000	0.0000	0.0000	0.0000	0.0000	0.0000	0.0002	0.0003	0.0000	0.0004	0.0005	0.0000	0.0000	0.0000	0.0000	0.0000	0.0000	-0.0000	0.0000	2.1261	4.9998	18.6477	0.0000	0.0000	0.0000	0.0000	0.0000	0.0000	0.0000	0.0000	0.0000	0.0000	0.0000	0.0000	0.0000	0.0000	0.0000	0.0000	0.0000	0.0000	0.0000	0.0000	0.0000	0.0000	0.0000	0.0000	0.0000	0.0000	0.0000	0.1064	0.0714	0.0350	0.0527	0.0441	0.0086	0.0537	0.0273	0.0264	0.0000	0.0000	0.0000	0.0000	0.0000	0.0000	0.0000	0.0000	0.0000	0.0002	0.0003	0.0000	0.0004	0.0005	0.0000	0.0000	0.0000	0.0000						
11	146	0.0490	4	1	1	1	2	0	0	0	0	N	N	N	Y	N	N	N	N	N	N	N	N	0.0000	0.0000	0.0000	0.0000	0.0000	0.0000	0.0000	0.0000	0.0000	0.0000	0.0000	0.0000	0.0000	0.0000	0.0000	0.0000	0.0000	0.0000	0.0000	0.0000	0.0000	2.0001	4.9998	5.9880	0.0000	0.0000	0.0000	0.0000	0.0000	0.0000	0.0000	0.0000	0.0000	0.0000	0.0000	0.0000	0.0000	0.0000	0.0000	0.0000	0.0000	0.0000	0.0000	0.0000	0.0000	0.0000	0.0000	0.0000	0.0000	0.0000	0.0000	0.0543	0.0286	0.0258	0.0026	0.0021	0.0005	0.0517	0.0265	0.0252	0.0000	0.0000	0.0000	0.0000	0.0000	0.0000	0.0000	0.0000	0.0000	0.0000	0.0000	0.0000	0.0000	0.0000	0.0000	0.0000	0.0000	0.0000											
11	147	0.0490	4	1	1	1	2	0	0	0	0	N	N	N	Y	N	N	N	N	N	N	N	N	0.0000	0.0000	0.0000	0.0000	0.0000	0.0000	0.0000	0.0000	0.0000	0.0000	0.0000	0.0000	0.0000	5.9760	0.0000	20.4278	0.0000	0.0000	0.0000	5.3203	0.0000	15.8894	inf	0.0000	0.5415	0.0000	9.0001	4.9998	23.0169	0.0000	0.0000	0.0000	0.0000	0.0000	0.0000	0.0000	0.0000	0.0000	0.9998	0.0000	0.9998	0.0000	0.0000	0.0000	0.9998	0.0000	0.9998	0.0000	0.0000	0.0000	0.0000	0.0000	0.0000	0.0000	0.0000	0.0000	0.1972	0.1046	0.0926	0.0093	0.0074	0.0019	0.1879	0.0972	0.0908	0.0000	0.0000	0.0000	0.0000	0.0000	0.0000	0.0000	0.0000	0.0000	5.0702	0.0000	10.7927	0.0000	0.0000	0.0000	5.3203	0.0000	11.0165						
11	148	0.0237	3	1	1	0	2	0	0	0	0	N	N	N	Y	N	N	N	N	N	N	N	N	0.0000	0.0000	0.0000	0.0000	0.0000	0.0000	0.0000	0.0000	0.0000	0.0000	0.0000	0.0000	0.0000	0.0005	0.0010	0.0000	0.0092	0.0098	0.0000	0.0000	0.0000	0.0000	0.0000	0.0000	-0.0000	0.0000	1.9990	4.9998	7.9526	0.0000	0.0000	0.0000	0.0000	0.0000	0.0000	0.0000	0.0000	0.0000	0.0000	0.0000	0.0000	0.0000	0.0000	0.0000	0.0000	0.0000	0.0000	0.0000	0.0000	0.0000	0.0000	0.0000	0.0000	0.0000	0.0000	0.0000	0.0743	0.0398	0.0344	0.0044	0.0041	0.0003	0.0699	0.0358	0.0342	0.0000	0.0000	0.0000	0.0000	0.0000	0.0000	0.0000	0.0000	0.0000	0.0005	0.0010	0.0000	0.0092	0.0098	0.0000	0.0000	0.0000	0.0000						
11	149	0.0556	4	2	2	0	1	0	0	0	0	Y	Y	N	N	N	N	N	N	N	N	N	N	0.0000	0.0000	0.0000	0.0000	0.0000	0.0000	0.0000	0.0000	0.0000	0.0000	0.0000	0.0000	0.0000	0.0001	0.0002	0.0000	0.0011	0.0012	0.0000	0.0000	0.0000	0.0000	0.0000	0.0000	-0.0000	0.0000	5.3497	4.9998	17.2225	0.0000	0.0000	0.0000	0.0000	0.0000	0.0000	0.0000	0.0000	0.0000	0.0000	0.0000	0.0000	0.0000	0.0000	0.0000	0.0000	0.0000	0.0000	0.0000	0.0000	0.0000	0.0000	0.0000	0.0000	0.0000	0.0000	0.0000	0.1647	0.0940	0.0707	0.0184	0.0168	0.0017	0.1463	0.0772	0.0690	0.0000	0.0000	0.0000	0.0000	0.0000	0.0000	0.0000	0.0000	0.0000	0.0001	0.0002	0.0000	0.0011	0.0012	0.0000	0.0000	0.0000	0.0000						
11	150	0.0864	5	1	2	0	1	0	0	0	0	N	Y	N	N	N	N	N	N	N	N	N	N	0.0000	0.0000	0.0000	0.0000	0.0000	0.0000	0.0000	0.0000	0.0000	0.0000	0.0000	0.0000	0.0000	0.0308	0.0512	0.0000	0.1460	0.1625	0.0000	0.0000	0.0000	0.0000	0.0000	0.0000	-0.0023	0.0000	3.6794	4.9998	17.4287	0.0000	0.0000	0.0000	0.0000	0.0000	0.0000	0.0000	0.0000	0.0000	0.0051	0.0051	0.0000	0.0051	0.0051	0.0000	0.0000	0.0000	0.0000	0.0000	0.0000	0.0000	0.0000	0.0000	0.0000	0.0000	0.0000	0.0000	0.1648	0.0991	0.0657	0.0347	0.0312	0.0035	0.1301	0.0679	0.0622	0.0000	0.0000	0.0000	0.0000	0.0000	0.0000	0.0000	0.0000	0.0000	0.0308	0.0512	0.0000	0.1460	0.1625	0.0000	0.0000	0.0000	0.0000						
11	151	0.0556	4	1	2	0	1	0	0	0	0	N	Y	N	N	N	N	N	N	N	N	N	N	0.0000	0.0000	0.0000	0.0000	0.0000	0.0000	0.0000	0.0000	0.0000	0.0000	0.0000	0.0000	0.0000	0.0000	0.0000	0.0000	0.0000	0.0000	0.0451	0.0598	0.0237	0.0012	0.0013	0.0000	0.0526	0.0775	0.0242	0.2725	0.0000	-0.0012	0.0000	3.4464	4.9998	10.1316	0.0000	0.0000	0.0000	0.0000	0.0000	0.0000	0.0000	0.0000	0.0000	0.0051	0.0040	0.0011	0.0000	0.0000	0.0000	0.0051	0.0040	0.0011	0.0000	0.0000	0.0000	0.0000	0.0000	0.0000	0.0000	0.0000	0.0000	0.1129	0.0669	0.0461	0.0166	0.0155	0.0010	0.0964	0.0514	0.0450	0.0000	0.0000	0.0000	0.0000	0.0000	0.0000	0.0000	0.0000	0.0000	0.0451	0.0598	0.0237	0.0012	0.0013	0.0000	0.0526	0.0775	0.0242	
11	152	0.5910	14	2	2	0	1	0	0	0	0	Y	Y	N	N	N	N	N	N	N	N	N	N	0.0000	0.0000	0.0000	0.0000	0.0000	0.0000	0.0000	0.0000	0.0000	0.0000	0.0000	0.0000	0.0000	0.0000	0.0000	0.0000	0.0000	0.0000	0.0000	0.0000	0.0000	1.0143	4.9998	12.0086	0.0000	0.0000	0.0000	0.0000	0.0000	0.0000	0.0000	0.0000	0.0000	0.0000	0.0000	0.0000	0.0000	0.0000	0.0000	0.0000	0.0000	0.0000	0.0000	0.0000	0.0000	0.0000	0.0000	0.0000	0.0000	0.0000	0.0000	0.0606	0.0405	0.0202	0.0315	0.0259	0.0056	0.0291	0.0146	0.0145	0.0000	0.0000	0.0000	0.0000	0.0000	0.0000	0.0000	0.0000	0.0000	0.0000	0.0000	0.0000	0.0000	0.0000	0.0000	0.0000	0.0000	0.0000											
11	153	0.5887	13	2	2	0	1	0	0	0	0	Y	Y	N	N	N	N	N	N	N	N	N	N	0.0000	0.0000	0.0000	0.0000	0.0000	0.0000	0.0000	0.0000	0.0000	0.0000	0.0000	0.0000	0.0000	0.0061	0.0090	0.0000	0.0115	0.0140	0.0000	0.0000	0.0000	0.0000	0.0000	0.0000	-0.0000	0.0000	0.9811	4.9998	0.0216	0.0000	0.0000	0.0000	0.0000	0.0000	0.0000	0.0000	0.0000	0.0000	0.0000	0.0000	0.0000	0.0000	0.0000	0.0000	0.0000	0.0000	0.0000	0.0000	0.0000	0.0000	0.0000	0.0000	0.0000	0.0000	0.0000	0.0000	0.0050	0.0033	0.0016	0.0026	0.0021	0.0005	0.0024	0.0012	0.0012	0.0000	0.0000	0.0000	0.0000	0.0000	0.0000	0.0000	0.0000	0.0000	0.0061	0.0090	0.0000	0.0115	0.0140	0.0000	0.0000	0.0000	0.0000						
11	154	0.5842	12	2	2	0	1	0	0	0	0	Y	Y	N	N	N	N	N	N	N	N	N	N	0.0000	0.0000	0.0000	0.0000	0.0000	0.0000	0.0000	0.0000	0.0000	0.0000	0.0000	0.0000	0.0000	0.0000	0.0000	0.4524	0.6744	0.0000	0.8580	1.0347	0.0000	0.0062	0.0124	0.0000	0.0000	0.0000	-0.0021	0.0000	0.0083	4.9998	2.0001	0.0000	0.0000	0.0000	0.0000	0.0000	0.0000	0.0000	0.0000	0.0000	0.0046	0.0046	0.0000	0.0046	0.0046	0.0000	0.0000	0.0000	0.0000	0.0000	0.0000	0.0000	0.0000	0.0000	0.0000	0.0000	0.0000	0.0000	0.0101	0.0068	0.0033	0.0053	0.0044	0.0009	0.0048	0.0024	0.0024	0.0000	0.0000	0.0000	0.0000	0.0000	0.0000	0.0000	0.0000	0.0000	0.4524	0.6744	0.0000	0.8580	1.0347	0.0000	0.0062	0.0124	0.0000				
11	155	0.5605	11	1	2	0	1	0	0	0	0	N	Y	N	N	N	N	N	N	N	N	N	N	0.0000	0.0000	0.0000	0.0000	0.0000	0.0000	0.0000	0.0000	0.0000	0.0000	0.0000	0.0000	0.0000	0.0000	0.0000	0.0755	0.1108	0.0000	0.0007	0.0008	0.0000	0.1502	0.2927	0.0000	0.0000	0.0000	-0.0021	0.0000	2.9180	4.9998	7.4065	0.0000	0.0000	0.0000	0.0000	0.0000	0.0000	0.0000	0.0000	0.0000	0.0046	0.0046	0.0000	0.0000	0.0000	0.0000	0.0046	0.0046	0.0000	0.0000	0.0000	0.0000	0.0000	0.0000	0.0000	0.0000	0.0000	0.0000	0.0606	0.0413	0.0193	0.0303	0.0258	0.0045	0.0304	0.0156	0.0148	0.0000	0.0000	0.0000	0.0000	0.0000	0.0000	0.0000	0.0000	0.0000	0.0755	0.1108	0.0000	0.0007	0.0008	0.0000	0.1502	0.2927	0.0000				
11	156	0.4947	10	1	1	0	1	0	0	0	0	N	N	N	N	N	N	N	N	N	N	N	N	0.0000	0.0000	0.0000	0.0000	0.0000	0.0000	0.0000	0.0000	0.0000	0.0000	0.0000	0.0000	0.0000	0.0000	0.0000	0.0000	0.0000	0.0166	0.0238	0.0007	0.0309	0.0366	0.0000	0.0007	0.0004	0.0009	0.0132	0.0000	-0.0014	0.0000	8.2479	4.9998	19.7214	0.0000	0.0000	0.0000	0.0000	0.0000	0.0000	0.0000	0.0000	0.0000	0.0031	0.0030	0.0000	0.0030	0.0030	0.0000	0.0001	0.0000	0.0000	0.0000	0.0000	0.0000	0.0000	0.0000	0.0000	0.0000	0.0000	0.0000	0.1842	0.1270	0.0572	0.0971	0.0820	0.0151	0.0871	0.0449	0.0422	0.0000	0.0000	0.0000	0.0000	0.0000	0.0000	0.0000	0.0000	0.0000	0.0166	0.0238	0.0007	0.0309	0.0366	0.0000	0.0007	0.0004	0.0009		
11	157	0.4586	9	1	1	0	1	0	0	0	0	N	N	N	N	N	N	N	N	N	N	N	N	0.0000	0.0000	0.0000	0.0000	0.0000	0.0000	0.0000	0.0000	0.0000	0.0000	0.0000	0.0000	0.0000	0.0000	0.0000	0.0000	0.0000	0.0000	0.1275	0.1810	0.0059	0.1993	0.2401	0.0000	0.0378	0.0642	0.0085	0.0143	0.0000	-0.0104	0.0000	7.4725	4.9998	14.3153	0.0000	0.0000	0.0000	0.0000	0.0000	0.0000	0.0000	0.0000	0.0000	0.0233	0.0230	0.0003	0.0203	0.0203	0.0000	0.0031	0.0027	0.0003	0.0000	0.0000	0.0000	0.0000	0.0000	0.0000	0.0000	0.0000	0.0000	0.1829	0.1270	0.0559	0.1016	0.0843	0.0173	0.0813	0.0427	0.0386	0.0000	0.0000	0.0000	0.0000	0.0000	0.0000	0.0000	0.0000	0.0000	0.1275	0.1810	0.0059	0.1993	0.2401	0.0000	0.0378	0.0642	0.0085	
11	158	0.3931	8	1	1	0	1	0	0	0	0	N	N	N	N	N	N	N	N	N	N	N	N	0.0000	0.0000	0.0000	0.0000	0.0000	0.0000	0.0000	0.0000	0.0000	0.0000	0.0000	0.0000	0.0000	0.0000	0.0000	0.0000	0.0000	0.0000	0.1718	0.2304	0.0420	0.1699	0.2013	0.0005	0.1738	0.2774	0.0561	0.0822	0.0000	-0.0169	0.0000	11.6653	4.9998	19.4910	0.0000	0.0000	0.0000	0.0000	0.0000	0.0000	0.0000	0.0000	0.0000	0.0443	0.0409	0.0034	0.0221	0.0221	0.0000	0.0222	0.0188	0.0034	0.0000	0.0000	0.0000	0.0000	0.0000	0.0000	0.0000	0.0000	0.0000	0.2576	0.1775	0.0801	0.1300	0.1097	0.0203	0.1276	0.0678	0.0597	0.0000	0.0000	0.0000	0.0000	0.0000	0.0000	0.0000	0.0000	0.0000	0.1718	0.2304	0.0420	0.1699	0.2013	0.0005	0.1738	0.2774	0.0561	
11	159	0.3458	7	1	1	0	1	0	0	0	0	N	N	N	N	N	N	N	N	N	N	N	N	0.0000	0.0000	0.0000	0.0000	0.0000	0.0000	0.0000	0.0000	0.0000	0.0000	0.0000	0.0000	0.0000	0.0000	0.0000	0.0000	0.0000	0.0000	0.6640	0.8527	0.2573	1.0952	1.2872	0.0165	0.2179	0.1067	0.3344	0.1400	0.0000	-0.0573	0.0000	7.3933	4.9998	20.5306	0.0000	0.0000	0.0000	0.0000	0.0000	0.0000	0.0000	0.0000	0.0000	0.1708	0.1498	0.0210	0.1433	0.1430	0.0003	0.0275	0.0069	0.0207	0.0000	0.0000	0.0000	0.0000	0.0000	0.0000	0.0000	0.0000	0.0000	0.2573	0.1757	0.0815	0.1308	0.1111	0.0198	0.1264	0.0647	0.0618	0.0000	0.0000	0.0000	0.0000	0.0000	0.0000	0.0000	0.0000	0.0000	0.6640	0.8527	0.2573	1.0952	1.2872	0.0165	0.2179	0.1067	0.3344	
11	160	0.1096	6	1	1	0	1	0	0	0	0	N	N	N	N	N	N	N	N	N	N	N	N	0.0000	0.0000	0.0000	0.0000	0.0000	0.0000	0.0000	0.0000	0.0000	0.0000	0.0000	0.0000	0.0000	0.0000	0.0000	0.0000	0.0000	2.8789	0.1077	6.3808	0.0000	0.0000	0.0000	3.2427	0.1299	6.6347	46.8788	0.0000	0.5908	0.0000	27.6416	4.9998	54.6365	0.0000	0.0000	0.0000	0.0000	0.0000	0.0000	0.0000	0.0000	0.0000	1.1345	0.0237	1.1108	0.0000	0.0000	0.0000	1.1345	0.0237	1.1108	0.0000	0.0000	0.0000	0.0000	0.0000	0.0000	0.0000	0.0000	0.0000	0.3941	0.2200	0.1741	0.0442	0.0375	0.0067	0.3499	0.1824	0.1674	0.0000	0.0000	0.0000	0.0000	0.0000	0.0000	0.0000	0.0000	0.0000	2.8789	0.1077	6.3808	0.0000	0.0000	0.0000	3.2427	0.1299	6.6347		
11	161	0.0203	2	2	2	0	1	0	0	0	0	Y	Y	N	N	N	N	N	N	N	N	N	N	0.0000	0.0000	0.0000	0.0000	0.0000	0.0000	0.0000	0.0000	0.0000	0.0000	0.0000	0.0000	0.0000	0.2074	0.3973	0.0000	45.1744	41.4772	0.0000	0.0000	0.0000	0.0000	0.0000	0.0000	-0.0020	0.0000	0.0002	4.9998	3.0099	0.0000	0.0000	0.0000	0.0000	0.0000	0.0000	0.0000	0.0000	0.0000	0.0044	0.0044	0.0000	0.0044	0.0044	0.0000	0.0000	0.0000	0.0000	0.0000	0.0000	0.0000	0.0000	0.0000	0.0000	0.0000	0.0000	0.0000	0.0214	0.0111	0.0102	0.0003	0.0003	0.0000	0.0211	0.0109	0.0102	0.0000	0.0000	0.0000	0.0000	0.0000	0.0000	0.0000	0.0000	0.0000	0.2074	0.3973	0.0000	15.2879	15.4633	0.0000	0.0000	0.0000	0.0000						
12	13	0.5975	12	2	1	1	1	0	0	0	0	Y	N	N	N	N	N	N	N	N	N	N	N	0.0000	0.0000	0.0000	0.0000	0.0000	0.0000	0.0000	0.0000	0.0000	0.0000	0.0000	0.0000	0.0000	0.0000	0.0000	0.0000	0.0000	0.0000	0.0000	0.0000	0.0000	0.0000	0.0000	0.0000	-0.0000	0.9995	0.0560	2.0282	10.7426	0.0000	0.0000	0.0000	0.0000	0.0000	0.0000	0.0000	0.0000	0.0000	0.0000	0.0000	0.0000	0.0000	0.0000	0.0000	0.0000	0.0000	0.0000	0.0016	0.0015	0.0002	0.0008	0.0008	0.0000	0.0009	0.0007	0.0001	0.0389	0.0270	0.0119	0.0225	0.0181	0.0044	0.0164	0.0089	0.0075	0.0000	0.0000	0.0000	0.0000	0.0000	0.0000	0.0000	0.0000	0.0000	0.0000	0.0000	0.0000	0.0000	0.0000	0.0000	0.0000	0.0000	0.0000						
12	14	0.5604	12	1	1	1	1	0	0	0	0	N	N	N	N	N	N	N	N	N	N	N	N	0.0000	0.0000	0.0000	0.0000	0.0000	0.0000	0.0000	0.0000	0.0000	0.0000	0.0000	0.0000	0.0000	0.0000	0.0000	0.2043	0.0000	0.6075	0.0023	0.0000	0.0127	0.4194	0.0000	0.8385	inf	0.0000	0.0121	0.9995	16.7310	2.0282	15.9078	0.0000	0.0000	0.0000	0.0000	0.0000	0.0000	0.0000	0.0000	0.0000	0.0224	0.0000	0.0224	0.0001	0.0000	0.0001	0.0222	0.0000	0.0222	0.1095	0.0951	0.0144	0.0299	0.0275	0.0024	0.0796	0.0675	0.0121	0.1095	0.0727	0.0368	0.0565	0.0462	0.0103	0.0530	0.0265	0.0265	0.0000	0.0000	0.0000	0.0000	0.0000	0.0000	0.0000	0.0000	0.0000	0.2043	0.0000	0.6075	0.0023	0.0000	0.0127	0.4194	0.0000	0.8385				
12	15	0.2789	9	1	1	1	1	0	0	0	0	N	N	N	N	N	N	N	N	N	N	N	N	0.0003	0.0003	0.0000	0.0004	0.0004	0.0000	0.0000	0.0000	0.0000	0.0000	0.0000	0.0000	0.0000	0.0000	0.0000	0.0000	0.0000	0.0002	0.0003	0.0000	0.0006	0.0006	0.0001	0.0000	0.0000	0.0000	0.0000	0.0188	-0.0000	-0.0000	0.9995	10.3367	2.0282	13.9008	0.0000	0.0000	0.0000	0.0000	0.0000	0.0000	0.0000	0.0000	0.0000	0.0000	0.0000	0.0000	0.0000	0.0000	0.0000	0.0000	0.0000	0.0000	0.0782	0.0689	0.0094	0.0272	0.0257	0.0016	0.0510	0.0432	0.0078	0.1038	0.0701	0.0337	0.0399	0.0349	0.0050	0.0639	0.0352	0.0287	0.0003	0.0003	0.0000	0.0004	0.0004	0.0000	0.0000	0.0000	0.0000	0.0002	0.0003	0.0000	0.0006	0.0006	0.0001	0.0000	0.0000	0.0000	
12	16	0.5238	11	1	1	1	1	0	0	0	0	N	N	N	N	N	N	N	N	N	N	N	N	inf	inf	inf	inf	0.0004	0.0000	0.0029	0.0000	0.0000	0.0000	0.0005	0.0000	0.0034	0.0000	0.0000	0.0000	0.0000	0.0000	0.0000	0.0000	0.0000	0.0000	inf	0.0000	0.0000	0.9995	12.0000	2.0282	18.8883	0.0000	0.0000	0.0000	0.0000	0.0000	0.0000	0.0000	0.0000	0.0000	0.0000	0.0000	0.0000	0.0000	0.0000	0.0000	0.0000	0.0000	0.0000	0.0764	0.0660	0.0105	0.0218	0.0201	0.0017	0.0547	0.0459	0.0088	0.1040	0.0704	0.0337	0.0484	0.0413	0.0071	0.0556	0.0291	0.0266	inf	0.0000	inf	0.0000	0.0000	0.0000	inf	0.0000	inf	0.0000	0.0000	0.0000	0.0000	0.0000	0.0000	0.0000	0.0000	0.0000						
12	17	0.3091	8	2	2	0	1	0	0	0	0	Y	Y	N	N	N	N	N	N	N	N	N	N	0.0000	0.0000	0.0000	0.0000	0.0000	0.0000	0.0000	0.0000	0.0000	0.0000	0.0000	0.0000	0.0000	0.0000	0.0000	0.0000	0.0000	0.0000	0.0000	0.0000	0.9995	3.5868	2.0282	9.0275	0.0000	0.0000	0.0000	0.0000	0.0000	0.0000	0.0000	0.0000	0.0000	0.0000	0.0000	0.0000	0.0000	0.0000	0.0000	0.0000	0.0000	0.0000	0.0393	0.0348	0.0045	0.0151	0.0145	0.0007	0.0241	0.0203	0.0038	0.0458	0.0295	0.0163	0.0119	0.0107	0.0013	0.0339	0.0188	0.0151	0.0000	0.0000	0.0000	0.0000	0.0000	0.0000	0.0000	0.0000	0.0000	0.0000	0.0000	0.0000	0.0000	0.0000	0.0000	0.0000	0.0000	0.0000											
12	18	0.5766	11	2	2	0	1	0	0	0	0	Y	Y	N	N	N	N	N	N	N	N	N	N	0.0000	0.0000	0.0000	0.0000	0.0000	0.0000	0.0000	0.0000	0.0000	0.0000	0.0000	0.0000	0.0000	0.0000	0.0000	0.0000	0.0000	0.0000	0.0000	0.0000	0.9995	3.9981	2.0282	16.5900	0.0000	0.0000	0.0000	0.0000	0.0000	0.0000	0.0000	0.0000	0.0000	0.0000	0.0000	0.0000	0.0000	0.0000	0.0000	0.0000	0.0000	0.0000	0.0265	0.0230	0.0035	0.0082	0.0075	0.0006	0.0184	0.0155	0.0029	0.0723	0.0492	0.0230	0.0428	0.0341	0.0087	0.0295	0.0152	0.0143	0.0000	0.0000	0.0000	0.0000	0.0000	0.0000	0.0000	0.0000	0.0000	0.0000	0.0000	0.0000	0.0000	0.0000	0.0000	0.0000	0.0000	0.0000											
12	19	0.0608	5	1	1	1	2	0	0	0	0	N	N	N	Y	N	N	N	N	N	N	N	N	0.0000	0.0000	0.0000	0.0000	0.0000	0.0000	0.0000	0.0000	0.0000	0.0000	0.0000	0.0000	0.0000	0.0011	0.0018	0.0000	0.0099	0.0108	0.0000	0.0000	0.0000	0.0000	0.0000	0.0000	-0.0000	0.9995	0.0000	2.0282	2.0009	0.0000	0.0000	0.0000	0.0000	0.0000	0.0000	0.0000	0.0000	0.0000	0.0000	0.0000	0.0000	0.0000	0.0000	0.0000	0.0000	0.0000	0.0000	0.0001	0.0001	0.0000	0.0001	0.0001	0.0000	0.0000	0.0000	0.0000	0.0093	0.0054	0.0039	0.0010	0.0009	0.0001	0.0083	0.0045	0.0038	0.0000	0.0000	0.0000	0.0000	0.0000	0.0000	0.0000	0.0000	0.0000	0.0011	0.0018	0.0000	0.0099	0.0108	0.0000	0.0000	0.0000	0.0000						
12	20	0.0752	6	1	1	1	2	0	0	0	0	N	N	N	Y	N	N	N	N	N	N	N	N	0.0000	0.0000	0.0000	0.0000	0.0000	0.0000	0.0000	0.0000	0.0000	0.0000	0.0000	0.0000	0.0000	0.0000	0.0000	0.0000	0.0061	0.0000	0.0146	0.0000	0.0000	0.0000	0.0070	0.0000	0.0151	96802.7021	0.0000	0.0005	0.9995	14.9999	2.0282	23.4905	0.0000	0.0000	0.0000	0.0000	0.0000	0.0000	0.0000	0.0000	0.0000	0.0009	0.0000	0.0009	0.0000	0.0000	0.0000	0.0009	0.0000	0.0009	0.0968	0.0821	0.0147	0.0036	0.0034	0.0002	0.0932	0.0787	0.0145	0.1493	0.0870	0.0622	0.0184	0.0164	0.0020	0.1309	0.0706	0.0602	0.0000	0.0000	0.0000	0.0000	0.0000	0.0000	0.0000	0.0000	0.0000	0.0061	0.0000	0.0146	0.0000	0.0000	0.0000	0.0070	0.0000	0.0151			
12	21	0.5766	11	1	2	0	1	0	0	0	0	N	Y	N	N	N	N	N	N	N	N	N	N	0.0000	0.0000	0.0000	0.0000	0.0000	0.0000	0.0000	0.0000	0.0000	0.0000	0.0000	0.0000	0.0000	0.0000	0.0000	0.0000	0.0000	0.0000	0.0000	0.0000	0.9995	4.9981	2.0282	32.5905	0.0000	0.0000	0.0000	0.0000	0.0000	0.0000	0.0000	0.0000	0.0000	0.0000	0.0000	0.0000	0.0000	0.0000	0.0000	0.0000	0.0000	0.0000	0.0330	0.0287	0.0043	0.0101	0.0094	0.0008	0.0229	0.0193	0.0036	0.1166	0.0795	0.0371	0.0668	0.0537	0.0131	0.0498	0.0258	0.0240	0.0000	0.0000	0.0000	0.0000	0.0000	0.0000	0.0000	0.0000	0.0000	0.0000	0.0000	0.0000	0.0000	0.0000	0.0000	0.0000	0.0000	0.0000											
12	22	0.3091	8	1	2	0	1	0	0	0	0	N	Y	N	N	N	N	N	N	N	N	N	N	413.8066	0.0000	inf	0.0000	0.0000	inf	inf	0.0003	0.0000	0.0026	0.0000	0.0000	0.0000	0.0005	0.0000	0.0030	0.0000	0.0000	0.0000	0.0000	0.0000	0.0000	0.0000	0.0000	0.0000	inf	0.0000	0.0000	-0.0000	0.9995	12.5677	2.0282	9.8718	0.0000	0.0000	0.0000	0.0000	0.0000	0.0000	0.0000	0.0000	0.0000	0.0000	0.0000	0.0000	0.0000	0.0000	0.0000	0.0000	0.0000	0.0000	0.0904	0.0787	0.0117	0.0267	0.0250	0.0017	0.0637	0.0537	0.0100	0.0716	0.0450	0.0266	0.0168	0.0147	0.0021	0.0548	0.0303	0.0245	413.8066	0.0000	inf	0.0000	0.0000	0.0000	inf	0.0000	inf	0.0000	0.0000	0.0000	0.0000	0.0000	0.0000	0.0000	0.0000	0.0000		
12	23	0.6241	14	1	1	0	2	0	0	0	0	N	N	N	Y	N	N	N	N	N	N	N	N	inf	inf	inf	inf	0.0045	0.0052	0.0000	0.0155	0.0169	0.0000	0.0000	0.0000	0.0000	0.0000	0.0000	0.0000	0.0000	0.0000	0.0000	0.0000	0.0000	0.0000	0.0000	-0.0000	0.0000	0.9995	0.9981	2.0282	0.0014	0.0000	0.0000	0.0000	0.0000	0.0000	0.0000	0.0000	0.0000	0.0000	0.0000	0.0000	0.0000	0.0000	0.0000	0.0000	0.0000	0.0000	0.0000	0.0066	0.0057	0.0009	0.0019	0.0018	0.0002	0.0047	0.0039	0.0007	0.0032	0.0022	0.0010	0.0017	0.0014	0.0003	0.0015	0.0007	0.0007	inf	inf	0.0000	inf	inf	0.0000	0.0000	0.0000	0.0000	0.0000	0.0000	0.0000	0.0000	0.0000	0.0000	0.0000	0.0000	0.0000						
12	24	0.5763	11	1	2	0	2	0	0	0	0	N	Y	N	Y	N	N	N	N	N	N	N	N	0.0000	0.0000	0.0000	0.0000	0.0000	0.0000	0.0000	0.0000	0.0000	0.0000	0.0000	0.0000	0.0000	0.0000	0.0000	0.0000	0.0000	0.0000	0.0077	0.0070	0.0093	0.0096	0.0109	0.0009	0.0057	0.0000	0.0120	0.5726	0.0000	-0.0000	0.9995	0.6341	2.0282	12.6218	0.0000	0.0000	0.0000	0.0000	0.0000	0.0000	0.0000	0.0000	0.0000	0.0005	0.0003	0.0002	0.0003	0.0003	0.0000	0.0002	0.0000	0.0002	0.0050	0.0044	0.0006	0.0016	0.0015	0.0001	0.0034	0.0029	0.0005	0.0612	0.0427	0.0184	0.0318	0.0275	0.0044	0.0293	0.0153	0.0141	0.0000	0.0000	0.0000	0.0000	0.0000	0.0000	0.0000	0.0000	0.0000	0.0077	0.0070	0.0093	0.0096	0.0109	0.0009	0.0057	0.0000	0.0120	
12	25	0.2488	7	1	2	0	1	0	0	0	0	N	Y	N	N	N	N	N	N	N	N	N	N	0.0590	0.0452	0.0000	0.1028	0.0927	0.0000	0.0000	0.0000	0.0000	0.0022	0.0025	0.0000	0.0085	0.0091	0.0000	0.0000	0.0000	0.0000	0.0373	0.0562	0.0004	0.0832	0.0981	0.0025	0.0113	0.0202	0.0000	0.0000	0.0041	-0.0001	-0.0019	0.9995	10.0221	2.0282	10.6811	0.0002	0.0002	0.0000	0.0002	0.0002	0.0000	0.0000	0.0000	0.0000	0.0043	0.0043	0.0000	0.0035	0.0034	0.0000	0.0008	0.0008	0.0000	0.0863	0.0749	0.0114	0.0222	0.0209	0.0013	0.0640	0.0540	0.0100	0.1147	0.0760	0.0387	0.0416	0.0351	0.0065	0.0731	0.0409	0.0323	0.0590	0.0452	0.0000	0.1028	0.0927	0.0000	0.0000	0.0000	0.0000	0.0373	0.0562	0.0004	0.0832	0.0981	0.0025	0.0113	0.0202	0.0000
12	26	0.6107	13	1	2	0	1	0	0	0	0	N	Y	N	N	N	N	N	N	N	N	N	N	0.0000	0.0000	0.0000	0.0000	0.0000	0.0000	0.0000	0.0000	0.0000	0.0000	0.0000	0.0000	0.0000	0.0000	0.0000	0.0000	0.0000	0.0000	0.0000	0.0000	0.0000	0.0000	0.0000	0.0000	-0.0000	0.9995	3.9997	2.0282	5.4032	0.0000	0.0000	0.0000	0.0000	0.0000	0.0000	0.0000	0.0000	0.0000	0.0000	0.0000	0.0000	0.0000	0.0000	0.0000	0.0000	0.0000	0.0000	0.0263	0.0229	0.0035	0.0080	0.0074	0.0006	0.0183	0.0155	0.0029	0.0348	0.0240	0.0108	0.0206	0.0167	0.0039	0.0143	0.0073	0.0069	0.0000	0.0000	0.0000	0.0000	0.0000	0.0000	0.0000	0.0000	0.0000	0.0000	0.0000	0.0000	0.0000	0.0000	0.0000	0.0000	0.0000	0.0000						
12	27	0.0752	6	1	2	0	2	0	0	0	0	N	Y	N	Y	N	N	N	N	N	N	N	N	706.0877	22897440.8254	0.0000	0.0000	0.0000	0.0000	632.3073	inf	0.0000	29.3126	34.6911	0.0000	0.0000	0.0000	0.0000	30.6593	36.4969	0.0000	0.0415	0.0000	0.1022	0.0010	0.0000	0.0118	0.0485	0.0000	0.1051	0.0000	46156.9391	-0.4404	0.0016	0.9995	4.9655	2.0282	10.6561	0.9984	0.9984	0.0000	0.0000	0.0000	0.0000	0.9984	0.9984	0.0000	0.0030	0.0000	0.0030	0.0000	0.0000	0.0000	0.0029	0.0000	0.0029	0.0341	0.0288	0.0053	0.0015	0.0014	0.0001	0.0326	0.0274	0.0052	0.0712	0.0422	0.0289	0.0105	0.0095	0.0009	0.0607	0.0327	0.0280	706.0877	22897440.8254	0.0000	0.0000	0.0000	0.0000	632.3073	inf	0.0000	0.0415	0.0000	0.1022	0.0010	0.0000	0.0118	0.0485	0.0000	0.1051
12	28	0.6292	15	1	2	0	2	0	0	0	0	N	Y	N	Y	N	N	N	N	N	N	N	N	0.0000	0.0000	0.0000	0.0000	0.0000	0.0000	0.0000	0.0000	0.0000	0.0000	0.0000	0.0000	0.0000	0.0000	0.0000	0.0000	0.0000	0.0000	0.0000	0.0000	0.9995	0.0000	2.0282	0.0000	0.0000	0.0000	0.0000	0.0000	0.0000	0.0000	0.0000	0.0000	0.0000	0.0000	0.0000	0.0000	0.0000	0.0000	0.0000	0.0000	0.0000	0.0000	0.0000	0.0000	0.0000	0.0000	0.0000	0.0000	0.0000	0.0000	0.0000	0.0000	0.0000	0.0000	0.0000	0.0000	0.0000	0.0000	0.0000	0.0000	0.0000	0.0000	0.0000	0.0000	0.0000	0.0000	0.0000	0.0000	0.0000	0.0000	0.0000	0.0000	0.0000	0.0000	0.0000	0.0000	0.0000	0.0000											
12	29	0.5966	10	2	2	0	1	0	0	0	0	Y	Y	N	N	N	N	N	N	N	N	N	N	0.5461	0.4841	0.0000	0.2427	0.2256	0.0000	158.3535	815.1165	0.0000	0.0030	0.0034	0.0000	0.0022	0.0024	0.0000	0.0034	0.0042	0.0000	0.0054	0.0071	0.0005	0.0092	0.0105	0.0014	0.0000	0.0000	0.0000	0.0000	0.0234	-0.0000	-0.0002	0.9995	3.9885	2.0282	8.5018	0.0001	0.0001	0.0000	0.0000	0.0000	0.0000	0.0001	0.0001	0.0000	0.0004	0.0004	0.0000	0.0004	0.0004	0.0000	0.0000	0.0000	0.0000	0.0370	0.0318	0.0052	0.0134	0.0127	0.0007	0.0236	0.0191	0.0045	0.0821	0.0611	0.0210	0.0482	0.0415	0.0067	0.0339	0.0196	0.0144	0.5461	0.4841	0.0000	0.2427	0.2256	0.0000	158.3535	815.1165	0.0000	0.0054	0.0071	0.0005	0.0092	0.0105	0.0014	0.0000	0.0000	0.0000
12	30	0.5875	12	1	2	0	1	0	0	0	0	N	Y	N	N	N	N	N	N	N	N	N	N	0.0000	0.0000	0.0000	0.0000	0.0000	0.0000	0.0000	0.0000	0.0000	0.0000	0.0000	0.0000	0.0000	0.0000	0.0000	0.0000	0.0000	0.0000	0.0000	0.0000	0.0000	0.0000	0.0000	0.0000	0.0000	0.1076	0.0000	-0.0000	0.9995	0.9701	2.0282	4.0208	0.0000	0.0000	0.0000	0.0000	0.0000	0.0000	0.0000	0.0000	0.0000	0.0000	0.0000	0.0000	0.0000	0.0000	0.0000	0.0000	0.0000	0.0000	0.0203	0.0180	0.0023	0.0095	0.0091	0.0004	0.0107	0.0088	0.0019	0.0508	0.0368	0.0140	0.0308	0.0261	0.0047	0.0200	0.0107	0.0093	0.0000	0.0000	0.0000	0.0000	0.0000	0.0000	0.0000	0.0000	0.0000	0.0000	0.0000	0.0000	0.0000	0.0000	0.0000	0.0000	0.0000	0.0000			
12	31	0.5621	10	1	1	0	2	0	0	0	0	N	N	N	Y	N	N	N	N	N	N	N	N	0.0000	0.0000	0.0000	0.0000	0.0000	0.0000	0.0000	0.0000	0.0000	0.0000	0.0000	0.0000	0.0000	0.0000	0.0000	0.0000	0.0000	0.0871	0.1264	0.0000	0.1693	0.2003	0.0000	0.0000	0.0000	0.0000	0.0000	0.0000	-0.0033	0.9995	5.0045	2.0282	16.6627	0.0000	0.0000	0.0000	0.0000	0.0000	0.0000	0.0000	0.0000	0.0000	0.0072	0.0072	0.0000	0.0072	0.0072	0.0000	0.0000	0.0000	0.0000	0.0321	0.0277	0.0044	0.0090	0.0082	0.0007	0.0231	0.0195	0.0037	0.0832	0.0573	0.0259	0.0428	0.0362	0.0066	0.0404	0.0212	0.0192	0.0000	0.0000	0.0000	0.0000	0.0000	0.0000	0.0000	0.0000	0.0000	0.0871	0.1264	0.0000	0.1693	0.2003	0.0000	0.0000	0.0000	0.0000		
12	32	0.4065	10	2	1	1	1	0	0	0	0	Y	N	N	N	N	N	N	N	N	N	N	N	0.0000	0.0000	0.0000	0.0000	0.0000	0.0000	0.0000	0.0000	0.0000	0.0000	0.0000	0.0000	0.0000	0.0000	0.0000	0.0000	0.0000	0.0000	0.0000	0.0000	0.9995	1.4893	2.0282	0.0050	0.0000	0.0000	0.0000	0.0000	0.0000	0.0000	0.0000	0.0000	0.0000	0.0000	0.0000	0.0000	0.0000	0.0000	0.0000	0.0000	0.0000	0.0000	0.0095	0.0082	0.0014	0.0027	0.0025	0.0002	0.0068	0.0056	0.0012	0.0046	0.0027	0.0018	0.0009	0.0007	0.0001	0.0037	0.0020	0.0017	0.0000	0.0000	0.0000	0.0000	0.0000	0.0000	0.0000	0.0000	0.0000	0.0000	0.0000	0.0000	0.0000	0.0000	0.0000	0.0000	0.0000	0.0000											
12	33	0.5876	12	2	1	1	1	0	0	0	0	Y	N	N	N	N	N	N	N	N	N	N	N	0.0000	0.0000	0.0000	0.0000	0.0000	0.0000	0.0000	0.0000	0.0000	0.0000	0.0000	0.0000	0.0000	0.0000	0.0000	0.0000	0.0000	0.0000	0.0000	0.0000	0.0000	0.0000	0.0000	0.0000	-0.0000	0.9995	0.9855	2.0282	5.0251	0.0000	0.0000	0.0000	0.0000	0.0000	0.0000	0.0000	0.0000	0.0000	0.0000	0.0000	0.0000	0.0000	0.0000	0.0000	0.0000	0.0000	0.0000	0.0070	0.0061	0.0009	0.0022	0.0020	0.0002	0.0048	0.0040	0.0008	0.0232	0.0162	0.0070	0.0127	0.0105	0.0022	0.0106	0.0057	0.0048	0.0000	0.0000	0.0000	0.0000	0.0000	0.0000	0.0000	0.0000	0.0000	0.0000	0.0000	0.0000	0.0000	0.0000	0.0000	0.0000	0.0000	0.0000						
12	34	0.5604	12	1	2	0	1	0	0	0	0	N	Y	N	N	N	N	N	N	N	N	N	N	0.0000	0.0000	0.0000	0.0000	0.0000	0.0000	0.0000	0.0000	0.0000	0.0000	0.0000	0.0000	0.0000	0.0000	0.0000	0.0000	0.0000	0.0000	0.0000	0.0000	0.9995	2.0026	2.0282	4.0175	0.0000	0.0000	0.0000	0.0000	0.0000	0.0000	0.0000	0.0000	0.0000	0.0000	0.0000	0.0000	0.0000	0.0000	0.0000	0.0000	0.0000	0.0000	0.0178	0.0156	0.0023	0.0075	0.0069	0.0007	0.0103	0.0087	0.0016	0.0286	0.0191	0.0095	0.0159	0.0132	0.0027	0.0127	0.0058	0.0069	0.0000	0.0000	0.0000	0.0000	0.0000	0.0000	0.0000	0.0000	0.0000	0.0000	0.0000	0.0000	0.0000	0.0000	0.0000	0.0000	0.0000	0.0000											
12	35	0.5604	11	1	1	0	1	0	0	0	0	N	N	N	N	N	N	N	N	N	N	N	N	0.0000	0.0000	0.0000	0.0000	0.0000	0.0000	0.0000	0.0000	0.0000	0.0000	0.0000	0.0000	0.0000	0.0000	0.0000	0.0000	0.0000	0.0000	0.0022	0.0028	0.0010	0.0019	0.0022	0.0000	0.0027	0.0046	0.0014	0.1846	0.0000	-0.0000	0.9995	0.4148	2.0282	1.5497	0.0000	0.0000	0.0000	0.0000	0.0000	0.0000	0.0000	0.0000	0.0000	0.0000	0.0000	0.0000	0.0000	0.0000	0.0000	0.0000	0.0000	0.0000	0.0072	0.0063	0.0008	0.0049	0.0045	0.0004	0.0023	0.0019	0.0004	0.0146	0.0097	0.0048	0.0086	0.0073	0.0013	0.0060	0.0024	0.0036	0.0000	0.0000	0.0000	0.0000	0.0000	0.0000	0.0000	0.0000	0.0000	0.0022	0.0028	0.0010	0.0019	0.0022	0.0000	0.0027	0.0046	0.0014	
12	36	0.5027	9	1	2	0	1	0	0	0	0	N	Y	N	N	N	N	N	N	N	N	N	N	0.0000	0.0000	0.0000	0.0000	0.0000	0.0000	0.0000	0.0000	0.0000	0.0000	0.0000	0.0000	0.0000	0.0000	0.0000	0.2206	0.0000	0.6668	0.0024	0.0000	0.0149	0.4345	0.0000	0.8727	inf	0.0000	0.0121	0.9995	7.9964	2.0282	23.6501	0.0000	0.0000	0.0000	0.0000	0.0000	0.0000	0.0000	0.0000	0.0000	0.0224	0.0000	0.0224	0.0001	0.0000	0.0001	0.0222	0.0000	0.0222	0.0482	0.0414	0.0067	0.0117	0.0107	0.0010	0.0365	0.0307	0.0058	0.1014	0.0679	0.0336	0.0502	0.0421	0.0081	0.0512	0.0257	0.0255	0.0000	0.0000	0.0000	0.0000	0.0000	0.0000	0.0000	0.0000	0.0000	0.2206	0.0000	0.6668	0.0024	0.0000	0.0149	0.4345	0.0000	0.8727				
12	37	0.5766	11	2	2	0	1	0	0	0	0	Y	Y	N	N	N	N	N	N	N	N	N	N	0.0000	0.0000	0.0000	0.0000	0.0000	0.0000	0.0000	0.0000	0.0000	0.0000	0.0000	0.0000	0.0000	0.0000	0.0000	0.0000	0.0000	0.0000	0.0000	0.0000	0.9995	6.9981	2.0282	25.9787	0.0000	0.0000	0.0000	0.0000	0.0000	0.0000	0.0000	0.0000	0.0000	0.0000	0.0000	0.0000	0.0000	0.0000	0.0000	0.0000	0.0000	0.0000	0.0458	0.0398	0.0060	0.0140	0.0130	0.0011	0.0318	0.0268	0.0050	0.1052	0.0717	0.0334	0.0607	0.0487	0.0120	0.0445	0.0230	0.0215	0.0000	0.0000	0.0000	0.0000	0.0000	0.0000	0.0000	0.0000	0.0000	0.0000	0.0000	0.0000	0.0000	0.0000	0.0000	0.0000	0.0000	0.0000											
12	38	0.5604	11	1	2	0	1	0	0	0	0	N	Y	N	N	N	N	N	N	N	N	N	N	0.0000	0.0000	0.0000	0.0000	0.0000	0.0000	0.0000	0.0000	0.0000	0.0000	0.0000	0.0000	0.0000	0.0000	0.0000	0.0003	0.0004	0.0000	0.0005	0.0006	0.0000	0.0000	0.0000	0.0000	0.0000	0.0000	-0.0000	0.9995	4.7553	2.0282	10.1994	0.0000	0.0000	0.0000	0.0000	0.0000	0.0000	0.0000	0.0000	0.0000	0.0000	0.0000	0.0000	0.0000	0.0000	0.0000	0.0000	0.0000	0.0000	0.0360	0.0312	0.0047	0.0120	0.0110	0.0010	0.0240	0.0203	0.0037	0.0578	0.0385	0.0194	0.0309	0.0254	0.0055	0.0270	0.0131	0.0139	0.0000	0.0000	0.0000	0.0000	0.0000	0.0000	0.0000	0.0000	0.0000	0.0003	0.0004	0.0000	0.0005	0.0006	0.0000	0.0000	0.0000	0.0000				
12	39	0.5027	9	2	2	0	1	0	0	0	0	Y	Y	N	N	N	N	N	N	N	N	N	N	0.0000	0.0000	0.0000	0.0000	0.0000	0.0000	0.0000	0.0000	0.0000	0.0000	0.0000	0.0000	0.0000	0.0088	0.0132	0.0000	0.0178	0.0212	0.0000	0.0000	0.0000	0.0000	0.0000	0.0000	-0.0004	0.9995	5.0000	2.0282	27.3229	0.0000	0.0000	0.0000	0.0000	0.0000	0.0000	0.0000	0.0000	0.0000	0.0009	0.0009	0.0000	0.0009	0.0009	0.0000	0.0000	0.0000	0.0000	0.0305	0.0263	0.0043	0.0074	0.0068	0.0006	0.0231	0.0194	0.0037	0.1032	0.0690	0.0341	0.0510	0.0428	0.0082	0.0521	0.0262	0.0259	0.0000	0.0000	0.0000	0.0000	0.0000	0.0000	0.0000	0.0000	0.0000	0.0088	0.0132	0.0000	0.0178	0.0212	0.0000	0.0000	0.0000	0.0000						
12	40	0.5766	11	1	2	0	1	0	0	0	0	N	Y	N	N	N	N	N	N	N	N	N	N	0.0000	0.0000	0.0000	0.0000	0.0000	0.0000	0.0000	0.0000	0.0000	0.0000	0.0000	0.0000	0.0000	0.0793	0.1163	0.0000	0.1363	0.1702	0.0000	0.0000	0.0000	0.0000	0.0000	0.0000	-0.0034	0.9995	7.0019	2.0282	21.4344	0.0000	0.0000	0.0000	0.0000	0.0000	0.0000	0.0000	0.0000	0.0000	0.0074	0.0074	0.0000	0.0074	0.0074	0.0000	0.0000	0.0000	0.0000	0.0458	0.0398	0.0060	0.0140	0.0130	0.0011	0.0318	0.0268	0.0050	0.0935	0.0637	0.0297	0.0544	0.0435	0.0108	0.0391	0.0202	0.0189	0.0000	0.0000	0.0000	0.0000	0.0000	0.0000	0.0000	0.0000	0.0000	0.0793	0.1163	0.0000	0.1363	0.1702	0.0000	0.0000	0.0000	0.0000						
12	41	0.3091	8	1	2	0	1	0	0	0	0	N	Y	N	N	N	N	N	N	N	N	N	N	0.0000	0.0000	0.0000	0.0000	0.0000	0.0000	0.0000	0.0000	0.0000	0.0000	0.0000	0.0000	0.0000	0.0000	0.0000	0.0000	0.0000	0.0000	0.0000	0.0000	0.0000	0.0000	0.0000	0.0000	-0.0000	0.9995	8.1446	2.0282	10.2519	0.0000	0.0000	0.0000	0.0000	0.0000	0.0000	0.0000	0.0000	0.0000	0.0000	0.0000	0.0000	0.0000	0.0000	0.0000	0.0000	0.0000	0.0000	0.0667	0.0583	0.0084	0.0214	0.0202	0.0012	0.0454	0.0382	0.0072	0.0622	0.0393	0.0229	0.0150	0.0132	0.0018	0.0472	0.0261	0.0211	0.0000	0.0000	0.0000	0.0000	0.0000	0.0000	0.0000	0.0000	0.0000	0.0000	0.0000	0.0000	0.0000	0.0000	0.0000	0.0000	0.0000	0.0000						
12	42	0.5766	11	1	2	0	1	0	0	0	0	N	Y	N	N	N	N	N	N	N	N	N	N	0.0000	0.0000	0.0000	0.0000	0.0000	0.0000	0.0000	0.0000	0.0000	0.0000	0.0000	0.0000	0.0000	0.0000	0.0000	0.0000	0.0000	0.0000	0.0000	0.0000	0.9995	5.9981	2.0282	11.5875	0.0000	0.0000	0.0000	0.0000	0.0000	0.0000	0.0000	0.0000	0.0000	0.0000	0.0000	0.0000	0.0000	0.0000	0.0000	0.0000	0.0000	0.0000	0.0394	0.0342	0.0052	0.0121	0.0112	0.0009	0.0273	0.0231	0.0043	0.0638	0.0434	0.0204	0.0381	0.0302	0.0079	0.0257	0.0132	0.0125	0.0000	0.0000	0.0000	0.0000	0.0000	0.0000	0.0000	0.0000	0.0000	0.0000	0.0000	0.0000	0.0000	0.0000	0.0000	0.0000	0.0000	0.0000											
12	43	0.6603	11	1	2	1	2	0	0	0	0	N	Y	N	Y	N	N	N	N	N	N	N	N	0.0000	0.0000	0.0000	0.0000	0.0000	0.0000	0.0000	0.0000	0.0000	0.0000	0.0000	0.0000	0.0000	0.0000	0.0000	0.0001	0.0001	0.0000	0.0002	0.0002	0.0000	0.0000	0.0000	0.0000	0.0000	0.0000	-0.0000	0.9995	1.0007	2.0282	2.4334	0.0000	0.0000	0.0000	0.0000	0.0000	0.0000	0.0000	0.0000	0.0000	0.0000	0.0000	0.0000	0.0000	0.0000	0.0000	0.0000	0.0000	0.0000	0.0064	0.0055	0.0009	0.0018	0.0016	0.0001	0.0046	0.0039	0.0008	0.0257	0.0196	0.0061	0.0130	0.0120	0.0010	0.0128	0.0076	0.0051	0.0000	0.0000	0.0000	0.0000	0.0000	0.0000	0.0000	0.0000	0.0000	0.0001	0.0001	0.0000	0.0002	0.0002	0.0000	0.0000	0.0000	0.0000				
12	44	0.6231	10	1	1	0	2	0	0	0	0	N	N	N	Y	N	N	N	N	N	N	N	N	0.0000	0.0000	0.0000	0.0000	0.0000	0.0000	0.0000	0.0000	0.0000	0.0000	0.0000	0.0000	0.0000	0.0000	0.0000	0.0000	0.0000	0.0000	0.0105	0.0147	0.0000	0.0189	0.0224	0.0000	0.0001	0.0002	0.0000	0.0005	0.0000	-0.0004	0.9995	1.0391	2.0282	15.0482	0.0000	0.0000	0.0000	0.0000	0.0000	0.0000	0.0000	0.0000	0.0000	0.0010	0.0010	0.0000	0.0010	0.0010	0.0000	0.0000	0.0000	0.0000	0.0072	0.0062	0.0010	0.0021	0.0020	0.0001	0.0050	0.0042	0.0008	0.0924	0.0661	0.0263	0.0511	0.0431	0.0080	0.0413	0.0230	0.0183	0.0000	0.0000	0.0000	0.0000	0.0000	0.0000	0.0000	0.0000	0.0000	0.0105	0.0147	0.0000	0.0189	0.0224	0.0000	0.0001	0.0002	0.0000	
12	45	0.5027	9	1	2	0	1	0	0	0	0	N	Y	N	N	N	N	N	N	N	N	N	N	inf	inf	inf	inf	13.8649	16.1055	0.0000	57.4057	62.5974	0.0000	0.0000	0.0000	0.0000	0.0000	0.0000	0.0000	0.0000	0.0000	0.0000	0.0000	0.0000	0.0000	0.0000	-0.4409	0.0000	0.9995	12.0036	2.0282	21.9053	0.9995	0.9995	0.0000	0.9995	0.9995	0.0000	0.0000	0.0000	0.0000	0.0000	0.0000	0.0000	0.0000	0.0000	0.0000	0.0000	0.0000	0.0000	0.0721	0.0621	0.0100	0.0174	0.0160	0.0014	0.0547	0.0461	0.0086	0.1086	0.0726	0.0360	0.0536	0.0450	0.0087	0.0550	0.0277	0.0273	inf	inf	0.0000	inf	inf	0.0000	0.0000	0.0000	0.0000	0.0000	0.0000	0.0000	0.0000	0.0000	0.0000	0.0000	0.0000	0.0000						
12	46	0.0258	3	2	2	0	1	0	0	0	0	Y	Y	N	N	N	N	N	N	N	N	N	N	0.0000	0.0000	0.0000	0.0000	0.0000	0.0000	0.0000	0.0000	0.0000	0.0000	0.0000	0.0000	0.0000	0.0000	0.0000	0.0000	0.0004	0.0004	0.0000	0.0000	0.0000	0.0000	0.0000	0.0000	-0.0000	0.9995	2.0120	2.0282	1.9924	0.0000	0.0000	0.0000	0.0000	0.0000	0.0000	0.0000	0.0000	0.0000	0.0000	0.0000	0.0000	0.0000	0.0000	0.0000	0.0000	0.0000	0.0000	0.0140	0.0118	0.0022	0.0002	0.0002	0.0000	0.0137	0.0115	0.0022	0.0184	0.0101	0.0082	0.0007	0.0007	0.0000	0.0176	0.0094	0.0082	0.0000	0.0000	0.0000	0.0000	0.0000	0.0000	0.0000	0.0000	0.0000	0.0000	0.0000	0.0000	0.0004	0.0004	0.0000	0.0000	0.0000	0.0000						
12	47	0.6072	15	2	2	0	1	0	0	0	0	Y	Y	N	N	N	N	N	N	N	N	N	N	0.0000	0.0000	0.0000	0.0000	0.0000	0.0000	0.0000	0.0000	0.0000	0.0000	0.0000	0.0000	0.0000	0.0000	0.0000	0.0017	0.0000	0.0053	0.0001	0.0000	0.0008	0.0035	0.0000	0.0069	inf	0.0000	0.0000	0.9995	0.0002	2.0282	4.0036	0.0000	0.0000	0.0000	0.0000	0.0000	0.0000	0.0000	0.0000	0.0000	0.0000	0.0000	0.0000	0.0000	0.0000	0.0000	0.0000	0.0000	0.0000	0.0000	0.0000	0.0000	0.0000	0.0000	0.0000	0.0000	0.0000	0.0000	0.0129	0.0088	0.0041	0.0069	0.0058	0.0011	0.0061	0.0030	0.0030	0.0000	0.0000	0.0000	0.0000	0.0000	0.0000	0.0000	0.0000	0.0000	0.0017	0.0000	0.0053	0.0001	0.0000	0.0008	0.0035	0.0000	0.0069				
12	48	0.5027	9	1	2	0	2	0	0	0	0	N	Y	N	Y	N	N	N	N	N	N	N	N	0.0000	0.0000	0.0000	0.0000	0.0000	0.0000	0.0000	0.0000	0.0000	0.0000	0.0000	0.0000	0.0000	0.0000	0.0000	0.0530	0.0794	0.0000	0.1051	0.1261	0.0000	0.0039	0.0077	0.0000	0.0000	0.0000	-0.0040	0.9995	6.0036	2.0282	51.7820	0.0000	0.0000	0.0000	0.0000	0.0000	0.0000	0.0000	0.0000	0.0000	0.0086	0.0086	0.0000	0.0083	0.0083	0.0000	0.0003	0.0003	0.0000	0.0365	0.0314	0.0051	0.0089	0.0081	0.0007	0.0276	0.0233	0.0044	0.1633	0.1089	0.0544	0.0791	0.0660	0.0131	0.0842	0.0429	0.0413	0.0000	0.0000	0.0000	0.0000	0.0000	0.0000	0.0000	0.0000	0.0000	0.0530	0.0794	0.0000	0.1051	0.1261	0.0000	0.0039	0.0077	0.0000				
12	49	0.5027	9	2	2	0	1	0	0	0	0	Y	Y	N	N	N	N	N	N	N	N	N	N	0.0000	0.0000	0.0000	0.0000	0.0000	0.0000	0.0000	0.0000	0.0000	0.0000	0.0000	0.0000	0.0000	0.0000	0.0000	0.0000	0.0000	0.0000	0.0000	0.0000	0.9995	5.9964	2.0282	34.6547	0.0000	0.0000	0.0000	0.0000	0.0000	0.0000	0.0000	0.0000	0.0000	0.0000	0.0000	0.0000	0.0000	0.0000	0.0000	0.0000	0.0000	0.0000	0.0365	0.0313	0.0051	0.0089	0.0081	0.0007	0.0276	0.0232	0.0044	0.1241	0.0830	0.0412	0.0610	0.0510	0.0099	0.0631	0.0319	0.0312	0.0000	0.0000	0.0000	0.0000	0.0000	0.0000	0.0000	0.0000	0.0000	0.0000	0.0000	0.0000	0.0000	0.0000	0.0000	0.0000	0.0000	0.0000											
12	50	0.5922	10	1	1	1	1	0	0	0	0	N	N	N	N	N	N	N	N	N	N	N	N	541.8859	1041.3371	0.0000	1958.6446	2028.0557	0.0000	0.0000	0.0000	0.0000	5.1240	5.8910	0.0000	16.8060	18.0764	0.0000	0.0000	0.0000	0.0000	0.0095	0.0057	0.0181	0.0086	0.0089	0.0068	0.0104	0.0000	0.0223	0.0000	1.4045	-0.4400	0.0003	0.9995	31.2093	2.0282	46.3939	0.9974	0.9974	0.0000	0.9974	0.9974	0.0000	0.0000	0.0000	0.0000	0.0023	0.0010	0.0013	0.0011	0.0010	0.0001	0.0012	0.0000	0.0012	0.1947	0.1693	0.0253	0.0594	0.0552	0.0042	0.1353	0.1141	0.0212	0.2439	0.1696	0.0744	0.1276	0.1076	0.0199	0.1164	0.0620	0.0544	541.8859	1041.3371	0.0000	1958.6446	2028.0557	0.0000	0.0000	0.0000	0.0000	0.0095	0.0057	0.0181	0.0086	0.0089	0.0068	0.0104	0.0000	0.0223
12	51	0.5394	10	1	2	0	1	0	0	0	0	N	Y	N	N	N	N	N	N	N	N	N	N	8.1750	6.9628	0.0000	0.3482	0.3347	0.0000	806.1767	8103.7151	0.0000	0.0005	0.0006	0.0000	0.0000	0.0000	0.0000	0.0008	0.0010	0.0000	0.0001	0.0001	0.0000	0.0001	0.0001	0.0000	0.0000	0.0000	0.0000	0.0000	0.0728	-0.0000	-0.0000	0.9995	4.1516	2.0282	14.5664	0.0000	0.0000	0.0000	0.0000	0.0000	0.0000	0.0000	0.0000	0.0000	0.0000	0.0000	0.0000	0.0000	0.0000	0.0000	0.0000	0.0000	0.0000	0.0337	0.0298	0.0039	0.0137	0.0129	0.0008	0.0200	0.0169	0.0031	0.0885	0.0621	0.0265	0.0473	0.0402	0.0071	0.0412	0.0219	0.0193	8.1750	6.9628	0.0000	0.3482	0.3347	0.0000	806.1767	8103.7151	0.0000	0.0001	0.0001	0.0000	0.0001	0.0001	0.0000	0.0000	0.0000	0.0000
12	52	0.6199	12	2	1	1	1	0	0	0	0	Y	N	N	N	N	N	N	N	N	N	N	N	inf	inf	inf	inf	17.3371	19.4752	0.0000	0.0000	0.0000	0.0000	31.7247	38.2894	0.0000	0.0000	0.0000	0.0000	0.0000	0.0000	0.0000	0.0000	0.0000	0.0000	0.0000	-0.0005	0.0000	0.9995	0.0028	2.0282	0.9232	0.0011	0.0011	0.0000	0.0000	0.0000	0.0000	0.0011	0.0011	0.0000	0.0000	0.0000	0.0000	0.0000	0.0000	0.0000	0.0000	0.0000	0.0000	0.0001	0.0001	0.0000	0.0000	0.0000	0.0000	0.0000	0.0000	0.0000	0.0043	0.0031	0.0012	0.0023	0.0020	0.0004	0.0020	0.0011	0.0009	inf	inf	0.0000	0.0000	0.0000	0.0000	inf	inf	0.0000	0.0000	0.0000	0.0000	0.0000	0.0000	0.0000	0.0000	0.0000	0.0000						
12	53	0.4324	12	1	2	0	1	0	0	0	0	N	Y	N	N	N	N	N	N	N	N	N	N	0.0000	0.0000	0.0000	0.0000	0.0000	0.0000	0.0000	0.0000	0.0000	0.0000	0.0000	0.0000	0.0000	0.0000	0.0000	0.0000	0.0000	0.0620	0.0010	0.1701	0.0269	0.0016	0.2082	0.0880	0.0000	0.1637	99.8806	0.0000	0.0050	0.9995	8.5400	2.0282	19.3759	0.0000	0.0000	0.0000	0.0000	0.0000	0.0000	0.0000	0.0000	0.0000	0.0093	0.0001	0.0092	0.0017	0.0001	0.0016	0.0076	0.0000	0.0076	0.0641	0.0551	0.0091	0.0156	0.0148	0.0008	0.0485	0.0403	0.0082	0.1504	0.0961	0.0543	0.0639	0.0561	0.0078	0.0864	0.0400	0.0465	0.0000	0.0000	0.0000	0.0000	0.0000	0.0000	0.0000	0.0000	0.0000	0.0620	0.0010	0.1701	0.0269	0.0016	0.2082	0.0880	0.0000	0.1637		
12	54	0.3694	11	1	1	0	1	0	0	0	0	N	N	N	N	N	N	N	N	N	N	N	N	0.0000	0.0000	0.0000	0.0000	0.0000	0.0000	0.0000	0.0000	0.0000	0.0000	0.0000	0.0000	0.0000	0.0000	0.0000	0.0000	0.0000	0.0000	0.0749	0.0645	0.0946	0.1264	0.1093	0.2328	0.0372	0.0087	0.0663	0.7688	0.0000	-0.0003	0.9995	7.3474	2.0282	24.2346	0.0000	0.0000	0.0000	0.0000	0.0000	0.0000	0.0000	0.0000	0.0000	0.0127	0.0072	0.0055	0.0091	0.0068	0.0023	0.0037	0.0004	0.0032	0.0612	0.0530	0.0082	0.0191	0.0182	0.0009	0.0421	0.0348	0.0072	0.1702	0.1117	0.0585	0.0719	0.0619	0.0100	0.0983	0.0497	0.0486	0.0000	0.0000	0.0000	0.0000	0.0000	0.0000	0.0000	0.0000	0.0000	0.0749	0.0645	0.0946	0.1264	0.1093	0.2328	0.0372	0.0087	0.0663	
12	55	0.3395	10	1	1	0	1	0	0	0	0	N	N	N	N	N	N	N	N	N	N	N	N	0.0034	0.0039	0.0000	0.0055	0.0059	0.0000	0.0000	0.0000	0.0000	0.0003	0.0003	0.0000	0.0007	0.0008	0.0000	0.0000	0.0000	0.0000	0.0850	0.0846	0.0860	0.1362	0.1318	0.1719	0.0456	0.0213	0.0710	0.0000	0.4905	-0.0000	-0.0015	0.9995	3.4216	2.0282	15.9376	0.0000	0.0000	0.0000	0.0000	0.0000	0.0000	0.0000	0.0000	0.0000	0.0118	0.0079	0.0039	0.0082	0.0071	0.0012	0.0036	0.0009	0.0027	0.0343	0.0300	0.0042	0.0135	0.0129	0.0006	0.0208	0.0171	0.0037	0.1390	0.0938	0.0452	0.0604	0.0537	0.0067	0.0786	0.0401	0.0385	0.0034	0.0039	0.0000	0.0055	0.0059	0.0000	0.0000	0.0000	0.0000	0.0850	0.0846	0.0860	0.1362	0.1318	0.1719	0.0456	0.0213	0.0710
12	56	0.6231	10	1	2	0	1	0	0	0	0	N	Y	N	N	N	N	N	N	N	N	N	N	0.0000	0.0000	0.0000	0.0000	0.0000	0.0000	0.0000	0.0000	0.0000	0.0000	0.0000	0.0000	0.0000	0.0000	0.0000	0.0000	0.0000	0.2043	0.2880	0.0000	0.0083	0.0099	0.0000	0.4347	0.7857	0.0000	0.0000	0.0000	-0.0100	0.9995	0.9891	2.0282	20.6926	0.0000	0.0000	0.0000	0.0000	0.0000	0.0000	0.0000	0.0000	0.0000	0.0218	0.0218	0.0000	0.0005	0.0005	0.0000	0.0213	0.0213	0.0000	0.0068	0.0059	0.0010	0.0020	0.0019	0.0001	0.0048	0.0040	0.0008	0.1066	0.0757	0.0310	0.0576	0.0485	0.0091	0.0490	0.0271	0.0219	0.0000	0.0000	0.0000	0.0000	0.0000	0.0000	0.0000	0.0000	0.0000	0.2043	0.2880	0.0000	0.0083	0.0099	0.0000	0.4347	0.7857	0.0000		
12	57	0.5027	9	1	1	0	1	0	0	0	0	N	N	N	N	N	N	N	N	N	N	N	N	0.0000	0.0000	0.0000	0.0000	0.0000	0.0000	0.0000	0.0000	0.0000	0.0000	0.0000	0.0000	0.0000	0.0000	0.0000	0.0000	0.0000	0.0000	0.0628	0.0921	0.0039	0.1137	0.1359	0.0001	0.0140	0.0227	0.0051	0.0209	0.0000	-0.0037	0.9995	5.0326	2.0282	39.3193	0.0000	0.0000	0.0000	0.0000	0.0000	0.0000	0.0000	0.0000	0.0000	0.0084	0.0082	0.0002	0.0074	0.0074	0.0000	0.0009	0.0008	0.0002	0.0307	0.0264	0.0043	0.0075	0.0069	0.0006	0.0233	0.0196	0.0037	0.1330	0.0889	0.0442	0.0652	0.0545	0.0107	0.0679	0.0344	0.0335	0.0000	0.0000	0.0000	0.0000	0.0000	0.0000	0.0000	0.0000	0.0000	0.0628	0.0921	0.0039	0.1137	0.1359	0.0001	0.0140	0.0227	0.0051	
12	58	0.5027	9	1	2	0	2	0	0	0	0	N	Y	N	Y	N	N	N	N	N	N	N	N	0.0000	0.0000	0.0000	0.0000	0.0000	0.0000	0.0000	0.0000	0.0000	0.0000	0.0000	0.0000	0.0000	0.0000	0.0000	0.0000	0.0000	0.0000	0.0000	0.0000	0.9995	5.0036	2.0282	36.7244	0.0000	0.0000	0.0000	0.0000	0.0000	0.0000	0.0000	0.0000	0.0000	0.0000	0.0000	0.0000	0.0000	0.0000	0.0000	0.0000	0.0000	0.0000	0.0306	0.0263	0.0043	0.0074	0.0068	0.0006	0.0231	0.0195	0.0037	0.1267	0.0847	0.0420	0.0622	0.0521	0.0102	0.0645	0.0326	0.0319	0.0000	0.0000	0.0000	0.0000	0.0000	0.0000	0.0000	0.0000	0.0000	0.0000	0.0000	0.0000	0.0000	0.0000	0.0000	0.0000	0.0000	0.0000											
12	59	0.3199	10	1	2	0	2	0	0	0	0	N	Y	N	Y	N	N	N	N	N	N	N	N	0.0000	0.0000	0.0000	0.0000	0.0000	0.0000	0.0000	0.0000	0.0000	0.0000	0.0000	0.0000	0.0000	0.0000	0.0000	0.0029	0.0044	0.0000	0.0072	0.0080	0.0000	0.0000	0.0000	0.0000	0.0000	0.0000	-0.0003	0.9995	10.4254	2.0282	21.2017	0.0000	0.0000	0.0000	0.0000	0.0000	0.0000	0.0000	0.0000	0.0000	0.0006	0.0006	0.0000	0.0006	0.0006	0.0000	0.0000	0.0000	0.0000	0.0872	0.0758	0.0114	0.0272	0.0258	0.0014	0.0601	0.0500	0.0100	0.1921	0.1295	0.0626	0.0787	0.0707	0.0080	0.1134	0.0588	0.0546	0.0000	0.0000	0.0000	0.0000	0.0000	0.0000	0.0000	0.0000	0.0000	0.0029	0.0044	0.0000	0.0072	0.0080	0.0000	0.0000	0.0000	0.0000				
12	60	0.6199	12	2	1	1	1	0	0	0	0	Y	N	N	N	N	N	N	N	N	N	N	N	inf	inf	inf	inf	75.0209	86.6611	0.0000	257.5836	278.4426	0.0000	0.0000	0.0000	0.0000	0.0000	0.0000	0.0000	0.0000	0.0000	0.0000	0.0000	0.0000	0.0000	0.0000	-0.4404	0.0000	0.9995	1.9981	2.0282	3.0867	0.9984	0.9984	0.0000	0.9984	0.9984	0.0000	0.0000	0.0000	0.0000	0.0000	0.0000	0.0000	0.0000	0.0000	0.0000	0.0000	0.0000	0.0000	0.0133	0.0115	0.0018	0.0039	0.0036	0.0003	0.0094	0.0079	0.0015	0.0179	0.0123	0.0056	0.0099	0.0081	0.0019	0.0080	0.0042	0.0038	inf	inf	0.0000	inf	inf	0.0000	0.0000	0.0000	0.0000	0.0000	0.0000	0.0000	0.0000	0.0000	0.0000	0.0000	0.0000	0.0000						
12	61	0.5766	11	2	1	1	1	0	0	0	0	Y	N	N	N	N	N	N	N	N	N	N	N	inf	inf	inf	inf	0.0421	0.0485	0.0000	0.1370	0.1483	0.0000	0.0000	0.0000	0.0000	0.0000	0.0000	0.0000	0.0000	0.0000	0.0000	0.0000	0.0000	0.0000	0.0000	-0.0005	0.0000	0.9995	4.0039	2.0282	14.0733	0.0011	0.0011	0.0000	0.0011	0.0011	0.0000	0.0000	0.0000	0.0000	0.0000	0.0000	0.0000	0.0000	0.0000	0.0000	0.0000	0.0000	0.0000	0.0266	0.0231	0.0035	0.0082	0.0075	0.0006	0.0184	0.0155	0.0029	0.0652	0.0444	0.0208	0.0389	0.0309	0.0080	0.0263	0.0135	0.0128	inf	inf	0.0000	inf	inf	0.0000	0.0000	0.0000	0.0000	0.0000	0.0000	0.0000	0.0000	0.0000	0.0000	0.0000	0.0000	0.0000						
12	62	0.5960	12	2	1	1	1	0	0	0	0	Y	N	N	N	N	N	N	N	N	N	N	N	0.0000	0.0000	0.0000	0.0000	0.0000	0.0000	0.0000	0.0000	0.0000	0.0000	0.0000	0.0000	0.0000	0.0000	0.0000	0.0000	0.0000	0.0000	0.0000	0.0000	0.0000	0.0000	0.0000	0.0000	-0.0000	0.9995	0.0060	2.0282	17.2393	0.0000	0.0000	0.0000	0.0000	0.0000	0.0000	0.0000	0.0000	0.0000	0.0000	0.0000	0.0000	0.0000	0.0000	0.0000	0.0000	0.0000	0.0000	0.0002	0.0002	0.0000	0.0001	0.0001	0.0000	0.0001	0.0001	0.0000	0.0546	0.0369	0.0177	0.0300	0.0243	0.0056	0.0246	0.0126	0.0120	0.0000	0.0000	0.0000	0.0000	0.0000	0.0000	0.0000	0.0000	0.0000	0.0000	0.0000	0.0000	0.0000	0.0000	0.0000	0.0000	0.0000	0.0000						
12	63	0.5394	10	1	1	1	1	0	0	0	0	N	N	N	N	N	N	N	N	N	N	N	N	0.0000	0.0000	0.0000	0.0000	0.0000	0.0000	0.0000	0.0000	0.0000	0.0000	0.0000	0.0000	0.0000	0.0000	0.0000	0.0000	0.0000	0.0000	0.0000	0.0000	0.0000	0.0001	0.0001	0.0000	0.0000	0.0000	0.0000	0.0639	0.0000	-0.0000	0.9995	1.0230	2.0282	12.1924	0.0000	0.0000	0.0000	0.0000	0.0000	0.0000	0.0000	0.0000	0.0000	0.0000	0.0000	0.0000	0.0000	0.0000	0.0000	0.0000	0.0000	0.0000	0.0139	0.0127	0.0012	0.0086	0.0082	0.0004	0.0053	0.0045	0.0008	0.0731	0.0519	0.0212	0.0400	0.0342	0.0058	0.0330	0.0176	0.0154	0.0000	0.0000	0.0000	0.0000	0.0000	0.0000	0.0000	0.0000	0.0000	0.0000	0.0000	0.0000	0.0001	0.0001	0.0000	0.0000	0.0000	0.0000	
12	64	0.5027	9	1	1	0	1	0	0	0	0	N	N	N	N	N	N	N	N	N	N	N	N	0.0000	0.0000	0.0000	0.0000	0.0000	0.0000	0.0000	0.0000	0.0000	0.0000	0.0000	0.0000	0.0000	0.0000	0.0000	0.0000	0.0000	0.0000	0.0001	0.0001	0.0001	0.0000	0.0000	0.0000	0.0002	0.0003	0.0001	0.4651	0.0000	-0.0000	0.9995	2.4556	2.0282	12.4191	0.0000	0.0000	0.0000	0.0000	0.0000	0.0000	0.0000	0.0000	0.0000	0.0000	0.0000	0.0000	0.0000	0.0000	0.0000	0.0000	0.0000	0.0000	0.0152	0.0131	0.0021	0.0037	0.0034	0.0003	0.0115	0.0097	0.0018	0.0547	0.0367	0.0180	0.0275	0.0234	0.0041	0.0273	0.0134	0.0139	0.0000	0.0000	0.0000	0.0000	0.0000	0.0000	0.0000	0.0000	0.0000	0.0001	0.0001	0.0001	0.0000	0.0000	0.0000	0.0002	0.0003	0.0001	
12	65	0.6250	11	1	2	0	1	0	0	0	0	N	Y	N	N	N	N	N	N	N	N	N	N	2.9968	2.4985	0.0000	0.0000	0.0000	324.2101	1069.4219	0.0000	0.0007	0.0009	0.0000	0.0000	0.0000	0.0000	0.0011	0.0013	0.0000	0.0002	0.0003	0.0000	0.0005	0.0005	0.0000	0.0000	0.0000	0.0000	0.0000	0.0050	-0.0000	-0.0000	0.9995	1.7555	2.0282	11.9300	0.0000	0.0000	0.0000	0.0000	0.0000	0.0000	0.0000	0.0000	0.0000	0.0000	0.0000	0.0000	0.0000	0.0000	0.0000	0.0000	0.0000	0.0000	0.0134	0.0117	0.0017	0.0042	0.0039	0.0003	0.0092	0.0078	0.0014	0.0585	0.0425	0.0160	0.0312	0.0271	0.0041	0.0273	0.0154	0.0119	2.9968	2.4985	0.0000	0.0000	0.0000	0.0000	324.2101	1069.4219	0.0000	0.0002	0.0003	0.0000	0.0005	0.0005	0.0000	0.0000	0.0000	0.0000	
12	66	0.6040	13	2	2	1	1	0	0	0	0	Y	Y	N	N	N	N	N	N	N	N	N	N	0.0000	0.0000	0.0000	0.0000	0.0000	0.0000	0.0000	0.0000	0.0000	0.0000	0.0000	0.0000	0.0000	0.0000	0.0000	0.0000	0.0000	0.0000	0.0000	0.0000	0.9995	0.0000	2.0282	0.0000	0.0000	0.0000	0.0000	0.0000	0.0000	0.0000	0.0000	0.0000	0.0000	0.0000	0.0000	0.0000	0.0000	0.0000	0.0000	0.0000	0.0000	0.0000	0.0000	0.0000	0.0000	0.0000	0.0000	0.0000	0.0000	0.0000	0.0000	0.0000	0.0000	0.0000	0.0000	0.0000	0.0000	0.0000	0.0000	0.0000	0.0000	0.0000	0.0000	0.0000	0.0000	0.0000	0.0000	0.0000	0.0000	0.0000	0.0000	0.0000	0.0000	0.0000	0.0000	0.0000	0.0000	0.0000											
12	67	0.4107	10	2	2	1	1	0	0	0	0	Y	Y	N	N	N	N	N	N	N	N	N	N	0.0000	0.0000	0.0000	0.0000	0.0000	0.0000	0.0000	0.0000	0.0000	0.0000	0.0000	0.0000	0.0000	0.0000	0.0000	0.0000	0.0000	0.0000	0.0000	0.0000	0.9995	1.0000	2.0282	3.0000	0.0000	0.0000	0.0000	0.0000	0.0000	0.0000	0.0000	0.0000	0.0000	0.0000	0.0000	0.0000	0.0000	0.0000	0.0000	0.0000	0.0000	0.0000	0.0060	0.0051	0.0008	0.0016	0.0015	0.0001	0.0044	0.0037	0.0007	0.0120	0.0073	0.0048	0.0024	0.0020	0.0004	0.0097	0.0053	0.0044	0.0000	0.0000	0.0000	0.0000	0.0000	0.0000	0.0000	0.0000	0.0000	0.0000	0.0000	0.0000	0.0000	0.0000	0.0000	0.0000	0.0000	0.0000											
12	68	0.6040	13	2	2	1	1	0	0	0	0	Y	Y	N	N	N	N	N	N	N	N	N	N	0.0000	0.0000	0.0000	0.0000	0.0000	0.0000	0.0000	0.0000	0.0000	0.0000	0.0000	0.0000	0.0000	0.0000	0.0000	0.0000	0.0000	0.0000	0.0000	0.0000	0.9995	1.0000	2.0282	0.0000	0.0000	0.0000	0.0000	0.0000	0.0000	0.0000	0.0000	0.0000	0.0000	0.0000	0.0000	0.0000	0.0000	0.0000	0.0000	0.0000	0.0000	0.0000	0.0066	0.0057	0.0009	0.0020	0.0018	0.0002	0.0046	0.0039	0.0007	0.0032	0.0022	0.0011	0.0015	0.0013	0.0003	0.0017	0.0009	0.0008	0.0000	0.0000	0.0000	0.0000	0.0000	0.0000	0.0000	0.0000	0.0000	0.0000	0.0000	0.0000	0.0000	0.0000	0.0000	0.0000	0.0000	0.0000											
12	69	0.5876	12	2	2	1	1	0	0	0	0	Y	Y	N	N	N	N	N	N	N	N	N	N	0.0000	0.0000	0.0000	0.0000	0.0000	0.0000	0.0000	0.0000	0.0000	0.0000	0.0000	0.0000	0.0000	0.0000	0.0000	0.0000	0.0000	0.0000	0.0000	0.0000	0.0000	0.0000	0.0000	0.0000	-0.0000	0.9995	1.0155	2.0282	5.9708	0.0000	0.0000	0.0000	0.0000	0.0000	0.0000	0.0000	0.0000	0.0000	0.0000	0.0000	0.0000	0.0000	0.0000	0.0000	0.0000	0.0000	0.0000	0.0072	0.0062	0.0009	0.0022	0.0021	0.0002	0.0049	0.0042	0.0008	0.0263	0.0182	0.0080	0.0142	0.0117	0.0025	0.0121	0.0065	0.0056	0.0000	0.0000	0.0000	0.0000	0.0000	0.0000	0.0000	0.0000	0.0000	0.0000	0.0000	0.0000	0.0000	0.0000	0.0000	0.0000	0.0000	0.0000						
12	70	0.5829	11	2	1	1	1	0	0	0	0	Y	N	N	N	N	N	N	N	N	N	N	N	0.0000	0.0000	0.0000	0.0000	0.0000	0.0000	0.0000	0.0000	0.0000	0.0000	0.0000	0.0000	0.0000	0.0000	0.0000	0.0000	0.0000	0.0000	0.0007	0.0010	0.0001	0.0010	0.0012	0.0002	0.0000	0.0001	0.0000	0.0338	0.0000	-0.0000	0.9995	0.0406	2.0282	2.3361	0.0000	0.0000	0.0000	0.0000	0.0000	0.0000	0.0000	0.0000	0.0000	0.0000	0.0000	0.0000	0.0000	0.0000	0.0000	0.0000	0.0000	0.0000	0.0007	0.0006	0.0001	0.0003	0.0003	0.0000	0.0004	0.0003	0.0001	0.0224	0.0161	0.0063	0.0154	0.0121	0.0032	0.0070	0.0040	0.0030	0.0000	0.0000	0.0000	0.0000	0.0000	0.0000	0.0000	0.0000	0.0000	0.0007	0.0010	0.0001	0.0010	0.0012	0.0002	0.0000	0.0001	0.0000	
12	71	0.4107	10	2	2	1	1	0	0	0	0	Y	Y	N	N	N	N	N	N	N	N	N	N	0.0000	0.0000	0.0000	0.0000	0.0000	0.0000	0.0000	0.0000	0.0000	0.0000	0.0000	0.0000	0.0000	0.0000	0.0000	0.0000	0.0000	0.0000	0.0000	0.0000	0.9995	0.0000	2.0282	0.0000	0.0000	0.0000	0.0000	0.0000	0.0000	0.0000	0.0000	0.0000	0.0000	0.0000	0.0000	0.0000	0.0000	0.0000	0.0000	0.0000	0.0000	0.0000	0.0000	0.0000	0.0000	0.0000	0.0000	0.0000	0.0000	0.0000	0.0000	0.0000	0.0000	0.0000	0.0000	0.0000	0.0000	0.0000	0.0000	0.0000	0.0000	0.0000	0.0000	0.0000	0.0000	0.0000	0.0000	0.0000	0.0000	0.0000	0.0000	0.0000	0.0000	0.0000	0.0000	0.0000	0.0000	0.0000											
12	72	0.3926	9	2	2	1	1	0	0	0	0	Y	Y	N	N	N	N	N	N	N	N	N	N	0.0000	0.0000	0.0000	0.0000	0.0000	0.0000	0.0000	0.0000	0.0000	0.0000	0.0000	0.0000	0.0000	0.0000	0.0000	0.0000	0.0000	0.0000	0.0000	0.0000	0.0000	0.0000	0.0000	0.0000	-0.0000	0.9995	3.9057	2.0282	1.1104	0.0000	0.0000	0.0000	0.0000	0.0000	0.0000	0.0000	0.0000	0.0000	0.0000	0.0000	0.0000	0.0000	0.0000	0.0000	0.0000	0.0000	0.0000	0.0261	0.0226	0.0035	0.0075	0.0069	0.0005	0.0186	0.0157	0.0030	0.0199	0.0131	0.0068	0.0063	0.0055	0.0009	0.0136	0.0077	0.0059	0.0000	0.0000	0.0000	0.0000	0.0000	0.0000	0.0000	0.0000	0.0000	0.0000	0.0000	0.0000	0.0000	0.0000	0.0000	0.0000	0.0000	0.0000						
12	73	0.1176	5	2	2	0	1	0	0	0	0	Y	Y	N	N	N	N	N	N	N	N	N	N	0.0000	0.0000	0.0000	0.0000	0.0000	0.0000	0.0000	0.0000	0.0000	0.0000	0.0000	0.0000	0.0000	0.0000	0.0000	0.0000	0.0000	0.0048	0.0005	0.0127	0.0105	0.0013	0.1548	0.0029	0.0000	0.0062	14.6599	0.0000	0.0003	0.9995	6.9070	2.0282	16.5673	0.0000	0.0000	0.0000	0.0000	0.0000	0.0000	0.0000	0.0000	0.0000	0.0006	0.0000	0.0006	0.0003	0.0000	0.0003	0.0003	0.0000	0.0003	0.0822	0.0726	0.0096	0.0234	0.0227	0.0007	0.0588	0.0499	0.0089	0.1294	0.0834	0.0460	0.0333	0.0313	0.0020	0.0961	0.0521	0.0440	0.0000	0.0000	0.0000	0.0000	0.0000	0.0000	0.0000	0.0000	0.0000	0.0048	0.0005	0.0127	0.0105	0.0013	0.1548	0.0029	0.0000	0.0062		
12	74	0.3847	11	1	2	0	2	0	0	0	0	N	Y	N	Y	N	N	N	N	N	N	N	N	0.0000	0.0000	0.0000	0.0000	0.0000	0.0000	0.0000	0.0000	0.0000	0.0000	0.0000	0.0000	0.0000	0.0000	0.0000	0.0000	0.0000	0.0028	0.0002	0.0076	0.0026	0.0003	0.0192	0.0030	0.0000	0.0061	28.3005	0.0000	0.0001	0.9995	6.4226	2.0282	19.3377	0.0000	0.0000	0.0000	0.0000	0.0000	0.0000	0.0000	0.0000	0.0000	0.0003	0.0000	0.0003	0.0001	0.0000	0.0001	0.0002	0.0000	0.0002	0.0452	0.0387	0.0064	0.0114	0.0105	0.0010	0.0337	0.0283	0.0055	0.1031	0.0659	0.0372	0.0359	0.0316	0.0044	0.0671	0.0343	0.0328	0.0000	0.0000	0.0000	0.0000	0.0000	0.0000	0.0000	0.0000	0.0000	0.0028	0.0002	0.0076	0.0026	0.0003	0.0192	0.0030	0.0000	0.0061		
12	75	0.3395	10	1	1	0	2	0	0	0	0	N	N	N	Y	N	N	N	N	N	N	N	N	0.0047	0.0971	0.0000	0.0182	0.1622	0.0000	0.0000	0.0000	0.0000	0.0002	0.0003	0.0000	0.0006	0.0007	0.0000	0.0000	0.0000	0.0000	0.0466	0.0026	0.1357	0.0353	0.0041	0.2791	0.0548	0.0006	0.1114	0.0000	25.7667	-0.0000	0.0035	0.9995	5.1932	2.0282	17.4397	0.0000	0.0000	0.0000	0.0000	0.0000	0.0000	0.0000	0.0000	0.0000	0.0069	0.0003	0.0066	0.0022	0.0002	0.0020	0.0047	0.0000	0.0046	0.0455	0.0396	0.0059	0.0156	0.0149	0.0007	0.0299	0.0248	0.0051	0.1473	0.0986	0.0487	0.0622	0.0551	0.0070	0.0851	0.0435	0.0416	0.0047	0.0971	0.0000	0.0182	0.1622	0.0000	0.0000	0.0000	0.0000	0.0466	0.0026	0.1357	0.0353	0.0041	0.2791	0.0548	0.0006	0.1114
12	76	0.3026	9	1	1	0	1	0	0	0	0	N	N	N	N	N	N	N	N	N	N	N	N	0.8810	1.3358	0.0000	2.1422	2.4319	0.0000	0.0070	0.0394	0.0000	0.0603	0.0696	0.0000	0.1938	0.2026	0.0000	0.0004	0.0004	0.0000	0.0685	0.0521	0.1036	0.0905	0.0833	0.1417	0.0510	0.0110	0.0958	0.0000	0.9254	-0.0011	0.0002	0.9995	4.4918	2.0282	17.5337	0.0024	0.0024	0.0000	0.0024	0.0024	0.0000	0.0000	0.0000	0.0000	0.0109	0.0057	0.0052	0.0064	0.0052	0.0012	0.0045	0.0005	0.0040	0.0404	0.0350	0.0054	0.0125	0.0120	0.0005	0.0279	0.0230	0.0049	0.1595	0.1088	0.0507	0.0705	0.0619	0.0086	0.0890	0.0469	0.0420	0.8810	1.3358	0.0000	2.1422	2.4319	0.0000	0.0070	0.0394	0.0000	0.0685	0.0521	0.1036	0.0905	0.0833	0.1417	0.0510	0.0110	0.0958
12	77	0.5985	12	1	1	0	2	0	0	0	0	N	N	N	Y	N	N	N	N	N	N	N	N	0.0000	0.0000	0.0000	0.0000	0.0000	0.0000	0.0000	0.0000	0.0000	0.0000	0.0000	0.0000	0.0000	0.0000	0.0000	0.0000	0.0000	0.0000	0.1354	0.1621	0.0798	0.2277	0.2632	0.0058	0.0493	0.0000	0.0989	0.2365	0.0000	-0.0024	0.9995	0.3745	2.0282	14.7996	0.0000	0.0000	0.0000	0.0000	0.0000	0.0000	0.0000	0.0000	0.0000	0.0089	0.0072	0.0017	0.0072	0.0072	0.0000	0.0017	0.0000	0.0017	0.0033	0.0029	0.0004	0.0011	0.0010	0.0001	0.0022	0.0019	0.0003	0.0658	0.0445	0.0214	0.0318	0.0274	0.0044	0.0341	0.0171	0.0170	0.0000	0.0000	0.0000	0.0000	0.0000	0.0000	0.0000	0.0000	0.0000	0.1354	0.1621	0.0798	0.2277	0.2632	0.0058	0.0493	0.0000	0.0989	
12	78	0.5763	11	1	1	0	2	0	0	0	0	N	N	N	Y	N	N	N	N	N	N	N	N	0.0000	0.0000	0.0000	0.0000	0.0000	0.0000	0.0000	0.0000	0.0000	0.0000	0.0000	0.0000	0.0000	0.0000	0.0000	0.0000	0.0000	0.0000	0.3811	0.0058	1.2590	0.0114	0.0082	0.0322	0.7834	0.0015	1.6310	92.3325	0.0000	0.0115	0.9995	1.4595	2.0282	10.3922	0.0000	0.0000	0.0000	0.0000	0.0000	0.0000	0.0000	0.0000	0.0000	0.0217	0.0002	0.0215	0.0003	0.0002	0.0001	0.0214	0.0000	0.0214	0.0103	0.0090	0.0013	0.0031	0.0029	0.0002	0.0072	0.0061	0.0011	0.0570	0.0399	0.0171	0.0297	0.0257	0.0040	0.0273	0.0142	0.0131	0.0000	0.0000	0.0000	0.0000	0.0000	0.0000	0.0000	0.0000	0.0000	0.3811	0.0058	1.2590	0.0114	0.0082	0.0322	0.7834	0.0015	1.6310	
12	79	0.5621	10	1	1	0	2	0	0	0	0	N	N	N	Y	N	N	N	N	N	N	N	N	0.0000	0.0000	0.0000	0.0000	0.0000	0.0000	0.0000	0.0000	0.0000	0.0000	0.0000	0.0000	0.0000	0.0000	0.0000	0.0000	0.0000	0.0000	0.0167	0.0072	0.0395	0.0097	0.0106	0.0038	0.0247	0.0010	0.0509	2.2752	0.0000	0.0002	0.9995	1.3861	2.0282	6.3168	0.0000	0.0000	0.0000	0.0000	0.0000	0.0000	0.0000	0.0000	0.0000	0.0007	0.0002	0.0005	0.0002	0.0002	0.0000	0.0005	0.0000	0.0005	0.0091	0.0078	0.0013	0.0026	0.0024	0.0002	0.0065	0.0055	0.0010	0.0425	0.0300	0.0125	0.0225	0.0195	0.0030	0.0199	0.0104	0.0095	0.0000	0.0000	0.0000	0.0000	0.0000	0.0000	0.0000	0.0000	0.0000	0.0167	0.0072	0.0395	0.0097	0.0106	0.0038	0.0247	0.0010	0.0509	
12	80	0.5027	9	1	1	0	2	0	0	0	0	N	N	N	Y	N	N	N	N	N	N	N	N	0.0000	0.0000	0.0000	0.0000	0.0000	0.0000	0.0000	0.0000	0.0000	0.0000	0.0000	0.0000	0.0000	0.0000	0.0000	0.0000	0.0000	0.0000	0.0031	0.0040	0.0013	0.0052	0.0062	0.0000	0.0010	0.0002	0.0017	0.1670	0.0000	-0.0001	0.9995	4.0043	2.0282	19.8631	0.0000	0.0000	0.0000	0.0000	0.0000	0.0000	0.0000	0.0000	0.0000	0.0002	0.0002	0.0000	0.0002	0.0002	0.0000	0.0000	0.0000	0.0000	0.0246	0.0211	0.0035	0.0060	0.0055	0.0005	0.0186	0.0156	0.0030	0.0805	0.0539	0.0266	0.0401	0.0338	0.0063	0.0404	0.0201	0.0203	0.0000	0.0000	0.0000	0.0000	0.0000	0.0000	0.0000	0.0000	0.0000	0.0031	0.0040	0.0013	0.0052	0.0062	0.0000	0.0010	0.0002	0.0017	
12	81	0.3454	9	1	2	1	1	0	0	0	0	N	Y	N	N	N	N	N	N	N	N	N	N	0.0000	0.0000	0.0000	0.0000	0.0000	0.0000	0.0000	0.0000	0.0000	0.0000	0.0000	0.0000	0.0000	0.0000	0.0000	0.0000	0.0000	0.0000	0.0000	0.0000	0.9995	2.0162	2.0282	4.5500	0.0000	0.0000	0.0000	0.0000	0.0000	0.0000	0.0000	0.0000	0.0000	0.0000	0.0000	0.0000	0.0000	0.0000	0.0000	0.0000	0.0000	0.0000	0.0163	0.0141	0.0022	0.0054	0.0051	0.0004	0.0109	0.0090	0.0018	0.0290	0.0186	0.0104	0.0097	0.0085	0.0012	0.0193	0.0102	0.0091	0.0000	0.0000	0.0000	0.0000	0.0000	0.0000	0.0000	0.0000	0.0000	0.0000	0.0000	0.0000	0.0000	0.0000	0.0000	0.0000	0.0000	0.0000											
12	82	0.6107	13	1	2	1	1	0	0	0	0	N	Y	N	N	N	N	N	N	N	N	N	N	0.0000	0.0000	0.0000	0.0000	0.0000	0.0000	0.0000	0.0000	0.0000	0.0000	0.0000	0.0000	0.0000	0.0000	0.0000	0.0000	0.0000	0.0000	0.0000	0.0000	0.0000	0.0000	0.0000	0.0000	-0.0000	0.9995	3.0011	2.0282	3.7015	0.0000	0.0000	0.0000	0.0000	0.0000	0.0000	0.0000	0.0000	0.0000	0.0000	0.0000	0.0000	0.0000	0.0000	0.0000	0.0000	0.0000	0.0000	0.0199	0.0172	0.0026	0.0060	0.0056	0.0005	0.0138	0.0117	0.0022	0.0264	0.0183	0.0082	0.0158	0.0128	0.0030	0.0106	0.0054	0.0052	0.0000	0.0000	0.0000	0.0000	0.0000	0.0000	0.0000	0.0000	0.0000	0.0000	0.0000	0.0000	0.0000	0.0000	0.0000	0.0000	0.0000	0.0000						
12	83	0.5992	12	1	2	0	1	0	0	0	0	N	Y	N	N	N	N	N	N	N	N	N	N	0.0000	0.0000	0.0000	0.0000	0.0000	0.0000	0.0000	0.0000	0.0000	0.0000	0.0000	0.0000	0.0000	0.0000	0.0000	0.0000	0.0000	0.0000	0.0000	0.0000	0.0000	0.0000	0.0000	0.0000	0.0000	0.0000	0.0202	0.0000	-0.0000	0.9995	2.0032	2.0282	4.2039	0.0000	0.0000	0.0000	0.0000	0.0000	0.0000	0.0000	0.0000	0.0000	0.0000	0.0000	0.0000	0.0000	0.0000	0.0000	0.0000	0.0000	0.0000	0.0134	0.0116	0.0018	0.0041	0.0038	0.0003	0.0093	0.0079	0.0015	0.0324	0.0219	0.0105	0.0219	0.0165	0.0054	0.0105	0.0054	0.0050	0.0000	0.0000	0.0000	0.0000	0.0000	0.0000	0.0000	0.0000	0.0000	0.0000	0.0000	0.0000	0.0000	0.0000	0.0000	0.0000	0.0000	0.0000		
12	84	0.5960	12	2	1	1	1	0	0	0	0	Y	N	N	N	N	N	N	N	N	N	N	N	0.0000	0.0000	0.0000	0.0000	0.0000	0.0000	0.0000	0.0000	0.0000	0.0000	0.0000	0.0000	0.0000	0.0000	0.0000	0.0000	0.0000	0.0000	0.0000	0.0000	0.0000	0.0000	0.0000	0.0000	-0.0000	0.9995	1.0052	2.0282	4.9545	0.0000	0.0000	0.0000	0.0000	0.0000	0.0000	0.0000	0.0000	0.0000	0.0000	0.0000	0.0000	0.0000	0.0000	0.0000	0.0000	0.0000	0.0000	0.0069	0.0060	0.0009	0.0023	0.0021	0.0002	0.0046	0.0039	0.0007	0.0216	0.0146	0.0070	0.0120	0.0098	0.0021	0.0096	0.0047	0.0049	0.0000	0.0000	0.0000	0.0000	0.0000	0.0000	0.0000	0.0000	0.0000	0.0000	0.0000	0.0000	0.0000	0.0000	0.0000	0.0000	0.0000	0.0000						
12	85	0.5766	11	2	1	1	1	0	0	0	0	Y	N	N	N	N	N	N	N	N	N	N	N	0.0000	0.0000	0.0000	0.0000	0.0000	0.0000	0.0000	0.0000	0.0000	0.0000	0.0000	0.0000	0.0000	0.0000	0.0000	0.0000	0.0000	0.0000	0.0000	0.0000	0.0000	0.0000	0.0000	0.0000	0.0001	0.0000	0.0206	0.0000	-0.0000	0.9995	0.9968	2.0282	7.6169	0.0000	0.0000	0.0000	0.0000	0.0000	0.0000	0.0000	0.0000	0.0000	0.0000	0.0000	0.0000	0.0000	0.0000	0.0000	0.0000	0.0000	0.0000	0.0067	0.0058	0.0009	0.0021	0.0019	0.0002	0.0046	0.0039	0.0007	0.0374	0.0253	0.0121	0.0234	0.0182	0.0052	0.0139	0.0071	0.0068	0.0000	0.0000	0.0000	0.0000	0.0000	0.0000	0.0000	0.0000	0.0000	0.0000	0.0000	0.0000	0.0000	0.0000	0.0000	0.0000	0.0001	0.0000		
12	86	0.5966	10	2	2	0	1	0	0	0	0	Y	Y	N	N	N	N	N	N	N	N	N	N	2.2469	2.2276	0.0000	4.2375	4.0426	0.0000	0.0000	0.0000	0.0000	0.0000	0.0000	0.0000	0.0000	0.0000	0.0000	0.0000	0.0000	0.0000	0.0000	0.0000	0.0000	0.0000	0.0000	0.0000	0.0000	0.0000	0.0000	0.1446	-0.0000	-0.0000	0.9995	5.8060	2.0282	6.1034	0.0000	0.0000	0.0000	0.0000	0.0000	0.0000	0.0000	0.0000	0.0000	0.0000	0.0000	0.0000	0.0000	0.0000	0.0000	0.0000	0.0000	0.0000	0.0483	0.0416	0.0067	0.0166	0.0156	0.0010	0.0318	0.0260	0.0058	0.0805	0.0600	0.0205	0.0474	0.0409	0.0065	0.0331	0.0191	0.0140	2.2469	2.2276	0.0000	4.2375	4.0426	0.0000	0.0000	0.0000	0.0000	0.0000	0.0000	0.0000	0.0000	0.0000	0.0000	0.0000	0.0000	0.0000	
12	87	0.5027	9	2	2	0	1	0	0	0	0	Y	Y	N	N	N	N	N	N	N	N	N	N	0.2659	0.2413	0.0000	22.6078	21.0358	0.0000	0.0000	0.0000	0.0000	0.0011	0.0013	0.0000	0.0046	0.0050	0.0000	0.0000	0.0000	0.0000	0.0041	0.0053	0.0018	0.0002	0.0002	0.0000	0.0080	0.0135	0.0024	0.0000	0.1683	-0.0000	-0.0001	0.9995	12.2869	2.0282	21.7146	0.0001	0.0001	0.0000	0.0001	0.0001	0.0000	0.0000	0.0000	0.0000	0.0004	0.0004	0.0001	0.0000	0.0000	0.0000	0.0004	0.0004	0.0001	0.0727	0.0625	0.0101	0.0175	0.0161	0.0015	0.0551	0.0465	0.0087	0.1075	0.0719	0.0356	0.0531	0.0445	0.0086	0.0544	0.0274	0.0270	0.2659	0.2413	0.0000	22.6078	21.0358	0.0000	0.0000	0.0000	0.0000	0.0041	0.0053	0.0018	0.0002	0.0002	0.0000	0.0080	0.0135	0.0024
12	88	0.5992	12	1	2	0	1	0	0	0	0	N	Y	N	N	N	N	N	N	N	N	N	N	0.0000	0.0000	0.0000	0.0000	0.0000	0.0000	0.0000	0.0000	0.0000	0.0000	0.0000	0.0000	0.0000	0.0000	0.0000	0.0000	0.0000	0.0000	0.0000	0.0000	0.0000	0.0000	0.0000	0.0000	-0.0000	0.9995	4.0005	2.0282	9.0093	0.0000	0.0000	0.0000	0.0000	0.0000	0.0000	0.0000	0.0000	0.0000	0.0000	0.0000	0.0000	0.0000	0.0000	0.0000	0.0000	0.0000	0.0000	0.0265	0.0230	0.0035	0.0080	0.0074	0.0006	0.0185	0.0156	0.0029	0.0529	0.0360	0.0169	0.0332	0.0258	0.0075	0.0197	0.0102	0.0095	0.0000	0.0000	0.0000	0.0000	0.0000	0.0000	0.0000	0.0000	0.0000	0.0000	0.0000	0.0000	0.0000	0.0000	0.0000	0.0000	0.0000	0.0000						
12	89	0.5766	11	1	2	0	1	0	0	0	0	N	Y	N	N	N	N	N	N	N	N	N	N	0.0000	0.0000	0.0000	0.0000	0.0000	0.0000	0.0000	0.0000	0.0000	0.0000	0.0000	0.0000	0.0000	0.0000	0.0000	0.0000	0.0000	0.0000	0.0000	0.0000	0.0000	0.0000	0.0000	0.0000	0.0000	0.0000	0.0403	0.0000	-0.0000	0.9995	1.0051	2.0282	9.2650	0.0000	0.0000	0.0000	0.0000	0.0000	0.0000	0.0000	0.0000	0.0000	0.0000	0.0000	0.0000	0.0000	0.0000	0.0000	0.0000	0.0000	0.0000	0.0068	0.0059	0.0009	0.0021	0.0020	0.0002	0.0047	0.0039	0.0007	0.0424	0.0287	0.0136	0.0262	0.0205	0.0057	0.0162	0.0083	0.0079	0.0000	0.0000	0.0000	0.0000	0.0000	0.0000	0.0000	0.0000	0.0000	0.0000	0.0000	0.0000	0.0000	0.0000	0.0000	0.0000	0.0000	0.0000		
12	90	0.6250	11	1	1	1	1	0	0	0	0	N	N	N	N	N	N	N	N	N	N	N	N	1.8318	1.5568	0.0000	0.0000	0.0000	196.3632	663.3120	0.0000	0.0006	0.0007	0.0000	0.0000	0.0000	0.0000	0.0008	0.0010	0.0000	0.0003	0.0004	0.0000	0.0006	0.0007	0.0000	0.0000	0.0000	0.0000	0.0000	0.0050	-0.0000	-0.0000	0.9995	2.3559	2.0282	7.1930	0.0000	0.0000	0.0000	0.0000	0.0000	0.0000	0.0000	0.0000	0.0000	0.0000	0.0000	0.0000	0.0000	0.0000	0.0000	0.0000	0.0000	0.0000	0.0172	0.0150	0.0022	0.0052	0.0049	0.0003	0.0120	0.0101	0.0019	0.0459	0.0339	0.0121	0.0244	0.0215	0.0029	0.0215	0.0124	0.0091	1.8318	1.5568	0.0000	0.0000	0.0000	0.0000	196.3632	663.3120	0.0000	0.0003	0.0004	0.0000	0.0006	0.0007	0.0000	0.0000	0.0000	0.0000	
12	91	0.5922	10	1	1	0	1	0	0	0	0	N	N	N	N	N	N	N	N	N	N	N	N	0.7328	0.6129	0.0000	0.0046	0.0042	0.0000	326.9102	842.1344	0.0000	0.0392	0.0446	0.0000	0.0004	0.0004	0.0000	0.0720	0.0879	0.0000	0.0534	0.0728	0.0003	0.0911	0.1046	0.0000	0.0002	0.0001	0.0004	0.0000	0.0013	-0.0009	-0.0028	0.9995	4.9284	2.0282	11.0439	0.0020	0.0020	0.0000	0.0000	0.0000	0.0000	0.0020	0.0020	0.0000	0.0062	0.0062	0.0000	0.0062	0.0062	0.0000	0.0000	0.0000	0.0000	0.0523	0.0459	0.0064	0.0240	0.0227	0.0013	0.0283	0.0232	0.0051	0.1167	0.0855	0.0312	0.0684	0.0595	0.0088	0.0483	0.0260	0.0223	0.7328	0.6129	0.0000	0.0046	0.0042	0.0000	326.9102	842.1344	0.0000	0.0534	0.0728	0.0003	0.0911	0.1046	0.0000	0.0002	0.0001	0.0004
12	92	0.5027	9	1	1	0	1	0	0	0	0	N	N	N	N	N	N	N	N	N	N	N	N	6.3320	4.9501	0.0000	13.3739	12.2425	0.0000	0.0000	0.0000	0.0000	0.0848	0.0986	0.0000	0.3479	0.3796	0.0000	0.0000	0.0000	0.0000	0.0134	0.0199	0.0002	0.0260	0.0310	0.0000	0.0010	0.0018	0.0002	0.0000	0.0041	-0.0009	-0.0006	0.9995	3.9161	2.0282	29.2065	0.0020	0.0020	0.0000	0.0020	0.0020	0.0000	0.0000	0.0000	0.0000	0.0014	0.0014	0.0000	0.0014	0.0014	0.0000	0.0001	0.0000	0.0000	0.0241	0.0207	0.0034	0.0059	0.0054	0.0005	0.0182	0.0153	0.0029	0.1052	0.0704	0.0348	0.0520	0.0437	0.0084	0.0532	0.0267	0.0265	6.3320	4.9501	0.0000	13.3739	12.2425	0.0000	0.0000	0.0000	0.0000	0.0134	0.0199	0.0002	0.0260	0.0310	0.0000	0.0010	0.0018	0.0002
12	93	0.3454	9	2	2	0	1	0	0	0	0	Y	Y	N	N	N	N	N	N	N	N	N	N	0.0018	0.0014	0.0000	0.0017	0.0017	0.0000	0.0000	0.0000	0.0000	0.0000	0.0000	0.0000	0.0000	0.0000	0.0000	0.0000	0.0000	0.0000	0.0001	0.0001	0.0000	0.0003	0.0003	0.0001	0.0000	0.0000	0.0000	0.0000	0.0622	-0.0000	-0.0000	0.9995	2.5103	2.0282	7.4742	0.0000	0.0000	0.0000	0.0000	0.0000	0.0000	0.0000	0.0000	0.0000	0.0000	0.0000	0.0000	0.0000	0.0000	0.0000	0.0000	0.0000	0.0000	0.0194	0.0168	0.0026	0.0063	0.0059	0.0004	0.0131	0.0109	0.0022	0.0384	0.0244	0.0141	0.0115	0.0100	0.0015	0.0269	0.0143	0.0126	0.0018	0.0014	0.0000	0.0017	0.0017	0.0000	0.0000	0.0000	0.0000	0.0001	0.0001	0.0000	0.0003	0.0003	0.0001	0.0000	0.0000	0.0000
12	94	0.3091	8	1	2	0	1	0	0	0	0	N	Y	N	N	N	N	N	N	N	N	N	N	0.0006	0.0008	0.0000	0.0000	0.0000	0.0000	0.0007	0.0009	0.0000	0.0000	0.0000	0.0000	0.0000	0.0000	0.0000	0.0000	0.0000	0.0000	0.0001	0.0001	0.0001	0.0000	0.0000	0.0000	0.0001	0.0001	0.0001	0.0000	0.6991	-0.0000	-0.0000	0.9995	7.1305	2.0282	3.2426	0.0000	0.0000	0.0000	0.0000	0.0000	0.0000	0.0000	0.0000	0.0000	0.0000	0.0000	0.0000	0.0000	0.0000	0.0000	0.0000	0.0000	0.0000	0.0609	0.0533	0.0076	0.0201	0.0190	0.0011	0.0409	0.0344	0.0065	0.0408	0.0265	0.0143	0.0110	0.0099	0.0011	0.0298	0.0166	0.0132	0.0006	0.0008	0.0000	0.0000	0.0000	0.0000	0.0007	0.0009	0.0000	0.0001	0.0001	0.0001	0.0000	0.0000	0.0000	0.0001	0.0001	0.0001
12	95	0.5766	11	2	2	0	1	0	0	0	0	Y	Y	N	N	N	N	N	N	N	N	N	N	0.0000	0.0000	0.0000	0.0000	0.0000	0.0000	0.0000	0.0000	0.0000	0.0000	0.0000	0.0000	0.0000	0.0000	0.0000	0.0000	0.0000	0.0000	0.0000	0.0000	0.9995	8.0000	2.0282	22.5660	0.0000	0.0000	0.0000	0.0000	0.0000	0.0000	0.0000	0.0000	0.0000	0.0000	0.0000	0.0000	0.0000	0.0000	0.0000	0.0000	0.0000	0.0000	0.0521	0.0453	0.0068	0.0159	0.0147	0.0012	0.0362	0.0305	0.0056	0.0990	0.0675	0.0315	0.0574	0.0460	0.0114	0.0416	0.0215	0.0201	0.0000	0.0000	0.0000	0.0000	0.0000	0.0000	0.0000	0.0000	0.0000	0.0000	0.0000	0.0000	0.0000	0.0000	0.0000	0.0000	0.0000	0.0000											
12	96	0.5027	9	1	1	0	1	0	0	0	0	N	N	N	N	N	N	N	N	N	N	N	N	0.0000	0.0000	0.0000	0.0000	0.0000	0.0000	0.0000	0.0000	0.0000	0.0000	0.0000	0.0000	0.0000	0.0000	0.0000	0.0000	0.0000	0.0000	0.0000	0.0000	0.9995	11.9964	2.0282	18.8414	0.0000	0.0000	0.0000	0.0000	0.0000	0.0000	0.0000	0.0000	0.0000	0.0000	0.0000	0.0000	0.0000	0.0000	0.0000	0.0000	0.0000	0.0000	0.0710	0.0611	0.0099	0.0172	0.0157	0.0014	0.0539	0.0454	0.0085	0.0993	0.0664	0.0328	0.0492	0.0413	0.0079	0.0501	0.0251	0.0250	0.0000	0.0000	0.0000	0.0000	0.0000	0.0000	0.0000	0.0000	0.0000	0.0000	0.0000	0.0000	0.0000	0.0000	0.0000	0.0000	0.0000	0.0000											
12	98	0.6071	13	2	2	1	1	0	0	0	0	Y	Y	N	N	N	N	N	N	N	N	N	N	0.0000	0.0000	0.0000	0.0000	0.0000	0.0000	0.0000	0.0000	0.0000	0.0000	0.0000	0.0000	0.0000	0.0000	0.0000	0.0000	0.0000	0.0000	0.0000	0.0000	0.9995	0.9502	2.0282	16.1595	0.0000	0.0000	0.0000	0.0000	0.0000	0.0000	0.0000	0.0000	0.0000	0.0000	0.0000	0.0000	0.0000	0.0000	0.0000	0.0000	0.0000	0.0000	0.0076	0.0067	0.0009	0.0029	0.0027	0.0002	0.0047	0.0040	0.0008	0.0557	0.0384	0.0174	0.0313	0.0253	0.0060	0.0244	0.0131	0.0113	0.0000	0.0000	0.0000	0.0000	0.0000	0.0000	0.0000	0.0000	0.0000	0.0000	0.0000	0.0000	0.0000	0.0000	0.0000	0.0000	0.0000	0.0000											
12	99	0.5027	9	1	2	0	1	0	0	0	0	N	Y	N	N	N	N	N	N	N	N	N	N	0.0000	0.0000	0.0000	0.0000	0.0000	0.0000	0.0000	0.0000	0.0000	0.0000	0.0000	0.0000	0.0000	0.0000	0.0000	0.0000	0.0000	0.0000	0.0000	0.0000	0.9995	11.9964	2.0282	15.6499	0.0000	0.0000	0.0000	0.0000	0.0000	0.0000	0.0000	0.0000	0.0000	0.0000	0.0000	0.0000	0.0000	0.0000	0.0000	0.0000	0.0000	0.0000	0.0710	0.0611	0.0099	0.0172	0.0157	0.0014	0.0539	0.0454	0.0085	0.0908	0.0608	0.0300	0.0451	0.0379	0.0072	0.0457	0.0229	0.0228	0.0000	0.0000	0.0000	0.0000	0.0000	0.0000	0.0000	0.0000	0.0000	0.0000	0.0000	0.0000	0.0000	0.0000	0.0000	0.0000	0.0000	0.0000											
12	100	0.6101	14	2	1	1	1	0	0	0	0	Y	N	N	N	N	N	N	N	N	N	N	N	0.0000	0.0000	0.0000	0.0000	0.0000	0.0000	0.0000	0.0000	0.0000	0.0000	0.0000	0.0000	0.0000	0.0000	0.0000	0.0000	0.0000	0.0000	0.0000	0.0000	0.9995	1.0008	2.0282	13.9255	0.0000	0.0000	0.0000	0.0000	0.0000	0.0000	0.0000	0.0000	0.0000	0.0000	0.0000	0.0000	0.0000	0.0000	0.0000	0.0000	0.0000	0.0000	0.0068	0.0059	0.0009	0.0024	0.0022	0.0002	0.0044	0.0037	0.0007	0.0485	0.0333	0.0153	0.0274	0.0221	0.0053	0.0212	0.0111	0.0100	0.0000	0.0000	0.0000	0.0000	0.0000	0.0000	0.0000	0.0000	0.0000	0.0000	0.0000	0.0000	0.0000	0.0000	0.0000	0.0000	0.0000	0.0000											
12	101	0.6071	13	2	1	1	1	0	0	0	0	Y	N	N	N	N	N	N	N	N	N	N	N	0.0000	0.0000	0.0000	0.0000	0.0000	0.0000	0.0000	0.0000	0.0000	0.0000	0.0000	0.0000	0.0000	0.0000	0.0000	0.0000	0.0000	0.0000	0.0000	0.0000	0.9995	0.0532	2.0282	2.0467	0.0000	0.0000	0.0000	0.0000	0.0000	0.0000	0.0000	0.0000	0.0000	0.0000	0.0000	0.0000	0.0000	0.0000	0.0000	0.0000	0.0000	0.0000	0.0016	0.0014	0.0001	0.0007	0.0007	0.0000	0.0008	0.0007	0.0001	0.0137	0.0099	0.0038	0.0089	0.0072	0.0018	0.0047	0.0027	0.0020	0.0000	0.0000	0.0000	0.0000	0.0000	0.0000	0.0000	0.0000	0.0000	0.0000	0.0000	0.0000	0.0000	0.0000	0.0000	0.0000	0.0000	0.0000											
12	102	0.5975	12	2	1	1	1	0	0	0	0	Y	N	N	N	N	N	N	N	N	N	N	N	0.0000	0.0000	0.0000	0.0000	0.0000	0.0000	0.0000	0.0000	0.0000	0.0000	0.0000	0.0000	0.0000	0.0000	0.0000	0.0000	0.0000	0.0000	0.0000	0.0000	0.0000	0.0000	0.0000	0.0000	-0.0000	0.9995	2.0948	2.0282	3.0326	0.0000	0.0000	0.0000	0.0000	0.0000	0.0000	0.0000	0.0000	0.0000	0.0000	0.0000	0.0000	0.0000	0.0000	0.0000	0.0000	0.0000	0.0000	0.0153	0.0134	0.0019	0.0056	0.0052	0.0004	0.0097	0.0082	0.0015	0.0226	0.0160	0.0066	0.0138	0.0111	0.0027	0.0088	0.0050	0.0039	0.0000	0.0000	0.0000	0.0000	0.0000	0.0000	0.0000	0.0000	0.0000	0.0000	0.0000	0.0000	0.0000	0.0000	0.0000	0.0000	0.0000	0.0000						
12	103	0.5766	11	2	1	1	1	0	0	0	0	Y	N	N	N	N	N	N	N	N	N	N	N	0.0000	0.0000	0.0000	0.0000	0.0000	0.0000	0.0000	0.0000	0.0000	0.0000	0.0000	0.0000	0.0000	0.0000	0.0000	0.0000	0.0000	0.0000	0.0000	0.0000	0.0000	0.0000	0.0000	0.0000	0.0000	0.0000	0.0420	0.0000	-0.0000	0.9995	3.9484	2.0282	4.8420	0.0000	0.0000	0.0000	0.0000	0.0000	0.0000	0.0000	0.0000	0.0000	0.0000	0.0000	0.0000	0.0000	0.0000	0.0000	0.0000	0.0000	0.0000	0.0262	0.0227	0.0035	0.0081	0.0074	0.0006	0.0181	0.0153	0.0028	0.0379	0.0257	0.0122	0.0237	0.0184	0.0053	0.0142	0.0072	0.0069	0.0000	0.0000	0.0000	0.0000	0.0000	0.0000	0.0000	0.0000	0.0000	0.0000	0.0000	0.0000	0.0000	0.0000	0.0000	0.0000	0.0000	0.0000		
12	104	0.5350	10	1	2	0	1	0	0	0	0	N	Y	N	N	N	N	N	N	N	N	N	N	0.0000	0.0000	0.0000	0.0000	0.0000	0.0000	0.0000	0.0000	0.0000	0.0000	0.0000	0.0000	0.0000	0.0000	0.0000	0.0000	0.0000	0.0000	0.1672	0.2482	0.0026	0.0018	0.0021	0.0000	0.3414	0.6637	0.0036	0.0052	0.0000	-0.0105	0.9995	8.9557	2.0282	32.3127	0.0000	0.0000	0.0000	0.0000	0.0000	0.0000	0.0000	0.0000	0.0000	0.0232	0.0231	0.0001	0.0001	0.0001	0.0000	0.0231	0.0229	0.0001	0.0681	0.0592	0.0089	0.0232	0.0213	0.0019	0.0450	0.0380	0.0070	0.1386	0.0929	0.0457	0.0711	0.0583	0.0127	0.0675	0.0346	0.0330	0.0000	0.0000	0.0000	0.0000	0.0000	0.0000	0.0000	0.0000	0.0000	0.1672	0.2482	0.0026	0.0018	0.0021	0.0000	0.3414	0.6637	0.0036	
12	105	0.5604	11	1	1	1	1	0	0	0	0	N	N	N	N	N	N	N	N	N	N	N	N	0.0000	0.0000	0.0000	0.0000	0.0000	0.0000	0.0000	0.0000	0.0000	0.0000	0.0000	0.0000	0.0000	0.0000	0.0000	0.0003	0.0005	0.0000	0.0006	0.0007	0.0000	0.0000	0.0000	0.0000	0.0000	0.0000	-0.0000	0.9995	4.2679	2.0282	7.8415	0.0000	0.0000	0.0000	0.0000	0.0000	0.0000	0.0000	0.0000	0.0000	0.0000	0.0000	0.0000	0.0000	0.0000	0.0000	0.0000	0.0000	0.0000	0.0328	0.0285	0.0043	0.0112	0.0103	0.0009	0.0216	0.0182	0.0034	0.0488	0.0324	0.0163	0.0263	0.0216	0.0046	0.0225	0.0108	0.0117	0.0000	0.0000	0.0000	0.0000	0.0000	0.0000	0.0000	0.0000	0.0000	0.0003	0.0005	0.0000	0.0006	0.0007	0.0000	0.0000	0.0000	0.0000				
12	106	0.5350	10	1	1	0	1	0	0	0	0	N	N	N	N	N	N	N	N	N	N	N	N	0.0000	0.0000	0.0000	0.0000	0.0000	0.0000	0.0000	0.0000	0.0000	0.0000	0.0000	0.0000	0.0000	0.0000	0.0000	0.0000	0.0000	0.0000	0.0051	0.0073	0.0003	0.0087	0.0104	0.0001	0.0007	0.0009	0.0004	0.0191	0.0000	-0.0001	0.9995	1.9301	2.0282	9.0954	0.0000	0.0000	0.0000	0.0000	0.0000	0.0000	0.0000	0.0000	0.0000	0.0003	0.0003	0.0000	0.0003	0.0003	0.0000	0.0000	0.0000	0.0000	0.0232	0.0204	0.0028	0.0126	0.0115	0.0011	0.0106	0.0088	0.0018	0.0535	0.0366	0.0169	0.0294	0.0245	0.0050	0.0240	0.0121	0.0119	0.0000	0.0000	0.0000	0.0000	0.0000	0.0000	0.0000	0.0000	0.0000	0.0051	0.0073	0.0003	0.0087	0.0104	0.0001	0.0007	0.0009	0.0004	
12	107	0.5027	9	1	1	0	1	0	0	0	0	N	N	N	N	N	N	N	N	N	N	N	N	0.0000	0.0000	0.0000	0.0000	0.0000	0.0000	0.0000	0.0000	0.0000	0.0000	0.0000	0.0000	0.0000	0.0000	0.0000	0.0000	0.0000	0.0000	0.0050	0.0074	0.0003	0.0001	0.0001	0.0000	0.0101	0.0202	0.0004	0.0189	0.0000	-0.0001	0.9995	3.9049	2.0282	9.6098	0.0000	0.0000	0.0000	0.0000	0.0000	0.0000	0.0000	0.0000	0.0000	0.0003	0.0003	0.0000	0.0000	0.0000	0.0000	0.0003	0.0002	0.0000	0.0240	0.0206	0.0034	0.0058	0.0054	0.0005	0.0181	0.0153	0.0029	0.0506	0.0340	0.0166	0.0254	0.0217	0.0037	0.0252	0.0123	0.0129	0.0000	0.0000	0.0000	0.0000	0.0000	0.0000	0.0000	0.0000	0.0000	0.0050	0.0074	0.0003	0.0001	0.0001	0.0000	0.0101	0.0202	0.0004	
12	108	0.5238	11	1	2	0	1	0	0	0	0	N	Y	N	N	N	N	N	N	N	N	N	N	0.0000	0.0000	0.0000	0.0000	0.0000	0.0000	0.0000	0.0000	0.0000	0.0000	0.0000	0.0000	0.0000	0.0000	0.0000	0.0000	0.0000	0.0000	0.0000	0.0000	0.0000	0.0000	0.0000	0.0000	0.0000	0.0000	0.0544	0.0000	-0.0000	0.9995	8.0392	2.0282	22.6195	0.0000	0.0000	0.0000	0.0000	0.0000	0.0000	0.0000	0.0000	0.0000	0.0000	0.0000	0.0000	0.0000	0.0000	0.0000	0.0000	0.0000	0.0000	0.0527	0.0455	0.0073	0.0152	0.0141	0.0012	0.0375	0.0314	0.0061	0.1035	0.0700	0.0335	0.0482	0.0411	0.0071	0.0553	0.0289	0.0264	0.0000	0.0000	0.0000	0.0000	0.0000	0.0000	0.0000	0.0000	0.0000	0.0000	0.0000	0.0000	0.0000	0.0000	0.0000	0.0000	0.0000	0.0000		
12	109	0.5238	10	1	1	0	1	0	0	0	0	N	N	N	N	N	N	N	N	N	N	N	N	0.0000	0.0000	0.0000	0.0000	0.0000	0.0000	0.0000	0.0000	0.0000	0.0000	0.0000	0.0000	0.0000	0.0000	0.0000	0.0000	0.0000	0.0000	0.0001	0.0002	0.0001	0.0001	0.0001	0.0001	0.0001	0.0002	0.0001	0.1199	0.0000	-0.0000	0.9995	0.2031	2.0282	2.0398	0.0000	0.0000	0.0000	0.0000	0.0000	0.0000	0.0000	0.0000	0.0000	0.0000	0.0000	0.0000	0.0000	0.0000	0.0000	0.0000	0.0000	0.0000	0.0035	0.0029	0.0006	0.0015	0.0014	0.0000	0.0020	0.0014	0.0005	0.0220	0.0167	0.0052	0.0108	0.0102	0.0006	0.0112	0.0065	0.0046	0.0000	0.0000	0.0000	0.0000	0.0000	0.0000	0.0000	0.0000	0.0000	0.0001	0.0002	0.0001	0.0001	0.0001	0.0001	0.0001	0.0002	0.0001	
12	110	0.4065	10	2	1	1	1	0	0	0	0	Y	N	N	N	N	N	N	N	N	N	N	N	0.0000	0.0000	0.0000	0.0000	0.0000	0.0000	0.0000	0.0000	0.0000	0.0000	0.0000	0.0000	0.0000	0.0000	0.0000	0.0000	0.0000	0.0000	0.0000	0.0000	0.9995	0.0001	2.0282	0.0001	0.0000	0.0000	0.0000	0.0000	0.0000	0.0000	0.0000	0.0000	0.0000	0.0000	0.0000	0.0000	0.0000	0.0000	0.0000	0.0000	0.0000	0.0000	0.0007	0.0005	0.0001	0.0003	0.0003	0.0000	0.0003	0.0002	0.0001	0.0000	0.0000	0.0000	0.0000	0.0000	0.0000	0.0000	0.0000	0.0000	0.0000	0.0000	0.0000	0.0000	0.0000	0.0000	0.0000	0.0000	0.0000	0.0000	0.0000	0.0000	0.0000	0.0000	0.0000	0.0000	0.0000	0.0000											
12	111	0.3926	9	2	1	1	1	0	0	0	0	Y	N	N	N	N	N	N	N	N	N	N	N	0.0000	0.0000	0.0000	0.0000	0.0000	0.0000	0.0000	0.0000	0.0000	0.0000	0.0000	0.0000	0.0000	0.0000	0.0000	0.0000	0.0000	0.0000	0.0000	0.0000	0.0000	0.0000	0.0000	0.0000	-0.0000	0.9995	1.6718	2.0282	2.9223	0.0000	0.0000	0.0000	0.0000	0.0000	0.0000	0.0000	0.0000	0.0000	0.0000	0.0000	0.0000	0.0000	0.0000	0.0000	0.0000	0.0000	0.0000	0.0129	0.0112	0.0017	0.0040	0.0038	0.0002	0.0088	0.0074	0.0015	0.0187	0.0124	0.0063	0.0061	0.0052	0.0008	0.0127	0.0072	0.0055	0.0000	0.0000	0.0000	0.0000	0.0000	0.0000	0.0000	0.0000	0.0000	0.0000	0.0000	0.0000	0.0000	0.0000	0.0000	0.0000	0.0000	0.0000						
12	112	0.3091	8	2	1	1	1	0	0	0	0	Y	N	N	N	N	N	N	N	N	N	N	N	0.0000	0.0000	0.0000	0.0000	0.0000	0.0000	0.0000	0.0000	0.0000	0.0000	0.0000	0.0000	0.0000	0.0000	0.0000	0.0000	0.0000	0.0000	0.0000	0.0000	0.0000	0.0000	0.0000	0.0000	0.0000	0.0000	1.3227	0.0000	0.0000	0.9995	14.0283	2.0282	7.1084	0.0000	0.0000	0.0000	0.0000	0.0000	0.0000	0.0000	0.0000	0.0000	0.0000	0.0000	0.0000	0.0000	0.0000	0.0000	0.0000	0.0000	0.0000	0.0991	0.0862	0.0129	0.0287	0.0268	0.0019	0.0704	0.0594	0.0110	0.0691	0.0435	0.0256	0.0163	0.0143	0.0020	0.0528	0.0292	0.0236	0.0000	0.0000	0.0000	0.0000	0.0000	0.0000	0.0000	0.0000	0.0000	0.0000	0.0000	0.0000	0.0000	0.0000	0.0000	0.0000	0.0000	0.0000		
12	113	0.2488	7	1	1	0	1	0	0	0	0	N	N	N	N	N	N	N	N	N	N	N	N	0.0000	0.0000	0.0000	0.0000	0.0000	0.0000	0.0000	0.0000	0.0000	0.0000	0.0000	0.0000	0.0000	0.0000	0.0000	0.0000	0.0000	0.0000	0.0003	0.0004	0.0000	0.0007	0.0008	0.0000	0.0000	0.0000	0.0000	0.0069	0.0000	-0.0000	0.9995	8.6129	2.0282	5.1709	0.0000	0.0000	0.0000	0.0000	0.0000	0.0000	0.0000	0.0000	0.0000	0.0000	0.0000	0.0000	0.0000	0.0000	0.0000	0.0000	0.0000	0.0000	0.0778	0.0677	0.0101	0.0211	0.0199	0.0012	0.0567	0.0478	0.0089	0.0942	0.0642	0.0300	0.0377	0.0323	0.0055	0.0565	0.0319	0.0246	0.0000	0.0000	0.0000	0.0000	0.0000	0.0000	0.0000	0.0000	0.0000	0.0003	0.0004	0.0000	0.0007	0.0008	0.0000	0.0000	0.0000	0.0000	
12	114	0.1537	6	1	1	0	1	0	0	0	0	N	N	N	N	N	N	N	N	N	N	N	N	0.0140	0.0100	0.0822	0.0000	0.0000	0.0000	0.0648	0.0428	0.1170	0.0016	0.0018	0.0006	0.0000	0.0000	0.0000	0.0019	0.0022	0.0006	0.1155	0.1787	0.0072	0.3449	0.3862	0.0266	0.0296	0.0504	0.0054	0.0556	0.0236	-0.0001	-0.0092	0.9995	16.8607	2.0282	22.7724	0.0002	0.0002	0.0000	0.0000	0.0000	0.0000	0.0002	0.0002	0.0000	0.0211	0.0206	0.0005	0.0172	0.0170	0.0002	0.0039	0.0036	0.0003	0.1176	0.1008	0.0168	0.0184	0.0173	0.0011	0.0992	0.0835	0.0157	0.1826	0.1153	0.0673	0.0498	0.0441	0.0057	0.1329	0.0713	0.0616	0.0140	0.0100	0.0822	0.0000	0.0000	0.0000	0.0648	0.0428	0.1170	0.1155	0.1787	0.0072	0.3449	0.3862	0.0266	0.0296	0.0504	0.0054
12	115	0.5829	11	2	1	1	1	0	0	0	0	Y	N	N	N	N	N	N	N	N	N	N	N	0.0000	0.0000	0.0000	0.0000	0.0000	0.0000	0.0000	0.0000	0.0000	0.0000	0.0000	0.0000	0.0000	0.0000	0.0000	0.0000	0.0000	0.0000	0.0000	0.0000	0.9995	1.0009	2.0282	4.0038	0.0000	0.0000	0.0000	0.0000	0.0000	0.0000	0.0000	0.0000	0.0000	0.0000	0.0000	0.0000	0.0000	0.0000	0.0000	0.0000	0.0000	0.0000	0.0071	0.0062	0.0009	0.0022	0.0021	0.0002	0.0049	0.0041	0.0008	0.0305	0.0216	0.0090	0.0195	0.0155	0.0040	0.0111	0.0061	0.0050	0.0000	0.0000	0.0000	0.0000	0.0000	0.0000	0.0000	0.0000	0.0000	0.0000	0.0000	0.0000	0.0000	0.0000	0.0000	0.0000	0.0000	0.0000											
12	116	0.5545	10	2	1	1	1	0	0	0	0	Y	N	N	N	N	N	N	N	N	N	N	N	0.0000	0.0000	0.0000	0.0000	0.0000	0.0000	0.0000	0.0000	0.0000	0.0000	0.0000	0.0000	0.0000	0.0000	0.0000	0.0000	0.0000	0.0000	0.0004	0.0005	0.0001	0.0001	0.0001	0.0000	0.0007	0.0011	0.0002	0.1227	0.0000	-0.0000	0.9995	1.8441	2.0282	10.4794	0.0000	0.0000	0.0000	0.0000	0.0000	0.0000	0.0000	0.0000	0.0000	0.0000	0.0000	0.0000	0.0000	0.0000	0.0000	0.0000	0.0000	0.0000	0.0162	0.0138	0.0024	0.0074	0.0064	0.0010	0.0088	0.0074	0.0014	0.0477	0.0327	0.0150	0.0256	0.0211	0.0045	0.0220	0.0116	0.0104	0.0000	0.0000	0.0000	0.0000	0.0000	0.0000	0.0000	0.0000	0.0000	0.0004	0.0005	0.0001	0.0001	0.0001	0.0000	0.0007	0.0011	0.0002	
12	117	0.2665	8	1	2	0	2	0	0	0	0	N	Y	N	Y	N	N	N	N	N	N	N	N	0.6957	6.4785	0.0000	3.2703	10.8005	0.0000	0.0000	0.0000	0.0000	0.0210	0.0240	0.0000	0.0699	0.0738	0.0000	0.0000	0.0000	0.0000	0.0302	0.0037	0.0851	0.0214	0.0068	0.1428	0.0363	0.0000	0.0761	0.0000	11.0549	-0.0008	0.0026	0.9995	10.5071	2.0282	20.2622	0.0018	0.0018	0.0000	0.0018	0.0018	0.0000	0.0000	0.0000	0.0000	0.0056	0.0005	0.0051	0.0016	0.0005	0.0012	0.0040	0.0000	0.0040	0.0881	0.0770	0.0111	0.0265	0.0251	0.0014	0.0616	0.0519	0.0097	0.1854	0.1251	0.0603	0.0761	0.0679	0.0081	0.1094	0.0572	0.0521	0.6957	6.4785	0.0000	3.2703	10.8005	0.0000	0.0000	0.0000	0.0000	0.0302	0.0037	0.0851	0.0214	0.0068	0.1428	0.0363	0.0000	0.0761
12	118	0.5027	9	1	2	0	2	0	0	0	0	N	Y	N	Y	N	N	N	N	N	N	N	N	0.0000	0.0000	0.0000	0.0000	0.0000	0.0000	0.0000	0.0000	0.0000	0.0000	0.0000	0.0000	0.0000	0.0000	0.0000	0.0000	0.0000	0.0000	0.0000	0.0000	0.9995	4.0036	2.0282	26.5072	0.0000	0.0000	0.0000	0.0000	0.0000	0.0000	0.0000	0.0000	0.0000	0.0000	0.0000	0.0000	0.0000	0.0000	0.0000	0.0000	0.0000	0.0000	0.0245	0.0211	0.0035	0.0060	0.0055	0.0005	0.0186	0.0156	0.0030	0.0983	0.0658	0.0325	0.0487	0.0409	0.0078	0.0496	0.0249	0.0247	0.0000	0.0000	0.0000	0.0000	0.0000	0.0000	0.0000	0.0000	0.0000	0.0000	0.0000	0.0000	0.0000	0.0000	0.0000	0.0000	0.0000	0.0000											
12	119	0.5411	10	1	2	0	1	0	0	0	0	N	Y	N	N	N	N	N	N	N	N	N	N	43.6219	36.9391	0.0000	42.6022	41.0377	0.0000	718.6561	3451.1757	0.0000	0.0008	0.0009	0.0000	0.0014	0.0015	0.0000	0.0002	0.0003	0.0000	0.0000	0.0000	0.0000	0.0000	0.0000	0.0000	0.0000	0.0000	0.0000	0.0000	0.1102	-0.0000	-0.0000	0.9995	3.8169	2.0282	21.2433	0.0000	0.0000	0.0000	0.0000	0.0000	0.0000	0.0000	0.0000	0.0000	0.0000	0.0000	0.0000	0.0000	0.0000	0.0000	0.0000	0.0000	0.0000	0.0375	0.0334	0.0041	0.0179	0.0171	0.0008	0.0196	0.0163	0.0032	0.0867	0.0589	0.0278	0.0468	0.0389	0.0078	0.0399	0.0200	0.0199	43.6219	36.9391	0.0000	42.6022	41.0377	0.0000	718.6561	3451.1757	0.0000	0.0000	0.0000	0.0000	0.0000	0.0000	0.0000	0.0000	0.0000	0.0000
12	120	0.3199	10	1	2	0	1	0	0	0	0	N	Y	N	N	N	N	N	N	N	N	N	N	111.5816	84.4995	0.0000	0.2453	0.2308	0.0000	417836.1467	318368.4514	0.0000	7.2769	8.3944	0.0000	0.0432	0.0457	0.0000	10.1296	12.1085	0.0000	0.0652	0.0993	0.0002	0.1759	0.1982	0.0015	0.0000	0.0000	0.0000	0.0000	0.0010	-0.3889	-0.0069	0.9995	16.3276	2.0282	34.9199	0.8818	0.8818	0.0000	0.0015	0.0015	0.0000	0.8803	0.8803	0.0000	0.0150	0.0150	0.0000	0.0150	0.0150	0.0000	0.0000	0.0000	0.0000	0.1212	0.1050	0.0161	0.0343	0.0323	0.0019	0.0869	0.0727	0.0142	0.2299	0.1507	0.0791	0.0852	0.0756	0.0096	0.1447	0.0752	0.0695	111.5816	84.4995	0.0000	0.2453	0.2308	0.0000	417836.1467	318368.4514	0.0000	0.0652	0.0993	0.0002	0.1759	0.1982	0.0015	0.0000	0.0000	0.0000
12	121	0.3026	9	1	2	0	1	0	0	0	0	N	Y	N	N	N	N	N	N	N	N	N	N	23.2115	26.8787	0.1408	1.2555	1.3224	0.0029	36.1362	47.7162	0.1618	2.3717	2.7416	0.0144	0.1466	0.1541	0.0003	3.2643	3.9324	0.0160	0.1022	0.1020	0.1026	0.1168	0.1165	0.1186	0.0903	0.0824	0.0992	0.0008	0.4632	-0.0533	-0.0023	0.9995	6.1757	2.0282	14.5601	0.1210	0.1209	0.0001	0.0021	0.0021	0.0000	0.1189	0.1188	0.0001	0.0160	0.0109	0.0051	0.0082	0.0072	0.0010	0.0078	0.0038	0.0040	0.0510	0.0441	0.0069	0.0146	0.0139	0.0007	0.0364	0.0302	0.0062	0.1564	0.1071	0.0493	0.0700	0.0615	0.0085	0.0864	0.0456	0.0408	23.2115	26.8787	0.1408	1.2555	1.3224	0.0029	36.1362	47.7162	0.1618	0.1022	0.1020	0.1026	0.1168	0.1165	0.1186	0.0903	0.0824	0.0992
12	122	0.2496	8	1	1	0	1	0	0	0	0	N	N	N	N	N	N	N	N	N	N	N	N	0.7874	0.9494	0.0000	0.4512	0.4976	0.0000	1.5348	5.7289	0.0000	0.0524	0.0600	0.0000	0.0548	0.0573	0.0000	0.0513	0.0613	0.0000	0.0665	0.0632	0.0733	0.1215	0.1151	0.1783	0.0334	0.0107	0.0596	0.0000	0.5676	-0.0016	-0.0011	0.9995	7.5400	2.0282	21.4192	0.0036	0.0036	0.0000	0.0011	0.0011	0.0000	0.0024	0.0024	0.0000	0.0115	0.0073	0.0042	0.0079	0.0067	0.0012	0.0036	0.0006	0.0030	0.0680	0.0594	0.0086	0.0207	0.0198	0.0009	0.0473	0.0396	0.0077	0.1727	0.1160	0.0567	0.0649	0.0583	0.0066	0.1079	0.0577	0.0501	0.7874	0.9494	0.0000	0.4512	0.4976	0.0000	1.5348	5.7289	0.0000	0.0665	0.0632	0.0733	0.1215	0.1151	0.1783	0.0334	0.0107	0.0596
12	123	0.5766	11	1	2	0	1	0	0	0	0	N	Y	N	N	N	N	N	N	N	N	N	N	0.0000	0.0000	0.0000	0.0000	0.0000	0.0000	0.0000	0.0000	0.0000	0.0000	0.0000	0.0000	0.0000	0.0000	0.0000	0.0000	0.0000	0.0000	0.0000	0.0000	0.9995	4.0019	2.0282	19.5615	0.0000	0.0000	0.0000	0.0000	0.0000	0.0000	0.0000	0.0000	0.0000	0.0000	0.0000	0.0000	0.0000	0.0000	0.0000	0.0000	0.0000	0.0000	0.0265	0.0231	0.0035	0.0082	0.0075	0.0006	0.0184	0.0155	0.0029	0.0804	0.0548	0.0256	0.0473	0.0377	0.0095	0.0332	0.0171	0.0161	0.0000	0.0000	0.0000	0.0000	0.0000	0.0000	0.0000	0.0000	0.0000	0.0000	0.0000	0.0000	0.0000	0.0000	0.0000	0.0000	0.0000	0.0000											
12	124	0.5545	10	1	1	0	1	0	0	0	0	N	N	N	N	N	N	N	N	N	N	N	N	0.0000	0.0000	0.0000	0.0000	0.0000	0.0000	0.0000	0.0000	0.0000	0.0000	0.0000	0.0000	0.0000	0.0000	0.0000	0.0000	0.0000	0.0000	0.0000	0.0001	0.0000	0.0001	0.0001	0.0000	0.0000	0.0000	0.0000	0.0591	0.0000	-0.0000	0.9995	1.2223	2.0282	8.2281	0.0000	0.0000	0.0000	0.0000	0.0000	0.0000	0.0000	0.0000	0.0000	0.0000	0.0000	0.0000	0.0000	0.0000	0.0000	0.0000	0.0000	0.0000	0.0121	0.0102	0.0019	0.0061	0.0052	0.0009	0.0059	0.0050	0.0010	0.0390	0.0269	0.0121	0.0213	0.0176	0.0038	0.0177	0.0094	0.0083	0.0000	0.0000	0.0000	0.0000	0.0000	0.0000	0.0000	0.0000	0.0000	0.0000	0.0001	0.0000	0.0001	0.0001	0.0000	0.0000	0.0000	0.0000	
12	125	0.5027	9	1	1	0	1	0	0	0	0	N	N	N	N	N	N	N	N	N	N	N	N	0.0000	0.0000	0.0000	0.0000	0.0000	0.0000	0.0000	0.0000	0.0000	0.0000	0.0000	0.0000	0.0000	0.0000	0.0000	0.0000	0.0000	0.0000	0.0000	0.0000	0.0000	0.0000	0.0000	0.0000	0.0000	0.0001	0.0000	0.2125	0.0000	-0.0000	0.9995	5.9920	2.0282	12.2976	0.0000	0.0000	0.0000	0.0000	0.0000	0.0000	0.0000	0.0000	0.0000	0.0000	0.0000	0.0000	0.0000	0.0000	0.0000	0.0000	0.0000	0.0000	0.0364	0.0313	0.0051	0.0089	0.0081	0.0007	0.0276	0.0232	0.0044	0.0647	0.0434	0.0213	0.0324	0.0274	0.0050	0.0323	0.0160	0.0163	0.0000	0.0000	0.0000	0.0000	0.0000	0.0000	0.0000	0.0000	0.0000	0.0000	0.0000	0.0000	0.0000	0.0000	0.0000	0.0000	0.0001	0.0000	
12	126	0.5398	11	1	2	0	1	0	0	0	0	N	Y	N	N	N	N	N	N	N	N	N	N	0.0000	0.0000	0.0000	0.0000	0.0000	0.0000	0.0000	0.0000	0.0000	0.0000	0.0000	0.0000	0.0000	0.0000	0.0000	0.0000	0.0000	0.0000	0.0000	0.0000	0.0000	0.0001	0.0001	0.0000	0.0000	0.0000	0.0000	0.0644	0.0000	-0.0000	0.9995	5.0407	2.0282	17.1705	0.0000	0.0000	0.0000	0.0000	0.0000	0.0000	0.0000	0.0000	0.0000	0.0000	0.0000	0.0000	0.0000	0.0000	0.0000	0.0000	0.0000	0.0000	0.0347	0.0299	0.0048	0.0111	0.0102	0.0008	0.0236	0.0197	0.0039	0.0809	0.0554	0.0255	0.0384	0.0331	0.0054	0.0425	0.0223	0.0201	0.0000	0.0000	0.0000	0.0000	0.0000	0.0000	0.0000	0.0000	0.0000	0.0000	0.0000	0.0000	0.0001	0.0001	0.0000	0.0000	0.0000	0.0000	
12	127	0.5238	10	1	2	0	1	0	0	0	0	N	Y	N	N	N	N	N	N	N	N	N	N	0.0000	0.0000	0.0000	0.0000	0.0000	0.0000	0.0000	0.0000	0.0000	0.0000	0.0000	0.0000	0.0000	0.0000	0.0000	0.0000	0.0000	0.0000	0.0001	0.0001	0.0001	0.0001	0.0001	0.0000	0.0001	0.0001	0.0001	0.2836	0.0000	-0.0000	0.9995	1.9703	2.0282	6.2034	0.0000	0.0000	0.0000	0.0000	0.0000	0.0000	0.0000	0.0000	0.0000	0.0000	0.0000	0.0000	0.0000	0.0000	0.0000	0.0000	0.0000	0.0000	0.0149	0.0127	0.0021	0.0047	0.0044	0.0003	0.0102	0.0084	0.0018	0.0404	0.0288	0.0116	0.0194	0.0173	0.0021	0.0210	0.0115	0.0095	0.0000	0.0000	0.0000	0.0000	0.0000	0.0000	0.0000	0.0000	0.0000	0.0001	0.0001	0.0001	0.0001	0.0001	0.0000	0.0001	0.0001	0.0001	
12	128	0.5027	9	1	1	0	1	0	0	0	0	N	N	N	N	N	N	N	N	N	N	N	N	0.0000	0.0000	0.0000	0.0000	0.0000	0.0000	0.0000	0.0000	0.0000	0.0000	0.0000	0.0000	0.0000	0.0000	0.0000	0.0000	0.0000	0.0000	0.0000	0.0000	0.0000	0.0000	0.0000	0.0000	0.0001	0.0001	0.0000	0.1939	0.0000	-0.0000	0.9995	1.1032	2.0282	7.8190	0.0000	0.0000	0.0000	0.0000	0.0000	0.0000	0.0000	0.0000	0.0000	0.0000	0.0000	0.0000	0.0000	0.0000	0.0000	0.0000	0.0000	0.0000	0.0069	0.0059	0.0010	0.0017	0.0016	0.0001	0.0052	0.0044	0.0008	0.0366	0.0247	0.0120	0.0185	0.0159	0.0025	0.0182	0.0087	0.0094	0.0000	0.0000	0.0000	0.0000	0.0000	0.0000	0.0000	0.0000	0.0000	0.0000	0.0000	0.0000	0.0000	0.0000	0.0000	0.0001	0.0001	0.0000	
12	129	0.2789	9	1	2	0	1	0	0	0	0	N	Y	N	N	N	N	N	N	N	N	N	N	0.0000	0.0000	0.0000	0.0000	0.0000	0.0000	0.0000	0.0000	0.0000	0.0000	0.0000	0.0000	0.0000	0.0000	0.0000	0.0000	0.0000	0.0000	0.0000	0.0000	0.0000	0.0000	0.0000	0.0000	-0.0000	0.9995	1.0033	2.0282	0.8635	0.0000	0.0000	0.0000	0.0000	0.0000	0.0000	0.0000	0.0000	0.0000	0.0000	0.0000	0.0000	0.0000	0.0000	0.0000	0.0000	0.0000	0.0000	0.0260	0.0239	0.0021	0.0140	0.0136	0.0004	0.0120	0.0104	0.0017	0.0494	0.0380	0.0114	0.0266	0.0242	0.0024	0.0228	0.0138	0.0090	0.0000	0.0000	0.0000	0.0000	0.0000	0.0000	0.0000	0.0000	0.0000	0.0000	0.0000	0.0000	0.0000	0.0000	0.0000	0.0000	0.0000	0.0000						
12	130	0.2496	8	1	1	0	1	0	0	0	0	N	N	N	N	N	N	N	N	N	N	N	N	0.0003	0.0003	0.0000	0.0000	0.0000	0.0000	0.0006	0.0004	0.0000	0.0000	0.0000	0.0000	0.0000	0.0000	0.0000	0.0000	0.0000	0.0000	0.0003	0.0004	0.0001	0.0004	0.0004	0.0000	0.0003	0.0004	0.0001	0.0000	0.0637	-0.0000	-0.0000	0.9995	5.5514	2.0282	9.9598	0.0000	0.0000	0.0000	0.0000	0.0000	0.0000	0.0000	0.0000	0.0000	0.0000	0.0000	0.0000	0.0000	0.0000	0.0000	0.0000	0.0000	0.0000	0.0557	0.0488	0.0068	0.0185	0.0178	0.0007	0.0372	0.0310	0.0061	0.1387	0.0967	0.0419	0.0600	0.0544	0.0056	0.0787	0.0424	0.0363	0.0003	0.0003	0.0000	0.0000	0.0000	0.0000	0.0006	0.0004	0.0000	0.0003	0.0004	0.0001	0.0004	0.0004	0.0000	0.0003	0.0004	0.0001
12	131	0.2192	7	1	1	0	1	0	0	0	0	N	N	N	N	N	N	N	N	N	N	N	N	0.2784	0.3502	0.0000	0.1522	0.1777	0.0000	0.4820	1.0969	0.0000	0.0192	0.0221	0.0000	0.0177	0.0185	0.0000	0.0197	0.0234	0.0000	0.0690	0.0630	0.0811	0.1163	0.1041	0.2340	0.0409	0.0214	0.0630	0.0000	0.6322	-0.0007	-0.0007	0.9995	9.1969	2.0282	13.4651	0.0015	0.0015	0.0000	0.0003	0.0003	0.0000	0.0011	0.0011	0.0000	0.0101	0.0062	0.0039	0.0064	0.0052	0.0012	0.0038	0.0010	0.0027	0.0770	0.0670	0.0100	0.0192	0.0183	0.0008	0.0578	0.0486	0.0092	0.1466	0.0983	0.0483	0.0546	0.0495	0.0051	0.0920	0.0488	0.0432	0.2784	0.3502	0.0000	0.1522	0.1777	0.0000	0.4820	1.0969	0.0000	0.0690	0.0630	0.0811	0.1163	0.1041	0.2340	0.0409	0.0214	0.0630
12	132	0.5996	13	2	2	0	2	0	0	0	0	Y	Y	N	Y	N	N	N	N	N	N	N	N	0.0000	0.0000	0.0000	0.0000	0.0000	0.0000	0.0000	0.0000	0.0000	0.0000	0.0000	0.0000	0.0000	0.0000	0.0000	0.0000	0.0000	0.0000	0.0000	0.0000	0.9995	1.0000	2.0282	3.0001	0.0000	0.0000	0.0000	0.0000	0.0000	0.0000	0.0000	0.0000	0.0000	0.0000	0.0000	0.0000	0.0000	0.0000	0.0000	0.0000	0.0000	0.0000	0.0066	0.0057	0.0009	0.0020	0.0018	0.0002	0.0046	0.0038	0.0007	0.0126	0.0085	0.0041	0.0067	0.0056	0.0011	0.0059	0.0029	0.0030	0.0000	0.0000	0.0000	0.0000	0.0000	0.0000	0.0000	0.0000	0.0000	0.0000	0.0000	0.0000	0.0000	0.0000	0.0000	0.0000	0.0000	0.0000											
12	135	0.0752	6	1	2	0	2	0	0	0	0	N	Y	N	Y	N	N	N	N	N	N	N	N	1.0454	34195.7061	0.0000	873.8177	143441.1019	0.0000	0.0000	0.0000	0.0525	0.0622	0.0000	1.0417	1.0870	0.0000	0.0000	0.0000	0.0000	0.0502	0.0000	0.1250	0.0012	0.0000	0.0145	0.0593	0.0000	0.1287	0.0000	46156.9391	-0.0005	0.0016	0.9995	3.0348	2.0282	9.3583	0.0011	0.0011	0.0000	0.0011	0.0011	0.0000	0.0000	0.0000	0.0000	0.0030	0.0000	0.0030	0.0000	0.0000	0.0000	0.0029	0.0000	0.0029	0.0213	0.0180	0.0033	0.0011	0.0010	0.0000	0.0202	0.0170	0.0033	0.0588	0.0352	0.0236	0.0092	0.0084	0.0007	0.0496	0.0267	0.0229	1.0454	34195.7061	0.0000	873.8177	143441.1019	0.0000	0.0000	0.0000	0.0000	0.0502	0.0000	0.1250	0.0012	0.0000	0.0145	0.0593	0.0000	0.1287	
12	136	0.0608	5	1	1	0	2	0	0	0	0	N	N	N	Y	N	N	N	N	N	N	N	N	0.0420	5375.3730	0.0000	0.0000	0.0000	0.0000	0.1028	6557.1321	0.0000	3.1143	3.6450	0.0000	0.0000	0.0000	0.0000	3.8625	4.5944	0.0000	74.2289	0.0007	219.7464	0.0042	0.0005	0.0333	37.5609	0.0007	206.6068	0.0000	88409.7159	-0.0005	0.5387	0.9995	0.0433	2.0282	6.6805	0.0011	0.0011	0.0000	0.0000	0.0000	0.0000	0.0011	0.0011	0.0000	0.9947	0.0000	0.9946	0.0000	0.0000	0.0000	0.9946	0.0000	0.9946	0.0004	0.0003	0.0001	0.0001	0.0001	0.0000	0.0003	0.0002	0.0000	0.0291	0.0166	0.0125	0.0027	0.0024	0.0003	0.0265	0.0142	0.0122	0.0912	5375.3730	0.0000	0.0000	0.0000	0.0000	0.1028	6557.1321	0.0000	34.1404	0.0007	79.2996	0.0042	0.0005	0.0333	37.5609	0.0007	81.2392
12	137	0.6292	15	1	2	0	2	0	0	0	0	N	Y	N	Y	N	N	N	N	N	N	N	N	0.0000	0.0000	0.0000	0.0000	0.0000	0.0000	0.0000	0.0000	0.0000	0.0000	0.0000	0.0000	0.0000	0.0000	0.0000	0.0000	0.0000	0.0000	0.0000	0.0000	0.9995	0.0000	2.0282	0.0000	0.0000	0.0000	0.0000	0.0000	0.0000	0.0000	0.0000	0.0000	0.0000	0.0000	0.0000	0.0000	0.0000	0.0000	0.0000	0.0000	0.0000	0.0000	0.0000	0.0000	0.0000	0.0000	0.0000	0.0000	0.0000	0.0000	0.0000	0.0000	0.0000	0.0000	0.0000	0.0000	0.0000	0.0000	0.0000	0.0000	0.0000	0.0000	0.0000	0.0000	0.0000	0.0000	0.0000	0.0000	0.0000	0.0000	0.0000	0.0000	0.0000	0.0000	0.0000	0.0000	0.0000	0.0000											
12	138	0.6241	14	1	2	0	2	0	0	0	0	N	Y	N	Y	N	N	N	N	N	N	N	N	inf	inf	inf	inf	0.0009	0.0010	0.0000	0.0011	0.0011	0.0000	0.0000	0.0000	0.0000	0.0000	0.0000	0.0000	0.0000	0.0000	0.0000	0.0000	0.0000	0.0000	0.0000	-0.0000	0.0000	0.9995	0.0021	2.0282	2.0000	0.0000	0.0000	0.0000	0.0000	0.0000	0.0000	0.0000	0.0000	0.0000	0.0000	0.0000	0.0000	0.0000	0.0000	0.0000	0.0000	0.0000	0.0000	0.0001	0.0001	0.0000	0.0001	0.0001	0.0000	0.0000	0.0000	0.0000	0.0064	0.0044	0.0021	0.0035	0.0029	0.0006	0.0030	0.0015	0.0015	inf	inf	0.0000	inf	inf	0.0000	0.0000	0.0000	0.0000	0.0000	0.0000	0.0000	0.0000	0.0000	0.0000	0.0000	0.0000	0.0000						
12	139	0.6139	13	1	1	0	2	0	0	0	0	N	N	N	Y	N	N	N	N	N	N	N	N	1.1048	inf	0.0000	inf	inf	0.0000	0.0000	0.0000	0.0000	0.0000	0.0000	0.0000	0.0000	0.0000	0.0000	0.0000	0.0000	0.0000	0.0000	0.0000	0.0000	0.0000	0.0000	0.0000	0.0000	0.0000	inf	-0.0000	0.0000	0.9995	1.0020	2.0282	3.0181	0.0000	0.0000	0.0000	0.0000	0.0000	0.0000	0.0000	0.0000	0.0000	0.0000	0.0000	0.0000	0.0000	0.0000	0.0000	0.0000	0.0000	0.0000	0.0066	0.0057	0.0009	0.0020	0.0018	0.0002	0.0046	0.0039	0.0007	0.0126	0.0085	0.0040	0.0066	0.0055	0.0010	0.0060	0.0030	0.0030	1.1048	inf	0.0000	inf	inf	0.0000	0.0000	0.0000	0.0000	0.0000	0.0000	0.0000	0.0000	0.0000	0.0000	0.0000	0.0000	0.0000		
12	140	0.5996	13	1	2	0	1	0	0	0	0	N	Y	N	N	N	N	N	N	N	N	N	N	0.0000	0.0000	0.0000	0.0000	0.0000	0.0000	0.0000	0.0000	0.0000	0.0000	0.0000	0.0000	0.0000	0.0000	0.0000	0.0000	0.0000	0.0000	0.0000	0.0000	0.9995	0.0000	2.0282	4.0001	0.0000	0.0000	0.0000	0.0000	0.0000	0.0000	0.0000	0.0000	0.0000	0.0000	0.0000	0.0000	0.0000	0.0000	0.0000	0.0000	0.0000	0.0000	0.0000	0.0000	0.0000	0.0000	0.0000	0.0000	0.0000	0.0000	0.0000	0.0126	0.0085	0.0041	0.0067	0.0056	0.0011	0.0059	0.0029	0.0030	0.0000	0.0000	0.0000	0.0000	0.0000	0.0000	0.0000	0.0000	0.0000	0.0000	0.0000	0.0000	0.0000	0.0000	0.0000	0.0000	0.0000	0.0000											
12	141	0.0281	3	1	2	0	1	0	0	0	0	N	Y	N	N	N	N	N	N	N	N	N	N	0.0000	0.0000	0.0000	0.0000	0.0000	0.0000	0.0000	0.0000	0.0000	0.0000	0.0000	0.0000	0.0000	0.0000	0.0000	0.0000	0.0005	0.0006	0.0000	0.0000	0.0000	0.0000	0.0000	0.0000	-0.0000	0.9995	1.0003	2.0282	5.0186	0.0000	0.0000	0.0000	0.0000	0.0000	0.0000	0.0000	0.0000	0.0000	0.0000	0.0000	0.0000	0.0000	0.0000	0.0000	0.0000	0.0000	0.0000	0.0069	0.0058	0.0011	0.0001	0.0001	0.0000	0.0069	0.0058	0.0011	0.0275	0.0151	0.0124	0.0012	0.0012	0.0001	0.0263	0.0140	0.0123	0.0000	0.0000	0.0000	0.0000	0.0000	0.0000	0.0000	0.0000	0.0000	0.0000	0.0000	0.0000	0.0005	0.0006	0.0000	0.0000	0.0000	0.0000						
12	142	0.6139	13	1	1	1	2	0	0	0	0	N	N	N	Y	N	N	N	N	N	N	N	N	0.0000	0.0000	0.0000	0.0000	0.0000	0.0000	0.0000	0.0000	0.0000	0.0000	0.0000	0.0000	0.0000	0.0043	0.0064	0.0000	0.0083	0.0099	0.0000	0.0000	0.0000	0.0000	0.0000	0.0000	-0.0001	0.9995	0.0001	2.0282	9.0026	0.0000	0.0000	0.0000	0.0000	0.0000	0.0000	0.0000	0.0000	0.0000	0.0001	0.0001	0.0000	0.0001	0.0001	0.0000	0.0000	0.0000	0.0000	0.0000	0.0000	0.0000	0.0000	0.0000	0.0000	0.0000	0.0000	0.0000	0.0276	0.0187	0.0089	0.0144	0.0121	0.0023	0.0132	0.0066	0.0066	0.0000	0.0000	0.0000	0.0000	0.0000	0.0000	0.0000	0.0000	0.0000	0.0043	0.0064	0.0000	0.0083	0.0099	0.0000	0.0000	0.0000	0.0000						
12	143	0.0608	5	1	1	1	2	0	0	0	0	N	N	N	Y	N	N	N	N	N	N	N	N	0.0000	0.0000	0.0000	0.0000	0.0000	0.0000	0.0000	0.0000	0.0000	0.0000	0.0000	0.0000	0.0000	0.0002	0.0004	0.0000	0.0027	0.0030	0.0000	0.0000	0.0000	0.0000	0.0000	0.0000	-0.0000	0.9995	2.0061	2.0282	8.0425	0.0000	0.0000	0.0000	0.0000	0.0000	0.0000	0.0000	0.0000	0.0000	0.0000	0.0000	0.0000	0.0000	0.0000	0.0000	0.0000	0.0000	0.0000	0.0137	0.0116	0.0021	0.0005	0.0005	0.0000	0.0132	0.0111	0.0021	0.0426	0.0242	0.0184	0.0038	0.0033	0.0004	0.0388	0.0209	0.0180	0.0000	0.0000	0.0000	0.0000	0.0000	0.0000	0.0000	0.0000	0.0000	0.0002	0.0004	0.0000	0.0027	0.0030	0.0000	0.0000	0.0000	0.0000						
12	144	0.0517	4	1	1	0	2	0	0	0	0	N	N	N	Y	N	N	N	N	N	N	N	N	0.0000	0.0000	0.0000	0.0000	0.0000	0.0000	0.0000	0.0000	0.0000	0.0000	0.0000	0.0000	0.0000	0.0000	0.0000	0.0000	0.0000	0.0000	0.0007	0.0005	0.0011	0.0015	0.0015	0.0014	0.0005	0.0000	0.0011	1.1201	0.0000	0.0000	0.9995	1.9550	2.0282	2.1189	0.0000	0.0000	0.0000	0.0000	0.0000	0.0000	0.0000	0.0000	0.0000	0.0000	0.0000	0.0000	0.0000	0.0000	0.0000	0.0000	0.0000	0.0000	0.0145	0.0122	0.0022	0.0009	0.0009	0.0000	0.0135	0.0114	0.0022	0.0274	0.0182	0.0092	0.0061	0.0060	0.0002	0.0212	0.0122	0.0090	0.0000	0.0000	0.0000	0.0000	0.0000	0.0000	0.0000	0.0000	0.0000	0.0007	0.0005	0.0011	0.0015	0.0015	0.0014	0.0005	0.0000	0.0011	
12	145	0.0517	4	1	1	1	2	0	0	0	0	N	N	N	Y	N	N	N	N	N	N	N	N	0.0000	0.0000	0.0000	0.0000	0.0000	0.0000	0.0000	0.0000	0.0000	0.0000	0.0000	0.0000	0.0000	0.0000	0.0000	0.0265	0.0000	0.0645	0.0038	0.0000	0.0562	0.0294	0.0000	0.0646	inf	0.0000	0.0013	0.9995	2.1261	2.0282	18.6477	0.0000	0.0000	0.0000	0.0000	0.0000	0.0000	0.0000	0.0000	0.0000	0.0025	0.0000	0.0025	0.0000	0.0000	0.0000	0.0024	0.0000	0.0024	0.0156	0.0132	0.0024	0.0009	0.0009	0.0000	0.0147	0.0123	0.0024	0.0930	0.0549	0.0382	0.0107	0.0100	0.0007	0.0824	0.0449	0.0374	0.0000	0.0000	0.0000	0.0000	0.0000	0.0000	0.0000	0.0000	0.0000	0.0265	0.0000	0.0645	0.0038	0.0000	0.0562	0.0294	0.0000	0.0646				
12	146	0.6139	13	1	1	1	2	0	0	0	0	N	N	N	Y	N	N	N	N	N	N	N	N	0.0000	0.0000	0.0000	0.0000	0.0000	0.0000	0.0000	0.0000	0.0000	0.0000	0.0000	0.0000	0.0000	0.0000	0.0000	0.0000	0.0000	0.0000	0.0000	0.0000	0.0000	0.0000	inf	0.0000	0.0000	0.9995	2.0001	2.0282	5.9880	0.0000	0.0000	0.0000	0.0000	0.0000	0.0000	0.0000	0.0000	0.0000	0.0000	0.0000	0.0000	0.0000	0.0000	0.0000	0.0000	0.0000	0.0000	0.0131	0.0113	0.0018	0.0040	0.0036	0.0003	0.0091	0.0077	0.0014	0.0246	0.0167	0.0079	0.0128	0.0108	0.0020	0.0117	0.0059	0.0059	0.0000	0.0000	0.0000	0.0000	0.0000	0.0000	0.0000	0.0000	0.0000	0.0000	0.0000	0.0000	0.0000	0.0000	0.0000	0.0000	0.0000	0.0000						
12	147	0.6139	13	1	1	1	2	0	0	0	0	N	N	N	Y	N	N	N	N	N	N	N	N	0.0000	0.0000	0.0000	0.0000	0.0000	0.0000	0.0000	0.0000	0.0000	0.0000	0.0000	0.0000	0.0000	0.0000	0.0000	0.2476	0.0000	0.7670	0.0026	0.0000	0.0162	0.5071	0.0000	1.0232	inf	0.0000	0.0121	0.9995	9.0001	2.0282	23.0169	0.0000	0.0000	0.0000	0.0000	0.0000	0.0000	0.0000	0.0000	0.0000	0.0224	0.0000	0.0224	0.0001	0.0000	0.0001	0.0223	0.0000	0.0223	0.0571	0.0495	0.0076	0.0173	0.0158	0.0014	0.0398	0.0336	0.0062	0.0904	0.0612	0.0292	0.0465	0.0391	0.0074	0.0439	0.0221	0.0217	0.0000	0.0000	0.0000	0.0000	0.0000	0.0000	0.0000	0.0000	0.0000	0.2476	0.0000	0.7670	0.0026	0.0000	0.0162	0.5071	0.0000	1.0232				
12	148	0.5886	12	1	1	0	2	0	0	0	0	N	N	N	Y	N	N	N	N	N	N	N	N	0.0000	0.0000	0.0000	0.0000	0.0000	0.0000	0.0000	0.0000	0.0000	0.0000	0.0000	0.0000	0.0000	0.0000	0.0000	0.0000	0.0000	0.0035	0.0000	0.0110	0.0000	0.0000	0.0000	0.0075	0.0000	0.0148	492.8854	0.0000	0.0001	0.9995	1.9990	2.0282	7.9526	0.0000	0.0000	0.0000	0.0000	0.0000	0.0000	0.0000	0.0000	0.0000	0.0001	0.0000	0.0001	0.0000	0.0000	0.0000	0.0001	0.0000	0.0001	0.0131	0.0114	0.0018	0.0040	0.0037	0.0003	0.0091	0.0077	0.0014	0.0338	0.0229	0.0109	0.0179	0.0151	0.0028	0.0159	0.0078	0.0081	0.0000	0.0000	0.0000	0.0000	0.0000	0.0000	0.0000	0.0000	0.0000	0.0035	0.0000	0.0110	0.0000	0.0000	0.0000	0.0075	0.0000	0.0148		
12	149	0.5567	11	2	2	0	1	0	0	0	0	Y	Y	N	N	N	N	N	N	N	N	N	N	0.0025	0.0020	0.0000	0.0000	4424.4969	2716.8082	0.0002	0.0003	0.0000	0.0000	0.0000	0.0000	0.0004	0.0004	0.0000	0.0964	0.1406	0.0000	0.1828	0.2167	0.0000	0.0000	0.0000	0.0000	0.0000	0.0000	-0.0000	-0.0034	0.9995	5.3497	2.0282	17.2225	0.0000	0.0000	0.0000	0.0000	0.0000	0.0000	0.0000	0.0000	0.0000	0.0074	0.0074	0.0000	0.0074	0.0074	0.0000	0.0000	0.0000	0.0000	0.0414	0.0357	0.0056	0.0131	0.0123	0.0008	0.0283	0.0235	0.0048	0.0769	0.0527	0.0242	0.0405	0.0342	0.0063	0.0363	0.0185	0.0178	0.0025	0.0020	0.0000	0.0000	0.0000	0.0000	4424.4969	2716.8082	0.0000	0.0964	0.1406	0.0000	0.1828	0.2167	0.0000	0.0000	0.0000	0.0000			
12	150	0.5875	12	1	2	0	1	0	0	0	0	N	Y	N	N	N	N	N	N	N	N	N	N	6299.5586	5182.7488	0.0000	9019.8559	8291.4430	0.0000	0.0000	0.0000	0.0000	16.5950	18.9282	0.0000	42.4335	44.9813	0.0000	0.0000	0.0000	0.0000	0.0026	0.0037	0.0002	0.0047	0.0054	0.0007	0.0000	0.0000	0.0000	0.0000	0.0268	-0.2824	-0.0001	0.9995	3.6794	2.0282	17.4287	0.6402	0.6402	0.0000	0.6402	0.6402	0.0000	0.0000	0.0000	0.0000	0.0003	0.0002	0.0000	0.0003	0.0002	0.0000	0.0000	0.0000	0.0000	0.0386	0.0338	0.0048	0.0151	0.0142	0.0009	0.0235	0.0196	0.0039	0.0961	0.0675	0.0286	0.0537	0.0455	0.0082	0.0425	0.0221	0.0204	6299.5586	5182.7488	0.0000	9019.8559	8291.4430	0.0000	0.0000	0.0000	0.0000	0.0026	0.0037	0.0002	0.0047	0.0054	0.0007	0.0000	0.0000	0.0000
12	151	0.5567	11	1	2	0	1	0	0	0	0	N	Y	N	N	N	N	N	N	N	N	N	N	2482.4625	2271.9714	16.4539	137575.9703	130230.4427	2551.8472	0.0312	0.0222	0.0001	12.2691	14.1981	0.0324	36.5993	38.6758	0.2438	0.0003	0.0004	0.0000	0.0049	0.0062	0.0020	0.0003	0.0003	0.0001	0.0105	0.0179	0.0027	0.0004	0.1387	-0.1591	-0.0001	0.9995	3.4464	2.0282	10.1316	0.3611	0.3609	0.0001	0.3611	0.3609	0.0001	0.0000	0.0000	0.0000	0.0003	0.0002	0.0000	0.0000	0.0000	0.0000	0.0002	0.0002	0.0000	0.0294	0.0254	0.0040	0.0099	0.0093	0.0005	0.0196	0.0161	0.0035	0.0515	0.0357	0.0157	0.0280	0.0237	0.0043	0.0235	0.0121	0.0114	2482.4625	2271.9714	16.4539	137575.9703	130230.4427	2551.8472	0.0312	0.0222	0.0001	0.0049	0.0062	0.0020	0.0003	0.0003	0.0001	0.0105	0.0179	0.0027
12	152	0.0258	3	2	2	0	1	0	0	0	0	Y	Y	N	N	N	N	N	N	N	N	N	N	0.0000	0.0000	0.0000	0.0000	0.0000	0.0000	0.0000	0.0000	0.0000	0.0000	0.0000	0.0000	0.0000	0.0000	0.0000	0.0000	0.0001	0.0001	0.0000	0.0000	0.0000	0.0000	0.0000	0.0000	-0.0000	0.9995	1.0143	2.0282	12.0086	0.0000	0.0000	0.0000	0.0000	0.0000	0.0000	0.0000	0.0000	0.0000	0.0000	0.0000	0.0000	0.0000	0.0000	0.0000	0.0000	0.0000	0.0000	0.0071	0.0060	0.0011	0.0002	0.0001	0.0000	0.0070	0.0059	0.0011	0.0568	0.0312	0.0256	0.0021	0.0020	0.0001	0.0547	0.0292	0.0255	0.0000	0.0000	0.0000	0.0000	0.0000	0.0000	0.0000	0.0000	0.0000	0.0000	0.0000	0.0000	0.0001	0.0001	0.0000	0.0000	0.0000	0.0000						
12	153	0.0236	2	2	2	0	1	0	0	0	0	Y	Y	N	N	N	N	N	N	N	N	N	N	0.0000	0.0000	0.0000	0.0000	0.0000	0.0000	0.0000	0.0000	0.0000	0.0000	0.0000	0.0000	0.0000	0.0000	0.0000	0.0000	0.0000	0.0006	0.0010	0.0002	0.0120	0.0124	0.0002	0.0001	0.0000	0.0002	0.2010	-0.0000	-0.0000	0.9995	0.9811	2.0282	0.0216	0.0000	0.0000	0.0000	0.0000	0.0000	0.0000	0.0000	0.0000	0.0000	0.0000	0.0000	0.0000	0.0000	0.0000	0.0000	0.0000	0.0000	0.0000	0.0068	0.0058	0.0011	0.0001	0.0001	0.0000	0.0067	0.0057	0.0011	0.0047	0.0026	0.0021	0.0002	0.0002	0.0000	0.0045	0.0024	0.0021	0.0000	0.0000	0.0000	0.0000	0.0000	0.0000	0.0000	0.0000	0.0000	0.0006	0.0010	0.0002	0.0120	0.0124	0.0002	0.0001	0.0000	0.0002		
12	161	0.6072	15	2	2	0	1	0	0	0	0	Y	Y	N	N	N	N	N	N	N	N	N	N	0.0000	0.0000	0.0000	0.0000	0.0000	0.0000	0.0000	0.0000	0.0000	0.0000	0.0000	0.0000	0.0000	0.0000	0.0000	0.7499	1.1015	0.0000	1.4129	1.6827	0.0000	0.0000	0.0000	0.0000	0.0000	0.0000	-0.0034	0.9995	0.0002	2.0282	3.0099	0.0000	0.0000	0.0000	0.0000	0.0000	0.0000	0.0000	0.0000	0.0000	0.0074	0.0074	0.0000	0.0074	0.0074	0.0000	0.0000	0.0000	0.0000	0.0000	0.0000	0.0000	0.0000	0.0000	0.0000	0.0000	0.0000	0.0000	0.0099	0.0067	0.0031	0.0052	0.0044	0.0008	0.0046	0.0023	0.0023	0.0000	0.0000	0.0000	0.0000	0.0000	0.0000	0.0000	0.0000	0.0000	0.7499	1.1015	0.0000	1.4129	1.6827	0.0000	0.0000	0.0000	0.0000				
12	162	0.5996	14	2	2	0	1	0	0	0	0	Y	Y	N	N	N	N	N	N	N	N	N	N	0.0000	0.0000	0.0000	0.0000	0.0000	0.0000	0.0000	0.0000	0.0000	0.0000	0.0000	0.0000	0.0000	0.0023	0.0034	0.0000	0.0043	0.0052	0.0000	0.0000	0.0000	0.0000	0.0000	0.0000	-0.0000	0.9995	0.9998	2.0282	2.0118	0.0000	0.0000	0.0000	0.0000	0.0000	0.0000	0.0000	0.0000	0.0000	0.0000	0.0000	0.0000	0.0000	0.0000	0.0000	0.0000	0.0000	0.0000	0.0066	0.0057	0.0009	0.0020	0.0018	0.0002	0.0046	0.0038	0.0007	0.0095	0.0064	0.0031	0.0051	0.0042	0.0008	0.0045	0.0022	0.0022	0.0000	0.0000	0.0000	0.0000	0.0000	0.0000	0.0000	0.0000	0.0000	0.0023	0.0034	0.0000	0.0043	0.0052	0.0000	0.0000	0.0000	0.0000						
12	163	0.5996	13	2	2	0	1	0	0	0	0	Y	Y	N	N	N	N	N	N	N	N	N	N	0.0000	0.0000	0.0000	0.0000	0.0000	0.0000	0.0000	0.0000	0.0000	0.0000	0.0000	0.0000	0.0000	0.0000	0.0000	0.0000	0.0000	0.0000	0.0000	0.0000	0.9995	0.0000	2.0282	0.0003	0.0000	0.0000	0.0000	0.0000	0.0000	0.0000	0.0000	0.0000	0.0000	0.0000	0.0000	0.0000	0.0000	0.0000	0.0000	0.0000	0.0000	0.0000	0.0000	0.0000	0.0000	0.0000	0.0000	0.0000	0.0000	0.0000	0.0000	0.0000	0.0000	0.0000	0.0000	0.0000	0.0000	0.0000	0.0000	0.0000	0.0000	0.0000	0.0000	0.0000	0.0000	0.0000	0.0000	0.0000	0.0000	0.0000	0.0000	0.0000	0.0000	0.0000	0.0000	0.0000	0.0000	0.0000											
12	164	0.5886	12	1	2	0	1	0	0	0	0	N	Y	N	N	N	N	N	N	N	N	N	N	0.0000	0.0000	0.0000	0.0000	0.0000	0.0000	0.0000	0.0000	0.0000	0.0000	0.0000	0.0000	0.0000	0.0000	0.0000	0.0000	0.0001	0.0001	0.0000	0.0000	0.0000	0.0000	0.0000	0.0000	-0.0000	0.9995	0.0063	2.0282	4.3641	0.0000	0.0000	0.0000	0.0000	0.0000	0.0000	0.0000	0.0000	0.0000	0.0000	0.0000	0.0000	0.0000	0.0000	0.0000	0.0000	0.0000	0.0000	0.0001	0.0001	0.0000	0.0001	0.0001	0.0000	0.0001	0.0000	0.0000	0.0170	0.0116	0.0054	0.0092	0.0078	0.0014	0.0078	0.0038	0.0040	0.0000	0.0000	0.0000	0.0000	0.0000	0.0000	0.0000	0.0000	0.0000	0.0000	0.0000	0.0000	0.0001	0.0001	0.0000	0.0000	0.0000	0.0000						
12	165	0.5567	11	1	1	0	1	0	0	0	0	N	N	N	N	N	N	N	N	N	N	N	N	13.2993	35.9586	0.0000	0.0000	0.0000	0.0000	14.1329	38.5114	0.0000	0.0004	0.0005	0.0000	0.0000	0.0000	0.0000	0.0007	0.0008	0.0000	0.0000	0.0000	0.0001	0.0000	0.0000	0.0001	0.0000	0.0000	0.0001	0.0000	2.3565	-0.0000	0.0000	0.9995	2.5207	2.0282	10.0226	0.0000	0.0000	0.0000	0.0000	0.0000	0.0000	0.0000	0.0000	0.0000	0.0000	0.0000	0.0000	0.0000	0.0000	0.0000	0.0000	0.0000	0.0000	0.0235	0.0204	0.0032	0.0083	0.0079	0.0004	0.0153	0.0125	0.0028	0.0484	0.0337	0.0147	0.0264	0.0224	0.0040	0.0220	0.0113	0.0107	13.2993	35.9586	0.0000	0.0000	0.0000	0.0000	14.1329	38.5114	0.0000	0.0000	0.0000	0.0001	0.0000	0.0000	0.0001	0.0000	0.0000	0.0001
12	166	0.5411	10	1	1	0	1	0	0	0	0	N	N	N	N	N	N	N	N	N	N	N	N	7.3381	6.0398	0.0000	6.7846	6.2640	0.0000	17.6318	11.0596	0.0000	0.0006	0.0006	0.0000	0.0008	0.0008	0.0000	0.0003	0.0004	0.0000	0.0001	0.0001	0.0000	0.0001	0.0001	0.0000	0.0000	0.0000	0.0000	0.0000	0.0638	-0.0000	-0.0000	0.9995	2.6894	2.0282	4.6619	0.0000	0.0000	0.0000	0.0000	0.0000	0.0000	0.0000	0.0000	0.0000	0.0000	0.0000	0.0000	0.0000	0.0000	0.0000	0.0000	0.0000	0.0000	0.0304	0.0273	0.0031	0.0161	0.0154	0.0007	0.0143	0.0119	0.0024	0.0344	0.0239	0.0105	0.0204	0.0169	0.0035	0.0140	0.0070	0.0070	7.3381	6.0398	0.0000	6.7846	6.2640	0.0000	17.6318	11.0596	0.0000	0.0001	0.0001	0.0000	0.0001	0.0001	0.0000	0.0000	0.0000	0.0000
12	167	0.5027	9	1	1	0	1	0	0	0	0	N	N	N	N	N	N	N	N	N	N	N	N	0.0000	0.0000	0.0000	0.0000	0.0000	0.0000	0.0000	0.0000	0.0000	0.0000	0.0000	0.0000	0.0000	0.0000	0.0000	0.0000	0.0000	0.0000	0.0000	0.0000	0.0000	0.0000	0.0000	0.0000	0.0001	0.0001	0.0000	0.2061	0.0000	-0.0000	0.9995	2.7966	2.0282	8.5340	0.0000	0.0000	0.0000	0.0000	0.0000	0.0000	0.0000	0.0000	0.0000	0.0000	0.0000	0.0000	0.0000	0.0000	0.0000	0.0000	0.0000	0.0000	0.0173	0.0148	0.0024	0.0042	0.0039	0.0004	0.0131	0.0110	0.0021	0.0440	0.0296	0.0144	0.0222	0.0190	0.0032	0.0219	0.0106	0.0112	0.0000	0.0000	0.0000	0.0000	0.0000	0.0000	0.0000	0.0000	0.0000	0.0000	0.0000	0.0000	0.0000	0.0000	0.0000	0.0001	0.0001	0.0000	
13	14	0.1777	7	1	0	2	0	0	0	0	0	N	N	Y	N	N	N	N	N	N	N	N	N	0.0000	0.0000	0.0000	0.0000	0.0000	0.0000	0.0000	0.0000	0.0000	0.0000	0.0000	0.0000	0.0000	0.0000	0.0000	0.0000	0.0000	0.0000	0.0003	0.0003	0.0001	0.0007	0.0008	0.0003	0.0000	0.0000	0.0001	0.1802	0.0000	-0.0000	0.0560	16.7310	10.7426	15.9078	0.0000	0.0000	0.0000	0.0000	0.0000	0.0000	0.0000	0.0000	0.0000	0.0001	0.0001	0.0000	0.0001	0.0001	0.0000	0.0000	0.0000	0.0000	0.0251	0.0226	0.0025	0.0104	0.0103	0.0001	0.0146	0.0122	0.0024	0.4921	0.3130	0.1791	0.1711	0.1424	0.0287	0.3210	0.1706	0.1504	0.0000	0.0000	0.0000	0.0000	0.0000	0.0000	0.0000	0.0000	0.0000	0.0003	0.0003	0.0001	0.0007	0.0008	0.0003	0.0000	0.0000	0.0001	
13	15	0.4630	8	1	0	2	0	0	0	0	0	N	N	Y	N	N	N	N	N	N	N	N	N	0.0019	0.0016	0.0000	0.0028	0.0025	0.0000	0.0001	0.0001	0.0000	0.0007	0.0008	0.0000	0.0018	0.0019	0.0000	0.0000	0.0000	0.0000	0.3850	0.5374	0.0006	0.6444	0.7796	0.0011	0.0310	0.0546	0.0003	0.0000	0.0004	-0.0000	-0.0852	0.0560	10.3367	10.7426	13.9008	0.0000	0.0000	0.0000	0.0000	0.0000	0.0000	0.0000	0.0000	0.0000	0.1861	0.1860	0.0001	0.1798	0.1797	0.0001	0.0063	0.0063	0.0000	0.0047	0.0042	0.0005	0.0019	0.0018	0.0001	0.0028	0.0024	0.0004	0.4834	0.3462	0.1372	0.2789	0.2305	0.0484	0.2044	0.1157	0.0888	0.0019	0.0016	0.0000	0.0028	0.0025	0.0000	0.0001	0.0001	0.0000	0.3850	0.5374	0.0006	0.6444	0.7796	0.0011	0.0310	0.0546	0.0003
13	16	0.1412	6	1	0	2	0	0	0	0	0	N	N	Y	N	N	N	N	N	N	N	N	N	0.0000	0.0000	0.0000	0.0000	0.0000	0.0000	0.0000	0.0000	0.0000	0.0000	0.0000	0.0000	0.0000	0.0000	0.0000	0.0000	0.0000	0.0000	3.8545	7.2424	0.0001	6.9386	9.1103	0.0003	2.9355	5.4603	0.0001	0.0000	0.0000	-0.8788	0.0560	12.0000	10.7426	18.8883	0.0000	0.0000	0.0000	0.0000	0.0000	0.0000	0.0000	0.0000	0.0000	1.9174	1.9173	0.0000	0.9417	0.9417	0.0000	0.9757	0.9757	0.0000	0.0184	0.0165	0.0018	0.0077	0.0076	0.0001	0.0107	0.0089	0.0017	0.5035	0.3191	0.1845	0.1712	0.1404	0.0308	0.3324	0.1787	0.1537	0.0000	0.0000	0.0000	0.0000	0.0000	0.0000	0.0000	0.0000	0.0000	3.8079	6.0093	0.0001	5.5020	6.7081	0.0003	2.9355	5.4603	0.0001	
13	17	0.6243	9	2	1	1	0	0	0	0	0	Y	N	N	N	N	N	N	N	N	N	N	N	0.0008	0.0006	0.0009	0.0007	inf	inf	0.0041	0.0046	0.0000	0.0089	0.0093	0.0000	0.0000	0.0000	0.0000	5.2143	7.7573	0.0000	10.1302	13.7086	0.0000	0.0000	0.0000	0.0000	0.0000	0.0000	-0.0000	-0.4316	0.0560	3.5868	10.7426	9.0275	0.0000	0.0000	0.0000	0.0000	0.0000	0.0000	0.0000	0.0000	0.0000	0.9417	0.9417	0.0000	0.9417	0.9417	0.0000	0.0000	0.0000	0.0000	0.0025	0.0022	0.0003	0.0011	0.0011	0.0000	0.0013	0.0011	0.0002	0.2076	0.1489	0.0588	0.1414	0.1110	0.0304	0.0662	0.0379	0.0283	0.0009	0.0007	0.0000	0.0013	0.0011	0.0000	inf	inf	0.0000	4.5352	6.3263	0.0000	6.6579	8.4838	0.0000	0.0000	0.0000	0.0000			
13	18	0.0460	2	2	1	1	0	0	0	0	0	Y	N	N	N	N	N	N	N	N	N	N	N	0.0499	0.0000	0.2012	0.0000	0.0000	0.0000	0.0693	0.2030	0.1203	0.0000	1.1833	0.0000	0.0000	0.0000	0.1984	0.0000	1.2049	2.4113	0.0441	5.8806	0.1584	0.1608	0.0543	2.8622	0.0000	5.9347	inf	90.9602	0.0004	0.5052	0.0560	3.9981	10.7426	16.5900	0.0008	0.0000	0.0008	0.0000	0.0000	0.0000	0.0008	0.0000	0.0008	0.9519	0.0104	0.9416	0.0104	0.0104	0.0001	0.9415	0.0000	0.9415	0.0065	0.0058	0.0007	0.0025	0.0025	0.0000	0.0039	0.0033	0.0006	0.3948	0.2347	0.1601	0.0658	0.0644	0.0015	0.3289	0.1703	0.1586	0.0499	0.0000	0.2012	0.0000	0.0000	0.0000	0.0693	0.0000	0.2030	2.4113	0.0441	5.8806	0.1584	0.1608	0.0543	2.8622	0.0000	5.9347	
13	19	0.5800	10	1	0	2	1	0	0	0	0	N	N	Y	N	N	N	N	N	N	N	N	N	0.0000	0.0000	0.0000	0.0000	0.0000	0.0000	0.0000	0.0000	0.0000	0.0000	0.0000	0.0000	0.0000	0.0000	0.0000	0.0000	0.0000	0.0000	0.0000	0.0000	0.0000	0.0000	inf	0.0000	0.0000	0.0560	0.0000	10.7426	2.0009	0.0000	0.0000	0.0000	0.0000	0.0000	0.0000	0.0000	0.0000	0.0000	0.0000	0.0000	0.0000	0.0000	0.0000	0.0000	0.0000	0.0000	0.0000	0.0000	0.0000	0.0000	0.0000	0.0000	0.0000	0.0000	0.0000	0.0000	0.0277	0.0192	0.0085	0.0166	0.0132	0.0034	0.0110	0.0060	0.0051	0.0000	0.0000	0.0000	0.0000	0.0000	0.0000	0.0000	0.0000	0.0000	0.0000	0.0000	0.0000	0.0000	0.0000	0.0000	0.0000	0.0000	0.0000						
13	20	0.5943	11	1	0	2	1	0	0	0	0	N	N	Y	N	N	N	N	N	N	N	N	N	0.0000	0.0000	0.0000	0.0000	0.0000	0.0000	0.0000	0.0000	0.0000	0.0000	0.0000	0.0000	0.0000	0.0000	0.0000	0.0000	0.0000	0.0000	0.0434	0.0006	0.1390	0.0024	0.0003	0.0101	0.1066	0.0014	0.2313	101.3825	0.0000	0.0103	0.0560	14.9999	10.7426	23.4905	0.0000	0.0000	0.0000	0.0000	0.0000	0.0000	0.0000	0.0000	0.0000	0.0194	0.0002	0.0192	0.0006	0.0001	0.0006	0.0187	0.0001	0.0186	0.0223	0.0202	0.0021	0.0103	0.0102	0.0002	0.0120	0.0100	0.0019	0.4463	0.3084	0.1379	0.2708	0.2133	0.0575	0.1755	0.0952	0.0804	0.0000	0.0000	0.0000	0.0000	0.0000	0.0000	0.0000	0.0000	0.0000	0.0434	0.0006	0.1390	0.0024	0.0003	0.0101	0.1066	0.0014	0.2313	
13	21	0.0460	2	1	1	1	0	0	0	0	0	N	N	N	N	N	N	N	N	N	N	N	N	33.7704	24.5058	18.9271	0.3256	0.3213	0.0000	52.0959	36.6464	19.2390	6.5207	7.1495	0.9545	0.0380	0.0381	0.0000	10.7228	12.6398	0.9719	0.1931	0.2917	0.0504	0.1166	0.1187	0.0412	0.2058	0.3449	0.0505	0.0151	0.1195	-0.0223	-0.0426	0.0560	4.9981	10.7426	32.5905	0.0524	0.0516	0.0008	0.0001	0.0001	0.0000	0.0523	0.0515	0.0008	0.1212	0.1083	0.0129	0.0105	0.0104	0.0001	0.1107	0.0979	0.0128	0.0080	0.0072	0.0008	0.0032	0.0031	0.0000	0.0049	0.0041	0.0008	0.6277	0.3711	0.2566	0.0896	0.0872	0.0024	0.5381	0.2839	0.2542	33.7704	24.5058	18.9271	0.3256	0.3213	0.0000	52.0959	36.6464	19.2390	0.1931	0.2917	0.0504	0.1166	0.1187	0.0412	0.2058	0.3449	0.0505
13	22	0.6243	9	1	1	1	0	0	0	0	0	N	N	N	N	N	N	N	N	N	N	N	N	0.1611	0.0000	inf	0.0081	0.0067	0.0903	0.0000	inf	0.4868	0.0001	4.1664	0.0001	0.0001	0.0000	0.8192	0.0000	5.1242	3.0223	4.2248	0.0000	0.0144	0.0184	0.0000	9.0722	15.6821	0.0000	8806.0754	0.0000	0.0016	-0.4467	0.0560	12.5677	10.7426	9.8718	0.0029	0.0000	0.0029	0.0000	0.0000	0.0000	0.0029	0.0000	0.0029	0.9746	0.9746	0.0000	0.0031	0.0031	0.0000	0.9715	0.9715	0.0000	0.0059	0.0052	0.0007	0.0024	0.0023	0.0001	0.0035	0.0029	0.0006	0.3225	0.2307	0.0918	0.2154	0.1687	0.0467	0.1071	0.0619	0.0451	0.1611	0.0000	inf	0.0081	0.0067	0.0000	0.0903	0.0000	inf	3.0223	4.2248	0.0000	0.0144	0.0184	0.0000	9.0722	15.6821	0.0000	
13	23	0.2415	9	1	0	1	1	0	0	0	0	N	N	N	N	N	N	N	N	N	N	N	N	0.0000	0.0000	0.0000	0.0000	0.0000	0.0000	0.0000	0.0000	0.0000	0.0000	0.0000	0.0000	0.0000	0.0000	0.0000	0.0000	0.0000	0.0000	0.0000	0.0000	0.0000	0.0000	0.0000	0.0000	-0.0000	0.0560	0.9981	10.7426	0.0014	0.0000	0.0000	0.0000	0.0000	0.0000	0.0000	0.0000	0.0000	0.0000	0.0000	0.0000	0.0000	0.0000	0.0000	0.0000	0.0000	0.0000	0.0000	0.0013	0.0010	0.0004	0.0010	0.0007	0.0003	0.0004	0.0003	0.0001	0.0155	0.0097	0.0058	0.0053	0.0044	0.0009	0.0103	0.0053	0.0049	0.0000	0.0000	0.0000	0.0000	0.0000	0.0000	0.0000	0.0000	0.0000	0.0000	0.0000	0.0000	0.0000	0.0000	0.0000	0.0000	0.0000	0.0000						
13	24	0.1936	6	1	1	1	1	0	0	0	0	N	N	N	N	N	N	N	N	N	N	N	N	0.0000	0.0000	0.0000	0.0000	0.0000	0.0000	0.0000	0.0000	0.0000	0.0000	0.0000	0.0000	0.0000	0.0000	0.0000	0.0000	0.0000	0.0000	2.5671	0.5638	7.9272	0.7223	0.8811	0.0061	4.2045	0.1552	11.4156	5.6586	0.0000	0.2956	0.0560	0.6341	10.7426	12.6218	0.0000	0.0000	0.0000	0.0000	0.0000	0.0000	0.0000	0.0000	0.0000	0.7552	0.1134	0.6418	0.0999	0.0998	0.0002	0.6553	0.0136	0.6416	0.0011	0.0010	0.0001	0.0005	0.0005	0.0000	0.0006	0.0005	0.0001	0.2942	0.2012	0.0930	0.1383	0.1132	0.0251	0.1559	0.0879	0.0679	0.0000	0.0000	0.0000	0.0000	0.0000	0.0000	0.0000	0.0000	0.0000	2.5671	0.5638	6.8996	0.7223	0.8811	0.0061	4.2045	0.1552	9.4475	
13	25	0.5640	8	1	1	1	0	0	0	0	0	N	N	N	N	N	N	N	N	N	N	N	N	0.0371	0.0294	0.0000	0.0483	0.0400	0.0000	0.0015	0.0014	0.0000	0.0020	0.0022	0.0000	0.0042	0.0043	0.0000	0.0000	0.0000	0.0000	0.0543	0.0759	0.0013	0.0870	0.1077	0.0025	0.0007	0.0009	0.0004	0.0000	0.0069	-0.0000	-0.0091	0.0560	10.0221	10.7426	10.6811	0.0000	0.0000	0.0000	0.0000	0.0000	0.0000	0.0000	0.0000	0.0000	0.0202	0.0201	0.0001	0.0201	0.0200	0.0001	0.0001	0.0001	0.0000	0.0171	0.0154	0.0017	0.0082	0.0080	0.0002	0.0089	0.0075	0.0015	0.3725	0.2650	0.1075	0.2316	0.1860	0.0456	0.1409	0.0790	0.0619	0.0371	0.0294	0.0000	0.0483	0.0400	0.0000	0.0015	0.0014	0.0000	0.0543	0.0759	0.0013	0.0870	0.1077	0.0025	0.0007	0.0009	0.0004
13	26	0.0801	4	1	1	1	0	0	0	0	0	N	N	N	N	N	N	N	N	N	N	N	N	1.2443	278.6777	0.0000	0.4986	0.4894	0.0000	1.9524	7146959.9429	0.0000	7.6746	8.5905	0.0000	0.0435	0.0447	0.0000	12.9744	15.4778	0.0000	6.1679	0.0308	29.8217	0.0873	0.0914	0.0111	6.6452	0.0000	25.9995	0.0000	276.0571	-0.0227	0.5387	0.0560	3.9997	10.7426	5.4032	0.0516	0.0516	0.0000	0.0001	0.0001	0.0000	0.0514	0.0514	0.0000	1.0013	0.0036	0.9976	0.0036	0.0036	0.0000	0.9976	0.0000	0.9976	0.0067	0.0060	0.0007	0.0028	0.0027	0.0001	0.0040	0.0033	0.0006	0.1918	0.1172	0.0746	0.0417	0.0395	0.0021	0.1501	0.0777	0.0724	1.4701	278.6777	0.0000	0.4986	0.4894	0.0000	1.9524	7146959.9429	0.0000	5.2206	0.0308	13.3812	0.0873	0.0914	0.0111	6.6452	0.0000	13.7767
13	27	0.5943	11	1	1	1	1	0	0	0	0	N	N	N	N	N	N	N	N	N	N	N	N	0.4650	0.9143	0.0000	0.0027	0.0022	0.0000	0.9602	29294.2817	0.0000	6.4995	7.1941	0.0000	0.0343	0.0350	0.0000	12.1587	14.5635	0.0000	13.9776	7.8687	37.0198	12.5200	15.9985	0.0008	12.6622	0.0005	55.1831	0.0000	1.0861	-0.0228	0.1197	0.0560	4.9655	10.7426	10.6561	0.0516	0.0516	0.0000	0.0001	0.0001	0.0000	0.0515	0.0515	0.0000	1.9217	0.9212	1.0005	0.9212	0.9212	0.0000	1.0005	0.0000	1.0005	0.0079	0.0072	0.0008	0.0037	0.0036	0.0001	0.0042	0.0035	0.0007	0.2062	0.1426	0.0636	0.1272	0.1005	0.0266	0.0790	0.0421	0.0370	0.6973	1.1134	0.0000	0.0047	0.0038	0.0000	0.9602	29294.2817	0.0000	9.3207	6.4612	15.7308	7.2443	9.1649	0.0008	12.6622	0.0005	27.0755
13	28	0.2465	10	1	1	1	1	0	0	0	0	N	N	N	N	N	N	N	N	N	N	N	N	0.0000	0.0000	0.0000	0.0000	0.0000	0.0000	0.0000	0.0000	0.0000	0.0000	0.0000	0.0000	0.0000	0.0000	0.0000	0.0000	0.0000	0.0000	0.0000	0.0000	0.0560	0.0000	10.7426	0.0000	0.0000	0.0000	0.0000	0.0000	0.0000	0.0000	0.0000	0.0000	0.0000	0.0000	0.0000	0.0000	0.0000	0.0000	0.0000	0.0000	0.0000	0.0000	0.0000	0.0000	0.0000	0.0000	0.0000	0.0000	0.0000	0.0000	0.0000	0.0000	0.0000	0.0000	0.0000	0.0000	0.0000	0.0000	0.0000	0.0000	0.0000	0.0000	0.0000	0.0000	0.0000	0.0000	0.0000	0.0000	0.0000	0.0000	0.0000	0.0000	0.0000	0.0000	0.0000	0.0000	0.0000	0.0000											
13	29	0.2139	5	2	1	1	0	0	0	0	0	Y	N	N	N	N	N	N	N	N	N	N	N	0.1221	0.0951	0.0000	0.1217	0.1050	0.0000	0.0189	0.0148	0.0000	0.0106	0.0119	0.0000	0.0246	0.0252	0.0000	0.0000	0.0000	0.0000	0.0868	0.1254	0.0006	0.2018	0.2403	0.0015	0.0013	0.0020	0.0003	0.0000	0.0021	-0.0000	-0.0132	0.0560	3.9885	10.7426	8.5018	0.0001	0.0001	0.0000	0.0001	0.0001	0.0000	0.0000	0.0000	0.0000	0.0290	0.0289	0.0001	0.0287	0.0287	0.0000	0.0003	0.0002	0.0000	0.0071	0.0064	0.0008	0.0031	0.0030	0.0001	0.0041	0.0034	0.0007	0.3336	0.2306	0.1031	0.1423	0.1193	0.0230	0.1913	0.1112	0.0801	0.1221	0.0951	0.0000	0.1217	0.1050	0.0000	0.0189	0.0148	0.0000	0.0868	0.1254	0.0006	0.2018	0.2403	0.0015	0.0013	0.0020	0.0003
13	30	0.2048	7	1	1	1	0	0	0	0	0	N	N	N	N	N	N	N	N	N	N	N	N	0.1874	0.0000	62.5614	0.0000	0.0000	0.0012	99.2913	0.0000	779.8500	0.0156	0.0000	0.0636	0.0000	0.0000	0.0000	0.0603	0.0000	0.8287	0.0834	0.1226	0.0010	0.1948	0.2103	0.0006	0.0006	0.0001	0.0011	inf	0.0040	0.0004	-0.0066	0.0560	0.9701	10.7426	4.0208	0.0008	0.0000	0.0008	0.0000	0.0000	0.0000	0.0008	0.0000	0.0008	0.0144	0.0144	0.0001	0.0144	0.0144	0.0000	0.0001	0.0000	0.0001	0.0481	0.0363	0.0118	0.0356	0.0247	0.0109	0.0125	0.0115	0.0009	0.1730	0.1171	0.0559	0.0737	0.0683	0.0055	0.0993	0.0489	0.0504	0.1874	0.0000	62.5614	0.0000	0.0000	0.0012	99.2913	0.0000	779.8500	0.0834	0.1226	0.0010	0.1948	0.2103	0.0006	0.0006	0.0001	0.0011
13	31	0.1794	5	1	0	1	1	0	0	0	0	N	N	N	N	N	N	N	N	N	N	N	N	0.0000	0.0000	0.0000	0.0000	0.0000	0.0000	0.0000	0.0000	0.0000	0.0000	0.0000	0.0000	0.0000	0.0000	0.0000	0.0000	0.0000	0.0000	2.2383	3.3293	0.0139	0.2732	0.3292	0.0225	3.7974	6.8391	0.0110	0.0020	0.0000	-0.4186	0.0560	5.0045	10.7426	16.6627	0.0000	0.0000	0.0000	0.0000	0.0000	0.0000	0.0000	0.0000	0.0000	0.9173	0.9154	0.0019	0.0495	0.0488	0.0007	0.8677	0.8666	0.0011	0.0080	0.0072	0.0008	0.0034	0.0033	0.0000	0.0046	0.0038	0.0008	0.4098	0.2750	0.1348	0.1813	0.1482	0.0331	0.2285	0.1267	0.1018	0.0000	0.0000	0.0000	0.0000	0.0000	0.0000	0.0000	0.0000	0.0000	2.2383	3.3293	0.0139	0.2732	0.3292	0.0225	3.7974	6.8391	0.0110	
13	32	0.7217	11	2	0	2	0	0	0	0	0	Y	N	Y	N	N	N	N	N	N	N	N	N	0.0000	0.0000	0.0000	0.0000	0.0000	0.0000	0.0000	0.0000	0.0000	0.0000	0.0000	0.0000	0.0000	0.0000	0.0000	0.0000	0.0000	0.0000	0.0000	0.0000	0.0000	0.0000	0.0000	0.0000	0.0000	0.0001	194.7143	0.0000	0.0000	0.0560	1.4893	10.7426	0.0050	0.0000	0.0000	0.0000	0.0000	0.0000	0.0000	0.0000	0.0000	0.0000	0.0000	0.0000	0.0000	0.0000	0.0000	0.0000	0.0000	0.0000	0.0000	0.0006	0.0005	0.0001	0.0002	0.0002	0.0000	0.0004	0.0003	0.0001	0.0227	0.0162	0.0065	0.0152	0.0119	0.0033	0.0075	0.0043	0.0032	0.0000	0.0000	0.0000	0.0000	0.0000	0.0000	0.0000	0.0000	0.0000	0.0000	0.0000	0.0000	0.0000	0.0000	0.0000	0.0000	0.0000	0.0001		
13	33	0.1012	5	2	0	2	0	0	0	0	0	Y	N	Y	N	N	N	N	N	N	N	N	N	88626.8391	0.0000	1262933.6882	140.0178	0.0000	13233.7159	8823486.6349	0.0000	6378615.2665	10.1553	0.0000	28.1672	0.0676	0.0000	3.4698	19.3622	0.0000	28.8209	0.0001	0.0002	0.0000	0.0005	0.0005	0.0003	0.0000	0.0000	0.0000	inf	0.0820	0.0284	-0.0000	0.0560	0.9855	10.7426	5.0251	0.0507	0.0000	0.0507	0.0002	0.0000	0.0002	0.0506	0.0000	0.0506	0.0000	0.0000	0.0000	0.0000	0.0000	0.0000	0.0000	0.0000	0.0000	0.0050	0.0032	0.0018	0.0024	0.0023	0.0000	0.0026	0.0009	0.0018	0.1047	0.0639	0.0408	0.0245	0.0217	0.0028	0.0802	0.0422	0.0380	88626.8391	0.0000	1262933.6882	140.0178	0.0000	13233.7159	8823486.6349	0.0000	6378615.2665	0.0001	0.0002	0.0000	0.0005	0.0005	0.0003	0.0000	0.0000	0.0000
13	34	0.1777	7	1	1	1	0	0	0	0	0	N	N	N	N	N	N	N	N	N	N	N	N	0.0000	0.0000	0.0000	0.0000	0.0000	0.0000	0.0000	0.0000	0.0000	0.0000	0.0000	0.0000	0.0000	0.0000	0.0000	0.0000	0.0000	0.0002	0.0001	0.0002	0.0004	0.0003	0.0013	0.0000	0.0000	0.0000	0.9557	0.0000	0.0000	0.0560	2.0026	10.7426	4.0175	0.0000	0.0000	0.0000	0.0000	0.0000	0.0000	0.0000	0.0000	0.0000	0.0000	0.0000	0.0000	0.0000	0.0000	0.0000	0.0000	0.0000	0.0000	0.0035	0.0031	0.0004	0.0015	0.0015	0.0000	0.0020	0.0016	0.0004	0.1176	0.0766	0.0411	0.0467	0.0396	0.0071	0.0709	0.0370	0.0339	0.0000	0.0000	0.0000	0.0000	0.0000	0.0000	0.0000	0.0000	0.0000	0.0002	0.0001	0.0002	0.0004	0.0003	0.0013	0.0000	0.0000	0.0000		
13	35	0.1777	6	1	0	1	0	0	0	0	0	N	N	N	N	N	N	N	N	N	N	N	N	0.0000	0.0000	0.0000	0.0000	0.0000	0.0000	0.0000	0.0000	0.0000	0.0000	0.0000	0.0000	0.0000	0.0000	0.0000	0.0000	0.0000	0.0000	0.0037	0.0031	0.0049	0.0043	0.0045	0.0029	0.0031	0.0008	0.0054	0.7788	0.0000	-0.0000	0.0560	0.4148	10.7426	1.5497	0.0000	0.0000	0.0000	0.0000	0.0000	0.0000	0.0000	0.0000	0.0000	0.0002	0.0001	0.0001	0.0001	0.0001	0.0000	0.0001	0.0000	0.0001	0.0009	0.0008	0.0001	0.0004	0.0004	0.0000	0.0005	0.0004	0.0001	0.0534	0.0359	0.0175	0.0250	0.0215	0.0034	0.0284	0.0144	0.0140	0.0000	0.0000	0.0000	0.0000	0.0000	0.0000	0.0000	0.0000	0.0000	0.0037	0.0031	0.0049	0.0043	0.0045	0.0029	0.0031	0.0008	0.0054	
13	36	0.1200	4	1	1	1	0	0	0	0	0	N	N	N	N	N	N	N	N	N	N	N	N	0.0000	0.0000	0.0000	0.0000	0.0000	0.0000	0.0000	0.0000	0.0000	0.0000	0.0000	0.0000	0.0000	0.0000	0.0000	0.0000	0.0000	0.0000	2.0458	0.0072	5.3503	0.0150	0.0178	0.0019	2.9267	0.0000	6.2144	460.0759	0.0000	0.5397	0.0560	7.9964	10.7426	23.6501	0.0000	0.0000	0.0000	0.0000	0.0000	0.0000	0.0000	0.0000	0.0000	1.0004	0.0022	0.9982	0.0022	0.0022	0.0001	0.9982	0.0000	0.9982	0.0122	0.0110	0.0012	0.0049	0.0049	0.0000	0.0072	0.0061	0.0012	0.4890	0.3024	0.1866	0.1479	0.1220	0.0260	0.3410	0.1804	0.1606	0.0000	0.0000	0.0000	0.0000	0.0000	0.0000	0.0000	0.0000	0.0000	2.0458	0.0072	5.3503	0.0150	0.0178	0.0019	2.9267	0.0000	6.2144	
13	37	0.0460	2	2	1	1	0	0	0	0	0	Y	N	N	N	N	N	N	N	N	N	N	N	0.0409	0.0102	0.2915	0.7574	1.3957	0.0000	0.0533	0.0088	0.2945	0.1205	0.0281	0.9415	0.0229	0.0230	0.0000	0.1837	0.0319	0.9587	2.9439	2.7464	3.2301	0.0303	0.0165	0.5428	3.4466	3.6189	3.2556	3.7803	0.8119	0.0005	-0.0172	0.0560	6.9981	10.7426	25.9787	0.0013	0.0003	0.0011	0.0001	0.0001	0.0000	0.0012	0.0002	0.0011	1.6716	0.9226	0.7490	0.0025	0.0013	0.0012	1.6691	0.9212	0.7478	0.0111	0.0100	0.0011	0.0044	0.0043	0.0000	0.0067	0.0056	0.0011	0.5678	0.3359	0.2319	0.0835	0.0814	0.0022	0.4843	0.2546	0.2297	0.0409	0.0102	0.2915	0.7574	1.3957	0.0000	0.0533	0.0088	0.2945	2.9439	2.7464	3.2301	0.0303	0.0165	0.5428	3.4466	3.6189	3.2556
13	38	0.1777	6	1	1	1	0	0	0	0	0	N	N	N	N	N	N	N	N	N	N	N	N	0.0000	0.0000	0.0000	0.0000	0.0000	0.0000	0.0000	0.0000	0.0000	0.0000	0.0000	0.0000	0.0000	0.0000	0.0000	0.0000	0.0000	0.0000	3.7354	7.0039	0.0003	23.4351	27.4291	0.0007	0.0001	0.0000	0.0003	0.0000	0.0000	-0.4317	0.0560	4.7553	10.7426	10.1994	0.0000	0.0000	0.0000	0.0000	0.0000	0.0000	0.0000	0.0000	0.0000	0.9418	0.9417	0.0000	0.9418	0.9417	0.0000	0.0000	0.0000	0.0000	0.0078	0.0070	0.0008	0.0033	0.0033	0.0000	0.0045	0.0038	0.0008	0.2521	0.1615	0.0906	0.0919	0.0770	0.0149	0.1602	0.0846	0.0757	0.0000	0.0000	0.0000	0.0000	0.0000	0.0000	0.0000	0.0000	0.0000	3.7354	5.8301	0.0003	10.2501	12.2370	0.0007	0.0001	0.0000	0.0003	
13	39	0.1200	4	2	1	1	0	0	0	0	0	Y	N	N	N	N	N	N	N	N	N	N	N	0.0000	0.0000	0.0000	0.0000	0.0000	0.0000	0.0000	0.0000	0.0000	0.0000	0.0000	0.0000	0.0000	0.0000	0.0000	1.5254	2.4668	0.0000	5.1955	6.5527	0.0000	0.0851	0.1608	0.0000	0.0000	0.0000	-0.3477	0.0560	5.0000	10.7426	27.3229	0.0000	0.0000	0.0000	0.0000	0.0000	0.0000	0.0000	0.0000	0.0000	0.7585	0.7585	0.0000	0.7290	0.7290	0.0000	0.0295	0.0295	0.0000	0.0078	0.0070	0.0008	0.0031	0.0031	0.0000	0.0046	0.0039	0.0008	0.4973	0.3075	0.1898	0.1502	0.1238	0.0264	0.3471	0.1837	0.1634	0.0000	0.0000	0.0000	0.0000	0.0000	0.0000	0.0000	0.0000	0.0000	1.5254	2.4668	0.0000	4.8549	5.8892	0.0000	0.0851	0.1608	0.0000				
13	40	0.0460	2	1	1	1	0	0	0	0	0	N	N	N	N	N	N	N	N	N	N	N	N	19.1845	3492.6921	0.0000	3.5598	4.7456	0.0000	26.8468	inf	0.0000	4.6457	5.1689	0.0000	0.0278	0.0280	0.0000	7.6340	9.1287	0.0000	0.2422	0.0015	0.5918	0.0078	0.0059	0.0828	0.2844	0.0000	0.5966	0.0000	275.2689	-0.0228	0.0660	0.0560	7.0019	10.7426	21.4344	0.0516	0.0516	0.0000	0.0001	0.0001	0.0000	0.0515	0.0515	0.0000	0.1227	0.0004	0.1222	0.0006	0.0004	0.0002	0.1220	0.0000	0.1220	0.0111	0.0100	0.0011	0.0044	0.0043	0.0000	0.0067	0.0056	0.0011	0.5065	0.3000	0.2065	0.0773	0.0753	0.0019	0.4292	0.2246	0.2046	19.1845	3492.6921	0.0000	3.5598	4.7456	0.0000	26.8468	inf	0.0000	0.2422	0.0015	0.5918	0.0078	0.0059	0.0828	0.2844	0.0000	0.5966
13	41	0.6243	9	1	1	1	0	0	0	0	0	N	N	N	N	N	N	N	N	N	N	N	N	0.2069	0.1675	0.0000	0.3291	0.2717	0.0000	0.7978	0.6068	0.0000	0.0024	0.0027	0.0000	0.0056	0.0059	0.0000	0.0000	0.0000	0.0000	0.0114	0.0159	0.0000	0.0169	0.0216	0.0000	0.0000	0.0000	0.0000	0.0000	0.0001	-0.0000	-0.0015	0.0560	8.1446	10.7426	10.2519	0.0000	0.0000	0.0000	0.0000	0.0000	0.0000	0.0000	0.0000	0.0000	0.0032	0.0032	0.0000	0.0032	0.0032	0.0000	0.0000	0.0000	0.0000	0.0043	0.0038	0.0005	0.0018	0.0017	0.0001	0.0025	0.0021	0.0004	0.2806	0.2008	0.0797	0.1885	0.1477	0.0408	0.0920	0.0531	0.0390	0.2069	0.1675	0.0000	0.3291	0.2717	0.0000	0.7978	0.6068	0.0000	0.0114	0.0159	0.0000	0.0169	0.0216	0.0000	0.0000	0.0000	0.0000
13	42	0.0460	2	1	1	1	0	0	0	0	0	N	N	N	N	N	N	N	N	N	N	N	N	0.0271	0.0000	0.0855	0.0000	0.0000	0.0000	0.0372	0.1101	0.0813	0.0000	0.8017	0.0000	0.0000	0.0000	0.1339	0.0000	0.8163	2.9995	0.0497	9.3722	0.1711	0.1728	0.0934	3.5993	0.0000	7.4142	inf	100.3461	0.0004	0.5583	0.0560	5.9981	10.7426	11.5875	0.0008	0.0000	0.0008	0.0000	0.0000	0.0000	0.0008	0.0000	0.0008	1.0499	0.0104	1.0395	0.0105	0.0104	0.0001	1.0394	0.0000	1.0394	0.0096	0.0086	0.0010	0.0038	0.0037	0.0000	0.0058	0.0049	0.0010	0.3500	0.2085	0.1415	0.0612	0.0600	0.0013	0.2888	0.1486	0.1402	0.0271	0.0000	0.1091	0.0000	0.0000	0.0000	0.0372	0.0000	0.1101	2.9995	0.0497	7.3478	0.1711	0.1728	0.0934	3.5993	0.0000	7.4142	
13	43	0.2776	6	1	1	2	1	0	0	0	0	N	N	Y	N	N	N	N	N	N	N	N	N	0.0000	0.0000	0.0000	0.0000	0.0000	0.0000	0.0000	0.0000	0.0000	0.0000	0.0000	0.0000	0.0000	0.0000	0.0000	0.0000	0.0000	0.0000	0.0007	0.0009	0.0000	0.0006	0.0007	0.0000	0.0008	0.0014	0.0000	0.0095	0.0000	-0.0000	0.0560	1.0007	10.7426	2.4334	0.0000	0.0000	0.0000	0.0000	0.0000	0.0000	0.0000	0.0000	0.0000	0.0001	0.0001	0.0000	0.0000	0.0000	0.0000	0.0000	0.0000	0.0000	0.0013	0.0010	0.0004	0.0010	0.0007	0.0003	0.0003	0.0003	0.0001	0.0933	0.0671	0.0261	0.0489	0.0430	0.0059	0.0444	0.0241	0.0203	0.0000	0.0000	0.0000	0.0000	0.0000	0.0000	0.0000	0.0000	0.0000	0.0007	0.0009	0.0000	0.0006	0.0007	0.0000	0.0008	0.0014	0.0000	
13	44	0.2404	5	1	0	1	1	0	0	0	0	N	N	N	N	N	N	N	N	N	N	N	N	1.1149	1.0714	0.0000	0.1166	0.1395	0.0000	3.3534	2.1008	0.0000	0.0783	0.1079	0.0000	0.0064	0.0094	0.0000	0.3039	0.3449	0.0000	0.0703	0.1007	0.0011	0.0547	0.0676	0.0019	0.0906	0.1642	0.0006	0.0000	0.0048	-0.0001	-0.0144	0.0560	1.0391	10.7426	15.0482	0.0002	0.0002	0.0000	0.0000	0.0000	0.0000	0.0001	0.0001	0.0000	0.0318	0.0317	0.0002	0.0141	0.0140	0.0001	0.0177	0.0177	0.0001	0.0020	0.0015	0.0006	0.0015	0.0010	0.0005	0.0005	0.0004	0.0001	0.4527	0.3143	0.1384	0.2569	0.2065	0.0504	0.1958	0.1078	0.0881	1.1149	1.0714	0.0000	0.1166	0.1395	0.0000	3.3534	2.1008	0.0000	0.0703	0.1007	0.0011	0.0547	0.0676	0.0019	0.0906	0.1642	0.0006
13	45	0.1200	4	1	1	1	0	0	0	0	0	N	N	N	N	N	N	N	N	N	N	N	N	0.0000	0.0000	0.0000	0.0000	0.0000	0.0000	0.0000	0.0000	0.0000	0.0000	0.0000	0.0000	0.0000	0.0000	0.0000	0.0000	0.0000	0.0000	1.9139	0.0067	5.0001	0.0132	0.0156	0.0018	2.7295	0.0008	5.8039	460.0766	0.0000	0.5397	0.0560	12.0036	10.7426	21.9053	0.0000	0.0000	0.0000	0.0000	0.0000	0.0000	0.0000	0.0000	0.0000	1.0004	0.0022	0.9982	0.0021	0.0020	0.0001	0.9983	0.0002	0.9982	0.0181	0.0163	0.0018	0.0073	0.0073	0.0000	0.0108	0.0090	0.0017	0.5227	0.3231	0.1996	0.1569	0.1293	0.0277	0.3657	0.1938	0.1720	0.0000	0.0000	0.0000	0.0000	0.0000	0.0000	0.0000	0.0000	0.0000	1.9139	0.0067	5.0001	0.0132	0.0156	0.0018	2.7295	0.0008	5.8039	
13	46	0.6013	12	2	1	1	0	0	0	0	0	Y	N	N	N	N	N	N	N	N	N	N	N	0.0000	0.0000	0.0000	0.0000	0.0000	0.0000	0.0000	0.0000	0.0000	0.0000	0.0000	0.0000	0.0000	0.0000	0.0000	0.0000	0.0002	0.0003	0.0000	0.0004	0.0004	0.0000	0.0000	0.0000	0.0000	0.0193	0.0000	-0.0000	0.0560	2.0120	10.7426	1.9924	0.0000	0.0000	0.0000	0.0000	0.0000	0.0000	0.0000	0.0000	0.0000	0.0000	0.0000	0.0000	0.0000	0.0000	0.0000	0.0000	0.0000	0.0000	0.0032	0.0029	0.0003	0.0015	0.0015	0.0000	0.0017	0.0014	0.0003	0.0490	0.0337	0.0153	0.0279	0.0222	0.0057	0.0210	0.0115	0.0096	0.0000	0.0000	0.0000	0.0000	0.0000	0.0000	0.0000	0.0000	0.0000	0.0002	0.0003	0.0000	0.0004	0.0004	0.0000	0.0000	0.0000	0.0000			
13	47	0.2245	10	2	1	1	0	0	0	0	0	Y	N	N	N	N	N	N	N	N	N	N	N	0.0000	0.0000	0.0000	0.0000	0.0000	0.0000	0.0000	0.0000	0.0000	0.0000	0.0000	0.0000	0.0000	0.0000	0.0000	0.0000	27.3022	0.0000	110.1422	0.0000	0.0000	0.0000	22.2709	0.0000	115.3104	16910846.2982	0.0000	0.5386	0.0560	0.0002	10.7426	4.0036	0.0000	0.0000	0.0000	0.0000	0.0000	0.0000	0.0000	0.0000	0.0000	0.9944	0.0000	0.9944	0.0000	0.0000	0.0000	0.9944	0.0000	0.9944	0.0000	0.0000	0.0000	0.0000	0.0000	0.0000	0.0000	0.0000	0.0000	0.0655	0.0410	0.0245	0.0209	0.0174	0.0035	0.0446	0.0236	0.0211	0.0000	0.0000	0.0000	0.0000	0.0000	0.0000	0.0000	0.0000	0.0000	15.1769	0.0000	40.5686	0.0000	0.0000	0.0000	22.2709	0.0000	47.2342			
13	48	0.1200	4	1	1	1	1	0	0	0	0	N	N	N	N	N	N	N	N	N	N	N	N	0.0000	0.0000	0.0000	0.0000	0.0000	0.0000	0.0000	0.0000	0.0000	0.0000	0.0000	0.0000	0.0000	0.0000	0.0000	0.0000	0.0000	0.0000	1.0491	1.6377	0.1023	3.5064	4.2678	0.0490	0.0533	0.0033	0.1107	0.0388	0.0000	-0.3440	0.0560	6.0036	10.7426	51.7820	0.0000	0.0000	0.0000	0.0000	0.0000	0.0000	0.0000	0.0000	0.0000	0.8172	0.7867	0.0305	0.7877	0.7857	0.0020	0.0296	0.0010	0.0286	0.0093	0.0083	0.0009	0.0038	0.0037	0.0000	0.0055	0.0046	0.0009	0.7790	0.4804	0.2986	0.2246	0.1841	0.0405	0.5543	0.2963	0.2581	0.0000	0.0000	0.0000	0.0000	0.0000	0.0000	0.0000	0.0000	0.0000	1.0491	1.6377	0.1023	3.5064	4.2678	0.0490	0.0533	0.0033	0.1107	
13	49	0.1200	4	2	1	1	0	0	0	0	0	Y	N	N	N	N	N	N	N	N	N	N	N	0.0000	0.0000	0.0000	0.0000	0.0000	0.0000	0.0000	0.0000	0.0000	0.0000	0.0000	0.0000	0.0000	0.0000	0.0000	0.0000	0.0000	0.0000	1.7254	0.0802	4.3806	0.0057	0.0066	0.0019	2.4487	0.1282	5.0787	33.8359	0.0000	0.5271	0.0560	5.9964	10.7426	34.6547	0.0000	0.0000	0.0000	0.0000	0.0000	0.0000	0.0000	0.0000	0.0000	1.0277	0.0295	0.9982	0.0010	0.0010	0.0001	1.0267	0.0285	0.9982	0.0092	0.0083	0.0009	0.0038	0.0037	0.0000	0.0055	0.0046	0.0009	0.5957	0.3678	0.2279	0.1764	0.1450	0.0313	0.4193	0.2227	0.1965	0.0000	0.0000	0.0000	0.0000	0.0000	0.0000	0.0000	0.0000	0.0000	1.7254	0.0802	4.3806	0.0057	0.0066	0.0019	2.4487	0.1282	5.0787	
13	50	0.2095	5	1	0	2	0	0	0	0	0	N	N	Y	N	N	N	N	N	N	N	N	N	0.3073	49.0021	0.0000	0.3028	46.6458	0.0000	0.0501	96.1825	0.0000	0.1632	0.1944	0.0000	0.2790	0.3376	0.0000	0.0113	0.0132	0.0000	0.5312	0.0040	1.6306	0.9211	0.0072	5.3865	0.2257	0.0001	0.5071	0.0000	197.0780	-0.0044	0.3159	0.0560	31.2093	10.7426	46.3939	0.0100	0.0100	0.0000	0.0097	0.0097	0.0000	0.0003	0.0003	0.0000	0.5886	0.0030	0.5857	0.4484	0.0029	0.4455	0.1402	0.0000	0.1402	0.0614	0.0516	0.0099	0.0349	0.0288	0.0061	0.0266	0.0228	0.0038	1.1082	0.7490	0.3592	0.4868	0.4041	0.0827	0.6214	0.3449	0.2765	0.3073	49.0021	0.0000	0.3028	46.6458	0.0000	0.0501	96.1825	0.0000	0.5312	0.0040	1.6306	0.9211	0.0072	5.3865	0.2257	0.0001	0.5071
13	51	0.1567	5	1	1	1	0	0	0	0	0	N	N	N	N	N	N	N	N	N	N	N	N	0.0000	0.0000	0.0000	0.0002	0.0001	0.0000	0.0000	0.0000	0.0000	0.0000	0.0000	0.0000	0.0000	0.0000	0.0000	0.0000	0.0000	0.0000	2.0484	3.0054	0.0003	0.1061	0.1293	0.0008	3.8729	7.0238	0.0001	0.0000	0.0000	-0.0000	-0.4751	0.0560	4.1516	10.7426	14.5664	0.0000	0.0000	0.0000	0.0000	0.0000	0.0000	0.0000	0.0000	0.0000	1.0365	1.0365	0.0000	0.0260	0.0260	0.0000	1.0105	1.0105	0.0000	0.0068	0.0061	0.0007	0.0029	0.0029	0.0000	0.0039	0.0033	0.0006	0.5060	0.3449	0.1611	0.2451	0.2010	0.0441	0.2609	0.1439	0.1170	0.0000	0.0000	0.0000	0.0002	0.0001	0.0000	0.0000	0.0000	0.0000	2.0484	3.0054	0.0003	0.1061	0.1293	0.0008	3.8729	7.0238	0.0001
13	52	0.0894	3	2	0	2	0	0	0	0	0	Y	N	Y	N	N	N	N	N	N	N	N	N	0.0000	0.1724	0.0000	0.0149	0.1504	0.0000	0.0000	0.0000	0.0000	0.0002	0.0002	0.0000	0.0004	0.0004	0.0000	0.0000	0.0000	0.0000	94.2531	0.0012	225.6299	0.0290	0.0029	0.8999	51.1589	0.0000	242.3046	0.0000	50201.7151	-0.0000	0.4870	0.0560	0.0028	10.7426	0.9232	0.0000	0.0000	0.0000	0.0000	0.0000	0.0000	0.0000	0.0000	0.0000	0.8992	0.0000	0.8992	0.0002	0.0000	0.0002	0.8990	0.0000	0.8990	0.0000	0.0000	0.0000	0.0000	0.0000	0.0000	0.0000	0.0000	0.0000	0.0239	0.0147	0.0092	0.0064	0.0062	0.0002	0.0176	0.0086	0.0090	0.0000	0.1724	0.0000	0.0149	0.1504	0.0000	0.0000	0.0000	0.0000	37.5468	0.0012	97.7046	0.0290	0.0029	0.8999	51.1589	0.0000	99.6997
13	53	0.6166	11	1	1	1	0	0	0	0	0	N	N	N	N	N	N	N	N	N	N	N	N	1.0118	0.0002	3593.8944	0.0065	0.0001	233.2412	31.3364	0.0025	13825.4112	2.0412	0.0005	7.9068	0.0215	0.0005	1.2053	3.9216	0.0006	8.1322	2.0174	2.8975	0.0022	3.3211	4.0524	0.0052	0.1251	0.2415	0.0006	5094.9688	0.0003	0.0272	-0.4700	0.0560	8.5400	10.7426	19.3759	0.0486	0.0000	0.0486	0.0002	0.0000	0.0002	0.0484	0.0000	0.0484	1.0262	1.0258	0.0003	1.0002	0.9999	0.0003	0.0260	0.0259	0.0001	0.0238	0.0177	0.0061	0.0115	0.0113	0.0002	0.0123	0.0064	0.0059	0.5086	0.3540	0.1546	0.3012	0.2467	0.0544	0.2075	0.1073	0.1002	1.0118	0.0002	3593.8944	0.0065	0.0001	233.2412	31.3364	0.0025	13825.4112	2.0174	2.8975	0.0022	3.3211	4.0524	0.0052	0.1251	0.2415	0.0006
13	54	0.5535	10	1	0	1	0	0	0	0	0	N	N	N	N	N	N	N	N	N	N	N	N	0.0889	0.0033	153.5935	0.0024	0.0015	2.7289	0.1211	0.0033	523.5395	0.2571	0.0135	2.6057	0.0052	0.0040	0.1024	0.4694	0.0230	2.7646	2.8936	4.1010	0.0170	2.1922	2.6772	0.0375	3.8744	7.0678	0.0053	19.9990	0.0017	0.0016	-0.7421	0.0560	7.3474	10.7426	24.2346	0.0032	0.0002	0.0030	0.0000	0.0000	0.0000	0.0031	0.0001	0.0030	1.6251	1.6223	0.0028	0.7179	0.7156	0.0023	0.9072	0.9067	0.0006	0.0123	0.0111	0.0012	0.0056	0.0055	0.0001	0.0067	0.0056	0.0011	0.5616	0.3956	0.1660	0.3275	0.2673	0.0602	0.2342	0.1283	0.1059	0.0889	0.0033	153.5935	0.0024	0.0015	2.7289	0.1211	0.0033	523.5395	2.8936	4.1010	0.0170	2.1922	2.6772	0.0375	3.8744	7.0678	0.0053
13	55	0.5237	9	1	0	1	0	0	0	0	0	N	N	N	N	N	N	N	N	N	N	N	N	0.0147	0.0060	0.5288	0.0134	0.0123	0.0089	0.0135	0.0026	2.2076	0.0027	0.0015	0.0147	0.0017	0.0017	0.0006	0.0035	0.0012	0.0156	0.1836	0.2428	0.0279	0.1292	0.1417	0.0662	0.2607	0.4531	0.0071	1.0346	0.0436	0.0000	-0.0348	0.0560	3.4216	10.7426	15.9376	0.0000	0.0000	0.0000	0.0000	0.0000	0.0000	0.0000	0.0000	0.0000	0.0836	0.0801	0.0035	0.0345	0.0316	0.0029	0.0491	0.0486	0.0006	0.0060	0.0055	0.0006	0.0028	0.0027	0.0000	0.0033	0.0027	0.0005	0.4555	0.3301	0.1255	0.2670	0.2229	0.0441	0.1885	0.1072	0.0813	0.0147	0.0060	0.5288	0.0134	0.0123	0.0089	0.0135	0.0026	2.2076	0.1836	0.2428	0.0279	0.1292	0.1417	0.0662	0.2607	0.4531	0.0071
13	56	0.2404	5	1	1	1	0	0	0	0	0	N	N	N	N	N	N	N	N	N	N	N	N	0.7306	0.8836	0.0000	0.0474	0.0566	0.0000	4.0638	7.7127	0.0000	0.0810	0.1115	0.0000	0.0066	0.0098	0.0000	0.3141	0.3558	0.0000	0.1109	0.1262	0.0773	0.1393	0.1722	0.0036	0.0773	0.0461	0.1149	0.0000	0.2798	-0.0001	-0.0137	0.0560	0.9891	10.7426	20.6926	0.0002	0.0002	0.0000	0.0000	0.0000	0.0000	0.0001	0.0001	0.0000	0.0572	0.0447	0.0125	0.0389	0.0387	0.0002	0.0183	0.0060	0.0123	0.0019	0.0014	0.0005	0.0015	0.0010	0.0005	0.0005	0.0004	0.0001	0.5161	0.3543	0.1618	0.2797	0.2250	0.0547	0.2364	0.1293	0.1071	0.7306	0.8836	0.0000	0.0474	0.0566	0.0000	4.0638	7.7127	0.0000	0.1109	0.1262	0.0773	0.1393	0.1722	0.0036	0.0773	0.0461	0.1149
13	57	0.1200	4	1	0	1	0	0	0	0	0	N	N	N	N	N	N	N	N	N	N	N	N	1.3597	0.8378	1.0761	0.0093	0.0077	0.0388	2.4938	1.5868	1.5601	6.5940	7.3205	0.0087	0.0378	0.0380	0.0009	11.0737	13.2361	0.0088	4.8495	8.7375	0.0080	4.0678	4.9459	0.0230	4.4405	8.3414	0.0057	0.0001	0.0007	-0.0227	-1.2633	0.0560	5.0326	10.7426	39.3193	0.0515	0.0515	0.0000	0.0001	0.0001	0.0000	0.0514	0.0513	0.0000	2.7603	2.7583	0.0020	0.7624	0.7616	0.0008	1.9979	1.9967	0.0012	0.0078	0.0070	0.0008	0.0032	0.0032	0.0000	0.0046	0.0039	0.0008	0.6374	0.3934	0.2440	0.1874	0.1540	0.0334	0.4499	0.2394	0.2106	1.5225	1.0440	1.0761	0.0093	0.0077	0.0388	2.4938	1.5868	1.5601	4.3309	7.0122	0.0080	4.0678	4.9459	0.0230	4.4405	8.3414	0.0057
13	58	0.1200	4	1	1	1	1	0	0	0	0	N	N	N	N	N	N	N	N	N	N	N	N	0.0274	0.0188	0.0000	0.0074	0.0061	0.0000	0.5640	0.3596	0.0000	0.0361	0.0401	0.0000	0.0317	0.0319	0.0000	0.0390	0.0467	0.0000	1.3184	2.1352	0.0005	4.2970	5.2266	0.0003	0.0692	0.1298	0.0005	0.0000	0.0001	-0.0001	-0.3673	0.0560	5.0036	10.7426	36.7244	0.0003	0.0003	0.0000	0.0001	0.0001	0.0000	0.0002	0.0002	0.0000	0.8015	0.8014	0.0001	0.7718	0.7718	0.0000	0.0296	0.0295	0.0001	0.0078	0.0070	0.0008	0.0032	0.0031	0.0000	0.0046	0.0039	0.0008	0.6079	0.3753	0.2326	0.1796	0.1477	0.0319	0.4283	0.2276	0.2007	0.0274	0.0188	0.0000	0.0074	0.0061	0.0000	0.5640	0.3596	0.0000	1.3184	2.1352	0.0005	4.2970	5.2266	0.0003	0.0692	0.1298	0.0005
13	59	0.5041	9	1	1	1	1	0	0	0	0	N	N	N	N	N	N	N	N	N	N	N	N	0.0000	0.0000	0.0000	0.0000	0.0000	0.0000	0.0001	0.0001	0.0000	0.0000	0.0000	0.0000	0.0000	0.0000	0.0000	0.0000	0.0000	0.0000	1.3407	1.8579	0.0085	2.2149	2.6791	0.0032	0.0490	0.0780	0.0116	0.0000	0.0018	-0.0000	-0.4439	0.0560	10.4254	10.7426	21.2017	0.0000	0.0000	0.0000	0.0000	0.0000	0.0000	0.0000	0.0000	0.0000	0.9723	0.9706	0.0017	0.9579	0.9577	0.0002	0.0143	0.0129	0.0015	0.0321	0.0263	0.0058	0.0193	0.0157	0.0036	0.0128	0.0106	0.0022	0.7252	0.5224	0.2028	0.4325	0.3575	0.0750	0.2927	0.1649	0.1278	0.0000	0.0000	0.0000	0.0000	0.0000	0.0000	0.0001	0.0001	0.0000	1.3407	1.8579	0.0085	2.2149	2.6791	0.0032	0.0490	0.0780	0.0116
13	60	0.0894	3	2	0	2	0	0	0	0	0	Y	N	Y	N	N	N	N	N	N	N	N	N	0.0000	0.0000	0.0000	0.0000	0.0000	0.0000	0.0000	0.0000	0.0000	0.0000	0.0000	0.0000	0.0000	0.0000	0.0000	0.0000	0.0000	0.0000	0.9421	1.5765	0.0002	6.0416	5.5273	0.0004	0.0001	0.0000	0.0002	0.0000	0.0001	-0.0000	-0.0409	0.0560	1.9981	10.7426	3.0867	0.0000	0.0000	0.0000	0.0000	0.0000	0.0000	0.0000	0.0000	0.0000	0.0892	0.0892	0.0000	0.0892	0.0892	0.0000	0.0000	0.0000	0.0000	0.0033	0.0029	0.0003	0.0013	0.0013	0.0000	0.0020	0.0016	0.0003	0.0947	0.0566	0.0381	0.0171	0.0161	0.0009	0.0776	0.0404	0.0372	0.0000	0.0000	0.0000	0.0000	0.0000	0.0000	0.0000	0.0000	0.0000	0.9421	1.5765	0.0002	5.2276	5.5273	0.0004	0.0001	0.0000	0.0002
13	61	0.0460	2	2	0	2	0	0	0	0	0	Y	N	Y	N	N	N	N	N	N	N	N	N	0.0462	0.0891	0.0000	0.0592	0.0583	0.0000	0.0000	0.0000	0.0000	0.0218	0.0243	0.0000	0.0555	0.0558	0.0000	0.0000	0.0000	0.0000	0.4722	0.2728	0.7659	0.9377	0.9561	0.0901	0.3745	0.0003	0.7721	0.0000	1.9070	-0.0001	0.0334	0.0560	4.0039	10.7426	14.0733	0.0001	0.0001	0.0000	0.0001	0.0001	0.0000	0.0000	0.0000	0.0000	0.1688	0.0581	0.1107	0.0581	0.0580	0.0001	0.1106	0.0000	0.1106	0.0065	0.0058	0.0007	0.0025	0.0025	0.0000	0.0039	0.0033	0.0006	0.3574	0.2129	0.1446	0.0620	0.0607	0.0013	0.2954	0.1522	0.1432	0.0462	0.0891	0.0000	0.0592	0.0583	0.0000	0.0000	0.0000	0.0000	0.4722	0.2728	0.7659	0.9377	0.9561	0.0901	0.3745	0.0003	0.7721
13	62	0.0654	3	2	0	2	0	0	0	0	0	Y	N	Y	N	N	N	N	N	N	N	N	N	0.0976	4.8668	0.0000	0.0813	0.6143	0.0000	0.3354	11.4311	0.0000	0.2615	0.3489	0.0000	0.0027	0.0040	0.0000	1.0424	1.0446	0.0000	2.6790	0.0717	6.3801	0.0331	0.0066	1.1548	3.1079	0.0914	6.4212	0.0000	62.6981	-0.0001	0.4388	0.0560	0.0060	10.7426	17.2393	0.0003	0.0003	0.0000	0.0000	0.0000	0.0000	0.0003	0.0003	0.0000	0.8343	0.0131	0.8212	0.0014	0.0003	0.0012	0.8328	0.0128	0.8200	0.0011	0.0008	0.0003	0.0008	0.0006	0.0003	0.0003	0.0003	0.0000	0.3114	0.1827	0.1287	0.0434	0.0424	0.0010	0.2680	0.1403	0.1277	0.0976	4.8668	0.0000	0.0813	0.6143	0.0000	0.3354	11.4311	0.0000	2.6790	0.0717	6.3801	0.0331	0.0066	1.1548	3.1079	0.0914	6.4212
13	63	0.1567	5	1	0	2	0	0	0	0	0	N	N	Y	N	N	N	N	N	N	N	N	N	0.0000	0.0000	0.0000	0.0000	0.0000	0.0000	0.0000	0.0000	0.0000	0.0000	0.0000	0.0000	0.0000	0.0000	0.0000	0.0000	0.0000	0.0000	5.3969	3.4094	9.8887	0.1815	0.1753	0.2100	9.5858	8.5889	15.4726	0.9750	0.0000	0.0728	0.0560	1.0230	10.7426	12.1924	0.0000	0.0000	0.0000	0.0000	0.0000	0.0000	0.0000	0.0000	0.0000	2.0614	1.0438	1.0177	0.0416	0.0330	0.0085	2.0199	1.0107	1.0092	0.0019	0.0017	0.0002	0.0008	0.0008	0.0000	0.0011	0.0009	0.0002	0.4398	0.3061	0.1337	0.2291	0.1885	0.0407	0.2107	0.1177	0.0930	0.0000	0.0000	0.0000	0.0000	0.0000	0.0000	0.0000	0.0000	0.0000	4.6869	3.4094	7.6122	0.1815	0.1753	0.2100	9.5858	8.5889	10.8467	
13	64	0.1200	4	1	0	1	0	0	0	0	0	N	N	N	N	N	N	N	N	N	N	N	N	0.0000	0.0000	0.0000	0.0000	0.0000	0.0000	0.0000	0.0000	0.0000	0.0000	0.0000	0.0000	0.0000	0.0000	0.0000	0.0000	0.0000	0.0000	0.2335	0.3008	0.1217	0.4066	0.4827	0.0276	0.1484	0.1581	0.1379	0.2436	0.0000	-0.0165	0.0560	2.4556	10.7426	12.4191	0.0000	0.0000	0.0000	0.0000	0.0000	0.0000	0.0000	0.0000	0.0000	0.0628	0.0505	0.0123	0.0360	0.0356	0.0004	0.0267	0.0149	0.0119	0.0039	0.0035	0.0004	0.0016	0.0016	0.0000	0.0023	0.0019	0.0004	0.2687	0.1677	0.1010	0.0886	0.0738	0.0148	0.1801	0.0940	0.0862	0.0000	0.0000	0.0000	0.0000	0.0000	0.0000	0.0000	0.0000	0.0000	0.2335	0.3008	0.1217	0.4066	0.4827	0.0276	0.1484	0.1581	0.1379	
13	65	0.2423	6	1	1	1	0	0	0	0	0	N	N	N	N	N	N	N	N	N	N	N	N	5.8164	5.6325	0.0000	0.0621	0.0778	0.0000	434.2984	346.6521	0.0000	0.0550	0.0757	0.0000	0.0012	0.0018	0.0000	0.2328	0.2674	0.0000	0.0095	0.0134	0.0004	0.0201	0.0235	0.0008	0.0005	0.0008	0.0002	0.0000	0.0115	-0.0001	-0.0011	0.0560	1.7555	10.7426	11.9300	0.0002	0.0002	0.0000	0.0000	0.0000	0.0000	0.0002	0.0002	0.0000	0.0024	0.0023	0.0000	0.0023	0.0023	0.0000	0.0001	0.0001	0.0000	0.0031	0.0023	0.0008	0.0024	0.0016	0.0008	0.0007	0.0006	0.0001	0.2508	0.1745	0.0763	0.1143	0.0972	0.0171	0.1365	0.0773	0.0592	5.8164	5.6325	0.0000	0.0621	0.0778	0.0000	434.2984	346.6521	0.0000	0.0095	0.0134	0.0004	0.0201	0.0235	0.0008	0.0005	0.0008	0.0002
13	66	0.1176	6	2	1	2	0	0	0	0	0	Y	N	Y	N	N	N	N	N	N	N	N	N	0.0000	0.0000	0.0000	0.0000	0.0000	0.0000	0.0000	0.0000	0.0000	0.0000	0.0000	0.0000	0.0000	0.0000	0.0000	0.0000	0.0000	0.0000	0.0000	0.0000	0.0560	0.0000	10.7426	0.0000	0.0000	0.0000	0.0000	0.0000	0.0000	0.0000	0.0000	0.0000	0.0000	0.0000	0.0000	0.0000	0.0000	0.0000	0.0000	0.0000	0.0000	0.0000	0.0000	0.0000	0.0000	0.0000	0.0000	0.0000	0.0000	0.0000	0.0000	0.0000	0.0000	0.0000	0.0000	0.0000	0.0000	0.0000	0.0000	0.0000	0.0000	0.0000	0.0000	0.0000	0.0000	0.0000	0.0000	0.0000	0.0000	0.0000	0.0000	0.0000	0.0000	0.0000	0.0000	0.0000	0.0000	0.0000											
13	67	0.7259	11	2	1	2	0	0	0	0	0	Y	N	Y	N	N	N	N	N	N	N	N	N	4503.6198	3685.1548	2213.0509	1533.7120	0.7610	0.8690	0.0000	0.0000	0.0000	0.0000	1.1261	1.3373	0.0000	0.0002	0.0002	0.0000	0.0000	0.0000	0.0000	0.0005	0.0009	0.0000	0.0000	0.0000	-0.0001	-0.0000	0.0560	1.0000	10.7426	3.0000	0.0003	0.0003	0.0000	0.0000	0.0000	0.0000	0.0003	0.0003	0.0000	0.0000	0.0000	0.0000	0.0000	0.0000	0.0000	0.0000	0.0000	0.0000	0.0004	0.0003	0.0000	0.0001	0.0001	0.0000	0.0002	0.0002	0.0000	0.0592	0.0424	0.0168	0.0395	0.0309	0.0086	0.0197	0.0115	0.0082	4503.6198	3685.1548	0.0000	0.0000	0.0000	0.0000	2213.0509	1533.7120	0.0000	0.0002	0.0002	0.0000	0.0000	0.0000	0.0000	0.0005	0.0009	0.0000					
13	68	0.1176	6	2	1	2	0	0	0	0	0	Y	N	Y	N	N	N	N	N	N	N	N	N	0.0000	0.0000	0.0000	0.0000	0.0000	0.0000	0.0000	0.0000	0.0000	0.0000	0.0000	0.0000	0.0000	0.0000	0.0000	0.0000	0.0000	0.0000	0.0000	0.0000	0.0560	1.0000	10.7426	0.0000	0.0000	0.0000	0.0000	0.0000	0.0000	0.0000	0.0000	0.0000	0.0000	0.0000	0.0000	0.0000	0.0000	0.0000	0.0000	0.0000	0.0000	0.0000	0.0016	0.0015	0.0002	0.0007	0.0007	0.0000	0.0010	0.0008	0.0002	0.0171	0.0104	0.0067	0.0042	0.0037	0.0005	0.0129	0.0068	0.0062	0.0000	0.0000	0.0000	0.0000	0.0000	0.0000	0.0000	0.0000	0.0000	0.0000	0.0000	0.0000	0.0000	0.0000	0.0000	0.0000	0.0000	0.0000											
13	69	0.1012	5	2	1	2	0	0	0	0	0	Y	N	Y	N	N	N	N	N	N	N	N	N	420.9728	406.3197	0.0000	206.0424	188.1589	0.0000	12.1897	inf	0.0000	0.1811	0.2821	0.0000	0.3801	0.3876	0.0000	0.0000	0.0001	0.0000	0.0004	0.0007	0.0000	0.0018	0.0021	0.0002	0.0000	0.0000	0.0000	0.0000	0.0161	-0.0004	-0.0000	0.0560	1.0155	10.7426	5.9708	0.0009	0.0009	0.0000	0.0009	0.0009	0.0000	0.0000	0.0000	0.0000	0.0001	0.0001	0.0000	0.0001	0.0001	0.0000	0.0000	0.0000	0.0000	0.0050	0.0032	0.0018	0.0024	0.0024	0.0000	0.0026	0.0009	0.0018	0.1206	0.0736	0.0471	0.0280	0.0248	0.0033	0.0926	0.0488	0.0438	420.9728	406.3197	0.0000	206.0424	188.1589	0.0000	12.1897	inf	0.0000	0.0004	0.0007	0.0000	0.0018	0.0021	0.0002	0.0000	0.0000	0.0000
13	70	0.0964	4	2	0	2	0	0	0	0	0	Y	N	Y	N	N	N	N	N	N	N	N	N	292.9482	259.4221	348.7839	136.9462	136.4445	45.1988	697.7852	39053.7578	355.0816	0.5529	0.5118	0.5985	0.5002	0.5127	0.0632	0.6082	0.4969	0.6151	0.0019	0.0020	0.0017	0.0037	0.0038	0.0014	0.0009	0.0000	0.0017	1.0524	0.4348	0.0001	-0.0000	0.0560	0.0406	10.7426	2.3361	0.0017	0.0008	0.0009	0.0008	0.0008	0.0000	0.0009	0.0000	0.0009	0.0002	0.0001	0.0000	0.0001	0.0001	0.0000	0.0000	0.0000	0.0000	0.0030	0.0016	0.0014	0.0015	0.0015	0.0000	0.0015	0.0001	0.0014	0.0816	0.0544	0.0272	0.0298	0.0285	0.0013	0.0518	0.0259	0.0259	292.9482	259.4221	348.7839	136.9462	136.4445	45.1988	697.7852	39053.7578	355.0816	0.0019	0.0020	0.0017	0.0037	0.0038	0.0014	0.0009	0.0000	0.0017
13	71	0.7259	11	2	1	2	0	0	0	0	0	Y	N	Y	N	N	N	N	N	N	N	N	N	0.0000	0.0000	0.0000	0.0000	0.0000	0.0000	0.0000	0.0000	0.0000	0.0000	0.0000	0.0000	0.0000	0.0000	0.0000	0.0000	0.0000	0.0000	0.0000	0.0000	0.0560	0.0000	10.7426	0.0000	0.0000	0.0000	0.0000	0.0000	0.0000	0.0000	0.0000	0.0000	0.0000	0.0000	0.0000	0.0000	0.0000	0.0000	0.0000	0.0000	0.0000	0.0000	0.0000	0.0000	0.0000	0.0000	0.0000	0.0000	0.0000	0.0000	0.0000	0.0000	0.0000	0.0000	0.0000	0.0000	0.0000	0.0000	0.0000	0.0000	0.0000	0.0000	0.0000	0.0000	0.0000	0.0000	0.0000	0.0000	0.0000	0.0000	0.0000	0.0000	0.0000	0.0000	0.0000	0.0000	0.0000	0.0000											
13	72	0.7078	10	2	1	2	0	0	0	0	0	Y	N	Y	N	N	N	N	N	N	N	N	N	0.0262	0.0000	6.5585	0.0000	0.0000	0.0000	0.0103	0.0000	925.0281	0.0003	0.0000	0.0022	0.0000	0.0000	0.0000	0.0004	0.0000	0.0025	0.0102	0.0141	0.0003	0.0002	0.0000	0.0005	0.0396	0.0679	0.0000	inf	0.0092	0.0000	-0.0005	0.0560	3.9057	10.7426	1.1104	0.0000	0.0000	0.0000	0.0000	0.0000	0.0000	0.0000	0.0000	0.0000	0.0010	0.0010	0.0000	0.0000	0.0000	0.0000	0.0010	0.0010	0.0000	0.0016	0.0014	0.0002	0.0005	0.0005	0.0000	0.0011	0.0009	0.0002	0.1017	0.0731	0.0286	0.0758	0.0580	0.0178	0.0260	0.0151	0.0108	0.0262	0.0000	6.5585	0.0000	0.0000	0.0000	0.0103	0.0000	925.0281	0.0102	0.0141	0.0003	0.0002	0.0000	0.0005	0.0396	0.0679	0.0000
13	73	0.5051	8	2	1	1	0	0	0	0	0	Y	N	N	N	N	N	N	N	N	N	N	N	0.0003	0.0001	0.0239	0.0005	0.0005	0.0000	0.0002	0.0000	0.0586	0.0000	0.0000	0.0000	0.0000	0.0000	0.0000	0.0000	0.0000	0.0000	0.0120	0.0165	0.0011	0.0044	0.0049	0.0021	0.0228	0.0415	0.0005	2.2500	0.0264	0.0000	-0.0021	0.0560	6.9070	10.7426	16.5673	0.0000	0.0000	0.0000	0.0000	0.0000	0.0000	0.0000	0.0000	0.0000	0.0048	0.0047	0.0001	0.0010	0.0010	0.0001	0.0038	0.0037	0.0000	0.0127	0.0114	0.0012	0.0062	0.0060	0.0002	0.0064	0.0054	0.0010	0.4022	0.2856	0.1166	0.2369	0.1955	0.0414	0.1653	0.0901	0.0752	0.0003	0.0001	0.0239	0.0005	0.0005	0.0000	0.0002	0.0000	0.0586	0.0120	0.0165	0.0011	0.0044	0.0049	0.0021	0.0228	0.0415	0.0005
13	74	0.5689	10	1	1	1	1	0	0	0	0	N	N	N	N	N	N	N	N	N	N	N	N	0.0110	0.0086	0.0000	5.1245	4.3578	0.0000	0.0047	0.0030	0.0000	0.0266	0.0295	0.0000	0.0209	0.0212	0.0000	0.0315	0.0377	0.0000	2.4148	3.4300	0.0007	0.0041	0.0049	0.0010	6.7180	12.5981	0.0005	0.0000	0.0001	-0.0001	-0.4280	0.0560	6.4226	10.7426	19.3377	0.0003	0.0003	0.0000	0.0001	0.0001	0.0000	0.0002	0.0002	0.0000	0.9339	0.9338	0.0001	0.0010	0.0010	0.0000	0.9329	0.9328	0.0000	0.0103	0.0093	0.0010	0.0047	0.0046	0.0001	0.0056	0.0047	0.0009	0.3867	0.2722	0.1145	0.2479	0.1982	0.0497	0.1389	0.0740	0.0648	0.0110	0.0086	0.0000	5.1245	4.3578	0.0000	0.0047	0.0030	0.0000	2.4148	3.4300	0.0007	0.0041	0.0049	0.0010	6.7180	12.5981	0.0005
13	75	0.5237	9	1	0	1	1	0	0	0	0	N	N	N	N	N	N	N	N	N	N	N	N	0.0051	0.0040	0.0000	0.0065	0.0054	0.0000	0.0039	0.0026	0.0000	0.0011	0.0013	0.0000	0.0015	0.0015	0.0000	0.0009	0.0011	0.0000	0.2261	0.3125	0.0026	0.2251	0.2708	0.0018	0.2274	0.3994	0.0030	0.0000	0.0032	-0.0000	-0.0506	0.0560	5.1932	10.7426	17.4397	0.0000	0.0000	0.0000	0.0000	0.0000	0.0000	0.0000	0.0000	0.0000	0.1111	0.1107	0.0004	0.0649	0.0648	0.0001	0.0462	0.0459	0.0003	0.0087	0.0079	0.0008	0.0040	0.0040	0.0000	0.0047	0.0040	0.0008	0.4914	0.3544	0.1370	0.2885	0.2394	0.0490	0.2029	0.1149	0.0880	0.0051	0.0040	0.0000	0.0065	0.0054	0.0000	0.0039	0.0026	0.0000	0.2261	0.3125	0.0026	0.2251	0.2708	0.0018	0.2274	0.3994	0.0030
13	76	0.4867	8	1	0	1	0	0	0	0	0	N	N	N	N	N	N	N	N	N	N	N	N	0.0124	0.0102	0.0126	2.0893	2.2868	0.0006	0.0002	0.0001	0.0123	0.0210	0.0234	0.0006	0.0427	0.0448	0.0000	0.0008	0.0009	0.0007	1.6883	2.2968	0.0461	0.0204	0.0196	0.0246	4.1770	7.1734	0.0589	0.0030	0.0074	-0.0001	-0.4250	0.0560	4.4918	10.7426	17.5337	0.0002	0.0002	0.0000	0.0002	0.0002	0.0000	0.0000	0.0000	0.0000	0.9423	0.9353	0.0070	0.0068	0.0054	0.0014	0.9354	0.9299	0.0056	0.0082	0.0074	0.0009	0.0040	0.0038	0.0002	0.0043	0.0036	0.0007	0.5581	0.4072	0.1509	0.3342	0.2776	0.0566	0.2239	0.1296	0.0943	0.0124	0.0102	0.0126	2.0893	2.2868	0.0006	0.0002	0.0001	0.0123	1.6883	2.2968	0.0461	0.0204	0.0196	0.0246	4.1770	7.1734	0.0589
13	77	0.2158	7	1	0	1	1	0	0	0	0	N	N	N	N	N	N	N	N	N	N	N	N	0.0000	0.0000	0.0000	0.0000	0.0000	0.0000	0.0000	0.0000	0.0000	0.0000	0.0000	0.0000	0.0000	0.0000	0.0000	0.0000	0.0000	0.0000	5.2510	3.6060	7.1531	0.4325	0.5279	0.0074	8.4480	7.7831	11.2000	0.8420	0.0000	-0.0018	0.0560	0.3745	10.7426	14.7996	0.0000	0.0000	0.0000	0.0000	0.0000	0.0000	0.0000	0.0000	0.0000	1.4026	0.7615	0.6411	0.0644	0.0642	0.0002	1.3382	0.6973	0.6409	0.0007	0.0006	0.0001	0.0003	0.0003	0.0000	0.0004	0.0003	0.0001	0.3073	0.2112	0.0961	0.1488	0.1216	0.0273	0.1584	0.0896	0.0688	0.0000	0.0000	0.0000	0.0000	0.0000	0.0000	0.0000	0.0000	0.0000	4.5650	3.6060	6.6726	0.4325	0.5279	0.0074	8.4480	7.7831	9.3136	
13	78	0.1936	6	1	0	1	1	0	0	0	0	N	N	N	N	N	N	N	N	N	N	N	N	0.0000	0.0000	0.0000	0.0000	0.0000	0.0000	0.0000	0.0000	0.0000	0.0000	0.0000	0.0000	0.0000	0.0000	0.0000	0.0000	0.0000	0.0000	2.2335	2.0277	2.6845	2.2581	2.7518	0.0413	2.2111	1.0731	3.6996	0.6043	0.0000	-0.0502	0.0560	1.4595	10.7426	10.3922	0.0000	0.0000	0.0000	0.0000	0.0000	0.0000	0.0000	0.0000	0.0000	0.6150	0.3834	0.2317	0.2968	0.2958	0.0010	0.3182	0.0875	0.2307	0.0024	0.0022	0.0002	0.0010	0.0010	0.0000	0.0014	0.0012	0.0002	0.2754	0.1891	0.0863	0.1315	0.1075	0.0239	0.1439	0.0816	0.0623	0.0000	0.0000	0.0000	0.0000	0.0000	0.0000	0.0000	0.0000	0.0000	2.2335	2.0277	2.6845	2.2581	2.7518	0.0413	2.2111	1.0731	3.6996	
13	79	0.1794	5	1	0	1	1	0	0	0	0	N	N	N	N	N	N	N	N	N	N	N	N	0.0000	0.0000	0.0000	0.0000	0.0000	0.0000	0.0000	0.0000	0.0000	0.0000	0.0000	0.0000	0.0000	0.0000	0.0000	0.0000	0.0000	0.0000	2.2616	1.0209	5.1020	0.8126	0.9962	0.0362	3.7963	1.0576	7.5245	2.1829	0.0000	0.1166	0.0560	1.3861	10.7426	6.3168	0.0000	0.0000	0.0000	0.0000	0.0000	0.0000	0.0000	0.0000	0.0000	0.5127	0.1611	0.3516	0.0948	0.0940	0.0008	0.4179	0.0671	0.3508	0.0023	0.0020	0.0002	0.0010	0.0009	0.0000	0.0013	0.0011	0.0002	0.2267	0.1578	0.0689	0.1166	0.0943	0.0223	0.1101	0.0635	0.0466	0.0000	0.0000	0.0000	0.0000	0.0000	0.0000	0.0000	0.0000	0.0000	2.2616	1.0209	5.1020	0.8126	0.9962	0.0362	3.7963	1.0576	7.5245	
13	80	0.1200	4	1	0	1	1	0	0	0	0	N	N	N	N	N	N	N	N	N	N	N	N	0.0000	0.0000	0.0000	0.0000	0.0000	0.0000	0.0000	0.0000	0.0000	0.0000	0.0000	0.0000	0.0000	0.0000	0.0000	0.0000	0.0000	0.0000	2.1696	3.3009	0.3230	9.0509	10.9712	0.1021	0.3797	0.3981	0.3593	0.0599	0.0000	-0.3404	0.0560	4.0043	10.7426	19.8631	0.0000	0.0000	0.0000	0.0000	0.0000	0.0000	0.0000	0.0000	0.0000	0.8472	0.7993	0.0479	0.7450	0.7429	0.0021	0.1021	0.0564	0.0458	0.0063	0.0056	0.0006	0.0025	0.0025	0.0000	0.0037	0.0031	0.0006	0.3905	0.2421	0.1484	0.1215	0.1005	0.0210	0.2690	0.1416	0.1274	0.0000	0.0000	0.0000	0.0000	0.0000	0.0000	0.0000	0.0000	0.0000	2.1696	3.3009	0.3230	6.1326	7.3911	0.1021	0.3797	0.3981	0.3593	
13	81	0.6605	10	1	1	2	0	0	0	0	0	N	N	Y	N	N	N	N	N	N	N	N	N	0.1612	0.1377	0.0000	0.2088	0.1877	0.0000	192.8954	190.4390	0.0000	0.0005	0.0005	0.0000	0.0009	0.0010	0.0000	0.0001	0.0001	0.0000	0.0030	0.0039	0.0006	0.0045	0.0053	0.0013	0.0000	0.0000	0.0000	0.0000	0.0606	-0.0000	-0.0001	0.0560	2.0162	10.7426	4.5500	0.0000	0.0000	0.0000	0.0000	0.0000	0.0000	0.0000	0.0000	0.0000	0.0003	0.0003	0.0000	0.0003	0.0003	0.0000	0.0000	0.0000	0.0000	0.0011	0.0009	0.0001	0.0005	0.0005	0.0000	0.0006	0.0005	0.0001	0.1113	0.0793	0.0320	0.0735	0.0589	0.0146	0.0379	0.0205	0.0174	0.1612	0.1377	0.0000	0.2088	0.1877	0.0000	192.8954	190.4390	0.0000	0.0030	0.0039	0.0006	0.0045	0.0053	0.0013	0.0000	0.0000	0.0000
13	82	0.0801	4	1	1	2	0	0	0	0	0	N	N	Y	N	N	N	N	N	N	N	N	N	0.8987	0.8643	0.0000	0.7016	0.6965	0.0000	0.0098	21.5930	0.0000	0.0133	0.0149	0.0000	0.0320	0.0331	0.0000	0.0001	0.0001	0.0000	0.0148	0.0172	0.0108	0.0455	0.0475	0.0045	0.0054	0.0000	0.0110	0.0000	0.3920	-0.0000	-0.0004	0.0560	3.0011	10.7426	3.7015	0.0001	0.0001	0.0000	0.0001	0.0001	0.0000	0.0000	0.0000	0.0000	0.0022	0.0016	0.0006	0.0016	0.0016	0.0000	0.0006	0.0000	0.0006	0.0051	0.0046	0.0006	0.0021	0.0021	0.0001	0.0030	0.0025	0.0005	0.1468	0.0904	0.0564	0.0343	0.0328	0.0016	0.1125	0.0577	0.0548	0.8987	0.8643	0.0000	0.7016	0.6965	0.0000	0.0098	21.5930	0.0000	0.0148	0.0172	0.0108	0.0455	0.0475	0.0045	0.0054	0.0000	0.0110
13	83	0.0686	3	1	1	1	0	0	0	0	0	N	N	N	N	N	N	N	N	N	N	N	N	0.2726	0.2189	0.1258	0.0023	0.0023	0.0000	2.3267	143.8948	0.1308	0.0213	0.0233	0.0037	0.0005	0.0005	0.0000	0.0349	0.0410	0.0038	0.0780	0.1063	0.0294	0.2280	0.2306	0.0691	0.0150	0.0003	0.0288	0.0180	0.1604	-0.0000	-0.0048	0.0560	2.0032	10.7426	4.2039	0.0001	0.0001	0.0000	0.0000	0.0000	0.0000	0.0001	0.0001	0.0000	0.0151	0.0130	0.0021	0.0131	0.0130	0.0001	0.0020	0.0000	0.0020	0.0033	0.0030	0.0003	0.0013	0.0013	0.0000	0.0020	0.0017	0.0003	0.1939	0.1227	0.0712	0.0574	0.0565	0.0010	0.1365	0.0662	0.0703	0.2726	0.2189	0.1258	0.0023	0.0023	0.0000	2.3267	143.8948	0.1308	0.0780	0.1063	0.0294	0.2280	0.2306	0.0691	0.0150	0.0003	0.0288
13	84	0.0654	3	2	0	2	0	0	0	0	0	Y	N	Y	N	N	N	N	N	N	N	N	N	2.8941	2.4923	0.0000	0.0059	0.0088	0.0000	143.9770	343016.1652	0.0000	0.1178	0.1618	0.0000	0.0013	0.0019	0.0000	0.4262	0.4732	0.0000	0.0407	0.0649	0.0061	0.2125	0.2158	0.0302	0.0030	0.0000	0.0059	0.0000	0.0661	-0.0001	-0.0021	0.0560	1.0052	10.7426	4.9545	0.0003	0.0003	0.0000	0.0000	0.0000	0.0000	0.0003	0.0003	0.0000	0.0052	0.0049	0.0003	0.0049	0.0049	0.0000	0.0003	0.0000	0.0003	0.0024	0.0018	0.0007	0.0018	0.0012	0.0006	0.0007	0.0006	0.0001	0.1271	0.0747	0.0524	0.0229	0.0225	0.0004	0.1042	0.0523	0.0520	2.8941	2.4923	0.0000	0.0059	0.0088	0.0000	143.9770	343016.1652	0.0000	0.0407	0.0649	0.0061	0.2125	0.2158	0.0302	0.0030	0.0000	0.0059
13	85	0.0460	2	2	0	2	0	0	0	0	0	Y	N	Y	N	N	N	N	N	N	N	N	N	225.3881	16055.1038	0.0264	24.8405	38.3783	0.0065	291.9229	99921.2177	0.0268	31.0762	34.6453	0.0091	0.1854	0.1863	0.0012	51.2023	61.4791	0.0093	0.1379	0.0022	0.3457	0.0075	0.0049	0.1847	0.1754	0.0006	0.3470	0.0000	104.6221	-0.0226	0.0153	0.0560	0.9968	10.7426	7.6169	0.0513	0.0513	0.0000	0.0001	0.0001	0.0000	0.0512	0.0512	0.0000	0.0288	0.0003	0.0286	0.0003	0.0002	0.0001	0.0285	0.0000	0.0284	0.0017	0.0015	0.0002	0.0007	0.0006	0.0000	0.0010	0.0008	0.0002	0.2092	0.1265	0.0826	0.0467	0.0461	0.0007	0.1624	0.0805	0.0820	225.3881	16055.1038	0.0264	24.8405	38.3783	0.0065	291.9229	99921.2177	0.0268	0.1379	0.0022	0.3457	0.0075	0.0049	0.1847	0.1754	0.0006	0.3470
13	86	0.2139	5	2	1	1	0	0	0	0	0	Y	N	N	N	N	N	N	N	N	N	N	N	0.0005	0.0004	0.0000	0.0005	0.0004	0.0000	0.0000	0.0000	0.0000	0.0000	0.0000	0.0000	0.0001	0.0001	0.0000	0.0000	0.0000	0.0000	0.0788	0.1136	0.0004	0.1813	0.2159	0.0014	0.0012	0.0021	0.0000	0.0000	0.0014	-0.0000	-0.0117	0.0560	5.8060	10.7426	6.1034	0.0000	0.0000	0.0000	0.0000	0.0000	0.0000	0.0000	0.0000	0.0000	0.0257	0.0256	0.0000	0.0255	0.0254	0.0000	0.0002	0.0002	0.0000	0.0099	0.0089	0.0011	0.0042	0.0041	0.0001	0.0057	0.0047	0.0010	0.3257	0.2258	0.0999	0.1404	0.1177	0.0227	0.1853	0.1081	0.0773	0.0005	0.0004	0.0000	0.0005	0.0004	0.0000	0.0000	0.0000	0.0000	0.0788	0.1136	0.0004	0.1813	0.2159	0.0014	0.0012	0.0021	0.0000
13	87	0.1200	4	2	1	1	0	0	0	0	0	Y	N	N	N	N	N	N	N	N	N	N	N	0.0013	0.0008	0.6349	0.0000	0.0000	0.0195	0.8594	0.6210	1.0396	0.0041	0.0042	0.0034	0.0000	0.0000	0.0004	0.0069	0.0076	0.0035	3.1851	5.5591	0.0054	25.5291	29.5102	0.0181	0.0081	0.0122	0.0034	0.0895	0.0007	-0.0000	-0.7546	0.0560	12.2869	10.7426	21.7146	0.0001	0.0001	0.0000	0.0000	0.0000	0.0000	0.0001	0.0001	0.0000	1.6487	1.6476	0.0011	1.6458	1.6453	0.0005	0.0029	0.0023	0.0006	0.0182	0.0164	0.0018	0.0074	0.0073	0.0000	0.0108	0.0091	0.0018	0.5176	0.3200	0.1977	0.1556	0.1282	0.0274	0.3620	0.1918	0.1703	0.0013	0.0008	0.6349	0.0000	0.0000	0.0195	0.8594	0.6210	1.0396	3.1851	5.1495	0.0054	10.5773	12.8341	0.0181	0.0081	0.0122	0.0034
13	88	0.0686	3	1	1	1	0	0	0	0	0	N	N	N	N	N	N	N	N	N	N	N	N	0.1441	6.8461	0.0000	5.7602	5.7750	0.0000	0.0000	5.0646	0.0000	0.4651	0.5177	0.0000	1.1774	1.1833	0.0000	0.0000	0.0000	0.0000	3.2276	0.0756	12.3052	0.2044	0.2049	0.1847	4.1455	0.0000	9.0965	0.0000	68.3644	-0.0013	0.5141	0.0560	4.0005	10.7426	9.0093	0.0030	0.0030	0.0000	0.0030	0.0030	0.0000	0.0000	0.0000	0.0000	0.9751	0.0141	0.9611	0.0144	0.0141	0.0003	0.9607	0.0000	0.9607	0.0065	0.0058	0.0007	0.0026	0.0025	0.0000	0.0039	0.0033	0.0006	0.3021	0.1859	0.1162	0.0704	0.0686	0.0017	0.2318	0.1173	0.1145	0.1441	6.8461	0.0000	5.7602	5.7750	0.0000	0.0000	5.0646	0.0000	3.2276	0.0756	8.2697	0.2044	0.2049	0.1847	4.1455	0.0000	8.3932
13	89	0.0460	2	1	1	1	0	0	0	0	0	N	N	N	N	N	N	N	N	N	N	N	N	0.0250	0.0441	0.0000	0.0296	0.0295	0.0000	0.0083	0.6585	0.0000	0.0020	0.0022	0.0000	0.0042	0.0042	0.0000	0.0005	0.0006	0.0000	0.0783	0.0494	0.1221	0.1411	0.1425	0.0546	0.0617	0.0009	0.1227	0.0000	1.6316	-0.0000	0.0030	0.0560	1.0051	10.7426	9.2650	0.0000	0.0000	0.0000	0.0000	0.0000	0.0000	0.0000	0.0000	0.0000	0.0185	0.0070	0.0115	0.0070	0.0069	0.0000	0.0115	0.0001	0.0114	0.0017	0.0015	0.0002	0.0007	0.0007	0.0000	0.0010	0.0008	0.0002	0.2360	0.1421	0.0939	0.0495	0.0487	0.0008	0.1865	0.0934	0.0931	0.0250	0.0441	0.0000	0.0296	0.0295	0.0000	0.0083	0.6585	0.0000	0.0783	0.0494	0.1221	0.1411	0.1425	0.0546	0.0617	0.0009	0.1227
13	90	0.2423	6	1	0	2	0	0	0	0	0	N	N	Y	N	N	N	N	N	N	N	N	N	3.5773	3.5381	0.0000	0.0387	0.0494	0.0000	268.0543	214.9786	0.0000	0.0439	0.0606	0.0000	0.0010	0.0015	0.0000	0.1851	0.2143	0.0000	0.0123	0.0171	0.0005	0.0258	0.0296	0.0014	0.0007	0.0010	0.0003	0.0000	0.0126	-0.0001	-0.0011	0.0560	2.3559	10.7426	7.1930	0.0002	0.0002	0.0000	0.0000	0.0000	0.0000	0.0002	0.0002	0.0000	0.0024	0.0023	0.0000	0.0023	0.0023	0.0000	0.0001	0.0001	0.0000	0.0039	0.0028	0.0011	0.0030	0.0020	0.0009	0.0009	0.0008	0.0001	0.1937	0.1370	0.0567	0.0894	0.0772	0.0123	0.1043	0.0598	0.0444	3.5773	3.5381	0.0000	0.0387	0.0494	0.0000	268.0543	214.9786	0.0000	0.0123	0.0171	0.0005	0.0258	0.0296	0.0014	0.0007	0.0010	0.0003
13	91	0.2095	5	1	0	1	0	0	0	0	0	N	N	N	N	N	N	N	N	N	N	N	N	0.9560	0.8871	0.0145	0.0067	0.0081	0.0018	6.3649	3.9048	0.1535	1.1371	1.4573	0.0003	0.0116	0.0162	0.0001	3.6555	3.9473	0.0020	1.1895	1.6427	0.0175	1.7325	2.0071	0.0304	0.5743	1.0109	0.0129	0.0000	0.0041	-0.0185	-0.2814	0.0560	4.9284	10.7426	11.0439	0.0419	0.0419	0.0000	0.0003	0.0003	0.0000	0.0416	0.0416	0.0000	0.6195	0.6170	0.0025	0.4793	0.4781	0.0012	0.1403	0.1389	0.0014	0.0369	0.0288	0.0081	0.0255	0.0182	0.0073	0.0114	0.0105	0.0008	0.5208	0.3756	0.1453	0.2766	0.2382	0.0384	0.2442	0.1374	0.1068	0.9560	0.8871	0.0145	0.0067	0.0081	0.0018	6.3649	3.9048	0.1535	1.1895	1.6427	0.0175	1.7325	2.0071	0.0304	0.5743	1.0109	0.0129
13	92	0.1200	4	1	0	1	0	0	0	0	0	N	N	N	N	N	N	N	N	N	N	N	N	0.8747	1.1265	0.0337	0.0300	0.0259	0.1069	1.0810	1.3410	0.0298	1.5933	1.7610	0.0755	0.0091	0.0091	0.0078	2.6767	3.1857	0.0771	1.8216	1.5632	2.2400	0.3038	0.3531	0.0729	2.4761	2.3756	2.5892	0.0047	0.8848	-0.0043	0.0102	0.0560	3.9161	10.7426	29.2065	0.0097	0.0097	0.0000	0.0000	0.0000	0.0000	0.0097	0.0097	0.0000	0.9235	0.4900	0.4335	0.0464	0.0444	0.0020	0.8771	0.4455	0.4316	0.0061	0.0055	0.0006	0.0025	0.0025	0.0000	0.0036	0.0030	0.0006	0.5070	0.3134	0.1936	0.1528	0.1259	0.0269	0.3542	0.1876	0.1667	0.8747	1.1265	0.0337	0.0300	0.0259	0.1069	1.0810	1.3410	0.0298	1.8216	1.5632	2.2400	0.3038	0.3531	0.0729	2.4761	2.3756	2.5892
13	93	0.6605	10	2	1	1	0	0	0	0	0	Y	N	N	N	N	N	N	N	N	N	N	N	0.0059	0.0266	0.0000	0.0474	0.0416	0.0000	0.0003	0.0078	0.0000	0.0006	0.0007	0.0000	0.0012	0.0013	0.0000	0.0001	0.0001	0.0000	0.1010	0.0253	0.2886	0.0257	0.0309	0.0057	0.2491	0.0096	0.5475	0.0000	4.5994	-0.0000	0.0056	0.0560	2.5103	10.7426	7.4742	0.0000	0.0000	0.0000	0.0000	0.0000	0.0000	0.0000	0.0000	0.0000	0.0154	0.0028	0.0127	0.0026	0.0025	0.0001	0.0128	0.0003	0.0126	0.0013	0.0011	0.0001	0.0006	0.0006	0.0000	0.0007	0.0006	0.0001	0.1527	0.1088	0.0439	0.1012	0.0802	0.0210	0.0515	0.0286	0.0229	0.0059	0.0266	0.0000	0.0474	0.0416	0.0000	0.0003	0.0078	0.0000	0.1010	0.0253	0.2886	0.0257	0.0309	0.0057	0.2491	0.0096	0.5475
13	94	0.6243	9	1	1	1	0	0	0	0	0	N	N	N	N	N	N	N	N	N	N	N	N	2.1707	1.9027	0.0111	5.2493	4.3907	0.1109	0.2161	0.1787	0.0048	0.0741	0.0837	0.0001	0.1618	0.1703	0.0002	0.0089	0.0107	0.0001	0.0341	0.0440	0.0091	0.0308	0.0388	0.0017	0.0413	0.0596	0.0170	0.0002	0.0810	-0.0001	-0.0024	0.0560	7.1305	10.7426	3.2426	0.0003	0.0003	0.0000	0.0003	0.0003	0.0000	0.0000	0.0000	0.0000	0.0063	0.0058	0.0005	0.0039	0.0039	0.0000	0.0024	0.0020	0.0004	0.0039	0.0035	0.0005	0.0017	0.0016	0.0001	0.0022	0.0019	0.0004	0.1852	0.1329	0.0523	0.1269	0.0997	0.0272	0.0583	0.0332	0.0251	2.1707	1.9027	0.0111	5.2493	4.3907	0.1109	0.2161	0.1787	0.0048	0.0341	0.0440	0.0091	0.0308	0.0388	0.0017	0.0413	0.0596	0.0170
13	95	0.0460	2	2	1	1	0	0	0	0	0	Y	N	N	N	N	N	N	N	N	N	N	N	2.6765	2.8904	10.7168	0.3155	0.1570	9.6156	3.7825	inf	10.7996	4.1761	0.0935	40.4734	0.0447	0.0206	5.2417	6.8475	0.1496	41.1174	1.5603	0.0323	3.7766	0.1417	0.1311	0.5451	1.8103	0.0000	3.8073	48.6981	80.5011	0.0284	0.4423	0.0560	8.0000	10.7426	22.5660	0.0527	0.0011	0.0516	0.0002	0.0001	0.0001	0.0525	0.0010	0.0515	0.8356	0.0103	0.8254	0.0114	0.0103	0.0011	0.8242	0.0000	0.8242	0.0126	0.0113	0.0013	0.0050	0.0049	0.0000	0.0077	0.0064	0.0013	0.5356	0.3170	0.2185	0.0803	0.0782	0.0021	0.4553	0.2388	0.2165	2.6765	2.8904	10.7168	0.3155	0.1570	9.6156	3.7825	inf	10.7996	1.5603	0.0323	3.7766	0.1417	0.1311	0.5451	1.8103	0.0000	3.8073
13	96	0.1200	4	1	0	1	0	0	0	0	0	N	N	N	N	N	N	N	N	N	N	N	N	0.0000	0.0000	0.0000	0.0000	0.0000	0.0000	0.0000	0.0000	0.0000	0.0000	0.0000	0.0000	0.0000	0.0000	0.0000	0.0000	0.0000	0.0000	2.1476	3.3686	0.1674	0.0140	0.0005	0.0776	3.0762	5.6552	0.1819	0.0306	0.0000	-0.4410	0.0560	11.9964	10.7426	18.8414	0.0000	0.0000	0.0000	0.0000	0.0000	0.0000	0.0000	0.0000	0.0000	1.0287	0.9982	0.0306	0.0020	0.0001	0.0020	1.0267	0.9981	0.0286	0.0178	0.0160	0.0018	0.0072	0.0072	0.0000	0.0106	0.0089	0.0017	0.4790	0.2963	0.1827	0.1453	0.1198	0.0254	0.3338	0.1765	0.1573	0.0000	0.0000	0.0000	0.0000	0.0000	0.0000	0.0000	0.0000	0.0000	2.1476	3.3686	0.1674	0.0140	0.0005	0.0776	3.0762	5.6552	0.1819	
13	98	0.0348	2	2	1	2	0	0	0	0	0	Y	N	Y	N	N	N	N	N	N	N	N	N	0.8745	1.5417	0.0000	3.1029	3.0509	0.0000	0.0000	0.0000	0.0000	4.4705	7.9975	0.0000	9.2521	9.2677	0.0000	0.0000	0.0000	0.0000	5.1120	5.1874	3.8763	2.9818	3.0377	0.0419	5.0216	6.7355	3.9221	0.0000	0.6298	-0.0216	-0.1655	0.0560	0.9502	10.7426	16.1595	0.0490	0.0490	0.0000	0.0490	0.0490	0.0000	0.0000	0.0000	0.0000	2.3008	1.4117	0.8891	0.4323	0.4322	0.0001	1.8685	0.9795	0.8890	0.0110	0.0061	0.0048	0.0053	0.0053	0.0000	0.0057	0.0008	0.0048	0.5171	0.2877	0.2294	0.1450	0.1423	0.0027	0.3721	0.1454	0.2267	1.0047	1.6299	0.0000	3.1029	3.0509	0.0000	0.0000	0.0000	0.0000	4.4497	4.9069	3.8763	2.9818	3.0377	0.0419	5.0216	6.7355	3.9221
13	99	0.1200	4	1	1	1	0	0	0	0	0	N	N	N	N	N	N	N	N	N	N	N	N	0.0000	0.0000	0.0000	0.0000	0.0000	0.0000	0.0000	0.0000	0.0000	0.0000	0.0000	0.0000	0.0000	0.0000	0.0000	0.0000	0.0000	0.0000	4.1113	7.8301	0.0003	6.8287	8.7438	0.0000	3.2809	6.2155	0.0003	0.0000	0.0000	-0.7935	0.0560	11.9964	10.7426	15.6499	0.0000	0.0000	0.0000	0.0000	0.0000	0.0000	0.0000	0.0000	0.0000	1.7312	1.7312	0.0001	0.7321	0.7321	0.0000	0.9991	0.9991	0.0001	0.0178	0.0160	0.0018	0.0072	0.0072	0.0000	0.0106	0.0089	0.0017	0.4391	0.2719	0.1672	0.1346	0.1111	0.0234	0.3045	0.1607	0.1438	0.0000	0.0000	0.0000	0.0000	0.0000	0.0000	0.0000	0.0000	0.0000	3.9427	6.3676	0.0003	5.4405	6.5877	0.0000	3.2809	6.2155	0.0003	
13	100	0.0378	3	2	0	2	0	0	0	0	0	Y	N	Y	N	N	N	N	N	N	N	N	N	0.0526	0.0624	0.0443	0.2072	0.1979	45.6910	0.0100	0.0000	0.0422	0.1825	0.1822	0.1844	0.4070	0.4061	0.8987	0.0409	0.0000	0.1807	3.4687	2.9207	4.1622	1.9647	2.0518	0.0197	4.0887	3.7903	4.2829	0.1641	1.1262	-0.0001	0.1151	0.0560	1.0008	10.7426	13.9255	0.0003	0.0003	0.0000	0.0003	0.0003	0.0000	0.0000	0.0000	0.0000	1.6137	0.7590	0.8548	0.2668	0.2667	0.0001	1.3469	0.4923	0.8546	0.0018	0.0015	0.0002	0.0007	0.0007	0.0000	0.0011	0.0008	0.0002	0.4652	0.2599	0.2054	0.1358	0.1300	0.0058	0.3294	0.1299	0.1995	0.0526	0.0624	0.0443	0.2072	0.1979	45.6910	0.0100	0.0000	0.0422	3.4687	2.9207	4.1622	1.9647	2.0518	0.0197	4.0887	3.7903	4.2829
13	101	0.0348	2	2	0	2	0	0	0	0	0	Y	N	Y	N	N	N	N	N	N	N	N	N	0.1344	0.0046	0.2641	0.0049	0.0041	1.2647	0.2961	0.0015	0.2623	0.2781	0.0095	0.5546	0.0115	0.0096	1.0523	0.5444	0.0006	0.5537	2.0695	2.0430	2.1002	2.3518	2.3652	0.8321	1.8384	0.4443	2.1110	56.7339	0.8891	0.0015	0.0072	0.0560	0.0532	10.7426	2.0467	0.0027	0.0000	0.0026	0.0001	0.0000	0.0000	0.0026	0.0000	0.0026	0.5861	0.3102	0.2758	0.2999	0.2989	0.0009	0.2862	0.0113	0.2749	0.0096	0.0049	0.0047	0.0048	0.0048	0.0000	0.0048	0.0001	0.0047	0.2832	0.1519	0.1313	0.1275	0.1264	0.0011	0.1557	0.0255	0.1302	0.1344	0.0046	0.2641	0.0049	0.0041	1.2647	0.2961	0.0015	0.2623	2.0695	2.0430	2.1002	2.3518	2.3652	0.8321	1.8384	0.4443	2.1110
13	104	0.1523	5	1	1	1	0	0	0	0	0	N	N	N	N	N	N	N	N	N	N	N	N	0.3486	54.0825	0.0000	13.2711	53.2034	0.0000	0.0000	0.0000	0.0000	0.0531	0.0590	0.0000	0.1208	0.1233	0.0000	0.0000	0.0000	0.0000	0.1522	0.0011	0.4073	0.0091	0.0023	0.0471	0.2285	0.0000	0.4667	0.0000	221.1118	-0.0003	0.0546	0.0560	8.9557	10.7426	32.3127	0.0008	0.0008	0.0000	0.0008	0.0008	0.0000	0.0000	0.0000	0.0000	0.1016	0.0005	0.1012	0.0021	0.0005	0.0017	0.0995	0.0000	0.0995	0.0147	0.0132	0.0015	0.0065	0.0063	0.0001	0.0082	0.0069	0.0014	0.6677	0.4193	0.2484	0.2321	0.1970	0.0351	0.4356	0.2223	0.2133	0.3486	54.0825	0.0000	13.2711	53.2034	0.0000	0.0000	0.0000	0.0000	0.1522	0.0011	0.4073	0.0091	0.0023	0.0471	0.2285	0.0000	0.4667
13	105	0.1777	6	1	0	2	0	0	0	0	0	N	N	Y	N	N	N	N	N	N	N	N	N	0.0000	0.0000	0.0000	0.0000	0.0000	0.0000	0.0000	0.0000	0.0000	0.0000	0.0000	0.0000	0.0000	0.0000	0.0000	0.0000	0.0000	0.0000	0.0668	0.1038	0.0003	0.1802	0.2145	0.0008	0.0001	0.0000	0.0002	0.0014	0.0000	-0.0064	0.0560	4.2679	10.7426	7.8415	0.0000	0.0000	0.0000	0.0000	0.0000	0.0000	0.0000	0.0000	0.0000	0.0140	0.0140	0.0000	0.0140	0.0140	0.0000	0.0000	0.0000	0.0000	0.0071	0.0063	0.0007	0.0030	0.0029	0.0000	0.0041	0.0034	0.0007	0.2103	0.1351	0.0752	0.0779	0.0654	0.0125	0.1324	0.0697	0.0627	0.0000	0.0000	0.0000	0.0000	0.0000	0.0000	0.0000	0.0000	0.0000	0.0668	0.1038	0.0003	0.1802	0.2145	0.0008	0.0001	0.0000	0.0002	
13	106	0.1523	5	1	0	1	0	0	0	0	0	N	N	N	N	N	N	N	N	N	N	N	N	0.0004	0.0007	0.0000	0.0001	0.0001	0.0000	0.0007	0.6576	0.0000	0.0001	0.0001	0.0000	0.0000	0.0000	0.0000	0.0001	0.0002	0.0000	0.1804	0.1182	0.2868	0.1857	0.2050	0.0356	0.1767	0.0002	0.3233	0.0000	1.4174	-0.0000	0.0065	0.0560	1.9301	10.7426	9.0954	0.0000	0.0000	0.0000	0.0000	0.0000	0.0000	0.0000	0.0000	0.0000	0.0510	0.0211	0.0299	0.0216	0.0211	0.0005	0.0295	0.0000	0.0294	0.0039	0.0035	0.0004	0.0020	0.0019	0.0001	0.0019	0.0016	0.0003	0.2828	0.1785	0.1043	0.1161	0.1029	0.0132	0.1667	0.0756	0.0911	0.0004	0.0007	0.0000	0.0001	0.0001	0.0000	0.0007	0.6576	0.0000	0.1804	0.1182	0.2868	0.1857	0.2050	0.0356	0.1767	0.0002	0.3233
13	107	0.1200	4	1	0	1	0	0	0	0	0	N	N	N	N	N	N	N	N	N	N	N	N	0.0000	0.0000	0.0000	0.0000	0.0000	0.0000	0.0000	0.0000	0.0000	0.0000	0.0000	0.0000	0.0000	0.0000	0.0000	0.0000	0.0000	0.0000	3.9584	0.0174	18.4617	0.0257	0.0288	0.0099	5.7722	0.0081	18.8448	353.9715	0.0000	0.5179	0.0560	3.9049	10.7426	9.6098	0.0000	0.0000	0.0000	0.0000	0.0000	0.0000	0.0000	0.0000	0.0000	0.9613	0.0027	0.9586	0.0021	0.0020	0.0001	0.9591	0.0007	0.9584	0.0061	0.0055	0.0006	0.0025	0.0025	0.0000	0.0036	0.0030	0.0006	0.2495	0.1560	0.0935	0.0833	0.0695	0.0138	0.1662	0.0865	0.0797	0.0000	0.0000	0.0000	0.0000	0.0000	0.0000	0.0000	0.0000	0.0000	3.8526	0.0174	10.2513	0.0257	0.0288	0.0099	5.7722	0.0081	12.0303	
13	108	0.1412	6	1	1	1	0	0	0	0	0	N	N	N	N	N	N	N	N	N	N	N	N	0.0000	0.0000	0.0000	0.0000	0.0000	0.0000	0.0000	0.0000	0.0000	0.0000	0.0000	0.0000	0.0000	0.0000	0.0000	0.0000	0.0000	0.0000	0.0300	0.0472	0.0004	0.0824	0.1000	0.0021	0.0030	0.0056	0.0000	0.0049	0.0000	-0.0068	0.0560	8.0392	10.7426	22.6195	0.0000	0.0000	0.0000	0.0000	0.0000	0.0000	0.0000	0.0000	0.0000	0.0150	0.0150	0.0001	0.0140	0.0140	0.0001	0.0010	0.0010	0.0000	0.0127	0.0114	0.0013	0.0053	0.0053	0.0001	0.0073	0.0061	0.0012	0.5007	0.3174	0.1834	0.1703	0.1397	0.0306	0.3304	0.1777	0.1528	0.0000	0.0000	0.0000	0.0000	0.0000	0.0000	0.0000	0.0000	0.0000	0.0300	0.0472	0.0004	0.0824	0.1000	0.0021	0.0030	0.0056	0.0000	
13	109	0.1412	5	1	0	1	0	0	0	0	0	N	N	N	N	N	N	N	N	N	N	N	N	0.0000	0.0000	0.0000	0.0000	0.0000	0.0000	0.0000	0.0000	0.0000	0.0000	0.0000	0.0000	0.0000	0.0000	0.0000	0.0000	0.0000	0.0000	0.0186	0.0239	0.0024	0.0212	0.0219	0.0137	0.0163	0.0265	0.0002	0.0323	0.0000	-0.0009	0.0560	0.2031	10.7426	2.0398	0.0000	0.0000	0.0000	0.0000	0.0000	0.0000	0.0000	0.0000	0.0000	0.0021	0.0020	0.0001	0.0011	0.0011	0.0001	0.0010	0.0010	0.0000	0.0005	0.0004	0.0001	0.0002	0.0002	0.0000	0.0003	0.0002	0.0001	0.1132	0.0854	0.0278	0.0527	0.0483	0.0045	0.0605	0.0372	0.0233	0.0000	0.0000	0.0000	0.0000	0.0000	0.0000	0.0000	0.0000	0.0000	0.0186	0.0239	0.0024	0.0212	0.0219	0.0137	0.0163	0.0265	0.0002	
13	110	0.7217	11	2	0	2	0	0	0	0	0	Y	N	Y	N	N	N	N	N	N	N	N	N	0.0000	0.0000	0.0000	0.0000	0.0000	0.0000	0.0000	0.0000	0.0000	0.0000	0.0000	0.0000	0.0000	0.0000	0.0000	0.0000	0.0000	0.0000	0.0000	0.0000	0.0560	0.0001	10.7426	0.0001	0.0000	0.0000	0.0000	0.0000	0.0000	0.0000	0.0000	0.0000	0.0000	0.0000	0.0000	0.0000	0.0000	0.0000	0.0000	0.0000	0.0000	0.0000	0.0000	0.0000	0.0000	0.0000	0.0000	0.0000	0.0000	0.0000	0.0000	0.0001	0.0000	0.0000	0.0000	0.0000	0.0000	0.0000	0.0000	0.0000	0.0000	0.0000	0.0000	0.0000	0.0000	0.0000	0.0000	0.0000	0.0000	0.0000	0.0000	0.0000	0.0000	0.0000	0.0000	0.0000	0.0000	0.0000											
13	111	0.7078	10	2	0	2	0	0	0	0	0	Y	N	Y	N	N	N	N	N	N	N	N	N	0.0506	0.0000	12.7467	0.0000	0.0000	0.0000	0.0201	0.0000	1640.6209	0.0005	0.0000	0.0045	0.0000	0.0000	0.0000	0.0009	0.0000	0.0052	0.0108	0.0149	0.0004	0.0002	0.0000	0.0006	0.0426	0.0730	0.0000	inf	0.0092	0.0000	-0.0005	0.0560	1.6718	10.7426	2.9223	0.0000	0.0000	0.0000	0.0000	0.0000	0.0000	0.0000	0.0000	0.0000	0.0010	0.0010	0.0000	0.0000	0.0000	0.0000	0.0010	0.0010	0.0000	0.0008	0.0007	0.0001	0.0003	0.0003	0.0000	0.0005	0.0004	0.0001	0.0959	0.0690	0.0270	0.0718	0.0549	0.0169	0.0241	0.0141	0.0100	0.0506	0.0000	12.7467	0.0000	0.0000	0.0000	0.0201	0.0000	1640.6209	0.0108	0.0149	0.0004	0.0002	0.0000	0.0006	0.0426	0.0730	0.0000
13	112	0.6243	9	2	0	2	0	0	0	0	0	Y	N	Y	N	N	N	N	N	N	N	N	N	0.1421	0.0000	599127.5030	0.0006	0.0005	0.0000	0.0787	0.0000	392342.1268	0.4433	0.0000	3.7886	0.0000	0.0000	0.0000	0.7412	0.0000	4.6621	3.1188	4.3592	0.0000	0.0009	0.0012	0.0000	9.4189	16.2939	0.0000	1948055.8075	0.0000	0.0016	-0.4449	0.0560	14.0283	10.7426	7.1084	0.0029	0.0000	0.0029	0.0000	0.0000	0.0000	0.0029	0.0000	0.0029	0.9707	0.9707	0.0000	0.0002	0.0002	0.0000	0.9705	0.9705	0.0000	0.0065	0.0057	0.0008	0.0026	0.0025	0.0001	0.0039	0.0032	0.0006	0.3112	0.2227	0.0886	0.2082	0.1631	0.0451	0.1030	0.0596	0.0435	0.1421	0.0000	599127.5030	0.0006	0.0005	0.0000	0.0787	0.0000	392342.1268	3.1188	4.3592	0.0000	0.0009	0.0012	0.0000	9.4189	16.2939	0.0000
13	113	0.5640	8	1	0	1	0	0	0	0	0	N	N	N	N	N	N	N	N	N	N	N	N	0.0237	0.0205	0.0326	0.1089	0.0913	0.0048	0.0101	0.0071	0.0219	0.0092	0.0095	0.0066	0.0093	0.0096	0.0000	0.0090	0.0093	0.0076	0.3883	0.4624	0.2031	0.0858	0.1050	0.0048	0.8922	1.3226	0.3471	0.0757	0.1757	-0.0001	-0.0357	0.0560	8.6129	10.7426	5.1709	0.0001	0.0001	0.0000	0.0001	0.0001	0.0000	0.0001	0.0001	0.0000	0.1157	0.0984	0.0173	0.0160	0.0158	0.0002	0.0997	0.0826	0.0171	0.0151	0.0136	0.0015	0.0073	0.0071	0.0002	0.0078	0.0065	0.0013	0.2978	0.2127	0.0851	0.1861	0.1503	0.0358	0.1118	0.0624	0.0493	0.0237	0.0205	0.0326	0.1089	0.0913	0.0048	0.0101	0.0071	0.0219	0.3883	0.4624	0.2031	0.0858	0.1050	0.0048	0.8922	1.3226	0.3471
13	114	0.4689	7	1	0	1	0	0	0	0	0	N	N	N	N	N	N	N	N	N	N	N	N	0.0973	0.0755	0.2001	0.1232	0.0999	0.2499	0.3391	0.2859	0.1590	0.1261	0.1390	0.0025	0.2640	0.2682	0.0018	0.0101	0.0115	0.0026	1.2956	1.8399	0.0127	2.1427	2.6829	0.0074	0.0296	0.0402	0.0163	0.0019	0.0029	-0.0014	-0.3781	0.0560	16.8607	10.7426	22.7724	0.0032	0.0032	0.0000	0.0031	0.0031	0.0000	0.0001	0.0001	0.0000	0.8302	0.8278	0.0024	0.8226	0.8220	0.0006	0.0076	0.0058	0.0019	0.0253	0.0230	0.0024	0.0116	0.0114	0.0002	0.0138	0.0116	0.0022	0.6408	0.4499	0.1909	0.3839	0.3064	0.0775	0.2569	0.1435	0.1134	0.0973	0.0755	0.2001	0.1232	0.0999	0.2499	0.3391	0.2859	0.1590	1.2956	1.8399	0.0127	2.1427	2.6829	0.0074	0.0296	0.0402	0.0163
13	115	0.0964	4	2	0	2	0	0	0	0	0	Y	N	Y	N	N	N	N	N	N	N	N	N	0.0000	0.0000	0.0000	0.0000	0.0000	0.0000	0.0000	0.0000	0.0000	0.0000	0.0000	0.0000	0.0000	0.0000	0.0000	0.0000	0.0000	0.0000	0.0013	0.0015	0.0009	0.0031	0.0033	0.0003	0.0004	0.0000	0.0009	0.3199	0.0000	-0.0000	0.0560	1.0009	10.7426	4.0038	0.0000	0.0000	0.0000	0.0000	0.0000	0.0000	0.0000	0.0000	0.0000	0.0002	0.0001	0.0000	0.0001	0.0001	0.0000	0.0000	0.0000	0.0000	0.0046	0.0030	0.0016	0.0022	0.0021	0.0000	0.0024	0.0009	0.0015	0.1249	0.0805	0.0445	0.0392	0.0367	0.0025	0.0858	0.0438	0.0419	0.0000	0.0000	0.0000	0.0000	0.0000	0.0000	0.0000	0.0000	0.0000	0.0013	0.0015	0.0009	0.0031	0.0033	0.0003	0.0004	0.0000	0.0009	
13	116	0.0681	3	2	0	2	0	0	0	0	0	Y	N	Y	N	N	N	N	N	N	N	N	N	1.8896	0.3862	7.9653	0.0452	0.0329	2.1948	2.9756	36.6226	7.7293	0.2345	0.0159	2.1141	0.0047	0.0034	0.2115	0.3928	0.0262	2.1596	0.1241	0.0411	0.2654	0.1032	0.1039	0.0964	0.1320	0.0007	0.2794	15.4858	3.7895	0.0004	0.0112	0.0560	1.8441	10.7426	10.4794	0.0008	0.0000	0.0007	0.0000	0.0000	0.0000	0.0008	0.0000	0.0007	0.0335	0.0070	0.0265	0.0077	0.0069	0.0007	0.0259	0.0001	0.0258	0.0034	0.0030	0.0004	0.0014	0.0014	0.0000	0.0020	0.0017	0.0003	0.2704	0.1704	0.1000	0.0743	0.0667	0.0076	0.1961	0.1037	0.0924	1.8896	0.3862	7.9653	0.0452	0.0329	2.1948	2.9756	36.6226	7.7293	0.1241	0.0411	0.2654	0.1032	0.1039	0.0964	0.1320	0.0007	0.2794
13	117	0.3562	5	1	1	1	1	0	0	0	0	N	N	N	N	N	N	N	N	N	N	N	N	0.0130	0.0601	0.0000	0.0423	0.0362	0.0000	0.0073	0.3650	0.0000	0.0178	0.0197	0.0000	0.0167	0.0171	0.0000	0.0187	0.0223	0.0000	1.3647	0.3278	3.8268	0.3948	0.4712	0.0345	2.5723	0.0612	5.6736	0.0000	4.9168	-0.0001	0.3480	0.0560	10.5071	10.7426	20.2622	0.0003	0.0003	0.0000	0.0001	0.0001	0.0000	0.0002	0.0002	0.0000	0.9340	0.1579	0.7761	0.1498	0.1475	0.0023	0.7841	0.0103	0.7738	0.0174	0.0158	0.0017	0.0081	0.0079	0.0002	0.0093	0.0078	0.0015	0.6844	0.4816	0.2028	0.3795	0.3131	0.0664	0.3048	0.1685	0.1364	0.0130	0.0601	0.0000	0.0423	0.0362	0.0000	0.0073	0.3650	0.0000	1.3647	0.3278	3.8268	0.3948	0.4712	0.0345	2.5723	0.0612	5.6736
13	118	0.1200	4	1	1	1	1	0	0	0	0	N	N	N	N	N	N	N	N	N	N	N	N	0.0000	0.0000	0.0000	0.0000	0.0000	0.0000	0.0000	0.0000	0.0000	0.0000	0.0000	0.0000	0.0000	0.0000	0.0000	0.0000	0.0000	0.0000	0.0609	0.0982	0.0003	0.0018	0.0022	0.0000	0.0866	0.1635	0.0003	0.0017	0.0000	-0.0132	0.0560	4.0036	10.7426	26.5072	0.0000	0.0000	0.0000	0.0000	0.0000	0.0000	0.0000	0.0000	0.0000	0.0289	0.0288	0.0001	0.0003	0.0003	0.0000	0.0286	0.0285	0.0001	0.0062	0.0056	0.0006	0.0025	0.0025	0.0000	0.0037	0.0031	0.0006	0.4742	0.2933	0.1808	0.1440	0.1188	0.0252	0.3302	0.1746	0.1556	0.0000	0.0000	0.0000	0.0000	0.0000	0.0000	0.0000	0.0000	0.0000	0.0609	0.0982	0.0003	0.0018	0.0022	0.0000	0.0866	0.1635	0.0003	
13	119	0.1584	5	1	1	1	0	0	0	0	0	N	N	N	N	N	N	N	N	N	N	N	N	0.5792	0.4749	1.0739	0.4017	0.3776	2.3573	0.6054	2204.6434	1.5033	0.1206	0.1010	0.2153	0.1691	0.1836	0.0919	0.0637	0.0005	0.3382	0.2082	0.2126	0.2005	0.4209	0.4863	0.0390	0.1052	0.0000	0.2250	0.4420	0.5368	-0.0002	-0.0101	0.0560	3.8169	10.7426	21.2433	0.0013	0.0009	0.0004	0.0010	0.0009	0.0001	0.0003	0.0000	0.0003	0.0929	0.0605	0.0325	0.0613	0.0605	0.0008	0.0316	0.0000	0.0316	0.0111	0.0092	0.0019	0.0060	0.0050	0.0009	0.0051	0.0041	0.0010	0.4464	0.2845	0.1619	0.1457	0.1244	0.0213	0.3007	0.1601	0.1406	0.5792	0.4749	1.0739	0.4017	0.3776	2.3573	0.6054	2204.6434	1.5033	0.2082	0.2126	0.2005	0.4209	0.4863	0.0390	0.1052	0.0000	0.2250
13	120	0.5041	9	1	1	1	0	0	0	0	0	N	N	N	N	N	N	N	N	N	N	N	N	13.3301	11.9361	0.0000	0.4704	0.4661	0.0000	121.9425	119.5404	0.0000	1.2368	1.4754	0.0000	0.0668	0.0791	0.0000	2.7963	3.3667	0.0000	0.0928	0.1236	0.0176	0.1419	0.1697	0.0197	0.0229	0.0282	0.0163	0.0000	0.0583	-0.0212	-0.0336	0.0560	16.3276	10.7426	34.9199	0.0480	0.0480	0.0000	0.0015	0.0015	0.0000	0.0466	0.0466	0.0000	0.0833	0.0787	0.0046	0.0748	0.0729	0.0019	0.0085	0.0058	0.0027	0.0388	0.0326	0.0063	0.0222	0.0187	0.0035	0.0167	0.0138	0.0028	0.8982	0.6371	0.2611	0.5273	0.4297	0.0976	0.3709	0.2074	0.1635	13.3301	11.9361	0.0000	0.4704	0.4661	0.0000	121.9425	119.5404	0.0000	0.0928	0.1236	0.0176	0.1419	0.1697	0.0197	0.0229	0.0282	0.0163
13	121	0.4867	8	1	1	1	0	0	0	0	0	N	N	N	N	N	N	N	N	N	N	N	N	1.5964	1.2390	8.0640	0.1246	0.1081	0.4544	2.5612	1.7503	7.6244	0.4717	0.4762	0.4339	0.0333	0.0341	0.0132	0.8658	0.9331	0.5228	0.2955	0.3843	0.0538	0.2671	0.3151	0.0291	0.3381	0.5331	0.0686	0.1065	0.0514	-0.0018	-0.0659	0.0560	6.1757	10.7426	14.5601	0.0051	0.0046	0.0005	0.0002	0.0002	0.0000	0.0049	0.0044	0.0005	0.1609	0.1530	0.0079	0.0872	0.0856	0.0016	0.0737	0.0674	0.0063	0.0108	0.0097	0.0011	0.0051	0.0049	0.0002	0.0057	0.0048	0.0009	0.5443	0.3981	0.1463	0.3264	0.2716	0.0548	0.2179	0.1264	0.0915	1.5964	1.2390	8.0640	0.1246	0.1081	0.4544	2.5612	1.7503	7.6244	0.2955	0.3843	0.0538	0.2671	0.3151	0.0291	0.3381	0.5331	0.0686
13	122	0.4337	7	1	0	1	0	0	0	0	0	N	N	N	N	N	N	N	N	N	N	N	N	0.0275	0.1693	0.0020	0.1313	0.1195	0.0092	0.0202	0.1405	0.0016	0.0408	0.0443	0.0093	0.0133	0.0137	0.0003	0.0651	0.0758	0.0106	1.4838	0.2614	4.6041	0.1014	0.1144	0.0316	3.2232	0.5396	6.6550	0.0232	6.8996	-0.0002	0.3880	0.0560	7.5400	10.7426	21.4192	0.0005	0.0005	0.0000	0.0001	0.0001	0.0000	0.0004	0.0004	0.0000	0.9348	0.1183	0.8164	0.0356	0.0339	0.0017	0.8992	0.0845	0.8147	0.0128	0.0116	0.0013	0.0060	0.0059	0.0002	0.0068	0.0057	0.0011	0.6300	0.4527	0.1773	0.3510	0.2961	0.0549	0.2790	0.1565	0.1224	0.0275	0.1693	0.0020	0.1313	0.1195	0.0092	0.0202	0.1405	0.0016	1.4838	0.2614	4.6041	0.1014	0.1144	0.0316	3.2232	0.5396	6.6550
13	123	0.0460	2	1	1	1	0	0	0	0	0	N	N	N	N	N	N	N	N	N	N	N	N	0.0098	0.0065	0.0000	0.0040	0.0039	0.0000	0.0000	0.0002	0.0003	0.0000	0.0006	0.0006	0.0000	0.0000	0.0000	0.0000	0.0237	0.0399	0.0000	0.1475	0.1510	0.0000	0.0000	0.0000	0.0000	0.0000	0.0000	-0.0000	-0.0048	0.0560	4.0019	10.7426	19.5615	0.0000	0.0000	0.0000	0.0000	0.0000	0.0000	0.0000	0.0000	0.0000	0.0104	0.0104	0.0000	0.0104	0.0104	0.0000	0.0000	0.0000	0.0000	0.0065	0.0058	0.0007	0.0025	0.0025	0.0000	0.0039	0.0033	0.0006	0.4380	0.2599	0.1781	0.0703	0.0686	0.0017	0.3677	0.1913	0.1764	0.0098	0.0065	0.0000	0.0040	0.0039	0.0000	0.0000	0.0000	0.0000	0.0237	0.0399	0.0000	0.1475	0.1510	0.0000	0.0000	0.0000	0.0000		
13	126	0.1571	6	1	1	1	0	0	0	0	0	N	N	N	N	N	N	N	N	N	N	N	N	0.0000	0.0000	0.0000	0.0000	0.0000	0.0000	0.0000	0.0000	0.0000	0.0000	0.0000	0.0000	0.0000	0.0000	0.0000	0.0000	0.0000	0.0000	0.0013	0.0018	0.0003	0.0006	0.0004	0.0016	0.0017	0.0031	0.0001	0.1029	0.0000	-0.0002	0.0560	5.0407	10.7426	17.1705	0.0000	0.0000	0.0000	0.0000	0.0000	0.0000	0.0000	0.0000	0.0000	0.0005	0.0005	0.0000	0.0001	0.0000	0.0000	0.0004	0.0004	0.0000	0.0082	0.0073	0.0008	0.0034	0.0034	0.0000	0.0047	0.0039	0.0008	0.3893	0.2484	0.1409	0.1403	0.1160	0.0243	0.2490	0.1324	0.1166	0.0000	0.0000	0.0000	0.0000	0.0000	0.0000	0.0000	0.0000	0.0000	0.0013	0.0018	0.0003	0.0006	0.0004	0.0016	0.0017	0.0031	0.0001	
13	127	0.1412	5	1	1	1	0	0	0	0	0	N	N	N	N	N	N	N	N	N	N	N	N	0.0000	0.0000	0.0000	0.0000	0.0000	0.0000	0.0000	0.0000	0.0000	0.0000	0.0000	0.0000	0.0000	0.0000	0.0000	0.0000	0.0000	0.0000	0.0070	0.0097	0.0012	0.0048	0.0047	0.0058	0.0085	0.0148	0.0003	0.0549	0.0000	-0.0006	0.0560	1.9703	10.7426	6.2034	0.0000	0.0000	0.0000	0.0000	0.0000	0.0000	0.0000	0.0000	0.0000	0.0014	0.0013	0.0001	0.0004	0.0003	0.0001	0.0010	0.0010	0.0000	0.0033	0.0030	0.0003	0.0014	0.0014	0.0000	0.0019	0.0016	0.0003	0.2015	0.1381	0.0634	0.0798	0.0693	0.0105	0.1217	0.0688	0.0529	0.0000	0.0000	0.0000	0.0000	0.0000	0.0000	0.0000	0.0000	0.0000	0.0070	0.0097	0.0012	0.0048	0.0047	0.0058	0.0085	0.0148	0.0003	
13	128	0.1200	4	1	0	1	0	0	0	0	0	N	N	N	N	N	N	N	N	N	N	N	N	0.0000	0.0000	0.0000	0.0000	0.0000	0.0000	0.0000	0.0000	0.0000	0.0000	0.0000	0.0000	0.0000	0.0000	0.0000	0.0000	0.0000	0.0000	0.1534	0.2432	0.0001	0.0069	0.0081	0.0003	0.2346	0.4554	0.0001	0.0003	0.0000	-0.0129	0.0560	1.1032	10.7426	7.8190	0.0000	0.0000	0.0000	0.0000	0.0000	0.0000	0.0000	0.0000	0.0000	0.0281	0.0281	0.0000	0.0004	0.0004	0.0000	0.0276	0.0276	0.0000	0.0018	0.0016	0.0002	0.0007	0.0007	0.0000	0.0010	0.0009	0.0002	0.1831	0.1155	0.0676	0.0653	0.0548	0.0105	0.1178	0.0607	0.0571	0.0000	0.0000	0.0000	0.0000	0.0000	0.0000	0.0000	0.0000	0.0000	0.1534	0.2432	0.0001	0.0069	0.0081	0.0003	0.2346	0.4554	0.0001	
13	129	0.4630	8	1	1	1	0	0	0	0	0	N	N	N	N	N	N	N	N	N	N	N	N	0.0000	0.0000	0.0000	0.0000	0.0000	0.0000	0.0000	0.0000	0.0000	0.0000	0.0000	0.0000	0.0000	0.0000	0.0000	0.0000	0.0000	0.0000	0.1351	0.1740	0.0016	0.2355	0.2550	0.0057	0.0003	0.0000	0.0006	0.0028	0.0000	-0.0126	0.0560	1.0033	10.7426	0.8635	0.0000	0.0000	0.0000	0.0000	0.0000	0.0000	0.0000	0.0000	0.0000	0.0277	0.0276	0.0001	0.0277	0.0276	0.0001	0.0000	0.0000	0.0000	0.0013	0.0012	0.0001	0.0008	0.0007	0.0000	0.0006	0.0005	0.0001	0.2051	0.1588	0.0463	0.1176	0.1084	0.0092	0.0876	0.0505	0.0371	0.0000	0.0000	0.0000	0.0000	0.0000	0.0000	0.0000	0.0000	0.0000	0.1351	0.1740	0.0016	0.2355	0.2550	0.0057	0.0003	0.0000	0.0006	
13	130	0.4337	7	1	0	1	0	0	0	0	0	N	N	N	N	N	N	N	N	N	N	N	N	0.0003	0.0003	0.0000	0.0002	0.0002	0.0005	0.0009	0.0074	0.0000	0.0007	0.0008	0.0000	0.0009	0.0009	0.0000	0.0005	0.0006	0.0000	2.4680	3.0210	0.9308	3.8999	4.5015	0.0194	0.6110	0.0860	1.2967	0.0037	0.1108	-0.0000	-0.4287	0.0560	5.5514	10.7426	9.9598	0.0000	0.0000	0.0000	0.0000	0.0000	0.0000	0.0000	0.0000	0.0000	1.1955	1.0762	0.1193	1.0667	1.0660	0.0007	0.1288	0.0103	0.1186	0.0099	0.0089	0.0010	0.0047	0.0046	0.0001	0.0052	0.0043	0.0009	0.4844	0.3563	0.1281	0.2735	0.2368	0.0367	0.2109	0.1195	0.0914	0.0003	0.0003	0.0000	0.0002	0.0002	0.0005	0.0009	0.0074	0.0000	2.4680	3.0210	0.9308	3.8999	4.5015	0.0194	0.6110	0.0860	1.2967
13	131	0.4034	6	1	0	1	0	0	0	0	0	N	N	N	N	N	N	N	N	N	N	N	N	0.0079	0.0090	0.0049	0.0038	0.0032	0.0098	0.0086	0.0121	0.0036	0.0064	0.0066	0.0051	0.0020	0.0021	0.0002	0.0100	0.0109	0.0054	0.8153	0.7309	1.0316	0.5390	0.6410	0.0196	1.1720	0.9012	1.5295	0.0810	0.5507	-0.0000	-0.0473	0.0560	9.1969	10.7426	13.4651	0.0001	0.0001	0.0000	0.0000	0.0000	0.0000	0.0001	0.0001	0.0000	0.4578	0.2952	0.1626	0.1706	0.1695	0.0010	0.2873	0.1257	0.1616	0.0151	0.0136	0.0014	0.0068	0.0067	0.0001	0.0082	0.0069	0.0013	0.5616	0.4040	0.1576	0.3165	0.2645	0.0520	0.2451	0.1395	0.1056	0.0079	0.0090	0.0049	0.0038	0.0032	0.0098	0.0086	0.0121	0.0036	0.8153	0.7309	1.0316	0.5390	0.6410	0.0196	1.1720	0.9012	1.5295
13	132	0.2169	8	2	1	1	1	0	0	0	0	Y	N	N	N	N	N	N	N	N	N	N	N	0.0000	0.0000	0.0000	0.0000	0.0000	0.0000	0.0000	0.0000	0.0000	0.0000	0.0000	0.0000	0.0000	0.0000	0.0000	28.1619	0.0000	115.0597	0.0025	0.0000	0.0145	22.5831	0.0000	116.0743	inf	0.0000	0.5406	0.0560	1.0000	10.7426	3.0001	0.0000	0.0000	0.0000	0.0000	0.0000	0.0000	0.0000	0.0000	0.0000	0.9981	0.0000	0.9981	0.0000	0.0000	0.0000	0.9981	0.0000	0.9981	0.0013	0.0010	0.0004	0.0010	0.0007	0.0003	0.0004	0.0003	0.0001	0.0644	0.0401	0.0243	0.0202	0.0168	0.0034	0.0442	0.0233	0.0209	0.0000	0.0000	0.0000	0.0000	0.0000	0.0000	0.0000	0.0000	0.0000	15.4923	0.0000	41.0040	0.0025	0.0000	0.0145	22.5831	0.0000	47.7471				
13	133	0.6158	12	2	1	1	1	0	0	0	0	Y	N	N	N	N	N	N	N	N	N	N	N	0.0000	0.0000	0.0000	0.0000	0.0000	0.0000	0.0000	0.0000	0.0000	0.0000	0.0000	0.0000	0.0000	0.0000	0.0000	0.0004	0.0000	0.0012	0.0006	0.0000	0.0034	0.0000	0.0000	0.0000	1040.1596	0.0000	0.0000	0.0560	0.0006	10.7426	1.9797	0.0000	0.0000	0.0000	0.0000	0.0000	0.0000	0.0000	0.0000	0.0000	0.0000	0.0000	0.0000	0.0000	0.0000	0.0000	0.0000	0.0000	0.0000	0.0000	0.0000	0.0000	0.0000	0.0000	0.0000	0.0000	0.0000	0.0000	0.0262	0.0183	0.0080	0.0151	0.0123	0.0029	0.0111	0.0060	0.0051	0.0000	0.0000	0.0000	0.0000	0.0000	0.0000	0.0000	0.0000	0.0000	0.0004	0.0000	0.0012	0.0006	0.0000	0.0034	0.0000	0.0000	0.0000				
13	134	0.5991	11	2	1	1	1	0	0	0	0	Y	N	N	N	N	N	N	N	N	N	N	N	0.0000	0.0000	0.0000	0.0000	0.0000	0.0000	0.0000	0.0000	0.0000	0.0000	0.0000	0.0000	0.0000	0.0000	0.0000	0.0000	0.0000	0.0002	0.0003	0.0000	0.0004	0.0004	0.0000	0.0000	0.0000	0.0000	0.0124	0.0000	-0.0000	0.0560	2.0077	10.7426	6.0321	0.0000	0.0000	0.0000	0.0000	0.0000	0.0000	0.0000	0.0000	0.0000	0.0000	0.0000	0.0000	0.0000	0.0000	0.0000	0.0000	0.0000	0.0000	0.0032	0.0029	0.0003	0.0015	0.0015	0.0000	0.0017	0.0014	0.0003	0.0966	0.0664	0.0302	0.0550	0.0437	0.0113	0.0416	0.0227	0.0189	0.0000	0.0000	0.0000	0.0000	0.0000	0.0000	0.0000	0.0000	0.0000	0.0002	0.0003	0.0000	0.0004	0.0004	0.0000	0.0000	0.0000	0.0000		
13	135	0.5943	11	1	1	1	1	0	0	0	0	N	N	N	N	N	N	N	N	N	N	N	N	0.3673	2.8715	0.0000	13.5978	12.9087	0.0000	0.0004	0.0037	0.0000	0.0042	0.0046	0.0000	0.0089	0.0091	0.0000	0.0000	0.0000	0.0000	0.0113	0.0016	0.0332	0.0007	0.0007	0.0005	0.0287	0.0038	0.0566	0.0000	9.1966	-0.0000	0.0009	0.0560	3.0348	10.7426	9.3583	0.0000	0.0000	0.0000	0.0000	0.0000	0.0000	0.0000	0.0000	0.0000	0.0019	0.0002	0.0017	0.0001	0.0001	0.0000	0.0018	0.0001	0.0017	0.0050	0.0045	0.0005	0.0023	0.0023	0.0000	0.0026	0.0022	0.0004	0.1691	0.1169	0.0522	0.1047	0.0829	0.0218	0.0644	0.0341	0.0304	0.3673	2.8715	0.0000	13.5978	12.9087	0.0000	0.0004	0.0037	0.0000	0.0113	0.0016	0.0332	0.0007	0.0007	0.0005	0.0287	0.0038	0.0566
13	136	0.5800	10	1	0	1	1	0	0	0	0	N	N	N	N	N	N	N	N	N	N	N	N	0.0162	7.1615	0.0027	0.0297	0.0228	0.6797	0.0182	272.3765	0.0023	0.2807	0.2806	0.2822	0.0014	0.0013	0.0103	0.5254	0.5730	0.3008	17.3157	0.0392	102.9355	0.0471	0.0559	0.0151	28.9479	0.0021	131.5389	0.1111	424.5384	-0.0000	0.5301	0.0560	0.0433	10.7426	6.6805	0.0000	0.0000	0.0000	0.0000	0.0000	0.0000	0.0000	0.0000	0.0000	0.9830	0.0023	0.9807	0.0024	0.0023	0.0002	0.9806	0.0000	0.9806	0.0001	0.0001	0.0000	0.0000	0.0000	0.0000	0.0000	0.0000	0.0000	0.0857	0.0590	0.0267	0.0518	0.0407	0.0111	0.0339	0.0183	0.0156	0.0245	7.1615	0.0077	0.0297	0.0228	0.6797	0.0182	272.3765	0.0048	11.4755	0.0392	36.7367	0.0471	0.0559	0.0151	28.9479	0.0021	62.9932
13	137	0.2465	10	1	1	1	1	0	0	0	0	N	N	N	N	N	N	N	N	N	N	N	N	0.0000	0.0000	0.0000	0.0000	0.0000	0.0000	0.0000	0.0000	0.0000	0.0000	0.0000	0.0000	0.0000	0.0000	0.0000	0.0000	0.0000	0.0000	0.0000	0.0000	0.0560	0.0000	10.7426	0.0000	0.0000	0.0000	0.0000	0.0000	0.0000	0.0000	0.0000	0.0000	0.0000	0.0000	0.0000	0.0000	0.0000	0.0000	0.0000	0.0000	0.0000	0.0000	0.0000	0.0000	0.0000	0.0000	0.0000	0.0000	0.0000	0.0000	0.0000	0.0000	0.0000	0.0000	0.0000	0.0000	0.0000	0.0000	0.0000	0.0000	0.0000	0.0000	0.0000	0.0000	0.0000	0.0000	0.0000	0.0000	0.0000	0.0000	0.0000	0.0000	0.0000	0.0000	0.0000	0.0000	0.0000	0.0000											
13	138	0.2415	9	1	1	1	1	0	0	0	0	N	N	N	N	N	N	N	N	N	N	N	N	0.0000	0.0000	0.0000	0.0000	0.0000	0.0000	0.0000	0.0000	0.0000	0.0000	0.0000	0.0000	0.0000	0.0000	0.0000	0.0000	0.0000	0.0000	0.0000	0.0000	0.0000	0.0000	0.0000	0.0000	-0.0000	0.0560	0.0021	10.7426	2.0000	0.0000	0.0000	0.0000	0.0000	0.0000	0.0000	0.0000	0.0000	0.0000	0.0000	0.0000	0.0000	0.0000	0.0000	0.0000	0.0000	0.0000	0.0000	0.0000	0.0000	0.0000	0.0000	0.0000	0.0000	0.0000	0.0000	0.0000	0.0310	0.0194	0.0116	0.0105	0.0087	0.0018	0.0205	0.0107	0.0098	0.0000	0.0000	0.0000	0.0000	0.0000	0.0000	0.0000	0.0000	0.0000	0.0000	0.0000	0.0000	0.0000	0.0000	0.0000	0.0000	0.0000	0.0000						
13	139	0.2312	8	1	0	1	1	0	0	0	0	N	N	N	N	N	N	N	N	N	N	N	N	0.0000	0.0000	0.0000	0.0000	0.0000	0.0000	0.0000	0.0000	0.0000	0.0000	0.0000	0.0000	0.0000	0.0000	0.0000	0.0000	0.0023	0.0037	0.0000	0.0069	0.0083	0.0000	0.0000	0.0000	0.0000	0.0000	0.0000	-0.0001	0.0560	1.0020	10.7426	3.0181	0.0000	0.0000	0.0000	0.0000	0.0000	0.0000	0.0000	0.0000	0.0000	0.0001	0.0001	0.0000	0.0001	0.0001	0.0000	0.0000	0.0000	0.0000	0.0013	0.0010	0.0004	0.0010	0.0007	0.0003	0.0004	0.0003	0.0001	0.0646	0.0406	0.0241	0.0216	0.0180	0.0036	0.0431	0.0226	0.0205	0.0000	0.0000	0.0000	0.0000	0.0000	0.0000	0.0000	0.0000	0.0000	0.0023	0.0037	0.0000	0.0069	0.0083	0.0000	0.0000	0.0000	0.0000			
13	140	0.2169	8	1	1	1	0	0	0	0	0	N	N	N	N	N	N	N	N	N	N	N	N	0.0000	0.0000	0.0000	0.0000	0.0000	0.0000	0.0000	0.0000	0.0000	0.0000	0.0000	0.0000	0.0000	0.0000	0.0000	0.0000	0.0000	0.0000	0.0000	0.0000	0.0560	0.0000	10.7426	4.0001	0.0000	0.0000	0.0000	0.0000	0.0000	0.0000	0.0000	0.0000	0.0000	0.0000	0.0000	0.0000	0.0000	0.0000	0.0000	0.0000	0.0000	0.0000	0.0000	0.0000	0.0000	0.0000	0.0000	0.0000	0.0000	0.0000	0.0000	0.0644	0.0401	0.0243	0.0202	0.0168	0.0034	0.0442	0.0233	0.0209	0.0000	0.0000	0.0000	0.0000	0.0000	0.0000	0.0000	0.0000	0.0000	0.0000	0.0000	0.0000	0.0000	0.0000	0.0000	0.0000	0.0000	0.0000											
13	141	0.5945	10	1	1	1	0	0	0	0	0	N	N	N	N	N	N	N	N	N	N	N	N	0.0004	0.0003	0.0000	0.0004	0.0004	0.0000	0.0000	0.0000	0.0000	0.0000	0.0000	0.0000	0.0000	0.0000	0.0000	0.0000	0.0000	0.0000	0.0167	0.0243	0.0000	0.0293	0.0368	0.0000	0.0000	0.0000	0.0000	0.0000	0.0000	-0.0000	-0.0006	0.0560	1.0003	10.7426	5.0186	0.0000	0.0000	0.0000	0.0000	0.0000	0.0000	0.0000	0.0000	0.0000	0.0012	0.0012	0.0000	0.0012	0.0012	0.0000	0.0000	0.0000	0.0000	0.0016	0.0015	0.0002	0.0008	0.0008	0.0000	0.0009	0.0007	0.0001	0.0739	0.0508	0.0231	0.0421	0.0335	0.0086	0.0317	0.0173	0.0144	0.0004	0.0003	0.0000	0.0004	0.0004	0.0000	0.0000	0.0000	0.0000	0.0167	0.0243	0.0000	0.0293	0.0368	0.0000	0.0000	0.0000	0.0000
13	142	0.2312	8	1	0	2	1	0	0	0	0	N	N	Y	N	N	N	N	N	N	N	N	N	0.0000	0.0000	0.0000	0.0000	0.0000	0.0000	0.0000	0.0000	0.0000	0.0000	0.0000	0.0000	0.0000	0.0000	0.0000	0.0000	0.0000	9.5932	17.4136	0.0000	0.0002	0.0003	0.0000	10.4146	19.8121	0.0000	0.0000	0.0000	-0.4515	0.0560	0.0001	10.7426	9.0026	0.0000	0.0000	0.0000	0.0000	0.0000	0.0000	0.0000	0.0000	0.0000	0.9849	0.9849	0.0000	0.0000	0.0000	0.0000	0.9849	0.9849	0.0000	0.0000	0.0000	0.0000	0.0000	0.0000	0.0000	0.0000	0.0000	0.0000	0.1417	0.0890	0.0527	0.0472	0.0393	0.0079	0.0946	0.0497	0.0449	0.0000	0.0000	0.0000	0.0000	0.0000	0.0000	0.0000	0.0000	0.0000	6.9495	11.0669	0.0000	0.0002	0.0003	0.0000	10.4146	19.8121	0.0000		
13	143	0.5800	10	1	0	2	1	0	0	0	0	N	N	Y	N	N	N	N	N	N	N	N	N	0.0078	1.3908	0.0000	0.0000	0.0000	0.0000	0.0082	182.3143	0.0000	0.0868	0.0958	0.0000	0.0000	0.0000	0.0000	0.1621	0.1941	0.0000	11.1926	0.0689	58.5741	0.0789	0.0996	0.0042	19.7050	0.0011	99.1833	0.0000	163.7963	-0.0001	0.5242	0.0560	2.0061	10.7426	8.0425	0.0003	0.0003	0.0000	0.0000	0.0000	0.0000	0.0003	0.0003	0.0000	0.9787	0.0059	0.9728	0.0060	0.0059	0.0001	0.9728	0.0000	0.9727	0.0032	0.0029	0.0003	0.0015	0.0015	0.0000	0.0017	0.0014	0.0003	0.1254	0.0862	0.0392	0.0758	0.0594	0.0164	0.0496	0.0268	0.0228	0.0111	1.3908	0.0000	0.0000	0.0000	0.0000	0.0083	182.3143	0.0000	7.8078	0.0689	24.8418	0.0789	0.0996	0.0042	19.6132	0.0011	42.7135
13	144	0.5709	9	1	0	1	1	0	0	0	0	N	N	N	N	N	N	N	N	N	N	N	N	0.0000	0.0000	0.0000	0.0000	0.0000	0.0000	0.0000	0.0000	0.0000	0.0000	0.0000	0.0000	0.0000	0.0000	0.0000	0.0000	0.0000	0.0000	0.1077	0.0121	0.3677	0.0024	0.0028	0.0001	0.2452	0.0302	0.5380	11.1275	0.0000	0.0039	0.0560	1.9550	10.7426	2.1189	0.0000	0.0000	0.0000	0.0000	0.0000	0.0000	0.0000	0.0000	0.0000	0.0085	0.0007	0.0078	0.0001	0.0001	0.0000	0.0084	0.0006	0.0078	0.0032	0.0029	0.0003	0.0015	0.0015	0.0000	0.0017	0.0014	0.0003	0.0792	0.0579	0.0213	0.0448	0.0381	0.0067	0.0343	0.0198	0.0145	0.0000	0.0000	0.0000	0.0000	0.0000	0.0000	0.0000	0.0000	0.0000	0.1077	0.0121	0.3677	0.0024	0.0028	0.0001	0.2452	0.0302	0.5380	
13	145	0.5709	9	1	0	2	1	0	0	0	0	N	N	Y	N	N	N	N	N	N	N	N	N	0.0000	0.0000	0.0000	0.0000	0.0000	0.0000	0.0000	0.0000	0.0000	0.0000	0.0000	0.0000	0.0000	0.0000	0.0000	0.0000	0.0000	3.8529	5.9990	0.0000	0.1937	0.2412	0.0000	8.8700	16.1370	0.0000	0.0000	0.0000	-0.4718	0.0560	2.1261	10.7426	18.6477	0.0000	0.0000	0.0000	0.0000	0.0000	0.0000	0.0000	0.0000	0.0000	1.0292	1.0292	0.0000	0.0306	0.0306	0.0000	0.9986	0.9986	0.0000	0.0035	0.0031	0.0003	0.0016	0.0016	0.0000	0.0018	0.0015	0.0003	0.2705	0.1887	0.0818	0.1579	0.1268	0.0311	0.1126	0.0619	0.0507	0.0000	0.0000	0.0000	0.0000	0.0000	0.0000	0.0000	0.0000	0.0000	3.8044	5.4536	0.0000	0.1937	0.2412	0.0000	8.8700	16.1370	0.0000		
13	146	0.2312	8	1	0	2	1	0	0	0	0	N	N	Y	N	N	N	N	N	N	N	N	N	1307.8167	1168.1283	0.0000	214.6536	269.1174	200155.6750	inf	0.0000	0.1047	0.1473	0.0000	0.0511	0.0768	0.0000	0.2511	0.3004	0.0000	0.0001	0.0001	0.0000	0.0002	0.0003	0.0000	0.0000	0.0000	0.0000	0.0000	0.0106	-0.0001	-0.0000	0.0560	2.0001	10.7426	5.9880	0.0003	0.0003	0.0000	0.0001	0.0001	0.0000	0.0002	0.0002	0.0000	0.0000	0.0000	0.0000	0.0000	0.0000	0.0000	0.0000	0.0000	0.0000	0.0027	0.0019	0.0008	0.0020	0.0013	0.0007	0.0007	0.0006	0.0001	0.1263	0.0793	0.0470	0.0420	0.0350	0.0070	0.0842	0.0443	0.0400	1307.8167	1168.1283	0.0000	214.6536	269.1174	0.0000	200155.6750	inf	0.0000	0.0001	0.0001	0.0000	0.0002	0.0003	0.0000	0.0000	0.0000	0.0000	
13	147	0.2312	8	1	0	2	1	0	0	0	0	N	N	Y	N	N	N	N	N	N	N	N	N	0.0000	0.0000	0.0000	0.0000	0.0000	0.0000	0.0000	0.0000	0.0000	0.0000	0.0000	0.0000	0.0000	0.0000	0.0000	0.0000	0.0000	0.0000	0.0002	0.0002	0.0001	0.0003	0.0003	0.0004	0.0001	0.0001	0.0000	0.1684	0.0000	-0.0000	0.0560	9.0001	10.7426	23.0169	0.0000	0.0000	0.0000	0.0000	0.0000	0.0000	0.0000	0.0000	0.0000	0.0001	0.0001	0.0000	0.0001	0.0000	0.0000	0.0000	0.0000	0.0000	0.0116	0.0083	0.0033	0.0084	0.0057	0.0028	0.0031	0.0026	0.0005	0.4600	0.2890	0.1710	0.1509	0.1255	0.0254	0.3091	0.1635	0.1456	0.0000	0.0000	0.0000	0.0000	0.0000	0.0000	0.0000	0.0000	0.0000	0.0002	0.0002	0.0001	0.0003	0.0003	0.0004	0.0001	0.0001	0.0000	
13	148	0.2059	7	1	0	1	1	0	0	0	0	N	N	N	N	N	N	N	N	N	N	N	N	9.2993	20.2400	0.0000	0.1363	0.2335	0.0000	50.9013	1163675.7604	0.0000	0.0122	0.0171	0.0000	0.0003	0.0005	0.0000	0.0445	0.0529	0.0000	0.0013	0.0008	0.0021	0.0022	0.0019	0.0036	0.0009	0.0000	0.0018	0.0000	1.4696	-0.0000	0.0000	0.0560	1.9990	10.7426	7.9526	0.0000	0.0000	0.0000	0.0000	0.0000	0.0000	0.0000	0.0000	0.0000	0.0002	0.0001	0.0001	0.0001	0.0001	0.0000	0.0001	0.0000	0.0001	0.0028	0.0020	0.0008	0.0021	0.0014	0.0007	0.0008	0.0006	0.0001	0.1675	0.1052	0.0623	0.0544	0.0457	0.0087	0.1131	0.0594	0.0537	9.2993	20.2400	0.0000	0.1363	0.2335	0.0000	50.9013	1163675.7604	0.0000	0.0013	0.0008	0.0021	0.0022	0.0019	0.0036	0.0009	0.0000	0.0018
13	149	0.1740	6	2	1	1	0	0	0	0	0	Y	N	N	N	N	N	N	N	N	N	N	N	6.1974	5.2869	0.0000	0.0108	0.0136	0.0000	646.8263	53171.2979	0.0000	0.4041	0.5330	0.0000	0.0021	0.0030	0.0000	1.4800	1.5558	0.0000	0.0652	0.1008	0.0042	0.1896	0.2203	0.0010	0.0023	0.0000	0.0047	0.0000	0.0245	-0.0093	-0.0117	0.0560	5.3497	10.7426	17.2225	0.0210	0.0210	0.0000	0.0001	0.0001	0.0000	0.0209	0.0209	0.0000	0.0270	0.0264	0.0006	0.0264	0.0264	0.0000	0.0006	0.0000	0.0006	0.0519	0.0393	0.0125	0.0378	0.0259	0.0119	0.0141	0.0134	0.0007	0.4146	0.2618	0.1528	0.1393	0.1198	0.0195	0.2753	0.1420	0.1333	6.1974	5.2869	0.0000	0.0108	0.0136	0.0000	646.8263	53171.2979	0.0000	0.0652	0.1008	0.0042	0.1896	0.2203	0.0010	0.0023	0.0000	0.0047
13	150	0.2048	7	1	1	1	0	0	0	0	0	N	N	N	N	N	N	N	N	N	N	N	N	4.7849	4.0678	0.0000	2.3285	2.8692	0.0000	20.0764	3231.5543	0.0000	0.3534	0.4631	0.0000	0.4877	0.6900	0.0000	0.0027	0.0029	0.0000	0.0739	0.1138	0.0003	0.2094	0.2405	0.0002	0.0001	0.0000	0.0003	0.0000	0.0013	-0.0079	-0.0132	0.0560	3.6794	10.7426	17.4287	0.0178	0.0178	0.0000	0.0178	0.0178	0.0000	0.0000	0.0000	0.0000	0.0290	0.0289	0.0000	0.0289	0.0289	0.0000	0.0000	0.0000	0.0000	0.0505	0.0385	0.0120	0.0365	0.0258	0.0107	0.0140	0.0127	0.0013	0.3920	0.2540	0.1380	0.1381	0.1203	0.0178	0.2539	0.1338	0.1202	4.7849	4.0678	0.0000	2.3285	2.8692	0.0000	20.0764	3231.5543	0.0000	0.0739	0.1138	0.0003	0.2094	0.2405	0.0002	0.0001	0.0000	0.0003
13	151	0.1740	6	1	1	1	0	0	0	0	0	N	N	N	N	N	N	N	N	N	N	N	N	0.1720	0.1332	3.9430	0.0288	0.0407	10.2625	50.1207	62.0021	40.6683	0.5624	0.7295	0.0465	0.5682	0.8227	0.0273	0.5463	0.5469	0.5295	3.2688	5.4759	0.0118	19.7225	20.2213	0.0027	0.0109	0.0088	0.0130	0.0206	0.0013	-0.0119	-0.4373	0.0560	3.4464	10.7426	10.1316	0.0284	0.0278	0.0006	0.0211	0.0207	0.0003	0.0073	0.0070	0.0002	0.9568	0.9555	0.0012	0.9547	0.9547	0.0000	0.0021	0.0008	0.0012	0.0504	0.0381	0.0123	0.0371	0.0252	0.0119	0.0133	0.0129	0.0005	0.2927	0.1871	0.1056	0.1046	0.0921	0.0125	0.1881	0.0950	0.0931	0.1720	0.1428	3.9430	0.0622	0.0794	10.2625	50.1207	62.0021	40.6683	3.2688	5.1073	0.0118	9.1295	10.3657	0.0027	0.0109	0.0088	0.0130
13	152	0.6013	12	2	1	1	0	0	0	0	0	Y	N	N	N	N	N	N	N	N	N	N	N	0.0000	0.0000	0.0000	0.0000	0.0000	0.0000	0.0000	0.0000	0.0000	0.0000	0.0000	0.0000	0.0000	0.0000	0.0000	0.0000	0.0000	0.0010	0.0014	0.0000	0.0017	0.0022	0.0000	0.0000	0.0000	0.0000	0.0004	0.0000	-0.0001	0.0560	1.0143	10.7426	12.0086	0.0000	0.0000	0.0000	0.0000	0.0000	0.0000	0.0000	0.0000	0.0000	0.0001	0.0001	0.0000	0.0001	0.0001	0.0000	0.0000	0.0000	0.0000	0.0017	0.0015	0.0002	0.0008	0.0008	0.0000	0.0009	0.0007	0.0001	0.1535	0.1055	0.0480	0.0871	0.0692	0.0178	0.0665	0.0363	0.0302	0.0000	0.0000	0.0000	0.0000	0.0000	0.0000	0.0000	0.0000	0.0000	0.0010	0.0014	0.0000	0.0017	0.0022	0.0000	0.0000	0.0000	0.0000		
13	153	0.5991	11	2	1	1	0	0	0	0	0	Y	N	N	N	N	N	N	N	N	N	N	N	0.0000	0.0000	0.0000	0.0000	0.0000	0.0000	0.0000	0.0000	0.0000	0.0000	0.0000	0.0000	0.0000	0.0000	0.0000	0.0000	0.0000	0.0008	0.0011	0.0000	0.0013	0.0017	0.0000	0.0000	0.0000	0.0000	0.0033	0.0000	-0.0000	0.0560	0.9811	10.7426	0.0216	0.0000	0.0000	0.0000	0.0000	0.0000	0.0000	0.0000	0.0000	0.0000	0.0000	0.0000	0.0000	0.0000	0.0000	0.0000	0.0000	0.0000	0.0000	0.0016	0.0014	0.0002	0.0007	0.0007	0.0000	0.0008	0.0007	0.0001	0.0125	0.0086	0.0039	0.0071	0.0057	0.0015	0.0054	0.0029	0.0025	0.0000	0.0000	0.0000	0.0000	0.0000	0.0000	0.0000	0.0000	0.0000	0.0008	0.0011	0.0000	0.0013	0.0017	0.0000	0.0000	0.0000	0.0000		
13	154	0.5945	10	2	1	1	0	0	0	0	0	Y	N	N	N	N	N	N	N	N	N	N	N	0.0144	0.0110	0.0000	0.0172	0.0140	0.0000	0.0000	0.0000	0.0000	0.0007	0.0008	0.0000	0.0014	0.0015	0.0000	0.0000	0.0000	0.0000	0.0483	0.0701	0.0000	0.0838	0.1051	0.0000	0.0009	0.0016	0.0000	0.0000	0.0000	-0.0000	-0.0006	0.0560	0.0083	10.7426	2.0001	0.0000	0.0000	0.0000	0.0000	0.0000	0.0000	0.0000	0.0000	0.0000	0.0012	0.0012	0.0000	0.0012	0.0012	0.0000	0.0000	0.0000	0.0000	0.0000	0.0000	0.0000	0.0000	0.0000	0.0000	0.0000	0.0000	0.0000	0.0258	0.0177	0.0080	0.0147	0.0117	0.0030	0.0110	0.0060	0.0050	0.0144	0.0110	0.0000	0.0172	0.0140	0.0000	0.0000	0.0000	0.0000	0.0483	0.0701	0.0000	0.0838	0.1051	0.0000	0.0009	0.0016	0.0000
13	155	0.5709	9	1	1	1	0	0	0	0	0	N	N	N	N	N	N	N	N	N	N	N	N	0.0039	0.0027	0.0000	0.0026	0.0022	0.0000	0.0000	0.0000	0.0000	0.0297	0.0328	0.0000	0.0628	0.0639	0.0000	0.0000	0.0000	0.0000	7.6746	12.0038	0.0004	23.9069	29.0040	0.0011	0.0004	0.0007	0.0000	0.0000	0.0000	-0.0001	-0.4215	0.0560	2.9180	10.7426	7.4065	0.0001	0.0001	0.0000	0.0001	0.0001	0.0000	0.0000	0.0000	0.0000	0.9196	0.9196	0.0000	0.9196	0.9196	0.0000	0.0000	0.0000	0.0000	0.0047	0.0043	0.0004	0.0022	0.0022	0.0000	0.0025	0.0021	0.0004	0.1534	0.1087	0.0448	0.0890	0.0727	0.0163	0.0645	0.0360	0.0285	0.0049	0.0039	0.0000	0.0061	0.0051	0.0000	0.0000	0.0000	0.0000	5.9933	8.4607	0.0004	10.3345	12.6450	0.0011	0.0004	0.0007	0.0000
13	156	0.5051	8	1	0	1	0	0	0	0	0	N	N	N	N	N	N	N	N	N	N	N	N	0.0024	0.0018	0.0253	0.0067	0.0059	0.0000	0.0002	0.0000	0.0740	0.0000	0.0000	0.0000	0.0001	0.0001	0.0000	0.0000	0.0000	0.0000	0.0168	0.0234	0.0009	0.0118	0.0140	0.0018	0.0240	0.0438	0.0004	0.0556	0.0155	-0.0000	-0.0033	0.0560	8.2479	10.7426	19.7214	0.0000	0.0000	0.0000	0.0000	0.0000	0.0000	0.0000	0.0000	0.0000	0.0075	0.0074	0.0001	0.0031	0.0030	0.0001	0.0044	0.0044	0.0000	0.0146	0.0132	0.0014	0.0071	0.0069	0.0002	0.0075	0.0063	0.0012	0.4485	0.3173	0.1313	0.2639	0.2166	0.0473	0.1847	0.1007	0.0840	0.0024	0.0018	0.0253	0.0067	0.0059	0.0000	0.0002	0.0000	0.0740	0.0168	0.0234	0.0009	0.0118	0.0140	0.0018	0.0240	0.0438	0.0004
13	157	0.4689	7	1	0	1	0	0	0	0	0	N	N	N	N	N	N	N	N	N	N	N	N	0.0022	0.0005	0.5637	0.0064	0.0053	0.0637	0.0013	0.0000	0.5087	0.0005	0.0002	0.0038	0.0003	0.0003	0.0003	0.0007	0.0000	0.0042	0.2323	0.3234	0.0067	0.0447	0.0542	0.0046	0.5241	0.9233	0.0082	2.6689	0.0084	0.0000	-0.0482	0.0560	7.4725	10.7426	14.3153	0.0000	0.0000	0.0000	0.0000	0.0000	0.0000	0.0000	0.0000	0.0000	0.1070	0.1061	0.0009	0.0125	0.0123	0.0002	0.0945	0.0938	0.0006	0.0123	0.0111	0.0012	0.0057	0.0056	0.0001	0.0066	0.0055	0.0011	0.4606	0.3282	0.1324	0.2803	0.2265	0.0538	0.1803	0.1016	0.0786	0.0022	0.0005	0.5637	0.0064	0.0053	0.0637	0.0013	0.0000	0.5087	0.2323	0.3234	0.0067	0.0447	0.0542	0.0046	0.5241	0.9233	0.0082
13	158	0.4034	6	1	0	1	0	0	0	0	0	N	N	N	N	N	N	N	N	N	N	N	N	0.0018	0.0014	0.0001	0.0027	0.0023	0.0011	0.0003	0.0002	0.0000	0.0010	0.0011	0.0000	0.0022	0.0022	0.0000	0.0001	0.0001	0.0000	0.5864	0.8131	0.0266	0.7998	0.9650	0.0082	0.3165	0.5321	0.0358	0.0001	0.0132	-0.0000	-0.1701	0.0560	11.6653	10.7426	19.4910	0.0000	0.0000	0.0000	0.0000	0.0000	0.0000	0.0000	0.0000	0.0000	0.3821	0.3771	0.0050	0.2910	0.2905	0.0005	0.0911	0.0866	0.0045	0.0186	0.0168	0.0018	0.0084	0.0083	0.0001	0.0102	0.0085	0.0016	0.6515	0.4637	0.1878	0.3638	0.3010	0.0628	0.2877	0.1627	0.1250	0.0018	0.0014	0.0001	0.0027	0.0023	0.0011	0.0003	0.0002	0.0000	0.5864	0.8131	0.0266	0.7998	0.9650	0.0082	0.3165	0.5321	0.0358
13	159	0.3562	5	1	0	1	0	0	0	0	0	N	N	N	N	N	N	N	N	N	N	N	N	0.0028	0.0025	0.0006	0.0126	0.0108	0.0005	0.0007	0.0005	0.0005	0.0045	0.0049	0.0004	0.0072	0.0074	0.0000	0.0020	0.0023	0.0005	1.5901	1.9609	0.6997	0.5736	0.6894	0.0200	2.8787	4.3727	1.0330	0.0089	0.1486	-0.0000	-0.3429	0.0560	7.3933	10.7426	20.5306	0.0001	0.0001	0.0000	0.0000	0.0000	0.0000	0.0000	0.0000	0.0000	1.0422	0.9074	0.1348	0.2102	0.2089	0.0013	0.8321	0.6985	0.1336	0.0130	0.0117	0.0013	0.0062	0.0060	0.0002	0.0068	0.0057	0.0011	0.6555	0.4628	0.1927	0.3664	0.3030	0.0634	0.2891	0.1597	0.1293	0.0028	0.0025	0.0006	0.0126	0.0108	0.0005	0.0007	0.0005	0.0005	1.5901	1.9609	0.6997	0.5736	0.6894	0.0200	2.8787	4.3727	1.0330
13	160	0.1200	4	1	0	1	0	0	0	0	0	N	N	N	N	N	N	N	N	N	N	N	N	0.0029	0.0041	0.0005	0.0031	0.0026	0.0439	0.0033	0.0047	0.0004	0.0012	0.0013	0.0003	0.0002	0.0002	0.0000	0.0018	0.0021	0.0003	0.4064	0.3087	0.5634	0.0640	0.0781	0.0009	0.5406	0.4460	0.6508	0.0245	1.1353	-0.0000	0.0299	0.0560	27.6416	10.7426	54.6365	0.0000	0.0000	0.0000	0.0000	0.0000	0.0000	0.0000	0.0000	0.0000	0.4073	0.1908	0.2166	0.0181	0.0180	0.0000	0.3893	0.1727	0.2165	0.0373	0.0337	0.0036	0.0150	0.0149	0.0001	0.0223	0.0188	0.0036	1.0022	0.6178	0.3844	0.2822	0.2305	0.0517	0.7201	0.3874	0.3327	0.0029	0.0041	0.0005	0.0031	0.0026	0.0439	0.0033	0.0047	0.0004	0.4064	0.3087	0.5634	0.0640	0.0781	0.0009	0.5406	0.4460	0.6508
13	161	0.2245	10	2	1	1	0	0	0	0	0	Y	N	N	N	N	N	N	N	N	N	N	N	0.0000	0.0000	0.0000	0.0000	0.0000	0.0000	0.0000	0.0000	0.0000	0.0000	0.0000	0.0000	0.0000	0.0000	0.0000	0.0000	0.0471	0.0751	0.0000	0.1473	0.1762	0.0000	0.0000	0.0000	0.0000	0.0000	0.0000	-0.0011	0.0560	0.0002	10.7426	3.0099	0.0000	0.0000	0.0000	0.0000	0.0000	0.0000	0.0000	0.0000	0.0000	0.0023	0.0023	0.0000	0.0023	0.0023	0.0000	0.0000	0.0000	0.0000	0.0000	0.0000	0.0000	0.0000	0.0000	0.0000	0.0000	0.0000	0.0000	0.0497	0.0312	0.0186	0.0159	0.0133	0.0026	0.0338	0.0179	0.0159	0.0000	0.0000	0.0000	0.0000	0.0000	0.0000	0.0000	0.0000	0.0000	0.0471	0.0751	0.0000	0.1473	0.1762	0.0000	0.0000	0.0000	0.0000			
13	162	0.2169	9	2	1	1	0	0	0	0	0	Y	N	N	N	N	N	N	N	N	N	N	N	0.0000	0.0000	0.0000	0.0000	0.0000	0.0000	0.0000	0.0000	0.0000	0.0000	0.0000	0.0000	0.0000	0.0000	0.0000	0.0000	0.0483	0.0003	0.1273	0.0006	0.0008	0.0000	0.0701	0.0000	0.1482	235.4465	0.0000	0.0013	0.0560	0.9998	10.7426	2.0118	0.0000	0.0000	0.0000	0.0000	0.0000	0.0000	0.0000	0.0000	0.0000	0.0024	0.0000	0.0023	0.0000	0.0000	0.0000	0.0023	0.0000	0.0023	0.0013	0.0010	0.0004	0.0010	0.0007	0.0003	0.0004	0.0003	0.0001	0.0487	0.0303	0.0184	0.0153	0.0127	0.0026	0.0334	0.0176	0.0158	0.0000	0.0000	0.0000	0.0000	0.0000	0.0000	0.0000	0.0000	0.0000	0.0483	0.0003	0.1273	0.0006	0.0008	0.0000	0.0701	0.0000	0.1482			
13	163	0.2169	8	2	1	1	0	0	0	0	0	Y	N	N	N	N	N	N	N	N	N	N	N	0.0000	0.0000	0.0000	0.0000	0.0000	0.0000	0.0000	0.0000	0.0000	0.0000	0.0000	0.0000	0.0000	0.0000	0.0000	0.0000	0.0000	0.0000	0.0000	-0.0000	0.0560	0.0000	10.7426	0.0003	0.0000	0.0000	0.0000	0.0000	0.0000	0.0000	0.0000	0.0000	0.0000	0.0000	0.0000	0.0000	0.0000	0.0000	0.0000	0.0000	0.0000	0.0000	0.0000	0.0000	0.0000	0.0000	0.0000	0.0000	0.0000	0.0000	0.0000	0.0000	0.0000	0.0000	0.0000	0.0000	0.0000	0.0000	0.0000	0.0000	0.0000	0.0000	0.0000	0.0000	0.0000	0.0000	0.0000	0.0000	0.0000	0.0000	0.0000	0.0000	0.0000	0.0000	0.0000	0.0000	0.0000	0.0000											
13	164	0.2059	7	1	1	1	0	0	0	0	0	N	N	N	N	N	N	N	N	N	N	N	N	144.8266	8972.1930	0.0000	4.9300	112.1492	0.0000	483.4644	9850409.9154	0.0000	0.2403	0.3211	0.0000	0.0059	0.0087	0.0000	0.9220	0.9515	0.0000	0.0017	0.0000	0.0045	0.0012	0.0001	0.0075	0.0019	0.0000	0.0040	0.0000	72.0311	-0.0000	0.0001	0.0560	0.0063	10.7426	4.3641	0.0000	0.0000	0.0000	0.0000	0.0000	0.0000	0.0000	0.0000	0.0000	0.0001	0.0000	0.0001	0.0000	0.0000	0.0000	0.0001	0.0000	0.0001	0.0001	0.0001	0.0000	0.0001	0.0001	0.0000	0.0000	0.0000	0.0000	0.0816	0.0518	0.0298	0.0281	0.0239	0.0042	0.0536	0.0280	0.0256	144.8266	8972.1930	0.0000	4.9300	112.1492	0.0000	483.4644	9850409.9154	0.0000	0.0017	0.0000	0.0045	0.0012	0.0001	0.0075	0.0019	0.0000	0.0040
13	165	0.1740	6	1	0	1	0	0	0	0	0	N	N	N	N	N	N	N	N	N	N	N	N	6.8409	885.7537	0.0003	0.2167	3.4230	0.0003	17.9817	13599.1923	0.0035	0.4220	0.5598	0.0000	0.0027	0.0039	0.0000	1.6112	1.6578	0.0006	0.0617	0.0006	0.1705	0.0123	0.0011	0.0974	0.0896	0.0001	0.1802	0.0000	151.3763	-0.0093	0.0092	0.0560	2.5207	10.7426	10.0226	0.0210	0.0210	0.0000	0.0001	0.0001	0.0000	0.0209	0.0209	0.0000	0.0172	0.0001	0.0170	0.0012	0.0001	0.0011	0.0159	0.0000	0.0159	0.0497	0.0375	0.0122	0.0367	0.0249	0.0119	0.0130	0.0126	0.0004	0.2781	0.1782	0.0999	0.1004	0.0888	0.0116	0.1777	0.0894	0.0883	6.8409	885.7537	0.0003	0.2167	3.4230	0.0003	17.9817	13599.1923	0.0035	0.0617	0.0006	0.1705	0.0123	0.0011	0.0974	0.0896	0.0001	0.1802
13	166	0.1584	5	1	0	1	0	0	0	0	0	N	N	N	N	N	N	N	N	N	N	N	N	0.6067	32.2504	0.0003	0.7479	0.8453	0.0353	0.9622	44802.5725	0.0005	3.3022	4.0540	0.0083	0.1686	0.2050	0.0026	7.3765	9.1399	0.0153	5.4427	0.1257	31.6381	0.2254	0.2426	0.0742	7.6659	0.0002	32.1341	0.0005	55.3447	-0.0136	0.4955	0.0560	2.6894	10.7426	4.6619	0.0310	0.0309	0.0000	0.0009	0.0009	0.0000	0.0301	0.0301	0.0000	0.9458	0.0168	0.9290	0.0174	0.0168	0.0006	0.9285	0.0000	0.9284	0.0094	0.0076	0.0017	0.0053	0.0043	0.0010	0.0041	0.0033	0.0008	0.1981	0.1335	0.0646	0.0770	0.0691	0.0078	0.1211	0.0644	0.0567	0.6917	32.2504	0.0006	0.7479	0.8453	0.0353	0.9622	44802.5725	0.0009	4.7742	0.1257	14.3873	0.2254	0.2426	0.0742	7.6659	0.0002	16.3675
13	167	0.1200	4	1	0	1	0	0	0	0	0	N	N	N	N	N	N	N	N	N	N	N	N	0.7027	6.8838	0.0032	0.0219	0.0185	0.0750	0.8281	56.0976	0.0027	0.2105	0.2335	0.0024	0.0012	0.0012	0.0002	0.3538	0.4227	0.0024	0.2996	0.0339	0.7469	0.0551	0.0653	0.0032	0.4272	0.0075	0.8789	0.0011	13.0757	-0.0004	0.0308	0.0560	2.7966	10.7426	8.5340	0.0009	0.0009	0.0000	0.0000	0.0000	0.0000	0.0009	0.0009	0.0000	0.0654	0.0046	0.0607	0.0041	0.0041	0.0000	0.0613	0.0006	0.0607	0.0044	0.0040	0.0004	0.0018	0.0018	0.0000	0.0026	0.0022	0.0004	0.2182	0.1369	0.0813	0.0748	0.0626	0.0123	0.1434	0.0743	0.0691	0.7027	6.8838	0.0032	0.0219	0.0185	0.0750	0.8281	56.0976	0.0027	0.2996	0.0339	0.7469	0.0551	0.0653	0.0032	0.4272	0.0075	0.8789
14	15	0.4850	8	0	0	2	0	0	0	0	0	N	N	Y	N	N	N	N	N	N	N	N	N	13.8221	12.5815	5.0705	25.6963	23.7360	51.6148	0.7156	0.0001	3.0359	0.0587	0.0654	0.0106	0.1802	0.1895	0.0278	0.0012	0.0000	0.0076	0.0042	0.0052	0.0021	0.0070	0.0080	0.0005	0.0016	0.0009	0.0025	0.0228	0.1793	-0.0293	-0.0015	16.7310	10.3367	15.9078	13.9008	0.0699	0.0684	0.0016	0.0690	0.0684	0.0006	0.0009	0.0000	0.0009	0.0050	0.0043	0.0008	0.0040	0.0040	0.0000	0.0010	0.0003	0.0007	1.1916	1.0447	0.1469	0.3828	0.3607	0.0221	0.8088	0.6840	0.1248	1.1891	0.8231	0.3661	0.5770	0.5016	0.0754	0.6121	0.3214	0.2907	13.8221	12.5815	5.0705	25.6963	23.7360	51.6148	0.7156	0.0001	3.0359	0.0042	0.0052	0.0021	0.0070	0.0080	0.0005	0.0016	0.0009	0.0025
14	16	0.1631	6	0	0	2	0	0	0	0	0	N	N	Y	N	N	N	N	N	N	N	N	N	16.3373	11.7808	0.0000	0.0071	0.0063	0.0000	18.4148	11.8886	0.0000	0.7823	0.9187	0.0000	0.0003	0.0004	0.0000	0.8750	1.0398	0.0000	0.0479	0.0780	0.0001	0.0490	0.0592	0.0000	0.0475	0.0875	0.0001	0.0000	0.0009	-0.4411	-0.0300	16.7310	12.0000	15.9078	18.8883	1.0000	1.0000	0.0000	0.0000	0.0000	0.0000	1.0000	1.0000	0.0000	0.0656	0.0656	0.0001	0.0167	0.0167	0.0000	0.0490	0.0489	0.0001	1.2783	1.0885	0.1897	0.1354	0.1269	0.0085	1.1429	0.9617	0.1812	1.3704	0.8408	0.5297	0.3400	0.2817	0.0583	1.0305	0.5591	0.4714	16.3373	11.7808	0.0000	0.0071	0.0063	0.0000	18.4148	11.8886	0.0000	0.0479	0.0780	0.0001	0.0490	0.0592	0.0000	0.0475	0.0875	0.0001
14	17	0.6462	9	1	1	1	0	0	0	0	0	N	N	N	N	N	N	N	N	N	N	N	N	0.1455	0.0000	3467.0882	0.0000	0.0000	0.0000	inf	inf	0.0000	0.0000	0.0000	0.0000	0.0000	0.0000	0.0000	0.0000	0.0000	0.0000	0.0000	0.0000	0.0000	0.0000	0.0000	0.0000	0.0000	0.0000	inf	0.0001	0.0000	-0.0000	16.7310	3.5868	15.9078	9.0275	0.0000	0.0000	0.0000	0.0000	0.0000	0.0000	0.0000	0.0000	0.0000	0.0000	0.0000	0.0000	0.0000	0.0000	0.0000	0.0000	0.0000	0.0000	0.6193	0.5521	0.0672	0.2671	0.2542	0.0129	0.3522	0.2979	0.0543	0.4677	0.3226	0.1451	0.2620	0.2186	0.0433	0.2057	0.1040	0.1018	0.1455	0.0000	3467.0882	0.0000	0.0000	0.0000	inf	0.0000	inf	0.0000	0.0000	0.0000	0.0000	0.0000	0.0000	0.0000	0.0000	0.0000	
14	18	0.2159	6	1	1	1	0	0	0	0	0	N	N	N	N	N	N	N	N	N	N	N	N	0.0000	0.0000	0.0000	0.0000	0.0000	0.0000	0.0000	0.0000	0.0000	0.0000	0.0000	0.0000	0.0000	0.0000	0.0000	0.0000	0.0000	0.0001	0.0001	0.0001	0.0004	0.0002	0.0011	0.0000	0.0000	0.0000	0.9845	0.0000	0.0000	16.7310	3.9981	15.9078	16.5900	0.0000	0.0000	0.0000	0.0000	0.0000	0.0000	0.0000	0.0000	0.0000	0.0001	0.0000	0.0000	0.0001	0.0000	0.0000	0.0000	0.0000	0.0000	0.4435	0.3763	0.0672	0.0454	0.0421	0.0033	0.3981	0.3342	0.0639	0.8718	0.5353	0.3365	0.2251	0.1889	0.0362	0.6467	0.3464	0.3003	0.0000	0.0000	0.0000	0.0000	0.0000	0.0000	0.0000	0.0000	0.0000	0.0001	0.0001	0.0001	0.0004	0.0002	0.0011	0.0000	0.0000	0.0000		
14	19	0.6019	10	0	0	2	1	0	0	0	0	N	N	Y	N	N	N	N	N	N	N	N	N	0.0000	0.0000	0.0000	0.0000	0.0000	0.0000	0.0000	0.0000	0.0000	0.0000	0.0000	0.0000	0.0000	0.0000	0.0000	0.0000	0.0000	0.0000	0.0000	0.0000	0.0000	0.0001	0.0000	0.0000	0.0000	0.0000	0.0067	0.0000	-0.0000	16.7310	0.0000	15.9078	2.0009	0.0000	0.0000	0.0000	0.0000	0.0000	0.0000	0.0000	0.0000	0.0000	0.0000	0.0000	0.0000	0.0000	0.0000	0.0000	0.0000	0.0000	0.0000	0.0009	0.0007	0.0002	0.0004	0.0004	0.0000	0.0004	0.0002	0.0002	0.0763	0.0506	0.0257	0.0382	0.0311	0.0071	0.0381	0.0195	0.0186	0.0000	0.0000	0.0000	0.0000	0.0000	0.0000	0.0000	0.0000	0.0000	0.0000	0.0000	0.0000	0.0000	0.0001	0.0000	0.0000	0.0000	0.0000		
14	20	0.6163	11	0	0	2	1	0	0	0	0	N	N	Y	N	N	N	N	N	N	N	N	N	5725.6921	9358.0875	0.0000	9717.6480	9332.3527	0.0000	4480.3041	461280.0898	0.0000	1.1352	1.3113	0.0000	1.9877	2.1605	0.0000	0.8617	1.0157	0.0000	0.0002	0.0001	0.0003	0.0002	0.0002	0.0001	0.0002	0.0000	0.0004	0.0000	1.1597	-0.7676	0.0000	16.7310	14.9999	15.9078	23.4905	1.7402	1.7402	0.0000	0.7402	0.7402	0.0000	1.0000	1.0000	0.0000	0.0002	0.0001	0.0001	0.0001	0.0001	0.0000	0.0001	0.0000	0.0001	1.5329	1.3271	0.2058	0.3724	0.3426	0.0298	1.1605	0.9845	0.1760	1.2216	0.8004	0.4213	0.5937	0.4814	0.1124	0.6279	0.3190	0.3089	5725.6921	9358.0875	0.0000	9717.6480	9332.3527	0.0000	4480.3041	461280.0898	0.0000	0.0002	0.0001	0.0003	0.0002	0.0002	0.0001	0.0002	0.0000	0.0004
14	21	0.2159	6	0	1	1	0	0	0	0	0	N	N	N	N	N	N	N	N	N	N	N	N	0.0000	0.0000	0.0000	0.0000	0.0000	0.0000	0.0000	0.0000	0.0000	0.0000	0.0000	0.0000	0.0000	0.0000	0.0000	0.0000	0.0000	0.0000	0.3003	0.4980	0.0003	0.0037	0.0043	0.0010	0.3958	0.7440	0.0002	0.0004	0.0000	-0.1951	16.7310	4.9981	15.9078	32.5905	0.0000	0.0000	0.0000	0.0000	0.0000	0.0000	0.0000	0.0000	0.0000	0.4259	0.4257	0.0002	0.0013	0.0012	0.0001	0.4246	0.4245	0.0001	0.5516	0.4681	0.0834	0.0562	0.0522	0.0040	0.4954	0.4160	0.0794	1.4185	0.8549	0.5635	0.3456	0.2843	0.0612	1.0729	0.5706	0.5023	0.0000	0.0000	0.0000	0.0000	0.0000	0.0000	0.0000	0.0000	0.0000	0.3003	0.4980	0.0003	0.0037	0.0043	0.0010	0.3958	0.7440	0.0002	
14	22	0.6462	9	0	1	1	0	0	0	0	0	N	N	N	N	N	N	N	N	N	N	N	N	269912.6612	209976.1702	0.0000	642739.9360	573692.1979	0.0000	0.0000	0.0000	0.7025	0.7984	0.0000	1.9663	2.1006	0.0000	0.0000	0.0000	0.0000	0.0000	0.0000	0.0000	0.0000	0.0000	0.0000	0.0000	0.0000	0.0000	0.0000	0.0006	-0.4422	-0.0000	16.7310	12.5677	15.9078	9.8718	1.0026	1.0026	0.0000	1.0026	1.0026	0.0000	0.0000	0.0000	0.0000	0.0000	0.0000	0.0000	0.0000	0.0000	0.0000	0.0000	0.0000	0.0000	1.4271	1.2556	0.1715	0.5099	0.4773	0.0326	0.9173	0.7784	0.1389	0.7317	0.5005	0.2312	0.3932	0.3282	0.0650	0.3385	0.1723	0.1662	269912.6612	209976.1702	0.0000	642739.9360	573692.1979	0.0000	0.0000	0.0000	0.0000	0.0000	0.0000	0.0000	0.0000	0.0000	0.0000	0.0000	0.0000	0.0000	
14	23	0.2634	9	0	0	1	1	0	0	0	0	N	N	N	N	N	N	N	N	N	N	N	N	0.0000	0.0000	0.0000	0.0000	0.0000	0.0000	0.0000	0.0000	0.0000	0.0000	0.0000	0.0000	0.0000	0.0000	0.0000	0.0000	0.0000	0.0000	0.0000	0.0000	0.0000	0.0000	0.0000	0.0000	-0.0000	16.7310	0.9981	15.9078	0.0014	0.0000	0.0000	0.0000	0.0000	0.0000	0.0000	0.0000	0.0000	0.0000	0.0000	0.0000	0.0000	0.0000	0.0000	0.0000	0.0000	0.0000	0.0000	0.1103	0.0938	0.0165	0.0142	0.0131	0.0011	0.0961	0.0807	0.0154	0.0388	0.0224	0.0163	0.0081	0.0066	0.0015	0.0307	0.0159	0.0148	0.0000	0.0000	0.0000	0.0000	0.0000	0.0000	0.0000	0.0000	0.0000	0.0000	0.0000	0.0000	0.0000	0.0000	0.0000	0.0000	0.0000	0.0000						
14	24	0.2155	6	0	1	1	1	0	0	0	0	N	N	N	N	N	N	N	N	N	N	N	N	0.6397	0.4842	0.0000	1.3100	1.1597	0.0000	0.2845	1.7297	0.0000	0.0489	0.0560	0.0000	0.2879	0.2977	0.0000	0.0001	0.0002	0.0000	0.0765	0.1157	0.0009	0.2198	0.2567	0.0000	0.0005	0.0001	0.0010	0.0000	0.0038	-0.0018	-0.0245	16.7310	0.6341	15.9078	12.6218	0.0041	0.0041	0.0000	0.0041	0.0041	0.0000	0.0000	0.0000	0.0000	0.0538	0.0536	0.0002	0.0536	0.0536	0.0000	0.0002	0.0000	0.0002	0.0846	0.0739	0.0107	0.0143	0.0139	0.0005	0.0703	0.0600	0.0103	0.7040	0.4636	0.2405	0.2439	0.2088	0.0351	0.4601	0.2547	0.2054	0.6397	0.4842	0.0000	1.3100	1.1597	0.0000	0.2845	1.7297	0.0000	0.0765	0.1157	0.0009	0.2198	0.2567	0.0000	0.0005	0.0001	0.0010
14	25	0.5860	8	0	1	1	0	0	0	0	0	N	N	N	N	N	N	N	N	N	N	N	N	0.0598	0.1507	0.0251	0.1227	0.1569	0.1018	0.0373	0.1518	0.0157	0.0237	0.0237	0.0237	0.0271	0.0253	0.0577	0.0218	0.0227	0.0169	0.3957	0.1570	0.9464	0.2210	0.1613	0.5669	0.5848	0.1494	1.0748	0.1299	2.6124	-0.0106	0.1020	16.7310	10.0221	15.9078	10.6811	0.0325	0.0288	0.0037	0.0129	0.0114	0.0015	0.0196	0.0174	0.0022	0.3852	0.1066	0.2786	0.1118	0.0696	0.0422	0.2734	0.0370	0.2364	1.3754	1.2176	0.1578	0.4766	0.4501	0.0265	0.8988	0.7676	0.1313	0.9736	0.6792	0.2944	0.5061	0.4317	0.0744	0.4674	0.2475	0.2199	0.0598	0.1507	0.0251	0.1227	0.1569	0.1018	0.0373	0.1518	0.0157	0.3957	0.1570	0.9464	0.2210	0.1613	0.5669	0.5848	0.1494	1.0748
14	26	0.2499	8	0	1	1	0	0	0	0	0	N	N	N	N	N	N	N	N	N	N	N	N	0.1179	0.0846	0.0000	0.0000	0.0000	0.0000	95.7128	63.6558	0.0000	0.0007	0.0008	0.0000	0.0000	0.0000	0.0000	0.0008	0.0009	0.0000	0.0060	0.0098	0.0000	0.0206	0.0248	0.0000	0.0000	0.0000	0.0000	0.0000	0.0005	-0.0001	-0.0012	16.7310	3.9997	15.9078	5.4032	0.0003	0.0003	0.0000	0.0000	0.0000	0.0000	0.0003	0.0003	0.0000	0.0026	0.0026	0.0000	0.0026	0.0026	0.0000	0.0000	0.0000	0.0000	0.4403	0.3739	0.0664	0.0490	0.0456	0.0034	0.3912	0.3283	0.0630	0.4412	0.2687	0.1725	0.1280	0.1059	0.0221	0.3132	0.1628	0.1504	0.1179	0.0846	0.0000	0.0000	0.0000	0.0000	95.7128	63.6558	0.0000	0.0060	0.0098	0.0000	0.0206	0.0248	0.0000	0.0000	0.0000	0.0000
14	27	0.6163	11	0	1	1	1	0	0	0	0	N	N	N	N	N	N	N	N	N	N	N	N	19926.8719	36269.6736	0.0000	45293.0533	86749.2783	0.0000	0.0000	0.0000	0.0000	3.6323	4.2092	0.0000	14.6987	15.9496	0.0000	0.0000	0.0000	0.0000	0.0002	0.0001	0.0003	0.0003	0.0002	0.0009	0.0000	0.0000	0.0001	0.0000	1.3888	-0.8623	0.0000	16.7310	4.9655	15.9078	10.6561	1.9548	1.9548	0.0000	1.9548	1.9548	0.0000	0.0000	0.0000	0.0000	0.0001	0.0000	0.0001	0.0001	0.0000	0.0000	0.0000	0.0000	0.0000	0.5382	0.4644	0.0738	0.1330	0.1226	0.0104	0.4052	0.3419	0.0633	0.5670	0.3728	0.1942	0.2845	0.2315	0.0530	0.2825	0.1413	0.1412	19926.8719	36269.6736	0.0000	45293.0533	86749.2783	0.0000	0.0000	0.0000	0.0000	0.0002	0.0001	0.0003	0.0003	0.0002	0.0009	0.0000	0.0000	0.0001
14	28	0.2685	10	0	1	1	1	0	0	0	0	N	N	N	N	N	N	N	N	N	N	N	N	0.0000	0.0000	0.0000	0.0000	0.0000	0.0000	0.0000	0.0000	0.0000	0.0000	0.0000	0.0000	0.0000	0.0000	0.0000	0.0000	0.0000	0.0000	0.0000	0.0000	16.7310	0.0000	15.9078	0.0000	0.0000	0.0000	0.0000	0.0000	0.0000	0.0000	0.0000	0.0000	0.0000	0.0000	0.0000	0.0000	0.0000	0.0000	0.0000	0.0000	0.0000	0.0000	0.0000	0.0000	0.0000	0.0000	0.0000	0.0000	0.0000	0.0000	0.0000	0.0000	0.0000	0.0000	0.0000	0.0000	0.0000	0.0000	0.0000	0.0000	0.0000	0.0000	0.0000	0.0000	0.0000	0.0000	0.0000	0.0000	0.0000	0.0000	0.0000	0.0000	0.0000	0.0000	0.0000	0.0000	0.0000	0.0000											
14	29	0.2359	5	1	1	1	0	0	0	0	0	N	N	N	N	N	N	N	N	N	N	N	N	2.6792	6.5165	0.0000	2.7775	2.9268	0.0000	2.6707	472.6352	0.0000	2.1334	2.5252	0.0000	2.2431	2.2981	0.0000	2.1079	2.5886	0.0000	0.7963	0.3875	1.7385	0.8076	0.7852	0.9944	0.7893	0.0055	1.8551	0.0000	1.9463	-0.5500	0.1547	16.7310	3.9885	15.9078	8.5018	1.2470	1.2470	0.0000	0.2476	0.2476	0.0000	0.9994	0.9994	0.0000	0.7648	0.2596	0.5052	0.2969	0.2577	0.0392	0.4679	0.0019	0.4660	0.5845	0.4938	0.0907	0.1104	0.1077	0.0026	0.4741	0.3861	0.0881	0.9604	0.6698	0.2906	0.3676	0.3282	0.0394	0.5929	0.3416	0.2512	2.6792	6.5165	0.0000	2.7775	2.9268	0.0000	2.6707	472.6352	0.0000	0.7963	0.3875	1.7385	0.8076	0.7852	0.9944	0.7893	0.0055	1.8551
14	30	0.2267	7	0	1	1	0	0	0	0	0	N	N	N	N	N	N	N	N	N	N	N	N	0.0217	10.2930	0.0000	0.1249	14.1174	0.0000	0.0000	0.0000	0.0000	0.0017	0.0019	0.0000	0.0041	0.0043	0.0000	0.0000	0.0000	0.0000	0.0784	0.0002	0.2369	0.0331	0.0003	0.2457	0.1195	0.0000	0.2348	0.0000	623.9620	-0.0003	0.0258	16.7310	0.9701	15.9078	4.0208	0.0006	0.0006	0.0000	0.0006	0.0006	0.0000	0.0000	0.0000	0.0000	0.0478	0.0001	0.0477	0.0096	0.0001	0.0095	0.0382	0.0000	0.0382	0.3342	0.2955	0.0388	0.1378	0.1330	0.0047	0.1965	0.1625	0.0340	0.6097	0.4082	0.2015	0.2901	0.2513	0.0388	0.3197	0.1570	0.1627	0.0217	10.2930	0.0000	0.1249	14.1174	0.0000	0.0000	0.0000	0.0000	0.0784	0.0002	0.2369	0.0331	0.0003	0.2457	0.1195	0.0000	0.2348
14	31	0.2014	5	0	0	1	1	0	0	0	0	N	N	N	N	N	N	N	N	N	N	N	N	1.8008	0.0025	6.7399	0.0498	0.0455	0.0893	1.3792	0.0014	6.0716	5.5644	0.0042	37.3414	0.0051	0.0053	0.0028	6.1672	0.0041	39.0904	3.0899	1.7140	5.5404	0.1028	0.1164	0.0312	4.4715	2.8480	6.4382	1552.3654	1.8150	1.6736	0.5752	16.7310	5.0045	15.9078	16.6627	2.9980	0.0019	2.9960	0.0003	0.0003	0.0000	2.9977	0.0017	2.9960	3.0862	1.0963	1.9898	0.0325	0.0309	0.0016	3.0537	1.0654	1.9883	0.5388	0.4585	0.0802	0.0527	0.0491	0.0036	0.4861	0.4094	0.0766	0.9988	0.6396	0.3592	0.3159	0.2655	0.0503	0.6829	0.3741	0.3088	1.8008	0.0025	6.7399	0.0498	0.0455	0.0893	1.3792	0.0014	6.0716	3.0899	1.7140	5.5404	0.1028	0.1164	0.0312	4.4715	2.8480	6.4382
14	32	0.7436	11	1	0	2	0	0	0	0	0	N	N	Y	N	N	N	N	N	N	N	N	N	0.0000	0.0000	0.0000	0.0000	0.0000	0.0000	0.0000	0.0000	0.0000	0.0000	0.0000	0.0000	0.0000	0.0000	0.0000	0.0000	0.0000	0.0000	0.0000	0.0000	0.0000	0.0000	0.0000	0.0000	0.0000	0.0000	21.5152	0.0000	0.0000	16.7310	1.4893	15.9078	0.0050	0.0000	0.0000	0.0000	0.0000	0.0000	0.0000	0.0000	0.0000	0.0000	0.0000	0.0000	0.0000	0.0000	0.0000	0.0000	0.0000	0.0000	0.0000	0.1521	0.1312	0.0209	0.0456	0.0423	0.0033	0.1065	0.0889	0.0176	0.0500	0.0342	0.0159	0.0267	0.0225	0.0042	0.0233	0.0117	0.0117	0.0000	0.0000	0.0000	0.0000	0.0000	0.0000	0.0000	0.0000	0.0000	0.0000	0.0000	0.0000	0.0000	0.0000	0.0000	0.0000	0.0000	0.0000		
14	33	0.2269	7	1	0	2	0	0	0	0	0	N	N	Y	N	N	N	N	N	N	N	N	N	0.0052	0.0055	0.0000	2.8980	2.6798	0.0000	0.0000	0.0000	0.0000	0.0002	0.0002	0.0000	0.0017	0.0018	0.0000	0.0000	0.0000	0.0000	0.0325	0.0364	0.0262	0.0006	0.0007	0.0000	0.0427	0.0546	0.0284	0.0000	0.4292	-0.0000	-0.0015	16.7310	0.9855	15.9078	5.0251	0.0000	0.0000	0.0000	0.0000	0.0000	0.0000	0.0000	0.0000	0.0000	0.0095	0.0066	0.0029	0.0000	0.0000	0.0000	0.0095	0.0066	0.0029	0.1162	0.0989	0.0174	0.0119	0.0113	0.0006	0.1044	0.0876	0.0168	0.2916	0.1826	0.1090	0.0704	0.0617	0.0087	0.2212	0.1209	0.1002	0.0052	0.0055	0.0000	2.8980	2.6798	0.0000	0.0000	0.0000	0.0000	0.0325	0.0364	0.0262	0.0006	0.0007	0.0000	0.0427	0.0546	0.0284
14	36	0.1419	4	0	1	1	0	0	0	0	0	N	N	N	N	N	N	N	N	N	N	N	N	1.1038	1323.7751	0.7655	3.5942	3063.1622	0.0000	0.4593	0.0000	1.3615	3.6654	2.8693	8.1584	30.1393	32.3510	0.0000	1.3360	0.0000	8.4696	3.3206	0.0022	10.6572	8.3857	0.0106	74.1133	2.9086	0.0000	6.2207	0.5038	2651.6434	-0.3167	2.1659	16.7310	7.9964	15.9078	23.6501	2.9850	1.9850	1.0000	1.9850	1.9850	0.0000	1.0000	0.0000	1.0000	4.0017	0.0015	4.0002	0.9777	0.0015	0.9762	3.0240	0.0000	3.0240	0.8144	0.6918	0.1226	0.0659	0.0614	0.0045	0.7485	0.6304	0.1181	1.2051	0.6960	0.5091	0.1654	0.1424	0.0230	1.0397	0.5536	0.4861	1.1038	1323.7751	1.0384	5.0994	3063.1622	0.0000	0.4593	0.0000	1.3615	3.3206	0.0022	7.8570	5.9104	0.0106	42.4456	2.9086	0.0000	6.2207
14	37	0.2159	6	1	1	1	0	0	0	0	0	N	N	N	N	N	N	N	N	N	N	N	N	0.0000	0.0000	0.0000	0.0000	0.0000	0.0000	0.0000	0.0000	0.0000	0.0000	0.0000	0.0000	0.0000	0.0000	0.0000	0.0000	0.0000	0.0000	0.3329	0.5503	0.0002	0.0004	0.0004	0.0002	0.4416	0.8292	0.0002	0.0003	0.0000	-0.1948	16.7310	6.9981	15.9078	25.9787	0.0000	0.0000	0.0000	0.0000	0.0000	0.0000	0.0000	0.0000	0.0000	0.4252	0.4250	0.0001	0.0001	0.0001	0.0000	0.4251	0.4249	0.0001	0.7648	0.6495	0.1153	0.0775	0.0720	0.0055	0.6873	0.5775	0.1098	1.2773	0.7723	0.5049	0.3147	0.2599	0.0548	0.9626	0.5125	0.4501	0.0000	0.0000	0.0000	0.0000	0.0000	0.0000	0.0000	0.0000	0.0000	0.3329	0.5503	0.0002	0.0004	0.0004	0.0002	0.4416	0.8292	0.0002	
14	38	0.0842	2	0	1	1	0	0	0	0	0	N	N	N	N	N	N	N	N	N	N	N	N	3.6286	1.6334	484287.2373	0.0566	0.0561	0.0000	434.6810	144.7591	526653.6848	2.2361	1.8397	3.7153	0.1318	0.1322	0.0000	2.5606	2.1869	3.7210	0.6163	1.1263	0.0000	2.3308	2.3552	0.0001	0.0059	0.0151	0.0000	0.5412	0.0000	-0.1403	-0.3542	16.7310	4.7553	15.9078	10.1994	1.5601	1.0123	0.5479	0.0123	0.0123	0.0000	1.5478	1.0000	0.5479	0.7727	0.7727	0.0000	0.7673	0.7673	0.0000	0.0054	0.0054	0.0000	0.6977	0.5502	0.1475	0.0932	0.0930	0.0002	0.6045	0.4573	0.1472	1.2539	0.6861	0.5678	0.3292	0.3258	0.0034	0.9247	0.3603	0.5644	3.6286	1.6334	484287.2373	0.0566	0.0561	0.0000	434.6810	144.7591	526653.6848	0.6163	1.1263	0.0000	2.3308	2.3552	0.0001	0.0059	0.0151	0.0000
14	39	0.1419	4	1	1	1	0	0	0	0	0	N	N	N	N	N	N	N	N	N	N	N	N	2323.9116	931.9674	109867.1968	2301.0489	2129.5438	0.0000	36359.6921	0.0000	118808.7790	3.3680	2.2804	9.4719	23.7603	25.5006	0.0000	1.5596	0.0000	9.8334	0.0014	0.0024	0.0001	0.0103	0.0120	0.0002	0.0000	0.0000	0.0001	0.7402	0.0258	-0.0274	-0.0008	16.7310	5.0000	15.9078	27.3229	1.7402	1.0000	0.7402	1.0000	1.0000	0.0000	0.7402	0.0000	0.7402	0.0018	0.0017	0.0000	0.0017	0.0017	0.0000	0.0000	0.0000	0.0000	0.5167	0.4385	0.0781	0.0421	0.0392	0.0029	0.4746	0.3993	0.0753	1.2263	0.7081	0.5182	0.1677	0.1443	0.0234	1.0586	0.5638	0.4948	2323.9116	931.9674	109867.1968	2301.0489	2129.5438	0.0000	36359.6921	0.0000	118808.7790	0.0014	0.0024	0.0001	0.0103	0.0120	0.0002	0.0000	0.0000	0.0001
14	40	0.2159	6	0	1	1	0	0	0	0	0	N	N	N	N	N	N	N	N	N	N	N	N	1072.6961	767.0084	3882.3252	3466.9942	0.0000	0.0000	1.3069	1.5389	0.0000	12.9018	13.8896	0.0000	0.0000	0.0000	0.0000	0.0012	0.0020	0.0000	0.0033	0.0040	0.0000	0.0005	0.0010	0.0000	0.0000	0.0000	-0.4411	-0.0006	16.7310	7.0019	15.9078	21.4344	1.0000	1.0000	0.0000	1.0000	1.0000	0.0000	0.0000	0.0000	0.0000	0.0014	0.0014	0.0000	0.0009	0.0009	0.0000	0.0004	0.0004	0.0000	0.7652	0.6498	0.1154	0.0775	0.0720	0.0055	0.6877	0.5778	0.1099	1.1332	0.6881	0.4451	0.2830	0.2348	0.0483	0.8502	0.4533	0.3969	1072.6961	767.0084	0.0000	3882.3252	3466.9942	0.0000	0.0000	0.0000	0.0000	0.0012	0.0020	0.0000	0.0033	0.0040	0.0000	0.0005	0.0010	0.0000			
14	41	0.6462	9	0	1	1	0	0	0	0	0	N	N	N	N	N	N	N	N	N	N	N	N	0.0104	0.0000	6.8755	0.0000	0.0000	0.0000	0.0077	0.0000	6.6609	0.0000	0.0000	0.0000	0.0000	0.0000	0.0000	0.0000	0.0000	0.0000	0.0002	0.0003	0.0000	0.0000	0.0000	0.0000	0.0004	0.0008	0.0000	inf	0.0041	0.0000	-0.0001	16.7310	8.1446	15.9078	10.2519	0.0000	0.0000	0.0000	0.0000	0.0000	0.0000	0.0000	0.0000	0.0000	0.0001	0.0001	0.0000	0.0000	0.0000	0.0000	0.0001	0.0001	0.0000	1.0528	0.9293	0.1235	0.3981	0.3745	0.0236	0.6547	0.5548	0.0999	0.6352	0.4355	0.1997	0.3456	0.2885	0.0571	0.2896	0.1471	0.1425	0.0104	0.0000	6.8755	0.0000	0.0000	0.0000	0.0077	0.0000	6.6609	0.0002	0.0003	0.0000	0.0000	0.0000	0.0000	0.0004	0.0008	0.0000
14	42	0.2159	6	0	1	1	0	0	0	0	0	N	N	N	N	N	N	N	N	N	N	N	N	0.0002	0.0000	9.7295	0.0000	0.0000	0.0000	0.0001	0.0000	inf	0.0002	0.0000	0.0013	0.0000	0.0000	0.0000	0.0002	0.0000	0.0014	1.3040	2.1095	0.0001	0.0041	0.0046	0.0013	1.7678	3.2902	0.0000	inf	0.0000	0.0001	-0.4587	16.7310	5.9981	15.9078	11.5875	0.0001	0.0000	0.0001	0.0000	0.0000	0.0000	0.0001	0.0000	0.0001	1.0008	1.0007	0.0000	0.0008	0.0008	0.0000	1.0000	1.0000	0.0000	0.6587	0.5592	0.0995	0.0669	0.0621	0.0048	0.5918	0.4971	0.0947	0.7675	0.4744	0.2931	0.2018	0.1705	0.0314	0.5656	0.3039	0.2617	0.0002	0.0000	9.7295	0.0000	0.0000	0.0000	0.0001	0.0000	inf	1.3040	2.1095	0.0001	0.0041	0.0046	0.0013	1.7678	3.2902	0.0000
14	43	0.2996	6	0	1	2	1	0	0	0	0	N	N	Y	N	N	N	N	N	N	N	N	N	0.0000	0.0000	0.0000	0.0000	0.0000	0.0000	0.0000	0.0000	0.0000	0.0000	0.0000	0.0000	0.0000	0.0000	0.0000	0.0000	0.0000	0.0000	0.0005	0.0007	0.0000	0.0009	0.0010	0.0000	0.0001	0.0001	0.0000	0.0081	0.0000	-0.0001	16.7310	1.0007	15.9078	2.4334	0.0000	0.0000	0.0000	0.0000	0.0000	0.0000	0.0000	0.0000	0.0000	0.0001	0.0001	0.0000	0.0001	0.0001	0.0000	0.0000	0.0000	0.0000	0.1076	0.0920	0.0157	0.0181	0.0169	0.0012	0.0895	0.0751	0.0144	0.2335	0.1729	0.0606	0.1145	0.1040	0.0106	0.1190	0.0689	0.0501	0.0000	0.0000	0.0000	0.0000	0.0000	0.0000	0.0000	0.0000	0.0000	0.0005	0.0007	0.0000	0.0009	0.0010	0.0000	0.0001	0.0001	0.0000	
14	44	0.2624	5	0	0	1	1	0	0	0	0	N	N	N	N	N	N	N	N	N	N	N	N	0.1213	0.0901	4.3467	0.1520	0.1371	0.0000	1.0382	0.6230	3.9669	0.0052	0.0055	0.0029	0.0123	0.0130	0.0000	0.0035	0.0036	0.0031	0.0426	0.0616	0.0007	0.0809	0.0951	0.0003	0.0034	0.0058	0.0008	0.0871	0.0049	-0.0002	-0.0206	16.7310	1.0391	15.9078	15.0482	0.0006	0.0006	0.0000	0.0003	0.0003	0.0000	0.0003	0.0003	0.0000	0.0454	0.0452	0.0002	0.0436	0.0436	0.0000	0.0018	0.0016	0.0002	0.1194	0.1022	0.0172	0.0226	0.0213	0.0013	0.0969	0.0810	0.0159	1.0661	0.7336	0.3325	0.5394	0.4587	0.0807	0.5267	0.2749	0.2519	0.1213	0.0901	4.3467	0.1520	0.1371	0.0000	1.0382	0.6230	3.9669	0.0426	0.0616	0.0007	0.0809	0.0951	0.0003	0.0034	0.0058	0.0008
14	45	0.1419	4	0	1	1	0	0	0	0	0	N	N	N	N	N	N	N	N	N	N	N	N	2.6519	4633.4681	6.0003	8495.4953	15637.5294	0.0000	1.9952	0.0000	5.9479	4.1107	0.9660	21.9938	10.2268	10.9761	0.0000	3.5765	0.0000	22.8310	1.5501	0.0002	3.6654	0.0012	0.0007	0.0043	1.7926	0.0001	3.8385	4.0035	12881.1632	1.7964	1.0840	16.7310	12.0036	15.9078	21.9053	5.0035	1.0000	4.0035	1.0000	1.0000	0.0000	4.0035	0.0000	4.0035	2.0017	0.0002	2.0016	0.0002	0.0001	0.0001	2.0015	0.0001	2.0015	1.2172	1.0351	0.1820	0.0978	0.0911	0.0067	1.1194	0.9440	0.1754	1.2914	0.7453	0.5461	0.1748	0.1501	0.0246	1.1166	0.5952	0.5214	2.6519	4633.4681	6.0003	8495.4953	15637.5294	0.0000	1.9952	0.0000	5.9479	1.5501	0.0002	3.6654	0.0012	0.0007	0.0043	1.7926	0.0001	3.8385
14	46	0.6233	12	1	1	1	0	0	0	0	0	N	N	N	N	N	N	N	N	N	N	N	N	4638.9720	inf	0.0000	8716.4178	inf	0.0000	0.0000	0.0000	9.0727	10.4571	0.0000	33.7430	36.6432	0.0000	0.0000	0.0000	0.0000	0.0020	0.0000	0.0057	0.0039	0.0000	0.0201	0.0000	0.0000	0.0000	0.0000	inf	-0.8817	0.0001	16.7310	2.0120	15.9078	1.9924	1.9987	1.9987	0.0000	1.9987	1.9987	0.0000	0.0000	0.0000	0.0000	0.0003	0.0000	0.0003	0.0003	0.0000	0.0003	0.0000	0.0000	0.0000	0.2203	0.1911	0.0292	0.0592	0.0545	0.0047	0.1611	0.1366	0.0245	0.1378	0.0904	0.0474	0.0696	0.0562	0.0134	0.0683	0.0343	0.0340	4638.9720	inf	0.0000	8716.4178	inf	0.0000	0.0000	0.0000	0.0000	0.0020	0.0000	0.0057	0.0039	0.0000	0.0201	0.0000	0.0000	0.0000	
14	47	0.2465	10	1	1	1	0	0	0	0	0	N	N	N	N	N	N	N	N	N	N	N	N	0.0000	0.0000	0.0000	0.0000	0.0000	0.0000	0.0000	0.0000	0.0000	0.0000	0.0000	0.0000	0.0000	0.0000	0.0000	0.0001	0.0002	0.0000	0.0006	0.0008	0.0000	0.0000	0.0000	0.0000	0.0000	0.0000	-0.0000	16.7310	0.0002	15.9078	4.0036	0.0000	0.0000	0.0000	0.0000	0.0000	0.0000	0.0000	0.0000	0.0000	0.0000	0.0000	0.0000	0.0000	0.0000	0.0000	0.0000	0.0000	0.0000	0.0000	0.0000	0.0000	0.0000	0.0000	0.0000	0.0000	0.0000	0.0000	0.1581	0.0912	0.0670	0.0319	0.0256	0.0063	0.1262	0.0655	0.0607	0.0000	0.0000	0.0000	0.0000	0.0000	0.0000	0.0000	0.0000	0.0000	0.0001	0.0002	0.0000	0.0006	0.0008	0.0000	0.0000	0.0000	0.0000				
14	48	0.1419	4	0	1	1	1	0	0	0	0	N	N	N	N	N	N	N	N	N	N	N	N	1.0860	1.9575	0.0173	4.8731	4.4463	0.0000	0.0056	0.0000	0.0172	1.6257	1.9081	0.0382	19.9445	21.4070	0.0000	0.0063	0.0000	0.0396	1.4970	0.9748	2.2059	4.0928	4.8145	0.0003	1.1246	0.1020	2.3083	0.0036	1.6670	-0.4391	0.4861	16.7310	6.0036	15.9078	51.7820	1.0036	1.0000	0.0036	1.0000	1.0000	0.0000	0.0036	0.0000	0.0036	2.9166	1.0936	1.8230	1.0003	1.0003	0.0000	1.9163	0.0933	1.8230	0.6173	0.5241	0.0932	0.0501	0.0467	0.0034	0.5672	0.4774	0.0898	1.9483	1.1219	0.8264	0.2444	0.2078	0.0366	1.7039	0.9141	0.7898	1.0860	1.9575	0.0173	4.8731	4.4463	0.0000	0.0056	0.0000	0.0172	1.4970	0.9748	2.2059	4.0928	4.8145	0.0003	1.1246	0.1020	2.3083
14	49	0.1419	4	1	1	1	0	0	0	0	0	N	N	N	N	N	N	N	N	N	N	N	N	4.3521	17.1908	6.7228	167.0845	153.5152	0.0000	2.1161	0.0000	6.6654	3.2193	1.8816	10.7413	19.6675	21.1097	0.0000	1.7652	0.0000	11.1511	0.7397	0.1095	1.5977	0.1177	0.1375	0.0005	0.8342	0.1026	1.6730	1.0152	10.7226	0.1244	0.4990	16.7310	5.9964	15.9078	34.6547	1.9850	0.9850	1.0000	0.9850	0.9850	0.0000	1.0000	0.0000	1.0000	1.0934	0.0933	1.0001	0.0229	0.0229	0.0000	1.0705	0.0703	1.0001	0.6166	0.5235	0.0931	0.0501	0.0467	0.0034	0.5665	0.4768	0.0897	1.4781	0.8522	0.6260	0.1949	0.1667	0.0282	1.2832	0.6854	0.5978	4.3521	17.1908	6.7228	167.0845	153.5152	0.0000	2.1161	0.0000	6.6654	0.7397	0.1095	1.5977	0.1177	0.1375	0.0005	0.8342	0.1026	1.6730
14	50	0.2315	5	0	0	2	0	0	0	0	0	N	N	Y	N	N	N	N	N	N	N	N	N	2.0094	0.0001	15.3766	0.5916	0.0005	29769.2634	2.1913	0.0000	13.1773	2.0666	0.0001	15.1597	0.5623	0.0006	10.4359	2.3471	0.0000	15.4723	1.0285	1.0510	0.9859	0.9505	1.1274	0.0004	1.0711	0.9870	1.1742	24863.1802	0.4961	3.7508	-0.3782	16.7310	31.2093	15.9078	46.3939	6.7116	0.0003	6.7114	0.2870	0.0003	0.2868	6.4246	0.0000	6.4246	2.9838	1.9943	0.9895	0.9752	0.9751	0.0001	2.0086	1.0192	0.9894	3.2477	2.8050	0.4427	0.5105	0.4830	0.0275	2.7373	2.3221	0.4152	2.9013	1.8976	1.0036	1.0259	0.8650	0.1610	1.8753	1.0327	0.8427	2.0094	0.0001	15.3766	0.5916	0.0005	29769.2634	2.1913	0.0000	13.1773	1.0285	1.0510	0.9859	0.9505	1.1274	0.0004	1.0711	0.9870	1.1742
14	51	0.1787	5	0	1	1	0	0	0	0	0	N	N	N	N	N	N	N	N	N	N	N	N	0.0246	0.0020	1634.7219	0.0147	0.0130	0.0000	0.0280	0.0000	1601.2902	0.0013	0.0002	0.0085	0.0009	0.0009	0.0000	0.0014	0.0000	0.0090	0.0545	0.0821	0.0000	0.0597	0.0708	0.0000	0.0511	0.0934	0.0000	8.5486	0.0000	0.0003	-0.0304	16.7310	4.1516	15.9078	14.5664	0.0007	0.0001	0.0006	0.0001	0.0001	0.0000	0.0006	0.0000	0.0006	0.0662	0.0662	0.0000	0.0286	0.0286	0.0000	0.0376	0.0376	0.0000	0.4981	0.4278	0.0703	0.0801	0.0762	0.0039	0.4180	0.3516	0.0664	1.2156	0.8068	0.4088	0.4794	0.4040	0.0754	0.7362	0.4028	0.3334	0.0246	0.0020	1634.7219	0.0147	0.0130	0.0000	0.0280	0.0000	1601.2902	0.0545	0.0821	0.0000	0.0597	0.0708	0.0000	0.0511	0.0934	0.0000
14	52	0.2592	7	1	0	2	0	0	0	0	0	N	N	Y	N	N	N	N	N	N	N	N	N	8992.9130	365589.2400	5657.8489	381306.0267	376498.3336	0.0000	2329.3123	inf	5314.8797	1.5389	1.3448	3.0561	2.9546	3.0130	0.0000	0.6084	0.0412	3.2785	0.0002	0.0000	0.0005	0.0000	0.0000	0.0000	0.0003	0.0000	0.0006	0.2907	66.6283	-0.0004	0.0000	16.7310	0.0028	15.9078	0.9232	0.0017	0.0013	0.0004	0.0013	0.0013	0.0000	0.0004	0.0000	0.0004	0.0000	0.0000	0.0000	0.0000	0.0000	0.0000	0.0000	0.0000	0.0000	0.0011	0.0010	0.0001	0.0004	0.0004	0.0000	0.0007	0.0005	0.0001	0.0547	0.0376	0.0171	0.0194	0.0173	0.0021	0.0352	0.0203	0.0149	8992.9130	365589.2400	5657.8489	381306.0267	376498.3336	0.0000	2329.3123	inf	5314.8797	0.0002	0.0000	0.0005	0.0000	0.0000	0.0000	0.0003	0.0000	0.0006
14	53	0.6385	11	0	1	1	0	0	0	0	0	N	N	N	N	N	N	N	N	N	N	N	N	0.3707	0.6161	0.0002	1.5322	1.4375	0.0000	0.0000	0.0000	0.0001	0.7260	0.8328	0.0006	2.7178	2.8541	0.0000	0.0001	0.0000	0.0006	1.9583	1.3517	3.2730	1.7738	1.9854	0.6545	2.1874	0.0011	4.2858	0.0001	1.1173	-0.3399	0.1845	16.7310	8.5400	15.9078	19.3759	0.7706	0.7706	0.0001	0.7706	0.7706	0.0000	0.0001	0.0000	0.0001	2.6619	1.2572	1.4046	1.3352	1.2569	0.0783	1.3266	0.0003	1.3263	1.0615	0.9253	0.1362	0.2835	0.2700	0.0135	0.7780	0.6553	0.1227	1.3592	0.9301	0.4292	0.7528	0.6331	0.1197	0.6065	0.2970	0.3095	0.3707	0.6161	0.0002	1.5322	1.4375	0.0000	0.0000	0.0000	0.0001	1.9583	1.3517	3.2730	1.7738	1.9854	0.6545	2.1874	0.0011	4.2858
14	54	0.5755	10	0	0	1	0	0	0	0	0	N	N	N	N	N	N	N	N	N	N	N	N	1.2270	1.5187	1.0312	2.1647	2.8023	0.0053	0.5394	0.0044	1.7928	1.1824	1.1455	1.4475	3.1215	3.2694	0.0157	0.2609	0.0003	1.6424	0.9636	0.7543	1.4037	1.4420	1.1667	2.9585	0.4837	0.0655	0.9161	0.1760	0.8853	-0.3455	0.0163	16.7310	7.3474	15.9078	24.2346	1.1853	1.0080	0.1774	1.0080	1.0078	0.0002	0.1773	0.0002	0.1771	1.4535	0.7709	0.6825	1.0893	0.7458	0.3434	0.3642	0.0251	0.3391	1.0025	0.8799	0.1225	0.3229	0.3082	0.0147	0.6795	0.5717	0.1078	1.5083	1.0221	0.4862	0.7554	0.6393	0.1161	0.7529	0.3828	0.3702	1.2270	1.5187	1.0312	2.1647	2.8023	0.0053	0.5394	0.0044	1.7928	0.9636	0.7543	1.4037	1.4420	1.1667	2.9585	0.4837	0.0655	0.9161
14	55	0.5457	9	0	0	1	0	0	0	0	0	N	N	N	N	N	N	N	N	N	N	N	N	0.4385	0.5745	0.2311	0.9032	0.9063	0.0031	0.0771	0.0004	0.2349	1.0170	1.0451	0.8032	2.3906	2.4894	0.0064	0.1517	0.0001	0.9251	2.3193	1.8190	3.4762	2.6468	2.7466	2.0415	1.9660	0.1840	3.9374	0.1008	0.8263	-0.1940	-0.0173	16.7310	3.4216	15.9078	15.9376	0.5551	0.5042	0.0508	0.5043	0.5042	0.0001	0.0508	0.0000	0.0508	2.9230	1.6005	1.3225	1.7308	1.5419	0.1890	1.1921	0.0586	1.1335	0.5458	0.4825	0.0633	0.2109	0.2025	0.0084	0.3348	0.2800	0.0549	1.2603	0.8798	0.3805	0.6539	0.5614	0.0926	0.6064	0.3185	0.2879	0.4385	0.5745	0.2311	0.9032	0.9063	0.0031	0.0771	0.0004	0.2349	2.3193	1.8190	3.4762	2.6468	2.7466	2.0415	1.9660	0.1840	3.9374
14	56	0.2624	5	0	1	1	0	0	0	0	0	N	N	N	N	N	N	N	N	N	N	N	N	0.0068	0.0049	75.6477	0.4107	0.3693	0.0000	0.0024	0.0013	174.2456	0.0054	0.0058	0.0030	0.0128	0.0135	0.0000	0.0037	0.0038	0.0033	0.7962	1.1743	0.0000	0.0311	0.0367	0.0001	1.4994	2.8770	0.0000	0.0871	0.0000	-0.0002	-0.4478	16.7310	0.9891	15.9078	20.6926	0.0006	0.0006	0.0000	0.0003	0.0003	0.0000	0.0003	0.0003	0.0000	0.9770	0.9770	0.0000	0.0183	0.0183	0.0000	0.9587	0.9587	0.0000	0.1141	0.0977	0.0164	0.0217	0.0205	0.0012	0.0924	0.0772	0.0152	1.2271	0.8320	0.3951	0.5877	0.4987	0.0890	0.6394	0.3332	0.3062	0.0068	0.0049	75.6477	0.4107	0.3693	0.0000	0.0024	0.0013	174.2456	0.7962	1.1743	0.0000	0.0311	0.0367	0.0001	1.4994	2.8770	0.0000
14	57	0.1419	4	0	0	1	0	0	0	0	0	N	N	N	N	N	N	N	N	N	N	N	N	45.2934	32.6619	3.7551	210.3310	194.1173	0.0000	25.9365	17.6831	3.7993	3.8528	4.5313	0.0453	23.6123	25.3419	0.0000	2.1007	2.4878	0.0471	0.0851	0.1387	0.0121	0.1123	0.1305	0.0054	0.0810	0.1407	0.0124	0.0018	0.0640	-0.8801	-0.0537	16.7310	5.0326	15.9078	39.3193	2.0033	1.9997	0.0036	1.0000	1.0000	0.0000	1.0033	0.9997	0.0036	0.1348	0.1267	0.0081	0.0232	0.0230	0.0002	0.1117	0.1037	0.0079	0.5200	0.4413	0.0786	0.0424	0.0395	0.0029	0.4776	0.4019	0.0757	1.5850	0.9134	0.6716	0.2063	0.1762	0.0301	1.3787	0.7372	0.6415	45.2934	32.6619	3.7551	210.3310	194.1173	0.0000	25.9365	17.6831	3.7993	0.0851	0.1387	0.0121	0.1123	0.1305	0.0054	0.0810	0.1407	0.0124
14	58	0.1419	4	0	1	1	1	0	0	0	0	N	N	N	N	N	N	N	N	N	N	N	N	0.0208	0.0005	inf	0.0263	0.0242	0.0199	0.0000	inf	0.0071	0.0003	0.0455	0.0031	0.0033	0.0000	0.0075	0.0000	0.0472	0.3430	0.5951	0.0000	0.1172	0.1370	0.0000	0.3772	0.7059	0.0000	27.3750	0.0000	0.0019	-0.2373	16.7310	5.0036	15.9078	36.7244	0.0037	0.0001	0.0036	0.0001	0.0001	0.0000	0.0036	0.0000	0.0036	0.5178	0.5178	0.0000	0.0232	0.0232	0.0000	0.4946	0.4946	0.0000	0.5170	0.4388	0.0782	0.0421	0.0392	0.0029	0.4749	0.3996	0.0753	1.5095	0.8701	0.6394	0.1983	0.1695	0.0287	1.3113	0.7006	0.6106	0.0208	0.0005	inf	0.0263	0.0242	0.0000	0.0199	0.0000	inf	0.3430	0.5951	0.0000	0.1172	0.1370	0.0000	0.3772	0.7059	0.0000	
14	59	0.5260	9	0	1	1	1	0	0	0	0	N	N	N	N	N	N	N	N	N	N	N	N	2.3088	1.8696	0.0000	177.8073	160.4553	0.0000	0.0002	0.0001	0.0000	1.2103	1.3801	0.0000	3.6694	3.8591	0.0000	0.0002	0.0002	0.0000	0.5242	0.7382	0.0002	0.0206	0.0241	0.0006	1.0910	1.9933	0.0001	0.0000	0.0001	-0.7668	-0.4697	16.7310	10.4254	15.9078	21.2017	1.7385	1.7385	0.0000	1.7383	1.7383	0.0000	0.0002	0.0002	0.0000	1.0250	1.0248	0.0001	0.0214	0.0213	0.0001	1.0036	1.0036	0.0000	1.4364	1.2596	0.1767	0.4737	0.4504	0.0233	0.9627	0.8092	0.1534	1.9552	1.3883	0.5669	1.0354	0.8848	0.1505	0.9199	0.5035	0.4164	2.3088	1.8696	0.0000	177.8073	160.4553	0.0000	0.0002	0.0001	0.0000	0.5242	0.7382	0.0002	0.0206	0.0241	0.0006	1.0910	1.9933	0.0001
14	60	0.2592	7	1	0	2	0	0	0	0	0	N	N	Y	N	N	N	N	N	N	N	N	N	854369.0539	694174.7224	8223.2191	0.0000	0.0000	0.0000	7538684.5646	inf	8453.4628	4.5551	5.3306	0.0117	0.0000	0.0000	0.0000	5.2070	6.1610	0.0126	0.0000	0.0000	0.0000	0.0000	0.0000	0.0000	0.0000	0.0000	0.0000	0.0004	0.1119	-0.4403	-0.0000	16.7310	1.9981	15.9078	3.0867	0.9991	0.9987	0.0004	0.0000	0.0000	0.0000	0.9991	0.9987	0.0004	0.0000	0.0000	0.0000	0.0000	0.0000	0.0000	0.0000	0.0000	0.0000	0.2193	0.1874	0.0320	0.0275	0.0253	0.0022	0.1919	0.1621	0.0298	0.2170	0.1355	0.0815	0.0655	0.0541	0.0115	0.1514	0.0814	0.0700	854369.0539	694174.7224	8223.2191	0.0000	0.0000	0.0000	7538684.5646	inf	8453.4628	0.0000	0.0000	0.0000	0.0000	0.0000	0.0000	0.0000	0.0000	0.0000
14	61	0.2159	6	1	0	2	0	0	0	0	0	N	N	Y	N	N	N	N	N	N	N	N	N	6484.2414	2719.5474	36497.9308	0.0000	0.0000	0.0000	22668.5052	186193711.8852	37349.6212	3.8947	1.9676	14.6863	0.0000	0.0000	0.0000	4.3387	2.2156	15.4395	0.0006	0.0007	0.0004	0.0018	0.0020	0.0003	0.0002	0.0000	0.0004	1.3328	0.3447	0.2252	-0.0001	16.7310	4.0039	15.9078	14.0733	1.7296	0.7414	0.9882	0.0000	0.0000	0.0000	1.7296	0.7414	0.9882	0.0005	0.0004	0.0001	0.0004	0.0004	0.0000	0.0001	0.0000	0.0001	0.4441	0.3768	0.0673	0.0454	0.0422	0.0033	0.3986	0.3346	0.0640	0.7847	0.4845	0.3003	0.2057	0.1735	0.0322	0.5790	0.3109	0.2681	6484.2414	2719.5474	36497.9308	0.0000	0.0000	0.0000	22668.5052	186193711.8852	37349.6212	0.0006	0.0007	0.0004	0.0018	0.0020	0.0003	0.0002	0.0000	0.0004
14	62	0.2352	7	1	0	2	0	0	0	0	0	N	N	Y	N	N	N	N	N	N	N	N	N	0.0000	0.0000	0.0000	0.0000	0.0000	0.0000	0.0000	0.0000	0.0000	0.0000	0.0000	0.0000	0.0000	0.0000	0.0000	0.0000	0.0000	0.0000	1.4908	0.0035	3.6912	0.0095	0.0089	0.0124	2.0786	0.0000	4.2054	716.4667	0.0000	0.5398	16.7310	0.0060	15.9078	17.2393	0.0000	0.0000	0.0000	0.0000	0.0000	0.0000	0.0000	0.0000	0.0000	0.9991	0.0014	0.9977	0.0018	0.0014	0.0004	0.9973	0.0000	0.9973	0.0028	0.0024	0.0004	0.0011	0.0011	0.0000	0.0016	0.0013	0.0004	0.6702	0.3999	0.2703	0.1904	0.1573	0.0332	0.4798	0.2426	0.2372	0.0000	0.0000	0.0000	0.0000	0.0000	0.0000	0.0000	0.0000	0.0000	1.4908	0.0035	3.6912	0.0095	0.0089	0.0124	2.0786	0.0000	4.2054	
14	63	0.1787	5	0	0	2	0	0	0	0	0	N	N	Y	N	N	N	N	N	N	N	N	N	0.0039	0.2841	0.0094	0.2096	0.5998	0.0000	0.0028	0.0000	0.0078	0.0037	0.0001	0.0279	0.0005	0.0005	0.0000	0.0047	0.0000	0.0295	0.9478	0.0005	2.9639	0.0022	0.0008	0.0098	1.6930	0.0001	3.7874	29.9201	2925.3276	0.0003	0.5348	16.7310	1.0230	15.9078	12.1924	0.0006	0.0000	0.0006	0.0000	0.0000	0.0000	0.0006	0.0000	0.0006	0.9880	0.0003	0.9877	0.0010	0.0003	0.0007	0.9870	0.0000	0.9870	0.1693	0.1479	0.0214	0.0431	0.0419	0.0012	0.1262	0.1060	0.0203	1.0425	0.7092	0.3332	0.4595	0.3868	0.0726	0.5830	0.3224	0.2606	0.0039	0.2841	0.0094	0.2096	0.5998	0.0000	0.0028	0.0000	0.0078	0.9478	0.0005	2.9639	0.0022	0.0008	0.0098	1.6930	0.0001	3.7874
14	64	0.1419	4	0	0	1	0	0	0	0	0	N	N	N	N	N	N	N	N	N	N	N	N	43.0014	0.0077	485.3076	0.0602	0.0589	0.0000	48.6152	0.0026	492.8944	3.8988	0.0009	25.6447	0.0065	0.0070	0.0000	4.2493	0.0003	26.6215	0.0907	0.1176	0.0528	0.1077	0.1181	0.0277	0.0874	0.1175	0.0540	5068.7501	0.3202	0.5605	-0.0126	16.7310	2.4556	15.9078	12.4191	1.0033	0.0002	1.0031	0.0001	0.0001	0.0000	1.0031	0.0001	1.0031	0.0583	0.0441	0.0141	0.0111	0.0108	0.0003	0.0472	0.0333	0.0138	0.2573	0.2182	0.0391	0.0213	0.0198	0.0014	0.2361	0.1984	0.0377	0.6426	0.3752	0.2674	0.1032	0.0913	0.0119	0.5394	0.2839	0.2556	43.0014	0.0077	485.3076	0.0602	0.0589	0.0000	48.6152	0.0026	492.8944	0.0907	0.1176	0.0528	0.1077	0.1181	0.0277	0.0874	0.1175	0.0540
14	65	0.2643	6	0	1	1	0	0	0	0	0	N	N	N	N	N	N	N	N	N	N	N	N	2.3128	1.8224	0.0000	1.6032	1.4587	0.0000	53.1490	40.6575	0.0000	0.0020	0.0023	0.0000	0.0033	0.0035	0.0000	0.0016	0.0019	0.0000	0.0009	0.0012	0.0000	0.0021	0.0024	0.0001	0.0000	0.0000	0.0000	0.0000	0.0133	-0.0002	-0.0002	16.7310	1.7555	15.9078	11.9300	0.0004	0.0004	0.0000	0.0001	0.0001	0.0000	0.0003	0.0003	0.0000	0.0006	0.0005	0.0000	0.0005	0.0005	0.0000	0.0000	0.0000	0.0000	0.2164	0.1880	0.0284	0.0444	0.0423	0.0020	0.1720	0.1457	0.0263	0.6517	0.4404	0.2113	0.2633	0.2263	0.0370	0.3884	0.2140	0.1744	2.3128	1.8224	0.0000	1.6032	1.4587	0.0000	53.1490	40.6575	0.0000	0.0009	0.0012	0.0000	0.0021	0.0024	0.0001	0.0000	0.0000	0.0000
14	66	0.2433	8	1	1	2	0	0	0	0	0	N	N	Y	N	N	N	N	N	N	N	N	N	0.0000	0.0000	0.0000	0.0000	0.0000	0.0000	0.0000	0.0000	0.0000	0.0000	0.0000	0.0000	0.0000	0.0000	0.0000	0.0000	0.0000	0.0000	0.0000	0.0000	16.7310	0.0000	15.9078	0.0000	0.0000	0.0000	0.0000	0.0000	0.0000	0.0000	0.0000	0.0000	0.0000	0.0000	0.0000	0.0000	0.0000	0.0000	0.0000	0.0000	0.0000	0.0000	0.0000	0.0000	0.0000	0.0000	0.0000	0.0000	0.0000	0.0000	0.0000	0.0000	0.0000	0.0000	0.0000	0.0000	0.0000	0.0000	0.0000	0.0000	0.0000	0.0000	0.0000	0.0000	0.0000	0.0000	0.0000	0.0000	0.0000	0.0000	0.0000	0.0000	0.0000	0.0000	0.0000	0.0000	0.0000	0.0000											
14	67	0.7478	11	1	1	2	0	0	0	0	0	N	N	Y	N	N	N	N	N	N	N	N	N	0.0000	0.0000	0.0000	0.0000	0.0000	0.0000	0.0000	0.0000	0.0000	0.0000	0.0000	0.0000	0.0000	0.0000	0.0000	0.0000	0.0000	0.0000	0.0000	0.0000	16.7310	1.0000	15.9078	3.0000	0.0000	0.0000	0.0000	0.0000	0.0000	0.0000	0.0000	0.0000	0.0000	0.0000	0.0000	0.0000	0.0000	0.0000	0.0000	0.0000	0.0000	0.0000	0.0947	0.0825	0.0122	0.0298	0.0274	0.0024	0.0649	0.0551	0.0098	0.1254	0.0862	0.0392	0.0689	0.0583	0.0106	0.0565	0.0279	0.0286	0.0000	0.0000	0.0000	0.0000	0.0000	0.0000	0.0000	0.0000	0.0000	0.0000	0.0000	0.0000	0.0000	0.0000	0.0000	0.0000	0.0000	0.0000											
14	68	0.2433	8	1	1	2	0	0	0	0	0	N	N	Y	N	N	N	N	N	N	N	N	N	0.0000	0.0000	0.0000	0.0000	0.0000	0.0000	0.0000	0.0000	0.0000	0.0000	0.0000	0.0000	0.0000	0.0000	0.0000	0.0000	0.0000	0.0000	0.0000	0.0000	16.7310	1.0000	15.9078	0.0000	0.0000	0.0000	0.0000	0.0000	0.0000	0.0000	0.0000	0.0000	0.0000	0.0000	0.0000	0.0000	0.0000	0.0000	0.0000	0.0000	0.0000	0.0000	0.1112	0.0941	0.0171	0.0090	0.0083	0.0007	0.1022	0.0858	0.0164	0.0404	0.0233	0.0170	0.0097	0.0079	0.0018	0.0307	0.0155	0.0152	0.0000	0.0000	0.0000	0.0000	0.0000	0.0000	0.0000	0.0000	0.0000	0.0000	0.0000	0.0000	0.0000	0.0000	0.0000	0.0000	0.0000	0.0000											
14	69	0.2269	7	1	1	2	0	0	0	0	0	N	N	Y	N	N	N	N	N	N	N	N	N	0.0057	0.0060	0.0000	3.1097	2.8612	0.0000	0.0000	0.0000	0.0000	0.0002	0.0002	0.0000	0.0016	0.0017	0.0000	0.0000	0.0000	0.0000	0.0288	0.0325	0.0228	0.0005	0.0006	0.0000	0.0375	0.0481	0.0247	0.0000	0.4292	-0.0000	-0.0015	16.7310	1.0155	15.9078	5.9708	0.0000	0.0000	0.0000	0.0000	0.0000	0.0000	0.0000	0.0000	0.0000	0.0095	0.0066	0.0029	0.0000	0.0000	0.0000	0.0095	0.0066	0.0029	0.1196	0.1017	0.0179	0.0121	0.0115	0.0006	0.1074	0.0902	0.0173	0.3295	0.2044	0.1251	0.0772	0.0673	0.0099	0.2523	0.1371	0.1152	0.0057	0.0060	0.0000	3.1097	2.8612	0.0000	0.0000	0.0000	0.0000	0.0288	0.0325	0.0228	0.0005	0.0006	0.0000	0.0375	0.0481	0.0247
14	70	0.2221	6	1	0	2	0	0	0	0	0	N	N	Y	N	N	N	N	N	N	N	N	N	0.0186	0.1219	0.0006	4.4612	3.9149	0.0000	0.0003	0.0000	0.0005	0.0963	0.1071	0.0148	0.2846	0.2866	0.0000	0.0026	0.0000	0.0152	5.1801	0.8782	26.3430	0.0638	0.0732	0.0020	7.9712	1.8688	29.8170	0.0183	6.4373	-0.0005	0.4586	16.7310	0.0406	15.9078	2.3361	0.0011	0.0011	0.0000	0.0011	0.0011	0.0000	0.0000	0.0000	0.0000	1.1264	0.1515	0.9749	0.0070	0.0070	0.0000	1.1194	0.1445	0.9749	0.0114	0.0101	0.0013	0.0038	0.0038	0.0000	0.0076	0.0063	0.0013	0.2501	0.1725	0.0776	0.1096	0.0951	0.0145	0.1404	0.0773	0.0631	0.0214	0.1219	0.0012	4.4612	3.9149	0.0000	0.0003	0.0000	0.0010	4.5043	0.8782	12.5612	0.0638	0.0732	0.0020	7.9712	1.8688	15.4462
14	71	0.7478	11	1	1	2	0	0	0	0	0	N	N	Y	N	N	N	N	N	N	N	N	N	0.0000	0.0000	0.0000	0.0000	0.0000	0.0000	0.0000	0.0000	0.0000	0.0000	0.0000	0.0000	0.0000	0.0000	0.0000	0.0000	0.0000	0.0000	0.0000	0.0000	16.7310	0.0000	15.9078	0.0000	0.0000	0.0000	0.0000	0.0000	0.0000	0.0000	0.0000	0.0000	0.0000	0.0000	0.0000	0.0000	0.0000	0.0000	0.0000	0.0000	0.0000	0.0000	0.0000	0.0000	0.0000	0.0000	0.0000	0.0000	0.0000	0.0000	0.0000	0.0000	0.0000	0.0000	0.0000	0.0000	0.0000	0.0000	0.0000	0.0000	0.0000	0.0000	0.0000	0.0000	0.0000	0.0000	0.0000	0.0000	0.0000	0.0000	0.0000	0.0000	0.0000	0.0000	0.0000	0.0000	0.0000	0.0000											
14	72	0.7298	10	1	1	2	0	0	0	0	0	N	N	Y	N	N	N	N	N	N	N	N	N	4.8353	3.8888	0.0000	0.0000	0.0000	0.0000	7.7299	4.5111	0.0000	0.0001	0.0002	0.0000	0.0000	0.0000	0.0000	0.0002	0.0002	0.0000	0.0000	0.0000	0.0000	0.0000	0.0000	0.0000	0.0000	0.0001	0.0000	0.0000	0.0107	-0.0000	-0.0000	16.7310	3.9057	15.9078	1.1104	0.0001	0.0001	0.0000	0.0000	0.0000	0.0000	0.0001	0.0001	0.0000	0.0000	0.0000	0.0000	0.0000	0.0000	0.0000	0.0000	0.0000	0.0000	0.4133	0.3601	0.0531	0.1245	0.1156	0.0089	0.2888	0.2445	0.0443	0.2195	0.1522	0.0673	0.1389	0.1135	0.0255	0.0806	0.0388	0.0418	4.8353	3.8888	0.0000	0.0000	0.0000	0.0000	7.7299	4.5111	0.0000	0.0000	0.0000	0.0000	0.0000	0.0000	0.0000	0.0000	0.0001	0.0000
14	73	0.5270	8	1	1	1	0	0	0	0	0	N	N	N	N	N	N	N	N	N	N	N	N	0.9607	0.6160	3.4809	1.4758	0.3499	204.5726	0.5956	2260.1500	0.0802	1.4839	0.8058	7.1419	2.6533	0.7286	39.1551	0.7664	0.8583	0.2112	1.5445	1.3081	2.0517	1.7978	2.0823	0.1914	1.2869	0.0004	2.6349	1.0622	0.7311	0.1384	-0.0618	16.7310	6.9070	15.9078	16.5673	1.8711	0.9074	0.9638	1.2722	0.3319	0.9403	0.5989	0.5755	0.0234	1.7147	0.9905	0.7242	1.0066	0.9904	0.0161	0.7081	0.0001	0.7080	1.2609	1.1260	0.1349	0.4795	0.4555	0.0240	0.7815	0.6705	0.1109	1.1102	0.7572	0.3530	0.5599	0.4756	0.0842	0.5503	0.2816	0.2687	0.9607	0.6160	3.4809	1.4758	0.3499	204.5726	0.5956	2260.1500	0.0802	1.5445	1.3081	2.0517	1.7978	2.0823	0.1914	1.2869	0.0004	2.6349
14	74	0.5909	10	0	1	1	1	0	0	0	0	N	N	N	N	N	N	N	N	N	N	N	N	0.0007	0.0002	0.0334	0.0007	0.0006	0.0000	0.0150	0.0000	0.0628	0.0007	0.0003	0.0028	0.0014	0.0015	0.0000	0.0005	0.0000	0.0030	1.0155	1.4615	0.0828	1.9727	2.2996	0.1895	0.0334	0.0184	0.0486	1.3068	0.0271	0.0001	-0.4438	16.7310	6.4226	15.9078	19.3377	0.0005	0.0002	0.0003	0.0002	0.0002	0.0000	0.0003	0.0000	0.0003	1.0273	1.0002	0.0271	1.0106	0.9956	0.0150	0.0167	0.0046	0.0120	0.7162	0.6150	0.1012	0.1569	0.1474	0.0095	0.5593	0.4676	0.0917	1.0116	0.6844	0.3272	0.5123	0.4329	0.0794	0.4993	0.2515	0.2479	0.0007	0.0002	0.0334	0.0007	0.0006	0.0000	0.0150	0.0000	0.0628	1.0155	1.4615	0.0828	1.9727	2.2996	0.1895	0.0334	0.0184	0.0486
14	75	0.5457	9	0	0	1	1	0	0	0	0	N	N	N	N	N	N	N	N	N	N	N	N	0.8153	1.1632	0.3103	5.2182	44.7082	0.0016	0.0567	0.0000	0.4477	1.2287	1.2956	0.7448	3.3334	3.4887	0.0063	0.1372	0.0000	0.8507	1.5071	1.1138	2.4005	0.6388	0.0780	3.9722	2.4201	2.8916	1.9001	0.0795	0.9486	-0.3276	0.0578	16.7310	5.1932	15.9078	17.4397	0.8915	0.8259	0.0656	0.8259	0.8259	0.0001	0.0656	0.0000	0.0656	2.0324	1.0430	0.9894	0.4415	0.0462	0.3954	1.5909	0.9968	0.5940	0.7256	0.6375	0.0881	0.2478	0.2367	0.0110	0.4778	0.4007	0.0771	1.3486	0.9364	0.4122	0.6912	0.5917	0.0995	0.6574	0.3447	0.3126	0.8153	1.1632	0.3103	5.2182	44.7082	0.0016	0.0567	0.0000	0.4477	1.5071	1.1138	2.4005	0.6388	0.0780	3.9722	2.4201	2.8916	1.9001
14	76	0.5087	8	0	0	1	0	0	0	0	0	N	N	N	N	N	N	N	N	N	N	N	N	1.9178	0.3942	8.6692	0.8420	0.9504	0.0543	2.7677	0.0035	10.1845	2.5974	0.4387	17.0256	1.2955	1.3513	0.1211	3.1420	0.0019	18.9627	1.3544	1.1128	1.9639	1.5387	1.4218	2.2309	1.1352	0.5417	1.8619	5.8069	0.6994	0.6627	-0.1018	16.7310	4.4918	15.9078	17.5337	1.6086	0.2363	1.3723	0.2366	0.2356	0.0010	1.3720	0.0007	1.3713	2.1754	1.2801	0.8953	1.3425	1.0613	0.2811	0.8330	0.2188	0.6142	0.6193	0.5387	0.0806	0.1827	0.1744	0.0083	0.4366	0.3643	0.0723	1.6062	1.1503	0.4559	0.8725	0.7465	0.1260	0.7337	0.4039	0.3299	1.9178	0.3942	8.6692	0.8420	0.9504	0.0543	2.7677	0.0035	10.1845	1.3544	1.1128	1.9639	1.5387	1.4218	2.2309	1.1352	0.5417	1.8619
14	77	0.2378	7	0	0	1	1	0	0	0	0	N	N	N	N	N	N	N	N	N	N	N	N	0.0447	0.0000	1.9863	0.0006	0.0000	0.1058	0.8622	0.0000	3.0545	0.0670	0.0000	0.5844	0.0025	0.0000	0.0920	0.0850	0.0000	0.6113	1.4999	2.1723	0.2942	4.4474	5.1096	0.8696	0.0986	0.0142	0.2001	inf	0.0755	0.0021	-0.4177	16.7310	0.3745	15.9078	14.7996	0.0037	0.0000	0.0037	0.0000	0.0000	0.0000	0.0036	0.0000	0.0036	1.0762	1.0006	0.0756	1.0282	0.9968	0.0314	0.0479	0.0038	0.0442	0.0549	0.0486	0.0063	0.0120	0.0117	0.0003	0.0429	0.0370	0.0060	0.7175	0.4606	0.2569	0.2312	0.1951	0.0361	0.4863	0.2655	0.2208	0.0447	0.0000	1.9863	0.0006	0.0000	0.1058	0.8622	0.0000	3.0545	1.4999	2.1723	0.2942	4.4474	5.1096	0.8696	0.0986	0.0142	0.2001
14	78	0.2155	6	0	0	1	1	0	0	0	0	N	N	N	N	N	N	N	N	N	N	N	N	0.7585	0.0002	1.4556	0.0014	0.0648	0.0016	0.9424	0.0001	3.0509	5.6907	0.0005	41.0503	0.0058	0.0016	0.0922	6.5564	0.0003	42.9663	7.5030	2.3111	28.2025	4.0640	0.0247	58.8772	6.9571	4.2428	14.0833	13230.7934	2.8789	0.5545	1.0995	16.7310	1.4595	15.9078	10.3922	0.9924	0.0001	0.9923	0.0001	0.0000	0.0001	0.9922	0.0000	0.9922	3.8739	0.9987	2.8752	0.9351	0.0049	0.9302	2.9388	0.9938	1.9450	0.1744	0.1502	0.0242	0.0230	0.0220	0.0011	0.1513	0.1282	0.0231	0.6525	0.4321	0.2204	0.2301	0.1979	0.0322	0.4224	0.2342	0.1882	0.9585	0.0002	3.1465	0.0014	0.0648	0.0032	0.9424	0.0001	4.1571	5.9369	2.3111	13.0465	4.0640	0.0247	28.8893	6.9571	4.2428	10.3357
14	79	0.2014	5	0	0	1	1	0	0	0	0	N	N	N	N	N	N	N	N	N	N	N	N	0.4204	0.5546	0.5775	1.2504	1.9686	0.0001	0.3560	0.7320	0.7724	0.0658	0.0460	0.1779	0.2724	0.2915	0.0001	0.0425	0.0153	0.1862	0.1564	0.0830	0.3080	0.2178	0.1481	0.7019	0.1193	0.0209	0.2410	0.6794	1.7957	-0.0004	0.0143	16.7310	1.3861	15.9078	6.3168	0.0101	0.0060	0.0041	0.0042	0.0042	0.0000	0.0058	0.0018	0.0041	0.0777	0.0278	0.0499	0.0407	0.0242	0.0165	0.0370	0.0036	0.0334	0.1530	0.1301	0.0229	0.0155	0.0145	0.0010	0.1375	0.1156	0.0219	0.4967	0.3347	0.1620	0.1870	0.1634	0.0236	0.3097	0.1713	0.1384	0.4204	0.5546	0.5775	1.2504	1.9686	0.0001	0.3560	0.7320	0.7724	0.1564	0.0830	0.3080	0.2178	0.1481	0.7019	0.1193	0.0209	0.2410
14	80	0.1419	4	0	0	1	1	0	0	0	0	N	N	N	N	N	N	N	N	N	N	N	N	181.1307	434.2457	2.6877	1267.7019	5629.1158	0.0000	96.8180	205.8672	3.0940	4.8232	5.6628	0.1219	29.4053	31.5540	0.0000	2.6343	3.1082	0.1265	0.0266	0.0130	0.0453	0.0232	0.0056	0.1396	0.0272	0.0151	0.0409	0.0038	2.5251	-0.8772	0.0065	16.7310	4.0043	15.9078	19.8631	2.0060	1.9983	0.0077	1.0000	1.0000	0.0000	1.0060	0.9984	0.0077	0.0254	0.0072	0.0182	0.0032	0.0007	0.0025	0.0222	0.0065	0.0157	0.4159	0.3529	0.0630	0.0340	0.0317	0.0023	0.3819	0.3212	0.0607	0.9534	0.5523	0.4011	0.1378	0.1197	0.0181	0.8156	0.4326	0.3830	181.1307	434.2457	2.6877	1267.7019	5629.1158	0.0000	96.8180	205.8672	3.0940	0.0266	0.0130	0.0453	0.0232	0.0056	0.1396	0.0272	0.0151	0.0409
14	81	0.6825	10	0	1	2	0	0	0	0	0	N	N	Y	N	N	N	N	N	N	N	N	N	76399.1686	1156804.6654	0.0000	167459.8168	1771157.8963	0.0000	0.0000	0.0000	0.0100	0.0114	0.0000	0.0235	0.0253	0.0000	0.0000	0.0000	0.0000	0.0000	0.0000	0.0000	0.0000	0.0000	0.0000	0.0000	0.0000	0.0000	0.0000	18.3333	-0.0011	0.0000	16.7310	2.0162	15.9078	4.5500	0.0026	0.0026	0.0000	0.0026	0.0026	0.0000	0.0000	0.0000	0.0000	0.0000	0.0000	0.0000	0.0000	0.0000	0.0000	0.0000	0.0000	0.0000	0.2574	0.2255	0.0319	0.1091	0.1016	0.0075	0.1483	0.1239	0.0244	0.2666	0.1829	0.0837	0.1467	0.1262	0.0205	0.1200	0.0568	0.0632	76399.1686	1156804.6654	0.0000	167459.8168	1771157.8963	0.0000	0.0000	0.0000	0.0000	0.0000	0.0000	0.0000	0.0000	0.0000	0.0000	0.0000	0.0000	0.0000	
14	82	0.2499	8	0	1	2	0	0	0	0	0	N	N	Y	N	N	N	N	N	N	N	N	N	0.0003	0.0002	0.0000	0.0000	0.0000	0.0000	0.0002	0.0002	0.0000	0.0009	0.0011	0.0000	0.0000	0.0000	0.0000	0.0011	0.0013	0.0000	2.9475	4.9131	0.0000	0.0001	0.0001	0.0001	4.2506	8.2052	0.0000	0.0000	0.0000	-0.0001	-0.4572	16.7310	3.0011	15.9078	3.7015	0.0003	0.0003	0.0000	0.0000	0.0000	0.0000	0.0003	0.0003	0.0000	0.9974	0.9974	0.0000	0.0000	0.0000	0.0000	0.9974	0.9974	0.0000	0.3321	0.2819	0.0502	0.0371	0.0345	0.0026	0.2950	0.2474	0.0476	0.3384	0.2085	0.1299	0.1037	0.0869	0.0168	0.2346	0.1216	0.1131	0.0003	0.0002	0.0000	0.0000	0.0000	0.0000	0.0002	0.0002	0.0000	2.9475	4.7846	0.0000	0.0001	0.0001	0.0001	4.2506	8.2052	0.0000
14	83	0.2385	7	0	1	1	0	0	0	0	0	N	N	N	N	N	N	N	N	N	N	N	N	658.3342	528.4459	0.0000	32.0140	44.2702	0.0000	488.6880	328.0939	0.0000	4.4528	5.2482	0.0000	0.0198	0.0214	0.0000	4.9944	5.9539	0.0000	0.0068	0.0099	0.0002	0.0006	0.0005	0.0015	0.0102	0.0181	0.0000	0.0000	0.0118	-0.4405	-0.0012	16.7310	2.0032	15.9078	4.2039	0.9987	0.9987	0.0000	0.0005	0.0005	0.0000	0.9982	0.9982	0.0000	0.0028	0.0027	0.0000	0.0001	0.0001	0.0000	0.0027	0.0027	0.0000	0.2243	0.1903	0.0340	0.0244	0.0226	0.0018	0.1999	0.1677	0.0322	0.4094	0.2756	0.1339	0.1474	0.1282	0.0192	0.2620	0.1474	0.1146	658.3342	528.4459	0.0000	32.0140	44.2702	0.0000	488.6880	328.0939	0.0000	0.0068	0.0099	0.0002	0.0006	0.0005	0.0015	0.0102	0.0181	0.0000
14	84	0.2352	7	1	0	2	0	0	0	0	0	N	N	Y	N	N	N	N	N	N	N	N	N	0.0000	0.0000	0.0000	0.0000	0.0000	0.0000	0.0000	0.0000	0.0000	0.0000	0.0000	0.0000	0.0000	0.0000	0.0000	0.0000	0.0000	0.0000	0.0099	0.0164	0.0001	0.0321	0.0376	0.0001	0.0000	0.0000	0.0001	0.0024	0.0000	-0.0012	16.7310	1.0052	15.9078	4.9545	0.0000	0.0000	0.0000	0.0000	0.0000	0.0000	0.0000	0.0000	0.0000	0.0027	0.0026	0.0000	0.0026	0.0026	0.0000	0.0000	0.0000	0.0000	0.1145	0.0972	0.0173	0.0143	0.0133	0.0010	0.1002	0.0839	0.0163	0.2677	0.1616	0.1061	0.0826	0.0704	0.0122	0.1851	0.0913	0.0939	0.0000	0.0000	0.0000	0.0000	0.0000	0.0000	0.0000	0.0000	0.0000	0.0099	0.0164	0.0001	0.0321	0.0376	0.0001	0.0000	0.0000	0.0001	
14	85	0.2159	6	1	0	2	0	0	0	0	0	N	N	Y	N	N	N	N	N	N	N	N	N	0.0000	0.0000	0.0000	0.0000	0.0000	0.0000	0.0000	0.0000	0.0000	0.0000	0.0000	0.0000	0.0000	0.0000	0.0000	0.0000	0.0000	0.0000	0.0082	0.0048	0.0143	0.0079	0.0089	0.0007	0.0084	0.0022	0.0159	1.6382	0.0000	0.0006	16.7310	0.9968	15.9078	7.6169	0.0000	0.0000	0.0000	0.0000	0.0000	0.0000	0.0000	0.0000	0.0000	0.0036	0.0014	0.0023	0.0010	0.0010	0.0000	0.0026	0.0004	0.0022	0.1126	0.0955	0.0172	0.0120	0.0111	0.0009	0.1006	0.0844	0.0162	0.4404	0.2835	0.1569	0.1283	0.1123	0.0160	0.3121	0.1712	0.1409	0.0000	0.0000	0.0000	0.0000	0.0000	0.0000	0.0000	0.0000	0.0000	0.0082	0.0048	0.0143	0.0079	0.0089	0.0007	0.0084	0.0022	0.0159	
14	86	0.2359	5	1	1	1	0	0	0	0	0	N	N	N	N	N	N	N	N	N	N	N	N	0.1824	0.2694	0.0000	1.6749	1.5552	0.0000	0.0000	0.0000	0.0000	0.0008	0.0010	0.0000	0.0053	0.0054	0.0000	0.0000	0.0000	0.0000	0.0047	0.0037	0.0068	0.0032	0.0035	0.0003	0.0056	0.0039	0.0079	0.0000	0.7848	-0.0003	-0.0001	16.7310	5.8060	15.9078	6.1034	0.0007	0.0007	0.0000	0.0007	0.0007	0.0000	0.0000	0.0000	0.0000	0.0044	0.0025	0.0019	0.0012	0.0011	0.0000	0.0032	0.0013	0.0019	0.7745	0.6555	0.1191	0.1243	0.1207	0.0036	0.6503	0.5348	0.1155	0.9405	0.6585	0.2820	0.3643	0.3255	0.0387	0.5762	0.3330	0.2432	0.1824	0.2694	0.0000	1.6749	1.5552	0.0000	0.0000	0.0000	0.0000	0.0047	0.0037	0.0068	0.0032	0.0035	0.0003	0.0056	0.0039	0.0079
14	87	0.1419	4	1	1	1	0	0	0	0	0	N	N	N	N	N	N	N	N	N	N	N	N	0.5363	1.3768	0.0014	3.9168	3.6207	0.0000	0.0013	0.0127	0.0014	1.4248	1.6742	0.0067	17.7021	18.9991	0.0000	0.0032	0.0025	0.0069	2.6566	1.2160	4.6231	4.5195	5.2474	0.0755	2.3643	0.1962	4.8381	0.0007	2.7849	-0.7698	0.9422	16.7310	12.2869	15.9078	21.7146	1.7479	1.7466	0.0012	1.7443	1.7443	0.0000	0.0036	0.0024	0.0012	3.3961	0.8973	2.4988	0.7836	0.7817	0.0018	2.6125	0.1155	2.4970	1.2267	1.0433	0.1834	0.0985	0.0918	0.0067	1.1282	0.9515	0.1767	1.2784	0.7379	0.5405	0.1734	0.1490	0.0244	1.1050	0.5889	0.5161	0.5363	1.3768	0.0014	3.9168	3.6207	0.0000	0.0013	0.0127	0.0014	2.6566	1.2160	4.6231	4.5195	5.2474	0.0755	2.3643	0.1962	4.8381
14	88	0.2385	7	0	1	1	0	0	0	0	0	N	N	N	N	N	N	N	N	N	N	N	N	3452.2392	2701.9946	0.0000	30.4800	29.2386	0.0000	7581.9035	5047.7113	0.0000	1.6741	1.9722	0.0000	0.0313	0.0337	0.0000	1.8720	2.2304	0.0000	0.0005	0.0007	0.0001	0.0010	0.0012	0.0003	0.0002	0.0004	0.0000	0.0000	0.0422	-0.3269	-0.0001	16.7310	4.0005	15.9078	9.0093	0.7412	0.7412	0.0000	0.0015	0.0015	0.0000	0.7397	0.7397	0.0000	0.0003	0.0003	0.0000	0.0002	0.0002	0.0000	0.0001	0.0001	0.0000	0.4427	0.3758	0.0669	0.0476	0.0442	0.0034	0.3951	0.3316	0.0635	0.6607	0.4212	0.2395	0.2020	0.1710	0.0311	0.4586	0.2502	0.2084	3452.2392	2701.9946	0.0000	30.4800	29.2386	0.0000	7581.9035	5047.7113	0.0000	0.0005	0.0007	0.0001	0.0010	0.0012	0.0003	0.0002	0.0004	0.0000
14	89	0.2159	6	0	1	1	0	0	0	0	0	N	N	N	N	N	N	N	N	N	N	N	N	39.2642	80.6524	2.4485	0.0000	0.0000	0.0000	42.0053	79.4268	2.9949	0.0169	0.0197	0.0019	0.0000	0.0000	0.0000	0.0190	0.0222	0.0020	0.0004	0.0002	0.0008	0.0004	0.0002	0.0016	0.0005	0.0003	0.0007	0.0170	1.7830	-0.0008	0.0000	16.7310	1.0051	15.9078	9.2650	0.0019	0.0019	0.0000	0.0000	0.0000	0.0000	0.0019	0.0019	0.0000	0.0002	0.0001	0.0001	0.0001	0.0000	0.0000	0.0002	0.0001	0.0001	0.1136	0.0963	0.0173	0.0121	0.0112	0.0009	0.1015	0.0851	0.0164	0.5026	0.3198	0.1828	0.1424	0.1234	0.0190	0.3602	0.1963	0.1639	39.2642	80.6524	2.4485	0.0000	0.0000	0.0000	42.0053	79.4268	2.9949	0.0004	0.0002	0.0008	0.0004	0.0002	0.0016	0.0005	0.0003	0.0007
14	90	0.2643	6	0	0	2	0	0	0	0	0	N	N	Y	N	N	N	N	N	N	N	N	N	1.0996	0.8833	0.0000	0.8183	0.7577	0.0000	34.5518	24.2123	0.0000	0.0015	0.0018	0.0000	0.0027	0.0028	0.0000	0.0012	0.0015	0.0000	0.0014	0.0020	0.0000	0.0033	0.0037	0.0002	0.0000	0.0001	0.0000	0.0000	0.0079	-0.0002	-0.0003	16.7310	2.3559	15.9078	7.1930	0.0004	0.0004	0.0000	0.0001	0.0001	0.0000	0.0003	0.0003	0.0000	0.0007	0.0007	0.0000	0.0007	0.0007	0.0000	0.0000	0.0000	0.0000	0.2800	0.2425	0.0374	0.0545	0.0518	0.0027	0.2254	0.1907	0.0347	0.5065	0.3497	0.1568	0.2100	0.1835	0.0265	0.2965	0.1662	0.1303	1.0996	0.8833	0.0000	0.8183	0.7577	0.0000	34.5518	24.2123	0.0000	0.0014	0.0020	0.0000	0.0033	0.0037	0.0002	0.0000	0.0001	0.0000
14	91	0.2315	5	0	0	1	0	0	0	0	0	N	N	N	N	N	N	N	N	N	N	N	N	53.8892	44.5698	2.9520	25.3465	23.3012	0.7659	621.7688	521.2002	3.5926	1.1470	1.3019	0.0028	1.1002	1.1331	0.0011	1.1706	1.4008	0.0029	0.0213	0.0292	0.0009	0.0434	0.0486	0.0015	0.0019	0.0027	0.0008	0.0003	0.0125	-0.4502	-0.0131	16.7310	4.9284	15.9078	11.0439	1.0213	1.0210	0.0003	0.3284	0.3283	0.0000	0.6929	0.6926	0.0003	0.0294	0.0290	0.0004	0.0280	0.0279	0.0001	0.0014	0.0011	0.0003	0.8904	0.7843	0.1062	0.2985	0.2898	0.0087	0.5920	0.4945	0.0975	1.3811	0.9939	0.3872	0.6453	0.5738	0.0715	0.7358	0.4201	0.3157	53.8892	44.5698	2.9520	25.3465	23.3012	0.7659	621.7688	521.2002	3.5926	0.0213	0.0292	0.0009	0.0434	0.0486	0.0015	0.0019	0.0027	0.0008
14	92	0.1419	4	0	0	1	0	0	0	0	0	N	N	N	N	N	N	N	N	N	N	N	N	110.2367	146.6331	20.2730	493.1081	624.3446	1.5217	42.5534	58.2204	23.1467	2.6018	2.9642	0.5722	22.1368	23.7442	0.1324	0.8615	0.9130	0.5890	0.0236	0.0202	0.0282	0.0449	0.0380	0.0870	0.0202	0.0157	0.0254	0.0345	1.0223	-0.4317	0.0014	16.7310	3.9161	15.9078	29.2065	1.0588	1.0235	0.0353	0.7369	0.7366	0.0003	0.3219	0.2869	0.0350	0.0295	0.0146	0.0149	0.0077	0.0056	0.0021	0.0219	0.0090	0.0129	0.4069	0.3453	0.0617	0.0333	0.0310	0.0023	0.3736	0.3142	0.0594	1.2512	0.7223	0.5289	0.1704	0.1465	0.0239	1.0808	0.5758	0.5050	110.2367	146.6331	20.2730	493.1081	624.3446	1.5217	42.5534	58.2204	23.1467	0.0236	0.0202	0.0282	0.0449	0.0380	0.0870	0.0202	0.0157	0.0254
14	93	0.6825	10	1	1	1	0	0	0	0	0	N	N	N	N	N	N	N	N	N	N	N	N	0.0138	0.0101	0.0427	0.0178	0.0166	0.0002	0.0110	0.0000	0.0443	0.0000	0.0000	0.0001	0.0001	0.0001	0.0000	0.0000	0.0000	0.0001	0.0032	0.0037	0.0023	0.0044	0.0051	0.0004	0.0019	0.0008	0.0029	0.3676	0.2844	-0.0000	-0.0003	16.7310	2.5103	15.9078	7.4742	0.0000	0.0000	0.0000	0.0000	0.0000	0.0000	0.0000	0.0000	0.0000	0.0012	0.0009	0.0003	0.0009	0.0008	0.0000	0.0003	0.0001	0.0002	0.3066	0.2685	0.0380	0.1283	0.1192	0.0091	0.1783	0.1494	0.0289	0.3614	0.2470	0.1144	0.1962	0.1675	0.0288	0.1652	0.0796	0.0856	0.0138	0.0101	0.0427	0.0178	0.0166	0.0002	0.0110	0.0000	0.0443	0.0032	0.0037	0.0023	0.0044	0.0051	0.0004	0.0019	0.0008	0.0029
14	94	0.6462	9	0	1	1	0	0	0	0	0	N	N	N	N	N	N	N	N	N	N	N	N	0.0058	0.0045	0.0155	0.0050	0.0051	0.0000	0.0052	0.0029	0.0236	0.0000	0.0000	0.0000	0.0000	0.0000	0.0000	0.0000	0.0000	0.0000	0.0028	0.0036	0.0011	0.0020	0.0021	0.0016	0.0039	0.0068	0.0009	0.1408	0.1389	-0.0000	-0.0004	16.7310	7.1305	15.9078	3.2426	0.0000	0.0000	0.0000	0.0000	0.0000	0.0000	0.0000	0.0000	0.0000	0.0012	0.0010	0.0001	0.0005	0.0004	0.0001	0.0007	0.0006	0.0001	0.9610	0.8493	0.1117	0.3705	0.3492	0.0214	0.5905	0.5001	0.0903	0.4163	0.2879	0.1284	0.2361	0.1971	0.0390	0.1802	0.0909	0.0893	0.0058	0.0045	0.0155	0.0050	0.0051	0.0000	0.0052	0.0029	0.0236	0.0028	0.0036	0.0011	0.0020	0.0021	0.0016	0.0039	0.0068	0.0009
14	95	0.2159	6	1	1	1	0	0	0	0	0	N	N	N	N	N	N	N	N	N	N	N	N	0.0000	0.0000	0.0000	0.0000	0.0000	0.0000	0.0000	0.0000	0.0000	0.0000	0.0000	0.0000	0.0000	0.0000	0.0000	0.0000	0.0000	0.0000	0.8331	1.3748	0.0003	0.0027	0.0031	0.0008	1.1071	2.0778	0.0003	0.0001	0.0000	-0.4587	16.7310	8.0000	15.9078	22.5660	0.0000	0.0000	0.0000	0.0000	0.0000	0.0000	0.0000	0.0000	0.0000	1.0010	1.0008	0.0001	0.0008	0.0008	0.0000	1.0002	1.0001	0.0001	0.8701	0.7391	0.1310	0.0879	0.0817	0.0062	0.7822	0.6574	0.1248	1.2014	0.7280	0.4735	0.2981	0.2467	0.0514	0.9034	0.4813	0.4221	0.0000	0.0000	0.0000	0.0000	0.0000	0.0000	0.0000	0.0000	0.0000	0.8331	1.3748	0.0003	0.0027	0.0031	0.0008	1.1071	2.0778	0.0003	
14	96	0.1419	4	0	0	1	0	0	0	0	0	N	N	N	N	N	N	N	N	N	N	N	N	4.4347	848.1273	5.8598	1027.3138	989.6478	0.0000	3.0641	55589.0119	5.8085	3.1061	1.9463	9.6995	10.2207	10.9697	0.0000	2.4844	1.0752	10.0687	0.7004	0.0023	1.6553	0.0099	0.0111	0.0029	0.8108	0.0000	1.7335	0.8767	527.3623	0.0970	0.4459	16.7310	11.9964	15.9078	18.8414	3.7251	1.9850	1.7401	0.9850	0.9850	0.0000	2.7401	1.0000	1.7401	0.8262	0.0016	0.8247	0.0016	0.0016	0.0001	0.8246	0.0000	0.8246	1.1993	1.0199	0.1794	0.0964	0.0898	0.0066	1.1029	0.9301	0.1728	1.1796	0.6814	0.4982	0.1626	0.1401	0.0225	1.0170	0.5413	0.4757	4.4347	848.1273	5.8598	1027.3138	989.6478	0.0000	3.0641	55589.0119	5.8085	0.7004	0.0023	1.6553	0.0099	0.0111	0.0029	0.8108	0.0000	1.7335
14	98	0.2464	8	1	1	2	0	0	0	0	0	N	N	Y	N	N	N	N	N	N	N	N	N	0.0000	0.0000	0.0000	0.0000	0.0000	0.0000	0.0000	0.0000	0.0000	0.0000	0.0000	0.0000	0.0000	0.0000	0.0000	0.0000	0.0000	0.0000	0.0017	0.0009	0.0030	0.0023	0.0019	0.0041	0.0014	0.0000	0.0028	2.0265	0.0000	0.0002	16.7310	0.9502	15.9078	16.1595	0.0000	0.0000	0.0000	0.0000	0.0000	0.0000	0.0000	0.0000	0.0000	0.0012	0.0004	0.0008	0.0006	0.0004	0.0002	0.0006	0.0000	0.0006	0.1255	0.1080	0.0175	0.0247	0.0236	0.0011	0.1008	0.0844	0.0164	0.6880	0.4282	0.2598	0.2413	0.1976	0.0437	0.4467	0.2305	0.2162	0.0000	0.0000	0.0000	0.0000	0.0000	0.0000	0.0000	0.0000	0.0000	0.0017	0.0009	0.0030	0.0023	0.0019	0.0041	0.0014	0.0000	0.0028	
14	99	0.1419	4	0	1	1	0	0	0	0	0	N	N	N	N	N	N	N	N	N	N	N	N	1017.7669	21025.9511	1469.3404	16665.3467	59448.1383	0.0000	505.9477	0.0000	1516.8630	1.6552	0.9659	5.5738	10.2221	10.9711	0.0000	0.9067	0.0000	5.7860	0.0016	0.0000	0.0038	0.0006	0.0002	0.0033	0.0018	0.0000	0.0038	1.0151	60.2192	0.1243	0.0009	16.7310	11.9964	15.9078	15.6499	1.9851	0.9851	1.0000	0.9851	0.9851	0.0000	1.0000	0.0000	1.0000	0.0018	0.0000	0.0017	0.0001	0.0000	0.0001	0.0017	0.0000	0.0017	1.1993	1.0199	0.1794	0.0964	0.0898	0.0066	1.1029	0.9301	0.1728	1.0776	0.6231	0.4544	0.1515	0.1309	0.0205	0.9261	0.4922	0.4339	1017.7669	21025.9511	1469.3404	16665.3467	59448.1383	0.0000	505.9477	0.0000	1516.8630	0.0016	0.0000	0.0038	0.0006	0.0002	0.0033	0.0018	0.0000	0.0038
14	100	0.2494	9	1	0	2	0	0	0	0	0	N	N	Y	N	N	N	N	N	N	N	N	N	0.0000	0.0000	0.0000	0.0000	0.0000	0.0000	0.0000	0.0000	0.0000	0.0000	0.0000	0.0000	0.0000	0.0000	0.0000	0.0000	0.0000	1.6995	0.0119	4.3968	0.0207	0.0256	0.0000	2.6168	0.0000	5.3299	231.1906	0.0000	0.5395	16.7310	1.0008	15.9078	13.9255	0.0000	0.0000	0.0000	0.0000	0.0000	0.0000	0.0000	0.0000	0.0000	1.0040	0.0043	0.9997	0.0043	0.0043	0.0000	0.9997	0.0000	0.9997	0.1138	0.0968	0.0169	0.0169	0.0157	0.0012	0.0968	0.0811	0.0157	0.5908	0.3634	0.2274	0.2088	0.1690	0.0398	0.3820	0.1945	0.1876	0.0000	0.0000	0.0000	0.0000	0.0000	0.0000	0.0000	0.0000	0.0000	1.6995	0.0119	4.3968	0.0207	0.0256	0.0000	2.6168	0.0000	5.3299		
14	101	0.2464	8	1	0	2	0	0	0	0	0	N	N	Y	N	N	N	N	N	N	N	N	N	0.0000	0.0000	0.0000	0.0000	0.0000	0.0000	0.0000	0.0000	0.0000	0.0000	0.0000	0.0000	0.0000	0.0000	0.0000	0.0000	0.0000	0.0000	0.0261	0.0040	0.0751	0.0052	0.0060	0.0002	0.0469	0.0006	0.0978	8.5426	0.0000	0.0020	16.7310	0.0532	15.9078	2.0467	0.0000	0.0000	0.0000	0.0000	0.0000	0.0000	0.0000	0.0000	0.0000	0.0046	0.0005	0.0041	0.0005	0.0005	0.0000	0.0042	0.0000	0.0041	0.0241	0.0217	0.0024	0.0099	0.0098	0.0001	0.0142	0.0119	0.0023	0.1767	0.1218	0.0549	0.0882	0.0755	0.0127	0.0884	0.0463	0.0421	0.0000	0.0000	0.0000	0.0000	0.0000	0.0000	0.0000	0.0000	0.0000	0.0261	0.0040	0.0751	0.0052	0.0060	0.0002	0.0469	0.0006	0.0978	
14	102	0.2367	7	1	0	2	0	0	0	0	0	N	N	Y	N	N	N	N	N	N	N	N	N	0.0000	0.0000	0.0000	0.0000	0.0000	0.0000	0.0000	0.0000	0.0000	0.0000	0.0000	0.0000	0.0000	0.0000	0.0000	0.0000	0.0000	0.0000	0.0019	0.0006	0.0046	0.0010	0.0011	0.0005	0.0025	0.0000	0.0055	3.9265	0.0000	0.0002	16.7310	2.0948	15.9078	3.0326	0.0000	0.0000	0.0000	0.0000	0.0000	0.0000	0.0000	0.0000	0.0000	0.0006	0.0001	0.0004	0.0001	0.0001	0.0000	0.0004	0.0000	0.0004	0.2540	0.2173	0.0366	0.0432	0.0407	0.0025	0.2107	0.1766	0.0341	0.2920	0.1949	0.0970	0.1176	0.0994	0.0181	0.1744	0.0955	0.0789	0.0000	0.0000	0.0000	0.0000	0.0000	0.0000	0.0000	0.0000	0.0000	0.0019	0.0006	0.0046	0.0010	0.0011	0.0005	0.0025	0.0000	0.0055	
14	103	0.2159	6	1	0	2	0	0	0	0	0	N	N	Y	N	N	N	N	N	N	N	N	N	0.0000	0.0000	0.0000	0.0000	0.0000	0.0000	0.0000	0.0000	0.0000	0.0000	0.0000	0.0000	0.0000	0.0000	0.0000	0.0000	0.0000	0.0000	0.0017	0.0026	0.0001	0.0058	0.0066	0.0001	0.0001	0.0001	0.0001	0.0298	0.0000	-0.0003	16.7310	3.9484	15.9078	4.8420	0.0000	0.0000	0.0000	0.0000	0.0000	0.0000	0.0000	0.0000	0.0000	0.0008	0.0008	0.0000	0.0007	0.0007	0.0000	0.0000	0.0000	0.0000	0.4380	0.3717	0.0664	0.0448	0.0416	0.0032	0.3932	0.3301	0.0631	0.4471	0.2874	0.1597	0.1298	0.1135	0.0163	0.3173	0.1739	0.1434	0.0000	0.0000	0.0000	0.0000	0.0000	0.0000	0.0000	0.0000	0.0000	0.0017	0.0026	0.0001	0.0058	0.0066	0.0001	0.0001	0.0001	0.0001	
14	104	0.1096	3	0	1	1	0	0	0	0	0	N	N	N	N	N	N	N	N	N	N	N	N	1.5037	0.0574	648.5209	2.5532	2.3518	0.0000	1.4319	0.0000	638.4239	0.9463	0.0622	6.2539	0.5438	0.5552	0.0000	0.9900	0.0000	6.3434	0.6293	1.0831	0.0096	0.2130	0.2361	0.0002	0.6914	1.2987	0.0099	16.7495	0.0065	0.5323	-0.5014	16.7310	8.9557	15.9078	32.3127	1.0592	0.0597	0.9995	0.0597	0.0597	0.0000	0.9995	0.0000	0.9995	1.1095	1.1023	0.0072	0.0488	0.0488	0.0000	1.0607	1.0536	0.0072	1.1193	0.9595	0.1598	0.1097	0.1075	0.0023	1.0096	0.8520	0.1576	1.7631	1.0177	0.7454	0.2289	0.2065	0.0224	1.5342	0.8112	0.7230	1.5037	0.0574	648.5209	2.5532	2.3518	0.0000	1.4319	0.0000	638.4239	0.6293	1.0831	0.0096	0.2130	0.2361	0.0002	0.6914	1.2987	0.0099
14	105	0.0842	2	0	0	2	0	0	0	0	0	N	N	Y	N	N	N	N	N	N	N	N	N	1.8679	5.3860	0.0000	2.6281	2.6380	0.0000	1.7038	1378.3522	0.0000	1.8676	2.3836	0.0000	2.2347	2.2396	0.0000	1.8060	2.4159	0.0000	0.9998	0.4426	1.6702	0.8503	0.8490	0.9840	1.0600	0.0018	1.6745	0.0000	3.1372	-0.5318	0.3427	16.7310	4.2679	15.9078	7.8415	1.2056	1.2056	0.0000	0.2073	0.2073	0.0000	0.9983	0.9983	0.0000	1.1425	0.2762	0.8664	0.2788	0.2756	0.0032	0.8637	0.0005	0.8631	0.6455	0.5058	0.1397	0.0928	0.0926	0.0002	0.5527	0.4132	0.1395	1.1427	0.6240	0.5187	0.3279	0.3247	0.0033	0.8148	0.2993	0.5155	1.8679	5.3860	0.0000	2.6281	2.6380	0.0000	1.7038	1378.3522	0.0000	0.9998	0.4426	1.6702	0.8503	0.8490	0.9840	1.0600	0.0018	1.6745
14	108	0.1631	6	0	1	1	0	0	0	0	0	N	N	N	N	N	N	N	N	N	N	N	N	48.3988	0.0222	6228709.9135	1.9160	0.2374	576299.1524	54.7005	0.0000	6449845.1311	2.3324	0.0017	15.5639	0.0949	0.0142	1.3638	2.6117	0.0000	16.2224	0.0482	0.0785	0.0000	0.0495	0.0598	0.0000	0.0477	0.0880	0.0000	1573.9647	0.0000	1.1492	-0.0301	16.7310	8.0392	15.9078	22.6195	2.0585	0.0013	2.0572	0.0093	0.0013	0.0080	2.0492	0.0000	2.0492	0.0657	0.0657	0.0000	0.0168	0.0168	0.0000	0.0489	0.0489	0.0000	0.8826	0.7504	0.1322	0.0979	0.0921	0.0059	0.7846	0.6583	0.1263	1.3634	0.8368	0.5267	0.3392	0.2810	0.0582	1.0243	0.5558	0.4685	48.3988	0.0222	6228709.9135	1.9160	0.2374	576299.1524	54.7005	0.0000	6449845.1311	0.0482	0.0785	0.0000	0.0495	0.0598	0.0000	0.0477	0.0880	0.0000
14	109	0.1631	5	0	0	1	0	0	0	0	0	N	N	N	N	N	N	N	N	N	N	N	N	26.5435	12.8646	7656.4280	43.9791	36.2582	458.4113	17.5441	1.5008	7941.9235	2.6722	1.7873	6.8775	3.9363	3.9665	0.4260	2.0218	0.2871	6.9866	0.1007	0.1389	0.0009	0.0895	0.1094	0.0009	0.1152	0.1913	0.0009	0.8098	0.0025	0.0009	-0.0180	16.7310	0.2031	15.9078	2.0398	0.1495	0.0826	0.0669	0.0748	0.0747	0.0001	0.0747	0.0079	0.0668	0.0395	0.0394	0.0001	0.0199	0.0198	0.0000	0.0196	0.0196	0.0001	0.0559	0.0462	0.0097	0.0190	0.0188	0.0002	0.0369	0.0274	0.0096	0.3924	0.2836	0.1087	0.2221	0.1814	0.0407	0.1703	0.1023	0.0680	26.5435	12.8646	7656.4280	43.9791	36.2582	458.4113	17.5441	1.5008	7941.9235	0.1007	0.1389	0.0009	0.0895	0.1094	0.0009	0.1152	0.1913	0.0009
14	110	0.7436	11	1	0	2	0	0	0	0	0	N	N	Y	N	N	N	N	N	N	N	N	N	0.0000	0.0000	0.0000	0.0000	0.0000	0.0000	0.0000	0.0000	0.0000	0.0000	0.0000	0.0000	0.0000	0.0000	0.0000	0.0000	0.0000	0.0000	0.0000	0.0000	16.7310	0.0001	15.9078	0.0001	0.0000	0.0000	0.0000	0.0000	0.0000	0.0000	0.0000	0.0000	0.0000	0.0000	0.0000	0.0000	0.0000	0.0000	0.0000	0.0000	0.0000	0.0000	0.0114	0.0090	0.0024	0.0057	0.0057	0.0000	0.0057	0.0033	0.0024	0.0002	0.0001	0.0000	0.0001	0.0001	0.0000	0.0001	0.0000	0.0000	0.0000	0.0000	0.0000	0.0000	0.0000	0.0000	0.0000	0.0000	0.0000	0.0000	0.0000	0.0000	0.0000	0.0000	0.0000	0.0000	0.0000	0.0000											
14	111	0.7298	10	1	0	2	0	0	0	0	0	N	N	Y	N	N	N	N	N	N	N	N	N	9.0272	7.2534	0.0000	0.0000	0.0000	0.0000	15.0115	8.8143	0.0000	0.0003	0.0003	0.0000	0.0000	0.0000	0.0000	0.0004	0.0005	0.0000	0.0000	0.0000	0.0000	0.0000	0.0000	0.0000	0.0000	0.0001	0.0000	0.0000	0.0118	-0.0000	-0.0000	16.7310	1.6718	15.9078	2.9223	0.0001	0.0001	0.0000	0.0000	0.0000	0.0000	0.0001	0.0001	0.0000	0.0000	0.0000	0.0000	0.0000	0.0000	0.0000	0.0000	0.0000	0.0000	0.2039	0.1782	0.0257	0.0666	0.0625	0.0040	0.1373	0.1157	0.0216	0.2068	0.1436	0.0633	0.1321	0.1077	0.0243	0.0747	0.0358	0.0389	9.0272	7.2534	0.0000	0.0000	0.0000	0.0000	15.0115	8.8143	0.0000	0.0000	0.0000	0.0000	0.0000	0.0000	0.0000	0.0000	0.0001	0.0000
14	112	0.6462	9	1	0	2	0	0	0	0	0	N	N	Y	N	N	N	N	N	N	N	N	N	50388.7525	53039.0130	0.9745	1.1045	1.2839	0.0000	119006.2844	105899.0133	2.2849	0.6394	0.7272	0.0000	0.0000	0.0000	0.0000	0.9866	1.1620	0.0000	0.0000	0.0000	0.0000	0.0000	0.0000	0.0000	0.0000	0.0000	0.0000	0.0000	0.3522	-0.4411	-0.0000	16.7310	14.0283	15.9078	7.1084	0.9999	0.9999	0.0000	0.0000	0.0000	0.0000	0.9999	0.9999	0.0000	0.0000	0.0000	0.0000	0.0000	0.0000	0.0000	0.0000	0.0000	0.0000	1.5638	1.3750	0.1889	0.5503	0.5145	0.0358	1.0135	0.8605	0.1530	0.7058	0.4830	0.2227	0.3805	0.3176	0.0629	0.3253	0.1655	0.1598	50388.7525	53039.0130	0.9745	1.1045	1.2839	0.0000	119006.2844	105899.0133	2.2849	0.0000	0.0000	0.0000	0.0000	0.0000	0.0000	0.0000	0.0000	0.0000
14	113	0.5860	8	0	0	1	0	0	0	0	0	N	N	N	N	N	N	N	N	N	N	N	N	4.6668	1.1900	135.9048	0.3553	0.3244	0.5098	26.0674	8.4215	126.2568	0.0029	0.0010	0.0182	0.0004	0.0004	0.0000	0.0044	0.0014	0.0219	0.0006	0.0008	0.0001	0.0010	0.0012	0.0000	0.0002	0.0002	0.0002	2.3408	0.0661	0.0009	-0.0002	16.7310	8.6129	15.9078	5.1709	0.0037	0.0011	0.0026	0.0002	0.0002	0.0000	0.0035	0.0009	0.0026	0.0005	0.0005	0.0000	0.0004	0.0004	0.0000	0.0001	0.0000	0.0000	1.2408	1.1006	0.1402	0.4404	0.4169	0.0235	0.8004	0.6837	0.1167	0.7856	0.5568	0.2288	0.4162	0.3594	0.0568	0.3694	0.1975	0.1719	4.6668	1.1900	135.9048	0.3553	0.3244	0.5098	26.0674	8.4215	126.2568	0.0006	0.0008	0.0001	0.0010	0.0012	0.0000	0.0002	0.0002	0.0002
14	114	0.4909	7	0	0	1	0	0	0	0	0	N	N	N	N	N	N	N	N	N	N	N	N	0.6193	0.7587	0.0370	0.1030	0.0849	0.9565	0.9869	3.8850	0.0100	0.5967	0.6800	0.0407	0.1193	0.1142	0.1797	0.7755	0.9101	0.0138	0.9634	0.8963	1.1003	1.1581	1.3445	0.1879	0.7858	0.2343	1.3787	0.0090	0.6017	-0.4781	-0.1295	16.7310	16.8607	15.9078	22.7724	1.1062	1.0964	0.0098	0.0603	0.0532	0.0070	1.0460	1.0432	0.0028	1.5663	0.9779	0.5884	0.8982	0.8747	0.0235	0.6681	0.1032	0.5649	1.8540	1.6124	0.2416	0.5052	0.4661	0.0391	1.3488	1.1463	0.2025	1.6258	1.0910	0.5348	0.7756	0.6506	0.1250	0.8502	0.4404	0.4097	0.6193	0.7587	0.0370	0.1030	0.0849	0.9565	0.9869	3.8850	0.0100	0.9634	0.8963	1.1003	1.1581	1.3445	0.1879	0.7858	0.2343	1.3787
14	115	0.2221	6	1	0	2	0	0	0	0	0	N	N	Y	N	N	N	N	N	N	N	N	N	0.0000	0.0000	0.0000	0.0000	0.0000	0.0000	0.0000	0.0000	0.0000	0.0000	0.0000	0.0000	0.0000	0.0000	0.0000	0.0000	0.0000	0.0000	0.0634	0.0968	0.0000	0.1764	0.2046	0.0000	0.0000	0.0001	0.0000	0.0000	0.0000	-0.0103	16.7310	1.0009	15.9078	4.0038	0.0000	0.0000	0.0000	0.0000	0.0000	0.0000	0.0000	0.0000	0.0000	0.0224	0.0224	0.0000	0.0224	0.0224	0.0000	0.0000	0.0000	0.0000	0.1180	0.1003	0.0177	0.0120	0.0114	0.0006	0.1060	0.0889	0.0171	0.3528	0.2312	0.1217	0.1268	0.1093	0.0175	0.2260	0.1218	0.1042	0.0000	0.0000	0.0000	0.0000	0.0000	0.0000	0.0000	0.0000	0.0000	0.0634	0.0968	0.0000	0.1764	0.2046	0.0000	0.0000	0.0001	0.0000	
14	116	0.1938	5	1	0	2	0	0	0	0	0	N	N	Y	N	N	N	N	N	N	N	N	N	0.0185	0.0117	0.2546	4.7428	4.3781	0.0009	0.0026	0.0002	0.2487	0.0276	0.0280	0.0253	0.1237	0.1290	0.0000	0.0050	0.0007	0.0268	1.4891	2.3887	0.0996	0.0261	0.0295	0.0053	1.9142	3.4936	0.1078	0.1512	0.0270	-0.0022	-0.3748	16.7310	1.8441	15.9078	10.4794	0.0073	0.0063	0.0010	0.0062	0.0062	0.0000	0.0011	0.0001	0.0010	0.8674	0.8446	0.0228	0.0034	0.0033	0.0001	0.8640	0.8413	0.0227	0.2627	0.2251	0.0376	0.0500	0.0479	0.0021	0.2128	0.1772	0.0356	0.5825	0.3536	0.2289	0.1312	0.1128	0.0184	0.4514	0.2408	0.2105	0.0185	0.0117	0.2546	4.7428	4.3781	0.0009	0.0026	0.0002	0.2487	1.4891	2.3887	0.0996	0.0261	0.0295	0.0053	1.9142	3.4936	0.1078
14	117	0.3781	5	0	1	1	1	0	0	0	0	N	N	N	N	N	N	N	N	N	N	N	N	2.4778	7.5537	0.1731	8.4406	15.6010	0.0514	0.0719	0.0327	0.2234	0.7348	0.8219	0.1228	2.6974	2.8256	0.0651	0.0199	0.0001	0.1292	0.2966	0.1088	0.7098	0.3196	0.1811	1.2662	0.2763	0.0032	0.5783	0.0213	2.9639	-0.4297	0.1559	16.7310	10.5071	15.9078	20.2622	1.0223	1.0010	0.0213	1.0021	1.0010	0.0011	0.0203	0.0001	0.0202	0.5389	0.1360	0.4030	0.2717	0.1343	0.1374	0.2672	0.0016	0.2656	1.3913	1.2180	0.1734	0.3715	0.3543	0.0173	1.0198	0.8637	0.1561	1.8172	1.2495	0.5677	0.8502	0.7417	0.1085	0.9670	0.5078	0.4593	2.4778	7.5537	0.1731	8.4406	15.6010	0.0514	0.0719	0.0327	0.2234	0.2966	0.1088	0.7098	0.3196	0.1811	1.2662	0.2763	0.0032	0.5783
14	118	0.1419	4	0	1	1	1	0	0	0	0	N	N	N	N	N	N	N	N	N	N	N	N	2.8152	1.9125	21.8355	3073.1033	2974.1454	0.0000	0.0094	0.0000	22.8713	2.4184	2.8401	0.0566	29.4707	31.6241	0.0000	0.0093	0.0000	0.0588	0.8590	1.4850	0.0026	0.0096	0.0106	0.0031	0.9952	1.8679	0.0026	0.0036	0.0013	-0.4391	-0.4583	16.7310	4.0036	15.9078	26.5072	1.0036	1.0000	0.0036	1.0000	1.0000	0.0000	0.0036	0.0000	0.0036	1.0027	1.0014	0.0013	0.0015	0.0015	0.0001	1.0012	1.0000	0.0012	0.4150	0.3521	0.0629	0.0339	0.0316	0.0023	0.3810	0.3205	0.0606	1.1672	0.6744	0.4929	0.1613	0.1390	0.0223	1.0060	0.5353	0.4706	2.8152	1.9125	21.8355	3073.1033	2974.1454	0.0000	0.0094	0.0000	22.8713	0.8590	1.4850	0.0026	0.0096	0.0106	0.0031	0.9952	1.8679	0.0026
14	119	0.1804	5	0	1	1	0	0	0	0	0	N	N	N	N	N	N	N	N	N	N	N	N	1.1659	0.0093	124.5093	0.0103	0.0097	0.0000	46.2092	0.0000	150.0388	0.0016	0.0000	0.0107	0.0001	0.0001	0.0000	0.0021	0.0000	0.0131	0.0013	0.0021	0.0001	0.0061	0.0071	0.0001	0.0000	0.0000	0.0001	89.9778	0.0259	0.0005	-0.0006	16.7310	3.8169	15.9078	21.2433	0.0009	0.0000	0.0009	0.0000	0.0000	0.0000	0.0009	0.0000	0.0009	0.0015	0.0015	0.0000	0.0014	0.0014	0.0000	0.0000	0.0000	0.0000	0.5837	0.4995	0.0842	0.1599	0.1441	0.0158	0.4238	0.3554	0.0684	1.1132	0.6746	0.4386	0.2390	0.2028	0.0362	0.8742	0.4718	0.4024	1.1659	0.0093	124.5093	0.0103	0.0097	0.0000	46.2092	0.0000	150.0388	0.0013	0.0021	0.0001	0.0061	0.0071	0.0001	0.0000	0.0000	0.0001
14	120	0.5260	9	0	1	1	0	0	0	0	0	N	N	N	N	N	N	N	N	N	N	N	N	0.9443	0.7477	25.2435	1.8910	1.6949	36.2508	0.0156	0.0077	27.3042	2.0560	2.3501	0.0223	6.9150	7.3064	0.0648	0.0113	0.0104	0.0161	2.1771	3.1432	0.0009	3.6568	4.3109	0.0018	0.7289	1.3487	0.0006	0.0014	0.0001	-1.7903	-2.3483	16.7310	16.3276	15.9078	34.9199	4.0712	4.0656	0.0056	4.0554	4.0534	0.0021	0.0158	0.0123	0.0035	5.1245	5.1238	0.0006	4.2575	4.2571	0.0003	0.8670	0.8667	0.0003	1.9802	1.7300	0.2502	0.5865	0.5548	0.0317	1.3937	1.1752	0.2185	2.3538	1.6301	0.7236	1.1643	0.9875	0.1767	1.1895	0.6426	0.5469	0.9443	0.7477	25.2435	1.8910	1.6949	36.2508	0.0156	0.0077	27.3042	2.1771	3.1432	0.0009	3.6568	4.3109	0.0018	0.7289	1.3487	0.0006
14	121	0.5087	8	0	1	1	0	0	0	0	0	N	N	N	N	N	N	N	N	N	N	N	N	0.8206	0.7847	1.2024	1.7510	1.9397	0.0251	0.4136	0.0117	1.6211	1.4762	1.3145	2.5423	4.1197	4.3307	0.0772	0.4673	0.0074	2.8285	1.7990	1.6753	2.1144	2.3528	2.2327	3.0684	1.1299	0.6300	1.7449	0.2933	0.4950	-0.2498	-0.3604	16.7310	6.1757	15.9078	14.5601	1.1658	0.9014	0.2644	0.8987	0.8978	0.0008	0.2671	0.0035	0.2636	2.8316	1.8941	0.9375	2.0263	1.6464	0.3799	0.8054	0.2477	0.5577	0.7897	0.6857	0.1040	0.2181	0.2073	0.0108	0.5716	0.4784	0.0932	1.5740	1.1306	0.4434	0.8612	0.7374	0.1238	0.7128	0.3932	0.3196	0.8206	0.7847	1.2024	1.7510	1.9397	0.0251	0.4136	0.0117	1.6211	1.7990	1.6753	2.1144	2.3528	2.2327	3.0684	1.1299	0.6300	1.7449
14	122	0.4557	7	0	0	1	0	0	0	0	0	N	N	N	N	N	N	N	N	N	N	N	N	1.8122	1.8222	1.5719	0.4625	0.4876	0.0502	5.4304	18.9026	2.2203	2.4508	2.5132	2.0266	1.0241	1.0772	0.1129	3.0629	3.2061	2.3098	1.3524	1.3792	1.2893	2.2141	2.2091	2.2482	0.5640	0.1696	1.0403	0.1187	0.3968	-0.8331	-0.4037	16.7310	7.5400	15.9078	21.4192	2.4869	2.2230	0.2639	0.3120	0.3101	0.0019	2.1749	1.9129	0.2620	2.3163	1.6582	0.6581	1.8118	1.5753	0.2366	0.5045	0.0830	0.4215	1.0147	0.8845	0.1302	0.3047	0.2879	0.0168	0.7101	0.5967	0.1134	1.7127	1.2023	0.5104	0.8183	0.7131	0.1052	0.8945	0.4893	0.4052	1.8122	1.8222	1.5719	0.4625	0.4876	0.0502	5.4304	18.9026	2.2203	1.3524	1.3792	1.2893	2.2141	2.2091	2.2482	0.5640	0.1696	1.0403
14	123	0.2159	6	0	1	1	0	0	0	0	0	N	N	N	N	N	N	N	N	N	N	N	N	1.0955	0.0000	5.6273	0.0000	0.0000	0.0000	0.9099	0.0000	5.2771	2.2528	0.0000	14.8686	0.0000	0.0000	0.0000	2.5097	0.0000	15.6312	2.0564	1.6833	2.6422	0.0007	0.0006	0.0012	2.7581	2.5805	2.9621	inf	0.9995	0.5589	0.0830	16.7310	4.0019	15.9078	19.5615	1.0000	0.0000	1.0000	0.0000	0.0000	0.0000	1.0000	0.0000	1.0000	2.0005	1.0005	1.0000	0.0002	0.0001	0.0000	2.0004	1.0004	1.0000	0.4439	0.3766	0.0673	0.0454	0.0421	0.0033	0.3984	0.3345	0.0640	0.9728	0.5944	0.3785	0.2476	0.2067	0.0409	0.7253	0.3877	0.3376	1.0955	0.0000	5.6273	0.0000	0.0000	0.0000	0.9099	0.0000	5.2771	2.0564	1.6833	2.6422	0.0007	0.0006	0.0012	2.7581	2.5805	2.9621
14	124	0.1938	5	0	0	1	0	0	0	0	0	N	N	N	N	N	N	N	N	N	N	N	N	0.8046	0.5764	0.0000	0.9336	0.8354	0.0000	0.0000	0.0000	0.0000	0.0319	0.0371	0.0000	0.1415	0.1468	0.0000	0.0000	0.0000	0.0000	0.0396	0.0643	0.0001	0.1516	0.1758	0.0002	0.0033	0.0061	0.0001	0.0000	0.0012	-0.0027	-0.0086	16.7310	1.2223	15.9078	8.2281	0.0062	0.0062	0.0000	0.0062	0.0062	0.0000	0.0000	0.0000	0.0000	0.0189	0.0188	0.0000	0.0177	0.0177	0.0000	0.0012	0.0012	0.0000	0.1942	0.1670	0.0272	0.0437	0.0421	0.0016	0.1504	0.1248	0.0256	0.4763	0.2932	0.1831	0.1166	0.1005	0.0161	0.3597	0.1927	0.1671	0.8046	0.5764	0.0000	0.9336	0.8354	0.0000	0.0000	0.0000	0.0000	0.0396	0.0643	0.0001	0.1516	0.1758	0.0002	0.0033	0.0061	0.0001
14	125	0.1419	4	0	0	1	0	0	0	0	0	N	N	N	N	N	N	N	N	N	N	N	N	11.0546	7.6785	0.0502	101.5679	96.0686	0.0000	0.0003	0.0000	0.0532	1.5889	1.8714	0.0002	19.5608	20.9952	0.0000	0.0000	0.0000	0.0002	0.1437	0.2437	0.0048	0.1926	0.2185	0.0068	0.1349	0.2513	0.0047	0.0000	0.0141	-0.4318	-0.0488	16.7310	5.9920	15.9078	12.2976	0.9790	0.9789	0.0000	0.9789	0.9789	0.0000	0.0000	0.0000	0.0000	0.1097	0.1082	0.0015	0.0225	0.0224	0.0001	0.0872	0.0858	0.0014	0.6161	0.5231	0.0930	0.0500	0.0466	0.0034	0.5661	0.4765	0.0896	0.7632	0.4439	0.3194	0.1167	0.1024	0.0143	0.6465	0.3415	0.3051	11.0546	7.6785	0.0502	101.5679	96.0686	0.0000	0.0003	0.0000	0.0532	0.1437	0.2437	0.0048	0.1926	0.2185	0.0068	0.1349	0.2513	0.0047
14	126	0.1791	6	0	1	1	0	0	0	0	0	N	N	N	N	N	N	N	N	N	N	N	N	49.8459	21.9062	7219.9403	19.6834	16.8725	740.5759	51.2577	19.4099	6448.2766	3.0273	2.1319	7.7103	1.0185	1.0684	0.0110	3.3024	2.3004	7.9928	0.0607	0.0973	0.0011	0.0517	0.0633	0.0000	0.0644	0.1185	0.0012	0.6915	0.0067	-0.0577	-0.0297	16.7310	5.0407	15.9078	17.1705	1.7871	1.0565	0.7306	0.0724	0.0724	0.0000	1.7147	0.9841	0.7306	0.0657	0.0653	0.0004	0.0163	0.0163	0.0000	0.0494	0.0490	0.0004	0.5903	0.4956	0.0948	0.0711	0.0678	0.0034	0.5192	0.4278	0.0914	1.0825	0.6711	0.4115	0.3153	0.2577	0.0577	0.7672	0.4134	0.3538	49.8459	21.9062	7219.9403	19.6834	16.8725	740.5759	51.2577	19.4099	6448.2766	0.0607	0.0973	0.0011	0.0517	0.0633	0.0000	0.0644	0.1185	0.0012
14	127	0.1631	5	0	1	1	0	0	0	0	0	N	N	N	N	N	N	N	N	N	N	N	N	118.9756	44.0148	36915.9915	292.5069	250.6792	6.7600	90.4868	0.8709	50688.1700	7.6776	4.2400	26.4175	23.3413	24.3144	0.0090	4.8917	0.0833	27.4894	0.0645	0.0963	0.0007	0.0798	0.0970	0.0013	0.0541	0.0957	0.0005	1.1429	0.0037	0.1754	-0.0180	16.7310	1.9703	15.9078	6.2034	1.9014	0.8873	1.0141	0.8729	0.8729	0.0000	1.0285	0.0144	1.0141	0.0396	0.0394	0.0001	0.0199	0.0198	0.0001	0.0197	0.0196	0.0001	0.2477	0.2093	0.0384	0.0374	0.0359	0.0015	0.2103	0.1734	0.0369	0.6131	0.4092	0.2039	0.2494	0.2046	0.0448	0.3637	0.2046	0.1591	118.9756	44.0148	36915.9915	292.5069	250.6792	6.7600	90.4868	0.8709	50688.1700	0.0645	0.0963	0.0007	0.0798	0.0970	0.0013	0.0541	0.0957	0.0005
14	128	0.1419	4	0	0	1	0	0	0	0	0	N	N	N	N	N	N	N	N	N	N	N	N	10.3356	6.2899	791.6906	67.3677	65.6179	0.0000	2.8413	0.7473	1057.8022	0.7012	0.7181	0.6076	6.3611	6.8067	0.0000	0.1756	0.0884	0.6306	0.0678	0.1142	0.0008	0.0944	0.1037	0.0046	0.0618	0.1183	0.0006	0.1526	0.0046	-0.0253	-0.0131	16.7310	1.1032	15.9078	7.8190	0.0820	0.0712	0.0109	0.0632	0.0632	0.0000	0.0188	0.0079	0.0109	0.0288	0.0287	0.0001	0.0074	0.0074	0.0000	0.0214	0.0213	0.0001	0.1170	0.0991	0.0179	0.0099	0.0093	0.0007	0.1070	0.0898	0.0172	0.4245	0.2511	0.1734	0.0785	0.0712	0.0074	0.3459	0.1799	0.1660	10.3356	6.2899	791.6906	67.3677	65.6179	0.0000	2.8413	0.7473	1057.8022	0.0678	0.1142	0.0008	0.0944	0.1037	0.0046	0.0618	0.1183	0.0006
14	129	0.4850	8	0	1	1	0	0	0	0	0	N	N	N	N	N	N	N	N	N	N	N	N	0.0000	0.0000	0.0000	0.0000	0.0000	0.0000	0.0000	0.0000	0.0000	0.0000	0.0000	0.0000	0.0000	0.0000	0.0000	0.0000	0.0000	0.0000	0.0000	0.0000	0.0000	0.0000	0.0000	0.0000	0.0000	0.0000	0.0000	2.1383	0.0000	0.0000	16.7310	1.0033	15.9078	0.8635	0.0000	0.0000	0.0000	0.0000	0.0000	0.0000	0.0000	0.0000	0.0000	0.0000	0.0000	0.0000	0.0000	0.0000	0.0000	0.0000	0.0000	0.0000	0.3541	0.3212	0.0329	0.1933	0.1842	0.0091	0.1608	0.1371	0.0237	0.5743	0.4401	0.1342	0.3097	0.2894	0.0203	0.2646	0.1507	0.1140	0.0000	0.0000	0.0000	0.0000	0.0000	0.0000	0.0000	0.0000	0.0000	0.0000	0.0000	0.0000	0.0000	0.0000	0.0000	0.0000	0.0000	0.0000	
14	130	0.4557	7	0	0	1	0	0	0	0	0	N	N	N	N	N	N	N	N	N	N	N	N	21.1030	18.8865	6.9682	24.8440	24.3485	5.6682	27.1481	21.5979	9.1099	0.1828	0.2066	0.0182	0.3182	0.3341	0.0327	0.1173	0.1369	0.0159	0.0087	0.0109	0.0026	0.0128	0.0137	0.0058	0.0043	0.0063	0.0017	0.0127	0.0896	-0.0639	-0.0044	16.7310	5.5514	15.9078	9.9598	0.1492	0.1473	0.0019	0.0847	0.0842	0.0005	0.0645	0.0631	0.0014	0.0118	0.0108	0.0010	0.0089	0.0084	0.0005	0.0029	0.0024	0.0005	0.8160	0.7132	0.1028	0.2661	0.2521	0.0140	0.5499	0.4611	0.0888	1.3585	0.9876	0.3709	0.6951	0.6153	0.0798	0.6634	0.3723	0.2911	21.1030	18.8865	6.9682	24.8440	24.3485	5.6682	27.1481	21.5979	9.1099	0.0087	0.0109	0.0026	0.0128	0.0137	0.0058	0.0043	0.0063	0.0017
14	131	0.4254	6	0	0	1	0	0	0	0	0	N	N	N	N	N	N	N	N	N	N	N	N	0.5103	0.3597	1.5123	0.5586	0.5790	0.1841	0.7935	1.6314	1.8752	0.5086	0.3488	1.6041	0.8705	0.9030	0.2852	0.3780	0.1248	1.7662	0.9967	0.9695	1.0607	1.5583	1.5596	1.5489	0.4764	0.0765	0.9419	0.6710	0.4651	-0.0241	-0.2058	16.7310	9.1969	15.9078	13.4651	0.6106	0.3654	0.2452	0.2770	0.2723	0.0048	0.3335	0.0931	0.2404	1.4602	0.9967	0.4635	1.0979	0.9654	0.1325	0.3623	0.0313	0.3310	1.2005	1.0477	0.1528	0.3182	0.3015	0.0167	0.8823	0.7462	0.1361	1.4650	1.0280	0.4370	0.7045	0.6190	0.0856	0.7605	0.4091	0.3514	0.5103	0.3597	1.5123	0.5586	0.5790	0.1841	0.7935	1.6314	1.8752	0.9967	0.9695	1.0607	1.5583	1.5596	1.5489	0.4764	0.0765	0.9419
14	132	0.2388	8	1	1	1	1	0	0	0	0	N	N	N	N	N	N	N	N	N	N	N	N	0.0000	0.0000	0.0000	0.0000	0.0000	0.0000	0.0000	0.0000	0.0000	0.0000	0.0000	0.0000	0.0000	0.0000	0.0000	0.0001	0.0001	0.0000	0.0003	0.0004	0.0000	0.0000	0.0000	0.0000	0.0002	0.0000	-0.0000	16.7310	1.0000	15.9078	3.0001	0.0000	0.0000	0.0000	0.0000	0.0000	0.0000	0.0000	0.0000	0.0000	0.0000	0.0000	0.0000	0.0000	0.0000	0.0000	0.0000	0.0000	0.0000	0.1102	0.0935	0.0167	0.0118	0.0109	0.0009	0.0984	0.0826	0.0157	0.1554	0.0887	0.0667	0.0303	0.0240	0.0062	0.1251	0.0646	0.0605	0.0000	0.0000	0.0000	0.0000	0.0000	0.0000	0.0000	0.0000	0.0000	0.0001	0.0001	0.0000	0.0003	0.0004	0.0000	0.0000	0.0000	0.0000				
14	133	0.6378	12	1	1	1	1	0	0	0	0	N	N	N	N	N	N	N	N	N	N	N	N	0.0000	0.0000	0.0000	0.0000	0.0000	0.0000	0.0000	0.0000	0.0000	0.0000	0.0000	0.0000	0.0000	0.0000	0.0000	21.3233	36.2103	0.0000	130.1363	196.9387	0.0000	0.0000	0.0000	0.0000	0.0000	0.0000	-0.4481	16.7310	0.0006	15.9078	1.9797	0.0000	0.0000	0.0000	0.0000	0.0000	0.0000	0.0000	0.0000	0.0000	0.9776	0.9776	0.0000	0.9776	0.9776	0.0000	0.0000	0.0000	0.0000	0.0002	0.0001	0.0000	0.0001	0.0001	0.0000	0.0000	0.0000	0.0000	0.0739	0.0492	0.0246	0.0381	0.0313	0.0068	0.0358	0.0179	0.0178	0.0000	0.0000	0.0000	0.0000	0.0000	0.0000	0.0000	0.0000	0.0000	13.2347	19.8545	0.0000	25.6498	31.1990	0.0000	0.0000	0.0000	0.0000				
14	134	0.6210	11	1	1	1	1	0	0	0	0	N	N	N	N	N	N	N	N	N	N	N	N	0.0000	0.0000	0.0000	0.0000	0.0000	0.0000	0.0000	0.0000	0.0000	0.0000	0.0000	0.0000	0.0000	0.0000	0.0000	0.0000	0.0000	0.0000	0.0824	0.1257	0.0001	0.1637	0.2028	0.0000	0.0001	0.0000	0.0001	0.0004	0.0000	-0.0102	16.7310	2.0077	15.9078	6.0321	0.0000	0.0000	0.0000	0.0000	0.0000	0.0000	0.0000	0.0000	0.0000	0.0224	0.0224	0.0000	0.0224	0.0224	0.0000	0.0000	0.0000	0.0000	0.2185	0.1895	0.0290	0.0579	0.0532	0.0046	0.1607	0.1363	0.0244	0.2715	0.1779	0.0937	0.1366	0.1103	0.0263	0.1349	0.0676	0.0673	0.0000	0.0000	0.0000	0.0000	0.0000	0.0000	0.0000	0.0000	0.0000	0.0824	0.1257	0.0001	0.1637	0.2028	0.0000	0.0001	0.0000	0.0001	
14	135	0.6163	11	0	1	1	1	0	0	0	0	N	N	N	N	N	N	N	N	N	N	N	N	215.8976	15.8390	1784.4568	2.0423	2.7021	2.6748	254.2398	11.1871	8760.8080	0.1004	0.0081	0.6754	0.0008	0.0006	0.0031	0.1337	0.0108	0.7836	0.0005	0.0005	0.0004	0.0004	0.0002	0.0011	0.0005	0.0010	0.0001	13.4258	0.3849	0.0165	-0.0000	16.7310	3.0348	15.9078	9.3583	0.0338	0.0023	0.0314	0.0001	0.0000	0.0000	0.0337	0.0023	0.0314	0.0002	0.0002	0.0001	0.0001	0.0000	0.0000	0.0001	0.0001	0.0000	0.3361	0.2896	0.0465	0.0842	0.0777	0.0064	0.2519	0.2119	0.0401	0.4648	0.3060	0.1587	0.2351	0.1917	0.0434	0.2297	0.1144	0.1153	215.8976	15.8390	1784.4568	2.0423	2.7021	2.6748	254.2398	11.1871	8760.8080	0.0005	0.0005	0.0004	0.0004	0.0002	0.0011	0.0005	0.0010	0.0001
14	136	0.6019	10	0	0	1	1	0	0	0	0	N	N	N	N	N	N	N	N	N	N	N	N	169.5423	130.1106	92.1703	298.2158	255.8901	3360.9579	0.0000	0.0000	0.0000	6.0527	7.0931	0.0122	21.2563	22.6242	0.1037	0.0000	0.0000	0.0000	0.0357	0.0545	0.0001	0.0713	0.0884	0.0000	0.0004	0.0007	0.0002	0.0003	0.0013	-0.0149	-0.0039	16.7310	0.0433	15.9078	6.6805	0.0338	0.0337	0.0000	0.0338	0.0337	0.0000	0.0000	0.0000	0.0000	0.0085	0.0085	0.0000	0.0084	0.0084	0.0000	0.0001	0.0000	0.0000	0.0056	0.0048	0.0008	0.0016	0.0015	0.0001	0.0040	0.0033	0.0007	0.2375	0.1553	0.0822	0.1182	0.0953	0.0229	0.1192	0.0600	0.0592	169.5423	130.1106	92.1703	298.2158	255.8901	3360.9579	0.0000	0.0000	0.0000	0.0357	0.0545	0.0001	0.0713	0.0884	0.0000	0.0004	0.0007	0.0002
14	137	0.2685	10	0	1	1	1	0	0	0	0	N	N	N	N	N	N	N	N	N	N	N	N	0.0000	0.0000	0.0000	0.0000	0.0000	0.0000	0.0000	0.0000	0.0000	0.0000	0.0000	0.0000	0.0000	0.0000	0.0000	0.0000	0.0000	0.0000	0.0000	0.0000	16.7310	0.0000	15.9078	0.0000	0.0000	0.0000	0.0000	0.0000	0.0000	0.0000	0.0000	0.0000	0.0000	0.0000	0.0000	0.0000	0.0000	0.0000	0.0000	0.0000	0.0000	0.0000	0.0000	0.0000	0.0000	0.0000	0.0000	0.0000	0.0000	0.0000	0.0000	0.0000	0.0000	0.0000	0.0000	0.0000	0.0000	0.0000	0.0000	0.0000	0.0000	0.0000	0.0000	0.0000	0.0000	0.0000	0.0000	0.0000	0.0000	0.0000	0.0000	0.0000	0.0000	0.0000	0.0000	0.0000	0.0000	0.0000											
14	138	0.2634	9	0	1	1	1	0	0	0	0	N	N	N	N	N	N	N	N	N	N	N	N	0.0000	0.0000	0.0000	0.0000	0.0000	0.0000	0.0000	0.0000	0.0000	0.0000	0.0000	0.0000	0.0000	0.0000	0.0000	0.0000	0.0000	0.0000	0.0000	0.0000	0.0000	0.0000	0.0000	0.0000	-0.0000	16.7310	0.0021	15.9078	2.0000	0.0000	0.0000	0.0000	0.0000	0.0000	0.0000	0.0000	0.0000	0.0000	0.0000	0.0000	0.0000	0.0000	0.0000	0.0000	0.0000	0.0000	0.0000	0.0006	0.0006	0.0000	0.0004	0.0004	0.0000	0.0002	0.0002	0.0000	0.0773	0.0447	0.0325	0.0161	0.0131	0.0030	0.0612	0.0317	0.0295	0.0000	0.0000	0.0000	0.0000	0.0000	0.0000	0.0000	0.0000	0.0000	0.0000	0.0000	0.0000	0.0000	0.0000	0.0000	0.0000	0.0000	0.0000						
14	139	0.2532	8	0	0	1	1	0	0	0	0	N	N	N	N	N	N	N	N	N	N	N	N	0.0000	0.0000	0.0000	0.0000	0.0000	0.0000	0.0000	0.0000	0.0000	0.0000	0.0000	0.0000	0.0000	0.0000	0.0000	0.0000	0.0001	0.0001	0.0000	0.0003	0.0004	0.0000	0.0000	0.0000	0.0000	0.0003	0.0000	-0.0000	16.7310	1.0020	15.9078	3.0181	0.0000	0.0000	0.0000	0.0000	0.0000	0.0000	0.0000	0.0000	0.0000	0.0000	0.0000	0.0000	0.0000	0.0000	0.0000	0.0000	0.0000	0.0000	0.1105	0.0938	0.0166	0.0122	0.0112	0.0009	0.0983	0.0826	0.0157	0.1571	0.0902	0.0669	0.0313	0.0254	0.0059	0.1258	0.0649	0.0609	0.0000	0.0000	0.0000	0.0000	0.0000	0.0000	0.0000	0.0000	0.0000	0.0001	0.0001	0.0000	0.0003	0.0004	0.0000	0.0000	0.0000	0.0000			
14	140	0.2388	8	0	1	1	0	0	0	0	0	N	N	N	N	N	N	N	N	N	N	N	N	0.0000	0.0000	0.0000	0.0000	0.0000	0.0000	0.0000	0.0000	0.0000	0.0000	0.0000	0.0000	0.0000	0.0000	0.0000	0.0000	0.0000	0.0000	0.0000	0.0000	0.0000	0.0000	inf	0.0000	0.0000	16.7310	0.0000	15.9078	4.0001	0.0000	0.0000	0.0000	0.0000	0.0000	0.0000	0.0000	0.0000	0.0000	0.0000	0.0000	0.0000	0.0000	0.0000	0.0000	0.0000	0.0000	0.0000	0.0000	0.0000	0.0000	0.0000	0.0000	0.0000	0.0000	0.0000	0.0000	0.1554	0.0887	0.0667	0.0303	0.0240	0.0062	0.1251	0.0646	0.0605	0.0000	0.0000	0.0000	0.0000	0.0000	0.0000	0.0000	0.0000	0.0000	0.0000	0.0000	0.0000	0.0000	0.0000	0.0000	0.0000	0.0000	0.0000						
14	141	0.6165	10	0	1	1	0	0	0	0	0	N	N	N	N	N	N	N	N	N	N	N	N	0.0000	0.0000	0.0000	0.0000	0.0000	0.0000	0.0000	0.0000	0.0000	0.0000	0.0000	0.0000	0.0000	0.0000	0.0000	0.0000	0.0000	0.0000	0.0796	0.1215	0.0000	0.0000	0.0000	0.0000	0.1607	0.3213	0.0000	0.0000	0.0000	-0.0076	16.7310	1.0003	15.9078	5.0186	0.0000	0.0000	0.0000	0.0000	0.0000	0.0000	0.0000	0.0000	0.0000	0.0165	0.0165	0.0000	0.0000	0.0000	0.0000	0.0165	0.0165	0.0000	0.1091	0.0946	0.0145	0.0289	0.0265	0.0023	0.0802	0.0681	0.0121	0.2073	0.1359	0.0714	0.1046	0.0846	0.0200	0.1028	0.0514	0.0514	0.0000	0.0000	0.0000	0.0000	0.0000	0.0000	0.0000	0.0000	0.0000	0.0796	0.1215	0.0000	0.0000	0.0000	0.0000	0.1607	0.3213	0.0000	
14	142	0.2532	8	0	0	2	1	0	0	0	0	N	N	Y	N	N	N	N	N	N	N	N	N	0.0000	0.0000	0.0000	0.0000	0.0000	0.0000	0.0000	0.0000	0.0000	0.0000	0.0000	0.0000	0.0000	0.0000	0.0000	0.0000	0.0000	0.0001	0.0000	0.0001	0.0002	0.0000	0.0000	0.0000	0.0000	0.0009	0.0000	-0.0000	16.7310	0.0001	15.9078	9.0026	0.0000	0.0000	0.0000	0.0000	0.0000	0.0000	0.0000	0.0000	0.0000	0.0000	0.0000	0.0000	0.0000	0.0000	0.0000	0.0000	0.0000	0.0000	0.0000	0.0000	0.0000	0.0000	0.0000	0.0000	0.0000	0.0000	0.0000	0.3449	0.1982	0.1467	0.0684	0.0554	0.0130	0.2765	0.1428	0.1337	0.0000	0.0000	0.0000	0.0000	0.0000	0.0000	0.0000	0.0000	0.0000	0.0000	0.0001	0.0000	0.0001	0.0002	0.0000	0.0000	0.0000	0.0000			
14	143	0.6019	10	0	0	2	1	0	0	0	0	N	N	Y	N	N	N	N	N	N	N	N	N	0.0000	0.0000	0.0000	0.0000	0.0000	0.0000	0.0000	0.0000	0.0000	0.0000	0.0000	0.0000	0.0000	0.0000	0.0000	0.0000	0.0000	0.0000	2.9488	4.5185	0.0000	8.2041	10.6396	0.0000	0.0915	0.1821	0.0000	0.0000	0.0000	-0.4695	16.7310	2.0061	15.9078	8.0425	0.0000	0.0000	0.0000	0.0000	0.0000	0.0000	0.0000	0.0000	0.0000	1.0243	1.0243	0.0000	1.0083	1.0083	0.0000	0.0160	0.0160	0.0000	0.2171	0.1875	0.0296	0.0529	0.0487	0.0043	0.1641	0.1388	0.0253	0.3474	0.2267	0.1207	0.1724	0.1388	0.0336	0.1750	0.0879	0.0871	0.0000	0.0000	0.0000	0.0000	0.0000	0.0000	0.0000	0.0000	0.0000	2.9488	4.5185	0.0000	5.8484	7.2646	0.0000	0.0915	0.1821	0.0000	
14	144	0.5928	9	0	0	1	1	0	0	0	0	N	N	N	N	N	N	N	N	N	N	N	N	0.0000	0.0000	0.0000	0.0000	0.0000	0.0000	0.0000	0.0000	0.0000	0.0000	0.0000	0.0000	0.0000	0.0000	0.0000	0.0000	0.0000	0.0000	2.2337	3.1493	0.0002	4.4452	5.0994	0.0009	0.0375	0.0685	0.0000	0.0000	0.0000	-0.2281	16.7310	1.9550	15.9078	2.1189	0.0000	0.0000	0.0000	0.0000	0.0000	0.0000	0.0000	0.0000	0.0000	0.4976	0.4975	0.0000	0.4934	0.4933	0.0000	0.0042	0.0042	0.0000	0.2269	0.1956	0.0313	0.0676	0.0610	0.0066	0.1593	0.1345	0.0247	0.2227	0.1580	0.0648	0.1110	0.0967	0.0142	0.1118	0.0612	0.0505	0.0000	0.0000	0.0000	0.0000	0.0000	0.0000	0.0000	0.0000	0.0000	2.2337	3.1493	0.0002	4.4452	5.0994	0.0009	0.0375	0.0685	0.0000	
14	145	0.5928	9	0	0	2	1	0	0	0	0	N	N	Y	N	N	N	N	N	N	N	N	N	0.0000	0.0000	0.0000	0.0000	0.0000	0.0000	0.0000	0.0000	0.0000	0.0000	0.0000	0.0000	0.0000	0.0000	0.0000	0.0000	0.0000	0.0000	0.6907	1.0381	0.0001	0.0006	0.0007	0.0002	1.3491	2.6239	0.0000	0.0000	0.0000	-0.2379	16.7310	2.1261	15.9078	18.6477	0.0000	0.0000	0.0000	0.0000	0.0000	0.0000	0.0000	0.0000	0.0000	0.5189	0.5189	0.0000	0.0002	0.0002	0.0000	0.5187	0.5187	0.0000	0.2452	0.2114	0.0337	0.0724	0.0654	0.0070	0.1728	0.1461	0.0268	0.7513	0.4999	0.2514	0.3669	0.3022	0.0646	0.3845	0.1977	0.1868	0.0000	0.0000	0.0000	0.0000	0.0000	0.0000	0.0000	0.0000	0.0000	0.6907	1.0381	0.0001	0.0006	0.0007	0.0002	1.3491	2.6239	0.0000	
14	146	0.2532	8	0	0	2	1	0	0	0	0	N	N	Y	N	N	N	N	N	N	N	N	N	0.0000	0.0000	0.0000	0.0000	0.0000	0.0000	0.0000	0.0000	0.0000	0.0000	0.0000	0.0000	0.0000	0.0000	0.0000	0.0000	0.0001	0.0001	0.0000	0.0003	0.0004	0.0000	0.0000	0.0000	0.0000	0.0004	0.0000	-0.0000	16.7310	2.0001	15.9078	5.9880	0.0000	0.0000	0.0000	0.0000	0.0000	0.0000	0.0000	0.0000	0.0000	0.0000	0.0000	0.0000	0.0000	0.0000	0.0000	0.0000	0.0000	0.0000	0.2194	0.1865	0.0330	0.0242	0.0223	0.0019	0.1953	0.1641	0.0311	0.3073	0.1765	0.1307	0.0610	0.0494	0.0116	0.2463	0.1271	0.1191	0.0000	0.0000	0.0000	0.0000	0.0000	0.0000	0.0000	0.0000	0.0000	0.0001	0.0001	0.0000	0.0003	0.0004	0.0000	0.0000	0.0000	0.0000			
14	147	0.2532	8	0	0	2	1	0	0	0	0	N	N	Y	N	N	N	N	N	N	N	N	N	1.0235	0.0000	1.8058	0.0000	0.0000	0.0000	1.3235	3.3925	5.2289	0.0000	35.1649	0.0000	0.0000	0.0000	5.8738	0.0000	37.2589	5.1089	0.0000	19.4730	4.4631	0.0001	42.0399	4.4382	0.0000	10.9828	inf	249912.2509	2.7944	2.7072	16.7310	9.0001	15.9078	23.0169	4.9999	0.0000	4.9999	0.0000	0.0000	0.0000	4.9999	0.0000	4.9999	4.9983	0.0000	4.9983	0.9762	0.0000	0.9762	4.0221	0.0000	4.0221	0.9562	0.8140	0.1422	0.1050	0.0970	0.0080	0.8512	0.7170	0.1342	1.1250	0.6485	0.4764	0.2187	0.1775	0.0412	0.9063	0.4710	0.4352	1.1769	0.0000	3.3519	0.0000	0.0000	0.0000	1.3235	0.0000	4.0316	4.4430	0.0000	10.4910	4.4631	0.0001	23.6809	4.4382	0.0000	9.2417	
14	148	0.2279	7	0	0	1	1	0	0	0	0	N	N	N	N	N	N	N	N	N	N	N	N	86.4303	87.6933	0.0000	180.8820	228.4408	0.0000	0.0000	0.0000	0.0000	0.0074	0.0087	0.0000	0.0677	0.0732	0.0000	0.0000	0.0000	0.0000	0.0001	0.0001	0.0001	0.0004	0.0003	0.0006	0.0000	0.0000	0.0000	0.0000	0.4801	-0.0007	-0.0000	16.7310	1.9990	15.9078	7.9526	0.0016	0.0016	0.0000	0.0016	0.0016	0.0000	0.0000	0.0000	0.0000	0.0000	0.0000	0.0000	0.0000	0.0000	0.0000	0.0000	0.0000	0.0000	0.2204	0.1871	0.0333	0.0241	0.0223	0.0018	0.1963	0.1648	0.0315	0.4135	0.2406	0.1729	0.0907	0.0745	0.0162	0.3228	0.1661	0.1567	86.4303	87.6933	0.0000	180.8820	228.4408	0.0000	0.0000	0.0000	0.0000	0.0001	0.0001	0.0001	0.0004	0.0003	0.0006	0.0000	0.0000	0.0000
14	149	0.1959	6	1	1	1	0	0	0	0	0	N	N	N	N	N	N	N	N	N	N	N	N	0.0038	0.0000	13630.8651	0.0007	0.0007	0.0000	0.0037	0.0000	13954.3167	0.0043	0.0000	0.0293	0.0001	0.0001	0.0000	0.0052	0.0000	0.0313	1.1457	1.9098	0.0000	0.1136	0.1342	0.0000	1.4255	2.6746	0.0000	293.6023	0.0000	0.0016	-0.5011	16.7310	5.3497	15.9078	17.2225	0.0029	0.0000	0.0029	0.0000	0.0000	0.0000	0.0029	0.0000	0.0029	1.0932	1.0932	0.0000	0.0231	0.0231	0.0000	1.0701	1.0701	0.0000	0.6835	0.5831	0.1004	0.1199	0.1135	0.0064	0.5636	0.4697	0.0939	0.9542	0.5724	0.3817	0.2035	0.1723	0.0311	0.7507	0.4001	0.3506	0.0038	0.0000	13630.8651	0.0007	0.0007	0.0000	0.0037	0.0000	13954.3167	1.1457	1.9098	0.0000	0.1136	0.1342	0.0000	1.4255	2.6746	0.0000
14	150	0.2267	7	0	1	1	0	0	0	0	0	N	N	N	N	N	N	N	N	N	N	N	N	2.7759	1.9778	51.9593	0.0604	0.0520	11.4604	28.3035	17.3500	127.9421	1.0132	1.1583	0.0353	0.0608	0.0619	0.0376	1.4004	1.6680	0.0351	0.3650	0.5857	0.0007	1.0065	1.1901	0.0033	0.0495	0.0961	0.0003	0.0045	0.0007	-0.2824	-0.1939	16.7310	3.6794	15.9078	17.4287	0.6467	0.6438	0.0029	0.0112	0.0109	0.0003	0.6355	0.6329	0.0026	0.4236	0.4233	0.0003	0.3851	0.3849	0.0002	0.0385	0.0384	0.0001	0.6383	0.5558	0.0825	0.1845	0.1764	0.0082	0.4538	0.3794	0.0744	1.1606	0.7228	0.4379	0.3826	0.3234	0.0592	0.7780	0.3993	0.3787	2.7759	1.9778	51.9593	0.0604	0.0520	11.4604	28.3035	17.3500	127.9421	0.3650	0.5857	0.0007	1.0065	1.1901	0.0033	0.0495	0.0961	0.0003
14	151	0.1959	6	0	1	1	0	0	0	0	0	N	N	N	N	N	N	N	N	N	N	N	N	4.6931	93.0851	0.0613	912.0462	2166.6900	0.0001	1.2135	22.2620	0.0604	2.8413	3.3130	0.0935	10.1149	10.6328	0.0000	0.9653	1.1446	0.1003	0.6054	0.0356	1.5254	0.0111	0.0049	0.0515	0.7955	0.0514	1.6607	0.0048	26.5476	-0.5991	0.1990	16.7310	3.4464	15.9078	10.1316	1.3732	1.3666	0.0066	1.0023	1.0023	0.0000	0.3709	0.3642	0.0066	0.3937	0.0143	0.3794	0.0017	0.0007	0.0011	0.3920	0.0136	0.3784	0.4833	0.4125	0.0708	0.0991	0.0943	0.0048	0.3842	0.3182	0.0660	0.6503	0.4016	0.2488	0.1576	0.1366	0.0209	0.4928	0.2649	0.2278	4.6931	93.0851	0.0613	912.0462	2166.6900	0.0001	1.2135	22.2620	0.0604	0.6054	0.0356	1.5254	0.0111	0.0049	0.0515	0.7955	0.0514	1.6607
14	152	0.6233	12	1	1	1	0	0	0	0	0	N	N	N	N	N	N	N	N	N	N	N	N	0.0047	0.0000	inf	0.0000	0.0000	13953.7319	0.0000	inf	0.0108	0.0000	0.0815	0.0000	0.0000	0.0000	0.0149	0.0000	0.0969	2.3179	3.5402	0.0000	4.6857	6.0079	0.0000	0.0000	0.0000	0.0000	inf	0.0000	0.0007	-0.4576	16.7310	1.0143	15.9078	12.0086	0.0012	0.0000	0.0012	0.0000	0.0000	0.0000	0.0012	0.0000	0.0012	0.9982	0.9982	0.0000	0.9982	0.9982	0.0000	0.0000	0.0000	0.0000	0.1126	0.0977	0.0150	0.0305	0.0282	0.0024	0.0821	0.0695	0.0126	0.4307	0.2820	0.1487	0.2153	0.1738	0.0414	0.2154	0.1081	0.1073	0.0047	0.0000	inf	0.0000	0.0000	0.0000	13953.7319	0.0000	inf	2.3179	3.5402	0.0000	4.6372	5.7428	0.0000	0.0000	0.0000	0.0000	
14	153	0.6210	11	1	1	1	0	0	0	0	0	N	N	N	N	N	N	N	N	N	N	N	N	1.4277	1.1207	0.0000	2.8216	2.4792	0.0000	0.0000	0.0000	0.0113	0.0131	0.0000	0.0426	0.0462	0.0000	0.0000	0.0000	0.0000	0.0079	0.0117	0.0008	0.0151	0.0186	0.0000	0.0006	0.0000	0.0011	0.0000	0.0371	-0.0005	-0.0001	16.7310	0.9811	15.9078	0.0216	0.0012	0.0012	0.0000	0.0012	0.0012	0.0000	0.0000	0.0000	0.0000	0.0003	0.0003	0.0000	0.0003	0.0003	0.0000	0.0000	0.0000	0.0000	0.1078	0.0934	0.0144	0.0287	0.0264	0.0023	0.0791	0.0670	0.0121	0.0353	0.0231	0.0121	0.0179	0.0145	0.0034	0.0174	0.0087	0.0087	1.4277	1.1207	0.0000	2.8216	2.4792	0.0000	0.0000	0.0000	0.0000	0.0079	0.0117	0.0008	0.0151	0.0186	0.0000	0.0006	0.0000	0.0011	
14	154	0.6165	10	1	1	1	0	0	0	0	0	N	N	N	N	N	N	N	N	N	N	N	N	0.0000	0.0000	0.0000	0.0000	0.0000	0.0000	0.0000	0.0000	0.0000	0.0000	0.0000	0.0000	0.0000	0.0000	0.0000	0.0000	0.0000	0.0000	0.0077	0.0116	0.0000	0.0009	0.0011	0.0000	0.0146	0.0293	0.0000	0.0000	0.0000	-0.0003	16.7310	0.0083	15.9078	2.0001	0.0000	0.0000	0.0000	0.0000	0.0000	0.0000	0.0000	0.0000	0.0000	0.0006	0.0006	0.0000	0.0000	0.0000	0.0000	0.0005	0.0005	0.0000	0.0010	0.0009	0.0001	0.0004	0.0003	0.0000	0.0007	0.0006	0.0001	0.0722	0.0475	0.0247	0.0366	0.0297	0.0069	0.0356	0.0177	0.0178	0.0000	0.0000	0.0000	0.0000	0.0000	0.0000	0.0000	0.0000	0.0000	0.0077	0.0116	0.0000	0.0009	0.0011	0.0000	0.0146	0.0293	0.0000	
14	155	0.5928	9	0	1	1	0	0	0	0	0	N	N	N	N	N	N	N	N	N	N	N	N	0.0000	0.0000	0.0000	0.0000	0.0000	0.0000	0.0000	0.0000	0.0000	0.0000	0.0000	0.0000	0.0000	0.0000	0.0000	0.0000	0.0000	0.0000	1.1750	1.7298	0.0001	0.0080	0.0095	0.0003	2.3126	4.4125	0.0000	0.0000	0.0000	-0.2310	16.7310	2.9180	15.9078	7.4065	0.0000	0.0000	0.0000	0.0000	0.0000	0.0000	0.0000	0.0000	0.0000	0.5039	0.5039	0.0000	0.0017	0.0017	0.0000	0.5022	0.5022	0.0000	0.3295	0.2846	0.0449	0.0942	0.0855	0.0087	0.2353	0.1991	0.0362	0.4289	0.2913	0.1376	0.2117	0.1775	0.0342	0.2172	0.1138	0.1034	0.0000	0.0000	0.0000	0.0000	0.0000	0.0000	0.0000	0.0000	0.0000	1.1750	1.7298	0.0001	0.0080	0.0095	0.0003	2.3126	4.4125	0.0000	
14	156	0.5270	8	0	0	1	0	0	0	0	0	N	N	N	N	N	N	N	N	N	N	N	N	0.5122	0.4083	0.0041	1.3439	1.2417	0.0000	0.0384	0.0242	0.0061	0.3517	0.3950	0.0004	0.9160	0.9665	0.0000	0.0266	0.0309	0.0005	0.6866	0.9673	0.0958	0.6816	0.7784	0.1534	0.6916	1.2783	0.0776	0.0001	0.0470	-0.2155	-0.3495	16.7310	8.2479	15.9078	19.7214	0.4886	0.4886	0.0001	0.4652	0.4652	0.0000	0.0234	0.0234	0.0001	0.8454	0.8074	0.0380	0.4187	0.4041	0.0146	0.4267	0.4033	0.0234	1.3894	1.2370	0.1523	0.5079	0.4813	0.0265	0.8815	0.7557	0.1258	1.2312	0.8347	0.3965	0.6142	0.5192	0.0951	0.6170	0.3155	0.3015	0.5122	0.4083	0.0041	1.3439	1.2417	0.0000	0.0384	0.0242	0.0061	0.6866	0.9673	0.0958	0.6816	0.7784	0.1534	0.6916	1.2783	0.0776
14	157	0.4909	7	0	0	1	0	0	0	0	0	N	N	N	N	N	N	N	N	N	N	N	N	1.1181	1.6429	0.2532	3.8495	4.9683	1.0527	0.0941	0.1435	0.0266	0.8415	0.9224	0.2967	2.5156	2.6026	1.4698	0.0803	0.0895	0.0293	0.7526	0.5615	1.1720	0.6535	0.5238	1.3963	0.8530	0.6237	1.1016	0.0478	0.9515	-0.3216	0.0256	16.7310	7.4725	15.9078	14.3153	0.8131	0.7760	0.0371	0.7598	0.7257	0.0341	0.0533	0.0503	0.0030	0.8768	0.4493	0.4275	0.3830	0.2614	0.1216	0.4938	0.1879	0.3059	0.9662	0.8413	0.1249	0.3020	0.2788	0.0232	0.6642	0.5625	0.1017	1.1650	0.8002	0.3648	0.5861	0.4990	0.0871	0.5789	0.3013	0.2777	1.1181	1.6429	0.2532	3.8495	4.9683	1.0527	0.0941	0.1435	0.0266	0.7526	0.5615	1.1720	0.6535	0.5238	1.3963	0.8530	0.6237	1.1016
14	158	0.4254	6	0	0	1	0	0	0	0	0	N	N	N	N	N	N	N	N	N	N	N	N	2.1745	6.0640	1.1656	4.2153	6.5825	0.0109	1.5176	14.7818	1.2940	1.3892	1.3234	1.8336	2.0226	2.1392	0.0166	1.1767	1.0178	2.0511	0.6389	0.2182	1.5731	0.4798	0.3250	1.5224	0.7754	0.0689	1.5852	0.2051	3.2454	-0.5410	0.3302	16.7310	11.6653	15.9078	19.4910	1.9973	1.6573	0.3400	0.7304	0.7301	0.0003	1.2668	0.9272	0.3396	1.0788	0.2541	0.8247	0.3743	0.2207	0.1536	0.7045	0.0334	0.6711	1.4377	1.2523	0.1854	0.3611	0.3413	0.0198	1.0766	0.9110	0.1656	1.6886	1.1643	0.5242	0.7800	0.6791	0.1009	0.9086	0.4852	0.4234	2.1745	6.0640	1.1656	4.2153	6.5825	0.0109	1.5176	14.7818	1.2940	0.6389	0.2182	1.5731	0.4798	0.3250	1.5224	0.7754	0.0689	1.5852
14	159	0.3781	5	0	0	1	0	0	0	0	0	N	N	N	N	N	N	N	N	N	N	N	N	1.0777	0.1774	3.6128	0.2636	0.2851	0.3788	1.1685	0.3185	3.6924	0.8959	0.0593	7.0323	0.1619	0.1478	0.4843	1.2023	0.0175	7.7819	0.8314	0.3341	1.9465	0.6143	0.5187	1.2787	1.0289	0.0549	2.1076	16.1760	2.5975	0.4904	0.3832	16.7310	7.3933	15.9078	20.5306	0.9795	0.0570	0.9225	0.0521	0.0456	0.0065	0.9274	0.0114	0.9160	1.4535	0.4040	1.0495	0.5116	0.3776	0.1340	0.9419	0.0264	0.9155	1.0933	0.9621	0.1312	0.3219	0.3084	0.0135	0.7714	0.6537	0.1177	1.7483	1.2091	0.5392	0.8328	0.7280	0.1048	0.9155	0.4811	0.4344	1.0777	0.1774	3.6128	0.2636	0.2851	0.3788	1.1685	0.3185	3.6924	0.8314	0.3341	1.9465	0.6143	0.5187	1.2787	1.0289	0.0549	2.1076
14	160	0.1419	4	0	0	1	0	0	0	0	0	N	N	N	N	N	N	N	N	N	N	N	N	0.7257	0.0643	2.1564	0.0148	0.5180	0.0000	0.8143	0.0303	2.5205	1.7631	0.0076	12.0105	0.0451	0.0484	0.0007	1.9102	0.0037	12.4643	2.4295	0.1175	5.5697	3.0434	0.0934	32.0315	2.3459	0.1227	4.9451	272.1790	34.8984	2.5252	3.1491	16.7310	27.6416	15.9078	54.6365	4.5480	0.0166	4.5313	0.0092	0.0092	0.0000	4.5388	0.0075	4.5313	6.1293	0.1707	5.9585	0.9205	0.0239	0.8966	5.2088	0.1468	5.0620	2.5796	2.2023	0.3773	0.2035	0.1897	0.0137	2.3761	2.0126	0.3635	2.5228	1.4530	1.0698	0.3025	0.2563	0.0462	2.2204	1.1968	1.0236	0.7257	0.0643	2.1564	0.0148	0.5180	0.0000	0.8143	0.0303	2.5205	2.4295	0.1175	5.5697	3.0434	0.0934	19.4079	2.3459	0.1227	4.9451
14	161	0.2465	10	1	1	1	0	0	0	0	0	N	N	N	N	N	N	N	N	N	N	N	N	0.0000	0.0000	0.0000	0.0000	0.0000	0.0000	0.0000	0.0000	0.0000	0.0000	0.0000	0.0000	0.0000	0.0000	0.0000	0.0000	0.0000	0.0000	0.0000	0.0000	0.0000	0.0000	0.0000	0.0000	inf	0.0000	0.0000	16.7310	0.0002	15.9078	3.0099	0.0000	0.0000	0.0000	0.0000	0.0000	0.0000	0.0000	0.0000	0.0000	0.0000	0.0000	0.0000	0.0000	0.0000	0.0000	0.0000	0.0000	0.0000	0.0000	0.0000	0.0000	0.0000	0.0000	0.0000	0.0000	0.0000	0.0000	0.1201	0.0694	0.0507	0.0245	0.0197	0.0048	0.0956	0.0497	0.0459	0.0000	0.0000	0.0000	0.0000	0.0000	0.0000	0.0000	0.0000	0.0000	0.0000	0.0000	0.0000	0.0000	0.0000	0.0000	0.0000	0.0000	0.0000				
14	162	0.2388	9	1	1	1	0	0	0	0	0	N	N	N	N	N	N	N	N	N	N	N	N	0.0000	0.0000	0.0000	0.0000	0.0000	0.0000	0.0000	0.0000	0.0000	0.0000	0.0000	0.0000	0.0000	0.0000	0.0000	0.0000	0.0000	0.0000	0.0000	0.0000	0.0000	0.0000	0.0000	0.0000	0.0495	0.0000	-0.0000	16.7310	0.9998	15.9078	2.0118	0.0000	0.0000	0.0000	0.0000	0.0000	0.0000	0.0000	0.0000	0.0000	0.0000	0.0000	0.0000	0.0000	0.0000	0.0000	0.0000	0.0000	0.0000	0.1102	0.0935	0.0167	0.0118	0.0109	0.0009	0.0984	0.0826	0.0157	0.1174	0.0670	0.0504	0.0229	0.0182	0.0047	0.0945	0.0488	0.0457	0.0000	0.0000	0.0000	0.0000	0.0000	0.0000	0.0000	0.0000	0.0000	0.0000	0.0000	0.0000	0.0000	0.0000	0.0000	0.0000	0.0000	0.0000				
14	163	0.2388	8	1	1	1	0	0	0	0	0	N	N	N	N	N	N	N	N	N	N	N	N	0.0000	0.0000	0.0000	0.0000	0.0000	0.0000	0.0000	0.0000	0.0000	0.0000	0.0000	0.0000	0.0000	0.0000	0.0000	0.0002	0.0001	0.0003	0.0004	0.0003	0.0038	0.0000	0.0000	0.0000	0.4545	0.0000	-0.0000	16.7310	0.0000	15.9078	0.0003	0.0000	0.0000	0.0000	0.0000	0.0000	0.0000	0.0000	0.0000	0.0000	0.0000	0.0000	0.0000	0.0000	0.0000	0.0000	0.0000	0.0000	0.0000	0.0000	0.0000	0.0000	0.0000	0.0000	0.0000	0.0000	0.0000	0.0000	0.0000	0.0000	0.0000	0.0000	0.0000	0.0000	0.0000	0.0000	0.0000	0.0000	0.0000	0.0000	0.0000	0.0000	0.0000	0.0000	0.0000	0.0000	0.0002	0.0001	0.0003	0.0004	0.0003	0.0038	0.0000	0.0000	0.0000				
14	164	0.2279	7	0	1	1	0	0	0	0	0	N	N	N	N	N	N	N	N	N	N	N	N	10670.3411	8800.7415	0.0000	8427.8748	7274.4530	0.0000	0.0000	0.0000	0.0000	0.8459	1.0321	0.0000	2.3355	2.3646	0.0000	0.0000	0.0000	0.0000	0.0001	0.0001	0.0000	0.0003	0.0003	0.0000	0.0000	0.0000	0.0000	0.0000	0.1356	-0.0007	-0.0000	16.7310	0.0063	15.9078	4.3641	0.0016	0.0016	0.0000	0.0016	0.0016	0.0000	0.0000	0.0000	0.0000	0.0000	0.0000	0.0000	0.0000	0.0000	0.0000	0.0000	0.0000	0.0000	0.0019	0.0016	0.0003	0.0007	0.0007	0.0000	0.0012	0.0009	0.0003	0.2062	0.1228	0.0835	0.0524	0.0442	0.0082	0.1538	0.0786	0.0752	10670.3411	8800.7415	0.0000	8427.8748	7274.4530	0.0000	0.0000	0.0000	0.0000	0.0001	0.0001	0.0000	0.0003	0.0003	0.0000	0.0000	0.0000	0.0000
14	165	0.1959	6	0	0	1	0	0	0	0	0	N	N	N	N	N	N	N	N	N	N	N	N	3881.0073	4040.0865	0.1644	6025.1938	5696.7816	0.0000	0.0604	0.0000	0.1765	2.5582	2.9957	0.0001	11.0764	11.6041	0.0000	0.0000	0.0000	0.0001	0.0007	0.0007	0.0005	0.0018	0.0020	0.0005	0.0003	0.0001	0.0005	0.0000	0.4319	-0.4340	-0.0001	16.7310	2.5207	15.9078	10.0226	0.9840	0.9840	0.0000	0.9840	0.9840	0.0000	0.0000	0.0000	0.0000	0.0004	0.0003	0.0001	0.0003	0.0003	0.0000	0.0001	0.0000	0.0001	0.3846	0.3285	0.0562	0.0888	0.0848	0.0040	0.2958	0.2437	0.0521	0.6140	0.3812	0.2328	0.1520	0.1323	0.0197	0.4620	0.2489	0.2132	3881.0073	4040.0865	0.1644	6025.1938	5696.7816	0.0000	0.0604	0.0000	0.1765	0.0007	0.0007	0.0005	0.0018	0.0020	0.0005	0.0003	0.0001	0.0005
14	166	0.1804	5	0	0	1	0	0	0	0	0	N	N	N	N	N	N	N	N	N	N	N	N	7.2814	11.5397	6.4722	17.4673	17.6161	0.0006	2.5236	0.1836	7.5920	0.0083	0.0074	0.0135	0.0196	0.0218	0.0000	0.0029	0.0000	0.0175	0.0011	0.0006	0.0021	0.0011	0.0012	0.0002	0.0011	0.0002	0.0023	0.3047	1.6973	-0.0008	0.0001	16.7310	2.6894	15.9078	4.6619	0.0038	0.0029	0.0009	0.0029	0.0029	0.0000	0.0009	0.0000	0.0009	0.0005	0.0002	0.0003	0.0002	0.0002	0.0000	0.0004	0.0000	0.0003	0.4639	0.3974	0.0665	0.1500	0.1348	0.0153	0.3139	0.2627	0.0512	0.4820	0.3165	0.1654	0.1515	0.1337	0.0178	0.3305	0.1828	0.1477	7.2814	11.5397	6.4722	17.4673	17.6161	0.0006	2.5236	0.1836	7.5920	0.0011	0.0006	0.0021	0.0011	0.0012	0.0002	0.0011	0.0002	0.0023
14	167	0.1419	4	0	0	1	0	0	0	0	0	N	N	N	N	N	N	N	N	N	N	N	N	2.5963	0.8522	9.7918	17.2391	29.4243	0.0000	1.9966	0.0000	10.2156	0.0152	0.0036	0.0800	0.0372	0.0399	0.0000	0.0132	0.0000	0.0831	0.0059	0.0042	0.0082	0.0022	0.0014	0.0091	0.0066	0.0053	0.0081	3.9667	1.3534	0.0016	0.0004	16.7310	2.7966	15.9078	8.5340	0.0045	0.0009	0.0036	0.0009	0.0009	0.0000	0.0036	0.0000	0.0036	0.0030	0.0013	0.0017	0.0002	0.0001	0.0001	0.0028	0.0012	0.0016	0.2924	0.2480	0.0444	0.0241	0.0225	0.0016	0.2684	0.2256	0.0428	0.5140	0.3020	0.2120	0.0887	0.0795	0.0092	0.4253	0.2225	0.2028	2.5963	0.8522	9.7918	17.2391	29.4243	0.0000	1.9966	0.0000	10.2156	0.0059	0.0042	0.0082	0.0022	0.0014	0.0091	0.0066	0.0053	0.0081
15	16	0.4609	7	0	0	2	0	0	0	0	0	N	N	Y	N	N	N	N	N	N	N	N	N	0.0796	0.0672	0.0000	0.1187	0.1154	0.0000	0.1083	0.0800	0.0000	0.0368	0.0418	0.0000	0.1050	0.1119	0.0000	0.0064	0.0074	0.0000	0.4619	0.6218	0.0954	0.8849	0.9698	0.3622	0.0586	0.0931	0.0182	0.0000	0.0670	-0.0130	-0.2111	10.3367	12.0000	13.9008	18.8883	0.0295	0.0295	0.0000	0.0259	0.0259	0.0000	0.0035	0.0035	0.0000	0.5335	0.5000	0.0335	0.4989	0.4703	0.0285	0.0347	0.0297	0.0049	0.8012	0.7045	0.0966	0.2469	0.2318	0.0151	0.5542	0.4727	0.0815	1.1550	0.8041	0.3509	0.5638	0.4850	0.0788	0.5912	0.3191	0.2721	0.0796	0.0672	0.0000	0.1187	0.1154	0.0000	0.1083	0.0800	0.0000	0.4619	0.6218	0.0954	0.8849	0.9698	0.3622	0.0586	0.0931	0.0182
15	17	0.3772	6	1	1	1	0	0	0	0	0	N	N	N	N	N	N	N	N	N	N	N	N	0.0143	0.0112	0.0000	0.0535	0.0705	0.0000	0.0000	0.0000	0.0000	0.0008	0.0009	0.0000	0.0019	0.0021	0.0000	0.0000	0.0000	0.0000	0.0575	0.0843	0.0085	0.0356	0.0302	0.0916	0.0671	0.1246	0.0017	0.0000	0.0550	-0.0002	-0.0145	10.3367	3.5868	13.9008	9.0275	0.0005	0.0005	0.0000	0.0005	0.0005	0.0000	0.0000	0.0000	0.0000	0.0357	0.0338	0.0019	0.0067	0.0052	0.0015	0.0290	0.0287	0.0004	0.5865	0.5090	0.0775	0.2527	0.2264	0.0264	0.3337	0.2827	0.0511	0.6202	0.4010	0.2192	0.1875	0.1710	0.0165	0.4327	0.2299	0.2027	0.0143	0.0112	0.0000	0.0535	0.0705	0.0000	0.0000	0.0000	0.0000	0.0575	0.0843	0.0085	0.0356	0.0302	0.0916	0.0671	0.1246	0.0017
15	18	0.5137	7	1	1	1	0	0	0	0	0	N	N	N	N	N	N	N	N	N	N	N	N	6.6113	5.2235	0.0678	0.0594	10578.8968	6869.9638	2.6363	2.9920	0.0000	0.0510	0.0543	0.0000	3.9350	4.6163	0.0000	0.3988	0.5728	0.0000	0.7522	0.9144	0.0000	0.0004	0.0007	0.0000	0.0000	0.0000	-0.3389	-0.1443	10.3367	3.9981	13.9008	16.5900	0.7682	0.7682	0.0000	0.0050	0.0050	0.0000	0.7632	0.7632	0.0000	0.3147	0.3147	0.0000	0.3146	0.3146	0.0000	0.0001	0.0001	0.0000	0.2914	0.2568	0.0346	0.0974	0.0914	0.0060	0.1940	0.1653	0.0286	0.7892	0.5494	0.2398	0.4182	0.3440	0.0742	0.3710	0.2054	0.1656	6.6113	5.2235	0.0000	0.0678	0.0594	0.0000	10578.8968	6869.9638	0.0000	0.3988	0.5728	0.0000	0.7522	0.9144	0.0000	0.0004	0.0007	0.0000			
15	19	0.3329	7	0	0	2	1	0	0	0	0	N	N	Y	N	N	N	N	N	N	N	N	N	0.0000	0.0000	0.0000	0.0000	0.0000	0.0000	0.0000	0.0000	0.0000	0.0000	0.0000	0.0000	0.0000	0.0000	0.0000	0.0000	0.0000	0.0000	0.0000	0.0000	0.0000	0.0000	0.0000	0.0000	0.0000	70.4516	0.0000	0.0000	10.3367	0.0000	13.9008	2.0009	0.0000	0.0000	0.0000	0.0000	0.0000	0.0000	0.0000	0.0000	0.0000	0.0000	0.0000	0.0000	0.0000	0.0000	0.0000	0.0000	0.0000	0.0000	0.0011	0.0009	0.0002	0.0005	0.0005	0.0000	0.0005	0.0003	0.0002	0.0899	0.0603	0.0296	0.0389	0.0321	0.0068	0.0510	0.0282	0.0228	0.0000	0.0000	0.0000	0.0000	0.0000	0.0000	0.0000	0.0000	0.0000	0.0000	0.0000	0.0000	0.0000	0.0000	0.0000	0.0000	0.0000	0.0000			
15	20	0.3472	8	0	0	2	1	0	0	0	0	N	N	Y	N	N	N	N	N	N	N	N	N	0.0036	0.1193	0.0017	0.0603	0.1002	0.0659	0.0017	0.1922	0.0003	0.0046	0.0044	0.0064	0.0071	0.0055	0.0355	0.0034	0.0038	0.0012	1.2717	0.0367	3.7035	0.1180	0.0544	0.5386	1.9603	0.0197	4.2442	0.1981	51.2502	-0.0014	0.8191	10.3367	14.9999	13.9008	23.4905	0.0051	0.0042	0.0008	0.0026	0.0019	0.0007	0.0025	0.0024	0.0001	1.5677	0.0300	1.5377	0.0544	0.0218	0.0326	1.5133	0.0082	1.5050	1.0987	0.9683	0.1304	0.3612	0.3412	0.0200	0.7375	0.6271	0.1104	1.2328	0.8176	0.4152	0.4608	0.4002	0.0606	0.7720	0.4173	0.3546	0.0036	0.1193	0.0017	0.0603	0.1002	0.0659	0.0017	0.1922	0.0003	1.2717	0.0367	3.7035	0.1180	0.0544	0.5386	1.9603	0.0197	4.2442
15	21	0.5137	7	0	1	1	0	0	0	0	0	N	N	N	N	N	N	N	N	N	N	N	N	0.0074	0.0061	0.0000	0.2582	0.4435	0.0000	0.0000	0.0000	0.0000	0.0046	0.0052	0.0000	0.0137	0.0146	0.0000	0.0000	0.0000	0.0000	0.6169	0.8531	0.0662	0.0530	0.0329	0.1579	1.2062	2.1503	0.0316	0.0000	0.0333	-0.0007	-0.3440	10.3367	4.9981	13.9008	32.5905	0.0017	0.0017	0.0000	0.0017	0.0017	0.0000	0.0000	0.0000	0.0000	0.8073	0.7813	0.0260	0.0355	0.0185	0.0170	0.7718	0.7628	0.0090	0.3627	0.3196	0.0431	0.1212	0.1137	0.0075	0.2416	0.2060	0.0356	1.3086	0.9158	0.3928	0.6687	0.5610	0.1077	0.6399	0.3548	0.2852	0.0074	0.0061	0.0000	0.2582	0.4435	0.0000	0.0000	0.0000	0.0000	0.6169	0.8531	0.0662	0.0530	0.0329	0.1579	1.2062	2.1503	0.0316
15	22	0.3772	6	0	1	1	0	0	0	0	0	N	N	N	N	N	N	N	N	N	N	N	N	0.8906	22.9420	2.2968	4.1707	4.6019	0.0395	0.9699	12235.9206	2.7567	0.7499	0.0863	5.4740	0.0379	0.0411	0.0004	1.1627	0.1148	7.1167	0.8421	0.0038	2.3833	0.0091	0.0089	0.0108	1.1988	0.0000	2.5816	8.9075	344.5216	0.5084	0.4747	10.3367	12.5677	13.9008	9.8718	1.1102	0.1121	0.9982	0.0206	0.0206	0.0000	1.0896	0.0915	0.9982	0.8812	0.0026	0.8786	0.0029	0.0025	0.0003	0.8783	0.0000	0.8783	1.4805	1.2981	0.1823	0.5433	0.5012	0.0421	0.9371	0.7969	0.1403	1.0464	0.6778	0.3687	0.3138	0.2853	0.0284	0.7327	0.3924	0.3402	0.8906	22.9420	2.2968	4.1707	4.6019	0.0395	0.9699	12235.9206	2.7567	0.8421	0.0038	2.3833	0.0091	0.0089	0.0108	1.1988	0.0000	2.5816
15	23	0.5612	10	0	0	1	1	0	0	0	0	N	N	N	N	N	N	N	N	N	N	N	N	2008.3499	inf	0.0000	48830.4097	inf	0.0000	0.0000	0.0000	0.0026	0.0029	0.0000	0.0082	0.0088	0.0000	0.0000	0.0000	0.0000	0.0000	0.0000	0.0000	0.0000	0.0000	0.0000	0.0000	0.0000	0.0000	0.0000	inf	-0.0001	0.0000	10.3367	0.9981	13.9008	0.0014	0.0002	0.0002	0.0000	0.0002	0.0002	0.0000	0.0000	0.0000	0.0000	0.0000	0.0000	0.0000	0.0000	0.0000	0.0000	0.0000	0.0000	0.0000	0.0703	0.0617	0.0086	0.0219	0.0205	0.0014	0.0484	0.0412	0.0073	0.0377	0.0265	0.0112	0.0197	0.0165	0.0031	0.0180	0.0099	0.0081	2008.3499	inf	0.0000	48830.4097	inf	0.0000	0.0000	0.0000	0.0000	0.0000	0.0000	0.0000	0.0000	0.0000	0.0000	0.0000	0.0000	0.0000	
15	24	0.5133	7	0	1	1	1	0	0	0	0	N	N	N	N	N	N	N	N	N	N	N	N	0.0000	0.0000	0.0000	0.0000	0.0000	0.0000	0.0000	0.0000	0.0000	0.0000	0.0000	0.0000	0.0000	0.0000	0.0000	0.0000	0.0000	0.0000	2.1428	1.2139	4.4420	1.5700	1.7776	0.3316	2.8938	0.0039	6.0643	0.0000	1.4783	-0.0000	0.1605	10.3367	0.6341	13.9008	12.6218	0.0000	0.0000	0.0000	0.0000	0.0000	0.0000	0.0000	0.0000	0.0000	1.1618	0.4688	0.6930	0.4830	0.4683	0.0146	0.6789	0.0005	0.6784	0.0435	0.0382	0.0053	0.0148	0.0138	0.0010	0.0287	0.0243	0.0043	0.5422	0.3862	0.1560	0.3076	0.2635	0.0442	0.2346	0.1227	0.1119	0.0000	0.0000	0.0000	0.0000	0.0000	0.0000	0.0000	0.0000	0.0000	2.1428	1.2139	4.4420	1.5700	1.7776	0.3316	2.8938	0.0039	6.0643
15	25	0.3169	5	0	1	1	0	0	0	0	0	N	N	N	N	N	N	N	N	N	N	N	N	12.2901	0.3745	33.7434	32.5134	0.4062	53.1814	12.0306	6.3795	38.7282	1.4779	0.0023	10.7620	0.5943	0.0048	5.8658	2.1005	0.0004	12.8922	0.1203	0.0061	0.3189	0.0183	0.0118	0.1103	0.1746	0.0001	0.3329	753.6127	30.2430	0.9399	0.0571	10.3367	10.0221	13.9008	10.6811	1.6856	0.0022	1.6834	0.2802	0.0020	0.2782	1.4055	0.0002	1.4052	0.1120	0.0036	0.1084	0.0059	0.0036	0.0023	0.1060	0.0000	0.1060	1.1406	0.9841	0.1564	0.4714	0.4240	0.0474	0.6691	0.5601	0.1090	0.9310	0.5912	0.3398	0.3237	0.3024	0.0213	0.6074	0.2889	0.3185	12.2901	0.3745	33.7434	32.5134	0.4062	53.1814	12.0306	6.3795	38.7282	0.1203	0.0061	0.3189	0.0183	0.0118	0.1103	0.1746	0.0001	0.3329
15	26	0.5477	9	0	1	1	0	0	0	0	0	N	N	N	N	N	N	N	N	N	N	N	N	6.1675	8.2687	14.9782	0.0170	1.2641	0.0416	235.1571	410.2622	630.3988	2.5995	0.0158	21.5818	0.0124	0.0038	0.1429	3.8745	0.0224	25.9872	0.4215	0.0019	1.4409	0.7264	0.0030	3.4350	0.0165	0.0001	0.0412	185.4476	309.5745	0.4190	0.1185	10.3367	3.9997	13.9008	5.4032	0.7570	0.0041	0.7529	0.0012	0.0003	0.0008	0.7558	0.0037	0.7520	0.2202	0.0007	0.2194	0.2165	0.0007	0.2158	0.0037	0.0000	0.0037	0.2912	0.2563	0.0349	0.0961	0.0902	0.0059	0.1951	0.1661	0.0289	0.5223	0.3700	0.1523	0.2980	0.2352	0.0628	0.2243	0.1349	0.0895	6.1675	8.2687	14.9782	0.0170	1.2641	0.0416	235.1571	410.2622	630.3988	0.4215	0.0019	1.4409	0.7264	0.0030	3.4350	0.0165	0.0001	0.0412
15	27	0.3472	8	0	1	1	1	0	0	0	0	N	N	N	N	N	N	N	N	N	N	N	N	0.0000	0.0000	0.0000	0.0000	0.0000	0.0000	0.0000	0.0000	0.0000	0.0000	0.0000	0.0000	0.0000	0.0000	0.0000	0.0000	0.0000	0.0000	1.9668	2.9551	0.0007	5.7727	6.6441	0.0040	0.0047	0.0087	0.0001	0.0000	0.0001	-0.0000	-0.5112	10.3367	4.9655	13.9008	10.6561	0.0000	0.0000	0.0000	0.0000	0.0000	0.0000	0.0000	0.0000	0.0000	1.1154	1.1153	0.0001	1.1138	1.1137	0.0001	0.0017	0.0016	0.0000	0.3783	0.3328	0.0455	0.1250	0.1179	0.0071	0.2533	0.2149	0.0384	0.5672	0.3774	0.1897	0.2159	0.1882	0.0277	0.3512	0.1892	0.1620	0.0000	0.0000	0.0000	0.0000	0.0000	0.0000	0.0000	0.0000	0.0000	1.9668	2.9551	0.0007	5.1581	5.9173	0.0040	0.0047	0.0087	0.0001
15	28	0.5663	11	0	1	1	1	0	0	0	0	N	N	N	N	N	N	N	N	N	N	N	N	0.0000	0.0000	0.0000	0.0000	0.0000	0.0000	0.0000	0.0000	0.0000	0.0000	0.0000	0.0000	0.0000	0.0000	0.0000	0.0000	0.0000	0.0000	0.0000	0.0000	10.3367	0.0000	13.9008	0.0000	0.0000	0.0000	0.0000	0.0000	0.0000	0.0000	0.0000	0.0000	0.0000	0.0000	0.0000	0.0000	0.0000	0.0000	0.0000	0.0000	0.0000	0.0000	0.0000	0.0000	0.0000	0.0000	0.0000	0.0000	0.0000	0.0000	0.0000	0.0000	0.0000	0.0000	0.0000	0.0000	0.0000	0.0000	0.0000	0.0000	0.0000	0.0000	0.0000	0.0000	0.0000	0.0000	0.0000	0.0000	0.0000	0.0000	0.0000	0.0000	0.0000	0.0000	0.0000	0.0000	0.0000	0.0000											
15	29	0.5337	6	1	1	1	0	0	0	0	0	N	N	N	N	N	N	N	N	N	N	N	N	0.1284	0.1001	1.9809	1.4074	1.2918	0.0124	0.0020	0.0000	5.2278	0.1598	0.1804	0.0218	0.4464	0.4675	0.0004	0.0044	0.0000	0.0247	1.2446	1.8030	0.0110	0.3172	0.3619	0.0332	2.1877	4.2864	0.0047	0.0181	0.0028	-0.0248	-0.3615	10.3367	3.9885	13.9008	8.5018	0.0587	0.0576	0.0010	0.0576	0.0576	0.0000	0.0010	0.0000	0.0010	0.7934	0.7912	0.0022	0.1019	0.1005	0.0015	0.6915	0.6907	0.0007	0.3673	0.3194	0.0478	0.1291	0.1233	0.0058	0.2381	0.1962	0.0420	0.6375	0.4389	0.1986	0.3214	0.2777	0.0437	0.3161	0.1611	0.1549	0.1284	0.1001	1.9809	1.4074	1.2918	0.0124	0.0020	0.0000	5.2278	1.2446	1.8030	0.0110	0.3172	0.3619	0.0332	2.1877	4.2864	0.0047
15	30	0.5246	8	0	1	1	0	0	0	0	0	N	N	N	N	N	N	N	N	N	N	N	N	0.0020	0.4225	0.0000	0.1053	0.6667	0.0000	0.0000	0.0054	0.0000	0.0089	0.0100	0.0000	0.0208	0.0220	0.0001	0.0000	0.0000	0.0000	4.5456	0.0236	26.7926	0.1975	0.0329	1.5973	8.7720	0.0002	29.3405	0.0002	260.8364	-0.0003	0.7764	10.3367	0.9701	13.9008	4.0208	0.0007	0.0007	0.0000	0.0007	0.0007	0.0000	0.0000	0.0000	0.0000	1.4436	0.0055	1.4380	0.0368	0.0055	0.0313	1.4067	0.0000	1.4067	0.0833	0.0742	0.0090	0.0356	0.0337	0.0019	0.0477	0.0405	0.0071	0.3469	0.2337	0.1132	0.1865	0.1669	0.0196	0.1604	0.0668	0.0936	0.0021	0.4225	0.0000	0.1053	0.6667	0.0000	0.0000	0.0054	0.0000	4.1614	0.0236	12.7007	0.1975	0.0329	1.5973	8.7720	0.0002	15.0280
15	31	0.4992	6	0	0	1	1	0	0	0	0	N	N	N	N	N	N	N	N	N	N	N	N	0.0045	0.0726	0.0000	0.0093	0.1621	0.0000	0.0000	0.0000	0.0000	0.0003	0.0003	0.0000	0.0008	0.0009	0.0000	0.0000	0.0000	0.0000	0.0621	0.0044	0.2073	0.0881	0.0054	0.5715	0.0284	0.0023	0.0587	0.0001	18.8690	-0.0000	0.0250	10.3367	5.0045	13.9008	16.6627	0.0001	0.0001	0.0000	0.0001	0.0001	0.0000	0.0000	0.0000	0.0000	0.0509	0.0026	0.0483	0.0407	0.0021	0.0386	0.0101	0.0004	0.0097	0.3387	0.2974	0.0412	0.1156	0.1079	0.0077	0.2230	0.1895	0.0336	0.8194	0.5863	0.2330	0.4622	0.3947	0.0675	0.3571	0.1917	0.1655	0.0045	0.0726	0.0000	0.0093	0.1621	0.0000	0.0000	0.0000	0.0000	0.0621	0.0044	0.2073	0.0881	0.0054	0.5715	0.0284	0.0023	0.0587
15	32	0.4746	8	1	0	2	0	0	0	0	0	N	N	Y	N	N	N	N	N	N	N	N	N	0.0000	0.0000	0.0000	0.0000	0.0000	0.0000	0.0000	0.0000	0.0000	0.0000	0.0000	0.0000	0.0000	0.0000	0.0000	0.0041	0.0062	0.0000	0.0124	0.0138	0.0000	0.0001	0.0002	0.0000	0.0000	0.0000	-0.0001	10.3367	1.4893	13.9008	0.0050	0.0000	0.0000	0.0000	0.0000	0.0000	0.0000	0.0000	0.0000	0.0000	0.0003	0.0003	0.0000	0.0003	0.0003	0.0000	0.0000	0.0000	0.0000	0.1681	0.1488	0.0194	0.0538	0.0513	0.0025	0.1144	0.0975	0.0169	0.0800	0.0527	0.0274	0.0258	0.0231	0.0027	0.0542	0.0296	0.0246	0.0000	0.0000	0.0000	0.0000	0.0000	0.0000	0.0000	0.0000	0.0000	0.0041	0.0062	0.0000	0.0124	0.0138	0.0000	0.0001	0.0002	0.0000				
15	33	0.5247	8	1	0	2	0	0	0	0	0	N	N	Y	N	N	N	N	N	N	N	N	N	0.0000	0.0000	0.0001	0.0000	0.0000	0.0000	0.0000	0.0000	0.0000	0.0000	0.0000	0.0000	0.0000	0.0000	0.0000	0.0000	0.0000	0.0000	0.0086	0.0116	0.0016	0.0135	0.0150	0.0054	0.0033	0.0058	0.0002	inf	0.0609	0.0000	-0.0008	10.3367	0.9855	13.9008	5.0251	0.0000	0.0000	0.0000	0.0000	0.0000	0.0000	0.0000	0.0000	0.0000	0.0020	0.0019	0.0001	0.0016	0.0015	0.0001	0.0004	0.0004	0.0000	0.0712	0.0625	0.0086	0.0216	0.0203	0.0013	0.0496	0.0423	0.0073	0.2328	0.1627	0.0701	0.1212	0.1020	0.0192	0.1116	0.0607	0.0509	0.0000	0.0000	0.0001	0.0000	0.0000	0.0000	0.0000	0.0000	0.0000	0.0086	0.0116	0.0016	0.0135	0.0150	0.0054	0.0033	0.0058	0.0002
15	34	0.4975	8	0	1	1	0	0	0	0	0	N	N	N	N	N	N	N	N	N	N	N	N	0.0000	0.0000	0.0000	0.0000	0.0000	0.0000	0.0000	0.0000	0.0000	0.0000	0.0000	0.0000	0.0000	0.0000	0.0000	0.0000	0.0000	0.0000	10.9671	3.9651	39.4866	2.0772	2.1462	1.5819	14.1490	7.5780	42.6726	1.8146	0.0000	0.4439	10.3367	2.0026	13.9008	4.0175	0.0000	0.0000	0.0000	0.0000	0.0000	0.0000	0.0000	0.0000	0.0000	2.3822	0.8464	1.5358	0.3360	0.3047	0.0312	2.0462	0.5417	1.5046	0.2108	0.1805	0.0302	0.0788	0.0758	0.0030	0.1320	0.1048	0.0272	0.3067	0.2135	0.0932	0.1617	0.1420	0.0198	0.1449	0.0715	0.0735	0.0000	0.0000	0.0000	0.0000	0.0000	0.0000	0.0000	0.0000	0.0000	7.7677	3.9651	16.4752	2.0772	2.1462	1.5819	14.1173	7.5780	20.4795	
15	35	0.4975	7	0	0	1	0	0	0	0	0	N	N	N	N	N	N	N	N	N	N	N	N	0.1611	0.0824	0.8360	0.1714	0.1265	2.6400	0.2470	0.0023	1.0504	0.0083	0.0050	0.0245	0.0130	0.0095	0.2143	0.0046	0.0001	0.0156	0.0517	0.0612	0.0293	0.0760	0.0753	0.0812	0.0185	0.0229	0.0148	0.9874	0.2036	0.0000	-0.0023	10.3367	0.4148	13.9008	1.5497	0.0008	0.0004	0.0004	0.0006	0.0004	0.0002	0.0002	0.0000	0.0002	0.0081	0.0067	0.0014	0.0069	0.0061	0.0008	0.0012	0.0007	0.0005	0.0981	0.0816	0.0165	0.0437	0.0429	0.0007	0.0544	0.0386	0.0158	0.1568	0.1101	0.0467	0.0906	0.0803	0.0102	0.0662	0.0297	0.0365	0.1611	0.0824	0.8360	0.1714	0.1265	2.6400	0.2470	0.0023	1.0504	0.0517	0.0612	0.0293	0.0760	0.0753	0.0812	0.0185	0.0229	0.0148
15	36	0.4397	5	0	1	1	0	0	0	0	0	N	N	N	N	N	N	N	N	N	N	N	N	0.0112	0.0090	0.0000	0.0210	0.0191	0.0000	0.0000	0.0000	0.0000	0.0038	0.0043	0.0000	0.0136	0.0145	0.0000	0.0000	0.0000	0.0000	0.3373	0.4805	0.0055	0.6511	0.7582	0.0214	0.0002	0.0001	0.0003	0.0000	0.0050	-0.0008	-0.1738	10.3367	7.9964	13.9008	23.6501	0.0019	0.0019	0.0000	0.0019	0.0019	0.0000	0.0000	0.0000	0.0000	0.3834	0.3815	0.0019	0.3833	0.3814	0.0018	0.0001	0.0000	0.0001	0.5033	0.4412	0.0622	0.1392	0.1311	0.0081	0.3641	0.3100	0.0540	1.1365	0.7939	0.3426	0.5886	0.5031	0.0856	0.5479	0.2908	0.2571	0.0112	0.0090	0.0000	0.0210	0.0191	0.0000	0.0000	0.0000	0.0000	0.3373	0.4805	0.0055	0.6511	0.7582	0.0214	0.0002	0.0001	0.0003
15	37	0.5137	7	1	1	1	0	0	0	0	0	N	N	N	N	N	N	N	N	N	N	N	N	7.5771	0.0706	361.0122	0.1375	0.1261	0.0000	102.0193	0.0000	640.1526	2.0042	0.0253	16.7160	0.0669	0.0713	0.0000	2.9737	0.0000	20.2274	0.2645	0.3584	0.0463	0.4865	0.5655	0.0840	0.0291	0.0272	0.0316	88.8283	0.0556	0.5530	-0.1260	10.3367	6.9981	13.9008	25.9787	1.0095	0.0112	0.9983	0.0112	0.0112	0.0000	0.9983	0.0000	0.9983	0.3105	0.2942	0.0164	0.2939	0.2856	0.0083	0.0166	0.0086	0.0080	0.5037	0.4440	0.0597	0.1680	0.1576	0.0104	0.3357	0.2864	0.0494	1.1739	0.8207	0.3532	0.6041	0.5050	0.0991	0.5699	0.3158	0.2541	7.5771	0.0706	361.0122	0.1375	0.1261	0.0000	102.0193	0.0000	640.1526	0.2645	0.3584	0.0463	0.4865	0.5655	0.0840	0.0291	0.0272	0.0316
15	38	0.4975	7	0	1	1	0	0	0	0	0	N	N	N	N	N	N	N	N	N	N	N	N	0.0022	0.0001	0.0053	0.0358	0.0025	0.0971	0.0011	0.0000	0.0030	0.0039	0.0000	0.0292	0.0045	0.0000	0.0899	0.0036	0.0000	0.0203	1.7379	0.0709	5.5026	0.1243	0.0069	0.9254	3.3503	0.1793	6.7059	673.4051	34.3757	0.0009	0.5547	10.3367	4.7553	13.9008	10.1994	0.0016	0.0000	0.0016	0.0006	0.0000	0.0006	0.0009	0.0000	0.0009	1.0805	0.0305	1.0500	0.0386	0.0019	0.0368	1.0419	0.0287	1.0132	0.4027	0.3493	0.0534	0.1385	0.1317	0.0068	0.2642	0.2176	0.0466	0.6217	0.4309	0.1908	0.3108	0.2710	0.0397	0.3110	0.1599	0.1511	0.0022	0.0001	0.0053	0.0358	0.0025	0.0971	0.0011	0.0000	0.0030	1.7379	0.0709	5.5026	0.1243	0.0069	0.9254	3.3503	0.1793	6.7059
15	39	0.4397	5	1	1	1	0	0	0	0	0	N	N	N	N	N	N	N	N	N	N	N	N	0.0026	0.0035	0.0040	0.0346	0.0075	0.2757	0.0010	0.0000	0.0021	0.0072	0.0006	0.0535	0.0115	0.0022	0.1623	0.0056	0.0000	0.0373	2.7556	0.1841	13.4595	0.3325	0.2890	0.5886	5.3570	0.0029	17.3905	11.7222	20.4265	0.0011	1.5778	10.3367	5.0000	13.9008	27.3229	0.0023	0.0002	0.0021	0.0010	0.0002	0.0008	0.0013	0.0000	0.0013	3.1878	0.1488	3.0390	0.1992	0.1479	0.0513	2.9886	0.0009	2.9878	0.3180	0.2786	0.0394	0.0878	0.0827	0.0051	0.2302	0.1959	0.0343	1.1568	0.8081	0.3488	0.5990	0.5119	0.0871	0.5579	0.2962	0.2617	0.0026	0.0035	0.0061	0.0346	0.0075	0.2757	0.0010	0.0000	0.0033	2.7556	0.1841	8.7131	0.3325	0.2890	0.5886	5.3570	0.0029	11.4163
15	40	0.5137	7	0	1	1	0	0	0	0	0	N	N	N	N	N	N	N	N	N	N	N	N	0.6111	0.0401	8.6888	0.8466	0.1061	17.7975	0.5196	0.0000	6.2216	0.0156	0.0012	0.1222	0.0257	0.0034	0.3644	0.0105	0.0000	0.0713	0.0255	0.0304	0.0141	0.0304	0.0324	0.0205	0.0202	0.0272	0.0115	13.4819	0.2000	0.0038	-0.0077	10.3367	7.0019	13.9008	21.4344	0.0078	0.0005	0.0073	0.0043	0.0005	0.0038	0.0035	0.0000	0.0035	0.0264	0.0220	0.0044	0.0163	0.0145	0.0018	0.0101	0.0075	0.0026	0.5040	0.4442	0.0598	0.1681	0.1577	0.0104	0.3359	0.2865	0.0494	1.0369	0.7240	0.3129	0.5381	0.4478	0.0903	0.4988	0.2763	0.2226	0.6111	0.0401	8.6888	0.8466	0.1061	17.7975	0.5196	0.0000	6.2216	0.0255	0.0304	0.0141	0.0304	0.0324	0.0205	0.0202	0.0272	0.0115
15	41	0.3772	6	0	1	1	0	0	0	0	0	N	N	N	N	N	N	N	N	N	N	N	N	5.1034	3.7971	0.0000	15.6326	15.6145	0.0000	2.4920	1.5770	0.0000	1.9995	2.2874	0.0000	3.3383	3.6496	0.0000	1.1670	1.3747	0.0000	0.3918	0.6024	0.0053	0.2135	0.2337	0.0092	0.4683	0.8717	0.0050	0.0000	0.0048	-0.9393	-0.1583	10.3367	8.1446	13.9008	10.2519	2.1295	2.1295	0.0000	1.3632	1.3632	0.0000	0.7663	0.7663	0.0000	0.3489	0.3473	0.0017	0.0571	0.0569	0.0002	0.2918	0.2904	0.0014	1.0650	0.9310	0.1341	0.4084	0.3735	0.0348	0.6567	0.5574	0.0992	0.8906	0.5764	0.3141	0.2674	0.2433	0.0240	0.6232	0.3331	0.2901	5.1034	3.7971	0.0000	15.6326	15.6145	0.0000	2.4920	1.5770	0.0000	0.3918	0.6024	0.0053	0.2135	0.2337	0.0092	0.4683	0.8717	0.0050
15	42	0.5137	7	0	1	1	0	0	0	0	0	N	N	N	N	N	N	N	N	N	N	N	N	1.4555	0.7088	3.8017	1.1427	1.2421	0.9384	1.0434	1.6175	3.1633	1.7066	0.0489	14.0176	0.1366	0.1352	0.1568	2.4931	0.0013	16.9290	1.1725	0.0689	3.6872	0.1195	0.1089	0.1671	2.3895	0.0008	5.3517	38.6286	23.4727	0.3948	0.4055	10.3367	5.9981	13.9008	11.5875	0.7398	0.0187	0.7211	0.0198	0.0184	0.0014	0.7200	0.0003	0.7197	0.8098	0.0331	0.7767	0.0443	0.0330	0.0113	0.7655	0.0001	0.7654	0.4335	0.3821	0.0514	0.1447	0.1358	0.0089	0.2888	0.2463	0.0425	0.6907	0.4800	0.2106	0.3703	0.3026	0.0676	0.3204	0.1774	0.1430	1.4555	0.7088	3.8017	1.1427	1.2421	0.9384	1.0434	1.6175	3.1633	1.1725	0.0689	3.6872	0.1195	0.1089	0.1671	2.3895	0.0008	5.3517
15	43	0.5974	7	0	1	2	1	0	0	0	0	N	N	Y	N	N	N	N	N	N	N	N	N	0.4328	0.8283	0.0000	0.4802	0.4767	0.0000	0.3594	2.1282	0.0000	0.0024	0.0027	0.0000	0.0019	0.0020	0.0000	0.0026	0.0031	0.0000	0.0055	0.0033	0.0111	0.0039	0.0042	0.0014	0.0073	0.0015	0.0134	0.0000	1.3335	-0.0001	0.0001	10.3367	1.0007	13.9008	2.4334	0.0002	0.0002	0.0000	0.0000	0.0000	0.0000	0.0001	0.0001	0.0000	0.0011	0.0005	0.0006	0.0004	0.0004	0.0000	0.0007	0.0001	0.0006	0.0681	0.0595	0.0086	0.0221	0.0207	0.0014	0.0460	0.0388	0.0072	0.2027	0.1453	0.0574	0.1076	0.0966	0.0111	0.0951	0.0488	0.0463	0.4328	0.8283	0.0000	0.4802	0.4767	0.0000	0.3594	2.1282	0.0000	0.0055	0.0033	0.0111	0.0039	0.0042	0.0014	0.0073	0.0015	0.0134
15	44	0.5602	6	0	0	1	1	0	0	0	0	N	N	N	N	N	N	N	N	N	N	N	N	0.3307	0.6164	0.0001	1.5621	1.5515	0.0043	0.0025	0.0070	0.0000	0.2466	0.2899	0.0001	0.5761	0.6776	0.0002	0.0033	0.0039	0.0001	0.7455	0.4703	1.3751	0.3688	0.4368	0.0552	1.3240	0.5546	2.0997	0.0001	1.2784	-0.0105	0.1111	10.3367	1.0391	13.9008	15.0482	0.0237	0.0237	0.0000	0.0235	0.0235	0.0000	0.0002	0.0002	0.0000	1.0816	0.4747	0.6069	0.3240	0.3154	0.0086	0.7576	0.1593	0.5983	0.0961	0.0818	0.0144	0.0408	0.0347	0.0061	0.0553	0.0471	0.0082	1.4508	1.0094	0.4414	0.8786	0.7222	0.1564	0.5722	0.2873	0.2849	0.3307	0.6164	0.0001	1.5621	1.5515	0.0043	0.0025	0.0070	0.0000	0.7455	0.4703	1.3751	0.3688	0.4368	0.0552	1.3240	0.5546	2.0997
15	45	0.4397	5	0	1	1	0	0	0	0	0	N	N	N	N	N	N	N	N	N	N	N	N	50.3510	91.8052	0.0000	0.9031	1.5782	0.0000	191.2105	2550.4807	0.0000	1.0175	1.1600	0.0000	0.0291	0.0309	0.0000	1.3970	1.6390	0.0000	0.0202	0.0126	0.0377	0.0323	0.0196	0.1066	0.0073	0.0006	0.0149	0.0000	1.2900	-0.3394	0.0026	10.3367	12.0036	13.9008	21.9053	0.7694	0.7694	0.0000	0.0061	0.0061	0.0000	0.7632	0.7632	0.0000	0.0246	0.0108	0.0139	0.0203	0.0106	0.0098	0.0043	0.0002	0.0041	0.7561	0.6633	0.0929	0.2098	0.1976	0.0122	0.5463	0.4657	0.0807	1.2193	0.8516	0.3677	0.6307	0.5389	0.0917	0.5887	0.3127	0.2760	50.3510	91.8052	0.0000	0.9031	1.5782	0.0000	191.2105	2550.4807	0.0000	0.0202	0.0126	0.0377	0.0323	0.0196	0.1066	0.0073	0.0006	0.0149
15	46	0.3542	9	1	1	1	0	0	0	0	0	N	N	N	N	N	N	N	N	N	N	N	N	0.0006	0.0000	0.0066	0.0003	0.0000	0.0019	0.0011	0.0000	0.0338	0.0000	0.0000	0.0000	0.0000	0.0000	0.0000	0.0000	0.0000	0.0000	0.0002	0.0002	0.0001	0.0003	0.0002	0.0008	0.0001	0.0002	0.0000	inf	0.3666	0.0000	-0.0000	10.3367	2.0120	13.9008	1.9924	0.0000	0.0000	0.0000	0.0000	0.0000	0.0000	0.0000	0.0000	0.0000	0.0000	0.0000	0.0000	0.0000	0.0000	0.0000	0.0000	0.0000	0.0000	0.1557	0.1370	0.0188	0.0524	0.0493	0.0030	0.1034	0.0876	0.0158	0.1369	0.0915	0.0454	0.0502	0.0439	0.0063	0.0867	0.0476	0.0391	0.0006	0.0000	0.0066	0.0003	0.0000	0.0019	0.0011	0.0000	0.0338	0.0002	0.0002	0.0001	0.0003	0.0002	0.0008	0.0001	0.0002	0.0000
15	47	0.5443	11	1	1	1	0	0	0	0	0	N	N	N	N	N	N	N	N	N	N	N	N	0.0000	0.0000	0.0000	0.0000	0.0000	0.0000	0.0000	0.0000	0.0000	0.0000	0.0000	0.0000	0.0000	0.0000	0.0000	2.7648	3.9490	0.0000	0.2633	0.3197	0.0000	5.7854	10.5036	0.0000	0.0000	0.0000	-0.1960	10.3367	0.0002	13.9008	4.0036	0.0000	0.0000	0.0000	0.0000	0.0000	0.0000	0.0000	0.0000	0.0000	0.4276	0.4276	0.0000	0.0223	0.0223	0.0000	0.4053	0.4053	0.0000	0.0001	0.0001	0.0000	0.0000	0.0000	0.0000	0.0000	0.0000	0.0000	0.1547	0.1083	0.0464	0.0846	0.0697	0.0149	0.0701	0.0386	0.0315	0.0000	0.0000	0.0000	0.0000	0.0000	0.0000	0.0000	0.0000	0.0000	2.7648	3.9490	0.0000	0.2633	0.3197	0.0000	5.7854	10.5036	0.0000				
15	48	0.4397	5	0	1	1	1	0	0	0	0	N	N	N	N	N	N	N	N	N	N	N	N	0.0034	0.0028	0.0000	0.0064	0.0060	0.0000	0.0000	0.0000	0.0000	0.0022	0.0025	0.0000	0.0080	0.0085	0.0000	0.0000	0.0000	0.0000	0.6471	0.8891	0.0872	1.2464	1.4060	0.3046	0.0198	0.0227	0.0164	0.0000	0.0424	-0.0004	-0.5012	10.3367	6.0036	13.9008	51.7820	0.0008	0.0008	0.0000	0.0008	0.0008	0.0000	0.0000	0.0000	0.0000	1.1999	1.1511	0.0488	1.1820	1.1402	0.0419	0.0179	0.0110	0.0069	0.3805	0.3334	0.0471	0.1051	0.0990	0.0061	0.2754	0.2344	0.0410	1.8542	1.2947	0.5595	0.9484	0.8109	0.1375	0.9059	0.4838	0.4221	0.0034	0.0028	0.0000	0.0064	0.0060	0.0000	0.0000	0.0000	0.0000	0.6471	0.8891	0.0872	1.2464	1.4060	0.3046	0.0198	0.0227	0.0164
15	49	0.4397	5	1	1	1	0	0	0	0	0	N	N	N	N	N	N	N	N	N	N	N	N	0.0174	0.0259	0.0000	0.0342	0.0511	0.0000	0.0071	inf	0.0000	0.0015	0.0017	0.0000	0.0050	0.0053	0.0000	0.0001	0.0002	0.0000	0.0845	0.0650	0.1298	0.1447	0.1030	0.3894	0.0205	0.0000	0.0439	0.0000	0.8629	-0.0002	0.0006	10.3367	5.9964	13.9008	34.6547	0.0006	0.0006	0.0000	0.0005	0.0005	0.0000	0.0000	0.0000	0.0000	0.1183	0.0635	0.0548	0.1044	0.0635	0.0409	0.0139	0.0000	0.0139	0.3801	0.3330	0.0471	0.1050	0.0989	0.0061	0.2751	0.2341	0.0409	1.3991	0.9770	0.4221	0.7214	0.6164	0.1050	0.6777	0.3605	0.3172	0.0174	0.0259	0.0000	0.0342	0.0511	0.0000	0.0071	inf	0.0000	0.0845	0.0650	0.1298	0.1447	0.1030	0.3894	0.0205	0.0000	0.0439
15	50	0.5293	6	0	0	2	0	0	0	0	0	N	N	Y	N	N	N	N	N	N	N	N	N	0.0532	0.0205	0.3088	0.0515	0.0399	0.2545	0.1049	0.0000	0.3459	0.0153	0.0059	0.0886	0.0203	0.0163	0.0835	0.0128	0.0000	0.0897	0.2885	0.2891	0.2869	0.3937	0.4089	0.3280	0.1218	0.0127	0.2592	1.9229	0.3983	0.0067	-0.1505	10.3367	31.2093	13.9008	46.3939	0.0309	0.0106	0.0204	0.0140	0.0106	0.0034	0.0170	0.0000	0.0170	0.8674	0.6203	0.2471	0.7256	0.6121	0.1135	0.1418	0.0082	0.1336	2.0179	1.7881	0.2298	0.6885	0.6481	0.0404	1.3293	1.1399	0.1894	3.0068	2.1456	0.8613	1.8428	1.4968	0.3460	1.1640	0.6488	0.5152	0.0532	0.0205	0.3088	0.0515	0.0399	0.2545	0.1049	0.0000	0.3459	0.2885	0.2891	0.2869	0.3937	0.4089	0.3280	0.1218	0.0127	0.2592
15	51	0.4765	6	0	1	1	0	0	0	0	0	N	N	N	N	N	N	N	N	N	N	N	N	0.0675	0.0580	0.0011	0.0099	0.0097	0.0013	1.5215	3.3399	0.0014	0.0211	0.0239	0.0001	0.0052	0.0055	0.0003	0.0305	0.0360	0.0000	0.3126	0.4121	0.0819	0.5260	0.5686	0.2426	0.0201	0.0108	0.0281	0.0005	0.0857	-0.0032	-0.1558	10.3367	4.1516	13.9008	14.5664	0.0074	0.0074	0.0000	0.0007	0.0007	0.0000	0.0067	0.0067	0.0000	0.4105	0.3781	0.0324	0.3994	0.3754	0.0241	0.0111	0.0028	0.0083	0.3488	0.3082	0.0406	0.1297	0.1222	0.0075	0.2192	0.1860	0.0331	1.3134	0.9177	0.3957	0.7593	0.6601	0.0992	0.5540	0.2575	0.2965	0.0675	0.0580	0.0011	0.0099	0.0097	0.0013	1.5215	3.3399	0.0014	0.3126	0.4121	0.0819	0.5260	0.5686	0.2426	0.0201	0.0108	0.0281
15	52	0.5570	8	1	0	2	0	0	0	0	0	N	N	Y	N	N	N	N	N	N	N	N	N	0.0002	0.0001	0.0000	0.0001	0.0001	0.0000	0.0049	2.1341	0.0000	0.0003	0.0003	0.0000	0.0003	0.0003	0.0000	0.0003	0.0003	0.0000	1.5932	2.4826	0.0743	3.0746	3.3202	0.0070	0.0554	0.0002	0.0820	0.0000	0.0175	-0.0000	-0.0614	10.3367	0.0028	13.9008	0.9232	0.0000	0.0000	0.0000	0.0000	0.0000	0.0000	0.0000	0.0000	0.0000	0.1393	0.1369	0.0024	0.1369	0.1369	0.0000	0.0024	0.0000	0.0024	0.0002	0.0002	0.0000	0.0001	0.0001	0.0000	0.0001	0.0001	0.0000	0.0874	0.0551	0.0323	0.0445	0.0412	0.0033	0.0429	0.0139	0.0290	0.0002	0.0001	0.0000	0.0001	0.0001	0.0000	0.0049	2.1341	0.0000	1.5932	2.4826	0.0743	3.0746	3.3202	0.0070	0.0554	0.0002	0.0820
15	53	0.3088	6	0	1	1	0	0	0	0	0	N	N	N	N	N	N	N	N	N	N	N	N	18.6670	19.7853	44.2800	65.0227	45.2224	160.2754	9.8999	0.0003	30.6334	3.8736	0.6248	24.2816	8.4488	2.5661	122.5957	2.5766	0.0000	15.8689	0.2075	0.0316	0.5484	0.1299	0.0567	0.7649	0.2603	0.0008	0.5180	6.1868	8.9629	1.1253	0.1201	10.3367	8.5400	13.9008	19.3759	2.6808	0.3730	2.3078	1.2915	0.3730	0.9185	1.3893	0.0000	1.3893	0.2721	0.0273	0.2448	0.0690	0.0270	0.0420	0.2032	0.0003	0.2029	0.6921	0.5970	0.0950	0.1529	0.1454	0.0075	0.5392	0.4517	0.0876	1.3115	0.8650	0.4465	0.5308	0.4760	0.0549	0.7806	0.3890	0.3916	18.6670	19.7853	44.2800	65.0227	45.2224	160.2754	9.8999	0.0003	30.6334	0.2075	0.0316	0.5484	0.1299	0.0567	0.7649	0.2603	0.0008	0.5180
15	54	0.2458	5	0	0	1	0	0	0	0	0	N	N	N	N	N	N	N	N	N	N	N	N	1.6628	4.7571	2.6370	10.2076	10.6841	1.4194	0.7909	0.5317	2.6150	0.7455	0.4248	2.9115	1.6630	1.7143	0.2752	0.4845	0.0059	3.0834	0.4484	0.0893	1.1041	0.1629	0.1605	0.1939	0.6126	0.0111	1.1791	1.0147	6.7699	0.0298	0.3183	10.3367	7.3474	13.9008	24.2346	0.4759	0.2362	0.2397	0.2351	0.2337	0.0014	0.2408	0.0025	0.2383	0.7708	0.0992	0.6716	0.1023	0.0933	0.0090	0.6685	0.0059	0.6626	0.6384	0.5560	0.0823	0.1414	0.1364	0.0050	0.4970	0.4197	0.0773	1.7190	1.1108	0.6083	0.6279	0.5816	0.0463	1.0912	0.5292	0.5619	1.6628	4.7571	2.6370	10.2076	10.6841	1.4194	0.7909	0.5317	2.6150	0.4484	0.0893	1.1041	0.1629	0.1605	0.1939	0.6126	0.0111	1.1791
15	55	0.2160	4	0	0	1	0	0	0	0	0	N	N	N	N	N	N	N	N	N	N	N	N	6.9831	7.8335	12.9212	7.1258	7.2971	0.0033	6.9590	322.5288	13.9698	2.7277	1.9438	8.3382	2.8242	2.9893	0.0007	2.6900	1.4909	9.5460	0.3906	0.2481	0.6453	0.3963	0.4097	0.2229	0.3865	0.0046	0.6833	0.5993	1.4546	-0.0651	0.0843	10.3367	3.4216	13.9008	15.9376	0.9805	0.6131	0.3674	0.2850	0.2850	0.0000	0.6955	0.3281	0.3674	0.6282	0.2559	0.3723	0.2646	0.2540	0.0106	0.3636	0.0019	0.3617	0.3595	0.3154	0.0441	0.1009	0.0953	0.0056	0.2586	0.2201	0.0385	1.6083	1.0314	0.5769	0.6677	0.6201	0.0476	0.9405	0.4113	0.5293	6.9831	7.8335	12.9212	7.1258	7.2971	0.0033	6.9590	322.5288	13.9698	0.3906	0.2481	0.6453	0.3963	0.4097	0.2229	0.3865	0.0046	0.6833
15	56	0.5602	6	0	1	1	0	0	0	0	0	N	N	N	N	N	N	N	N	N	N	N	N	5.4670	6.7214	0.0001	0.3562	0.3726	0.0006	7.2716	10.2407	0.0000	8.2542	9.7135	0.0002	0.4334	0.5112	0.0003	14.1191	16.5862	0.0001	1.5098	1.4452	1.6588	1.2168	1.3719	0.4888	1.9417	1.6196	2.2772	0.0000	0.4981	-0.3378	-0.3047	10.3367	0.9891	13.9008	20.6926	0.7657	0.7657	0.0000	0.0172	0.0172	0.0000	0.7485	0.7485	0.0000	2.4205	1.6157	0.8047	1.1622	1.0802	0.0820	1.2583	0.5356	0.7228	0.0928	0.0788	0.0139	0.0398	0.0337	0.0061	0.0530	0.0451	0.0079	1.6032	1.1180	0.4851	0.9551	0.7874	0.1678	0.6481	0.3307	0.3174	5.4670	6.7214	0.0001	0.3562	0.3726	0.0006	7.2716	10.2407	0.0000	1.5098	1.4452	1.6588	1.2168	1.3719	0.4888	1.9417	1.6196	2.2772
15	57	0.4397	5	0	0	1	0	0	0	0	0	N	N	N	N	N	N	N	N	N	N	N	N	0.0505	0.0788	0.0000	0.0042	0.0041	0.0000	0.0676	0.6647	0.0000	0.0737	0.0841	0.0000	0.0061	0.0065	0.0000	0.0995	0.1169	0.0000	1.4607	1.0685	2.3684	1.4505	1.5928	0.6144	1.4716	0.1759	2.9472	0.0000	0.9580	-0.0104	0.0678	10.3367	5.0326	13.9008	39.3193	0.0236	0.0236	0.0000	0.0005	0.0005	0.0000	0.0231	0.0231	0.0000	2.1943	1.1207	1.0736	1.1215	1.0524	0.0691	1.0727	0.0683	1.0045	0.3200	0.2804	0.0397	0.0883	0.0832	0.0051	0.2317	0.1972	0.0345	1.5021	1.0489	0.4533	0.7732	0.6607	0.1125	0.7290	0.3881	0.3408	0.0505	0.0788	0.0000	0.0042	0.0041	0.0000	0.0676	0.6647	0.0000	1.4607	1.0685	2.3684	1.4505	1.5928	0.6144	1.4716	0.1759	2.9472
15	58	0.4397	5	0	1	1	1	0	0	0	0	N	N	N	N	N	N	N	N	N	N	N	N	4.3986	4.2322	0.0000	6.5086	6.4976	0.0000	9.0009	184.6881	0.0000	2.0059	2.2897	0.0000	5.2314	5.5551	0.0000	0.7760	0.9119	0.0000	0.4560	0.5410	0.2593	0.8038	0.8549	0.5032	0.0862	0.0049	0.1787	0.0000	0.2071	-0.2816	-0.1869	10.3367	5.0036	13.9008	36.7244	0.6383	0.6383	0.0000	0.4595	0.4595	0.0000	0.1788	0.1788	0.0000	0.6518	0.5400	0.1118	0.5921	0.5382	0.0539	0.0597	0.0018	0.0579	0.3182	0.2788	0.0395	0.0878	0.0827	0.0051	0.2304	0.1961	0.0343	1.4294	0.9981	0.4313	0.7366	0.6295	0.1072	0.6927	0.3686	0.3241	4.3986	4.2322	0.0000	6.5086	6.4976	0.0000	9.0009	184.6881	0.0000	0.4560	0.5410	0.2593	0.8038	0.8549	0.5032	0.0862	0.0049	0.1787
15	59	0.1964	4	0	1	1	1	0	0	0	0	N	N	N	N	N	N	N	N	N	N	N	N	1.9403	3.6235	1.8694	3.0081	3.9648	0.0168	1.5689	5.9930	2.6605	1.2552	0.9276	2.5121	1.2797	1.5407	0.0143	1.2396	0.5061	3.7004	0.6469	0.2560	1.3438	0.4254	0.3886	0.8505	0.7901	0.0844	1.3909	0.7060	2.9447	-0.0464	0.4086	10.3367	10.4254	13.9008	21.2017	1.7004	0.9967	0.7037	0.6758	0.6745	0.0013	1.0246	0.3222	0.7024	1.4183	0.3595	1.0587	0.3662	0.3078	0.0584	1.0521	0.0517	1.0004	1.3546	1.0745	0.2801	0.5281	0.4378	0.0903	0.8266	0.6367	0.1898	2.1923	1.4045	0.7879	0.8608	0.7922	0.0686	1.3316	0.6123	0.7192	1.9403	3.6235	1.8694	3.0081	3.9648	0.0168	1.5689	5.9930	2.6605	0.6469	0.2560	1.3438	0.4254	0.3886	0.8505	0.7901	0.0844	1.3909
15	60	0.5570	8	1	0	2	0	0	0	0	0	N	N	Y	N	N	N	N	N	N	N	N	N	0.0000	0.0000	0.0000	0.0000	0.0000	0.0000	0.0000	0.0121	0.0000	0.0000	0.0000	0.0000	0.0000	0.0000	0.0000	0.0000	0.0000	0.0000	2.2463	3.2603	0.1747	4.2747	4.9403	0.0161	0.1154	0.0000	0.2170	0.0000	0.0262	-0.0000	-0.2327	10.3367	1.9981	13.9008	3.0867	0.0000	0.0000	0.0000	0.0000	0.0000	0.0000	0.0000	0.0000	0.0000	0.5375	0.5238	0.0137	0.5241	0.5238	0.0003	0.0135	0.0000	0.0135	0.1450	0.1275	0.0174	0.0474	0.0444	0.0030	0.0975	0.0831	0.0144	0.2393	0.1607	0.0786	0.1226	0.1060	0.0166	0.1167	0.0546	0.0621	0.0000	0.0000	0.0000	0.0000	0.0000	0.0000	0.0000	0.0121	0.0000	2.2463	3.2603	0.1747	4.2747	4.9403	0.0161	0.1154	0.0000	0.2170
15	61	0.5137	7	1	0	2	0	0	0	0	0	N	N	Y	N	N	N	N	N	N	N	N	N	0.0027	0.0039	0.0000	0.0032	0.0028	0.0000	0.0024	0.1876	0.0000	0.0072	0.0082	0.0000	0.0085	0.0091	0.0000	0.0066	0.0077	0.0000	2.6987	2.0808	4.1081	2.7005	3.2802	0.0895	2.6967	0.0412	5.9896	0.0000	0.8655	-0.0009	0.0107	10.3367	4.0039	13.9008	14.0733	0.0021	0.0021	0.0000	0.0008	0.0008	0.0000	0.0013	0.0013	0.0000	1.9078	1.0227	0.8852	1.0213	1.0152	0.0062	0.8865	0.0075	0.8790	0.2918	0.2571	0.0347	0.0976	0.0915	0.0060	0.1942	0.1656	0.0287	0.7069	0.4915	0.2155	0.3782	0.3095	0.0687	0.3287	0.1820	0.1468	0.0027	0.0039	0.0000	0.0032	0.0028	0.0000	0.0024	0.1876	0.0000	2.6987	2.0808	4.1081	2.7005	3.2802	0.0895	2.6967	0.0412	5.9896
15	62	0.5331	8	1	0	2	0	0	0	0	0	N	N	Y	N	N	N	N	N	N	N	N	N	0.0018	0.0056	0.0008	0.0066	0.0088	0.0024	0.0002	0.0000	0.0006	0.0001	0.0001	0.0001	0.0001	0.0001	0.0001	0.0000	0.0000	0.0001	0.0356	0.0109	0.0919	0.0207	0.0157	0.0475	0.0507	0.0034	0.1074	0.1587	3.6920	-0.0000	0.0076	10.3367	0.0060	13.9008	17.2393	0.0000	0.0000	0.0000	0.0000	0.0000	0.0000	0.0000	0.0000	0.0000	0.0230	0.0049	0.0181	0.0067	0.0043	0.0024	0.0163	0.0006	0.0157	0.0005	0.0004	0.0001	0.0002	0.0002	0.0000	0.0003	0.0003	0.0000	0.6472	0.4500	0.1972	0.3261	0.2749	0.0512	0.3211	0.1751	0.1460	0.0018	0.0056	0.0008	0.0066	0.0088	0.0024	0.0002	0.0000	0.0006	0.0356	0.0109	0.0919	0.0207	0.0157	0.0475	0.0507	0.0034	0.1074
15	63	0.4765	6	0	0	2	0	0	0	0	0	N	N	Y	N	N	N	N	N	N	N	N	N	0.0649	0.0553	0.0033	0.0568	0.0544	0.0073	0.0722	0.0447	0.0018	0.0013	0.0014	0.0000	0.0011	0.0012	0.0000	0.0014	0.0016	0.0000	0.0193	0.0254	0.0051	0.0194	0.0213	0.0059	0.0192	0.0368	0.0049	0.0015	0.0866	-0.0001	-0.0084	10.3367	1.0230	13.9008	12.1924	0.0002	0.0002	0.0000	0.0001	0.0001	0.0000	0.0001	0.0001	0.0000	0.0223	0.0205	0.0018	0.0132	0.0127	0.0005	0.0091	0.0078	0.0013	0.1356	0.1209	0.0147	0.0636	0.0602	0.0034	0.0721	0.0607	0.0113	1.1521	0.8067	0.3454	0.6802	0.5945	0.0856	0.4720	0.2122	0.2598	0.0649	0.0553	0.0033	0.0568	0.0544	0.0073	0.0722	0.0447	0.0018	0.0193	0.0254	0.0051	0.0194	0.0213	0.0059	0.0192	0.0368	0.0049
15	64	0.4397	5	0	0	1	0	0	0	0	0	N	N	N	N	N	N	N	N	N	N	N	N	0.0084	0.0068	0.0121	0.0033	0.0030	0.0144	0.0258	0.0164	0.0243	0.0134	0.0151	0.0015	0.0084	0.0086	0.0057	0.0153	0.0179	0.0009	1.6067	2.2393	0.1266	2.5329	2.8856	0.3969	0.5942	1.0912	0.0378	0.0144	0.0242	-0.0009	-0.4184	10.3367	2.4556	13.9008	12.4191	0.0021	0.0021	0.0000	0.0004	0.0004	0.0000	0.0018	0.0017	0.0000	0.9624	0.9396	0.0227	0.7923	0.7747	0.0176	0.1700	0.1649	0.0051	0.1576	0.1380	0.0196	0.0434	0.0409	0.0025	0.1142	0.0971	0.0171	0.5990	0.4196	0.1794	0.3128	0.2685	0.0443	0.2862	0.1511	0.1350	0.0084	0.0068	0.0121	0.0033	0.0030	0.0144	0.0258	0.0164	0.0243	1.6067	2.2393	0.1266	2.5329	2.8856	0.3969	0.5942	1.0912	0.0378
15	65	0.5621	7	0	1	1	0	0	0	0	0	N	N	N	N	N	N	N	N	N	N	N	N	21.0846	17.2158	0.0008	26.9832	22.8481	0.0123	125.1852	105.1790	0.0001	4.1279	4.6357	0.0000	7.9969	8.4356	0.0000	1.7529	2.0499	0.0000	0.1958	0.2693	0.0040	0.2964	0.3692	0.0011	0.0140	0.0195	0.0064	0.0000	0.0056	-0.2729	-0.0600	10.3367	1.7555	13.9008	11.9300	0.6187	0.6187	0.0000	0.4559	0.4559	0.0000	0.1628	0.1628	0.0000	0.1325	0.1318	0.0007	0.1292	0.1291	0.0001	0.0034	0.0027	0.0007	0.1499	0.1335	0.0164	0.0570	0.0540	0.0030	0.0929	0.0794	0.0135	0.6770	0.4895	0.1875	0.4358	0.3496	0.0862	0.2412	0.1399	0.1013	21.0846	17.2158	0.0008	26.9832	22.8481	0.0123	125.1852	105.1790	0.0001	0.1958	0.2693	0.0040	0.2964	0.3692	0.0011	0.0140	0.0195	0.0064
15	66	0.5411	9	1	1	2	0	0	0	0	0	N	N	Y	N	N	N	N	N	N	N	N	N	0.0000	0.0000	0.0000	0.0000	0.0000	0.0000	0.0000	0.0000	0.0000	0.0000	0.0000	0.0000	0.0000	0.0000	0.0000	0.0000	0.0000	0.0000	0.0000	0.0000	10.3367	0.0000	13.9008	0.0000	0.0000	0.0000	0.0000	0.0000	0.0000	0.0000	0.0000	0.0000	0.0000	0.0000	0.0000	0.0000	0.0000	0.0000	0.0000	0.0000	0.0000	0.0000	0.0000	0.0000	0.0000	0.0000	0.0000	0.0000	0.0000	0.0000	0.0000	0.0000	0.0000	0.0000	0.0000	0.0000	0.0000	0.0000	0.0000	0.0000	0.0000	0.0000	0.0000	0.0000	0.0000	0.0000	0.0000	0.0000	0.0000	0.0000	0.0000	0.0000	0.0000	0.0000	0.0000	0.0000	0.0000	0.0000											
15	67	0.4788	8	1	1	2	0	0	0	0	0	N	N	Y	N	N	N	N	N	N	N	N	N	3.3554	2.4860	3.2258	3.0265	0.0000	0.0000	0.0764	0.0858	0.0000	0.2187	0.2292	0.0000	0.0000	0.0000	0.0000	0.0228	0.0345	0.0000	0.0678	0.0757	0.0000	0.0004	0.0007	0.0000	0.0000	0.0000	-0.0040	-0.0021	10.3367	1.0000	13.9008	3.0000	0.0091	0.0091	0.0000	0.0091	0.0091	0.0000	0.0000	0.0000	0.0000	0.0047	0.0047	0.0000	0.0046	0.0046	0.0000	0.0001	0.0001	0.0000	0.1192	0.1062	0.0130	0.0417	0.0397	0.0019	0.0776	0.0665	0.0111	0.2047	0.1351	0.0696	0.0680	0.0609	0.0071	0.1367	0.0742	0.0625	3.3554	2.4860	0.0000	3.2258	3.0265	0.0000	0.0000	0.0000	0.0000	0.0228	0.0345	0.0000	0.0678	0.0757	0.0000	0.0004	0.0007	0.0000			
15	68	0.5411	9	1	1	2	0	0	0	0	0	N	N	Y	N	N	N	N	N	N	N	N	N	inf	inf	inf	inf	inf	inf	9.6446	0.0000	79.4604	13.1072	0.0000	213.0135	8.1356	0.0000	55.1741	0.0000	0.0000	0.0000	0.0000	0.0000	0.0000	0.0000	0.0000	0.0000	inf	0.3893	0.0000	10.3367	1.0000	13.9008	0.0000	0.6966	0.0000	0.6966	0.2873	0.0000	0.2873	0.4093	0.0000	0.4093	0.0000	0.0000	0.0000	0.0000	0.0000	0.0000	0.0000	0.0000	0.0000	0.0722	0.0635	0.0088	0.0219	0.0206	0.0013	0.0503	0.0429	0.0074	0.0388	0.0269	0.0119	0.0200	0.0168	0.0033	0.0188	0.0102	0.0086	inf	0.0000	inf	inf	0.0000	inf	inf	0.0000	inf	0.0000	0.0000	0.0000	0.0000	0.0000	0.0000	0.0000	0.0000	0.0000				
15	69	0.5247	8	1	1	2	0	0	0	0	0	N	N	Y	N	N	N	N	N	N	N	N	N	0.0000	0.0000	0.0000	0.0000	0.0000	0.0000	0.0000	0.0000	0.0000	0.0000	0.0000	0.0000	0.0000	0.0000	0.0000	0.0000	0.0000	0.0000	3.2358	4.5581	0.1653	2.3226	2.6777	0.4326	4.2254	7.7103	0.0648	inf	0.0156	0.0000	-0.3857	10.3367	1.0155	13.9008	5.9708	0.0000	0.0000	0.0000	0.0000	0.0000	0.0000	0.0000	0.0000	0.0000	0.8707	0.8574	0.0134	0.3250	0.3155	0.0096	0.5457	0.5419	0.0038	0.0733	0.0644	0.0089	0.0223	0.0209	0.0014	0.0511	0.0435	0.0075	0.2691	0.1881	0.0810	0.1399	0.1178	0.0221	0.1291	0.0703	0.0589	0.0000	0.0000	0.0000	0.0000	0.0000	0.0000	0.0000	0.0000	0.0000	3.2358	4.5581	0.1653	2.3226	2.6777	0.4326	4.2254	7.7103	0.0648
15	70	0.5199	7	1	0	2	0	0	0	0	0	N	N	Y	N	N	N	N	N	N	N	N	N	0.0002	0.0000	0.0025	0.0003	0.0001	0.0051	0.0003	0.0000	0.0018	0.0000	0.0000	0.0002	0.0001	0.0000	0.0012	0.0000	0.0000	0.0001	0.1278	0.1439	0.0914	0.2122	0.2094	0.2274	0.0319	0.0248	0.0398	7.6526	0.2801	0.0000	-0.0034	10.3367	0.0406	13.9008	2.3361	0.0000	0.0000	0.0000	0.0000	0.0000	0.0000	0.0000	0.0000	0.0000	0.0141	0.0110	0.0031	0.0124	0.0103	0.0021	0.0016	0.0007	0.0010	0.0033	0.0029	0.0004	0.0011	0.0010	0.0001	0.0022	0.0019	0.0003	0.1101	0.0764	0.0337	0.0585	0.0493	0.0093	0.0515	0.0271	0.0244	0.0002	0.0000	0.0025	0.0003	0.0001	0.0051	0.0003	0.0000	0.0018	0.1278	0.1439	0.0914	0.2122	0.2094	0.2274	0.0319	0.0248	0.0398
15	71	0.4788	8	1	1	2	0	0	0	0	0	N	N	Y	N	N	N	N	N	N	N	N	N	0.0000	0.0000	0.0000	0.0000	0.0000	0.0000	0.0000	0.0000	0.0000	0.0000	0.0000	0.0000	0.0000	0.0000	0.0000	0.0000	0.0000	0.0000	0.0000	0.0000	10.3367	0.0000	13.9008	0.0000	0.0000	0.0000	0.0000	0.0000	0.0000	0.0000	0.0000	0.0000	0.0000	0.0000	0.0000	0.0000	0.0000	0.0000	0.0000	0.0000	0.0000	0.0000	0.0000	0.0000	0.0000	0.0000	0.0000	0.0000	0.0000	0.0000	0.0000	0.0000	0.0000	0.0000	0.0000	0.0000	0.0000	0.0000	0.0000	0.0000	0.0000	0.0000	0.0000	0.0000	0.0000	0.0000	0.0000	0.0000	0.0000	0.0000	0.0000	0.0000	0.0000	0.0000	0.0000	0.0000	0.0000	0.0000											
15	72	0.4607	7	1	1	2	0	0	0	0	0	N	N	Y	N	N	N	N	N	N	N	N	N	424.2906	0.1201	21538.5223	34.8133	0.0906	2745.4234	13441.4028	14.0897	34992.7336	1.3077	0.0005	8.6307	0.3067	0.0009	3.7721	1.9206	0.0003	9.8713	0.0031	0.0045	0.0004	0.0088	0.0097	0.0014	0.0001	0.0000	0.0003	2851.0813	0.0470	0.3973	-0.0004	10.3367	3.9057	13.9008	1.1104	0.7113	0.0002	0.7111	0.0634	0.0002	0.0632	0.6479	0.0001	0.6479	0.0008	0.0008	0.0000	0.0008	0.0008	0.0000	0.0000	0.0000	0.0000	0.5440	0.4616	0.0824	0.2066	0.1899	0.0168	0.3374	0.2717	0.0656	0.2751	0.1800	0.0951	0.0933	0.0829	0.0103	0.1818	0.0971	0.0847	424.2906	0.1201	21538.5223	34.8133	0.0906	2745.4234	13441.4028	14.0897	34992.7336	0.0031	0.0045	0.0004	0.0088	0.0097	0.0014	0.0001	0.0000	0.0003
15	73	0.2580	5	1	1	1	0	0	0	0	0	N	N	N	N	N	N	N	N	N	N	N	N	0.0513	0.0448	0.0000	0.0125	0.0132	0.0001	0.5793	21.1887	0.0000	0.0020	0.0025	0.0000	0.0010	0.0012	0.0000	0.0030	0.0040	0.0000	0.0388	0.0550	0.0086	0.0830	0.0896	0.0045	0.0051	0.0002	0.0090	0.0000	0.0837	-0.0013	-0.0256	10.3367	6.9070	13.9008	16.5673	0.0030	0.0030	0.0000	0.0008	0.0008	0.0000	0.0022	0.0022	0.0000	0.0672	0.0620	0.0052	0.0622	0.0620	0.0003	0.0050	0.0001	0.0049	1.4830	1.2003	0.2827	0.7426	0.6484	0.0942	0.7404	0.5519	0.1885	1.7324	1.1279	0.6046	0.7497	0.6911	0.0586	0.9827	0.4368	0.5459	0.0513	0.0448	0.0000	0.0125	0.0132	0.0001	0.5793	21.1887	0.0000	0.0388	0.0550	0.0086	0.0830	0.0896	0.0045	0.0051	0.0002	0.0090
15	74	0.2612	5	0	1	1	1	0	0	0	0	N	N	N	N	N	N	N	N	N	N	N	N	0.0078	0.0085	0.0002	0.0637	0.0661	0.0001	0.0043	0.0036	0.0002	0.0100	0.0115	0.0003	0.0156	0.0168	0.0000	0.0083	0.0098	0.0003	1.2774	1.3658	1.1138	0.2451	0.2545	0.1227	1.9312	2.7514	1.1983	0.0036	0.4407	-0.0023	-0.2601	10.3367	6.4226	13.9008	19.3377	0.0053	0.0052	0.0000	0.0019	0.0019	0.0000	0.0034	0.0034	0.0000	1.7060	1.1841	0.5219	0.1270	0.1224	0.0045	1.5791	1.0617	0.5174	0.5268	0.4546	0.0722	0.1206	0.1118	0.0088	0.4062	0.3428	0.0634	1.3356	0.8670	0.4686	0.5179	0.4811	0.0368	0.8176	0.3859	0.4318	0.0078	0.0085	0.0002	0.0637	0.0661	0.0001	0.0043	0.0036	0.0002	1.2774	1.3658	1.1138	0.2451	0.2545	0.1227	1.9312	2.7514	1.1983
15	75	0.2160	4	0	0	1	1	0	0	0	0	N	N	N	N	N	N	N	N	N	N	N	N	0.0925	0.0551	0.6486	0.1142	0.1167	0.0069	0.2788	0.1602	1.0257	0.0580	0.0477	0.1297	0.1625	0.1712	0.0060	0.0233	0.0020	0.1441	0.6268	0.8656	0.1999	1.4231	1.4671	0.8623	0.0835	0.0128	0.1405	0.3894	0.1292	-0.0046	-0.3697	10.3367	5.1932	13.9008	17.4397	0.0284	0.0205	0.0080	0.0199	0.0198	0.0000	0.0086	0.0006	0.0079	1.0748	0.9518	0.1230	0.9897	0.9460	0.0437	0.0851	0.0058	0.0793	0.4903	0.4289	0.0614	0.1222	0.1158	0.0064	0.3681	0.3131	0.0550	1.7147	1.0996	0.6150	0.6954	0.6448	0.0506	1.0192	0.4548	0.5644	0.0925	0.0551	0.6486	0.1142	0.1167	0.0069	0.2788	0.1602	1.0257	0.6268	0.8656	0.1999	1.4231	1.4671	0.8623	0.0835	0.0128	0.1405
15	76	0.1790	3	0	0	1	0	0	0	0	0	N	N	N	N	N	N	N	N	N	N	N	N	1.1879	1.4869	0.0648	0.5625	0.6900	0.0013	2.7182	226.6137	0.1093	0.5103	0.6656	0.0258	0.4014	0.4994	0.0007	0.6127	0.8413	0.0420	0.4296	0.4476	0.3986	0.7135	0.7237	0.5712	0.2254	0.0037	0.3844	0.0124	0.5155	-0.2081	-0.1044	10.3367	4.4918	13.9008	17.5337	0.4853	0.4793	0.0060	0.1848	0.1848	0.0001	0.3004	0.2945	0.0059	0.8831	0.5827	0.3004	0.6136	0.5809	0.0327	0.2695	0.0019	0.2676	0.9508	0.7201	0.2307	0.4605	0.3700	0.0905	0.4903	0.3501	0.1402	2.0554	1.3018	0.7536	0.8600	0.8026	0.0573	1.1955	0.4992	0.6963	1.1879	1.4869	0.0648	0.5625	0.6900	0.0013	2.7182	226.6137	0.1093	0.4296	0.4476	0.3986	0.7135	0.7237	0.5712	0.2254	0.0037	0.3844
15	77	0.5356	8	0	0	1	1	0	0	0	0	N	N	N	N	N	N	N	N	N	N	N	N	0.0000	0.0000	0.0000	0.0000	0.0000	0.0000	0.0000	0.0000	0.0000	0.0000	0.0000	0.0000	0.0000	0.0000	0.0000	0.0000	0.0000	0.0000	0.0509	0.0662	0.0140	0.0871	0.0967	0.0300	0.0038	0.0001	0.0078	0.0873	0.0000	-0.0109	10.3367	0.3745	13.9008	14.7996	0.0000	0.0000	0.0000	0.0000	0.0000	0.0000	0.0000	0.0000	0.0000	0.0289	0.0265	0.0023	0.0279	0.0265	0.0014	0.0009	0.0000	0.0009	0.0257	0.0226	0.0031	0.0088	0.0082	0.0006	0.0170	0.0144	0.0026	0.5669	0.4007	0.1661	0.3205	0.2743	0.0462	0.2464	0.1264	0.1200	0.0000	0.0000	0.0000	0.0000	0.0000	0.0000	0.0000	0.0000	0.0000	0.0509	0.0662	0.0140	0.0871	0.0967	0.0300	0.0038	0.0001	0.0078	
15	78	0.5133	7	0	0	1	1	0	0	0	0	N	N	N	N	N	N	N	N	N	N	N	N	0.0003	0.0002	0.0000	0.0005	0.0005	0.0000	0.0000	0.0000	0.0000	0.0000	0.0000	0.0000	0.0000	0.0000	0.0000	0.0000	0.0000	0.0000	0.0211	0.0270	0.0067	0.0317	0.0362	0.0049	0.0073	0.0072	0.0074	0.0000	0.1005	-0.0000	-0.0039	10.3367	1.4595	13.9008	10.3922	0.0000	0.0000	0.0000	0.0000	0.0000	0.0000	0.0000	0.0000	0.0000	0.0105	0.0096	0.0010	0.0089	0.0087	0.0002	0.0016	0.0008	0.0008	0.0998	0.0876	0.0122	0.0340	0.0317	0.0023	0.0658	0.0559	0.0099	0.4972	0.3544	0.1427	0.2821	0.2419	0.0402	0.2150	0.1125	0.1025	0.0003	0.0002	0.0000	0.0005	0.0005	0.0000	0.0000	0.0000	0.0000	0.0211	0.0270	0.0067	0.0317	0.0362	0.0049	0.0073	0.0072	0.0074
15	79	0.4992	6	0	0	1	1	0	0	0	0	N	N	N	N	N	N	N	N	N	N	N	N	0.0314	0.0675	0.0007	0.1296	0.1389	0.0109	0.0000	0.0000	0.0000	0.0010	0.0011	0.0000	0.0029	0.0031	0.0003	0.0000	0.0000	0.0000	0.0316	0.0167	0.0718	0.0223	0.0222	0.0231	0.0438	0.0051	0.0920	0.0060	1.5985	-0.0000	0.0019	10.3367	1.3861	13.9008	6.3168	0.0001	0.0001	0.0000	0.0001	0.0001	0.0000	0.0000	0.0000	0.0000	0.0120	0.0046	0.0074	0.0048	0.0042	0.0007	0.0071	0.0005	0.0067	0.0956	0.0839	0.0117	0.0328	0.0305	0.0022	0.0628	0.0533	0.0095	0.3801	0.2773	0.1028	0.2169	0.1868	0.0301	0.1632	0.0905	0.0727	0.0314	0.0675	0.0007	0.1296	0.1389	0.0109	0.0000	0.0000	0.0000	0.0316	0.0167	0.0718	0.0223	0.0222	0.0231	0.0438	0.0051	0.0920
15	80	0.4397	5	0	0	1	1	0	0	0	0	N	N	N	N	N	N	N	N	N	N	N	N	5.0033	4.4373	0.0000	13.5770	13.4250	0.0000	0.0000	0.0000	0.0000	0.2206	0.2519	0.0000	0.7999	0.8494	0.0000	0.0000	0.0000	0.0000	0.0441	0.0568	0.0147	0.0589	0.0633	0.0332	0.0281	0.0454	0.0085	0.0000	0.1112	-0.0249	-0.0141	10.3367	4.0043	13.9008	19.8631	0.0564	0.0564	0.0000	0.0564	0.0564	0.0000	0.0000	0.0000	0.0000	0.0395	0.0355	0.0040	0.0274	0.0252	0.0022	0.0121	0.0103	0.0017	0.2556	0.2238	0.0317	0.0705	0.0664	0.0041	0.1851	0.1575	0.0276	0.8954	0.6259	0.2695	0.4656	0.3982	0.0673	0.4299	0.2277	0.2022	5.0033	4.4373	0.0000	13.5770	13.4250	0.0000	0.0000	0.0000	0.0000	0.0441	0.0568	0.0147	0.0589	0.0633	0.0332	0.0281	0.0454	0.0085
15	81	0.4134	7	0	1	2	0	0	0	0	0	N	N	Y	N	N	N	N	N	N	N	N	N	1140.2280	0.0022	38984.0223	0.0907	0.0022	2.5145	29430.8008	0.1379	83173.3615	2.9538	0.0000	20.6780	0.0006	0.0000	0.0058	5.1839	0.0000	30.4004	0.0026	0.0036	0.0005	0.0070	0.0074	0.0023	0.0002	0.0000	0.0004	430912.3749	0.0726	0.5576	-0.0005	10.3367	2.0162	13.9008	4.5500	0.9977	0.0000	0.9977	0.0001	0.0000	0.0001	0.9976	0.0000	0.9976	0.0012	0.0011	0.0001	0.0011	0.0011	0.0000	0.0001	0.0000	0.0000	0.3378	0.2895	0.0482	0.1453	0.1299	0.0154	0.1924	0.1596	0.0328	0.4482	0.3001	0.1481	0.1585	0.1460	0.0125	0.2897	0.1540	0.1357	1140.2280	0.0022	38984.0223	0.0907	0.0022	2.5145	29430.8008	0.1379	83173.3615	0.0026	0.0036	0.0005	0.0070	0.0074	0.0023	0.0002	0.0000	0.0004
15	82	0.5477	9	0	1	2	0	0	0	0	0	N	N	Y	N	N	N	N	N	N	N	N	N	0.0150	0.0121	0.0000	0.0215	0.0178	0.0000	0.5556	0.4104	0.0000	0.0023	0.0026	0.0000	0.0056	0.0060	0.0000	0.0007	0.0008	0.0000	0.1546	0.2174	0.0001	0.2626	0.3373	0.0001	0.0012	0.0019	0.0001	0.0000	0.0002	-0.0002	-0.0302	10.3367	3.0011	13.9008	3.7015	0.0005	0.0005	0.0000	0.0004	0.0004	0.0000	0.0001	0.0001	0.0000	0.0658	0.0658	0.0000	0.0656	0.0656	0.0000	0.0002	0.0002	0.0000	0.2195	0.1931	0.0264	0.0725	0.0680	0.0045	0.1470	0.1251	0.0219	0.4256	0.3027	0.1229	0.2498	0.1945	0.0553	0.1758	0.1082	0.0676	0.0150	0.0121	0.0000	0.0215	0.0178	0.0000	0.5556	0.4104	0.0000	0.1546	0.2174	0.0001	0.2626	0.3373	0.0001	0.0012	0.0019	0.0001
15	83	0.5363	8	0	1	1	0	0	0	0	0	N	N	N	N	N	N	N	N	N	N	N	N	0.0109	0.0001	0.0603	0.0001	0.0001	0.0002	0.4647	0.0011	1.4635	0.0025	0.0000	0.0210	0.0000	0.0000	0.0001	0.0038	0.0000	0.0254	0.2312	0.1812	0.3479	0.3594	0.2662	0.6357	0.0081	0.0024	0.0174	234.6475	0.8214	0.0002	-0.0008	10.3367	2.0032	13.9008	4.2039	0.0004	0.0000	0.0004	0.0000	0.0000	0.0000	0.0004	0.0000	0.0004	0.1111	0.0610	0.0501	0.1096	0.0607	0.0489	0.0014	0.0003	0.0012	0.1473	0.1297	0.0176	0.0493	0.0462	0.0031	0.0980	0.0835	0.0145	0.4804	0.3364	0.1440	0.3050	0.2281	0.0770	0.1754	0.1083	0.0670	0.0109	0.0001	0.0603	0.0001	0.0001	0.0002	0.4647	0.0011	1.4635	0.2312	0.1812	0.3479	0.3594	0.2662	0.6357	0.0081	0.0024	0.0174
15	84	0.5331	8	1	0	2	0	0	0	0	0	N	N	Y	N	N	N	N	N	N	N	N	N	0.0138	0.4099	0.0000	0.3138	1.0641	0.0000	0.0000	0.0000	0.0000	0.0007	0.0008	0.0000	0.0020	0.0022	0.0000	0.0000	0.0000	0.0000	0.0491	0.0019	0.1545	0.0064	0.0020	0.0304	0.0937	0.0016	0.1976	0.0001	36.9679	-0.0000	0.0063	10.3367	1.0052	13.9008	4.9545	0.0000	0.0000	0.0000	0.0000	0.0000	0.0000	0.0000	0.0000	0.0000	0.0122	0.0003	0.0119	0.0008	0.0002	0.0006	0.0114	0.0001	0.0113	0.0741	0.0652	0.0088	0.0247	0.0232	0.0015	0.0493	0.0420	0.0073	0.2491	0.1721	0.0770	0.1274	0.1076	0.0198	0.1217	0.0645	0.0572	0.0138	0.4099	0.0000	0.3138	1.0641	0.0000	0.0000	0.0000	0.0000	0.0491	0.0019	0.1545	0.0064	0.0020	0.0304	0.0937	0.0016	0.1976
15	85	0.5137	7	1	0	2	0	0	0	0	0	N	N	Y	N	N	N	N	N	N	N	N	N	0.0000	0.0006	0.0000	0.0030	0.0050	0.0000	0.0000	0.0000	0.0000	0.0000	0.0000	0.0000	0.0001	0.0001	0.0000	0.0000	0.0000	0.0000	2.3003	0.0367	9.1683	0.0201	0.0126	0.0477	5.3785	0.0827	18.7551	0.0000	90.1060	-0.0000	0.4673	10.3367	0.9968	13.9008	7.6169	0.0000	0.0000	0.0000	0.0000	0.0000	0.0000	0.0000	0.0000	0.0000	0.8806	0.0097	0.8710	0.0044	0.0022	0.0022	0.8762	0.0075	0.8687	0.0739	0.0651	0.0088	0.0250	0.0235	0.0015	0.0489	0.0417	0.0072	0.3828	0.2634	0.1194	0.2199	0.1730	0.0469	0.1629	0.0904	0.0725	0.0000	0.0006	0.0000	0.0030	0.0050	0.0000	0.0000	0.0000	0.0000	2.3003	0.0367	7.2947	0.0201	0.0126	0.0477	5.3785	0.0827	11.9885
15	86	0.5337	6	1	1	1	0	0	0	0	0	N	N	N	N	N	N	N	N	N	N	N	N	0.0048	0.1713	0.0011	0.1530	0.2990	0.0325	0.0005	0.0055	0.0008	0.0168	0.0159	0.0236	0.0425	0.0428	0.0367	0.0037	0.0000	0.0218	3.5438	0.0925	22.2508	0.2777	0.1430	1.1307	6.8841	0.0048	27.2218	0.2159	54.6605	-0.0022	1.1461	10.3367	5.8060	13.9008	6.1034	0.0084	0.0069	0.0015	0.0072	0.0069	0.0003	0.0012	0.0000	0.0012	2.1887	0.0393	2.1494	0.0867	0.0386	0.0482	2.1020	0.0008	2.1012	0.4987	0.4355	0.0631	0.1690	0.1613	0.0077	0.3296	0.2742	0.0554	0.6176	0.4249	0.1927	0.3123	0.2697	0.0426	0.3053	0.1552	0.1501	0.0048	0.1713	0.0021	0.1530	0.2990	0.0325	0.0005	0.0055	0.0016	3.5438	0.0925	11.1549	0.2777	0.1430	1.1307	6.8841	0.0048	13.9987
15	87	0.4397	5	1	1	1	0	0	0	0	0	N	N	N	N	N	N	N	N	N	N	N	N	15.1985	24.7752	17.7789	62.1189	465.6807	0.1655	4.7234	0.0898	25.9099	2.9744	2.3139	7.6922	7.2771	7.7191	0.1172	1.3221	0.0203	8.8378	0.1957	0.0934	0.4327	0.1171	0.0166	0.7081	0.2799	0.2259	0.3411	0.4654	2.0001	-0.2800	0.0492	10.3367	12.2869	13.9008	21.7146	2.2669	1.5470	0.7200	1.5389	1.5375	0.0014	0.7280	0.0095	0.7185	0.2362	0.0787	0.1575	0.0731	0.0088	0.0643	0.1630	0.0699	0.0932	0.7621	0.6685	0.0936	0.2115	0.1992	0.0123	0.5507	0.4694	0.0813	1.2068	0.8429	0.3639	0.6243	0.5335	0.0908	0.5825	0.3094	0.2731	15.1985	24.7752	17.7789	62.1189	465.6807	0.1655	4.7234	0.0898	25.9099	0.1957	0.0934	0.4327	0.1171	0.0166	0.7081	0.2799	0.2259	0.3411
15	88	0.5363	8	0	1	1	0	0	0	0	0	N	N	N	N	N	N	N	N	N	N	N	N	0.0059	0.0399	0.0000	0.0281	0.0311	0.0000	0.0026	0.1794	0.0000	0.0072	0.0082	0.0000	0.0085	0.0091	0.0000	0.0066	0.0077	0.0000	1.2186	0.2056	3.5695	0.3029	0.2926	0.3387	2.5192	0.0431	6.0795	0.0000	7.4819	-0.0009	0.3697	10.3367	4.0005	13.9008	9.0093	0.0021	0.0021	0.0000	0.0008	0.0008	0.0000	0.0013	0.0013	0.0000	0.8724	0.1029	0.7695	0.1273	0.0953	0.0319	0.7451	0.0075	0.7376	0.2915	0.2568	0.0347	0.0973	0.0913	0.0061	0.1942	0.1655	0.0287	0.7159	0.5003	0.2156	0.4201	0.3258	0.0943	0.2958	0.1744	0.1213	0.0059	0.0399	0.0000	0.0281	0.0311	0.0000	0.0026	0.1794	0.0000	1.2186	0.2056	3.5695	0.3029	0.2926	0.3387	2.5192	0.0431	6.0795
15	89	0.5137	7	0	1	1	0	0	0	0	0	N	N	N	N	N	N	N	N	N	N	N	N	0.0001	0.0001	0.0001	0.0001	0.0001	0.0001	0.0004	0.0007	0.0001	0.0000	0.0000	0.0000	0.0001	0.0001	0.0000	0.0000	0.0000	0.0000	0.5347	0.7331	0.0929	0.9128	1.1161	0.1234	0.0472	0.0250	0.0748	0.0230	0.0569	-0.0000	-0.0954	10.3367	1.0051	13.9008	9.2650	0.0000	0.0000	0.0000	0.0000	0.0000	0.0000	0.0000	0.0000	0.0000	0.2359	0.2232	0.0127	0.2268	0.2206	0.0063	0.0091	0.0027	0.0064	0.0745	0.0657	0.0089	0.0252	0.0237	0.0015	0.0493	0.0420	0.0073	0.4412	0.3045	0.1367	0.2485	0.1976	0.0509	0.1927	0.1069	0.0858	0.0001	0.0001	0.0001	0.0001	0.0001	0.0001	0.0004	0.0007	0.0001	0.5347	0.7331	0.0929	0.9128	1.1161	0.1234	0.0472	0.0250	0.0748
15	90	0.5621	7	0	0	2	0	0	0	0	0	N	N	Y	N	N	N	N	N	N	N	N	N	0.0096	0.0061	0.1789	0.1819	0.2596	0.0168	0.0014	0.0000	1.1614	0.0126	0.0107	0.0275	0.0258	0.0270	0.0049	0.0048	0.0000	0.0324	1.3133	1.7512	0.1535	0.1417	0.1040	0.2911	3.4641	5.8158	0.0279	0.3236	0.0331	-0.0005	-0.3001	10.3367	2.3559	13.9008	7.1930	0.0024	0.0018	0.0006	0.0018	0.0018	0.0000	0.0006	0.0000	0.0006	0.7038	0.6813	0.0225	0.0492	0.0288	0.0204	0.6547	0.6525	0.0021	0.1908	0.1695	0.0214	0.0708	0.0670	0.0038	0.1200	0.1025	0.0175	0.5359	0.3891	0.1469	0.3469	0.2769	0.0701	0.1890	0.1122	0.0768	0.0096	0.0061	0.1789	0.1819	0.2596	0.0168	0.0014	0.0000	1.1614	1.3133	1.7512	0.1535	0.1417	0.1040	0.2911	3.4641	5.8158	0.0279
15	91	0.5293	6	0	0	1	0	0	0	0	0	N	N	N	N	N	N	N	N	N	N	N	N	0.0245	0.0198	0.0664	0.0689	0.0629	0.0296	0.0074	0.0032	0.0534	0.0069	0.0064	0.0108	0.0128	0.0133	0.0024	0.0034	0.0020	0.0124	0.2806	0.3255	0.1626	0.1854	0.2108	0.0806	0.4597	0.6282	0.2331	0.1910	0.1899	-0.0008	-0.1320	10.3367	4.9284	13.9008	11.0439	0.0030	0.0025	0.0005	0.0020	0.0020	0.0000	0.0009	0.0005	0.0005	0.4416	0.3712	0.0705	0.1905	0.1744	0.0162	0.2511	0.1968	0.0543	0.4290	0.3852	0.0439	0.1590	0.1518	0.0072	0.2700	0.2333	0.0367	1.5738	1.1404	0.4334	1.0276	0.8272	0.2005	0.5462	0.3133	0.2329	0.0245	0.0198	0.0664	0.0689	0.0629	0.0296	0.0074	0.0032	0.0534	0.2806	0.3255	0.1626	0.1854	0.2108	0.0806	0.4597	0.6282	0.2331
15	92	0.4397	5	0	0	1	0	0	0	0	0	N	N	N	N	N	N	N	N	N	N	N	N	0.0028	0.0048	0.0004	0.0123	0.0113	0.0077	0.0002	0.0009	0.0003	0.0061	0.0068	0.0014	0.0207	0.0219	0.0014	0.0006	0.0004	0.0014	2.1963	1.4028	4.0344	1.6851	1.9417	0.1772	2.7448	0.4725	5.3173	0.0298	1.2416	-0.0006	0.2477	10.3367	3.9161	13.9008	29.2065	0.0015	0.0015	0.0000	0.0014	0.0014	0.0000	0.0001	0.0001	0.0000	2.5933	1.1569	1.4364	1.0297	1.0140	0.0157	1.5636	0.1429	1.4206	0.2500	0.2190	0.0310	0.0690	0.0649	0.0040	0.1810	0.1540	0.0270	1.1807	0.8247	0.3560	0.6111	0.5222	0.0889	0.5697	0.3025	0.2672	0.0028	0.0048	0.0004	0.0123	0.0113	0.0077	0.0002	0.0009	0.0003	2.1963	1.4028	4.0344	1.6851	1.9417	0.1772	2.7448	0.4725	5.3173
15	93	0.4134	7	1	1	1	0	0	0	0	0	N	N	N	N	N	N	N	N	N	N	N	N	10.5996	9.9424	6.7260	2.2696	2.6305	0.0419	37.7702	48.7121	14.4787	0.1562	0.1706	0.0672	0.0745	0.0827	0.0020	0.2146	0.2386	0.0952	0.0147	0.0172	0.0100	0.0328	0.0314	0.0487	0.0057	0.0049	0.0066	0.0639	0.2977	-0.0234	-0.0021	10.3367	2.5103	13.9008	7.4742	0.0615	0.0578	0.0037	0.0123	0.0122	0.0000	0.0493	0.0456	0.0037	0.0090	0.0069	0.0021	0.0067	0.0059	0.0008	0.0023	0.0011	0.0012	0.3941	0.3391	0.0550	0.1645	0.1479	0.0166	0.2296	0.1912	0.0385	0.6092	0.4030	0.2061	0.2030	0.1863	0.0167	0.4062	0.2168	0.1894	10.5996	9.9424	6.7260	2.2696	2.6305	0.0419	37.7702	48.7121	14.4787	0.0147	0.0172	0.0100	0.0328	0.0314	0.0487	0.0057	0.0049	0.0066
15	94	0.3772	6	0	1	1	0	0	0	0	0	N	N	N	N	N	N	N	N	N	N	N	N	16.2934	17.4641	10.2486	11.1586	10.8457	15.7270	20.6964	34.0298	7.5335	0.1675	0.1759	0.1092	0.1823	0.1817	0.1894	0.1580	0.1720	0.0794	0.0103	0.0101	0.0107	0.0163	0.0167	0.0120	0.0076	0.0051	0.0105	0.0901	0.5786	-0.0578	-0.0005	10.3367	7.1305	13.9008	3.2426	0.1613	0.1480	0.0133	0.0684	0.0622	0.0063	0.0929	0.0858	0.0071	0.0055	0.0035	0.0020	0.0027	0.0025	0.0002	0.0029	0.0010	0.0019	0.9634	0.8413	0.1221	0.3753	0.3423	0.0331	0.5881	0.4990	0.0891	0.5373	0.3473	0.1900	0.1632	0.1491	0.0142	0.3741	0.1982	0.1759	16.2934	17.4641	10.2486	11.1586	10.8457	15.7270	20.6964	34.0298	7.5335	0.0103	0.0101	0.0107	0.0163	0.0167	0.0120	0.0076	0.0051	0.0105
15	95	0.5137	7	1	1	1	0	0	0	0	0	N	N	N	N	N	N	N	N	N	N	N	N	0.0052	0.0042	0.0000	0.0081	0.0072	0.0000	0.0000	0.0000	0.0000	0.0039	0.0044	0.0000	0.0117	0.0124	0.0000	0.0000	0.0000	0.0000	0.7459	1.0591	0.0195	1.4408	1.7149	0.0637	0.0027	0.0034	0.0019	0.0000	0.0079	-0.0010	-0.3702	10.3367	8.0000	13.9008	22.5660	0.0022	0.0022	0.0000	0.0022	0.0022	0.0000	0.0000	0.0000	0.0000	0.8218	0.8153	0.0065	0.8203	0.8143	0.0060	0.0015	0.0010	0.0005	0.5735	0.5056	0.0679	0.1912	0.1794	0.0118	0.3823	0.3262	0.0561	1.1018	0.7698	0.3320	0.5693	0.4748	0.0945	0.5324	0.2949	0.2375	0.0052	0.0042	0.0000	0.0081	0.0072	0.0000	0.0000	0.0000	0.0000	0.7459	1.0591	0.0195	1.4408	1.7149	0.0637	0.0027	0.0034	0.0019
15	96	0.4397	5	0	0	1	0	0	0	0	0	N	N	N	N	N	N	N	N	N	N	N	N	13.0266	6.5265	91.7343	0.5089	0.5100	0.5757	114.9140	48.0236	767.8342	2.0432	1.2228	7.9003	0.1426	0.1404	0.1781	2.7728	1.6820	9.0676	0.1568	0.1874	0.0861	0.2803	0.2753	0.3093	0.0241	0.0350	0.0118	0.9049	0.1983	0.0516	-0.0511	10.3367	11.9964	13.9008	18.8414	1.5219	0.7989	0.7229	0.0295	0.0273	0.0021	1.4924	0.7716	0.7208	0.1744	0.1456	0.0289	0.1615	0.1356	0.0259	0.0129	0.0100	0.0030	0.7449	0.6534	0.0915	0.2066	0.1946	0.0120	0.5382	0.4587	0.0795	1.1121	0.7769	0.3352	0.5762	0.4925	0.0837	0.5359	0.2844	0.2515	13.0266	6.5265	91.7343	0.5089	0.5100	0.5757	114.9140	48.0236	767.8342	0.1568	0.1874	0.0861	0.2803	0.2753	0.3093	0.0241	0.0350	0.0118
15	98	0.5442	9	1	1	2	0	0	0	0	0	N	N	Y	N	N	N	N	N	N	N	N	N	0.0000	0.0000	0.0000	0.0001	0.0001	0.0000	0.0000	0.0000	0.0000	0.0000	0.0000	0.0000	0.0000	0.0000	0.0000	0.0000	0.0000	0.0000	1.1968	1.6634	0.0146	0.5055	0.6112	0.0086	2.1891	3.8759	0.0180	0.0000	0.0035	-0.0000	-0.3608	10.3367	0.9502	13.9008	16.1595	0.0000	0.0000	0.0000	0.0000	0.0000	0.0000	0.0000	0.0000	0.0000	0.7931	0.7904	0.0027	0.1974	0.1968	0.0006	0.5957	0.5935	0.0021	0.0709	0.0627	0.0082	0.0263	0.0247	0.0016	0.0447	0.0380	0.0066	0.6627	0.4752	0.1875	0.3906	0.3220	0.0685	0.2721	0.1531	0.1190	0.0000	0.0000	0.0000	0.0001	0.0001	0.0000	0.0000	0.0000	0.0000	1.1968	1.6634	0.0146	0.5055	0.6112	0.0086	2.1891	3.8759	0.0180
15	99	0.4397	5	0	1	1	0	0	0	0	0	N	N	N	N	N	N	N	N	N	N	N	N	1.1095	11.2523	0.0010	11.5445	17.2796	0.0190	0.2373	106754.4107	0.0004	0.8590	0.9790	0.0023	2.2305	2.3676	0.0100	0.3324	0.3898	0.0011	0.7742	0.0870	2.3680	0.1932	0.1370	0.5244	1.4009	0.0000	2.9821	0.0003	11.7351	-0.2820	0.3636	10.3367	11.9964	13.9008	15.6499	0.6398	0.6396	0.0002	0.4609	0.4608	0.0001	0.1789	0.1788	0.0001	0.7852	0.0617	0.7235	0.1017	0.0617	0.0400	0.6835	0.0000	0.6835	0.7449	0.6534	0.0915	0.2066	0.1946	0.0120	0.5382	0.4587	0.0795	1.0143	0.7087	0.3056	0.5263	0.4500	0.0764	0.4879	0.2587	0.2292	1.1095	11.2523	0.0010	11.5445	17.2796	0.0190	0.2373	106754.4107	0.0004	0.7742	0.0870	2.3680	0.1932	0.1370	0.5244	1.4009	0.0000	2.9821
15	100	0.5472	10	1	0	2	0	0	0	0	0	N	N	Y	N	N	N	N	N	N	N	N	N	0.0536	0.0000	0.2207	0.2089	0.0000	57.8049	0.0005	0.0000	0.0015	0.1220	0.0000	1.0522	0.3268	0.0000	5.4294	0.0017	0.0000	0.0114	2.2780	1.2947	4.7664	1.5645	1.8819	0.0939	3.3181	0.0434	7.5317	inf	1.4548	0.0051	0.1754	10.3367	1.0008	13.9008	13.9255	0.0091	0.0000	0.0091	0.0090	0.0000	0.0090	0.0001	0.0000	0.0001	1.3065	0.5322	0.7743	0.5322	0.5265	0.0057	0.7743	0.0057	0.7686	0.0746	0.0660	0.0087	0.0276	0.0260	0.0017	0.0470	0.0400	0.0070	0.5735	0.4111	0.1624	0.3402	0.2798	0.0604	0.2334	0.1313	0.1020	0.0536	0.0000	0.2207	0.2089	0.0000	57.8049	0.0005	0.0000	0.0015	2.2780	1.2947	4.7664	1.5645	1.8819	0.0939	3.3181	0.0434	7.5317
15	101	0.5442	9	1	0	2	0	0	0	0	0	N	N	Y	N	N	N	N	N	N	N	N	N	0.0154	0.0107	0.0424	0.0726	0.0284	2.2469	0.0001	0.0000	0.0002	0.0006	0.0003	0.0031	0.0017	0.0008	0.0161	0.0000	0.0000	0.0000	0.0408	0.0284	0.0727	0.0231	0.0270	0.0072	0.0822	0.0331	0.1363	1.3314	1.0051	0.0000	0.0003	10.3367	0.0532	13.9008	2.0467	0.0000	0.0000	0.0000	0.0000	0.0000	0.0000	0.0000	0.0000	0.0000	0.0069	0.0034	0.0035	0.0027	0.0026	0.0002	0.0042	0.0009	0.0033	0.0041	0.0036	0.0005	0.0015	0.0014	0.0001	0.0025	0.0022	0.0004	0.1693	0.1216	0.0477	0.1184	0.0949	0.0235	0.0509	0.0267	0.0242	0.0154	0.0107	0.0424	0.0726	0.0284	2.2469	0.0001	0.0000	0.0002	0.0408	0.0284	0.0727	0.0231	0.0270	0.0072	0.0822	0.0331	0.1363
15	102	0.5345	8	1	0	2	0	0	0	0	0	N	N	Y	N	N	N	N	N	N	N	N	N	0.0008	0.0007	0.0014	0.0023	0.0015	0.0841	0.0000	0.0000	0.0000	0.0000	0.0000	0.0001	0.0001	0.0001	0.0003	0.0000	0.0000	0.0000	0.0370	0.0348	0.0428	0.0355	0.0426	0.0038	0.0393	0.0166	0.0692	0.3099	0.4730	-0.0000	-0.0015	10.3367	2.0948	13.9008	3.0326	0.0000	0.0000	0.0000	0.0000	0.0000	0.0000	0.0000	0.0000	0.0000	0.0107	0.0073	0.0035	0.0064	0.0063	0.0001	0.0044	0.0010	0.0033	0.1557	0.1376	0.0180	0.0573	0.0539	0.0034	0.0984	0.0837	0.0146	0.2906	0.2100	0.0806	0.1794	0.1469	0.0325	0.1112	0.0631	0.0481	0.0008	0.0007	0.0014	0.0023	0.0015	0.0841	0.0000	0.0000	0.0000	0.0370	0.0348	0.0428	0.0355	0.0426	0.0038	0.0393	0.0166	0.0692
15	103	0.5137	7	1	0	2	0	0	0	0	0	N	N	Y	N	N	N	N	N	N	N	N	N	0.9839	0.7689	0.0000	3.4595	2.9047	0.0000	0.0000	0.0000	0.0000	0.0390	0.0443	0.0000	0.1167	0.1244	0.0000	0.0000	0.0000	0.0000	0.0397	0.0576	0.0000	0.0337	0.0428	0.0000	0.0476	0.0858	0.0001	0.0000	0.0004	-0.0050	-0.0071	10.3367	3.9484	13.9008	4.8420	0.0112	0.0112	0.0000	0.0112	0.0112	0.0000	0.0000	0.0000	0.0000	0.0154	0.0154	0.0000	0.0075	0.0075	0.0000	0.0079	0.0079	0.0000	0.2878	0.2536	0.0342	0.0962	0.0903	0.0059	0.1916	0.1633	0.0283	0.3891	0.2678	0.1213	0.2230	0.1756	0.0474	0.1661	0.0922	0.0739	0.9839	0.7689	0.0000	3.4595	2.9047	0.0000	0.0000	0.0000	0.0000	0.0397	0.0576	0.0000	0.0337	0.0428	0.0000	0.0476	0.0858	0.0001
15	104	0.4721	6	0	1	1	0	0	0	0	0	N	N	N	N	N	N	N	N	N	N	N	N	0.0112	0.0093	0.0000	0.0027	0.0025	0.0000	0.1366	0.5915	0.0000	0.0076	0.0085	0.0000	0.0034	0.0036	0.0000	0.0101	0.0117	0.0000	0.6726	0.9107	0.1209	1.2679	1.4481	0.0725	0.0740	0.0199	0.1344	0.0000	0.0573	-0.0025	-0.3979	10.3367	8.9557	13.9008	32.3127	0.0057	0.0057	0.0000	0.0010	0.0010	0.0000	0.0047	0.0047	0.0000	0.9844	0.9311	0.0534	0.9304	0.9234	0.0070	0.0540	0.0076	0.0464	0.7498	0.6675	0.0823	0.2862	0.2685	0.0177	0.4636	0.3990	0.0646	1.4637	1.0223	0.4413	0.7338	0.6377	0.0961	0.7298	0.3846	0.3452	0.0112	0.0093	0.0000	0.0027	0.0025	0.0000	0.1366	0.5915	0.0000	0.6726	0.9107	0.1209	1.2679	1.4481	0.0725	0.0740	0.0199	0.1344
15	105	0.4975	7	0	0	2	0	0	0	0	0	N	N	Y	N	N	N	N	N	N	N	N	N	0.1996	0.1621	0.0000	0.0492	0.0452	0.0000	8.1629	37.7031	0.0000	0.0505	0.0583	0.0000	0.0243	0.0255	0.0000	0.0644	0.0785	0.0000	0.2529	0.3593	0.0118	0.4930	0.5640	0.0039	0.0079	0.0021	0.0139	0.0000	0.0145	-0.0082	-0.0588	10.3367	4.2679	13.9008	7.8415	0.0186	0.0186	0.0000	0.0031	0.0031	0.0000	0.0155	0.0155	0.0000	0.1324	0.1305	0.0019	0.1304	0.1302	0.0001	0.0020	0.0003	0.0018	0.3690	0.3197	0.0494	0.1280	0.1219	0.0062	0.2410	0.1978	0.0432	0.5236	0.3632	0.1604	0.2644	0.2309	0.0335	0.2592	0.1322	0.1269	0.1996	0.1621	0.0000	0.0492	0.0452	0.0000	8.1629	37.7031	0.0000	0.2529	0.3593	0.0118	0.4930	0.5640	0.0039	0.0079	0.0021	0.0139
15	106	0.4721	6	0	0	1	0	0	0	0	0	N	N	N	N	N	N	N	N	N	N	N	N	0.0025	0.0002	0.8020	0.0014	0.0003	0.3337	0.1278	0.0015	2.0740	0.0025	0.0003	0.0245	0.0025	0.0005	0.0325	0.0024	0.0000	0.0204	0.9668	1.3590	0.0305	1.8018	2.0587	0.0975	0.0190	0.0276	0.0098	8.3204	0.0094	0.0003	-0.2261	10.3367	1.9301	13.9008	9.0954	0.0007	0.0001	0.0006	0.0003	0.0001	0.0003	0.0003	0.0000	0.0003	0.5034	0.4987	0.0047	0.4988	0.4952	0.0035	0.0046	0.0035	0.0012	0.2721	0.2476	0.0244	0.1344	0.1262	0.0082	0.1377	0.1214	0.0162	0.5207	0.3670	0.1537	0.2768	0.2406	0.0363	0.2439	0.1264	0.1175	0.0025	0.0002	0.8020	0.0014	0.0003	0.3337	0.1278	0.0015	2.0740	0.9668	1.3590	0.0305	1.8018	2.0587	0.0975	0.0190	0.0276	0.0098
15	107	0.4397	5	0	0	1	0	0	0	0	0	N	N	N	N	N	N	N	N	N	N	N	N	0.0076	0.0059	0.0782	0.0129	0.0116	0.0697	0.0880	0.0538	0.2885	0.0022	0.0024	0.0010	0.0072	0.0075	0.0030	0.0003	0.0003	0.0007	0.2929	0.4126	0.0123	0.5569	0.6412	0.0431	0.0039	0.0054	0.0023	0.0567	0.0128	-0.0002	-0.0721	10.3367	3.9049	13.9008	9.6098	0.0006	0.0005	0.0000	0.0005	0.0005	0.0000	0.0001	0.0000	0.0000	0.1618	0.1598	0.0020	0.1608	0.1590	0.0018	0.0010	0.0007	0.0003	0.2493	0.2183	0.0310	0.0688	0.0648	0.0040	0.1805	0.1536	0.0269	0.5524	0.3872	0.1652	0.2887	0.2480	0.0407	0.2637	0.1392	0.1245	0.0076	0.0059	0.0782	0.0129	0.0116	0.0697	0.0880	0.0538	0.2885	0.2929	0.4126	0.0123	0.5569	0.6412	0.0431	0.0039	0.0054	0.0023
15	108	0.4609	7	0	1	1	0	0	0	0	0	N	N	N	N	N	N	N	N	N	N	N	N	1.6907	251.5994	0.0000	89.8117	585.9725	0.0000	0.0121	6.3563	0.0000	1.5185	1.7280	0.0000	4.8872	5.2061	0.0000	0.0206	0.0242	0.0000	0.8982	0.0069	2.9414	0.0544	0.0089	0.3346	1.7030	0.0038	3.6967	0.0000	186.8284	-0.3646	0.5530	10.3367	8.0392	13.9008	22.6195	0.8265	0.8265	0.0000	0.8188	0.8188	0.0000	0.0078	0.0078	0.0000	1.0312	0.0055	1.0257	0.0305	0.0043	0.0262	1.0007	0.0012	0.9995	0.5443	0.4783	0.0660	0.1675	0.1573	0.0103	0.3768	0.3210	0.0557	1.1481	0.7994	0.3487	0.5605	0.4822	0.0783	0.5876	0.3172	0.2704	1.6907	251.5994	0.0000	89.8117	585.9725	0.0000	0.0121	6.3563	0.0000	0.8982	0.0069	2.9414	0.0544	0.0089	0.3346	1.7030	0.0038	3.6967
15	109	0.4609	6	0	0	1	0	0	0	0	0	N	N	N	N	N	N	N	N	N	N	N	N	0.0002	0.0001	0.0003	0.0002	0.0003	0.0002	0.0004	0.0000	0.0012	0.0000	0.0000	0.0001	0.0000	0.0000	0.0002	0.0000	0.0000	0.0000	0.0926	0.0619	0.1893	0.1609	0.0988	0.6292	0.0152	0.0020	0.0364	1.0000	0.9728	0.0000	0.0007	10.3367	0.2031	13.9008	2.0398	0.0000	0.0000	0.0000	0.0000	0.0000	0.0000	0.0000	0.0000	0.0000	0.0189	0.0096	0.0093	0.0175	0.0095	0.0080	0.0015	0.0001	0.0013	0.0142	0.0124	0.0017	0.0043	0.0041	0.0003	0.0098	0.0083	0.0015	0.2043	0.1550	0.0493	0.1086	0.0959	0.0127	0.0957	0.0591	0.0366	0.0002	0.0001	0.0003	0.0002	0.0003	0.0002	0.0004	0.0000	0.0012	0.0926	0.0619	0.1893	0.1609	0.0988	0.6292	0.0152	0.0020	0.0364
15	110	0.4746	8	1	0	2	0	0	0	0	0	N	N	Y	N	N	N	N	N	N	N	N	N	4.6434	3.6378	7.4261	5.7038	0.0002	0.0002	0.0000	0.0005	0.0005	0.0000	0.0000	0.0000	0.0000	0.0000	0.0001	0.0000	0.0001	0.0001	0.0000	0.0000	0.0000	0.0000	0.0000	0.0000	-0.0000	-0.0000	10.3367	0.0001	13.9008	0.0001	0.0000	0.0000	0.0000	0.0000	0.0000	0.0000	0.0000	0.0000	0.0000	0.0000	0.0000	0.0000	0.0000	0.0000	0.0000	0.0000	0.0000	0.0000	0.0000	0.0000	0.0000	0.0000	0.0000	0.0000	0.0000	0.0000	0.0000	0.0004	0.0003	0.0001	0.0003	0.0002	0.0001	0.0001	0.0001	0.0000	4.6434	3.6378	0.0000	7.4261	5.7038	0.0000	0.0000	0.0000	0.0000	0.0000	0.0001	0.0000	0.0001	0.0001	0.0000	0.0000	0.0000	0.0000					
15	111	0.4607	7	1	0	2	0	0	0	0	0	N	N	Y	N	N	N	N	N	N	N	N	N	118.0929	105.7036	7.7128	145.0982	148.5122	0.0082	2.0046	0.5363	11.1787	0.4205	0.5128	0.0086	0.9729	1.0841	0.0000	0.0039	0.0015	0.0114	0.0036	0.0049	0.0011	0.0067	0.0073	0.0020	0.0019	0.0027	0.0010	0.0038	0.1221	-0.0559	-0.0003	10.3367	1.6718	13.9008	2.9223	0.1278	0.1273	0.0005	0.1271	0.1271	0.0000	0.0007	0.0002	0.0005	0.0009	0.0008	0.0001	0.0006	0.0006	0.0000	0.0003	0.0002	0.0001	0.3039	0.2482	0.0556	0.1306	0.1172	0.0134	0.1732	0.1310	0.0422	0.2553	0.1670	0.0883	0.0869	0.0772	0.0097	0.1684	0.0898	0.0786	118.0929	105.7036	7.7128	145.0982	148.5122	0.0082	2.0046	0.5363	11.1787	0.0036	0.0049	0.0011	0.0067	0.0073	0.0020	0.0019	0.0027	0.0010
15	112	0.3772	6	1	0	2	0	0	0	0	0	N	N	Y	N	N	N	N	N	N	N	N	N	252.3411	103.8572	18519.6991	77.6359	70.4806	4296.6916	5399.2756	2247.0765	22758.9624	1.4659	0.9151	5.4148	1.4544	1.4492	1.5182	1.4725	0.5844	6.5385	0.0058	0.0088	0.0003	0.0187	0.0206	0.0004	0.0003	0.0003	0.0003	0.8253	0.0181	0.0264	-0.0026	10.3367	14.0283	13.9008	7.1084	2.3934	1.3113	1.0821	0.8621	0.7942	0.0679	1.5313	0.5171	1.0142	0.0058	0.0057	0.0001	0.0056	0.0056	0.0000	0.0002	0.0001	0.0001	1.6327	1.4329	0.1998	0.5928	0.5480	0.0447	1.0400	0.8848	0.1551	1.0046	0.6506	0.3540	0.3013	0.2740	0.0273	0.7033	0.3765	0.3268	252.3411	103.8572	18519.6991	77.6359	70.4806	4296.6916	5399.2756	2247.0765	22758.9624	0.0058	0.0088	0.0003	0.0187	0.0206	0.0004	0.0003	0.0003	0.0003
15	113	0.3169	5	0	0	1	0	0	0	0	0	N	N	N	N	N	N	N	N	N	N	N	N	1.8029	1.3234	4.4417	0.4938	0.5035	2.4930	40.5685	195.1381	4.6093	0.5041	0.5671	0.1138	0.3626	0.3910	0.1176	0.6090	0.7071	0.1120	0.2796	0.4285	0.0256	0.7342	0.7765	0.0472	0.0150	0.0036	0.0243	0.0324	0.0350	-0.2163	-0.0862	10.3367	8.6129	13.9008	5.1709	0.5279	0.5114	0.0166	0.1616	0.1562	0.0054	0.3663	0.3552	0.0111	0.2031	0.1962	0.0069	0.1962	0.1955	0.0007	0.0069	0.0007	0.0061	1.0472	0.9018	0.1455	0.4458	0.3994	0.0463	0.6015	0.5023	0.0991	0.7264	0.4580	0.2685	0.2673	0.2517	0.0155	0.4592	0.2062	0.2530	1.8029	1.3234	4.4417	0.4938	0.5035	2.4930	40.5685	195.1381	4.6093	0.2796	0.4285	0.0256	0.7342	0.7765	0.0472	0.0150	0.0036	0.0243
15	114	0.2218	4	0	0	1	0	0	0	0	0	N	N	N	N	N	N	N	N	N	N	N	N	4.8246	5.4179	8.3161	2.8313	3.1354	0.2519	5.8095	273.4380	10.1923	1.0129	0.5847	3.2393	0.5708	0.6268	0.0568	1.2476	0.5596	4.0908	0.2099	0.1079	0.3895	0.2016	0.1999	0.2254	0.2147	0.0020	0.4014	1.0656	2.0507	0.1264	0.0976	10.3367	16.8607	13.9008	22.7724	1.6906	0.8184	0.8721	0.3304	0.3272	0.0032	1.3602	0.4913	0.8689	0.4562	0.1495	0.3067	0.1602	0.1482	0.0119	0.2960	0.0013	0.2947	1.6691	1.3999	0.2692	0.5788	0.5220	0.0568	1.0903	0.8779	0.2124	2.1730	1.3857	0.7873	0.7945	0.7415	0.0530	1.3785	0.6443	0.7343	4.8246	5.4179	8.3161	2.8313	3.1354	0.2519	5.8095	273.4380	10.1923	0.2099	0.1079	0.3895	0.2016	0.1999	0.2254	0.2147	0.0020	0.4014
15	115	0.5199	7	1	0	2	0	0	0	0	0	N	N	Y	N	N	N	N	N	N	N	N	N	0.0000	0.0000	0.0000	0.0000	0.0000	0.0000	0.0000	0.0000	0.0000	0.0000	0.0000	0.0000	0.0000	0.0000	0.0000	0.0000	0.0000	0.0000	12.4933	2.0045	55.6497	2.9419	3.1580	1.7927	15.2160	0.0005	64.9497	8.4615	5.2138	0.0000	0.6925	10.3367	1.0009	13.9008	4.0038	0.0000	0.0000	0.0000	0.0000	0.0000	0.0000	0.0000	0.0000	0.0000	1.8191	0.2928	1.5264	0.3240	0.2927	0.0313	1.4951	0.0000	1.4951	0.0726	0.0638	0.0088	0.0221	0.0208	0.0014	0.0505	0.0431	0.0075	0.2097	0.1460	0.0637	0.1101	0.0927	0.0174	0.0996	0.0534	0.0463	0.0000	0.0000	0.0000	0.0000	0.0000	0.0000	0.0000	0.0000	0.0000	8.6732	2.0045	23.9639	2.9419	3.1580	1.7927	15.0095	0.0005	32.3191
15	116	0.4916	6	1	0	2	0	0	0	0	0	N	N	Y	N	N	N	N	N	N	N	N	N	0.0175	0.0415	0.0265	0.0676	0.0341	0.5285	0.0067	0.2192	0.0067	0.0010	0.0006	0.0041	0.0015	0.0007	0.0188	0.0006	0.0005	0.0013	0.0556	0.0137	0.1540	0.0228	0.0206	0.0355	0.0905	0.0021	0.1957	0.9385	4.8086	0.0000	0.0104	10.3367	1.8441	13.9008	10.4794	0.0002	0.0001	0.0001	0.0001	0.0000	0.0001	0.0001	0.0000	0.0000	0.0282	0.0049	0.0233	0.0060	0.0046	0.0014	0.0222	0.0003	0.0219	0.1897	0.1678	0.0219	0.0745	0.0711	0.0035	0.1151	0.0967	0.0184	0.5066	0.3551	0.1515	0.2613	0.2219	0.0394	0.2453	0.1333	0.1121	0.0175	0.0415	0.0265	0.0676	0.0341	0.5285	0.0067	0.2192	0.0067	0.0556	0.0137	0.1540	0.0228	0.0206	0.0355	0.0905	0.0021	0.1957
15	117	0.2036	4	0	1	1	1	0	0	0	0	N	N	N	N	N	N	N	N	N	N	N	N	2.8017	3.7825	2.4231	1.2192	1.3534	0.0653	4.2622	2176.0638	3.3619	1.3149	1.2084	1.7575	0.6121	0.7045	0.0110	1.9040	1.6933	2.5534	0.4693	0.3195	0.7253	0.5021	0.5206	0.1678	0.4467	0.0008	0.7595	0.3501	1.3291	-0.4153	0.1286	10.3367	10.5071	13.9008	20.2622	2.2845	1.6921	0.5924	0.4850	0.4838	0.0012	1.7995	1.2083	0.5912	1.1449	0.4916	0.6533	0.4998	0.4911	0.0087	0.6451	0.0005	0.6446	1.7374	1.4003	0.3371	0.7923	0.6867	0.1055	0.9451	0.7135	0.2316	2.4395	1.5387	0.9008	0.9955	0.9434	0.0521	1.4440	0.5953	0.8487	2.8017	3.7825	2.4231	1.2192	1.3534	0.0653	4.2622	2176.0638	3.3619	0.4693	0.3195	0.7253	0.5021	0.5206	0.1678	0.4467	0.0008	0.7595
15	118	0.4397	5	0	1	1	1	0	0	0	0	N	N	N	N	N	N	N	N	N	N	N	N	0.0009	0.0007	0.0000	0.0037	0.0034	0.0000	0.0000	0.0000	0.0000	0.0009	0.0010	0.0000	0.0031	0.0033	0.0000	0.0000	0.0000	0.0000	0.9808	1.3864	0.0408	0.8367	0.9717	0.0423	1.1358	2.1048	0.0403	0.0000	0.0127	-0.0001	-0.4811	10.3367	4.0036	13.9008	26.5072	0.0002	0.0002	0.0000	0.0002	0.0002	0.0000	0.0000	0.0000	0.0000	1.0791	1.0655	0.0135	0.4770	0.4735	0.0035	0.6020	0.5920	0.0100	0.2550	0.2233	0.0317	0.0703	0.0662	0.0041	0.1846	0.1571	0.0276	1.1002	0.7686	0.3316	0.5702	0.4873	0.0828	0.5300	0.2813	0.2488	0.0009	0.0007	0.0000	0.0037	0.0034	0.0000	0.0000	0.0000	0.0000	0.9808	1.3864	0.0408	0.8367	0.9717	0.0423	1.1358	2.1048	0.0403
15	119	0.4782	6	0	1	1	0	0	0	0	0	N	N	N	N	N	N	N	N	N	N	N	N	0.0374	0.0434	0.0001	0.0748	0.0871	0.0004	0.0002	0.0003	0.0000	0.0026	0.0028	0.0000	0.0054	0.0056	0.0000	0.0000	0.0000	0.0000	0.0684	0.0652	0.0765	0.0722	0.0644	0.1172	0.0635	0.0667	0.0596	0.0004	0.4639	-0.0005	-0.0109	10.3367	3.8169	13.9008	21.2433	0.0010	0.0010	0.0000	0.0010	0.0010	0.0000	0.0000	0.0000	0.0000	0.0770	0.0526	0.0244	0.0454	0.0345	0.0110	0.0316	0.0182	0.0135	0.4071	0.3676	0.0395	0.1920	0.1849	0.0071	0.2151	0.1827	0.0324	1.1268	0.8075	0.3193	0.6286	0.5351	0.0935	0.4982	0.2724	0.2258	0.0374	0.0434	0.0001	0.0748	0.0871	0.0004	0.0002	0.0003	0.0000	0.0684	0.0652	0.0765	0.0722	0.0644	0.1172	0.0635	0.0667	0.0596
15	120	0.1964	4	0	1	1	0	0	0	0	0	N	N	N	N	N	N	N	N	N	N	N	N	1.8999	0.7719	8.7392	0.5961	0.6690	0.0414	3.0791	0.9821	11.9704	0.6918	0.3267	2.2652	0.2937	0.3461	0.0092	0.8966	0.3162	3.1435	0.3641	0.4233	0.2592	0.4928	0.5173	0.2215	0.2912	0.3219	0.2626	1.6083	0.3455	0.2116	-0.1999	10.3367	16.3276	13.9008	34.9199	1.2058	0.4623	0.7435	0.1740	0.1732	0.0008	1.0318	0.2891	0.7427	0.9913	0.7368	0.2545	0.4852	0.4671	0.0180	0.5062	0.2697	0.2365	1.7431	1.4149	0.3282	0.5924	0.5004	0.0920	1.1508	0.9145	0.2363	2.7228	1.7407	0.9821	0.9845	0.9031	0.0814	1.7383	0.8376	0.9007	1.8999	0.7719	8.7392	0.5961	0.6690	0.0414	3.0791	0.9821	11.9704	0.3641	0.4233	0.2592	0.4928	0.5173	0.2215	0.2912	0.3219	0.2626
15	121	0.1790	3	0	1	1	0	0	0	0	0	N	N	N	N	N	N	N	N	N	N	N	N	1.4882	2.6815	0.1745	1.5400	1.9774	0.0040	1.4225	29.2309	0.2769	0.6093	0.7584	0.1096	0.7060	0.8712	0.0029	0.5314	0.6588	0.1721	0.4094	0.2828	0.6281	0.4585	0.4406	0.7106	0.3736	0.0225	0.6213	0.0431	1.2854	-0.2609	0.0859	10.3367	6.1757	13.9008	14.5601	0.6526	0.6257	0.0270	0.3373	0.3370	0.0003	0.3153	0.2886	0.0267	0.8251	0.3610	0.4640	0.3902	0.3502	0.0400	0.4349	0.0109	0.4240	1.0711	0.8249	0.2462	0.4777	0.3869	0.0909	0.5934	0.4381	0.1553	2.0152	1.2764	0.7388	0.8511	0.7948	0.0564	1.1640	0.4816	0.6824	1.4882	2.6815	0.1745	1.5400	1.9774	0.0040	1.4225	29.2309	0.2769	0.4094	0.2828	0.6281	0.4585	0.4406	0.7106	0.3736	0.0225	0.6213
15	122	0.1260	2	0	0	1	0	0	0	0	0	N	N	N	N	N	N	N	N	N	N	N	N	1.0279	1.2281	0.0620	0.7244	0.8656	0.0055	1.4986	48.7288	0.1020	0.8079	1.0564	0.0420	0.9037	1.1103	0.0024	0.6924	0.9792	0.0702	0.7859	0.8602	0.6772	1.2475	1.2828	0.4306	0.4620	0.0201	0.6881	0.0129	0.5377	-0.7659	-0.2794	10.3367	7.5400	13.9008	21.4192	1.7879	1.7651	0.0227	1.0931	1.0925	0.0005	0.6948	0.6726	0.0222	2.5702	1.6715	0.8987	1.6825	1.6584	0.0241	0.8877	0.0131	0.8747	2.2131	1.6709	0.5422	1.2095	0.9840	0.2256	1.0035	0.6869	0.3166	3.2702	1.9431	1.3271	1.3487	1.2928	0.0559	1.9215	0.6503	1.2712	1.0279	1.2281	0.0620	0.7244	0.8656	0.0055	1.4986	48.7288	0.1020	0.7859	0.8602	0.6772	1.2475	1.2828	0.4306	0.4620	0.0201	0.6881
15	123	0.5137	7	0	1	1	0	0	0	0	0	N	N	N	N	N	N	N	N	N	N	N	N	0.0047	0.0097	0.0000	0.0077	0.0117	0.0000	0.0031	0.1019	0.0000	0.0001	0.0001	0.0000	0.0002	0.0002	0.0000	0.0001	0.0001	0.0000	0.0230	0.0127	0.0468	0.0287	0.0200	0.0703	0.0167	0.0006	0.0367	0.0000	1.6036	-0.0000	0.0032	10.3367	4.0019	13.9008	19.5615	0.0000	0.0000	0.0000	0.0000	0.0000	0.0000	0.0000	0.0000	0.0000	0.0203	0.0078	0.0125	0.0133	0.0077	0.0057	0.0070	0.0001	0.0069	0.2917	0.2570	0.0347	0.0975	0.0915	0.0060	0.1942	0.1655	0.0287	0.8848	0.6168	0.2680	0.4645	0.3841	0.0804	0.4203	0.2327	0.1876	0.0047	0.0097	0.0000	0.0077	0.0117	0.0000	0.0031	0.1019	0.0000	0.0230	0.0127	0.0468	0.0287	0.0200	0.0703	0.0167	0.0006	0.0367
15	124	0.4916	6	0	0	1	0	0	0	0	0	N	N	N	N	N	N	N	N	N	N	N	N	0.0044	0.0217	0.0000	0.0172	0.0207	0.0004	0.0024	0.0224	0.0000	0.0005	0.0006	0.0000	0.0006	0.0006	0.0000	0.0005	0.0006	0.0000	0.1244	0.0284	0.3497	0.0327	0.0282	0.0577	0.2233	0.0287	0.4532	0.0025	5.2468	-0.0000	0.0192	10.3367	1.2223	13.9008	8.2281	0.0001	0.0001	0.0000	0.0000	0.0000	0.0000	0.0000	0.0000	0.0000	0.0504	0.0081	0.0423	0.0069	0.0050	0.0018	0.0435	0.0030	0.0405	0.1450	0.1284	0.0165	0.0601	0.0575	0.0026	0.0849	0.0709	0.0139	0.4053	0.2842	0.1211	0.2103	0.1786	0.0317	0.1950	0.1056	0.0894	0.0044	0.0217	0.0000	0.0172	0.0207	0.0004	0.0024	0.0224	0.0000	0.1244	0.0284	0.3497	0.0327	0.0282	0.0577	0.2233	0.0287	0.4532
15	125	0.4397	5	0	0	1	0	0	0	0	0	N	N	N	N	N	N	N	N	N	N	N	N	0.0219	3.6808	0.0000	0.2112	2.0362	0.0000	0.0115	21.9587	0.0000	0.0538	0.0614	0.0000	0.0468	0.0497	0.0000	0.0564	0.0663	0.0000	2.4589	0.0167	11.6604	0.2216	0.0244	1.4014	4.8960	0.0030	14.0875	0.0000	209.6969	-0.0090	0.9424	10.3367	5.9920	13.9008	12.2976	0.0204	0.0204	0.0000	0.0049	0.0049	0.0000	0.0155	0.0155	0.0000	1.7553	0.0083	1.7470	0.0825	0.0078	0.0747	1.6728	0.0005	1.6723	0.3798	0.3328	0.0470	0.1049	0.0988	0.0061	0.2749	0.2340	0.0409	0.7139	0.4996	0.2143	0.3722	0.3189	0.0533	0.3417	0.1807	0.1610	0.0219	3.6808	0.0000	0.2112	2.0362	0.0000	0.0115	21.9587	0.0000	2.4589	0.0167	8.1516	0.2216	0.0244	1.4014	4.8960	0.0030	10.3866
15	126	0.4769	7	0	1	1	0	0	0	0	0	N	N	N	N	N	N	N	N	N	N	N	N	0.0231	0.0027	0.4431	0.0456	0.0155	0.2974	0.0144	0.0000	2.4691	0.0068	0.0010	0.0479	0.0103	0.0030	0.1248	0.0052	0.0000	0.0342	0.2929	0.3718	0.1080	0.2248	0.1931	0.4198	0.3598	0.6494	0.0138	6.7450	0.1240	0.0010	-0.0929	10.3367	5.0407	13.9008	17.1705	0.0024	0.0003	0.0021	0.0011	0.0003	0.0008	0.0013	0.0000	0.0013	0.2670	0.2375	0.0295	0.1016	0.0751	0.0266	0.1654	0.1625	0.0029	0.3516	0.3083	0.0432	0.1092	0.1027	0.0065	0.2423	0.2056	0.0367	0.9117	0.6389	0.2727	0.4520	0.3888	0.0633	0.4596	0.2502	0.2095	0.0231	0.0027	0.4431	0.0456	0.0155	0.2974	0.0144	0.0000	2.4691	0.2929	0.3718	0.1080	0.2248	0.1931	0.4198	0.3598	0.6494	0.0138
15	127	0.4609	6	0	1	1	0	0	0	0	0	N	N	N	N	N	N	N	N	N	N	N	N	0.0063	0.0001	0.0362	0.0047	0.0003	0.0220	0.0123	0.0000	0.1482	0.0004	0.0000	0.0029	0.0004	0.0000	0.0063	0.0003	0.0000	0.0023	0.0570	0.0478	0.0803	0.0855	0.0547	0.2873	0.0277	0.0371	0.0154	67.8799	0.6572	0.0000	-0.0015	10.3367	1.9703	13.9008	6.2034	0.0000	0.0000	0.0000	0.0000	0.0000	0.0000	0.0000	0.0000	0.0000	0.0238	0.0144	0.0094	0.0181	0.0100	0.0081	0.0057	0.0043	0.0014	0.1363	0.1197	0.0167	0.0419	0.0393	0.0026	0.0945	0.0804	0.0141	0.4178	0.3003	0.1175	0.2117	0.1836	0.0281	0.2061	0.1166	0.0895	0.0063	0.0001	0.0362	0.0047	0.0003	0.0220	0.0123	0.0000	0.1482	0.0570	0.0478	0.0803	0.0855	0.0547	0.2873	0.0277	0.0371	0.0154
15	128	0.4397	5	0	0	1	0	0	0	0	0	N	N	N	N	N	N	N	N	N	N	N	N	0.0000	0.0000	0.0001	0.0000	0.0000	0.0001	0.0000	0.0000	0.0001	0.0000	0.0000	0.0000	0.0000	0.0000	0.0000	0.0000	0.0000	0.0000	0.0990	0.0427	0.2325	0.1249	0.0610	0.5303	0.0705	0.0096	0.1383	inf	2.2994	0.0000	0.0092	10.3367	1.1032	13.9008	7.8190	0.0000	0.0000	0.0000	0.0000	0.0000	0.0000	0.0000	0.0000	0.0000	0.0388	0.0117	0.0270	0.0256	0.0108	0.0148	0.0132	0.0009	0.0122	0.0711	0.0623	0.0089	0.0196	0.0184	0.0011	0.0515	0.0438	0.0077	0.3916	0.2754	0.1162	0.2051	0.1771	0.0279	0.1865	0.0983	0.0882	0.0000	0.0000	0.0001	0.0000	0.0000	0.0001	0.0000	0.0000	0.0001	0.0990	0.0427	0.2325	0.1249	0.0610	0.5303	0.0705	0.0096	0.1383
15	132	0.5367	9	1	1	1	1	0	0	0	0	N	N	N	N	N	N	N	N	N	N	N	N	158.5074	0.0000	inf	155.2533	0.0000	inf	inf	inf	0.1041	0.0000	0.8431	0.1875	0.0000	3.0658	0.0705	0.0000	0.4741	0.0007	0.0009	0.0000	0.0012	0.0015	0.0000	0.0000	0.0000	0.0000	inf	0.0000	0.0041	-0.0000	10.3367	1.0000	13.9008	3.0001	0.0073	0.0000	0.0073	0.0038	0.0000	0.0038	0.0035	0.0000	0.0035	0.0001	0.0001	0.0000	0.0001	0.0001	0.0000	0.0000	0.0000	0.0000	0.0701	0.0614	0.0087	0.0202	0.0189	0.0012	0.0499	0.0425	0.0074	0.1522	0.1064	0.0459	0.0828	0.0684	0.0144	0.0694	0.0380	0.0314	158.5074	0.0000	inf	155.2533	0.0000	inf	inf	0.0000	inf	0.0007	0.0009	0.0000	0.0012	0.0015	0.0000	0.0000	0.0000	0.0000	
15	133	0.3687	9	1	1	1	1	0	0	0	0	N	N	N	N	N	N	N	N	N	N	N	N	0.3410	0.2631	0.0000	0.3573	0.3329	0.0000	0.0000	0.0000	0.0001	0.0001	0.0000	0.0003	0.0003	0.0000	0.0000	0.0000	0.0000	0.0003	0.0005	0.0000	0.0009	0.0010	0.0001	0.0000	0.0000	0.0000	0.0000	0.0188	-0.0000	-0.0000	10.3367	0.0006	13.9008	1.9797	0.0000	0.0000	0.0000	0.0000	0.0000	0.0000	0.0000	0.0000	0.0000	0.0000	0.0000	0.0000	0.0000	0.0000	0.0000	0.0000	0.0000	0.0000	0.0001	0.0000	0.0000	0.0000	0.0000	0.0000	0.0000	0.0000	0.0000	0.0683	0.0461	0.0222	0.0263	0.0230	0.0033	0.0420	0.0232	0.0189	0.3410	0.2631	0.0000	0.3573	0.3329	0.0000	0.0000	0.0000	0.0000	0.0003	0.0005	0.0000	0.0009	0.0010	0.0001	0.0000	0.0000	0.0000	
15	134	0.3520	8	1	1	1	1	0	0	0	0	N	N	N	N	N	N	N	N	N	N	N	N	0.0138	0.0108	0.0000	0.0151	0.0144	0.0000	0.0000	0.0000	0.0000	0.0013	0.0015	0.0000	0.0038	0.0041	0.0000	0.0000	0.0000	0.0000	0.0931	0.1353	0.0082	0.2529	0.2819	0.0506	0.0006	0.0000	0.0014	0.0000	0.0301	-0.0001	-0.0108	10.3367	2.0077	13.9008	6.0321	0.0002	0.0002	0.0000	0.0002	0.0002	0.0000	0.0000	0.0000	0.0000	0.0253	0.0245	0.0007	0.0252	0.0245	0.0006	0.0001	0.0000	0.0001	0.1554	0.1367	0.0187	0.0522	0.0492	0.0030	0.1031	0.0874	0.0157	0.2713	0.1814	0.0900	0.0995	0.0870	0.0124	0.1719	0.0943	0.0775	0.0138	0.0108	0.0000	0.0151	0.0144	0.0000	0.0000	0.0000	0.0000	0.0931	0.1353	0.0082	0.2529	0.2819	0.0506	0.0006	0.0000	0.0014
15	135	0.3472	8	0	1	1	1	0	0	0	0	N	N	N	N	N	N	N	N	N	N	N	N	0.0019	0.0000	2.4719	0.0073	0.0000	1.5219	0.0008	0.0000	12.0696	0.0002	0.0000	0.0018	0.0004	0.0000	0.0068	0.0001	0.0000	0.0008	0.1144	0.1713	0.0007	0.0535	0.0606	0.0045	0.1524	0.2831	0.0001	inf	0.0021	0.0000	-0.0242	10.3367	3.0348	13.9008	9.3583	0.0000	0.0000	0.0000	0.0000	0.0000	0.0000	0.0000	0.0000	0.0000	0.0531	0.0530	0.0001	0.0095	0.0094	0.0001	0.0436	0.0436	0.0000	0.2330	0.2049	0.0281	0.0771	0.0727	0.0044	0.1560	0.1322	0.0237	0.4644	0.3096	0.1548	0.1784	0.1557	0.0227	0.2860	0.1540	0.1320	0.0019	0.0000	2.4719	0.0073	0.0000	1.5219	0.0008	0.0000	12.0696	0.1144	0.1713	0.0007	0.0535	0.0606	0.0045	0.1524	0.2831	0.0001
15	136	0.3329	7	0	0	1	1	0	0	0	0	N	N	N	N	N	N	N	N	N	N	N	N	0.0007	0.0005	0.0026	0.0007	0.0006	0.0091	0.0000	0.0000	0.0008	0.0005	0.0005	0.0000	0.0012	0.0012	0.0002	0.0000	0.0000	0.0000	0.6780	1.0227	0.0095	1.6565	1.9445	0.0195	0.0692	0.1215	0.0074	0.0076	0.0048	-0.0000	-0.0766	10.3367	0.0433	13.9008	6.6805	0.0000	0.0000	0.0000	0.0000	0.0000	0.0000	0.0000	0.0000	0.0000	0.1690	0.1682	0.0008	0.1583	0.1581	0.0003	0.0106	0.0101	0.0005	0.0044	0.0038	0.0006	0.0017	0.0016	0.0001	0.0028	0.0022	0.0005	0.2492	0.1644	0.0848	0.0956	0.0813	0.0143	0.1536	0.0831	0.0705	0.0007	0.0005	0.0026	0.0007	0.0006	0.0091	0.0000	0.0000	0.0008	0.6780	1.0227	0.0095	1.6565	1.9445	0.0195	0.0692	0.1215	0.0074
15	137	0.5663	11	0	1	1	1	0	0	0	0	N	N	N	N	N	N	N	N	N	N	N	N	0.0000	0.0000	0.0000	0.0000	0.0000	0.0000	0.0000	0.0000	0.0000	0.0000	0.0000	0.0000	0.0000	0.0000	0.0000	0.0000	0.0000	0.0000	0.0000	0.0000	10.3367	0.0000	13.9008	0.0000	0.0000	0.0000	0.0000	0.0000	0.0000	0.0000	0.0000	0.0000	0.0000	0.0000	0.0000	0.0000	0.0000	0.0000	0.0000	0.0000	0.0000	0.0000	0.0000	0.0000	0.0000	0.0000	0.0000	0.0000	0.0000	0.0000	0.0000	0.0000	0.0000	0.0000	0.0000	0.0000	0.0000	0.0000	0.0000	0.0000	0.0000	0.0000	0.0000	0.0000	0.0000	0.0000	0.0000	0.0000	0.0000	0.0000	0.0000	0.0000	0.0000	0.0000	0.0000	0.0000	0.0000	0.0000											
15	138	0.5612	10	0	1	1	1	0	0	0	0	N	N	N	N	N	N	N	N	N	N	N	N	0.6436	0.4780	0.0000	0.4076	0.3526	0.0000	522.1143	inf	0.0000	0.0007	0.0007	0.0000	0.0008	0.0009	0.0000	0.0002	0.0002	0.0000	0.0011	0.0015	0.0000	0.0020	0.0024	0.0000	0.0000	0.0000	0.0000	0.0000	0.0002	-0.0000	-0.0000	10.3367	0.0021	13.9008	2.0000	0.0000	0.0000	0.0000	0.0000	0.0000	0.0000	0.0000	0.0000	0.0000	0.0001	0.0001	0.0000	0.0001	0.0001	0.0000	0.0000	0.0000	0.0000	0.0005	0.0005	0.0000	0.0004	0.0004	0.0000	0.0001	0.0001	0.0000	0.0751	0.0528	0.0223	0.0392	0.0330	0.0062	0.0359	0.0198	0.0161	0.6436	0.4780	0.0000	0.4076	0.3526	0.0000	522.1143	inf	0.0000	0.0011	0.0015	0.0000	0.0020	0.0024	0.0000	0.0000	0.0000	0.0000
15	139	0.5510	9	0	0	1	1	0	0	0	0	N	N	N	N	N	N	N	N	N	N	N	N	0.0023	0.0018	0.0083	0.0041	0.0037	0.0131	0.0024	0.0000	0.0078	0.0000	0.0000	0.0000	0.0000	0.0000	0.0000	0.0000	0.0000	0.0000	0.0024	0.0032	0.0005	0.0045	0.0052	0.0007	0.0002	0.0000	0.0004	0.1039	0.0688	-0.0000	-0.0001	10.3367	1.0020	13.9008	3.0181	0.0000	0.0000	0.0000	0.0000	0.0000	0.0000	0.0000	0.0000	0.0000	0.0004	0.0004	0.0000	0.0004	0.0003	0.0000	0.0000	0.0000	0.0000	0.0703	0.0616	0.0087	0.0199	0.0187	0.0012	0.0504	0.0429	0.0075	0.1558	0.1085	0.0473	0.0792	0.0667	0.0124	0.0767	0.0418	0.0349	0.0023	0.0018	0.0083	0.0041	0.0037	0.0131	0.0024	0.0000	0.0078	0.0024	0.0032	0.0005	0.0045	0.0052	0.0007	0.0002	0.0000	0.0004
15	140	0.5367	9	0	1	1	0	0	0	0	0	N	N	N	N	N	N	N	N	N	N	N	N	0.0000	0.0000	0.0000	0.0000	0.0000	0.0000	0.0000	0.0000	0.0000	0.0000	0.0000	0.0000	0.0000	0.0000	0.0000	0.0000	0.0000	0.0000	0.0000	0.0000	10.3367	0.0000	13.9008	4.0001	0.0000	0.0000	0.0000	0.0000	0.0000	0.0000	0.0000	0.0000	0.0000	0.0000	0.0000	0.0000	0.0000	0.0000	0.0000	0.0000	0.0000	0.0000	0.0000	0.0000	0.0000	0.0000	0.0000	0.0000	0.0000	0.0000	0.0000	0.1522	0.1064	0.0459	0.0828	0.0684	0.0144	0.0694	0.0380	0.0314	0.0000	0.0000	0.0000	0.0000	0.0000	0.0000	0.0000	0.0000	0.0000	0.0000	0.0000	0.0000	0.0000	0.0000	0.0000	0.0000	0.0000	0.0000											
15	141	0.3474	7	0	1	1	0	0	0	0	0	N	N	N	N	N	N	N	N	N	N	N	N	0.0640	0.1058	0.0000	0.1196	0.1415	0.0000	0.0000	0.0000	0.0000	0.0005	0.0006	0.0000	0.0015	0.0016	0.0000	0.0000	0.0000	0.0000	0.0080	0.0055	0.0131	0.0128	0.0115	0.0221	0.0053	0.0000	0.0117	0.0000	1.1671	-0.0000	0.0001	10.3367	1.0003	13.9008	5.0186	0.0000	0.0000	0.0000	0.0000	0.0000	0.0000	0.0000	0.0000	0.0000	0.0017	0.0008	0.0009	0.0010	0.0008	0.0002	0.0007	0.0000	0.0007	0.0779	0.0685	0.0094	0.0262	0.0247	0.0015	0.0516	0.0437	0.0079	0.2103	0.1410	0.0693	0.0774	0.0679	0.0095	0.1329	0.0731	0.0598	0.0640	0.1058	0.0000	0.1196	0.1415	0.0000	0.0000	0.0000	0.0000	0.0080	0.0055	0.0131	0.0128	0.0115	0.0221	0.0053	0.0000	0.0117
15	142	0.5510	9	0	0	2	1	0	0	0	0	N	N	Y	N	N	N	N	N	N	N	N	N	0.0006	0.0000	2.1736	0.0025	0.0000	5.8304	0.0004	0.0000	8.6950	0.0013	0.0000	0.0078	0.0009	0.0000	0.0691	0.0017	0.0000	0.0057	2.1946	3.1474	0.0036	0.3639	0.4294	0.0118	4.0736	7.4486	0.0007	inf	0.0005	0.0000	-0.3413	10.3367	0.0001	13.9008	9.0026	0.0000	0.0000	0.0000	0.0000	0.0000	0.0000	0.0000	0.0000	0.0000	0.7454	0.7450	0.0004	0.0626	0.0623	0.0003	0.6828	0.6827	0.0001	0.0000	0.0000	0.0000	0.0000	0.0000	0.0000	0.0000	0.0000	0.0000	0.3397	0.2367	0.1029	0.1720	0.1451	0.0270	0.1676	0.0917	0.0760	0.0006	0.0000	2.1736	0.0025	0.0000	5.8304	0.0004	0.0000	8.6950	2.1946	3.1474	0.0036	0.3639	0.4294	0.0118	4.0736	7.4486	0.0007
15	143	0.3329	7	0	0	2	1	0	0	0	0	N	N	Y	N	N	N	N	N	N	N	N	N	1.7113	1.3836	0.0000	17.2756	15.9700	0.0000	0.0000	0.0000	0.0000	0.0588	0.0670	0.0000	0.1772	0.1878	0.0000	0.0000	0.0000	0.0000	0.0344	0.0484	0.0074	0.0103	0.0118	0.0014	0.0489	0.0833	0.0086	0.0000	0.0796	-0.0040	-0.0047	10.3367	2.0061	13.9008	8.0425	0.0092	0.0092	0.0000	0.0092	0.0092	0.0000	0.0000	0.0000	0.0000	0.0123	0.0114	0.0009	0.0014	0.0014	0.0000	0.0109	0.0101	0.0009	0.1557	0.1368	0.0189	0.0517	0.0488	0.0029	0.1040	0.0880	0.0160	0.3582	0.2357	0.1225	0.1345	0.1150	0.0195	0.2237	0.1207	0.1030	1.7113	1.3836	0.0000	17.2756	15.9700	0.0000	0.0000	0.0000	0.0000	0.0344	0.0484	0.0074	0.0103	0.0118	0.0014	0.0489	0.0833	0.0086
15	144	0.3238	6	0	0	1	1	0	0	0	0	N	N	N	N	N	N	N	N	N	N	N	N	0.0009	0.0007	0.0024	0.0254	0.0207	0.0064	0.0000	0.0000	0.0020	0.0018	0.0020	0.0000	0.0050	0.0053	0.0001	0.0000	0.0000	0.0000	1.9379	2.7398	0.0049	0.1982	0.2564	0.0088	3.8281	5.9499	0.0021	0.0008	0.0007	-0.0001	-0.2470	10.3367	1.9550	13.9008	2.1189	0.0003	0.0003	0.0000	0.0003	0.0003	0.0000	0.0000	0.0000	0.0000	0.5397	0.5393	0.0004	0.0288	0.0285	0.0003	0.5110	0.5109	0.0001	0.1684	0.1481	0.0203	0.0584	0.0554	0.0030	0.1100	0.0927	0.0173	0.2785	0.1969	0.0817	0.1450	0.1110	0.0340	0.1335	0.0859	0.0476	0.0009	0.0007	0.0024	0.0254	0.0207	0.0064	0.0000	0.0000	0.0020	1.9379	2.7398	0.0049	0.1982	0.2564	0.0088	3.8281	5.9499	0.0021
15	145	0.3238	6	0	0	2	1	0	0	0	0	N	N	Y	N	N	N	N	N	N	N	N	N	28.0028	21.7497	0.2181	0.0071	0.0038	0.4853	36.8841	25.2652	0.1100	5.5008	6.2553	0.0017	0.0011	0.0007	0.0082	8.3996	9.9656	0.0006	0.1964	0.2876	0.0079	0.1494	0.1769	0.0170	0.2277	0.3944	0.0055	0.0000	0.0133	-0.4404	-0.0711	10.3367	2.1261	13.9008	18.6477	0.9984	0.9983	0.0000	0.0001	0.0000	0.0000	0.9983	0.9983	0.0000	0.1596	0.1575	0.0021	0.0485	0.0476	0.0009	0.1111	0.1099	0.0011	0.1815	0.1596	0.0219	0.0626	0.0594	0.0032	0.1189	0.1002	0.0187	0.8124	0.5476	0.2648	0.3247	0.2689	0.0557	0.4877	0.2787	0.2090	28.0028	21.7497	0.2181	0.0071	0.0038	0.4853	36.8841	25.2652	0.1100	0.1964	0.2876	0.0079	0.1494	0.1769	0.0170	0.2277	0.3944	0.0055
15	146	0.5510	9	0	0	2	1	0	0	0	0	N	N	Y	N	N	N	N	N	N	N	N	N	0.7531	0.6292	0.0010	1.4146	1.2713	0.0310	0.0002	0.0000	0.0006	0.0101	0.0115	0.0000	0.0356	0.0379	0.0000	0.0000	0.0000	0.0000	0.0134	0.0183	0.0021	0.0252	0.0298	0.0001	0.0013	0.0000	0.0028	0.0000	0.0501	-0.0006	-0.0017	10.3367	2.0001	13.9008	5.9880	0.0014	0.0014	0.0000	0.0014	0.0014	0.0000	0.0000	0.0000	0.0000	0.0041	0.0039	0.0002	0.0039	0.0039	0.0000	0.0002	0.0000	0.0002	0.1398	0.1225	0.0174	0.0396	0.0372	0.0024	0.1002	0.0853	0.0149	0.3028	0.2110	0.0918	0.1535	0.1294	0.0241	0.1493	0.0816	0.0677	0.7531	0.6292	0.0010	1.4146	1.2713	0.0310	0.0002	0.0000	0.0006	0.0134	0.0183	0.0021	0.0252	0.0298	0.0001	0.0013	0.0000	0.0028
15	147	0.5510	9	0	0	2	1	0	0	0	0	N	N	Y	N	N	N	N	N	N	N	N	N	0.0000	0.0000	0.0068	0.0000	0.0000	0.0103	0.0020	0.0000	0.0064	0.0000	0.0000	0.0000	0.0000	0.0000	0.0000	0.0000	0.0000	0.0000	0.6304	0.9026	0.0001	1.2578	1.4876	0.0001	0.0000	0.0000	0.0001	inf	0.0000	0.0000	-0.3191	10.3367	9.0001	13.9008	23.0169	0.0000	0.0000	0.0000	0.0000	0.0000	0.0000	0.0000	0.0000	0.0000	0.6961	0.6961	0.0000	0.6961	0.6961	0.0000	0.0000	0.0000	0.0000	0.6135	0.5380	0.0754	0.1745	0.1638	0.0106	0.4390	0.3742	0.0648	1.1043	0.7713	0.3331	0.5534	0.4679	0.0855	0.5509	0.3033	0.2476	0.0000	0.0000	0.0068	0.0000	0.0000	0.0103	0.0020	0.0000	0.0064	0.6304	0.9026	0.0001	1.2578	1.4876	0.0001	0.0000	0.0000	0.0001
15	148	0.5257	8	0	0	1	1	0	0	0	0	N	N	N	N	N	N	N	N	N	N	N	N	0.0327	0.0015	0.2482	0.0246	0.0032	0.3735	0.0733	0.0000	0.2477	0.0023	0.0001	0.0178	0.0025	0.0003	0.0365	0.0022	0.0000	0.0148	0.0702	0.0695	0.0719	0.1027	0.1037	0.0978	0.0300	0.0055	0.0596	24.8681	0.4414	0.0002	-0.0046	10.3367	1.9990	13.9008	7.9526	0.0003	0.0000	0.0003	0.0001	0.0000	0.0001	0.0002	0.0000	0.0002	0.0303	0.0211	0.0093	0.0245	0.0205	0.0041	0.0058	0.0006	0.0052	0.1402	0.1228	0.0173	0.0405	0.0380	0.0025	0.0997	0.0848	0.0149	0.4322	0.3029	0.1292	0.2390	0.1974	0.0417	0.1932	0.1056	0.0876	0.0327	0.0015	0.2482	0.0246	0.0032	0.3735	0.0733	0.0000	0.2477	0.0702	0.0695	0.0719	0.1027	0.1037	0.0978	0.0300	0.0055	0.0596
15	149	0.4938	7	1	1	1	0	0	0	0	0	N	N	N	N	N	N	N	N	N	N	N	N	25.1956	359.9905	0.0000	39.1590	545.2963	0.0000	29.0253	1335.6761	0.0000	1.6026	1.8253	0.0000	3.9247	4.1547	0.0000	0.6044	0.7116	0.0000	0.0636	0.0051	0.2126	0.1002	0.0076	0.6381	0.0208	0.0005	0.0466	0.0000	16.4746	-0.2732	0.0292	10.3367	5.3497	13.9008	17.2225	0.6193	0.6193	0.0000	0.4560	0.4560	0.0000	0.1634	0.1634	0.0000	0.0602	0.0034	0.0568	0.0511	0.0033	0.0478	0.0091	0.0001	0.0090	0.3865	0.3393	0.0472	0.1162	0.1098	0.0064	0.2703	0.2296	0.0407	0.9465	0.6795	0.2670	0.5100	0.4351	0.0749	0.4365	0.2444	0.1921	25.1956	359.9905	0.0000	39.1590	545.2963	0.0000	29.0253	1335.6761	0.0000	0.0636	0.0051	0.2126	0.1002	0.0076	0.6381	0.0208	0.0005	0.0466
15	150	0.5246	8	0	1	1	0	0	0	0	0	N	N	N	N	N	N	N	N	N	N	N	N	0.0008	0.0066	0.0000	0.0117	0.0111	0.0002	0.0000	0.0007	0.0000	0.0010	0.0011	0.0000	0.0027	0.0029	0.0000	0.0000	0.0000	0.0000	1.2381	0.1698	3.7112	0.2306	0.2605	0.0011	2.3034	0.0005	4.6174	0.0000	9.4398	-0.0001	0.4891	10.3367	3.6794	13.9008	17.4287	0.0003	0.0003	0.0000	0.0003	0.0003	0.0000	0.0000	0.0000	0.0000	1.0970	0.1051	0.9919	0.1050	0.1050	0.0001	0.9919	0.0001	0.9918	0.2789	0.2462	0.0327	0.1024	0.0960	0.0064	0.1765	0.1502	0.0263	0.8860	0.6187	0.2673	0.4553	0.4029	0.0525	0.4306	0.2158	0.2148	0.0008	0.0066	0.0000	0.0117	0.0111	0.0002	0.0000	0.0007	0.0000	1.2381	0.1698	3.7112	0.2306	0.2605	0.0011	2.3034	0.0005	4.6174
15	151	0.4938	7	0	1	1	0	0	0	0	0	N	N	N	N	N	N	N	N	N	N	N	N	0.0039	0.0302	0.0000	0.0590	0.0690	0.0000	0.0001	0.0029	0.0000	0.0009	0.0010	0.0000	0.0028	0.0030	0.0000	0.0000	0.0001	0.0000	0.2321	0.0344	0.7644	0.0482	0.0435	0.0766	0.4576	0.0175	1.0390	0.0000	8.2506	-0.0001	0.0650	10.3367	3.4464	13.9008	10.1316	0.0002	0.0002	0.0000	0.0002	0.0002	0.0000	0.0000	0.0000	0.0000	0.1500	0.0162	0.1338	0.0171	0.0133	0.0038	0.1329	0.0029	0.1300	0.2576	0.2263	0.0313	0.0801	0.0759	0.0042	0.1775	0.1504	0.0271	0.6462	0.4712	0.1750	0.3559	0.3059	0.0499	0.2904	0.1653	0.1251	0.0039	0.0302	0.0000	0.0590	0.0690	0.0000	0.0001	0.0029	0.0000	0.2321	0.0344	0.7644	0.0482	0.0435	0.0766	0.4576	0.0175	1.0390
15	152	0.3542	9	1	1	1	0	0	0	0	0	N	N	N	N	N	N	N	N	N	N	N	N	0.0027	0.3016	0.0000	0.0029	0.4009	0.0000	0.0000	0.0000	0.0018	0.0020	0.0000	0.0053	0.0056	0.0000	0.0000	0.0000	0.0000	0.6576	0.0067	1.9693	1.7919	0.0140	20.4339	0.0021	0.0000	0.0046	0.0000	145.9178	-0.0001	0.1516	10.3367	1.0143	13.9008	12.0086	0.0001	0.0001	0.0000	0.0001	0.0001	0.0000	0.0000	0.0000	0.0000	0.2835	0.0019	0.2816	0.2829	0.0019	0.2810	0.0006	0.0000	0.0006	0.0788	0.0693	0.0095	0.0265	0.0250	0.0015	0.0523	0.0443	0.0080	0.4311	0.2881	0.1430	0.1579	0.1381	0.0198	0.2732	0.1500	0.1232	0.0027	0.3016	0.0000	0.0029	0.4009	0.0000	0.0000	0.0000	0.0000	0.6576	0.0067	1.9693	1.7919	0.0140	14.2015	0.0021	0.0000	0.0046	
15	153	0.3520	8	1	1	1	0	0	0	0	0	N	N	N	N	N	N	N	N	N	N	N	N	0.0001	0.0003	0.0001	0.0002	0.0004	0.0001	0.0000	0.0000	0.0000	0.0000	0.0000	0.0000	0.0000	0.0000	0.0000	0.0000	0.0000	0.0000	0.0018	0.0008	0.0038	0.0045	0.0017	0.0244	0.0002	0.0000	0.0005	0.2262	2.2057	-0.0000	0.0000	10.3367	0.9811	13.9008	0.0216	0.0000	0.0000	0.0000	0.0000	0.0000	0.0000	0.0000	0.0000	0.0000	0.0001	0.0000	0.0000	0.0001	0.0000	0.0000	0.0000	0.0000	0.0000	0.0762	0.0670	0.0092	0.0256	0.0242	0.0015	0.0506	0.0429	0.0077	0.0354	0.0237	0.0117	0.0131	0.0115	0.0016	0.0223	0.0122	0.0101	0.0001	0.0003	0.0001	0.0002	0.0004	0.0001	0.0000	0.0000	0.0000	0.0018	0.0008	0.0038	0.0045	0.0017	0.0244	0.0002	0.0000	0.0005
15	154	0.3474	7	1	1	1	0	0	0	0	0	N	N	N	N	N	N	N	N	N	N	N	N	0.0055	0.0042	0.0000	0.0048	0.0046	0.0000	0.1495	0.1639	0.0000	0.0001	0.0001	0.0000	0.0003	0.0003	0.0000	0.0000	0.0000	0.0000	0.0217	0.0318	0.0006	0.0573	0.0646	0.0035	0.0001	0.0001	0.0001	0.0000	0.0086	-0.0000	-0.0007	10.3367	0.0083	13.9008	2.0001	0.0000	0.0000	0.0000	0.0000	0.0000	0.0000	0.0000	0.0000	0.0000	0.0016	0.0016	0.0000	0.0016	0.0016	0.0000	0.0000	0.0000	0.0000	0.0008	0.0007	0.0001	0.0003	0.0003	0.0000	0.0005	0.0004	0.0001	0.0752	0.0510	0.0243	0.0284	0.0250	0.0034	0.0468	0.0259	0.0208	0.0055	0.0042	0.0000	0.0048	0.0046	0.0000	0.1495	0.1639	0.0000	0.0217	0.0318	0.0006	0.0573	0.0646	0.0035	0.0001	0.0001	0.0001
15	155	0.3238	6	0	1	1	0	0	0	0	0	N	N	N	N	N	N	N	N	N	N	N	N	0.0008	0.0006	0.0001	0.0010	0.0009	0.0003	0.0083	0.0065	0.0001	0.0012	0.0013	0.0000	0.0033	0.0035	0.0000	0.0000	0.0001	0.0000	1.4629	2.1335	0.0026	3.3041	4.1168	0.0057	0.0059	0.0090	0.0014	0.0000	0.0006	-0.0001	-0.3254	10.3367	2.9180	13.9008	7.4065	0.0003	0.0003	0.0000	0.0003	0.0003	0.0000	0.0000	0.0000	0.0000	0.7107	0.7103	0.0004	0.7091	0.7088	0.0002	0.0016	0.0014	0.0002	0.2418	0.2126	0.0292	0.0823	0.0780	0.0043	0.1595	0.1346	0.0249	0.4858	0.3329	0.1529	0.2146	0.1722	0.0424	0.2712	0.1607	0.1105	0.0008	0.0006	0.0001	0.0010	0.0009	0.0003	0.0083	0.0065	0.0001	1.4629	2.1335	0.0026	3.3041	4.1168	0.0057	0.0059	0.0090	0.0014
15	156	0.2580	5	0	0	1	0	0	0	0	0	N	N	N	N	N	N	N	N	N	N	N	N	0.5451	0.2615	1.6449	2.3799	1.1972	11.5261	0.3468	0.1043	1.2831	0.4532	0.2018	1.5502	0.4557	0.2308	2.0396	0.4509	0.1701	1.3155	0.8315	0.7720	0.9424	0.1915	0.1928	0.1770	1.3002	1.6305	1.0252	1.7601	0.6545	0.1399	-0.0968	10.3367	8.2479	13.9008	19.7214	0.7117	0.2578	0.4538	0.3477	0.1542	0.1935	0.3640	0.1037	0.2603	1.5417	0.9319	0.6099	0.1501	0.1389	0.0112	1.3916	0.7929	0.5987	1.5702	1.2775	0.2928	0.7629	0.6681	0.0949	0.8073	0.6094	0.1979	1.8543	1.2071	0.6471	0.7840	0.7208	0.0632	1.0703	0.4863	0.5840	0.5451	0.2615	1.6449	2.3799	1.1972	11.5261	0.3468	0.1043	1.2831	0.8315	0.7720	0.9424	0.1915	0.1928	0.1770	1.3002	1.6305	1.0252
15	157	0.2218	4	0	0	1	0	0	0	0	0	N	N	N	N	N	N	N	N	N	N	N	N	1.3079	1.5857	1.5492	1.6099	1.2632	8.7881	1.0934	6.9831	1.1846	0.6379	0.5070	1.2080	0.7715	0.6255	1.8645	0.5396	0.4061	0.9682	0.4877	0.3197	0.7797	0.4792	0.4952	0.2122	0.4935	0.0582	0.8174	0.5471	1.4032	-0.0592	0.1025	10.3367	7.4725	13.9008	14.3153	0.6772	0.4377	0.2395	0.3472	0.2483	0.0989	0.3300	0.1894	0.1406	0.8168	0.3399	0.4769	0.3231	0.3150	0.0081	0.4937	0.0248	0.4688	1.0617	0.8634	0.1983	0.4501	0.3971	0.0530	0.6116	0.4663	0.1452	1.6747	1.0630	0.6116	0.6743	0.6363	0.0380	1.0004	0.4268	0.5736	1.3079	1.5857	1.5492	1.6099	1.2632	8.7881	1.0934	6.9831	1.1846	0.4877	0.3197	0.7797	0.4792	0.4952	0.2122	0.4935	0.0582	0.8174
15	158	0.1563	3	0	0	1	0	0	0	0	0	N	N	N	N	N	N	N	N	N	N	N	N	0.6916	1.9686	0.0495	1.3236	1.5296	0.1229	0.4460	43.6508	0.0509	0.4421	0.5331	0.0596	0.5693	0.6584	0.0521	0.3459	0.4287	0.0633	0.6392	0.2708	1.2062	0.4301	0.4304	0.4241	0.7755	0.0098	1.2447	0.0266	2.8939	-0.3155	0.5038	10.3367	11.6653	13.9008	19.4910	0.7600	0.7403	0.0197	0.4214	0.4157	0.0057	0.3386	0.3245	0.0140	1.7690	0.4543	1.3147	0.4697	0.4480	0.0217	1.2992	0.0063	1.2930	1.7191	1.3885	0.3306	0.7402	0.6314	0.1088	0.9789	0.7571	0.2218	2.7674	1.6775	1.0900	1.0921	1.0409	0.0512	1.6753	0.6366	1.0388	0.6916	1.9686	0.0495	1.3236	1.5296	0.1229	0.4460	43.6508	0.0509	0.6392	0.2708	1.2062	0.4301	0.4304	0.4241	0.7755	0.0098	1.2447
15	161	0.5443	11	1	1	1	0	0	0	0	0	N	N	N	N	N	N	N	N	N	N	N	N	0.0000	0.0000	0.0000	0.0000	0.0000	0.0000	0.0000	0.0000	0.0000	0.0000	0.0000	0.0000	0.0000	0.0000	0.0000	0.0000	0.0000	0.0000	0.0084	0.0120	0.0000	0.0154	0.0187	0.0001	0.0000	0.0000	0.0000	0.0014	0.0000	-0.0005	10.3367	0.0002	13.9008	3.0099	0.0000	0.0000	0.0000	0.0000	0.0000	0.0000	0.0000	0.0000	0.0000	0.0010	0.0010	0.0000	0.0010	0.0010	0.0000	0.0000	0.0000	0.0000	0.0001	0.0001	0.0000	0.0000	0.0000	0.0000	0.0000	0.0000	0.0000	0.1173	0.0822	0.0351	0.0643	0.0529	0.0114	0.0530	0.0292	0.0237	0.0000	0.0000	0.0000	0.0000	0.0000	0.0000	0.0000	0.0000	0.0000	0.0084	0.0120	0.0000	0.0154	0.0187	0.0001	0.0000	0.0000	0.0000	
15	162	0.5367	10	1	1	1	0	0	0	0	0	N	N	N	N	N	N	N	N	N	N	N	N	0.0000	0.0000	0.0000	0.0000	0.0000	0.0000	0.0000	0.0000	0.0000	0.0000	0.0000	0.0000	0.0000	0.0000	0.0000	0.0106	0.0152	0.0000	0.0013	0.0016	0.0000	0.0217	0.0397	0.0000	0.0000	0.0000	-0.0006	10.3367	0.9998	13.9008	2.0118	0.0000	0.0000	0.0000	0.0000	0.0000	0.0000	0.0000	0.0000	0.0000	0.0012	0.0012	0.0000	0.0001	0.0001	0.0000	0.0011	0.0011	0.0000	0.0701	0.0614	0.0087	0.0202	0.0189	0.0012	0.0499	0.0425	0.0074	0.1150	0.0804	0.0347	0.0626	0.0517	0.0109	0.0524	0.0287	0.0237	0.0000	0.0000	0.0000	0.0000	0.0000	0.0000	0.0000	0.0000	0.0000	0.0106	0.0152	0.0000	0.0013	0.0016	0.0000	0.0217	0.0397	0.0000				
15	163	0.5367	9	1	1	1	0	0	0	0	0	N	N	N	N	N	N	N	N	N	N	N	N	0.0000	0.0000	0.0000	0.0000	0.0000	0.0000	0.0000	0.0000	0.0000	0.0000	0.0000	0.0000	0.0000	0.0000	0.0000	0.0000	0.0000	0.0000	0.0000	0.0000	10.3367	0.0000	13.9008	0.0003	0.0000	0.0000	0.0000	0.0000	0.0000	0.0000	0.0000	0.0000	0.0000	0.0000	0.0000	0.0000	0.0000	0.0000	0.0000	0.0000	0.0000	0.0000	0.0000	0.0000	0.0000	0.0000	0.0000	0.0000	0.0000	0.0000	0.0000	0.0000	0.0000	0.0000	0.0000	0.0000	0.0000	0.0000	0.0000	0.0000	0.0000	0.0000	0.0000	0.0000	0.0000	0.0000	0.0000	0.0000	0.0000	0.0000	0.0000	0.0000	0.0000	0.0000	0.0000	0.0000	0.0000	0.0000											
15	164	0.5257	8	0	1	1	0	0	0	0	0	N	N	N	N	N	N	N	N	N	N	N	N	0.0011	0.0009	0.0008	0.2479	0.2177	0.0000	0.0000	0.0000	0.0006	0.0033	0.0039	0.0001	0.0081	0.0083	0.0000	0.0000	0.0000	0.0001	2.9301	4.1399	0.0721	0.0326	0.0379	0.0088	6.8351	12.4225	0.1062	0.0027	0.0074	-0.0000	-0.3037	10.3367	0.0063	13.9008	4.3641	0.0000	0.0000	0.0000	0.0000	0.0000	0.0000	0.0000	0.0000	0.0000	0.6733	0.6684	0.0049	0.0043	0.0041	0.0002	0.6690	0.6643	0.0047	0.0010	0.0008	0.0002	0.0004	0.0004	0.0000	0.0006	0.0004	0.0001	0.2298	0.1614	0.0683	0.1319	0.1080	0.0239	0.0979	0.0535	0.0444	0.0011	0.0009	0.0008	0.2479	0.2177	0.0000	0.0000	0.0000	0.0006	2.9301	4.1399	0.0721	0.0326	0.0379	0.0088	6.8351	12.4225	0.1062
15	165	0.4938	7	0	0	1	0	0	0	0	0	N	N	N	N	N	N	N	N	N	N	N	N	0.0392	0.9564	0.0000	2.2588	9.0093	0.0002	0.0000	0.0000	0.0000	0.0462	0.0525	0.0000	0.1437	0.1513	0.0001	0.0000	0.0000	0.0000	1.1777	0.0549	4.2331	0.0636	0.0168	0.3534	2.5542	0.1259	5.7868	0.0001	28.3367	-0.0040	0.3648	10.3367	2.5207	13.9008	10.0226	0.0090	0.0090	0.0000	0.0090	0.0090	0.0000	0.0000	0.0000	0.0000	0.7188	0.0245	0.6943	0.0215	0.0049	0.0166	0.6974	0.0196	0.6778	0.1943	0.1708	0.0235	0.0624	0.0593	0.0031	0.1319	0.1115	0.0204	0.6104	0.4464	0.1640	0.3373	0.2904	0.0469	0.2730	0.1559	0.1171	0.0392	0.9564	0.0000	2.2588	9.0093	0.0002	0.0000	0.0000	0.0000	1.1777	0.0549	4.2331	0.0636	0.0168	0.3534	2.5542	0.1259	5.7868
15	166	0.4782	6	0	0	1	0	0	0	0	0	N	N	N	N	N	N	N	N	N	N	N	N	0.0013	0.0011	0.0002	0.0015	0.0013	0.0002	0.0034	0.0067	0.0004	0.0015	0.0016	0.0000	0.0028	0.0029	0.0001	0.0000	0.0000	0.0000	1.1676	1.5393	0.0987	1.9432	2.2180	0.2805	0.0060	0.0036	0.0093	0.0010	0.0223	-0.0002	-0.2686	10.3367	2.6894	13.9008	4.6619	0.0005	0.0005	0.0000	0.0005	0.0005	0.0000	0.0000	0.0000	0.0000	0.6153	0.6019	0.0134	0.6140	0.6014	0.0126	0.0013	0.0004	0.0008	0.3315	0.3013	0.0301	0.1718	0.1659	0.0059	0.1597	0.1354	0.0243	0.5269	0.3910	0.1360	0.3160	0.2712	0.0448	0.2110	0.1198	0.0911	0.0013	0.0011	0.0002	0.0015	0.0013	0.0002	0.0034	0.0067	0.0004	1.1676	1.5393	0.0987	1.9432	2.2180	0.2805	0.0060	0.0036	0.0093
15	167	0.4397	5	0	0	1	0	0	0	0	0	N	N	N	N	N	N	N	N	N	N	N	N	0.1036	0.1188	0.0000	0.2050	0.2656	0.0000	0.0000	0.0000	0.0000	0.0106	0.0121	0.0000	0.0384	0.0408	0.0000	0.0000	0.0000	0.0000	0.1022	0.1018	0.1031	0.1874	0.1536	0.3966	0.0087	0.0091	0.0083	0.0000	0.4303	-0.0008	-0.0077	10.3367	2.7966	13.9008	8.5340	0.0019	0.0019	0.0000	0.0019	0.0019	0.0000	0.0000	0.0000	0.0000	0.0487	0.0341	0.0147	0.0467	0.0330	0.0138	0.0020	0.0011	0.0009	0.1792	0.1570	0.0223	0.0494	0.0465	0.0029	0.1298	0.1104	0.0194	0.4766	0.3345	0.1421	0.2493	0.2146	0.0347	0.2273	0.1199	0.1074	0.1036	0.1188	0.0000	0.2050	0.2656	0.0000	0.0000	0.0000	0.0000	0.1022	0.1018	0.1031	0.1874	0.1536	0.3966	0.0087	0.0091	0.0083
16	17	0.6609	8	1	1	1	0	0	0	0	0	N	N	N	N	N	N	N	N	N	N	N	N	0.0000	0.0000	0.0000	0.0000	0.0000	0.0000	0.0000	0.0000	0.0000	0.0000	0.0000	0.0000	0.0000	0.0000	0.0000	2.1427	0.0000	7.9393	0.0001	0.0000	0.0006	4.8245	0.0000	13.6220	inf	0.0000	0.5416	12.0000	3.5868	18.8883	9.0275	0.0000	0.0000	0.0000	0.0000	0.0000	0.0000	0.0000	0.0000	0.0000	1.0000	0.0000	1.0000	0.0000	0.0000	0.0000	1.0000	0.0000	1.0000	0.4301	0.3834	0.0467	0.1794	0.1715	0.0079	0.2507	0.2119	0.0389	0.4667	0.3218	0.1449	0.2594	0.2124	0.0470	0.2073	0.1093	0.0979	0.0000	0.0000	0.0000	0.0000	0.0000	0.0000	0.0000	0.0000	0.0000	2.1427	0.0000	6.8996	0.0001	0.0000	0.0006	4.8245	0.0000	10.2093				
16	18	0.2306	5	1	1	1	0	0	0	0	0	N	N	N	N	N	N	N	N	N	N	N	N	0.0000	0.0000	0.0000	0.0000	0.0000	0.0000	0.0000	0.0000	0.0000	0.0000	0.0000	0.0000	0.0000	0.0000	0.0000	0.0000	0.0000	2.1795	1.7805	2.8190	3.7032	4.5812	0.0000	1.5384	0.0000	3.3077	0.9875	0.0000	0.0775	12.0000	3.9981	18.8883	16.5900	0.0000	0.0000	0.0000	0.0000	0.0000	0.0000	0.0000	0.0000	0.0000	2.0126	1.0126	1.0000	1.0126	1.0126	0.0000	1.0000	0.0000	1.0000	0.3151	0.2682	0.0470	0.0317	0.0294	0.0023	0.2834	0.2388	0.0446	0.9235	0.5687	0.3547	0.2735	0.2210	0.0524	0.6500	0.3477	0.3023	0.0000	0.0000	0.0000	0.0000	0.0000	0.0000	0.0000	0.0000	0.0000	2.1795	1.7805	2.8190	3.7032	4.5812	0.0000	1.5384	0.0000	3.3077		
16	19	0.6166	9	0	0	2	1	0	0	0	0	N	N	Y	N	N	N	N	N	N	N	N	N	0.0000	0.0000	0.0000	0.0000	0.0000	0.0000	0.0000	0.0000	0.0000	0.0000	0.0000	0.0000	0.0000	0.0001	0.0002	0.0000	0.0000	0.0000	0.0000	0.0003	0.0005	0.0000	0.0000	0.0000	-0.0000	12.0000	0.0000	18.8883	2.0009	0.0000	0.0000	0.0000	0.0000	0.0000	0.0000	0.0000	0.0000	0.0000	0.0000	0.0000	0.0000	0.0000	0.0000	0.0000	0.0000	0.0000	0.0000	0.0006	0.0005	0.0001	0.0003	0.0003	0.0000	0.0003	0.0002	0.0001	0.0721	0.0486	0.0235	0.0326	0.0277	0.0049	0.0395	0.0209	0.0185	0.0000	0.0000	0.0000	0.0000	0.0000	0.0000	0.0000	0.0000	0.0000	0.0001	0.0002	0.0000	0.0000	0.0000	0.0000	0.0003	0.0005	0.0000						
16	20	0.6310	10	0	0	2	1	0	0	0	0	N	N	Y	N	N	N	N	N	N	N	N	N	0.2456	0.1657	0.7766	0.3160	0.2989	5.5847	0.0000	0.0000	0.0000	0.9292	1.0810	0.0003	3.6675	3.9719	0.0024	0.0000	0.0000	0.0000	3.7836	6.5238	0.0004	11.6057	13.2878	0.0004	1.0477	1.9844	0.0004	0.0001	0.0000	-0.4411	-2.0494	12.0000	14.9999	18.8883	23.4905	1.0000	1.0000	0.0000	1.0000	1.0000	0.0000	0.0000	0.0000	0.0000	4.4714	4.4713	0.0002	3.8032	3.8032	0.0000	0.6682	0.6681	0.0001	1.0762	0.9251	0.1512	0.2727	0.2518	0.0209	0.8035	0.6733	0.1302	1.1818	0.7938	0.3880	0.5440	0.4571	0.0869	0.6378	0.3367	0.3011	0.2456	0.1919	0.7766	0.5246	0.4774	5.5847	0.0000	0.0000	0.0000	3.7836	5.6327	0.0004	6.9911	8.3196	0.0004	1.0477	1.9844	0.0004
16	21	0.2306	5	0	1	1	0	0	0	0	0	N	N	N	N	N	N	N	N	N	N	N	N	0.0000	0.0000	0.0000	0.0000	0.0000	0.0000	0.0000	0.0000	0.0000	0.0000	0.0000	0.0000	0.0000	0.0000	0.0000	0.0000	0.0000	0.0000	0.6848	1.1032	0.0215	0.0282	0.0336	0.0033	0.9276	1.7100	0.0241	0.0123	0.0000	-0.4575	12.0000	4.9981	18.8883	32.5905	0.0000	0.0000	0.0000	0.0000	0.0000	0.0000	0.0000	0.0000	0.0000	1.0253	1.0128	0.0125	0.0114	0.0112	0.0002	1.0139	1.0016	0.0122	0.3920	0.3337	0.0583	0.0393	0.0365	0.0028	0.3527	0.2972	0.0555	1.4972	0.9181	0.5792	0.4042	0.3323	0.0718	1.0931	0.5858	0.5073	0.0000	0.0000	0.0000	0.0000	0.0000	0.0000	0.0000	0.0000	0.0000	0.6848	1.1032	0.0215	0.0282	0.0336	0.0033	0.9276	1.7100	0.0241	
16	22	0.6609	8	0	1	1	0	0	0	0	0	N	N	N	N	N	N	N	N	N	N	N	N	0.4324	0.0000	2.2252	0.0000	0.0000	0.0000	0.6129	1.8770	1.1997	0.0000	9.8380	0.0000	0.0000	0.0000	1.8024	0.0000	11.8481	2.7745	2.0216	4.4212	2.6268	3.1883	0.0463	2.9409	0.0000	6.3122	inf	0.9999	0.6517	0.0832	12.0000	12.5677	18.8883	9.8718	1.1660	0.0000	1.1660	0.0000	0.0000	0.0000	1.1660	0.0000	1.1660	1.9998	1.0000	0.9999	1.0031	1.0000	0.0032	0.9967	0.0000	0.9967	0.9719	0.8534	0.1185	0.3250	0.3048	0.0201	0.6469	0.5485	0.0984	0.7208	0.4946	0.2261	0.3819	0.3136	0.0682	0.3389	0.1810	0.1579	0.4324	0.0000	2.2252	0.0000	0.0000	0.0000	0.6129	0.0000	1.8770	2.7745	2.0216	4.4212	2.6268	3.1883	0.0463	2.9409	0.0000	6.3122	
16	23	0.2781	8	0	0	1	1	0	0	0	0	N	N	N	N	N	N	N	N	N	N	N	N	inf	inf	inf	inf	12.6847	14.8795	0.0000	95.0614	102.5488	0.0000	0.0000	0.0000	0.0000	0.0000	0.0000	0.0000	0.0000	0.0000	0.0000	0.0000	0.0000	0.0000	0.0000	-0.4402	0.0000	12.0000	0.9981	18.8883	0.0014	0.9980	0.9980	0.0000	0.9980	0.9980	0.0000	0.0000	0.0000	0.0000	0.0000	0.0000	0.0000	0.0000	0.0000	0.0000	0.0000	0.0000	0.0000	0.0787	0.0671	0.0116	0.0105	0.0097	0.0008	0.0682	0.0573	0.0108	0.0413	0.0249	0.0164	0.0094	0.0085	0.0009	0.0319	0.0164	0.0155	inf	inf	0.0000	inf	inf	0.0000	0.0000	0.0000	0.0000	0.0000	0.0000	0.0000	0.0000	0.0000	0.0000	0.0000	0.0000	0.0000						
16	24	0.2302	5	0	1	1	1	0	0	0	0	N	N	N	N	N	N	N	N	N	N	N	N	0.0000	0.0000	0.0000	0.0000	0.0000	0.0000	0.0000	0.0000	0.0000	0.0000	0.0000	0.0000	0.0000	0.0000	0.0000	0.0000	0.0000	0.0000	1.3669	0.0057	3.7914	0.1371	0.0125	0.9591	1.9568	0.0004	4.1728	370.9768	0.0000	0.5571	12.0000	0.6341	18.8883	12.6218	0.0000	0.0000	0.0000	0.0000	0.0000	0.0000	0.0000	0.0000	0.0000	1.0337	0.0028	1.0309	0.0336	0.0027	0.0309	1.0000	0.0001	0.9999	0.0612	0.0532	0.0080	0.0074	0.0073	0.0001	0.0538	0.0460	0.0079	0.7562	0.4843	0.2719	0.2451	0.2129	0.0323	0.5111	0.2714	0.2396	0.0000	0.0000	0.0000	0.0000	0.0000	0.0000	0.0000	0.0000	0.0000	1.3669	0.0057	3.7914	0.1371	0.0125	0.9591	1.9568	0.0004	4.1728	
16	25	0.6007	7	0	1	1	0	0	0	0	0	N	N	N	N	N	N	N	N	N	N	N	N	38.0284	0.0048	396.8906	0.0133	0.0093	0.0878	179.8339	0.0000	714.1781	0.1692	0.0000	1.4207	0.0001	0.0001	0.0006	0.2494	0.0000	1.6527	0.0044	0.0048	0.0036	0.0072	0.0072	0.0070	0.0014	0.0005	0.0023	8259.2711	0.3319	0.0926	-0.0009	12.0000	10.0221	18.8883	10.6811	0.1658	0.0000	0.1658	0.0000	0.0000	0.0000	0.1658	0.0000	0.1658	0.0045	0.0034	0.0011	0.0038	0.0032	0.0006	0.0007	0.0001	0.0005	0.9801	0.8634	0.1167	0.3153	0.2989	0.0164	0.6648	0.5645	0.1003	1.0039	0.6930	0.3109	0.5329	0.4481	0.0848	0.4710	0.2449	0.2261	38.0284	0.0048	396.8906	0.0133	0.0093	0.0878	179.8339	0.0000	714.1781	0.0044	0.0048	0.0036	0.0072	0.0072	0.0070	0.0014	0.0005	0.0023
16	26	0.2646	7	0	1	1	0	0	0	0	0	N	N	N	N	N	N	N	N	N	N	N	N	0.0000	0.0000	0.0000	0.0000	0.0000	0.0000	0.0000	0.0000	0.0000	0.0000	0.0000	0.0000	0.0000	0.0000	0.0000	0.0000	0.0000	0.0000	0.0010	0.0013	0.0004	0.0027	0.0028	0.0021	0.0002	0.0002	0.0003	0.1985	0.0000	-0.0001	12.0000	3.9997	18.8883	5.4032	0.0000	0.0000	0.0000	0.0000	0.0000	0.0000	0.0000	0.0000	0.0000	0.0005	0.0004	0.0001	0.0004	0.0003	0.0000	0.0001	0.0000	0.0000	0.3128	0.2664	0.0464	0.0344	0.0320	0.0024	0.2784	0.2345	0.0439	0.4615	0.2907	0.1708	0.1388	0.1210	0.0179	0.3227	0.1698	0.1530	0.0000	0.0000	0.0000	0.0000	0.0000	0.0000	0.0000	0.0000	0.0000	0.0010	0.0013	0.0004	0.0027	0.0028	0.0021	0.0002	0.0002	0.0003	
16	27	0.6310	10	0	1	1	1	0	0	0	0	N	N	N	N	N	N	N	N	N	N	N	N	0.0002	0.0002	0.0000	0.0004	0.0004	0.0000	0.0000	0.0000	0.0006	0.0007	0.0000	0.0024	0.0026	0.0000	0.0000	0.0000	0.0000	2.7398	3.5160	1.1059	5.5513	6.6828	0.0002	0.6775	0.0000	1.4279	0.0000	0.1494	-0.0001	-0.5028	12.0000	4.9655	18.8883	10.6561	0.0002	0.0002	0.0000	0.0002	0.0002	0.0000	0.0000	0.0000	0.0000	1.5310	1.3320	0.1990	1.3320	1.3320	0.0000	0.1990	0.0000	0.1990	0.3819	0.3259	0.0560	0.1001	0.0927	0.0074	0.2818	0.2332	0.0486	0.5588	0.3789	0.1799	0.2651	0.2245	0.0406	0.2937	0.1544	0.1394	0.0002	0.0002	0.0000	0.0005	0.0004	0.0000	0.0000	0.0000	0.0000	2.7398	3.5160	1.1059	5.0252	5.9338	0.0002	0.6775	0.0000	1.4279	
16	28	0.2832	9	0	1	1	1	0	0	0	0	N	N	N	N	N	N	N	N	N	N	N	N	0.0000	0.0000	0.0000	0.0000	0.0000	0.0000	0.0000	0.0000	0.0000	0.0000	0.0000	0.0000	0.0000	0.0000	0.0000	0.0000	0.0000	0.0000	0.0000	0.0000	12.0000	0.0000	18.8883	0.0000	0.0000	0.0000	0.0000	0.0000	0.0000	0.0000	0.0000	0.0000	0.0000	0.0000	0.0000	0.0000	0.0000	0.0000	0.0000	0.0000	0.0000	0.0000	0.0000	0.0000	0.0000	0.0000	0.0000	0.0000	0.0000	0.0000	0.0000	0.0000	0.0000	0.0000	0.0000	0.0000	0.0000	0.0000	0.0000	0.0000	0.0000	0.0000	0.0000	0.0000	0.0000	0.0000	0.0000	0.0000	0.0000	0.0000	0.0000	0.0000	0.0000	0.0000	0.0000	0.0000	0.0000	0.0000											
16	29	0.2506	4	1	1	1	0	0	0	0	0	N	N	N	N	N	N	N	N	N	N	N	N	43.9367	434.8874	0.0000	1.0837	1.4264	0.0000	38.8326	9272128.1129	0.0000	2.2600	2.7355	0.0000	0.0167	0.0174	0.0000	2.9518	3.7566	0.0000	0.0514	0.0063	0.1650	0.0154	0.0122	0.0468	0.0760	0.0000	0.1828	0.0000	10.4289	-0.4358	0.0226	12.0000	3.9885	18.8883	8.5018	0.9879	0.9879	0.0000	0.0017	0.0017	0.0000	0.9862	0.9862	0.0000	0.0498	0.0044	0.0455	0.0060	0.0044	0.0017	0.0438	0.0000	0.0438	0.4371	0.3612	0.0760	0.1030	0.0986	0.0044	0.3341	0.2625	0.0716	0.9685	0.6930	0.2755	0.3927	0.3566	0.0361	0.5758	0.3364	0.2394	43.9367	434.8874	0.0000	1.0837	1.4264	0.0000	38.8326	9272128.1129	0.0000	0.0514	0.0063	0.1650	0.0154	0.0122	0.0468	0.0760	0.0000	0.1828
16	30	0.2414	6	0	1	1	0	0	0	0	0	N	N	N	N	N	N	N	N	N	N	N	N	0.0758	0.0613	0.0000	0.3626	0.3543	0.0000	0.0000	0.0000	0.0000	0.0024	0.0028	0.0000	0.0060	0.0062	0.0000	0.0000	0.0000	0.0000	0.0321	0.0450	0.0005	0.0165	0.0174	0.0002	0.0436	0.0807	0.0005	0.0000	0.0043	-0.0003	-0.0077	12.0000	0.9701	18.8883	4.0208	0.0006	0.0006	0.0000	0.0006	0.0006	0.0000	0.0000	0.0000	0.0000	0.0170	0.0169	0.0001	0.0037	0.0037	0.0000	0.0133	0.0132	0.0001	0.2427	0.2139	0.0288	0.0989	0.0955	0.0034	0.1438	0.1184	0.0254	0.5291	0.3753	0.1538	0.2242	0.2115	0.0127	0.3049	0.1638	0.1411	0.0758	0.0613	0.0000	0.3626	0.3543	0.0000	0.0000	0.0000	0.0000	0.0321	0.0450	0.0005	0.0165	0.0174	0.0002	0.0436	0.0807	0.0005
16	31	0.2160	4	0	0	1	1	0	0	0	0	N	N	N	N	N	N	N	N	N	N	N	N	0.0000	0.0000	0.0000	0.0000	0.0000	0.0000	0.0000	0.0000	0.0000	0.0000	0.0000	0.0000	0.0000	0.0000	0.0000	0.0000	0.0000	0.0000	0.6516	0.0164	1.7149	0.0239	0.0245	0.0208	0.9066	0.0110	1.9144	62.5629	0.0000	0.3703	12.0000	5.0045	18.8883	16.6627	0.0000	0.0000	0.0000	0.0000	0.0000	0.0000	0.0000	0.0000	0.0000	0.7041	0.0111	0.6930	0.0075	0.0066	0.0009	0.6966	0.0045	0.6921	0.3885	0.3292	0.0593	0.0144	0.0137	0.0007	0.3741	0.3155	0.0586	1.0806	0.6765	0.4041	0.3122	0.2696	0.0426	0.7684	0.4068	0.3615	0.0000	0.0000	0.0000	0.0000	0.0000	0.0000	0.0000	0.0000	0.0000	0.6516	0.0164	1.7149	0.0239	0.0245	0.0208	0.9066	0.0110	1.9144	
16	32	0.7583	10	1	0	2	0	0	0	0	0	N	N	Y	N	N	N	N	N	N	N	N	N	0.4698	0.2482	inf	0.8962	0.5300	inf	0.0006	0.0005	0.0014	0.0022	0.0016	0.0111	0.0000	0.0000	0.0000	0.0013	0.0018	0.0000	0.0025	0.0030	0.0000	0.0000	0.0000	0.0000	0.5000	0.0000	-0.0000	-0.0000	12.0000	1.4893	18.8883	0.0050	0.0001	0.0000	0.0000	0.0001	0.0000	0.0000	0.0000	0.0000	0.0000	0.0001	0.0001	0.0000	0.0001	0.0001	0.0000	0.0000	0.0000	0.0000	0.1014	0.0872	0.0142	0.0268	0.0250	0.0018	0.0746	0.0622	0.0124	0.0476	0.0325	0.0152	0.0241	0.0199	0.0041	0.0236	0.0126	0.0110	0.4698	0.2482	inf	0.8962	0.5300	inf	0.0000	0.0000	0.0000	0.0013	0.0018	0.0000	0.0025	0.0030	0.0000	0.0000	0.0000	0.0000			
16	33	0.2416	6	1	0	2	0	0	0	0	0	N	N	Y	N	N	N	N	N	N	N	N	N	0.0000	0.0000	0.0000	0.0000	0.0000	0.0000	0.0000	0.0000	0.0000	0.0000	0.0000	0.0000	0.0000	0.0000	0.0000	0.0000	0.0000	0.0000	0.0567	0.0877	0.0001	0.2205	0.2403	0.0000	0.0000	0.0000	0.0001	0.0004	0.0000	-0.0079	12.0000	0.9855	18.8883	5.0251	0.0000	0.0000	0.0000	0.0000	0.0000	0.0000	0.0000	0.0000	0.0000	0.0171	0.0171	0.0000	0.0171	0.0171	0.0000	0.0000	0.0000	0.0000	0.0828	0.0707	0.0121	0.0096	0.0090	0.0005	0.0732	0.0616	0.0116	0.3024	0.1954	0.1070	0.0777	0.0713	0.0064	0.2247	0.1241	0.1006	0.0000	0.0000	0.0000	0.0000	0.0000	0.0000	0.0000	0.0000	0.0000	0.0567	0.0877	0.0001	0.2205	0.2403	0.0000	0.0000	0.0000	0.0001	
16	34	0.2144	6	0	1	1	0	0	0	0	0	N	N	N	N	N	N	N	N	N	N	N	N	0.0000	0.0000	0.0000	0.0000	0.0000	0.0000	0.0000	0.0000	0.0000	0.0000	0.0000	0.0000	0.0000	0.0000	0.0000	0.0000	0.0000	0.0000	0.0000	0.0000	0.0001	0.0001	0.0000	0.0000	0.0000	0.0000	0.1245	0.0000	-0.0000	12.0000	2.0026	18.8883	4.0175	0.0000	0.0000	0.0000	0.0000	0.0000	0.0000	0.0000	0.0000	0.0000	0.0000	0.0000	0.0000	0.0000	0.0000	0.0000	0.0000	0.0000	0.0000	0.2043	0.1706	0.0336	0.0380	0.0369	0.0012	0.1662	0.1338	0.0324	0.3745	0.2420	0.1326	0.1328	0.1075	0.0254	0.2417	0.1345	0.1072	0.0000	0.0000	0.0000	0.0000	0.0000	0.0000	0.0000	0.0000	0.0000	0.0000	0.0000	0.0000	0.0001	0.0001	0.0000	0.0000	0.0000	0.0000		
16	35	0.2144	5	0	0	1	0	0	0	0	0	N	N	N	N	N	N	N	N	N	N	N	N	0.0008	0.0006	0.0026	0.0010	0.0009	0.0000	0.0009	0.0004	0.0149	0.0005	0.0005	0.0006	0.0007	0.0008	0.0000	0.0004	0.0003	0.0007	0.6007	0.7620	0.2513	0.7883	0.8027	0.7317	0.4335	0.7123	0.0437	0.3247	0.1522	-0.0000	-0.0396	12.0000	0.4148	18.8883	1.5497	0.0000	0.0000	0.0000	0.0000	0.0000	0.0000	0.0000	0.0000	0.0000	0.1215	0.1054	0.0160	0.0751	0.0610	0.0141	0.0464	0.0444	0.0020	0.0791	0.0641	0.0150	0.0262	0.0259	0.0002	0.0529	0.0382	0.0147	0.2022	0.1383	0.0639	0.0953	0.0760	0.0193	0.1069	0.0623	0.0446	0.0008	0.0006	0.0026	0.0010	0.0009	0.0000	0.0009	0.0004	0.0149	0.6007	0.7620	0.2513	0.7883	0.8027	0.7317	0.4335	0.7123	0.0437
16	36	0.1566	3	0	1	1	0	0	0	0	0	N	N	N	N	N	N	N	N	N	N	N	N	0.0000	0.0000	0.0000	0.0000	0.0000	0.0000	0.0000	0.0000	0.0000	0.0000	0.0000	0.0000	0.0000	0.0000	0.0000	0.0000	0.0000	0.0000	0.0044	0.0029	0.0065	0.0114	0.0118	0.0057	0.0031	0.0000	0.0065	1.6203	0.0000	0.0009	12.0000	7.9964	18.8883	23.6501	0.0000	0.0000	0.0000	0.0000	0.0000	0.0000	0.0000	0.0000	0.0000	0.0059	0.0023	0.0037	0.0023	0.0023	0.0001	0.0036	0.0000	0.0036	0.5868	0.4960	0.0908	0.0108	0.0105	0.0002	0.5760	0.4854	0.0906	1.3496	0.7870	0.5626	0.2031	0.1914	0.0118	1.1465	0.5957	0.5508	0.0000	0.0000	0.0000	0.0000	0.0000	0.0000	0.0000	0.0000	0.0000	0.0044	0.0029	0.0065	0.0114	0.0118	0.0057	0.0031	0.0000	0.0065	
16	37	0.2306	5	1	1	1	0	0	0	0	0	N	N	N	N	N	N	N	N	N	N	N	N	0.0000	0.0000	0.0000	0.0000	0.0000	0.0000	0.0000	0.0000	0.0000	0.0000	0.0000	0.0000	0.0000	0.0000	0.0000	0.0000	0.0000	0.0000	0.7844	1.2632	0.0239	0.0625	0.0755	0.0036	1.0579	1.9520	0.0269	0.0119	0.0000	-0.4728	12.0000	6.9981	18.8883	25.9787	0.0000	0.0000	0.0000	0.0000	0.0000	0.0000	0.0000	0.0000	0.0000	1.0586	1.0461	0.0125	0.0232	0.0229	0.0002	1.0354	1.0232	0.0122	0.5434	0.4629	0.0806	0.0542	0.0503	0.0039	0.4893	0.4126	0.0767	1.3496	0.8281	0.5215	0.3709	0.3040	0.0669	0.9787	0.5242	0.4546	0.0000	0.0000	0.0000	0.0000	0.0000	0.0000	0.0000	0.0000	0.0000	0.7844	1.2632	0.0239	0.0625	0.0755	0.0036	1.0579	1.9520	0.0269	
16	38	0.2144	5	0	1	1	0	0	0	0	0	N	N	N	N	N	N	N	N	N	N	N	N	0.6572	396000.0596	0.0000	0.0003	44.5221	0.0000	0.7140	inf	0.0000	2.4001	2.8440	0.0000	0.0008	0.0009	0.0000	2.7872	3.3731	0.0000	3.6522	0.0000	16.4700	3.0235	0.0000	27.1820	3.9035	0.0000	9.6281	0.0000	814815.7261	-0.4411	1.4516	12.0000	4.7553	18.8883	10.1994	1.0000	1.0000	0.0000	0.0000	0.0000	0.0000	1.0000	1.0000	0.0000	2.6801	0.0000	2.6801	0.6336	0.0000	0.6336	2.0465	0.0000	2.0465	0.4167	0.3516	0.0650	0.0579	0.0552	0.0027	0.3588	0.2965	0.0623	0.7338	0.4580	0.2758	0.2096	0.1719	0.0377	0.5243	0.2861	0.2381	0.6572	396000.0596	0.0000	0.0003	44.5221	0.0000	0.7140	inf	0.0000	3.6522	0.0000	9.7162	3.0235	0.0000	16.8075	3.9035	0.0000	8.5937
16	39	0.1566	3	1	1	1	0	0	0	0	0	N	N	N	N	N	N	N	N	N	N	N	N	0.0049	0.4900	0.0000	0.8395	5.3099	0.0000	0.0000	0.0000	0.0001	0.0002	0.0000	0.0070	0.0071	0.0000	0.0000	0.0000	0.0000	0.0276	0.0003	0.0659	0.0083	0.0013	0.1210	0.0310	0.0000	0.0647	0.0000	145.1419	-0.0000	0.0203	12.0000	5.0000	18.8883	27.3229	0.0001	0.0001	0.0000	0.0001	0.0001	0.0000	0.0000	0.0000	0.0000	0.0379	0.0003	0.0377	0.0017	0.0003	0.0014	0.0362	0.0000	0.0362	0.3727	0.3146	0.0580	0.0072	0.0070	0.0001	0.3655	0.3076	0.0579	1.3724	0.8003	0.5721	0.2057	0.1937	0.0120	1.1667	0.6066	0.5601	0.0049	0.4900	0.0000	0.8395	5.3099	0.0000	0.0000	0.0000	0.0000	0.0276	0.0003	0.0659	0.0083	0.0013	0.1210	0.0310	0.0000	0.0647	
16	40	0.2306	5	0	1	1	0	0	0	0	0	N	N	N	N	N	N	N	N	N	N	N	N	94.4440	68.3127	0.0000	0.0000	0.0000	0.0000	75.8388	48.1820	0.0000	1.8391	2.1594	0.0000	0.0000	0.0000	0.0000	2.0427	2.4225	0.0000	0.0195	0.0316	0.0002	0.0004	0.0003	0.0008	0.0269	0.0503	0.0000	0.0000	0.0030	-0.4411	-0.0106	12.0000	7.0019	18.8883	21.4344	1.0000	1.0000	0.0000	0.0000	0.0000	0.0000	1.0000	1.0000	0.0000	0.0233	0.0233	0.0001	0.0001	0.0001	0.0000	0.0232	0.0232	0.0000	0.5437	0.4631	0.0806	0.0542	0.0503	0.0039	0.4896	0.4128	0.0768	1.1986	0.7362	0.4624	0.3366	0.2748	0.0618	0.8620	0.4614	0.4006	94.4440	68.3127	0.0000	0.0000	0.0000	0.0000	75.8388	48.1820	0.0000	0.0195	0.0316	0.0002	0.0004	0.0003	0.0008	0.0269	0.0503	0.0000
16	41	0.6609	8	0	1	1	0	0	0	0	0	N	N	N	N	N	N	N	N	N	N	N	N	0.1442	0.0040	0.3816	0.0076	0.0067	0.0000	0.1042	0.0000	0.3179	0.2304	0.0000	1.9417	0.0001	0.0001	0.0000	0.3587	0.0000	2.3381	1.5974	0.0079	5.0886	0.0102	0.0123	0.0006	3.4410	0.0001	7.3551	8300.1660	291.5649	0.0928	0.5401	12.0000	8.1446	18.8883	10.2519	0.1660	0.0000	0.1660	0.0000	0.0000	0.0000	0.1660	0.0000	0.1660	1.0035	0.0034	1.0000	0.0034	0.0034	0.0000	1.0000	0.0000	1.0000	0.7206	0.6351	0.0855	0.2577	0.2432	0.0145	0.4628	0.3918	0.0710	0.6282	0.4317	0.1965	0.3376	0.2770	0.0606	0.2906	0.1547	0.1360	0.1442	0.0040	0.3816	0.0076	0.0067	0.0000	0.1042	0.0000	0.3179	1.5974	0.0079	5.0886	0.0102	0.0123	0.0006	3.4410	0.0001	7.3551
16	42	0.2306	5	0	1	1	0	0	0	0	0	N	N	N	N	N	N	N	N	N	N	N	N	0.0000	0.0000	0.0000	0.0000	0.0000	0.0000	0.0000	0.0000	0.0000	0.0000	0.0000	0.0000	0.0000	0.0000	0.0000	0.0000	0.0000	0.0000	2.4747	2.0185	3.2094	4.0761	5.0702	0.0010	1.7723	0.0065	3.8027	0.9874	0.0000	0.0774	12.0000	5.9981	18.8883	11.5875	0.0000	0.0000	0.0000	0.0000	0.0000	0.0000	0.0000	0.0000	0.0000	2.0126	1.0127	0.9999	1.0108	1.0107	0.0000	1.0019	0.0020	0.9999	0.4681	0.3985	0.0695	0.0468	0.0434	0.0034	0.4213	0.3551	0.0662	0.8133	0.5017	0.3116	0.2480	0.1993	0.0486	0.5653	0.3024	0.2629	0.0000	0.0000	0.0000	0.0000	0.0000	0.0000	0.0000	0.0000	0.0000	2.4747	2.0185	3.2094	4.0761	5.0702	0.0010	1.7723	0.0065	3.8027	
16	43	0.3143	5	0	1	2	1	0	0	0	0	N	N	Y	N	N	N	N	N	N	N	N	N	0.0000	0.0000	0.0000	0.0000	0.0000	0.0000	0.0000	0.0000	0.0000	0.0000	0.0000	0.0000	0.0000	0.0000	0.0000	0.0000	0.0000	0.0000	0.3089	0.4270	0.0015	0.6899	0.7545	0.0016	0.0029	0.0039	0.0015	0.0013	0.0000	-0.0330	12.0000	1.0007	18.8883	2.4334	0.0000	0.0000	0.0000	0.0000	0.0000	0.0000	0.0000	0.0000	0.0000	0.0723	0.0722	0.0001	0.0719	0.0719	0.0000	0.0004	0.0003	0.0001	0.0775	0.0660	0.0116	0.0082	0.0077	0.0005	0.0693	0.0583	0.0111	0.2340	0.1691	0.0650	0.1042	0.0953	0.0089	0.1298	0.0738	0.0560	0.0000	0.0000	0.0000	0.0000	0.0000	0.0000	0.0000	0.0000	0.0000	0.3089	0.4270	0.0015	0.6899	0.7545	0.0016	0.0029	0.0039	0.0015	
16	44	0.2771	4	0	0	1	1	0	0	0	0	N	N	N	N	N	N	N	N	N	N	N	N	0.0072	0.0064	0.0000	0.0303	0.0279	0.0000	0.0000	0.0000	0.0000	0.0012	0.0014	0.0000	0.0088	0.0092	0.0000	0.0000	0.0000	0.0000	0.1623	0.2141	0.0568	0.2886	0.3289	0.0369	0.0526	0.0436	0.0616	0.0000	0.1303	-0.0000	-0.0605	12.0000	1.0391	18.8883	15.0482	0.0001	0.0001	0.0000	0.0001	0.0001	0.0000	0.0000	0.0000	0.0000	0.1763	0.1559	0.0203	0.1457	0.1431	0.0026	0.0305	0.0128	0.0178	0.0861	0.0734	0.0127	0.0114	0.0109	0.0005	0.0747	0.0625	0.0122	1.0861	0.7284	0.3577	0.5049	0.4352	0.0697	0.5812	0.2932	0.2880	0.0072	0.0064	0.0000	0.0303	0.0279	0.0000	0.0000	0.0000	0.0000	0.1623	0.2141	0.0568	0.2886	0.3289	0.0369	0.0526	0.0436	0.0616
16	45	0.1566	3	0	1	1	0	0	0	0	0	N	N	N	N	N	N	N	N	N	N	N	N	0.0000	0.0000	0.0000	0.0000	0.0000	0.0000	0.0000	0.0000	0.0000	0.0000	0.0000	0.0000	0.0000	0.0000	0.0000	0.6989	1.1985	0.0000	0.0397	0.0422	0.0000	0.8133	1.5611	0.0000	0.0000	0.0000	-0.4621	12.0000	12.0036	18.8883	21.9053	0.0000	0.0000	0.0000	0.0000	0.0000	0.0000	0.0000	0.0000	0.0000	1.0080	1.0080	0.0000	0.0085	0.0085	0.0000	0.9996	0.9996	0.0000	0.8765	0.7418	0.1347	0.0156	0.0152	0.0003	0.8609	0.7266	0.1343	1.4423	0.8411	0.6012	0.2133	0.2008	0.0126	1.2290	0.6403	0.5887	0.0000	0.0000	0.0000	0.0000	0.0000	0.0000	0.0000	0.0000	0.0000	0.6989	1.1985	0.0000	0.0397	0.0422	0.0000	0.8133	1.5611	0.0000				
16	46	0.6380	11	1	1	1	0	0	0	0	0	N	N	N	N	N	N	N	N	N	N	N	N	0.0000	0.0000	0.0000	0.0000	0.0000	0.0000	0.0000	0.0000	0.0000	0.0000	0.0000	0.0000	0.0000	0.0000	0.0000	0.0000	0.0008	0.0000	0.0023	0.0000	0.0000	0.0000	0.0014	0.0000	0.0029	101.3788	0.0000	0.0001	12.0000	2.0120	18.8883	1.9924	0.0000	0.0000	0.0000	0.0000	0.0000	0.0000	0.0000	0.0000	0.0000	0.0001	0.0000	0.0001	0.0000	0.0000	0.0000	0.0001	0.0000	0.0001	0.1538	0.1327	0.0211	0.0431	0.0397	0.0033	0.1107	0.0929	0.0178	0.1306	0.0874	0.0432	0.0591	0.0498	0.0093	0.0715	0.0376	0.0339	0.0000	0.0000	0.0000	0.0000	0.0000	0.0000	0.0000	0.0000	0.0000	0.0008	0.0000	0.0023	0.0000	0.0000	0.0000	0.0014	0.0000	0.0029			
16	47	0.2611	9	1	1	1	0	0	0	0	0	N	N	N	N	N	N	N	N	N	N	N	N	0.0000	0.0000	0.0000	0.0000	0.0000	0.0000	0.0000	0.0000	0.0000	0.0000	0.0000	0.0000	0.0000	0.0000	0.0000	0.0000	0.0001	0.0001	0.0000	0.0000	0.0000	0.0000	0.0000	0.0000	-0.0000	12.0000	0.0002	18.8883	4.0036	0.0000	0.0000	0.0000	0.0000	0.0000	0.0000	0.0000	0.0000	0.0000	0.0000	0.0000	0.0000	0.0000	0.0000	0.0000	0.0000	0.0000	0.0000	0.0000	0.0000	0.0000	0.0000	0.0000	0.0000	0.0000	0.0000	0.0000	0.1690	0.1012	0.0678	0.0349	0.0319	0.0031	0.1340	0.0693	0.0648	0.0000	0.0000	0.0000	0.0000	0.0000	0.0000	0.0000	0.0000	0.0000	0.0000	0.0000	0.0000	0.0001	0.0001	0.0000	0.0000	0.0000	0.0000						
16	48	0.1566	3	0	1	1	1	0	0	0	0	N	N	N	N	N	N	N	N	N	N	N	N	0.7145	0.0000	7.5691	0.0000	0.0000	0.0000	0.6309	0.0000	7.4389	2.2469	0.0000	14.4593	0.0000	0.0000	0.0000	2.2901	0.0000	14.4949	3.1449	4.0257	1.9103	0.0149	0.0090	0.1003	3.6300	5.1267	1.9485	inf	0.3385	0.5589	-1.3840	12.0000	6.0036	18.8883	51.7820	1.0000	0.0000	1.0000	0.0000	0.0000	0.0000	1.0000	0.0000	1.0000	6.7361	5.0325	1.7036	0.0043	0.0024	0.0018	6.7318	5.0300	1.7017	0.4450	0.3759	0.0692	0.0084	0.0082	0.0002	0.4367	0.3677	0.0690	2.1419	1.2501	0.8918	0.2874	0.2690	0.0184	1.8545	0.9811	0.8733	0.7145	0.0000	7.5691	0.0000	0.0000	0.0000	0.6309	0.0000	7.4389	3.1449	4.0257	1.9103	0.0149	0.0090	0.1003	3.6300	5.1267	1.9485
16	49	0.1566	3	1	1	1	0	0	0	0	0	N	N	N	N	N	N	N	N	N	N	N	N	0.0000	0.0000	0.0000	0.0000	0.0000	0.0000	0.0000	0.0000	0.0000	0.0000	0.0000	0.0000	0.0000	0.0000	0.0000	0.0000	0.0000	0.0000	1.6634	2.0879	1.0695	0.0032	0.0001	0.0502	1.9407	2.7132	1.0912	0.3661	0.0000	-0.5201	12.0000	5.9964	18.8883	34.6547	0.0000	0.0000	0.0000	0.0000	0.0000	0.0000	0.0000	0.0000	0.0000	2.7320	1.9999	0.7321	0.0007	0.0000	0.0007	2.7312	1.9998	0.7314	0.4445	0.3755	0.0691	0.0084	0.0082	0.0002	0.4361	0.3672	0.0689	1.6424	0.9578	0.6846	0.2351	0.2208	0.0143	1.4073	0.7371	0.6703	0.0000	0.0000	0.0000	0.0000	0.0000	0.0000	0.0000	0.0000	0.0000	1.6634	2.0879	1.0695	0.0032	0.0001	0.0502	1.9407	2.7132	1.0912	
16	50	0.2462	4	0	0	2	0	0	0	0	0	N	N	Y	N	N	N	N	N	N	N	N	N	0.0001	0.0003	0.0000	0.0016	0.0014	0.0000	0.0000	0.0000	0.0000	0.0001	0.0001	0.0000	0.0012	0.0012	0.0000	0.0000	0.0000	0.0000	0.9429	0.4352	1.8718	0.7249	0.8543	0.0188	1.0554	0.0994	2.1967	0.0000	2.3504	-0.0001	0.7201	12.0000	31.2093	18.8883	46.3939	0.0002	0.0002	0.0000	0.0002	0.0002	0.0000	0.0000	0.0000	0.0000	2.9613	0.8839	2.0775	0.7749	0.7718	0.0031	2.1864	0.1121	2.0743	2.3255	1.9955	0.3300	0.1950	0.1872	0.0079	2.1305	1.8083	0.3222	3.1406	2.0307	1.1099	1.0690	0.9035	0.1655	2.0716	1.1273	0.9443	0.0001	0.0003	0.0000	0.0016	0.0014	0.0000	0.0000	0.0000	0.0000	0.9429	0.4352	1.8718	0.7249	0.8543	0.0188	1.0554	0.0994	2.1967
16	51	0.1934	4	0	1	1	0	0	0	0	0	N	N	N	N	N	N	N	N	N	N	N	N	5.0682	218.1091	0.0000	9.7247	34.1821	0.0000	3.7547	814565.5434	0.0000	1.6204	1.8955	0.0000	0.5823	0.5963	0.0000	1.7231	2.0445	0.0000	0.3197	0.0087	0.8567	0.0599	0.0174	0.4607	0.4589	0.0000	0.8964	0.0000	57.0946	-0.2560	0.2236	12.0000	4.1516	18.8883	14.5664	0.5804	0.5804	0.0000	0.0188	0.0188	0.0000	0.5617	0.5617	0.0000	0.4263	0.0073	0.4190	0.0279	0.0073	0.0205	0.3985	0.0000	0.3985	0.3582	0.3062	0.0520	0.0323	0.0315	0.0008	0.3260	0.2747	0.0512	1.3334	0.8444	0.4890	0.4651	0.4206	0.0445	0.8683	0.4238	0.4445	5.0682	218.1091	0.0000	9.7247	34.1821	0.0000	3.7547	814565.5434	0.0000	0.3197	0.0087	0.8567	0.0599	0.0174	0.4607	0.4589	0.0000	0.8964
16	52	0.2739	6	1	0	2	0	0	0	0	0	N	N	Y	N	N	N	N	N	N	N	N	N	0.0058	0.0107	0.0000	0.0898	0.1808	0.0000	0.0000	0.0000	0.0000	0.0000	0.0000	0.0000	0.0000	0.0000	0.0000	0.0000	0.0000	0.0000	0.0003	0.0002	0.0005	0.0000	0.0000	0.0002	0.0004	0.0003	0.0006	0.0000	1.3964	-0.0000	0.0000	12.0000	0.0028	18.8883	0.9232	0.0000	0.0000	0.0000	0.0000	0.0000	0.0000	0.0000	0.0000	0.0000	0.0000	0.0000	0.0000	0.0000	0.0000	0.0000	0.0000	0.0000	0.0000	0.0009	0.0007	0.0001	0.0003	0.0003	0.0000	0.0005	0.0004	0.0001	0.0525	0.0347	0.0177	0.0174	0.0152	0.0021	0.0351	0.0195	0.0156	0.0058	0.0107	0.0000	0.0898	0.1808	0.0000	0.0000	0.0000	0.0000	0.0003	0.0002	0.0005	0.0000	0.0000	0.0002	0.0004	0.0003	0.0006
16	53	0.6532	10	0	1	1	0	0	0	0	0	N	N	N	N	N	N	N	N	N	N	N	N	0.0431	0.1396	0.0000	0.1134	4.8212	0.0000	0.0000	0.0000	0.0000	0.0039	0.0044	0.0000	0.0140	0.0148	0.0000	0.0000	0.0000	0.0000	0.0895	0.0318	0.2191	0.1231	0.0031	0.8055	0.0469	0.0946	0.0008	0.0000	3.0702	-0.0013	0.0341	12.0000	8.5400	18.8883	19.3759	0.0029	0.0029	0.0000	0.0029	0.0029	0.0000	0.0000	0.0000	0.0000	0.1154	0.0283	0.0870	0.0887	0.0019	0.0868	0.0267	0.0265	0.0002	0.7625	0.6627	0.0998	0.2105	0.1989	0.0116	0.5520	0.4638	0.0882	1.2897	0.8924	0.3972	0.7203	0.6125	0.1078	0.5694	0.2799	0.2895	0.0431	0.1396	0.0000	0.1134	4.8212	0.0000	0.0000	0.0000	0.0000	0.0895	0.0318	0.2191	0.1231	0.0031	0.8055	0.0469	0.0946	0.0008
16	54	0.5902	9	0	0	1	0	0	0	0	0	N	N	N	N	N	N	N	N	N	N	N	N	0.0039	0.0051	0.0029	0.0125	0.4634	0.0000	0.0008	0.0000	0.9523	0.0049	0.0048	0.0058	0.0155	0.0163	0.0000	0.0010	0.0000	0.0064	1.2679	0.9414	2.0026	1.2422	0.0352	8.6212	1.2942	2.4796	0.0067	0.1749	0.9450	-0.0010	0.0509	12.0000	7.3474	18.8883	24.2346	0.0034	0.0029	0.0005	0.0029	0.0029	0.0000	0.0005	0.0000	0.0005	1.8506	0.9514	0.8991	0.9192	0.0224	0.8968	0.9314	0.9291	0.0023	0.6956	0.6069	0.0887	0.1879	0.1787	0.0092	0.5077	0.4282	0.0795	1.4596	1.0106	0.4490	0.7400	0.6359	0.1040	0.7197	0.3747	0.3450	0.0039	0.0051	0.0029	0.0125	0.4634	0.0000	0.0008	0.0000	0.9523	1.2679	0.9414	2.0026	1.2422	0.0352	8.6212	1.2942	2.4796	0.0067
16	55	0.5604	8	0	0	1	0	0	0	0	0	N	N	N	N	N	N	N	N	N	N	N	N	0.3812	0.0013	30.0149	0.0027	0.0025	0.0000	5.2844	0.0003	173.1199	0.3092	0.0014	2.3907	0.0040	0.0041	0.0000	0.4389	0.0000	2.6161	0.8110	1.1083	0.0796	1.4825	1.6460	0.3084	0.0831	0.1433	0.0151	253.1539	0.0292	0.0641	-0.4309	12.0000	3.4216	18.8883	15.9376	0.1155	0.0005	0.1150	0.0004	0.0004	0.0000	0.1150	0.0000	0.1150	1.0021	0.9736	0.0284	0.9528	0.9286	0.0242	0.0492	0.0450	0.0042	0.3734	0.3253	0.0481	0.1114	0.1073	0.0041	0.2620	0.2181	0.0440	1.2356	0.8785	0.3571	0.6427	0.5641	0.0786	0.5929	0.3143	0.2785	0.3812	0.0013	30.0149	0.0027	0.0025	0.0000	5.2844	0.0003	173.1199	0.8110	1.1083	0.0796	1.4825	1.6460	0.3084	0.0831	0.1433	0.0151
16	56	0.2771	4	0	1	1	0	0	0	0	0	N	N	N	N	N	N	N	N	N	N	N	N	0.0007	0.0011	0.0000	0.0846	0.0797	0.0000	0.0000	0.0000	0.0000	0.0012	0.0014	0.0000	0.0091	0.0095	0.0000	0.0000	0.0000	0.0000	1.6482	1.2668	2.3918	0.1072	0.1191	0.0341	2.8374	2.7678	2.9090	0.0000	0.9684	-0.0000	0.0694	12.0000	0.9891	18.8883	20.6926	0.0001	0.0001	0.0000	0.0001	0.0001	0.0000	0.0000	0.0000	0.0000	2.0651	1.0492	1.0160	0.0585	0.0559	0.0026	2.0066	0.9933	1.0134	0.0823	0.0702	0.0121	0.0110	0.0105	0.0005	0.0713	0.0596	0.0116	1.2530	0.8282	0.4248	0.5458	0.4694	0.0764	0.7072	0.3589	0.3484	0.0007	0.0011	0.0000	0.0846	0.0797	0.0000	0.0000	0.0000	0.0000	1.6482	1.2668	2.3918	0.1072	0.1191	0.0341	2.8374	2.7678	2.9090
16	57	0.1566	3	0	0	1	0	0	0	0	0	N	N	N	N	N	N	N	N	N	N	N	N	0.0001	0.0002	0.0000	0.0000	0.0000	0.0000	0.0001	0.0001	0.0000	0.0003	0.0003	0.0000	0.0000	0.0000	0.0000	0.0003	0.0003	0.0000	2.1209	1.9562	2.3516	0.0088	0.0013	0.1231	2.4670	2.5285	2.3991	0.0000	0.8589	-0.0000	0.0137	12.0000	5.0326	18.8883	39.3193	0.0001	0.0001	0.0000	0.0000	0.0000	0.0000	0.0001	0.0001	0.0000	3.7253	2.0040	1.7213	0.0022	0.0003	0.0019	3.7231	2.0037	1.7194	0.3750	0.3166	0.0584	0.0072	0.0071	0.0001	0.3678	0.3095	0.0583	1.7564	1.0245	0.7320	0.2473	0.2320	0.0153	1.5092	0.7925	0.7167	0.0001	0.0002	0.0000	0.0000	0.0000	0.0000	0.0001	0.0001	0.0000	2.1209	1.9562	2.3516	0.0088	0.0013	0.1231	2.4670	2.5285	2.3991
16	58	0.1566	3	0	1	1	1	0	0	0	0	N	N	N	N	N	N	N	N	N	N	N	N	0.0000	0.0000	0.0000	0.0000	0.0000	0.0000	0.0000	0.0000	0.0000	0.0000	0.0000	0.0000	0.0000	0.0000	0.0000	0.0000	0.0000	0.0000	1.0333	0.0034	2.4744	0.0084	0.0060	0.0446	1.2035	0.0026	2.5263	520.6241	0.0000	0.9347	12.0000	5.0036	18.8883	36.7244	0.0000	0.0000	0.0000	0.0000	0.0000	0.0000	0.0000	0.0000	0.0000	1.7318	0.0033	1.7285	0.0020	0.0013	0.0007	1.7298	0.0020	1.7278	0.3729	0.3148	0.0581	0.0072	0.0070	0.0001	0.3657	0.3078	0.0579	1.6760	0.9774	0.6985	0.2387	0.2241	0.0146	1.4373	0.7533	0.6839	0.0000	0.0000	0.0000	0.0000	0.0000	0.0000	0.0000	0.0000	0.0000	1.0333	0.0034	2.4744	0.0084	0.0060	0.0446	1.2035	0.0026	2.5263	
16	59	0.5407	8	0	1	1	1	0	0	0	0	N	N	N	N	N	N	N	N	N	N	N	N	0.0033	0.0009	0.2138	0.0025	0.0024	0.0000	0.0052	0.0001	22.0654	0.0056	0.0022	0.0289	0.0058	0.0061	0.0000	0.0055	0.0001	0.0333	1.7185	2.3910	0.1354	2.2803	2.5904	0.4986	1.0544	2.0085	0.0015	1.9009	0.0240	0.0012	-1.5548	12.0000	10.4254	18.8883	21.2017	0.0058	0.0020	0.0038	0.0019	0.0019	0.0000	0.0039	0.0001	0.0038	3.5753	3.4913	0.0840	2.5698	2.4865	0.0833	1.0055	1.0048	0.0007	1.0326	0.9013	0.1313	0.3330	0.3159	0.0171	0.6996	0.5854	0.1142	2.0805	1.4602	0.6203	1.1269	0.9599	0.1670	0.9536	0.5003	0.4533	0.0033	0.0009	0.2138	0.0025	0.0024	0.0000	0.0052	0.0001	22.0654	1.7185	2.3910	0.1354	2.2803	2.5904	0.4986	1.0544	2.0085	0.0015
16	60	0.2739	6	1	0	2	0	0	0	0	0	N	N	Y	N	N	N	N	N	N	N	N	N	0.0001	0.0002	0.0000	0.0077	0.0157	0.0000	0.0000	0.0000	0.0000	0.0000	0.0000	0.0000	0.0000	0.0000	0.0000	0.0000	0.0000	0.0000	0.0001	0.0000	0.0001	0.0000	0.0000	0.0000	0.0001	0.0001	0.0001	0.0000	1.3964	-0.0000	0.0000	12.0000	1.9981	18.8883	3.0867	0.0000	0.0000	0.0000	0.0000	0.0000	0.0000	0.0000	0.0000	0.0000	0.0000	0.0000	0.0000	0.0000	0.0000	0.0000	0.0000	0.0000	0.0000	0.1592	0.1353	0.0238	0.0151	0.0140	0.0011	0.1441	0.1214	0.0227	0.2292	0.1427	0.0865	0.0664	0.0551	0.0113	0.1627	0.0875	0.0752	0.0001	0.0002	0.0000	0.0077	0.0157	0.0000	0.0000	0.0000	0.0000	0.0001	0.0000	0.0001	0.0000	0.0000	0.0000	0.0001	0.0001	0.0001
16	61	0.2306	5	1	0	2	0	0	0	0	0	N	N	Y	N	N	N	N	N	N	N	N	N	0.0037	0.0041	0.0000	1.0326	2.3849	0.0000	0.0000	0.0000	0.0000	0.0002	0.0002	0.0000	0.0016	0.0017	0.0000	0.0000	0.0000	0.0000	0.0432	0.0455	0.0396	0.0015	0.0007	0.0049	0.0614	0.0749	0.0459	0.0000	0.5404	-0.0000	-0.0039	12.0000	4.0039	18.8883	14.0733	0.0000	0.0000	0.0000	0.0000	0.0000	0.0000	0.0000	0.0000	0.0000	0.0359	0.0233	0.0126	0.0004	0.0001	0.0002	0.0356	0.0232	0.0124	0.3156	0.2686	0.0470	0.0318	0.0295	0.0023	0.2838	0.2391	0.0447	0.8315	0.5128	0.3187	0.2522	0.2029	0.0493	0.5793	0.3099	0.2695	0.0037	0.0041	0.0000	1.0326	2.3849	0.0000	0.0000	0.0000	0.0000	0.0432	0.0455	0.0396	0.0015	0.0007	0.0049	0.0614	0.0749	0.0459
16	62	0.2499	6	1	0	2	0	0	0	0	0	N	N	Y	N	N	N	N	N	N	N	N	N	0.0000	0.0000	0.0000	0.0000	0.0000	0.0000	0.0000	0.0000	0.0000	0.0000	0.0000	0.0000	0.0000	0.0000	0.0000	0.0000	0.0000	0.0000	0.0484	0.0461	0.0520	0.0963	0.1150	0.0013	0.0294	0.0012	0.0588	0.7460	0.0000	-0.0011	12.0000	0.0060	18.8883	17.2393	0.0000	0.0000	0.0000	0.0000	0.0000	0.0000	0.0000	0.0000	0.0000	0.0348	0.0199	0.0149	0.0197	0.0196	0.0000	0.0152	0.0003	0.0148	0.0020	0.0018	0.0003	0.0008	0.0008	0.0000	0.0012	0.0009	0.0003	0.7189	0.4330	0.2859	0.2043	0.1708	0.0335	0.5146	0.2622	0.2524	0.0000	0.0000	0.0000	0.0000	0.0000	0.0000	0.0000	0.0000	0.0000	0.0484	0.0461	0.0520	0.0963	0.1150	0.0013	0.0294	0.0012	0.0588	
16	63	0.1934	4	0	0	2	0	0	0	0	0	N	N	Y	N	N	N	N	N	N	N	N	N	0.0005	0.0026	0.0000	0.0190	0.0177	0.0000	0.0000	0.0000	0.0000	0.0001	0.0001	0.0000	0.0004	0.0004	0.0000	0.0000	0.0000	0.0000	0.1549	0.0368	0.3693	0.0212	0.0231	0.0026	0.2391	0.0531	0.4097	0.0000	5.5388	-0.0000	0.0692	12.0000	1.0230	18.8883	12.1924	0.0000	0.0000	0.0000	0.0000	0.0000	0.0000	0.0000	0.0000	0.0000	0.1781	0.0272	0.1508	0.0094	0.0093	0.0001	0.1686	0.0179	0.1507	0.1221	0.1063	0.0158	0.0248	0.0245	0.0003	0.0973	0.0818	0.0155	1.1493	0.7409	0.4085	0.4440	0.4034	0.0405	0.7054	0.3374	0.3679	0.0005	0.0026	0.0000	0.0190	0.0177	0.0000	0.0000	0.0000	0.0000	0.1549	0.0368	0.3693	0.0212	0.0231	0.0026	0.2391	0.0531	0.4097
16	64	0.1566	3	0	0	1	0	0	0	0	0	N	N	N	N	N	N	N	N	N	N	N	N	0.0001	0.0039	0.0000	0.0000	0.0000	0.0000	0.0001	0.0038	0.0000	0.0002	0.0003	0.0000	0.0000	0.0000	0.0000	0.0002	0.0003	0.0000	1.8129	0.0661	4.2713	0.0592	0.0600	0.0432	2.2008	0.0687	4.3586	0.0000	45.9079	-0.0000	0.6986	12.0000	2.4556	18.8883	12.4191	0.0000	0.0000	0.0000	0.0000	0.0000	0.0000	0.0000	0.0000	0.0000	1.3426	0.0286	1.3140	0.0079	0.0077	0.0003	1.3347	0.0209	1.3137	0.1860	0.1568	0.0292	0.0040	0.0039	0.0001	0.1820	0.1529	0.0292	0.7406	0.4330	0.3076	0.1342	0.1279	0.0062	0.6064	0.3050	0.3014	0.0001	0.0039	0.0000	0.0000	0.0000	0.0000	0.0001	0.0038	0.0000	1.8129	0.0661	4.2713	0.0592	0.0600	0.0432	2.2008	0.0687	4.3586
16	65	0.2790	5	0	1	1	0	0	0	0	0	N	N	N	N	N	N	N	N	N	N	N	N	0.0000	0.0000	0.0000	0.0000	0.0000	0.0000	0.0000	0.0000	0.0000	0.0000	0.0000	0.0000	0.0000	0.0000	0.0000	0.0000	0.0000	0.0000	0.0079	0.0097	0.0044	0.0136	0.0166	0.0008	0.0038	0.0024	0.0056	inf	0.2217	0.0000	-0.0018	12.0000	1.7555	18.8883	11.9300	0.0000	0.0000	0.0000	0.0000	0.0000	0.0000	0.0000	0.0000	0.0000	0.0064	0.0052	0.0012	0.0046	0.0046	0.0001	0.0017	0.0006	0.0011	0.1568	0.1356	0.0212	0.0233	0.0226	0.0007	0.1335	0.1131	0.0205	0.8032	0.5397	0.2634	0.3408	0.2765	0.0644	0.4623	0.2633	0.1991	0.0000	0.0000	0.0000	0.0000	0.0000	0.0000	0.0000	0.0000	0.0000	0.0079	0.0097	0.0044	0.0136	0.0166	0.0008	0.0038	0.0024	0.0056
16	66	0.2580	7	1	1	2	0	0	0	0	0	N	N	Y	N	N	N	N	N	N	N	N	N	0.0000	0.0000	0.0000	0.0000	0.0000	0.0000	0.0000	0.0000	0.0000	0.0000	0.0000	0.0000	0.0000	0.0000	0.0000	0.0000	0.0000	0.0000	0.0000	0.0000	12.0000	0.0000	18.8883	0.0000	0.0000	0.0000	0.0000	0.0000	0.0000	0.0000	0.0000	0.0000	0.0000	0.0000	0.0000	0.0000	0.0000	0.0000	0.0000	0.0000	0.0000	0.0000	0.0000	0.0000	0.0000	0.0000	0.0000	0.0000	0.0000	0.0000	0.0000	0.0000	0.0000	0.0000	0.0000	0.0000	0.0000	0.0000	0.0000	0.0000	0.0000	0.0000	0.0000	0.0000	0.0000	0.0000	0.0000	0.0000	0.0000	0.0000	0.0000	0.0000	0.0000	0.0000	0.0000	0.0000	0.0000	0.0000											
16	67	0.7625	10	1	1	2	0	0	0	0	0	N	N	Y	N	N	N	N	N	N	N	N	N	0.0000	0.0000	0.0000	0.0000	0.0000	0.0000	0.0000	0.0000	0.0000	0.0000	0.0000	0.0000	0.0000	0.0000	0.0000	29.3131	18.6519	58.7277	255.5707	60.4568	290.8469	0.0000	0.0000	0.0000	0.9999	0.0000	0.0832	12.0000	1.0000	18.8883	3.0000	0.0000	0.0000	0.0000	0.0000	0.0000	0.0000	0.0000	0.0000	0.0000	1.9999	1.0000	0.9999	1.9999	1.0000	0.9999	0.0000	0.0000	0.0000	0.0627	0.0544	0.0083	0.0155	0.0144	0.0012	0.0472	0.0401	0.0071	0.1243	0.0848	0.0395	0.0619	0.0514	0.0105	0.0624	0.0334	0.0290	0.0000	0.0000	0.0000	0.0000	0.0000	0.0000	0.0000	0.0000	0.0000	16.0868	11.7965	25.2834	32.3050	19.4572	95.1246	0.0000	0.0000	0.0000				
16	68	0.2580	7	1	1	2	0	0	0	0	0	N	N	Y	N	N	N	N	N	N	N	N	N	0.0000	0.0000	0.0000	0.0000	0.0000	0.0000	0.0000	0.0000	0.0000	0.0000	0.0000	0.0000	0.0000	0.0000	0.0000	0.0000	0.0000	0.0000	0.0000	0.0000	12.0000	1.0000	18.8883	0.0000	0.0000	0.0000	0.0000	0.0000	0.0000	0.0000	0.0000	0.0000	0.0000	0.0000	0.0000	0.0000	0.0000	0.0000	0.0000	0.0000	0.0000	0.0000	0.0789	0.0671	0.0119	0.0074	0.0069	0.0005	0.0715	0.0602	0.0113	0.0427	0.0258	0.0168	0.0103	0.0091	0.0012	0.0323	0.0167	0.0156	0.0000	0.0000	0.0000	0.0000	0.0000	0.0000	0.0000	0.0000	0.0000	0.0000	0.0000	0.0000	0.0000	0.0000	0.0000	0.0000	0.0000	0.0000											
16	69	0.2416	6	1	1	2	0	0	0	0	0	N	N	Y	N	N	N	N	N	N	N	N	N	0.0000	0.0000	0.0000	0.0000	0.0000	0.0000	0.0000	0.0000	0.0000	0.0000	0.0000	0.0000	0.0000	0.0000	0.0000	0.0000	0.0000	0.0000	2.8809	4.4944	0.0001	0.0152	0.0167	0.0000	3.8404	6.9903	0.0001	0.0000	0.0000	-0.4520	12.0000	1.0155	18.8883	5.9708	0.0000	0.0000	0.0000	0.0000	0.0000	0.0000	0.0000	0.0000	0.0000	0.9861	0.9861	0.0000	0.0013	0.0013	0.0000	0.9848	0.9848	0.0000	0.0851	0.0727	0.0125	0.0098	0.0092	0.0005	0.0753	0.0634	0.0119	0.3423	0.2194	0.1229	0.0859	0.0785	0.0073	0.2564	0.1409	0.1156	0.0000	0.0000	0.0000	0.0000	0.0000	0.0000	0.0000	0.0000	0.0000	2.8809	4.4944	0.0001	0.0152	0.0167	0.0000	3.8404	6.9903	0.0001	
16	70	0.2368	5	1	0	2	0	0	0	0	0	N	N	Y	N	N	N	N	N	N	N	N	N	0.0198	0.0159	0.0000	0.0490	0.0459	0.0000	0.0000	0.0000	0.0000	0.0023	0.0027	0.0000	0.0066	0.0067	0.0000	0.0000	0.0000	0.0000	0.1187	0.1680	0.0011	0.1340	0.1449	0.0009	0.1081	0.1948	0.0011	0.0000	0.0028	-0.0000	-0.0144	12.0000	0.0406	18.8883	2.3361	0.0000	0.0000	0.0000	0.0000	0.0000	0.0000	0.0000	0.0000	0.0000	0.0315	0.0314	0.0001	0.0146	0.0146	0.0000	0.0170	0.0169	0.0001	0.0085	0.0075	0.0010	0.0030	0.0030	0.0000	0.0055	0.0045	0.0010	0.2656	0.1872	0.0784	0.1088	0.1005	0.0083	0.1568	0.0866	0.0702	0.0198	0.0159	0.0000	0.0490	0.0459	0.0000	0.0000	0.0000	0.0000	0.1187	0.1680	0.0011	0.1340	0.1449	0.0009	0.1081	0.1948	0.0011
16	71	0.7625	10	1	1	2	0	0	0	0	0	N	N	Y	N	N	N	N	N	N	N	N	N	0.0000	0.0000	0.0000	0.0000	0.0000	0.0000	0.0000	0.0000	0.0000	0.0000	0.0000	0.0000	0.0000	0.0000	0.0000	0.0000	0.0000	0.0000	0.0000	0.0000	12.0000	0.0000	18.8883	0.0000	0.0000	0.0000	0.0000	0.0000	0.0000	0.0000	0.0000	0.0000	0.0000	0.0000	0.0000	0.0000	0.0000	0.0000	0.0000	0.0000	0.0000	0.0000	0.0000	0.0000	0.0000	0.0000	0.0000	0.0000	0.0000	0.0000	0.0000	0.0000	0.0000	0.0000	0.0000	0.0000	0.0000	0.0000	0.0000	0.0000	0.0000	0.0000	0.0000	0.0000	0.0000	0.0000	0.0000	0.0000	0.0000	0.0000	0.0000	0.0000	0.0000	0.0000	0.0000	0.0000	0.0000	0.0000											
16	72	0.7445	9	1	1	2	0	0	0	0	0	N	N	Y	N	N	N	N	N	N	N	N	N	0.0826	0.0695	0.0000	2.2412	2.7378	0.0000	0.0000	0.0000	0.0000	0.0005	0.0005	0.0000	0.0017	0.0019	0.0000	0.0000	0.0000	0.0000	0.0057	0.0077	0.0010	0.0008	0.0007	0.0012	0.0134	0.0253	0.0009	0.0000	0.0573	-0.0001	-0.0005	12.0000	3.9057	18.8883	1.1104	0.0001	0.0001	0.0000	0.0001	0.0001	0.0000	0.0000	0.0000	0.0000	0.0012	0.0011	0.0001	0.0001	0.0001	0.0000	0.0011	0.0010	0.0000	0.2777	0.2415	0.0362	0.0749	0.0699	0.0050	0.2028	0.1715	0.0313	0.2088	0.1446	0.0642	0.1279	0.1031	0.0247	0.0810	0.0415	0.0394	0.0826	0.0695	0.0000	2.2412	2.7378	0.0000	0.0000	0.0000	0.0000	0.0057	0.0077	0.0010	0.0008	0.0007	0.0012	0.0134	0.0253	0.0009
16	73	0.5417	7	1	1	1	0	0	0	0	0	N	N	N	N	N	N	N	N	N	N	N	N	1.5223	0.0003	14611.5600	0.0098	0.0004	30.5980	2.1510	0.0002	86208.4161	0.1301	0.0000	1.1115	0.0007	0.0000	0.0108	0.2165	0.0000	1.3924	0.0855	0.1252	0.0001	0.0684	0.0777	0.0004	0.1006	0.1989	0.0000	3715.0290	0.0003	0.0623	-0.0429	12.0000	6.9070	18.8883	16.5673	0.1116	0.0000	0.1115	0.0002	0.0000	0.0002	0.1113	0.0000	0.1113	0.0937	0.0937	0.0000	0.0354	0.0353	0.0000	0.0583	0.0583	0.0000	0.8576	0.7572	0.1003	0.3433	0.3229	0.0204	0.5143	0.4343	0.0799	1.0964	0.7480	0.3483	0.5168	0.4547	0.0621	0.5796	0.2933	0.2863	1.5223	0.0003	14611.5600	0.0098	0.0004	30.5980	2.1510	0.0002	86208.4161	0.0855	0.1252	0.0001	0.0684	0.0777	0.0004	0.1006	0.1989	0.0000
16	74	0.6056	9	0	1	1	1	0	0	0	0	N	N	N	N	N	N	N	N	N	N	N	N	0.0040	0.0033	0.0000	0.1510	0.1422	0.0000	0.0000	0.0000	0.0000	0.0042	0.0049	0.0000	0.0192	0.0205	0.0000	0.0000	0.0000	0.0000	1.0398	1.4906	0.0064	0.1272	0.1445	0.0229	2.1095	4.1553	0.0008	0.0000	0.0019	-0.0009	-0.4678	12.0000	6.4226	18.8883	19.3377	0.0021	0.0021	0.0000	0.0021	0.0021	0.0000	0.0000	0.0000	0.0000	1.0248	1.0229	0.0019	0.0676	0.0659	0.0017	0.9572	0.9570	0.0002	0.5064	0.4333	0.0731	0.1109	0.1037	0.0072	0.3955	0.3296	0.0658	0.9856	0.6862	0.2994	0.5318	0.4559	0.0759	0.4537	0.2303	0.2234	0.0040	0.0033	0.0000	0.1510	0.1422	0.0000	0.0000	0.0000	0.0000	1.0398	1.4906	0.0064	0.1272	0.1445	0.0229	2.1095	4.1553	0.0008
16	75	0.5604	8	0	0	1	1	0	0	0	0	N	N	N	N	N	N	N	N	N	N	N	N	9.8623	13.5815	0.0154	23.2953	41.4431	0.0000	0.0101	0.0003	0.3284	1.7665	2.0337	0.0038	6.5058	6.8070	0.0000	0.0007	0.0000	0.0042	0.1791	0.1497	0.2501	0.2793	0.1642	1.0723	0.0718	0.1241	0.0129	0.0003	0.6911	-0.3894	-0.0118	12.0000	5.1932	18.8883	17.4397	0.8833	0.8831	0.0003	0.8831	0.8831	0.0000	0.0003	0.0000	0.0003	0.2371	0.1402	0.0969	0.1912	0.0982	0.0930	0.0458	0.0420	0.0039	0.5001	0.4342	0.0658	0.1357	0.1297	0.0060	0.3643	0.3045	0.0598	1.3236	0.9362	0.3874	0.6847	0.5980	0.0867	0.6389	0.3382	0.3007	9.8623	13.5815	0.0154	23.2953	41.4431	0.0000	0.0101	0.0003	0.3284	0.1791	0.1497	0.2501	0.2793	0.1642	1.0723	0.0718	0.1241	0.0129
16	76	0.5234	7	0	0	1	0	0	0	0	0	N	N	N	N	N	N	N	N	N	N	N	N	0.7207	0.9874	1.0780	0.9961	2.2660	0.0000	0.7528	0.0038	2.2034	0.4562	0.2660	1.6455	0.8004	0.8393	0.0000	0.3181	0.0003	1.8208	0.6330	0.2694	1.5264	0.8035	0.3704	3.3391	0.4226	0.0702	0.8263	0.9892	2.3053	0.0115	0.2586	12.0000	4.4918	18.8883	17.5337	0.2041	0.1026	0.1015	0.1026	0.1026	0.0000	0.1016	0.0001	0.1015	1.0815	0.3272	0.7543	0.7582	0.2985	0.4597	0.3233	0.0287	0.2946	0.4474	0.3858	0.0617	0.1281	0.1222	0.0059	0.3193	0.2636	0.0558	1.7085	1.2144	0.4941	0.9436	0.8059	0.1377	0.7649	0.4084	0.3565	0.7207	0.9874	1.0780	0.9961	2.2660	0.0000	0.7528	0.0038	2.2034	0.6330	0.2694	1.5264	0.8035	0.3704	3.3391	0.4226	0.0702	0.8263
16	77	0.2525	6	0	0	1	1	0	0	0	0	N	N	N	N	N	N	N	N	N	N	N	N	0.0000	0.0000	0.0000	0.0000	0.0000	0.0000	0.0000	0.0000	0.0000	0.0000	0.0000	0.0000	0.0000	0.0000	0.0000	0.0000	0.0000	0.0000	1.2510	1.9564	0.0000	3.9120	4.4319	0.0000	0.0001	0.0002	0.0000	0.0000	0.0000	-0.4509	12.0000	0.3745	18.8883	14.7996	0.0000	0.0000	0.0000	0.0000	0.0000	0.0000	0.0000	0.0000	0.0000	0.9836	0.9836	0.0000	0.9836	0.9836	0.0000	0.0000	0.0000	0.0000	0.0397	0.0350	0.0047	0.0069	0.0068	0.0001	0.0327	0.0282	0.0046	0.7863	0.5028	0.2835	0.2514	0.2219	0.0295	0.5348	0.2808	0.2540	0.0000	0.0000	0.0000	0.0000	0.0000	0.0000	0.0000	0.0000	0.0000	1.2510	1.9564	0.0000	3.9120	4.4319	0.0000	0.0001	0.0002	0.0000	
16	78	0.2302	5	0	0	1	1	0	0	0	0	N	N	N	N	N	N	N	N	N	N	N	N	0.0000	0.0000	0.0000	0.0000	0.0000	0.0000	0.0000	0.0000	0.0000	0.0000	0.0000	0.0000	0.0000	0.0000	0.0000	0.0000	0.0000	0.0000	0.0322	0.0492	0.0015	0.0924	0.1047	0.0106	0.0022	0.0040	0.0002	0.0168	0.0000	-0.0100	12.0000	1.4595	18.8883	10.3922	0.0000	0.0000	0.0000	0.0000	0.0000	0.0000	0.0000	0.0000	0.0000	0.0226	0.0222	0.0004	0.0215	0.0212	0.0003	0.0010	0.0010	0.0001	0.1260	0.1080	0.0179	0.0097	0.0095	0.0002	0.1162	0.0985	0.0177	0.7010	0.4507	0.2503	0.2328	0.2026	0.0302	0.4682	0.2481	0.2200	0.0000	0.0000	0.0000	0.0000	0.0000	0.0000	0.0000	0.0000	0.0000	0.0322	0.0492	0.0015	0.0924	0.1047	0.0106	0.0022	0.0040	0.0002	
16	79	0.2160	4	0	0	1	1	0	0	0	0	N	N	N	N	N	N	N	N	N	N	N	N	0.0000	0.0000	0.0000	0.0000	0.0000	0.0000	0.0000	0.0000	0.0000	0.0000	0.0000	0.0000	0.0000	0.0000	0.0000	0.0000	0.0000	0.0000	0.0403	0.0560	0.0118	0.0819	0.0874	0.0425	0.0165	0.0251	0.0074	0.1153	0.0000	-0.0078	12.0000	1.3861	18.8883	6.3168	0.0000	0.0000	0.0000	0.0000	0.0000	0.0000	0.0000	0.0000	0.0000	0.0219	0.0196	0.0023	0.0162	0.0152	0.0010	0.0057	0.0044	0.0012	0.1103	0.0934	0.0169	0.0045	0.0043	0.0002	0.1058	0.0891	0.0167	0.5433	0.3508	0.1926	0.1981	0.1740	0.0241	0.3453	0.1768	0.1685	0.0000	0.0000	0.0000	0.0000	0.0000	0.0000	0.0000	0.0000	0.0000	0.0403	0.0560	0.0118	0.0819	0.0874	0.0425	0.0165	0.0251	0.0074	
16	80	0.1566	3	0	0	1	1	0	0	0	0	N	N	N	N	N	N	N	N	N	N	N	N	0.0000	0.0000	0.0000	0.0000	0.0000	0.0000	0.0000	0.0000	0.0000	0.0000	0.0000	0.0000	0.0000	0.0000	0.0000	0.0000	0.0000	0.0000	0.9651	1.6324	0.0306	0.0216	0.0147	0.1416	1.1452	2.2004	0.0283	0.0134	0.0000	-0.4631	12.0000	4.0043	18.8883	19.8631	0.0000	0.0000	0.0000	0.0000	0.0000	0.0000	0.0000	0.0000	0.0000	1.0404	1.0267	0.0138	0.0037	0.0024	0.0013	1.0367	1.0242	0.0124	0.3002	0.2533	0.0469	0.0059	0.0058	0.0001	0.2942	0.2474	0.0468	1.0780	0.6289	0.4491	0.1728	0.1634	0.0093	0.9052	0.4655	0.4397	0.0000	0.0000	0.0000	0.0000	0.0000	0.0000	0.0000	0.0000	0.0000	0.9651	1.6324	0.0306	0.0216	0.0147	0.1416	1.1452	2.2004	0.0283	
16	81	0.6972	9	0	1	2	0	0	0	0	0	N	N	Y	N	N	N	N	N	N	N	N	N	0.0000	0.0000	0.0000	0.0000	0.0000	0.0000	0.0000	0.0000	0.0000	0.0000	0.0000	0.0000	0.0000	0.0000	0.0000	0.0000	0.0000	0.0467	0.0010	0.1463	0.0885	0.0015	0.5860	0.0001	0.0000	0.0002	68.1049	-0.0000	0.0063	12.0000	2.0162	18.8883	4.5500	0.0000	0.0000	0.0000	0.0000	0.0000	0.0000	0.0000	0.0000	0.0000	0.0120	0.0002	0.0118	0.0119	0.0002	0.0118	0.0000	0.0000	0.0000	0.1738	0.1520	0.0218	0.0699	0.0653	0.0046	0.1039	0.0867	0.0172	0.2558	0.1752	0.0805	0.1350	0.1149	0.0201	0.1208	0.0603	0.0604	0.0000	0.0000	0.0000	0.0000	0.0000	0.0000	0.0000	0.0000	0.0000	0.0467	0.0010	0.1463	0.0885	0.0015	0.5860	0.0001	0.0000	0.0002		
16	82	0.2646	7	0	1	2	0	0	0	0	0	N	N	Y	N	N	N	N	N	N	N	N	N	0.0000	0.0000	0.0000	0.0000	0.0000	0.0000	0.0000	0.0000	0.0000	0.0000	0.0000	0.0000	0.0000	0.0000	0.0000	0.0000	0.0000	0.0000	0.0012	0.0018	0.0001	0.0033	0.0038	0.0000	0.0002	0.0003	0.0001	0.0441	0.0000	-0.0002	12.0000	3.0011	18.8883	3.7015	0.0000	0.0000	0.0000	0.0000	0.0000	0.0000	0.0000	0.0000	0.0000	0.0004	0.0004	0.0000	0.0004	0.0004	0.0000	0.0001	0.0000	0.0000	0.2359	0.2009	0.0350	0.0260	0.0242	0.0018	0.2099	0.1767	0.0332	0.3521	0.2236	0.1286	0.1103	0.0971	0.0133	0.2418	0.1265	0.1153	0.0000	0.0000	0.0000	0.0000	0.0000	0.0000	0.0000	0.0000	0.0000	0.0012	0.0018	0.0001	0.0033	0.0038	0.0000	0.0002	0.0003	0.0001	
16	83	0.2532	6	0	1	1	0	0	0	0	0	N	N	N	N	N	N	N	N	N	N	N	N	0.0000	0.0000	0.0008	0.0000	0.0000	0.0331	0.0000	0.0000	0.0000	0.0000	0.0000	0.0000	0.0000	0.0000	0.0000	0.0000	0.0000	0.0000	0.0311	0.0471	0.0018	0.0565	0.0699	0.0008	0.0140	0.0242	0.0021	inf	0.0207	0.0000	-0.0058	12.0000	2.0032	18.8883	4.2039	0.0000	0.0000	0.0000	0.0000	0.0000	0.0000	0.0000	0.0000	0.0000	0.0132	0.0129	0.0003	0.0097	0.0096	0.0000	0.0035	0.0033	0.0002	0.1591	0.1354	0.0237	0.0169	0.0157	0.0012	0.1422	0.1197	0.0225	0.4250	0.2747	0.1504	0.1712	0.1379	0.0333	0.2539	0.1368	0.1171	0.0000	0.0000	0.0008	0.0000	0.0000	0.0331	0.0000	0.0000	0.0000	0.0311	0.0471	0.0018	0.0565	0.0699	0.0008	0.0140	0.0242	0.0021
16	84	0.2499	6	1	0	2	0	0	0	0	0	N	N	Y	N	N	N	N	N	N	N	N	N	0.0000	0.0000	0.0000	0.0000	0.0000	0.0000	0.0000	0.0000	0.0000	0.0000	0.0000	0.0000	0.0000	0.0000	0.0000	0.0000	0.0000	0.0000	0.0526	0.0018	0.1298	0.0011	0.0001	0.0071	0.0760	0.0032	0.1456	46.3393	0.0000	0.0080	12.0000	1.0052	18.8883	4.9545	0.0000	0.0000	0.0000	0.0000	0.0000	0.0000	0.0000	0.0000	0.0000	0.0153	0.0003	0.0150	0.0001	0.0000	0.0001	0.0152	0.0003	0.0149	0.0814	0.0693	0.0121	0.0101	0.0094	0.0007	0.0713	0.0599	0.0114	0.2911	0.1756	0.1155	0.0910	0.0779	0.0131	0.2000	0.0977	0.1023	0.0000	0.0000	0.0000	0.0000	0.0000	0.0000	0.0000	0.0000	0.0000	0.0526	0.0018	0.1298	0.0011	0.0001	0.0071	0.0760	0.0032	0.1456	
16	85	0.2306	5	1	0	2	0	0	0	0	0	N	N	Y	N	N	N	N	N	N	N	N	N	0.0000	0.0000	0.0000	0.0000	0.0000	0.0000	0.0000	0.0000	0.0000	0.0000	0.0000	0.0000	0.0000	0.0000	0.0000	0.0000	0.0000	0.0000	2.1576	0.0797	5.5996	0.0049	0.0015	0.0167	3.3590	0.1433	7.0716	42.4180	0.0000	0.5222	12.0000	0.9968	18.8883	7.6169	0.0000	0.0000	0.0000	0.0000	0.0000	0.0000	0.0000	0.0000	0.0000	1.0069	0.0232	0.9837	0.0008	0.0002	0.0006	1.0061	0.0230	0.9831	0.0801	0.0681	0.0120	0.0084	0.0078	0.0007	0.0716	0.0603	0.0113	0.4667	0.2910	0.1757	0.1672	0.1305	0.0367	0.2995	0.1605	0.1390	0.0000	0.0000	0.0000	0.0000	0.0000	0.0000	0.0000	0.0000	0.0000	2.1576	0.0797	5.5996	0.0049	0.0015	0.0167	3.3590	0.1433	7.0716	
16	86	0.2506	4	1	1	1	0	0	0	0	0	N	N	N	N	N	N	N	N	N	N	N	N	0.4996	72.0465	0.0000	23.5619	161.2070	0.0000	0.0000	0.0000	0.0000	0.0241	0.0289	0.0000	0.1192	0.1249	0.0000	0.0000	0.0000	0.0000	0.0482	0.0004	0.1699	0.0051	0.0008	0.0477	0.0781	0.0000	0.1886	0.0000	166.2753	-0.0061	0.0245	12.0000	5.8060	18.8883	6.1034	0.0138	0.0138	0.0000	0.0138	0.0138	0.0000	0.0000	0.0000	0.0000	0.0457	0.0003	0.0455	0.0020	0.0003	0.0017	0.0438	0.0000	0.0438	0.5720	0.4763	0.0957	0.1156	0.1103	0.0053	0.4564	0.3661	0.0904	0.9484	0.6809	0.2675	0.3881	0.3527	0.0354	0.5603	0.3282	0.2321	0.4996	72.0465	0.0000	23.5619	161.2070	0.0000	0.0000	0.0000	0.0000	0.0482	0.0004	0.1699	0.0051	0.0008	0.0477	0.0781	0.0000	0.1886
16	87	0.1566	3	1	1	1	0	0	0	0	0	N	N	N	N	N	N	N	N	N	N	N	N	0.0008	0.0879	0.0009	0.0003	0.0003	0.0000	0.0007	0.2778	0.0009	0.0016	0.0012	0.0039	0.0000	0.0000	0.0000	0.0016	0.0012	0.0039	1.8667	0.0131	4.4595	0.0413	0.0412	0.0418	2.1845	0.0042	4.5540	0.6161	243.6232	-0.0001	1.4332	12.0000	12.2869	18.8883	21.7146	0.0014	0.0009	0.0005	0.0000	0.0000	0.0000	0.0014	0.0009	0.0005	2.6662	0.0109	2.6553	0.0087	0.0082	0.0005	2.6575	0.0027	2.6548	0.8833	0.7477	0.1357	0.0157	0.0153	0.0003	0.8677	0.7323	0.1353	1.4284	0.8329	0.5954	0.2118	0.1994	0.0125	1.2165	0.6336	0.5830	0.0008	0.0879	0.0009	0.0003	0.0003	0.0000	0.0007	0.2778	0.0009	1.8667	0.0131	4.4595	0.0413	0.0412	0.0418	2.1845	0.0042	4.5540
16	88	0.2532	6	0	1	1	0	0	0	0	0	N	N	N	N	N	N	N	N	N	N	N	N	0.0001	0.0001	0.0000	0.0004	0.0003	0.0000	0.0000	0.0000	0.0000	0.0002	0.0002	0.0000	0.0015	0.0016	0.0000	0.0000	0.0000	0.0000	1.4744	2.3395	0.0012	4.3052	5.2755	0.0012	0.0508	0.0936	0.0012	0.0000	0.0003	-0.0000	-0.4674	12.0000	4.0005	18.8883	9.0093	0.0000	0.0000	0.0000	0.0000	0.0000	0.0000	0.0000	0.0000	0.0000	1.0204	1.0201	0.0003	0.9971	0.9970	0.0001	0.0234	0.0231	0.0002	0.3143	0.2677	0.0467	0.0331	0.0308	0.0023	0.2812	0.2369	0.0443	0.6921	0.4360	0.2560	0.2316	0.1890	0.0426	0.4605	0.2471	0.2134	0.0001	0.0001	0.0000	0.0004	0.0003	0.0000	0.0000	0.0000	0.0000	1.4744	2.3395	0.0012	4.3052	5.2755	0.0012	0.0508	0.0936	0.0012
16	89	0.2306	5	0	1	1	0	0	0	0	0	N	N	N	N	N	N	N	N	N	N	N	N	0.0000	0.0000	0.0000	0.0001	0.0001	0.0000	0.0000	0.0000	0.0000	0.0000	0.0000	0.0000	0.0000	0.0000	0.0000	0.0000	0.0000	0.0000	0.0496	0.0506	0.0480	0.0557	0.0689	0.0067	0.0465	0.0366	0.0579	0.0000	0.5771	-0.0000	-0.0024	12.0000	1.0051	18.8883	9.2650	0.0000	0.0000	0.0000	0.0000	0.0000	0.0000	0.0000	0.0000	0.0000	0.0264	0.0168	0.0097	0.0102	0.0099	0.0003	0.0163	0.0069	0.0094	0.0807	0.0686	0.0121	0.0085	0.0078	0.0007	0.0722	0.0608	0.0114	0.5327	0.3311	0.2016	0.1826	0.1437	0.0389	0.3501	0.1874	0.1626	0.0000	0.0000	0.0000	0.0001	0.0001	0.0000	0.0000	0.0000	0.0000	0.0496	0.0506	0.0480	0.0557	0.0689	0.0067	0.0465	0.0366	0.0579
16	90	0.2790	5	0	0	2	0	0	0	0	0	N	N	Y	N	N	N	N	N	N	N	N	N	0.0000	0.0000	0.0000	0.0000	0.0000	0.0000	0.0000	0.0000	0.0000	0.0000	0.0000	0.0000	0.0000	0.0000	0.0000	0.0000	0.0000	0.0000	0.0098	0.0117	0.0057	0.0158	0.0193	0.0010	0.0049	0.0030	0.0075	inf	0.2226	0.0000	-0.0018	12.0000	2.3559	18.8883	7.1930	0.0000	0.0000	0.0000	0.0000	0.0000	0.0000	0.0000	0.0000	0.0000	0.0064	0.0052	0.0012	0.0046	0.0046	0.0001	0.0017	0.0006	0.0011	0.2029	0.1749	0.0280	0.0277	0.0267	0.0010	0.1752	0.1482	0.0270	0.6508	0.4472	0.2036	0.2942	0.2379	0.0562	0.3566	0.2093	0.1474	0.0000	0.0000	0.0000	0.0000	0.0000	0.0000	0.0000	0.0000	0.0000	0.0098	0.0117	0.0057	0.0158	0.0193	0.0010	0.0049	0.0030	0.0075
16	91	0.2462	4	0	0	1	0	0	0	0	0	N	N	N	N	N	N	N	N	N	N	N	N	0.0011	0.0011	0.0000	0.0041	0.0037	0.0000	0.0000	0.0000	0.0000	0.0003	0.0003	0.0000	0.0012	0.0012	0.0000	0.0000	0.0000	0.0000	0.2526	0.2997	0.1404	0.2968	0.3390	0.0293	0.2123	0.2443	0.1717	0.0014	0.1970	-0.0001	-0.1164	12.0000	4.9284	18.8883	11.0439	0.0002	0.0002	0.0000	0.0002	0.0002	0.0000	0.0000	0.0000	0.0000	0.3963	0.3310	0.0652	0.2221	0.2191	0.0030	0.1742	0.1120	0.0622	0.6291	0.5453	0.0838	0.1465	0.1440	0.0025	0.4825	0.4013	0.0813	1.5689	1.1045	0.4644	0.7482	0.6462	0.1021	0.8206	0.4583	0.3623	0.0011	0.0011	0.0000	0.0041	0.0037	0.0000	0.0000	0.0000	0.0000	0.2526	0.2997	0.1404	0.2968	0.3390	0.0293	0.2123	0.2443	0.1717
16	92	0.1566	3	0	0	1	0	0	0	0	0	N	N	N	N	N	N	N	N	N	N	N	N	0.0009	0.0006	0.0021	0.0012	0.0013	0.0000	0.0008	0.0005	0.0021	0.0006	0.0007	0.0002	0.0000	0.0000	0.0000	0.0006	0.0007	0.0002	0.6707	1.0757	0.1040	0.0362	0.0322	0.0996	0.7818	1.4065	0.1041	0.0587	0.0691	-0.0001	-0.3694	12.0000	3.9161	18.8883	29.2065	0.0002	0.0002	0.0000	0.0000	0.0000	0.0000	0.0002	0.0002	0.0000	0.9383	0.8777	0.0607	0.0075	0.0063	0.0012	0.9308	0.8714	0.0594	0.2937	0.2478	0.0459	0.0058	0.0057	0.0001	0.2879	0.2421	0.0458	1.3991	0.8159	0.5832	0.2086	0.1964	0.0122	1.1905	0.6195	0.5710	0.0009	0.0006	0.0021	0.0012	0.0013	0.0000	0.0008	0.0005	0.0021	0.6707	1.0757	0.1040	0.0362	0.0322	0.0996	0.7818	1.4065	0.1041
16	93	0.6972	9	1	1	1	0	0	0	0	0	N	N	N	N	N	N	N	N	N	N	N	N	0.6963	0.5456	0.0000	0.7234	0.6264	0.0000	0.0000	0.0000	0.0000	1.9970	2.2846	0.0000	5.0402	5.4119	0.0000	0.0000	0.0000	0.0000	2.8680	4.1873	0.0272	6.9674	8.6402	0.0597	0.0087	0.0018	0.0159	0.0000	0.0030	-0.1820	-0.4526	12.0000	2.5103	18.8883	7.4742	0.4126	0.4126	0.0000	0.4126	0.4126	0.0000	0.0000	0.0000	0.0000	0.9940	0.9910	0.0030	0.9925	0.9908	0.0017	0.0014	0.0001	0.0013	0.2066	0.1806	0.0260	0.0819	0.0762	0.0056	0.1247	0.1044	0.0204	0.3466	0.2367	0.1099	0.1801	0.1518	0.0283	0.1664	0.0849	0.0816	0.6963	0.5456	0.0000	0.9147	0.8291	0.0000	0.0000	0.0000	0.0000	2.8680	4.1873	0.0272	5.5102	6.5273	0.0597	0.0087	0.0018	0.0159
16	94	0.6609	8	0	1	1	0	0	0	0	0	N	N	N	N	N	N	N	N	N	N	N	N	17.0490	12.0285	208.1184	25.6622	22.7216	0.0000	14.1263	0.0590	763.1216	0.8497	0.8453	0.8822	2.0369	2.1539	0.0000	0.1643	0.0012	1.0622	0.0498	0.0703	0.0042	0.0794	0.0948	0.0100	0.0116	0.0209	0.0014	0.1387	0.0270	-0.1788	-0.0090	12.0000	7.1305	18.8883	3.2426	0.5599	0.4917	0.0682	0.4912	0.4912	0.0000	0.0687	0.0004	0.0682	0.0208	0.0202	0.0005	0.0187	0.0182	0.0004	0.0021	0.0020	0.0001	0.6590	0.5816	0.0773	0.2412	0.2281	0.0131	0.4178	0.3536	0.0642	0.4170	0.2879	0.1291	0.2352	0.1924	0.0428	0.1818	0.0955	0.0863	17.0490	12.0285	208.1184	25.6622	22.7216	0.0000	14.1263	0.0590	763.1216	0.0498	0.0703	0.0042	0.0794	0.0948	0.0100	0.0116	0.0209	0.0014
16	95	0.2306	5	1	1	1	0	0	0	0	0	N	N	N	N	N	N	N	N	N	N	N	N	0.0000	0.0000	0.0000	0.0000	0.0000	0.0000	0.0000	0.0000	0.0000	0.0000	0.0000	0.0000	0.0000	0.0000	0.0000	0.0000	0.0000	0.0000	0.8026	1.2948	0.0200	0.0278	0.0333	0.0028	1.1007	2.0362	0.0226	0.0097	0.0000	-0.4575	12.0000	8.0000	18.8883	22.5660	0.0000	0.0000	0.0000	0.0000	0.0000	0.0000	0.0000	0.0000	0.0000	1.0194	1.0096	0.0098	0.0098	0.0096	0.0002	1.0096	1.0000	0.0096	0.6183	0.5267	0.0915	0.0614	0.0571	0.0044	0.5568	0.4696	0.0872	1.2701	0.7797	0.4904	0.3528	0.2886	0.0642	0.9173	0.4911	0.4262	0.0000	0.0000	0.0000	0.0000	0.0000	0.0000	0.0000	0.0000	0.0000	0.8026	1.2948	0.0200	0.0278	0.0333	0.0028	1.1007	2.0362	0.0226	
16	96	0.1566	3	0	0	1	0	0	0	0	0	N	N	N	N	N	N	N	N	N	N	N	N	1.4699	0.0013	4.1422	0.0769	0.0746	0.0000	1.2803	0.0000	4.0657	1.1580	0.0001	7.5348	0.0033	0.0033	0.0000	1.1789	0.0000	7.5533	0.7878	0.0507	1.8190	0.0423	0.0446	0.0052	0.9207	0.0527	1.8578	20000.0000	25.6528	0.5589	0.5251	12.0000	11.9964	18.8883	18.8414	1.0001	0.0001	1.0000	0.0001	0.0001	0.0000	1.0000	0.0000	1.0000	1.0416	0.0391	1.0026	0.0085	0.0084	0.0001	1.0332	0.0307	1.0025	0.8636	0.7309	0.1327	0.0153	0.0150	0.0003	0.8483	0.7159	0.1324	1.3222	0.7711	0.5511	0.2001	0.1886	0.0115	1.1221	0.5825	0.5396	1.4699	0.0013	4.1422	0.0769	0.0746	0.0000	1.2803	0.0000	4.0657	0.7878	0.0507	1.8190	0.0423	0.0446	0.0052	0.9207	0.0527	1.8578
16	98	0.2611	7	1	1	2	0	0	0	0	0	N	N	Y	N	N	N	N	N	N	N	N	N	0.0000	0.0000	0.0000	0.0000	0.0000	0.0000	0.0000	0.0000	0.0000	0.0000	0.0000	0.0000	0.0000	0.0000	0.0000	0.0000	0.0000	0.0000	2.7861	4.4612	0.0003	4.0871	5.0024	0.0011	2.1138	4.0261	0.0001	0.0000	0.0000	-0.9158	12.0000	0.9502	18.8883	16.1595	0.0000	0.0000	0.0000	0.0000	0.0000	0.0000	0.0000	0.0000	0.0000	1.9981	1.9980	0.0001	0.9986	0.9985	0.0000	0.9995	0.9995	0.0000	0.0897	0.0775	0.0123	0.0178	0.0170	0.0008	0.0719	0.0604	0.0115	0.7172	0.4479	0.2693	0.2443	0.1996	0.0447	0.4728	0.2482	0.2246	0.0000	0.0000	0.0000	0.0000	0.0000	0.0000	0.0000	0.0000	0.0000	2.7861	4.4612	0.0003	4.0871	5.0024	0.0011	2.1138	4.0261	0.0001	
16	99	0.1566	3	0	1	1	0	0	0	0	0	N	N	N	N	N	N	N	N	N	N	N	N	238.8657	434.9395	0.0000	0.0000	0.0000	0.0000	336.8129	18405631.1289	0.0000	1.1579	1.3682	0.0000	0.0000	0.0000	0.0000	1.1789	1.3969	0.0000	0.0048	0.0031	0.0072	0.0122	0.0125	0.0064	0.0035	0.0000	0.0072	0.0000	1.6422	-0.4411	0.0010	12.0000	11.9964	18.8883	15.6499	1.0000	1.0000	0.0000	0.0000	0.0000	0.0000	1.0000	1.0000	0.0000	0.0059	0.0022	0.0037	0.0023	0.0022	0.0001	0.0036	0.0000	0.0036	0.8636	0.7309	0.1327	0.0153	0.0150	0.0003	0.8483	0.7159	0.1324	1.2122	0.7070	0.5052	0.1879	0.1773	0.0106	1.0243	0.5297	0.4946	238.8657	434.9395	0.0000	0.0000	0.0000	0.0000	336.8129	18405631.1289	0.0000	0.0048	0.0031	0.0072	0.0122	0.0125	0.0064	0.0035	0.0000	0.0072
16	100	0.2640	8	1	0	2	0	0	0	0	0	N	N	Y	N	N	N	N	N	N	N	N	N	0.0000	0.0000	0.0000	0.0000	0.0000	0.0000	0.0000	0.0000	0.0000	0.0000	0.0000	0.0000	0.0000	0.0000	0.0000	0.0000	0.0000	0.0000	0.0527	0.0781	0.0112	0.1132	0.1381	0.0015	0.0215	0.0292	0.0131	0.0880	0.0000	-0.0125	12.0000	1.0008	18.8883	13.9255	0.0000	0.0000	0.0000	0.0000	0.0000	0.0000	0.0000	0.0000	0.0000	0.0330	0.0303	0.0027	0.0241	0.0241	0.0001	0.0089	0.0063	0.0026	0.0809	0.0691	0.0118	0.0121	0.0112	0.0009	0.0688	0.0579	0.0109	0.6261	0.3885	0.2375	0.2133	0.1743	0.0389	0.4128	0.2142	0.1986	0.0000	0.0000	0.0000	0.0000	0.0000	0.0000	0.0000	0.0000	0.0000	0.0527	0.0781	0.0112	0.1132	0.1381	0.0015	0.0215	0.0292	0.0131	
16	101	0.2611	7	1	0	2	0	0	0	0	0	N	N	Y	N	N	N	N	N	N	N	N	N	0.0000	0.0000	0.0000	0.0000	0.0000	0.0000	0.0000	0.0000	0.0000	0.0000	0.0000	0.0000	0.0000	0.0000	0.0000	0.0000	0.0000	0.0000	0.6554	0.9746	0.0006	0.3414	0.4173	0.0013	0.9749	1.8593	0.0003	0.0003	0.0000	-0.0496	12.0000	0.0532	18.8883	2.0467	0.0000	0.0000	0.0000	0.0000	0.0000	0.0000	0.0000	0.0000	0.0000	0.1083	0.1082	0.0000	0.0285	0.0284	0.0000	0.0798	0.0798	0.0000	0.0177	0.0159	0.0017	0.0073	0.0073	0.0000	0.0103	0.0087	0.0017	0.1652	0.1111	0.0542	0.0833	0.0681	0.0152	0.0819	0.0429	0.0389	0.0000	0.0000	0.0000	0.0000	0.0000	0.0000	0.0000	0.0000	0.0000	0.6554	0.9746	0.0006	0.3414	0.4173	0.0013	0.9749	1.8593	0.0003	
16	102	0.2514	6	1	0	2	0	0	0	0	0	N	N	Y	N	N	N	N	N	N	N	N	N	0.0000	0.0000	0.0000	0.0000	0.0000	0.0000	0.0000	0.0000	0.0000	0.0000	0.0000	0.0000	0.0000	0.0000	0.0000	0.0000	0.0000	0.0000	0.5451	0.8289	0.0007	0.6861	0.8374	0.0022	0.4523	0.8205	0.0002	0.0004	0.0000	-0.0719	12.0000	2.0948	18.8883	3.0326	0.0000	0.0000	0.0000	0.0000	0.0000	0.0000	0.0000	0.0000	0.0000	0.1569	0.1568	0.0001	0.0784	0.0784	0.0000	0.0785	0.0785	0.0000	0.1810	0.1554	0.0256	0.0310	0.0292	0.0018	0.1500	0.1262	0.0238	0.2878	0.1892	0.0986	0.1143	0.0936	0.0207	0.1735	0.0956	0.0779	0.0000	0.0000	0.0000	0.0000	0.0000	0.0000	0.0000	0.0000	0.0000	0.5451	0.8289	0.0007	0.6861	0.8374	0.0022	0.4523	0.8205	0.0002	
16	103	0.2306	5	1	0	2	0	0	0	0	0	N	N	Y	N	N	N	N	N	N	N	N	N	0.0000	0.0000	0.0000	0.0000	0.0000	0.0000	0.0000	0.0000	0.0000	0.0000	0.0000	0.0000	0.0000	0.0000	0.0000	0.0000	0.0000	0.0000	0.2249	0.3605	0.0005	0.3480	0.4448	0.0019	0.1568	0.2925	0.0001	0.0008	0.0000	-0.0488	12.0000	3.9484	18.8883	4.8420	0.0000	0.0000	0.0000	0.0000	0.0000	0.0000	0.0000	0.0000	0.0000	0.1066	0.1065	0.0001	0.0587	0.0587	0.0001	0.0478	0.0478	0.0000	0.3113	0.2649	0.0464	0.0314	0.0291	0.0023	0.2799	0.2358	0.0441	0.4738	0.2953	0.1785	0.1688	0.1319	0.0369	0.3050	0.1634	0.1416	0.0000	0.0000	0.0000	0.0000	0.0000	0.0000	0.0000	0.0000	0.0000	0.2249	0.3605	0.0005	0.3480	0.4448	0.0019	0.1568	0.2925	0.0001	
16	104	0.1889	4	0	1	1	0	0	0	0	0	N	N	N	N	N	N	N	N	N	N	N	N	0.0000	0.0000	0.0000	0.0004	0.0004	0.0000	0.0000	0.0000	0.0000	0.0000	0.0000	0.0000	0.0001	0.0001	0.0000	0.0000	0.0000	0.0000	1.2024	1.0157	1.4950	0.2064	0.2296	0.0035	1.4437	1.3316	1.5759	0.0697	0.9390	-0.0000	0.0535	12.0000	8.9557	18.8883	32.3127	0.0000	0.0000	0.0000	0.0000	0.0000	0.0000	0.0000	0.0000	0.0000	2.0644	1.0647	0.9997	0.0691	0.0690	0.0001	1.9953	0.9957	0.9996	0.7897	0.6766	0.1131	0.1192	0.1137	0.0056	0.6705	0.5629	0.1076	1.7169	1.0482	0.6687	0.3348	0.3004	0.0344	1.3820	0.7477	0.6343	0.0000	0.0000	0.0000	0.0004	0.0004	0.0000	0.0000	0.0000	0.0000	1.2024	1.0157	1.4950	0.2064	0.2296	0.0035	1.4437	1.3316	1.5759
16	105	0.2144	5	0	0	2	0	0	0	0	0	N	N	Y	N	N	N	N	N	N	N	N	N	23.9780	18.6098	0.0185	0.0000	0.0000	0.0000	26.0311	18.2326	0.0168	2.6353	3.1258	0.0002	0.0000	0.0000	0.0000	3.0766	3.7321	0.0002	0.1099	0.1680	0.0118	0.0905	0.1103	0.0018	0.1182	0.2047	0.0135	0.0000	0.0416	-0.4411	-0.0286	12.0000	4.2679	18.8883	7.8415	1.0000	1.0000	0.0000	0.0000	0.0000	0.0000	1.0000	1.0000	0.0000	0.0684	0.0657	0.0027	0.0168	0.0168	0.0001	0.0516	0.0489	0.0027	0.3795	0.3199	0.0595	0.0544	0.0520	0.0025	0.3250	0.2679	0.0571	0.6223	0.3909	0.2314	0.1860	0.1520	0.0339	0.4364	0.2389	0.1975	23.9780	18.6098	0.0185	0.0000	0.0000	0.0000	26.0311	18.2326	0.0168	0.1099	0.1680	0.0118	0.0905	0.1103	0.0018	0.1182	0.2047	0.0135
16	106	0.1889	4	0	0	1	0	0	0	0	0	N	N	N	N	N	N	N	N	N	N	N	N	0.0001	0.0001	0.0000	0.0033	0.0033	0.0000	0.0000	0.0000	0.0000	0.0001	0.0001	0.0000	0.0003	0.0003	0.0000	0.0001	0.0001	0.0000	2.4203	1.4182	4.1976	0.0852	0.0880	0.0623	3.3396	2.2812	4.5845	0.0157	1.6689	-0.0000	0.2680	12.0000	1.9301	18.8883	9.0954	0.0000	0.0000	0.0000	0.0000	0.0000	0.0000	0.0000	0.0000	0.0000	1.6053	0.6015	1.0038	0.0160	0.0147	0.0013	1.5893	0.5868	1.0025	0.2629	0.2285	0.0344	0.0804	0.0778	0.0025	0.1826	0.1507	0.0319	0.6633	0.4241	0.2391	0.1874	0.1669	0.0205	0.4759	0.2572	0.2187	0.0001	0.0001	0.0000	0.0033	0.0033	0.0000	0.0000	0.0000	0.0000	2.4203	1.4182	4.1976	0.0852	0.0880	0.0623	3.3396	2.2812	4.5845
16	107	0.1566	3	0	0	1	0	0	0	0	0	N	N	N	N	N	N	N	N	N	N	N	N	0.0003	0.0000	0.0028	0.0052	0.0052	0.0000	0.0003	0.0000	0.0028	0.0000	0.0000	0.0002	0.0001	0.0001	0.0000	0.0000	0.0000	0.0002	0.1097	0.1322	0.0780	0.0231	0.0237	0.0109	0.1295	0.1796	0.0794	14.3572	0.4187	0.0000	-0.0123	12.0000	3.9049	18.8883	9.6098	0.0000	0.0000	0.0000	0.0000	0.0000	0.0000	0.0000	0.0000	0.0000	0.0754	0.0531	0.0223	0.0030	0.0029	0.0001	0.0724	0.0502	0.0222	0.2929	0.2471	0.0458	0.0058	0.0057	0.0001	0.2871	0.2414	0.0456	0.6873	0.4020	0.2852	0.1280	0.1223	0.0057	0.5593	0.2798	0.2795	0.0003	0.0000	0.0028	0.0052	0.0052	0.0000	0.0003	0.0000	0.0028	0.1097	0.1322	0.0780	0.0231	0.0237	0.0109	0.1295	0.1796	0.0794
16	110	0.7583	10	1	0	2	0	0	0	0	0	N	N	Y	N	N	N	N	N	N	N	N	N	0.0000	0.0000	0.0000	0.0000	0.0000	0.0000	0.0000	0.0000	0.0000	0.0000	0.0000	0.0000	0.0000	0.0000	0.0000	0.0000	0.0000	0.0000	0.0000	0.0000	12.0000	0.0001	18.8883	0.0001	0.0000	0.0000	0.0000	0.0000	0.0000	0.0000	0.0000	0.0000	0.0000	0.0000	0.0000	0.0000	0.0000	0.0000	0.0000	0.0000	0.0000	0.0000	0.0082	0.0065	0.0017	0.0041	0.0041	0.0000	0.0041	0.0024	0.0017	0.0002	0.0001	0.0001	0.0001	0.0001	0.0000	0.0001	0.0000	0.0001	0.0000	0.0000	0.0000	0.0000	0.0000	0.0000	0.0000	0.0000	0.0000	0.0000	0.0000	0.0000	0.0000	0.0000	0.0000	0.0000	0.0000	0.0000											
16	111	0.7445	9	1	0	2	0	0	0	0	0	N	N	Y	N	N	N	N	N	N	N	N	N	0.1945	0.1354	1.3839	3.8376	4.6298	0.0000	0.0272	0.0043	1.5904	0.0012	0.0012	0.0017	0.0031	0.0033	0.0000	0.0004	0.0001	0.0020	0.0063	0.0086	0.0012	0.0008	0.0007	0.0012	0.0152	0.0286	0.0012	0.2143	0.0634	-0.0000	-0.0005	12.0000	1.6718	18.8883	2.9223	0.0002	0.0001	0.0000	0.0001	0.0001	0.0000	0.0000	0.0000	0.0000	0.0012	0.0012	0.0001	0.0001	0.0001	0.0000	0.0011	0.0011	0.0000	0.1382	0.1206	0.0176	0.0416	0.0393	0.0023	0.0966	0.0812	0.0153	0.1968	0.1364	0.0603	0.1217	0.0980	0.0236	0.0751	0.0384	0.0367	0.1945	0.1354	1.3839	3.8376	4.6298	0.0000	0.0272	0.0043	1.5904	0.0063	0.0086	0.0012	0.0008	0.0007	0.0012	0.0152	0.0286	0.0012
16	112	0.6609	8	1	0	2	0	0	0	0	0	N	N	Y	N	N	N	N	N	N	N	N	N	0.5477	0.4286	0.4742	2238.4782	2294.6506	0.0000	0.0000	0.0000	1.5958	0.7839	0.8935	0.0002	2.3868	2.5481	0.0000	0.0000	0.0000	0.0002	1.4312	2.0847	0.0003	0.0011	0.0011	0.0009	3.0549	5.7247	0.0001	0.0000	0.0001	-0.3678	-0.4565	12.0000	14.0283	18.8883	7.1084	0.8339	0.8339	0.0000	0.8339	0.8339	0.0000	0.0000	0.0000	0.0000	0.9961	0.9960	0.0001	0.0004	0.0003	0.0001	0.9957	0.9956	0.0000	1.0638	0.9333	0.1305	0.3494	0.3273	0.0221	0.7144	0.6060	0.1083	0.6960	0.4778	0.2182	0.3700	0.3038	0.0662	0.3259	0.1739	0.1520	0.5477	0.4286	0.4742	2238.4782	2294.6506	0.0000	0.0000	0.0000	1.5958	1.4312	2.0847	0.0003	0.0011	0.0011	0.0009	3.0549	5.7247	0.0001
16	113	0.6007	7	0	0	1	0	0	0	0	0	N	N	N	N	N	N	N	N	N	N	N	N	32.2303	15.0910	263.1864	53.9117	56.6603	0.0656	21.5784	0.0000	422.3295	0.3127	0.1772	1.3330	0.4722	0.4969	0.0006	0.2336	0.0000	1.5514	0.0097	0.0117	0.0051	0.0088	0.0088	0.0087	0.0108	0.0176	0.0037	0.9984	0.1900	0.0162	-0.0024	12.0000	8.6129	18.8883	5.1709	0.2768	0.1385	0.1383	0.1385	0.1385	0.0000	0.1383	0.0000	0.1383	0.0079	0.0066	0.0013	0.0039	0.0033	0.0006	0.0040	0.0033	0.0007	0.8853	0.7815	0.1037	0.2933	0.2787	0.0146	0.5920	0.5028	0.0891	0.8126	0.5641	0.2485	0.4423	0.3734	0.0688	0.3703	0.1907	0.1797	32.2303	15.0910	263.1864	53.9117	56.6603	0.0656	21.5784	0.0000	422.3295	0.0097	0.0117	0.0051	0.0088	0.0088	0.0087	0.0108	0.0176	0.0037
16	114	0.5056	6	0	0	1	0	0	0	0	0	N	N	N	N	N	N	N	N	N	N	N	N	7.7345	0.0288	329.5806	0.0459	0.0336	0.7691	45.6152	0.0945	517.1840	0.7214	0.0038	5.2954	0.0079	0.0066	0.0246	0.9455	0.0028	6.0697	0.0933	0.1307	0.0161	0.1732	0.1975	0.0320	0.0207	0.0293	0.0117	220.6689	0.0596	0.5230	-0.0630	12.0000	16.8607	18.8883	22.7724	0.9434	0.0043	0.9392	0.0025	0.0019	0.0006	0.9409	0.0023	0.9386	0.1567	0.1479	0.0088	0.1385	0.1347	0.0038	0.0183	0.0132	0.0051	1.3078	1.1305	0.1774	0.3126	0.2899	0.0227	0.9952	0.8406	0.1546	1.6805	1.1318	0.5486	0.7997	0.6822	0.1175	0.8808	0.4496	0.4311	7.7345	0.0288	329.5806	0.0459	0.0336	0.7691	45.6152	0.0945	517.1840	0.0933	0.1307	0.0161	0.1732	0.1975	0.0320	0.0207	0.0293	0.0117
16	115	0.2368	5	1	0	2	0	0	0	0	0	N	N	Y	N	N	N	N	N	N	N	N	N	0.0000	0.0000	0.0000	0.0000	0.0000	0.0000	0.0000	0.0000	0.0000	0.0000	0.0000	0.0000	0.0000	0.0000	0.0000	0.0000	0.0000	0.0000	0.0004	0.0002	0.0006	0.0005	0.0005	0.0007	0.0003	0.0000	0.0006	1.3718	0.0000	0.0000	12.0000	1.0009	18.8883	4.0038	0.0000	0.0000	0.0000	0.0000	0.0000	0.0000	0.0000	0.0000	0.0000	0.0001	0.0001	0.0001	0.0001	0.0001	0.0000	0.0001	0.0000	0.0001	0.0842	0.0718	0.0124	0.0099	0.0094	0.0005	0.0743	0.0625	0.0119	0.3739	0.2520	0.1219	0.1301	0.1193	0.0107	0.2438	0.1327	0.1112	0.0000	0.0000	0.0000	0.0000	0.0000	0.0000	0.0000	0.0000	0.0000	0.0004	0.0002	0.0006	0.0005	0.0005	0.0007	0.0003	0.0000	0.0006	
16	116	0.2085	4	1	0	2	0	0	0	0	0	N	N	Y	N	N	N	N	N	N	N	N	N	0.0011	0.0000	0.0126	0.0000	0.0000	0.0000	0.0025	0.0000	0.0149	0.0001	0.0000	0.0008	0.0000	0.0000	0.0000	0.0001	0.0000	0.0009	0.0954	0.1171	0.0603	0.2094	0.2265	0.0439	0.0602	0.0593	0.0613	inf	0.3171	0.0000	-0.0128	12.0000	1.8441	18.8883	10.4794	0.0000	0.0000	0.0000	0.0000	0.0000	0.0000	0.0000	0.0000	0.0000	0.0588	0.0446	0.0141	0.0304	0.0298	0.0006	0.0283	0.0148	0.0135	0.1903	0.1639	0.0264	0.0556	0.0511	0.0044	0.1347	0.1128	0.0219	0.6155	0.3810	0.2345	0.1453	0.1316	0.0137	0.4703	0.2494	0.2208	0.0011	0.0000	0.0126	0.0000	0.0000	0.0000	0.0025	0.0000	0.0149	0.0954	0.1171	0.0603	0.2094	0.2265	0.0439	0.0602	0.0593	0.0613
16	117	0.3928	4	0	1	1	1	0	0	0	0	N	N	N	N	N	N	N	N	N	N	N	N	0.0095	0.0080	0.0000	0.0188	0.0177	0.0000	0.0000	0.0000	0.0000	0.0043	0.0049	0.0000	0.0162	0.0170	0.0000	0.0000	0.0000	0.0000	0.4480	0.6097	0.0801	0.8597	0.9645	0.1085	0.0788	0.0836	0.0735	0.0000	0.0577	-0.0019	-0.3281	12.0000	10.5071	18.8883	20.2622	0.0042	0.0042	0.0000	0.0042	0.0042	0.0000	0.0000	0.0000	0.0000	0.8126	0.7682	0.0444	0.7372	0.7258	0.0114	0.0754	0.0424	0.0330	0.9885	0.8603	0.1282	0.2605	0.2470	0.0134	0.7281	0.6133	0.1147	1.8137	1.2601	0.5536	0.8575	0.7525	0.1049	0.9563	0.5076	0.4487	0.0095	0.0080	0.0000	0.0188	0.0177	0.0000	0.0000	0.0000	0.0000	0.4480	0.6097	0.0801	0.8597	0.9645	0.1085	0.0788	0.0836	0.0735
16	118	0.1566	3	0	1	1	1	0	0	0	0	N	N	N	N	N	N	N	N	N	N	N	N	0.0000	0.0000	0.0000	0.0000	0.0000	0.0000	0.0000	0.0000	0.0000	0.0000	0.0000	0.0000	0.0000	0.0000	0.0000	0.0000	0.0000	0.7905	0.0003	1.8961	0.0023	0.0013	0.0174	0.9316	0.0000	1.9362	4144.9232	0.0000	0.5602	12.0000	4.0036	18.8883	26.5072	0.0000	0.0000	0.0000	0.0000	0.0000	0.0000	0.0000	0.0000	0.0000	1.0347	0.0002	1.0344	0.0004	0.0002	0.0002	1.0342	0.0000	1.0342	0.2995	0.2527	0.0468	0.0059	0.0058	0.0001	0.2935	0.2469	0.0467	1.3088	0.7633	0.5456	0.1986	0.1872	0.0114	1.1102	0.5761	0.5342	0.0000	0.0000	0.0000	0.0000	0.0000	0.0000	0.0000	0.0000	0.0000	0.7905	0.0003	1.8961	0.0023	0.0013	0.0174	0.9316	0.0000	1.9362		
16	119	0.1950	4	0	1	1	0	0	0	0	0	N	N	N	N	N	N	N	N	N	N	N	N	113.5367	82.2759	0.0000	117.8086	120.9197	0.0000	104.5699	66.7499	0.0000	4.7416	5.5586	0.0000	7.7662	8.6402	0.0000	3.6700	4.3858	0.0000	0.0418	0.0676	0.0000	0.0659	0.0715	0.0001	0.0351	0.0657	0.0000	0.0000	0.0001	-0.8804	-0.0224	12.0000	3.8169	18.8883	21.2433	1.9960	1.9960	0.0000	0.8553	0.8553	0.0000	1.1407	1.1407	0.0000	0.0488	0.0488	0.0000	0.0167	0.0167	0.0000	0.0322	0.0322	0.0000	0.4210	0.3591	0.0619	0.1101	0.0990	0.0111	0.3108	0.2601	0.0507	1.1690	0.7226	0.4464	0.2528	0.2332	0.0196	0.9162	0.4894	0.4268	113.5367	82.2759	0.0000	117.8086	120.9197	0.0000	104.5699	66.7499	0.0000	0.0418	0.0676	0.0000	0.0659	0.0715	0.0001	0.0351	0.0657	0.0000
16	120	0.5407	8	0	1	1	0	0	0	0	0	N	N	N	N	N	N	N	N	N	N	N	N	0.4685	0.4712	0.0198	0.9118	0.9584	0.0000	0.0148	0.0000	0.0454	0.7091	0.8117	0.0207	2.4704	2.6174	0.0000	0.0038	0.0000	0.0236	1.5134	1.7225	1.0484	2.7093	2.7312	2.5894	0.2547	0.0149	0.5205	0.0038	0.2738	-0.4385	-0.9092	12.0000	16.3276	18.8883	34.9199	1.0026	0.9988	0.0038	0.9988	0.9988	0.0000	0.0038	0.0000	0.0038	3.7347	2.9320	0.8027	3.4285	2.9226	0.5059	0.3062	0.0094	0.2968	1.4140	1.2305	0.1835	0.4043	0.3816	0.0227	1.0097	0.8489	0.1608	2.4678	1.7022	0.7656	1.2655	1.0701	0.1954	1.2023	0.6321	0.5702	0.4685	0.4712	0.0198	0.9118	0.9584	0.0000	0.0148	0.0000	0.0454	1.5134	1.7225	1.0484	2.7093	2.7312	2.5894	0.2547	0.0149	0.5205
16	121	0.5234	7	0	1	1	0	0	0	0	0	N	N	N	N	N	N	N	N	N	N	N	N	0.2593	0.0210	1.0910	0.0319	0.0463	0.0000	0.9284	0.0279	2.6942	0.2135	0.0129	1.4648	0.0398	0.0419	0.0000	0.2763	0.0009	1.6227	0.8235	0.6138	1.3426	1.2447	0.9051	3.2443	0.2976	0.0322	0.6023	18.2296	0.8836	0.0614	0.0148	12.0000	6.1757	18.8883	14.5601	0.1211	0.0063	0.1148	0.0060	0.0060	0.0000	0.1151	0.0003	0.1148	1.3807	0.7330	0.6477	1.1587	0.7202	0.4385	0.2220	0.0128	0.2091	0.5671	0.4887	0.0784	0.1505	0.1429	0.0076	0.4165	0.3458	0.0707	1.6767	1.1943	0.4824	0.9309	0.7957	0.1352	0.7458	0.3986	0.3472	0.2593	0.0210	1.0910	0.0319	0.0463	0.0000	0.9284	0.0279	2.6942	0.8235	0.6138	1.3426	1.2447	0.9051	3.2443	0.2976	0.0322	0.6023
16	122	0.4704	6	0	0	1	0	0	0	0	0	N	N	N	N	N	N	N	N	N	N	N	N	2.5328	2.3308	4.9592	0.0382	0.0462	0.0003	4.6148	247.7064	6.1436	2.5770	1.5867	8.9761	0.0483	0.0510	0.0008	3.6086	2.2964	10.1939	1.0175	0.6808	1.8100	1.2639	1.1055	2.4252	0.7820	0.0093	1.6593	0.8755	1.1295	0.0482	0.1293	12.0000	7.5400	18.8883	21.4192	1.8744	0.9994	0.8750	0.0102	0.0102	0.0000	1.8643	0.9893	0.8750	1.7948	0.8428	0.9520	1.0894	0.8384	0.2510	0.7055	0.0044	0.7010	0.7274	0.6299	0.0975	0.2107	0.1991	0.0116	0.5166	0.4308	0.0858	1.7640	1.2381	0.5260	0.8619	0.7584	0.1035	0.9022	0.4797	0.4225	2.5328	2.3308	4.9592	0.0382	0.0462	0.0003	4.6148	247.7064	6.1436	1.0175	0.6808	1.8100	1.2639	1.1055	2.4252	0.7820	0.0093	1.6593
16	123	0.2306	5	0	1	1	0	0	0	0	0	N	N	N	N	N	N	N	N	N	N	N	N	0.0000	0.0000	0.0000	0.0000	0.0000	0.0000	0.0000	0.0000	0.0000	0.0000	0.0000	0.0000	0.0000	0.0000	0.0000	0.0000	0.0000	0.0000	0.9805	1.5939	0.0002	0.0326	0.0399	0.0009	1.3664	2.5539	0.0001	0.0001	0.0000	-0.4628	12.0000	4.0019	18.8883	19.5615	0.0000	0.0000	0.0000	0.0000	0.0000	0.0000	0.0000	0.0000	0.0000	1.0098	1.0098	0.0001	0.0097	0.0097	0.0000	1.0001	1.0001	0.0000	0.3154	0.2684	0.0470	0.0318	0.0295	0.0023	0.2837	0.2390	0.0447	1.0299	0.6335	0.3964	0.2980	0.2419	0.0561	0.7320	0.3916	0.3404	0.0000	0.0000	0.0000	0.0000	0.0000	0.0000	0.0000	0.0000	0.0000	0.9805	1.5939	0.0002	0.0326	0.0399	0.0009	1.3664	2.5539	0.0001	
16	124	0.2085	4	0	0	1	0	0	0	0	0	N	N	N	N	N	N	N	N	N	N	N	N	0.0000	0.0000	0.0000	0.0000	0.0000	0.0000	0.0000	0.0000	0.0000	0.0000	0.0000	0.0000	0.0000	0.0000	0.0000	0.0000	0.0000	0.0000	1.9838	3.1305	0.0748	0.0219	0.0189	0.0517	2.6432	4.9257	0.0764	0.0144	0.0000	-0.4430	12.0000	1.2223	18.8883	8.2281	0.0000	0.0000	0.0000	0.0000	0.0000	0.0000	0.0000	0.0000	0.0000	0.9973	0.9832	0.0141	0.0028	0.0022	0.0006	0.9945	0.9810	0.0135	0.1416	0.1225	0.0191	0.0513	0.0472	0.0041	0.0903	0.0754	0.0150	0.5027	0.3141	0.1887	0.1265	0.1149	0.0116	0.3763	0.1992	0.1771	0.0000	0.0000	0.0000	0.0000	0.0000	0.0000	0.0000	0.0000	0.0000	1.9838	3.1305	0.0748	0.0219	0.0189	0.0517	2.6432	4.9257	0.0764	
16	125	0.1566	3	0	0	1	0	0	0	0	0	N	N	N	N	N	N	N	N	N	N	N	N	0.0000	0.0000	0.0000	0.0000	0.0000	0.0000	0.0000	0.0000	0.0000	0.0000	0.0000	0.0000	0.0000	0.0000	0.0000	0.0000	0.0000	0.0000	1.9753	0.0738	4.6445	0.0592	0.0586	0.0700	2.3712	0.0796	4.7404	44.8456	0.0000	0.8952	12.0000	5.9920	18.8883	12.2976	0.0000	0.0000	0.0000	0.0000	0.0000	0.0000	0.0000	0.0000	0.0000	1.7221	0.0376	1.6845	0.0088	0.0083	0.0005	1.7132	0.0292	1.6840	0.4442	0.3752	0.0690	0.0084	0.0082	0.0002	0.4358	0.3670	0.0689	0.8718	0.5091	0.3627	0.1493	0.1418	0.0074	0.7225	0.3673	0.3552	0.0000	0.0000	0.0000	0.0000	0.0000	0.0000	0.0000	0.0000	0.0000	1.9753	0.0738	4.6445	0.0592	0.0586	0.0700	2.3712	0.0796	4.7404	
16	126	0.1514	3	0	1	1	0	0	0	0	0	N	N	N	N	N	N	N	N	N	N	N	N	0.0001	0.0001	0.0000	0.0033	0.0033	0.0000	0.0000	0.0000	0.0000	0.0001	0.0001	0.0000	0.0015	0.0015	0.0000	0.0000	0.0000	0.0000	1.1504	1.4010	0.8104	0.4587	0.4646	0.1604	1.3629	2.0254	0.8176	0.0000	0.4262	-0.0000	-0.2608	12.0000	5.0407	18.8883	17.1705	0.0000	0.0000	0.0000	0.0000	0.0000	0.0000	0.0000	0.0000	0.0000	1.6349	1.1463	0.4886	0.1532	0.1521	0.0011	1.4817	0.9942	0.4875	0.4337	0.3623	0.0714	0.0326	0.0321	0.0005	0.4010	0.3301	0.0709	1.4211	0.8182	0.6029	0.3339	0.3274	0.0066	1.0872	0.4909	0.5963	0.0001	0.0001	0.0000	0.0033	0.0033	0.0000	0.0000	0.0000	0.0000	1.1504	1.4010	0.8104	0.4587	0.4646	0.1604	1.3629	2.0254	0.8176
16	127	0.1355	2	0	1	1	0	0	0	0	0	N	N	N	N	N	N	N	N	N	N	N	N	0.0003	0.0003	0.0000	0.0015	0.0015	0.0000	0.0000	0.0000	0.0000	0.0001	0.0001	0.0000	0.0010	0.0010	0.0000	0.0000	0.0000	0.0000	0.4001	0.3800	0.4284	0.6308	0.6340	0.1168	0.2788	0.0210	0.4300	0.0001	0.8007	-0.0000	-0.0053	12.0000	1.9703	18.8883	6.2034	0.0000	0.0000	0.0000	0.0000	0.0000	0.0000	0.0000	0.0000	0.0000	0.3890	0.2160	0.1730	0.2113	0.2111	0.0002	0.1777	0.0049	0.1727	0.1940	0.1591	0.0349	0.0219	0.0218	0.0001	0.1721	0.1373	0.0348	0.9722	0.5684	0.4037	0.3350	0.3329	0.0021	0.6372	0.2355	0.4017	0.0003	0.0003	0.0000	0.0015	0.0015	0.0000	0.0000	0.0000	0.0000	0.4001	0.3800	0.4284	0.6308	0.6340	0.1168	0.2788	0.0210	0.4300
16	129	0.4997	7	0	1	1	0	0	0	0	0	N	N	N	N	N	N	N	N	N	N	N	N	0.0000	0.0000	0.0000	0.0000	0.0000	0.0000	0.0000	0.0000	0.0000	0.0000	0.0000	0.0000	0.0000	0.0000	0.0000	0.0000	0.0000	0.0000	0.0530	0.0691	0.0004	0.0043	0.0045	0.0020	0.1151	0.2040	0.0001	0.0018	0.0000	-0.0137	12.0000	1.0033	18.8883	0.8635	0.0000	0.0000	0.0000	0.0000	0.0000	0.0000	0.0000	0.0000	0.0000	0.0300	0.0300	0.0001	0.0014	0.0013	0.0000	0.0287	0.0287	0.0000	0.2491	0.2266	0.0224	0.1363	0.1299	0.0064	0.1128	0.0968	0.0160	0.5665	0.4341	0.1324	0.3175	0.2936	0.0239	0.2490	0.1405	0.1085	0.0000	0.0000	0.0000	0.0000	0.0000	0.0000	0.0000	0.0000	0.0000	0.0530	0.0691	0.0004	0.0043	0.0045	0.0020	0.1151	0.2040	0.0001	
16	130	0.4704	6	0	0	1	0	0	0	0	0	N	N	N	N	N	N	N	N	N	N	N	N	0.1018	0.0812	0.2646	0.2589	0.3615	0.0947	0.0471	0.0201	10.7217	0.1114	0.1057	0.1485	0.2086	0.2054	0.2667	0.0662	0.0528	0.1315	1.0943	1.3013	0.5613	0.8057	0.5682	2.8174	1.4052	2.6274	0.0123	0.2150	0.1675	-0.0173	-0.4856	12.0000	5.5514	18.8883	9.9598	0.0655	0.0539	0.0116	0.0389	0.0363	0.0026	0.0265	0.0176	0.0090	1.5422	1.3209	0.2213	0.5889	0.3714	0.2174	0.9534	0.9495	0.0039	0.5879	0.5099	0.0780	0.1866	0.1768	0.0098	0.4012	0.3330	0.0682	1.4093	1.0151	0.3942	0.7309	0.6537	0.0772	0.6785	0.3614	0.3171	0.1018	0.0812	0.2646	0.2589	0.3615	0.0947	0.0471	0.0201	10.7217	1.0943	1.3013	0.5613	0.8057	0.5682	2.8174	1.4052	2.6274	0.0123
16	131	0.4401	5	0	0	1	0	0	0	0	0	N	N	N	N	N	N	N	N	N	N	N	N	1.9835	1.6847	1.5124	1.3904	1.3343	0.7416	9.5456	10.5567	2.0554	0.7060	0.7935	0.1313	0.9255	0.9670	0.1443	0.6319	0.7273	0.1300	0.3559	0.4710	0.0868	0.6656	0.7247	0.1946	0.0662	0.0689	0.0632	0.0252	0.0788	-0.2516	-0.2035	12.0000	9.1969	18.8883	13.4651	0.6040	0.5892	0.0148	0.1997	0.1981	0.0016	0.4043	0.3910	0.0133	0.5283	0.4897	0.0386	0.4775	0.4620	0.0156	0.0508	0.0277	0.0231	0.8556	0.7425	0.1130	0.2158	0.2049	0.0109	0.6398	0.5376	0.1022	1.4843	1.0397	0.4446	0.7174	0.6375	0.0799	0.7669	0.4022	0.3647	1.9835	1.6847	1.5124	1.3904	1.3343	0.7416	9.5456	10.5567	2.0554	0.3559	0.4710	0.0868	0.6656	0.7247	0.1946	0.0662	0.0689	0.0632
16	132	0.2535	7	1	1	1	1	0	0	0	0	N	N	N	N	N	N	N	N	N	N	N	N	inf	inf	inf	inf	12.7273	14.9565	0.0000	0.0000	0.0000	0.0000	14.3129	17.0161	0.0000	0.0000	0.0000	0.0000	0.0000	0.0000	0.0000	0.0000	0.0000	0.0000	0.0000	-0.4411	0.0000	12.0000	1.0000	18.8883	3.0001	1.0000	1.0000	0.0000	0.0000	0.0000	0.0000	1.0000	1.0000	0.0000	0.0000	0.0000	0.0000	0.0000	0.0000	0.0000	0.0000	0.0000	0.0000	0.0786	0.0669	0.0117	0.0087	0.0081	0.0006	0.0699	0.0588	0.0111	0.1663	0.0988	0.0675	0.0333	0.0303	0.0030	0.1330	0.0684	0.0645	inf	inf	0.0000	0.0000	0.0000	0.0000	inf	inf	0.0000	0.0000	0.0000	0.0000	0.0000	0.0000	0.0000	0.0000	0.0000	0.0000						
16	133	0.6525	11	1	1	1	1	0	0	0	0	N	N	N	N	N	N	N	N	N	N	N	N	inf	inf	inf	inf	0.2627	0.0000	2.4299	0.0000	0.0000	0.0000	0.8728	0.0000	5.6893	0.0000	0.0000	0.0000	0.0000	0.0000	0.0000	0.0000	0.0000	0.0000	inf	0.0000	0.0000	12.0000	0.0006	18.8883	1.9797	0.0000	0.0000	0.0000	0.0000	0.0000	0.0000	0.0000	0.0000	0.0000	0.0000	0.0000	0.0000	0.0000	0.0000	0.0000	0.0000	0.0000	0.0000	0.0001	0.0001	0.0000	0.0001	0.0001	0.0000	0.0000	0.0000	0.0000	0.0702	0.0476	0.0225	0.0327	0.0281	0.0047	0.0374	0.0196	0.0179	inf	0.0000	inf	0.0000	0.0000	0.0000	inf	0.0000	inf	0.0000	0.0000	0.0000	0.0000	0.0000	0.0000	0.0000	0.0000	0.0000						
16	134	0.6357	10	1	1	1	1	0	0	0	0	N	N	N	N	N	N	N	N	N	N	N	N	52130507.2267	0.0000	inf	0.0000	0.0000	inf	inf	6.5560	0.0000	47.5457	0.0000	0.0000	0.0000	9.0543	0.0000	56.3879	0.0000	0.0000	0.0000	0.0000	0.0000	0.0000	0.0000	0.0000	0.0000	inf	0.0062	0.5589	-0.0000	12.0000	2.0077	18.8883	6.0321	0.9999	0.0000	0.9999	0.0000	0.0000	0.0000	0.9999	0.0000	0.9999	0.0000	0.0000	0.0000	0.0000	0.0000	0.0000	0.0000	0.0000	0.0000	0.1525	0.1315	0.0210	0.0421	0.0388	0.0033	0.1104	0.0927	0.0177	0.2584	0.1727	0.0857	0.1167	0.0984	0.0183	0.1417	0.0743	0.0674	52130507.2267	0.0000	inf	0.0000	0.0000	0.0000	inf	0.0000	inf	0.0000	0.0000	0.0000	0.0000	0.0000	0.0000	0.0000	0.0000	0.0000		
16	135	0.6310	10	0	1	1	1	0	0	0	0	N	N	N	N	N	N	N	N	N	N	N	N	1.6895	1.3541	0.0000	0.0000	0.0000	0.0000	5089.1847	3364.6049	0.0000	4.1458	4.8823	0.0000	0.0000	0.0000	0.0000	5.6655	6.9104	0.0000	2.4538	3.6057	0.0001	5.7383	6.9938	0.0002	0.0011	0.0021	0.0001	0.0000	0.0000	-0.4410	-0.5196	12.0000	3.0348	18.8883	9.3583	0.9998	0.9998	0.0000	0.0000	0.0000	0.0000	0.9998	0.9998	0.0000	1.1336	1.1336	0.0000	1.1333	1.1333	0.0000	0.0003	0.0003	0.0000	0.2412	0.2048	0.0364	0.0647	0.0601	0.0046	0.1765	0.1447	0.0318	0.4620	0.3144	0.1476	0.2211	0.1878	0.0333	0.2408	0.1266	0.1143	1.6895	1.3541	0.0000	0.0000	0.0000	0.0000	5089.1847	3364.6049	0.0000	2.4538	3.6057	0.0001	5.1254	6.0349	0.0002	0.0011	0.0021	0.0001
16	136	0.6166	9	0	0	1	1	0	0	0	0	N	N	N	N	N	N	N	N	N	N	N	N	0.0155	0.0106	0.0000	0.0000	0.0000	0.0000	2506.2211	2114.2779	0.0000	0.0613	0.0723	0.0000	0.0000	0.0000	0.0000	0.0870	0.1076	0.0000	3.9615	6.8375	0.0006	18.4195	20.0607	0.0025	0.0000	0.0001	0.0000	0.0000	0.0000	-0.0001	-0.3983	12.0000	0.0433	18.8883	6.6805	0.0002	0.0002	0.0000	0.0000	0.0000	0.0000	0.0002	0.0002	0.0000	0.8690	0.8690	0.0000	0.8690	0.8690	0.0000	0.0000	0.0000	0.0000	0.0039	0.0033	0.0006	0.0012	0.0011	0.0001	0.0028	0.0022	0.0005	0.2255	0.1503	0.0753	0.1010	0.0849	0.0161	0.1245	0.0653	0.0592	0.0159	0.0125	0.0000	0.0000	0.0000	0.0000	2506.2211	2114.2779	0.0000	3.8531	5.7821	0.0006	8.6010	10.2307	0.0025	0.0000	0.0001	0.0000
16	137	0.2832	9	0	1	1	1	0	0	0	0	N	N	N	N	N	N	N	N	N	N	N	N	0.0000	0.0000	0.0000	0.0000	0.0000	0.0000	0.0000	0.0000	0.0000	0.0000	0.0000	0.0000	0.0000	0.0000	0.0000	0.0000	0.0000	0.0000	0.0000	0.0000	12.0000	0.0000	18.8883	0.0000	0.0000	0.0000	0.0000	0.0000	0.0000	0.0000	0.0000	0.0000	0.0000	0.0000	0.0000	0.0000	0.0000	0.0000	0.0000	0.0000	0.0000	0.0000	0.0000	0.0000	0.0000	0.0000	0.0000	0.0000	0.0000	0.0000	0.0000	0.0000	0.0000	0.0000	0.0000	0.0000	0.0000	0.0000	0.0000	0.0000	0.0000	0.0000	0.0000	0.0000	0.0000	0.0000	0.0000	0.0000	0.0000	0.0000	0.0000	0.0000	0.0000	0.0000	0.0000	0.0000	0.0000	0.0000											
16	138	0.2781	8	0	1	1	1	0	0	0	0	N	N	N	N	N	N	N	N	N	N	N	N	inf	inf	inf	inf	4.5242	4.8747	0.0000	6.9556	7.1402	0.0000	0.0000	0.0000	0.0000	0.0000	0.0000	0.0000	0.0000	0.0000	0.0000	0.0000	0.0000	0.0000	0.0000	-0.0009	0.0000	12.0000	0.0021	18.8883	2.0000	0.0020	0.0020	0.0000	0.0020	0.0020	0.0000	0.0000	0.0000	0.0000	0.0000	0.0000	0.0000	0.0000	0.0000	0.0000	0.0000	0.0000	0.0000	0.0004	0.0004	0.0000	0.0003	0.0003	0.0000	0.0002	0.0001	0.0000	0.0822	0.0496	0.0326	0.0186	0.0169	0.0017	0.0636	0.0327	0.0309	inf	inf	0.0000	inf	inf	0.0000	0.0000	0.0000	0.0000	0.0000	0.0000	0.0000	0.0000	0.0000	0.0000	0.0000	0.0000	0.0000						
16	139	0.2679	7	0	0	1	1	0	0	0	0	N	N	N	N	N	N	N	N	N	N	N	N	421.3499	296.1095	5053539.7797	4930689.5754	0.0000	0.0000	0.0253	0.0297	0.0000	0.2216	0.2383	0.0000	0.0000	0.0000	0.0000	0.0001	0.0001	0.0000	0.0000	0.0000	0.0000	0.0001	0.0001	0.0000	0.0000	0.0001	-0.0009	-0.0000	12.0000	1.0020	18.8883	3.0181	0.0020	0.0020	0.0000	0.0020	0.0020	0.0000	0.0000	0.0000	0.0000	0.0000	0.0000	0.0000	0.0000	0.0000	0.0000	0.0000	0.0000	0.0000	0.0788	0.0671	0.0117	0.0090	0.0084	0.0006	0.0698	0.0587	0.0111	0.1667	0.0998	0.0670	0.0365	0.0331	0.0034	0.1303	0.0667	0.0636	421.3499	296.1095	0.0000	5053539.7797	4930689.5754	0.0000	0.0000	0.0000	0.0000	0.0001	0.0001	0.0000	0.0000	0.0000	0.0000	0.0001	0.0001	0.0000			
16	140	0.2535	7	0	1	1	0	0	0	0	0	N	N	N	N	N	N	N	N	N	N	N	N	0.0000	0.0000	0.0000	0.0000	0.0000	0.0000	0.0000	0.0000	0.0000	0.0000	0.0000	0.0000	0.0000	0.0000	0.0000	0.0000	0.0000	0.0000	0.0000	0.0000	12.0000	0.0000	18.8883	4.0001	0.0000	0.0000	0.0000	0.0000	0.0000	0.0000	0.0000	0.0000	0.0000	0.0000	0.0000	0.0000	0.0000	0.0000	0.0000	0.0000	0.0000	0.0000	0.0000	0.0000	0.0000	0.0000	0.0000	0.0000	0.0000	0.0000	0.0000	0.1663	0.0988	0.0675	0.0333	0.0303	0.0030	0.1330	0.0684	0.0645	0.0000	0.0000	0.0000	0.0000	0.0000	0.0000	0.0000	0.0000	0.0000	0.0000	0.0000	0.0000	0.0000	0.0000	0.0000	0.0000	0.0000	0.0000											
16	141	0.6312	9	0	1	1	0	0	0	0	0	N	N	N	N	N	N	N	N	N	N	N	N	0.0219	0.1403	0.0000	0.0989	0.2724	0.0000	0.0000	0.0000	0.0000	0.0000	0.0000	0.0000	0.0000	0.0000	0.0000	0.0000	0.0000	0.0000	0.0000	0.0000	0.0000	0.0000	0.0000	0.0000	0.0000	0.0000	0.0000	7.2492	-0.0000	0.0000	12.0000	1.0003	18.8883	5.0186	0.0000	0.0000	0.0000	0.0000	0.0000	0.0000	0.0000	0.0000	0.0000	0.0000	0.0000	0.0000	0.0000	0.0000	0.0000	0.0000	0.0000	0.0000	0.0761	0.0656	0.0105	0.0210	0.0193	0.0017	0.0551	0.0463	0.0088	0.1971	0.1318	0.0653	0.0892	0.0754	0.0138	0.1079	0.0564	0.0515	0.0219	0.1403	0.0000	0.0989	0.2724	0.0000	0.0000	0.0000	0.0000	0.0000	0.0000	0.0000	0.0000	0.0000	0.0000	0.0000	0.0000	0.0000	
16	142	0.2679	7	0	0	2	1	0	0	0	0	N	N	Y	N	N	N	N	N	N	N	N	N	0.0000	0.0000	0.0000	0.0000	0.0000	0.0000	0.0000	0.0000	0.0000	0.0000	0.0000	0.0000	0.0000	0.0000	0.0000	0.0001	0.0001	0.0000	0.0001	0.0001	0.0000	0.0000	0.0001	0.0000	0.0000	0.0000	-0.0000	12.0000	0.0001	18.8883	9.0026	0.0000	0.0000	0.0000	0.0000	0.0000	0.0000	0.0000	0.0000	0.0000	0.0000	0.0000	0.0000	0.0000	0.0000	0.0000	0.0000	0.0000	0.0000	0.0000	0.0000	0.0000	0.0000	0.0000	0.0000	0.0000	0.0000	0.0000	0.3655	0.2188	0.1466	0.0796	0.0722	0.0074	0.2858	0.1466	0.1392	0.0000	0.0000	0.0000	0.0000	0.0000	0.0000	0.0000	0.0000	0.0000	0.0001	0.0001	0.0000	0.0001	0.0001	0.0000	0.0000	0.0001	0.0000				
16	143	0.6166	9	0	0	2	1	0	0	0	0	N	N	Y	N	N	N	N	N	N	N	N	N	0.0000	0.0000	0.0000	0.0000	0.0000	0.0000	0.0000	0.0000	0.0000	0.0000	0.0000	0.0000	0.0000	0.0000	0.0000	0.0000	0.0000	0.0000	3.0216	4.5423	0.0000	0.0003	0.0003	0.0000	5.4617	10.4119	0.0000	0.0000	0.0000	-0.4575	12.0000	2.0061	18.8883	8.0425	0.0000	0.0000	0.0000	0.0000	0.0000	0.0000	0.0000	0.0000	0.0000	0.9980	0.9980	0.0000	0.0000	0.0000	0.0000	0.9980	0.9980	0.0000	0.1513	0.1299	0.0214	0.0385	0.0354	0.0030	0.1128	0.0945	0.0183	0.3303	0.2197	0.1106	0.1476	0.1239	0.0237	0.1827	0.0958	0.0869	0.0000	0.0000	0.0000	0.0000	0.0000	0.0000	0.0000	0.0000	0.0000	3.0216	4.5423	0.0000	0.0003	0.0003	0.0000	5.4617	10.4119	0.0000	
16	144	0.6075	8	0	0	1	1	0	0	0	0	N	N	N	N	N	N	N	N	N	N	N	N	0.0000	0.0000	0.0000	0.0000	0.0000	0.0000	0.0000	0.0000	0.0000	0.0000	0.0000	0.0000	0.0000	0.0000	0.0000	0.0000	0.0000	0.0000	0.0098	0.0133	0.0007	0.0004	0.0002	0.0029	0.0179	0.0317	0.0003	0.0218	0.0000	-0.0009	12.0000	1.9550	18.8883	2.1189	0.0000	0.0000	0.0000	0.0000	0.0000	0.0000	0.0000	0.0000	0.0000	0.0021	0.0020	0.0000	0.0000	0.0000	0.0000	0.0020	0.0020	0.0000	0.1591	0.1362	0.0229	0.0493	0.0446	0.0047	0.1098	0.0916	0.0181	0.2118	0.1520	0.0598	0.0985	0.0885	0.0100	0.1133	0.0635	0.0498	0.0000	0.0000	0.0000	0.0000	0.0000	0.0000	0.0000	0.0000	0.0000	0.0098	0.0133	0.0007	0.0004	0.0002	0.0029	0.0179	0.0317	0.0003	
16	145	0.6075	8	0	0	2	1	0	0	0	0	N	N	Y	N	N	N	N	N	N	N	N	N	0.0000	0.0000	0.0000	0.0000	0.0000	0.0000	0.0000	0.0000	0.0000	0.0000	0.0000	0.0000	0.0000	0.0000	0.0000	0.0000	0.0000	0.0000	0.0594	0.0877	0.0000	0.1335	0.1559	0.0000	0.0000	0.0000	0.0000	0.0000	0.0000	-0.0195	12.0000	2.1261	18.8883	18.6477	0.0000	0.0000	0.0000	0.0000	0.0000	0.0000	0.0000	0.0000	0.0000	0.0425	0.0425	0.0000	0.0425	0.0425	0.0000	0.0000	0.0000	0.0000	0.1718	0.1472	0.0246	0.0528	0.0478	0.0050	0.1191	0.0995	0.0196	0.7166	0.4853	0.2313	0.3187	0.2728	0.0460	0.3978	0.2125	0.1853	0.0000	0.0000	0.0000	0.0000	0.0000	0.0000	0.0000	0.0000	0.0000	0.0594	0.0877	0.0000	0.1335	0.1559	0.0000	0.0000	0.0000	0.0000	
16	146	0.2679	7	0	0	2	1	0	0	0	0	N	N	Y	N	N	N	N	N	N	N	N	N	0.0000	0.0000	0.0000	0.0000	0.0000	0.0000	0.0000	0.0000	0.0000	0.0000	0.0000	0.0000	0.0000	0.0000	0.0000	0.0000	0.0001	0.0000	0.0000	0.0000	0.0000	0.0000	0.0001	0.0000	0.0001	0.0000	-0.0000	12.0000	2.0001	18.8883	5.9880	0.0000	0.0000	0.0000	0.0000	0.0000	0.0000	0.0000	0.0000	0.0000	0.0000	0.0000	0.0000	0.0000	0.0000	0.0000	0.0000	0.0000	0.0000	0.1565	0.1333	0.0232	0.0178	0.0166	0.0012	0.1387	0.1167	0.0220	0.3257	0.1950	0.1307	0.0710	0.0644	0.0066	0.2546	0.1306	0.1241	0.0000	0.0000	0.0000	0.0000	0.0000	0.0000	0.0000	0.0000	0.0000	0.0000	0.0001	0.0000	0.0000	0.0000	0.0000	0.0000	0.0001	0.0000				
16	147	0.2679	7	0	0	2	1	0	0	0	0	N	N	Y	N	N	N	N	N	N	N	N	N	0.0000	0.0000	0.0000	0.0000	0.0000	0.0000	0.0000	0.0000	0.0000	0.0000	0.0000	0.0000	0.0000	0.0000	0.0000	0.0000	0.0000	0.0000	0.0000	0.0000	0.0000	0.0000	0.0000	0.0000	0.0001	0.0000	-0.0000	12.0000	9.0001	18.8883	23.0169	0.0000	0.0000	0.0000	0.0000	0.0000	0.0000	0.0000	0.0000	0.0000	0.0000	0.0000	0.0000	0.0000	0.0000	0.0000	0.0000	0.0000	0.0000	0.6817	0.5817	0.1000	0.0772	0.0719	0.0053	0.6045	0.5098	0.0946	1.1835	0.7106	0.4729	0.2541	0.2299	0.0243	0.9294	0.4808	0.4487	0.0000	0.0000	0.0000	0.0000	0.0000	0.0000	0.0000	0.0000	0.0000	0.0000	0.0000	0.0000	0.0000	0.0000	0.0000	0.0000	0.0000	0.0000				
16	148	0.2426	6	0	0	1	1	0	0	0	0	N	N	N	N	N	N	N	N	N	N	N	N	0.0007	0.0000	16.3761	0.0000	0.0000	0.0000	0.0007	0.0000	17.1784	0.0017	0.0000	0.0114	0.0000	0.0000	0.0000	0.0019	0.0000	0.0121	2.2878	3.8115	0.0007	0.0028	0.0030	0.0006	2.9319	5.7265	0.0007	inf	0.0001	0.0002	-0.4551	12.0000	1.9990	18.8883	7.9526	0.0003	0.0000	0.0003	0.0000	0.0000	0.0000	0.0003	0.0000	0.0003	0.9932	0.9931	0.0001	0.0003	0.0003	0.0000	0.9930	0.9928	0.0001	0.1576	0.1340	0.0236	0.0179	0.0167	0.0012	0.1396	0.1173	0.0224	0.4341	0.2606	0.1736	0.0955	0.0872	0.0083	0.3387	0.1734	0.1653	0.0007	0.0000	16.3761	0.0000	0.0000	0.0000	0.0007	0.0000	17.1784	2.2878	3.8115	0.0007	0.0028	0.0030	0.0006	2.9319	5.7265	0.0007
16	149	0.2106	5	1	1	1	0	0	0	0	0	N	N	N	N	N	N	N	N	N	N	N	N	0.0000	0.0000	0.0000	0.0000	0.0000	0.0000	0.0000	0.0000	0.0000	0.0000	0.0000	0.0000	0.0000	0.0000	0.0000	0.0000	0.0000	0.0000	2.6203	1.5551	4.3898	0.0051	0.0028	0.0318	3.4258	2.3837	4.6118	1.6993	0.0000	0.4623	12.0000	5.3497	18.8883	17.2225	0.0000	0.0000	0.0000	0.0000	0.0000	0.0000	0.0000	0.0000	0.0000	2.7012	1.0007	1.7005	0.0012	0.0006	0.0006	2.7000	1.0001	1.6999	0.4919	0.4183	0.0736	0.0776	0.0739	0.0037	0.4144	0.3445	0.0699	1.0309	0.6435	0.3874	0.2428	0.2240	0.0188	0.7881	0.4196	0.3686	0.0000	0.0000	0.0000	0.0000	0.0000	0.0000	0.0000	0.0000	0.0000	2.6203	1.5551	4.3898	0.0051	0.0028	0.0318	3.4258	2.3837	4.6118	
16	150	0.2414	6	0	1	1	0	0	0	0	0	N	N	N	N	N	N	N	N	N	N	N	N	2.3419	1.7656	0.0000	0.0499	0.0478	0.0000	2.2717	1.4576	0.0000	2.1961	2.5326	0.0000	0.0033	0.0034	0.0000	3.0352	3.6426	0.0000	0.9377	1.4344	0.0000	0.0652	0.0712	0.0000	1.3361	2.4990	0.0000	0.0000	0.0000	-0.4410	-0.4730	12.0000	3.6794	18.8883	17.4287	0.9998	0.9998	0.0000	0.0004	0.0004	0.0000	0.9994	0.9994	0.0000	1.0320	1.0320	0.0000	0.0225	0.0225	0.0000	1.0095	1.0095	0.0000	0.4553	0.3948	0.0605	0.1260	0.1204	0.0056	0.3293	0.2744	0.0549	1.1005	0.7195	0.3810	0.3449	0.3155	0.0294	0.7556	0.4040	0.3516	2.3419	1.7656	0.0000	0.0499	0.0478	0.0000	2.2717	1.4576	0.0000	0.9377	1.4344	0.0000	0.0652	0.0712	0.0000	1.3361	2.4990	0.0000
16	151	0.2106	5	0	1	1	0	0	0	0	0	N	N	N	N	N	N	N	N	N	N	N	N	0.0020	0.0011	1.2262	0.0000	0.0000	0.0000	0.0018	0.0009	1.2284	0.0029	0.0024	0.0056	0.0000	0.0000	0.0000	0.0035	0.0030	0.0059	1.4086	2.1927	0.0045	0.0153	0.0165	0.0001	1.9170	3.5619	0.0048	0.4084	0.0012	-0.0002	-0.4543	12.0000	3.4464	18.8883	10.1316	0.0010	0.0007	0.0003	0.0000	0.0000	0.0000	0.0010	0.0007	0.0003	0.9935	0.9924	0.0011	0.0029	0.0029	0.0000	0.9906	0.9895	0.0011	0.3488	0.2967	0.0521	0.0662	0.0633	0.0029	0.2827	0.2335	0.0492	0.7053	0.4526	0.2528	0.1886	0.1748	0.0138	0.5168	0.2778	0.2390	0.0020	0.0011	1.2262	0.0000	0.0000	0.0000	0.0018	0.0009	1.2284	1.4086	2.1927	0.0045	0.0153	0.0165	0.0001	1.9170	3.5619	0.0048
16	152	0.6380	11	1	1	1	0	0	0	0	0	N	N	N	N	N	N	N	N	N	N	N	N	0.0000	0.0000	0.0000	0.0000	0.0000	0.0000	0.0000	0.0000	0.0000	0.0000	0.0000	0.0000	0.0000	0.0000	0.0000	0.0000	0.0000	2.4537	3.6602	0.0235	6.8450	8.5310	0.0003	0.0141	0.0000	0.0298	0.0032	0.0000	-0.4566	12.0000	1.0143	18.8883	12.0086	0.0000	0.0000	0.0000	0.0000	0.0000	0.0000	0.0000	0.0000	0.0000	1.0031	0.9999	0.0032	0.9999	0.9999	0.0000	0.0032	0.0000	0.0032	0.0787	0.0678	0.0108	0.0222	0.0205	0.0017	0.0564	0.0473	0.0092	0.4088	0.2732	0.1356	0.1836	0.1546	0.0290	0.2252	0.1185	0.1066	0.0000	0.0000	0.0000	0.0000	0.0000	0.0000	0.0000	0.0000	0.0000	2.4537	3.6602	0.0235	5.4452	6.4657	0.0003	0.0141	0.0000	0.0298		
16	153	0.6357	10	1	1	1	0	0	0	0	0	N	N	N	N	N	N	N	N	N	N	N	N	0.0882	0.0691	0.0000	0.1459	0.1337	0.0000	0.0000	0.0003	0.0003	0.0000	0.0010	0.0010	0.0000	0.0000	0.0000	0.0000	0.0030	0.0045	0.0001	0.0066	0.0078	0.0000	0.0001	0.0000	0.0001	0.0000	0.0099	-0.0000	-0.0000	12.0000	0.9811	18.8883	0.0216	0.0000	0.0000	0.0000	0.0000	0.0000	0.0000	0.0000	0.0000	0.0000	0.0001	0.0001	0.0000	0.0001	0.0001	0.0000	0.0000	0.0000	0.0000	0.0752	0.0648	0.0104	0.0209	0.0192	0.0016	0.0544	0.0456	0.0088	0.0335	0.0224	0.0111	0.0152	0.0129	0.0024	0.0183	0.0095	0.0087	0.0882	0.0691	0.0000	0.1459	0.1337	0.0000	0.0000	0.0000	0.0000	0.0030	0.0045	0.0001	0.0066	0.0078	0.0000	0.0001	0.0000	0.0001		
16	154	0.6312	9	1	1	1	0	0	0	0	0	N	N	N	N	N	N	N	N	N	N	N	N	3389.6573	5.0914	8873.9449	2.8289	8.0136	0.0000	4322.3338	12570.5684	0.0273	0.0000	0.1923	0.0000	0.0000	0.0000	0.0420	0.0000	0.2547	0.0000	0.0000	0.0000	0.0000	0.0000	0.0000	0.0000	0.0000	0.0000	4545.4091	7.7374	0.0000	0.0000	12.0000	0.0083	18.8883	2.0001	0.0000	0.0000	0.0000	0.0000	0.0000	0.0000	0.0000	0.0000	0.0000	0.0000	0.0000	0.0000	0.0000	0.0000	0.0000	0.0000	0.0000	0.0000	0.0007	0.0006	0.0001	0.0003	0.0002	0.0000	0.0005	0.0004	0.0001	0.0685	0.0459	0.0226	0.0312	0.0265	0.0047	0.0373	0.0195	0.0179	3389.6573	5.0914	8873.9449	2.8289	8.0136	0.0000	4322.3338	0.0000	12570.5684	0.0000	0.0000	0.0000	0.0000	0.0000	0.0000	0.0000	0.0000	0.0000	
16	155	0.6075	8	0	1	1	0	0	0	0	0	N	N	N	N	N	N	N	N	N	N	N	N	0.3463	0.5657	0.0000	0.5532	1.0238	0.0000	0.0000	0.0000	0.0000	0.0001	0.0001	0.0000	0.0003	0.0003	0.0000	0.0000	0.0000	0.0000	0.0003	0.0002	0.0004	0.0005	0.0003	0.0020	0.0000	0.0000	0.0000	0.0000	1.0324	-0.0000	0.0000	12.0000	2.9180	18.8883	7.4065	0.0000	0.0000	0.0000	0.0000	0.0000	0.0000	0.0000	0.0000	0.0000	0.0001	0.0001	0.0001	0.0001	0.0001	0.0000	0.0000	0.0000	0.0000	0.2307	0.1981	0.0327	0.0687	0.0624	0.0062	0.1621	0.1356	0.0264	0.4083	0.2817	0.1266	0.1847	0.1606	0.0240	0.2236	0.1211	0.1026	0.3463	0.5657	0.0000	0.5532	1.0238	0.0000	0.0000	0.0000	0.0000	0.0003	0.0002	0.0004	0.0005	0.0003	0.0020	0.0000	0.0000	0.0000
16	156	0.5417	7	0	0	1	0	0	0	0	0	N	N	N	N	N	N	N	N	N	N	N	N	15.5607	13.6785	0.0115	61.4591	74.2325	0.0062	0.0009	0.0003	0.0186	0.9452	1.0730	0.0003	2.4754	2.6346	0.0005	0.0001	0.0000	0.0002	0.0607	0.0784	0.0231	0.0403	0.0355	0.0737	0.0787	0.1431	0.0118	0.0000	0.1388	-0.3954	-0.0248	12.0000	8.2479	18.8883	19.7214	0.8965	0.8965	0.0000	0.8964	0.8964	0.0000	0.0000	0.0000	0.0000	0.0738	0.0648	0.0090	0.0228	0.0176	0.0052	0.0509	0.0472	0.0038	0.9484	0.8355	0.1130	0.3621	0.3403	0.0219	0.5863	0.4952	0.0911	1.2148	0.8261	0.3887	0.5673	0.4962	0.0711	0.6475	0.3298	0.3177	15.5607	13.6785	0.0115	61.4591	74.2325	0.0062	0.0009	0.0003	0.0186	0.0607	0.0784	0.0231	0.0403	0.0355	0.0737	0.0787	0.1431	0.0118
16	157	0.5056	6	0	0	1	0	0	0	0	0	N	N	N	N	N	N	N	N	N	N	N	N	0.2146	0.0863	65.3917	0.3672	0.3434	0.6321	0.1549	0.0023	179.9201	0.3263	0.1918	1.1955	0.5772	0.6181	0.0376	0.2278	0.0067	1.3972	1.5210	2.2232	0.0183	1.5721	1.7998	0.0594	1.4708	2.9492	0.0078	0.9644	0.0038	0.0111	-0.8429	12.0000	7.4725	18.8883	14.3153	0.2223	0.1132	0.1092	0.1109	0.1104	0.0005	0.1114	0.0028	0.1086	1.8545	1.8474	0.0071	0.9494	0.9447	0.0047	0.9051	0.9027	0.0024	0.6813	0.5900	0.0913	0.1922	0.1786	0.0135	0.4892	0.4114	0.0778	1.2193	0.8310	0.3883	0.6039	0.5249	0.0790	0.6154	0.3061	0.3093	0.2146	0.0863	65.3917	0.3672	0.3434	0.6321	0.1549	0.0023	179.9201	1.5210	2.2232	0.0183	1.5721	1.7998	0.0594	1.4708	2.9492	0.0078
16	158	0.4401	5	0	0	1	0	0	0	0	0	N	N	N	N	N	N	N	N	N	N	N	N	3.9988	1.2676	144.4337	13.7861	2.7954	101.0098	2.5649	0.6954	274.8889	2.7487	1.2101	12.7541	1.9818	0.3391	31.1251	2.9871	1.5145	10.8271	0.6874	0.9546	0.0883	0.1438	0.1213	0.3081	1.1646	2.1777	0.0394	1.6209	0.0413	0.4983	-0.4919	12.0000	11.6653	18.8883	19.4910	2.8096	1.0720	1.7376	0.4804	0.0778	0.4026	2.3292	0.9942	1.3350	1.1748	1.1282	0.0465	0.1149	0.0853	0.0296	1.0599	1.0429	0.0170	1.0221	0.8859	0.1362	0.2424	0.2295	0.0129	0.7798	0.6564	0.1233	1.7091	1.1819	0.5271	0.7990	0.7030	0.0959	0.9101	0.4789	0.4312	3.9988	1.2676	144.4337	13.7861	2.7954	101.0098	2.5649	0.6954	274.8889	0.6874	0.9546	0.0883	0.1438	0.1213	0.3081	1.1646	2.1777	0.0394
16	159	0.3928	4	0	0	1	0	0	0	0	0	N	N	N	N	N	N	N	N	N	N	N	N	0.9864	1.7270	1.0135	0.0239	0.0189	0.3199	1.0296	8.0386	0.9356	0.8266	0.6719	1.9026	0.0122	0.0106	0.0429	1.1743	0.9913	2.1430	0.8381	0.3891	1.8772	0.5109	0.5625	0.1342	1.1405	0.1233	2.2907	0.4073	2.0850	-0.0977	0.3176	12.0000	7.3933	18.8883	20.5306	0.6443	0.4578	0.1865	0.0028	0.0024	0.0005	0.6414	0.4555	0.1860	1.4603	0.4734	0.9869	0.4276	0.4141	0.0135	1.0327	0.0593	0.9734	0.7794	0.6814	0.0980	0.2332	0.2220	0.0112	0.5462	0.4594	0.0868	1.7425	1.2167	0.5258	0.8370	0.7362	0.1008	0.9054	0.4805	0.4250	0.9864	1.7270	1.0135	0.0239	0.0189	0.3199	1.0296	8.0386	0.9356	0.8381	0.3891	1.8772	0.5109	0.5625	0.1342	1.1405	0.1233	2.2907
16	160	0.1566	3	0	0	1	0	0	0	0	0	N	N	N	N	N	N	N	N	N	N	N	N	0.0008	0.0011	0.0010	0.1222	0.1664	0.0000	0.0007	0.0008	0.0010	0.0023	0.0019	0.0043	0.0016	0.0016	0.0000	0.0023	0.0019	0.0043	2.8137	1.8312	4.1963	0.0130	0.0098	0.0588	3.2178	2.2904	4.2813	0.3902	1.6286	-0.0007	1.2441	12.0000	27.6416	18.8883	54.6365	0.0042	0.0030	0.0012	0.0000	0.0000	0.0000	0.0042	0.0030	0.0012	7.7181	2.9362	4.7818	0.0045	0.0032	0.0013	7.7136	2.9331	4.7805	1.8553	1.5771	0.2782	0.0311	0.0304	0.0007	1.8242	1.5467	0.2775	2.7430	1.6035	1.1395	0.3458	0.3229	0.0229	2.3972	1.2806	1.1166	0.0008	0.0011	0.0010	0.1222	0.1664	0.0000	0.0007	0.0008	0.0010	2.8137	1.8312	4.1963	0.0130	0.0098	0.0588	3.2178	2.2904	4.2813
16	161	0.2611	9	1	1	1	0	0	0	0	0	N	N	N	N	N	N	N	N	N	N	N	N	0.0000	0.0000	0.0000	0.0000	0.0000	0.0000	0.0000	0.0000	0.0000	0.0000	0.0000	0.0000	0.0000	0.0000	0.0000	0.0000	0.0001	0.0001	0.0000	0.0000	0.0000	0.0000	0.0000	0.0000	-0.0000	12.0000	0.0002	18.8883	3.0099	0.0000	0.0000	0.0000	0.0000	0.0000	0.0000	0.0000	0.0000	0.0000	0.0000	0.0000	0.0000	0.0000	0.0000	0.0000	0.0000	0.0000	0.0000	0.0000	0.0000	0.0000	0.0000	0.0000	0.0000	0.0000	0.0000	0.0000	0.1283	0.0769	0.0513	0.0267	0.0244	0.0023	0.1015	0.0525	0.0490	0.0000	0.0000	0.0000	0.0000	0.0000	0.0000	0.0000	0.0000	0.0000	0.0000	0.0000	0.0000	0.0001	0.0001	0.0000	0.0000	0.0000	0.0000						
16	162	0.2535	8	1	1	1	0	0	0	0	0	N	N	N	N	N	N	N	N	N	N	N	N	0.0000	0.0000	0.0000	0.0000	0.0000	0.0000	0.0000	0.0000	0.0000	0.0000	0.0000	0.0000	0.0000	0.0037	0.0063	0.0000	0.0185	0.0204	0.0000	0.0000	0.0000	0.0000	0.0000	0.0000	-0.0002	12.0000	0.9998	18.8883	2.0118	0.0000	0.0000	0.0000	0.0000	0.0000	0.0000	0.0000	0.0000	0.0000	0.0005	0.0005	0.0000	0.0005	0.0005	0.0000	0.0000	0.0000	0.0000	0.0786	0.0668	0.0117	0.0087	0.0081	0.0006	0.0699	0.0588	0.0111	0.1258	0.0747	0.0511	0.0252	0.0230	0.0023	0.1005	0.0517	0.0488	0.0000	0.0000	0.0000	0.0000	0.0000	0.0000	0.0000	0.0000	0.0000	0.0037	0.0063	0.0000	0.0185	0.0204	0.0000	0.0000	0.0000	0.0000						
16	163	0.2535	7	1	1	1	0	0	0	0	0	N	N	N	N	N	N	N	N	N	N	N	N	0.0000	0.0000	0.0000	0.0000	0.0000	0.0000	0.0000	0.0000	0.0000	0.0000	0.0000	0.0000	0.0000	0.0001	0.0002	0.0000	0.0003	0.0003	0.0000	0.0000	0.0000	0.0000	0.0000	0.0000	-0.0000	12.0000	0.0000	18.8883	0.0003	0.0000	0.0000	0.0000	0.0000	0.0000	0.0000	0.0000	0.0000	0.0000	0.0000	0.0000	0.0000	0.0000	0.0000	0.0000	0.0000	0.0000	0.0000	0.0000	0.0000	0.0000	0.0000	0.0000	0.0000	0.0000	0.0000	0.0000	0.0000	0.0000	0.0000	0.0000	0.0000	0.0000	0.0000	0.0000	0.0000	0.0000	0.0000	0.0000	0.0000	0.0000	0.0000	0.0000	0.0000	0.0000	0.0001	0.0002	0.0000	0.0003	0.0003	0.0000	0.0000	0.0000	0.0000						
16	164	0.2426	6	0	1	1	0	0	0	0	0	N	N	N	N	N	N	N	N	N	N	N	N	4.7352	0.0000	459.4739	0.0000	0.0000	0.0000	340.0808	0.0000	457.9349	0.1532	0.0000	0.6642	0.0000	0.0000	0.0000	0.2526	0.0000	0.6743	0.0323	0.0523	0.0014	0.1278	0.1397	0.0010	0.0007	0.0000	0.0015	inf	0.0178	0.0002	-0.0030	12.0000	0.0063	18.8883	4.3641	0.0003	0.0000	0.0003	0.0000	0.0000	0.0000	0.0003	0.0000	0.0003	0.0069	0.0068	0.0001	0.0068	0.0068	0.0000	0.0001	0.0000	0.0001	0.0018	0.0014	0.0004	0.0007	0.0007	0.0000	0.0011	0.0007	0.0004	0.2128	0.1294	0.0834	0.0529	0.0484	0.0045	0.1599	0.0810	0.0788	4.7352	0.0000	459.4739	0.0000	0.0000	0.0000	340.0808	0.0000	457.9349	0.0323	0.0523	0.0014	0.1278	0.1397	0.0010	0.0007	0.0000	0.0015
16	165	0.2106	5	0	0	1	0	0	0	0	0	N	N	N	N	N	N	N	N	N	N	N	N	139.2973	0.0000	587.4779	0.0000	0.0000	0.0000	135.1114	0.0000	602.3516	3.5919	0.0000	24.1081	0.0000	0.0000	0.0000	4.5905	0.0000	25.6531	0.0258	0.0174	0.0410	0.0040	0.0032	0.0148	0.0340	0.0266	0.0426	inf	1.2993	0.5587	0.0018	12.0000	2.5207	18.8883	10.0226	0.9997	0.0000	0.9997	0.0000	0.0000	0.0000	0.9997	0.0000	0.9997	0.0172	0.0075	0.0097	0.0007	0.0005	0.0002	0.0165	0.0069	0.0095	0.2783	0.2369	0.0415	0.0605	0.0580	0.0025	0.2178	0.1788	0.0390	0.6663	0.4297	0.2366	0.1820	0.1688	0.0132	0.4843	0.2609	0.2234	139.2973	0.0000	587.4779	0.0000	0.0000	0.0000	135.1114	0.0000	602.3516	0.0258	0.0174	0.0410	0.0040	0.0032	0.0148	0.0340	0.0266	0.0426
16	166	0.1950	4	0	0	1	0	0	0	0	0	N	N	N	N	N	N	N	N	N	N	N	N	0.3460	110.7933	0.0000	72.6286	78.6402	0.0000	0.2073	225.8465	0.0000	0.6987	0.8182	0.0000	0.8874	0.9908	0.0000	0.6125	0.7337	0.0000	2.0192	0.0074	5.8970	0.0122	0.0126	0.0081	2.9545	0.0032	6.3938	0.0000	414.2557	-0.1034	0.5322	12.0000	2.6894	18.8883	4.6619	0.2343	0.2343	0.0000	0.0933	0.0933	0.0000	0.1410	0.1410	0.0000	0.9870	0.0024	0.9846	0.0019	0.0018	0.0001	0.9851	0.0006	0.9845	0.3353	0.2863	0.0490	0.1052	0.0942	0.0110	0.2301	0.1921	0.0380	0.4888	0.3218	0.1670	0.1554	0.1424	0.0130	0.3334	0.1794	0.1540	0.3460	110.7933	0.0000	72.6286	78.6402	0.0000	0.2073	225.8465	0.0000	2.0192	0.0074	5.8970	0.0122	0.0126	0.0081	2.9545	0.0032	6.3938
16	167	0.1566	3	0	0	1	0	0	0	0	0	N	N	N	N	N	N	N	N	N	N	N	N	0.0000	0.0000	0.0000	0.0000	0.0000	0.0000	0.0000	0.0000	0.0000	0.0000	0.0000	0.0000	0.0000	0.0000	0.0000	0.0000	0.0000	0.0000	0.0458	0.0329	0.0642	0.0786	0.0820	0.0006	0.0378	0.0096	0.0654	1.3800	0.0000	0.0033	12.0000	2.7966	18.8883	8.5340	0.0000	0.0000	0.0000	0.0000	0.0000	0.0000	0.0000	0.0000	0.0000	0.0275	0.0116	0.0160	0.0093	0.0093	0.0000	0.0183	0.0023	0.0160	0.2113	0.1782	0.0331	0.0044	0.0043	0.0001	0.2069	0.1738	0.0331	0.6003	0.3516	0.2487	0.1178	0.1129	0.0049	0.4825	0.2387	0.2438	0.0000	0.0000	0.0000	0.0000	0.0000	0.0000	0.0000	0.0000	0.0000	0.0458	0.0329	0.0642	0.0786	0.0820	0.0006	0.0378	0.0096	0.0654	
17	18	0.7430	8	2	2	0	0	0	0	0	0	Y	Y	N	N	N	N	N	N	N	N	N	N	0.0000	0.0000	0.0000	0.0000	0.0000	0.0000	0.0000	0.0000	0.0000	0.0000	0.0000	0.0000	0.0000	2.8382	4.0713	0.0000	4.2218	5.4211	0.0000	0.0000	0.0000	0.0000	0.0000	0.0000	-0.4583	3.5868	3.9981	9.0275	16.5900	0.0000	0.0000	0.0000	0.0000	0.0000	0.0000	0.0000	0.0000	0.0000	0.9999	0.9999	0.0000	0.9999	0.9999	0.0000	0.0000	0.0000	0.0000	0.1525	0.1358	0.0167	0.0649	0.0619	0.0030	0.0876	0.0739	0.0137	0.3523	0.2456	0.1067	0.2368	0.1844	0.0524	0.1155	0.0612	0.0543	0.0000	0.0000	0.0000	0.0000	0.0000	0.0000	0.0000	0.0000	0.0000	2.8382	4.0713	0.0000	4.2218	5.4211	0.0000	0.0000	0.0000	0.0000						
17	19	0.4312	6	1	1	1	1	0	0	0	0	N	N	N	N	N	N	N	N	N	N	N	N	0.0000	0.0000	0.0000	0.0000	0.0000	0.0000	0.0000	0.0000	0.0000	0.0000	0.0000	0.0000	0.0000	0.0003	0.0000	0.0009	0.0000	0.0000	0.0000	0.0004	0.0000	0.0009	inf	0.0000	0.0000	3.5868	0.0000	9.0275	2.0009	0.0000	0.0000	0.0000	0.0000	0.0000	0.0000	0.0000	0.0000	0.0000	0.0000	0.0000	0.0000	0.0000	0.0000	0.0000	0.0000	0.0000	0.0000	0.0003	0.0003	0.0000	0.0003	0.0003	0.0000	0.0000	0.0000	0.0000	0.0324	0.0209	0.0115	0.0083	0.0075	0.0008	0.0241	0.0134	0.0107	0.0000	0.0000	0.0000	0.0000	0.0000	0.0000	0.0000	0.0000	0.0000	0.0003	0.0000	0.0009	0.0000	0.0000	0.0000	0.0004	0.0000	0.0009						
17	20	0.4455	7	1	1	1	1	0	0	0	0	N	N	N	N	N	N	N	N	N	N	N	N	0.4266	1.1290	0.0000	0.2571	47.3255	0.0000	0.5771	0.7535	0.0000	2.8814	3.2478	0.0000	2.8173	2.9424	0.0000	2.9200	3.4563	0.0000	6.7548	2.8766	18.8558	10.9568	0.0622	138.9261	5.0601	4.5873	5.6363	0.0000	2.0001	-0.6975	0.6249	3.5868	14.9999	9.0275	23.4905	1.5813	1.5813	0.0000	0.5813	0.5813	0.0000	1.0000	1.0000	0.0000	2.9999	0.9999	2.0000	1.0082	0.0082	1.0000	1.9918	0.9918	1.0000	0.5488	0.4869	0.0619	0.2063	0.1976	0.0088	0.3425	0.2893	0.0531	0.5411	0.3476	0.1935	0.1475	0.1314	0.0161	0.3936	0.2162	0.1774	0.5198	1.1290	0.0000	0.4123	47.3255	0.0000	0.5771	0.7535	0.0000	5.5436	2.8766	10.3336	6.8338	0.0622	62.0353	5.0601	4.5873	5.6363
17	21	0.7430	8	1	2	0	0	0	0	0	0	N	Y	N	N	N	N	N	N	N	N	N	N	0.0000	0.0000	0.0000	0.0000	0.0000	0.0000	0.0000	0.0000	0.0000	0.0000	0.0000	0.0000	0.0000	0.0000	0.0000	0.0000	0.0000	3.5753	5.5201	0.0001	2.7186	3.4560	0.0001	5.2202	9.7883	0.0000	0.0000	0.0000	-0.9168	3.5868	4.9981	9.0275	32.5905	0.0000	0.0000	0.0000	0.0000	0.0000	0.0000	0.0000	0.0000	0.0000	2.0001	2.0001	0.0000	1.0000	1.0000	0.0000	1.0001	1.0001	0.0000	0.1898	0.1690	0.0207	0.0807	0.0770	0.0037	0.1091	0.0920	0.0170	0.5594	0.3915	0.1679	0.3678	0.2893	0.0785	0.1916	0.1022	0.0894	0.0000	0.0000	0.0000	0.0000	0.0000	0.0000	0.0000	0.0000	0.0000	3.5753	5.1085	0.0001	2.7186	3.4560	0.0001	5.2202	9.7883	0.0000		
17	23	0.7905	11	1	1	0	1	0	0	0	0	N	N	N	N	N	N	N	N	N	N	N	N	inf	inf	inf	inf	0.0013	0.0000	0.0120	0.0000	0.0000	0.0000	0.0022	0.0000	0.0143	0.0000	0.0000	0.0000	0.0000	0.0000	0.0000	0.0000	0.0000	0.0000	inf	0.0000	0.0000	3.5868	0.9981	9.0275	0.0014	0.0001	0.0000	0.0001	0.0000	0.0000	0.0000	0.0001	0.0000	0.0001	0.0000	0.0000	0.0000	0.0000	0.0000	0.0000	0.0000	0.0000	0.0000	0.0385	0.0342	0.0043	0.0156	0.0149	0.0007	0.0229	0.0193	0.0036	0.0154	0.0108	0.0046	0.0095	0.0077	0.0018	0.0059	0.0030	0.0028	inf	0.0000	inf	0.0000	0.0000	0.0000	inf	0.0000	inf	0.0000	0.0000	0.0000	0.0000	0.0000	0.0000	0.0000	0.0000	0.0000						
17	24	0.7427	8	1	2	0	1	0	0	0	0	N	Y	N	N	N	N	N	N	N	N	N	N	0.0000	0.0000	0.0000	0.0000	0.0000	0.0000	0.0000	0.0000	0.0000	0.0000	0.0000	0.0000	0.0000	0.0000	0.0000	0.0000	0.0000	0.0000	0.0000	0.0000	0.0000	0.0000	0.0000	0.0000	0.0000	0.0000	0.0331	0.0000	-0.0000	3.5868	0.6341	9.0275	12.6218	0.0000	0.0000	0.0000	0.0000	0.0000	0.0000	0.0000	0.0000	0.0000	0.0000	0.0000	0.0000	0.0000	0.0000	0.0000	0.0000	0.0000	0.0000	0.0237	0.0211	0.0026	0.0102	0.0098	0.0005	0.0135	0.0114	0.0021	0.2648	0.1886	0.0762	0.1544	0.1254	0.0290	0.1104	0.0632	0.0472	0.0000	0.0000	0.0000	0.0000	0.0000	0.0000	0.0000	0.0000	0.0000	0.0000	0.0000	0.0000	0.0000	0.0000	0.0000	0.0000	0.0000	0.0000		
17	25	0.2250	2	1	2	0	0	0	0	0	0	N	Y	N	N	N	N	N	N	N	N	N	N	14.0829	0.3135	11185.3818	0.2473	0.2492	23.0872	9913.5838	0.0000	12509.3968	0.3683	0.0136	1.3550	0.0232	0.0242	0.0053	0.6362	0.0000	1.4826	0.0261	0.0435	0.0001	0.0939	0.0971	0.0002	0.0001	0.0000	0.0001	35.7283	0.0019	0.1753	-0.0072	3.5868	10.0221	9.0275	10.6811	0.3297	0.0090	0.3207	0.0091	0.0090	0.0001	0.3206	0.0000	0.3206	0.0157	0.0156	0.0000	0.0156	0.0156	0.0000	0.0000	0.0000	0.0000	0.8954	0.6587	0.2367	0.3914	0.3710	0.0204	0.5040	0.2877	0.2163	0.5990	0.3596	0.2394	0.1666	0.1610	0.0056	0.4324	0.1987	0.2338	14.0829	0.3135	11185.3818	0.2473	0.2492	23.0872	9913.5838	0.0000	12509.3968	0.0261	0.0435	0.0001	0.0939	0.0971	0.0002	0.0001	0.0000	0.0001
17	26	0.7771	10	1	2	0	0	0	0	0	0	N	Y	N	N	N	N	N	N	N	N	N	N	0.0000	0.0000	0.0000	0.0000	0.0000	0.0000	0.0000	0.0000	0.0000	0.0000	0.0000	0.0000	0.0000	0.0000	0.0000	0.0000	0.0000	0.0135	0.0192	0.0000	0.0209	0.0256	0.0000	0.0012	0.0023	0.0000	0.0000	0.0000	-0.0011	3.5868	3.9997	9.0275	5.4032	0.0000	0.0000	0.0000	0.0000	0.0000	0.0000	0.0000	0.0000	0.0000	0.0025	0.0025	0.0000	0.0024	0.0024	0.0000	0.0001	0.0001	0.0000	0.1526	0.1359	0.0167	0.0646	0.0616	0.0030	0.0880	0.0743	0.0138	0.1810	0.1274	0.0536	0.1136	0.0927	0.0210	0.0674	0.0348	0.0326	0.0000	0.0000	0.0000	0.0000	0.0000	0.0000	0.0000	0.0000	0.0000	0.0135	0.0192	0.0000	0.0209	0.0256	0.0000	0.0012	0.0023	0.0000		
17	27	0.4455	7	1	2	0	1	0	0	0	0	N	Y	N	N	N	N	N	N	N	N	N	N	0.0000	0.0000	0.0000	0.0000	0.0000	0.0000	0.0000	0.0000	0.0000	0.0000	0.0000	0.0000	0.0000	0.0000	0.0000	0.0000	3.9433	7.1498	0.0000	0.1061	0.1185	0.0000	5.4239	10.0011	0.0000	0.0000	0.0000	-0.4620	3.5868	4.9655	9.0275	10.6561	0.0000	0.0000	0.0000	0.0000	0.0000	0.0000	0.0000	0.0000	0.0000	1.0080	1.0080	0.0000	0.0083	0.0082	0.0000	0.9997	0.9997	0.0000	0.1898	0.1681	0.0217	0.0716	0.0685	0.0031	0.1182	0.0996	0.0186	0.2621	0.1696	0.0925	0.0778	0.0696	0.0081	0.1843	0.1000	0.0844	0.0000	0.0000	0.0000	0.0000	0.0000	0.0000	0.0000	0.0000	0.0000	3.8459	5.9429	0.0000	0.1061	0.1185	0.0000	5.4239	10.0011	0.0000			
17	28	0.7956	12	1	2	0	1	0	0	0	0	N	Y	N	N	N	N	N	N	N	N	N	N	0.0000	0.0000	0.0000	0.0000	0.0000	0.0000	0.0000	0.0000	0.0000	0.0000	0.0000	0.0000	0.0000	0.0000	0.0000	0.0000	0.0000	0.0000	0.0000	0.0000	3.5868	0.0000	9.0275	0.0000	0.0000	0.0000	0.0000	0.0000	0.0000	0.0000	0.0000	0.0000	0.0000	0.0000	0.0000	0.0000	0.0000	0.0000	0.0000	0.0000	0.0000	0.0000	0.0000	0.0000	0.0000	0.0000	0.0000	0.0000	0.0000	0.0000	0.0000	0.0000	0.0000	0.0000	0.0000	0.0000	0.0000	0.0000	0.0000	0.0000	0.0000	0.0000	0.0000	0.0000	0.0000	0.0000	0.0000	0.0000	0.0000	0.0000	0.0000	0.0000	0.0000	0.0000	0.0000	0.0000	0.0000	0.0000											
17	29	0.7630	7	2	2	0	0	0	0	0	0	Y	Y	N	N	N	N	N	N	N	N	N	N	0.0004	0.0884	0.0000	0.0177	0.1252	0.0000	0.0000	0.0000	0.0000	0.0000	0.0000	0.0000	0.0001	0.0001	0.0000	0.0000	0.0000	0.0000	0.0824	0.0004	0.2932	0.0039	0.0006	0.0230	0.1893	0.0000	0.4094	0.0000	284.3589	-0.0000	0.0108	3.5868	3.9885	9.0275	8.5018	0.0000	0.0000	0.0000	0.0000	0.0000	0.0000	0.0000	0.0000	0.0000	0.0200	0.0001	0.0200	0.0005	0.0001	0.0005	0.0195	0.0000	0.0195	0.1849	0.1618	0.0231	0.0838	0.0782	0.0057	0.1011	0.0837	0.0175	0.2431	0.1750	0.0680	0.1402	0.1197	0.0205	0.1029	0.0553	0.0476	0.0004	0.0884	0.0000	0.0177	0.1252	0.0000	0.0000	0.0000	0.0000	0.0824	0.0004	0.2932	0.0039	0.0006	0.0230	0.1893	0.0000	0.4094
17	30	0.7539	9	1	2	0	0	0	0	0	0	N	Y	N	N	N	N	N	N	N	N	N	N	0.1764	0.1519	0.4380	0.3910	0.0000	0.0000	0.0419	0.0481	0.0000	0.0862	0.0901	0.0000	0.0000	0.0000	0.0000	0.2373	0.3164	0.0000	0.1967	0.2304	0.0000	0.3057	0.5305	0.0000	0.0000	0.0000	-0.0008	-0.0126	3.5868	0.9701	9.0275	4.0208	0.0019	0.0019	0.0000	0.0019	0.0019	0.0000	0.0000	0.0000	0.0000	0.0275	0.0275	0.0000	0.0143	0.0143	0.0000	0.0132	0.0132	0.0000	0.0449	0.0391	0.0058	0.0218	0.0209	0.0010	0.0231	0.0182	0.0048	0.1159	0.0870	0.0290	0.0727	0.0621	0.0106	0.0432	0.0249	0.0183	0.1764	0.1519	0.0000	0.4380	0.3910	0.0000	0.0000	0.0000	0.0000	0.2373	0.3164	0.0000	0.1967	0.2304	0.0000	0.3057	0.5305	0.0000			
17	31	0.7285	7	1	1	0	1	0	0	0	0	N	N	N	N	N	N	N	N	N	N	N	N	0.0000	0.0000	0.0000	0.0000	0.0000	0.0000	0.0000	0.0000	0.0000	0.0000	0.0000	0.0000	0.0000	0.0000	0.0000	0.0000	0.0000	0.0001	0.0001	0.0001	0.0002	0.0002	0.0003	0.0000	0.0000	0.0000	0.4377	0.0000	-0.0000	3.5868	5.0045	9.0275	16.6627	0.0000	0.0000	0.0000	0.0000	0.0000	0.0000	0.0000	0.0000	0.0000	0.0000	0.0000	0.0000	0.0000	0.0000	0.0000	0.0000	0.0000	0.0000	0.1840	0.1639	0.0201	0.0792	0.0756	0.0036	0.1048	0.0883	0.0165	0.3677	0.2623	0.1054	0.2096	0.1712	0.0385	0.1581	0.0912	0.0669	0.0000	0.0000	0.0000	0.0000	0.0000	0.0000	0.0000	0.0000	0.0000	0.0001	0.0001	0.0001	0.0002	0.0002	0.0003	0.0000	0.0000	0.0000		
17	32	0.2621	3	2	1	1	0	0	0	0	0	Y	N	N	N	N	N	N	N	N	N	N	N	0.0000	0.0000	0.0000	0.0000	0.0000	0.0000	0.0000	0.0000	0.0000	0.0000	0.0000	0.0000	0.0000	0.0000	0.0000	0.0000	0.0000	0.0000	0.0000	0.0000	3.5868	1.4893	9.0275	0.0050	0.0000	0.0000	0.0000	0.0000	0.0000	0.0000	0.0000	0.0000	0.0000	0.0000	0.0000	0.0000	0.0000	0.0000	0.0000	0.0000	0.0000	0.0000	0.0651	0.0564	0.0087	0.0152	0.0148	0.0003	0.0499	0.0416	0.0083	0.0357	0.0202	0.0155	0.0025	0.0024	0.0001	0.0332	0.0178	0.0154	0.0000	0.0000	0.0000	0.0000	0.0000	0.0000	0.0000	0.0000	0.0000	0.0000	0.0000	0.0000	0.0000	0.0000	0.0000	0.0000	0.0000	0.0000											
17	33	0.7540	9	2	1	1	0	0	0	0	0	Y	N	N	N	N	N	N	N	N	N	N	N	0.0000	0.0000	0.0000	0.0000	0.0000	0.0000	0.0000	0.0000	0.0000	0.0000	0.0000	0.0000	0.0000	0.0000	0.0000	0.0000	0.0000	0.0000	0.0000	0.0000	0.0000	0.0000	0.0000	0.0000	-0.0000	3.5868	0.9855	9.0275	5.0251	0.0000	0.0000	0.0000	0.0000	0.0000	0.0000	0.0000	0.0000	0.0000	0.0000	0.0000	0.0000	0.0000	0.0000	0.0000	0.0000	0.0000	0.0000	0.0376	0.0334	0.0042	0.0153	0.0146	0.0007	0.0223	0.0188	0.0035	0.0910	0.0629	0.0280	0.0571	0.0454	0.0117	0.0339	0.0176	0.0163	0.0000	0.0000	0.0000	0.0000	0.0000	0.0000	0.0000	0.0000	0.0000	0.0000	0.0000	0.0000	0.0000	0.0000	0.0000	0.0000	0.0000	0.0000						
17	34	0.7268	9	1	2	0	0	0	0	0	0	N	Y	N	N	N	N	N	N	N	N	N	N	0.2458	0.0000	5874.5512	0.0000	0.0000	0.0000	inf	inf	0.0000	0.0000	0.0002	0.0000	0.0000	0.0000	0.0000	0.0000	0.0003	0.0001	0.0001	0.0000	0.0001	0.0002	0.0000	0.0000	0.0000	0.0000	inf	0.0001	0.0000	-0.0000	3.5868	2.0026	9.0275	4.0175	0.0000	0.0000	0.0000	0.0000	0.0000	0.0000	0.0000	0.0000	0.0000	0.0000	0.0000	0.0000	0.0000	0.0000	0.0000	0.0000	0.0000	0.0000	0.0967	0.0863	0.0104	0.0519	0.0485	0.0034	0.0449	0.0378	0.0071	0.1233	0.0852	0.0381	0.0724	0.0615	0.0109	0.0509	0.0237	0.0272	0.2458	0.0000	5874.5512	0.0000	0.0000	0.0000	inf	0.0000	inf	0.0001	0.0001	0.0000	0.0001	0.0002	0.0000	0.0000	0.0000	0.0000	
17	35	0.7268	8	1	1	0	0	0	0	0	0	N	N	N	N	N	N	N	N	N	N	N	N	0.3429	0.2633	1.0359	0.2818	0.2664	0.0000	0.5159	1.9048	0.0001	0.0001	0.0005	0.0001	0.0001	0.0000	0.0002	0.0000	0.0013	0.0003	0.0002	0.0005	0.0003	0.0003	0.0000	0.0004	0.0000	0.0007	1.0078	1.0000	0.0000	0.0000	3.5868	0.4148	9.0275	1.5497	0.0000	0.0000	0.0000	0.0000	0.0000	0.0000	0.0000	0.0000	0.0000	0.0000	0.0000	0.0000	0.0000	0.0000	0.0000	0.0000	0.0000	0.0000	0.0362	0.0325	0.0037	0.0268	0.0246	0.0022	0.0094	0.0079	0.0015	0.0644	0.0445	0.0198	0.0393	0.0341	0.0052	0.0251	0.0105	0.0146	0.3429	0.2633	1.0359	0.2818	0.2664	0.0000	0.5159	0.0000	1.9048	0.0003	0.0002	0.0005	0.0003	0.0003	0.0000	0.0004	0.0000	0.0007	
17	36	0.6691	6	1	2	0	0	0	0	0	0	N	Y	N	N	N	N	N	N	N	N	N	N	0.0000	0.0000	0.0000	0.0000	0.0000	0.0000	0.0000	0.0000	0.0000	0.0000	0.0000	0.0000	0.0000	0.0000	0.0000	0.0000	0.0000	0.0000	0.0001	0.0000	0.0000	0.0000	inf	0.0000	0.0000	3.5868	7.9964	9.0275	23.6501	0.0000	0.0000	0.0000	0.0000	0.0000	0.0000	0.0000	0.0000	0.0000	0.0000	0.0000	0.0000	0.0000	0.0000	0.0000	0.0000	0.0000	0.0000	0.2790	0.2483	0.0307	0.1126	0.1079	0.0046	0.1664	0.1404	0.0260	0.4515	0.3133	0.1382	0.2690	0.2206	0.0484	0.1825	0.0927	0.0898	0.0000	0.0000	0.0000	0.0000	0.0000	0.0000	0.0000	0.0000	0.0000	0.0000	0.0000	0.0000	0.0000	0.0000	0.0001	0.0000	0.0000	0.0000						
17	37	0.7430	8	2	2	0	0	0	0	0	0	Y	Y	N	N	N	N	N	N	N	N	N	N	185.0603	159.8110	0.0000	3141.9565	inf	0.0000	0.9069	0.5721	0.0402	0.0451	0.0000	0.0939	0.0984	0.0000	0.0005	0.0006	0.0000	0.0002	0.0003	0.0001	0.0000	0.0000	0.0001	0.0006	0.0011	0.0000	0.0000	0.1000	-0.0047	-0.0000	3.5868	6.9981	9.0275	25.9787	0.0106	0.0106	0.0000	0.0105	0.0105	0.0000	0.0001	0.0001	0.0000	0.0001	0.0001	0.0000	0.0000	0.0000	0.0000	0.0001	0.0001	0.0000	0.2634	0.2346	0.0287	0.1119	0.1068	0.0051	0.1515	0.1279	0.0236	0.5063	0.3541	0.1522	0.3346	0.2626	0.0719	0.1717	0.0914	0.0803	185.0603	159.8110	0.0000	3141.9565	inf	0.0000	0.9069	0.5721	0.0000	0.0002	0.0003	0.0001	0.0000	0.0000	0.0001	0.0006	0.0011	0.0000	
17	38	0.7268	8	1	2	0	0	0	0	0	0	N	Y	N	N	N	N	N	N	N	N	N	N	0.0000	0.0000	0.0000	0.0000	0.0000	0.0000	0.0000	0.0000	0.0001	0.0000	0.0000	0.0000	0.0000	0.0000	0.0001	4.3257	0.0000	28.6015	0.0000	0.0000	0.0000	9.4644	0.0000	40.6576	inf	inf	0.0000	0.5416	3.5868	4.7553	9.0275	10.1994	0.0000	0.0000	0.0000	0.0000	0.0000	0.0000	0.0000	0.0000	0.0000	1.0000	0.0000	1.0000	0.0000	0.0000	0.0000	1.0000	0.0000	1.0000	0.1996	0.1778	0.0218	0.0944	0.0891	0.0053	0.1052	0.0887	0.0165	0.2469	0.1705	0.0764	0.1412	0.1185	0.0227	0.1057	0.0520	0.0537	0.0000	0.0000	0.0000	0.0000	0.0000	0.0000	0.0000	0.0000	0.0000	4.0503	0.0000	13.0869	0.0000	0.0000	0.0000	9.4644	0.0000	18.6303			
17	39	0.6691	6	2	2	0	0	0	0	0	0	Y	Y	N	N	N	N	N	N	N	N	N	N	0.0000	0.0000	0.0000	0.0000	0.0000	0.0000	0.0000	0.0000	0.0000	0.0000	0.0000	0.0000	0.0000	0.0000	0.0000	0.0697	0.1005	0.0000	0.1171	0.1428	0.0001	0.0000	0.0000	0.0000	0.0001	0.0000	-0.0147	3.5868	5.0000	9.0275	27.3229	0.0000	0.0000	0.0000	0.0000	0.0000	0.0000	0.0000	0.0000	0.0000	0.0320	0.0320	0.0000	0.0320	0.0320	0.0000	0.0000	0.0000	0.0000	0.1766	0.1572	0.0195	0.0713	0.0683	0.0029	0.1054	0.0888	0.0165	0.4591	0.3186	0.1405	0.2735	0.2242	0.0493	0.1857	0.0944	0.0913	0.0000	0.0000	0.0000	0.0000	0.0000	0.0000	0.0000	0.0000	0.0000	0.0697	0.1005	0.0000	0.1171	0.1428	0.0001	0.0000	0.0000	0.0000				
17	40	0.7430	8	1	2	0	0	0	0	0	0	N	Y	N	N	N	N	N	N	N	N	N	N	0.0000	0.0000	0.0000	0.0000	0.0000	0.0000	0.0000	0.0000	0.0000	0.0000	0.0000	0.0000	0.0000	0.0000	0.0000	2.2137	3.1678	0.0000	3.3311	4.2532	0.0000	0.0007	0.0012	0.0000	0.0000	0.0000	-0.4584	3.5868	7.0019	9.0275	21.4344	0.0000	0.0000	0.0000	0.0000	0.0000	0.0000	0.0000	0.0000	0.0000	1.0001	1.0001	0.0000	1.0000	1.0000	0.0000	0.0001	0.0001	0.0000	0.2635	0.2348	0.0287	0.1120	0.1068	0.0051	0.1515	0.1279	0.0236	0.4518	0.3157	0.1361	0.3002	0.2351	0.0651	0.1516	0.0806	0.0710	0.0000	0.0000	0.0000	0.0000	0.0000	0.0000	0.0000	0.0000	0.0000	2.2137	3.1678	0.0000	3.3311	4.2532	0.0000	0.0007	0.0012	0.0000				
17	42	0.7430	8	1	2	0	0	0	0	0	0	N	Y	N	N	N	N	N	N	N	N	N	N	0.0000	0.0000	0.0000	0.0000	0.0000	0.0000	0.0000	0.0000	0.0000	0.0000	0.0000	0.0000	0.0000	3.2011	4.5993	0.0000	4.8843	7.3069	0.0000	0.0000	0.0000	0.0000	0.0000	0.0000	-0.4583	3.5868	5.9981	9.0275	11.5875	0.0000	0.0000	0.0000	0.0000	0.0000	0.0000	0.0000	0.0000	0.0000	0.9999	0.9999	0.0000	0.9999	0.9999	0.0000	0.0000	0.0000	0.0000	0.2267	0.2020	0.0248	0.0964	0.0919	0.0044	0.1304	0.1100	0.0203	0.3124	0.2174	0.0949	0.2112	0.1640	0.0472	0.1012	0.0535	0.0477	0.0000	0.0000	0.0000	0.0000	0.0000	0.0000	0.0000	0.0000	0.0000	3.2011	4.5985	0.0000	4.7345	6.0981	0.0000	0.0000	0.0000	0.0000						
17	43	0.8267	8	1	2	1	1	0	0	0	0	N	Y	N	N	N	N	N	N	N	N	N	N	0.0000	0.0000	0.0000	0.0000	0.0000	0.0000	0.0000	0.0000	0.0000	0.0000	0.0000	0.0000	0.0000	0.0016	0.0022	0.0000	0.0032	0.0034	0.0000	0.0000	0.0000	0.0000	0.0000	0.0000	-0.0001	3.5868	1.0007	9.0275	2.4334	0.0000	0.0000	0.0000	0.0000	0.0000	0.0000	0.0000	0.0000	0.0000	0.0001	0.0001	0.0000	0.0001	0.0001	0.0000	0.0000	0.0000	0.0000	0.0373	0.0331	0.0042	0.0160	0.0153	0.0007	0.0213	0.0178	0.0035	0.0887	0.0636	0.0250	0.0444	0.0407	0.0037	0.0442	0.0229	0.0213	0.0000	0.0000	0.0000	0.0000	0.0000	0.0000	0.0000	0.0000	0.0000	0.0016	0.0022	0.0000	0.0032	0.0034	0.0000	0.0000	0.0000	0.0000						
17	44	0.7895	7	1	1	0	1	0	0	0	0	N	N	N	N	N	N	N	N	N	N	N	N	0.0021	0.0017	0.0000	0.0022	0.0021	0.0000	0.0001	0.0002	0.0000	0.0004	0.0004	0.0000	0.0007	0.0008	0.0000	0.0000	0.0000	0.0000	0.1812	0.2579	0.0016	0.3287	0.3795	0.0030	0.0009	0.0007	0.0011	0.0000	0.0026	-0.0000	-0.0374	3.5868	1.0391	9.0275	15.0482	0.0000	0.0000	0.0000	0.0000	0.0000	0.0000	0.0000	0.0000	0.0000	0.0820	0.0818	0.0002	0.0818	0.0817	0.0001	0.0002	0.0001	0.0001	0.0559	0.0483	0.0076	0.0305	0.0265	0.0039	0.0255	0.0218	0.0037	0.4526	0.3172	0.1354	0.2490	0.2154	0.0336	0.2037	0.1018	0.1019	0.0021	0.0017	0.0000	0.0022	0.0021	0.0000	0.0001	0.0002	0.0000	0.1812	0.2579	0.0016	0.3287	0.3795	0.0030	0.0009	0.0007	0.0011
17	45	0.6691	6	1	2	0	0	0	0	0	0	N	Y	N	N	N	N	N	N	N	N	N	N	0.0000	0.0000	0.0000	0.0000	0.0000	0.0000	0.0000	0.0000	0.0000	0.0000	0.0000	0.0000	0.0000	0.0000	0.0000	0.0000	4.5258	2.9865	7.6781	3.4824	4.2502	0.0000	5.1168	0.0000	14.3357	1.0000	0.0000	0.0833	3.5868	12.0036	9.0275	21.9053	0.0000	0.0000	0.0000	0.0000	0.0000	0.0000	0.0000	0.0000	0.0000	2.0000	1.0000	1.0000	1.0000	1.0000	0.0000	1.0000	0.0000	1.0000	0.4180	0.3723	0.0457	0.1687	0.1617	0.0069	0.2493	0.2105	0.0388	0.4826	0.3348	0.1477	0.2872	0.2353	0.0519	0.1954	0.0996	0.0959	0.0000	0.0000	0.0000	0.0000	0.0000	0.0000	0.0000	0.0000	0.0000	4.1443	2.9865	6.7683	3.4824	4.2502	0.0000	5.1168	0.0000	10.4302			
17	46	0.4526	8	2	2	0	0	0	0	0	0	Y	Y	N	N	N	N	N	N	N	N	N	N	0.0000	0.0000	0.0000	0.0000	0.0000	0.0000	0.0000	0.0000	0.0000	0.0000	0.0000	0.0000	0.0000	0.0000	0.0000	0.0033	0.0052	0.0000	0.0140	0.0157	0.0000	0.0000	0.0000	0.0000	0.0000	0.0000	-0.0001	3.5868	2.0120	9.0275	1.9924	0.0000	0.0000	0.0000	0.0000	0.0000	0.0000	0.0000	0.0000	0.0000	0.0002	0.0002	0.0000	0.0002	0.0002	0.0000	0.0000	0.0000	0.0000	0.0790	0.0699	0.0091	0.0302	0.0289	0.0013	0.0488	0.0411	0.0078	0.0602	0.0382	0.0220	0.0143	0.0128	0.0015	0.0459	0.0255	0.0205	0.0000	0.0000	0.0000	0.0000	0.0000	0.0000	0.0000	0.0000	0.0000	0.0033	0.0052	0.0000	0.0140	0.0157	0.0000	0.0000	0.0000	0.0000				
17	47	0.7736	12	2	2	0	0	0	0	0	0	Y	Y	N	N	N	N	N	N	N	N	N	N	0.0000	0.0000	0.0000	0.0000	0.0000	0.0000	0.0000	0.0000	0.0000	0.0000	0.0000	0.0000	0.0000	0.0000	0.0000	0.0016	0.0000	0.0053	0.0000	0.0000	0.0000	0.0045	0.0000	0.0092	inf	0.0000	0.0001	3.5868	0.0002	9.0275	4.0036	0.0000	0.0000	0.0000	0.0000	0.0000	0.0000	0.0000	0.0000	0.0000	0.0001	0.0000	0.0001	0.0000	0.0000	0.0000	0.0001	0.0000	0.0001	0.0000	0.0000	0.0000	0.0000	0.0000	0.0000	0.0000	0.0000	0.0000	0.0618	0.0436	0.0182	0.0407	0.0329	0.0078	0.0211	0.0107	0.0104	0.0000	0.0000	0.0000	0.0000	0.0000	0.0000	0.0000	0.0000	0.0000	0.0016	0.0000	0.0053	0.0000	0.0000	0.0000	0.0045	0.0000	0.0092				
17	48	0.6691	6	1	2	0	1	0	0	0	0	N	Y	N	N	N	N	N	N	N	N	N	N	0.0000	0.0000	0.0000	0.0000	0.0000	0.0000	0.0000	0.0000	0.0000	0.0000	0.0000	0.0000	0.0000	0.0000	0.0000	1.3917	2.0073	0.0000	0.0000	0.0000	0.0000	3.3666	6.5131	0.0000	0.0000	0.0000	-0.4584	3.5868	6.0036	9.0275	51.7820	0.0000	0.0000	0.0000	0.0000	0.0000	0.0000	0.0000	0.0000	0.0000	1.0000	1.0000	0.0000	0.0000	0.0000	0.0000	1.0000	1.0000	0.0000	0.2112	0.1879	0.0233	0.0852	0.0817	0.0035	0.1260	0.1063	0.0197	0.7185	0.4982	0.2204	0.4215	0.3446	0.0769	0.2970	0.1535	0.1435	0.0000	0.0000	0.0000	0.0000	0.0000	0.0000	0.0000	0.0000	0.0000	1.3917	2.0073	0.0000	0.0000	0.0000	0.0000	3.3666	6.5131	0.0000				
17	49	0.6691	6	2	2	0	0	0	0	0	0	Y	Y	N	N	N	N	N	N	N	N	N	N	0.0000	0.0000	0.0000	0.0000	0.0000	0.0000	0.0000	0.0000	0.0000	0.0000	0.0000	0.0000	0.0000	0.0000	0.0000	1.8186	0.0000	5.9380	0.0000	0.0000	0.0001	4.4689	0.0000	10.7221	inf	0.0000	0.5416	3.5868	5.9964	9.0275	34.6547	0.0000	0.0000	0.0000	0.0000	0.0000	0.0000	0.0000	0.0000	0.0000	1.0000	0.0000	1.0000	0.0000	0.0000	0.0000	1.0000	0.0000	1.0000	0.2110	0.1877	0.0232	0.0851	0.0816	0.0035	0.1259	0.1061	0.0197	0.5499	0.3815	0.1684	0.3261	0.2669	0.0592	0.2238	0.1146	0.1092	0.0000	0.0000	0.0000	0.0000	0.0000	0.0000	0.0000	0.0000	0.0000	1.8186	0.0000	5.9380	0.0000	0.0000	0.0001	4.4689	0.0000	9.1564				
17	50	0.7586	7	1	1	1	0	0	0	0	0	N	N	N	N	N	N	N	N	N	N	N	N	1.7474	1.3891	6.2356	1.1150	0.9856	0.0018	15444.3226	inf	34.8998	1.8928	2.1112	0.0068	2.1855	2.2852	0.0000	1.6694	1.9618	0.0084	1.0832	1.5198	0.0011	1.9600	2.3186	0.0031	0.0001	0.0000	0.0002	0.0004	0.0003	-0.8813	-0.5120	3.5868	31.2093	9.0275	46.3939	1.9997	1.9989	0.0007	0.9994	0.9994	0.0000	1.0002	0.9995	0.0007	1.1177	1.1173	0.0003	1.1176	1.1173	0.0003	0.0000	0.0000	0.0000	1.0565	0.9468	0.1096	0.4573	0.4373	0.0200	0.5992	0.5095	0.0897	1.0318	0.7352	0.2966	0.5702	0.4819	0.0883	0.4616	0.2533	0.2083	1.7474	1.3891	6.2356	1.1150	0.9856	0.0018	15444.3226	inf	34.8998	1.0832	1.5198	0.0011	1.9600	2.3186	0.0031	0.0001	0.0000	0.0002
17	51	0.7058	7	1	2	0	0	0	0	0	0	N	Y	N	N	N	N	N	N	N	N	N	N	0.2917	0.3051	0.0000	0.3820	0.4882	0.0000	0.0000	0.0000	0.0000	0.0000	0.0000	0.0001	0.0001	0.0000	0.0000	0.0000	0.0000	0.0001	0.0001	0.0001	0.0002	0.0002	0.0005	0.0000	0.0000	0.0000	0.0000	0.3987	-0.0000	-0.0000	3.5868	4.1516	9.0275	14.5664	0.0000	0.0000	0.0000	0.0000	0.0000	0.0000	0.0000	0.0000	0.0000	0.0001	0.0001	0.0000	0.0001	0.0001	0.0000	0.0000	0.0000	0.0000	0.1718	0.1535	0.0184	0.0739	0.0709	0.0030	0.0979	0.0825	0.0154	0.6148	0.4107	0.2042	0.3464	0.3037	0.0428	0.2684	0.1070	0.1614	0.2917	0.3051	0.0000	0.3820	0.4882	0.0000	0.0000	0.0000	0.0000	0.0001	0.0001	0.0001	0.0002	0.0002	0.0005	0.0000	0.0000	0.0000	
17	52	0.7863	9	2	1	1	0	0	0	0	0	Y	N	N	N	N	N	N	N	N	N	N	N	0.0000	0.0000	0.0000	0.0000	0.0000	0.0000	0.0000	0.0000	0.0000	0.0000	0.0000	0.0000	0.0000	0.0000	0.0000	0.0000	0.0000	0.0000	0.0000	0.0000	0.0000	0.0000	inf	0.0000	0.0000	3.5868	0.0028	9.0275	0.9232	0.0000	0.0000	0.0000	0.0000	0.0000	0.0000	0.0000	0.0000	0.0000	0.0000	0.0000	0.0000	0.0000	0.0000	0.0000	0.0000	0.0000	0.0000	0.0001	0.0001	0.0000	0.0000	0.0000	0.0000	0.0001	0.0001	0.0000	0.0210	0.0152	0.0058	0.0125	0.0104	0.0021	0.0085	0.0049	0.0036	0.0000	0.0000	0.0000	0.0000	0.0000	0.0000	0.0000	0.0000	0.0000	0.0000	0.0000	0.0000	0.0000	0.0000	0.0000	0.0000	0.0000	0.0000						
17	53	0.5988	9	1	2	0	0	0	0	0	0	N	Y	N	N	N	N	N	N	N	N	N	N	0.0039	0.0002	2.5706	0.0002	0.0002	0.0001	6.4977	inf	18.9616	0.0003	0.0000	0.0025	0.0000	0.0000	0.0000	0.0005	0.0000	0.0028	0.0772	0.1148	0.0010	0.1874	0.2106	0.0059	0.0001	0.0000	0.0001	16.0908	0.0041	0.0001	-0.0165	3.5868	8.5400	9.0275	19.3759	0.0001	0.0000	0.0001	0.0000	0.0000	0.0000	0.0001	0.0000	0.0001	0.0364	0.0363	0.0001	0.0364	0.0363	0.0001	0.0000	0.0000	0.0000	0.3435	0.3042	0.0393	0.1356	0.1306	0.0050	0.2079	0.1735	0.0343	0.4714	0.3157	0.1557	0.1941	0.1721	0.0220	0.2772	0.1436	0.1336	0.0039	0.0002	2.5706	0.0002	0.0002	0.0001	6.4977	inf	18.9616	0.0772	0.1148	0.0010	0.1874	0.2106	0.0059	0.0001	0.0000	0.0001
17	54	0.5358	8	1	1	0	0	0	0	0	0	N	N	N	N	N	N	N	N	N	N	N	N	0.0109	0.0278	0.0089	0.0326	0.0308	0.0001	0.0035	0.0616	0.0091	0.0009	0.0008	0.0017	0.0018	0.0019	0.0000	0.0003	0.0000	0.0020	0.0847	0.0294	0.1955	0.0552	0.0603	0.0029	0.1008	0.0006	0.2156	0.2652	3.3205	-0.0001	0.0146	3.5868	7.3474	9.0275	24.2346	0.0003	0.0002	0.0001	0.0002	0.0002	0.0000	0.0001	0.0000	0.0001	0.0470	0.0109	0.0361	0.0108	0.0108	0.0000	0.0362	0.0001	0.0361	0.3124	0.2780	0.0344	0.1229	0.1191	0.0038	0.1895	0.1589	0.0306	0.5550	0.3703	0.1847	0.1959	0.1784	0.0175	0.3591	0.1918	0.1673	0.0109	0.0278	0.0089	0.0326	0.0308	0.0001	0.0035	0.0616	0.0091	0.0847	0.0294	0.1955	0.0552	0.0603	0.0029	0.1008	0.0006	0.2156
17	55	0.5060	7	1	1	0	0	0	0	0	0	N	N	N	N	N	N	N	N	N	N	N	N	0.0448	0.1863	0.0069	0.1447	0.1387	0.0000	0.0305	0.2738	0.0066	0.0013	0.0014	0.0005	0.0013	0.0014	0.0000	0.0012	0.0015	0.0005	0.0280	0.0077	0.0702	0.0092	0.0098	0.0017	0.0390	0.0056	0.0765	0.0819	4.3388	-0.0001	0.0043	3.5868	3.4216	9.0275	15.9376	0.0003	0.0003	0.0000	0.0001	0.0001	0.0000	0.0001	0.0001	0.0000	0.0122	0.0023	0.0099	0.0015	0.0015	0.0000	0.0107	0.0008	0.0099	0.2189	0.1758	0.0431	0.0949	0.0931	0.0018	0.1240	0.0827	0.0412	0.4345	0.2939	0.1406	0.1612	0.1494	0.0117	0.2734	0.1445	0.1289	0.0448	0.1863	0.0069	0.1447	0.1387	0.0000	0.0305	0.2738	0.0066	0.0280	0.0077	0.0702	0.0092	0.0098	0.0017	0.0390	0.0056	0.0765
17	56	0.7895	7	1	2	0	0	0	0	0	0	N	Y	N	N	N	N	N	N	N	N	N	N	0.0001	0.0002	0.0000	0.0002	0.0002	0.0000	0.0000	0.0002	0.0000	0.0004	0.0005	0.0000	0.0007	0.0008	0.0000	0.0000	0.0000	0.0000	3.7590	2.7045	6.2359	3.5008	4.0516	0.0027	4.0643	0.0006	8.9613	0.0000	0.9815	-0.0000	0.0709	3.5868	0.9891	9.0275	20.6926	0.0000	0.0000	0.0000	0.0000	0.0000	0.0000	0.0000	0.0000	0.0000	1.9189	0.9684	0.9505	0.9684	0.9683	0.0001	0.9505	0.0001	0.9504	0.0541	0.0467	0.0074	0.0297	0.0258	0.0039	0.0244	0.0209	0.0035	0.5105	0.3581	0.1524	0.2766	0.2390	0.0376	0.2339	0.1191	0.1148	0.0001	0.0002	0.0000	0.0002	0.0002	0.0000	0.0000	0.0002	0.0000	3.7590	2.7045	6.2359	3.5008	4.0516	0.0027	4.0643	0.0006	8.2790
17	57	0.6691	6	1	1	0	0	0	0	0	0	N	N	N	N	N	N	N	N	N	N	N	N	0.0009	0.0009	0.0018	0.0000	0.0000	0.0000	0.0010	0.2255	0.0014	0.0001	0.0001	0.0005	0.0000	0.0000	0.0000	0.0002	0.0001	0.0006	0.1392	0.0786	0.2765	0.0921	0.1123	0.0013	0.2074	0.0006	0.4255	0.8660	1.5542	0.0000	0.0123	3.5868	5.0326	9.0275	39.3193	0.0000	0.0000	0.0000	0.0000	0.0000	0.0000	0.0000	0.0000	0.0000	0.0819	0.0321	0.0498	0.0321	0.0320	0.0001	0.0498	0.0001	0.0497	0.1778	0.1582	0.0196	0.0717	0.0687	0.0030	0.1061	0.0894	0.0166	0.5883	0.4081	0.1802	0.3481	0.2848	0.0633	0.2402	0.1233	0.1169	0.0009	0.0009	0.0018	0.0000	0.0000	0.0000	0.0010	0.2255	0.0014	0.1392	0.0786	0.2765	0.0921	0.1123	0.0013	0.2074	0.0006	0.4255
17	58	0.6691	6	1	2	0	1	0	0	0	0	N	Y	N	N	N	N	N	N	N	N	N	N	0.0037	inf	0.0000	inf	inf	0.0002	inf	0.0000	0.0066	0.0074	0.0000	0.0151	0.0158	0.0000	0.0008	0.0009	0.0000	1.7820	0.0000	5.8180	0.0000	0.0000	0.0000	4.3750	0.0000	10.1476	0.0000	inf	-0.0005	0.5416	3.5868	5.0036	9.0275	36.7244	0.0012	0.0012	0.0000	0.0011	0.0011	0.0000	0.0001	0.0001	0.0000	1.0000	0.0000	1.0000	0.0000	0.0000	0.0000	1.0000	0.0000	1.0000	0.1768	0.1573	0.0195	0.0713	0.0684	0.0029	0.1055	0.0889	0.0165	0.5612	0.3893	0.1719	0.3326	0.2722	0.0604	0.2286	0.1171	0.1115	0.0037	inf	0.0000	inf	inf	0.0000	0.0002	inf	0.0000	1.7820	0.0000	5.8180	0.0000	0.0000	0.0000	4.3750	0.0000	8.9709	
17	59	0.4863	7	1	2	0	1	0	0	0	0	N	Y	N	N	N	N	N	N	N	N	N	N	2360.8063	2295.8561	917.9075	4.7103	0.2974	66.9399	61058.6871	inf	5213.5799	2.3587	2.5594	0.7000	0.0124	0.0007	0.4002	3.9907	4.6227	0.7375	0.0010	0.0011	0.0008	0.0026	0.0023	0.0060	0.0001	0.0000	0.0001	0.0331	0.3346	-0.4218	-0.0001	3.5868	10.4254	9.0275	21.2017	1.0311	0.9981	0.0330	0.0022	0.0001	0.0021	1.0289	0.9980	0.0309	0.0007	0.0005	0.0002	0.0006	0.0005	0.0001	0.0000	0.0000	0.0000	0.4372	0.3900	0.0472	0.1793	0.1741	0.0052	0.2578	0.2159	0.0419	0.6679	0.4485	0.2194	0.2436	0.2203	0.0233	0.4243	0.2282	0.1960	2360.8063	2295.8561	917.9075	4.7103	0.2974	66.9399	61058.6871	inf	5213.5799	0.0010	0.0011	0.0008	0.0026	0.0023	0.0060	0.0001	0.0000	0.0001
17	60	0.7863	9	2	1	1	0	0	0	0	0	Y	N	N	N	N	N	N	N	N	N	N	N	0.0000	0.0000	0.0000	0.0000	0.0000	0.0000	0.0000	0.0000	0.0000	0.0000	0.0000	0.0000	0.0000	0.0000	0.0000	0.0000	0.0000	0.0000	0.0000	0.0000	0.0000	0.0000	inf	0.0000	0.0000	3.5868	1.9981	9.0275	3.0867	0.0000	0.0000	0.0000	0.0000	0.0000	0.0000	0.0000	0.0000	0.0000	0.0000	0.0000	0.0000	0.0000	0.0000	0.0000	0.0000	0.0000	0.0000	0.0764	0.0680	0.0084	0.0320	0.0306	0.0014	0.0444	0.0374	0.0069	0.0860	0.0599	0.0260	0.0536	0.0422	0.0114	0.0324	0.0178	0.0147	0.0000	0.0000	0.0000	0.0000	0.0000	0.0000	0.0000	0.0000	0.0000	0.0000	0.0000	0.0000	0.0000	0.0000	0.0000	0.0000	0.0000	0.0000						
17	61	0.7430	8	2	1	1	0	0	0	0	0	Y	N	N	N	N	N	N	N	N	N	N	N	0.0000	0.0000	0.0000	0.0000	0.0000	0.0000	0.0000	0.0000	0.0000	0.0000	0.0000	0.0000	0.0000	0.0000	0.0000	0.0000	0.0003	0.0005	0.0001	0.0000	0.0000	0.0002	0.0010	0.0018	0.0000	0.0999	0.0000	-0.0000	3.5868	4.0039	9.0275	14.0733	0.0000	0.0000	0.0000	0.0000	0.0000	0.0000	0.0000	0.0000	0.0000	0.0001	0.0001	0.0000	0.0000	0.0000	0.0000	0.0001	0.0001	0.0000	0.1527	0.1360	0.0167	0.0650	0.0620	0.0030	0.0877	0.0740	0.0137	0.3190	0.2221	0.0969	0.2155	0.1674	0.0481	0.1035	0.0547	0.0488	0.0000	0.0000	0.0000	0.0000	0.0000	0.0000	0.0000	0.0000	0.0000	0.0003	0.0005	0.0001	0.0000	0.0000	0.0002	0.0010	0.0018	0.0000			
17	62	0.7624	9	2	1	1	0	0	0	0	0	Y	N	N	N	N	N	N	N	N	N	N	N	0.0000	0.0000	0.0000	0.0000	0.0000	0.0000	0.0000	0.0000	0.0000	0.0000	0.0000	0.0000	0.0000	3.6447	5.7289	0.0000	7.4889	10.4918	0.0000	0.0000	0.0000	0.0000	0.0000	0.0000	-0.4572	3.5868	0.0060	9.0275	17.2393	0.0000	0.0000	0.0000	0.0000	0.0000	0.0000	0.0000	0.0000	0.0000	0.9974	0.9974	0.0000	0.9974	0.9974	0.0000	0.0000	0.0000	0.0000	0.0003	0.0002	0.0000	0.0001	0.0001	0.0000	0.0001	0.0001	0.0000	0.2737	0.1904	0.0832	0.1784	0.1395	0.0389	0.0953	0.0509	0.0444	0.0000	0.0000	0.0000	0.0000	0.0000	0.0000	0.0000	0.0000	0.0000	3.6447	5.2372	0.0000	5.5914	7.1485	0.0000	0.0000	0.0000	0.0000						
17	63	0.7058	7	1	1	1	0	0	0	0	0	N	N	N	N	N	N	N	N	N	N	N	N	0.8004	0.8270	0.0000	1.0027	1.2812	0.0000	0.0000	0.0000	0.0001	0.0001	0.0000	0.0002	0.0002	0.0000	0.0000	0.0000	0.0000	0.0001	0.0001	0.0001	0.0002	0.0002	0.0005	0.0000	0.0000	0.0000	0.0000	0.3987	-0.0000	-0.0000	3.5868	1.0230	9.0275	12.1924	0.0000	0.0000	0.0000	0.0000	0.0000	0.0000	0.0000	0.0000	0.0000	0.0001	0.0001	0.0000	0.0001	0.0001	0.0000	0.0000	0.0000	0.0000	0.0567	0.0510	0.0058	0.0257	0.0248	0.0009	0.0310	0.0261	0.0049	0.5571	0.3696	0.1875	0.3163	0.2791	0.0372	0.2408	0.0904	0.1503	0.8004	0.8270	0.0000	1.0027	1.2812	0.0000	0.0000	0.0000	0.0000	0.0001	0.0001	0.0001	0.0002	0.0002	0.0005	0.0000	0.0000	0.0000	
17	64	0.6691	6	1	1	0	0	0	0	0	0	N	N	N	N	N	N	N	N	N	N	N	N	0.2122	0.3488	0.0000	0.0000	0.0000	0.0000	0.2190	0.6414	0.0000	0.0001	0.0001	0.0000	0.0000	0.0000	0.0000	0.0001	0.0001	0.0000	0.0003	0.0002	0.0005	0.0002	0.0002	0.0000	0.0005	0.0002	0.0008	0.0000	1.1075	-0.0000	0.0000	3.5868	2.4556	9.0275	12.4191	0.0000	0.0000	0.0000	0.0000	0.0000	0.0000	0.0000	0.0000	0.0000	0.0001	0.0000	0.0000	0.0000	0.0000	0.0000	0.0001	0.0000	0.0000	0.0877	0.0780	0.0097	0.0354	0.0339	0.0015	0.0523	0.0441	0.0082	0.2479	0.1720	0.0759	0.1477	0.1226	0.0252	0.1001	0.0494	0.0507	0.2122	0.3488	0.0000	0.0000	0.0000	0.0000	0.2190	0.6414	0.0000	0.0003	0.0002	0.0005	0.0002	0.0002	0.0000	0.0005	0.0002	0.0008
17	65	0.7914	8	1	2	0	0	0	0	0	0	N	Y	N	N	N	N	N	N	N	N	N	N	0.0000	0.0000	0.0000	0.0000	0.0000	0.0000	0.0000	0.0000	0.0000	0.0000	0.0000	0.0000	0.0000	0.0000	0.0000	0.0000	0.0000	0.0121	0.0166	0.0000	0.0025	0.0029	0.0000	0.0241	0.0429	0.0000	0.0000	0.0000	-0.0012	3.5868	1.7555	9.0275	11.9300	0.0000	0.0000	0.0000	0.0000	0.0000	0.0000	0.0000	0.0000	0.0000	0.0027	0.0027	0.0000	0.0003	0.0003	0.0000	0.0024	0.0024	0.0000	0.0729	0.0655	0.0074	0.0322	0.0309	0.0013	0.0407	0.0346	0.0061	0.2244	0.1635	0.0609	0.1245	0.1073	0.0171	0.1000	0.0562	0.0438	0.0000	0.0000	0.0000	0.0000	0.0000	0.0000	0.0000	0.0000	0.0000	0.0121	0.0166	0.0000	0.0025	0.0029	0.0000	0.0241	0.0429	0.0000		
17	66	0.7704	10	2	2	1	0	0	0	0	0	Y	Y	N	N	N	N	N	N	N	N	N	N	0.0000	0.0000	0.0000	0.0000	0.0000	0.0000	0.0000	0.0000	0.0000	0.0000	0.0000	0.0000	0.0000	0.0000	0.0000	0.0000	0.0000	0.0000	0.0000	0.0000	3.5868	0.0000	9.0275	0.0000	0.0000	0.0000	0.0000	0.0000	0.0000	0.0000	0.0000	0.0000	0.0000	0.0000	0.0000	0.0000	0.0000	0.0000	0.0000	0.0000	0.0000	0.0000	0.0000	0.0000	0.0000	0.0000	0.0000	0.0000	0.0000	0.0000	0.0000	0.0000	0.0000	0.0000	0.0000	0.0000	0.0000	0.0000	0.0000	0.0000	0.0000	0.0000	0.0000	0.0000	0.0000	0.0000	0.0000	0.0000	0.0000	0.0000	0.0000	0.0000	0.0000	0.0000	0.0000	0.0000	0.0000	0.0000											
17	67	0.2663	3	2	2	1	0	0	0	0	0	Y	Y	N	N	N	N	N	N	N	N	N	N	0.0000	0.0000	0.0000	0.0000	0.0000	0.0000	0.0000	0.0000	0.0000	0.0000	0.0000	0.0000	0.0000	0.0000	0.0000	0.0000	0.0000	0.0000	0.0000	0.0000	3.5868	1.0000	9.0275	3.0000	0.0000	0.0000	0.0000	0.0000	0.0000	0.0000	0.0000	0.0000	0.0000	0.0000	0.0000	0.0000	0.0000	0.0000	0.0000	0.0000	0.0000	0.0000	0.0466	0.0414	0.0053	0.0151	0.0147	0.0004	0.0315	0.0267	0.0049	0.0910	0.0509	0.0401	0.0058	0.0056	0.0002	0.0851	0.0453	0.0399	0.0000	0.0000	0.0000	0.0000	0.0000	0.0000	0.0000	0.0000	0.0000	0.0000	0.0000	0.0000	0.0000	0.0000	0.0000	0.0000	0.0000	0.0000											
17	68	0.7704	10	2	2	1	0	0	0	0	0	Y	Y	N	N	N	N	N	N	N	N	N	N	0.0000	0.0000	0.0000	0.0000	0.0000	0.0000	0.0000	0.0000	0.0000	0.0000	0.0000	0.0000	0.0000	0.0000	0.0000	0.0000	0.0000	0.0000	0.0000	0.0000	3.5868	1.0000	9.0275	0.0000	0.0000	0.0000	0.0000	0.0000	0.0000	0.0000	0.0000	0.0000	0.0000	0.0000	0.0000	0.0000	0.0000	0.0000	0.0000	0.0000	0.0000	0.0000	0.0382	0.0339	0.0042	0.0156	0.0148	0.0007	0.0226	0.0191	0.0035	0.0152	0.0105	0.0046	0.0095	0.0076	0.0019	0.0057	0.0029	0.0027	0.0000	0.0000	0.0000	0.0000	0.0000	0.0000	0.0000	0.0000	0.0000	0.0000	0.0000	0.0000	0.0000	0.0000	0.0000	0.0000	0.0000	0.0000											
17	69	0.7540	9	2	2	1	0	0	0	0	0	Y	Y	N	N	N	N	N	N	N	N	N	N	0.0000	0.0000	0.0000	0.0000	0.0000	0.0000	0.0000	0.0000	0.0000	0.0000	0.0000	0.0000	0.0000	0.0000	0.0000	0.0000	0.0000	0.0000	0.0000	0.0000	0.0000	0.0000	0.0000	0.0000	-0.0000	3.5868	1.0155	9.0275	5.9708	0.0000	0.0000	0.0000	0.0000	0.0000	0.0000	0.0000	0.0000	0.0000	0.0000	0.0000	0.0000	0.0000	0.0000	0.0000	0.0000	0.0000	0.0000	0.0387	0.0344	0.0043	0.0158	0.0151	0.0007	0.0230	0.0194	0.0036	0.1051	0.0727	0.0324	0.0659	0.0524	0.0135	0.0392	0.0203	0.0189	0.0000	0.0000	0.0000	0.0000	0.0000	0.0000	0.0000	0.0000	0.0000	0.0000	0.0000	0.0000	0.0000	0.0000	0.0000	0.0000	0.0000	0.0000						
17	70	0.7493	8	2	1	1	0	0	0	0	0	Y	N	N	N	N	N	N	N	N	N	N	N	0.0000	0.0000	0.0000	0.0000	0.0000	0.0000	0.0000	0.0000	0.0000	0.0000	0.0000	0.0000	0.0000	0.0000	0.0000	0.0000	0.0018	0.0023	0.0007	0.0023	0.0030	0.0000	0.0007	0.0000	0.0015	0.1397	0.0000	-0.0000	3.5868	0.0406	9.0275	2.3361	0.0000	0.0000	0.0000	0.0000	0.0000	0.0000	0.0000	0.0000	0.0000	0.0001	0.0001	0.0000	0.0001	0.0001	0.0000	0.0000	0.0000	0.0000	0.0017	0.0015	0.0002	0.0007	0.0007	0.0000	0.0010	0.0008	0.0002	0.0485	0.0331	0.0154	0.0335	0.0251	0.0084	0.0150	0.0080	0.0070	0.0000	0.0000	0.0000	0.0000	0.0000	0.0000	0.0000	0.0000	0.0000	0.0018	0.0023	0.0007	0.0023	0.0030	0.0000	0.0007	0.0000	0.0015			
17	71	0.2663	3	2	2	1	0	0	0	0	0	Y	Y	N	N	N	N	N	N	N	N	N	N	0.0000	0.0000	0.0000	0.0000	0.0000	0.0000	0.0000	0.0000	0.0000	0.0000	0.0000	0.0000	0.0000	0.0000	0.0000	0.0000	0.0000	0.0000	0.0000	0.0000	3.5868	0.0000	9.0275	0.0000	0.0000	0.0000	0.0000	0.0000	0.0000	0.0000	0.0000	0.0000	0.0000	0.0000	0.0000	0.0000	0.0000	0.0000	0.0000	0.0000	0.0000	0.0000	0.0000	0.0000	0.0000	0.0000	0.0000	0.0000	0.0000	0.0000	0.0000	0.0000	0.0000	0.0000	0.0000	0.0000	0.0000	0.0000	0.0000	0.0000	0.0000	0.0000	0.0000	0.0000	0.0000	0.0000	0.0000	0.0000	0.0000	0.0000	0.0000	0.0000	0.0000	0.0000	0.0000	0.0000	0.0000	0.0000											
17	72	0.2483	2	2	2	1	0	0	0	0	0	Y	Y	N	N	N	N	N	N	N	N	N	N	0.0758	0.7904	0.0721	0.5259	0.8855	0.0000	0.0384	0.0906	0.0004	0.0002	0.0009	0.0005	0.0006	0.0000	0.0003	0.0000	0.0012	0.0047	0.0003	0.0121	0.0010	0.0007	0.0030	0.0066	0.0000	0.0134	0.7673	23.1871	-0.0000	0.0005	3.5868	3.9057	9.0275	1.1104	0.0001	0.0001	0.0000	0.0001	0.0001	0.0000	0.0000	0.0000	0.0000	0.0010	0.0000	0.0010	0.0001	0.0000	0.0000	0.0010	0.0000	0.0010	0.2573	0.2116	0.0457	0.0982	0.0854	0.0128	0.1591	0.1262	0.0329	0.2165	0.1357	0.0808	0.0713	0.0614	0.0100	0.1452	0.0744	0.0708	0.0758	0.7904	0.0721	0.5259	0.8855	0.0000	0.0384	0.0000	0.0906	0.0047	0.0003	0.0121	0.0010	0.0007	0.0030	0.0066	0.0000	0.0134	
17	73	0.3563	4	2	2	0	0	0	0	0	0	Y	Y	N	N	N	N	N	N	N	N	N	N	8.5657	7.6934	0.0003	7.5207	7.2367	0.0032	0.0000	0.0000	0.0000	0.2632	0.3383	0.0000	0.5889	0.6031	0.0000	0.0000	0.0000	0.0000	0.0307	0.0440	0.0029	0.0783	0.0833	0.0048	0.0062	0.0090	0.0028	0.0000	0.0316	-0.0649	-0.0076	3.5868	6.9070	9.0275	16.5673	0.1470	0.1470	0.0000	0.1470	0.1470	0.0000	0.0000	0.0000	0.0000	0.0178	0.0173	0.0005	0.0155	0.0154	0.0001	0.0024	0.0019	0.0005	0.5587	0.4347	0.1240	0.2497	0.2438	0.0059	0.3090	0.1908	0.1182	0.5805	0.3932	0.1873	0.1976	0.1849	0.0127	0.3829	0.2083	0.1746	8.5657	7.6934	0.0003	7.5207	7.2367	0.0032	0.0000	0.0000	0.0000	0.0307	0.0440	0.0029	0.0783	0.0833	0.0048	0.0062	0.0090	0.0028
17	74	0.5511	8	1	2	0	1	0	0	0	0	N	Y	N	N	N	N	N	N	N	N	N	N	0.0020	14.6667	0.0000	12.0417	16.0173	0.0000	0.0001	inf	0.0000	0.0043	0.0049	0.0000	0.0098	0.0103	0.0000	0.0005	0.0006	0.0000	2.1580	0.0003	6.2779	0.0008	0.0006	0.0025	3.4654	0.0000	6.9943	0.0000	9832.8032	-0.0005	0.5325	3.5868	6.4226	9.0275	19.3377	0.0011	0.0011	0.0000	0.0011	0.0011	0.0000	0.0001	0.0001	0.0000	0.9834	0.0001	0.9833	0.0001	0.0001	0.0000	0.9833	0.0000	0.9833	0.2614	0.2313	0.0301	0.1079	0.1028	0.0051	0.1535	0.1285	0.0251	0.4557	0.2991	0.1566	0.1720	0.1559	0.0160	0.2837	0.1432	0.1406	0.0020	14.6667	0.0000	12.0417	16.0173	0.0000	0.0001	inf	0.0000	2.1580	0.0003	6.2779	0.0008	0.0006	0.0025	3.4654	0.0000	6.9943
17	75	0.5060	7	1	1	0	1	0	0	0	0	N	N	N	N	N	N	N	N	N	N	N	N	0.0043	0.0420	0.0004	0.0427	0.0409	0.0000	0.0005	0.1034	0.0004	0.0002	0.0002	0.0000	0.0004	0.0004	0.0000	0.0000	0.0000	0.0000	0.0383	0.0046	0.1075	0.0084	0.0090	0.0015	0.0553	0.0002	0.1173	0.0488	11.4325	-0.0000	0.0084	3.5868	5.1932	9.0275	17.4397	0.0000	0.0000	0.0000	0.0000	0.0000	0.0000	0.0000	0.0000	0.0000	0.0183	0.0015	0.0168	0.0015	0.0014	0.0000	0.0168	0.0000	0.0168	0.2853	0.2350	0.0503	0.1195	0.1167	0.0027	0.1658	0.1182	0.0476	0.4773	0.3211	0.1563	0.1734	0.1602	0.0132	0.3039	0.1609	0.1430	0.0043	0.0420	0.0004	0.0427	0.0409	0.0000	0.0005	0.1034	0.0004	0.0383	0.0046	0.1075	0.0084	0.0090	0.0015	0.0553	0.0002	0.1173
17	76	0.4690	6	1	1	0	0	0	0	0	0	N	N	N	N	N	N	N	N	N	N	N	N	196.6476	830.1011	0.7964	17.6125	18.0703	0.0995	261.7541	7435.7434	0.7711	0.6928	0.8559	0.0071	0.0330	0.0338	0.0002	1.1699	1.7038	0.0074	0.0035	0.0010	0.0089	0.0019	0.0019	0.0019	0.0045	0.0002	0.0096	0.0020	4.0045	-0.0761	0.0006	3.5868	4.4918	9.0275	17.5337	0.1732	0.1729	0.0003	0.0035	0.0035	0.0000	0.1698	0.1694	0.0003	0.0018	0.0004	0.0014	0.0003	0.0003	0.0000	0.0014	0.0000	0.0014	0.2500	0.2020	0.0480	0.1049	0.1026	0.0023	0.1451	0.0994	0.0457	0.5001	0.3415	0.1586	0.1824	0.1669	0.0155	0.3177	0.1746	0.1432	196.6476	830.1011	0.7964	17.6125	18.0703	0.0995	261.7541	7435.7434	0.7711	0.0035	0.0010	0.0089	0.0019	0.0019	0.0019	0.0045	0.0002	0.0096
17	77	0.7649	9	1	1	0	1	0	0	0	0	N	N	N	N	N	N	N	N	N	N	N	N	0.0000	0.0000	0.0000	0.0000	0.0000	0.0000	0.0000	0.0000	0.0000	0.0000	0.0000	0.0000	0.0000	0.0000	0.0000	0.0000	0.0001	0.0000	0.0001	0.0001	0.0000	0.0000	0.0000	0.0000	0.0001	0.0000	-0.0000	3.5868	0.3745	9.0275	14.7996	0.0000	0.0000	0.0000	0.0000	0.0000	0.0000	0.0000	0.0000	0.0000	0.0000	0.0000	0.0000	0.0000	0.0000	0.0000	0.0000	0.0000	0.0000	0.0140	0.0125	0.0015	0.0060	0.0058	0.0003	0.0080	0.0067	0.0013	0.2580	0.1808	0.0772	0.1469	0.1207	0.0262	0.1111	0.0600	0.0510	0.0000	0.0000	0.0000	0.0000	0.0000	0.0000	0.0000	0.0000	0.0000	0.0000	0.0001	0.0000	0.0001	0.0001	0.0000	0.0000	0.0000	0.0000				
17	78	0.7427	8	1	1	0	1	0	0	0	0	N	N	N	N	N	N	N	N	N	N	N	N	0.0000	0.0000	0.0000	0.0000	0.0000	0.0000	0.0000	0.0000	0.0000	0.0000	0.0000	0.0000	0.0000	0.0000	0.0000	0.0000	0.0000	0.0000	0.0000	0.0000	0.0001	0.0000	0.0000	0.0000	0.0001	0.0000	0.0002	43.6903	0.0000	0.0000	3.5868	1.4595	9.0275	10.3922	0.0000	0.0000	0.0000	0.0000	0.0000	0.0000	0.0000	0.0000	0.0000	0.0000	0.0000	0.0000	0.0000	0.0000	0.0000	0.0000	0.0000	0.0000	0.0544	0.0485	0.0060	0.0234	0.0224	0.0011	0.0310	0.0261	0.0049	0.2473	0.1763	0.0710	0.1447	0.1175	0.0271	0.1027	0.0588	0.0439	0.0000	0.0000	0.0000	0.0000	0.0000	0.0000	0.0000	0.0000	0.0000	0.0000	0.0000	0.0001	0.0000	0.0000	0.0000	0.0001	0.0000	0.0002	
17	79	0.7285	7	1	1	0	1	0	0	0	0	N	N	N	N	N	N	N	N	N	N	N	N	0.0000	0.0000	0.0000	0.0000	0.0000	0.0000	0.0000	0.0000	0.0000	0.0000	0.0000	0.0000	0.0000	0.0000	0.0000	0.0000	0.0000	0.0000	0.0003	0.0004	0.0002	0.0006	0.0006	0.0005	0.0000	0.0000	0.0000	0.1767	0.0000	-0.0000	3.5868	1.3861	9.0275	6.3168	0.0000	0.0000	0.0000	0.0000	0.0000	0.0000	0.0000	0.0000	0.0000	0.0001	0.0001	0.0000	0.0001	0.0001	0.0000	0.0000	0.0000	0.0000	0.0518	0.0461	0.0057	0.0223	0.0213	0.0010	0.0295	0.0248	0.0047	0.1983	0.1440	0.0543	0.1166	0.0958	0.0208	0.0816	0.0482	0.0335	0.0000	0.0000	0.0000	0.0000	0.0000	0.0000	0.0000	0.0000	0.0000	0.0003	0.0004	0.0002	0.0006	0.0006	0.0005	0.0000	0.0000	0.0000	
17	80	0.6691	6	1	1	0	1	0	0	0	0	N	N	N	N	N	N	N	N	N	N	N	N	0.0000	0.0000	0.0000	0.0000	0.0000	0.0000	0.0000	0.0000	0.0000	0.0000	0.0000	0.0000	0.0000	0.0000	0.0000	0.0000	0.0000	0.0001	0.0001	0.0003	0.0001	0.0001	0.0001	0.0002	0.0000	0.0004	2.5714	0.0000	0.0000	3.5868	4.0043	9.0275	19.8631	0.0000	0.0000	0.0000	0.0000	0.0000	0.0000	0.0000	0.0000	0.0000	0.0000	0.0000	0.0000	0.0000	0.0000	0.0000	0.0000	0.0000	0.0000	0.1420	0.1264	0.0157	0.0573	0.0549	0.0024	0.0848	0.0714	0.0133	0.3605	0.2502	0.1103	0.2153	0.1771	0.0382	0.1452	0.0731	0.0721	0.0000	0.0000	0.0000	0.0000	0.0000	0.0000	0.0000	0.0000	0.0000	0.0001	0.0001	0.0003	0.0001	0.0001	0.0001	0.0002	0.0000	0.0004		
17	81	0.2010	2	1	2	1	0	0	0	0	0	N	Y	N	N	N	N	N	N	N	N	N	N	0.0119	0.1589	0.0049	0.1806	0.1659	1.5731	0.0038	inf	0.0045	0.0208	0.0207	0.0210	0.0334	0.0342	0.0059	0.0111	0.0000	0.0217	1.7428	0.1300	4.2914	0.1850	0.2062	0.0037	2.9243	0.0000	4.8568	0.4372	20.8843	-0.0009	0.5145	3.5868	2.0162	9.0275	4.5500	0.0066	0.0046	0.0020	0.0046	0.0046	0.0000	0.0020	0.0000	0.0020	1.0374	0.0474	0.9900	0.0475	0.0474	0.0001	0.9899	0.0000	0.9899	0.3196	0.2236	0.0960	0.1390	0.1351	0.0039	0.1806	0.0886	0.0921	0.5953	0.3646	0.2307	0.2567	0.2299	0.0269	0.3385	0.1347	0.2038	0.0119	0.1589	0.0049	0.1806	0.1659	1.5731	0.0038	inf	0.0045	1.7428	0.1300	4.2914	0.1850	0.2062	0.0037	2.9243	0.0000	4.8568
17	82	0.7771	10	1	2	1	0	0	0	0	0	N	Y	N	N	N	N	N	N	N	N	N	N	0.0000	0.0000	0.0000	0.0000	0.0000	0.0000	0.0000	0.0000	0.0000	0.0000	0.0000	0.0000	0.0000	0.0000	0.0000	0.0000	0.0000	9.7118	0.0004	57.3007	28.6932	0.0000	161.8687	0.0015	0.0015	0.0015	24942.0003	0.0000	0.5404	3.5868	3.0011	9.0275	3.7015	0.0000	0.0000	0.0000	0.0000	0.0000	0.0000	0.0000	0.0000	0.0000	0.9977	0.0000	0.9977	0.9976	0.0000	0.9976	0.0001	0.0000	0.0000	0.1150	0.1024	0.0126	0.0487	0.0464	0.0022	0.0663	0.0560	0.0104	0.1406	0.0991	0.0415	0.0873	0.0720	0.0154	0.0532	0.0272	0.0261	0.0000	0.0000	0.0000	0.0000	0.0000	0.0000	0.0000	0.0000	0.0000	7.0965	0.0004	24.0681	11.4213	0.0000	64.9061	0.0015	0.0015	0.0015		
17	83	0.7656	9	1	2	0	0	0	0	0	0	N	Y	N	N	N	N	N	N	N	N	N	N	0.0899	0.1191	0.0000	0.3151	2.9517	0.0000	0.0000	0.0000	0.0000	0.0030	0.0034	0.0000	0.0071	0.0075	0.0000	0.0000	0.0000	0.0000	0.0339	0.0288	0.0452	0.0227	0.0025	0.0901	0.0577	0.1118	0.0000	0.0000	0.7105	-0.0001	-0.0002	3.5868	2.0032	9.0275	4.2039	0.0002	0.0002	0.0000	0.0002	0.0002	0.0000	0.0000	0.0000	0.0000	0.0056	0.0033	0.0023	0.0026	0.0002	0.0023	0.0031	0.0031	0.0000	0.0775	0.0689	0.0086	0.0331	0.0315	0.0015	0.0445	0.0374	0.0071	0.1656	0.1140	0.0516	0.1125	0.0866	0.0259	0.0531	0.0274	0.0257	0.0899	0.1191	0.0000	0.3151	2.9517	0.0000	0.0000	0.0000	0.0000	0.0339	0.0288	0.0452	0.0227	0.0025	0.0901	0.0577	0.1118	0.0000
17	84	0.7624	9	2	1	1	0	0	0	0	0	Y	N	N	N	N	N	N	N	N	N	N	N	0.0000	0.0000	0.0000	0.0000	0.0000	0.0000	0.0000	0.0000	0.0000	0.0000	0.0000	0.0000	0.0000	0.0000	0.0000	0.0258	0.0000	0.0844	0.0027	0.0000	0.0125	0.0697	0.0000	0.1454	inf	0.0000	0.0015	3.5868	1.0052	9.0275	4.9545	0.0000	0.0000	0.0000	0.0000	0.0000	0.0000	0.0000	0.0000	0.0000	0.0028	0.0000	0.0028	0.0002	0.0000	0.0002	0.0026	0.0000	0.0026	0.0388	0.0346	0.0043	0.0165	0.0158	0.0008	0.0223	0.0188	0.0035	0.1081	0.0750	0.0330	0.0708	0.0556	0.0152	0.0373	0.0194	0.0179	0.0000	0.0000	0.0000	0.0000	0.0000	0.0000	0.0000	0.0000	0.0000	0.0258	0.0000	0.0844	0.0027	0.0000	0.0125	0.0697	0.0000	0.1454				
17	85	0.7430	8	2	1	1	0	0	0	0	0	Y	N	N	N	N	N	N	N	N	N	N	N	0.0000	0.0000	0.0000	0.0000	0.0000	0.0000	0.0000	0.0000	0.0000	0.0000	0.0000	0.0000	0.0000	0.0000	0.0000	0.0155	0.0225	0.0000	0.0215	0.0282	0.0000	0.0018	0.0034	0.0000	0.0000	0.0000	-0.0013	3.5868	0.9968	9.0275	7.6169	0.0000	0.0000	0.0000	0.0000	0.0000	0.0000	0.0000	0.0000	0.0000	0.0029	0.0029	0.0000	0.0028	0.0028	0.0000	0.0001	0.0001	0.0000	0.0387	0.0344	0.0042	0.0165	0.0158	0.0008	0.0221	0.0187	0.0035	0.1864	0.1286	0.0578	0.1296	0.0989	0.0306	0.0569	0.0297	0.0272	0.0000	0.0000	0.0000	0.0000	0.0000	0.0000	0.0000	0.0000	0.0000	0.0155	0.0225	0.0000	0.0215	0.0282	0.0000	0.0018	0.0034	0.0000				
17	86	0.7630	7	2	2	0	0	0	0	0	0	Y	Y	N	N	N	N	N	N	N	N	N	N	0.0003	0.0628	0.0000	0.0130	0.0912	0.0000	0.0000	0.0000	0.0000	0.0000	0.0000	0.0000	0.0001	0.0001	0.0000	0.0000	0.0000	0.0000	0.0850	0.0004	0.3033	0.0040	0.0006	0.0239	0.1954	0.0000	0.4225	0.0000	284.3589	-0.0000	0.0108	3.5868	5.8060	9.0275	6.1034	0.0000	0.0000	0.0000	0.0000	0.0000	0.0000	0.0000	0.0000	0.0000	0.0200	0.0001	0.0200	0.0005	0.0001	0.0005	0.0195	0.0000	0.0195	0.2511	0.2208	0.0303	0.1108	0.1040	0.0068	0.1404	0.1168	0.0235	0.2354	0.1696	0.0658	0.1357	0.1161	0.0197	0.0997	0.0536	0.0461	0.0003	0.0628	0.0000	0.0130	0.0912	0.0000	0.0000	0.0000	0.0000	0.0850	0.0004	0.3033	0.0040	0.0006	0.0239	0.1954	0.0000	0.4225
17	87	0.6691	6	2	2	0	0	0	0	0	0	Y	Y	N	N	N	N	N	N	N	N	N	N	0.0000	0.0093	0.0000	0.0002	0.0002	0.0000	0.0000	0.0059	0.0000	0.0000	0.0000	0.0000	0.0000	0.0000	0.0000	0.0000	0.0000	0.0000	2.0520	0.0016	7.3704	0.0003	0.0004	0.0000	5.0680	0.0046	13.8583	0.0000	1794.0197	-0.0000	0.5306	3.5868	12.2869	9.0275	21.7146	0.0000	0.0000	0.0000	0.0000	0.0000	0.0000	0.0000	0.0000	0.0000	0.9807	0.0005	0.9801	0.0001	0.0001	0.0000	0.9806	0.0004	0.9801	0.4213	0.3752	0.0461	0.1700	0.1630	0.0070	0.2513	0.2122	0.0391	0.4779	0.3316	0.1463	0.2844	0.2331	0.0514	0.1935	0.0985	0.0950	0.0000	0.0093	0.0000	0.0002	0.0002	0.0000	0.0000	0.0059	0.0000	2.0520	0.0016	6.6989	0.0003	0.0004	0.0000	5.0680	0.0046	10.3221
17	88	0.7656	9	1	2	0	0	0	0	0	0	N	Y	N	N	N	N	N	N	N	N	N	N	0.9942	0.0000	11606331.7263	0.0001	0.0000	3697.9181	206458695.9105	622310373.7043	3.7621	0.0000	34.1230	0.0010	0.0000	0.0223	6.5480	0.0000	41.5417	3.7842	6.0170	0.0000	7.9082	10.7666	0.0000	0.0000	0.0000	0.0000	inf	0.0000	0.3216	-0.4570	3.5868	4.0005	9.0275	9.0093	0.5754	0.0000	0.5754	0.0001	0.0000	0.0001	0.5753	0.0000	0.5753	0.9970	0.9970	0.0000	0.9970	0.9970	0.0000	0.0000	0.0000	0.0000	0.1529	0.1361	0.0169	0.0651	0.0621	0.0030	0.0879	0.0740	0.0138	0.2635	0.1825	0.0809	0.1752	0.1362	0.0390	0.0883	0.0463	0.0419	0.9942	0.0000	11606331.7263	0.0002	0.0000	3697.9181	206458695.9105	0.0000	622310373.7043	3.7842	5.4618	0.0000	5.6915	7.3201	0.0000	0.0000	0.0000	0.0000	
17	89	0.7430	8	1	2	0	0	0	0	0	0	N	Y	N	N	N	N	N	N	N	N	N	N	0.3898	0.0757	27.2569	0.0000	0.0000	0.0014	6.9234	1.0430	226608.0184	0.0061	0.0016	0.0419	0.0000	0.0000	0.0000	0.0106	0.0030	0.0511	0.0155	0.0218	0.0015	0.0218	0.0276	0.0029	0.0015	0.0029	0.0000	3.1256	0.0315	0.0001	-0.0014	3.5868	1.0051	9.0275	9.2650	0.0002	0.0001	0.0002	0.0000	0.0000	0.0000	0.0002	0.0001	0.0002	0.0033	0.0032	0.0001	0.0032	0.0031	0.0001	0.0001	0.0001	0.0000	0.0390	0.0347	0.0043	0.0167	0.0159	0.0008	0.0223	0.0188	0.0035	0.2104	0.1456	0.0649	0.1452	0.1114	0.0338	0.0652	0.0342	0.0311	0.3898	0.0757	27.2569	0.0000	0.0000	0.0014	6.9234	1.0430	226608.0184	0.0155	0.0218	0.0015	0.0218	0.0276	0.0029	0.0015	0.0029	0.0000
17	90	0.7914	8	1	1	1	0	0	0	0	0	N	N	N	N	N	N	N	N	N	N	N	N	0.0000	0.0000	0.0000	0.0000	0.0000	0.0000	0.0000	0.0000	0.0000	0.0000	0.0000	0.0000	0.0000	0.0000	0.0000	0.0000	0.0000	0.0159	0.0217	0.0000	0.0033	0.0038	0.0000	0.0316	0.0561	0.0000	0.0000	0.0000	-0.0012	3.5868	2.3559	9.0275	7.1930	0.0000	0.0000	0.0000	0.0000	0.0000	0.0000	0.0000	0.0000	0.0000	0.0027	0.0027	0.0000	0.0003	0.0003	0.0000	0.0024	0.0024	0.0000	0.0951	0.0853	0.0098	0.0418	0.0401	0.0017	0.0532	0.0452	0.0081	0.1707	0.1251	0.0457	0.0945	0.0821	0.0124	0.0763	0.0430	0.0333	0.0000	0.0000	0.0000	0.0000	0.0000	0.0000	0.0000	0.0000	0.0000	0.0159	0.0217	0.0000	0.0033	0.0038	0.0000	0.0316	0.0561	0.0000		
17	91	0.7586	7	1	1	0	0	0	0	0	0	N	N	N	N	N	N	N	N	N	N	N	N	0.0029	0.0023	0.0017	0.1765	0.1628	0.0038	0.0012	0.0007	0.0002	0.0051	0.0057	0.0000	0.0051	0.0053	0.0000	0.0051	0.0060	0.0000	1.7519	2.4107	0.0027	0.0288	0.0325	0.0066	4.3755	8.2922	0.0009	0.0001	0.0004	-0.0005	-0.4076	3.5868	4.9284	9.0275	11.0439	0.0011	0.0011	0.0000	0.0005	0.0005	0.0000	0.0006	0.0006	0.0000	0.8901	0.8897	0.0004	0.0088	0.0086	0.0003	0.8812	0.8811	0.0001	0.2109	0.1904	0.0205	0.0936	0.0899	0.0037	0.1173	0.1005	0.0168	0.5080	0.3690	0.1390	0.3066	0.2628	0.0439	0.2014	0.1063	0.0951	0.0029	0.0023	0.0017	0.1765	0.1628	0.0038	0.0012	0.0007	0.0002	1.7519	2.4107	0.0027	0.0288	0.0325	0.0066	4.3755	8.2922	0.0009
17	92	0.6691	6	1	1	0	0	0	0	0	0	N	N	N	N	N	N	N	N	N	N	N	N	0.0296	0.0228	0.1543	1.0311	0.9335	0.0000	0.0091	0.0052	0.1293	0.0077	0.0085	0.0020	0.0107	0.0112	0.0000	0.0057	0.0064	0.0023	0.2616	0.3714	0.0128	0.0104	0.0120	0.0032	0.6314	1.2235	0.0180	0.0289	0.0152	-0.0004	-0.0543	3.5868	3.9161	9.0275	29.2065	0.0011	0.0010	0.0000	0.0006	0.0006	0.0000	0.0005	0.0004	0.0000	0.1225	0.1206	0.0018	0.0029	0.0027	0.0002	0.1196	0.1179	0.0017	0.1390	0.1236	0.0153	0.0561	0.0537	0.0023	0.0829	0.0699	0.0130	0.4681	0.3248	0.1433	0.2787	0.2284	0.0503	0.1894	0.0964	0.0930	0.0296	0.0228	0.1543	1.0311	0.9335	0.0000	0.0091	0.0052	0.1293	0.2616	0.3714	0.0128	0.0104	0.0120	0.0032	0.6314	1.2235	0.0180
17	93	0.2010	2	2	2	0	0	0	0	0	0	Y	Y	N	N	N	N	N	N	N	N	N	N	1.9297	3.2243	0.0055	0.0104	0.0062	3.3383	2.0679	3.3062	0.0051	5.7168	7.9667	0.0204	0.0004	0.0003	0.0055	9.9204	18.7266	0.0211	2.9625	2.4708	3.7261	0.0418	0.0465	0.0017	4.7973	5.6640	4.1501	0.0010	0.9709	-0.8794	0.0680	3.5868	2.5103	9.0275	7.4742	1.9981	1.9961	0.0020	0.0001	0.0000	0.0000	1.9980	1.9960	0.0020	1.9861	1.0077	0.9784	0.0108	0.0108	0.0000	1.9753	0.9970	0.9784	0.3495	0.2506	0.0990	0.1481	0.1440	0.0041	0.2014	0.1066	0.0948	0.6704	0.4079	0.2626	0.2587	0.2318	0.0268	0.4118	0.1760	0.2357	1.9297	3.2243	0.0055	0.0104	0.0062	3.3383	2.0679	3.3062	0.0051	2.9625	2.4708	3.7261	0.0418	0.0465	0.0017	4.7973	5.6640	4.1501
17	95	0.7430	8	2	2	0	0	0	0	0	0	Y	Y	N	N	N	N	N	N	N	N	N	N	0.4177	0.2971	0.0000	0.0027	0.0022	0.0000	0.5346	0.3368	1.9126	2.1465	0.0000	0.0086	0.0090	0.0000	3.3188	3.9300	0.0000	4.5793	7.2248	0.0001	3.1594	4.0292	0.0001	6.2084	11.6670	0.0000	0.0000	0.0000	-0.2529	-0.9168	3.5868	8.0000	9.0275	22.5660	0.5733	0.5733	0.0000	0.0011	0.0011	0.0000	0.5722	0.5722	0.0000	2.0001	2.0001	0.0000	1.0000	1.0000	0.0000	1.0001	1.0001	0.0000	0.2998	0.2671	0.0327	0.1273	0.1215	0.0058	0.1724	0.1456	0.0268	0.4776	0.3339	0.1437	0.3165	0.2482	0.0683	0.1611	0.0857	0.0754	0.4567	0.3584	0.0000	0.0027	0.0022	0.0000	0.5346	0.3368	0.0000	4.1877	5.9900	0.0001	3.1594	4.0292	0.0001	6.2084	11.6670	0.0000	
17	96	0.6691	6	1	1	0	0	0	0	0	0	N	N	N	N	N	N	N	N	N	N	N	N	0.0000	0.0000	0.0000	0.0000	0.0000	0.0000	0.0000	0.0000	0.0000	0.0000	0.0000	0.0000	0.0000	0.0000	0.0000	0.0000	2.2610	0.0000	9.4834	0.0000	0.0000	0.0000	5.5963	0.0000	17.2890	159309.2352	0.0000	0.5416	3.5868	11.9964	9.0275	18.8414	0.0000	0.0000	0.0000	0.0000	0.0000	0.0000	0.0000	0.0000	0.0000	1.0000	0.0000	1.0000	0.0000	0.0000	0.0000	1.0000	0.0000	1.0000	0.4118	0.3668	0.0450	0.1662	0.1593	0.0068	0.2456	0.2074	0.0382	0.4423	0.3069	0.1354	0.2636	0.2162	0.0474	0.1787	0.0907	0.0880	0.0000	0.0000	0.0000	0.0000	0.0000	0.0000	0.0000	0.0000	0.0000	2.2610	0.0000	7.3863	0.0000	0.0000	0.0000	5.5963	0.0000	11.3673			
17	98	0.7735	10	2	2	1	0	0	0	0	0	Y	Y	N	N	N	N	N	N	N	N	N	N	0.0000	0.0000	inf	0.0000	0.0000	inf	inf	0.0001	0.0000	0.0008	0.0000	0.0000	0.0000	0.0001	0.0000	0.0009	3.1927	4.5143	0.0000	5.2115	7.7199	0.0000	0.0000	0.0000	0.0000	inf	0.0000	0.0000	-0.4328	3.5868	0.9502	9.0275	16.1595	0.0000	0.0000	0.0000	0.0000	0.0000	0.0000	0.0000	0.0000	0.0000	0.9441	0.9441	0.0000	0.9441	0.9441	0.0000	0.0000	0.0000	0.0000	0.0371	0.0330	0.0041	0.0158	0.0151	0.0007	0.0213	0.0179	0.0033	0.2957	0.2091	0.0866	0.1943	0.1525	0.0418	0.1014	0.0567	0.0447	0.0000	0.0000	inf	0.0000	0.0000	0.0000	inf	0.0000	inf	3.1927	4.5143	0.0000	4.8591	6.1919	0.0000	0.0000	0.0000	0.0000		
17	99	0.6691	6	1	2	0	0	0	0	0	0	N	Y	N	N	N	N	N	N	N	N	N	N	266875.4929	inf	0.0000	394585.6093	inf	0.0000	2.4507	2.7517	0.0000	6.0727	6.3335	0.0000	0.0000	0.0000	0.0000	0.0000	0.0000	0.0000	0.0000	0.0000	0.0001	0.0000	0.0000	0.0000	0.0000	inf	-0.4452	0.0000	3.5868	11.9964	9.0275	15.6499	1.0092	1.0092	0.0000	1.0092	1.0092	0.0000	0.0000	0.0000	0.0000	0.0000	0.0000	0.0000	0.0000	0.0000	0.0000	0.0000	0.0000	0.0000	0.4118	0.3668	0.0450	0.1662	0.1593	0.0068	0.2456	0.2074	0.0382	0.4054	0.2813	0.1241	0.2419	0.1986	0.0433	0.1635	0.0827	0.0808	266875.4929	inf	0.0000	394585.6093	inf	0.0000	0.0000	0.0000	0.0000	0.0000	0.0000	0.0000	0.0000	0.0000	0.0001	0.0000	0.0000	0.0000			
17	100	0.7765	11	2	1	1	0	0	0	0	0	Y	N	N	N	N	N	N	N	N	N	N	N	0.0001	0.0000	inf	0.0000	0.0000	0.0000	0.0000	inf	0.0000	0.0000	0.0000	0.0000	0.0000	0.0000	0.0000	0.0000	0.0000	0.0239	0.0340	0.0000	0.0001	0.0001	0.0000	0.0704	0.1283	0.0000	inf	0.0000	0.0000	-0.0028	3.5868	1.0008	9.0275	13.9255	0.0000	0.0000	0.0000	0.0000	0.0000	0.0000	0.0000	0.0000	0.0000	0.0062	0.0062	0.0000	0.0000	0.0000	0.0000	0.0061	0.0061	0.0000	0.0390	0.0347	0.0043	0.0166	0.0159	0.0008	0.0224	0.0189	0.0035	0.2575	0.1814	0.0761	0.1703	0.1336	0.0368	0.0872	0.0479	0.0394	0.0001	0.0000	inf	0.0000	0.0000	0.0000	0.0000	0.0000	inf	0.0239	0.0340	0.0000	0.0001	0.0001	0.0000	0.0704	0.1283	0.0000	
17	101	0.7735	10	2	1	1	0	0	0	0	0	Y	N	N	N	N	N	N	N	N	N	N	N	0.0018	0.0000	13.3344	0.0007	0.0006	0.0000	0.0010	0.0000	129.7097	0.0015	0.0000	0.0133	0.0001	0.0001	0.0000	0.0026	0.0000	0.0160	0.8178	1.1159	0.0010	0.1107	0.1393	0.0017	2.5075	4.2446	0.0001	46.5424	0.0003	0.0000	-0.0281	3.5868	0.0532	9.0275	2.0467	0.0000	0.0000	0.0000	0.0000	0.0000	0.0000	0.0000	0.0000	0.0000	0.0614	0.0614	0.0000	0.0059	0.0058	0.0000	0.0555	0.0555	0.0000	0.0021	0.0019	0.0002	0.0009	0.0009	0.0000	0.0012	0.0010	0.0002	0.0750	0.0550	0.0201	0.0529	0.0419	0.0110	0.0221	0.0131	0.0091	0.0018	0.0000	13.3344	0.0007	0.0006	0.0000	0.0010	0.0000	129.7097	0.8178	1.1159	0.0010	0.1107	0.1393	0.0017	2.5075	4.2446	0.0001
17	102	0.7639	9	2	1	1	0	0	0	0	0	Y	N	N	N	N	N	N	N	N	N	N	N	0.0478	0.0000	320.8312	0.0000	0.0000	0.0000	0.0501	0.0000	3046.1674	0.0418	0.0000	0.3831	0.0000	0.0000	0.0000	0.0734	0.0000	0.4670	0.8742	1.2000	0.0012	0.6149	0.7810	0.0021	1.4663	2.4652	0.0002	10173.7060	0.0004	0.0019	-0.0494	3.5868	2.0948	9.0275	3.0326	0.0034	0.0000	0.0034	0.0000	0.0000	0.0000	0.0034	0.0000	0.0034	0.1078	0.1077	0.0000	0.0527	0.0527	0.0000	0.0551	0.0551	0.0000	0.0812	0.0724	0.0089	0.0350	0.0334	0.0016	0.0463	0.0390	0.0073	0.1233	0.0898	0.0335	0.0857	0.0674	0.0183	0.0376	0.0223	0.0152	0.0478	0.0000	320.8312	0.0000	0.0000	0.0000	0.0501	0.0000	3046.1674	0.8742	1.2000	0.0012	0.6149	0.7810	0.0021	1.4663	2.4652	0.0002
17	103	0.7430	8	2	1	1	0	0	0	0	0	Y	N	N	N	N	N	N	N	N	N	N	N	0.0251	0.0193	0.4979	0.0379	0.0304	0.0032	0.6362	0.3510	2851.1987	0.0078	0.0086	0.0006	0.0168	0.0177	0.0000	0.0010	0.0011	0.0007	0.3095	0.4479	0.0012	0.4449	0.5817	0.0023	0.0016	0.0031	0.0000	0.0085	0.0012	-0.0005	-0.0267	3.5868	3.9484	9.0275	4.8420	0.0012	0.0012	0.0000	0.0011	0.0011	0.0000	0.0001	0.0001	0.0000	0.0585	0.0584	0.0001	0.0584	0.0583	0.0001	0.0001	0.0001	0.0000	0.1507	0.1342	0.0165	0.0641	0.0611	0.0030	0.0866	0.0730	0.0135	0.1890	0.1304	0.0586	0.1312	0.1003	0.0310	0.0578	0.0302	0.0276	0.0251	0.0193	0.4979	0.0379	0.0304	0.0032	0.6362	0.3510	2851.1987	0.3095	0.4479	0.0012	0.4449	0.5817	0.0023	0.0016	0.0031	0.0000
17	104	0.7014	7	1	2	0	0	0	0	0	0	N	Y	N	N	N	N	N	N	N	N	N	N	0.0000	0.0000	0.0000	0.0000	0.0000	0.0000	0.0000	0.0000	0.0000	0.0000	0.0000	0.0000	0.0000	0.0000	0.0000	0.0000	0.0000	1.8489	2.6582	0.0001	3.2398	3.8780	0.0004	0.0000	0.0000	0.0000	0.0000	0.0000	-0.0000	-0.4677	3.5868	8.9557	9.0275	32.3127	0.0000	0.0000	0.0000	0.0000	0.0000	0.0000	0.0000	0.0000	0.0000	1.0203	1.0203	0.0000	1.0203	1.0203	0.0000	0.0000	0.0000	0.0000	0.3776	0.3389	0.0387	0.1741	0.1655	0.0086	0.2035	0.1734	0.0301	0.5519	0.3838	0.1680	0.3149	0.2631	0.0518	0.2369	0.1207	0.1162	0.0000	0.0000	0.0000	0.0000	0.0000	0.0000	0.0000	0.0000	0.0000	1.8489	2.6582	0.0001	3.2398	3.8780	0.0004	0.0000	0.0000	0.0000	
17	105	0.7268	8	1	1	1	0	0	0	0	0	N	N	N	N	N	N	N	N	N	N	N	N	85.8797	66.5725	0.0000	103.1767	92.0077	0.0000	0.0041	0.0046	0.0000	0.0086	0.0091	0.0000	0.0000	0.0000	0.0000	0.0000	0.0001	0.0000	0.0001	0.0001	0.0000	0.0000	0.0000	0.0000	0.0000	0.0001	-0.0003	-0.0000	3.5868	4.2679	9.0275	7.8415	0.0007	0.0007	0.0000	0.0007	0.0007	0.0000	0.0000	0.0000	0.0000	0.0000	0.0000	0.0000	0.0000	0.0000	0.0000	0.0000	0.0000	0.0000	0.1816	0.1618	0.0198	0.0869	0.0820	0.0050	0.0946	0.0798	0.0148	0.2085	0.1440	0.0645	0.1199	0.1008	0.0191	0.0885	0.0431	0.0454	85.8797	66.5725	0.0000	103.1767	92.0077	0.0000	0.0000	0.0000	0.0000	0.0000	0.0001	0.0000	0.0001	0.0001	0.0000	0.0000	0.0000	0.0000			
17	106	0.7014	7	1	1	0	0	0	0	0	0	N	N	N	N	N	N	N	N	N	N	N	N	0.4395	0.0002	1.5642	0.0003	0.0002	0.0009	0.4252	1.6904	0.0061	0.0000	0.0704	0.0000	0.0000	0.0000	0.0133	0.0000	0.1046	0.0139	0.0007	0.0450	0.0019	0.0010	0.0069	0.0312	0.0000	0.0619	56248.4420	26.4314	0.0004	0.0014	3.5868	1.9301	9.0275	9.0954	0.0007	0.0000	0.0007	0.0000	0.0000	0.0000	0.0007	0.0000	0.0007	0.0027	0.0001	0.0026	0.0002	0.0001	0.0001	0.0025	0.0000	0.0025	0.1216	0.1111	0.0106	0.0656	0.0621	0.0034	0.0561	0.0489	0.0071	0.1974	0.1386	0.0587	0.1165	0.0985	0.0180	0.0808	0.0401	0.0407	0.4395	0.0002	1.5642	0.0003	0.0002	0.0009	0.4252	0.0000	1.6904	0.0139	0.0007	0.0450	0.0019	0.0010	0.0069	0.0312	0.0000	0.0619	
17	107	0.6691	6	1	1	0	0	0	0	0	0	N	N	N	N	N	N	N	N	N	N	N	N	0.0031	0.0000	0.3190	0.0000	0.0000	0.0000	0.0574	0.0005	0.2644	0.0000	0.0000	0.0003	0.0000	0.0000	0.0000	0.0001	0.0000	0.0004	0.0119	0.0167	0.0010	0.0192	0.0231	0.0001	0.0011	0.0007	0.0015	225.6667	0.0275	0.0000	-0.0012	3.5868	3.9049	9.0275	9.6098	0.0000	0.0000	0.0000	0.0000	0.0000	0.0000	0.0000	0.0000	0.0000	0.0027	0.0027	0.0001	0.0026	0.0026	0.0000	0.0001	0.0000	0.0001	0.1386	0.1233	0.0153	0.0559	0.0536	0.0023	0.0827	0.0697	0.0130	0.2301	0.1596	0.0705	0.1370	0.1139	0.0231	0.0931	0.0457	0.0474	0.0031	0.0000	0.3190	0.0000	0.0000	0.0000	0.0574	0.0005	0.2644	0.0119	0.0167	0.0010	0.0192	0.0231	0.0001	0.0011	0.0007	0.0015
17	108	0.6902	8	1	2	0	0	0	0	0	0	N	Y	N	N	N	N	N	N	N	N	N	N	0.0000	0.0000	0.0000	0.0000	0.0000	0.0000	0.0000	0.0000	0.0000	0.0000	0.0000	0.0000	0.0000	0.0000	0.0000	0.0000	0.0000	0.0002	0.0002	0.0002	0.0002	0.0003	0.0000	0.0001	0.0000	0.0003	0.5016	0.0000	-0.0000	3.5868	8.0392	9.0275	22.6195	0.0000	0.0000	0.0000	0.0000	0.0000	0.0000	0.0000	0.0000	0.0000	0.0001	0.0001	0.0000	0.0001	0.0001	0.0000	0.0000	0.0000	0.0000	0.2929	0.2609	0.0320	0.1221	0.1168	0.0054	0.1707	0.1441	0.0266	0.4641	0.3200	0.1441	0.2580	0.2113	0.0467	0.2061	0.1087	0.0974	0.0000	0.0000	0.0000	0.0000	0.0000	0.0000	0.0000	0.0000	0.0000	0.0002	0.0002	0.0002	0.0002	0.0003	0.0000	0.0001	0.0000	0.0003		
17	109	0.6902	7	1	1	0	0	0	0	0	0	N	N	N	N	N	N	N	N	N	N	N	N	0.0000	0.0000	0.0000	0.0000	0.0000	0.0000	0.0000	0.0000	0.0000	0.0000	0.0000	0.0000	0.0000	0.0000	0.0000	0.0000	0.0000	0.0017	0.0012	0.0035	0.0016	0.0018	0.0000	0.0019	0.0000	0.0047	1.0000	0.0000	0.0000	3.5868	0.2031	9.0275	2.0398	0.0000	0.0000	0.0000	0.0000	0.0000	0.0000	0.0000	0.0000	0.0000	0.0002	0.0001	0.0001	0.0001	0.0001	0.0000	0.0001	0.0000	0.0001	0.0077	0.0068	0.0008	0.0032	0.0031	0.0001	0.0045	0.0038	0.0007	0.1036	0.0782	0.0254	0.0574	0.0509	0.0064	0.0462	0.0273	0.0190	0.0000	0.0000	0.0000	0.0000	0.0000	0.0000	0.0000	0.0000	0.0000	0.0017	0.0012	0.0035	0.0016	0.0018	0.0000	0.0019	0.0000	0.0047		
17	110	0.2621	3	2	1	1	0	0	0	0	0	Y	N	N	N	N	N	N	N	N	N	N	N	0.0000	0.0000	0.0000	0.0000	0.0000	0.0000	0.0000	0.0000	0.0000	0.0000	0.0000	0.0000	0.0000	0.0000	0.0000	0.0000	0.0000	0.0000	0.0000	0.0000	3.5868	0.0001	9.0275	0.0001	0.0000	0.0000	0.0000	0.0000	0.0000	0.0000	0.0000	0.0000	0.0000	0.0000	0.0000	0.0000	0.0000	0.0000	0.0000	0.0000	0.0000	0.0000	0.0035	0.0027	0.0007	0.0017	0.0017	0.0000	0.0017	0.0010	0.0007	0.0001	0.0001	0.0000	0.0000	0.0000	0.0000	0.0001	0.0000	0.0000	0.0000	0.0000	0.0000	0.0000	0.0000	0.0000	0.0000	0.0000	0.0000	0.0000	0.0000	0.0000	0.0000	0.0000	0.0000	0.0000	0.0000	0.0000											
17	111	0.2483	2	2	1	1	0	0	0	0	0	Y	N	N	N	N	N	N	N	N	N	N	N	0.1137	1.2359	0.0918	0.6542	1.1410	0.0000	0.0667	0.1302	0.0006	0.0004	0.0012	0.0007	0.0008	0.0000	0.0005	0.0000	0.0019	0.0049	0.0003	0.0128	0.0010	0.0007	0.0030	0.0070	0.0000	0.0142	0.7673	23.1871	-0.0000	0.0005	3.5868	1.6718	9.0275	2.9223	0.0001	0.0001	0.0000	0.0001	0.0001	0.0000	0.0000	0.0000	0.0000	0.0010	0.0000	0.0010	0.0001	0.0000	0.0000	0.0010	0.0000	0.0010	0.1638	0.1297	0.0341	0.0776	0.0651	0.0125	0.0862	0.0646	0.0216	0.2068	0.1301	0.0768	0.0702	0.0603	0.0099	0.1367	0.0698	0.0669	0.1137	1.2359	0.0918	0.6542	1.1410	0.0000	0.0667	0.0000	0.1302	0.0049	0.0003	0.0128	0.0010	0.0007	0.0030	0.0070	0.0000	0.0142	
17	115	0.7493	8	2	1	1	0	0	0	0	0	Y	N	N	N	N	N	N	N	N	N	N	N	0.0000	0.0000	0.0000	0.0000	0.0000	0.0000	0.0000	0.0000	0.0000	0.0000	0.0000	0.0000	0.0000	0.0000	0.0000	0.0000	0.0010	0.0013	0.0004	0.0013	0.0017	0.0000	0.0003	0.0000	0.0007	0.1313	0.0000	-0.0000	3.5868	1.0009	9.0275	4.0038	0.0000	0.0000	0.0000	0.0000	0.0000	0.0000	0.0000	0.0000	0.0000	0.0001	0.0001	0.0000	0.0001	0.0001	0.0000	0.0000	0.0000	0.0000	0.0383	0.0341	0.0043	0.0156	0.0149	0.0007	0.0227	0.0191	0.0035	0.0873	0.0599	0.0274	0.0577	0.0444	0.0133	0.0296	0.0155	0.0141	0.0000	0.0000	0.0000	0.0000	0.0000	0.0000	0.0000	0.0000	0.0000	0.0010	0.0013	0.0004	0.0013	0.0017	0.0000	0.0003	0.0000	0.0007			
17	116	0.7209	7	2	1	1	0	0	0	0	0	Y	N	N	N	N	N	N	N	N	N	N	N	0.0000	0.0000	0.0000	0.0000	0.0000	0.0000	0.0000	0.0000	0.0000	0.0000	0.0000	0.0000	0.0000	0.0000	0.0000	0.0000	0.0000	0.0000	0.2977	0.3834	0.0843	0.4372	0.5308	0.0172	0.0604	0.0009	0.1292	0.0882	0.0000	-0.0245	3.5868	1.8441	9.0275	10.4794	0.0000	0.0000	0.0000	0.0000	0.0000	0.0000	0.0000	0.0000	0.0000	0.0650	0.0597	0.0053	0.0601	0.0597	0.0004	0.0049	0.0000	0.0048	0.0884	0.0786	0.0098	0.0394	0.0378	0.0016	0.0490	0.0408	0.0082	0.2183	0.1558	0.0625	0.1375	0.1125	0.0251	0.0808	0.0433	0.0375	0.0000	0.0000	0.0000	0.0000	0.0000	0.0000	0.0000	0.0000	0.0000	0.2977	0.3834	0.0843	0.4372	0.5308	0.0172	0.0604	0.0009	0.1292	
17	117	0.4329	5	1	2	0	1	0	0	0	0	N	Y	N	N	N	N	N	N	N	N	N	N	0.0024	0.0036	0.0000	0.2413	0.3595	0.0001	0.0001	0.0001	0.0000	0.0064	0.0072	0.0000	0.0156	0.0161	0.0000	0.0003	0.0003	0.0000	2.7073	1.9921	4.2691	0.0648	0.0449	0.3200	4.2494	3.9270	4.6353	0.0001	0.9814	-0.0014	0.0716	3.5868	10.5071	9.0275	20.2622	0.0031	0.0031	0.0000	0.0030	0.0030	0.0000	0.0001	0.0001	0.0000	1.9376	0.9779	0.9597	0.0171	0.0110	0.0061	1.9205	0.9669	0.9536	0.4754	0.4277	0.0477	0.1911	0.1852	0.0059	0.2843	0.2426	0.0417	0.7157	0.4909	0.2248	0.2638	0.2447	0.0191	0.4520	0.2462	0.2057	0.0024	0.0036	0.0000	0.2413	0.3595	0.0001	0.0001	0.0001	0.0000	2.7073	1.9921	4.2691	0.0648	0.0449	0.3200	4.2494	3.9270	4.6353
17	118	0.6691	6	1	2	0	1	0	0	0	0	N	Y	N	N	N	N	N	N	N	N	N	N	0.0000	0.0000	0.0000	0.0000	0.0000	0.0000	0.0000	0.0000	0.0000	0.0000	0.0000	0.0000	0.0000	0.0000	0.0000	0.0000	0.0000	2.2842	3.2918	0.0000	0.0001	0.0001	0.0001	5.6549	11.1431	0.0000	0.0000	0.0000	-0.4584	3.5868	4.0036	9.0275	26.5072	0.0000	0.0000	0.0000	0.0000	0.0000	0.0000	0.0000	0.0000	0.0000	1.0000	1.0000	0.0000	0.0000	0.0000	0.0000	1.0000	1.0000	0.0000	0.1417	0.1261	0.0156	0.0572	0.0548	0.0024	0.0846	0.0713	0.0133	0.4378	0.3038	0.1340	0.2610	0.2141	0.0469	0.1768	0.0897	0.0871	0.0000	0.0000	0.0000	0.0000	0.0000	0.0000	0.0000	0.0000	0.0000	2.2842	3.2918	0.0000	0.0001	0.0001	0.0001	5.6549	11.1431	0.0000		
17	119	0.7075	7	1	2	0	0	0	0	0	0	N	Y	N	N	N	N	N	N	N	N	N	N	0.0021	0.0015	0.0061	0.0052	0.0000	0.0000	0.0117	0.0130	0.0000	0.0227	0.0238	0.0000	0.0000	0.0000	0.0000	5.5751	8.4820	0.0000	3.7440	4.5479	0.0000	7.1547	13.9383	0.0000	0.0000	0.0000	-0.0010	-0.9288	3.5868	3.8169	9.0275	21.2433	0.0023	0.0023	0.0000	0.0023	0.0023	0.0000	0.0000	0.0000	0.0000	2.0264	2.0264	0.0000	1.0320	1.0320	0.0000	0.9944	0.9944	0.0000	0.1945	0.1750	0.0196	0.0999	0.0950	0.0049	0.0946	0.0799	0.0147	0.4146	0.2983	0.1164	0.2756	0.2269	0.0487	0.1390	0.0713	0.0676	0.0024	0.0019	0.0000	0.0061	0.0052	0.0000	0.0000	0.0000	0.0000	4.8873	6.7940	0.0000	3.7440	4.5479	0.0000	7.1547	13.9383	0.0000			
17	120	0.4863	7	1	2	0	0	0	0	0	0	N	Y	N	N	N	N	N	N	N	N	N	N	73.6646	3.9007	902.3537	7.3626	4.1882	57.8951	2369.8218	6851.6214	0.0555	0.0034	0.4828	0.0159	0.0079	0.2703	0.0813	0.0000	0.5093	0.0008	0.0009	0.0005	0.0022	0.0019	0.0047	0.0000	0.0000	0.0001	17.4389	0.3175	0.0180	-0.0001	3.5868	16.3276	9.0275	34.9199	0.0357	0.0019	0.0338	0.0040	0.0019	0.0021	0.0317	0.0000	0.0317	0.0007	0.0005	0.0002	0.0006	0.0005	0.0001	0.0000	0.0000	0.0000	0.6433	0.5733	0.0700	0.2537	0.2460	0.0078	0.3895	0.3273	0.0622	0.8779	0.5798	0.2981	0.2970	0.2671	0.0299	0.5809	0.3127	0.2682	73.6646	3.9007	902.3537	7.3626	4.1882	57.8951	2369.8218	0.0000	6851.6214	0.0008	0.0009	0.0005	0.0022	0.0019	0.0047	0.0000	0.0000	0.0001	
17	121	0.4690	6	1	2	0	0	0	0	0	0	N	Y	N	N	N	N	N	N	N	N	N	N	1525.7003	11.2922	7411.1391	4.5202	4.1918	18.2389	3189.0741	29.8062	7734.2041	3.1021	0.0212	17.5977	0.0122	0.0116	0.0366	5.2414	0.0302	18.6762	0.0020	0.0019	0.0024	0.0027	0.0028	0.0020	0.0016	0.0010	0.0024	176.5393	0.5824	0.5370	-0.0001	3.5868	6.1757	9.0275	14.5601	0.9705	0.0055	0.9651	0.0016	0.0014	0.0001	0.9690	0.0040	0.9650	0.0010	0.0006	0.0004	0.0005	0.0005	0.0000	0.0005	0.0002	0.0003	0.3129	0.2580	0.0548	0.1280	0.1248	0.0032	0.1849	0.1332	0.0517	0.4834	0.3310	0.1523	0.1781	0.1632	0.0150	0.3052	0.1679	0.1374	1525.7003	11.2922	7411.1391	4.5202	4.1918	18.2389	3189.0741	29.8062	7734.2041	0.0020	0.0019	0.0024	0.0027	0.0028	0.0020	0.0016	0.0010	0.0024
17	122	0.4160	5	1	1	0	0	0	0	0	0	N	N	N	N	N	N	N	N	N	N	N	N	0.2349	0.0781	12.1820	0.0003	0.0003	0.0000	14.4837	10.6355	36.3690	0.0101	0.0049	0.0512	0.0000	0.0000	0.0000	0.0172	0.0089	0.0586	0.0431	0.0629	0.0042	0.1356	0.1436	0.0387	0.0012	0.0008	0.0016	1.3227	0.0340	0.0004	-0.0109	3.5868	7.5400	9.0275	21.4192	0.0035	0.0015	0.0020	0.0000	0.0000	0.0000	0.0035	0.0015	0.0020	0.0256	0.0247	0.0008	0.0251	0.0246	0.0005	0.0005	0.0002	0.0003	0.3431	0.3045	0.0386	0.1414	0.1366	0.0048	0.2017	0.1679	0.0338	0.5928	0.3931	0.1997	0.1850	0.1710	0.0140	0.4079	0.2221	0.1857	0.2349	0.0781	12.1820	0.0003	0.0003	0.0000	14.4837	10.6355	36.3690	0.0431	0.0629	0.0042	0.1356	0.1436	0.0387	0.0012	0.0008	0.0016
17	123	0.7430	8	1	2	0	0	0	0	0	0	N	Y	N	N	N	N	N	N	N	N	N	N	0.0000	0.0000	0.0000	0.0000	0.0000	0.0000	0.0000	0.0000	0.0000	0.0000	0.0000	0.0000	0.0000	0.0003	0.0004	0.0000	0.0000	0.0000	0.0000	0.0008	0.0015	0.0000	0.0000	0.0000	-0.0000	3.5868	4.0019	9.0275	19.5615	0.0000	0.0000	0.0000	0.0000	0.0000	0.0000	0.0000	0.0000	0.0000	0.0001	0.0001	0.0000	0.0000	0.0000	0.0000	0.0001	0.0001	0.0000	0.1527	0.1360	0.0167	0.0650	0.0620	0.0030	0.0877	0.0740	0.0137	0.3908	0.2728	0.1181	0.2615	0.2041	0.0573	0.1294	0.0686	0.0607	0.0000	0.0000	0.0000	0.0000	0.0000	0.0000	0.0000	0.0000	0.0000	0.0003	0.0004	0.0000	0.0000	0.0000	0.0000	0.0008	0.0015	0.0000						
17	124	0.7209	7	1	1	0	0	0	0	0	0	N	N	N	N	N	N	N	N	N	N	N	N	0.0000	0.0000	0.0000	0.0000	0.0000	0.0000	0.0000	0.0000	0.0000	0.0000	0.0000	0.0000	0.0000	0.0000	0.0000	0.0000	0.0000	0.0000	6.6295	9.9202	0.1174	0.0124	0.0084	0.0311	14.9882	27.6707	0.1757	0.0061	0.0000	-0.4426	3.5868	1.2223	9.0275	8.2281	0.0000	0.0000	0.0000	0.0000	0.0000	0.0000	0.0000	0.0000	0.0000	0.9785	0.9726	0.0059	0.0014	0.0008	0.0006	0.9771	0.9718	0.0053	0.0649	0.0577	0.0072	0.0295	0.0284	0.0011	0.0353	0.0293	0.0060	0.1792	0.1288	0.0504	0.1141	0.0937	0.0204	0.0652	0.0351	0.0301	0.0000	0.0000	0.0000	0.0000	0.0000	0.0000	0.0000	0.0000	0.0000	5.4589	7.5501	0.1174	0.0124	0.0084	0.0311	14.9882	27.6707	0.1757	
17	125	0.6691	6	1	1	0	0	0	0	0	0	N	N	N	N	N	N	N	N	N	N	N	N	0.0000	0.0000	0.0000	0.0000	0.0000	0.0000	0.0000	0.0000	0.0000	0.0000	0.0000	0.0000	0.0000	0.0000	0.0000	0.0000	0.0000	0.0000	3.5113	0.1406	22.2400	0.0038	0.0046	0.0000	8.7092	0.4749	33.8575	34.9976	0.0000	0.5261	3.5868	5.9920	9.0275	12.2976	0.0000	0.0000	0.0000	0.0000	0.0000	0.0000	0.0000	0.0000	0.0000	1.0239	0.0284	0.9955	0.0007	0.0007	0.0000	1.0233	0.0278	0.9955	0.2108	0.1876	0.0232	0.0850	0.0815	0.0035	0.1258	0.1061	0.0197	0.2916	0.2024	0.0893	0.1741	0.1438	0.0303	0.1175	0.0585	0.0590	0.0000	0.0000	0.0000	0.0000	0.0000	0.0000	0.0000	0.0000	0.0000	3.5113	0.1406	11.1530	0.0038	0.0046	0.0000	8.7092	0.4749	16.8810	
17	126	0.7062	8	1	2	0	0	0	0	0	0	N	Y	N	N	N	N	N	N	N	N	N	N	0.0000	0.0000	0.0000	0.0000	0.0000	0.0000	0.0000	0.0000	0.0000	0.0000	0.0000	0.0000	0.0000	0.0000	0.0000	0.0000	0.0000	2.7305	3.9188	0.0000	5.3668	6.7990	0.0000	0.0000	0.0000	0.0000	0.0000	0.0000	-0.4553	3.5868	5.0407	9.0275	17.1705	0.0000	0.0000	0.0000	0.0000	0.0000	0.0000	0.0000	0.0000	0.0000	0.9934	0.9934	0.0000	0.9934	0.9934	0.0000	0.0000	0.0000	0.0000	0.1879	0.1674	0.0205	0.0795	0.0759	0.0036	0.1084	0.0915	0.0170	0.3638	0.2535	0.1103	0.2030	0.1674	0.0356	0.1608	0.0861	0.0747	0.0000	0.0000	0.0000	0.0000	0.0000	0.0000	0.0000	0.0000	0.0000	2.7305	3.9188	0.0000	4.8936	5.9358	0.0000	0.0000	0.0000	0.0000		
17	127	0.6902	7	1	2	0	0	0	0	0	0	N	Y	N	N	N	N	N	N	N	N	N	N	0.0000	0.0000	0.0000	0.0000	0.0000	0.0000	0.0000	0.0000	0.0000	0.0000	0.0000	0.0000	0.0000	0.0000	0.0000	0.0000	0.0000	0.0000	0.0373	0.0516	0.0011	0.0662	0.0782	0.0000	0.0007	0.0000	0.0016	0.0087	0.0000	-0.0031	3.5868	1.9703	9.0275	6.2034	0.0000	0.0000	0.0000	0.0000	0.0000	0.0000	0.0000	0.0000	0.0000	0.0069	0.0069	0.0001	0.0069	0.0069	0.0000	0.0001	0.0000	0.0001	0.0736	0.0655	0.0081	0.0307	0.0294	0.0014	0.0429	0.0362	0.0067	0.1858	0.1333	0.0526	0.1039	0.0880	0.0159	0.0819	0.0453	0.0366	0.0000	0.0000	0.0000	0.0000	0.0000	0.0000	0.0000	0.0000	0.0000	0.0373	0.0516	0.0011	0.0662	0.0782	0.0000	0.0007	0.0000	0.0016	
17	128	0.6691	6	1	1	0	0	0	0	0	0	N	N	N	N	N	N	N	N	N	N	N	N	0.0000	0.0000	0.0000	0.0000	0.0000	0.0000	0.0000	0.0000	0.0000	0.0000	0.0000	0.0000	0.0000	0.0000	0.0000	0.0000	0.0000	0.0006	0.0003	0.0012	0.0003	0.0004	0.0002	0.0009	0.0000	0.0017	2.1184	0.0000	0.0000	3.5868	1.1032	9.0275	7.8190	0.0000	0.0000	0.0000	0.0000	0.0000	0.0000	0.0000	0.0000	0.0000	0.0001	0.0000	0.0001	0.0000	0.0000	0.0000	0.0001	0.0000	0.0001	0.0396	0.0352	0.0044	0.0160	0.0153	0.0007	0.0236	0.0199	0.0037	0.1686	0.1169	0.0517	0.0995	0.0837	0.0158	0.0691	0.0332	0.0359	0.0000	0.0000	0.0000	0.0000	0.0000	0.0000	0.0000	0.0000	0.0000	0.0006	0.0003	0.0012	0.0003	0.0004	0.0002	0.0009	0.0000	0.0017		
17	129	0.4453	6	1	2	0	0	0	0	0	0	N	Y	N	N	N	N	N	N	N	N	N	N	0.0000	0.0000	14.2674	0.0000	0.0000	0.0000	0.0000	0.0000	40.7926	0.0000	0.0000	0.0000	0.0000	0.0000	0.0000	0.0000	0.0000	0.0000	0.1148	0.1558	0.0000	0.0057	0.0059	0.0000	0.2125	0.4006	0.0000	inf	0.0000	0.0000	-0.0135	3.5868	1.0033	9.0275	0.8635	0.0000	0.0000	0.0000	0.0000	0.0000	0.0000	0.0000	0.0000	0.0000	0.0294	0.0294	0.0000	0.0007	0.0007	0.0000	0.0287	0.0287	0.0000	0.2327	0.1965	0.0362	0.1495	0.1257	0.0238	0.0832	0.0708	0.0124	0.2558	0.1884	0.0673	0.1209	0.1169	0.0040	0.1349	0.0715	0.0633	0.0000	0.0000	14.2674	0.0000	0.0000	0.0000	0.0000	0.0000	40.7926	0.1148	0.1558	0.0000	0.0057	0.0059	0.0000	0.2125	0.4006	0.0000
17	130	0.4160	5	1	1	0	0	0	0	0	0	N	N	N	N	N	N	N	N	N	N	N	N	0.0004	0.0003	0.0233	0.0007	0.0008	0.0001	0.0004	0.0002	0.0290	0.0008	0.0008	0.0007	0.0000	0.0000	0.0000	0.0014	0.0015	0.0007	2.2789	3.3273	0.0281	0.0282	0.0262	0.0552	3.5265	6.4694	0.0259	0.0989	0.0039	-0.0001	-0.4347	3.5868	5.5514	9.0275	9.9598	0.0002	0.0002	0.0000	0.0000	0.0000	0.0000	0.0002	0.0002	0.0000	0.9566	0.9529	0.0037	0.0042	0.0037	0.0006	0.9524	0.9492	0.0032	0.2707	0.2402	0.0305	0.1148	0.1109	0.0039	0.1559	0.1292	0.0267	0.4198	0.2864	0.1334	0.1497	0.1397	0.0100	0.2701	0.1467	0.1234	0.0004	0.0003	0.0233	0.0007	0.0008	0.0001	0.0004	0.0002	0.0290	2.2789	3.3273	0.0281	0.0282	0.0262	0.0552	3.5265	6.4694	0.0259
17	131	0.3856	4	1	1	0	0	0	0	0	0	N	N	N	N	N	N	N	N	N	N	N	N	0.0137	0.0134	0.0000	0.0505	0.1169	0.0000	0.0000	0.0000	0.0000	0.0009	0.0010	0.0000	0.0023	0.0023	0.0000	0.0000	0.0000	0.0000	0.0629	0.0725	0.0427	0.0449	0.0200	0.4428	0.0715	0.1160	0.0177	0.0001	0.2833	-0.0002	-0.0082	3.5868	9.1969	9.0275	13.4651	0.0003	0.0003	0.0000	0.0003	0.0003	0.0000	0.0000	0.0000	0.0000	0.0344	0.0268	0.0076	0.0080	0.0033	0.0046	0.0264	0.0235	0.0030	0.4036	0.3597	0.0440	0.1539	0.1492	0.0047	0.2498	0.2105	0.0393	0.5472	0.3695	0.1777	0.1778	0.1673	0.0105	0.3695	0.2022	0.1672	0.0137	0.0134	0.0000	0.0505	0.1169	0.0000	0.0000	0.0000	0.0000	0.0629	0.0725	0.0427	0.0449	0.0200	0.4428	0.0715	0.1160	0.0177
17	132	0.7660	10	2	2	0	1	0	0	0	0	Y	Y	N	N	N	N	N	N	N	N	N	N	0.0000	0.0000	0.0000	0.0000	0.0000	0.0000	0.0000	0.0000	0.0000	0.0000	0.0000	0.0000	0.0000	0.0000	0.0000	0.0000	0.0000	0.0000	0.0000	0.0000	3.5868	1.0000	9.0275	3.0001	0.0000	0.0000	0.0000	0.0000	0.0000	0.0000	0.0000	0.0000	0.0000	0.0000	0.0000	0.0000	0.0000	0.0000	0.0000	0.0000	0.0000	0.0000	0.0386	0.0343	0.0043	0.0155	0.0148	0.0007	0.0231	0.0195	0.0036	0.0610	0.0431	0.0179	0.0403	0.0325	0.0078	0.0207	0.0106	0.0101	0.0000	0.0000	0.0000	0.0000	0.0000	0.0000	0.0000	0.0000	0.0000	0.0000	0.0000	0.0000	0.0000	0.0000	0.0000	0.0000	0.0000	0.0000											
17	133	0.4670	8	2	2	0	1	0	0	0	0	Y	Y	N	N	N	N	N	N	N	N	N	N	0.0000	0.0000	0.0000	0.0000	0.0000	0.0000	0.0000	0.0000	0.0000	0.0000	0.0000	0.0000	0.0000	0.0000	0.0000	0.0000	0.0000	0.0000	0.0000	0.0000	3.5868	0.0006	9.0275	1.9797	0.0000	0.0000	0.0000	0.0000	0.0000	0.0000	0.0000	0.0000	0.0000	0.0000	0.0000	0.0000	0.0000	0.0000	0.0000	0.0000	0.0000	0.0000	0.0000	0.0000	0.0000	0.0000	0.0000	0.0000	0.0000	0.0000	0.0000	0.0302	0.0194	0.0107	0.0079	0.0070	0.0008	0.0223	0.0124	0.0099	0.0000	0.0000	0.0000	0.0000	0.0000	0.0000	0.0000	0.0000	0.0000	0.0000	0.0000	0.0000	0.0000	0.0000	0.0000	0.0000	0.0000	0.0000											
17	134	0.4503	7	2	2	0	1	0	0	0	0	Y	Y	N	N	N	N	N	N	N	N	N	N	0.0000	0.0000	0.0000	0.0000	0.0000	0.0000	0.0000	0.0000	0.0000	0.0000	0.0000	0.0000	0.0000	0.0000	0.0000	0.0000	0.0000	0.0000	0.0000	0.0000	3.5868	2.0077	9.0275	6.0321	0.0000	0.0000	0.0000	0.0000	0.0000	0.0000	0.0000	0.0000	0.0000	0.0000	0.0000	0.0000	0.0000	0.0000	0.0000	0.0000	0.0000	0.0000	0.0785	0.0695	0.0091	0.0298	0.0285	0.0013	0.0488	0.0410	0.0077	0.1195	0.0757	0.0437	0.0284	0.0253	0.0031	0.0911	0.0505	0.0406	0.0000	0.0000	0.0000	0.0000	0.0000	0.0000	0.0000	0.0000	0.0000	0.0000	0.0000	0.0000	0.0000	0.0000	0.0000	0.0000	0.0000	0.0000											
17	135	0.4455	7	1	2	0	1	0	0	0	0	N	Y	N	N	N	N	N	N	N	N	N	N	0.0000	0.0000	0.0000	0.0000	0.0000	0.0000	0.0000	0.0000	0.0000	0.0000	0.0000	0.0000	0.0000	0.0000	0.0000	0.0000	0.0000	5.2287	0.0018	27.8609	0.0087	0.0043	0.0463	6.5413	0.0000	27.4917	3815.7290	0.0000	0.5372	3.5868	3.0348	9.0275	9.3583	0.0000	0.0000	0.0000	0.0000	0.0000	0.0000	0.0000	0.0000	0.0000	0.9923	0.0003	0.9921	0.0006	0.0003	0.0003	0.9918	0.0000	0.9918	0.1170	0.1036	0.0134	0.0441	0.0422	0.0019	0.0728	0.0613	0.0115	0.2185	0.1418	0.0767	0.0669	0.0600	0.0069	0.1516	0.0818	0.0698	0.0000	0.0000	0.0000	0.0000	0.0000	0.0000	0.0000	0.0000	0.0000	4.5412	0.0018	12.9318	0.0087	0.0043	0.0463	6.5413	0.0000	14.2082		
17	136	0.4312	6	1	1	0	1	0	0	0	0	N	N	N	N	N	N	N	N	N	N	N	N	0.0000	0.0000	0.0000	0.0000	0.0000	0.0000	0.0000	0.0000	0.0000	0.0000	0.0000	0.0000	0.0000	0.0000	0.0000	0.0000	0.0000	0.0840	0.0097	0.2141	0.0024	0.0027	0.0000	0.1105	0.0134	0.2307	12.6122	0.0000	0.0040	3.5868	0.0433	9.0275	6.6805	0.0000	0.0000	0.0000	0.0000	0.0000	0.0000	0.0000	0.0000	0.0000	0.0086	0.0006	0.0079	0.0001	0.0001	0.0000	0.0085	0.0006	0.0079	0.0020	0.0018	0.0002	0.0009	0.0009	0.0001	0.0011	0.0009	0.0002	0.1021	0.0650	0.0371	0.0251	0.0224	0.0027	0.0770	0.0426	0.0344	0.0000	0.0000	0.0000	0.0000	0.0000	0.0000	0.0000	0.0000	0.0000	0.0840	0.0097	0.2141	0.0024	0.0027	0.0000	0.1105	0.0134	0.2307		
17	137	0.7956	12	1	2	0	1	0	0	0	0	N	Y	N	N	N	N	N	N	N	N	N	N	0.0000	0.0000	0.0000	0.0000	0.0000	0.0000	0.0000	0.0000	0.0000	0.0000	0.0000	0.0000	0.0000	0.0000	0.0000	0.0000	0.0000	0.0000	0.0000	0.0000	3.5868	0.0000	9.0275	0.0000	0.0000	0.0000	0.0000	0.0000	0.0000	0.0000	0.0000	0.0000	0.0000	0.0000	0.0000	0.0000	0.0000	0.0000	0.0000	0.0000	0.0000	0.0000	0.0000	0.0000	0.0000	0.0000	0.0000	0.0000	0.0000	0.0000	0.0000	0.0000	0.0000	0.0000	0.0000	0.0000	0.0000	0.0000	0.0000	0.0000	0.0000	0.0000	0.0000	0.0000	0.0000	0.0000	0.0000	0.0000	0.0000	0.0000	0.0000	0.0000	0.0000	0.0000	0.0000	0.0000	0.0000	0.0000											
17	138	0.7905	11	1	2	0	1	0	0	0	0	N	Y	N	N	N	N	N	N	N	N	N	N	inf	inf	inf	inf	0.1826	0.0000	0.9646	0.0000	0.0000	0.0000	0.5472	0.0000	1.0405	0.0000	0.0000	0.0000	0.0000	0.0000	0.0000	0.0000	0.0000	0.0000	inf	0.0000	0.0000	3.5868	0.0021	9.0275	2.0000	0.0001	0.0000	0.0001	0.0000	0.0000	0.0000	0.0001	0.0000	0.0001	0.0000	0.0000	0.0000	0.0000	0.0000	0.0000	0.0000	0.0000	0.0000	0.0003	0.0002	0.0001	0.0002	0.0002	0.0000	0.0001	0.0000	0.0000	0.0306	0.0215	0.0092	0.0189	0.0154	0.0035	0.0117	0.0061	0.0057	inf	0.0000	inf	0.0000	0.0000	0.0000	inf	0.0000	inf	0.0000	0.0000	0.0000	0.0000	0.0000	0.0000	0.0000	0.0000	0.0000						
17	139	0.7803	10	1	1	0	1	0	0	0	0	N	N	N	N	N	N	N	N	N	N	N	N	inf	inf	inf	inf	inf	inf	14.7900	0.0000	132.4431	0.0006	0.0000	0.0148	24.6963	0.0000	156.9698	0.0000	0.0000	0.0000	0.0000	0.0000	0.0000	0.0000	0.0000	0.0000	inf	0.3197	0.0000	3.5868	1.0020	9.0275	3.0181	0.5721	0.0000	0.5721	0.0000	0.0000	0.0000	0.5721	0.0000	0.5721	0.0000	0.0000	0.0000	0.0000	0.0000	0.0000	0.0000	0.0000	0.0000	0.0387	0.0344	0.0043	0.0155	0.0148	0.0007	0.0232	0.0195	0.0036	0.0615	0.0431	0.0184	0.0380	0.0310	0.0070	0.0235	0.0121	0.0114	inf	0.0000	inf	inf	0.0000	inf	inf	0.0000	inf	0.0000	0.0000	0.0000	0.0000	0.0000	0.0000	0.0000	0.0000	0.0000				
17	140	0.7660	10	1	2	0	0	0	0	0	0	N	Y	N	N	N	N	N	N	N	N	N	N	0.0000	0.0000	0.0000	0.0000	0.0000	0.0000	0.0000	0.0000	0.0000	0.0000	0.0000	0.0000	0.0000	0.0000	0.0000	0.0000	0.0000	0.0000	0.0000	0.0000	3.5868	0.0000	9.0275	4.0001	0.0000	0.0000	0.0000	0.0000	0.0000	0.0000	0.0000	0.0000	0.0000	0.0000	0.0000	0.0000	0.0000	0.0000	0.0000	0.0000	0.0000	0.0000	0.0000	0.0000	0.0000	0.0000	0.0000	0.0000	0.0000	0.0000	0.0000	0.0610	0.0431	0.0179	0.0403	0.0325	0.0078	0.0207	0.0106	0.0101	0.0000	0.0000	0.0000	0.0000	0.0000	0.0000	0.0000	0.0000	0.0000	0.0000	0.0000	0.0000	0.0000	0.0000	0.0000	0.0000	0.0000	0.0000											
17	141	0.4458	6	1	2	0	0	0	0	0	0	N	Y	N	N	N	N	N	N	N	N	N	N	0.0000	0.0000	0.0000	0.0000	0.0000	0.0000	0.0000	0.0000	0.0000	0.0000	0.0000	0.0000	0.0000	0.0000	0.0000	0.0000	0.0000	0.0000	0.0000	0.0000	0.0000	0.0000	0.0000	0.0000	inf	0.0000	0.0000	3.5868	1.0003	9.0275	5.0186	0.0000	0.0000	0.0000	0.0000	0.0000	0.0000	0.0000	0.0000	0.0000	0.0000	0.0000	0.0000	0.0000	0.0000	0.0000	0.0000	0.0000	0.0000	0.0392	0.0347	0.0045	0.0149	0.0142	0.0007	0.0243	0.0205	0.0039	0.0923	0.0587	0.0336	0.0221	0.0199	0.0022	0.0702	0.0388	0.0313	0.0000	0.0000	0.0000	0.0000	0.0000	0.0000	0.0000	0.0000	0.0000	0.0000	0.0000	0.0000	0.0000	0.0000	0.0000	0.0000	0.0000	0.0000				
17	142	0.7803	10	1	1	1	1	0	0	0	0	N	N	N	N	N	N	N	N	N	N	N	N	0.0000	0.0000	0.0000	0.0000	0.0000	0.0000	0.0000	0.0000	0.0000	0.0000	0.0000	0.0000	0.0000	0.0000	0.0000	0.0000	0.0000	0.0000	0.0000	0.0000	3.5868	0.0001	9.0275	9.0026	0.0000	0.0000	0.0000	0.0000	0.0000	0.0000	0.0000	0.0000	0.0000	0.0000	0.0000	0.0000	0.0000	0.0000	0.0000	0.0000	0.0000	0.0000	0.0000	0.0000	0.0000	0.0000	0.0000	0.0000	0.0000	0.0000	0.0000	0.1348	0.0944	0.0404	0.0830	0.0677	0.0154	0.0518	0.0267	0.0251	0.0000	0.0000	0.0000	0.0000	0.0000	0.0000	0.0000	0.0000	0.0000	0.0000	0.0000	0.0000	0.0000	0.0000	0.0000	0.0000	0.0000	0.0000											
17	143	0.4312	6	1	1	1	1	0	0	0	0	N	N	N	N	N	N	N	N	N	N	N	N	0.0000	0.0000	0.0000	0.0000	0.0000	0.0000	0.0000	0.0000	0.0000	0.0000	0.0000	0.0000	0.0000	9.1320	16.4991	0.0000	161.8772	156.5882	0.0000	0.0000	0.0000	0.0000	0.0000	0.0000	-0.4541	3.5868	2.0061	9.0275	8.0425	0.0000	0.0000	0.0000	0.0000	0.0000	0.0000	0.0000	0.0000	0.0000	0.9908	0.9908	0.0000	0.9908	0.9908	0.0000	0.0000	0.0000	0.0000	0.0780	0.0690	0.0090	0.0296	0.0283	0.0013	0.0484	0.0407	0.0076	0.1496	0.0950	0.0545	0.0365	0.0326	0.0039	0.1130	0.0625	0.0506	0.0000	0.0000	0.0000	0.0000	0.0000	0.0000	0.0000	0.0000	0.0000	6.6247	10.4243	0.0000	27.1343	30.4091	0.0000	0.0000	0.0000	0.0000						
17	144	0.4221	5	1	1	0	1	0	0	0	0	N	N	N	N	N	N	N	N	N	N	N	N	0.0000	0.0000	0.0000	0.0000	0.0000	0.0000	0.0000	0.0000	0.0000	0.0000	0.0000	0.0000	0.0000	0.0000	0.0000	0.0000	0.0000	0.0008	0.0002	0.0022	0.0004	0.0004	0.0000	0.0010	0.0000	0.0023	4.6514	0.0000	0.0000	3.5868	1.9550	9.0275	2.1189	0.0000	0.0000	0.0000	0.0000	0.0000	0.0000	0.0000	0.0000	0.0000	0.0001	0.0000	0.0001	0.0000	0.0000	0.0000	0.0001	0.0000	0.0001	0.0808	0.0717	0.0091	0.0318	0.0304	0.0014	0.0490	0.0412	0.0077	0.0935	0.0658	0.0277	0.0310	0.0293	0.0017	0.0625	0.0365	0.0260	0.0000	0.0000	0.0000	0.0000	0.0000	0.0000	0.0000	0.0000	0.0000	0.0008	0.0002	0.0022	0.0004	0.0004	0.0000	0.0010	0.0000	0.0023		
17	145	0.4221	5	1	1	1	1	0	0	0	0	N	N	N	N	N	N	N	N	N	N	N	N	74.0578	54.4574	50.3242	47.6965	0.0000	0.0000	0.0030	0.0034	0.0000	0.0076	0.0079	0.0000	0.0000	0.0000	0.0000	0.0000	0.0001	0.0000	0.0002	0.0002	0.0000	0.0000	0.0000	0.0000	0.0000	0.0000	-0.0001	-0.0000	3.5868	2.1261	9.0275	18.6477	0.0003	0.0003	0.0000	0.0003	0.0003	0.0000	0.0000	0.0000	0.0000	0.0000	0.0000	0.0000	0.0000	0.0000	0.0000	0.0000	0.0000	0.0000	0.0873	0.0775	0.0099	0.0343	0.0328	0.0015	0.0530	0.0447	0.0084	0.3229	0.2106	0.1123	0.0861	0.0781	0.0080	0.2368	0.1325	0.1043	74.0578	54.4574	0.0000	50.3242	47.6965	0.0000	0.0000	0.0000	0.0000	0.0000	0.0001	0.0000	0.0002	0.0002	0.0000	0.0000	0.0000	0.0000			
17	146	0.7803	10	1	1	1	1	0	0	0	0	N	N	N	N	N	N	N	N	N	N	N	N	inf	inf	inf	inf	inf	inf	0.0151	0.0170	0.0000	0.0350	0.0366	0.0000	0.0017	0.0021	0.0000	0.0000	0.0000	0.0000	0.0000	0.0000	0.0000	0.0000	0.0000	0.0000	0.0000	-0.0005	0.0000	3.5868	2.0001	9.0275	5.9880	0.0012	0.0012	0.0000	0.0011	0.0011	0.0000	0.0001	0.0001	0.0000	0.0000	0.0000	0.0000	0.0000	0.0000	0.0000	0.0000	0.0000	0.0000	0.0769	0.0683	0.0086	0.0308	0.0295	0.0013	0.0460	0.0388	0.0072	0.1201	0.0841	0.0360	0.0740	0.0603	0.0137	0.0461	0.0238	0.0223	inf	inf	0.0000	inf	inf	0.0000	inf	inf	0.0000	0.0000	0.0000	0.0000	0.0000	0.0000	0.0000	0.0000	0.0000	0.0000				
17	147	0.7803	10	1	1	1	1	0	0	0	0	N	N	N	N	N	N	N	N	N	N	N	N	0.0000	0.0000	0.0000	0.0000	0.0000	0.0000	0.0000	0.0000	0.0000	0.0000	0.0000	0.0000	0.0000	0.0000	0.0000	0.0000	0.0000	0.0000	0.0000	0.0000	3.5868	9.0001	9.0275	23.0169	0.0000	0.0000	0.0000	0.0000	0.0000	0.0000	0.0000	0.0000	0.0000	0.0000	0.0000	0.0000	0.0000	0.0000	0.0000	0.0000	0.0000	0.0000	0.3358	0.2986	0.0372	0.1347	0.1289	0.0058	0.2011	0.1697	0.0313	0.4367	0.3054	0.1312	0.2647	0.2162	0.0485	0.1719	0.0892	0.0827	0.0000	0.0000	0.0000	0.0000	0.0000	0.0000	0.0000	0.0000	0.0000	0.0000	0.0000	0.0000	0.0000	0.0000	0.0000	0.0000	0.0000	0.0000											
17	148	0.7550	9	1	1	0	1	0	0	0	0	N	N	N	N	N	N	N	N	N	N	N	N	0.0000	0.0000	0.0000	0.0000	0.0000	0.0000	0.0000	0.0000	0.0000	0.0000	0.0000	0.0000	0.0000	0.0000	0.0000	0.0000	0.0000	0.0000	6.2282	9.4217	0.0766	8.3535	10.5670	0.0097	4.0641	7.8260	0.1220	0.0000	0.0043	-0.0000	-0.3944	3.5868	1.9990	9.0275	7.9526	0.0000	0.0000	0.0000	0.0000	0.0000	0.0000	0.0000	0.0000	0.0000	0.8685	0.8648	0.0037	0.6289	0.6287	0.0002	0.2395	0.2360	0.0035	0.0771	0.0684	0.0087	0.0310	0.0296	0.0014	0.0461	0.0388	0.0073	0.1657	0.1173	0.0483	0.1067	0.0872	0.0195	0.0589	0.0302	0.0288	0.0000	0.0000	0.0000	0.0000	0.0000	0.0000	0.0000	0.0000	0.0000	5.2422	7.3698	0.0766	5.8929	7.2120	0.0097	4.0641	7.8260	0.1220
17	149	0.7231	8	2	2	0	0	0	0	0	0	Y	Y	N	N	N	N	N	N	N	N	N	N	416.3491	333.3568	5650683.7642	649.6183	557.8787	inf	0.0000	0.0000	4.8795	5.4525	0.3598	11.7572	12.2724	1.9539	0.0000	0.0000	0.0000	0.0117	0.0164	0.0000	0.0181	0.0220	0.0000	0.0000	0.0000	0.0000	0.0084	0.0000	-0.4364	-0.0019	3.5868	5.3497	9.0275	17.2225	1.0084	1.0000	0.0084	1.0084	1.0000	0.0084	0.0000	0.0000	0.0000	0.0041	0.0041	0.0000	0.0041	0.0041	0.0000	0.0000	0.0000	0.0000	0.2067	0.1834	0.0233	0.0858	0.0815	0.0043	0.1209	0.1019	0.0190	0.3490	0.2501	0.0989	0.2260	0.1859	0.0401	0.1230	0.0641	0.0589	416.3491	333.3568	5650683.7642	649.6183	557.8787	inf	0.0000	0.0000	0.0000	0.0117	0.0164	0.0000	0.0181	0.0220	0.0000	0.0000	0.0000	0.0000	
17	150	0.7539	9	1	2	0	0	0	0	0	0	N	Y	N	N	N	N	N	N	N	N	N	N	0.4889	0.0004	0.6754	0.5553	0.0272	3.7858	0.4050	0.0000	0.5525	3.8469	0.0000	33.2644	0.0017	0.0001	0.0339	6.9878	0.0000	40.7749	7.8691	0.0571	49.2498	0.0030	0.0019	0.0090	17.2535	0.2039	73.7998	177714.5539	146.8085	0.3188	1.0696	3.5868	3.6794	9.0275	17.4287	0.5704	0.0000	0.5704	0.0001	0.0000	0.0001	0.5703	0.0000	0.5703	1.9999	0.0135	1.9863	0.0006	0.0003	0.0003	1.9992	0.0132	1.9860	0.1483	0.1311	0.0171	0.0667	0.0635	0.0032	0.0816	0.0676	0.0140	0.3250	0.2369	0.0882	0.2045	0.1721	0.0324	0.1206	0.0648	0.0558	0.6253	0.0004	1.4765	0.5553	0.0272	3.7858	0.4214	0.0000	1.1457	6.1525	0.0571	22.5287	0.0030	0.0019	0.0090	16.5803	0.2039	35.5884
17	151	0.7231	8	1	2	0	0	0	0	0	0	N	Y	N	N	N	N	N	N	N	N	N	N	0.0039	0.0010	0.5221	0.5410	0.4699	30.7318	0.0019	0.0001	0.3797	0.0195	0.0074	0.1143	0.0139	0.0146	0.0010	0.0236	0.0015	0.1418	4.9725	7.1469	0.2188	0.0257	0.0311	0.0000	12.6345	23.5879	0.3735	1.9818	0.0141	0.0006	-0.4465	3.5868	3.4464	9.0275	10.1316	0.0027	0.0009	0.0018	0.0008	0.0008	0.0000	0.0019	0.0001	0.0018	1.0044	0.9905	0.0140	0.0039	0.0039	0.0000	1.0006	0.9866	0.0140	0.1374	0.1218	0.0156	0.0580	0.0549	0.0030	0.0794	0.0669	0.0125	0.2307	0.1670	0.0638	0.1515	0.1251	0.0264	0.0792	0.0418	0.0374	0.0045	0.0012	0.5221	0.5410	0.4699	30.7318	0.0019	0.0001	0.3797	4.3533	5.9325	0.2188	0.0257	0.0311	0.0000	12.6345	23.5879	0.3735
17	152	0.4526	8	2	2	0	0	0	0	0	0	Y	Y	N	N	N	N	N	N	N	N	N	N	0.0000	0.0000	0.0000	0.0000	0.0000	0.0000	0.0000	0.0000	0.0000	0.0000	0.0000	0.0000	0.0000	0.0000	0.0000	6.3158	11.8676	0.0000	0.0007	0.0008	0.0000	6.9409	12.5160	0.0000	0.0000	0.0000	-0.4583	3.5868	1.0143	9.0275	12.0086	0.0000	0.0000	0.0000	0.0000	0.0000	0.0000	0.0000	0.0000	0.0000	0.9998	0.9998	0.0000	0.0000	0.0000	0.0000	0.9998	0.9998	0.0000	0.0403	0.0356	0.0047	0.0155	0.0148	0.0007	0.0249	0.0209	0.0040	0.1889	0.1198	0.0691	0.0449	0.0399	0.0049	0.1440	0.0799	0.0642	0.0000	0.0000	0.0000	0.0000	0.0000	0.0000	0.0000	0.0000	0.0000	5.2929	8.3436	0.0000	0.0007	0.0008	0.0000	6.9409	12.5160	0.0000				
17	153	0.4503	7	2	2	0	0	0	0	0	0	Y	Y	N	N	N	N	N	N	N	N	N	N	0.0000	0.0000	0.0000	0.0000	0.0000	0.0000	0.0000	0.0000	0.0000	0.0000	0.0000	0.0000	0.0000	0.0000	0.0000	0.0128	0.0201	0.0000	0.0000	0.0000	0.0000	0.0169	0.0306	0.0000	0.0000	0.0000	-0.0001	3.5868	0.9811	9.0275	0.0216	0.0000	0.0000	0.0000	0.0000	0.0000	0.0000	0.0000	0.0000	0.0000	0.0002	0.0002	0.0000	0.0000	0.0000	0.0000	0.0002	0.0002	0.0000	0.0387	0.0342	0.0045	0.0147	0.0141	0.0007	0.0240	0.0202	0.0038	0.0156	0.0099	0.0057	0.0038	0.0034	0.0004	0.0118	0.0065	0.0053	0.0000	0.0000	0.0000	0.0000	0.0000	0.0000	0.0000	0.0000	0.0000	0.0128	0.0201	0.0000	0.0000	0.0000	0.0000	0.0169	0.0306	0.0000				
17	154	0.4458	6	2	2	0	0	0	0	0	0	Y	Y	N	N	N	N	N	N	N	N	N	N	0.0000	0.0000	0.0000	0.0000	0.0000	0.0000	0.0000	0.0000	0.0000	0.0000	0.0000	0.0000	0.0000	0.0000	0.0000	0.0000	0.0000	0.0000	0.0000	0.0000	0.0001	0.0000	0.0000	0.0000	inf	0.0000	0.0000	3.5868	0.0083	9.0275	2.0001	0.0000	0.0000	0.0000	0.0000	0.0000	0.0000	0.0000	0.0000	0.0000	0.0000	0.0000	0.0000	0.0000	0.0000	0.0000	0.0000	0.0000	0.0000	0.0004	0.0003	0.0000	0.0002	0.0002	0.0000	0.0002	0.0002	0.0000	0.0328	0.0211	0.0117	0.0083	0.0075	0.0008	0.0246	0.0136	0.0109	0.0000	0.0000	0.0000	0.0000	0.0000	0.0000	0.0000	0.0000	0.0000	0.0000	0.0000	0.0000	0.0000	0.0000	0.0001	0.0000	0.0000	0.0000				
17	155	0.4221	5	1	2	0	0	0	0	0	0	N	Y	N	N	N	N	N	N	N	N	N	N	0.0000	0.0000	0.0000	0.0000	0.0000	0.0000	0.0000	0.0000	0.0000	0.0000	0.0000	0.0000	0.0000	0.0000	0.0000	0.0000	0.0000	0.0001	0.0000	0.0004	0.0005	0.0000	0.0066	0.0000	0.0000	0.0000	3762.4663	0.0000	0.0000	3.5868	2.9180	9.0275	7.4065	0.0000	0.0000	0.0000	0.0000	0.0000	0.0000	0.0000	0.0000	0.0000	0.0000	0.0000	0.0000	0.0000	0.0000	0.0000	0.0000	0.0000	0.0000	0.1176	0.1043	0.0133	0.0457	0.0437	0.0020	0.0719	0.0605	0.0114	0.1829	0.1223	0.0607	0.0524	0.0483	0.0041	0.1305	0.0739	0.0566	0.0000	0.0000	0.0000	0.0000	0.0000	0.0000	0.0000	0.0000	0.0000	0.0001	0.0000	0.0004	0.0005	0.0000	0.0066	0.0000	0.0000	0.0000		
17	156	0.3563	4	1	1	0	0	0	0	0	0	N	N	N	N	N	N	N	N	N	N	N	N	24.9833	0.0010	1263.0859	0.0129	0.0010	8.4713	226.1806	0.0000	1393.9007	0.7051	0.0000	3.3200	0.0010	0.0001	0.0366	1.2550	0.0000	3.4946	0.0282	0.0407	0.0026	0.0751	0.0802	0.0043	0.0055	0.0081	0.0025	21169.9464	0.0315	0.2377	-0.0076	3.5868	8.2479	9.0275	19.7214	0.4254	0.0000	0.4253	0.0003	0.0000	0.0002	0.4251	0.0000	0.4251	0.0179	0.0173	0.0005	0.0155	0.0154	0.0001	0.0024	0.0019	0.0005	0.6032	0.4751	0.1281	0.2645	0.2580	0.0065	0.3387	0.2171	0.1216	0.6329	0.4251	0.2077	0.2065	0.1925	0.0140	0.4264	0.2326	0.1938	24.9833	0.0010	1263.0859	0.0129	0.0010	8.4713	226.1806	0.0000	1393.9007	0.0282	0.0407	0.0026	0.0751	0.0802	0.0043	0.0055	0.0081	0.0025
17	157	0.3201	3	1	1	0	0	0	0	0	0	N	N	N	N	N	N	N	N	N	N	N	N	0.3730	0.1648	11.0498	0.1836	0.1759	0.0421	0.9407	0.0015	16.0826	0.4312	0.2821	0.9100	0.5165	0.5267	0.0178	0.3705	0.0011	0.9426	1.1562	1.7117	0.0824	2.8131	2.9943	0.4231	0.3939	0.6857	0.0586	1.0049	0.0249	0.0131	-0.2826	3.5868	7.4725	9.0275	14.3153	0.2182	0.1088	0.1094	0.1087	0.1087	0.0001	0.1095	0.0002	0.1093	0.6511	0.6353	0.0158	0.4992	0.4939	0.0053	0.1519	0.1414	0.0105	0.5060	0.3858	0.1202	0.2105	0.2063	0.0042	0.2955	0.1795	0.1160	0.5631	0.3711	0.1920	0.1774	0.1649	0.0125	0.3857	0.2062	0.1795	0.3730	0.1648	11.0498	0.1836	0.1759	0.0421	0.9407	0.0015	16.0826	1.1562	1.7117	0.0824	2.8131	2.9943	0.4231	0.3939	0.6857	0.0586
17	161	0.7736	12	2	2	0	0	0	0	0	0	Y	Y	N	N	N	N	N	N	N	N	N	N	0.0000	0.0000	0.0000	0.0000	0.0000	0.0000	0.0000	0.0000	0.0000	0.0000	0.0000	0.0000	0.0000	0.6807	0.9646	0.0000	1.0344	1.2797	0.0000	0.0000	0.0000	0.0000	0.0000	0.0000	-0.0146	3.5868	0.0002	9.0275	3.0099	0.0000	0.0000	0.0000	0.0000	0.0000	0.0000	0.0000	0.0000	0.0000	0.0319	0.0319	0.0000	0.0319	0.0319	0.0000	0.0000	0.0000	0.0000	0.0000	0.0000	0.0000	0.0000	0.0000	0.0000	0.0000	0.0000	0.0000	0.0468	0.0331	0.0138	0.0308	0.0249	0.0059	0.0160	0.0081	0.0079	0.0000	0.0000	0.0000	0.0000	0.0000	0.0000	0.0000	0.0000	0.0000	0.6807	0.9646	0.0000	1.0344	1.2797	0.0000	0.0000	0.0000	0.0000						
17	162	0.7660	11	2	2	0	0	0	0	0	0	Y	Y	N	N	N	N	N	N	N	N	N	N	0.0000	0.0000	0.0000	0.0000	0.0000	0.0000	0.0000	0.0000	0.0000	0.0000	0.0000	0.0000	0.0000	0.0021	0.0029	0.0000	0.0032	0.0039	0.0000	0.0000	0.0000	0.0000	0.0000	0.0000	-0.0000	3.5868	0.9998	9.0275	2.0118	0.0000	0.0000	0.0000	0.0000	0.0000	0.0000	0.0000	0.0000	0.0000	0.0001	0.0001	0.0000	0.0001	0.0001	0.0000	0.0000	0.0000	0.0000	0.0386	0.0343	0.0043	0.0154	0.0148	0.0007	0.0231	0.0195	0.0036	0.0461	0.0326	0.0136	0.0305	0.0246	0.0059	0.0157	0.0080	0.0077	0.0000	0.0000	0.0000	0.0000	0.0000	0.0000	0.0000	0.0000	0.0000	0.0021	0.0029	0.0000	0.0032	0.0039	0.0000	0.0000	0.0000	0.0000						
17	163	0.7660	10	2	2	0	0	0	0	0	0	Y	Y	N	N	N	N	N	N	N	N	N	N	0.0000	0.0000	0.0000	0.0000	0.0000	0.0000	0.0000	0.0000	0.0000	0.0000	0.0000	0.0000	0.0000	0.0000	0.0000	0.0000	0.0000	0.0000	0.0000	0.0000	3.5868	0.0000	9.0275	0.0003	0.0000	0.0000	0.0000	0.0000	0.0000	0.0000	0.0000	0.0000	0.0000	0.0000	0.0000	0.0000	0.0000	0.0000	0.0000	0.0000	0.0000	0.0000	0.0000	0.0000	0.0000	0.0000	0.0000	0.0000	0.0000	0.0000	0.0000	0.0000	0.0000	0.0000	0.0000	0.0000	0.0000	0.0000	0.0000	0.0000	0.0000	0.0000	0.0000	0.0000	0.0000	0.0000	0.0000	0.0000	0.0000	0.0000	0.0000	0.0000	0.0000	0.0000	0.0000	0.0000	0.0000	0.0000											
17	164	0.7550	9	1	2	0	0	0	0	0	0	N	Y	N	N	N	N	N	N	N	N	N	N	0.0003	inf	0.0000	0.0009	inf	0.0000	0.0000	0.0000	0.0013	0.0017	0.0000	0.0023	0.0024	0.0000	0.0000	0.0000	0.0000	5.0911	0.0000	36.4879	2.4881	0.0000	21.5138	7.9433	0.0000	32.0742	0.0000	inf	-0.0000	0.2032	3.5868	0.0063	9.0275	4.3641	0.0000	0.0000	0.0000	0.0000	0.0000	0.0000	0.0000	0.0000	0.0000	0.3751	0.0000	0.3751	0.1356	0.0000	0.1356	0.2395	0.0000	0.2395	0.0006	0.0004	0.0001	0.0003	0.0003	0.0000	0.0002	0.0001	0.0001	0.0847	0.0605	0.0242	0.0545	0.0450	0.0095	0.0302	0.0155	0.0147	0.0003	inf	0.0000	0.0009	inf	0.0000	0.0000	0.0000	0.0000	4.4313	0.0000	15.5270	2.4881	0.0000	14.3153	7.9433	0.0000	16.3085	
17	165	0.7231	8	1	1	0	0	0	0	0	0	N	N	N	N	N	N	N	N	N	N	N	N	0.0007	0.0101	0.0000	6.6193	8.8649	0.0501	0.0000	0.0000	0.0000	0.0078	0.0088	0.0001	0.0181	0.0192	0.0003	0.0000	0.0000	0.0000	11.4684	0.8652	66.7684	0.0027	0.0022	0.0055	25.1615	3.4589	114.3165	0.0008	11.9347	-0.0004	0.8158	3.5868	2.5207	9.0275	10.0226	0.0008	0.0008	0.0000	0.0008	0.0008	0.0000	0.0000	0.0000	0.0000	1.7570	0.1358	1.6212	0.0004	0.0003	0.0001	1.7566	0.1356	1.6210	0.1033	0.0915	0.0118	0.0443	0.0419	0.0024	0.0590	0.0496	0.0094	0.2166	0.1570	0.0596	0.1425	0.1178	0.0247	0.0740	0.0392	0.0348	0.0010	0.0101	0.0000	6.6193	8.8649	0.0501	0.0000	0.0000	0.0000	8.1135	0.8652	27.2183	0.0027	0.0022	0.0055	23.7337	3.4589	46.5604
17	166	0.7075	7	1	1	0	0	0	0	0	0	N	N	N	N	N	N	N	N	N	N	N	N	0.2760	0.2652	0.4868	0.7240	0.4930	176.6707	0.0003	0.0006	0.0001	0.0174	0.0149	0.0402	0.0319	0.0260	0.1437	0.0000	0.0000	0.0000	0.0631	0.0563	0.0826	0.0440	0.0527	0.0008	0.1112	0.0711	0.1536	0.2920	0.5080	-0.0006	-0.0014	3.5868	2.6894	9.0275	4.6619	0.0027	0.0021	0.0006	0.0027	0.0021	0.0006	0.0000	0.0000	0.0000	0.0115	0.0076	0.0039	0.0057	0.0057	0.0000	0.0057	0.0019	0.0038	0.1536	0.1386	0.0150	0.0838	0.0796	0.0042	0.0698	0.0590	0.0108	0.1819	0.1351	0.0468	0.1303	0.1085	0.0217	0.0516	0.0266	0.0250	0.2760	0.2652	0.4868	0.7240	0.4930	176.6707	0.0003	0.0006	0.0001	0.0631	0.0563	0.0826	0.0440	0.0527	0.0008	0.1112	0.0711	0.1536
17	167	0.6691	6	1	1	0	0	0	0	0	0	N	N	N	N	N	N	N	N	N	N	N	N	1.8780	1.8085	0.0000	11.8035	10.4651	0.0000	0.0000	0.0000	0.0000	0.0693	0.0779	0.0000	0.1717	0.1791	0.0000	0.0000	0.0000	0.0000	0.0369	0.0431	0.0229	0.0145	0.0171	0.0015	0.0695	0.1081	0.0329	0.0000	0.2348	-0.0030	-0.0020	3.5868	2.7966	9.0275	8.5340	0.0069	0.0069	0.0000	0.0069	0.0069	0.0000	0.0000	0.0000	0.0000	0.0074	0.0060	0.0014	0.0017	0.0017	0.0000	0.0057	0.0043	0.0014	0.0997	0.0887	0.0110	0.0402	0.0386	0.0017	0.0595	0.0501	0.0094	0.2011	0.1395	0.0616	0.1194	0.0997	0.0197	0.0817	0.0398	0.0419	1.8780	1.8085	0.0000	11.8035	10.4651	0.0000	0.0000	0.0000	0.0000	0.0369	0.0431	0.0229	0.0145	0.0171	0.0015	0.0695	0.1081	0.0329
18	19	0.5824	9	1	1	1	1	0	0	0	0	N	N	N	N	N	N	N	N	N	N	N	N	0.0000	0.0000	0.0000	0.0000	0.0000	0.0000	0.0000	0.0000	0.0000	0.0000	0.0000	0.0000	0.0000	0.0080	0.0118	0.0000	0.0138	0.0175	0.0000	0.0000	0.0000	0.0000	0.0000	0.0000	-0.0002	3.9981	0.0000	16.5900	2.0009	0.0000	0.0000	0.0000	0.0000	0.0000	0.0000	0.0000	0.0000	0.0000	0.0004	0.0004	0.0000	0.0004	0.0004	0.0000	0.0000	0.0000	0.0000	0.0002	0.0002	0.0000	0.0001	0.0001	0.0000	0.0001	0.0001	0.0000	0.0501	0.0340	0.0162	0.0290	0.0228	0.0061	0.0212	0.0111	0.0100	0.0000	0.0000	0.0000	0.0000	0.0000	0.0000	0.0000	0.0000	0.0000	0.0080	0.0118	0.0000	0.0138	0.0175	0.0000	0.0000	0.0000	0.0000						
18	20	0.5967	10	1	1	1	1	0	0	0	0	N	N	N	N	N	N	N	N	N	N	N	N	0.0000	0.0000	0.0000	0.0000	0.0000	0.0000	0.0000	0.0000	0.0000	0.0000	0.0000	0.0000	0.0000	0.0000	0.0000	0.0000	0.0000	0.0000	0.0000	0.0000	0.0000	0.0000	0.0000	0.0000	-0.0000	3.9981	14.9999	16.5900	23.4905	0.0000	0.0000	0.0000	0.0000	0.0000	0.0000	0.0000	0.0000	0.0000	0.0000	0.0000	0.0000	0.0000	0.0000	0.0000	0.0000	0.0000	0.0000	0.3719	0.3219	0.0500	0.1015	0.0939	0.0077	0.2703	0.2280	0.0423	0.8095	0.5443	0.2651	0.4685	0.3680	0.1005	0.3410	0.1764	0.1646	0.0000	0.0000	0.0000	0.0000	0.0000	0.0000	0.0000	0.0000	0.0000	0.0000	0.0000	0.0000	0.0000	0.0000	0.0000	0.0000	0.0000	0.0000						
18	22	0.6267	8	1	2	0	0	0	0	0	0	N	Y	N	N	N	N	N	N	N	N	N	N	0.0000	0.0000	0.0000	0.0000	0.0000	0.0000	0.0000	0.0000	0.0000	0.0000	0.0000	0.0000	0.0000	0.0000	0.0000	0.0000	0.0000	0.0001	0.0000	0.0000	0.0000	0.0000	0.0000	0.0000	-0.0000	3.9981	12.5677	16.5900	9.8718	0.0000	0.0000	0.0000	0.0000	0.0000	0.0000	0.0000	0.0000	0.0000	0.0000	0.0000	0.0000	0.0000	0.0000	0.0000	0.0000	0.0000	0.0000	0.3473	0.3052	0.0421	0.1206	0.1132	0.0074	0.2267	0.1920	0.0348	0.5419	0.3756	0.1662	0.3554	0.2761	0.0793	0.1864	0.0995	0.0869	0.0000	0.0000	0.0000	0.0000	0.0000	0.0000	0.0000	0.0000	0.0000	0.0000	0.0000	0.0000	0.0000	0.0001	0.0000	0.0000	0.0000	0.0000						
18	23	0.2439	8	1	1	0	1	0	0	0	0	N	N	N	N	N	N	N	N	N	N	N	N	0.0000	0.0000	0.0000	0.0000	0.0000	0.0000	0.0000	0.0000	0.0000	0.0000	0.0000	0.0000	0.0000	0.0151	0.0000	0.0386	0.0000	0.0000	0.0000	0.0206	0.0000	0.0430	inf	0.0000	0.0002	3.9981	0.9981	16.5900	0.0014	0.0000	0.0000	0.0000	0.0000	0.0000	0.0000	0.0000	0.0000	0.0000	0.0004	0.0000	0.0004	0.0000	0.0000	0.0000	0.0004	0.0000	0.0004	0.0272	0.0231	0.0041	0.0028	0.0026	0.0002	0.0244	0.0206	0.0039	0.0285	0.0174	0.0111	0.0077	0.0065	0.0011	0.0208	0.0108	0.0100	0.0000	0.0000	0.0000	0.0000	0.0000	0.0000	0.0000	0.0000	0.0000	0.0151	0.0000	0.0386	0.0000	0.0000	0.0000	0.0206	0.0000	0.0430						
18	24	0.1960	5	1	2	0	1	0	0	0	0	N	Y	N	N	N	N	N	N	N	N	N	N	0.0000	0.0000	0.0000	0.0000	0.0000	0.0000	0.0000	0.0000	0.0000	0.0000	0.0000	0.0000	0.0000	0.0000	0.0000	0.0000	0.0000	0.5716	0.8592	0.0001	0.0403	0.0481	0.0003	0.9580	1.7722	0.0000	0.0000	0.0000	-0.1308	3.9981	0.6341	16.5900	12.6218	0.0000	0.0000	0.0000	0.0000	0.0000	0.0000	0.0000	0.0000	0.0000	0.2855	0.2855	0.0000	0.0085	0.0085	0.0000	0.2770	0.2770	0.0000	0.0209	0.0182	0.0027	0.0038	0.0036	0.0002	0.0171	0.0146	0.0025	0.4994	0.3323	0.1672	0.2103	0.1759	0.0343	0.2892	0.1563	0.1328	0.0000	0.0000	0.0000	0.0000	0.0000	0.0000	0.0000	0.0000	0.0000	0.5716	0.8592	0.0001	0.0403	0.0481	0.0003	0.9580	1.7722	0.0000		
18	25	0.5664	7	1	2	0	0	0	0	0	0	N	Y	N	N	N	N	N	N	N	N	N	N	9.6820	10.7620	0.0000	0.3803	0.3684	0.0000	21.2584	53.3773	0.0000	0.9957	1.1262	0.0000	0.0468	0.0494	0.0000	1.4785	1.7355	0.0000	0.1028	0.1046	0.0986	0.1232	0.1342	0.0792	0.0695	0.0325	0.1124	0.0000	0.4036	-0.1491	-0.0117	3.9981	10.0221	16.5900	10.6811	0.3380	0.3380	0.0000	0.0054	0.0054	0.0000	0.3326	0.3326	0.0000	0.0688	0.0490	0.0198	0.0511	0.0446	0.0066	0.0176	0.0044	0.0132	0.3394	0.3001	0.0393	0.1145	0.1084	0.0060	0.2250	0.1917	0.0333	0.6685	0.4681	0.2004	0.4152	0.3322	0.0830	0.2533	0.1359	0.1174	9.6820	10.7620	0.0000	0.3803	0.3684	0.0000	21.2584	53.3773	0.0000	0.1028	0.1046	0.0986	0.1232	0.1342	0.0792	0.0695	0.0325	0.1124
18	26	0.0825	3	1	2	0	0	0	0	0	0	N	Y	N	N	N	N	N	N	N	N	N	N	0.0000	0.0000	0.0000	0.0000	0.0000	0.0000	0.0000	0.0000	0.0000	0.0000	0.0000	0.0000	0.0000	0.0000	0.0000	0.0000	0.0000	2.3099	3.0287	1.3153	13.8577	11.6854	0.0260	0.7177	0.0000	1.3368	0.3139	0.0000	-0.2233	3.9981	3.9997	16.5900	5.4032	0.0000	0.0000	0.0000	0.0000	0.0000	0.0000	0.0000	0.0000	0.0000	1.0174	0.7744	0.2430	0.7744	0.7744	0.0001	0.2430	0.0000	0.2430	0.1102	0.0929	0.0173	0.0011	0.0010	0.0001	0.1091	0.0919	0.0172	0.4404	0.2557	0.1848	0.1019	0.0989	0.0030	0.3386	0.1568	0.1817	0.0000	0.0000	0.0000	0.0000	0.0000	0.0000	0.0000	0.0000	0.0000	2.3099	3.0287	1.3153	7.6005	7.8328	0.0260	0.7177	0.0000	1.3368		
18	27	0.5967	10	1	2	0	1	0	0	0	0	N	Y	N	N	N	N	N	N	N	N	N	N	0.0000	0.0000	0.0000	0.0000	0.0000	0.0000	0.0000	0.0000	0.0000	0.0000	0.0000	0.0000	0.0000	0.0000	0.0000	0.0000	0.1251	0.0008	0.3818	0.0009	0.0012	0.0000	0.3056	0.0000	0.6217	225.3573	0.0000	0.0254	3.9981	4.9655	16.5900	10.6561	0.0000	0.0000	0.0000	0.0000	0.0000	0.0000	0.0000	0.0000	0.0000	0.0473	0.0002	0.0471	0.0002	0.0002	0.0000	0.0471	0.0000	0.0471	0.1303	0.1125	0.0178	0.0363	0.0336	0.0027	0.0940	0.0789	0.0151	0.3777	0.2544	0.1233	0.2237	0.1761	0.0476	0.1540	0.0783	0.0757	0.0000	0.0000	0.0000	0.0000	0.0000	0.0000	0.0000	0.0000	0.0000	0.1251	0.0008	0.3818	0.0009	0.0012	0.0000	0.3056	0.0000	0.6217			
18	28	0.2489	9	1	2	0	1	0	0	0	0	N	Y	N	N	N	N	N	N	N	N	N	N	0.0000	0.0000	0.0000	0.0000	0.0000	0.0000	0.0000	0.0000	0.0000	0.0000	0.0000	0.0000	0.0000	0.0000	0.0000	0.0000	0.0000	0.0000	0.0000	0.0000	3.9981	0.0000	16.5900	0.0000	0.0000	0.0000	0.0000	0.0000	0.0000	0.0000	0.0000	0.0000	0.0000	0.0000	0.0000	0.0000	0.0000	0.0000	0.0000	0.0000	0.0000	0.0000	0.0000	0.0000	0.0000	0.0000	0.0000	0.0000	0.0000	0.0000	0.0000	0.0000	0.0000	0.0000	0.0000	0.0000	0.0000	0.0000	0.0000	0.0000	0.0000	0.0000	0.0000	0.0000	0.0000	0.0000	0.0000	0.0000	0.0000	0.0000	0.0000	0.0000	0.0000	0.0000	0.0000	0.0000	0.0000	0.0000											
18	29	0.2163	4	2	2	0	0	0	0	0	0	Y	Y	N	N	N	N	N	N	N	N	N	N	0.2381	0.2066	0.0000	0.5783	0.5215	0.0000	0.0000	0.0000	0.0000	0.0224	0.0267	0.0000	0.1315	0.1347	0.0000	0.0000	0.0000	0.0000	0.0943	0.1291	0.0132	0.2273	0.2583	0.0406	0.0033	0.0010	0.0067	0.0000	0.0439	-0.0014	-0.0255	3.9981	3.9885	16.5900	8.5018	0.0032	0.0032	0.0000	0.0032	0.0032	0.0000	0.0000	0.0000	0.0000	0.0614	0.0588	0.0026	0.0601	0.0586	0.0015	0.0013	0.0002	0.0011	0.1407	0.1185	0.0222	0.0240	0.0234	0.0006	0.1167	0.0950	0.0217	0.6509	0.4555	0.1954	0.2643	0.2267	0.0376	0.3866	0.2288	0.1578	0.2381	0.2066	0.0000	0.5783	0.5215	0.0000	0.0000	0.0000	0.0000	0.0943	0.1291	0.0132	0.2273	0.2583	0.0406	0.0033	0.0010	0.0067
18	30	0.2072	6	1	2	0	0	0	0	0	0	N	Y	N	N	N	N	N	N	N	N	N	N	287.2228	0.0000	144088.0532	0.0032	0.0000	2.8788	428052.6966	1106681.1371	11.3942	0.0000	98.2418	0.0003	0.0000	0.0185	18.6157	0.0000	103.9807	0.0397	0.0561	0.0007	0.0945	0.1007	0.0064	0.0000	0.0000	0.0001	inf	0.0051	0.5371	-0.0063	3.9981	0.9701	16.5900	4.0208	0.9610	0.0000	0.9610	0.0000	0.0000	0.0000	0.9610	0.0000	0.9610	0.0138	0.0138	0.0001	0.0138	0.0138	0.0001	0.0000	0.0000	0.0000	0.0843	0.0746	0.0098	0.0327	0.0322	0.0005	0.0516	0.0424	0.0092	0.3489	0.2455	0.1034	0.1463	0.1367	0.0096	0.2026	0.1088	0.0938	287.2228	0.0000	144088.0532	0.0032	0.0000	2.8788	428052.6966	0.0000	1106681.1371	0.0397	0.0561	0.0007	0.0945	0.1007	0.0064	0.0000	0.0000	0.0001	
18	31	0.1818	4	1	1	0	1	0	0	0	0	N	N	N	N	N	N	N	N	N	N	N	N	0.0000	0.0000	0.0000	0.0000	0.0000	0.0000	0.0000	0.0000	0.0000	0.0000	0.0000	0.0000	0.0000	0.0000	0.0000	0.0256	0.0392	0.0001	0.0656	0.0784	0.0004	0.0000	0.0000	0.0000	0.0011	0.0000	-0.0082	3.9981	5.0045	16.5900	16.6627	0.0000	0.0000	0.0000	0.0000	0.0000	0.0000	0.0000	0.0000	0.0000	0.0179	0.0179	0.0000	0.0179	0.0179	0.0000	0.0000	0.0000	0.0000	0.1332	0.1133	0.0199	0.0147	0.0136	0.0012	0.1184	0.0997	0.0187	0.7019	0.4574	0.2445	0.2736	0.2285	0.0451	0.4283	0.2289	0.1994	0.0000	0.0000	0.0000	0.0000	0.0000	0.0000	0.0000	0.0000	0.0000	0.0256	0.0392	0.0001	0.0656	0.0784	0.0004	0.0000	0.0000	0.0000				
18	32	0.7241	10	2	1	1	0	0	0	0	0	Y	N	N	N	N	N	N	N	N	N	N	N	0.0000	0.0000	0.0000	0.0000	0.0000	0.0000	0.0000	0.0000	0.0000	0.0000	0.0000	0.0000	0.0000	0.0005	0.0007	0.0000	0.0007	0.0009	0.0000	0.0000	0.0000	0.0000	0.0000	0.0000	-0.0000	3.9981	1.4893	16.5900	0.0050	0.0000	0.0000	0.0000	0.0000	0.0000	0.0000	0.0000	0.0000	0.0000	0.0000	0.0000	0.0000	0.0000	0.0000	0.0000	0.0000	0.0000	0.0000	0.0364	0.0313	0.0051	0.0100	0.0093	0.0007	0.0264	0.0220	0.0044	0.0370	0.0254	0.0116	0.0244	0.0188	0.0056	0.0126	0.0065	0.0060	0.0000	0.0000	0.0000	0.0000	0.0000	0.0000	0.0000	0.0000	0.0000	0.0005	0.0007	0.0000	0.0007	0.0009	0.0000	0.0000	0.0000	0.0000						
18	33	0.1036	4	2	1	1	0	0	0	0	0	Y	N	N	N	N	N	N	N	N	N	N	N	0.0000	0.0000	0.0000	0.0000	0.0000	0.0000	0.0000	0.0000	0.0000	0.0000	0.0000	0.0000	0.0000	0.0000	0.0000	0.0000	0.0000	0.0282	0.0002	0.0758	0.0008	0.0008	0.0006	0.0357	0.0000	0.0808	185.6023	0.0000	0.0033	3.9981	0.9855	16.5900	5.0251	0.0000	0.0000	0.0000	0.0000	0.0000	0.0000	0.0000	0.0000	0.0000	0.0061	0.0000	0.0061	0.0000	0.0000	0.0000	0.0061	0.0000	0.0061	0.0290	0.0246	0.0044	0.0017	0.0016	0.0001	0.0273	0.0229	0.0043	0.2176	0.1372	0.0804	0.0469	0.0419	0.0050	0.1708	0.0954	0.0754	0.0000	0.0000	0.0000	0.0000	0.0000	0.0000	0.0000	0.0000	0.0000	0.0282	0.0002	0.0758	0.0008	0.0008	0.0006	0.0357	0.0000	0.0808		
18	34	0.1802	6	1	2	0	0	0	0	0	0	N	Y	N	N	N	N	N	N	N	N	N	N	0.0000	0.0000	0.0000	0.0000	0.0000	0.0000	0.0000	0.0000	0.0000	0.0000	0.0000	0.0000	0.0000	0.0000	0.0000	0.0001	0.0001	0.0000	0.0010	0.0000	0.0000	0.0000	inf	0.0000	0.0000	3.9981	2.0026	16.5900	4.0175	0.0000	0.0000	0.0000	0.0000	0.0000	0.0000	0.0000	0.0000	0.0000	0.0000	0.0000	0.0000	0.0000	0.0000	0.0000	0.0000	0.0000	0.0000	0.0701	0.0585	0.0116	0.0126	0.0121	0.0005	0.0575	0.0464	0.0111	0.2110	0.1335	0.0775	0.0676	0.0579	0.0098	0.1433	0.0756	0.0677	0.0000	0.0000	0.0000	0.0000	0.0000	0.0000	0.0000	0.0000	0.0000	0.0000	0.0000	0.0001	0.0001	0.0000	0.0010	0.0000	0.0000	0.0000						
18	35	0.1802	5	1	1	0	0	0	0	0	0	N	N	N	N	N	N	N	N	N	N	N	N	0.0000	0.0000	0.0000	0.0000	0.0000	0.0000	0.0000	0.0000	0.0000	0.0000	0.0000	0.0000	0.0000	0.0000	0.0000	0.0000	0.0000	0.0016	0.0012	0.0024	0.0030	0.0023	0.0077	0.0007	0.0000	0.0014	1.0000	0.0000	0.0000	3.9981	0.4148	16.5900	1.5497	0.0000	0.0000	0.0000	0.0000	0.0000	0.0000	0.0000	0.0000	0.0000	0.0002	0.0001	0.0001	0.0001	0.0001	0.0000	0.0000	0.0000	0.0000	0.0266	0.0217	0.0049	0.0086	0.0085	0.0001	0.0180	0.0132	0.0048	0.0965	0.0637	0.0327	0.0398	0.0346	0.0051	0.0567	0.0291	0.0276	0.0000	0.0000	0.0000	0.0000	0.0000	0.0000	0.0000	0.0000	0.0000	0.0016	0.0012	0.0024	0.0030	0.0023	0.0077	0.0007	0.0000	0.0014		
18	36	0.1224	3	1	2	0	0	0	0	0	0	N	Y	N	N	N	N	N	N	N	N	N	N	0.0000	0.0000	0.0000	0.0000	0.0000	0.0000	0.0000	0.0000	0.0000	0.0000	0.0000	0.0000	0.0000	0.0000	0.0000	1.1191	0.0000	2.8373	0.0820	0.0000	0.4940	1.4402	0.0000	3.0963	inf	0.0000	0.5515	3.9981	7.9964	16.5900	23.6501	0.0000	0.0000	0.0000	0.0000	0.0000	0.0000	0.0000	0.0000	0.0000	1.0182	0.0000	1.0182	0.0176	0.0000	0.0176	1.0005	0.0000	1.0005	0.1982	0.1679	0.0303	0.0090	0.0084	0.0007	0.1891	0.1595	0.0296	0.9098	0.5510	0.3588	0.2151	0.1794	0.0357	0.6947	0.3716	0.3231	0.0000	0.0000	0.0000	0.0000	0.0000	0.0000	0.0000	0.0000	0.0000	1.1191	0.0000	2.8373	0.0820	0.0000	0.4940	1.4402	0.0000	3.0963				
18	38	0.1802	5	1	2	0	0	0	0	0	0	N	Y	N	N	N	N	N	N	N	N	N	N	3.1228	0.0000	255203.8010	0.0000	0.0000	0.0000	194121724.0037	519783216.8258	6.9456	0.0000	43.8778	0.0000	0.0000	0.0000	8.0189	0.0000	45.9857	2.2241	3.5876	0.0002	15.1535	17.1502	0.0015	0.0000	0.0000	0.0000	inf	0.0000	0.5589	-0.4583	3.9981	4.7553	16.5900	10.1994	1.0000	0.0000	1.0000	0.0000	0.0000	0.0000	1.0000	0.0000	1.0000	1.0000	0.9999	0.0000	1.0000	0.9999	0.0000	0.0000	0.0000	0.0000	0.1440	0.1212	0.0228	0.0193	0.0182	0.0010	0.1247	0.1030	0.0217	0.4496	0.2787	0.1709	0.1252	0.1058	0.0194	0.3244	0.1729	0.1515	3.1228	0.0000	255203.8010	0.0000	0.0000	0.0000	194121724.0037	0.0000	519783216.8258	2.2241	3.5876	0.0002	7.9864	9.4516	0.0015	0.0000	0.0000	0.0000	
18	39	0.1224	3	2	2	0	0	0	0	0	0	Y	Y	N	N	N	N	N	N	N	N	N	N	0.0000	0.0000	0.0000	0.0000	0.0000	0.0000	0.0000	0.0000	0.0000	0.0000	0.0000	0.0000	0.0000	0.0000	0.0000	0.2985	0.4931	0.0000	1.2645	1.5164	0.0000	0.0008	0.0016	0.0000	0.0000	0.0000	-0.1265	3.9981	5.0000	16.5900	27.3229	0.0000	0.0000	0.0000	0.0000	0.0000	0.0000	0.0000	0.0000	0.0000	0.2760	0.2760	0.0000	0.2754	0.2754	0.0000	0.0006	0.0006	0.0000	0.1257	0.1064	0.0193	0.0058	0.0053	0.0004	0.1200	0.1011	0.0189	0.9246	0.5597	0.3649	0.2178	0.1816	0.0362	0.7068	0.3781	0.3287	0.0000	0.0000	0.0000	0.0000	0.0000	0.0000	0.0000	0.0000	0.0000	0.2985	0.4931	0.0000	1.2645	1.5164	0.0000	0.0008	0.0016	0.0000				
18	41	0.6267	8	1	2	0	0	0	0	0	0	N	Y	N	N	N	N	N	N	N	N	N	N	0.0000	0.0000	0.0000	0.0000	0.0000	0.0000	0.0000	0.0000	0.0000	0.0000	0.0000	0.0000	0.0000	0.0000	0.0000	0.0000	2.1148	0.0001	8.0257	0.0001	0.0001	0.0000	6.2388	0.0000	24.2953	42956.8026	0.0000	0.5416	3.9981	8.1446	16.5900	10.2519	0.0000	0.0000	0.0000	0.0000	0.0000	0.0000	0.0000	0.0000	0.0000	1.0000	0.0000	1.0000	0.0000	0.0000	0.0000	1.0000	0.0000	1.0000	0.2570	0.2266	0.0304	0.0949	0.0896	0.0053	0.1621	0.1370	0.0251	0.4729	0.3283	0.1446	0.3126	0.2429	0.0697	0.1603	0.0854	0.0749	0.0000	0.0000	0.0000	0.0000	0.0000	0.0000	0.0000	0.0000	0.0000	2.1148	0.0001	6.9168	0.0001	0.0001	0.0000	6.2388	0.0000	13.3498			
18	43	0.2801	5	1	2	1	1	0	0	0	0	N	Y	N	N	N	N	N	N	N	N	N	N	0.0000	0.0000	0.0000	0.0000	0.0000	0.0000	0.0000	0.0000	0.0000	0.0000	0.0000	0.0000	0.0000	0.0000	0.0000	0.0000	0.0050	0.0065	0.0010	0.0090	0.0103	0.0000	0.0006	0.0000	0.0014	0.0649	0.0000	-0.0003	3.9981	1.0007	16.5900	2.4334	0.0000	0.0000	0.0000	0.0000	0.0000	0.0000	0.0000	0.0000	0.0000	0.0008	0.0008	0.0000	0.0008	0.0008	0.0000	0.0000	0.0000	0.0000	0.0266	0.0227	0.0039	0.0045	0.0042	0.0003	0.0221	0.0185	0.0036	0.1652	0.1176	0.0476	0.0853	0.0745	0.0108	0.0799	0.0430	0.0369	0.0000	0.0000	0.0000	0.0000	0.0000	0.0000	0.0000	0.0000	0.0000	0.0050	0.0065	0.0010	0.0090	0.0103	0.0000	0.0006	0.0000	0.0014			
18	44	0.2428	4	1	1	0	1	0	0	0	0	N	N	N	N	N	N	N	N	N	N	N	N	0.3510	0.3131	0.0000	1.1171	0.9633	0.0000	0.0089	1.4623	0.0000	0.0703	0.0822	0.0000	0.3658	0.3889	0.0000	0.0004	0.0005	0.0000	0.2004	0.2625	0.0676	0.3274	0.4038	0.0024	0.0472	0.0003	0.0992	0.0000	0.1207	-0.0009	-0.0531	3.9981	1.0391	16.5900	15.0482	0.0021	0.0021	0.0000	0.0021	0.0021	0.0000	0.0000	0.0000	0.0000	0.1514	0.1351	0.0163	0.1352	0.1350	0.0002	0.0162	0.0001	0.0161	0.0295	0.0253	0.0043	0.0056	0.0053	0.0003	0.0239	0.0199	0.0039	0.7557	0.5146	0.2410	0.4130	0.3344	0.0785	0.3427	0.1802	0.1625	0.3510	0.3131	0.0000	1.1171	0.9633	0.0000	0.0089	1.4623	0.0000	0.2004	0.2625	0.0676	0.3274	0.4038	0.0024	0.0472	0.0003	0.0992
18	45	0.1224	3	1	2	0	0	0	0	0	0	N	Y	N	N	N	N	N	N	N	N	N	N	3.2117	0.0000	8.3725	0.0000	0.0000	2.6258	0.0000	7.8600	3.3762	0.0000	22.2397	0.0000	0.0000	0.0000	3.5365	0.0000	22.7449	1.0512	0.0023	2.6563	0.0781	0.0000	0.4699	1.3469	0.0033	2.8938	inf	765.5527	0.5589	0.5509	3.9981	12.0036	16.5900	21.9053	1.0000	0.0000	1.0000	0.0000	0.0000	0.0000	1.0000	0.0000	1.0000	1.0195	0.0013	1.0182	0.0176	0.0000	0.0176	1.0019	0.0013	1.0005	0.2962	0.2512	0.0450	0.0134	0.0124	0.0010	0.2828	0.2388	0.0440	0.9698	0.5865	0.3833	0.2260	0.1884	0.0376	0.7439	0.3981	0.3458	3.2117	0.0000	8.3725	0.0000	0.0000	0.0000	2.6258	0.0000	7.8600	1.0512	0.0023	2.6563	0.0781	0.0000	0.4699	1.3469	0.0033	2.8938	
18	46	0.6037	11	2	2	0	0	0	0	0	0	Y	Y	N	N	N	N	N	N	N	N	N	N	0.0000	0.0000	0.0000	0.0000	0.0000	0.0000	0.0000	0.0000	0.0000	0.0000	0.0000	0.0000	0.0000	0.0000	0.0000	0.0000	0.0000	0.0179	0.0215	0.0105	0.0244	0.0311	0.0000	0.0087	0.0010	0.0170	0.2349	0.0000	-0.0004	3.9981	2.0120	16.5900	1.9924	0.0000	0.0000	0.0000	0.0000	0.0000	0.0000	0.0000	0.0000	0.0000	0.0016	0.0013	0.0003	0.0013	0.0013	0.0000	0.0003	0.0000	0.0003	0.0534	0.0463	0.0071	0.0162	0.0149	0.0012	0.0372	0.0314	0.0058	0.0910	0.0613	0.0296	0.0532	0.0418	0.0114	0.0378	0.0195	0.0182	0.0000	0.0000	0.0000	0.0000	0.0000	0.0000	0.0000	0.0000	0.0000	0.0179	0.0215	0.0105	0.0244	0.0311	0.0000	0.0087	0.0010	0.0170		
18	47	0.2269	9	2	2	0	0	0	0	0	0	Y	Y	N	N	N	N	N	N	N	N	N	N	0.0000	0.0000	0.0000	0.0000	0.0000	0.0000	0.0000	0.0000	0.0000	0.0000	0.0000	0.0000	0.0000	0.0000	0.0000	0.0000	0.0000	0.0000	0.0000	0.0000	3.9981	0.0002	16.5900	4.0036	0.0000	0.0000	0.0000	0.0000	0.0000	0.0000	0.0000	0.0000	0.0000	0.0000	0.0000	0.0000	0.0000	0.0000	0.0000	0.0000	0.0000	0.0000	0.0000	0.0000	0.0000	0.0000	0.0000	0.0000	0.0000	0.0000	0.0000	0.1168	0.0705	0.0463	0.0288	0.0246	0.0042	0.0880	0.0459	0.0421	0.0000	0.0000	0.0000	0.0000	0.0000	0.0000	0.0000	0.0000	0.0000	0.0000	0.0000	0.0000	0.0000	0.0000	0.0000	0.0000	0.0000	0.0000											
18	48	0.1224	3	1	2	0	1	0	0	0	0	N	Y	N	N	N	N	N	N	N	N	N	N	0.0000	0.0000	0.0000	0.0000	0.0000	0.0000	0.0000	0.0000	0.0000	0.0000	0.0000	0.0000	0.0000	0.0000	0.0000	0.0000	1.6125	1.5130	1.7624	4.2236	5.0704	0.0000	0.8961	0.0000	1.9370	0.7734	0.0000	-0.0511	3.9981	6.0036	16.5900	51.7820	0.0000	0.0000	0.0000	0.0000	0.0000	0.0000	0.0000	0.0000	0.0000	2.2929	1.2930	1.0000	1.2930	1.2930	0.0000	1.0000	0.0000	1.0000	0.1502	0.1272	0.0230	0.0069	0.0064	0.0005	0.1433	0.1208	0.0225	1.4220	0.8546	0.5674	0.3061	0.2550	0.0511	1.1158	0.5996	0.5162	0.0000	0.0000	0.0000	0.0000	0.0000	0.0000	0.0000	0.0000	0.0000	1.6125	1.5130	1.7624	4.2236	5.0704	0.0000	0.8961	0.0000	1.9370			
18	49	0.1224	3	2	2	0	0	0	0	0	0	Y	Y	N	N	N	N	N	N	N	N	N	N	0.0000	0.0000	0.0000	0.0000	0.0000	0.0000	0.0000	0.0000	0.0000	0.0000	0.0000	0.0000	0.0000	0.0000	0.0000	1.1607	1.9239	0.0000	5.7331	7.4808	0.0000	0.0007	0.0013	0.0000	0.0000	0.0000	-0.5849	3.9981	5.9964	16.5900	34.6547	0.0000	0.0000	0.0000	0.0000	0.0000	0.0000	0.0000	0.0000	0.0000	1.2759	1.2759	0.0000	1.2754	1.2754	0.0000	0.0006	0.0006	0.0000	0.1500	0.1270	0.0230	0.0069	0.0064	0.0005	0.1432	0.1207	0.0225	1.0993	0.6632	0.4361	0.2492	0.2077	0.0415	0.8501	0.4555	0.3946	0.0000	0.0000	0.0000	0.0000	0.0000	0.0000	0.0000	0.0000	0.0000	1.1607	1.9239	0.0000	5.1176	6.1396	0.0000	0.0007	0.0013	0.0000				
18	50	0.2119	4	1	1	1	0	0	0	0	0	N	N	N	N	N	N	N	N	N	N	N	N	0.0000	0.0001	0.0000	0.0003	0.0002	0.0000	0.0000	0.0000	0.0000	0.0000	0.0000	0.0002	0.0002	0.0000	0.0000	0.0000	0.0000	2.2416	0.3585	5.9437	0.6024	0.7105	0.0115	3.3146	0.0000	7.2594	0.0000	8.4330	-0.0000	1.9361	3.9981	31.2093	16.5900	46.3939	0.0000	0.0000	0.0000	0.0000	0.0000	0.0000	0.0000	0.0000	0.0000	4.4444	0.4712	3.9732	0.4726	0.4712	0.0014	3.9718	0.0000	3.9718	0.7975	0.6878	0.1098	0.1243	0.1160	0.0083	0.6732	0.5718	0.1015	1.9827	1.3142	0.6685	0.7845	0.6631	0.1213	1.1983	0.6511	0.5471	0.0000	0.0001	0.0000	0.0003	0.0002	0.0000	0.0000	0.0000	0.0000	2.2416	0.3585	5.9437	0.6024	0.7105	0.0115	3.3146	0.0000	7.2594	
18	51	0.1592	4	1	2	0	0	0	0	0	0	N	Y	N	N	N	N	N	N	N	N	N	N	0.0036	0.0028	0.0000	0.0107	0.0094	0.0000	0.0020	0.0013	0.0000	0.0008	0.0009	0.0000	0.0041	0.0044	0.0000	0.0002	0.0002	0.0000	0.2242	0.3343	0.0002	0.3831	0.4625	0.0005	0.0979	0.1796	0.0000	0.0000	0.0002	-0.0000	-0.0989	3.9981	4.1516	16.5900	14.5664	0.0001	0.0001	0.0000	0.0001	0.0001	0.0000	0.0000	0.0000	0.0000	0.2160	0.2159	0.0000	0.1634	0.1634	0.0000	0.0526	0.0525	0.0000	0.1227	0.1053	0.0174	0.0194	0.0183	0.0011	0.1033	0.0869	0.0164	0.9635	0.6458	0.3177	0.4266	0.3533	0.0733	0.5369	0.2925	0.2444	0.0036	0.0028	0.0000	0.0107	0.0094	0.0000	0.0020	0.0013	0.0000	0.2242	0.3343	0.0002	0.3831	0.4625	0.0005	0.0979	0.1796	0.0000
18	52	0.0918	2	2	1	1	0	0	0	0	0	Y	N	N	N	N	N	N	N	N	N	N	N	0.0000	0.0000	0.0000	0.0000	0.0000	0.0000	0.0000	0.0000	0.0000	0.0000	0.0000	0.0000	0.0000	0.0000	0.0000	0.0000	0.0123	0.0025	0.0293	0.0083	0.0087	0.0000	0.0133	0.0000	0.0301	6.6087	0.0000	0.0002	3.9981	0.0028	16.5900	0.9232	0.0000	0.0000	0.0000	0.0000	0.0000	0.0000	0.0000	0.0000	0.0000	0.0005	0.0001	0.0004	0.0001	0.0001	0.0000	0.0004	0.0000	0.0004	0.0003	0.0002	0.0000	0.0001	0.0001	0.0000	0.0002	0.0001	0.0000	0.0381	0.0242	0.0139	0.0074	0.0071	0.0003	0.0307	0.0171	0.0135	0.0000	0.0000	0.0000	0.0000	0.0000	0.0000	0.0000	0.0000	0.0000	0.0123	0.0025	0.0293	0.0083	0.0087	0.0000	0.0133	0.0000	0.0301			
18	53	0.6190	10	1	2	0	0	0	0	0	0	N	Y	N	N	N	N	N	N	N	N	N	N	0.0347	1.3227	0.0000	3.4874	3.0575	0.0000	0.0000	0.0000	0.0000	0.0263	0.0301	0.0000	0.0901	0.0951	0.0000	0.0000	0.0000	0.0000	0.7572	0.0227	2.4103	0.0258	0.0311	0.0019	1.9350	0.0001	3.7714	0.0000	47.1023	-0.0031	0.3552	3.9981	8.5400	16.5900	19.3759	0.0070	0.0070	0.0000	0.0070	0.0070	0.0000	0.0000	0.0000	0.0000	0.6821	0.0142	0.6679	0.0144	0.0142	0.0002	0.6677	0.0000	0.6677	0.2649	0.2317	0.0333	0.0773	0.0733	0.0040	0.1876	0.1584	0.0292	0.9008	0.6237	0.2771	0.5557	0.4557	0.1001	0.3451	0.1680	0.1770	0.0347	1.3227	0.0000	3.4874	3.0575	0.0000	0.0000	0.0000	0.0000	0.7572	0.0227	2.4103	0.0258	0.0311	0.0019	1.9350	0.0001	3.7714
18	54	0.5560	9	1	1	0	0	0	0	0	0	N	N	N	N	N	N	N	N	N	N	N	N	0.0559	0.0867	0.0004	0.2201	0.1909	0.0000	0.0001	0.0000	0.0003	0.0290	0.0330	0.0003	0.1004	0.1053	0.0000	0.0001	0.0000	0.0004	0.5191	0.3804	0.8297	0.4559	0.5516	0.0065	0.6022	0.0212	1.2224	0.0014	0.9743	-0.0031	0.0186	3.9981	7.3474	16.5900	24.2346	0.0070	0.0070	0.0000	0.0070	0.0070	0.0000	0.0000	0.0000	0.0000	0.5297	0.2683	0.2614	0.2641	0.2635	0.0007	0.2656	0.0048	0.2607	0.2419	0.2125	0.0294	0.0698	0.0665	0.0033	0.1721	0.1460	0.0262	1.0204	0.7053	0.3150	0.5794	0.4777	0.1017	0.4410	0.2277	0.2133	0.0559	0.0867	0.0004	0.2201	0.1909	0.0000	0.0001	0.0000	0.0003	0.5191	0.3804	0.8297	0.4559	0.5516	0.0065	0.6022	0.0212	1.2224
18	55	0.5262	8	1	1	0	0	0	0	0	0	N	N	N	N	N	N	N	N	N	N	N	N	0.0003	0.0002	0.0015	0.0004	0.0004	0.0000	0.0004	0.0000	0.0012	0.0004	0.0003	0.0013	0.0008	0.0008	0.0000	0.0002	0.0000	0.0015	1.2695	1.4277	0.8759	1.7801	2.1021	0.0181	0.5862	0.0055	1.2586	0.6680	0.2465	-0.0000	-0.2783	3.9981	3.4216	16.5900	15.9376	0.0000	0.0000	0.0000	0.0000	0.0000	0.0000	0.0000	0.0000	0.0000	1.0677	0.8565	0.2111	0.8568	0.8555	0.0013	0.2108	0.0011	0.2098	0.1277	0.1127	0.0150	0.0399	0.0384	0.0015	0.0878	0.0743	0.0135	0.8410	0.6000	0.2410	0.4813	0.4070	0.0744	0.3597	0.1930	0.1667	0.0003	0.0002	0.0015	0.0004	0.0004	0.0000	0.0004	0.0000	0.0012	1.2695	1.4277	0.8759	1.7801	2.1021	0.0181	0.5862	0.0055	1.2586
18	56	0.2428	4	1	2	0	0	0	0	0	0	N	Y	N	N	N	N	N	N	N	N	N	N	0.0709	5.6607	0.0000	19.2481	16.7517	0.0000	0.0002	1.8535	0.0000	0.0736	0.0860	0.0000	0.3802	0.4041	0.0000	0.0004	0.0005	0.0000	1.0375	0.0152	3.1319	0.0198	0.0241	0.0016	2.1463	0.0003	4.5274	0.0000	100.6239	-0.0009	0.4776	3.9981	0.9891	16.5900	20.6926	0.0021	0.0021	0.0000	0.0021	0.0021	0.0000	0.0000	0.0000	0.0000	0.8981	0.0088	0.8892	0.0089	0.0088	0.0001	0.8891	0.0001	0.8891	0.0282	0.0241	0.0041	0.0054	0.0051	0.0003	0.0228	0.0190	0.0037	0.8656	0.5817	0.2839	0.4513	0.3638	0.0875	0.4143	0.2179	0.1964	0.0709	5.6607	0.0000	19.2481	16.7517	0.0000	0.0002	1.8535	0.0000	1.0375	0.0152	3.1319	0.0198	0.0241	0.0016	2.1463	0.0003	4.5274
18	57	0.1224	3	1	1	0	0	0	0	0	0	N	N	N	N	N	N	N	N	N	N	N	N	0.0000	0.0000	0.0000	0.0000	0.0000	0.0000	0.0000	0.0000	0.0000	0.0000	0.0000	0.0000	0.0000	0.0000	0.0000	0.0000	0.0000	0.0000	1.1770	0.3805	2.3852	1.0238	1.2262	0.0110	1.2212	0.0017	2.6309	4.1334	0.0000	0.4788	3.9981	5.0326	16.5900	39.3193	0.0000	0.0000	0.0000	0.0000	0.0000	0.0000	0.0000	0.0000	0.0000	1.3807	0.2690	1.1117	0.2686	0.2681	0.0005	1.1121	0.0008	1.1112	0.1265	0.1071	0.0194	0.0058	0.0054	0.0004	0.1207	0.1017	0.0190	1.1730	0.7069	0.4661	0.2623	0.2186	0.0437	0.9106	0.4883	0.4224	0.0000	0.0000	0.0000	0.0000	0.0000	0.0000	0.0000	0.0000	0.0000	1.1770	0.3805	2.3852	1.0238	1.2262	0.0110	1.2212	0.0017	2.6309	
18	58	0.1224	3	1	2	0	1	0	0	0	0	N	Y	N	N	N	N	N	N	N	N	N	N	0.0000	0.0000	0.0000	0.0000	0.0000	0.0000	0.0000	0.0000	0.0000	0.0000	0.0000	0.0000	0.0000	0.0000	0.0000	0.0000	0.0000	1.1492	0.4082	2.2753	1.0882	1.3056	0.0000	1.1671	0.0013	2.5134	3.6677	0.0000	0.4218	3.9981	5.0036	16.5900	36.7244	0.0000	0.0000	0.0000	0.0000	0.0000	0.0000	0.0000	0.0000	0.0000	1.2883	0.2760	1.0123	0.2754	0.2754	0.0000	1.0129	0.0006	1.0123	0.1258	0.1065	0.0193	0.0058	0.0053	0.0004	0.1200	0.1011	0.0189	1.1210	0.6761	0.4449	0.2531	0.2109	0.0421	0.8679	0.4651	0.4028	0.0000	0.0000	0.0000	0.0000	0.0000	0.0000	0.0000	0.0000	0.0000	1.1492	0.4082	2.2753	1.0882	1.3056	0.0000	1.1671	0.0013	2.5134		
18	59	0.5065	8	1	2	0	1	0	0	0	0	N	Y	N	N	N	N	N	N	N	N	N	N	0.0001	0.0001	0.0000	0.0082	0.1484	0.0000	0.0000	0.0000	0.0000	0.0001	0.0001	0.0000	0.0002	0.0002	0.0000	0.0000	0.0000	0.0000	0.7874	1.0661	0.0830	0.0205	0.0012	0.1140	1.8959	3.3713	0.0658	0.0000	0.0308	-0.0000	-0.4411	3.9981	10.4254	16.5900	21.2017	0.0000	0.0000	0.0000	0.0000	0.0000	0.0000	0.0000	0.0000	0.0000	1.0294	0.9986	0.0307	0.0158	0.0008	0.0150	1.0136	0.9979	0.0157	0.3564	0.3130	0.0434	0.1193	0.1133	0.0059	0.2372	0.1997	0.0375	1.3073	0.9367	0.3706	0.7727	0.6407	0.1320	0.5346	0.2960	0.2386	0.0001	0.0001	0.0000	0.0082	0.1484	0.0000	0.0000	0.0000	0.0000	0.7874	1.0661	0.0830	0.0205	0.0012	0.1140	1.8959	3.3713	0.0658
18	60	0.0918	2	2	1	1	0	0	0	0	0	Y	N	N	N	N	N	N	N	N	N	N	N	0.0000	0.0000	0.0000	0.0000	0.0000	0.0000	0.0000	0.0000	0.0000	0.0000	0.0000	0.0000	0.0000	0.0000	0.0000	0.0000	0.0028	0.0006	0.0060	0.0030	0.0033	0.0000	0.0028	0.0000	0.0061	6.6087	0.0000	0.0002	3.9981	1.9981	16.5900	3.0867	0.0000	0.0000	0.0000	0.0000	0.0000	0.0000	0.0000	0.0000	0.0000	0.0005	0.0001	0.0004	0.0001	0.0001	0.0000	0.0004	0.0000	0.0004	0.0556	0.0471	0.0085	0.0015	0.0014	0.0001	0.0541	0.0457	0.0084	0.1668	0.0990	0.0679	0.0206	0.0189	0.0018	0.1462	0.0801	0.0661	0.0000	0.0000	0.0000	0.0000	0.0000	0.0000	0.0000	0.0000	0.0000	0.0028	0.0006	0.0060	0.0030	0.0033	0.0000	0.0028	0.0000	0.0061			
18	62	0.0678	2	2	1	1	0	0	0	0	0	Y	N	N	N	N	N	N	N	N	N	N	N	0.0678	0.0448	0.0000	0.0185	0.0178	0.0000	0.0000	0.0000	0.0140	0.0163	0.0000	0.0361	0.0362	0.0000	0.0000	0.0000	0.0000	0.2066	0.3635	0.0002	1.9475	2.0307	0.0000	0.0001	0.0000	0.0002	0.0000	0.0005	-0.0000	-0.0514	3.9981	0.0060	16.5900	17.2393	0.0000	0.0000	0.0000	0.0000	0.0000	0.0000	0.0000	0.0000	0.0000	0.1122	0.1122	0.0001	0.1122	0.1122	0.0000	0.0001	0.0000	0.0001	0.0007	0.0006	0.0001	0.0003	0.0003	0.0000	0.0004	0.0003	0.0001	0.5433	0.3087	0.2346	0.0576	0.0553	0.0024	0.4857	0.2534	0.2322	0.0678	0.0448	0.0000	0.0185	0.0178	0.0000	0.0000	0.0000	0.0000	0.2066	0.3635	0.0002	1.9475	2.0307	0.0000	0.0001	0.0000	0.0002	
18	63	0.1592	4	1	1	1	0	0	0	0	0	N	N	N	N	N	N	N	N	N	N	N	N	0.0000	0.0000	0.0000	0.0000	0.0000	0.0000	0.0000	0.0000	0.0000	0.0000	0.0000	0.0000	0.0000	0.0000	0.0000	0.0000	0.0000	0.2855	0.4168	0.0002	0.5898	0.7107	0.0006	0.0000	0.0000	0.0001	0.0002	0.0000	-0.1107	3.9981	1.0230	16.5900	12.1924	0.0000	0.0000	0.0000	0.0000	0.0000	0.0000	0.0000	0.0000	0.0000	0.2416	0.2416	0.0000	0.2416	0.2416	0.0000	0.0000	0.0000	0.0000	0.0418	0.0364	0.0053	0.0106	0.0103	0.0003	0.0311	0.0261	0.0050	0.8463	0.5795	0.2668	0.4096	0.3399	0.0697	0.4367	0.2396	0.1970	0.0000	0.0000	0.0000	0.0000	0.0000	0.0000	0.0000	0.0000	0.0000	0.2855	0.4168	0.0002	0.5898	0.7107	0.0006	0.0000	0.0000	0.0001		
18	64	0.1224	3	1	1	0	0	0	0	0	0	N	N	N	N	N	N	N	N	N	N	N	N	0.0012	0.0009	0.0000	0.0000	0.0000	0.0000	0.1267	0.3170	0.0000	0.0003	0.0004	0.0000	0.0000	0.0000	0.0000	0.0003	0.0004	0.0000	0.2687	0.4032	0.0527	0.9622	1.0708	0.4114	0.0026	0.0013	0.0042	0.0000	0.0813	-0.0000	-0.0530	3.9981	2.4556	16.5900	12.4191	0.0000	0.0000	0.0000	0.0000	0.0000	0.0000	0.0000	0.0000	0.0000	0.1384	0.1280	0.0104	0.1374	0.1277	0.0097	0.0010	0.0002	0.0007	0.0626	0.0529	0.0097	0.0029	0.0027	0.0002	0.0597	0.0502	0.0094	0.5151	0.3174	0.1977	0.1428	0.1193	0.0235	0.3723	0.1981	0.1742	0.0012	0.0009	0.0000	0.0000	0.0000	0.0000	0.1267	0.3170	0.0000	0.2687	0.4032	0.0527	0.9622	1.0708	0.4114	0.0026	0.0013	0.0042
18	65	0.2448	5	1	2	0	0	0	0	0	0	N	Y	N	N	N	N	N	N	N	N	N	N	0.0000	0.0000	0.0000	0.0000	0.0000	0.0000	0.0000	0.0000	0.0000	0.0000	0.0000	0.0000	0.0000	0.0000	0.0000	0.0000	0.0000	2.2762	0.0028	8.6315	0.0068	0.0051	0.0171	3.9511	0.0000	9.7962	1208.5653	0.0000	0.5455	3.9981	1.7555	16.5900	11.9300	0.0000	0.0000	0.0000	0.0000	0.0000	0.0000	0.0000	0.0000	0.0000	1.0088	0.0008	1.0079	0.0013	0.0008	0.0004	1.0075	0.0000	1.0075	0.0558	0.0481	0.0077	0.0167	0.0152	0.0014	0.0391	0.0328	0.0063	0.4432	0.3024	0.1408	0.1882	0.1625	0.0257	0.2550	0.1398	0.1152	0.0000	0.0000	0.0000	0.0000	0.0000	0.0000	0.0000	0.0000	0.0000	2.2762	0.0028	7.1573	0.0068	0.0051	0.0171	3.9511	0.0000	8.7486		
18	66	0.1200	5	2	2	1	0	0	0	0	0	Y	Y	N	N	N	N	N	N	N	N	N	N	0.0000	0.0000	0.0000	0.0000	0.0000	0.0000	0.0000	0.0000	0.0000	0.0000	0.0000	0.0000	0.0000	0.0000	0.0000	0.0000	0.0000	0.0000	0.0000	0.0000	3.9981	0.0000	16.5900	0.0000	0.0000	0.0000	0.0000	0.0000	0.0000	0.0000	0.0000	0.0000	0.0000	0.0000	0.0000	0.0000	0.0000	0.0000	0.0000	0.0000	0.0000	0.0000	0.0000	0.0000	0.0000	0.0000	0.0000	0.0000	0.0000	0.0000	0.0000	0.0000	0.0000	0.0000	0.0000	0.0000	0.0000	0.0000	0.0000	0.0000	0.0000	0.0000	0.0000	0.0000	0.0000	0.0000	0.0000	0.0000	0.0000	0.0000	0.0000	0.0000	0.0000	0.0000	0.0000	0.0000	0.0000	0.0000											
18	67	0.7283	10	2	2	1	0	0	0	0	0	Y	Y	N	N	N	N	N	N	N	N	N	N	0.0000	0.0000	0.0000	0.0000	0.0000	0.0000	0.0000	0.0000	0.0000	0.0000	0.0000	0.0000	0.0000	0.0000	0.0000	0.0000	0.0000	0.0000	0.0000	0.0000	3.9981	1.0000	16.5900	3.0000	0.0000	0.0000	0.0000	0.0000	0.0000	0.0000	0.0000	0.0000	0.0000	0.0000	0.0000	0.0000	0.0000	0.0000	0.0000	0.0000	0.0000	0.0000	0.0224	0.0194	0.0030	0.0056	0.0052	0.0004	0.0168	0.0142	0.0026	0.0963	0.0664	0.0299	0.0633	0.0490	0.0143	0.0330	0.0174	0.0156	0.0000	0.0000	0.0000	0.0000	0.0000	0.0000	0.0000	0.0000	0.0000	0.0000	0.0000	0.0000	0.0000	0.0000	0.0000	0.0000	0.0000	0.0000											
18	68	0.1200	5	2	2	1	0	0	0	0	0	Y	Y	N	N	N	N	N	N	N	N	N	N	0.0000	0.0000	0.0000	0.0000	0.0000	0.0000	0.0000	0.0000	0.0000	0.0000	0.0000	0.0000	0.0000	0.0000	0.0000	0.0000	0.0000	0.0000	0.0000	0.0000	3.9981	1.0000	16.5900	0.0000	0.0000	0.0000	0.0000	0.0000	0.0000	0.0000	0.0000	0.0000	0.0000	0.0000	0.0000	0.0000	0.0000	0.0000	0.0000	0.0000	0.0000	0.0000	0.0276	0.0233	0.0043	0.0009	0.0008	0.0001	0.0267	0.0225	0.0042	0.0308	0.0181	0.0127	0.0065	0.0054	0.0011	0.0243	0.0127	0.0115	0.0000	0.0000	0.0000	0.0000	0.0000	0.0000	0.0000	0.0000	0.0000	0.0000	0.0000	0.0000	0.0000	0.0000	0.0000	0.0000	0.0000	0.0000											
18	69	0.1036	4	2	2	1	0	0	0	0	0	Y	Y	N	N	N	N	N	N	N	N	N	N	0.0000	0.0000	0.0000	0.0000	0.0000	0.0000	0.0000	0.0000	0.0000	0.0000	0.0000	0.0000	0.0000	0.0000	0.0000	0.0000	0.0000	0.0249	0.0002	0.0660	0.0007	0.0007	0.0005	0.0312	0.0000	0.0703	185.6023	0.0000	0.0033	3.9981	1.0155	16.5900	5.9708	0.0000	0.0000	0.0000	0.0000	0.0000	0.0000	0.0000	0.0000	0.0000	0.0061	0.0000	0.0061	0.0000	0.0000	0.0000	0.0061	0.0000	0.0061	0.0298	0.0253	0.0045	0.0017	0.0016	0.0001	0.0281	0.0236	0.0045	0.2464	0.1540	0.0923	0.0514	0.0456	0.0057	0.1950	0.1084	0.0866	0.0000	0.0000	0.0000	0.0000	0.0000	0.0000	0.0000	0.0000	0.0000	0.0249	0.0002	0.0660	0.0007	0.0007	0.0005	0.0312	0.0000	0.0703		
18	70	0.0988	3	2	1	1	0	0	0	0	0	Y	N	N	N	N	N	N	N	N	N	N	N	0.0039	0.0767	0.0000	0.1070	0.1063	0.0000	0.0000	0.0000	0.0034	0.0039	0.0000	0.0107	0.0107	0.0000	0.0000	0.0000	0.0000	0.8639	0.0504	2.6891	0.0996	0.1006	0.0762	1.2941	0.0000	2.8120	0.0000	23.8021	-0.0000	0.0758	3.9981	0.0406	16.5900	2.3361	0.0000	0.0000	0.0000	0.0000	0.0000	0.0000	0.0000	0.0000	0.0000	0.1511	0.0061	0.1450	0.0063	0.0061	0.0002	0.1448	0.0000	0.1448	0.0029	0.0026	0.0003	0.0009	0.0009	0.0000	0.0020	0.0017	0.0003	0.1749	0.1210	0.0539	0.0630	0.0606	0.0024	0.1119	0.0604	0.0515	0.0039	0.0767	0.0000	0.1070	0.1063	0.0000	0.0000	0.0000	0.0000	0.8639	0.0504	2.6891	0.0996	0.1006	0.0762	1.2941	0.0000	2.8120	
18	71	0.7283	10	2	2	1	0	0	0	0	0	Y	Y	N	N	N	N	N	N	N	N	N	N	0.0000	0.0000	0.0000	0.0000	0.0000	0.0000	0.0000	0.0000	0.0000	0.0000	0.0000	0.0000	0.0000	0.0000	0.0000	0.0000	0.0000	0.0000	0.0000	0.0000	3.9981	0.0000	16.5900	0.0000	0.0000	0.0000	0.0000	0.0000	0.0000	0.0000	0.0000	0.0000	0.0000	0.0000	0.0000	0.0000	0.0000	0.0000	0.0000	0.0000	0.0000	0.0000	0.0000	0.0000	0.0000	0.0000	0.0000	0.0000	0.0000	0.0000	0.0000	0.0000	0.0000	0.0000	0.0000	0.0000	0.0000	0.0000	0.0000	0.0000	0.0000	0.0000	0.0000	0.0000	0.0000	0.0000	0.0000	0.0000	0.0000	0.0000	0.0000	0.0000	0.0000	0.0000	0.0000	0.0000	0.0000	0.0000											
18	72	0.7102	9	2	2	1	0	0	0	0	0	Y	Y	N	N	N	N	N	N	N	N	N	N	0.0000	0.0000	0.0000	0.0000	0.0000	0.0000	0.0000	0.0000	0.0000	0.0000	0.0000	0.0000	0.0000	0.0000	0.0000	0.0000	0.0000	0.0039	0.0006	0.0118	0.0050	0.0007	0.0184	0.0009	0.0000	0.0019	8.7819	0.0000	0.0003	3.9981	3.9057	16.5900	1.1104	0.0000	0.0000	0.0000	0.0000	0.0000	0.0000	0.0000	0.0000	0.0000	0.0007	0.0001	0.0006	0.0006	0.0001	0.0006	0.0000	0.0000	0.0000	0.0997	0.0867	0.0131	0.0279	0.0260	0.0019	0.0718	0.0607	0.0112	0.1700	0.1190	0.0510	0.1262	0.0958	0.0304	0.0438	0.0232	0.0205	0.0000	0.0000	0.0000	0.0000	0.0000	0.0000	0.0000	0.0000	0.0000	0.0039	0.0006	0.0118	0.0050	0.0007	0.0184	0.0009	0.0000	0.0019		
18	73	0.5075	7	2	2	0	0	0	0	0	0	Y	Y	N	N	N	N	N	N	N	N	N	N	0.0001	0.0090	0.0000	0.0005	0.0133	0.0000	0.0000	0.0000	0.0000	0.0000	0.0000	0.0001	0.0001	0.0000	0.0000	0.0000	0.0000	0.2395	0.0041	0.7771	0.1580	0.0061	0.8684	0.3469	0.0000	0.7323	0.0000	82.4561	-0.0000	0.0926	3.9981	6.9070	16.5900	16.5673	0.0000	0.0000	0.0000	0.0000	0.0000	0.0000	0.0000	0.0000	0.0000	0.1749	0.0021	0.1728	0.0656	0.0021	0.0635	0.1093	0.0000	0.1093	0.3094	0.2701	0.0393	0.1357	0.1226	0.0131	0.1737	0.1475	0.0262	0.7302	0.5079	0.2224	0.4152	0.3420	0.0731	0.3150	0.1658	0.1492	0.0001	0.0090	0.0000	0.0005	0.0133	0.0000	0.0000	0.0000	0.0000	0.2395	0.0041	0.7771	0.1580	0.0061	0.8684	0.3469	0.0000	0.7323	
18	74	0.5713	9	1	2	0	1	0	0	0	0	N	Y	N	N	N	N	N	N	N	N	N	N	0.0019	0.0599	0.0000	0.1691	0.1642	0.0000	0.0000	0.0000	0.0000	0.0001	0.0001	0.0000	0.0002	0.0002	0.0000	0.0000	0.0000	0.0000	0.0302	0.0011	0.0972	0.0014	0.0015	0.0008	0.0774	0.0000	0.1567	0.0000	38.7533	-0.0000	0.0108	3.9981	6.4226	16.5900	19.3377	0.0000	0.0000	0.0000	0.0000	0.0000	0.0000	0.0000	0.0000	0.0000	0.0209	0.0005	0.0204	0.0006	0.0005	0.0001	0.0203	0.0000	0.0203	0.1773	0.1527	0.0247	0.0434	0.0406	0.0029	0.1339	0.1121	0.0218	0.6908	0.4814	0.2094	0.4285	0.3487	0.0798	0.2623	0.1327	0.1296	0.0019	0.0599	0.0000	0.1691	0.1642	0.0000	0.0000	0.0000	0.0000	0.0302	0.0011	0.0972	0.0014	0.0015	0.0008	0.0774	0.0000	0.1567
18	75	0.5262	8	1	1	0	1	0	0	0	0	N	N	N	N	N	N	N	N	N	N	N	N	0.0001	0.0059	0.0000	0.0141	0.0128	0.0000	0.0000	0.0000	0.0000	0.0001	0.0001	0.0000	0.0002	0.0002	0.0000	0.0000	0.0000	0.0000	0.7616	0.0112	2.5958	0.0142	0.0164	0.0026	1.7649	0.0002	3.7951	0.0000	94.6305	-0.0000	0.3652	3.9981	5.1932	16.5900	17.4397	0.0000	0.0000	0.0000	0.0000	0.0000	0.0000	0.0000	0.0000	0.0000	0.6876	0.0072	0.6804	0.0074	0.0071	0.0002	0.6802	0.0000	0.6802	0.1723	0.1512	0.0211	0.0498	0.0475	0.0023	0.1225	0.1037	0.0188	0.9028	0.6407	0.2621	0.5174	0.4345	0.0829	0.3854	0.2062	0.1792	0.0001	0.0059	0.0000	0.0141	0.0128	0.0000	0.0000	0.0000	0.0000	0.7616	0.0112	2.5958	0.0142	0.0164	0.0026	1.7649	0.0002	3.7951
18	76	0.4892	7	1	1	0	0	0	0	0	0	N	N	N	N	N	N	N	N	N	N	N	N	0.0001	0.0001	0.0000	0.0003	0.0003	0.0000	0.0000	0.0000	0.0000	0.0001	0.0001	0.0000	0.0002	0.0002	0.0000	0.0000	0.0000	0.0000	0.6785	0.5020	1.1386	0.6183	0.7328	0.0234	0.7650	0.0018	1.7212	0.0000	0.8703	-0.0000	0.0050	3.9981	4.4918	16.5900	17.5337	0.0000	0.0000	0.0000	0.0000	0.0000	0.0000	0.0000	0.0000	0.0000	0.7161	0.3829	0.3332	0.3848	0.3824	0.0023	0.3313	0.0004	0.3309	0.1536	0.1339	0.0198	0.0464	0.0443	0.0022	0.1072	0.0896	0.0176	1.0554	0.7628	0.2927	0.6223	0.5219	0.1004	0.4331	0.2409	0.1922	0.0001	0.0001	0.0000	0.0003	0.0003	0.0000	0.0000	0.0000	0.0000	0.6785	0.5020	1.1386	0.6183	0.7328	0.0234	0.7650	0.0018	1.7212
18	77	0.2183	6	1	1	0	1	0	0	0	0	N	N	N	N	N	N	N	N	N	N	N	N	0.0000	0.0000	0.0000	0.0000	0.0000	0.0000	0.0000	0.0000	0.0000	0.0000	0.0000	0.0000	0.0000	0.0000	0.0000	0.0000	0.0000	0.0314	0.0469	0.0001	0.0697	0.0818	0.0003	0.0046	0.0085	0.0000	0.0007	0.0000	-0.0070	3.9981	0.3745	16.5900	14.7996	0.0000	0.0000	0.0000	0.0000	0.0000	0.0000	0.0000	0.0000	0.0000	0.0152	0.0152	0.0000	0.0139	0.0139	0.0000	0.0013	0.0013	0.0000	0.0135	0.0120	0.0016	0.0031	0.0030	0.0001	0.0104	0.0090	0.0014	0.4851	0.3247	0.1604	0.1999	0.1702	0.0297	0.2852	0.1545	0.1307	0.0000	0.0000	0.0000	0.0000	0.0000	0.0000	0.0000	0.0000	0.0000	0.0314	0.0469	0.0001	0.0697	0.0818	0.0003	0.0046	0.0085	0.0000		
18	78	0.1960	5	1	1	0	1	0	0	0	0	N	N	N	N	N	N	N	N	N	N	N	N	0.0000	0.0000	0.0000	0.0000	0.0000	0.0000	0.0000	0.0000	0.0000	0.0000	0.0000	0.0000	0.0000	0.0000	0.0000	0.0000	0.0000	0.0000	0.0662	0.0553	0.0882	0.0850	0.1013	0.0005	0.0523	0.0022	0.1112	0.7929	0.0000	-0.0005	3.9981	1.4595	16.5900	10.3922	0.0000	0.0000	0.0000	0.0000	0.0000	0.0000	0.0000	0.0000	0.0000	0.0308	0.0172	0.0136	0.0169	0.0169	0.0000	0.0139	0.0003	0.0136	0.0431	0.0371	0.0060	0.0062	0.0058	0.0004	0.0369	0.0313	0.0056	0.4646	0.3102	0.1544	0.1986	0.1664	0.0321	0.2660	0.1438	0.1222	0.0000	0.0000	0.0000	0.0000	0.0000	0.0000	0.0000	0.0000	0.0000	0.0662	0.0553	0.0882	0.0850	0.1013	0.0005	0.0523	0.0022	0.1112	
18	79	0.1818	4	1	1	0	1	0	0	0	0	N	N	N	N	N	N	N	N	N	N	N	N	0.0000	0.0000	0.0000	0.0000	0.0000	0.0000	0.0000	0.0000	0.0000	0.0000	0.0000	0.0000	0.0000	0.0000	0.0000	0.0000	0.0000	0.0000	0.0927	0.1049	0.0677	0.1079	0.1240	0.0164	0.0802	0.0795	0.0811	0.3150	0.0000	-0.0074	3.9981	1.3861	16.5900	6.3168	0.0000	0.0000	0.0000	0.0000	0.0000	0.0000	0.0000	0.0000	0.0000	0.0337	0.0256	0.0081	0.0177	0.0173	0.0004	0.0160	0.0083	0.0077	0.0378	0.0321	0.0057	0.0043	0.0040	0.0003	0.0335	0.0282	0.0053	0.3630	0.2440	0.1190	0.1639	0.1394	0.0245	0.1991	0.1046	0.0945	0.0000	0.0000	0.0000	0.0000	0.0000	0.0000	0.0000	0.0000	0.0000	0.0927	0.1049	0.0677	0.1079	0.1240	0.0164	0.0802	0.0795	0.0811	
18	80	0.1224	3	1	1	0	1	0	0	0	0	N	N	N	N	N	N	N	N	N	N	N	N	0.0000	0.0000	0.0000	0.0000	0.0000	0.0000	0.0000	0.0000	0.0000	0.0000	0.0000	0.0000	0.0000	0.0000	0.0000	0.0000	0.0000	0.0000	0.3861	0.6319	0.0034	1.5453	1.8476	0.0213	0.0008	0.0003	0.0013	0.0035	0.0000	-0.1289	3.9981	4.0043	16.5900	19.8631	0.0000	0.0000	0.0000	0.0000	0.0000	0.0000	0.0000	0.0000	0.0000	0.2833	0.2824	0.0010	0.2829	0.2823	0.0006	0.0004	0.0001	0.0003	0.1012	0.0856	0.0156	0.0047	0.0043	0.0003	0.0965	0.0813	0.0152	0.7339	0.4468	0.2871	0.1831	0.1528	0.0303	0.5508	0.2940	0.2568	0.0000	0.0000	0.0000	0.0000	0.0000	0.0000	0.0000	0.0000	0.0000	0.3861	0.6319	0.0034	1.5453	1.8476	0.0213	0.0008	0.0003	0.0013	
18	81	0.6630	9	1	2	1	0	0	0	0	0	N	Y	N	N	N	N	N	N	N	N	N	N	0.0000	0.0000	0.0000	0.0000	0.0000	0.0000	0.0000	0.0000	0.0000	0.0000	0.0000	0.0000	0.0000	0.0000	0.0000	0.0000	0.0000	6.7185	11.0583	0.0004	0.0009	0.0009	0.0008	16.7694	31.2135	0.0000	0.0000	0.0000	-0.4558	3.9981	2.0162	16.5900	4.5500	0.0000	0.0000	0.0000	0.0000	0.0000	0.0000	0.0000	0.0000	0.0000	0.9943	0.9943	0.0000	0.0001	0.0001	0.0000	0.9942	0.9942	0.0000	0.0623	0.0545	0.0078	0.0259	0.0241	0.0018	0.0364	0.0303	0.0061	0.1800	0.1238	0.0562	0.1172	0.0919	0.0252	0.0628	0.0319	0.0309	0.0000	0.0000	0.0000	0.0000	0.0000	0.0000	0.0000	0.0000	0.0000	5.5250	8.0321	0.0004	0.0009	0.0009	0.0008	15.8362	31.2135	0.0000		
18	82	0.0825	3	1	2	1	0	0	0	0	0	N	Y	N	N	N	N	N	N	N	N	N	N	0.0000	0.0000	0.0000	0.0000	0.0000	0.0000	0.0000	0.0000	0.0000	0.0000	0.0000	0.0000	0.0000	0.0000	0.0000	0.0000	0.0000	0.0000	0.7600	1.2937	0.0228	0.4578	0.4681	0.0292	0.8676	1.9481	0.0228	0.0128	0.0000	-0.1218	3.9981	3.0011	16.5900	3.7015	0.0000	0.0000	0.0000	0.0000	0.0000	0.0000	0.0000	0.0000	0.0000	0.2733	0.2698	0.0034	0.0432	0.0432	0.0001	0.2301	0.2267	0.0034	0.0831	0.0701	0.0130	0.0008	0.0008	0.0001	0.0823	0.0693	0.0130	0.3596	0.2086	0.1510	0.0944	0.0922	0.0022	0.2652	0.1164	0.1488	0.0000	0.0000	0.0000	0.0000	0.0000	0.0000	0.0000	0.0000	0.0000	0.7600	1.2937	0.0228	0.4578	0.4681	0.0292	0.8676	1.9481	0.0228	
18	83	0.0711	2	1	2	0	0	0	0	0	0	N	Y	N	N	N	N	N	N	N	N	N	N	0.0000	0.0000	0.0000	0.0000	0.0000	0.0000	0.0000	0.0000	0.0000	0.0000	0.0000	0.0000	0.0000	0.0000	0.0000	0.0000	0.0000	0.0000	0.9710	1.2575	0.5591	1.1942	1.2021	0.1197	0.8548	1.3327	0.5618	0.3093	0.0000	-0.1147	3.9981	2.0032	16.5900	4.2039	0.0000	0.0000	0.0000	0.0000	0.0000	0.0000	0.0000	0.0000	0.0000	0.5161	0.3942	0.1219	0.2173	0.2171	0.0002	0.2989	0.1771	0.1218	0.0560	0.0472	0.0088	0.0004	0.0004	0.0000	0.0556	0.0469	0.0088	0.5316	0.3135	0.2181	0.1819	0.1806	0.0013	0.3496	0.1329	0.2167	0.0000	0.0000	0.0000	0.0000	0.0000	0.0000	0.0000	0.0000	0.0000	0.9710	1.2575	0.5591	1.1942	1.2021	0.1197	0.8548	1.3327	0.5618	
18	84	0.0678	2	2	1	1	0	0	0	0	0	Y	N	N	N	N	N	N	N	N	N	N	N	0.0001	0.0098	0.0000	0.0832	0.0861	0.0000	0.0000	0.0000	0.0003	0.0004	0.0000	0.0134	0.0143	0.0000	0.0000	0.0000	0.0000	4.4689	0.0420	15.8242	0.1613	0.1658	0.0006	4.8043	0.0000	11.8938	0.0000	169.9220	-0.0000	0.4872	3.9981	1.0052	16.5900	4.9545	0.0000	0.0000	0.0000	0.0000	0.0000	0.0000	0.0000	0.0000	0.0000	0.9094	0.0053	0.9040	0.0053	0.0053	0.0000	0.9040	0.0000	0.9040	0.0287	0.0242	0.0045	0.0007	0.0007	0.0000	0.0279	0.0235	0.0044	0.2212	0.1268	0.0944	0.0330	0.0321	0.0009	0.1882	0.0947	0.0935	0.0001	0.0098	0.0000	0.0832	0.0861	0.0000	0.0000	0.0000	0.0000	4.1118	0.0420	9.5807	0.1613	0.1658	0.0006	4.8043	0.0000	9.6718	
18	86	0.2163	4	2	2	0	0	0	0	0	0	Y	Y	N	N	N	N	N	N	N	N	N	N	163.2577	0.0702	9627.1728	0.2465	0.2161	1.5037	8576.7472	0.0000	129548.0175	5.3137	0.0031	34.0180	0.0193	0.0191	0.0255	6.1999	0.0000	34.9534	0.0325	0.0448	0.0035	0.0782	0.0883	0.0169	0.0007	0.0010	0.0003	1999.0381	0.0334	0.5573	-0.0088	3.9981	5.8060	16.5900	6.1034	0.9981	0.0005	0.9976	0.0005	0.0005	0.0000	0.9976	0.0000	0.9976	0.0207	0.0200	0.0007	0.0204	0.0198	0.0006	0.0003	0.0002	0.0000	0.1878	0.1585	0.0293	0.0269	0.0261	0.0008	0.1609	0.1324	0.0285	0.6365	0.4471	0.1895	0.2615	0.2244	0.0371	0.3750	0.2226	0.1524	163.2577	0.0702	9627.1728	0.2465	0.2161	1.5037	8576.7472	0.0000	129548.0175	0.0325	0.0448	0.0035	0.0782	0.0883	0.0169	0.0007	0.0010	0.0003
18	87	0.1224	3	2	2	0	0	0	0	0	0	Y	Y	N	N	N	N	N	N	N	N	N	N	0.0082	0.0002	0.3889	0.0000	0.0000	0.0000	0.1741	0.0856	0.5258	0.0089	0.0004	0.0567	0.0000	0.0000	0.0000	0.0093	0.0004	0.0580	1.0825	1.6943	0.1459	4.4601	5.2547	0.4723	0.0536	0.0044	0.1103	28.5556	0.0562	0.0014	-0.4214	3.9981	12.2869	16.5900	21.7146	0.0027	0.0001	0.0026	0.0000	0.0000	0.0000	0.0027	0.0001	0.0026	1.0400	0.9847	0.0554	1.0006	0.9830	0.0176	0.0395	0.0017	0.0378	0.2985	0.2532	0.0453	0.0135	0.0125	0.0010	0.2850	0.2407	0.0443	0.9608	0.5812	0.3796	0.2243	0.1871	0.0373	0.7365	0.3941	0.3424	0.0082	0.0002	0.3889	0.0000	0.0000	0.0000	0.1741	0.0856	0.5258	1.0825	1.6943	0.1459	4.4601	5.2547	0.4723	0.0536	0.0044	0.1103
18	88	0.0711	2	1	2	0	0	0	0	0	0	N	Y	N	N	N	N	N	N	N	N	N	N	0.0000	0.0000	0.0000	0.0000	0.0000	0.0000	0.0000	0.0000	0.0000	0.0000	0.0000	0.0000	0.0000	0.0000	0.0000	0.0000	0.0000	0.0000	2.0529	1.1438	3.3338	1.3348	1.3526	0.0313	2.3093	0.9772	3.3623	2.0687	0.0000	0.3191	3.9981	4.0005	16.5900	9.0093	0.0000	0.0000	0.0000	0.0000	0.0000	0.0000	0.0000	0.0000	0.0000	1.4787	0.4819	0.9969	0.2530	0.2529	0.0001	1.2258	0.2290	0.9968	0.1107	0.0933	0.0174	0.0007	0.0007	0.0000	0.1100	0.0927	0.0173	0.7203	0.4213	0.2990	0.1895	0.1870	0.0026	0.5308	0.2343	0.2965	0.0000	0.0000	0.0000	0.0000	0.0000	0.0000	0.0000	0.0000	0.0000	2.0529	1.1438	3.3338	1.3348	1.3526	0.0313	2.3093	0.9772	3.3623	
18	90	0.2448	5	1	1	1	0	0	0	0	0	N	N	N	N	N	N	N	N	N	N	N	N	0.0000	0.0000	0.0000	0.0000	0.0000	0.0000	0.0000	0.0000	0.0000	0.0000	0.0000	0.0000	0.0000	0.0000	0.0000	0.0000	0.0000	0.0436	0.0173	0.1035	0.0279	0.0317	0.0011	0.0556	0.0000	0.1254	2.6157	0.0000	0.0040	3.9981	2.3559	16.5900	7.1930	0.0000	0.0000	0.0000	0.0000	0.0000	0.0000	0.0000	0.0000	0.0000	0.0150	0.0041	0.0108	0.0042	0.0041	0.0000	0.0108	0.0000	0.0108	0.0715	0.0615	0.0099	0.0194	0.0178	0.0016	0.0520	0.0437	0.0083	0.3438	0.2391	0.1048	0.1491	0.1306	0.0185	0.1947	0.1085	0.0863	0.0000	0.0000	0.0000	0.0000	0.0000	0.0000	0.0000	0.0000	0.0000	0.0436	0.0173	0.1035	0.0279	0.0317	0.0011	0.0556	0.0000	0.1254		
18	91	0.2119	4	1	1	0	0	0	0	0	0	N	N	N	N	N	N	N	N	N	N	N	N	0.0002	0.0015	0.0000	0.0031	0.0029	0.0000	0.0000	0.0000	0.0000	0.0001	0.0001	0.0000	0.0003	0.0003	0.0000	0.0000	0.0000	0.0000	0.6152	0.0715	1.9776	0.1026	0.1144	0.0183	1.1352	0.0020	2.5225	0.0000	11.0421	-0.0000	0.2712	3.9981	4.9284	16.5900	11.0439	0.0000	0.0000	0.0000	0.0000	0.0000	0.0000	0.0000	0.0000	0.0000	0.5914	0.0491	0.5423	0.0497	0.0486	0.0011	0.5418	0.0005	0.5412	0.2144	0.1880	0.0264	0.0629	0.0605	0.0024	0.1516	0.1276	0.0240	0.9614	0.6872	0.2742	0.4842	0.4245	0.0597	0.4773	0.2627	0.2146	0.0002	0.0015	0.0000	0.0031	0.0029	0.0000	0.0000	0.0000	0.0000	0.6152	0.0715	1.9776	0.1026	0.1144	0.0183	1.1352	0.0020	2.5225
18	92	0.1224	3	1	1	0	0	0	0	0	0	N	N	N	N	N	N	N	N	N	N	N	N	0.0001	0.0000	0.0005	0.0000	0.0000	0.0000	0.0002	0.0000	0.0005	0.0001	0.0000	0.0007	0.0000	0.0000	0.0000	0.0001	0.0000	0.0007	0.8203	0.5022	1.3077	1.2887	1.5420	0.0168	0.6767	0.0056	1.4490	inf	1.6991	0.0000	0.1322	3.9981	3.9161	16.5900	29.2065	0.0000	0.0000	0.0000	0.0000	0.0000	0.0000	0.0000	0.0000	0.0000	0.7726	0.2862	0.4864	0.2847	0.2841	0.0006	0.4879	0.0022	0.4857	0.0990	0.0838	0.0152	0.0046	0.0042	0.0003	0.0944	0.0795	0.0149	0.9419	0.5700	0.3719	0.2209	0.1842	0.0367	0.7210	0.3857	0.3352	0.0001	0.0000	0.0005	0.0000	0.0000	0.0000	0.0002	0.0000	0.0005	0.8203	0.5022	1.3077	1.2887	1.5420	0.0168	0.6767	0.0056	1.4490
18	93	0.6630	9	2	2	0	0	0	0	0	0	Y	Y	N	N	N	N	N	N	N	N	N	N	0.1491	0.1137	4.1046	0.2322	0.1936	0.0000	0.3649	0.0000	inf	0.0044	0.0049	0.0011	0.0105	0.0113	0.0000	0.0002	0.0000	0.0014	0.0298	0.0434	0.0003	0.0453	0.0584	0.0006	0.0006	0.0012	0.0000	0.0313	0.0028	-0.0001	-0.0033	3.9981	2.5103	16.5900	7.4742	0.0003	0.0003	0.0000	0.0003	0.0003	0.0000	0.0000	0.0000	0.0000	0.0073	0.0072	0.0000	0.0072	0.0072	0.0000	0.0001	0.0001	0.0000	0.0741	0.0648	0.0093	0.0304	0.0282	0.0021	0.0438	0.0366	0.0072	0.2434	0.1668	0.0766	0.1590	0.1229	0.0360	0.0844	0.0438	0.0406	0.1491	0.1137	4.1046	0.2322	0.1936	0.0000	0.3649	0.0000	inf	0.0298	0.0434	0.0003	0.0453	0.0584	0.0006	0.0006	0.0012	0.0000
18	94	0.6267	8	1	2	0	0	0	0	0	0	N	Y	N	N	N	N	N	N	N	N	N	N	0.0608	0.0578	0.0000	0.5549	2.6903	0.0000	0.0000	0.0000	0.0000	0.0014	0.0016	0.0000	0.0037	0.0039	0.0000	0.0000	0.0000	0.0000	0.0231	0.0275	0.0128	0.0067	0.0015	0.0252	0.0573	0.1079	0.0007	0.0000	0.2015	-0.0001	-0.0021	3.9981	7.1305	16.5900	3.2426	0.0003	0.0003	0.0000	0.0003	0.0003	0.0000	0.0000	0.0000	0.0000	0.0073	0.0060	0.0012	0.0014	0.0002	0.0012	0.0058	0.0058	0.0000	0.2349	0.2073	0.0275	0.0886	0.0837	0.0049	0.1463	0.1236	0.0227	0.3151	0.2201	0.0950	0.2133	0.1663	0.0470	0.1018	0.0538	0.0480	0.0608	0.0578	0.0000	0.5549	2.6903	0.0000	0.0000	0.0000	0.0000	0.0231	0.0275	0.0128	0.0067	0.0015	0.0252	0.0573	0.1079	0.0007
18	96	0.1224	3	1	1	0	0	0	0	0	0	N	N	N	N	N	N	N	N	N	N	N	N	0.0000	0.0000	0.0000	0.0000	0.0000	0.0000	0.0000	0.0000	0.0000	0.0000	0.0000	0.0000	0.0000	0.0000	0.0000	1.4495	2.3925	0.0000	1.3829	1.6582	0.0000	1.4702	2.7492	0.0000	0.0000	0.0000	-0.5927	3.9981	11.9964	16.5900	18.8414	0.0000	0.0000	0.0000	0.0000	0.0000	0.0000	0.0000	0.0000	0.0000	1.2930	1.2930	0.0000	0.2930	0.2930	0.0000	1.0000	1.0000	0.0000	0.2918	0.2475	0.0443	0.0132	0.0122	0.0010	0.2786	0.2353	0.0433	0.8921	0.5405	0.3516	0.2119	0.1767	0.0352	0.6802	0.3637	0.3164	0.0000	0.0000	0.0000	0.0000	0.0000	0.0000	0.0000	0.0000	0.0000	1.4495	2.3925	0.0000	1.3829	1.6582	0.0000	1.4702	2.7492	0.0000				
18	98	0.0790	3	2	2	1	0	0	0	0	0	Y	Y	N	N	N	N	N	N	N	N	N	N	0.0000	0.0000	0.0000	0.0000	0.0000	0.0000	0.0000	0.0000	0.0000	0.0000	0.0000	0.0000	0.0000	0.0000	0.0000	0.0000	0.0000	4.3797	0.0127	16.6576	0.0480	0.0502	0.0122	4.8249	0.0000	12.8924	547.5578	0.0000	1.2052	3.9981	0.9502	16.5900	16.1595	0.0000	0.0000	0.0000	0.0000	0.0000	0.0000	0.0000	0.0000	0.0000	2.2327	0.0041	2.2286	0.0041	0.0041	0.0001	2.2286	0.0000	2.2286	0.0316	0.0271	0.0046	0.0040	0.0039	0.0002	0.0276	0.0232	0.0044	0.5479	0.3207	0.2273	0.0860	0.0811	0.0049	0.4619	0.2396	0.2223	0.0000	0.0000	0.0000	0.0000	0.0000	0.0000	0.0000	0.0000	0.0000	4.0748	0.0127	9.8061	0.0480	0.0502	0.0122	4.8249	0.0000	10.0240		
18	99	0.1224	3	1	2	0	0	0	0	0	0	N	Y	N	N	N	N	N	N	N	N	N	N	0.0000	0.0000	0.0000	0.0000	0.0000	0.0000	0.0000	0.0000	0.0000	0.0000	0.0000	0.0000	0.0000	0.0000	0.0000	0.3670	0.0000	0.9341	0.0887	0.0000	0.5349	0.4561	0.0000	0.9795	inf	0.0000	0.1632	3.9981	11.9964	16.5900	15.6499	0.0000	0.0000	0.0000	0.0000	0.0000	0.0000	0.0000	0.0000	0.0000	0.3013	0.0000	0.3013	0.0176	0.0000	0.0176	0.2836	0.0000	0.2836	0.2918	0.2475	0.0443	0.0132	0.0122	0.0010	0.2786	0.2353	0.0433	0.8208	0.4983	0.3225	0.1990	0.1660	0.0330	0.6219	0.3323	0.2896	0.0000	0.0000	0.0000	0.0000	0.0000	0.0000	0.0000	0.0000	0.0000	0.3670	0.0000	0.9341	0.0887	0.0000	0.5349	0.4561	0.0000	0.9795				
18	100	0.0820	4	2	1	1	0	0	0	0	0	Y	N	N	N	N	N	N	N	N	N	N	N	0.0000	0.0000	0.0000	0.0000	0.0000	0.0000	0.0000	0.0000	0.0000	0.0000	0.0000	0.0000	0.0000	0.0000	0.0000	0.0000	4.8829	0.0769	18.4019	0.3097	0.3321	0.0000	5.0158	0.0000	14.6538	96.1504	0.0000	1.0683	3.9981	1.0008	16.5900	13.9255	0.0000	0.0000	0.0000	0.0000	0.0000	0.0000	0.0000	0.0000	0.0000	2.0105	0.0207	1.9898	0.0207	0.0207	0.0000	1.9898	0.0000	1.9898	0.0285	0.0241	0.0044	0.0019	0.0017	0.0002	0.0266	0.0224	0.0042	0.4635	0.2692	0.1943	0.0668	0.0623	0.0045	0.3967	0.2069	0.1898	0.0000	0.0000	0.0000	0.0000	0.0000	0.0000	0.0000	0.0000	0.0000	4.3374	0.0769	10.2393	0.3097	0.3321	0.0000	5.0158	0.0000	10.4825			
18	101	0.0790	3	2	1	1	0	0	0	0	0	Y	N	N	N	N	N	N	N	N	N	N	N	0.0000	0.0000	0.0000	0.0000	0.0000	0.0000	0.0000	0.0000	0.0000	0.0000	0.0000	0.0000	0.0000	0.0000	0.0000	0.0000	0.0000	0.0000	0.5994	0.7520	0.3413	1.4382	1.4603	0.0005	0.1891	0.0007	0.3460	0.2683	0.0000	-0.0211	3.9981	0.0532	16.5900	2.0467	0.0000	0.0000	0.0000	0.0000	0.0000	0.0000	0.0000	0.0000	0.0000	0.0855	0.0674	0.0181	0.0674	0.0674	0.0000	0.0181	0.0000	0.0181	0.0062	0.0056	0.0006	0.0024	0.0024	0.0000	0.0038	0.0032	0.0006	0.1426	0.0896	0.0530	0.0468	0.0461	0.0007	0.0958	0.0435	0.0523	0.0000	0.0000	0.0000	0.0000	0.0000	0.0000	0.0000	0.0000	0.0000	0.5994	0.7520	0.3413	1.4382	1.4603	0.0005	0.1891	0.0007	0.3460	
18	102	0.0693	2	2	1	1	0	0	0	0	0	Y	N	N	N	N	N	N	N	N	N	N	N	0.0223	0.0000	0.1159	0.0000	0.0000	0.0000	0.0382	0.0000	0.1190	0.0122	0.0000	0.0818	0.0000	0.0000	0.0000	0.0135	0.0000	0.0847	0.5471	0.4481	0.7058	1.1993	1.2159	0.0076	0.3524	0.0006	0.7116	inf	0.9830	0.0004	0.0048	3.9981	2.0948	16.5900	3.0326	0.0008	0.0000	0.0008	0.0000	0.0000	0.0000	0.0008	0.0000	0.0008	0.1295	0.0653	0.0642	0.0652	0.0652	0.0000	0.0642	0.0001	0.0642	0.0638	0.0543	0.0095	0.0060	0.0057	0.0003	0.0578	0.0486	0.0092	0.2367	0.1457	0.0909	0.0544	0.0537	0.0007	0.1823	0.0921	0.0902	0.0223	0.0000	0.1159	0.0000	0.0000	0.0000	0.0382	0.0000	0.1190	0.5471	0.4481	0.7058	1.1993	1.2159	0.0076	0.3524	0.0006	0.7116
18	104	0.1547	4	1	2	0	0	0	0	0	0	N	Y	N	N	N	N	N	N	N	N	N	N	1189.3096	4118.0550	0.0000	1416.2465	6132.9711	0.0000	0.0000	0.0000	3.4639	4.0487	0.0000	15.4828	16.9813	0.0000	0.0000	0.0000	0.0000	0.0029	0.0010	0.0060	0.0109	0.0028	0.0572	0.0001	0.0000	0.0003	0.0000	3.7980	-0.4401	0.0011	3.9981	8.9557	16.5900	32.3127	0.9977	0.9977	0.0000	0.9977	0.9977	0.0000	0.0000	0.0000	0.0000	0.0033	0.0007	0.0026	0.0032	0.0007	0.0025	0.0001	0.0000	0.0001	0.2880	0.2464	0.0416	0.0644	0.0588	0.0057	0.2236	0.1877	0.0359	1.1283	0.6966	0.4316	0.2910	0.2474	0.0436	0.8373	0.4493	0.3880	1189.3096	4118.0550	0.0000	1416.2465	6132.9711	0.0000	0.0000	0.0000	0.0000	0.0029	0.0010	0.0060	0.0109	0.0028	0.0572	0.0001	0.0000	0.0003	
18	105	0.1802	5	1	1	1	0	0	0	0	0	N	N	N	N	N	N	N	N	N	N	N	N	0.0000	0.0000	0.0000	0.0000	0.0000	0.0000	0.0000	0.0000	0.0000	0.0000	0.0000	0.0000	0.0000	0.0000	0.0000	0.0000	0.0000	0.0002	0.0002	0.0003	0.0007	0.0004	0.0024	0.0000	0.0000	0.0000	0.9845	0.0000	0.0000	3.9981	4.2679	16.5900	7.8415	0.0000	0.0000	0.0000	0.0000	0.0000	0.0000	0.0000	0.0000	0.0000	0.0001	0.0000	0.0000	0.0001	0.0000	0.0000	0.0000	0.0000	0.0000	0.1310	0.1102	0.0208	0.0181	0.0172	0.0009	0.1129	0.0930	0.0199	0.3756	0.2337	0.1419	0.1074	0.0910	0.0164	0.2681	0.1427	0.1255	0.0000	0.0000	0.0000	0.0000	0.0000	0.0000	0.0000	0.0000	0.0000	0.0002	0.0002	0.0003	0.0007	0.0004	0.0024	0.0000	0.0000	0.0000		
18	106	0.1547	4	1	1	0	0	0	0	0	0	N	N	N	N	N	N	N	N	N	N	N	N	0.4257	1.4931	0.0000	0.0256	0.1115	0.0000	11.5324	123026.1191	0.0000	0.0033	0.0038	0.0000	0.0006	0.0006	0.0000	0.0059	0.0071	0.0000	0.0077	0.0025	0.0172	0.0225	0.0057	0.1447	0.0005	0.0000	0.0011	0.0000	3.7284	-0.0002	0.0011	3.9981	1.9301	16.5900	9.0954	0.0003	0.0003	0.0000	0.0000	0.0000	0.0000	0.0003	0.0003	0.0000	0.0034	0.0007	0.0026	0.0032	0.0007	0.0025	0.0001	0.0000	0.0001	0.1061	0.0923	0.0138	0.0519	0.0473	0.0047	0.0541	0.0450	0.0091	0.4335	0.2798	0.1537	0.1422	0.1249	0.0172	0.2914	0.1549	0.1365	0.4257	1.4931	0.0000	0.0256	0.1115	0.0000	11.5324	123026.1191	0.0000	0.0077	0.0025	0.0172	0.0225	0.0057	0.1447	0.0005	0.0000	0.0011
18	107	0.1224	3	1	1	0	0	0	0	0	0	N	N	N	N	N	N	N	N	N	N	N	N	0.0000	0.0000	0.0000	0.0000	0.0000	0.0000	0.0000	0.0000	0.0000	0.0000	0.0000	0.0000	0.0000	0.0000	0.0000	0.0000	0.0000	0.0000	0.0441	0.0086	0.1016	0.1462	0.0215	0.7799	0.0037	0.0006	0.0072	7.2981	0.0000	0.0089	3.9981	3.9049	16.5900	9.6098	0.0000	0.0000	0.0000	0.0000	0.0000	0.0000	0.0000	0.0000	0.0000	0.0212	0.0026	0.0186	0.0199	0.0024	0.0175	0.0013	0.0001	0.0012	0.0987	0.0835	0.0152	0.0046	0.0042	0.0003	0.0942	0.0793	0.0149	0.4805	0.2970	0.1835	0.1364	0.1140	0.0224	0.3441	0.1830	0.1611	0.0000	0.0000	0.0000	0.0000	0.0000	0.0000	0.0000	0.0000	0.0000	0.0441	0.0086	0.1016	0.1462	0.0215	0.7799	0.0037	0.0006	0.0072	
18	108	0.1436	5	1	2	0	0	0	0	0	0	N	Y	N	N	N	N	N	N	N	N	N	N	0.0000	0.0000	0.0000	0.0000	0.0000	0.0000	0.0000	0.0000	0.0000	0.0000	0.0000	0.0000	0.0000	0.0000	0.0000	0.0000	0.0000	1.1016	1.7879	0.0002	3.7160	4.5956	0.0012	0.0000	0.0000	0.0000	0.0001	0.0000	-0.4637	3.9981	8.0392	16.5900	22.6195	0.0000	0.0000	0.0000	0.0000	0.0000	0.0000	0.0000	0.0000	0.0000	1.0118	1.0117	0.0001	1.0118	1.0117	0.0001	0.0000	0.0000	0.0000	0.2176	0.1849	0.0327	0.0230	0.0214	0.0016	0.1946	0.1635	0.0311	0.9185	0.5659	0.3526	0.2723	0.2201	0.0521	0.6462	0.3457	0.3005	0.0000	0.0000	0.0000	0.0000	0.0000	0.0000	0.0000	0.0000	0.0000	1.1016	1.7879	0.0002	3.7160	4.5956	0.0012	0.0000	0.0000	0.0000		
18	109	0.1436	4	1	1	0	0	0	0	0	0	N	N	N	N	N	N	N	N	N	N	N	N	0.0000	0.0000	0.0000	0.0000	0.0000	0.0000	0.0000	0.0000	0.0000	0.0000	0.0000	0.0000	0.0000	0.0000	0.0000	0.0000	0.0000	0.0000	0.1283	0.0862	0.2535	0.2328	0.1555	0.9267	0.0396	0.0006	0.1031	0.9913	0.0000	0.0011	3.9981	0.2031	16.5900	2.0398	0.0000	0.0000	0.0000	0.0000	0.0000	0.0000	0.0000	0.0000	0.0000	0.0284	0.0143	0.0141	0.0237	0.0142	0.0094	0.0047	0.0000	0.0047	0.0137	0.0114	0.0023	0.0046	0.0046	0.0000	0.0091	0.0069	0.0022	0.2213	0.1655	0.0558	0.1016	0.0914	0.0102	0.1197	0.0741	0.0456	0.0000	0.0000	0.0000	0.0000	0.0000	0.0000	0.0000	0.0000	0.0000	0.1283	0.0862	0.2535	0.2328	0.1555	0.9267	0.0396	0.0006	0.1031	
18	110	0.7241	10	2	1	1	0	0	0	0	0	Y	N	N	N	N	N	N	N	N	N	N	N	0.0000	0.0000	0.0000	0.0000	0.0000	0.0000	0.0000	0.0000	0.0000	0.0000	0.0000	0.0000	0.0000	0.0000	0.0000	0.0000	0.0000	0.0000	0.0000	0.0000	3.9981	0.0001	16.5900	0.0001	0.0000	0.0000	0.0000	0.0000	0.0000	0.0000	0.0000	0.0000	0.0000	0.0000	0.0000	0.0000	0.0000	0.0000	0.0000	0.0000	0.0000	0.0000	0.0028	0.0022	0.0006	0.0014	0.0014	0.0000	0.0014	0.0008	0.0006	0.0001	0.0001	0.0000	0.0001	0.0001	0.0000	0.0001	0.0000	0.0000	0.0000	0.0000	0.0000	0.0000	0.0000	0.0000	0.0000	0.0000	0.0000	0.0000	0.0000	0.0000	0.0000	0.0000	0.0000	0.0000	0.0000	0.0000											
18	111	0.7102	9	2	1	1	0	0	0	0	0	Y	N	N	N	N	N	N	N	N	N	N	N	0.0000	0.0000	0.0000	0.0000	0.0000	0.0000	0.0000	0.0000	0.0000	0.0000	0.0000	0.0000	0.0000	0.0000	0.0000	0.0000	0.0000	0.0000	0.0043	0.0007	0.0127	0.0052	0.0008	0.0193	0.0014	0.0004	0.0025	7.9216	0.0000	0.0003	3.9981	1.6718	16.5900	2.9223	0.0000	0.0000	0.0000	0.0000	0.0000	0.0000	0.0000	0.0000	0.0000	0.0007	0.0001	0.0006	0.0006	0.0001	0.0006	0.0001	0.0000	0.0000	0.0494	0.0431	0.0063	0.0153	0.0144	0.0009	0.0341	0.0287	0.0055	0.1605	0.1125	0.0480	0.1199	0.0909	0.0290	0.0407	0.0216	0.0191	0.0000	0.0000	0.0000	0.0000	0.0000	0.0000	0.0000	0.0000	0.0000	0.0043	0.0007	0.0127	0.0052	0.0008	0.0193	0.0014	0.0004	0.0025	
18	112	0.6267	8	2	1	1	0	0	0	0	0	Y	N	N	N	N	N	N	N	N	N	N	N	0.0000	0.0000	0.0000	0.0000	0.0000	0.0000	0.0000	0.0000	0.0000	0.0000	0.0000	0.0000	0.0000	0.0000	0.0000	0.0000	0.0000	0.0000	0.0002	0.0002	0.0003	0.0002	0.0001	0.0005	0.0002	0.0002	0.0001	0.8034	0.0000	-0.0000	3.9981	14.0283	16.5900	7.1084	0.0000	0.0000	0.0000	0.0000	0.0000	0.0000	0.0000	0.0000	0.0000	0.0001	0.0001	0.0000	0.0001	0.0000	0.0000	0.0000	0.0000	0.0000	0.3803	0.3340	0.0463	0.1299	0.1218	0.0081	0.2504	0.2121	0.0383	0.5234	0.3629	0.1604	0.3440	0.2672	0.0768	0.1794	0.0957	0.0837	0.0000	0.0000	0.0000	0.0000	0.0000	0.0000	0.0000	0.0000	0.0000	0.0002	0.0002	0.0003	0.0002	0.0001	0.0005	0.0002	0.0002	0.0001	
18	113	0.5664	7	1	1	0	0	0	0	0	0	N	N	N	N	N	N	N	N	N	N	N	N	0.0009	0.0007	0.0000	0.0019	0.0016	0.0000	0.0000	0.0000	0.0000	0.0001	0.0001	0.0000	0.0002	0.0002	0.0000	0.0000	0.0000	0.0000	0.0698	0.0980	0.0021	0.0979	0.1209	0.0021	0.0229	0.0409	0.0021	0.0000	0.0091	-0.0000	-0.0168	3.9981	8.6129	16.5900	5.1709	0.0000	0.0000	0.0000	0.0000	0.0000	0.0000	0.0000	0.0000	0.0000	0.0374	0.0371	0.0003	0.0328	0.0326	0.0001	0.0046	0.0044	0.0002	0.3065	0.2716	0.0350	0.1061	0.1008	0.0053	0.2004	0.1708	0.0296	0.5361	0.3781	0.1580	0.3346	0.2698	0.0648	0.2014	0.1082	0.0932	0.0009	0.0007	0.0000	0.0019	0.0016	0.0000	0.0000	0.0000	0.0000	0.0698	0.0980	0.0021	0.0979	0.1209	0.0021	0.0229	0.0409	0.0021
18	114	0.4713	6	1	1	0	0	0	0	0	0	N	N	N	N	N	N	N	N	N	N	N	N	0.7099	0.5685	0.0346	0.0017	0.0015	0.0022	0.9306	0.5975	0.0273	1.4646	1.6878	0.0028	0.0034	0.0037	0.0000	2.0018	2.3576	0.0034	2.0631	2.9690	0.0814	1.9978	2.4884	0.0073	2.1509	3.9456	0.1234	0.0003	0.0125	-0.2941	-1.0257	3.9981	16.8607	16.5900	22.7724	0.6672	0.6670	0.0002	0.0004	0.0004	0.0000	0.6667	0.6666	0.0002	2.2999	2.2715	0.0285	1.2768	1.2758	0.0009	1.0232	0.9956	0.0276	0.4555	0.3952	0.0603	0.1224	0.1124	0.0100	0.3331	0.2827	0.0503	1.1148	0.7651	0.3497	0.6391	0.5127	0.1264	0.4757	0.2523	0.2234	0.7099	0.5685	0.0346	0.0017	0.0015	0.0022	0.9306	0.5975	0.0273	2.0631	2.9690	0.0814	1.9978	2.4884	0.0073	2.1509	3.9456	0.1234
18	115	0.0988	3	2	1	1	0	0	0	0	0	Y	N	N	N	N	N	N	N	N	N	N	N	0.0000	0.0000	0.0000	0.0000	0.0000	0.0000	0.0000	0.0000	0.0000	0.0000	0.0000	0.0000	0.0000	0.0000	0.0000	0.0000	0.0000	0.0004	0.0000	0.0010	0.0002	0.0000	0.0033	0.0004	0.0000	0.0009	123.1375	0.0000	0.0000	3.9981	1.0009	16.5900	4.0038	0.0000	0.0000	0.0000	0.0000	0.0000	0.0000	0.0000	0.0000	0.0000	0.0001	0.0000	0.0001	0.0000	0.0000	0.0000	0.0001	0.0000	0.0001	0.0294	0.0249	0.0045	0.0017	0.0017	0.0001	0.0277	0.0233	0.0044	0.2533	0.1665	0.0868	0.0747	0.0702	0.0045	0.1786	0.0963	0.0823	0.0000	0.0000	0.0000	0.0000	0.0000	0.0000	0.0000	0.0000	0.0000	0.0004	0.0000	0.0010	0.0002	0.0000	0.0033	0.0004	0.0000	0.0009		
18	116	0.0705	2	2	1	1	0	0	0	0	0	Y	N	N	N	N	N	N	N	N	N	N	N	0.0146	0.6445	0.0002	1.0385	1.1253	0.0000	0.0001	0.0000	0.0002	0.0263	0.0305	0.0009	0.1613	0.1629	0.0000	0.0002	0.0000	0.0010	1.7994	0.0474	4.5822	0.1553	0.1447	0.2537	2.2658	0.0004	4.8364	0.0051	60.9005	-0.0009	0.4671	3.9981	1.8441	16.5900	10.4794	0.0020	0.0019	0.0000	0.0019	0.0019	0.0000	0.0000	0.0000	0.0000	0.8889	0.0144	0.8745	0.0170	0.0143	0.0027	0.8719	0.0001	0.8718	0.0744	0.0637	0.0106	0.0121	0.0119	0.0001	0.0623	0.0518	0.0105	0.4940	0.3031	0.1909	0.1092	0.0986	0.0106	0.3848	0.2045	0.1803	0.0146	0.6445	0.0002	1.0385	1.1253	0.0000	0.0001	0.0000	0.0002	1.7994	0.0474	4.5822	0.1553	0.1447	0.2537	2.2658	0.0004	4.8364
18	117	0.3586	4	1	2	0	1	0	0	0	0	N	Y	N	N	N	N	N	N	N	N	N	N	0.0574	0.0502	0.0929	0.1058	0.0960	0.0000	0.0276	0.1126	0.0811	0.0061	0.0059	0.0073	0.0161	0.0173	0.0000	0.0014	0.0000	0.0089	0.1056	0.1170	0.0789	0.1523	0.1806	0.0039	0.0508	0.0004	0.1094	0.1817	0.2876	-0.0006	-0.0314	3.9981	10.5071	16.5900	20.2622	0.0021	0.0018	0.0003	0.0018	0.0018	0.0000	0.0003	0.0000	0.0003	0.1334	0.1036	0.0298	0.1039	0.1035	0.0004	0.0295	0.0001	0.0294	0.3542	0.3091	0.0450	0.1121	0.1043	0.0078	0.2421	0.2049	0.0372	1.2631	0.8855	0.3777	0.6823	0.5731	0.1092	0.5808	0.3123	0.2685	0.0574	0.0502	0.0929	0.1058	0.0960	0.0000	0.0276	0.1126	0.0811	0.1056	0.1170	0.0789	0.1523	0.1806	0.0039	0.0508	0.0004	0.1094
18	118	0.1224	3	1	2	0	1	0	0	0	0	N	Y	N	N	N	N	N	N	N	N	N	N	0.0000	0.0000	0.0000	0.0000	0.0000	0.0000	0.0000	0.0000	0.0000	0.0000	0.0000	0.0000	0.0000	0.0000	0.0000	0.0000	0.0000	1.4444	0.5155	2.8729	1.3093	1.5699	0.0000	1.4866	0.0016	3.1931	3.6233	0.0000	0.4151	3.9981	4.0036	16.5900	26.5072	0.0000	0.0000	0.0000	0.0000	0.0000	0.0000	0.0000	0.0000	0.0000	1.2760	0.2760	1.0000	0.2754	0.2754	0.0000	1.0006	0.0006	1.0000	0.1010	0.0854	0.0155	0.0047	0.0043	0.0003	0.0963	0.0811	0.0152	0.8834	0.5353	0.3481	0.2103	0.1754	0.0349	0.6731	0.3599	0.3132	0.0000	0.0000	0.0000	0.0000	0.0000	0.0000	0.0000	0.0000	0.0000	1.4444	0.5155	2.8729	1.3093	1.5699	0.0000	1.4866	0.0016	3.1931		
18	119	0.1608	4	1	2	0	0	0	0	0	0	N	Y	N	N	N	N	N	N	N	N	N	N	9.8464	0.0000	5649.2968	2.3660	0.0000	61319.4872	1638.3191	4499.6397	3.5723	0.0000	25.4716	3.2995	0.0000	68.5122	3.6540	0.0000	21.7720	0.3628	0.5776	0.0045	1.3945	1.5996	0.0011	0.0022	0.0000	0.0048	inf	0.0047	0.2929	-0.1334	3.9981	3.8169	16.5900	21.2433	0.5241	0.0000	0.5241	0.1116	0.0000	0.1116	0.4125	0.0000	0.4125	0.2940	0.2927	0.0014	0.2927	0.2927	0.0000	0.0013	0.0000	0.0013	0.1467	0.1261	0.0206	0.0338	0.0322	0.0016	0.1129	0.0939	0.0189	0.8105	0.5067	0.3038	0.2099	0.1830	0.0269	0.6006	0.3237	0.2768	9.8464	0.0000	5649.2968	2.3660	0.0000	61319.4872	1638.3191	0.0000	4499.6397	0.3628	0.5776	0.0045	1.3945	1.5996	0.0011	0.0022	0.0000	0.0048	
18	120	0.5065	8	1	2	0	0	0	0	0	0	N	Y	N	N	N	N	N	N	N	N	N	N	0.0007	0.0006	0.0000	0.0014	0.0012	0.0000	0.0000	0.0000	0.0000	0.0004	0.0005	0.0000	0.0015	0.0016	0.0000	0.0000	0.0000	0.0000	0.6466	0.8651	0.1325	1.0749	1.2904	0.1121	0.0653	0.0000	0.1436	0.0000	0.0651	-0.0001	-0.4094	3.9981	16.3276	16.5900	34.9199	0.0002	0.0002	0.0000	0.0002	0.0002	0.0000	0.0000	0.0000	0.0000	1.0306	0.9676	0.0630	0.9864	0.9676	0.0188	0.0442	0.0000	0.0442	0.4905	0.4291	0.0613	0.1472	0.1391	0.0081	0.3433	0.2900	0.0532	1.5940	1.1185	0.4754	0.9177	0.7498	0.1679	0.6762	0.3687	0.3075	0.0007	0.0006	0.0000	0.0014	0.0012	0.0000	0.0000	0.0000	0.0000	0.6466	0.8651	0.1325	1.0749	1.2904	0.1121	0.0653	0.0000	0.1436
18	121	0.4892	7	1	2	0	0	0	0	0	0	N	Y	N	N	N	N	N	N	N	N	N	N	0.0027	0.0014	0.0094	0.0011	0.0010	0.0000	0.0036	0.0314	0.0071	0.0012	0.0005	0.0055	0.0005	0.0006	0.0000	0.0014	0.0005	0.0062	0.4421	0.3864	0.5886	0.4742	0.5564	0.0414	0.3957	0.0163	0.8735	1.5562	0.5789	0.0000	-0.0418	3.9981	6.1757	16.5900	14.5601	0.0002	0.0001	0.0001	0.0000	0.0000	0.0000	0.0002	0.0001	0.0001	0.4563	0.2890	0.1673	0.2892	0.2851	0.0040	0.1671	0.0038	0.1633	0.1957	0.1703	0.0254	0.0556	0.0527	0.0029	0.1401	0.1176	0.0226	1.0321	0.7479	0.2842	0.6098	0.5125	0.0973	0.4223	0.2354	0.1869	0.0027	0.0014	0.0094	0.0011	0.0010	0.0000	0.0036	0.0314	0.0071	0.4421	0.3864	0.5886	0.4742	0.5564	0.0414	0.3957	0.0163	0.8735
18	122	0.4362	6	1	1	0	0	0	0	0	0	N	N	N	N	N	N	N	N	N	N	N	N	0.0011	0.0067	0.0001	0.0136	0.0128	0.0000	0.0000	0.0000	0.0001	0.0009	0.0010	0.0003	0.0027	0.0029	0.0000	0.0001	0.0000	0.0004	0.8330	0.1484	2.5383	0.2007	0.2283	0.0501	1.5970	0.0012	3.5823	0.0455	6.8681	-0.0001	0.3998	3.9981	7.5400	16.5900	21.4192	0.0002	0.0002	0.0000	0.0002	0.0002	0.0000	0.0000	0.0000	0.0000	0.9644	0.1226	0.8419	0.1271	0.1222	0.0049	0.8373	0.0003	0.8369	0.2528	0.2205	0.0323	0.0803	0.0754	0.0049	0.1725	0.1452	0.0274	1.1578	0.8261	0.3317	0.6335	0.5355	0.0980	0.5243	0.2907	0.2336	0.0011	0.0067	0.0001	0.0136	0.0128	0.0000	0.0000	0.0000	0.0001	0.8330	0.1484	2.5383	0.2007	0.2283	0.0501	1.5970	0.0012	3.5823
18	126	0.1595	5	1	2	0	0	0	0	0	0	N	Y	N	N	N	N	N	N	N	N	N	N	0.0006	0.0057	0.0000	0.0285	0.0249	0.0000	0.0000	0.0000	0.0000	0.0001	0.0001	0.0000	0.0007	0.0007	0.0000	0.0000	0.0000	0.0000	0.1207	0.0146	0.2945	0.0229	0.0278	0.0007	0.1664	0.0051	0.3475	0.0000	12.2735	-0.0000	0.0401	3.9981	5.0407	16.5900	17.1705	0.0000	0.0000	0.0000	0.0000	0.0000	0.0000	0.0000	0.0000	0.0000	0.0861	0.0065	0.0796	0.0052	0.0052	0.0000	0.0809	0.0013	0.0796	0.1428	0.1207	0.0221	0.0153	0.0144	0.0009	0.1275	0.1063	0.0212	0.7131	0.4428	0.2703	0.2269	0.1855	0.0413	0.4862	0.2572	0.2290	0.0006	0.0057	0.0000	0.0285	0.0249	0.0000	0.0000	0.0000	0.0000	0.1207	0.0146	0.2945	0.0229	0.0278	0.0007	0.1664	0.0051	0.3475
18	127	0.1436	4	1	2	0	0	0	0	0	0	N	Y	N	N	N	N	N	N	N	N	N	N	0.0001	0.0000	0.0001	0.0000	0.0000	0.0000	0.0000	0.0000	0.0001	0.0002	0.0000	0.0011	0.0000	0.0000	0.0000	0.0002	0.0000	0.0011	2.4505	0.0414	9.5591	0.0900	0.0838	0.1275	3.8452	0.0034	9.8570	inf	86.8497	0.0000	0.4954	3.9981	1.9703	16.5900	6.2034	0.0000	0.0000	0.0000	0.0000	0.0000	0.0000	0.0000	0.0000	0.0000	0.9343	0.0106	0.9236	0.0127	0.0102	0.0026	0.9215	0.0005	0.9211	0.0610	0.0516	0.0094	0.0089	0.0085	0.0004	0.0521	0.0431	0.0090	0.3813	0.2571	0.1242	0.1416	0.1215	0.0202	0.2397	0.1356	0.1040	0.0001	0.0000	0.0001	0.0000	0.0000	0.0000	0.0000	0.0000	0.0001	2.4505	0.0414	7.4374	0.0900	0.0838	0.1275	3.8452	0.0034	8.8534
18	128	0.1224	3	1	1	0	0	0	0	0	0	N	N	N	N	N	N	N	N	N	N	N	N	0.0000	0.0000	0.0000	0.0000	0.0000	0.0000	0.0000	0.0000	0.0000	0.0000	0.0000	0.0000	0.0000	0.0000	0.0000	0.0000	0.0000	0.0000	0.7558	1.1875	0.0298	2.3528	2.8072	0.0309	0.0164	0.0047	0.0296	0.0149	0.0000	-0.1209	3.9981	1.1032	16.5900	7.8190	0.0000	0.0000	0.0000	0.0000	0.0000	0.0000	0.0000	0.0000	0.0000	0.2725	0.2685	0.0040	0.2684	0.2679	0.0006	0.0040	0.0006	0.0034	0.0285	0.0240	0.0044	0.0014	0.0013	0.0001	0.0271	0.0227	0.0043	0.3605	0.2261	0.1344	0.1141	0.0954	0.0187	0.2464	0.1307	0.1158	0.0000	0.0000	0.0000	0.0000	0.0000	0.0000	0.0000	0.0000	0.0000	0.7558	1.1875	0.0298	2.3528	2.8072	0.0309	0.0164	0.0047	0.0296	
18	129	0.4655	7	1	2	0	0	0	0	0	0	N	Y	N	N	N	N	N	N	N	N	N	N	0.0000	0.0000	0.0000	0.0000	0.0000	0.0000	0.0000	0.0000	0.0000	0.0000	0.0000	0.0000	0.0000	0.0790	0.1015	0.0000	0.1408	0.1521	0.0000	0.0000	0.0000	0.0000	0.0000	0.0000	-0.0135	3.9981	1.0033	16.5900	0.8635	0.0000	0.0000	0.0000	0.0000	0.0000	0.0000	0.0000	0.0000	0.0000	0.0293	0.0293	0.0000	0.0293	0.0293	0.0000	0.0000	0.0000	0.0000	0.0875	0.0794	0.0080	0.0488	0.0463	0.0025	0.0387	0.0331	0.0056	0.3714	0.2892	0.0821	0.2084	0.1929	0.0155	0.1630	0.0963	0.0667	0.0000	0.0000	0.0000	0.0000	0.0000	0.0000	0.0000	0.0000	0.0000	0.0790	0.1015	0.0000	0.1408	0.1521	0.0000	0.0000	0.0000	0.0000						
18	130	0.4362	6	1	1	0	0	0	0	0	0	N	N	N	N	N	N	N	N	N	N	N	N	0.7316	0.7130	0.0498	0.0048	0.0044	0.0003	3.4862	130.5917	0.0436	1.1658	1.3277	0.0421	0.0117	0.0125	0.0000	1.7748	2.1054	0.0503	1.5935	1.8622	0.8447	2.4406	2.8047	0.0518	0.5091	0.0161	1.1548	0.0046	0.1628	-0.1037	-0.4603	3.9981	5.5514	16.5900	9.9598	0.2376	0.2365	0.0011	0.0008	0.0008	0.0000	0.2367	0.2357	0.0011	1.4458	1.2434	0.2024	1.2433	1.2398	0.0035	0.2026	0.0036	0.1990	0.2038	0.1781	0.0257	0.0704	0.0662	0.0042	0.1334	0.1119	0.0215	0.9074	0.6677	0.2397	0.5094	0.4420	0.0674	0.3980	0.2257	0.1723	0.7316	0.7130	0.0498	0.0048	0.0044	0.0003	3.4862	130.5917	0.0436	1.5935	1.8622	0.8447	2.4406	2.8047	0.0518	0.5091	0.0161	1.1548
18	131	0.4058	5	1	1	0	0	0	0	0	0	N	N	N	N	N	N	N	N	N	N	N	N	0.0011	0.0012	0.0020	0.0008	0.0008	0.0000	0.0010	0.0675	0.0016	0.0008	0.0005	0.0030	0.0005	0.0005	0.0000	0.0010	0.0006	0.0034	0.7514	0.4545	1.4920	0.5948	0.6952	0.0270	0.9396	0.0082	2.0809	0.7860	1.3163	-0.0000	0.0816	3.9981	9.1969	16.5900	13.4651	0.0002	0.0001	0.0001	0.0000	0.0000	0.0000	0.0002	0.0001	0.0001	0.7426	0.3206	0.4220	0.3208	0.3186	0.0022	0.4218	0.0020	0.4198	0.2944	0.2572	0.0372	0.0805	0.0760	0.0045	0.2139	0.1812	0.0327	0.9883	0.7054	0.2828	0.5393	0.4582	0.0811	0.4489	0.2472	0.2017	0.0011	0.0012	0.0020	0.0008	0.0008	0.0000	0.0010	0.0675	0.0016	0.7514	0.4545	1.4920	0.5948	0.6952	0.0270	0.9396	0.0082	2.0809
18	132	0.2193	7	2	2	0	1	0	0	0	0	Y	Y	N	N	N	N	N	N	N	N	N	N	0.0000	0.0000	0.0000	0.0000	0.0000	0.0000	0.0000	0.0000	0.0000	0.0000	0.0000	0.0000	0.0000	0.0000	0.0000	0.0000	0.0000	0.0000	0.0000	0.0000	3.9981	1.0000	16.5900	3.0001	0.0000	0.0000	0.0000	0.0000	0.0000	0.0000	0.0000	0.0000	0.0000	0.0000	0.0000	0.0000	0.0000	0.0000	0.0000	0.0000	0.0000	0.0000	0.0272	0.0230	0.0041	0.0022	0.0020	0.0002	0.0250	0.0210	0.0040	0.1149	0.0689	0.0460	0.0277	0.0235	0.0042	0.0872	0.0454	0.0418	0.0000	0.0000	0.0000	0.0000	0.0000	0.0000	0.0000	0.0000	0.0000	0.0000	0.0000	0.0000	0.0000	0.0000	0.0000	0.0000	0.0000	0.0000											
18	133	0.6182	11	2	2	0	1	0	0	0	0	Y	Y	N	N	N	N	N	N	N	N	N	N	0.0000	0.0000	0.0000	0.0000	0.0000	0.0000	0.0000	0.0000	0.0000	0.0000	0.0000	0.0000	0.0000	0.0000	0.0000	0.0000	0.0000	0.0000	0.0000	0.0000	3.9981	0.0006	16.5900	1.9797	0.0000	0.0000	0.0000	0.0000	0.0000	0.0000	0.0000	0.0000	0.0000	0.0000	0.0000	0.0000	0.0000	0.0000	0.0000	0.0000	0.0000	0.0000	0.0000	0.0000	0.0000	0.0000	0.0000	0.0000	0.0000	0.0000	0.0000	0.0487	0.0333	0.0154	0.0288	0.0230	0.0057	0.0200	0.0103	0.0097	0.0000	0.0000	0.0000	0.0000	0.0000	0.0000	0.0000	0.0000	0.0000	0.0000	0.0000	0.0000	0.0000	0.0000	0.0000	0.0000	0.0000	0.0000											
18	134	0.6015	10	2	2	0	1	0	0	0	0	Y	Y	N	N	N	N	N	N	N	N	N	N	0.0000	0.0000	0.0000	0.0000	0.0000	0.0000	0.0000	0.0000	0.0000	0.0000	0.0000	0.0000	0.0000	0.0000	0.0000	0.0000	0.0006	0.0007	0.0002	0.0009	0.0011	0.0000	0.0001	0.0000	0.0003	0.1111	0.0000	-0.0000	3.9981	2.0077	16.5900	6.0321	0.0000	0.0000	0.0000	0.0000	0.0000	0.0000	0.0000	0.0000	0.0000	0.0001	0.0001	0.0000	0.0001	0.0001	0.0000	0.0000	0.0000	0.0000	0.0529	0.0459	0.0070	0.0158	0.0146	0.0012	0.0371	0.0313	0.0058	0.1792	0.1207	0.0586	0.1046	0.0822	0.0224	0.0746	0.0385	0.0361	0.0000	0.0000	0.0000	0.0000	0.0000	0.0000	0.0000	0.0000	0.0000	0.0006	0.0007	0.0002	0.0009	0.0011	0.0000	0.0001	0.0000	0.0003			
18	135	0.5967	10	1	2	0	1	0	0	0	0	N	Y	N	N	N	N	N	N	N	N	N	N	0.0000	0.0000	0.0000	0.0000	0.0000	0.0000	0.0000	0.0000	0.0000	0.0000	0.0000	0.0000	0.0000	0.0000	0.0000	0.0000	0.1519	0.0003	0.4654	0.0003	0.0004	0.0000	0.3748	0.0000	0.7581	800.1781	0.0000	0.0255	3.9981	3.0348	16.5900	9.3583	0.0000	0.0000	0.0000	0.0000	0.0000	0.0000	0.0000	0.0000	0.0000	0.0471	0.0001	0.0471	0.0001	0.0001	0.0000	0.0471	0.0000	0.0471	0.0813	0.0701	0.0112	0.0229	0.0213	0.0017	0.0584	0.0488	0.0095	0.3103	0.2091	0.1011	0.1847	0.1457	0.0391	0.1255	0.0635	0.0621	0.0000	0.0000	0.0000	0.0000	0.0000	0.0000	0.0000	0.0000	0.0000	0.1519	0.0003	0.4654	0.0003	0.0004	0.0000	0.3748	0.0000	0.7581			
18	136	0.5824	9	1	1	0	1	0	0	0	0	N	N	N	N	N	N	N	N	N	N	N	N	0.0000	0.0000	0.0000	0.0000	0.0000	0.0000	0.0000	0.0000	0.0000	0.0000	0.0000	0.0000	0.0000	0.0000	0.0000	0.0000	0.0000	0.0000	7.7182	0.0018	43.4309	0.0006	0.0006	0.0004	14.4606	0.0044	61.1132	4922.7450	0.0000	0.5158	3.9981	0.0433	16.5900	6.6805	0.0000	0.0000	0.0000	0.0000	0.0000	0.0000	0.0000	0.0000	0.0000	0.9527	0.0002	0.9526	0.0001	0.0000	0.0000	0.9527	0.0001	0.9525	0.0014	0.0012	0.0002	0.0004	0.0004	0.0000	0.0009	0.0008	0.0002	0.1567	0.1050	0.0517	0.0908	0.0708	0.0200	0.0660	0.0342	0.0318	0.0000	0.0000	0.0000	0.0000	0.0000	0.0000	0.0000	0.0000	0.0000	6.0798	0.0018	18.4143	0.0006	0.0006	0.0004	14.4456	0.0044	29.9933	
18	137	0.2489	9	1	2	0	1	0	0	0	0	N	Y	N	N	N	N	N	N	N	N	N	N	0.0000	0.0000	0.0000	0.0000	0.0000	0.0000	0.0000	0.0000	0.0000	0.0000	0.0000	0.0000	0.0000	0.0000	0.0000	0.0000	0.0000	0.0000	0.0000	0.0000	3.9981	0.0000	16.5900	0.0000	0.0000	0.0000	0.0000	0.0000	0.0000	0.0000	0.0000	0.0000	0.0000	0.0000	0.0000	0.0000	0.0000	0.0000	0.0000	0.0000	0.0000	0.0000	0.0000	0.0000	0.0000	0.0000	0.0000	0.0000	0.0000	0.0000	0.0000	0.0000	0.0000	0.0000	0.0000	0.0000	0.0000	0.0000	0.0000	0.0000	0.0000	0.0000	0.0000	0.0000	0.0000	0.0000	0.0000	0.0000	0.0000	0.0000	0.0000	0.0000	0.0000	0.0000	0.0000	0.0000	0.0000	0.0000											
18	138	0.2439	8	1	2	0	1	0	0	0	0	N	Y	N	N	N	N	N	N	N	N	N	N	0.0000	0.0000	0.0000	0.0000	0.0000	0.0000	0.0000	0.0000	0.0000	0.0000	0.0000	0.0000	0.0000	0.0076	0.0000	0.0194	0.0000	0.0000	0.0000	0.0104	0.0000	0.0216	inf	0.0000	0.0002	3.9981	0.0021	16.5900	2.0000	0.0000	0.0000	0.0000	0.0000	0.0000	0.0000	0.0000	0.0000	0.0000	0.0004	0.0000	0.0004	0.0000	0.0000	0.0000	0.0004	0.0000	0.0004	0.0002	0.0001	0.0000	0.0001	0.0001	0.0000	0.0001	0.0000	0.0000	0.0568	0.0346	0.0222	0.0153	0.0130	0.0022	0.0415	0.0216	0.0199	0.0000	0.0000	0.0000	0.0000	0.0000	0.0000	0.0000	0.0000	0.0000	0.0076	0.0000	0.0194	0.0000	0.0000	0.0000	0.0104	0.0000	0.0216						
18	139	0.2337	7	1	1	0	1	0	0	0	0	N	N	N	N	N	N	N	N	N	N	N	N	0.0000	0.0000	0.0000	0.0000	0.0000	0.0000	0.0000	0.0000	0.0000	0.0000	0.0000	0.0000	0.0000	0.0000	0.0000	0.0000	12.3956	0.0000	48.2850	0.0000	0.0000	0.0000	11.7104	0.0000	48.7723	3318539.2061	0.0000	0.5410	3.9981	1.0020	16.5900	3.0181	0.0000	0.0000	0.0000	0.0000	0.0000	0.0000	0.0000	0.0000	0.0000	0.9988	0.0000	0.9988	0.0000	0.0000	0.0000	0.9988	0.0000	0.9988	0.0273	0.0231	0.0041	0.0022	0.0021	0.0002	0.0250	0.0210	0.0040	0.1152	0.0696	0.0456	0.0299	0.0255	0.0045	0.0853	0.0441	0.0411	0.0000	0.0000	0.0000	0.0000	0.0000	0.0000	0.0000	0.0000	0.0000	8.6701	0.0000	21.9033	0.0000	0.0000	0.0000	11.7104	0.0000	24.2765			
18	140	0.2193	7	1	2	0	0	0	0	0	0	N	Y	N	N	N	N	N	N	N	N	N	N	0.0000	0.0000	0.0000	0.0000	0.0000	0.0000	0.0000	0.0000	0.0000	0.0000	0.0000	0.0000	0.0000	0.0000	0.0000	0.0000	0.0000	0.0000	0.0000	0.0000	3.9981	0.0000	16.5900	4.0001	0.0000	0.0000	0.0000	0.0000	0.0000	0.0000	0.0000	0.0000	0.0000	0.0000	0.0000	0.0000	0.0000	0.0000	0.0000	0.0000	0.0000	0.0000	0.0000	0.0000	0.0000	0.0000	0.0000	0.0000	0.0000	0.0000	0.0000	0.1149	0.0689	0.0460	0.0277	0.0235	0.0042	0.0872	0.0454	0.0418	0.0000	0.0000	0.0000	0.0000	0.0000	0.0000	0.0000	0.0000	0.0000	0.0000	0.0000	0.0000	0.0000	0.0000	0.0000	0.0000	0.0000	0.0000											
18	141	0.5969	9	1	2	0	0	0	0	0	0	N	Y	N	N	N	N	N	N	N	N	N	N	0.0000	0.0000	0.0000	0.0000	0.0000	0.0000	0.0000	0.0000	0.0000	0.0000	0.0000	0.0000	0.0000	0.0002	0.0002	0.0000	0.0003	0.0004	0.0000	0.0000	0.0000	0.0000	0.0000	0.0000	-0.0000	3.9981	1.0003	16.5900	5.0186	0.0000	0.0000	0.0000	0.0000	0.0000	0.0000	0.0000	0.0000	0.0000	0.0000	0.0000	0.0000	0.0000	0.0000	0.0000	0.0000	0.0000	0.0000	0.0264	0.0229	0.0035	0.0079	0.0073	0.0006	0.0185	0.0156	0.0029	0.1367	0.0921	0.0446	0.0798	0.0628	0.0170	0.0569	0.0293	0.0276	0.0000	0.0000	0.0000	0.0000	0.0000	0.0000	0.0000	0.0000	0.0000	0.0002	0.0002	0.0000	0.0003	0.0004	0.0000	0.0000	0.0000	0.0000						
18	142	0.2337	7	1	1	1	1	0	0	0	0	N	N	N	N	N	N	N	N	N	N	N	N	0.0000	0.0000	0.0000	0.0000	0.0000	0.0000	0.0000	0.0000	0.0000	0.0000	0.0000	0.0000	0.0000	0.0000	0.0000	0.0000	0.0028	0.0046	0.0001	0.0107	0.0126	0.0000	0.0001	0.0000	0.0001	0.0143	0.0000	-0.0003	3.9981	0.0001	16.5900	9.0026	0.0000	0.0000	0.0000	0.0000	0.0000	0.0000	0.0000	0.0000	0.0000	0.0007	0.0007	0.0000	0.0007	0.0007	0.0000	0.0000	0.0000	0.0000	0.0000	0.0000	0.0000	0.0000	0.0000	0.0000	0.0000	0.0000	0.0000	0.2523	0.1524	0.0999	0.0652	0.0554	0.0097	0.1871	0.0970	0.0901	0.0000	0.0000	0.0000	0.0000	0.0000	0.0000	0.0000	0.0000	0.0000	0.0028	0.0046	0.0001	0.0107	0.0126	0.0000	0.0001	0.0000	0.0001			
18	143	0.5824	9	1	1	1	1	0	0	0	0	N	N	N	N	N	N	N	N	N	N	N	N	0.0000	0.0000	0.0000	0.0000	0.0000	0.0000	0.0000	0.0000	0.0000	0.0000	0.0000	0.0000	0.0000	0.0018	0.0027	0.0000	0.0031	0.0040	0.0000	0.0000	0.0000	0.0000	0.0000	0.0000	-0.0002	3.9981	2.0061	16.5900	8.0425	0.0000	0.0000	0.0000	0.0000	0.0000	0.0000	0.0000	0.0000	0.0000	0.0004	0.0004	0.0000	0.0004	0.0004	0.0000	0.0000	0.0000	0.0000	0.0526	0.0454	0.0072	0.0146	0.0134	0.0011	0.0380	0.0320	0.0061	0.2294	0.1534	0.0760	0.1326	0.1033	0.0293	0.0967	0.0501	0.0467	0.0000	0.0000	0.0000	0.0000	0.0000	0.0000	0.0000	0.0000	0.0000	0.0018	0.0027	0.0000	0.0031	0.0040	0.0000	0.0000	0.0000	0.0000						
18	144	0.5733	8	1	1	0	1	0	0	0	0	N	N	N	N	N	N	N	N	N	N	N	N	0.0000	0.0000	0.0000	0.0000	0.0000	0.0000	0.0000	0.0000	0.0000	0.0000	0.0000	0.0000	0.0000	0.0000	0.0000	0.0000	0.0000	0.0044	0.0022	0.0099	0.0030	0.0034	0.0007	0.0061	0.0000	0.0138	1.7485	0.0000	0.0001	3.9981	1.9550	16.5900	2.1189	0.0000	0.0000	0.0000	0.0000	0.0000	0.0000	0.0000	0.0000	0.0000	0.0006	0.0002	0.0004	0.0002	0.0002	0.0000	0.0004	0.0000	0.0004	0.0550	0.0474	0.0076	0.0182	0.0165	0.0017	0.0369	0.0309	0.0059	0.1467	0.1056	0.0411	0.0806	0.0685	0.0121	0.0661	0.0370	0.0290	0.0000	0.0000	0.0000	0.0000	0.0000	0.0000	0.0000	0.0000	0.0000	0.0044	0.0022	0.0099	0.0030	0.0034	0.0007	0.0061	0.0000	0.0138		
18	145	0.5733	8	1	1	1	1	0	0	0	0	N	N	N	N	N	N	N	N	N	N	N	N	0.0000	0.0000	0.0000	0.0000	0.0000	0.0000	0.0000	0.0000	0.0000	0.0000	0.0000	0.0000	0.0000	0.0000	0.0000	0.0000	2.6096	0.8704	6.3110	1.0602	1.3233	0.0000	4.5704	0.0000	11.9681	3.4068	0.0000	0.4071	3.9981	2.1261	16.5900	18.6477	0.0000	0.0000	0.0000	0.0000	0.0000	0.0000	0.0000	0.0000	0.0000	1.2935	0.2935	1.0000	0.2935	0.2935	0.0000	1.0000	0.0000	1.0000	0.0595	0.0513	0.0082	0.0195	0.0177	0.0018	0.0400	0.0336	0.0064	0.4957	0.3372	0.1585	0.2769	0.2218	0.0551	0.2188	0.1154	0.1034	0.0000	0.0000	0.0000	0.0000	0.0000	0.0000	0.0000	0.0000	0.0000	2.6096	0.8704	6.3110	1.0602	1.3233	0.0000	4.5704	0.0000	9.6719			
18	146	0.2337	7	1	1	1	1	0	0	0	0	N	N	N	N	N	N	N	N	N	N	N	N	0.0000	0.0000	0.0000	0.0000	0.0000	0.0000	0.0000	0.0000	0.0000	0.0000	0.0000	0.0000	0.0000	0.0000	0.0000	0.0000	0.0032	0.0052	0.0001	0.0120	0.0142	0.0000	0.0001	0.0000	0.0001	0.0143	0.0000	-0.0003	3.9981	2.0001	16.5900	5.9880	0.0000	0.0000	0.0000	0.0000	0.0000	0.0000	0.0000	0.0000	0.0000	0.0007	0.0007	0.0000	0.0007	0.0007	0.0000	0.0000	0.0000	0.0000	0.0541	0.0459	0.0082	0.0045	0.0041	0.0003	0.0497	0.0418	0.0079	0.2248	0.1358	0.0890	0.0581	0.0495	0.0087	0.1667	0.0864	0.0803	0.0000	0.0000	0.0000	0.0000	0.0000	0.0000	0.0000	0.0000	0.0000	0.0032	0.0052	0.0001	0.0120	0.0142	0.0000	0.0001	0.0000	0.0001			
18	147	0.2337	7	1	1	1	1	0	0	0	0	N	N	N	N	N	N	N	N	N	N	N	N	0.0000	0.0000	0.0000	0.0000	0.0000	0.0000	0.0000	0.0000	0.0000	0.0000	0.0000	0.0000	0.0000	0.0000	0.0000	0.0000	1.2289	2.0330	0.0000	5.1840	5.8309	0.0000	0.0000	0.0000	0.0000	0.0000	0.0000	-0.4587	3.9981	9.0001	16.5900	23.0169	0.0000	0.0000	0.0000	0.0000	0.0000	0.0000	0.0000	0.0000	0.0000	1.0007	1.0007	0.0000	1.0007	1.0007	0.0000	0.0000	0.0000	0.0000	0.2359	0.2005	0.0353	0.0194	0.0180	0.0014	0.2164	0.1825	0.0339	0.8143	0.4922	0.3221	0.2061	0.1752	0.0309	0.6082	0.3170	0.2912	0.0000	0.0000	0.0000	0.0000	0.0000	0.0000	0.0000	0.0000	0.0000	1.2289	2.0330	0.0000	4.8548	5.7106	0.0000	0.0000	0.0000	0.0000			
18	148	0.2083	6	1	1	0	1	0	0	0	0	N	N	N	N	N	N	N	N	N	N	N	N	0.0002	1.9565	0.0000	4.1624	8.0044	0.0000	0.0000	0.0000	0.0006	0.0006	0.0000	0.0067	0.0073	0.0000	0.0000	0.0000	0.0000	3.2192	0.0003	11.8707	0.0016	0.0009	0.0060	4.3322	0.0000	10.0716	0.0000	16018.2876	-0.0000	0.5235	3.9981	1.9990	16.5900	7.9526	0.0000	0.0000	0.0000	0.0000	0.0000	0.0000	0.0000	0.0000	0.0000	0.9667	0.0001	0.9666	0.0001	0.0001	0.0001	0.9666	0.0000	0.9666	0.0544	0.0461	0.0083	0.0044	0.0041	0.0003	0.0499	0.0420	0.0080	0.3003	0.1818	0.1185	0.0772	0.0664	0.0107	0.2231	0.1153	0.1078	0.0002	1.9565	0.0000	4.1624	8.0044	0.0000	0.0000	0.0000	0.0000	3.2192	0.0003	8.1564	0.0016	0.0009	0.0060	4.3322	0.0000	8.9693	
18	149	0.1764	5	2	2	0	0	0	0	0	0	Y	Y	N	N	N	N	N	N	N	N	N	N	6.7041	4.9567	0.0000	11.6055	10.4447	0.0000	0.0000	0.0000	0.1641	0.1924	0.0000	1.0968	1.1349	0.0000	0.0000	0.0000	0.0000	0.0245	0.0388	0.0010	0.0945	0.1087	0.0020	0.0004	0.0000	0.0009	0.0000	0.0153	-0.0123	-0.0075	3.9981	5.3497	16.5900	17.2225	0.0279	0.0279	0.0000	0.0279	0.0279	0.0000	0.0000	0.0000	0.0000	0.0169	0.0167	0.0003	0.0167	0.0167	0.0000	0.0002	0.0000	0.0002	0.1700	0.1449	0.0250	0.0254	0.0246	0.0009	0.1445	0.1204	0.0242	0.6923	0.4299	0.2624	0.1771	0.1536	0.0235	0.5152	0.2763	0.2388	6.7041	4.9567	0.0000	11.6055	10.4447	0.0000	0.0000	0.0000	0.0000	0.0245	0.0388	0.0010	0.0945	0.1087	0.0020	0.0004	0.0000	0.0009	
18	150	0.2072	6	1	2	0	0	0	0	0	0	N	Y	N	N	N	N	N	N	N	N	N	N	0.2676	6.8245	0.0000	10.4520	9.9176	0.0000	0.0000	0.0000	0.2362	0.2718	0.0000	0.8982	0.9271	0.0000	0.0000	0.0000	0.0000	0.8829	0.0398	2.4460	0.0859	0.0935	0.0234	1.2413	0.0000	2.7016	0.0000	33.1212	-0.0164	0.3356	3.9981	3.6794	16.5900	17.4287	0.0372	0.0372	0.0000	0.0372	0.0372	0.0000	0.0000	0.0000	0.0000	0.6550	0.0192	0.6358	0.0198	0.0192	0.0006	0.6353	0.0000	0.6353	0.1577	0.1370	0.0206	0.0415	0.0402	0.0013	0.1162	0.0969	0.0193	0.7419	0.4820	0.2600	0.2302	0.2054	0.0248	0.5118	0.2766	0.2351	0.2676	6.8245	0.0000	10.4520	9.9176	0.0000	0.0000	0.0000	0.0000	0.8829	0.0398	2.4460	0.0859	0.0935	0.0234	1.2413	0.0000	2.7016	
18	151	0.1764	5	1	2	0	0	0	0	0	0	N	Y	N	N	N	N	N	N	N	N	N	N	0.1806	0.0783	0.9628	0.0882	0.0875	0.2584	0.3417	0.1049	0.9079	0.5228	0.2614	2.0433	1.2424	1.2753	0.0007	0.3658	0.0006	2.1097	2.8957	3.3374	2.1222	14.0941	14.5710	0.0026	1.0703	0.0058	2.3238	1.3444	0.3632	0.0083	-0.2615	3.9981	3.4464	16.5900	10.1316	0.0631	0.0269	0.0362	0.0268	0.0268	0.0000	0.0362	0.0000	0.0362	1.3625	0.9995	0.3630	0.9985	0.9984	0.0000	0.3640	0.0011	0.3630	0.1206	0.1029	0.0177	0.0216	0.0211	0.0006	0.0990	0.0819	0.0171	0.4705	0.2995	0.1711	0.1304	0.1156	0.0149	0.3401	0.1839	0.1562	0.1806	0.0783	0.9628	0.1623	0.1476	0.2584	0.3417	0.1049	0.9079	2.8957	3.3374	2.1222	7.6564	8.6406	0.0026	1.0703	0.0058	2.3238
18	152	0.6037	11	2	2	0	0	0	0	0	0	Y	Y	N	N	N	N	N	N	N	N	N	N	0.0000	0.0000	0.0000	0.0000	0.0000	0.0000	0.0000	0.0000	0.0000	0.0000	0.0000	0.0000	0.0000	0.0000	0.0000	0.0000	15.7550	16.6129	20.2821	33.0333	40.2430	0.0000	8.3701	0.0000	37.2647	0.4994	0.0000	-0.3757	3.9981	1.0143	16.5900	12.0086	0.0000	0.0000	0.0000	0.0000	0.0000	0.0000	0.0000	0.0000	0.0000	2.9983	1.9997	0.9987	1.9997	1.9997	0.0000	0.9987	0.0000	0.9987	0.0273	0.0237	0.0036	0.0083	0.0077	0.0006	0.0190	0.0160	0.0030	0.2843	0.1914	0.0930	0.1650	0.1296	0.0354	0.1193	0.0617	0.0576	0.0000	0.0000	0.0000	0.0000	0.0000	0.0000	0.0000	0.0000	0.0000	10.5453	10.4498	10.7420	12.1181	15.4250	0.0000	8.3701	0.0000	17.3404			
18	153	0.6015	10	2	2	0	0	0	0	0	0	Y	Y	N	N	N	N	N	N	N	N	N	N	0.0000	0.0000	0.0000	0.0000	0.0000	0.0000	0.0000	0.0000	0.0000	0.0000	0.0000	0.0000	0.0000	0.0000	0.0000	0.0000	0.0000	0.0744	0.0274	0.1714	0.0337	0.0401	0.0103	0.1319	0.0000	0.2713	3.0236	0.0000	0.0005	3.9981	0.9811	16.5900	0.0216	0.0000	0.0000	0.0000	0.0000	0.0000	0.0000	0.0000	0.0000	0.0000	0.0017	0.0004	0.0013	0.0005	0.0004	0.0000	0.0013	0.0000	0.0013	0.0261	0.0226	0.0035	0.0078	0.0072	0.0006	0.0183	0.0154	0.0029	0.0233	0.0157	0.0076	0.0136	0.0107	0.0029	0.0096	0.0049	0.0047	0.0000	0.0000	0.0000	0.0000	0.0000	0.0000	0.0000	0.0000	0.0000	0.0744	0.0274	0.1714	0.0337	0.0401	0.0103	0.1319	0.0000	0.2713		
18	154	0.5969	9	2	2	0	0	0	0	0	0	Y	Y	N	N	N	N	N	N	N	N	N	N	0.0000	0.0000	0.0000	0.0000	0.0000	0.0000	0.0000	0.0000	0.0000	0.0000	0.0000	0.0000	0.0000	0.0000	0.0000	0.0000	0.0026	0.0010	0.0058	0.0012	0.0015	0.0000	0.0046	0.0000	0.0094	2.7325	0.0000	0.0000	3.9981	0.0083	16.5900	2.0001	0.0000	0.0000	0.0000	0.0000	0.0000	0.0000	0.0000	0.0000	0.0000	0.0001	0.0000	0.0001	0.0000	0.0000	0.0000	0.0001	0.0000	0.0001	0.0003	0.0002	0.0000	0.0001	0.0001	0.0000	0.0002	0.0001	0.0000	0.0475	0.0321	0.0154	0.0277	0.0219	0.0058	0.0198	0.0102	0.0096	0.0000	0.0000	0.0000	0.0000	0.0000	0.0000	0.0000	0.0000	0.0000	0.0026	0.0010	0.0058	0.0012	0.0015	0.0000	0.0046	0.0000	0.0094			
18	155	0.5733	8	1	2	0	0	0	0	0	0	N	Y	N	N	N	N	N	N	N	N	N	N	0.0000	0.0000	0.0000	0.0000	0.0000	0.0000	0.0000	0.0000	0.0000	0.0000	0.0000	0.0000	0.0000	0.0000	0.0000	0.0000	0.0000	0.0009	0.0012	0.0003	0.0015	0.0018	0.0001	0.0002	0.0000	0.0003	0.1006	0.0000	-0.0001	3.9981	2.9180	16.5900	7.4065	0.0000	0.0000	0.0000	0.0000	0.0000	0.0000	0.0000	0.0000	0.0000	0.0003	0.0002	0.0000	0.0002	0.0002	0.0000	0.0000	0.0000	0.0000	0.0799	0.0690	0.0109	0.0255	0.0232	0.0023	0.0544	0.0458	0.0086	0.2828	0.1959	0.0869	0.1577	0.1287	0.0290	0.1250	0.0672	0.0578	0.0000	0.0000	0.0000	0.0000	0.0000	0.0000	0.0000	0.0000	0.0000	0.0009	0.0012	0.0003	0.0015	0.0018	0.0001	0.0002	0.0000	0.0003		
18	156	0.5075	7	1	1	0	0	0	0	0	0	N	N	N	N	N	N	N	N	N	N	N	N	0.0016	0.0013	0.0000	0.0025	0.0023	0.0000	0.0000	0.0000	0.0000	0.0019	0.0022	0.0000	0.0046	0.0051	0.0000	0.0000	0.0000	0.0000	1.1802	1.6898	0.0352	1.8450	2.2517	0.0022	0.3109	0.5447	0.0517	0.0000	0.0093	-0.0003	-0.4306	3.9981	8.2479	16.5900	19.7214	0.0007	0.0007	0.0000	0.0007	0.0007	0.0000	0.0000	0.0000	0.0000	0.9587	0.9499	0.0088	0.8493	0.8491	0.0002	0.1094	0.1008	0.0086	0.3407	0.2973	0.0434	0.1427	0.1291	0.0136	0.1980	0.1682	0.0298	0.8123	0.5621	0.2502	0.4603	0.3771	0.0832	0.3520	0.1850	0.1669	0.0016	0.0013	0.0000	0.0025	0.0023	0.0000	0.0000	0.0000	0.0000	1.1802	1.6898	0.0352	1.8450	2.2517	0.0022	0.3109	0.5447	0.0517
18	157	0.4713	6	1	1	0	0	0	0	0	0	N	N	N	N	N	N	N	N	N	N	N	N	0.0073	0.0368	0.0001	0.1114	0.1091	0.0000	0.0001	0.0003	0.0001	0.0070	0.0080	0.0003	0.0217	0.0237	0.0000	0.0001	0.0001	0.0004	0.9624	0.2179	2.6939	0.1946	0.2175	0.0928	2.0429	0.2186	4.1376	0.0060	5.3173	-0.0007	0.2928	3.9981	7.4725	16.5900	14.3153	0.0017	0.0017	0.0000	0.0016	0.0016	0.0000	0.0000	0.0000	0.0000	0.7638	0.1209	0.6429	0.0903	0.0824	0.0079	0.6735	0.0385	0.6350	0.2383	0.2069	0.0314	0.0761	0.0695	0.0066	0.1622	0.1374	0.0248	0.7936	0.5550	0.2386	0.4639	0.3788	0.0852	0.3297	0.1762	0.1535	0.0073	0.0368	0.0001	0.1114	0.1091	0.0000	0.0001	0.0003	0.0001	0.9624	0.2179	2.6939	0.1946	0.2175	0.0928	2.0429	0.2186	4.1376
18	158	0.4058	5	1	1	0	0	0	0	0	0	N	N	N	N	N	N	N	N	N	N	N	N	0.0047	0.0080	0.0002	0.0016	0.0015	0.0000	0.0050	0.1783	0.0002	0.0030	0.0034	0.0002	0.0009	0.0009	0.0000	0.0037	0.0043	0.0003	0.6274	0.4164	1.1270	0.5373	0.6354	0.0290	0.7325	0.0241	1.5831	0.0097	1.1426	-0.0004	0.0538	3.9981	11.6653	16.5900	19.4910	0.0010	0.0010	0.0000	0.0001	0.0001	0.0000	0.0010	0.0009	0.0000	0.7180	0.3351	0.3829	0.3311	0.3282	0.0029	0.3869	0.0069	0.3800	0.3523	0.3072	0.0450	0.0911	0.0858	0.0053	0.2612	0.2215	0.0397	1.1445	0.8047	0.3398	0.6162	0.5165	0.0997	0.5283	0.2882	0.2401	0.0047	0.0080	0.0002	0.0016	0.0015	0.0000	0.0050	0.1783	0.0002	0.6274	0.4164	1.1270	0.5373	0.6354	0.0290	0.7325	0.0241	1.5831
18	159	0.3586	4	1	1	0	0	0	0	0	0	N	N	N	N	N	N	N	N	N	N	N	N	0.0114	0.0435	0.0052	0.0785	0.0746	0.0000	0.0016	0.0159	0.0047	0.0077	0.0074	0.0097	0.0180	0.0193	0.0000	0.0019	0.0001	0.0122	0.6746	0.1707	1.8762	0.2294	0.2594	0.0687	1.2088	0.0041	2.6144	0.1851	4.6099	-0.0006	0.2978	3.9981	7.3933	16.5900	20.5306	0.0022	0.0018	0.0003	0.0018	0.0018	0.0000	0.0003	0.0000	0.0003	0.8194	0.1461	0.6734	0.1520	0.1448	0.0072	0.6674	0.0012	0.6662	0.2820	0.2471	0.0349	0.1015	0.0944	0.0071	0.1806	0.1527	0.0279	1.2146	0.8557	0.3589	0.6625	0.5584	0.1041	0.5521	0.2973	0.2548	0.0114	0.0435	0.0052	0.0785	0.0746	0.0000	0.0016	0.0159	0.0047	0.6746	0.1707	1.8762	0.2294	0.2594	0.0687	1.2088	0.0041	2.6144
18	160	0.1224	3	1	1	0	0	0	0	0	0	N	N	N	N	N	N	N	N	N	N	N	N	1.6052	0.0000	5.1434	0.0000	0.0000	0.0000	1.5825	0.0000	4.8113	1.5925	0.0000	10.7328	0.0000	0.0000	0.0000	1.6677	0.0000	10.9809	0.9921	0.2609	2.0867	0.7534	0.9034	0.0081	1.0539	0.0041	2.2823	inf	5.3436	0.5587	0.6894	3.9981	27.6416	16.5900	54.6365	0.9997	0.0000	0.9997	0.0000	0.0000	0.0000	0.9997	0.0000	0.9997	1.7954	0.2830	1.5124	0.2804	0.2799	0.0005	1.5150	0.0032	1.5119	0.6277	0.5346	0.0931	0.0283	0.0262	0.0021	0.5994	0.5084	0.0910	1.8097	1.0850	0.7248	0.3721	0.3098	0.0623	1.4376	0.7752	0.6624	1.6052	0.0000	5.1434	0.0000	0.0000	0.0000	1.5825	0.0000	4.8113	0.9921	0.2609	2.0867	0.7534	0.9034	0.0081	1.0539	0.0041	2.2823
18	161	0.2269	9	2	2	0	0	0	0	0	0	Y	Y	N	N	N	N	N	N	N	N	N	N	0.0000	0.0000	0.0000	0.0000	0.0000	0.0000	0.0000	0.0000	0.0000	0.0000	0.0000	0.0000	0.0000	0.0000	0.0000	0.0000	0.0000	0.0000	0.0000	0.0000	3.9981	0.0002	16.5900	3.0099	0.0000	0.0000	0.0000	0.0000	0.0000	0.0000	0.0000	0.0000	0.0000	0.0000	0.0000	0.0000	0.0000	0.0000	0.0000	0.0000	0.0000	0.0000	0.0000	0.0000	0.0000	0.0000	0.0000	0.0000	0.0000	0.0000	0.0000	0.0887	0.0537	0.0351	0.0220	0.0188	0.0032	0.0667	0.0348	0.0319	0.0000	0.0000	0.0000	0.0000	0.0000	0.0000	0.0000	0.0000	0.0000	0.0000	0.0000	0.0000	0.0000	0.0000	0.0000	0.0000	0.0000	0.0000											
18	162	0.2193	8	2	2	0	0	0	0	0	0	Y	Y	N	N	N	N	N	N	N	N	N	N	0.0000	0.0000	0.0000	0.0000	0.0000	0.0000	0.0000	0.0000	0.0000	0.0000	0.0000	0.0000	0.0000	0.0000	0.0000	0.0000	0.0000	0.0000	0.0000	0.0000	3.9981	0.9998	16.5900	2.0118	0.0000	0.0000	0.0000	0.0000	0.0000	0.0000	0.0000	0.0000	0.0000	0.0000	0.0000	0.0000	0.0000	0.0000	0.0000	0.0000	0.0000	0.0000	0.0272	0.0230	0.0041	0.0022	0.0020	0.0002	0.0250	0.0210	0.0040	0.0869	0.0521	0.0348	0.0209	0.0178	0.0032	0.0659	0.0343	0.0316	0.0000	0.0000	0.0000	0.0000	0.0000	0.0000	0.0000	0.0000	0.0000	0.0000	0.0000	0.0000	0.0000	0.0000	0.0000	0.0000	0.0000	0.0000											
18	163	0.2193	7	2	2	0	0	0	0	0	0	Y	Y	N	N	N	N	N	N	N	N	N	N	0.0000	0.0000	0.0000	0.0000	0.0000	0.0000	0.0000	0.0000	0.0000	0.0000	0.0000	0.0000	0.0000	0.0000	0.0000	0.0000	0.0000	0.0000	0.0000	0.0000	3.9981	0.0000	16.5900	0.0003	0.0000	0.0000	0.0000	0.0000	0.0000	0.0000	0.0000	0.0000	0.0000	0.0000	0.0000	0.0000	0.0000	0.0000	0.0000	0.0000	0.0000	0.0000	0.0000	0.0000	0.0000	0.0000	0.0000	0.0000	0.0000	0.0000	0.0000	0.0000	0.0000	0.0000	0.0000	0.0000	0.0000	0.0000	0.0000	0.0000	0.0000	0.0000	0.0000	0.0000	0.0000	0.0000	0.0000	0.0000	0.0000	0.0000	0.0000	0.0000	0.0000	0.0000	0.0000	0.0000	0.0000	0.0000											
18	164	0.2083	6	1	2	0	0	0	0	0	0	N	Y	N	N	N	N	N	N	N	N	N	N	0.2430	0.1922	0.0000	0.2101	0.1847	0.0000	0.0000	0.0000	0.0637	0.0772	0.0000	0.1831	0.1845	0.0000	0.0000	0.0000	0.0000	0.2621	0.4015	0.0406	0.8717	0.9988	0.0120	0.0213	0.0000	0.0436	0.0000	0.0637	-0.0000	-0.0154	3.9981	0.0063	16.5900	4.3641	0.0000	0.0000	0.0000	0.0000	0.0000	0.0000	0.0000	0.0000	0.0000	0.0387	0.0364	0.0023	0.0365	0.0364	0.0001	0.0023	0.0000	0.0023	0.0005	0.0004	0.0001	0.0002	0.0002	0.0000	0.0003	0.0002	0.0001	0.1477	0.0906	0.0570	0.0418	0.0364	0.0054	0.1058	0.0542	0.0517	0.2430	0.1922	0.0000	0.2101	0.1847	0.0000	0.0000	0.0000	0.0000	0.2621	0.4015	0.0406	0.8717	0.9988	0.0120	0.0213	0.0000	0.0436	
18	165	0.1764	5	1	1	0	0	0	0	0	0	N	N	N	N	N	N	N	N	N	N	N	N	0.1227	6.1159	0.0003	11.2047	10.2136	0.0000	0.0001	0.0000	0.0003	0.2899	0.3391	0.0021	1.4134	1.4434	0.0000	0.0004	0.0000	0.0021	2.3632	0.0554	6.4547	0.1261	0.1413	0.0042	3.2375	0.0003	7.0636	0.0010	65.6563	-0.0123	0.5525	3.9981	2.5207	16.5900	10.0226	0.0279	0.0279	0.0000	0.0279	0.0279	0.0000	0.0000	0.0000	0.0000	1.0491	0.0157	1.0333	0.0157	0.0157	0.0001	1.0333	0.0001	1.0333	0.0963	0.0822	0.0141	0.0197	0.0193	0.0004	0.0766	0.0629	0.0137	0.4439	0.2838	0.1601	0.1247	0.1109	0.0138	0.3192	0.1729	0.1463	0.1227	6.1159	0.0003	11.2047	10.2136	0.0000	0.0001	0.0000	0.0003	2.3632	0.0554	6.4547	0.1261	0.1413	0.0042	3.2375	0.0003	7.0636
18	166	0.1608	4	1	1	0	0	0	0	0	0	N	N	N	N	N	N	N	N	N	N	N	N	63.0039	348.5862	4.3785	309.1250	538.2590	7.0789	1.5029	0.7119	3.9689	4.9820	5.6347	0.9051	18.0010	18.7770	2.1056	0.1350	0.0001	0.7841	0.0791	0.0162	0.2067	0.0582	0.0349	0.2974	0.0898	0.0001	0.1976	0.0257	6.3032	-0.2429	0.0115	3.9981	2.6894	16.5900	4.6619	0.5839	0.5692	0.0146	0.5723	0.5692	0.0031	0.0115	0.0000	0.0115	0.0284	0.0039	0.0245	0.0071	0.0039	0.0032	0.0213	0.0000	0.0213	0.1172	0.1010	0.0162	0.0318	0.0303	0.0015	0.0854	0.0707	0.0147	0.3591	0.2405	0.1186	0.1220	0.1112	0.0108	0.2371	0.1294	0.1077	63.0039	348.5862	4.3785	309.1250	538.2590	7.0789	1.5029	0.7119	3.9689	0.0791	0.0162	0.2067	0.0582	0.0349	0.2974	0.0898	0.0001	0.1976
18	167	0.1224	3	1	1	0	0	0	0	0	0	N	N	N	N	N	N	N	N	N	N	N	N	0.0000	0.0000	0.0000	0.0000	0.0000	0.0000	0.0000	0.0000	0.0000	0.0000	0.0000	0.0000	0.0000	0.0000	0.0000	0.0000	0.0000	0.0000	0.0687	0.0293	0.1333	0.1974	0.0730	0.8311	0.0143	0.0003	0.0302	2.7654	0.0000	0.0080	3.9981	2.7966	16.5900	8.5340	0.0000	0.0000	0.0000	0.0000	0.0000	0.0000	0.0000	0.0000	0.0000	0.0291	0.0077	0.0214	0.0249	0.0077	0.0172	0.0043	0.0000	0.0042	0.0712	0.0602	0.0110	0.0033	0.0031	0.0002	0.0678	0.0571	0.0107	0.4240	0.2636	0.1604	0.1259	0.1053	0.0207	0.2981	0.1584	0.1398	0.0000	0.0000	0.0000	0.0000	0.0000	0.0000	0.0000	0.0000	0.0000	0.0687	0.0293	0.1333	0.1974	0.0730	0.8311	0.0143	0.0003	0.0302	
19	20	0.0218	2	0	0	2	2	0	0	0	0	N	N	Y	Y	N	N	N	N	N	N	N	N	0.0000	0.0000	0.0000	0.0000	0.0000	0.0000	0.0000	0.0000	0.0000	0.0000	0.0000	0.0000	0.0000	0.0001	0.0000	0.0001	0.0000	0.0000	0.0000	0.0001	0.0000	0.0001	inf	0.0000	0.0000	0.0000	14.9999	2.0009	23.4905	0.0000	0.0000	0.0000	0.0000	0.0000	0.0000	0.0000	0.0000	0.0000	0.0000	0.0000	0.0000	0.0000	0.0000	0.0000	0.0000	0.0000	0.0000	0.0008	0.0006	0.0002	0.0004	0.0004	0.0000	0.0004	0.0002	0.0002	0.1038	0.0589	0.0450	0.0081	0.0077	0.0003	0.0958	0.0511	0.0446	0.0000	0.0000	0.0000	0.0000	0.0000	0.0000	0.0000	0.0000	0.0000	0.0001	0.0000	0.0001	0.0000	0.0000	0.0000	0.0001	0.0000	0.0001						
19	21	0.5414	9	0	1	1	1	0	0	0	0	N	N	N	N	N	N	N	N	N	N	N	N	0.0000	0.0000	0.0000	0.0000	0.0000	0.0000	0.0000	0.0000	0.0000	0.0000	0.0000	0.0000	0.0000	0.0000	0.0000	0.0000	0.0000	0.0004	0.0002	0.0008	0.0007	0.0003	0.0022	0.0000	0.0000	0.0000	2.0032	0.0000	0.0000	0.0000	4.9981	2.0009	32.5905	0.0000	0.0000	0.0000	0.0000	0.0000	0.0000	0.0000	0.0000	0.0000	0.0000	0.0000	0.0000	0.0000	0.0000	0.0000	0.0000	0.0000	0.0000	0.0003	0.0002	0.0001	0.0001	0.0001	0.0000	0.0001	0.0001	0.0001	0.0813	0.0552	0.0261	0.0455	0.0362	0.0093	0.0358	0.0189	0.0168	0.0000	0.0000	0.0000	0.0000	0.0000	0.0000	0.0000	0.0000	0.0000	0.0004	0.0002	0.0008	0.0007	0.0003	0.0022	0.0000	0.0000	0.0000		
19	22	0.2739	6	0	1	1	1	0	0	0	0	N	N	N	N	N	N	N	N	N	N	N	N	0.0000	0.0000	0.0000	0.0000	0.0000	0.0000	0.0000	0.0000	0.0000	0.0000	0.0000	0.0000	0.0000	0.0000	0.0000	0.0000	0.0000	0.0000	0.0000	0.0000	0.0000	0.0000	0.0000	0.0000	-0.0000	0.0000	12.5677	2.0009	9.8718	0.0000	0.0000	0.0000	0.0000	0.0000	0.0000	0.0000	0.0000	0.0000	0.0000	0.0000	0.0000	0.0000	0.0000	0.0000	0.0000	0.0000	0.0000	0.0011	0.0010	0.0001	0.0010	0.0009	0.0001	0.0000	0.0000	0.0000	0.0510	0.0322	0.0188	0.0119	0.0105	0.0013	0.0392	0.0217	0.0175	0.0000	0.0000	0.0000	0.0000	0.0000	0.0000	0.0000	0.0000	0.0000	0.0000	0.0000	0.0000	0.0000	0.0000	0.0000	0.0000	0.0000	0.0000						
19	23	0.5889	12	0	0	1	2	0	0	0	0	N	N	N	Y	N	N	N	N	N	N	N	N	0.0000	0.0000	0.0000	0.0000	0.0000	0.0000	0.0000	0.0000	0.0000	0.0000	0.0000	0.0000	0.0000	0.0001	0.0001	0.0000	0.0001	0.0002	0.0000	0.0000	0.0000	0.0000	0.0000	0.0000	-0.0000	0.0000	0.9981	2.0009	0.0014	0.0000	0.0000	0.0000	0.0000	0.0000	0.0000	0.0000	0.0000	0.0000	0.0000	0.0000	0.0000	0.0000	0.0000	0.0000	0.0000	0.0000	0.0000	0.0001	0.0001	0.0000	0.0000	0.0000	0.0000	0.0000	0.0000	0.0000	0.0022	0.0015	0.0007	0.0012	0.0010	0.0002	0.0011	0.0006	0.0005	0.0000	0.0000	0.0000	0.0000	0.0000	0.0000	0.0000	0.0000	0.0000	0.0001	0.0001	0.0000	0.0001	0.0002	0.0000	0.0000	0.0000	0.0000						
19	24	0.5411	9	0	1	1	2	0	0	0	0	N	N	N	Y	N	N	N	N	N	N	N	N	0.0000	0.0000	0.0000	0.0000	0.0000	0.0000	0.0000	0.0000	0.0000	0.0000	0.0000	0.0000	0.0000	0.0000	0.0000	0.0000	0.0000	0.0000	0.0000	0.0000	0.0000	0.0000	0.0000	0.0000	inf	0.0000	0.0000	0.0000	0.6341	2.0009	12.6218	0.0000	0.0000	0.0000	0.0000	0.0000	0.0000	0.0000	0.0000	0.0000	0.0000	0.0000	0.0000	0.0000	0.0000	0.0000	0.0000	0.0000	0.0000	0.0000	0.0000	0.0000	0.0000	0.0000	0.0000	0.0000	0.0000	0.0000	0.0408	0.0284	0.0124	0.0207	0.0176	0.0031	0.0201	0.0107	0.0094	0.0000	0.0000	0.0000	0.0000	0.0000	0.0000	0.0000	0.0000	0.0000	0.0000	0.0000	0.0000	0.0000	0.0000	0.0000	0.0000	0.0000	0.0000				
19	25	0.2137	5	0	1	1	1	0	0	0	0	N	N	N	N	N	N	N	N	N	N	N	N	0.0000	0.0249	0.0000	0.0008	0.0111	0.0000	0.0000	0.0000	0.0003	0.0003	0.0000	0.0003	0.0003	0.0000	0.0000	0.0000	0.0000	5.7638	0.0120	31.7516	0.3703	0.0286	3.5470	6.9938	0.0000	30.7883	0.0000	631.4853	-0.0000	0.1879	0.0000	10.0221	2.0009	10.6811	0.0000	0.0000	0.0000	0.0000	0.0000	0.0000	0.0000	0.0000	0.0000	0.3479	0.0006	0.3474	0.0079	0.0006	0.0073	0.3401	0.0000	0.3401	0.0007	0.0006	0.0001	0.0006	0.0006	0.0001	0.0000	0.0000	0.0000	0.0699	0.0459	0.0240	0.0213	0.0192	0.0021	0.0486	0.0267	0.0219	0.0001	0.0249	0.0000	0.0008	0.0111	0.0000	0.0000	0.0000	0.0000	4.9754	0.0120	14.4808	0.3703	0.0286	3.5470	6.9938	0.0000	15.5132	
19	26	0.5755	11	0	1	1	1	0	0	0	0	N	N	N	N	N	N	N	N	N	N	N	N	0.0000	0.0000	0.0000	0.0000	0.0000	0.0000	0.0000	0.0000	0.0000	0.0000	0.0000	0.0000	0.0000	0.0000	0.0000	0.0000	0.0000	0.0000	0.0000	0.0000	0.0000	0.0000	inf	0.0000	0.0000	0.0000	3.9997	2.0009	5.4032	0.0000	0.0000	0.0000	0.0000	0.0000	0.0000	0.0000	0.0000	0.0000	0.0000	0.0000	0.0000	0.0000	0.0000	0.0000	0.0000	0.0000	0.0000	0.0002	0.0002	0.0000	0.0001	0.0001	0.0000	0.0001	0.0001	0.0000	0.0241	0.0165	0.0076	0.0139	0.0111	0.0027	0.0102	0.0054	0.0049	0.0000	0.0000	0.0000	0.0000	0.0000	0.0000	0.0000	0.0000	0.0000	0.0000	0.0000	0.0000	0.0000	0.0000	0.0000	0.0000	0.0000	0.0000						
19	27	0.0218	2	0	1	1	2	0	0	0	0	N	N	N	Y	N	N	N	N	N	N	N	N	0.0000	0.0000	0.0000	0.0000	0.0000	0.0000	0.0000	0.0000	0.0000	0.0000	0.0000	0.0000	0.0000	0.0000	0.0000	0.0000	0.0000	0.0006	0.0011	0.0000	0.0060	0.0062	0.0001	0.0000	0.0000	0.0000	0.0115	0.0000	-0.0000	0.0000	4.9655	2.0009	10.6561	0.0000	0.0000	0.0000	0.0000	0.0000	0.0000	0.0000	0.0000	0.0000	0.0000	0.0000	0.0000	0.0000	0.0000	0.0000	0.0000	0.0000	0.0000	0.0003	0.0002	0.0001	0.0001	0.0001	0.0000	0.0001	0.0001	0.0001	0.0496	0.0286	0.0210	0.0052	0.0050	0.0002	0.0444	0.0235	0.0209	0.0000	0.0000	0.0000	0.0000	0.0000	0.0000	0.0000	0.0000	0.0000	0.0006	0.0011	0.0000	0.0060	0.0062	0.0001	0.0000	0.0000	0.0000		
19	28	0.5940	13	0	1	1	2	0	0	0	0	N	N	N	Y	N	N	N	N	N	N	N	N	0.0000	0.0000	0.0000	0.0000	0.0000	0.0000	0.0000	0.0000	0.0000	0.0000	0.0000	0.0000	0.0000	0.0000	0.0000	0.0000	0.0000	0.0000	0.0000	0.0000	0.0000	0.0000	2.0009	0.0000	0.0000	0.0000	0.0000	0.0000	0.0000	0.0000	0.0000	0.0000	0.0000	0.0000	0.0000	0.0000	0.0000	0.0000	0.0000	0.0000	0.0000	0.0000	0.0000	0.0000	0.0000	0.0000	0.0000	0.0000	0.0000	0.0000	0.0000	0.0000	0.0000	0.0000	0.0000	0.0000	0.0000	0.0000	0.0000	0.0000	0.0000	0.0000	0.0000	0.0000	0.0000	0.0000	0.0000	0.0000	0.0000	0.0000	0.0000	0.0000	0.0000	0.0000	0.0000	0.0000	0.0000	0.0000											
19	29	0.5614	8	1	1	1	1	0	0	0	0	N	N	N	N	N	N	N	N	N	N	N	N	0.0147	0.0000	3.3645	0.0031	0.0000	2621.1513	1.0294	0.0000	1.9825	0.0002	0.0000	0.0008	0.0001	0.0000	0.0091	0.0003	0.0000	0.0006	0.0108	0.0146	0.0002	0.0187	0.0216	0.0000	0.0003	0.0002	0.0003	inf	0.0056	0.0000	-0.0003	0.0000	3.9885	2.0009	8.5018	0.0000	0.0000	0.0000	0.0000	0.0000	0.0000	0.0000	0.0000	0.0000	0.0006	0.0006	0.0000	0.0006	0.0006	0.0000	0.0000	0.0000	0.0000	0.0002	0.0002	0.0000	0.0001	0.0001	0.0000	0.0001	0.0001	0.0000	0.0577	0.0422	0.0154	0.0330	0.0285	0.0045	0.0247	0.0137	0.0110	0.0147	0.0000	3.3645	0.0031	0.0000	2621.1513	1.0294	0.0000	1.9825	0.0108	0.0146	0.0002	0.0187	0.0216	0.0000	0.0003	0.0002	0.0003
19	30	0.5523	10	0	1	1	1	0	0	0	0	N	N	N	N	N	N	N	N	N	N	N	N	0.0000	0.0000	0.0000	0.0000	0.0000	0.0000	0.0000	0.0000	0.0000	0.0000	0.0000	0.0000	0.0000	0.0000	0.0000	0.0000	0.0000	0.0000	0.0000	0.0000	0.0000	0.0000	inf	0.0000	0.0000	0.0000	0.9701	2.0009	4.0208	0.0000	0.0000	0.0000	0.0000	0.0000	0.0000	0.0000	0.0000	0.0000	0.0000	0.0000	0.0000	0.0000	0.0000	0.0000	0.0000	0.0000	0.0000	0.0001	0.0000	0.0000	0.0000	0.0000	0.0000	0.0000	0.0000	0.0000	0.0342	0.0247	0.0094	0.0204	0.0173	0.0031	0.0137	0.0074	0.0063	0.0000	0.0000	0.0000	0.0000	0.0000	0.0000	0.0000	0.0000	0.0000	0.0000	0.0000	0.0000	0.0000	0.0000	0.0000	0.0000	0.0000	0.0000						
19	31	0.5269	8	0	0	1	2	0	0	0	0	N	N	N	Y	N	N	N	N	N	N	N	N	0.0000	0.0000	0.0000	0.0000	0.0000	0.0000	0.0000	0.0000	0.0000	0.0000	0.0000	0.0000	0.0000	0.0000	0.0000	0.0000	0.0000	0.0000	0.0000	0.0000	0.0000	0.0000	0.0000	0.0000	inf	0.0000	0.0000	0.0000	5.0045	2.0009	16.6627	0.0000	0.0000	0.0000	0.0000	0.0000	0.0000	0.0000	0.0000	0.0000	0.0000	0.0000	0.0000	0.0000	0.0000	0.0000	0.0000	0.0000	0.0000	0.0003	0.0002	0.0001	0.0001	0.0001	0.0000	0.0001	0.0001	0.0001	0.0563	0.0382	0.0181	0.0285	0.0237	0.0048	0.0278	0.0146	0.0133	0.0000	0.0000	0.0000	0.0000	0.0000	0.0000	0.0000	0.0000	0.0000	0.0000	0.0000	0.0000	0.0000	0.0000	0.0000	0.0000	0.0000	0.0000				
19	32	0.3713	8	1	0	2	1	0	0	0	0	N	N	Y	N	N	N	N	N	N	N	N	N	0.0000	0.0000	0.0000	0.0000	0.0000	0.0000	0.0000	0.0000	0.0000	0.0000	0.0000	0.0000	0.0000	0.0000	0.0000	0.0000	0.0000	0.0000	0.0000	0.0000	0.0000	1.4893	2.0009	0.0050	0.0000	0.0000	0.0000	0.0000	0.0000	0.0000	0.0000	0.0000	0.0000	0.0000	0.0000	0.0000	0.0000	0.0000	0.0000	0.0000	0.0000	0.0000	0.0001	0.0001	0.0000	0.0001	0.0001	0.0000	0.0000	0.0000	0.0000	0.0033	0.0020	0.0013	0.0007	0.0006	0.0001	0.0026	0.0014	0.0012	0.0000	0.0000	0.0000	0.0000	0.0000	0.0000	0.0000	0.0000	0.0000	0.0000	0.0000	0.0000	0.0000	0.0000	0.0000	0.0000	0.0000	0.0000											
19	33	0.5524	10	1	0	2	1	0	0	0	0	N	N	Y	N	N	N	N	N	N	N	N	N	0.0000	0.0000	0.0000	0.0000	0.0000	0.0000	0.0000	0.0000	0.0000	0.0000	0.0000	0.0000	0.0000	0.0000	0.0000	0.0000	0.0000	0.0000	0.0000	0.0000	0.0000	0.0000	0.0000	0.0000	inf	0.0000	0.0000	0.0000	0.9855	2.0009	5.0251	0.0000	0.0000	0.0000	0.0000	0.0000	0.0000	0.0000	0.0000	0.0000	0.0000	0.0000	0.0000	0.0000	0.0000	0.0000	0.0000	0.0000	0.0000	0.0001	0.0000	0.0000	0.0000	0.0000	0.0000	0.0000	0.0000	0.0000	0.0160	0.0111	0.0049	0.0084	0.0069	0.0015	0.0076	0.0042	0.0034	0.0000	0.0000	0.0000	0.0000	0.0000	0.0000	0.0000	0.0000	0.0000	0.0000	0.0000	0.0000	0.0000	0.0000	0.0000	0.0000	0.0000	0.0000				
19	34	0.5252	10	0	1	1	1	0	0	0	0	N	N	N	N	N	N	N	N	N	N	N	N	0.0000	0.0000	0.0000	0.0000	0.0000	0.0000	0.0000	0.0000	0.0000	0.0000	0.0000	0.0000	0.0000	0.0000	0.0000	0.0000	0.0001	0.0001	0.0000	0.0002	0.0002	0.0000	0.0000	0.0000	0.0000	0.0032	0.0000	-0.0000	0.0000	2.0026	2.0009	4.0175	0.0000	0.0000	0.0000	0.0000	0.0000	0.0000	0.0000	0.0000	0.0000	0.0000	0.0000	0.0000	0.0000	0.0000	0.0000	0.0000	0.0000	0.0000	0.0001	0.0001	0.0000	0.0001	0.0001	0.0000	0.0001	0.0000	0.0000	0.0196	0.0131	0.0066	0.0106	0.0088	0.0018	0.0090	0.0043	0.0048	0.0000	0.0000	0.0000	0.0000	0.0000	0.0000	0.0000	0.0000	0.0000	0.0001	0.0001	0.0000	0.0002	0.0002	0.0000	0.0000	0.0000	0.0000			
19	35	0.5252	9	0	0	1	1	0	0	0	0	N	N	N	N	N	N	N	N	N	N	N	N	0.0000	0.0000	0.0000	0.0000	0.0000	0.0000	0.0000	0.0000	0.0000	0.0000	0.0000	0.0000	0.0000	0.0000	0.0000	0.0000	0.0000	0.0004	0.0003	0.0005	0.0006	0.0004	0.0020	0.0000	0.0000	0.0000	0.9994	0.0000	0.0000	0.0000	0.4148	2.0009	1.5497	0.0000	0.0000	0.0000	0.0000	0.0000	0.0000	0.0000	0.0000	0.0000	0.0000	0.0000	0.0000	0.0000	0.0000	0.0000	0.0000	0.0000	0.0000	0.0000	0.0000	0.0000	0.0000	0.0000	0.0000	0.0000	0.0000	0.0000	0.0098	0.0066	0.0033	0.0057	0.0048	0.0009	0.0042	0.0017	0.0024	0.0000	0.0000	0.0000	0.0000	0.0000	0.0000	0.0000	0.0000	0.0000	0.0004	0.0003	0.0005	0.0006	0.0004	0.0020	0.0000	0.0000	0.0000		
19	36	0.4675	7	0	1	1	1	0	0	0	0	N	N	N	N	N	N	N	N	N	N	N	N	0.0000	0.0000	0.0000	0.0000	0.0000	0.0000	0.0000	0.0000	0.0000	0.0000	0.0000	0.0000	0.0000	0.0057	0.0086	0.0000	0.0119	0.0142	0.0000	0.0000	0.0000	0.0000	0.0000	0.0000	-0.0002	0.0000	7.9964	2.0009	23.6501	0.0000	0.0000	0.0000	0.0000	0.0000	0.0000	0.0000	0.0000	0.0000	0.0004	0.0004	0.0000	0.0004	0.0004	0.0000	0.0000	0.0000	0.0000	0.0004	0.0003	0.0001	0.0002	0.0002	0.0000	0.0002	0.0001	0.0001	0.0698	0.0468	0.0231	0.0337	0.0282	0.0055	0.0362	0.0186	0.0176	0.0000	0.0000	0.0000	0.0000	0.0000	0.0000	0.0000	0.0000	0.0000	0.0057	0.0086	0.0000	0.0119	0.0142	0.0000	0.0000	0.0000	0.0000						
19	37	0.5414	9	1	1	1	1	0	0	0	0	N	N	N	N	N	N	N	N	N	N	N	N	0.0000	0.0000	0.0000	0.0000	0.0000	0.0000	0.0000	0.0000	0.0000	0.0000	0.0000	0.0000	0.0000	0.0000	0.0000	0.0000	0.0001	0.0002	0.0000	0.0002	0.0003	0.0000	0.0000	0.0000	0.0000	0.0032	0.0000	-0.0000	0.0000	6.9981	2.0009	25.9787	0.0000	0.0000	0.0000	0.0000	0.0000	0.0000	0.0000	0.0000	0.0000	0.0000	0.0000	0.0000	0.0000	0.0000	0.0000	0.0000	0.0000	0.0000	0.0004	0.0003	0.0001	0.0002	0.0002	0.0000	0.0002	0.0001	0.0001	0.0732	0.0497	0.0235	0.0413	0.0328	0.0085	0.0319	0.0169	0.0150	0.0000	0.0000	0.0000	0.0000	0.0000	0.0000	0.0000	0.0000	0.0000	0.0001	0.0002	0.0000	0.0002	0.0003	0.0000	0.0000	0.0000	0.0000			
19	38	0.5252	9	0	1	1	1	0	0	0	0	N	N	N	N	N	N	N	N	N	N	N	N	0.0000	0.0000	0.0000	0.0000	0.0000	0.0000	0.0000	0.0000	0.0000	0.0000	0.0000	0.0000	0.0000	0.0000	0.0000	0.0027	0.0000	0.0080	0.0052	0.0000	0.0289	0.0000	0.0000	0.0000	inf	0.0000	0.0001	0.0000	4.7553	2.0009	10.1994	0.0000	0.0000	0.0000	0.0000	0.0000	0.0000	0.0000	0.0000	0.0000	0.0001	0.0000	0.0001	0.0001	0.0000	0.0001	0.0000	0.0000	0.0000	0.0003	0.0002	0.0001	0.0001	0.0001	0.0000	0.0001	0.0001	0.0001	0.0400	0.0266	0.0135	0.0207	0.0170	0.0037	0.0193	0.0096	0.0097	0.0000	0.0000	0.0000	0.0000	0.0000	0.0000	0.0000	0.0000	0.0000	0.0027	0.0000	0.0080	0.0052	0.0000	0.0289	0.0000	0.0000	0.0000				
19	39	0.4675	7	1	1	1	1	0	0	0	0	N	N	N	N	N	N	N	N	N	N	N	N	0.0000	0.0000	0.0000	0.0000	0.0000	0.0000	0.0000	0.0000	0.0000	0.0000	0.0000	0.0000	0.0000	0.0000	0.0000	0.0000	0.0000	0.0000	0.0000	0.0000	0.0000	5.0000	2.0009	27.3229	0.0000	0.0000	0.0000	0.0000	0.0000	0.0000	0.0000	0.0000	0.0000	0.0000	0.0000	0.0000	0.0000	0.0000	0.0000	0.0000	0.0000	0.0000	0.0003	0.0002	0.0001	0.0001	0.0001	0.0000	0.0001	0.0001	0.0001	0.0711	0.0476	0.0235	0.0343	0.0286	0.0056	0.0368	0.0189	0.0179	0.0000	0.0000	0.0000	0.0000	0.0000	0.0000	0.0000	0.0000	0.0000	0.0000	0.0000	0.0000	0.0000	0.0000	0.0000	0.0000	0.0000	0.0000											
19	40	0.5414	9	0	1	1	1	0	0	0	0	N	N	N	N	N	N	N	N	N	N	N	N	0.0000	0.0000	0.0000	0.0000	0.0000	0.0000	0.0000	0.0000	0.0000	0.0000	0.0000	0.0000	0.0000	0.0000	0.0000	0.0000	0.0000	0.0000	0.0000	0.0000	0.0000	0.0000	inf	0.0000	0.0000	0.0000	7.0019	2.0009	21.4344	0.0000	0.0000	0.0000	0.0000	0.0000	0.0000	0.0000	0.0000	0.0000	0.0000	0.0000	0.0000	0.0000	0.0000	0.0000	0.0000	0.0000	0.0000	0.0004	0.0003	0.0001	0.0002	0.0002	0.0000	0.0002	0.0001	0.0001	0.0650	0.0441	0.0209	0.0369	0.0293	0.0076	0.0281	0.0148	0.0133	0.0000	0.0000	0.0000	0.0000	0.0000	0.0000	0.0000	0.0000	0.0000	0.0000	0.0000	0.0000	0.0000	0.0000	0.0000	0.0000	0.0000	0.0000						
19	41	0.2739	6	0	1	1	1	0	0	0	0	N	N	N	N	N	N	N	N	N	N	N	N	0.0000	0.0000	0.0000	0.0000	0.0000	0.0000	0.0000	0.0000	0.0000	0.0000	0.0000	0.0000	0.0000	0.0000	0.0000	0.0000	0.0000	0.0000	0.0000	0.0000	0.0000	0.0000	0.0000	0.0000	-0.0000	0.0000	8.1446	2.0009	10.2519	0.0000	0.0000	0.0000	0.0000	0.0000	0.0000	0.0000	0.0000	0.0000	0.0000	0.0000	0.0000	0.0000	0.0000	0.0000	0.0000	0.0000	0.0000	0.0007	0.0006	0.0001	0.0007	0.0006	0.0001	0.0000	0.0000	0.0000	0.0442	0.0281	0.0161	0.0106	0.0094	0.0011	0.0337	0.0186	0.0150	0.0000	0.0000	0.0000	0.0000	0.0000	0.0000	0.0000	0.0000	0.0000	0.0000	0.0000	0.0000	0.0000	0.0000	0.0000	0.0000	0.0000	0.0000						
19	42	0.5414	9	0	1	1	1	0	0	0	0	N	N	N	N	N	N	N	N	N	N	N	N	0.0000	0.0000	0.0000	0.0000	0.0000	0.0000	0.0000	0.0000	0.0000	0.0000	0.0000	0.0000	0.0000	0.0000	0.0000	0.0000	0.0000	0.0000	0.0000	0.0000	0.0000	0.0000	inf	0.0000	0.0000	0.0000	5.9981	2.0009	11.5875	0.0000	0.0000	0.0000	0.0000	0.0000	0.0000	0.0000	0.0000	0.0000	0.0000	0.0000	0.0000	0.0000	0.0000	0.0000	0.0000	0.0000	0.0000	0.0003	0.0003	0.0001	0.0002	0.0002	0.0000	0.0002	0.0001	0.0001	0.0442	0.0299	0.0143	0.0258	0.0203	0.0055	0.0184	0.0097	0.0087	0.0000	0.0000	0.0000	0.0000	0.0000	0.0000	0.0000	0.0000	0.0000	0.0000	0.0000	0.0000	0.0000	0.0000	0.0000	0.0000	0.0000	0.0000						
19	43	0.6251	9	0	1	2	2	0	0	0	0	N	N	Y	Y	N	N	N	N	N	N	N	N	0.0000	0.0000	0.0000	0.0000	0.0000	0.0000	0.0000	0.0000	0.0000	0.0000	0.0000	0.0000	0.0000	0.0000	0.0000	0.0000	0.0000	0.0000	0.0007	0.0009	0.0001	0.0013	0.0014	0.0000	0.0001	0.0000	0.0001	0.0256	0.0000	-0.0000	0.0000	1.0007	2.0009	2.4334	0.0000	0.0000	0.0000	0.0000	0.0000	0.0000	0.0000	0.0000	0.0000	0.0000	0.0000	0.0000	0.0000	0.0000	0.0000	0.0000	0.0000	0.0000	0.0001	0.0000	0.0000	0.0000	0.0000	0.0000	0.0000	0.0000	0.0000	0.0176	0.0133	0.0042	0.0088	0.0081	0.0007	0.0087	0.0052	0.0035	0.0000	0.0000	0.0000	0.0000	0.0000	0.0000	0.0000	0.0000	0.0000	0.0007	0.0009	0.0001	0.0013	0.0014	0.0000	0.0001	0.0000	0.0001	
19	44	0.5879	8	0	0	1	2	0	0	0	0	N	N	N	Y	N	N	N	N	N	N	N	N	0.0000	0.0000	0.0000	0.0000	0.0000	0.0000	0.0000	0.0000	0.0000	0.0000	0.0000	0.0000	0.0000	0.0000	0.0000	0.0000	0.0000	0.0000	0.0239	0.0322	0.0033	0.0095	0.0109	0.0010	0.0402	0.0702	0.0040	0.0405	0.0000	-0.0006	0.0000	1.0391	2.0009	15.0482	0.0000	0.0000	0.0000	0.0000	0.0000	0.0000	0.0000	0.0000	0.0000	0.0015	0.0014	0.0001	0.0003	0.0003	0.0000	0.0012	0.0011	0.0001	0.0001	0.0000	0.0000	0.0000	0.0000	0.0000	0.0000	0.0000	0.0000	0.0616	0.0440	0.0176	0.0327	0.0282	0.0045	0.0289	0.0158	0.0131	0.0000	0.0000	0.0000	0.0000	0.0000	0.0000	0.0000	0.0000	0.0000	0.0239	0.0322	0.0033	0.0095	0.0109	0.0010	0.0402	0.0702	0.0040	
19	45	0.4675	7	0	1	1	1	0	0	0	0	N	N	N	N	N	N	N	N	N	N	N	N	0.0000	0.0000	0.0000	0.0000	0.0000	0.0000	0.0000	0.0000	0.0000	0.0000	0.0000	0.0000	0.0000	0.0000	0.0000	0.0000	0.0000	0.0000	0.0000	0.0000	0.0000	0.0000	0.0000	0.0000	-0.0000	0.0000	12.0036	2.0009	21.9053	0.0000	0.0000	0.0000	0.0000	0.0000	0.0000	0.0000	0.0000	0.0000	0.0000	0.0000	0.0000	0.0000	0.0000	0.0000	0.0000	0.0000	0.0000	0.0006	0.0005	0.0001	0.0003	0.0003	0.0000	0.0003	0.0002	0.0001	0.0748	0.0501	0.0247	0.0360	0.0301	0.0059	0.0388	0.0200	0.0188	0.0000	0.0000	0.0000	0.0000	0.0000	0.0000	0.0000	0.0000	0.0000	0.0000	0.0000	0.0000	0.0000	0.0000	0.0000	0.0000	0.0000	0.0000						
19	46	0.0470	5	1	1	1	1	0	0	0	0	N	N	N	N	N	N	N	N	N	N	N	N	0.0000	0.0000	0.0000	0.0000	0.0000	0.0000	0.0000	0.0000	0.0000	0.0000	0.0000	0.0000	0.0000	0.0000	0.0000	0.0000	0.0017	0.0029	0.0001	0.0205	0.0229	0.0000	0.0000	0.0000	0.0001	0.0254	0.0000	-0.0000	0.0000	2.0120	2.0009	1.9924	0.0000	0.0000	0.0000	0.0000	0.0000	0.0000	0.0000	0.0000	0.0000	0.0000	0.0000	0.0000	0.0000	0.0000	0.0000	0.0000	0.0000	0.0000	0.0001	0.0001	0.0000	0.0001	0.0001	0.0000	0.0000	0.0000	0.0000	0.0118	0.0067	0.0051	0.0010	0.0009	0.0001	0.0109	0.0059	0.0050	0.0000	0.0000	0.0000	0.0000	0.0000	0.0000	0.0000	0.0000	0.0000	0.0017	0.0029	0.0001	0.0205	0.0229	0.0000	0.0000	0.0000	0.0001			
19	47	0.5720	13	1	1	1	1	0	0	0	0	N	N	N	N	N	N	N	N	N	N	N	N	0.0000	0.0000	0.0000	0.0000	0.0000	0.0000	0.0000	0.0000	0.0000	0.0000	0.0000	0.0000	0.0000	0.0000	0.0000	0.0022	0.0033	0.0000	0.0044	0.0052	0.0000	0.0000	0.0000	0.0000	0.0000	0.0000	-0.0000	0.0000	0.0002	2.0009	4.0036	0.0000	0.0000	0.0000	0.0000	0.0000	0.0000	0.0000	0.0000	0.0000	0.0000	0.0000	0.0000	0.0000	0.0000	0.0000	0.0000	0.0000	0.0000	0.0000	0.0000	0.0000	0.0000	0.0000	0.0000	0.0000	0.0000	0.0000	0.0090	0.0061	0.0029	0.0046	0.0038	0.0007	0.0044	0.0023	0.0022	0.0000	0.0000	0.0000	0.0000	0.0000	0.0000	0.0000	0.0000	0.0000	0.0022	0.0033	0.0000	0.0044	0.0052	0.0000	0.0000	0.0000	0.0000				
19	48	0.4675	7	0	1	1	2	0	0	0	0	N	N	N	Y	N	N	N	N	N	N	N	N	705.3590	inf	0.0000	1309.0209	inf	0.0000	0.0000	0.0000	0.1249	0.1577	0.0000	0.2443	0.2459	0.0000	0.0000	0.0000	0.0000	0.0002	0.0000	0.0005	0.0002	0.0000	0.0011	0.0002	0.0000	0.0004	0.0000	inf	-0.0000	0.0000	0.0000	6.0036	2.0009	51.7820	0.0000	0.0000	0.0000	0.0000	0.0000	0.0000	0.0000	0.0000	0.0000	0.0000	0.0000	0.0000	0.0000	0.0000	0.0000	0.0000	0.0000	0.0000	0.0003	0.0003	0.0001	0.0002	0.0002	0.0000	0.0002	0.0001	0.0001	0.1130	0.0755	0.0374	0.0536	0.0445	0.0090	0.0594	0.0310	0.0284	705.3590	inf	0.0000	1309.0209	inf	0.0000	0.0000	0.0000	0.0000	0.0002	0.0000	0.0005	0.0002	0.0000	0.0011	0.0002	0.0000	0.0004	
19	49	0.4675	7	1	1	1	1	0	0	0	0	N	N	N	N	N	N	N	N	N	N	N	N	0.0000	0.0000	0.0000	0.0000	0.0000	0.0000	0.0000	0.0000	0.0000	0.0000	0.0000	0.0000	0.0000	0.0000	0.0000	0.0000	0.0000	17.7129	0.0003	99.3571	0.0002	0.0003	0.0000	22.4375	0.0004	113.2156	49995.5004	0.0000	0.5416	0.0000	5.9964	2.0009	34.6547	0.0000	0.0000	0.0000	0.0000	0.0000	0.0000	0.0000	0.0000	0.0000	1.0000	0.0000	1.0000	0.0000	0.0000	0.0000	1.0000	0.0000	1.0000	0.0003	0.0003	0.0001	0.0002	0.0002	0.0000	0.0002	0.0001	0.0001	0.0856	0.0573	0.0283	0.0410	0.0342	0.0068	0.0446	0.0231	0.0215	0.0000	0.0000	0.0000	0.0000	0.0000	0.0000	0.0000	0.0000	0.0000	11.6804	0.0003	35.3101	0.0002	0.0003	0.0000	22.4375	0.0004	46.4828		
19	50	0.5570	8	0	0	2	1	0	0	0	0	N	N	Y	N	N	N	N	N	N	N	N	N	17.6299	0.0000	167.5559	0.0409	0.0000	48.7904	61.9795	0.0000	130.3244	0.0077	0.0000	0.0377	0.0000	0.0000	0.0038	0.0157	0.0000	0.0383	0.0004	0.0005	0.0002	0.0006	0.0007	0.0001	0.0003	0.0002	0.0003	inf	0.1843	0.0000	-0.0000	0.0000	31.2093	2.0009	46.3939	0.0000	0.0000	0.0000	0.0000	0.0000	0.0000	0.0000	0.0000	0.0000	0.0001	0.0001	0.0000	0.0001	0.0001	0.0000	0.0000	0.0000	0.0000	0.0016	0.0013	0.0003	0.0008	0.0008	0.0000	0.0008	0.0005	0.0003	0.1753	0.1224	0.0530	0.0943	0.0775	0.0168	0.0811	0.0449	0.0362	17.6299	0.0000	167.5559	0.0409	0.0000	48.7904	61.9795	0.0000	130.3244	0.0004	0.0005	0.0002	0.0006	0.0007	0.0001	0.0003	0.0002	0.0003
19	51	0.5042	8	0	1	1	1	0	0	0	0	N	N	N	N	N	N	N	N	N	N	N	N	0.0000	0.0000	0.0000	0.0000	0.0000	0.0000	0.0000	0.0000	0.0000	0.0000	0.0000	0.0000	0.0000	0.0000	0.0000	0.0000	0.0000	0.0000	0.0000	0.0000	0.0001	0.0000	0.0000	0.0000	inf	0.0000	0.0000	0.0000	4.1516	2.0009	14.5664	0.0000	0.0000	0.0000	0.0000	0.0000	0.0000	0.0000	0.0000	0.0000	0.0000	0.0000	0.0000	0.0000	0.0000	0.0000	0.0000	0.0000	0.0000	0.0002	0.0002	0.0000	0.0001	0.0001	0.0000	0.0001	0.0001	0.0000	0.0606	0.0424	0.0182	0.0317	0.0268	0.0049	0.0289	0.0155	0.0133	0.0000	0.0000	0.0000	0.0000	0.0000	0.0000	0.0000	0.0000	0.0000	0.0000	0.0000	0.0000	0.0000	0.0000	0.0001	0.0000	0.0000	0.0000				
19	52	0.5847	10	1	0	2	1	0	0	0	0	N	N	Y	N	N	N	N	N	N	N	N	N	0.0000	0.0000	0.0000	0.0000	0.0000	0.0000	0.0000	0.0000	0.0000	0.0000	0.0000	0.0000	0.0000	0.0000	0.0000	0.0000	0.0000	0.0000	0.0001	0.0001	0.0000	0.0000	0.0000	0.0000	0.0182	0.0000	-0.0000	0.0000	0.0028	2.0009	0.9232	0.0000	0.0000	0.0000	0.0000	0.0000	0.0000	0.0000	0.0000	0.0000	0.0000	0.0000	0.0000	0.0000	0.0000	0.0000	0.0000	0.0000	0.0000	0.0000	0.0000	0.0000	0.0000	0.0000	0.0000	0.0000	0.0000	0.0000	0.0049	0.0031	0.0018	0.0025	0.0023	0.0002	0.0023	0.0008	0.0016	0.0000	0.0000	0.0000	0.0000	0.0000	0.0000	0.0000	0.0000	0.0000	0.0000	0.0000	0.0000	0.0001	0.0001	0.0000	0.0000	0.0000	0.0000				
19	53	0.3972	10	0	1	1	1	0	0	0	0	N	N	N	N	N	N	N	N	N	N	N	N	0.0100	0.0080	0.0000	0.0080	0.0072	0.0000	0.0000	0.0000	0.0000	0.0000	0.0000	0.0001	0.0001	0.0000	0.0000	0.0000	0.0000	0.0031	0.0047	0.0000	0.0077	0.0086	0.0000	0.0000	0.0000	0.0000	0.0000	0.0007	-0.0000	-0.0001	0.0000	8.5400	2.0009	19.3759	0.0000	0.0000	0.0000	0.0000	0.0000	0.0000	0.0000	0.0000	0.0000	0.0003	0.0003	0.0000	0.0003	0.0003	0.0000	0.0000	0.0000	0.0000	0.0006	0.0005	0.0001	0.0003	0.0003	0.0000	0.0003	0.0002	0.0001	0.0899	0.0585	0.0314	0.0359	0.0321	0.0039	0.0540	0.0264	0.0276	0.0100	0.0080	0.0000	0.0080	0.0072	0.0000	0.0000	0.0000	0.0000	0.0031	0.0047	0.0000	0.0077	0.0086	0.0000	0.0000	0.0000	0.0000	
19	54	0.3342	9	0	0	1	1	0	0	0	0	N	N	N	N	N	N	N	N	N	N	N	N	0.3268	0.4354	0.0714	0.4328	0.3937	0.0000	0.0449	0.0000	0.0648	0.0007	0.0008	0.0002	0.0013	0.0013	0.0000	0.0001	0.0000	0.0002	0.0021	0.0019	0.0026	0.0030	0.0033	0.0001	0.0016	0.0003	0.0029	0.0537	0.7314	-0.0000	-0.0000	0.0000	7.3474	2.0009	24.2346	0.0000	0.0000	0.0000	0.0000	0.0000	0.0000	0.0000	0.0000	0.0000	0.0002	0.0001	0.0001	0.0001	0.0001	0.0000	0.0001	0.0000	0.0001	0.0005	0.0004	0.0001	0.0002	0.0002	0.0000	0.0002	0.0002	0.0001	0.1015	0.0667	0.0348	0.0379	0.0343	0.0037	0.0636	0.0324	0.0311	0.3268	0.4354	0.0714	0.4328	0.3937	0.0000	0.0449	0.0000	0.0648	0.0021	0.0019	0.0026	0.0030	0.0033	0.0001	0.0016	0.0003	0.0029
19	55	0.3044	8	0	0	1	1	0	0	0	0	N	N	N	N	N	N	N	N	N	N	N	N	7.5018	11.3856	1.6027	11.1937	10.5043	0.0000	1.1712	0.0000	1.4892	0.0181	0.0213	0.0057	0.0336	0.0337	0.0000	0.0024	0.0000	0.0058	0.0024	0.0019	0.0036	0.0030	0.0032	0.0000	0.0020	0.0004	0.0039	0.0702	0.8858	-0.0000	0.0000	0.0000	3.4216	2.0009	15.9376	0.0000	0.0000	0.0000	0.0000	0.0000	0.0000	0.0000	0.0000	0.0000	0.0002	0.0001	0.0001	0.0001	0.0001	0.0000	0.0001	0.0000	0.0001	0.0002	0.0002	0.0001	0.0001	0.0001	0.0000	0.0001	0.0001	0.0001	0.0821	0.0560	0.0261	0.0317	0.0296	0.0021	0.0505	0.0265	0.0240	7.5018	11.3856	1.6027	11.1937	10.5043	0.0000	1.1712	0.0000	1.4892	0.0024	0.0019	0.0036	0.0030	0.0032	0.0000	0.0020	0.0004	0.0039
19	56	0.5879	8	0	1	1	1	0	0	0	0	N	N	N	N	N	N	N	N	N	N	N	N	0.0000	0.0000	0.0000	0.0000	0.0000	0.0000	0.0000	0.0000	0.0000	0.0000	0.0000	0.0000	0.0000	0.0000	0.0000	0.0000	0.0000	0.0000	0.0249	0.0351	0.0000	0.0180	0.0210	0.0000	0.0324	0.0591	0.0000	0.0000	0.0000	-0.0008	0.0000	0.9891	2.0009	20.6926	0.0000	0.0000	0.0000	0.0000	0.0000	0.0000	0.0000	0.0000	0.0000	0.0018	0.0018	0.0000	0.0007	0.0007	0.0000	0.0011	0.0011	0.0000	0.0001	0.0000	0.0000	0.0000	0.0000	0.0000	0.0000	0.0000	0.0000	0.0718	0.0509	0.0210	0.0375	0.0321	0.0054	0.0343	0.0188	0.0155	0.0000	0.0000	0.0000	0.0000	0.0000	0.0000	0.0000	0.0000	0.0000	0.0249	0.0351	0.0000	0.0180	0.0210	0.0000	0.0324	0.0591	0.0000	
19	57	0.4675	7	0	0	1	1	0	0	0	0	N	N	N	N	N	N	N	N	N	N	N	N	0.0000	0.0000	0.0000	0.0000	0.0000	0.0000	0.0000	0.0000	0.0000	0.0000	0.0000	0.0000	0.0000	0.0000	0.0000	0.0000	0.0000	0.0000	16.5596	32.1790	0.0062	0.0036	0.0041	0.0011	20.8546	40.2176	0.0078	0.0002	-0.0000	-0.4577	0.0000	5.0326	2.0009	39.3193	0.0000	0.0000	0.0000	0.0000	0.0000	0.0000	0.0000	0.0000	0.0000	0.9990	0.9989	0.0002	0.0002	0.0002	0.0000	0.9989	0.9987	0.0002	0.0003	0.0002	0.0001	0.0001	0.0001	0.0000	0.0001	0.0001	0.0001	0.0918	0.0614	0.0304	0.0439	0.0366	0.0073	0.0479	0.0248	0.0231	0.0000	0.0000	0.0000	0.0000	0.0000	0.0000	0.0000	0.0000	0.0000	10.8818	16.2603	0.0062	0.0036	0.0041	0.0011	20.8546	40.2176	0.0078	
19	58	0.4675	7	0	1	1	2	0	0	0	0	N	N	N	Y	N	N	N	N	N	N	N	N	0.0000	0.0000	0.0000	0.0000	0.0000	0.0000	0.0000	0.0000	0.0000	0.0000	0.0000	0.0000	0.0000	0.0001	0.0000	0.0003	0.0002	0.0000	0.0014	0.0000	0.0000	0.0000	inf	0.0000	0.0000	0.0000	5.0036	2.0009	36.7244	0.0000	0.0000	0.0000	0.0000	0.0000	0.0000	0.0000	0.0000	0.0000	0.0000	0.0000	0.0000	0.0000	0.0000	0.0000	0.0000	0.0000	0.0000	0.0003	0.0002	0.0001	0.0001	0.0001	0.0000	0.0001	0.0001	0.0001	0.0874	0.0585	0.0289	0.0419	0.0349	0.0070	0.0455	0.0236	0.0220	0.0000	0.0000	0.0000	0.0000	0.0000	0.0000	0.0000	0.0000	0.0000	0.0001	0.0000	0.0003	0.0002	0.0000	0.0014	0.0000	0.0000	0.0000						
19	59	0.2847	8	0	1	1	2	0	0	0	0	N	N	N	Y	N	N	N	N	N	N	N	N	0.0000	0.0000	0.0000	0.0000	0.0000	0.0000	0.0000	0.0000	0.0000	0.0000	0.0000	0.0000	0.0000	0.0000	0.0000	0.0000	0.0000	0.0001	0.0001	0.0000	0.0002	0.0002	0.0000	0.0000	0.0000	0.0000	0.0768	0.0000	-0.0000	0.0000	10.4254	2.0009	21.2017	0.0000	0.0000	0.0000	0.0000	0.0000	0.0000	0.0000	0.0000	0.0000	0.0000	0.0000	0.0000	0.0000	0.0000	0.0000	0.0000	0.0000	0.0000	0.0007	0.0006	0.0001	0.0004	0.0004	0.0000	0.0004	0.0002	0.0001	0.1164	0.0794	0.0370	0.0459	0.0411	0.0048	0.0705	0.0383	0.0322	0.0000	0.0000	0.0000	0.0000	0.0000	0.0000	0.0000	0.0000	0.0000	0.0001	0.0001	0.0000	0.0002	0.0002	0.0000	0.0000	0.0000	0.0000		
19	60	0.5847	10	1	0	2	1	0	0	0	0	N	N	Y	N	N	N	N	N	N	N	N	N	0.0000	0.0000	0.0000	0.0000	0.0000	0.0000	0.0000	0.0000	0.0000	0.0000	0.0000	0.0000	0.0000	0.0000	0.0000	0.0000	0.0000	0.0000	0.0000	0.0000	0.0000	0.0000	0.0000	0.0000	0.0182	0.0000	-0.0000	0.0000	1.9981	2.0009	3.0867	0.0000	0.0000	0.0000	0.0000	0.0000	0.0000	0.0000	0.0000	0.0000	0.0000	0.0000	0.0000	0.0000	0.0000	0.0000	0.0000	0.0000	0.0000	0.0001	0.0001	0.0000	0.0001	0.0001	0.0000	0.0001	0.0000	0.0000	0.0142	0.0094	0.0049	0.0075	0.0063	0.0013	0.0067	0.0031	0.0036	0.0000	0.0000	0.0000	0.0000	0.0000	0.0000	0.0000	0.0000	0.0000	0.0000	0.0000	0.0000	0.0000	0.0000	0.0000	0.0000	0.0000	0.0000				
19	61	0.5414	9	1	0	2	1	0	0	0	0	N	N	Y	N	N	N	N	N	N	N	N	N	0.0000	0.0000	0.0000	0.0000	0.0000	0.0000	0.0000	0.0000	0.0000	0.0000	0.0000	0.0000	0.0000	0.0088	0.0131	0.0000	0.0152	0.0193	0.0000	0.0000	0.0000	0.0000	0.0000	0.0000	-0.0002	0.0000	4.0039	2.0009	14.0733	0.0000	0.0000	0.0000	0.0000	0.0000	0.0000	0.0000	0.0000	0.0000	0.0004	0.0004	0.0000	0.0004	0.0004	0.0000	0.0000	0.0000	0.0000	0.0002	0.0002	0.0000	0.0001	0.0001	0.0000	0.0001	0.0001	0.0000	0.0452	0.0306	0.0146	0.0263	0.0207	0.0056	0.0189	0.0099	0.0090	0.0000	0.0000	0.0000	0.0000	0.0000	0.0000	0.0000	0.0000	0.0000	0.0088	0.0131	0.0000	0.0152	0.0193	0.0000	0.0000	0.0000	0.0000						
19	62	0.5608	10	1	0	2	1	0	0	0	0	N	N	Y	N	N	N	N	N	N	N	N	N	0.0000	0.0000	0.0000	0.0000	0.0000	0.0000	0.0000	0.0000	0.0000	0.0000	0.0000	0.0000	0.0000	0.0000	0.0000	0.0000	0.0000	0.0017	0.0003	0.0047	0.0013	0.0005	0.0050	0.0022	0.0000	0.0045	7.7159	0.0000	0.0000	0.0000	0.0060	2.0009	17.2393	0.0000	0.0000	0.0000	0.0000	0.0000	0.0000	0.0000	0.0000	0.0000	0.0001	0.0000	0.0001	0.0000	0.0000	0.0000	0.0000	0.0000	0.0000	0.0000	0.0000	0.0000	0.0000	0.0000	0.0000	0.0000	0.0000	0.0000	0.0382	0.0256	0.0125	0.0204	0.0164	0.0040	0.0178	0.0092	0.0085	0.0000	0.0000	0.0000	0.0000	0.0000	0.0000	0.0000	0.0000	0.0000	0.0017	0.0003	0.0047	0.0013	0.0005	0.0050	0.0022	0.0000	0.0045		
19	63	0.5042	8	0	0	2	1	0	0	0	0	N	N	Y	N	N	N	N	N	N	N	N	N	0.0000	0.0000	0.0000	0.0000	0.0000	0.0000	0.0000	0.0000	0.0000	0.0000	0.0000	0.0000	0.0000	0.0000	0.0000	0.0000	0.0000	0.0000	0.0000	0.0000	0.0002	0.0000	0.0000	0.0000	inf	0.0000	0.0000	0.0000	1.0230	2.0009	12.1924	0.0000	0.0000	0.0000	0.0000	0.0000	0.0000	0.0000	0.0000	0.0000	0.0000	0.0000	0.0000	0.0000	0.0000	0.0000	0.0000	0.0000	0.0000	0.0001	0.0000	0.0000	0.0000	0.0000	0.0000	0.0000	0.0000	0.0000	0.0499	0.0353	0.0146	0.0268	0.0228	0.0040	0.0231	0.0124	0.0106	0.0000	0.0000	0.0000	0.0000	0.0000	0.0000	0.0000	0.0000	0.0000	0.0000	0.0000	0.0000	0.0000	0.0000	0.0002	0.0000	0.0000	0.0000				
19	64	0.4675	7	0	0	1	1	0	0	0	0	N	N	N	N	N	N	N	N	N	N	N	N	0.0000	0.0000	0.0000	0.0000	0.0000	0.0000	0.0000	0.0000	0.0000	0.0000	0.0000	0.0000	0.0000	0.0000	0.0000	0.0003	0.0000	0.0008	0.0005	0.0000	0.0034	0.0000	0.0000	0.0000	78.6431	-0.0000	0.0000	0.0000	2.4556	2.0009	12.4191	0.0000	0.0000	0.0000	0.0000	0.0000	0.0000	0.0000	0.0000	0.0000	0.0000	0.0000	0.0000	0.0000	0.0000	0.0000	0.0000	0.0000	0.0000	0.0001	0.0001	0.0000	0.0001	0.0001	0.0000	0.0001	0.0000	0.0000	0.0375	0.0252	0.0123	0.0183	0.0155	0.0028	0.0192	0.0096	0.0096	0.0000	0.0000	0.0000	0.0000	0.0000	0.0000	0.0000	0.0000	0.0000	0.0003	0.0000	0.0008	0.0005	0.0000	0.0034	0.0000	0.0000	0.0000				
19	65	0.5898	9	0	1	1	1	0	0	0	0	N	N	N	N	N	N	N	N	N	N	N	N	2.7249	2.5016	0.0000	2.8523	2.4552	0.0000	0.0000	0.0000	0.0000	0.0013	0.0017	0.0000	0.0026	0.0026	0.0000	0.0000	0.0000	0.0000	0.0005	0.0007	0.0000	0.0009	0.0011	0.0000	0.0000	0.0000	0.0000	0.0000	0.0041	-0.0000	-0.0000	0.0000	1.7555	2.0009	11.9300	0.0000	0.0000	0.0000	0.0000	0.0000	0.0000	0.0000	0.0000	0.0000	0.0000	0.0000	0.0000	0.0000	0.0000	0.0000	0.0000	0.0000	0.0000	0.0001	0.0001	0.0000	0.0000	0.0000	0.0000	0.0000	0.0000	0.0000	0.0399	0.0288	0.0111	0.0213	0.0182	0.0031	0.0186	0.0106	0.0080	2.7249	2.5016	0.0000	2.8523	2.4552	0.0000	0.0000	0.0000	0.0000	0.0005	0.0007	0.0000	0.0009	0.0011	0.0000	0.0000	0.0000	0.0000
19	66	0.5689	11	1	1	2	1	0	0	0	0	N	N	Y	N	N	N	N	N	N	N	N	N	0.0000	0.0000	0.0000	0.0000	0.0000	0.0000	0.0000	0.0000	0.0000	0.0000	0.0000	0.0000	0.0000	0.0000	0.0000	0.0000	0.0000	0.0000	0.0000	0.0000	0.0000	0.0000	2.0009	0.0000	0.0000	0.0000	0.0000	0.0000	0.0000	0.0000	0.0000	0.0000	0.0000	0.0000	0.0000	0.0000	0.0000	0.0000	0.0000	0.0000	0.0000	0.0000	0.0000	0.0000	0.0000	0.0000	0.0000	0.0000	0.0000	0.0000	0.0000	0.0000	0.0000	0.0000	0.0000	0.0000	0.0000	0.0000	0.0000	0.0000	0.0000	0.0000	0.0000	0.0000	0.0000	0.0000	0.0000	0.0000	0.0000	0.0000	0.0000	0.0000	0.0000	0.0000	0.0000	0.0000	0.0000	0.0000											
19	67	0.3755	8	1	1	2	1	0	0	0	0	N	N	Y	N	N	N	N	N	N	N	N	N	0.0000	0.0000	0.0000	0.0000	0.0000	0.0000	0.0000	0.0000	0.0000	0.0000	0.0000	0.0000	0.0000	0.0000	0.0000	0.0000	0.0000	0.0000	0.0000	0.0000	0.0000	1.0000	2.0009	3.0000	0.0000	0.0000	0.0000	0.0000	0.0000	0.0000	0.0000	0.0000	0.0000	0.0000	0.0000	0.0000	0.0000	0.0000	0.0000	0.0000	0.0000	0.0000	0.0001	0.0001	0.0000	0.0001	0.0001	0.0000	0.0000	0.0000	0.0000	0.0087	0.0053	0.0034	0.0018	0.0015	0.0003	0.0069	0.0038	0.0031	0.0000	0.0000	0.0000	0.0000	0.0000	0.0000	0.0000	0.0000	0.0000	0.0000	0.0000	0.0000	0.0000	0.0000	0.0000	0.0000	0.0000	0.0000											
19	68	0.5689	11	1	1	2	1	0	0	0	0	N	N	Y	N	N	N	N	N	N	N	N	N	0.0000	0.0000	0.0000	0.0000	0.0000	0.0000	0.0000	0.0000	0.0000	0.0000	0.0000	0.0000	0.0000	0.0000	0.0000	0.0000	0.0000	0.0000	0.0000	0.0000	0.0000	1.0000	2.0009	0.0000	0.0000	0.0000	0.0000	0.0000	0.0000	0.0000	0.0000	0.0000	0.0000	0.0000	0.0000	0.0000	0.0000	0.0000	0.0000	0.0000	0.0000	0.0000	0.0001	0.0000	0.0000	0.0000	0.0000	0.0000	0.0000	0.0000	0.0000	0.0022	0.0015	0.0008	0.0010	0.0008	0.0002	0.0012	0.0006	0.0006	0.0000	0.0000	0.0000	0.0000	0.0000	0.0000	0.0000	0.0000	0.0000	0.0000	0.0000	0.0000	0.0000	0.0000	0.0000	0.0000	0.0000	0.0000											
19	69	0.5524	10	1	1	2	1	0	0	0	0	N	N	Y	N	N	N	N	N	N	N	N	N	0.0000	0.0000	0.0000	0.0000	0.0000	0.0000	0.0000	0.0000	0.0000	0.0000	0.0000	0.0000	0.0000	0.0000	0.0000	0.0000	0.0000	0.0000	0.0000	0.0000	0.0000	0.0000	0.0000	0.0000	inf	0.0000	0.0000	0.0000	1.0155	2.0009	5.9708	0.0000	0.0000	0.0000	0.0000	0.0000	0.0000	0.0000	0.0000	0.0000	0.0000	0.0000	0.0000	0.0000	0.0000	0.0000	0.0000	0.0000	0.0000	0.0001	0.0000	0.0000	0.0000	0.0000	0.0000	0.0000	0.0000	0.0000	0.0182	0.0125	0.0056	0.0095	0.0078	0.0017	0.0087	0.0047	0.0039	0.0000	0.0000	0.0000	0.0000	0.0000	0.0000	0.0000	0.0000	0.0000	0.0000	0.0000	0.0000	0.0000	0.0000	0.0000	0.0000	0.0000	0.0000				
19	70	0.5477	9	1	0	2	1	0	0	0	0	N	N	Y	N	N	N	N	N	N	N	N	N	0.6668	0.0000	66.9121	0.0000	0.0000	0.0000	74.5392	75.6856	0.0009	0.0000	0.0043	0.0000	0.0000	0.0000	0.0015	0.0000	0.0035	0.0013	0.0018	0.0001	0.0020	0.0025	0.0001	0.0000	0.0000	0.0000	inf	0.0136	0.0000	-0.0000	0.0000	0.0406	2.0009	2.3361	0.0000	0.0000	0.0000	0.0000	0.0000	0.0000	0.0000	0.0000	0.0000	0.0000	0.0000	0.0000	0.0000	0.0000	0.0000	0.0000	0.0000	0.0000	0.0000	0.0000	0.0000	0.0000	0.0000	0.0000	0.0000	0.0000	0.0000	0.0151	0.0108	0.0043	0.0102	0.0080	0.0022	0.0049	0.0028	0.0021	0.6668	0.0000	66.9121	0.0000	0.0000	0.0000	74.5392	0.0000	75.6856	0.0013	0.0018	0.0001	0.0020	0.0025	0.0001	0.0000	0.0000	0.0000	
19	71	0.3755	8	1	1	2	1	0	0	0	0	N	N	Y	N	N	N	N	N	N	N	N	N	0.0000	0.0000	0.0000	0.0000	0.0000	0.0000	0.0000	0.0000	0.0000	0.0000	0.0000	0.0000	0.0000	0.0000	0.0000	0.0000	0.0000	0.0000	0.0000	0.0000	0.0000	0.0000	2.0009	0.0000	0.0000	0.0000	0.0000	0.0000	0.0000	0.0000	0.0000	0.0000	0.0000	0.0000	0.0000	0.0000	0.0000	0.0000	0.0000	0.0000	0.0000	0.0000	0.0000	0.0000	0.0000	0.0000	0.0000	0.0000	0.0000	0.0000	0.0000	0.0000	0.0000	0.0000	0.0000	0.0000	0.0000	0.0000	0.0000	0.0000	0.0000	0.0000	0.0000	0.0000	0.0000	0.0000	0.0000	0.0000	0.0000	0.0000	0.0000	0.0000	0.0000	0.0000	0.0000	0.0000	0.0000	0.0000											
19	72	0.3575	7	1	1	2	1	0	0	0	0	N	N	Y	N	N	N	N	N	N	N	N	N	0.0000	0.0000	0.0000	0.0000	0.0000	0.0000	0.0000	0.0000	0.0000	0.0000	0.0000	0.0000	0.0000	0.0000	0.0000	0.0000	0.0000	0.0000	0.0000	0.0000	0.0000	0.0000	inf	0.0000	0.0000	0.0000	3.9057	2.0009	1.1104	0.0000	0.0000	0.0000	0.0000	0.0000	0.0000	0.0000	0.0000	0.0000	0.0000	0.0000	0.0000	0.0000	0.0000	0.0000	0.0000	0.0000	0.0000	0.0004	0.0003	0.0000	0.0004	0.0003	0.0000	0.0000	0.0000	0.0000	0.0141	0.0093	0.0048	0.0045	0.0039	0.0006	0.0096	0.0054	0.0042	0.0000	0.0000	0.0000	0.0000	0.0000	0.0000	0.0000	0.0000	0.0000	0.0000	0.0000	0.0000	0.0000	0.0000	0.0000	0.0000	0.0000	0.0000						
19	73	0.0824	3	1	1	1	1	0	0	0	0	N	N	N	N	N	N	N	N	N	N	N	N	0.0236	0.0205	0.0000	0.0087	0.0114	0.0000	0.0000	0.0000	0.0000	0.0000	0.0000	0.0000	0.0001	0.0000	0.0000	0.0000	0.0000	0.0014	0.0022	0.0000	0.0056	0.0058	0.0001	0.0000	0.0000	0.0000	0.0000	0.0115	-0.0000	-0.0001	0.0000	6.9070	2.0009	16.5673	0.0000	0.0000	0.0000	0.0000	0.0000	0.0000	0.0000	0.0000	0.0000	0.0001	0.0001	0.0000	0.0001	0.0001	0.0000	0.0000	0.0000	0.0000	0.0028	0.0021	0.0008	0.0019	0.0014	0.0005	0.0009	0.0006	0.0002	0.0927	0.0583	0.0345	0.0233	0.0223	0.0009	0.0695	0.0359	0.0335	0.0236	0.0205	0.0000	0.0087	0.0114	0.0000	0.0000	0.0000	0.0000	0.0014	0.0022	0.0000	0.0056	0.0058	0.0001	0.0000	0.0000	0.0000	
19	74	0.3496	9	0	1	1	2	0	0	0	0	N	N	N	Y	N	N	N	N	N	N	N	N	3.1128	0.0000	617.4316	0.0000	0.0000	0.0000	440.7561	0.0000	661.5860	0.0012	0.0000	0.0065	0.0000	0.0000	0.0000	0.0025	0.0000	0.0066	0.0004	0.0006	0.0000	0.0012	0.0013	0.0000	0.0000	0.0000	0.0000	inf	0.0097	0.0000	-0.0000	0.0000	6.4226	2.0009	19.3377	0.0000	0.0000	0.0000	0.0000	0.0000	0.0000	0.0000	0.0000	0.0000	0.0000	0.0000	0.0000	0.0000	0.0000	0.0000	0.0000	0.0000	0.0000	0.0004	0.0003	0.0001	0.0002	0.0002	0.0000	0.0002	0.0001	0.0001	0.0697	0.0444	0.0253	0.0236	0.0212	0.0024	0.0462	0.0233	0.0229	3.1128	0.0000	617.4316	0.0000	0.0000	0.0000	440.7561	0.0000	661.5860	0.0004	0.0006	0.0000	0.0012	0.0013	0.0000	0.0000	0.0000	0.0000
19	75	0.3044	8	0	0	1	2	0	0	0	0	N	N	N	Y	N	N	N	N	N	N	N	N	30.9990	0.0428	2830.2253	0.0381	0.0353	38.9139	2235.3767	0.0000	2676.4242	0.0976	0.0002	0.4847	0.0003	0.0003	0.0017	0.1959	0.0000	0.4895	0.0031	0.0046	0.0002	0.0082	0.0089	0.0000	0.0001	0.0000	0.0002	622.0566	0.0179	0.0000	-0.0001	0.0000	5.1932	2.0009	17.4397	0.0000	0.0000	0.0000	0.0000	0.0000	0.0000	0.0000	0.0000	0.0000	0.0003	0.0003	0.0000	0.0003	0.0003	0.0000	0.0000	0.0000	0.0000	0.0004	0.0003	0.0001	0.0002	0.0002	0.0000	0.0002	0.0001	0.0001	0.0879	0.0594	0.0285	0.0330	0.0307	0.0024	0.0549	0.0288	0.0261	30.9990	0.0428	2830.2253	0.0381	0.0353	38.9139	2235.3767	0.0000	2676.4242	0.0031	0.0046	0.0002	0.0082	0.0089	0.0000	0.0001	0.0000	0.0002
19	76	0.2674	7	0	0	1	1	0	0	0	0	N	N	N	N	N	N	N	N	N	N	N	N	12.1596	6.1426	51.5647	5.7252	5.2337	0.0000	37.7939	0.1232	46.3676	0.0227	0.0135	0.0594	0.0214	0.0215	0.0000	0.0241	0.0000	0.0600	0.0019	0.0022	0.0012	0.0037	0.0041	0.0001	0.0006	0.0001	0.0013	1.1163	0.2355	0.0000	-0.0000	0.0000	4.4918	2.0009	17.5337	0.0000	0.0000	0.0000	0.0000	0.0000	0.0000	0.0000	0.0000	0.0000	0.0002	0.0001	0.0000	0.0001	0.0001	0.0000	0.0000	0.0000	0.0000	0.0003	0.0003	0.0001	0.0002	0.0002	0.0000	0.0002	0.0001	0.0001	0.0951	0.0657	0.0294	0.0379	0.0344	0.0035	0.0573	0.0313	0.0260	12.1596	6.1426	51.5647	5.7252	5.2337	0.0000	37.7939	0.1232	46.3676	0.0019	0.0022	0.0012	0.0037	0.0041	0.0001	0.0006	0.0001	0.0013
19	77	0.5633	10	0	0	1	2	0	0	0	0	N	N	N	Y	N	N	N	N	N	N	N	N	0.0000	0.0000	0.0000	0.0000	0.0000	0.0000	0.0000	0.0000	0.0000	0.0000	0.0000	0.0000	0.0000	0.0000	0.0000	0.0000	0.0000	0.0000	0.0000	0.0000	0.0000	0.0000	0.0000	0.0000	inf	0.0000	0.0000	0.0000	0.3745	2.0009	14.7996	0.0000	0.0000	0.0000	0.0000	0.0000	0.0000	0.0000	0.0000	0.0000	0.0000	0.0000	0.0000	0.0000	0.0000	0.0000	0.0000	0.0000	0.0000	0.0000	0.0000	0.0000	0.0000	0.0000	0.0000	0.0000	0.0000	0.0000	0.0426	0.0287	0.0139	0.0197	0.0168	0.0029	0.0228	0.0119	0.0109	0.0000	0.0000	0.0000	0.0000	0.0000	0.0000	0.0000	0.0000	0.0000	0.0000	0.0000	0.0000	0.0000	0.0000	0.0000	0.0000	0.0000	0.0000				
19	78	0.5411	9	0	0	1	2	0	0	0	0	N	N	N	Y	N	N	N	N	N	N	N	N	0.0000	0.0000	0.0000	0.0000	0.0000	0.0000	0.0000	0.0000	0.0000	0.0000	0.0000	0.0000	0.0000	0.0000	0.0000	0.0000	0.0000	0.0000	0.0000	0.0000	0.0000	0.0000	0.0000	0.0000	0.0000	0.0000	1.1687	0.0000	0.0000	0.0000	1.4595	2.0009	10.3922	0.0000	0.0000	0.0000	0.0000	0.0000	0.0000	0.0000	0.0000	0.0000	0.0000	0.0000	0.0000	0.0000	0.0000	0.0000	0.0000	0.0000	0.0000	0.0001	0.0001	0.0000	0.0000	0.0000	0.0000	0.0000	0.0000	0.0000	0.0380	0.0265	0.0115	0.0193	0.0165	0.0028	0.0187	0.0100	0.0087	0.0000	0.0000	0.0000	0.0000	0.0000	0.0000	0.0000	0.0000	0.0000	0.0000	0.0000	0.0000	0.0000	0.0000	0.0000	0.0000	0.0000	0.0000		
19	79	0.5269	8	0	0	1	2	0	0	0	0	N	N	N	Y	N	N	N	N	N	N	N	N	0.0000	0.0000	0.0000	0.0000	0.0000	0.0000	0.0000	0.0000	0.0000	0.0000	0.0000	0.0000	0.0000	0.0000	0.0000	0.0000	0.0000	0.0000	0.0000	0.0000	0.0000	0.0000	0.0001	0.0000	0.0000	0.0000	7.2167	0.0000	0.0000	0.0000	1.3861	2.0009	6.3168	0.0000	0.0000	0.0000	0.0000	0.0000	0.0000	0.0000	0.0000	0.0000	0.0000	0.0000	0.0000	0.0000	0.0000	0.0000	0.0000	0.0000	0.0000	0.0001	0.0001	0.0000	0.0000	0.0000	0.0000	0.0000	0.0000	0.0000	0.0284	0.0197	0.0086	0.0151	0.0128	0.0023	0.0133	0.0070	0.0063	0.0000	0.0000	0.0000	0.0000	0.0000	0.0000	0.0000	0.0000	0.0000	0.0000	0.0000	0.0000	0.0000	0.0000	0.0001	0.0000	0.0000	0.0000		
19	80	0.4675	7	0	0	1	2	0	0	0	0	N	N	N	Y	N	N	N	N	N	N	N	N	0.0000	0.0000	0.0000	0.0000	0.0000	0.0000	0.0000	0.0000	0.0000	0.0000	0.0000	0.0000	0.0000	0.0000	0.0000	0.0002	0.0000	0.0005	0.0004	0.0000	0.0023	0.0000	0.0000	0.0000	120.0106	0.0000	0.0000	0.0000	4.0043	2.0009	19.8631	0.0000	0.0000	0.0000	0.0000	0.0000	0.0000	0.0000	0.0000	0.0000	0.0000	0.0000	0.0000	0.0000	0.0000	0.0000	0.0000	0.0000	0.0000	0.0002	0.0002	0.0000	0.0001	0.0001	0.0000	0.0001	0.0001	0.0000	0.0553	0.0371	0.0183	0.0268	0.0225	0.0043	0.0285	0.0145	0.0140	0.0000	0.0000	0.0000	0.0000	0.0000	0.0000	0.0000	0.0000	0.0000	0.0002	0.0000	0.0005	0.0004	0.0000	0.0023	0.0000	0.0000	0.0000				
19	81	0.3102	7	0	1	2	1	0	0	0	0	N	N	Y	N	N	N	N	N	N	N	N	N	0.0000	0.0000	0.0000	0.0000	0.0000	0.0000	0.0000	0.0000	0.0000	0.0000	0.0000	0.0000	0.0000	0.0000	0.0000	0.0000	0.0000	0.0000	0.0000	0.0000	0.0000	0.0000	0.0000	0.0000	0.0000	0.2853	0.0000	-0.0000	0.0000	2.0162	2.0009	4.5500	0.0000	0.0000	0.0000	0.0000	0.0000	0.0000	0.0000	0.0000	0.0000	0.0000	0.0000	0.0000	0.0000	0.0000	0.0000	0.0000	0.0000	0.0000	0.0002	0.0002	0.0000	0.0002	0.0002	0.0000	0.0000	0.0000	0.0000	0.0208	0.0137	0.0071	0.0069	0.0061	0.0008	0.0139	0.0076	0.0063	0.0000	0.0000	0.0000	0.0000	0.0000	0.0000	0.0000	0.0000	0.0000	0.0000	0.0000	0.0000	0.0000	0.0000	0.0000	0.0000	0.0000	0.0000			
19	82	0.5755	11	0	1	2	1	0	0	0	0	N	N	Y	N	N	N	N	N	N	N	N	N	0.0000	0.0000	0.0000	0.0000	0.0000	0.0000	0.0000	0.0000	0.0000	0.0000	0.0000	0.0000	0.0000	0.0000	0.0000	0.0000	0.0000	0.0000	0.0000	0.0000	0.0000	0.0000	inf	0.0000	0.0000	0.0000	3.0011	2.0009	3.7015	0.0000	0.0000	0.0000	0.0000	0.0000	0.0000	0.0000	0.0000	0.0000	0.0000	0.0000	0.0000	0.0000	0.0000	0.0000	0.0000	0.0000	0.0000	0.0002	0.0001	0.0000	0.0001	0.0001	0.0000	0.0001	0.0000	0.0000	0.0183	0.0125	0.0057	0.0106	0.0086	0.0021	0.0076	0.0040	0.0036	0.0000	0.0000	0.0000	0.0000	0.0000	0.0000	0.0000	0.0000	0.0000	0.0000	0.0000	0.0000	0.0000	0.0000	0.0000	0.0000	0.0000	0.0000						
19	83	0.5640	10	0	1	1	1	0	0	0	0	N	N	N	N	N	N	N	N	N	N	N	N	0.0000	0.0000	0.0000	0.0000	0.0000	0.0000	0.0000	0.0000	0.0000	0.0000	0.0000	0.0000	0.0000	0.0000	0.0000	0.0000	0.0000	0.0000	0.0000	0.0000	0.0000	0.0000	0.0000	0.0000	0.0000	1.9155	0.0000	0.0000	0.0000	2.0032	2.0009	4.2039	0.0000	0.0000	0.0000	0.0000	0.0000	0.0000	0.0000	0.0000	0.0000	0.0000	0.0000	0.0000	0.0000	0.0000	0.0000	0.0000	0.0000	0.0000	0.0001	0.0001	0.0000	0.0001	0.0001	0.0000	0.0001	0.0000	0.0000	0.0222	0.0150	0.0072	0.0147	0.0110	0.0037	0.0075	0.0040	0.0035	0.0000	0.0000	0.0000	0.0000	0.0000	0.0000	0.0000	0.0000	0.0000	0.0000	0.0000	0.0000	0.0000	0.0000	0.0000	0.0000	0.0000	0.0000			
19	84	0.5608	10	1	0	2	1	0	0	0	0	N	N	Y	N	N	N	N	N	N	N	N	N	0.0000	0.0000	0.0000	0.0000	0.0000	0.0000	0.0000	0.0000	0.0000	0.0000	0.0000	0.0000	0.0000	0.0000	0.0000	0.0244	0.0365	0.0000	0.0452	0.0555	0.0000	0.0000	0.0000	0.0000	0.0000	0.0000	-0.0002	0.0000	1.0052	2.0009	4.9545	0.0000	0.0000	0.0000	0.0000	0.0000	0.0000	0.0000	0.0000	0.0000	0.0004	0.0004	0.0000	0.0004	0.0004	0.0000	0.0000	0.0000	0.0000	0.0001	0.0000	0.0000	0.0000	0.0000	0.0000	0.0000	0.0000	0.0000	0.0152	0.0101	0.0050	0.0082	0.0067	0.0015	0.0070	0.0035	0.0035	0.0000	0.0000	0.0000	0.0000	0.0000	0.0000	0.0000	0.0000	0.0000	0.0244	0.0365	0.0000	0.0452	0.0555	0.0000	0.0000	0.0000	0.0000				
19	85	0.5414	9	1	0	2	1	0	0	0	0	N	N	Y	N	N	N	N	N	N	N	N	N	0.0000	0.0000	0.0000	0.0000	0.0000	0.0000	0.0000	0.0000	0.0000	0.0000	0.0000	0.0000	0.0000	0.0000	0.0000	0.0000	0.0000	0.0121	0.0179	0.0000	0.0197	0.0256	0.0000	0.0000	0.0000	0.0000	0.0002	0.0000	-0.0001	0.0000	0.9968	2.0009	7.6169	0.0000	0.0000	0.0000	0.0000	0.0000	0.0000	0.0000	0.0000	0.0000	0.0003	0.0003	0.0000	0.0003	0.0003	0.0000	0.0000	0.0000	0.0000	0.0001	0.0000	0.0000	0.0000	0.0000	0.0000	0.0000	0.0000	0.0000	0.0257	0.0173	0.0084	0.0158	0.0122	0.0036	0.0100	0.0052	0.0048	0.0000	0.0000	0.0000	0.0000	0.0000	0.0000	0.0000	0.0000	0.0000	0.0121	0.0179	0.0000	0.0197	0.0256	0.0000	0.0000	0.0000	0.0000		
19	86	0.5614	8	1	1	1	1	0	0	0	0	N	N	N	N	N	N	N	N	N	N	N	N	0.0000	0.0000	0.0000	0.0000	0.0000	0.0000	0.0000	0.0000	0.0000	0.0000	0.0000	0.0000	0.0000	0.0000	0.0000	0.0000	0.0000	0.0001	0.0000	0.0000	0.0000	0.0001	0.0000	0.0002	inf	0.0000	0.0000	0.0000	5.8060	2.0009	6.1034	0.0000	0.0000	0.0000	0.0000	0.0000	0.0000	0.0000	0.0000	0.0000	0.0000	0.0000	0.0000	0.0000	0.0000	0.0000	0.0000	0.0000	0.0000	0.0003	0.0002	0.0001	0.0002	0.0002	0.0000	0.0002	0.0001	0.0001	0.0566	0.0415	0.0150	0.0324	0.0281	0.0044	0.0241	0.0134	0.0107	0.0000	0.0000	0.0000	0.0000	0.0000	0.0000	0.0000	0.0000	0.0000	0.0000	0.0000	0.0001	0.0000	0.0000	0.0000	0.0001	0.0000	0.0002				
19	87	0.4675	7	1	1	1	1	0	0	0	0	N	N	N	N	N	N	N	N	N	N	N	N	0.0061	0.0068	0.0000	0.1985	0.1671	0.0000	0.0000	0.0000	0.0000	0.0001	0.0001	0.0000	0.0001	0.0001	0.0000	0.0000	0.0000	0.0000	0.0086	0.0098	0.0061	0.0005	0.0006	0.0000	0.0161	0.0236	0.0081	0.0000	0.3091	-0.0000	-0.0001	0.0000	12.2869	2.0009	21.7146	0.0000	0.0000	0.0000	0.0000	0.0000	0.0000	0.0000	0.0000	0.0000	0.0006	0.0005	0.0002	0.0000	0.0000	0.0000	0.0006	0.0005	0.0002	0.0006	0.0005	0.0001	0.0003	0.0003	0.0000	0.0003	0.0002	0.0001	0.0741	0.0496	0.0245	0.0357	0.0298	0.0059	0.0384	0.0198	0.0186	0.0061	0.0068	0.0000	0.1985	0.1671	0.0000	0.0000	0.0000	0.0000	0.0086	0.0098	0.0061	0.0005	0.0006	0.0000	0.0161	0.0236	0.0081
19	88	0.5640	10	0	1	1	1	0	0	0	0	N	N	N	N	N	N	N	N	N	N	N	N	0.0000	0.0000	0.0000	0.0000	0.0000	0.0000	0.0000	0.0000	0.0000	0.0000	0.0000	0.0000	0.0000	0.0000	0.0000	0.0000	0.0000	0.0000	0.0000	0.0000	0.0000	0.0000	inf	0.0000	0.0000	0.0000	4.0005	2.0009	9.0093	0.0000	0.0000	0.0000	0.0000	0.0000	0.0000	0.0000	0.0000	0.0000	0.0000	0.0000	0.0000	0.0000	0.0000	0.0000	0.0000	0.0000	0.0000	0.0002	0.0002	0.0000	0.0001	0.0001	0.0000	0.0001	0.0001	0.0000	0.0365	0.0247	0.0118	0.0224	0.0172	0.0052	0.0141	0.0075	0.0066	0.0000	0.0000	0.0000	0.0000	0.0000	0.0000	0.0000	0.0000	0.0000	0.0000	0.0000	0.0000	0.0000	0.0000	0.0000	0.0000	0.0000	0.0000						
19	89	0.5414	9	0	1	1	1	0	0	0	0	N	N	N	N	N	N	N	N	N	N	N	N	0.0000	0.0000	0.0000	0.0000	0.0000	0.0000	0.0000	0.0000	0.0000	0.0000	0.0000	0.0000	0.0000	0.0000	0.0000	0.0000	0.0000	0.0000	0.0000	0.0000	0.0000	0.0000	0.0000	0.0000	0.0000	2.3261	0.0000	0.0000	0.0000	1.0051	2.0009	9.2650	0.0000	0.0000	0.0000	0.0000	0.0000	0.0000	0.0000	0.0000	0.0000	0.0000	0.0000	0.0000	0.0000	0.0000	0.0000	0.0000	0.0000	0.0000	0.0001	0.0000	0.0000	0.0000	0.0000	0.0000	0.0000	0.0000	0.0000	0.0292	0.0197	0.0095	0.0177	0.0137	0.0040	0.0116	0.0060	0.0055	0.0000	0.0000	0.0000	0.0000	0.0000	0.0000	0.0000	0.0000	0.0000	0.0000	0.0000	0.0000	0.0000	0.0000	0.0000	0.0000	0.0000	0.0000			
19	90	0.5898	9	0	0	2	1	0	0	0	0	N	N	Y	N	N	N	N	N	N	N	N	N	41.1788	429.6172	0.0000	47.7432	419.4846	0.0000	0.0000	0.0000	0.0010	0.0013	0.0000	0.0020	0.0020	0.0000	0.0000	0.0000	0.0000	0.0000	0.0000	0.0001	0.0000	0.0000	0.0003	0.0000	0.0000	0.0000	0.0000	10.2385	-0.0000	0.0000	0.0000	2.3559	2.0009	7.1930	0.0000	0.0000	0.0000	0.0000	0.0000	0.0000	0.0000	0.0000	0.0000	0.0000	0.0000	0.0000	0.0000	0.0000	0.0000	0.0000	0.0000	0.0000	0.0001	0.0001	0.0000	0.0001	0.0001	0.0000	0.0001	0.0000	0.0000	0.0312	0.0229	0.0083	0.0166	0.0144	0.0022	0.0146	0.0085	0.0061	41.1788	429.6172	0.0000	47.7432	419.4846	0.0000	0.0000	0.0000	0.0000	0.0000	0.0000	0.0001	0.0000	0.0000	0.0003	0.0000	0.0000	0.0000	
19	91	0.5570	8	0	0	1	1	0	0	0	0	N	N	N	N	N	N	N	N	N	N	N	N	140.4631	140.6200	6.4008	167.3019	145.5957	0.0000	13.0675	0.0000	12.5245	0.0937	0.1230	0.0005	0.1833	0.1844	0.0000	0.0003	0.0000	0.0006	0.0007	0.0009	0.0001	0.0011	0.0013	0.0002	0.0000	0.0000	0.0000	0.0014	0.0349	-0.0000	-0.0000	0.0000	4.9284	2.0009	11.0439	0.0000	0.0000	0.0000	0.0000	0.0000	0.0000	0.0000	0.0000	0.0000	0.0001	0.0001	0.0000	0.0001	0.0001	0.0000	0.0000	0.0000	0.0000	0.0003	0.0002	0.0001	0.0002	0.0002	0.0000	0.0001	0.0001	0.0001	0.0860	0.0634	0.0226	0.0518	0.0438	0.0080	0.0343	0.0196	0.0146	140.4631	140.6200	6.4008	167.3019	145.5957	0.0000	13.0675	0.0000	12.5245	0.0007	0.0009	0.0001	0.0011	0.0013	0.0002	0.0000	0.0000	0.0000
19	92	0.4675	7	0	0	1	1	0	0	0	0	N	N	N	N	N	N	N	N	N	N	N	N	28.8092	28.0270	0.0000	41.4022	38.4394	0.0000	0.0000	0.0000	0.0000	0.0579	0.0731	0.0000	0.1132	0.1139	0.0000	0.0000	0.0000	0.0000	0.0020	0.0026	0.0008	0.0027	0.0030	0.0016	0.0013	0.0021	0.0005	0.0000	0.1498	-0.0000	-0.0000	0.0000	3.9161	2.0009	29.2065	0.0000	0.0000	0.0000	0.0000	0.0000	0.0000	0.0000	0.0000	0.0000	0.0001	0.0001	0.0000	0.0001	0.0001	0.0000	0.0001	0.0000	0.0000	0.0002	0.0002	0.0000	0.0001	0.0001	0.0000	0.0001	0.0001	0.0000	0.0725	0.0485	0.0240	0.0349	0.0292	0.0057	0.0376	0.0193	0.0182	28.8092	28.0270	0.0000	41.4022	38.4394	0.0000	0.0000	0.0000	0.0000	0.0020	0.0026	0.0008	0.0027	0.0030	0.0016	0.0013	0.0021	0.0005
19	93	0.3102	7	1	1	1	1	0	0	0	0	N	N	N	N	N	N	N	N	N	N	N	N	0.0000	0.0000	0.0000	0.0000	0.0000	0.0000	0.0000	0.0000	0.0000	0.0000	0.0000	0.0000	0.0000	0.0004	0.0000	0.0010	0.0000	0.0000	0.0000	0.0005	0.0000	0.0011	inf	0.0000	0.0000	0.0000	2.5103	2.0009	7.4742	0.0000	0.0000	0.0000	0.0000	0.0000	0.0000	0.0000	0.0000	0.0000	0.0000	0.0000	0.0000	0.0000	0.0000	0.0000	0.0000	0.0000	0.0000	0.0002	0.0002	0.0000	0.0002	0.0002	0.0000	0.0000	0.0000	0.0000	0.0277	0.0179	0.0097	0.0083	0.0073	0.0010	0.0194	0.0106	0.0088	0.0000	0.0000	0.0000	0.0000	0.0000	0.0000	0.0000	0.0000	0.0000	0.0004	0.0000	0.0010	0.0000	0.0000	0.0000	0.0005	0.0000	0.0011						
19	94	0.2739	6	0	1	1	1	0	0	0	0	N	N	N	N	N	N	N	N	N	N	N	N	0.0000	0.0000	0.0000	0.0000	0.0000	0.0000	0.0000	0.0000	0.0000	0.0000	0.0000	0.0000	0.0000	0.0000	0.0000	0.0000	0.0000	0.0000	0.0000	0.0000	0.0000	0.0000	0.0000	0.0000	0.0000	0.0000	0.9432	0.0000	0.0000	0.0000	7.1305	2.0009	3.2426	0.0000	0.0000	0.0000	0.0000	0.0000	0.0000	0.0000	0.0000	0.0000	0.0000	0.0000	0.0000	0.0000	0.0000	0.0000	0.0000	0.0000	0.0000	0.0006	0.0006	0.0001	0.0006	0.0005	0.0001	0.0000	0.0000	0.0000	0.0288	0.0187	0.0101	0.0077	0.0070	0.0007	0.0211	0.0118	0.0094	0.0000	0.0000	0.0000	0.0000	0.0000	0.0000	0.0000	0.0000	0.0000	0.0000	0.0000	0.0000	0.0000	0.0000	0.0000	0.0000	0.0000	0.0000		
19	95	0.5414	9	1	1	1	1	0	0	0	0	N	N	N	N	N	N	N	N	N	N	N	N	0.0000	0.0000	0.0000	0.0000	0.0000	0.0000	0.0000	0.0000	0.0000	0.0000	0.0000	0.0000	0.0000	0.0000	0.0000	0.0000	0.0001	0.0002	0.0000	0.0003	0.0003	0.0000	0.0000	0.0000	0.0000	0.0032	0.0000	-0.0000	0.0000	8.0000	2.0009	22.5660	0.0000	0.0000	0.0000	0.0000	0.0000	0.0000	0.0000	0.0000	0.0000	0.0000	0.0000	0.0000	0.0000	0.0000	0.0000	0.0000	0.0000	0.0000	0.0004	0.0003	0.0001	0.0002	0.0002	0.0000	0.0002	0.0001	0.0001	0.0689	0.0467	0.0221	0.0390	0.0309	0.0080	0.0299	0.0158	0.0141	0.0000	0.0000	0.0000	0.0000	0.0000	0.0000	0.0000	0.0000	0.0000	0.0001	0.0002	0.0000	0.0003	0.0003	0.0000	0.0000	0.0000	0.0000			
19	96	0.4675	7	0	0	1	1	0	0	0	0	N	N	N	N	N	N	N	N	N	N	N	N	0.0000	0.0000	0.0000	0.0000	0.0000	0.0000	0.0000	0.0000	0.0000	0.0000	0.0000	0.0000	0.0000	0.0000	0.0000	0.0004	0.0004	0.0004	0.0009	0.0007	0.0019	0.0000	0.0000	0.0000	0.4999	0.0000	-0.0000	0.0000	11.9964	2.0009	18.8414	0.0000	0.0000	0.0000	0.0000	0.0000	0.0000	0.0000	0.0000	0.0000	0.0000	0.0000	0.0000	0.0000	0.0000	0.0000	0.0000	0.0000	0.0000	0.0006	0.0005	0.0001	0.0003	0.0003	0.0000	0.0003	0.0002	0.0001	0.0684	0.0458	0.0226	0.0330	0.0276	0.0054	0.0354	0.0182	0.0172	0.0000	0.0000	0.0000	0.0000	0.0000	0.0000	0.0000	0.0000	0.0000	0.0004	0.0004	0.0004	0.0009	0.0007	0.0019	0.0000	0.0000	0.0000				
19	98	0.5719	11	1	1	2	1	0	0	0	0	N	N	Y	N	N	N	N	N	N	N	N	N	0.0000	0.0000	0.0000	0.0000	0.0000	0.0000	0.0000	0.0000	0.0000	0.0000	0.0000	0.0000	0.0000	0.0000	0.0000	0.0000	0.0000	0.0000	0.0000	0.0000	0.0000	0.0001	inf	0.0000	0.0000	0.0000	0.9502	2.0009	16.1595	0.0000	0.0000	0.0000	0.0000	0.0000	0.0000	0.0000	0.0000	0.0000	0.0000	0.0000	0.0000	0.0000	0.0000	0.0000	0.0000	0.0000	0.0000	0.0001	0.0000	0.0000	0.0000	0.0000	0.0000	0.0000	0.0000	0.0000	0.0389	0.0269	0.0121	0.0225	0.0180	0.0045	0.0165	0.0089	0.0076	0.0000	0.0000	0.0000	0.0000	0.0000	0.0000	0.0000	0.0000	0.0000	0.0000	0.0000	0.0000	0.0000	0.0000	0.0000	0.0000	0.0000	0.0001						
19	99	0.4675	7	0	1	1	1	0	0	0	0	N	N	N	N	N	N	N	N	N	N	N	N	0.0000	0.0000	0.0000	0.0000	0.0000	0.0000	0.0000	0.0000	0.0000	0.0000	0.0000	0.0000	0.0000	0.0002	0.0000	0.0005	0.0003	0.0000	0.0020	0.0000	0.0000	0.0000	inf	0.0000	0.0000	0.0000	11.9964	2.0009	15.6499	0.0000	0.0000	0.0000	0.0000	0.0000	0.0000	0.0000	0.0000	0.0000	0.0000	0.0000	0.0000	0.0000	0.0000	0.0000	0.0000	0.0000	0.0000	0.0006	0.0005	0.0001	0.0003	0.0003	0.0000	0.0003	0.0002	0.0001	0.0625	0.0418	0.0206	0.0302	0.0253	0.0049	0.0323	0.0165	0.0157	0.0000	0.0000	0.0000	0.0000	0.0000	0.0000	0.0000	0.0000	0.0000	0.0002	0.0000	0.0005	0.0003	0.0000	0.0020	0.0000	0.0000	0.0000						
19	100	0.5749	12	1	0	2	1	0	0	0	0	N	N	Y	N	N	N	N	N	N	N	N	N	0.0000	0.0000	0.0000	0.0000	0.0000	0.0000	0.0000	0.0000	0.0000	0.0000	0.0000	0.0000	0.0000	0.0000	0.0000	0.0000	0.0120	0.0175	0.0000	0.0207	0.0259	0.0000	0.0000	0.0000	0.0000	0.0000	0.0000	-0.0002	0.0000	1.0008	2.0009	13.9255	0.0000	0.0000	0.0000	0.0000	0.0000	0.0000	0.0000	0.0000	0.0000	0.0004	0.0004	0.0000	0.0004	0.0004	0.0000	0.0000	0.0000	0.0000	0.0001	0.0000	0.0000	0.0000	0.0000	0.0000	0.0000	0.0000	0.0000	0.0339	0.0233	0.0106	0.0197	0.0157	0.0040	0.0142	0.0076	0.0066	0.0000	0.0000	0.0000	0.0000	0.0000	0.0000	0.0000	0.0000	0.0000	0.0120	0.0175	0.0000	0.0207	0.0259	0.0000	0.0000	0.0000	0.0000			
19	101	0.5719	11	1	0	2	1	0	0	0	0	N	N	Y	N	N	N	N	N	N	N	N	N	0.0000	0.0000	0.0000	0.0000	0.0000	0.0000	0.0000	0.0000	0.0000	0.0000	0.0000	0.0000	0.0000	0.0000	0.0000	0.0000	0.0000	0.0003	0.0003	0.0002	0.0003	0.0004	0.0000	0.0002	0.0000	0.0003	0.2208	0.0000	-0.0000	0.0000	0.0532	2.0009	2.0467	0.0000	0.0000	0.0000	0.0000	0.0000	0.0000	0.0000	0.0000	0.0000	0.0000	0.0000	0.0000	0.0000	0.0000	0.0000	0.0000	0.0000	0.0000	0.0000	0.0000	0.0000	0.0000	0.0000	0.0000	0.0000	0.0000	0.0000	0.0099	0.0070	0.0029	0.0068	0.0054	0.0014	0.0031	0.0016	0.0015	0.0000	0.0000	0.0000	0.0000	0.0000	0.0000	0.0000	0.0000	0.0000	0.0003	0.0003	0.0002	0.0003	0.0004	0.0000	0.0002	0.0000	0.0003		
19	102	0.5623	10	1	0	2	1	0	0	0	0	N	N	Y	N	N	N	N	N	N	N	N	N	0.0000	0.0000	0.0000	0.0000	0.0000	0.0000	0.0000	0.0000	0.0000	0.0000	0.0000	0.0000	0.0000	0.0000	0.0000	0.0000	0.0000	0.0000	0.0000	0.0000	0.0001	0.0000	0.0000	0.0000	0.0000	0.1287	0.0000	-0.0000	0.0000	2.0948	2.0009	3.0326	0.0000	0.0000	0.0000	0.0000	0.0000	0.0000	0.0000	0.0000	0.0000	0.0000	0.0000	0.0000	0.0000	0.0000	0.0000	0.0000	0.0000	0.0000	0.0001	0.0001	0.0000	0.0001	0.0001	0.0000	0.0001	0.0000	0.0000	0.0163	0.0114	0.0049	0.0104	0.0082	0.0022	0.0059	0.0032	0.0027	0.0000	0.0000	0.0000	0.0000	0.0000	0.0000	0.0000	0.0000	0.0000	0.0000	0.0000	0.0000	0.0000	0.0001	0.0000	0.0000	0.0000	0.0000			
19	103	0.5414	9	1	0	2	1	0	0	0	0	N	N	Y	N	N	N	N	N	N	N	N	N	0.0000	0.0000	0.0000	0.0000	0.0000	0.0000	0.0000	0.0000	0.0000	0.0000	0.0000	0.0000	0.0000	0.0000	0.0000	0.0000	0.0000	0.0000	0.0000	0.0000	0.0000	0.0000	0.0000	0.0000	0.0000	0.5095	0.0000	-0.0000	0.0000	3.9484	2.0009	4.8420	0.0000	0.0000	0.0000	0.0000	0.0000	0.0000	0.0000	0.0000	0.0000	0.0000	0.0000	0.0000	0.0000	0.0000	0.0000	0.0000	0.0000	0.0000	0.0002	0.0002	0.0000	0.0001	0.0001	0.0000	0.0001	0.0001	0.0000	0.0261	0.0176	0.0085	0.0160	0.0123	0.0037	0.0101	0.0053	0.0049	0.0000	0.0000	0.0000	0.0000	0.0000	0.0000	0.0000	0.0000	0.0000	0.0000	0.0000	0.0000	0.0000	0.0000	0.0000	0.0000	0.0000	0.0000			
19	104	0.4998	8	0	1	1	1	0	0	0	0	N	N	N	N	N	N	N	N	N	N	N	N	0.0000	0.0000	0.0000	0.0000	0.0000	0.0000	0.0000	0.0000	0.0000	0.0000	0.0000	0.0000	0.0000	0.0000	0.0000	0.0000	0.0000	0.0002	0.0002	0.0004	0.0003	0.0003	0.0007	0.0001	0.0000	0.0002	1.1973	0.0000	0.0000	0.0000	8.9557	2.0009	32.3127	0.0000	0.0000	0.0000	0.0000	0.0000	0.0000	0.0000	0.0000	0.0000	0.0000	0.0000	0.0000	0.0000	0.0000	0.0000	0.0000	0.0000	0.0000	0.0005	0.0004	0.0001	0.0002	0.0002	0.0000	0.0002	0.0001	0.0001	0.0966	0.0647	0.0320	0.0481	0.0395	0.0086	0.0486	0.0252	0.0234	0.0000	0.0000	0.0000	0.0000	0.0000	0.0000	0.0000	0.0000	0.0000	0.0002	0.0002	0.0004	0.0003	0.0003	0.0007	0.0001	0.0000	0.0002		
19	105	0.5252	9	0	0	2	1	0	0	0	0	N	N	Y	N	N	N	N	N	N	N	N	N	0.0000	0.0000	0.0000	0.0000	0.0000	0.0000	0.0000	0.0000	0.0000	0.0000	0.0000	0.0000	0.0000	0.0000	0.0000	0.0000	0.0001	0.0001	0.0000	0.0001	0.0001	0.0000	0.0000	0.0000	0.0000	0.0057	0.0000	-0.0000	0.0000	4.2679	2.0009	7.8415	0.0000	0.0000	0.0000	0.0000	0.0000	0.0000	0.0000	0.0000	0.0000	0.0000	0.0000	0.0000	0.0000	0.0000	0.0000	0.0000	0.0000	0.0000	0.0002	0.0002	0.0000	0.0001	0.0001	0.0000	0.0001	0.0001	0.0000	0.0337	0.0224	0.0113	0.0176	0.0144	0.0031	0.0161	0.0079	0.0082	0.0000	0.0000	0.0000	0.0000	0.0000	0.0000	0.0000	0.0000	0.0000	0.0001	0.0001	0.0000	0.0001	0.0001	0.0000	0.0000	0.0000	0.0000			
19	106	0.4998	8	0	0	1	1	0	0	0	0	N	N	N	N	N	N	N	N	N	N	N	N	0.0000	0.0000	0.0000	0.0000	0.0000	0.0000	0.0000	0.0000	0.0000	0.0000	0.0000	0.0000	0.0000	0.0000	0.0000	0.0000	0.0000	0.0000	0.0029	0.0041	0.0005	0.0052	0.0062	0.0000	0.0003	0.0000	0.0007	0.0575	0.0000	-0.0000	0.0000	1.9301	2.0009	9.0954	0.0000	0.0000	0.0000	0.0000	0.0000	0.0000	0.0000	0.0000	0.0000	0.0001	0.0001	0.0000	0.0001	0.0001	0.0000	0.0000	0.0000	0.0000	0.0001	0.0001	0.0000	0.0001	0.0001	0.0000	0.0001	0.0000	0.0000	0.0368	0.0250	0.0118	0.0195	0.0164	0.0032	0.0173	0.0087	0.0086	0.0000	0.0000	0.0000	0.0000	0.0000	0.0000	0.0000	0.0000	0.0000	0.0029	0.0041	0.0005	0.0052	0.0062	0.0000	0.0003	0.0000	0.0007	
19	107	0.4675	7	0	0	1	1	0	0	0	0	N	N	N	N	N	N	N	N	N	N	N	N	0.0000	0.0000	0.0000	0.0000	0.0000	0.0000	0.0000	0.0000	0.0000	0.0000	0.0000	0.0000	0.0000	0.0002	0.0003	0.0000	0.0004	0.0004	0.0000	0.0000	0.0000	0.0000	0.0001	-0.0000	-0.0000	0.0000	3.9049	2.0009	9.6098	0.0000	0.0000	0.0000	0.0000	0.0000	0.0000	0.0000	0.0000	0.0000	0.0000	0.0000	0.0000	0.0000	0.0000	0.0000	0.0000	0.0000	0.0000	0.0002	0.0002	0.0000	0.0001	0.0001	0.0000	0.0001	0.0001	0.0000	0.0347	0.0233	0.0114	0.0170	0.0144	0.0025	0.0177	0.0089	0.0089	0.0000	0.0000	0.0000	0.0000	0.0000	0.0000	0.0000	0.0000	0.0000	0.0002	0.0003	0.0000	0.0004	0.0004	0.0000	0.0000	0.0000	0.0000						
19	108	0.4887	9	0	1	1	1	0	0	0	0	N	N	N	N	N	N	N	N	N	N	N	N	35668.2438	inf	0.0000	44890.9506	inf	0.0000	0.0000	0.0000	0.0909	0.1150	0.0000	0.1778	0.1789	0.0000	0.0000	0.0000	0.0000	0.0000	0.0000	0.0000	0.0000	0.0000	0.0000	0.0000	0.0000	0.0000	0.0000	inf	-0.0000	0.0000	0.0000	8.0392	2.0009	22.6195	0.0000	0.0000	0.0000	0.0000	0.0000	0.0000	0.0000	0.0000	0.0000	0.0000	0.0000	0.0000	0.0000	0.0000	0.0000	0.0000	0.0000	0.0000	0.0004	0.0003	0.0001	0.0002	0.0002	0.0000	0.0002	0.0001	0.0001	0.0717	0.0484	0.0233	0.0324	0.0275	0.0049	0.0393	0.0208	0.0184	35668.2438	inf	0.0000	44890.9506	inf	0.0000	0.0000	0.0000	0.0000	0.0000	0.0000	0.0000	0.0000	0.0000	0.0000	0.0000	0.0000	0.0000	
19	109	0.4887	8	0	0	1	1	0	0	0	0	N	N	N	N	N	N	N	N	N	N	N	N	5278.9059	5554.3635	4537.8313	3000.8766	4750.8568	661.4265	17795.2442	13128.2286	0.1235	0.0859	0.2200	0.1225	0.1221	0.1914	0.1246	0.0000	0.2203	0.0000	0.0000	0.0000	0.0000	0.0000	0.0003	0.0000	0.0000	0.0000	0.9995	0.9924	0.0000	0.0000	0.0000	0.2031	2.0009	2.0398	0.0000	0.0000	0.0000	0.0000	0.0000	0.0000	0.0000	0.0000	0.0000	0.0000	0.0000	0.0000	0.0000	0.0000	0.0000	0.0000	0.0000	0.0000	0.0000	0.0000	0.0000	0.0000	0.0000	0.0000	0.0000	0.0000	0.0000	0.0148	0.0113	0.0036	0.0072	0.0068	0.0004	0.0076	0.0045	0.0031	5278.9059	5554.3635	4537.8313	3000.8766	4750.8568	661.4265	17795.2442	0.0000	13128.2286	0.0000	0.0000	0.0000	0.0000	0.0000	0.0003	0.0000	0.0000	0.0000	
19	110	0.3713	8	1	0	2	1	0	0	0	0	N	N	Y	N	N	N	N	N	N	N	N	N	0.0000	0.0000	0.0000	0.0000	0.0000	0.0000	0.0000	0.0000	0.0000	0.0000	0.0000	0.0000	0.0000	0.0000	0.0000	0.0000	0.0000	0.0000	0.0000	0.0000	0.0000	0.0001	2.0009	0.0001	0.0000	0.0000	0.0000	0.0000	0.0000	0.0000	0.0000	0.0000	0.0000	0.0000	0.0000	0.0000	0.0000	0.0000	0.0000	0.0000	0.0000	0.0000	0.0000	0.0000	0.0000	0.0000	0.0000	0.0000	0.0000	0.0000	0.0000	0.0000	0.0000	0.0000	0.0000	0.0000	0.0000	0.0000	0.0000	0.0000	0.0000	0.0000	0.0000	0.0000	0.0000	0.0000	0.0000	0.0000	0.0000	0.0000	0.0000	0.0000	0.0000	0.0000	0.0000	0.0000	0.0000	0.0000											
19	111	0.3575	7	1	0	2	1	0	0	0	0	N	N	Y	N	N	N	N	N	N	N	N	N	0.0000	0.0000	0.0000	0.0000	0.0000	0.0000	0.0000	0.0000	0.0000	0.0000	0.0000	0.0000	0.0000	0.0000	0.0000	0.0000	0.0000	0.0000	0.0000	0.0000	0.0000	0.0000	inf	0.0000	0.0000	0.0000	1.6718	2.0009	2.9223	0.0000	0.0000	0.0000	0.0000	0.0000	0.0000	0.0000	0.0000	0.0000	0.0000	0.0000	0.0000	0.0000	0.0000	0.0000	0.0000	0.0000	0.0000	0.0002	0.0001	0.0000	0.0002	0.0001	0.0000	0.0000	0.0000	0.0000	0.0133	0.0088	0.0045	0.0043	0.0037	0.0006	0.0090	0.0051	0.0039	0.0000	0.0000	0.0000	0.0000	0.0000	0.0000	0.0000	0.0000	0.0000	0.0000	0.0000	0.0000	0.0000	0.0000	0.0000	0.0000	0.0000	0.0000						
19	112	0.2739	6	1	0	2	1	0	0	0	0	N	N	Y	N	N	N	N	N	N	N	N	N	0.0000	0.0000	0.0000	0.0000	0.0000	0.0000	0.0000	0.0000	0.0000	0.0000	0.0000	0.0000	0.0000	0.0000	0.0000	0.0000	0.0000	0.0000	0.0004	0.0002	0.0006	0.0006	0.0007	0.0001	0.0003	0.0000	0.0006	1.3946	0.0000	0.0000	0.0000	14.0283	2.0009	7.1084	0.0000	0.0000	0.0000	0.0000	0.0000	0.0000	0.0000	0.0000	0.0000	0.0000	0.0000	0.0000	0.0000	0.0000	0.0000	0.0000	0.0000	0.0000	0.0012	0.0011	0.0001	0.0012	0.0010	0.0001	0.0000	0.0000	0.0000	0.0492	0.0311	0.0181	0.0115	0.0102	0.0013	0.0377	0.0209	0.0168	0.0000	0.0000	0.0000	0.0000	0.0000	0.0000	0.0000	0.0000	0.0000	0.0004	0.0002	0.0006	0.0006	0.0007	0.0001	0.0003	0.0000	0.0006	
19	113	0.2137	5	0	0	1	1	0	0	0	0	N	N	N	N	N	N	N	N	N	N	N	N	0.0000	0.0000	0.0000	0.0000	0.0000	0.0000	0.0000	0.0000	0.0000	0.0000	0.0000	0.0000	0.0000	0.0000	0.0000	0.0000	0.0000	0.0000	0.0000	0.0001	0.0000	0.0001	0.0001	0.0000	0.0000	0.0000	0.0000	0.2769	0.0000	-0.0000	0.0000	8.6129	2.0009	5.1709	0.0000	0.0000	0.0000	0.0000	0.0000	0.0000	0.0000	0.0000	0.0000	0.0000	0.0000	0.0000	0.0000	0.0000	0.0000	0.0000	0.0000	0.0000	0.0006	0.0005	0.0001	0.0006	0.0005	0.0001	0.0000	0.0000	0.0000	0.0565	0.0382	0.0183	0.0194	0.0177	0.0017	0.0372	0.0205	0.0166	0.0000	0.0000	0.0000	0.0000	0.0000	0.0000	0.0000	0.0000	0.0000	0.0000	0.0001	0.0000	0.0001	0.0001	0.0000	0.0000	0.0000	0.0000	
19	114	0.1186	4	0	0	1	1	0	0	0	0	N	N	N	N	N	N	N	N	N	N	N	N	0.0000	0.0013	0.0000	0.0037	0.0047	0.0000	0.0000	0.0002	0.0000	0.0002	0.0002	0.0002	0.0002	0.0002	0.0000	0.0002	0.0000	0.0007	6.6724	0.1201	31.6849	0.0445	0.0465	0.0213	7.1337	0.1585	29.4487	0.4195	72.0865	-0.0000	0.3481	0.0000	16.8607	2.0009	22.7724	0.0000	0.0000	0.0000	0.0000	0.0000	0.0000	0.0000	0.0000	0.0000	0.6593	0.0090	0.6503	0.0012	0.0012	0.0000	0.6581	0.0078	0.6502	0.0031	0.0024	0.0007	0.0021	0.0016	0.0005	0.0010	0.0008	0.0002	0.1201	0.0751	0.0450	0.0279	0.0257	0.0022	0.0922	0.0494	0.0429	0.0000	0.0013	0.0000	0.0037	0.0047	0.0000	0.0000	0.0002	0.0000	5.4886	0.1201	14.4428	0.0445	0.0465	0.0213	7.1337	0.1585	15.1664
19	115	0.5477	9	1	0	2	1	0	0	0	0	N	N	Y	N	N	N	N	N	N	N	N	N	0.0000	0.0000	0.0000	0.0000	0.0000	0.0000	0.0000	0.0000	0.0000	0.0000	0.0000	0.0000	0.0000	0.0000	0.0000	0.0000	0.0000	0.0000	0.0000	0.0000	0.0000	0.0000	inf	0.0000	0.0000	0.0000	1.0009	2.0009	4.0038	0.0000	0.0000	0.0000	0.0000	0.0000	0.0000	0.0000	0.0000	0.0000	0.0000	0.0000	0.0000	0.0000	0.0000	0.0000	0.0000	0.0000	0.0000	0.0001	0.0000	0.0000	0.0000	0.0000	0.0000	0.0000	0.0000	0.0000	0.0208	0.0146	0.0062	0.0130	0.0103	0.0027	0.0079	0.0043	0.0035	0.0000	0.0000	0.0000	0.0000	0.0000	0.0000	0.0000	0.0000	0.0000	0.0000	0.0000	0.0000	0.0000	0.0000	0.0000	0.0000	0.0000	0.0000						
19	116	0.5194	8	1	0	2	1	0	0	0	0	N	N	Y	N	N	N	N	N	N	N	N	N	0.0405	0.0544	0.0000	0.4009	1.0291	0.0000	0.0000	0.0000	0.0000	0.0000	0.0000	0.0000	0.0000	0.0000	0.0000	0.0000	0.0000	0.0000	0.0007	0.0005	0.0012	0.0001	0.0000	0.0004	0.0013	0.0012	0.0015	0.4000	1.1780	-0.0000	0.0000	0.0000	1.8441	2.0009	10.4794	0.0000	0.0000	0.0000	0.0000	0.0000	0.0000	0.0000	0.0000	0.0000	0.0000	0.0000	0.0000	0.0000	0.0000	0.0000	0.0000	0.0000	0.0000	0.0001	0.0001	0.0000	0.0001	0.0001	0.0000	0.0000	0.0000	0.0000	0.0331	0.0226	0.0105	0.0172	0.0141	0.0031	0.0159	0.0085	0.0074	0.0405	0.0544	0.0000	0.4009	1.0291	0.0000	0.0000	0.0000	0.0000	0.0007	0.0005	0.0012	0.0001	0.0000	0.0004	0.0013	0.0012	0.0015
19	117	0.2313	6	0	1	1	2	0	0	0	0	N	N	N	Y	N	N	N	N	N	N	N	N	3.1936	0.0000	228.7932	0.0063	0.0000	43.7248	228.7218	0.0000	240.3783	0.0048	0.0000	0.0200	0.0000	0.0000	0.0047	0.0096	0.0000	0.0201	0.0015	0.0022	0.0001	0.0036	0.0041	0.0001	0.0000	0.0000	0.0001	inf	0.0192	0.0000	-0.0001	0.0000	10.5071	2.0009	20.2622	0.0000	0.0000	0.0000	0.0000	0.0000	0.0000	0.0000	0.0000	0.0000	0.0002	0.0002	0.0000	0.0002	0.0002	0.0000	0.0000	0.0000	0.0000	0.0008	0.0006	0.0002	0.0004	0.0004	0.0000	0.0004	0.0002	0.0002	0.1273	0.0860	0.0414	0.0517	0.0457	0.0060	0.0756	0.0403	0.0354	3.1936	0.0000	228.7932	0.0063	0.0000	43.7248	228.7218	0.0000	240.3783	0.0015	0.0022	0.0001	0.0036	0.0041	0.0001	0.0000	0.0000	0.0001
19	118	0.4675	7	0	1	1	2	0	0	0	0	N	N	N	Y	N	N	N	N	N	N	N	N	0.0000	0.0000	0.0000	0.0000	0.0000	0.0000	0.0000	0.0000	0.0000	0.0000	0.0000	0.0000	0.0000	0.0001	0.0002	0.0000	0.0003	0.0004	0.0000	0.0000	0.0000	0.0000	0.0000	0.0000	-0.0000	0.0000	4.0036	2.0009	26.5072	0.0000	0.0000	0.0000	0.0000	0.0000	0.0000	0.0000	0.0000	0.0000	0.0000	0.0000	0.0000	0.0000	0.0000	0.0000	0.0000	0.0000	0.0000	0.0002	0.0002	0.0000	0.0001	0.0001	0.0000	0.0001	0.0001	0.0000	0.0676	0.0453	0.0223	0.0327	0.0273	0.0053	0.0350	0.0180	0.0170	0.0000	0.0000	0.0000	0.0000	0.0000	0.0000	0.0000	0.0000	0.0000	0.0001	0.0002	0.0000	0.0003	0.0004	0.0000	0.0000	0.0000	0.0000						
19	119	0.5059	8	0	1	1	1	0	0	0	0	N	N	N	N	N	N	N	N	N	N	N	N	0.0000	0.0000	0.0000	0.0000	0.0000	0.0000	0.0000	0.0000	0.0000	0.0000	0.0000	0.0000	0.0000	0.0000	0.0000	0.0001	0.0000	0.0002	0.0000	0.0000	0.0001	0.0002	0.0000	0.0003	inf	0.0000	0.0000	0.0000	3.8169	2.0009	21.2433	0.0000	0.0000	0.0000	0.0000	0.0000	0.0000	0.0000	0.0000	0.0000	0.0000	0.0000	0.0000	0.0000	0.0000	0.0000	0.0000	0.0000	0.0000	0.0002	0.0002	0.0000	0.0001	0.0001	0.0000	0.0001	0.0001	0.0000	0.0612	0.0413	0.0200	0.0320	0.0267	0.0053	0.0292	0.0146	0.0146	0.0000	0.0000	0.0000	0.0000	0.0000	0.0000	0.0000	0.0000	0.0000	0.0001	0.0000	0.0002	0.0000	0.0000	0.0001	0.0002	0.0000	0.0003				
19	120	0.2847	8	0	1	1	1	0	0	0	0	N	N	N	N	N	N	N	N	N	N	N	N	0.7916	0.6983	0.0000	0.6125	0.5436	0.0000	0.0000	0.0000	0.0000	0.0031	0.0039	0.0000	0.0062	0.0062	0.0000	0.0000	0.0000	0.0000	0.0039	0.0055	0.0009	0.0101	0.0115	0.0001	0.0005	0.0001	0.0010	0.0000	0.0844	-0.0000	-0.0002	0.0000	16.3276	2.0009	34.9199	0.0000	0.0000	0.0000	0.0000	0.0000	0.0000	0.0000	0.0000	0.0000	0.0006	0.0005	0.0000	0.0005	0.0005	0.0000	0.0000	0.0000	0.0000	0.0011	0.0009	0.0002	0.0005	0.0005	0.0000	0.0005	0.0003	0.0002	0.1437	0.0947	0.0489	0.0513	0.0453	0.0060	0.0924	0.0494	0.0429	0.7916	0.6983	0.0000	0.6125	0.5436	0.0000	0.0000	0.0000	0.0000	0.0039	0.0055	0.0009	0.0101	0.0115	0.0001	0.0005	0.0001	0.0010
19	121	0.2674	7	0	1	1	1	0	0	0	0	N	N	N	N	N	N	N	N	N	N	N	N	2.2289	1.4173	5.8855	8.4592	7.7607	0.0000	1.4098	0.0103	5.2505	0.0153	0.0102	0.0359	0.0162	0.0162	0.0000	0.0144	0.0001	0.0362	0.0069	0.0072	0.0061	0.0019	0.0021	0.0001	0.0102	0.0129	0.0069	0.8695	0.3744	0.0000	-0.0001	0.0000	6.1757	2.0009	14.5601	0.0000	0.0000	0.0000	0.0000	0.0000	0.0000	0.0000	0.0000	0.0000	0.0006	0.0005	0.0002	0.0001	0.0001	0.0000	0.0006	0.0004	0.0002	0.0004	0.0003	0.0001	0.0002	0.0002	0.0000	0.0002	0.0001	0.0001	0.0929	0.0644	0.0285	0.0374	0.0341	0.0034	0.0555	0.0304	0.0251	2.2289	1.4173	5.8855	8.4592	7.7607	0.0000	1.4098	0.0103	5.2505	0.0069	0.0072	0.0061	0.0019	0.0021	0.0001	0.0102	0.0129	0.0069
19	122	0.2144	6	0	0	1	1	0	0	0	0	N	N	N	N	N	N	N	N	N	N	N	N	3.4903	1.7943	39.4399	1.7071	1.5078	7.5071	16.2885	0.0132	35.2663	0.0150	0.0107	0.0320	0.0171	0.0172	0.0013	0.0128	0.0000	0.0323	0.0043	0.0060	0.0008	0.0100	0.0114	0.0002	0.0008	0.0007	0.0009	0.7395	0.0662	-0.0000	-0.0002	0.0000	7.5400	2.0009	21.4192	0.0000	0.0000	0.0000	0.0000	0.0000	0.0000	0.0000	0.0000	0.0000	0.0005	0.0005	0.0000	0.0004	0.0004	0.0000	0.0001	0.0000	0.0000	0.0005	0.0004	0.0001	0.0003	0.0003	0.0000	0.0003	0.0002	0.0001	0.1176	0.0790	0.0386	0.0446	0.0391	0.0054	0.0730	0.0399	0.0331	3.4903	1.7943	39.4399	1.7071	1.5078	7.5071	16.2885	0.0132	35.2663	0.0043	0.0060	0.0008	0.0100	0.0114	0.0002	0.0008	0.0007	0.0009
19	123	0.5414	9	0	1	1	1	0	0	0	0	N	N	N	N	N	N	N	N	N	N	N	N	0.0000	0.0000	0.0000	0.0000	0.0000	0.0000	0.0000	0.0000	0.0000	0.0000	0.0000	0.0000	0.0000	0.0000	0.0000	0.0000	0.0000	0.0000	30.9989	85.1319	0.0011	0.0009	0.0004	0.0030	42.7477	79.6624	0.0000	0.0000	0.0000	-0.4584	0.0000	4.0019	2.0009	19.5615	0.0000	0.0000	0.0000	0.0000	0.0000	0.0000	0.0000	0.0000	0.0000	1.0000	1.0000	0.0000	0.0000	0.0000	0.0000	1.0000	1.0000	0.0000	0.0002	0.0002	0.0000	0.0001	0.0001	0.0000	0.0001	0.0001	0.0000	0.0559	0.0379	0.0180	0.0320	0.0253	0.0067	0.0238	0.0126	0.0113	0.0000	0.0000	0.0000	0.0000	0.0000	0.0000	0.0000	0.0000	0.0000	17.8985	26.3943	0.0011	0.0009	0.0004	0.0030	41.9773	79.6624	0.0000	
19	124	0.5194	8	0	0	1	1	0	0	0	0	N	N	N	N	N	N	N	N	N	N	N	N	0.0000	0.0000	0.0000	0.0000	0.0000	0.0000	0.0000	0.0000	0.0000	0.0000	0.0000	0.0000	0.0000	0.0000	0.0000	0.0000	0.0000	0.0011	0.0015	0.0001	0.0020	0.0024	0.0000	0.0001	0.0000	0.0002	0.0434	0.0000	-0.0000	0.0000	1.2223	2.0009	8.2281	0.0000	0.0000	0.0000	0.0000	0.0000	0.0000	0.0000	0.0000	0.0000	0.0000	0.0000	0.0000	0.0000	0.0000	0.0000	0.0000	0.0000	0.0000	0.0001	0.0001	0.0000	0.0000	0.0000	0.0000	0.0000	0.0000	0.0000	0.0271	0.0186	0.0085	0.0144	0.0118	0.0026	0.0128	0.0069	0.0059	0.0000	0.0000	0.0000	0.0000	0.0000	0.0000	0.0000	0.0000	0.0000	0.0011	0.0015	0.0001	0.0020	0.0024	0.0000	0.0001	0.0000	0.0002		
19	125	0.4675	7	0	0	1	1	0	0	0	0	N	N	N	N	N	N	N	N	N	N	N	N	0.0000	0.0000	0.0000	0.0000	0.0000	0.0000	0.0000	0.0000	0.0000	0.0000	0.0000	0.0000	0.0000	0.0000	0.0000	0.0000	0.0000	0.0000	0.0001	0.0001	0.0000	0.0000	0.0000	0.0000	0.0129	-0.0000	-0.0000	0.0000	5.9920	2.0009	12.2976	0.0000	0.0000	0.0000	0.0000	0.0000	0.0000	0.0000	0.0000	0.0000	0.0000	0.0000	0.0000	0.0000	0.0000	0.0000	0.0000	0.0000	0.0000	0.0003	0.0003	0.0001	0.0002	0.0002	0.0000	0.0002	0.0001	0.0001	0.0444	0.0298	0.0146	0.0216	0.0183	0.0034	0.0228	0.0115	0.0113	0.0000	0.0000	0.0000	0.0000	0.0000	0.0000	0.0000	0.0000	0.0000	0.0000	0.0000	0.0000	0.0001	0.0001	0.0000	0.0000	0.0000	0.0000				
19	126	0.5046	9	0	1	1	1	0	0	0	0	N	N	N	N	N	N	N	N	N	N	N	N	46358.2331	inf	0.0000	59130.6060	inf	0.0000	3631.9724	inf	0.0000	0.1463	0.1856	0.0000	0.2798	0.2817	0.0000	0.0065	0.0114	0.0000	0.0000	0.0000	0.0000	0.0000	0.0000	0.0000	0.0000	0.0000	0.0000	0.0000	inf	-0.0000	0.0000	0.0000	5.0407	2.0009	17.1705	0.0000	0.0000	0.0000	0.0000	0.0000	0.0000	0.0000	0.0000	0.0000	0.0000	0.0000	0.0000	0.0000	0.0000	0.0000	0.0000	0.0000	0.0000	0.0003	0.0002	0.0001	0.0001	0.0001	0.0000	0.0001	0.0001	0.0001	0.0561	0.0383	0.0178	0.0259	0.0222	0.0037	0.0302	0.0161	0.0141	46358.2331	inf	0.0000	59130.6060	inf	0.0000	3631.9724	inf	0.0000	0.0000	0.0000	0.0000	0.0000	0.0000	0.0000	0.0000	0.0000	0.0000
19	127	0.4887	8	0	1	1	1	0	0	0	0	N	N	N	N	N	N	N	N	N	N	N	N	1703.2322	958.9206	5749.1938	900.0910	864.8442	1931.5655	7075.8335	inf	7228.8901	0.0164	0.0105	0.0378	0.0162	0.0161	0.0244	0.0168	0.0000	0.0380	0.0000	0.0000	0.0000	0.0000	0.0000	0.0000	0.0000	0.0000	0.0000	1.0102	0.2471	0.0000	-0.0000	0.0000	1.9703	2.0009	6.2034	0.0000	0.0000	0.0000	0.0000	0.0000	0.0000	0.0000	0.0000	0.0000	0.0000	0.0000	0.0000	0.0000	0.0000	0.0000	0.0000	0.0000	0.0000	0.0001	0.0001	0.0000	0.0001	0.0001	0.0000	0.0001	0.0000	0.0000	0.0277	0.0196	0.0081	0.0130	0.0115	0.0014	0.0147	0.0081	0.0066	1703.2322	958.9206	5749.1938	900.0910	864.8442	1931.5655	7075.8335	inf	7228.8901	0.0000	0.0000	0.0000	0.0000	0.0000	0.0000	0.0000	0.0000	0.0000
19	128	0.4675	7	0	0	1	1	0	0	0	0	N	N	N	N	N	N	N	N	N	N	N	N	2127.0535	1811.5167	2048.9605	1769.6676	0.0156	0.0197	0.0000	0.0305	0.0307	0.0000	0.0000	0.0000	0.0000	0.0000	0.0000	0.0000	0.0000	0.0000	0.0000	0.0000	0.0000	0.0000	0.0000	0.0005	-0.0000	-0.0000	0.0000	1.1032	2.0009	7.8190	0.0000	0.0000	0.0000	0.0000	0.0000	0.0000	0.0000	0.0000	0.0000	0.0000	0.0000	0.0000	0.0000	0.0000	0.0000	0.0000	0.0000	0.0000	0.0001	0.0000	0.0000	0.0000	0.0000	0.0000	0.0000	0.0000	0.0000	0.0250	0.0168	0.0082	0.0123	0.0106	0.0017	0.0127	0.0063	0.0065	2127.0535	1811.5167	0.0000	2048.9605	1769.6676	0.0000	0.0000	0.0000	0.0000	0.0000	0.0000	0.0000	0.0000	0.0000	0.0000	0.0000	0.0000	0.0000					
19	129	0.2437	7	0	1	1	1	0	0	0	0	N	N	N	N	N	N	N	N	N	N	N	N	0.0000	0.0000	0.0000	0.0000	0.0000	0.0000	0.0000	0.0000	0.0000	0.0000	0.0000	0.0000	0.0000	0.0000	0.0000	0.0000	0.0000	0.0000	0.0000	0.0000	0.0000	0.0000	0.0000	0.0000	0.0000	70.4516	0.0000	0.0000	0.0000	1.0033	2.0009	0.8635	0.0000	0.0000	0.0000	0.0000	0.0000	0.0000	0.0000	0.0000	0.0000	0.0000	0.0000	0.0000	0.0000	0.0000	0.0000	0.0000	0.0000	0.0000	0.0001	0.0001	0.0000	0.0001	0.0001	0.0000	0.0001	0.0000	0.0000	0.0509	0.0376	0.0133	0.0309	0.0256	0.0053	0.0200	0.0120	0.0080	0.0000	0.0000	0.0000	0.0000	0.0000	0.0000	0.0000	0.0000	0.0000	0.0000	0.0000	0.0000	0.0000	0.0000	0.0000	0.0000	0.0000	0.0000			
19	130	0.2144	6	0	0	1	1	0	0	0	0	N	N	N	N	N	N	N	N	N	N	N	N	0.0000	0.0000	0.0000	0.0000	0.0000	0.0000	0.0000	0.0000	0.0000	0.0000	0.0000	0.0000	0.0000	0.0000	0.0000	0.0000	0.0000	0.0000	0.0000	0.0001	0.0000	0.0000	0.0000	0.0000	0.0000	0.0001	4.9228	0.0000	0.0000	0.0000	5.5514	2.0009	9.9598	0.0000	0.0000	0.0000	0.0000	0.0000	0.0000	0.0000	0.0000	0.0000	0.0000	0.0000	0.0000	0.0000	0.0000	0.0000	0.0000	0.0000	0.0000	0.0004	0.0003	0.0001	0.0002	0.0002	0.0000	0.0002	0.0001	0.0001	0.0941	0.0659	0.0282	0.0414	0.0367	0.0048	0.0527	0.0293	0.0234	0.0000	0.0000	0.0000	0.0000	0.0000	0.0000	0.0000	0.0000	0.0000	0.0000	0.0000	0.0001	0.0000	0.0000	0.0000	0.0000	0.0000	0.0001		
19	131	0.1840	5	0	0	1	1	0	0	0	0	N	N	N	N	N	N	N	N	N	N	N	N	2.5711	1.5979	7.0075	4.8809	4.4890	0.0000	1.9395	0.0080	6.4588	0.0139	0.0094	0.0307	0.0147	0.0148	0.0000	0.0130	0.0001	0.0314	0.0054	0.0059	0.0044	0.0030	0.0033	0.0002	0.0067	0.0083	0.0049	0.8637	0.3645	0.0000	-0.0001	0.0000	9.1969	2.0009	13.4651	0.0000	0.0000	0.0000	0.0000	0.0000	0.0000	0.0000	0.0000	0.0000	0.0005	0.0004	0.0001	0.0001	0.0001	0.0000	0.0004	0.0003	0.0001	0.0007	0.0005	0.0001	0.0003	0.0003	0.0000	0.0003	0.0002	0.0001	0.0969	0.0651	0.0319	0.0345	0.0313	0.0032	0.0624	0.0338	0.0287	2.5711	1.5979	7.0075	4.8809	4.4890	0.0000	1.9395	0.0080	6.4588	0.0054	0.0059	0.0044	0.0030	0.0033	0.0002	0.0067	0.0083	0.0049
19	132	0.5644	11	1	1	1	2	0	0	0	0	N	N	N	Y	N	N	N	N	N	N	N	N	0.0000	0.0000	0.0000	0.0000	0.0000	0.0000	0.0000	0.0000	0.0000	0.0000	0.0000	0.0000	0.0000	0.0000	0.0000	0.0000	0.0000	0.0000	0.0000	0.0000	0.0000	0.0000	inf	0.0000	0.0000	0.0000	1.0000	2.0009	3.0001	0.0000	0.0000	0.0000	0.0000	0.0000	0.0000	0.0000	0.0000	0.0000	0.0000	0.0000	0.0000	0.0000	0.0000	0.0000	0.0000	0.0000	0.0000	0.0001	0.0000	0.0000	0.0000	0.0000	0.0000	0.0000	0.0000	0.0000	0.0087	0.0059	0.0029	0.0044	0.0037	0.0007	0.0043	0.0022	0.0021	0.0000	0.0000	0.0000	0.0000	0.0000	0.0000	0.0000	0.0000	0.0000	0.0000	0.0000	0.0000	0.0000	0.0000	0.0000	0.0000	0.0000	0.0000						
19	133	0.0615	5	1	1	1	2	0	0	0	0	N	N	N	Y	N	N	N	N	N	N	N	N	0.0000	0.0000	0.0000	0.0000	0.0000	0.0000	0.0000	0.0000	0.0000	0.0000	0.0000	0.0000	0.0000	0.0000	0.0000	0.0000	0.0000	0.0000	0.0000	0.0000	0.0000	0.0000	inf	0.0000	0.0000	0.0000	0.0006	2.0009	1.9797	0.0000	0.0000	0.0000	0.0000	0.0000	0.0000	0.0000	0.0000	0.0000	0.0000	0.0000	0.0000	0.0000	0.0000	0.0000	0.0000	0.0000	0.0000	0.0000	0.0000	0.0000	0.0000	0.0000	0.0000	0.0000	0.0000	0.0000	0.0062	0.0037	0.0026	0.0007	0.0007	0.0001	0.0055	0.0030	0.0025	0.0000	0.0000	0.0000	0.0000	0.0000	0.0000	0.0000	0.0000	0.0000	0.0000	0.0000	0.0000	0.0000	0.0000	0.0000	0.0000	0.0000	0.0000						
19	134	0.0447	4	1	1	1	2	0	0	0	0	N	N	N	Y	N	N	N	N	N	N	N	N	0.0000	0.0000	0.0000	0.0000	0.0000	0.0000	0.0000	0.0000	0.0000	0.0000	0.0000	0.0000	0.0000	0.0000	0.0000	0.0000	0.0000	0.0000	0.0000	0.0000	0.0000	0.0000	0.0000	0.0000	0.0000	1.6333	0.0000	0.0000	0.0000	2.0077	2.0009	6.0321	0.0000	0.0000	0.0000	0.0000	0.0000	0.0000	0.0000	0.0000	0.0000	0.0000	0.0000	0.0000	0.0000	0.0000	0.0000	0.0000	0.0000	0.0000	0.0001	0.0001	0.0000	0.0001	0.0001	0.0000	0.0000	0.0000	0.0000	0.0232	0.0131	0.0100	0.0018	0.0016	0.0002	0.0214	0.0115	0.0098	0.0000	0.0000	0.0000	0.0000	0.0000	0.0000	0.0000	0.0000	0.0000	0.0000	0.0000	0.0000	0.0000	0.0000	0.0000	0.0000	0.0000	0.0000			
19	135	0.0218	2	0	1	1	2	0	0	0	0	N	N	N	Y	N	N	N	N	N	N	N	N	0.0000	0.0000	0.0000	0.0000	0.0000	0.0000	0.0000	0.0000	0.0000	0.0000	0.0000	0.0000	0.0000	0.0000	0.0000	0.0000	0.0000	0.0014	0.0024	0.0000	0.0118	0.0121	0.0000	0.0000	0.0000	0.0000	0.0000	0.0000	-0.0000	0.0000	3.0348	2.0009	9.3583	0.0000	0.0000	0.0000	0.0000	0.0000	0.0000	0.0000	0.0000	0.0000	0.0001	0.0001	0.0000	0.0001	0.0001	0.0000	0.0000	0.0000	0.0000	0.0002	0.0001	0.0000	0.0001	0.0001	0.0000	0.0001	0.0000	0.0000	0.0410	0.0238	0.0172	0.0048	0.0046	0.0001	0.0363	0.0192	0.0171	0.0000	0.0000	0.0000	0.0000	0.0000	0.0000	0.0000	0.0000	0.0000	0.0014	0.0024	0.0000	0.0118	0.0121	0.0000	0.0000	0.0000	0.0000		
19	137	0.5940	13	0	1	1	2	0	0	0	0	N	N	N	Y	N	N	N	N	N	N	N	N	0.0000	0.0000	0.0000	0.0000	0.0000	0.0000	0.0000	0.0000	0.0000	0.0000	0.0000	0.0000	0.0000	0.0000	0.0000	0.0000	0.0000	0.0000	0.0000	0.0000	0.0000	0.0000	2.0009	0.0000	0.0000	0.0000	0.0000	0.0000	0.0000	0.0000	0.0000	0.0000	0.0000	0.0000	0.0000	0.0000	0.0000	0.0000	0.0000	0.0000	0.0000	0.0000	0.0000	0.0000	0.0000	0.0000	0.0000	0.0000	0.0000	0.0000	0.0000	0.0000	0.0000	0.0000	0.0000	0.0000	0.0000	0.0000	0.0000	0.0000	0.0000	0.0000	0.0000	0.0000	0.0000	0.0000	0.0000	0.0000	0.0000	0.0000	0.0000	0.0000	0.0000	0.0000	0.0000	0.0000	0.0000	0.0000											
19	138	0.5889	12	0	1	1	2	0	0	0	0	N	N	N	Y	N	N	N	N	N	N	N	N	0.0000	0.0000	0.0000	0.0000	0.0000	0.0000	0.0000	0.0000	0.0000	0.0000	0.0000	0.0000	0.0000	0.0000	0.0001	0.0000	0.0001	0.0001	0.0000	0.0000	0.0000	0.0000	0.0000	0.0000	-0.0000	0.0000	0.0021	2.0009	2.0000	0.0000	0.0000	0.0000	0.0000	0.0000	0.0000	0.0000	0.0000	0.0000	0.0000	0.0000	0.0000	0.0000	0.0000	0.0000	0.0000	0.0000	0.0000	0.0000	0.0000	0.0000	0.0000	0.0000	0.0000	0.0000	0.0000	0.0000	0.0045	0.0030	0.0014	0.0023	0.0019	0.0004	0.0022	0.0011	0.0010	0.0000	0.0000	0.0000	0.0000	0.0000	0.0000	0.0000	0.0000	0.0000	0.0000	0.0001	0.0000	0.0001	0.0001	0.0000	0.0000	0.0000	0.0000						
19	139	0.5787	11	0	0	1	2	0	0	0	0	N	N	N	Y	N	N	N	N	N	N	N	N	0.0000	0.0000	0.0000	0.0000	0.0000	0.0000	0.0000	0.0000	0.0000	0.0000	0.0000	0.0000	0.0000	0.0000	0.0000	0.0000	0.0457	0.0673	0.0000	0.0904	0.1076	0.0000	0.0000	0.0000	0.0000	0.0001	0.0000	-0.0002	0.0000	1.0020	2.0009	3.0181	0.0000	0.0000	0.0000	0.0000	0.0000	0.0000	0.0000	0.0000	0.0000	0.0004	0.0004	0.0000	0.0004	0.0004	0.0000	0.0000	0.0000	0.0000	0.0001	0.0001	0.0000	0.0000	0.0000	0.0000	0.0000	0.0000	0.0000	0.0087	0.0059	0.0028	0.0044	0.0037	0.0007	0.0043	0.0022	0.0021	0.0000	0.0000	0.0000	0.0000	0.0000	0.0000	0.0000	0.0000	0.0000	0.0457	0.0673	0.0000	0.0904	0.1076	0.0000	0.0000	0.0000	0.0000			
19	140	0.5644	11	0	1	1	1	0	0	0	0	N	N	N	N	N	N	N	N	N	N	N	N	0.0000	0.0000	0.0000	0.0000	0.0000	0.0000	0.0000	0.0000	0.0000	0.0000	0.0000	0.0000	0.0000	0.0000	0.0000	0.0000	0.0000	0.0000	0.0000	0.0000	0.0000	0.0000	inf	0.0000	0.0000	0.0000	0.0000	2.0009	4.0001	0.0000	0.0000	0.0000	0.0000	0.0000	0.0000	0.0000	0.0000	0.0000	0.0000	0.0000	0.0000	0.0000	0.0000	0.0000	0.0000	0.0000	0.0000	0.0000	0.0000	0.0000	0.0000	0.0000	0.0000	0.0000	0.0000	0.0000	0.0087	0.0059	0.0029	0.0044	0.0037	0.0007	0.0043	0.0022	0.0021	0.0000	0.0000	0.0000	0.0000	0.0000	0.0000	0.0000	0.0000	0.0000	0.0000	0.0000	0.0000	0.0000	0.0000	0.0000	0.0000	0.0000	0.0000						
19	141	0.0402	3	0	1	1	1	0	0	0	0	N	N	N	N	N	N	N	N	N	N	N	N	0.0000	0.0000	0.0000	0.0000	0.0000	0.0000	0.0000	0.0000	0.0000	0.0000	0.0000	0.0000	0.0000	0.0000	0.0000	0.0000	0.0000	0.0062	0.0108	0.0000	0.0737	0.0815	0.0000	0.0000	0.0000	0.0000	0.0001	-0.0000	-0.0001	0.0000	1.0003	2.0009	5.0186	0.0000	0.0000	0.0000	0.0000	0.0000	0.0000	0.0000	0.0000	0.0000	0.0001	0.0001	0.0000	0.0001	0.0001	0.0000	0.0000	0.0000	0.0000	0.0001	0.0001	0.0000	0.0001	0.0001	0.0000	0.0000	0.0000	0.0000	0.0178	0.0102	0.0077	0.0015	0.0013	0.0001	0.0163	0.0088	0.0075	0.0000	0.0000	0.0000	0.0000	0.0000	0.0000	0.0000	0.0000	0.0000	0.0062	0.0108	0.0000	0.0737	0.0815	0.0000	0.0000	0.0000	0.0000		
19	142	0.5787	11	0	0	2	2	0	0	0	0	N	N	Y	Y	N	N	N	N	N	N	N	N	0.0000	0.0000	0.0000	0.0000	0.0000	0.0000	0.0000	0.0000	0.0000	0.0000	0.0000	0.0000	0.0000	0.0000	0.0000	0.0001	0.0000	0.0000	0.0000	0.0000	0.0000	0.0001	inf	0.0000	0.0000	0.0000	0.0001	2.0009	9.0026	0.0000	0.0000	0.0000	0.0000	0.0000	0.0000	0.0000	0.0000	0.0000	0.0000	0.0000	0.0000	0.0000	0.0000	0.0000	0.0000	0.0000	0.0000	0.0000	0.0000	0.0000	0.0000	0.0000	0.0000	0.0000	0.0000	0.0000	0.0192	0.0130	0.0062	0.0097	0.0081	0.0016	0.0095	0.0049	0.0046	0.0000	0.0000	0.0000	0.0000	0.0000	0.0000	0.0000	0.0000	0.0000	0.0000	0.0000	0.0001	0.0000	0.0000	0.0000	0.0000	0.0000	0.0001						
19	145	0.0166	2	0	0	2	2	0	0	0	0	N	N	Y	Y	N	N	N	N	N	N	N	N	0.0369	0.0303	0.0000	0.0083	0.0110	0.0000	0.0000	0.0001	0.0001	0.0000	0.0001	0.0001	0.0000	0.0000	0.0000	0.0000	0.0016	0.0028	0.0000	0.0105	0.0106	0.0000	0.0000	0.0000	0.0000	0.0000	0.0001	-0.0000	-0.0001	0.0000	2.1261	2.0009	18.6477	0.0000	0.0000	0.0000	0.0000	0.0000	0.0000	0.0000	0.0000	0.0000	0.0001	0.0001	0.0000	0.0001	0.0001	0.0000	0.0000	0.0000	0.0000	0.0029	0.0020	0.0009	0.0020	0.0015	0.0005	0.0010	0.0005	0.0004	0.0748	0.0421	0.0327	0.0113	0.0111	0.0001	0.0635	0.0310	0.0325	0.0369	0.0303	0.0000	0.0083	0.0110	0.0000	0.0000	0.0000	0.0000	0.0016	0.0028	0.0000	0.0105	0.0106	0.0000	0.0000	0.0000	0.0000		
19	146	0.5787	11	0	0	2	2	0	0	0	0	N	N	Y	Y	N	N	N	N	N	N	N	N	0.0000	0.0000	0.0000	0.0000	0.0000	0.0000	0.0000	0.0000	0.0000	0.0000	0.0000	0.0000	0.0000	0.0000	0.0000	0.0000	0.0164	0.0241	0.0001	0.0325	0.0387	0.0000	0.0000	0.0000	0.0001	0.0010	0.0000	-0.0001	0.0000	2.0001	2.0009	5.9880	0.0000	0.0000	0.0000	0.0000	0.0000	0.0000	0.0000	0.0000	0.0000	0.0003	0.0003	0.0000	0.0003	0.0003	0.0000	0.0000	0.0000	0.0000	0.0001	0.0001	0.0000	0.0001	0.0001	0.0000	0.0001	0.0000	0.0000	0.0171	0.0116	0.0055	0.0086	0.0072	0.0014	0.0085	0.0044	0.0041	0.0000	0.0000	0.0000	0.0000	0.0000	0.0000	0.0000	0.0000	0.0000	0.0164	0.0241	0.0001	0.0325	0.0387	0.0000	0.0000	0.0000	0.0001			
19	147	0.5787	11	0	0	2	2	0	0	0	0	N	N	Y	Y	N	N	N	N	N	N	N	N	0.0000	0.0000	0.0000	0.0000	0.0000	0.0000	0.0000	0.0000	0.0000	0.0000	0.0000	0.0000	0.0000	0.0000	0.0000	0.0000	0.0005	0.0005	0.0005	0.0006	0.0008	0.0000	0.0003	0.0000	0.0007	0.5155	0.0000	-0.0000	0.0000	9.0001	2.0009	23.0169	0.0000	0.0000	0.0000	0.0000	0.0000	0.0000	0.0000	0.0000	0.0000	0.0000	0.0000	0.0000	0.0000	0.0000	0.0000	0.0000	0.0000	0.0000	0.0006	0.0005	0.0001	0.0003	0.0003	0.0000	0.0003	0.0002	0.0001	0.0630	0.0428	0.0202	0.0315	0.0264	0.0051	0.0315	0.0164	0.0151	0.0000	0.0000	0.0000	0.0000	0.0000	0.0000	0.0000	0.0000	0.0000	0.0005	0.0005	0.0005	0.0006	0.0008	0.0000	0.0003	0.0000	0.0007			
19	148	0.5534	10	0	0	1	2	0	0	0	0	N	N	N	Y	N	N	N	N	N	N	N	N	0.0000	0.0000	0.0000	0.0000	0.0000	0.0000	0.0000	0.0000	0.0000	0.0000	0.0000	0.0000	0.0000	0.0000	0.0000	0.0000	0.0000	0.0000	0.0000	0.0000	0.0000	0.0000	0.0000	0.0000	0.0000	0.0810	0.0000	-0.0000	0.0000	1.9990	2.0009	7.9526	0.0000	0.0000	0.0000	0.0000	0.0000	0.0000	0.0000	0.0000	0.0000	0.0000	0.0000	0.0000	0.0000	0.0000	0.0000	0.0000	0.0000	0.0000	0.0002	0.0001	0.0001	0.0001	0.0001	0.0000	0.0001	0.0000	0.0001	0.0245	0.0164	0.0081	0.0125	0.0106	0.0019	0.0120	0.0058	0.0062	0.0000	0.0000	0.0000	0.0000	0.0000	0.0000	0.0000	0.0000	0.0000	0.0000	0.0000	0.0000	0.0000	0.0000	0.0000	0.0000	0.0000	0.0000			
19	149	0.5215	9	1	1	1	1	0	0	0	0	N	N	N	N	N	N	N	N	N	N	N	N	0.0000	0.0000	0.0000	0.0000	0.0000	0.0000	0.0000	0.0000	0.0000	0.0000	0.0000	0.0000	0.0000	0.0000	0.0000	0.0000	0.0000	32.4098	0.0022	182.1225	0.0029	0.0035	0.0000	37.7314	0.0000	178.2021	12359.8009	0.0000	0.5416	0.0000	5.3497	2.0009	17.2225	0.0000	0.0000	0.0000	0.0000	0.0000	0.0000	0.0000	0.0000	0.0000	1.0000	0.0001	0.9999	0.0001	0.0001	0.0000	0.9999	0.0000	0.9999	0.0003	0.0002	0.0001	0.0001	0.0001	0.0000	0.0001	0.0001	0.0001	0.0542	0.0370	0.0172	0.0277	0.0234	0.0043	0.0265	0.0136	0.0129	0.0000	0.0000	0.0000	0.0000	0.0000	0.0000	0.0000	0.0000	0.0000	18.4591	0.0022	58.0599	0.0029	0.0035	0.0000	37.7314	0.0000	77.4497		
19	150	0.5523	10	0	1	1	1	0	0	0	0	N	N	N	N	N	N	N	N	N	N	N	N	0.0165	0.0000	0.6739	0.0037	0.0000	14.7771	0.4196	0.4698	0.0001	0.0000	0.0005	0.0000	0.0000	0.0062	0.0002	0.0000	0.0004	0.0060	0.0082	0.0007	0.0107	0.0125	0.0004	0.0004	0.0000	0.0008	inf	0.0363	0.0000	-0.0002	0.0000	3.6794	2.0009	17.4287	0.0000	0.0000	0.0000	0.0000	0.0000	0.0000	0.0000	0.0000	0.0000	0.0004	0.0004	0.0000	0.0004	0.0004	0.0000	0.0000	0.0000	0.0000	0.0002	0.0002	0.0000	0.0001	0.0001	0.0000	0.0001	0.0001	0.0000	0.0659	0.0462	0.0196	0.0359	0.0304	0.0055	0.0300	0.0159	0.0141	0.0165	0.0000	0.6739	0.0037	0.0000	14.7771	0.4196	0.0000	0.4698	0.0060	0.0082	0.0007	0.0107	0.0125	0.0004	0.0004	0.0000	0.0008	
19	151	0.5215	9	0	1	1	1	0	0	0	0	N	N	N	N	N	N	N	N	N	N	N	N	0.0086	0.0104	0.0000	0.0745	0.0663	0.0000	0.0000	0.0000	0.0000	0.0001	0.0001	0.0000	0.0002	0.0002	0.0000	0.0000	0.0000	0.0000	0.0123	0.0128	0.0111	0.0028	0.0031	0.0007	0.0228	0.0306	0.0147	0.0000	0.3937	-0.0000	-0.0001	0.0000	3.4464	2.0009	10.1316	0.0000	0.0000	0.0000	0.0000	0.0000	0.0000	0.0000	0.0000	0.0000	0.0004	0.0003	0.0001	0.0001	0.0001	0.0000	0.0004	0.0003	0.0001	0.0002	0.0001	0.0000	0.0001	0.0001	0.0000	0.0001	0.0001	0.0000	0.0365	0.0251	0.0114	0.0192	0.0163	0.0029	0.0173	0.0088	0.0085	0.0086	0.0104	0.0000	0.0745	0.0663	0.0000	0.0000	0.0000	0.0000	0.0123	0.0128	0.0111	0.0028	0.0031	0.0007	0.0228	0.0306	0.0147
19	152	0.0470	5	1	1	1	1	0	0	0	0	N	N	N	N	N	N	N	N	N	N	N	N	0.0000	0.0000	0.0000	0.0000	0.0000	0.0000	0.0000	0.0000	0.0000	0.0000	0.0000	0.0000	0.0000	0.0000	0.0000	0.0000	0.0000	0.0109	0.0191	0.0000	0.1377	0.1546	0.0000	0.0000	0.0000	0.0000	0.0003	0.0000	-0.0002	0.0000	1.0143	2.0009	12.0086	0.0000	0.0000	0.0000	0.0000	0.0000	0.0000	0.0000	0.0000	0.0000	0.0004	0.0004	0.0000	0.0004	0.0004	0.0000	0.0000	0.0000	0.0000	0.0001	0.0001	0.0000	0.0001	0.0001	0.0000	0.0000	0.0000	0.0000	0.0367	0.0209	0.0159	0.0029	0.0026	0.0003	0.0338	0.0183	0.0155	0.0000	0.0000	0.0000	0.0000	0.0000	0.0000	0.0000	0.0000	0.0000	0.0109	0.0191	0.0000	0.1377	0.1546	0.0000	0.0000	0.0000	0.0000		
19	153	0.0447	4	1	1	1	1	0	0	0	0	N	N	N	N	N	N	N	N	N	N	N	N	0.0000	0.0000	0.0000	0.0000	0.0000	0.0000	0.0000	0.0000	0.0000	0.0000	0.0000	0.0000	0.0000	0.0000	0.0000	0.0000	0.0002	0.0004	0.0000	0.0025	0.0028	0.0000	0.0000	0.0000	0.0000	0.0625	0.0000	-0.0000	0.0000	0.9811	2.0009	0.0216	0.0000	0.0000	0.0000	0.0000	0.0000	0.0000	0.0000	0.0000	0.0000	0.0000	0.0000	0.0000	0.0000	0.0000	0.0000	0.0000	0.0000	0.0000	0.0001	0.0001	0.0000	0.0001	0.0001	0.0000	0.0000	0.0000	0.0000	0.0030	0.0017	0.0013	0.0002	0.0002	0.0000	0.0028	0.0015	0.0013	0.0000	0.0000	0.0000	0.0000	0.0000	0.0000	0.0000	0.0000	0.0000	0.0002	0.0004	0.0000	0.0025	0.0028	0.0000	0.0000	0.0000	0.0000			
19	154	0.0402	3	1	1	1	1	0	0	0	0	N	N	N	N	N	N	N	N	N	N	N	N	0.0000	0.0000	0.0000	0.0000	0.0000	0.0000	0.0000	0.0000	0.0000	0.0000	0.0000	0.0000	0.0000	0.0000	0.0000	0.0000	0.0000	0.0000	0.0000	0.0001	0.0003	0.0001	0.0028	0.0000	0.0000	0.0000	3.8521	-0.0000	0.0000	0.0000	0.0083	2.0009	2.0001	0.0000	0.0000	0.0000	0.0000	0.0000	0.0000	0.0000	0.0000	0.0000	0.0000	0.0000	0.0000	0.0000	0.0000	0.0000	0.0000	0.0000	0.0000	0.0000	0.0000	0.0000	0.0000	0.0000	0.0000	0.0000	0.0000	0.0000	0.0063	0.0036	0.0027	0.0006	0.0006	0.0000	0.0057	0.0031	0.0026	0.0000	0.0000	0.0000	0.0000	0.0000	0.0000	0.0000	0.0000	0.0000	0.0000	0.0000	0.0001	0.0003	0.0001	0.0028	0.0000	0.0000	0.0000		
19	155	0.0166	2	0	1	1	1	0	0	0	0	N	N	N	N	N	N	N	N	N	N	N	N	1.4257	15.1600	0.0000	5.9175	7.9259	0.0000	0.0000	0.0000	0.0001	0.0001	0.0000	0.0001	0.0001	0.0000	0.0000	0.0000	0.0000	0.0000	0.0000	0.0001	0.0000	0.0000	0.0000	0.0000	0.0000	0.0001	0.0024	11.9223	-0.0000	0.0000	0.0000	2.9180	2.0009	7.4065	0.0000	0.0000	0.0000	0.0000	0.0000	0.0000	0.0000	0.0000	0.0000	0.0000	0.0000	0.0000	0.0000	0.0000	0.0000	0.0000	0.0000	0.0000	0.0029	0.0020	0.0009	0.0020	0.0015	0.0005	0.0010	0.0006	0.0004	0.0482	0.0274	0.0208	0.0105	0.0104	0.0001	0.0377	0.0169	0.0207	1.4257	15.1600	0.0000	5.9175	7.9259	0.0000	0.0000	0.0000	0.0000	0.0000	0.0000	0.0001	0.0000	0.0000	0.0000	0.0000	0.0000	0.0001	
19	161	0.5720	13	1	1	1	1	0	0	0	0	N	N	N	N	N	N	N	N	N	N	N	N	0.0000	0.0000	0.0000	0.0000	0.0000	0.0000	0.0000	0.0000	0.0000	0.0000	0.0000	0.0000	0.0000	0.0000	0.0000	0.0000	0.0000	0.0000	0.0000	0.0000	0.0002	0.0000	0.0000	0.0000	inf	0.0000	0.0000	0.0000	0.0002	2.0009	3.0099	0.0000	0.0000	0.0000	0.0000	0.0000	0.0000	0.0000	0.0000	0.0000	0.0000	0.0000	0.0000	0.0000	0.0000	0.0000	0.0000	0.0000	0.0000	0.0000	0.0000	0.0000	0.0000	0.0000	0.0000	0.0000	0.0000	0.0000	0.0068	0.0046	0.0022	0.0035	0.0029	0.0006	0.0034	0.0017	0.0016	0.0000	0.0000	0.0000	0.0000	0.0000	0.0000	0.0000	0.0000	0.0000	0.0000	0.0000	0.0000	0.0000	0.0000	0.0002	0.0000	0.0000	0.0000				
19	162	0.5644	12	1	1	1	1	0	0	0	0	N	N	N	N	N	N	N	N	N	N	N	N	0.0000	0.0000	0.0000	0.0000	0.0000	0.0000	0.0000	0.0000	0.0000	0.0000	0.0000	0.0000	0.0000	0.0000	0.0000	0.0000	0.0000	0.0000	0.0000	0.0000	0.0000	0.0000	0.0000	0.0000	0.0495	0.0000	-0.0000	0.0000	0.9998	2.0009	2.0118	0.0000	0.0000	0.0000	0.0000	0.0000	0.0000	0.0000	0.0000	0.0000	0.0000	0.0000	0.0000	0.0000	0.0000	0.0000	0.0000	0.0000	0.0000	0.0001	0.0000	0.0000	0.0000	0.0000	0.0000	0.0000	0.0000	0.0000	0.0066	0.0045	0.0022	0.0033	0.0028	0.0006	0.0033	0.0017	0.0016	0.0000	0.0000	0.0000	0.0000	0.0000	0.0000	0.0000	0.0000	0.0000	0.0000	0.0000	0.0000	0.0000	0.0000	0.0000	0.0000	0.0000	0.0000				
19	163	0.5644	11	1	1	1	1	0	0	0	0	N	N	N	N	N	N	N	N	N	N	N	N	0.0000	0.0000	0.0000	0.0000	0.0000	0.0000	0.0000	0.0000	0.0000	0.0000	0.0000	0.0000	0.0000	0.0000	0.0000	0.0024	0.0020	0.0049	0.0048	0.0035	0.0311	0.0000	0.0000	0.0000	0.4545	0.0000	-0.0000	0.0000	0.0000	2.0009	0.0003	0.0000	0.0000	0.0000	0.0000	0.0000	0.0000	0.0000	0.0000	0.0000	0.0000	0.0000	0.0000	0.0000	0.0000	0.0000	0.0000	0.0000	0.0000	0.0000	0.0000	0.0000	0.0000	0.0000	0.0000	0.0000	0.0000	0.0000	0.0000	0.0000	0.0000	0.0000	0.0000	0.0000	0.0000	0.0000	0.0000	0.0000	0.0000	0.0000	0.0000	0.0000	0.0000	0.0000	0.0000	0.0000	0.0024	0.0020	0.0049	0.0048	0.0035	0.0311	0.0000	0.0000	0.0000				
19	164	0.5534	10	0	1	1	1	0	0	0	0	N	N	N	N	N	N	N	N	N	N	N	N	0.0000	0.0000	0.0000	0.0000	0.0000	0.0000	0.0000	0.0000	0.0000	0.0000	0.0000	0.0000	0.0000	0.0000	0.0000	0.0000	0.0000	0.0000	0.0000	0.0000	0.0000	0.0000	0.0000	0.0000	0.0000	12.6001	0.0000	0.0000	0.0000	0.0063	2.0009	4.3641	0.0000	0.0000	0.0000	0.0000	0.0000	0.0000	0.0000	0.0000	0.0000	0.0000	0.0000	0.0000	0.0000	0.0000	0.0000	0.0000	0.0000	0.0000	0.0001	0.0000	0.0000	0.0000	0.0000	0.0000	0.0000	0.0000	0.0000	0.0129	0.0085	0.0043	0.0067	0.0058	0.0009	0.0061	0.0028	0.0034	0.0000	0.0000	0.0000	0.0000	0.0000	0.0000	0.0000	0.0000	0.0000	0.0000	0.0000	0.0000	0.0000	0.0000	0.0000	0.0000	0.0000	0.0000			
19	165	0.5215	9	0	0	1	1	0	0	0	0	N	N	N	N	N	N	N	N	N	N	N	N	0.0000	0.0000	0.0000	0.0000	0.0000	0.0000	0.0000	0.0000	0.0000	0.0000	0.0000	0.0000	0.0000	0.0000	0.0000	0.0000	0.0000	0.0012	0.0017	0.0000	0.0022	0.0026	0.0000	0.0000	0.0000	0.0000	0.0009	0.0000	-0.0000	0.0000	2.5207	2.0009	10.0226	0.0000	0.0000	0.0000	0.0000	0.0000	0.0000	0.0000	0.0000	0.0000	0.0000	0.0000	0.0000	0.0000	0.0000	0.0000	0.0000	0.0000	0.0000	0.0001	0.0001	0.0000	0.0001	0.0001	0.0000	0.0001	0.0000	0.0000	0.0344	0.0237	0.0107	0.0182	0.0154	0.0027	0.0162	0.0083	0.0079	0.0000	0.0000	0.0000	0.0000	0.0000	0.0000	0.0000	0.0000	0.0000	0.0012	0.0017	0.0000	0.0022	0.0026	0.0000	0.0000	0.0000	0.0000		
19	166	0.5059	8	0	0	1	1	0	0	0	0	N	N	N	N	N	N	N	N	N	N	N	N	0.0000	0.0000	0.0000	0.0000	0.0000	0.0000	0.0000	0.0000	0.0000	0.0000	0.0000	0.0000	0.0000	0.0000	0.0000	0.0000	0.0000	0.0000	0.0025	0.0011	0.0055	0.0013	0.0016	0.0001	0.0041	0.0000	0.0078	2.3669	0.0000	0.0000	0.0000	2.6894	2.0009	4.6619	0.0000	0.0000	0.0000	0.0000	0.0000	0.0000	0.0000	0.0000	0.0000	0.0001	0.0000	0.0000	0.0000	0.0000	0.0000	0.0000	0.0000	0.0000	0.0001	0.0001	0.0000	0.0001	0.0001	0.0000	0.0001	0.0000	0.0000	0.0251	0.0171	0.0080	0.0144	0.0120	0.0023	0.0107	0.0050	0.0057	0.0000	0.0000	0.0000	0.0000	0.0000	0.0000	0.0000	0.0000	0.0000	0.0025	0.0011	0.0055	0.0013	0.0016	0.0001	0.0041	0.0000	0.0078	
19	167	0.4675	7	0	0	1	1	0	0	0	0	N	N	N	N	N	N	N	N	N	N	N	N	0.0000	0.0000	0.0000	0.0000	0.0000	0.0000	0.0000	0.0000	0.0000	0.0000	0.0000	0.0000	0.0000	0.0001	0.0001	0.0000	0.0002	0.0002	0.0000	0.0000	0.0000	0.0000	0.0000	0.0000	-0.0000	0.0000	2.7966	2.0009	8.5340	0.0000	0.0000	0.0000	0.0000	0.0000	0.0000	0.0000	0.0000	0.0000	0.0000	0.0000	0.0000	0.0000	0.0000	0.0000	0.0000	0.0000	0.0000	0.0002	0.0001	0.0000	0.0001	0.0001	0.0000	0.0001	0.0000	0.0000	0.0301	0.0203	0.0099	0.0148	0.0126	0.0022	0.0154	0.0076	0.0077	0.0000	0.0000	0.0000	0.0000	0.0000	0.0000	0.0000	0.0000	0.0000	0.0001	0.0001	0.0000	0.0002	0.0002	0.0000	0.0000	0.0000	0.0000						
20	21	0.7212	10	0	1	1	1	0	0	0	0	N	N	N	N	N	N	N	N	N	N	N	N	0.0000	0.0000	0.0000	0.0000	0.0000	0.0000	0.0000	0.0000	0.0000	0.0000	0.0000	0.0000	0.0000	0.0000	0.0000	0.0000	0.0000	3.0434	4.5260	0.0001	6.7449	9.6979	0.0001	0.0000	0.0000	0.0000	0.0000	0.0000	-1.8337	14.9999	4.9981	23.4905	32.5905	0.0000	0.0000	0.0000	0.0000	0.0000	0.0000	0.0000	0.0000	0.0000	4.0005	4.0004	0.0000	4.0004	4.0004	0.0000	0.0000	0.0000	0.0000	0.4627	0.4006	0.0621	0.1261	0.1166	0.0095	0.3366	0.2840	0.0526	1.3145	0.8839	0.4306	0.7387	0.5843	0.1545	0.5758	0.2996	0.2762	0.0000	0.0000	0.0000	0.0000	0.0000	0.0000	0.0000	0.0000	0.0000	3.0434	4.5260	0.0001	5.4153	6.8469	0.0001	0.0000	0.0000	0.0000		
20	22	0.4537	7	0	1	1	1	0	0	0	0	N	N	N	N	N	N	N	N	N	N	N	N	1614487.9263	80352624.1824	834570.7575	1784456.6085	45799567.2577	36.6894	1476173.9148	inf	1303286.7866	1.9233	1.8164	2.6480	2.8498	3.0394	0.0005	1.5647	1.2918	3.0628	0.0000	0.0000	0.0000	0.0000	0.0000	0.0000	0.0000	0.0000	0.0000	0.2149	82.7750	-0.6391	0.0000	14.9999	12.5677	23.4905	9.8718	2.4186	1.9908	0.4278	1.0000	1.0000	0.0000	1.4186	0.9908	0.4278	0.0000	0.0000	0.0000	0.0000	0.0000	0.0000	0.0000	0.0000	0.0000	1.2576	1.0960	0.1616	0.3509	0.3290	0.0219	0.9067	0.7670	0.1397	0.8439	0.5308	0.3131	0.2063	0.1808	0.0255	0.6376	0.3500	0.2876	1614487.9263	80352624.1824	834570.7575	1784456.6085	45799567.2577	36.6894	1476173.9148	inf	1303286.7866	0.0000	0.0000	0.0000	0.0000	0.0000	0.0000	0.0000	0.0000	0.0000
20	23	0.7687	13	0	0	1	2	0	0	0	0	N	N	N	Y	N	N	N	N	N	N	N	N	907.7027	inf	0.0000	1722.0233	inf	0.0000	0.0010	0.0011	0.0000	0.0037	0.0041	0.0000	0.0000	0.0000	0.0000	0.0000	0.0000	0.0000	0.0000	0.0000	0.0000	0.0000	0.0000	0.0000	0.0000	inf	-0.0000	0.0000	14.9999	0.9981	23.4905	0.0014	0.0001	0.0001	0.0000	0.0001	0.0001	0.0000	0.0000	0.0000	0.0000	0.0000	0.0000	0.0000	0.0000	0.0000	0.0000	0.0000	0.0000	0.0000	0.0922	0.0796	0.0126	0.0242	0.0222	0.0020	0.0681	0.0574	0.0107	0.0365	0.0239	0.0125	0.0181	0.0149	0.0032	0.0183	0.0090	0.0093	907.7027	inf	0.0000	1722.0233	inf	0.0000	0.0000	0.0000	0.0000	0.0000	0.0000	0.0000	0.0000	0.0000	0.0000	0.0000	0.0000	0.0000			
20	24	0.7208	10	0	1	1	2	0	0	0	0	N	N	N	Y	N	N	N	N	N	N	N	N	0.0000	0.0000	0.0000	0.0000	0.0000	0.0000	0.0000	0.0000	0.0000	0.0000	0.0000	0.0000	0.0000	0.0000	0.0000	0.0000	0.0000	0.0000	0.0200	0.0264	0.0050	0.0046	0.0053	0.0008	0.0360	0.0614	0.0064	0.0812	0.0000	-0.0052	14.9999	0.6341	23.4905	12.6218	0.0000	0.0000	0.0000	0.0000	0.0000	0.0000	0.0000	0.0000	0.0000	0.0136	0.0126	0.0010	0.0016	0.0016	0.0000	0.0120	0.0110	0.0010	0.0705	0.0620	0.0084	0.0205	0.0194	0.0012	0.0499	0.0427	0.0073	0.6795	0.4757	0.2037	0.3470	0.2968	0.0501	0.3325	0.1789	0.1536	0.0000	0.0000	0.0000	0.0000	0.0000	0.0000	0.0000	0.0000	0.0000	0.0200	0.0264	0.0050	0.0046	0.0053	0.0008	0.0360	0.0614	0.0064	
20	25	0.3934	6	0	1	1	1	0	0	0	0	N	N	N	N	N	N	N	N	N	N	N	N	186.7759	143.2012	0.0000	99.5152	94.7942	0.0000	722.3128	491.0393	0.0000	1.2747	1.4627	0.0000	1.7769	1.8862	0.0000	1.0968	1.2957	0.0000	0.0068	0.0102	0.0001	0.0179	0.0199	0.0000	0.0015	0.0026	0.0001	0.0000	0.0064	-0.6794	-0.0037	14.9999	10.0221	23.4905	10.6811	1.5402	1.5402	0.0000	0.5616	0.5616	0.0000	0.9786	0.9786	0.0000	0.0081	0.0081	0.0001	0.0069	0.0069	0.0000	0.0012	0.0012	0.0001	1.2083	1.0530	0.1553	0.3161	0.2978	0.0183	0.8922	0.7552	0.1370	1.1905	0.7904	0.4002	0.3867	0.3469	0.0397	0.8039	0.4435	0.3604	186.7759	143.2012	0.0000	99.5152	94.7942	0.0000	722.3128	491.0393	0.0000	0.0068	0.0102	0.0001	0.0179	0.0199	0.0000	0.0015	0.0026	0.0001
20	26	0.7552	12	0	1	1	1	0	0	0	0	N	N	N	N	N	N	N	N	N	N	N	N	0.2166	0.1800	0.0000	0.4953	0.4275	0.0000	0.0000	0.0000	0.0000	0.0003	0.0003	0.0000	0.0011	0.0012	0.0000	0.0000	0.0000	0.0000	0.0014	0.0019	0.0002	0.0022	0.0028	0.0000	0.0002	0.0000	0.0004	0.0000	0.0589	-0.0000	-0.0002	14.9999	3.9997	23.4905	5.4032	0.0001	0.0001	0.0000	0.0001	0.0001	0.0000	0.0000	0.0000	0.0000	0.0005	0.0005	0.0000	0.0005	0.0005	0.0000	0.0000	0.0000	0.0000	0.3691	0.3194	0.0497	0.0991	0.0916	0.0076	0.2700	0.2278	0.0421	0.3926	0.2666	0.1260	0.2276	0.1815	0.0461	0.1649	0.0851	0.0799	0.2166	0.1800	0.0000	0.4953	0.4275	0.0000	0.0000	0.0000	0.0000	0.0014	0.0019	0.0002	0.0022	0.0028	0.0000	0.0002	0.0000	0.0004
20	28	0.7738	14	0	1	1	2	0	0	0	0	N	N	N	Y	N	N	N	N	N	N	N	N	0.0000	0.0000	0.0000	0.0000	0.0000	0.0000	0.0000	0.0000	0.0000	0.0000	0.0000	0.0000	0.0000	0.0000	0.0000	0.0000	0.0000	0.0000	0.0000	0.0000	14.9999	0.0000	23.4905	0.0000	0.0000	0.0000	0.0000	0.0000	0.0000	0.0000	0.0000	0.0000	0.0000	0.0000	0.0000	0.0000	0.0000	0.0000	0.0000	0.0000	0.0000	0.0000	0.0000	0.0000	0.0000	0.0000	0.0000	0.0000	0.0000	0.0000	0.0000	0.0000	0.0000	0.0000	0.0000	0.0000	0.0000	0.0000	0.0000	0.0000	0.0000	0.0000	0.0000	0.0000	0.0000	0.0000	0.0000	0.0000	0.0000	0.0000	0.0000	0.0000	0.0000	0.0000	0.0000	0.0000	0.0000	0.0000											
20	29	0.7411	9	1	1	1	1	0	0	0	0	N	N	N	N	N	N	N	N	N	N	N	N	0.0297	0.0189	0.2349	0.0546	0.0336	39.5223	0.0000	0.0000	0.0000	0.0041	0.0033	0.0086	0.0123	0.0088	0.0807	0.0000	0.0000	0.0000	0.1392	0.1759	0.0366	0.2254	0.2621	0.0020	0.0224	0.0001	0.0521	0.4667	0.0744	-0.0003	-0.0498	14.9999	3.9885	23.4905	8.5018	0.0022	0.0015	0.0007	0.0022	0.0015	0.0007	0.0000	0.0000	0.0000	0.1279	0.1190	0.0089	0.1191	0.1190	0.0002	0.0087	0.0000	0.0087	0.5315	0.4501	0.0814	0.1789	0.1702	0.0087	0.3526	0.2799	0.0727	0.9185	0.6768	0.2417	0.5287	0.4539	0.0748	0.3897	0.2228	0.1669	0.0297	0.0189	0.2349	0.0546	0.0336	39.5223	0.0000	0.0000	0.0000	0.1392	0.1759	0.0366	0.2254	0.2621	0.0020	0.0224	0.0001	0.0521
20	30	0.7320	11	0	1	1	1	0	0	0	0	N	N	N	N	N	N	N	N	N	N	N	N	0.0050	0.1013	0.0062	0.1639	0.1486	0.7634	0.0031	0.0000	0.0044	0.0152	0.0023	0.1152	0.0059	0.0047	0.0477	0.0229	0.0000	0.1238	3.0592	0.0230	18.6980	0.0361	0.0316	0.0625	7.4236	0.0014	28.3853	6.3684	187.6826	0.0018	1.0160	14.9999	0.9701	23.4905	4.0208	0.0042	0.0006	0.0036	0.0007	0.0006	0.0002	0.0035	0.0000	0.0035	1.8943	0.0100	1.8843	0.0132	0.0099	0.0033	1.8811	0.0002	1.8809	0.2764	0.2449	0.0315	0.1250	0.1215	0.0036	0.1513	0.1234	0.0279	0.6192	0.4368	0.1824	0.3658	0.3123	0.0535	0.2534	0.1245	0.1289	0.0050	0.1013	0.0112	0.1639	0.1486	0.7634	0.0031	0.0000	0.0085	3.0592	0.0230	10.3298	0.0361	0.0316	0.0625	7.4236	0.0014	14.5946
20	31	0.7066	9	0	0	1	2	0	0	0	0	N	N	N	Y	N	N	N	N	N	N	N	N	0.0039	0.0032	0.0000	0.0093	0.0085	0.0000	0.0000	0.0000	0.0000	0.0001	0.0001	0.0000	0.0005	0.0005	0.0000	0.0000	0.0000	0.0000	0.0281	0.0402	0.0019	0.0482	0.0579	0.0006	0.0070	0.0111	0.0024	0.0000	0.0216	-0.0000	-0.0116	14.9999	5.0045	23.4905	16.6627	0.0001	0.0001	0.0000	0.0001	0.0001	0.0000	0.0000	0.0000	0.0000	0.0265	0.0259	0.0006	0.0233	0.0232	0.0000	0.0032	0.0027	0.0005	0.4507	0.3879	0.0627	0.1110	0.1021	0.0089	0.3397	0.2859	0.0538	0.9430	0.6449	0.2981	0.4827	0.4012	0.0815	0.4603	0.2437	0.2166	0.0039	0.0032	0.0000	0.0093	0.0085	0.0000	0.0000	0.0000	0.0000	0.0281	0.0402	0.0019	0.0482	0.0579	0.0006	0.0070	0.0111	0.0024
20	32	0.5511	9	1	0	2	1	0	0	0	0	N	N	Y	N	N	N	N	N	N	N	N	N	0.0000	0.0000	0.0000	0.0000	0.0000	0.0000	0.0000	0.0000	0.0000	0.0000	0.0000	0.0000	0.0000	0.0000	0.0000	0.0079	0.0130	0.0000	0.0379	0.0446	0.0000	0.0000	0.0000	0.0000	0.0000	0.0000	-0.0002	14.9999	1.4893	23.4905	0.0050	0.0000	0.0000	0.0000	0.0000	0.0000	0.0000	0.0000	0.0000	0.0000	0.0004	0.0004	0.0000	0.0004	0.0004	0.0000	0.0000	0.0000	0.0000	0.1326	0.1136	0.0190	0.0352	0.0326	0.0026	0.0974	0.0810	0.0164	0.0535	0.0322	0.0213	0.0111	0.0094	0.0017	0.0424	0.0228	0.0196	0.0000	0.0000	0.0000	0.0000	0.0000	0.0000	0.0000	0.0000	0.0000	0.0079	0.0130	0.0000	0.0379	0.0446	0.0000	0.0000	0.0000	0.0000				
20	33	0.7322	11	1	0	2	1	0	0	0	0	N	N	Y	N	N	N	N	N	N	N	N	N	0.0000	0.0000	0.0000	0.0000	0.0000	0.0000	0.0000	0.0000	0.0000	0.0000	0.0000	0.0000	0.0000	0.0000	0.0000	0.0000	0.0000	0.0091	0.0029	0.0228	0.0039	0.0046	0.0004	0.0151	0.0000	0.0330	3.5577	0.0000	0.0008	14.9999	0.9855	23.4905	5.0251	0.0000	0.0000	0.0000	0.0000	0.0000	0.0000	0.0000	0.0000	0.0000	0.0024	0.0005	0.0018	0.0005	0.0005	0.0000	0.0018	0.0000	0.0018	0.0978	0.0847	0.0130	0.0274	0.0255	0.0020	0.0704	0.0593	0.0111	0.2592	0.1781	0.0811	0.1372	0.1119	0.0253	0.1220	0.0662	0.0558	0.0000	0.0000	0.0000	0.0000	0.0000	0.0000	0.0000	0.0000	0.0000	0.0091	0.0029	0.0228	0.0039	0.0046	0.0004	0.0151	0.0000	0.0330		
20	34	0.7050	11	0	1	1	1	0	0	0	0	N	N	N	N	N	N	N	N	N	N	N	N	0.0000	0.0000	0.0000	0.0000	0.0000	0.0000	0.0000	0.0000	0.0000	0.0000	0.0000	0.0000	0.0000	0.0000	0.0000	8.1687	0.0000	43.8790	0.0004	0.0000	0.0021	13.3162	0.0000	49.7990	inf	0.0000	1.0832	14.9999	2.0026	23.4905	4.0175	0.0000	0.0000	0.0000	0.0000	0.0000	0.0000	0.0000	0.0000	0.0000	1.9998	0.0000	1.9998	0.0001	0.0000	0.0001	1.9998	0.0000	1.9998	0.2497	0.2171	0.0326	0.0992	0.0907	0.0085	0.1505	0.1264	0.0241	0.3178	0.2092	0.1086	0.1676	0.1393	0.0283	0.1502	0.0699	0.0803	0.0000	0.0000	0.0000	0.0000	0.0000	0.0000	0.0000	0.0000	0.0000	6.2932	0.0000	18.4152	0.0004	0.0000	0.0021	13.3162	0.0000	24.9089				
20	35	0.7050	10	0	0	1	1	0	0	0	0	N	N	N	N	N	N	N	N	N	N	N	N	1574.1777	1145.5000	4604.0463	2601.5075	1288.3247	40646.0353	0.0000	0.0000	0.0000	3.8266	2.1736	15.9823	5.7324	3.1480	32.0294	0.0000	0.0000	0.0000	0.0024	0.0019	0.0035	0.0022	0.0024	0.0008	0.0027	0.0004	0.0043	0.9999	0.9378	0.0226	0.0000	14.9999	0.4148	23.4905	1.5497	0.3846	0.1923	0.1923	0.3846	0.1923	0.1923	0.0000	0.0000	0.0000	0.0004	0.0002	0.0002	0.0002	0.0002	0.0000	0.0002	0.0000	0.0002	0.1005	0.0885	0.0120	0.0671	0.0611	0.0060	0.0334	0.0274	0.0060	0.1622	0.1072	0.0550	0.0920	0.0786	0.0133	0.0702	0.0286	0.0416	1574.1777	1145.5000	4604.0463	2601.5075	1288.3247	40646.0353	0.0000	0.0000	0.0000	0.0024	0.0019	0.0035	0.0022	0.0024	0.0008	0.0027	0.0004	0.0043
20	36	0.6472	8	0	1	1	1	0	0	0	0	N	N	N	N	N	N	N	N	N	N	N	N	5.0466	2.6099	355397.2892	230198.3503	162861.7867	1076876.1099	0.0000	0.0000	0.0000	4.4030	3.4195	10.3653	20.2244	14.6756	82.9421	0.0000	0.0000	0.0000	0.8725	1.3102	0.0000	0.0001	0.0001	0.0001	1.7096	3.3486	0.0000	0.5000	0.0000	-0.3233	-0.4584	14.9999	7.9964	23.4905	23.6501	2.9999	1.9999	1.0000	2.9999	1.9999	1.0000	0.0000	0.0000	0.0000	1.0000	1.0000	0.0000	0.0000	0.0000	0.0000	1.0000	1.0000	0.0000	0.6813	0.5849	0.0965	0.1483	0.1363	0.0121	0.5330	0.4486	0.0844	1.1462	0.7632	0.3829	0.5613	0.4646	0.0967	0.5849	0.2986	0.2863	5.0466	2.6099	355397.2892	230198.3503	162861.7867	1076876.1099	0.0000	0.0000	0.0000	0.8725	1.3102	0.0000	0.0001	0.0001	0.0001	1.7096	3.3486	0.0000
20	37	0.7212	10	1	1	1	1	0	0	0	0	N	N	N	N	N	N	N	N	N	N	N	N	1.8430	1.4319	0.0000	0.0000	0.0000	0.0000	2550.7025	31951.2559	0.0000	1.5578	1.7989	0.0000	0.0000	0.0000	0.0000	2.1386	2.5336	0.0000	0.8453	1.2563	0.0012	1.4941	1.8913	0.0003	0.0008	0.0001	0.0017	0.0000	0.0004	-0.4411	-0.4581	14.9999	6.9981	23.4905	25.9787	1.0000	1.0000	0.0000	0.0000	0.0000	0.0000	1.0000	1.0000	0.0000	1.0005	1.0000	0.0005	1.0000	1.0000	0.0000	0.0004	0.0000	0.0004	0.6419	0.5559	0.0860	0.1743	0.1612	0.0132	0.4676	0.3947	0.0729	1.1836	0.7960	0.3876	0.6693	0.5287	0.1406	0.5143	0.2672	0.2470	1.8430	1.4319	0.0000	0.0000	0.0000	0.0000	2550.7025	31951.2559	0.0000	0.8453	1.2563	0.0012	1.4941	1.8913	0.0003	0.0008	0.0001	0.0017
20	38	0.7050	10	0	1	1	1	0	0	0	0	N	N	N	N	N	N	N	N	N	N	N	N	0.9460	0.7170	0.0000	1.5599	1.3910	0.0000	0.0000	0.0000	1.4714	1.6989	0.0000	4.8210	5.2604	0.0000	0.0000	0.0000	0.0000	1.5554	2.3693	0.0001	3.0905	3.7818	0.0003	0.0000	0.0000	0.0001	0.0000	0.0000	-0.3265	-0.4583	14.9999	4.7553	23.4905	10.1994	0.7402	0.7402	0.0000	0.7402	0.7402	0.0000	0.0000	0.0000	0.0000	0.9999	0.9999	0.0000	0.9999	0.9999	0.0000	0.0000	0.0000	0.0000	0.5030	0.4357	0.0674	0.1535	0.1407	0.0128	0.3495	0.2950	0.0545	0.6429	0.4220	0.2208	0.3235	0.2644	0.0591	0.3193	0.1576	0.1617	0.9460	0.7170	0.0000	1.5599	1.3910	0.0000	0.0000	0.0000	0.0000	1.5554	2.3693	0.0001	3.0905	3.7818	0.0003	0.0000	0.0000	0.0001	
20	39	0.6472	8	1	1	1	1	0	0	0	0	N	N	N	N	N	N	N	N	N	N	N	N	0.9834	1.3970	0.0000	3.4432	2.8035	0.0000	0.0000	0.0000	4.6290	5.3971	0.0000	21.1749	23.0497	0.0000	0.0000	0.0000	0.0000	4.7070	3.8633	5.1315	6.1498	8.2217	0.0006	3.3587	0.0000	6.8658	0.0000	0.6666	-0.8822	-0.2919	14.9999	5.0000	23.4905	27.3229	2.0000	2.0000	0.0000	2.0000	2.0000	0.0000	0.0000	0.0000	0.0000	4.9999	3.0000	1.9999	3.0001	3.0000	0.0001	1.9999	0.0000	1.9999	0.4321	0.3706	0.0615	0.0945	0.0868	0.0077	0.3376	0.2838	0.0538	1.1663	0.7765	0.3897	0.5708	0.4724	0.0985	0.5954	0.3041	0.2913	1.0798	1.3970	0.0000	4.0291	3.6295	0.0000	0.0000	0.0000	0.0000	4.2871	3.8633	5.1315	5.2555	6.3507	0.0006	3.3587	0.0000	6.8658	
20	40	0.7212	10	0	1	1	1	0	0	0	0	N	N	N	N	N	N	N	N	N	N	N	N	0.8177	0.6351	1.7147	1.4628	0.0000	0.0000	1.5570	1.7980	0.0000	5.7329	6.2010	0.0000	0.0000	0.0000	0.0000	1.9041	2.8312	0.0000	3.3433	4.2390	0.0000	0.0000	0.0001	0.0000	0.0000	0.0000	-0.4411	-0.9168	14.9999	7.0019	23.4905	21.4344	1.0000	1.0000	0.0000	1.0000	1.0000	0.0000	0.0000	0.0000	0.0000	2.0000	2.0000	0.0000	2.0000	2.0000	0.0000	0.0000	0.0000	0.0000	0.6423	0.5562	0.0861	0.1744	0.1613	0.0132	0.4678	0.3949	0.0729	1.0504	0.7064	0.3439	0.5982	0.4718	0.1264	0.4522	0.2346	0.2175	0.8177	0.6351	0.0000	1.7147	1.4628	0.0000	0.0000	0.0000	0.0000	1.9041	2.8312	0.0000	3.3433	4.2390	0.0000	0.0000	0.0001	0.0000			
20	41	0.4537	7	0	1	1	1	0	0	0	0	N	N	N	N	N	N	N	N	N	N	N	N	425.9352	307.8127	0.0000	100.8102	94.0458	0.0000	27617787.4601	22149313.5649	0.0000	2.1430	2.4482	0.0000	2.0129	2.1321	0.0000	2.2004	2.6039	0.0000	0.0050	0.0080	0.0000	0.0200	0.0227	0.0000	0.0000	0.0000	0.0000	0.0000	0.0000	-0.8782	-0.0017	14.9999	8.1446	23.4905	10.2519	1.9908	1.9908	0.0000	0.5722	0.5722	0.0000	1.4186	1.4186	0.0000	0.0037	0.0037	0.0000	0.0037	0.0037	0.0000	0.0000	0.0000	0.0000	0.9290	0.8132	0.1158	0.2843	0.2684	0.0159	0.6447	0.5448	0.0999	0.7333	0.4638	0.2694	0.1848	0.1627	0.0220	0.5485	0.3011	0.2474	425.9352	307.8127	0.0000	100.8102	94.0458	0.0000	27617787.4601	22149313.5649	0.0000	0.0050	0.0080	0.0000	0.0200	0.0227	0.0000	0.0000	0.0000	0.0000
20	42	0.7212	10	0	1	1	1	0	0	0	0	N	N	N	N	N	N	N	N	N	N	N	N	0.0000	0.0000	0.0000	0.0000	0.0000	0.0000	0.0000	0.0000	0.0000	0.0000	0.0000	0.0000	0.0000	0.0000	0.0000	0.0000	2.8026	2.0844	4.2761	2.4009	3.0644	0.0000	3.3658	0.0000	6.9608	0.9999	0.0000	0.0832	14.9999	5.9981	23.4905	11.5875	0.0000	0.0000	0.0000	0.0000	0.0000	0.0000	0.0000	0.0000	0.0000	2.0000	1.0000	1.0000	1.0000	1.0000	0.0000	1.0000	0.0000	1.0000	0.5527	0.4785	0.0742	0.1504	0.1390	0.0114	0.4024	0.3396	0.0628	0.7136	0.4798	0.2338	0.4165	0.3263	0.0902	0.2971	0.1534	0.1437	0.0000	0.0000	0.0000	0.0000	0.0000	0.0000	0.0000	0.0000	0.0000	2.8026	2.0844	4.2761	2.4009	3.0644	0.0000	3.3658	0.0000	6.9608			
20	43	0.8049	10	0	1	2	2	0	0	0	0	N	N	Y	Y	N	N	N	N	N	N	N	N	0.0000	0.0000	0.0000	0.0000	0.0000	0.0000	0.0000	0.0000	0.0000	0.0000	0.0000	0.0000	0.0000	0.0000	0.0000	0.0000	0.0000	0.0000	3.0311	0.3479	20.9858	0.0119	0.0125	0.0053	5.9436	0.8546	23.7962	10.6361	0.0000	0.3831	14.9999	1.0007	23.4905	2.4334	0.0000	0.0000	0.0000	0.0000	0.0000	0.0000	0.0000	0.0000	0.0000	0.8408	0.0723	0.7685	0.0016	0.0016	0.0001	0.8392	0.0707	0.7685	0.0903	0.0775	0.0128	0.0220	0.0203	0.0017	0.0683	0.0572	0.0111	0.2774	0.2077	0.0697	0.1362	0.1249	0.0112	0.1412	0.0827	0.0585	0.0000	0.0000	0.0000	0.0000	0.0000	0.0000	0.0000	0.0000	0.0000	3.0311	0.3479	11.0246	0.0119	0.0125	0.0053	5.9436	0.8546	13.1450	
20	44	0.7677	9	0	0	1	2	0	0	0	0	N	N	N	Y	N	N	N	N	N	N	N	N	0.0033	0.0013	0.0130	0.0112	0.0033	1.0669	0.0000	0.0000	0.0000	0.0019	0.0007	0.0092	0.0072	0.0024	0.0711	0.0000	0.0000	0.0000	0.5808	0.5280	0.7025	0.6452	0.7362	0.0666	0.5121	0.1582	0.8941	2.1666	0.5778	0.0000	-0.0558	14.9999	1.0391	23.4905	15.0482	0.0002	0.0001	0.0001	0.0002	0.0001	0.0001	0.0000	0.0000	0.0000	0.6061	0.3841	0.2220	0.3475	0.3427	0.0049	0.2585	0.0414	0.2171	0.1005	0.0863	0.0142	0.0263	0.0245	0.0018	0.0742	0.0618	0.0124	1.0434	0.7274	0.3160	0.5386	0.4655	0.0732	0.5048	0.2620	0.2428	0.0033	0.0013	0.0130	0.0112	0.0033	1.0669	0.0000	0.0000	0.0000	0.5808	0.5280	0.7025	0.6452	0.7362	0.0666	0.5121	0.1582	0.8941
20	45	0.6472	8	0	1	1	1	0	0	0	0	N	N	N	N	N	N	N	N	N	N	N	N	1.2047	1.8664	1.4311	4.0743	4.8874	5.8058	0.0000	0.0000	2.9429	2.2833	6.9699	13.5769	9.8492	55.8567	0.0000	0.0000	0.0000	2.4429	1.2234	4.8705	3.3324	2.0152	9.6209	1.5927	0.0000	3.2605	0.5000	1.9999	-0.3233	0.6249	14.9999	12.0036	23.4905	21.9053	2.9999	1.9999	1.0000	2.9999	1.9999	1.0000	0.0000	0.0000	0.0000	3.0000	1.0000	2.0000	2.0000	1.0000	1.0000	1.0000	0.0000	1.0000	1.0194	0.8759	0.1435	0.2210	0.2031	0.0179	0.7984	0.6729	0.1256	1.2280	0.8174	0.4106	0.6002	0.4962	0.1039	0.6279	0.3212	0.3067	1.2047	1.8664	1.4311	4.0743	4.8874	5.8058	0.0000	0.0000	0.0000	2.4429	1.2234	4.8705	3.3324	2.0152	9.6209	1.5927	0.0000	3.2605	
20	46	0.2267	6	1	1	1	1	0	0	0	0	N	N	N	N	N	N	N	N	N	N	N	N	0.0000	0.0000	0.0000	0.0000	0.0000	0.0000	0.0000	0.0000	0.0000	0.0000	0.0000	0.0000	0.0000	0.0000	0.0000	0.0000	0.0003	0.0005	0.0000	0.0027	0.0031	0.0000	0.0000	0.0000	0.0000	0.0001	0.0000	-0.0000	14.9999	2.0120	23.4905	1.9924	0.0000	0.0000	0.0000	0.0000	0.0000	0.0000	0.0000	0.0000	0.0000	0.0000	0.0000	0.0000	0.0000	0.0000	0.0000	0.0000	0.0000	0.0000	0.1946	0.1649	0.0297	0.0066	0.0062	0.0004	0.1880	0.1587	0.0293	0.1911	0.1090	0.0820	0.0183	0.0161	0.0023	0.1727	0.0930	0.0797	0.0000	0.0000	0.0000	0.0000	0.0000	0.0000	0.0000	0.0000	0.0000	0.0003	0.0005	0.0000	0.0027	0.0031	0.0000	0.0000	0.0000	0.0000			
20	47	0.7517	14	1	1	1	1	0	0	0	0	N	N	N	N	N	N	N	N	N	N	N	N	95.1687	inf	0.0000	3023430.0727	inf	0.0000	0.0000	0.0000	3.2745	3.4819	0.0000	4.1978	4.3359	0.0000	0.0000	0.0000	0.0000	0.0344	0.0000	0.1038	0.0000	0.0000	0.0000	0.0684	0.0000	0.1409	0.0000	inf	-0.0001	0.0027	14.9999	0.0002	23.4905	4.0036	0.0002	0.0002	0.0000	0.0002	0.0002	0.0000	0.0000	0.0000	0.0000	0.0049	0.0000	0.0049	0.0000	0.0000	0.0000	0.0049	0.0000	0.0049	0.0001	0.0001	0.0000	0.0000	0.0000	0.0000	0.0000	0.0000	0.0000	0.1432	0.0958	0.0475	0.0712	0.0587	0.0125	0.0721	0.0371	0.0350	95.1687	inf	0.0000	3023430.0727	inf	0.0000	0.0000	0.0000	0.0000	0.0344	0.0000	0.1038	0.0000	0.0000	0.0000	0.0684	0.0000	0.1409	
20	48	0.6472	8	0	1	1	2	0	0	0	0	N	N	N	Y	N	N	N	N	N	N	N	N	0.5515	0.4030	0.0000	0.6654	0.6109	0.0000	0.0000	0.0000	0.0000	3.8740	4.5154	0.0000	17.7489	19.3205	0.0000	0.0000	0.0000	0.0000	7.0245	11.2038	1.0714	26.6725	31.6285	0.0003	0.6934	0.0001	1.4369	0.0000	0.0668	-0.8822	-4.2218	14.9999	6.0036	23.4905	51.7820	2.0000	2.0000	0.0000	2.0000	2.0000	0.0000	0.0000	0.0000	0.0000	10.6680	9.9999	0.6680	9.9999	9.9999	0.0000	0.6680	0.0000	0.6680	0.5163	0.4429	0.0733	0.1127	0.1035	0.0092	0.4036	0.3394	0.0642	1.8552	1.2317	0.6235	0.8918	0.7332	0.1586	0.9634	0.4985	0.4649	0.6737	0.5562	0.0000	1.5829	1.4166	0.0000	0.0000	0.0000	0.0000	5.7502	8.1188	1.0714	11.2129	13.6390	0.0003	0.6934	0.0001	1.4369
20	49	0.6472	8	1	1	1	1	0	0	0	0	N	N	N	N	N	N	N	N	N	N	N	N	0.0000	0.0000	0.0000	0.0000	0.0000	0.0000	0.0000	0.0000	0.0000	0.0000	0.0000	0.0000	0.0000	0.0000	0.0000	0.0000	0.0000	1.1865	1.0697	1.4184	1.4622	1.7721	0.0003	0.9252	0.0000	1.9015	0.6678	0.0000	-0.0967	14.9999	5.9964	23.4905	34.6547	0.0000	0.0000	0.0000	0.0000	0.0000	0.0000	0.0000	0.0000	0.0000	1.6678	1.0000	0.6678	1.0001	1.0000	0.0000	0.6678	0.0000	0.6678	0.5157	0.4424	0.0733	0.1126	0.1034	0.0092	0.4031	0.3390	0.0641	1.4057	0.9349	0.4708	0.6839	0.5643	0.1196	0.7218	0.3706	0.3512	0.0000	0.0000	0.0000	0.0000	0.0000	0.0000	0.0000	0.0000	0.0000	1.1865	1.0697	1.4184	1.4622	1.7721	0.0003	0.9252	0.0000	1.9015		
20	50	0.7368	9	0	0	2	1	0	0	0	0	N	N	Y	N	N	N	N	N	N	N	N	N	0.6067	0.4533	0.2427	0.7979	0.7091	0.5670	0.0000	0.0000	0.0000	2.0909	2.4056	0.0005	7.4750	8.0368	0.0034	0.0000	0.0000	0.0000	3.4464	5.3074	0.0021	9.3684	11.3342	0.0060	0.4781	0.8714	0.0006	0.0000	0.0002	-2.5079	-4.4166	14.9999	31.2093	23.4905	46.3939	5.6859	5.6858	0.0002	5.6859	5.6858	0.0002	0.0000	0.0000	0.0000	9.6393	9.6375	0.0018	8.9751	8.9737	0.0014	0.6642	0.6638	0.0004	2.7194	2.3635	0.3558	0.7607	0.7075	0.0532	1.9587	1.6561	0.3026	2.7969	1.9365	0.8604	1.4078	1.1747	0.2330	1.3891	0.7617	0.6274	0.6067	0.4834	0.2427	1.1725	1.0521	0.5670	0.0000	0.0000	0.0000	3.4464	4.9768	0.0021	6.3754	7.6388	0.0060	0.4781	0.8714	0.0006
20	51	0.6840	9	0	1	1	1	0	0	0	0	N	N	N	N	N	N	N	N	N	N	N	N	0.0840	0.0000	0.3706	0.2602	0.0000	2.7159	0.0000	0.0000	0.0000	0.0000	0.0000	0.0004	0.0002	0.0000	0.0027	0.0000	0.0000	0.0000	0.0006	0.0004	0.0009	0.0007	0.0006	0.0010	0.0004	0.0000	0.0009	inf	1.0506	0.0000	0.0000	14.9999	4.1516	23.4905	14.5664	0.0000	0.0000	0.0000	0.0000	0.0000	0.0000	0.0000	0.0000	0.0000	0.0006	0.0003	0.0003	0.0004	0.0003	0.0001	0.0002	0.0000	0.0002	0.4268	0.3700	0.0568	0.1153	0.1077	0.0075	0.3115	0.2622	0.0493	0.9924	0.6938	0.2985	0.5262	0.4433	0.0829	0.4662	0.2505	0.2156	0.0840	0.0000	0.3706	0.2602	0.0000	2.7159	0.0000	0.0000	0.0000	0.0006	0.0004	0.0009	0.0007	0.0006	0.0010	0.0004	0.0000	0.0009
20	52	0.7645	11	1	0	2	1	0	0	0	0	N	N	Y	N	N	N	N	N	N	N	N	N	0.6452	1.2124	0.0000	1.7550	1.5420	0.0000	0.0000	0.0000	0.0000	0.0330	0.0378	0.0000	0.0760	0.0771	0.0000	0.0000	0.0000	0.0000	0.0511	0.0311	0.1046	0.0433	0.0500	0.0022	0.0598	0.0000	0.1426	0.0000	1.2538	-0.0000	0.0003	14.9999	0.0028	23.4905	0.9232	0.0000	0.0000	0.0000	0.0000	0.0000	0.0000	0.0000	0.0000	0.0000	0.0029	0.0013	0.0016	0.0013	0.0013	0.0000	0.0016	0.0000	0.0016	0.0009	0.0008	0.0001	0.0004	0.0004	0.0000	0.0005	0.0004	0.0001	0.0560	0.0408	0.0152	0.0295	0.0254	0.0041	0.0265	0.0154	0.0111	0.6452	1.2124	0.0000	1.7550	1.5420	0.0000	0.0000	0.0000	0.0000	0.0511	0.0311	0.1046	0.0433	0.0500	0.0022	0.0598	0.0000	0.1426
20	53	0.5770	11	0	1	1	1	0	0	0	0	N	N	N	N	N	N	N	N	N	N	N	N	1.4388	0.0024	4.4495	0.0085	0.0050	5.8685	1.3593	0.0000	4.2440	1.0774	0.0005	7.8272	0.0027	0.0018	0.0191	1.4261	0.0000	8.6257	0.7488	0.2022	1.7591	0.3190	0.3601	0.0033	1.0491	0.0006	2.0324	2554.9011	4.7059	0.5424	0.4276	14.9999	8.5400	23.4905	19.3759	0.9712	0.0004	0.9709	0.0006	0.0004	0.0002	0.9706	0.0000	0.9706	1.1671	0.2045	0.9625	0.2045	0.2043	0.0002	0.9625	0.0002	0.9623	0.9015	0.7774	0.1240	0.2208	0.2093	0.0115	0.6806	0.5681	0.1125	1.5586	1.0114	0.5472	0.6411	0.5674	0.0737	0.9175	0.4440	0.4735	1.4388	0.0024	4.4495	0.0085	0.0050	5.8685	1.3593	0.0000	4.2440	0.7488	0.2022	1.7591	0.3190	0.3601	0.0033	1.0491	0.0006	2.0324
20	54	0.5139	10	0	0	1	1	0	0	0	0	N	N	N	N	N	N	N	N	N	N	N	N	0.4950	0.3708	1.6453	0.5525	0.5714	0.6456	0.5472	0.0933	1.6463	1.0045	1.1169	0.2609	3.1671	3.3295	0.0074	0.0495	0.0004	0.2935	2.0296	3.0125	0.1585	5.7324	5.8267	0.0115	0.0906	0.0046	0.1783	0.0353	0.0276	-0.3484	-1.5425	14.9999	7.3474	23.4905	24.2346	0.8560	0.8268	0.0292	0.8267	0.8266	0.0001	0.0293	0.0002	0.0291	3.5751	3.4789	0.0962	3.4772	3.4764	0.0008	0.0979	0.0025	0.0954	0.8521	0.7403	0.1118	0.2610	0.2483	0.0128	0.5911	0.4920	0.0991	1.7615	1.1548	0.6067	0.6809	0.6091	0.0718	1.0806	0.5457	0.5349	0.4950	0.3708	1.6453	0.6201	0.5833	0.6456	0.5472	0.0933	1.6463	2.0296	3.0125	0.1585	5.1070	5.7076	0.0115	0.0906	0.0046	0.1783
20	55	0.4841	9	0	0	1	1	0	0	0	0	N	N	N	N	N	N	N	N	N	N	N	N	1.4102	1.0171	3.9891	2.3517	1.3536	12.8659	0.0151	0.0392	0.0403	0.6173	0.3504	2.5365	1.6275	0.8497	19.2766	0.0041	0.0004	0.0221	0.4377	0.3445	0.6359	0.6920	0.6277	1.4983	0.2696	0.0095	0.5486	1.0067	0.8682	0.0175	0.0040	14.9999	3.4216	23.4905	15.9376	0.2890	0.1440	0.1450	0.2878	0.1439	0.1439	0.0012	0.0001	0.0011	0.6307	0.3376	0.2931	0.3968	0.3333	0.0635	0.2339	0.0043	0.2296	0.4683	0.4111	0.0572	0.1769	0.1694	0.0075	0.2914	0.2417	0.0497	1.4408	0.9799	0.4609	0.5733	0.5310	0.0424	0.8675	0.4489	0.4186	1.4102	1.0171	3.9891	2.3517	1.3536	12.8659	0.0151	0.0392	0.0403	0.4377	0.3445	0.6359	0.6920	0.6277	1.4983	0.2696	0.0095	0.5486
20	56	0.7677	9	0	1	1	1	0	0	0	0	N	N	N	N	N	N	N	N	N	N	N	N	0.0018	0.0005	0.2591	0.0035	0.0010	21.1131	0.0000	0.0000	0.0000	0.0020	0.0007	0.0096	0.0075	0.0026	0.0746	0.0000	0.0000	0.0000	1.1233	1.6059	0.0370	2.1236	2.4747	0.0035	0.0976	0.1436	0.0472	2.1666	0.0102	0.0000	-0.6086	14.9999	0.9891	23.4905	20.6926	0.0002	0.0001	0.0001	0.0002	0.0001	0.0001	0.0000	0.0000	0.0000	1.3578	1.3440	0.0137	1.2996	1.2993	0.0003	0.0582	0.0448	0.0134	0.0961	0.0825	0.0136	0.0252	0.0235	0.0017	0.0708	0.0590	0.0118	1.2087	0.8370	0.3717	0.6120	0.5250	0.0869	0.5968	0.3120	0.2848	0.0018	0.0005	0.2591	0.0035	0.0010	21.1131	0.0000	0.0000	0.0000	1.1233	1.6059	0.0370	2.1236	2.4747	0.0035	0.0976	0.1436	0.0472
20	57	0.6472	8	0	0	1	1	0	0	0	0	N	N	N	N	N	N	N	N	N	N	N	N	1.0235	0.9883	0.0000	2.8282	2.5420	0.0000	0.0000	0.0000	0.0000	2.3001	2.6816	0.0000	10.5219	11.4535	0.0000	0.0000	0.0000	0.0000	2.2473	2.7135	1.3229	3.7204	4.5057	0.0357	0.8586	0.0059	1.7620	0.0000	0.2458	-0.4411	-0.8844	14.9999	5.0326	23.4905	39.3193	1.0001	1.0001	0.0000	1.0001	1.0001	0.0000	0.0000	0.0000	0.0000	3.3880	2.7195	0.6685	2.7217	2.7171	0.0046	0.6663	0.0024	0.6639	0.4348	0.3729	0.0619	0.0950	0.0873	0.0077	0.3398	0.2856	0.0541	1.5075	1.0022	0.5053	0.7316	0.6030	0.1285	0.7760	0.3992	0.3768	1.0235	0.9883	0.0000	2.8282	2.5420	0.0000	0.0000	0.0000	0.0000	2.2473	2.7135	1.3229	3.7204	4.5057	0.0357	0.8586	0.0059	1.7620
20	58	0.6472	8	0	1	1	2	0	0	0	0	N	N	N	Y	N	N	N	N	N	N	N	N	0.0000	0.0000	0.0000	0.0000	0.0000	0.0000	0.0000	0.0000	0.0000	0.0000	0.0000	0.0000	0.0000	0.0000	0.0000	0.0000	0.0000	1.3932	2.0951	0.0001	2.8657	3.4741	0.0001	0.0001	0.0000	0.0001	0.0000	0.0000	-0.9168	14.9999	5.0036	23.4905	36.7244	0.0000	0.0000	0.0000	0.0000	0.0000	0.0000	0.0000	0.0000	0.0000	2.0002	2.0001	0.0000	2.0001	2.0001	0.0000	0.0000	0.0000	0.0000	0.4324	0.3708	0.0615	0.0945	0.0868	0.0077	0.3378	0.2840	0.0538	1.4356	0.9547	0.4809	0.6980	0.5757	0.1222	0.7377	0.3790	0.3587	0.0000	0.0000	0.0000	0.0000	0.0000	0.0000	0.0000	0.0000	0.0000	1.3932	2.0951	0.0001	2.8657	3.4741	0.0001	0.0001	0.0000	0.0001		
20	59	0.4645	9	0	1	1	2	0	0	0	0	N	N	N	Y	N	N	N	N	N	N	N	N	0.9968	1.7319	0.0002	1.4005	2.7856	0.0001	5.0248	116.2184	0.0090	1.6705	1.9158	0.0004	5.4900	5.7583	0.0029	0.0364	0.0434	0.0001	1.6759	1.1062	2.9426	3.9201	2.0672	23.8065	0.0072	0.0004	0.0159	0.0000	1.1963	-0.8957	0.3102	14.9999	10.4254	23.4905	21.2017	2.0307	2.0307	0.0001	1.9998	1.9997	0.0001	0.0309	0.0309	0.0000	3.5931	1.6360	1.9572	3.5842	1.6357	1.9485	0.0089	0.0003	0.0086	1.2157	1.0599	0.1557	0.3643	0.3473	0.0170	0.8514	0.7127	0.1388	2.1441	1.4790	0.6651	0.9143	0.7913	0.1230	1.2297	0.6877	0.5421	0.9968	1.7319	0.0002	1.4005	2.7856	0.0002	5.0248	116.2184	0.0090	1.6759	1.1062	2.9426	3.9201	2.0672	15.8364	0.0072	0.0004	0.0159
20	60	0.7645	11	1	0	2	1	0	0	0	0	N	N	Y	N	N	N	N	N	N	N	N	N	0.0240	0.0188	0.0000	0.0498	0.0434	0.0000	0.0000	0.0000	0.0000	0.0002	0.0002	0.0000	0.0006	0.0007	0.0000	0.0000	0.0000	0.0000	0.0067	0.0099	0.0000	0.0125	0.0155	0.0000	0.0000	0.0000	0.0000	0.0000	0.0000	-0.0000	-0.0007	14.9999	1.9981	23.4905	3.0867	0.0000	0.0000	0.0000	0.0000	0.0000	0.0000	0.0000	0.0000	0.0000	0.0014	0.0014	0.0000	0.0014	0.0014	0.0000	0.0000	0.0000	0.0000	0.1864	0.1609	0.0255	0.0480	0.0444	0.0036	0.1384	0.1164	0.0220	0.2125	0.1438	0.0687	0.1138	0.0919	0.0219	0.0987	0.0519	0.0467	0.0240	0.0188	0.0000	0.0498	0.0434	0.0000	0.0000	0.0000	0.0000	0.0067	0.0099	0.0000	0.0125	0.0155	0.0000	0.0000	0.0000	0.0000
20	61	0.7212	10	1	0	2	1	0	0	0	0	N	N	Y	N	N	N	N	N	N	N	N	N	0.6029	0.4209	0.0000	0.8304	0.6742	0.0000	0.0000	0.0000	0.0000	2.6851	3.1021	0.0000	9.8341	10.6381	0.0000	0.0000	0.0000	0.0000	4.4535	7.3695	0.0008	11.8420	15.7799	0.0002	0.0006	0.0001	0.0011	0.0000	0.0001	-0.4411	-1.3744	14.9999	4.0039	23.4905	14.0733	1.0000	1.0000	0.0000	1.0000	1.0000	0.0000	0.0000	0.0000	0.0000	2.9988	2.9986	0.0002	2.9986	2.9986	0.0000	0.0002	0.0000	0.0002	0.3724	0.3223	0.0501	0.1017	0.0940	0.0077	0.2707	0.2283	0.0424	0.7295	0.4904	0.2390	0.4251	0.3332	0.0919	0.3043	0.1572	0.1471	0.6531	0.5074	0.0000	1.3942	1.1822	0.0000	0.0000	0.0000	0.0000	4.1110	6.1141	0.0008	7.0534	8.9987	0.0002	0.0006	0.0001	0.0011
20	62	0.7405	11	1	0	2	1	0	0	0	0	N	N	Y	N	N	N	N	N	N	N	N	N	0.0000	0.0000	0.0000	0.0000	0.0000	0.0000	0.0000	0.0000	0.0000	0.0000	0.0000	0.0000	0.0000	0.0000	0.0000	0.0000	0.0000	1.5498	2.3962	0.0001	2.9479	3.6834	0.0000	0.0003	0.0003	0.0002	0.0000	0.0000	-0.4583	14.9999	0.0060	23.4905	17.2393	0.0000	0.0000	0.0000	0.0000	0.0000	0.0000	0.0000	0.0000	0.0000	1.0000	0.9999	0.0000	0.9999	0.9999	0.0000	0.0001	0.0001	0.0000	0.0025	0.0022	0.0003	0.0012	0.0011	0.0000	0.0013	0.0010	0.0003	0.6452	0.4173	0.2279	0.3392	0.2715	0.0677	0.3060	0.1458	0.1602	0.0000	0.0000	0.0000	0.0000	0.0000	0.0000	0.0000	0.0000	0.0000	1.5498	2.3962	0.0001	2.9479	3.6834	0.0000	0.0003	0.0003	0.0002		
20	63	0.6840	9	0	0	2	1	0	0	0	0	N	N	Y	N	N	N	N	N	N	N	N	N	0.0612	0.0000	0.1790	0.2310	0.0000	1.2598	0.0000	0.0000	0.0000	0.0001	0.0000	0.0011	0.0004	0.0000	0.0088	0.0000	0.0000	0.0000	0.0022	0.0005	0.0063	0.0017	0.0008	0.0070	0.0028	0.0001	0.0060	inf	4.8122	0.0000	0.0007	14.9999	1.0230	23.4905	12.1924	0.0000	0.0000	0.0000	0.0000	0.0000	0.0000	0.0000	0.0000	0.0000	0.0018	0.0003	0.0015	0.0008	0.0003	0.0005	0.0010	0.0000	0.0010	0.1471	0.1293	0.0177	0.0502	0.0480	0.0023	0.0969	0.0814	0.0155	0.8159	0.5777	0.2382	0.4441	0.3770	0.0670	0.3719	0.2007	0.1712	0.0612	0.0000	0.1790	0.2310	0.0000	1.2598	0.0000	0.0000	0.0000	0.0022	0.0005	0.0063	0.0017	0.0008	0.0070	0.0028	0.0001	0.0060
20	64	0.6472	8	0	0	1	1	0	0	0	0	N	N	N	N	N	N	N	N	N	N	N	N	0.0318	0.0259	0.0000	0.0833	0.0768	0.0000	0.0000	0.0000	0.0000	0.0001	0.0001	0.0000	0.0004	0.0005	0.0000	0.0000	0.0000	0.0000	0.0029	0.0042	0.0004	0.0051	0.0060	0.0003	0.0008	0.0012	0.0004	0.0000	0.0447	-0.0000	-0.0007	14.9999	2.4556	23.4905	12.4191	0.0000	0.0000	0.0000	0.0000	0.0000	0.0000	0.0000	0.0000	0.0000	0.0018	0.0017	0.0001	0.0015	0.0015	0.0000	0.0003	0.0002	0.0001	0.2153	0.1844	0.0308	0.0474	0.0435	0.0038	0.1679	0.1409	0.0270	0.6148	0.4111	0.2037	0.3048	0.2559	0.0489	0.3100	0.1551	0.1548	0.0318	0.0259	0.0000	0.0833	0.0768	0.0000	0.0000	0.0000	0.0000	0.0029	0.0042	0.0004	0.0051	0.0060	0.0003	0.0008	0.0012	0.0004
20	65	0.7696	10	0	1	1	1	0	0	0	0	N	N	N	N	N	N	N	N	N	N	N	N	18.4949	15.2512	0.3630	30.8831	28.3147	5.5234	0.0000	0.0000	0.0000	3.6577	4.1634	0.0022	11.7190	12.4458	0.0145	0.0000	0.0000	0.0000	0.1978	0.2730	0.0060	0.3795	0.4396	0.0026	0.0116	0.0150	0.0071	0.0001	0.0086	-0.3050	-0.0585	14.9999	1.7555	23.4905	11.9300	0.6915	0.6915	0.0000	0.6915	0.6915	0.0000	0.0000	0.0000	0.0000	0.1300	0.1289	0.0011	0.1262	0.1261	0.0001	0.0038	0.0028	0.0010	0.1891	0.1661	0.0230	0.0590	0.0556	0.0035	0.1301	0.1105	0.0195	0.6572	0.4721	0.1852	0.3326	0.2869	0.0457	0.3246	0.1852	0.1394	18.4949	15.2512	0.3630	30.8831	28.3147	5.5234	0.0000	0.0000	0.0000	0.1978	0.2730	0.0060	0.3795	0.4396	0.0026	0.0116	0.0150	0.0071
20	66	0.7486	12	1	1	2	1	0	0	0	0	N	N	Y	N	N	N	N	N	N	N	N	N	0.0000	0.0000	0.0000	0.0000	0.0000	0.0000	0.0000	0.0000	0.0000	0.0000	0.0000	0.0000	0.0000	0.0000	0.0000	0.0000	0.0000	0.0000	0.0000	0.0000	14.9999	0.0000	23.4905	0.0000	0.0000	0.0000	0.0000	0.0000	0.0000	0.0000	0.0000	0.0000	0.0000	0.0000	0.0000	0.0000	0.0000	0.0000	0.0000	0.0000	0.0000	0.0000	0.0000	0.0000	0.0000	0.0000	0.0000	0.0000	0.0000	0.0000	0.0000	0.0000	0.0000	0.0000	0.0000	0.0000	0.0000	0.0000	0.0000	0.0000	0.0000	0.0000	0.0000	0.0000	0.0000	0.0000	0.0000	0.0000	0.0000	0.0000	0.0000	0.0000	0.0000	0.0000	0.0000	0.0000	0.0000	0.0000											
20	67	0.5553	9	1	1	2	1	0	0	0	0	N	N	Y	N	N	N	N	N	N	N	N	N	0.0000	0.0000	0.0000	0.0000	0.0000	0.0000	0.0000	0.0000	0.0000	0.0000	0.0000	0.0000	0.0000	0.0000	0.0000	0.0000	23.5748	18.1963	42.3038	257.5860	0.0000	1052.2312	9.0236	16.6641	0.0000	1.0000	0.0000	0.0833	14.9999	1.0000	23.4905	3.0000	0.0000	0.0000	0.0000	0.0000	0.0000	0.0000	0.0000	0.0000	0.0000	2.0000	1.0000	1.0000	1.0000	0.0000	1.0000	1.0000	1.0000	0.0000	0.0825	0.0713	0.0112	0.0202	0.0186	0.0016	0.0623	0.0527	0.0096	0.1408	0.0856	0.0552	0.0300	0.0256	0.0044	0.1108	0.0600	0.0508	0.0000	0.0000	0.0000	0.0000	0.0000	0.0000	0.0000	0.0000	0.0000	14.2052	11.6852	18.1109	33.3632	0.0000	227.0727	9.0236	16.6641	0.0000			
20	68	0.7486	12	1	1	2	1	0	0	0	0	N	N	Y	N	N	N	N	N	N	N	N	N	0.0000	0.0000	0.0000	0.0000	0.0000	0.0000	0.0000	0.0000	0.0000	0.0000	0.0000	0.0000	0.0000	0.0000	0.0000	0.0000	0.0000	0.0000	0.0000	0.0000	14.9999	1.0000	23.4905	0.0000	0.0000	0.0000	0.0000	0.0000	0.0000	0.0000	0.0000	0.0000	0.0000	0.0000	0.0000	0.0000	0.0000	0.0000	0.0000	0.0000	0.0000	0.0000	0.0930	0.0803	0.0127	0.0250	0.0230	0.0020	0.0680	0.0574	0.0107	0.0362	0.0238	0.0124	0.0166	0.0136	0.0030	0.0196	0.0101	0.0094	0.0000	0.0000	0.0000	0.0000	0.0000	0.0000	0.0000	0.0000	0.0000	0.0000	0.0000	0.0000	0.0000	0.0000	0.0000	0.0000	0.0000	0.0000											
20	69	0.7322	11	1	1	2	1	0	0	0	0	N	N	Y	N	N	N	N	N	N	N	N	N	0.0000	0.0000	0.0000	0.0000	0.0000	0.0000	0.0000	0.0000	0.0000	0.0000	0.0000	0.0000	0.0000	0.0000	3.4050	5.3118	0.0000	9.8362	12.1323	0.0000	0.0000	0.0000	0.0000	0.0000	0.0000	-0.4578	14.9999	1.0155	23.4905	5.9708	0.0000	0.0000	0.0000	0.0000	0.0000	0.0000	0.0000	0.0000	0.0000	0.9987	0.9987	0.0000	0.9987	0.9987	0.0000	0.0000	0.0000	0.0000	0.1006	0.0871	0.0134	0.0282	0.0261	0.0020	0.0724	0.0610	0.0114	0.2933	0.2004	0.0929	0.1538	0.1253	0.0285	0.1395	0.0751	0.0643	0.0000	0.0000	0.0000	0.0000	0.0000	0.0000	0.0000	0.0000	0.0000	3.4050	4.9826	0.0000	6.4917	7.9698	0.0000	0.0000	0.0000	0.0000					
20	70	0.7274	10	1	0	2	1	0	0	0	0	N	N	Y	N	N	N	N	N	N	N	N	N	0.0000	0.0000	0.0000	0.0000	0.0000	0.0000	0.0000	0.0000	0.0000	0.0000	0.0000	0.0000	0.0000	0.0000	0.0000	0.0000	0.0000	0.0000	0.0598	0.0802	0.0083	0.0845	0.1075	0.0000	0.0077	0.0006	0.0171	0.0409	0.0000	-0.0063	14.9999	0.0406	23.4905	2.3361	0.0000	0.0000	0.0000	0.0000	0.0000	0.0000	0.0000	0.0000	0.0000	0.0149	0.0144	0.0006	0.0143	0.0143	0.0000	0.0006	0.0000	0.0006	0.0102	0.0090	0.0012	0.0043	0.0042	0.0001	0.0058	0.0048	0.0010	0.2498	0.1791	0.0707	0.1696	0.1332	0.0363	0.0802	0.0459	0.0344	0.0000	0.0000	0.0000	0.0000	0.0000	0.0000	0.0000	0.0000	0.0000	0.0598	0.0802	0.0083	0.0845	0.1075	0.0000	0.0077	0.0006	0.0171	
20	71	0.5553	9	1	1	2	1	0	0	0	0	N	N	Y	N	N	N	N	N	N	N	N	N	0.0000	0.0000	0.0000	0.0000	0.0000	0.0000	0.0000	0.0000	0.0000	0.0000	0.0000	0.0000	0.0000	0.0000	0.0000	0.0000	0.0000	0.0000	0.0000	0.0000	14.9999	0.0000	23.4905	0.0000	0.0000	0.0000	0.0000	0.0000	0.0000	0.0000	0.0000	0.0000	0.0000	0.0000	0.0000	0.0000	0.0000	0.0000	0.0000	0.0000	0.0000	0.0000	0.0000	0.0000	0.0000	0.0000	0.0000	0.0000	0.0000	0.0000	0.0000	0.0000	0.0000	0.0000	0.0000	0.0000	0.0000	0.0000	0.0000	0.0000	0.0000	0.0000	0.0000	0.0000	0.0000	0.0000	0.0000	0.0000	0.0000	0.0000	0.0000	0.0000	0.0000	0.0000	0.0000	0.0000	0.0000	0.0000											
20	72	0.5372	8	1	1	2	1	0	0	0	0	N	N	Y	N	N	N	N	N	N	N	N	N	0.3314	0.0626	1661.2059	0.0000	0.0000	0.0354	4306.8676	4692.8331	10974.4778	0.0003	0.0001	0.0019	0.0000	0.0000	0.0000	0.0005	0.0001	0.0022	0.0010	0.0015	0.0000	0.0030	0.0035	0.0000	0.0000	0.0000	0.0000	3.0001	0.0004	0.0000	-0.0001	14.9999	3.9057	23.4905	1.1104	0.0001	0.0000	0.0001	0.0000	0.0000	0.0000	0.0001	0.0000	0.0001	0.0002	0.0002	0.0000	0.0002	0.0002	0.0000	0.0000	0.0000	0.0000	0.3622	0.3137	0.0484	0.0962	0.0894	0.0068	0.2660	0.2243	0.0417	0.2402	0.1570	0.0831	0.0798	0.0693	0.0105	0.1604	0.0877	0.0727	0.3314	0.0626	1661.2059	0.0000	0.0000	0.0354	4306.8676	4692.8331	10974.4778	0.0010	0.0015	0.0000	0.0030	0.0035	0.0000	0.0000	0.0000	0.0000
20	73	0.2621	4	1	1	1	1	0	0	0	0	N	N	N	N	N	N	N	N	N	N	N	N	24.5215	45.0950	14.0037	9.7561	9.6559	4.5336	33.2720	13165445.6072	14.8468	1.8816	1.8729	1.9486	1.0415	1.0780	0.0347	2.2209	2.2363	2.1316	0.0767	0.0415	0.1391	0.1068	0.1116	0.0077	0.0667	0.0000	0.1436	0.1358	1.8896	-0.6913	0.0219	14.9999	6.9070	23.4905	16.5673	2.1499	1.8929	0.2570	0.3423	0.3419	0.0004	1.8076	1.5510	0.2566	0.1118	0.0387	0.0731	0.0388	0.0387	0.0001	0.0730	0.0000	0.0730	1.1426	1.0107	0.1319	0.3287	0.3172	0.0115	0.8139	0.6935	0.1204	1.4573	0.9318	0.5255	0.3637	0.3466	0.0171	1.0936	0.5852	0.5084	24.5215	45.0950	14.0037	9.7561	9.6559	4.5336	33.2720	13165445.6072	14.8468	0.0767	0.0415	0.1391	0.1068	0.1116	0.0077	0.0667	0.0000	0.1436
20	74	0.5293	10	0	1	1	2	0	0	0	0	N	N	N	Y	N	N	N	N	N	N	N	N	0.0028	0.0027	0.0013	0.0057	0.0053	0.0346	0.0000	0.0000	0.0000	0.0003	0.0004	0.0001	0.0015	0.0016	0.0008	0.0000	0.0000	0.0000	0.1229	0.1447	0.0852	0.2683	0.3018	0.0236	0.0463	0.0001	0.0930	0.0476	0.3410	-0.0001	-0.0298	14.9999	6.4226	23.4905	19.3377	0.0002	0.0002	0.0000	0.0002	0.0002	0.0000	0.0000	0.0000	0.0000	0.1458	0.1087	0.0371	0.1099	0.1087	0.0012	0.0360	0.0000	0.0359	0.6352	0.5438	0.0914	0.1440	0.1318	0.0122	0.4911	0.4120	0.0791	1.1866	0.7514	0.4353	0.4094	0.3602	0.0492	0.7772	0.3912	0.3860	0.0028	0.0027	0.0013	0.0057	0.0053	0.0346	0.0000	0.0000	0.0000	0.1229	0.1447	0.0852	0.2683	0.3018	0.0236	0.0463	0.0001	0.0930
20	75	0.4841	9	0	0	1	2	0	0	0	0	N	N	N	Y	N	N	N	N	N	N	N	N	1.4028	19.9328	0.0002	30.0308	212.3232	0.0033	0.0000	0.0000	0.0000	1.3196	1.5114	0.0006	3.9941	4.1925	0.0048	0.0000	0.0000	0.0000	0.9407	0.0758	2.7302	0.1330	0.0197	1.4341	1.4538	0.1391	2.8669	0.0001	17.4038	-0.3642	0.7057	14.9999	5.1932	23.4905	17.4397	0.8257	0.8256	0.0000	0.8257	0.8256	0.0000	0.0000	0.0000	0.0000	1.4482	0.0787	1.3695	0.0795	0.0109	0.0687	1.3687	0.0678	1.3008	0.6257	0.5463	0.0794	0.2067	0.1969	0.0098	0.4189	0.3493	0.0696	1.5394	1.0378	0.5016	0.5980	0.5501	0.0479	0.9414	0.4877	0.4537	1.4028	19.9328	0.0002	30.0308	212.3232	0.0033	0.0000	0.0000	0.0000	0.9407	0.0758	2.7302	0.1330	0.0197	1.4341	1.4538	0.1391	2.8669
20	76	0.4471	8	0	0	1	1	0	0	0	0	N	N	N	N	N	N	N	N	N	N	N	N	0.5030	1.3197	0.0081	3.7197	5.6786	0.1313	0.0007	0.0017	0.0002	0.3144	0.3597	0.0116	1.0285	1.0687	0.1153	0.0006	0.0006	0.0003	0.6250	0.2726	1.4415	0.2765	0.1882	0.8780	0.8929	0.3726	1.5691	0.0048	2.2830	-0.0774	0.2634	14.9999	4.4918	23.4905	17.5337	0.1774	0.1765	0.0009	0.1772	0.1763	0.0008	0.0002	0.0002	0.0000	1.1114	0.3385	0.7728	0.2137	0.1268	0.0869	0.8977	0.2117	0.6860	0.5642	0.4908	0.0735	0.1722	0.1650	0.0073	0.3920	0.3258	0.0662	1.7781	1.2420	0.5361	0.7727	0.6738	0.0989	1.0054	0.5682	0.4372	0.5030	1.3197	0.0081	3.7197	5.6786	0.1313	0.0007	0.0017	0.0002	0.6250	0.2726	1.4415	0.2765	0.1882	0.8780	0.8929	0.3726	1.5691
20	77	0.7431	11	0	0	1	2	0	0	0	0	N	N	N	Y	N	N	N	N	N	N	N	N	0.0000	0.0000	0.0000	0.0000	0.0000	0.0000	0.0000	0.0000	0.0000	0.0000	0.0000	0.0000	0.0000	0.0000	0.0000	0.0000	0.0000	0.0000	2.7485	4.0381	0.0001	8.1601	9.5483	0.0002	0.0001	0.0000	0.0001	0.0000	0.0000	-0.8994	14.9999	0.3745	23.4905	14.7996	0.0000	0.0000	0.0000	0.0000	0.0000	0.0000	0.0000	0.0000	0.0000	1.9621	1.9621	0.0000	1.9621	1.9621	0.0000	0.0000	0.0000	0.0000	0.0463	0.0413	0.0051	0.0141	0.0135	0.0006	0.0322	0.0278	0.0044	0.7139	0.4859	0.2280	0.3378	0.2875	0.0502	0.3761	0.1984	0.1777	0.0000	0.0000	0.0000	0.0000	0.0000	0.0000	0.0000	0.0000	0.0000	2.7485	4.0381	0.0001	5.8088	6.8235	0.0002	0.0001	0.0000	0.0001	
20	78	0.7208	10	0	0	1	2	0	0	0	0	N	N	N	Y	N	N	N	N	N	N	N	N	0.0000	0.0000	0.0000	0.0000	0.0000	0.0000	0.0000	0.0000	0.0000	0.0000	0.0000	0.0000	0.0000	0.0000	0.0000	0.0000	0.0000	0.0000	0.0691	0.0955	0.0067	0.1247	0.1445	0.0045	0.0108	0.0136	0.0074	0.0299	0.0000	-0.0187	14.9999	1.4595	23.4905	10.3922	0.0000	0.0000	0.0000	0.0000	0.0000	0.0000	0.0000	0.0000	0.0000	0.0436	0.0424	0.0013	0.0403	0.0401	0.0002	0.0033	0.0023	0.0011	0.1455	0.1266	0.0189	0.0390	0.0363	0.0027	0.1065	0.0902	0.0163	0.6316	0.4437	0.1879	0.3233	0.2776	0.0457	0.3083	0.1661	0.1422	0.0000	0.0000	0.0000	0.0000	0.0000	0.0000	0.0000	0.0000	0.0000	0.0691	0.0955	0.0067	0.1247	0.1445	0.0045	0.0108	0.0136	0.0074	
20	79	0.7066	9	0	0	1	2	0	0	0	0	N	N	N	Y	N	N	N	N	N	N	N	N	0.0060	0.0051	0.0000	0.0149	0.0138	0.0000	0.0000	0.0000	0.0000	0.0004	0.0005	0.0000	0.0016	0.0017	0.0000	0.0000	0.0000	0.0000	0.0656	0.0886	0.0118	0.1052	0.1235	0.0042	0.0196	0.0240	0.0146	0.0000	0.0568	-0.0000	-0.0126	14.9999	1.3861	23.4905	6.3168	0.0001	0.0001	0.0000	0.0001	0.0001	0.0000	0.0000	0.0000	0.0000	0.0312	0.0295	0.0017	0.0268	0.0267	0.0002	0.0043	0.0028	0.0015	0.1278	0.1100	0.0179	0.0318	0.0293	0.0025	0.0960	0.0807	0.0154	0.4751	0.3328	0.1424	0.2553	0.2160	0.0393	0.2198	0.1167	0.1031	0.0060	0.0051	0.0000	0.0149	0.0138	0.0000	0.0000	0.0000	0.0000	0.0656	0.0886	0.0118	0.1052	0.1235	0.0042	0.0196	0.0240	0.0146
20	80	0.6472	8	0	0	1	2	0	0	0	0	N	N	N	Y	N	N	N	N	N	N	N	N	1.3179	1.0259	0.0000	2.9637	2.6843	0.0000	0.0000	0.0000	0.0000	2.8752	3.3534	0.0000	13.1271	14.2884	0.0000	0.0000	0.0000	0.0000	2.1816	3.2687	0.0056	4.4294	5.3229	0.0219	0.0004	0.0006	0.0002	0.0000	0.0009	-0.4411	-0.9061	14.9999	4.0043	23.4905	19.8631	1.0000	1.0000	0.0000	1.0000	1.0000	0.0000	0.0000	0.0000	0.0000	1.9806	1.9789	0.0017	1.9804	1.9787	0.0016	0.0002	0.0001	0.0001	0.3478	0.2982	0.0496	0.0762	0.0700	0.0062	0.2716	0.2282	0.0434	0.9078	0.6054	0.3025	0.4471	0.3717	0.0754	0.4607	0.2337	0.2271	1.3179	1.0259	0.0000	2.9637	2.6843	0.0000	0.0000	0.0000	0.0000	2.1816	3.2687	0.0056	4.4294	5.3229	0.0219	0.0004	0.0006	0.0002
20	81	0.4899	8	0	1	2	1	0	0	0	0	N	N	Y	N	N	N	N	N	N	N	N	N	2.6065	1.9956	0.0000	8.4549	7.9187	0.0000	0.0000	0.0000	0.0000	0.0278	0.0321	0.0000	0.0876	0.0935	0.0000	0.0000	0.0000	0.0000	0.0107	0.0161	0.0001	0.0104	0.0118	0.0000	0.0108	0.0197	0.0001	0.0000	0.0027	-0.0028	-0.0017	14.9999	2.0162	23.4905	4.5500	0.0063	0.0063	0.0000	0.0063	0.0063	0.0000	0.0000	0.0000	0.0000	0.0037	0.0037	0.0000	0.0012	0.0012	0.0000	0.0024	0.0024	0.0000	0.2271	0.1969	0.0303	0.0720	0.0675	0.0045	0.1551	0.1294	0.0257	0.3450	0.2283	0.1167	0.1194	0.1048	0.0146	0.2256	0.1235	0.1021	2.6065	1.9956	0.0000	8.4549	7.9187	0.0000	0.0000	0.0000	0.0000	0.0107	0.0161	0.0001	0.0104	0.0118	0.0000	0.0108	0.0197	0.0001
20	82	0.7552	12	0	1	2	1	0	0	0	0	N	N	Y	N	N	N	N	N	N	N	N	N	0.4351	0.3862	0.0000	1.0692	0.9265	0.0000	0.0000	0.0000	0.0000	0.0004	0.0005	0.0000	0.0015	0.0016	0.0000	0.0000	0.0000	0.0000	0.0009	0.0012	0.0003	0.0014	0.0017	0.0000	0.0002	0.0000	0.0005	0.0000	0.1267	-0.0000	-0.0001	14.9999	3.0011	23.4905	3.7015	0.0001	0.0001	0.0000	0.0001	0.0001	0.0000	0.0000	0.0000	0.0000	0.0003	0.0002	0.0000	0.0002	0.0002	0.0000	0.0000	0.0000	0.0000	0.2784	0.2408	0.0375	0.0749	0.0692	0.0057	0.2034	0.1716	0.0318	0.2981	0.2032	0.0949	0.1752	0.1401	0.0351	0.1229	0.0632	0.0597	0.4351	0.3862	0.0000	1.0692	0.9265	0.0000	0.0000	0.0000	0.0000	0.0009	0.0012	0.0003	0.0014	0.0017	0.0000	0.0002	0.0000	0.0005
20	83	0.7437	11	0	1	1	1	0	0	0	0	N	N	N	N	N	N	N	N	N	N	N	N	176.2014	187.4084	1.6634	573.9434	481.3794	43.3463	0.1019	0.0000	0.3162	5.3238	6.1475	0.0414	19.7224	21.3258	0.1923	0.0023	0.0000	0.0144	0.0302	0.0328	0.0249	0.0344	0.0443	0.0044	0.0222	0.0006	0.0456	0.0011	0.3693	-0.4404	-0.0020	14.9999	2.0032	23.4905	4.2039	1.0007	0.9997	0.0011	1.0004	0.9997	0.0007	0.0003	0.0000	0.0003	0.0108	0.0079	0.0029	0.0081	0.0078	0.0003	0.0027	0.0000	0.0026	0.1880	0.1626	0.0254	0.0507	0.0469	0.0038	0.1372	0.1157	0.0215	0.3570	0.2401	0.1168	0.2356	0.1769	0.0587	0.1213	0.0632	0.0581	176.2014	187.4084	1.6634	573.9434	481.3794	43.3463	0.1019	0.0000	0.3162	0.0302	0.0328	0.0249	0.0344	0.0443	0.0044	0.0222	0.0006	0.0456
20	84	0.7405	11	1	0	2	1	0	0	0	0	N	N	Y	N	N	N	N	N	N	N	N	N	0.0000	0.0000	0.0000	0.0000	0.0000	0.0000	0.0000	0.0000	0.0000	0.0000	0.0000	0.0000	0.0000	0.0000	0.0000	0.0000	0.0000	0.0000	0.0195	0.0145	0.0284	0.0184	0.0207	0.0074	0.0208	0.0009	0.0356	1.1189	0.0000	0.0004	14.9999	1.0052	23.4905	4.9545	0.0000	0.0000	0.0000	0.0000	0.0000	0.0000	0.0000	0.0000	0.0000	0.0053	0.0025	0.0028	0.0027	0.0025	0.0002	0.0027	0.0001	0.0026	0.0960	0.0832	0.0129	0.0284	0.0263	0.0021	0.0676	0.0569	0.0107	0.2735	0.1742	0.0993	0.1447	0.1192	0.0255	0.1288	0.0550	0.0738	0.0000	0.0000	0.0000	0.0000	0.0000	0.0000	0.0000	0.0000	0.0000	0.0195	0.0145	0.0284	0.0184	0.0207	0.0074	0.0208	0.0009	0.0356	
20	85	0.7212	10	1	0	2	1	0	0	0	0	N	N	Y	N	N	N	N	N	N	N	N	N	0.0000	0.0000	0.0000	0.0000	0.0000	0.0000	0.0000	0.0000	0.0000	0.0000	0.0000	0.0000	0.0000	0.0000	0.0000	0.0000	0.0000	0.0000	2.4156	3.6005	0.0000	3.9574	5.1258	0.0000	0.0003	0.0006	0.0000	0.0000	0.0000	-0.4586	14.9999	0.9968	23.4905	7.6169	0.0000	0.0000	0.0000	0.0000	0.0000	0.0000	0.0000	0.0000	0.0000	1.0006	1.0006	0.0000	1.0005	1.0005	0.0000	0.0001	0.0001	0.0000	0.0943	0.0817	0.0127	0.0261	0.0242	0.0020	0.0682	0.0575	0.0107	0.4142	0.2779	0.1363	0.2528	0.1952	0.0576	0.1614	0.0827	0.0787	0.0000	0.0000	0.0000	0.0000	0.0000	0.0000	0.0000	0.0000	0.0000	2.4156	3.6005	0.0000	3.9574	5.1258	0.0000	0.0003	0.0006	0.0000	
20	86	0.7411	9	1	1	1	1	0	0	0	0	N	N	N	N	N	N	N	N	N	N	N	N	0.0014	0.0908	0.0006	0.2225	0.1743	0.8312	0.0000	0.0000	0.0000	0.0030	0.0023	0.0068	0.0094	0.0065	0.0593	0.0000	0.0000	0.0000	2.1260	0.0251	11.1300	0.0421	0.0373	0.0713	4.9783	0.0001	17.6003	0.5224	113.5764	-0.0002	1.0202	14.9999	5.8060	23.4905	6.1034	0.0020	0.0013	0.0007	0.0020	0.0013	0.0007	0.0000	0.0000	0.0000	1.9145	0.0167	1.8978	0.0219	0.0167	0.0052	1.8926	0.0000	1.8926	0.6902	0.5874	0.1028	0.2179	0.2060	0.0118	0.4724	0.3814	0.0910	0.9005	0.6651	0.2354	0.5203	0.4472	0.0731	0.3802	0.2179	0.1623	0.0014	0.0908	0.0008	0.2225	0.1743	0.8312	0.0000	0.0000	0.0000	2.1260	0.0251	8.0609	0.0421	0.0373	0.0713	4.9783	0.0001	11.6607
20	87	0.6472	8	1	1	1	1	0	0	0	0	N	N	N	N	N	N	N	N	N	N	N	N	3.2195	1.8430	26.0585	8.0905	4.8535	133892.7877	0.0011	0.0146	0.0000	2.9189	2.2646	6.9142	13.4668	9.7689	55.4128	0.0002	0.0002	0.0000	0.9066	1.2287	0.2653	1.6645	2.0127	0.0004	0.1817	0.0161	0.3551	0.5000	0.1085	-0.3232	-0.3974	14.9999	12.2869	23.4905	21.7146	2.9988	1.9992	0.9997	2.9987	1.9990	0.9997	0.0002	0.0002	0.0000	1.1022	0.9943	0.1078	0.9893	0.9892	0.0000	0.1129	0.0051	0.1078	1.0274	0.8828	0.1446	0.2227	0.2046	0.0180	0.8047	0.6782	0.1265	1.2157	0.8092	0.4065	0.5943	0.4915	0.1028	0.6214	0.3178	0.3036	3.2195	1.8430	26.0585	8.0905	4.8535	133892.7877	0.0011	0.0146	0.0000	0.9066	1.2287	0.2653	1.6645	2.0127	0.0004	0.1817	0.0161	0.3551
20	88	0.7437	11	0	1	1	1	0	0	0	0	N	N	N	N	N	N	N	N	N	N	N	N	1.5921	2.4692	0.0008	7.2645	6.0402	4.0325	0.0000	0.0000	0.0000	5.3824	6.2196	0.0040	20.0691	21.7143	0.0265	0.0000	0.0000	0.0000	3.3808	2.5189	5.1532	2.7626	3.5950	0.0066	4.3631	0.0002	10.6687	0.0001	0.9948	-0.8817	0.0803	14.9999	4.0005	23.4905	9.0093	1.9993	1.9991	0.0002	1.9993	1.9991	0.0002	0.0000	0.0000	0.0000	1.9904	0.9978	0.9927	0.9983	0.9978	0.0006	0.9921	0.0000	0.9921	0.3715	0.3214	0.0500	0.0996	0.0921	0.0076	0.2718	0.2294	0.0425	0.5888	0.3961	0.1926	0.3614	0.2775	0.0838	0.2274	0.1186	0.1088	1.5921	2.4692	0.0008	7.2645	6.0402	4.0325	0.0000	0.0000	0.0000	3.3808	2.5189	5.1532	2.7626	3.5950	0.0066	4.3631	0.0002	9.1180
20	89	0.7212	10	0	1	1	1	0	0	0	0	N	N	N	N	N	N	N	N	N	N	N	N	0.5866	1.4851	0.0000	4.9256	4.1585	0.0000	0.0000	0.0000	0.0000	0.0131	0.0152	0.0000	0.0474	0.0513	0.0000	0.0000	0.0000	0.0000	0.0224	0.0102	0.0473	0.0096	0.0123	0.0003	0.0418	0.0054	0.0802	0.0000	2.2643	-0.0006	0.0025	14.9999	1.0051	23.4905	9.2650	0.0012	0.0012	0.0000	0.0012	0.0012	0.0000	0.0000	0.0000	0.0000	0.0106	0.0032	0.0073	0.0027	0.0027	0.0000	0.0078	0.0005	0.0073	0.0951	0.0823	0.0128	0.0263	0.0244	0.0020	0.0688	0.0580	0.0108	0.4710	0.3162	0.1548	0.2840	0.2202	0.0638	0.1870	0.0960	0.0910	0.5866	1.4851	0.0000	4.9256	4.1585	0.0000	0.0000	0.0000	0.0000	0.0224	0.0102	0.0473	0.0096	0.0123	0.0003	0.0418	0.0054	0.0802
20	90	0.7696	10	0	0	2	1	0	0	0	0	N	N	Y	N	N	N	N	N	N	N	N	N	0.7398	0.6182	0.2065	0.1263	0.0904	2.8665	0.5268	0.3620	0.0000	1.2728	1.4536	0.0017	0.0027	0.0022	0.0109	1.8269	2.1535	0.0000	1.7204	2.3512	0.0080	0.0215	0.0240	0.0038	3.4676	5.9480	0.0093	0.0002	0.0013	-0.1361	-0.4060	14.9999	2.3559	23.4905	7.1930	0.3087	0.3087	0.0000	0.0002	0.0002	0.0000	0.3085	0.3085	0.0000	0.8881	0.8870	0.0011	0.0056	0.0055	0.0001	0.8825	0.8815	0.0010	0.2426	0.2123	0.0302	0.0737	0.0691	0.0046	0.1689	0.1433	0.0256	0.5162	0.3773	0.1390	0.2617	0.2291	0.0327	0.2545	0.1482	0.1063	0.7398	0.6182	0.2065	0.1263	0.0904	2.8665	0.5268	0.3620	0.0000	1.7204	2.3512	0.0080	0.0215	0.0240	0.0038	3.4676	5.9480	0.0093
20	91	0.7368	9	0	0	1	1	0	0	0	0	N	N	N	N	N	N	N	N	N	N	N	N	2.0573	1.8881	0.4069	3.3727	3.1527	2.9769	1.0743	0.8841	0.0550	0.9858	1.1144	0.0685	1.5701	1.6413	0.3145	0.5341	0.6463	0.0106	0.4792	0.5902	0.1683	0.4655	0.5206	0.1056	0.4972	0.7310	0.1934	0.0086	0.1018	-0.3037	-0.2324	14.9999	4.9284	23.4905	11.0439	0.7021	0.6961	0.0060	0.4875	0.4823	0.0052	0.2145	0.2138	0.0008	0.6350	0.5763	0.0587	0.3507	0.3402	0.0106	0.2843	0.2362	0.0481	0.7122	0.6246	0.0876	0.3105	0.2939	0.0167	0.4017	0.3308	0.0709	1.3252	0.9765	0.3487	0.7534	0.6534	0.1000	0.5718	0.3231	0.2487	2.0573	1.8881	0.4069	3.3727	3.1527	2.9769	1.0743	0.8841	0.0550	0.4792	0.5902	0.1683	0.4655	0.5206	0.1056	0.4972	0.7310	0.1934
20	92	0.6472	8	0	0	1	1	0	0	0	0	N	N	N	N	N	N	N	N	N	N	N	N	1.9048	1.5018	0.0799	4.4223	4.0418	0.1601	0.0006	0.0000	0.0807	3.0899	3.6029	0.0060	14.1042	15.3479	0.0446	0.0001	0.0000	0.0005	1.6222	2.3991	0.0747	3.1894	3.7973	0.2784	0.1214	0.2319	0.0058	0.0003	0.0156	-0.4635	-0.8550	14.9999	3.9161	23.4905	29.2065	1.0514	1.0511	0.0003	1.0514	1.0511	0.0003	0.0000	0.0000	0.0000	1.9302	1.9005	0.0297	1.8564	1.8284	0.0280	0.0738	0.0720	0.0017	0.3403	0.2918	0.0485	0.0745	0.0685	0.0061	0.2657	0.2233	0.0425	1.1899	0.7922	0.3977	0.5821	0.4815	0.1006	0.6078	0.3107	0.2972	1.9048	1.5018	0.0799	4.4223	4.0418	0.1601	0.0006	0.0000	0.0807	1.6222	2.3991	0.0747	3.1894	3.7973	0.2784	0.1214	0.2319	0.0058
20	93	0.4899	8	1	1	1	1	0	0	0	0	N	N	N	N	N	N	N	N	N	N	N	N	1.6907	0.0045	251124.3992	0.0036	0.0037	0.0000	149782.0073	0.0000	413457.2918	3.7042	0.0153	27.5455	0.0430	0.0461	0.0000	5.3337	0.0000	32.5042	2.1910	3.3788	0.0001	11.8026	12.4372	0.0004	0.0000	0.0000	0.0001	278.5643	0.0000	0.5558	-0.4574	14.9999	2.5103	23.4905	7.4742	1.0008	0.0036	0.9973	0.0036	0.0036	0.0000	0.9973	0.0000	0.9973	0.9980	0.9980	0.0000	0.9980	0.9980	0.0000	0.0000	0.0000	0.0000	0.2702	0.2340	0.0362	0.0832	0.0777	0.0055	0.1870	0.1563	0.0307	0.4555	0.2954	0.1601	0.1421	0.1239	0.0182	0.3134	0.1715	0.1419	1.6907	0.0045	251124.3992	0.0061	0.0057	0.0000	149782.0073	0.0000	413457.2918	2.1910	3.3788	0.0001	7.0236	8.0544	0.0004	0.0000	0.0000	0.0001
20	94	0.4537	7	0	1	1	1	0	0	0	0	N	N	N	N	N	N	N	N	N	N	N	N	95.3598	79.4669	16.3438	95.0725	97.8118	0.0001	6.7130	0.1230	42.8132	0.6879	0.7788	0.0404	2.1632	2.2862	0.0000	0.0074	0.0001	0.0469	0.0072	0.0098	0.0025	0.0228	0.0234	0.0175	0.0011	0.0011	0.0011	0.0073	0.1377	-0.2532	-0.0012	14.9999	7.1305	23.4905	3.2426	0.5836	0.5794	0.0042	0.5793	0.5793	0.0000	0.0043	0.0001	0.0042	0.0035	0.0031	0.0004	0.0031	0.0028	0.0003	0.0004	0.0002	0.0002	0.8484	0.7439	0.1045	0.2678	0.2534	0.0144	0.5806	0.4905	0.0901	0.4822	0.3120	0.1703	0.1362	0.1218	0.0143	0.3461	0.1902	0.1559	95.3598	79.4669	16.3438	95.0725	97.8118	0.0001	6.7130	0.1230	42.8132	0.0072	0.0098	0.0025	0.0228	0.0234	0.0175	0.0011	0.0011	0.0011
20	95	0.7212	10	1	1	1	1	0	0	0	0	N	N	N	N	N	N	N	N	N	N	N	N	0.7620	0.5917	0.0000	1.5947	1.3615	0.0000	0.0000	0.0000	1.3689	1.5805	0.0000	5.0480	5.4598	0.0000	0.0000	0.0000	0.0000	1.7965	2.6713	0.0001	3.1654	4.0103	0.0002	0.0000	0.0000	0.0000	0.0000	0.0000	-0.4411	-0.9168	14.9999	8.0000	23.4905	22.5660	1.0000	1.0000	0.0000	1.0000	1.0000	0.0000	0.0000	0.0000	0.0000	2.0003	2.0002	0.0000	2.0003	2.0002	0.0000	0.0000	0.0000	0.0000	0.7305	0.6327	0.0978	0.1981	0.1832	0.0149	0.5324	0.4495	0.0829	1.1134	0.7488	0.3646	0.6319	0.4988	0.1331	0.4815	0.2500	0.2315	0.7620	0.5917	0.0000	1.5947	1.3615	0.0000	0.0000	0.0000	0.0000	1.7965	2.6713	0.0001	3.1654	4.0103	0.0002	0.0000	0.0000	0.0000	
20	96	0.6472	8	0	0	1	1	0	0	0	0	N	N	N	N	N	N	N	N	N	N	N	N	0.7447	0.8659	0.0000	2.5248	2.2751	0.0000	0.0000	0.0000	1.9913	2.3175	0.0000	9.1849	9.9949	0.0000	0.0000	0.0000	0.0000	2.6738	2.6765	2.6682	3.6378	4.3931	0.0000	1.7475	0.0001	3.5681	0.0000	0.5000	-0.8822	-0.3751	14.9999	11.9964	23.4905	18.8414	1.9999	1.9999	0.0000	1.9999	1.9999	0.0000	0.0000	0.0000	0.0000	3.0000	2.0000	1.0000	2.0000	2.0000	0.0000	1.0000	0.0000	1.0000	1.0043	0.8630	0.1414	0.2177	0.2001	0.0176	0.7866	0.6629	0.1238	1.1220	0.7473	0.3748	0.5498	0.4553	0.0945	0.5723	0.2920	0.2803	0.7447	0.8659	0.0000	2.5248	2.2751	0.0000	0.0000	0.0000	0.0000	2.6738	2.6765	2.6682	3.6378	4.3931	0.0000	1.7475	0.0001	3.5681	
20	98	0.7517	12	1	1	2	1	0	0	0	0	N	N	Y	N	N	N	N	N	N	N	N	N	0.0000	0.0000	0.0000	0.0000	0.0000	0.0000	0.0000	0.0000	0.0000	0.0000	0.0000	0.0000	0.0000	0.0000	0.0000	0.0000	0.0000	3.0771	4.4871	0.0005	6.2902	8.8965	0.0000	0.0069	0.0122	0.0007	0.0000	0.0000	-0.8881	14.9999	0.9502	23.4905	16.1595	0.0000	0.0000	0.0000	0.0000	0.0000	0.0000	0.0000	0.0000	0.0000	1.9377	1.9376	0.0001	1.9359	1.9359	0.0000	0.0018	0.0017	0.0001	0.1064	0.0931	0.0132	0.0369	0.0347	0.0022	0.0694	0.0584	0.0110	0.6297	0.4318	0.1979	0.3666	0.2905	0.0760	0.2632	0.1413	0.1219	0.0000	0.0000	0.0000	0.0000	0.0000	0.0000	0.0000	0.0000	0.0000	3.0771	4.4871	0.0005	5.2814	6.6636	0.0000	0.0069	0.0122	0.0007		
20	99	0.6472	8	0	1	1	1	0	0	0	0	N	N	N	N	N	N	N	N	N	N	N	N	177265.7821	200142.8021	216630.3700	359235.3143	351776.0867	653779.5208	178166.6559	inf	0.0000	3.9826	3.4763	7.0724	13.7776	9.9949	56.6730	1.2713	1.5086	0.0000	0.0000	0.0000	0.0000	0.0000	0.0000	0.0001	0.0000	0.0000	0.0000	0.3333	0.9412	-0.7644	0.0000	14.9999	11.9964	23.4905	15.6499	3.9999	2.9999	1.0000	2.9999	1.9999	1.0000	1.0000	1.0000	0.0000	0.0000	0.0000	0.0000	0.0000	0.0000	0.0000	0.0000	0.0000	0.0000	1.0043	0.8630	0.1414	0.2177	0.2001	0.0176	0.7866	0.6629	0.1238	1.0253	0.6832	0.3421	0.5036	0.4177	0.0859	0.5218	0.2656	0.2562	177265.7821	200142.8021	216630.3700	359235.3143	351776.0867	653779.5208	178166.6559	inf	0.0000	0.0000	0.0000	0.0000	0.0000	0.0000	0.0001	0.0000	0.0000	0.0000
20	100	0.7546	13	1	0	2	1	0	0	0	0	N	N	Y	N	N	N	N	N	N	N	N	N	0.0000	0.0000	0.0000	0.0000	0.0000	0.0000	0.0000	0.0000	0.0000	0.0000	0.0000	0.0000	0.0000	0.0000	0.0000	0.0000	0.0000	3.4954	5.5545	0.0091	8.4621	11.2152	0.0000	0.0076	0.0011	0.0147	0.0008	0.0000	-0.8809	14.9999	1.0008	23.4905	13.9255	0.0000	0.0000	0.0000	0.0000	0.0000	0.0000	0.0000	0.0000	0.0000	1.9252	1.9236	0.0016	1.9235	1.9235	0.0000	0.0017	0.0001	0.0016	0.0953	0.0827	0.0125	0.0306	0.0283	0.0023	0.0647	0.0545	0.0102	0.5508	0.3754	0.1754	0.3231	0.2558	0.0672	0.2277	0.1195	0.1082	0.0000	0.0000	0.0000	0.0000	0.0000	0.0000	0.0000	0.0000	0.0000	3.4954	5.1246	0.0091	5.9536	7.5184	0.0000	0.0076	0.0011	0.0147		
20	101	0.7517	12	1	0	2	1	0	0	0	0	N	N	Y	N	N	N	N	N	N	N	N	N	0.0000	0.0000	0.0000	0.0000	0.0000	0.0000	0.0000	0.0000	0.0000	0.0000	0.0000	0.0000	0.0000	0.0000	0.0000	0.0000	0.0000	0.0000	1.0582	0.8001	1.7094	0.8201	1.0416	0.0004	1.6094	0.0019	3.5855	0.8469	0.0000	0.0000	14.9999	0.0532	23.4905	2.0467	0.0000	0.0000	0.0000	0.0000	0.0000	0.0000	0.0000	0.0000	0.0000	0.1682	0.0911	0.0771	0.0910	0.0910	0.0000	0.0772	0.0001	0.0771	0.0215	0.0194	0.0020	0.0099	0.0097	0.0001	0.0116	0.0097	0.0019	0.1590	0.1138	0.0451	0.1110	0.0874	0.0236	0.0480	0.0264	0.0215	0.0000	0.0000	0.0000	0.0000	0.0000	0.0000	0.0000	0.0000	0.0000	1.0582	0.8001	1.7094	0.8201	1.0416	0.0004	1.6094	0.0019	3.5855	
20	102	0.7420	11	1	0	2	1	0	0	0	0	N	N	Y	N	N	N	N	N	N	N	N	N	0.0000	0.0000	0.0000	0.0000	0.0000	0.0000	0.0000	0.0000	0.0000	0.0000	0.0000	0.0000	0.0000	0.0000	0.0000	0.0000	0.0000	0.0000	4.2808	6.6648	0.0308	9.1851	11.9761	0.0000	0.0259	0.0002	0.0581	0.0023	0.0000	-0.4802	14.9999	2.0948	23.4905	3.0326	0.0000	0.0000	0.0000	0.0000	0.0000	0.0000	0.0000	0.0000	0.0000	1.0528	1.0504	0.0024	1.0504	1.0504	0.0000	0.0024	0.0000	0.0024	0.2140	0.1865	0.0274	0.0709	0.0661	0.0048	0.1430	0.1204	0.0226	0.2617	0.1843	0.0774	0.1693	0.1329	0.0364	0.0924	0.0513	0.0410	0.0000	0.0000	0.0000	0.0000	0.0000	0.0000	0.0000	0.0000	0.0000	4.0228	5.7000	0.0308	6.2026	7.9010	0.0000	0.0259	0.0002	0.0581	
20	103	0.7212	10	1	0	2	1	0	0	0	0	N	N	Y	N	N	N	N	N	N	N	N	N	0.0000	0.0000	0.0000	0.0000	0.0000	0.0000	0.0000	0.0000	0.0000	0.0000	0.0000	0.0000	0.0000	0.0000	0.0000	0.0000	0.0000	0.0000	0.0416	0.0620	0.0001	0.0681	0.0881	0.0000	0.0004	0.0005	0.0003	0.0012	0.0000	-0.0080	14.9999	3.9484	23.4905	4.8420	0.0000	0.0000	0.0000	0.0000	0.0000	0.0000	0.0000	0.0000	0.0000	0.0175	0.0175	0.0000	0.0174	0.0174	0.0000	0.0001	0.0000	0.0000	0.3673	0.3180	0.0494	0.1003	0.0927	0.0076	0.2670	0.2252	0.0418	0.4203	0.2820	0.1383	0.2562	0.1979	0.0583	0.1641	0.0841	0.0800	0.0000	0.0000	0.0000	0.0000	0.0000	0.0000	0.0000	0.0000	0.0000	0.0416	0.0620	0.0001	0.0681	0.0881	0.0000	0.0004	0.0005	0.0003	
20	104	0.6795	9	0	1	1	1	0	0	0	0	N	N	N	N	N	N	N	N	N	N	N	N	0.0082	0.0020	18.7472	0.0106	0.0027	30.0707	0.0000	0.0000	0.0000	0.0213	0.0078	0.1089	0.0682	0.0234	0.5724	0.0000	0.0000	0.0000	2.5911	3.9086	0.0058	6.4208	8.6824	0.0190	0.0015	0.0019	0.0011	2.1699	0.0008	0.0050	-1.8304	14.9999	8.9557	23.4905	32.3127	0.0203	0.0064	0.0139	0.0203	0.0064	0.0139	0.0000	0.0000	0.0000	4.0000	3.9969	0.0030	3.9987	3.9961	0.0026	0.0012	0.0008	0.0004	0.9546	0.8267	0.1279	0.2983	0.2739	0.0243	0.6563	0.5528	0.1035	1.5437	1.0226	0.5211	0.7462	0.6093	0.1369	0.7975	0.4133	0.3842	0.0082	0.0020	18.7472	0.0127	0.0036	30.0707	0.0000	0.0000	0.0000	2.5911	3.9086	0.0058	5.3586	6.5587	0.0190	0.0015	0.0019	0.0011
20	105	0.7050	10	0	0	2	1	0	0	0	0	N	N	Y	N	N	N	N	N	N	N	N	N	0.1535	0.0000	6567.6632	0.1426	0.0000	142370367.6242	0.0000	0.0000	0.0000	0.5665	0.0000	4.2396	1.8040	0.0000	21.5129	0.0000	0.0000	0.0000	3.6911	6.3714	0.0006	12.6485	15.4230	0.0000	0.0005	0.0000	0.0009	inf	0.0001	0.1452	-0.9167	14.9999	4.2679	23.4905	7.8415	0.2598	0.0000	0.2598	0.2598	0.0000	0.2598	0.0000	0.0000	0.0000	2.0001	2.0000	0.0001	2.0000	2.0000	0.0000	0.0001	0.0000	0.0001	0.4587	0.3974	0.0613	0.1440	0.1319	0.0121	0.3146	0.2654	0.0492	0.5419	0.3559	0.1859	0.2754	0.2258	0.0496	0.2665	0.1302	0.1363	0.1535	0.0000	6567.6632	0.2484	0.0000	142370367.6242	0.0000	0.0000	0.0000	3.6911	5.6191	0.0006	7.2619	8.8584	0.0000	0.0005	0.0000	0.0009
20	106	0.6795	9	0	0	1	1	0	0	0	0	N	N	N	N	N	N	N	N	N	N	N	N	56.1105	83.0740	10.7524	84.0223	112.0207	18.0606	0.0000	0.0000	0.0000	0.8365	0.9236	0.2458	1.6016	1.6843	0.7120	0.0000	0.0000	0.0000	0.0149	0.0111	0.0229	0.0191	0.0150	0.0394	0.0104	0.0041	0.0169	0.0393	0.9801	-0.1101	0.0003	14.9999	1.9301	23.4905	9.0954	0.2729	0.2626	0.0103	0.2729	0.2626	0.0103	0.0000	0.0000	0.0000	0.0087	0.0044	0.0043	0.0058	0.0038	0.0020	0.0029	0.0006	0.0023	0.3263	0.2843	0.0420	0.1704	0.1559	0.0145	0.1559	0.1284	0.0275	0.5866	0.3972	0.1894	0.3049	0.2546	0.0503	0.2816	0.1426	0.1390	56.1105	83.0740	10.7524	84.0223	112.0207	18.0606	0.0000	0.0000	0.0000	0.0149	0.0111	0.0229	0.0191	0.0150	0.0394	0.0104	0.0041	0.0169
20	107	0.6472	8	0	0	1	1	0	0	0	0	N	N	N	N	N	N	N	N	N	N	N	N	330.8659	326.5600	1.5307	934.7385	896.2276	16.9611	0.0000	0.0000	0.0000	5.9210	6.9031	0.0174	27.0272	29.4057	0.1390	0.0000	0.0000	0.0000	0.0179	0.0211	0.0113	0.0289	0.0328	0.0082	0.0070	0.0017	0.0123	0.0004	0.2653	-0.8854	-0.0025	14.9999	3.9049	23.4905	9.6098	2.0092	2.0084	0.0008	2.0092	2.0084	0.0008	0.0000	0.0000	0.0000	0.0102	0.0080	0.0021	0.0082	0.0078	0.0004	0.0020	0.0002	0.0018	0.3393	0.2909	0.0484	0.0743	0.0683	0.0060	0.2650	0.2226	0.0424	0.5688	0.3805	0.1882	0.2823	0.2376	0.0447	0.2865	0.1429	0.1435	330.8659	326.5600	1.5307	934.7385	896.2276	16.9611	0.0000	0.0000	0.0000	0.0179	0.0211	0.0113	0.0289	0.0328	0.0082	0.0070	0.0017	0.0123
20	108	0.6684	10	0	1	1	1	0	0	0	0	N	N	N	N	N	N	N	N	N	N	N	N	0.7885	0.6178	0.9311	0.0001	0.0000	1.9029	6449.4360	5192.8753	0.0000	1.3443	1.5677	0.0005	0.0003	0.0000	0.0035	1.8115	2.1720	0.0000	1.7049	2.5374	0.0005	3.7026	4.4051	0.0018	0.0003	0.0004	0.0001	0.0000	0.0001	-0.4411	-0.9180	14.9999	8.0392	23.4905	22.6195	1.0000	1.0000	0.0000	0.0000	0.0000	0.0000	1.0000	1.0000	0.0000	2.0032	2.0030	0.0002	2.0031	2.0029	0.0002	0.0002	0.0001	0.0000	0.7439	0.6379	0.1060	0.1919	0.1775	0.0144	0.5520	0.4604	0.0916	1.1750	0.7894	0.3856	0.5410	0.4547	0.0863	0.6340	0.3347	0.2993	0.7885	0.6178	0.9311	0.0001	0.0000	1.9029	6449.4360	5192.8753	0.0000	1.7049	2.5374	0.0005	3.7026	4.4051	0.0018	0.0003	0.0004	0.0001
20	109	0.6684	9	0	0	1	1	0	0	0	0	N	N	N	N	N	N	N	N	N	N	N	N	0.0662	0.0541	0.0936	0.1363	0.0687	3.5713	0.0000	0.0000	0.0000	0.0019	0.0012	0.0047	0.0045	0.0023	0.0820	0.0000	0.0000	0.0000	0.0289	0.0222	0.0502	0.0332	0.0339	0.0230	0.0248	0.0044	0.0542	1.0000	0.7133	0.0000	-0.0003	14.9999	0.2031	23.4905	2.0398	0.0001	0.0000	0.0000	0.0001	0.0000	0.0000	0.0000	0.0000	0.0000	0.0070	0.0041	0.0029	0.0039	0.0038	0.0002	0.0031	0.0003	0.0027	0.0523	0.0416	0.0106	0.0221	0.0215	0.0006	0.0302	0.0202	0.0100	0.2425	0.1843	0.0582	0.1188	0.1112	0.0075	0.1238	0.0731	0.0506	0.0662	0.0541	0.0936	0.1363	0.0687	3.5713	0.0000	0.0000	0.0000	0.0289	0.0222	0.0502	0.0332	0.0339	0.0230	0.0248	0.0044	0.0542
20	110	0.5511	9	1	0	2	1	0	0	0	0	N	N	Y	N	N	N	N	N	N	N	N	N	0.0000	0.0000	0.0000	0.0000	0.0000	0.0000	0.0000	0.0000	0.0000	0.0000	0.0000	0.0000	0.0000	0.0000	0.0000	0.0000	0.0000	0.0000	0.0000	0.0000	14.9999	0.0001	23.4905	0.0001	0.0000	0.0000	0.0000	0.0000	0.0000	0.0000	0.0000	0.0000	0.0000	0.0000	0.0000	0.0000	0.0000	0.0000	0.0000	0.0000	0.0000	0.0000	0.0102	0.0081	0.0022	0.0051	0.0051	0.0000	0.0051	0.0029	0.0022	0.0002	0.0001	0.0001	0.0001	0.0001	0.0000	0.0001	0.0000	0.0001	0.0000	0.0000	0.0000	0.0000	0.0000	0.0000	0.0000	0.0000	0.0000	0.0000	0.0000	0.0000	0.0000	0.0000	0.0000	0.0000	0.0000	0.0000											
20	111	0.5372	8	1	0	2	1	0	0	0	0	N	N	Y	N	N	N	N	N	N	N	N	N	0.2295	0.0501	3.3250	0.0000	0.0000	0.0680	0.3393	0.0704	3.3420	0.0007	0.0002	0.0038	0.0000	0.0000	0.0000	0.0010	0.0003	0.0044	0.0029	0.0038	0.0012	0.0031	0.0036	0.0000	0.0028	0.0040	0.0013	3.0001	0.1581	0.0000	-0.0002	14.9999	1.6718	23.4905	2.9223	0.0001	0.0000	0.0001	0.0000	0.0000	0.0000	0.0001	0.0000	0.0001	0.0007	0.0006	0.0001	0.0002	0.0002	0.0000	0.0004	0.0003	0.0001	0.1794	0.1560	0.0234	0.0531	0.0500	0.0031	0.1263	0.1060	0.0203	0.2264	0.1485	0.0779	0.0765	0.0664	0.0100	0.1499	0.0821	0.0678	0.2295	0.0501	3.3250	0.0000	0.0000	0.0680	0.3393	0.0704	3.3420	0.0029	0.0038	0.0012	0.0031	0.0036	0.0000	0.0028	0.0040	0.0013
20	112	0.4537	7	1	0	2	1	0	0	0	0	N	N	Y	N	N	N	N	N	N	N	N	N	673.5636	362.6094	10196.9022	4.8005	4.4876	93.8268	3790.1962	2482.7842	10876.0320	1.0431	0.8413	2.4022	0.0247	0.0263	0.0012	1.4241	1.1785	2.7767	0.0015	0.0023	0.0002	0.0051	0.0059	0.0000	0.0004	0.0005	0.0003	0.4239	0.0597	-0.2061	-0.0005	14.9999	14.0283	23.4905	7.1084	1.4370	1.0092	0.4278	0.0093	0.0092	0.0000	1.4277	1.0000	0.4278	0.0013	0.0012	0.0001	0.0010	0.0010	0.0000	0.0002	0.0002	0.0001	1.3777	1.1996	0.1781	0.3751	0.3511	0.0240	1.0026	0.8485	0.1541	0.8142	0.5128	0.3013	0.2005	0.1760	0.0246	0.6137	0.3369	0.2768	673.5636	362.6094	10196.9022	4.8005	4.4876	93.8268	3790.1962	2482.7842	10876.0320	0.0015	0.0023	0.0002	0.0051	0.0059	0.0000	0.0004	0.0005	0.0003
20	113	0.3934	6	0	0	1	1	0	0	0	0	N	N	N	N	N	N	N	N	N	N	N	N	49.4999	20.4793	2911.4950	42.7567	41.0795	128.8100	90.9012	2.4032	2989.8013	0.4800	0.2854	1.8200	0.8741	0.9259	0.0061	0.3304	0.0144	2.0729	0.0097	0.0139	0.0006	0.0204	0.0225	0.0000	0.0036	0.0060	0.0007	0.9259	0.0210	0.0208	-0.0041	14.9999	8.6129	23.4905	5.1709	0.5232	0.2716	0.2515	0.2621	0.2620	0.0001	0.2611	0.0096	0.2514	0.0093	0.0092	0.0002	0.0071	0.0071	0.0000	0.0022	0.0020	0.0002	1.0900	0.9518	0.1382	0.2999	0.2830	0.0169	0.7901	0.6688	0.1213	0.9638	0.6568	0.3070	0.3476	0.3152	0.0324	0.6162	0.3416	0.2746	49.4999	20.4793	2911.4950	42.7567	41.0795	128.8100	90.9012	2.4032	2989.8013	0.0097	0.0139	0.0006	0.0204	0.0225	0.0000	0.0036	0.0060	0.0007
20	114	0.2983	5	0	0	1	1	0	0	0	0	N	N	N	N	N	N	N	N	N	N	N	N	1.7193	1.1320	109.9060	1.1061	1.0788	8.6657	2.7726	1.5333	122.6742	0.8605	0.8979	0.6313	1.3106	1.3933	0.0877	0.7749	0.7935	0.6736	0.5005	0.7932	0.0057	1.1849	1.2916	0.0101	0.2795	0.5175	0.0055	0.1147	0.0043	-0.4802	-0.4524	14.9999	16.8607	23.4905	22.7724	1.4200	1.2738	0.1461	0.3455	0.3441	0.0015	1.0744	0.9298	0.1447	0.9963	0.9921	0.0043	0.5758	0.5754	0.0004	0.4206	0.4167	0.0038	1.6501	1.4186	0.2315	0.2636	0.2469	0.0167	1.3865	1.1717	0.2148	1.9906	1.2506	0.7400	0.4859	0.4455	0.0405	1.5047	0.8052	0.6995	1.7193	1.1320	109.9060	1.1061	1.0788	8.6657	2.7726	1.5333	122.6742	0.5005	0.7932	0.0057	1.1849	1.2916	0.0101	0.2795	0.5175	0.0055
20	115	0.7274	10	1	0	2	1	0	0	0	0	N	N	Y	N	N	N	N	N	N	N	N	N	0.0000	0.0000	0.0000	0.0000	0.0000	0.0000	0.0000	0.0000	0.0000	0.0000	0.0000	0.0000	0.0000	0.0000	0.0000	0.0000	0.0000	7.2894	0.0000	45.3973	0.0016	0.0000	0.0076	16.4848	0.0000	69.2465	305815494.3597	0.0000	1.0767	14.9999	1.0009	23.4905	4.0038	0.0000	0.0000	0.0000	0.0000	0.0000	0.0000	0.0000	0.0000	0.0000	1.9878	0.0000	1.9878	0.0003	0.0000	0.0003	1.9875	0.0000	1.9875	0.0994	0.0860	0.0134	0.0280	0.0260	0.0021	0.0714	0.0601	0.0113	0.3416	0.2393	0.1023	0.2140	0.1692	0.0448	0.1276	0.0701	0.0575	0.0000	0.0000	0.0000	0.0000	0.0000	0.0000	0.0000	0.0000	0.0000	5.8194	0.0000	19.4351	0.0016	0.0000	0.0076	15.5741	0.0000	34.5757		
20	116	0.6991	9	1	0	2	1	0	0	0	0	N	N	Y	N	N	N	N	N	N	N	N	N	0.1654	1.4221	0.1659	3.4140	2.9991	5.1657	0.0000	0.0000	0.0000	0.0057	0.0037	0.0169	0.0134	0.0086	0.0441	0.0000	0.0000	0.0000	0.0345	0.0026	0.1016	0.0039	0.0029	0.0085	0.0680	0.0022	0.1413	0.7917	18.3186	0.0000	0.0091	14.9999	1.8441	23.4905	10.4794	0.0013	0.0007	0.0006	0.0013	0.0007	0.0006	0.0000	0.0000	0.0000	0.0185	0.0010	0.0175	0.0011	0.0007	0.0004	0.0174	0.0003	0.0171	0.2263	0.1925	0.0338	0.0965	0.0836	0.0129	0.1298	0.1089	0.0209	0.5369	0.3642	0.1727	0.2809	0.2293	0.0516	0.2560	0.1350	0.1211	0.1654	1.4221	0.1659	3.4140	2.9991	5.1657	0.0000	0.0000	0.0000	0.0345	0.0026	0.1016	0.0039	0.0029	0.0085	0.0680	0.0022	0.1413
20	117	0.4110	7	0	1	1	2	0	0	0	0	N	N	N	Y	N	N	N	N	N	N	N	N	0.7007	0.9105	0.0014	10.5894	10.3853	0.0952	0.0006	0.0006	0.0006	0.8925	1.0218	0.0022	3.2133	3.3856	0.0103	0.0012	0.0012	0.0012	1.2736	1.1223	1.5863	0.3034	0.3260	0.1081	1.9022	1.9956	1.7970	0.0003	0.6841	-0.4856	-0.1334	14.9999	10.5071	23.4905	20.2622	1.1015	1.1012	0.0003	1.1005	1.1003	0.0002	0.0010	0.0009	0.0002	2.5571	1.5184	1.0387	0.2395	0.2307	0.0088	2.3176	1.2877	1.0299	1.2342	1.0777	0.1566	0.3425	0.3250	0.0175	0.8918	0.7527	0.1391	2.0077	1.3529	0.6548	0.7893	0.7076	0.0817	1.2184	0.6453	0.5731	0.7007	0.9105	0.0014	10.5894	10.3853	0.0952	0.0006	0.0006	0.0006	1.2736	1.1223	1.5863	0.3034	0.3260	0.1081	1.9022	1.9956	1.7970
20	118	0.6472	8	0	1	1	2	0	0	0	0	N	N	N	Y	N	N	N	N	N	N	N	N	6.3987	2.4854	190354.1710	14.3188	6.4544	2015758.8713	0.0000	0.0000	5.7634	3.3611	20.2086	26.3132	14.3210	161.8643	0.0000	0.0000	0.0000	0.9007	1.3523	0.0001	1.8377	2.2188	0.0001	0.0001	0.0000	0.0001	0.9999	0.0000	0.1177	-0.4584	14.9999	4.0036	23.4905	26.5072	1.9999	1.0000	0.9999	1.9999	1.0000	0.9999	0.0000	0.0000	0.0000	1.0000	1.0000	0.0000	1.0000	1.0000	0.0000	0.0000	0.0000	0.0000	0.3470	0.2975	0.0495	0.0760	0.0698	0.0062	0.2710	0.2277	0.0433	1.1103	0.7395	0.3708	0.5442	0.4507	0.0935	0.5661	0.2888	0.2773	6.3987	2.4854	190354.1710	14.3188	6.4544	2015758.8713	0.0000	0.0000	0.0000	0.9007	1.3523	0.0001	1.8377	2.2188	0.0001	0.0001	0.0000	0.0001	
20	119	0.6856	9	0	1	1	1	0	0	0	0	N	N	N	N	N	N	N	N	N	N	N	N	0.2481	0.0011	4586.4266	0.0078	0.0032	779.6314	0.3978	0.0000	4200.3503	0.5106	0.0033	4.3786	0.0156	0.0077	0.1701	0.8427	0.0000	5.2269	2.0579	3.0457	0.0010	2.0046	2.4225	0.0002	2.1183	4.2041	0.0012	172.6215	0.0002	0.1383	-0.9439	14.9999	3.8169	23.4905	21.2433	0.2500	0.0014	0.2486	0.0031	0.0014	0.0016	0.2469	0.0000	0.2469	2.0599	2.0596	0.0003	1.0652	1.0652	0.0000	0.9947	0.9944	0.0003	0.4896	0.4328	0.0568	0.1965	0.1870	0.0095	0.2930	0.2458	0.0472	1.0009	0.6762	0.3247	0.5314	0.4397	0.0917	0.4696	0.2365	0.2330	0.2481	0.0011	4586.4266	0.0078	0.0032	779.6314	0.3978	0.0000	4200.3503	2.0579	3.0457	0.0010	2.0046	2.4225	0.0002	2.1183	4.2041	0.0012
20	120	0.4645	9	0	1	1	1	0	0	0	0	N	N	N	N	N	N	N	N	N	N	N	N	0.0103	0.0308	0.0002	0.0333	0.0281	0.7217	0.0083	0.0236	0.0000	0.0211	0.0242	0.0009	0.0057	0.0056	0.0081	0.0270	0.0321	0.0000	2.0493	0.7858	4.5893	0.1721	0.1996	0.0112	3.2366	1.3620	5.5259	0.0056	2.9052	-0.0156	1.5216	14.9999	16.3276	23.4905	34.9199	0.0358	0.0356	0.0002	0.0027	0.0025	0.0002	0.0331	0.0331	0.0000	5.3285	1.3645	3.9641	0.1734	0.1718	0.0016	5.1551	1.1927	3.9624	1.6927	1.4718	0.2208	0.4641	0.4393	0.0248	1.2286	1.0325	0.1960	2.6001	1.7364	0.8638	1.0074	0.8607	0.1467	1.5928	0.8757	0.7171	0.0103	0.0308	0.0002	0.0333	0.0281	0.7217	0.0083	0.0236	0.0000	2.0493	0.7858	4.5893	0.1721	0.1996	0.0112	3.2366	1.3620	5.5259
20	121	0.4471	8	0	1	1	1	0	0	0	0	N	N	N	N	N	N	N	N	N	N	N	N	1.7089	1.5510	0.0470	0.0131	0.0088	0.2365	6.7602	7.3774	0.0068	1.3618	1.5673	0.0139	0.0191	0.0140	0.1232	1.8900	2.2652	0.0016	0.7969	1.0105	0.2955	1.4567	1.5928	0.5209	0.2796	0.3071	0.2437	0.0014	0.1246	-0.4271	-0.4823	14.9999	6.1757	23.4905	14.5601	0.9712	0.9699	0.0013	0.0039	0.0027	0.0012	0.9674	0.9672	0.0001	1.3876	1.2339	0.1537	1.1147	1.0641	0.0506	0.2728	0.1698	0.1031	0.7132	0.6188	0.0943	0.2014	0.1919	0.0095	0.5118	0.4270	0.0848	1.7412	1.2210	0.5202	0.7653	0.6680	0.0972	0.9759	0.5530	0.4229	1.7089	1.5510	0.0470	0.0131	0.0088	0.2365	6.7602	7.3774	0.0068	0.7969	1.0105	0.2955	1.4567	1.5928	0.5209	0.2796	0.3071	0.2437
20	122	0.3941	7	0	0	1	1	0	0	0	0	N	N	N	N	N	N	N	N	N	N	N	N	0.1094	0.0889	0.0183	1.3031	1.2464	0.4412	0.0032	0.0021	0.0080	0.1006	0.1144	0.0028	0.3217	0.3351	0.0157	0.0041	0.0046	0.0013	0.9197	1.2872	0.1525	0.2469	0.2688	0.0355	1.2954	2.2276	0.1661	0.0034	0.0568	-0.0420	-0.6728	14.9999	7.5400	23.4905	21.4192	0.0960	0.0957	0.0003	0.0933	0.0931	0.0002	0.0027	0.0026	0.0001	1.6627	1.5734	0.0893	0.1599	0.1578	0.0022	1.5027	1.4156	0.0871	0.9545	0.8366	0.1179	0.2900	0.2779	0.0121	0.6645	0.5587	0.1058	1.8078	1.2223	0.5855	0.6478	0.5869	0.0609	1.1600	0.6355	0.5246	0.1094	0.0889	0.0183	1.3031	1.2464	0.4412	0.0032	0.0021	0.0080	0.9197	1.2872	0.1525	0.2469	0.2688	0.0355	1.2954	2.2276	0.1661
20	123	0.7212	10	0	1	1	1	0	0	0	0	N	N	N	N	N	N	N	N	N	N	N	N	0.0000	0.0000	0.0000	0.0000	0.0000	0.0000	0.0000	0.0000	0.0000	0.0000	0.0000	0.0000	0.0000	0.0000	0.0000	0.0000	0.0000	1.1111	1.6477	0.0090	1.9327	2.4500	0.0229	0.0004	0.0000	0.0008	0.0027	0.0000	-0.4569	14.9999	4.0019	23.4905	19.5615	0.0000	0.0000	0.0000	0.0000	0.0000	0.0000	0.0000	0.0000	0.0000	1.0027	1.0000	0.0027	1.0025	1.0000	0.0025	0.0001	0.0000	0.0001	0.3722	0.3222	0.0500	0.1016	0.0940	0.0077	0.2706	0.2282	0.0424	0.9024	0.6069	0.2955	0.5187	0.4082	0.1106	0.3837	0.1987	0.1850	0.0000	0.0000	0.0000	0.0000	0.0000	0.0000	0.0000	0.0000	0.0000	1.1111	1.6477	0.0090	1.9327	2.4500	0.0229	0.0004	0.0000	0.0008		
20	124	0.6991	9	0	0	1	1	0	0	0	0	N	N	N	N	N	N	N	N	N	N	N	N	0.5420	2.6595	0.5410	3.0332	3.5239	3.1170	0.0000	0.0000	0.0000	0.0076	0.0050	0.0218	0.0158	0.0103	0.0482	0.0000	0.0000	0.0000	0.0141	0.0019	0.0404	0.0052	0.0029	0.0155	0.0242	0.0001	0.0514	0.7917	9.8841	0.0000	0.0028	14.9999	1.2223	23.4905	8.2281	0.0013	0.0007	0.0006	0.0013	0.0007	0.0006	0.0000	0.0000	0.0000	0.0062	0.0006	0.0056	0.0012	0.0006	0.0007	0.0050	0.0000	0.0050	0.1689	0.1428	0.0261	0.0815	0.0697	0.0118	0.0874	0.0731	0.0143	0.4399	0.3004	0.1395	0.2340	0.1914	0.0427	0.2058	0.1091	0.0968	0.5420	2.6595	0.5410	3.0332	3.5239	3.1170	0.0000	0.0000	0.0000	0.0141	0.0019	0.0404	0.0052	0.0029	0.0155	0.0242	0.0001	0.0514
20	125	0.6472	8	0	0	1	1	0	0	0	0	N	N	N	N	N	N	N	N	N	N	N	N	2.8366	1180.3270	3.3201	15595.8640	7453.6592	325536.2494	0.0000	0.0000	0.0000	3.8793	2.2606	13.6560	17.7730	9.6723	109.2598	0.0000	0.0000	0.0000	1.3676	0.0019	4.1132	0.0011	0.0013	0.0003	2.7044	0.0029	5.4449	1.0002	1068.2366	0.1178	0.5386	14.9999	5.9920	23.4905	12.2976	1.9990	0.9994	0.9996	1.9990	0.9994	0.9996	0.0000	0.0000	0.0000	0.9961	0.0009	0.9952	0.0004	0.0004	0.0000	0.9957	0.0005	0.9952	0.5153	0.4421	0.0732	0.1125	0.1033	0.0091	0.4028	0.3388	0.0640	0.7284	0.4864	0.2419	0.3602	0.3010	0.0592	0.3682	0.1854	0.1828	2.8366	1180.3270	3.3201	15595.8640	7453.6592	325536.2494	0.0000	0.0000	0.0000	1.3676	0.0019	4.1132	0.0011	0.0013	0.0003	2.7044	0.0029	5.4449
20	126	0.6844	10	0	1	1	1	0	0	0	0	N	N	N	N	N	N	N	N	N	N	N	N	0.9056	0.7183	0.0000	1.3867	1.3266	0.0000	0.0000	0.0000	0.0000	1.9987	2.3341	0.0000	6.9348	7.4831	0.0000	0.0000	0.0000	0.0000	2.2069	3.2495	0.0388	5.0008	5.6409	0.0020	0.0231	0.0001	0.0489	0.0000	0.0057	-0.4325	-0.9059	14.9999	5.0407	23.4905	17.1705	0.9805	0.9805	0.0000	0.9805	0.9805	0.0000	0.0000	0.0000	0.0000	2.0013	1.9899	0.0114	1.9900	1.9898	0.0001	0.0113	0.0000	0.0113	0.4906	0.4200	0.0705	0.1414	0.1310	0.0104	0.3492	0.2890	0.0601	0.9068	0.6124	0.2945	0.4174	0.3541	0.0634	0.4894	0.2583	0.2311	0.9056	0.7183	0.0000	1.4547	1.3315	0.0000	0.0000	0.0000	0.0000	2.2069	3.2495	0.0388	4.7673	5.6201	0.0020	0.0231	0.0001	0.0489
20	127	0.6684	9	0	1	1	1	0	0	0	0	N	N	N	N	N	N	N	N	N	N	N	N	1.5200	1.3168	0.2043	2.5571	2.4480	0.5995	0.0000	0.0000	0.0000	0.0924	0.1091	0.0015	0.3187	0.3390	0.0127	0.0000	0.0000	0.0000	0.0608	0.0828	0.0073	0.1246	0.1385	0.0213	0.0030	0.0023	0.0040	0.0025	0.0363	-0.0086	-0.0117	14.9999	1.9703	23.4905	6.2034	0.0196	0.0196	0.0000	0.0196	0.0196	0.0000	0.0000	0.0000	0.0000	0.0276	0.0266	0.0010	0.0268	0.0263	0.0005	0.0007	0.0003	0.0004	0.2124	0.1795	0.0329	0.0616	0.0577	0.0038	0.1508	0.1217	0.0291	0.4534	0.3211	0.1323	0.2154	0.1899	0.0255	0.2380	0.1312	0.1068	1.5200	1.3168	0.2043	2.5571	2.4480	0.5995	0.0000	0.0000	0.0000	0.0608	0.0828	0.0073	0.1246	0.1385	0.0213	0.0030	0.0023	0.0040
20	128	0.6472	8	0	0	1	1	0	0	0	0	N	N	N	N	N	N	N	N	N	N	N	N	0.0002	0.0002	0.0000	0.0004	0.0004	0.0000	0.0000	0.0000	0.0000	0.0005	0.0006	0.0000	0.0023	0.0025	0.0000	0.0000	0.0000	0.0000	2.4359	3.6293	0.0007	5.3262	5.9902	0.0013	0.0008	0.0011	0.0005	0.0000	0.0001	-0.0000	-0.4575	14.9999	1.1032	23.4905	7.8190	0.0000	0.0000	0.0000	0.0000	0.0000	0.0000	0.0000	0.0000	0.0000	0.9982	0.9982	0.0001	0.9981	0.9980	0.0000	0.0002	0.0001	0.0001	0.0981	0.0839	0.0142	0.0218	0.0201	0.0017	0.0763	0.0638	0.0124	0.4098	0.2750	0.1348	0.2041	0.1740	0.0302	0.2057	0.1011	0.1046	0.0002	0.0002	0.0000	0.0005	0.0004	0.0000	0.0000	0.0000	0.0000	2.4359	3.6293	0.0007	4.8893	5.7369	0.0013	0.0008	0.0011	0.0005
20	129	0.4234	8	0	1	1	1	0	0	0	0	N	N	N	N	N	N	N	N	N	N	N	N	1.4342	1.2485	0.0000	0.0483	0.0464	0.0000	45.1638	236811.7975	0.0000	0.0051	0.0055	0.0000	0.0003	0.0003	0.0000	0.0106	0.0122	0.0000	0.0035	0.0044	0.0008	0.0062	0.0067	0.0017	0.0002	0.0000	0.0005	0.0000	0.0572	-0.0008	-0.0008	14.9999	1.0033	23.4905	0.8635	0.0019	0.0019	0.0000	0.0001	0.0001	0.0000	0.0018	0.0018	0.0000	0.0020	0.0019	0.0001	0.0020	0.0019	0.0001	0.0001	0.0000	0.0001	0.3732	0.3435	0.0297	0.1989	0.1928	0.0061	0.1743	0.1507	0.0236	0.5739	0.4350	0.1389	0.3168	0.2876	0.0292	0.2572	0.1474	0.1098	1.4342	1.2485	0.0000	0.0483	0.0464	0.0000	45.1638	236811.7975	0.0000	0.0035	0.0044	0.0008	0.0062	0.0067	0.0017	0.0002	0.0000	0.0005
20	130	0.3941	7	0	0	1	1	0	0	0	0	N	N	N	N	N	N	N	N	N	N	N	N	2.7621	10.4623	0.0158	0.1040	0.0640	2.6608	2.7976	20.5329	0.0023	1.1671	1.3231	0.0180	0.0147	0.0095	0.1480	1.7395	2.0714	0.0029	0.4225	0.1265	1.1392	0.1410	0.1483	0.0556	0.6218	0.1009	1.2769	0.0018	3.7212	-0.4005	0.1956	14.9999	5.5514	23.4905	9.9598	0.9116	0.9100	0.0017	0.0038	0.0024	0.0014	0.9078	0.9076	0.0002	0.5930	0.1256	0.4674	0.0820	0.0794	0.0026	0.5110	0.0462	0.4648	0.7811	0.6877	0.0934	0.2593	0.2496	0.0097	0.5219	0.4382	0.0837	1.4034	0.9932	0.4103	0.5816	0.5354	0.0463	0.8218	0.4578	0.3640	2.7621	10.4623	0.0158	0.1040	0.0640	2.6608	2.7976	20.5329	0.0023	0.4225	0.1265	1.1392	0.1410	0.1483	0.0556	0.6218	0.1009	1.2769
20	131	0.3638	6	0	0	1	1	0	0	0	0	N	N	N	N	N	N	N	N	N	N	N	N	1.3713	1.7955	0.3754	2.0814	2.0683	1.4584	1.1164	2.5559	0.3184	0.1697	0.1852	0.0627	0.3268	0.3346	0.1484	0.1183	0.1299	0.0552	0.1237	0.1031	0.1671	0.1570	0.1618	0.1018	0.1060	0.0508	0.1732	0.0491	0.7688	-0.0722	-0.0045	14.9999	9.1969	23.4905	13.4651	0.1831	0.1745	0.0086	0.0868	0.0852	0.0016	0.0963	0.0893	0.0069	0.1892	0.1069	0.0822	0.0834	0.0791	0.0043	0.1058	0.0278	0.0779	1.0791	0.9424	0.1367	0.2657	0.2546	0.0111	0.8135	0.6878	0.1256	1.5289	1.0369	0.4920	0.5311	0.4890	0.0421	0.9978	0.5480	0.4498	1.3713	1.7955	0.3754	2.0814	2.0683	1.4584	1.1164	2.5559	0.3184	0.1237	0.1031	0.1671	0.1570	0.1618	0.1018	0.1060	0.0508	0.1732
20	132	0.7441	12	1	1	1	2	0	0	0	0	N	N	N	Y	N	N	N	N	N	N	N	N	0.0000	0.0000	0.0000	0.0000	0.0000	0.0000	0.0000	0.0000	0.0000	0.0000	0.0000	0.0000	0.0000	0.0000	0.0000	0.0000	0.0000	0.0000	0.0000	0.0000	14.9999	1.0000	23.4905	3.0001	0.0000	0.0000	0.0000	0.0000	0.0000	0.0000	0.0000	0.0000	0.0000	0.0000	0.0000	0.0000	0.0000	0.0000	0.0000	0.0000	0.0000	0.0000	0.0921	0.0794	0.0127	0.0252	0.0231	0.0021	0.0669	0.0564	0.0105	0.1403	0.0933	0.0470	0.0697	0.0572	0.0124	0.0706	0.0360	0.0346	0.0000	0.0000	0.0000	0.0000	0.0000	0.0000	0.0000	0.0000	0.0000	0.0000	0.0000	0.0000	0.0000	0.0000	0.0000	0.0000	0.0000	0.0000											
20	133	0.2412	6	1	1	1	2	0	0	0	0	N	N	N	Y	N	N	N	N	N	N	N	N	0.0000	0.0000	0.0000	0.0000	0.0000	0.0000	0.0000	0.0000	0.0000	0.0000	0.0000	0.0000	0.0000	0.0000	0.0000	0.0000	0.0091	0.0000	0.0220	0.0000	0.0000	0.0000	0.0105	0.0000	0.0228	96802.7021	0.0000	0.0005	14.9999	0.0006	23.4905	1.9797	0.0000	0.0000	0.0000	0.0000	0.0000	0.0000	0.0000	0.0000	0.0000	0.0009	0.0000	0.0009	0.0000	0.0000	0.0000	0.0009	0.0000	0.0009	0.0001	0.0001	0.0000	0.0000	0.0000	0.0000	0.0001	0.0001	0.0000	0.1002	0.0590	0.0413	0.0132	0.0119	0.0013	0.0871	0.0471	0.0400	0.0000	0.0000	0.0000	0.0000	0.0000	0.0000	0.0000	0.0000	0.0000	0.0091	0.0000	0.0220	0.0000	0.0000	0.0000	0.0105	0.0000	0.0228			
20	134	0.2245	5	1	1	1	2	0	0	0	0	N	N	N	Y	N	N	N	N	N	N	N	N	0.0000	0.0000	0.0000	0.0000	0.0000	0.0000	0.0000	0.0000	0.0000	0.0000	0.0000	0.0000	0.0000	0.0000	0.0000	0.0000	2.6740	0.0000	6.1790	0.0003	0.0004	0.0000	2.9423	0.0000	6.3568	95053.5685	0.0000	0.5408	14.9999	2.0077	23.4905	6.0321	0.0000	0.0000	0.0000	0.0000	0.0000	0.0000	0.0000	0.0000	0.0000	0.9985	0.0000	0.9985	0.0000	0.0000	0.0000	0.9985	0.0000	0.9985	0.1932	0.1636	0.0296	0.0056	0.0052	0.0003	0.1877	0.1584	0.0293	0.3734	0.2118	0.1616	0.0341	0.0295	0.0045	0.3393	0.1823	0.1571	0.0000	0.0000	0.0000	0.0000	0.0000	0.0000	0.0000	0.0000	0.0000	2.6740	0.0000	6.1790	0.0003	0.0004	0.0000	2.9423	0.0000	6.3568			
20	137	0.7738	14	0	1	1	2	0	0	0	0	N	N	N	Y	N	N	N	N	N	N	N	N	0.0000	0.0000	0.0000	0.0000	0.0000	0.0000	0.0000	0.0000	0.0000	0.0000	0.0000	0.0000	0.0000	0.0000	0.0000	0.0000	0.0000	0.0000	0.0000	0.0000	14.9999	0.0000	23.4905	0.0000	0.0000	0.0000	0.0000	0.0000	0.0000	0.0000	0.0000	0.0000	0.0000	0.0000	0.0000	0.0000	0.0000	0.0000	0.0000	0.0000	0.0000	0.0000	0.0000	0.0000	0.0000	0.0000	0.0000	0.0000	0.0000	0.0000	0.0000	0.0000	0.0000	0.0000	0.0000	0.0000	0.0000	0.0000	0.0000	0.0000	0.0000	0.0000	0.0000	0.0000	0.0000	0.0000	0.0000	0.0000	0.0000	0.0000	0.0000	0.0000	0.0000	0.0000	0.0000	0.0000	0.0000	0.0000											
20	138	0.7687	13	0	1	1	2	0	0	0	0	N	N	N	Y	N	N	N	N	N	N	N	N	87.6027	61.6261	61.4698	52.0278	0.1689	0.1809	0.0000	0.2385	0.2459	0.0000	0.0000	0.0000	0.0000	0.0019	0.0029	0.0000	0.0039	0.0047	0.0000	0.0000	0.0000	0.0000	0.0000	0.0000	-0.0000	-0.0001	14.9999	0.0021	23.4905	2.0000	0.0001	0.0001	0.0000	0.0001	0.0001	0.0000	0.0000	0.0000	0.0000	0.0001	0.0001	0.0000	0.0001	0.0001	0.0000	0.0000	0.0000	0.0000	0.0005	0.0005	0.0000	0.0004	0.0004	0.0000	0.0002	0.0001	0.0000	0.0726	0.0477	0.0249	0.0361	0.0296	0.0065	0.0365	0.0181	0.0184	87.6027	61.6261	0.0000	61.4698	52.0278	0.0000	0.0000	0.0000	0.0000	0.0019	0.0029	0.0000	0.0039	0.0047	0.0000	0.0000	0.0000	0.0000					
20	139	0.7585	12	0	0	1	2	0	0	0	0	N	N	N	Y	N	N	N	N	N	N	N	N	104586.5216	259924.9778	0.0000	187532.0994	544525.2062	0.0000	10.8313	12.5505	0.0000	39.1398	42.7311	0.0000	0.0000	0.0000	0.0000	0.0001	0.0000	0.0002	0.0002	0.0001	0.0008	0.0000	0.0000	0.0000	0.0000	2.2040	-0.4411	0.0000	14.9999	1.0020	23.4905	3.0181	0.9999	0.9999	0.0000	0.9999	0.9999	0.0000	0.0000	0.0000	0.0000	0.0000	0.0000	0.0000	0.0000	0.0000	0.0000	0.0000	0.0000	0.0000	0.0923	0.0797	0.0126	0.0255	0.0234	0.0021	0.0668	0.0563	0.0105	0.1404	0.0940	0.0464	0.0697	0.0578	0.0118	0.0707	0.0362	0.0346	104586.5216	259924.9778	0.0000	187532.0994	544525.2062	0.0000	0.0000	0.0000	0.0000	0.0001	0.0000	0.0002	0.0002	0.0001	0.0008	0.0000	0.0000	0.0000			
20	140	0.7441	12	0	1	1	1	0	0	0	0	N	N	N	N	N	N	N	N	N	N	N	N	0.0000	0.0000	0.0000	0.0000	0.0000	0.0000	0.0000	0.0000	0.0000	0.0000	0.0000	0.0000	0.0000	0.0000	0.0000	0.0000	0.0000	0.0000	0.0000	0.0000	14.9999	0.0000	23.4905	4.0001	0.0000	0.0000	0.0000	0.0000	0.0000	0.0000	0.0000	0.0000	0.0000	0.0000	0.0000	0.0000	0.0000	0.0000	0.0000	0.0000	0.0000	0.0000	0.0000	0.0000	0.0000	0.0000	0.0000	0.0000	0.0000	0.0000	0.0000	0.1403	0.0933	0.0470	0.0697	0.0572	0.0124	0.0706	0.0360	0.0346	0.0000	0.0000	0.0000	0.0000	0.0000	0.0000	0.0000	0.0000	0.0000	0.0000	0.0000	0.0000	0.0000	0.0000	0.0000	0.0000	0.0000	0.0000											
20	141	0.2199	4	0	1	1	1	0	0	0	0	N	N	N	N	N	N	N	N	N	N	N	N	0.0000	0.0000	0.0000	0.0000	0.0000	0.0000	0.0000	0.0000	0.0000	0.0000	0.0000	0.0000	0.0000	0.0000	0.0000	0.0000	0.0020	0.0002	0.0045	0.0014	0.0016	0.0000	0.0021	0.0000	0.0046	14.5339	0.0000	0.0003	14.9999	1.0003	23.4905	5.0186	0.0000	0.0000	0.0000	0.0000	0.0000	0.0000	0.0000	0.0000	0.0000	0.0006	0.0000	0.0006	0.0000	0.0000	0.0000	0.0006	0.0000	0.0006	0.0964	0.0817	0.0148	0.0026	0.0025	0.0002	0.0938	0.0792	0.0146	0.2870	0.1637	0.1233	0.0275	0.0243	0.0033	0.2595	0.1395	0.1200	0.0000	0.0000	0.0000	0.0000	0.0000	0.0000	0.0000	0.0000	0.0000	0.0020	0.0002	0.0045	0.0014	0.0016	0.0000	0.0021	0.0000	0.0046			
20	142	0.7585	12	0	0	2	2	0	0	0	0	N	N	Y	Y	N	N	N	N	N	N	N	N	0.0000	0.0000	0.0000	0.0000	0.0000	0.0000	0.0000	0.0000	0.0000	0.0000	0.0000	0.0000	0.0000	0.0000	0.0000	0.0000	0.0000	0.0287	0.0000	0.0866	0.0002	0.0001	0.0008	0.0565	0.0000	0.1160	882.6119	0.0000	0.0048	14.9999	0.0001	23.4905	9.0026	0.0000	0.0000	0.0000	0.0000	0.0000	0.0000	0.0000	0.0000	0.0000	0.0088	0.0000	0.0088	0.0000	0.0000	0.0000	0.0088	0.0000	0.0088	0.0000	0.0000	0.0000	0.0000	0.0000	0.0000	0.0000	0.0000	0.0000	0.3083	0.2064	0.1019	0.1526	0.1265	0.0260	0.1557	0.0799	0.0759	0.0000	0.0000	0.0000	0.0000	0.0000	0.0000	0.0000	0.0000	0.0000	0.0287	0.0000	0.0866	0.0002	0.0001	0.0008	0.0565	0.0000	0.1160		
20	143	0.1872	2	0	0	2	2	0	0	0	0	N	N	Y	Y	N	N	N	N	N	N	N	N	0.0000	0.0000	0.0000	0.0000	0.0000	0.0000	0.0000	0.0000	0.0000	0.0000	0.0000	0.0000	0.0000	0.0000	0.0000	0.0000	0.0000	0.0000	0.0004	0.0003	0.0006	0.0030	0.0032	0.0003	0.0003	0.0000	0.0007	1.8338	0.0000	0.0000	14.9999	2.0061	23.4905	8.0425	0.0000	0.0000	0.0000	0.0000	0.0000	0.0000	0.0000	0.0000	0.0000	0.0002	0.0001	0.0001	0.0001	0.0001	0.0000	0.0001	0.0000	0.0001	0.1919	0.1619	0.0301	0.0011	0.0011	0.0000	0.1908	0.1607	0.0300	0.4754	0.2644	0.2109	0.0249	0.0233	0.0016	0.4505	0.2412	0.2093	0.0000	0.0000	0.0000	0.0000	0.0000	0.0000	0.0000	0.0000	0.0000	0.0004	0.0003	0.0006	0.0030	0.0032	0.0003	0.0003	0.0000	0.0007	
20	145	0.1963	3	0	0	2	2	0	0	0	0	N	N	Y	Y	N	N	N	N	N	N	N	N	0.0000	0.0000	0.0000	0.0000	0.0000	0.0000	0.0000	0.0000	0.0000	0.0000	0.0000	0.0000	0.0000	0.0000	0.0000	0.0000	0.0000	0.0000	0.0924	0.1572	0.0033	0.9411	0.9957	0.0004	0.0015	0.0000	0.0034	0.0153	0.0000	-0.0417	14.9999	2.1261	23.4905	18.6477	0.0000	0.0000	0.0000	0.0000	0.0000	0.0000	0.0000	0.0000	0.0000	0.0941	0.0926	0.0014	0.0926	0.0926	0.0000	0.0014	0.0000	0.0014	0.2170	0.1830	0.0340	0.0159	0.0137	0.0022	0.2011	0.1693	0.0318	1.0174	0.5894	0.4280	0.0984	0.0930	0.0054	0.9190	0.4963	0.4226	0.0000	0.0000	0.0000	0.0000	0.0000	0.0000	0.0000	0.0000	0.0000	0.0924	0.1572	0.0033	0.9411	0.9957	0.0004	0.0015	0.0000	0.0034	
20	146	0.7585	12	0	0	2	2	0	0	0	0	N	N	Y	Y	N	N	N	N	N	N	N	N	0.0000	0.0000	0.0000	0.0000	0.0000	0.0000	0.0000	0.0000	0.0000	0.0000	0.0000	0.0000	0.0000	0.0000	0.0000	0.0008	0.0012	0.0001	0.0017	0.0019	0.0004	0.0000	0.0000	0.0000	0.0466	0.0000	-0.0001	14.9999	2.0001	23.4905	5.9880	0.0000	0.0000	0.0000	0.0000	0.0000	0.0000	0.0000	0.0000	0.0000	0.0002	0.0002	0.0000	0.0002	0.0002	0.0000	0.0000	0.0000	0.0000	0.1835	0.1584	0.0251	0.0507	0.0465	0.0043	0.1327	0.1119	0.0208	0.2746	0.1838	0.0908	0.1360	0.1128	0.0232	0.1386	0.0711	0.0676	0.0000	0.0000	0.0000	0.0000	0.0000	0.0000	0.0000	0.0000	0.0000	0.0008	0.0012	0.0001	0.0017	0.0019	0.0004	0.0000	0.0000	0.0000				
20	147	0.7585	12	0	0	2	2	0	0	0	0	N	N	Y	Y	N	N	N	N	N	N	N	N	0.0000	0.0000	0.0000	0.0000	0.0000	0.0000	0.0000	0.0000	0.0000	0.0000	0.0000	0.0000	0.0000	0.0000	0.0000	0.0000	0.0000	0.0000	0.0000	0.0000	0.0001	0.0000	0.0000	0.0000	2.2232	0.0000	0.0000	14.9999	9.0001	23.4905	23.0169	0.0000	0.0000	0.0000	0.0000	0.0000	0.0000	0.0000	0.0000	0.0000	0.0000	0.0000	0.0000	0.0000	0.0000	0.0000	0.0000	0.0000	0.0000	0.8011	0.6925	0.1086	0.2199	0.2016	0.0183	0.5812	0.4909	0.0904	1.0132	0.6777	0.3355	0.4954	0.4100	0.0855	0.5178	0.2678	0.2500	0.0000	0.0000	0.0000	0.0000	0.0000	0.0000	0.0000	0.0000	0.0000	0.0000	0.0000	0.0000	0.0000	0.0000	0.0001	0.0000	0.0000	0.0000				
20	148	0.7331	11	0	0	1	2	0	0	0	0	N	N	N	Y	N	N	N	N	N	N	N	N	0.5291	0.0000	0.8074	0.0000	0.0000	0.0000	1.1545	0.0000	2.0400	5.4138	0.0000	39.2441	0.0000	0.0000	0.0000	7.4644	0.0000	47.0342	10.2322	0.0011	48.6079	16.2417	0.0017	95.8868	6.4653	0.0000	23.0556	inf	10525.0336	0.5584	1.5483	14.9999	1.9990	23.4905	7.9526	0.9992	0.0000	0.9992	0.0000	0.0000	0.0000	0.9992	0.0000	0.9992	2.8590	0.0003	2.8587	1.6193	0.0003	1.6190	1.2397	0.0000	1.2397	0.1846	0.1591	0.0255	0.0507	0.0465	0.0042	0.1339	0.1126	0.0212	0.3873	0.2580	0.1293	0.1955	0.1627	0.0328	0.1917	0.0953	0.0965	0.7333	0.0000	1.7746	0.0000	0.0000	0.0000	1.1545	0.0000	3.6598	7.3828	0.0011	22.1147	8.2826	0.0017	49.3547	6.4653	0.0000	12.8514
20	149	0.7012	10	1	1	1	1	0	0	0	0	N	N	N	N	N	N	N	N	N	N	N	N	0.4623	0.3179	0.0000	0.4016	0.3820	0.0000	0.0000	0.0000	0.0000	3.2994	3.8278	0.0000	11.3222	12.0541	0.0000	0.0000	0.0000	0.0000	7.1372	12.0412	0.0001	28.1929	31.5545	0.0001	0.0000	0.0000	0.0000	0.0000	0.0000	-0.8436	-2.4883	14.9999	5.3497	23.4905	17.2225	1.9125	1.9125	0.0000	1.9125	1.9125	0.0000	0.0000	0.0000	0.0000	5.4286	5.4286	0.0000	5.4286	5.4286	0.0000	0.0000	0.0000	0.0000	0.5796	0.4996	0.0800	0.1689	0.1587	0.0103	0.4107	0.3410	0.0698	0.9411	0.6268	0.3143	0.4768	0.4032	0.0735	0.4643	0.2236	0.2407	0.5720	0.4420	0.0000	0.9943	0.8954	0.0000	0.0000	0.0000	0.0000	5.7683	8.6602	0.0001	11.3865	13.4622	0.0001	0.0000	0.0000	0.0000
20	150	0.7320	11	0	1	1	1	0	0	0	0	N	N	N	N	N	N	N	N	N	N	N	N	0.5149	0.5379	0.0018	0.8935	0.7811	0.0000	0.0005	0.0000	0.0016	1.8746	2.1420	0.0053	5.1166	5.3800	0.0000	0.0010	0.0000	0.0061	3.6409	3.9824	2.8718	5.7267	6.8874	0.0033	1.9299	0.0007	3.9407	0.0004	0.3202	-0.4398	-0.8902	14.9999	3.6794	23.4905	17.4287	0.9979	0.9975	0.0003	0.9975	0.9975	0.0000	0.0003	0.0000	0.0003	4.1242	3.1240	1.0002	3.1242	3.1238	0.0003	1.0001	0.0002	0.9999	0.5323	0.4657	0.0666	0.1950	0.1854	0.0095	0.3374	0.2803	0.0571	1.1328	0.7845	0.3483	0.6145	0.5200	0.0945	0.5182	0.2645	0.2537	0.5149	0.5379	0.0018	1.0065	0.8955	0.0000	0.0005	0.0000	0.0016	3.6409	3.9824	2.8718	5.0838	6.0075	0.0033	1.9299	0.0007	3.9407
20	151	0.7012	10	0	1	1	1	0	0	0	0	N	N	N	N	N	N	N	N	N	N	N	N	3.2815	62.7084	0.6656	155.3537	146.5976	0.0000	0.1897	0.0170	0.5844	2.6484	2.8239	1.5460	7.7902	8.2216	0.0000	0.3094	0.0004	1.7557	0.8071	0.0450	2.3226	0.0501	0.0561	0.0155	1.6305	0.0228	3.0041	0.0872	25.9329	-0.3936	0.2667	14.9999	3.4464	23.4905	10.1316	1.0906	1.0031	0.0875	1.0030	1.0030	0.0000	0.0876	0.0001	0.0875	0.5286	0.0196	0.5090	0.0171	0.0163	0.0008	0.5115	0.0033	0.5082	0.4118	0.3552	0.0566	0.1288	0.1220	0.0068	0.2830	0.2332	0.0498	0.6550	0.4359	0.2192	0.3413	0.2913	0.0500	0.3137	0.1445	0.1692	3.2815	62.7084	0.6656	155.3537	146.5976	0.0000	0.1897	0.0170	0.5844	0.8071	0.0450	2.3226	0.0501	0.0561	0.0155	1.6305	0.0228	3.0041
20	152	0.2267	6	1	1	1	1	0	0	0	0	N	N	N	N	N	N	N	N	N	N	N	N	0.0000	0.0000	0.0000	0.0000	0.0000	0.0000	0.0000	0.0000	0.0000	0.0000	0.0000	0.0000	0.0000	0.0000	0.0000	0.0000	0.0001	0.0001	0.0000	0.0009	0.0011	0.0000	0.0000	0.0000	0.0000	0.0001	0.0000	-0.0000	14.9999	1.0143	23.4905	12.0086	0.0000	0.0000	0.0000	0.0000	0.0000	0.0000	0.0000	0.0000	0.0000	0.0000	0.0000	0.0000	0.0000	0.0000	0.0000	0.0000	0.0000	0.0000	0.0994	0.0842	0.0152	0.0038	0.0036	0.0002	0.0956	0.0806	0.0150	0.5926	0.3369	0.2557	0.0546	0.0474	0.0072	0.5380	0.2895	0.2485	0.0000	0.0000	0.0000	0.0000	0.0000	0.0000	0.0000	0.0000	0.0000	0.0001	0.0001	0.0000	0.0009	0.0011	0.0000	0.0000	0.0000	0.0000			
20	153	0.2245	5	1	1	1	1	0	0	0	0	N	N	N	N	N	N	N	N	N	N	N	N	0.0000	0.0000	0.0000	0.0000	0.0000	0.0000	0.0000	0.0000	0.0000	0.0000	0.0000	0.0000	0.0000	0.0000	0.0000	0.0000	0.0129	0.0209	0.0024	0.1230	0.1403	0.0000	0.0011	0.0000	0.0025	0.0862	0.0000	-0.0002	14.9999	0.9811	23.4905	0.0216	0.0000	0.0000	0.0000	0.0000	0.0000	0.0000	0.0000	0.0000	0.0000	0.0006	0.0006	0.0000	0.0006	0.0006	0.0000	0.0000	0.0000	0.0000	0.0953	0.0807	0.0146	0.0030	0.0028	0.0002	0.0924	0.0779	0.0145	0.0487	0.0277	0.0209	0.0047	0.0041	0.0006	0.0439	0.0236	0.0204	0.0000	0.0000	0.0000	0.0000	0.0000	0.0000	0.0000	0.0000	0.0000	0.0129	0.0209	0.0024	0.1230	0.1403	0.0000	0.0011	0.0000	0.0025			
20	154	0.2199	4	1	1	1	1	0	0	0	0	N	N	N	N	N	N	N	N	N	N	N	N	0.0000	0.0000	0.0000	0.0000	0.0000	0.0000	0.0000	0.0000	0.0000	0.0000	0.0000	0.0000	0.0000	0.0000	0.0000	0.0000	0.0116	0.0006	0.0266	0.0034	0.0038	0.0000	0.0126	0.0000	0.0273	29.8598	0.0000	0.0006	14.9999	0.0083	23.4905	2.0001	0.0000	0.0000	0.0000	0.0000	0.0000	0.0000	0.0000	0.0000	0.0000	0.0012	0.0000	0.0011	0.0000	0.0000	0.0000	0.0011	0.0000	0.0011	0.0009	0.0008	0.0001	0.0001	0.0001	0.0000	0.0008	0.0007	0.0001	0.1011	0.0585	0.0425	0.0112	0.0101	0.0011	0.0899	0.0485	0.0414	0.0000	0.0000	0.0000	0.0000	0.0000	0.0000	0.0000	0.0000	0.0000	0.0116	0.0006	0.0266	0.0034	0.0038	0.0000	0.0126	0.0000	0.0273			
20	155	0.1963	3	0	1	1	1	0	0	0	0	N	N	N	N	N	N	N	N	N	N	N	N	0.0000	0.0000	0.0000	0.0000	0.0000	0.0000	0.0000	0.0000	0.0000	0.0000	0.0000	0.0000	0.0000	0.0000	0.0000	0.0000	0.0000	0.0000	1.5887	0.0223	3.9190	0.1017	0.1056	0.0001	1.8133	0.0000	3.9672	118.0335	0.0000	0.4892	14.9999	2.9180	23.4905	7.4065	0.0000	0.0000	0.0000	0.0000	0.0000	0.0000	0.0000	0.0000	0.0000	0.9174	0.0077	0.9097	0.0077	0.0077	0.0000	0.9097	0.0000	0.9097	0.2916	0.2462	0.0454	0.0175	0.0152	0.0023	0.2741	0.2310	0.0431	0.5775	0.3454	0.2321	0.0758	0.0730	0.0028	0.5017	0.2724	0.2293	0.0000	0.0000	0.0000	0.0000	0.0000	0.0000	0.0000	0.0000	0.0000	1.5887	0.0223	3.9190	0.1017	0.1056	0.0001	1.8133	0.0000	3.9672	
20	161	0.7517	14	1	1	1	1	0	0	0	0	N	N	N	N	N	N	N	N	N	N	N	N	31215.2355	22239.6813	19892.4229	16966.9980	3.2745	3.4819	0.0000	4.1978	4.3359	0.0000	0.0000	0.0000	0.0000	0.0001	0.0002	0.0000	0.0002	0.0003	0.0000	0.0000	0.0000	0.0000	0.0000	0.0000	-0.0001	-0.0000	14.9999	0.0002	23.4905	3.0099	0.0002	0.0002	0.0000	0.0002	0.0002	0.0000	0.0000	0.0000	0.0000	0.0000	0.0000	0.0000	0.0000	0.0000	0.0000	0.0000	0.0000	0.0000	0.0001	0.0001	0.0000	0.0000	0.0000	0.0000	0.0000	0.0000	0.0000	0.1088	0.0729	0.0359	0.0541	0.0447	0.0094	0.0547	0.0282	0.0265	31215.2355	22239.6813	0.0000	19892.4229	16966.9980	0.0000	0.0000	0.0000	0.0000	0.0001	0.0002	0.0000	0.0002	0.0003	0.0000	0.0000	0.0000	0.0000					
20	162	0.7441	13	1	1	1	1	0	0	0	0	N	N	N	N	N	N	N	N	N	N	N	N	100908.9417	8984673.0680	0.0000	inf	inf	0.0000	0.0000	0.0000	10.8598	12.5922	0.0000	39.7190	43.3779	0.0000	0.0000	0.0000	0.0000	0.0001	0.0000	0.0003	0.0000	0.0000	0.0000	0.0002	0.0000	0.0004	0.0000	114.5000	-0.4410	0.0000	14.9999	0.9998	23.4905	2.0118	0.9998	0.9998	0.0000	0.9998	0.9998	0.0000	0.0000	0.0000	0.0000	0.0000	0.0000	0.0000	0.0000	0.0000	0.0000	0.0000	0.0000	0.0000	0.0921	0.0794	0.0127	0.0252	0.0230	0.0021	0.0669	0.0564	0.0105	0.1060	0.0705	0.0355	0.0527	0.0433	0.0094	0.0534	0.0272	0.0262	100908.9417	8984673.0680	0.0000	inf	inf	0.0000	0.0000	0.0000	0.0000	0.0001	0.0000	0.0003	0.0000	0.0000	0.0000	0.0002	0.0000	0.0004	
20	163	0.7441	12	1	1	1	1	0	0	0	0	N	N	N	N	N	N	N	N	N	N	N	N	0.0000	0.0000	0.0000	0.0000	0.0000	0.0000	0.0000	0.0000	0.0000	0.0000	0.0000	0.0000	0.0000	0.0000	0.0000	0.0000	0.0000	0.0000	0.0000	0.0000	14.9999	0.0000	23.4905	0.0003	0.0000	0.0000	0.0000	0.0000	0.0000	0.0000	0.0000	0.0000	0.0000	0.0000	0.0000	0.0000	0.0000	0.0000	0.0000	0.0000	0.0000	0.0000	0.0000	0.0000	0.0000	0.0000	0.0000	0.0000	0.0000	0.0000	0.0000	0.0000	0.0000	0.0000	0.0000	0.0000	0.0000	0.0000	0.0000	0.0000	0.0000	0.0000	0.0000	0.0000	0.0000	0.0000	0.0000	0.0000	0.0000	0.0000	0.0000	0.0000	0.0000	0.0000	0.0000	0.0000	0.0000	0.0000											
20	164	0.7331	11	0	1	1	1	0	0	0	0	N	N	N	N	N	N	N	N	N	N	N	N	0.2547	0.2004	1.0444	0.7461	0.6400	0.0000	0.0288	0.0000	0.8288	0.5060	0.5741	0.2196	1.0692	1.0882	0.0000	0.0745	0.0000	0.2287	1.9863	2.8641	0.2103	1.4330	1.7004	0.0123	2.5849	5.0587	0.2759	0.0909	0.0363	-0.0003	-0.1678	14.9999	0.0063	23.4905	4.3641	0.0010	0.0009	0.0001	0.0009	0.0009	0.0000	0.0001	0.0000	0.0001	0.3964	0.3825	0.0139	0.1486	0.1484	0.0002	0.2478	0.2341	0.0137	0.0019	0.0015	0.0004	0.0008	0.0008	0.0000	0.0011	0.0007	0.0003	0.1996	0.1336	0.0660	0.1037	0.0873	0.0164	0.0959	0.0463	0.0496	0.2547	0.2004	1.0444	0.7461	0.6400	0.0000	0.0288	0.0000	0.8288	1.9863	2.8641	0.2103	1.4330	1.7004	0.0123	2.5849	5.0587	0.2759
20	165	0.7012	10	0	0	1	1	0	0	0	0	N	N	N	N	N	N	N	N	N	N	N	N	0.0778	0.0002	0.2163	0.0154	0.0309	0.0000	0.0557	0.0000	0.1970	0.2687	0.0003	1.9641	0.0007	0.0007	0.0000	0.4013	0.0000	2.2109	3.4546	1.5253	9.0789	0.0436	0.0227	0.1664	7.2020	4.6139	11.2247	1210.5772	2.4043	0.0494	0.5317	14.9999	2.5207	23.4905	10.0226	0.0884	0.0001	0.0884	0.0001	0.0001	0.0000	0.0884	0.0000	0.0884	2.1450	0.6301	1.5149	0.0142	0.0063	0.0078	2.1308	0.6238	1.5071	0.3292	0.2842	0.0450	0.1089	0.1039	0.0050	0.2202	0.1803	0.0400	0.6209	0.4131	0.2078	0.3250	0.2779	0.0472	0.2959	0.1352	0.1607	0.0778	0.0002	0.2695	0.0154	0.0309	0.0000	0.0557	0.0000	0.2357	3.4546	1.5253	7.2892	0.0436	0.0227	0.1664	7.2020	4.6139	9.3797
20	166	0.6856	9	0	0	1	1	0	0	0	0	N	N	N	N	N	N	N	N	N	N	N	N	0.4812	1.3966	1.1345	2.4212	2.0604	87.2648	0.2983	0.0000	0.9438	0.7560	0.1943	5.3237	0.3971	0.4056	0.2103	1.0448	0.0000	6.4243	1.5710	0.1391	4.6924	0.1640	0.1968	0.0024	3.5032	0.0034	6.8071	3.3702	15.4754	0.0971	0.3065	14.9999	2.6894	23.4905	4.6619	0.2942	0.0673	0.2269	0.0689	0.0673	0.0016	0.2253	0.0000	0.2253	0.6374	0.0387	0.5987	0.0385	0.0384	0.0001	0.5989	0.0003	0.5986	0.3892	0.3466	0.0426	0.1736	0.1660	0.0075	0.2157	0.1806	0.0351	0.4057	0.2781	0.1276	0.2348	0.1951	0.0397	0.1710	0.0830	0.0879	0.4812	1.3966	1.1345	2.4212	2.0604	87.2648	0.2983	0.0000	0.9438	1.5710	0.1391	4.6924	0.1640	0.1968	0.0024	3.5032	0.0034	6.8071
20	167	0.6472	8	0	0	1	1	0	0	0	0	N	N	N	N	N	N	N	N	N	N	N	N	63.6231	115.5283	110.8334	984.4196	453.5300	805253.3053	12.5578	0.0648	41.7734	11.2461	4.7666	50.0675	37.1657	20.2201	229.2570	3.9457	0.0023	24.5737	0.1768	0.0413	0.4517	0.0378	0.0446	0.0003	0.3142	0.0357	0.5883	1.7531	5.3953	0.5383	0.0336	14.9999	2.7966	23.4905	8.5340	2.7509	0.9992	1.7517	1.9979	0.9988	0.9990	0.7530	0.0004	0.7527	0.0873	0.0136	0.0736	0.0093	0.0093	0.0000	0.0780	0.0044	0.0736	0.2446	0.2096	0.0350	0.0538	0.0494	0.0044	0.1909	0.1602	0.0306	0.4938	0.3308	0.1630	0.2455	0.2077	0.0379	0.2483	0.1232	0.1252	63.6231	115.5283	110.8334	984.4196	453.5300	805253.3053	12.5578	0.0648	41.7734	0.1768	0.0413	0.4517	0.0378	0.0446	0.0003	0.3142	0.0357	0.5883
21	22	0.6706	8	0	2	0	0	0	0	0	0	N	Y	N	N	N	N	N	N	N	N	N	N	0.0000	0.0000	0.0000	0.0000	0.0000	0.0000	0.0000	0.0000	0.0000	0.0000	0.0000	0.0000	0.0000	0.0000	0.0000	0.0001	0.0001	0.0000	0.0001	0.0001	0.0001	0.0000	0.0000	0.0000	0.1736	0.0000	-0.0000	4.9981	12.5677	32.5905	9.8718	0.0000	0.0000	0.0000	0.0000	0.0000	0.0000	0.0000	0.0000	0.0000	0.0001	0.0001	0.0000	0.0001	0.0001	0.0000	0.0000	0.0000	0.0000	0.4322	0.3798	0.0524	0.1499	0.1407	0.0091	0.2823	0.2391	0.0432	0.8576	0.5966	0.2610	0.5488	0.4305	0.1183	0.3088	0.1661	0.1427	0.0000	0.0000	0.0000	0.0000	0.0000	0.0000	0.0000	0.0000	0.0000	0.0001	0.0001	0.0000	0.0001	0.0001	0.0001	0.0000	0.0000	0.0000				
21	23	0.2878	8	0	1	0	1	0	0	0	0	N	N	N	N	N	N	N	N	N	N	N	N	0.0000	0.0000	0.0000	0.0000	0.0000	0.0000	0.0000	0.0000	0.0000	0.0000	0.0000	0.0000	0.0000	0.0000	0.0000	0.0000	0.0000	0.0000	0.0000	0.0000	0.0000	0.0000	0.0000	0.0000	-0.0000	4.9981	0.9981	32.5905	0.0014	0.0000	0.0000	0.0000	0.0000	0.0000	0.0000	0.0000	0.0000	0.0000	0.0000	0.0000	0.0000	0.0000	0.0000	0.0000	0.0000	0.0000	0.0000	0.0339	0.0288	0.0051	0.0035	0.0032	0.0003	0.0304	0.0256	0.0048	0.0459	0.0274	0.0185	0.0116	0.0097	0.0019	0.0344	0.0177	0.0166	0.0000	0.0000	0.0000	0.0000	0.0000	0.0000	0.0000	0.0000	0.0000	0.0000	0.0000	0.0000	0.0000	0.0000	0.0000	0.0000	0.0000	0.0000						
21	24	0.2399	5	0	2	0	1	0	0	0	0	N	Y	N	N	N	N	N	N	N	N	N	N	0.0000	0.0000	0.0000	0.0000	0.0000	0.0000	0.0000	0.0000	0.0000	0.0000	0.0000	0.0000	0.0000	0.0000	0.0000	0.0000	0.0000	0.0000	1.6544	2.4925	0.0128	0.1190	0.1330	0.0493	2.7007	4.9479	0.0036	0.0026	0.0000	-0.5987	4.9981	0.6341	32.5905	12.6218	0.0000	0.0000	0.0000	0.0000	0.0000	0.0000	0.0000	0.0000	0.0000	1.3137	1.3103	0.0034	0.0383	0.0356	0.0026	1.2754	1.2747	0.0008	0.0260	0.0227	0.0033	0.0047	0.0045	0.0002	0.0213	0.0182	0.0031	0.7941	0.5257	0.2684	0.3218	0.2681	0.0537	0.4723	0.2576	0.2146	0.0000	0.0000	0.0000	0.0000	0.0000	0.0000	0.0000	0.0000	0.0000	1.6544	2.4925	0.0128	0.1190	0.1330	0.0493	2.7007	4.9479	0.0036	
21	25	0.6103	7	0	2	0	0	0	0	0	0	N	Y	N	N	N	N	N	N	N	N	N	N	0.0036	0.0063	0.0000	0.0124	0.0734	0.0000	0.0000	0.0000	0.0000	0.0024	0.0027	0.0000	0.0071	0.0075	0.0000	0.0000	0.0000	0.0000	0.6595	0.4296	1.2021	0.5725	0.1020	2.5453	0.7942	1.1891	0.3312	0.0000	1.1855	-0.0004	0.0610	4.9981	10.0221	32.5905	10.6811	0.0010	0.0010	0.0000	0.0010	0.0010	0.0000	0.0000	0.0000	0.0000	0.7261	0.3322	0.3939	0.3831	0.0551	0.3280	0.3429	0.2771	0.0658	0.4223	0.3734	0.0489	0.1422	0.1348	0.0075	0.2801	0.2387	0.0414	1.1010	0.7734	0.3276	0.6692	0.5403	0.1289	0.4318	0.2330	0.1988	0.0036	0.0063	0.0000	0.0124	0.0734	0.0000	0.0000	0.0000	0.0000	0.6595	0.4296	1.2021	0.5725	0.1020	2.5453	0.7942	1.1891	0.3312
21	26	0.1264	3	0	2	0	0	0	0	0	0	N	Y	N	N	N	N	N	N	N	N	N	N	3.6977	0.0000	9.8922	0.0000	0.0000	0.0000	3.0269	9.7505	7.2892	0.0000	46.6094	0.0000	0.0000	0.0000	7.3610	0.0000	46.7903	1.9713	0.0026	4.7117	0.0096	0.0082	0.0421	2.4319	0.0000	4.7988	inf	1315.0000	0.5581	0.6914	4.9981	3.9997	32.5905	5.4032	0.9987	0.0000	0.9987	0.0000	0.0000	0.0000	0.9987	0.0000	0.9987	1.2783	0.0010	1.2773	0.0012	0.0010	0.0002	1.2771	0.0000	1.2771	0.1370	0.1156	0.0214	0.0013	0.0013	0.0001	0.1357	0.1143	0.0213	0.6485	0.3774	0.2711	0.1233	0.1183	0.0050	0.5252	0.2590	0.2661	3.6977	0.0000	9.8922	0.0000	0.0000	0.0000	3.0269	0.0000	9.7505	1.9713	0.0026	4.7117	0.0096	0.0082	0.0421	2.4319	0.0000	4.7988	
21	27	0.6406	10	0	2	0	1	0	0	0	0	N	Y	N	N	N	N	N	N	N	N	N	N	3.6498	0.0000	9.0181	0.0311	0.0000	37.8187	2.2210	0.0000	6.7619	6.1675	0.0000	45.1316	0.0031	0.0000	0.0416	8.5444	0.0000	53.2104	1.6898	0.0870	5.0046	0.0998	0.1255	0.0011	3.8470	0.0059	7.8691	inf	27.8263	0.5588	0.5251	4.9981	4.9655	32.5905	10.6561	0.9997	0.0000	0.9997	0.0001	0.0000	0.0001	0.9996	0.0000	0.9996	1.0358	0.0359	0.9999	0.0352	0.0352	0.0001	1.0006	0.0008	0.9998	0.1621	0.1399	0.0222	0.0451	0.0417	0.0034	0.1170	0.0982	0.0188	0.6130	0.4132	0.1998	0.3529	0.2801	0.0727	0.2601	0.1330	0.1271	3.6498	0.0000	9.0181	0.0311	0.0000	37.8187	2.2210	0.0000	6.7619	1.6898	0.0870	5.0046	0.0998	0.1255	0.0011	3.8470	0.0059	7.8691
21	28	0.2928	9	0	2	0	1	0	0	0	0	N	Y	N	N	N	N	N	N	N	N	N	N	0.0000	0.0000	0.0000	0.0000	0.0000	0.0000	0.0000	0.0000	0.0000	0.0000	0.0000	0.0000	0.0000	0.0000	0.0000	0.0000	0.0000	0.0000	0.0000	0.0000	4.9981	0.0000	32.5905	0.0000	0.0000	0.0000	0.0000	0.0000	0.0000	0.0000	0.0000	0.0000	0.0000	0.0000	0.0000	0.0000	0.0000	0.0000	0.0000	0.0000	0.0000	0.0000	0.0000	0.0000	0.0000	0.0000	0.0000	0.0000	0.0000	0.0000	0.0000	0.0000	0.0000	0.0000	0.0000	0.0000	0.0000	0.0000	0.0000	0.0000	0.0000	0.0000	0.0000	0.0000	0.0000	0.0000	0.0000	0.0000	0.0000	0.0000	0.0000	0.0000	0.0000	0.0000	0.0000	0.0000	0.0000	0.0000											
21	29	0.2602	4	1	2	0	0	0	0	0	0	N	Y	N	N	N	N	N	N	N	N	N	N	0.0148	0.0172	0.0000	0.0836	0.0735	0.0000	0.0000	0.0000	0.0000	0.0117	0.0139	0.0000	0.0686	0.0703	0.0000	0.0000	0.0000	0.0000	0.7902	0.8077	0.7501	0.8215	0.9571	0.0277	0.7693	0.6635	0.9220	0.0000	0.4053	-0.0009	-0.1445	4.9981	3.9885	32.5905	8.5018	0.0020	0.0020	0.0000	0.0020	0.0020	0.0000	0.0000	0.0000	0.0000	0.8506	0.6052	0.2453	0.3540	0.3522	0.0017	0.4966	0.2530	0.2436	0.1750	0.1474	0.0276	0.0298	0.0291	0.0007	0.1452	0.1183	0.0269	1.0764	0.7494	0.3270	0.4309	0.3680	0.0628	0.6455	0.3813	0.2642	0.0148	0.0172	0.0000	0.0836	0.0735	0.0000	0.0000	0.0000	0.0000	0.7902	0.8077	0.7501	0.8215	0.9571	0.0277	0.7693	0.6635	0.9220
21	30	0.2511	6	0	2	0	0	0	0	0	0	N	Y	N	N	N	N	N	N	N	N	N	N	39.0100	0.0000	2012.7058	0.0015	0.0000	0.6735	52.7743	0.0000	2040.2969	9.1723	0.0000	79.3847	0.0002	0.0000	0.0149	14.9795	0.0000	84.0362	0.2351	0.3187	0.0394	0.1663	0.1765	0.0221	0.2838	0.4940	0.0412	inf	0.0528	0.5371	-0.0557	4.9981	0.9701	32.5905	4.0208	0.9610	0.0000	0.9610	0.0000	0.0000	0.0000	0.9610	0.0000	0.9610	0.1365	0.1297	0.0069	0.0400	0.0397	0.0004	0.0965	0.0900	0.0065	0.1048	0.0927	0.0121	0.0406	0.0399	0.0007	0.0642	0.0527	0.0114	0.5806	0.4069	0.1737	0.2406	0.2247	0.0159	0.3400	0.1822	0.1578	39.0100	0.0000	2012.7058	0.0015	0.0000	0.6735	52.7743	0.0000	2040.2969	0.2351	0.3187	0.0394	0.1663	0.1765	0.0221	0.2838	0.4940	0.0412
21	31	0.2257	4	0	1	0	1	0	0	0	0	N	N	N	N	N	N	N	N	N	N	N	N	0.0000	0.0000	0.0000	0.0000	0.0000	0.0000	0.0000	0.0000	0.0000	0.0000	0.0000	0.0000	0.0000	0.0000	0.0000	0.0000	0.0000	0.0000	0.0598	0.0686	0.0437	0.1209	0.1282	0.0862	0.0233	0.0140	0.0341	0.3475	0.0000	-0.0134	4.9981	5.0045	32.5905	16.6627	0.0000	0.0000	0.0000	0.0000	0.0000	0.0000	0.0000	0.0000	0.0000	0.0671	0.0498	0.0173	0.0507	0.0445	0.0063	0.0163	0.0053	0.0110	0.1656	0.1409	0.0247	0.0183	0.0168	0.0015	0.1474	0.1241	0.0232	1.1214	0.7255	0.3959	0.4194	0.3468	0.0726	0.7020	0.3788	0.3232	0.0000	0.0000	0.0000	0.0000	0.0000	0.0000	0.0000	0.0000	0.0000	0.0598	0.0686	0.0437	0.1209	0.1282	0.0862	0.0233	0.0140	0.0341	
21	32	0.7680	10	1	1	1	0	0	0	0	0	N	N	N	N	N	N	N	N	N	N	N	N	0.0000	0.0000	0.0000	0.0000	0.0000	0.0000	0.0000	0.0000	0.0000	0.0000	0.0000	0.0000	0.0000	0.0003	0.0004	0.0000	0.0005	0.0006	0.0000	0.0000	0.0000	0.0000	0.0000	0.0000	-0.0000	4.9981	1.4893	32.5905	0.0050	0.0000	0.0000	0.0000	0.0000	0.0000	0.0000	0.0000	0.0000	0.0000	0.0000	0.0000	0.0000	0.0000	0.0000	0.0000	0.0000	0.0000	0.0000	0.0454	0.0390	0.0063	0.0124	0.0116	0.0009	0.0329	0.0274	0.0055	0.0576	0.0398	0.0179	0.0370	0.0289	0.0080	0.0207	0.0108	0.0098	0.0000	0.0000	0.0000	0.0000	0.0000	0.0000	0.0000	0.0000	0.0000	0.0003	0.0004	0.0000	0.0005	0.0006	0.0000	0.0000	0.0000	0.0000						
21	33	0.1475	4	1	1	1	0	0	0	0	0	N	N	N	N	N	N	N	N	N	N	N	N	572.0485	3606.4960	0.0000	13.7862	13.5492	0.0000	553.3296	134928.1372	0.0000	27.3011	32.1771	0.0000	0.4044	0.4177	0.0000	28.9476	34.4150	0.0000	0.0477	0.0089	0.1112	0.0293	0.0308	0.0183	0.0523	0.0003	0.1174	0.0000	7.6174	-0.4337	0.0072	4.9981	0.9855	32.5905	5.0251	0.9831	0.9831	0.0000	0.0008	0.0008	0.0000	0.9823	0.9823	0.0000	0.0168	0.0020	0.0149	0.0021	0.0019	0.0002	0.0148	0.0000	0.0147	0.0360	0.0306	0.0055	0.0021	0.0020	0.0001	0.0339	0.0285	0.0054	0.3526	0.2189	0.1337	0.0704	0.0621	0.0084	0.2822	0.1568	0.1254	572.0485	3606.4960	0.0000	13.7862	13.5492	0.0000	553.3296	134928.1372	0.0000	0.0477	0.0089	0.1112	0.0293	0.0308	0.0183	0.0523	0.0003	0.1174
21	34	0.2240	6	0	2	0	0	0	0	0	0	N	Y	N	N	N	N	N	N	N	N	N	N	0.0000	0.0000	0.0000	0.0000	0.0000	0.0000	0.0000	0.0000	0.0000	0.0000	0.0000	0.0000	0.0000	0.0000	0.0000	0.0000	0.0000	0.0003	0.0000	0.0009	0.0001	0.0000	0.0006	0.0005	0.0000	0.0010	120000.0000	0.0000	0.0001	4.9981	2.0026	32.5905	4.0175	0.0000	0.0000	0.0000	0.0000	0.0000	0.0000	0.0000	0.0000	0.0000	0.0001	0.0000	0.0001	0.0000	0.0000	0.0000	0.0001	0.0000	0.0001	0.0872	0.0728	0.0144	0.0156	0.0151	0.0006	0.0716	0.0578	0.0138	0.3452	0.2152	0.1300	0.1071	0.0907	0.0164	0.2381	0.1245	0.1136	0.0000	0.0000	0.0000	0.0000	0.0000	0.0000	0.0000	0.0000	0.0000	0.0003	0.0000	0.0009	0.0001	0.0000	0.0006	0.0005	0.0000	0.0010		
21	35	0.2240	5	0	1	0	0	0	0	0	0	N	N	N	N	N	N	N	N	N	N	N	N	0.0000	0.0000	0.0000	0.0000	0.0000	0.0000	0.0000	0.0000	0.0000	0.0000	0.0000	0.0000	0.0000	0.0000	0.0000	0.0000	0.0000	0.0000	3.0694	4.7324	0.0130	3.7770	4.3419	0.0077	2.5849	5.0807	0.0140	0.0015	0.0000	-0.2246	4.9981	0.4148	32.5905	1.5497	0.0000	0.0000	0.0000	0.0000	0.0000	0.0000	0.0000	0.0000	0.0000	0.4915	0.4908	0.0007	0.2458	0.2457	0.0001	0.2457	0.2450	0.0007	0.0331	0.0270	0.0061	0.0107	0.0106	0.0001	0.0224	0.0164	0.0060	0.1601	0.1048	0.0553	0.0651	0.0566	0.0085	0.0950	0.0482	0.0468	0.0000	0.0000	0.0000	0.0000	0.0000	0.0000	0.0000	0.0000	0.0000	3.0694	4.6818	0.0130	3.7770	4.3419	0.0077	2.5849	5.0807	0.0140	
21	36	0.1663	3	0	2	0	0	0	0	0	0	N	Y	N	N	N	N	N	N	N	N	N	N	0.0000	0.0000	0.0000	0.0000	0.0000	0.0000	0.0000	0.0000	0.0000	0.0000	0.0000	0.0000	0.0000	0.0000	0.0000	0.0000	0.0000	0.0000	0.9547	1.1569	0.6595	0.0575	0.0009	0.3269	1.1981	1.6454	0.6929	0.3904	0.0000	-0.2470	4.9981	7.9964	32.5905	23.6501	0.0000	0.0000	0.0000	0.0000	0.0000	0.0000	0.0000	0.0000	0.0000	1.3908	1.0002	0.3905	0.0179	0.0002	0.0176	1.3729	1.0000	0.3729	0.2466	0.2090	0.0376	0.0112	0.0104	0.0008	0.2354	0.1986	0.0368	1.4568	0.8646	0.5921	0.3108	0.2569	0.0540	1.1459	0.6077	0.5382	0.0000	0.0000	0.0000	0.0000	0.0000	0.0000	0.0000	0.0000	0.0000	0.9547	1.1569	0.6595	0.0575	0.0009	0.3269	1.1981	1.6454	0.6929	
21	38	0.2240	5	0	2	0	0	0	0	0	0	N	Y	N	N	N	N	N	N	N	N	N	N	0.0000	0.0000	0.0000	0.0000	0.0000	0.0000	0.0000	0.0000	0.0000	0.0000	0.0000	0.0000	0.0000	0.0000	0.0000	0.0000	0.0000	0.0000	2.1541	1.2936	3.4945	2.9703	3.5718	0.0018	1.8595	0.0005	3.9452	1.7342	0.0000	0.2772	4.9981	4.7553	32.5905	10.1994	0.0000	0.0000	0.0000	0.0000	0.0000	0.0000	0.0000	0.0000	0.0000	1.5762	0.5765	0.9997	0.5764	0.5763	0.0001	0.9998	0.0002	0.9997	0.1791	0.1508	0.0283	0.0239	0.0226	0.0013	0.1552	0.1282	0.0270	0.7317	0.4456	0.2861	0.1940	0.1614	0.0327	0.5377	0.2843	0.2534	0.0000	0.0000	0.0000	0.0000	0.0000	0.0000	0.0000	0.0000	0.0000	2.1541	1.2936	3.4945	2.9703	3.5718	0.0018	1.8595	0.0005	3.9452	
21	39	0.1663	3	1	2	0	0	0	0	0	0	N	Y	N	N	N	N	N	N	N	N	N	N	0.0000	0.0000	0.0000	0.0000	0.0000	0.0000	0.0000	0.0000	0.0000	0.0000	0.0000	0.0000	0.0000	0.0000	0.0000	0.0000	0.0000	1.7883	2.5902	0.6182	0.8747	1.0589	0.0000	2.0350	3.2341	0.6800	0.1636	0.0000	-0.8416	4.9981	5.0000	32.5905	27.3229	0.0000	0.0000	0.0000	0.0000	0.0000	0.0000	0.0000	0.0000	0.0000	2.6483	2.2760	0.3723	0.2754	0.2754	0.0000	2.3729	2.0006	0.3723	0.1564	0.1325	0.0240	0.0072	0.0066	0.0005	0.1493	0.1258	0.0235	1.4809	0.8787	0.6022	0.3149	0.2601	0.0548	1.1660	0.6186	0.5475	0.0000	0.0000	0.0000	0.0000	0.0000	0.0000	0.0000	0.0000	0.0000	1.7883	2.5902	0.6182	0.8747	1.0589	0.0000	2.0350	3.2341	0.6800		
21	41	0.6706	8	0	2	0	0	0	0	0	0	N	Y	N	N	N	N	N	N	N	N	N	N	0.0000	0.0000	0.0000	0.0000	0.0000	0.0000	0.0000	0.0000	0.0000	0.0000	0.0000	0.0000	0.0000	0.0000	0.0000	0.0001	0.0001	0.0000	0.0002	0.0002	0.0001	0.0000	0.0000	0.0000	0.1580	0.0000	-0.0000	4.9981	8.1446	32.5905	10.2519	0.0000	0.0000	0.0000	0.0000	0.0000	0.0000	0.0000	0.0000	0.0000	0.0001	0.0001	0.0000	0.0001	0.0001	0.0000	0.0000	0.0000	0.0000	0.3198	0.2820	0.0378	0.1180	0.1113	0.0066	0.2018	0.1707	0.0312	0.7489	0.5218	0.2271	0.4833	0.3793	0.1039	0.2656	0.1425	0.1231	0.0000	0.0000	0.0000	0.0000	0.0000	0.0000	0.0000	0.0000	0.0000	0.0001	0.0001	0.0000	0.0002	0.0002	0.0001	0.0000	0.0000	0.0000				
21	43	0.3239	5	0	2	1	1	0	0	0	0	N	Y	N	N	N	N	N	N	N	N	N	N	0.0000	0.0000	0.0000	0.0000	0.0000	0.0000	0.0000	0.0000	0.0000	0.0000	0.0000	0.0000	0.0000	0.0000	0.0000	0.0000	0.0000	0.0000	6.0041	8.3617	0.9240	22.8955	22.6778	4.4265	0.0053	0.0026	0.0084	0.0553	0.0000	-0.5612	4.9981	1.0007	32.5905	2.4334	0.0000	0.0000	0.0000	0.0000	0.0000	0.0000	0.0000	0.0000	0.0000	1.3823	1.3099	0.0724	1.3816	1.3097	0.0719	0.0007	0.0002	0.0005	0.0331	0.0283	0.0048	0.0056	0.0052	0.0004	0.0275	0.0231	0.0044	0.2720	0.1936	0.0784	0.1369	0.1207	0.0162	0.1351	0.0729	0.0621	0.0000	0.0000	0.0000	0.0000	0.0000	0.0000	0.0000	0.0000	0.0000	5.0823	6.7658	0.9240	10.0901	10.8524	4.4265	0.0053	0.0026	0.0084	
21	44	0.2867	4	0	1	0	1	0	0	0	0	N	N	N	N	N	N	N	N	N	N	N	N	0.0716	0.0509	0.1730	0.2064	0.1972	0.2810	0.0404	0.0005	0.1405	0.1388	0.0661	0.5710	0.3165	0.3137	0.3597	0.0969	0.0004	0.5891	1.9399	1.2983	3.3012	1.5334	1.5907	1.2799	2.4012	0.7830	4.1920	1.4547	1.1984	0.0008	0.2078	4.9981	1.0391	32.5905	15.0482	0.0051	0.0021	0.0030	0.0022	0.0021	0.0001	0.0029	0.0000	0.0029	2.3947	1.0893	1.3054	1.0063	0.8515	0.1548	1.3884	0.2378	1.1506	0.0367	0.0314	0.0053	0.0070	0.0066	0.0004	0.0297	0.0248	0.0049	1.2345	0.8390	0.3954	0.6563	0.5353	0.1210	0.5782	0.3037	0.2745	0.0716	0.0509	0.1730	0.2064	0.1972	0.2810	0.0404	0.0005	0.1405	1.9399	1.2983	3.3012	1.5334	1.5907	1.2799	2.4012	0.7830	4.1920
21	45	0.1663	3	0	2	0	0	0	0	0	0	N	Y	N	N	N	N	N	N	N	N	N	N	0.0000	0.0000	0.0000	0.0000	0.0000	0.0000	0.0000	0.0000	0.0000	0.0000	0.0000	0.0000	0.0000	0.0000	0.0000	0.0000	0.0000	0.0000	2.9884	2.8519	3.1872	5.5829	6.9848	0.3084	2.4447	1.5360	3.4731	0.7676	0.0000	-0.1120	4.9981	12.0036	32.5905	21.9053	0.0000	0.0000	0.0000	0.0000	0.0000	0.0000	0.0000	0.0000	0.0000	4.6474	2.6292	2.0182	1.6455	1.6279	0.0176	3.0019	1.0013	2.0005	0.3686	0.3127	0.0559	0.0167	0.0155	0.0012	0.3519	0.2972	0.0546	1.5551	0.9219	0.6332	0.3272	0.2700	0.0572	1.2279	0.6519	0.5760	0.0000	0.0000	0.0000	0.0000	0.0000	0.0000	0.0000	0.0000	0.0000	2.9884	2.8519	3.1872	5.0289	6.0291	0.3084	2.4447	1.5360	3.4731	
21	46	0.6476	11	1	2	0	0	0	0	0	0	N	Y	N	N	N	N	N	N	N	N	N	N	0.0000	0.0000	0.0000	0.0000	0.0000	0.0000	0.0000	0.0000	0.0000	0.0000	0.0000	0.0000	0.0000	0.0000	0.0000	0.0000	0.0000	0.0000	0.0000	0.0000	0.0000	0.0000	inf	0.0000	0.0000	4.9981	2.0120	32.5905	1.9924	0.0000	0.0000	0.0000	0.0000	0.0000	0.0000	0.0000	0.0000	0.0000	0.0000	0.0000	0.0000	0.0000	0.0000	0.0000	0.0000	0.0000	0.0000	0.0664	0.0576	0.0088	0.0201	0.0186	0.0015	0.0463	0.0391	0.0073	0.1465	0.0988	0.0477	0.0827	0.0656	0.0171	0.0639	0.0333	0.0306	0.0000	0.0000	0.0000	0.0000	0.0000	0.0000	0.0000	0.0000	0.0000	0.0000	0.0000	0.0000	0.0000	0.0000	0.0000	0.0000	0.0000	0.0000						
21	47	0.2708	9	1	2	0	0	0	0	0	0	N	Y	N	N	N	N	N	N	N	N	N	N	0.0000	0.0000	0.0000	0.0000	0.0000	0.0000	0.0000	0.0000	0.0000	0.0000	0.0000	0.0000	0.0000	6.3075	12.6290	0.0000	115.3349	142.6791	0.0000	0.0000	0.0000	0.0000	0.0000	0.0000	-0.4564	4.9981	0.0002	32.5905	4.0036	0.0000	0.0000	0.0000	0.0000	0.0000	0.0000	0.0000	0.0000	0.0000	0.9957	0.9957	0.0000	0.9957	0.9957	0.0000	0.0000	0.0000	0.0000	0.0000	0.0000	0.0000	0.0000	0.0000	0.0000	0.0000	0.0000	0.0000	0.1886	0.1116	0.0770	0.0433	0.0362	0.0071	0.1453	0.0754	0.0699	0.0000	0.0000	0.0000	0.0000	0.0000	0.0000	0.0000	0.0000	0.0000	5.2795	8.9236	0.0000	22.9755	27.4988	0.0000	0.0000	0.0000	0.0000						
21	48	0.1663	3	0	2	0	1	0	0	0	0	N	Y	N	N	N	N	N	N	N	N	N	N	0.0000	0.0000	0.0000	0.0000	0.0000	0.0000	0.0000	0.0000	0.0000	0.0000	0.0000	0.0000	0.0000	0.0000	0.0000	0.0000	0.0000	3.6067	3.9030	3.1807	2.8820	3.5186	0.0000	3.7823	4.0458	3.4801	0.5668	0.0000	-0.8012	4.9981	6.0036	32.5905	51.7820	0.0000	0.0000	0.0000	0.0000	0.0000	0.0000	0.0000	0.0000	0.0000	8.2929	5.2929	3.0000	1.2929	1.2929	0.0000	7.0000	4.0000	3.0000	0.1869	0.1583	0.0286	0.0085	0.0079	0.0006	0.1784	0.1504	0.0280	2.2993	1.3561	0.9432	0.4486	0.3674	0.0812	1.8507	0.9887	0.8620	0.0000	0.0000	0.0000	0.0000	0.0000	0.0000	0.0000	0.0000	0.0000	3.6067	3.9030	3.1807	2.8820	3.5186	0.0000	3.7823	4.0458	3.4801		
21	49	0.1663	3	1	2	0	0	0	0	0	0	N	Y	N	N	N	N	N	N	N	N	N	N	0.0000	0.0000	0.0000	0.0000	0.0000	0.0000	0.0000	0.0000	0.0000	0.0000	0.0000	0.0000	0.0000	0.0000	0.0000	0.0000	0.0000	1.4983	1.2203	1.9010	0.7605	0.9241	0.0000	1.6885	1.3385	2.0864	1.0754	0.0000	0.1583	4.9981	5.9964	32.5905	34.6547	0.0000	0.0000	0.0000	0.0000	0.0000	0.0000	0.0000	0.0000	0.0000	2.6485	1.2762	1.3723	0.2756	0.2756	0.0000	2.3729	1.0006	1.3723	0.1867	0.1581	0.0286	0.0085	0.0079	0.0006	0.1782	0.1502	0.0279	1.7676	1.0457	0.7219	0.3623	0.2982	0.0641	1.4053	0.7476	0.6578	0.0000	0.0000	0.0000	0.0000	0.0000	0.0000	0.0000	0.0000	0.0000	1.4983	1.2203	1.9010	0.7605	0.9241	0.0000	1.6885	1.3385	2.0864		
21	50	0.2558	4	0	1	1	0	0	0	0	0	N	N	N	N	N	N	N	N	N	N	N	N	0.0945	0.0945	0.0000	1.0761	0.9711	0.0000	0.0000	0.0000	0.0000	0.2014	0.2335	0.0000	1.2963	1.3885	0.0000	0.0000	0.0000	0.0000	2.1320	2.4704	1.4819	1.2046	1.4298	0.0488	2.7133	3.4717	1.8039	0.0000	0.3122	-0.0881	-1.5255	4.9981	31.2093	32.5905	46.3939	0.1998	0.1998	0.0000	0.1998	0.1998	0.0000	0.0000	0.0000	0.0000	6.9209	5.2741	1.6468	1.5068	1.4968	0.0100	5.4141	3.7773	1.6368	0.9920	0.8556	0.1364	0.1541	0.1439	0.0102	0.8379	0.7118	0.1261	3.2462	2.1349	1.1113	1.2508	1.0469	0.2039	1.9954	1.0880	0.9074	0.0945	0.0945	0.0000	1.0761	0.9711	0.0000	0.0000	0.0000	0.0000	2.1320	2.4704	1.4819	1.2046	1.4298	0.0488	2.7133	3.4717	1.8039
21	51	0.2031	4	0	2	0	0	0	0	0	0	N	Y	N	N	N	N	N	N	N	N	N	N	0.0006	0.0019	0.0000	0.0057	0.0050	0.0000	0.0001	0.0016	0.0000	0.0005	0.0006	0.0000	0.0025	0.0026	0.0000	0.0002	0.0002	0.0000	0.9012	0.3276	2.0486	0.4395	0.5233	0.0110	1.2277	0.1158	2.5688	0.0000	3.1266	-0.0000	0.3907	4.9981	4.1516	32.5905	14.5664	0.0001	0.0001	0.0000	0.0001	0.0001	0.0000	0.0000	0.0000	0.0000	1.3054	0.3163	0.9891	0.2637	0.2626	0.0011	1.0417	0.0537	0.9880	0.1527	0.1310	0.0217	0.0241	0.0228	0.0013	0.1286	0.1082	0.0203	1.4485	0.9657	0.4828	0.6000	0.5018	0.0982	0.8486	0.4639	0.3846	0.0006	0.0019	0.0000	0.0057	0.0050	0.0000	0.0001	0.0016	0.0000	0.9012	0.3276	2.0486	0.4395	0.5233	0.0110	1.2277	0.1158	2.5688
21	52	0.1357	2	1	1	1	0	0	0	0	0	N	N	N	N	N	N	N	N	N	N	N	N	3.9666	0.0000	13.9429	0.0000	0.0000	0.0000	5.4388	14.1011	0.0899	0.0000	0.8237	0.0000	0.0000	0.0000	0.1403	0.0000	0.8282	0.0227	0.0016	0.0591	0.0088	0.0056	0.0732	0.0258	0.0000	0.0587	inf	22.0332	0.0000	0.0007	4.9981	0.0028	32.5905	0.9232	0.0000	0.0000	0.0000	0.0000	0.0000	0.0000	0.0000	0.0000	0.0000	0.0014	0.0001	0.0014	0.0001	0.0001	0.0000	0.0013	0.0000	0.0013	0.0003	0.0003	0.0000	0.0001	0.0001	0.0000	0.0002	0.0002	0.0000	0.0626	0.0396	0.0230	0.0115	0.0110	0.0005	0.0510	0.0286	0.0224	3.9666	0.0000	13.9429	0.0000	0.0000	0.0000	5.4388	0.0000	14.1011	0.0227	0.0016	0.0591	0.0088	0.0056	0.0732	0.0258	0.0000	0.0587	
21	53	0.6629	10	0	2	0	0	0	0	0	0	N	Y	N	N	N	N	N	N	N	N	N	N	2.4782	2.0013	0.0000	0.1248	0.1091	0.0000	2.3167	1.3838	0.0000	2.8791	3.2922	0.0000	0.0984	0.1038	0.0000	4.0224	4.7636	0.0000	1.1618	1.6450	0.0705	0.7885	0.9513	0.0209	1.7362	3.4424	0.0967	0.0000	0.0190	-0.4185	-0.7556	4.9981	8.5400	32.5905	19.3759	0.9487	0.9487	0.0000	0.0094	0.0094	0.0000	0.9393	0.9393	0.0000	1.7182	1.6862	0.0320	0.7069	0.7036	0.0033	1.0114	0.9827	0.0287	0.3295	0.2882	0.0413	0.0960	0.0910	0.0050	0.2335	0.1972	0.0363	1.4789	1.0251	0.4539	0.8964	0.7396	0.1568	0.5825	0.2855	0.2970	2.4782	2.0013	0.0000	0.1248	0.1091	0.0000	2.3167	1.3838	0.0000	1.1618	1.6450	0.0705	0.7885	0.9513	0.0209	1.7362	3.4424	0.0967
21	54	0.5998	9	0	1	0	0	0	0	0	0	N	N	N	N	N	N	N	N	N	N	N	N	0.1720	0.1972	0.0141	0.0618	0.0542	0.0006	0.2216	0.4924	0.0111	0.2255	0.2541	0.0191	0.0826	0.0866	0.0000	0.2833	0.3302	0.0215	1.3108	1.2886	1.3609	1.3366	1.5985	0.0494	1.2786	0.6707	1.9387	0.0104	0.4679	-0.0292	-0.3075	4.9981	7.3474	32.5905	24.2346	0.0679	0.0672	0.0007	0.0072	0.0072	0.0000	0.0607	0.0600	0.0007	2.2027	1.5006	0.7021	1.2475	1.2397	0.0078	0.9552	0.2609	0.6943	0.3009	0.2643	0.0366	0.0867	0.0826	0.0041	0.2142	0.1817	0.0325	1.6804	1.1645	0.5159	0.9333	0.7755	0.1578	0.7471	0.3890	0.3581	0.1720	0.1972	0.0141	0.0618	0.0542	0.0006	0.2216	0.4924	0.0111	1.3108	1.2886	1.3609	1.3366	1.5985	0.0494	1.2786	0.6707	1.9387
21	55	0.5700	8	0	1	0	0	0	0	0	0	N	N	N	N	N	N	N	N	N	N	N	N	0.0024	0.0025	0.0009	0.0017	0.0016	0.0000	0.0029	0.0050	0.0007	0.0015	0.0016	0.0005	0.0012	0.0013	0.0000	0.0016	0.0018	0.0006	0.6405	0.6628	0.5843	0.6990	0.8085	0.0695	0.5653	0.3681	0.7980	0.0435	0.3496	-0.0001	-0.1784	4.9981	3.4216	32.5905	15.9376	0.0002	0.0002	0.0000	0.0001	0.0001	0.0000	0.0002	0.0002	0.0000	0.8951	0.6632	0.2319	0.5495	0.5414	0.0081	0.3456	0.1218	0.2238	0.1589	0.1402	0.0187	0.0495	0.0477	0.0019	0.1093	0.0925	0.0168	1.3974	1.0006	0.3969	0.7860	0.6696	0.1164	0.6114	0.3309	0.2804	0.0024	0.0025	0.0009	0.0017	0.0016	0.0000	0.0029	0.0050	0.0007	0.6405	0.6628	0.5843	0.6990	0.8085	0.0695	0.5653	0.3681	0.7980
21	56	0.2867	4	0	2	0	0	0	0	0	0	N	Y	N	N	N	N	N	N	N	N	N	N	0.0508	0.0307	0.1461	0.1543	0.3068	0.0558	0.0282	0.0001	0.2045	0.1453	0.0691	0.5980	0.3289	0.3259	0.3767	0.1016	0.0004	0.6169	2.8581	2.2518	4.0917	2.1312	1.0624	6.7504	3.5992	4.1235	3.0172	1.4547	0.8931	0.0008	0.0541	4.9981	0.9891	32.5905	20.6926	0.0051	0.0021	0.0030	0.0022	0.0021	0.0001	0.0029	0.0000	0.0029	4.0412	2.1347	1.9065	1.5211	0.6158	0.9053	2.5201	1.5189	1.0012	0.0351	0.0300	0.0051	0.0067	0.0063	0.0004	0.0283	0.0237	0.0047	1.4140	0.9480	0.4660	0.7138	0.5796	0.1341	0.7002	0.3684	0.3318	0.0508	0.0307	0.1461	0.1543	0.3068	0.0558	0.0282	0.0001	0.2045	2.8581	2.2518	4.0917	2.1312	1.0624	6.7504	3.5992	4.1235	3.0172
21	57	0.1663	3	0	1	0	0	0	0	0	0	N	N	N	N	N	N	N	N	N	N	N	N	1.5270	0.0003	10.1909	0.0000	0.0000	0.0000	1.7253	0.0003	9.9198	6.3336	0.0011	41.3091	0.0000	0.0000	0.0000	6.6380	0.0012	42.2382	4.1477	3.9056	4.0535	4.4334	4.9740	1.9379	3.8475	3.4872	4.2580	6646.4667	0.7181	0.5571	-0.3028	4.9981	5.0326	32.5905	39.3193	0.9971	0.0001	0.9970	0.0000	0.0000	0.0000	0.9971	0.0001	0.9970	7.4914	4.3604	3.1311	1.6945	1.5626	0.1319	5.7970	2.7978	2.9992	0.1574	0.1333	0.0241	0.0072	0.0067	0.0005	0.1502	0.1266	0.0236	1.8889	1.1164	0.7724	0.3822	0.3141	0.0681	1.5067	0.8023	0.7044	1.5969	0.0003	10.1909	0.0000	0.0000	0.0000	1.7253	0.0003	9.9198	3.9661	3.9056	4.0535	4.4334	4.9740	1.9379	3.8475	3.4872	4.2580
21	58	0.1663	3	0	2	0	1	0	0	0	0	N	Y	N	N	N	N	N	N	N	N	N	N	2.1783	0.0000	15.2558	0.0000	0.0000	2.3943	0.0000	14.2164	6.3878	0.0000	41.6670	0.0000	0.0000	0.0000	6.6949	0.0000	42.6041	2.9325	3.0715	2.7312	3.4636	4.2103	0.0000	2.7962	2.6198	2.9968	inf	0.6143	0.5589	-0.4116	4.9981	5.0036	32.5905	36.7244	1.0000	0.0000	1.0000	0.0000	0.0000	0.0000	1.0000	0.0000	1.0000	5.2881	3.2758	2.0123	1.2752	1.2752	0.0000	4.0129	2.0006	2.0123	0.1565	0.1325	0.0240	0.0072	0.0067	0.0005	0.1494	0.1259	0.0235	1.8033	1.0665	0.7368	0.3682	0.3029	0.0653	1.4351	0.7636	0.6715	2.1783	0.0000	15.2558	0.0000	0.0000	0.0000	2.3943	0.0000	14.2164	2.9325	3.0715	2.7312	3.4636	4.2103	0.0000	2.7962	2.6198	2.9968	
21	59	0.5504	8	0	2	0	1	0	0	0	0	N	Y	N	N	N	N	N	N	N	N	N	N	0.0000	0.0000	0.0000	0.0002	0.0125	0.0000	0.0000	0.0000	0.0000	0.0000	0.0001	0.0000	0.0001	0.0001	0.0000	0.0000	0.0000	0.0000	1.3033	1.2956	1.3229	0.6328	0.0114	3.7685	2.2347	3.9731	0.0572	0.0000	0.4010	-0.0000	-0.4870	4.9981	10.4254	32.5905	21.2017	0.0000	0.0000	0.0000	0.0000	0.0000	0.0000	0.0000	0.0000	0.0000	2.8287	2.0191	0.8096	0.7986	0.0120	0.7866	2.0302	2.0071	0.0231	0.4433	0.3893	0.0540	0.1481	0.1407	0.0074	0.2952	0.2486	0.0466	2.1705	1.5584	0.6120	1.2620	1.0533	0.2087	0.9085	0.5052	0.4033	0.0000	0.0000	0.0000	0.0002	0.0125	0.0000	0.0000	0.0000	0.0000	1.3033	1.2956	1.3229	0.6328	0.0114	3.7685	2.2347	3.9731	0.0572
21	60	0.1357	2	1	1	1	0	0	0	0	0	N	N	N	N	N	N	N	N	N	N	N	N	0.0831	0.0000	0.2356	0.0000	0.0000	0.0000	0.0820	0.2397	0.0004	0.0000	0.0028	0.0000	0.0000	0.0000	0.0004	0.0000	0.0029	0.0052	0.0004	0.0121	0.0035	0.0023	0.0138	0.0054	0.0000	0.0120	inf	22.0332	0.0000	0.0007	4.9981	1.9981	32.5905	3.0867	0.0000	0.0000	0.0000	0.0000	0.0000	0.0000	0.0000	0.0000	0.0000	0.0014	0.0001	0.0014	0.0001	0.0001	0.0000	0.0013	0.0000	0.0013	0.0692	0.0586	0.0106	0.0019	0.0017	0.0001	0.0673	0.0569	0.0104	0.2716	0.1592	0.1125	0.0292	0.0263	0.0029	0.2424	0.1328	0.1096	0.0831	0.0000	0.2356	0.0000	0.0000	0.0000	0.0820	0.0000	0.2397	0.0052	0.0004	0.0121	0.0035	0.0023	0.0138	0.0054	0.0000	0.0120	
21	62	0.1117	2	1	1	1	0	0	0	0	0	N	N	N	N	N	N	N	N	N	N	N	N	0.8981	0.0032	4.3157	0.4840	0.1171	297.4871	1.6450	0.0000	5.7857	6.3076	0.0131	45.3950	0.1165	0.0292	27.1798	10.2290	0.0000	45.5604	7.0237	4.0939	10.5187	0.2408	0.2493	0.0914	6.2182	4.7265	7.8747	558.0771	1.4877	0.0031	0.6988	4.9981	0.0060	32.5905	17.2393	0.0056	0.0000	0.0056	0.0000	0.0000	0.0000	0.0055	0.0000	0.0055	5.0039	2.0115	2.9924	0.0177	0.0173	0.0004	4.9862	1.9942	2.9921	0.0009	0.0008	0.0001	0.0003	0.0003	0.0000	0.0005	0.0004	0.0001	0.8752	0.4913	0.3839	0.0734	0.0694	0.0039	0.8019	0.4219	0.3800	1.1033	0.0032	5.8238	0.4840	0.1171	297.4871	1.6450	0.0000	5.7857	5.7172	4.0939	7.7948	0.2408	0.2493	0.0914	6.2182	4.7265	7.8747
21	63	0.2031	4	0	1	1	0	0	0	0	0	N	N	N	N	N	N	N	N	N	N	N	N	0.0000	0.0000	0.0000	0.0000	0.0000	0.0000	0.0000	0.0000	0.0000	0.0000	0.0000	0.0000	0.0000	0.0000	0.0000	0.0000	0.0000	0.0000	1.0538	1.5410	0.0007	0.5847	0.6952	0.0028	1.4489	2.6262	0.0001	0.0002	0.0000	-0.6040	4.9981	1.0230	32.5905	12.1924	0.0000	0.0000	0.0000	0.0000	0.0000	0.0000	0.0000	0.0000	0.0000	1.3183	1.3180	0.0003	0.3344	0.3342	0.0003	0.9838	0.9838	0.0000	0.0520	0.0454	0.0066	0.0132	0.0128	0.0004	0.0388	0.0325	0.0062	1.2510	0.8553	0.3957	0.5719	0.4807	0.0913	0.6790	0.3746	0.3044	0.0000	0.0000	0.0000	0.0000	0.0000	0.0000	0.0000	0.0000	0.0000	1.0538	1.5410	0.0007	0.5847	0.6952	0.0028	1.4489	2.6262	0.0001	
21	64	0.1663	3	0	1	0	0	0	0	0	0	N	N	N	N	N	N	N	N	N	N	N	N	0.0000	0.0000	0.0000	0.0000	0.0000	0.0000	0.0000	0.0000	0.0000	0.0000	0.0000	0.0000	0.0000	0.0000	0.0000	0.0000	0.0000	0.0000	2.1354	3.4779	0.0947	16.3853	19.0667	0.3051	0.0645	0.0584	0.0711	0.0179	0.0000	-0.7638	4.9981	2.4556	32.5905	12.4191	0.0000	0.0000	0.0000	0.0000	0.0000	0.0000	0.0000	0.0000	0.0000	1.7330	1.7025	0.0305	1.6937	1.6838	0.0099	0.0393	0.0187	0.0206	0.0779	0.0659	0.0120	0.0036	0.0034	0.0003	0.0743	0.0625	0.0117	0.8115	0.4895	0.3220	0.2020	0.1695	0.0325	0.6095	0.3200	0.2896	0.0000	0.0000	0.0000	0.0000	0.0000	0.0000	0.0000	0.0000	0.0000	2.1354	3.4779	0.0947	8.3837	9.9316	0.3051	0.0645	0.0584	0.0711	
21	65	0.2886	5	0	2	0	0	0	0	0	0	N	Y	N	N	N	N	N	N	N	N	N	N	0.0193	0.0000	0.1081	0.0005	0.0000	0.2790	0.0381	0.0000	0.1074	0.0640	0.0000	0.4642	0.0024	0.0000	0.0283	0.0902	0.0000	0.5631	3.3150	2.8515	4.2935	4.7380	5.4042	0.1013	2.3648	0.0207	5.2437	inf	0.7131	0.0025	-0.1016	4.9981	1.7555	32.5905	11.9300	0.0044	0.0000	0.0044	0.0001	0.0000	0.0001	0.0044	0.0000	0.0044	2.4130	1.4085	1.0044	1.4081	1.4037	0.0044	1.0049	0.0048	1.0000	0.0694	0.0598	0.0096	0.0207	0.0190	0.0018	0.0487	0.0409	0.0078	0.7279	0.4940	0.2339	0.3030	0.2597	0.0432	0.4249	0.2342	0.1907	0.0193	0.0000	0.1081	0.0005	0.0000	0.2790	0.0381	0.0000	0.1074	3.3150	2.8515	4.2935	4.6476	5.4042	0.1013	2.3648	0.0207	5.2437
21	66	0.1639	5	1	2	1	0	0	0	0	0	N	Y	N	N	N	N	N	N	N	N	N	N	0.0000	0.0000	0.0000	0.0000	0.0000	0.0000	0.0000	0.0000	0.0000	0.0000	0.0000	0.0000	0.0000	0.0000	0.0000	0.0000	0.0000	0.0000	0.0000	0.0000	4.9981	0.0000	32.5905	0.0000	0.0000	0.0000	0.0000	0.0000	0.0000	0.0000	0.0000	0.0000	0.0000	0.0000	0.0000	0.0000	0.0000	0.0000	0.0000	0.0000	0.0000	0.0000	0.0000	0.0000	0.0000	0.0000	0.0000	0.0000	0.0000	0.0000	0.0000	0.0000	0.0000	0.0000	0.0000	0.0000	0.0000	0.0000	0.0000	0.0000	0.0000	0.0000	0.0000	0.0000	0.0000	0.0000	0.0000	0.0000	0.0000	0.0000	0.0000	0.0000	0.0000	0.0000	0.0000	0.0000	0.0000	0.0000											
21	67	0.7722	10	1	2	1	0	0	0	0	0	N	Y	N	N	N	N	N	N	N	N	N	N	0.0000	0.0000	0.0000	0.0000	0.0000	0.0000	0.0000	0.0000	0.0000	0.0000	0.0000	0.0000	0.0000	0.0000	0.0000	0.0000	0.0000	0.0000	0.0000	0.0000	4.9981	1.0000	32.5905	3.0000	0.0000	0.0000	0.0000	0.0000	0.0000	0.0000	0.0000	0.0000	0.0000	0.0000	0.0000	0.0000	0.0000	0.0000	0.0000	0.0000	0.0000	0.0000	0.0279	0.0242	0.0037	0.0070	0.0065	0.0005	0.0209	0.0177	0.0032	0.1502	0.1042	0.0460	0.0959	0.0753	0.0206	0.0544	0.0290	0.0254	0.0000	0.0000	0.0000	0.0000	0.0000	0.0000	0.0000	0.0000	0.0000	0.0000	0.0000	0.0000	0.0000	0.0000	0.0000	0.0000	0.0000	0.0000											
21	68	0.1639	5	1	2	1	0	0	0	0	0	N	Y	N	N	N	N	N	N	N	N	N	N	0.0000	0.0000	0.0000	0.0000	0.0000	0.0000	0.0000	0.0000	0.0000	0.0000	0.0000	0.0000	0.0000	0.0000	0.0000	0.0000	0.0000	0.0000	0.0000	0.0000	4.9981	1.0000	32.5905	0.0000	0.0000	0.0000	0.0000	0.0000	0.0000	0.0000	0.0000	0.0000	0.0000	0.0000	0.0000	0.0000	0.0000	0.0000	0.0000	0.0000	0.0000	0.0000	0.0343	0.0290	0.0054	0.0011	0.0010	0.0001	0.0332	0.0280	0.0053	0.0498	0.0287	0.0211	0.0096	0.0077	0.0019	0.0401	0.0209	0.0192	0.0000	0.0000	0.0000	0.0000	0.0000	0.0000	0.0000	0.0000	0.0000	0.0000	0.0000	0.0000	0.0000	0.0000	0.0000	0.0000	0.0000	0.0000											
21	69	0.1475	4	1	2	1	0	0	0	0	0	N	Y	N	N	N	N	N	N	N	N	N	N	0.1883	0.1385	0.0000	3475.3210	17767.8280	0.0000	0.0000	0.0000	0.0000	0.4779	0.5634	0.0000	8.4014	8.6813	0.0000	0.0000	0.0000	0.0000	2.5382	4.0666	0.0968	0.0024	0.0005	0.0159	3.1429	5.6002	0.1022	0.0000	0.0149	-0.0078	-0.4495	4.9981	1.0155	32.5905	5.9708	0.0177	0.0177	0.0000	0.0177	0.0177	0.0000	0.0000	0.0000	0.0000	1.0131	0.9982	0.0149	0.0002	0.0000	0.0002	1.0129	0.9982	0.0147	0.0370	0.0314	0.0056	0.0021	0.0020	0.0001	0.0349	0.0294	0.0055	0.3991	0.2455	0.1537	0.0769	0.0672	0.0096	0.3223	0.1782	0.1440	0.1883	0.1385	0.0000	3475.3210	17767.8280	0.0000	0.0000	0.0000	0.0000	2.5382	4.0666	0.0968	0.0024	0.0005	0.0159	3.1429	5.6002	0.1022
21	70	0.1427	3	1	1	1	0	0	0	0	0	N	N	N	N	N	N	N	N	N	N	N	N	8.2081	101.7252	0.3368	76.4473	87.1189	3.0883	4.4252	171.6569	0.3224	8.8897	9.9198	1.1029	12.8617	12.8932	2.0460	7.0254	8.2427	1.0953	1.0830	0.0975	3.2744	0.1682	0.1480	0.6625	1.5876	0.0480	3.3978	0.0147	15.1010	-0.0138	0.1503	4.9981	0.0406	32.5905	2.3361	0.0324	0.0319	0.0005	0.0150	0.0150	0.0000	0.0174	0.0170	0.0005	0.3134	0.0195	0.2939	0.0173	0.0146	0.0027	0.2961	0.0048	0.2912	0.0036	0.0032	0.0004	0.0012	0.0012	0.0000	0.0025	0.0021	0.0004	0.2893	0.1996	0.0898	0.1029	0.0988	0.0040	0.1865	0.1008	0.0857	8.2081	101.7252	0.3368	76.4473	87.1189	3.0883	4.4252	171.6569	0.3224	1.0830	0.0975	3.2744	0.1682	0.1480	0.6625	1.5876	0.0480	3.3978
21	71	0.7722	10	1	2	1	0	0	0	0	0	N	Y	N	N	N	N	N	N	N	N	N	N	0.0000	0.0000	0.0000	0.0000	0.0000	0.0000	0.0000	0.0000	0.0000	0.0000	0.0000	0.0000	0.0000	0.0000	0.0000	0.0000	0.0000	0.0000	0.0000	0.0000	4.9981	0.0000	32.5905	0.0000	0.0000	0.0000	0.0000	0.0000	0.0000	0.0000	0.0000	0.0000	0.0000	0.0000	0.0000	0.0000	0.0000	0.0000	0.0000	0.0000	0.0000	0.0000	0.0000	0.0000	0.0000	0.0000	0.0000	0.0000	0.0000	0.0000	0.0000	0.0000	0.0000	0.0000	0.0000	0.0000	0.0000	0.0000	0.0000	0.0000	0.0000	0.0000	0.0000	0.0000	0.0000	0.0000	0.0000	0.0000	0.0000	0.0000	0.0000	0.0000	0.0000	0.0000	0.0000	0.0000	0.0000	0.0000											
21	72	0.7541	9	1	2	1	0	0	0	0	0	N	Y	N	N	N	N	N	N	N	N	N	N	0.0000	0.0000	0.0000	0.0000	0.0000	0.0000	0.0000	0.0000	0.0000	0.0000	0.0000	0.0000	0.0000	0.0000	0.0000	0.0000	0.0000	0.0010	0.0008	0.0013	0.0012	0.0010	0.0015	0.0004	0.0000	0.0009	0.6316	0.0000	-0.0000	4.9981	3.9057	32.5905	1.1104	0.0000	0.0000	0.0000	0.0000	0.0000	0.0000	0.0000	0.0000	0.0000	0.0003	0.0002	0.0001	0.0002	0.0002	0.0001	0.0000	0.0000	0.0000	0.1241	0.1079	0.0162	0.0347	0.0323	0.0024	0.0895	0.0756	0.0139	0.2692	0.1893	0.0799	0.1970	0.1508	0.0462	0.0722	0.0385	0.0336	0.0000	0.0000	0.0000	0.0000	0.0000	0.0000	0.0000	0.0000	0.0000	0.0010	0.0008	0.0013	0.0012	0.0010	0.0015	0.0004	0.0000	0.0009		
21	73	0.5514	7	1	2	0	0	0	0	0	0	N	Y	N	N	N	N	N	N	N	N	N	N	1.4333	2.5370	0.0000	73.2295	80.9839	0.0000	0.7029	0.9776	0.0000	2.1502	2.4623	0.0000	1.9039	2.1069	0.0000	2.3422	2.7569	0.0000	1.5002	0.9705	2.7173	0.0260	0.0260	0.0259	3.3322	2.8200	3.9059	0.0000	1.2184	-0.3650	0.1642	4.9981	6.9070	32.5905	16.5673	0.8275	0.8275	0.0000	0.3210	0.3210	0.0000	0.5066	0.5066	0.0000	1.8072	0.8147	0.9926	0.0174	0.0145	0.0029	1.7899	0.8002	0.9897	0.3848	0.3361	0.0488	0.1686	0.1523	0.0162	0.2163	0.1837	0.0325	1.2047	0.8394	0.3653	0.6675	0.5556	0.1119	0.5371	0.2838	0.2534	1.4333	2.5370	0.0000	73.2295	80.9839	0.0000	0.7029	0.9776	0.0000	1.5002	0.9705	2.7173	0.0260	0.0260	0.0259	3.3322	2.8200	3.9059
21	74	0.6152	9	0	2	0	1	0	0	0	0	N	Y	N	N	N	N	N	N	N	N	N	N	0.0000	0.0000	0.0000	0.0001	0.0001	0.0000	0.0000	0.0000	0.0000	0.0000	0.0001	0.0000	0.0002	0.0002	0.0000	0.0000	0.0000	0.0000	1.8253	2.6152	0.0007	3.0035	3.6642	0.0015	0.0082	0.0158	0.0002	0.0000	0.0001	-0.0000	-0.9449	4.9981	6.4226	32.5905	19.3377	0.0000	0.0000	0.0000	0.0000	0.0000	0.0000	0.0000	0.0000	0.0000	2.0619	2.0617	0.0002	2.0583	2.0581	0.0002	0.0036	0.0036	0.0001	0.2207	0.1900	0.0307	0.0540	0.0504	0.0036	0.1667	0.1396	0.0271	1.1296	0.7884	0.3413	0.6853	0.5617	0.1236	0.4443	0.2267	0.2176	0.0000	0.0000	0.0000	0.0001	0.0001	0.0000	0.0000	0.0000	0.0000	1.8253	2.6152	0.0007	3.0035	3.6642	0.0015	0.0082	0.0158	0.0002
21	75	0.5700	8	0	1	0	1	0	0	0	0	N	N	N	N	N	N	N	N	N	N	N	N	0.0002	0.0002	0.0000	0.0004	0.0004	0.0000	0.0000	0.0000	0.0000	0.0002	0.0002	0.0000	0.0006	0.0007	0.0000	0.0000	0.0000	0.0000	1.0287	1.3722	0.1790	1.6532	1.8607	0.5111	0.2256	0.3871	0.0363	0.0000	0.0527	-0.0000	-0.6288	4.9981	5.1932	32.5905	17.4397	0.0000	0.0000	0.0000	0.0000	0.0000	0.0000	0.0000	0.0000	0.0000	1.5401	1.4629	0.0771	1.3923	1.3261	0.0662	0.1477	0.1368	0.0109	0.2143	0.1881	0.0262	0.0618	0.0590	0.0028	0.1525	0.1291	0.0234	1.4971	1.0661	0.4309	0.8422	0.7127	0.1295	0.6548	0.3534	0.3015	0.0002	0.0002	0.0000	0.0004	0.0004	0.0000	0.0000	0.0000	0.0000	1.0287	1.3722	0.1790	1.6532	1.8607	0.5111	0.2256	0.3871	0.0363
21	76	0.5331	7	0	1	0	0	0	0	0	0	N	N	N	N	N	N	N	N	N	N	N	N	0.0248	0.0212	0.0056	0.0543	0.0487	0.0000	0.0011	0.0006	0.0070	0.0171	0.0196	0.0004	0.0561	0.0589	0.0000	0.0002	0.0002	0.0005	0.6889	0.9230	0.0725	1.0338	1.2090	0.0871	0.2103	0.3243	0.0654	0.0031	0.0298	-0.0014	-0.5188	4.9981	4.4918	32.5905	17.5337	0.0033	0.0033	0.0000	0.0032	0.0032	0.0000	0.0000	0.0000	0.0000	1.2083	1.1733	0.0350	1.0539	1.0400	0.0139	0.1544	0.1333	0.0211	0.1912	0.1666	0.0246	0.0577	0.0550	0.0027	0.1334	0.1116	0.0218	1.7539	1.2712	0.4827	1.0194	0.8602	0.1592	0.7345	0.4110	0.3235	0.0248	0.0212	0.0056	0.0543	0.0487	0.0000	0.0011	0.0006	0.0070	0.6889	0.9230	0.0725	1.0338	1.2090	0.0871	0.2103	0.3243	0.0654
21	77	0.2622	6	0	1	0	1	0	0	0	0	N	N	N	N	N	N	N	N	N	N	N	N	0.0000	0.0000	0.0000	0.0000	0.0000	0.0000	0.0000	0.0000	0.0000	0.0000	0.0000	0.0000	0.0000	0.0000	0.0000	0.0000	0.0000	0.0000	1.2694	1.9116	0.0008	3.0853	3.6553	0.0028	0.0467	0.0857	0.0004	0.0002	0.0000	-0.4615	4.9981	0.3745	32.5905	14.7996	0.0000	0.0000	0.0000	0.0000	0.0000	0.0000	0.0000	0.0000	0.0000	1.0073	1.0071	0.0002	0.9852	0.9850	0.0001	0.0221	0.0220	0.0001	0.0168	0.0149	0.0019	0.0038	0.0037	0.0001	0.0130	0.0112	0.0018	0.7936	0.5268	0.2667	0.3193	0.2695	0.0498	0.4742	0.2574	0.2169	0.0000	0.0000	0.0000	0.0000	0.0000	0.0000	0.0000	0.0000	0.0000	1.2694	1.9116	0.0008	3.0853	3.6553	0.0028	0.0467	0.0857	0.0004	
21	78	0.2399	5	0	1	0	1	0	0	0	0	N	N	N	N	N	N	N	N	N	N	N	N	0.0000	0.0000	0.0000	0.0000	0.0000	0.0000	0.0000	0.0000	0.0000	0.0000	0.0000	0.0000	0.0000	0.0000	0.0000	0.0000	0.0000	0.0000	1.3543	2.0282	0.0167	0.1393	0.1561	0.0542	2.2047	4.0329	0.0072	0.0042	0.0000	-0.4536	4.9981	1.4595	32.5905	10.3922	0.0000	0.0000	0.0000	0.0000	0.0000	0.0000	0.0000	0.0000	0.0000	0.9986	0.9945	0.0041	0.0423	0.0396	0.0027	0.9564	0.9549	0.0014	0.0536	0.0462	0.0074	0.0077	0.0073	0.0004	0.0459	0.0389	0.0070	0.7374	0.4903	0.2470	0.3036	0.2535	0.0500	0.4338	0.2368	0.1970	0.0000	0.0000	0.0000	0.0000	0.0000	0.0000	0.0000	0.0000	0.0000	1.3543	2.0282	0.0167	0.1393	0.1561	0.0542	2.2047	4.0329	0.0072	
21	79	0.2257	4	0	1	0	1	0	0	0	0	N	N	N	N	N	N	N	N	N	N	N	N	0.0000	0.0000	0.0000	0.0000	0.0000	0.0000	0.0000	0.0000	0.0000	0.0000	0.0000	0.0000	0.0000	0.0000	0.0000	0.0000	0.0000	0.0000	0.2010	0.2282	0.1451	0.2218	0.2301	0.1759	0.1848	0.2258	0.1373	0.3096	0.0000	-0.0254	4.9981	1.3861	32.5905	6.3168	0.0000	0.0000	0.0000	0.0000	0.0000	0.0000	0.0000	0.0000	0.0000	0.1144	0.0874	0.0271	0.0552	0.0485	0.0067	0.0593	0.0389	0.0204	0.0470	0.0400	0.0070	0.0053	0.0049	0.0004	0.0417	0.0351	0.0066	0.5693	0.3829	0.1864	0.2487	0.2107	0.0380	0.3206	0.1722	0.1484	0.0000	0.0000	0.0000	0.0000	0.0000	0.0000	0.0000	0.0000	0.0000	0.2010	0.2282	0.1451	0.2218	0.2301	0.1759	0.1848	0.2258	0.1373	
21	80	0.1663	3	0	1	0	1	0	0	0	0	N	N	N	N	N	N	N	N	N	N	N	N	0.0000	0.0000	0.0000	0.0000	0.0000	0.0000	0.0000	0.0000	0.0000	0.0000	0.0000	0.0000	0.0000	0.0000	0.0000	0.0000	0.0000	0.0000	3.1121	3.2609	2.8922	5.1170	6.2679	0.0177	2.6120	2.0952	3.1913	0.6002	0.0000	-0.3029	4.9981	4.0043	32.5905	19.8631	0.0000	0.0000	0.0000	0.0000	0.0000	0.0000	0.0000	0.0000	0.0000	3.6373	2.2730	1.3643	1.2703	1.2695	0.0008	2.3670	1.0034	1.3635	0.1259	0.1066	0.0193	0.0058	0.0054	0.0004	0.1201	0.1012	0.0189	1.1688	0.6971	0.4717	0.2626	0.2181	0.0444	0.9062	0.4789	0.4273	0.0000	0.0000	0.0000	0.0000	0.0000	0.0000	0.0000	0.0000	0.0000	3.1121	3.2609	2.8922	4.8379	5.8201	0.0177	2.6120	2.0952	3.1913	
21	81	0.7068	9	0	2	1	0	0	0	0	0	N	Y	N	N	N	N	N	N	N	N	N	N	0.0000	0.0000	0.0000	0.0000	0.0000	0.0000	0.0000	0.0000	0.0000	0.0000	0.0000	0.0000	0.0000	0.0000	0.0000	0.0000	0.0000	0.0000	9.3797	5.3265	20.9129	0.1241	0.1536	0.0054	18.4444	17.9799	40.2409	0.9821	0.0000	0.0745	4.9981	2.0162	32.5905	4.5500	0.0000	0.0000	0.0000	0.0000	0.0000	0.0000	0.0000	0.0000	0.0000	2.0072	1.0127	0.9945	0.0230	0.0228	0.0002	1.9842	0.9899	0.9943	0.0775	0.0678	0.0098	0.0322	0.0300	0.0022	0.0454	0.0378	0.0076	0.2937	0.2032	0.0905	0.1849	0.1481	0.0367	0.1088	0.0551	0.0537	0.0000	0.0000	0.0000	0.0000	0.0000	0.0000	0.0000	0.0000	0.0000	6.8351	4.9837	10.9937	0.1241	0.1536	0.0054	18.2375	17.9799	18.5013	
21	82	0.1264	3	0	2	1	0	0	0	0	0	N	Y	N	N	N	N	N	N	N	N	N	N	0.0793	0.1033	0.0000	3.2697	3.3837	0.0000	0.0000	0.0000	0.0128	0.0151	0.0000	1.2819	1.3646	0.0000	0.0000	0.0000	0.0000	0.1610	0.1466	0.1814	0.3921	0.4033	0.0511	0.0960	0.0000	0.1836	0.0000	0.8781	-0.0006	0.0008	4.9981	3.0011	32.5905	3.7015	0.0013	0.0013	0.0000	0.0013	0.0013	0.0000	0.0000	0.0000	0.0000	0.0832	0.0443	0.0389	0.0445	0.0443	0.0002	0.0387	0.0000	0.0387	0.1034	0.0872	0.0162	0.0010	0.0010	0.0001	0.1023	0.0862	0.0161	0.5167	0.3023	0.2145	0.1135	0.1099	0.0036	0.4033	0.1924	0.2109	0.0793	0.1033	0.0000	3.2697	3.3837	0.0000	0.0000	0.0000	0.0000	0.1610	0.1466	0.1814	0.3921	0.4033	0.0511	0.0960	0.0000	0.1836	
21	83	0.1149	2	0	2	0	0	0	0	0	0	N	Y	N	N	N	N	N	N	N	N	N	N	0.0133	0.0017	0.0345	0.0989	0.1045	0.0000	0.0098	0.0000	0.0343	0.0205	0.0002	0.1298	0.0210	0.0221	0.0000	0.0205	0.0000	0.1301	1.5406	0.1026	3.7689	0.2126	0.2117	0.2934	2.1009	0.0005	3.7967	142.1892	23.7156	0.0008	0.5400	4.9981	2.0032	32.5905	4.2039	0.0014	0.0000	0.0014	0.0000	0.0000	0.0000	0.0014	0.0000	0.0014	1.0774	0.0436	1.0339	0.0441	0.0435	0.0006	1.0333	0.0001	1.0332	0.0697	0.0588	0.0109	0.0005	0.0005	0.0000	0.0692	0.0583	0.0109	0.6994	0.4251	0.2743	0.2075	0.2054	0.0022	0.4919	0.2197	0.2721	0.0133	0.0017	0.0345	0.0989	0.1045	0.0000	0.0098	0.0000	0.0343	1.5406	0.1026	3.7689	0.2126	0.2117	0.2934	2.1009	0.0005	3.7967
21	84	0.1117	2	1	1	1	0	0	0	0	0	N	N	N	N	N	N	N	N	N	N	N	N	2.2823	0.0028	922.5590	0.0891	0.0229	1602.5650	20.0455	0.0000	920.6969	0.1565	0.0003	0.9990	0.0435	0.0116	0.5391	0.1595	0.0000	1.0037	0.0686	0.1198	0.0011	0.4885	0.5051	0.0003	0.0080	0.0145	0.0011	558.0771	0.0069	0.0031	-0.0109	4.9981	1.0052	32.5905	4.9545	0.0056	0.0000	0.0056	0.0000	0.0000	0.0000	0.0055	0.0000	0.0055	0.0242	0.0240	0.0002	0.0218	0.0218	0.0000	0.0025	0.0023	0.0002	0.0356	0.0301	0.0056	0.0009	0.0009	0.0001	0.0347	0.0292	0.0055	0.3529	0.2008	0.1522	0.0445	0.0431	0.0015	0.3084	0.1577	0.1507	2.2823	0.0028	922.5590	0.0891	0.0229	1602.5650	20.0455	0.0000	920.6969	0.0686	0.1198	0.0011	0.4885	0.5051	0.0003	0.0080	0.0145	0.0011
21	86	0.2602	4	1	2	0	0	0	0	0	0	N	Y	N	N	N	N	N	N	N	N	N	N	0.0023	0.3272	0.0000	1.0046	0.9853	0.0000	0.0000	0.0000	0.0000	0.0021	0.0025	0.0000	0.0149	0.0154	0.0000	0.0000	0.0000	0.0000	0.9266	0.0077	3.0591	0.0149	0.0156	0.0105	1.5478	0.0000	3.7993	0.0000	170.4289	-0.0002	0.5229	4.9981	5.8060	32.5905	6.1034	0.0005	0.0005	0.0000	0.0005	0.0005	0.0000	0.0000	0.0000	0.0000	0.9759	0.0057	0.9702	0.0063	0.0057	0.0006	0.9695	0.0000	0.9695	0.2336	0.1972	0.0364	0.0334	0.0325	0.0010	0.2002	0.1647	0.0354	1.0532	0.7361	0.3171	0.4268	0.3649	0.0620	0.6264	0.3712	0.2552	0.0023	0.3272	0.0000	1.0046	0.9853	0.0000	0.0000	0.0000	0.0000	0.9266	0.0077	3.0591	0.0149	0.0156	0.0105	1.5478	0.0000	3.7993
21	87	0.1663	3	1	2	0	0	0	0	0	0	N	Y	N	N	N	N	N	N	N	N	N	N	0.0021	0.0009	0.0112	0.0000	0.0000	0.0000	0.0034	0.0020	0.0106	0.0042	0.0023	0.0149	0.0000	0.0000	0.0000	0.0044	0.0024	0.0153	1.9513	2.3761	1.3327	4.4337	5.3063	0.3105	1.2882	1.1589	1.4343	1.1831	0.3851	0.0002	-0.5421	4.9981	12.2869	32.5905	21.7146	0.0016	0.0007	0.0008	0.0000	0.0000	0.0000	0.0016	0.0007	0.0008	3.0057	2.1700	0.8356	1.4398	1.4222	0.0176	1.5658	0.7478	0.8180	0.3715	0.3152	0.0563	0.0168	0.0156	0.0013	0.3546	0.2996	0.0550	1.5403	0.9133	0.6270	0.3248	0.2680	0.0567	1.2156	0.6452	0.5703	0.0021	0.0009	0.0112	0.0000	0.0000	0.0000	0.0034	0.0020	0.0106	1.9513	2.3761	1.3327	4.4337	5.3063	0.3105	1.2882	1.1589	1.4343
21	88	0.1149	2	0	2	0	0	0	0	0	0	N	Y	N	N	N	N	N	N	N	N	N	N	0.0022	0.0002	0.0597	0.0074	0.0077	0.0000	0.0183	0.0597	0.0008	0.0001	0.0046	0.0117	0.0124	0.0000	0.0007	0.0000	0.0047	0.3695	0.5703	0.0778	1.5758	1.6056	0.0711	0.0400	0.0000	0.0778	10.0000	0.0938	0.0001	-0.1396	4.9981	4.0005	32.5905	9.0093	0.0001	0.0000	0.0001	0.0000	0.0000	0.0000	0.0001	0.0000	0.0001	0.3746	0.3425	0.0321	0.3428	0.3425	0.0003	0.0318	0.0000	0.0318	0.1376	0.1161	0.0215	0.0009	0.0008	0.0000	0.1368	0.1153	0.0215	1.0139	0.6006	0.4132	0.2175	0.2133	0.0042	0.7963	0.3873	0.4090	0.0022	0.0002	0.0597	0.0074	0.0077	0.0000	0.0183	0.0000	0.0597	0.3695	0.5703	0.0778	1.5758	1.6056	0.0711	0.0400	0.0000	0.0778	
21	90	0.2886	5	0	1	1	0	0	0	0	0	N	N	N	N	N	N	N	N	N	N	N	N	0.0435	0.0000	1.3524	0.0172	0.0000	0.1066	0.0354	0.0000	1.5557	0.0499	0.0000	0.3598	0.0021	0.0000	0.0248	0.0678	0.0000	0.4254	1.1490	1.5403	0.2661	0.1202	0.1037	0.2322	1.9136	3.2008	0.2735	inf	0.0766	0.0025	-0.2523	4.9981	2.3559	32.5905	7.1930	0.0044	0.0000	0.0044	0.0001	0.0000	0.0001	0.0044	0.0000	0.0044	0.6516	0.6053	0.0463	0.0291	0.0218	0.0072	0.6225	0.5834	0.0391	0.0889	0.0766	0.0123	0.0242	0.0221	0.0020	0.0648	0.0545	0.0103	0.5671	0.3930	0.1742	0.2418	0.2107	0.0311	0.3253	0.1823	0.1430	0.0435	0.0000	1.3524	0.0172	0.0000	0.1066	0.0354	0.0000	1.5557	1.1490	1.5403	0.2661	0.1202	0.1037	0.2322	1.9136	3.2008	0.2735
21	91	0.2558	4	0	1	0	0	0	0	0	0	N	N	N	N	N	N	N	N	N	N	N	N	3.6016	0.0016	28.0804	0.0376	0.0071	0.5315	3.9383	0.0001	31.3392	6.7546	0.0030	54.8914	0.0500	0.0087	1.1018	9.5293	0.0003	60.2080	1.8754	1.8439	1.9548	1.3303	1.2230	2.0730	2.4196	2.8159	1.9212	2585.6162	0.4218	1.0055	-0.4793	4.9981	4.9284	32.5905	11.0439	1.8004	0.0007	1.7997	0.0039	0.0007	0.0032	1.7965	0.0000	1.7964	2.9644	2.0849	0.8795	1.0504	0.8439	0.2065	1.9140	1.2410	0.6730	0.2665	0.2338	0.0328	0.0780	0.0751	0.0029	0.1885	0.1587	0.0298	1.5807	1.1307	0.4499	0.7896	0.6900	0.0996	0.7910	0.4407	0.3503	3.6016	0.0016	28.0804	0.0376	0.0071	0.5315	3.9383	0.0001	31.3392	1.8754	1.8439	1.9548	1.3303	1.2230	2.0730	2.4196	2.8159	1.9212
21	92	0.1663	3	0	1	0	0	0	0	0	0	N	N	N	N	N	N	N	N	N	N	N	N	0.4410	0.0065	4.8368	0.0000	0.0000	0.0000	0.5123	0.0079	4.5035	1.6215	0.0314	10.3842	0.0000	0.0000	0.0000	1.6999	0.0330	10.6173	3.6769	4.7928	2.1469	5.5384	7.2504	0.0357	3.3178	4.1672	2.3575	60.0948	0.3116	0.1084	-1.2253	4.9981	3.9161	32.5905	29.2065	0.1998	0.0033	0.1965	0.0000	0.0000	0.0000	0.1998	0.0033	0.1965	5.5495	4.2311	1.3184	1.6023	1.6003	0.0020	3.9473	2.6308	1.3164	0.1232	0.1043	0.0189	0.0057	0.0053	0.0004	0.1175	0.0990	0.0185	1.5093	0.8952	0.6141	0.3196	0.2639	0.0557	1.1897	0.6313	0.5584	0.4410	0.0066	4.8368	0.0000	0.0000	0.0000	0.5123	0.0079	4.5035	3.6769	4.7263	2.1469	5.0134	6.0641	0.0357	3.3178	4.1672	2.3575
21	93	0.7068	9	1	2	0	0	0	0	0	0	N	Y	N	N	N	N	N	N	N	N	N	N	0.0015	0.0570	0.0000	0.1114	0.0962	0.0000	0.0000	0.0000	0.0000	0.0038	0.0043	0.0000	0.0093	0.0100	0.0000	0.0000	0.0000	0.0000	2.5215	0.0759	10.7625	0.0831	0.1034	0.0067	6.6738	0.0046	26.1195	0.0000	47.1496	-0.0002	0.5202	4.9981	2.5103	32.5905	7.4742	0.0003	0.0003	0.0000	0.0003	0.0003	0.0000	0.0000	0.0000	0.0000	0.9987	0.0207	0.9779	0.0207	0.0204	0.0004	0.9779	0.0004	0.9776	0.0923	0.0807	0.0116	0.0377	0.0351	0.0026	0.0545	0.0455	0.0090	0.3961	0.2731	0.1230	0.2495	0.1971	0.0524	0.1465	0.0760	0.0706	0.0015	0.0570	0.0000	0.1114	0.0962	0.0000	0.0000	0.0000	0.0000	2.5215	0.0759	7.9529	0.0831	0.1034	0.0067	6.6738	0.0046	13.8544
21	94	0.6706	8	0	2	0	0	0	0	0	0	N	Y	N	N	N	N	N	N	N	N	N	N	0.0132	0.0339	0.0000	0.1776	0.2929	0.0000	0.0000	0.0000	0.0000	0.0012	0.0014	0.0000	0.0032	0.0034	0.0000	0.0000	0.0000	0.0000	0.0905	0.0400	0.2090	0.0179	0.0115	0.0416	0.2330	0.1229	0.3582	0.0000	2.2275	-0.0002	0.0105	4.9981	7.1305	32.5905	3.2426	0.0003	0.0003	0.0000	0.0003	0.0003	0.0000	0.0000	0.0000	0.0000	0.0453	0.0140	0.0313	0.0059	0.0030	0.0029	0.0394	0.0111	0.0284	0.2923	0.2580	0.0342	0.1101	0.1041	0.0060	0.1821	0.1540	0.0282	0.5011	0.3514	0.1497	0.3320	0.2615	0.0706	0.1691	0.0899	0.0792	0.0132	0.0339	0.0000	0.1776	0.2929	0.0000	0.0000	0.0000	0.0000	0.0905	0.0400	0.2090	0.0179	0.0115	0.0416	0.2330	0.1229	0.3582
21	96	0.1663	3	0	1	0	0	0	0	0	0	N	N	N	N	N	N	N	N	N	N	N	N	0.0000	0.0000	0.0000	0.0000	0.0000	0.0000	0.0000	0.0000	0.0000	0.0000	0.0000	0.0000	0.0000	0.0000	0.0000	0.0000	0.0000	4.5283	6.9139	1.7242	36.5999	42.9024	0.0000	1.7830	1.6815	1.8976	0.2032	0.0000	-1.7138	4.9981	11.9964	32.5905	18.8414	0.0000	0.0000	0.0000	0.0000	0.0000	0.0000	0.0000	0.0000	0.0000	5.9206	4.9206	1.0000	3.9206	3.9206	0.0000	2.0000	1.0000	1.0000	0.3632	0.3081	0.0551	0.0165	0.0152	0.0012	0.3467	0.2929	0.0538	1.4277	0.8477	0.5800	0.3060	0.2530	0.0530	1.1217	0.5947	0.5270	0.0000	0.0000	0.0000	0.0000	0.0000	0.0000	0.0000	0.0000	0.0000	4.1470	5.8047	1.7242	12.8126	15.4980	0.0000	1.7830	1.6815	1.8976		
21	98	0.1229	3	1	2	1	0	0	0	0	0	N	Y	N	N	N	N	N	N	N	N	N	N	9.6432	15.7135	0.0000	12.9200	14.8366	0.0000	0.0000	0.0000	0.0000	24.1494	28.2069	0.0000	189.4373	196.9134	0.0000	0.0000	0.0000	0.0000	2.5043	1.7951	3.4826	14.6623	13.2721	0.0025	1.6908	0.0000	3.5605	0.0000	1.4064	-0.4186	0.2772	4.9981	0.9502	32.5905	16.1595	0.9490	0.9490	0.0000	0.9490	0.9490	0.0000	0.0000	0.0000	0.0000	2.1983	0.9135	1.2848	0.9135	0.9135	0.0000	1.2848	0.0000	1.2848	0.0393	0.0336	0.0057	0.0050	0.0048	0.0002	0.0343	0.0288	0.0055	0.8778	0.5089	0.3689	0.1179	0.1099	0.0081	0.7599	0.3990	0.3608	9.6432	15.7135	0.0000	24.4555	23.6814	0.0000	0.0000	0.0000	0.0000	2.5043	1.7951	3.4826	7.7462	8.3151	0.0025	1.6908	0.0000	3.5605
21	99	0.1663	3	0	2	0	0	0	0	0	0	N	Y	N	N	N	N	N	N	N	N	N	N	0.0000	0.0000	0.0000	0.0000	0.0000	0.0000	0.0000	0.0000	0.0000	0.0000	0.0000	0.0000	0.0000	0.0000	0.0000	0.0000	0.0000	0.0000	2.0392	2.5646	1.2680	3.5517	4.2132	0.3589	1.6163	1.8434	1.3607	0.3368	0.0000	-0.5518	4.9981	11.9964	32.5905	15.6499	0.0000	0.0000	0.0000	0.0000	0.0000	0.0000	0.0000	0.0000	0.0000	2.6734	1.9998	0.6736	1.0175	0.9998	0.0176	1.6559	1.0000	0.6559	0.3632	0.3081	0.0551	0.0165	0.0152	0.0012	0.3467	0.2929	0.0538	1.3110	0.7798	0.5312	0.2865	0.2373	0.0492	1.0245	0.5425	0.4820	0.0000	0.0000	0.0000	0.0000	0.0000	0.0000	0.0000	0.0000	0.0000	2.0392	2.5646	1.2680	3.5517	4.2132	0.3589	1.6163	1.8434	1.3607	
21	100	0.1258	4	1	1	1	0	0	0	0	0	N	N	N	N	N	N	N	N	N	N	N	N	0.0027	0.0062	0.0000	0.0536	0.0542	0.0000	0.0034	0.0053	0.0000	0.0251	0.0297	0.0000	0.0086	0.0094	0.0000	0.0263	0.0312	0.0000	9.1747	4.7755	14.9430	0.1599	0.1734	0.0027	7.6335	5.8584	11.8154	0.0000	1.4720	-0.0004	0.6893	4.9981	1.0008	32.5905	13.9255	0.0009	0.0009	0.0000	0.0000	0.0000	0.0000	0.0009	0.0009	0.0000	5.0276	2.0338	2.9938	0.0149	0.0149	0.0000	5.0127	2.0189	2.9937	0.0354	0.0300	0.0055	0.0023	0.0021	0.0002	0.0331	0.0278	0.0053	0.7500	0.4306	0.3194	0.0933	0.0859	0.0074	0.6567	0.3446	0.3120	0.0037	0.0063	0.0000	0.0536	0.0542	0.0000	0.0034	0.0053	0.0000	6.7036	4.7237	9.3724	0.1599	0.1734	0.0027	7.6335	5.8584	9.5939
21	101	0.1229	3	1	1	1	0	0	0	0	0	N	N	N	N	N	N	N	N	N	N	N	N	11.7106	8.8948	0.2356	0.7033	0.6800	196.5187	16.9685	10.6718	0.0120	6.7144	7.4615	0.0258	0.2977	0.2926	1.5646	10.8813	13.0019	0.0013	0.5734	0.8389	0.1095	0.4233	0.4304	0.0080	0.6413	1.2183	0.1109	0.0004	0.0747	-0.0228	-0.0494	4.9981	0.0532	32.5905	2.0467	0.0518	0.0518	0.0000	0.0009	0.0009	0.0000	0.0509	0.0509	0.0000	0.1270	0.1181	0.0088	0.0292	0.0292	0.0000	0.0978	0.0889	0.0088	0.0077	0.0069	0.0008	0.0030	0.0030	0.0000	0.0047	0.0039	0.0008	0.2214	0.1408	0.0806	0.0690	0.0678	0.0012	0.1524	0.0730	0.0794	11.7106	8.8948	0.2356	0.7033	0.6800	196.5187	16.9685	10.6718	0.0120	0.5734	0.8389	0.1095	0.4233	0.4304	0.0080	0.6413	1.2183	0.1109
21	102	0.1132	2	1	1	1	0	0	0	0	0	N	N	N	N	N	N	N	N	N	N	N	N	2.2558	1.8333	0.4300	5.5024	5.7264	1.3466	1.8081	1.3923	0.4136	1.2378	1.4422	0.0710	6.5419	6.9085	0.1417	0.6907	0.8082	0.0685	0.5487	0.7866	0.1650	1.1889	1.2064	0.1052	0.3820	0.5805	0.1655	0.0086	0.1300	-0.0425	-0.0699	4.9981	2.0948	32.5905	3.0326	0.0982	0.0973	0.0008	0.0485	0.0485	0.0001	0.0497	0.0489	0.0008	0.2037	0.1803	0.0234	0.0912	0.0911	0.0001	0.1125	0.0892	0.0233	0.0793	0.0675	0.0118	0.0074	0.0070	0.0004	0.0719	0.0605	0.0114	0.3713	0.2292	0.1421	0.0767	0.0755	0.0012	0.2946	0.1537	0.1409	2.2558	1.8333	0.4300	5.5024	5.7264	1.3466	1.8081	1.3923	0.4136	0.5487	0.7866	0.1650	1.1889	1.2064	0.1052	0.3820	0.5805	0.1655
21	104	0.1986	4	0	2	0	0	0	0	0	0	N	Y	N	N	N	N	N	N	N	N	N	N	1.3382	1.2854	0.0000	75.8104	72.3132	0.0000	0.0000	0.0000	0.0000	2.7866	3.2563	0.0000	12.5017	13.7063	0.0000	0.0000	0.0000	0.0000	2.0824	2.5333	1.3861	0.1649	0.1895	0.0384	2.6977	3.7142	1.5371	0.0000	0.3543	-0.4401	-0.7533	4.9981	8.9557	32.5905	32.3127	0.9977	0.9977	0.0000	0.9977	0.9977	0.0000	0.0000	0.0000	0.0000	3.8289	2.8271	1.0018	0.0737	0.0709	0.0028	3.7552	2.7563	0.9990	0.3580	0.3064	0.0516	0.0798	0.0728	0.0070	0.2782	0.2336	0.0446	1.8387	1.1160	0.7227	0.4467	0.3739	0.0728	1.3920	0.7421	0.6499	1.3382	1.2854	0.0000	75.8104	72.3132	0.0000	0.0000	0.0000	0.0000	2.0824	2.5333	1.3861	0.1649	0.1895	0.0384	2.6977	3.7142	1.5371
21	105	0.2240	5	0	1	1	0	0	0	0	0	N	N	N	N	N	N	N	N	N	N	N	N	0.0000	0.0000	0.0000	0.0000	0.0000	0.0000	0.0000	0.0000	0.0000	0.0000	0.0000	0.0000	0.0000	0.0000	0.0000	0.0000	0.0000	0.0000	2.3311	1.1381	4.2093	0.0077	0.0088	0.0021	3.2049	1.8099	4.7633	2.3492	0.0000	0.3466	4.9981	4.2679	32.5905	7.8415	0.0000	0.0000	0.0000	0.0000	0.0000	0.0000	0.0000	0.0000	0.0000	1.4259	0.4257	1.0002	0.0013	0.0012	0.0001	1.4246	0.4245	1.0001	0.1630	0.1371	0.0259	0.0225	0.0213	0.0012	0.1405	0.1158	0.0247	0.6117	0.3741	0.2376	0.1672	0.1395	0.0276	0.4445	0.2346	0.2100	0.0000	0.0000	0.0000	0.0000	0.0000	0.0000	0.0000	0.0000	0.0000	2.3311	1.1381	4.2093	0.0077	0.0088	0.0021	3.2049	1.8099	4.7633	
21	106	0.1986	4	0	1	0	0	0	0	0	0	N	N	N	N	N	N	N	N	N	N	N	N	0.0020	0.0016	0.0000	0.0004	0.0004	0.0000	0.0033	0.0025	0.0000	0.0027	0.0030	0.0000	0.0005	0.0005	0.0000	0.0047	0.0057	0.0000	1.3461	1.8549	0.4515	1.1111	1.2459	0.1659	1.4547	2.3222	0.4864	0.0000	0.1385	-0.0002	-0.3206	4.9981	1.9301	32.5905	9.0954	0.0003	0.0003	0.0000	0.0000	0.0000	0.0000	0.0003	0.0003	0.0000	0.9521	0.8363	0.1158	0.2485	0.2439	0.0046	0.7036	0.5924	0.1112	0.1317	0.1146	0.0171	0.0644	0.0586	0.0058	0.0673	0.0560	0.0113	0.7073	0.4509	0.2565	0.2237	0.1957	0.0279	0.4837	0.2551	0.2285	0.0020	0.0016	0.0000	0.0004	0.0004	0.0000	0.0033	0.0025	0.0000	1.3461	1.8549	0.4515	1.1111	1.2459	0.1659	1.4547	2.3222	0.4864
21	107	0.1663	3	0	1	0	0	0	0	0	0	N	N	N	N	N	N	N	N	N	N	N	N	0.0000	0.0000	0.0000	0.0000	0.0000	0.0000	0.0000	0.0000	0.0000	0.0000	0.0000	0.0000	0.0000	0.0000	0.0000	0.0000	0.0000	0.0000	1.8980	2.3727	1.1714	0.4729	0.4542	0.5720	2.3853	3.4253	1.2398	0.3225	0.0000	-0.3074	4.9981	3.9049	32.5905	9.6098	0.0000	0.0000	0.0000	0.0000	0.0000	0.0000	0.0000	0.0000	0.0000	1.4332	1.0837	0.3495	0.0910	0.0735	0.0175	1.3422	1.0102	0.3320	0.1229	0.1040	0.0189	0.0057	0.0053	0.0004	0.1172	0.0987	0.0185	0.7551	0.4567	0.2984	0.1924	0.1618	0.0306	0.5627	0.2949	0.2678	0.0000	0.0000	0.0000	0.0000	0.0000	0.0000	0.0000	0.0000	0.0000	1.8980	2.3727	1.1714	0.4729	0.4542	0.5720	2.3853	3.4253	1.2398	
21	108	0.1875	5	0	2	0	0	0	0	0	0	N	Y	N	N	N	N	N	N	N	N	N	N	0.0094	0.0000	0.0542	0.0000	0.0000	0.0000	0.0077	0.0000	0.0499	0.0115	0.0000	0.0767	0.0000	0.0000	0.0000	0.0128	0.0000	0.0805	1.2277	1.1096	1.4150	0.0301	0.0351	0.0067	1.6712	1.7203	1.6146	inf	0.8037	0.0017	-0.0233	4.9981	8.0392	32.5905	22.6195	0.0031	0.0000	0.0031	0.0000	0.0000	0.0000	0.0031	0.0000	0.0031	1.8281	1.0135	0.8146	0.0121	0.0116	0.0005	1.8160	1.0019	0.8141	0.2706	0.2300	0.0406	0.0285	0.0265	0.0020	0.2421	0.2035	0.0386	1.4891	0.9134	0.5757	0.4024	0.3310	0.0714	1.0866	0.5824	0.5042	0.0094	0.0000	0.0542	0.0000	0.0000	0.0000	0.0077	0.0000	0.0499	1.2277	1.1096	1.4150	0.0301	0.0351	0.0067	1.6712	1.7203	1.6146
21	109	0.1875	4	0	1	0	0	0	0	0	0	N	N	N	N	N	N	N	N	N	N	N	N	0.3463	0.3060	0.5343	0.4267	0.4214	0.0000	0.3112	0.0000	0.5027	0.3646	0.2183	1.1052	0.5428	0.5479	0.0000	0.2745	0.0000	1.1268	1.0529	0.7134	2.0684	1.2720	1.3002	0.9238	0.8818	0.0215	2.2413	1.0000	0.9691	0.0004	0.0125	4.9981	0.2031	32.5905	2.0398	0.0062	0.0031	0.0031	0.0031	0.0031	0.0000	0.0031	0.0000	0.0031	0.3696	0.1877	0.1819	0.1958	0.1851	0.0107	0.1738	0.0026	0.1712	0.0170	0.0142	0.0028	0.0057	0.0057	0.0001	0.0113	0.0085	0.0028	0.3511	0.2631	0.0879	0.1539	0.1424	0.0115	0.1971	0.1207	0.0764	0.3463	0.3060	0.5343	0.4267	0.4214	0.0000	0.3112	0.0000	0.5027	1.0529	0.7134	2.0684	1.2720	1.3002	0.9238	0.8818	0.0215	2.2413
21	110	0.7680	10	1	1	1	0	0	0	0	0	N	N	N	N	N	N	N	N	N	N	N	N	0.0000	0.0000	0.0000	0.0000	0.0000	0.0000	0.0000	0.0000	0.0000	0.0000	0.0000	0.0000	0.0000	0.0000	0.0000	0.0000	0.0000	0.0000	0.0000	0.0000	4.9981	0.0001	32.5905	0.0001	0.0000	0.0000	0.0000	0.0000	0.0000	0.0000	0.0000	0.0000	0.0000	0.0000	0.0000	0.0000	0.0000	0.0000	0.0000	0.0000	0.0000	0.0000	0.0034	0.0027	0.0007	0.0017	0.0017	0.0000	0.0017	0.0010	0.0007	0.0002	0.0002	0.0001	0.0001	0.0001	0.0000	0.0001	0.0000	0.0001	0.0000	0.0000	0.0000	0.0000	0.0000	0.0000	0.0000	0.0000	0.0000	0.0000	0.0000	0.0000	0.0000	0.0000	0.0000	0.0000	0.0000	0.0000											
21	111	0.7541	9	1	1	1	0	0	0	0	0	N	N	N	N	N	N	N	N	N	N	N	N	0.0000	0.0000	0.0000	0.0000	0.0000	0.0000	0.0000	0.0000	0.0000	0.0000	0.0000	0.0000	0.0000	0.0000	0.0000	0.0000	0.0000	0.0000	0.0011	0.0009	0.0014	0.0012	0.0011	0.0016	0.0007	0.0002	0.0012	0.6504	0.0000	-0.0000	4.9981	1.6718	32.5905	2.9223	0.0000	0.0000	0.0000	0.0000	0.0000	0.0000	0.0000	0.0000	0.0000	0.0003	0.0002	0.0001	0.0002	0.0002	0.0001	0.0000	0.0000	0.0000	0.0615	0.0536	0.0079	0.0190	0.0179	0.0011	0.0425	0.0357	0.0068	0.2544	0.1791	0.0754	0.1874	0.1432	0.0442	0.0670	0.0358	0.0312	0.0000	0.0000	0.0000	0.0000	0.0000	0.0000	0.0000	0.0000	0.0000	0.0011	0.0009	0.0014	0.0012	0.0011	0.0016	0.0007	0.0002	0.0012	
21	112	0.6706	8	1	1	1	0	0	0	0	0	N	N	N	N	N	N	N	N	N	N	N	N	0.0000	0.0000	0.0000	0.0000	0.0000	0.0000	0.0000	0.0000	0.0000	0.0000	0.0000	0.0000	0.0000	0.0000	0.0000	0.0000	0.0000	0.0000	0.9005	0.0763	2.7869	1.3614	0.0987	5.9592	0.0767	0.0180	0.1451	15.9580	0.0000	0.3601	4.9981	14.0283	32.5905	7.1084	0.0000	0.0000	0.0000	0.0000	0.0000	0.0000	0.0000	0.0000	0.0000	0.7460	0.0440	0.7020	0.7232	0.0411	0.6821	0.0228	0.0029	0.0199	0.4732	0.4156	0.0576	0.1615	0.1514	0.0100	0.3118	0.2642	0.0476	0.8284	0.5765	0.2519	0.5313	0.4168	0.1145	0.2972	0.1597	0.1375	0.0000	0.0000	0.0000	0.0000	0.0000	0.0000	0.0000	0.0000	0.0000	0.9005	0.0763	2.7869	1.3614	0.0987	5.9592	0.0767	0.0180	0.1451	
21	113	0.6103	7	0	1	0	0	0	0	0	0	N	N	N	N	N	N	N	N	N	N	N	N	0.0002	0.0004	0.0000	0.0004	0.0007	0.0000	0.0000	0.0000	0.0000	0.0001	0.0001	0.0000	0.0002	0.0002	0.0000	0.0000	0.0000	0.0000	0.2666	0.1641	0.5149	0.4037	0.2248	1.1853	0.0503	0.0199	0.0861	0.0000	1.2950	-0.0000	0.0251	4.9981	8.6129	32.5905	5.1709	0.0000	0.0000	0.0000	0.0000	0.0000	0.0000	0.0000	0.0000	0.0000	0.2367	0.1032	0.1336	0.2194	0.0995	0.1200	0.0173	0.0037	0.0136	0.3814	0.3379	0.0435	0.1319	0.1253	0.0066	0.2495	0.2127	0.0368	0.8879	0.6285	0.2595	0.5436	0.4424	0.1012	0.3444	0.1861	0.1583	0.0002	0.0004	0.0000	0.0004	0.0007	0.0000	0.0000	0.0000	0.0000	0.2666	0.1641	0.5149	0.4037	0.2248	1.1853	0.0503	0.0199	0.0861
21	114	0.5152	6	0	1	0	0	0	0	0	0	N	N	N	N	N	N	N	N	N	N	N	N	0.0062	0.0073	0.0045	0.0109	0.0264	0.0000	0.0047	0.0023	0.0649	0.0054	0.0055	0.0052	0.0104	0.0113	0.0000	0.0036	0.0032	0.0062	0.8732	0.7481	1.1483	0.9537	0.4279	3.1791	0.7714	1.3625	0.0959	0.1449	0.6985	-0.0010	-0.0754	4.9981	16.8607	32.5905	22.7724	0.0031	0.0027	0.0004	0.0016	0.0016	0.0000	0.0015	0.0011	0.0004	1.6011	0.9426	0.6585	0.9768	0.3545	0.6222	0.6243	0.5881	0.0362	0.5668	0.4918	0.0750	0.1521	0.1397	0.0124	0.4147	0.3521	0.0626	1.8335	1.2601	0.5734	1.0242	0.8284	0.1957	0.8093	0.4316	0.3777	0.0062	0.0073	0.0045	0.0109	0.0264	0.0000	0.0047	0.0023	0.0649	0.8732	0.7481	1.1483	0.9537	0.4279	3.1791	0.7714	1.3625	0.0959
21	115	0.1427	3	1	1	1	0	0	0	0	0	N	N	N	N	N	N	N	N	N	N	N	N	0.0000	0.0000	0.0000	0.0000	0.0000	0.0000	0.0000	0.0000	0.0000	0.0000	0.0000	0.0000	0.0000	0.0000	0.0000	0.0000	0.0000	0.0005	0.0005	0.0003	0.0013	0.0013	0.0020	0.0001	0.0000	0.0003	0.3547	0.0000	-0.0000	4.9981	1.0009	32.5905	4.0038	0.0000	0.0000	0.0000	0.0000	0.0000	0.0000	0.0000	0.0000	0.0000	0.0002	0.0001	0.0000	0.0002	0.0001	0.0000	0.0000	0.0000	0.0000	0.0366	0.0310	0.0056	0.0021	0.0020	0.0001	0.0345	0.0290	0.0055	0.4160	0.2715	0.1444	0.1192	0.1117	0.0075	0.2967	0.1598	0.1370	0.0000	0.0000	0.0000	0.0000	0.0000	0.0000	0.0000	0.0000	0.0000	0.0005	0.0005	0.0003	0.0013	0.0013	0.0020	0.0001	0.0000	0.0003		
21	116	0.1144	2	1	1	1	0	0	0	0	0	N	N	N	N	N	N	N	N	N	N	N	N	0.0828	1.4614	0.0068	0.4142	0.4140	0.0006	0.0720	3.2880	0.0065	0.1865	0.2113	0.0372	0.1343	0.1356	0.0002	0.1965	0.2287	0.0376	2.2515	0.1446	5.5116	0.3242	0.3275	0.2974	2.7284	0.0695	5.8159	0.0293	24.6384	-0.0071	0.8850	4.9981	1.8441	32.5905	10.4794	0.0172	0.0167	0.0005	0.0020	0.0020	0.0000	0.0152	0.0147	0.0005	1.7608	0.0687	1.6921	0.0503	0.0453	0.0050	1.7105	0.0234	1.6871	0.0924	0.0792	0.0132	0.0149	0.0148	0.0001	0.0774	0.0644	0.0130	0.7820	0.4750	0.3070	0.1551	0.1382	0.0169	0.6269	0.3368	0.2901	0.0828	1.4614	0.0068	0.4142	0.4140	0.0006	0.0720	3.2880	0.0065	2.2515	0.1446	5.5116	0.3242	0.3275	0.2974	2.7284	0.0695	5.8159
21	117	0.4025	4	0	2	0	1	0	0	0	0	N	Y	N	N	N	N	N	N	N	N	N	N	0.5172	0.5364	0.0000	0.0116	0.0140	0.0000	1.1551	0.8914	0.0000	1.0074	1.1540	0.0000	0.0297	0.0319	0.0000	1.4589	1.7232	0.0000	1.9477	2.1513	1.4699	2.5623	2.2757	4.1524	1.2630	1.9331	0.4812	0.0000	0.2911	-0.1958	-0.9418	4.9981	10.5071	32.5905	20.2622	0.4438	0.4438	0.0000	0.0041	0.0041	0.0000	0.4397	0.4397	0.0000	4.0441	3.1322	0.9119	2.8036	2.1098	0.6938	1.2405	1.0224	0.2181	0.4406	0.3846	0.0560	0.1392	0.1294	0.0097	0.3014	0.2552	0.0462	2.0764	1.4560	0.6204	1.0942	0.9271	0.1671	0.9822	0.5289	0.4533	0.5172	0.5364	0.0000	0.0116	0.0140	0.0000	1.1551	0.8914	0.0000	1.9477	2.1513	1.4699	2.5623	2.2757	4.1524	1.2630	1.9331	0.4812
21	118	0.1663	3	0	2	0	1	0	0	0	0	N	Y	N	N	N	N	N	N	N	N	N	N	0.0000	0.0000	0.0000	0.0000	0.0000	0.0000	0.0000	0.0000	0.0000	0.0000	0.0000	0.0000	0.0000	0.0000	0.0000	0.0000	0.0000	0.4587	0.3290	0.6485	0.9076	1.0975	0.0000	0.3360	0.0010	0.7139	1.3481	0.0000	0.0751	4.9981	4.0036	32.5905	26.5072	0.0000	0.0000	0.0000	0.0000	0.0000	0.0000	0.0000	0.0000	0.0000	0.6484	0.2762	0.3723	0.2756	0.2756	0.0000	0.3729	0.0006	0.3723	0.1256	0.1063	0.0193	0.0058	0.0054	0.0004	0.1198	0.1010	0.0189	1.4135	0.8394	0.5741	0.3036	0.2511	0.0526	1.1099	0.5884	0.5215	0.0000	0.0000	0.0000	0.0000	0.0000	0.0000	0.0000	0.0000	0.0000	0.4587	0.3290	0.6485	0.9076	1.0975	0.0000	0.3360	0.0010	0.7139		
21	119	0.2047	4	0	2	0	0	0	0	0	0	N	Y	N	N	N	N	N	N	N	N	N	N	2.5271	0.0627	152.9148	0.7545	0.0946	5799.5394	12.4410	0.0000	119.8220	2.9790	0.1146	20.6933	3.1047	0.4517	56.4792	2.9416	0.0000	17.6656	1.1788	1.8273	0.1353	4.1147	4.7757	0.0097	0.2364	0.3128	0.1474	29.1959	0.0460	0.2850	-0.6402	4.9981	3.8169	32.5905	21.2433	0.5420	0.0179	0.5241	0.1295	0.0179	0.1116	0.4125	0.0000	0.4125	1.5449	1.4769	0.0680	1.3103	1.3099	0.0004	0.2346	0.1670	0.0675	0.1819	0.1566	0.0253	0.0417	0.0397	0.0020	0.1402	0.1169	0.0233	1.3105	0.8082	0.5023	0.3184	0.2743	0.0442	0.9921	0.5340	0.4581	2.5271	0.0627	152.9148	0.7545	0.0946	5799.5394	12.4410	0.0000	119.8220	1.1788	1.8273	0.1353	4.1147	4.7757	0.0097	0.2364	0.3128	0.1474
21	120	0.5504	8	0	2	0	0	0	0	0	0	N	Y	N	N	N	N	N	N	N	N	N	N	0.9996	0.0001	363.1176	0.0544	0.0002	79.3036	84.5613	0.0000	404.3822	1.5257	0.0002	12.2059	0.1460	0.0005	2.6385	2.1157	0.0000	13.6635	1.5262	2.1573	0.0336	2.6867	3.2591	0.0333	0.0250	0.0178	0.0338	10346.2152	0.0066	0.5202	-1.8161	4.9981	16.3276	32.5905	34.9199	0.9308	0.0001	0.9308	0.0267	0.0001	0.0266	0.9042	0.0000	0.9042	4.0196	3.9933	0.0263	3.9908	3.9821	0.0088	0.0287	0.0112	0.0175	0.6101	0.5339	0.0763	0.1828	0.1727	0.0101	0.4274	0.3612	0.0662	2.6337	1.8511	0.7827	1.4854	1.2218	0.2636	1.1483	0.6292	0.5191	0.9996	0.0001	363.1176	0.0544	0.0002	79.3036	84.5613	0.0000	404.3822	1.5262	2.1573	0.0336	2.6867	3.2591	0.0333	0.0250	0.0178	0.0338
21	121	0.5331	7	0	2	0	0	0	0	0	0	N	Y	N	N	N	N	N	N	N	N	N	N	0.8175	0.2947	3.9494	0.0677	0.0843	0.0154	2.0777	0.5670	12.8406	0.4053	0.1397	2.1851	0.0448	0.0461	0.0198	0.5480	0.1816	2.4601	0.4957	0.4741	0.5533	0.6619	0.5472	1.2898	0.2638	0.3203	0.1916	2.3335	0.4388	0.0256	-0.1305	4.9981	6.1757	32.5905	14.5601	0.0987	0.0296	0.0691	0.0031	0.0030	0.0001	0.0956	0.0266	0.0690	0.8509	0.5914	0.2595	0.6620	0.4627	0.1992	0.1889	0.1287	0.0603	0.2435	0.2119	0.0316	0.0691	0.0655	0.0036	0.1744	0.1464	0.0281	1.7164	1.2474	0.4691	1.0001	0.8457	0.1545	0.7163	0.4017	0.3146	0.8175	0.2947	3.9494	0.0677	0.0843	0.0154	2.0777	0.5670	12.8406	0.4957	0.4741	0.5533	0.6619	0.5472	1.2898	0.2638	0.3203	0.1916
21	122	0.4800	6	0	1	0	0	0	0	0	0	N	N	N	N	N	N	N	N	N	N	N	N	0.0316	0.0175	0.3428	0.0271	0.0254	0.0011	0.1070	0.0403	0.4586	0.0187	0.0134	0.0552	0.0266	0.0283	0.0002	0.0151	0.0056	0.0652	0.5925	0.7639	0.1612	0.9836	1.1172	0.2107	0.1407	0.1396	0.1421	0.6036	0.0838	-0.0004	-0.4338	4.9981	7.5400	32.5905	21.4192	0.0059	0.0037	0.0022	0.0027	0.0027	0.0000	0.0032	0.0010	0.0022	1.1385	1.0504	0.0881	1.0130	0.9810	0.0320	0.1255	0.0694	0.0561	0.3146	0.2745	0.0401	0.0999	0.0937	0.0061	0.2148	0.1808	0.0340	1.9215	1.3752	0.5463	1.0298	0.8781	0.1518	0.8917	0.4971	0.3946	0.0316	0.0175	0.3428	0.0271	0.0254	0.0011	0.1070	0.0403	0.4586	0.5925	0.7639	0.1612	0.9836	1.1172	0.2107	0.1407	0.1396	0.1421
21	126	0.2034	5	0	2	0	0	0	0	0	0	N	Y	N	N	N	N	N	N	N	N	N	N	0.0001	0.0000	0.0005	0.0000	0.0000	0.0000	0.0001	0.0000	0.0004	0.0002	0.0000	0.0011	0.0000	0.0000	0.0000	0.0002	0.0000	0.0011	1.8991	1.6806	2.2549	0.6291	0.7542	0.0156	2.4320	2.2888	2.5942	inf	0.8235	0.0000	-0.0149	4.9981	5.0407	32.5905	17.1705	0.0000	0.0000	0.0000	0.0000	0.0000	0.0000	0.0000	0.0000	0.0000	2.2093	1.2116	0.9977	0.2163	0.2154	0.0009	1.9929	0.9961	0.9968	0.1776	0.1502	0.0274	0.0190	0.0179	0.0011	0.1586	0.1323	0.0263	1.1634	0.7209	0.4425	0.3439	0.2857	0.0582	0.8195	0.4352	0.3842	0.0001	0.0000	0.0005	0.0000	0.0000	0.0000	0.0001	0.0000	0.0004	1.8991	1.6806	2.2549	0.6291	0.7542	0.0156	2.4320	2.2888	2.5942
21	127	0.1875	4	0	2	0	0	0	0	0	0	N	Y	N	N	N	N	N	N	N	N	N	N	0.0679	0.0011	0.2785	0.0033	0.0031	0.0000	0.0975	0.0000	0.2578	0.0414	0.0005	0.2671	0.0027	0.0028	0.0000	0.0480	0.0000	0.2790	0.6102	0.4407	0.9591	0.8328	0.9306	0.1228	0.4922	0.0355	1.0821	103.9859	1.0577	0.0017	0.0208	4.9981	1.9703	32.5905	6.2034	0.0031	0.0000	0.0031	0.0000	0.0000	0.0000	0.0031	0.0000	0.0031	0.3731	0.1813	0.1918	0.1765	0.1733	0.0032	0.1966	0.0080	0.1886	0.0758	0.0642	0.0116	0.0110	0.0105	0.0005	0.0648	0.0537	0.0111	0.6114	0.4115	0.2000	0.2119	0.1863	0.0256	0.3995	0.2252	0.1743	0.0679	0.0011	0.2785	0.0033	0.0031	0.0000	0.0975	0.0000	0.2578	0.6102	0.4407	0.9591	0.8328	0.9306	0.1228	0.4922	0.0355	1.0821
21	128	0.1663	3	0	1	0	0	0	0	0	0	N	N	N	N	N	N	N	N	N	N	N	N	4.7182	0.0000	20.3529	0.0000	0.0000	0.0000	4.6293	0.0000	21.4667	28.1602	0.0000	182.1165	0.0000	0.0000	0.0000	29.6150	0.0000	186.1524	5.9685	3.7025	8.9480	1.7208	2.0221	0.0241	6.3973	4.7907	8.6717	inf	1.2318	0.5572	0.2654	4.9981	1.1032	32.5905	7.8190	0.9969	0.0000	0.9969	0.0000	0.0000	0.0000	0.9969	0.0000	0.9969	2.8372	1.2713	1.5659	0.2735	0.2729	0.0006	2.5637	0.9984	1.5653	0.0354	0.0299	0.0055	0.0017	0.0016	0.0001	0.0337	0.0283	0.0054	0.5597	0.3434	0.2163	0.1589	0.1350	0.0240	0.4007	0.2084	0.1923	5.5549	0.0000	25.1576	0.0000	0.0000	0.0000	4.6293	0.0000	22.8748	5.0694	3.7025	7.2390	1.7208	2.0221	0.0241	6.3973	4.7907	8.1379
21	129	0.5093	7	0	2	0	0	0	0	0	0	N	Y	N	N	N	N	N	N	N	N	N	N	0.0000	0.0000	0.0000	0.0000	0.0000	0.0000	0.0000	0.0000	0.0000	0.0000	0.0000	0.0000	0.0000	0.0000	0.0000	0.0000	0.0000	0.0000	0.0116	0.0005	0.0512	0.0149	0.0007	0.2148	0.0074	0.0001	0.0181	28.2517	0.0000	0.0037	4.9981	1.0033	32.5905	0.8635	0.0000	0.0000	0.0000	0.0000	0.0000	0.0000	0.0000	0.0000	0.0000	0.0073	0.0003	0.0071	0.0052	0.0002	0.0050	0.0021	0.0000	0.0021	0.1090	0.0990	0.0100	0.0608	0.0577	0.0031	0.0482	0.0413	0.0069	0.6308	0.4929	0.1380	0.3505	0.3273	0.0232	0.2803	0.1656	0.1147	0.0000	0.0000	0.0000	0.0000	0.0000	0.0000	0.0000	0.0000	0.0000	0.0116	0.0005	0.0512	0.0149	0.0007	0.2148	0.0074	0.0001	0.0181	
21	130	0.4800	6	0	1	0	0	0	0	0	0	N	N	N	N	N	N	N	N	N	N	N	N	0.0448	0.0531	0.0000	0.2291	0.5582	0.0000	0.0128	0.0108	0.0000	0.0108	0.0123	0.0000	0.0209	0.0222	0.0000	0.0054	0.0064	0.0000	0.2400	0.2318	0.2633	0.0911	0.0398	0.4488	0.4244	0.5965	0.1962	0.0000	0.4024	-0.0012	-0.0625	4.9981	5.5514	32.5905	9.9598	0.0027	0.0027	0.0000	0.0018	0.0018	0.0000	0.0009	0.0009	0.0000	0.3645	0.2599	0.1046	0.0766	0.0292	0.0473	0.2879	0.2307	0.0572	0.2536	0.2217	0.0319	0.0876	0.0823	0.0052	0.1661	0.1394	0.0267	1.5183	1.1211	0.3972	0.8399	0.7344	0.1055	0.6784	0.3867	0.2917	0.0448	0.0531	0.0000	0.2291	0.5582	0.0000	0.0128	0.0108	0.0000	0.2400	0.2318	0.2633	0.0911	0.0398	0.4488	0.4244	0.5965	0.1962
21	131	0.4497	5	0	1	0	0	0	0	0	0	N	N	N	N	N	N	N	N	N	N	N	N	4.1038	7.7858	0.0261	16.7136	19.9772	0.0000	0.0185	0.0526	0.0272	1.5314	1.7497	0.0195	5.5879	5.9188	0.0000	0.0077	0.0051	0.0221	0.3732	0.2247	0.7471	0.3343	0.2963	0.5629	0.4177	0.0975	0.8147	0.0016	1.3197	-0.2466	0.0677	4.9981	9.1969	32.5905	13.4651	0.5610	0.5601	0.0009	0.5590	0.5590	0.0000	0.0021	0.0012	0.0009	0.6128	0.2642	0.3486	0.2934	0.2229	0.0705	0.3194	0.0413	0.2781	0.3664	0.3201	0.0462	0.1000	0.0944	0.0056	0.2663	0.2257	0.0406	1.6422	1.1756	0.4667	0.8777	0.7524	0.1253	0.7645	0.4232	0.3414	4.1038	7.7858	0.0261	16.7136	19.9772	0.0000	0.0185	0.0526	0.0272	0.3732	0.2247	0.7471	0.3343	0.2963	0.5629	0.4177	0.0975	0.8147
21	132	0.2632	7	1	2	0	1	0	0	0	0	N	Y	N	N	N	N	N	N	N	N	N	N	0.0000	0.0000	0.0000	0.0000	0.0000	0.0000	0.0000	0.0000	0.0000	0.0000	0.0000	0.0000	0.0000	0.0005	0.0000	0.0013	0.0000	0.0000	0.0000	0.0007	0.0000	0.0014	inf	0.0000	0.0001	4.9981	1.0000	32.5905	3.0001	0.0000	0.0000	0.0000	0.0000	0.0000	0.0000	0.0000	0.0000	0.0000	0.0001	0.0000	0.0001	0.0000	0.0000	0.0000	0.0001	0.0000	0.0001	0.0338	0.0287	0.0051	0.0027	0.0025	0.0002	0.0311	0.0262	0.0049	0.1853	0.1088	0.0765	0.0414	0.0343	0.0071	0.1439	0.0744	0.0695	0.0000	0.0000	0.0000	0.0000	0.0000	0.0000	0.0000	0.0000	0.0000	0.0005	0.0000	0.0013	0.0000	0.0000	0.0000	0.0007	0.0000	0.0014						
21	133	0.6621	11	1	2	0	1	0	0	0	0	N	Y	N	N	N	N	N	N	N	N	N	N	0.0000	0.0000	0.0000	0.0000	0.0000	0.0000	0.0000	0.0000	0.0000	0.0000	0.0000	0.0000	0.0000	0.0000	0.0000	0.0000	0.0000	0.0000	0.0000	0.0000	4.9981	0.0006	32.5905	1.9797	0.0000	0.0000	0.0000	0.0000	0.0000	0.0000	0.0000	0.0000	0.0000	0.0000	0.0000	0.0000	0.0000	0.0000	0.0000	0.0000	0.0000	0.0000	0.0000	0.0000	0.0000	0.0000	0.0000	0.0000	0.0000	0.0000	0.0000	0.0788	0.0539	0.0249	0.0450	0.0364	0.0086	0.0337	0.0175	0.0162	0.0000	0.0000	0.0000	0.0000	0.0000	0.0000	0.0000	0.0000	0.0000	0.0000	0.0000	0.0000	0.0000	0.0000	0.0000	0.0000	0.0000	0.0000											
21	134	0.6454	10	1	2	0	1	0	0	0	0	N	Y	N	N	N	N	N	N	N	N	N	N	0.0000	0.0000	0.0000	0.0000	0.0000	0.0000	0.0000	0.0000	0.0000	0.0000	0.0000	0.0000	0.0000	0.0000	0.0000	0.0000	0.0000	0.0000	0.0000	0.0000	0.0000	0.0000	inf	0.0000	0.0000	4.9981	2.0077	32.5905	6.0321	0.0000	0.0000	0.0000	0.0000	0.0000	0.0000	0.0000	0.0000	0.0000	0.0000	0.0000	0.0000	0.0000	0.0000	0.0000	0.0000	0.0000	0.0000	0.0659	0.0571	0.0087	0.0196	0.0181	0.0015	0.0462	0.0390	0.0072	0.2889	0.1945	0.0943	0.1627	0.1290	0.0337	0.1262	0.0655	0.0606	0.0000	0.0000	0.0000	0.0000	0.0000	0.0000	0.0000	0.0000	0.0000	0.0000	0.0000	0.0000	0.0000	0.0000	0.0000	0.0000	0.0000	0.0000						
21	135	0.6406	10	0	2	0	1	0	0	0	0	N	Y	N	N	N	N	N	N	N	N	N	N	0.0010	0.0016	0.0000	0.0042	9.6964	0.0000	0.0000	0.0000	0.0000	0.0040	0.0046	0.0000	0.0140	0.0152	0.0000	0.0000	0.0000	0.0000	4.0528	2.9426	5.8890	3.3083	0.0016	26.6548	4.7171	9.2687	0.0078	0.0000	0.9654	-0.0002	0.0645	4.9981	3.0348	32.5905	9.3583	0.0004	0.0004	0.0000	0.0004	0.0004	0.0000	0.0000	0.0000	0.0000	1.9657	1.0001	0.9656	0.9651	0.0004	0.9647	1.0006	0.9998	0.0008	0.1012	0.0872	0.0139	0.0285	0.0264	0.0021	0.0727	0.0608	0.0118	0.5038	0.3399	0.1640	0.2917	0.2320	0.0597	0.2121	0.1079	0.1043	0.0010	0.0016	0.0000	0.0042	9.6964	0.0000	0.0000	0.0000	0.0000	3.9014	2.9426	5.8890	3.3083	0.0016	16.1590	4.7171	9.2687	0.0078
21	136	0.6263	9	0	1	0	1	0	0	0	0	N	N	N	N	N	N	N	N	N	N	N	N	1.6492	10.8084	2.4958	0.0000	0.0000	0.0000	72.5159	37.6074	211.4788	0.2373	0.0974	1.0438	0.0000	0.0000	0.0000	0.3456	0.1490	1.1935	0.1439	0.0090	0.4182	0.2528	0.0116	1.1425	0.0048	0.0040	0.0056	1.8571	22.8015	0.0001	0.0182	4.9981	0.0433	32.5905	6.6805	0.0004	0.0001	0.0003	0.0000	0.0000	0.0000	0.0004	0.0001	0.0003	0.0364	0.0015	0.0349	0.0359	0.0013	0.0346	0.0005	0.0002	0.0003	0.0017	0.0014	0.0002	0.0005	0.0005	0.0000	0.0012	0.0009	0.0002	0.2532	0.1698	0.0834	0.1420	0.1117	0.0303	0.1112	0.0580	0.0532	1.6492	10.8084	2.4958	0.0000	0.0000	0.0000	72.5159	37.6074	211.4788	0.1439	0.0090	0.4182	0.2528	0.0116	1.1425	0.0048	0.0040	0.0056
21	137	0.2928	9	0	2	0	1	0	0	0	0	N	Y	N	N	N	N	N	N	N	N	N	N	0.0000	0.0000	0.0000	0.0000	0.0000	0.0000	0.0000	0.0000	0.0000	0.0000	0.0000	0.0000	0.0000	0.0000	0.0000	0.0000	0.0000	0.0000	0.0000	0.0000	4.9981	0.0000	32.5905	0.0000	0.0000	0.0000	0.0000	0.0000	0.0000	0.0000	0.0000	0.0000	0.0000	0.0000	0.0000	0.0000	0.0000	0.0000	0.0000	0.0000	0.0000	0.0000	0.0000	0.0000	0.0000	0.0000	0.0000	0.0000	0.0000	0.0000	0.0000	0.0000	0.0000	0.0000	0.0000	0.0000	0.0000	0.0000	0.0000	0.0000	0.0000	0.0000	0.0000	0.0000	0.0000	0.0000	0.0000	0.0000	0.0000	0.0000	0.0000	0.0000	0.0000	0.0000	0.0000	0.0000	0.0000	0.0000											
21	138	0.2878	8	0	2	0	1	0	0	0	0	N	Y	N	N	N	N	N	N	N	N	N	N	0.0000	0.0000	0.0000	0.0000	0.0000	0.0000	0.0000	0.0000	0.0000	0.0000	0.0000	0.0000	0.0000	0.0000	0.0000	0.0000	0.0000	0.0000	0.0000	0.0000	0.0000	0.0000	0.0000	0.0000	-0.0000	4.9981	0.0021	32.5905	2.0000	0.0000	0.0000	0.0000	0.0000	0.0000	0.0000	0.0000	0.0000	0.0000	0.0000	0.0000	0.0000	0.0000	0.0000	0.0000	0.0000	0.0000	0.0000	0.0002	0.0002	0.0000	0.0001	0.0001	0.0000	0.0001	0.0001	0.0000	0.0916	0.0546	0.0369	0.0230	0.0192	0.0038	0.0685	0.0354	0.0332	0.0000	0.0000	0.0000	0.0000	0.0000	0.0000	0.0000	0.0000	0.0000	0.0000	0.0000	0.0000	0.0000	0.0000	0.0000	0.0000	0.0000	0.0000						
21	139	0.2775	7	0	1	0	1	0	0	0	0	N	N	N	N	N	N	N	N	N	N	N	N	0.0000	0.0000	0.0000	0.0000	0.0000	0.0000	0.0000	0.0000	0.0000	0.0000	0.0000	0.0000	0.0000	0.0000	0.0000	0.0000	0.0000	0.0005	0.0008	0.0001	0.0018	0.0021	0.0000	0.0001	0.0001	0.0001	0.1112	0.0000	-0.0000	4.9981	1.0020	32.5905	3.0181	0.0000	0.0000	0.0000	0.0000	0.0000	0.0000	0.0000	0.0000	0.0000	0.0001	0.0001	0.0000	0.0001	0.0001	0.0000	0.0000	0.0000	0.0000	0.0339	0.0288	0.0051	0.0028	0.0026	0.0002	0.0311	0.0262	0.0049	0.1858	0.1099	0.0759	0.0451	0.0376	0.0075	0.1407	0.0723	0.0684	0.0000	0.0000	0.0000	0.0000	0.0000	0.0000	0.0000	0.0000	0.0000	0.0005	0.0008	0.0001	0.0018	0.0021	0.0000	0.0001	0.0001	0.0001		
21	140	0.2632	7	0	2	0	0	0	0	0	0	N	Y	N	N	N	N	N	N	N	N	N	N	0.0000	0.0000	0.0000	0.0000	0.0000	0.0000	0.0000	0.0000	0.0000	0.0000	0.0000	0.0000	0.0000	0.0005	0.0000	0.0013	0.0000	0.0000	0.0000	0.0007	0.0000	0.0014	inf	0.0000	0.0001	4.9981	0.0000	32.5905	4.0001	0.0000	0.0000	0.0000	0.0000	0.0000	0.0000	0.0000	0.0000	0.0000	0.0001	0.0000	0.0001	0.0000	0.0000	0.0000	0.0001	0.0000	0.0001	0.0000	0.0000	0.0000	0.0000	0.0000	0.0000	0.0000	0.0000	0.0000	0.1853	0.1088	0.0765	0.0414	0.0343	0.0071	0.1439	0.0744	0.0695	0.0000	0.0000	0.0000	0.0000	0.0000	0.0000	0.0000	0.0000	0.0000	0.0005	0.0000	0.0013	0.0000	0.0000	0.0000	0.0007	0.0000	0.0014						
21	141	0.6408	9	0	2	0	0	0	0	0	0	N	Y	N	N	N	N	N	N	N	N	N	N	0.0000	0.0000	0.0000	0.0000	0.0000	0.0000	0.0000	0.0000	0.0000	0.0000	0.0000	0.0000	0.0000	0.0000	0.0000	0.0000	0.0000	0.0000	5.1884	8.1614	0.0003	0.0009	0.0009	0.0008	10.3679	19.9940	0.0000	0.0000	0.0000	-0.4576	4.9981	1.0003	32.5905	5.0186	0.0000	0.0000	0.0000	0.0000	0.0000	0.0000	0.0000	0.0000	0.0000	0.9984	0.9983	0.0000	0.0001	0.0001	0.0000	0.9982	0.9982	0.0000	0.0329	0.0285	0.0044	0.0098	0.0090	0.0008	0.0231	0.0195	0.0036	0.2204	0.1486	0.0719	0.1242	0.0987	0.0255	0.0963	0.0499	0.0464	0.0000	0.0000	0.0000	0.0000	0.0000	0.0000	0.0000	0.0000	0.0000	4.5287	6.7183	0.0003	0.0009	0.0009	0.0008	10.3679	19.9940	0.0000	
21	142	0.2775	7	0	1	1	1	0	0	0	0	N	N	N	N	N	N	N	N	N	N	N	N	0.0000	0.0000	0.0000	0.0000	0.0000	0.0000	0.0000	0.0000	0.0000	0.0000	0.0000	0.0000	0.0000	0.0000	0.0000	0.0000	0.0000	0.0001	0.0000	0.0000	0.0000	0.0001	0.0001	0.0001	1.0055	0.0000	0.0000	4.9981	0.0001	32.5905	9.0026	0.0000	0.0000	0.0000	0.0000	0.0000	0.0000	0.0000	0.0000	0.0000	0.0000	0.0000	0.0000	0.0000	0.0000	0.0000	0.0000	0.0000	0.0000	0.0000	0.0000	0.0000	0.0000	0.0000	0.0000	0.0000	0.0000	0.0000	0.4072	0.2410	0.1662	0.0983	0.0819	0.0164	0.3089	0.1591	0.1498	0.0000	0.0000	0.0000	0.0000	0.0000	0.0000	0.0000	0.0000	0.0000	0.0000	0.0000	0.0001	0.0000	0.0000	0.0000	0.0001	0.0001	0.0001				
21	143	0.6263	9	0	1	1	1	0	0	0	0	N	N	N	N	N	N	N	N	N	N	N	N	0.0000	0.0000	0.0000	0.0000	0.0000	0.0000	0.0000	0.0000	0.0000	0.0000	0.0000	0.0000	0.0000	0.0000	0.0000	0.0000	2.6985	4.0326	0.0000	5.0886	7.3668	0.0000	0.0000	0.0000	0.0000	0.0000	0.0000	-0.4584	4.9981	2.0061	32.5905	8.0425	0.0000	0.0000	0.0000	0.0000	0.0000	0.0000	0.0000	0.0000	0.0000	1.0000	1.0000	0.0000	1.0000	1.0000	0.0000	0.0000	0.0000	0.0000	0.0654	0.0565	0.0089	0.0181	0.0167	0.0014	0.0473	0.0398	0.0075	0.3706	0.2480	0.1226	0.2075	0.1630	0.0445	0.1631	0.0850	0.0781	0.0000	0.0000	0.0000	0.0000	0.0000	0.0000	0.0000	0.0000	0.0000	2.6985	4.0326	0.0000	4.8195	6.1355	0.0000	0.0000	0.0000	0.0000			
21	144	0.6172	8	0	1	0	1	0	0	0	0	N	N	N	N	N	N	N	N	N	N	N	N	0.0000	0.0000	0.0000	0.0000	0.0000	0.0000	0.0000	0.0000	0.0000	0.0000	0.0000	0.0000	0.0000	0.0000	0.0000	0.0000	0.0000	0.0067	0.0014	0.0206	0.0121	0.0022	0.0733	0.0004	0.0000	0.0010	5.6960	0.0000	0.0006	4.9981	1.9550	32.5905	2.1189	0.0000	0.0000	0.0000	0.0000	0.0000	0.0000	0.0000	0.0000	0.0000	0.0016	0.0002	0.0014	0.0016	0.0002	0.0013	0.0001	0.0000	0.0001	0.0685	0.0590	0.0095	0.0226	0.0205	0.0021	0.0459	0.0385	0.0074	0.2434	0.1759	0.0675	0.1304	0.1122	0.0183	0.1130	0.0638	0.0492	0.0000	0.0000	0.0000	0.0000	0.0000	0.0000	0.0000	0.0000	0.0000	0.0067	0.0014	0.0206	0.0121	0.0022	0.0733	0.0004	0.0000	0.0010		
21	145	0.6172	8	0	1	1	1	0	0	0	0	N	N	N	N	N	N	N	N	N	N	N	N	0.0000	0.0000	0.0000	0.0000	0.0000	0.0000	0.0000	0.0000	0.0000	0.0000	0.0000	0.0000	0.0000	0.0000	0.0000	0.0000	0.0000	0.0000	1.6005	2.3489	0.0002	2.9574	3.6566	0.0001	0.0001	0.0001	0.0002	0.0000	0.0000	-0.5923	4.9981	2.1261	32.5905	18.6477	0.0000	0.0000	0.0000	0.0000	0.0000	0.0000	0.0000	0.0000	0.0000	1.2923	1.2922	0.0001	1.2922	1.2922	0.0000	0.0001	0.0000	0.0000	0.0740	0.0638	0.0102	0.0242	0.0220	0.0022	0.0498	0.0418	0.0080	0.8074	0.5501	0.2573	0.4369	0.3534	0.0836	0.3705	0.1967	0.1737	0.0000	0.0000	0.0000	0.0000	0.0000	0.0000	0.0000	0.0000	0.0000	1.6005	2.3489	0.0002	2.9574	3.6566	0.0001	0.0001	0.0001	0.0002	
21	146	0.2775	7	0	1	1	1	0	0	0	0	N	N	N	N	N	N	N	N	N	N	N	N	0.0000	0.0000	0.0000	0.0000	0.0000	0.0000	0.0000	0.0000	0.0000	0.0000	0.0000	0.0000	0.0000	0.0000	0.0000	0.0001	0.0000	0.0001	0.0000	0.0000	0.0000	0.0001	0.0001	0.0001	1.0055	0.0000	0.0000	4.9981	2.0001	32.5905	5.9880	0.0000	0.0000	0.0000	0.0000	0.0000	0.0000	0.0000	0.0000	0.0000	0.0000	0.0000	0.0000	0.0000	0.0000	0.0000	0.0000	0.0000	0.0000	0.0673	0.0572	0.0102	0.0055	0.0051	0.0004	0.0618	0.0520	0.0098	0.3629	0.2147	0.1481	0.0877	0.0730	0.0146	0.2752	0.1417	0.1335	0.0000	0.0000	0.0000	0.0000	0.0000	0.0000	0.0000	0.0000	0.0000	0.0001	0.0000	0.0001	0.0000	0.0000	0.0000	0.0001	0.0001	0.0001				
21	147	0.2775	7	0	1	1	1	0	0	0	0	N	N	N	N	N	N	N	N	N	N	N	N	1.1239	0.0000	12.2440	0.0000	0.0000	1.8708	0.0000	11.5305	3.4085	0.0000	22.7837	0.0000	0.0000	0.0000	3.7138	0.0000	23.7570	3.0326	3.8384	1.8608	9.5057	11.5204	0.0000	1.9851	1.9152	2.0604	inf	0.3333	0.5589	-0.8335	4.9981	9.0001	32.5905	23.0169	1.0000	0.0000	1.0000	0.0000	0.0000	0.0000	1.0000	0.0000	1.0000	4.0000	3.0000	1.0000	2.0000	2.0000	0.0000	2.0000	1.0000	1.0000	0.2934	0.2495	0.0439	0.0241	0.0223	0.0018	0.2693	0.2272	0.0421	1.3190	0.7816	0.5374	0.3115	0.2594	0.0521	1.0075	0.5222	0.4854	1.1239	0.0000	12.2440	0.0000	0.0000	0.0000	1.8708	0.0000	11.5305	3.0326	3.8384	1.8608	6.4209	7.7093	0.0000	1.9851	1.9152	2.0604	
21	148	0.2522	6	0	1	0	1	0	0	0	0	N	N	N	N	N	N	N	N	N	N	N	N	0.0023	0.0001	0.0130	0.0359	0.0248	1.7154	0.0020	0.0000	0.0121	0.0102	0.0005	0.0642	0.0073	0.0059	0.0250	0.0105	0.0000	0.0658	4.4211	3.5142	4.9378	0.2020	0.2362	0.0146	5.3350	5.2392	5.4364	22.0425	0.9590	0.0004	0.0621	4.9981	1.9990	32.5905	7.9526	0.0007	0.0000	0.0007	0.0000	0.0000	0.0000	0.0006	0.0000	0.0006	1.9945	1.0181	0.9763	0.0239	0.0236	0.0003	1.9706	0.9945	0.9761	0.0676	0.0574	0.0103	0.0055	0.0051	0.0004	0.0621	0.0522	0.0099	0.4874	0.2897	0.1977	0.1181	0.0999	0.0182	0.3694	0.1898	0.1795	0.0025	0.0001	0.0130	0.0359	0.0248	1.7154	0.0020	0.0000	0.0121	4.0917	3.5142	4.9378	0.2020	0.2362	0.0146	5.3350	5.2392	5.4364
21	149	0.2203	5	1	2	0	0	0	0	0	0	N	Y	N	N	N	N	N	N	N	N	N	N	1.0400	0.0900	5.5060	0.2331	0.2050	25.0046	1.6226	0.0000	5.1860	2.0526	0.1547	13.0693	0.8888	0.9152	0.1318	2.2567	0.0000	13.5275	1.9737	1.7184	2.3736	3.8135	4.4652	0.0053	1.3909	0.3245	2.6085	14.5531	0.8821	0.2145	0.0228	4.9981	5.3497	32.5905	17.2225	0.4337	0.0279	0.4058	0.0280	0.0279	0.0001	0.4057	0.0000	0.4057	2.2170	1.1780	1.0391	1.0306	1.0304	0.0002	1.1864	0.1476	1.0388	0.2113	0.1802	0.0311	0.0315	0.0305	0.0011	0.1798	0.1498	0.0300	1.1233	0.6855	0.4377	0.2703	0.2308	0.0395	0.8530	0.4548	0.3983	1.0400	0.0900	5.5060	0.2331	0.2050	25.0046	1.6226	0.0000	5.1860	1.9737	1.7184	2.3736	3.8135	4.4652	0.0053	1.3909	0.3245	2.6085
21	150	0.2511	6	0	2	0	0	0	0	0	0	N	Y	N	N	N	N	N	N	N	N	N	N	0.5591	0.6716	0.0000	0.6554	0.6583	0.0000	0.0000	0.0000	0.0000	1.9506	2.2435	0.0000	7.4254	7.6648	0.0000	0.0000	0.0000	0.0000	3.4886	3.3404	3.7542	11.3289	11.6429	0.1296	2.0158	0.1963	4.1326	0.0000	0.6272	-0.1686	-0.3098	4.9981	3.6794	32.5905	17.4287	0.3823	0.3823	0.0000	0.3823	0.3823	0.0000	0.0000	0.0000	0.0000	4.2477	2.6105	1.6372	2.5257	2.5204	0.0053	1.7220	0.0902	1.6319	0.1960	0.1704	0.0256	0.0515	0.0499	0.0016	0.1445	0.1205	0.0240	1.2176	0.7815	0.4361	0.3633	0.3221	0.0412	0.8543	0.4594	0.3949	0.5591	0.6716	0.0000	1.0681	0.9795	0.0000	0.0000	0.0000	0.0000	3.4886	3.3404	3.7542	6.9517	7.8249	0.1296	2.0158	0.1963	4.1326
21	151	0.2203	5	0	2	0	0	0	0	0	0	N	Y	N	N	N	N	N	N	N	N	N	N	1.2197	0.7749	5.4272	1.7645	1.6158	5.9711	0.6179	0.0428	5.1162	4.0782	3.5039	7.4273	16.2406	16.6691	0.0638	1.4306	0.1293	7.6669	3.3437	4.5215	1.3685	9.2038	10.3166	0.0107	2.3151	3.0186	1.4985	0.3635	0.1805	-0.1067	-0.7800	4.9981	3.4464	32.5905	10.1316	0.6114	0.4484	0.1630	0.4353	0.4352	0.0000	0.1761	0.0132	0.1630	2.5532	2.1628	0.3903	1.2511	1.2508	0.0003	1.3020	0.9120	0.3901	0.1499	0.1280	0.0219	0.0268	0.0261	0.0007	0.1231	0.1019	0.0213	0.7636	0.4783	0.2852	0.2012	0.1762	0.0249	0.5624	0.3021	0.2603	1.2197	0.7749	5.4272	2.6112	2.3485	5.9711	0.6179	0.0428	5.1162	3.3437	4.5215	1.3685	6.2197	7.0979	0.0107	2.3151	3.0186	1.4985
21	152	0.6476	11	1	2	0	0	0	0	0	0	N	Y	N	N	N	N	N	N	N	N	N	N	0.0000	0.0000	0.0000	0.0000	0.0000	0.0000	0.0000	0.0000	0.0000	0.0000	0.0000	0.0000	0.0000	0.0002	0.0003	0.0000	0.0003	0.0004	0.0000	0.0000	0.0000	0.0000	0.0000	0.0000	-0.0000	4.9981	1.0143	32.5905	12.0086	0.0000	0.0000	0.0000	0.0000	0.0000	0.0000	0.0000	0.0000	0.0000	0.0001	0.0001	0.0000	0.0001	0.0001	0.0000	0.0000	0.0000	0.0000	0.0340	0.0295	0.0045	0.0103	0.0096	0.0008	0.0236	0.0199	0.0037	0.4585	0.3086	0.1499	0.2568	0.2035	0.0532	0.2017	0.1050	0.0967	0.0000	0.0000	0.0000	0.0000	0.0000	0.0000	0.0000	0.0000	0.0000	0.0002	0.0003	0.0000	0.0003	0.0004	0.0000	0.0000	0.0000	0.0000						
21	153	0.6454	10	1	2	0	0	0	0	0	0	N	Y	N	N	N	N	N	N	N	N	N	N	0.0000	0.0000	0.0000	0.0000	0.0000	0.0000	0.0000	0.0000	0.0000	0.0000	0.0000	0.0000	0.0000	0.0000	0.0000	0.0000	0.0000	0.0000	0.0000	0.0000	0.0000	0.0000	0.0000	0.0000	0.0000	0.0713	0.0000	-0.0000	4.9981	0.9811	32.5905	0.0216	0.0000	0.0000	0.0000	0.0000	0.0000	0.0000	0.0000	0.0000	0.0000	0.0000	0.0000	0.0000	0.0000	0.0000	0.0000	0.0000	0.0000	0.0000	0.0325	0.0282	0.0043	0.0097	0.0090	0.0007	0.0228	0.0192	0.0036	0.0375	0.0253	0.0122	0.0212	0.0169	0.0043	0.0163	0.0084	0.0079	0.0000	0.0000	0.0000	0.0000	0.0000	0.0000	0.0000	0.0000	0.0000	0.0000	0.0000	0.0000	0.0000	0.0000	0.0000	0.0000	0.0000	0.0000			
21	154	0.6408	9	1	2	0	0	0	0	0	0	N	Y	N	N	N	N	N	N	N	N	N	N	0.0000	0.0000	0.0000	0.0000	0.0000	0.0000	0.0000	0.0000	0.0000	0.0000	0.0000	0.0000	0.0000	0.0000	0.0000	0.0000	0.0000	0.0233	0.0340	0.0008	0.0413	0.0511	0.0023	0.0000	0.0000	0.0000	0.0113	0.0000	-0.0008	4.9981	0.0083	32.5905	2.0001	0.0000	0.0000	0.0000	0.0000	0.0000	0.0000	0.0000	0.0000	0.0000	0.0018	0.0018	0.0000	0.0018	0.0018	0.0000	0.0000	0.0000	0.0000	0.0003	0.0003	0.0000	0.0001	0.0001	0.0000	0.0002	0.0002	0.0000	0.0767	0.0518	0.0248	0.0432	0.0345	0.0087	0.0334	0.0173	0.0161	0.0000	0.0000	0.0000	0.0000	0.0000	0.0000	0.0000	0.0000	0.0000	0.0233	0.0340	0.0008	0.0413	0.0511	0.0023	0.0000	0.0000	0.0000		
21	155	0.6172	8	0	2	0	0	0	0	0	0	N	Y	N	N	N	N	N	N	N	N	N	N	0.0000	0.0000	0.0000	0.0000	0.0000	0.0000	0.0000	0.0000	0.0000	0.0000	0.0000	0.0000	0.0000	0.0000	0.0000	0.0000	0.0000	0.0000	0.0073	0.0060	0.0102	0.0062	0.0012	0.0299	0.0085	0.0146	0.0013	0.7523	0.0000	-0.0001	4.9981	2.9180	32.5905	7.4065	0.0000	0.0000	0.0000	0.0000	0.0000	0.0000	0.0000	0.0000	0.0000	0.0034	0.0019	0.0014	0.0016	0.0002	0.0013	0.0018	0.0017	0.0001	0.0994	0.0859	0.0135	0.0317	0.0289	0.0028	0.0678	0.0570	0.0108	0.4630	0.3217	0.1413	0.2506	0.2067	0.0439	0.2123	0.1149	0.0974	0.0000	0.0000	0.0000	0.0000	0.0000	0.0000	0.0000	0.0000	0.0000	0.0073	0.0060	0.0102	0.0062	0.0012	0.0299	0.0085	0.0146	0.0013	
21	156	0.5514	7	0	1	0	0	0	0	0	0	N	N	N	N	N	N	N	N	N	N	N	N	1.6343	0.0089	5.2207	2.3036	0.0099	519.9921	1.2311	0.1399	3.8732	1.6219	0.0031	12.7242	1.0181	0.0052	10.6778	2.0562	0.0015	13.6525	0.9924	0.3528	2.4373	0.4420	0.5299	0.0205	1.6702	0.0109	3.5249	592.2341	3.0588	0.3830	0.3920	4.9981	8.2479	32.5905	19.7214	0.6874	0.0012	0.6863	0.1805	0.0008	0.1797	0.5069	0.0003	0.5066	1.3276	0.3271	1.0005	0.3263	0.3236	0.0026	1.0014	0.0035	0.9979	0.4238	0.3699	0.0539	0.1773	0.1605	0.0168	0.2465	0.2094	0.0371	1.3378	0.9273	0.4105	0.7382	0.6108	0.1274	0.5996	0.3165	0.2831	1.6343	0.0089	5.2207	2.3036	0.0099	519.9921	1.2311	0.1399	3.8732	0.9924	0.3528	2.4373	0.4420	0.5299	0.0205	1.6702	0.0109	3.5249
21	157	0.5152	6	0	1	0	0	0	0	0	0	N	N	N	N	N	N	N	N	N	N	N	N	3.2955	1.1934	26.2419	0.0420	0.0448	0.0229	6.4486	1.7272	91.0044	1.6718	0.7079	8.0316	0.0253	0.0262	0.0158	2.4426	1.0521	10.1469	0.5073	0.5931	0.3061	0.6035	0.5854	0.6885	0.3788	0.6091	0.1115	1.7198	0.2201	0.0948	-0.1852	4.9981	7.4725	32.5905	14.3153	0.4957	0.1822	0.3134	0.0024	0.0023	0.0001	0.4933	0.1800	0.3133	0.6663	0.5461	0.1202	0.4532	0.3621	0.0912	0.2130	0.1840	0.0290	0.2965	0.2575	0.0390	0.0945	0.0864	0.0081	0.2019	0.1711	0.0309	1.3134	0.9206	0.3927	0.7510	0.6185	0.1324	0.5624	0.3021	0.2603	3.2955	1.1934	26.2419	0.0420	0.0448	0.0229	6.4486	1.7272	91.0044	0.5073	0.5931	0.3061	0.6035	0.5854	0.6885	0.3788	0.6091	0.1115
21	158	0.4497	5	0	1	0	0	0	0	0	0	N	N	N	N	N	N	N	N	N	N	N	N	0.9178	0.7988	0.0573	0.0088	0.0081	0.0000	3.5078	3.2847	0.0668	1.0119	1.1577	0.0157	0.0153	0.0162	0.0000	1.3587	1.5988	0.0178	1.1025	1.4493	0.2743	1.7477	2.0124	0.2950	0.3873	0.4867	0.2665	0.0020	0.0793	-0.1948	-0.8040	4.9981	11.6653	32.5905	19.4910	0.4436	0.4427	0.0009	0.0017	0.0017	0.0000	0.4419	0.4410	0.0009	2.0888	1.9354	0.1534	1.7407	1.6954	0.0453	0.3481	0.2399	0.1081	0.4384	0.3824	0.0560	0.1132	0.1066	0.0066	0.3252	0.2758	0.0494	1.8946	1.3354	0.5592	0.9960	0.8425	0.1536	0.8986	0.4930	0.4057	0.9178	0.7988	0.0573	0.0088	0.0081	0.0000	3.5078	3.2847	0.0668	1.1025	1.4493	0.2743	1.7477	2.0124	0.2950	0.3873	0.4867	0.2665
21	159	0.4025	4	0	1	0	0	0	0	0	0	N	N	N	N	N	N	N	N	N	N	N	N	0.9741	2.8255	0.0006	2.6727	2.6946	0.0000	0.4837	7.4998	0.0006	1.4171	1.6167	0.0023	1.9920	2.1408	0.0000	1.0949	1.2937	0.0029	1.4548	0.5722	3.5622	0.7453	0.7945	0.4662	2.2634	0.1725	4.7089	0.0002	2.6073	-0.2192	0.7683	4.9981	7.3933	32.5905	20.5306	0.4971	0.4970	0.0001	0.2509	0.2509	0.0000	0.2461	0.2460	0.0001	2.9058	0.8055	2.1003	0.7930	0.7188	0.0743	2.1128	0.0868	2.0260	0.3508	0.3074	0.0434	0.1260	0.1172	0.0088	0.2248	0.1902	0.0346	1.9975	1.4079	0.5896	1.0640	0.9047	0.1594	0.9334	0.5032	0.4302	0.9741	2.8255	0.0006	2.6727	2.6946	0.0000	0.4837	7.4998	0.0006	1.4548	0.5722	3.5622	0.7453	0.7945	0.4662	2.2634	0.1725	4.7089
21	160	0.1663	3	0	1	0	0	0	0	0	0	N	N	N	N	N	N	N	N	N	N	N	N	0.2704	0.2857	0.0007	0.0000	0.0000	0.0000	0.2827	0.3105	0.0007	0.7181	0.8427	0.0016	0.0000	0.0000	0.0000	0.7520	0.8861	0.0016	2.6553	2.9495	2.2340	2.6344	3.2227	0.0232	2.6601	2.8542	2.4353	0.0003	0.5288	-0.2473	-0.8786	4.9981	27.6416	32.5905	54.6365	0.5610	0.5608	0.0002	0.0000	0.0000	0.0000	0.5610	0.5608	0.0002	7.8124	5.1101	2.7023	1.4469	1.4445	0.0023	6.3655	3.6655	2.7000	0.7812	0.6655	0.1158	0.0352	0.0326	0.0026	0.7460	0.6329	0.1131	2.9422	1.7325	1.2097	0.5492	0.4482	0.1010	2.3929	1.2843	1.1087	0.2704	0.2857	0.0007	0.0000	0.0000	0.0000	0.2827	0.3105	0.0007	2.6553	2.9495	2.2340	2.6344	3.2227	0.0232	2.6601	2.8542	2.4353
21	161	0.2708	9	1	2	0	0	0	0	0	0	N	Y	N	N	N	N	N	N	N	N	N	N	0.0000	0.0000	0.0000	0.0000	0.0000	0.0000	0.0000	0.0000	0.0000	0.0000	0.0000	0.0000	0.0000	0.0000	0.0000	0.0309	0.0000	0.0760	0.0036	0.0000	0.0223	0.0392	0.0000	0.0815	inf	0.0000	0.0024	4.9981	0.0002	32.5905	3.0099	0.0000	0.0000	0.0000	0.0000	0.0000	0.0000	0.0000	0.0000	0.0000	0.0044	0.0000	0.0044	0.0001	0.0000	0.0001	0.0043	0.0000	0.0043	0.0000	0.0000	0.0000	0.0000	0.0000	0.0000	0.0000	0.0000	0.0000	0.1432	0.0849	0.0583	0.0332	0.0278	0.0054	0.1101	0.0571	0.0529	0.0000	0.0000	0.0000	0.0000	0.0000	0.0000	0.0000	0.0000	0.0000	0.0309	0.0000	0.0760	0.0036	0.0000	0.0223	0.0392	0.0000	0.0815				
21	162	0.2632	8	1	2	0	0	0	0	0	0	N	Y	N	N	N	N	N	N	N	N	N	N	0.0000	0.0000	0.0000	0.0000	0.0000	0.0000	0.0000	0.0000	0.0000	0.0000	0.0000	0.0000	0.0000	0.0000	0.0000	0.0000	0.0000	0.0332	0.0538	0.0038	0.1413	0.1704	0.0000	0.0020	0.0000	0.0042	0.0495	0.0000	-0.0019	4.9981	0.9998	32.5905	2.0118	0.0000	0.0000	0.0000	0.0000	0.0000	0.0000	0.0000	0.0000	0.0000	0.0046	0.0044	0.0002	0.0044	0.0044	0.0000	0.0002	0.0000	0.0002	0.0338	0.0287	0.0051	0.0027	0.0025	0.0002	0.0311	0.0262	0.0049	0.1401	0.0823	0.0579	0.0313	0.0260	0.0053	0.1088	0.0563	0.0525	0.0000	0.0000	0.0000	0.0000	0.0000	0.0000	0.0000	0.0000	0.0000	0.0332	0.0538	0.0038	0.1413	0.1704	0.0000	0.0020	0.0000	0.0042		
21	163	0.2632	7	1	2	0	0	0	0	0	0	N	Y	N	N	N	N	N	N	N	N	N	N	0.0000	0.0000	0.0000	0.0000	0.0000	0.0000	0.0000	0.0000	0.0000	0.0000	0.0000	0.0000	0.0000	0.0000	0.0000	0.0000	9.3175	7.8139	10.7858	29.2494	25.1566	0.0000	3.5931	0.0000	9.0687	0.4545	0.0000	-0.0000	4.9981	0.0000	32.5905	0.0003	0.0000	0.0000	0.0000	0.0000	0.0000	0.0000	0.0000	0.0000	0.0000	0.0003	0.0002	0.0001	0.0002	0.0002	0.0000	0.0001	0.0000	0.0001	0.0000	0.0000	0.0000	0.0000	0.0000	0.0000	0.0000	0.0000	0.0000	0.0000	0.0000	0.0000	0.0000	0.0000	0.0000	0.0000	0.0000	0.0000	0.0000	0.0000	0.0000	0.0000	0.0000	0.0000	0.0000	0.0000	0.0000	6.7970	6.3660	7.9865	11.4283	11.7928	0.0000	3.5931	0.0000	8.3850			
21	164	0.2522	6	0	2	0	0	0	0	0	0	N	Y	N	N	N	N	N	N	N	N	N	N	0.2444	0.0070	48.5507	0.2695	0.1761	226.5482	0.3010	0.0000	44.8129	1.1801	0.0620	6.4850	0.1965	0.1484	6.5474	1.7045	0.0000	6.4840	4.8288	8.8110	0.1336	0.7289	0.8429	0.0289	5.6633	10.9902	0.1447	22.0425	0.0124	0.0004	-0.4647	4.9981	0.0063	32.5905	4.3641	0.0007	0.0000	0.0007	0.0000	0.0000	0.0000	0.0006	0.0000	0.0006	1.0417	1.0289	0.0127	0.0477	0.0474	0.0003	0.9940	0.9815	0.0125	0.0006	0.0005	0.0001	0.0002	0.0002	0.0000	0.0004	0.0003	0.0001	0.2409	0.1456	0.0954	0.0654	0.0562	0.0092	0.1755	0.0893	0.0862	0.2729	0.0088	48.5507	0.2695	0.1761	226.5482	0.3010	0.0000	44.8129	4.3238	7.0692	0.1336	0.7289	0.8429	0.0289	5.6633	10.9902	0.1447
21	165	0.2203	5	0	1	0	0	0	0	0	0	N	N	N	N	N	N	N	N	N	N	N	N	1.1711	0.1059	5.9356	0.1905	0.1734	54.4925	1.8428	0.0001	5.5822	3.6252	0.2766	23.2545	1.1614	1.1802	0.2750	4.2584	0.0001	23.9450	3.0957	2.6119	3.9178	6.0970	6.8067	0.0050	2.3108	0.6118	4.2895	14.3411	0.8828	0.2142	0.0234	4.9981	2.5207	32.5905	10.0226	0.4339	0.0283	0.4056	0.0284	0.0283	0.0001	0.4055	0.0000	0.4054	2.2303	1.1846	1.0457	1.0110	1.0109	0.0001	1.2193	0.1737	1.0456	0.1197	0.1022	0.0174	0.0245	0.0240	0.0005	0.0952	0.0783	0.0169	0.7204	0.4535	0.2669	0.1928	0.1696	0.0232	0.5277	0.2839	0.2438	1.1711	0.1059	5.9356	0.2215	0.1980	54.4925	1.8428	0.0001	5.5822	3.0957	2.6119	3.9178	5.2441	5.9594	0.0050	2.3108	0.6118	4.2895
21	166	0.2047	4	0	1	0	0	0	0	0	0	N	N	N	N	N	N	N	N	N	N	N	N	10.7373	5.4032	54.0344	14.3832	14.2279	3.7391	9.0496	0.0024	58.1816	8.0890	4.5992	30.1284	14.7826	15.4061	1.7504	5.6135	0.0016	32.9414	0.7534	0.8512	0.5576	1.0278	1.0828	0.4681	0.6203	0.6648	0.5662	1.0373	0.3273	0.0799	-0.0921	4.9981	2.6894	32.5905	4.6619	1.1748	0.5766	0.5982	0.5796	0.5765	0.0031	0.5952	0.0001	0.5950	0.4349	0.3277	0.1073	0.1937	0.1858	0.0079	0.2412	0.1418	0.0994	0.1452	0.1254	0.0199	0.0392	0.0374	0.0018	0.1060	0.0880	0.0181	0.5773	0.3849	0.1924	0.1885	0.1716	0.0169	0.3888	0.2133	0.1755	10.7373	5.4032	54.0344	14.3832	14.2279	3.7391	9.0496	0.0024	58.1816	0.7534	0.8512	0.5576	1.0278	1.0828	0.4681	0.6203	0.6648	0.5662
21	167	0.1663	3	0	1	0	0	0	0	0	0	N	N	N	N	N	N	N	N	N	N	N	N	0.0554	0.0001	0.3546	0.0000	0.0000	0.0000	0.0581	0.0001	0.3301	0.2027	0.0004	1.3150	0.0000	0.0000	0.0000	0.2126	0.0004	1.3444	3.6573	3.6246	3.7079	3.6485	4.2051	0.6252	3.6604	3.2839	4.0725	597.3333	0.6588	0.0100	-0.1485	4.9981	2.7966	32.5905	8.5340	0.0180	0.0000	0.0179	0.0000	0.0000	0.0000	0.0180	0.0000	0.0179	2.4252	1.4620	0.9631	0.6445	0.6274	0.0172	1.7807	0.8347	0.9460	0.0885	0.0749	0.0136	0.0041	0.0038	0.0003	0.0844	0.0711	0.0133	0.6631	0.4034	0.2598	0.1767	0.1492	0.0275	0.4865	0.2542	0.2323	0.0554	0.0001	0.3546	0.0000	0.0000	0.0000	0.0581	0.0001	0.3301	3.6573	3.6246	3.7079	3.6485	4.2051	0.6252	3.6604	3.2839	4.0725
22	23	0.7213	11	0	1	0	1	0	0	0	0	N	N	N	N	N	N	N	N	N	N	N	N	inf	inf	inf	inf	11.5606	13.2048	0.0000	36.6934	39.0885	0.0000	0.0000	0.0000	0.0000	0.0000	0.0000	0.0000	0.0000	0.0000	0.0000	0.0000	0.0000	0.0000	0.0000	-0.4402	0.0000	12.5677	0.9981	9.8718	0.0014	0.9980	0.9980	0.0000	0.9980	0.9980	0.0000	0.0000	0.0000	0.0000	0.0000	0.0000	0.0000	0.0000	0.0000	0.0000	0.0000	0.0000	0.0000	0.0863	0.0756	0.0107	0.0272	0.0255	0.0017	0.0591	0.0500	0.0091	0.0238	0.0166	0.0072	0.0142	0.0116	0.0027	0.0095	0.0050	0.0046	inf	inf	0.0000	inf	inf	0.0000	0.0000	0.0000	0.0000	0.0000	0.0000	0.0000	0.0000	0.0000	0.0000	0.0000	0.0000	0.0000						
22	24	0.6734	8	0	2	0	1	0	0	0	0	N	Y	N	N	N	N	N	N	N	N	N	N	0.0000	0.0000	0.0000	0.0000	0.0000	0.0000	0.0000	0.0000	0.0000	0.0000	0.0000	0.0000	0.0000	0.0000	0.0000	0.0000	0.0000	0.0000	1.8163	2.5755	0.0005	3.2384	3.9323	0.0014	0.0014	0.0025	0.0000	0.0001	0.0000	-0.3296	12.5677	0.6341	9.8718	12.6218	0.0000	0.0000	0.0000	0.0000	0.0000	0.0000	0.0000	0.0000	0.0000	0.7193	0.7192	0.0001	0.7190	0.7190	0.0001	0.0002	0.0002	0.0000	0.0534	0.0469	0.0066	0.0189	0.0177	0.0012	0.0345	0.0291	0.0054	0.3960	0.2793	0.1168	0.2220	0.1828	0.0392	0.1740	0.0964	0.0776	0.0000	0.0000	0.0000	0.0000	0.0000	0.0000	0.0000	0.0000	0.0000	1.8163	2.5755	0.0005	3.2384	3.9323	0.0014	0.0014	0.0025	0.0000	
22	25	0.1558	2	0	2	0	0	0	0	0	0	N	Y	N	N	N	N	N	N	N	N	N	N	6.5460	2.8005	6073.8349	0.6067	0.6150	46.4301	4120.5116	3382.0833	6640.6450	1.5061	1.0723	3.3164	0.6055	0.6340	0.0336	1.9459	1.3496	3.6037	0.2301	0.3829	0.0005	0.9982	1.0309	0.0007	0.0005	0.0004	0.0005	0.7410	0.0009	-0.0364	-0.0908	12.5677	10.0221	9.8718	10.6811	2.3523	1.3511	1.0012	0.3104	0.3096	0.0008	2.0419	1.0415	1.0004	0.1985	0.1983	0.0002	0.1982	0.1982	0.0000	0.0003	0.0001	0.0002	1.5619	1.2600	0.3019	0.5126	0.4883	0.0243	1.0493	0.7717	0.2776	0.8626	0.5178	0.3448	0.1985	0.1922	0.0063	0.6641	0.3256	0.3385	6.5460	2.8005	6073.8349	0.6067	0.6150	46.4301	4120.5116	3382.0833	6640.6450	0.2301	0.3829	0.0005	0.9982	1.0309	0.0007	0.0005	0.0004	0.0005
22	26	0.7078	10	0	2	0	0	0	0	0	0	N	Y	N	N	N	N	N	N	N	N	N	N	0.0000	0.0000	0.0000	0.0000	0.0000	0.0000	0.0000	0.0000	0.0000	0.0000	0.0000	0.0000	0.0000	0.0000	0.0000	0.0000	0.0000	0.0000	0.0000	0.0000	0.0000	0.0000	0.0000	0.0000	0.0181	0.0000	-0.0000	12.5677	3.9997	9.8718	5.4032	0.0000	0.0000	0.0000	0.0000	0.0000	0.0000	0.0000	0.0000	0.0000	0.0000	0.0000	0.0000	0.0000	0.0000	0.0000	0.0000	0.0000	0.0000	0.3469	0.3047	0.0422	0.1191	0.1118	0.0073	0.2278	0.1929	0.0349	0.2815	0.1974	0.0841	0.1712	0.1400	0.0311	0.1103	0.0573	0.0530	0.0000	0.0000	0.0000	0.0000	0.0000	0.0000	0.0000	0.0000	0.0000	0.0000	0.0000	0.0000	0.0000	0.0000	0.0000	0.0000	0.0000	0.0000				
22	27	0.3763	7	0	2	0	1	0	0	0	0	N	Y	N	N	N	N	N	N	N	N	N	N	0.0000	0.0000	0.0000	0.0000	0.0000	0.0000	0.0000	0.0000	0.0000	0.0000	0.0000	0.0000	0.0000	0.0000	0.0000	0.0000	0.0000	0.0000	0.0001	0.0001	0.0000	0.0003	0.0003	0.0000	0.0000	0.0000	0.0000	0.0344	0.0000	-0.0000	12.5677	4.9655	9.8718	10.6561	0.0000	0.0000	0.0000	0.0000	0.0000	0.0000	0.0000	0.0000	0.0000	0.0000	0.0000	0.0000	0.0000	0.0000	0.0000	0.0000	0.0000	0.0000	0.4347	0.3781	0.0566	0.1222	0.1145	0.0078	0.3125	0.2637	0.0488	0.4030	0.2562	0.1467	0.1072	0.0952	0.0121	0.2957	0.1611	0.1347	0.0000	0.0000	0.0000	0.0000	0.0000	0.0000	0.0000	0.0000	0.0000	0.0001	0.0001	0.0000	0.0003	0.0003	0.0000	0.0000	0.0000	0.0000	
22	28	0.7264	12	0	2	0	1	0	0	0	0	N	Y	N	N	N	N	N	N	N	N	N	N	0.0000	0.0000	0.0000	0.0000	0.0000	0.0000	0.0000	0.0000	0.0000	0.0000	0.0000	0.0000	0.0000	0.0000	0.0000	0.0000	0.0000	0.0000	0.0000	0.0000	12.5677	0.0000	9.8718	0.0000	0.0000	0.0000	0.0000	0.0000	0.0000	0.0000	0.0000	0.0000	0.0000	0.0000	0.0000	0.0000	0.0000	0.0000	0.0000	0.0000	0.0000	0.0000	0.0000	0.0000	0.0000	0.0000	0.0000	0.0000	0.0000	0.0000	0.0000	0.0000	0.0000	0.0000	0.0000	0.0000	0.0000	0.0000	0.0000	0.0000	0.0000	0.0000	0.0000	0.0000	0.0000	0.0000	0.0000	0.0000	0.0000	0.0000	0.0000	0.0000	0.0000	0.0000	0.0000	0.0000	0.0000	0.0000											
22	29	0.6937	7	1	2	0	0	0	0	0	0	N	Y	N	N	N	N	N	N	N	N	N	N	429.1577	366.1856	2.1179	19.1209	17.7268	2.9692	369.1607	250.9584	1.8683	2.3275	2.6863	0.0011	0.0336	0.0359	0.0005	3.7221	4.5183	0.0013	0.0054	0.0073	0.0005	0.0018	0.0020	0.0002	0.0101	0.0180	0.0007	0.0001	0.0289	-0.4374	-0.0009	12.5677	3.9885	9.8718	8.5018	0.9917	0.9916	0.0001	0.0054	0.0054	0.0000	0.9863	0.9862	0.0001	0.0021	0.0020	0.0001	0.0004	0.0004	0.0000	0.0017	0.0017	0.0001	0.4261	0.3691	0.0569	0.1611	0.1509	0.0102	0.2650	0.2183	0.0467	0.3851	0.2767	0.1084	0.2155	0.1847	0.0308	0.1695	0.0920	0.0776	429.1577	366.1856	2.1179	19.1209	17.7268	2.9692	369.1607	250.9584	1.8683	0.0054	0.0073	0.0005	0.0018	0.0020	0.0002	0.0101	0.0180	0.0007
22	30	0.6846	9	0	2	0	0	0	0	0	0	N	Y	N	N	N	N	N	N	N	N	N	N	156.2209	115.0705	360.6986	15.1827	0.2568	inf	192.5552	20995.7413	276.0419	0.0227	0.0102	0.1138	0.0016	0.0000	0.0297	0.0393	0.0194	0.1346	0.0001	0.0001	0.0003	0.0001	0.0001	0.0000	0.0002	0.0000	0.0005	1.5283	1.1817	0.0004	0.0000	12.5677	0.9701	9.8718	4.0208	0.0023	0.0009	0.0014	0.0001	0.0000	0.0001	0.0022	0.0009	0.0013	0.0000	0.0000	0.0000	0.0000	0.0000	0.0000	0.0000	0.0000	0.0000	0.1024	0.0901	0.0123	0.0452	0.0427	0.0025	0.0572	0.0473	0.0099	0.1858	0.1395	0.0463	0.1141	0.0977	0.0164	0.0718	0.0418	0.0299	156.2209	115.0705	360.6986	15.1827	0.2568	inf	192.5552	20995.7413	276.0419	0.0001	0.0001	0.0003	0.0001	0.0001	0.0000	0.0002	0.0000	0.0005
22	31	0.6592	7	0	1	0	1	0	0	0	0	N	N	N	N	N	N	N	N	N	N	N	N	0.0014	0.0012	0.0559	0.0000	0.0000	0.1894	0.0017	0.0011	0.0021	0.0001	0.0001	0.0000	0.0000	0.0000	0.0000	0.0002	0.0002	0.0000	0.0838	0.1186	0.0001	0.0613	0.0744	0.0002	0.1111	0.1975	0.0001	0.0072	0.0004	-0.0000	-0.0216	12.5677	5.0045	9.8718	16.6627	0.0001	0.0001	0.0000	0.0000	0.0000	0.0000	0.0001	0.0001	0.0000	0.0471	0.0470	0.0000	0.0189	0.0189	0.0000	0.0281	0.0281	0.0000	0.4147	0.3638	0.0509	0.1467	0.1375	0.0093	0.2679	0.2263	0.0416	0.5619	0.3968	0.1651	0.3087	0.2544	0.0543	0.2532	0.1424	0.1108	0.0014	0.0012	0.0559	0.0000	0.0000	0.1894	0.0017	0.0011	0.0021	0.0838	0.1186	0.0001	0.0613	0.0744	0.0002	0.1111	0.1975	0.0001
22	32	0.1929	3	1	1	1	0	0	0	0	0	N	N	N	N	N	N	N	N	N	N	N	N	0.0000	0.0000	0.0000	0.0000	0.0000	0.0000	0.0000	0.0000	0.0000	0.0000	0.0000	0.0000	0.0000	0.0000	0.0000	0.0000	0.0000	0.0000	0.0000	0.0000	12.5677	1.4893	9.8718	0.0050	0.0000	0.0000	0.0000	0.0000	0.0000	0.0000	0.0000	0.0000	0.0000	0.0000	0.0000	0.0000	0.0000	0.0000	0.0000	0.0000	0.0000	0.0000	0.1768	0.1514	0.0254	0.0289	0.0279	0.0010	0.1479	0.1235	0.0244	0.0592	0.0334	0.0259	0.0034	0.0032	0.0002	0.0558	0.0302	0.0256	0.0000	0.0000	0.0000	0.0000	0.0000	0.0000	0.0000	0.0000	0.0000	0.0000	0.0000	0.0000	0.0000	0.0000	0.0000	0.0000	0.0000	0.0000											
22	33	0.6848	9	1	1	1	0	0	0	0	0	N	N	N	N	N	N	N	N	N	N	N	N	0.0000	0.0000	0.0000	0.0000	0.0000	0.0000	0.0000	0.0000	0.0000	0.0000	0.0000	0.0000	0.0000	0.0000	0.0000	0.0001	0.0001	0.0000	0.0001	0.0001	0.0000	0.0000	0.0000	0.0000	0.0000	0.0000	-0.0000	12.5677	0.9855	9.8718	5.0251	0.0000	0.0000	0.0000	0.0000	0.0000	0.0000	0.0000	0.0000	0.0000	0.0000	0.0000	0.0000	0.0000	0.0000	0.0000	0.0000	0.0000	0.0000	0.0851	0.0746	0.0105	0.0272	0.0256	0.0017	0.0579	0.0490	0.0089	0.1411	0.0968	0.0442	0.0860	0.0680	0.0180	0.0551	0.0289	0.0262	0.0000	0.0000	0.0000	0.0000	0.0000	0.0000	0.0000	0.0000	0.0000	0.0001	0.0001	0.0000	0.0001	0.0001	0.0000	0.0000	0.0000	0.0000				
22	34	0.6576	9	0	2	0	0	0	0	0	0	N	Y	N	N	N	N	N	N	N	N	N	N	1268334471.1916	inf	0.0000	688883062.9289	inf	0.0000	inf	inf	7.7237	8.7316	0.0000	6.7433	7.3213	0.0000	8.7663	10.3647	0.0000	0.0000	0.0000	0.0000	0.0000	0.0000	0.0000	0.0000	0.0000	0.0000	0.0000	inf	-0.8193	0.0000	12.5677	2.0026	9.8718	4.0175	1.8575	1.8575	0.0000	0.8358	0.8358	0.0000	1.0217	1.0217	0.0000	0.0000	0.0000	0.0000	0.0000	0.0000	0.0000	0.0000	0.0000	0.0000	0.2405	0.2127	0.0278	0.1239	0.1142	0.0098	0.1165	0.0986	0.0180	0.1971	0.1353	0.0617	0.1124	0.0957	0.0166	0.0847	0.0396	0.0451	1268334471.1916	inf	0.0000	688883062.9289	inf	0.0000	inf	inf	0.0000	0.0000	0.0000	0.0000	0.0000	0.0000	0.0000	0.0000	0.0000	0.0000	
22	35	0.6576	8	0	1	0	0	0	0	0	0	N	N	N	N	N	N	N	N	N	N	N	N	1479.2359	664.7850	15549.0377	1019.8583	1113.8405	0.0000	2907.9536	0.0000	67415.1088	0.0498	0.0279	0.2363	0.0328	0.0360	0.0000	0.1046	0.0000	0.6759	0.0000	0.0000	0.0000	0.0000	0.0000	0.0000	0.0000	0.0001	0.0000	0.9923	0.1635	0.0003	-0.0000	12.5677	0.4148	9.8718	1.5497	0.0051	0.0026	0.0026	0.0026	0.0026	0.0000	0.0026	0.0000	0.0026	0.0000	0.0000	0.0000	0.0000	0.0000	0.0000	0.0000	0.0000	0.0000	0.1033	0.0924	0.0108	0.0788	0.0717	0.0070	0.0245	0.0207	0.0038	0.1058	0.0729	0.0329	0.0634	0.0553	0.0082	0.0424	0.0176	0.0248	1479.2359	664.7850	15549.0377	1019.8583	1113.8405	0.0000	2907.9536	0.0000	67415.1088	0.0000	0.0000	0.0000	0.0000	0.0000	0.0000	0.0000	0.0001	0.0000
22	36	0.5998	6	0	2	0	0	0	0	0	0	N	Y	N	N	N	N	N	N	N	N	N	N	41.2144	92.0886	0.0000	0.0000	0.0000	0.0000	38.2839	1101.7827	0.0000	1.6214	1.8522	0.0000	0.0000	0.0000	0.0000	2.3460	2.7716	0.0000	0.0393	0.0201	0.0819	0.0231	0.0283	0.0001	0.0613	0.0025	0.1233	0.0000	1.8402	-0.4411	0.0052	12.5677	7.9964	9.8718	23.6501	1.0000	1.0000	0.0000	0.0000	0.0000	0.0000	1.0000	1.0000	0.0000	0.0276	0.0097	0.0179	0.0093	0.0093	0.0000	0.0183	0.0004	0.0179	0.6167	0.5399	0.0768	0.1905	0.1791	0.0114	0.4263	0.3608	0.0655	0.7016	0.4832	0.2184	0.4035	0.3301	0.0734	0.2981	0.1530	0.1450	41.2144	92.0886	0.0000	0.0000	0.0000	0.0000	38.2839	1101.7827	0.0000	0.0393	0.0201	0.0819	0.0231	0.0283	0.0001	0.0613	0.0025	0.1233
22	37	0.6738	8	1	2	0	0	0	0	0	0	N	Y	N	N	N	N	N	N	N	N	N	N	2.5778	1.0154	326081.9179	0.0026	0.0022	0.0000	33155.4355	10460.9550	inf	3.3207	1.8814	13.7826	0.0052	0.0055	0.0000	5.0763	2.9823	16.6928	1.2882	1.8529	0.0000	2.0020	2.5571	0.0001	0.0002	0.0003	0.0000	1.0078	0.0000	0.1212	-0.4584	12.5677	6.9981	9.8718	25.9787	1.9917	0.9920	0.9997	0.0011	0.0011	0.0000	1.9906	0.9909	0.9997	1.0001	1.0000	0.0000	1.0000	1.0000	0.0000	0.0000	0.0000	0.0000	0.5998	0.5273	0.0725	0.2076	0.1950	0.0126	0.3921	0.3323	0.0599	0.7763	0.5397	0.2366	0.4995	0.3911	0.1084	0.2768	0.1487	0.1282	2.5778	1.0154	326081.9179	0.0026	0.0022	0.0000	33155.4355	10460.9550	inf	1.2882	1.8529	0.0000	2.0020	2.5571	0.0001	0.0002	0.0003	0.0000
22	38	0.6576	8	0	2	0	0	0	0	0	0	N	Y	N	N	N	N	N	N	N	N	N	N	108.1360	35335.7111	0.0000	281.0973	53587.6825	0.0000	0.0000	0.0000	0.0055	0.0062	0.0000	0.0129	0.0139	0.0000	0.0000	0.0000	0.0000	0.0001	0.0000	0.0002	0.0000	0.0000	0.0003	0.0001	0.0000	0.0001	0.0000	419.1242	-0.0011	0.0000	12.5677	4.7553	9.8718	10.1994	0.0026	0.0026	0.0000	0.0026	0.0026	0.0000	0.0000	0.0000	0.0000	0.0000	0.0000	0.0000	0.0000	0.0000	0.0000	0.0000	0.0000	0.0000	0.4739	0.4175	0.0564	0.2005	0.1861	0.0144	0.2734	0.2314	0.0420	0.3885	0.2662	0.1223	0.2141	0.1799	0.0342	0.1743	0.0862	0.0881	108.1360	35335.7111	0.0000	281.0973	53587.6825	0.0000	0.0000	0.0000	0.0000	0.0001	0.0000	0.0002	0.0000	0.0000	0.0003	0.0001	0.0000	0.0001	
22	39	0.5998	6	1	2	0	0	0	0	0	0	N	Y	N	N	N	N	N	N	N	N	N	N	2.9454	5.3210	0.0000	3.6753	3.1977	0.0000	2.2720	3586.2008	0.0000	7.3160	8.3612	0.0000	6.9143	7.3543	0.0000	7.4955	8.8612	0.0000	2.4839	1.5714	4.5023	1.8813	2.2999	0.0005	3.2990	0.0025	6.7823	0.0000	1.2954	-1.2593	0.1878	12.5677	5.0000	9.8718	27.3229	2.8549	2.8549	0.0000	0.8332	0.8332	0.0000	2.0217	2.0217	0.0000	1.7721	0.7721	1.0001	0.7717	0.7717	0.0000	1.0004	0.0004	1.0001	0.3902	0.3414	0.0488	0.1205	0.1133	0.0072	0.2697	0.2281	0.0416	0.7135	0.4913	0.2221	0.4102	0.3355	0.0747	0.3033	0.1558	0.1475	2.9454	5.3210	0.0000	3.6753	3.1977	0.0000	2.2720	3586.2008	0.0000	2.4839	1.5714	4.5023	1.8813	2.2999	0.0005	3.2990	0.0025	6.7823
22	40	0.6738	8	0	2	0	0	0	0	0	0	N	Y	N	N	N	N	N	N	N	N	N	N	299.8420	21539.0219	0.0000	0.0000	0.0000	163.4187	9301.4833	0.0000	1.6664	1.8956	0.0000	0.0000	0.0000	0.0000	2.5487	3.0081	0.0000	0.0056	0.0001	0.0180	0.0001	0.0000	0.0004	0.0156	0.0003	0.0332	0.0000	89.8975	-0.4411	0.0020	12.5677	7.0019	9.8718	21.4344	1.0000	1.0000	0.0000	0.0000	0.0000	0.0000	1.0000	1.0000	0.0000	0.0039	0.0000	0.0038	0.0000	0.0000	0.0000	0.0038	0.0000	0.0038	0.6001	0.5275	0.0726	0.2078	0.1951	0.0127	0.3924	0.3324	0.0599	0.6932	0.4816	0.2116	0.4487	0.3505	0.0982	0.2444	0.1310	0.1134	299.8420	21539.0219	0.0000	0.0000	0.0000	0.0000	163.4187	9301.4833	0.0000	0.0056	0.0001	0.0180	0.0001	0.0000	0.0004	0.0156	0.0003	0.0332	
22	42	0.6738	8	0	2	0	0	0	0	0	0	N	Y	N	N	N	N	N	N	N	N	N	N	0.0000	0.0000	0.0000	0.0000	0.0000	0.0000	0.0000	0.0000	0.0000	0.0000	0.0000	0.0000	0.0000	0.0001	0.0001	0.0000	0.0001	0.0002	0.0000	0.0000	0.0000	0.0000	0.0000	0.0000	-0.0000	12.5677	5.9981	9.8718	11.5875	0.0000	0.0000	0.0000	0.0000	0.0000	0.0000	0.0000	0.0000	0.0000	0.0000	0.0000	0.0000	0.0000	0.0000	0.0000	0.0000	0.0000	0.0000	0.5163	0.4538	0.0625	0.1789	0.1680	0.0109	0.3374	0.2858	0.0516	0.4813	0.3332	0.1481	0.3177	0.2461	0.0717	0.1635	0.0871	0.0764	0.0000	0.0000	0.0000	0.0000	0.0000	0.0000	0.0000	0.0000	0.0000	0.0001	0.0001	0.0000	0.0001	0.0002	0.0000	0.0000	0.0000	0.0000						
22	43	0.7575	8	0	2	1	1	0	0	0	0	N	Y	N	N	N	N	N	N	N	N	N	N	1218.1699	1001.9208	0.0000	0.1504	0.1466	0.0000	1008.5522	623.6979	0.0000	11.9809	13.7148	0.0000	0.0002	0.0002	0.0000	18.4438	21.9913	0.0000	0.0098	0.0137	0.0002	0.0013	0.0014	0.0000	0.0183	0.0353	0.0003	0.0000	0.0072	-0.4405	-0.0006	12.5677	1.0007	9.8718	2.4334	0.9986	0.9986	0.0000	0.0000	0.0000	0.0000	0.9986	0.9986	0.0000	0.0014	0.0014	0.0000	0.0001	0.0001	0.0000	0.0013	0.0013	0.0000	0.0833	0.0728	0.0105	0.0292	0.0274	0.0018	0.0541	0.0454	0.0087	0.1419	0.1012	0.0407	0.0705	0.0645	0.0060	0.0715	0.0368	0.0347	1218.1699	1001.9208	0.0000	0.1504	0.1466	0.0000	1008.5522	623.6979	0.0000	0.0098	0.0137	0.0002	0.0013	0.0014	0.0000	0.0183	0.0353	0.0003
22	44	0.7203	7	0	1	0	1	0	0	0	0	N	N	N	N	N	N	N	N	N	N	N	N	0.0409	0.0335	0.0327	0.6670	0.6482	2.7794	0.0097	0.0060	0.0030	0.0510	0.0588	0.0010	0.0824	0.0922	0.0026	0.0248	0.0293	0.0001	1.2464	1.7544	0.0317	0.1236	0.1422	0.0009	2.5527	4.9121	0.0414	0.0027	0.0076	-0.0025	-0.3645	12.5677	1.0391	9.8718	15.0482	0.0057	0.0056	0.0000	0.0042	0.0041	0.0000	0.0015	0.0015	0.0000	0.8084	0.8024	0.0061	0.0431	0.0431	0.0000	0.7653	0.7593	0.0060	0.1109	0.0961	0.0148	0.0505	0.0450	0.0055	0.0604	0.0511	0.0093	0.6486	0.4573	0.1913	0.3488	0.3028	0.0460	0.2998	0.1546	0.1452	0.0409	0.0335	0.0327	0.6670	0.6482	2.7794	0.0097	0.0060	0.0030	1.2464	1.7544	0.0317	0.1236	0.1422	0.0009	2.5527	4.9121	0.0414
22	45	0.5998	6	0	2	0	0	0	0	0	0	N	Y	N	N	N	N	N	N	N	N	N	N	83.4027	0.0000	inf	0.0000	0.0000	1297.8220	0.0000	inf	1.0816	0.0000	8.7229	0.0000	0.0000	0.0000	1.5650	0.0000	10.2444	0.0130	0.0188	0.0000	0.0217	0.0265	0.0000	0.0012	0.0023	0.0000	inf	0.0000	0.5589	-0.0045	12.5677	12.0036	9.8718	21.9053	1.0000	0.0000	1.0000	0.0000	0.0000	0.0000	1.0000	0.0000	1.0000	0.0097	0.0097	0.0000	0.0093	0.0093	0.0000	0.0004	0.0004	0.0000	0.9246	0.8099	0.1146	0.2856	0.2686	0.0170	0.6390	0.5414	0.0976	0.7499	0.5163	0.2335	0.4306	0.3520	0.0786	0.3193	0.1643	0.1549	83.4027	0.0000	inf	0.0000	0.0000	0.0000	1297.8220	0.0000	inf	0.0130	0.0188	0.0000	0.0217	0.0265	0.0000	0.0012	0.0023	0.0000	
22	46	0.3833	8	1	2	0	0	0	0	0	0	N	Y	N	N	N	N	N	N	N	N	N	N	0.0000	0.0000	0.0000	0.0000	0.0000	0.0000	0.0000	0.0000	0.0000	0.0000	0.0000	0.0000	0.0000	0.0000	0.0000	0.0000	0.0011	0.0017	0.0000	0.0051	0.0059	0.0000	0.0000	0.0000	0.0000	0.0000	0.0000	-0.0000	12.5677	2.0120	9.8718	1.9924	0.0000	0.0000	0.0000	0.0000	0.0000	0.0000	0.0000	0.0000	0.0000	0.0001	0.0001	0.0000	0.0001	0.0001	0.0000	0.0000	0.0000	0.0000	0.1820	0.1583	0.0238	0.0528	0.0495	0.0033	0.1292	0.1088	0.0204	0.0941	0.0582	0.0359	0.0196	0.0171	0.0025	0.0745	0.0412	0.0333	0.0000	0.0000	0.0000	0.0000	0.0000	0.0000	0.0000	0.0000	0.0000	0.0011	0.0017	0.0000	0.0051	0.0059	0.0000	0.0000	0.0000	0.0000			
22	47	0.7043	12	1	2	0	0	0	0	0	0	N	Y	N	N	N	N	N	N	N	N	N	N	0.0000	0.0000	0.0000	0.0000	0.0000	0.0000	0.0000	0.0000	0.0000	0.0000	0.0000	0.0000	0.0000	0.0000	0.0000	0.0010	0.0000	0.0034	0.0000	0.0000	0.0000	0.0028	0.0000	0.0058	inf	0.0000	0.0001	12.5677	0.0002	9.8718	4.0036	0.0000	0.0000	0.0000	0.0000	0.0000	0.0000	0.0000	0.0000	0.0000	0.0001	0.0000	0.0001	0.0000	0.0000	0.0000	0.0001	0.0000	0.0001	0.0001	0.0001	0.0000	0.0001	0.0001	0.0000	0.0000	0.0000	0.0000	0.0955	0.0671	0.0285	0.0615	0.0495	0.0120	0.0340	0.0176	0.0165	0.0000	0.0000	0.0000	0.0000	0.0000	0.0000	0.0000	0.0000	0.0000	0.0010	0.0000	0.0034	0.0000	0.0000	0.0000	0.0028	0.0000	0.0058				
22	48	0.5998	6	0	2	0	1	0	0	0	0	N	Y	N	N	N	N	N	N	N	N	N	N	0.9028	0.7093	0.0000	0.0000	0.0000	0.0000	0.7992	0.4930	0.0000	2.1427	2.4485	0.0000	0.0000	0.0000	0.0000	3.1001	3.6642	0.0000	2.3736	3.4522	0.0001	1.2148	1.4903	0.0003	3.8789	7.4320	0.0000	0.0000	0.0000	-0.4411	-1.2156	12.5677	6.0036	9.8718	51.7820	1.0000	1.0000	0.0000	0.0000	0.0000	0.0000	1.0000	1.0000	0.0000	2.6522	2.6521	0.0000	0.7669	0.7669	0.0000	1.8852	1.8852	0.0000	0.4667	0.4084	0.0583	0.1441	0.1355	0.0086	0.3226	0.2729	0.0497	1.1174	0.7682	0.3491	0.6314	0.5146	0.1168	0.4860	0.2537	0.2324	0.9028	0.7093	0.0000	0.0000	0.0000	0.0000	0.7992	0.4930	0.0000	2.3736	3.4522	0.0001	1.2148	1.4903	0.0003	3.8789	7.4320	0.0000
22	49	0.5998	6	1	2	0	0	0	0	0	0	N	Y	N	N	N	N	N	N	N	N	N	N	0.0321	0.0252	0.0000	1.4997	1.3026	0.0000	0.0000	0.0000	0.0000	0.0346	0.0396	0.0000	0.1121	0.1192	0.0000	0.0000	0.0000	0.0000	1.0788	1.5673	0.0003	0.0748	0.0915	0.0002	2.4208	4.6806	0.0004	0.0000	0.0001	-0.0071	-0.4224	12.5677	5.9964	9.8718	34.6547	0.0161	0.0161	0.0000	0.0161	0.0161	0.0000	0.0000	0.0000	0.0000	0.9218	0.9217	0.0001	0.0365	0.0365	0.0000	0.8852	0.8852	0.0001	0.4661	0.4079	0.0582	0.1440	0.1353	0.0086	0.3222	0.2726	0.0496	0.8544	0.5881	0.2664	0.4888	0.3990	0.0898	0.3657	0.1891	0.1766	0.0321	0.0252	0.0000	1.4997	1.3026	0.0000	0.0000	0.0000	0.0000	1.0788	1.5673	0.0003	0.0748	0.0915	0.0002	2.4208	4.6806	0.0004
22	50	0.6894	7	0	1	1	0	0	0	0	0	N	N	N	N	N	N	N	N	N	N	N	N	14.4568	11.5644	1.0189	21.8543	19.4405	1.7877	60.4822	39.4092	0.0741	0.4170	0.4714	0.0000	1.1492	1.2219	0.0001	0.0060	0.0070	0.0000	0.0288	0.0408	0.0000	0.0526	0.0629	0.0001	0.0001	0.0002	0.0000	0.0000	0.0002	-0.4449	-0.0211	12.5677	31.2093	9.8718	46.3939	1.0086	1.0086	0.0000	0.9994	0.9994	0.0000	0.0092	0.0092	0.0000	0.0460	0.0460	0.0000	0.0459	0.0459	0.0000	0.0001	0.0001	0.0000	2.4187	2.1394	0.2793	0.8697	0.8179	0.0518	1.5490	1.3215	0.2275	1.5941	1.1277	0.4664	0.8731	0.7303	0.1428	0.7210	0.3974	0.3236	14.4568	11.5644	1.0189	21.8543	19.4405	1.7877	60.4822	39.4092	0.0741	0.0288	0.0408	0.0000	0.0526	0.0629	0.0001	0.0001	0.0002	0.0000
22	51	0.6366	7	0	2	0	0	0	0	0	0	N	Y	N	N	N	N	N	N	N	N	N	N	0.9280	0.7186	0.5850	0.1373	0.1252	2.8189	0.9351	0.4963	0.0042	1.4176	1.6049	0.0001	0.1267	0.1337	0.0007	2.1642	2.5579	0.0000	1.5275	2.2334	0.0002	0.9229	1.0677	0.0003	2.3143	5.1538	0.0002	0.0000	0.0000	-0.2561	-0.5982	12.5677	4.1516	9.8718	14.5664	0.5807	0.5807	0.0000	0.0190	0.0190	0.0000	0.5617	0.5617	0.0000	1.3052	1.3052	0.0001	0.4459	0.4459	0.0000	0.8593	0.8593	0.0000	0.4096	0.3618	0.0478	0.1501	0.1422	0.0079	0.2595	0.2196	0.0399	0.8545	0.5844	0.2701	0.4832	0.4177	0.0655	0.3713	0.1667	0.2046	0.9280	0.7186	0.5850	0.1373	0.1252	2.8189	0.9351	0.4963	0.0042	1.5275	2.2334	0.0002	0.9229	1.0677	0.0003	2.3143	5.1538	0.0002
22	52	0.7171	9	1	1	1	0	0	0	0	0	N	N	N	N	N	N	N	N	N	N	N	N	0.0000	0.0000	0.0000	0.0000	0.0000	0.0000	0.0000	0.0000	0.0000	0.0000	0.0000	0.0000	0.0000	0.0000	0.0000	0.0000	0.0000	0.0063	0.0000	0.0232	0.0000	0.0000	0.0000	0.0149	0.0000	0.0356	17500.7083	0.0000	0.0001	12.5677	0.0028	9.8718	0.9232	0.0000	0.0000	0.0000	0.0000	0.0000	0.0000	0.0000	0.0000	0.0000	0.0002	0.0000	0.0002	0.0000	0.0000	0.0000	0.0002	0.0000	0.0002	0.0003	0.0002	0.0000	0.0001	0.0001	0.0000	0.0002	0.0001	0.0000	0.0332	0.0241	0.0091	0.0191	0.0159	0.0032	0.0141	0.0082	0.0059	0.0000	0.0000	0.0000	0.0000	0.0000	0.0000	0.0000	0.0000	0.0000	0.0063	0.0000	0.0232	0.0000	0.0000	0.0000	0.0149	0.0000	0.0356		
22	53	0.5296	9	0	2	0	0	0	0	0	0	N	Y	N	N	N	N	N	N	N	N	N	N	17.6158	13.5697	0.0619	471.5494	438.0774	4.3479	3.6517	2.2858	0.0010	0.6502	0.7457	0.0001	1.6182	1.6995	0.0009	0.2172	0.2598	0.0000	0.0369	0.0550	0.0017	0.0034	0.0039	0.0002	0.0595	0.1137	0.0019	0.0000	0.0157	-0.2258	-0.0123	12.5677	8.5400	9.8718	19.3759	0.5119	0.5119	0.0000	0.3937	0.3937	0.0000	0.1182	0.1182	0.0000	0.0278	0.0274	0.0004	0.0010	0.0010	0.0000	0.0268	0.0264	0.0004	0.7872	0.6864	0.1008	0.2433	0.2317	0.0116	0.5439	0.4547	0.0892	0.7541	0.4987	0.2554	0.3037	0.2667	0.0370	0.4504	0.2320	0.2184	17.6158	13.5697	0.0619	471.5494	438.0774	4.3479	3.6517	2.2858	0.0010	0.0369	0.0550	0.0017	0.0034	0.0039	0.0002	0.0595	0.1137	0.0019
22	54	0.4665	8	0	1	0	0	0	0	0	0	N	N	N	N	N	N	N	N	N	N	N	N	1.6679	1.0343	84.2141	53.4971	50.7039	0.9792	1.3245	0.6592	85.3125	1.7613	1.6394	2.6445	1.0028	1.0448	0.0011	2.1097	1.9510	2.9523	1.0560	1.5850	0.0314	0.0187	0.0206	0.0012	1.5929	2.9596	0.0346	0.2226	0.0102	-0.3349	-0.4219	12.5677	7.3474	9.8718	24.2346	1.2930	1.0576	0.2354	0.2318	0.2317	0.0000	1.0613	0.8259	0.2354	0.9412	0.9317	0.0095	0.0057	0.0057	0.0000	0.9355	0.9260	0.0095	0.7341	0.6451	0.0890	0.2311	0.2218	0.0093	0.5030	0.4233	0.0797	0.8913	0.5878	0.3035	0.3040	0.2749	0.0291	0.5873	0.3129	0.2744	1.6679	1.0343	84.2141	53.4971	50.7039	0.9792	1.3245	0.6592	85.3125	1.0560	1.5850	0.0314	0.0187	0.0206	0.0012	1.5929	2.9596	0.0346
22	55	0.4367	7	0	1	0	0	0	0	0	0	N	N	N	N	N	N	N	N	N	N	N	N	3.8815	4.3716	7.0531	6.1795	5.8822	0.0092	3.5501	3.3754	6.9317	1.4805	0.7452	5.7300	0.8713	0.8951	0.0000	1.8358	0.6364	6.1364	0.3814	0.1705	0.8124	0.1410	0.1522	0.0039	0.5171	0.1886	0.8853	1.3304	2.3326	0.0880	0.0648	12.5677	3.4216	9.8718	15.9376	0.6778	0.2909	0.3870	0.1470	0.1470	0.0000	0.5309	0.1439	0.3870	0.2683	0.0805	0.1878	0.0358	0.0357	0.0001	0.2326	0.0448	0.1877	0.4578	0.3903	0.0675	0.1687	0.1642	0.0045	0.2892	0.2261	0.0631	0.7035	0.4723	0.2312	0.2538	0.2347	0.0191	0.4497	0.2376	0.2121	3.8815	4.3716	7.0531	6.1795	5.8822	0.0092	3.5501	3.3754	6.9317	0.3814	0.1705	0.8124	0.1410	0.1522	0.0039	0.5171	0.1886	0.8853
22	56	0.7203	7	0	2	0	0	0	0	0	0	N	Y	N	N	N	N	N	N	N	N	N	N	5.4490	5.1014	0.0104	1.1032	1.0717	3.3923	24.6654	77.9835	0.0010	1.2593	1.4542	0.0011	0.4023	0.4519	0.0026	1.9879	2.3507	0.0001	0.2311	0.2851	0.1030	0.3647	0.4217	0.0008	0.0806	0.0301	0.1357	0.0001	0.1523	-0.0593	-0.0558	12.5677	0.9891	9.8718	20.6926	0.1345	0.1345	0.0000	0.0197	0.0197	0.0000	0.1147	0.1147	0.0000	0.1712	0.1486	0.0226	0.1431	0.1431	0.0000	0.0281	0.0055	0.0226	0.1068	0.0925	0.0143	0.0491	0.0437	0.0054	0.0577	0.0488	0.0089	0.7407	0.5211	0.2196	0.3925	0.3393	0.0532	0.3482	0.1818	0.1664	5.4490	5.1014	0.0104	1.1032	1.0717	3.3923	24.6654	77.9835	0.0010	0.2311	0.2851	0.1030	0.3647	0.4217	0.0008	0.0806	0.0301	0.1357
22	57	0.5998	6	0	1	0	0	0	0	0	0	N	N	N	N	N	N	N	N	N	N	N	N	1.2546	2.1211	0.0000	0.0036	0.0032	0.0286	1.2863	6.7440	0.0000	2.5568	2.9220	0.0000	0.0051	0.0055	0.0000	3.6968	4.3704	0.0000	2.0379	1.3776	3.4948	1.4087	1.7265	0.0010	2.8739	0.6480	5.2696	0.0000	1.1498	-0.4429	0.1425	12.5677	5.0326	9.8718	39.3193	1.0041	1.0041	0.0000	0.0006	0.0006	0.0000	1.0035	1.0035	0.0000	1.8631	0.8666	0.9965	0.7349	0.7348	0.0001	1.1283	0.1319	0.9964	0.3927	0.3436	0.0491	0.1213	0.1140	0.0073	0.2714	0.2296	0.0418	0.9142	0.6291	0.2851	0.5216	0.4256	0.0961	0.3926	0.2035	0.1891	1.2546	2.1211	0.0000	0.0036	0.0032	0.0286	1.2863	6.7440	0.0000	2.0379	1.3776	3.4948	1.4087	1.7265	0.0010	2.8739	0.6480	5.2696
22	58	0.5998	6	0	2	0	1	0	0	0	0	N	Y	N	N	N	N	N	N	N	N	N	N	0.0016	0.0012	0.0000	0.0058	0.0051	0.0000	0.0001	0.0001	0.0000	0.0030	0.0034	0.0000	0.0090	0.0095	0.0000	0.0003	0.0004	0.0000	1.8966	2.7528	0.0064	1.5387	1.8852	0.0002	2.3741	4.5786	0.0096	0.0000	0.0011	-0.0005	-0.7563	12.5677	5.0036	9.8718	36.7244	0.0012	0.0012	0.0000	0.0011	0.0011	0.0000	0.0001	0.0001	0.0000	1.6538	1.6521	0.0017	0.7669	0.7669	0.0000	0.8869	0.8852	0.0017	0.3905	0.3417	0.0488	0.1206	0.1134	0.0072	0.2699	0.2283	0.0416	0.8720	0.6001	0.2719	0.4985	0.4068	0.0916	0.3736	0.1933	0.1802	0.0016	0.0012	0.0000	0.0058	0.0051	0.0000	0.0001	0.0001	0.0000	1.8966	2.7528	0.0064	1.5387	1.8852	0.0002	2.3741	4.5786	0.0096
22	59	0.4171	7	0	2	0	1	0	0	0	0	N	Y	N	N	N	N	N	N	N	N	N	N	19.5673	900.6328	0.1167	0.1326	0.1193	0.3834	19.7228	296958.1759	0.1155	0.9839	1.1104	0.0172	0.0004	0.0003	0.0041	1.4819	1.7526	0.0188	0.0503	0.0012	0.1476	0.0034	0.0026	0.0107	0.0751	0.0000	0.1624	0.0020	60.3475	-0.4399	0.0278	12.5677	10.4254	9.8718	21.2017	1.0020	0.9999	0.0020	0.0002	0.0001	0.0001	1.0018	0.9998	0.0020	0.0530	0.0009	0.0521	0.0012	0.0009	0.0004	0.0517	0.0000	0.0517	1.0184	0.9005	0.1179	0.3424	0.3300	0.0123	0.6760	0.5705	0.1055	1.0534	0.7003	0.3531	0.3649	0.3303	0.0346	0.6885	0.3700	0.3185	19.5673	900.6328	0.1167	0.1326	0.1193	0.3834	19.7228	296958.1759	0.1155	0.0503	0.0012	0.1476	0.0034	0.0026	0.0107	0.0751	0.0000	0.1624
22	60	0.7171	9	1	1	1	0	0	0	0	0	N	N	N	N	N	N	N	N	N	N	N	N	0.0000	0.0000	0.0000	0.0000	0.0000	0.0000	0.0000	0.0000	0.0000	0.0000	0.0000	0.0000	0.0000	0.0000	0.0000	0.0000	0.0000	0.0016	0.0000	0.0052	0.0000	0.0000	0.0000	0.0040	0.0000	0.0090	17500.7083	0.0000	0.0001	12.5677	1.9981	9.8718	3.0867	0.0000	0.0000	0.0000	0.0000	0.0000	0.0000	0.0000	0.0000	0.0000	0.0002	0.0000	0.0002	0.0000	0.0000	0.0000	0.0002	0.0000	0.0002	0.1735	0.1524	0.0211	0.0586	0.0551	0.0035	0.1150	0.0973	0.0176	0.1311	0.0908	0.0402	0.0786	0.0618	0.0168	0.0525	0.0291	0.0234	0.0000	0.0000	0.0000	0.0000	0.0000	0.0000	0.0000	0.0000	0.0000	0.0016	0.0000	0.0052	0.0000	0.0000	0.0000	0.0040	0.0000	0.0090		
22	61	0.6738	8	1	1	1	0	0	0	0	0	N	N	N	N	N	N	N	N	N	N	N	N	0.0000	0.0000	0.0000	0.0000	0.0000	0.0000	0.0000	0.0000	0.0000	0.0000	0.0000	0.0000	0.0000	0.0000	0.0000	0.0000	0.0000	0.0000	2.0351	0.0001	7.0338	0.0000	0.0000	0.0001	5.9764	0.0005	22.9101	23592.7799	0.0000	0.5415	12.5677	4.0039	9.8718	14.0733	0.0000	0.0000	0.0000	0.0000	0.0000	0.0000	0.0000	0.0000	0.0000	0.9998	0.0000	0.9998	0.0000	0.0000	0.0000	0.9998	0.0000	0.9998	0.3478	0.3056	0.0422	0.1208	0.1134	0.0074	0.2271	0.1922	0.0348	0.4913	0.3402	0.1511	0.3240	0.2511	0.0729	0.1673	0.0892	0.0781	0.0000	0.0000	0.0000	0.0000	0.0000	0.0000	0.0000	0.0000	0.0000	2.0351	0.0001	6.6176	0.0000	0.0000	0.0001	5.9764	0.0005	12.7939	
22	62	0.6931	9	1	1	1	0	0	0	0	0	N	N	N	N	N	N	N	N	N	N	N	N	0.0000	0.0000	0.0000	0.0000	0.0000	0.0000	0.0000	0.0000	0.0000	0.0000	0.0000	0.0000	0.0000	0.0000	0.0000	0.0000	0.0000	0.0000	0.0769	0.0122	0.2216	0.0134	0.0171	0.0002	0.1859	0.0000	0.4033	8.1267	0.0000	0.0138	12.5677	0.0060	9.8718	17.2393	0.0000	0.0000	0.0000	0.0000	0.0000	0.0000	0.0000	0.0000	0.0000	0.0319	0.0035	0.0284	0.0035	0.0035	0.0000	0.0284	0.0000	0.0284	0.0006	0.0005	0.0001	0.0002	0.0002	0.0000	0.0003	0.0003	0.0001	0.4153	0.2870	0.1283	0.2624	0.2046	0.0578	0.1529	0.0824	0.0705	0.0000	0.0000	0.0000	0.0000	0.0000	0.0000	0.0000	0.0000	0.0000	0.0769	0.0122	0.2216	0.0134	0.0171	0.0002	0.1859	0.0000	0.4033	
22	63	0.6366	7	0	1	1	0	0	0	0	0	N	N	N	N	N	N	N	N	N	N	N	N	0.0008	0.0000	inf	0.0011	0.0000	inf	0.0001	0.0000	inf	0.0000	0.0000	0.0004	0.0001	0.0000	0.0024	0.0000	0.0000	0.0000	0.0482	0.0706	0.0000	0.0810	0.0929	0.0000	0.0045	0.0105	0.0000	inf	0.0000	0.0000	-0.0168	12.5677	1.0230	9.8718	12.1924	0.0000	0.0000	0.0000	0.0000	0.0000	0.0000	0.0000	0.0000	0.0000	0.0367	0.0367	0.0000	0.0352	0.0352	0.0000	0.0015	0.0015	0.0000	0.1501	0.1341	0.0160	0.0626	0.0602	0.0024	0.0875	0.0740	0.0136	0.7614	0.5200	0.2414	0.4353	0.3793	0.0561	0.3260	0.1407	0.1853	0.0008	0.0000	inf	0.0011	0.0000	inf	0.0001	0.0000	inf	0.0482	0.0706	0.0000	0.0810	0.0929	0.0000	0.0045	0.0105	0.0000
22	64	0.5998	6	0	1	0	0	0	0	0	0	N	N	N	N	N	N	N	N	N	N	N	N	0.0017	0.0012	0.3870	0.0001	0.0001	0.0000	0.0105	0.0057	0.3264	0.0016	0.0017	0.0012	0.0001	0.0001	0.0000	0.0023	0.0025	0.0014	0.9556	1.3842	0.0032	1.4945	1.8021	0.0005	0.2207	0.4376	0.0044	0.1050	0.0010	-0.0001	-0.1688	12.5677	2.4556	9.8718	12.4191	0.0003	0.0003	0.0000	0.0000	0.0000	0.0000	0.0003	0.0003	0.0000	0.3691	0.3687	0.0004	0.3330	0.3330	0.0000	0.0361	0.0357	0.0004	0.1936	0.1693	0.0243	0.0598	0.0562	0.0036	0.1338	0.1131	0.0207	0.3863	0.2664	0.1199	0.2228	0.1848	0.0380	0.1634	0.0816	0.0818	0.0017	0.0012	0.3870	0.0001	0.0001	0.0000	0.0105	0.0057	0.3264	0.9556	1.3842	0.0032	1.4945	1.8021	0.0005	0.2207	0.4376	0.0044
22	65	0.7222	8	0	2	0	0	0	0	0	0	N	Y	N	N	N	N	N	N	N	N	N	N	0.0490	0.0397	0.0000	0.0000	0.0000	0.0000	14.5568	9.6274	0.0000	0.0001	0.0001	0.0000	0.0000	0.0000	0.0000	0.0002	0.0002	0.0000	0.0024	0.0033	0.0000	0.0042	0.0050	0.0000	0.0000	0.0000	0.0000	0.0000	0.0000	-0.0000	-0.0004	12.5677	1.7555	9.8718	11.9300	0.0000	0.0000	0.0000	0.0000	0.0000	0.0000	0.0000	0.0000	0.0000	0.0008	0.0008	0.0000	0.0008	0.0008	0.0000	0.0000	0.0000	0.0000	0.1735	0.1547	0.0188	0.0662	0.0629	0.0034	0.1073	0.0918	0.0155	0.3518	0.2541	0.0977	0.1947	0.1662	0.0286	0.1571	0.0879	0.0692	0.0490	0.0397	0.0000	0.0000	0.0000	0.0000	14.5568	9.6274	0.0000	0.0024	0.0033	0.0000	0.0042	0.0050	0.0000	0.0000	0.0000	0.0000
22	66	0.7012	10	1	2	1	0	0	0	0	0	N	Y	N	N	N	N	N	N	N	N	N	N	0.0000	0.0000	0.0000	0.0000	0.0000	0.0000	0.0000	0.0000	0.0000	0.0000	0.0000	0.0000	0.0000	0.0000	0.0000	0.0000	0.0000	0.0000	0.0000	0.0000	12.5677	0.0000	9.8718	0.0000	0.0000	0.0000	0.0000	0.0000	0.0000	0.0000	0.0000	0.0000	0.0000	0.0000	0.0000	0.0000	0.0000	0.0000	0.0000	0.0000	0.0000	0.0000	0.0000	0.0000	0.0000	0.0000	0.0000	0.0000	0.0000	0.0000	0.0000	0.0000	0.0000	0.0000	0.0000	0.0000	0.0000	0.0000	0.0000	0.0000	0.0000	0.0000	0.0000	0.0000	0.0000	0.0000	0.0000	0.0000	0.0000	0.0000	0.0000	0.0000	0.0000	0.0000	0.0000	0.0000	0.0000	0.0000											
22	67	0.1971	3	1	2	1	0	0	0	0	0	N	Y	N	N	N	N	N	N	N	N	N	N	0.0000	0.0000	0.0000	0.0000	0.0000	0.0000	0.0000	0.0000	0.0000	0.0000	0.0000	0.0000	0.0000	0.0000	0.0000	0.0000	0.0000	0.0000	0.0000	0.0000	12.5677	1.0000	9.8718	3.0000	0.0000	0.0000	0.0000	0.0000	0.0000	0.0000	0.0000	0.0000	0.0000	0.0000	0.0000	0.0000	0.0000	0.0000	0.0000	0.0000	0.0000	0.0000	0.1169	0.1017	0.0152	0.0239	0.0229	0.0010	0.0930	0.0788	0.0142	0.1510	0.0840	0.0669	0.0075	0.0071	0.0004	0.1434	0.0769	0.0665	0.0000	0.0000	0.0000	0.0000	0.0000	0.0000	0.0000	0.0000	0.0000	0.0000	0.0000	0.0000	0.0000	0.0000	0.0000	0.0000	0.0000	0.0000											
22	68	0.7012	10	1	2	1	0	0	0	0	0	N	Y	N	N	N	N	N	N	N	N	N	N	0.0000	0.0000	0.0000	0.0000	0.0000	0.0000	0.0000	0.0000	0.0000	0.0000	0.0000	0.0000	0.0000	0.0000	0.0000	0.0000	0.0000	0.0000	0.0000	0.0000	12.5677	1.0000	9.8718	0.0000	0.0000	0.0000	0.0000	0.0000	0.0000	0.0000	0.0000	0.0000	0.0000	0.0000	0.0000	0.0000	0.0000	0.0000	0.0000	0.0000	0.0000	0.0000	0.0863	0.0757	0.0107	0.0276	0.0259	0.0017	0.0587	0.0497	0.0090	0.0235	0.0162	0.0073	0.0143	0.0114	0.0029	0.0092	0.0048	0.0044	0.0000	0.0000	0.0000	0.0000	0.0000	0.0000	0.0000	0.0000	0.0000	0.0000	0.0000	0.0000	0.0000	0.0000	0.0000	0.0000	0.0000	0.0000											
22	69	0.6848	9	1	2	1	0	0	0	0	0	N	Y	N	N	N	N	N	N	N	N	N	N	0.0000	0.0000	0.0000	0.0000	0.0000	0.0000	0.0000	0.0000	0.0000	0.0000	0.0000	0.0000	0.0000	0.0000	0.0000	0.0002	0.0004	0.0000	0.0004	0.0005	0.0000	0.0000	0.0000	0.0000	0.0000	0.0000	-0.0000	12.5677	1.0155	9.8718	5.9708	0.0000	0.0000	0.0000	0.0000	0.0000	0.0000	0.0000	0.0000	0.0000	0.0000	0.0000	0.0000	0.0000	0.0000	0.0000	0.0000	0.0000	0.0000	0.0877	0.0768	0.0108	0.0280	0.0263	0.0017	0.0596	0.0505	0.0091	0.1630	0.1118	0.0511	0.0992	0.0784	0.0208	0.0637	0.0334	0.0303	0.0000	0.0000	0.0000	0.0000	0.0000	0.0000	0.0000	0.0000	0.0000	0.0002	0.0004	0.0000	0.0004	0.0005	0.0000	0.0000	0.0000	0.0000				
22	70	0.6800	8	1	1	1	0	0	0	0	0	N	N	N	N	N	N	N	N	N	N	N	N	0.0548	0.0000	58.1929	0.1141	0.0000	123511.1043	0.0102	0.0000	0.6745	0.0002	0.0000	0.0015	0.0005	0.0000	0.0101	0.0000	0.0000	0.0000	0.0034	0.0050	0.0000	0.0047	0.0063	0.0000	0.0006	0.0011	0.0001	inf	0.0025	0.0000	-0.0001	12.5677	0.0406	9.8718	2.3361	0.0000	0.0000	0.0000	0.0000	0.0000	0.0000	0.0000	0.0000	0.0000	0.0003	0.0003	0.0000	0.0002	0.0002	0.0000	0.0000	0.0000	0.0000	0.0039	0.0034	0.0005	0.0013	0.0013	0.0001	0.0026	0.0022	0.0004	0.0755	0.0508	0.0247	0.0512	0.0378	0.0135	0.0243	0.0130	0.0113	0.0548	0.0000	58.1929	0.1141	0.0000	123511.1043	0.0102	0.0000	0.6745	0.0034	0.0050	0.0000	0.0047	0.0063	0.0000	0.0006	0.0011	0.0001
22	71	0.1971	3	1	2	1	0	0	0	0	0	N	Y	N	N	N	N	N	N	N	N	N	N	0.0000	0.0000	0.0000	0.0000	0.0000	0.0000	0.0000	0.0000	0.0000	0.0000	0.0000	0.0000	0.0000	0.0000	0.0000	0.0000	0.0000	0.0000	0.0000	0.0000	12.5677	0.0000	9.8718	0.0000	0.0000	0.0000	0.0000	0.0000	0.0000	0.0000	0.0000	0.0000	0.0000	0.0000	0.0000	0.0000	0.0000	0.0000	0.0000	0.0000	0.0000	0.0000	0.0000	0.0000	0.0000	0.0000	0.0000	0.0000	0.0000	0.0000	0.0000	0.0000	0.0000	0.0000	0.0000	0.0000	0.0000	0.0000	0.0000	0.0000	0.0000	0.0000	0.0000	0.0000	0.0000	0.0000	0.0000	0.0000	0.0000	0.0000	0.0000	0.0000	0.0000	0.0000	0.0000	0.0000	0.0000	0.0000											
22	72	0.1790	2	1	2	1	0	0	0	0	0	N	Y	N	N	N	N	N	N	N	N	N	N	43.2022	31.3989	13236.5423	27.0743	26.3400	0.0000	50.8652	32.2614	29562.4599	0.2190	0.2572	0.0076	0.1680	0.1871	0.0000	0.2375	0.2847	0.0093	0.0051	0.0082	0.0000	0.0062	0.0071	0.0000	0.0047	0.0088	0.0000	0.0054	0.0000	-0.0547	-0.0007	12.5677	3.9057	9.8718	1.1104	0.1254	0.1247	0.0007	0.0256	0.0256	0.0000	0.0998	0.0992	0.0007	0.0015	0.0015	0.0000	0.0005	0.0005	0.0000	0.0010	0.0010	0.0000	0.5726	0.4851	0.0875	0.1522	0.1367	0.0155	0.4204	0.3483	0.0720	0.3032	0.1877	0.1155	0.0790	0.0691	0.0100	0.2242	0.1186	0.1056	43.2022	31.3989	13236.5423	27.0743	26.3400	0.0000	50.8652	32.2614	29562.4599	0.0051	0.0082	0.0000	0.0062	0.0071	0.0000	0.0047	0.0088	0.0000
22	73	0.2870	4	1	2	0	0	0	0	0	0	N	Y	N	N	N	N	N	N	N	N	N	N	2037.3008	1456.8582	169026.4310	967.8326	935.7927	329.3026	49977.2247	28417.3547	488365.1647	0.8617	0.9111	0.5953	1.2328	1.2743	0.0114	0.6185	0.6092	0.6481	0.0004	0.0006	0.0000	0.0013	0.0014	0.0000	0.0000	0.0000	0.0000	0.1212	0.0027	-0.3387	-0.0002	12.5677	6.9070	9.8718	16.5673	1.0170	0.9071	0.1100	0.5760	0.5759	0.0002	0.4410	0.3312	0.1098	0.0004	0.0004	0.0000	0.0004	0.0004	0.0000	0.0000	0.0000	0.0000	1.1803	0.9955	0.1847	0.4672	0.4519	0.0153	0.7130	0.5436	0.1694	0.9293	0.6268	0.3025	0.3025	0.2824	0.0200	0.6268	0.3443	0.2825	2037.3008	1456.8582	169026.4310	967.8326	935.7927	329.3026	49977.2247	28417.3547	488365.1647	0.0004	0.0006	0.0000	0.0013	0.0014	0.0000	0.0000	0.0000	0.0000
22	74	0.4819	8	0	2	0	1	0	0	0	0	N	Y	N	N	N	N	N	N	N	N	N	N	0.0041	0.0016	13.2955	0.1215	0.0976	102.9606	0.0019	0.0002	11.9914	0.0054	0.0033	0.0203	0.0084	0.0075	0.0209	0.0039	0.0008	0.0202	1.3342	2.0597	0.0015	0.0688	0.0765	0.0002	2.0649	4.1103	0.0017	0.9121	0.0004	0.0001	-0.4454	12.5677	6.4226	9.8718	19.3377	0.0033	0.0017	0.0016	0.0017	0.0015	0.0003	0.0016	0.0003	0.0013	0.9726	0.9722	0.0004	0.0184	0.0184	0.0000	0.9542	0.9538	0.0004	0.6129	0.5346	0.0783	0.2088	0.1949	0.0139	0.4041	0.3397	0.0644	0.7290	0.4720	0.2570	0.2669	0.2399	0.0269	0.4621	0.2321	0.2301	0.0041	0.0016	13.2955	0.1215	0.0976	102.9606	0.0019	0.0002	11.9914	1.3342	2.0597	0.0015	0.0688	0.0765	0.0002	2.0649	4.1103	0.0017
22	75	0.4367	7	0	1	0	1	0	0	0	0	N	N	N	N	N	N	N	N	N	N	N	N	1.3964	1.1116	0.0129	0.2408	0.2290	0.0019	16.5300	16.2435	0.0130	1.6093	1.8761	0.0010	0.7320	0.7559	0.0000	2.0687	2.5864	0.0011	1.1524	1.6877	0.0807	3.0392	3.3008	0.0130	0.1251	0.1592	0.0869	0.0001	0.0239	-0.4316	-0.3866	12.5677	5.1932	9.8718	17.4397	0.9786	0.9785	0.0001	0.1530	0.1530	0.0000	0.8257	0.8256	0.0001	0.8886	0.8679	0.0207	0.8261	0.8258	0.0003	0.0625	0.0420	0.0204	0.6081	0.5216	0.0865	0.2090	0.2024	0.0066	0.3991	0.3192	0.0799	0.7710	0.5142	0.2568	0.2718	0.2502	0.0216	0.4992	0.2640	0.2352	1.3964	1.1116	0.0129	0.2408	0.2290	0.0019	16.5300	16.2435	0.0130	1.1524	1.6877	0.0807	3.0392	3.3008	0.0130	0.1251	0.1592	0.0869
22	76	0.3997	6	0	1	0	0	0	0	0	0	N	N	N	N	N	N	N	N	N	N	N	N	0.9283	1.1635	0.4615	0.1664	0.1575	0.0894	1.6516	6.4553	0.4521	0.4144	0.4404	0.2715	0.1049	0.1084	0.0006	0.5741	0.6521	0.2922	0.4465	0.3785	0.5883	0.6308	0.6881	0.0072	0.3476	0.1010	0.6462	0.1121	0.7439	-0.0729	-0.0113	12.5677	4.4918	9.8718	17.5337	0.2141	0.1925	0.0216	0.0185	0.0184	0.0000	0.1957	0.1741	0.0216	0.3561	0.2042	0.1519	0.1756	0.1754	0.0002	0.1804	0.0287	0.1517	0.5166	0.4371	0.0795	0.1758	0.1702	0.0056	0.3408	0.2669	0.0739	0.7975	0.5394	0.2582	0.2784	0.2550	0.0234	0.5191	0.2844	0.2348	0.9283	1.1635	0.4615	0.1664	0.1575	0.0894	1.6516	6.4553	0.4521	0.4465	0.3785	0.5883	0.6308	0.6881	0.0072	0.3476	0.1010	0.6462
22	77	0.6957	9	0	1	0	1	0	0	0	0	N	N	N	N	N	N	N	N	N	N	N	N	0.0000	0.0000	0.0000	0.0000	0.0000	0.0000	0.0000	0.0000	0.0000	0.0000	0.0000	0.0000	0.0000	0.0000	0.0000	0.0000	0.0000	0.0000	0.0555	0.0802	0.0000	0.0406	0.0490	0.0000	0.0737	0.1399	0.0000	0.0000	0.0000	-0.0100	12.5677	0.3745	9.8718	14.7996	0.0000	0.0000	0.0000	0.0000	0.0000	0.0000	0.0000	0.0000	0.0000	0.0218	0.0218	0.0000	0.0088	0.0088	0.0000	0.0131	0.0131	0.0000	0.0316	0.0277	0.0039	0.0112	0.0105	0.0007	0.0204	0.0172	0.0032	0.3931	0.2722	0.1209	0.2160	0.1789	0.0370	0.1771	0.0933	0.0838	0.0000	0.0000	0.0000	0.0000	0.0000	0.0000	0.0000	0.0000	0.0000	0.0555	0.0802	0.0000	0.0406	0.0490	0.0000	0.0737	0.1399	0.0000	
22	78	0.6734	8	0	1	0	1	0	0	0	0	N	N	N	N	N	N	N	N	N	N	N	N	0.0000	0.0000	0.0000	0.0000	0.0000	0.0000	0.0000	0.0000	0.0000	0.0000	0.0000	0.0000	0.0000	0.0000	0.0000	0.0000	0.0000	0.0000	0.0487	0.0688	0.0004	0.0302	0.0364	0.0012	0.0725	0.1308	0.0000	0.0025	0.0000	-0.0082	12.5677	1.4595	9.8718	10.3922	0.0000	0.0000	0.0000	0.0000	0.0000	0.0000	0.0000	0.0000	0.0000	0.0180	0.0179	0.0000	0.0063	0.0062	0.0000	0.0117	0.0117	0.0000	0.1226	0.1075	0.0151	0.0434	0.0406	0.0027	0.0792	0.0669	0.0124	0.3688	0.2605	0.1084	0.2074	0.1710	0.0364	0.1614	0.0895	0.0720	0.0000	0.0000	0.0000	0.0000	0.0000	0.0000	0.0000	0.0000	0.0000	0.0487	0.0688	0.0004	0.0302	0.0364	0.0012	0.0725	0.1308	0.0000	
22	79	0.6592	7	0	1	0	1	0	0	0	0	N	N	N	N	N	N	N	N	N	N	N	N	0.0030	0.0029	0.0004	0.0001	0.0000	0.0006	0.0057	0.0039	0.0006	0.0004	0.0005	0.0000	0.0000	0.0000	0.0001	0.0007	0.0008	0.0000	0.1428	0.1709	0.0699	0.1627	0.1540	0.2071	0.1168	0.2031	0.0012	0.0072	0.1576	-0.0000	-0.0137	12.5677	1.3861	9.8718	6.3168	0.0001	0.0001	0.0000	0.0000	0.0000	0.0000	0.0001	0.0001	0.0000	0.0426	0.0368	0.0058	0.0275	0.0218	0.0057	0.0151	0.0150	0.0001	0.1167	0.1024	0.0144	0.0414	0.0388	0.0026	0.0753	0.0636	0.0117	0.2982	0.2153	0.0829	0.1691	0.1414	0.0277	0.1291	0.0739	0.0552	0.0030	0.0029	0.0004	0.0001	0.0000	0.0006	0.0057	0.0039	0.0006	0.1428	0.1709	0.0699	0.1627	0.1540	0.2071	0.1168	0.2031	0.0012
22	80	0.5998	6	0	1	0	1	0	0	0	0	N	N	N	N	N	N	N	N	N	N	N	N	1.0924	0.8605	0.0000	0.0000	0.0000	0.0000	1.2445	0.7487	0.0000	3.1871	3.6430	0.0000	0.0000	0.0000	0.0000	4.6109	5.4523	0.0000	2.9175	4.2337	0.0005	2.3403	2.8496	0.0006	3.7052	7.2826	0.0004	0.0000	0.0001	-0.4411	-0.7495	12.5677	4.0043	9.8718	19.8631	1.0000	1.0000	0.0000	0.0000	0.0000	0.0000	1.0000	1.0000	0.0000	1.6354	1.6353	0.0001	0.7571	0.7570	0.0000	0.8784	0.8783	0.0000	0.3138	0.2745	0.0393	0.0969	0.0911	0.0058	0.2169	0.1834	0.0335	0.5605	0.3863	0.1743	0.3235	0.2657	0.0578	0.2371	0.1206	0.1165	1.0924	0.8605	0.0000	0.0000	0.0000	0.0000	1.2445	0.7487	0.0000	2.9175	4.2337	0.0005	2.3403	2.8496	0.0006	3.7052	7.2826	0.0004
22	81	0.1317	2	0	2	1	0	0	0	0	0	N	Y	N	N	N	N	N	N	N	N	N	N	30.1840	0.1187	17810.1132	0.1537	0.1435	1.0980	10037.7689	266.7594	16989.3866	1.9349	0.0123	8.5172	0.0265	0.0273	0.0000	2.9213	0.0011	8.9244	0.0641	0.1034	0.0005	0.1724	0.1904	0.0000	0.0003	0.0000	0.0005	202.7430	0.0029	0.5555	-0.0213	12.5677	2.0162	9.8718	4.5500	1.0027	0.0049	0.9978	0.0047	0.0047	0.0000	0.9981	0.0002	0.9978	0.0468	0.0466	0.0001	0.0466	0.0466	0.0000	0.0001	0.0000	0.0001	0.5182	0.4011	0.1172	0.1766	0.1712	0.0053	0.3417	0.2298	0.1118	0.7294	0.4510	0.2784	0.2704	0.2448	0.0257	0.4589	0.2062	0.2527	30.1840	0.1187	17810.1132	0.1537	0.1435	1.0980	10037.7689	266.7594	16989.3866	0.0641	0.1034	0.0005	0.1724	0.1904	0.0000	0.0003	0.0000	0.0005
22	82	0.7078	10	0	2	1	0	0	0	0	0	N	Y	N	N	N	N	N	N	N	N	N	N	0.0000	0.0000	0.0000	0.0000	0.0000	0.0000	0.0000	0.0000	0.0000	0.0000	0.0000	0.0000	0.0000	0.0000	0.0000	0.0000	0.0000	0.0000	0.0000	0.0000	0.0000	0.0000	0.0000	0.0000	0.0181	0.0000	-0.0000	12.5677	3.0011	9.8718	3.7015	0.0000	0.0000	0.0000	0.0000	0.0000	0.0000	0.0000	0.0000	0.0000	0.0000	0.0000	0.0000	0.0000	0.0000	0.0000	0.0000	0.0000	0.0000	0.2614	0.2296	0.0318	0.0898	0.0843	0.0055	0.1716	0.1453	0.0263	0.2204	0.1549	0.0655	0.1328	0.1099	0.0229	0.0877	0.0450	0.0427	0.0000	0.0000	0.0000	0.0000	0.0000	0.0000	0.0000	0.0000	0.0000	0.0000	0.0000	0.0000	0.0000	0.0000	0.0000	0.0000	0.0000	0.0000				
22	83	0.6963	9	0	2	0	0	0	0	0	0	N	Y	N	N	N	N	N	N	N	N	N	N	32.8656	0.0000	9328.0674	4.5927	0.0000	1922.7185	524.8795	0.0000	137274.3426	0.0034	0.0000	0.0281	0.0007	0.0000	0.0114	0.0049	0.0000	0.0316	0.0001	0.0002	0.0000	0.0002	0.0002	0.0000	0.0000	0.0000	0.0000	inf	0.0091	0.0003	-0.0000	12.5677	2.0032	9.8718	4.2039	0.0006	0.0000	0.0006	0.0000	0.0000	0.0000	0.0006	0.0000	0.0006	0.0000	0.0000	0.0000	0.0000	0.0000	0.0000	0.0000	0.0000	0.0000	0.1760	0.1545	0.0215	0.0613	0.0575	0.0037	0.1148	0.0970	0.0177	0.2626	0.1804	0.0822	0.1749	0.1348	0.0401	0.0877	0.0455	0.0421	32.8656	0.0000	9328.0674	4.5927	0.0000	1922.7185	524.8795	0.0000	137274.3426	0.0001	0.0002	0.0000	0.0002	0.0002	0.0000	0.0000	0.0000	0.0000
22	84	0.6931	9	1	1	1	0	0	0	0	0	N	N	N	N	N	N	N	N	N	N	N	N	0.0000	0.0000	0.0000	0.0000	0.0000	0.0000	0.0000	0.0000	0.0000	0.0000	0.0000	0.0000	0.0000	0.0000	0.0000	0.0000	0.0000	0.0000	7.8609	12.2836	0.2094	0.0015	0.0018	0.0004	17.2739	31.7841	0.3742	0.0107	0.0000	-0.4511	12.5677	1.0052	9.8718	4.9545	0.0000	0.0000	0.0000	0.0000	0.0000	0.0000	0.0000	0.0000	0.0000	1.0073	0.9967	0.0107	0.0002	0.0001	0.0000	1.0072	0.9965	0.0107	0.0884	0.0776	0.0108	0.0307	0.0288	0.0019	0.0577	0.0488	0.0089	0.1640	0.1131	0.0509	0.1042	0.0817	0.0225	0.0598	0.0314	0.0285	0.0000	0.0000	0.0000	0.0000	0.0000	0.0000	0.0000	0.0000	0.0000	6.1416	8.8135	0.2094	0.0015	0.0018	0.0004	16.8331	31.7841	0.3742	
22	85	0.6738	8	1	1	1	0	0	0	0	0	N	N	N	N	N	N	N	N	N	N	N	N	0.0000	0.0000	0.0000	0.0000	0.0000	0.0000	0.0000	0.0000	0.0000	0.0000	0.0000	0.0000	0.0000	0.0000	0.0000	0.0000	0.0000	0.0000	3.4156	0.0177	20.6934	0.0000	0.0001	0.0000	10.7240	0.0725	46.6053	279.6107	0.0000	0.5343	12.5677	0.9968	9.8718	7.6169	0.0000	0.0000	0.0000	0.0000	0.0000	0.0000	0.0000	0.0000	0.0000	0.9930	0.0035	0.9895	0.0000	0.0000	0.0000	0.9930	0.0035	0.9895	0.0882	0.0775	0.0107	0.0309	0.0291	0.0019	0.0572	0.0484	0.0088	0.2907	0.1997	0.0910	0.1981	0.1510	0.0471	0.0926	0.0487	0.0439	0.0000	0.0000	0.0000	0.0000	0.0000	0.0000	0.0000	0.0000	0.0000	3.4156	0.0177	10.8676	0.0000	0.0001	0.0000	10.7240	0.0725	22.5257	
22	86	0.6937	7	1	2	0	0	0	0	0	0	N	Y	N	N	N	N	N	N	N	N	N	N	2561.3907	2723.6643	163.5008	2081.8147	2163.7828	524.4942	7197.6853	30154.5771	1.3953	3.2645	3.7302	0.1686	4.1073	4.3176	0.9636	2.7839	3.3521	0.0010	0.0013	0.0014	0.0010	0.0020	0.0020	0.0018	0.0004	0.0001	0.0007	0.0068	0.2940	-0.8170	-0.0001	12.5677	5.8060	9.8718	6.1034	1.8809	1.8682	0.0127	0.8594	0.8468	0.0126	1.0215	1.0214	0.0001	0.0005	0.0004	0.0001	0.0004	0.0004	0.0001	0.0001	0.0000	0.0001	0.5762	0.5008	0.0753	0.2092	0.1961	0.0131	0.3669	0.3047	0.0622	0.3732	0.2684	0.1048	0.2089	0.1792	0.0296	0.1643	0.0891	0.0752	2561.3907	2723.6643	163.5008	2081.8147	2163.7828	524.4942	7197.6853	30154.5771	1.3953	0.0013	0.0014	0.0010	0.0020	0.0020	0.0018	0.0004	0.0001	0.0007
22	87	0.5998	6	1	2	0	0	0	0	0	0	N	Y	N	N	N	N	N	N	N	N	N	N	79.7365	0.8483	17545.3895	2.8777	1.8320	1598.6224	641.5904	0.1177	15487.1277	1.0929	0.0167	8.6976	0.0635	0.0494	0.2863	1.5530	0.0005	10.1648	0.0137	0.0197	0.0005	0.0221	0.0270	0.0002	0.0024	0.0041	0.0007	73.7246	0.0114	0.5556	-0.0046	12.5677	12.2869	9.8718	21.7146	1.0185	0.0136	1.0049	0.0183	0.0134	0.0049	1.0002	0.0003	0.9999	0.0102	0.0101	0.0001	0.0094	0.0094	0.0000	0.0008	0.0007	0.0001	0.9319	0.8164	0.1155	0.2879	0.2707	0.0172	0.6440	0.5457	0.0984	0.7426	0.5114	0.2313	0.4266	0.3487	0.0778	0.3161	0.1626	0.1534	79.7365	0.8483	17545.3895	2.8777	1.8320	1598.6224	641.5904	0.1177	15487.1277	0.0137	0.0197	0.0005	0.0221	0.0270	0.0002	0.0024	0.0041	0.0007
22	88	0.6963	9	0	2	0	0	0	0	0	0	N	Y	N	N	N	N	N	N	N	N	N	N	32284.7844	25467.3869	0.0000	340483.4857	289049.2924	0.0000	0.0000	0.0000	0.0000	4.0946	4.6614	0.0000	11.8023	12.5704	0.0000	0.0000	0.0000	0.0000	0.0001	0.0002	0.0000	0.0000	0.0000	0.0000	0.0003	0.0006	0.0000	0.0000	0.0046	-0.6281	-0.0000	12.5677	4.0005	9.8718	9.0093	1.4239	1.4239	0.0000	1.4239	1.4239	0.0000	0.0000	0.0000	0.0000	0.0001	0.0001	0.0000	0.0000	0.0000	0.0000	0.0000	0.0000	0.0000	0.3477	0.3055	0.0423	0.1206	0.1133	0.0074	0.2271	0.1922	0.0349	0.4102	0.2830	0.1273	0.2662	0.2068	0.0594	0.1441	0.0762	0.0678	32284.7844	25467.3869	0.0000	340483.4857	289049.2924	0.0000	0.0000	0.0000	0.0000	0.0001	0.0002	0.0000	0.0000	0.0000	0.0000	0.0003	0.0006	0.0000
22	89	0.6738	8	0	2	0	0	0	0	0	0	N	Y	N	N	N	N	N	N	N	N	N	N	50.5285	50.9237	0.0000	189.2653	271.6662	0.0000	0.0000	0.0000	0.0000	0.0068	0.0077	0.0000	0.0194	0.0206	0.0000	0.0000	0.0000	0.0000	0.0001	0.0002	0.0001	0.0001	0.0001	0.0002	0.0002	0.0004	0.0000	0.0000	0.2867	-0.0003	-0.0000	12.5677	1.0051	9.8718	9.2650	0.0006	0.0006	0.0000	0.0006	0.0006	0.0000	0.0000	0.0000	0.0000	0.0000	0.0000	0.0000	0.0000	0.0000	0.0000	0.0000	0.0000	0.0000	0.0889	0.0781	0.0108	0.0312	0.0293	0.0019	0.0577	0.0488	0.0089	0.3270	0.2251	0.1019	0.2210	0.1692	0.0518	0.1060	0.0559	0.0501	50.5285	50.9237	0.0000	189.2653	271.6662	0.0000	0.0000	0.0000	0.0000	0.0001	0.0002	0.0001	0.0001	0.0001	0.0002	0.0002	0.0004	0.0000
22	90	0.7222	8	0	1	1	0	0	0	0	0	N	N	N	N	N	N	N	N	N	N	N	N	0.0290	0.0238	0.0000	0.0000	0.0000	0.0000	8.6004	5.7256	0.0000	0.0001	0.0001	0.0000	0.0000	0.0000	0.0000	0.0001	0.0002	0.0000	0.0031	0.0042	0.0000	0.0056	0.0065	0.0000	0.0000	0.0000	0.0000	0.0000	0.0000	-0.0000	-0.0004	12.5677	2.3559	9.8718	7.1930	0.0000	0.0000	0.0000	0.0000	0.0000	0.0000	0.0000	0.0000	0.0000	0.0008	0.0008	0.0000	0.0008	0.0008	0.0000	0.0000	0.0000	0.0000	0.2235	0.1985	0.0249	0.0842	0.0797	0.0045	0.1392	0.1188	0.0204	0.2687	0.1954	0.0733	0.1483	0.1278	0.0205	0.1204	0.0676	0.0528	0.0290	0.0238	0.0000	0.0000	0.0000	0.0000	8.6004	5.7256	0.0000	0.0031	0.0042	0.0000	0.0056	0.0065	0.0000	0.0000	0.0000	0.0000
22	91	0.6894	7	0	1	0	0	0	0	0	0	N	N	N	N	N	N	N	N	N	N	N	N	8.6681	7.1615	1.9932	0.2864	0.2566	12.1736	303.2959	1223.5222	1.5487	0.5299	0.5900	0.0072	0.0286	0.0299	0.0037	0.8468	0.9807	0.0079	0.0611	0.0824	0.0036	0.1000	0.1165	0.0003	0.0028	0.0008	0.0051	0.0014	0.0161	-0.1184	-0.0207	12.5677	4.9284	9.8718	11.0439	0.2693	0.2689	0.0004	0.0056	0.0056	0.0000	0.2637	0.2633	0.0003	0.0467	0.0460	0.0007	0.0459	0.0459	0.0000	0.0009	0.0001	0.0007	0.5082	0.4558	0.0524	0.1969	0.1873	0.0096	0.3114	0.2685	0.0429	0.7647	0.5584	0.2063	0.4591	0.3937	0.0654	0.3056	0.1647	0.1409	8.6681	7.1615	1.9932	0.2864	0.2566	12.1736	303.2959	1223.5222	1.5487	0.0611	0.0824	0.0036	0.1000	0.1165	0.0003	0.0028	0.0008	0.0051
22	92	0.5998	6	0	1	0	0	0	0	0	0	N	N	N	N	N	N	N	N	N	N	N	N	2.4957	1.9646	5.4046	0.0024	0.0021	0.0000	339.3505	238.7135	4.6837	2.4012	2.7431	0.0115	0.0040	0.0042	0.0000	3.4722	4.1034	0.0134	0.9621	1.3962	0.0021	1.6666	2.0379	0.0006	0.0102	0.0172	0.0029	0.0006	0.0007	-0.3247	-0.3203	12.5677	3.9161	9.8718	29.2065	0.7371	0.7366	0.0004	0.0004	0.0004	0.0000	0.7367	0.7362	0.0004	0.6999	0.6994	0.0005	0.6967	0.6966	0.0000	0.0032	0.0027	0.0004	0.3069	0.2685	0.0384	0.0948	0.0891	0.0057	0.2122	0.1794	0.0327	0.7274	0.5009	0.2265	0.4180	0.3418	0.0762	0.3094	0.1591	0.1503	2.4957	1.9646	5.4046	0.0024	0.0021	0.0000	339.3505	238.7135	4.6837	0.9621	1.3962	0.0021	1.6666	2.0379	0.0006	0.0102	0.0172	0.0029
22	93	0.1317	2	1	2	0	0	0	0	0	0	N	Y	N	N	N	N	N	N	N	N	N	N	0.0548	0.0844	0.0208	7.1663	7.1277	7.7297	0.0049	0.0002	0.0150	0.1451	0.1634	0.0781	0.4091	0.4086	0.4231	0.0190	0.0009	0.0608	2.6462	1.9376	3.7530	0.0571	0.0573	0.0547	3.8555	3.6231	4.0630	0.1308	1.2402	-0.0276	0.2155	12.5677	2.5103	9.8718	7.4742	0.0848	0.0750	0.0098	0.0773	0.0747	0.0025	0.0075	0.0002	0.0073	2.2633	1.0103	1.2530	0.0155	0.0141	0.0014	2.2478	0.9962	1.2516	0.5844	0.4588	0.1256	0.1889	0.1829	0.0060	0.3955	0.2758	0.1197	0.8553	0.5214	0.3339	0.2723	0.2465	0.0258	0.5830	0.2750	0.3080	0.0548	0.0844	0.0208	7.1663	7.1277	7.7297	0.0049	0.0002	0.0150	2.6462	1.9376	3.7530	0.0571	0.0573	0.0547	3.8555	3.6231	4.0630
22	95	0.6738	8	1	2	0	0	0	0	0	0	N	Y	N	N	N	N	N	N	N	N	N	N	12236.9761	13175.6398	0.0000	22827.1585	25889.9327	0.0000	inf	inf	0.6284	0.7147	0.0000	1.8161	1.9338	0.0000	0.0002	0.0002	0.0000	0.0001	0.0001	0.0000	0.0001	0.0001	0.0001	0.0000	0.0000	0.0000	0.0000	0.3621	-0.1892	-0.0000	12.5677	8.0000	9.8718	22.5660	0.4290	0.4290	0.0000	0.4289	0.4289	0.0000	0.0001	0.0001	0.0000	0.0000	0.0000	0.0000	0.0000	0.0000	0.0000	0.0000	0.0000	0.0000	0.6827	0.6002	0.0825	0.2362	0.2218	0.0144	0.4465	0.3784	0.0681	0.7326	0.5091	0.2234	0.4728	0.3698	0.1031	0.2597	0.1394	0.1204	12236.9761	13175.6398	0.0000	22827.1585	25889.9327	0.0000	inf	inf	0.0000	0.0001	0.0001	0.0000	0.0001	0.0001	0.0001	0.0000	0.0000	0.0000	
22	96	0.5998	6	0	1	0	0	0	0	0	0	N	N	N	N	N	N	N	N	N	N	N	N	24.7395	9.3819	inf	5.4875	4.7755	298.5972	75.2072	inf	0.3520	0.1938	1.4695	0.1296	0.1378	0.0000	0.4515	0.2216	1.7258	0.0142	0.0207	0.0000	0.0236	0.0289	0.0000	0.0015	0.0029	0.0000	1.0733	0.0000	0.0245	-0.0045	12.5677	11.9964	9.8718	18.8414	0.3207	0.1547	0.1660	0.0365	0.0365	0.0000	0.2842	0.1182	0.1660	0.0098	0.0098	0.0000	0.0093	0.0093	0.0000	0.0004	0.0004	0.0000	0.9109	0.7979	0.1130	0.2814	0.2646	0.0168	0.6295	0.5333	0.0962	0.6873	0.4734	0.2139	0.3955	0.3237	0.0718	0.2918	0.1497	0.1421	24.7395	9.3819	inf	5.4875	4.7755	0.0000	298.5972	75.2072	inf	0.0142	0.0207	0.0000	0.0236	0.0289	0.0000	0.0015	0.0029	0.0000	
22	98	0.7043	10	1	2	1	0	0	0	0	0	N	Y	N	N	N	N	N	N	N	N	N	N	0.1230	0.1763	0.0000	0.4032	0.3356	0.0000	0.0000	0.0000	0.0109	0.0124	0.0000	0.0313	0.0332	0.0000	0.0000	0.0000	0.0000	0.0888	0.0705	0.1326	0.0776	0.0991	0.0000	0.1089	0.0000	0.2504	0.0000	0.7891	-0.0004	-0.0007	12.5677	0.9502	9.8718	16.1595	0.0009	0.0009	0.0000	0.0009	0.0009	0.0000	0.0000	0.0000	0.0000	0.0405	0.0226	0.0179	0.0226	0.0226	0.0000	0.0179	0.0000	0.0179	0.0848	0.0746	0.0103	0.0296	0.0279	0.0018	0.0552	0.0467	0.0085	0.4558	0.3211	0.1347	0.2919	0.2284	0.0634	0.1640	0.0926	0.0713	0.1230	0.1763	0.0000	0.4032	0.3356	0.0000	0.0000	0.0000	0.0000	0.0888	0.0705	0.1326	0.0776	0.0991	0.0000	0.1089	0.0000	0.2504	
22	99	0.5998	6	0	2	0	0	0	0	0	0	N	Y	N	N	N	N	N	N	N	N	N	N	71.6531	56.3707	0.0000	2.2311	1.9450	0.0000	1091.6102	658.7635	1.1055	1.2620	0.0000	0.0574	0.0610	0.0000	1.5739	1.8578	0.0000	0.0154	0.0224	0.0000	0.0257	0.0314	0.0001	0.0014	0.0028	0.0000	0.0000	0.0004	-0.4442	-0.0045	12.5677	11.9964	9.8718	15.6499	1.0070	1.0070	0.0000	0.0161	0.0161	0.0000	0.9908	0.9908	0.0000	0.0097	0.0097	0.0000	0.0093	0.0093	0.0000	0.0004	0.0004	0.0000	0.9109	0.7979	0.1130	0.2814	0.2646	0.0168	0.6295	0.5333	0.0962	0.6301	0.4341	0.1960	0.3631	0.2976	0.0656	0.2670	0.1365	0.1305	71.6531	56.3707	0.0000	2.2311	1.9450	0.0000	1091.6102	658.7635	0.0000	0.0154	0.0224	0.0000	0.0257	0.0314	0.0001	0.0014	0.0028	0.0000	
22	100	0.7072	11	1	1	1	0	0	0	0	0	N	N	N	N	N	N	N	N	N	N	N	N	0.0037	0.0030	0.0068	0.0057	0.0000	0.0000	0.0002	0.0003	0.0000	0.0006	0.0007	0.0000	0.0000	0.0000	0.0000	0.0603	0.0861	0.0000	0.0936	0.1197	0.0000	0.0000	0.0000	0.0000	0.0000	0.0000	-0.0000	-0.0110	12.5677	1.0008	9.8718	13.9255	0.0000	0.0000	0.0000	0.0000	0.0000	0.0000	0.0000	0.0000	0.0000	0.0239	0.0239	0.0000	0.0239	0.0239	0.0000	0.0000	0.0000	0.0000	0.0892	0.0784	0.0108	0.0311	0.0293	0.0019	0.0580	0.0491	0.0089	0.3962	0.2777	0.1185	0.2554	0.1997	0.0558	0.1407	0.0780	0.0627	0.0037	0.0030	0.0000	0.0068	0.0057	0.0000	0.0000	0.0000	0.0000	0.0603	0.0861	0.0000	0.0936	0.1197	0.0000	0.0000	0.0000	0.0000			
22	101	0.7043	10	1	1	1	0	0	0	0	0	N	N	N	N	N	N	N	N	N	N	N	N	0.5145	0.4201	73.3273	2.0353	1.7090	0.0000	0.0099	0.0000	40.7610	0.1913	0.2130	0.0334	0.5275	0.5591	0.0000	0.0062	0.0000	0.0400	0.3718	0.5069	0.0005	0.2592	0.3272	0.0000	0.6334	1.0610	0.0010	0.0215	0.0003	-0.0004	-0.0208	12.5677	0.0532	9.8718	2.0467	0.0009	0.0009	0.0000	0.0009	0.0009	0.0000	0.0000	0.0000	0.0000	0.0454	0.0454	0.0000	0.0221	0.0221	0.0000	0.0233	0.0233	0.0000	0.0049	0.0044	0.0006	0.0018	0.0017	0.0001	0.0032	0.0027	0.0005	0.1221	0.0896	0.0326	0.0854	0.0676	0.0177	0.0368	0.0219	0.0148	0.5145	0.4201	73.3273	2.0353	1.7090	0.0000	0.0099	0.0000	40.7610	0.3718	0.5069	0.0005	0.2592	0.3272	0.0000	0.6334	1.0610	0.0010
22	102	0.6946	9	1	1	1	0	0	0	0	0	N	N	N	N	N	N	N	N	N	N	N	N	22.3082	18.4766	0.3564	81.1072	67.8130	0.0000	0.0001	0.0000	0.1993	5.3482	6.0803	0.0001	15.0450	15.9984	0.0000	0.0000	0.0000	0.0001	0.2397	0.3291	0.0003	0.1855	0.2359	0.0000	0.3580	0.5946	0.0007	0.0000	0.0004	-0.4379	-0.0214	12.5677	2.0948	9.8718	3.0326	0.9928	0.9928	0.0000	0.9928	0.9928	0.0000	0.0000	0.0000	0.0000	0.0468	0.0467	0.0000	0.0248	0.0248	0.0000	0.0220	0.0219	0.0000	0.1856	0.1633	0.0224	0.0660	0.0621	0.0039	0.1196	0.1012	0.0184	0.1951	0.1421	0.0530	0.1337	0.1052	0.0286	0.0613	0.0369	0.0244	22.3082	18.4766	0.3564	81.1072	67.8130	0.0000	0.0001	0.0000	0.1993	0.2397	0.3291	0.0003	0.1855	0.2359	0.0000	0.3580	0.5946	0.0007
22	103	0.6738	8	1	1	1	0	0	0	0	0	N	N	N	N	N	N	N	N	N	N	N	N	0.1362	0.1065	0.0046	82.9241	67.3664	4.3889	0.0013	0.0008	0.0002	0.0117	0.0133	0.0000	0.0331	0.0352	0.0000	0.0004	0.0004	0.0000	0.0860	0.1252	0.0001	0.0004	0.0005	0.0000	0.2687	0.5108	0.0002	0.0000	0.0004	-0.0018	-0.0116	12.5677	3.9484	9.8718	4.8420	0.0040	0.0040	0.0000	0.0039	0.0039	0.0000	0.0001	0.0001	0.0000	0.0253	0.0253	0.0000	0.0001	0.0001	0.0000	0.0253	0.0253	0.0000	0.3431	0.3015	0.0416	0.1191	0.1119	0.0073	0.2240	0.1896	0.0343	0.2946	0.2024	0.0922	0.2006	0.1530	0.0476	0.0940	0.0494	0.0446	0.1362	0.1065	0.0046	82.9241	67.3664	4.3889	0.0013	0.0008	0.0002	0.0860	0.1252	0.0001	0.0004	0.0005	0.0000	0.2687	0.5108	0.0002
22	104	0.6321	7	0	2	0	0	0	0	0	0	N	Y	N	N	N	N	N	N	N	N	N	N	0.0089	0.0020	1.5991	0.0470	0.0412	0.3251	0.0061	0.0007	1.5036	0.0107	0.0035	0.0683	0.0033	0.0034	0.0013	0.0157	0.0036	0.0881	1.2121	1.7371	0.0427	0.0705	0.0836	0.0041	2.5970	4.9955	0.0586	2.4069	0.0110	0.0026	-0.4668	12.5677	8.9557	9.8718	32.3127	0.0096	0.0028	0.0068	0.0012	0.0012	0.0000	0.0084	0.0017	0.0068	1.0433	1.0319	0.0114	0.0333	0.0330	0.0003	1.0100	0.9989	0.0111	0.8956	0.7961	0.0995	0.3603	0.3376	0.0227	0.5353	0.4585	0.0768	0.8607	0.5940	0.2666	0.4718	0.3941	0.0777	0.3889	0.2000	0.1889	0.0089	0.0020	1.5991	0.0470	0.0412	0.3251	0.0061	0.0007	1.5036	1.2121	1.7371	0.0427	0.0705	0.0836	0.0041	2.5970	4.9955	0.0586
22	105	0.6576	8	0	1	1	0	0	0	0	0	N	N	N	N	N	N	N	N	N	N	N	N	402525.2152	0.0000	108416983.6799	0.0000	0.0000	0.0000	830522.6493	0.0000	155002342.6683	2.3020	0.0000	19.3931	0.0000	0.0000	0.0000	4.0537	0.0000	26.3637	0.0000	0.0000	0.0000	0.0000	0.0000	0.0000	0.0000	0.0000	0.0000	inf	0.0099	0.5570	-0.0000	12.5677	4.2679	9.8718	7.8415	0.9967	0.0000	0.9967	0.0000	0.0000	0.0000	0.9967	0.0000	0.9967	0.0000	0.0000	0.0000	0.0000	0.0000	0.0000	0.0000	0.0000	0.0000	0.4330	0.3816	0.0514	0.1871	0.1735	0.0136	0.2459	0.2081	0.0378	0.3289	0.2255	0.1034	0.1826	0.1539	0.0288	0.1463	0.0716	0.0747	402525.2152	0.0000	108416983.6799	0.0000	0.0000	0.0000	830522.6493	0.0000	155002342.6683	0.0000	0.0000	0.0000	0.0000	0.0000	0.0000	0.0000	0.0000	0.0000
22	106	0.6321	7	0	1	0	0	0	0	0	0	N	N	N	N	N	N	N	N	N	N	N	N	428.1433	346.0804	0.5211	513.9079	465.2916	0.2512	9.3336	17.8554	0.5812	3.1422	3.4517	0.0006	6.1456	6.5511	0.0000	0.0108	0.0122	0.0010	0.0073	0.0100	0.0012	0.0120	0.0141	0.0002	0.0012	0.0007	0.0016	0.0000	0.0525	-0.4379	-0.0009	12.5677	1.9301	9.8718	9.0954	0.9927	0.9927	0.0000	0.9911	0.9911	0.0000	0.0017	0.0017	0.0000	0.0023	0.0022	0.0001	0.0021	0.0021	0.0000	0.0002	0.0000	0.0001	0.3159	0.2876	0.0283	0.1613	0.1513	0.0100	0.1547	0.1363	0.0183	0.3116	0.2178	0.0937	0.1783	0.1511	0.0272	0.1333	0.0668	0.0665	428.1433	346.0804	0.5211	513.9079	465.2916	0.2512	9.3336	17.8554	0.5812	0.0073	0.0100	0.0012	0.0120	0.0141	0.0002	0.0012	0.0007	0.0016
22	107	0.5998	6	0	1	0	0	0	0	0	0	N	N	N	N	N	N	N	N	N	N	N	N	99.9027	79.6585	0.3250	5.0313	4.4492	15.0455	288.0938	178.4961	0.0000	3.3328	3.8096	0.0004	0.2306	0.2452	0.0027	4.7187	5.5799	0.0000	0.0334	0.0478	0.0012	0.0458	0.0551	0.0002	0.0164	0.0313	0.0017	0.0000	0.0113	-0.4500	-0.0054	12.5677	3.9049	9.8718	9.6098	1.0201	1.0201	0.0000	0.0218	0.0218	0.0000	0.9983	0.9983	0.0000	0.0120	0.0118	0.0001	0.0095	0.0095	0.0000	0.0025	0.0024	0.0001	0.3061	0.2678	0.0383	0.0945	0.0889	0.0057	0.2116	0.1789	0.0327	0.3588	0.2475	0.1113	0.2068	0.1719	0.0349	0.1520	0.0755	0.0764	99.9027	79.6585	0.3250	5.0313	4.4492	15.0455	288.0938	178.4961	0.0000	0.0334	0.0478	0.0012	0.0458	0.0551	0.0002	0.0164	0.0313	0.0017
22	108	0.6210	8	0	2	0	0	0	0	0	0	N	Y	N	N	N	N	N	N	N	N	N	N	0.0000	0.0000	0.1856	0.0012	0.0000	0.7295	0.0000	0.0000	0.0061	0.0000	0.0000	0.0000	0.0000	0.0000	0.0001	0.0000	0.0000	0.0000	0.0483	0.0703	0.0001	0.0039	0.0047	0.0001	0.0982	0.1839	0.0001	inf	0.0005	0.0000	-0.0158	12.5677	8.0392	9.8718	22.6195	0.0000	0.0000	0.0000	0.0000	0.0000	0.0000	0.0000	0.0000	0.0000	0.0346	0.0346	0.0000	0.0015	0.0015	0.0000	0.0331	0.0331	0.0000	0.6614	0.5804	0.0810	0.2213	0.2075	0.0137	0.4402	0.3729	0.0673	0.7168	0.4920	0.2248	0.3798	0.3120	0.0678	0.3370	0.1800	0.1570	0.0000	0.0000	0.1856	0.0012	0.0000	0.7295	0.0000	0.0000	0.0061	0.0483	0.0703	0.0001	0.0039	0.0047	0.0001	0.0982	0.1839	0.0001
22	109	0.6210	7	0	1	0	0	0	0	0	0	N	N	N	N	N	N	N	N	N	N	N	N	0.0003	0.0001	0.2086	0.0009	0.0005	0.3352	0.0000	0.0000	0.0196	0.0001	0.0001	0.0005	0.0004	0.0002	0.0029	0.0000	0.0000	0.0000	0.4217	0.5531	0.0024	0.3953	0.4371	0.0087	0.4519	0.7540	0.0007	1.0000	0.0014	0.0000	-0.0304	12.5677	0.2031	9.8718	2.0398	0.0000	0.0000	0.0000	0.0000	0.0000	0.0000	0.0000	0.0000	0.0000	0.0666	0.0665	0.0001	0.0334	0.0333	0.0001	0.0332	0.0332	0.0000	0.0173	0.0152	0.0021	0.0058	0.0054	0.0004	0.0115	0.0097	0.0018	0.1579	0.1202	0.0377	0.0844	0.0762	0.0082	0.0735	0.0440	0.0295	0.0003	0.0001	0.2086	0.0009	0.0005	0.3352	0.0000	0.0000	0.0196	0.4217	0.5531	0.0024	0.3953	0.4371	0.0087	0.4519	0.7540	0.0007
22	110	0.1929	3	1	1	1	0	0	0	0	0	N	N	N	N	N	N	N	N	N	N	N	N	0.0000	0.0000	0.0000	0.0000	0.0000	0.0000	0.0000	0.0000	0.0000	0.0000	0.0000	0.0000	0.0000	0.0000	0.0000	0.0000	0.0000	0.0000	0.0000	0.0000	12.5677	0.0001	9.8718	0.0001	0.0000	0.0000	0.0000	0.0000	0.0000	0.0000	0.0000	0.0000	0.0000	0.0000	0.0000	0.0000	0.0000	0.0000	0.0000	0.0000	0.0000	0.0000	0.0123	0.0097	0.0026	0.0062	0.0062	0.0000	0.0062	0.0036	0.0026	0.0002	0.0001	0.0000	0.0001	0.0001	0.0000	0.0001	0.0000	0.0000	0.0000	0.0000	0.0000	0.0000	0.0000	0.0000	0.0000	0.0000	0.0000	0.0000	0.0000	0.0000	0.0000	0.0000	0.0000	0.0000	0.0000	0.0000											
22	111	0.1790	2	1	1	1	0	0	0	0	0	N	N	N	N	N	N	N	N	N	N	N	N	13.1883	9.5335	20245.9786	27.1995	26.9706	0.0000	2.5304	1.2322	50203.5129	0.0705	0.0820	0.0124	0.1718	0.1950	0.0000	0.0126	0.0116	0.0168	0.0053	0.0086	0.0000	0.0063	0.0072	0.0000	0.0050	0.0094	0.0000	0.0299	0.0000	-0.0095	-0.0007	12.5677	1.6718	9.8718	2.9223	0.0230	0.0223	0.0007	0.0204	0.0204	0.0000	0.0026	0.0020	0.0007	0.0015	0.0015	0.0000	0.0005	0.0005	0.0000	0.0010	0.0010	0.0000	0.3265	0.2725	0.0539	0.1186	0.1045	0.0141	0.2078	0.1680	0.0398	0.2877	0.1788	0.1089	0.0777	0.0678	0.0098	0.2100	0.1109	0.0991	13.1883	9.5335	20245.9786	27.1995	26.9706	0.0000	2.5304	1.2322	50203.5129	0.0053	0.0086	0.0000	0.0063	0.0072	0.0000	0.0050	0.0094	0.0000
22	115	0.6800	8	1	1	1	0	0	0	0	0	N	N	N	N	N	N	N	N	N	N	N	N	0.0000	0.0000	0.0000	0.0000	0.0000	0.0000	0.0000	0.0000	0.0000	0.0000	0.0000	0.0000	0.0000	0.0000	0.0000	0.0000	0.0000	0.0000	0.0103	0.0152	0.0000	0.0062	0.0082	0.0000	0.0178	0.0336	0.0000	0.0000	0.0000	-0.0006	12.5677	1.0009	9.8718	4.0038	0.0000	0.0000	0.0000	0.0000	0.0000	0.0000	0.0000	0.0000	0.0000	0.0014	0.0014	0.0000	0.0005	0.0005	0.0000	0.0009	0.0009	0.0000	0.0868	0.0761	0.0107	0.0278	0.0261	0.0017	0.0590	0.0499	0.0090	0.1357	0.0920	0.0437	0.0877	0.0666	0.0211	0.0480	0.0254	0.0225	0.0000	0.0000	0.0000	0.0000	0.0000	0.0000	0.0000	0.0000	0.0000	0.0103	0.0152	0.0000	0.0062	0.0082	0.0000	0.0178	0.0336	0.0000	
22	116	0.6517	7	1	1	1	0	0	0	0	0	N	N	N	N	N	N	N	N	N	N	N	N	0.0009	0.0007	0.0000	0.0014	0.0012	0.0000	0.0000	0.0000	0.0000	0.0001	0.0001	0.0000	0.0002	0.0002	0.0000	0.0000	0.0000	0.0000	0.0959	0.1356	0.0010	0.1571	0.1936	0.0001	0.0017	0.0017	0.0016	0.0000	0.0031	-0.0000	-0.0146	12.5677	1.8441	9.8718	10.4794	0.0000	0.0000	0.0000	0.0000	0.0000	0.0000	0.0000	0.0000	0.0000	0.0320	0.0319	0.0001	0.0318	0.0318	0.0000	0.0002	0.0001	0.0001	0.2192	0.1934	0.0257	0.0865	0.0825	0.0041	0.1326	0.1110	0.0217	0.3334	0.2352	0.0982	0.2022	0.1641	0.0381	0.1312	0.0711	0.0601	0.0009	0.0007	0.0000	0.0014	0.0012	0.0000	0.0000	0.0000	0.0000	0.0959	0.1356	0.0010	0.1571	0.1936	0.0001	0.0017	0.0017	0.0016
22	117	0.3636	5	0	2	0	1	0	0	0	0	N	Y	N	N	N	N	N	N	N	N	N	N	24.2013	19.4035	12.0592	0.3726	0.3610	0.6617	25.5933	17.0763	13.4737	1.6971	1.8802	0.1613	0.0059	0.0059	0.0081	2.5566	2.9495	0.1815	0.0701	0.0969	0.0134	0.0159	0.0162	0.0123	0.0999	0.1727	0.0135	0.0102	0.0651	-0.8604	-0.0321	12.5677	10.5071	9.8718	20.2622	1.9965	1.9762	0.0202	0.0024	0.0022	0.0001	1.9941	1.9740	0.0201	0.0807	0.0758	0.0049	0.0065	0.0061	0.0004	0.0742	0.0696	0.0046	1.1764	1.0511	0.1253	0.3964	0.3818	0.0146	0.7800	0.6693	0.1107	1.1507	0.7818	0.3689	0.4080	0.3788	0.0292	0.7427	0.4031	0.3397	24.2013	19.4035	12.0592	0.3726	0.3610	0.6617	25.5933	17.0763	13.4737	0.0701	0.0969	0.0134	0.0159	0.0162	0.0123	0.0999	0.1727	0.0135
22	118	0.5998	6	0	2	0	1	0	0	0	0	N	Y	N	N	N	N	N	N	N	N	N	N	2.3580	1.8565	0.0000	0.0000	0.0000	0.0000	1.5078	0.9144	0.0000	3.1944	3.6514	0.0000	0.0000	0.0000	0.0000	4.6216	5.4649	0.0000	1.3548	1.9669	0.0003	0.0933	0.1140	0.0001	3.0651	5.9765	0.0004	0.0000	0.0001	-0.4411	-0.4224	12.5677	4.0036	9.8718	26.5072	1.0000	1.0000	0.0000	0.0000	0.0000	0.0000	1.0000	1.0000	0.0000	0.9218	0.9217	0.0001	0.0365	0.0365	0.0000	0.8852	0.8852	0.0001	0.3130	0.2739	0.0392	0.0967	0.0909	0.0058	0.2164	0.1830	0.0334	0.6804	0.4686	0.2118	0.3916	0.3205	0.0711	0.2888	0.1481	0.1407	2.3580	1.8565	0.0000	0.0000	0.0000	0.0000	1.5078	0.9144	0.0000	1.3548	1.9669	0.0003	0.0933	0.1140	0.0001	3.0651	5.9765	0.0004
22	119	0.6382	7	0	2	0	0	0	0	0	0	N	Y	N	N	N	N	N	N	N	N	N	N	1.7698	1.4133	0.0921	22.9515	19.7840	inf	0.3964	0.2433	0.0015	2.5748	2.8668	0.0000	3.6891	3.8665	0.0000	1.5416	1.8217	0.0000	1.4549	2.0284	0.0001	0.1607	0.1954	0.0000	3.8893	7.4877	0.0001	0.0000	0.0000	-0.5475	-0.4338	12.5677	3.8169	9.8718	21.2433	1.2413	1.2413	0.0000	0.8556	0.8556	0.0000	0.3856	0.3856	0.0000	0.9465	0.9465	0.0000	0.0683	0.0683	0.0000	0.8782	0.8782	0.0000	0.4821	0.4330	0.0491	0.2319	0.2213	0.0106	0.2501	0.2117	0.0385	0.6506	0.4666	0.1839	0.4248	0.3493	0.0754	0.2258	0.1173	0.1085	1.7698	1.4133	0.0921	22.9515	19.7840	inf	0.3964	0.2433	0.0015	1.4549	2.0284	0.0001	0.1607	0.1954	0.0000	3.8893	7.4877	0.0001
22	120	0.4171	7	0	2	0	0	0	0	0	0	N	Y	N	N	N	N	N	N	N	N	N	N	1.0916	0.8581	0.0394	24.5701	22.9848	2.0016	0.0008	0.0000	0.0357	0.6760	0.7667	0.0042	2.1782	2.2677	0.0042	0.0007	0.0000	0.0042	0.6193	0.8934	0.1061	0.0887	0.0987	0.0021	0.8684	1.5159	0.1171	0.0007	0.0635	-0.4408	-0.3430	12.5677	16.3276	9.8718	34.9199	1.0009	1.0001	0.0007	1.0002	1.0001	0.0001	0.0007	0.0000	0.0007	0.8603	0.8090	0.0513	0.0393	0.0392	0.0001	0.8210	0.7698	0.0512	1.4805	1.3046	0.1759	0.4592	0.4410	0.0182	1.0213	0.8635	0.1578	1.3892	0.9055	0.4837	0.4437	0.3977	0.0460	0.9455	0.5078	0.4377	1.0916	0.8581	0.0394	24.5701	22.9848	2.0016	0.0008	0.0000	0.0357	0.6193	0.8934	0.1061	0.0887	0.0987	0.0021	0.8684	1.5159	0.1171
22	121	0.3997	6	0	2	0	0	0	0	0	0	N	Y	N	N	N	N	N	N	N	N	N	N	0.0732	0.0175	0.2707	0.0619	0.0591	0.0440	0.0735	0.0015	0.2674	0.0345	0.0061	0.1983	0.0149	0.0154	0.0009	0.0439	0.0007	0.2150	0.4713	0.3475	0.7327	0.2411	0.2611	0.0195	0.5970	0.4264	0.8041	5.6588	0.9986	0.0093	0.0150	12.5677	6.1757	9.8718	14.5601	0.0227	0.0034	0.0193	0.0032	0.0032	0.0000	0.0195	0.0002	0.0193	0.3634	0.1818	0.1816	0.0656	0.0652	0.0004	0.2978	0.1166	0.1811	0.6589	0.5615	0.0974	0.2135	0.2059	0.0076	0.4454	0.3556	0.0898	0.7710	0.5232	0.2478	0.2722	0.2496	0.0226	0.4988	0.2736	0.2253	0.0732	0.0175	0.2707	0.0619	0.0591	0.0440	0.0735	0.0015	0.2674	0.4713	0.3475	0.7327	0.2411	0.2611	0.0195	0.5970	0.4264	0.8041
22	122	0.3467	5	0	1	0	0	0	0	0	0	N	N	N	N	N	N	N	N	N	N	N	N	0.2199	0.0375	0.6964	0.0402	0.0376	0.3940	0.2472	0.0405	0.7454	0.1781	0.0033	1.5198	0.0050	0.0051	0.0047	0.2707	0.0022	1.7365	0.8100	0.0881	2.1823	0.1252	0.1344	0.0119	1.0949	0.0553	2.3297	59.9592	13.0275	0.0803	0.3614	12.5677	7.5400	9.8718	21.4192	0.1481	0.0024	0.1456	0.0015	0.0014	0.0001	0.1466	0.0010	0.1456	0.7683	0.0548	0.7135	0.0349	0.0346	0.0002	0.7334	0.0201	0.7133	0.8312	0.7354	0.0958	0.2895	0.2776	0.0120	0.5417	0.4578	0.0838	0.9485	0.6215	0.3270	0.2787	0.2579	0.0208	0.6698	0.3637	0.3062	0.2199	0.0375	0.6964	0.0402	0.0376	0.3940	0.2472	0.0405	0.7454	0.8100	0.0881	2.1823	0.1252	0.1344	0.0119	1.0949	0.0553	2.3297
22	123	0.6738	8	0	2	0	0	0	0	0	0	N	Y	N	N	N	N	N	N	N	N	N	N	0.0000	0.0000	0.0000	0.0000	0.0000	0.0000	0.0000	0.0000	0.0000	0.0000	0.0000	0.0000	0.0000	0.0000	0.0000	0.0000	0.0000	0.0006	0.0000	0.0020	0.0007	0.0001	0.0030	0.0005	0.0000	0.0011	21.0008	0.0000	0.0002	12.5677	4.0019	9.8718	19.5615	0.0000	0.0000	0.0000	0.0000	0.0000	0.0000	0.0000	0.0000	0.0000	0.0004	0.0000	0.0004	0.0003	0.0000	0.0003	0.0001	0.0000	0.0001	0.3476	0.3055	0.0421	0.1207	0.1133	0.0074	0.2269	0.1922	0.0348	0.6004	0.4166	0.1838	0.3917	0.3050	0.0867	0.2087	0.1116	0.0971	0.0000	0.0000	0.0000	0.0000	0.0000	0.0000	0.0000	0.0000	0.0000	0.0006	0.0000	0.0020	0.0007	0.0001	0.0030	0.0005	0.0000	0.0011		
22	124	0.6517	7	0	1	0	0	0	0	0	0	N	N	N	N	N	N	N	N	N	N	N	N	0.0491	0.1099	0.0000	0.2224	0.1934	0.0000	0.0000	0.0000	0.0000	0.0001	0.0001	0.0000	0.0003	0.0003	0.0000	0.0000	0.0000	0.0000	0.0023	0.0012	0.0051	0.0012	0.0015	0.0001	0.0040	0.0004	0.0083	0.0000	1.7918	-0.0000	0.0001	12.5677	1.2223	9.8718	8.2281	0.0000	0.0000	0.0000	0.0000	0.0000	0.0000	0.0000	0.0000	0.0000	0.0006	0.0002	0.0004	0.0002	0.0002	0.0000	0.0004	0.0000	0.0004	0.1658	0.1466	0.0192	0.0685	0.0656	0.0029	0.0973	0.0810	0.0163	0.2728	0.1937	0.0792	0.1670	0.1361	0.0309	0.1058	0.0576	0.0482	0.0491	0.1099	0.0000	0.2224	0.1934	0.0000	0.0000	0.0000	0.0000	0.0023	0.0012	0.0051	0.0012	0.0015	0.0001	0.0040	0.0004	0.0083
22	125	0.5998	6	0	1	0	0	0	0	0	0	N	N	N	N	N	N	N	N	N	N	N	N	1.5178	1.2001	0.0402	3.0107	2.6456	0.3191	0.0000	0.0000	0.0000	0.0346	0.0395	0.0000	0.1121	0.1192	0.0001	0.0000	0.0000	0.0000	0.0228	0.0330	0.0003	0.0372	0.0451	0.0002	0.0031	0.0058	0.0003	0.0000	0.0038	-0.0071	-0.0047	12.5677	5.9920	9.8718	12.2976	0.0161	0.0161	0.0000	0.0161	0.0161	0.0000	0.0000	0.0000	0.0000	0.0104	0.0103	0.0000	0.0098	0.0097	0.0000	0.0006	0.0006	0.0000	0.4658	0.4076	0.0582	0.1439	0.1352	0.0086	0.3220	0.2724	0.0496	0.4539	0.3129	0.1410	0.2621	0.2163	0.0458	0.1918	0.0966	0.0952	1.5178	1.2001	0.0402	3.0107	2.6456	0.3191	0.0000	0.0000	0.0000	0.0228	0.0330	0.0003	0.0372	0.0451	0.0002	0.0031	0.0058	0.0003
22	126	0.6369	8	0	2	0	0	0	0	0	0	N	Y	N	N	N	N	N	N	N	N	N	N	0.0001	0.0000	0.0003	0.0034	0.0000	0.0416	0.0000	0.0000	0.0000	0.0000	0.0000	0.0000	0.0000	0.0000	0.0000	0.0000	0.0000	0.0000	0.0134	0.0095	0.0222	0.0007	0.0007	0.0009	0.0279	0.0250	0.0312	inf	1.0239	0.0000	0.0004	12.5677	5.0407	9.8718	17.1705	0.0000	0.0000	0.0000	0.0000	0.0000	0.0000	0.0000	0.0000	0.0000	0.0076	0.0037	0.0038	0.0002	0.0002	0.0000	0.0074	0.0036	0.0038	0.4263	0.3742	0.0522	0.1470	0.1377	0.0093	0.2793	0.2365	0.0429	0.5657	0.3926	0.1731	0.3014	0.2496	0.0518	0.2642	0.1429	0.1213	0.0001	0.0000	0.0003	0.0034	0.0000	0.0416	0.0000	0.0000	0.0000	0.0134	0.0095	0.0222	0.0007	0.0007	0.0009	0.0279	0.0250	0.0312
22	127	0.6210	7	0	2	0	0	0	0	0	0	N	Y	N	N	N	N	N	N	N	N	N	N	0.0001	0.0000	0.1533	0.0008	0.0002	0.6141	0.0000	0.0000	0.0048	0.0000	0.0000	0.0001	0.0000	0.0000	0.0003	0.0000	0.0000	0.0000	0.1336	0.1859	0.0003	0.0323	0.0377	0.0005	0.2506	0.4470	0.0003	3.0001	0.0007	0.0000	-0.0174	12.5677	1.9703	9.8718	6.2034	0.0000	0.0000	0.0000	0.0000	0.0000	0.0000	0.0000	0.0000	0.0000	0.0381	0.0380	0.0000	0.0049	0.0049	0.0000	0.0331	0.0331	0.0000	0.1662	0.1457	0.0205	0.0556	0.0522	0.0035	0.1105	0.0935	0.0170	0.2850	0.2047	0.0804	0.1529	0.1306	0.0223	0.1322	0.0741	0.0581	0.0001	0.0000	0.1533	0.0008	0.0002	0.6141	0.0000	0.0000	0.0048	0.1336	0.1859	0.0003	0.0323	0.0377	0.0005	0.2506	0.4470	0.0003
22	128	0.5998	6	0	1	0	0	0	0	0	0	N	N	N	N	N	N	N	N	N	N	N	N	0.0000	0.0000	0.0000	0.0002	0.0002	0.0000	0.0000	0.0000	0.0000	0.0000	0.0000	0.0000	0.0000	0.0000	0.0000	0.0000	0.0000	0.0000	3.3665	5.1688	0.0022	0.2354	0.2791	0.0017	7.5594	15.5456	0.0024	0.0000	0.0002	-0.0000	-0.4069	12.5677	1.1032	9.8718	7.8190	0.0000	0.0000	0.0000	0.0000	0.0000	0.0000	0.0000	0.0000	0.0000	0.8880	0.8879	0.0002	0.0356	0.0355	0.0000	0.8525	0.8523	0.0001	0.0875	0.0765	0.0110	0.0270	0.0254	0.0016	0.0604	0.0511	0.0094	0.2638	0.1821	0.0817	0.1510	0.1272	0.0238	0.1128	0.0548	0.0579	0.0000	0.0000	0.0000	0.0002	0.0002	0.0000	0.0000	0.0000	0.0000	3.3665	4.8765	0.0022	0.2354	0.2791	0.0017	7.5594	15.5456	0.0024
22	129	0.3760	6	0	2	0	0	0	0	0	0	N	Y	N	N	N	N	N	N	N	N	N	N	0.0113	0.0094	0.0000	0.0088	0.0094	0.0000	0.0000	0.0000	0.0032	0.0036	0.0000	0.0052	0.0057	0.0000	0.0000	0.0000	0.0000	0.2795	0.3781	0.0000	0.5912	0.6110	0.0000	0.0000	0.0000	0.0000	0.0000	0.0000	-0.0007	-0.0565	12.5677	1.0033	9.8718	0.8635	0.0017	0.0017	0.0000	0.0017	0.0017	0.0000	0.0000	0.0000	0.0000	0.1232	0.1232	0.0000	0.1232	0.1232	0.0000	0.0000	0.0000	0.0000	0.5379	0.4765	0.0613	0.3270	0.2964	0.0306	0.2109	0.1801	0.0307	0.4408	0.3259	0.1149	0.2084	0.2017	0.0068	0.2323	0.1242	0.1081	0.0113	0.0094	0.0000	0.0088	0.0094	0.0000	0.0000	0.0000	0.0000	0.2795	0.3781	0.0000	0.5912	0.6110	0.0000	0.0000	0.0000	0.0000	
22	130	0.3467	5	0	1	0	0	0	0	0	0	N	N	N	N	N	N	N	N	N	N	N	N	0.1734	0.2328	0.1013	0.0614	0.0593	1.2153	0.2949	10.7984	0.1061	0.0573	0.0581	0.0506	0.0300	0.0309	0.0098	0.0732	0.0762	0.0566	0.3303	0.2497	0.4994	0.4891	0.5205	0.0081	0.2482	0.0071	0.5333	0.1102	0.9533	-0.0131	0.0066	12.5677	5.5514	9.8718	9.9598	0.0382	0.0344	0.0038	0.0074	0.0073	0.0001	0.0308	0.0271	0.0037	0.2229	0.1141	0.1088	0.1125	0.1124	0.0001	0.1104	0.0017	0.1087	0.6669	0.5919	0.0750	0.2459	0.2362	0.0097	0.4209	0.3556	0.0653	0.6748	0.4570	0.2178	0.2300	0.2160	0.0141	0.4447	0.2410	0.2038	0.1734	0.2328	0.1013	0.0614	0.0593	1.2153	0.2949	10.7984	0.1061	0.3303	0.2497	0.4994	0.4891	0.5205	0.0081	0.2482	0.0071	0.5333
22	131	0.3164	4	0	1	0	0	0	0	0	0	N	N	N	N	N	N	N	N	N	N	N	N	0.1576	0.1108	0.4610	0.2625	0.2536	0.6989	0.1485	0.0105	0.4836	0.0265	0.0037	0.2033	0.0105	0.0106	0.0090	0.0335	0.0003	0.2250	0.1682	0.0333	0.4411	0.0400	0.0417	0.0128	0.2256	0.0267	0.4652	7.1271	6.5565	0.0113	0.0607	12.5677	9.1969	9.8718	13.4651	0.0259	0.0032	0.0227	0.0031	0.0030	0.0001	0.0228	0.0002	0.0226	0.1483	0.0196	0.1287	0.0109	0.0107	0.0002	0.1374	0.0089	0.1285	0.9777	0.8659	0.1118	0.2975	0.2863	0.0112	0.6802	0.5796	0.1006	0.8819	0.5901	0.2918	0.2729	0.2574	0.0155	0.6090	0.3327	0.2762	0.1576	0.1108	0.4610	0.2625	0.2536	0.6989	0.1485	0.0105	0.4836	0.1682	0.0333	0.4411	0.0400	0.0417	0.0128	0.2256	0.0267	0.4652
22	132	0.6967	10	1	2	0	1	0	0	0	0	N	Y	N	N	N	N	N	N	N	N	N	N	0.0000	0.0000	0.0000	0.0000	0.0000	0.0000	0.0000	0.0000	0.0000	0.0000	0.0000	0.0000	0.0000	0.0000	0.0000	0.0000	0.0000	0.0000	0.0000	0.0000	12.5677	1.0000	9.8718	3.0001	0.0000	0.0000	0.0000	0.0000	0.0000	0.0000	0.0000	0.0000	0.0000	0.0000	0.0000	0.0000	0.0000	0.0000	0.0000	0.0000	0.0000	0.0000	0.0862	0.0754	0.0108	0.0265	0.0249	0.0017	0.0596	0.0505	0.0092	0.0944	0.0663	0.0282	0.0609	0.0489	0.0120	0.0335	0.0173	0.0162	0.0000	0.0000	0.0000	0.0000	0.0000	0.0000	0.0000	0.0000	0.0000	0.0000	0.0000	0.0000	0.0000	0.0000	0.0000	0.0000	0.0000	0.0000											
22	133	0.3978	8	1	2	0	1	0	0	0	0	N	Y	N	N	N	N	N	N	N	N	N	N	409173.3490	0.0000	inf	0.0000	0.0000	inf	inf	0.4980	0.0000	4.2410	0.0000	0.0000	0.0000	0.7337	0.0000	4.9311	0.0000	0.0000	0.0000	0.0000	0.0000	0.0000	0.0000	0.0000	0.0000	inf	0.0000	0.0000	-0.0000	12.5677	0.0006	9.8718	1.9797	0.0000	0.0000	0.0000	0.0000	0.0000	0.0000	0.0000	0.0000	0.0000	0.0000	0.0000	0.0000	0.0000	0.0000	0.0000	0.0000	0.0000	0.0000	0.0001	0.0001	0.0000	0.0000	0.0000	0.0000	0.0000	0.0000	0.0000	0.0472	0.0297	0.0175	0.0111	0.0097	0.0014	0.0361	0.0200	0.0161	409173.3490	0.0000	inf	0.0000	0.0000	0.0000	inf	0.0000	inf	0.0000	0.0000	0.0000	0.0000	0.0000	0.0000	0.0000	0.0000	0.0000		
22	134	0.3810	7	1	2	0	1	0	0	0	0	N	Y	N	N	N	N	N	N	N	N	N	N	17254.8026	0.0000	inf	0.0000	0.0000	inf	inf	5.5349	0.0000	42.3021	0.0000	0.0000	0.0000	7.7441	0.0000	49.1099	0.0003	0.0005	0.0000	0.0015	0.0018	0.0000	0.0000	0.0000	0.0000	inf	0.0000	0.5589	-0.0000	12.5677	2.0077	9.8718	6.0321	1.0000	0.0000	1.0000	0.0000	0.0000	0.0000	1.0000	0.0000	1.0000	0.0001	0.0001	0.0000	0.0001	0.0001	0.0000	0.0000	0.0000	0.0000	0.1807	0.1570	0.0236	0.0515	0.0483	0.0033	0.1291	0.1088	0.0204	0.1868	0.1155	0.0713	0.0390	0.0339	0.0050	0.1479	0.0816	0.0663	17254.8026	0.0000	inf	0.0000	0.0000	0.0000	inf	0.0000	inf	0.0003	0.0005	0.0000	0.0015	0.0018	0.0000	0.0000	0.0000	0.0000		
22	135	0.3763	7	0	2	0	1	0	0	0	0	N	Y	N	N	N	N	N	N	N	N	N	N	0.0000	0.0000	0.0000	0.0000	0.0000	0.0000	0.0000	0.0000	0.0000	0.0000	0.0000	0.0000	0.0000	0.0000	0.0000	0.0000	0.0000	0.0000	0.0012	0.0018	0.0000	0.0042	0.0047	0.0000	0.0000	0.0000	0.0000	0.0000	0.0000	-0.0002	12.5677	3.0348	9.8718	9.3583	0.0000	0.0000	0.0000	0.0000	0.0000	0.0000	0.0000	0.0000	0.0000	0.0004	0.0004	0.0000	0.0004	0.0004	0.0000	0.0000	0.0000	0.0000	0.2680	0.2330	0.0350	0.0755	0.0707	0.0048	0.1925	0.1623	0.0301	0.3343	0.2135	0.1209	0.0919	0.0819	0.0100	0.2425	0.1316	0.1108	0.0000	0.0000	0.0000	0.0000	0.0000	0.0000	0.0000	0.0000	0.0000	0.0012	0.0018	0.0000	0.0042	0.0047	0.0000	0.0000	0.0000	0.0000	
22	136	0.3620	6	0	1	0	1	0	0	0	0	N	N	N	N	N	N	N	N	N	N	N	N	0.0000	0.0000	0.0000	0.0000	0.0000	0.0000	0.0000	0.0000	0.0000	0.0000	0.0000	0.0000	0.0000	0.0000	0.0000	0.0000	0.0000	0.0000	0.0128	0.0204	0.0002	0.0579	0.0662	0.0001	0.0001	0.0001	0.0002	0.0048	0.0000	-0.0009	12.5677	0.0433	9.8718	6.6805	0.0000	0.0000	0.0000	0.0000	0.0000	0.0000	0.0000	0.0000	0.0000	0.0020	0.0020	0.0000	0.0020	0.0020	0.0000	0.0000	0.0000	0.0000	0.0049	0.0043	0.0006	0.0021	0.0020	0.0002	0.0028	0.0024	0.0004	0.1599	0.0994	0.0605	0.0349	0.0305	0.0044	0.1250	0.0689	0.0562	0.0000	0.0000	0.0000	0.0000	0.0000	0.0000	0.0000	0.0000	0.0000	0.0128	0.0204	0.0002	0.0579	0.0662	0.0001	0.0001	0.0001	0.0002	
22	137	0.7264	12	0	2	0	1	0	0	0	0	N	Y	N	N	N	N	N	N	N	N	N	N	0.0000	0.0000	0.0000	0.0000	0.0000	0.0000	0.0000	0.0000	0.0000	0.0000	0.0000	0.0000	0.0000	0.0000	0.0000	0.0000	0.0000	0.0000	0.0000	0.0000	12.5677	0.0000	9.8718	0.0000	0.0000	0.0000	0.0000	0.0000	0.0000	0.0000	0.0000	0.0000	0.0000	0.0000	0.0000	0.0000	0.0000	0.0000	0.0000	0.0000	0.0000	0.0000	0.0000	0.0000	0.0000	0.0000	0.0000	0.0000	0.0000	0.0000	0.0000	0.0000	0.0000	0.0000	0.0000	0.0000	0.0000	0.0000	0.0000	0.0000	0.0000	0.0000	0.0000	0.0000	0.0000	0.0000	0.0000	0.0000	0.0000	0.0000	0.0000	0.0000	0.0000	0.0000	0.0000	0.0000	0.0000	0.0000											
22	138	0.7213	11	0	2	0	1	0	0	0	0	N	Y	N	N	N	N	N	N	N	N	N	N	inf	inf	inf	inf	3.0786	3.4358	0.0000	4.1903	4.2984	0.0000	0.0000	0.0000	0.0000	0.0000	0.0000	0.0000	0.0000	0.0000	0.0000	0.0000	0.0000	0.0000	0.0000	-0.0009	0.0000	12.5677	0.0021	9.8718	2.0000	0.0020	0.0020	0.0000	0.0020	0.0020	0.0000	0.0000	0.0000	0.0000	0.0000	0.0000	0.0000	0.0000	0.0000	0.0000	0.0000	0.0000	0.0000	0.0007	0.0006	0.0001	0.0005	0.0005	0.0000	0.0002	0.0001	0.0001	0.0474	0.0330	0.0144	0.0284	0.0231	0.0053	0.0190	0.0099	0.0091	inf	inf	0.0000	inf	inf	0.0000	0.0000	0.0000	0.0000	0.0000	0.0000	0.0000	0.0000	0.0000	0.0000	0.0000	0.0000	0.0000						
22	139	0.7111	10	0	1	0	1	0	0	0	0	N	N	N	N	N	N	N	N	N	N	N	N	inf	inf	inf	inf	4.9725	5.6838	0.0000	16.0917	17.1462	0.0000	0.0000	0.0000	0.0000	0.0000	0.0000	0.0000	0.0000	0.0000	0.0000	0.0000	0.0000	0.0000	0.0000	-0.1896	0.0000	12.5677	1.0020	9.8718	3.0181	0.4298	0.4298	0.0000	0.4298	0.4298	0.0000	0.0000	0.0000	0.0000	0.0000	0.0000	0.0000	0.0000	0.0000	0.0000	0.0000	0.0000	0.0000	0.0864	0.0756	0.0108	0.0267	0.0251	0.0016	0.0597	0.0505	0.0092	0.0953	0.0663	0.0290	0.0571	0.0464	0.0107	0.0382	0.0199	0.0183	inf	inf	0.0000	inf	inf	0.0000	0.0000	0.0000	0.0000	0.0000	0.0000	0.0000	0.0000	0.0000	0.0000	0.0000	0.0000	0.0000						
22	140	0.6967	10	0	2	0	0	0	0	0	0	N	Y	N	N	N	N	N	N	N	N	N	N	0.0000	0.0000	0.0000	0.0000	0.0000	0.0000	0.0000	0.0000	0.0000	0.0000	0.0000	0.0000	0.0000	0.0000	0.0000	0.0000	0.0000	0.0000	0.0000	0.0000	12.5677	0.0000	9.8718	4.0001	0.0000	0.0000	0.0000	0.0000	0.0000	0.0000	0.0000	0.0000	0.0000	0.0000	0.0000	0.0000	0.0000	0.0000	0.0000	0.0000	0.0000	0.0000	0.0000	0.0000	0.0000	0.0000	0.0000	0.0000	0.0000	0.0000	0.0000	0.0944	0.0663	0.0282	0.0609	0.0489	0.0120	0.0335	0.0173	0.0162	0.0000	0.0000	0.0000	0.0000	0.0000	0.0000	0.0000	0.0000	0.0000	0.0000	0.0000	0.0000	0.0000	0.0000	0.0000	0.0000	0.0000	0.0000											
22	141	0.3765	6	0	2	0	0	0	0	0	0	N	Y	N	N	N	N	N	N	N	N	N	N	8666106.7414	191196081.9796	0.0000	165401340.4955	186639290.3121	0.0000	0.0000	0.0000	11.0958	12.7607	0.0000	38.8631	41.5290	0.0000	0.0000	0.0000	0.0000	0.0000	0.0000	0.0000	0.0000	0.0000	0.0000	0.0000	0.0000	0.0000	0.0000	29.8833	-0.4410	0.0000	12.5677	1.0003	9.8718	5.0186	0.9997	0.9997	0.0000	0.9997	0.9997	0.0000	0.0000	0.0000	0.0000	0.0000	0.0000	0.0000	0.0000	0.0000	0.0000	0.0000	0.0000	0.0000	0.0901	0.0783	0.0118	0.0257	0.0241	0.0017	0.0644	0.0543	0.0101	0.1447	0.0899	0.0548	0.0306	0.0270	0.0037	0.1141	0.0629	0.0511	8666106.7414	191196081.9796	0.0000	165401340.4955	186639290.3121	0.0000	0.0000	0.0000	0.0000	0.0000	0.0000	0.0000	0.0000	0.0000	0.0000	0.0000	0.0000	0.0000	
22	142	0.7111	10	0	1	1	1	0	0	0	0	N	N	N	N	N	N	N	N	N	N	N	N	0.0000	0.0000	0.0000	0.0000	0.0000	0.0000	0.0000	0.0000	0.0000	0.0000	0.0000	0.0000	0.0000	0.0000	0.0000	0.0000	0.0000	0.0000	0.0000	0.0000	12.5677	0.0001	9.8718	9.0026	0.0000	0.0000	0.0000	0.0000	0.0000	0.0000	0.0000	0.0000	0.0000	0.0000	0.0000	0.0000	0.0000	0.0000	0.0000	0.0000	0.0000	0.0000	0.0000	0.0000	0.0000	0.0000	0.0000	0.0000	0.0000	0.0000	0.0000	0.2089	0.1452	0.0636	0.1247	0.1014	0.0234	0.0841	0.0439	0.0403	0.0000	0.0000	0.0000	0.0000	0.0000	0.0000	0.0000	0.0000	0.0000	0.0000	0.0000	0.0000	0.0000	0.0000	0.0000	0.0000	0.0000	0.0000											
22	143	0.3620	6	0	1	1	1	0	0	0	0	N	N	N	N	N	N	N	N	N	N	N	N	0.0000	0.0000	0.0000	0.0000	0.0000	0.0000	0.0000	0.0000	0.0000	0.0000	0.0000	0.0000	0.0000	0.0000	0.0000	0.0000	0.0000	0.0000	4.7778	8.6934	0.1044	0.0625	0.0716	0.0000	5.4695	9.8441	0.1126	0.0093	0.0000	-0.4524	12.5677	2.0061	9.8718	8.0425	0.0000	0.0000	0.0000	0.0000	0.0000	0.0000	0.0000	0.0000	0.0000	1.0072	0.9979	0.0093	0.0032	0.0032	0.0000	1.0040	0.9947	0.0093	0.1790	0.1556	0.0233	0.0512	0.0479	0.0033	0.1278	0.1078	0.0200	0.2342	0.1452	0.0890	0.0506	0.0442	0.0065	0.1836	0.1010	0.0825	0.0000	0.0000	0.0000	0.0000	0.0000	0.0000	0.0000	0.0000	0.0000	4.3003	6.8708	0.1044	0.0625	0.0716	0.0000	5.4695	9.8441	0.1126	
22	144	0.3529	5	0	1	0	1	0	0	0	0	N	N	N	N	N	N	N	N	N	N	N	N	0.0000	0.0000	0.0000	0.0000	0.0000	0.0000	0.0000	0.0000	0.0000	0.0000	0.0000	0.0000	0.0000	0.0000	0.0000	0.0000	0.0000	0.0000	0.0146	0.0208	0.0002	0.0044	0.0046	0.0001	0.0195	0.0332	0.0002	0.0048	0.0000	-0.0010	12.5677	1.9550	9.8718	2.1189	0.0000	0.0000	0.0000	0.0000	0.0000	0.0000	0.0000	0.0000	0.0000	0.0022	0.0022	0.0000	0.0002	0.0002	0.0000	0.0020	0.0020	0.0000	0.1909	0.1668	0.0241	0.0601	0.0565	0.0036	0.1308	0.1103	0.0205	0.1520	0.1063	0.0457	0.0486	0.0459	0.0027	0.1034	0.0604	0.0430	0.0000	0.0000	0.0000	0.0000	0.0000	0.0000	0.0000	0.0000	0.0000	0.0146	0.0208	0.0002	0.0044	0.0046	0.0001	0.0195	0.0332	0.0002	
22	145	0.3529	5	0	1	1	1	0	0	0	0	N	N	N	N	N	N	N	N	N	N	N	N	2.6638	3639.2130	0.0000	0.0000	0.0000	0.0000	3.0512	134833453.0614	0.0000	4.8548	5.5578	0.0000	0.0000	0.0000	0.0000	7.0597	8.3730	0.0000	1.8225	0.0015	5.0624	0.3000	0.0045	2.7946	2.3137	0.0000	5.2378	0.0000	1863.1450	-0.4410	0.5041	12.5677	2.1261	9.8718	18.6477	0.9997	0.9997	0.0000	0.0000	0.0000	0.0000	0.9997	0.9997	0.0000	0.9317	0.0005	0.9312	0.0374	0.0005	0.0369	0.8943	0.0000	0.8943	0.2059	0.1799	0.0260	0.0643	0.0605	0.0038	0.1416	0.1194	0.0222	0.5112	0.3273	0.1839	0.1247	0.1115	0.0132	0.3865	0.2158	0.1707	2.6638	3639.2130	0.0000	0.0000	0.0000	0.0000	3.0512	134833453.0614	0.0000	1.8225	0.0015	5.0624	0.3000	0.0045	2.7946	2.3137	0.0000	5.2378
22	146	0.7111	10	0	1	1	1	0	0	0	0	N	N	N	N	N	N	N	N	N	N	N	N	inf	inf	inf	inf	inf	inf	0.0068	0.0077	0.0000	0.0203	0.0217	0.0000	0.0007	0.0008	0.0000	0.0000	0.0000	0.0000	0.0000	0.0000	0.0000	0.0000	0.0000	0.0000	0.0000	-0.0005	0.0000	12.5677	2.0001	9.8718	5.9880	0.0012	0.0012	0.0000	0.0011	0.0011	0.0000	0.0001	0.0001	0.0000	0.0000	0.0000	0.0000	0.0000	0.0000	0.0000	0.0000	0.0000	0.0000	0.1718	0.1503	0.0215	0.0531	0.0498	0.0033	0.1187	0.1005	0.0182	0.1861	0.1294	0.0567	0.1112	0.0904	0.0208	0.0749	0.0390	0.0359	inf	inf	0.0000	inf	inf	0.0000	inf	inf	0.0000	0.0000	0.0000	0.0000	0.0000	0.0000	0.0000	0.0000	0.0000	0.0000				
22	147	0.7111	10	0	1	1	1	0	0	0	0	N	N	N	N	N	N	N	N	N	N	N	N	0.0000	0.0000	0.0000	0.0000	0.0000	0.0000	0.0000	0.0000	0.0000	0.0000	0.0000	0.0000	0.0000	1.0771	1.5509	0.0000	1.8341	2.2525	0.0000	0.0000	0.0000	0.0000	0.0000	0.0000	-0.3348	12.5677	9.0001	9.8718	23.0169	0.0000	0.0000	0.0000	0.0000	0.0000	0.0000	0.0000	0.0000	0.0000	0.7304	0.7304	0.0000	0.7304	0.7304	0.0000	0.0000	0.0000	0.0000	0.7513	0.6581	0.0932	0.2321	0.2179	0.0142	0.5192	0.4402	0.0790	0.6781	0.4709	0.2072	0.3982	0.3242	0.0740	0.2799	0.1467	0.1332	0.0000	0.0000	0.0000	0.0000	0.0000	0.0000	0.0000	0.0000	0.0000	1.0771	1.5509	0.0000	1.8341	2.2525	0.0000	0.0000	0.0000	0.0000						
22	148	0.6857	9	0	1	0	1	0	0	0	0	N	N	N	N	N	N	N	N	N	N	N	N	7.1703	5.1556	21.4524	0.0000	0.0000	0.0000	13.1069	106.1238	15.6376	0.0007	0.0005	0.0021	0.0000	0.0000	0.0000	0.0010	0.0008	0.0025	0.0001	0.0001	0.0001	0.0001	0.0001	0.0000	0.0001	0.0000	0.0002	0.5654	0.3974	-0.0000	-0.0000	12.5677	1.9990	9.8718	7.9526	0.0001	0.0001	0.0000	0.0000	0.0000	0.0000	0.0001	0.0001	0.0000	0.0000	0.0000	0.0000	0.0000	0.0000	0.0000	0.0000	0.0000	0.0000	0.1723	0.1507	0.0216	0.0534	0.0501	0.0033	0.1189	0.1006	0.0183	0.2600	0.1831	0.0768	0.1636	0.1334	0.0302	0.0964	0.0497	0.0466	7.1703	5.1556	21.4524	0.0000	0.0000	0.0000	13.1069	106.1238	15.6376	0.0001	0.0001	0.0001	0.0001	0.0001	0.0000	0.0001	0.0000	0.0002
22	149	0.6538	8	1	2	0	0	0	0	0	0	N	Y	N	N	N	N	N	N	N	N	N	N	4224.0974	3739.7568	0.0000	8761.2760	8018.0144	0.0000	0.0000	0.0000	0.0000	1.9229	2.1951	0.0000	5.8262	6.2075	0.0000	0.0000	0.0000	0.0000	0.0005	0.0006	0.0001	0.0007	0.0008	0.0002	0.0001	0.0001	0.0001	0.0000	0.0877	-0.3988	-0.0001	12.5677	5.3497	9.8718	17.2225	0.9041	0.9041	0.0000	0.9041	0.9041	0.0000	0.0000	0.0000	0.0000	0.0002	0.0002	0.0000	0.0002	0.0002	0.0000	0.0000	0.0000	0.0000	0.4702	0.4119	0.0583	0.1552	0.1456	0.0095	0.3150	0.2662	0.0488	0.5451	0.3887	0.1564	0.3447	0.2832	0.0615	0.2003	0.1055	0.0949	4224.0974	3739.7568	0.0000	8761.2760	8018.0144	0.0000	0.0000	0.0000	0.0000	0.0005	0.0006	0.0001	0.0007	0.0008	0.0002	0.0001	0.0001	0.0001
22	150	0.6846	9	0	2	0	0	0	0	0	0	N	Y	N	N	N	N	N	N	N	N	N	N	300.0384	250.1215	2.7239	489.7436	440.4394	inf	14.5133	12.3501	0.6122	1.2605	1.4357	0.0003	3.2635	3.4816	0.0010	0.0044	0.0052	0.0001	0.0042	0.0057	0.0001	0.0067	0.0079	0.0000	0.0003	0.0004	0.0002	0.0000	0.0069	-0.1886	-0.0010	12.5677	3.6794	9.8718	17.4287	0.4276	0.4276	0.0000	0.4267	0.4267	0.0000	0.0009	0.0009	0.0000	0.0021	0.0021	0.0000	0.0021	0.0021	0.0000	0.0001	0.0000	0.0000	0.3392	0.2978	0.0414	0.1307	0.1226	0.0082	0.2085	0.1753	0.0332	0.5087	0.3698	0.1389	0.3117	0.2628	0.0489	0.1970	0.1070	0.0900	300.0384	250.1215	2.7239	489.7436	440.4394	inf	14.5133	12.3501	0.6122	0.0042	0.0057	0.0001	0.0067	0.0079	0.0000	0.0003	0.0004	0.0002
22	151	0.6538	8	0	2	0	0	0	0	0	0	N	Y	N	N	N	N	N	N	N	N	N	N	515.7556	710.9463	0.0530	10.0666	9.8285	0.0000	331.3498	388.2834	0.0395	3.4681	3.9588	0.0005	0.0168	0.0179	0.0000	5.2466	6.2196	0.0006	0.0067	0.0056	0.0097	0.0017	0.0018	0.0010	0.0158	0.0160	0.0156	0.0000	0.6754	-0.4799	-0.0001	12.5677	3.4464	9.8718	10.1316	1.0880	1.0880	0.0000	0.0018	0.0018	0.0000	1.0862	1.0862	0.0000	0.0024	0.0015	0.0010	0.0004	0.0003	0.0000	0.0020	0.0011	0.0009	0.3137	0.2748	0.0389	0.1067	0.1002	0.0065	0.2070	0.1746	0.0324	0.3616	0.2606	0.1010	0.2325	0.1918	0.0407	0.1291	0.0689	0.0602	515.7556	710.9463	0.0530	10.0666	9.8285	0.0000	331.3498	388.2834	0.0395	0.0067	0.0056	0.0097	0.0017	0.0018	0.0010	0.0158	0.0160	0.0156
22	152	0.3833	8	1	2	0	0	0	0	0	0	N	Y	N	N	N	N	N	N	N	N	N	N	0.0000	0.0000	0.0000	0.0000	0.0000	0.0000	0.0000	0.0000	0.0000	0.0000	0.0000	0.0000	0.0000	0.0000	0.0000	3.3842	6.0807	0.0000	0.0000	0.0000	0.0000	4.2758	7.7368	0.0000	0.0000	0.0000	-0.4583	12.5677	1.0143	9.8718	12.0086	0.0000	0.0000	0.0000	0.0000	0.0000	0.0000	0.0000	0.0000	0.0000	0.9999	0.9999	0.0000	0.0000	0.0000	0.0000	0.9999	0.9999	0.0000	0.0931	0.0809	0.0122	0.0272	0.0255	0.0017	0.0659	0.0553	0.0105	0.2955	0.1828	0.1127	0.0616	0.0535	0.0081	0.2338	0.1292	0.1046	0.0000	0.0000	0.0000	0.0000	0.0000	0.0000	0.0000	0.0000	0.0000	3.3842	5.4703	0.0000	0.0000	0.0000	0.0000	4.2758	7.7368	0.0000				
22	153	0.3810	7	1	2	0	0	0	0	0	0	N	Y	N	N	N	N	N	N	N	N	N	N	0.0547	0.0392	0.0000	232.2717	330.1630	0.0000	0.0000	0.0000	0.0000	0.0002	0.0003	0.0000	0.0008	0.0008	0.0000	0.0000	0.0000	0.0000	0.0041	0.0066	0.0000	0.0000	0.0000	0.0000	0.0052	0.0094	0.0000	0.0000	0.0002	-0.0000	-0.0000	12.5677	0.9811	9.8718	0.0216	0.0000	0.0000	0.0000	0.0000	0.0000	0.0000	0.0000	0.0000	0.0000	0.0001	0.0001	0.0000	0.0000	0.0000	0.0000	0.0001	0.0001	0.0000	0.0892	0.0775	0.0117	0.0256	0.0240	0.0016	0.0636	0.0535	0.0101	0.0244	0.0152	0.0093	0.0052	0.0046	0.0006	0.0192	0.0106	0.0086	0.0547	0.0392	0.0000	232.2717	330.1630	0.0000	0.0000	0.0000	0.0000	0.0041	0.0066	0.0000	0.0000	0.0000	0.0000	0.0052	0.0094	0.0000
22	154	0.3765	6	1	2	0	0	0	0	0	0	N	Y	N	N	N	N	N	N	N	N	N	N	1911.1892	0.0000	8392951.0203	991.0842	0.0000	inf	238030.6050	659208.2687	0.3640	0.0000	2.9656	0.8322	0.0000	12.2506	0.0354	0.0000	0.2196	0.0002	0.0003	0.0000	0.0008	0.0009	0.0000	0.0000	0.0000	0.0000	inf	0.0007	0.0002	-0.0000	12.5677	0.0083	9.8718	2.0001	0.0003	0.0000	0.0003	0.0003	0.0000	0.0003	0.0000	0.0000	0.0000	0.0000	0.0000	0.0000	0.0000	0.0000	0.0000	0.0000	0.0000	0.0000	0.0010	0.0008	0.0001	0.0004	0.0004	0.0000	0.0006	0.0005	0.0001	0.0517	0.0326	0.0191	0.0117	0.0105	0.0012	0.0400	0.0222	0.0179	1911.1892	0.0000	8392951.0203	991.0842	0.0000	inf	238030.6050	0.0000	659208.2687	0.0002	0.0003	0.0000	0.0008	0.0009	0.0000	0.0000	0.0000	0.0000	
22	155	0.3529	5	0	2	0	0	0	0	0	0	N	Y	N	N	N	N	N	N	N	N	N	N	1.7004	1.2870	0.0000	1.4986	1.4582	0.0000	0.0000	0.0000	0.0012	0.0014	0.0000	0.0039	0.0042	0.0000	0.0000	0.0000	0.0000	0.0007	0.0011	0.0000	0.0026	0.0029	0.0000	0.0000	0.0000	0.0000	0.0000	0.0024	-0.0001	-0.0001	12.5677	2.9180	9.8718	7.4065	0.0003	0.0003	0.0000	0.0003	0.0003	0.0000	0.0000	0.0000	0.0000	0.0002	0.0002	0.0000	0.0002	0.0002	0.0000	0.0000	0.0000	0.0000	0.2752	0.2402	0.0350	0.0838	0.0787	0.0051	0.1914	0.1614	0.0300	0.2919	0.1923	0.0996	0.0782	0.0714	0.0068	0.2137	0.1209	0.0928	1.7004	1.2870	0.0000	1.4986	1.4582	0.0000	0.0000	0.0000	0.0000	0.0007	0.0011	0.0000	0.0026	0.0029	0.0000	0.0000	0.0000	0.0000	
22	156	0.2870	4	0	1	0	0	0	0	0	0	N	N	N	N	N	N	N	N	N	N	N	N	46.4375	168.9080	52.3950	88.2506	94.0002	54.7040	41.0526	19282.5362	53.0836	1.0862	0.6916	3.2566	0.8936	0.8885	1.0386	1.2050	0.5399	3.4612	0.0234	0.0041	0.0622	0.0101	0.0095	0.0190	0.0294	0.0000	0.0652	0.8560	7.5559	0.0280	0.0101	12.5677	8.2479	9.8718	19.7214	1.3946	0.7514	0.6432	0.4375	0.4202	0.0173	0.9571	0.3312	0.6259	0.0237	0.0028	0.0209	0.0032	0.0028	0.0004	0.0205	0.0000	0.0205	1.2839	1.0864	0.1975	0.4896	0.4729	0.0167	0.7943	0.6135	0.1808	1.0116	0.6754	0.3362	0.3136	0.2915	0.0222	0.6980	0.3840	0.3140	46.4375	168.9080	52.3950	88.2506	94.0002	54.7040	41.0526	19282.5362	53.0836	0.0234	0.0041	0.0622	0.0101	0.0095	0.0190	0.0294	0.0000	0.0652
22	157	0.2509	3	0	1	0	0	0	0	0	0	N	N	N	N	N	N	N	N	N	N	N	N	20.9531	24.3435	26.4957	4.3652	4.0051	42.8906	34.0546	313.2834	26.2581	1.2695	0.9867	2.6167	0.3735	0.3647	0.6516	1.7081	1.3767	2.7382	0.0606	0.0405	0.0988	0.0856	0.0910	0.0152	0.0502	0.0044	0.1043	0.5568	1.2804	-0.1037	0.0055	12.5677	7.4725	9.8718	14.3153	1.2426	0.7982	0.4444	0.1201	0.1137	0.0064	1.1225	0.6845	0.4380	0.0538	0.0236	0.0302	0.0224	0.0221	0.0003	0.0314	0.0015	0.0299	0.9788	0.8090	0.1698	0.3216	0.3117	0.0099	0.6572	0.4972	0.1600	0.8879	0.5821	0.3059	0.2617	0.2427	0.0189	0.6262	0.3393	0.2869	20.9531	24.3435	26.4957	4.3652	4.0051	42.8906	34.0546	313.2834	26.2581	0.0606	0.0405	0.0988	0.0856	0.0910	0.0152	0.0502	0.0044	0.1043
22	161	0.7043	12	1	2	0	0	0	0	0	0	N	Y	N	N	N	N	N	N	N	N	N	N	0.0000	0.0000	0.0000	0.0000	0.0000	0.0000	0.0000	0.0000	0.0000	0.0000	0.0000	0.0000	0.0000	0.4405	0.6273	0.0000	0.6843	0.8499	0.0000	0.0000	0.0000	0.0000	0.0000	0.0000	-0.0146	12.5677	0.0002	9.8718	3.0099	0.0000	0.0000	0.0000	0.0000	0.0000	0.0000	0.0000	0.0000	0.0000	0.0319	0.0319	0.0000	0.0319	0.0319	0.0000	0.0000	0.0000	0.0000	0.0001	0.0001	0.0000	0.0001	0.0001	0.0000	0.0000	0.0000	0.0000	0.0724	0.0508	0.0216	0.0466	0.0375	0.0091	0.0258	0.0133	0.0125	0.0000	0.0000	0.0000	0.0000	0.0000	0.0000	0.0000	0.0000	0.0000	0.4405	0.6273	0.0000	0.6843	0.8499	0.0000	0.0000	0.0000	0.0000						
22	162	0.6967	11	1	2	0	0	0	0	0	0	N	Y	N	N	N	N	N	N	N	N	N	N	0.0000	0.0000	0.0000	0.0000	0.0000	0.0000	0.0000	0.0000	0.0000	0.0000	0.0000	0.0000	0.0000	0.0013	0.0019	0.0000	0.0021	0.0026	0.0000	0.0000	0.0000	0.0000	0.0000	0.0000	-0.0000	12.5677	0.9998	9.8718	2.0118	0.0000	0.0000	0.0000	0.0000	0.0000	0.0000	0.0000	0.0000	0.0000	0.0001	0.0001	0.0000	0.0001	0.0001	0.0000	0.0000	0.0000	0.0000	0.0862	0.0754	0.0108	0.0265	0.0249	0.0017	0.0596	0.0505	0.0092	0.0714	0.0501	0.0213	0.0461	0.0370	0.0091	0.0253	0.0131	0.0122	0.0000	0.0000	0.0000	0.0000	0.0000	0.0000	0.0000	0.0000	0.0000	0.0013	0.0019	0.0000	0.0021	0.0026	0.0000	0.0000	0.0000	0.0000						
22	163	0.6967	10	1	2	0	0	0	0	0	0	N	Y	N	N	N	N	N	N	N	N	N	N	0.0000	0.0000	0.0000	0.0000	0.0000	0.0000	0.0000	0.0000	0.0000	0.0000	0.0000	0.0000	0.0000	0.0000	0.0000	0.0000	0.0000	0.0000	0.0000	0.0000	12.5677	0.0000	9.8718	0.0003	0.0000	0.0000	0.0000	0.0000	0.0000	0.0000	0.0000	0.0000	0.0000	0.0000	0.0000	0.0000	0.0000	0.0000	0.0000	0.0000	0.0000	0.0000	0.0000	0.0000	0.0000	0.0000	0.0000	0.0000	0.0000	0.0000	0.0000	0.0000	0.0000	0.0000	0.0000	0.0000	0.0000	0.0000	0.0000	0.0000	0.0000	0.0000	0.0000	0.0000	0.0000	0.0000	0.0000	0.0000	0.0000	0.0000	0.0000	0.0000	0.0000	0.0000	0.0000	0.0000	0.0000	0.0000											
22	164	0.6857	9	0	2	0	0	0	0	0	0	N	Y	N	N	N	N	N	N	N	N	N	N	514.9036	385.9103	1236.6690	0.0000	0.0000	0.0000	1591.2991	14977.6508	1074.9584	0.1000	0.0754	0.2367	0.0000	0.0000	0.0000	0.2457	0.2154	0.3268	0.0002	0.0002	0.0002	0.0002	0.0003	0.0000	0.0002	0.0000	0.0003	0.5654	0.3974	-0.0000	-0.0000	12.5677	0.0063	9.8718	4.3641	0.0001	0.0001	0.0000	0.0000	0.0000	0.0000	0.0001	0.0001	0.0000	0.0000	0.0000	0.0000	0.0000	0.0000	0.0000	0.0000	0.0000	0.0000	0.0012	0.0011	0.0002	0.0007	0.0007	0.0001	0.0005	0.0004	0.0001	0.1345	0.0957	0.0388	0.0848	0.0700	0.0148	0.0497	0.0257	0.0240	514.9036	385.9103	1236.6690	0.0000	0.0000	0.0000	1591.2991	14977.6508	1074.9584	0.0002	0.0002	0.0002	0.0002	0.0003	0.0000	0.0002	0.0000	0.0003
22	165	0.6538	8	0	1	0	0	0	0	0	0	N	N	N	N	N	N	N	N	N	N	N	N	1374.6591	419.3605	27997.2433	0.8068	0.7406	0.0000	7400.4088	2423.2600	42810.3376	1.0675	0.4183	5.6627	0.0009	0.0009	0.0000	1.6415	0.6689	6.8284	0.0008	0.0010	0.0002	0.0011	0.0013	0.0003	0.0002	0.0003	0.0002	1.9127	0.0780	0.0545	-0.0001	12.5677	2.5207	9.8718	10.0226	0.2527	0.0868	0.1660	0.0001	0.0001	0.0000	0.2526	0.0867	0.1660	0.0003	0.0002	0.0000	0.0002	0.0002	0.0000	0.0000	0.0000	0.0000	0.2367	0.2074	0.0293	0.0828	0.0778	0.0050	0.1539	0.1296	0.0243	0.3396	0.2453	0.0943	0.2189	0.1807	0.0382	0.1207	0.0645	0.0561	1374.6591	419.3605	27997.2433	0.8068	0.7406	0.0000	7400.4088	2423.2600	42810.3376	0.0008	0.0010	0.0002	0.0011	0.0013	0.0003	0.0002	0.0003	0.0002
22	166	0.6382	7	0	1	0	0	0	0	0	0	N	N	N	N	N	N	N	N	N	N	N	N	22.4507	18.5960	0.0068	9.8100	8.5507	0.6603	167.1850	115.4978	0.0001	1.3411	1.4840	0.0000	0.7767	0.8121	0.0000	1.9626	2.3208	0.0000	0.0597	0.0798	0.0014	0.0792	0.0950	0.0001	0.0117	0.0201	0.0026	0.0000	0.0061	-0.2307	-0.0078	12.5677	2.6894	9.8718	4.6619	0.5230	0.5230	0.0000	0.1587	0.1587	0.0000	0.3642	0.3642	0.0000	0.0173	0.0172	0.0001	0.0163	0.0163	0.0000	0.0010	0.0009	0.0001	0.3899	0.3524	0.0376	0.2044	0.1955	0.0089	0.1856	0.1569	0.0286	0.2900	0.2157	0.0742	0.2064	0.1720	0.0344	0.0836	0.0437	0.0399	22.4507	18.5960	0.0068	9.8100	8.5507	0.6603	167.1850	115.4978	0.0001	0.0597	0.0798	0.0014	0.0792	0.0950	0.0001	0.0117	0.0201	0.0026
22	167	0.5998	6	0	1	0	0	0	0	0	0	N	N	N	N	N	N	N	N	N	N	N	N	40.1693	31.8317	7.4457	0.0001	0.0001	0.0000	39.5879	23.2353	6.3910	3.3886	3.8727	0.0101	0.0000	0.0000	0.0000	4.9024	5.7964	0.0118	0.0844	0.1217	0.0014	0.0552	0.0660	0.0002	0.1238	0.2495	0.0018	0.0004	0.0050	-0.3289	-0.0120	12.5677	2.7966	9.8718	8.5340	0.7461	0.7459	0.0003	0.0000	0.0000	0.0000	0.7461	0.7459	0.0003	0.0265	0.0264	0.0001	0.0100	0.0100	0.0000	0.0165	0.0164	0.0001	0.2202	0.1926	0.0276	0.0680	0.0639	0.0041	0.1522	0.1287	0.0235	0.3140	0.2167	0.0974	0.1806	0.1509	0.0297	0.1335	0.0657	0.0677	40.1693	31.8317	7.4457	0.0001	0.0001	0.0000	39.5879	23.2353	6.3910	0.0844	0.1217	0.0014	0.0552	0.0660	0.0002	0.1238	0.2495	0.0018
23	24	0.1964	8	0	1	0	2	0	0	0	0	N	N	N	Y	N	N	N	N	N	N	N	N	0.0000	0.0000	0.0000	0.0000	0.0000	0.0000	0.0000	0.0000	0.0000	0.0000	0.0000	0.0000	0.0000	0.0000	0.0000	0.0000	0.0000	0.0000	0.0000	0.0000	0.0000	0.0000	0.0000	0.0000	0.0000	0.2384	0.0000	-0.0000	0.9981	0.6341	0.0014	12.6218	0.0000	0.0000	0.0000	0.0000	0.0000	0.0000	0.0000	0.0000	0.0000	0.0000	0.0000	0.0000	0.0000	0.0000	0.0000	0.0000	0.0000	0.0000	0.0052	0.0046	0.0007	0.0011	0.0010	0.0000	0.0041	0.0035	0.0006	0.0213	0.0140	0.0074	0.0078	0.0067	0.0011	0.0135	0.0073	0.0062	0.0000	0.0000	0.0000	0.0000	0.0000	0.0000	0.0000	0.0000	0.0000	0.0000	0.0000	0.0000	0.0000	0.0000	0.0000	0.0000	0.0000	0.0000			
23	25	0.5669	10	0	1	0	1	0	0	0	0	N	N	N	N	N	N	N	N	N	N	N	N	6.8751	0.0000	16356.4347	0.0035	0.0000	8.9499	inf	inf	0.0006	0.0000	0.0050	0.0000	0.0000	0.0000	0.0009	0.0000	0.0060	0.0001	0.0001	0.0000	0.0002	0.0002	0.0000	0.0000	0.0000	0.0000	inf	0.0010	0.0000	-0.0000	0.9981	10.0221	0.0014	10.6811	0.0001	0.0000	0.0001	0.0000	0.0000	0.0000	0.0001	0.0000	0.0001	0.0000	0.0000	0.0000	0.0000	0.0000	0.0000	0.0000	0.0000	0.0000	0.0855	0.0755	0.0100	0.0288	0.0272	0.0016	0.0567	0.0483	0.0084	0.0316	0.0225	0.0091	0.0171	0.0146	0.0025	0.0145	0.0079	0.0066	6.8751	0.0000	16356.4347	0.0035	0.0000	8.9499	inf	0.0000	inf	0.0001	0.0001	0.0000	0.0002	0.0002	0.0000	0.0000	0.0000	0.0000	
23	26	0.2308	10	0	1	0	1	0	0	0	0	N	N	N	N	N	N	N	N	N	N	N	N	0.0000	0.0000	0.0000	0.0000	0.0000	0.0000	0.0000	0.0000	0.0000	0.0000	0.0000	0.0000	0.0000	0.0000	0.0000	0.0000	0.0000	0.0000	0.0000	0.0000	0.0000	0.0000	0.0000	0.0000	-0.0000	0.9981	3.9997	0.0014	5.4032	0.0000	0.0000	0.0000	0.0000	0.0000	0.0000	0.0000	0.0000	0.0000	0.0000	0.0000	0.0000	0.0000	0.0000	0.0000	0.0000	0.0000	0.0000	0.0270	0.0230	0.0041	0.0030	0.0028	0.0002	0.0240	0.0202	0.0038	0.0144	0.0086	0.0058	0.0040	0.0034	0.0006	0.0104	0.0052	0.0052	0.0000	0.0000	0.0000	0.0000	0.0000	0.0000	0.0000	0.0000	0.0000	0.0000	0.0000	0.0000	0.0000	0.0000	0.0000	0.0000	0.0000	0.0000						
23	27	0.5972	13	0	1	0	2	0	0	0	0	N	N	N	Y	N	N	N	N	N	N	N	N	0.0000	0.0000	0.0000	0.0000	0.0000	0.0000	0.0000	0.0000	0.0000	0.0000	0.0000	0.0000	0.0000	0.0000	0.0000	0.0000	0.0175	0.0249	0.0034	0.0321	0.0387	0.0000	0.0024	0.0000	0.0046	0.0723	0.0000	-0.0001	0.9981	4.9655	0.0014	10.6561	0.0000	0.0000	0.0000	0.0000	0.0000	0.0000	0.0000	0.0000	0.0000	0.0003	0.0003	0.0000	0.0003	0.0003	0.0000	0.0000	0.0000	0.0000	0.0323	0.0278	0.0045	0.0087	0.0080	0.0007	0.0236	0.0198	0.0038	0.0171	0.0112	0.0059	0.0087	0.0072	0.0015	0.0084	0.0040	0.0044	0.0000	0.0000	0.0000	0.0000	0.0000	0.0000	0.0000	0.0000	0.0000	0.0175	0.0249	0.0034	0.0321	0.0387	0.0000	0.0024	0.0000	0.0046			
23	28	0.0065	2	0	1	0	2	0	0	0	0	N	N	N	Y	N	N	N	N	N	N	N	N	0.0000	0.0000	0.0000	0.0000	0.0000	0.0000	0.0000	0.0000	0.0000	0.0000	0.0000	0.0000	0.0000	0.0000	0.0000	0.0000	0.0000	0.0000	0.0000	0.0000	0.9981	0.0000	0.0014	0.0000	0.0000	0.0000	0.0000	0.0000	0.0000	0.0000	0.0000	0.0000	0.0000	0.0000	0.0000	0.0000	0.0000	0.0000	0.0000	0.0000	0.0000	0.0000	0.0000	0.0000	0.0000	0.0000	0.0000	0.0000	0.0000	0.0000	0.0000	0.0000	0.0000	0.0000	0.0000	0.0000	0.0000	0.0000	0.0000	0.0000	0.0000	0.0000	0.0000	0.0000	0.0000	0.0000	0.0000	0.0000	0.0000	0.0000	0.0000	0.0000	0.0000	0.0000	0.0000	0.0000	0.0000	0.0000											
23	29	0.2168	7	1	1	0	1	0	0	0	0	N	N	N	N	N	N	N	N	N	N	N	N	576101.1532	460361.3053	1131919.4087	1005368.8194	28.8777	33.8719	0.0000	141.7275	149.5733	0.0000	0.0000	0.0000	0.0000	0.0001	0.0001	0.0000	0.0001	0.0001	0.0000	0.0000	0.0000	0.0000	0.0000	0.0000	-0.4343	-0.0000	0.9981	3.9885	0.0014	8.5018	0.9846	0.9846	0.0000	0.9846	0.9846	0.0000	0.0000	0.0000	0.0000	0.0000	0.0000	0.0000	0.0000	0.0000	0.0000	0.0000	0.0000	0.0000	0.0341	0.0291	0.0050	0.0069	0.0066	0.0004	0.0271	0.0225	0.0047	0.0281	0.0191	0.0089	0.0112	0.0095	0.0018	0.0168	0.0097	0.0072	576101.1532	460361.3053	0.0000	1131919.4087	1005368.8194	0.0000	0.0000	0.0000	0.0000	0.0001	0.0001	0.0000	0.0001	0.0001	0.0000	0.0000	0.0000	0.0000					
23	30	0.0997	5	0	1	0	1	0	0	0	0	N	N	N	N	N	N	N	N	N	N	N	N	inf	inf	inf	inf	0.0000	0.0000	0.0000	0.0000	0.0000	0.0000	0.0000	0.0000	0.0000	0.0000	0.0000	0.0000	0.0000	0.0000	0.0000	0.0000	0.0000	0.0000	0.0000	-0.0000	0.0000	0.9981	0.9701	0.0014	4.0208	0.0000	0.0000	0.0000	0.0000	0.0000	0.0000	0.0000	0.0000	0.0000	0.0000	0.0000	0.0000	0.0000	0.0000	0.0000	0.0000	0.0000	0.0000	0.0199	0.0175	0.0024	0.0075	0.0074	0.0002	0.0124	0.0102	0.0022	0.0155	0.0100	0.0054	0.0055	0.0053	0.0002	0.0099	0.0047	0.0052	inf	inf	0.0000	inf	inf	0.0000	0.0000	0.0000	0.0000	0.0000	0.0000	0.0000	0.0000	0.0000	0.0000	0.0000	0.0000	0.0000						
23	31	0.1823	7	0	0	0	2	0	0	0	0	N	N	N	Y	N	N	N	N	N	N	N	N	0.0000	0.0000	0.0000	0.0000	0.0000	0.0000	0.0000	0.0000	0.0000	0.0000	0.0000	0.0000	0.0000	0.0000	0.0000	0.0000	0.0000	0.0000	0.0000	0.0000	0.0000	0.0000	0.0000	0.0000	-0.0000	0.9981	5.0045	0.0014	16.6627	0.0000	0.0000	0.0000	0.0000	0.0000	0.0000	0.0000	0.0000	0.0000	0.0000	0.0000	0.0000	0.0000	0.0000	0.0000	0.0000	0.0000	0.0000	0.0332	0.0283	0.0049	0.0048	0.0044	0.0004	0.0284	0.0239	0.0045	0.0294	0.0186	0.0107	0.0094	0.0081	0.0014	0.0200	0.0106	0.0094	0.0000	0.0000	0.0000	0.0000	0.0000	0.0000	0.0000	0.0000	0.0000	0.0000	0.0000	0.0000	0.0000	0.0000	0.0000	0.0000	0.0000	0.0000						
23	32	0.7245	13	1	0	1	1	0	0	0	0	N	N	N	N	N	N	N	N	N	N	N	N	0.0000	0.0000	0.0000	0.0000	0.0000	0.0000	0.0000	0.0000	0.0000	0.0000	0.0000	0.0000	0.0000	0.0000	0.0000	0.0000	0.0000	0.0000	0.0000	0.0000	0.9981	1.4893	0.0014	0.0050	0.0000	0.0000	0.0000	0.0000	0.0000	0.0000	0.0000	0.0000	0.0000	0.0000	0.0000	0.0000	0.0000	0.0000	0.0000	0.0000	0.0000	0.0000	0.0089	0.0077	0.0013	0.0025	0.0023	0.0002	0.0065	0.0054	0.0011	0.0015	0.0011	0.0005	0.0009	0.0008	0.0002	0.0006	0.0003	0.0003	0.0000	0.0000	0.0000	0.0000	0.0000	0.0000	0.0000	0.0000	0.0000	0.0000	0.0000	0.0000	0.0000	0.0000	0.0000	0.0000	0.0000	0.0000											
23	33	0.2078	9	1	0	1	1	0	0	0	0	N	N	N	N	N	N	N	N	N	N	N	N	0.0000	0.0000	0.0000	0.0000	0.0000	0.0000	0.0000	0.0000	0.0000	0.0000	0.0000	0.0000	0.0000	0.0000	0.0000	0.0000	0.0000	0.0000	0.0000	0.0000	0.0000	0.0000	0.0000	0.0000	-0.0000	0.9981	0.9855	0.0014	5.0251	0.0000	0.0000	0.0000	0.0000	0.0000	0.0000	0.0000	0.0000	0.0000	0.0000	0.0000	0.0000	0.0000	0.0000	0.0000	0.0000	0.0000	0.0000	0.0071	0.0059	0.0011	0.0008	0.0007	0.0002	0.0062	0.0052	0.0010	0.0083	0.0046	0.0037	0.0014	0.0012	0.0002	0.0069	0.0034	0.0035	0.0000	0.0000	0.0000	0.0000	0.0000	0.0000	0.0000	0.0000	0.0000	0.0000	0.0000	0.0000	0.0000	0.0000	0.0000	0.0000	0.0000	0.0000						
23	34	0.1806	9	0	1	0	1	0	0	0	0	N	N	N	N	N	N	N	N	N	N	N	N	0.0000	0.0000	0.0000	0.0000	0.0000	0.0000	0.0000	0.0000	0.0000	0.0000	0.0000	0.0000	0.0000	0.0000	0.0000	0.0000	0.0000	0.0000	0.0000	0.0000	0.9981	2.0026	0.0014	4.0175	0.0000	0.0000	0.0000	0.0000	0.0000	0.0000	0.0000	0.0000	0.0000	0.0000	0.0000	0.0000	0.0000	0.0000	0.0000	0.0000	0.0000	0.0000	0.0175	0.0146	0.0029	0.0036	0.0034	0.0002	0.0140	0.0112	0.0027	0.0099	0.0061	0.0038	0.0028	0.0024	0.0004	0.0071	0.0037	0.0034	0.0000	0.0000	0.0000	0.0000	0.0000	0.0000	0.0000	0.0000	0.0000	0.0000	0.0000	0.0000	0.0000	0.0000	0.0000	0.0000	0.0000	0.0000											
23	35	0.1806	8	0	0	0	1	0	0	0	0	N	N	N	N	N	N	N	N	N	N	N	N	0.0000	0.0000	0.0000	0.0000	0.0000	0.0000	0.0000	0.0000	0.0000	0.0000	0.0000	0.0000	0.0000	0.0000	0.0000	0.0000	0.0000	0.0000	0.0000	0.0000	0.0000	0.0000	0.0000	0.0000	0.0000	1.0000	0.0000	0.0000	0.9981	0.4148	0.0014	1.5497	0.0000	0.0000	0.0000	0.0000	0.0000	0.0000	0.0000	0.0000	0.0000	0.0000	0.0000	0.0000	0.0000	0.0000	0.0000	0.0000	0.0000	0.0000	0.0067	0.0055	0.0012	0.0023	0.0022	0.0000	0.0044	0.0032	0.0012	0.0049	0.0033	0.0017	0.0019	0.0017	0.0002	0.0031	0.0016	0.0015	0.0000	0.0000	0.0000	0.0000	0.0000	0.0000	0.0000	0.0000	0.0000	0.0000	0.0000	0.0000	0.0000	0.0000	0.0000	0.0000	0.0000	0.0000			
23	36	0.1229	6	0	1	0	1	0	0	0	0	N	N	N	N	N	N	N	N	N	N	N	N	0.0000	0.0000	0.0000	0.0000	0.0000	0.0000	0.0000	0.0000	0.0000	0.0000	0.0000	0.0000	0.0000	0.0114	0.0000	0.0261	0.0000	0.0000	0.0000	0.0134	0.0000	0.0273	inf	0.0000	0.0002	0.9981	7.9964	0.0014	23.6501	0.0000	0.0000	0.0000	0.0000	0.0000	0.0000	0.0000	0.0000	0.0000	0.0004	0.0000	0.0004	0.0000	0.0000	0.0000	0.0004	0.0000	0.0004	0.0499	0.0423	0.0075	0.0042	0.0039	0.0003	0.0457	0.0385	0.0072	0.0379	0.0214	0.0165	0.0058	0.0051	0.0007	0.0321	0.0163	0.0158	0.0000	0.0000	0.0000	0.0000	0.0000	0.0000	0.0000	0.0000	0.0000	0.0114	0.0000	0.0261	0.0000	0.0000	0.0000	0.0134	0.0000	0.0273						
23	37	0.1968	8	1	1	0	1	0	0	0	0	N	N	N	N	N	N	N	N	N	N	N	N	0.0000	0.0000	0.0000	0.0000	0.0000	0.0000	0.0000	0.0000	0.0000	0.0000	0.0000	0.0000	0.0000	0.0000	0.0000	0.0000	0.0000	0.0000	0.0000	0.0000	0.0000	0.0000	0.0000	0.0000	-0.0000	0.9981	6.9981	0.0014	25.9787	0.0000	0.0000	0.0000	0.0000	0.0000	0.0000	0.0000	0.0000	0.0000	0.0000	0.0000	0.0000	0.0000	0.0000	0.0000	0.0000	0.0000	0.0000	0.0469	0.0399	0.0070	0.0048	0.0044	0.0004	0.0422	0.0355	0.0067	0.0414	0.0248	0.0166	0.0106	0.0089	0.0017	0.0309	0.0159	0.0149	0.0000	0.0000	0.0000	0.0000	0.0000	0.0000	0.0000	0.0000	0.0000	0.0000	0.0000	0.0000	0.0000	0.0000	0.0000	0.0000	0.0000	0.0000						
23	38	0.1806	8	0	1	0	1	0	0	0	0	N	N	N	N	N	N	N	N	N	N	N	N	0.0000	0.0000	0.0000	0.0000	0.0000	0.0000	0.0000	0.0000	0.0000	0.0000	0.0000	0.0000	0.0000	0.0000	0.0000	0.0000	0.0000	0.0000	0.0000	0.0000	0.0000	0.0000	0.0000	0.0000	-0.0000	0.9981	4.7553	0.0014	10.1994	0.0000	0.0000	0.0000	0.0000	0.0000	0.0000	0.0000	0.0000	0.0000	0.0000	0.0000	0.0000	0.0000	0.0000	0.0000	0.0000	0.0000	0.0000	0.0359	0.0302	0.0056	0.0057	0.0054	0.0004	0.0301	0.0249	0.0053	0.0203	0.0119	0.0083	0.0047	0.0039	0.0008	0.0155	0.0080	0.0075	0.0000	0.0000	0.0000	0.0000	0.0000	0.0000	0.0000	0.0000	0.0000	0.0000	0.0000	0.0000	0.0000	0.0000	0.0000	0.0000	0.0000	0.0000						
23	39	0.1229	6	1	1	0	1	0	0	0	0	N	N	N	N	N	N	N	N	N	N	N	N	0.0000	0.0000	0.0000	0.0000	0.0000	0.0000	0.0000	0.0000	0.0000	0.0000	0.0000	0.0000	0.0000	0.0000	0.0000	0.0000	0.0000	0.0000	0.0000	0.0000	0.9981	5.0000	0.0014	27.3229	0.0000	0.0000	0.0000	0.0000	0.0000	0.0000	0.0000	0.0000	0.0000	0.0000	0.0000	0.0000	0.0000	0.0000	0.0000	0.0000	0.0000	0.0000	0.0316	0.0268	0.0048	0.0027	0.0025	0.0002	0.0290	0.0244	0.0046	0.0385	0.0218	0.0168	0.0059	0.0052	0.0007	0.0326	0.0166	0.0160	0.0000	0.0000	0.0000	0.0000	0.0000	0.0000	0.0000	0.0000	0.0000	0.0000	0.0000	0.0000	0.0000	0.0000	0.0000	0.0000	0.0000	0.0000											
23	40	0.1968	8	0	1	0	1	0	0	0	0	N	N	N	N	N	N	N	N	N	N	N	N	0.0000	0.0000	0.0000	0.0000	0.0000	0.0000	0.0000	0.0000	0.0000	0.0000	0.0000	0.0000	0.0000	0.0000	0.0000	0.0000	0.0000	0.0000	0.0000	0.0000	0.0000	0.0000	0.0000	0.0000	-0.0000	0.9981	7.0019	0.0014	21.4344	0.0000	0.0000	0.0000	0.0000	0.0000	0.0000	0.0000	0.0000	0.0000	0.0000	0.0000	0.0000	0.0000	0.0000	0.0000	0.0000	0.0000	0.0000	0.0470	0.0399	0.0070	0.0048	0.0044	0.0004	0.0422	0.0355	0.0067	0.0368	0.0222	0.0147	0.0096	0.0081	0.0015	0.0273	0.0141	0.0132	0.0000	0.0000	0.0000	0.0000	0.0000	0.0000	0.0000	0.0000	0.0000	0.0000	0.0000	0.0000	0.0000	0.0000	0.0000	0.0000	0.0000	0.0000						
23	41	0.6272	11	0	1	0	1	0	0	0	0	N	N	N	N	N	N	N	N	N	N	N	N	inf	inf	inf	inf	inf	inf	0.0014	0.0016	0.0000	0.0018	0.0019	0.0000	0.0012	0.0014	0.0000	0.0000	0.0000	0.0000	0.0000	0.0000	0.0000	0.0000	0.0000	0.0000	0.0000	-0.0000	0.0000	0.9981	8.1446	0.0014	10.2519	0.0001	0.0001	0.0000	0.0000	0.0000	0.0000	0.0001	0.0001	0.0000	0.0000	0.0000	0.0000	0.0000	0.0000	0.0000	0.0000	0.0000	0.0000	0.0642	0.0564	0.0078	0.0218	0.0206	0.0012	0.0423	0.0358	0.0066	0.0207	0.0145	0.0063	0.0125	0.0102	0.0023	0.0082	0.0043	0.0039	inf	inf	0.0000	inf	inf	0.0000	inf	inf	0.0000	0.0000	0.0000	0.0000	0.0000	0.0000	0.0000	0.0000	0.0000	0.0000				
23	42	0.1968	8	0	1	0	1	0	0	0	0	N	N	N	N	N	N	N	N	N	N	N	N	0.0000	0.0000	0.0000	0.0000	0.0000	0.0000	0.0000	0.0000	0.0000	0.0000	0.0000	0.0000	0.0000	0.0000	0.0000	0.0000	0.0000	0.0000	0.0000	0.0000	0.0000	0.0000	0.0000	0.0000	-0.0000	0.9981	5.9981	0.0014	11.5875	0.0000	0.0000	0.0000	0.0000	0.0000	0.0000	0.0000	0.0000	0.0000	0.0000	0.0000	0.0000	0.0000	0.0000	0.0000	0.0000	0.0000	0.0000	0.0404	0.0344	0.0061	0.0041	0.0038	0.0003	0.0363	0.0306	0.0058	0.0251	0.0154	0.0097	0.0069	0.0059	0.0010	0.0182	0.0095	0.0087	0.0000	0.0000	0.0000	0.0000	0.0000	0.0000	0.0000	0.0000	0.0000	0.0000	0.0000	0.0000	0.0000	0.0000	0.0000	0.0000	0.0000	0.0000						
23	43	0.2805	8	0	1	1	2	0	0	0	0	N	N	N	Y	N	N	N	N	N	N	N	N	0.0000	0.0000	0.0000	0.0000	0.0000	0.0000	0.0000	0.0000	0.0000	0.0000	0.0000	0.0000	0.0000	0.0000	0.0001	0.0000	0.0001	0.0001	0.0000	0.0000	0.0000	0.0000	0.0000	0.0000	-0.0000	0.9981	1.0007	0.0014	2.4334	0.0000	0.0000	0.0000	0.0000	0.0000	0.0000	0.0000	0.0000	0.0000	0.0000	0.0000	0.0000	0.0000	0.0000	0.0000	0.0000	0.0000	0.0000	0.0066	0.0057	0.0010	0.0011	0.0010	0.0001	0.0055	0.0046	0.0009	0.0078	0.0057	0.0021	0.0037	0.0034	0.0004	0.0041	0.0024	0.0017	0.0000	0.0000	0.0000	0.0000	0.0000	0.0000	0.0000	0.0000	0.0000	0.0000	0.0001	0.0000	0.0001	0.0001	0.0000	0.0000	0.0000	0.0000						
23	44	0.2433	7	0	0	0	2	0	0	0	0	N	N	N	Y	N	N	N	N	N	N	N	N	0.0001	0.0001	0.0000	0.0004	0.0003	0.0000	0.0000	0.0000	0.0000	0.0000	0.0000	0.0000	0.0000	0.0000	0.0000	0.0000	0.0000	0.0017	0.0025	0.0003	0.0035	0.0040	0.0001	0.0002	0.0000	0.0003	0.0000	0.0553	-0.0000	-0.0000	0.9981	1.0391	0.0014	15.0482	0.0000	0.0000	0.0000	0.0000	0.0000	0.0000	0.0000	0.0000	0.0000	0.0001	0.0001	0.0000	0.0001	0.0001	0.0000	0.0000	0.0000	0.0000	0.0074	0.0063	0.0011	0.0014	0.0013	0.0001	0.0059	0.0050	0.0010	0.0335	0.0224	0.0111	0.0160	0.0137	0.0022	0.0175	0.0086	0.0089	0.0001	0.0001	0.0000	0.0004	0.0003	0.0000	0.0000	0.0000	0.0000	0.0017	0.0025	0.0003	0.0035	0.0040	0.0001	0.0002	0.0000	0.0003	
23	45	0.1229	6	0	1	0	1	0	0	0	0	N	N	N	N	N	N	N	N	N	N	N	N	0.0000	0.0000	0.0000	0.0000	0.0000	0.0000	0.0000	0.0000	0.0000	0.0000	0.0000	0.0000	0.0000	0.0000	0.0000	0.0000	0.0000	0.0000	0.0000	0.0000	0.9981	12.0036	0.0014	21.9053	0.0000	0.0000	0.0000	0.0000	0.0000	0.0000	0.0000	0.0000	0.0000	0.0000	0.0000	0.0000	0.0000	0.0000	0.0000	0.0000	0.0000	0.0000	0.0745	0.0634	0.0112	0.0062	0.0057	0.0005	0.0683	0.0576	0.0107	0.0406	0.0229	0.0176	0.0062	0.0054	0.0007	0.0344	0.0175	0.0169	0.0000	0.0000	0.0000	0.0000	0.0000	0.0000	0.0000	0.0000	0.0000	0.0000	0.0000	0.0000	0.0000	0.0000	0.0000	0.0000	0.0000	0.0000											
23	46	0.6042	14	1	1	0	1	0	0	0	0	N	N	N	N	N	N	N	N	N	N	N	N	0.0000	0.0000	0.0000	0.0000	0.0000	0.0000	0.0000	0.0000	0.0000	0.0000	0.0000	0.0000	0.0000	0.0001	0.0002	0.0000	0.0003	0.0003	0.0000	0.0000	0.0000	0.0000	0.0000	0.0000	-0.0000	0.9981	2.0120	0.0014	1.9924	0.0000	0.0000	0.0000	0.0000	0.0000	0.0000	0.0000	0.0000	0.0000	0.0000	0.0000	0.0000	0.0000	0.0000	0.0000	0.0000	0.0000	0.0000	0.0132	0.0114	0.0018	0.0038	0.0035	0.0003	0.0094	0.0079	0.0015	0.0040	0.0027	0.0013	0.0021	0.0018	0.0004	0.0019	0.0009	0.0009	0.0000	0.0000	0.0000	0.0000	0.0000	0.0000	0.0000	0.0000	0.0000	0.0001	0.0002	0.0000	0.0003	0.0003	0.0000	0.0000	0.0000	0.0000						
23	47	0.0555	6	1	1	0	1	0	0	0	0	N	N	N	N	N	N	N	N	N	N	N	N	0.0000	0.0000	0.0000	0.0000	0.0000	0.0000	0.0000	0.0000	0.0000	0.0000	0.0000	0.0000	0.0000	0.0000	0.0000	0.0000	0.0000	0.0000	0.0000	0.0000	0.9981	0.0002	0.0014	4.0036	0.0000	0.0000	0.0000	0.0000	0.0000	0.0000	0.0000	0.0000	0.0000	0.0000	0.0000	0.0000	0.0000	0.0000	0.0000	0.0000	0.0000	0.0000	0.0000	0.0000	0.0000	0.0000	0.0000	0.0000	0.0000	0.0000	0.0000	0.0056	0.0030	0.0026	0.0004	0.0003	0.0001	0.0053	0.0027	0.0026	0.0000	0.0000	0.0000	0.0000	0.0000	0.0000	0.0000	0.0000	0.0000	0.0000	0.0000	0.0000	0.0000	0.0000	0.0000	0.0000	0.0000	0.0000											
23	48	0.1229	6	0	1	0	2	0	0	0	0	N	N	N	Y	N	N	N	N	N	N	N	N	0.0000	0.0000	0.0000	0.0000	0.0000	0.0000	0.0000	0.0000	0.0000	0.0000	0.0000	0.0000	0.0000	0.0000	0.0000	0.0000	0.0000	0.0000	0.0000	0.0000	0.9981	6.0036	0.0014	51.7820	0.0000	0.0000	0.0000	0.0000	0.0000	0.0000	0.0000	0.0000	0.0000	0.0000	0.0000	0.0000	0.0000	0.0000	0.0000	0.0000	0.0000	0.0000	0.0378	0.0321	0.0057	0.0032	0.0029	0.0002	0.0346	0.0291	0.0055	0.0608	0.0344	0.0265	0.0087	0.0075	0.0012	0.0522	0.0268	0.0253	0.0000	0.0000	0.0000	0.0000	0.0000	0.0000	0.0000	0.0000	0.0000	0.0000	0.0000	0.0000	0.0000	0.0000	0.0000	0.0000	0.0000	0.0000											
23	49	0.1229	6	1	1	0	1	0	0	0	0	N	N	N	N	N	N	N	N	N	N	N	N	0.0000	0.0000	0.0000	0.0000	0.0000	0.0000	0.0000	0.0000	0.0000	0.0000	0.0000	0.0000	0.0000	0.0000	0.0000	0.0000	0.0000	0.0000	0.0000	0.0000	0.9981	5.9964	0.0014	34.6547	0.0000	0.0000	0.0000	0.0000	0.0000	0.0000	0.0000	0.0000	0.0000	0.0000	0.0000	0.0000	0.0000	0.0000	0.0000	0.0000	0.0000	0.0000	0.0378	0.0320	0.0057	0.0032	0.0029	0.0002	0.0346	0.0291	0.0055	0.0463	0.0262	0.0202	0.0069	0.0060	0.0009	0.0395	0.0201	0.0193	0.0000	0.0000	0.0000	0.0000	0.0000	0.0000	0.0000	0.0000	0.0000	0.0000	0.0000	0.0000	0.0000	0.0000	0.0000	0.0000	0.0000	0.0000											
23	50	0.2124	7	0	0	1	1	0	0	0	0	N	N	N	N	N	N	N	N	N	N	N	N	0.0000	0.0000	0.0000	0.0000	0.0000	0.0000	0.0000	0.0000	0.0000	0.0000	0.0000	0.0000	0.0000	0.0000	0.0000	0.0000	0.0000	0.0031	0.0001	0.0086	0.0002	0.0002	0.0000	0.0046	0.0000	0.0100	51.0234	-0.0000	0.0001	0.9981	31.2093	0.0014	46.3939	0.0000	0.0000	0.0000	0.0000	0.0000	0.0000	0.0000	0.0000	0.0000	0.0003	0.0000	0.0003	0.0000	0.0000	0.0000	0.0003	0.0000	0.0003	0.1988	0.1717	0.0272	0.0358	0.0334	0.0024	0.1630	0.1383	0.0248	0.0877	0.0565	0.0312	0.0295	0.0254	0.0042	0.0581	0.0311	0.0270	0.0000	0.0000	0.0000	0.0000	0.0000	0.0000	0.0000	0.0000	0.0000	0.0031	0.0001	0.0086	0.0002	0.0002	0.0000	0.0046	0.0000	0.0100		
23	51	0.1596	7	0	1	0	1	0	0	0	0	N	N	N	N	N	N	N	N	N	N	N	N	7385729.9647	6707994.3624	0.0000	12407866.6986	11567134.5555	12614.8128	inf	0.0000	17.9076	20.5700	0.0000	66.0782	69.6977	0.0000	0.0093	0.0111	0.0000	0.0000	0.0000	0.0000	0.0000	0.0000	0.0000	0.0000	0.0000	0.0000	0.0000	0.2384	-0.2555	-0.0000	0.9981	4.1516	0.0014	14.5664	0.5792	0.5792	0.0000	0.5790	0.5790	0.0000	0.0002	0.0002	0.0000	0.0000	0.0000	0.0000	0.0000	0.0000	0.0000	0.0000	0.0000	0.0000	0.0323	0.0282	0.0042	0.0088	0.0083	0.0005	0.0236	0.0199	0.0037	0.0351	0.0224	0.0127	0.0129	0.0114	0.0015	0.0222	0.0110	0.0112	7385729.9647	6707994.3624	0.0000	12407866.6986	11567134.5555	0.0000	12614.8128	inf	0.0000	0.0000	0.0000	0.0000	0.0000	0.0000	0.0000	0.0000	0.0000	0.0000	
23	52	0.2401	9	1	0	1	1	0	0	0	0	N	N	N	N	N	N	N	N	N	N	N	N	0.0000	0.0000	0.0000	0.0000	0.0000	0.0000	0.0000	0.0000	0.0000	0.0000	0.0000	0.0000	0.0000	0.0001	0.0000	0.0003	0.0000	0.0000	0.0000	0.0001	0.0000	0.0003	inf	0.0000	0.0000	0.9981	0.0028	0.0014	0.9232	0.0000	0.0000	0.0000	0.0000	0.0000	0.0000	0.0000	0.0000	0.0000	0.0000	0.0000	0.0000	0.0000	0.0000	0.0000	0.0000	0.0000	0.0000	0.0001	0.0001	0.0000	0.0000	0.0000	0.0000	0.0000	0.0000	0.0000	0.0017	0.0012	0.0006	0.0006	0.0005	0.0001	0.0012	0.0006	0.0005	0.0000	0.0000	0.0000	0.0000	0.0000	0.0000	0.0000	0.0000	0.0000	0.0001	0.0000	0.0003	0.0000	0.0000	0.0000	0.0001	0.0000	0.0003						
23	53	0.6195	13	0	1	0	1	0	0	0	0	N	N	N	N	N	N	N	N	N	N	N	N	0.0000	0.0000	0.0000	0.0000	0.0000	0.0000	0.0000	0.0000	0.0000	0.0000	0.0000	0.0000	0.0000	0.0000	0.0000	0.0000	0.0070	0.0000	0.0212	0.0000	0.0000	0.0000	0.0161	0.0000	0.0297	106277.2593	-0.0000	0.0002	0.9981	8.5400	0.0014	19.3759	0.0000	0.0000	0.0000	0.0000	0.0000	0.0000	0.0000	0.0000	0.0000	0.0003	0.0000	0.0003	0.0000	0.0000	0.0000	0.0003	0.0000	0.0003	0.0664	0.0576	0.0087	0.0195	0.0181	0.0014	0.0469	0.0395	0.0074	0.0411	0.0276	0.0135	0.0233	0.0195	0.0038	0.0178	0.0082	0.0097	0.0000	0.0000	0.0000	0.0000	0.0000	0.0000	0.0000	0.0000	0.0000	0.0070	0.0000	0.0212	0.0000	0.0000	0.0000	0.0161	0.0000	0.0297			
23	54	0.5564	12	0	0	0	1	0	0	0	0	N	N	N	N	N	N	N	N	N	N	N	N	0.0000	0.0000	0.0000	0.0000	0.0000	0.0000	0.0000	0.0000	0.0000	0.0000	0.0000	0.0000	0.0000	0.0000	0.0000	0.0000	0.0037	0.0023	0.0066	0.0029	0.0035	0.0000	0.0045	0.0000	0.0090	0.0000	1.3831	-0.0000	0.0000	0.9981	7.3474	0.0014	24.2346	0.0000	0.0000	0.0000	0.0000	0.0000	0.0000	0.0000	0.0000	0.0000	0.0002	0.0001	0.0001	0.0001	0.0001	0.0000	0.0001	0.0000	0.0001	0.0611	0.0536	0.0075	0.0175	0.0166	0.0008	0.0436	0.0369	0.0067	0.0493	0.0334	0.0159	0.0261	0.0219	0.0042	0.0232	0.0115	0.0117	0.0000	0.0000	0.0000	0.0000	0.0000	0.0000	0.0000	0.0000	0.0000	0.0037	0.0023	0.0066	0.0029	0.0035	0.0000	0.0045	0.0000	0.0090		
23	55	0.5266	11	0	0	0	1	0	0	0	0	N	N	N	N	N	N	N	N	N	N	N	N	0.0000	0.0000	0.0000	0.0000	0.0000	0.0000	0.0000	0.0000	0.0000	0.0000	0.0000	0.0000	0.0000	0.0000	0.0000	0.0000	0.0043	0.0034	0.0062	0.0044	0.0051	0.0000	0.0041	0.0000	0.0082	0.8089	-0.0000	-0.0000	0.9981	3.4216	0.0014	15.9376	0.0000	0.0000	0.0000	0.0000	0.0000	0.0000	0.0000	0.0000	0.0000	0.0002	0.0001	0.0001	0.0001	0.0001	0.0000	0.0001	0.0000	0.0001	0.0323	0.0284	0.0038	0.0101	0.0097	0.0004	0.0221	0.0187	0.0035	0.0414	0.0288	0.0127	0.0221	0.0190	0.0030	0.0194	0.0097	0.0096	0.0000	0.0000	0.0000	0.0000	0.0000	0.0000	0.0000	0.0000	0.0000	0.0043	0.0034	0.0062	0.0044	0.0051	0.0000	0.0041	0.0000	0.0082			
23	56	0.2433	7	0	1	0	1	0	0	0	0	N	N	N	N	N	N	N	N	N	N	N	N	0.0000	0.0000	0.0000	0.0001	0.0001	0.0000	0.0000	0.0000	0.0000	0.0000	0.0000	0.0000	0.0000	0.0000	0.0000	0.0000	0.0170	0.0109	0.0287	0.0159	0.0186	0.0000	0.0178	0.0000	0.0354	0.0000	1.3490	-0.0000	0.0001	0.9981	0.9891	0.0014	20.6926	0.0000	0.0000	0.0000	0.0000	0.0000	0.0000	0.0000	0.0000	0.0000	0.0007	0.0003	0.0004	0.0003	0.0003	0.0000	0.0004	0.0000	0.0004	0.0070	0.0060	0.0010	0.0014	0.0013	0.0001	0.0057	0.0047	0.0010	0.0385	0.0254	0.0131	0.0175	0.0150	0.0025	0.0211	0.0104	0.0106	0.0000	0.0000	0.0000	0.0001	0.0001	0.0000	0.0000	0.0000	0.0000	0.0170	0.0109	0.0287	0.0159	0.0186	0.0000	0.0178	0.0000	0.0354		
23	57	0.1229	6	0	0	0	1	0	0	0	0	N	N	N	N	N	N	N	N	N	N	N	N	0.0000	0.0000	0.0000	0.0000	0.0000	0.0000	inf	0.0000	0.0000	0.0000	0.0000	0.0000	0.0000	0.0000	0.0000	0.0000	0.0000	0.0094	0.0147	0.0025	0.0565	0.0648	0.0000	0.0013	0.0000	0.0026	0.0000	0.1319	-0.0000	-0.0002	0.9981	5.0326	0.0014	39.3193	0.0000	0.0000	0.0000	0.0000	0.0000	0.0000	0.0000	0.0000	0.0000	0.0005	0.0004	0.0001	0.0004	0.0004	0.0000	0.0001	0.0000	0.0001	0.0318	0.0270	0.0048	0.0027	0.0025	0.0002	0.0292	0.0245	0.0046	0.0496	0.0280	0.0216	0.0073	0.0064	0.0009	0.0423	0.0217	0.0207	0.0000	0.0000	0.0000	0.0000	0.0000	0.0000	0.0000	inf	0.0000	0.0094	0.0147	0.0025	0.0565	0.0648	0.0000	0.0013	0.0000	0.0026	
23	58	0.1229	6	0	1	0	2	0	0	0	0	N	N	N	Y	N	N	N	N	N	N	N	N	0.0000	0.0000	0.0000	0.0000	0.0000	0.0000	0.0000	0.0000	0.0000	0.0000	0.0000	0.0000	0.0000	0.0000	0.0000	0.0000	0.0000	0.0000	0.0000	0.0000	0.9981	5.0036	0.0014	36.7244	0.0000	0.0000	0.0000	0.0000	0.0000	0.0000	0.0000	0.0000	0.0000	0.0000	0.0000	0.0000	0.0000	0.0000	0.0000	0.0000	0.0000	0.0000	0.0317	0.0269	0.0048	0.0027	0.0025	0.0002	0.0290	0.0244	0.0046	0.0473	0.0267	0.0206	0.0070	0.0061	0.0009	0.0403	0.0206	0.0197	0.0000	0.0000	0.0000	0.0000	0.0000	0.0000	0.0000	0.0000	0.0000	0.0000	0.0000	0.0000	0.0000	0.0000	0.0000	0.0000	0.0000	0.0000											
23	59	0.5070	11	0	1	0	2	0	0	0	0	N	N	N	Y	N	N	N	N	N	N	N	N	0.4775	0.5334	0.0000	1.0576	0.9657	0.0000	0.0000	0.0000	0.0000	0.0000	0.0000	0.0000	0.0000	0.0000	0.0000	0.0000	0.0000	0.0000	0.0000	0.0000	0.0000	0.0000	0.0000	0.0000	0.0000	0.0000	0.4074	-0.0000	-0.0000	0.9981	10.4254	0.0014	21.2017	0.0000	0.0000	0.0000	0.0000	0.0000	0.0000	0.0000	0.0000	0.0000	0.0000	0.0000	0.0000	0.0000	0.0000	0.0000	0.0000	0.0000	0.0000	0.0881	0.0772	0.0109	0.0297	0.0281	0.0017	0.0584	0.0492	0.0092	0.0592	0.0412	0.0180	0.0326	0.0271	0.0055	0.0266	0.0141	0.0125	0.4775	0.5334	0.0000	1.0576	0.9657	0.0000	0.0000	0.0000	0.0000	0.0000	0.0000	0.0000	0.0000	0.0000	0.0000	0.0000	0.0000	0.0000		
23	60	0.2401	9	1	0	1	1	0	0	0	0	N	N	N	N	N	N	N	N	N	N	N	N	0.0000	0.0000	0.0000	0.0000	0.0000	0.0000	0.0000	0.0000	0.0000	0.0000	0.0000	0.0000	0.0000	0.0000	0.0000	0.0001	0.0000	0.0000	0.0000	0.0000	0.0000	0.0001	inf	0.0000	0.0000	0.9981	1.9981	0.0014	3.0867	0.0000	0.0000	0.0000	0.0000	0.0000	0.0000	0.0000	0.0000	0.0000	0.0000	0.0000	0.0000	0.0000	0.0000	0.0000	0.0000	0.0000	0.0000	0.0136	0.0116	0.0020	0.0018	0.0016	0.0001	0.0119	0.0100	0.0019	0.0070	0.0042	0.0028	0.0020	0.0017	0.0003	0.0050	0.0025	0.0025	0.0000	0.0000	0.0000	0.0000	0.0000	0.0000	0.0000	0.0000	0.0000	0.0000	0.0000	0.0001	0.0000	0.0000	0.0000	0.0000	0.0000	0.0001						
23	61	0.1968	8	1	0	1	1	0	0	0	0	N	N	N	N	N	N	N	N	N	N	N	N	0.0000	0.0000	0.0000	0.0000	0.0000	0.0000	0.0000	0.0000	0.0000	0.0000	0.0000	0.0000	0.0000	0.0167	0.0000	0.0432	0.0000	0.0000	0.0000	0.0230	0.0000	0.0481	inf	0.0000	0.0002	0.9981	4.0039	0.0014	14.0733	0.0000	0.0000	0.0000	0.0000	0.0000	0.0000	0.0000	0.0000	0.0000	0.0004	0.0000	0.0004	0.0000	0.0000	0.0000	0.0004	0.0000	0.0004	0.0273	0.0231	0.0041	0.0028	0.0026	0.0002	0.0245	0.0206	0.0039	0.0257	0.0158	0.0099	0.0070	0.0060	0.0010	0.0187	0.0097	0.0089	0.0000	0.0000	0.0000	0.0000	0.0000	0.0000	0.0000	0.0000	0.0000	0.0167	0.0000	0.0432	0.0000	0.0000	0.0000	0.0230	0.0000	0.0481						
23	62	0.2162	9	1	0	1	1	0	0	0	0	N	N	N	N	N	N	N	N	N	N	N	N	0.0000	0.0000	0.0000	0.0000	0.0000	0.0000	0.0000	0.0000	0.0000	0.0000	0.0000	0.0000	0.0000	0.0018	0.0030	0.0000	0.0062	0.0073	0.0000	0.0000	0.0000	0.0000	0.0000	0.0000	-0.0000	0.9981	0.0060	0.0014	17.2393	0.0000	0.0000	0.0000	0.0000	0.0000	0.0000	0.0000	0.0000	0.0000	0.0000	0.0000	0.0000	0.0000	0.0000	0.0000	0.0000	0.0000	0.0000	0.0001	0.0001	0.0000	0.0001	0.0001	0.0000	0.0001	0.0001	0.0000	0.0235	0.0139	0.0096	0.0067	0.0057	0.0010	0.0168	0.0082	0.0086	0.0000	0.0000	0.0000	0.0000	0.0000	0.0000	0.0000	0.0000	0.0000	0.0018	0.0030	0.0000	0.0062	0.0073	0.0000	0.0000	0.0000	0.0000						
23	63	0.1596	7	0	0	1	1	0	0	0	0	N	N	N	N	N	N	N	N	N	N	N	N	0.0000	0.0000	0.0000	0.0000	0.0000	0.0000	0.0000	0.0000	0.0000	0.0000	0.0000	0.0000	0.0000	0.0000	0.0000	0.0000	0.0000	0.0000	0.0000	0.0000	0.0000	0.0000	0.0000	-0.0000	-0.0000	0.9981	1.0230	0.0014	12.1924	0.0000	0.0000	0.0000	0.0000	0.0000	0.0000	0.0000	0.0000	0.0000	0.0000	0.0000	0.0000	0.0000	0.0000	0.0000	0.0000	0.0000	0.0000	0.0122	0.0110	0.0012	0.0060	0.0057	0.0002	0.0062	0.0053	0.0010	0.0297	0.0194	0.0103	0.0120	0.0107	0.0013	0.0177	0.0088	0.0089	0.0000	0.0000	0.0000	0.0000	0.0000	0.0000	0.0000	0.0000	0.0000	0.0000	0.0000	0.0000	0.0000	0.0000	0.0000	0.0000	0.0000	0.0000						
23	64	0.1229	6	0	0	0	1	0	0	0	0	N	N	N	N	N	N	N	N	N	N	N	N	0.0000	0.0000	0.0000	0.0000	0.0000	0.0000	0.0000	0.0000	0.0000	0.0000	0.0000	0.0000	0.0000	0.0000	0.0000	0.0000	0.0000	0.0000	0.0000	0.0000	0.0001	0.0000	0.0000	0.0000	0.0000	0.4105	-0.0000	-0.0000	0.9981	2.4556	0.0014	12.4191	0.0000	0.0000	0.0000	0.0000	0.0000	0.0000	0.0000	0.0000	0.0000	0.0000	0.0000	0.0000	0.0000	0.0000	0.0000	0.0000	0.0000	0.0000	0.0158	0.0134	0.0024	0.0013	0.0012	0.0001	0.0144	0.0121	0.0023	0.0204	0.0117	0.0087	0.0036	0.0033	0.0003	0.0168	0.0084	0.0084	0.0000	0.0000	0.0000	0.0000	0.0000	0.0000	0.0000	0.0000	0.0000	0.0000	0.0000	0.0000	0.0000	0.0001	0.0000	0.0000	0.0000	0.0000			
23	65	0.2452	8	0	1	0	1	0	0	0	0	N	N	N	N	N	N	N	N	N	N	N	N	0.0000	0.0000	0.0000	0.0000	0.0000	0.0000	0.0000	0.0000	0.0000	0.0000	0.0000	0.0000	0.0000	0.0000	0.0000	0.0000	0.0000	0.0000	0.0000	0.0000	0.0000	0.0000	0.0000	0.0000	-0.0000	0.9981	1.7555	0.0014	11.9300	0.0000	0.0000	0.0000	0.0000	0.0000	0.0000	0.0000	0.0000	0.0000	0.0000	0.0000	0.0000	0.0000	0.0000	0.0000	0.0000	0.0000	0.0000	0.0139	0.0120	0.0019	0.0042	0.0038	0.0004	0.0097	0.0082	0.0016	0.0205	0.0136	0.0069	0.0075	0.0066	0.0009	0.0130	0.0070	0.0060	0.0000	0.0000	0.0000	0.0000	0.0000	0.0000	0.0000	0.0000	0.0000	0.0000	0.0000	0.0000	0.0000	0.0000	0.0000	0.0000	0.0000	0.0000						
23	66	0.2242	10	1	1	1	1	0	0	0	0	N	N	N	N	N	N	N	N	N	N	N	N	0.0000	0.0000	0.0000	0.0000	0.0000	0.0000	0.0000	0.0000	0.0000	0.0000	0.0000	0.0000	0.0000	0.0000	0.0000	0.0000	0.0000	0.0000	0.0000	0.0000	0.9981	0.0000	0.0014	0.0000	0.0000	0.0000	0.0000	0.0000	0.0000	0.0000	0.0000	0.0000	0.0000	0.0000	0.0000	0.0000	0.0000	0.0000	0.0000	0.0000	0.0000	0.0000	0.0000	0.0000	0.0000	0.0000	0.0000	0.0000	0.0000	0.0000	0.0000	0.0000	0.0000	0.0000	0.0000	0.0000	0.0000	0.0000	0.0000	0.0000	0.0000	0.0000	0.0000	0.0000	0.0000	0.0000	0.0000	0.0000	0.0000	0.0000	0.0000	0.0000	0.0000	0.0000	0.0000	0.0000	0.0000	0.0000											
23	67	0.7288	13	1	1	1	1	0	0	0	0	N	N	N	N	N	N	N	N	N	N	N	N	0.0000	0.0000	0.0000	0.0000	0.0000	0.0000	0.0000	0.0000	0.0000	0.0000	0.0000	0.0000	0.0000	0.0000	0.0000	0.0000	0.0000	0.0000	0.0000	0.0000	0.9981	1.0000	0.0014	3.0000	0.0000	0.0000	0.0000	0.0000	0.0000	0.0000	0.0000	0.0000	0.0000	0.0000	0.0000	0.0000	0.0000	0.0000	0.0000	0.0000	0.0000	0.0000	0.0055	0.0048	0.0007	0.0016	0.0015	0.0001	0.0039	0.0033	0.0006	0.0038	0.0027	0.0011	0.0024	0.0020	0.0004	0.0014	0.0007	0.0007	0.0000	0.0000	0.0000	0.0000	0.0000	0.0000	0.0000	0.0000	0.0000	0.0000	0.0000	0.0000	0.0000	0.0000	0.0000	0.0000	0.0000	0.0000											
23	68	0.2242	10	1	1	1	1	0	0	0	0	N	N	N	N	N	N	N	N	N	N	N	N	0.0000	0.0000	0.0000	0.0000	0.0000	0.0000	0.0000	0.0000	0.0000	0.0000	0.0000	0.0000	0.0000	0.0000	0.0000	0.0000	0.0000	0.0000	0.0000	0.0000	0.9981	1.0000	0.0014	0.0000	0.0000	0.0000	0.0000	0.0000	0.0000	0.0000	0.0000	0.0000	0.0000	0.0000	0.0000	0.0000	0.0000	0.0000	0.0000	0.0000	0.0000	0.0000	0.0068	0.0058	0.0010	0.0005	0.0005	0.0000	0.0063	0.0053	0.0010	0.0013	0.0007	0.0006	0.0002	0.0002	0.0000	0.0012	0.0006	0.0006	0.0000	0.0000	0.0000	0.0000	0.0000	0.0000	0.0000	0.0000	0.0000	0.0000	0.0000	0.0000	0.0000	0.0000	0.0000	0.0000	0.0000	0.0000											
23	69	0.2078	9	1	1	1	1	0	0	0	0	N	N	N	N	N	N	N	N	N	N	N	N	0.0000	0.0000	0.0000	0.0000	0.0000	0.0000	0.0000	0.0000	0.0000	0.0000	0.0000	0.0000	0.0000	0.0000	0.0000	0.0000	0.0000	0.0000	0.0000	0.0000	0.0000	0.0000	0.0000	0.0000	-0.0000	0.9981	1.0155	0.0014	5.9708	0.0000	0.0000	0.0000	0.0000	0.0000	0.0000	0.0000	0.0000	0.0000	0.0000	0.0000	0.0000	0.0000	0.0000	0.0000	0.0000	0.0000	0.0000	0.0073	0.0061	0.0012	0.0009	0.0007	0.0002	0.0064	0.0054	0.0010	0.0095	0.0053	0.0043	0.0016	0.0014	0.0002	0.0080	0.0039	0.0040	0.0000	0.0000	0.0000	0.0000	0.0000	0.0000	0.0000	0.0000	0.0000	0.0000	0.0000	0.0000	0.0000	0.0000	0.0000	0.0000	0.0000	0.0000						
23	70	0.2030	8	1	0	1	1	0	0	0	0	N	N	N	N	N	N	N	N	N	N	N	N	0.0000	0.0000	0.0000	0.0000	0.0000	0.0000	0.0000	0.0000	0.0000	0.0000	0.0000	0.0000	0.0000	0.0000	0.0000	0.0000	0.0000	0.0000	0.0000	0.0000	0.0000	0.0000	0.0000	0.0000	0.0000	0.1052	0.0000	-0.0000	0.9981	0.0406	0.0014	2.3361	0.0000	0.0000	0.0000	0.0000	0.0000	0.0000	0.0000	0.0000	0.0000	0.0000	0.0000	0.0000	0.0000	0.0000	0.0000	0.0000	0.0000	0.0000	0.0006	0.0005	0.0002	0.0003	0.0002	0.0001	0.0003	0.0003	0.0001	0.0077	0.0049	0.0028	0.0028	0.0027	0.0001	0.0049	0.0022	0.0027	0.0000	0.0000	0.0000	0.0000	0.0000	0.0000	0.0000	0.0000	0.0000	0.0000	0.0000	0.0000	0.0000	0.0000	0.0000	0.0000	0.0000	0.0000			
23	71	0.7288	13	1	1	1	1	0	0	0	0	N	N	N	N	N	N	N	N	N	N	N	N	0.0000	0.0000	0.0000	0.0000	0.0000	0.0000	0.0000	0.0000	0.0000	0.0000	0.0000	0.0000	0.0000	0.0000	0.0000	0.0000	0.0000	0.0000	0.0000	0.0000	0.9981	0.0000	0.0014	0.0000	0.0000	0.0000	0.0000	0.0000	0.0000	0.0000	0.0000	0.0000	0.0000	0.0000	0.0000	0.0000	0.0000	0.0000	0.0000	0.0000	0.0000	0.0000	0.0000	0.0000	0.0000	0.0000	0.0000	0.0000	0.0000	0.0000	0.0000	0.0000	0.0000	0.0000	0.0000	0.0000	0.0000	0.0000	0.0000	0.0000	0.0000	0.0000	0.0000	0.0000	0.0000	0.0000	0.0000	0.0000	0.0000	0.0000	0.0000	0.0000	0.0000	0.0000	0.0000	0.0000	0.0000	0.0000											
23	72	0.7107	12	1	1	1	1	0	0	0	0	N	N	N	N	N	N	N	N	N	N	N	N	inf	inf	inf	inf	0.0000	0.0000	0.0000	0.0000	0.0000	0.0000	0.0000	0.0000	0.0000	0.0000	0.0000	0.0000	0.0000	0.0000	0.0000	0.0000	0.0000	0.0000	0.0000	-0.0000	0.0000	0.9981	3.9057	0.0014	1.1104	0.0000	0.0000	0.0000	0.0000	0.0000	0.0000	0.0000	0.0000	0.0000	0.0000	0.0000	0.0000	0.0000	0.0000	0.0000	0.0000	0.0000	0.0000	0.0245	0.0212	0.0032	0.0068	0.0064	0.0005	0.0176	0.0149	0.0027	0.0069	0.0049	0.0020	0.0048	0.0038	0.0010	0.0021	0.0011	0.0010	inf	inf	0.0000	inf	inf	0.0000	0.0000	0.0000	0.0000	0.0000	0.0000	0.0000	0.0000	0.0000	0.0000	0.0000	0.0000	0.0000						
23	73	0.5079	10	1	1	0	1	0	0	0	0	N	N	N	N	N	N	N	N	N	N	N	N	22.5566	17.7666	30.7360	27.9193	0.0003	0.0004	0.0000	0.0008	0.0009	0.0000	0.0000	0.0000	0.0000	0.0000	0.0000	0.0000	0.0000	0.0000	0.0000	0.0000	0.0000	0.0000	0.0000	0.0000	-0.0000	-0.0000	0.9981	6.9070	0.0014	16.5673	0.0000	0.0000	0.0000	0.0000	0.0000	0.0000	0.0000	0.0000	0.0000	0.0000	0.0000	0.0000	0.0000	0.0000	0.0000	0.0000	0.0000	0.0000	0.0743	0.0659	0.0085	0.0283	0.0269	0.0015	0.0460	0.0390	0.0070	0.0339	0.0236	0.0102	0.0176	0.0151	0.0024	0.0163	0.0085	0.0078	22.5566	17.7666	0.0000	30.7360	27.9193	0.0000	0.0000	0.0000	0.0000	0.0000	0.0000	0.0000	0.0000	0.0000	0.0000	0.0000	0.0000	0.0000					
23	74	0.5718	12	0	1	0	2	0	0	0	0	N	N	N	Y	N	N	N	N	N	N	N	N	0.0000	0.0000	0.0000	0.0000	0.0000	0.0000	0.0000	0.0000	0.0000	0.0000	0.0000	0.0000	0.0000	0.0003	0.0000	0.0009	0.0000	0.0000	0.0000	0.0006	0.0000	0.0011	inf	0.0000	0.0000	0.9981	6.4226	0.0014	19.3377	0.0000	0.0000	0.0000	0.0000	0.0000	0.0000	0.0000	0.0000	0.0000	0.0000	0.0000	0.0000	0.0000	0.0000	0.0000	0.0000	0.0000	0.0000	0.0435	0.0373	0.0062	0.0108	0.0101	0.0008	0.0326	0.0273	0.0054	0.0310	0.0210	0.0099	0.0160	0.0136	0.0024	0.0149	0.0074	0.0076	0.0000	0.0000	0.0000	0.0000	0.0000	0.0000	0.0000	0.0000	0.0000	0.0003	0.0000	0.0009	0.0000	0.0000	0.0000	0.0006	0.0000	0.0011						
23	75	0.5266	11	0	0	0	2	0	0	0	0	N	N	N	Y	N	N	N	N	N	N	N	N	0.0000	0.0000	0.0000	0.0000	0.0000	0.0000	0.0000	0.0000	0.0000	0.0000	0.0000	0.0000	0.0000	0.0000	0.0000	0.0000	0.0067	0.0001	0.0215	0.0001	0.0001	0.0000	0.0140	0.0000	0.0283	109.4597	0.0000	0.0002	0.9981	5.1932	0.0014	17.4397	0.0000	0.0000	0.0000	0.0000	0.0000	0.0000	0.0000	0.0000	0.0000	0.0003	0.0000	0.0003	0.0000	0.0000	0.0000	0.0003	0.0000	0.0003	0.0432	0.0378	0.0054	0.0125	0.0119	0.0006	0.0307	0.0259	0.0048	0.0441	0.0305	0.0136	0.0234	0.0201	0.0033	0.0208	0.0105	0.0103	0.0000	0.0000	0.0000	0.0000	0.0000	0.0000	0.0000	0.0000	0.0000	0.0067	0.0001	0.0215	0.0001	0.0001	0.0000	0.0140	0.0000	0.0283			
23	76	0.4896	10	0	0	0	1	0	0	0	0	N	N	N	N	N	N	N	N	N	N	N	N	0.0000	0.0000	0.0000	0.0000	0.0000	0.0000	0.0000	0.0000	0.0000	0.0000	0.0000	0.0000	0.0000	0.0000	0.0000	0.0000	0.0031	0.0010	0.0079	0.0013	0.0015	0.0000	0.0053	0.0000	0.0113	3.2915	0.0000	0.0000	0.9981	4.4918	0.0014	17.5337	0.0000	0.0000	0.0000	0.0000	0.0000	0.0000	0.0000	0.0000	0.0000	0.0002	0.0000	0.0001	0.0000	0.0000	0.0000	0.0001	0.0000	0.0001	0.0385	0.0335	0.0050	0.0117	0.0111	0.0006	0.0269	0.0224	0.0045	0.0492	0.0345	0.0147	0.0273	0.0230	0.0044	0.0219	0.0115	0.0104	0.0000	0.0000	0.0000	0.0000	0.0000	0.0000	0.0000	0.0000	0.0000	0.0031	0.0010	0.0079	0.0013	0.0015	0.0000	0.0053	0.0000	0.0113			
23	77	0.2187	9	0	0	0	2	0	0	0	0	N	N	N	Y	N	N	N	N	N	N	N	N	0.0000	0.0000	0.0000	0.0000	0.0000	0.0000	0.0000	0.0000	0.0000	0.0000	0.0000	0.0000	0.0000	0.0192	0.0299	0.0000	0.0553	0.0643	0.0000	0.0000	0.0000	0.0000	0.0000	0.0000	-0.0002	0.9981	0.3745	0.0014	14.7996	0.0000	0.0000	0.0000	0.0000	0.0000	0.0000	0.0000	0.0000	0.0000	0.0004	0.0004	0.0000	0.0004	0.0004	0.0000	0.0000	0.0000	0.0000	0.0034	0.0030	0.0004	0.0009	0.0008	0.0000	0.0025	0.0022	0.0004	0.0213	0.0137	0.0076	0.0074	0.0064	0.0010	0.0139	0.0073	0.0066	0.0000	0.0000	0.0000	0.0000	0.0000	0.0000	0.0000	0.0000	0.0000	0.0192	0.0299	0.0000	0.0553	0.0643	0.0000	0.0000	0.0000	0.0000						
23	78	0.1964	8	0	0	0	2	0	0	0	0	N	N	N	Y	N	N	N	N	N	N	N	N	0.0000	0.0000	0.0000	0.0000	0.0000	0.0000	0.0000	0.0000	0.0000	0.0000	0.0000	0.0000	0.0000	0.0000	0.0000	0.0000	0.0000	0.0001	0.0000	0.0001	0.0001	0.0000	0.0000	0.0000	0.0000	0.0282	0.0000	-0.0000	0.9981	1.4595	0.0014	10.3922	0.0000	0.0000	0.0000	0.0000	0.0000	0.0000	0.0000	0.0000	0.0000	0.0000	0.0000	0.0000	0.0000	0.0000	0.0000	0.0000	0.0000	0.0000	0.0108	0.0093	0.0015	0.0019	0.0018	0.0001	0.0089	0.0075	0.0014	0.0198	0.0131	0.0068	0.0074	0.0063	0.0011	0.0124	0.0067	0.0057	0.0000	0.0000	0.0000	0.0000	0.0000	0.0000	0.0000	0.0000	0.0000	0.0000	0.0001	0.0000	0.0001	0.0001	0.0000	0.0000	0.0000	0.0000			
23	79	0.1823	7	0	0	0	2	0	0	0	0	N	N	N	Y	N	N	N	N	N	N	N	N	0.0000	0.0000	0.0000	0.0000	0.0000	0.0000	0.0000	0.0000	0.0000	0.0000	0.0000	0.0000	0.0000	0.0000	0.0000	0.0000	0.0000	0.0000	0.0000	0.0000	0.0000	0.0000	0.0000	0.0000	0.0000	0.3088	0.0000	-0.0000	0.9981	1.3861	0.0014	6.3168	0.0000	0.0000	0.0000	0.0000	0.0000	0.0000	0.0000	0.0000	0.0000	0.0000	0.0000	0.0000	0.0000	0.0000	0.0000	0.0000	0.0000	0.0000	0.0094	0.0080	0.0014	0.0014	0.0013	0.0001	0.0080	0.0068	0.0013	0.0149	0.0099	0.0050	0.0059	0.0051	0.0008	0.0090	0.0048	0.0042	0.0000	0.0000	0.0000	0.0000	0.0000	0.0000	0.0000	0.0000	0.0000	0.0000	0.0000	0.0000	0.0000	0.0000	0.0000	0.0000	0.0000	0.0000			
23	80	0.1229	6	0	0	0	2	0	0	0	0	N	N	N	Y	N	N	N	N	N	N	N	N	0.0000	0.0000	0.0000	0.0000	0.0000	0.0000	0.0000	0.0000	0.0000	0.0000	0.0000	0.0000	0.0000	0.0000	0.0000	0.0000	0.0000	0.0000	0.0000	0.0000	0.0000	0.0000	inf	0.0000	0.0000	0.9981	4.0043	0.0014	19.8631	0.0000	0.0000	0.0000	0.0000	0.0000	0.0000	0.0000	0.0000	0.0000	0.0000	0.0000	0.0000	0.0000	0.0000	0.0000	0.0000	0.0000	0.0000	0.0255	0.0216	0.0039	0.0022	0.0020	0.0002	0.0233	0.0196	0.0037	0.0301	0.0170	0.0130	0.0048	0.0043	0.0005	0.0252	0.0127	0.0125	0.0000	0.0000	0.0000	0.0000	0.0000	0.0000	0.0000	0.0000	0.0000	0.0000	0.0000	0.0000	0.0000	0.0000	0.0000	0.0000	0.0000	0.0000						
23	81	0.6634	12	0	1	1	1	0	0	0	0	N	N	N	N	N	N	N	N	N	N	N	N	inf	inf	inf	inf	inf	inf	0.0000	0.0000	0.0002	0.0000	0.0000	0.0000	0.0000	0.0000	0.0002	0.0000	0.0000	0.0000	0.0000	0.0000	0.0000	0.0000	0.0000	0.0000	inf	0.0000	0.0000	0.9981	2.0162	0.0014	4.5500	0.0000	0.0000	0.0000	0.0000	0.0000	0.0000	0.0000	0.0000	0.0000	0.0000	0.0000	0.0000	0.0000	0.0000	0.0000	0.0000	0.0000	0.0000	0.0167	0.0146	0.0021	0.0062	0.0058	0.0004	0.0105	0.0087	0.0018	0.0088	0.0061	0.0027	0.0054	0.0044	0.0009	0.0034	0.0016	0.0018	inf	0.0000	inf	inf	0.0000	inf	inf	0.0000	inf	0.0000	0.0000	0.0000	0.0000	0.0000	0.0000	0.0000	0.0000	0.0000				
23	82	0.2308	10	0	1	1	1	0	0	0	0	N	N	N	N	N	N	N	N	N	N	N	N	0.0000	0.0000	0.0000	0.0000	0.0000	0.0000	0.0000	0.0000	0.0000	0.0000	0.0000	0.0000	0.0000	0.0000	0.0000	0.0000	0.0000	0.0000	0.0000	0.0000	0.0000	0.0000	0.0003	0.0000	0.0000	0.0000	41.0233	0.0000	0.0000	0.9981	3.0011	0.0014	3.7015	0.0000	0.0000	0.0000	0.0000	0.0000	0.0000	0.0000	0.0000	0.0000	0.0000	0.0000	0.0000	0.0000	0.0000	0.0000	0.0000	0.0000	0.0000	0.0204	0.0173	0.0031	0.0023	0.0021	0.0002	0.0181	0.0152	0.0029	0.0111	0.0067	0.0044	0.0032	0.0028	0.0004	0.0078	0.0039	0.0040	0.0000	0.0000	0.0000	0.0000	0.0000	0.0000	0.0000	0.0000	0.0000	0.0000	0.0000	0.0000	0.0000	0.0000	0.0003	0.0000	0.0000	0.0000		
23	83	0.2194	9	0	1	0	1	0	0	0	0	N	N	N	N	N	N	N	N	N	N	N	N	0.1947	0.1610	0.0000	0.6411	0.6510	0.0000	0.0000	0.0000	0.0000	0.0000	0.0000	0.0000	0.0000	0.0000	0.0000	0.0000	0.0000	0.0000	0.0000	0.0000	0.0000	0.0000	0.0000	0.0000	0.0000	0.0000	0.0000	0.0384	-0.0000	-0.0000	0.9981	2.0032	0.0014	4.2039	0.0000	0.0000	0.0000	0.0000	0.0000	0.0000	0.0000	0.0000	0.0000	0.0000	0.0000	0.0000	0.0000	0.0000	0.0000	0.0000	0.0000	0.0000	0.0137	0.0117	0.0021	0.0015	0.0014	0.0001	0.0123	0.0103	0.0020	0.0139	0.0094	0.0045	0.0049	0.0045	0.0004	0.0091	0.0049	0.0041	0.1947	0.1610	0.0000	0.6411	0.6510	0.0000	0.0000	0.0000	0.0000	0.0000	0.0000	0.0000	0.0000	0.0000	0.0000	0.0000	0.0000	0.0000	
23	84	0.2162	9	1	0	1	1	0	0	0	0	N	N	N	N	N	N	N	N	N	N	N	N	0.0000	0.0000	0.0000	0.0000	0.0000	0.0000	0.0000	0.0000	0.0000	0.0000	0.0000	0.0000	0.0000	0.0398	0.0000	0.0977	0.0000	0.0000	0.0000	0.0581	0.0000	0.1082	inf	0.0000	0.0002	0.9981	1.0052	0.0014	4.9545	0.0000	0.0000	0.0000	0.0000	0.0000	0.0000	0.0000	0.0000	0.0000	0.0004	0.0000	0.0004	0.0000	0.0000	0.0000	0.0004	0.0000	0.0004	0.0070	0.0059	0.0011	0.0006	0.0006	0.0000	0.0064	0.0053	0.0010	0.0098	0.0058	0.0040	0.0031	0.0027	0.0004	0.0067	0.0031	0.0036	0.0000	0.0000	0.0000	0.0000	0.0000	0.0000	0.0000	0.0000	0.0000	0.0398	0.0000	0.0977	0.0000	0.0000	0.0000	0.0581	0.0000	0.1082						
23	85	0.1968	8	1	0	1	1	0	0	0	0	N	N	N	N	N	N	N	N	N	N	N	N	0.0000	0.0000	0.0000	0.0000	0.0000	0.0000	0.0000	0.0000	0.0000	0.0000	0.0000	0.0000	0.0000	0.0000	0.0000	0.0000	0.0028	0.0000	0.0079	0.0000	0.0000	0.0000	0.0041	0.0000	0.0087	1327.9539	0.0000	0.0000	0.9981	0.9968	0.0014	7.6169	0.0000	0.0000	0.0000	0.0000	0.0000	0.0000	0.0000	0.0000	0.0000	0.0000	0.0000	0.0000	0.0000	0.0000	0.0000	0.0000	0.0000	0.0000	0.0069	0.0059	0.0010	0.0007	0.0007	0.0001	0.0062	0.0052	0.0010	0.0146	0.0094	0.0052	0.0045	0.0040	0.0005	0.0102	0.0055	0.0047	0.0000	0.0000	0.0000	0.0000	0.0000	0.0000	0.0000	0.0000	0.0000	0.0028	0.0000	0.0079	0.0000	0.0000	0.0000	0.0041	0.0000	0.0087			
23	86	0.2168	7	1	1	0	1	0	0	0	0	N	N	N	N	N	N	N	N	N	N	N	N	inf	inf	inf	inf	0.3001	0.3522	0.0000	1.7204	1.8226	0.0000	0.0000	0.0000	0.0000	0.0000	0.0000	0.0000	0.0000	0.0000	0.0000	0.0000	0.0000	0.0000	0.0000	-0.0061	0.0000	0.9981	5.8060	0.0014	6.1034	0.0138	0.0138	0.0000	0.0138	0.0138	0.0000	0.0000	0.0000	0.0000	0.0000	0.0000	0.0000	0.0000	0.0000	0.0000	0.0000	0.0000	0.0000	0.0458	0.0390	0.0068	0.0080	0.0075	0.0004	0.0378	0.0315	0.0063	0.0274	0.0187	0.0087	0.0111	0.0094	0.0018	0.0163	0.0094	0.0069	inf	inf	0.0000	inf	inf	0.0000	0.0000	0.0000	0.0000	0.0000	0.0000	0.0000	0.0000	0.0000	0.0000	0.0000	0.0000	0.0000						
23	87	0.1229	6	1	1	0	1	0	0	0	0	N	N	N	N	N	N	N	N	N	N	N	N	0.0000	0.0000	0.0000	0.0000	0.0000	0.0000	0.0000	0.0000	0.0000	0.0000	0.0000	0.0000	0.0000	0.0000	0.0000	0.0001	0.0000	0.0000	0.0000	0.0000	0.0000	0.0001	inf	-0.0000	0.0000	0.9981	12.2869	0.0014	21.7146	0.0000	0.0000	0.0000	0.0000	0.0000	0.0000	0.0000	0.0000	0.0000	0.0000	0.0000	0.0000	0.0000	0.0000	0.0000	0.0000	0.0000	0.0000	0.0751	0.0639	0.0113	0.0063	0.0058	0.0005	0.0689	0.0581	0.0108	0.0401	0.0227	0.0175	0.0061	0.0054	0.0007	0.0340	0.0173	0.0167	0.0000	0.0000	0.0000	0.0000	0.0000	0.0000	0.0000	0.0000	0.0000	0.0000	0.0000	0.0001	0.0000	0.0000	0.0000	0.0000	0.0000	0.0001						
23	88	0.2194	9	0	1	0	1	0	0	0	0	N	N	N	N	N	N	N	N	N	N	N	N	6393.0263	0.0000	63009.4717	1.8048	0.0000	10.7257	inf	inf	0.0033	0.0000	0.0221	0.0000	0.0000	0.0000	0.0037	0.0000	0.0234	0.0000	0.0000	0.0000	0.0000	0.0000	0.0000	0.0000	0.0000	0.0000	inf	0.3256	0.0001	-0.0000	0.9981	4.0005	0.0014	9.0093	0.0001	0.0000	0.0001	0.0000	0.0000	0.0000	0.0001	0.0000	0.0001	0.0000	0.0000	0.0000	0.0000	0.0000	0.0000	0.0000	0.0000	0.0000	0.0271	0.0231	0.0041	0.0029	0.0027	0.0002	0.0242	0.0204	0.0039	0.0220	0.0140	0.0080	0.0067	0.0059	0.0008	0.0153	0.0081	0.0072	6393.0263	0.0000	63009.4717	1.8048	0.0000	10.7257	inf	0.0000	inf	0.0000	0.0000	0.0000	0.0000	0.0000	0.0000	0.0000	0.0000	0.0000	
23	89	0.1968	8	0	1	0	1	0	0	0	0	N	N	N	N	N	N	N	N	N	N	N	N	1.9239	0.4320	18.7162	0.0000	0.0000	8.0526	inf	17.8439	0.0000	0.0000	0.0000	0.0000	0.0000	0.0000	0.0000	0.0000	0.0000	0.0000	0.0000	0.0000	0.0000	0.0000	0.0000	0.0000	0.0000	0.0000	3.1000	0.2312	0.0000	-0.0000	0.9981	1.0051	0.0014	9.2650	0.0000	0.0000	0.0000	0.0000	0.0000	0.0000	0.0000	0.0000	0.0000	0.0000	0.0000	0.0000	0.0000	0.0000	0.0000	0.0000	0.0000	0.0000	0.0070	0.0059	0.0011	0.0007	0.0007	0.0001	0.0062	0.0052	0.0010	0.0166	0.0106	0.0061	0.0049	0.0043	0.0006	0.0117	0.0062	0.0055	1.9239	0.4320	18.7162	0.0000	0.0000	0.0000	8.0526	inf	17.8439	0.0000	0.0000	0.0000	0.0000	0.0000	0.0000	0.0000	0.0000	0.0000	
23	90	0.2452	8	0	0	1	1	0	0	0	0	N	N	N	N	N	N	N	N	N	N	N	N	0.0000	0.0000	0.0000	0.0000	0.0000	0.0000	0.0000	0.0000	0.0000	0.0000	0.0000	0.0000	0.0000	0.0000	0.0000	0.0000	0.0000	0.0000	0.0000	0.0000	0.0000	0.0000	0.0000	0.0000	-0.0000	0.9981	2.3559	0.0014	7.1930	0.0000	0.0000	0.0000	0.0000	0.0000	0.0000	0.0000	0.0000	0.0000	0.0000	0.0000	0.0000	0.0000	0.0000	0.0000	0.0000	0.0000	0.0000	0.0178	0.0153	0.0025	0.0049	0.0045	0.0004	0.0130	0.0109	0.0021	0.0161	0.0109	0.0051	0.0061	0.0055	0.0006	0.0100	0.0055	0.0045	0.0000	0.0000	0.0000	0.0000	0.0000	0.0000	0.0000	0.0000	0.0000	0.0000	0.0000	0.0000	0.0000	0.0000	0.0000	0.0000	0.0000	0.0000						
23	91	0.2124	7	0	0	0	1	0	0	0	0	N	N	N	N	N	N	N	N	N	N	N	N	0.0000	0.0000	0.0000	0.0000	0.0000	0.0000	0.0000	0.0000	0.0000	0.0000	0.0000	0.0000	0.0000	0.0000	0.0000	0.0000	0.0000	0.0001	0.0002	0.0000	0.0003	0.0003	0.0000	0.0000	0.0000	0.0000	0.0129	-0.0000	-0.0000	0.9981	4.9284	0.0014	11.0439	0.0000	0.0000	0.0000	0.0000	0.0000	0.0000	0.0000	0.0000	0.0000	0.0000	0.0000	0.0000	0.0000	0.0000	0.0000	0.0000	0.0000	0.0000	0.0531	0.0466	0.0065	0.0164	0.0157	0.0007	0.0367	0.0309	0.0058	0.0428	0.0300	0.0128	0.0199	0.0176	0.0022	0.0230	0.0124	0.0106	0.0000	0.0000	0.0000	0.0000	0.0000	0.0000	0.0000	0.0000	0.0000	0.0001	0.0002	0.0000	0.0003	0.0003	0.0000	0.0000	0.0000	0.0000		
23	92	0.1229	6	0	0	0	1	0	0	0	0	N	N	N	N	N	N	N	N	N	N	N	N	0.0000	0.0000	0.0000	0.0000	0.0000	0.0000	0.0000	0.0000	0.0000	0.0000	0.0000	0.0000	0.0000	0.0000	0.0000	0.0000	0.0103	0.0182	0.0001	0.0676	0.0768	0.0000	0.0000	0.0000	0.0001	0.0035	-0.0000	-0.0002	0.9981	3.9161	0.0014	29.2065	0.0000	0.0000	0.0000	0.0000	0.0000	0.0000	0.0000	0.0000	0.0000	0.0004	0.0004	0.0000	0.0004	0.0004	0.0000	0.0000	0.0000	0.0000	0.0249	0.0211	0.0038	0.0021	0.0019	0.0002	0.0228	0.0192	0.0036	0.0393	0.0222	0.0171	0.0060	0.0053	0.0007	0.0333	0.0169	0.0164	0.0000	0.0000	0.0000	0.0000	0.0000	0.0000	0.0000	0.0000	0.0000	0.0103	0.0182	0.0001	0.0676	0.0768	0.0000	0.0000	0.0000	0.0001			
23	93	0.6634	12	1	1	0	1	0	0	0	0	N	N	N	N	N	N	N	N	N	N	N	N	1449.4094	inf	13.8365	2663.6918	inf	0.3615	41.3923	126.4545	0.0041	0.0047	0.0001	0.0113	0.0120	0.0000	0.0000	0.0000	0.0002	0.0000	0.0000	0.0000	0.0000	0.0000	0.0000	0.0000	0.0000	0.0000	0.0040	inf	-0.0000	0.0000	0.9981	2.5103	0.0014	7.4742	0.0001	0.0001	0.0000	0.0001	0.0001	0.0000	0.0000	0.0000	0.0000	0.0000	0.0000	0.0000	0.0000	0.0000	0.0000	0.0000	0.0000	0.0000	0.0196	0.0171	0.0025	0.0071	0.0067	0.0004	0.0125	0.0104	0.0021	0.0119	0.0082	0.0037	0.0073	0.0060	0.0013	0.0046	0.0023	0.0023	1449.4094	inf	13.8365	2663.6918	inf	0.3615	41.3923	0.0000	126.4545	0.0000	0.0000	0.0000	0.0000	0.0000	0.0000	0.0000	0.0000	0.0000	
23	94	0.6272	11	0	1	0	1	0	0	0	0	N	N	N	N	N	N	N	N	N	N	N	N	913.2297	443.9481	inf	992.2844	855.7366	inf	inf	inf	0.0022	0.0015	0.0073	0.0039	0.0041	0.0000	0.0013	0.0000	0.0086	0.0000	0.0000	0.0000	0.0000	0.0000	0.0000	0.0000	0.0000	0.0000	0.6416	0.0000	-0.0000	-0.0000	0.9981	7.1305	0.0014	3.2426	0.0001	0.0001	0.0001	0.0001	0.0001	0.0000	0.0001	0.0000	0.0001	0.0000	0.0000	0.0000	0.0000	0.0000	0.0000	0.0000	0.0000	0.0000	0.0587	0.0517	0.0070	0.0205	0.0194	0.0011	0.0382	0.0323	0.0059	0.0137	0.0096	0.0041	0.0086	0.0070	0.0016	0.0052	0.0027	0.0025	913.2297	443.9481	inf	992.2844	855.7366	0.0000	inf	inf	inf	0.0000	0.0000	0.0000	0.0000	0.0000	0.0000	0.0000	0.0000	0.0000	
23	95	0.1968	8	1	1	0	1	0	0	0	0	N	N	N	N	N	N	N	N	N	N	N	N	1911.7465	1349.1798	0.0000	0.0000	inf	inf	0.0017	0.0020	0.0000	0.0000	0.0000	0.0000	0.0019	0.0022	0.0000	0.0000	0.0000	0.0000	0.0000	0.0000	0.0000	0.0000	0.0000	0.0000	0.0000	0.0000	-0.0000	-0.0000	0.9981	8.0000	0.0014	22.5660	0.0001	0.0001	0.0000	0.0000	0.0000	0.0000	0.0001	0.0001	0.0000	0.0000	0.0000	0.0000	0.0000	0.0000	0.0000	0.0000	0.0000	0.0000	0.0534	0.0454	0.0080	0.0054	0.0050	0.0004	0.0480	0.0404	0.0076	0.0390	0.0234	0.0156	0.0100	0.0084	0.0016	0.0290	0.0150	0.0140	1911.7465	1349.1798	0.0000	0.0000	0.0000	0.0000	inf	inf	0.0000	0.0000	0.0000	0.0000	0.0000	0.0000	0.0000	0.0000	0.0000	0.0000			
23	96	0.1229	6	0	0	0	1	0	0	0	0	N	N	N	N	N	N	N	N	N	N	N	N	0.0000	0.0000	0.0000	0.0000	0.0000	0.0000	0.0000	0.0000	0.0000	0.0000	0.0000	0.0000	0.0000	0.0000	0.0000	0.0000	0.0000	0.0000	0.0000	0.0000	0.9981	11.9964	0.0014	18.8414	0.0000	0.0000	0.0000	0.0000	0.0000	0.0000	0.0000	0.0000	0.0000	0.0000	0.0000	0.0000	0.0000	0.0000	0.0000	0.0000	0.0000	0.0000	0.0734	0.0624	0.0110	0.0061	0.0057	0.0005	0.0673	0.0568	0.0105	0.0371	0.0210	0.0161	0.0057	0.0050	0.0007	0.0314	0.0159	0.0154	0.0000	0.0000	0.0000	0.0000	0.0000	0.0000	0.0000	0.0000	0.0000	0.0000	0.0000	0.0000	0.0000	0.0000	0.0000	0.0000	0.0000	0.0000											
23	98	0.2273	10	1	1	1	1	0	0	0	0	N	N	N	N	N	N	N	N	N	N	N	N	0.0000	0.0000	0.0000	0.0000	0.0000	0.0000	0.0000	0.0000	0.0000	0.0000	0.0000	0.0000	0.0000	0.0000	0.0000	0.0000	0.0001	0.0001	0.0000	0.0000	0.0000	0.0000	0.0000	0.0000	-0.0000	0.9981	0.9502	0.0014	16.1595	0.0000	0.0000	0.0000	0.0000	0.0000	0.0000	0.0000	0.0000	0.0000	0.0000	0.0000	0.0000	0.0000	0.0000	0.0000	0.0000	0.0000	0.0000	0.0075	0.0062	0.0013	0.0019	0.0015	0.0004	0.0057	0.0047	0.0009	0.0225	0.0138	0.0087	0.0074	0.0062	0.0012	0.0150	0.0076	0.0074	0.0000	0.0000	0.0000	0.0000	0.0000	0.0000	0.0000	0.0000	0.0000	0.0000	0.0000	0.0000	0.0001	0.0001	0.0000	0.0000	0.0000	0.0000						
23	99	0.1229	6	0	1	0	1	0	0	0	0	N	N	N	N	N	N	N	N	N	N	N	N	0.0000	0.0000	0.0000	0.0000	0.0000	0.0000	0.0000	0.0000	0.0000	0.0000	0.0000	0.0000	0.0000	0.0000	0.0000	0.0000	0.0000	0.0000	0.0000	0.0000	0.9981	11.9964	0.0014	15.6499	0.0000	0.0000	0.0000	0.0000	0.0000	0.0000	0.0000	0.0000	0.0000	0.0000	0.0000	0.0000	0.0000	0.0000	0.0000	0.0000	0.0000	0.0000	0.0734	0.0624	0.0110	0.0061	0.0057	0.0005	0.0673	0.0568	0.0105	0.0339	0.0192	0.0147	0.0053	0.0047	0.0006	0.0286	0.0145	0.0141	0.0000	0.0000	0.0000	0.0000	0.0000	0.0000	0.0000	0.0000	0.0000	0.0000	0.0000	0.0000	0.0000	0.0000	0.0000	0.0000	0.0000	0.0000											
23	100	0.2303	11	1	0	1	1	0	0	0	0	N	N	N	N	N	N	N	N	N	N	N	N	0.0000	0.0000	0.0000	0.0000	0.0000	0.0000	0.0000	0.0000	0.0000	0.0000	0.0000	0.0000	0.0000	0.0218	0.0000	0.0556	0.0000	0.0000	0.0000	0.0328	0.0000	0.0654	inf	0.0000	0.0002	0.9981	1.0008	0.0014	13.9255	0.0000	0.0000	0.0000	0.0000	0.0000	0.0000	0.0000	0.0000	0.0000	0.0004	0.0000	0.0004	0.0000	0.0000	0.0000	0.0004	0.0000	0.0004	0.0070	0.0059	0.0010	0.0010	0.0010	0.0001	0.0059	0.0050	0.0010	0.0196	0.0119	0.0077	0.0066	0.0054	0.0011	0.0130	0.0065	0.0065	0.0000	0.0000	0.0000	0.0000	0.0000	0.0000	0.0000	0.0000	0.0000	0.0218	0.0000	0.0556	0.0000	0.0000	0.0000	0.0328	0.0000	0.0654						
23	101	0.2273	10	1	0	1	1	0	0	0	0	N	N	N	N	N	N	N	N	N	N	N	N	0.0000	0.0000	0.0000	0.0000	0.0000	0.0000	0.0000	0.0000	0.0000	0.0000	0.0000	0.0000	0.0000	0.0000	0.0000	0.0000	0.0005	0.0001	0.0014	0.0002	0.0002	0.0000	0.0008	0.0000	0.0018	4.5193	0.0000	0.0000	0.9981	0.0532	0.0014	2.0467	0.0000	0.0000	0.0000	0.0000	0.0000	0.0000	0.0000	0.0000	0.0000	0.0000	0.0000	0.0000	0.0000	0.0000	0.0000	0.0000	0.0000	0.0000	0.0013	0.0009	0.0004	0.0010	0.0006	0.0003	0.0003	0.0003	0.0001	0.0054	0.0037	0.0017	0.0027	0.0023	0.0004	0.0028	0.0014	0.0013	0.0000	0.0000	0.0000	0.0000	0.0000	0.0000	0.0000	0.0000	0.0000	0.0005	0.0001	0.0014	0.0002	0.0002	0.0000	0.0008	0.0000	0.0018			
23	102	0.2176	9	1	0	1	1	0	0	0	0	N	N	N	N	N	N	N	N	N	N	N	N	0.0000	0.0000	0.0000	0.0000	0.0000	0.0000	0.0000	0.0000	0.0000	0.0000	0.0000	0.0000	0.0000	0.0000	0.0000	0.0000	0.0001	0.0000	0.0002	0.0000	0.0000	0.0000	0.0001	0.0000	0.0002	8.1420	0.0000	0.0000	0.9981	2.0948	0.0014	3.0326	0.0000	0.0000	0.0000	0.0000	0.0000	0.0000	0.0000	0.0000	0.0000	0.0000	0.0000	0.0000	0.0000	0.0000	0.0000	0.0000	0.0000	0.0000	0.0154	0.0129	0.0025	0.0030	0.0025	0.0005	0.0124	0.0104	0.0020	0.0089	0.0058	0.0031	0.0035	0.0029	0.0006	0.0054	0.0029	0.0025	0.0000	0.0000	0.0000	0.0000	0.0000	0.0000	0.0000	0.0000	0.0000	0.0001	0.0000	0.0002	0.0000	0.0000	0.0000	0.0001	0.0000	0.0002			
23	103	0.1968	8	1	0	1	1	0	0	0	0	N	N	N	N	N	N	N	N	N	N	N	N	0.0000	0.0000	0.0000	0.0000	0.0000	0.0000	0.0000	0.0000	0.0000	0.0000	0.0000	0.0000	0.0000	0.0000	0.0000	0.0000	0.0000	0.0000	0.0000	0.0000	0.0000	0.0000	0.0000	0.0000	0.0000	1.8751	0.0000	0.0000	0.9981	3.9484	0.0014	4.8420	0.0000	0.0000	0.0000	0.0000	0.0000	0.0000	0.0000	0.0000	0.0000	0.0000	0.0000	0.0000	0.0000	0.0000	0.0000	0.0000	0.0000	0.0000	0.0269	0.0228	0.0041	0.0027	0.0025	0.0002	0.0241	0.0203	0.0038	0.0149	0.0095	0.0053	0.0045	0.0040	0.0005	0.0104	0.0055	0.0048	0.0000	0.0000	0.0000	0.0000	0.0000	0.0000	0.0000	0.0000	0.0000	0.0000	0.0000	0.0000	0.0000	0.0000	0.0000	0.0000	0.0000	0.0000			
23	104	0.1552	7	0	1	0	1	0	0	0	0	N	N	N	N	N	N	N	N	N	N	N	N	0.0000	0.0000	0.0000	0.0000	0.0000	0.0000	0.0000	0.0000	0.0000	0.0000	0.0000	0.0000	0.0000	0.0000	0.0000	0.0000	0.0000	0.0000	0.0000	0.0000	0.0000	0.0000	0.0000	0.0000	-0.0000	0.9981	8.9557	0.0014	32.3127	0.0000	0.0000	0.0000	0.0000	0.0000	0.0000	0.0000	0.0000	0.0000	0.0000	0.0000	0.0000	0.0000	0.0000	0.0000	0.0000	0.0000	0.0000	0.0674	0.0581	0.0093	0.0119	0.0112	0.0007	0.0555	0.0469	0.0086	0.0486	0.0282	0.0203	0.0091	0.0076	0.0014	0.0395	0.0206	0.0189	0.0000	0.0000	0.0000	0.0000	0.0000	0.0000	0.0000	0.0000	0.0000	0.0000	0.0000	0.0000	0.0000	0.0000	0.0000	0.0000	0.0000	0.0000						
23	105	0.1806	8	0	0	1	1	0	0	0	0	N	N	N	N	N	N	N	N	N	N	N	N	0.0000	0.0000	0.0000	0.0000	0.0000	0.0000	0.0000	0.0000	0.0000	0.0000	0.0000	0.0000	0.0000	0.0000	0.0000	0.0000	0.0000	0.0000	0.0000	0.0000	0.0000	0.0000	0.0000	0.0000	-0.0000	0.9981	4.2679	0.0014	7.8415	0.0000	0.0000	0.0000	0.0000	0.0000	0.0000	0.0000	0.0000	0.0000	0.0000	0.0000	0.0000	0.0000	0.0000	0.0000	0.0000	0.0000	0.0000	0.0327	0.0275	0.0051	0.0053	0.0050	0.0003	0.0273	0.0225	0.0048	0.0170	0.0101	0.0069	0.0041	0.0034	0.0007	0.0129	0.0066	0.0062	0.0000	0.0000	0.0000	0.0000	0.0000	0.0000	0.0000	0.0000	0.0000	0.0000	0.0000	0.0000	0.0000	0.0000	0.0000	0.0000	0.0000	0.0000						
23	106	0.1552	7	0	0	0	1	0	0	0	0	N	N	N	N	N	N	N	N	N	N	N	N	0.0000	0.0000	0.0000	0.0000	0.0000	0.0000	0.0000	0.0000	0.0000	0.0000	0.0000	0.0000	0.0000	0.0000	0.0000	0.0000	0.0000	0.0000	0.0000	0.0000	0.0000	0.0000	0.0000	0.0000	0.0000	0.0500	0.0000	-0.0000	0.9981	1.9301	0.0014	9.0954	0.0000	0.0000	0.0000	0.0000	0.0000	0.0000	0.0000	0.0000	0.0000	0.0000	0.0000	0.0000	0.0000	0.0000	0.0000	0.0000	0.0000	0.0000	0.0218	0.0194	0.0024	0.0066	0.0065	0.0002	0.0152	0.0130	0.0022	0.0185	0.0114	0.0071	0.0050	0.0044	0.0006	0.0136	0.0071	0.0065	0.0000	0.0000	0.0000	0.0000	0.0000	0.0000	0.0000	0.0000	0.0000	0.0000	0.0000	0.0000	0.0000	0.0000	0.0000	0.0000	0.0000	0.0000			
23	107	0.1229	6	0	0	0	1	0	0	0	0	N	N	N	N	N	N	N	N	N	N	N	N	0.0000	0.0000	0.0000	0.0000	0.0000	0.0000	0.0000	0.0000	0.0000	0.0000	0.0000	0.0000	0.0000	0.0000	0.0000	0.0000	0.0000	0.0000	0.0000	0.0000	0.0000	0.0000	inf	0.0000	0.0000	0.9981	3.9049	0.0014	9.6098	0.0000	0.0000	0.0000	0.0000	0.0000	0.0000	0.0000	0.0000	0.0000	0.0000	0.0000	0.0000	0.0000	0.0000	0.0000	0.0000	0.0000	0.0000	0.0248	0.0211	0.0038	0.0021	0.0019	0.0002	0.0227	0.0191	0.0036	0.0189	0.0108	0.0081	0.0034	0.0031	0.0003	0.0155	0.0077	0.0077	0.0000	0.0000	0.0000	0.0000	0.0000	0.0000	0.0000	0.0000	0.0000	0.0000	0.0000	0.0000	0.0000	0.0000	0.0000	0.0000	0.0000	0.0000						
23	108	0.1440	8	0	1	0	1	0	0	0	0	N	N	N	N	N	N	N	N	N	N	N	N	0.0000	0.0000	0.0000	0.0000	0.0000	0.0000	0.0000	0.0000	0.0000	0.0000	0.0000	0.0000	0.0000	0.0000	0.0000	0.0000	0.0000	0.0000	0.0000	0.0000	0.0000	0.0000	0.0000	0.0000	-0.0000	0.9981	8.0392	0.0014	22.6195	0.0000	0.0000	0.0000	0.0000	0.0000	0.0000	0.0000	0.0000	0.0000	0.0000	0.0000	0.0000	0.0000	0.0000	0.0000	0.0000	0.0000	0.0000	0.0543	0.0462	0.0081	0.0075	0.0070	0.0005	0.0468	0.0393	0.0076	0.0410	0.0248	0.0163	0.0093	0.0085	0.0008	0.0317	0.0163	0.0154	0.0000	0.0000	0.0000	0.0000	0.0000	0.0000	0.0000	0.0000	0.0000	0.0000	0.0000	0.0000	0.0000	0.0000	0.0000	0.0000	0.0000	0.0000						
23	109	0.1440	7	0	0	0	1	0	0	0	0	N	N	N	N	N	N	N	N	N	N	N	N	0.0000	0.0000	0.0000	0.0000	0.0000	0.0000	0.0000	0.0000	0.0000	0.0000	0.0000	0.0000	0.0000	0.0000	0.0000	0.0000	0.0000	0.0000	0.0000	0.0000	0.0000	0.0000	0.0000	0.0000	0.0000	1.0000	0.0000	0.0000	0.9981	0.2031	0.0014	2.0398	0.0000	0.0000	0.0000	0.0000	0.0000	0.0000	0.0000	0.0000	0.0000	0.0000	0.0000	0.0000	0.0000	0.0000	0.0000	0.0000	0.0000	0.0000	0.0035	0.0029	0.0006	0.0012	0.0012	0.0000	0.0022	0.0017	0.0006	0.0110	0.0080	0.0031	0.0046	0.0046	0.0001	0.0064	0.0034	0.0030	0.0000	0.0000	0.0000	0.0000	0.0000	0.0000	0.0000	0.0000	0.0000	0.0000	0.0000	0.0000	0.0000	0.0000	0.0000	0.0000	0.0000	0.0000			
23	110	0.7245	13	1	0	1	1	0	0	0	0	N	N	N	N	N	N	N	N	N	N	N	N	0.0000	0.0000	0.0000	0.0000	0.0000	0.0000	0.0000	0.0000	0.0000	0.0000	0.0000	0.0000	0.0000	0.0000	0.0000	0.0000	0.0000	0.0000	0.0000	0.0000	0.9981	0.0001	0.0014	0.0001	0.0000	0.0000	0.0000	0.0000	0.0000	0.0000	0.0000	0.0000	0.0000	0.0000	0.0000	0.0000	0.0000	0.0000	0.0000	0.0000	0.0000	0.0000	0.0007	0.0005	0.0001	0.0003	0.0003	0.0000	0.0003	0.0002	0.0001	0.0000	0.0000	0.0000	0.0000	0.0000	0.0000	0.0000	0.0000	0.0000	0.0000	0.0000	0.0000	0.0000	0.0000	0.0000	0.0000	0.0000	0.0000	0.0000	0.0000	0.0000	0.0000	0.0000	0.0000	0.0000	0.0000	0.0000											
23	111	0.7107	12	1	0	1	1	0	0	0	0	N	N	N	N	N	N	N	N	N	N	N	N	inf	inf	inf	inf	0.0000	0.0000	0.0000	0.0000	0.0000	0.0000	0.0000	0.0000	0.0000	0.0000	0.0000	0.0000	0.0000	0.0000	0.0000	0.0000	0.0000	0.0000	0.0000	-0.0000	0.0000	0.9981	1.6718	0.0014	2.9223	0.0000	0.0000	0.0000	0.0000	0.0000	0.0000	0.0000	0.0000	0.0000	0.0000	0.0000	0.0000	0.0000	0.0000	0.0000	0.0000	0.0000	0.0000	0.0121	0.0106	0.0016	0.0037	0.0035	0.0002	0.0084	0.0070	0.0013	0.0065	0.0046	0.0019	0.0046	0.0037	0.0009	0.0019	0.0010	0.0010	inf	inf	0.0000	inf	inf	0.0000	0.0000	0.0000	0.0000	0.0000	0.0000	0.0000	0.0000	0.0000	0.0000	0.0000	0.0000	0.0000						
23	112	0.6272	11	1	0	1	1	0	0	0	0	N	N	N	N	N	N	N	N	N	N	N	N	577.9888	inf	0.1687	inf	inf	0.0402	0.1259	0.0004	0.0005	0.0000	0.0013	0.0014	0.0000	0.0000	0.0000	0.0000	0.0000	0.0000	0.0000	0.0000	0.0000	0.0000	0.0000	0.0000	0.0000	0.0001	inf	-0.0000	0.0000	0.9981	14.0283	0.0014	7.1084	0.0000	0.0000	0.0000	0.0000	0.0000	0.0000	0.0000	0.0000	0.0000	0.0000	0.0000	0.0000	0.0000	0.0000	0.0000	0.0000	0.0000	0.0000	0.0944	0.0826	0.0118	0.0292	0.0273	0.0018	0.0653	0.0553	0.0100	0.0230	0.0160	0.0070	0.0138	0.0112	0.0026	0.0092	0.0048	0.0044	577.9888	inf	0.1687	inf	inf	0.0000	0.0402	0.0000	0.1259	0.0000	0.0000	0.0000	0.0000	0.0000	0.0000	0.0000	0.0000	0.0000		
23	113	0.5669	10	0	0	0	1	0	0	0	0	N	N	N	N	N	N	N	N	N	N	N	N	2672.4745	2274.2888	6176.8195	2153.0490	4012.5074	3.2360	inf	inf	0.0006	0.0003	0.0024	0.0008	0.0009	0.0000	0.0004	0.0000	0.0029	0.0000	0.0000	0.0000	0.0000	0.0000	0.0000	0.0000	0.0000	0.0000	0.9534	1.0370	0.0000	0.0000	0.9981	8.6129	0.0014	5.1709	0.0000	0.0000	0.0000	0.0000	0.0000	0.0000	0.0000	0.0000	0.0000	0.0000	0.0000	0.0000	0.0000	0.0000	0.0000	0.0000	0.0000	0.0000	0.0773	0.0684	0.0089	0.0268	0.0254	0.0014	0.0505	0.0431	0.0075	0.0257	0.0186	0.0071	0.0140	0.0121	0.0019	0.0117	0.0064	0.0053	2672.4745	2274.2888	6176.8195	2153.0490	4012.5074	3.2360	inf	0.0000	inf	0.0000	0.0000	0.0000	0.0000	0.0000	0.0000	0.0000	0.0000	0.0000	
23	114	0.4718	9	0	0	0	1	0	0	0	0	N	N	N	N	N	N	N	N	N	N	N	N	4.7658	3.4727	11.8315	8.6191	7.7510	7.2146	3.2540	inf	10.0663	0.0004	0.0001	0.0020	0.0004	0.0005	0.0000	0.0004	0.0000	0.0023	0.0001	0.0000	0.0002	0.0001	0.0001	0.0000	0.0001	0.0000	0.0002	2.2843	2.0420	0.0000	0.0000	0.9981	16.8607	0.0014	22.7724	0.0000	0.0000	0.0000	0.0000	0.0000	0.0000	0.0000	0.0000	0.0000	0.0000	0.0000	0.0000	0.0000	0.0000	0.0000	0.0000	0.0000	0.0000	0.1131	0.0982	0.0150	0.0297	0.0276	0.0022	0.0834	0.0706	0.0128	0.0513	0.0350	0.0163	0.0264	0.0220	0.0045	0.0249	0.0130	0.0118	4.7658	3.4727	11.8315	8.6191	7.7510	7.2146	3.2540	inf	10.0663	0.0001	0.0000	0.0002	0.0001	0.0001	0.0000	0.0001	0.0000	0.0002
23	115	0.2030	8	1	0	1	1	0	0	0	0	N	N	N	N	N	N	N	N	N	N	N	N	0.0000	0.0000	0.0000	0.0000	0.0000	0.0000	0.0000	0.0000	0.0000	0.0000	0.0000	0.0000	0.0000	0.0000	0.0000	0.0000	0.0000	0.0000	0.0000	0.0000	0.9981	1.0009	0.0014	4.0038	0.0000	0.0000	0.0000	0.0000	0.0000	0.0000	0.0000	0.0000	0.0000	0.0000	0.0000	0.0000	0.0000	0.0000	0.0000	0.0000	0.0000	0.0000	0.0072	0.0060	0.0012	0.0008	0.0007	0.0001	0.0063	0.0053	0.0010	0.0111	0.0067	0.0043	0.0033	0.0031	0.0002	0.0078	0.0036	0.0042	0.0000	0.0000	0.0000	0.0000	0.0000	0.0000	0.0000	0.0000	0.0000	0.0000	0.0000	0.0000	0.0000	0.0000	0.0000	0.0000	0.0000	0.0000											
23	116	0.1747	7	1	0	1	1	0	0	0	0	N	N	N	N	N	N	N	N	N	N	N	N	0.0000	0.0000	0.0000	0.0000	0.0000	0.0000	0.0000	0.0000	0.0000	0.0000	0.0000	0.0000	0.0000	0.0000	0.0000	0.0000	0.0000	0.0000	0.0000	0.0000	0.0000	0.0000	0.0000	0.0000	0.0000	1.9002	0.0000	0.0000	0.9981	1.8441	0.0014	10.4794	0.0000	0.0000	0.0000	0.0000	0.0000	0.0000	0.0000	0.0000	0.0000	0.0000	0.0000	0.0000	0.0000	0.0000	0.0000	0.0000	0.0000	0.0000	0.0163	0.0140	0.0024	0.0032	0.0030	0.0001	0.0132	0.0109	0.0022	0.0191	0.0114	0.0077	0.0041	0.0038	0.0003	0.0151	0.0077	0.0074	0.0000	0.0000	0.0000	0.0000	0.0000	0.0000	0.0000	0.0000	0.0000	0.0000	0.0000	0.0000	0.0000	0.0000	0.0000	0.0000	0.0000	0.0000			
23	117	0.3590	7	0	1	0	2	0	0	0	0	N	N	N	Y	N	N	N	N	N	N	N	N	0.0024	0.0019	0.0000	0.0042	0.0038	0.0000	0.0000	0.0000	0.0000	0.0000	0.0000	0.0000	0.0000	0.0000	0.0000	0.0000	0.0000	0.0001	0.0001	0.0000	0.0001	0.0001	0.0000	0.0000	0.0000	0.0000	0.0000	0.0083	-0.0000	-0.0000	0.9981	10.5071	0.0014	20.2622	0.0000	0.0000	0.0000	0.0000	0.0000	0.0000	0.0000	0.0000	0.0000	0.0000	0.0000	0.0000	0.0000	0.0000	0.0000	0.0000	0.0000	0.0000	0.0848	0.0744	0.0105	0.0239	0.0226	0.0013	0.0609	0.0518	0.0092	0.0532	0.0363	0.0170	0.0265	0.0226	0.0039	0.0267	0.0137	0.0131	0.0024	0.0019	0.0000	0.0042	0.0038	0.0000	0.0000	0.0000	0.0000	0.0001	0.0001	0.0000	0.0001	0.0001	0.0000	0.0000	0.0000	0.0000	
23	118	0.1229	6	0	1	0	2	0	0	0	0	N	N	N	Y	N	N	N	N	N	N	N	N	0.0000	0.0000	0.0000	0.0000	0.0000	0.0000	0.0000	0.0000	0.0000	0.0000	0.0000	0.0000	0.0000	0.0000	0.0000	0.0000	0.0000	0.0000	0.0000	0.0000	0.9981	4.0036	0.0014	26.5072	0.0000	0.0000	0.0000	0.0000	0.0000	0.0000	0.0000	0.0000	0.0000	0.0000	0.0000	0.0000	0.0000	0.0000	0.0000	0.0000	0.0000	0.0000	0.0254	0.0216	0.0039	0.0022	0.0020	0.0002	0.0233	0.0196	0.0037	0.0367	0.0208	0.0160	0.0057	0.0050	0.0007	0.0310	0.0158	0.0153	0.0000	0.0000	0.0000	0.0000	0.0000	0.0000	0.0000	0.0000	0.0000	0.0000	0.0000	0.0000	0.0000	0.0000	0.0000	0.0000	0.0000	0.0000											
23	119	0.0844	5	0	1	0	1	0	0	0	0	N	N	N	N	N	N	N	N	N	N	N	N	24055368.4469	16391566.0095	3772342.0091	3655190.4141	inf	inf	25.7609	29.9458	0.0000	24.2105	26.1389	0.0000	26.2666	31.3173	0.0000	0.0000	0.0000	0.0000	0.0000	0.0000	0.0000	0.0000	0.0000	0.0000	0.0000	0.0000	-0.4386	-0.0000	0.9981	3.8169	0.0014	21.2433	0.9942	0.9942	0.0000	0.2298	0.2298	0.0000	0.7644	0.7644	0.0000	0.0000	0.0000	0.0000	0.0000	0.0000	0.0000	0.0000	0.0000	0.0000	0.0386	0.0332	0.0054	0.0095	0.0088	0.0007	0.0291	0.0244	0.0047	0.0361	0.0212	0.0150	0.0060	0.0054	0.0006	0.0301	0.0158	0.0143	24055368.4469	16391566.0095	0.0000	3772342.0091	3655190.4141	0.0000	inf	inf	0.0000	0.0000	0.0000	0.0000	0.0000	0.0000	0.0000	0.0000	0.0000	0.0000			
23	120	0.5070	11	0	1	0	1	0	0	0	0	N	N	N	N	N	N	N	N	N	N	N	N	0.0000	0.0000	0.0000	0.0001	0.0001	0.0000	0.0000	0.0000	0.0000	0.0000	0.0000	0.0000	0.0000	0.0000	0.0000	0.0000	0.0006	0.0009	0.0000	0.0012	0.0015	0.0000	0.0000	0.0000	0.0000	0.0000	0.0000	-0.0000	-0.0000	0.9981	16.3276	0.0014	34.9199	0.0000	0.0000	0.0000	0.0000	0.0000	0.0000	0.0000	0.0000	0.0000	0.0000	0.0000	0.0000	0.0000	0.0000	0.0000	0.0000	0.0000	0.0000	0.1210	0.1057	0.0154	0.0365	0.0343	0.0022	0.0845	0.0714	0.0131	0.0721	0.0494	0.0227	0.0377	0.0311	0.0065	0.0344	0.0183	0.0161	0.0000	0.0000	0.0000	0.0001	0.0001	0.0000	0.0000	0.0000	0.0000	0.0006	0.0009	0.0000	0.0012	0.0015	0.0000	0.0000	0.0000	0.0000		
23	121	0.4896	10	0	1	0	1	0	0	0	0	N	N	N	N	N	N	N	N	N	N	N	N	0.0000	0.0000	0.0000	0.0000	0.0000	0.0000	inf	0.0000	0.0000	0.0000	0.0000	0.0000	0.0000	0.0000	0.0000	0.0000	0.0000	0.0018	0.0014	0.0028	0.0017	0.0020	0.0000	0.0019	0.0000	0.0040	0.0000	0.8800	-0.0000	0.0000	0.9981	6.1757	0.0014	14.5601	0.0000	0.0000	0.0000	0.0000	0.0000	0.0000	0.0000	0.0000	0.0000	0.0001	0.0000	0.0000	0.0000	0.0000	0.0000	0.0000	0.0000	0.0000	0.0488	0.0424	0.0064	0.0139	0.0131	0.0008	0.0350	0.0293	0.0057	0.0482	0.0338	0.0144	0.0269	0.0226	0.0043	0.0213	0.0112	0.0101	0.0000	0.0000	0.0000	0.0000	0.0000	0.0000	0.0000	inf	0.0000	0.0018	0.0014	0.0028	0.0017	0.0020	0.0000	0.0019	0.0000	0.0040	
23	122	0.4366	9	0	0	0	1	0	0	0	0	N	N	N	N	N	N	N	N	N	N	N	N	0.0000	0.0000	0.0000	0.0000	0.0000	0.0000	0.0000	0.0000	0.0000	0.0000	0.0000	0.0000	0.0000	0.0000	0.0000	0.0000	0.0013	0.0005	0.0031	0.0008	0.0009	0.0000	0.0018	0.0000	0.0040	2.4187	0.0000	0.0000	0.9981	7.5400	0.0014	21.4192	0.0000	0.0000	0.0000	0.0000	0.0000	0.0000	0.0000	0.0000	0.0000	0.0001	0.0000	0.0000	0.0000	0.0000	0.0000	0.0000	0.0000	0.0000	0.0622	0.0542	0.0080	0.0198	0.0186	0.0012	0.0423	0.0356	0.0068	0.0527	0.0370	0.0157	0.0264	0.0227	0.0037	0.0263	0.0143	0.0121	0.0000	0.0000	0.0000	0.0000	0.0000	0.0000	0.0000	0.0000	0.0000	0.0013	0.0005	0.0031	0.0008	0.0009	0.0000	0.0018	0.0000	0.0040			
23	123	0.1968	8	0	1	0	1	0	0	0	0	N	N	N	N	N	N	N	N	N	N	N	N	0.0000	0.0000	0.0000	0.0000	0.0000	0.0000	0.0000	0.0000	0.0000	0.0000	0.0000	0.0000	0.0000	0.0000	0.0000	0.0000	0.0000	0.0000	0.0000	0.0000	0.0000	0.0000	0.0000	0.0000	-0.0000	0.9981	4.0019	0.0014	19.5615	0.0000	0.0000	0.0000	0.0000	0.0000	0.0000	0.0000	0.0000	0.0000	0.0000	0.0000	0.0000	0.0000	0.0000	0.0000	0.0000	0.0000	0.0000	0.0272	0.0231	0.0041	0.0028	0.0026	0.0002	0.0245	0.0206	0.0039	0.0317	0.0192	0.0125	0.0084	0.0071	0.0013	0.0233	0.0121	0.0112	0.0000	0.0000	0.0000	0.0000	0.0000	0.0000	0.0000	0.0000	0.0000	0.0000	0.0000	0.0000	0.0000	0.0000	0.0000	0.0000	0.0000	0.0000						
23	124	0.1747	7	0	0	0	1	0	0	0	0	N	N	N	N	N	N	N	N	N	N	N	N	0.0000	0.0000	0.0000	0.0000	0.0000	0.0000	0.0000	0.0000	0.0000	0.0000	0.0000	0.0000	0.0000	0.0000	0.0000	0.0000	0.0000	0.0000	0.0000	0.0000	0.0000	0.0000	0.0000	0.0000	0.0000	0.8000	0.0000	-0.0000	0.9981	1.2223	0.0014	8.2281	0.0000	0.0000	0.0000	0.0000	0.0000	0.0000	0.0000	0.0000	0.0000	0.0000	0.0000	0.0000	0.0000	0.0000	0.0000	0.0000	0.0000	0.0000	0.0121	0.0104	0.0017	0.0028	0.0027	0.0001	0.0093	0.0077	0.0016	0.0157	0.0095	0.0062	0.0036	0.0034	0.0002	0.0121	0.0062	0.0059	0.0000	0.0000	0.0000	0.0000	0.0000	0.0000	0.0000	0.0000	0.0000	0.0000	0.0000	0.0000	0.0000	0.0000	0.0000	0.0000	0.0000	0.0000			
23	125	0.1229	6	0	0	0	1	0	0	0	0	N	N	N	N	N	N	N	N	N	N	N	N	0.0000	0.0000	0.0000	0.0000	0.0000	0.0000	0.0000	0.0000	0.0000	0.0000	0.0000	0.0000	0.0000	0.0000	0.0000	0.0000	0.0000	0.0000	0.0000	0.0000	0.0000	0.0000	inf	0.0000	0.0000	0.9981	5.9920	0.0014	12.2976	0.0000	0.0000	0.0000	0.0000	0.0000	0.0000	0.0000	0.0000	0.0000	0.0000	0.0000	0.0000	0.0000	0.0000	0.0000	0.0000	0.0000	0.0000	0.0377	0.0320	0.0057	0.0032	0.0029	0.0002	0.0346	0.0291	0.0055	0.0242	0.0137	0.0104	0.0041	0.0037	0.0004	0.0201	0.0101	0.0100	0.0000	0.0000	0.0000	0.0000	0.0000	0.0000	0.0000	0.0000	0.0000	0.0000	0.0000	0.0000	0.0000	0.0000	0.0000	0.0000	0.0000	0.0000						
23	126	0.1600	8	0	1	0	1	0	0	0	0	N	N	N	N	N	N	N	N	N	N	N	N	0.0000	0.0000	0.0000	0.0000	0.0000	0.0000	0.0000	0.0000	0.0000	0.0000	0.0000	0.0000	0.0000	0.0000	0.0000	0.0000	0.0000	0.0000	0.0000	0.0000	0.0000	0.0000	0.0000	0.0000	-0.0000	0.9981	5.0407	0.0014	17.1705	0.0000	0.0000	0.0000	0.0000	0.0000	0.0000	0.0000	0.0000	0.0000	0.0000	0.0000	0.0000	0.0000	0.0000	0.0000	0.0000	0.0000	0.0000	0.0357	0.0302	0.0055	0.0050	0.0047	0.0003	0.0307	0.0256	0.0052	0.0324	0.0198	0.0126	0.0086	0.0078	0.0008	0.0239	0.0120	0.0118	0.0000	0.0000	0.0000	0.0000	0.0000	0.0000	0.0000	0.0000	0.0000	0.0000	0.0000	0.0000	0.0000	0.0000	0.0000	0.0000	0.0000	0.0000						
23	127	0.1440	7	0	1	0	1	0	0	0	0	N	N	N	N	N	N	N	N	N	N	N	N	0.0000	0.0000	0.0000	0.0000	0.0000	0.0000	0.0000	0.0000	0.0000	0.0000	0.0000	0.0000	0.0000	0.0000	0.0000	0.0000	0.0000	0.0000	0.0000	0.0000	0.0000	0.0000	0.0000	0.0000	0.0000	1.6251	0.0000	0.0000	0.9981	1.9703	0.0014	6.2034	0.0000	0.0000	0.0000	0.0000	0.0000	0.0000	0.0000	0.0000	0.0000	0.0000	0.0000	0.0000	0.0000	0.0000	0.0000	0.0000	0.0000	0.0000	0.0153	0.0129	0.0023	0.0027	0.0025	0.0001	0.0126	0.0104	0.0022	0.0179	0.0118	0.0061	0.0057	0.0055	0.0003	0.0122	0.0063	0.0059	0.0000	0.0000	0.0000	0.0000	0.0000	0.0000	0.0000	0.0000	0.0000	0.0000	0.0000	0.0000	0.0000	0.0000	0.0000	0.0000	0.0000	0.0000			
23	128	0.1229	6	0	0	0	1	0	0	0	0	N	N	N	N	N	N	N	N	N	N	N	N	0.0000	0.0000	0.0000	0.0000	0.0000	0.0000	0.0000	0.0000	0.0000	0.0000	0.0000	0.0000	0.0000	0.0000	0.0000	0.0000	0.0000	0.0000	0.0000	0.0000	0.0000	0.0000	inf	0.0000	0.0000	0.9981	1.1032	0.0014	7.8190	0.0000	0.0000	0.0000	0.0000	0.0000	0.0000	0.0000	0.0000	0.0000	0.0000	0.0000	0.0000	0.0000	0.0000	0.0000	0.0000	0.0000	0.0000	0.0072	0.0061	0.0011	0.0006	0.0006	0.0000	0.0065	0.0055	0.0010	0.0136	0.0079	0.0057	0.0028	0.0025	0.0002	0.0108	0.0054	0.0055	0.0000	0.0000	0.0000	0.0000	0.0000	0.0000	0.0000	0.0000	0.0000	0.0000	0.0000	0.0000	0.0000	0.0000	0.0000	0.0000	0.0000	0.0000						
23	129	0.4659	10	0	1	0	1	0	0	0	0	N	N	N	N	N	N	N	N	N	N	N	N	0.0000	0.0000	0.0000	0.0000	0.0000	0.0000	0.0000	0.0000	0.0000	0.0000	0.0000	0.0000	0.0000	0.0000	0.0000	0.0000	0.0000	0.0000	0.0000	0.0000	0.9981	1.0033	0.0014	0.8635	0.0000	0.0000	0.0000	0.0000	0.0000	0.0000	0.0000	0.0000	0.0000	0.0000	0.0000	0.0000	0.0000	0.0000	0.0000	0.0000	0.0000	0.0000	0.0215	0.0195	0.0020	0.0117	0.0112	0.0006	0.0098	0.0084	0.0014	0.0183	0.0141	0.0041	0.0099	0.0091	0.0007	0.0084	0.0050	0.0034	0.0000	0.0000	0.0000	0.0000	0.0000	0.0000	0.0000	0.0000	0.0000	0.0000	0.0000	0.0000	0.0000	0.0000	0.0000	0.0000	0.0000	0.0000											
23	130	0.4366	9	0	0	0	1	0	0	0	0	N	N	N	N	N	N	N	N	N	N	N	N	2819.3647	2427.5133	3645.8619	4692.1450	4145.7835	inf	0.0000	0.0000	0.0036	0.0039	0.0016	0.0103	0.0104	0.0096	0.0000	0.0000	0.0000	0.0000	0.0000	0.0000	0.0000	0.0000	0.0000	0.0000	0.0000	0.0000	0.0588	0.1043	-0.0001	-0.0000	0.9981	5.5514	0.0014	9.9598	0.0002	0.0002	0.0000	0.0002	0.0002	0.0000	0.0000	0.0000	0.0000	0.0000	0.0000	0.0000	0.0000	0.0000	0.0000	0.0000	0.0000	0.0000	0.0502	0.0438	0.0064	0.0174	0.0163	0.0010	0.0328	0.0275	0.0053	0.0417	0.0300	0.0116	0.0218	0.0191	0.0027	0.0199	0.0109	0.0090	2819.3647	2427.5133	3645.8619	4692.1450	4145.7835	inf	0.0000	0.0000	0.0000	0.0000	0.0000	0.0000	0.0000	0.0000	0.0000	0.0000	0.0000	0.0000	
23	131	0.4063	8	0	0	0	1	0	0	0	0	N	N	N	N	N	N	N	N	N	N	N	N	0.0011	0.0045	0.0000	0.0100	0.0092	0.0000	0.0000	0.0000	0.0000	0.0000	0.0000	0.0000	0.0000	0.0000	0.0000	0.0000	0.0006	0.0002	0.0017	0.0003	0.0003	0.0000	0.0010	0.0000	0.0022	0.0000	3.8861	-0.0000	0.0000	0.9981	9.1969	0.0014	13.4651	0.0000	0.0000	0.0000	0.0000	0.0000	0.0000	0.0000	0.0000	0.0000	0.0000	0.0000	0.0000	0.0000	0.0000	0.0000	0.0000	0.0000	0.0000	0.0732	0.0639	0.0093	0.0206	0.0194	0.0012	0.0526	0.0445	0.0081	0.0446	0.0313	0.0133	0.0224	0.0195	0.0029	0.0221	0.0118	0.0103	0.0011	0.0045	0.0000	0.0100	0.0092	0.0000	0.0000	0.0000	0.0000	0.0006	0.0002	0.0017	0.0003	0.0003	0.0000	0.0010	0.0000	0.0022		
23	132	0.0479	4	1	1	0	2	0	0	0	0	N	N	N	Y	N	N	N	N	N	N	N	N	0.0000	0.0000	0.0000	0.0000	0.0000	0.0000	0.0000	0.0000	0.0000	0.0000	0.0000	0.0000	0.0000	0.0000	0.0000	0.0000	0.0000	0.0000	0.0000	0.0000	0.9981	1.0000	0.0014	3.0001	0.0000	0.0000	0.0000	0.0000	0.0000	0.0000	0.0000	0.0000	0.0000	0.0000	0.0000	0.0000	0.0000	0.0000	0.0000	0.0000	0.0000	0.0000	0.0068	0.0057	0.0011	0.0001	0.0001	0.0000	0.0067	0.0056	0.0011	0.0055	0.0029	0.0026	0.0003	0.0002	0.0001	0.0052	0.0027	0.0025	0.0000	0.0000	0.0000	0.0000	0.0000	0.0000	0.0000	0.0000	0.0000	0.0000	0.0000	0.0000	0.0000	0.0000	0.0000	0.0000	0.0000	0.0000											
23	133	0.6187	14	1	1	0	2	0	0	0	0	N	N	N	Y	N	N	N	N	N	N	N	N	inf	inf	inf	inf	2.9814	3.3317	0.0000	4.1175	4.5060	0.0000	0.0000	0.0000	0.0000	0.0000	0.0000	0.0000	0.0000	0.0000	0.0000	0.0000	0.0000	0.0000	0.0000	-0.0000	0.0000	0.9981	0.0006	0.0014	1.9797	0.0000	0.0000	0.0000	0.0000	0.0000	0.0000	0.0000	0.0000	0.0000	0.0000	0.0000	0.0000	0.0000	0.0000	0.0000	0.0000	0.0000	0.0000	0.0000	0.0000	0.0000	0.0000	0.0000	0.0000	0.0000	0.0000	0.0000	0.0022	0.0015	0.0007	0.0012	0.0010	0.0002	0.0010	0.0005	0.0005	inf	inf	0.0000	inf	inf	0.0000	0.0000	0.0000	0.0000	0.0000	0.0000	0.0000	0.0000	0.0000	0.0000	0.0000	0.0000	0.0000						
23	134	0.6019	13	1	1	0	2	0	0	0	0	N	N	N	Y	N	N	N	N	N	N	N	N	15468522.4229	12055620.2188	28752137.9525	25793301.4538	76.0595	88.0173	0.0000	266.3018	290.1557	0.0000	0.0000	0.0000	0.0000	0.0000	0.0000	0.0000	0.0000	0.0000	0.0000	0.0000	0.0000	0.0000	0.0000	0.0000	-0.4402	-0.0000	0.9981	2.0077	0.0014	6.0321	0.9980	0.9980	0.0000	0.9980	0.9980	0.0000	0.0000	0.0000	0.0000	0.0000	0.0000	0.0000	0.0000	0.0000	0.0000	0.0000	0.0000	0.0000	0.0131	0.0113	0.0018	0.0037	0.0034	0.0003	0.0094	0.0079	0.0015	0.0079	0.0053	0.0026	0.0042	0.0034	0.0007	0.0037	0.0019	0.0018	15468522.4229	12055620.2188	0.0000	28752137.9525	25793301.4538	0.0000	0.0000	0.0000	0.0000	0.0000	0.0000	0.0000	0.0000	0.0000	0.0000	0.0000	0.0000	0.0000					
23	135	0.5972	13	0	1	0	2	0	0	0	0	N	N	N	Y	N	N	N	N	N	N	N	N	0.0000	0.0000	0.0000	0.0000	0.0000	0.0000	0.0000	0.0000	0.0000	0.0000	0.0000	0.0000	0.0000	0.0000	0.0000	0.0014	0.0000	0.0042	0.0000	0.0000	0.0000	0.0030	0.0000	0.0056	inf	0.0000	0.0000	0.9981	3.0348	0.0014	9.3583	0.0000	0.0000	0.0000	0.0000	0.0000	0.0000	0.0000	0.0000	0.0000	0.0000	0.0000	0.0000	0.0000	0.0000	0.0000	0.0000	0.0000	0.0000	0.0202	0.0173	0.0028	0.0055	0.0050	0.0004	0.0147	0.0123	0.0024	0.0141	0.0093	0.0048	0.0072	0.0060	0.0012	0.0069	0.0032	0.0036	0.0000	0.0000	0.0000	0.0000	0.0000	0.0000	0.0000	0.0000	0.0000	0.0014	0.0000	0.0042	0.0000	0.0000	0.0000	0.0030	0.0000	0.0056				
23	136	0.5829	12	0	0	0	2	0	0	0	0	N	N	N	Y	N	N	N	N	N	N	N	N	0.0000	0.0000	0.0000	0.0000	0.0000	0.0000	0.0000	0.0000	0.0000	0.0000	0.0000	0.0000	0.0000	0.0000	0.0000	0.0000	0.0592	0.0000	0.1795	0.0000	0.0000	0.0000	0.1225	0.0000	0.2483	8661.0716	0.0000	0.0002	0.9981	0.0433	0.0014	6.6805	0.0000	0.0000	0.0000	0.0000	0.0000	0.0000	0.0000	0.0000	0.0000	0.0004	0.0000	0.0004	0.0000	0.0000	0.0000	0.0004	0.0000	0.0004	0.0003	0.0003	0.0001	0.0001	0.0001	0.0000	0.0002	0.0002	0.0000	0.0069	0.0046	0.0023	0.0036	0.0029	0.0006	0.0033	0.0017	0.0016	0.0000	0.0000	0.0000	0.0000	0.0000	0.0000	0.0000	0.0000	0.0000	0.0592	0.0000	0.1795	0.0000	0.0000	0.0000	0.1225	0.0000	0.2483			
23	137	0.0065	2	0	1	0	2	0	0	0	0	N	N	N	Y	N	N	N	N	N	N	N	N	0.0000	0.0000	0.0000	0.0000	0.0000	0.0000	0.0000	0.0000	0.0000	0.0000	0.0000	0.0000	0.0000	0.0000	0.0000	0.0000	0.0000	0.0000	0.0000	0.0000	0.9981	0.0000	0.0014	0.0000	0.0000	0.0000	0.0000	0.0000	0.0000	0.0000	0.0000	0.0000	0.0000	0.0000	0.0000	0.0000	0.0000	0.0000	0.0000	0.0000	0.0000	0.0000	0.0000	0.0000	0.0000	0.0000	0.0000	0.0000	0.0000	0.0000	0.0000	0.0000	0.0000	0.0000	0.0000	0.0000	0.0000	0.0000	0.0000	0.0000	0.0000	0.0000	0.0000	0.0000	0.0000	0.0000	0.0000	0.0000	0.0000	0.0000	0.0000	0.0000	0.0000	0.0000	0.0000	0.0000	0.0000	0.0000											
23	140	0.0479	4	0	1	0	1	0	0	0	0	N	N	N	N	N	N	N	N	N	N	N	N	0.0000	0.0000	0.0000	0.0000	0.0000	0.0000	0.0000	0.0000	0.0000	0.0000	0.0000	0.0000	0.0000	0.0000	0.0000	0.0000	0.0000	0.0000	0.0000	0.0000	0.9981	0.0000	0.0014	4.0001	0.0000	0.0000	0.0000	0.0000	0.0000	0.0000	0.0000	0.0000	0.0000	0.0000	0.0000	0.0000	0.0000	0.0000	0.0000	0.0000	0.0000	0.0000	0.0000	0.0000	0.0000	0.0000	0.0000	0.0000	0.0000	0.0000	0.0000	0.0055	0.0029	0.0026	0.0003	0.0002	0.0001	0.0052	0.0027	0.0025	0.0000	0.0000	0.0000	0.0000	0.0000	0.0000	0.0000	0.0000	0.0000	0.0000	0.0000	0.0000	0.0000	0.0000	0.0000	0.0000	0.0000	0.0000											
23	141	0.5974	12	0	1	0	1	0	0	0	0	N	N	N	N	N	N	N	N	N	N	N	N	0.0000	0.0000	0.0000	0.0000	0.0000	0.0000	0.0000	0.0000	0.0000	0.0000	0.0000	0.0000	0.0000	0.0000	0.0000	0.0000	0.0000	0.0000	0.0000	0.0000	0.0000	0.0000	0.0000	0.0000	-0.0000	0.9981	1.0003	0.0014	5.0186	0.0000	0.0000	0.0000	0.0000	0.0000	0.0000	0.0000	0.0000	0.0000	0.0000	0.0000	0.0000	0.0000	0.0000	0.0000	0.0000	0.0000	0.0000	0.0065	0.0057	0.0009	0.0019	0.0017	0.0002	0.0047	0.0039	0.0007	0.0060	0.0040	0.0020	0.0032	0.0026	0.0006	0.0028	0.0014	0.0014	0.0000	0.0000	0.0000	0.0000	0.0000	0.0000	0.0000	0.0000	0.0000	0.0000	0.0000	0.0000	0.0000	0.0000	0.0000	0.0000	0.0000	0.0000						
23	142	0.0116	2	0	0	1	2	0	0	0	0	N	N	N	Y	N	N	N	N	N	N	N	N	0.0000	0.0000	0.0000	0.0000	0.0000	0.0000	0.0000	0.0000	0.0000	0.0000	0.0000	0.0000	0.0000	0.0000	0.0000	0.0008	0.0016	0.0000	0.1118	0.1125	0.0000	0.0000	0.0000	0.0000	0.0000	0.0000	-0.0000	0.9981	0.0001	0.0014	9.0026	0.0000	0.0000	0.0000	0.0000	0.0000	0.0000	0.0000	0.0000	0.0000	0.0000	0.0000	0.0000	0.0000	0.0000	0.0000	0.0000	0.0000	0.0000	0.0000	0.0000	0.0000	0.0000	0.0000	0.0000	0.0000	0.0000	0.0000	0.0124	0.0064	0.0060	0.0001	0.0001	0.0000	0.0123	0.0063	0.0060	0.0000	0.0000	0.0000	0.0000	0.0000	0.0000	0.0000	0.0000	0.0000	0.0008	0.0016	0.0000	0.1118	0.1125	0.0000	0.0000	0.0000	0.0000				
23	143	0.5829	12	0	0	1	2	0	0	0	0	N	N	N	Y	N	N	N	N	N	N	N	N	0.0000	0.0000	0.0000	0.0000	0.0000	0.0000	0.0000	0.0000	0.0000	0.0000	0.0000	0.0000	0.0000	0.0000	0.0000	0.0000	0.0000	0.0000	0.0000	0.0000	0.0000	0.0000	0.0000	0.0000	-0.0000	0.9981	2.0061	0.0014	8.0425	0.0000	0.0000	0.0000	0.0000	0.0000	0.0000	0.0000	0.0000	0.0000	0.0000	0.0000	0.0000	0.0000	0.0000	0.0000	0.0000	0.0000	0.0000	0.0130	0.0112	0.0018	0.0035	0.0032	0.0003	0.0096	0.0080	0.0015	0.0101	0.0068	0.0034	0.0052	0.0043	0.0009	0.0049	0.0025	0.0024	0.0000	0.0000	0.0000	0.0000	0.0000	0.0000	0.0000	0.0000	0.0000	0.0000	0.0000	0.0000	0.0000	0.0000	0.0000	0.0000	0.0000	0.0000						
23	144	0.5738	11	0	0	0	2	0	0	0	0	N	N	N	Y	N	N	N	N	N	N	N	N	0.0000	0.0000	0.0000	0.0000	0.0000	0.0000	0.0000	0.0000	0.0000	0.0000	0.0000	0.0000	0.0000	0.0000	0.0000	0.0000	0.0000	0.0000	0.0001	0.0000	0.0000	0.0000	0.0001	0.0000	0.0001	19.8072	0.0000	0.0000	0.9981	1.9550	0.0014	2.1189	0.0000	0.0000	0.0000	0.0000	0.0000	0.0000	0.0000	0.0000	0.0000	0.0000	0.0000	0.0000	0.0000	0.0000	0.0000	0.0000	0.0000	0.0000	0.0139	0.0120	0.0019	0.0041	0.0038	0.0003	0.0097	0.0082	0.0016	0.0064	0.0046	0.0019	0.0033	0.0029	0.0004	0.0032	0.0017	0.0015	0.0000	0.0000	0.0000	0.0000	0.0000	0.0000	0.0000	0.0000	0.0000	0.0000	0.0000	0.0001	0.0000	0.0000	0.0000	0.0001	0.0000	0.0001			
23	145	0.5738	11	0	0	1	2	0	0	0	0	N	N	N	Y	N	N	N	N	N	N	N	N	0.0000	0.0000	0.0000	0.0000	0.0000	0.0000	0.0000	0.0000	0.0000	0.0000	0.0000	0.0000	0.0000	0.0000	0.0000	0.0000	0.0000	0.0000	0.0000	0.0000	0.0000	0.0000	0.0000	0.0000	0.0000	0.3023	0.0000	-0.0000	0.9981	2.1261	0.0014	18.6477	0.0000	0.0000	0.0000	0.0000	0.0000	0.0000	0.0000	0.0000	0.0000	0.0000	0.0000	0.0000	0.0000	0.0000	0.0000	0.0000	0.0000	0.0000	0.0150	0.0129	0.0020	0.0044	0.0041	0.0003	0.0105	0.0088	0.0017	0.0219	0.0148	0.0071	0.0111	0.0093	0.0018	0.0108	0.0056	0.0053	0.0000	0.0000	0.0000	0.0000	0.0000	0.0000	0.0000	0.0000	0.0000	0.0000	0.0000	0.0000	0.0000	0.0000	0.0000	0.0000	0.0000	0.0000			
23	146	0.0116	2	0	0	1	2	0	0	0	0	N	N	N	Y	N	N	N	N	N	N	N	N	0.0000	0.0000	0.0000	0.0000	0.0000	0.0000	0.0000	0.0000	0.0000	0.0000	0.0000	0.0000	0.0000	0.0009	0.0018	0.0000	0.1205	0.1213	0.0000	0.0000	0.0000	0.0000	0.0000	0.0000	-0.0000	0.9981	2.0001	0.0014	5.9880	0.0000	0.0000	0.0000	0.0000	0.0000	0.0000	0.0000	0.0000	0.0000	0.0000	0.0000	0.0000	0.0000	0.0000	0.0000	0.0000	0.0000	0.0000	0.0136	0.0114	0.0022	0.0003	0.0002	0.0000	0.0133	0.0112	0.0021	0.0110	0.0057	0.0053	0.0001	0.0001	0.0000	0.0109	0.0056	0.0053	0.0000	0.0000	0.0000	0.0000	0.0000	0.0000	0.0000	0.0000	0.0000	0.0009	0.0018	0.0000	0.1205	0.1213	0.0000	0.0000	0.0000	0.0000						
23	147	0.0116	2	0	0	1	2	0	0	0	0	N	N	N	Y	N	N	N	N	N	N	N	N	0.0000	0.0000	0.0000	0.0000	0.0000	0.0000	0.0000	0.0000	0.0000	0.0000	0.0000	0.0000	0.0000	0.0000	0.0000	0.0000	0.0000	0.0000	0.0000	0.0000	0.0014	0.0014	0.0033	0.0000	0.0000	0.0000	0.4392	0.0000	-0.0000	0.9981	9.0001	0.0014	23.0169	0.0000	0.0000	0.0000	0.0000	0.0000	0.0000	0.0000	0.0000	0.0000	0.0000	0.0000	0.0000	0.0000	0.0000	0.0000	0.0000	0.0000	0.0000	0.0592	0.0499	0.0093	0.0011	0.0010	0.0001	0.0581	0.0489	0.0092	0.0399	0.0207	0.0191	0.0002	0.0002	0.0000	0.0396	0.0205	0.0191	0.0000	0.0000	0.0000	0.0000	0.0000	0.0000	0.0000	0.0000	0.0000	0.0000	0.0000	0.0000	0.0014	0.0014	0.0033	0.0000	0.0000	0.0000		
23	149	0.0688	4	1	1	0	1	0	0	0	0	N	N	N	N	N	N	N	N	N	N	N	N	0.0000	0.0000	0.0000	0.0000	0.0000	0.0000	0.0000	0.0000	0.0000	0.0000	0.0000	0.0000	0.0000	0.0000	0.0000	0.0000	0.0000	0.0000	0.0000	0.0000	0.0000	0.0000	0.0000	0.0000	-0.0000	0.9981	5.3497	0.0014	17.2225	0.0000	0.0000	0.0000	0.0000	0.0000	0.0000	0.0000	0.0000	0.0000	0.0000	0.0000	0.0000	0.0000	0.0000	0.0000	0.0000	0.0000	0.0000	0.0417	0.0354	0.0063	0.0048	0.0046	0.0002	0.0369	0.0308	0.0061	0.0309	0.0171	0.0138	0.0035	0.0031	0.0004	0.0273	0.0140	0.0134	0.0000	0.0000	0.0000	0.0000	0.0000	0.0000	0.0000	0.0000	0.0000	0.0000	0.0000	0.0000	0.0000	0.0000	0.0000	0.0000	0.0000	0.0000						
23	150	0.0997	5	0	1	0	1	0	0	0	0	N	N	N	N	N	N	N	N	N	N	N	N	91.4186	0.0000	inf	0.0144	0.0000	inf	inf	inf	0.0023	0.0000	0.0175	0.0000	0.0000	0.0000	0.0031	0.0000	0.0189	0.0000	0.0000	0.0000	0.0001	0.0001	0.0000	0.0000	0.0000	0.0000	inf	0.0000	0.0001	-0.0000	0.9981	3.6794	0.0014	17.4287	0.0001	0.0000	0.0001	0.0000	0.0000	0.0000	0.0001	0.0000	0.0001	0.0000	0.0000	0.0000	0.0000	0.0000	0.0000	0.0000	0.0000	0.0000	0.0383	0.0332	0.0051	0.0094	0.0090	0.0004	0.0289	0.0241	0.0048	0.0334	0.0200	0.0134	0.0076	0.0069	0.0007	0.0258	0.0131	0.0127	91.4186	0.0000	inf	0.0144	0.0000	inf	inf	0.0000	inf	0.0000	0.0000	0.0000	0.0001	0.0001	0.0000	0.0000	0.0000	0.0000	
23	151	0.0688	4	0	1	0	1	0	0	0	0	N	N	N	N	N	N	N	N	N	N	N	N	0.2368	0.8153	0.6631	0.0000	0.0000	0.2415	inf	0.6584	0.0000	0.0000	0.0001	0.0000	0.0000	0.0000	0.0000	0.0000	0.0001	0.0000	0.0000	0.0001	0.0000	0.0000	0.0000	0.0000	0.0000	0.0001	18.2941	99.7364	0.0000	0.0000	0.9981	3.4464	0.0014	10.1316	0.0000	0.0000	0.0000	0.0000	0.0000	0.0000	0.0000	0.0000	0.0000	0.0000	0.0000	0.0000	0.0000	0.0000	0.0000	0.0000	0.0000	0.0000	0.0293	0.0249	0.0044	0.0042	0.0041	0.0001	0.0251	0.0208	0.0043	0.0203	0.0114	0.0089	0.0027	0.0025	0.0003	0.0176	0.0089	0.0087	0.2368	0.8153	0.6631	0.0000	0.0000	0.0000	0.2415	inf	0.6584	0.0000	0.0000	0.0001	0.0000	0.0000	0.0000	0.0000	0.0000	0.0001	
23	152	0.6042	14	1	1	0	1	0	0	0	0	N	N	N	N	N	N	N	N	N	N	N	N	0.0000	0.0000	0.0000	0.0000	0.0000	0.0000	0.0000	0.0000	0.0000	0.0000	0.0000	0.0000	0.0000	0.0343	0.0000	0.1049	0.0000	0.0000	0.0000	0.0727	0.0000	0.1467	inf	0.0000	0.0002	0.9981	1.0143	0.0014	12.0086	0.0000	0.0000	0.0000	0.0000	0.0000	0.0000	0.0000	0.0000	0.0000	0.0004	0.0000	0.0004	0.0000	0.0000	0.0000	0.0004	0.0000	0.0004	0.0068	0.0058	0.0009	0.0020	0.0018	0.0002	0.0048	0.0040	0.0008	0.0125	0.0084	0.0041	0.0066	0.0054	0.0012	0.0059	0.0030	0.0029	0.0000	0.0000	0.0000	0.0000	0.0000	0.0000	0.0000	0.0000	0.0000	0.0343	0.0000	0.1049	0.0000	0.0000	0.0000	0.0727	0.0000	0.1467						
23	153	0.6019	13	1	1	0	1	0	0	0	0	N	N	N	N	N	N	N	N	N	N	N	N	5.4325	63.6976	0.0000	151.6017	136.3837	0.0000	0.0000	0.0031	0.0036	0.0000	0.0107	0.0117	0.0000	0.0000	0.0000	0.0000	0.0006	0.0001	0.0016	0.0001	0.0001	0.0000	0.0011	0.0000	0.0023	0.0000	14.0164	-0.0000	0.0000	0.9981	0.9811	0.0014	0.0216	0.0000	0.0000	0.0000	0.0000	0.0000	0.0000	0.0000	0.0000	0.0000	0.0000	0.0000	0.0000	0.0000	0.0000	0.0000	0.0000	0.0000	0.0000	0.0065	0.0056	0.0009	0.0019	0.0017	0.0002	0.0046	0.0039	0.0007	0.0010	0.0007	0.0003	0.0005	0.0005	0.0001	0.0005	0.0002	0.0002	5.4325	63.6976	0.0000	151.6017	136.3837	0.0000	0.0000	0.0000	0.0000	0.0006	0.0001	0.0016	0.0001	0.0001	0.0000	0.0011	0.0000	0.0023		
23	154	0.5974	12	1	1	0	1	0	0	0	0	N	N	N	N	N	N	N	N	N	N	N	N	13928.9835	59848.9807	0.0000	118934.0317	107913.8050	0.0000	0.0000	0.3152	0.3644	0.0000	0.9199	1.0058	0.0000	0.0000	0.0000	0.0000	0.0000	0.0000	0.0001	0.0000	0.0000	0.0000	0.0000	0.0000	0.0001	0.0000	4.5003	-0.0000	0.0000	0.9981	0.0083	0.0014	2.0001	0.0000	0.0000	0.0000	0.0000	0.0000	0.0000	0.0000	0.0000	0.0000	0.0000	0.0000	0.0000	0.0000	0.0000	0.0000	0.0000	0.0000	0.0000	0.0001	0.0001	0.0000	0.0000	0.0000	0.0000	0.0000	0.0000	0.0000	0.0021	0.0014	0.0007	0.0011	0.0009	0.0002	0.0010	0.0005	0.0005	13928.9835	59848.9807	0.0000	118934.0317	107913.8050	0.0000	0.0000	0.0000	0.0000	0.0000	0.0000	0.0001	0.0000	0.0000	0.0000	0.0000	0.0000	0.0001		
23	155	0.5738	11	0	1	0	1	0	0	0	0	N	N	N	N	N	N	N	N	N	N	N	N	0.0000	0.0000	0.0000	0.0000	0.0000	0.0000	0.0000	0.0000	0.0000	0.0000	0.0000	0.0000	0.0000	0.0000	0.0000	0.0000	0.0000	0.0000	0.0000	0.0000	0.0000	0.0000	0.0000	0.0000	0.0000	1.0001	0.0000	0.0000	0.9981	2.9180	0.0014	7.4065	0.0000	0.0000	0.0000	0.0000	0.0000	0.0000	0.0000	0.0000	0.0000	0.0000	0.0000	0.0000	0.0000	0.0000	0.0000	0.0000	0.0000	0.0000	0.0200	0.0173	0.0027	0.0058	0.0054	0.0004	0.0142	0.0119	0.0023	0.0125	0.0086	0.0039	0.0063	0.0054	0.0009	0.0061	0.0032	0.0029	0.0000	0.0000	0.0000	0.0000	0.0000	0.0000	0.0000	0.0000	0.0000	0.0000	0.0000	0.0000	0.0000	0.0000	0.0000	0.0000	0.0000	0.0000			
23	156	0.5079	10	0	0	0	1	0	0	0	0	N	N	N	N	N	N	N	N	N	N	N	N	176.1808	114.1013	884.1120	180.5467	184.9077	0.9942	793.7143	2495.4214	0.0026	0.0021	0.0070	0.0050	0.0053	0.0000	0.0013	0.0000	0.0084	0.0000	0.0000	0.0000	0.0000	0.0000	0.0000	0.0000	0.0000	0.0000	0.4469	0.1931	-0.0000	-0.0000	0.9981	8.2479	0.0014	19.7214	0.0002	0.0001	0.0001	0.0001	0.0001	0.0000	0.0001	0.0000	0.0001	0.0000	0.0000	0.0000	0.0000	0.0000	0.0000	0.0000	0.0000	0.0000	0.0822	0.0726	0.0096	0.0301	0.0285	0.0016	0.0520	0.0441	0.0079	0.0374	0.0260	0.0115	0.0193	0.0165	0.0028	0.0181	0.0094	0.0087	176.1808	114.1013	884.1120	180.5467	184.9077	0.9942	793.7143	0.0000	2495.4214	0.0000	0.0000	0.0000	0.0000	0.0000	0.0000	0.0000	0.0000	0.0000	
23	157	0.4718	9	0	0	0	1	0	0	0	0	N	N	N	N	N	N	N	N	N	N	N	N	60.5964	55.2961	82.6603	128.6800	109.7676	4248.6806	15.1464	inf	45.5360	0.0031	0.0030	0.0035	0.0092	0.0093	0.0081	0.0004	0.0000	0.0027	0.0001	0.0001	0.0000	0.0001	0.0001	0.0000	0.0000	0.0000	0.0001	0.1733	0.3399	-0.0001	-0.0000	0.9981	7.4725	0.0014	14.3153	0.0002	0.0002	0.0000	0.0002	0.0002	0.0000	0.0000	0.0000	0.0000	0.0000	0.0000	0.0000	0.0000	0.0000	0.0000	0.0000	0.0000	0.0000	0.0593	0.0516	0.0077	0.0181	0.0168	0.0012	0.0412	0.0348	0.0065	0.0370	0.0257	0.0113	0.0198	0.0166	0.0031	0.0172	0.0091	0.0081	60.5964	55.2961	82.6603	128.6800	109.7676	4248.6806	15.1464	inf	45.5360	0.0001	0.0001	0.0000	0.0001	0.0001	0.0000	0.0000	0.0000	0.0001
23	158	0.4063	8	0	0	0	1	0	0	0	0	N	N	N	N	N	N	N	N	N	N	N	N	1.8094	0.0064	24.4222	0.0077	0.0064	3.5146	7.1362	inf	21.7507	0.0003	0.0000	0.0020	0.0000	0.0000	0.0000	0.0004	0.0000	0.0023	0.0001	0.0002	0.0001	0.0002	0.0003	0.0000	0.0001	0.0000	0.0001	271.3250	0.2131	0.0000	-0.0000	0.9981	11.6653	0.0014	19.4910	0.0000	0.0000	0.0000	0.0000	0.0000	0.0000	0.0000	0.0000	0.0000	0.0000	0.0000	0.0000	0.0000	0.0000	0.0000	0.0000	0.0000	0.0000	0.0876	0.0763	0.0113	0.0234	0.0219	0.0015	0.0642	0.0543	0.0098	0.0516	0.0357	0.0158	0.0254	0.0218	0.0036	0.0262	0.0139	0.0123	1.8094	0.0064	24.4222	0.0077	0.0064	3.5146	7.1362	inf	21.7507	0.0001	0.0002	0.0001	0.0002	0.0003	0.0000	0.0001	0.0000	0.0001
23	159	0.3590	7	0	0	0	1	0	0	0	0	N	N	N	N	N	N	N	N	N	N	N	N	0.0054	0.0053	0.0123	0.0046	0.0042	0.0000	0.0048	inf	0.0109	0.0000	0.0000	0.0000	0.0000	0.0000	0.0000	0.0000	0.0000	0.0000	0.0002	0.0001	0.0004	0.0001	0.0001	0.0000	0.0002	0.0000	0.0005	1.3229	1.9536	0.0000	0.0000	0.9981	7.3933	0.0014	20.5306	0.0000	0.0000	0.0000	0.0000	0.0000	0.0000	0.0000	0.0000	0.0000	0.0000	0.0000	0.0000	0.0000	0.0000	0.0000	0.0000	0.0000	0.0000	0.0668	0.0589	0.0079	0.0207	0.0196	0.0010	0.0461	0.0393	0.0069	0.0510	0.0349	0.0161	0.0257	0.0220	0.0037	0.0253	0.0129	0.0124	0.0054	0.0053	0.0123	0.0046	0.0042	0.0000	0.0048	inf	0.0109	0.0002	0.0001	0.0004	0.0001	0.0001	0.0000	0.0002	0.0000	0.0005
23	160	0.1229	6	0	0	0	1	0	0	0	0	N	N	N	N	N	N	N	N	N	N	N	N	0.0019	0.1776	0.0013	0.0000	0.0000	0.0018	inf	0.0013	0.0000	0.0000	0.0000	0.0000	0.0000	0.0000	0.0000	0.0000	0.0000	0.0000	0.0000	0.0001	0.0000	0.0000	0.0000	0.0000	0.0000	0.0001	0.3000	184.3293	-0.0000	0.0000	0.9981	27.6416	0.0014	54.6365	0.0000	0.0000	0.0000	0.0000	0.0000	0.0000	0.0000	0.0000	0.0000	0.0000	0.0000	0.0000	0.0000	0.0000	0.0000	0.0000	0.0000	0.0000	0.1580	0.1348	0.0232	0.0130	0.0120	0.0010	0.1450	0.1228	0.0222	0.0785	0.0444	0.0340	0.0108	0.0093	0.0015	0.0677	0.0351	0.0325	0.0019	0.1776	0.0013	0.0000	0.0000	0.0000	0.0018	inf	0.0013	0.0000	0.0000	0.0001	0.0000	0.0000	0.0000	0.0000	0.0000	0.0001	
23	161	0.0555	6	1	1	0	1	0	0	0	0	N	N	N	N	N	N	N	N	N	N	N	N	0.0000	0.0000	0.0000	0.0000	0.0000	0.0000	0.0000	0.0000	0.0000	0.0000	0.0000	0.0000	0.0000	0.0000	0.0000	0.0000	0.0000	0.0000	0.0000	0.0000	0.9981	0.0002	0.0014	3.0099	0.0000	0.0000	0.0000	0.0000	0.0000	0.0000	0.0000	0.0000	0.0000	0.0000	0.0000	0.0000	0.0000	0.0000	0.0000	0.0000	0.0000	0.0000	0.0000	0.0000	0.0000	0.0000	0.0000	0.0000	0.0000	0.0000	0.0000	0.0043	0.0023	0.0020	0.0003	0.0002	0.0000	0.0040	0.0021	0.0019	0.0000	0.0000	0.0000	0.0000	0.0000	0.0000	0.0000	0.0000	0.0000	0.0000	0.0000	0.0000	0.0000	0.0000	0.0000	0.0000	0.0000	0.0000											
23	162	0.0479	5	1	1	0	1	0	0	0	0	N	N	N	N	N	N	N	N	N	N	N	N	0.0000	0.0000	0.0000	0.0000	0.0000	0.0000	0.0000	0.0000	0.0000	0.0000	0.0000	0.0000	0.0000	0.0000	0.0000	0.0000	0.0000	0.0000	0.0000	0.0000	0.9981	0.9998	0.0014	2.0118	0.0000	0.0000	0.0000	0.0000	0.0000	0.0000	0.0000	0.0000	0.0000	0.0000	0.0000	0.0000	0.0000	0.0000	0.0000	0.0000	0.0000	0.0000	0.0068	0.0057	0.0011	0.0001	0.0001	0.0000	0.0067	0.0056	0.0011	0.0042	0.0022	0.0020	0.0002	0.0002	0.0000	0.0039	0.0020	0.0019	0.0000	0.0000	0.0000	0.0000	0.0000	0.0000	0.0000	0.0000	0.0000	0.0000	0.0000	0.0000	0.0000	0.0000	0.0000	0.0000	0.0000	0.0000											
23	163	0.0479	4	1	1	0	1	0	0	0	0	N	N	N	N	N	N	N	N	N	N	N	N	0.0000	0.0000	0.0000	0.0000	0.0000	0.0000	0.0000	0.0000	0.0000	0.0000	0.0000	0.0000	0.0000	0.0000	0.0000	0.0000	0.0000	0.0000	0.0000	0.0000	0.9981	0.0000	0.0014	0.0003	0.0000	0.0000	0.0000	0.0000	0.0000	0.0000	0.0000	0.0000	0.0000	0.0000	0.0000	0.0000	0.0000	0.0000	0.0000	0.0000	0.0000	0.0000	0.0000	0.0000	0.0000	0.0000	0.0000	0.0000	0.0000	0.0000	0.0000	0.0000	0.0000	0.0000	0.0000	0.0000	0.0000	0.0000	0.0000	0.0000	0.0000	0.0000	0.0000	0.0000	0.0000	0.0000	0.0000	0.0000	0.0000	0.0000	0.0000	0.0000	0.0000	0.0000	0.0000	0.0000	0.0000	0.0000											
23	164	0.0369	3	0	1	0	1	0	0	0	0	N	N	N	N	N	N	N	N	N	N	N	N	0.0000	0.0000	0.0000	0.0000	0.0000	0.0000	0.0000	0.0000	0.0000	0.0000	0.0000	0.0000	0.0000	0.0000	0.0000	0.0000	0.0000	0.0000	0.0000	0.0000	0.0000	0.0000	0.0000	0.0000	-0.0000	0.9981	0.0063	0.0014	4.3641	0.0000	0.0000	0.0000	0.0000	0.0000	0.0000	0.0000	0.0000	0.0000	0.0000	0.0000	0.0000	0.0000	0.0000	0.0000	0.0000	0.0000	0.0000	0.0001	0.0001	0.0000	0.0000	0.0000	0.0000	0.0001	0.0001	0.0000	0.0074	0.0041	0.0033	0.0011	0.0009	0.0002	0.0063	0.0032	0.0031	0.0000	0.0000	0.0000	0.0000	0.0000	0.0000	0.0000	0.0000	0.0000	0.0000	0.0000	0.0000	0.0000	0.0000	0.0000	0.0000	0.0000	0.0000						
24	25	0.5497	7	0	2	0	1	0	0	0	0	N	Y	N	N	N	N	N	N	N	N	N	N	0.0001	0.0001	0.0000	0.0001	0.0001	0.0000	0.0000	0.0000	0.0001	0.0001	0.0001	0.0000	0.0003	0.0003	0.0001	0.0000	0.0000	0.0000	2.0077	2.2588	1.4102	3.4134	3.3361	3.7503	0.0610	0.0634	0.0580	0.0134	0.2624	-0.0000	-0.3182	0.6341	10.0221	12.6218	10.6811	0.0000	0.0000	0.0000	0.0000	0.0000	0.0000	0.0000	0.0000	0.0000	1.2701	1.0061	0.2640	1.2539	0.9968	0.2571	0.0162	0.0093	0.0069	0.0619	0.0554	0.0066	0.0217	0.0208	0.0010	0.0402	0.0346	0.0056	0.6326	0.4454	0.1872	0.3674	0.2988	0.0686	0.2653	0.1466	0.1186	0.0001	0.0001	0.0000	0.0001	0.0001	0.0000	0.0000	0.0000	0.0001	2.0077	2.2588	1.4102	3.4134	3.3361	3.7503	0.0610	0.0634	0.0580
24	26	0.2136	7	0	2	0	1	0	0	0	0	N	Y	N	N	N	N	N	N	N	N	N	N	0.0000	0.0000	0.0000	0.0001	0.0001	0.0000	0.0000	0.0000	0.0000	0.0000	0.0000	0.0000	0.0000	0.0000	0.0000	0.0000	0.0000	0.0000	0.0469	0.0692	0.0014	0.0136	0.0154	0.0046	0.0734	0.1354	0.0004	0.0323	0.0096	-0.0000	-0.0050	0.6341	3.9997	12.6218	5.4032	0.0000	0.0000	0.0000	0.0000	0.0000	0.0000	0.0000	0.0000	0.0000	0.0112	0.0110	0.0001	0.0014	0.0014	0.0001	0.0097	0.0097	0.0000	0.0208	0.0182	0.0026	0.0039	0.0038	0.0002	0.0169	0.0144	0.0025	0.2378	0.1595	0.0783	0.1055	0.0880	0.0175	0.1324	0.0716	0.0608	0.0000	0.0000	0.0000	0.0001	0.0001	0.0000	0.0000	0.0000	0.0000	0.0469	0.0692	0.0014	0.0136	0.0154	0.0046	0.0734	0.1354	0.0004
24	27	0.5800	10	0	2	0	2	0	0	0	0	N	Y	N	Y	N	N	N	N	N	N	N	N	0.0000	0.0000	0.0000	0.0000	0.0000	0.0000	0.0000	0.0000	0.0000	0.0000	0.0000	0.0000	0.0000	0.0000	0.0000	0.0000	0.0000	0.0000	3.2565	4.3907	0.5530	8.7541	9.8568	0.0094	0.3361	0.0001	0.7272	0.0528	0.0000	-0.4221	0.6341	4.9655	12.6218	10.6561	0.0000	0.0000	0.0000	0.0000	0.0000	0.0000	0.0000	0.0000	0.0000	1.0342	0.9823	0.0519	0.9825	0.9823	0.0002	0.0517	0.0000	0.0517	0.0246	0.0215	0.0030	0.0072	0.0068	0.0004	0.0173	0.0147	0.0026	0.3176	0.2237	0.0939	0.1638	0.1410	0.0228	0.1538	0.0827	0.0711	0.0000	0.0000	0.0000	0.0000	0.0000	0.0000	0.0000	0.0000	0.0000	3.2565	4.3907	0.5530	5.9996	6.9671	0.0094	0.3361	0.0001	0.7272	
24	28	0.2322	9	0	2	0	2	0	0	0	0	N	Y	N	Y	N	N	N	N	N	N	N	N	0.0000	0.0000	0.0000	0.0000	0.0000	0.0000	0.0000	0.0000	0.0000	0.0000	0.0000	0.0000	0.0000	0.0000	0.0000	0.0000	0.0000	0.0000	0.0000	0.0000	0.6341	0.0000	12.6218	0.0000	0.0000	0.0000	0.0000	0.0000	0.0000	0.0000	0.0000	0.0000	0.0000	0.0000	0.0000	0.0000	0.0000	0.0000	0.0000	0.0000	0.0000	0.0000	0.0000	0.0000	0.0000	0.0000	0.0000	0.0000	0.0000	0.0000	0.0000	0.0000	0.0000	0.0000	0.0000	0.0000	0.0000	0.0000	0.0000	0.0000	0.0000	0.0000	0.0000	0.0000	0.0000	0.0000	0.0000	0.0000	0.0000	0.0000	0.0000	0.0000	0.0000	0.0000	0.0000	0.0000	0.0000	0.0000											
24	29	0.1996	4	1	2	0	1	0	0	0	0	N	Y	N	N	N	N	N	N	N	N	N	N	0.0014	0.0002	0.0054	0.0156	0.0000	1.0204	0.0009	0.0001	0.0045	0.0048	0.0004	0.0330	0.0010	0.0000	0.0277	0.0061	0.0006	0.0333	3.5217	2.4595	6.1287	0.0628	0.0671	0.0271	6.8131	6.2449	7.4722	11.5051	1.0153	0.0001	0.0875	0.6341	3.9885	12.6218	8.5018	0.0001	0.0000	0.0001	0.0000	0.0000	0.0000	0.0001	0.0000	0.0001	1.9269	0.9561	0.9707	0.0168	0.0160	0.0008	1.9101	0.9402	0.9700	0.0263	0.0228	0.0035	0.0067	0.0065	0.0002	0.0196	0.0163	0.0033	0.5471	0.3888	0.1584	0.2668	0.2382	0.0286	0.2804	0.1505	0.1298	0.0014	0.0002	0.0054	0.0156	0.0000	1.0204	0.0009	0.0001	0.0045	3.5217	2.4595	6.1287	0.0628	0.0671	0.0271	6.8131	6.2449	7.4722
24	30	0.1905	6	0	2	0	1	0	0	0	0	N	Y	N	N	N	N	N	N	N	N	N	N	0.0000	0.0000	0.0000	0.0000	0.0000	0.0000	0.0000	0.0000	0.0000	0.0000	0.0000	0.0000	0.0000	0.0000	0.0000	0.0000	0.0000	0.0000	0.0047	0.0020	0.0116	0.0031	0.0032	0.0029	0.0062	0.0004	0.0136	2.1865	0.0000	0.0003	0.6341	0.9701	12.6218	4.0208	0.0000	0.0000	0.0000	0.0000	0.0000	0.0000	0.0000	0.0000	0.0000	0.0013	0.0004	0.0009	0.0004	0.0004	0.0000	0.0009	0.0000	0.0009	0.0144	0.0128	0.0016	0.0059	0.0058	0.0002	0.0085	0.0070	0.0014	0.2832	0.2044	0.0788	0.1377	0.1230	0.0147	0.1454	0.0814	0.0640	0.0000	0.0000	0.0000	0.0000	0.0000	0.0000	0.0000	0.0000	0.0000	0.0047	0.0020	0.0116	0.0031	0.0032	0.0029	0.0062	0.0004	0.0136	
24	31	0.0462	2	0	1	0	2	0	0	0	0	N	N	N	Y	N	N	N	N	N	N	N	N	0.0497	0.0343	0.0069	0.1621	0.1604	0.1391	0.0017	0.0000	0.0072	0.0307	0.0359	0.0003	0.2787	0.2788	0.0596	0.0000	0.0000	0.0002	0.6171	1.0490	0.0388	1.7194	1.7390	0.4286	0.0236	0.0043	0.0339	0.0013	0.0276	-0.0004	-0.2949	0.6341	5.0045	12.6218	16.6627	0.0008	0.0008	0.0000	0.0008	0.0008	0.0000	0.0000	0.0000	0.0000	0.6834	0.6650	0.0183	0.6664	0.6639	0.0025	0.0170	0.0011	0.0159	0.0270	0.0230	0.0040	0.0030	0.0030	0.0000	0.0240	0.0200	0.0040	1.1073	0.6339	0.4733	0.3876	0.3818	0.0058	0.7197	0.2522	0.4676	0.0497	0.0343	0.0069	0.1621	0.1604	0.1391	0.0017	0.0000	0.0072	0.6171	1.0490	0.0388	1.7194	1.7390	0.4286	0.0236	0.0043	0.0339
24	32	0.7074	10	1	1	1	1	0	0	0	0	N	N	N	N	N	N	N	N	N	N	N	N	0.0000	0.0000	0.0000	0.0000	0.0000	0.0000	0.0000	0.0000	0.0000	0.0000	0.0000	0.0000	0.0000	0.0000	0.0000	0.0030	0.0000	0.0099	0.0000	0.0000	0.0000	0.0065	0.0000	0.0133	inf	0.0000	0.0000	0.6341	1.4893	12.6218	0.0050	0.0000	0.0000	0.0000	0.0000	0.0000	0.0000	0.0000	0.0000	0.0000	0.0001	0.0000	0.0001	0.0000	0.0000	0.0000	0.0001	0.0000	0.0001	0.0055	0.0048	0.0008	0.0016	0.0015	0.0001	0.0039	0.0033	0.0007	0.0252	0.0176	0.0076	0.0137	0.0118	0.0020	0.0115	0.0059	0.0056	0.0000	0.0000	0.0000	0.0000	0.0000	0.0000	0.0000	0.0000	0.0000	0.0030	0.0000	0.0099	0.0000	0.0000	0.0000	0.0065	0.0000	0.0133				
24	33	0.1906	6	1	1	1	1	0	0	0	0	N	N	N	N	N	N	N	N	N	N	N	N	0.0000	0.0000	0.0000	0.0000	0.0000	0.0000	0.0000	0.0000	0.0000	0.0000	0.0000	0.0000	0.0000	0.0000	0.0000	0.0000	0.0000	0.0000	0.0088	0.0125	0.0007	0.0036	0.0042	0.0000	0.0124	0.0213	0.0008	0.0242	0.0000	-0.0006	0.6341	0.9855	12.6218	5.0251	0.0000	0.0000	0.0000	0.0000	0.0000	0.0000	0.0000	0.0000	0.0000	0.0014	0.0013	0.0000	0.0002	0.0002	0.0000	0.0011	0.0011	0.0000	0.0054	0.0048	0.0007	0.0010	0.0010	0.0000	0.0044	0.0038	0.0007	0.1544	0.1061	0.0484	0.0643	0.0549	0.0093	0.0902	0.0511	0.0391	0.0000	0.0000	0.0000	0.0000	0.0000	0.0000	0.0000	0.0000	0.0000	0.0088	0.0125	0.0007	0.0036	0.0042	0.0000	0.0124	0.0213	0.0008	
24	34	0.1634	6	0	2	0	1	0	0	0	0	N	Y	N	N	N	N	N	N	N	N	N	N	0.0000	0.0000	0.0000	0.0000	0.0000	0.0000	0.0000	0.0000	0.0000	0.0000	0.0000	0.0000	0.0000	0.0000	0.0000	0.0000	0.0000	0.0002	0.0003	0.0000	0.0006	0.0007	0.0000	0.0000	0.0000	0.0000	0.0053	0.0000	-0.0000	0.6341	2.0026	12.6218	4.0175	0.0000	0.0000	0.0000	0.0000	0.0000	0.0000	0.0000	0.0000	0.0000	0.0000	0.0000	0.0000	0.0000	0.0000	0.0000	0.0000	0.0000	0.0000	0.0130	0.0111	0.0019	0.0029	0.0028	0.0001	0.0100	0.0082	0.0018	0.1712	0.1150	0.0562	0.0665	0.0574	0.0091	0.1047	0.0576	0.0471	0.0000	0.0000	0.0000	0.0000	0.0000	0.0000	0.0000	0.0000	0.0000	0.0002	0.0003	0.0000	0.0006	0.0007	0.0000	0.0000	0.0000	0.0000		
24	35	0.1634	5	0	1	0	1	0	0	0	0	N	N	N	N	N	N	N	N	N	N	N	N	0.0010	0.0011	0.0013	0.0012	0.0015	0.0000	0.0010	0.0000	0.0021	0.0000	0.0000	0.0001	0.0001	0.0001	0.0000	0.0000	0.0000	0.0001	0.0265	0.0202	0.0404	0.0440	0.0343	0.1123	0.0125	0.0025	0.0247	0.4982	0.8877	-0.0000	0.0000	0.6341	0.4148	12.6218	1.5497	0.0000	0.0000	0.0000	0.0000	0.0000	0.0000	0.0000	0.0000	0.0000	0.0021	0.0011	0.0010	0.0015	0.0011	0.0005	0.0006	0.0001	0.0005	0.0047	0.0039	0.0008	0.0016	0.0016	0.0000	0.0031	0.0023	0.0008	0.0795	0.0550	0.0245	0.0351	0.0307	0.0044	0.0444	0.0243	0.0201	0.0010	0.0011	0.0013	0.0012	0.0015	0.0000	0.0010	0.0000	0.0021	0.0265	0.0202	0.0404	0.0440	0.0343	0.1123	0.0125	0.0025	0.0247
24	36	0.1057	3	0	2	0	1	0	0	0	0	N	Y	N	N	N	N	N	N	N	N	N	N	0.0318	0.0654	0.0000	0.2835	0.2509	0.0000	0.0000	0.0000	0.0000	0.1049	0.1207	0.0000	0.9361	0.9479	0.0000	0.0000	0.0000	0.0000	3.2946	1.8449	5.6058	3.3018	3.7782	0.0087	3.2909	0.0217	6.3111	0.0000	1.9059	-0.0018	0.5214	0.6341	7.9964	12.6218	23.6501	0.0041	0.0041	0.0000	0.0041	0.0041	0.0000	0.0000	0.0000	0.0000	2.6399	0.9085	1.7314	0.9033	0.9030	0.0003	1.7367	0.0055	1.7312	0.0392	0.0341	0.0051	0.0044	0.0043	0.0001	0.0348	0.0297	0.0051	0.8013	0.4924	0.3089	0.2736	0.2390	0.0346	0.5277	0.2534	0.2743	0.0318	0.0654	0.0000	0.2835	0.2509	0.0000	0.0000	0.0000	0.0000	3.2946	1.8449	5.6058	3.3018	3.7782	0.0087	3.2909	0.0217	6.3111
24	37	0.1796	5	1	2	0	1	0	0	0	0	N	Y	N	N	N	N	N	N	N	N	N	N	0.0000	0.0000	0.0000	0.0000	0.0000	0.0000	0.0000	0.0000	0.0000	0.0000	0.0000	0.0000	0.0000	0.0000	0.0000	0.0000	0.0000	0.0000	2.0196	3.0463	0.0031	5.3199	6.3105	0.0018	0.0459	0.0814	0.0035	0.0005	0.0000	-0.6639	0.6341	6.9981	12.6218	25.9787	0.0000	0.0000	0.0000	0.0000	0.0000	0.0000	0.0000	0.0000	0.0000	1.4500	1.4492	0.0008	1.4305	1.4304	0.0001	0.0195	0.0188	0.0007	0.0361	0.0315	0.0046	0.0065	0.0062	0.0003	0.0296	0.0253	0.0043	0.7179	0.4757	0.2422	0.2933	0.2445	0.0488	0.4246	0.2312	0.1934	0.0000	0.0000	0.0000	0.0000	0.0000	0.0000	0.0000	0.0000	0.0000	2.0196	3.0463	0.0031	4.8771	5.8503	0.0018	0.0459	0.0814	0.0035	
24	38	0.1634	5	0	2	0	1	0	0	0	0	N	Y	N	N	N	N	N	N	N	N	N	N	0.0004	0.0000	0.0066	0.0000	0.0000	0.0182	0.0017	0.0000	0.0059	0.0000	0.0000	0.0000	0.0000	0.0000	0.0000	0.0000	0.0000	0.0000	0.0034	0.0043	0.0017	0.0075	0.0087	0.0004	0.0011	0.0004	0.0020	inf	0.2050	0.0000	-0.0004	0.6341	4.7553	12.6218	10.1994	0.0000	0.0000	0.0000	0.0000	0.0000	0.0000	0.0000	0.0000	0.0000	0.0012	0.0010	0.0002	0.0010	0.0010	0.0000	0.0002	0.0000	0.0002	0.0271	0.0234	0.0036	0.0052	0.0050	0.0001	0.0219	0.0184	0.0035	0.3628	0.2403	0.1225	0.1313	0.1126	0.0187	0.2315	0.1277	0.1038	0.0004	0.0000	0.0066	0.0000	0.0000	0.0182	0.0017	0.0000	0.0059	0.0034	0.0043	0.0017	0.0075	0.0087	0.0004	0.0011	0.0004	0.0020
24	39	0.1057	3	1	2	0	1	0	0	0	0	N	Y	N	N	N	N	N	N	N	N	N	N	0.0000	0.0000	0.0000	0.0000	0.0000	0.0000	0.0000	0.0000	0.0000	0.0000	0.0000	0.0000	0.0000	0.0000	0.0000	0.0000	0.0000	0.0000	3.6413	0.0154	15.1490	10.4269	0.0056	105.1803	2.0420	0.0245	3.9159	384.1183	0.0000	1.5949	0.6341	5.0000	12.6218	27.3229	0.0000	0.0000	0.0000	0.0000	0.0000	0.0000	0.0000	0.0000	0.0000	2.9588	0.0077	2.9511	1.8643	0.0014	1.8630	1.0944	0.0063	1.0881	0.0248	0.0216	0.0033	0.0028	0.0027	0.0000	0.0221	0.0188	0.0032	0.8126	0.4996	0.3130	0.2766	0.2415	0.0351	0.5360	0.2581	0.2779	0.0000	0.0000	0.0000	0.0000	0.0000	0.0000	0.0000	0.0000	0.0000	3.6413	0.0154	9.4298	6.7404	0.0056	53.0952	2.0420	0.0245	3.9159	
24	40	0.1796	5	0	2	0	1	0	0	0	0	N	Y	N	N	N	N	N	N	N	N	N	N	0.0000	0.0000	0.0000	0.0000	0.0000	0.0000	0.0000	0.0000	0.0000	0.0000	0.0000	0.0000	0.0000	0.0000	0.0000	0.0000	0.0000	0.0000	2.1060	3.1743	0.0007	5.6326	7.0562	0.0025	0.0499	0.0917	0.0002	0.0001	0.0000	-0.6179	0.6341	7.0019	12.6218	21.4344	0.0000	0.0000	0.0000	0.0000	0.0000	0.0000	0.0000	0.0000	0.0000	1.3484	1.3483	0.0001	1.3296	1.3295	0.0001	0.0188	0.0188	0.0000	0.0361	0.0315	0.0046	0.0065	0.0062	0.0003	0.0296	0.0253	0.0043	0.6403	0.4248	0.2155	0.2640	0.2203	0.0437	0.3763	0.2045	0.1718	0.0000	0.0000	0.0000	0.0000	0.0000	0.0000	0.0000	0.0000	0.0000	2.1060	3.1743	0.0007	5.0367	6.0358	0.0025	0.0499	0.0917	0.0002	
24	41	0.6100	8	0	2	0	1	0	0	0	0	N	Y	N	N	N	N	N	N	N	N	N	N	0.0000	0.0000	0.0000	0.0000	0.0000	0.0000	0.0000	0.0000	0.0000	0.0000	0.0000	0.0000	0.0000	0.0000	0.0000	0.0000	0.0000	0.0000	0.7755	0.0171	2.6064	1.3337	0.0002	7.4140	0.0437	0.0495	0.0363	63.2688	0.0000	0.1420	0.6341	8.1446	12.6218	10.2519	0.0000	0.0000	0.0000	0.0000	0.0000	0.0000	0.0000	0.0000	0.0000	0.2699	0.0042	0.2657	0.2633	0.0000	0.2633	0.0066	0.0042	0.0024	0.0397	0.0349	0.0048	0.0149	0.0140	0.0009	0.0248	0.0209	0.0039	0.3481	0.2461	0.1019	0.1975	0.1619	0.0355	0.1506	0.0842	0.0664	0.0000	0.0000	0.0000	0.0000	0.0000	0.0000	0.0000	0.0000	0.0000	0.7755	0.0171	2.6064	1.3337	0.0002	7.4140	0.0437	0.0495	0.0363	
24	42	0.1796	5	0	2	0	1	0	0	0	0	N	Y	N	N	N	N	N	N	N	N	N	N	0.0000	0.0000	0.0000	0.0000	0.0000	0.0000	0.0000	0.0000	0.0000	0.0000	0.0000	0.0000	0.0000	0.0000	0.0000	0.0000	0.0000	0.0000	0.6451	0.9676	0.0009	0.0464	0.0546	0.0039	1.0886	2.0195	0.0002	0.0005	0.0000	-0.1309	0.6341	5.9981	12.6218	11.5875	0.0000	0.0000	0.0000	0.0000	0.0000	0.0000	0.0000	0.0000	0.0000	0.2859	0.2858	0.0001	0.0088	0.0086	0.0001	0.2772	0.2771	0.0000	0.0311	0.0271	0.0039	0.0056	0.0054	0.0002	0.0255	0.0218	0.0037	0.4432	0.2953	0.1479	0.1886	0.1581	0.0305	0.2546	0.1372	0.1174	0.0000	0.0000	0.0000	0.0000	0.0000	0.0000	0.0000	0.0000	0.0000	0.6451	0.9676	0.0009	0.0464	0.0546	0.0039	1.0886	2.0195	0.0002	
24	43	0.2633	5	0	2	1	2	0	0	0	0	N	Y	N	Y	N	N	N	N	N	N	N	N	0.0000	0.0000	0.0000	0.0000	0.0000	0.0000	0.0000	0.0000	0.0000	0.0000	0.0000	0.0000	0.0000	0.0000	0.0000	0.0000	0.0000	0.0000	0.0043	0.0012	0.0123	0.0065	0.0023	0.0762	0.0028	0.0000	0.0066	3.9733	0.0000	0.0002	0.6341	1.0007	12.6218	2.4334	0.0000	0.0000	0.0000	0.0000	0.0000	0.0000	0.0000	0.0000	0.0000	0.0006	0.0001	0.0004	0.0003	0.0001	0.0002	0.0002	0.0000	0.0002	0.0052	0.0045	0.0007	0.0008	0.0008	0.0000	0.0043	0.0037	0.0006	0.1293	0.0934	0.0359	0.0511	0.0482	0.0029	0.0782	0.0453	0.0330	0.0000	0.0000	0.0000	0.0000	0.0000	0.0000	0.0000	0.0000	0.0000	0.0043	0.0012	0.0123	0.0065	0.0023	0.0762	0.0028	0.0000	0.0066	
24	44	0.2261	4	0	1	0	2	0	0	0	0	N	N	N	Y	N	N	N	N	N	N	N	N	0.0107	0.0000	0.0513	0.0002	0.0000	0.0022	0.0655	0.0000	0.2097	0.0018	0.0000	0.0139	0.0001	0.0000	0.0033	0.0021	0.0000	0.0143	0.1659	0.1161	0.2717	0.3484	0.2094	1.4811	0.0327	0.0007	0.0683	inf	1.1027	0.0000	0.0064	0.6341	1.0391	12.6218	15.0482	0.0000	0.0000	0.0000	0.0000	0.0000	0.0000	0.0000	0.0000	0.0000	0.0971	0.0462	0.0509	0.0860	0.0460	0.0400	0.0111	0.0001	0.0109	0.0057	0.0049	0.0007	0.0010	0.0010	0.0000	0.0046	0.0039	0.0007	0.5849	0.3976	0.1873	0.2468	0.2198	0.0270	0.3381	0.1777	0.1603	0.0107	0.0000	0.0513	0.0002	0.0000	0.0022	0.0655	0.0000	0.2097	0.1659	0.1161	0.2717	0.3484	0.2094	1.4811	0.0327	0.0007	0.0683
24	45	0.1057	3	0	2	0	1	0	0	0	0	N	Y	N	N	N	N	N	N	N	N	N	N	0.0002	0.0003	0.0000	0.0012	0.0011	0.0000	0.0000	0.0000	0.0000	0.0003	0.0004	0.0000	0.0030	0.0031	0.0000	0.0000	0.0000	0.0000	1.7146	1.3980	2.2221	2.5445	2.9185	0.0033	1.2919	0.0074	2.5039	0.0000	0.9917	-0.0000	0.0574	0.6341	12.0036	12.6218	21.9053	0.0000	0.0000	0.0000	0.0000	0.0000	0.0000	0.0000	0.0000	0.0000	1.4526	0.7293	0.7233	0.7274	0.7273	0.0001	0.7252	0.0020	0.7232	0.0587	0.0511	0.0076	0.0066	0.0065	0.0001	0.0521	0.0445	0.0075	0.8472	0.5217	0.3255	0.2859	0.2492	0.0367	0.5613	0.2725	0.2888	0.0002	0.0003	0.0000	0.0012	0.0011	0.0000	0.0000	0.0000	0.0000	1.7146	1.3980	2.2221	2.5445	2.9185	0.0033	1.2919	0.0074	2.5039
24	46	0.5870	11	1	2	0	1	0	0	0	0	N	Y	N	N	N	N	N	N	N	N	N	N	5.0428	0.0000	405.8396	0.0000	0.0000	0.0000	113.8623	0.0000	361.7742	0.0010	0.0000	0.0084	0.0000	0.0000	0.0000	0.0015	0.0000	0.0099	0.0002	0.0003	0.0000	0.0004	0.0004	0.0000	0.0000	0.0000	0.0000	inf	0.0322	0.0000	-0.0000	0.6341	2.0120	12.6218	1.9924	0.0000	0.0000	0.0000	0.0000	0.0000	0.0000	0.0000	0.0000	0.0000	0.0000	0.0000	0.0000	0.0000	0.0000	0.0000	0.0000	0.0000	0.0000	0.0100	0.0088	0.0012	0.0031	0.0029	0.0002	0.0069	0.0059	0.0010	0.0758	0.0531	0.0226	0.0393	0.0335	0.0058	0.0365	0.0197	0.0168	5.0428	0.0000	405.8396	0.0000	0.0000	0.0000	113.8623	0.0000	361.7742	0.0002	0.0003	0.0000	0.0004	0.0004	0.0000	0.0000	0.0000	0.0000
24	47	0.2102	9	1	2	0	1	0	0	0	0	N	Y	N	N	N	N	N	N	N	N	N	N	0.0000	0.0000	0.0000	0.0000	0.0000	0.0000	0.0000	0.0000	0.0000	0.0000	0.0000	0.0000	0.0000	0.0000	0.0000	0.0000	0.0000	0.0000	0.0015	0.0011	0.0023	0.0019	0.0022	0.0004	0.0012	0.0000	0.0027	1.1456	0.0000	0.0000	0.6341	0.0002	12.6218	4.0036	0.0000	0.0000	0.0000	0.0000	0.0000	0.0000	0.0000	0.0000	0.0000	0.0001	0.0001	0.0001	0.0001	0.0001	0.0000	0.0001	0.0000	0.0001	0.0000	0.0000	0.0000	0.0000	0.0000	0.0000	0.0000	0.0000	0.0000	0.0872	0.0568	0.0304	0.0331	0.0277	0.0054	0.0541	0.0291	0.0249	0.0000	0.0000	0.0000	0.0000	0.0000	0.0000	0.0000	0.0000	0.0000	0.0015	0.0011	0.0023	0.0019	0.0022	0.0004	0.0012	0.0000	0.0027	
24	48	0.1057	3	0	2	0	2	0	0	0	0	N	Y	N	Y	N	N	N	N	N	N	N	N	0.0040	0.0103	0.0000	0.0000	0.0000	0.0000	0.0066	0.3281	0.0000	0.0148	0.0171	0.0000	0.0000	0.0000	0.0000	0.0167	0.0196	0.0000	3.6652	1.6617	8.1071	9.0739	3.7293	39.3317	2.5238	0.0596	5.1117	0.0000	2.5429	-0.0002	1.1375	0.6341	6.0036	12.6218	51.7820	0.0004	0.0004	0.0000	0.0000	0.0000	0.0000	0.0004	0.0004	0.0000	4.3855	1.2378	3.1477	2.3175	1.2128	1.1047	2.0679	0.0250	2.0429	0.0297	0.0258	0.0039	0.0033	0.0033	0.0000	0.0264	0.0225	0.0039	1.1965	0.7449	0.4516	0.3771	0.3252	0.0519	0.8194	0.4197	0.3997	0.0040	0.0103	0.0000	0.0000	0.0000	0.0000	0.0066	0.3281	0.0000	3.6652	1.6617	6.9701	6.1450	3.7293	21.2716	2.5238	0.0596	5.1117
24	49	0.1057	3	1	2	0	1	0	0	0	0	N	Y	N	N	N	N	N	N	N	N	N	N	0.0001	0.1993	0.0000	0.0009	0.7261	0.0000	0.0000	0.0000	0.0003	0.0004	0.0000	0.0030	0.0031	0.0000	0.0000	0.0000	0.0000	3.3154	0.0019	13.3811	3.2508	0.0042	47.2308	3.3472	0.0000	6.6289	0.0000	2751.4907	-0.0000	1.6987	0.6341	5.9964	12.6218	34.6547	0.0000	0.0000	0.0000	0.0000	0.0000	0.0000	0.0000	0.0000	0.0000	3.1383	0.0011	3.1372	1.0152	0.0011	1.0141	2.1231	0.0000	2.1231	0.0297	0.0258	0.0039	0.0033	0.0033	0.0000	0.0263	0.0225	0.0039	0.9466	0.5852	0.3614	0.3123	0.2711	0.0412	0.6343	0.3140	0.3203	0.0001	0.1993	0.0000	0.0009	0.7261	0.0000	0.0000	0.0000	0.0000	3.3154	0.0019	8.6798	3.2508	0.0042	24.6361	3.3472	0.0000	6.6289	
24	50	0.1952	4	0	1	1	1	0	0	0	0	N	N	N	N	N	N	N	N	N	N	N	N	0.0293	0.0235	0.0000	0.5281	0.7425	0.0000	0.0000	0.0000	0.0000	0.0269	0.0306	0.0000	0.1843	0.1874	0.0000	0.0000	0.0000	0.0000	0.9168	1.3010	0.1795	0.3490	0.2524	1.3064	1.1786	2.1113	0.0757	0.0000	0.0719	-0.0018	-0.6100	0.6341	31.2093	12.6218	46.3939	0.0041	0.0041	0.0000	0.0041	0.0041	0.0000	0.0000	0.0000	0.0000	1.5588	1.4543	0.1046	0.1872	0.1230	0.0642	1.3716	1.3313	0.0404	0.1533	0.1348	0.0185	0.0224	0.0220	0.0004	0.1309	0.1128	0.0181	1.7003	1.1178	0.5824	0.5364	0.4873	0.0491	1.1638	0.6305	0.5333	0.0293	0.0235	0.0000	0.5281	0.7425	0.0000	0.0000	0.0000	0.0000	0.9168	1.3010	0.1795	0.3490	0.2524	1.3064	1.1786	2.1113	0.0757
24	51	0.1424	4	0	2	0	1	0	0	0	0	N	Y	N	N	N	N	N	N	N	N	N	N	0.0002	0.0000	0.0005	0.0000	0.0000	0.0000	0.0004	0.0000	0.0013	0.0005	0.0000	0.0037	0.0000	0.0000	0.0000	0.0006	0.0000	0.0038	2.2688	0.0752	7.0694	3.3629	0.1068	41.6762	1.4174	0.0342	2.8857	inf	44.3437	0.0000	0.8871	0.6341	4.1516	12.6218	14.5664	0.0000	0.0000	0.0000	0.0000	0.0000	0.0000	0.0000	0.0000	0.0000	1.7073	0.0377	1.6697	1.1075	0.0302	1.0773	0.5998	0.0075	0.5924	0.0233	0.0204	0.0029	0.0038	0.0037	0.0001	0.0195	0.0167	0.0029	0.7525	0.5008	0.2518	0.3293	0.2829	0.0465	0.4232	0.2179	0.2053	0.0002	0.0000	0.0006	0.0000	0.0000	0.0000	0.0004	0.0000	0.0013	2.2688	0.0752	6.6320	3.3629	0.1068	23.1783	1.4174	0.0342	2.8857
24	52	0.2229	6	1	1	1	1	0	0	0	0	N	N	N	N	N	N	N	N	N	N	N	N	0.0000	0.0000	0.0000	0.0000	0.0000	0.0000	0.0000	0.0000	0.0000	0.0000	0.0000	0.0000	0.0000	0.0000	0.0000	0.0000	0.0000	0.0000	0.0076	0.0107	0.0003	0.0179	0.0203	0.0002	0.0005	0.0006	0.0003	0.0119	0.0000	-0.0001	0.6341	0.0028	12.6218	0.9232	0.0000	0.0000	0.0000	0.0000	0.0000	0.0000	0.0000	0.0000	0.0000	0.0002	0.0002	0.0000	0.0002	0.0002	0.0000	0.0000	0.0000	0.0000	0.0000	0.0000	0.0000	0.0000	0.0000	0.0000	0.0000	0.0000	0.0000	0.0260	0.0182	0.0079	0.0106	0.0093	0.0013	0.0154	0.0088	0.0066	0.0000	0.0000	0.0000	0.0000	0.0000	0.0000	0.0000	0.0000	0.0000	0.0076	0.0107	0.0003	0.0179	0.0203	0.0002	0.0005	0.0006	0.0003	
24	53	0.6023	10	0	2	0	1	0	0	0	0	N	Y	N	N	N	N	N	N	N	N	N	N	0.5071	0.0000	2.5585	0.0420	0.0000	3.0441	0.6852	0.0000	2.1038	0.0613	0.0000	0.4598	0.0049	0.0000	0.1324	0.0868	0.0000	0.4907	0.1209	0.0942	0.1797	0.1169	0.1300	0.0435	0.1267	0.0006	0.2333	inf	0.8693	0.0018	0.0006	0.6341	8.5400	12.6218	19.3759	0.0032	0.0000	0.0032	0.0001	0.0000	0.0001	0.0031	0.0000	0.0031	0.0964	0.0515	0.0448	0.0545	0.0514	0.0031	0.0418	0.0001	0.0417	0.0514	0.0446	0.0069	0.0160	0.0154	0.0006	0.0354	0.0292	0.0063	0.7966	0.5473	0.2493	0.4663	0.3959	0.0704	0.3304	0.1514	0.1790	0.5071	0.0000	2.5585	0.0420	0.0000	3.0441	0.6852	0.0000	2.1038	0.1209	0.0942	0.1797	0.1169	0.1300	0.0435	0.1267	0.0006	0.2333
24	54	0.5392	9	0	1	0	1	0	0	0	0	N	N	N	N	N	N	N	N	N	N	N	N	0.2056	0.1562	0.4883	0.5960	0.5577	0.7592	0.0950	0.0003	0.3995	0.0316	0.0182	0.1178	0.0490	0.0497	0.0325	0.0231	0.0001	0.1262	0.1536	0.1164	0.2412	0.0823	0.0891	0.0428	0.2428	0.1734	0.3158	1.0068	0.8801	0.0001	0.0013	0.6341	7.3474	12.6218	24.2346	0.0015	0.0007	0.0007	0.0007	0.0007	0.0000	0.0007	0.0000	0.0007	0.1309	0.0696	0.0613	0.0389	0.0360	0.0030	0.0920	0.0337	0.0583	0.0464	0.0402	0.0062	0.0152	0.0147	0.0006	0.0312	0.0255	0.0057	0.8522	0.5981	0.2541	0.4734	0.4040	0.0694	0.3788	0.1941	0.1846	0.2056	0.1562	0.4883	0.5960	0.5577	0.7592	0.0950	0.0003	0.3995	0.1536	0.1164	0.2412	0.0823	0.0891	0.0428	0.2428	0.1734	0.3158
24	55	0.5094	8	0	1	0	1	0	0	0	0	N	N	N	N	N	N	N	N	N	N	N	N	0.5299	0.1508	2.0900	0.5585	0.6282	0.7537	0.4135	0.0007	2.0297	0.0465	0.0100	0.2959	0.0267	0.0250	0.0739	0.0576	0.0001	0.3200	0.0878	0.0661	0.1416	0.0478	0.0398	0.0980	0.1393	0.1222	0.1577	4.3529	0.8647	0.0004	0.0003	0.6341	3.4216	12.6218	15.9376	0.0011	0.0002	0.0009	0.0002	0.0002	0.0000	0.0009	0.0000	0.0009	0.0604	0.0324	0.0280	0.0185	0.0133	0.0052	0.0419	0.0191	0.0228	0.0235	0.0205	0.0030	0.0084	0.0081	0.0003	0.0151	0.0124	0.0027	0.6875	0.4898	0.1977	0.3868	0.3336	0.0532	0.3007	0.1562	0.1444	0.5299	0.1508	2.0900	0.5585	0.6282	0.7537	0.4135	0.0007	2.0297	0.0878	0.0661	0.1416	0.0478	0.0398	0.0980	0.1393	0.1222	0.1577
24	56	0.2261	4	0	2	0	1	0	0	0	0	N	Y	N	N	N	N	N	N	N	N	N	N	0.0000	0.0000	0.0005	0.0007	0.0009	0.0026	0.0000	0.0000	0.0000	0.0000	0.0000	0.0001	0.0001	0.0001	0.0034	0.0000	0.0000	0.0000	1.4921	2.1130	0.2219	0.2105	0.0754	1.3234	2.3485	4.4272	0.0543	1.2618	0.0513	0.0000	-0.4191	0.6341	0.9891	12.6218	20.6926	0.0000	0.0000	0.0000	0.0000	0.0000	0.0000	0.0000	0.0000	0.0000	1.0232	0.9733	0.0500	0.0578	0.0185	0.0394	0.9654	0.9548	0.0106	0.0054	0.0047	0.0007	0.0010	0.0010	0.0000	0.0044	0.0038	0.0007	0.6858	0.4606	0.2251	0.2747	0.2449	0.0297	0.4111	0.2157	0.1954	0.0000	0.0000	0.0005	0.0007	0.0009	0.0026	0.0000	0.0000	0.0000	1.4921	2.1130	0.2219	0.2105	0.0754	1.3234	2.3485	4.4272	0.0543
24	57	0.1057	3	0	1	0	1	0	0	0	0	N	N	N	N	N	N	N	N	N	N	N	N	0.0000	0.0000	0.0000	0.0000	0.0000	0.0000	0.0000	0.0000	0.0000	0.0000	0.0000	0.0000	0.0000	0.0000	0.0000	0.0000	0.0000	0.0000	4.7564	0.4759	19.8112	10.5116	0.8898	80.7595	3.1113	0.1286	6.0905	0.7925	13.5757	0.0000	2.0393	0.6341	5.0326	12.6218	39.3193	0.0000	0.0000	0.0000	0.0000	0.0000	0.0000	0.0000	0.0000	0.0000	4.3112	0.2958	4.0154	2.2074	0.2523	1.9551	2.1038	0.0434	2.0603	0.0250	0.0217	0.0033	0.0028	0.0028	0.0000	0.0222	0.0189	0.0033	1.0034	0.6215	0.3820	0.3273	0.2836	0.0437	0.6762	0.3379	0.3383	0.0000	0.0000	0.0000	0.0000	0.0000	0.0000	0.0000	0.0000	0.0000	4.2965	0.4759	10.5125	6.7451	0.8898	44.7604	3.1113	0.1286	6.0905
24	58	0.1057	3	0	2	0	2	0	0	0	0	N	Y	N	Y	N	N	N	N	N	N	N	N	0.0000	0.0000	0.0000	0.0000	0.0000	0.0000	0.0000	0.0000	0.0000	0.0000	0.0000	0.0000	0.0000	0.0000	0.0000	0.0000	0.0000	0.0000	3.2599	0.3557	10.7779	9.9495	0.7649	79.0272	1.6503	0.0054	3.2723	13.8159	0.0000	1.4889	0.6341	5.0036	12.6218	36.7244	0.0000	0.0000	0.0000	0.0000	0.0000	0.0000	0.0000	0.0000	0.0000	3.1402	0.2119	2.9283	2.0731	0.2102	1.8629	1.0671	0.0017	1.0653	0.0249	0.0216	0.0033	0.0028	0.0027	0.0000	0.0221	0.0188	0.0032	0.9633	0.5958	0.3675	0.3167	0.2748	0.0419	0.6466	0.3210	0.3256	0.0000	0.0000	0.0000	0.0000	0.0000	0.0000	0.0000	0.0000	0.0000	3.2599	0.3557	7.9687	6.5458	0.7649	44.4547	1.6503	0.0054	3.2723	
24	59	0.4898	8	0	2	0	2	0	0	0	0	N	Y	N	Y	N	N	N	N	N	N	N	N	0.0000	0.0000	0.0000	0.0000	0.0000	0.0000	0.0000	0.0000	0.0000	0.0000	0.0000	0.0000	0.0000	0.0000	0.0000	0.0000	0.0000	0.0000	1.2778	1.7632	0.1427	0.7908	0.9291	0.0270	1.9439	3.6934	0.1913	0.0346	-0.0000	-0.6941	0.6341	10.4254	12.6218	21.2017	0.0000	0.0000	0.0000	0.0000	0.0000	0.0000	0.0000	0.0000	0.0000	1.6334	1.5788	0.0546	0.5839	0.5809	0.0031	1.0495	0.9979	0.0516	0.0669	0.0588	0.0082	0.0238	0.0228	0.0010	0.0431	0.0359	0.0072	1.2783	0.8954	0.3829	0.7384	0.6252	0.1132	0.5399	0.2702	0.2697	0.0000	0.0000	0.0000	0.0000	0.0000	0.0000	0.0000	0.0000	0.0000	1.2778	1.7632	0.1427	0.7908	0.9291	0.0270	1.9439	3.6934	0.1913	
24	60	0.2229	6	1	1	1	1	0	0	0	0	N	N	N	N	N	N	N	N	N	N	N	N	0.0000	0.0000	0.0000	0.0000	0.0000	0.0000	0.0000	0.0000	0.0000	0.0000	0.0000	0.0000	0.0000	0.0000	0.0000	0.0000	0.0000	0.0000	0.0020	0.0029	0.0003	0.0051	0.0058	0.0015	0.0001	0.0001	0.0001	0.0545	0.0000	-0.0001	0.6341	1.9981	12.6218	3.0867	0.0000	0.0000	0.0000	0.0000	0.0000	0.0000	0.0000	0.0000	0.0000	0.0002	0.0002	0.0000	0.0002	0.0002	0.0000	0.0000	0.0000	0.0000	0.0105	0.0091	0.0013	0.0018	0.0018	0.0001	0.0086	0.0074	0.0013	0.1161	0.0777	0.0384	0.0448	0.0380	0.0068	0.0713	0.0397	0.0316	0.0000	0.0000	0.0000	0.0000	0.0000	0.0000	0.0000	0.0000	0.0000	0.0020	0.0029	0.0003	0.0051	0.0058	0.0015	0.0001	0.0001	0.0001	
24	61	0.1796	5	1	1	1	1	0	0	0	0	N	N	N	N	N	N	N	N	N	N	N	N	0.0000	0.0000	0.0000	0.0000	0.0000	0.0000	0.0000	0.0000	0.0000	0.0000	0.0000	0.0000	0.0000	0.0000	0.0000	0.0000	0.0000	0.0000	1.5429	2.2763	0.0793	3.4735	4.1435	0.0080	0.1173	0.1340	0.0978	0.0175	0.0000	-0.3080	0.6341	4.0039	12.6218	14.0733	0.0000	0.0000	0.0000	0.0000	0.0000	0.0000	0.0000	0.0000	0.0000	0.6981	0.6862	0.0120	0.6676	0.6674	0.0002	0.0305	0.0188	0.0117	0.0209	0.0183	0.0027	0.0038	0.0036	0.0002	0.0172	0.0147	0.0025	0.4525	0.3014	0.1511	0.1922	0.1611	0.0311	0.2603	0.1404	0.1199	0.0000	0.0000	0.0000	0.0000	0.0000	0.0000	0.0000	0.0000	0.0000	1.5429	2.2763	0.0793	3.4735	4.1435	0.0080	0.1173	0.1340	0.0978	
24	62	0.1990	6	1	1	1	1	0	0	0	0	N	N	N	N	N	N	N	N	N	N	N	N	0.0000	0.0000	0.0000	0.0000	0.0000	0.0000	0.0000	0.0000	0.0000	0.0000	0.0000	0.0000	0.0000	0.0000	0.0000	0.0000	0.0000	0.0000	2.8805	0.1724	11.4326	0.2865	0.3259	0.0821	4.7021	0.0023	12.8628	24.3965	0.0000	0.5274	0.6341	0.0060	12.6218	17.2393	0.0000	0.0000	0.0000	0.0000	0.0000	0.0000	0.0000	0.0000	0.0000	1.0501	0.0413	1.0088	0.0431	0.0411	0.0020	1.0070	0.0003	1.0068	0.0001	0.0001	0.0000	0.0001	0.0001	0.0000	0.0001	0.0001	0.0000	0.3646	0.2398	0.1248	0.1504	0.1261	0.0243	0.2142	0.1137	0.1004	0.0000	0.0000	0.0000	0.0000	0.0000	0.0000	0.0000	0.0000	0.0000	2.8805	0.1724	8.0854	0.2865	0.3259	0.0821	4.7021	0.0023	10.0231	
24	63	0.1424	4	0	1	1	1	0	0	0	0	N	N	N	N	N	N	N	N	N	N	N	N	0.0000	0.0000	0.0064	0.0000	0.0000	0.0000	0.0000	0.0000	0.0056	0.0001	0.0000	0.0009	0.0000	0.0000	0.0000	0.0001	0.0000	0.0009	3.7804	6.1967	0.1431	4.8724	5.4917	0.0528	2.9644	5.6200	0.1669	31.3231	0.0125	0.0000	-1.0962	0.6341	1.0230	12.6218	12.1924	0.0000	0.0000	0.0000	0.0000	0.0000	0.0000	0.0000	0.0000	0.0000	2.4578	2.4274	0.0304	1.4350	1.4327	0.0023	1.0227	0.9947	0.0280	0.0076	0.0067	0.0009	0.0018	0.0018	0.0000	0.0057	0.0049	0.0009	0.6501	0.4379	0.2122	0.3051	0.2609	0.0442	0.3450	0.1770	0.1680	0.0000	0.0000	0.0064	0.0000	0.0000	0.0000	0.0000	0.0000	0.0056	3.7804	5.5436	0.1431	4.7031	5.4917	0.0528	2.9644	5.6200	0.1669
24	64	0.1057	3	0	1	0	1	0	0	0	0	N	N	N	N	N	N	N	N	N	N	N	N	0.0006	0.0000	0.0012	0.0000	0.0000	0.0000	0.0008	0.0000	0.0023	0.0048	0.0000	0.0362	0.0000	0.0000	0.0000	0.0054	0.0000	0.0366	8.6792	1.5332	30.5755	9.5012	2.5622	69.2023	6.5033	0.1793	16.1634	inf	6.0210	0.0000	1.2953	0.6341	2.4556	12.6218	12.4191	0.0001	0.0000	0.0001	0.0000	0.0000	0.0000	0.0001	0.0000	0.0001	3.2448	0.4622	2.7827	1.2285	0.4388	0.7897	2.0163	0.0233	1.9930	0.0124	0.0107	0.0016	0.0014	0.0014	0.0000	0.0110	0.0093	0.0016	0.5016	0.3014	0.2002	0.1916	0.1713	0.0203	0.3101	0.1302	0.1799	0.0007	0.0000	0.0026	0.0000	0.0000	0.0000	0.0008	0.0000	0.0033	6.4689	1.5332	13.9019	6.4133	2.5622	38.9237	6.5033	0.1793	11.0798
24	65	0.2280	5	0	2	0	1	0	0	0	0	N	Y	N	N	N	N	N	N	N	N	N	N	0.0069	0.0000	0.0373	0.0000	0.0000	0.0002	0.0395	0.0000	0.1319	0.0001	0.0000	0.0004	0.0000	0.0000	0.0000	0.0001	0.0000	0.0004	0.0074	0.0052	0.0117	0.0203	0.0119	0.1482	0.0016	0.0001	0.0034	inf	1.1268	0.0000	0.0002	0.6341	1.7555	12.6218	11.9300	0.0000	0.0000	0.0000	0.0000	0.0000	0.0000	0.0000	0.0000	0.0000	0.0028	0.0013	0.0015	0.0024	0.0013	0.0011	0.0004	0.0000	0.0004	0.0101	0.0089	0.0012	0.0020	0.0019	0.0000	0.0081	0.0070	0.0011	0.3743	0.2487	0.1256	0.1160	0.1088	0.0072	0.2583	0.1399	0.1184	0.0069	0.0000	0.0373	0.0000	0.0000	0.0002	0.0395	0.0000	0.1319	0.0074	0.0052	0.0117	0.0203	0.0119	0.1482	0.0016	0.0001	0.0034
24	66	0.2070	7	1	2	1	1	0	0	0	0	N	Y	N	N	N	N	N	N	N	N	N	N	0.0000	0.0000	0.0000	0.0000	0.0000	0.0000	0.0000	0.0000	0.0000	0.0000	0.0000	0.0000	0.0000	0.0000	0.0000	0.0000	0.0000	0.0000	0.0000	0.0000	0.6341	0.0000	12.6218	0.0000	0.0000	0.0000	0.0000	0.0000	0.0000	0.0000	0.0000	0.0000	0.0000	0.0000	0.0000	0.0000	0.0000	0.0000	0.0000	0.0000	0.0000	0.0000	0.0000	0.0000	0.0000	0.0000	0.0000	0.0000	0.0000	0.0000	0.0000	0.0000	0.0000	0.0000	0.0000	0.0000	0.0000	0.0000	0.0000	0.0000	0.0000	0.0000	0.0000	0.0000	0.0000	0.0000	0.0000	0.0000	0.0000	0.0000	0.0000	0.0000	0.0000	0.0000	0.0000	0.0000	0.0000	0.0000											
24	67	0.7116	10	1	2	1	1	0	0	0	0	N	Y	N	N	N	N	N	N	N	N	N	N	0.0000	0.0000	0.0000	0.0000	0.0000	0.0000	0.0000	0.0000	0.0000	0.0000	0.0000	0.0000	0.0000	0.0002	0.0002	0.0000	0.0003	0.0003	0.0000	0.0000	0.0000	0.0000	0.0000	0.0000	-0.0000	0.6341	1.0000	12.6218	3.0000	0.0000	0.0000	0.0000	0.0000	0.0000	0.0000	0.0000	0.0000	0.0000	0.0000	0.0000	0.0000	0.0000	0.0000	0.0000	0.0000	0.0000	0.0000	0.0034	0.0030	0.0005	0.0009	0.0009	0.0001	0.0025	0.0021	0.0004	0.0654	0.0459	0.0196	0.0353	0.0303	0.0050	0.0302	0.0156	0.0146	0.0000	0.0000	0.0000	0.0000	0.0000	0.0000	0.0000	0.0000	0.0000	0.0002	0.0002	0.0000	0.0003	0.0003	0.0000	0.0000	0.0000	0.0000						
24	68	0.2070	7	1	2	1	1	0	0	0	0	N	Y	N	N	N	N	N	N	N	N	N	N	0.0000	0.0000	0.0000	0.0000	0.0000	0.0000	0.0000	0.0000	0.0000	0.0000	0.0000	0.0000	0.0000	0.0000	0.0000	0.0000	0.0000	0.0000	0.0000	0.0000	0.6341	1.0000	12.6218	0.0000	0.0000	0.0000	0.0000	0.0000	0.0000	0.0000	0.0000	0.0000	0.0000	0.0000	0.0000	0.0000	0.0000	0.0000	0.0000	0.0000	0.0000	0.0000	0.0052	0.0046	0.0007	0.0009	0.0009	0.0000	0.0043	0.0037	0.0006	0.0219	0.0144	0.0075	0.0094	0.0078	0.0016	0.0125	0.0066	0.0059	0.0000	0.0000	0.0000	0.0000	0.0000	0.0000	0.0000	0.0000	0.0000	0.0000	0.0000	0.0000	0.0000	0.0000	0.0000	0.0000	0.0000	0.0000											
24	69	0.1906	6	1	2	1	1	0	0	0	0	N	Y	N	N	N	N	N	N	N	N	N	N	0.0000	0.0000	0.0000	0.0000	0.0000	0.0000	0.0000	0.0000	0.0000	0.0000	0.0000	0.0000	0.0000	0.0000	0.0000	0.0000	0.0000	0.0000	0.0100	0.0144	0.0006	0.0072	0.0084	0.0000	0.0120	0.0207	0.0007	0.0188	0.0000	-0.0008	0.6341	1.0155	12.6218	5.9708	0.0000	0.0000	0.0000	0.0000	0.0000	0.0000	0.0000	0.0000	0.0000	0.0018	0.0017	0.0000	0.0005	0.0005	0.0000	0.0012	0.0012	0.0000	0.0056	0.0049	0.0007	0.0011	0.0010	0.0000	0.0045	0.0039	0.0007	0.1750	0.1195	0.0555	0.0723	0.0616	0.0107	0.1026	0.0578	0.0448	0.0000	0.0000	0.0000	0.0000	0.0000	0.0000	0.0000	0.0000	0.0000	0.0100	0.0144	0.0006	0.0072	0.0084	0.0000	0.0120	0.0207	0.0007	
24	70	0.1859	5	1	1	1	1	0	0	0	0	N	N	N	N	N	N	N	N	N	N	N	N	0.0004	0.0000	0.2507	0.0128	0.0000	2.7122	0.0000	0.0000	0.0083	0.0004	0.0000	0.0039	0.0011	0.0000	0.0762	0.0000	0.0000	0.0001	1.1437	1.5850	0.0155	0.0856	0.0925	0.0281	2.1364	3.8430	0.0127	inf	0.0038	0.0000	-0.0679	0.6341	0.0406	12.6218	2.3361	0.0000	0.0000	0.0000	0.0000	0.0000	0.0000	0.0000	0.0000	0.0000	0.1493	0.1488	0.0006	0.0054	0.0052	0.0002	0.1439	0.1435	0.0004	0.0005	0.0005	0.0001	0.0002	0.0002	0.0000	0.0003	0.0003	0.0001	0.1306	0.0939	0.0367	0.0632	0.0565	0.0067	0.0674	0.0374	0.0300	0.0004	0.0000	0.2507	0.0128	0.0000	2.7122	0.0000	0.0000	0.0083	1.1437	1.5850	0.0155	0.0856	0.0925	0.0281	2.1364	3.8430	0.0127
24	71	0.7116	10	1	2	1	1	0	0	0	0	N	Y	N	N	N	N	N	N	N	N	N	N	0.0000	0.0000	0.0000	0.0000	0.0000	0.0000	0.0000	0.0000	0.0000	0.0000	0.0000	0.0000	0.0000	0.0000	0.0000	0.0000	0.0000	0.0000	0.0000	0.0000	0.6341	0.0000	12.6218	0.0000	0.0000	0.0000	0.0000	0.0000	0.0000	0.0000	0.0000	0.0000	0.0000	0.0000	0.0000	0.0000	0.0000	0.0000	0.0000	0.0000	0.0000	0.0000	0.0000	0.0000	0.0000	0.0000	0.0000	0.0000	0.0000	0.0000	0.0000	0.0000	0.0000	0.0000	0.0000	0.0000	0.0000	0.0000	0.0000	0.0000	0.0000	0.0000	0.0000	0.0000	0.0000	0.0000	0.0000	0.0000	0.0000	0.0000	0.0000	0.0000	0.0000	0.0000	0.0000	0.0000	0.0000	0.0000											
24	72	0.6935	9	1	2	1	1	0	0	0	0	N	Y	N	N	N	N	N	N	N	N	N	N	0.0000	0.0000	0.0000	0.0000	0.0000	0.0000	0.0000	0.0000	0.0000	0.0000	0.0000	0.0000	0.0000	0.0000	0.0000	0.0000	0.0000	0.0000	0.0073	0.0001	0.0259	0.0122	0.0002	0.0876	0.0008	0.0000	0.0018	71.1716	0.0000	0.0004	0.6341	3.9057	12.6218	1.1104	0.0000	0.0000	0.0000	0.0000	0.0000	0.0000	0.0000	0.0000	0.0000	0.0008	0.0000	0.0008	0.0007	0.0000	0.0007	0.0000	0.0000	0.0000	0.0152	0.0132	0.0020	0.0044	0.0041	0.0003	0.0108	0.0091	0.0017	0.1045	0.0754	0.0291	0.0596	0.0514	0.0082	0.0449	0.0240	0.0209	0.0000	0.0000	0.0000	0.0000	0.0000	0.0000	0.0000	0.0000	0.0000	0.0073	0.0001	0.0259	0.0122	0.0002	0.0876	0.0008	0.0000	0.0018	
24	73	0.4907	7	1	2	0	1	0	0	0	0	N	Y	N	N	N	N	N	N	N	N	N	N	0.0000	0.0000	0.0000	0.0000	0.0000	0.0000	0.0000	0.0000	0.0000	0.0000	0.0000	0.0000	0.0000	0.0000	0.0000	0.0000	0.0000	0.0000	0.1213	0.1236	0.1157	0.0781	0.0906	0.0001	0.1682	0.1811	0.1532	0.3884	0.0000	-0.0125	0.6341	6.9070	12.6218	16.5673	0.0000	0.0000	0.0000	0.0000	0.0000	0.0000	0.0000	0.0000	0.0000	0.0702	0.0505	0.0196	0.0235	0.0235	0.0000	0.0466	0.0270	0.0196	0.0520	0.0466	0.0054	0.0226	0.0214	0.0012	0.0295	0.0252	0.0042	0.5784	0.4088	0.1696	0.3011	0.2596	0.0415	0.2772	0.1491	0.1281	0.0000	0.0000	0.0000	0.0000	0.0000	0.0000	0.0000	0.0000	0.0000	0.1213	0.1236	0.1157	0.0781	0.0906	0.0001	0.1682	0.1811	0.1532	
24	74	0.5546	9	0	2	0	2	0	0	0	0	N	Y	N	Y	N	N	N	N	N	N	N	N	0.0059	0.0133	0.0000	0.0242	0.0340	0.0000	0.0000	0.0000	0.0000	0.0000	0.0000	0.0000	0.0001	0.0001	0.0000	0.0000	0.0000	0.0000	0.0055	0.0028	0.0120	0.0053	0.0039	0.0123	0.0057	0.0004	0.0119	0.0001	1.7610	-0.0000	0.0006	0.6341	6.4226	12.6218	19.3377	0.0000	0.0000	0.0000	0.0000	0.0000	0.0000	0.0000	0.0000	0.0000	0.0031	0.0011	0.0020	0.0017	0.0011	0.0006	0.0014	0.0001	0.0013	0.0329	0.0288	0.0041	0.0084	0.0080	0.0004	0.0245	0.0208	0.0037	0.5665	0.4021	0.1644	0.3229	0.2717	0.0512	0.2436	0.1304	0.1132	0.0059	0.0133	0.0000	0.0242	0.0340	0.0000	0.0000	0.0000	0.0000	0.0055	0.0028	0.0120	0.0053	0.0039	0.0123	0.0057	0.0004	0.0119
24	75	0.5094	8	0	1	0	2	0	0	0	0	N	N	N	Y	N	N	N	N	N	N	N	N	0.1961	0.2038	0.0077	0.4062	0.4385	0.0008	0.0027	0.0000	0.0172	0.0083	0.0095	0.0002	0.0252	0.0262	0.0001	0.0000	0.0000	0.0003	0.0424	0.0465	0.0323	0.0620	0.0597	0.0759	0.0172	0.0186	0.0158	0.0038	0.2826	-0.0001	-0.0075	0.6341	5.1932	12.6218	17.4397	0.0003	0.0003	0.0000	0.0003	0.0003	0.0000	0.0000	0.0000	0.0000	0.0313	0.0244	0.0069	0.0258	0.0213	0.0045	0.0056	0.0031	0.0024	0.0318	0.0278	0.0040	0.0105	0.0101	0.0004	0.0214	0.0178	0.0036	0.7390	0.5256	0.2134	0.4154	0.3566	0.0588	0.3236	0.1690	0.1546	0.1961	0.2038	0.0077	0.4062	0.4385	0.0008	0.0027	0.0000	0.0172	0.0424	0.0465	0.0323	0.0620	0.0597	0.0759	0.0172	0.0186	0.0158
24	76	0.4724	7	0	1	0	1	0	0	0	0	N	N	N	N	N	N	N	N	N	N	N	N	0.0249	0.0255	0.0449	0.0397	0.4947	0.0046	0.0179	0.0000	0.5438	0.0173	0.0101	0.0657	0.0278	0.0282	0.0181	0.0124	0.0000	0.0704	0.6964	0.3937	1.4624	0.7013	0.0570	3.8953	0.6891	1.1550	0.1294	0.9817	1.4681	0.0000	0.0960	0.6341	4.4918	12.6218	17.5337	0.0005	0.0003	0.0002	0.0003	0.0003	0.0000	0.0002	0.0000	0.0002	0.7032	0.2849	0.4183	0.4230	0.0286	0.3944	0.2802	0.2563	0.0239	0.0287	0.0250	0.0037	0.0092	0.0089	0.0003	0.0195	0.0161	0.0034	1.0098	0.7237	0.2860	0.6031	0.5018	0.1012	0.4067	0.2219	0.1848	0.0249	0.0255	0.0449	0.0397	0.4947	0.0046	0.0179	0.0000	0.5438	0.6964	0.3937	1.4624	0.7013	0.0570	3.8953	0.6891	1.1550	0.1294
24	77	0.0543	2	0	1	0	2	0	0	0	0	N	N	N	Y	N	N	N	N	N	N	N	N	1.0712	1.8225	0.0000	1.3551	1.3477	0.0000	0.0000	0.0092	0.0000	1.0622	2.1078	0.0000	2.1392	2.1392	0.0000	0.0000	0.0000	0.0000	0.9916	1.1565	0.7885	1.5787	1.5873	0.0782	0.5930	0.0001	0.7922	0.0000	0.5535	-0.1030	-0.1196	0.6341	0.3745	12.6218	14.7996	0.2334	0.2334	0.0000	0.2334	0.2334	0.0000	0.0000	0.0000	0.0000	1.1716	0.7541	0.4174	0.7543	0.7541	0.0002	0.4172	0.0000	0.4172	0.2197	0.1107	0.1090	0.1091	0.1091	0.0000	0.1106	0.0016	0.1090	1.1815	0.6521	0.5294	0.4778	0.4751	0.0027	0.7036	0.1770	0.5267	1.0712	1.8225	0.0000	1.3551	1.3477	0.0000	0.0000	0.0092	0.0000	0.9916	1.1565	0.7885	1.5787	1.5873	0.0782	0.5930	0.0001	0.7922
24	81	0.6462	9	0	2	1	1	0	0	0	0	N	Y	N	N	N	N	N	N	N	N	N	N	0.0000	0.0000	0.0000	0.0000	0.0000	0.0000	0.0000	0.0000	0.0000	0.0000	0.0000	0.0000	0.0000	0.0000	0.0000	0.0000	0.0000	0.0000	0.1546	0.2168	0.0000	0.2381	0.3013	0.0001	0.0004	0.0007	0.0000	0.0001	0.0000	-0.0103	0.6341	2.0162	12.6218	4.5500	0.0000	0.0000	0.0000	0.0000	0.0000	0.0000	0.0000	0.0000	0.0000	0.0225	0.0225	0.0000	0.0225	0.0225	0.0000	0.0000	0.0000	0.0000	0.0095	0.0083	0.0012	0.0040	0.0038	0.0003	0.0055	0.0045	0.0009	0.1455	0.1037	0.0418	0.0944	0.0746	0.0198	0.0511	0.0292	0.0220	0.0000	0.0000	0.0000	0.0000	0.0000	0.0000	0.0000	0.0000	0.0000	0.1546	0.2168	0.0000	0.2381	0.3013	0.0001	0.0004	0.0007	0.0000	
24	82	0.2136	7	0	2	1	1	0	0	0	0	N	Y	N	N	N	N	N	N	N	N	N	N	0.0000	0.0000	0.0000	0.0001	0.0001	0.0000	0.0000	0.0000	0.0000	0.0000	0.0000	0.0000	0.0000	0.0000	0.0000	0.0000	0.0000	0.0000	0.0611	0.0906	0.0001	0.0171	0.0203	0.0000	0.0970	0.1804	0.0001	0.0323	0.0004	-0.0000	-0.0051	0.6341	3.0011	12.6218	3.7015	0.0000	0.0000	0.0000	0.0000	0.0000	0.0000	0.0000	0.0000	0.0000	0.0111	0.0111	0.0000	0.0014	0.0014	0.0000	0.0097	0.0097	0.0000	0.0157	0.0137	0.0020	0.0029	0.0028	0.0001	0.0127	0.0109	0.0019	0.1815	0.1223	0.0592	0.0815	0.0685	0.0130	0.1000	0.0537	0.0462	0.0000	0.0000	0.0000	0.0001	0.0001	0.0000	0.0000	0.0000	0.0000	0.0611	0.0906	0.0001	0.0171	0.0203	0.0000	0.0970	0.1804	0.0001
24	83	0.2022	6	0	2	0	1	0	0	0	0	N	Y	N	N	N	N	N	N	N	N	N	N	0.0008	0.0006	0.0000	0.0160	0.0144	0.0000	0.0000	0.0000	0.0000	0.0009	0.0011	0.0000	0.0051	0.0054	0.0000	0.0000	0.0000	0.0000	1.2424	1.8058	0.0037	0.3221	0.3732	0.0127	2.0702	3.8786	0.0013	0.0000	0.0009	-0.0000	-0.1424	0.6341	2.0032	12.6218	4.2039	0.0000	0.0000	0.0000	0.0000	0.0000	0.0000	0.0000	0.0000	0.0000	0.3114	0.3111	0.0003	0.0382	0.0380	0.0002	0.2732	0.2731	0.0001	0.0105	0.0092	0.0013	0.0019	0.0019	0.0001	0.0086	0.0073	0.0013	0.2506	0.1723	0.0784	0.1187	0.1019	0.0168	0.1320	0.0704	0.0615	0.0008	0.0006	0.0000	0.0160	0.0144	0.0000	0.0000	0.0000	0.0000	1.2424	1.8058	0.0037	0.3221	0.3732	0.0127	2.0702	3.8786	0.0013
24	84	0.1990	6	1	1	1	1	0	0	0	0	N	N	N	N	N	N	N	N	N	N	N	N	0.0000	0.0000	0.0000	0.0000	0.0000	0.0000	0.0000	0.0000	0.0000	0.0000	0.0000	0.0000	0.0000	0.0000	0.0000	0.0000	0.0000	0.0000	0.0811	0.1200	0.0060	0.1858	0.2138	0.0290	0.0034	0.0060	0.0007	0.0260	0.0000	-0.0050	0.6341	1.0052	12.6218	4.9545	0.0000	0.0000	0.0000	0.0000	0.0000	0.0000	0.0000	0.0000	0.0000	0.0116	0.0113	0.0003	0.0113	0.0111	0.0003	0.0003	0.0003	0.0000	0.0054	0.0047	0.0007	0.0011	0.0010	0.0000	0.0043	0.0037	0.0006	0.1433	0.0944	0.0489	0.0610	0.0518	0.0092	0.0823	0.0426	0.0397	0.0000	0.0000	0.0000	0.0000	0.0000	0.0000	0.0000	0.0000	0.0000	0.0811	0.1200	0.0060	0.1858	0.2138	0.0290	0.0034	0.0060	0.0007	
24	85	0.1796	5	1	1	1	1	0	0	0	0	N	N	N	N	N	N	N	N	N	N	N	N	0.0000	0.0000	0.0000	0.0000	0.0000	0.0000	0.0000	0.0000	0.0000	0.0000	0.0000	0.0000	0.0000	0.0000	0.0000	0.0000	0.0000	0.0000	2.5615	3.8033	0.0113	6.9541	8.5917	0.0034	0.1564	0.2833	0.0134	0.0014	0.0000	-0.3127	0.6341	0.9968	12.6218	7.6169	0.0000	0.0000	0.0000	0.0000	0.0000	0.0000	0.0000	0.0000	0.0000	0.6843	0.6833	0.0010	0.6613	0.6612	0.0001	0.0230	0.0221	0.0009	0.0053	0.0046	0.0007	0.0010	0.0009	0.0000	0.0043	0.0037	0.0006	0.2671	0.1797	0.0875	0.1202	0.1018	0.0184	0.1470	0.0779	0.0691	0.0000	0.0000	0.0000	0.0000	0.0000	0.0000	0.0000	0.0000	0.0000	2.5615	3.8033	0.0113	5.5021	6.4959	0.0034	0.1564	0.2833	0.0134	
24	86	0.1996	4	1	2	0	1	0	0	0	0	N	Y	N	N	N	N	N	N	N	N	N	N	0.0000	0.0000	0.0000	0.0000	0.0000	0.0000	0.0000	0.0000	0.0000	0.0000	0.0000	0.0000	0.0000	0.0000	0.0000	0.0000	0.0000	0.0000	0.1927	0.2700	0.0021	0.3923	0.4386	0.0018	0.0015	0.0009	0.0022	0.0000	0.0031	-0.0000	-0.0470	0.6341	5.8060	12.6218	6.1034	0.0000	0.0000	0.0000	0.0000	0.0000	0.0000	0.0000	0.0000	0.0000	0.1033	0.1030	0.0003	0.1029	0.1029	0.0000	0.0004	0.0001	0.0003	0.0353	0.0307	0.0046	0.0082	0.0079	0.0003	0.0271	0.0228	0.0043	0.5362	0.3816	0.1547	0.2624	0.2346	0.0278	0.2739	0.1470	0.1269	0.0000	0.0000	0.0000	0.0000	0.0000	0.0000	0.0000	0.0000	0.0000	0.1927	0.2700	0.0021	0.3923	0.4386	0.0018	0.0015	0.0009	0.0022
24	87	0.1057	3	1	2	0	1	0	0	0	0	N	Y	N	N	N	N	N	N	N	N	N	N	0.0050	0.0001	0.0836	0.0003	0.0003	0.0000	0.0160	0.0002	0.0765	0.0057	0.0001	0.0430	0.0008	0.0008	0.0000	0.0063	0.0000	0.0434	1.1335	1.5202	0.5141	2.5817	2.9475	0.0903	0.3940	0.2091	0.5678	47.8881	0.2111	0.0002	-0.2705	0.6341	12.2869	12.6218	21.7146	0.0003	0.0000	0.0003	0.0000	0.0000	0.0000	0.0003	0.0000	0.0003	0.9524	0.7864	0.1660	0.7333	0.7300	0.0033	0.2191	0.0564	0.1628	0.0591	0.0515	0.0077	0.0067	0.0066	0.0001	0.0525	0.0449	0.0076	0.8403	0.5173	0.3230	0.2840	0.2477	0.0364	0.5562	0.2696	0.2866	0.0050	0.0001	0.0836	0.0003	0.0003	0.0000	0.0160	0.0002	0.0765	1.1335	1.5202	0.5141	2.5817	2.9475	0.0903	0.3940	0.2091	0.5678
24	88	0.2022	6	0	2	0	1	0	0	0	0	N	Y	N	N	N	N	N	N	N	N	N	N	0.0000	0.0000	0.0003	0.0000	0.0000	0.0011	0.0000	0.0000	0.0000	0.0000	0.0000	0.0000	0.0000	0.0000	0.0001	0.0000	0.0000	0.0000	1.7885	2.6376	0.0192	3.9326	4.6315	0.0864	0.0879	0.1615	0.0014	inf	0.0035	0.0000	-0.3138	0.6341	4.0005	12.6218	9.0093	0.0000	0.0000	0.0000	0.0000	0.0000	0.0000	0.0000	0.0000	0.0000	0.6899	0.6875	0.0024	0.6710	0.6687	0.0023	0.0189	0.0188	0.0001	0.0209	0.0182	0.0026	0.0038	0.0037	0.0002	0.0170	0.0145	0.0025	0.3857	0.2606	0.1251	0.1706	0.1444	0.0262	0.2151	0.1163	0.0989	0.0000	0.0000	0.0003	0.0000	0.0000	0.0011	0.0000	0.0000	0.0000	1.7885	2.6376	0.0192	3.9326	4.6315	0.0864	0.0879	0.1615	0.0014
24	89	0.1796	5	0	2	0	1	0	0	0	0	N	Y	N	N	N	N	N	N	N	N	N	N	0.0000	0.0000	0.0000	0.0000	0.0000	0.0000	0.0000	0.0000	0.0000	0.0000	0.0000	0.0000	0.0000	0.0000	0.0000	0.0000	0.0000	0.0000	1.3502	2.0074	0.0109	1.5282	1.8067	0.0155	1.2084	2.2610	0.0096	0.0000	0.0027	-0.0000	-0.1850	0.6341	1.0051	12.6218	9.2650	0.0000	0.0000	0.0000	0.0000	0.0000	0.0000	0.0000	0.0000	0.0000	0.4058	0.4048	0.0011	0.2037	0.2033	0.0003	0.2022	0.2014	0.0008	0.0053	0.0047	0.0007	0.0010	0.0009	0.0000	0.0044	0.0037	0.0006	0.3006	0.2016	0.0990	0.1333	0.1125	0.0207	0.1673	0.0891	0.0782	0.0000	0.0000	0.0000	0.0000	0.0000	0.0000	0.0000	0.0000	0.0000	1.3502	2.0074	0.0109	1.5282	1.8067	0.0155	1.2084	2.2610	0.0096
24	90	0.2280	5	0	1	1	1	0	0	0	0	N	N	N	N	N	N	N	N	N	N	N	N	0.0008	0.0000	0.0025	0.0000	0.0000	0.0001	0.0008	0.0000	0.0027	0.0000	0.0000	0.0003	0.0000	0.0000	0.0000	0.0000	0.0000	0.0003	0.0467	0.0053	0.1327	0.0235	0.0115	0.2269	0.0577	0.0001	0.1271	inf	12.0748	0.0000	0.0062	0.6341	2.3559	12.6218	7.1930	0.0000	0.0000	0.0000	0.0000	0.0000	0.0000	0.0000	0.0000	0.0000	0.0134	0.0010	0.0123	0.0022	0.0010	0.0012	0.0112	0.0000	0.0112	0.0131	0.0116	0.0016	0.0024	0.0024	0.0000	0.0107	0.0092	0.0015	0.2862	0.1933	0.0929	0.0928	0.0876	0.0052	0.1934	0.1057	0.0877	0.0008	0.0000	0.0025	0.0000	0.0000	0.0001	0.0008	0.0000	0.0027	0.0467	0.0053	0.1327	0.0235	0.0115	0.2269	0.0577	0.0001	0.1271
24	91	0.1952	4	0	1	0	1	0	0	0	0	N	N	N	N	N	N	N	N	N	N	N	N	0.0024	0.0000	0.0120	0.0007	0.0000	0.0128	0.0078	0.0000	0.0257	0.0006	0.0000	0.0051	0.0003	0.0000	0.0288	0.0007	0.0000	0.0045	0.2438	0.1666	0.4224	0.4560	0.2916	2.2523	0.0856	0.0072	0.1760	362.9468	1.0953	0.0000	0.0125	0.6341	4.9284	12.6218	11.0439	0.0000	0.0000	0.0000	0.0000	0.0000	0.0000	0.0000	0.0000	0.0000	0.1949	0.0930	0.1019	0.1558	0.0913	0.0645	0.0392	0.0018	0.0374	0.0381	0.0337	0.0043	0.0095	0.0094	0.0001	0.0285	0.0243	0.0042	0.7996	0.5583	0.2413	0.3416	0.3129	0.0286	0.4580	0.2454	0.2126	0.0024	0.0000	0.0120	0.0007	0.0000	0.0128	0.0078	0.0000	0.0257	0.2438	0.1666	0.4224	0.4560	0.2916	2.2523	0.0856	0.0072	0.1760
24	92	0.1057	3	0	1	0	1	0	0	0	0	N	N	N	N	N	N	N	N	N	N	N	N	0.0002	0.0003	0.0000	0.0004	0.0013	0.0000	0.0000	0.0000	0.0000	0.0007	0.0008	0.0002	0.0058	0.0059	0.0000	0.0000	0.0000	0.0002	4.0175	2.3390	6.3563	14.6999	4.6173	60.1284	1.9000	0.2261	3.4644	0.0306	1.6996	-0.0000	0.5492	0.6341	3.9161	12.6218	29.2065	0.0000	0.0000	0.0000	0.0000	0.0000	0.0000	0.0000	0.0000	0.0000	3.2080	1.1883	2.0197	2.1713	1.1287	1.0426	1.0367	0.0596	0.9771	0.0196	0.0170	0.0026	0.0022	0.0022	0.0000	0.0174	0.0148	0.0026	0.8258	0.5081	0.3177	0.2802	0.2445	0.0357	0.5457	0.2636	0.2821	0.0002	0.0003	0.0000	0.0008	0.0013	0.0000	0.0000	0.0000	0.0000	3.8847	2.3390	6.3563	7.7504	4.6173	29.2059	1.9000	0.2261	3.4644
24	93	0.6462	9	1	2	0	1	0	0	0	0	N	Y	N	N	N	N	N	N	N	N	N	N	0.0000	0.0000	0.0000	0.0000	0.0000	0.0000	0.0000	0.0000	0.0000	0.0000	0.0000	0.0000	0.0000	0.0000	0.0000	0.0000	0.0000	0.0000	9.6373	15.5447	0.0973	3.0108	3.7119	0.1989	13.7993	24.6669	0.0195	0.0040	0.0000	-0.6075	0.6341	2.5103	12.6218	7.4742	0.0000	0.0000	0.0000	0.0000	0.0000	0.0000	0.0000	0.0000	0.0000	1.3370	1.3317	0.0054	0.3604	0.3556	0.0048	0.9767	0.9761	0.0006	0.0113	0.0099	0.0014	0.0048	0.0044	0.0003	0.0066	0.0055	0.0011	0.1905	0.1354	0.0551	0.1197	0.0958	0.0239	0.0708	0.0396	0.0312	0.0000	0.0000	0.0000	0.0000	0.0000	0.0000	0.0000	0.0000	0.0000	7.0197	9.8370	0.0973	3.0108	3.7119	0.1989	13.7993	24.6669	0.0195	
24	94	0.6100	8	0	2	0	1	0	0	0	0	N	Y	N	N	N	N	N	N	N	N	N	N	0.0000	0.0000	0.0000	0.0000	0.0000	0.0000	0.0000	0.0000	0.0000	0.0000	0.0000	0.0000	0.0000	0.0000	0.0000	0.0000	0.0000	0.0000	2.4432	2.8611	1.3979	3.9780	4.0891	3.5080	0.2382	0.3955	0.0221	0.1954	0.0000	-0.1724	0.6341	7.1305	12.6218	3.2426	0.0000	0.0000	0.0000	0.0000	0.0000	0.0000	0.0000	0.0000	0.0000	0.5846	0.4891	0.0956	0.5612	0.4666	0.0946	0.0234	0.0225	0.0009	0.0363	0.0320	0.0043	0.0139	0.0131	0.0008	0.0224	0.0189	0.0035	0.2393	0.1709	0.0684	0.1411	0.1141	0.0270	0.0982	0.0568	0.0414	0.0000	0.0000	0.0000	0.0000	0.0000	0.0000	0.0000	0.0000	0.0000	2.4432	2.8611	1.3979	3.9780	4.0891	3.5080	0.2382	0.3955	0.0221	
24	95	0.1796	5	1	2	0	1	0	0	0	0	N	Y	N	N	N	N	N	N	N	N	N	N	0.0005	0.0000	0.5865	0.0000	0.0000	0.0000	0.0004	0.0000	0.5552	0.0002	0.0000	0.0019	0.0000	0.0000	0.0000	0.0003	0.0000	0.0020	0.5079	0.7643	0.0033	0.2378	0.2848	0.0017	0.6959	1.2762	0.0037	inf	0.0022	0.0000	-0.1569	0.6341	8.0000	12.6218	22.5660	0.0000	0.0000	0.0000	0.0000	0.0000	0.0000	0.0000	0.0000	0.0000	0.3438	0.3431	0.0008	0.0661	0.0660	0.0001	0.2778	0.2771	0.0007	0.0411	0.0359	0.0052	0.0074	0.0071	0.0003	0.0337	0.0288	0.0049	0.6770	0.4489	0.2282	0.2779	0.2318	0.0461	0.3992	0.2171	0.1820	0.0005	0.0000	0.5865	0.0000	0.0000	0.0000	0.0004	0.0000	0.5552	0.5079	0.7643	0.0033	0.2378	0.2848	0.0017	0.6959	1.2762	0.0037
24	96	0.1057	3	0	1	0	1	0	0	0	0	N	N	N	N	N	N	N	N	N	N	N	N	0.0240	0.0175	0.0000	0.0767	0.0698	0.0000	0.0000	0.0000	0.0000	0.0711	0.0817	0.0000	0.6318	0.6396	0.0000	0.0000	0.0000	0.0000	2.9624	4.6729	0.2686	8.2423	9.1601	0.0047	1.4469	2.6946	0.3018	0.0000	0.0363	-0.0018	-0.9880	0.6341	11.9964	12.6218	18.8414	0.0041	0.0041	0.0000	0.0041	0.0041	0.0000	0.0000	0.0000	0.0000	2.3335	2.2519	0.0817	1.5843	1.5842	0.0002	0.7492	0.6677	0.0815	0.0578	0.0503	0.0075	0.0065	0.0064	0.0001	0.0513	0.0439	0.0074	0.7877	0.4838	0.3040	0.2699	0.2360	0.0339	0.5178	0.2478	0.2700	0.0240	0.0176	0.0000	0.1076	0.0953	0.0000	0.0000	0.0000	0.0000	2.9624	4.6550	0.2686	5.8699	6.7135	0.0047	1.4469	2.6946	0.3018
24	98	0.2101	7	1	2	1	1	0	0	0	0	N	Y	N	N	N	N	N	N	N	N	N	N	0.0000	0.0000	0.0000	0.0000	0.0000	0.0000	0.0000	0.0000	0.0000	0.0000	0.0000	0.0000	0.0000	0.0000	0.0000	0.0000	0.0000	0.0000	2.4216	3.5427	0.1083	0.2842	0.2592	0.4021	4.1116	7.4122	0.0173	0.0148	0.0000	-0.4305	0.6341	0.9502	12.6218	16.1595	0.0000	0.0000	0.0000	0.0000	0.0000	0.0000	0.0000	0.0000	0.0000	0.9700	0.9558	0.0142	0.0503	0.0378	0.0124	0.9197	0.9180	0.0017	0.0058	0.0051	0.0007	0.0015	0.0014	0.0001	0.0043	0.0037	0.0006	0.4006	0.2698	0.1307	0.1769	0.1460	0.0309	0.2237	0.1239	0.0998	0.0000	0.0000	0.0000	0.0000	0.0000	0.0000	0.0000	0.0000	0.0000	2.4216	3.5427	0.1083	0.2842	0.2592	0.4021	4.1116	7.4122	0.0173	
24	99	0.1057	3	0	2	0	1	0	0	0	0	N	Y	N	N	N	N	N	N	N	N	N	N	0.0357	0.0273	0.0000	0.2305	0.2047	0.0000	0.0000	0.0000	0.0000	0.0711	0.0817	0.0000	0.6318	0.6396	0.0000	0.0000	0.0000	0.0000	1.9896	2.9960	0.3996	2.7407	3.1240	0.0092	1.5887	2.8689	0.4481	0.0000	0.0844	-0.0018	-0.5552	0.6341	11.9964	12.6218	15.6499	0.0041	0.0041	0.0000	0.0041	0.0041	0.0000	0.0000	0.0000	0.0000	1.4591	1.3455	0.1136	0.6995	0.6992	0.0003	0.7596	0.6463	0.1133	0.0578	0.0503	0.0075	0.0065	0.0064	0.0001	0.0513	0.0439	0.0074	0.7334	0.4491	0.2843	0.2552	0.2238	0.0314	0.4781	0.2253	0.2529	0.0357	0.0273	0.0000	0.2305	0.2047	0.0000	0.0000	0.0000	0.0000	1.9896	2.9960	0.3996	2.7407	3.1240	0.0092	1.5887	2.8689	0.4481
24	100	0.2131	8	1	1	1	1	0	0	0	0	N	N	N	N	N	N	N	N	N	N	N	N	0.0000	0.0000	0.0000	0.0000	0.0000	0.0000	0.0000	0.0000	0.0000	0.0000	0.0000	0.0000	0.0000	0.0000	0.0000	0.0000	0.0000	0.0000	0.2448	0.3510	0.0304	0.5236	0.6367	0.0004	0.0195	0.0025	0.0398	0.0429	0.0000	-0.0366	0.6341	1.0008	12.6218	13.9255	0.0000	0.0000	0.0000	0.0000	0.0000	0.0000	0.0000	0.0000	0.0000	0.0877	0.0841	0.0036	0.0838	0.0838	0.0000	0.0039	0.0003	0.0036	0.0053	0.0047	0.0007	0.0012	0.0011	0.0001	0.0042	0.0036	0.0006	0.3582	0.2395	0.1186	0.1601	0.1316	0.0285	0.1981	0.1079	0.0902	0.0000	0.0000	0.0000	0.0000	0.0000	0.0000	0.0000	0.0000	0.0000	0.2448	0.3510	0.0304	0.5236	0.6367	0.0004	0.0195	0.0025	0.0398	
24	101	0.2101	7	1	1	1	1	0	0	0	0	N	N	N	N	N	N	N	N	N	N	N	N	0.0000	0.0000	0.0000	0.0000	0.0000	0.0000	0.0000	0.0000	0.0000	0.0000	0.0000	0.0000	0.0000	0.0000	0.0000	0.0000	0.0000	0.0000	0.4612	0.5304	0.2930	0.7588	0.7642	0.7366	0.0976	0.1423	0.0329	0.2274	0.0000	-0.0147	0.6341	0.0532	12.6218	2.0467	0.0000	0.0000	0.0000	0.0000	0.0000	0.0000	0.0000	0.0000	0.0000	0.0540	0.0440	0.0100	0.0489	0.0396	0.0093	0.0051	0.0044	0.0007	0.0010	0.0009	0.0001	0.0004	0.0004	0.0000	0.0006	0.0005	0.0001	0.1171	0.0830	0.0342	0.0644	0.0518	0.0126	0.0527	0.0312	0.0215	0.0000	0.0000	0.0000	0.0000	0.0000	0.0000	0.0000	0.0000	0.0000	0.4612	0.5304	0.2930	0.7588	0.7642	0.7366	0.0976	0.1423	0.0329	
24	102	0.2005	6	1	1	1	1	0	0	0	0	N	N	N	N	N	N	N	N	N	N	N	N	0.0000	0.0000	0.0000	0.0000	0.0000	0.0000	0.0000	0.0000	0.0000	0.0000	0.0000	0.0000	0.0000	0.0000	0.0000	0.0000	0.0000	0.0000	0.4869	0.6160	0.1875	0.5448	0.5376	0.5760	0.4273	0.7288	0.0077	0.1313	0.0000	-0.0307	0.6341	2.0948	12.6218	3.0326	0.0000	0.0000	0.0000	0.0000	0.0000	0.0000	0.0000	0.0000	0.0000	0.0896	0.0792	0.0104	0.0509	0.0408	0.0101	0.0387	0.0384	0.0003	0.0119	0.0104	0.0015	0.0028	0.0027	0.0001	0.0091	0.0077	0.0013	0.1841	0.1286	0.0555	0.0934	0.0759	0.0175	0.0906	0.0527	0.0379	0.0000	0.0000	0.0000	0.0000	0.0000	0.0000	0.0000	0.0000	0.0000	0.4869	0.6160	0.1875	0.5448	0.5376	0.5760	0.4273	0.7288	0.0077	
24	103	0.1796	5	1	1	1	1	0	0	0	0	N	N	N	N	N	N	N	N	N	N	N	N	0.0000	0.0000	0.0000	0.0000	0.0000	0.0000	0.0000	0.0000	0.0000	0.0000	0.0000	0.0000	0.0000	0.0000	0.0000	0.0000	0.0000	0.0000	7.9430	12.9129	0.0147	6.8112	8.3213	0.0020	6.7892	12.7896	0.0181	0.0008	0.0000	-0.7659	0.6341	3.9484	12.6218	4.8420	0.0000	0.0000	0.0000	0.0000	0.0000	0.0000	0.0000	0.0000	0.0000	1.6737	1.6724	0.0013	0.6612	0.6612	0.0000	1.0125	1.0113	0.0013	0.0206	0.0180	0.0026	0.0037	0.0036	0.0002	0.0169	0.0145	0.0025	0.2707	0.1820	0.0887	0.1216	0.1029	0.0186	0.1491	0.0791	0.0701	0.0000	0.0000	0.0000	0.0000	0.0000	0.0000	0.0000	0.0000	0.0000	6.1822	9.1883	0.0147	5.4377	6.4223	0.0020	6.7892	12.7896	0.0181	
24	104	0.1380	4	0	2	0	1	0	0	0	0	N	Y	N	N	N	N	N	N	N	N	N	N	0.0000	0.0000	0.0000	0.0000	0.0000	0.0041	0.0000	0.0000	0.0000	0.0000	0.0000	0.0000	0.0000	0.0000	0.0001	0.0000	0.0000	0.0000	0.1271	0.0822	0.2080	0.1582	0.1780	0.0324	0.1110	0.0021	0.2339	inf	1.4023	0.0000	0.0153	0.6341	8.9557	12.6218	32.3127	0.0000	0.0000	0.0000	0.0000	0.0000	0.0000	0.0000	0.0000	0.0000	0.1220	0.0508	0.0712	0.0515	0.0501	0.0014	0.0705	0.0007	0.0698	0.0509	0.0447	0.0062	0.0101	0.0098	0.0003	0.0408	0.0349	0.0059	0.9604	0.6179	0.3425	0.3256	0.2815	0.0441	0.6347	0.3364	0.2984	0.0000	0.0000	0.0000	0.0000	0.0000	0.0041	0.0000	0.0000	0.0000	0.1271	0.0822	0.2080	0.1582	0.1780	0.0324	0.1110	0.0021	0.2339
24	105	0.1634	5	0	1	1	1	0	0	0	0	N	N	N	N	N	N	N	N	N	N	N	N	0.0004	0.0000	0.0060	0.0000	0.0000	0.0170	0.0017	0.0000	0.0053	0.0000	0.0000	0.0000	0.0000	0.0000	0.0000	0.0000	0.0000	0.0000	0.0040	0.0049	0.0021	0.0087	0.0101	0.0004	0.0012	0.0003	0.0024	inf	0.2126	0.0000	-0.0003	0.6341	4.2679	12.6218	7.8415	0.0000	0.0000	0.0000	0.0000	0.0000	0.0000	0.0000	0.0000	0.0000	0.0012	0.0010	0.0002	0.0010	0.0010	0.0000	0.0002	0.0000	0.0002	0.0246	0.0212	0.0033	0.0048	0.0046	0.0001	0.0198	0.0166	0.0032	0.3033	0.2014	0.1019	0.1113	0.0955	0.0158	0.1920	0.1058	0.0861	0.0004	0.0000	0.0060	0.0000	0.0000	0.0170	0.0017	0.0000	0.0053	0.0040	0.0049	0.0021	0.0087	0.0101	0.0004	0.0012	0.0003	0.0024
24	106	0.1380	4	0	1	0	1	0	0	0	0	N	N	N	N	N	N	N	N	N	N	N	N	0.0000	0.0000	0.0000	0.0000	0.0000	0.0156	0.0000	0.0000	0.0000	0.0000	0.0000	0.0000	0.0000	0.0000	0.0003	0.0000	0.0000	0.0000	4.0519	2.3666	7.2801	3.6438	4.2025	0.0185	4.0854	0.0051	7.9291	1.0097	1.5564	0.0000	0.2463	0.6341	1.9301	12.6218	9.0954	0.0000	0.0000	0.0000	0.0000	0.0000	0.0000	0.0000	0.0000	0.0000	1.6369	0.6403	0.9966	0.6402	0.6397	0.0004	0.9967	0.0006	0.9961	0.0158	0.0141	0.0017	0.0051	0.0049	0.0001	0.0107	0.0092	0.0016	0.4197	0.2706	0.1491	0.1757	0.1522	0.0235	0.2440	0.1183	0.1256	0.0000	0.0000	0.0000	0.0000	0.0000	0.0156	0.0000	0.0000	0.0000	3.9005	2.3666	6.6844	3.6438	4.2025	0.0185	4.0854	0.0051	7.9291
24	107	0.1057	3	0	1	0	1	0	0	0	0	N	N	N	N	N	N	N	N	N	N	N	N	0.0000	0.0000	0.0000	0.0000	0.0000	0.0000	0.0000	0.0000	0.0000	0.0000	0.0000	0.0000	0.0000	0.0000	0.0000	0.0000	0.0000	0.0000	0.7318	0.8736	0.5199	1.3624	1.4725	0.4047	0.3327	0.0454	0.5327	0.0000	0.3985	-0.0000	-0.0604	0.6341	3.9049	12.6218	9.6098	0.0000	0.0000	0.0000	0.0000	0.0000	0.0000	0.0000	0.0000	0.0000	0.3480	0.2488	0.0991	0.2511	0.2434	0.0077	0.0969	0.0054	0.0915	0.0195	0.0169	0.0026	0.0022	0.0022	0.0000	0.0173	0.0148	0.0025	0.4755	0.2848	0.1907	0.1843	0.1653	0.0190	0.2912	0.1195	0.1717	0.0000	0.0000	0.0000	0.0000	0.0000	0.0000	0.0000	0.0000	0.0000	0.7318	0.8736	0.5199	1.3624	1.4725	0.4047	0.3327	0.0454	0.5327
24	108	0.1268	5	0	2	0	1	0	0	0	0	N	Y	N	N	N	N	N	N	N	N	N	N	0.0705	0.0537	0.0000	5.6241	63.7944	0.0000	0.0000	0.0000	0.0000	0.0970	0.1118	0.0000	0.7735	0.7875	0.0000	0.0000	0.0000	0.0000	1.3761	2.0821	0.1179	0.1375	0.0123	0.9644	1.9709	3.7076	0.0039	0.0000	0.0318	-0.0018	-0.4425	0.6341	8.0392	12.6218	22.6195	0.0041	0.0041	0.0000	0.0041	0.0041	0.0000	0.0000	0.0000	0.0000	1.0349	1.0030	0.0319	0.0336	0.0026	0.0309	1.0013	1.0004	0.0009	0.0422	0.0367	0.0056	0.0053	0.0052	0.0001	0.0369	0.0315	0.0055	0.7520	0.4817	0.2703	0.2440	0.2119	0.0321	0.5080	0.2698	0.2382	0.0705	0.0537	0.0000	5.6241	63.7944	0.0000	0.0000	0.0000	0.0000	1.3761	2.0821	0.1179	0.1375	0.0123	0.9644	1.9709	3.7076	0.0039
24	109	0.1268	4	0	1	0	1	0	0	0	0	N	N	N	N	N	N	N	N	N	N	N	N	0.0791	0.0655	0.1417	0.0936	0.0975	0.1718	0.1352	0.0025	0.3699	0.0316	0.0189	0.0960	0.0759	0.0454	0.9553	0.0067	0.0001	0.0280	0.3989	0.2890	0.6774	0.8105	0.4659	5.5592	0.0494	0.0267	0.0756	0.9947	0.9255	0.0000	0.0015	0.6341	0.2031	12.6218	2.0398	0.0001	0.0000	0.0000	0.0001	0.0000	0.0000	0.0000	0.0000	0.0000	0.0692	0.0359	0.0332	0.0645	0.0346	0.0299	0.0046	0.0013	0.0033	0.0027	0.0023	0.0004	0.0010	0.0010	0.0000	0.0018	0.0013	0.0004	0.1734	0.1243	0.0491	0.0796	0.0742	0.0054	0.0938	0.0501	0.0437	0.0791	0.0655	0.1417	0.0936	0.0975	0.1718	0.1352	0.0025	0.3699	0.3989	0.2890	0.6774	0.8105	0.4659	5.5592	0.0494	0.0267	0.0756
24	110	0.7074	10	1	1	1	1	0	0	0	0	N	N	N	N	N	N	N	N	N	N	N	N	0.0000	0.0000	0.0000	0.0000	0.0000	0.0000	0.0000	0.0000	0.0000	0.0000	0.0000	0.0000	0.0000	0.0000	0.0000	0.0000	0.0000	0.0000	0.0000	0.0000	0.6341	0.0001	12.6218	0.0001	0.0000	0.0000	0.0000	0.0000	0.0000	0.0000	0.0000	0.0000	0.0000	0.0000	0.0000	0.0000	0.0000	0.0000	0.0000	0.0000	0.0000	0.0000	0.0004	0.0003	0.0001	0.0002	0.0002	0.0000	0.0002	0.0001	0.0001	0.0003	0.0002	0.0001	0.0001	0.0001	0.0000	0.0001	0.0000	0.0001	0.0000	0.0000	0.0000	0.0000	0.0000	0.0000	0.0000	0.0000	0.0000	0.0000	0.0000	0.0000	0.0000	0.0000	0.0000	0.0000	0.0000	0.0000											
24	111	0.6935	9	1	1	1	1	0	0	0	0	N	N	N	N	N	N	N	N	N	N	N	N	0.0000	0.0000	0.0000	0.0000	0.0000	0.0000	0.0000	0.0000	0.0000	0.0000	0.0000	0.0000	0.0000	0.0000	0.0000	0.0000	0.0000	0.0000	0.0086	0.0012	0.0277	0.0143	0.0018	0.0931	0.0009	0.0000	0.0019	8.8200	0.0000	0.0004	0.6341	1.6718	12.6218	2.9223	0.0000	0.0000	0.0000	0.0000	0.0000	0.0000	0.0000	0.0000	0.0000	0.0008	0.0001	0.0008	0.0008	0.0001	0.0007	0.0000	0.0000	0.0000	0.0076	0.0066	0.0010	0.0024	0.0023	0.0001	0.0051	0.0043	0.0008	0.0982	0.0709	0.0273	0.0561	0.0484	0.0077	0.0421	0.0226	0.0196	0.0000	0.0000	0.0000	0.0000	0.0000	0.0000	0.0000	0.0000	0.0000	0.0086	0.0012	0.0277	0.0143	0.0018	0.0931	0.0009	0.0000	0.0019	
24	112	0.6100	8	1	1	1	1	0	0	0	0	N	N	N	N	N	N	N	N	N	N	N	N	0.0000	0.0000	0.0000	0.0000	0.0000	0.0000	0.0000	0.0000	0.0000	0.0000	0.0000	0.0000	0.0000	0.0000	0.0000	0.0000	0.0000	0.0000	0.6972	0.0057	2.3548	1.2286	0.0086	6.8870	0.0145	0.0003	0.0324	171.8209	0.0000	0.1431	0.6341	14.0283	12.6218	7.1084	0.0000	0.0000	0.0000	0.0000	0.0000	0.0000	0.0000	0.0000	0.0000	0.2671	0.0015	0.2656	0.2647	0.0015	0.2632	0.0024	0.0000	0.0024	0.0585	0.0512	0.0072	0.0204	0.0191	0.0013	0.0381	0.0322	0.0059	0.3831	0.2704	0.1128	0.2155	0.1772	0.0382	0.1677	0.0931	0.0746	0.0000	0.0000	0.0000	0.0000	0.0000	0.0000	0.0000	0.0000	0.0000	0.6972	0.0057	2.3548	1.2286	0.0086	6.8870	0.0145	0.0003	0.0324	
24	113	0.5497	7	0	1	0	1	0	0	0	0	N	N	N	N	N	N	N	N	N	N	N	N	0.0000	0.0000	0.0000	0.0000	0.0000	0.0000	0.0000	0.0000	0.0000	0.0000	0.0000	0.0000	0.0000	0.0000	0.0000	0.0000	0.0000	0.0000	0.9455	0.6749	1.5939	1.2333	0.7855	3.1087	0.5186	0.4364	0.6210	0.0000	0.9854	-0.0000	0.0189	0.6341	8.6129	12.6218	5.1709	0.0000	0.0000	0.0000	0.0000	0.0000	0.0000	0.0000	0.0000	0.0000	0.4987	0.2512	0.2475	0.3885	0.1997	0.1888	0.1101	0.0514	0.0587	0.0556	0.0498	0.0059	0.0199	0.0191	0.0009	0.0357	0.0307	0.0050	0.5274	0.3721	0.1553	0.3150	0.2543	0.0607	0.2124	0.1178	0.0946	0.0000	0.0000	0.0000	0.0000	0.0000	0.0000	0.0000	0.0000	0.0000	0.9455	0.6749	1.5939	1.2333	0.7855	3.1087	0.5186	0.4364	0.6210
24	114	0.4546	6	0	1	0	1	0	0	0	0	N	N	N	N	N	N	N	N	N	N	N	N	0.0002	0.0009	0.0000	0.0000	0.0000	0.0000	0.0009	0.0013	0.0001	0.0002	0.0002	0.0000	0.0000	0.0000	0.0000	0.0003	0.0003	0.0000	1.0454	0.2590	2.8769	1.7656	0.2602	11.1058	0.3010	0.2569	0.3514	0.0229	4.7691	-0.0000	0.3434	0.6341	16.8607	12.6218	22.7724	0.0000	0.0000	0.0000	0.0000	0.0000	0.0000	0.0000	0.0000	0.0000	0.9324	0.1616	0.7708	0.8004	0.1015	0.6989	0.1320	0.0602	0.0719	0.0849	0.0749	0.0100	0.0248	0.0234	0.0014	0.0601	0.0515	0.0086	0.8919	0.6240	0.2679	0.4533	0.3899	0.0634	0.4386	0.2341	0.2045	0.0002	0.0009	0.0000	0.0000	0.0000	0.0000	0.0009	0.0013	0.0001	1.0454	0.2590	2.8769	1.7656	0.2602	11.0212	0.3010	0.2569	0.3514
24	115	0.1859	5	1	1	1	1	0	0	0	0	N	N	N	N	N	N	N	N	N	N	N	N	0.0000	0.0000	0.0000	0.0000	0.0000	0.0000	0.0000	0.0000	0.0000	0.0000	0.0000	0.0000	0.0000	0.0000	0.0000	0.0000	0.0000	0.0000	0.0062	0.0089	0.0000	0.0017	0.0019	0.0000	0.0101	0.0183	0.0000	0.0006	0.0000	-0.0005	0.6341	1.0009	12.6218	4.0038	0.0000	0.0000	0.0000	0.0000	0.0000	0.0000	0.0000	0.0000	0.0000	0.0012	0.0012	0.0000	0.0001	0.0001	0.0000	0.0010	0.0010	0.0000	0.0055	0.0048	0.0007	0.0011	0.0010	0.0000	0.0045	0.0038	0.0007	0.1862	0.1300	0.0562	0.0848	0.0743	0.0105	0.1014	0.0557	0.0457	0.0000	0.0000	0.0000	0.0000	0.0000	0.0000	0.0000	0.0000	0.0000	0.0062	0.0089	0.0000	0.0017	0.0019	0.0000	0.0101	0.0183	0.0000	
24	116	0.1575	4	1	1	1	1	0	0	0	0	N	N	N	N	N	N	N	N	N	N	N	N	0.0000	0.0000	0.0000	0.0002	0.0002	0.0000	0.0000	0.0000	0.0000	0.0000	0.0000	0.0000	0.0001	0.0001	0.0000	0.0000	0.0000	0.0000	2.8401	4.2823	0.0259	0.2188	0.2544	0.0136	4.5549	8.4694	0.0285	0.0062	0.0031	-0.0000	-0.4139	0.6341	1.8441	12.6218	10.4794	0.0000	0.0000	0.0000	0.0000	0.0000	0.0000	0.0000	0.0000	0.0000	0.9091	0.9063	0.0028	0.0277	0.0274	0.0003	0.8814	0.8789	0.0026	0.0121	0.0106	0.0015	0.0040	0.0037	0.0003	0.0081	0.0069	0.0012	0.3201	0.2116	0.1085	0.1266	0.1079	0.0187	0.1935	0.1038	0.0897	0.0000	0.0000	0.0000	0.0002	0.0002	0.0000	0.0000	0.0000	0.0000	2.8401	4.2823	0.0259	0.2188	0.2544	0.0136	4.5549	8.4694	0.0285
24	117	0.3418	4	0	2	0	2	0	0	0	0	N	Y	N	Y	N	N	N	N	N	N	N	N	0.0005	0.0114	0.0000	0.0113	0.0257	0.0000	0.0000	0.0000	0.0000	0.0004	0.0005	0.0000	0.0014	0.0015	0.0000	0.0000	0.0000	0.0000	0.8974	0.0422	2.9664	0.1240	0.0568	0.6174	1.6886	0.0173	3.5809	0.0001	29.0818	-0.0000	0.4530	0.6341	10.5071	12.6218	20.2622	0.0000	0.0000	0.0000	0.0000	0.0000	0.0000	0.0000	0.0000	0.0000	0.8910	0.0296	0.8614	0.0623	0.0251	0.0372	0.8287	0.0045	0.8242	0.0624	0.0553	0.0071	0.0190	0.0182	0.0008	0.0434	0.0370	0.0063	0.9929	0.7025	0.2904	0.5021	0.4419	0.0602	0.4908	0.2606	0.2302	0.0005	0.0114	0.0000	0.0113	0.0257	0.0000	0.0000	0.0000	0.0000	0.8974	0.0422	2.9664	0.1240	0.0568	0.6174	1.6886	0.0173	3.5809
24	118	0.1057	3	0	2	0	2	0	0	0	0	N	Y	N	Y	N	N	N	N	N	N	N	N	0.0000	0.0000	0.0000	0.0000	0.0000	0.0000	0.0000	0.0000	0.0000	0.0000	0.0000	0.0000	0.0000	0.0000	0.0000	0.0000	0.0000	0.0000	1.3158	0.0706	3.2959	3.4079	0.1173	51.1780	0.2223	0.0259	0.4019	29.3654	0.0000	0.5228	0.6341	4.0036	12.6218	26.5072	0.0000	0.0000	0.0000	0.0000	0.0000	0.0000	0.0000	0.0000	0.0000	1.0278	0.0338	0.9939	0.9138	0.0275	0.8863	0.1140	0.0063	0.1077	0.0199	0.0173	0.0026	0.0022	0.0022	0.0000	0.0177	0.0151	0.0026	0.7811	0.4796	0.3016	0.2681	0.2345	0.0336	0.5130	0.2451	0.2679	0.0000	0.0000	0.0000	0.0000	0.0000	0.0000	0.0000	0.0000	0.0000	1.3158	0.0706	3.2959	3.4079	0.1173	26.3491	0.2223	0.0259	0.4019	
24	119	0.1441	4	0	2	0	1	0	0	0	0	N	Y	N	N	N	N	N	N	N	N	N	N	0.0000	0.0000	0.0000	0.0000	0.0000	0.0000	0.0000	0.0000	0.0000	0.0000	0.0000	0.0000	0.0000	0.0000	0.0000	0.0000	0.0000	0.0000	3.2002	2.4123	4.7157	4.2257	4.9372	0.0041	2.6104	0.1287	5.5734	1.0162	0.0000	0.0903	0.6341	3.8169	12.6218	21.2433	0.0000	0.0000	0.0000	0.0000	0.0000	0.0000	0.0000	0.0000	0.0000	1.9786	0.9814	0.9973	0.9540	0.9539	0.0001	1.0246	0.0275	0.9971	0.0266	0.0231	0.0035	0.0080	0.0073	0.0007	0.0186	0.0158	0.0029	0.6183	0.4068	0.2115	0.2258	0.1932	0.0326	0.3925	0.2136	0.1789	0.0000	0.0000	0.0000	0.0000	0.0000	0.0000	0.0000	0.0000	0.0000	3.2002	2.4123	4.7157	4.2257	4.9372	0.0041	2.6104	0.1287	5.5734	
24	120	0.4898	8	0	2	0	1	0	0	0	0	N	Y	N	N	N	N	N	N	N	N	N	N	0.0371	0.0000	0.8154	0.0025	0.0000	1.2922	0.2149	0.0000	0.6710	0.0375	0.0000	0.3127	0.0041	0.0000	0.0941	0.0537	0.0000	0.3421	1.0106	1.2796	0.3835	1.6117	1.8947	0.0728	0.2499	0.0067	0.5099	284314.2459	0.1286	0.0019	-0.5182	0.6341	16.3276	12.6218	34.9199	0.0035	0.0000	0.0035	0.0001	0.0000	0.0001	0.0033	0.0000	0.0033	1.5043	1.3330	0.1714	1.3401	1.3307	0.0094	0.1642	0.0023	0.1620	0.0925	0.0814	0.0111	0.0302	0.0289	0.0013	0.0623	0.0525	0.0098	1.4886	1.0417	0.4469	0.8315	0.7023	0.1292	0.6571	0.3394	0.3177	0.0371	0.0000	0.8154	0.0025	0.0000	1.2922	0.2149	0.0000	0.6710	1.0106	1.2796	0.3835	1.6117	1.8947	0.0728	0.2499	0.0067	0.5099
24	121	0.4724	7	0	2	0	1	0	0	0	0	N	Y	N	N	N	N	N	N	N	N	N	N	0.0324	0.0129	0.1319	0.0207	0.0268	0.0150	0.0858	0.0057	0.5156	0.0241	0.0082	0.1319	0.0216	0.0210	0.0348	0.0252	0.0018	0.1418	0.7424	0.6408	1.0000	1.0424	0.7862	2.3121	0.2935	0.3089	0.2750	2.3496	0.6153	0.0002	-0.0570	0.6341	6.1757	12.6218	14.5601	0.0009	0.0003	0.0006	0.0002	0.0002	0.0000	0.0006	0.0000	0.0006	0.7363	0.4559	0.2805	0.6197	0.3889	0.2308	0.1166	0.0670	0.0497	0.0366	0.0319	0.0047	0.0112	0.0107	0.0004	0.0254	0.0212	0.0043	0.9919	0.7114	0.2805	0.5945	0.4947	0.0998	0.3974	0.2167	0.1807	0.0324	0.0129	0.1319	0.0207	0.0268	0.0150	0.0858	0.0057	0.5156	0.7424	0.6408	1.0000	1.0424	0.7862	2.3121	0.2935	0.3089	0.2750
24	122	0.4194	6	0	1	0	1	0	0	0	0	N	N	N	N	N	N	N	N	N	N	N	N	0.0105	0.0040	0.0485	0.0059	0.0080	0.0027	0.0374	0.0013	0.4084	0.0082	0.0028	0.0474	0.0073	0.0073	0.0087	0.0086	0.0004	0.0535	0.7813	0.7034	0.9779	1.2332	0.9051	3.2272	0.2305	0.3144	0.1311	2.2935	0.5508	0.0001	-0.0784	0.6341	7.5400	12.6218	21.4192	0.0004	0.0001	0.0003	0.0001	0.0001	0.0000	0.0003	0.0000	0.0003	0.7597	0.4898	0.2698	0.6587	0.4151	0.2436	0.1010	0.0747	0.0263	0.0456	0.0401	0.0055	0.0150	0.0142	0.0008	0.0306	0.0258	0.0047	0.9723	0.6964	0.2759	0.5341	0.4586	0.0755	0.4382	0.2377	0.2005	0.0105	0.0040	0.0485	0.0059	0.0080	0.0027	0.0374	0.0013	0.4084	0.7813	0.7034	0.9779	1.2332	0.9051	3.2272	0.2305	0.3144	0.1311
24	123	0.1796	5	0	2	0	1	0	0	0	0	N	Y	N	N	N	N	N	N	N	N	N	N	0.0566	0.0895	0.0000	0.3894	0.3395	0.0000	0.0000	0.0000	0.0000	0.1965	0.2251	0.0000	1.0930	1.1399	0.0000	0.0000	0.0000	0.0000	3.4704	2.5150	5.3622	2.8068	3.3575	0.0058	3.9456	1.5846	6.7376	0.0000	1.0767	-0.0018	0.1155	0.6341	4.0019	12.6218	19.5615	0.0041	0.0041	0.0000	0.0041	0.0041	0.0000	0.0000	0.0000	0.0000	1.9220	0.9255	0.9965	0.6486	0.6484	0.0002	1.2734	0.2771	0.9963	0.0209	0.0183	0.0027	0.0038	0.0036	0.0002	0.0172	0.0147	0.0025	0.5538	0.3680	0.1858	0.2311	0.1931	0.0380	0.3227	0.1749	0.1479	0.0566	0.0895	0.0000	0.3894	0.3395	0.0000	0.0000	0.0000	0.0000	3.4704	2.5150	5.3622	2.8068	3.3575	0.0058	3.9456	1.5846	6.7376
24	124	0.1575	4	0	1	0	1	0	0	0	0	N	N	N	N	N	N	N	N	N	N	N	N	0.0000	0.0000	0.0000	0.0000	0.0000	0.0000	0.0000	0.0000	0.0000	0.0000	0.0000	0.0000	0.0000	0.0000	0.0000	0.0000	0.0000	0.0000	1.1825	1.7583	0.0417	2.6364	3.0645	0.0843	0.1923	0.3315	0.0328	0.0120	0.0000	-0.1384	0.6341	1.2223	12.6218	8.2281	0.0000	0.0000	0.0000	0.0000	0.0000	0.0000	0.0000	0.0000	0.0000	0.3100	0.3063	0.0037	0.2800	0.2787	0.0013	0.0300	0.0276	0.0024	0.0089	0.0078	0.0010	0.0035	0.0032	0.0002	0.0054	0.0046	0.0008	0.2621	0.1742	0.0879	0.1062	0.0909	0.0153	0.1559	0.0833	0.0727	0.0000	0.0000	0.0000	0.0000	0.0000	0.0000	0.0000	0.0000	0.0000	1.1825	1.7583	0.0417	2.6364	3.0645	0.0843	0.1923	0.3315	0.0328	
24	125	0.1057	3	0	1	0	1	0	0	0	0	N	N	N	N	N	N	N	N	N	N	N	N	0.0000	0.0000	0.0000	0.0000	0.0000	0.0000	0.0000	0.0000	0.0000	0.0000	0.0000	0.0000	0.0000	0.0000	0.0000	0.0000	0.0000	0.0000	0.3743	0.2808	0.5177	0.4453	0.4779	0.1867	0.3327	0.0464	0.5564	1.2037	-0.0000	0.0186	0.6341	5.9920	12.6218	12.2976	0.0000	0.0000	0.0000	0.0000	0.0000	0.0000	0.0000	0.0000	0.0000	0.2118	0.0961	0.1157	0.0932	0.0889	0.0044	0.1186	0.0073	0.1113	0.0296	0.0257	0.0039	0.0033	0.0033	0.0000	0.0263	0.0225	0.0039	0.5659	0.3424	0.2235	0.2094	0.1859	0.0234	0.3565	0.1564	0.2001	0.0000	0.0000	0.0000	0.0000	0.0000	0.0000	0.0000	0.0000	0.0000	0.3743	0.2808	0.5177	0.4453	0.4779	0.1867	0.3327	0.0464	0.5564	
24	126	0.1428	5	0	2	0	1	0	0	0	0	N	Y	N	N	N	N	N	N	N	N	N	N	0.1310	0.0983	0.0669	0.2975	0.2703	0.0000	0.6881	0.4558	2.0831	0.1463	0.1684	0.0027	0.9626	0.9899	0.0000	0.0006	0.0003	0.0028	1.1171	1.7122	0.0404	3.2355	3.6617	0.3174	0.0009	0.0006	0.0013	0.0025	0.0130	-0.0018	-0.2888	0.6341	5.0407	12.6218	17.1705	0.0041	0.0041	0.0000	0.0040	0.0040	0.0000	0.0000	0.0000	0.0000	0.6482	0.6398	0.0083	0.6478	0.6397	0.0081	0.0004	0.0001	0.0002	0.0278	0.0241	0.0037	0.0042	0.0041	0.0001	0.0235	0.0200	0.0036	0.5802	0.3737	0.2066	0.2002	0.1747	0.0255	0.3800	0.1990	0.1810	0.1310	0.0983	0.0669	0.2975	0.2703	0.0000	0.6881	0.4558	2.0831	1.1171	1.7122	0.0404	3.2355	3.6617	0.3174	0.0009	0.0006	0.0013
24	127	0.1268	4	0	2	0	1	0	0	0	0	N	Y	N	N	N	N	N	N	N	N	N	N	0.0575	0.0809	0.0809	0.1223	0.2224	0.2511	0.1650	0.0186	0.5125	0.0090	0.0063	0.0260	0.0485	0.0335	0.6605	0.0012	0.0000	0.0072	0.1574	0.0782	0.3209	0.3968	0.1506	2.6310	0.0072	0.0011	0.0141	0.6623	1.9888	-0.0000	0.0099	0.6341	1.9703	12.6218	6.2034	0.0001	0.0001	0.0000	0.0001	0.0001	0.0000	0.0000	0.0000	0.0000	0.0480	0.0161	0.0319	0.0467	0.0160	0.0307	0.0013	0.0001	0.0012	0.0119	0.0102	0.0016	0.0020	0.0019	0.0000	0.0099	0.0083	0.0016	0.3051	0.2055	0.0996	0.1176	0.1059	0.0117	0.1875	0.0996	0.0879	0.0575	0.0809	0.0809	0.1223	0.2224	0.2511	0.1650	0.0186	0.5125	0.1574	0.0782	0.3209	0.3968	0.1506	2.6310	0.0072	0.0011	0.0141
24	128	0.1057	3	0	1	0	1	0	0	0	0	N	N	N	N	N	N	N	N	N	N	N	N	0.0027	0.0097	0.0000	0.0066	0.0478	0.0000	0.0000	0.0000	0.0000	0.0077	0.0089	0.0000	0.0680	0.0688	0.0000	0.0000	0.0000	0.0000	2.8402	0.9217	5.6039	10.3121	1.4407	122.6006	0.1266	0.0169	0.1900	0.0000	4.2209	-0.0000	0.3831	0.6341	1.1032	12.6218	7.8190	0.0000	0.0000	0.0000	0.0000	0.0000	0.0000	0.0000	0.0000	0.0000	1.0943	0.2096	0.8847	1.0657	0.2082	0.8575	0.0286	0.0014	0.0272	0.0056	0.0049	0.0007	0.0006	0.0006	0.0000	0.0050	0.0042	0.0007	0.3853	0.2274	0.1579	0.1590	0.1445	0.0145	0.2263	0.0829	0.1434	0.0027	0.0097	0.0000	0.0101	0.0478	0.0000	0.0000	0.0000	0.0000	2.8402	0.9217	5.6039	6.7007	1.4407	59.0501	0.1266	0.0169	0.1900
24	129	0.4487	7	0	2	0	1	0	0	0	0	N	Y	N	N	N	N	N	N	N	N	N	N	0.0000	0.0000	0.0000	0.0000	0.0000	0.0000	0.0000	0.0000	0.0000	0.0000	0.0000	0.0000	0.0000	0.0000	0.0000	0.0000	0.0000	0.0000	0.0000	0.0000	0.0001	0.0000	0.0000	0.0003	0.0000	0.0000	0.0000	1.5277	0.0000	0.0000	0.6341	1.0033	12.6218	0.8635	0.0000	0.0000	0.0000	0.0000	0.0000	0.0000	0.0000	0.0000	0.0000	0.0000	0.0000	0.0000	0.0000	0.0000	0.0000	0.0000	0.0000	0.0000	0.0133	0.0121	0.0013	0.0076	0.0072	0.0004	0.0058	0.0049	0.0008	0.2428	0.1815	0.0613	0.1414	0.1299	0.0115	0.1014	0.0516	0.0498	0.0000	0.0000	0.0000	0.0000	0.0000	0.0000	0.0000	0.0000	0.0000	0.0000	0.0000	0.0001	0.0000	0.0000	0.0003	0.0000	0.0000	0.0000	
24	130	0.4194	6	0	1	0	1	0	0	0	0	N	N	N	N	N	N	N	N	N	N	N	N	0.0000	0.0000	0.0000	0.0000	0.0001	0.0000	0.0000	0.0010	0.0000	0.0000	0.0000	0.0000	0.0001	0.0001	0.0000	0.0000	0.0000	0.0000	1.1428	0.7514	2.1695	1.3693	1.0941	3.1028	0.8425	0.0248	1.8012	0.0105	1.1007	-0.0000	0.0581	0.6341	5.5514	12.6218	9.9598	0.0000	0.0000	0.0000	0.0000	0.0000	0.0000	0.0000	0.0000	0.0000	0.8856	0.4216	0.4640	0.6049	0.4171	0.1878	0.2807	0.0045	0.2762	0.0363	0.0319	0.0044	0.0128	0.0121	0.0006	0.0236	0.0198	0.0037	0.7749	0.5610	0.2139	0.4417	0.3812	0.0605	0.3332	0.1798	0.1534	0.0000	0.0000	0.0000	0.0000	0.0001	0.0000	0.0000	0.0010	0.0000	1.1428	0.7514	2.1695	1.3693	1.0941	3.1028	0.8425	0.0248	1.8012
24	131	0.3891	5	0	1	0	1	0	0	0	0	N	N	N	N	N	N	N	N	N	N	N	N	0.0027	0.0005	0.0292	0.0012	0.0010	0.0127	0.0065	0.0006	0.0281	0.0025	0.0006	0.0171	0.0016	0.0015	0.0039	0.0028	0.0001	0.0187	0.8995	1.0239	0.5859	1.3099	1.4448	0.3093	0.4357	0.2318	0.6648	3.9918	0.2271	0.0000	-0.1939	0.6341	9.1969	12.6218	13.4651	0.0001	0.0000	0.0001	0.0000	0.0000	0.0000	0.0001	0.0000	0.0001	0.7095	0.5782	0.1313	0.5482	0.5328	0.0154	0.1613	0.0454	0.1159	0.0538	0.0476	0.0062	0.0158	0.0152	0.0007	0.0380	0.0325	0.0055	0.7888	0.5647	0.2241	0.4185	0.3687	0.0497	0.3703	0.1959	0.1744	0.0027	0.0005	0.0292	0.0012	0.0010	0.0127	0.0065	0.0006	0.0281	0.8995	1.0239	0.5859	1.3099	1.4448	0.3093	0.4357	0.2318	0.6648
24	132	0.2026	7	1	2	0	2	0	0	0	0	N	Y	N	Y	N	N	N	N	N	N	N	N	0.0000	0.0000	0.0000	0.0000	0.0000	0.0000	0.0000	0.0000	0.0000	0.0000	0.0000	0.0000	0.0000	0.0000	0.0000	10.5222	0.0000	47.5471	0.0037	0.0000	0.0223	12.0096	0.0000	53.2108	inf	0.0000	0.3482	0.6341	1.0000	12.6218	3.0001	0.0000	0.0000	0.0000	0.0000	0.0000	0.0000	0.0000	0.0000	0.0000	0.6429	0.0000	0.6429	0.0001	0.0000	0.0001	0.6428	0.0000	0.6428	0.0052	0.0046	0.0007	0.0010	0.0009	0.0000	0.0042	0.0036	0.0006	0.0859	0.0558	0.0301	0.0324	0.0270	0.0054	0.0535	0.0288	0.0247	0.0000	0.0000	0.0000	0.0000	0.0000	0.0000	0.0000	0.0000	0.0000	7.4861	0.0000	21.3491	0.0037	0.0000	0.0223	12.0096	0.0000	26.0014				
24	133	0.6015	11	1	2	0	2	0	0	0	0	N	Y	N	Y	N	N	N	N	N	N	N	N	0.0000	0.0000	0.0000	0.0000	0.0000	0.0000	0.0000	0.0000	0.0000	0.0000	0.0000	0.0000	0.0000	0.0000	0.0000	0.0000	0.0000	0.0000	0.8688	0.7943	1.0406	1.0864	1.2285	0.1573	0.6330	0.0000	1.3015	0.5679	0.0000	-0.0035	0.6341	0.0006	12.6218	1.9797	0.0000	0.0000	0.0000	0.0000	0.0000	0.0000	0.0000	0.0000	0.0000	0.0361	0.0231	0.0131	0.0235	0.0231	0.0005	0.0126	0.0000	0.0126	0.0000	0.0000	0.0000	0.0000	0.0000	0.0000	0.0000	0.0000	0.0000	0.0416	0.0290	0.0126	0.0216	0.0188	0.0029	0.0200	0.0103	0.0097	0.0000	0.0000	0.0000	0.0000	0.0000	0.0000	0.0000	0.0000	0.0000	0.8688	0.7943	1.0406	1.0864	1.2285	0.1573	0.6330	0.0000	1.3015	
24	134	0.5847	10	1	2	0	2	0	0	0	0	N	Y	N	Y	N	N	N	N	N	N	N	N	0.0000	0.0000	0.0000	0.0000	0.0000	0.0000	0.0000	0.0000	0.0000	0.0000	0.0000	0.0000	0.0000	0.0000	0.0000	0.0000	0.0000	0.0000	0.0098	0.0112	0.0067	0.0152	0.0177	0.0009	0.0040	0.0000	0.0087	0.2548	0.0000	-0.0004	0.6341	2.0077	12.6218	6.0321	0.0000	0.0000	0.0000	0.0000	0.0000	0.0000	0.0000	0.0000	0.0000	0.0015	0.0012	0.0003	0.0012	0.0012	0.0000	0.0003	0.0000	0.0003	0.0099	0.0087	0.0012	0.0031	0.0029	0.0002	0.0069	0.0059	0.0010	0.1494	0.1048	0.0447	0.0775	0.0660	0.0115	0.0720	0.0388	0.0332	0.0000	0.0000	0.0000	0.0000	0.0000	0.0000	0.0000	0.0000	0.0000	0.0098	0.0112	0.0067	0.0152	0.0177	0.0009	0.0040	0.0000	0.0087	
24	135	0.5800	10	0	2	0	2	0	0	0	0	N	Y	N	Y	N	N	N	N	N	N	N	N	0.0000	0.0000	0.0000	0.0000	0.0000	0.0000	0.0000	0.0000	0.0000	0.0000	0.0000	0.0000	0.0000	0.0000	0.0000	0.0000	0.0000	0.0000	0.1298	0.1836	0.0005	0.0098	0.0111	0.0015	0.2581	0.4789	0.0002	0.0011	0.0000	-0.0155	0.6341	3.0348	12.6218	9.3583	0.0000	0.0000	0.0000	0.0000	0.0000	0.0000	0.0000	0.0000	0.0000	0.0339	0.0339	0.0000	0.0013	0.0013	0.0000	0.0326	0.0326	0.0000	0.0153	0.0134	0.0019	0.0046	0.0043	0.0003	0.0108	0.0091	0.0016	0.2613	0.1846	0.0767	0.1350	0.1165	0.0184	0.1263	0.0681	0.0583	0.0000	0.0000	0.0000	0.0000	0.0000	0.0000	0.0000	0.0000	0.0000	0.1298	0.1836	0.0005	0.0098	0.0111	0.0015	0.2581	0.4789	0.0002	
24	136	0.5657	9	0	1	0	2	0	0	0	0	N	N	N	Y	N	N	N	N	N	N	N	N	0.0000	0.0000	0.0000	0.0000	0.0000	0.0000	0.0000	0.0000	0.0000	0.0000	0.0000	0.0000	0.0000	0.0000	0.0000	0.0000	0.0000	0.0000	0.1450	0.2085	0.0016	0.1357	0.1586	0.0049	0.1544	0.2896	0.0005	0.0033	0.0000	-0.0086	0.6341	0.0433	12.6218	6.6805	0.0000	0.0000	0.0000	0.0000	0.0000	0.0000	0.0000	0.0000	0.0000	0.0188	0.0188	0.0001	0.0089	0.0088	0.0000	0.0100	0.0099	0.0000	0.0002	0.0002	0.0000	0.0001	0.0001	0.0000	0.0002	0.0001	0.0000	0.1299	0.0900	0.0399	0.0655	0.0557	0.0097	0.0645	0.0343	0.0301	0.0000	0.0000	0.0000	0.0000	0.0000	0.0000	0.0000	0.0000	0.0000	0.1450	0.2085	0.0016	0.1357	0.1586	0.0049	0.1544	0.2896	0.0005	
24	137	0.2322	9	0	2	0	2	0	0	0	0	N	Y	N	Y	N	N	N	N	N	N	N	N	0.0000	0.0000	0.0000	0.0000	0.0000	0.0000	0.0000	0.0000	0.0000	0.0000	0.0000	0.0000	0.0000	0.0000	0.0000	0.0000	0.0000	0.0000	0.0000	0.0000	0.6341	0.0000	12.6218	0.0000	0.0000	0.0000	0.0000	0.0000	0.0000	0.0000	0.0000	0.0000	0.0000	0.0000	0.0000	0.0000	0.0000	0.0000	0.0000	0.0000	0.0000	0.0000	0.0000	0.0000	0.0000	0.0000	0.0000	0.0000	0.0000	0.0000	0.0000	0.0000	0.0000	0.0000	0.0000	0.0000	0.0000	0.0000	0.0000	0.0000	0.0000	0.0000	0.0000	0.0000	0.0000	0.0000	0.0000	0.0000	0.0000	0.0000	0.0000	0.0000	0.0000	0.0000	0.0000	0.0000	0.0000	0.0000											
24	138	0.2271	8	0	2	0	2	0	0	0	0	N	Y	N	Y	N	N	N	N	N	N	N	N	0.0000	0.0000	0.0000	0.0000	0.0000	0.0000	0.0000	0.0000	0.0000	0.0000	0.0000	0.0000	0.0000	0.0002	0.0004	0.0000	0.0006	0.0008	0.0000	0.0000	0.0000	0.0000	0.0000	0.0000	-0.0000	0.6341	0.0021	12.6218	2.0000	0.0000	0.0000	0.0000	0.0000	0.0000	0.0000	0.0000	0.0000	0.0000	0.0000	0.0000	0.0000	0.0000	0.0000	0.0000	0.0000	0.0000	0.0000	0.0000	0.0000	0.0000	0.0000	0.0000	0.0000	0.0000	0.0000	0.0000	0.0425	0.0278	0.0147	0.0155	0.0133	0.0023	0.0270	0.0146	0.0124	0.0000	0.0000	0.0000	0.0000	0.0000	0.0000	0.0000	0.0000	0.0000	0.0002	0.0004	0.0000	0.0006	0.0008	0.0000	0.0000	0.0000	0.0000						
24	139	0.2169	7	0	1	0	2	0	0	0	0	N	N	N	Y	N	N	N	N	N	N	N	N	0.0000	0.0000	0.0000	0.0000	0.0000	0.0000	0.0000	0.0000	0.0000	0.0000	0.0000	0.0000	0.0000	0.0000	0.0000	0.0000	0.0000	0.0063	0.0097	0.0000	0.0170	0.0201	0.0000	0.0000	0.0000	0.0000	0.0000	0.0000	-0.0002	0.6341	1.0020	12.6218	3.0181	0.0000	0.0000	0.0000	0.0000	0.0000	0.0000	0.0000	0.0000	0.0000	0.0005	0.0005	0.0000	0.0005	0.0005	0.0000	0.0000	0.0000	0.0000	0.0052	0.0046	0.0007	0.0010	0.0010	0.0000	0.0042	0.0036	0.0006	0.0861	0.0562	0.0298	0.0321	0.0271	0.0050	0.0540	0.0291	0.0249	0.0000	0.0000	0.0000	0.0000	0.0000	0.0000	0.0000	0.0000	0.0000	0.0063	0.0097	0.0000	0.0170	0.0201	0.0000	0.0000	0.0000	0.0000		
24	140	0.2026	7	0	2	0	1	0	0	0	0	N	Y	N	N	N	N	N	N	N	N	N	N	0.0000	0.0000	0.0000	0.0000	0.0000	0.0000	0.0000	0.0000	0.0000	0.0000	0.0000	0.0000	0.0000	0.0000	0.0000	0.0000	0.0000	0.0000	0.0000	0.0000	0.0000	0.0000	inf	0.0000	0.0000	0.6341	0.0000	12.6218	4.0001	0.0000	0.0000	0.0000	0.0000	0.0000	0.0000	0.0000	0.0000	0.0000	0.0000	0.0000	0.0000	0.0000	0.0000	0.0000	0.0000	0.0000	0.0000	0.0000	0.0000	0.0000	0.0000	0.0000	0.0000	0.0000	0.0000	0.0000	0.0859	0.0558	0.0301	0.0324	0.0270	0.0054	0.0535	0.0288	0.0247	0.0000	0.0000	0.0000	0.0000	0.0000	0.0000	0.0000	0.0000	0.0000	0.0000	0.0000	0.0000	0.0000	0.0000	0.0000	0.0000	0.0000	0.0000						
24	141	0.5802	9	0	2	0	1	0	0	0	0	N	Y	N	N	N	N	N	N	N	N	N	N	0.0000	0.0000	0.0000	0.0000	0.0000	0.0000	0.0000	0.0000	0.0000	0.0000	0.0000	0.0000	0.0000	0.0000	0.0000	0.0000	0.0000	0.0000	0.0183	0.0111	0.0354	0.0147	0.0171	0.0013	0.0222	0.0007	0.0472	1.3676	0.0000	0.0002	0.6341	1.0003	12.6218	5.0186	0.0000	0.0000	0.0000	0.0000	0.0000	0.0000	0.0000	0.0000	0.0000	0.0021	0.0009	0.0012	0.0009	0.0009	0.0000	0.0012	0.0000	0.0012	0.0050	0.0044	0.0006	0.0015	0.0014	0.0001	0.0034	0.0029	0.0005	0.1141	0.0799	0.0342	0.0594	0.0505	0.0088	0.0548	0.0294	0.0254	0.0000	0.0000	0.0000	0.0000	0.0000	0.0000	0.0000	0.0000	0.0000	0.0183	0.0111	0.0354	0.0147	0.0171	0.0013	0.0222	0.0007	0.0472	
24	142	0.2169	7	0	1	1	2	0	0	0	0	N	N	N	Y	N	N	N	N	N	N	N	N	0.0000	0.0000	0.0000	0.0000	0.0000	0.0000	0.0000	0.0000	0.0000	0.0000	0.0000	0.0000	0.0000	0.0000	0.0000	0.0000	0.0000	6.2538	10.9526	0.0000	0.0006	0.0007	0.0000	8.3395	15.4394	0.0000	0.0000	0.0000	-0.4540	0.6341	0.0001	12.6218	9.0026	0.0000	0.0000	0.0000	0.0000	0.0000	0.0000	0.0000	0.0000	0.0000	0.9905	0.9905	0.0000	0.0000	0.0000	0.0000	0.9905	0.9905	0.0000	0.0000	0.0000	0.0000	0.0000	0.0000	0.0000	0.0000	0.0000	0.0000	0.1889	0.1235	0.0655	0.0702	0.0593	0.0109	0.1188	0.0642	0.0546	0.0000	0.0000	0.0000	0.0000	0.0000	0.0000	0.0000	0.0000	0.0000	5.2424	8.0233	0.0000	0.0006	0.0007	0.0000	8.3395	15.4394	0.0000		
24	143	0.5657	9	0	1	1	2	0	0	0	0	N	N	N	Y	N	N	N	N	N	N	N	N	0.0000	0.0000	0.0000	0.0000	0.0000	0.0000	0.0000	0.0000	0.0000	0.0000	0.0000	0.0000	0.0000	0.0000	0.0000	0.0000	0.0000	0.0000	0.0537	0.0764	0.0025	0.0015	0.0009	0.0047	0.1065	0.1983	0.0018	0.0147	0.0000	-0.0045	0.6341	2.0061	12.6218	8.0425	0.0000	0.0000	0.0000	0.0000	0.0000	0.0000	0.0000	0.0000	0.0000	0.0102	0.0101	0.0001	0.0001	0.0001	0.0001	0.0101	0.0100	0.0001	0.0099	0.0087	0.0012	0.0029	0.0027	0.0002	0.0070	0.0060	0.0010	0.1907	0.1322	0.0586	0.0959	0.0816	0.0143	0.0948	0.0505	0.0443	0.0000	0.0000	0.0000	0.0000	0.0000	0.0000	0.0000	0.0000	0.0000	0.0537	0.0764	0.0025	0.0015	0.0009	0.0047	0.1065	0.1983	0.0018	
24	144	0.5566	8	0	1	0	2	0	0	0	0	N	N	N	Y	N	N	N	N	N	N	N	N	0.0000	0.0000	0.0000	0.0000	0.0000	0.0000	0.0000	0.0000	0.0000	0.0000	0.0000	0.0000	0.0000	0.0000	0.0000	0.0000	0.0000	0.0000	1.3940	1.9175	0.0189	0.1423	0.1551	0.0657	2.8913	5.1067	0.0003	0.0037	0.0000	-0.0763	0.6341	1.9550	12.6218	2.1189	0.0000	0.0000	0.0000	0.0000	0.0000	0.0000	0.0000	0.0000	0.0000	0.1678	0.1672	0.0006	0.0093	0.0087	0.0006	0.1585	0.1585	0.0000	0.0102	0.0090	0.0013	0.0034	0.0032	0.0003	0.0068	0.0058	0.0010	0.1204	0.0872	0.0332	0.0656	0.0562	0.0094	0.0548	0.0310	0.0238	0.0000	0.0000	0.0000	0.0000	0.0000	0.0000	0.0000	0.0000	0.0000	1.3940	1.9175	0.0189	0.1423	0.1551	0.0657	2.8913	5.1067	0.0003	
24	145	0.5566	8	0	1	1	2	0	0	0	0	N	N	N	Y	N	N	N	N	N	N	N	N	0.0000	0.0000	0.0000	0.0000	0.0000	0.0000	0.0000	0.0000	0.0000	0.0000	0.0000	0.0000	0.0000	0.0000	0.0000	0.0000	0.0000	0.0000	4.7809	7.3735	0.0000	4.5947	5.3758	0.0000	4.0010	7.3509	0.0000	0.0000	0.0000	-0.8141	0.6341	2.1261	12.6218	18.6477	0.0000	0.0000	0.0000	0.0000	0.0000	0.0000	0.0000	0.0000	0.0000	1.7761	1.7761	0.0000	0.9730	0.9730	0.0000	0.8031	0.8031	0.0000	0.0111	0.0097	0.0014	0.0037	0.0034	0.0003	0.0074	0.0063	0.0011	0.4130	0.2902	0.1228	0.2123	0.1810	0.0313	0.2007	0.1093	0.0915	0.0000	0.0000	0.0000	0.0000	0.0000	0.0000	0.0000	0.0000	0.0000	4.3004	6.1193	0.0000	4.5835	5.3758	0.0000	4.0010	7.3509	0.0000	
24	146	0.2169	7	0	1	1	2	0	0	0	0	N	N	N	Y	N	N	N	N	N	N	N	N	0.0000	0.0000	0.0000	0.0000	0.0000	0.0000	0.0000	0.0000	0.0000	0.0000	0.0000	0.0000	0.0000	0.0000	0.0000	0.0000	0.0000	0.1448	0.2216	0.0000	0.0081	0.0096	0.0000	0.2256	0.4178	0.0000	0.0000	0.0000	-0.0112	0.6341	2.0001	12.6218	5.9880	0.0000	0.0000	0.0000	0.0000	0.0000	0.0000	0.0000	0.0000	0.0000	0.0244	0.0244	0.0000	0.0005	0.0005	0.0000	0.0239	0.0239	0.0000	0.0104	0.0091	0.0013	0.0020	0.0019	0.0001	0.0084	0.0072	0.0012	0.1683	0.1100	0.0583	0.0626	0.0529	0.0097	0.1057	0.0571	0.0486	0.0000	0.0000	0.0000	0.0000	0.0000	0.0000	0.0000	0.0000	0.0000	0.1448	0.2216	0.0000	0.0081	0.0096	0.0000	0.2256	0.4178	0.0000		
24	147	0.2169	7	0	1	1	2	0	0	0	0	N	N	N	Y	N	N	N	N	N	N	N	N	0.0256	0.0174	0.0000	0.0781	0.0643	0.0000	0.0000	0.0000	0.0000	0.0909	0.1039	0.0000	0.4727	0.4928	0.0000	0.0000	0.0000	0.0000	3.5481	5.9796	0.0007	6.0543	7.6663	0.0006	2.5771	4.7454	0.0007	0.0000	0.0001	-0.0018	-1.0029	0.6341	9.0001	12.6218	23.0169	0.0041	0.0041	0.0000	0.0041	0.0041	0.0000	0.0000	0.0000	0.0000	2.1882	2.1881	0.0001	1.1786	1.1786	0.0000	1.0096	1.0095	0.0001	0.0454	0.0398	0.0057	0.0087	0.0084	0.0004	0.0367	0.0314	0.0053	0.6167	0.4032	0.2135	0.2250	0.1905	0.0345	0.3917	0.2127	0.1790	0.0256	0.0191	0.0000	0.0902	0.0797	0.0000	0.0000	0.0000	0.0000	3.5481	5.4264	0.0007	5.2388	6.1868	0.0006	2.5771	4.7454	0.0007
24	148	0.1916	6	0	1	0	2	0	0	0	0	N	N	N	Y	N	N	N	N	N	N	N	N	0.0000	0.0000	0.0000	0.0000	0.0000	0.0000	0.0000	0.0000	0.0000	0.0000	0.0000	0.0000	0.0000	0.0000	0.0000	0.0000	0.0000	0.0000	0.1408	0.2159	0.0002	0.3582	0.4262	0.0001	0.0046	0.0083	0.0003	0.0006	0.0000	-0.0144	0.6341	1.9990	12.6218	7.9526	0.0000	0.0000	0.0000	0.0000	0.0000	0.0000	0.0000	0.0000	0.0000	0.0315	0.0315	0.0000	0.0309	0.0309	0.0000	0.0006	0.0006	0.0000	0.0104	0.0091	0.0013	0.0020	0.0019	0.0001	0.0084	0.0072	0.0012	0.2237	0.1458	0.0779	0.0862	0.0724	0.0138	0.1375	0.0734	0.0641	0.0000	0.0000	0.0000	0.0000	0.0000	0.0000	0.0000	0.0000	0.0000	0.1408	0.2159	0.0002	0.3582	0.4262	0.0001	0.0046	0.0083	0.0003	
24	149	0.1597	5	1	2	0	1	0	0	0	0	N	Y	N	N	N	N	N	N	N	N	N	N	0.0000	0.0000	0.0000	0.0000	0.0000	0.0000	0.0000	0.0000	0.0000	0.0000	0.0000	0.0000	0.0000	0.0000	0.0000	0.0000	0.0000	0.0000	0.0570	0.0849	0.0017	0.1455	0.1685	0.0016	0.0045	0.0068	0.0017	0.0100	0.0000	-0.0136	0.6341	5.3497	12.6218	17.2225	0.0000	0.0000	0.0000	0.0000	0.0000	0.0000	0.0000	0.0000	0.0000	0.0302	0.0299	0.0003	0.0287	0.0287	0.0000	0.0015	0.0012	0.0003	0.0319	0.0277	0.0042	0.0069	0.0067	0.0002	0.0249	0.0210	0.0039	0.5302	0.3524	0.1778	0.1974	0.1702	0.0272	0.3328	0.1822	0.1506	0.0000	0.0000	0.0000	0.0000	0.0000	0.0000	0.0000	0.0000	0.0000	0.0570	0.0849	0.0017	0.1455	0.1685	0.0016	0.0045	0.0068	0.0017	
24	150	0.1905	6	0	2	0	1	0	0	0	0	N	Y	N	N	N	N	N	N	N	N	N	N	0.0013	0.0000	0.0084	0.0039	0.0001	0.0168	0.0001	0.0000	0.0052	0.0001	0.0000	0.0008	0.0003	0.0000	0.0090	0.0000	0.0000	0.0001	0.0765	0.0656	0.0997	0.0814	0.0113	0.5331	0.0731	0.1238	0.0101	340.9524	0.7126	0.0000	-0.0019	0.6341	3.6794	12.6218	17.4287	0.0000	0.0000	0.0000	0.0000	0.0000	0.0000	0.0000	0.0000	0.0000	0.0450	0.0263	0.0187	0.0195	0.0024	0.0172	0.0255	0.0239	0.0016	0.0284	0.0250	0.0034	0.0085	0.0082	0.0003	0.0199	0.0168	0.0031	0.5884	0.4006	0.1878	0.2396	0.2074	0.0322	0.3488	0.1932	0.1556	0.0013	0.0000	0.0084	0.0039	0.0001	0.0168	0.0001	0.0000	0.0052	0.0765	0.0656	0.0997	0.0814	0.0113	0.5331	0.0731	0.1238	0.0101
24	151	0.1597	5	0	2	0	1	0	0	0	0	N	Y	N	N	N	N	N	N	N	N	N	N	0.0033	0.0096	0.0000	0.0067	0.0300	0.0000	0.0000	0.0000	0.0002	0.0001	0.0001	0.0000	0.0005	0.0006	0.0000	0.0000	0.0000	0.0000	0.0388	0.0154	0.0877	0.0795	0.0184	0.4907	0.0125	0.0123	0.0129	0.0023	2.7397	-0.0000	0.0038	0.6341	3.4464	12.6218	10.1316	0.0000	0.0000	0.0000	0.0000	0.0000	0.0000	0.0000	0.0000	0.0000	0.0140	0.0037	0.0103	0.0113	0.0023	0.0090	0.0027	0.0015	0.0013	0.0223	0.0194	0.0030	0.0054	0.0052	0.0002	0.0170	0.0142	0.0028	0.3603	0.2434	0.1169	0.1415	0.1232	0.0183	0.2188	0.1202	0.0986	0.0033	0.0096	0.0000	0.0067	0.0300	0.0000	0.0000	0.0000	0.0002	0.0388	0.0154	0.0877	0.0795	0.0184	0.4907	0.0125	0.0123	0.0129
24	152	0.5870	11	1	2	0	1	0	0	0	0	N	Y	N	N	N	N	N	N	N	N	N	N	0.0000	0.0000	0.0000	0.0001	0.0001	0.0000	0.0000	0.0000	0.0000	0.0000	0.0000	0.0000	0.0000	0.0000	0.0000	0.0000	0.0000	0.0000	0.0824	0.1174	0.0003	0.0212	0.0247	0.0011	0.1477	0.2735	0.0000	0.0000	0.0010	-0.0000	-0.0089	0.6341	1.0143	12.6218	12.0086	0.0000	0.0000	0.0000	0.0000	0.0000	0.0000	0.0000	0.0000	0.0000	0.0195	0.0195	0.0000	0.0026	0.0026	0.0000	0.0169	0.0169	0.0000	0.0051	0.0045	0.0006	0.0016	0.0015	0.0001	0.0035	0.0030	0.0005	0.2373	0.1664	0.0709	0.1226	0.1044	0.0181	0.1148	0.0619	0.0528	0.0000	0.0000	0.0000	0.0001	0.0001	0.0000	0.0000	0.0000	0.0000	0.0824	0.1174	0.0003	0.0212	0.0247	0.0011	0.1477	0.2735	0.0000
24	153	0.5847	10	1	2	0	1	0	0	0	0	N	Y	N	N	N	N	N	N	N	N	N	N	0.0021	0.0000	0.0167	0.0000	0.0000	0.0000	0.0016	0.0000	0.0149	0.0000	0.0000	0.0000	0.0000	0.0000	0.0000	0.0000	0.0000	0.0000	0.0004	0.0004	0.0004	0.0001	0.0001	0.0000	0.0007	0.0009	0.0005	inf	0.4474	0.0000	-0.0000	0.6341	0.9811	12.6218	0.0216	0.0000	0.0000	0.0000	0.0000	0.0000	0.0000	0.0000	0.0000	0.0000	0.0000	0.0000	0.0000	0.0000	0.0000	0.0000	0.0000	0.0000	0.0000	0.0049	0.0043	0.0006	0.0015	0.0014	0.0001	0.0034	0.0029	0.0005	0.0193	0.0135	0.0058	0.0101	0.0086	0.0015	0.0093	0.0050	0.0043	0.0021	0.0000	0.0167	0.0000	0.0000	0.0000	0.0016	0.0000	0.0149	0.0004	0.0004	0.0004	0.0001	0.0001	0.0000	0.0007	0.0009	0.0005
24	154	0.5802	9	1	2	0	1	0	0	0	0	N	Y	N	N	N	N	N	N	N	N	N	N	0.0000	0.0000	0.0000	0.0000	0.0000	0.0000	0.0000	0.0000	0.0000	0.0000	0.0000	0.0000	0.0000	0.0000	0.0000	0.0000	0.0000	0.0000	0.0239	0.0312	0.0067	0.0422	0.0489	0.0036	0.0037	0.0001	0.0078	0.0920	0.0000	-0.0004	0.6341	0.0083	12.6218	2.0001	0.0000	0.0000	0.0000	0.0000	0.0000	0.0000	0.0000	0.0000	0.0000	0.0009	0.0009	0.0001	0.0009	0.0009	0.0000	0.0001	0.0000	0.0001	0.0000	0.0000	0.0000	0.0000	0.0000	0.0000	0.0000	0.0000	0.0000	0.0397	0.0278	0.0119	0.0208	0.0177	0.0031	0.0189	0.0101	0.0088	0.0000	0.0000	0.0000	0.0000	0.0000	0.0000	0.0000	0.0000	0.0000	0.0239	0.0312	0.0067	0.0422	0.0489	0.0036	0.0037	0.0001	0.0078	
24	155	0.5566	8	0	2	0	1	0	0	0	0	N	Y	N	N	N	N	N	N	N	N	N	N	0.0000	0.0000	0.0000	0.0000	0.0000	0.0000	0.0000	0.0000	0.0000	0.0000	0.0000	0.0000	0.0000	0.0000	0.0000	0.0000	0.0000	0.0000	3.8272	5.3972	0.7687	10.8397	12.2338	0.0420	0.4682	0.0090	1.0296	0.0625	0.0000	-0.3557	0.6341	2.9180	12.6218	7.4065	0.0000	0.0000	0.0000	0.0000	0.0000	0.0000	0.0000	0.0000	0.0000	0.8902	0.8379	0.0524	0.8381	0.8373	0.0008	0.0521	0.0006	0.0516	0.0149	0.0131	0.0018	0.0049	0.0045	0.0003	0.0100	0.0086	0.0015	0.2343	0.1662	0.0681	0.1229	0.1049	0.0180	0.1114	0.0613	0.0501	0.0000	0.0000	0.0000	0.0000	0.0000	0.0000	0.0000	0.0000	0.0000	3.8000	5.0425	0.7687	6.8196	7.9822	0.0420	0.4682	0.0090	1.0296	
24	156	0.4907	7	0	1	0	1	0	0	0	0	N	N	N	N	N	N	N	N	N	N	N	N	0.0000	0.0000	0.0000	0.0000	0.0000	0.0000	0.0000	0.0000	0.0000	0.0000	0.0000	0.0000	0.0000	0.0000	0.0000	0.0000	0.0000	0.0000	1.3913	1.9396	0.0788	0.1548	0.1364	0.2682	2.7142	5.0198	0.0177	0.0056	0.0170	-0.0000	-0.3980	0.6341	8.2479	12.6218	19.7214	0.0000	0.0000	0.0000	0.0000	0.0000	0.0000	0.0000	0.0000	0.0000	0.9010	0.8860	0.0150	0.0518	0.0393	0.0125	0.8492	0.8467	0.0025	0.0581	0.0519	0.0062	0.0241	0.0228	0.0013	0.0339	0.0291	0.0049	0.6476	0.4568	0.1908	0.3347	0.2881	0.0466	0.3129	0.1687	0.1442	0.0000	0.0000	0.0000	0.0000	0.0000	0.0000	0.0000	0.0000	0.0000	1.3913	1.9396	0.0788	0.1548	0.1364	0.2682	2.7142	5.0198	0.0177
24	157	0.4546	6	0	1	0	1	0	0	0	0	N	N	N	N	N	N	N	N	N	N	N	N	0.0000	0.0000	0.0000	0.0000	0.0001	0.0000	0.0000	0.0000	0.0000	0.0000	0.0000	0.0000	0.0000	0.0000	0.0000	0.0000	0.0000	0.0000	1.7358	2.3771	0.2127	0.3459	0.2882	0.7178	3.2646	6.1622	0.0555	0.0095	0.0377	-0.0000	-0.4635	0.6341	7.4725	12.6218	14.3153	0.0000	0.0000	0.0000	0.0000	0.0000	0.0000	0.0000	0.0000	0.0000	1.0982	1.0583	0.0399	0.1146	0.0827	0.0319	0.9835	0.9756	0.0079	0.0433	0.0382	0.0051	0.0140	0.0132	0.0008	0.0293	0.0250	0.0043	0.6326	0.4452	0.1874	0.3314	0.2869	0.0445	0.3013	0.1583	0.1430	0.0000	0.0000	0.0000	0.0000	0.0001	0.0000	0.0000	0.0000	0.0000	1.7358	2.3771	0.2127	0.3459	0.2882	0.7178	3.2646	6.1622	0.0555
24	158	0.3891	5	0	1	0	1	0	0	0	0	N	N	N	N	N	N	N	N	N	N	N	N	0.0003	0.0002	0.0001	0.0029	0.0039	0.0000	0.0000	0.0000	0.0002	0.0004	0.0004	0.0000	0.0012	0.0013	0.0000	0.0000	0.0000	0.0000	1.3375	1.7545	0.3074	0.4186	0.3326	1.0292	2.3349	4.2922	0.1004	0.0073	0.0709	-0.0000	-0.4793	0.6341	11.6653	12.6218	19.4910	0.0000	0.0000	0.0000	0.0000	0.0000	0.0000	0.0000	0.0000	0.0000	1.2223	1.1414	0.0809	0.1991	0.1387	0.0604	1.0232	1.0027	0.0205	0.0649	0.0574	0.0075	0.0184	0.0176	0.0008	0.0465	0.0398	0.0067	0.9138	0.6505	0.2633	0.4756	0.4169	0.0587	0.4382	0.2336	0.2046	0.0003	0.0002	0.0001	0.0029	0.0039	0.0000	0.0000	0.0000	0.0002	1.3375	1.7545	0.3074	0.4186	0.3326	1.0292	2.3349	4.2922	0.1004
24	159	0.3418	4	0	1	0	1	0	0	0	0	N	N	N	N	N	N	N	N	N	N	N	N	0.0023	0.0015	0.0080	0.0029	0.0030	0.0014	0.0023	0.0000	0.0093	0.0011	0.0007	0.0041	0.0018	0.0018	0.0008	0.0007	0.0000	0.0046	0.4562	0.4320	0.5152	0.6113	0.6124	0.6032	0.2943	0.1189	0.4920	0.7827	0.4891	-0.0000	-0.0565	0.6341	7.3933	12.6218	20.5306	0.0001	0.0000	0.0000	0.0000	0.0000	0.0000	0.0000	0.0000	0.0000	0.4351	0.2922	0.1429	0.2978	0.2628	0.0350	0.1374	0.0294	0.1080	0.0485	0.0430	0.0054	0.0161	0.0155	0.0007	0.0323	0.0276	0.0047	0.9539	0.6765	0.2774	0.4871	0.4292	0.0579	0.4667	0.2473	0.2194	0.0023	0.0015	0.0080	0.0029	0.0030	0.0014	0.0023	0.0000	0.0093	0.4562	0.4320	0.5152	0.6113	0.6124	0.6032	0.2943	0.1189	0.4920
24	160	0.1057	3	0	1	0	1	0	0	0	0	N	N	N	N	N	N	N	N	N	N	N	N	0.0113	0.0288	0.0000	0.1197	0.5194	0.0000	0.0000	0.0000	0.0000	0.0328	0.0375	0.0000	0.2851	0.2884	0.0000	0.0000	0.0000	0.0000	2.9099	1.3016	5.6052	2.3820	0.5552	19.2789	3.1377	1.8275	4.5916	0.0000	2.5697	-0.0018	1.1422	0.6341	27.6416	12.6218	54.6365	0.0041	0.0041	0.0000	0.0041	0.0041	0.0000	0.0000	0.0000	0.0000	4.3680	1.2236	3.1444	1.0779	0.2158	0.8622	3.2901	1.0079	2.2822	0.1252	0.1094	0.0158	0.0144	0.0142	0.0002	0.1108	0.0951	0.0156	1.5011	0.9401	0.5610	0.4525	0.3886	0.0639	1.0486	0.5515	0.4970	0.0113	0.0288	0.0000	0.1197	0.5194	0.0000	0.0000	0.0000	0.0000	2.9099	1.3016	5.6052	2.3820	0.5552	13.4855	3.1377	1.8275	4.5916
24	161	0.2102	9	1	2	0	1	0	0	0	0	N	Y	N	N	N	N	N	N	N	N	N	N	0.0000	0.0000	0.0000	0.0000	0.0000	0.0000	0.0000	0.0000	0.0000	0.0000	0.0000	0.0000	0.0000	0.0000	0.0000	0.0000	0.0000	0.0000	0.3501	0.5367	0.0000	0.9192	1.0977	0.0001	0.0000	0.0000	0.0000	0.0000	0.0000	-0.0106	0.6341	0.0002	12.6218	3.0099	0.0000	0.0000	0.0000	0.0000	0.0000	0.0000	0.0000	0.0000	0.0000	0.0232	0.0232	0.0000	0.0232	0.0232	0.0000	0.0000	0.0000	0.0000	0.0000	0.0000	0.0000	0.0000	0.0000	0.0000	0.0000	0.0000	0.0000	0.0661	0.0431	0.0230	0.0252	0.0211	0.0041	0.0409	0.0220	0.0189	0.0000	0.0000	0.0000	0.0000	0.0000	0.0000	0.0000	0.0000	0.0000	0.3501	0.5367	0.0000	0.9192	1.0977	0.0001	0.0000	0.0000	0.0000	
24	162	0.2026	8	1	2	0	1	0	0	0	0	N	Y	N	N	N	N	N	N	N	N	N	N	0.0000	0.0000	0.0000	0.0000	0.0000	0.0000	0.0000	0.0000	0.0000	0.0000	0.0000	0.0000	0.0000	0.0000	0.0000	0.0012	0.0019	0.0000	0.0032	0.0039	0.0000	0.0000	0.0000	0.0000	0.0002	0.0000	-0.0000	0.6341	0.9998	12.6218	2.0118	0.0000	0.0000	0.0000	0.0000	0.0000	0.0000	0.0000	0.0000	0.0000	0.0001	0.0001	0.0000	0.0001	0.0001	0.0000	0.0000	0.0000	0.0000	0.0052	0.0046	0.0007	0.0010	0.0009	0.0000	0.0042	0.0036	0.0006	0.0649	0.0422	0.0228	0.0245	0.0204	0.0041	0.0404	0.0218	0.0187	0.0000	0.0000	0.0000	0.0000	0.0000	0.0000	0.0000	0.0000	0.0000	0.0012	0.0019	0.0000	0.0032	0.0039	0.0000	0.0000	0.0000	0.0000				
24	163	0.2026	7	1	2	0	1	0	0	0	0	N	Y	N	N	N	N	N	N	N	N	N	N	0.0000	0.0000	0.0000	0.0000	0.0000	0.0000	0.0000	0.0000	0.0000	0.0000	0.0000	0.0000	0.0000	0.0000	0.0000	0.0010	0.0009	0.0017	0.0022	0.0016	0.0130	0.0000	0.0000	0.0000	0.4511	0.0000	-0.0000	0.6341	0.0000	12.6218	0.0003	0.0000	0.0000	0.0000	0.0000	0.0000	0.0000	0.0000	0.0000	0.0000	0.0000	0.0000	0.0000	0.0000	0.0000	0.0000	0.0000	0.0000	0.0000	0.0000	0.0000	0.0000	0.0000	0.0000	0.0000	0.0000	0.0000	0.0000	0.0000	0.0000	0.0000	0.0000	0.0000	0.0000	0.0000	0.0000	0.0000	0.0000	0.0000	0.0000	0.0000	0.0000	0.0000	0.0000	0.0000	0.0000	0.0010	0.0009	0.0017	0.0022	0.0016	0.0130	0.0000	0.0000	0.0000				
24	164	0.1916	6	0	2	0	1	0	0	0	0	N	Y	N	N	N	N	N	N	N	N	N	N	0.0000	0.0000	0.0000	0.0000	0.0000	0.0000	0.0000	0.0000	0.0000	0.0000	0.0000	0.0000	0.0000	0.0000	0.0000	0.0000	0.0000	0.0000	12.7848	24.0594	0.0005	0.0058	0.0069	0.0002	14.8461	28.1432	0.0006	0.0000	0.0000	-0.4414	0.6341	0.0063	12.6218	4.3641	0.0000	0.0000	0.0000	0.0000	0.0000	0.0000	0.0000	0.0000	0.0000	0.9630	0.9630	0.0000	0.0003	0.0003	0.0000	0.9627	0.9627	0.0000	0.0001	0.0001	0.0000	0.0000	0.0000	0.0000	0.0001	0.0000	0.0000	0.1089	0.0714	0.0375	0.0441	0.0372	0.0068	0.0648	0.0342	0.0306	0.0000	0.0000	0.0000	0.0000	0.0000	0.0000	0.0000	0.0000	0.0000	8.8420	13.4793	0.0005	0.0058	0.0069	0.0002	14.8461	28.1432	0.0006	
24	165	0.1597	5	0	1	0	1	0	0	0	0	N	N	N	N	N	N	N	N	N	N	N	N	0.0000	0.0000	0.0000	0.0000	0.0000	0.0000	0.0000	0.0000	0.0000	0.0000	0.0000	0.0000	0.0000	0.0000	0.0000	0.0000	0.0000	0.0000	0.0902	0.1283	0.0103	0.0106	0.0109	0.0084	0.1425	0.2505	0.0106	0.0382	0.0000	-0.0129	0.6341	2.5207	12.6218	10.0226	0.0000	0.0000	0.0000	0.0000	0.0000	0.0000	0.0000	0.0000	0.0000	0.0307	0.0295	0.0011	0.0014	0.0013	0.0001	0.0292	0.0283	0.0010	0.0176	0.0153	0.0024	0.0046	0.0045	0.0002	0.0130	0.0108	0.0022	0.3400	0.2303	0.1096	0.1348	0.1175	0.0172	0.2052	0.1128	0.0924	0.0000	0.0000	0.0000	0.0000	0.0000	0.0000	0.0000	0.0000	0.0000	0.0902	0.1283	0.0103	0.0106	0.0109	0.0084	0.1425	0.2505	0.0106	
24	166	0.1441	4	0	1	0	1	0	0	0	0	N	N	N	N	N	N	N	N	N	N	N	N	0.0000	0.0000	0.0000	0.0000	0.0000	0.0000	0.0000	0.0000	0.0000	0.0000	0.0000	0.0000	0.0000	0.0000	0.0000	0.0000	0.0000	0.0000	3.9234	0.2065	23.0151	0.2007	0.2206	0.0681	6.6795	0.1884	26.8074	26.4102	0.0000	0.5182	0.6341	2.6894	12.6218	4.6619	0.0000	0.0000	0.0000	0.0000	0.0000	0.0000	0.0000	0.0000	0.0000	1.0258	0.0374	0.9884	0.0235	0.0225	0.0010	1.0023	0.0149	0.9873	0.0209	0.0181	0.0028	0.0072	0.0065	0.0007	0.0137	0.0116	0.0021	0.2673	0.1813	0.0861	0.1173	0.1020	0.0153	0.1501	0.0793	0.0708	0.0000	0.0000	0.0000	0.0000	0.0000	0.0000	0.0000	0.0000	0.0000	3.8375	0.2065	11.4845	0.2007	0.2206	0.0681	6.6795	0.1884	13.9540	
24	167	0.1057	3	0	1	0	1	0	0	0	0	N	N	N	N	N	N	N	N	N	N	N	N	0.0000	0.0000	0.0000	0.0000	0.0000	0.0000	0.0000	0.0000	0.0000	0.0000	0.0000	0.0000	0.0000	0.0000	0.0000	0.0000	0.0000	0.0000	1.9479	2.8551	0.6133	4.3070	4.7155	0.5478	0.3869	0.0257	0.6203	0.1460	-0.0000	-0.2792	0.6341	2.7966	12.6218	8.5340	0.0000	0.0000	0.0000	0.0000	0.0000	0.0000	0.0000	0.0000	0.0000	0.8435	0.7360	0.1075	0.7426	0.7334	0.0093	0.1008	0.0026	0.0982	0.0140	0.0122	0.0019	0.0016	0.0016	0.0000	0.0125	0.0106	0.0018	0.4330	0.2578	0.1752	0.1724	0.1555	0.0169	0.2606	0.1023	0.1583	0.0000	0.0000	0.0000	0.0000	0.0000	0.0000	0.0000	0.0000	0.0000	1.9479	2.8551	0.6133	4.3070	4.7155	0.5478	0.3869	0.0257	0.6203	
25	26	0.6016	9	0	2	0	0	0	0	0	0	N	Y	N	N	N	N	N	N	N	N	N	N	0.0180	0.4883	0.0000	0.0361	0.9317	0.0000	0.0000	0.0008	0.0000	0.0011	0.0012	0.0000	0.0032	0.0034	0.0000	0.0000	0.0000	0.0000	0.0608	0.0025	0.2041	0.0885	0.0036	0.4625	0.0189	0.0001	0.0420	0.0001	32.7693	-0.0002	0.0117	10.0221	3.9997	10.6811	5.4032	0.0004	0.0004	0.0000	0.0004	0.0004	0.0000	0.0000	0.0000	0.0000	0.0229	0.0007	0.0222	0.0201	0.0007	0.0194	0.0028	0.0000	0.0028	0.3376	0.2987	0.0389	0.1158	0.1096	0.0061	0.2219	0.1890	0.0328	0.3764	0.2675	0.1088	0.2270	0.1850	0.0420	0.1494	0.0825	0.0669	0.0180	0.4883	0.0000	0.0361	0.9317	0.0000	0.0000	0.0008	0.0000	0.0608	0.0025	0.2041	0.0885	0.0036	0.4625	0.0189	0.0001	0.0420
25	27	0.2700	6	0	2	0	1	0	0	0	0	N	Y	N	N	N	N	N	N	N	N	N	N	0.5703	25.2758	0.0000	1.5096	39.9166	0.0000	0.0000	0.1146	0.0000	0.0689	0.0792	0.0000	0.2589	0.2748	0.0000	0.0000	0.0000	0.0000	0.1207	0.0031	0.3586	0.1715	0.0069	1.6742	0.0949	0.0000	0.2112	0.0000	56.5545	-0.0128	0.0354	10.0221	4.9655	10.6811	10.6561	0.0291	0.0291	0.0000	0.0291	0.0291	0.0000	0.0000	0.0000	0.0000	0.0675	0.0012	0.0663	0.0324	0.0012	0.0312	0.0351	0.0000	0.0351	0.4230	0.3676	0.0554	0.1125	0.1060	0.0065	0.3105	0.2616	0.0489	0.5587	0.3739	0.1848	0.1887	0.1701	0.0186	0.3700	0.2038	0.1662	0.5703	25.2758	0.0000	1.5096	39.9166	0.0000	0.0000	0.1146	0.0000	0.1207	0.0031	0.3586	0.1715	0.0069	1.6742	0.0949	0.0000	0.2112
25	28	0.6201	11	0	2	0	1	0	0	0	0	N	Y	N	N	N	N	N	N	N	N	N	N	0.0000	0.0000	0.0000	0.0000	0.0000	0.0000	0.0000	0.0000	0.0000	0.0000	0.0000	0.0000	0.0000	0.0000	0.0000	0.0000	0.0000	0.0000	0.0000	0.0000	10.0221	0.0000	10.6811	0.0000	0.0000	0.0000	0.0000	0.0000	0.0000	0.0000	0.0000	0.0000	0.0000	0.0000	0.0000	0.0000	0.0000	0.0000	0.0000	0.0000	0.0000	0.0000	0.0000	0.0000	0.0000	0.0000	0.0000	0.0000	0.0000	0.0000	0.0000	0.0000	0.0000	0.0000	0.0000	0.0000	0.0000	0.0000	0.0000	0.0000	0.0000	0.0000	0.0000	0.0000	0.0000	0.0000	0.0000	0.0000	0.0000	0.0000	0.0000	0.0000	0.0000	0.0000	0.0000	0.0000	0.0000	0.0000											
25	29	0.5875	6	1	2	0	0	0	0	0	0	N	Y	N	N	N	N	N	N	N	N	N	N	0.0097	0.0083	0.0097	0.0128	0.0108	0.0624	0.0276	0.0250	0.0042	0.0111	0.0127	0.0006	0.0217	0.0225	0.0023	0.0049	0.0059	0.0003	1.1458	1.5183	0.0580	1.6920	2.0832	0.0362	0.1768	0.2344	0.0782	0.0065	0.0131	-0.0021	-0.4796	10.0221	3.9885	10.6811	8.5018	0.0049	0.0049	0.0000	0.0036	0.0036	0.0000	0.0014	0.0013	0.0000	1.0766	1.0627	0.0139	1.0167	1.0126	0.0042	0.0599	0.0501	0.0098	0.4430	0.3867	0.0563	0.1648	0.1580	0.0068	0.2782	0.2287	0.0495	0.9396	0.6999	0.2397	0.6009	0.4861	0.1149	0.3387	0.2139	0.1248	0.0097	0.0083	0.0097	0.0128	0.0108	0.0624	0.0276	0.0250	0.0042	1.1458	1.5183	0.0580	1.6920	2.0832	0.0362	0.1768	0.2344	0.0782
25	30	0.5784	8	0	2	0	0	0	0	0	0	N	Y	N	N	N	N	N	N	N	N	N	N	6.1126	5.2601	0.0000	6.9459	5.9752	0.0000	37.4202	93.6974	0.0000	0.0095	0.0110	0.0000	0.0170	0.0177	0.0000	0.0028	0.0036	0.0000	0.0016	0.0021	0.0001	0.0024	0.0030	0.0002	0.0001	0.0000	0.0001	0.0000	0.0259	-0.0010	-0.0004	10.0221	0.9701	10.6811	4.0208	0.0022	0.0022	0.0000	0.0019	0.0019	0.0000	0.0003	0.0003	0.0000	0.0010	0.0009	0.0000	0.0010	0.0009	0.0000	0.0000	0.0000	0.0000	0.2322	0.2003	0.0319	0.1102	0.1053	0.0049	0.1220	0.0949	0.0270	0.6210	0.4492	0.1718	0.3893	0.3159	0.0734	0.2317	0.1333	0.0984	6.1126	5.2601	0.0000	6.9459	5.9752	0.0000	37.4202	93.6974	0.0000	0.0016	0.0021	0.0001	0.0024	0.0030	0.0002	0.0001	0.0000	0.0001
25	31	0.5530	6	0	1	0	1	0	0	0	0	N	N	N	N	N	N	N	N	N	N	N	N	0.0339	0.0061	0.2305	0.0330	0.0130	0.3114	0.0557	0.0002	0.2579	0.0047	0.0008	0.0333	0.0063	0.0023	0.0763	0.0039	0.0000	0.0257	0.1378	0.1348	0.1443	0.1921	0.1812	0.2449	0.0694	0.0407	0.0998	5.4067	0.4821	0.0008	-0.0154	10.0221	5.0045	10.6811	16.6627	0.0019	0.0003	0.0016	0.0009	0.0003	0.0006	0.0011	0.0000	0.0011	0.1158	0.0781	0.0377	0.0900	0.0704	0.0196	0.0258	0.0078	0.0181	0.4152	0.3659	0.0493	0.1358	0.1285	0.0073	0.2794	0.2375	0.0419	0.8408	0.5796	0.2611	0.4684	0.3884	0.0800	0.3723	0.1913	0.1811	0.0339	0.0061	0.2305	0.0330	0.0130	0.3114	0.0557	0.0002	0.2579	0.1378	0.1348	0.1443	0.1921	0.1812	0.2449	0.0694	0.0407	0.0998
25	32	0.2072	4	1	1	1	0	0	0	0	0	N	N	N	N	N	N	N	N	N	N	N	N	2127.1113	inf	0.0000	4850.6832	inf	0.0000	0.0000	0.0000	0.0277	0.0321	0.0000	0.1323	0.1368	0.0000	0.0000	0.0000	0.0000	0.0000	0.0000	0.0000	0.0000	0.0000	0.0008	0.0000	0.0000	0.0000	0.0000	inf	-0.0014	0.0000	10.0221	1.4893	10.6811	0.0050	0.0031	0.0031	0.0000	0.0031	0.0031	0.0000	0.0000	0.0000	0.0000	0.0000	0.0000	0.0000	0.0000	0.0000	0.0000	0.0000	0.0000	0.0000	0.1132	0.0975	0.0157	0.0237	0.0229	0.0008	0.0895	0.0746	0.0149	0.0463	0.0281	0.0182	0.0076	0.0073	0.0003	0.0387	0.0208	0.0180	2127.1113	inf	0.0000	4850.6832	inf	0.0000	0.0000	0.0000	0.0000	0.0000	0.0000	0.0000	0.0000	0.0000	0.0008	0.0000	0.0000	0.0000	
25	33	0.5785	8	1	1	1	0	0	0	0	0	N	N	N	N	N	N	N	N	N	N	N	N	0.0905	0.1115	0.0020	0.1671	0.2089	0.0053	0.0006	0.0150	0.0010	0.0039	0.0044	0.0001	0.0119	0.0125	0.0007	0.0000	0.0000	0.0000	0.0433	0.0396	0.0528	0.0712	0.0597	0.1285	0.0058	0.0001	0.0134	0.0031	0.5181	-0.0002	-0.0011	10.0221	0.9855	10.6811	5.0251	0.0003	0.0003	0.0000	0.0003	0.0003	0.0000	0.0000	0.0000	0.0000	0.0098	0.0064	0.0033	0.0092	0.0064	0.0028	0.0006	0.0000	0.0006	0.0882	0.0780	0.0102	0.0290	0.0276	0.0014	0.0592	0.0504	0.0088	0.2260	0.1628	0.0632	0.1294	0.1078	0.0216	0.0966	0.0550	0.0416	0.0905	0.1115	0.0020	0.1671	0.2089	0.0053	0.0006	0.0150	0.0010	0.0433	0.0396	0.0528	0.0712	0.0597	0.1285	0.0058	0.0001	0.0134
25	34	0.5513	8	0	2	0	0	0	0	0	0	N	Y	N	N	N	N	N	N	N	N	N	N	0.0325	0.0254	0.0000	0.0389	0.0359	0.0000	0.0000	0.0000	0.0000	0.0146	0.0165	0.0000	0.0320	0.0344	0.0000	0.0000	0.0000	0.0000	0.4497	0.6494	0.0000	0.8234	0.9593	0.0000	0.0000	0.0000	0.0000	0.0000	0.0000	-0.0014	-0.0489	10.0221	2.0026	10.6811	4.0175	0.0031	0.0031	0.0000	0.0031	0.0031	0.0000	0.0000	0.0000	0.0000	0.1068	0.1068	0.0000	0.1068	0.1068	0.0000	0.0000	0.0000	0.0000	0.2123	0.1881	0.0242	0.0968	0.0901	0.0068	0.1155	0.0981	0.0174	0.2374	0.1644	0.0730	0.1297	0.1113	0.0184	0.1077	0.0531	0.0546	0.0325	0.0254	0.0000	0.0389	0.0359	0.0000	0.0000	0.0000	0.0000	0.4497	0.6494	0.0000	0.8234	0.9593	0.0000	0.0000	0.0000	0.0000
25	35	0.5513	7	0	1	0	0	0	0	0	0	N	N	N	N	N	N	N	N	N	N	N	N	0.2009	0.1681	0.4571	0.1750	0.1677	0.2495	0.2536	0.1720	0.6844	0.0021	0.0018	0.0044	0.0019	0.0018	0.0022	0.0025	0.0017	0.0068	0.0103	0.0106	0.0096	0.0106	0.0109	0.0087	0.0098	0.0096	0.0099	0.3033	0.4193	-0.0000	-0.0002	10.0221	0.4148	10.6811	1.5497	0.0002	0.0001	0.0000	0.0001	0.0001	0.0000	0.0001	0.0000	0.0000	0.0012	0.0008	0.0003	0.0007	0.0006	0.0001	0.0005	0.0002	0.0003	0.0774	0.0689	0.0084	0.0521	0.0478	0.0044	0.0252	0.0212	0.0041	0.1123	0.0769	0.0354	0.0647	0.0561	0.0086	0.0476	0.0208	0.0268	0.2009	0.1681	0.4571	0.1750	0.1677	0.2495	0.2536	0.1720	0.6844	0.0103	0.0106	0.0096	0.0106	0.0109	0.0087	0.0098	0.0096	0.0099
25	36	0.4936	5	0	2	0	0	0	0	0	0	N	Y	N	N	N	N	N	N	N	N	N	N	0.0054	0.0072	0.0021	0.0207	0.0181	0.0680	0.0002	0.0000	0.0006	0.0059	0.0062	0.0033	0.0191	0.0192	0.0167	0.0002	0.0000	0.0014	1.0912	0.8608	1.5991	0.9241	1.0604	0.2451	1.2971	0.4588	2.1685	0.0722	0.8422	-0.0014	-0.0013	10.0221	7.9964	10.6811	23.6501	0.0037	0.0035	0.0003	0.0036	0.0035	0.0002	0.0001	0.0000	0.0001	1.0614	0.5761	0.4853	0.4963	0.4743	0.0220	0.5651	0.1019	0.4632	0.6326	0.5569	0.0756	0.1896	0.1800	0.0096	0.4430	0.3770	0.0660	0.9727	0.6693	0.3034	0.5371	0.4473	0.0898	0.4357	0.2220	0.2136	0.0054	0.0072	0.0021	0.0207	0.0181	0.0680	0.0002	0.0000	0.0006	1.0912	0.8608	1.5991	0.9241	1.0604	0.2451	1.2971	0.4588	2.1685
25	37	0.5675	7	1	2	0	0	0	0	0	0	N	Y	N	N	N	N	N	N	N	N	N	N	3.4771	15.7917	0.0002	0.0061	0.0273	0.0003	12.8750	72.9472	0.0005	1.6704	1.8886	0.0003	0.0040	0.0042	0.0010	2.5144	2.9495	0.0002	0.4804	0.1196	1.3304	0.6621	0.1533	2.7749	0.1953	0.0404	0.3763	0.0000	4.7222	-0.4317	0.1743	10.0221	6.9981	10.6811	25.9787	0.9787	0.9787	0.0000	0.0008	0.0008	0.0000	0.9779	0.9779	0.0000	0.4751	0.0830	0.3921	0.4000	0.0746	0.3253	0.0752	0.0084	0.0668	0.5859	0.5182	0.0677	0.1970	0.1867	0.0103	0.3889	0.3316	0.0574	0.9890	0.6943	0.2947	0.6041	0.4868	0.1172	0.3850	0.2075	0.1775	3.4771	15.7917	0.0002	0.0061	0.0273	0.0003	12.8750	72.9472	0.0005	0.4804	0.1196	1.3304	0.6621	0.1533	2.7749	0.1953	0.0404	0.3763
25	38	0.5513	7	0	2	0	0	0	0	0	0	N	Y	N	N	N	N	N	N	N	N	N	N	0.0939	0.3174	0.0002	0.2440	0.6367	0.0001	0.0001	0.0003	0.0002	0.0005	0.0005	0.0000	0.0012	0.0012	0.0000	0.0000	0.0000	0.0000	0.0048	0.0016	0.0122	0.0048	0.0019	0.0213	0.0049	0.0010	0.0091	0.0005	3.3008	-0.0001	0.0007	10.0221	4.7553	10.6811	10.1994	0.0002	0.0002	0.0000	0.0002	0.0002	0.0000	0.0000	0.0000	0.0000	0.0024	0.0006	0.0019	0.0013	0.0004	0.0008	0.0012	0.0001	0.0010	0.4416	0.3908	0.0509	0.1724	0.1617	0.0108	0.2692	0.2291	0.0401	0.5003	0.3483	0.1521	0.2653	0.2266	0.0387	0.2350	0.1216	0.1134	0.0939	0.3174	0.0002	0.2440	0.6367	0.0001	0.0001	0.0003	0.0002	0.0048	0.0016	0.0122	0.0048	0.0019	0.0213	0.0049	0.0010	0.0091
25	39	0.4936	5	1	2	0	0	0	0	0	0	N	Y	N	N	N	N	N	N	N	N	N	N	0.0084	0.0083	0.0000	0.0183	0.0162	0.0000	0.0014	inf	0.0000	0.0114	0.0129	0.0000	0.0359	0.0378	0.0000	0.0009	0.0010	0.0000	1.3503	1.5605	0.8865	1.9592	2.3366	0.0815	0.6002	0.0000	1.2253	0.0000	0.2574	-0.0020	-0.3389	10.0221	5.0000	10.6811	27.3229	0.0046	0.0046	0.0000	0.0043	0.0043	0.0000	0.0002	0.0002	0.0000	1.3362	1.0627	0.2736	1.0701	1.0627	0.0074	0.2661	0.0000	0.2661	0.4010	0.3529	0.0481	0.1204	0.1143	0.0061	0.2806	0.2386	0.0420	0.9896	0.6810	0.3086	0.5462	0.4548	0.0914	0.4434	0.2262	0.2172	0.0084	0.0083	0.0000	0.0183	0.0162	0.0000	0.0014	inf	0.0000	1.3503	1.5605	0.8865	1.9592	2.3366	0.0815	0.6002	0.0000	1.2253
25	40	0.5675	7	0	2	0	0	0	0	0	0	N	Y	N	N	N	N	N	N	N	N	N	N	0.0215	0.0173	0.0000	0.1604	0.1363	0.0000	0.0000	0.0000	0.0000	0.0099	0.0112	0.0000	0.0295	0.0311	0.0000	0.0000	0.0000	0.0000	0.4626	0.6476	0.0280	0.1838	0.2282	0.0015	0.9062	1.6446	0.0458	0.0000	0.0184	-0.0026	-0.1783	10.0221	7.0019	10.6811	21.4344	0.0058	0.0058	0.0000	0.0058	0.0058	0.0000	0.0000	0.0000	0.0000	0.4048	0.3975	0.0073	0.0988	0.0986	0.0002	0.3061	0.2989	0.0071	0.5862	0.5185	0.0677	0.1971	0.1868	0.0103	0.3892	0.3317	0.0574	0.8750	0.6138	0.2612	0.5373	0.4321	0.1052	0.3377	0.1818	0.1560	0.0215	0.0173	0.0000	0.1604	0.1363	0.0000	0.0000	0.0000	0.0000	0.4626	0.6476	0.0280	0.1838	0.2282	0.0015	0.9062	1.6446	0.0458
25	41	0.1098	2	0	2	0	0	0	0	0	0	N	Y	N	N	N	N	N	N	N	N	N	N	3.3796	1.8195	15.9330	13.0527	13.3055	3.2938	2.9110	0.9857	17.0316	1.9383	1.4598	3.6661	1.6790	1.7644	0.0330	2.0870	1.2180	3.9944	0.5735	0.8023	0.2301	0.1286	0.1326	0.0100	0.7169	1.2358	0.2345	0.6955	0.1910	-0.0751	-0.1310	10.0221	8.1446	10.6811	10.2519	2.4310	1.4338	0.9972	0.7675	0.7668	0.0007	1.6634	0.6670	0.9965	0.4396	0.3691	0.0705	0.0240	0.0240	0.0001	0.4156	0.3452	0.0705	1.2542	0.9822	0.2720	0.4571	0.4346	0.0225	0.7970	0.5476	0.2495	0.7666	0.4601	0.3065	0.1868	0.1808	0.0061	0.5797	0.2793	0.3004	3.3796	1.8195	15.9330	13.0527	13.3055	3.2938	2.9110	0.9857	17.0316	0.5735	0.8023	0.2301	0.1286	0.1326	0.0100	0.7169	1.2358	0.2345
25	42	0.5675	7	0	2	0	0	0	0	0	0	N	Y	N	N	N	N	N	N	N	N	N	N	0.1327	0.1497	0.0000	0.2648	0.3034	0.0000	0.0034	0.0078	0.0000	0.0061	0.0069	0.0000	0.0180	0.0190	0.0000	0.0000	0.0000	0.0000	0.0458	0.0460	0.0456	0.0681	0.0627	0.0893	0.0089	0.0045	0.0139	0.0000	0.4260	-0.0014	-0.0043	10.0221	5.9981	10.6811	11.5875	0.0031	0.0031	0.0000	0.0031	0.0031	0.0000	0.0000	0.0000	0.0000	0.0269	0.0188	0.0080	0.0249	0.0183	0.0066	0.0019	0.0005	0.0014	0.5045	0.4461	0.0583	0.1697	0.1609	0.0089	0.3347	0.2853	0.0494	0.5863	0.4101	0.1762	0.3662	0.2922	0.0740	0.2201	0.1179	0.1022	0.1327	0.1497	0.0000	0.2648	0.3034	0.0000	0.0034	0.0078	0.0000	0.0458	0.0460	0.0456	0.0681	0.0627	0.0893	0.0089	0.0045	0.0139
25	43	0.6512	7	0	2	1	1	0	0	0	0	N	Y	N	N	N	N	N	N	N	N	N	N	0.0210	0.0181	0.0041	0.0345	0.0323	0.0395	0.0016	0.0026	0.0004	0.0008	0.0009	0.0000	0.0023	0.0024	0.0000	0.0000	0.0000	0.0000	0.0370	0.0487	0.0018	0.0671	0.0757	0.0011	0.0014	0.0009	0.0020	0.0011	0.0120	-0.0000	-0.0034	10.0221	1.0007	10.6811	2.4334	0.0001	0.0001	0.0000	0.0001	0.0001	0.0000	0.0000	0.0000	0.0000	0.0076	0.0075	0.0001	0.0075	0.0075	0.0000	0.0001	0.0001	0.0001	0.0837	0.0736	0.0101	0.0280	0.0265	0.0015	0.0557	0.0471	0.0086	0.2057	0.1544	0.0513	0.1114	0.0985	0.0128	0.0943	0.0558	0.0385	0.0210	0.0181	0.0041	0.0345	0.0323	0.0395	0.0016	0.0026	0.0004	0.0370	0.0487	0.0018	0.0671	0.0757	0.0011	0.0014	0.0009	0.0020
25	44	0.6140	6	0	1	0	1	0	0	0	0	N	N	N	N	N	N	N	N	N	N	N	N	2.7973	5.7342	0.0008	7.5072	9.4914	0.0006	0.0163	0.1169	0.0011	0.2101	0.2455	0.0001	0.4492	0.5278	0.0001	0.0016	0.0018	0.0002	0.0751	0.0428	0.1552	0.0598	0.0556	0.0839	0.0955	0.0153	0.1856	0.0001	1.4606	-0.0115	0.0081	10.0221	1.0391	10.6811	15.0482	0.0261	0.0261	0.0000	0.0260	0.0260	0.0000	0.0001	0.0001	0.0000	0.0600	0.0244	0.0356	0.0274	0.0216	0.0057	0.0326	0.0028	0.0299	0.1244	0.1064	0.0180	0.0579	0.0493	0.0086	0.0665	0.0571	0.0094	0.7988	0.5694	0.2294	0.4574	0.3889	0.0685	0.3414	0.1805	0.1609	2.7973	5.7342	0.0008	7.5072	9.4914	0.0006	0.0163	0.1169	0.0011	0.0751	0.0428	0.1552	0.0598	0.0556	0.0839	0.0955	0.0153	0.1856
25	45	0.4936	5	0	2	0	0	0	0	0	0	N	Y	N	N	N	N	N	N	N	N	N	N	0.0065	0.0429	0.0121	0.0099	0.0888	0.0141	0.0055	0.0000	0.0182	0.0034	0.0012	0.0195	0.0061	0.0038	0.0485	0.0023	0.0000	0.0153	0.5219	0.0285	1.6125	0.6122	0.0428	3.4396	0.4109	0.0001	0.8415	2.1555	25.5706	0.0008	0.2740	10.0221	12.0036	10.6811	21.9053	0.0032	0.0010	0.0022	0.0017	0.0010	0.0007	0.0015	0.0000	0.0015	0.5436	0.0205	0.5231	0.3516	0.0204	0.3311	0.1920	0.0000	0.1920	0.9464	0.8338	0.1126	0.2830	0.2688	0.0143	0.6633	0.5650	0.0983	1.0415	0.7171	0.3244	0.5742	0.4780	0.0963	0.4672	0.2391	0.2281	0.0065	0.0429	0.0121	0.0099	0.0888	0.0141	0.0055	0.0000	0.0182	0.5219	0.0285	1.6125	0.6122	0.0428	3.4396	0.4109	0.0001	0.8415
25	46	0.2771	7	1	2	0	0	0	0	0	0	N	Y	N	N	N	N	N	N	N	N	N	N	0.0332	0.0250	0.0000	0.0389	0.0371	0.0000	0.0000	0.0000	0.0000	0.0036	0.0042	0.0000	0.0143	0.0152	0.0000	0.0000	0.0000	0.0000	0.1094	0.1673	0.0002	0.3667	0.4086	0.0003	0.0001	0.0000	0.0002	0.0000	0.0006	-0.0003	-0.0068	10.0221	2.0120	10.6811	1.9924	0.0006	0.0006	0.0000	0.0006	0.0006	0.0000	0.0000	0.0000	0.0000	0.0150	0.0150	0.0000	0.0150	0.0149	0.0000	0.0000	0.0000	0.0000	0.1733	0.1504	0.0229	0.0441	0.0415	0.0026	0.1292	0.1089	0.0203	0.1367	0.0894	0.0473	0.0408	0.0366	0.0042	0.0959	0.0528	0.0431	0.0332	0.0250	0.0000	0.0389	0.0371	0.0000	0.0000	0.0000	0.0000	0.1094	0.1673	0.0002	0.3667	0.4086	0.0003	0.0001	0.0000	0.0002
25	47	0.5981	11	1	2	0	0	0	0	0	0	N	Y	N	N	N	N	N	N	N	N	N	N	0.0000	0.0000	0.0000	0.0000	0.0000	0.0000	0.0000	0.0000	0.0000	0.0000	0.0000	0.0000	0.0000	0.0000	0.0000	0.0000	0.0000	0.0000	0.1030	0.1444	0.0003	0.1843	0.2179	0.0006	0.0001	0.0000	0.0001	0.0007	0.0000	-0.0059	10.0221	0.0002	10.6811	4.0036	0.0000	0.0000	0.0000	0.0000	0.0000	0.0000	0.0000	0.0000	0.0000	0.0130	0.0130	0.0000	0.0130	0.0130	0.0000	0.0000	0.0000	0.0000	0.0000	0.0000	0.0000	0.0000	0.0000	0.0000	0.0000	0.0000	0.0000	0.1261	0.0899	0.0362	0.0704	0.0595	0.0109	0.0557	0.0303	0.0254	0.0000	0.0000	0.0000	0.0000	0.0000	0.0000	0.0000	0.0000	0.0000	0.1030	0.1444	0.0003	0.1843	0.2179	0.0006	0.0001	0.0000	0.0001	
25	48	0.4936	5	0	2	0	1	0	0	0	0	N	Y	N	N	N	N	N	N	N	N	N	N	0.0068	0.0000	0.0633	0.0028	0.0000	0.2928	0.0095	0.0000	0.0474	0.0094	0.0000	0.0787	0.0043	0.0001	0.0827	0.0117	0.0000	0.0781	1.3809	1.4422	1.2438	1.5104	1.7587	0.2825	1.2264	0.8419	1.6484	451.8568	0.3855	0.0025	-0.3900	10.0221	6.0036	10.6811	51.7820	0.0045	0.0000	0.0045	0.0006	0.0000	0.0006	0.0039	0.0000	0.0039	2.1647	1.5625	0.6023	1.2881	1.2475	0.0405	0.8767	0.3149	0.5618	0.4792	0.4218	0.0574	0.1438	0.1365	0.0073	0.3354	0.2853	0.0501	1.5676	1.0834	0.4842	0.8528	0.7094	0.1434	0.7148	0.3740	0.3408	0.0068	0.0000	0.0633	0.0028	0.0000	0.2928	0.0095	0.0000	0.0474	1.3809	1.4422	1.2438	1.5104	1.7587	0.2825	1.2264	0.8419	1.6484
25	49	0.4936	5	1	2	0	0	0	0	0	0	N	Y	N	N	N	N	N	N	N	N	N	N	2.0199	0.0856	6.0757	0.9152	0.2232	12.7054	1.4591	0.0000	4.9048	0.7108	0.0063	5.8847	0.0820	0.0196	1.2498	0.9804	0.0000	6.5585	0.3519	0.0741	0.9686	0.0896	0.0878	0.0984	0.6719	0.0471	1.3372	126.3667	5.8931	0.1875	0.1661	10.0221	5.9964	10.6811	34.6547	0.3403	0.0027	0.3376	0.0118	0.0027	0.0091	0.3285	0.0000	0.3285	0.4190	0.0608	0.3582	0.0586	0.0478	0.0108	0.3604	0.0130	0.3474	0.4787	0.4213	0.0574	0.1436	0.1363	0.0073	0.3351	0.2850	0.0501	1.1906	0.8208	0.3698	0.6543	0.5442	0.1100	0.5364	0.2766	0.2598	2.0199	0.0856	6.0757	0.9152	0.2232	12.7054	1.4591	0.0000	4.9048	0.3519	0.0741	0.9686	0.0896	0.0878	0.0984	0.6719	0.0471	1.3372
25	50	0.5831	6	0	1	1	0	0	0	0	0	N	N	N	N	N	N	N	N	N	N	N	N	1.8579	0.4492	38.5760	1.0990	0.9447	4.7341	5.1272	0.0017	42.7563	0.5590	0.1747	3.5088	0.4808	0.4854	0.3961	0.5985	0.0002	4.0528	0.3009	0.3889	0.0910	0.4375	0.5138	0.0837	0.1167	0.1350	0.0948	2.6166	0.0981	0.3841	-0.2499	10.0221	31.2093	10.6811	46.3939	1.3604	0.3761	0.9842	0.3924	0.3758	0.0165	0.9680	0.0003	0.9677	0.6773	0.6168	0.0605	0.5654	0.5462	0.0192	0.1119	0.0706	0.0413	2.4334	2.1529	0.2805	0.8160	0.7743	0.0417	1.6174	1.3786	0.2388	2.2508	1.5858	0.6651	1.2921	1.0630	0.2292	0.9587	0.5228	0.4359	1.8579	0.4492	38.5760	1.0990	0.9447	4.7341	5.1272	0.0017	42.7563	0.3009	0.3889	0.0910	0.4375	0.5138	0.0837	0.1167	0.1350	0.0948
25	51	0.5303	6	0	2	0	0	0	0	0	0	N	Y	N	N	N	N	N	N	N	N	N	N	0.0037	0.0190	0.0000	0.0392	0.0396	0.0015	0.0000	0.0001	0.0000	0.0007	0.0008	0.0000	0.0023	0.0024	0.0001	0.0000	0.0000	0.0000	0.2041	0.0445	0.5486	0.0579	0.0599	0.0449	0.4029	0.0039	0.7200	0.0026	5.7020	-0.0001	0.0783	10.0221	4.1516	10.6811	14.5664	0.0003	0.0003	0.0000	0.0003	0.0003	0.0000	0.0000	0.0000	0.0000	0.1995	0.0298	0.1697	0.0326	0.0291	0.0035	0.1669	0.0007	0.1662	0.3798	0.3357	0.0440	0.1251	0.1193	0.0058	0.2546	0.2165	0.0382	0.9776	0.6682	0.3094	0.5632	0.4847	0.0786	0.4143	0.1835	0.2308	0.0037	0.0190	0.0000	0.0392	0.0396	0.0015	0.0000	0.0001	0.0000	0.2041	0.0445	0.5486	0.0579	0.0599	0.0449	0.4029	0.0039	0.7200
25	52	0.6108	8	1	1	1	0	0	0	0	0	N	N	N	N	N	N	N	N	N	N	N	N	11.1957	13.6991	1.7216	20.0512	17.8355	26.1979	0.4897	0.0000	0.9228	0.0448	0.0511	0.0081	0.0948	0.0982	0.0199	0.0015	0.0000	0.0062	0.0040	0.0037	0.0047	0.0047	0.0055	0.0008	0.0030	0.0001	0.0067	0.0273	0.4875	-0.0000	-0.0000	10.0221	0.0028	10.6811	0.9232	0.0000	0.0000	0.0000	0.0000	0.0000	0.0000	0.0000	0.0000	0.0000	0.0002	0.0001	0.0000	0.0001	0.0001	0.0000	0.0000	0.0000	0.0000	0.0008	0.0007	0.0001	0.0004	0.0003	0.0000	0.0004	0.0003	0.0001	0.0380	0.0274	0.0106	0.0220	0.0184	0.0036	0.0160	0.0090	0.0070	11.1957	13.6991	1.7216	20.0512	17.8355	26.1979	0.4897	0.0000	0.9228	0.0040	0.0037	0.0047	0.0047	0.0055	0.0008	0.0030	0.0001	0.0067
25	53	0.4233	8	0	2	0	0	0	0	0	0	N	Y	N	N	N	N	N	N	N	N	N	N	1.6233	0.0090	14.4506	4.6900	0.0560	181.6138	0.8812	0.0006	7.7546	1.0762	0.0064	8.1139	1.4422	0.0181	42.0398	0.9262	0.0008	5.3777	0.6629	0.7096	0.5615	0.3075	0.3233	0.2315	1.0511	1.3690	0.6935	192.0777	0.3638	0.4896	-0.1807	10.0221	8.5400	10.6811	19.3759	0.8842	0.0046	0.8797	0.3443	0.0042	0.3402	0.5399	0.0004	0.5395	0.9427	0.6913	0.2515	0.2283	0.1986	0.0296	0.7145	0.4926	0.2219	0.8217	0.7133	0.1084	0.2387	0.2307	0.0081	0.5829	0.4826	0.1003	1.4221	0.9742	0.4479	0.7423	0.6143	0.1280	0.6798	0.3598	0.3199	1.6233	0.0090	14.4506	4.6900	0.0560	181.6138	0.8812	0.0006	7.7546	0.6629	0.7096	0.5615	0.3075	0.3233	0.2315	1.0511	1.3690	0.6935
25	54	0.3603	7	0	1	0	0	0	0	0	0	N	N	N	N	N	N	N	N	N	N	N	N	0.1029	0.0456	0.9161	0.1480	0.1152	2.4437	0.0862	0.0094	0.7761	0.0201	0.0112	0.0789	0.0336	0.0297	0.1359	0.0144	0.0022	0.0737	0.1951	0.2462	0.0861	0.2268	0.2574	0.0556	0.1668	0.2303	0.0949	1.0583	0.1639	0.0011	-0.0989	10.0221	7.3474	10.6811	24.2346	0.0150	0.0073	0.0077	0.0075	0.0064	0.0011	0.0076	0.0009	0.0066	0.3113	0.2675	0.0438	0.1707	0.1643	0.0064	0.1407	0.1032	0.0375	0.7492	0.6512	0.0981	0.2228	0.2145	0.0082	0.5265	0.4366	0.0898	1.5958	1.0865	0.5092	0.7526	0.6385	0.1141	0.8431	0.4481	0.3951	0.1029	0.0456	0.9161	0.1480	0.1152	2.4437	0.0862	0.0094	0.7761	0.1951	0.2462	0.0861	0.2268	0.2574	0.0556	0.1668	0.2303	0.0949
25	55	0.3305	6	0	1	0	0	0	0	0	0	N	N	N	N	N	N	N	N	N	N	N	N	0.2245	0.1017	0.7148	0.3071	0.3013	0.1388	0.1802	0.0005	0.6677	0.0649	0.0249	0.2709	0.0606	0.0618	0.0196	0.0671	0.0001	0.2867	0.2889	0.2447	0.3790	0.1972	0.2050	0.1411	0.3724	0.3110	0.4294	2.1106	0.7602	0.0069	-0.0105	10.0221	3.4216	10.6811	15.9376	0.0291	0.0094	0.0198	0.0094	0.0093	0.0001	0.0197	0.0000	0.0197	0.3949	0.2244	0.1705	0.1285	0.1174	0.0111	0.2664	0.1070	0.1595	0.4493	0.3764	0.0730	0.1555	0.1512	0.0043	0.2938	0.2252	0.0687	1.3667	0.9167	0.4500	0.6513	0.5727	0.0786	0.7153	0.3440	0.3713	0.2245	0.1017	0.7148	0.3071	0.3013	0.1388	0.1802	0.0005	0.6677	0.2889	0.2447	0.3790	0.1972	0.2050	0.1411	0.3724	0.3110	0.4294
25	56	0.6140	6	0	2	0	0	0	0	0	0	N	Y	N	N	N	N	N	N	N	N	N	N	28.2989	24.2944	0.0050	16.7644	16.8160	0.0044	68.7008	48.9951	0.0063	7.0440	8.2418	0.0001	5.8451	6.8858	0.0001	8.1088	9.4308	0.0002	0.2489	0.3392	0.0272	0.3487	0.4095	0.0124	0.1180	0.1925	0.0335	0.0000	0.0326	-0.3737	-0.0998	10.0221	0.9891	10.6811	20.6926	0.8471	0.8471	0.0000	0.3306	0.3306	0.0000	0.5165	0.5165	0.0000	0.2339	0.2265	0.0074	0.1859	0.1849	0.0010	0.0480	0.0416	0.0064	0.1203	0.1028	0.0175	0.0566	0.0480	0.0085	0.0637	0.0548	0.0089	0.9396	0.6676	0.2720	0.5332	0.4516	0.0817	0.4064	0.2161	0.1903	28.2989	24.2944	0.0050	16.7644	16.8160	0.0044	68.7008	48.9951	0.0063	0.2489	0.3392	0.0272	0.3487	0.4095	0.0124	0.1180	0.1925	0.0335
25	57	0.4936	5	0	1	0	0	0	0	0	0	N	N	N	N	N	N	N	N	N	N	N	N	0.0504	0.0462	0.0230	0.0560	0.0503	0.0151	0.0553	0.0558	0.0200	0.0683	0.0752	0.0171	0.0886	0.0931	0.0037	0.0596	0.0667	0.0190	1.3535	1.6288	0.7414	1.5813	1.8515	0.2465	1.0770	1.1943	0.9510	0.0310	0.2047	-0.0113	-0.4983	10.0221	5.0326	10.6811	39.3193	0.0276	0.0267	0.0008	0.0107	0.0107	0.0000	0.0168	0.0160	0.0008	1.7272	1.4337	0.2934	1.1065	1.0775	0.0290	0.6207	0.3563	0.2644	0.4036	0.3551	0.0484	0.1212	0.1150	0.0061	0.2824	0.2401	0.0423	1.2761	0.8803	0.3958	0.6997	0.5819	0.1178	0.5763	0.2983	0.2780	0.0504	0.0462	0.0230	0.0560	0.0503	0.0151	0.0553	0.0558	0.0200	1.3535	1.6288	0.7414	1.5813	1.8515	0.2465	1.0770	1.1943	0.9510
25	58	0.4936	5	0	2	0	1	0	0	0	0	N	Y	N	N	N	N	N	N	N	N	N	N	0.0001	0.0001	0.0002	0.0002	0.0002	0.0020	0.0000	0.0000	0.0001	0.0001	0.0001	0.0002	0.0004	0.0003	0.0005	0.0000	0.0000	0.0001	1.0663	1.1868	0.7987	1.5301	1.7905	0.2429	0.5012	0.0018	1.0342	0.2142	0.3030	-0.0000	-0.2927	10.0221	5.0036	10.6811	36.7244	0.0000	0.0000	0.0000	0.0000	0.0000	0.0000	0.0000	0.0000	0.0000	1.2963	0.9948	0.3015	1.0216	0.9943	0.0273	0.2747	0.0005	0.2742	0.4013	0.3531	0.0482	0.1205	0.1144	0.0061	0.2808	0.2388	0.0420	1.2157	0.8383	0.3775	0.6676	0.5553	0.1123	0.5481	0.2829	0.2651	0.0001	0.0001	0.0002	0.0002	0.0002	0.0020	0.0000	0.0000	0.0001	1.0663	1.1868	0.7987	1.5301	1.7905	0.2429	0.5012	0.0018	1.0342
25	59	0.3108	6	0	2	0	1	0	0	0	0	N	Y	N	N	N	N	N	N	N	N	N	N	0.0450	0.0327	0.1718	0.0483	0.0453	0.0715	0.1127	8.8549	0.1872	0.0045	0.0043	0.0058	0.0090	0.0096	0.0015	0.0021	0.0012	0.0070	0.1000	0.1316	0.0340	0.1854	0.2119	0.0214	0.0187	0.0001	0.0374	0.2019	0.1236	-0.0014	-0.0764	10.0221	10.4254	10.6811	21.2017	0.0052	0.0043	0.0009	0.0036	0.0035	0.0000	0.0016	0.0008	0.0008	0.2192	0.1951	0.0241	0.1982	0.1950	0.0032	0.0210	0.0001	0.0209	1.1434	0.9954	0.1480	0.3995	0.3683	0.0312	0.7439	0.6271	0.1168	2.1909	1.4827	0.7082	1.0687	0.9204	0.1484	1.1221	0.5623	0.5598	0.0450	0.0327	0.1718	0.0483	0.0453	0.0715	0.1127	8.8549	0.1872	0.1000	0.1316	0.0340	0.1854	0.2119	0.0214	0.0187	0.0001	0.0374
25	60	0.6108	8	1	1	1	0	0	0	0	0	N	N	N	N	N	N	N	N	N	N	N	N	3.0799	0.0011	7.8428	2.5326	0.0024	9.5465	7.0181	0.0000	21.4518	0.1554	0.0000	1.3173	0.1804	0.0000	3.5600	0.1436	0.0000	0.9568	0.0505	0.0000	0.1680	0.0712	0.0001	0.3729	0.0205	0.0000	0.0446	3532967.2119	1636.4091	0.0148	0.0046	10.0221	1.9981	10.6811	3.0867	0.0265	0.0000	0.0265	0.0099	0.0000	0.0099	0.0166	0.0000	0.0166	0.0086	0.0000	0.0086	0.0071	0.0000	0.0071	0.0014	0.0000	0.0014	0.1705	0.1504	0.0201	0.0550	0.0522	0.0028	0.1155	0.0982	0.0173	0.1698	0.1188	0.0510	0.1004	0.0812	0.0192	0.0694	0.0376	0.0318	3.0799	0.0011	7.8428	2.5326	0.0024	9.5465	7.0181	0.0000	21.4518	0.0505	0.0000	0.1680	0.0712	0.0001	0.3729	0.0205	0.0000	0.0446
25	61	0.5675	7	1	1	1	0	0	0	0	0	N	N	N	N	N	N	N	N	N	N	N	N	0.0211	0.0245	0.0536	0.1379	0.0534	0.8099	0.0096	0.0000	0.0301	0.0126	0.0008	0.1024	0.0096	0.0023	0.1418	0.0141	0.0000	0.0953	0.5980	0.0339	1.9118	0.0697	0.0431	0.1750	1.4746	0.0112	3.1640	16.1292	24.1921	0.0021	0.1801	10.0221	4.0039	10.6811	14.0733	0.0043	0.0003	0.0040	0.0011	0.0003	0.0009	0.0032	0.0000	0.0032	0.3587	0.0142	0.3445	0.0261	0.0129	0.0132	0.3326	0.0013	0.3313	0.3399	0.3005	0.0394	0.1146	0.1086	0.0060	0.2253	0.1919	0.0334	0.5999	0.4197	0.1802	0.3743	0.2988	0.0755	0.2256	0.1209	0.1047	0.0211	0.0245	0.0536	0.1379	0.0534	0.8099	0.0096	0.0000	0.0301	0.5980	0.0339	1.9118	0.0697	0.0431	0.1750	1.4746	0.0112	3.1640
25	62	0.5869	8	1	1	1	0	0	0	0	0	N	N	N	N	N	N	N	N	N	N	N	N	0.0012	0.0052	0.0000	0.0061	0.0068	0.0000	0.0000	0.0105	0.0000	0.0011	0.0012	0.0000	0.0022	0.0023	0.0000	0.0000	0.0000	0.0000	0.8543	0.2333	2.2496	0.3651	0.3343	0.4989	1.5693	0.0004	3.2378	0.0004	4.2932	-0.0000	0.1637	10.0221	0.0060	10.6811	17.2393	0.0000	0.0000	0.0000	0.0000	0.0000	0.0000	0.0000	0.0000	0.0000	0.4641	0.0877	0.3764	0.1178	0.0876	0.0301	0.3464	0.0000	0.3463	0.0019	0.0016	0.0002	0.0009	0.0009	0.0000	0.0010	0.0008	0.0002	0.5433	0.3759	0.1673	0.3226	0.2622	0.0604	0.2207	0.1137	0.1070	0.0012	0.0052	0.0000	0.0061	0.0068	0.0000	0.0000	0.0105	0.0000	0.8543	0.2333	2.2496	0.3651	0.3343	0.4989	1.5693	0.0004	3.2378
25	63	0.5303	6	0	1	1	0	0	0	0	0	N	N	N	N	N	N	N	N	N	N	N	N	0.0028	0.0024	0.0028	0.0047	0.0048	0.0030	0.0006	0.0000	0.0075	0.0001	0.0001	0.0000	0.0003	0.0003	0.0002	0.0000	0.0000	0.0000	0.0346	0.0430	0.0165	0.0542	0.0538	0.0571	0.0071	0.0119	0.0036	0.0539	0.1789	-0.0000	-0.0088	10.0221	1.0230	10.6811	12.1924	0.0000	0.0000	0.0000	0.0000	0.0000	0.0000	0.0000	0.0000	0.0000	0.0288	0.0244	0.0044	0.0264	0.0227	0.0036	0.0025	0.0017	0.0007	0.1224	0.1090	0.0134	0.0457	0.0440	0.0017	0.0767	0.0650	0.0117	0.8332	0.5682	0.2650	0.4859	0.4221	0.0639	0.3473	0.1461	0.2011	0.0028	0.0024	0.0028	0.0047	0.0048	0.0030	0.0006	0.0000	0.0075	0.0346	0.0430	0.0165	0.0542	0.0538	0.0571	0.0071	0.0119	0.0036
25	64	0.4936	5	0	1	0	0	0	0	0	0	N	N	N	N	N	N	N	N	N	N	N	N	0.0022	0.0012	0.0178	0.0027	0.0017	0.1083	0.0048	0.0120	0.0094	0.0047	0.0032	0.0152	0.0091	0.0066	0.0568	0.0027	0.0016	0.0092	2.1260	2.7170	0.8535	3.3759	3.9153	0.5245	0.5692	0.1343	0.9803	0.6460	0.1459	-0.0000	-0.3702	10.0221	2.4556	10.6811	12.4191	0.0009	0.0006	0.0004	0.0005	0.0004	0.0002	0.0004	0.0002	0.0002	1.1182	0.9758	0.1424	0.9849	0.9605	0.0243	0.1333	0.0153	0.1180	0.1996	0.1755	0.0240	0.0601	0.0570	0.0030	0.1395	0.1185	0.0210	0.5260	0.3592	0.1668	0.2917	0.2453	0.0464	0.2342	0.1138	0.1204	0.0022	0.0012	0.0178	0.0027	0.0017	0.1083	0.0048	0.0120	0.0094	2.1260	2.7170	0.8535	3.3759	3.9153	0.5245	0.5692	0.1343	0.9803
25	65	0.6159	7	0	2	0	0	0	0	0	0	N	Y	N	N	N	N	N	N	N	N	N	N	0.0052	0.0448	0.0004	0.0786	0.0802	0.0072	0.0001	0.0005	0.0003	0.0032	0.0035	0.0008	0.0089	0.0093	0.0007	0.0001	0.0000	0.0008	0.6220	0.0786	1.9876	0.1131	0.1158	0.0987	1.3105	0.0011	2.8820	0.0288	10.0569	-0.0002	0.1498	10.0221	1.7555	10.6811	11.9300	0.0005	0.0005	0.0000	0.0005	0.0005	0.0000	0.0000	0.0000	0.0000	0.3320	0.0300	0.3020	0.0347	0.0299	0.0048	0.2973	0.0001	0.2972	0.1642	0.1455	0.0186	0.0579	0.0552	0.0027	0.1063	0.0903	0.0159	0.5337	0.3818	0.1519	0.3069	0.2581	0.0488	0.2268	0.1237	0.1031	0.0052	0.0448	0.0004	0.0786	0.0802	0.0072	0.0001	0.0005	0.0003	0.6220	0.0786	1.9876	0.1131	0.1158	0.0987	1.3105	0.0011	2.8820
25	66	0.5950	9	1	2	1	0	0	0	0	0	N	Y	N	N	N	N	N	N	N	N	N	N	0.0000	0.0000	0.0000	0.0000	0.0000	0.0000	0.0000	0.0000	0.0000	0.0000	0.0000	0.0000	0.0000	0.0000	0.0000	0.0000	0.0000	0.0000	0.0000	0.0000	10.0221	0.0000	10.6811	0.0000	0.0000	0.0000	0.0000	0.0000	0.0000	0.0000	0.0000	0.0000	0.0000	0.0000	0.0000	0.0000	0.0000	0.0000	0.0000	0.0000	0.0000	0.0000	0.0000	0.0000	0.0000	0.0000	0.0000	0.0000	0.0000	0.0000	0.0000	0.0000	0.0000	0.0000	0.0000	0.0000	0.0000	0.0000	0.0000	0.0000	0.0000	0.0000	0.0000	0.0000	0.0000	0.0000	0.0000	0.0000	0.0000	0.0000	0.0000	0.0000	0.0000	0.0000	0.0000	0.0000	0.0000	0.0000											
25	67	0.2114	4	1	2	1	0	0	0	0	0	N	Y	N	N	N	N	N	N	N	N	N	N	0.0000	0.0000	0.0000	0.0000	0.0000	0.0000	0.0000	0.0000	0.0000	0.0000	0.0000	0.0000	0.0000	0.0101	0.0168	0.0000	0.0638	0.0653	0.0000	0.0000	0.0000	0.0000	0.0000	0.0000	-0.0006	10.0221	1.0000	10.6811	3.0000	0.0000	0.0000	0.0000	0.0000	0.0000	0.0000	0.0000	0.0000	0.0000	0.0012	0.0012	0.0000	0.0012	0.0012	0.0000	0.0000	0.0000	0.0000	0.0827	0.0732	0.0095	0.0249	0.0240	0.0009	0.0579	0.0492	0.0086	0.1186	0.0715	0.0472	0.0188	0.0184	0.0004	0.0998	0.0531	0.0467	0.0000	0.0000	0.0000	0.0000	0.0000	0.0000	0.0000	0.0000	0.0000	0.0101	0.0168	0.0000	0.0638	0.0653	0.0000	0.0000	0.0000	0.0000						
25	68	0.5950	9	1	2	1	0	0	0	0	0	N	Y	N	N	N	N	N	N	N	N	N	N	inf	inf	inf	inf	0.0001	0.0001	0.0000	0.0004	0.0004	0.0000	0.0000	0.0000	0.0000	0.0000	0.0000	0.0000	0.0000	0.0000	0.0000	0.0000	0.0000	0.0000	0.0000	-0.0000	0.0000	10.0221	1.0000	10.6811	0.0000	0.0000	0.0000	0.0000	0.0000	0.0000	0.0000	0.0000	0.0000	0.0000	0.0000	0.0000	0.0000	0.0000	0.0000	0.0000	0.0000	0.0000	0.0000	0.0852	0.0752	0.0100	0.0275	0.0260	0.0014	0.0578	0.0492	0.0086	0.0314	0.0221	0.0094	0.0165	0.0139	0.0026	0.0149	0.0082	0.0068	inf	inf	0.0000	inf	inf	0.0000	0.0000	0.0000	0.0000	0.0000	0.0000	0.0000	0.0000	0.0000	0.0000	0.0000	0.0000	0.0000						
25	69	0.5785	8	1	2	1	0	0	0	0	0	N	Y	N	N	N	N	N	N	N	N	N	N	0.0747	0.1551	0.0039	0.1416	0.2913	0.0079	0.0020	0.0001	0.0059	0.0052	0.0058	0.0006	0.0159	0.0165	0.0031	0.0000	0.0000	0.0002	0.0701	0.0377	0.1529	0.1121	0.0567	0.3888	0.0146	0.0005	0.0329	0.0132	1.5920	-0.0002	0.0028	10.0221	1.0155	10.6811	5.9708	0.0005	0.0005	0.0000	0.0005	0.0005	0.0000	0.0000	0.0000	0.0000	0.0180	0.0069	0.0110	0.0163	0.0069	0.0095	0.0016	0.0000	0.0016	0.0908	0.0803	0.0105	0.0298	0.0284	0.0014	0.0609	0.0519	0.0091	0.2560	0.1839	0.0721	0.1458	0.1215	0.0243	0.1102	0.0624	0.0478	0.0747	0.1551	0.0039	0.1416	0.2913	0.0079	0.0020	0.0001	0.0059	0.0701	0.0377	0.1529	0.1121	0.0567	0.3888	0.0146	0.0005	0.0329
25	70	0.5738	7	1	1	1	0	0	0	0	0	N	N	N	N	N	N	N	N	N	N	N	N	0.0129	0.0614	0.0149	0.0209	0.0988	0.0742	0.0064	0.0007	0.0154	0.0029	0.0019	0.0107	0.0058	0.0042	0.0834	0.0007	0.0000	0.0040	0.2204	0.0316	0.7167	0.2800	0.0425	1.1249	0.1022	0.0042	0.2577	0.6410	8.6304	-0.0000	0.0283	10.0221	0.0406	10.6811	2.3361	0.0000	0.0000	0.0000	0.0000	0.0000	0.0000	0.0000	0.0000	0.0000	0.0646	0.0067	0.0579	0.0545	0.0065	0.0481	0.0100	0.0003	0.0098	0.0079	0.0070	0.0008	0.0033	0.0032	0.0001	0.0045	0.0038	0.0007	0.2930	0.2123	0.0808	0.1947	0.1520	0.0427	0.0983	0.0603	0.0380	0.0129	0.0614	0.0149	0.0209	0.0988	0.0742	0.0064	0.0007	0.0154	0.2204	0.0316	0.7167	0.2800	0.0425	1.1249	0.1022	0.0042	0.2577
25	71	0.2114	4	1	2	1	0	0	0	0	0	N	Y	N	N	N	N	N	N	N	N	N	N	0.0000	0.0000	0.0000	0.0000	0.0000	0.0000	0.0000	0.0000	0.0000	0.0000	0.0000	0.0000	0.0000	0.0000	0.0000	0.0000	0.0000	0.0000	0.0000	0.0000	10.0221	0.0000	10.6811	0.0000	0.0000	0.0000	0.0000	0.0000	0.0000	0.0000	0.0000	0.0000	0.0000	0.0000	0.0000	0.0000	0.0000	0.0000	0.0000	0.0000	0.0000	0.0000	0.0000	0.0000	0.0000	0.0000	0.0000	0.0000	0.0000	0.0000	0.0000	0.0000	0.0000	0.0000	0.0000	0.0000	0.0000	0.0000	0.0000	0.0000	0.0000	0.0000	0.0000	0.0000	0.0000	0.0000	0.0000	0.0000	0.0000	0.0000	0.0000	0.0000	0.0000	0.0000	0.0000	0.0000	0.0000	0.0000											
25	72	0.1933	3	1	2	1	0	0	0	0	0	N	Y	N	N	N	N	N	N	N	N	N	N	351.3641	0.3191	715.6110	129.9517	0.3212	68.3216	1235.0564	0.0052	2651.7194	1.7018	0.0002	8.8511	1.8664	0.0006	12.1202	1.6045	0.0000	7.4668	0.0048	0.0007	0.0124	0.0144	0.0018	0.1774	0.0013	0.0000	0.0028	9461.5696	9.7663	0.4393	0.0004	10.0221	3.9057	10.6811	1.1104	0.7862	0.0001	0.7861	0.3203	0.0001	0.3202	0.4659	0.0000	0.4659	0.0010	0.0001	0.0009	0.0008	0.0001	0.0007	0.0002	0.0000	0.0002	0.4620	0.3732	0.0888	0.1716	0.1452	0.0264	0.2904	0.2280	0.0624	0.2001	0.1290	0.0711	0.0543	0.0504	0.0039	0.1458	0.0786	0.0672	351.3641	0.3191	715.6110	129.9517	0.3212	68.3216	1235.0564	0.0052	2651.7194	0.0048	0.0007	0.0124	0.0144	0.0018	0.1774	0.0013	0.0000	0.0028
25	73	0.1808	3	1	2	0	0	0	0	0	0	N	Y	N	N	N	N	N	N	N	N	N	N	0.2435	0.4413	0.0001	1.3757	1.5563	0.0001	0.0022	0.0038	0.0001	0.1602	0.1935	0.0001	0.4194	0.4402	0.0001	0.0020	0.0027	0.0001	0.6576	0.4385	1.0249	0.3048	0.2829	0.6032	0.9137	0.6984	1.0601	0.0001	1.3947	-0.0776	0.1414	10.0221	6.9070	10.6811	16.5673	0.1759	0.1759	0.0000	0.1745	0.1745	0.0000	0.0014	0.0014	0.0000	1.1396	0.4759	0.6637	0.2222	0.1920	0.0302	0.9174	0.2839	0.6335	1.0984	0.9090	0.1893	0.4161	0.3964	0.0197	0.6822	0.5126	0.1696	1.7328	1.0852	0.6476	0.7288	0.6788	0.0500	1.0041	0.4065	0.5976	0.2435	0.4413	0.0001	1.3757	1.5563	0.0001	0.0022	0.0038	0.0001	0.6576	0.4385	1.0249	0.3048	0.2829	0.6032	0.9137	0.6984	1.0601
25	74	0.3757	7	0	2	0	1	0	0	0	0	N	Y	N	N	N	N	N	N	N	N	N	N	0.0613	0.0127	3.0867	0.1544	0.0408	12.4124	0.0035	0.0000	0.1745	0.0028	0.0008	0.0161	0.0086	0.0025	0.0877	0.0001	0.0000	0.0009	0.0453	0.0654	0.0052	0.0554	0.0608	0.0071	0.0383	0.0710	0.0050	2.8473	0.0399	0.0005	-0.0182	10.0221	6.4226	10.6811	19.3377	0.0017	0.0004	0.0012	0.0016	0.0004	0.0012	0.0001	0.0000	0.0001	0.0433	0.0417	0.0017	0.0216	0.0213	0.0003	0.0217	0.0203	0.0014	0.5969	0.5207	0.0762	0.1874	0.1740	0.0134	0.4095	0.3467	0.0628	0.9564	0.6376	0.3188	0.3899	0.3513	0.0386	0.5665	0.2863	0.2802	0.0613	0.0127	3.0867	0.1544	0.0408	12.4124	0.0035	0.0000	0.1745	0.0453	0.0654	0.0052	0.0554	0.0608	0.0071	0.0383	0.0710	0.0050
25	75	0.3305	6	0	1	0	1	0	0	0	0	N	N	N	N	N	N	N	N	N	N	N	N	1.0167	0.8199	0.3151	1.5819	1.4482	0.2637	0.0370	0.0000	0.4040	0.2540	0.2988	0.0056	0.7930	0.8168	0.0108	0.0011	0.0000	0.0052	0.2499	0.3644	0.0177	0.5013	0.5640	0.0410	0.0298	0.0477	0.0130	0.0034	0.0240	-0.0662	-0.1577	10.0221	5.1932	10.6811	17.4397	0.1513	0.1508	0.0005	0.1509	0.1508	0.0001	0.0004	0.0000	0.0004	0.3625	0.3540	0.0085	0.3394	0.3361	0.0033	0.0231	0.0179	0.0052	0.5957	0.5048	0.0909	0.1903	0.1846	0.0056	0.4054	0.3202	0.0853	1.4506	0.9714	0.4792	0.6771	0.5958	0.0813	0.7736	0.3756	0.3979	1.0167	0.8199	0.3151	1.5819	1.4482	0.2637	0.0370	0.0000	0.4040	0.2499	0.3644	0.0177	0.5013	0.5640	0.0410	0.0298	0.0477	0.0130
25	76	0.2935	5	0	1	0	0	0	0	0	0	N	N	N	N	N	N	N	N	N	N	N	N	0.2235	0.1177	1.0606	0.2419	0.2240	0.1633	0.2773	0.0004	1.0248	0.0676	0.0419	0.2052	0.1072	0.1097	0.0184	0.0481	0.0000	0.2165	0.3026	0.3561	0.1935	0.4432	0.4898	0.1124	0.1734	0.1327	0.2113	0.9158	0.2663	0.0014	-0.1288	10.0221	4.4918	10.6811	17.5337	0.0371	0.0194	0.0177	0.0194	0.0194	0.0001	0.0177	0.0000	0.0176	0.5193	0.4101	0.1092	0.3643	0.3529	0.0114	0.1550	0.0572	0.0978	0.5487	0.4622	0.0864	0.1814	0.1764	0.0049	0.3673	0.2858	0.0815	1.7161	1.1516	0.5645	0.8221	0.7205	0.1015	0.8940	0.4311	0.4629	0.2235	0.1177	1.0606	0.2419	0.2240	0.1633	0.2773	0.0004	1.0248	0.3026	0.3561	0.1935	0.4432	0.4898	0.1124	0.1734	0.1327	0.2113
25	77	0.5894	8	0	1	0	1	0	0	0	0	N	N	N	N	N	N	N	N	N	N	N	N	0.0008	0.0000	0.0040	0.0015	0.0000	0.0124	0.0002	0.0000	0.0009	0.0001	0.0000	0.0012	0.0003	0.0000	0.0080	0.0000	0.0000	0.0001	0.1395	0.0756	0.2915	0.1974	0.1015	0.6487	0.0673	0.0273	0.1168	inf	1.6224	0.0000	0.0145	10.0221	0.3745	10.6811	14.7996	0.0000	0.0000	0.0000	0.0000	0.0000	0.0000	0.0000	0.0000	0.0000	0.0904	0.0345	0.0559	0.0710	0.0301	0.0409	0.0194	0.0043	0.0150	0.0398	0.0358	0.0040	0.0142	0.0137	0.0005	0.0256	0.0222	0.0034	0.6478	0.4560	0.1919	0.3598	0.2967	0.0630	0.2881	0.1592	0.1289	0.0008	0.0000	0.0040	0.0015	0.0000	0.0124	0.0002	0.0000	0.0009	0.1395	0.0756	0.2915	0.1974	0.1015	0.6487	0.0673	0.0273	0.1168
25	78	0.5672	7	0	1	0	1	0	0	0	0	N	N	N	N	N	N	N	N	N	N	N	N	0.0020	0.0000	0.0547	0.0027	0.0000	0.1576	0.0021	0.0000	0.0334	0.0018	0.0000	0.0156	0.0032	0.0001	0.0646	0.0010	0.0000	0.0071	0.9107	1.1727	0.2846	1.2116	1.3957	0.4098	0.4902	0.7150	0.2115	93.0363	0.1016	0.0001	-0.1979	10.0221	1.4595	10.6811	10.3922	0.0002	0.0000	0.0002	0.0001	0.0000	0.0001	0.0001	0.0000	0.0001	0.5406	0.4907	0.0498	0.4192	0.3927	0.0265	0.1213	0.0980	0.0234	0.1312	0.1163	0.0148	0.0444	0.0422	0.0022	0.0868	0.0741	0.0126	0.5935	0.4184	0.1751	0.3460	0.2814	0.0646	0.2475	0.1370	0.1105	0.0020	0.0000	0.0547	0.0027	0.0000	0.1576	0.0021	0.0000	0.0334	0.9107	1.1727	0.2846	1.2116	1.3957	0.4098	0.4902	0.7150	0.2115
25	79	0.5530	6	0	1	0	1	0	0	0	0	N	N	N	N	N	N	N	N	N	N	N	N	0.0001	0.0003	0.0000	0.0006	0.0006	0.0009	0.0000	0.0003	0.0000	0.0001	0.0001	0.0001	0.0002	0.0002	0.0004	0.0000	0.0000	0.0000	0.8766	0.2460	2.2597	0.3440	0.3205	0.4672	1.5836	0.0742	2.9962	0.1554	4.1879	-0.0000	0.1402	10.0221	1.3861	10.6811	6.3168	0.0000	0.0000	0.0000	0.0000	0.0000	0.0000	0.0000	0.0000	0.0000	0.4018	0.0774	0.3243	0.0899	0.0704	0.0195	0.3119	0.0071	0.3048	0.1175	0.1034	0.0140	0.0386	0.0365	0.0021	0.0788	0.0669	0.0119	0.4583	0.3148	0.1435	0.2614	0.2196	0.0418	0.1969	0.0952	0.1017	0.0001	0.0003	0.0000	0.0006	0.0006	0.0009	0.0000	0.0003	0.0000	0.8766	0.2460	2.2597	0.3440	0.3205	0.4672	1.5836	0.0742	2.9962
25	80	0.4936	5	0	1	0	1	0	0	0	0	N	N	N	N	N	N	N	N	N	N	N	N	0.0085	0.0080	0.0010	0.0235	0.0383	0.0016	0.0047	0.0031	0.0010	0.0041	0.0046	0.0003	0.0039	0.0041	0.0008	0.0041	0.0048	0.0002	0.4820	0.5784	0.2710	0.1677	0.1076	0.4716	0.8722	1.5509	0.1883	0.0078	0.2141	-0.0006	-0.1050	10.0221	4.0043	10.6811	19.8631	0.0013	0.0013	0.0000	0.0004	0.0004	0.0000	0.0009	0.0009	0.0000	0.3723	0.3066	0.0657	0.0718	0.0384	0.0333	0.3005	0.2682	0.0323	0.3227	0.2839	0.0388	0.0970	0.0921	0.0049	0.2257	0.1919	0.0339	0.7725	0.5302	0.2423	0.4279	0.3572	0.0707	0.3446	0.1729	0.1716	0.0085	0.0080	0.0010	0.0235	0.0383	0.0016	0.0047	0.0031	0.0010	0.4820	0.5784	0.2710	0.1677	0.1076	0.4716	0.8722	1.5509	0.1883
25	81	0.1460	3	0	2	1	0	0	0	0	0	N	Y	N	N	N	N	N	N	N	N	N	N	1.0324	0.0676	1.5423	0.3594	0.0502	0.8487	1.2359	29.0521	1.6951	2.3406	0.0003	8.6111	0.0029	0.0004	0.0392	4.2218	0.0001	9.6280	2.2670	0.0040	5.5833	0.0080	0.0072	0.0462	3.4159	0.0000	5.6800	11901.5280	953.3844	0.5573	0.5350	10.0221	2.0162	10.6811	4.5500	0.9973	0.0001	0.9972	0.0005	0.0001	0.0005	0.9968	0.0000	0.9967	0.9896	0.0010	0.9886	0.0012	0.0010	0.0001	0.9885	0.0000	0.9885	0.4261	0.3103	0.1158	0.1900	0.1777	0.0123	0.2361	0.1326	0.1035	0.4365	0.2595	0.1771	0.1472	0.1441	0.0030	0.2894	0.1153	0.1740	1.0324	0.0676	1.5423	0.3594	0.0502	0.8487	1.2359	29.0521	1.6951	2.2670	0.0040	5.5833	0.0080	0.0072	0.0462	3.4159	0.0000	5.6800
25	82	0.6016	9	0	2	1	0	0	0	0	0	N	Y	N	N	N	N	N	N	N	N	N	N	0.0000	0.0000	0.0001	0.0001	0.0000	0.0002	0.0001	0.0004	0.0001	0.0000	0.0000	0.0000	0.0000	0.0000	0.0001	0.0000	0.0000	0.0000	0.0570	0.0181	0.1528	0.0818	0.0259	0.3286	0.0189	0.0003	0.0418	4.5986	3.4299	0.0000	0.0053	10.0221	3.0011	10.6811	3.7015	0.0000	0.0000	0.0000	0.0000	0.0000	0.0000	0.0000	0.0000	0.0000	0.0168	0.0038	0.0130	0.0146	0.0038	0.0108	0.0022	0.0000	0.0022	0.2546	0.2252	0.0294	0.0874	0.0828	0.0046	0.1672	0.1424	0.0248	0.2947	0.2096	0.0851	0.1783	0.1454	0.0329	0.1164	0.0642	0.0521	0.0000	0.0000	0.0001	0.0001	0.0000	0.0002	0.0001	0.0004	0.0001	0.0570	0.0181	0.1528	0.0818	0.0259	0.3286	0.0189	0.0003	0.0418
25	83	0.5901	8	0	2	0	0	0	0	0	0	N	Y	N	N	N	N	N	N	N	N	N	N	0.0037	0.1956	0.0000	0.0079	0.4494	0.0000	0.0010	0.0336	0.0000	0.0034	0.0039	0.0000	0.0092	0.0097	0.0000	0.0004	0.0005	0.0000	0.9259	0.0199	3.0171	1.1589	0.0216	4.8609	0.4622	0.0155	1.0401	0.0003	65.5226	-0.0003	0.1793	10.0221	2.0032	10.6811	4.2039	0.0006	0.0006	0.0000	0.0005	0.0005	0.0000	0.0001	0.0000	0.0000	0.3405	0.0051	0.3354	0.2836	0.0040	0.2796	0.0569	0.0011	0.0558	0.1718	0.1518	0.0200	0.0590	0.0559	0.0031	0.1128	0.0959	0.0169	0.3677	0.2566	0.1112	0.2447	0.1872	0.0575	0.1230	0.0694	0.0536	0.0037	0.1956	0.0000	0.0079	0.4494	0.0000	0.0010	0.0336	0.0000	0.9259	0.0199	3.0171	1.1589	0.0216	4.8609	0.4622	0.0155	1.0401
25	84	0.5869	8	1	1	1	0	0	0	0	0	N	N	N	N	N	N	N	N	N	N	N	N	0.0003	0.0002	0.0000	0.0005	0.0004	0.0000	0.0000	0.0001	0.0000	0.0001	0.0002	0.0000	0.0004	0.0004	0.0000	0.0000	0.0000	0.0000	0.4908	0.7160	0.0111	0.8236	0.9990	0.0038	0.0079	0.0006	0.0146	0.0001	0.0072	-0.0000	-0.0494	10.0221	1.0052	10.6811	4.9545	0.0000	0.0000	0.0000	0.0000	0.0000	0.0000	0.0000	0.0000	0.0000	0.1095	0.1087	0.0008	0.1088	0.1087	0.0001	0.0007	0.0000	0.0007	0.0874	0.0773	0.0101	0.0309	0.0293	0.0016	0.0565	0.0480	0.0085	0.2231	0.1518	0.0713	0.1321	0.1088	0.0233	0.0910	0.0430	0.0480	0.0003	0.0002	0.0000	0.0005	0.0004	0.0000	0.0000	0.0001	0.0000	0.4908	0.7160	0.0111	0.8236	0.9990	0.0038	0.0079	0.0006	0.0146
25	85	0.5675	7	1	1	1	0	0	0	0	0	N	N	N	N	N	N	N	N	N	N	N	N	0.0955	0.0809	0.0000	0.2163	0.1809	0.0000	0.0000	0.0000	0.0000	0.0040	0.0046	0.0000	0.0119	0.0126	0.0000	0.0000	0.0000	0.0000	0.0423	0.0566	0.0099	0.0550	0.0694	0.0021	0.0195	0.0224	0.0163	0.0000	0.0767	-0.0002	-0.0054	10.0221	0.9968	10.6811	7.6169	0.0003	0.0003	0.0000	0.0003	0.0003	0.0000	0.0000	0.0000	0.0000	0.0139	0.0129	0.0010	0.0116	0.0115	0.0001	0.0023	0.0014	0.0009	0.0860	0.0761	0.0100	0.0292	0.0277	0.0015	0.0568	0.0484	0.0084	0.3291	0.2288	0.1003	0.2116	0.1663	0.0453	0.1175	0.0625	0.0550	0.0955	0.0809	0.0000	0.2163	0.1809	0.0000	0.0000	0.0000	0.0000	0.0423	0.0566	0.0099	0.0550	0.0694	0.0021	0.0195	0.0224	0.0163
25	86	0.5875	6	1	2	0	0	0	0	0	0	N	Y	N	N	N	N	N	N	N	N	N	N	0.0351	0.0401	0.0176	0.0896	0.0715	2.6983	0.0007	0.0016	0.0016	0.0057	0.0061	0.0035	0.0159	0.0155	0.0238	0.0001	0.0000	0.0006	0.1638	0.1511	0.2009	0.1770	0.2169	0.0088	0.1401	0.0010	0.3805	0.0827	0.4536	-0.0012	-0.0222	10.0221	5.8060	10.6811	6.1034	0.0034	0.0031	0.0003	0.0034	0.0031	0.0002	0.0000	0.0000	0.0000	0.1514	0.1042	0.0473	0.1050	0.1040	0.0010	0.0465	0.0002	0.0463	0.5901	0.5167	0.0734	0.2114	0.2021	0.0093	0.3787	0.3146	0.0641	0.9246	0.6894	0.2352	0.5930	0.4794	0.1136	0.3316	0.2101	0.1216	0.0351	0.0401	0.0176	0.0896	0.0715	2.6983	0.0007	0.0016	0.0016	0.1638	0.1511	0.2009	0.1770	0.2169	0.0088	0.1401	0.0010	0.3805
25	87	0.4936	5	1	2	0	0	0	0	0	0	N	Y	N	N	N	N	N	N	N	N	N	N	0.0300	0.0057	1.4840	0.0233	0.0159	0.5915	0.0449	0.0005	2.4362	0.0137	0.0036	0.0882	0.0135	0.0107	0.0658	0.0138	0.0003	0.0914	0.4562	0.6358	0.0594	0.5781	0.6721	0.1113	0.3063	0.5631	0.0375	3.2825	0.0423	0.0042	-0.1965	10.0221	12.2869	10.6811	21.7146	0.0131	0.0030	0.0100	0.0038	0.0029	0.0009	0.0092	0.0001	0.0091	0.4704	0.4513	0.0191	0.3287	0.3181	0.0106	0.1417	0.1332	0.0085	0.9538	0.8404	0.1135	0.2853	0.2709	0.0144	0.6686	0.5695	0.0991	1.0311	0.7099	0.3212	0.5686	0.4733	0.0953	0.4625	0.2365	0.2259	0.0300	0.0057	1.4840	0.0233	0.0159	0.5915	0.0449	0.0005	2.4362	0.4562	0.6358	0.0594	0.5781	0.6721	0.1113	0.3063	0.5631	0.0375
25	88	0.5901	8	0	2	0	0	0	0	0	0	N	Y	N	N	N	N	N	N	N	N	N	N	22.1130	0.0069	2805.2087	0.0398	0.0144	7.1119	181.7605	0.0000	4433.8355	1.6739	0.0007	14.4450	0.0044	0.0020	0.0467	2.5425	0.0000	17.1062	0.0757	0.1062	0.0051	0.1095	0.1390	0.0066	0.0140	0.0221	0.0039	2574.8048	0.0210	0.3171	-0.0187	10.0221	4.0005	10.6811	9.0093	0.5678	0.0002	0.5676	0.0005	0.0002	0.0003	0.5673	0.0000	0.5673	0.0427	0.0418	0.0009	0.0399	0.0393	0.0005	0.0028	0.0024	0.0003	0.3392	0.2999	0.0393	0.1161	0.1100	0.0061	0.2231	0.1900	0.0332	0.5635	0.3935	0.1701	0.3641	0.2829	0.0812	0.1994	0.1106	0.0888	22.1130	0.0069	2805.2087	0.0398	0.0144	7.1119	181.7605	0.0000	4433.8355	0.0757	0.1062	0.0051	0.1095	0.1390	0.0066	0.0140	0.0221	0.0039
25	89	0.5675	7	0	2	0	0	0	0	0	0	N	Y	N	N	N	N	N	N	N	N	N	N	0.0112	0.0078	0.0565	0.0983	0.1944	0.0001	0.0020	0.0003	0.2131	0.0097	0.0087	0.0175	0.0207	0.0219	0.0000	0.0041	0.0012	0.0207	0.8703	1.1144	0.3104	0.2107	0.1124	0.5786	2.0328	3.7306	0.0972	0.2643	0.1214	-0.0002	-0.1151	10.0221	1.0051	10.6811	9.2650	0.0008	0.0007	0.0002	0.0006	0.0006	0.0000	0.0002	0.0001	0.0002	0.3289	0.2933	0.0356	0.0508	0.0214	0.0294	0.2781	0.2719	0.0062	0.0867	0.0767	0.0101	0.0295	0.0279	0.0015	0.0573	0.0488	0.0085	0.3779	0.2632	0.1147	0.2411	0.1903	0.0508	0.1368	0.0729	0.0639	0.0112	0.0078	0.0565	0.0983	0.1944	0.0001	0.0020	0.0003	0.2131	0.8703	1.1144	0.3104	0.2107	0.1124	0.5786	2.0328	3.7306	0.0972
25	90	0.6159	7	0	1	1	0	0	0	0	0	N	N	N	N	N	N	N	N	N	N	N	N	0.0016	0.0092	0.0034	0.0099	0.0169	0.0187	0.0009	0.0003	0.0026	0.0013	0.0002	0.0099	0.0007	0.0004	0.0066	0.0016	0.0000	0.0105	0.8235	0.0178	2.9044	0.0742	0.0258	0.3509	1.8198	0.0011	4.0207	7.8331	63.2929	0.0001	0.1799	10.0221	2.3559	10.6811	7.1930	0.0003	0.0000	0.0002	0.0001	0.0000	0.0000	0.0002	0.0000	0.0002	0.3419	0.0053	0.3366	0.0176	0.0052	0.0124	0.3244	0.0001	0.3243	0.2137	0.1891	0.0245	0.0744	0.0708	0.0036	0.1392	0.1183	0.0209	0.4152	0.2993	0.1159	0.2370	0.2017	0.0353	0.1782	0.0976	0.0806	0.0016	0.0092	0.0034	0.0099	0.0169	0.0187	0.0009	0.0003	0.0026	0.8235	0.0178	2.9044	0.0742	0.0258	0.3509	1.8198	0.0011	4.0207
25	91	0.5831	6	0	1	0	0	0	0	0	0	N	N	N	N	N	N	N	N	N	N	N	N	0.1687	0.1283	0.4248	0.2661	0.2395	0.8131	0.1060	0.0240	0.3380	0.0112	0.0062	0.0488	0.0148	0.0135	0.0423	0.0088	0.0007	0.0500	0.0664	0.0480	0.1149	0.0555	0.0562	0.0521	0.0833	0.0278	0.1479	1.0623	0.9065	0.0005	0.0011	10.0221	4.9284	10.6811	11.0439	0.0064	0.0031	0.0033	0.0034	0.0029	0.0004	0.0031	0.0002	0.0029	0.0657	0.0344	0.0312	0.0336	0.0287	0.0049	0.0321	0.0057	0.0263	0.5725	0.5049	0.0677	0.2272	0.2168	0.0105	0.3453	0.2881	0.0572	0.9894	0.7176	0.2718	0.6042	0.5107	0.0936	0.3851	0.2070	0.1782	0.1687	0.1283	0.4248	0.2661	0.2395	0.8131	0.1060	0.0240	0.3380	0.0664	0.0480	0.1149	0.0555	0.0562	0.0521	0.0833	0.0278	0.1479
25	92	0.4936	5	0	1	0	0	0	0	0	0	N	N	N	N	N	N	N	N	N	N	N	N	0.0420	0.0339	0.1042	0.0779	0.0709	0.1381	0.0265	0.0100	0.0885	0.0285	0.0196	0.0933	0.0583	0.0590	0.0465	0.0156	0.0007	0.1001	0.6780	0.5792	0.8960	0.7491	0.8320	0.3367	0.5905	0.0722	1.1316	0.6501	0.7005	-0.0004	-0.0318	10.0221	3.9161	10.6811	29.2065	0.0090	0.0054	0.0035	0.0055	0.0053	0.0002	0.0035	0.0001	0.0033	0.6844	0.4025	0.2819	0.4172	0.3858	0.0314	0.2672	0.0167	0.2505	0.3157	0.2778	0.0379	0.0949	0.0901	0.0048	0.2209	0.1877	0.0331	1.0094	0.6948	0.3146	0.5569	0.4637	0.0933	0.4525	0.2311	0.2214	0.0420	0.0339	0.1042	0.0779	0.0709	0.1381	0.0265	0.0100	0.0885	0.6780	0.5792	0.8960	0.7491	0.8320	0.3367	0.5905	0.0722	1.1316
25	93	0.1460	3	1	2	0	0	0	0	0	0	N	Y	N	N	N	N	N	N	N	N	N	N	1.2895	1.0185	25.5471	0.6671	0.6981	0.1458	340.9205	794.3616	39.7286	0.2844	0.3773	0.0164	0.4921	0.5258	0.0018	0.1256	0.1987	0.0182	0.2205	0.3704	0.0006	0.7377	0.7532	0.0125	0.0004	0.0003	0.0005	0.0151	0.0012	-0.0568	-0.0536	10.0221	2.5103	10.6811	7.4742	0.1333	0.1313	0.0020	0.0999	0.0999	0.0000	0.0334	0.0314	0.0020	0.1173	0.1172	0.0001	0.1172	0.1171	0.0000	0.0001	0.0000	0.0001	0.4688	0.3481	0.1207	0.2031	0.1900	0.0131	0.2657	0.1580	0.1076	0.5320	0.3163	0.2157	0.1588	0.1555	0.0033	0.3731	0.1608	0.2123	1.2895	1.0185	25.5471	0.6671	0.6981	0.1458	340.9205	794.3616	39.7286	0.2205	0.3704	0.0006	0.7377	0.7532	0.0125	0.0004	0.0003	0.0005
25	94	0.1098	2	0	2	0	0	0	0	0	0	N	Y	N	N	N	N	N	N	N	N	N	N	1.7815	0.7363	9.8045	0.5191	0.5141	36.4372	7.4685	30.2896	10.2957	0.5130	0.2888	1.2874	0.4142	0.4247	0.2159	0.5726	0.1726	1.3851	0.2880	0.3922	0.1313	0.7980	0.8260	0.0059	0.0767	0.0057	0.1345	1.2910	0.2228	0.0740	-0.0435	10.0221	7.1305	10.6811	3.2426	0.6045	0.2639	0.3406	0.1837	0.1789	0.0048	0.4209	0.0850	0.3359	0.1577	0.1289	0.0287	0.1280	0.1279	0.0000	0.0297	0.0010	0.0287	1.1784	0.9138	0.2646	0.4434	0.4212	0.0221	0.7350	0.4925	0.2425	0.5475	0.3287	0.2187	0.1604	0.1549	0.0055	0.3871	0.1739	0.2132	1.7815	0.7363	9.8045	0.5191	0.5141	36.4372	7.4685	30.2896	10.2957	0.2880	0.3922	0.1313	0.7980	0.8260	0.0059	0.0767	0.0057	0.1345
25	95	0.5675	7	1	2	0	0	0	0	0	0	N	Y	N	N	N	N	N	N	N	N	N	N	1.8163	12.9211	0.0000	0.0085	0.0658	0.0000	6.0903	31.9442	0.0000	0.8422	0.9521	0.0000	0.0053	0.0056	0.0000	1.2655	1.4842	0.0000	0.4637	0.0737	1.3814	0.6257	0.0852	2.8572	0.2078	0.0465	0.3961	0.0000	7.9674	-0.2477	0.1853	10.0221	8.0000	10.6811	22.5660	0.5616	0.5616	0.0000	0.0012	0.0012	0.0000	0.5604	0.5604	0.0000	0.4308	0.0480	0.3827	0.3560	0.0390	0.3169	0.0748	0.0090	0.0658	0.6668	0.5898	0.0770	0.2240	0.2122	0.0117	0.4428	0.3776	0.0653	0.9290	0.6519	0.2771	0.5689	0.4580	0.1109	0.3600	0.1939	0.1661	1.8163	12.9211	0.0000	0.0085	0.0658	0.0000	6.0903	31.9442	0.0000	0.4637	0.0737	1.3814	0.6257	0.0852	2.8572	0.2078	0.0465	0.3961
25	96	0.4936	5	0	1	0	0	0	0	0	0	N	N	N	N	N	N	N	N	N	N	N	N	5.0034	9.7950	3.2743	6.6251	8.1874	0.0614	3.9551	111.4735	3.2910	1.1277	1.0668	1.5786	1.2341	1.2986	0.0199	1.0823	0.9566	1.8049	0.2254	0.1089	0.4821	0.1863	0.1586	0.3242	0.2737	0.0086	0.5484	0.1999	2.0083	-0.2887	0.0449	10.0221	11.9964	10.6811	18.8414	1.0515	0.8764	0.1752	0.3442	0.3439	0.0003	0.7074	0.5325	0.1749	0.2147	0.0714	0.1433	0.0980	0.0695	0.0285	0.1167	0.0019	0.1148	0.9324	0.8215	0.1110	0.2789	0.2648	0.0141	0.6535	0.5566	0.0969	0.9524	0.6552	0.2973	0.5261	0.4382	0.0879	0.4264	0.2170	0.2094	5.0034	9.7950	3.2743	6.6251	8.1874	0.0614	3.9551	111.4735	3.2910	0.2254	0.1089	0.4821	0.1863	0.1586	0.3242	0.2737	0.0086	0.5484
25	98	0.5980	9	1	2	1	0	0	0	0	0	N	Y	N	N	N	N	N	N	N	N	N	N	0.0265	0.0000	2.5123	0.0289	0.0000	5.3580	0.3455	0.0000	1.5643	0.0036	0.0000	0.0309	0.0065	0.0000	0.1059	0.0018	0.0000	0.0115	0.1372	0.1895	0.0123	0.2244	0.2738	0.0198	0.0051	0.0033	0.0074	inf	0.0272	0.0002	-0.0324	10.0221	0.9502	10.6811	16.1595	0.0003	0.0000	0.0003	0.0002	0.0000	0.0002	0.0001	0.0000	0.0001	0.0749	0.0730	0.0020	0.0738	0.0726	0.0013	0.0011	0.0004	0.0007	0.0930	0.0820	0.0109	0.0365	0.0343	0.0022	0.0564	0.0477	0.0087	0.5461	0.3850	0.1611	0.3289	0.2650	0.0639	0.2172	0.1200	0.0972	0.0265	0.0000	2.5123	0.0289	0.0000	5.3580	0.3455	0.0000	1.5643	0.1372	0.1895	0.0123	0.2244	0.2738	0.0198	0.0051	0.0033	0.0074
25	99	0.4936	5	0	2	0	0	0	0	0	0	N	Y	N	N	N	N	N	N	N	N	N	N	2.1120	104.2663	0.0014	0.2030	1.1447	0.0237	1.4951	16566.5746	0.0005	1.0549	1.1970	0.0023	0.0191	0.0195	0.0114	1.4969	1.7572	0.0009	0.4995	0.0115	1.5718	0.0942	0.0171	0.4804	1.0012	0.0001	2.0270	0.0003	62.3016	-0.4336	0.2288	10.0221	11.9964	10.6811	15.6499	0.9836	0.9833	0.0003	0.0053	0.0052	0.0002	0.9783	0.9782	0.0001	0.4351	0.0069	0.4283	0.0454	0.0069	0.0385	0.3898	0.0000	0.3897	0.9324	0.8215	0.1110	0.2789	0.2648	0.0141	0.6535	0.5566	0.0969	0.8712	0.5987	0.2725	0.4819	0.4017	0.0802	0.3893	0.1970	0.1923	2.1120	104.2663	0.0014	0.2030	1.1447	0.0237	1.4951	16566.5746	0.0005	0.4995	0.0115	1.5718	0.0942	0.0171	0.4804	1.0012	0.0001	2.0270
25	100	0.6010	10	1	1	1	0	0	0	0	0	N	N	N	N	N	N	N	N	N	N	N	N	0.0000	0.0000	0.0010	0.0001	0.0000	0.0000	0.0001	0.0000	0.0010	0.0000	0.0000	0.0000	0.0000	0.0000	0.0000	0.0000	0.0000	0.0000	0.1183	0.1638	0.0108	0.1761	0.2172	0.0062	0.0301	0.0435	0.0138	0.3608	0.0279	-0.0000	-0.0244	10.0221	1.0008	10.6811	13.9255	0.0000	0.0000	0.0000	0.0000	0.0000	0.0000	0.0000	0.0000	0.0000	0.0566	0.0550	0.0015	0.0509	0.0506	0.0003	0.0057	0.0045	0.0012	0.0862	0.0757	0.0105	0.0327	0.0303	0.0024	0.0535	0.0454	0.0082	0.4782	0.3360	0.1422	0.2891	0.2328	0.0563	0.1891	0.1032	0.0859	0.0000	0.0000	0.0010	0.0001	0.0000	0.0000	0.0001	0.0000	0.0010	0.1183	0.1638	0.0108	0.1761	0.2172	0.0062	0.0301	0.0435	0.0138
25	101	0.5980	9	1	1	1	0	0	0	0	0	N	N	N	N	N	N	N	N	N	N	N	N	0.0598	0.0648	0.0946	0.0729	0.0974	0.0257	0.0834	0.0003	0.2771	0.0015	0.0012	0.0037	0.0024	0.0024	0.0017	0.0006	0.0000	0.0039	0.0246	0.0191	0.0392	0.0333	0.0251	0.0661	0.0076	0.0029	0.0141	0.3161	0.7796	-0.0000	-0.0001	10.0221	0.0532	10.6811	2.0467	0.0000	0.0000	0.0000	0.0000	0.0000	0.0000	0.0000	0.0000	0.0000	0.0029	0.0016	0.0013	0.0026	0.0015	0.0010	0.0003	0.0001	0.0002	0.0161	0.0145	0.0015	0.0075	0.0074	0.0001	0.0086	0.0072	0.0014	0.1168	0.0847	0.0321	0.0773	0.0618	0.0155	0.0395	0.0229	0.0166	0.0598	0.0648	0.0946	0.0729	0.0974	0.0257	0.0834	0.0003	0.2771	0.0246	0.0191	0.0392	0.0333	0.0251	0.0661	0.0076	0.0029	0.0141
25	102	0.5884	8	1	1	1	0	0	0	0	0	N	N	N	N	N	N	N	N	N	N	N	N	2.7005	0.0119	11.2724	0.0531	0.0215	0.2292	18.2803	0.0001	66.6890	0.0381	0.0001	0.3175	0.0011	0.0002	0.0125	0.0617	0.0000	0.4023	0.0141	0.0086	0.0282	0.0201	0.0116	0.0545	0.0034	0.0014	0.0060	420.7307	1.2671	0.0040	0.0003	10.0221	2.0948	10.6811	3.0326	0.0073	0.0000	0.0072	0.0001	0.0000	0.0001	0.0072	0.0000	0.0072	0.0029	0.0013	0.0016	0.0027	0.0012	0.0015	0.0003	0.0001	0.0002	0.1904	0.1676	0.0228	0.0741	0.0691	0.0050	0.1163	0.0985	0.0178	0.2086	0.1502	0.0584	0.1336	0.1069	0.0267	0.0750	0.0433	0.0317	2.7005	0.0119	11.2724	0.0531	0.0215	0.2292	18.2803	0.0001	66.6890	0.0141	0.0086	0.0282	0.0201	0.0116	0.0545	0.0034	0.0014	0.0060
25	103	0.5675	7	1	1	1	0	0	0	0	0	N	N	N	N	N	N	N	N	N	N	N	N	0.1291	0.0984	1.0871	0.4408	0.3721	0.0262	0.0066	0.0000	2.0894	0.0011	0.0012	0.0004	0.0031	0.0033	0.0000	0.0001	0.0000	0.0005	0.0085	0.0121	0.0004	0.0071	0.0088	0.0006	0.0111	0.0207	0.0002	0.0465	0.0141	-0.0001	-0.0013	10.0221	3.9484	10.6811	4.8420	0.0004	0.0004	0.0000	0.0004	0.0004	0.0000	0.0000	0.0000	0.0000	0.0028	0.0028	0.0000	0.0015	0.0015	0.0000	0.0013	0.0013	0.0000	0.3353	0.2964	0.0388	0.1131	0.1071	0.0059	0.2222	0.1893	0.0329	0.3343	0.2325	0.1019	0.2148	0.1689	0.0459	0.1196	0.0636	0.0560	0.1291	0.0984	1.0871	0.4408	0.3721	0.0262	0.0066	0.0000	2.0894	0.0085	0.0121	0.0004	0.0071	0.0088	0.0006	0.0111	0.0207	0.0002
25	104	0.5259	6	0	2	0	0	0	0	0	0	N	Y	N	N	N	N	N	N	N	N	N	N	0.0088	0.0127	0.0009	0.0201	0.0307	0.0001	0.0003	0.0000	0.0018	0.0018	0.0020	0.0003	0.0048	0.0050	0.0000	0.0001	0.0000	0.0004	0.2046	0.1561	0.3142	0.2371	0.1641	0.6567	0.1676	0.1410	0.1956	0.0186	0.8901	-0.0006	0.0034	10.0221	8.9557	10.6811	32.3127	0.0015	0.0015	0.0000	0.0015	0.0015	0.0000	0.0000	0.0000	0.0000	0.2714	0.1436	0.1278	0.1674	0.0987	0.0687	0.1040	0.0449	0.0591	0.8302	0.7379	0.0923	0.3078	0.2908	0.0170	0.5224	0.4471	0.0753	1.3266	0.9198	0.4068	0.7061	0.6014	0.1046	0.6205	0.3184	0.3021	0.0088	0.0127	0.0009	0.0201	0.0307	0.0001	0.0003	0.0000	0.0018	0.2046	0.1561	0.3142	0.2371	0.1641	0.6567	0.1676	0.1410	0.1956
25	105	0.5513	7	0	1	1	0	0	0	0	0	N	N	N	N	N	N	N	N	N	N	N	N	0.2662	0.0131	1.1694	0.0271	0.0118	0.6909	0.3419	0.0864	1.1352	0.0101	0.0003	0.0853	0.0008	0.0004	0.0069	0.0162	0.0002	0.1071	0.0379	0.0225	0.0729	0.0296	0.0329	0.0100	0.0473	0.0026	0.0944	37.6431	1.4203	0.0022	0.0020	10.0221	4.2679	10.6811	7.8415	0.0040	0.0001	0.0039	0.0001	0.0001	0.0001	0.0039	0.0000	0.0039	0.0158	0.0065	0.0093	0.0066	0.0063	0.0003	0.0092	0.0003	0.0090	0.4014	0.3552	0.0462	0.1592	0.1491	0.0101	0.2422	0.2061	0.0361	0.4184	0.2910	0.1274	0.2232	0.1908	0.0324	0.1952	0.1002	0.0950	0.2662	0.0131	1.1694	0.0271	0.0118	0.6909	0.3419	0.0864	1.1352	0.0379	0.0225	0.0729	0.0296	0.0329	0.0100	0.0473	0.0026	0.0944
25	106	0.5259	6	0	1	0	0	0	0	0	0	N	N	N	N	N	N	N	N	N	N	N	N	0.1163	0.2631	0.0043	0.4081	0.5493	0.0113	0.0007	0.0003	0.0029	0.0159	0.0176	0.0012	0.0347	0.0367	0.0021	0.0001	0.0000	0.0009	0.1371	0.0668	0.2871	0.0851	0.0668	0.1871	0.2047	0.0668	0.3238	0.0079	2.0145	-0.0018	0.0164	10.0221	1.9301	10.6811	9.0954	0.0041	0.0041	0.0000	0.0041	0.0041	0.0000	0.0000	0.0000	0.0000	0.0784	0.0260	0.0524	0.0275	0.0183	0.0092	0.0509	0.0077	0.0432	0.2596	0.2336	0.0259	0.1186	0.1119	0.0068	0.1409	0.1218	0.0191	0.5715	0.3891	0.1824	0.3229	0.2738	0.0490	0.2486	0.1152	0.1334	0.1163	0.2631	0.0043	0.4081	0.5493	0.0113	0.0007	0.0003	0.0029	0.1371	0.0668	0.2871	0.0851	0.0668	0.1871	0.2047	0.0668	0.3238
25	107	0.4936	5	0	1	0	0	0	0	0	0	N	N	N	N	N	N	N	N	N	N	N	N	0.0086	0.0082	0.0009	0.0234	0.0212	0.0192	0.0000	0.0000	0.0000	0.0082	0.0093	0.0005	0.0273	0.0286	0.0042	0.0000	0.0000	0.0000	0.9590	1.1247	0.6038	1.1685	1.3456	0.2206	0.6983	0.6440	0.7488	0.0080	0.2503	-0.0011	-0.1206	10.0221	3.9049	10.6811	9.6098	0.0026	0.0026	0.0000	0.0026	0.0026	0.0000	0.0000	0.0000	0.0000	0.4673	0.3737	0.0936	0.3157	0.3063	0.0094	0.1516	0.0674	0.0842	0.3149	0.2770	0.0378	0.0946	0.0898	0.0048	0.2202	0.1872	0.0330	0.4872	0.3323	0.1549	0.2702	0.2276	0.0425	0.2171	0.1047	0.1124	0.0086	0.0082	0.0009	0.0234	0.0212	0.0192	0.0000	0.0000	0.0000	0.9590	1.1247	0.6038	1.1685	1.3456	0.2206	0.6983	0.6440	0.7488
25	108	0.5147	7	0	2	0	0	0	0	0	0	N	Y	N	N	N	N	N	N	N	N	N	N	0.0320	0.0343	0.0719	0.0960	0.0552	2.6125	0.0154	2.9341	0.0439	0.0132	0.0053	0.0713	0.0201	0.0132	0.1476	0.0099	0.0011	0.0590	0.4138	0.1546	0.9919	0.2098	0.2388	0.0565	0.6447	0.0004	1.3426	1.8391	2.8785	0.0018	0.1172	10.0221	8.0392	10.6811	22.6195	0.0089	0.0031	0.0058	0.0044	0.0027	0.0017	0.0045	0.0004	0.0041	0.4131	0.1065	0.3066	0.1112	0.1064	0.0048	0.3019	0.0001	0.3018	0.6746	0.5935	0.0811	0.2188	0.2075	0.0113	0.4559	0.3860	0.0698	0.9982	0.6891	0.3091	0.5299	0.4456	0.0843	0.4683	0.2435	0.2248	0.0320	0.0343	0.0719	0.0960	0.0552	2.6125	0.0154	2.9341	0.0439	0.4138	0.1546	0.9919	0.2098	0.2388	0.0565	0.6447	0.0004	1.3426
25	109	0.5147	6	0	1	0	0	0	0	0	0	N	N	N	N	N	N	N	N	N	N	N	N	0.1021	0.0872	0.1830	0.1301	0.1178	0.4231	0.0792	0.3637	0.1574	0.0134	0.0081	0.0414	0.0194	0.0160	0.1216	0.0088	0.0001	0.0338	0.1311	0.0924	0.2261	0.1490	0.1360	0.2873	0.1112	0.0004	0.2148	0.9779	0.9972	0.0000	0.0011	10.0221	0.2031	10.6811	2.0398	0.0005	0.0003	0.0003	0.0003	0.0003	0.0001	0.0002	0.0000	0.0002	0.0280	0.0140	0.0140	0.0168	0.0140	0.0028	0.0112	0.0000	0.0112	0.0382	0.0321	0.0061	0.0165	0.0160	0.0005	0.0217	0.0161	0.0056	0.2134	0.1516	0.0618	0.1125	0.1029	0.0096	0.1009	0.0487	0.0522	0.1021	0.0872	0.1830	0.1301	0.1178	0.4231	0.0792	0.3637	0.1574	0.1311	0.0924	0.2261	0.1490	0.1360	0.2873	0.1112	0.0004	0.2148
25	110	0.2072	4	1	1	1	0	0	0	0	0	N	N	N	N	N	N	N	N	N	N	N	N	0.0000	0.0000	0.0000	0.0000	0.0000	0.0000	0.0000	0.0000	0.0000	0.0000	0.0000	0.0000	0.0000	0.0083	0.0113	0.0000	0.0166	0.0170	0.0000	0.0000	0.0000	0.0000	0.0000	-0.0000	-0.0000	10.0221	0.0001	10.6811	0.0001	0.0000	0.0000	0.0000	0.0000	0.0000	0.0000	0.0000	0.0000	0.0000	0.0000	0.0000	0.0000	0.0000	0.0000	0.0000	0.0000	0.0000	0.0000	0.0069	0.0054	0.0015	0.0034	0.0034	0.0000	0.0034	0.0020	0.0015	0.0001	0.0001	0.0000	0.0001	0.0001	0.0000	0.0001	0.0000	0.0000	0.0000	0.0000	0.0000	0.0000	0.0000	0.0000	0.0000	0.0000	0.0000	0.0083	0.0113	0.0000	0.0166	0.0170	0.0000	0.0000	0.0000	0.0000						
25	111	0.1933	3	1	1	1	0	0	0	0	0	N	N	N	N	N	N	N	N	N	N	N	N	4.4600	3.7575	0.0001	2.2947	2.5917	0.0022	93.9095	1105.8369	0.0000	0.4581	0.5915	0.0000	0.8431	1.0270	0.0000	0.1182	0.1612	0.0000	0.1027	0.1574	0.0024	0.3674	0.3963	0.0003	0.0013	0.0001	0.0026	0.0000	0.0084	-0.0621	-0.0087	10.0221	1.6718	10.6811	2.9223	0.1407	0.1407	0.0000	0.1214	0.1214	0.0000	0.0193	0.0193	0.0000	0.0193	0.0192	0.0002	0.0192	0.0192	0.0000	0.0002	0.0000	0.0002	0.3072	0.2379	0.0693	0.1440	0.1182	0.0258	0.1631	0.1196	0.0435	0.1883	0.1218	0.0665	0.0522	0.0484	0.0038	0.1361	0.0735	0.0627	4.4600	3.7575	0.0001	2.2947	2.5917	0.0022	93.9095	1105.8369	0.0000	0.1027	0.1574	0.0024	0.3674	0.3963	0.0003	0.0013	0.0001	0.0026
25	112	0.1098	2	1	1	1	0	0	0	0	0	N	N	N	N	N	N	N	N	N	N	N	N	5.3798	11.2207	1.2863	9.0870	8.7853	31.4300	2.1959	326.3606	0.5587	0.6788	0.7720	0.2731	1.6135	1.5927	2.0388	0.2427	0.2840	0.1202	0.1262	0.0688	0.2123	0.1776	0.1813	0.0649	0.1105	0.0009	0.2151	0.0813	2.0552	-0.4158	0.0226	10.0221	14.0283	10.6811	7.1084	1.1361	1.0508	0.0854	0.8592	0.8083	0.0508	0.2770	0.2424	0.0346	0.1056	0.0346	0.0710	0.0347	0.0343	0.0004	0.0709	0.0003	0.0706	1.6737	1.3611	0.3127	0.5325	0.5075	0.0249	1.1413	0.8535	0.2877	0.8369	0.5023	0.3345	0.1954	0.1891	0.0062	0.6415	0.3132	0.3283	5.3798	11.2207	1.2863	9.0870	8.7853	31.4300	2.1959	326.3606	0.5587	0.1262	0.0688	0.2123	0.1776	0.1813	0.0649	0.1105	0.0009	0.2151
25	115	0.5738	7	1	1	1	0	0	0	0	0	N	N	N	N	N	N	N	N	N	N	N	N	0.0000	0.0000	0.2330	0.0000	0.0000	2.4830	0.0000	0.0000	0.0000	0.0000	0.0000	0.0000	0.0000	0.0000	0.0000	0.0000	0.0000	0.0000	0.9293	1.2915	0.0000	1.4546	1.8395	0.0000	0.0001	0.0001	0.0000	inf	0.0000	0.0000	-0.1582	10.0221	1.0009	10.6811	4.0038	0.0000	0.0000	0.0000	0.0000	0.0000	0.0000	0.0000	0.0000	0.0000	0.3451	0.3451	0.0000	0.3451	0.3451	0.0000	0.0000	0.0000	0.0000	0.0896	0.0792	0.0104	0.0295	0.0280	0.0014	0.0601	0.0512	0.0090	0.3714	0.2672	0.1042	0.2373	0.1876	0.0496	0.1342	0.0796	0.0545	0.0000	0.0000	0.2330	0.0000	0.0000	2.4830	0.0000	0.0000	0.0000	0.9293	1.2915	0.0000	1.4546	1.8395	0.0000	0.0001	0.0001	0.0000
25	116	0.5455	6	1	1	1	0	0	0	0	0	N	N	N	N	N	N	N	N	N	N	N	N	0.0003	0.0025	0.0002	0.0005	0.0038	0.0006	0.0002	0.0058	0.0002	0.0002	0.0002	0.0005	0.0005	0.0004	0.0029	0.0000	0.0000	0.0001	0.6900	0.0684	2.1561	0.9861	0.0976	4.8908	0.2710	0.0063	0.5857	0.3852	13.3712	-0.0000	0.1579	10.0221	1.8441	10.6811	10.4794	0.0000	0.0000	0.0000	0.0000	0.0000	0.0000	0.0000	0.0000	0.0000	0.3345	0.0233	0.3112	0.2801	0.0226	0.2575	0.0544	0.0007	0.0537	0.1934	0.1710	0.0224	0.0716	0.0685	0.0032	0.1217	0.1025	0.0192	0.4848	0.3404	0.1444	0.2841	0.2314	0.0527	0.2007	0.1090	0.0917	0.0003	0.0025	0.0002	0.0005	0.0038	0.0006	0.0002	0.0058	0.0002	0.6900	0.0684	2.1561	0.9861	0.0976	4.8908	0.2710	0.0063	0.5857
25	117	0.2574	4	0	2	0	1	0	0	0	0	N	Y	N	N	N	N	N	N	N	N	N	N	2.0100	4.9081	0.0002	0.0139	0.0137	0.0020	2.3327	70.7777	0.0002	0.9131	1.0304	0.0002	0.0043	0.0045	0.0003	1.3365	1.5661	0.0002	0.4542	0.2099	0.9454	0.3109	0.3298	0.1411	0.5730	0.0221	1.0725	0.0000	2.2402	-0.4402	0.1948	10.0221	10.5071	10.6811	20.2622	0.9980	0.9980	0.0000	0.0015	0.0015	0.0000	0.9965	0.9964	0.0000	0.8360	0.2580	0.5780	0.2592	0.2474	0.0118	0.5768	0.0106	0.5662	1.0930	0.9686	0.1245	0.3475	0.3323	0.0152	0.7456	0.6363	0.1093	1.8404	1.2290	0.6114	0.8337	0.7503	0.0834	1.0067	0.4788	0.5280	2.0100	4.9081	0.0002	0.0139	0.0137	0.0020	2.3327	70.7777	0.0002	0.4542	0.2099	0.9454	0.3109	0.3298	0.1411	0.5730	0.0221	1.0725
25	118	0.4936	5	0	2	0	1	0	0	0	0	N	Y	N	N	N	N	N	N	N	N	N	N	14.7143	0.1451	61.4087	0.3425	0.3100	0.4388	15.2696	0.0000	51.1015	3.0933	0.0169	25.6185	0.0504	0.0520	0.0189	4.4005	0.0000	29.3387	0.2102	0.1163	0.4172	0.1471	0.1679	0.0431	0.2882	0.0120	0.5741	207.3700	1.6280	0.5519	0.0319	10.0221	4.0036	10.6811	26.5072	0.9960	0.0048	0.9912	0.0049	0.0048	0.0001	0.9911	0.0000	0.9911	0.1982	0.0754	0.1228	0.0766	0.0728	0.0038	0.1216	0.0026	0.1190	0.3220	0.2833	0.0387	0.0968	0.0918	0.0049	0.2252	0.1915	0.0338	0.9426	0.6483	0.2942	0.5207	0.4338	0.0870	0.4218	0.2146	0.2073	14.7143	0.1451	61.4087	0.3425	0.3100	0.4388	15.2696	0.0000	51.1015	0.2102	0.1163	0.4172	0.1471	0.1679	0.0431	0.2882	0.0120	0.5741
25	119	0.5320	6	0	2	0	0	0	0	0	0	N	Y	N	N	N	N	N	N	N	N	N	N	0.5145	0.4270	0.0868	0.0156	0.0142	0.0041	13.0368	11.0740	0.2936	0.5727	0.6435	0.0096	0.0287	0.0304	0.0010	0.9831	1.1588	0.0120	1.1131	1.5068	0.1111	1.8419	2.1386	0.2547	0.0754	0.1046	0.0410	0.0019	0.0290	-0.1086	-0.4356	10.0221	3.8169	10.6811	21.2433	0.2473	0.2468	0.0005	0.0053	0.0053	0.0000	0.2419	0.2415	0.0005	1.0124	0.9839	0.0285	0.9841	0.9627	0.0214	0.0283	0.0212	0.0071	0.4318	0.3836	0.0482	0.1857	0.1752	0.0105	0.2461	0.2084	0.0377	0.9095	0.6530	0.2565	0.5343	0.4502	0.0842	0.3752	0.2029	0.1724	0.5145	0.4270	0.0868	0.0156	0.0142	0.0041	13.0368	11.0740	0.2936	1.1131	1.5068	0.1111	1.8419	2.1386	0.2547	0.0754	0.1046	0.0410
25	120	0.3108	6	0	2	0	0	0	0	0	0	N	Y	N	N	N	N	N	N	N	N	N	N	0.5909	0.6041	0.0249	0.1456	0.1468	0.0251	0.6172	0.5404	0.0247	0.2030	0.2319	0.0065	0.0302	0.0323	0.0032	0.2815	0.3317	0.0072	0.3435	0.3839	0.2608	0.2075	0.2199	0.1279	0.4560	0.6139	0.2909	0.0041	0.3318	-0.1388	-0.1848	10.0221	16.3276	10.6811	34.9199	0.3175	0.3162	0.0013	0.0148	0.0147	0.0001	0.3027	0.3016	0.0012	0.8831	0.6631	0.2200	0.2416	0.2217	0.0200	0.6415	0.4414	0.2000	1.5644	1.3634	0.2010	0.4889	0.4544	0.0345	1.0755	0.9090	0.1665	2.5710	1.7272	0.8438	1.1644	1.0082	0.1562	1.4066	0.7190	0.6876	0.5909	0.6041	0.0249	0.1456	0.1468	0.0251	0.6172	0.5404	0.0247	0.3435	0.3839	0.2608	0.2075	0.2199	0.1279	0.4560	0.6139	0.2909
25	121	0.2935	5	0	2	0	0	0	0	0	0	N	Y	N	N	N	N	N	N	N	N	N	N	0.3155	0.2553	0.6527	0.0818	0.0801	0.0755	0.4485	0.4024	0.6732	0.0980	0.0812	0.1932	0.0272	0.0275	0.0199	0.1301	0.1109	0.2041	0.3108	0.3180	0.2959	0.3331	0.3429	0.2633	0.2900	0.2756	0.3032	0.4210	0.4549	-0.0098	-0.0763	10.0221	6.1757	10.6811	14.5601	0.0673	0.0474	0.0199	0.0058	0.0057	0.0001	0.0615	0.0417	0.0198	0.5236	0.3599	0.1637	0.2711	0.2446	0.0265	0.2525	0.1153	0.1372	0.6867	0.5835	0.1033	0.2139	0.2077	0.0061	0.4729	0.3757	0.0971	1.6848	1.1316	0.5533	0.8139	0.7132	0.1008	0.8709	0.4184	0.4525	0.3155	0.2553	0.6527	0.0818	0.0801	0.0755	0.4485	0.4024	0.6732	0.3108	0.3180	0.2959	0.3331	0.3429	0.2633	0.2900	0.2756	0.3032
25	122	0.2405	4	0	1	0	0	0	0	0	0	N	N	N	N	N	N	N	N	N	N	N	N	0.7105	0.0180	6.9460	0.0285	0.0255	0.1410	1.5762	0.0204	7.6604	0.1859	0.0052	1.4963	0.0110	0.0103	0.0336	0.2659	0.0025	1.6252	0.2617	0.2859	0.2154	0.3856	0.4022	0.2381	0.1687	0.1206	0.2122	40.0480	0.3943	0.0802	-0.0839	10.0221	7.5400	10.6811	21.4192	0.1501	0.0037	0.1465	0.0028	0.0025	0.0003	0.1473	0.0011	0.1462	0.4781	0.3429	0.1352	0.3020	0.2831	0.0189	0.1761	0.0598	0.1163	0.8074	0.7095	0.0979	0.2534	0.2454	0.0079	0.5540	0.4641	0.0899	1.8269	1.1994	0.6275	0.7830	0.7038	0.0792	1.0439	0.4956	0.5483	0.7105	0.0180	6.9460	0.0285	0.0255	0.1410	1.5762	0.0204	7.6604	0.2617	0.2859	0.2154	0.3856	0.4022	0.2381	0.1687	0.1206	0.2122
25	123	0.5675	7	0	2	0	0	0	0	0	0	N	Y	N	N	N	N	N	N	N	N	N	N	0.0007	0.0002	0.0888	0.0010	0.0004	0.1759	0.0152	0.0000	0.1378	0.0010	0.0004	0.0058	0.0022	0.0010	0.0233	0.0004	0.0000	0.0027	1.3496	1.8977	0.0658	2.1671	2.6699	0.1325	0.0263	0.0320	0.0196	2.0902	0.0148	0.0001	-0.4481	10.0221	4.0019	10.6811	19.5615	0.0003	0.0001	0.0002	0.0003	0.0001	0.0001	0.0001	0.0000	0.0001	1.0098	0.9951	0.0147	1.0023	0.9901	0.0121	0.0075	0.0049	0.0026	0.3397	0.3004	0.0393	0.1146	0.1086	0.0060	0.2252	0.1918	0.0333	0.7482	0.5244	0.2239	0.4625	0.3709	0.0916	0.2857	0.1535	0.1322	0.0007	0.0002	0.0888	0.0010	0.0004	0.1759	0.0152	0.0000	0.1378	1.3496	1.8977	0.0658	2.1671	2.6699	0.1325	0.0263	0.0320	0.0196
25	124	0.5455	6	0	1	0	0	0	0	0	0	N	N	N	N	N	N	N	N	N	N	N	N	0.0016	0.0013	0.0014	0.0026	0.0022	0.0119	0.0002	0.0001	0.0008	0.0003	0.0003	0.0000	0.0007	0.0007	0.0001	0.0000	0.0000	0.0000	0.1733	0.2388	0.0174	0.2739	0.3354	0.0049	0.0273	0.0295	0.0248	0.0102	0.0306	-0.0000	-0.0299	10.0221	1.2223	10.6811	8.2281	0.0000	0.0000	0.0000	0.0000	0.0000	0.0000	0.0000	0.0000	0.0000	0.0698	0.0677	0.0021	0.0653	0.0651	0.0002	0.0045	0.0026	0.0019	0.1408	0.1245	0.0163	0.0543	0.0520	0.0023	0.0865	0.0725	0.0140	0.4027	0.2835	0.1191	0.2383	0.1940	0.0444	0.1643	0.0896	0.0748	0.0016	0.0013	0.0014	0.0026	0.0022	0.0119	0.0002	0.0001	0.0008	0.1733	0.2388	0.0174	0.2739	0.3354	0.0049	0.0273	0.0295	0.0248
25	125	0.4936	5	0	1	0	0	0	0	0	0	N	N	N	N	N	N	N	N	N	N	N	N	0.0427	1.2919	0.0005	0.4350	2.6761	0.0073	0.0017	0.8014	0.0000	0.0098	0.0110	0.0004	0.0308	0.0323	0.0028	0.0007	0.0008	0.0000	0.2287	0.0085	0.7062	0.0709	0.0121	0.3747	0.4252	0.0011	0.8384	0.0043	38.1131	-0.0020	0.0733	10.0221	5.9920	10.6811	12.2976	0.0047	0.0046	0.0000	0.0044	0.0044	0.0000	0.0002	0.0002	0.0000	0.1421	0.0036	0.1385	0.0244	0.0035	0.0209	0.1177	0.0001	0.1175	0.4783	0.4210	0.0573	0.1435	0.1363	0.0073	0.3348	0.2848	0.0500	0.6215	0.4254	0.1961	0.3448	0.2889	0.0559	0.2768	0.1366	0.1402	0.0427	1.2919	0.0005	0.4350	2.6761	0.0073	0.0017	0.8014	0.0000	0.2287	0.0085	0.7062	0.0709	0.0121	0.3747	0.4252	0.0011	0.8384
25	126	0.5307	7	0	2	0	0	0	0	0	0	N	Y	N	N	N	N	N	N	N	N	N	N	0.2300	0.2730	0.0000	0.3047	0.2989	0.0000	0.2269	157.0333	0.0000	0.0235	0.0268	0.0000	0.0423	0.0446	0.0000	0.0136	0.0161	0.0000	0.1022	0.0980	0.1116	0.1387	0.1493	0.0803	0.0598	0.0001	0.1232	0.0000	0.5042	-0.0046	-0.0099	10.0221	5.0407	10.6811	17.1705	0.0104	0.0104	0.0000	0.0065	0.0065	0.0000	0.0039	0.0039	0.0000	0.0805	0.0535	0.0270	0.0588	0.0535	0.0052	0.0218	0.0000	0.0217	0.4415	0.3878	0.0537	0.1531	0.1450	0.0081	0.2884	0.2428	0.0455	0.7877	0.5460	0.2417	0.4236	0.3583	0.0653	0.3642	0.1877	0.1764	0.2300	0.2730	0.0000	0.3047	0.2989	0.0000	0.2269	157.0333	0.0000	0.1022	0.0980	0.1116	0.1387	0.1493	0.0803	0.0598	0.0001	0.1232
25	127	0.5147	6	0	2	0	0	0	0	0	0	N	Y	N	N	N	N	N	N	N	N	N	N	0.1414	0.1287	0.2336	0.2383	0.2372	0.0588	0.0786	0.0078	0.2529	0.0152	0.0136	0.0261	0.0349	0.0363	0.0059	0.0050	0.0001	0.0290	0.1075	0.1057	0.1115	0.1463	0.1531	0.1004	0.0632	0.0120	0.1148	0.2789	0.4565	-0.0006	-0.0061	10.0221	1.9703	10.6811	6.2034	0.0028	0.0022	0.0006	0.0022	0.0022	0.0000	0.0006	0.0000	0.0006	0.0421	0.0289	0.0132	0.0305	0.0278	0.0027	0.0116	0.0011	0.0105	0.1856	0.1620	0.0236	0.0635	0.0605	0.0030	0.1221	0.1015	0.0206	0.3913	0.2731	0.1182	0.2085	0.1813	0.0272	0.1828	0.0917	0.0910	0.1414	0.1287	0.2336	0.2383	0.2372	0.0588	0.0786	0.0078	0.2529	0.1075	0.1057	0.1115	0.1463	0.1531	0.1004	0.0632	0.0120	0.1148
25	128	0.4936	5	0	1	0	0	0	0	0	0	N	N	N	N	N	N	N	N	N	N	N	N	0.0297	0.0186	0.1233	0.0385	0.0392	0.0501	0.0937	0.2210	0.3280	0.0034	0.0023	0.0110	0.0073	0.0071	0.0127	0.0016	0.0000	0.0107	0.1133	0.1249	0.0889	0.1908	0.1798	0.2538	0.0176	0.0001	0.0327	0.6500	0.3386	-0.0000	-0.0082	10.0221	1.1032	10.6811	7.8190	0.0003	0.0002	0.0001	0.0002	0.0002	0.0000	0.0001	0.0000	0.0001	0.0400	0.0299	0.0101	0.0372	0.0299	0.0074	0.0028	0.0000	0.0028	0.0906	0.0797	0.0110	0.0274	0.0260	0.0014	0.0633	0.0537	0.0096	0.3534	0.2395	0.1139	0.1953	0.1663	0.0290	0.1581	0.0732	0.0849	0.0297	0.0186	0.1233	0.0385	0.0392	0.0501	0.0937	0.2210	0.3280	0.1133	0.1249	0.0889	0.1908	0.1798	0.2538	0.0176	0.0001	0.0327
25	129	0.2698	5	0	2	0	0	0	0	0	0	N	Y	N	N	N	N	N	N	N	N	N	N	8.9230	9.4859	0.2142	10.0365	13.5048	0.0047	0.1100	0.0002	0.6506	0.0010	0.0012	0.0000	0.0016	0.0019	0.0000	0.0000	0.0000	0.0000	0.0001	0.0001	0.0001	0.0002	0.0001	0.0009	0.0001	0.0001	0.0000	0.0031	0.3364	-0.0002	-0.0000	10.0221	1.0033	10.6811	0.8635	0.0005	0.0005	0.0000	0.0005	0.0005	0.0000	0.0000	0.0000	0.0000	0.0001	0.0000	0.0000	0.0000	0.0000	0.0000	0.0000	0.0000	0.0000	0.4677	0.3854	0.0823	0.2851	0.2428	0.0423	0.1826	0.1426	0.0400	0.4779	0.3142	0.1637	0.2327	0.2261	0.0065	0.2452	0.0881	0.1571	8.9230	9.4859	0.2142	10.0365	13.5048	0.0047	0.1100	0.0002	0.6506	0.0001	0.0001	0.0001	0.0002	0.0001	0.0009	0.0001	0.0001	0.0000
25	130	0.2405	4	0	1	0	0	0	0	0	0	N	N	N	N	N	N	N	N	N	N	N	N	2.7921	0.4621	12.0911	3.8466	0.3988	875.8092	2.2521	5.5641	7.0361	0.3174	0.0325	2.3914	0.3746	0.0426	11.1005	0.2889	0.0267	1.6051	0.1137	0.0704	0.1978	0.0974	0.1069	0.0127	0.1283	0.0048	0.2281	10.0970	1.4455	0.0964	0.0226	10.0221	5.5514	10.6811	9.9598	0.2055	0.0185	0.1870	0.0808	0.0089	0.0719	0.1247	0.0096	0.1151	0.1703	0.0696	0.1007	0.0689	0.0679	0.0009	0.1015	0.0017	0.0998	0.6475	0.5693	0.0782	0.2158	0.2093	0.0065	0.4318	0.3600	0.0717	1.4980	0.9890	0.5090	0.7071	0.6354	0.0717	0.7908	0.3536	0.4373	2.7921	0.4621	12.0911	3.8466	0.3988	875.8092	2.2521	5.5641	7.0361	0.1137	0.0704	0.1978	0.0974	0.1069	0.0127	0.1283	0.0048	0.2281
25	131	0.2101	3	0	1	0	0	0	0	0	0	N	N	N	N	N	N	N	N	N	N	N	N	0.0345	0.0216	0.1264	0.0485	0.0436	0.2507	0.0300	0.0082	0.1180	0.0090	0.0054	0.0354	0.0170	0.0157	0.0628	0.0059	0.0008	0.0334	0.2615	0.2518	0.2798	0.3499	0.3594	0.2503	0.1957	0.0931	0.2833	0.8887	0.5895	0.0003	-0.0367	10.0221	9.1969	10.6811	13.4651	0.0085	0.0045	0.0040	0.0046	0.0041	0.0005	0.0040	0.0004	0.0035	0.4190	0.2636	0.1554	0.2391	0.2242	0.0149	0.1799	0.0394	0.1405	0.9446	0.8311	0.1135	0.2681	0.2606	0.0075	0.6765	0.5705	0.1059	1.6027	1.0471	0.5555	0.6834	0.6239	0.0596	0.9192	0.4233	0.4960	0.0345	0.0216	0.1264	0.0485	0.0436	0.2507	0.0300	0.0082	0.1180	0.2615	0.2518	0.2798	0.3499	0.3594	0.2503	0.1957	0.0931	0.2833
25	132	0.5905	9	1	2	0	1	0	0	0	0	N	Y	N	N	N	N	N	N	N	N	N	N	0.0026	0.0021	0.0000	0.0000	0.0000	0.0000	55.3605	inf	0.0000	0.0001	0.0001	0.0000	0.0000	0.0000	0.0000	0.0002	0.0002	0.0000	0.0455	0.0640	0.0000	0.0815	0.0964	0.0001	0.0000	0.0000	0.0000	0.0000	0.0002	-0.0000	-0.0026	10.0221	1.0000	10.6811	3.0001	0.0000	0.0000	0.0000	0.0000	0.0000	0.0000	0.0000	0.0000	0.0000	0.0057	0.0057	0.0000	0.0057	0.0057	0.0000	0.0000	0.0000	0.0000	0.0855	0.0754	0.0101	0.0285	0.0269	0.0016	0.0570	0.0485	0.0085	0.1244	0.0884	0.0360	0.0695	0.0587	0.0108	0.0549	0.0297	0.0252	0.0026	0.0021	0.0000	0.0000	0.0000	0.0000	55.3605	inf	0.0000	0.0455	0.0640	0.0000	0.0815	0.0964	0.0001	0.0000	0.0000	0.0000
25	133	0.2916	7	1	2	0	1	0	0	0	0	N	Y	N	N	N	N	N	N	N	N	N	N	0.0011	0.0000	61.9449	0.0025	0.0000	117.7239	0.0001	0.0000	23.5678	0.0014	0.0000	0.0131	0.0039	0.0000	0.1082	0.0001	0.0000	0.0008	1.3137	1.9743	0.0002	1.6086	1.9468	0.0009	1.1275	1.9997	0.0000	inf	0.0001	0.0000	-0.0479	10.0221	0.0006	10.6811	1.9797	0.0000	0.0000	0.0000	0.0000	0.0000	0.0000	0.0000	0.0000	0.0000	0.1046	0.1046	0.0000	0.0496	0.0496	0.0000	0.0550	0.0550	0.0000	0.0001	0.0001	0.0000	0.0000	0.0000	0.0000	0.0000	0.0000	0.0000	0.0796	0.0530	0.0266	0.0308	0.0255	0.0054	0.0488	0.0275	0.0213	0.0011	0.0000	61.9449	0.0025	0.0000	117.7239	0.0001	0.0000	23.5678	1.3137	1.9743	0.0002	1.6086	1.9468	0.0009	1.1275	1.9997	0.0000
25	134	0.2748	6	1	2	0	1	0	0	0	0	N	Y	N	N	N	N	N	N	N	N	N	N	0.0001	0.0000	0.0010	0.0002	0.0001	0.0025	0.0000	0.0000	0.0000	0.0000	0.0000	0.0000	0.0000	0.0000	0.0000	0.0000	0.0000	0.0000	0.0129	0.0180	0.0032	0.0251	0.0266	0.0115	0.0077	0.0121	0.0024	0.7389	0.0939	-0.0000	-0.0013	10.0221	2.0077	10.6811	6.0321	0.0000	0.0000	0.0000	0.0000	0.0000	0.0000	0.0000	0.0000	0.0000	0.0034	0.0031	0.0003	0.0020	0.0019	0.0001	0.0015	0.0013	0.0002	0.1723	0.1495	0.0228	0.0433	0.0407	0.0026	0.1290	0.1087	0.0203	0.2680	0.1746	0.0934	0.0792	0.0710	0.0081	0.1888	0.1036	0.0852	0.0001	0.0000	0.0010	0.0002	0.0001	0.0025	0.0000	0.0000	0.0000	0.0129	0.0180	0.0032	0.0251	0.0266	0.0115	0.0077	0.0121	0.0024
25	135	0.2700	6	0	2	0	1	0	0	0	0	N	Y	N	N	N	N	N	N	N	N	N	N	0.0850	0.0604	1.7104	0.0676	0.0612	5.0855	2.4309	9.1245	1.2391	0.0056	0.0059	0.0040	0.0128	0.0129	0.0123	0.0029	0.0030	0.0028	0.0659	0.0970	0.0023	0.1898	0.2099	0.0024	0.0012	0.0003	0.0023	0.1027	0.0117	-0.0005	-0.0136	10.0221	3.0348	10.6811	9.3583	0.0015	0.0013	0.0001	0.0009	0.0009	0.0001	0.0006	0.0005	0.0001	0.0303	0.0300	0.0003	0.0300	0.0299	0.0000	0.0004	0.0001	0.0003	0.2638	0.2290	0.0348	0.0710	0.0669	0.0041	0.1928	0.1621	0.0308	0.4607	0.3094	0.1513	0.1580	0.1426	0.0153	0.3027	0.1667	0.1359	0.0850	0.0604	1.7104	0.0676	0.0612	5.0855	2.4309	9.1245	1.2391	0.0659	0.0970	0.0023	0.1898	0.2099	0.0024	0.0012	0.0003	0.0023
25	136	0.2557	5	0	1	0	1	0	0	0	0	N	N	N	N	N	N	N	N	N	N	N	N	0.3789	0.2945	0.0005	0.2816	0.2766	0.0017	1.4888	18.0227	0.0000	0.0358	0.0410	0.0000	0.0858	0.0934	0.0000	0.0067	0.0080	0.0000	0.0945	0.1394	0.0098	0.3046	0.3375	0.0129	0.0045	0.0004	0.0095	0.0000	0.0373	-0.0001	-0.0090	10.0221	0.0433	10.6811	6.6805	0.0002	0.0002	0.0000	0.0001	0.0001	0.0000	0.0000	0.0000	0.0000	0.0212	0.0205	0.0008	0.0205	0.0204	0.0001	0.0007	0.0000	0.0007	0.0044	0.0038	0.0006	0.0016	0.0015	0.0001	0.0028	0.0023	0.0004	0.2250	0.1470	0.0780	0.0674	0.0606	0.0068	0.1576	0.0864	0.0712	0.3789	0.2945	0.0005	0.2816	0.2766	0.0017	1.4888	18.0227	0.0000	0.0945	0.1394	0.0098	0.3046	0.3375	0.0129	0.0045	0.0004	0.0095
25	137	0.6201	11	0	2	0	1	0	0	0	0	N	Y	N	N	N	N	N	N	N	N	N	N	0.0000	0.0000	0.0000	0.0000	0.0000	0.0000	0.0000	0.0000	0.0000	0.0000	0.0000	0.0000	0.0000	0.0000	0.0000	0.0000	0.0000	0.0000	0.0000	0.0000	10.0221	0.0000	10.6811	0.0000	0.0000	0.0000	0.0000	0.0000	0.0000	0.0000	0.0000	0.0000	0.0000	0.0000	0.0000	0.0000	0.0000	0.0000	0.0000	0.0000	0.0000	0.0000	0.0000	0.0000	0.0000	0.0000	0.0000	0.0000	0.0000	0.0000	0.0000	0.0000	0.0000	0.0000	0.0000	0.0000	0.0000	0.0000	0.0000	0.0000	0.0000	0.0000	0.0000	0.0000	0.0000	0.0000	0.0000	0.0000	0.0000	0.0000	0.0000	0.0000	0.0000	0.0000	0.0000	0.0000	0.0000	0.0000											
25	138	0.6150	10	0	2	0	1	0	0	0	0	N	Y	N	N	N	N	N	N	N	N	N	N	511.1342	0.0000	inf	0.1346	0.0000	inf	inf	inf	0.1031	0.0000	0.7625	0.0001	0.0000	0.0020	0.3021	0.0000	0.8707	0.0002	0.0003	0.0000	0.0004	0.0004	0.0000	0.0000	0.0000	0.0000	inf	0.0000	0.0000	-0.0000	10.0221	0.0021	10.6811	2.0000	0.0001	0.0000	0.0001	0.0000	0.0000	0.0000	0.0001	0.0000	0.0001	0.0000	0.0000	0.0000	0.0000	0.0000	0.0000	0.0000	0.0000	0.0000	0.0005	0.0004	0.0001	0.0003	0.0003	0.0000	0.0002	0.0001	0.0001	0.0630	0.0448	0.0181	0.0340	0.0291	0.0049	0.0290	0.0158	0.0132	511.1342	0.0000	inf	0.1346	0.0000	inf	inf	0.0000	inf	0.0002	0.0003	0.0000	0.0004	0.0004	0.0000	0.0000	0.0000	0.0000	
25	139	0.6048	9	0	1	0	1	0	0	0	0	N	N	N	N	N	N	N	N	N	N	N	N	130.5100	0.0001	6509790.9034	0.0677	0.0001	7159.4684	3686716.6006	inf	11326170.1395	6.5384	0.0000	55.6447	0.0063	0.0000	0.1129	9.8127	0.0000	66.0909	0.0501	0.0705	0.0000	0.0930	0.1090	0.0000	0.0000	0.0000	0.0000	1567420.4410	0.0000	0.3133	-0.0029	10.0221	1.0020	10.6811	3.0181	0.5605	0.0000	0.5605	0.0002	0.0000	0.0002	0.5603	0.0000	0.5603	0.0063	0.0063	0.0000	0.0063	0.0063	0.0000	0.0000	0.0000	0.0000	0.0857	0.0757	0.0101	0.0286	0.0270	0.0016	0.0571	0.0486	0.0085	0.1256	0.0893	0.0364	0.0677	0.0577	0.0099	0.0580	0.0315	0.0264	130.5100	0.0001	6509790.9034	0.0677	0.0001	7159.4684	3686716.6006	inf	11326170.1395	0.0501	0.0705	0.0000	0.0930	0.1090	0.0000	0.0000	0.0000	0.0000
25	140	0.5905	9	0	2	0	0	0	0	0	0	N	Y	N	N	N	N	N	N	N	N	N	N	0.0000	0.0000	0.0000	0.0000	0.0000	0.0000	0.0000	0.0000	0.0000	0.0000	0.0000	0.0000	0.0000	0.0000	0.0000	0.0000	0.0000	0.0000	3.0166	4.2435	0.0000	1.1819	1.3990	0.0001	5.3386	9.8601	0.0000	0.0000	0.0000	-0.1720	10.0221	0.0000	10.6811	4.0001	0.0000	0.0000	0.0000	0.0000	0.0000	0.0000	0.0000	0.0000	0.0000	0.3752	0.3752	0.0000	0.0821	0.0821	0.0000	0.2931	0.2931	0.0000	0.0000	0.0000	0.0000	0.0000	0.0000	0.0000	0.0000	0.0000	0.0000	0.1244	0.0884	0.0360	0.0695	0.0587	0.0108	0.0549	0.0297	0.0252	0.0000	0.0000	0.0000	0.0000	0.0000	0.0000	0.0000	0.0000	0.0000	3.0166	4.2435	0.0000	1.1819	1.3990	0.0001	5.3386	9.8601	0.0000	
25	141	0.2703	5	0	2	0	0	0	0	0	0	N	Y	N	N	N	N	N	N	N	N	N	N	115.3262	0.0043	307.8187	5978.9120	0.0049	36357.1088	0.1786	49.0215	0.5153	11.2557	0.0000	84.9609	44.6356	0.0000	739.2491	0.0242	0.0000	0.1545	0.0976	0.0025	0.2760	0.0075	0.0060	0.0203	0.1356	0.0000	0.2998	1208679.6346	59.5929	0.5418	0.0105	10.0221	1.0003	10.6811	5.0186	0.9694	0.0000	0.9694	0.9678	0.0000	0.9678	0.0016	0.0000	0.0016	0.0200	0.0003	0.0197	0.0005	0.0003	0.0001	0.0196	0.0000	0.0196	0.0861	0.0747	0.0114	0.0217	0.0204	0.0013	0.0644	0.0543	0.0101	0.2050	0.1337	0.0713	0.0608	0.0547	0.0061	0.1443	0.0790	0.0652	115.3262	0.0043	307.8187	5978.9120	0.0049	36357.1088	0.1786	49.0215	0.5153	0.0976	0.0025	0.2760	0.0075	0.0060	0.0203	0.1356	0.0000	0.2998
25	142	0.6048	9	0	1	1	1	0	0	0	0	N	N	N	N	N	N	N	N	N	N	N	N	0.6664	0.7205	0.0000	1.4478	1.3882	0.0000	0.0051	0.0053	0.0000	0.0159	0.0180	0.0000	0.0233	0.0260	0.0000	0.0002	0.0002	0.0000	0.0239	0.0249	0.0212	0.0161	0.0187	0.0009	0.0328	0.0362	0.0288	0.0000	0.3465	-0.0000	-0.0013	10.0221	0.0001	10.6811	9.0026	0.0000	0.0000	0.0000	0.0000	0.0000	0.0000	0.0000	0.0000	0.0000	0.0066	0.0049	0.0017	0.0024	0.0024	0.0000	0.0042	0.0025	0.0017	0.0000	0.0000	0.0000	0.0000	0.0000	0.0000	0.0000	0.0000	0.0000	0.2759	0.1961	0.0798	0.1482	0.1265	0.0217	0.1277	0.0696	0.0581	0.6664	0.7205	0.0000	1.4478	1.3882	0.0000	0.0051	0.0053	0.0000	0.0239	0.0249	0.0212	0.0161	0.0187	0.0009	0.0328	0.0362	0.0288
25	143	0.2557	5	0	1	1	1	0	0	0	0	N	N	N	N	N	N	N	N	N	N	N	N	0.0014	0.0017	0.0000	0.0009	0.0009	0.0000	0.0024	145.5653	0.0000	0.0002	0.0002	0.0000	0.0002	0.0002	0.0000	0.0001	0.0002	0.0000	0.1192	0.1131	0.1306	0.2507	0.2750	0.0360	0.0631	0.0000	0.1397	0.0000	0.6136	-0.0000	-0.0031	10.0221	2.0061	10.6811	8.0425	0.0000	0.0000	0.0000	0.0000	0.0000	0.0000	0.0000	0.0000	0.0000	0.0394	0.0244	0.0150	0.0248	0.0244	0.0004	0.0146	0.0000	0.0146	0.1708	0.1485	0.0223	0.0452	0.0424	0.0027	0.1257	0.1061	0.0195	0.3309	0.2161	0.1148	0.0989	0.0889	0.0101	0.2320	0.1272	0.1048	0.0014	0.0017	0.0000	0.0009	0.0009	0.0000	0.0024	145.5653	0.0000	0.1192	0.1131	0.1306	0.2507	0.2750	0.0360	0.0631	0.0000	0.1397
25	144	0.2466	4	0	1	0	1	0	0	0	0	N	N	N	N	N	N	N	N	N	N	N	N	15.8532	24.4966	0.0014	22.4884	26.3860	0.0002	12.1263	179.1528	0.0017	0.0412	0.0474	0.0000	0.0975	0.1035	0.0000	0.0199	0.0237	0.0000	0.0026	0.0019	0.0041	0.0043	0.0039	0.0101	0.0016	0.0001	0.0036	0.0000	0.9276	-0.0032	0.0000	10.0221	1.9550	10.6811	2.1189	0.0073	0.0073	0.0000	0.0048	0.0048	0.0000	0.0026	0.0026	0.0000	0.0005	0.0003	0.0002	0.0003	0.0002	0.0000	0.0002	0.0000	0.0002	0.1785	0.1549	0.0236	0.0489	0.0461	0.0028	0.1295	0.1088	0.0207	0.1918	0.1334	0.0583	0.0681	0.0635	0.0046	0.1237	0.0699	0.0538	15.8532	24.4966	0.0014	22.4884	26.3860	0.0002	12.1263	179.1528	0.0017	0.0026	0.0019	0.0041	0.0043	0.0039	0.0101	0.0016	0.0001	0.0036
25	145	0.2466	4	0	1	1	1	0	0	0	0	N	N	N	N	N	N	N	N	N	N	N	N	0.0716	0.0596	0.0705	0.0826	0.0857	0.0115	0.0558	1.2905	0.1530	0.0020	0.0022	0.0007	0.0071	0.0075	0.0008	0.0001	0.0000	0.0007	0.0284	0.0374	0.0106	0.0865	0.0879	0.0728	0.0022	0.0000	0.0048	0.0511	0.1445	-0.0002	-0.0067	10.0221	2.1261	10.6811	18.6477	0.0004	0.0004	0.0000	0.0004	0.0004	0.0000	0.0000	0.0000	0.0000	0.0202	0.0176	0.0025	0.0191	0.0176	0.0015	0.0011	0.0000	0.0011	0.1929	0.1674	0.0255	0.0525	0.0495	0.0030	0.1403	0.1179	0.0224	0.7106	0.4709	0.2397	0.2210	0.2005	0.0205	0.4897	0.2705	0.2192	0.0716	0.0596	0.0705	0.0826	0.0857	0.0115	0.0558	1.2905	0.1530	0.0284	0.0374	0.0106	0.0865	0.0879	0.0728	0.0022	0.0000	0.0048
25	146	0.6048	9	0	1	1	1	0	0	0	0	N	N	N	N	N	N	N	N	N	N	N	N	0.0005	0.0004	0.0000	0.0008	0.0007	0.0000	0.0001	inf	0.0000	0.0000	0.0000	0.0000	0.0000	0.0000	0.0000	0.0000	0.0000	0.0000	0.0043	0.0060	0.0002	0.0079	0.0092	0.0000	0.0001	0.0000	0.0003	0.0000	0.0140	-0.0000	-0.0005	10.0221	2.0001	10.6811	5.9880	0.0000	0.0000	0.0000	0.0000	0.0000	0.0000	0.0000	0.0000	0.0000	0.0011	0.0010	0.0000	0.0010	0.0010	0.0000	0.0000	0.0000	0.0000	0.1703	0.1504	0.0200	0.0568	0.0537	0.0032	0.1135	0.0967	0.0168	0.2458	0.1747	0.0711	0.1321	0.1127	0.0194	0.1137	0.0619	0.0518	0.0005	0.0004	0.0000	0.0008	0.0007	0.0000	0.0001	inf	0.0000	0.0043	0.0060	0.0002	0.0079	0.0092	0.0000	0.0001	0.0000	0.0003
25	147	0.6048	9	0	1	1	1	0	0	0	0	N	N	N	N	N	N	N	N	N	N	N	N	0.5053	0.4318	0.1256	0.0412	0.0363	0.1625	0.8583	0.6029	0.1294	0.4578	0.5148	0.0255	0.0421	0.0413	0.0543	0.6647	0.7759	0.0201	0.9060	1.1922	0.2031	1.0221	1.1388	0.3338	0.7745	1.2868	0.1556	0.0065	0.0694	-0.1479	-0.3218	10.0221	9.0001	10.6811	23.0169	0.3403	0.3381	0.0022	0.0104	0.0097	0.0007	0.3299	0.3284	0.0015	0.8177	0.7646	0.0530	0.4900	0.4668	0.0232	0.3277	0.2978	0.0298	0.7433	0.6567	0.0866	0.2470	0.2334	0.0136	0.4963	0.4233	0.0730	0.9025	0.6414	0.2611	0.4794	0.4099	0.0695	0.4231	0.2314	0.1916	0.5053	0.4318	0.1256	0.0412	0.0363	0.1625	0.8583	0.6029	0.1294	0.9060	1.1922	0.2031	1.0221	1.1388	0.3338	0.7745	1.2868	0.1556
25	148	0.5795	8	0	1	0	1	0	0	0	0	N	N	N	N	N	N	N	N	N	N	N	N	0.6678	0.5819	0.2648	1.0767	1.0519	0.0000	1.1927	3.1142	1.4911	0.0181	0.0202	0.0022	0.0517	0.0548	0.0000	0.0012	0.0009	0.0026	0.0271	0.0348	0.0084	0.0480	0.0521	0.0249	0.0010	0.0003	0.0018	0.0147	0.0983	-0.0013	-0.0033	10.0221	1.9990	10.6811	7.9526	0.0031	0.0031	0.0000	0.0030	0.0030	0.0000	0.0001	0.0001	0.0000	0.0089	0.0081	0.0008	0.0087	0.0081	0.0007	0.0001	0.0000	0.0001	0.1712	0.1510	0.0202	0.0573	0.0541	0.0032	0.1138	0.0968	0.0170	0.3274	0.2324	0.0949	0.1818	0.1547	0.0271	0.1456	0.0778	0.0679	0.6678	0.5819	0.2648	1.0767	1.0519	0.0000	1.1927	3.1142	1.4911	0.0271	0.0348	0.0084	0.0480	0.0521	0.0249	0.0010	0.0003	0.0018
25	149	0.5476	7	1	2	0	0	0	0	0	0	N	Y	N	N	N	N	N	N	N	N	N	N	4.3490	18.8581	3.2289	32.1188	40.8889	0.2739	0.9685	0.0299	2.8167	2.3915	1.9686	5.4321	4.9613	5.2333	0.0833	1.0173	0.0017	6.3811	0.5499	0.1044	1.6823	0.1545	0.1280	0.3042	1.0504	0.0583	2.2655	0.3839	6.3405	-0.2024	0.1702	10.0221	5.3497	10.6811	17.2225	1.2361	0.8932	0.3429	0.8935	0.8927	0.0008	0.3426	0.0005	0.3421	0.4199	0.0572	0.3627	0.0659	0.0464	0.0195	0.3540	0.0108	0.3432	0.5169	0.4537	0.0631	0.1801	0.1706	0.0095	0.3368	0.2831	0.0536	0.7636	0.5480	0.2156	0.4265	0.3624	0.0641	0.3370	0.1855	0.1515	4.3490	18.8581	3.2289	32.1188	40.8889	0.2739	0.9685	0.0299	2.8167	0.5499	0.1044	1.6823	0.1545	0.1280	0.3042	1.0504	0.0583	2.2655
25	150	0.5784	8	0	2	0	0	0	0	0	0	N	Y	N	N	N	N	N	N	N	N	N	N	4.5428	0.0031	400.1482	0.0814	0.0013	14.7640	200.1185	0.1569	1038.3914	1.2536	0.0012	9.7669	0.0377	0.0007	0.7258	2.0788	0.0015	11.4986	0.2759	0.3747	0.0244	0.4628	0.5464	0.0492	0.0104	0.0098	0.0111	1229.5370	0.0256	0.3217	-0.1222	10.0221	3.6794	10.6811	17.4287	0.5765	0.0005	0.5760	0.0070	0.0001	0.0069	0.5695	0.0003	0.5691	0.2820	0.2749	0.0070	0.2776	0.2726	0.0050	0.0044	0.0023	0.0021	0.4599	0.4009	0.0590	0.1859	0.1765	0.0095	0.2739	0.2244	0.0495	1.0218	0.7337	0.2880	0.5998	0.4989	0.1008	0.4220	0.2348	0.1872	4.5428	0.0031	400.1482	0.0814	0.0013	14.7640	200.1185	0.1569	1038.3914	0.2759	0.3747	0.0244	0.4628	0.5464	0.0492	0.0104	0.0098	0.0111
25	151	0.5476	7	0	2	0	0	0	0	0	0	N	Y	N	N	N	N	N	N	N	N	N	N	0.7695	0.6017	3.0010	0.0651	0.0186	2.5047	26.8527	69.0278	7.8226	0.2734	0.2761	0.2545	0.0398	0.0127	0.5366	0.4070	0.4471	0.2038	0.3553	0.4588	0.0848	0.6112	0.6820	0.2142	0.0152	0.0065	0.0261	0.1299	0.0707	-0.0323	-0.0723	10.0221	3.4464	10.6811	10.1316	0.0991	0.0877	0.0114	0.0052	0.0016	0.0037	0.0938	0.0861	0.0077	0.1843	0.1721	0.0122	0.1809	0.1713	0.0096	0.0034	0.0008	0.0026	0.3624	0.3177	0.0448	0.1319	0.1251	0.0068	0.2306	0.1926	0.0380	0.5187	0.3751	0.1435	0.2960	0.2512	0.0448	0.2227	0.1239	0.0987	0.7695	0.6017	3.0010	0.0651	0.0186	2.5047	26.8527	69.0278	7.8226	0.3553	0.4588	0.0848	0.6112	0.6820	0.2142	0.0152	0.0065	0.0261
25	152	0.2771	7	1	2	0	0	0	0	0	0	N	Y	N	N	N	N	N	N	N	N	N	N	0.0001	0.0000	0.0002	0.0001	0.0001	0.0002	0.0000	0.0000	0.0001	0.0000	0.0000	0.0000	0.0000	0.0000	0.0002	0.0000	0.0000	0.0000	0.0940	0.0437	0.1887	0.1908	0.1072	0.9199	0.0532	0.0000	0.1182	2.7698	2.2969	0.0000	0.0096	10.0221	1.0143	10.6811	12.0086	0.0000	0.0000	0.0000	0.0000	0.0000	0.0000	0.0000	0.0000	0.0000	0.0401	0.0122	0.0279	0.0241	0.0122	0.0120	0.0160	0.0000	0.0160	0.0883	0.0766	0.0117	0.0226	0.0213	0.0013	0.0657	0.0553	0.0104	0.4264	0.2784	0.1481	0.1264	0.1134	0.0130	0.3000	0.1650	0.1351	0.0001	0.0000	0.0002	0.0001	0.0001	0.0002	0.0000	0.0000	0.0001	0.0940	0.0437	0.1887	0.1908	0.1072	0.9199	0.0532	0.0000	0.1182
25	153	0.2748	6	1	2	0	0	0	0	0	0	N	Y	N	N	N	N	N	N	N	N	N	N	0.0387	0.0317	0.0000	0.0486	0.0477	0.0000	0.0000	0.0000	0.0000	0.0001	0.0001	0.0000	0.0005	0.0005	0.0000	0.0000	0.0000	0.0000	0.0031	0.0044	0.0007	0.0098	0.0106	0.0025	0.0003	0.0000	0.0006	0.0001	0.0884	-0.0000	-0.0000	10.0221	0.9811	10.6811	0.0216	0.0000	0.0000	0.0000	0.0000	0.0000	0.0000	0.0000	0.0000	0.0000	0.0001	0.0001	0.0000	0.0001	0.0001	0.0000	0.0000	0.0000	0.0000	0.0849	0.0736	0.0113	0.0214	0.0202	0.0013	0.0635	0.0534	0.0100	0.0347	0.0226	0.0121	0.0103	0.0093	0.0010	0.0244	0.0134	0.0110	0.0387	0.0317	0.0000	0.0486	0.0477	0.0000	0.0000	0.0000	0.0000	0.0031	0.0044	0.0007	0.0098	0.0106	0.0025	0.0003	0.0000	0.0006
25	154	0.2703	5	1	2	0	0	0	0	0	0	N	Y	N	N	N	N	N	N	N	N	N	N	175.3672	156.5893	6.9186	169.5452	173.1601	0.2875	4.2186	20.5858	9.7130	0.3635	0.4185	0.0064	1.0067	1.1040	0.0005	0.0017	0.0004	0.0083	0.0021	0.0027	0.0009	0.0059	0.0064	0.0018	0.0004	0.0000	0.0009	0.0024	0.1830	-0.0001	-0.0000	10.0221	0.0083	10.6811	2.0001	0.0003	0.0003	0.0000	0.0003	0.0003	0.0000	0.0000	0.0000	0.0000	0.0001	0.0001	0.0000	0.0001	0.0001	0.0000	0.0000	0.0000	0.0000	0.0009	0.0008	0.0001	0.0003	0.0003	0.0000	0.0006	0.0005	0.0001	0.0716	0.0469	0.0247	0.0216	0.0196	0.0021	0.0499	0.0273	0.0226	175.3672	156.5893	6.9186	169.5452	173.1601	0.2875	4.2186	20.5858	9.7130	0.0021	0.0027	0.0009	0.0059	0.0064	0.0018	0.0004	0.0000	0.0009
25	155	0.2466	4	0	2	0	0	0	0	0	0	N	Y	N	N	N	N	N	N	N	N	N	N	0.7351	11.7879	0.7374	2.3784	10.4010	0.6099	0.4731	2449.8251	0.7475	0.0301	0.0211	0.0895	0.0463	0.0421	0.1137	0.0243	0.0126	0.0863	0.0410	0.0018	0.1214	0.0195	0.0041	0.1864	0.0513	0.0000	0.1154	0.6447	33.0564	-0.0004	0.0083	10.0221	2.9180	10.6811	7.4065	0.0078	0.0047	0.0031	0.0032	0.0027	0.0005	0.0046	0.0020	0.0026	0.0161	0.0005	0.0157	0.0025	0.0005	0.0020	0.0136	0.0000	0.0136	0.2593	0.2251	0.0342	0.0690	0.0650	0.0040	0.1903	0.1601	0.0302	0.3936	0.2646	0.1290	0.1275	0.1167	0.0108	0.2661	0.1479	0.1183	0.7351	11.7879	0.7374	2.3784	10.4010	0.6099	0.4731	2449.8251	0.7475	0.0410	0.0018	0.1214	0.0195	0.0041	0.1864	0.0513	0.0000	0.1154
25	156	0.1808	3	0	1	0	0	0	0	0	0	N	N	N	N	N	N	N	N	N	N	N	N	5.9492	4.6310	12.3221	0.2471	0.2347	1.0758	15.3078	56.6708	12.9652	1.1510	0.9641	2.0786	0.0757	0.0763	0.0636	1.7635	1.5953	2.3061	0.1935	0.2082	0.1687	0.3065	0.3253	0.0591	0.1152	0.0282	0.1779	0.4345	0.4807	-0.1910	-0.0477	10.0221	8.2479	10.6811	19.7214	1.3818	0.9633	0.4185	0.0330	0.0317	0.0013	1.3488	0.9316	0.4172	0.3570	0.2411	0.1159	0.2314	0.2283	0.0031	0.1256	0.0128	0.1128	1.2005	0.9992	0.2014	0.4356	0.4152	0.0204	0.7649	0.5840	0.1809	1.8452	1.1582	0.6870	0.7549	0.7018	0.0531	1.0903	0.4564	0.6339	5.9492	4.6310	12.3221	0.2471	0.2347	1.0758	15.3078	56.6708	12.9652	0.1935	0.2082	0.1687	0.3065	0.3253	0.0591	0.1152	0.0282	0.1779
25	157	0.1446	2	0	1	0	0	0	0	0	0	N	N	N	N	N	N	N	N	N	N	N	N	1.7567	1.7034	1.8692	1.0245	0.9900	0.8421	2.7818	11.6343	1.8494	0.6676	0.6648	0.6794	0.5535	0.5663	0.1449	0.7186	0.7228	0.7071	0.3800	0.3903	0.3635	0.5403	0.5721	0.1721	0.2583	0.0621	0.3823	0.2415	0.5772	-0.1558	-0.0676	10.0221	7.4725	10.6811	14.3153	0.6319	0.5090	0.1229	0.1619	0.1606	0.0013	0.4700	0.3483	0.1216	0.7316	0.4638	0.2677	0.4489	0.4375	0.0114	0.2827	0.0263	0.2564	0.9465	0.7656	0.1809	0.2926	0.2836	0.0089	0.6540	0.4819	0.1720	1.9251	1.1885	0.7366	0.8309	0.7648	0.0661	1.0942	0.4237	0.6705	1.7567	1.7034	1.8692	1.0245	0.9900	0.8421	2.7818	11.6343	1.8494	0.3800	0.3903	0.3635	0.5403	0.5721	0.1721	0.2583	0.0621	0.3823
25	161	0.5981	11	1	2	0	0	0	0	0	0	N	Y	N	N	N	N	N	N	N	N	N	N	0.0000	0.0000	0.0000	0.0000	0.0000	0.0000	0.0000	0.0000	0.0000	0.0000	0.0000	0.0000	0.0000	0.0000	0.0000	0.0000	0.0000	0.0000	0.0342	0.0471	0.0021	0.0610	0.0711	0.0058	0.0002	0.0000	0.0005	0.0178	0.0000	-0.0014	10.0221	0.0002	10.6811	3.0099	0.0000	0.0000	0.0000	0.0000	0.0000	0.0000	0.0000	0.0000	0.0000	0.0033	0.0032	0.0001	0.0033	0.0032	0.0000	0.0000	0.0000	0.0000	0.0000	0.0000	0.0000	0.0000	0.0000	0.0000	0.0000	0.0000	0.0000	0.0956	0.0682	0.0274	0.0534	0.0452	0.0082	0.0422	0.0230	0.0192	0.0000	0.0000	0.0000	0.0000	0.0000	0.0000	0.0000	0.0000	0.0000	0.0342	0.0471	0.0021	0.0610	0.0711	0.0058	0.0002	0.0000	0.0005	
25	162	0.5905	10	1	2	0	0	0	0	0	0	N	Y	N	N	N	N	N	N	N	N	N	N	0.0000	0.0000	0.0000	0.0000	0.0000	0.0000	0.0000	0.0000	0.0000	0.0000	0.0000	0.0000	0.0000	0.0000	0.0000	0.0000	0.0000	0.0000	0.0008	0.0011	0.0001	0.0013	0.0015	0.0003	0.0003	0.0004	0.0000	0.0364	0.0000	-0.0000	10.0221	0.9998	10.6811	2.0118	0.0000	0.0000	0.0000	0.0000	0.0000	0.0000	0.0000	0.0000	0.0000	0.0001	0.0001	0.0000	0.0001	0.0001	0.0000	0.0000	0.0000	0.0000	0.0855	0.0754	0.0101	0.0285	0.0269	0.0016	0.0570	0.0485	0.0085	0.0940	0.0668	0.0272	0.0526	0.0444	0.0082	0.0415	0.0225	0.0190	0.0000	0.0000	0.0000	0.0000	0.0000	0.0000	0.0000	0.0000	0.0000	0.0008	0.0011	0.0001	0.0013	0.0015	0.0003	0.0003	0.0004	0.0000	
25	163	0.5905	9	1	2	0	0	0	0	0	0	N	Y	N	N	N	N	N	N	N	N	N	N	0.0000	0.0000	0.0000	0.0000	0.0000	0.0000	0.0000	0.0000	0.0000	0.0000	0.0000	0.0000	0.0000	0.0000	0.0000	0.0000	0.0000	0.1281	0.1077	0.2194	0.2231	0.1792	0.5951	0.0122	0.0000	0.0441	0.4545	0.0000	-0.0000	10.0221	0.0000	10.6811	0.0003	0.0000	0.0000	0.0000	0.0000	0.0000	0.0000	0.0000	0.0000	0.0000	0.0000	0.0000	0.0000	0.0000	0.0000	0.0000	0.0000	0.0000	0.0000	0.0000	0.0000	0.0000	0.0000	0.0000	0.0000	0.0000	0.0000	0.0000	0.0000	0.0000	0.0000	0.0000	0.0000	0.0000	0.0000	0.0000	0.0000	0.0000	0.0000	0.0000	0.0000	0.0000	0.0000	0.0000	0.0000	0.0000	0.1281	0.1077	0.2194	0.2231	0.1792	0.5951	0.0122	0.0000	0.0441		
25	164	0.5795	8	0	2	0	0	0	0	0	0	N	Y	N	N	N	N	N	N	N	N	N	N	9.8199	8.3169	17.0061	0.4254	0.4419	0.0055	39.9446	6353.4993	21.3747	0.0864	0.0698	0.1668	0.0052	0.0055	0.0001	0.1778	0.1681	0.2000	0.0088	0.0084	0.0098	0.0122	0.0124	0.0110	0.0045	0.0000	0.0094	0.4946	0.4749	-0.0000	-0.0002	10.0221	0.0063	10.6811	4.3641	0.0001	0.0001	0.0000	0.0000	0.0000	0.0000	0.0001	0.0001	0.0000	0.0014	0.0010	0.0005	0.0011	0.0010	0.0001	0.0003	0.0000	0.0003	0.0016	0.0013	0.0003	0.0008	0.0008	0.0000	0.0007	0.0005	0.0002	0.1612	0.1146	0.0466	0.0905	0.0774	0.0130	0.0707	0.0372	0.0335	9.8199	8.3169	17.0061	0.4254	0.4419	0.0055	39.9446	6353.4993	21.3747	0.0088	0.0084	0.0098	0.0122	0.0124	0.0110	0.0045	0.0000	0.0094
25	165	0.5476	7	0	1	0	0	0	0	0	0	N	N	N	N	N	N	N	N	N	N	N	N	15.0820	10.8890	36.1550	0.2939	0.5403	0.0064	57.3844	11204.2881	98.8113	0.8867	0.3519	4.6400	0.0248	0.0260	0.0018	1.4093	0.5778	5.4820	0.0588	0.0323	0.1283	0.0843	0.0481	0.2869	0.0246	0.0001	0.0555	1.8784	1.5114	0.0537	0.0041	10.0221	2.5207	10.6811	10.0226	0.2540	0.0882	0.1657	0.0027	0.0027	0.0000	0.2513	0.0856	0.1657	0.0288	0.0115	0.0173	0.0236	0.0115	0.0122	0.0051	0.0000	0.0051	0.2864	0.2507	0.0357	0.1081	0.1026	0.0055	0.1783	0.1481	0.0302	0.4894	0.3545	0.1349	0.2803	0.2378	0.0425	0.2091	0.1166	0.0925	15.0820	10.8890	36.1550	0.2939	0.5403	0.0064	57.3844	11204.2881	98.8113	0.0588	0.0323	0.1283	0.0843	0.0481	0.2869	0.0246	0.0001	0.0555
25	166	0.5320	6	0	1	0	0	0	0	0	0	N	N	N	N	N	N	N	N	N	N	N	N	7.6874	17.4693	0.0009	3.7241	7.2494	0.0007	17.7176	2491.5350	0.0016	0.8982	1.0084	0.0003	0.5339	0.5661	0.0003	1.2171	1.4403	0.0002	0.1168	0.0577	0.2787	0.1434	0.0781	0.4791	0.0687	0.0006	0.1493	0.0000	1.7635	-0.1345	0.0087	10.0221	2.6894	10.6811	4.6619	0.3050	0.3050	0.0000	0.0846	0.0846	0.0000	0.2204	0.2204	0.0000	0.0482	0.0174	0.0308	0.0381	0.0174	0.0207	0.0101	0.0000	0.0100	0.3395	0.3024	0.0371	0.1585	0.1494	0.0090	0.1811	0.1530	0.0281	0.4124	0.3021	0.1103	0.2660	0.2227	0.0433	0.1464	0.0794	0.0671	7.6874	17.4693	0.0009	3.7241	7.2494	0.0007	17.7176	2491.5350	0.0016	0.1168	0.0577	0.2787	0.1434	0.0781	0.4791	0.0687	0.0006	0.1493
25	167	0.4936	5	0	1	0	0	0	0	0	0	N	N	N	N	N	N	N	N	N	N	N	N	2.8847	94.9723	0.0032	0.0200	0.4908	0.0008	5.1839	2788.4216	0.0069	3.2546	3.6985	0.0111	0.0263	0.0273	0.0067	4.6438	5.4638	0.0117	1.1282	0.0389	3.4464	1.3154	0.0557	8.2389	0.8958	0.0020	1.7031	0.0004	41.5835	-0.3253	0.2479	10.0221	2.7966	10.6811	8.5340	0.7382	0.7379	0.0003	0.0018	0.0018	0.0000	0.7364	0.7362	0.0003	0.4785	0.0112	0.4673	0.3090	0.0111	0.2980	0.1695	0.0002	0.1693	0.2268	0.1995	0.0273	0.0682	0.0648	0.0035	0.1586	0.1347	0.0238	0.4241	0.2886	0.1356	0.2349	0.1988	0.0362	0.1892	0.0898	0.0994	2.8847	94.9723	0.0032	0.0200	0.4908	0.0008	5.1839	2788.4216	0.0069	1.1282	0.0389	3.4464	1.3154	0.0557	8.2389	0.8958	0.0020	1.7031
26	27	0.6048	12	0	2	0	1	0	0	0	0	N	Y	N	N	N	N	N	N	N	N	N	N	1.1573	0.0000	1.3781	1.7603	0.0000	112.6634	0.7936	0.0000	1.1663	7.7180	0.0000	56.3326	0.0039	0.0000	0.0523	10.6372	0.0000	66.3228	6.6687	0.0019	40.8758	0.0022	0.0027	0.0005	13.4040	0.0000	56.8681	inf	4320.4057	0.5580	0.5409	3.9997	4.9655	5.4032	10.6561	0.9984	0.0000	0.9984	0.0001	0.0000	0.0001	0.9983	0.0000	0.9983	0.9990	0.0002	0.9988	0.0002	0.0002	0.0000	0.9988	0.0000	0.9988	0.1294	0.1116	0.0177	0.0355	0.0328	0.0027	0.0938	0.0788	0.0151	0.1824	0.1240	0.0583	0.1079	0.0863	0.0216	0.0745	0.0378	0.0367	1.4089	0.0000	3.2903	1.7603	0.0000	112.6634	0.7936	0.0000	2.4396	5.4780	0.0019	17.1206	0.0022	0.0027	0.0005	13.4040	0.0000	27.1865
26	28	0.2570	11	0	2	0	1	0	0	0	0	N	Y	N	N	N	N	N	N	N	N	N	N	0.0000	0.0000	0.0000	0.0000	0.0000	0.0000	0.0000	0.0000	0.0000	0.0000	0.0000	0.0000	0.0000	0.0000	0.0000	0.0000	0.0000	0.0000	0.0000	0.0000	3.9997	0.0000	5.4032	0.0000	0.0000	0.0000	0.0000	0.0000	0.0000	0.0000	0.0000	0.0000	0.0000	0.0000	0.0000	0.0000	0.0000	0.0000	0.0000	0.0000	0.0000	0.0000	0.0000	0.0000	0.0000	0.0000	0.0000	0.0000	0.0000	0.0000	0.0000	0.0000	0.0000	0.0000	0.0000	0.0000	0.0000	0.0000	0.0000	0.0000	0.0000	0.0000	0.0000	0.0000	0.0000	0.0000	0.0000	0.0000	0.0000	0.0000	0.0000	0.0000	0.0000	0.0000	0.0000	0.0000	0.0000	0.0000											
26	29	0.2244	6	1	2	0	0	0	0	0	0	N	Y	N	N	N	N	N	N	N	N	N	N	0.3769	0.3174	0.0006	6.0571	5.3396	0.0028	0.0000	0.0000	0.0006	0.0105	0.0124	0.0000	0.0586	0.0601	0.0000	0.0000	0.0000	0.0000	0.0278	0.0392	0.0023	0.0097	0.0113	0.0029	0.0439	0.0736	0.0021	0.0000	0.0264	-0.0006	-0.0042	3.9997	3.9885	5.4032	8.5018	0.0015	0.0015	0.0000	0.0015	0.0015	0.0000	0.0000	0.0000	0.0000	0.0096	0.0094	0.0002	0.0016	0.0015	0.0001	0.0080	0.0079	0.0002	0.1401	0.1180	0.0221	0.0251	0.0244	0.0006	0.1150	0.0936	0.0214	0.3452	0.2386	0.1066	0.1624	0.1316	0.0309	0.1827	0.1070	0.0758	0.3769	0.3174	0.0006	6.0571	5.3396	0.0028	0.0000	0.0000	0.0006	0.0278	0.0392	0.0023	0.0097	0.0113	0.0029	0.0439	0.0736	0.0021
26	30	0.2153	8	0	2	0	0	0	0	0	0	N	Y	N	N	N	N	N	N	N	N	N	N	0.0000	0.0000	0.0000	0.0000	0.0000	0.0000	0.0000	0.0000	0.0000	0.0000	0.0000	0.0000	0.0000	0.0000	0.0000	0.0000	0.0000	0.0000	0.0014	0.0017	0.0008	0.0027	0.0028	0.0018	0.0004	0.0000	0.0008	0.2350	0.0000	-0.0001	3.9997	0.9701	5.4032	4.0208	0.0000	0.0000	0.0000	0.0000	0.0000	0.0000	0.0000	0.0000	0.0000	0.0003	0.0002	0.0001	0.0002	0.0002	0.0000	0.0000	0.0000	0.0000	0.0853	0.0751	0.0102	0.0336	0.0330	0.0006	0.0517	0.0421	0.0096	0.2024	0.1363	0.0662	0.0904	0.0849	0.0055	0.1120	0.0513	0.0607	0.0000	0.0000	0.0000	0.0000	0.0000	0.0000	0.0000	0.0000	0.0000	0.0014	0.0017	0.0008	0.0027	0.0028	0.0018	0.0004	0.0000	0.0008	
26	31	0.1899	6	0	1	0	1	0	0	0	0	N	N	N	N	N	N	N	N	N	N	N	N	0.8571	0.7543	0.0000	0.0000	0.0000	0.0000	6.4152	78.4596	0.0000	0.0023	0.0027	0.0000	0.0000	0.0000	0.0000	0.0027	0.0032	0.0000	0.0027	0.0036	0.0010	0.0060	0.0069	0.0014	0.0004	0.0000	0.0008	0.0000	0.1353	-0.0001	-0.0003	3.9997	5.0045	5.4032	16.6627	0.0003	0.0003	0.0000	0.0000	0.0000	0.0000	0.0003	0.0003	0.0000	0.0009	0.0008	0.0001	0.0008	0.0008	0.0000	0.0001	0.0000	0.0001	0.1322	0.1125	0.0196	0.0159	0.0147	0.0012	0.1162	0.0978	0.0184	0.3384	0.2234	0.1150	0.1398	0.1173	0.0225	0.1986	0.1061	0.0926	0.8571	0.7543	0.0000	0.0000	0.0000	0.0000	6.4152	78.4596	0.0000	0.0027	0.0036	0.0010	0.0060	0.0069	0.0014	0.0004	0.0000	0.0008
26	32	0.7322	12	1	1	1	0	0	0	0	0	N	N	N	N	N	N	N	N	N	N	N	N	0.0000	0.0000	0.0000	0.0000	0.0000	0.0000	0.0000	0.0000	0.0000	0.0000	0.0000	0.0000	0.0000	0.0000	0.0000	0.0000	0.0000	0.0027	0.0038	0.0000	0.0044	0.0054	0.0000	0.0000	0.0000	0.0000	0.0019	0.0000	-0.0000	3.9997	1.4893	5.4032	0.0050	0.0000	0.0000	0.0000	0.0000	0.0000	0.0000	0.0000	0.0000	0.0000	0.0001	0.0001	0.0000	0.0001	0.0001	0.0000	0.0000	0.0000	0.0000	0.0363	0.0312	0.0051	0.0098	0.0091	0.0007	0.0266	0.0221	0.0044	0.0191	0.0133	0.0058	0.0115	0.0094	0.0020	0.0076	0.0039	0.0038	0.0000	0.0000	0.0000	0.0000	0.0000	0.0000	0.0000	0.0000	0.0000	0.0027	0.0038	0.0000	0.0044	0.0054	0.0000	0.0000	0.0000	0.0000		
26	33	0.1117	6	1	1	1	0	0	0	0	0	N	N	N	N	N	N	N	N	N	N	N	N	12313.3181	309896.9587	0.0000	962.5375	1198.1160	0.0000	10416.4006	77632403.4534	0.0000	34.0323	40.1087	0.0000	0.4234	0.4438	0.0000	36.5109	43.4281	0.0000	0.0028	0.0001	0.0071	0.0004	0.0004	0.0011	0.0035	0.0000	0.0076	0.0000	33.2079	-0.4331	0.0002	3.9997	0.9855	5.4032	5.0251	0.9818	0.9818	0.0000	0.0008	0.0008	0.0000	0.9810	0.9810	0.0000	0.0003	0.0000	0.0003	0.0000	0.0000	0.0000	0.0003	0.0000	0.0003	0.0288	0.0245	0.0044	0.0020	0.0019	0.0001	0.0269	0.0226	0.0043	0.1103	0.0689	0.0414	0.0267	0.0240	0.0027	0.0836	0.0449	0.0388	12313.3181	309896.9587	0.0000	962.5375	1198.1160	0.0000	10416.4006	77632403.4534	0.0000	0.0028	0.0001	0.0071	0.0004	0.0004	0.0011	0.0035	0.0000	0.0076
26	34	0.1883	8	0	2	0	0	0	0	0	0	N	Y	N	N	N	N	N	N	N	N	N	N	0.0000	0.0000	0.0000	0.0000	0.0000	0.0000	0.0000	0.0000	0.0000	0.0000	0.0000	0.0000	0.0000	0.0000	0.0000	0.0000	0.0000	0.0023	0.0036	0.0000	0.0066	0.0078	0.0000	0.0000	0.0000	0.0000	0.0007	0.0000	-0.0001	3.9997	2.0026	5.4032	4.0175	0.0000	0.0000	0.0000	0.0000	0.0000	0.0000	0.0000	0.0000	0.0000	0.0002	0.0002	0.0000	0.0002	0.0002	0.0000	0.0000	0.0000	0.0000	0.0698	0.0583	0.0115	0.0131	0.0126	0.0005	0.0567	0.0457	0.0110	0.1053	0.0659	0.0394	0.0364	0.0306	0.0058	0.0689	0.0353	0.0337	0.0000	0.0000	0.0000	0.0000	0.0000	0.0000	0.0000	0.0000	0.0000	0.0023	0.0036	0.0000	0.0066	0.0078	0.0000	0.0000	0.0000	0.0000		
26	35	0.1883	7	0	1	0	0	0	0	0	0	N	N	N	N	N	N	N	N	N	N	N	N	0.0012	0.0011	0.0000	0.0000	0.0000	0.0000	0.0031	0.0023	0.0000	0.0000	0.0000	0.0000	0.0000	0.0000	0.0000	0.0000	0.0000	0.0000	0.0002	0.0003	0.0001	0.0003	0.0003	0.0004	0.0001	0.0002	0.0000	0.0000	0.1873	-0.0000	-0.0000	3.9997	0.4148	5.4032	1.5497	0.0000	0.0000	0.0000	0.0000	0.0000	0.0000	0.0000	0.0000	0.0000	0.0000	0.0000	0.0000	0.0000	0.0000	0.0000	0.0000	0.0000	0.0000	0.0266	0.0217	0.0049	0.0087	0.0087	0.0001	0.0178	0.0130	0.0048	0.0475	0.0311	0.0164	0.0204	0.0175	0.0028	0.0272	0.0136	0.0136	0.0012	0.0011	0.0000	0.0000	0.0000	0.0000	0.0031	0.0023	0.0000	0.0002	0.0003	0.0001	0.0003	0.0003	0.0004	0.0001	0.0002	0.0000
26	36	0.1305	5	0	2	0	0	0	0	0	0	N	Y	N	N	N	N	N	N	N	N	N	N	0.0000	0.0000	0.0000	0.0000	0.0000	0.0000	0.0000	0.0000	0.0000	0.0000	0.0000	0.0000	0.0000	0.0000	0.0000	0.0000	0.0000	0.0000	0.0806	0.1292	0.0063	0.0070	0.0015	0.0437	0.1051	0.2009	0.0028	0.0317	0.0000	-0.0151	3.9997	7.9964	5.4032	23.6501	0.0000	0.0000	0.0000	0.0000	0.0000	0.0000	0.0000	0.0000	0.0000	0.0354	0.0343	0.0011	0.0008	0.0001	0.0006	0.0346	0.0342	0.0005	0.1968	0.1669	0.0299	0.0111	0.0102	0.0008	0.1858	0.1566	0.0291	0.4395	0.2656	0.1738	0.1101	0.0955	0.0145	0.3294	0.1701	0.1593	0.0000	0.0000	0.0000	0.0000	0.0000	0.0000	0.0000	0.0000	0.0000	0.0806	0.1292	0.0063	0.0070	0.0015	0.0437	0.1051	0.2009	0.0028	
26	37	0.0566	3	1	2	0	0	0	0	0	0	N	Y	N	N	N	N	N	N	N	N	N	N	0.0000	0.0000	0.0000	0.0000	0.0000	0.0000	0.0000	0.0000	0.0000	0.0000	0.0000	0.0000	0.0000	0.0000	0.0000	0.0000	0.0000	1.7765	2.2591	1.1059	10.0748	9.8493	0.0300	0.5768	0.0000	1.1256	0.3523	0.0000	-0.2091	3.9997	6.9981	5.4032	25.9787	0.0000	0.0000	0.0000	0.0000	0.0000	0.0000	0.0000	0.0000	0.0000	1.0571	0.7817	0.2754	0.7819	0.7817	0.0001	0.2753	0.0000	0.2753	0.1899	0.1603	0.0296	0.0018	0.0017	0.0001	0.1881	0.1586	0.0295	0.5951	0.3460	0.2490	0.1178	0.1133	0.0045	0.4773	0.2327	0.2446	0.0000	0.0000	0.0000	0.0000	0.0000	0.0000	0.0000	0.0000	0.0000	1.7765	2.2591	1.1059	6.6370	6.8981	0.0300	0.5768	0.0000	1.1256		
26	38	0.1883	7	0	2	0	0	0	0	0	0	N	Y	N	N	N	N	N	N	N	N	N	N	0.0000	0.0000	0.0000	0.0000	0.0000	0.0000	0.0000	0.0000	0.0000	0.0000	0.0000	0.0000	0.0000	0.0000	0.0000	0.0000	0.0000	0.0000	0.0002	0.0003	0.0001	0.0002	0.0000	0.0009	0.0003	0.0005	0.0000	0.2591	0.0000	-0.0000	3.9997	4.7553	5.4032	10.1994	0.0000	0.0000	0.0000	0.0000	0.0000	0.0000	0.0000	0.0000	0.0000	0.0001	0.0000	0.0000	0.0000	0.0000	0.0000	0.0000	0.0000	0.0000	0.1431	0.1205	0.0226	0.0204	0.0193	0.0011	0.1227	0.1012	0.0215	0.2261	0.1387	0.0874	0.0696	0.0578	0.0118	0.1565	0.0809	0.0756	0.0000	0.0000	0.0000	0.0000	0.0000	0.0000	0.0000	0.0000	0.0000	0.0002	0.0003	0.0001	0.0002	0.0000	0.0009	0.0003	0.0005	0.0000	
26	39	0.1305	5	1	2	0	0	0	0	0	0	N	Y	N	N	N	N	N	N	N	N	N	N	0.0000	0.0000	0.0000	0.0000	0.0000	0.0000	0.0000	0.0000	0.0000	0.0000	0.0000	0.0000	0.0000	0.0000	0.0000	0.0000	0.0000	0.0000	0.0236	0.0375	0.0024	0.0906	0.1042	0.0017	0.0012	0.0001	0.0025	0.0418	0.0000	-0.0044	3.9997	5.0000	5.4032	27.3229	0.0000	0.0000	0.0000	0.0000	0.0000	0.0000	0.0000	0.0000	0.0000	0.0106	0.0101	0.0004	0.0101	0.0101	0.0000	0.0004	0.0000	0.0004	0.1249	0.1058	0.0191	0.0071	0.0065	0.0005	0.1178	0.0992	0.0186	0.4471	0.2703	0.1769	0.1118	0.0970	0.0148	0.3353	0.1732	0.1621	0.0000	0.0000	0.0000	0.0000	0.0000	0.0000	0.0000	0.0000	0.0000	0.0236	0.0375	0.0024	0.0906	0.1042	0.0017	0.0012	0.0001	0.0025	
26	40	0.0566	3	0	2	0	0	0	0	0	0	N	Y	N	N	N	N	N	N	N	N	N	N	2.1250	0.0000	10.5834	0.0000	0.0000	0.0000	3.1511	10.4386	5.2557	0.0000	33.7146	0.0000	0.0000	0.0000	5.3067	0.0000	33.8462	2.4732	1.9596	3.1856	6.9153	5.7776	0.0075	1.6841	0.0000	3.2424	inf	1.1720	0.5581	0.1086	3.9997	7.0019	5.4032	21.4344	0.9987	0.0000	0.9987	0.0000	0.0000	0.0000	0.9987	0.0000	0.9987	1.3364	0.6153	0.7211	0.6153	0.6153	0.0000	0.7211	0.0000	0.7211	0.1900	0.1604	0.0296	0.0018	0.0017	0.0001	0.1882	0.1587	0.0295	0.5404	0.3140	0.2264	0.1122	0.1082	0.0040	0.4282	0.2058	0.2224	2.1250	0.0000	10.5834	0.0000	0.0000	0.0000	3.1511	0.0000	10.4386	2.4732	1.9596	3.1856	5.4856	5.6869	0.0075	1.6841	0.0000	3.2424	
26	41	0.6348	10	0	2	0	0	0	0	0	0	N	Y	N	N	N	N	N	N	N	N	N	N	0.0000	0.0000	0.0000	0.0000	0.0000	0.0000	0.0000	0.0000	0.0000	0.0000	0.0000	0.0000	0.0000	0.0000	0.0000	0.0000	0.0000	0.0001	0.0001	0.0000	0.0001	0.0001	0.0000	0.0000	0.0000	0.0000	0.0147	0.0000	-0.0000	3.9997	8.1446	5.4032	10.2519	0.0000	0.0000	0.0000	0.0000	0.0000	0.0000	0.0000	0.0000	0.0000	0.0000	0.0000	0.0000	0.0000	0.0000	0.0000	0.0000	0.0000	0.0000	0.2568	0.2263	0.0305	0.0939	0.0886	0.0053	0.1629	0.1377	0.0252	0.2447	0.1718	0.0729	0.1502	0.1228	0.0275	0.0945	0.0490	0.0455	0.0000	0.0000	0.0000	0.0000	0.0000	0.0000	0.0000	0.0000	0.0000	0.0001	0.0001	0.0000	0.0001	0.0001	0.0000	0.0000	0.0000	0.0000		
26	42	0.0566	3	0	2	0	0	0	0	0	0	N	Y	N	N	N	N	N	N	N	N	N	N	0.0000	0.0000	0.0000	0.0000	0.0000	0.0000	0.0000	0.0000	0.0000	0.0000	0.0000	0.0000	0.0000	0.0000	0.0000	0.0000	0.0000	2.4084	0.0002	5.7385	0.0016	0.0005	0.0411	3.1861	0.0000	5.8296	18913.4744	0.0000	0.5222	3.9997	5.9981	5.4032	11.5875	0.0000	0.0000	0.0000	0.0000	0.0000	0.0000	0.0000	0.0000	0.0000	0.9642	0.0001	0.9642	0.0002	0.0001	0.0001	0.9640	0.0000	0.9640	0.1636	0.1380	0.0255	0.0016	0.0015	0.0001	0.1620	0.1366	0.0254	0.4003	0.2323	0.1680	0.0978	0.0951	0.0026	0.3026	0.1372	0.1654	0.0000	0.0000	0.0000	0.0000	0.0000	0.0000	0.0000	0.0000	0.0000	2.4084	0.0002	5.7385	0.0016	0.0005	0.0411	3.1861	0.0000	5.8296		
26	43	0.2882	7	0	2	1	1	0	0	0	0	N	Y	N	N	N	N	N	N	N	N	N	N	0.0000	0.0000	0.0000	0.0000	0.0000	0.0000	0.0000	0.0000	0.0000	0.0000	0.0000	0.0000	0.0000	0.0000	0.0000	0.0000	0.0000	0.0000	0.0000	0.0000	0.0000	0.0001	0.0001	0.0000	0.0000	0.0000	0.0000	0.1876	0.0000	-0.0000	3.9997	1.0007	5.4032	2.4334	0.0000	0.0000	0.0000	0.0000	0.0000	0.0000	0.0000	0.0000	0.0000	0.0000	0.0000	0.0000	0.0000	0.0000	0.0000	0.0000	0.0000	0.0000	0.0265	0.0226	0.0038	0.0047	0.0044	0.0003	0.0217	0.0182	0.0035	0.0826	0.0597	0.0229	0.0430	0.0386	0.0044	0.0395	0.0211	0.0185	0.0000	0.0000	0.0000	0.0000	0.0000	0.0000	0.0000	0.0000	0.0000	0.0000	0.0000	0.0000	0.0001	0.0001	0.0000	0.0000	0.0000	0.0000	
26	44	0.2509	6	0	1	0	1	0	0	0	0	N	N	N	N	N	N	N	N	N	N	N	N	42.5443	0.2274	182.0060	8.9448	0.7090	76.4487	73.2316	0.0000	226.8547	0.1030	0.0004	0.7142	0.0273	0.0018	0.4243	0.1220	0.0000	0.7407	0.0024	0.0017	0.0039	0.0030	0.0026	0.0056	0.0017	0.0001	0.0033	301.6074	1.0053	0.0017	0.0000	3.9997	1.0391	5.4032	15.0482	0.0030	0.0000	0.0030	0.0002	0.0000	0.0001	0.0029	0.0000	0.0029	0.0009	0.0005	0.0005	0.0006	0.0004	0.0002	0.0003	0.0000	0.0003	0.0294	0.0251	0.0042	0.0059	0.0055	0.0004	0.0235	0.0196	0.0039	0.3728	0.2575	0.1154	0.2042	0.1709	0.0333	0.1686	0.0865	0.0821	42.5443	0.2274	182.0060	8.9448	0.7090	76.4487	73.2316	0.0000	226.8547	0.0024	0.0017	0.0039	0.0030	0.0026	0.0056	0.0017	0.0001	0.0033
26	45	0.1305	5	0	2	0	0	0	0	0	0	N	Y	N	N	N	N	N	N	N	N	N	N	0.0007	0.0005	0.0000	0.0000	0.0000	0.0000	0.0115	inf	0.0000	0.0011	0.0012	0.0000	0.0000	0.0000	0.0000	0.0011	0.0013	0.0000	1.6149	2.5497	0.1874	9.1475	10.4898	0.0451	0.0968	0.0000	0.2004	0.0000	0.0481	-0.0001	-0.3135	3.9997	12.0036	5.4032	21.9053	0.0003	0.0003	0.0000	0.0000	0.0000	0.0000	0.0003	0.0003	0.0000	0.7601	0.7252	0.0349	0.7259	0.7252	0.0007	0.0342	0.0000	0.0342	0.2941	0.2497	0.0444	0.0165	0.0153	0.0012	0.2777	0.2344	0.0432	0.4707	0.2844	0.1863	0.1172	0.1016	0.0155	0.3535	0.1828	0.1707	0.0007	0.0005	0.0000	0.0000	0.0000	0.0000	0.0115	inf	0.0000	1.6149	2.5497	0.1874	6.1941	7.1344	0.0451	0.0968	0.0000	0.2004
26	46	0.6118	13	1	2	0	0	0	0	0	0	N	Y	N	N	N	N	N	N	N	N	N	N	5.4713	4.3023	0.0000	12.7913	11.0869	0.0000	0.0000	0.0000	0.0058	0.0067	0.0000	0.0196	0.0212	0.0000	0.0000	0.0000	0.0000	0.0011	0.0016	0.0000	0.0015	0.0019	0.0000	0.0004	0.0008	0.0000	0.0000	0.0003	-0.0001	-0.0000	3.9997	2.0120	5.4032	1.9924	0.0003	0.0003	0.0000	0.0003	0.0003	0.0000	0.0000	0.0000	0.0000	0.0000	0.0000	0.0000	0.0000	0.0000	0.0000	0.0000	0.0000	0.0000	0.0530	0.0460	0.0070	0.0158	0.0146	0.0012	0.0372	0.0314	0.0058	0.0439	0.0299	0.0140	0.0256	0.0205	0.0051	0.0183	0.0094	0.0089	5.4713	4.3023	0.0000	12.7913	11.0869	0.0000	0.0000	0.0000	0.0000	0.0011	0.0016	0.0000	0.0015	0.0019	0.0000	0.0004	0.0008	0.0000	
26	47	0.2350	11	1	2	0	0	0	0	0	0	N	Y	N	N	N	N	N	N	N	N	N	N	0.0987	3518.4932	0.0000	0.0000	0.0000	0.0000	0.1186	52835.3726	0.0000	0.0028	0.0031	0.0000	0.0000	0.0000	0.0000	0.0044	0.0053	0.0000	0.0282	0.0000	0.0690	0.0013	0.0000	0.0093	0.0374	0.0000	0.0749	0.0000	53442.6763	-0.0000	0.0009	3.9997	0.0002	5.4032	4.0036	0.0000	0.0000	0.0000	0.0000	0.0000	0.0000	0.0000	0.0000	0.0000	0.0017	0.0000	0.0017	0.0000	0.0000	0.0000	0.0016	0.0000	0.0016	0.0000	0.0000	0.0000	0.0000	0.0000	0.0000	0.0000	0.0000	0.0000	0.0592	0.0350	0.0242	0.0151	0.0130	0.0021	0.0441	0.0220	0.0220	0.0987	3518.4932	0.0000	0.0000	0.0000	0.0000	0.1186	52835.3726	0.0000	0.0282	0.0000	0.0690	0.0013	0.0000	0.0093	0.0374	0.0000	0.0749
26	48	0.1305	5	0	2	0	1	0	0	0	0	N	Y	N	N	N	N	N	N	N	N	N	N	0.0000	0.0000	0.0000	0.0000	0.0000	0.0000	0.0000	0.0000	0.0000	0.0000	0.0000	0.0000	0.0000	0.0000	0.0000	0.0000	0.0000	0.0000	0.0152	0.0250	0.0001	0.0627	0.0724	0.0004	0.0000	0.0000	0.0000	0.0019	0.0000	-0.0049	3.9997	6.0036	5.4032	51.7820	0.0000	0.0000	0.0000	0.0000	0.0000	0.0000	0.0000	0.0000	0.0000	0.0107	0.0107	0.0000	0.0107	0.0107	0.0000	0.0000	0.0000	0.0000	0.1492	0.1264	0.0228	0.0084	0.0078	0.0006	0.1408	0.1186	0.0222	0.7070	0.4273	0.2797	0.1706	0.1477	0.0230	0.5363	0.2796	0.2567	0.0000	0.0000	0.0000	0.0000	0.0000	0.0000	0.0000	0.0000	0.0000	0.0152	0.0250	0.0001	0.0627	0.0724	0.0004	0.0000	0.0000	0.0000	
26	49	0.1305	5	1	2	0	0	0	0	0	0	N	Y	N	N	N	N	N	N	N	N	N	N	0.0741	0.0613	0.0000	0.0000	0.0000	0.0000	0.1828	0.1943	0.0000	0.0021	0.0025	0.0000	0.0000	0.0000	0.0000	0.0022	0.0026	0.0000	0.0281	0.0400	0.0098	0.0771	0.0886	0.0020	0.0121	0.0135	0.0106	0.0000	0.1611	-0.0001	-0.0048	3.9997	5.9964	5.4032	34.6547	0.0003	0.0003	0.0000	0.0000	0.0000	0.0000	0.0003	0.0003	0.0000	0.0151	0.0130	0.0021	0.0102	0.0102	0.0000	0.0049	0.0028	0.0021	0.1490	0.1263	0.0227	0.0084	0.0078	0.0006	0.1406	0.1185	0.0221	0.5381	0.3251	0.2130	0.1326	0.1148	0.0177	0.4056	0.2102	0.1953	0.0741	0.0613	0.0000	0.0000	0.0000	0.0000	0.1828	0.1943	0.0000	0.0281	0.0400	0.0098	0.0771	0.0886	0.0020	0.0121	0.0135	0.0106
26	50	0.2200	6	0	1	1	0	0	0	0	0	N	N	N	N	N	N	N	N	N	N	N	N	1.7767	0.2206	3955.5130	0.7685	0.6918	0.0000	23.4705	0.0064	3627.4530	1.5002	0.2770	9.2030	1.4402	1.5412	0.0000	1.5121	0.0007	9.9947	0.8443	1.2555	0.0023	1.8741	2.2278	0.0007	0.0644	0.1162	0.0028	5.2757	0.0009	0.4749	-0.3673	3.9997	31.2093	5.4032	46.3939	1.1886	0.1894	0.9992	0.1890	0.1890	0.0000	0.9996	0.0004	0.9992	0.8028	0.8021	0.0007	0.7679	0.7679	0.0000	0.0349	0.0342	0.0007	0.7923	0.6837	0.1086	0.1312	0.1226	0.0086	0.6611	0.5611	0.1000	0.9508	0.6389	0.3119	0.4098	0.3447	0.0651	0.5410	0.2942	0.2468	1.7767	0.2206	3955.5130	0.7685	0.6918	0.0000	23.4705	0.0064	3627.4530	0.8443	1.2555	0.0023	1.8741	2.2278	0.0007	0.0644	0.1162	0.0028
26	51	0.1673	6	0	2	0	0	0	0	0	0	N	Y	N	N	N	N	N	N	N	N	N	N	130.8044	103.7755	0.0344	6.4311	5.9078	0.0087	657.4373	436.6119	0.0407	4.5855	5.3400	0.0000	0.4587	0.4852	0.0000	5.4148	6.4364	0.0000	0.0351	0.0515	0.0008	0.0713	0.0821	0.0013	0.0082	0.0147	0.0007	0.0000	0.0079	-0.2466	-0.0064	3.9997	4.1516	5.4032	14.5664	0.5591	0.5591	0.0000	0.0094	0.0094	0.0000	0.5498	0.5498	0.0000	0.0143	0.0142	0.0001	0.0124	0.0123	0.0000	0.0019	0.0018	0.0001	0.1219	0.1047	0.0172	0.0204	0.0193	0.0011	0.1015	0.0854	0.0161	0.4077	0.2755	0.1321	0.1733	0.1501	0.0232	0.2344	0.1254	0.1090	130.8044	103.7755	0.0344	6.4311	5.9078	0.0087	657.4373	436.6119	0.0407	0.0351	0.0515	0.0008	0.0713	0.0821	0.0013	0.0082	0.0147	0.0007
26	52	0.0999	4	1	1	1	0	0	0	0	0	N	N	N	N	N	N	N	N	N	N	N	N	0.0000	0.0000	0.0000	0.0000	0.0000	0.0000	0.0000	0.0000	0.0000	0.0000	0.0000	0.0000	0.0000	0.0000	0.0000	0.0000	0.0000	0.0000	0.0060	0.0002	0.0163	0.0005	0.0005	0.0003	0.0076	0.0000	0.0170	51.2072	0.0000	0.0001	3.9997	0.0028	5.4032	0.9232	0.0000	0.0000	0.0000	0.0000	0.0000	0.0000	0.0000	0.0000	0.0000	0.0001	0.0000	0.0001	0.0000	0.0000	0.0000	0.0001	0.0000	0.0001	0.0003	0.0002	0.0000	0.0001	0.0001	0.0000	0.0002	0.0001	0.0000	0.0190	0.0122	0.0068	0.0044	0.0041	0.0003	0.0146	0.0080	0.0065	0.0000	0.0000	0.0000	0.0000	0.0000	0.0000	0.0000	0.0000	0.0000	0.0060	0.0002	0.0163	0.0005	0.0005	0.0003	0.0076	0.0000	0.0170	
26	53	0.6271	12	0	2	0	0	0	0	0	0	N	Y	N	N	N	N	N	N	N	N	N	N	75.7569	60.1735	110.9066	0.4364	0.3716	4.7829	3889.4234	14148.6955	87.8385	3.5906	4.0812	0.1642	0.0318	0.0335	0.0024	5.1001	6.0063	0.1877	0.0474	0.0678	0.0015	0.0729	0.0901	0.0005	0.0013	0.0004	0.0021	0.0058	0.0097	-0.4118	-0.0104	3.9997	8.5400	5.4032	19.3759	0.9459	0.9405	0.0054	0.0025	0.0025	0.0000	0.9434	0.9380	0.0054	0.0231	0.0229	0.0002	0.0229	0.0229	0.0000	0.0002	0.0000	0.0002	0.2634	0.2304	0.0330	0.0785	0.0743	0.0042	0.1850	0.1562	0.0288	0.4877	0.3375	0.1502	0.3139	0.2537	0.0602	0.1738	0.0838	0.0900	75.7569	60.1735	110.9066	0.4364	0.3716	4.7829	3889.4234	14148.6955	87.8385	0.0474	0.0678	0.0015	0.0729	0.0901	0.0005	0.0013	0.0004	0.0021
26	54	0.5641	11	0	1	0	0	0	0	0	0	N	N	N	N	N	N	N	N	N	N	N	N	148.2639	6.8094	15563.1614	0.0966	0.0847	0.0100	176.5460	6.1328	26988.2282	4.3811	0.2843	34.0777	0.0025	0.0026	0.0000	6.2034	0.4160	38.5003	0.0295	0.0418	0.0022	0.0258	0.0309	0.0035	0.0351	0.0678	0.0014	16.5350	0.0234	0.5289	-0.0070	3.9997	7.3474	5.4032	24.2346	1.0540	0.0601	0.9938	0.0002	0.0002	0.0000	1.0538	0.0599	0.9938	0.0161	0.0157	0.0004	0.0084	0.0082	0.0002	0.0077	0.0075	0.0002	0.2406	0.2114	0.0292	0.0707	0.0673	0.0034	0.1699	0.1441	0.0258	0.5453	0.3771	0.1682	0.3272	0.2664	0.0608	0.2182	0.1108	0.1074	148.2639	6.8094	15563.1614	0.0966	0.0847	0.0100	176.5460	6.1328	26988.2282	0.0295	0.0418	0.0022	0.0258	0.0309	0.0035	0.0351	0.0678	0.0014
26	55	0.5343	10	0	1	0	0	0	0	0	0	N	N	N	N	N	N	N	N	N	N	N	N	0.3483	0.0535	41.6788	0.0560	0.0493	0.0000	0.8156	0.0680	106.0463	0.0109	0.0023	0.0755	0.0023	0.0023	0.0000	0.0149	0.0023	0.0843	0.0314	0.0436	0.0018	0.0403	0.0476	0.0038	0.0183	0.0342	0.0008	4.3111	0.0171	0.0005	-0.0060	3.9997	3.4216	5.4032	15.9376	0.0014	0.0003	0.0011	0.0001	0.0001	0.0000	0.0013	0.0002	0.0011	0.0135	0.0133	0.0002	0.0103	0.0101	0.0002	0.0032	0.0031	0.0001	0.1262	0.1114	0.0148	0.0398	0.0383	0.0015	0.0864	0.0731	0.0133	0.4298	0.3045	0.1253	0.2555	0.2130	0.0425	0.1743	0.0915	0.0828	0.3483	0.0535	41.6788	0.0560	0.0493	0.0000	0.8156	0.0680	106.0463	0.0314	0.0436	0.0018	0.0403	0.0476	0.0038	0.0183	0.0342	0.0008
26	56	0.2509	6	0	2	0	0	0	0	0	0	N	Y	N	N	N	N	N	N	N	N	N	N	9.6366	0.0435	50.9193	2.1841	0.1273	126.9367	13.8623	0.0000	41.1933	0.1078	0.0004	0.7478	0.0283	0.0019	0.4445	0.1278	0.0000	0.7755	0.0112	0.0096	0.0147	0.0130	0.0148	0.0035	0.0092	0.0002	0.0188	301.6105	0.7104	0.0017	-0.0002	3.9997	0.9891	5.4032	20.6926	0.0030	0.0000	0.0030	0.0002	0.0000	0.0001	0.0029	0.0000	0.0029	0.0048	0.0028	0.0020	0.0029	0.0028	0.0001	0.0019	0.0000	0.0019	0.0281	0.0240	0.0040	0.0056	0.0053	0.0003	0.0224	0.0187	0.0037	0.4304	0.2942	0.1362	0.2257	0.1889	0.0368	0.2047	0.1053	0.0994	9.6366	0.0435	50.9193	2.1841	0.1273	126.9367	13.8623	0.0000	41.1933	0.0112	0.0096	0.0147	0.0130	0.0148	0.0035	0.0092	0.0002	0.0188
26	57	0.1305	5	0	1	0	0	0	0	0	0	N	N	N	N	N	N	N	N	N	N	N	N	441.0413	0.0510	103469.5147	0.0000	0.0000	0.0000	25806.5726	6.6186	128103.3352	7.9247	0.0015	51.8448	0.0000	0.0000	0.0000	8.3988	0.0016	53.2655	0.0180	0.0294	0.0005	0.0723	0.0833	0.0014	0.0003	0.0002	0.0004	6230.5400	0.0112	0.5564	-0.0046	3.9997	5.0326	5.4032	39.3193	0.9958	0.0002	0.9956	0.0000	0.0000	0.0000	0.9958	0.0002	0.9956	0.0104	0.0102	0.0001	0.0102	0.0102	0.0000	0.0001	0.0001	0.0001	0.1257	0.1065	0.0192	0.0071	0.0066	0.0005	0.1186	0.0999	0.0187	0.5766	0.3483	0.2283	0.1413	0.1224	0.0189	0.4353	0.2260	0.2093	441.0413	0.0510	103469.5147	0.0000	0.0000	0.0000	25806.5726	6.6186	128103.3352	0.0180	0.0294	0.0005	0.0723	0.0833	0.0014	0.0003	0.0002	0.0004
26	58	0.1305	5	0	2	0	1	0	0	0	0	N	Y	N	N	N	N	N	N	N	N	N	N	0.0000	0.0000	0.0000	0.0000	0.0000	0.0000	0.0000	0.0000	0.0000	0.0000	0.0000	0.0000	0.0000	0.0000	0.0000	0.0000	0.0000	0.0000	1.8393	3.0396	0.0078	0.0749	0.0862	0.0017	2.4148	4.6488	0.0083	0.0017	0.0000	-0.4615	3.9997	5.0036	5.4032	36.7244	0.0000	0.0000	0.0000	0.0000	0.0000	0.0000	0.0000	0.0000	0.0000	1.0106	1.0089	0.0017	0.0101	0.0101	0.0000	1.0004	0.9988	0.0017	0.1250	0.1059	0.0191	0.0071	0.0065	0.0005	0.1179	0.0993	0.0186	0.5494	0.3319	0.2175	0.1351	0.1171	0.0181	0.4143	0.2148	0.1994	0.0000	0.0000	0.0000	0.0000	0.0000	0.0000	0.0000	0.0000	0.0000	1.8393	3.0396	0.0078	0.0749	0.0862	0.0017	2.4148	4.6488	0.0083	
26	59	0.5146	10	0	2	0	1	0	0	0	0	N	Y	N	N	N	N	N	N	N	N	N	N	4.9984	5.2458	0.0000	9.0826	9.7236	0.0000	0.0000	0.0000	0.0000	0.0363	0.0413	0.0000	0.1041	0.1097	0.0000	0.0000	0.0000	0.0000	0.0073	0.0079	0.0057	0.0115	0.0113	0.0124	0.0009	0.0001	0.0019	0.0000	0.2877	-0.0057	-0.0012	3.9997	10.4254	5.4032	21.2017	0.0130	0.0130	0.0000	0.0130	0.0130	0.0000	0.0000	0.0000	0.0000	0.0049	0.0038	0.0011	0.0047	0.0038	0.0009	0.0002	0.0000	0.0002	0.3574	0.3141	0.0432	0.1247	0.1184	0.0063	0.2327	0.1957	0.0369	0.6748	0.4834	0.1913	0.4073	0.3369	0.0704	0.2675	0.1465	0.1210	4.9984	5.2458	0.0000	9.0826	9.7236	0.0000	0.0000	0.0000	0.0000	0.0073	0.0079	0.0057	0.0115	0.0113	0.0124	0.0009	0.0001	0.0019
26	60	0.0999	4	1	1	1	0	0	0	0	0	N	N	N	N	N	N	N	N	N	N	N	N	0.0000	0.0000	0.0000	0.0000	0.0000	0.0000	0.0000	0.0000	0.0000	0.0000	0.0000	0.0000	0.0000	0.0000	0.0000	0.0000	0.0000	0.0000	0.0013	0.0000	0.0033	0.0002	0.0002	0.0001	0.0016	0.0000	0.0035	51.2071	0.0000	0.0001	3.9997	1.9981	5.4032	3.0867	0.0000	0.0000	0.0000	0.0000	0.0000	0.0000	0.0000	0.0000	0.0000	0.0001	0.0000	0.0001	0.0000	0.0000	0.0000	0.0001	0.0000	0.0001	0.0552	0.0468	0.0084	0.0020	0.0018	0.0001	0.0532	0.0450	0.0083	0.0845	0.0509	0.0336	0.0147	0.0133	0.0014	0.0698	0.0376	0.0322	0.0000	0.0000	0.0000	0.0000	0.0000	0.0000	0.0000	0.0000	0.0000	0.0013	0.0000	0.0033	0.0002	0.0002	0.0001	0.0016	0.0000	0.0035	
26	61	0.0566	3	1	1	1	0	0	0	0	0	N	N	N	N	N	N	N	N	N	N	N	N	0.0000	0.0000	0.0000	0.0000	0.0000	0.0000	0.0000	0.0000	0.0000	0.0000	0.0000	0.0000	0.0000	0.0000	0.0000	0.0000	0.0000	0.0000	0.6137	0.0364	1.4120	0.0879	0.0898	0.0200	0.7815	0.0000	1.4345	28.0503	0.0000	0.1267	3.9997	4.0039	5.4032	14.0733	0.0000	0.0000	0.0000	0.0000	0.0000	0.0000	0.0000	0.0000	0.0000	0.2498	0.0086	0.2412	0.0087	0.0086	0.0001	0.2411	0.0000	0.2411	0.1103	0.0930	0.0173	0.0011	0.0010	0.0001	0.1092	0.0920	0.0172	0.4070	0.2362	0.1708	0.0985	0.0957	0.0027	0.3085	0.1404	0.1681	0.0000	0.0000	0.0000	0.0000	0.0000	0.0000	0.0000	0.0000	0.0000	0.6137	0.0364	1.4120	0.0879	0.0898	0.0200	0.7815	0.0000	1.4345	
26	62	0.0759	4	1	1	1	0	0	0	0	0	N	N	N	N	N	N	N	N	N	N	N	N	72.4018	0.0000	71200.0108	0.1966	0.0000	6246832.7318	33659.2134	0.0000	69696.2533	7.5086	0.0000	49.3373	0.1024	0.0000	29.0601	12.3453	0.0000	49.5244	0.1037	0.1795	0.0007	0.5208	0.5501	0.0000	0.0004	0.0000	0.0007	inf	0.0028	0.0031	-0.0141	3.9997	0.0060	5.4032	17.2393	0.0056	0.0000	0.0056	0.0000	0.0000	0.0000	0.0055	0.0000	0.0055	0.0309	0.0308	0.0001	0.0308	0.0308	0.0000	0.0001	0.0000	0.0001	0.0007	0.0006	0.0001	0.0003	0.0003	0.0000	0.0004	0.0003	0.0001	0.2983	0.1718	0.1265	0.0592	0.0561	0.0032	0.2391	0.1158	0.1233	72.4018	0.0000	71200.0108	0.1966	0.0000	6246832.7318	33659.2134	0.0000	69696.2533	0.1037	0.1795	0.0007	0.5208	0.5501	0.0000	0.0004	0.0000	0.0007
26	63	0.1673	6	0	1	1	0	0	0	0	0	N	N	N	N	N	N	N	N	N	N	N	N	0.0035	0.3211	0.0000	0.7045	0.6417	0.0000	0.0000	0.0000	0.0000	0.0103	0.0118	0.0000	0.0392	0.0406	0.0000	0.0000	0.0000	0.0000	2.9152	0.0368	15.0727	0.0557	0.0632	0.0058	5.3544	0.0006	17.6719	0.0000	113.5324	-0.0002	0.5336	3.9997	1.0230	5.4032	12.1924	0.0004	0.0004	0.0000	0.0004	0.0004	0.0000	0.0000	0.0000	0.0000	1.0014	0.0087	0.9926	0.0088	0.0087	0.0001	0.9926	0.0001	0.9925	0.0417	0.0364	0.0053	0.0109	0.0106	0.0004	0.0307	0.0258	0.0050	0.3435	0.2378	0.1057	0.1581	0.1375	0.0207	0.1854	0.1003	0.0851	0.0035	0.3211	0.0000	0.7045	0.6417	0.0000	0.0000	0.0000	0.0000	2.9152	0.0368	9.3881	0.0557	0.0632	0.0058	5.3544	0.0006	11.6674
26	64	0.1305	5	0	1	0	0	0	0	0	0	N	N	N	N	N	N	N	N	N	N	N	N	139.0725	217.8847	5.4064	0.0015	0.0015	0.0000	205.8719	8591.8317	5.3616	7.2389	8.4812	0.3916	0.0001	0.0002	0.0000	7.6796	9.0513	0.4023	0.0521	0.0389	0.0724	0.0924	0.0992	0.0441	0.0373	0.0011	0.0750	0.0084	1.1983	-0.1948	0.0011	3.9997	2.4556	5.4032	12.4191	0.4502	0.4464	0.0037	0.0000	0.0000	0.0000	0.4502	0.4464	0.0037	0.0122	0.0056	0.0067	0.0058	0.0055	0.0003	0.0064	0.0001	0.0063	0.0622	0.0526	0.0095	0.0036	0.0033	0.0003	0.0586	0.0493	0.0093	0.2351	0.1430	0.0921	0.0629	0.0552	0.0077	0.1721	0.0878	0.0844	139.0725	217.8847	5.4064	0.0015	0.0015	0.0000	205.8719	8591.8317	5.3616	0.0521	0.0389	0.0724	0.0924	0.0992	0.0441	0.0373	0.0011	0.0750
26	65	0.2529	7	0	2	0	0	0	0	0	0	N	Y	N	N	N	N	N	N	N	N	N	N	41.7933	0.0000	108.8299	1.1269	0.0000	2.1783	223.5685	0.0000	643.8022	0.0599	0.0000	0.4373	0.0030	0.0000	0.0345	0.0851	0.0000	0.5328	0.0014	0.0003	0.0040	0.0026	0.0005	0.0159	0.0004	0.0000	0.0008	inf	6.2620	0.0018	0.0001	3.9997	1.7555	5.4032	11.9300	0.0033	0.0000	0.0033	0.0000	0.0000	0.0000	0.0032	0.0000	0.0032	0.0003	0.0000	0.0003	0.0003	0.0000	0.0002	0.0000	0.0000	0.0000	0.0550	0.0475	0.0075	0.0169	0.0155	0.0014	0.0381	0.0320	0.0061	0.2114	0.1464	0.0650	0.0993	0.0855	0.0138	0.1121	0.0609	0.0512	41.7933	0.0000	108.8299	1.1269	0.0000	2.1783	223.5685	0.0000	643.8022	0.0014	0.0003	0.0040	0.0026	0.0005	0.0159	0.0004	0.0000	0.0008
26	66	0.1281	7	1	2	1	0	0	0	0	0	N	Y	N	N	N	N	N	N	N	N	N	N	0.0000	0.0000	0.0000	0.0000	0.0000	0.0000	0.0000	0.0000	0.0000	0.0000	0.0000	0.0000	0.0000	0.0000	0.0000	0.0000	0.0000	0.0000	0.0000	0.0000	3.9997	0.0000	5.4032	0.0000	0.0000	0.0000	0.0000	0.0000	0.0000	0.0000	0.0000	0.0000	0.0000	0.0000	0.0000	0.0000	0.0000	0.0000	0.0000	0.0000	0.0000	0.0000	0.0000	0.0000	0.0000	0.0000	0.0000	0.0000	0.0000	0.0000	0.0000	0.0000	0.0000	0.0000	0.0000	0.0000	0.0000	0.0000	0.0000	0.0000	0.0000	0.0000	0.0000	0.0000	0.0000	0.0000	0.0000	0.0000	0.0000	0.0000	0.0000	0.0000	0.0000	0.0000	0.0000	0.0000	0.0000	0.0000											
26	67	0.7364	12	1	2	1	0	0	0	0	0	N	Y	N	N	N	N	N	N	N	N	N	N	0.0000	0.0000	0.0000	0.0000	0.0000	0.0000	0.0000	0.0000	0.0000	0.0000	0.0000	0.0000	0.0000	0.0000	0.0000	0.0000	0.0000	0.0000	0.0000	0.0000	3.9997	1.0000	5.4032	3.0000	0.0000	0.0000	0.0000	0.0000	0.0000	0.0000	0.0000	0.0000	0.0000	0.0000	0.0000	0.0000	0.0000	0.0000	0.0000	0.0000	0.0000	0.0000	0.0223	0.0193	0.0030	0.0055	0.0050	0.0004	0.0169	0.0143	0.0026	0.0499	0.0349	0.0150	0.0298	0.0246	0.0052	0.0201	0.0103	0.0098	0.0000	0.0000	0.0000	0.0000	0.0000	0.0000	0.0000	0.0000	0.0000	0.0000	0.0000	0.0000	0.0000	0.0000	0.0000	0.0000	0.0000	0.0000											
26	68	0.1281	7	1	2	1	0	0	0	0	0	N	Y	N	N	N	N	N	N	N	N	N	N	0.0000	0.0000	0.0000	0.0000	0.0000	0.0000	0.0000	0.0000	0.0000	0.0000	0.0000	0.0000	0.0000	0.0000	0.0000	0.0000	0.0000	0.0000	0.0000	0.0000	3.9997	1.0000	5.4032	0.0000	0.0000	0.0000	0.0000	0.0000	0.0000	0.0000	0.0000	0.0000	0.0000	0.0000	0.0000	0.0000	0.0000	0.0000	0.0000	0.0000	0.0000	0.0000	0.0274	0.0231	0.0043	0.0011	0.0011	0.0001	0.0263	0.0221	0.0042	0.0155	0.0090	0.0065	0.0037	0.0031	0.0006	0.0118	0.0059	0.0059	0.0000	0.0000	0.0000	0.0000	0.0000	0.0000	0.0000	0.0000	0.0000	0.0000	0.0000	0.0000	0.0000	0.0000	0.0000	0.0000	0.0000	0.0000											
26	69	0.1117	6	1	2	1	0	0	0	0	0	N	Y	N	N	N	N	N	N	N	N	N	N	243.8719	6086.9946	0.0000	21997.4902	27259.9161	0.0000	0.0000	0.0000	0.0000	0.5958	0.7023	0.0000	8.7829	9.2095	0.0000	0.0000	0.0000	0.0000	0.0024	0.0001	0.0062	0.0004	0.0003	0.0009	0.0031	0.0000	0.0066	0.0000	33.2079	-0.0078	0.0002	3.9997	1.0155	5.4032	5.9708	0.0177	0.0177	0.0000	0.0177	0.0177	0.0000	0.0000	0.0000	0.0000	0.0003	0.0000	0.0003	0.0000	0.0000	0.0000	0.0003	0.0000	0.0003	0.0297	0.0252	0.0045	0.0020	0.0019	0.0001	0.0277	0.0233	0.0044	0.1248	0.0773	0.0475	0.0294	0.0263	0.0031	0.0954	0.0509	0.0445	243.8719	6086.9946	0.0000	21997.4902	27259.9161	0.0000	0.0000	0.0000	0.0000	0.0024	0.0001	0.0062	0.0004	0.0003	0.0009	0.0031	0.0000	0.0066
26	70	0.1069	5	1	1	1	0	0	0	0	0	N	N	N	N	N	N	N	N	N	N	N	N	167.4431	523.3942	9.0067	369.0403	379.1030	6.8115	109.0670	365760.3238	9.1936	10.7595	12.0522	1.2976	14.8427	15.1635	0.3176	8.7025	10.2049	1.3604	0.0643	0.0230	0.1441	0.0402	0.0400	0.0466	0.0798	0.0000	0.1480	0.0147	3.2321	-0.0138	0.0020	3.9997	0.0406	5.4032	2.3361	0.0324	0.0319	0.0005	0.0150	0.0150	0.0000	0.0174	0.0169	0.0005	0.0066	0.0016	0.0050	0.0016	0.0016	0.0001	0.0050	0.0000	0.0050	0.0030	0.0026	0.0004	0.0010	0.0010	0.0000	0.0020	0.0017	0.0003	0.1027	0.0677	0.0350	0.0403	0.0390	0.0013	0.0624	0.0288	0.0336	167.4431	523.3942	9.0067	369.0403	379.1030	6.8115	109.0670	365760.3238	9.1936	0.0643	0.0230	0.1441	0.0402	0.0400	0.0466	0.0798	0.0000	0.1480
26	71	0.7364	12	1	2	1	0	0	0	0	0	N	Y	N	N	N	N	N	N	N	N	N	N	0.0000	0.0000	0.0000	0.0000	0.0000	0.0000	0.0000	0.0000	0.0000	0.0000	0.0000	0.0000	0.0000	0.0000	0.0000	0.0000	0.0000	0.0000	0.0000	0.0000	3.9997	0.0000	5.4032	0.0000	0.0000	0.0000	0.0000	0.0000	0.0000	0.0000	0.0000	0.0000	0.0000	0.0000	0.0000	0.0000	0.0000	0.0000	0.0000	0.0000	0.0000	0.0000	0.0000	0.0000	0.0000	0.0000	0.0000	0.0000	0.0000	0.0000	0.0000	0.0000	0.0000	0.0000	0.0000	0.0000	0.0000	0.0000	0.0000	0.0000	0.0000	0.0000	0.0000	0.0000	0.0000	0.0000	0.0000	0.0000	0.0000	0.0000	0.0000	0.0000	0.0000	0.0000	0.0000	0.0000	0.0000	0.0000											
26	72	0.7183	11	1	2	1	0	0	0	0	0	N	Y	N	N	N	N	N	N	N	N	N	N	0.0000	0.0000	0.0000	0.0000	0.0000	0.0000	0.0000	0.0000	0.0000	0.0000	0.0000	0.0000	0.0000	0.0000	0.0000	0.0000	0.0000	0.0000	0.0005	0.0000	0.0015	0.0002	0.0000	0.0006	0.0011	0.0000	0.0023	27.6097	0.0000	0.0000	3.9997	3.9057	5.4032	1.1104	0.0000	0.0000	0.0000	0.0000	0.0000	0.0000	0.0000	0.0000	0.0000	0.0000	0.0000	0.0000	0.0000	0.0000	0.0000	0.0000	0.0000	0.0000	0.0995	0.0864	0.0131	0.0273	0.0254	0.0019	0.0722	0.0610	0.0112	0.0869	0.0614	0.0255	0.0606	0.0478	0.0128	0.0263	0.0135	0.0127	0.0000	0.0000	0.0000	0.0000	0.0000	0.0000	0.0000	0.0000	0.0000	0.0005	0.0000	0.0015	0.0002	0.0000	0.0006	0.0011	0.0000	0.0023	
26	73	0.5156	9	1	2	0	0	0	0	0	0	N	Y	N	N	N	N	N	N	N	N	N	N	0.0000	0.0000	0.0000	0.0000	0.0000	0.0000	0.0000	0.0000	0.0000	0.0000	0.0000	0.0000	0.0000	0.0000	0.0000	0.0000	0.0000	0.0000	0.2756	0.3832	0.0000	0.4207	0.5189	0.0000	0.0216	0.0386	0.0000	0.0000	0.0000	-0.0582	3.9997	6.9070	5.4032	16.5673	0.0000	0.0000	0.0000	0.0000	0.0000	0.0000	0.0000	0.0000	0.0000	0.1270	0.1270	0.0000	0.1234	0.1234	0.0000	0.0036	0.0036	0.0000	0.3019	0.2626	0.0394	0.1326	0.1193	0.0133	0.1694	0.1433	0.0261	0.4610	0.3316	0.1294	0.2934	0.2379	0.0555	0.1676	0.0937	0.0739	0.0000	0.0000	0.0000	0.0000	0.0000	0.0000	0.0000	0.0000	0.0000	0.2756	0.3832	0.0000	0.4207	0.5189	0.0000	0.0216	0.0386	0.0000	
26	74	0.5795	11	0	2	0	1	0	0	0	0	N	Y	N	N	N	N	N	N	N	N	N	N	0.0000	0.0000	0.0000	0.0000	0.0000	0.0000	0.0000	0.0000	0.0000	0.0000	0.0000	0.0000	0.0000	0.0000	0.0000	0.0000	0.0000	0.0000	0.0006	0.0007	0.0005	0.0003	0.0003	0.0002	0.0012	0.0017	0.0007	0.3376	0.0000	-0.0000	3.9997	6.4226	5.4032	19.3377	0.0000	0.0000	0.0000	0.0000	0.0000	0.0000	0.0000	0.0000	0.0000	0.0002	0.0002	0.0001	0.0001	0.0001	0.0000	0.0002	0.0001	0.0001	0.1760	0.1515	0.0245	0.0434	0.0406	0.0028	0.1326	0.1109	0.0216	0.3616	0.2541	0.1075	0.2273	0.1879	0.0395	0.1343	0.0662	0.0681	0.0000	0.0000	0.0000	0.0000	0.0000	0.0000	0.0000	0.0000	0.0000	0.0006	0.0007	0.0005	0.0003	0.0003	0.0002	0.0012	0.0017	0.0007	
26	75	0.5343	10	0	1	0	1	0	0	0	0	N	N	N	N	N	N	N	N	N	N	N	N	0.0465	0.0380	0.0000	0.8799	0.8206	0.0000	0.0000	0.0000	0.0000	0.0005	0.0006	0.0000	0.0018	0.0019	0.0000	0.0000	0.0000	0.0000	0.0113	0.0158	0.0006	0.0020	0.0023	0.0008	0.0250	0.0473	0.0004	0.0000	0.0150	-0.0000	-0.0023	3.9997	5.1932	5.4032	17.4397	0.0001	0.0001	0.0000	0.0001	0.0001	0.0000	0.0000	0.0000	0.0000	0.0052	0.0052	0.0001	0.0006	0.0005	0.0000	0.0047	0.0046	0.0000	0.1704	0.1496	0.0208	0.0499	0.0476	0.0023	0.1205	0.1020	0.0185	0.4628	0.3267	0.1361	0.2751	0.2285	0.0466	0.1877	0.0982	0.0896	0.0465	0.0380	0.0000	0.8799	0.8206	0.0000	0.0000	0.0000	0.0000	0.0113	0.0158	0.0006	0.0020	0.0023	0.0008	0.0250	0.0473	0.0004
26	76	0.4973	9	0	1	0	0	0	0	0	0	N	N	N	N	N	N	N	N	N	N	N	N	3.2761	2.7392	2.3841	8.8816	7.9063	0.0017	0.0460	0.0089	4.5443	0.0886	0.1011	0.0035	0.2821	0.2962	0.0000	0.0009	0.0003	0.0040	0.0270	0.0369	0.0015	0.0318	0.0375	0.0026	0.0200	0.0356	0.0009	0.0051	0.0155	-0.0059	-0.0065	3.9997	4.4918	5.4032	17.5337	0.0136	0.0135	0.0001	0.0135	0.0135	0.0000	0.0001	0.0000	0.0001	0.0146	0.0143	0.0002	0.0102	0.0101	0.0001	0.0043	0.0042	0.0001	0.1533	0.1337	0.0196	0.0478	0.0455	0.0023	0.1055	0.0882	0.0173	0.5384	0.3886	0.1498	0.3220	0.2693	0.0526	0.2164	0.1193	0.0972	3.2761	2.7392	2.3841	8.8816	7.9063	0.0017	0.0460	0.0089	4.5443	0.0270	0.0369	0.0015	0.0318	0.0375	0.0026	0.0200	0.0356	0.0009
26	77	0.2264	8	0	1	0	1	0	0	0	0	N	N	N	N	N	N	N	N	N	N	N	N	0.0000	0.0000	0.0000	0.0000	0.0000	0.0000	0.0000	0.0000	0.0000	0.0000	0.0000	0.0000	0.0000	0.0000	0.0000	0.0000	0.0000	0.0000	2.8717	4.3028	0.0003	9.8256	11.6417	0.0004	0.0067	0.0122	0.0002	0.0000	0.0000	-0.3289	3.9997	0.3745	5.4032	14.7996	0.0000	0.0000	0.0000	0.0000	0.0000	0.0000	0.0000	0.0000	0.0000	0.7175	0.7175	0.0000	0.7166	0.7166	0.0000	0.0009	0.0009	0.0000	0.0135	0.0119	0.0015	0.0032	0.0031	0.0001	0.0103	0.0089	0.0014	0.2499	0.1668	0.0831	0.1105	0.0916	0.0189	0.1394	0.0751	0.0642	0.0000	0.0000	0.0000	0.0000	0.0000	0.0000	0.0000	0.0000	0.0000	2.8717	4.3028	0.0003	6.4850	7.8205	0.0004	0.0067	0.0122	0.0002	
26	78	0.2041	7	0	1	0	1	0	0	0	0	N	N	N	N	N	N	N	N	N	N	N	N	0.0000	0.0000	0.0000	0.0000	0.0000	0.0000	0.0000	0.0000	0.0000	0.0000	0.0000	0.0000	0.0000	0.0000	0.0000	0.0000	0.0000	0.0000	0.1777	0.2631	0.0017	0.0650	0.0769	0.0049	0.2696	0.4970	0.0008	0.0313	0.0032	-0.0000	-0.0178	3.9997	1.4595	5.4032	10.3922	0.0000	0.0000	0.0000	0.0000	0.0000	0.0000	0.0000	0.0000	0.0000	0.0391	0.0390	0.0001	0.0064	0.0063	0.0001	0.0327	0.0326	0.0000	0.0428	0.0369	0.0059	0.0065	0.0062	0.0004	0.0363	0.0307	0.0055	0.2200	0.1481	0.0719	0.0988	0.0825	0.0164	0.1212	0.0657	0.0556	0.0000	0.0000	0.0000	0.0000	0.0000	0.0000	0.0000	0.0000	0.0000	0.1777	0.2631	0.0017	0.0650	0.0769	0.0049	0.2696	0.4970	0.0008
26	79	0.1899	6	0	1	0	1	0	0	0	0	N	N	N	N	N	N	N	N	N	N	N	N	0.0011	0.0010	0.0000	0.0101	0.0097	0.0000	0.0000	0.0000	0.0000	0.0000	0.0000	0.0000	0.0001	0.0001	0.0000	0.0000	0.0000	0.0000	0.0146	0.0178	0.0078	0.0123	0.0139	0.0037	0.0166	0.0232	0.0089	0.0002	0.2025	-0.0000	-0.0007	3.9997	1.3861	5.4032	6.3168	0.0000	0.0000	0.0000	0.0000	0.0000	0.0000	0.0000	0.0000	0.0000	0.0024	0.0020	0.0004	0.0009	0.0009	0.0000	0.0015	0.0011	0.0004	0.0375	0.0319	0.0056	0.0047	0.0043	0.0003	0.0329	0.0276	0.0052	0.1647	0.1124	0.0523	0.0764	0.0649	0.0115	0.0883	0.0476	0.0408	0.0011	0.0010	0.0000	0.0101	0.0097	0.0000	0.0000	0.0000	0.0000	0.0146	0.0178	0.0078	0.0123	0.0139	0.0037	0.0166	0.0232	0.0089
26	80	0.1305	5	0	1	0	1	0	0	0	0	N	N	N	N	N	N	N	N	N	N	N	N	0.0002	0.0001	0.0000	0.0000	0.0000	0.0000	0.0027	0.0058	0.0000	0.0000	0.0000	0.0000	0.0000	0.0000	0.0000	0.0000	0.0000	0.0000	0.0315	0.0498	0.0034	0.1164	0.1331	0.0041	0.0023	0.0013	0.0033	0.0000	0.0443	-0.0000	-0.0046	3.9997	4.0043	5.4032	19.8631	0.0000	0.0000	0.0000	0.0000	0.0000	0.0000	0.0000	0.0000	0.0000	0.0110	0.0105	0.0005	0.0104	0.0103	0.0000	0.0006	0.0002	0.0004	0.1005	0.0851	0.0154	0.0057	0.0053	0.0004	0.0948	0.0798	0.0150	0.3482	0.2108	0.1374	0.0891	0.0776	0.0115	0.2591	0.1332	0.1259	0.0002	0.0001	0.0000	0.0000	0.0000	0.0000	0.0027	0.0058	0.0000	0.0315	0.0498	0.0034	0.1164	0.1331	0.0041	0.0023	0.0013	0.0033
26	81	0.6711	11	0	2	1	0	0	0	0	0	N	Y	N	N	N	N	N	N	N	N	N	N	0.0000	0.0000	0.0000	0.0000	0.0000	0.0000	0.0000	0.0000	0.0000	0.0000	0.0000	0.0000	0.0000	0.0000	0.0000	0.0000	0.0000	0.0000	0.0005	0.0000	0.0017	0.0003	0.0000	0.0017	0.0009	0.0000	0.0017	1767.8220	0.0000	0.0000	3.9997	2.0162	5.4032	4.5500	0.0000	0.0000	0.0000	0.0000	0.0000	0.0000	0.0000	0.0000	0.0000	0.0000	0.0000	0.0000	0.0000	0.0000	0.0000	0.0000	0.0000	0.0000	0.0622	0.0543	0.0079	0.0256	0.0239	0.0017	0.0366	0.0305	0.0061	0.0892	0.0619	0.0273	0.0538	0.0446	0.0092	0.0354	0.0173	0.0181	0.0000	0.0000	0.0000	0.0000	0.0000	0.0000	0.0000	0.0000	0.0000	0.0005	0.0000	0.0017	0.0003	0.0000	0.0017	0.0009	0.0000	0.0017	
26	84	0.0759	4	1	1	1	0	0	0	0	0	N	N	N	N	N	N	N	N	N	N	N	N	0.0321	0.0000	0.0509	0.3115	0.0000	7.9190	0.0290	0.0000	0.0634	0.1953	0.0000	1.2482	0.0302	0.0000	0.4850	0.2012	0.0000	1.2589	6.0922	0.0432	24.5467	0.0970	0.0982	0.0612	6.9316	0.0000	19.8619	inf	208.6326	0.0031	0.3747	3.9997	1.0052	5.4032	4.9545	0.0056	0.0000	0.0056	0.0000	0.0000	0.0000	0.0055	0.0000	0.0055	0.6979	0.0033	0.6946	0.0034	0.0033	0.0001	0.6945	0.0000	0.6945	0.0285	0.0240	0.0045	0.0010	0.0009	0.0001	0.0275	0.0231	0.0044	0.1353	0.0770	0.0582	0.0351	0.0339	0.0012	0.1002	0.0431	0.0571	0.0379	0.0000	0.1047	0.3115	0.0000	7.9190	0.0290	0.0000	0.1034	5.1594	0.0432	11.9248	0.0970	0.0982	0.0612	6.9316	0.0000	12.1699
26	85	0.0566	3	1	1	1	0	0	0	0	0	N	N	N	N	N	N	N	N	N	N	N	N	15.1291	0.0003	914.2149	0.0000	0.0000	0.0000	238.9638	1.7891	906.6252	35.4774	0.0013	225.6293	0.0000	0.0000	0.0000	35.9059	0.0013	226.4927	2.3450	3.8618	0.2468	12.5145	10.9449	0.0013	0.1503	0.0007	0.2498	33147.3333	0.0462	0.5550	-0.2660	3.9997	0.9968	5.4032	7.6169	0.9931	0.0000	0.9931	0.0000	0.0000	0.0000	0.9931	0.0000	0.9931	0.6423	0.6139	0.0284	0.6139	0.6138	0.0000	0.0284	0.0001	0.0284	0.0280	0.0236	0.0044	0.0003	0.0003	0.0000	0.0277	0.0233	0.0044	0.2739	0.1590	0.1149	0.0848	0.0834	0.0014	0.1891	0.0756	0.1135	15.1291	0.0003	914.2149	0.0000	0.0000	0.0000	238.9638	1.7891	906.6252	2.3450	3.8618	0.2468	7.2408	7.3620	0.0013	0.1503	0.0007	0.2498
26	86	0.2244	6	1	2	0	0	0	0	0	0	N	Y	N	N	N	N	N	N	N	N	N	N	0.0000	0.0000	0.0000	0.0000	0.0000	0.0000	0.0000	0.0000	0.0000	0.0000	0.0000	0.0000	0.0000	0.0000	0.0000	0.0000	0.0000	0.0000	0.0014	0.0010	0.0022	0.0020	0.0018	0.0027	0.0008	0.0000	0.0020	0.9527	0.0000	0.0000	3.9997	5.8060	5.4032	6.1034	0.0000	0.0000	0.0000	0.0000	0.0000	0.0000	0.0000	0.0000	0.0000	0.0005	0.0002	0.0002	0.0003	0.0002	0.0001	0.0001	0.0000	0.0001	0.1868	0.1577	0.0291	0.0284	0.0275	0.0009	0.1584	0.1302	0.0282	0.3381	0.2344	0.1037	0.1608	0.1302	0.0306	0.1773	0.1042	0.0731	0.0000	0.0000	0.0000	0.0000	0.0000	0.0000	0.0000	0.0000	0.0000	0.0014	0.0010	0.0022	0.0020	0.0018	0.0027	0.0008	0.0000	0.0020	
26	87	0.1305	5	1	2	0	0	0	0	0	0	N	Y	N	N	N	N	N	N	N	N	N	N	0.0745	0.0236	2.2037	0.0001	0.0001	0.0000	0.0687	0.0184	3.4473	0.0050	0.0025	0.0190	0.0000	0.0000	0.0000	0.0052	0.0026	0.0195	0.0665	0.1044	0.0086	0.0367	0.0360	0.0410	0.0764	0.1425	0.0057	1.3709	0.0539	0.0002	-0.0126	3.9997	12.2869	5.4032	21.7146	0.0015	0.0006	0.0008	0.0000	0.0000	0.0000	0.0015	0.0006	0.0008	0.0310	0.0294	0.0016	0.0043	0.0036	0.0006	0.0267	0.0258	0.0010	0.2964	0.2516	0.0448	0.0166	0.0154	0.0012	0.2798	0.2363	0.0436	0.4660	0.2816	0.1844	0.1161	0.1007	0.0154	0.3499	0.1809	0.1690	0.0745	0.0236	2.2037	0.0001	0.0001	0.0000	0.0687	0.0184	3.4473	0.0665	0.1044	0.0086	0.0367	0.0360	0.0410	0.0764	0.1425	0.0057
26	88	0.0340	2	0	2	0	0	0	0	0	0	N	Y	N	N	N	N	N	N	N	N	N	N	0.0001	0.0001	0.0000	0.0134	0.0141	0.0000	0.0000	0.0000	0.0000	0.0001	0.0001	0.0000	0.0195	0.0206	0.0000	0.0000	0.0000	0.0000	1.3951	0.9602	1.9271	1.4498	1.4611	0.0260	1.3636	0.0000	1.9392	0.0000	1.6406	-0.0000	0.1367	3.9997	4.0005	5.4032	9.0093	0.0000	0.0000	0.0000	0.0000	0.0000	0.0000	0.0000	0.0000	0.0000	0.8391	0.3178	0.5213	0.3178	0.3177	0.0000	0.5213	0.0000	0.5213	0.1100	0.0928	0.0173	0.0005	0.0005	0.0000	0.1095	0.0923	0.0172	0.6015	0.3309	0.2705	0.2192	0.2175	0.0017	0.3823	0.1135	0.2688	0.0001	0.0001	0.0000	0.0134	0.0141	0.0000	0.0000	0.0000	0.0000	1.3951	0.9602	1.9271	1.4498	1.4611	0.0260	1.3636	0.0000	1.9392
26	90	0.2529	7	0	1	1	0	0	0	0	0	N	N	N	N	N	N	N	N	N	N	N	N	15.8624	0.0000	69.4728	0.4431	0.0000	1.5273	140.6473	0.0000	398.7964	0.0467	0.0000	0.3384	0.0025	0.0000	0.0302	0.0639	0.0000	0.4015	0.0029	0.0021	0.0049	0.0057	0.0036	0.0198	0.0005	0.0000	0.0010	inf	0.9566	0.0018	0.0000	3.9997	2.3559	5.4032	7.1930	0.0033	0.0000	0.0033	0.0000	0.0000	0.0000	0.0032	0.0000	0.0032	0.0005	0.0002	0.0002	0.0004	0.0002	0.0002	0.0000	0.0000	0.0000	0.0706	0.0609	0.0097	0.0198	0.0182	0.0017	0.0508	0.0427	0.0081	0.1639	0.1155	0.0484	0.0780	0.0680	0.0100	0.0860	0.0476	0.0384	15.8624	0.0000	69.4728	0.4431	0.0000	1.5273	140.6473	0.0000	398.7964	0.0029	0.0021	0.0049	0.0057	0.0036	0.0198	0.0005	0.0000	0.0010
26	91	0.2200	6	0	1	0	0	0	0	0	0	N	N	N	N	N	N	N	N	N	N	N	N	157.3704	1.0360	427.9869	1.5707	1.9382	5.2037	1715.3041	1.8681	4794.8608	3.7854	0.0061	30.5646	0.0667	0.0179	1.3087	5.3865	0.0003	33.5315	0.0241	0.0059	0.0714	0.0425	0.0092	0.2515	0.0031	0.0002	0.0070	703.0764	4.6167	0.4525	0.0040	3.9997	4.9284	5.4032	11.0439	0.8118	0.0012	0.8106	0.0043	0.0011	0.0032	0.8075	0.0000	0.8074	0.0109	0.0019	0.0090	0.0102	0.0019	0.0083	0.0007	0.0000	0.0006	0.2145	0.1879	0.0265	0.0645	0.0621	0.0024	0.1499	0.1258	0.0241	0.4533	0.3278	0.1255	0.2408	0.2078	0.0331	0.2124	0.1200	0.0924	157.3704	1.0360	427.9869	1.5707	1.9382	5.2037	1715.3041	1.8681	4794.8608	0.0241	0.0059	0.0714	0.0425	0.0092	0.2515	0.0031	0.0002	0.0070
26	92	0.1305	5	0	1	0	0	0	0	0	0	N	N	N	N	N	N	N	N	N	N	N	N	41.9898	0.5185	5454.2179	0.0008	0.0007	0.0000	737.3181	12.8407	5510.0122	1.9222	0.0385	12.3401	0.0001	0.0001	0.0000	2.0378	0.0410	12.6774	0.0458	0.0743	0.0023	0.1751	0.2015	0.0018	0.0028	0.0032	0.0023	57.9468	0.0199	0.1024	-0.0092	3.9997	3.9161	5.4032	29.2065	0.1890	0.0032	0.1858	0.0000	0.0000	0.0000	0.1890	0.0032	0.1858	0.0209	0.0205	0.0004	0.0199	0.0199	0.0000	0.0009	0.0006	0.0004	0.0983	0.0833	0.0151	0.0056	0.0052	0.0004	0.0928	0.0781	0.0147	0.4562	0.2757	0.1805	0.1139	0.0988	0.0151	0.3423	0.1769	0.1654	41.9898	0.5185	5454.2179	0.0008	0.0007	0.0000	737.3181	12.8407	5510.0122	0.0458	0.0743	0.0023	0.1751	0.2015	0.0018	0.0028	0.0032	0.0023
26	93	0.6711	11	1	2	0	0	0	0	0	0	N	Y	N	N	N	N	N	N	N	N	N	N	0.1191	0.6512	0.0000	0.5224	1.0904	0.0000	0.0000	0.0000	0.0000	0.0009	0.0011	0.0000	0.0023	0.0025	0.0000	0.0000	0.0000	0.0000	0.0079	0.0017	0.0221	0.0045	0.0023	0.0143	0.0132	0.0001	0.0263	0.0000	5.8923	-0.0000	0.0004	3.9997	2.5103	5.4032	7.4742	0.0001	0.0001	0.0000	0.0001	0.0001	0.0000	0.0000	0.0000	0.0000	0.0010	0.0001	0.0008	0.0003	0.0001	0.0002	0.0006	0.0000	0.0006	0.0740	0.0646	0.0094	0.0300	0.0279	0.0021	0.0440	0.0367	0.0072	0.1218	0.0844	0.0374	0.0734	0.0602	0.0132	0.0484	0.0242	0.0242	0.1191	0.6512	0.0000	0.5224	1.0904	0.0000	0.0000	0.0000	0.0000	0.0079	0.0017	0.0221	0.0045	0.0023	0.0143	0.0132	0.0001	0.0263
26	94	0.6348	10	0	2	0	0	0	0	0	0	N	Y	N	N	N	N	N	N	N	N	N	N	0.0498	0.0304	0.5528	0.0000	0.0000	0.0000	0.3083	0.1737	1.2155	0.0003	0.0002	0.0007	0.0000	0.0000	0.0000	0.0005	0.0004	0.0009	0.0060	0.0080	0.0013	0.0086	0.0100	0.0022	0.0015	0.0023	0.0007	0.3999	0.0689	-0.0000	-0.0004	3.9997	7.1305	5.4032	3.2426	0.0001	0.0000	0.0000	0.0000	0.0000	0.0000	0.0001	0.0000	0.0000	0.0010	0.0009	0.0001	0.0009	0.0008	0.0000	0.0001	0.0001	0.0000	0.2347	0.2071	0.0276	0.0877	0.0829	0.0048	0.1470	0.1242	0.0228	0.1615	0.1139	0.0476	0.1023	0.0834	0.0189	0.0592	0.0305	0.0287	0.0498	0.0304	0.5528	0.0000	0.0000	0.0000	0.3083	0.1737	1.2155	0.0060	0.0080	0.0013	0.0086	0.0100	0.0022	0.0015	0.0023	0.0007
26	95	0.0566	3	1	2	0	0	0	0	0	0	N	Y	N	N	N	N	N	N	N	N	N	N	2.4865	2.3273	0.0000	0.0000	0.0000	0.0000	7.5714	inf	0.0000	4.6226	5.4747	0.0000	0.0000	0.0000	0.0000	4.6673	5.5335	0.0000	1.8591	2.3523	1.1744	10.4424	9.9409	0.0472	0.6164	0.0000	1.1948	0.0000	0.3597	-0.4405	-0.2041	3.9997	8.0000	5.4032	22.5660	0.9987	0.9987	0.0000	0.0000	0.0000	0.0000	0.9987	0.9987	0.0000	1.0528	0.7743	0.2785	0.7745	0.7743	0.0002	0.2783	0.0000	0.2783	0.2160	0.1824	0.0336	0.0021	0.0019	0.0001	0.2140	0.1805	0.0335	0.5663	0.3292	0.2371	0.1148	0.1106	0.0042	0.4515	0.2185	0.2329	2.4865	2.3273	0.0000	0.0000	0.0000	0.0000	7.5714	inf	0.0000	1.8591	2.3523	1.1744	6.7442	6.9993	0.0472	0.6164	0.0000	1.1948
26	96	0.1305	5	0	1	0	0	0	0	0	0	N	N	N	N	N	N	N	N	N	N	N	N	0.0000	0.0000	0.0000	0.0000	0.0000	0.0000	0.0000	0.0000	0.0000	0.0000	0.0000	0.0000	0.0000	0.0000	0.0000	0.0000	0.0000	0.0000	0.0264	0.0436	0.0000	0.1049	0.1209	0.0000	0.0000	0.0001	0.0000	0.0002	0.0000	-0.0052	3.9997	11.9964	5.4032	18.8414	0.0000	0.0000	0.0000	0.0000	0.0000	0.0000	0.0000	0.0000	0.0000	0.0113	0.0113	0.0000	0.0113	0.0113	0.0000	0.0000	0.0000	0.0000	0.2898	0.2460	0.0438	0.0162	0.0151	0.0012	0.2736	0.2310	0.0426	0.4303	0.2601	0.1702	0.1079	0.0937	0.0142	0.3223	0.1664	0.1559	0.0000	0.0000	0.0000	0.0000	0.0000	0.0000	0.0000	0.0000	0.0000	0.0264	0.0436	0.0000	0.1049	0.1209	0.0000	0.0000	0.0001	0.0000	
26	98	0.0871	5	1	2	1	0	0	0	0	0	N	Y	N	N	N	N	N	N	N	N	N	N	11.0483	1137.1661	0.0000	5105.4012	5507.0910	0.0000	0.0000	0.0000	0.0000	29.9401	34.9937	0.0000	212.3211	224.2369	0.0000	0.0000	0.0000	0.0000	2.7099	0.0308	7.5456	0.0416	0.0407	0.0517	3.4608	0.0257	7.0661	0.0000	145.3288	-0.4181	0.3940	3.9997	0.9502	5.4032	16.1595	0.9478	0.9478	0.0000	0.9478	0.9478	0.0000	0.0000	0.0000	0.0000	0.7368	0.0050	0.7318	0.0025	0.0022	0.0002	0.7343	0.0028	0.7315	0.0317	0.0271	0.0046	0.0045	0.0042	0.0002	0.0272	0.0229	0.0043	0.2719	0.1636	0.1083	0.0597	0.0550	0.0047	0.2122	0.1087	0.1035	11.0483	1137.1661	0.0000	5105.4012	5507.0910	0.0000	0.0000	0.0000	0.0000	2.7099	0.0308	6.7592	0.0416	0.0407	0.0517	3.4608	0.0257	7.0661
26	99	0.1305	5	0	2	0	0	0	0	0	0	N	Y	N	N	N	N	N	N	N	N	N	N	0.0000	0.0000	0.0000	0.0000	0.0000	0.0000	0.0000	0.0000	0.0000	0.0000	0.0000	0.0000	0.0000	0.0000	0.0000	0.0000	0.0000	0.0000	2.1587	0.0003	5.4619	0.0073	0.0003	0.0534	2.8869	0.0002	5.9562	14147.6528	0.0000	0.4598	3.9997	11.9964	5.4032	15.6499	0.0000	0.0000	0.0000	0.0000	0.0000	0.0000	0.0000	0.0000	0.0000	0.8489	0.0001	0.8489	0.0007	0.0000	0.0007	0.8482	0.0000	0.8482	0.2898	0.2460	0.0438	0.0162	0.0151	0.0012	0.2736	0.2310	0.0426	0.3933	0.2379	0.1554	0.0995	0.0864	0.0130	0.2938	0.1514	0.1424	0.0000	0.0000	0.0000	0.0000	0.0000	0.0000	0.0000	0.0000	0.0000	2.1587	0.0003	5.4619	0.0073	0.0003	0.0534	2.8869	0.0002	5.9562	
26	100	0.0901	6	1	1	1	0	0	0	0	0	N	N	N	N	N	N	N	N	N	N	N	N	2.6563	1.9272	0.0000	0.1754	0.1766	0.0000	73.0257	1047.5714	0.0000	0.0314	0.0372	0.0000	0.0094	0.0103	0.0000	0.0332	0.0395	0.0000	0.0118	0.0193	0.0008	0.0534	0.0582	0.0000	0.0005	0.0000	0.0009	0.0000	0.0298	-0.0004	-0.0012	3.9997	1.0008	5.4032	13.9255	0.0009	0.0009	0.0000	0.0000	0.0000	0.0000	0.0009	0.0009	0.0000	0.0028	0.0027	0.0001	0.0027	0.0027	0.0000	0.0001	0.0000	0.0001	0.0283	0.0239	0.0044	0.0021	0.0019	0.0002	0.0261	0.0220	0.0042	0.2346	0.1398	0.0947	0.0504	0.0462	0.0042	0.1842	0.0936	0.0905	2.6563	1.9272	0.0000	0.1754	0.1766	0.0000	73.0257	1047.5714	0.0000	0.0118	0.0193	0.0008	0.0534	0.0582	0.0000	0.0005	0.0000	0.0009
26	101	0.0871	5	1	1	1	0	0	0	0	0	N	N	N	N	N	N	N	N	N	N	N	N	95.3569	136.7120	0.2465	2.8050	2.7202	209.9610	208.6433	18082.4568	0.0135	8.0073	8.9536	0.0291	0.3404	0.3425	0.2622	13.3502	15.9109	0.0017	0.0840	0.0655	0.1182	0.1213	0.1259	0.0012	0.0640	0.0009	0.1227	0.0004	0.9738	-0.0228	0.0002	3.9997	0.0532	5.4032	2.0467	0.0517	0.0517	0.0000	0.0009	0.0009	0.0000	0.0508	0.0508	0.0000	0.0054	0.0027	0.0026	0.0027	0.0027	0.0000	0.0027	0.0000	0.0026	0.0065	0.0058	0.0007	0.0027	0.0026	0.0001	0.0038	0.0032	0.0006	0.0639	0.0415	0.0224	0.0223	0.0214	0.0008	0.0416	0.0201	0.0216	95.3569	136.7120	0.2465	2.8050	2.7202	209.9610	208.6433	18082.4568	0.0135	0.0840	0.0655	0.1182	0.1213	0.1259	0.0012	0.0640	0.0009	0.1227
26	102	0.0774	4	1	1	1	0	0	0	0	0	N	N	N	N	N	N	N	N	N	N	N	N	22.3764	25.7947	0.0956	43.0899	44.3854	23.3343	26.1102	3073.2613	0.0050	1.5300	1.7971	0.0063	7.2491	7.7451	0.1306	0.8581	1.0203	0.0003	0.0684	0.0697	0.0661	0.1682	0.1745	0.0056	0.0329	0.0003	0.0678	0.0006	0.5468	-0.0428	-0.0008	3.9997	2.0948	5.4032	3.0326	0.0973	0.0972	0.0001	0.0484	0.0484	0.0001	0.0488	0.0488	0.0000	0.0076	0.0049	0.0027	0.0049	0.0049	0.0000	0.0027	0.0000	0.0027	0.0636	0.0541	0.0095	0.0067	0.0062	0.0004	0.0569	0.0478	0.0090	0.1107	0.0703	0.0405	0.0290	0.0280	0.0011	0.0817	0.0423	0.0394	22.3764	25.7947	0.0956	43.0899	44.3854	23.3343	26.1102	3073.2613	0.0050	0.0684	0.0697	0.0661	0.1682	0.1745	0.0056	0.0329	0.0003	0.0678
26	103	0.0566	3	1	1	1	0	0	0	0	0	N	N	N	N	N	N	N	N	N	N	N	N	3.9067	2.6982	0.3602	0.0000	0.0000	0.0000	738.3565	46604.8597	0.3575	8.7048	10.3204	0.0070	0.0000	0.0000	0.0000	8.7917	10.4352	0.0071	2.2282	3.8250	0.0195	12.3322	10.8416	0.0014	0.0119	0.0002	0.0197	0.0001	0.0037	-0.4177	-0.2801	3.9997	3.9484	5.4032	4.8420	0.9472	0.9471	0.0001	0.0000	0.0000	0.0000	0.9472	0.9471	0.0001	0.6160	0.6138	0.0023	0.6138	0.6138	0.0000	0.0023	0.0000	0.0023	0.1088	0.0918	0.0170	0.0011	0.0010	0.0001	0.1077	0.0908	0.0170	0.2765	0.1605	0.1160	0.0850	0.0836	0.0014	0.1914	0.0768	0.1146	3.9067	2.6982	0.3602	0.0000	0.0000	0.0000	738.3565	46604.8597	0.3575	2.2282	3.8250	0.0195	7.2172	7.3399	0.0014	0.0119	0.0002	0.0197
26	104	0.1628	6	0	2	0	0	0	0	0	0	N	Y	N	N	N	N	N	N	N	N	N	N	0.0000	0.0000	0.0000	0.0000	0.0000	0.0000	0.0000	0.0000	0.0000	0.0000	0.0000	0.0000	0.0000	0.0000	0.0000	0.0000	0.0000	0.0000	0.0037	0.0053	0.0011	0.0024	0.0020	0.0044	0.0042	0.0075	0.0006	0.1260	0.0000	-0.0007	3.9997	8.9557	5.4032	32.3127	0.0000	0.0000	0.0000	0.0000	0.0000	0.0000	0.0000	0.0000	0.0000	0.0021	0.0019	0.0002	0.0004	0.0003	0.0001	0.0017	0.0016	0.0001	0.2865	0.2453	0.0412	0.0666	0.0608	0.0058	0.2199	0.1845	0.0354	0.5703	0.3498	0.2205	0.1672	0.1392	0.0281	0.4030	0.2106	0.1924	0.0000	0.0000	0.0000	0.0000	0.0000	0.0000	0.0000	0.0000	0.0000	0.0037	0.0053	0.0011	0.0024	0.0020	0.0044	0.0042	0.0075	0.0006	
26	105	0.1883	7	0	1	1	0	0	0	0	0	N	N	N	N	N	N	N	N	N	N	N	N	0.0000	0.0000	0.0000	0.0000	0.0000	0.0000	0.0000	0.0000	0.0000	0.0000	0.0000	0.0000	0.0000	0.0000	0.0000	0.0000	0.0000	0.0000	0.0002	0.0004	0.0000	0.0007	0.0008	0.0001	0.0000	0.0000	0.0000	0.0282	0.0000	-0.0000	3.9997	4.2679	5.4032	7.8415	0.0000	0.0000	0.0000	0.0000	0.0000	0.0000	0.0000	0.0000	0.0000	0.0000	0.0000	0.0000	0.0000	0.0000	0.0000	0.0000	0.0000	0.0000	0.1302	0.1096	0.0206	0.0191	0.0181	0.0010	0.1112	0.0915	0.0196	0.1886	0.1161	0.0725	0.0593	0.0494	0.0099	0.1293	0.0667	0.0626	0.0000	0.0000	0.0000	0.0000	0.0000	0.0000	0.0000	0.0000	0.0000	0.0002	0.0004	0.0000	0.0007	0.0008	0.0001	0.0000	0.0000	0.0000	
26	106	0.1628	6	0	1	0	0	0	0	0	0	N	N	N	N	N	N	N	N	N	N	N	N	0.0000	0.0000	0.0000	0.0000	0.0000	0.0000	0.0000	0.0000	0.0000	0.0000	0.0000	0.0000	0.0000	0.0000	0.0000	0.0000	0.0000	0.0000	0.0095	0.0122	0.0046	0.0029	0.0014	0.0107	0.0132	0.0221	0.0035	0.2145	0.0000	-0.0006	3.9997	1.9301	5.4032	9.0954	0.0000	0.0000	0.0000	0.0000	0.0000	0.0000	0.0000	0.0000	0.0000	0.0020	0.0017	0.0004	0.0002	0.0001	0.0001	0.0018	0.0016	0.0002	0.1059	0.0922	0.0137	0.0526	0.0479	0.0047	0.0533	0.0443	0.0090	0.2158	0.1375	0.0783	0.0781	0.0659	0.0122	0.1378	0.0717	0.0661	0.0000	0.0000	0.0000	0.0000	0.0000	0.0000	0.0000	0.0000	0.0000	0.0095	0.0122	0.0046	0.0029	0.0014	0.0107	0.0132	0.0221	0.0035	
26	107	0.1305	5	0	1	0	0	0	0	0	0	N	N	N	N	N	N	N	N	N	N	N	N	0.0000	0.0000	0.0000	0.0000	0.0000	0.0000	0.0000	0.0000	0.0000	0.0000	0.0000	0.0000	0.0000	0.0000	0.0000	0.0000	0.0000	0.0000	0.1566	0.2492	0.0125	0.0176	0.0078	0.0883	0.2082	0.4037	0.0055	0.0321	-0.0000	-0.0145	3.9997	3.9049	5.4032	9.6098	0.0000	0.0000	0.0000	0.0000	0.0000	0.0000	0.0000	0.0000	0.0000	0.0340	0.0330	0.0011	0.0010	0.0004	0.0006	0.0330	0.0326	0.0004	0.0981	0.0831	0.0150	0.0056	0.0052	0.0004	0.0925	0.0779	0.0146	0.2172	0.1323	0.0849	0.0588	0.0517	0.0071	0.1584	0.0806	0.0778	0.0000	0.0000	0.0000	0.0000	0.0000	0.0000	0.0000	0.0000	0.0000	0.1566	0.2492	0.0125	0.0176	0.0078	0.0883	0.2082	0.4037	0.0055	
26	108	0.1517	7	0	2	0	0	0	0	0	0	N	Y	N	N	N	N	N	N	N	N	N	N	0.0000	0.0000	0.0000	0.0000	0.0000	0.0000	0.0000	0.0000	0.0000	0.0000	0.0000	0.0000	0.0000	0.0000	0.0000	0.0000	0.0000	0.0000	0.0010	0.0013	0.0004	0.0029	0.0031	0.0021	0.0001	0.0000	0.0003	0.2068	0.0000	-0.0001	3.9997	8.0392	5.4032	22.6195	0.0000	0.0000	0.0000	0.0000	0.0000	0.0000	0.0000	0.0000	0.0000	0.0004	0.0004	0.0001	0.0004	0.0004	0.0000	0.0000	0.0000	0.0000	0.2160	0.1837	0.0323	0.0248	0.0231	0.0017	0.1912	0.1606	0.0306	0.4590	0.2892	0.1698	0.1382	0.1204	0.0178	0.3208	0.1688	0.1520	0.0000	0.0000	0.0000	0.0000	0.0000	0.0000	0.0000	0.0000	0.0000	0.0010	0.0013	0.0004	0.0029	0.0031	0.0021	0.0001	0.0000	0.0003	
26	109	0.1517	6	0	1	0	0	0	0	0	0	N	N	N	N	N	N	N	N	N	N	N	N	0.0000	0.0000	0.0000	0.0000	0.0000	0.0000	0.0000	0.0000	0.0000	0.0000	0.0000	0.0000	0.0000	0.0000	0.0000	0.0000	0.0000	0.0000	0.0083	0.0056	0.0164	0.0181	0.0101	0.1903	0.0009	0.0001	0.0019	0.9770	0.0000	0.0000	3.9997	0.2031	5.4032	2.0398	0.0000	0.0000	0.0000	0.0000	0.0000	0.0000	0.0000	0.0000	0.0000	0.0008	0.0004	0.0004	0.0008	0.0004	0.0004	0.0000	0.0000	0.0000	0.0137	0.0114	0.0023	0.0047	0.0046	0.0000	0.0090	0.0068	0.0022	0.0995	0.0747	0.0248	0.0428	0.0409	0.0019	0.0566	0.0337	0.0229	0.0000	0.0000	0.0000	0.0000	0.0000	0.0000	0.0000	0.0000	0.0000	0.0083	0.0056	0.0164	0.0181	0.0101	0.1903	0.0009	0.0001	0.0019	
26	110	0.7322	12	1	1	1	0	0	0	0	0	N	N	N	N	N	N	N	N	N	N	N	N	0.0000	0.0000	0.0000	0.0000	0.0000	0.0000	0.0000	0.0000	0.0000	0.0000	0.0000	0.0000	0.0000	0.0000	0.0000	0.0000	0.0000	0.0000	0.0000	0.0000	3.9997	0.0001	5.4032	0.0001	0.0000	0.0000	0.0000	0.0000	0.0000	0.0000	0.0000	0.0000	0.0000	0.0000	0.0000	0.0000	0.0000	0.0000	0.0000	0.0000	0.0000	0.0000	0.0028	0.0022	0.0006	0.0014	0.0014	0.0000	0.0014	0.0008	0.0006	0.0001	0.0001	0.0000	0.0000	0.0000	0.0000	0.0000	0.0000	0.0000	0.0000	0.0000	0.0000	0.0000	0.0000	0.0000	0.0000	0.0000	0.0000	0.0000	0.0000	0.0000	0.0000	0.0000	0.0000	0.0000	0.0000	0.0000											
26	111	0.7183	11	1	1	1	0	0	0	0	0	N	N	N	N	N	N	N	N	N	N	N	N	0.0000	0.0000	0.0000	0.0000	0.0000	0.0000	0.0000	0.0000	0.0000	0.0000	0.0000	0.0000	0.0000	0.0000	0.0000	0.0000	0.0000	0.0000	0.0011	0.0005	0.0026	0.0002	0.0000	0.0006	0.0033	0.0020	0.0047	2.3501	0.0000	0.0000	3.9997	1.6718	5.4032	2.9223	0.0000	0.0000	0.0000	0.0000	0.0000	0.0000	0.0000	0.0000	0.0000	0.0001	0.0000	0.0001	0.0000	0.0000	0.0000	0.0001	0.0000	0.0001	0.0493	0.0430	0.0064	0.0150	0.0142	0.0009	0.0343	0.0288	0.0055	0.0820	0.0579	0.0240	0.0576	0.0453	0.0122	0.0244	0.0126	0.0118	0.0000	0.0000	0.0000	0.0000	0.0000	0.0000	0.0000	0.0000	0.0000	0.0011	0.0005	0.0026	0.0002	0.0000	0.0006	0.0033	0.0020	0.0047	
26	112	0.6348	10	1	1	1	0	0	0	0	0	N	N	N	N	N	N	N	N	N	N	N	N	0.0000	0.0000	0.0000	0.0000	0.0000	0.0000	0.0000	0.0000	0.0000	0.0000	0.0000	0.0000	0.0000	0.0000	0.0000	0.0000	0.0000	0.0000	0.0002	0.0003	0.0000	0.0003	0.0004	0.0000	0.0000	0.0000	0.0000	0.0274	0.0000	-0.0000	3.9997	14.0283	5.4032	7.1084	0.0000	0.0000	0.0000	0.0000	0.0000	0.0000	0.0000	0.0000	0.0000	0.0001	0.0001	0.0000	0.0001	0.0001	0.0000	0.0000	0.0000	0.0000	0.3798	0.3333	0.0464	0.1282	0.1202	0.0080	0.2516	0.2131	0.0384	0.2716	0.1905	0.0811	0.1656	0.1354	0.0302	0.1061	0.0551	0.0510	0.0000	0.0000	0.0000	0.0000	0.0000	0.0000	0.0000	0.0000	0.0000	0.0002	0.0003	0.0000	0.0003	0.0004	0.0000	0.0000	0.0000	0.0000	
26	113	0.5745	9	0	1	0	0	0	0	0	0	N	N	N	N	N	N	N	N	N	N	N	N	0.0000	0.0000	0.0000	0.0000	0.0000	0.0000	0.0000	0.0000	0.0000	0.0000	0.0000	0.0000	0.0000	0.0000	0.0000	0.0000	0.0000	0.0000	0.0300	0.0003	0.1057	0.0458	0.0003	0.2486	0.0054	0.0001	0.0121	159.3329	0.0000	0.0050	3.9997	8.6129	5.4032	5.1709	0.0000	0.0000	0.0000	0.0000	0.0000	0.0000	0.0000	0.0000	0.0000	0.0093	0.0001	0.0092	0.0086	0.0000	0.0086	0.0006	0.0000	0.0006	0.3050	0.2704	0.0346	0.1073	0.1018	0.0054	0.1977	0.1686	0.0292	0.3093	0.2220	0.0873	0.1888	0.1543	0.0346	0.1205	0.0678	0.0527	0.0000	0.0000	0.0000	0.0000	0.0000	0.0000	0.0000	0.0000	0.0000	0.0300	0.0003	0.1057	0.0458	0.0003	0.2486	0.0054	0.0001	0.0121	
26	114	0.4794	8	0	1	0	0	0	0	0	0	N	N	N	N	N	N	N	N	N	N	N	N	0.0019	0.0390	0.0011	0.0003	0.0098	0.0000	0.0750	0.2346	0.0666	0.0009	0.0008	0.0017	0.0002	0.0003	0.0000	0.0011	0.0010	0.0020	0.4611	0.0196	1.4799	0.7398	0.0269	3.1104	0.0150	0.0041	0.0303	0.3332	32.7417	-0.0001	0.1709	3.9997	16.8607	5.4032	22.7724	0.0004	0.0003	0.0001	0.0000	0.0000	0.0000	0.0004	0.0003	0.0001	0.3339	0.0099	0.3240	0.3297	0.0092	0.3205	0.0042	0.0007	0.0035	0.4521	0.3924	0.0597	0.1243	0.1141	0.0102	0.3278	0.2783	0.0495	0.7241	0.5052	0.2189	0.4457	0.3426	0.1030	0.2785	0.1626	0.1159	0.0019	0.0390	0.0011	0.0003	0.0098	0.0000	0.0750	0.2346	0.0666	0.4611	0.0196	1.4799	0.7398	0.0269	3.1104	0.0150	0.0041	0.0303
26	115	0.1069	5	1	1	1	0	0	0	0	0	N	N	N	N	N	N	N	N	N	N	N	N	0.0000	0.0000	0.0000	0.0000	0.0000	0.0000	0.0000	0.0000	0.0000	0.0000	0.0000	0.0000	0.0000	0.0000	0.0000	0.0000	0.0000	0.0000	0.0026	0.0026	0.0026	0.0051	0.0053	0.0002	0.0014	0.0000	0.0027	0.5526	0.0000	-0.0000	3.9997	1.0009	5.4032	4.0038	0.0000	0.0000	0.0000	0.0000	0.0000	0.0000	0.0000	0.0000	0.0000	0.0004	0.0002	0.0001	0.0002	0.0002	0.0000	0.0001	0.0000	0.0001	0.0293	0.0248	0.0045	0.0020	0.0019	0.0001	0.0273	0.0229	0.0044	0.1417	0.0903	0.0514	0.0473	0.0448	0.0024	0.0944	0.0454	0.0490	0.0000	0.0000	0.0000	0.0000	0.0000	0.0000	0.0000	0.0000	0.0000	0.0026	0.0026	0.0026	0.0051	0.0053	0.0002	0.0014	0.0000	0.0027	
26	116	0.0786	4	1	1	1	0	0	0	0	0	N	N	N	N	N	N	N	N	N	N	N	N	0.7486	4.3489	0.0762	0.0415	0.0401	0.0039	0.7265	263.3118	0.0737	0.2059	0.2324	0.0464	0.0047	0.0048	0.0002	0.2470	0.2875	0.0471	0.2751	0.0534	0.6093	0.1138	0.1191	0.0423	0.3399	0.0011	0.6392	0.0331	7.5629	-0.0062	0.0328	3.9997	1.8441	5.4032	10.4794	0.0153	0.0148	0.0005	0.0001	0.0001	0.0000	0.0152	0.0147	0.0005	0.0773	0.0090	0.0683	0.0092	0.0089	0.0002	0.0681	0.0001	0.0680	0.0741	0.0636	0.0105	0.0125	0.0124	0.0001	0.0615	0.0512	0.0104	0.2810	0.1689	0.1120	0.0805	0.0749	0.0056	0.2004	0.0940	0.1064	0.7486	4.3489	0.0762	0.0415	0.0401	0.0039	0.7265	263.3118	0.0737	0.2751	0.0534	0.6093	0.1138	0.1191	0.0423	0.3399	0.0011	0.6392
26	117	0.3667	6	0	2	0	1	0	0	0	0	N	Y	N	N	N	N	N	N	N	N	N	N	0.0225	0.5461	0.0000	0.0392	2.7705	0.0000	0.0000	0.0000	0.0000	0.0023	0.0026	0.0000	0.0068	0.0073	0.0000	0.0000	0.0000	0.0000	0.0999	0.0047	0.3263	0.1723	0.0026	1.0130	0.0104	0.0087	0.0126	0.0000	29.0811	-0.0004	0.0346	3.9997	10.5071	5.4032	20.2622	0.0008	0.0008	0.0000	0.0008	0.0008	0.0000	0.0000	0.0000	0.0000	0.0680	0.0023	0.0657	0.0648	0.0008	0.0640	0.0032	0.0014	0.0017	0.3555	0.3108	0.0447	0.1184	0.1102	0.0082	0.2370	0.2006	0.0364	0.6807	0.4793	0.2014	0.3761	0.3129	0.0632	0.3047	0.1664	0.1382	0.0225	0.5461	0.0000	0.0392	2.7705	0.0000	0.0000	0.0000	0.0000	0.0999	0.0047	0.3263	0.1723	0.0026	1.0130	0.0104	0.0087	0.0126
26	118	0.1305	5	0	2	0	1	0	0	0	0	N	Y	N	N	N	N	N	N	N	N	N	N	0.0000	0.0000	0.0000	0.0000	0.0000	0.0000	0.0000	0.0000	0.0000	0.0000	0.0000	0.0000	0.0000	0.0000	0.0000	0.0000	0.0000	0.0000	1.8409	3.0435	0.0025	12.8876	13.5322	0.0011	0.0013	0.0001	0.0026	0.0005	0.0000	-0.3589	3.9997	4.0036	5.4032	26.5072	0.0000	0.0000	0.0000	0.0000	0.0000	0.0000	0.0000	0.0000	0.0000	0.7838	0.7834	0.0004	0.7834	0.7834	0.0000	0.0004	0.0000	0.0004	0.1003	0.0849	0.0154	0.0057	0.0053	0.0004	0.0946	0.0797	0.0149	0.4258	0.2574	0.1684	0.1069	0.0928	0.0141	0.3189	0.1646	0.1543	0.0000	0.0000	0.0000	0.0000	0.0000	0.0000	0.0000	0.0000	0.0000	1.8409	3.0435	0.0025	7.3272	8.4385	0.0011	0.0013	0.0001	0.0026	
26	119	0.1689	6	0	2	0	0	0	0	0	0	N	Y	N	N	N	N	N	N	N	N	N	N	0.0701	0.0504	0.0000	0.0579	0.0560	0.0000	0.0000	0.0000	0.0000	0.1244	0.1440	0.0000	0.5322	0.5574	0.0000	0.0000	0.0000	0.0000	1.7736	2.8590	0.0149	9.1944	9.9580	0.0026	0.0078	0.0000	0.0160	0.0000	0.0032	-0.0079	-0.3330	3.9997	3.8169	5.4032	21.2433	0.0179	0.0179	0.0000	0.0179	0.0179	0.0000	0.0000	0.0000	0.0000	0.7315	0.7292	0.0023	0.7292	0.7292	0.0000	0.0023	0.0000	0.0023	0.1441	0.1245	0.0196	0.0337	0.0322	0.0015	0.1105	0.0924	0.0181	0.4125	0.2551	0.1574	0.1173	0.1040	0.0133	0.2952	0.1510	0.1441	0.0701	0.0504	0.0000	0.0856	0.0795	0.0000	0.0000	0.0000	0.0000	1.7736	2.8590	0.0149	6.2174	7.0103	0.0026	0.0078	0.0000	0.0160
26	120	0.5146	10	0	2	0	0	0	0	0	0	N	Y	N	N	N	N	N	N	N	N	N	N	3.5321	0.0004	27995.2190	1.8881	0.0169	5405.2333	2.1792	0.0000	25193.5443	3.9104	0.0006	31.4717	0.1753	0.0019	3.1200	5.6074	0.0000	36.0814	1.1071	1.5723	0.0011	0.0929	0.1132	0.0006	2.5731	4.7926	0.0014	6943.8052	0.0003	1.0707	-0.4213	3.9997	16.3276	5.4032	34.9199	1.9163	0.0003	1.9160	0.0268	0.0003	0.0266	1.8895	0.0000	1.8895	0.9197	0.9194	0.0003	0.0456	0.0455	0.0001	0.8741	0.8739	0.0002	0.4901	0.4292	0.0609	0.1531	0.1446	0.0085	0.3370	0.2846	0.0524	0.8307	0.5848	0.2460	0.4910	0.4024	0.0886	0.3397	0.1823	0.1574	3.5321	0.0004	27995.2190	1.8881	0.0169	5405.2333	2.1792	0.0000	25193.5443	1.1071	1.5723	0.0011	0.0929	0.1132	0.0006	2.5731	4.7926	0.0014
26	121	0.4973	9	0	2	0	0	0	0	0	0	N	Y	N	N	N	N	N	N	N	N	N	N	2.2816	0.6867	33.1358	4.9288	4.8952	0.7122	1.2857	0.2296	27.6514	0.6230	0.2335	3.2460	0.2317	0.2431	0.0237	0.7850	0.2290	3.6770	0.2730	0.3400	0.0980	0.0470	0.0497	0.0333	0.6105	0.9972	0.1330	2.0645	0.1102	0.0283	-0.0516	3.9997	6.1757	5.4032	14.5601	0.1215	0.0396	0.0819	0.0132	0.0132	0.0001	0.1083	0.0265	0.0818	0.1436	0.1293	0.0142	0.0148	0.0131	0.0017	0.1288	0.1162	0.0125	0.1950	0.1698	0.0252	0.0571	0.0541	0.0030	0.1379	0.1157	0.0222	0.5259	0.3804	0.1455	0.3150	0.2639	0.0511	0.2109	0.1166	0.0944	2.2816	0.6867	33.1358	4.9288	4.8952	0.7122	1.2857	0.2296	27.6514	0.2730	0.3400	0.0980	0.0470	0.0497	0.0333	0.6105	0.9972	0.1330
26	122	0.4443	8	0	1	0	0	0	0	0	0	N	N	N	N	N	N	N	N	N	N	N	N	0.2308	0.1318	41.5000	0.2307	0.1966	0.0198	5.6744	1.4991	81.8012	0.1578	0.1250	0.3829	0.2629	0.2801	0.0003	0.1070	0.0414	0.4548	0.6837	0.9486	0.0092	1.1393	1.4253	0.0142	0.0189	0.0276	0.0056	0.4461	0.0038	-0.0053	-0.2284	3.9997	7.5400	5.4032	21.4192	0.0398	0.0275	0.0123	0.0216	0.0216	0.0000	0.0182	0.0059	0.0123	0.5024	0.5005	0.0019	0.4968	0.4955	0.0013	0.0056	0.0050	0.0007	0.2520	0.2199	0.0320	0.0821	0.0770	0.0051	0.1699	0.1429	0.0270	0.7348	0.5276	0.2072	0.4361	0.3477	0.0884	0.2988	0.1800	0.1188	0.2308	0.1318	41.5000	0.2307	0.1966	0.0198	5.6744	1.4991	81.8012	0.6837	0.9486	0.0092	1.1393	1.4253	0.0142	0.0189	0.0276	0.0056
26	123	0.0566	3	0	2	0	0	0	0	0	0	N	Y	N	N	N	N	N	N	N	N	N	N	0.0000	0.0000	0.0000	0.0000	0.0000	0.0000	0.0000	0.0000	0.0000	0.0000	0.0000	0.0000	0.0000	0.0000	0.0000	2.0124	0.0000	4.7992	0.0010	0.0000	0.0320	2.5829	0.0000	4.8813	inf	0.0000	0.5223	3.9997	4.0019	5.4032	19.5615	0.0000	0.0000	0.0000	0.0000	0.0000	0.0000	0.0000	0.0000	0.0000	0.9642	0.0000	0.9642	0.0001	0.0000	0.0001	0.9641	0.0000	0.9641	0.1103	0.0930	0.0173	0.0011	0.0010	0.0001	0.1092	0.0920	0.0172	0.4791	0.2782	0.2009	0.1059	0.1025	0.0034	0.3733	0.1758	0.1975	0.0000	0.0000	0.0000	0.0000	0.0000	0.0000	0.0000	0.0000	0.0000	2.0124	0.0000	4.7992	0.0010	0.0000	0.0320	2.5829	0.0000	4.8813				
26	126	0.1676	7	0	2	0	0	0	0	0	0	N	Y	N	N	N	N	N	N	N	N	N	N	0.0000	0.0000	0.0000	0.0000	0.0000	0.0000	0.0000	0.0000	0.0000	0.0000	0.0000	0.0000	0.0000	0.0000	0.0000	0.0000	0.0000	0.0000	1.9682	3.0884	0.0004	8.4259	9.7788	0.0010	0.0015	0.0026	0.0004	0.0001	0.0000	-0.3284	3.9997	5.0407	5.4032	17.1705	0.0000	0.0000	0.0000	0.0000	0.0000	0.0000	0.0000	0.0000	0.0000	0.7167	0.7166	0.0001	0.7163	0.7163	0.0000	0.0004	0.0003	0.0000	0.1418	0.1200	0.0218	0.0165	0.0155	0.0010	0.1254	0.1045	0.0209	0.3641	0.2320	0.1321	0.1207	0.1043	0.0164	0.2434	0.1277	0.1157	0.0000	0.0000	0.0000	0.0000	0.0000	0.0000	0.0000	0.0000	0.0000	1.9682	3.0884	0.0004	5.9351	6.8675	0.0010	0.0015	0.0026	0.0004	
26	127	0.1517	6	0	2	0	0	0	0	0	0	N	Y	N	N	N	N	N	N	N	N	N	N	0.0000	0.0000	0.0000	0.0000	0.0000	0.0000	0.0000	0.0000	0.0000	0.0000	0.0000	0.0000	0.0000	0.0000	0.0000	0.0000	0.0000	0.0000	0.0358	0.0513	0.0028	0.0993	0.1067	0.0215	0.0004	0.0001	0.0008	0.0259	0.0000	-0.0028	3.9997	1.9703	5.4032	6.2034	0.0000	0.0000	0.0000	0.0000	0.0000	0.0000	0.0000	0.0000	0.0000	0.0065	0.0063	0.0002	0.0065	0.0063	0.0001	0.0000	0.0000	0.0000	0.0606	0.0513	0.0093	0.0093	0.0089	0.0004	0.0513	0.0424	0.0089	0.1817	0.1236	0.0581	0.0649	0.0593	0.0056	0.1167	0.0643	0.0525	0.0000	0.0000	0.0000	0.0000	0.0000	0.0000	0.0000	0.0000	0.0000	0.0358	0.0513	0.0028	0.0993	0.1067	0.0215	0.0004	0.0001	0.0008	
26	128	0.1305	5	0	1	0	0	0	0	0	0	N	N	N	N	N	N	N	N	N	N	N	N	0.0000	0.0000	0.0000	0.0000	0.0000	0.0000	0.0000	0.0000	0.0000	0.0000	0.0000	0.0000	0.0000	0.0000	0.0000	0.0000	0.0000	0.0000	0.0647	0.1008	0.0073	0.2169	0.2435	0.0070	0.0038	0.0004	0.0073	0.0455	-0.0000	-0.0042	3.9997	1.1032	5.4032	7.8190	0.0000	0.0000	0.0000	0.0000	0.0000	0.0000	0.0000	0.0000	0.0000	0.0101	0.0096	0.0004	0.0096	0.0096	0.0000	0.0004	0.0000	0.0004	0.0283	0.0239	0.0044	0.0017	0.0016	0.0001	0.0266	0.0223	0.0042	0.1554	0.0953	0.0600	0.0444	0.0394	0.0050	0.1110	0.0560	0.0550	0.0000	0.0000	0.0000	0.0000	0.0000	0.0000	0.0000	0.0000	0.0000	0.0647	0.1008	0.0073	0.2169	0.2435	0.0070	0.0038	0.0004	0.0073	
26	129	0.4736	9	0	2	0	0	0	0	0	0	N	Y	N	N	N	N	N	N	N	N	N	N	0.0000	0.0000	0.0000	0.0000	0.0000	0.0000	0.0000	0.0000	0.0000	0.0000	0.0000	0.0000	0.0000	0.0000	0.0000	0.0000	0.0000	0.0001	0.0000	0.0000	0.0001	0.0000	0.0000	0.0000	inf	0.0000	0.0000	3.9997	1.0033	5.4032	0.8635	0.0000	0.0000	0.0000	0.0000	0.0000	0.0000	0.0000	0.0000	0.0000	0.0000	0.0000	0.0000	0.0000	0.0000	0.0000	0.0000	0.0000	0.0000	0.0880	0.0798	0.0082	0.0490	0.0465	0.0025	0.0390	0.0333	0.0058	0.3165	0.2404	0.0761	0.2043	0.1618	0.0425	0.1122	0.0786	0.0336	0.0000	0.0000	0.0000	0.0000	0.0000	0.0000	0.0000	0.0000	0.0000	0.0000	0.0000	0.0001	0.0000	0.0000	0.0001	0.0000	0.0000	0.0000				
26	130	0.4443	8	0	1	0	0	0	0	0	0	N	N	N	N	N	N	N	N	N	N	N	N	2.3088	0.4445	7.5013	0.2927	0.6065	0.0009	349.7190	15.4041	1289.3277	1.3115	0.1408	9.4828	0.2687	0.2857	0.0023	1.8824	0.0518	11.4134	0.5680	0.3167	1.2642	0.9182	0.4711	2.6896	0.0054	0.0034	0.0089	9.6514	1.4414	0.1240	0.0457	3.9997	5.5514	5.4032	9.9598	0.2667	0.0250	0.2417	0.0193	0.0193	0.0000	0.2474	0.0057	0.2417	0.3461	0.1418	0.2043	0.3448	0.1413	0.2036	0.0013	0.0005	0.0008	0.2034	0.1779	0.0255	0.0720	0.0676	0.0043	0.1314	0.1102	0.0212	0.6093	0.4476	0.1616	0.3755	0.2999	0.0757	0.2337	0.1478	0.0859	2.3088	0.4445	7.5013	0.2927	0.6065	0.0009	349.7190	15.4041	1289.3277	0.5680	0.3167	1.2642	0.9182	0.4711	2.6896	0.0054	0.0034	0.0089
26	131	0.4139	7	0	1	0	0	0	0	0	0	N	N	N	N	N	N	N	N	N	N	N	N	6.1868	9.1489	0.6240	0.0127	0.0197	0.0000	354.5356	347.2627	65.9999	3.4635	3.8799	0.5663	0.0118	0.0125	0.0000	4.8115	5.5623	0.6478	0.5598	0.4241	0.9074	0.9299	0.6344	2.0840	0.0136	0.0160	0.0098	0.0210	0.8355	-0.4270	-0.0011	3.9997	9.1969	5.4032	13.4651	1.0153	0.9944	0.0209	0.0010	0.0010	0.0000	1.0143	0.9934	0.0209	0.3593	0.1957	0.1635	0.3557	0.1932	0.1625	0.0035	0.0025	0.0010	0.2931	0.2563	0.0368	0.0823	0.0777	0.0046	0.2108	0.1786	0.0322	0.6417	0.4615	0.1802	0.3826	0.3046	0.0780	0.2592	0.1570	0.1022	6.1868	9.1489	0.6240	0.0127	0.0197	0.0000	354.5356	347.2627	65.9999	0.5598	0.4241	0.9074	0.9299	0.6344	2.0840	0.0136	0.0160	0.0098
26	132	0.2274	9	1	2	0	1	0	0	0	0	N	Y	N	N	N	N	N	N	N	N	N	N	0.0000	0.0000	0.0000	0.0000	0.0000	0.0000	0.0000	0.0000	0.0000	0.0000	0.0000	0.0000	0.0000	0.0026	0.0044	0.0000	0.0103	0.0121	0.0000	0.0000	0.0000	0.0000	0.0000	0.0000	-0.0001	3.9997	1.0000	5.4032	3.0001	0.0000	0.0000	0.0000	0.0000	0.0000	0.0000	0.0000	0.0000	0.0000	0.0001	0.0001	0.0000	0.0001	0.0001	0.0000	0.0000	0.0000	0.0000	0.0270	0.0229	0.0041	0.0024	0.0022	0.0002	0.0246	0.0207	0.0039	0.0581	0.0342	0.0240	0.0146	0.0124	0.0021	0.0436	0.0217	0.0218	0.0000	0.0000	0.0000	0.0000	0.0000	0.0000	0.0000	0.0000	0.0000	0.0026	0.0044	0.0000	0.0103	0.0121	0.0000	0.0000	0.0000	0.0000						
26	133	0.6263	13	1	2	0	1	0	0	0	0	N	Y	N	N	N	N	N	N	N	N	N	N	0.0000	0.0000	0.0000	0.0000	0.0000	0.0000	0.0000	0.0000	0.0000	0.0000	0.0000	0.0000	0.0000	0.0000	0.0000	0.0004	0.0000	0.0013	0.0007	0.0000	0.0038	0.0000	0.0000	0.0000	1040.1596	0.0000	0.0000	3.9997	0.0006	5.4032	1.9797	0.0000	0.0000	0.0000	0.0000	0.0000	0.0000	0.0000	0.0000	0.0000	0.0000	0.0000	0.0000	0.0000	0.0000	0.0000	0.0000	0.0000	0.0000	0.0000	0.0000	0.0000	0.0000	0.0000	0.0000	0.0000	0.0000	0.0000	0.0235	0.0162	0.0073	0.0138	0.0113	0.0026	0.0097	0.0050	0.0047	0.0000	0.0000	0.0000	0.0000	0.0000	0.0000	0.0000	0.0000	0.0000	0.0004	0.0000	0.0013	0.0007	0.0000	0.0038	0.0000	0.0000	0.0000				
26	134	0.6096	12	1	2	0	1	0	0	0	0	N	Y	N	N	N	N	N	N	N	N	N	N	0.0000	0.0000	0.0000	0.0000	0.0000	0.0000	0.0000	0.0000	0.0000	0.0000	0.0000	0.0000	0.0000	0.0000	0.0000	0.0001	0.0002	0.0000	0.0002	0.0002	0.0000	0.0000	0.0000	0.0000	0.0224	0.0000	-0.0000	3.9997	2.0077	5.4032	6.0321	0.0000	0.0000	0.0000	0.0000	0.0000	0.0000	0.0000	0.0000	0.0000	0.0000	0.0000	0.0000	0.0000	0.0000	0.0000	0.0000	0.0000	0.0000	0.0526	0.0456	0.0070	0.0155	0.0143	0.0012	0.0371	0.0313	0.0058	0.0865	0.0589	0.0276	0.0504	0.0403	0.0100	0.0361	0.0186	0.0175	0.0000	0.0000	0.0000	0.0000	0.0000	0.0000	0.0000	0.0000	0.0000	0.0001	0.0002	0.0000	0.0002	0.0002	0.0000	0.0000	0.0000	0.0000				
26	135	0.6048	12	0	2	0	1	0	0	0	0	N	Y	N	N	N	N	N	N	N	N	N	N	0.0005	0.0004	0.0000	22.2036	19.2057	0.0000	0.0000	0.0000	0.0000	0.0049	0.0057	0.0000	0.0178	0.0192	0.0000	0.0000	0.0000	0.0000	9.1723	15.5325	0.0000	0.0008	0.0010	0.0000	16.9834	32.6163	0.0000	0.0000	0.0000	-0.0002	-0.4577	3.9997	3.0348	5.4032	9.3583	0.0004	0.0004	0.0000	0.0004	0.0004	0.0000	0.0000	0.0000	0.0000	0.9986	0.9986	0.0000	0.0001	0.0001	0.0000	0.9986	0.9986	0.0000	0.0807	0.0696	0.0111	0.0224	0.0208	0.0017	0.0583	0.0488	0.0095	0.1497	0.1019	0.0478	0.0890	0.0713	0.0177	0.0607	0.0306	0.0301	0.0007	0.0006	0.0000	22.2036	19.2057	0.0000	0.0000	0.0000	0.0000	6.6704	9.8031	0.0000	0.0008	0.0010	0.0000	16.4414	32.6163	0.0000
26	136	0.5905	11	0	1	0	1	0	0	0	0	N	N	N	N	N	N	N	N	N	N	N	N	77.1446	24.9093	788.2108	0.0000	0.0000	0.0000	50.9582	13.3210	574.2724	0.2965	0.1218	1.3006	0.0000	0.0000	0.0000	0.4301	0.1854	1.4852	0.0038	0.0049	0.0017	0.0005	0.0006	0.0000	0.0084	0.0139	0.0026	1.8571	0.1611	0.0001	-0.0001	3.9997	0.0433	5.4032	6.6805	0.0004	0.0001	0.0003	0.0000	0.0000	0.0000	0.0004	0.0001	0.0003	0.0003	0.0002	0.0000	0.0000	0.0000	0.0000	0.0003	0.0002	0.0000	0.0013	0.0011	0.0002	0.0004	0.0004	0.0000	0.0009	0.0008	0.0002	0.0755	0.0511	0.0244	0.0436	0.0346	0.0090	0.0320	0.0165	0.0155	77.1446	24.9093	788.2108	0.0000	0.0000	0.0000	50.9582	13.3210	574.2724	0.0038	0.0049	0.0017	0.0005	0.0006	0.0000	0.0084	0.0139	0.0026
26	137	0.2570	11	0	2	0	1	0	0	0	0	N	Y	N	N	N	N	N	N	N	N	N	N	0.0000	0.0000	0.0000	0.0000	0.0000	0.0000	0.0000	0.0000	0.0000	0.0000	0.0000	0.0000	0.0000	0.0000	0.0000	0.0000	0.0000	0.0000	0.0000	0.0000	3.9997	0.0000	5.4032	0.0000	0.0000	0.0000	0.0000	0.0000	0.0000	0.0000	0.0000	0.0000	0.0000	0.0000	0.0000	0.0000	0.0000	0.0000	0.0000	0.0000	0.0000	0.0000	0.0000	0.0000	0.0000	0.0000	0.0000	0.0000	0.0000	0.0000	0.0000	0.0000	0.0000	0.0000	0.0000	0.0000	0.0000	0.0000	0.0000	0.0000	0.0000	0.0000	0.0000	0.0000	0.0000	0.0000	0.0000	0.0000	0.0000	0.0000	0.0000	0.0000	0.0000	0.0000	0.0000	0.0000	0.0000	0.0000											
26	138	0.2520	10	0	2	0	1	0	0	0	0	N	Y	N	N	N	N	N	N	N	N	N	N	0.0000	0.0000	0.0000	0.0000	0.0000	0.0000	0.0000	0.0000	0.0000	0.0000	0.0000	0.0000	0.0000	0.0000	0.0000	0.0000	0.0000	0.0000	0.0000	0.0000	0.0000	0.0000	0.0000	0.0000	-0.0000	3.9997	0.0021	5.4032	2.0000	0.0000	0.0000	0.0000	0.0000	0.0000	0.0000	0.0000	0.0000	0.0000	0.0000	0.0000	0.0000	0.0000	0.0000	0.0000	0.0000	0.0000	0.0000	0.0002	0.0001	0.0000	0.0001	0.0001	0.0000	0.0001	0.0000	0.0000	0.0287	0.0171	0.0116	0.0080	0.0068	0.0011	0.0208	0.0103	0.0104	0.0000	0.0000	0.0000	0.0000	0.0000	0.0000	0.0000	0.0000	0.0000	0.0000	0.0000	0.0000	0.0000	0.0000	0.0000	0.0000	0.0000	0.0000						
26	139	0.2418	9	0	1	0	1	0	0	0	0	N	N	N	N	N	N	N	N	N	N	N	N	0.0000	0.0000	0.0000	0.0000	0.0000	0.0000	0.0000	0.0000	0.0000	0.0000	0.0000	0.0000	0.0000	0.0000	0.0000	0.0000	0.0002	0.0003	0.0000	0.0006	0.0007	0.0000	0.0000	0.0000	0.0000	0.0002	0.0000	-0.0000	3.9997	1.0020	5.4032	3.0181	0.0000	0.0000	0.0000	0.0000	0.0000	0.0000	0.0000	0.0000	0.0000	0.0000	0.0000	0.0000	0.0000	0.0000	0.0000	0.0000	0.0000	0.0000	0.0270	0.0230	0.0041	0.0025	0.0023	0.0002	0.0245	0.0206	0.0039	0.0583	0.0345	0.0238	0.0157	0.0134	0.0023	0.0426	0.0211	0.0215	0.0000	0.0000	0.0000	0.0000	0.0000	0.0000	0.0000	0.0000	0.0000	0.0002	0.0003	0.0000	0.0006	0.0007	0.0000	0.0000	0.0000	0.0000			
26	140	0.2274	9	0	2	0	0	0	0	0	0	N	Y	N	N	N	N	N	N	N	N	N	N	0.0000	0.0000	0.0000	0.0000	0.0000	0.0000	0.0000	0.0000	0.0000	0.0000	0.0000	0.0000	0.0000	0.0000	0.0000	0.0000	0.0000	0.0000	0.0000	0.0000	3.9997	0.0000	5.4032	4.0001	0.0000	0.0000	0.0000	0.0000	0.0000	0.0000	0.0000	0.0000	0.0000	0.0000	0.0000	0.0000	0.0000	0.0000	0.0000	0.0000	0.0000	0.0000	0.0000	0.0000	0.0000	0.0000	0.0000	0.0000	0.0000	0.0000	0.0000	0.0581	0.0342	0.0240	0.0146	0.0124	0.0021	0.0436	0.0217	0.0218	0.0000	0.0000	0.0000	0.0000	0.0000	0.0000	0.0000	0.0000	0.0000	0.0000	0.0000	0.0000	0.0000	0.0000	0.0000	0.0000	0.0000	0.0000											
26	141	0.6051	11	0	2	0	0	0	0	0	0	N	Y	N	N	N	N	N	N	N	N	N	N	0.0000	0.0000	0.0000	0.0000	0.0000	0.0000	0.0000	0.0000	0.0000	0.0000	0.0000	0.0000	0.0000	0.0000	0.0000	0.0000	0.0000	0.0000	0.0000	0.0000	0.0000	0.0000	0.0000	0.0000	0.0000	0.0000	0.2460	0.0000	-0.0000	3.9997	1.0003	5.4032	5.0186	0.0000	0.0000	0.0000	0.0000	0.0000	0.0000	0.0000	0.0000	0.0000	0.0000	0.0000	0.0000	0.0000	0.0000	0.0000	0.0000	0.0000	0.0000	0.0262	0.0227	0.0035	0.0077	0.0071	0.0006	0.0185	0.0156	0.0029	0.0659	0.0449	0.0210	0.0384	0.0308	0.0076	0.0275	0.0141	0.0134	0.0000	0.0000	0.0000	0.0000	0.0000	0.0000	0.0000	0.0000	0.0000	0.0000	0.0000	0.0000	0.0000	0.0000	0.0000	0.0000	0.0000	0.0000		
26	142	0.2418	9	0	1	1	1	0	0	0	0	N	N	N	N	N	N	N	N	N	N	N	N	0.0000	0.0000	0.0000	0.0000	0.0000	0.0000	0.0000	0.0000	0.0000	0.0000	0.0000	0.0000	0.0000	0.0000	0.0000	0.0000	0.0001	0.0001	0.0000	0.0003	0.0003	0.0000	0.0000	0.0000	0.0000	0.0008	0.0000	-0.0000	3.9997	0.0001	5.4032	9.0026	0.0000	0.0000	0.0000	0.0000	0.0000	0.0000	0.0000	0.0000	0.0000	0.0000	0.0000	0.0000	0.0000	0.0000	0.0000	0.0000	0.0000	0.0000	0.0000	0.0000	0.0000	0.0000	0.0000	0.0000	0.0000	0.0000	0.0000	0.1278	0.0758	0.0520	0.0342	0.0293	0.0049	0.0936	0.0465	0.0471	0.0000	0.0000	0.0000	0.0000	0.0000	0.0000	0.0000	0.0000	0.0000	0.0001	0.0001	0.0000	0.0003	0.0003	0.0000	0.0000	0.0000	0.0000			
26	143	0.5905	11	0	1	1	1	0	0	0	0	N	N	N	N	N	N	N	N	N	N	N	N	0.0000	0.0000	0.0000	0.0000	0.0000	0.0000	0.0000	0.0000	0.0000	0.0000	0.0000	0.0000	0.0000	0.0000	0.0000	0.0000	0.0000	0.0000	0.0000	0.0000	0.0000	0.0000	0.0000	0.0000	0.0000	0.0000	0.0162	0.0000	-0.0000	3.9997	2.0061	5.4032	8.0425	0.0000	0.0000	0.0000	0.0000	0.0000	0.0000	0.0000	0.0000	0.0000	0.0000	0.0000	0.0000	0.0000	0.0000	0.0000	0.0000	0.0000	0.0000	0.0522	0.0451	0.0071	0.0142	0.0131	0.0011	0.0380	0.0319	0.0060	0.1106	0.0747	0.0359	0.0637	0.0506	0.0132	0.0469	0.0242	0.0227	0.0000	0.0000	0.0000	0.0000	0.0000	0.0000	0.0000	0.0000	0.0000	0.0000	0.0000	0.0000	0.0000	0.0000	0.0000	0.0000	0.0000	0.0000		
26	144	0.5814	10	0	1	0	1	0	0	0	0	N	N	N	N	N	N	N	N	N	N	N	N	0.0000	0.0000	0.0000	0.0000	0.0000	0.0000	0.0000	0.0000	0.0000	0.0000	0.0000	0.0000	0.0000	0.0000	0.0000	0.0000	0.0000	0.0000	0.0004	0.0005	0.0001	0.0007	0.0007	0.0003	0.0000	0.0000	0.0000	0.0782	0.0000	-0.0000	3.9997	1.9550	5.4032	2.1189	0.0000	0.0000	0.0000	0.0000	0.0000	0.0000	0.0000	0.0000	0.0000	0.0000	0.0000	0.0000	0.0000	0.0000	0.0000	0.0000	0.0000	0.0000	0.0547	0.0471	0.0076	0.0179	0.0162	0.0017	0.0368	0.0309	0.0059	0.0705	0.0509	0.0196	0.0385	0.0332	0.0053	0.0320	0.0178	0.0142	0.0000	0.0000	0.0000	0.0000	0.0000	0.0000	0.0000	0.0000	0.0000	0.0004	0.0005	0.0001	0.0007	0.0007	0.0003	0.0000	0.0000	0.0000	
26	145	0.5814	10	0	1	1	1	0	0	0	0	N	N	N	N	N	N	N	N	N	N	N	N	0.0000	0.0000	0.0000	0.0000	0.0000	0.0000	0.0000	0.0000	0.0000	0.0000	0.0000	0.0000	0.0000	0.0000	0.0000	0.0000	0.0000	0.0000	0.0486	0.0708	0.0000	0.0859	0.1055	0.0000	0.0016	0.0031	0.0000	0.0000	0.0000	-0.0053	3.9997	2.1261	5.4032	18.6477	0.0000	0.0000	0.0000	0.0000	0.0000	0.0000	0.0000	0.0000	0.0000	0.0116	0.0116	0.0000	0.0115	0.0115	0.0000	0.0002	0.0002	0.0000	0.0591	0.0509	0.0082	0.0192	0.0174	0.0018	0.0399	0.0336	0.0064	0.2395	0.1643	0.0752	0.1335	0.1087	0.0248	0.1060	0.0556	0.0504	0.0000	0.0000	0.0000	0.0000	0.0000	0.0000	0.0000	0.0000	0.0000	0.0486	0.0708	0.0000	0.0859	0.1055	0.0000	0.0016	0.0031	0.0000	
26	146	0.2418	9	0	1	1	1	0	0	0	0	N	N	N	N	N	N	N	N	N	N	N	N	0.0000	0.0000	0.0000	0.0000	0.0000	0.0000	0.0000	0.0000	0.0000	0.0000	0.0000	0.0000	0.0000	0.0000	0.0000	0.0000	0.0001	0.0001	0.0000	0.0003	0.0004	0.0000	0.0000	0.0000	0.0000	0.0008	0.0000	-0.0000	3.9997	2.0001	5.4032	5.9880	0.0000	0.0000	0.0000	0.0000	0.0000	0.0000	0.0000	0.0000	0.0000	0.0000	0.0000	0.0000	0.0000	0.0000	0.0000	0.0000	0.0000	0.0000	0.0537	0.0456	0.0081	0.0049	0.0046	0.0004	0.0488	0.0410	0.0077	0.1139	0.0675	0.0464	0.0305	0.0261	0.0044	0.0834	0.0414	0.0420	0.0000	0.0000	0.0000	0.0000	0.0000	0.0000	0.0000	0.0000	0.0000	0.0001	0.0001	0.0000	0.0003	0.0004	0.0000	0.0000	0.0000	0.0000			
26	147	0.2418	9	0	1	1	1	0	0	0	0	N	N	N	N	N	N	N	N	N	N	N	N	0.0160	0.0112	0.0000	0.0000	0.0000	50531.5571	inf	0.0000	0.0013	0.0016	0.0000	0.0000	0.0000	0.0000	0.0015	0.0017	0.0000	0.0827	0.1389	0.0000	0.3125	0.3640	0.0000	0.0000	0.0000	0.0000	0.0000	0.0000	-0.0001	-0.0157	3.9997	9.0001	5.4032	23.0169	0.0003	0.0003	0.0000	0.0000	0.0000	0.0000	0.0003	0.0003	0.0000	0.0343	0.0343	0.0000	0.0343	0.0343	0.0000	0.0000	0.0000	0.0000	0.2340	0.1991	0.0349	0.0215	0.0199	0.0016	0.2125	0.1791	0.0333	0.4145	0.2469	0.1676	0.1097	0.0942	0.0155	0.3048	0.1527	0.1521	0.0160	0.0112	0.0000	0.0000	0.0000	0.0000	50531.5571	inf	0.0000	0.0827	0.1389	0.0000	0.3125	0.3640	0.0000	0.0000	0.0000	0.0000	
26	148	0.2164	8	0	1	0	1	0	0	0	0	N	N	N	N	N	N	N	N	N	N	N	N	34.3643	0.0000	113.0940	7.0257	0.0000	98.5314	34.8859	0.0000	110.0485	0.0122	0.0000	0.0806	0.0020	0.0000	0.0280	0.0132	0.0000	0.0830	0.0004	0.0001	0.0007	0.0003	0.0003	0.0003	0.0004	0.0000	0.0008	inf	4.3404	0.0004	0.0000	3.9997	1.9990	5.4032	7.9526	0.0007	0.0000	0.0007	0.0000	0.0000	0.0000	0.0006	0.0000	0.0006	0.0001	0.0000	0.0000	0.0000	0.0000	0.0000	0.0000	0.0000	0.0000	0.0540	0.0458	0.0082	0.0049	0.0046	0.0004	0.0490	0.0412	0.0078	0.1510	0.0898	0.0612	0.0400	0.0346	0.0054	0.1110	0.0552	0.0558	34.3643	0.0000	113.0940	7.0257	0.0000	98.5314	34.8859	0.0000	110.0485	0.0004	0.0001	0.0007	0.0003	0.0003	0.0003	0.0004	0.0000	0.0008
26	149	0.1845	7	1	2	0	0	0	0	0	0	N	Y	N	N	N	N	N	N	N	N	N	N	623.2330	0.0000	1739.2420	4.8982	0.0000	346.0226	576.2661	0.0000	1650.0371	2.3854	0.0000	16.0480	0.0051	0.0000	0.1476	2.8397	0.0000	16.6675	0.0038	0.0005	0.0092	0.0010	0.0011	0.0004	0.0049	0.0000	0.0101	inf	12.5240	0.2265	0.0006	3.9997	5.3497	5.4032	17.2225	0.4053	0.0000	0.4053	0.0001	0.0000	0.0001	0.4051	0.0000	0.4051	0.0013	0.0001	0.0012	0.0001	0.0001	0.0000	0.0012	0.0000	0.0012	0.1699	0.1446	0.0253	0.0272	0.0263	0.0009	0.1427	0.1184	0.0243	0.3521	0.2168	0.1353	0.0999	0.0876	0.0122	0.2522	0.1292	0.1230	623.2330	0.0000	1739.2420	4.8982	0.0000	346.0226	576.2661	0.0000	1650.0371	0.0038	0.0005	0.0092	0.0010	0.0011	0.0004	0.0049	0.0000	0.0101
26	150	0.2153	8	0	2	0	0	0	0	0	0	N	Y	N	N	N	N	N	N	N	N	N	N	39.3870	29.1144	0.0024	50.8759	47.5157	0.0049	0.0007	0.0000	0.0020	2.1808	2.5129	0.0000	8.0190	8.2889	0.0000	0.0000	0.0000	0.0000	0.0554	0.0863	0.0005	0.1576	0.1744	0.0011	0.0002	0.0000	0.0005	0.0000	0.0035	-0.1520	-0.0100	3.9997	3.6794	5.4032	17.4287	0.3447	0.3447	0.0000	0.3447	0.3447	0.0000	0.0000	0.0000	0.0000	0.0219	0.0219	0.0001	0.0219	0.0219	0.0000	0.0001	0.0000	0.0001	0.1580	0.1372	0.0209	0.0430	0.0416	0.0014	0.1151	0.0956	0.0195	0.3963	0.2533	0.1430	0.1388	0.1253	0.0135	0.2575	0.1280	0.1295	39.3870	29.1144	0.0024	50.8759	47.5157	0.0049	0.0007	0.0000	0.0020	0.0554	0.0863	0.0005	0.1576	0.1744	0.0011	0.0002	0.0000	0.0005
26	151	0.1845	7	0	2	0	0	0	0	0	0	N	Y	N	N	N	N	N	N	N	N	N	N	75.2960	46.4006	562.3148	99.6049	91.4743	113.9707	161.9255	38.0734	533.6169	4.5275	4.0889	7.0321	17.7528	18.2404	0.0709	1.4269	0.1625	7.2786	0.0601	0.0881	0.0125	0.1782	0.1994	0.0006	0.0088	0.0043	0.0136	0.3012	0.0834	-0.1148	-0.0055	3.9997	3.4464	5.4032	10.1316	0.5477	0.4209	0.1268	0.4079	0.4078	0.0000	0.1398	0.0131	0.1267	0.0144	0.0133	0.0011	0.0129	0.0129	0.0000	0.0015	0.0004	0.0011	0.1210	0.1029	0.0180	0.0230	0.0224	0.0006	0.0980	0.0806	0.0174	0.2399	0.1511	0.0888	0.0727	0.0649	0.0077	0.1672	0.0862	0.0811	75.2960	46.4006	562.3148	99.6049	91.4743	113.9707	161.9255	38.0734	533.6169	0.0601	0.0881	0.0125	0.1782	0.1994	0.0006	0.0088	0.0043	0.0136
26	152	0.6118	13	1	2	0	0	0	0	0	0	N	Y	N	N	N	N	N	N	N	N	N	N	0.0023	0.0481	0.0029	0.0025	0.0000	0.0081	0.0077	inf	0.0000	0.0159	0.0000	0.1193	0.0526	0.0000	0.7028	0.0000	0.0000	0.0000	6.9799	0.0001	41.7483	21.3213	0.0002	86.6957	0.0008	0.0000	0.0017	3556.2316	77670.2699	0.0002	0.4202	3.9997	1.0143	5.4032	12.0086	0.0004	0.0000	0.0004	0.0004	0.0000	0.0004	0.0000	0.0000	0.0000	0.7757	0.0000	0.7757	0.7757	0.0000	0.7757	0.0000	0.0000	0.0000	0.0271	0.0235	0.0036	0.0082	0.0076	0.0006	0.0189	0.0160	0.0030	0.1373	0.0935	0.0439	0.0796	0.0637	0.0159	0.0577	0.0298	0.0280	0.0028	0.0481	0.0067	0.0054	0.0000	0.0144	0.0077	inf	0.0000	5.6479	0.0001	17.6867	9.7398	0.0002	48.7716	0.0008	0.0000	0.0017
26	153	0.6096	12	1	2	0	0	0	0	0	0	N	Y	N	N	N	N	N	N	N	N	N	N	0.0016	0.0013	0.0033	0.0031	0.0029	0.0071	0.0000	0.0000	0.0000	0.0000	0.0000	0.0000	0.0000	0.0001	0.0000	0.0000	0.0000	0.0042	0.0041	0.0045	0.0072	0.0059	0.0123	0.0000	0.0000	0.0000	0.4268	0.5159	-0.0000	-0.0000	3.9997	0.9811	5.4032	0.0216	0.0000	0.0000	0.0000	0.0000	0.0000	0.0000	0.0000	0.0000	0.0000	0.0000	0.0000	0.0000	0.0000	0.0000	0.0000	0.0000	0.0000	0.0000	0.0259	0.0225	0.0035	0.0077	0.0071	0.0006	0.0182	0.0154	0.0029	0.0112	0.0076	0.0036	0.0065	0.0053	0.0013	0.0047	0.0024	0.0023	0.0016	0.0013	0.0033	0.0031	0.0029	0.0071	0.0000	0.0000	0.0000	0.0042	0.0041	0.0045	0.0072	0.0059	0.0123	0.0000	0.0000	0.0000	
26	154	0.6051	11	1	2	0	0	0	0	0	0	N	Y	N	N	N	N	N	N	N	N	N	N	0.0000	0.0000	0.0000	0.0000	0.0000	0.0000	0.0000	0.0000	0.0000	0.0000	0.0000	0.0000	0.0000	0.0000	0.0000	0.0000	0.0000	0.0000	0.0000	0.0000	0.0000	0.0000	0.0000	0.0000	0.0000	0.0000	0.2189	0.0000	-0.0000	3.9997	0.0083	5.4032	2.0001	0.0000	0.0000	0.0000	0.0000	0.0000	0.0000	0.0000	0.0000	0.0000	0.0000	0.0000	0.0000	0.0000	0.0000	0.0000	0.0000	0.0000	0.0000	0.0003	0.0002	0.0000	0.0001	0.0001	0.0000	0.0002	0.0001	0.0000	0.0229	0.0156	0.0072	0.0133	0.0107	0.0026	0.0096	0.0049	0.0047	0.0000	0.0000	0.0000	0.0000	0.0000	0.0000	0.0000	0.0000	0.0000	0.0000	0.0000	0.0000	0.0000	0.0000	0.0000	0.0000	0.0000	0.0000		
26	155	0.5814	10	0	2	0	0	0	0	0	0	N	Y	N	N	N	N	N	N	N	N	N	N	0.0000	0.0000	0.0000	0.0000	0.0000	0.0000	0.0000	0.0000	0.0000	0.0000	0.0000	0.0000	0.0000	0.0000	0.0000	0.0000	0.0000	0.0000	0.0004	0.0004	0.0003	0.0007	0.0007	0.0008	0.0000	0.0000	0.0000	0.2508	0.0000	-0.0000	3.9997	2.9180	5.4032	7.4065	0.0000	0.0000	0.0000	0.0000	0.0000	0.0000	0.0000	0.0000	0.0000	0.0001	0.0000	0.0000	0.0001	0.0000	0.0000	0.0000	0.0000	0.0000	0.0794	0.0685	0.0108	0.0250	0.0228	0.0022	0.0544	0.0458	0.0086	0.1363	0.0950	0.0412	0.0757	0.0627	0.0130	0.0606	0.0324	0.0282	0.0000	0.0000	0.0000	0.0000	0.0000	0.0000	0.0000	0.0000	0.0000	0.0004	0.0004	0.0003	0.0007	0.0007	0.0008	0.0000	0.0000	0.0000	
26	156	0.5156	9	0	1	0	0	0	0	0	0	N	N	N	N	N	N	N	N	N	N	N	N	0.0003	0.0002	0.0000	0.0004	0.0004	0.0000	0.0000	0.0000	0.0000	0.0004	0.0005	0.0000	0.0010	0.0011	0.0000	0.0000	0.0000	0.0000	1.4539	2.0353	0.0000	2.2967	2.8414	0.0001	0.0194	0.0350	0.0000	0.0000	0.0000	-0.0001	-0.3348	3.9997	8.2479	5.4032	19.7214	0.0001	0.0001	0.0000	0.0001	0.0001	0.0000	0.0000	0.0000	0.0000	0.7305	0.7305	0.0000	0.7269	0.7269	0.0000	0.0036	0.0036	0.0000	0.3331	0.2896	0.0435	0.1396	0.1259	0.0137	0.1935	0.1637	0.0298	0.5024	0.3589	0.1435	0.3165	0.2558	0.0607	0.1859	0.1031	0.0828	0.0003	0.0002	0.0000	0.0004	0.0004	0.0000	0.0000	0.0000	0.0000	1.4539	2.0353	0.0000	2.2967	2.8414	0.0001	0.0194	0.0350	0.0000
26	157	0.4794	8	0	1	0	0	0	0	0	0	N	N	N	N	N	N	N	N	N	N	N	N	0.0008	0.0006	0.0067	0.0003	0.0003	0.0000	0.0523	0.0351	0.1649	0.0007	0.0006	0.0013	0.0004	0.0004	0.0000	0.0009	0.0007	0.0016	0.8527	1.1226	0.1930	1.3243	1.6232	0.3611	0.0168	0.0211	0.0099	0.3076	0.0703	-0.0000	-0.1884	3.9997	7.4725	5.4032	14.3153	0.0002	0.0001	0.0000	0.0000	0.0000	0.0000	0.0001	0.0001	0.0000	0.4799	0.4484	0.0315	0.4765	0.4458	0.0308	0.0034	0.0026	0.0008	0.2368	0.2057	0.0311	0.0770	0.0703	0.0066	0.1598	0.1354	0.0245	0.5628	0.3994	0.1634	0.3598	0.2746	0.0852	0.2030	0.1248	0.0782	0.0008	0.0006	0.0067	0.0003	0.0003	0.0000	0.0523	0.0351	0.1649	0.8527	1.1226	0.1930	1.3243	1.6232	0.3611	0.0168	0.0211	0.0099
26	158	0.4139	7	0	1	0	0	0	0	0	0	N	N	N	N	N	N	N	N	N	N	N	N	0.0166	0.0236	0.0000	0.0362	0.0536	0.0000	0.0216	0.0201	0.0000	0.0084	0.0097	0.0000	0.0313	0.0333	0.0000	0.0001	0.0002	0.0000	0.5073	0.4090	0.7486	0.8646	0.6213	1.8125	0.0068	0.0086	0.0041	0.0000	0.7458	-0.0013	-0.0114	3.9997	11.6653	5.4032	19.4910	0.0030	0.0030	0.0000	0.0029	0.0029	0.0000	0.0000	0.0000	0.0000	0.3655	0.2093	0.1561	0.3634	0.2078	0.1556	0.0020	0.0015	0.0005	0.3505	0.3059	0.0446	0.0931	0.0877	0.0055	0.2574	0.2182	0.0391	0.7204	0.5118	0.2086	0.4204	0.3345	0.0859	0.3001	0.1774	0.1227	0.0166	0.0236	0.0000	0.0362	0.0536	0.0000	0.0216	0.0201	0.0000	0.5073	0.4090	0.7486	0.8646	0.6213	1.8125	0.0068	0.0086	0.0041
26	159	0.3667	6	0	1	0	0	0	0	0	0	N	N	N	N	N	N	N	N	N	N	N	N	0.0308	0.0254	0.0648	0.0098	0.0104	0.0000	1.5304	1.4407	1.8110	0.0133	0.0131	0.0150	0.0075	0.0081	0.0000	0.0169	0.0165	0.0191	0.4330	0.5165	0.2314	0.7671	0.7794	0.7057	0.0110	0.0114	0.0105	0.1591	0.1854	-0.0012	-0.0857	3.9997	7.3933	5.4032	20.5306	0.0038	0.0033	0.0005	0.0008	0.0008	0.0000	0.0030	0.0025	0.0005	0.2839	0.2395	0.0444	0.2807	0.2376	0.0430	0.0032	0.0018	0.0014	0.2840	0.2494	0.0347	0.1076	0.1001	0.0074	0.1765	0.1492	0.0272	0.6556	0.4637	0.1919	0.3659	0.3049	0.0610	0.2897	0.1588	0.1310	0.0308	0.0254	0.0648	0.0098	0.0104	0.0000	1.5304	1.4407	1.8110	0.4330	0.5165	0.2314	0.7671	0.7794	0.7057	0.0110	0.0114	0.0105
26	160	0.1305	5	0	1	0	0	0	0	0	0	N	N	N	N	N	N	N	N	N	N	N	N	0.0209	0.0126	1.4404	0.0341	0.0318	0.0000	0.0411	0.0204	1.4313	0.0025	0.0025	0.0027	0.0123	0.0133	0.0000	0.0020	0.0018	0.0028	0.1219	0.2002	0.0019	0.3606	0.4164	0.0011	0.0479	0.0895	0.0020	0.1867	0.0061	-0.0005	-0.0503	3.9997	27.6416	5.4032	54.6365	0.0016	0.0013	0.0002	0.0004	0.0004	0.0000	0.0012	0.0009	0.0002	0.1112	0.1105	0.0007	0.0778	0.0778	0.0000	0.0333	0.0327	0.0006	0.6232	0.5312	0.0920	0.0349	0.0323	0.0025	0.5883	0.4989	0.0895	0.9115	0.5519	0.3597	0.2159	0.1868	0.0290	0.6957	0.3650	0.3307	0.0209	0.0126	1.4404	0.0341	0.0318	0.0000	0.0411	0.0204	1.4313	0.1219	0.2002	0.0019	0.3606	0.4164	0.0011	0.0479	0.0895	0.0020
26	161	0.2350	11	1	2	0	0	0	0	0	0	N	Y	N	N	N	N	N	N	N	N	N	N	47.1073	31.4633	0.0000	0.0000	61677.9764	36709.8058	0.0028	0.0031	0.0000	0.0000	0.0000	0.0000	0.0044	0.0053	0.0000	0.0001	0.0001	0.0000	0.0002	0.0003	0.0000	0.0000	0.0000	0.0000	0.0000	0.0000	-0.0000	-0.0000	3.9997	0.0002	5.4032	3.0099	0.0000	0.0000	0.0000	0.0000	0.0000	0.0000	0.0000	0.0000	0.0000	0.0000	0.0000	0.0000	0.0000	0.0000	0.0000	0.0000	0.0000	0.0000	0.0000	0.0000	0.0000	0.0000	0.0000	0.0000	0.0000	0.0000	0.0000	0.0449	0.0266	0.0183	0.0115	0.0099	0.0016	0.0334	0.0167	0.0167	47.1073	31.4633	0.0000	0.0000	0.0000	0.0000	61677.9764	36709.8058	0.0000	0.0001	0.0001	0.0000	0.0002	0.0003	0.0000	0.0000	0.0000	0.0000			
26	162	0.2274	10	1	2	0	0	0	0	0	0	N	Y	N	N	N	N	N	N	N	N	N	N	67.5766	1922.1403	0.0000	0.0000	0.0000	0.0000	56.3093	1430.4939	0.0000	0.0041	0.0048	0.0000	0.0000	0.0000	0.0000	0.0045	0.0053	0.0000	0.0001	0.0000	0.0001	0.0000	0.0000	0.0000	0.0001	0.0000	0.0002	0.0000	40.0697	-0.0000	0.0000	3.9997	0.9998	5.4032	2.0118	0.0001	0.0001	0.0000	0.0000	0.0000	0.0000	0.0001	0.0001	0.0000	0.0000	0.0000	0.0000	0.0000	0.0000	0.0000	0.0000	0.0000	0.0000	0.0270	0.0229	0.0041	0.0024	0.0022	0.0002	0.0246	0.0207	0.0039	0.0440	0.0258	0.0181	0.0110	0.0094	0.0016	0.0329	0.0164	0.0165	67.5766	1922.1403	0.0000	0.0000	0.0000	0.0000	56.3093	1430.4939	0.0000	0.0001	0.0000	0.0001	0.0000	0.0000	0.0000	0.0001	0.0000	0.0002
26	163	0.2274	9	1	2	0	0	0	0	0	0	N	Y	N	N	N	N	N	N	N	N	N	N	0.0000	0.0000	0.0000	0.0000	0.0000	0.0000	0.0000	0.0000	0.0000	0.0000	0.0000	0.0000	0.0000	0.0000	0.0000	0.0000	0.0000	0.0000	0.0000	0.0000	3.9997	0.0000	5.4032	0.0003	0.0000	0.0000	0.0000	0.0000	0.0000	0.0000	0.0000	0.0000	0.0000	0.0000	0.0000	0.0000	0.0000	0.0000	0.0000	0.0000	0.0000	0.0000	0.0000	0.0000	0.0000	0.0000	0.0000	0.0000	0.0000	0.0000	0.0000	0.0000	0.0000	0.0000	0.0000	0.0000	0.0000	0.0000	0.0000	0.0000	0.0000	0.0000	0.0000	0.0000	0.0000	0.0000	0.0000	0.0000	0.0000	0.0000	0.0000	0.0000	0.0000	0.0000	0.0000	0.0000	0.0000	0.0000											
26	164	0.2164	8	0	2	0	0	0	0	0	0	N	Y	N	N	N	N	N	N	N	N	N	N	2308.7364	0.0000	5250.9146	661.0198	0.0000	12946.2841	2616.8253	0.0000	4945.2550	1.3930	0.0000	7.8948	0.0597	0.0000	7.3817	2.1218	0.0000	7.9033	0.0006	0.0000	0.0015	0.0001	0.0000	0.0006	0.0008	0.0000	0.0016	inf	108.4522	0.0004	0.0000	3.9997	0.0063	5.4032	4.3641	0.0007	0.0000	0.0007	0.0000	0.0000	0.0000	0.0006	0.0000	0.0006	0.0000	0.0000	0.0000	0.0000	0.0000	0.0000	0.0000	0.0000	0.0000	0.0005	0.0004	0.0001	0.0002	0.0002	0.0000	0.0003	0.0002	0.0001	0.0736	0.0443	0.0293	0.0212	0.0185	0.0027	0.0524	0.0258	0.0266	2308.7364	0.0000	5250.9146	661.0198	0.0000	12946.2841	2616.8253	0.0000	4945.2550	0.0006	0.0000	0.0015	0.0001	0.0000	0.0006	0.0008	0.0000	0.0016
26	165	0.1845	7	0	1	0	0	0	0	0	0	N	N	N	N	N	N	N	N	N	N	N	N	395.4895	22.1610	986.0473	16.1770	39.2321	28.1368	365.8876	8.3307	961.6940	4.1853	0.0048	28.0261	0.0255	0.0192	0.3081	5.3284	0.0001	28.9243	0.0106	0.0002	0.0284	0.0016	0.0005	0.0109	0.0146	0.0000	0.0301	1023.3760	76.2131	0.2262	0.0013	3.9997	2.5207	5.4032	10.0226	0.4054	0.0004	0.4050	0.0005	0.0004	0.0001	0.4049	0.0000	0.4049	0.0024	0.0000	0.0024	0.0001	0.0000	0.0001	0.0023	0.0000	0.0023	0.0969	0.0824	0.0145	0.0209	0.0204	0.0005	0.0760	0.0620	0.0140	0.2264	0.1432	0.0832	0.0694	0.0622	0.0072	0.1570	0.0810	0.0760	395.4895	22.1610	986.0473	16.1770	39.2321	28.1368	365.8876	8.3307	961.6940	0.0106	0.0002	0.0284	0.0016	0.0005	0.0109	0.0146	0.0000	0.0301
26	166	0.1689	6	0	1	0	0	0	0	0	0	N	N	N	N	N	N	N	N	N	N	N	N	99.8632	7.3013	293.9813	10.6394	11.9264	0.3188	103.1053	160.3075	305.6519	5.1391	0.0744	38.2064	0.2324	0.2423	0.0131	6.9842	0.0020	41.9324	0.0515	0.0102	0.1300	0.0218	0.0203	0.0412	0.0677	0.0000	0.1372	78.6187	6.7017	0.3224	0.0039	3.9997	2.6894	5.4032	4.6619	0.5901	0.0074	0.5827	0.0073	0.0073	0.0000	0.5829	0.0001	0.5827	0.0095	0.0012	0.0082	0.0014	0.0012	0.0002	0.0080	0.0000	0.0080	0.1148	0.0996	0.0153	0.0314	0.0300	0.0014	0.0835	0.0696	0.0139	0.1839	0.1206	0.0634	0.0652	0.0605	0.0048	0.1187	0.0601	0.0586	99.8632	7.3013	293.9813	10.6394	11.9264	0.3188	103.1053	160.3075	305.6519	0.0515	0.0102	0.1300	0.0218	0.0203	0.0412	0.0677	0.0000	0.1372
26	167	0.1305	5	0	1	0	0	0	0	0	0	N	N	N	N	N	N	N	N	N	N	N	N	1.2127	0.0086	3.7016	0.0000	0.0000	0.0000	1.1455	3.1617	3.5586	0.2536	0.0005	1.6501	0.0000	0.0000	0.0000	0.2690	0.0005	1.6951	0.2092	0.0584	0.4458	0.1419	0.1460	0.1110	0.2348	0.0002	0.4763	597.3274	4.8608	0.0100	0.0146	3.9997	2.7966	5.4032	8.5340	0.0179	0.0000	0.0179	0.0000	0.0000	0.0000	0.0179	0.0000	0.0179	0.0393	0.0067	0.0326	0.0074	0.0067	0.0007	0.0320	0.0000	0.0319	0.0707	0.0598	0.0108	0.0040	0.0038	0.0003	0.0666	0.0561	0.0106	0.1881	0.1149	0.0732	0.0520	0.0459	0.0061	0.1361	0.0690	0.0671	1.2127	0.0086	3.7016	0.0000	0.0000	0.0000	1.1455	3.1617	3.5586	0.2092	0.0584	0.4458	0.1419	0.1460	0.1110	0.2348	0.0002	0.4763
27	28	0.6388	14	0	2	0	2	0	0	0	0	N	Y	N	Y	N	N	N	N	N	N	N	N	0.0000	0.0000	0.0000	0.0000	0.0000	0.0000	0.0000	0.0000	0.0000	0.0000	0.0000	0.0000	0.0000	0.0000	0.0000	0.0000	0.0000	0.0000	0.0000	0.0000	4.9655	0.0000	10.6561	0.0000	0.0000	0.0000	0.0000	0.0000	0.0000	0.0000	0.0000	0.0000	0.0000	0.0000	0.0000	0.0000	0.0000	0.0000	0.0000	0.0000	0.0000	0.0000	0.0000	0.0000	0.0000	0.0000	0.0000	0.0000	0.0000	0.0000	0.0000	0.0000	0.0000	0.0000	0.0000	0.0000	0.0000	0.0000	0.0000	0.0000	0.0000	0.0000	0.0000	0.0000	0.0000	0.0000	0.0000	0.0000	0.0000	0.0000	0.0000	0.0000	0.0000	0.0000	0.0000	0.0000	0.0000	0.0000											
27	29	0.6062	9	1	2	0	1	0	0	0	0	N	Y	N	N	N	N	N	N	N	N	N	N	0.5409	0.0029	330.3331	0.0211	0.0049	22.2834	2121.4598	0.0053	3787.4730	1.2098	0.0089	6.6800	0.0811	0.0217	1.3580	1.8231	0.0000	7.1870	2.2368	3.0286	0.0202	3.8371	4.4526	0.0609	0.0009	0.0001	0.0019	165.0834	0.0024	0.1340	-0.4305	4.9655	3.9885	10.6561	8.5018	0.2424	0.0015	0.2410	0.0057	0.0015	0.0043	0.2367	0.0000	0.2367	0.9440	0.9417	0.0022	0.9438	0.9417	0.0021	0.0002	0.0000	0.0001	0.2004	0.1643	0.0361	0.0705	0.0674	0.0031	0.1298	0.0969	0.0329	0.4220	0.3109	0.1111	0.2460	0.2115	0.0345	0.1761	0.0994	0.0766	0.5409	0.0029	330.3331	0.0211	0.0049	22.2834	2121.4598	0.0053	3787.4730	2.2368	3.0286	0.0202	3.8371	4.4526	0.0609	0.0009	0.0001	0.0019
27	30	0.5971	11	0	2	0	1	0	0	0	0	N	Y	N	N	N	N	N	N	N	N	N	N	0.0000	0.0000	0.0000	0.0000	0.0000	0.0000	0.0000	0.0000	0.0000	0.0000	0.0000	0.0000	0.0000	0.0000	0.0000	0.0000	0.0000	0.0000	0.0006	0.0007	0.0005	0.0011	0.0009	0.0019	0.0000	0.0000	0.0000	0.3300	0.0000	-0.0000	4.9655	0.9701	10.6561	4.0208	0.0000	0.0000	0.0000	0.0000	0.0000	0.0000	0.0000	0.0000	0.0000	0.0002	0.0002	0.0001	0.0002	0.0002	0.0001	0.0000	0.0000	0.0000	0.1001	0.0876	0.0125	0.0457	0.0444	0.0013	0.0543	0.0432	0.0112	0.3213	0.2205	0.1009	0.1893	0.1632	0.0260	0.1321	0.0572	0.0749	0.0000	0.0000	0.0000	0.0000	0.0000	0.0000	0.0000	0.0000	0.0000	0.0006	0.0007	0.0005	0.0011	0.0009	0.0019	0.0000	0.0000	0.0000	
27	31	0.5717	9	0	1	0	2	0	0	0	0	N	N	N	Y	N	N	N	N	N	N	N	N	0.0001	0.0001	0.0295	0.0003	0.0002	0.0573	0.0000	0.0000	0.0000	0.0003	0.0003	0.0004	0.0012	0.0011	0.0032	0.0000	0.0000	0.0000	2.1198	3.0646	0.0151	4.0913	4.8675	0.0555	0.0001	0.0000	0.0002	0.2576	0.0022	-0.0000	-0.4303	4.9655	5.0045	10.6561	16.6627	0.0000	0.0000	0.0000	0.0000	0.0000	0.0000	0.0000	0.0000	0.0000	0.9433	0.9412	0.0021	0.9433	0.9412	0.0021	0.0000	0.0000	0.0000	0.1583	0.1358	0.0224	0.0399	0.0368	0.0031	0.1183	0.0991	0.0193	0.4450	0.3071	0.1379	0.2305	0.1934	0.0372	0.2144	0.1138	0.1007	0.0001	0.0001	0.0295	0.0003	0.0002	0.0573	0.0000	0.0000	0.0000	2.1198	3.0646	0.0151	4.0913	4.8675	0.0555	0.0001	0.0000	0.0002
27	32	0.4161	9	1	1	1	1	0	0	0	0	N	N	N	N	N	N	N	N	N	N	N	N	0.0000	0.0000	0.0000	0.0000	0.0000	0.0000	0.0000	0.0000	0.0000	0.0000	0.0000	0.0000	0.0000	0.0000	0.0000	0.0000	0.0000	0.0000	0.0000	0.0000	0.0000	0.0000	0.0000	0.0000	inf	0.0000	0.0000	4.9655	1.4893	10.6561	0.0050	0.0000	0.0000	0.0000	0.0000	0.0000	0.0000	0.0000	0.0000	0.0000	0.0000	0.0000	0.0000	0.0000	0.0000	0.0000	0.0000	0.0000	0.0000	0.0457	0.0391	0.0066	0.0123	0.0113	0.0009	0.0334	0.0277	0.0057	0.0248	0.0151	0.0098	0.0054	0.0047	0.0007	0.0194	0.0104	0.0090	0.0000	0.0000	0.0000	0.0000	0.0000	0.0000	0.0000	0.0000	0.0000	0.0000	0.0000	0.0000	0.0000	0.0000	0.0000	0.0000	0.0000	0.0000				
27	33	0.5972	11	1	1	1	1	0	0	0	0	N	N	N	N	N	N	N	N	N	N	N	N	150136.5110	120047.9436	2148.6011	283.1711	250.2722	0.0000	28419863.1606	36263357.3008	3226.5687	28.6535	33.1571	0.0042	0.0995	0.1072	0.0000	40.1080	47.8357	0.0049	0.0002	0.0003	0.0000	0.0004	0.0004	0.0000	0.0000	0.0000	0.0000	0.0000	0.0032	-0.4336	-0.0000	4.9655	0.9855	10.6561	5.0251	0.9829	0.9829	0.0000	0.0010	0.0010	0.0000	0.9819	0.9819	0.0000	0.0000	0.0000	0.0000	0.0000	0.0000	0.0000	0.0000	0.0000	0.0000	0.0343	0.0296	0.0047	0.0098	0.0091	0.0007	0.0245	0.0205	0.0040	0.1208	0.0832	0.0376	0.0654	0.0536	0.0118	0.0554	0.0296	0.0258	150136.5110	120047.9436	2148.6011	283.1711	250.2722	0.0000	28419863.1606	36263357.3008	3226.5687	0.0002	0.0003	0.0000	0.0004	0.0004	0.0000	0.0000	0.0000	0.0000
27	34	0.5700	11	0	2	0	1	0	0	0	0	N	Y	N	N	N	N	N	N	N	N	N	N	0.0000	0.0000	0.0000	0.0000	0.0000	0.0000	0.0000	0.0000	0.0000	0.0000	0.0000	0.0000	0.0000	0.0000	0.0000	0.0000	0.0000	0.0000	0.0012	0.0018	0.0000	0.0019	0.0023	0.0000	0.0003	0.0006	0.0000	0.0003	0.0000	-0.0001	4.9655	2.0026	10.6561	4.0175	0.0000	0.0000	0.0000	0.0000	0.0000	0.0000	0.0000	0.0000	0.0000	0.0002	0.0002	0.0000	0.0002	0.0002	0.0000	0.0000	0.0000	0.0000	0.0886	0.0765	0.0121	0.0356	0.0325	0.0030	0.0530	0.0439	0.0091	0.1460	0.0964	0.0496	0.0789	0.0655	0.0134	0.0671	0.0309	0.0362	0.0000	0.0000	0.0000	0.0000	0.0000	0.0000	0.0000	0.0000	0.0000	0.0012	0.0018	0.0000	0.0019	0.0023	0.0000	0.0003	0.0006	0.0000	
27	35	0.5700	10	0	1	0	1	0	0	0	0	N	N	N	N	N	N	N	N	N	N	N	N	1646.9909	1129.1035	4787.6058	803.6405	1331.6766	2.8811	9453.3462	0.0000	52958.8363	0.6061	0.3489	2.3181	0.4565	0.5001	0.0048	0.9034	0.0000	4.1955	0.0004	0.0003	0.0005	0.0006	0.0004	0.0017	0.0001	0.0001	0.0001	0.9982	0.7960	0.0013	-0.0000	4.9655	0.4148	10.6561	1.5497	0.0220	0.0110	0.0110	0.0110	0.0110	0.0000	0.0110	0.0000	0.0110	0.0000	0.0000	0.0000	0.0000	0.0000	0.0000	0.0000	0.0000	0.0000	0.0362	0.0315	0.0047	0.0241	0.0220	0.0021	0.0121	0.0095	0.0026	0.0732	0.0486	0.0247	0.0422	0.0360	0.0063	0.0310	0.0126	0.0184	1646.9909	1129.1035	4787.6058	803.6405	1331.6766	2.8811	9453.3462	0.0000	52958.8363	0.0004	0.0003	0.0005	0.0006	0.0004	0.0017	0.0001	0.0001	0.0001
27	36	0.5123	8	0	2	0	1	0	0	0	0	N	Y	N	N	N	N	N	N	N	N	N	N	46.4526	0.0000	104.8719	3.5154	0.0000	10.7914	29.8004	89.5022	4.0265	0.0000	27.8681	0.0019	0.0000	0.0234	5.1923	0.0000	31.7868	0.0867	0.0001	0.2657	0.0005	0.0002	0.0022	0.1742	0.0000	0.3552	inf	992.4138	0.5392	0.0255	4.9655	7.9964	10.6561	23.6501	0.9648	0.0000	0.9648	0.0001	0.0000	0.0001	0.9647	0.0000	0.9647	0.0472	0.0000	0.0472	0.0001	0.0000	0.0001	0.0471	0.0000	0.0471	0.2396	0.2050	0.0346	0.0538	0.0496	0.0043	0.1858	0.1554	0.0303	0.5451	0.3675	0.1776	0.2747	0.2298	0.0450	0.2703	0.1377	0.1326	46.4526	0.0000	104.8719	3.5154	0.0000	10.7914	29.8004	0.0000	89.5022	0.0867	0.0001	0.2657	0.0005	0.0002	0.0022	0.1742	0.0000	0.3552	
27	37	0.5862	10	1	2	0	1	0	0	0	0	N	Y	N	N	N	N	N	N	N	N	N	N	0.0000	0.0000	0.0000	0.0000	0.0000	0.0000	0.0000	0.0000	0.0000	0.0000	0.0000	0.0000	0.0000	0.0000	0.0000	0.0000	0.0000	0.0000	3.6897	6.0274	0.0099	9.3441	12.3295	0.0023	0.0104	0.0067	0.0143	0.0009	0.0000	-0.9319	4.9655	6.9981	10.6561	25.9787	0.0000	0.0000	0.0000	0.0000	0.0000	0.0000	0.0000	0.0000	0.0000	2.0370	2.0352	0.0018	2.0346	2.0344	0.0001	0.0024	0.0008	0.0016	0.2249	0.1942	0.0307	0.0624	0.0577	0.0046	0.1625	0.1365	0.0260	0.5521	0.3721	0.1799	0.3198	0.2535	0.0663	0.2323	0.1187	0.1137	0.0000	0.0000	0.0000	0.0000	0.0000	0.0000	0.0000	0.0000	0.0000	3.6897	5.4689	0.0099	6.3630	8.0264	0.0023	0.0104	0.0067	0.0143	
27	38	0.5700	10	0	2	0	1	0	0	0	0	N	Y	N	N	N	N	N	N	N	N	N	N	228.9891	0.0000	578.1454	1.3510	0.0000	3.2085	216.0575	0.0000	682.1293	0.0625	0.0000	0.4531	0.0002	0.0000	0.0023	0.0905	0.0000	0.5548	0.0003	0.0000	0.0008	0.0001	0.0000	0.0007	0.0004	0.0000	0.0008	inf	47.3464	0.0062	0.0000	4.9655	4.7553	10.6561	10.1994	0.0111	0.0000	0.0111	0.0000	0.0000	0.0000	0.0111	0.0000	0.0111	0.0001	0.0000	0.0001	0.0000	0.0000	0.0000	0.0001	0.0000	0.0001	0.1774	0.1529	0.0245	0.0549	0.0504	0.0045	0.1225	0.1025	0.0200	0.2977	0.1961	0.1016	0.1542	0.1263	0.0280	0.1435	0.0698	0.0736	228.9891	0.0000	578.1454	1.3510	0.0000	3.2085	216.0575	0.0000	682.1293	0.0003	0.0000	0.0008	0.0001	0.0000	0.0007	0.0004	0.0000	0.0008
27	39	0.5123	8	1	2	0	1	0	0	0	0	N	Y	N	N	N	N	N	N	N	N	N	N	0.0000	0.0000	0.0000	0.0000	0.0000	0.0000	0.0000	0.0000	0.0000	0.0000	0.0000	0.0000	0.0000	0.0000	0.0000	0.0000	0.0000	0.0000	0.0012	0.0011	0.0015	0.0015	0.0017	0.0004	0.0010	0.0001	0.0019	0.6575	0.0000	-0.0000	4.9655	5.0000	10.6561	27.3229	0.0000	0.0000	0.0000	0.0000	0.0000	0.0000	0.0000	0.0000	0.0000	0.0007	0.0004	0.0003	0.0004	0.0004	0.0000	0.0003	0.0000	0.0003	0.1521	0.1300	0.0221	0.0343	0.0316	0.0027	0.1178	0.0984	0.0194	0.5546	0.3739	0.1808	0.2794	0.2336	0.0458	0.2752	0.1402	0.1349	0.0000	0.0000	0.0000	0.0000	0.0000	0.0000	0.0000	0.0000	0.0000	0.0012	0.0011	0.0015	0.0015	0.0017	0.0004	0.0010	0.0001	0.0019	
27	40	0.5862	10	0	2	0	1	0	0	0	0	N	Y	N	N	N	N	N	N	N	N	N	N	17427.4852	0.0000	520630.6252	7.6539	0.0000	inf	30491.6214	0.0000	384400.2796	4.4437	0.0000	32.5903	0.0022	0.0000	0.0301	6.1486	0.0000	38.4083	0.0003	0.0003	0.0001	0.0003	0.0004	0.0000	0.0002	0.0003	0.0001	inf	0.0870	0.5588	-0.0000	4.9655	7.0019	10.6561	21.4344	0.9997	0.0000	0.9997	0.0001	0.0000	0.0001	0.9996	0.0000	0.9996	0.0001	0.0001	0.0000	0.0001	0.0001	0.0000	0.0000	0.0000	0.0000	0.2250	0.1943	0.0307	0.0624	0.0578	0.0047	0.1626	0.1366	0.0260	0.4900	0.3303	0.1598	0.2858	0.2261	0.0597	0.2043	0.1042	0.1001	17427.4852	0.0000	520630.6252	7.6539	0.0000	inf	30491.6214	0.0000	384400.2796	0.0003	0.0003	0.0001	0.0003	0.0004	0.0000	0.0002	0.0003	0.0001
27	41	0.3187	7	0	2	0	1	0	0	0	0	N	Y	N	N	N	N	N	N	N	N	N	N	0.0000	0.0000	0.0000	0.0000	0.0000	0.0000	0.0000	0.0000	0.0000	0.0000	0.0000	0.0000	0.0000	0.0000	0.0000	0.0000	0.0000	0.0000	0.0076	0.0119	0.0000	0.0278	0.0312	0.0000	0.0000	0.0000	0.0000	0.0001	0.0000	-0.0012	4.9655	8.1446	10.6561	10.2519	0.0000	0.0000	0.0000	0.0000	0.0000	0.0000	0.0000	0.0000	0.0000	0.0027	0.0027	0.0000	0.0027	0.0027	0.0000	0.0000	0.0000	0.0000	0.3212	0.2806	0.0406	0.0989	0.0932	0.0056	0.2223	0.1874	0.0349	0.3515	0.2246	0.1269	0.0964	0.0858	0.0106	0.2551	0.1388	0.1163	0.0000	0.0000	0.0000	0.0000	0.0000	0.0000	0.0000	0.0000	0.0000	0.0076	0.0119	0.0000	0.0278	0.0312	0.0000	0.0000	0.0000	0.0000	
27	42	0.5862	10	0	2	0	1	0	0	0	0	N	Y	N	N	N	N	N	N	N	N	N	N	0.0000	0.0000	0.0000	0.0000	0.0000	0.0000	0.0000	0.0000	0.0000	0.0000	0.0000	0.0000	0.0000	0.0000	0.0000	0.0004	0.0005	0.0001	0.0007	0.0008	0.0002	0.0000	0.0000	0.0000	0.0816	0.0000	-0.0001	4.9655	5.9981	10.6561	11.5875	0.0000	0.0000	0.0000	0.0000	0.0000	0.0000	0.0000	0.0000	0.0000	0.0001	0.0001	0.0000	0.0001	0.0001	0.0000	0.0000	0.0000	0.0000	0.1936	0.1672	0.0264	0.0538	0.0498	0.0040	0.1398	0.1174	0.0224	0.3329	0.2242	0.1088	0.1988	0.1561	0.0427	0.1341	0.0681	0.0660	0.0000	0.0000	0.0000	0.0000	0.0000	0.0000	0.0000	0.0000	0.0000	0.0004	0.0005	0.0001	0.0007	0.0008	0.0002	0.0000	0.0000	0.0000				
27	43	0.6699	10	0	2	1	2	0	0	0	0	N	Y	N	Y	N	N	N	N	N	N	N	N	0.0000	0.0000	0.0000	0.0000	0.0000	0.0000	0.0000	0.0000	0.0000	0.0000	0.0000	0.0000	0.0000	0.0000	0.0000	0.0000	0.0000	0.0000	0.0045	0.0009	0.0153	0.0016	0.0016	0.0019	0.0073	0.0000	0.0177	5.3347	0.0000	0.0002	4.9655	1.0007	10.6561	2.4334	0.0000	0.0000	0.0000	0.0000	0.0000	0.0000	0.0000	0.0000	0.0000	0.0006	0.0001	0.0005	0.0001	0.0001	0.0000	0.0005	0.0000	0.0005	0.0317	0.0271	0.0046	0.0080	0.0073	0.0006	0.0238	0.0198	0.0040	0.1309	0.0985	0.0324	0.0646	0.0596	0.0050	0.0663	0.0389	0.0274	0.0000	0.0000	0.0000	0.0000	0.0000	0.0000	0.0000	0.0000	0.0000	0.0045	0.0009	0.0153	0.0016	0.0016	0.0019	0.0073	0.0000	0.0177	
27	44	0.6327	9	0	1	0	2	0	0	0	0	N	N	N	Y	N	N	N	N	N	N	N	N	0.0447	0.0227	0.0966	0.2318	0.0511	3.3726	0.0280	0.0000	0.0823	0.0878	0.0016	0.6000	0.0242	0.0055	0.2779	0.1111	0.0000	0.6472	1.9620	0.0706	6.2093	0.1044	0.1075	0.0824	3.9677	0.0004	7.8618	62.9846	39.1427	0.0017	0.5194	4.9655	1.0391	10.6561	15.0482	0.0031	0.0000	0.0030	0.0002	0.0000	0.0002	0.0029	0.0000	0.0029	1.0051	0.0250	0.9801	0.0278	0.0250	0.0028	0.9774	0.0000	0.9773	0.0353	0.0302	0.0051	0.0095	0.0088	0.0006	0.0258	0.0214	0.0044	0.5123	0.3545	0.1578	0.2660	0.2324	0.0335	0.2463	0.1220	0.1243	0.0447	0.0227	0.0966	0.2318	0.0511	3.3726	0.0280	0.0000	0.0823	1.9620	0.0706	6.2093	0.1044	0.1075	0.0824	3.9677	0.0004	7.8618
27	45	0.5123	8	0	2	0	1	0	0	0	0	N	Y	N	N	N	N	N	N	N	N	N	N	9377.9093	9423.4459	7.8374	25105.7530	24461.5171	60.4109	0.0000	0.0000	0.0000	2.7982	3.2664	0.0016	12.5177	13.5925	0.0126	0.0000	0.0000	0.0000	0.0003	0.0003	0.0002	0.0005	0.0006	0.0002	0.0001	0.0000	0.0002	0.0001	0.2774	-0.4421	-0.0000	4.9655	12.0036	10.6561	21.9053	1.0024	1.0024	0.0001	1.0024	1.0024	0.0001	0.0000	0.0000	0.0000	0.0002	0.0001	0.0000	0.0001	0.0001	0.0000	0.0000	0.0000	0.0000	0.3582	0.3069	0.0514	0.0801	0.0737	0.0063	0.2782	0.2331	0.0450	0.5839	0.3935	0.1904	0.2938	0.2455	0.0484	0.2901	0.1480	0.1421	9377.9093	9423.4459	7.8374	25105.7530	24461.5171	60.4109	0.0000	0.0000	0.0000	0.0003	0.0003	0.0002	0.0005	0.0006	0.0002	0.0001	0.0000	0.0002
27	46	0.0918	6	1	2	0	1	0	0	0	0	N	Y	N	N	N	N	N	N	N	N	N	N	0.0000	0.0000	0.0000	0.0000	0.0000	0.0000	0.0000	0.0000	0.0000	0.0000	0.0000	0.0000	0.0000	0.0000	0.0000	0.0000	0.0000	0.0000	0.0013	0.0022	0.0000	0.0106	0.0117	0.0000	0.0000	0.0000	0.0000	0.0001	0.0000	-0.0001	4.9655	2.0120	10.6561	1.9924	0.0000	0.0000	0.0000	0.0000	0.0000	0.0000	0.0000	0.0000	0.0000	0.0001	0.0001	0.0000	0.0001	0.0001	0.0000	0.0000	0.0000	0.0000	0.0685	0.0578	0.0106	0.0028	0.0027	0.0001	0.0657	0.0552	0.0105	0.0913	0.0531	0.0382	0.0112	0.0101	0.0011	0.0801	0.0430	0.0371	0.0000	0.0000	0.0000	0.0000	0.0000	0.0000	0.0000	0.0000	0.0000	0.0013	0.0022	0.0000	0.0106	0.0117	0.0000	0.0000	0.0000	0.0000	
27	47	0.6168	14	1	2	0	1	0	0	0	0	N	Y	N	N	N	N	N	N	N	N	N	N	0.0000	0.0000	0.0000	0.0000	0.0000	0.0000	0.0000	0.0000	0.0000	0.0000	0.0000	0.0000	0.0000	0.0000	0.0000	25.7611	42.6324	0.0000	207.8374	264.8781	0.0000	0.0000	0.0000	0.0000	0.0000	0.0000	-0.4551	4.9655	0.0002	10.6561	4.0036	0.0000	0.0000	0.0000	0.0000	0.0000	0.0000	0.0000	0.0000	0.0000	0.9928	0.9928	0.0000	0.9928	0.9928	0.0000	0.0000	0.0000	0.0000	0.0000	0.0000	0.0000	0.0000	0.0000	0.0000	0.0000	0.0000	0.0000	0.0666	0.0446	0.0219	0.0340	0.0282	0.0058	0.0326	0.0164	0.0162	0.0000	0.0000	0.0000	0.0000	0.0000	0.0000	0.0000	0.0000	0.0000	14.9159	22.2497	0.0000	29.2361	35.2241	0.0000	0.0000	0.0000	0.0000				
27	48	0.5123	8	0	2	0	2	0	0	0	0	N	Y	N	Y	N	N	N	N	N	N	N	N	0.0049	0.0057	0.0000	0.0125	0.0111	0.0000	0.0000	0.0000	0.0000	0.0192	0.0224	0.0000	0.0852	0.0925	0.0000	0.0000	0.0000	0.0000	3.8835	3.9384	3.5895	6.8096	8.3690	0.4838	2.2533	0.0002	4.6533	0.0000	0.4444	-0.0015	-0.5072	4.9655	6.0036	10.6561	51.7820	0.0035	0.0035	0.0000	0.0035	0.0035	0.0000	0.0000	0.0000	0.0000	3.3663	2.3305	1.0358	2.3661	2.3305	0.0356	1.0002	0.0000	1.0002	0.1817	0.1553	0.0264	0.0409	0.0377	0.0032	0.1407	0.1176	0.0231	0.8803	0.5918	0.2886	0.4364	0.3628	0.0736	0.4439	0.2289	0.2149	0.0050	0.0057	0.0000	0.0157	0.0144	0.0000	0.0000	0.0000	0.0000	3.8240	3.9384	3.5895	5.4216	6.4235	0.4838	2.2533	0.0002	4.6533
27	49	0.5123	8	1	2	0	1	0	0	0	0	N	Y	N	N	N	N	N	N	N	N	N	N	2.6699	0.0000	118038.9890	0.0005	0.0000	19.5111	2.2915	0.0000	135281.2471	5.3168	0.0000	36.6387	0.0005	0.0000	0.0061	6.8628	0.0000	41.7870	1.9914	2.9571	0.0003	0.9927	1.1903	0.0003	2.9949	5.8480	0.0003	inf	0.0001	0.5392	-0.6098	4.9655	5.9964	10.6561	34.6547	0.9647	0.0000	0.9647	0.0000	0.0000	0.0000	0.9647	0.0000	0.9647	1.3305	1.3304	0.0001	0.3324	0.3324	0.0000	0.9981	0.9980	0.0001	0.1815	0.1551	0.0263	0.0409	0.0376	0.0032	0.1406	0.1175	0.0231	0.6681	0.4499	0.2182	0.3349	0.2792	0.0556	0.3332	0.1707	0.1626	2.6699	0.0000	118038.9890	0.0005	0.0000	19.5111	2.2915	0.0000	135281.2471	1.9914	2.9571	0.0003	0.9927	1.1903	0.0003	2.9949	5.8480	0.0003
27	50	0.6018	9	0	1	1	1	0	0	0	0	N	N	N	N	N	N	N	N	N	N	N	N	3.3846	2.7506	0.1110	6.0452	5.5282	0.2216	0.0003	0.0010	0.0000	1.2432	1.4331	0.0017	4.3391	4.6579	0.0117	0.0000	0.0000	0.0000	0.3673	0.5210	0.0156	0.7178	0.8426	0.0528	0.0012	0.0004	0.0022	0.0002	0.0131	-0.5232	-0.2173	4.9655	31.2093	10.6561	46.3939	1.1867	1.1865	0.0002	1.1867	1.1865	0.0002	0.0000	0.0000	0.0000	0.4878	0.4815	0.0063	0.4870	0.4813	0.0057	0.0008	0.0002	0.0006	0.9545	0.8279	0.1267	0.2735	0.2547	0.0188	0.6811	0.5732	0.1079	1.3280	0.9241	0.4039	0.6785	0.5713	0.1072	0.6495	0.3528	0.2967	3.3846	2.7506	0.1110	6.0452	5.5282	0.2216	0.0003	0.0010	0.0000	0.3673	0.5210	0.0156	0.7178	0.8426	0.0528	0.0012	0.0004	0.0022
27	51	0.5491	9	0	2	0	1	0	0	0	0	N	Y	N	N	N	N	N	N	N	N	N	N	0.0453	0.0533	0.0320	0.0904	0.1154	0.0718	0.0000	0.0000	0.0000	0.0010	0.0011	0.0010	0.0038	0.0035	0.0075	0.0000	0.0000	0.0000	0.0230	0.0197	0.0307	0.0419	0.0306	0.1043	0.0011	0.0000	0.0024	0.1472	0.6548	-0.0000	-0.0007	4.9655	4.1516	10.6561	14.5664	0.0002	0.0001	0.0000	0.0002	0.0001	0.0000	0.0000	0.0000	0.0000	0.0108	0.0065	0.0043	0.0105	0.0065	0.0040	0.0002	0.0000	0.0002	0.1494	0.1291	0.0203	0.0411	0.0384	0.0027	0.1083	0.0907	0.0176	0.4692	0.3305	0.1387	0.2515	0.2129	0.0386	0.2177	0.1176	0.1002	0.0453	0.0533	0.0320	0.0904	0.1154	0.0718	0.0000	0.0000	0.0000	0.0230	0.0197	0.0307	0.0419	0.0306	0.1043	0.0011	0.0000	0.0024
27	52	0.6296	11	1	1	1	1	0	0	0	0	N	N	N	N	N	N	N	N	N	N	N	N	126.0025	1075641.1674	176.5688	3568.1344	1885626.1212	6.9821	91.2713	0.0000	134.0762	7.6155	1.2264	38.7278	2.2961	2.3240	0.0325	11.8499	0.0000	39.9946	0.0604	0.0000	0.2193	0.0006	0.0000	0.0047	0.1298	0.0000	0.2983	6.4845	73168.7682	0.0012	0.0009	4.9655	0.0028	10.6561	0.9232	0.0028	0.0004	0.0024	0.0004	0.0004	0.0000	0.0024	0.0000	0.0024	0.0016	0.0000	0.0016	0.0000	0.0000	0.0000	0.0016	0.0000	0.0016	0.0004	0.0003	0.0001	0.0002	0.0002	0.0000	0.0002	0.0001	0.0001	0.0266	0.0193	0.0073	0.0143	0.0123	0.0020	0.0123	0.0070	0.0054	126.0025	1075641.1674	176.5688	3568.1344	1885626.1212	6.9821	91.2713	0.0000	134.0762	0.0604	0.0000	0.2193	0.0006	0.0000	0.0047	0.1298	0.0000	0.2983
27	53	0.4420	11	0	2	0	1	0	0	0	0	N	Y	N	N	N	N	N	N	N	N	N	N	32.5384	45.3778	0.0113	0.3773	0.3464	4.2437	54.1350	11975.6926	0.0000	2.9859	3.4720	0.0014	0.0440	0.0456	0.0147	3.9666	4.7766	0.0000	0.0918	0.0765	0.1199	0.1167	0.1317	0.0035	0.0733	0.0004	0.1392	0.0001	0.8490	-0.4156	0.0001	4.9655	8.5400	10.6561	19.3759	0.9424	0.9423	0.0001	0.0035	0.0034	0.0001	0.9389	0.9389	0.0000	0.0688	0.0372	0.0316	0.0372	0.0371	0.0001	0.0315	0.0001	0.0314	0.3156	0.2714	0.0442	0.0789	0.0748	0.0041	0.2367	0.1966	0.0401	0.7494	0.4861	0.2633	0.3191	0.2817	0.0374	0.4303	0.2043	0.2259	32.5384	45.3778	0.0113	0.3773	0.3464	4.2437	54.1350	11975.6926	0.0000	0.0918	0.0765	0.1199	0.1167	0.1317	0.0035	0.0733	0.0004	0.1392
27	54	0.3790	10	0	1	0	1	0	0	0	0	N	N	N	N	N	N	N	N	N	N	N	N	2.6135	6.1190	0.1284	0.0184	0.0441	0.0001	11.8366	535.9960	0.4554	0.2036	0.2318	0.0198	0.0029	0.0030	0.0000	0.2957	0.3525	0.0223	0.0779	0.0379	0.1538	0.1566	0.0687	0.8734	0.0250	0.0007	0.0489	0.0131	2.1406	-0.0261	0.0146	4.9655	7.3474	10.6561	24.2346	0.0610	0.0602	0.0008	0.0003	0.0003	0.0000	0.0608	0.0600	0.0008	0.0655	0.0208	0.0446	0.0529	0.0207	0.0322	0.0125	0.0002	0.0124	0.2997	0.2599	0.0399	0.0943	0.0897	0.0045	0.2055	0.1701	0.0353	0.8402	0.5502	0.2900	0.3379	0.3010	0.0369	0.5023	0.2492	0.2531	2.6135	6.1190	0.1284	0.0184	0.0441	0.0001	11.8366	535.9960	0.4554	0.0779	0.0379	0.1538	0.1566	0.0687	0.8734	0.0250	0.0007	0.0489
27	55	0.3492	9	0	1	0	1	0	0	0	0	N	N	N	N	N	N	N	N	N	N	N	N	0.0213	0.0232	0.0205	0.0064	0.0080	0.0000	0.0746	5.4290	0.0396	0.0016	0.0016	0.0019	0.0009	0.0010	0.0000	0.0021	0.0020	0.0022	0.0764	0.0683	0.0933	0.1462	0.1216	0.4302	0.0276	0.0004	0.0554	0.1704	0.6559	-0.0001	-0.0033	4.9655	3.4216	10.6561	15.9376	0.0003	0.0002	0.0000	0.0001	0.0001	0.0000	0.0002	0.0002	0.0000	0.0523	0.0316	0.0207	0.0411	0.0315	0.0096	0.0111	0.0001	0.0111	0.1653	0.1449	0.0204	0.0640	0.0614	0.0027	0.1013	0.0835	0.0178	0.6844	0.4625	0.2219	0.2815	0.2591	0.0224	0.4029	0.2034	0.1995	0.0213	0.0232	0.0205	0.0064	0.0080	0.0000	0.0746	5.4290	0.0396	0.0764	0.0683	0.0933	0.1462	0.1216	0.4302	0.0276	0.0004	0.0554
27	56	0.6327	9	0	2	0	1	0	0	0	0	N	Y	N	N	N	N	N	N	N	N	N	N	0.0258	0.0003	2.7862	0.0071	0.0014	46.0143	0.0326	0.0000	2.3703	0.0919	0.0017	0.6282	0.0252	0.0057	0.2916	0.1164	0.0000	0.6774	3.5567	5.4325	0.2255	3.5468	4.0832	0.0063	3.5670	6.8229	0.2858	62.9852	0.0201	0.0017	-0.9207	4.9655	0.9891	10.6561	20.6926	0.0031	0.0000	0.0030	0.0002	0.0000	0.0002	0.0029	0.0000	0.0029	2.0989	2.0575	0.0414	1.0677	1.0675	0.0003	1.0311	0.9900	0.0411	0.0337	0.0289	0.0049	0.0091	0.0084	0.0006	0.0247	0.0204	0.0042	0.5901	0.4065	0.1836	0.3010	0.2614	0.0396	0.2891	0.1451	0.1440	0.0258	0.0003	2.7862	0.0071	0.0014	46.0143	0.0326	0.0000	2.3703	3.5567	5.0610	0.2255	3.5468	4.0832	0.0063	3.5670	6.8229	0.2858
27	57	0.5123	8	0	1	0	1	0	0	0	0	N	N	N	N	N	N	N	N	N	N	N	N	3.2516	0.0100	127.8932	0.0275	0.0245	0.1045	47.4189	0.0261	168.4447	6.5364	0.0280	44.7647	0.1058	0.1105	0.0509	8.4108	0.0015	51.0394	2.0102	2.8164	0.3500	3.8428	4.5145	0.4873	0.1774	0.0581	0.3030	271.9466	0.0604	0.5555	-0.5780	4.9655	5.0326	10.6561	39.3193	1.0004	0.0037	0.9968	0.0037	0.0035	0.0001	0.9968	0.0001	0.9966	1.4399	1.3579	0.0820	1.3764	1.3472	0.0291	0.0635	0.0107	0.0528	0.1531	0.1308	0.0223	0.0345	0.0318	0.0027	0.1185	0.0990	0.0195	0.7163	0.4821	0.2341	0.3582	0.2984	0.0597	0.3581	0.1837	0.1744	3.2516	0.0100	127.8932	0.0275	0.0245	0.1045	47.4189	0.0261	168.4447	2.0102	2.8164	0.3500	3.8428	4.5145	0.4873	0.1774	0.0581	0.3030
27	58	0.5123	8	0	2	0	2	0	0	0	0	N	Y	N	Y	N	N	N	N	N	N	N	N	0.0151	0.0123	0.0000	0.9675	115.3589	0.0000	0.0000	0.0000	0.0000	0.0229	0.0268	0.0000	0.1015	0.1102	0.0000	0.0000	0.0000	0.0000	1.5182	2.1769	0.1605	0.1049	0.0010	0.6258	2.9363	5.7296	0.0013	0.0000	0.0358	-0.0015	-0.4390	4.9655	5.0036	10.6561	36.7244	0.0035	0.0035	0.0000	0.0035	0.0035	0.0000	0.0000	0.0000	0.0000	1.0358	1.0000	0.0358	0.0358	0.0003	0.0356	1.0000	0.9998	0.0002	0.1522	0.1301	0.0221	0.0344	0.0316	0.0027	0.1178	0.0984	0.0194	0.6823	0.4594	0.2229	0.3417	0.2849	0.0568	0.3405	0.1745	0.1661	0.0151	0.0123	0.0000	0.9675	115.3589	0.0000	0.0000	0.0000	0.0000	1.5182	2.1769	0.1605	0.1049	0.0010	0.6258	2.9363	5.7296	0.0013
27	59	0.3295	9	0	2	0	2	0	0	0	0	N	Y	N	Y	N	N	N	N	N	N	N	N	0.0009	0.2963	0.0001	0.0067	0.4970	0.0000	0.0000	0.0000	0.0001	0.0010	0.0011	0.0004	0.0032	0.0033	0.0000	0.0001	0.0000	0.0004	1.1286	0.0038	3.7014	0.4721	0.0067	2.8658	1.6944	0.0000	3.9765	0.0487	431.3963	-0.0002	0.6640	4.9655	10.4254	10.6561	21.2017	0.0004	0.0004	0.0000	0.0004	0.0004	0.0000	0.0000	0.0000	0.0000	1.2312	0.0028	1.2283	0.2384	0.0028	0.2356	0.9928	0.0000	0.9928	0.4245	0.3688	0.0556	0.1288	0.1227	0.0060	0.2957	0.2461	0.0496	1.0909	0.7590	0.3319	0.5050	0.4228	0.0822	0.5859	0.3362	0.2497	0.0009	0.2963	0.0001	0.0067	0.4970	0.0000	0.0000	0.0000	0.0001	1.1286	0.0038	3.7014	0.4721	0.0067	2.8658	1.6944	0.0000	3.9765
27	60	0.6296	11	1	1	1	1	0	0	0	0	N	N	N	N	N	N	N	N	N	N	N	N	16918.1085	15722.2424	0.0000	38817.5300	36277.0725	0.0000	0.0000	0.0000	0.0000	30.4361	35.3748	0.0000	115.3326	124.3900	0.0000	0.0000	0.0000	0.0000	0.0018	0.0022	0.0008	0.0030	0.0034	0.0010	0.0004	0.0000	0.0008	0.0000	0.1742	-0.8798	-0.0001	4.9655	1.9981	10.6561	3.0867	1.9945	1.9945	0.0000	1.9945	1.9945	0.0000	0.0000	0.0000	0.0000	0.0002	0.0002	0.0000	0.0002	0.0002	0.0000	0.0000	0.0000	0.0000	0.0655	0.0564	0.0091	0.0173	0.0160	0.0013	0.0482	0.0403	0.0079	0.1030	0.0702	0.0329	0.0565	0.0460	0.0105	0.0465	0.0241	0.0224	16918.1085	15722.2424	0.0000	38817.5300	36277.0725	0.0000	0.0000	0.0000	0.0000	0.0018	0.0022	0.0008	0.0030	0.0034	0.0010	0.0004	0.0000	0.0008
27	61	0.5862	10	1	1	1	1	0	0	0	0	N	N	N	N	N	N	N	N	N	N	N	N	53.3932	92847.1782	0.0000	175135.5310	771456894.4548	0.0000	0.0000	0.0000	0.0000	7.4362	8.6146	0.0000	26.6697	28.8208	0.0000	0.0000	0.0000	0.0000	0.1393	0.0001	0.4262	0.0002	0.0000	0.0007	0.3447	0.0003	0.7002	0.0000	2228.0554	-0.4280	0.0257	4.9655	4.0039	10.6561	14.0733	0.9702	0.9702	0.0000	0.9702	0.9702	0.0000	0.0000	0.0000	0.0000	0.0474	0.0000	0.0474	0.0000	0.0000	0.0000	0.0474	0.0000	0.0473	0.1305	0.1126	0.0178	0.0364	0.0337	0.0027	0.0941	0.0790	0.0151	0.3403	0.2292	0.1111	0.2029	0.1594	0.0435	0.1374	0.0698	0.0676	53.3932	92847.1782	0.0000	175135.5310	771456894.4548	0.0000	0.0000	0.0000	0.0000	0.1393	0.0001	0.4262	0.0002	0.0000	0.0007	0.3447	0.0003	0.7002
27	62	0.6056	11	1	1	1	1	0	0	0	0	N	N	N	N	N	N	N	N	N	N	N	N	353.9470	0.0000	5405.8249	2.6655	0.0000	1752.9692	1941.9569	0.0000	4433.9970	6.2929	0.0000	46.3875	0.0742	0.0000	4.3837	11.7766	0.0000	48.9957	0.0178	0.0229	0.0086	0.0278	0.0338	0.0025	0.0061	0.0000	0.0111	inf	0.2076	0.0031	-0.0016	4.9655	0.0060	10.6561	17.2393	0.0056	0.0000	0.0056	0.0000	0.0000	0.0000	0.0055	0.0000	0.0055	0.0055	0.0046	0.0009	0.0046	0.0046	0.0001	0.0009	0.0000	0.0009	0.0009	0.0008	0.0001	0.0004	0.0004	0.0000	0.0005	0.0004	0.0001	0.3104	0.1999	0.1106	0.1670	0.1351	0.0319	0.1434	0.0648	0.0786	353.9470	0.0000	5405.8249	2.6655	0.0000	1752.9692	1941.9569	0.0000	4433.9970	0.0178	0.0229	0.0086	0.0278	0.0338	0.0025	0.0061	0.0000	0.0111
27	63	0.5491	9	0	1	1	1	0	0	0	0	N	N	N	N	N	N	N	N	N	N	N	N	0.0012	23.8275	0.0002	0.7723	79.8710	0.3257	0.0000	0.0000	0.0000	0.0030	0.0030	0.0032	0.0089	0.0081	0.0250	0.0000	0.0000	0.0000	2.5855	0.0001	14.1666	0.0115	0.0001	0.0766	5.7214	0.0002	21.6200	0.1472	28576.6532	-0.0000	0.5394	4.9655	1.0230	10.6561	12.1924	0.0002	0.0001	0.0000	0.0002	0.0001	0.0000	0.0000	0.0000	0.0000	0.9960	0.0000	0.9960	0.0024	0.0000	0.0024	0.9936	0.0000	0.9936	0.0511	0.0448	0.0063	0.0175	0.0167	0.0008	0.0335	0.0280	0.0055	0.3852	0.2743	0.1109	0.2116	0.1801	0.0314	0.1737	0.0942	0.0794	0.0012	23.8275	0.0004	0.7723	79.8710	0.3257	0.0000	0.0000	0.0000	2.5855	0.0001	8.9819	0.0115	0.0001	0.0766	5.7214	0.0002	12.5074
27	64	0.5123	8	0	1	0	1	0	0	0	0	N	N	N	N	N	N	N	N	N	N	N	N	0.3290	4.4917	0.0285	0.8493	12.7381	0.0000	0.0467	0.0000	0.1440	0.0479	0.0541	0.0121	0.2027	0.2200	0.0000	0.0023	0.0000	0.0138	0.1457	0.0120	0.4248	0.2387	0.0173	1.4615	0.0493	0.0029	0.0956	0.0385	16.8818	-0.0015	0.0207	4.9655	2.4556	10.6561	12.4191	0.0036	0.0035	0.0001	0.0035	0.0035	0.0000	0.0001	0.0000	0.0001	0.0426	0.0024	0.0402	0.0355	0.0022	0.0333	0.0071	0.0002	0.0069	0.0759	0.0648	0.0112	0.0173	0.0159	0.0014	0.0587	0.0488	0.0098	0.2921	0.1975	0.0946	0.1487	0.1259	0.0228	0.1434	0.0716	0.0718	0.3290	4.4917	0.0285	0.8493	12.7381	0.0000	0.0467	0.0000	0.1440	0.1457	0.0120	0.4248	0.2387	0.0173	1.4615	0.0493	0.0029	0.0956
27	65	0.6346	10	0	2	0	1	0	0	0	0	N	Y	N	N	N	N	N	N	N	N	N	N	4.7282	0.0000	162.9675	0.4423	0.0000	4.1341	4.5269	0.0000	3612.3933	0.0501	0.0000	0.4037	0.0024	0.0000	0.0413	0.0722	0.0000	0.4672	0.0106	0.0138	0.0025	0.0055	0.0048	0.0100	0.0159	0.0281	0.0001	inf	0.0700	0.0018	-0.0013	4.9655	1.7555	10.6561	11.9300	0.0033	0.0000	0.0033	0.0001	0.0000	0.0001	0.0033	0.0000	0.0033	0.0033	0.0031	0.0002	0.0009	0.0007	0.0002	0.0024	0.0024	0.0000	0.0660	0.0578	0.0082	0.0209	0.0197	0.0012	0.0451	0.0382	0.0070	0.3082	0.2219	0.0862	0.1571	0.1366	0.0205	0.1510	0.0853	0.0657	4.7282	0.0000	162.9675	0.4423	0.0000	4.1341	4.5269	0.0000	3612.3933	0.0106	0.0138	0.0025	0.0055	0.0048	0.0100	0.0159	0.0281	0.0001
27	66	0.6137	12	1	2	1	1	0	0	0	0	N	Y	N	N	N	N	N	N	N	N	N	N	0.0000	0.0000	0.0000	0.0000	0.0000	0.0000	0.0000	0.0000	0.0000	0.0000	0.0000	0.0000	0.0000	0.0000	0.0000	0.0000	0.0000	0.0000	0.0000	0.0000	4.9655	0.0000	10.6561	0.0000	0.0000	0.0000	0.0000	0.0000	0.0000	0.0000	0.0000	0.0000	0.0000	0.0000	0.0000	0.0000	0.0000	0.0000	0.0000	0.0000	0.0000	0.0000	0.0000	0.0000	0.0000	0.0000	0.0000	0.0000	0.0000	0.0000	0.0000	0.0000	0.0000	0.0000	0.0000	0.0000	0.0000	0.0000	0.0000	0.0000	0.0000	0.0000	0.0000	0.0000	0.0000	0.0000	0.0000	0.0000	0.0000	0.0000	0.0000	0.0000	0.0000	0.0000	0.0000	0.0000	0.0000	0.0000											
27	67	0.4203	9	1	2	1	1	0	0	0	0	N	Y	N	N	N	N	N	N	N	N	N	N	0.0000	0.0000	0.0000	0.0000	0.0000	0.0000	0.0000	0.0000	0.0000	0.0000	0.0000	0.0000	0.0000	0.0000	0.0000	0.0000	0.0000	0.0000	0.0000	0.0000	4.9655	1.0000	10.6561	3.0000	0.0000	0.0000	0.0000	0.0000	0.0000	0.0000	0.0000	0.0000	0.0000	0.0000	0.0000	0.0000	0.0000	0.0000	0.0000	0.0000	0.0000	0.0000	0.0285	0.0246	0.0039	0.0071	0.0065	0.0006	0.0214	0.0181	0.0033	0.0654	0.0401	0.0253	0.0147	0.0128	0.0019	0.0507	0.0273	0.0234	0.0000	0.0000	0.0000	0.0000	0.0000	0.0000	0.0000	0.0000	0.0000	0.0000	0.0000	0.0000	0.0000	0.0000	0.0000	0.0000	0.0000	0.0000											
27	68	0.6137	12	1	2	1	1	0	0	0	0	N	Y	N	N	N	N	N	N	N	N	N	N	0.0000	0.0000	0.0000	0.0000	0.0000	0.0000	0.0000	0.0000	0.0000	0.0000	0.0000	0.0000	0.0000	0.0000	0.0000	0.0000	0.0000	0.0000	0.0000	0.0000	4.9655	1.0000	10.6561	0.0000	0.0000	0.0000	0.0000	0.0000	0.0000	0.0000	0.0000	0.0000	0.0000	0.0000	0.0000	0.0000	0.0000	0.0000	0.0000	0.0000	0.0000	0.0000	0.0326	0.0281	0.0045	0.0089	0.0082	0.0007	0.0237	0.0198	0.0038	0.0168	0.0111	0.0057	0.0080	0.0066	0.0014	0.0089	0.0045	0.0043	0.0000	0.0000	0.0000	0.0000	0.0000	0.0000	0.0000	0.0000	0.0000	0.0000	0.0000	0.0000	0.0000	0.0000	0.0000	0.0000	0.0000	0.0000											
27	69	0.5972	11	1	2	1	1	0	0	0	0	N	Y	N	N	N	N	N	N	N	N	N	N	2865.9555	4056.3699	16.4738	9270.8010	8489.5739	0.0000	5.0134	36.3389	14.0853	0.5022	0.5805	0.0040	1.7546	1.8906	0.0000	0.0008	0.0000	0.0048	0.0002	0.0001	0.0002	0.0002	0.0002	0.0000	0.0002	0.0000	0.0003	0.0011	0.7865	-0.0078	-0.0000	4.9655	1.0155	10.6561	5.9708	0.0177	0.0177	0.0000	0.0177	0.0177	0.0000	0.0000	0.0000	0.0000	0.0000	0.0000	0.0000	0.0000	0.0000	0.0000	0.0000	0.0000	0.0000	0.0353	0.0305	0.0048	0.0101	0.0094	0.0007	0.0252	0.0211	0.0041	0.1366	0.0936	0.0430	0.0733	0.0600	0.0133	0.0633	0.0336	0.0297	2865.9555	4056.3699	16.4738	9270.8010	8489.5739	0.0000	5.0134	36.3389	14.0853	0.0002	0.0001	0.0002	0.0002	0.0002	0.0000	0.0002	0.0000	0.0003
27	70	0.5925	10	1	1	1	1	0	0	0	0	N	N	N	N	N	N	N	N	N	N	N	N	3422.7654	4538.3797	812.9058	2560.7233	3404.5700	73.6948	21666.5918	77623.9922	4535.8876	9.0951	9.9469	3.1201	9.4910	9.8046	0.5001	8.7951	10.0761	3.4653	0.0027	0.0022	0.0038	0.0037	0.0029	0.0068	0.0004	0.0001	0.0008	0.0447	0.6903	-0.0133	-0.0000	4.9655	0.0406	10.6561	2.3361	0.0334	0.0319	0.0014	0.0150	0.0150	0.0000	0.0184	0.0170	0.0014	0.0003	0.0002	0.0001	0.0003	0.0002	0.0001	0.0000	0.0000	0.0000	0.0037	0.0032	0.0005	0.0016	0.0015	0.0001	0.0021	0.0017	0.0004	0.1137	0.0816	0.0321	0.0776	0.0612	0.0164	0.0361	0.0204	0.0157	3422.7654	4538.3797	812.9058	2560.7233	3404.5700	73.6948	21666.5918	77623.9922	4535.8876	0.0027	0.0022	0.0038	0.0037	0.0029	0.0068	0.0004	0.0001	0.0008
27	71	0.4203	9	1	2	1	1	0	0	0	0	N	Y	N	N	N	N	N	N	N	N	N	N	0.0000	0.0000	0.0000	0.0000	0.0000	0.0000	0.0000	0.0000	0.0000	0.0000	0.0000	0.0000	0.0000	0.0000	0.0000	0.0000	0.0000	0.0000	0.0000	0.0000	4.9655	0.0000	10.6561	0.0000	0.0000	0.0000	0.0000	0.0000	0.0000	0.0000	0.0000	0.0000	0.0000	0.0000	0.0000	0.0000	0.0000	0.0000	0.0000	0.0000	0.0000	0.0000	0.0000	0.0000	0.0000	0.0000	0.0000	0.0000	0.0000	0.0000	0.0000	0.0000	0.0000	0.0000	0.0000	0.0000	0.0000	0.0000	0.0000	0.0000	0.0000	0.0000	0.0000	0.0000	0.0000	0.0000	0.0000	0.0000	0.0000	0.0000	0.0000	0.0000	0.0000	0.0000	0.0000	0.0000	0.0000	0.0000											
27	72	0.4023	8	1	2	1	1	0	0	0	0	N	Y	N	N	N	N	N	N	N	N	N	N	0.0010	0.0000	0.0376	0.0014	0.0000	0.0411	0.0000	0.0000	0.0000	0.0000	0.0000	0.0000	0.0000	0.0000	0.0000	0.0000	0.0000	0.0000	0.0000	0.0000	0.0000	0.0000	0.0000	0.0000	0.0000	0.0000	inf	0.0749	0.0000	-0.0000	4.9655	3.9057	10.6561	1.1104	0.0000	0.0000	0.0000	0.0000	0.0000	0.0000	0.0000	0.0000	0.0000	0.0000	0.0000	0.0000	0.0000	0.0000	0.0000	0.0000	0.0000	0.0000	0.1251	0.1081	0.0169	0.0336	0.0312	0.0024	0.0915	0.0770	0.0145	0.1212	0.0790	0.0422	0.0432	0.0381	0.0051	0.0780	0.0408	0.0371	0.0010	0.0000	0.0376	0.0014	0.0000	0.0411	0.0000	0.0000	0.0000	0.0000	0.0000	0.0000	0.0000	0.0000	0.0000	0.0000	0.0000	0.0000	
27	73	0.1272	4	1	2	0	1	0	0	0	0	N	Y	N	N	N	N	N	N	N	N	N	N	21.9854	22.1662	0.0000	0.6455	0.6948	0.0000	99.6170	218891.1516	0.0000	2.3928	2.7111	0.0000	0.2046	0.2122	0.0000	3.2963	3.8827	0.0000	0.1088	0.1223	0.0850	0.3169	0.3054	0.5779	0.0331	0.0000	0.0692	0.0000	0.3937	-0.4242	-0.0133	4.9655	6.9070	10.6561	16.5673	0.9616	0.9616	0.0000	0.0240	0.0240	0.0000	0.9375	0.9375	0.0000	0.0754	0.0541	0.0213	0.0586	0.0541	0.0045	0.0168	0.0000	0.0168	0.4019	0.3547	0.0472	0.1174	0.1132	0.0042	0.2844	0.2415	0.0430	0.6928	0.4423	0.2505	0.1849	0.1771	0.0078	0.5079	0.2652	0.2427	21.9854	22.1662	0.0000	0.6455	0.6948	0.0000	99.6170	218891.1516	0.0000	0.1088	0.1223	0.0850	0.3169	0.3054	0.5779	0.0331	0.0000	0.0692
27	74	0.3944	10	0	2	0	2	0	0	0	0	N	Y	N	Y	N	N	N	N	N	N	N	N	0.0316	0.0651	0.0000	0.1292	0.1306	0.0000	0.0000	0.0000	0.0000	0.0001	0.0001	0.0000	0.0004	0.0004	0.0000	0.0000	0.0000	0.0000	0.0028	0.0016	0.0048	0.0029	0.0031	0.0013	0.0027	0.0000	0.0054	0.0000	1.7571	-0.0000	0.0003	4.9655	6.4226	10.6561	19.3377	0.0000	0.0000	0.0000	0.0000	0.0000	0.0000	0.0000	0.0000	0.0000	0.0016	0.0006	0.0010	0.0006	0.0006	0.0000	0.0010	0.0000	0.0010	0.2225	0.1899	0.0326	0.0516	0.0473	0.0043	0.1709	0.1426	0.0283	0.5638	0.3595	0.2043	0.2057	0.1796	0.0260	0.3581	0.1798	0.1783	0.0316	0.0651	0.0000	0.1292	0.1306	0.0000	0.0000	0.0000	0.0000	0.0028	0.0016	0.0048	0.0029	0.0031	0.0013	0.0027	0.0000	0.0054
27	75	0.3492	9	0	1	0	2	0	0	0	0	N	N	N	Y	N	N	N	N	N	N	N	N	0.0049	0.0071	0.0051	0.0107	0.0105	0.0000	0.0018	0.0000	0.0052	0.0004	0.0003	0.0007	0.0008	0.0008	0.0000	0.0001	0.0000	0.0008	0.0735	0.0434	0.1349	0.0740	0.0789	0.0213	0.0733	0.0002	0.1483	0.3263	1.5241	-0.0000	0.0078	4.9655	5.1932	10.6561	17.4397	0.0001	0.0001	0.0000	0.0001	0.0001	0.0000	0.0000	0.0000	0.0000	0.0538	0.0213	0.0325	0.0218	0.0213	0.0005	0.0320	0.0001	0.0319	0.2205	0.1922	0.0284	0.0749	0.0714	0.0035	0.1457	0.1208	0.0249	0.7314	0.4907	0.2407	0.2948	0.2694	0.0254	0.4366	0.2213	0.2154	0.0049	0.0071	0.0051	0.0107	0.0105	0.0000	0.0018	0.0000	0.0052	0.0735	0.0434	0.1349	0.0740	0.0789	0.0213	0.0733	0.0002	0.1483
27	76	0.3122	8	0	1	0	1	0	0	0	0	N	N	N	N	N	N	N	N	N	N	N	N	0.0339	0.0272	0.1127	0.0514	0.0450	0.2034	0.0487	0.0725	0.1107	0.0307	0.0341	0.0087	0.0965	0.0997	0.0233	0.0014	0.0002	0.0072	0.9046	1.2539	0.0775	1.8751	2.2138	0.1148	0.0285	0.0025	0.0646	0.0394	0.0261	-0.0024	-0.3620	4.9655	4.4918	10.6561	17.5337	0.0060	0.0058	0.0002	0.0059	0.0058	0.0001	0.0002	0.0000	0.0002	0.8362	0.8149	0.0213	0.8223	0.8142	0.0081	0.0138	0.0007	0.0132	0.1968	0.1706	0.0262	0.0607	0.0581	0.0026	0.1361	0.1125	0.0236	0.9243	0.6499	0.2744	0.4386	0.3678	0.0708	0.4857	0.2821	0.2036	0.0339	0.0272	0.1127	0.0514	0.0450	0.2034	0.0487	0.0725	0.1107	0.9046	1.2539	0.0775	1.8751	2.2138	0.1148	0.0285	0.0025	0.0646
27	77	0.6082	11	0	1	0	2	0	0	0	0	N	N	N	Y	N	N	N	N	N	N	N	N	0.0000	0.0000	0.0000	0.0000	0.0000	0.0000	0.0000	0.0000	0.0000	0.0000	0.0000	0.0000	0.0000	0.0000	0.0000	0.0000	0.0000	0.0000	0.2045	0.0002	0.6513	0.0058	0.0003	0.0389	0.3870	0.0000	0.8200	1646.2546	0.0000	0.0370	4.9655	0.3745	10.6561	14.7996	0.0000	0.0000	0.0000	0.0000	0.0000	0.0000	0.0000	0.0000	0.0000	0.0684	0.0000	0.0684	0.0009	0.0000	0.0009	0.0675	0.0000	0.0675	0.0161	0.0143	0.0018	0.0049	0.0047	0.0002	0.0111	0.0096	0.0016	0.3347	0.2297	0.1050	0.1603	0.1376	0.0227	0.1745	0.0921	0.0823	0.0000	0.0000	0.0000	0.0000	0.0000	0.0000	0.0000	0.0000	0.0000	0.2045	0.0002	0.6513	0.0058	0.0003	0.0389	0.3870	0.0000	0.8200	
27	78	0.5859	10	0	1	0	2	0	0	0	0	N	N	N	Y	N	N	N	N	N	N	N	N	0.0000	0.0000	0.0000	0.0000	0.0000	0.0000	0.0000	0.0000	0.0000	0.0000	0.0000	0.0000	0.0000	0.0000	0.0000	0.0000	0.0000	0.0000	0.4148	0.3115	0.6635	0.4858	0.4929	0.4406	0.3389	0.0004	0.7339	0.8848	0.0000	0.0014	4.9655	1.4595	10.6561	10.3922	0.0000	0.0000	0.0000	0.0000	0.0000	0.0000	0.0000	0.0000	0.0000	0.1223	0.0649	0.0574	0.0740	0.0648	0.0092	0.0483	0.0000	0.0482	0.0509	0.0441	0.0068	0.0139	0.0129	0.0009	0.0370	0.0312	0.0058	0.2947	0.2082	0.0865	0.1523	0.1315	0.0208	0.1424	0.0767	0.0657	0.0000	0.0000	0.0000	0.0000	0.0000	0.0000	0.0000	0.0000	0.0000	0.4148	0.3115	0.6635	0.4858	0.4929	0.4406	0.3389	0.0004	0.7339	
27	79	0.5717	9	0	1	0	2	0	0	0	0	N	N	N	Y	N	N	N	N	N	N	N	N	0.0021	0.0027	0.0018	0.0085	0.0065	0.0771	0.0000	0.0000	0.0000	0.0011	0.0010	0.0016	0.0043	0.0037	0.0112	0.0000	0.0000	0.0000	0.5228	0.3696	0.8875	0.5019	0.5651	0.1454	0.5476	0.0002	1.1702	0.2576	1.0094	-0.0000	0.0051	4.9655	1.3861	10.6561	6.3168	0.0000	0.0000	0.0000	0.0000	0.0000	0.0000	0.0000	0.0000	0.0000	0.1161	0.0578	0.0583	0.0604	0.0578	0.0026	0.0557	0.0000	0.0557	0.0449	0.0385	0.0064	0.0114	0.0106	0.0009	0.0335	0.0279	0.0055	0.2220	0.1563	0.0657	0.1203	0.1022	0.0181	0.1017	0.0541	0.0476	0.0021	0.0027	0.0018	0.0085	0.0065	0.0771	0.0000	0.0000	0.0000	0.5228	0.3696	0.8875	0.5019	0.5651	0.1454	0.5476	0.0002	1.1702
27	80	0.5123	8	0	1	0	2	0	0	0	0	N	N	N	Y	N	N	N	N	N	N	N	N	0.1294	0.1592	0.0086	0.2871	0.4113	0.0000	0.3963	0.0000	1.4101	0.0289	0.0334	0.0022	0.1261	0.1370	0.0000	0.0004	0.0000	0.0025	0.2230	0.2099	0.2501	0.4392	0.3330	0.9945	0.0010	0.0003	0.0017	0.0110	0.5738	-0.0015	-0.0090	4.9655	4.0043	10.6561	19.8631	0.0035	0.0035	0.0000	0.0035	0.0035	0.0000	0.0000	0.0000	0.0000	0.0963	0.0612	0.0351	0.0960	0.0611	0.0349	0.0002	0.0000	0.0002	0.1225	0.1046	0.0179	0.0277	0.0255	0.0022	0.0948	0.0791	0.0157	0.4318	0.2914	0.1404	0.2187	0.1836	0.0351	0.2131	0.1079	0.1052	0.1294	0.1592	0.0086	0.2871	0.4113	0.0000	0.3963	0.0000	1.4101	0.2230	0.2099	0.2501	0.4392	0.3330	0.9945	0.0010	0.0003	0.0017
27	81	0.3550	8	0	2	1	1	0	0	0	0	N	Y	N	N	N	N	N	N	N	N	N	N	0.0000	0.0000	0.0000	0.0000	0.0000	0.0000	0.0000	0.0000	0.0000	0.0000	0.0000	0.0000	0.0000	0.0000	0.0000	0.0000	0.0000	0.0000	8.2587	14.4657	0.0006	0.0025	0.0022	0.0049	9.6842	17.8268	0.0000	0.0000	0.0000	-0.4537	4.9655	2.0162	10.6561	4.5500	0.0000	0.0000	0.0000	0.0000	0.0000	0.0000	0.0000	0.0000	0.0000	0.9898	0.9898	0.0000	0.0001	0.0001	0.0000	0.9897	0.9897	0.0000	0.0784	0.0678	0.0106	0.0250	0.0234	0.0016	0.0534	0.0444	0.0090	0.1564	0.1035	0.0528	0.0542	0.0480	0.0062	0.1022	0.0555	0.0467	0.0000	0.0000	0.0000	0.0000	0.0000	0.0000	0.0000	0.0000	0.0000	6.3295	9.5593	0.0006	0.0025	0.0022	0.0049	9.6842	17.8268	0.0000	
27	82	0.6203	12	0	2	1	1	0	0	0	0	N	Y	N	N	N	N	N	N	N	N	N	N	1.0253	0.8112	0.0000	2.2312	1.9335	0.0000	0.0000	0.0000	0.0135	0.0157	0.0000	0.0492	0.0532	0.0000	0.0000	0.0000	0.0000	0.0132	0.0193	0.0000	0.0220	0.0275	0.0000	0.0000	0.0000	0.0000	0.0000	0.0002	-0.0006	-0.0008	4.9655	3.0011	10.6561	3.7015	0.0013	0.0013	0.0000	0.0013	0.0013	0.0000	0.0000	0.0000	0.0000	0.0018	0.0018	0.0000	0.0018	0.0018	0.0000	0.0000	0.0000	0.0000	0.0976	0.0842	0.0134	0.0268	0.0248	0.0020	0.0707	0.0594	0.0114	0.1381	0.0942	0.0439	0.0826	0.0662	0.0164	0.0554	0.0280	0.0274	1.0253	0.8112	0.0000	2.2312	1.9335	0.0000	0.0000	0.0000	0.0000	0.0132	0.0193	0.0000	0.0220	0.0275	0.0000	0.0000	0.0000	0.0000	
27	83	0.6088	11	0	2	0	1	0	0	0	0	N	Y	N	N	N	N	N	N	N	N	N	N	1.7767	0.1081	4.6583	1.2134	1.2244	0.3487	0.8249	0.0000	2.7031	0.0202	0.0002	0.1459	0.0006	0.0006	0.0001	0.0277	0.0000	0.1718	0.0114	0.0016	0.0313	0.0005	0.0005	0.0004	0.0335	0.0050	0.0635	132.1758	9.4023	0.0007	0.0008	4.9655	2.0032	10.6561	4.2039	0.0013	0.0000	0.0013	0.0000	0.0000	0.0000	0.0013	0.0000	0.0013	0.0019	0.0002	0.0017	0.0001	0.0000	0.0000	0.0018	0.0001	0.0017	0.0659	0.0568	0.0090	0.0182	0.0168	0.0014	0.0477	0.0400	0.0077	0.1657	0.1114	0.0543	0.1111	0.0834	0.0277	0.0546	0.0280	0.0266	1.7767	0.1081	4.6583	1.2134	1.2244	0.3487	0.8249	0.0000	2.7031	0.0114	0.0016	0.0313	0.0005	0.0005	0.0004	0.0335	0.0050	0.0635
27	84	0.6056	11	1	1	1	1	0	0	0	0	N	N	N	N	N	N	N	N	N	N	N	N	0.5218	0.0000	1.4235	10.5955	0.0000	24.4787	0.3437	0.0000	1.2935	0.1654	0.0000	1.2128	0.0030	0.0000	0.0409	0.2356	0.0000	1.4426	0.3170	0.0000	0.8520	0.0003	0.0000	0.0017	0.6856	0.0000	1.1153	inf	27289.9874	0.0031	0.0235	4.9655	1.0052	10.6561	4.9545	0.0056	0.0000	0.0056	0.0000	0.0000	0.0000	0.0055	0.0000	0.0055	0.0434	0.0000	0.0434	0.0000	0.0000	0.0000	0.0434	0.0000	0.0434	0.0337	0.0291	0.0046	0.0102	0.0094	0.0008	0.0235	0.0197	0.0038	0.1370	0.0860	0.0510	0.0737	0.0616	0.0121	0.0633	0.0244	0.0389	0.5218	0.0000	1.4235	10.5955	0.0000	24.4787	0.3437	0.0000	1.2935	0.3170	0.0000	0.8520	0.0003	0.0000	0.0017	0.6856	0.0000	1.1153
27	85	0.5862	10	1	1	1	1	0	0	0	0	N	N	N	N	N	N	N	N	N	N	N	N	163.3666	2.4580	393.3528	72.0404	0.0018	11220.6796	85.8527	1.7837	263.6712	30.0700	0.0011	219.7423	0.0149	0.0000	0.2010	41.9174	0.0015	259.4190	0.1841	0.0004	0.5586	0.0002	0.0003	0.0000	0.4882	0.0008	0.9839	33147.3333	640.5489	0.5556	0.0192	4.9655	0.9968	10.6561	7.6169	0.9942	0.0000	0.9942	0.0001	0.0000	0.0001	0.9941	0.0000	0.9940	0.0355	0.0001	0.0355	0.0000	0.0000	0.0000	0.0355	0.0000	0.0355	0.0331	0.0285	0.0045	0.0093	0.0087	0.0007	0.0237	0.0199	0.0038	0.1929	0.1294	0.0635	0.1202	0.0928	0.0274	0.0727	0.0366	0.0360	163.3666	2.4580	393.3528	72.0404	0.0018	11220.6796	85.8527	1.7837	263.6712	0.1841	0.0004	0.5586	0.0002	0.0003	0.0000	0.4882	0.0008	0.9839
27	86	0.6062	9	1	2	0	1	0	0	0	0	N	Y	N	N	N	N	N	N	N	N	N	N	0.0000	0.0000	0.0000	0.0000	0.0000	0.0001	0.0000	0.0000	0.0000	0.0000	0.0000	0.0000	0.0000	0.0000	0.0000	0.0000	0.0000	0.0000	0.1399	0.0014	0.5310	0.0233	0.0019	0.1558	0.3041	0.0002	0.7006	inf	137.9834	0.0000	0.0309	4.9655	5.8060	10.6561	6.1034	0.0000	0.0000	0.0000	0.0000	0.0000	0.0000	0.0000	0.0000	0.0000	0.0579	0.0004	0.0575	0.0056	0.0004	0.0053	0.0522	0.0000	0.0522	0.2556	0.2121	0.0435	0.0843	0.0801	0.0042	0.1713	0.1320	0.0393	0.4137	0.3055	0.1082	0.2419	0.2082	0.0337	0.1717	0.0972	0.0745	0.0000	0.0000	0.0000	0.0000	0.0000	0.0001	0.0000	0.0000	0.0000	0.1399	0.0014	0.5310	0.0233	0.0019	0.1558	0.3041	0.0002	0.7006
27	87	0.5123	8	1	2	0	1	0	0	0	0	N	Y	N	N	N	N	N	N	N	N	N	N	19.4264	0.1241	4483.4706	0.0983	0.0841	9.1392	1246.2741	30.6945	4396.0283	2.0277	0.0190	14.0279	0.0202	0.0206	0.0149	2.6055	0.0185	15.9999	0.1044	0.1534	0.0031	0.2053	0.2454	0.0016	0.0021	0.0006	0.0036	123.3553	0.0099	0.4033	-0.0271	4.9655	12.2869	10.6561	21.7146	0.7321	0.0059	0.7262	0.0016	0.0015	0.0001	0.7305	0.0044	0.7261	0.0603	0.0597	0.0006	0.0597	0.0597	0.0001	0.0006	0.0001	0.0005	0.3611	0.3093	0.0518	0.0807	0.0743	0.0064	0.2804	0.2350	0.0454	0.5781	0.3896	0.1885	0.2909	0.2431	0.0479	0.2871	0.1465	0.1406	19.4264	0.1241	4483.4706	0.0983	0.0841	9.1392	1246.2741	30.6945	4396.0283	0.1044	0.1534	0.0031	0.2053	0.2454	0.0016	0.0021	0.0006	0.0036
27	88	0.6088	11	0	2	0	1	0	0	0	0	N	Y	N	N	N	N	N	N	N	N	N	N	0.0042	0.0034	0.0000	0.0099	0.0082	0.0000	0.0000	0.0000	0.0000	0.0001	0.0001	0.0000	0.0003	0.0003	0.0000	0.0000	0.0000	0.0000	0.0181	0.0264	0.0011	0.0284	0.0368	0.0005	0.0010	0.0004	0.0016	0.0000	0.0206	-0.0000	-0.0022	4.9655	4.0005	10.6561	9.0093	0.0000	0.0000	0.0000	0.0000	0.0000	0.0000	0.0000	0.0000	0.0000	0.0050	0.0049	0.0001	0.0049	0.0049	0.0000	0.0001	0.0000	0.0001	0.1301	0.1123	0.0178	0.0357	0.0330	0.0027	0.0945	0.0793	0.0152	0.2742	0.1846	0.0896	0.1715	0.1320	0.0395	0.1027	0.0527	0.0500	0.0042	0.0034	0.0000	0.0099	0.0082	0.0000	0.0000	0.0000	0.0000	0.0181	0.0264	0.0011	0.0284	0.0368	0.0005	0.0010	0.0004	0.0016
27	89	0.5862	10	0	2	0	1	0	0	0	0	N	Y	N	N	N	N	N	N	N	N	N	N	0.7323	0.0000	3.0676	0.0004	0.0000	0.0031	0.9327	0.0000	3.4200	0.0003	0.0000	0.0022	0.0000	0.0000	0.0000	0.0004	0.0000	0.0026	0.0004	0.0003	0.0007	0.0004	0.0003	0.0007	0.0004	0.0001	0.0008	inf	1.3402	0.0000	0.0000	4.9655	1.0051	10.6561	9.2650	0.0000	0.0000	0.0000	0.0000	0.0000	0.0000	0.0000	0.0000	0.0000	0.0001	0.0000	0.0001	0.0001	0.0000	0.0000	0.0000	0.0000	0.0000	0.0333	0.0288	0.0046	0.0094	0.0087	0.0007	0.0239	0.0200	0.0039	0.2195	0.1474	0.0720	0.1352	0.1049	0.0303	0.0843	0.0426	0.0417	0.7323	0.0000	3.0676	0.0004	0.0000	0.0031	0.9327	0.0000	3.4200	0.0004	0.0003	0.0007	0.0004	0.0003	0.0007	0.0004	0.0001	0.0008
27	90	0.6346	10	0	1	1	1	0	0	0	0	N	N	N	N	N	N	N	N	N	N	N	N	2.8598	0.0000	95.7101	0.2697	0.0000	2.2509	2.7211	0.0000	3540.1578	0.0390	0.0000	0.3068	0.0019	0.0000	0.0309	0.0556	0.0000	0.3560	0.0136	0.0175	0.0032	0.0071	0.0062	0.0137	0.0204	0.0353	0.0001	inf	0.0673	0.0018	-0.0013	4.9655	2.3559	10.6561	7.1930	0.0033	0.0000	0.0033	0.0001	0.0000	0.0001	0.0033	0.0000	0.0033	0.0033	0.0031	0.0002	0.0009	0.0007	0.0002	0.0024	0.0024	0.0000	0.0848	0.0741	0.0108	0.0262	0.0245	0.0016	0.0587	0.0495	0.0092	0.2407	0.1761	0.0646	0.1229	0.1082	0.0147	0.1178	0.0679	0.0499	2.8598	0.0000	95.7101	0.2697	0.0000	2.2509	2.7211	0.0000	3540.1578	0.0136	0.0175	0.0032	0.0071	0.0062	0.0137	0.0204	0.0353	0.0001
27	91	0.6018	9	0	1	0	1	0	0	0	0	N	N	N	N	N	N	N	N	N	N	N	N	2.2177	0.0021	570.7289	0.2916	0.0630	3.8967	1.7841	0.0001	9972.0656	3.2363	0.0041	25.9015	0.0387	0.0082	0.5846	5.7858	0.0004	31.7616	1.4593	1.9728	0.0454	0.1326	0.1299	0.1500	3.2429	5.8411	0.0032	898.3624	0.0084	0.4544	-0.4175	4.9655	4.9284	10.6561	11.0439	0.8146	0.0009	0.8137	0.0043	0.0009	0.0035	0.8103	0.0000	0.8102	0.9276	0.9199	0.0077	0.0483	0.0410	0.0073	0.8792	0.8789	0.0004	0.2517	0.2203	0.0314	0.1117	0.1058	0.0059	0.1400	0.1145	0.0255	0.6356	0.4663	0.1693	0.3645	0.3158	0.0487	0.2711	0.1505	0.1207	2.2177	0.0021	570.7289	0.2916	0.0630	3.8967	1.7841	0.0001	9972.0656	1.4593	1.9728	0.0454	0.1326	0.1299	0.1500	3.2429	5.8411	0.0032
27	92	0.5123	8	0	1	0	1	0	0	0	0	N	N	N	N	N	N	N	N	N	N	N	N	0.8235	0.0307	52.0908	0.0601	0.0561	0.0178	4.7409	0.0518	289.9765	1.6240	0.0868	10.6148	0.2097	0.2267	0.0121	2.0376	0.0416	12.0981	1.9721	2.8273	0.2038	3.4923	4.0448	0.6805	0.4298	0.8028	0.0417	20.9157	0.0349	0.0999	-0.4739	4.9655	3.9161	10.6561	29.2065	0.1946	0.0089	0.1858	0.0057	0.0057	0.0000	0.1890	0.0032	0.1857	1.1158	1.0783	0.0376	0.9951	0.9633	0.0318	0.1207	0.1150	0.0057	0.1199	0.1024	0.0175	0.0271	0.0250	0.0021	0.0927	0.0774	0.0154	0.5658	0.3814	0.1845	0.2849	0.2381	0.0468	0.2809	0.1432	0.1377	0.8235	0.0307	52.0908	0.0601	0.0561	0.0178	4.7409	0.0518	289.9765	1.9721	2.8273	0.2038	3.4923	4.0448	0.6805	0.4298	0.8028	0.0417
27	93	0.3550	8	1	2	0	1	0	0	0	0	N	Y	N	N	N	N	N	N	N	N	N	N	0.0000	0.0000	0.0000	0.0000	0.0000	0.0000	0.0000	0.0000	0.0000	0.0000	0.0000	0.0000	0.0000	0.0000	0.0000	0.0000	0.0000	0.0000	0.0517	0.0794	0.0005	0.1643	0.1856	0.0044	0.0000	0.0000	0.0000	0.0033	-0.0000	-0.0049	4.9655	2.5103	10.6561	7.4742	0.0000	0.0000	0.0000	0.0000	0.0000	0.0000	0.0000	0.0000	0.0000	0.0108	0.0107	0.0000	0.0108	0.0107	0.0000	0.0000	0.0000	0.0000	0.0933	0.0806	0.0127	0.0290	0.0270	0.0020	0.0643	0.0536	0.0107	0.2079	0.1351	0.0728	0.0655	0.0578	0.0077	0.1424	0.0773	0.0651	0.0000	0.0000	0.0000	0.0000	0.0000	0.0000	0.0000	0.0000	0.0000	0.0517	0.0794	0.0005	0.1643	0.1856	0.0044	0.0000	0.0000	0.0000	
27	94	0.3187	7	0	2	0	1	0	0	0	0	N	Y	N	N	N	N	N	N	N	N	N	N	0.0000	0.0000	0.0000	0.0000	0.0000	0.0000	0.0000	0.0000	0.0000	0.0000	0.0000	0.0000	0.0000	0.0000	0.0000	0.0000	0.0000	0.0000	0.0462	0.0686	0.0043	0.0013	0.0014	0.0005	0.0660	0.1179	0.0047	0.0338	-0.0000	-0.0046	4.9655	7.1305	10.6561	3.2426	0.0000	0.0000	0.0000	0.0000	0.0000	0.0000	0.0000	0.0000	0.0000	0.0108	0.0105	0.0004	0.0001	0.0001	0.0000	0.0107	0.0104	0.0004	0.2933	0.2567	0.0366	0.0931	0.0880	0.0051	0.2002	0.1687	0.0315	0.2347	0.1528	0.0819	0.0721	0.0647	0.0074	0.1626	0.0881	0.0745	0.0000	0.0000	0.0000	0.0000	0.0000	0.0000	0.0000	0.0000	0.0000	0.0462	0.0686	0.0043	0.0013	0.0014	0.0005	0.0660	0.1179	0.0047	
27	95	0.5862	10	1	2	0	1	0	0	0	0	N	Y	N	N	N	N	N	N	N	N	N	N	1.9600	1.5295	0.0000	0.0171	0.0146	0.0000	1.1747	0.7136	0.0000	3.9071	4.5231	0.0000	0.0020	0.0021	0.0000	5.4031	6.4310	0.0000	1.9934	2.9573	0.0002	0.1155	0.1457	0.0003	4.5997	9.0116	0.0001	0.0000	0.0000	-0.4410	-0.4746	4.9655	8.0000	10.6561	22.5660	0.9997	0.9997	0.0000	0.0001	0.0001	0.0000	0.9996	0.9996	0.0000	1.0354	1.0354	0.0000	0.0349	0.0348	0.0000	1.0005	1.0005	0.0000	0.2559	0.2210	0.0348	0.0709	0.0656	0.0053	0.1850	0.1554	0.0296	0.5194	0.3501	0.1693	0.3019	0.2391	0.0628	0.2175	0.1110	0.1065	1.9600	1.5295	0.0000	0.0171	0.0146	0.0000	1.1747	0.7136	0.0000	1.9934	2.9573	0.0002	0.1155	0.1457	0.0003	4.5997	9.0116	0.0001
27	96	0.5123	8	0	1	0	1	0	0	0	0	N	N	N	N	N	N	N	N	N	N	N	N	1.4105	0.0001	93.0072	0.0003	0.0002	0.0039	10843.3907	0.0000	48886.3970	2.7334	0.0003	19.0529	0.0013	0.0011	0.0032	3.5202	0.0000	21.7339	1.9379	2.7753	0.2049	3.8424	4.4354	0.8081	0.0003	0.0002	0.0004	12059.1801	0.0357	0.5391	-0.4384	4.9655	11.9964	10.6561	18.8414	0.9648	0.0001	0.9647	0.0001	0.0001	0.0000	0.9647	0.0000	0.9647	1.0341	0.9984	0.0356	1.0340	0.9984	0.0356	0.0001	0.0000	0.0001	0.3530	0.3023	0.0506	0.0789	0.0727	0.0062	0.2741	0.2297	0.0444	0.5336	0.3598	0.1738	0.2691	0.2251	0.0440	0.2645	0.1347	0.1298	1.4105	0.0001	93.0072	0.0003	0.0002	0.0039	10843.3907	0.0000	48886.3970	1.9379	2.7753	0.2049	3.8424	4.4354	0.8081	0.0003	0.0002	0.0004
27	98	0.6167	12	1	2	1	1	0	0	0	0	N	Y	N	N	N	N	N	N	N	N	N	N	99.2242	3140.3412	0.0000	171.2296	79410.9709	0.0000	0.0999	0.0680	0.0000	25.3774	29.0565	0.0000	71.8643	76.4757	0.0000	0.0016	0.0019	0.0000	0.2558	0.0093	0.7956	0.4197	0.0010	2.0498	0.0157	0.0276	0.0025	0.0000	39.2627	-0.4185	0.0387	4.9655	0.9502	10.6561	16.1595	0.9488	0.9488	0.0000	0.9488	0.9488	0.0000	0.0000	0.0000	0.0000	0.0748	0.0019	0.0729	0.0729	0.0001	0.0728	0.0019	0.0017	0.0001	0.0374	0.0327	0.0047	0.0132	0.0124	0.0008	0.0242	0.0202	0.0039	0.2925	0.2008	0.0917	0.1738	0.1383	0.0355	0.1187	0.0625	0.0562	99.2242	3140.3412	0.0000	171.2296	79410.9709	0.0000	0.0999	0.0680	0.0000	0.2558	0.0093	0.7956	0.4197	0.0010	2.0498	0.0157	0.0276	0.0025
27	99	0.5123	8	0	2	0	1	0	0	0	0	N	Y	N	N	N	N	N	N	N	N	N	N	37.4267	0.0000	84.9457	0.0088	0.0000	0.0180	20485.2972	0.0000	62253.9181	2.7334	0.0000	19.0545	0.0013	0.0000	0.0160	3.5202	0.0000	21.7339	0.0730	0.0000	0.2243	0.1444	0.0001	0.8891	0.0002	0.0000	0.0003	inf	2997.2902	0.5392	0.0193	4.9655	11.9964	10.6561	15.6499	0.9648	0.0000	0.9648	0.0001	0.0000	0.0001	0.9647	0.0000	0.9647	0.0356	0.0000	0.0356	0.0356	0.0000	0.0356	0.0000	0.0000	0.0000	0.3530	0.3023	0.0506	0.0789	0.0727	0.0062	0.2741	0.2297	0.0444	0.4877	0.3289	0.1587	0.2464	0.2064	0.0400	0.2412	0.1225	0.1187	37.4267	0.0000	84.9457	0.0088	0.0000	0.0180	20485.2972	0.0000	62253.9181	0.0730	0.0000	0.2243	0.1444	0.0001	0.8891	0.0002	0.0000	0.0003
27	100	0.6197	13	1	1	1	1	0	0	0	0	N	N	N	N	N	N	N	N	N	N	N	N	0.0065	0.0050	0.0000	0.0002	0.0002	0.0000	0.0835	3.1378	0.0000	0.0267	0.0308	0.0000	0.0018	0.0020	0.0000	0.0387	0.0462	0.0000	4.0981	6.1087	0.5772	9.2844	11.8109	0.0003	0.4636	0.0147	0.9383	0.0000	0.0489	-0.0004	-0.4150	4.9655	1.0008	10.6561	13.9255	0.0009	0.0009	0.0000	0.0000	0.0000	0.0000	0.0009	0.0009	0.0000	1.0079	0.9609	0.0470	0.9602	0.9602	0.0000	0.0477	0.0008	0.0470	0.0334	0.0289	0.0045	0.0109	0.0101	0.0008	0.0225	0.0188	0.0036	0.2562	0.1748	0.0814	0.1532	0.1219	0.0313	0.1030	0.0529	0.0500	0.0068	0.0056	0.0000	0.0003	0.0003	0.0000	0.0835	3.1378	0.0000	3.9342	5.4963	0.5772	6.2662	7.8759	0.0003	0.4636	0.0147	0.9383
27	101	0.6167	12	1	1	1	1	0	0	0	0	N	N	N	N	N	N	N	N	N	N	N	N	3.5635	5.5730	0.0082	0.0953	0.1478	0.0484	972.5442	117936.1184	0.0546	6.7785	7.5017	0.0270	0.2580	0.2571	0.3066	12.3828	14.8270	0.0015	1.9022	1.3461	3.2954	2.7084	1.7398	6.3291	0.0127	0.0001	0.0276	0.0004	0.9772	-0.0228	0.0049	4.9655	0.0532	10.6561	2.0467	0.0518	0.0518	0.0000	0.0009	0.0009	0.0000	0.0509	0.0509	0.0000	0.1369	0.0692	0.0677	0.1366	0.0692	0.0674	0.0003	0.0000	0.0003	0.0076	0.0069	0.0007	0.0035	0.0035	0.0001	0.0041	0.0034	0.0007	0.0720	0.0514	0.0205	0.0504	0.0398	0.0106	0.0215	0.0116	0.0099	3.5635	5.5730	0.0082	0.0953	0.1478	0.0484	972.5442	117936.1184	0.0546	1.9022	1.3461	3.2954	2.7084	1.7398	6.3291	0.0127	0.0001	0.0276
27	102	0.6071	11	1	1	1	1	0	0	0	0	N	N	N	N	N	N	N	N	N	N	N	N	1.0982	1.8398	0.0030	1.0610	1.8509	0.0076	222.8655	8850.9249	0.0401	1.2967	1.4901	0.0061	1.9136	2.0496	0.0333	0.9823	1.1726	0.0004	1.1807	0.8099	2.0615	1.8035	1.1074	4.3782	0.0044	0.0001	0.0096	0.0006	1.0716	-0.0429	0.0083	4.9655	2.0948	10.6561	3.0326	0.0974	0.0973	0.0001	0.0485	0.0484	0.0001	0.0489	0.0489	0.0000	0.1415	0.0683	0.0732	0.1413	0.0683	0.0730	0.0002	0.0000	0.0002	0.0751	0.0653	0.0098	0.0253	0.0236	0.0017	0.0497	0.0417	0.0081	0.1198	0.0843	0.0355	0.0784	0.0617	0.0167	0.0415	0.0227	0.0188	1.0982	1.8398	0.0030	1.0610	1.8509	0.0076	222.8655	8850.9249	0.0401	1.1807	0.8099	2.0615	1.8035	1.1074	4.3782	0.0044	0.0001	0.0096
27	103	0.5862	10	1	1	1	1	0	0	0	0	N	N	N	N	N	N	N	N	N	N	N	N	18.0282	14.2298	0.3627	0.0057	0.0048	0.6792	608.9347	14730.0000	0.2435	7.3680	8.5346	0.0068	0.0037	0.0040	0.0000	10.2157	12.1722	0.0080	0.4087	0.5998	0.0188	0.6464	0.8370	0.0000	0.0168	0.0008	0.0330	0.0001	0.0153	-0.4182	-0.0355	4.9655	3.9484	10.6561	4.8420	0.9483	0.9482	0.0001	0.0001	0.0001	0.0000	0.9482	0.9480	0.0001	0.0800	0.0788	0.0012	0.0788	0.0788	0.0000	0.0012	0.0000	0.0012	0.1287	0.1111	0.0176	0.0359	0.0332	0.0027	0.0928	0.0779	0.0149	0.1958	0.1314	0.0644	0.1218	0.0941	0.0277	0.0739	0.0373	0.0366	18.0282	14.2298	0.3627	0.0057	0.0048	0.6792	608.9347	14730.0000	0.2435	0.4087	0.5998	0.0188	0.6464	0.8370	0.0000	0.0168	0.0008	0.0330
27	104	0.5446	9	0	2	0	1	0	0	0	0	N	Y	N	N	N	N	N	N	N	N	N	N	25.1445	0.0000	81.7756	0.0624	0.0000	0.1933	278.8051	0.0000	981.3584	0.1380	0.0000	0.9883	0.0006	0.0000	0.0081	0.2021	0.0000	1.2048	0.0055	0.0022	0.0121	0.0103	0.0033	0.0418	0.0007	0.0002	0.0012	inf	2.8394	0.0261	0.0011	4.9655	8.9557	10.6561	32.3127	0.0467	0.0000	0.0467	0.0001	0.0000	0.0001	0.0466	0.0000	0.0466	0.0039	0.0010	0.0029	0.0037	0.0010	0.0027	0.0003	0.0000	0.0002	0.3384	0.2911	0.0473	0.1076	0.0991	0.0086	0.2307	0.1920	0.0387	0.7169	0.4761	0.2408	0.3574	0.2930	0.0645	0.3594	0.1831	0.1763	25.1445	0.0000	81.7756	0.0624	0.0000	0.1933	278.8051	0.0000	981.3584	0.0055	0.0022	0.0121	0.0103	0.0033	0.0418	0.0007	0.0002	0.0012
27	105	0.5700	10	0	1	1	1	0	0	0	0	N	N	N	N	N	N	N	N	N	N	N	N	112.1069	0.0000	1413.7994	0.4963	0.0000	5.6642	119.0329	0.0000	1893.0136	0.0686	0.0000	0.4971	0.0002	0.0000	0.0024	0.1005	0.0000	0.6132	0.0006	0.0007	0.0004	0.0004	0.0004	0.0004	0.0008	0.0014	0.0003	inf	0.2438	0.0062	-0.0000	4.9655	4.2679	10.6561	7.8415	0.0111	0.0000	0.0111	0.0000	0.0000	0.0000	0.0111	0.0000	0.0111	0.0002	0.0001	0.0000	0.0001	0.0000	0.0000	0.0001	0.0001	0.0000	0.1618	0.1395	0.0223	0.0515	0.0473	0.0042	0.1103	0.0922	0.0181	0.2506	0.1651	0.0854	0.1310	0.1075	0.0235	0.1196	0.0577	0.0620	112.1069	0.0000	1413.7994	0.4963	0.0000	5.6642	119.0329	0.0000	1893.0136	0.0006	0.0007	0.0004	0.0004	0.0004	0.0004	0.0008	0.0014	0.0003
27	106	0.5446	9	0	1	0	1	0	0	0	0	N	N	N	N	N	N	N	N	N	N	N	N	135.4365	27.0713	948.4506	28.4050	32.4923	1.7416	1147.2665	0.0000	3463.6812	0.4793	0.1039	2.7577	0.1712	0.1854	0.0134	0.8192	0.0000	3.9629	0.0035	0.0038	0.0029	0.0060	0.0057	0.0077	0.0007	0.0003	0.0011	4.3706	0.3609	0.0211	-0.0002	4.9655	1.9301	10.6561	9.0954	0.0567	0.0106	0.0462	0.0106	0.0106	0.0001	0.0461	0.0000	0.0461	0.0010	0.0007	0.0003	0.0009	0.0007	0.0002	0.0001	0.0000	0.0001	0.1184	0.1016	0.0167	0.0621	0.0570	0.0051	0.0563	0.0446	0.0116	0.2718	0.1841	0.0877	0.1445	0.1208	0.0237	0.1273	0.0633	0.0640	135.4365	27.0713	948.4506	28.4050	32.4923	1.7416	1147.2665	0.0000	3463.6812	0.0035	0.0038	0.0029	0.0060	0.0057	0.0077	0.0007	0.0003	0.0011
27	107	0.5123	8	0	1	0	1	0	0	0	0	N	N	N	N	N	N	N	N	N	N	N	N	1042.7990	2.0778	2572.1804	5.1381	3.9363	15.0354	762.2786	20.3972	2314.9061	7.6848	0.0023	52.6162	0.0099	0.0068	0.0460	9.9299	0.0009	59.9704	0.0074	0.0011	0.0205	0.0019	0.0017	0.0031	0.0130	0.0000	0.0259	3894.5640	8.7983	0.5131	0.0009	4.9655	3.9049	10.6561	9.6098	0.9185	0.0002	0.9183	0.0003	0.0002	0.0001	0.9183	0.0001	0.9182	0.0020	0.0002	0.0018	0.0003	0.0002	0.0001	0.0017	0.0000	0.0017	0.1195	0.1021	0.0175	0.0271	0.0249	0.0021	0.0925	0.0772	0.0153	0.2701	0.1827	0.0874	0.1376	0.1167	0.0208	0.1325	0.0660	0.0665	1042.7990	2.0778	2572.1804	5.1381	3.9363	15.0354	762.2786	20.3972	2314.9061	0.0074	0.0011	0.0205	0.0019	0.0017	0.0031	0.0130	0.0000	0.0259
27	108	0.5335	10	0	2	0	1	0	0	0	0	N	Y	N	N	N	N	N	N	N	N	N	N	73.2385	18695.8970	0.0000	138.7782	37877.4931	0.0000	0.0000	0.0000	0.0000	0.2340	0.2756	0.0000	0.8738	0.9415	0.0000	0.0000	0.0000	0.0000	0.0032	0.0000	0.0099	0.0063	0.0000	0.0410	0.0004	0.0000	0.0008	0.0000	318.7110	-0.0274	0.0010	4.9655	8.0392	10.6561	22.6195	0.0622	0.0622	0.0000	0.0622	0.0622	0.0000	0.0000	0.0000	0.0000	0.0018	0.0000	0.0018	0.0017	0.0000	0.0017	0.0001	0.0000	0.0001	0.2655	0.2255	0.0400	0.0711	0.0660	0.0051	0.1944	0.1595	0.0349	0.5556	0.3767	0.1788	0.2636	0.2233	0.0403	0.2920	0.1535	0.1385	73.2385	18695.8970	0.0000	138.7782	37877.4931	0.0000	0.0000	0.0000	0.0000	0.0032	0.0000	0.0099	0.0063	0.0000	0.0410	0.0004	0.0000	0.0008
27	109	0.5335	9	0	1	0	1	0	0	0	0	N	N	N	N	N	N	N	N	N	N	N	N	170.5667	176.9278	153.0051	96.3922	183.3445	0.0437	24823.8839	15631.3345	22181.8865	5.0187	3.4291	9.3684	5.7027	5.8267	0.0198	4.4812	0.0065	9.7086	0.0294	0.0194	0.0612	0.0592	0.0318	0.4520	0.0002	0.0000	0.0004	0.9984	0.9975	0.0068	0.0001	4.9655	0.2031	10.6561	2.0398	0.1163	0.0582	0.0581	0.0582	0.0582	0.0000	0.0582	0.0000	0.0581	0.0033	0.0016	0.0016	0.0033	0.0016	0.0016	0.0000	0.0000	0.0000	0.0232	0.0170	0.0062	0.0102	0.0100	0.0002	0.0130	0.0070	0.0060	0.1119	0.0851	0.0269	0.0555	0.0519	0.0036	0.0564	0.0332	0.0232	170.5667	176.9278	153.0051	96.3922	183.3445	0.0437	24823.8839	15631.3345	22181.8865	0.0294	0.0194	0.0612	0.0592	0.0318	0.4520	0.0002	0.0000	0.0004
27	110	0.4161	9	1	1	1	1	0	0	0	0	N	N	N	N	N	N	N	N	N	N	N	N	0.0000	0.0000	0.0000	0.0000	0.0000	0.0000	0.0000	0.0000	0.0000	0.0000	0.0000	0.0000	0.0000	0.0000	0.0000	0.0000	0.0000	0.0000	0.0000	0.0000	4.9655	0.0001	10.6561	0.0001	0.0000	0.0000	0.0000	0.0000	0.0000	0.0000	0.0000	0.0000	0.0000	0.0000	0.0000	0.0000	0.0000	0.0000	0.0000	0.0000	0.0000	0.0000	0.0034	0.0027	0.0007	0.0017	0.0017	0.0000	0.0017	0.0010	0.0007	0.0001	0.0001	0.0000	0.0000	0.0000	0.0000	0.0000	0.0000	0.0000	0.0000	0.0000	0.0000	0.0000	0.0000	0.0000	0.0000	0.0000	0.0000	0.0000	0.0000	0.0000	0.0000	0.0000	0.0000	0.0000	0.0000	0.0000											
27	111	0.4023	8	1	1	1	1	0	0	0	0	N	N	N	N	N	N	N	N	N	N	N	N	0.0018	0.0000	0.0730	0.0023	0.0000	0.0863	0.0000	0.0000	0.0000	0.0000	0.0000	0.0000	0.0000	0.0000	0.0000	0.0000	0.0000	0.0000	0.0000	0.0000	0.0000	0.0000	0.0000	0.0000	0.0000	0.0000	inf	0.0709	0.0000	-0.0000	4.9655	1.6718	10.6561	2.9223	0.0000	0.0000	0.0000	0.0000	0.0000	0.0000	0.0000	0.0000	0.0000	0.0000	0.0000	0.0000	0.0000	0.0000	0.0000	0.0000	0.0000	0.0000	0.0619	0.0537	0.0082	0.0185	0.0174	0.0011	0.0434	0.0363	0.0071	0.1147	0.0749	0.0398	0.0416	0.0367	0.0049	0.0731	0.0382	0.0349	0.0018	0.0000	0.0730	0.0023	0.0000	0.0863	0.0000	0.0000	0.0000	0.0000	0.0000	0.0000	0.0000	0.0000	0.0000	0.0000	0.0000	0.0000	
27	112	0.3187	7	1	1	1	1	0	0	0	0	N	N	N	N	N	N	N	N	N	N	N	N	0.0006	0.0000	0.0583	0.0006	0.0000	0.0899	0.0000	0.0000	0.0000	0.0000	0.0000	0.0003	0.0002	0.0000	0.0023	0.0000	0.0000	0.0000	0.0682	0.1040	0.0055	0.2487	0.2768	0.0261	0.0021	0.0008	0.0037	inf	0.0302	0.0000	-0.0114	4.9655	14.0283	10.6561	7.1084	0.0000	0.0000	0.0000	0.0000	0.0000	0.0000	0.0000	0.0000	0.0000	0.0265	0.0258	0.0008	0.0260	0.0256	0.0003	0.0006	0.0001	0.0005	0.4762	0.4138	0.0623	0.1307	0.1222	0.0085	0.3455	0.2917	0.0538	0.3892	0.2477	0.1414	0.1043	0.0927	0.0117	0.2848	0.1551	0.1298	0.0006	0.0000	0.0583	0.0006	0.0000	0.0899	0.0000	0.0000	0.0000	0.0682	0.1040	0.0055	0.2487	0.2768	0.0261	0.0021	0.0008	0.0037
27	113	0.2585	6	0	1	0	1	0	0	0	0	N	N	N	N	N	N	N	N	N	N	N	N	0.0000	0.0000	0.0000	0.0000	0.0000	0.0000	0.0000	0.0001	0.0000	0.0000	0.0000	0.0000	0.0000	0.0000	0.0000	0.0000	0.0000	0.0000	0.0525	0.0228	0.1172	0.0557	0.0459	0.1529	0.0506	0.0004	0.1128	0.0708	2.3683	-0.0000	0.0058	4.9655	8.6129	10.6561	5.1709	0.0000	0.0000	0.0000	0.0000	0.0000	0.0000	0.0000	0.0000	0.0000	0.0237	0.0070	0.0166	0.0093	0.0070	0.0024	0.0143	0.0001	0.0143	0.3815	0.3322	0.0493	0.1065	0.1005	0.0060	0.2750	0.2317	0.0433	0.4505	0.3085	0.1419	0.1673	0.1519	0.0154	0.2832	0.1567	0.1265	0.0000	0.0000	0.0000	0.0000	0.0000	0.0000	0.0000	0.0001	0.0000	0.0525	0.0228	0.1172	0.0557	0.0459	0.1529	0.0506	0.0004	0.1128
27	114	0.1634	5	0	1	0	1	0	0	0	0	N	N	N	N	N	N	N	N	N	N	N	N	0.1455	1.8383	0.0707	1.5858	3.6929	0.0158	0.0404	2.4033	0.0757	0.1671	0.1600	0.2100	0.7198	0.7639	0.0579	0.0566	0.0254	0.2220	1.1489	0.0870	2.9707	0.4539	0.2069	3.6501	1.3997	0.0106	2.9337	0.2185	19.8934	-0.0253	0.5412	4.9655	16.8607	10.6561	22.7724	0.0967	0.0794	0.0173	0.0694	0.0691	0.0003	0.0273	0.0103	0.0170	1.0960	0.0525	1.0436	0.1148	0.0486	0.0663	0.9812	0.0039	0.9773	0.5785	0.4959	0.0826	0.0964	0.0904	0.0060	0.4821	0.4055	0.0766	0.9540	0.6027	0.3513	0.2530	0.2348	0.0182	0.7010	0.3679	0.3331	0.1455	1.8383	0.0707	1.5858	3.6929	0.0158	0.0404	2.4033	0.0757	1.1489	0.0870	2.9707	0.4539	0.2069	3.6501	1.3997	0.0106	2.9337
27	115	0.5925	10	1	1	1	1	0	0	0	0	N	N	N	N	N	N	N	N	N	N	N	N	0.0000	0.0000	0.0000	0.0000	0.0000	0.0000	0.0000	0.0000	0.0000	0.0000	0.0000	0.0000	0.0000	0.0000	0.0000	0.0000	0.0000	0.0000	0.0010	0.0014	0.0000	0.0015	0.0019	0.0000	0.0000	0.0000	0.0000	0.0000	0.0000	-0.0001	4.9655	1.0009	10.6561	4.0038	0.0000	0.0000	0.0000	0.0000	0.0000	0.0000	0.0000	0.0000	0.0000	0.0002	0.0002	0.0000	0.0002	0.0002	0.0000	0.0000	0.0000	0.0000	0.0349	0.0301	0.0048	0.0101	0.0093	0.0007	0.0249	0.0208	0.0041	0.1564	0.1097	0.0467	0.0988	0.0785	0.0203	0.0576	0.0312	0.0264	0.0000	0.0000	0.0000	0.0000	0.0000	0.0000	0.0000	0.0000	0.0000	0.0010	0.0014	0.0000	0.0015	0.0019	0.0000	0.0000	0.0000	0.0000	
27	116	0.5642	9	1	1	1	1	0	0	0	0	N	N	N	N	N	N	N	N	N	N	N	N	49.0179	30.6397	335.5400	2.9008	2.9344	0.5377	1114.5606	1335.2213	1518.0655	0.2790	0.2333	0.5274	0.0297	0.0340	0.0021	0.4688	0.3912	0.8474	0.0057	0.0076	0.0016	0.0102	0.0116	0.0039	0.0004	0.0003	0.0006	0.4159	0.0963	-0.0033	-0.0005	4.9655	1.8441	10.6561	10.4794	0.0223	0.0157	0.0065	0.0010	0.0010	0.0000	0.0213	0.0147	0.0065	0.0014	0.0013	0.0001	0.0014	0.0013	0.0001	0.0000	0.0000	0.0000	0.0799	0.0675	0.0124	0.0345	0.0298	0.0047	0.0454	0.0376	0.0077	0.2504	0.1708	0.0797	0.1346	0.1106	0.0239	0.1159	0.0601	0.0557	49.0179	30.6397	335.5400	2.9008	2.9344	0.5377	1114.5606	1335.2213	1518.0655	0.0057	0.0076	0.0016	0.0102	0.0116	0.0039	0.0004	0.0003	0.0006
27	117	0.2761	7	0	2	0	2	0	0	0	0	N	Y	N	Y	N	N	N	N	N	N	N	N	0.0041	0.0027	0.0231	0.0109	0.0104	0.0162	0.0012	0.0000	0.0246	0.0084	0.0075	0.0149	0.0237	0.0242	0.0145	0.0024	0.0000	0.0149	2.0714	2.7535	0.6421	2.1870	2.3291	0.8961	1.9925	3.2512	0.6059	0.2950	0.1113	-0.0008	-0.7083	4.9655	10.5071	10.6561	20.2622	0.0036	0.0028	0.0008	0.0029	0.0028	0.0001	0.0007	0.0000	0.0007	1.9772	1.7792	0.1980	0.8466	0.8122	0.0344	1.1306	0.9670	0.1636	0.4317	0.3759	0.0558	0.1221	0.1159	0.0062	0.3096	0.2600	0.0496	0.9545	0.6462	0.3084	0.3871	0.3487	0.0384	0.5674	0.2974	0.2700	0.0041	0.0027	0.0231	0.0109	0.0104	0.0162	0.0012	0.0000	0.0246	2.0714	2.7535	0.6421	2.1870	2.3291	0.8961	1.9925	3.2512	0.6059
27	118	0.5123	8	0	2	0	2	0	0	0	0	N	Y	N	Y	N	N	N	N	N	N	N	N	0.0154	0.0122	0.0000	0.0344	0.0313	0.0000	0.0000	0.0000	0.0000	0.0292	0.0342	0.0000	0.1289	0.1400	0.0000	0.0000	0.0000	0.0000	1.8909	2.8043	0.0003	3.7484	4.4803	0.0002	0.0003	0.0002	0.0004	0.0000	0.0001	-0.0016	-0.4576	4.9655	4.0036	10.6561	26.5072	0.0036	0.0036	0.0000	0.0036	0.0036	0.0000	0.0000	0.0000	0.0000	0.9985	0.9984	0.0001	0.9984	0.9984	0.0000	0.0001	0.0000	0.0000	0.1222	0.1044	0.0178	0.0277	0.0255	0.0022	0.0946	0.0789	0.0156	0.5280	0.3560	0.1720	0.2663	0.2228	0.0435	0.2617	0.1332	0.1285	0.0154	0.0122	0.0000	0.0344	0.0313	0.0000	0.0000	0.0000	0.0000	1.8909	2.8043	0.0003	3.7484	4.4803	0.0002	0.0003	0.0002	0.0004
27	119	0.5507	9	0	2	0	1	0	0	0	0	N	Y	N	N	N	N	N	N	N	N	N	N	0.7496	100.0725	0.0000	136.6367	164.3361	0.0085	0.0000	0.0001	0.0000	0.1098	0.1245	0.0000	0.2707	0.2842	0.0000	0.0000	0.0000	0.0000	0.1465	0.0012	0.4547	0.0020	0.0017	0.0033	0.3177	0.0003	0.6271	0.0000	172.2331	-0.0083	0.0380	4.9655	3.8169	10.6561	21.2433	0.0188	0.0188	0.0000	0.0188	0.0188	0.0000	0.0000	0.0000	0.0000	0.0710	0.0004	0.0706	0.0005	0.0004	0.0001	0.0704	0.0000	0.0704	0.1715	0.1513	0.0202	0.0695	0.0662	0.0033	0.1020	0.0850	0.0169	0.4846	0.3294	0.1552	0.2628	0.2200	0.0429	0.2217	0.1094	0.1123	0.7496	100.0725	0.0000	136.6367	164.3361	0.0085	0.0000	0.0001	0.0000	0.1465	0.0012	0.4547	0.0020	0.0017	0.0033	0.3177	0.0003	0.6271
27	120	0.3295	9	0	2	0	1	0	0	0	0	N	Y	N	N	N	N	N	N	N	N	N	N	17.4015	15.3525	39.7810	0.2912	0.0316	1.2943	3858.8657	28066.1578	6835.0074	4.7555	1.9510	23.0127	0.1869	0.0077	3.3725	6.5206	2.8012	25.4767	0.2733	0.1271	0.5785	0.6418	0.2435	2.6056	0.0017	0.0001	0.0037	1.8119	2.1807	0.5720	0.0809	4.9655	16.3276	10.6561	34.9199	2.8141	1.0008	1.8134	0.0308	0.0012	0.0296	2.7833	0.9996	1.7837	0.3558	0.1119	0.2440	0.3546	0.1118	0.2427	0.0013	0.0000	0.0012	0.5918	0.5130	0.0788	0.1649	0.1561	0.0088	0.4269	0.3568	0.0700	1.3021	0.8804	0.4217	0.5525	0.4593	0.0932	0.7497	0.4211	0.3286	17.4015	15.3525	39.7810	0.2912	0.0316	1.2943	3858.8657	28066.1578	6835.0074	0.2733	0.1271	0.5785	0.6418	0.2435	2.6056	0.0017	0.0001	0.0037
27	121	0.3122	8	0	2	0	1	0	0	0	0	N	Y	N	N	N	N	N	N	N	N	N	N	1.4872	0.4142	5.1220	0.0804	0.1454	0.0104	44.5918	42.9132	104.9364	0.8956	0.1655	5.5696	0.0986	0.1014	0.0416	1.2151	0.1951	6.1838	0.6022	0.3997	1.0874	1.2270	0.6978	3.9864	0.0272	0.0045	0.0589	5.2552	1.1359	0.0890	0.0401	4.9655	6.1757	10.6561	14.5601	0.2231	0.0357	0.1874	0.0070	0.0069	0.0001	0.2161	0.0288	0.1873	0.5463	0.2558	0.2905	0.5334	0.2545	0.2789	0.0129	0.0013	0.0116	0.2491	0.2154	0.0337	0.0713	0.0679	0.0034	0.1778	0.1475	0.0303	0.9071	0.6399	0.2672	0.4347	0.3647	0.0700	0.4724	0.2752	0.1972	1.4872	0.4142	5.1220	0.0804	0.1454	0.0104	44.5918	42.9132	104.9364	0.6022	0.3997	1.0874	1.2270	0.6978	3.9864	0.0272	0.0045	0.0589
27	122	0.2592	7	0	1	0	1	0	0	0	0	N	N	N	N	N	N	N	N	N	N	N	N	0.0604	0.0197	0.3396	0.0199	0.0227	0.0244	2.1805	1.2867	6.1077	0.0506	0.0164	0.2871	0.0442	0.0381	0.1821	0.0534	0.0054	0.2991	0.8371	0.8331	0.8455	2.2200	1.6830	7.4646	0.0245	0.0042	0.0490	2.5287	0.4777	0.0046	-0.0961	4.9655	7.5400	10.6561	21.4192	0.0168	0.0048	0.0121	0.0045	0.0037	0.0008	0.0123	0.0010	0.0113	0.7111	0.4812	0.2299	0.6980	0.4800	0.2180	0.0131	0.0012	0.0119	0.3328	0.2908	0.0420	0.1021	0.0978	0.0043	0.2306	0.1929	0.0377	0.8495	0.5776	0.2719	0.3144	0.2852	0.0292	0.5351	0.2924	0.2427	0.0604	0.0197	0.3396	0.0199	0.0227	0.0244	2.1805	1.2867	6.1077	0.8371	0.8331	0.8455	2.2200	1.6830	7.4646	0.0245	0.0042	0.0490
27	123	0.5862	10	0	2	0	1	0	0	0	0	N	Y	N	N	N	N	N	N	N	N	N	N	0.0000	0.0000	0.0000	0.0000	0.0000	0.0000	0.0000	0.0000	0.0000	0.0000	0.0000	0.0000	0.0000	0.0000	0.0000	0.0000	0.0000	0.0000	0.0910	0.1254	0.0200	0.1510	0.1781	0.0497	0.0053	0.0087	0.0016	0.0770	0.0000	-0.0148	4.9655	4.0019	10.6561	19.5615	0.0000	0.0000	0.0000	0.0000	0.0000	0.0000	0.0000	0.0000	0.0000	0.0383	0.0356	0.0027	0.0374	0.0348	0.0026	0.0009	0.0008	0.0001	0.1304	0.1126	0.0178	0.0364	0.0336	0.0027	0.0941	0.0789	0.0151	0.4211	0.2837	0.1373	0.2477	0.1955	0.0523	0.1733	0.0882	0.0851	0.0000	0.0000	0.0000	0.0000	0.0000	0.0000	0.0000	0.0000	0.0000	0.0910	0.1254	0.0200	0.1510	0.1781	0.0497	0.0053	0.0087	0.0016	
27	124	0.5642	9	0	1	0	1	0	0	0	0	N	N	N	N	N	N	N	N	N	N	N	N	0.5996	0.0048	528.9210	0.0077	0.0064	0.6460	521.1956	0.0001	7908.2840	0.1024	0.0012	0.6273	0.0024	0.0024	0.0023	0.1976	0.0000	1.1315	0.1709	0.2483	0.0012	0.3125	0.3787	0.0035	0.0004	0.0006	0.0001	101.0438	0.0022	0.0034	-0.0160	4.9655	1.2223	10.6561	8.2281	0.0061	0.0001	0.0061	0.0001	0.0001	0.0000	0.0061	0.0000	0.0061	0.0351	0.0350	0.0001	0.0351	0.0350	0.0001	0.0000	0.0000	0.0000	0.0598	0.0501	0.0097	0.0291	0.0248	0.0043	0.0306	0.0253	0.0053	0.2054	0.1410	0.0644	0.1122	0.0924	0.0198	0.0932	0.0486	0.0446	0.5996	0.0048	528.9210	0.0077	0.0064	0.6460	521.1956	0.0001	7908.2840	0.1709	0.2483	0.0012	0.3125	0.3787	0.0035	0.0004	0.0006	0.0001
27	125	0.5123	8	0	1	0	1	0	0	0	0	N	N	N	N	N	N	N	N	N	N	N	N	1764.8467	0.1325	37393.0201	0.5216	0.0930	10.9993	34636.1007	33.8889	109060.4149	5.2882	0.0005	36.4382	0.0030	0.0006	0.0308	6.8251	0.0005	41.5548	0.0030	0.0040	0.0010	0.0057	0.0062	0.0028	0.0002	0.0000	0.0004	11766.5055	0.1179	0.5358	-0.0004	4.9655	5.9920	10.6561	12.2976	0.9589	0.0001	0.9588	0.0001	0.0000	0.0001	0.9587	0.0001	0.9587	0.0010	0.0009	0.0001	0.0010	0.0009	0.0001	0.0000	0.0000	0.0000	0.1813	0.1550	0.0263	0.0408	0.0376	0.0032	0.1405	0.1174	0.0231	0.3463	0.2340	0.1123	0.1759	0.1483	0.0276	0.1703	0.0856	0.0847	1764.8467	0.1325	37393.0201	0.5216	0.0930	10.9993	34636.1007	33.8889	109060.4149	0.0030	0.0040	0.0010	0.0057	0.0062	0.0028	0.0002	0.0000	0.0004
27	126	0.5494	10	0	2	0	1	0	0	0	0	N	Y	N	N	N	N	N	N	N	N	N	N	0.1668	0.0000	3141.6690	0.0002	0.0000	3.9771	4499.9767	0.0000	41192.0017	0.3928	0.0000	2.5146	0.0009	0.0000	0.0136	0.5603	0.0000	2.8980	2.3550	3.4786	0.0008	5.5069	6.3376	0.0034	0.0001	0.0002	0.0001	inf	0.0001	0.0388	-0.4504	4.9655	5.0407	10.6561	17.1705	0.0695	0.0000	0.0695	0.0000	0.0000	0.0000	0.0694	0.0000	0.0694	0.9828	0.9827	0.0001	0.9828	0.9827	0.0001	0.0000	0.0000	0.0000	0.1769	0.1493	0.0276	0.0530	0.0493	0.0037	0.1239	0.1000	0.0240	0.4173	0.2825	0.1348	0.1972	0.1677	0.0295	0.2201	0.1148	0.1054	0.1668	0.0000	3141.6690	0.0002	0.0000	3.9771	4499.9767	0.0000	41192.0017	2.3550	3.4786	0.0008	4.9838	5.8582	0.0034	0.0001	0.0002	0.0001
27	127	0.5335	9	0	2	0	1	0	0	0	0	N	Y	N	N	N	N	N	N	N	N	N	N	130.4221	0.6633	2252.7301	1.1029	1.1222	0.3404	134918.2851	3279.2439	262841.9647	10.6621	0.0691	59.6350	0.1855	0.1938	0.0456	15.3121	0.0011	66.0245	0.0818	0.1042	0.0265	0.1682	0.1727	0.1340	0.0001	0.0000	0.0003	186.6948	0.1031	0.4681	-0.0063	4.9655	1.9703	10.6561	6.2034	0.8456	0.0045	0.8411	0.0045	0.0045	0.0001	0.8411	0.0000	0.8410	0.0174	0.0158	0.0016	0.0174	0.0158	0.0016	0.0000	0.0000	0.0000	0.0793	0.0652	0.0141	0.0244	0.0230	0.0014	0.0549	0.0422	0.0127	0.2126	0.1512	0.0613	0.1033	0.0912	0.0120	0.1093	0.0600	0.0493	130.4221	0.6633	2252.7301	1.1029	1.1222	0.3404	134918.2851	3279.2439	262841.9647	0.0818	0.1042	0.0265	0.1682	0.1727	0.1340	0.0001	0.0000	0.0003
27	128	0.5123	8	0	1	0	1	0	0	0	0	N	N	N	N	N	N	N	N	N	N	N	N	206.4863	8.7644	9146.1708	23.6018	22.1887	1.4047	3647.8688	5822.5471	10804.1008	1.8750	0.1120	11.8692	0.4056	0.4391	0.0021	2.3174	0.0022	13.4606	0.0091	0.0128	0.0013	0.0172	0.0198	0.0015	0.0006	0.0000	0.0012	18.6926	0.0483	0.0331	-0.0007	4.9655	1.1032	10.6561	7.8190	0.0652	0.0033	0.0619	0.0033	0.0033	0.0000	0.0619	0.0000	0.0619	0.0018	0.0017	0.0001	0.0017	0.0017	0.0000	0.0001	0.0000	0.0001	0.0348	0.0296	0.0052	0.0080	0.0074	0.0006	0.0267	0.0221	0.0046	0.1941	0.1316	0.0625	0.0991	0.0850	0.0141	0.0951	0.0466	0.0485	206.4863	8.7644	9146.1708	23.6018	22.1887	1.4047	3647.8688	5822.5471	10804.1008	0.0091	0.0128	0.0013	0.0172	0.0198	0.0015	0.0006	0.0000	0.0012
27	129	0.2885	8	0	2	0	1	0	0	0	0	N	Y	N	N	N	N	N	N	N	N	N	N	0.0000	0.0000	0.0000	0.0000	0.0000	0.0000	0.0000	0.0000	0.0000	0.0000	0.0000	0.0000	0.0000	0.0000	0.0000	0.0000	0.0000	0.0005	0.0001	0.0016	0.0009	0.0002	0.0070	0.0000	0.0000	0.0001	4.1623	0.0000	0.0000	4.9655	1.0033	10.6561	0.8635	0.0000	0.0000	0.0000	0.0000	0.0000	0.0000	0.0000	0.0000	0.0000	0.0001	0.0000	0.0001	0.0001	0.0000	0.0001	0.0000	0.0000	0.0000	0.1274	0.1171	0.0103	0.0679	0.0658	0.0021	0.0595	0.0513	0.0082	0.2592	0.1958	0.0634	0.1439	0.1297	0.0142	0.1153	0.0661	0.0492	0.0000	0.0000	0.0000	0.0000	0.0000	0.0000	0.0000	0.0000	0.0000	0.0005	0.0001	0.0016	0.0009	0.0002	0.0070	0.0000	0.0000	0.0001		
27	130	0.2592	7	0	1	0	1	0	0	0	0	N	N	N	N	N	N	N	N	N	N	N	N	0.0000	0.0000	0.0000	0.0000	0.0000	0.0000	0.0000	0.0000	0.0000	0.0000	0.0000	0.0000	0.0000	0.0000	0.0000	0.0000	0.0000	0.0000	1.2724	1.2769	1.2617	2.9716	2.3172	10.2773	0.0265	0.0133	0.0428	0.4076	-0.0000	-0.1410	4.9655	5.5514	10.6561	9.9598	0.0000	0.0000	0.0000	0.0000	0.0000	0.0000	0.0000	0.0000	0.0000	0.8353	0.5935	0.2419	0.8253	0.5907	0.2347	0.0100	0.0028	0.0072	0.2719	0.2386	0.0333	0.0909	0.0875	0.0034	0.1810	0.1512	0.0298	0.6565	0.4648	0.1917	0.2777	0.2549	0.0228	0.3788	0.2099	0.1689	0.0000	0.0000	0.0000	0.0000	0.0000	0.0000	0.0000	0.0000	0.0000	1.2724	1.2769	1.2617	2.9716	2.3172	10.2773	0.0265	0.0133	0.0428	
27	131	0.2289	6	0	1	0	1	0	0	0	0	N	N	N	N	N	N	N	N	N	N	N	N	0.0460	0.0181	0.3382	0.0255	0.0284	0.0148	1.3658	0.7722	3.9485	0.0586	0.0270	0.2709	0.0893	0.0876	0.1273	0.0483	0.0040	0.2837	1.2742	1.4956	0.8011	3.5015	3.0812	8.5755	0.0354	0.0051	0.0718	1.4900	0.2507	0.0035	-0.2344	4.9655	9.1969	10.6561	13.4651	0.0221	0.0089	0.0132	0.0084	0.0079	0.0005	0.0136	0.0009	0.0127	0.9088	0.7266	0.1822	0.8926	0.7254	0.1672	0.0162	0.0013	0.0149	0.3767	0.3279	0.0487	0.0945	0.0905	0.0040	0.2822	0.2374	0.0448	0.7133	0.4859	0.2274	0.2549	0.2354	0.0195	0.4583	0.2504	0.2079	0.0460	0.0181	0.3382	0.0255	0.0284	0.0148	1.3658	0.7722	3.9485	1.2742	1.4956	0.8011	3.5015	3.0812	8.5755	0.0354	0.0051	0.0718
27	132	0.6092	12	1	2	0	2	0	0	0	0	N	Y	N	Y	N	N	N	N	N	N	N	N	0.0000	0.0000	0.0000	0.0000	0.0000	0.0000	0.0000	0.0000	0.0000	0.0000	0.0000	0.0000	0.0000	0.0000	0.0000	0.0000	0.0000	0.0000	0.0000	0.0000	0.0000	0.0000	inf	0.0000	0.0000	4.9655	1.0000	10.6561	3.0001	0.0000	0.0000	0.0000	0.0000	0.0000	0.0000	0.0000	0.0000	0.0000	0.0000	0.0000	0.0000	0.0000	0.0000	0.0000	0.0000	0.0000	0.0000	0.0323	0.0277	0.0045	0.0090	0.0083	0.0008	0.0232	0.0195	0.0038	0.0652	0.0435	0.0217	0.0333	0.0275	0.0057	0.0319	0.0159	0.0160	0.0000	0.0000	0.0000	0.0000	0.0000	0.0000	0.0000	0.0000	0.0000	0.0000	0.0000	0.0000	0.0000	0.0000	0.0000	0.0000	0.0000	0.0000						
27	133	0.1063	6	1	2	0	2	0	0	0	0	N	Y	N	Y	N	N	N	N	N	N	N	N	13599.0437	9299.6219	8766.9583	8742.6052	0.0000	0.0000	15.9614	18.2407	0.0000	66.6380	72.3868	0.0000	0.0000	0.0000	0.0000	0.0012	0.0020	0.0000	0.0076	0.0083	0.0000	0.0000	0.0000	0.0000	0.0000	0.0000	-0.0002	-0.0000	4.9655	0.0006	10.6561	1.9797	0.0005	0.0005	0.0000	0.0005	0.0005	0.0000	0.0000	0.0000	0.0000	0.0001	0.0001	0.0000	0.0001	0.0001	0.0000	0.0000	0.0000	0.0000	0.0000	0.0000	0.0000	0.0000	0.0000	0.0000	0.0000	0.0000	0.0000	0.0478	0.0286	0.0192	0.0074	0.0068	0.0006	0.0404	0.0218	0.0186	13599.0437	9299.6219	0.0000	8766.9583	8742.6052	0.0000	0.0000	0.0000	0.0000	0.0012	0.0020	0.0000	0.0076	0.0083	0.0000	0.0000	0.0000	0.0000			
27	134	0.0896	5	1	2	0	2	0	0	0	0	N	Y	N	Y	N	N	N	N	N	N	N	N	14.7336	12.3994	0.0000	0.0000	0.0000	0.0000	72.8981	26933.6954	0.0000	0.0076	0.0091	0.0000	0.0000	0.0000	0.0000	0.0079	0.0094	0.0000	0.0005	0.0007	0.0002	0.0036	0.0040	0.0000	0.0001	0.0000	0.0002	0.0000	0.2269	-0.0002	-0.0000	4.9655	2.0077	10.6561	6.0321	0.0005	0.0005	0.0000	0.0000	0.0000	0.0000	0.0005	0.0005	0.0000	0.0001	0.0001	0.0000	0.0001	0.0001	0.0000	0.0000	0.0000	0.0000	0.0680	0.0574	0.0106	0.0024	0.0023	0.0001	0.0656	0.0551	0.0105	0.1781	0.1031	0.0750	0.0210	0.0189	0.0021	0.1571	0.0842	0.0729	14.7336	12.3994	0.0000	0.0000	0.0000	0.0000	72.8981	26933.6954	0.0000	0.0005	0.0007	0.0002	0.0036	0.0040	0.0000	0.0001	0.0000	0.0002
27	137	0.6388	14	0	2	0	2	0	0	0	0	N	Y	N	Y	N	N	N	N	N	N	N	N	0.0000	0.0000	0.0000	0.0000	0.0000	0.0000	0.0000	0.0000	0.0000	0.0000	0.0000	0.0000	0.0000	0.0000	0.0000	0.0000	0.0000	0.0000	0.0000	0.0000	4.9655	0.0000	10.6561	0.0000	0.0000	0.0000	0.0000	0.0000	0.0000	0.0000	0.0000	0.0000	0.0000	0.0000	0.0000	0.0000	0.0000	0.0000	0.0000	0.0000	0.0000	0.0000	0.0000	0.0000	0.0000	0.0000	0.0000	0.0000	0.0000	0.0000	0.0000	0.0000	0.0000	0.0000	0.0000	0.0000	0.0000	0.0000	0.0000	0.0000	0.0000	0.0000	0.0000	0.0000	0.0000	0.0000	0.0000	0.0000	0.0000	0.0000	0.0000	0.0000	0.0000	0.0000	0.0000	0.0000	0.0000	0.0000											
27	138	0.6338	13	0	2	0	2	0	0	0	0	N	Y	N	Y	N	N	N	N	N	N	N	N	0.0000	0.0000	0.0000	0.0000	0.0000	0.0000	0.0000	0.0000	0.0000	0.0000	0.0000	0.0000	0.0000	0.0000	0.0000	69.3296	136.9840	0.0017	0.0000	0.0000	0.0000	59.9937	124.8759	0.0023	0.0000	0.0000	-0.4582	4.9655	0.0021	10.6561	2.0000	0.0000	0.0000	0.0000	0.0000	0.0000	0.0000	0.0000	0.0000	0.0000	0.9996	0.9996	0.0000	0.0000	0.0000	0.0000	0.9996	0.9996	0.0000	0.0002	0.0002	0.0000	0.0001	0.0001	0.0000	0.0001	0.0000	0.0000	0.0340	0.0224	0.0117	0.0174	0.0144	0.0030	0.0167	0.0080	0.0087	0.0000	0.0000	0.0000	0.0000	0.0000	0.0000	0.0000	0.0000	0.0000	29.3879	44.6962	0.0017	0.0000	0.0000	0.0000	59.9937	124.8759	0.0023				
27	139	0.6235	12	0	1	0	2	0	0	0	0	N	N	N	Y	N	N	N	N	N	N	N	N	0.0000	0.0000	0.0000	0.0000	0.0000	0.0000	0.0000	0.0000	0.0000	0.0000	0.0000	0.0000	0.0000	0.0000	0.0000	0.0000	0.0000	0.0000	0.7319	0.0065	2.2113	0.0001	0.0001	0.0000	1.4931	0.0175	2.9700	167.5730	0.0000	0.0256	4.9655	1.0020	10.6561	3.0181	0.0000	0.0000	0.0000	0.0000	0.0000	0.0000	0.0000	0.0000	0.0000	0.0478	0.0003	0.0475	0.0000	0.0000	0.0000	0.0478	0.0003	0.0475	0.0323	0.0278	0.0045	0.0091	0.0084	0.0008	0.0232	0.0194	0.0038	0.0653	0.0438	0.0215	0.0333	0.0278	0.0055	0.0320	0.0160	0.0160	0.0000	0.0000	0.0000	0.0000	0.0000	0.0000	0.0000	0.0000	0.0000	0.7319	0.0065	2.2113	0.0001	0.0001	0.0000	1.4931	0.0175	2.9700	
27	140	0.6092	12	0	2	0	1	0	0	0	0	N	Y	N	N	N	N	N	N	N	N	N	N	0.0000	0.0000	0.0000	0.0000	0.0000	0.0000	0.0000	0.0000	0.0000	0.0000	0.0000	0.0000	0.0000	0.0000	0.0000	0.0000	0.0000	0.0000	0.0000	0.0000	0.0000	0.0000	inf	0.0000	0.0000	4.9655	0.0000	10.6561	4.0001	0.0000	0.0000	0.0000	0.0000	0.0000	0.0000	0.0000	0.0000	0.0000	0.0000	0.0000	0.0000	0.0000	0.0000	0.0000	0.0000	0.0000	0.0000	0.0000	0.0000	0.0000	0.0000	0.0000	0.0000	0.0000	0.0000	0.0000	0.0652	0.0435	0.0217	0.0333	0.0275	0.0057	0.0319	0.0159	0.0160	0.0000	0.0000	0.0000	0.0000	0.0000	0.0000	0.0000	0.0000	0.0000	0.0000	0.0000	0.0000	0.0000	0.0000	0.0000	0.0000	0.0000	0.0000						
27	141	0.0850	4	0	2	0	1	0	0	0	0	N	Y	N	N	N	N	N	N	N	N	N	N	0.0000	0.0000	0.0000	0.0000	0.0000	0.0000	0.0000	0.0000	0.0000	0.0000	0.0000	0.0000	0.0000	0.0000	0.0000	0.0000	0.0000	0.0160	0.0000	0.0383	0.0025	0.0001	0.0261	0.0179	0.0000	0.0387	2193.1095	0.0000	0.0012	4.9655	1.0003	10.6561	5.0186	0.0000	0.0000	0.0000	0.0000	0.0000	0.0000	0.0000	0.0000	0.0000	0.0022	0.0000	0.0022	0.0000	0.0000	0.0000	0.0022	0.0000	0.0022	0.0339	0.0286	0.0053	0.0012	0.0011	0.0001	0.0328	0.0275	0.0052	0.1367	0.0795	0.0572	0.0167	0.0151	0.0015	0.1201	0.0644	0.0557	0.0000	0.0000	0.0000	0.0000	0.0000	0.0000	0.0000	0.0000	0.0000	0.0160	0.0000	0.0383	0.0025	0.0001	0.0261	0.0179	0.0000	0.0387		
27	142	0.6235	12	0	1	1	2	0	0	0	0	N	N	N	Y	N	N	N	N	N	N	N	N	0.0000	0.0000	0.0000	0.0000	0.0000	0.0000	0.0000	0.0000	0.0000	0.0000	0.0000	0.0000	0.0000	9.5499	16.1622	0.0000	39.1324	45.9436	0.0000	0.0000	0.0000	0.0000	0.0000	0.0000	-0.4541	4.9655	0.0001	10.6561	9.0026	0.0000	0.0000	0.0000	0.0000	0.0000	0.0000	0.0000	0.0000	0.0000	0.9907	0.9907	0.0000	0.9907	0.9907	0.0000	0.0000	0.0000	0.0000	0.0000	0.0000	0.0000	0.0000	0.0000	0.0000	0.0000	0.0000	0.0000	0.1433	0.0962	0.0471	0.0729	0.0608	0.0121	0.0704	0.0354	0.0350	0.0000	0.0000	0.0000	0.0000	0.0000	0.0000	0.0000	0.0000	0.0000	6.9154	10.3034	0.0000	13.5966	16.2953	0.0000	0.0000	0.0000	0.0000						
27	143	0.0523	2	0	1	1	2	0	0	0	0	N	N	N	Y	N	N	N	N	N	N	N	N	0.0000	0.0000	0.0000	0.0000	0.0000	0.0000	0.0000	0.0000	0.0000	0.0000	0.0000	0.0000	0.0000	0.0000	0.0000	0.0000	0.0000	0.0792	0.1396	0.0000	0.9817	1.0269	0.0002	0.0000	0.0000	0.0000	0.0002	0.0000	-0.0082	4.9655	2.0061	10.6561	8.0425	0.0000	0.0000	0.0000	0.0000	0.0000	0.0000	0.0000	0.0000	0.0000	0.0179	0.0179	0.0000	0.0179	0.0179	0.0000	0.0000	0.0000	0.0000	0.0675	0.0568	0.0108	0.0009	0.0009	0.0000	0.0666	0.0559	0.0108	0.2265	0.1285	0.0980	0.0183	0.0175	0.0008	0.2082	0.1111	0.0972	0.0000	0.0000	0.0000	0.0000	0.0000	0.0000	0.0000	0.0000	0.0000	0.0792	0.1396	0.0000	0.9817	1.0269	0.0002	0.0000	0.0000	0.0000		
27	145	0.0614	3	0	1	1	2	0	0	0	0	N	N	N	Y	N	N	N	N	N	N	N	N	0.0000	0.0000	0.0000	0.0000	0.0000	0.0000	0.0000	0.0000	0.0000	0.0000	0.0000	0.0000	0.0000	0.0000	0.0000	0.0000	0.0000	0.0000	0.3532	0.5921	0.0130	2.8874	3.0179	0.0158	0.0060	0.0000	0.0129	0.0154	0.0000	-0.0754	4.9655	2.1261	10.6561	18.6477	0.0000	0.0000	0.0000	0.0000	0.0000	0.0000	0.0000	0.0000	0.0000	0.1702	0.1676	0.0026	0.1677	0.1676	0.0000	0.0025	0.0000	0.0025	0.0762	0.0641	0.0122	0.0060	0.0052	0.0008	0.0702	0.0588	0.0114	0.4820	0.2831	0.1989	0.0581	0.0555	0.0025	0.4239	0.2276	0.1963	0.0000	0.0000	0.0000	0.0000	0.0000	0.0000	0.0000	0.0000	0.0000	0.3532	0.5921	0.0130	2.8874	3.0179	0.0158	0.0060	0.0000	0.0129	
27	146	0.6235	12	0	1	1	2	0	0	0	0	N	N	N	Y	N	N	N	N	N	N	N	N	0.0000	0.0000	0.0000	0.0000	0.0000	0.0000	0.0000	0.0000	0.0000	0.0000	0.0000	0.0000	0.0000	0.0000	0.0000	0.0000	0.0000	0.2550	0.0028	0.7695	0.0037	0.0045	0.0000	0.5152	0.0000	1.0345	132.9241	0.0000	0.0174	4.9655	2.0001	10.6561	5.9880	0.0000	0.0000	0.0000	0.0000	0.0000	0.0000	0.0000	0.0000	0.0000	0.0325	0.0002	0.0323	0.0002	0.0002	0.0000	0.0323	0.0000	0.0323	0.0643	0.0553	0.0090	0.0181	0.0166	0.0015	0.0461	0.0387	0.0074	0.1276	0.0856	0.0420	0.0649	0.0542	0.0107	0.0627	0.0315	0.0312	0.0000	0.0000	0.0000	0.0000	0.0000	0.0000	0.0000	0.0000	0.0000	0.2550	0.0028	0.7695	0.0037	0.0045	0.0000	0.5152	0.0000	1.0345		
27	147	0.6235	12	0	1	1	2	0	0	0	0	N	N	N	Y	N	N	N	N	N	N	N	N	0.0000	0.0000	0.0000	0.0000	0.0000	0.0000	0.0000	0.0000	0.0000	0.0000	0.0000	0.0000	0.0000	0.0000	0.0000	0.0000	0.0000	0.0020	0.0004	0.0052	0.0017	0.0006	0.0068	0.0023	0.0000	0.0047	6.3710	0.0000	0.0004	4.9655	9.0001	10.6561	23.0169	0.0000	0.0000	0.0000	0.0000	0.0000	0.0000	0.0000	0.0000	0.0000	0.0009	0.0001	0.0008	0.0004	0.0001	0.0003	0.0005	0.0000	0.0005	0.2805	0.2418	0.0387	0.0787	0.0722	0.0065	0.2018	0.1696	0.0322	0.4698	0.3152	0.1547	0.2362	0.1967	0.0395	0.2336	0.1185	0.1152	0.0000	0.0000	0.0000	0.0000	0.0000	0.0000	0.0000	0.0000	0.0000	0.0020	0.0004	0.0052	0.0017	0.0006	0.0068	0.0023	0.0000	0.0047		
27	148	0.5982	11	0	1	0	2	0	0	0	0	N	N	N	Y	N	N	N	N	N	N	N	N	0.1765	0.0000	0.5296	0.0184	0.0000	0.6227	0.1277	0.0000	0.4728	0.0348	0.0000	0.2467	0.0006	0.0000	0.0067	0.0483	0.0000	0.2938	0.1974	0.0628	0.4659	0.0302	0.0339	0.0108	0.3780	0.1168	0.6215	inf	3.7204	0.0013	0.0120	4.9655	1.9990	10.6561	7.9526	0.0023	0.0000	0.0023	0.0000	0.0000	0.0000	0.0022	0.0000	0.0022	0.0363	0.0077	0.0286	0.0029	0.0027	0.0002	0.0334	0.0050	0.0284	0.0648	0.0556	0.0091	0.0182	0.0167	0.0015	0.0466	0.0389	0.0076	0.1839	0.1225	0.0614	0.0955	0.0798	0.0156	0.0884	0.0426	0.0458	0.1765	0.0000	0.5296	0.0184	0.0000	0.6227	0.1277	0.0000	0.4728	0.1974	0.0628	0.4659	0.0302	0.0339	0.0108	0.3780	0.1168	0.6215
27	149	0.5663	10	1	2	0	1	0	0	0	0	N	Y	N	N	N	N	N	N	N	N	N	N	3.3536	0.1487	9.1328	0.3599	0.3096	30.9186	2.5976	0.0000	8.2584	2.0014	0.0164	14.0677	0.0506	0.0504	0.0538	2.8281	0.0000	16.1048	0.5968	0.1103	1.5404	0.1405	0.1627	0.0017	1.0887	0.0002	1.9501	141.0998	7.1982	0.2255	0.1224	4.9655	5.3497	10.6561	17.2225	0.4086	0.0029	0.4057	0.0031	0.0029	0.0002	0.4056	0.0000	0.4056	0.2917	0.0356	0.2561	0.0356	0.0356	0.0001	0.2561	0.0000	0.2561	0.2042	0.1753	0.0288	0.0608	0.0571	0.0037	0.1434	0.1182	0.0252	0.4888	0.3225	0.1663	0.2536	0.2186	0.0350	0.2352	0.1039	0.1313	3.3536	0.1487	9.1328	0.3599	0.3096	30.9186	2.5976	0.0000	8.2584	0.5968	0.1103	1.5404	0.1405	0.1627	0.0017	1.0887	0.0002	1.9501
27	150	0.5971	11	0	2	0	1	0	0	0	0	N	Y	N	N	N	N	N	N	N	N	N	N	3.7636	2.9761	0.0024	5.5403	4.9764	0.0112	0.0439	0.1313	0.0000	8.5633	9.8599	0.0000	22.9045	24.0665	0.0000	0.0000	0.0000	0.0000	2.2753	3.3131	0.0009	4.1342	4.8361	0.0014	0.0005	0.0002	0.0007	0.0000	0.0001	-0.7184	-0.5874	4.9655	3.6794	10.6561	17.4287	1.6286	1.6286	0.0000	1.6286	1.6286	0.0000	0.0000	0.0000	0.0000	1.2819	1.2817	0.0002	1.2817	1.2817	0.0001	0.0001	0.0000	0.0001	0.1902	0.1652	0.0250	0.0711	0.0677	0.0034	0.1191	0.0975	0.0216	0.5634	0.3869	0.1765	0.3100	0.2650	0.0450	0.2534	0.1218	0.1315	3.7636	2.9761	0.0024	5.5403	4.9764	0.0112	0.0439	0.1313	0.0000	2.2753	3.3131	0.0009	4.1342	4.8361	0.0014	0.0005	0.0002	0.0007
27	151	0.5663	10	0	2	0	1	0	0	0	0	N	Y	N	N	N	N	N	N	N	N	N	N	4.0093	2.8648	22.5084	6.2024	5.7078	9.1924	6.9348	88.9582	20.5742	8.8199	9.2296	6.3232	24.5958	25.9495	0.0255	1.4430	0.1657	7.1660	2.1999	3.2217	0.2809	3.9655	4.5463	0.0028	0.2081	0.0019	0.3483	0.1124	0.0464	-0.4356	-0.3235	4.9655	3.4464	10.6561	10.1316	1.2811	1.1516	0.1295	1.1383	1.1382	0.0001	0.1428	0.0134	0.1294	0.7815	0.7468	0.0347	0.7468	0.7467	0.0001	0.0347	0.0001	0.0346	0.1452	0.1248	0.0205	0.0463	0.0439	0.0024	0.0990	0.0809	0.0181	0.3552	0.2318	0.1234	0.1883	0.1642	0.0241	0.1669	0.0676	0.0994	4.0093	2.8648	22.5084	6.2024	5.7078	9.1924	6.9348	88.9582	20.5742	2.1999	3.2217	0.2809	3.9655	4.5463	0.0028	0.2081	0.0019	0.3483
27	152	0.0918	6	1	2	0	1	0	0	0	0	N	Y	N	N	N	N	N	N	N	N	N	N	0.0000	0.0000	0.0000	0.0000	0.0000	0.0000	0.0000	0.0000	0.0000	0.0000	0.0000	0.0000	0.0000	0.0000	0.0000	0.0000	0.0000	0.1663	0.0001	0.3960	0.0003	0.0003	0.0001	0.1887	0.0000	0.4075	4700.3293	0.0000	0.0254	4.9655	1.0143	10.6561	12.0086	0.0000	0.0000	0.0000	0.0000	0.0000	0.0000	0.0000	0.0000	0.0000	0.0470	0.0000	0.0470	0.0000	0.0000	0.0000	0.0470	0.0000	0.0470	0.0350	0.0295	0.0055	0.0016	0.0015	0.0001	0.0334	0.0280	0.0054	0.2826	0.1639	0.1187	0.0336	0.0302	0.0033	0.2490	0.1337	0.1153	0.0000	0.0000	0.0000	0.0000	0.0000	0.0000	0.0000	0.0000	0.0000	0.1663	0.0001	0.3960	0.0003	0.0003	0.0001	0.1887	0.0000	0.4075		
27	153	0.0896	5	1	2	0	1	0	0	0	0	N	Y	N	N	N	N	N	N	N	N	N	N	0.0000	0.0000	0.0000	0.0000	0.0000	0.0000	0.0000	0.0000	0.0000	0.0000	0.0000	0.0000	0.0000	0.0000	0.0000	0.0000	0.0000	0.0032	0.0003	0.0071	0.0016	0.0018	0.0000	0.0034	0.0000	0.0073	15.1145	0.0000	0.0000	4.9655	0.9811	10.6561	0.0216	0.0000	0.0000	0.0000	0.0000	0.0000	0.0000	0.0000	0.0000	0.0000	0.0001	0.0000	0.0001	0.0000	0.0000	0.0000	0.0001	0.0000	0.0001	0.0335	0.0283	0.0052	0.0013	0.0012	0.0001	0.0323	0.0271	0.0052	0.0232	0.0135	0.0097	0.0029	0.0026	0.0003	0.0204	0.0109	0.0095	0.0000	0.0000	0.0000	0.0000	0.0000	0.0000	0.0000	0.0000	0.0000	0.0032	0.0003	0.0071	0.0016	0.0018	0.0000	0.0034	0.0000	0.0073		
27	154	0.0850	4	1	2	0	1	0	0	0	0	N	Y	N	N	N	N	N	N	N	N	N	N	0.0000	0.0000	0.0000	0.0000	0.0000	0.0000	0.0000	0.0000	0.0000	0.0000	0.0000	0.0000	0.0000	0.0000	0.0000	0.0000	0.0000	0.0460	0.0004	0.1113	0.0079	0.0019	0.0764	0.0519	0.0000	0.1123	198.8639	0.0000	0.0012	4.9655	0.0083	10.6561	2.0001	0.0000	0.0000	0.0000	0.0000	0.0000	0.0000	0.0000	0.0000	0.0000	0.0022	0.0000	0.0022	0.0001	0.0000	0.0000	0.0022	0.0000	0.0022	0.0003	0.0003	0.0000	0.0000	0.0000	0.0000	0.0003	0.0002	0.0000	0.0480	0.0283	0.0197	0.0065	0.0059	0.0005	0.0416	0.0224	0.0192	0.0000	0.0000	0.0000	0.0000	0.0000	0.0000	0.0000	0.0000	0.0000	0.0460	0.0004	0.1113	0.0079	0.0019	0.0764	0.0519	0.0000	0.1123		
27	155	0.0614	3	0	2	0	1	0	0	0	0	N	Y	N	N	N	N	N	N	N	N	N	N	0.0000	0.0000	0.0000	0.0000	0.0000	0.0000	0.0000	0.0000	0.0000	0.0000	0.0000	0.0000	0.0000	0.0000	0.0000	0.0000	0.0000	0.0000	9.2081	0.0014	40.4745	0.0074	0.0047	0.0892	7.9065	0.0003	35.9093	8016.2295	0.0000	0.9919	4.9655	2.9180	10.6561	7.4065	0.0000	0.0000	0.0000	0.0000	0.0000	0.0000	0.0000	0.0000	0.0000	1.8317	0.0002	1.8315	0.0003	0.0002	0.0001	1.8314	0.0000	1.8314	0.1025	0.0863	0.0162	0.0068	0.0060	0.0008	0.0957	0.0803	0.0154	0.2731	0.1647	0.1083	0.0414	0.0401	0.0013	0.2316	0.1246	0.1070	0.0000	0.0000	0.0000	0.0000	0.0000	0.0000	0.0000	0.0000	0.0000	6.7077	0.0014	16.9057	0.0074	0.0047	0.0892	7.9065	0.0003	17.1133	
27	161	0.6168	14	1	2	0	1	0	0	0	0	N	Y	N	N	N	N	N	N	N	N	N	N	0.0000	0.0000	0.0000	0.0000	0.0000	0.0000	0.0000	0.0000	0.0000	0.0000	0.0000	0.0000	0.0000	0.0000	0.0000	0.0455	0.0000	0.1385	0.0008	0.0000	0.0046	0.0921	0.0000	0.1862	inf	0.0000	0.0012	4.9655	0.0002	10.6561	3.0099	0.0000	0.0000	0.0000	0.0000	0.0000	0.0000	0.0000	0.0000	0.0000	0.0023	0.0000	0.0023	0.0000	0.0000	0.0000	0.0023	0.0000	0.0023	0.0000	0.0000	0.0000	0.0000	0.0000	0.0000	0.0000	0.0000	0.0000	0.0505	0.0340	0.0166	0.0258	0.0214	0.0044	0.0247	0.0125	0.0122	0.0000	0.0000	0.0000	0.0000	0.0000	0.0000	0.0000	0.0000	0.0000	0.0455	0.0000	0.1385	0.0008	0.0000	0.0046	0.0921	0.0000	0.1862				
27	162	0.6092	13	1	2	0	1	0	0	0	0	N	Y	N	N	N	N	N	N	N	N	N	N	0.0000	0.0000	0.0000	0.0000	0.0000	0.0000	0.0000	0.0000	0.0000	0.0000	0.0000	0.0000	0.0000	0.0000	0.0000	0.0466	0.0700	0.0000	0.0914	0.1104	0.0000	0.0000	0.0000	0.0000	0.0000	0.0000	-0.0011	4.9655	0.9998	10.6561	2.0118	0.0000	0.0000	0.0000	0.0000	0.0000	0.0000	0.0000	0.0000	0.0000	0.0023	0.0023	0.0000	0.0023	0.0023	0.0000	0.0000	0.0000	0.0000	0.0323	0.0277	0.0045	0.0090	0.0083	0.0008	0.0232	0.0195	0.0038	0.0493	0.0329	0.0164	0.0252	0.0208	0.0043	0.0241	0.0120	0.0121	0.0000	0.0000	0.0000	0.0000	0.0000	0.0000	0.0000	0.0000	0.0000	0.0466	0.0700	0.0000	0.0914	0.1104	0.0000	0.0000	0.0000	0.0000				
27	163	0.6092	12	1	2	0	1	0	0	0	0	N	Y	N	N	N	N	N	N	N	N	N	N	0.0000	0.0000	0.0000	0.0000	0.0000	0.0000	0.0000	0.0000	0.0000	0.0000	0.0000	0.0000	0.0000	0.0000	0.0000	0.0010	0.0008	0.0020	0.0020	0.0015	0.0123	0.0000	0.0000	0.0000	0.4545	0.0000	-0.0000	4.9655	0.0000	10.6561	0.0003	0.0000	0.0000	0.0000	0.0000	0.0000	0.0000	0.0000	0.0000	0.0000	0.0000	0.0000	0.0000	0.0000	0.0000	0.0000	0.0000	0.0000	0.0000	0.0000	0.0000	0.0000	0.0000	0.0000	0.0000	0.0000	0.0000	0.0000	0.0000	0.0000	0.0000	0.0000	0.0000	0.0000	0.0000	0.0000	0.0000	0.0000	0.0000	0.0000	0.0000	0.0000	0.0000	0.0000	0.0000	0.0000	0.0010	0.0008	0.0020	0.0020	0.0015	0.0123	0.0000	0.0000	0.0000				
27	164	0.5982	11	0	2	0	1	0	0	0	0	N	Y	N	N	N	N	N	N	N	N	N	N	0.1899	0.0000	1220.6490	0.0004	0.0000	1472.5217	681.7155	0.0000	969.8714	2.8377	0.0000	11.5518	0.0285	0.0000	1.9474	5.1028	0.0000	11.8142	14.9400	28.4018	0.0095	64.7777	76.4832	0.0013	0.0075	0.0021	0.0122	inf	0.0003	0.0013	-0.4427	4.9655	0.0063	10.6561	4.3641	0.0023	0.0000	0.0023	0.0000	0.0000	0.0000	0.0022	0.0000	0.0022	0.9664	0.9661	0.0003	0.9661	0.9661	0.0000	0.0003	0.0000	0.0003	0.0008	0.0006	0.0002	0.0004	0.0003	0.0000	0.0004	0.0003	0.0002	0.0967	0.0645	0.0322	0.0516	0.0436	0.0081	0.0451	0.0209	0.0242	0.2840	0.0000	1220.6490	0.0015	0.0000	1472.5217	681.7155	0.0000	969.8714	9.9903	14.9746	0.0095	18.7101	22.1724	0.0013	0.0075	0.0021	0.0122
27	165	0.5663	10	0	1	0	1	0	0	0	0	N	N	N	N	N	N	N	N	N	N	N	N	43.3925	0.0253	173.7923	0.0805	0.0478	38.9649	49.4745	26.7803	157.9069	11.7828	0.0040	83.8129	0.0157	0.0106	0.1203	17.7538	0.0001	94.1748	0.2715	0.1587	0.4823	0.1947	0.2224	0.0031	0.3588	0.0000	0.5964	3415.0212	1.6273	0.7651	0.0148	4.9655	2.5207	10.6561	10.0226	1.3696	0.0004	1.3692	0.0006	0.0004	0.0002	1.3690	0.0000	1.3690	0.0921	0.0351	0.0571	0.0351	0.0351	0.0001	0.0570	0.0000	0.0570	0.1162	0.0999	0.0163	0.0391	0.0373	0.0018	0.0771	0.0626	0.0145	0.3393	0.2210	0.1183	0.1805	0.1577	0.0228	0.1588	0.0633	0.0956	43.3925	0.0253	173.7923	0.0805	0.0478	38.9649	49.4745	26.7803	157.9069	0.2715	0.1587	0.4823	0.1947	0.2224	0.0031	0.3588	0.0000	0.5964
27	166	0.5507	9	0	1	0	1	0	0	0	0	N	N	N	N	N	N	N	N	N	N	N	N	7.2143	0.1768	36.0835	0.2969	0.2584	4.8172	9.5878	10945.8395	30.8485	4.3636	0.0687	38.6520	0.1352	0.1395	0.0384	7.8161	0.0022	46.6316	0.6049	0.3886	1.0712	0.4554	0.5398	0.0080	0.8152	0.0000	1.5116	70.4733	1.2786	0.3240	0.0125	4.9655	2.6894	10.6561	4.6619	0.5946	0.0083	0.5862	0.0083	0.0082	0.0001	0.5863	0.0001	0.5861	0.1215	0.0533	0.0682	0.0535	0.0533	0.0001	0.0680	0.0000	0.0680	0.1363	0.1211	0.0152	0.0612	0.0586	0.0026	0.0750	0.0624	0.0126	0.2008	0.1372	0.0636	0.1174	0.0988	0.0186	0.0834	0.0384	0.0450	7.2143	0.1768	36.0835	0.2969	0.2584	4.8172	9.5878	10945.8395	30.8485	0.6049	0.3886	1.0712	0.4554	0.5398	0.0080	0.8152	0.0000	1.5116
27	167	0.5123	8	0	1	0	1	0	0	0	0	N	N	N	N	N	N	N	N	N	N	N	N	0.0627	39.8857	0.0579	145.2361	141.1878	89.4344	0.0350	0.6046	0.0532	0.2596	0.0477	1.4909	0.1819	0.1929	0.0533	0.2824	0.0005	1.6907	4.1382	0.0012	25.7505	0.0013	0.0014	0.0006	8.0784	0.0009	31.7870	5.3732	4887.0279	0.0090	0.5024	4.9655	2.7966	10.6561	8.5340	0.0224	0.0035	0.0189	0.0036	0.0035	0.0001	0.0188	0.0000	0.0188	0.9279	0.0002	0.9277	0.0001	0.0001	0.0000	0.9277	0.0001	0.9277	0.0862	0.0736	0.0127	0.0196	0.0181	0.0015	0.0666	0.0555	0.0111	0.2343	0.1586	0.0757	0.1195	0.1018	0.0177	0.1148	0.0568	0.0580	0.0655	39.8857	0.1216	145.2361	141.1878	89.4344	0.0350	0.6046	0.1057	3.9603	0.0012	12.2601	0.0013	0.0014	0.0006	8.0784	0.0009	15.9933
28	29	0.2205	8	1	2	0	1	0	0	0	0	N	Y	N	N	N	N	N	N	N	N	N	N	0.0000	0.0000	0.0000	0.0000	0.0000	0.0000	0.0000	0.0000	0.0000	0.0000	0.0000	0.0000	0.0000	0.0000	0.0000	0.0000	0.0000	0.0000	0.0000	0.0000	0.0000	3.9885	0.0000	8.5018	0.0000	0.0000	0.0000	0.0000	0.0000	0.0000	0.0000	0.0000	0.0000	0.0000	0.0000	0.0000	0.0000	0.0000	0.0000	0.0000	0.0000	0.0000	0.0000	0.0000	0.0000	0.0000	0.0000	0.0000	0.0000	0.0000	0.0000	0.0000	0.0000	0.0000	0.0000	0.0000	0.0000	0.0000	0.0000	0.0000	0.0000	0.0000	0.0000	0.0000	0.0000	0.0000	0.0000	0.0000	0.0000	0.0000	0.0000	0.0000	0.0000	0.0000	0.0000	0.0000	0.0000	0.0000											
28	30	0.1033	6	0	2	0	1	0	0	0	0	N	Y	N	N	N	N	N	N	N	N	N	N	0.0000	0.0000	0.0000	0.0000	0.0000	0.0000	0.0000	0.0000	0.0000	0.0000	0.0000	0.0000	0.0000	0.0000	0.0000	0.0000	0.0000	0.0000	0.0000	0.0000	0.0000	0.9701	0.0000	4.0208	0.0000	0.0000	0.0000	0.0000	0.0000	0.0000	0.0000	0.0000	0.0000	0.0000	0.0000	0.0000	0.0000	0.0000	0.0000	0.0000	0.0000	0.0000	0.0000	0.0000	0.0000	0.0000	0.0000	0.0000	0.0000	0.0000	0.0000	0.0000	0.0000	0.0000	0.0000	0.0000	0.0000	0.0000	0.0000	0.0000	0.0000	0.0000	0.0000	0.0000	0.0000	0.0000	0.0000	0.0000	0.0000	0.0000	0.0000	0.0000	0.0000	0.0000	0.0000	0.0000	0.0000	0.0000											
28	31	0.1860	8	0	1	0	2	0	0	0	0	N	N	N	Y	N	N	N	N	N	N	N	N	0.0000	0.0000	0.0000	0.0000	0.0000	0.0000	0.0000	0.0000	0.0000	0.0000	0.0000	0.0000	0.0000	0.0000	0.0000	0.0000	0.0000	0.0000	0.0000	0.0000	0.0000	5.0045	0.0000	16.6627	0.0000	0.0000	0.0000	0.0000	0.0000	0.0000	0.0000	0.0000	0.0000	0.0000	0.0000	0.0000	0.0000	0.0000	0.0000	0.0000	0.0000	0.0000	0.0000	0.0000	0.0000	0.0000	0.0000	0.0000	0.0000	0.0000	0.0000	0.0000	0.0000	0.0000	0.0000	0.0000	0.0000	0.0000	0.0000	0.0000	0.0000	0.0000	0.0000	0.0000	0.0000	0.0000	0.0000	0.0000	0.0000	0.0000	0.0000	0.0000	0.0000	0.0000	0.0000	0.0000	0.0000	0.0000											
28	32	0.7282	14	1	1	1	1	0	0	0	0	N	N	N	N	N	N	N	N	N	N	N	N	0.0000	0.0000	0.0000	0.0000	0.0000	0.0000	0.0000	0.0000	0.0000	0.0000	0.0000	0.0000	0.0000	0.0000	0.0000	0.0000	0.0000	0.0000	0.0000	0.0000	0.0000	1.4893	0.0000	0.0050	0.0000	0.0000	0.0000	0.0000	0.0000	0.0000	0.0000	0.0000	0.0000	0.0000	0.0000	0.0000	0.0000	0.0000	0.0000	0.0000	0.0000	0.0000	0.0000	0.0000	0.0000	0.0000	0.0000	0.0000	0.0000	0.0000	0.0000	0.0000	0.0000	0.0000	0.0000	0.0000	0.0000	0.0000	0.0000	0.0000	0.0000	0.0000	0.0000	0.0000	0.0000	0.0000	0.0000	0.0000	0.0000	0.0000	0.0000	0.0000	0.0000	0.0000	0.0000	0.0000	0.0000	0.0000											
28	33	0.2115	10	1	1	1	1	0	0	0	0	N	N	N	N	N	N	N	N	N	N	N	N	0.0000	0.0000	0.0000	0.0000	0.0000	0.0000	0.0000	0.0000	0.0000	0.0000	0.0000	0.0000	0.0000	0.0000	0.0000	0.0000	0.0000	0.0000	0.0000	0.0000	0.0000	0.9855	0.0000	5.0251	0.0000	0.0000	0.0000	0.0000	0.0000	0.0000	0.0000	0.0000	0.0000	0.0000	0.0000	0.0000	0.0000	0.0000	0.0000	0.0000	0.0000	0.0000	0.0000	0.0000	0.0000	0.0000	0.0000	0.0000	0.0000	0.0000	0.0000	0.0000	0.0000	0.0000	0.0000	0.0000	0.0000	0.0000	0.0000	0.0000	0.0000	0.0000	0.0000	0.0000	0.0000	0.0000	0.0000	0.0000	0.0000	0.0000	0.0000	0.0000	0.0000	0.0000	0.0000	0.0000	0.0000	0.0000											
28	34	0.1843	10	0	2	0	1	0	0	0	0	N	Y	N	N	N	N	N	N	N	N	N	N	0.0000	0.0000	0.0000	0.0000	0.0000	0.0000	0.0000	0.0000	0.0000	0.0000	0.0000	0.0000	0.0000	0.0000	0.0000	0.0000	0.0000	0.0000	0.0000	0.0000	0.0000	2.0026	0.0000	4.0175	0.0000	0.0000	0.0000	0.0000	0.0000	0.0000	0.0000	0.0000	0.0000	0.0000	0.0000	0.0000	0.0000	0.0000	0.0000	0.0000	0.0000	0.0000	0.0000	0.0000	0.0000	0.0000	0.0000	0.0000	0.0000	0.0000	0.0000	0.0000	0.0000	0.0000	0.0000	0.0000	0.0000	0.0000	0.0000	0.0000	0.0000	0.0000	0.0000	0.0000	0.0000	0.0000	0.0000	0.0000	0.0000	0.0000	0.0000	0.0000	0.0000	0.0000	0.0000	0.0000	0.0000	0.0000											
28	35	0.1843	9	0	1	0	1	0	0	0	0	N	N	N	N	N	N	N	N	N	N	N	N	0.0000	0.0000	0.0000	0.0000	0.0000	0.0000	0.0000	0.0000	0.0000	0.0000	0.0000	0.0000	0.0000	0.0000	0.0000	0.0000	0.0000	0.0000	0.0000	0.0000	0.0000	0.4148	0.0000	1.5497	0.0000	0.0000	0.0000	0.0000	0.0000	0.0000	0.0000	0.0000	0.0000	0.0000	0.0000	0.0000	0.0000	0.0000	0.0000	0.0000	0.0000	0.0000	0.0000	0.0000	0.0000	0.0000	0.0000	0.0000	0.0000	0.0000	0.0000	0.0000	0.0000	0.0000	0.0000	0.0000	0.0000	0.0000	0.0000	0.0000	0.0000	0.0000	0.0000	0.0000	0.0000	0.0000	0.0000	0.0000	0.0000	0.0000	0.0000	0.0000	0.0000	0.0000	0.0000	0.0000	0.0000	0.0000											
28	36	0.1265	7	0	2	0	1	0	0	0	0	N	Y	N	N	N	N	N	N	N	N	N	N	0.0000	0.0000	0.0000	0.0000	0.0000	0.0000	0.0000	0.0000	0.0000	0.0000	0.0000	0.0000	0.0000	0.0000	0.0000	0.0000	0.0000	0.0000	0.0000	0.0000	0.0000	7.9964	0.0000	23.6501	0.0000	0.0000	0.0000	0.0000	0.0000	0.0000	0.0000	0.0000	0.0000	0.0000	0.0000	0.0000	0.0000	0.0000	0.0000	0.0000	0.0000	0.0000	0.0000	0.0000	0.0000	0.0000	0.0000	0.0000	0.0000	0.0000	0.0000	0.0000	0.0000	0.0000	0.0000	0.0000	0.0000	0.0000	0.0000	0.0000	0.0000	0.0000	0.0000	0.0000	0.0000	0.0000	0.0000	0.0000	0.0000	0.0000	0.0000	0.0000	0.0000	0.0000	0.0000	0.0000	0.0000	0.0000											
28	37	0.2005	9	1	2	0	1	0	0	0	0	N	Y	N	N	N	N	N	N	N	N	N	N	0.0000	0.0000	0.0000	0.0000	0.0000	0.0000	0.0000	0.0000	0.0000	0.0000	0.0000	0.0000	0.0000	0.0000	0.0000	0.0000	0.0000	0.0000	0.0000	0.0000	0.0000	6.9981	0.0000	25.9787	0.0000	0.0000	0.0000	0.0000	0.0000	0.0000	0.0000	0.0000	0.0000	0.0000	0.0000	0.0000	0.0000	0.0000	0.0000	0.0000	0.0000	0.0000	0.0000	0.0000	0.0000	0.0000	0.0000	0.0000	0.0000	0.0000	0.0000	0.0000	0.0000	0.0000	0.0000	0.0000	0.0000	0.0000	0.0000	0.0000	0.0000	0.0000	0.0000	0.0000	0.0000	0.0000	0.0000	0.0000	0.0000	0.0000	0.0000	0.0000	0.0000	0.0000	0.0000	0.0000	0.0000	0.0000											
28	38	0.1843	9	0	2	0	1	0	0	0	0	N	Y	N	N	N	N	N	N	N	N	N	N	0.0000	0.0000	0.0000	0.0000	0.0000	0.0000	0.0000	0.0000	0.0000	0.0000	0.0000	0.0000	0.0000	0.0000	0.0000	0.0000	0.0000	0.0000	0.0000	0.0000	0.0000	4.7553	0.0000	10.1994	0.0000	0.0000	0.0000	0.0000	0.0000	0.0000	0.0000	0.0000	0.0000	0.0000	0.0000	0.0000	0.0000	0.0000	0.0000	0.0000	0.0000	0.0000	0.0000	0.0000	0.0000	0.0000	0.0000	0.0000	0.0000	0.0000	0.0000	0.0000	0.0000	0.0000	0.0000	0.0000	0.0000	0.0000	0.0000	0.0000	0.0000	0.0000	0.0000	0.0000	0.0000	0.0000	0.0000	0.0000	0.0000	0.0000	0.0000	0.0000	0.0000	0.0000	0.0000	0.0000	0.0000	0.0000											
28	39	0.1265	7	1	2	0	1	0	0	0	0	N	Y	N	N	N	N	N	N	N	N	N	N	0.0000	0.0000	0.0000	0.0000	0.0000	0.0000	0.0000	0.0000	0.0000	0.0000	0.0000	0.0000	0.0000	0.0000	0.0000	0.0000	0.0000	0.0000	0.0000	0.0000	0.0000	5.0000	0.0000	27.3229	0.0000	0.0000	0.0000	0.0000	0.0000	0.0000	0.0000	0.0000	0.0000	0.0000	0.0000	0.0000	0.0000	0.0000	0.0000	0.0000	0.0000	0.0000	0.0000	0.0000	0.0000	0.0000	0.0000	0.0000	0.0000	0.0000	0.0000	0.0000	0.0000	0.0000	0.0000	0.0000	0.0000	0.0000	0.0000	0.0000	0.0000	0.0000	0.0000	0.0000	0.0000	0.0000	0.0000	0.0000	0.0000	0.0000	0.0000	0.0000	0.0000	0.0000	0.0000	0.0000	0.0000	0.0000											
28	40	0.2005	9	0	2	0	1	0	0	0	0	N	Y	N	N	N	N	N	N	N	N	N	N	0.0000	0.0000	0.0000	0.0000	0.0000	0.0000	0.0000	0.0000	0.0000	0.0000	0.0000	0.0000	0.0000	0.0000	0.0000	0.0000	0.0000	0.0000	0.0000	0.0000	0.0000	7.0019	0.0000	21.4344	0.0000	0.0000	0.0000	0.0000	0.0000	0.0000	0.0000	0.0000	0.0000	0.0000	0.0000	0.0000	0.0000	0.0000	0.0000	0.0000	0.0000	0.0000	0.0000	0.0000	0.0000	0.0000	0.0000	0.0000	0.0000	0.0000	0.0000	0.0000	0.0000	0.0000	0.0000	0.0000	0.0000	0.0000	0.0000	0.0000	0.0000	0.0000	0.0000	0.0000	0.0000	0.0000	0.0000	0.0000	0.0000	0.0000	0.0000	0.0000	0.0000	0.0000	0.0000	0.0000	0.0000	0.0000											
28	41	0.6308	12	0	2	0	1	0	0	0	0	N	Y	N	N	N	N	N	N	N	N	N	N	0.0000	0.0000	0.0000	0.0000	0.0000	0.0000	0.0000	0.0000	0.0000	0.0000	0.0000	0.0000	0.0000	0.0000	0.0000	0.0000	0.0000	0.0000	0.0000	0.0000	0.0000	8.1446	0.0000	10.2519	0.0000	0.0000	0.0000	0.0000	0.0000	0.0000	0.0000	0.0000	0.0000	0.0000	0.0000	0.0000	0.0000	0.0000	0.0000	0.0000	0.0000	0.0000	0.0000	0.0000	0.0000	0.0000	0.0000	0.0000	0.0000	0.0000	0.0000	0.0000	0.0000	0.0000	0.0000	0.0000	0.0000	0.0000	0.0000	0.0000	0.0000	0.0000	0.0000	0.0000	0.0000	0.0000	0.0000	0.0000	0.0000	0.0000	0.0000	0.0000	0.0000	0.0000	0.0000	0.0000	0.0000	0.0000											
28	42	0.2005	9	0	2	0	1	0	0	0	0	N	Y	N	N	N	N	N	N	N	N	N	N	0.0000	0.0000	0.0000	0.0000	0.0000	0.0000	0.0000	0.0000	0.0000	0.0000	0.0000	0.0000	0.0000	0.0000	0.0000	0.0000	0.0000	0.0000	0.0000	0.0000	0.0000	5.9981	0.0000	11.5875	0.0000	0.0000	0.0000	0.0000	0.0000	0.0000	0.0000	0.0000	0.0000	0.0000	0.0000	0.0000	0.0000	0.0000	0.0000	0.0000	0.0000	0.0000	0.0000	0.0000	0.0000	0.0000	0.0000	0.0000	0.0000	0.0000	0.0000	0.0000	0.0000	0.0000	0.0000	0.0000	0.0000	0.0000	0.0000	0.0000	0.0000	0.0000	0.0000	0.0000	0.0000	0.0000	0.0000	0.0000	0.0000	0.0000	0.0000	0.0000	0.0000	0.0000	0.0000	0.0000	0.0000	0.0000											
28	43	0.2842	9	0	2	1	2	0	0	0	0	N	Y	N	Y	N	N	N	N	N	N	N	N	0.0000	0.0000	0.0000	0.0000	0.0000	0.0000	0.0000	0.0000	0.0000	0.0000	0.0000	0.0000	0.0000	0.0000	0.0000	0.0000	0.0000	0.0000	0.0000	0.0000	0.0000	1.0007	0.0000	2.4334	0.0000	0.0000	0.0000	0.0000	0.0000	0.0000	0.0000	0.0000	0.0000	0.0000	0.0000	0.0000	0.0000	0.0000	0.0000	0.0000	0.0000	0.0000	0.0000	0.0000	0.0000	0.0000	0.0000	0.0000	0.0000	0.0000	0.0000	0.0000	0.0000	0.0000	0.0000	0.0000	0.0000	0.0000	0.0000	0.0000	0.0000	0.0000	0.0000	0.0000	0.0000	0.0000	0.0000	0.0000	0.0000	0.0000	0.0000	0.0000	0.0000	0.0000	0.0000	0.0000	0.0000	0.0000											
28	44	0.2470	8	0	1	0	2	0	0	0	0	N	N	N	Y	N	N	N	N	N	N	N	N	0.0000	0.0000	0.0000	0.0000	0.0000	0.0000	0.0000	0.0000	0.0000	0.0000	0.0000	0.0000	0.0000	0.0000	0.0000	0.0000	0.0000	0.0000	0.0000	0.0000	0.0000	1.0391	0.0000	15.0482	0.0000	0.0000	0.0000	0.0000	0.0000	0.0000	0.0000	0.0000	0.0000	0.0000	0.0000	0.0000	0.0000	0.0000	0.0000	0.0000	0.0000	0.0000	0.0000	0.0000	0.0000	0.0000	0.0000	0.0000	0.0000	0.0000	0.0000	0.0000	0.0000	0.0000	0.0000	0.0000	0.0000	0.0000	0.0000	0.0000	0.0000	0.0000	0.0000	0.0000	0.0000	0.0000	0.0000	0.0000	0.0000	0.0000	0.0000	0.0000	0.0000	0.0000	0.0000	0.0000	0.0000	0.0000											
28	45	0.1265	7	0	2	0	1	0	0	0	0	N	Y	N	N	N	N	N	N	N	N	N	N	0.0000	0.0000	0.0000	0.0000	0.0000	0.0000	0.0000	0.0000	0.0000	0.0000	0.0000	0.0000	0.0000	0.0000	0.0000	0.0000	0.0000	0.0000	0.0000	0.0000	0.0000	12.0036	0.0000	21.9053	0.0000	0.0000	0.0000	0.0000	0.0000	0.0000	0.0000	0.0000	0.0000	0.0000	0.0000	0.0000	0.0000	0.0000	0.0000	0.0000	0.0000	0.0000	0.0000	0.0000	0.0000	0.0000	0.0000	0.0000	0.0000	0.0000	0.0000	0.0000	0.0000	0.0000	0.0000	0.0000	0.0000	0.0000	0.0000	0.0000	0.0000	0.0000	0.0000	0.0000	0.0000	0.0000	0.0000	0.0000	0.0000	0.0000	0.0000	0.0000	0.0000	0.0000	0.0000	0.0000	0.0000	0.0000											
28	46	0.6079	15	1	2	0	1	0	0	0	0	N	Y	N	N	N	N	N	N	N	N	N	N	0.0000	0.0000	0.0000	0.0000	0.0000	0.0000	0.0000	0.0000	0.0000	0.0000	0.0000	0.0000	0.0000	0.0000	0.0000	0.0000	0.0000	0.0000	0.0000	0.0000	0.0000	2.0120	0.0000	1.9924	0.0000	0.0000	0.0000	0.0000	0.0000	0.0000	0.0000	0.0000	0.0000	0.0000	0.0000	0.0000	0.0000	0.0000	0.0000	0.0000	0.0000	0.0000	0.0000	0.0000	0.0000	0.0000	0.0000	0.0000	0.0000	0.0000	0.0000	0.0000	0.0000	0.0000	0.0000	0.0000	0.0000	0.0000	0.0000	0.0000	0.0000	0.0000	0.0000	0.0000	0.0000	0.0000	0.0000	0.0000	0.0000	0.0000	0.0000	0.0000	0.0000	0.0000	0.0000	0.0000	0.0000	0.0000											
28	47	0.0592	7	1	2	0	1	0	0	0	0	N	Y	N	N	N	N	N	N	N	N	N	N	0.0000	0.0000	0.0000	0.0000	0.0000	0.0000	0.0000	0.0000	0.0000	0.0000	0.0000	0.0000	0.0000	0.0000	0.0000	0.0000	0.0000	0.0000	0.0000	0.0000	0.0000	0.0002	0.0000	4.0036	0.0000	0.0000	0.0000	0.0000	0.0000	0.0000	0.0000	0.0000	0.0000	0.0000	0.0000	0.0000	0.0000	0.0000	0.0000	0.0000	0.0000	0.0000	0.0000	0.0000	0.0000	0.0000	0.0000	0.0000	0.0000	0.0000	0.0000	0.0000	0.0000	0.0000	0.0000	0.0000	0.0000	0.0000	0.0000	0.0000	0.0000	0.0000	0.0000	0.0000	0.0000	0.0000	0.0000	0.0000	0.0000	0.0000	0.0000	0.0000	0.0000	0.0000	0.0000	0.0000	0.0000	0.0000											
28	48	0.1265	7	0	2	0	2	0	0	0	0	N	Y	N	Y	N	N	N	N	N	N	N	N	0.0000	0.0000	0.0000	0.0000	0.0000	0.0000	0.0000	0.0000	0.0000	0.0000	0.0000	0.0000	0.0000	0.0000	0.0000	0.0000	0.0000	0.0000	0.0000	0.0000	0.0000	6.0036	0.0000	51.7820	0.0000	0.0000	0.0000	0.0000	0.0000	0.0000	0.0000	0.0000	0.0000	0.0000	0.0000	0.0000	0.0000	0.0000	0.0000	0.0000	0.0000	0.0000	0.0000	0.0000	0.0000	0.0000	0.0000	0.0000	0.0000	0.0000	0.0000	0.0000	0.0000	0.0000	0.0000	0.0000	0.0000	0.0000	0.0000	0.0000	0.0000	0.0000	0.0000	0.0000	0.0000	0.0000	0.0000	0.0000	0.0000	0.0000	0.0000	0.0000	0.0000	0.0000	0.0000	0.0000	0.0000	0.0000											
28	49	0.1265	7	1	2	0	1	0	0	0	0	N	Y	N	N	N	N	N	N	N	N	N	N	0.0000	0.0000	0.0000	0.0000	0.0000	0.0000	0.0000	0.0000	0.0000	0.0000	0.0000	0.0000	0.0000	0.0000	0.0000	0.0000	0.0000	0.0000	0.0000	0.0000	0.0000	5.9964	0.0000	34.6547	0.0000	0.0000	0.0000	0.0000	0.0000	0.0000	0.0000	0.0000	0.0000	0.0000	0.0000	0.0000	0.0000	0.0000	0.0000	0.0000	0.0000	0.0000	0.0000	0.0000	0.0000	0.0000	0.0000	0.0000	0.0000	0.0000	0.0000	0.0000	0.0000	0.0000	0.0000	0.0000	0.0000	0.0000	0.0000	0.0000	0.0000	0.0000	0.0000	0.0000	0.0000	0.0000	0.0000	0.0000	0.0000	0.0000	0.0000	0.0000	0.0000	0.0000	0.0000	0.0000	0.0000	0.0000											
28	50	0.2161	8	0	1	1	1	0	0	0	0	N	N	N	N	N	N	N	N	N	N	N	N	0.0000	0.0000	0.0000	0.0000	0.0000	0.0000	0.0000	0.0000	0.0000	0.0000	0.0000	0.0000	0.0000	0.0000	0.0000	0.0000	0.0000	0.0000	0.0000	0.0000	0.0000	31.2093	0.0000	46.3939	0.0000	0.0000	0.0000	0.0000	0.0000	0.0000	0.0000	0.0000	0.0000	0.0000	0.0000	0.0000	0.0000	0.0000	0.0000	0.0000	0.0000	0.0000	0.0000	0.0000	0.0000	0.0000	0.0000	0.0000	0.0000	0.0000	0.0000	0.0000	0.0000	0.0000	0.0000	0.0000	0.0000	0.0000	0.0000	0.0000	0.0000	0.0000	0.0000	0.0000	0.0000	0.0000	0.0000	0.0000	0.0000	0.0000	0.0000	0.0000	0.0000	0.0000	0.0000	0.0000	0.0000	0.0000											
28	51	0.1633	8	0	2	0	1	0	0	0	0	N	Y	N	N	N	N	N	N	N	N	N	N	0.0000	0.0000	0.0000	0.0000	0.0000	0.0000	0.0000	0.0000	0.0000	0.0000	0.0000	0.0000	0.0000	0.0000	0.0000	0.0000	0.0000	0.0000	0.0000	0.0000	0.0000	4.1516	0.0000	14.5664	0.0000	0.0000	0.0000	0.0000	0.0000	0.0000	0.0000	0.0000	0.0000	0.0000	0.0000	0.0000	0.0000	0.0000	0.0000	0.0000	0.0000	0.0000	0.0000	0.0000	0.0000	0.0000	0.0000	0.0000	0.0000	0.0000	0.0000	0.0000	0.0000	0.0000	0.0000	0.0000	0.0000	0.0000	0.0000	0.0000	0.0000	0.0000	0.0000	0.0000	0.0000	0.0000	0.0000	0.0000	0.0000	0.0000	0.0000	0.0000	0.0000	0.0000	0.0000	0.0000	0.0000	0.0000											
28	52	0.2438	10	1	1	1	1	0	0	0	0	N	N	N	N	N	N	N	N	N	N	N	N	0.0000	0.0000	0.0000	0.0000	0.0000	0.0000	0.0000	0.0000	0.0000	0.0000	0.0000	0.0000	0.0000	0.0000	0.0000	0.0000	0.0000	0.0000	0.0000	0.0000	0.0000	0.0028	0.0000	0.9232	0.0000	0.0000	0.0000	0.0000	0.0000	0.0000	0.0000	0.0000	0.0000	0.0000	0.0000	0.0000	0.0000	0.0000	0.0000	0.0000	0.0000	0.0000	0.0000	0.0000	0.0000	0.0000	0.0000	0.0000	0.0000	0.0000	0.0000	0.0000	0.0000	0.0000	0.0000	0.0000	0.0000	0.0000	0.0000	0.0000	0.0000	0.0000	0.0000	0.0000	0.0000	0.0000	0.0000	0.0000	0.0000	0.0000	0.0000	0.0000	0.0000	0.0000	0.0000	0.0000	0.0000	0.0000											
28	53	0.6231	14	0	2	0	1	0	0	0	0	N	Y	N	N	N	N	N	N	N	N	N	N	0.0000	0.0000	0.0000	0.0000	0.0000	0.0000	0.0000	0.0000	0.0000	0.0000	0.0000	0.0000	0.0000	0.0000	0.0000	0.0000	0.0000	0.0000	0.0000	0.0000	0.0000	8.5400	0.0000	19.3759	0.0000	0.0000	0.0000	0.0000	0.0000	0.0000	0.0000	0.0000	0.0000	0.0000	0.0000	0.0000	0.0000	0.0000	0.0000	0.0000	0.0000	0.0000	0.0000	0.0000	0.0000	0.0000	0.0000	0.0000	0.0000	0.0000	0.0000	0.0000	0.0000	0.0000	0.0000	0.0000	0.0000	0.0000	0.0000	0.0000	0.0000	0.0000	0.0000	0.0000	0.0000	0.0000	0.0000	0.0000	0.0000	0.0000	0.0000	0.0000	0.0000	0.0000	0.0000	0.0000	0.0000	0.0000											
28	54	0.5601	13	0	1	0	1	0	0	0	0	N	N	N	N	N	N	N	N	N	N	N	N	0.0000	0.0000	0.0000	0.0000	0.0000	0.0000	0.0000	0.0000	0.0000	0.0000	0.0000	0.0000	0.0000	0.0000	0.0000	0.0000	0.0000	0.0000	0.0000	0.0000	0.0000	7.3474	0.0000	24.2346	0.0000	0.0000	0.0000	0.0000	0.0000	0.0000	0.0000	0.0000	0.0000	0.0000	0.0000	0.0000	0.0000	0.0000	0.0000	0.0000	0.0000	0.0000	0.0000	0.0000	0.0000	0.0000	0.0000	0.0000	0.0000	0.0000	0.0000	0.0000	0.0000	0.0000	0.0000	0.0000	0.0000	0.0000	0.0000	0.0000	0.0000	0.0000	0.0000	0.0000	0.0000	0.0000	0.0000	0.0000	0.0000	0.0000	0.0000	0.0000	0.0000	0.0000	0.0000	0.0000	0.0000	0.0000											
28	55	0.5303	12	0	1	0	1	0	0	0	0	N	N	N	N	N	N	N	N	N	N	N	N	0.0000	0.0000	0.0000	0.0000	0.0000	0.0000	0.0000	0.0000	0.0000	0.0000	0.0000	0.0000	0.0000	0.0000	0.0000	0.0000	0.0000	0.0000	0.0000	0.0000	0.0000	3.4216	0.0000	15.9376	0.0000	0.0000	0.0000	0.0000	0.0000	0.0000	0.0000	0.0000	0.0000	0.0000	0.0000	0.0000	0.0000	0.0000	0.0000	0.0000	0.0000	0.0000	0.0000	0.0000	0.0000	0.0000	0.0000	0.0000	0.0000	0.0000	0.0000	0.0000	0.0000	0.0000	0.0000	0.0000	0.0000	0.0000	0.0000	0.0000	0.0000	0.0000	0.0000	0.0000	0.0000	0.0000	0.0000	0.0000	0.0000	0.0000	0.0000	0.0000	0.0000	0.0000	0.0000	0.0000	0.0000	0.0000											
28	56	0.2470	8	0	2	0	1	0	0	0	0	N	Y	N	N	N	N	N	N	N	N	N	N	0.0000	0.0000	0.0000	0.0000	0.0000	0.0000	0.0000	0.0000	0.0000	0.0000	0.0000	0.0000	0.0000	0.0000	0.0000	0.0000	0.0000	0.0000	0.0000	0.0000	0.0000	0.9891	0.0000	20.6926	0.0000	0.0000	0.0000	0.0000	0.0000	0.0000	0.0000	0.0000	0.0000	0.0000	0.0000	0.0000	0.0000	0.0000	0.0000	0.0000	0.0000	0.0000	0.0000	0.0000	0.0000	0.0000	0.0000	0.0000	0.0000	0.0000	0.0000	0.0000	0.0000	0.0000	0.0000	0.0000	0.0000	0.0000	0.0000	0.0000	0.0000	0.0000	0.0000	0.0000	0.0000	0.0000	0.0000	0.0000	0.0000	0.0000	0.0000	0.0000	0.0000	0.0000	0.0000	0.0000	0.0000	0.0000											
28	57	0.1265	7	0	1	0	1	0	0	0	0	N	N	N	N	N	N	N	N	N	N	N	N	0.0000	0.0000	0.0000	0.0000	0.0000	0.0000	0.0000	0.0000	0.0000	0.0000	0.0000	0.0000	0.0000	0.0000	0.0000	0.0000	0.0000	0.0000	0.0000	0.0000	0.0000	5.0326	0.0000	39.3193	0.0000	0.0000	0.0000	0.0000	0.0000	0.0000	0.0000	0.0000	0.0000	0.0000	0.0000	0.0000	0.0000	0.0000	0.0000	0.0000	0.0000	0.0000	0.0000	0.0000	0.0000	0.0000	0.0000	0.0000	0.0000	0.0000	0.0000	0.0000	0.0000	0.0000	0.0000	0.0000	0.0000	0.0000	0.0000	0.0000	0.0000	0.0000	0.0000	0.0000	0.0000	0.0000	0.0000	0.0000	0.0000	0.0000	0.0000	0.0000	0.0000	0.0000	0.0000	0.0000	0.0000	0.0000											
28	58	0.1265	7	0	2	0	2	0	0	0	0	N	Y	N	Y	N	N	N	N	N	N	N	N	0.0000	0.0000	0.0000	0.0000	0.0000	0.0000	0.0000	0.0000	0.0000	0.0000	0.0000	0.0000	0.0000	0.0000	0.0000	0.0000	0.0000	0.0000	0.0000	0.0000	0.0000	5.0036	0.0000	36.7244	0.0000	0.0000	0.0000	0.0000	0.0000	0.0000	0.0000	0.0000	0.0000	0.0000	0.0000	0.0000	0.0000	0.0000	0.0000	0.0000	0.0000	0.0000	0.0000	0.0000	0.0000	0.0000	0.0000	0.0000	0.0000	0.0000	0.0000	0.0000	0.0000	0.0000	0.0000	0.0000	0.0000	0.0000	0.0000	0.0000	0.0000	0.0000	0.0000	0.0000	0.0000	0.0000	0.0000	0.0000	0.0000	0.0000	0.0000	0.0000	0.0000	0.0000	0.0000	0.0000	0.0000	0.0000											
28	59	0.5107	12	0	2	0	2	0	0	0	0	N	Y	N	Y	N	N	N	N	N	N	N	N	0.0000	0.0000	0.0000	0.0000	0.0000	0.0000	0.0000	0.0000	0.0000	0.0000	0.0000	0.0000	0.0000	0.0000	0.0000	0.0000	0.0000	0.0000	0.0000	0.0000	0.0000	10.4254	0.0000	21.2017	0.0000	0.0000	0.0000	0.0000	0.0000	0.0000	0.0000	0.0000	0.0000	0.0000	0.0000	0.0000	0.0000	0.0000	0.0000	0.0000	0.0000	0.0000	0.0000	0.0000	0.0000	0.0000	0.0000	0.0000	0.0000	0.0000	0.0000	0.0000	0.0000	0.0000	0.0000	0.0000	0.0000	0.0000	0.0000	0.0000	0.0000	0.0000	0.0000	0.0000	0.0000	0.0000	0.0000	0.0000	0.0000	0.0000	0.0000	0.0000	0.0000	0.0000	0.0000	0.0000	0.0000	0.0000											
28	60	0.2438	10	1	1	1	1	0	0	0	0	N	N	N	N	N	N	N	N	N	N	N	N	0.0000	0.0000	0.0000	0.0000	0.0000	0.0000	0.0000	0.0000	0.0000	0.0000	0.0000	0.0000	0.0000	0.0000	0.0000	0.0000	0.0000	0.0000	0.0000	0.0000	0.0000	1.9981	0.0000	3.0867	0.0000	0.0000	0.0000	0.0000	0.0000	0.0000	0.0000	0.0000	0.0000	0.0000	0.0000	0.0000	0.0000	0.0000	0.0000	0.0000	0.0000	0.0000	0.0000	0.0000	0.0000	0.0000	0.0000	0.0000	0.0000	0.0000	0.0000	0.0000	0.0000	0.0000	0.0000	0.0000	0.0000	0.0000	0.0000	0.0000	0.0000	0.0000	0.0000	0.0000	0.0000	0.0000	0.0000	0.0000	0.0000	0.0000	0.0000	0.0000	0.0000	0.0000	0.0000	0.0000	0.0000	0.0000											
28	61	0.2005	9	1	1	1	1	0	0	0	0	N	N	N	N	N	N	N	N	N	N	N	N	0.0000	0.0000	0.0000	0.0000	0.0000	0.0000	0.0000	0.0000	0.0000	0.0000	0.0000	0.0000	0.0000	0.0000	0.0000	0.0000	0.0000	0.0000	0.0000	0.0000	0.0000	4.0039	0.0000	14.0733	0.0000	0.0000	0.0000	0.0000	0.0000	0.0000	0.0000	0.0000	0.0000	0.0000	0.0000	0.0000	0.0000	0.0000	0.0000	0.0000	0.0000	0.0000	0.0000	0.0000	0.0000	0.0000	0.0000	0.0000	0.0000	0.0000	0.0000	0.0000	0.0000	0.0000	0.0000	0.0000	0.0000	0.0000	0.0000	0.0000	0.0000	0.0000	0.0000	0.0000	0.0000	0.0000	0.0000	0.0000	0.0000	0.0000	0.0000	0.0000	0.0000	0.0000	0.0000	0.0000	0.0000	0.0000											
28	62	0.2199	10	1	1	1	1	0	0	0	0	N	N	N	N	N	N	N	N	N	N	N	N	0.0000	0.0000	0.0000	0.0000	0.0000	0.0000	0.0000	0.0000	0.0000	0.0000	0.0000	0.0000	0.0000	0.0000	0.0000	0.0000	0.0000	0.0000	0.0000	0.0000	0.0000	0.0060	0.0000	17.2393	0.0000	0.0000	0.0000	0.0000	0.0000	0.0000	0.0000	0.0000	0.0000	0.0000	0.0000	0.0000	0.0000	0.0000	0.0000	0.0000	0.0000	0.0000	0.0000	0.0000	0.0000	0.0000	0.0000	0.0000	0.0000	0.0000	0.0000	0.0000	0.0000	0.0000	0.0000	0.0000	0.0000	0.0000	0.0000	0.0000	0.0000	0.0000	0.0000	0.0000	0.0000	0.0000	0.0000	0.0000	0.0000	0.0000	0.0000	0.0000	0.0000	0.0000	0.0000	0.0000	0.0000	0.0000											
28	63	0.1633	8	0	1	1	1	0	0	0	0	N	N	N	N	N	N	N	N	N	N	N	N	0.0000	0.0000	0.0000	0.0000	0.0000	0.0000	0.0000	0.0000	0.0000	0.0000	0.0000	0.0000	0.0000	0.0000	0.0000	0.0000	0.0000	0.0000	0.0000	0.0000	0.0000	1.0230	0.0000	12.1924	0.0000	0.0000	0.0000	0.0000	0.0000	0.0000	0.0000	0.0000	0.0000	0.0000	0.0000	0.0000	0.0000	0.0000	0.0000	0.0000	0.0000	0.0000	0.0000	0.0000	0.0000	0.0000	0.0000	0.0000	0.0000	0.0000	0.0000	0.0000	0.0000	0.0000	0.0000	0.0000	0.0000	0.0000	0.0000	0.0000	0.0000	0.0000	0.0000	0.0000	0.0000	0.0000	0.0000	0.0000	0.0000	0.0000	0.0000	0.0000	0.0000	0.0000	0.0000	0.0000	0.0000	0.0000											
28	64	0.1265	7	0	1	0	1	0	0	0	0	N	N	N	N	N	N	N	N	N	N	N	N	0.0000	0.0000	0.0000	0.0000	0.0000	0.0000	0.0000	0.0000	0.0000	0.0000	0.0000	0.0000	0.0000	0.0000	0.0000	0.0000	0.0000	0.0000	0.0000	0.0000	0.0000	2.4556	0.0000	12.4191	0.0000	0.0000	0.0000	0.0000	0.0000	0.0000	0.0000	0.0000	0.0000	0.0000	0.0000	0.0000	0.0000	0.0000	0.0000	0.0000	0.0000	0.0000	0.0000	0.0000	0.0000	0.0000	0.0000	0.0000	0.0000	0.0000	0.0000	0.0000	0.0000	0.0000	0.0000	0.0000	0.0000	0.0000	0.0000	0.0000	0.0000	0.0000	0.0000	0.0000	0.0000	0.0000	0.0000	0.0000	0.0000	0.0000	0.0000	0.0000	0.0000	0.0000	0.0000	0.0000	0.0000	0.0000											
28	65	0.2489	9	0	2	0	1	0	0	0	0	N	Y	N	N	N	N	N	N	N	N	N	N	0.0000	0.0000	0.0000	0.0000	0.0000	0.0000	0.0000	0.0000	0.0000	0.0000	0.0000	0.0000	0.0000	0.0000	0.0000	0.0000	0.0000	0.0000	0.0000	0.0000	0.0000	1.7555	0.0000	11.9300	0.0000	0.0000	0.0000	0.0000	0.0000	0.0000	0.0000	0.0000	0.0000	0.0000	0.0000	0.0000	0.0000	0.0000	0.0000	0.0000	0.0000	0.0000	0.0000	0.0000	0.0000	0.0000	0.0000	0.0000	0.0000	0.0000	0.0000	0.0000	0.0000	0.0000	0.0000	0.0000	0.0000	0.0000	0.0000	0.0000	0.0000	0.0000	0.0000	0.0000	0.0000	0.0000	0.0000	0.0000	0.0000	0.0000	0.0000	0.0000	0.0000	0.0000	0.0000	0.0000	0.0000	0.0000											
28	66	0.2279	11	1	2	1	1	0	0	0	0	N	Y	N	N	N	N	N	N	N	N	N	N	0.0000	0.0000	0.0000	0.0000	0.0000	0.0000	0.0000	0.0000	0.0000	0.0000	0.0000	0.0000	0.0000	0.0000	0.0000	0.0000	0.0000	0.0000	0.0000	0.0000	0.0000	0.0000	0.0000	0.0000	0.0000	0.0000	0.0000	0.0000	0.0000	0.0000	0.0000	0.0000	0.0000	0.0000	0.0000	0.0000	0.0000	0.0000	0.0000	0.0000	0.0000	0.0000	0.0000	0.0000	0.0000	0.0000	0.0000	0.0000	0.0000	0.0000	0.0000	0.0000	0.0000	0.0000	0.0000	0.0000	0.0000	0.0000	0.0000	0.0000	0.0000	0.0000	0.0000	0.0000	0.0000	0.0000	0.0000	0.0000	0.0000	0.0000	0.0000	0.0000	0.0000	0.0000	0.0000	0.0000	0.0000	0.0000											
28	67	0.7324	14	1	2	1	1	0	0	0	0	N	Y	N	N	N	N	N	N	N	N	N	N	0.0000	0.0000	0.0000	0.0000	0.0000	0.0000	0.0000	0.0000	0.0000	0.0000	0.0000	0.0000	0.0000	0.0000	0.0000	0.0000	0.0000	0.0000	0.0000	0.0000	0.0000	1.0000	0.0000	3.0000	0.0000	0.0000	0.0000	0.0000	0.0000	0.0000	0.0000	0.0000	0.0000	0.0000	0.0000	0.0000	0.0000	0.0000	0.0000	0.0000	0.0000	0.0000	0.0000	0.0000	0.0000	0.0000	0.0000	0.0000	0.0000	0.0000	0.0000	0.0000	0.0000	0.0000	0.0000	0.0000	0.0000	0.0000	0.0000	0.0000	0.0000	0.0000	0.0000	0.0000	0.0000	0.0000	0.0000	0.0000	0.0000	0.0000	0.0000	0.0000	0.0000	0.0000	0.0000	0.0000	0.0000	0.0000											
28	68	0.2279	11	1	2	1	1	0	0	0	0	N	Y	N	N	N	N	N	N	N	N	N	N	0.0000	0.0000	0.0000	0.0000	0.0000	0.0000	0.0000	0.0000	0.0000	0.0000	0.0000	0.0000	0.0000	0.0000	0.0000	0.0000	0.0000	0.0000	0.0000	0.0000	0.0000	1.0000	0.0000	0.0000	0.0000	0.0000	0.0000	0.0000	0.0000	0.0000	0.0000	0.0000	0.0000	0.0000	0.0000	0.0000	0.0000	0.0000	0.0000	0.0000	0.0000	0.0000	0.0000	0.0000	0.0000	0.0000	0.0000	0.0000	0.0000	0.0000	0.0000	0.0000	0.0000	0.0000	0.0000	0.0000	0.0000	0.0000	0.0000	0.0000	0.0000	0.0000	0.0000	0.0000	0.0000	0.0000	0.0000	0.0000	0.0000	0.0000	0.0000	0.0000	0.0000	0.0000	0.0000	0.0000	0.0000	0.0000											
28	69	0.2115	10	1	2	1	1	0	0	0	0	N	Y	N	N	N	N	N	N	N	N	N	N	0.0000	0.0000	0.0000	0.0000	0.0000	0.0000	0.0000	0.0000	0.0000	0.0000	0.0000	0.0000	0.0000	0.0000	0.0000	0.0000	0.0000	0.0000	0.0000	0.0000	0.0000	1.0155	0.0000	5.9708	0.0000	0.0000	0.0000	0.0000	0.0000	0.0000	0.0000	0.0000	0.0000	0.0000	0.0000	0.0000	0.0000	0.0000	0.0000	0.0000	0.0000	0.0000	0.0000	0.0000	0.0000	0.0000	0.0000	0.0000	0.0000	0.0000	0.0000	0.0000	0.0000	0.0000	0.0000	0.0000	0.0000	0.0000	0.0000	0.0000	0.0000	0.0000	0.0000	0.0000	0.0000	0.0000	0.0000	0.0000	0.0000	0.0000	0.0000	0.0000	0.0000	0.0000	0.0000	0.0000	0.0000	0.0000											
28	70	0.2067	9	1	1	1	1	0	0	0	0	N	N	N	N	N	N	N	N	N	N	N	N	0.0000	0.0000	0.0000	0.0000	0.0000	0.0000	0.0000	0.0000	0.0000	0.0000	0.0000	0.0000	0.0000	0.0000	0.0000	0.0000	0.0000	0.0000	0.0000	0.0000	0.0000	0.0406	0.0000	2.3361	0.0000	0.0000	0.0000	0.0000	0.0000	0.0000	0.0000	0.0000	0.0000	0.0000	0.0000	0.0000	0.0000	0.0000	0.0000	0.0000	0.0000	0.0000	0.0000	0.0000	0.0000	0.0000	0.0000	0.0000	0.0000	0.0000	0.0000	0.0000	0.0000	0.0000	0.0000	0.0000	0.0000	0.0000	0.0000	0.0000	0.0000	0.0000	0.0000	0.0000	0.0000	0.0000	0.0000	0.0000	0.0000	0.0000	0.0000	0.0000	0.0000	0.0000	0.0000	0.0000	0.0000	0.0000											
28	71	0.7324	14	1	2	1	1	0	0	0	0	N	Y	N	N	N	N	N	N	N	N	N	N	0.0000	0.0000	0.0000	0.0000	0.0000	0.0000	0.0000	0.0000	0.0000	0.0000	0.0000	0.0000	0.0000	0.0000	0.0000	0.0000	0.0000	0.0000	0.0000	0.0000	0.0000	0.0000	0.0000	0.0000	0.0000	0.0000	0.0000	0.0000	0.0000	0.0000	0.0000	0.0000	0.0000	0.0000	0.0000	0.0000	0.0000	0.0000	0.0000	0.0000	0.0000	0.0000	0.0000	0.0000	0.0000	0.0000	0.0000	0.0000	0.0000	0.0000	0.0000	0.0000	0.0000	0.0000	0.0000	0.0000	0.0000	0.0000	0.0000	0.0000	0.0000	0.0000	0.0000	0.0000	0.0000	0.0000	0.0000	0.0000	0.0000	0.0000	0.0000	0.0000	0.0000	0.0000	0.0000	0.0000	0.0000	0.0000											
28	72	0.7144	13	1	2	1	1	0	0	0	0	N	Y	N	N	N	N	N	N	N	N	N	N	0.0000	0.0000	0.0000	0.0000	0.0000	0.0000	0.0000	0.0000	0.0000	0.0000	0.0000	0.0000	0.0000	0.0000	0.0000	0.0000	0.0000	0.0000	0.0000	0.0000	0.0000	3.9057	0.0000	1.1104	0.0000	0.0000	0.0000	0.0000	0.0000	0.0000	0.0000	0.0000	0.0000	0.0000	0.0000	0.0000	0.0000	0.0000	0.0000	0.0000	0.0000	0.0000	0.0000	0.0000	0.0000	0.0000	0.0000	0.0000	0.0000	0.0000	0.0000	0.0000	0.0000	0.0000	0.0000	0.0000	0.0000	0.0000	0.0000	0.0000	0.0000	0.0000	0.0000	0.0000	0.0000	0.0000	0.0000	0.0000	0.0000	0.0000	0.0000	0.0000	0.0000	0.0000	0.0000	0.0000	0.0000	0.0000											
28	73	0.5116	11	1	2	0	1	0	0	0	0	N	Y	N	N	N	N	N	N	N	N	N	N	0.0000	0.0000	0.0000	0.0000	0.0000	0.0000	0.0000	0.0000	0.0000	0.0000	0.0000	0.0000	0.0000	0.0000	0.0000	0.0000	0.0000	0.0000	0.0000	0.0000	0.0000	6.9070	0.0000	16.5673	0.0000	0.0000	0.0000	0.0000	0.0000	0.0000	0.0000	0.0000	0.0000	0.0000	0.0000	0.0000	0.0000	0.0000	0.0000	0.0000	0.0000	0.0000	0.0000	0.0000	0.0000	0.0000	0.0000	0.0000	0.0000	0.0000	0.0000	0.0000	0.0000	0.0000	0.0000	0.0000	0.0000	0.0000	0.0000	0.0000	0.0000	0.0000	0.0000	0.0000	0.0000	0.0000	0.0000	0.0000	0.0000	0.0000	0.0000	0.0000	0.0000	0.0000	0.0000	0.0000	0.0000	0.0000											
28	74	0.5755	13	0	2	0	2	0	0	0	0	N	Y	N	Y	N	N	N	N	N	N	N	N	0.0000	0.0000	0.0000	0.0000	0.0000	0.0000	0.0000	0.0000	0.0000	0.0000	0.0000	0.0000	0.0000	0.0000	0.0000	0.0000	0.0000	0.0000	0.0000	0.0000	0.0000	6.4226	0.0000	19.3377	0.0000	0.0000	0.0000	0.0000	0.0000	0.0000	0.0000	0.0000	0.0000	0.0000	0.0000	0.0000	0.0000	0.0000	0.0000	0.0000	0.0000	0.0000	0.0000	0.0000	0.0000	0.0000	0.0000	0.0000	0.0000	0.0000	0.0000	0.0000	0.0000	0.0000	0.0000	0.0000	0.0000	0.0000	0.0000	0.0000	0.0000	0.0000	0.0000	0.0000	0.0000	0.0000	0.0000	0.0000	0.0000	0.0000	0.0000	0.0000	0.0000	0.0000	0.0000	0.0000	0.0000	0.0000											
28	75	0.5303	12	0	1	0	2	0	0	0	0	N	N	N	Y	N	N	N	N	N	N	N	N	0.0000	0.0000	0.0000	0.0000	0.0000	0.0000	0.0000	0.0000	0.0000	0.0000	0.0000	0.0000	0.0000	0.0000	0.0000	0.0000	0.0000	0.0000	0.0000	0.0000	0.0000	5.1932	0.0000	17.4397	0.0000	0.0000	0.0000	0.0000	0.0000	0.0000	0.0000	0.0000	0.0000	0.0000	0.0000	0.0000	0.0000	0.0000	0.0000	0.0000	0.0000	0.0000	0.0000	0.0000	0.0000	0.0000	0.0000	0.0000	0.0000	0.0000	0.0000	0.0000	0.0000	0.0000	0.0000	0.0000	0.0000	0.0000	0.0000	0.0000	0.0000	0.0000	0.0000	0.0000	0.0000	0.0000	0.0000	0.0000	0.0000	0.0000	0.0000	0.0000	0.0000	0.0000	0.0000	0.0000	0.0000	0.0000											
28	76	0.4933	11	0	1	0	1	0	0	0	0	N	N	N	N	N	N	N	N	N	N	N	N	0.0000	0.0000	0.0000	0.0000	0.0000	0.0000	0.0000	0.0000	0.0000	0.0000	0.0000	0.0000	0.0000	0.0000	0.0000	0.0000	0.0000	0.0000	0.0000	0.0000	0.0000	4.4918	0.0000	17.5337	0.0000	0.0000	0.0000	0.0000	0.0000	0.0000	0.0000	0.0000	0.0000	0.0000	0.0000	0.0000	0.0000	0.0000	0.0000	0.0000	0.0000	0.0000	0.0000	0.0000	0.0000	0.0000	0.0000	0.0000	0.0000	0.0000	0.0000	0.0000	0.0000	0.0000	0.0000	0.0000	0.0000	0.0000	0.0000	0.0000	0.0000	0.0000	0.0000	0.0000	0.0000	0.0000	0.0000	0.0000	0.0000	0.0000	0.0000	0.0000	0.0000	0.0000	0.0000	0.0000	0.0000	0.0000											
28	77	0.2224	10	0	1	0	2	0	0	0	0	N	N	N	Y	N	N	N	N	N	N	N	N	0.0000	0.0000	0.0000	0.0000	0.0000	0.0000	0.0000	0.0000	0.0000	0.0000	0.0000	0.0000	0.0000	0.0000	0.0000	0.0000	0.0000	0.0000	0.0000	0.0000	0.0000	0.3745	0.0000	14.7996	0.0000	0.0000	0.0000	0.0000	0.0000	0.0000	0.0000	0.0000	0.0000	0.0000	0.0000	0.0000	0.0000	0.0000	0.0000	0.0000	0.0000	0.0000	0.0000	0.0000	0.0000	0.0000	0.0000	0.0000	0.0000	0.0000	0.0000	0.0000	0.0000	0.0000	0.0000	0.0000	0.0000	0.0000	0.0000	0.0000	0.0000	0.0000	0.0000	0.0000	0.0000	0.0000	0.0000	0.0000	0.0000	0.0000	0.0000	0.0000	0.0000	0.0000	0.0000	0.0000	0.0000	0.0000											
28	78	0.2001	9	0	1	0	2	0	0	0	0	N	N	N	Y	N	N	N	N	N	N	N	N	0.0000	0.0000	0.0000	0.0000	0.0000	0.0000	0.0000	0.0000	0.0000	0.0000	0.0000	0.0000	0.0000	0.0000	0.0000	0.0000	0.0000	0.0000	0.0000	0.0000	0.0000	1.4595	0.0000	10.3922	0.0000	0.0000	0.0000	0.0000	0.0000	0.0000	0.0000	0.0000	0.0000	0.0000	0.0000	0.0000	0.0000	0.0000	0.0000	0.0000	0.0000	0.0000	0.0000	0.0000	0.0000	0.0000	0.0000	0.0000	0.0000	0.0000	0.0000	0.0000	0.0000	0.0000	0.0000	0.0000	0.0000	0.0000	0.0000	0.0000	0.0000	0.0000	0.0000	0.0000	0.0000	0.0000	0.0000	0.0000	0.0000	0.0000	0.0000	0.0000	0.0000	0.0000	0.0000	0.0000	0.0000	0.0000											
28	79	0.1860	8	0	1	0	2	0	0	0	0	N	N	N	Y	N	N	N	N	N	N	N	N	0.0000	0.0000	0.0000	0.0000	0.0000	0.0000	0.0000	0.0000	0.0000	0.0000	0.0000	0.0000	0.0000	0.0000	0.0000	0.0000	0.0000	0.0000	0.0000	0.0000	0.0000	1.3861	0.0000	6.3168	0.0000	0.0000	0.0000	0.0000	0.0000	0.0000	0.0000	0.0000	0.0000	0.0000	0.0000	0.0000	0.0000	0.0000	0.0000	0.0000	0.0000	0.0000	0.0000	0.0000	0.0000	0.0000	0.0000	0.0000	0.0000	0.0000	0.0000	0.0000	0.0000	0.0000	0.0000	0.0000	0.0000	0.0000	0.0000	0.0000	0.0000	0.0000	0.0000	0.0000	0.0000	0.0000	0.0000	0.0000	0.0000	0.0000	0.0000	0.0000	0.0000	0.0000	0.0000	0.0000	0.0000	0.0000											
28	80	0.1265	7	0	1	0	2	0	0	0	0	N	N	N	Y	N	N	N	N	N	N	N	N	0.0000	0.0000	0.0000	0.0000	0.0000	0.0000	0.0000	0.0000	0.0000	0.0000	0.0000	0.0000	0.0000	0.0000	0.0000	0.0000	0.0000	0.0000	0.0000	0.0000	0.0000	4.0043	0.0000	19.8631	0.0000	0.0000	0.0000	0.0000	0.0000	0.0000	0.0000	0.0000	0.0000	0.0000	0.0000	0.0000	0.0000	0.0000	0.0000	0.0000	0.0000	0.0000	0.0000	0.0000	0.0000	0.0000	0.0000	0.0000	0.0000	0.0000	0.0000	0.0000	0.0000	0.0000	0.0000	0.0000	0.0000	0.0000	0.0000	0.0000	0.0000	0.0000	0.0000	0.0000	0.0000	0.0000	0.0000	0.0000	0.0000	0.0000	0.0000	0.0000	0.0000	0.0000	0.0000	0.0000	0.0000	0.0000											
28	81	0.6671	13	0	2	1	1	0	0	0	0	N	Y	N	N	N	N	N	N	N	N	N	N	0.0000	0.0000	0.0000	0.0000	0.0000	0.0000	0.0000	0.0000	0.0000	0.0000	0.0000	0.0000	0.0000	0.0000	0.0000	0.0000	0.0000	0.0000	0.0000	0.0000	0.0000	2.0162	0.0000	4.5500	0.0000	0.0000	0.0000	0.0000	0.0000	0.0000	0.0000	0.0000	0.0000	0.0000	0.0000	0.0000	0.0000	0.0000	0.0000	0.0000	0.0000	0.0000	0.0000	0.0000	0.0000	0.0000	0.0000	0.0000	0.0000	0.0000	0.0000	0.0000	0.0000	0.0000	0.0000	0.0000	0.0000	0.0000	0.0000	0.0000	0.0000	0.0000	0.0000	0.0000	0.0000	0.0000	0.0000	0.0000	0.0000	0.0000	0.0000	0.0000	0.0000	0.0000	0.0000	0.0000	0.0000	0.0000											
28	82	0.2345	11	0	2	1	1	0	0	0	0	N	Y	N	N	N	N	N	N	N	N	N	N	0.0000	0.0000	0.0000	0.0000	0.0000	0.0000	0.0000	0.0000	0.0000	0.0000	0.0000	0.0000	0.0000	0.0000	0.0000	0.0000	0.0000	0.0000	0.0000	0.0000	0.0000	3.0011	0.0000	3.7015	0.0000	0.0000	0.0000	0.0000	0.0000	0.0000	0.0000	0.0000	0.0000	0.0000	0.0000	0.0000	0.0000	0.0000	0.0000	0.0000	0.0000	0.0000	0.0000	0.0000	0.0000	0.0000	0.0000	0.0000	0.0000	0.0000	0.0000	0.0000	0.0000	0.0000	0.0000	0.0000	0.0000	0.0000	0.0000	0.0000	0.0000	0.0000	0.0000	0.0000	0.0000	0.0000	0.0000	0.0000	0.0000	0.0000	0.0000	0.0000	0.0000	0.0000	0.0000	0.0000	0.0000	0.0000											
28	83	0.2231	10	0	2	0	1	0	0	0	0	N	Y	N	N	N	N	N	N	N	N	N	N	0.0000	0.0000	0.0000	0.0000	0.0000	0.0000	0.0000	0.0000	0.0000	0.0000	0.0000	0.0000	0.0000	0.0000	0.0000	0.0000	0.0000	0.0000	0.0000	0.0000	0.0000	2.0032	0.0000	4.2039	0.0000	0.0000	0.0000	0.0000	0.0000	0.0000	0.0000	0.0000	0.0000	0.0000	0.0000	0.0000	0.0000	0.0000	0.0000	0.0000	0.0000	0.0000	0.0000	0.0000	0.0000	0.0000	0.0000	0.0000	0.0000	0.0000	0.0000	0.0000	0.0000	0.0000	0.0000	0.0000	0.0000	0.0000	0.0000	0.0000	0.0000	0.0000	0.0000	0.0000	0.0000	0.0000	0.0000	0.0000	0.0000	0.0000	0.0000	0.0000	0.0000	0.0000	0.0000	0.0000	0.0000	0.0000											
28	84	0.2199	10	1	1	1	1	0	0	0	0	N	N	N	N	N	N	N	N	N	N	N	N	0.0000	0.0000	0.0000	0.0000	0.0000	0.0000	0.0000	0.0000	0.0000	0.0000	0.0000	0.0000	0.0000	0.0000	0.0000	0.0000	0.0000	0.0000	0.0000	0.0000	0.0000	1.0052	0.0000	4.9545	0.0000	0.0000	0.0000	0.0000	0.0000	0.0000	0.0000	0.0000	0.0000	0.0000	0.0000	0.0000	0.0000	0.0000	0.0000	0.0000	0.0000	0.0000	0.0000	0.0000	0.0000	0.0000	0.0000	0.0000	0.0000	0.0000	0.0000	0.0000	0.0000	0.0000	0.0000	0.0000	0.0000	0.0000	0.0000	0.0000	0.0000	0.0000	0.0000	0.0000	0.0000	0.0000	0.0000	0.0000	0.0000	0.0000	0.0000	0.0000	0.0000	0.0000	0.0000	0.0000	0.0000	0.0000											
28	85	0.2005	9	1	1	1	1	0	0	0	0	N	N	N	N	N	N	N	N	N	N	N	N	0.0000	0.0000	0.0000	0.0000	0.0000	0.0000	0.0000	0.0000	0.0000	0.0000	0.0000	0.0000	0.0000	0.0000	0.0000	0.0000	0.0000	0.0000	0.0000	0.0000	0.0000	0.9968	0.0000	7.6169	0.0000	0.0000	0.0000	0.0000	0.0000	0.0000	0.0000	0.0000	0.0000	0.0000	0.0000	0.0000	0.0000	0.0000	0.0000	0.0000	0.0000	0.0000	0.0000	0.0000	0.0000	0.0000	0.0000	0.0000	0.0000	0.0000	0.0000	0.0000	0.0000	0.0000	0.0000	0.0000	0.0000	0.0000	0.0000	0.0000	0.0000	0.0000	0.0000	0.0000	0.0000	0.0000	0.0000	0.0000	0.0000	0.0000	0.0000	0.0000	0.0000	0.0000	0.0000	0.0000	0.0000	0.0000											
28	86	0.2205	8	1	2	0	1	0	0	0	0	N	Y	N	N	N	N	N	N	N	N	N	N	0.0000	0.0000	0.0000	0.0000	0.0000	0.0000	0.0000	0.0000	0.0000	0.0000	0.0000	0.0000	0.0000	0.0000	0.0000	0.0000	0.0000	0.0000	0.0000	0.0000	0.0000	5.8060	0.0000	6.1034	0.0000	0.0000	0.0000	0.0000	0.0000	0.0000	0.0000	0.0000	0.0000	0.0000	0.0000	0.0000	0.0000	0.0000	0.0000	0.0000	0.0000	0.0000	0.0000	0.0000	0.0000	0.0000	0.0000	0.0000	0.0000	0.0000	0.0000	0.0000	0.0000	0.0000	0.0000	0.0000	0.0000	0.0000	0.0000	0.0000	0.0000	0.0000	0.0000	0.0000	0.0000	0.0000	0.0000	0.0000	0.0000	0.0000	0.0000	0.0000	0.0000	0.0000	0.0000	0.0000	0.0000	0.0000											
28	87	0.1265	7	1	2	0	1	0	0	0	0	N	Y	N	N	N	N	N	N	N	N	N	N	0.0000	0.0000	0.0000	0.0000	0.0000	0.0000	0.0000	0.0000	0.0000	0.0000	0.0000	0.0000	0.0000	0.0000	0.0000	0.0000	0.0000	0.0000	0.0000	0.0000	0.0000	12.2869	0.0000	21.7146	0.0000	0.0000	0.0000	0.0000	0.0000	0.0000	0.0000	0.0000	0.0000	0.0000	0.0000	0.0000	0.0000	0.0000	0.0000	0.0000	0.0000	0.0000	0.0000	0.0000	0.0000	0.0000	0.0000	0.0000	0.0000	0.0000	0.0000	0.0000	0.0000	0.0000	0.0000	0.0000	0.0000	0.0000	0.0000	0.0000	0.0000	0.0000	0.0000	0.0000	0.0000	0.0000	0.0000	0.0000	0.0000	0.0000	0.0000	0.0000	0.0000	0.0000	0.0000	0.0000	0.0000	0.0000											
28	88	0.2231	10	0	2	0	1	0	0	0	0	N	Y	N	N	N	N	N	N	N	N	N	N	0.0000	0.0000	0.0000	0.0000	0.0000	0.0000	0.0000	0.0000	0.0000	0.0000	0.0000	0.0000	0.0000	0.0000	0.0000	0.0000	0.0000	0.0000	0.0000	0.0000	0.0000	4.0005	0.0000	9.0093	0.0000	0.0000	0.0000	0.0000	0.0000	0.0000	0.0000	0.0000	0.0000	0.0000	0.0000	0.0000	0.0000	0.0000	0.0000	0.0000	0.0000	0.0000	0.0000	0.0000	0.0000	0.0000	0.0000	0.0000	0.0000	0.0000	0.0000	0.0000	0.0000	0.0000	0.0000	0.0000	0.0000	0.0000	0.0000	0.0000	0.0000	0.0000	0.0000	0.0000	0.0000	0.0000	0.0000	0.0000	0.0000	0.0000	0.0000	0.0000	0.0000	0.0000	0.0000	0.0000	0.0000	0.0000											
28	89	0.2005	9	0	2	0	1	0	0	0	0	N	Y	N	N	N	N	N	N	N	N	N	N	0.0000	0.0000	0.0000	0.0000	0.0000	0.0000	0.0000	0.0000	0.0000	0.0000	0.0000	0.0000	0.0000	0.0000	0.0000	0.0000	0.0000	0.0000	0.0000	0.0000	0.0000	1.0051	0.0000	9.2650	0.0000	0.0000	0.0000	0.0000	0.0000	0.0000	0.0000	0.0000	0.0000	0.0000	0.0000	0.0000	0.0000	0.0000	0.0000	0.0000	0.0000	0.0000	0.0000	0.0000	0.0000	0.0000	0.0000	0.0000	0.0000	0.0000	0.0000	0.0000	0.0000	0.0000	0.0000	0.0000	0.0000	0.0000	0.0000	0.0000	0.0000	0.0000	0.0000	0.0000	0.0000	0.0000	0.0000	0.0000	0.0000	0.0000	0.0000	0.0000	0.0000	0.0000	0.0000	0.0000	0.0000	0.0000											
28	90	0.2489	9	0	1	1	1	0	0	0	0	N	N	N	N	N	N	N	N	N	N	N	N	0.0000	0.0000	0.0000	0.0000	0.0000	0.0000	0.0000	0.0000	0.0000	0.0000	0.0000	0.0000	0.0000	0.0000	0.0000	0.0000	0.0000	0.0000	0.0000	0.0000	0.0000	2.3559	0.0000	7.1930	0.0000	0.0000	0.0000	0.0000	0.0000	0.0000	0.0000	0.0000	0.0000	0.0000	0.0000	0.0000	0.0000	0.0000	0.0000	0.0000	0.0000	0.0000	0.0000	0.0000	0.0000	0.0000	0.0000	0.0000	0.0000	0.0000	0.0000	0.0000	0.0000	0.0000	0.0000	0.0000	0.0000	0.0000	0.0000	0.0000	0.0000	0.0000	0.0000	0.0000	0.0000	0.0000	0.0000	0.0000	0.0000	0.0000	0.0000	0.0000	0.0000	0.0000	0.0000	0.0000	0.0000	0.0000											
28	91	0.2161	8	0	1	0	1	0	0	0	0	N	N	N	N	N	N	N	N	N	N	N	N	0.0000	0.0000	0.0000	0.0000	0.0000	0.0000	0.0000	0.0000	0.0000	0.0000	0.0000	0.0000	0.0000	0.0000	0.0000	0.0000	0.0000	0.0000	0.0000	0.0000	0.0000	4.9284	0.0000	11.0439	0.0000	0.0000	0.0000	0.0000	0.0000	0.0000	0.0000	0.0000	0.0000	0.0000	0.0000	0.0000	0.0000	0.0000	0.0000	0.0000	0.0000	0.0000	0.0000	0.0000	0.0000	0.0000	0.0000	0.0000	0.0000	0.0000	0.0000	0.0000	0.0000	0.0000	0.0000	0.0000	0.0000	0.0000	0.0000	0.0000	0.0000	0.0000	0.0000	0.0000	0.0000	0.0000	0.0000	0.0000	0.0000	0.0000	0.0000	0.0000	0.0000	0.0000	0.0000	0.0000	0.0000	0.0000											
28	92	0.1265	7	0	1	0	1	0	0	0	0	N	N	N	N	N	N	N	N	N	N	N	N	0.0000	0.0000	0.0000	0.0000	0.0000	0.0000	0.0000	0.0000	0.0000	0.0000	0.0000	0.0000	0.0000	0.0000	0.0000	0.0000	0.0000	0.0000	0.0000	0.0000	0.0000	3.9161	0.0000	29.2065	0.0000	0.0000	0.0000	0.0000	0.0000	0.0000	0.0000	0.0000	0.0000	0.0000	0.0000	0.0000	0.0000	0.0000	0.0000	0.0000	0.0000	0.0000	0.0000	0.0000	0.0000	0.0000	0.0000	0.0000	0.0000	0.0000	0.0000	0.0000	0.0000	0.0000	0.0000	0.0000	0.0000	0.0000	0.0000	0.0000	0.0000	0.0000	0.0000	0.0000	0.0000	0.0000	0.0000	0.0000	0.0000	0.0000	0.0000	0.0000	0.0000	0.0000	0.0000	0.0000	0.0000	0.0000											
28	93	0.6671	13	1	2	0	1	0	0	0	0	N	Y	N	N	N	N	N	N	N	N	N	N	0.0000	0.0000	0.0000	0.0000	0.0000	0.0000	0.0000	0.0000	0.0000	0.0000	0.0000	0.0000	0.0000	0.0000	0.0000	0.0000	0.0000	0.0000	0.0000	0.0000	0.0000	2.5103	0.0000	7.4742	0.0000	0.0000	0.0000	0.0000	0.0000	0.0000	0.0000	0.0000	0.0000	0.0000	0.0000	0.0000	0.0000	0.0000	0.0000	0.0000	0.0000	0.0000	0.0000	0.0000	0.0000	0.0000	0.0000	0.0000	0.0000	0.0000	0.0000	0.0000	0.0000	0.0000	0.0000	0.0000	0.0000	0.0000	0.0000	0.0000	0.0000	0.0000	0.0000	0.0000	0.0000	0.0000	0.0000	0.0000	0.0000	0.0000	0.0000	0.0000	0.0000	0.0000	0.0000	0.0000	0.0000	0.0000											
28	94	0.6308	12	0	2	0	1	0	0	0	0	N	Y	N	N	N	N	N	N	N	N	N	N	0.0000	0.0000	0.0000	0.0000	0.0000	0.0000	0.0000	0.0000	0.0000	0.0000	0.0000	0.0000	0.0000	0.0000	0.0000	0.0000	0.0000	0.0000	0.0000	0.0000	0.0000	7.1305	0.0000	3.2426	0.0000	0.0000	0.0000	0.0000	0.0000	0.0000	0.0000	0.0000	0.0000	0.0000	0.0000	0.0000	0.0000	0.0000	0.0000	0.0000	0.0000	0.0000	0.0000	0.0000	0.0000	0.0000	0.0000	0.0000	0.0000	0.0000	0.0000	0.0000	0.0000	0.0000	0.0000	0.0000	0.0000	0.0000	0.0000	0.0000	0.0000	0.0000	0.0000	0.0000	0.0000	0.0000	0.0000	0.0000	0.0000	0.0000	0.0000	0.0000	0.0000	0.0000	0.0000	0.0000	0.0000	0.0000											
28	95	0.2005	9	1	2	0	1	0	0	0	0	N	Y	N	N	N	N	N	N	N	N	N	N	0.0000	0.0000	0.0000	0.0000	0.0000	0.0000	0.0000	0.0000	0.0000	0.0000	0.0000	0.0000	0.0000	0.0000	0.0000	0.0000	0.0000	0.0000	0.0000	0.0000	0.0000	8.0000	0.0000	22.5660	0.0000	0.0000	0.0000	0.0000	0.0000	0.0000	0.0000	0.0000	0.0000	0.0000	0.0000	0.0000	0.0000	0.0000	0.0000	0.0000	0.0000	0.0000	0.0000	0.0000	0.0000	0.0000	0.0000	0.0000	0.0000	0.0000	0.0000	0.0000	0.0000	0.0000	0.0000	0.0000	0.0000	0.0000	0.0000	0.0000	0.0000	0.0000	0.0000	0.0000	0.0000	0.0000	0.0000	0.0000	0.0000	0.0000	0.0000	0.0000	0.0000	0.0000	0.0000	0.0000	0.0000	0.0000											
28	96	0.1265	7	0	1	0	1	0	0	0	0	N	N	N	N	N	N	N	N	N	N	N	N	0.0000	0.0000	0.0000	0.0000	0.0000	0.0000	0.0000	0.0000	0.0000	0.0000	0.0000	0.0000	0.0000	0.0000	0.0000	0.0000	0.0000	0.0000	0.0000	0.0000	0.0000	11.9964	0.0000	18.8414	0.0000	0.0000	0.0000	0.0000	0.0000	0.0000	0.0000	0.0000	0.0000	0.0000	0.0000	0.0000	0.0000	0.0000	0.0000	0.0000	0.0000	0.0000	0.0000	0.0000	0.0000	0.0000	0.0000	0.0000	0.0000	0.0000	0.0000	0.0000	0.0000	0.0000	0.0000	0.0000	0.0000	0.0000	0.0000	0.0000	0.0000	0.0000	0.0000	0.0000	0.0000	0.0000	0.0000	0.0000	0.0000	0.0000	0.0000	0.0000	0.0000	0.0000	0.0000	0.0000	0.0000	0.0000											
28	98	0.2310	11	1	2	1	1	0	0	0	0	N	Y	N	N	N	N	N	N	N	N	N	N	0.0000	0.0000	0.0000	0.0000	0.0000	0.0000	0.0000	0.0000	0.0000	0.0000	0.0000	0.0000	0.0000	0.0000	0.0000	0.0000	0.0000	0.0000	0.0000	0.0000	0.0000	0.9502	0.0000	16.1595	0.0000	0.0000	0.0000	0.0000	0.0000	0.0000	0.0000	0.0000	0.0000	0.0000	0.0000	0.0000	0.0000	0.0000	0.0000	0.0000	0.0000	0.0000	0.0000	0.0000	0.0000	0.0000	0.0000	0.0000	0.0000	0.0000	0.0000	0.0000	0.0000	0.0000	0.0000	0.0000	0.0000	0.0000	0.0000	0.0000	0.0000	0.0000	0.0000	0.0000	0.0000	0.0000	0.0000	0.0000	0.0000	0.0000	0.0000	0.0000	0.0000	0.0000	0.0000	0.0000	0.0000	0.0000											
28	99	0.1265	7	0	2	0	1	0	0	0	0	N	Y	N	N	N	N	N	N	N	N	N	N	0.0000	0.0000	0.0000	0.0000	0.0000	0.0000	0.0000	0.0000	0.0000	0.0000	0.0000	0.0000	0.0000	0.0000	0.0000	0.0000	0.0000	0.0000	0.0000	0.0000	0.0000	11.9964	0.0000	15.6499	0.0000	0.0000	0.0000	0.0000	0.0000	0.0000	0.0000	0.0000	0.0000	0.0000	0.0000	0.0000	0.0000	0.0000	0.0000	0.0000	0.0000	0.0000	0.0000	0.0000	0.0000	0.0000	0.0000	0.0000	0.0000	0.0000	0.0000	0.0000	0.0000	0.0000	0.0000	0.0000	0.0000	0.0000	0.0000	0.0000	0.0000	0.0000	0.0000	0.0000	0.0000	0.0000	0.0000	0.0000	0.0000	0.0000	0.0000	0.0000	0.0000	0.0000	0.0000	0.0000	0.0000	0.0000											
28	100	0.2340	12	1	1	1	1	0	0	0	0	N	N	N	N	N	N	N	N	N	N	N	N	0.0000	0.0000	0.0000	0.0000	0.0000	0.0000	0.0000	0.0000	0.0000	0.0000	0.0000	0.0000	0.0000	0.0000	0.0000	0.0000	0.0000	0.0000	0.0000	0.0000	0.0000	1.0008	0.0000	13.9255	0.0000	0.0000	0.0000	0.0000	0.0000	0.0000	0.0000	0.0000	0.0000	0.0000	0.0000	0.0000	0.0000	0.0000	0.0000	0.0000	0.0000	0.0000	0.0000	0.0000	0.0000	0.0000	0.0000	0.0000	0.0000	0.0000	0.0000	0.0000	0.0000	0.0000	0.0000	0.0000	0.0000	0.0000	0.0000	0.0000	0.0000	0.0000	0.0000	0.0000	0.0000	0.0000	0.0000	0.0000	0.0000	0.0000	0.0000	0.0000	0.0000	0.0000	0.0000	0.0000	0.0000	0.0000											
28	101	0.2310	11	1	1	1	1	0	0	0	0	N	N	N	N	N	N	N	N	N	N	N	N	0.0000	0.0000	0.0000	0.0000	0.0000	0.0000	0.0000	0.0000	0.0000	0.0000	0.0000	0.0000	0.0000	0.0000	0.0000	0.0000	0.0000	0.0000	0.0000	0.0000	0.0000	0.0532	0.0000	2.0467	0.0000	0.0000	0.0000	0.0000	0.0000	0.0000	0.0000	0.0000	0.0000	0.0000	0.0000	0.0000	0.0000	0.0000	0.0000	0.0000	0.0000	0.0000	0.0000	0.0000	0.0000	0.0000	0.0000	0.0000	0.0000	0.0000	0.0000	0.0000	0.0000	0.0000	0.0000	0.0000	0.0000	0.0000	0.0000	0.0000	0.0000	0.0000	0.0000	0.0000	0.0000	0.0000	0.0000	0.0000	0.0000	0.0000	0.0000	0.0000	0.0000	0.0000	0.0000	0.0000	0.0000	0.0000											
28	102	0.2213	10	1	1	1	1	0	0	0	0	N	N	N	N	N	N	N	N	N	N	N	N	0.0000	0.0000	0.0000	0.0000	0.0000	0.0000	0.0000	0.0000	0.0000	0.0000	0.0000	0.0000	0.0000	0.0000	0.0000	0.0000	0.0000	0.0000	0.0000	0.0000	0.0000	2.0948	0.0000	3.0326	0.0000	0.0000	0.0000	0.0000	0.0000	0.0000	0.0000	0.0000	0.0000	0.0000	0.0000	0.0000	0.0000	0.0000	0.0000	0.0000	0.0000	0.0000	0.0000	0.0000	0.0000	0.0000	0.0000	0.0000	0.0000	0.0000	0.0000	0.0000	0.0000	0.0000	0.0000	0.0000	0.0000	0.0000	0.0000	0.0000	0.0000	0.0000	0.0000	0.0000	0.0000	0.0000	0.0000	0.0000	0.0000	0.0000	0.0000	0.0000	0.0000	0.0000	0.0000	0.0000	0.0000	0.0000											
28	103	0.2005	9	1	1	1	1	0	0	0	0	N	N	N	N	N	N	N	N	N	N	N	N	0.0000	0.0000	0.0000	0.0000	0.0000	0.0000	0.0000	0.0000	0.0000	0.0000	0.0000	0.0000	0.0000	0.0000	0.0000	0.0000	0.0000	0.0000	0.0000	0.0000	0.0000	3.9484	0.0000	4.8420	0.0000	0.0000	0.0000	0.0000	0.0000	0.0000	0.0000	0.0000	0.0000	0.0000	0.0000	0.0000	0.0000	0.0000	0.0000	0.0000	0.0000	0.0000	0.0000	0.0000	0.0000	0.0000	0.0000	0.0000	0.0000	0.0000	0.0000	0.0000	0.0000	0.0000	0.0000	0.0000	0.0000	0.0000	0.0000	0.0000	0.0000	0.0000	0.0000	0.0000	0.0000	0.0000	0.0000	0.0000	0.0000	0.0000	0.0000	0.0000	0.0000	0.0000	0.0000	0.0000	0.0000	0.0000											
28	104	0.1589	8	0	2	0	1	0	0	0	0	N	Y	N	N	N	N	N	N	N	N	N	N	0.0000	0.0000	0.0000	0.0000	0.0000	0.0000	0.0000	0.0000	0.0000	0.0000	0.0000	0.0000	0.0000	0.0000	0.0000	0.0000	0.0000	0.0000	0.0000	0.0000	0.0000	8.9557	0.0000	32.3127	0.0000	0.0000	0.0000	0.0000	0.0000	0.0000	0.0000	0.0000	0.0000	0.0000	0.0000	0.0000	0.0000	0.0000	0.0000	0.0000	0.0000	0.0000	0.0000	0.0000	0.0000	0.0000	0.0000	0.0000	0.0000	0.0000	0.0000	0.0000	0.0000	0.0000	0.0000	0.0000	0.0000	0.0000	0.0000	0.0000	0.0000	0.0000	0.0000	0.0000	0.0000	0.0000	0.0000	0.0000	0.0000	0.0000	0.0000	0.0000	0.0000	0.0000	0.0000	0.0000	0.0000	0.0000											
28	105	0.1843	9	0	1	1	1	0	0	0	0	N	N	N	N	N	N	N	N	N	N	N	N	0.0000	0.0000	0.0000	0.0000	0.0000	0.0000	0.0000	0.0000	0.0000	0.0000	0.0000	0.0000	0.0000	0.0000	0.0000	0.0000	0.0000	0.0000	0.0000	0.0000	0.0000	4.2679	0.0000	7.8415	0.0000	0.0000	0.0000	0.0000	0.0000	0.0000	0.0000	0.0000	0.0000	0.0000	0.0000	0.0000	0.0000	0.0000	0.0000	0.0000	0.0000	0.0000	0.0000	0.0000	0.0000	0.0000	0.0000	0.0000	0.0000	0.0000	0.0000	0.0000	0.0000	0.0000	0.0000	0.0000	0.0000	0.0000	0.0000	0.0000	0.0000	0.0000	0.0000	0.0000	0.0000	0.0000	0.0000	0.0000	0.0000	0.0000	0.0000	0.0000	0.0000	0.0000	0.0000	0.0000	0.0000	0.0000											
28	106	0.1589	8	0	1	0	1	0	0	0	0	N	N	N	N	N	N	N	N	N	N	N	N	0.0000	0.0000	0.0000	0.0000	0.0000	0.0000	0.0000	0.0000	0.0000	0.0000	0.0000	0.0000	0.0000	0.0000	0.0000	0.0000	0.0000	0.0000	0.0000	0.0000	0.0000	1.9301	0.0000	9.0954	0.0000	0.0000	0.0000	0.0000	0.0000	0.0000	0.0000	0.0000	0.0000	0.0000	0.0000	0.0000	0.0000	0.0000	0.0000	0.0000	0.0000	0.0000	0.0000	0.0000	0.0000	0.0000	0.0000	0.0000	0.0000	0.0000	0.0000	0.0000	0.0000	0.0000	0.0000	0.0000	0.0000	0.0000	0.0000	0.0000	0.0000	0.0000	0.0000	0.0000	0.0000	0.0000	0.0000	0.0000	0.0000	0.0000	0.0000	0.0000	0.0000	0.0000	0.0000	0.0000	0.0000	0.0000											
28	107	0.1265	7	0	1	0	1	0	0	0	0	N	N	N	N	N	N	N	N	N	N	N	N	0.0000	0.0000	0.0000	0.0000	0.0000	0.0000	0.0000	0.0000	0.0000	0.0000	0.0000	0.0000	0.0000	0.0000	0.0000	0.0000	0.0000	0.0000	0.0000	0.0000	0.0000	3.9049	0.0000	9.6098	0.0000	0.0000	0.0000	0.0000	0.0000	0.0000	0.0000	0.0000	0.0000	0.0000	0.0000	0.0000	0.0000	0.0000	0.0000	0.0000	0.0000	0.0000	0.0000	0.0000	0.0000	0.0000	0.0000	0.0000	0.0000	0.0000	0.0000	0.0000	0.0000	0.0000	0.0000	0.0000	0.0000	0.0000	0.0000	0.0000	0.0000	0.0000	0.0000	0.0000	0.0000	0.0000	0.0000	0.0000	0.0000	0.0000	0.0000	0.0000	0.0000	0.0000	0.0000	0.0000	0.0000	0.0000											
28	108	0.1477	9	0	2	0	1	0	0	0	0	N	Y	N	N	N	N	N	N	N	N	N	N	0.0000	0.0000	0.0000	0.0000	0.0000	0.0000	0.0000	0.0000	0.0000	0.0000	0.0000	0.0000	0.0000	0.0000	0.0000	0.0000	0.0000	0.0000	0.0000	0.0000	0.0000	8.0392	0.0000	22.6195	0.0000	0.0000	0.0000	0.0000	0.0000	0.0000	0.0000	0.0000	0.0000	0.0000	0.0000	0.0000	0.0000	0.0000	0.0000	0.0000	0.0000	0.0000	0.0000	0.0000	0.0000	0.0000	0.0000	0.0000	0.0000	0.0000	0.0000	0.0000	0.0000	0.0000	0.0000	0.0000	0.0000	0.0000	0.0000	0.0000	0.0000	0.0000	0.0000	0.0000	0.0000	0.0000	0.0000	0.0000	0.0000	0.0000	0.0000	0.0000	0.0000	0.0000	0.0000	0.0000	0.0000	0.0000											
28	109	0.1477	8	0	1	0	1	0	0	0	0	N	N	N	N	N	N	N	N	N	N	N	N	0.0000	0.0000	0.0000	0.0000	0.0000	0.0000	0.0000	0.0000	0.0000	0.0000	0.0000	0.0000	0.0000	0.0000	0.0000	0.0000	0.0000	0.0000	0.0000	0.0000	0.0000	0.2031	0.0000	2.0398	0.0000	0.0000	0.0000	0.0000	0.0000	0.0000	0.0000	0.0000	0.0000	0.0000	0.0000	0.0000	0.0000	0.0000	0.0000	0.0000	0.0000	0.0000	0.0000	0.0000	0.0000	0.0000	0.0000	0.0000	0.0000	0.0000	0.0000	0.0000	0.0000	0.0000	0.0000	0.0000	0.0000	0.0000	0.0000	0.0000	0.0000	0.0000	0.0000	0.0000	0.0000	0.0000	0.0000	0.0000	0.0000	0.0000	0.0000	0.0000	0.0000	0.0000	0.0000	0.0000	0.0000	0.0000											
28	110	0.7282	14	1	1	1	1	0	0	0	0	N	N	N	N	N	N	N	N	N	N	N	N	0.0000	0.0000	0.0000	0.0000	0.0000	0.0000	0.0000	0.0000	0.0000	0.0000	0.0000	0.0000	0.0000	0.0000	0.0000	0.0000	0.0000	0.0000	0.0000	0.0000	0.0000	0.0001	0.0000	0.0001	0.0000	0.0000	0.0000	0.0000	0.0000	0.0000	0.0000	0.0000	0.0000	0.0000	0.0000	0.0000	0.0000	0.0000	0.0000	0.0000	0.0000	0.0000	0.0000	0.0000	0.0000	0.0000	0.0000	0.0000	0.0000	0.0000	0.0000	0.0000	0.0000	0.0000	0.0000	0.0000	0.0000	0.0000	0.0000	0.0000	0.0000	0.0000	0.0000	0.0000	0.0000	0.0000	0.0000	0.0000	0.0000	0.0000	0.0000	0.0000	0.0000	0.0000	0.0000	0.0000	0.0000	0.0000											
28	111	0.7144	13	1	1	1	1	0	0	0	0	N	N	N	N	N	N	N	N	N	N	N	N	0.0000	0.0000	0.0000	0.0000	0.0000	0.0000	0.0000	0.0000	0.0000	0.0000	0.0000	0.0000	0.0000	0.0000	0.0000	0.0000	0.0000	0.0000	0.0000	0.0000	0.0000	1.6718	0.0000	2.9223	0.0000	0.0000	0.0000	0.0000	0.0000	0.0000	0.0000	0.0000	0.0000	0.0000	0.0000	0.0000	0.0000	0.0000	0.0000	0.0000	0.0000	0.0000	0.0000	0.0000	0.0000	0.0000	0.0000	0.0000	0.0000	0.0000	0.0000	0.0000	0.0000	0.0000	0.0000	0.0000	0.0000	0.0000	0.0000	0.0000	0.0000	0.0000	0.0000	0.0000	0.0000	0.0000	0.0000	0.0000	0.0000	0.0000	0.0000	0.0000	0.0000	0.0000	0.0000	0.0000	0.0000	0.0000											
28	112	0.6308	12	1	1	1	1	0	0	0	0	N	N	N	N	N	N	N	N	N	N	N	N	0.0000	0.0000	0.0000	0.0000	0.0000	0.0000	0.0000	0.0000	0.0000	0.0000	0.0000	0.0000	0.0000	0.0000	0.0000	0.0000	0.0000	0.0000	0.0000	0.0000	0.0000	14.0283	0.0000	7.1084	0.0000	0.0000	0.0000	0.0000	0.0000	0.0000	0.0000	0.0000	0.0000	0.0000	0.0000	0.0000	0.0000	0.0000	0.0000	0.0000	0.0000	0.0000	0.0000	0.0000	0.0000	0.0000	0.0000	0.0000	0.0000	0.0000	0.0000	0.0000	0.0000	0.0000	0.0000	0.0000	0.0000	0.0000	0.0000	0.0000	0.0000	0.0000	0.0000	0.0000	0.0000	0.0000	0.0000	0.0000	0.0000	0.0000	0.0000	0.0000	0.0000	0.0000	0.0000	0.0000	0.0000	0.0000											
28	113	0.5706	11	0	1	0	1	0	0	0	0	N	N	N	N	N	N	N	N	N	N	N	N	0.0000	0.0000	0.0000	0.0000	0.0000	0.0000	0.0000	0.0000	0.0000	0.0000	0.0000	0.0000	0.0000	0.0000	0.0000	0.0000	0.0000	0.0000	0.0000	0.0000	0.0000	8.6129	0.0000	5.1709	0.0000	0.0000	0.0000	0.0000	0.0000	0.0000	0.0000	0.0000	0.0000	0.0000	0.0000	0.0000	0.0000	0.0000	0.0000	0.0000	0.0000	0.0000	0.0000	0.0000	0.0000	0.0000	0.0000	0.0000	0.0000	0.0000	0.0000	0.0000	0.0000	0.0000	0.0000	0.0000	0.0000	0.0000	0.0000	0.0000	0.0000	0.0000	0.0000	0.0000	0.0000	0.0000	0.0000	0.0000	0.0000	0.0000	0.0000	0.0000	0.0000	0.0000	0.0000	0.0000	0.0000	0.0000											
28	114	0.4755	10	0	1	0	1	0	0	0	0	N	N	N	N	N	N	N	N	N	N	N	N	0.0000	0.0000	0.0000	0.0000	0.0000	0.0000	0.0000	0.0000	0.0000	0.0000	0.0000	0.0000	0.0000	0.0000	0.0000	0.0000	0.0000	0.0000	0.0000	0.0000	0.0000	16.8607	0.0000	22.7724	0.0000	0.0000	0.0000	0.0000	0.0000	0.0000	0.0000	0.0000	0.0000	0.0000	0.0000	0.0000	0.0000	0.0000	0.0000	0.0000	0.0000	0.0000	0.0000	0.0000	0.0000	0.0000	0.0000	0.0000	0.0000	0.0000	0.0000	0.0000	0.0000	0.0000	0.0000	0.0000	0.0000	0.0000	0.0000	0.0000	0.0000	0.0000	0.0000	0.0000	0.0000	0.0000	0.0000	0.0000	0.0000	0.0000	0.0000	0.0000	0.0000	0.0000	0.0000	0.0000	0.0000	0.0000											
28	115	0.2067	9	1	1	1	1	0	0	0	0	N	N	N	N	N	N	N	N	N	N	N	N	0.0000	0.0000	0.0000	0.0000	0.0000	0.0000	0.0000	0.0000	0.0000	0.0000	0.0000	0.0000	0.0000	0.0000	0.0000	0.0000	0.0000	0.0000	0.0000	0.0000	0.0000	1.0009	0.0000	4.0038	0.0000	0.0000	0.0000	0.0000	0.0000	0.0000	0.0000	0.0000	0.0000	0.0000	0.0000	0.0000	0.0000	0.0000	0.0000	0.0000	0.0000	0.0000	0.0000	0.0000	0.0000	0.0000	0.0000	0.0000	0.0000	0.0000	0.0000	0.0000	0.0000	0.0000	0.0000	0.0000	0.0000	0.0000	0.0000	0.0000	0.0000	0.0000	0.0000	0.0000	0.0000	0.0000	0.0000	0.0000	0.0000	0.0000	0.0000	0.0000	0.0000	0.0000	0.0000	0.0000	0.0000	0.0000											
28	116	0.1784	8	1	1	1	1	0	0	0	0	N	N	N	N	N	N	N	N	N	N	N	N	0.0000	0.0000	0.0000	0.0000	0.0000	0.0000	0.0000	0.0000	0.0000	0.0000	0.0000	0.0000	0.0000	0.0000	0.0000	0.0000	0.0000	0.0000	0.0000	0.0000	0.0000	1.8441	0.0000	10.4794	0.0000	0.0000	0.0000	0.0000	0.0000	0.0000	0.0000	0.0000	0.0000	0.0000	0.0000	0.0000	0.0000	0.0000	0.0000	0.0000	0.0000	0.0000	0.0000	0.0000	0.0000	0.0000	0.0000	0.0000	0.0000	0.0000	0.0000	0.0000	0.0000	0.0000	0.0000	0.0000	0.0000	0.0000	0.0000	0.0000	0.0000	0.0000	0.0000	0.0000	0.0000	0.0000	0.0000	0.0000	0.0000	0.0000	0.0000	0.0000	0.0000	0.0000	0.0000	0.0000	0.0000	0.0000											
28	117	0.3627	8	0	2	0	2	0	0	0	0	N	Y	N	Y	N	N	N	N	N	N	N	N	0.0000	0.0000	0.0000	0.0000	0.0000	0.0000	0.0000	0.0000	0.0000	0.0000	0.0000	0.0000	0.0000	0.0000	0.0000	0.0000	0.0000	0.0000	0.0000	0.0000	0.0000	10.5071	0.0000	20.2622	0.0000	0.0000	0.0000	0.0000	0.0000	0.0000	0.0000	0.0000	0.0000	0.0000	0.0000	0.0000	0.0000	0.0000	0.0000	0.0000	0.0000	0.0000	0.0000	0.0000	0.0000	0.0000	0.0000	0.0000	0.0000	0.0000	0.0000	0.0000	0.0000	0.0000	0.0000	0.0000	0.0000	0.0000	0.0000	0.0000	0.0000	0.0000	0.0000	0.0000	0.0000	0.0000	0.0000	0.0000	0.0000	0.0000	0.0000	0.0000	0.0000	0.0000	0.0000	0.0000	0.0000	0.0000											
28	118	0.1265	7	0	2	0	2	0	0	0	0	N	Y	N	Y	N	N	N	N	N	N	N	N	0.0000	0.0000	0.0000	0.0000	0.0000	0.0000	0.0000	0.0000	0.0000	0.0000	0.0000	0.0000	0.0000	0.0000	0.0000	0.0000	0.0000	0.0000	0.0000	0.0000	0.0000	4.0036	0.0000	26.5072	0.0000	0.0000	0.0000	0.0000	0.0000	0.0000	0.0000	0.0000	0.0000	0.0000	0.0000	0.0000	0.0000	0.0000	0.0000	0.0000	0.0000	0.0000	0.0000	0.0000	0.0000	0.0000	0.0000	0.0000	0.0000	0.0000	0.0000	0.0000	0.0000	0.0000	0.0000	0.0000	0.0000	0.0000	0.0000	0.0000	0.0000	0.0000	0.0000	0.0000	0.0000	0.0000	0.0000	0.0000	0.0000	0.0000	0.0000	0.0000	0.0000	0.0000	0.0000	0.0000	0.0000	0.0000											
28	119	0.0881	6	0	2	0	1	0	0	0	0	N	Y	N	N	N	N	N	N	N	N	N	N	0.0000	0.0000	0.0000	0.0000	0.0000	0.0000	0.0000	0.0000	0.0000	0.0000	0.0000	0.0000	0.0000	0.0000	0.0000	0.0000	0.0000	0.0000	0.0000	0.0000	0.0000	3.8169	0.0000	21.2433	0.0000	0.0000	0.0000	0.0000	0.0000	0.0000	0.0000	0.0000	0.0000	0.0000	0.0000	0.0000	0.0000	0.0000	0.0000	0.0000	0.0000	0.0000	0.0000	0.0000	0.0000	0.0000	0.0000	0.0000	0.0000	0.0000	0.0000	0.0000	0.0000	0.0000	0.0000	0.0000	0.0000	0.0000	0.0000	0.0000	0.0000	0.0000	0.0000	0.0000	0.0000	0.0000	0.0000	0.0000	0.0000	0.0000	0.0000	0.0000	0.0000	0.0000	0.0000	0.0000	0.0000	0.0000											
28	120	0.5107	12	0	2	0	1	0	0	0	0	N	Y	N	N	N	N	N	N	N	N	N	N	0.0000	0.0000	0.0000	0.0000	0.0000	0.0000	0.0000	0.0000	0.0000	0.0000	0.0000	0.0000	0.0000	0.0000	0.0000	0.0000	0.0000	0.0000	0.0000	0.0000	0.0000	16.3276	0.0000	34.9199	0.0000	0.0000	0.0000	0.0000	0.0000	0.0000	0.0000	0.0000	0.0000	0.0000	0.0000	0.0000	0.0000	0.0000	0.0000	0.0000	0.0000	0.0000	0.0000	0.0000	0.0000	0.0000	0.0000	0.0000	0.0000	0.0000	0.0000	0.0000	0.0000	0.0000	0.0000	0.0000	0.0000	0.0000	0.0000	0.0000	0.0000	0.0000	0.0000	0.0000	0.0000	0.0000	0.0000	0.0000	0.0000	0.0000	0.0000	0.0000	0.0000	0.0000	0.0000	0.0000	0.0000	0.0000											
28	121	0.4933	11	0	2	0	1	0	0	0	0	N	Y	N	N	N	N	N	N	N	N	N	N	0.0000	0.0000	0.0000	0.0000	0.0000	0.0000	0.0000	0.0000	0.0000	0.0000	0.0000	0.0000	0.0000	0.0000	0.0000	0.0000	0.0000	0.0000	0.0000	0.0000	0.0000	6.1757	0.0000	14.5601	0.0000	0.0000	0.0000	0.0000	0.0000	0.0000	0.0000	0.0000	0.0000	0.0000	0.0000	0.0000	0.0000	0.0000	0.0000	0.0000	0.0000	0.0000	0.0000	0.0000	0.0000	0.0000	0.0000	0.0000	0.0000	0.0000	0.0000	0.0000	0.0000	0.0000	0.0000	0.0000	0.0000	0.0000	0.0000	0.0000	0.0000	0.0000	0.0000	0.0000	0.0000	0.0000	0.0000	0.0000	0.0000	0.0000	0.0000	0.0000	0.0000	0.0000	0.0000	0.0000	0.0000	0.0000											
28	122	0.4403	10	0	1	0	1	0	0	0	0	N	N	N	N	N	N	N	N	N	N	N	N	0.0000	0.0000	0.0000	0.0000	0.0000	0.0000	0.0000	0.0000	0.0000	0.0000	0.0000	0.0000	0.0000	0.0000	0.0000	0.0000	0.0000	0.0000	0.0000	0.0000	0.0000	7.5400	0.0000	21.4192	0.0000	0.0000	0.0000	0.0000	0.0000	0.0000	0.0000	0.0000	0.0000	0.0000	0.0000	0.0000	0.0000	0.0000	0.0000	0.0000	0.0000	0.0000	0.0000	0.0000	0.0000	0.0000	0.0000	0.0000	0.0000	0.0000	0.0000	0.0000	0.0000	0.0000	0.0000	0.0000	0.0000	0.0000	0.0000	0.0000	0.0000	0.0000	0.0000	0.0000	0.0000	0.0000	0.0000	0.0000	0.0000	0.0000	0.0000	0.0000	0.0000	0.0000	0.0000	0.0000	0.0000	0.0000											
28	123	0.2005	9	0	2	0	1	0	0	0	0	N	Y	N	N	N	N	N	N	N	N	N	N	0.0000	0.0000	0.0000	0.0000	0.0000	0.0000	0.0000	0.0000	0.0000	0.0000	0.0000	0.0000	0.0000	0.0000	0.0000	0.0000	0.0000	0.0000	0.0000	0.0000	0.0000	4.0019	0.0000	19.5615	0.0000	0.0000	0.0000	0.0000	0.0000	0.0000	0.0000	0.0000	0.0000	0.0000	0.0000	0.0000	0.0000	0.0000	0.0000	0.0000	0.0000	0.0000	0.0000	0.0000	0.0000	0.0000	0.0000	0.0000	0.0000	0.0000	0.0000	0.0000	0.0000	0.0000	0.0000	0.0000	0.0000	0.0000	0.0000	0.0000	0.0000	0.0000	0.0000	0.0000	0.0000	0.0000	0.0000	0.0000	0.0000	0.0000	0.0000	0.0000	0.0000	0.0000	0.0000	0.0000	0.0000	0.0000											
28	124	0.1784	8	0	1	0	1	0	0	0	0	N	N	N	N	N	N	N	N	N	N	N	N	0.0000	0.0000	0.0000	0.0000	0.0000	0.0000	0.0000	0.0000	0.0000	0.0000	0.0000	0.0000	0.0000	0.0000	0.0000	0.0000	0.0000	0.0000	0.0000	0.0000	0.0000	1.2223	0.0000	8.2281	0.0000	0.0000	0.0000	0.0000	0.0000	0.0000	0.0000	0.0000	0.0000	0.0000	0.0000	0.0000	0.0000	0.0000	0.0000	0.0000	0.0000	0.0000	0.0000	0.0000	0.0000	0.0000	0.0000	0.0000	0.0000	0.0000	0.0000	0.0000	0.0000	0.0000	0.0000	0.0000	0.0000	0.0000	0.0000	0.0000	0.0000	0.0000	0.0000	0.0000	0.0000	0.0000	0.0000	0.0000	0.0000	0.0000	0.0000	0.0000	0.0000	0.0000	0.0000	0.0000	0.0000	0.0000											
28	125	0.1265	7	0	1	0	1	0	0	0	0	N	N	N	N	N	N	N	N	N	N	N	N	0.0000	0.0000	0.0000	0.0000	0.0000	0.0000	0.0000	0.0000	0.0000	0.0000	0.0000	0.0000	0.0000	0.0000	0.0000	0.0000	0.0000	0.0000	0.0000	0.0000	0.0000	5.9920	0.0000	12.2976	0.0000	0.0000	0.0000	0.0000	0.0000	0.0000	0.0000	0.0000	0.0000	0.0000	0.0000	0.0000	0.0000	0.0000	0.0000	0.0000	0.0000	0.0000	0.0000	0.0000	0.0000	0.0000	0.0000	0.0000	0.0000	0.0000	0.0000	0.0000	0.0000	0.0000	0.0000	0.0000	0.0000	0.0000	0.0000	0.0000	0.0000	0.0000	0.0000	0.0000	0.0000	0.0000	0.0000	0.0000	0.0000	0.0000	0.0000	0.0000	0.0000	0.0000	0.0000	0.0000	0.0000	0.0000											
28	126	0.1637	9	0	2	0	1	0	0	0	0	N	Y	N	N	N	N	N	N	N	N	N	N	0.0000	0.0000	0.0000	0.0000	0.0000	0.0000	0.0000	0.0000	0.0000	0.0000	0.0000	0.0000	0.0000	0.0000	0.0000	0.0000	0.0000	0.0000	0.0000	0.0000	0.0000	5.0407	0.0000	17.1705	0.0000	0.0000	0.0000	0.0000	0.0000	0.0000	0.0000	0.0000	0.0000	0.0000	0.0000	0.0000	0.0000	0.0000	0.0000	0.0000	0.0000	0.0000	0.0000	0.0000	0.0000	0.0000	0.0000	0.0000	0.0000	0.0000	0.0000	0.0000	0.0000	0.0000	0.0000	0.0000	0.0000	0.0000	0.0000	0.0000	0.0000	0.0000	0.0000	0.0000	0.0000	0.0000	0.0000	0.0000	0.0000	0.0000	0.0000	0.0000	0.0000	0.0000	0.0000	0.0000	0.0000	0.0000											
28	127	0.1477	8	0	2	0	1	0	0	0	0	N	Y	N	N	N	N	N	N	N	N	N	N	0.0000	0.0000	0.0000	0.0000	0.0000	0.0000	0.0000	0.0000	0.0000	0.0000	0.0000	0.0000	0.0000	0.0000	0.0000	0.0000	0.0000	0.0000	0.0000	0.0000	0.0000	1.9703	0.0000	6.2034	0.0000	0.0000	0.0000	0.0000	0.0000	0.0000	0.0000	0.0000	0.0000	0.0000	0.0000	0.0000	0.0000	0.0000	0.0000	0.0000	0.0000	0.0000	0.0000	0.0000	0.0000	0.0000	0.0000	0.0000	0.0000	0.0000	0.0000	0.0000	0.0000	0.0000	0.0000	0.0000	0.0000	0.0000	0.0000	0.0000	0.0000	0.0000	0.0000	0.0000	0.0000	0.0000	0.0000	0.0000	0.0000	0.0000	0.0000	0.0000	0.0000	0.0000	0.0000	0.0000	0.0000	0.0000											
28	128	0.1265	7	0	1	0	1	0	0	0	0	N	N	N	N	N	N	N	N	N	N	N	N	0.0000	0.0000	0.0000	0.0000	0.0000	0.0000	0.0000	0.0000	0.0000	0.0000	0.0000	0.0000	0.0000	0.0000	0.0000	0.0000	0.0000	0.0000	0.0000	0.0000	0.0000	1.1032	0.0000	7.8190	0.0000	0.0000	0.0000	0.0000	0.0000	0.0000	0.0000	0.0000	0.0000	0.0000	0.0000	0.0000	0.0000	0.0000	0.0000	0.0000	0.0000	0.0000	0.0000	0.0000	0.0000	0.0000	0.0000	0.0000	0.0000	0.0000	0.0000	0.0000	0.0000	0.0000	0.0000	0.0000	0.0000	0.0000	0.0000	0.0000	0.0000	0.0000	0.0000	0.0000	0.0000	0.0000	0.0000	0.0000	0.0000	0.0000	0.0000	0.0000	0.0000	0.0000	0.0000	0.0000	0.0000	0.0000											
28	129	0.4696	11	0	2	0	1	0	0	0	0	N	Y	N	N	N	N	N	N	N	N	N	N	0.0000	0.0000	0.0000	0.0000	0.0000	0.0000	0.0000	0.0000	0.0000	0.0000	0.0000	0.0000	0.0000	0.0000	0.0000	0.0000	0.0000	0.0000	0.0000	0.0000	0.0000	1.0033	0.0000	0.8635	0.0000	0.0000	0.0000	0.0000	0.0000	0.0000	0.0000	0.0000	0.0000	0.0000	0.0000	0.0000	0.0000	0.0000	0.0000	0.0000	0.0000	0.0000	0.0000	0.0000	0.0000	0.0000	0.0000	0.0000	0.0000	0.0000	0.0000	0.0000	0.0000	0.0000	0.0000	0.0000	0.0000	0.0000	0.0000	0.0000	0.0000	0.0000	0.0000	0.0000	0.0000	0.0000	0.0000	0.0000	0.0000	0.0000	0.0000	0.0000	0.0000	0.0000	0.0000	0.0000	0.0000	0.0000											
28	130	0.4403	10	0	1	0	1	0	0	0	0	N	N	N	N	N	N	N	N	N	N	N	N	0.0000	0.0000	0.0000	0.0000	0.0000	0.0000	0.0000	0.0000	0.0000	0.0000	0.0000	0.0000	0.0000	0.0000	0.0000	0.0000	0.0000	0.0000	0.0000	0.0000	0.0000	5.5514	0.0000	9.9598	0.0000	0.0000	0.0000	0.0000	0.0000	0.0000	0.0000	0.0000	0.0000	0.0000	0.0000	0.0000	0.0000	0.0000	0.0000	0.0000	0.0000	0.0000	0.0000	0.0000	0.0000	0.0000	0.0000	0.0000	0.0000	0.0000	0.0000	0.0000	0.0000	0.0000	0.0000	0.0000	0.0000	0.0000	0.0000	0.0000	0.0000	0.0000	0.0000	0.0000	0.0000	0.0000	0.0000	0.0000	0.0000	0.0000	0.0000	0.0000	0.0000	0.0000	0.0000	0.0000	0.0000	0.0000											
28	131	0.4100	9	0	1	0	1	0	0	0	0	N	N	N	N	N	N	N	N	N	N	N	N	0.0000	0.0000	0.0000	0.0000	0.0000	0.0000	0.0000	0.0000	0.0000	0.0000	0.0000	0.0000	0.0000	0.0000	0.0000	0.0000	0.0000	0.0000	0.0000	0.0000	0.0000	9.1969	0.0000	13.4651	0.0000	0.0000	0.0000	0.0000	0.0000	0.0000	0.0000	0.0000	0.0000	0.0000	0.0000	0.0000	0.0000	0.0000	0.0000	0.0000	0.0000	0.0000	0.0000	0.0000	0.0000	0.0000	0.0000	0.0000	0.0000	0.0000	0.0000	0.0000	0.0000	0.0000	0.0000	0.0000	0.0000	0.0000	0.0000	0.0000	0.0000	0.0000	0.0000	0.0000	0.0000	0.0000	0.0000	0.0000	0.0000	0.0000	0.0000	0.0000	0.0000	0.0000	0.0000	0.0000	0.0000	0.0000											
28	132	0.0516	5	1	2	0	2	0	0	0	0	N	Y	N	Y	N	N	N	N	N	N	N	N	0.0000	0.0000	0.0000	0.0000	0.0000	0.0000	0.0000	0.0000	0.0000	0.0000	0.0000	0.0000	0.0000	0.0000	0.0000	0.0000	0.0000	0.0000	0.0000	0.0000	0.0000	1.0000	0.0000	3.0001	0.0000	0.0000	0.0000	0.0000	0.0000	0.0000	0.0000	0.0000	0.0000	0.0000	0.0000	0.0000	0.0000	0.0000	0.0000	0.0000	0.0000	0.0000	0.0000	0.0000	0.0000	0.0000	0.0000	0.0000	0.0000	0.0000	0.0000	0.0000	0.0000	0.0000	0.0000	0.0000	0.0000	0.0000	0.0000	0.0000	0.0000	0.0000	0.0000	0.0000	0.0000	0.0000	0.0000	0.0000	0.0000	0.0000	0.0000	0.0000	0.0000	0.0000	0.0000	0.0000	0.0000	0.0000											
28	133	0.6224	15	1	2	0	2	0	0	0	0	N	Y	N	Y	N	N	N	N	N	N	N	N	0.0000	0.0000	0.0000	0.0000	0.0000	0.0000	0.0000	0.0000	0.0000	0.0000	0.0000	0.0000	0.0000	0.0000	0.0000	0.0000	0.0000	0.0000	0.0000	0.0000	0.0000	0.0006	0.0000	1.9797	0.0000	0.0000	0.0000	0.0000	0.0000	0.0000	0.0000	0.0000	0.0000	0.0000	0.0000	0.0000	0.0000	0.0000	0.0000	0.0000	0.0000	0.0000	0.0000	0.0000	0.0000	0.0000	0.0000	0.0000	0.0000	0.0000	0.0000	0.0000	0.0000	0.0000	0.0000	0.0000	0.0000	0.0000	0.0000	0.0000	0.0000	0.0000	0.0000	0.0000	0.0000	0.0000	0.0000	0.0000	0.0000	0.0000	0.0000	0.0000	0.0000	0.0000	0.0000	0.0000	0.0000	0.0000											
28	134	0.6056	14	1	2	0	2	0	0	0	0	N	Y	N	Y	N	N	N	N	N	N	N	N	0.0000	0.0000	0.0000	0.0000	0.0000	0.0000	0.0000	0.0000	0.0000	0.0000	0.0000	0.0000	0.0000	0.0000	0.0000	0.0000	0.0000	0.0000	0.0000	0.0000	0.0000	2.0077	0.0000	6.0321	0.0000	0.0000	0.0000	0.0000	0.0000	0.0000	0.0000	0.0000	0.0000	0.0000	0.0000	0.0000	0.0000	0.0000	0.0000	0.0000	0.0000	0.0000	0.0000	0.0000	0.0000	0.0000	0.0000	0.0000	0.0000	0.0000	0.0000	0.0000	0.0000	0.0000	0.0000	0.0000	0.0000	0.0000	0.0000	0.0000	0.0000	0.0000	0.0000	0.0000	0.0000	0.0000	0.0000	0.0000	0.0000	0.0000	0.0000	0.0000	0.0000	0.0000	0.0000	0.0000	0.0000	0.0000											
28	135	0.6009	14	0	2	0	2	0	0	0	0	N	Y	N	Y	N	N	N	N	N	N	N	N	0.0000	0.0000	0.0000	0.0000	0.0000	0.0000	0.0000	0.0000	0.0000	0.0000	0.0000	0.0000	0.0000	0.0000	0.0000	0.0000	0.0000	0.0000	0.0000	0.0000	0.0000	3.0348	0.0000	9.3583	0.0000	0.0000	0.0000	0.0000	0.0000	0.0000	0.0000	0.0000	0.0000	0.0000	0.0000	0.0000	0.0000	0.0000	0.0000	0.0000	0.0000	0.0000	0.0000	0.0000	0.0000	0.0000	0.0000	0.0000	0.0000	0.0000	0.0000	0.0000	0.0000	0.0000	0.0000	0.0000	0.0000	0.0000	0.0000	0.0000	0.0000	0.0000	0.0000	0.0000	0.0000	0.0000	0.0000	0.0000	0.0000	0.0000	0.0000	0.0000	0.0000	0.0000	0.0000	0.0000	0.0000	0.0000											
28	136	0.5865	13	0	1	0	2	0	0	0	0	N	N	N	Y	N	N	N	N	N	N	N	N	0.0000	0.0000	0.0000	0.0000	0.0000	0.0000	0.0000	0.0000	0.0000	0.0000	0.0000	0.0000	0.0000	0.0000	0.0000	0.0000	0.0000	0.0000	0.0000	0.0000	0.0000	0.0433	0.0000	6.6805	0.0000	0.0000	0.0000	0.0000	0.0000	0.0000	0.0000	0.0000	0.0000	0.0000	0.0000	0.0000	0.0000	0.0000	0.0000	0.0000	0.0000	0.0000	0.0000	0.0000	0.0000	0.0000	0.0000	0.0000	0.0000	0.0000	0.0000	0.0000	0.0000	0.0000	0.0000	0.0000	0.0000	0.0000	0.0000	0.0000	0.0000	0.0000	0.0000	0.0000	0.0000	0.0000	0.0000	0.0000	0.0000	0.0000	0.0000	0.0000	0.0000	0.0000	0.0000	0.0000	0.0000	0.0000											
28	140	0.0516	5	0	2	0	1	0	0	0	0	N	Y	N	N	N	N	N	N	N	N	N	N	0.0000	0.0000	0.0000	0.0000	0.0000	0.0000	0.0000	0.0000	0.0000	0.0000	0.0000	0.0000	0.0000	0.0000	0.0000	0.0000	0.0000	0.0000	0.0000	0.0000	0.0000	0.0000	0.0000	4.0001	0.0000	0.0000	0.0000	0.0000	0.0000	0.0000	0.0000	0.0000	0.0000	0.0000	0.0000	0.0000	0.0000	0.0000	0.0000	0.0000	0.0000	0.0000	0.0000	0.0000	0.0000	0.0000	0.0000	0.0000	0.0000	0.0000	0.0000	0.0000	0.0000	0.0000	0.0000	0.0000	0.0000	0.0000	0.0000	0.0000	0.0000	0.0000	0.0000	0.0000	0.0000	0.0000	0.0000	0.0000	0.0000	0.0000	0.0000	0.0000	0.0000	0.0000	0.0000	0.0000	0.0000	0.0000											
28	141	0.6011	13	0	2	0	1	0	0	0	0	N	Y	N	N	N	N	N	N	N	N	N	N	0.0000	0.0000	0.0000	0.0000	0.0000	0.0000	0.0000	0.0000	0.0000	0.0000	0.0000	0.0000	0.0000	0.0000	0.0000	0.0000	0.0000	0.0000	0.0000	0.0000	0.0000	1.0003	0.0000	5.0186	0.0000	0.0000	0.0000	0.0000	0.0000	0.0000	0.0000	0.0000	0.0000	0.0000	0.0000	0.0000	0.0000	0.0000	0.0000	0.0000	0.0000	0.0000	0.0000	0.0000	0.0000	0.0000	0.0000	0.0000	0.0000	0.0000	0.0000	0.0000	0.0000	0.0000	0.0000	0.0000	0.0000	0.0000	0.0000	0.0000	0.0000	0.0000	0.0000	0.0000	0.0000	0.0000	0.0000	0.0000	0.0000	0.0000	0.0000	0.0000	0.0000	0.0000	0.0000	0.0000	0.0000	0.0000											
28	142	0.0153	3	0	1	1	2	0	0	0	0	N	N	N	Y	N	N	N	N	N	N	N	N	0.0000	0.0000	0.0000	0.0000	0.0000	0.0000	0.0000	0.0000	0.0000	0.0000	0.0000	0.0000	0.0000	0.0000	0.0000	0.0000	0.0000	0.0000	0.0000	0.0000	0.0000	0.0001	0.0000	9.0026	0.0000	0.0000	0.0000	0.0000	0.0000	0.0000	0.0000	0.0000	0.0000	0.0000	0.0000	0.0000	0.0000	0.0000	0.0000	0.0000	0.0000	0.0000	0.0000	0.0000	0.0000	0.0000	0.0000	0.0000	0.0000	0.0000	0.0000	0.0000	0.0000	0.0000	0.0000	0.0000	0.0000	0.0000	0.0000	0.0000	0.0000	0.0000	0.0000	0.0000	0.0000	0.0000	0.0000	0.0000	0.0000	0.0000	0.0000	0.0000	0.0000	0.0000	0.0000	0.0000	0.0000	0.0000											
28	143	0.5865	13	0	1	1	2	0	0	0	0	N	N	N	Y	N	N	N	N	N	N	N	N	0.0000	0.0000	0.0000	0.0000	0.0000	0.0000	0.0000	0.0000	0.0000	0.0000	0.0000	0.0000	0.0000	0.0000	0.0000	0.0000	0.0000	0.0000	0.0000	0.0000	0.0000	2.0061	0.0000	8.0425	0.0000	0.0000	0.0000	0.0000	0.0000	0.0000	0.0000	0.0000	0.0000	0.0000	0.0000	0.0000	0.0000	0.0000	0.0000	0.0000	0.0000	0.0000	0.0000	0.0000	0.0000	0.0000	0.0000	0.0000	0.0000	0.0000	0.0000	0.0000	0.0000	0.0000	0.0000	0.0000	0.0000	0.0000	0.0000	0.0000	0.0000	0.0000	0.0000	0.0000	0.0000	0.0000	0.0000	0.0000	0.0000	0.0000	0.0000	0.0000	0.0000	0.0000	0.0000	0.0000	0.0000	0.0000											
28	144	0.5775	12	0	1	0	2	0	0	0	0	N	N	N	Y	N	N	N	N	N	N	N	N	0.0000	0.0000	0.0000	0.0000	0.0000	0.0000	0.0000	0.0000	0.0000	0.0000	0.0000	0.0000	0.0000	0.0000	0.0000	0.0000	0.0000	0.0000	0.0000	0.0000	0.0000	1.9550	0.0000	2.1189	0.0000	0.0000	0.0000	0.0000	0.0000	0.0000	0.0000	0.0000	0.0000	0.0000	0.0000	0.0000	0.0000	0.0000	0.0000	0.0000	0.0000	0.0000	0.0000	0.0000	0.0000	0.0000	0.0000	0.0000	0.0000	0.0000	0.0000	0.0000	0.0000	0.0000	0.0000	0.0000	0.0000	0.0000	0.0000	0.0000	0.0000	0.0000	0.0000	0.0000	0.0000	0.0000	0.0000	0.0000	0.0000	0.0000	0.0000	0.0000	0.0000	0.0000	0.0000	0.0000	0.0000	0.0000											
28	145	0.5775	12	0	1	1	2	0	0	0	0	N	N	N	Y	N	N	N	N	N	N	N	N	0.0000	0.0000	0.0000	0.0000	0.0000	0.0000	0.0000	0.0000	0.0000	0.0000	0.0000	0.0000	0.0000	0.0000	0.0000	0.0000	0.0000	0.0000	0.0000	0.0000	0.0000	2.1261	0.0000	18.6477	0.0000	0.0000	0.0000	0.0000	0.0000	0.0000	0.0000	0.0000	0.0000	0.0000	0.0000	0.0000	0.0000	0.0000	0.0000	0.0000	0.0000	0.0000	0.0000	0.0000	0.0000	0.0000	0.0000	0.0000	0.0000	0.0000	0.0000	0.0000	0.0000	0.0000	0.0000	0.0000	0.0000	0.0000	0.0000	0.0000	0.0000	0.0000	0.0000	0.0000	0.0000	0.0000	0.0000	0.0000	0.0000	0.0000	0.0000	0.0000	0.0000	0.0000	0.0000	0.0000	0.0000	0.0000											
28	146	0.0153	3	0	1	1	2	0	0	0	0	N	N	N	Y	N	N	N	N	N	N	N	N	0.0000	0.0000	0.0000	0.0000	0.0000	0.0000	0.0000	0.0000	0.0000	0.0000	0.0000	0.0000	0.0000	0.0000	0.0000	0.0000	0.0000	0.0000	0.0000	0.0000	0.0000	2.0001	0.0000	5.9880	0.0000	0.0000	0.0000	0.0000	0.0000	0.0000	0.0000	0.0000	0.0000	0.0000	0.0000	0.0000	0.0000	0.0000	0.0000	0.0000	0.0000	0.0000	0.0000	0.0000	0.0000	0.0000	0.0000	0.0000	0.0000	0.0000	0.0000	0.0000	0.0000	0.0000	0.0000	0.0000	0.0000	0.0000	0.0000	0.0000	0.0000	0.0000	0.0000	0.0000	0.0000	0.0000	0.0000	0.0000	0.0000	0.0000	0.0000	0.0000	0.0000	0.0000	0.0000	0.0000	0.0000	0.0000											
28	147	0.0153	3	0	1	1	2	0	0	0	0	N	N	N	Y	N	N	N	N	N	N	N	N	0.0000	0.0000	0.0000	0.0000	0.0000	0.0000	0.0000	0.0000	0.0000	0.0000	0.0000	0.0000	0.0000	0.0000	0.0000	0.0000	0.0000	0.0000	0.0000	0.0000	0.0000	9.0001	0.0000	23.0169	0.0000	0.0000	0.0000	0.0000	0.0000	0.0000	0.0000	0.0000	0.0000	0.0000	0.0000	0.0000	0.0000	0.0000	0.0000	0.0000	0.0000	0.0000	0.0000	0.0000	0.0000	0.0000	0.0000	0.0000	0.0000	0.0000	0.0000	0.0000	0.0000	0.0000	0.0000	0.0000	0.0000	0.0000	0.0000	0.0000	0.0000	0.0000	0.0000	0.0000	0.0000	0.0000	0.0000	0.0000	0.0000	0.0000	0.0000	0.0000	0.0000	0.0000	0.0000	0.0000	0.0000	0.0000											
28	149	0.0725	5	1	2	0	1	0	0	0	0	N	Y	N	N	N	N	N	N	N	N	N	N	0.0000	0.0000	0.0000	0.0000	0.0000	0.0000	0.0000	0.0000	0.0000	0.0000	0.0000	0.0000	0.0000	0.0000	0.0000	0.0000	0.0000	0.0000	0.0000	0.0000	0.0000	5.3497	0.0000	17.2225	0.0000	0.0000	0.0000	0.0000	0.0000	0.0000	0.0000	0.0000	0.0000	0.0000	0.0000	0.0000	0.0000	0.0000	0.0000	0.0000	0.0000	0.0000	0.0000	0.0000	0.0000	0.0000	0.0000	0.0000	0.0000	0.0000	0.0000	0.0000	0.0000	0.0000	0.0000	0.0000	0.0000	0.0000	0.0000	0.0000	0.0000	0.0000	0.0000	0.0000	0.0000	0.0000	0.0000	0.0000	0.0000	0.0000	0.0000	0.0000	0.0000	0.0000	0.0000	0.0000	0.0000	0.0000											
28	150	0.1033	6	0	2	0	1	0	0	0	0	N	Y	N	N	N	N	N	N	N	N	N	N	0.0000	0.0000	0.0000	0.0000	0.0000	0.0000	0.0000	0.0000	0.0000	0.0000	0.0000	0.0000	0.0000	0.0000	0.0000	0.0000	0.0000	0.0000	0.0000	0.0000	0.0000	3.6794	0.0000	17.4287	0.0000	0.0000	0.0000	0.0000	0.0000	0.0000	0.0000	0.0000	0.0000	0.0000	0.0000	0.0000	0.0000	0.0000	0.0000	0.0000	0.0000	0.0000	0.0000	0.0000	0.0000	0.0000	0.0000	0.0000	0.0000	0.0000	0.0000	0.0000	0.0000	0.0000	0.0000	0.0000	0.0000	0.0000	0.0000	0.0000	0.0000	0.0000	0.0000	0.0000	0.0000	0.0000	0.0000	0.0000	0.0000	0.0000	0.0000	0.0000	0.0000	0.0000	0.0000	0.0000	0.0000	0.0000											
28	151	0.0725	5	0	2	0	1	0	0	0	0	N	Y	N	N	N	N	N	N	N	N	N	N	0.0000	0.0000	0.0000	0.0000	0.0000	0.0000	0.0000	0.0000	0.0000	0.0000	0.0000	0.0000	0.0000	0.0000	0.0000	0.0000	0.0000	0.0000	0.0000	0.0000	0.0000	3.4464	0.0000	10.1316	0.0000	0.0000	0.0000	0.0000	0.0000	0.0000	0.0000	0.0000	0.0000	0.0000	0.0000	0.0000	0.0000	0.0000	0.0000	0.0000	0.0000	0.0000	0.0000	0.0000	0.0000	0.0000	0.0000	0.0000	0.0000	0.0000	0.0000	0.0000	0.0000	0.0000	0.0000	0.0000	0.0000	0.0000	0.0000	0.0000	0.0000	0.0000	0.0000	0.0000	0.0000	0.0000	0.0000	0.0000	0.0000	0.0000	0.0000	0.0000	0.0000	0.0000	0.0000	0.0000	0.0000	0.0000											
28	152	0.6079	15	1	2	0	1	0	0	0	0	N	Y	N	N	N	N	N	N	N	N	N	N	0.0000	0.0000	0.0000	0.0000	0.0000	0.0000	0.0000	0.0000	0.0000	0.0000	0.0000	0.0000	0.0000	0.0000	0.0000	0.0000	0.0000	0.0000	0.0000	0.0000	0.0000	1.0143	0.0000	12.0086	0.0000	0.0000	0.0000	0.0000	0.0000	0.0000	0.0000	0.0000	0.0000	0.0000	0.0000	0.0000	0.0000	0.0000	0.0000	0.0000	0.0000	0.0000	0.0000	0.0000	0.0000	0.0000	0.0000	0.0000	0.0000	0.0000	0.0000	0.0000	0.0000	0.0000	0.0000	0.0000	0.0000	0.0000	0.0000	0.0000	0.0000	0.0000	0.0000	0.0000	0.0000	0.0000	0.0000	0.0000	0.0000	0.0000	0.0000	0.0000	0.0000	0.0000	0.0000	0.0000	0.0000	0.0000											
28	153	0.6056	14	1	2	0	1	0	0	0	0	N	Y	N	N	N	N	N	N	N	N	N	N	0.0000	0.0000	0.0000	0.0000	0.0000	0.0000	0.0000	0.0000	0.0000	0.0000	0.0000	0.0000	0.0000	0.0000	0.0000	0.0000	0.0000	0.0000	0.0000	0.0000	0.0000	0.9811	0.0000	0.0216	0.0000	0.0000	0.0000	0.0000	0.0000	0.0000	0.0000	0.0000	0.0000	0.0000	0.0000	0.0000	0.0000	0.0000	0.0000	0.0000	0.0000	0.0000	0.0000	0.0000	0.0000	0.0000	0.0000	0.0000	0.0000	0.0000	0.0000	0.0000	0.0000	0.0000	0.0000	0.0000	0.0000	0.0000	0.0000	0.0000	0.0000	0.0000	0.0000	0.0000	0.0000	0.0000	0.0000	0.0000	0.0000	0.0000	0.0000	0.0000	0.0000	0.0000	0.0000	0.0000	0.0000	0.0000											
28	154	0.6011	13	1	2	0	1	0	0	0	0	N	Y	N	N	N	N	N	N	N	N	N	N	0.0000	0.0000	0.0000	0.0000	0.0000	0.0000	0.0000	0.0000	0.0000	0.0000	0.0000	0.0000	0.0000	0.0000	0.0000	0.0000	0.0000	0.0000	0.0000	0.0000	0.0000	0.0083	0.0000	2.0001	0.0000	0.0000	0.0000	0.0000	0.0000	0.0000	0.0000	0.0000	0.0000	0.0000	0.0000	0.0000	0.0000	0.0000	0.0000	0.0000	0.0000	0.0000	0.0000	0.0000	0.0000	0.0000	0.0000	0.0000	0.0000	0.0000	0.0000	0.0000	0.0000	0.0000	0.0000	0.0000	0.0000	0.0000	0.0000	0.0000	0.0000	0.0000	0.0000	0.0000	0.0000	0.0000	0.0000	0.0000	0.0000	0.0000	0.0000	0.0000	0.0000	0.0000	0.0000	0.0000	0.0000	0.0000											
28	155	0.5775	12	0	2	0	1	0	0	0	0	N	Y	N	N	N	N	N	N	N	N	N	N	0.0000	0.0000	0.0000	0.0000	0.0000	0.0000	0.0000	0.0000	0.0000	0.0000	0.0000	0.0000	0.0000	0.0000	0.0000	0.0000	0.0000	0.0000	0.0000	0.0000	0.0000	2.9180	0.0000	7.4065	0.0000	0.0000	0.0000	0.0000	0.0000	0.0000	0.0000	0.0000	0.0000	0.0000	0.0000	0.0000	0.0000	0.0000	0.0000	0.0000	0.0000	0.0000	0.0000	0.0000	0.0000	0.0000	0.0000	0.0000	0.0000	0.0000	0.0000	0.0000	0.0000	0.0000	0.0000	0.0000	0.0000	0.0000	0.0000	0.0000	0.0000	0.0000	0.0000	0.0000	0.0000	0.0000	0.0000	0.0000	0.0000	0.0000	0.0000	0.0000	0.0000	0.0000	0.0000	0.0000	0.0000	0.0000											
28	156	0.5116	11	0	1	0	1	0	0	0	0	N	N	N	N	N	N	N	N	N	N	N	N	0.0000	0.0000	0.0000	0.0000	0.0000	0.0000	0.0000	0.0000	0.0000	0.0000	0.0000	0.0000	0.0000	0.0000	0.0000	0.0000	0.0000	0.0000	0.0000	0.0000	0.0000	8.2479	0.0000	19.7214	0.0000	0.0000	0.0000	0.0000	0.0000	0.0000	0.0000	0.0000	0.0000	0.0000	0.0000	0.0000	0.0000	0.0000	0.0000	0.0000	0.0000	0.0000	0.0000	0.0000	0.0000	0.0000	0.0000	0.0000	0.0000	0.0000	0.0000	0.0000	0.0000	0.0000	0.0000	0.0000	0.0000	0.0000	0.0000	0.0000	0.0000	0.0000	0.0000	0.0000	0.0000	0.0000	0.0000	0.0000	0.0000	0.0000	0.0000	0.0000	0.0000	0.0000	0.0000	0.0000	0.0000	0.0000											
28	157	0.4755	10	0	1	0	1	0	0	0	0	N	N	N	N	N	N	N	N	N	N	N	N	0.0000	0.0000	0.0000	0.0000	0.0000	0.0000	0.0000	0.0000	0.0000	0.0000	0.0000	0.0000	0.0000	0.0000	0.0000	0.0000	0.0000	0.0000	0.0000	0.0000	0.0000	7.4725	0.0000	14.3153	0.0000	0.0000	0.0000	0.0000	0.0000	0.0000	0.0000	0.0000	0.0000	0.0000	0.0000	0.0000	0.0000	0.0000	0.0000	0.0000	0.0000	0.0000	0.0000	0.0000	0.0000	0.0000	0.0000	0.0000	0.0000	0.0000	0.0000	0.0000	0.0000	0.0000	0.0000	0.0000	0.0000	0.0000	0.0000	0.0000	0.0000	0.0000	0.0000	0.0000	0.0000	0.0000	0.0000	0.0000	0.0000	0.0000	0.0000	0.0000	0.0000	0.0000	0.0000	0.0000	0.0000	0.0000											
28	158	0.4100	9	0	1	0	1	0	0	0	0	N	N	N	N	N	N	N	N	N	N	N	N	0.0000	0.0000	0.0000	0.0000	0.0000	0.0000	0.0000	0.0000	0.0000	0.0000	0.0000	0.0000	0.0000	0.0000	0.0000	0.0000	0.0000	0.0000	0.0000	0.0000	0.0000	11.6653	0.0000	19.4910	0.0000	0.0000	0.0000	0.0000	0.0000	0.0000	0.0000	0.0000	0.0000	0.0000	0.0000	0.0000	0.0000	0.0000	0.0000	0.0000	0.0000	0.0000	0.0000	0.0000	0.0000	0.0000	0.0000	0.0000	0.0000	0.0000	0.0000	0.0000	0.0000	0.0000	0.0000	0.0000	0.0000	0.0000	0.0000	0.0000	0.0000	0.0000	0.0000	0.0000	0.0000	0.0000	0.0000	0.0000	0.0000	0.0000	0.0000	0.0000	0.0000	0.0000	0.0000	0.0000	0.0000	0.0000											
28	159	0.3627	8	0	1	0	1	0	0	0	0	N	N	N	N	N	N	N	N	N	N	N	N	0.0000	0.0000	0.0000	0.0000	0.0000	0.0000	0.0000	0.0000	0.0000	0.0000	0.0000	0.0000	0.0000	0.0000	0.0000	0.0000	0.0000	0.0000	0.0000	0.0000	0.0000	7.3933	0.0000	20.5306	0.0000	0.0000	0.0000	0.0000	0.0000	0.0000	0.0000	0.0000	0.0000	0.0000	0.0000	0.0000	0.0000	0.0000	0.0000	0.0000	0.0000	0.0000	0.0000	0.0000	0.0000	0.0000	0.0000	0.0000	0.0000	0.0000	0.0000	0.0000	0.0000	0.0000	0.0000	0.0000	0.0000	0.0000	0.0000	0.0000	0.0000	0.0000	0.0000	0.0000	0.0000	0.0000	0.0000	0.0000	0.0000	0.0000	0.0000	0.0000	0.0000	0.0000	0.0000	0.0000	0.0000	0.0000											
28	160	0.1265	7	0	1	0	1	0	0	0	0	N	N	N	N	N	N	N	N	N	N	N	N	0.0000	0.0000	0.0000	0.0000	0.0000	0.0000	0.0000	0.0000	0.0000	0.0000	0.0000	0.0000	0.0000	0.0000	0.0000	0.0000	0.0000	0.0000	0.0000	0.0000	0.0000	27.6416	0.0000	54.6365	0.0000	0.0000	0.0000	0.0000	0.0000	0.0000	0.0000	0.0000	0.0000	0.0000	0.0000	0.0000	0.0000	0.0000	0.0000	0.0000	0.0000	0.0000	0.0000	0.0000	0.0000	0.0000	0.0000	0.0000	0.0000	0.0000	0.0000	0.0000	0.0000	0.0000	0.0000	0.0000	0.0000	0.0000	0.0000	0.0000	0.0000	0.0000	0.0000	0.0000	0.0000	0.0000	0.0000	0.0000	0.0000	0.0000	0.0000	0.0000	0.0000	0.0000	0.0000	0.0000	0.0000	0.0000											
28	161	0.0592	7	1	2	0	1	0	0	0	0	N	Y	N	N	N	N	N	N	N	N	N	N	0.0000	0.0000	0.0000	0.0000	0.0000	0.0000	0.0000	0.0000	0.0000	0.0000	0.0000	0.0000	0.0000	0.0000	0.0000	0.0000	0.0000	0.0000	0.0000	0.0000	0.0000	0.0002	0.0000	3.0099	0.0000	0.0000	0.0000	0.0000	0.0000	0.0000	0.0000	0.0000	0.0000	0.0000	0.0000	0.0000	0.0000	0.0000	0.0000	0.0000	0.0000	0.0000	0.0000	0.0000	0.0000	0.0000	0.0000	0.0000	0.0000	0.0000	0.0000	0.0000	0.0000	0.0000	0.0000	0.0000	0.0000	0.0000	0.0000	0.0000	0.0000	0.0000	0.0000	0.0000	0.0000	0.0000	0.0000	0.0000	0.0000	0.0000	0.0000	0.0000	0.0000	0.0000	0.0000	0.0000	0.0000	0.0000											
28	162	0.0516	6	1	2	0	1	0	0	0	0	N	Y	N	N	N	N	N	N	N	N	N	N	0.0000	0.0000	0.0000	0.0000	0.0000	0.0000	0.0000	0.0000	0.0000	0.0000	0.0000	0.0000	0.0000	0.0000	0.0000	0.0000	0.0000	0.0000	0.0000	0.0000	0.0000	0.9998	0.0000	2.0118	0.0000	0.0000	0.0000	0.0000	0.0000	0.0000	0.0000	0.0000	0.0000	0.0000	0.0000	0.0000	0.0000	0.0000	0.0000	0.0000	0.0000	0.0000	0.0000	0.0000	0.0000	0.0000	0.0000	0.0000	0.0000	0.0000	0.0000	0.0000	0.0000	0.0000	0.0000	0.0000	0.0000	0.0000	0.0000	0.0000	0.0000	0.0000	0.0000	0.0000	0.0000	0.0000	0.0000	0.0000	0.0000	0.0000	0.0000	0.0000	0.0000	0.0000	0.0000	0.0000	0.0000	0.0000											
28	163	0.0516	5	1	2	0	1	0	0	0	0	N	Y	N	N	N	N	N	N	N	N	N	N	0.0000	0.0000	0.0000	0.0000	0.0000	0.0000	0.0000	0.0000	0.0000	0.0000	0.0000	0.0000	0.0000	0.0000	0.0000	0.0000	0.0000	0.0000	0.0000	0.0000	0.0000	0.0000	0.0000	0.0003	0.0000	0.0000	0.0000	0.0000	0.0000	0.0000	0.0000	0.0000	0.0000	0.0000	0.0000	0.0000	0.0000	0.0000	0.0000	0.0000	0.0000	0.0000	0.0000	0.0000	0.0000	0.0000	0.0000	0.0000	0.0000	0.0000	0.0000	0.0000	0.0000	0.0000	0.0000	0.0000	0.0000	0.0000	0.0000	0.0000	0.0000	0.0000	0.0000	0.0000	0.0000	0.0000	0.0000	0.0000	0.0000	0.0000	0.0000	0.0000	0.0000	0.0000	0.0000	0.0000	0.0000	0.0000											
28	164	0.0406	4	0	2	0	1	0	0	0	0	N	Y	N	N	N	N	N	N	N	N	N	N	0.0000	0.0000	0.0000	0.0000	0.0000	0.0000	0.0000	0.0000	0.0000	0.0000	0.0000	0.0000	0.0000	0.0000	0.0000	0.0000	0.0000	0.0000	0.0000	0.0000	0.0000	0.0063	0.0000	4.3641	0.0000	0.0000	0.0000	0.0000	0.0000	0.0000	0.0000	0.0000	0.0000	0.0000	0.0000	0.0000	0.0000	0.0000	0.0000	0.0000	0.0000	0.0000	0.0000	0.0000	0.0000	0.0000	0.0000	0.0000	0.0000	0.0000	0.0000	0.0000	0.0000	0.0000	0.0000	0.0000	0.0000	0.0000	0.0000	0.0000	0.0000	0.0000	0.0000	0.0000	0.0000	0.0000	0.0000	0.0000	0.0000	0.0000	0.0000	0.0000	0.0000	0.0000	0.0000	0.0000	0.0000	0.0000											
29	30	0.2092	5	1	2	0	0	0	0	0	0	N	Y	N	N	N	N	N	N	N	N	N	N	0.0285	0.0239	0.0826	0.0446	0.0360	2.3869	0.0005	0.0004	0.0028	0.0051	0.0058	0.0000	0.0125	0.0128	0.0000	0.0000	0.0000	0.0000	0.1779	0.2433	0.0000	0.2801	0.3555	0.0000	0.0013	0.0020	0.0001	0.0001	0.0000	-0.0002	-0.0467	3.9885	0.9701	8.5018	4.0208	0.0005	0.0005	0.0000	0.0005	0.0005	0.0000	0.0000	0.0000	0.0000	0.1018	0.1018	0.0000	0.1015	0.1015	0.0000	0.0003	0.0003	0.0000	0.0951	0.0828	0.0123	0.0386	0.0376	0.0010	0.0565	0.0452	0.0113	0.5723	0.4184	0.1540	0.3625	0.2856	0.0769	0.2099	0.1328	0.0771	0.0285	0.0239	0.0826	0.0446	0.0360	2.3869	0.0005	0.0004	0.0028	0.1779	0.2433	0.0000	0.2801	0.3555	0.0000	0.0013	0.0020	0.0001
29	31	0.1838	3	1	1	0	1	0	0	0	0	N	N	N	N	N	N	N	N	N	N	N	N	0.0126	0.0284	0.0000	0.0585	0.0828	0.0001	0.0070	0.0144	0.0000	0.0135	0.0158	0.0000	0.0178	0.0187	0.0001	0.0123	0.0149	0.0000	1.0679	0.5561	2.3517	0.3046	0.2265	0.9352	1.7602	1.0341	2.6708	0.0001	1.6862	-0.0010	0.1398	3.9885	5.0045	8.5018	16.6627	0.0023	0.0023	0.0000	0.0006	0.0006	0.0000	0.0017	0.0017	0.0000	0.8255	0.3073	0.5182	0.1120	0.0741	0.0379	0.7135	0.2332	0.4803	0.1714	0.1460	0.0254	0.0360	0.0342	0.0018	0.1354	0.1119	0.0236	0.7730	0.5526	0.2203	0.3676	0.3271	0.0405	0.4053	0.2255	0.1798	0.0126	0.0284	0.0000	0.0585	0.0828	0.0001	0.0070	0.0144	0.0000	1.0679	0.5561	2.3517	0.3046	0.2265	0.9352	1.7602	1.0341	2.6708
29	32	0.7260	9	2	1	1	0	0	0	0	0	Y	N	N	N	N	N	N	N	N	N	N	N	8901.7868	22996.1250	0.0008	19549.0153	36447.2982	0.0008	0.0003	0.0000	0.0009	21.8816	25.1676	0.0000	54.4364	58.8821	0.0000	0.0000	0.0000	0.0000	0.0025	0.0011	0.0057	0.0028	0.0016	0.0099	0.0021	0.0000	0.0043	0.0000	2.1772	-0.4370	0.0000	3.9885	1.4893	8.5018	0.0050	0.9906	0.9906	0.0000	0.9906	0.9906	0.0000	0.0000	0.0000	0.0000	0.0001	0.0000	0.0000	0.0000	0.0000	0.0000	0.0000	0.0000	0.0000	0.0453	0.0394	0.0059	0.0182	0.0168	0.0014	0.0271	0.0225	0.0045	0.0254	0.0180	0.0075	0.0140	0.0120	0.0020	0.0115	0.0060	0.0055	8901.7868	22996.1250	0.0008	19549.0153	36447.2982	0.0008	0.0003	0.0000	0.0009	0.0025	0.0011	0.0057	0.0028	0.0016	0.0099	0.0021	0.0000	0.0043
29	33	0.2093	5	2	1	1	0	0	0	0	0	Y	N	N	N	N	N	N	N	N	N	N	N	1.5047	1.2749	0.9672	8.6499	7.0576	5.1434	0.0066	0.0005	0.7190	0.0383	0.0451	0.0009	0.2125	0.2165	0.0022	0.0002	0.0000	0.0009	0.0255	0.0354	0.0009	0.0246	0.0307	0.0004	0.0265	0.0418	0.0012	0.0036	0.0106	-0.0006	-0.0031	3.9885	0.9855	8.5018	5.0251	0.0014	0.0014	0.0000	0.0014	0.0014	0.0000	0.0000	0.0000	0.0000	0.0070	0.0069	0.0001	0.0034	0.0034	0.0000	0.0035	0.0035	0.0001	0.0376	0.0318	0.0058	0.0068	0.0066	0.0001	0.0308	0.0252	0.0056	0.2740	0.1951	0.0789	0.1403	0.1119	0.0284	0.1336	0.0832	0.0505	1.5047	1.2749	0.9672	8.6499	7.0576	5.1434	0.0066	0.0005	0.7190	0.0255	0.0354	0.0009	0.0246	0.0307	0.0004	0.0265	0.0418	0.0012
29	34	0.1821	5	1	2	0	0	0	0	0	0	N	Y	N	N	N	N	N	N	N	N	N	N	0.0242	0.0209	0.0000	0.0395	0.0355	0.0000	0.0000	0.0000	0.0000	0.0149	0.0184	0.0000	0.0581	0.0590	0.0000	0.0000	0.0000	0.0000	0.6168	0.8801	0.0000	1.4696	1.6645	0.0000	0.0000	0.0000	0.0000	0.0000	0.0000	-0.0006	-0.0635	3.9885	2.0026	8.5018	4.0175	0.0014	0.0014	0.0000	0.0014	0.0014	0.0000	0.0000	0.0000	0.0000	0.1386	0.1386	0.0000	0.1386	0.1386	0.0000	0.0000	0.0000	0.0000	0.0952	0.0770	0.0182	0.0244	0.0240	0.0004	0.0708	0.0530	0.0178	0.2247	0.1575	0.0672	0.0943	0.0833	0.0110	0.1304	0.0742	0.0562	0.0242	0.0209	0.0000	0.0395	0.0355	0.0000	0.0000	0.0000	0.0000	0.6168	0.8801	0.0000	1.4696	1.6645	0.0000	0.0000	0.0000	0.0000
29	35	0.1821	4	1	1	0	0	0	0	0	0	N	N	N	N	N	N	N	N	N	N	N	N	2.7106	1.5854	8.2090	2.9192	2.9705	4.7489	2.7933	0.0125	12.0721	0.1475	0.0982	0.2972	0.1999	0.1984	0.3783	0.1162	0.0007	0.2962	0.0544	0.0620	0.0362	0.0685	0.0668	0.0797	0.0416	0.0551	0.0245	0.9956	0.2421	0.0003	-0.0014	3.9885	0.4148	8.5018	1.5497	0.0056	0.0028	0.0028	0.0029	0.0028	0.0000	0.0028	0.0000	0.0028	0.0053	0.0042	0.0010	0.0032	0.0027	0.0005	0.0021	0.0016	0.0005	0.0382	0.0287	0.0095	0.0143	0.0142	0.0001	0.0239	0.0146	0.0093	0.0969	0.0685	0.0284	0.0463	0.0403	0.0060	0.0507	0.0283	0.0224	2.7106	1.5854	8.2090	2.9192	2.9705	4.7489	2.7933	0.0125	12.0721	0.0544	0.0620	0.0362	0.0685	0.0668	0.0797	0.0416	0.0551	0.0245
29	36	0.1243	2	1	2	0	0	0	0	0	0	N	Y	N	N	N	N	N	N	N	N	N	N	1.7587	0.0159	6.8053	0.4682	0.1359	2.8456	1.5796	0.0006	6.8719	0.9621	0.0061	6.3325	0.1226	0.0279	2.1653	1.1522	0.0003	6.5711	0.5471	0.3800	0.9305	0.2619	0.2050	0.7609	0.7294	0.5569	0.9562	186.0049	1.0667	0.1387	0.0319	3.9885	7.9964	8.5018	23.6501	0.2506	0.0013	0.2492	0.0059	0.0013	0.0046	0.2447	0.0001	0.2446	0.5517	0.2669	0.2847	0.1030	0.0724	0.0306	0.4486	0.1946	0.2541	0.2604	0.2211	0.0394	0.0481	0.0459	0.0021	0.2124	0.1751	0.0372	1.0084	0.7024	0.3060	0.3933	0.3530	0.0403	0.6151	0.3494	0.2657	1.7587	0.0159	6.8053	0.4682	0.1359	2.8456	1.5796	0.0006	6.8719	0.5471	0.3800	0.9305	0.2619	0.2050	0.7609	0.7294	0.5569	0.9562
29	37	0.1983	4	2	2	0	0	0	0	0	0	Y	Y	N	N	N	N	N	N	N	N	N	N	3.2646	2.7162	0.0000	38.5471	34.2957	0.0000	0.0000	0.0000	0.0000	0.9978	1.1838	0.0000	5.8625	6.0071	0.0000	0.0000	0.0000	0.0000	0.3057	0.4358	0.0066	0.1521	0.1752	0.0165	0.4087	0.6888	0.0043	0.0000	0.0066	-0.1068	-0.1335	3.9885	6.9981	8.5018	25.9787	0.2421	0.2421	0.0000	0.2421	0.2421	0.0000	0.0000	0.0000	0.0000	0.2956	0.2936	0.0019	0.0591	0.0581	0.0009	0.2365	0.2355	0.0010	0.2426	0.2045	0.0381	0.0413	0.0403	0.0010	0.2013	0.1642	0.0371	0.9669	0.6737	0.2932	0.3883	0.3318	0.0564	0.5787	0.3419	0.2368	3.2646	2.7162	0.0000	38.5471	34.2957	0.0000	0.0000	0.0000	0.0000	0.3057	0.4358	0.0066	0.1521	0.1752	0.0165	0.4087	0.6888	0.0043
29	38	0.1821	4	1	2	0	0	0	0	0	0	N	Y	N	N	N	N	N	N	N	N	N	N	0.1809	0.1532	0.3171	0.2223	0.3031	0.0619	0.2450	0.0000	0.4953	0.0275	0.0153	0.0863	0.0597	0.0598	0.0520	0.0186	0.0000	0.0872	0.1520	0.1000	0.2722	0.2685	0.1975	0.8401	0.0759	0.0014	0.1761	1.1659	1.1752	0.0005	0.0061	3.9885	4.7553	8.5018	10.1994	0.0053	0.0024	0.0028	0.0025	0.0024	0.0000	0.0028	0.0000	0.0028	0.0746	0.0343	0.0403	0.0520	0.0340	0.0180	0.0225	0.0002	0.0223	0.1920	0.1591	0.0329	0.0416	0.0407	0.0009	0.1505	0.1184	0.0321	0.4907	0.3427	0.1480	0.1938	0.1724	0.0214	0.2969	0.1703	0.1266	0.1809	0.1532	0.3171	0.2223	0.3031	0.0619	0.2450	0.0000	0.4953	0.1520	0.1000	0.2722	0.2685	0.1975	0.8401	0.0759	0.0014	0.1761
29	39	0.1243	2	2	2	0	0	0	0	0	0	Y	Y	N	N	N	N	N	N	N	N	N	N	0.0083	0.0513	0.0000	0.1250	0.1186	0.0000	0.0003	0.1074	0.0000	0.0090	0.0106	0.0000	0.0461	0.0482	0.0000	0.0004	0.0005	0.0000	1.0848	0.2066	3.1019	0.3692	0.4068	0.0388	1.5410	0.0050	3.5643	0.0000	6.5360	-0.0007	0.4544	3.9885	5.0000	8.5018	27.3229	0.0015	0.0015	0.0000	0.0014	0.0014	0.0000	0.0001	0.0001	0.0000	1.1111	0.1474	0.9636	0.1472	0.1456	0.0016	0.9638	0.0018	0.9621	0.1662	0.1406	0.0256	0.0310	0.0296	0.0013	0.1352	0.1110	0.0242	1.0242	0.7136	0.3107	0.3988	0.3580	0.0408	0.6255	0.3555	0.2699	0.0083	0.0513	0.0000	0.1250	0.1186	0.0000	0.0003	0.1074	0.0000	1.0848	0.2066	3.1019	0.3692	0.4068	0.0388	1.5410	0.0050	3.5643
29	40	0.1983	4	1	2	0	0	0	0	0	0	N	Y	N	N	N	N	N	N	N	N	N	N	0.1628	0.1440	0.0029	0.4693	0.4119	0.8709	0.0209	0.0217	0.0002	0.0066	0.0079	0.0000	0.0375	0.0384	0.0009	0.0003	0.0004	0.0000	0.0408	0.0546	0.0087	0.0800	0.0933	0.0010	0.0143	0.0168	0.0106	0.0006	0.0694	-0.0007	-0.0137	3.9885	7.0019	8.5018	21.4344	0.0016	0.0016	0.0000	0.0016	0.0016	0.0000	0.0001	0.0001	0.0000	0.0348	0.0326	0.0023	0.0276	0.0275	0.0000	0.0073	0.0051	0.0022	0.2427	0.2046	0.0381	0.0413	0.0403	0.0010	0.2014	0.1643	0.0371	0.8549	0.5963	0.2586	0.3445	0.2947	0.0498	0.5104	0.3017	0.2088	0.1628	0.1440	0.0029	0.4693	0.4119	0.8709	0.0209	0.0217	0.0002	0.0408	0.0546	0.0087	0.0800	0.0933	0.0010	0.0143	0.0168	0.0106
29	41	0.6287	7	1	2	0	0	0	0	0	0	N	Y	N	N	N	N	N	N	N	N	N	N	0.2457	0.2035	0.0002	0.0254	0.0218	0.0002	432.1769	356.4367	0.0003	0.7439	0.8569	0.0000	0.1633	0.1746	0.0000	1.1296	1.3717	0.0000	3.0273	4.2102	0.0014	6.4253	8.0228	0.0019	0.0026	0.0038	0.0012	0.0000	0.0001	-0.1033	-0.4621	3.9885	8.1446	8.5018	10.2519	0.2341	0.2341	0.0000	0.0205	0.0205	0.0000	0.2136	0.2136	0.0000	1.0084	1.0083	0.0001	1.0080	1.0080	0.0001	0.0004	0.0003	0.0001	0.3147	0.2732	0.0415	0.1256	0.1175	0.0081	0.1891	0.1557	0.0334	0.3331	0.2395	0.0936	0.1880	0.1610	0.0271	0.1450	0.0785	0.0666	0.2457	0.2035	0.0002	0.0305	0.0279	0.0002	432.1769	356.4367	0.0003	3.0273	4.2102	0.0014	5.3605	6.2609	0.0019	0.0026	0.0038	0.0012
29	42	0.1983	4	1	2	0	0	0	0	0	0	N	Y	N	N	N	N	N	N	N	N	N	N	0.0147	0.0034	0.4634	0.0292	0.0264	0.0000	0.0113	0.0000	0.4802	0.0092	0.0029	0.0429	0.0143	0.0146	0.0000	0.0081	0.0000	0.0440	0.6266	0.8542	0.0925	0.4900	0.5547	0.0960	0.7206	1.1530	0.0917	2.7699	0.0461	0.0006	-0.1477	3.9885	5.9981	8.5018	11.5875	0.0019	0.0005	0.0014	0.0005	0.0005	0.0000	0.0014	0.0000	0.0014	0.3566	0.3409	0.0157	0.1137	0.1106	0.0031	0.2429	0.2303	0.0126	0.2090	0.1761	0.0329	0.0356	0.0347	0.0009	0.1734	0.1413	0.0320	0.5691	0.3991	0.1700	0.2320	0.1993	0.0327	0.3371	0.1998	0.1374	0.0147	0.0034	0.4634	0.0292	0.0264	0.0000	0.0113	0.0000	0.4802	0.6266	0.8542	0.0925	0.4900	0.5547	0.0960	0.7206	1.1530	0.0917
29	43	0.2820	4	1	2	1	1	0	0	0	0	N	Y	N	N	N	N	N	N	N	N	N	N	0.0000	0.0000	0.0093	0.0002	0.0002	0.4282	0.0000	0.0000	0.0000	0.0000	0.0000	0.0000	0.0000	0.0000	0.0001	0.0000	0.0000	0.0000	0.4871	0.6374	0.0008	0.2023	0.2577	0.0002	1.1622	1.6252	0.0019	0.1059	0.0004	-0.0000	-0.0747	3.9885	1.0007	8.5018	2.4334	0.0000	0.0000	0.0000	0.0000	0.0000	0.0000	0.0000	0.0000	0.0000	0.1631	0.1630	0.0001	0.0476	0.0476	0.0000	0.1155	0.1154	0.0001	0.0343	0.0293	0.0049	0.0087	0.0083	0.0004	0.0255	0.0210	0.0045	0.3348	0.2558	0.0791	0.2355	0.1847	0.0507	0.0994	0.0710	0.0283	0.0000	0.0000	0.0093	0.0002	0.0002	0.4282	0.0000	0.0000	0.0000	0.4871	0.6374	0.0008	0.2023	0.2577	0.0002	1.1622	1.6252	0.0019
29	44	0.2448	3	1	1	0	1	0	0	0	0	N	N	N	N	N	N	N	N	N	N	N	N	0.0024	0.0022	0.0016	0.0076	0.0069	0.0053	0.0003	0.0001	0.0012	0.0005	0.0006	0.0001	0.0018	0.0018	0.0002	0.0000	0.0000	0.0001	0.2108	0.2661	0.0659	0.2299	0.2670	0.0361	0.1843	0.2643	0.0811	0.0304	0.0944	-0.0000	-0.0667	3.9885	1.0391	8.5018	15.0482	0.0000	0.0000	0.0000	0.0000	0.0000	0.0000	0.0000	0.0000	0.0000	0.1794	0.1639	0.0155	0.1139	0.1110	0.0029	0.0655	0.0529	0.0126	0.0376	0.0322	0.0054	0.0101	0.0096	0.0005	0.0274	0.0225	0.0049	0.8508	0.6159	0.2349	0.4954	0.4157	0.0796	0.3554	0.2002	0.1552	0.0024	0.0022	0.0016	0.0076	0.0069	0.0053	0.0003	0.0001	0.0012	0.2108	0.2661	0.0659	0.2299	0.2670	0.0361	0.1843	0.2643	0.0811
29	45	0.1243	2	1	2	0	0	0	0	0	0	N	Y	N	N	N	N	N	N	N	N	N	N	0.0094	0.0066	0.0217	0.1098	0.0914	0.3334	0.0028	0.0000	0.0133	0.0091	0.0046	0.0350	0.0318	0.0221	0.2370	0.0040	0.0000	0.0231	0.9671	0.6885	1.6085	0.2893	0.2417	0.7110	1.3957	1.1340	1.7425	1.3436	1.0152	0.0005	0.0471	3.9885	12.0036	8.5018	21.9053	0.0035	0.0015	0.0020	0.0023	0.0015	0.0008	0.0013	0.0000	0.0013	1.0377	0.5150	0.5228	0.1203	0.0903	0.0300	0.9175	0.4247	0.4928	0.3880	0.3302	0.0578	0.0712	0.0680	0.0032	0.3168	0.2622	0.0546	1.0730	0.7480	0.3250	0.4157	0.3735	0.0422	0.6573	0.3745	0.2828	0.0094	0.0066	0.0217	0.1098	0.0914	0.3334	0.0028	0.0000	0.0133	0.9671	0.6885	1.6085	0.2893	0.2417	0.7110	1.3957	1.1340	1.7425
29	46	0.6057	10	2	2	0	0	0	0	0	0	Y	Y	N	N	N	N	N	N	N	N	N	N	0.0500	0.0009	55.1841	0.0646	0.0016	11607.2852	4.2417	0.0000	9.6884	0.0012	0.0000	0.0086	0.0028	0.0001	0.0515	0.0004	0.0000	0.0022	0.0248	0.0334	0.0002	0.0426	0.0496	0.0000	0.0001	0.0000	0.0002	45.5635	0.0016	0.0000	-0.0012	3.9885	2.0120	8.5018	1.9924	0.0001	0.0000	0.0001	0.0001	0.0000	0.0001	0.0000	0.0000	0.0000	0.0026	0.0026	0.0000	0.0026	0.0026	0.0000	0.0000	0.0000	0.0000	0.0740	0.0635	0.0105	0.0262	0.0248	0.0014	0.0479	0.0387	0.0091	0.1051	0.0780	0.0271	0.0612	0.0526	0.0086	0.0439	0.0254	0.0185	0.0500	0.0009	55.1841	0.0646	0.0016	11607.2852	4.2417	0.0000	9.6884	0.0248	0.0334	0.0002	0.0426	0.0496	0.0000	0.0001	0.0000	0.0002
29	47	0.2289	8	2	2	0	0	0	0	0	0	Y	Y	N	N	N	N	N	N	N	N	N	N	0.0000	0.0000	0.0000	0.0000	0.0000	0.0000	0.0000	0.0000	0.0000	0.0000	0.0000	0.0000	0.0000	0.0000	0.0000	0.0000	0.0000	0.0000	2.4032	3.5345	0.0001	1.5845	1.9066	0.0005	2.9611	5.1323	0.0000	0.0000	0.0000	-0.1281	3.9885	0.0002	8.5018	4.0036	0.0000	0.0000	0.0000	0.0000	0.0000	0.0000	0.0000	0.0000	0.0000	0.2794	0.2794	0.0000	0.0747	0.0747	0.0000	0.2047	0.2047	0.0000	0.0000	0.0000	0.0000	0.0000	0.0000	0.0000	0.0000	0.0000	0.0000	0.1163	0.0790	0.0372	0.0471	0.0392	0.0080	0.0691	0.0399	0.0293	0.0000	0.0000	0.0000	0.0000	0.0000	0.0000	0.0000	0.0000	0.0000	2.4032	3.5345	0.0001	1.5845	1.9066	0.0005	2.9611	5.1323	0.0000	
29	48	0.1243	2	1	2	0	1	0	0	0	0	N	Y	N	N	N	N	N	N	N	N	N	N	1.2138	10.6126	0.0000	0.5226	0.6318	0.0000	1.0249	73.5264	0.0000	1.2727	1.5021	0.0000	0.1611	0.1685	0.0000	1.5261	1.8555	0.0000	1.0485	0.1415	3.1629	0.3083	0.2667	0.6970	1.4889	0.0252	3.4992	0.0000	9.5853	-0.1112	0.7317	3.9885	6.0036	8.5018	51.7820	0.2520	0.2520	0.0000	0.0059	0.0059	0.0000	0.2461	0.2461	0.0000	1.6364	0.1546	1.4818	0.1795	0.1403	0.0392	1.4569	0.0143	1.4426	0.1980	0.1678	0.0302	0.0368	0.0352	0.0016	0.1613	0.1326	0.0286	1.5608	1.0923	0.4685	0.5823	0.5260	0.0562	0.9785	0.5662	0.4123	1.2138	10.6126	0.0000	0.5226	0.6318	0.0000	1.0249	73.5264	0.0000	1.0485	0.1415	3.1629	0.3083	0.2667	0.6970	1.4889	0.0252	3.4992
29	49	0.1243	2	2	2	0	0	0	0	0	0	Y	Y	N	N	N	N	N	N	N	N	N	N	4.7765	0.0125	10.5366	26.3038	0.0375	113.3917	2.3569	0.0000	5.8286	2.4518	0.0010	16.0472	6.0967	0.0046	138.9257	1.6208	0.0000	9.1284	0.5133	0.0767	1.5230	0.2318	0.1215	1.2252	0.6877	0.0330	1.5661	3030.0409	8.5900	0.2709	0.2722	3.9885	5.9964	8.5018	34.6547	0.4850	0.0002	0.4848	0.2239	0.0002	0.2237	0.2611	0.0000	0.2611	0.6224	0.0649	0.5575	0.1075	0.0507	0.0568	0.5149	0.0142	0.5008	0.1978	0.1676	0.0302	0.0367	0.0351	0.0016	0.1611	0.1325	0.0286	1.2126	0.8465	0.3661	0.4638	0.4175	0.0463	0.7488	0.4290	0.3197	4.7765	0.0125	10.5366	26.3038	0.0375	113.3917	2.3569	0.0000	5.8286	0.5133	0.0767	1.5230	0.2318	0.1215	1.2252	0.6877	0.0330	1.5661
29	50	0.2139	3	1	1	1	0	0	0	0	0	N	N	N	N	N	N	N	N	N	N	N	N	0.0083	0.0055	0.0281	0.0550	0.0423	0.2476	0.0022	0.0007	0.0136	0.0045	0.0031	0.0133	0.0127	0.0094	0.0710	0.0018	0.0007	0.0072	0.5390	0.5640	0.4722	0.2307	0.2226	0.2867	0.8225	1.0267	0.5251	0.6780	0.3137	-0.0002	-0.2426	3.9885	31.2093	8.5018	46.3939	0.0045	0.0027	0.0018	0.0031	0.0022	0.0009	0.0014	0.0005	0.0009	1.1049	0.8411	0.2638	0.2266	0.1910	0.0356	0.8783	0.6501	0.2283	1.0028	0.8659	0.1369	0.2472	0.2342	0.0131	0.7555	0.6317	0.1238	2.0500	1.4912	0.5588	0.9821	0.8580	0.1241	1.0678	0.6332	0.4347	0.0083	0.0055	0.0281	0.0550	0.0423	0.2476	0.0022	0.0007	0.0136	0.5390	0.5640	0.4722	0.2307	0.2226	0.2867	0.8225	1.0267	0.5251
29	51	0.1611	3	1	2	0	0	0	0	0	0	N	Y	N	N	N	N	N	N	N	N	N	N	49.5894	0.0168	112.9832	11.5628	0.0411	152.2742	46.0605	0.0000	103.7406	3.4281	0.0004	20.6031	0.4123	0.0013	9.3064	4.5506	0.0000	21.4795	0.0691	0.0250	0.1824	0.0357	0.0328	0.0611	0.0988	0.0138	0.2071	9808.6208	2.8489	0.3200	0.0156	3.9885	4.1516	8.5018	14.5664	0.5726	0.0001	0.5725	0.0187	0.0001	0.0186	0.5539	0.0000	0.5539	0.0552	0.0143	0.0409	0.0134	0.0111	0.0023	0.0418	0.0033	0.0386	0.1670	0.1392	0.0278	0.0453	0.0433	0.0020	0.1217	0.0959	0.0258	0.7989	0.5747	0.2242	0.3754	0.3374	0.0379	0.4235	0.2373	0.1862	49.5894	0.0168	112.9832	11.5628	0.0411	152.2742	46.0605	0.0000	103.7406	0.0691	0.0250	0.1824	0.0357	0.0328	0.0611	0.0988	0.0138	0.2071
29	52	0.2416	5	2	1	1	0	0	0	0	0	Y	N	N	N	N	N	N	N	N	N	N	N	8.3580	8.5362	84.7400	8.9855	7.7297	2349.4417	1.3732	0.0000	26.8013	0.1684	0.2370	0.0050	0.3754	0.3767	0.2447	0.0006	0.0000	0.0012	0.0201	0.0278	0.0001	0.0418	0.0487	0.0001	0.0005	0.0007	0.0000	0.0089	0.0008	-0.0000	-0.0003	3.9885	0.0028	8.5018	0.9232	0.0001	0.0001	0.0000	0.0001	0.0001	0.0000	0.0000	0.0000	0.0000	0.0007	0.0007	0.0000	0.0007	0.0007	0.0000	0.0000	0.0000	0.0000	0.0006	0.0004	0.0002	0.0003	0.0003	0.0000	0.0003	0.0001	0.0002	0.0364	0.0264	0.0100	0.0174	0.0149	0.0025	0.0191	0.0115	0.0075	8.3580	8.5362	84.7400	8.9855	7.7297	2349.4417	1.3732	0.0000	26.8013	0.0201	0.0278	0.0001	0.0418	0.0487	0.0001	0.0005	0.0007	0.0000
29	53	0.6209	9	1	2	0	0	0	0	0	0	N	Y	N	N	N	N	N	N	N	N	N	N	15.4944	13.5679	1.1117	0.2371	0.1928	21.7099	306.9856	1828.0247	0.1200	2.7932	3.2319	0.0218	0.0666	0.0609	0.2040	4.1124	5.0366	0.0028	0.1803	0.2382	0.0196	0.2808	0.3159	0.0094	0.0134	0.0028	0.0234	0.0011	0.0297	-0.4304	-0.0877	3.9885	8.5400	8.5018	19.3759	0.9780	0.9770	0.0010	0.0076	0.0067	0.0009	0.9704	0.9703	0.0001	0.2042	0.1983	0.0059	0.1985	0.1978	0.0008	0.0057	0.0006	0.0051	0.3501	0.3023	0.0478	0.1142	0.1096	0.0045	0.2360	0.1926	0.0433	1.1329	0.8327	0.3003	0.7070	0.6261	0.0810	0.4259	0.2066	0.2193	15.4944	13.5679	1.1117	0.2371	0.1928	21.7099	306.9856	1828.0247	0.1200	0.1803	0.2382	0.0196	0.2808	0.3159	0.0094	0.0134	0.0028	0.0234
29	54	0.5579	8	1	1	0	0	0	0	0	0	N	N	N	N	N	N	N	N	N	N	N	N	0.7917	0.9592	0.2659	1.1987	1.2041	0.2778	0.6259	6.7892	0.2542	0.1722	0.1879	0.0721	0.3197	0.3297	0.0596	0.0961	0.1013	0.0734	0.2176	0.1959	0.2712	0.2667	0.2738	0.2145	0.1535	0.0149	0.2887	0.0601	0.5589	-0.0207	-0.0253	3.9885	7.3474	8.5018	24.2346	0.0538	0.0508	0.0031	0.0340	0.0338	0.0002	0.0198	0.0170	0.0028	0.2533	0.1625	0.0908	0.1758	0.1588	0.0170	0.0775	0.0037	0.0738	0.3125	0.2702	0.0424	0.1065	0.1025	0.0040	0.2060	0.1677	0.0384	1.1642	0.8293	0.3349	0.6591	0.5798	0.0793	0.5051	0.2495	0.2556	0.7917	0.9592	0.2659	1.1987	1.2041	0.2778	0.6259	6.7892	0.2542	0.2176	0.1959	0.2712	0.2667	0.2738	0.2145	0.1535	0.0149	0.2887
29	55	0.5281	7	1	1	0	0	0	0	0	0	N	N	N	N	N	N	N	N	N	N	N	N	1.1728	0.6380	4.7838	1.1998	1.1372	1.2873	1.4319	0.4745	4.6107	0.3844	0.2160	1.4624	0.4928	0.5056	0.1286	0.3213	0.0137	1.5982	0.3278	0.3386	0.3057	0.4108	0.4446	0.0999	0.2244	0.0288	0.3466	1.0578	0.4415	0.0045	-0.0584	3.9885	3.4216	8.5018	15.9376	0.0615	0.0299	0.0316	0.0291	0.0288	0.0003	0.0325	0.0011	0.0314	0.3843	0.2666	0.1177	0.2672	0.2608	0.0064	0.1171	0.0058	0.1113	0.1601	0.1385	0.0216	0.0589	0.0570	0.0020	0.1011	0.0815	0.0196	1.1723	0.7873	0.3850	0.6504	0.5866	0.0639	0.5219	0.2007	0.3211	1.1728	0.6380	4.7838	1.1998	1.1372	1.2873	1.4319	0.4745	4.6107	0.3278	0.3386	0.3057	0.4108	0.4446	0.0999	0.2244	0.0288	0.3466
29	56	0.2448	3	1	2	0	0	0	0	0	0	N	Y	N	N	N	N	N	N	N	N	N	N	0.0027	0.0202	0.0001	0.0106	0.0453	0.0001	0.0001	0.0044	0.0001	0.0008	0.0009	0.0001	0.0028	0.0029	0.0002	0.0000	0.0000	0.0000	0.2864	0.0450	0.9186	0.2669	0.0651	1.3638	0.3114	0.0067	0.7129	0.0095	7.8004	-0.0000	0.1181	3.9885	0.9891	8.5018	20.6926	0.0000	0.0000	0.0000	0.0000	0.0000	0.0000	0.0000	0.0000	0.0000	0.2759	0.0313	0.2445	0.1445	0.0297	0.1147	0.1314	0.0016	0.1298	0.0359	0.0307	0.0051	0.0097	0.0092	0.0005	0.0262	0.0215	0.0047	0.9632	0.6970	0.2662	0.5412	0.4571	0.0841	0.4220	0.2399	0.1821	0.0027	0.0202	0.0001	0.0106	0.0453	0.0001	0.0001	0.0044	0.0001	0.2864	0.0450	0.9186	0.2669	0.0651	1.3638	0.3114	0.0067	0.7129
29	57	0.1243	2	1	1	0	0	0	0	0	0	N	N	N	N	N	N	N	N	N	N	N	N	0.0139	0.0892	0.0001	0.2633	0.3059	0.0002	0.0003	0.0040	0.0001	0.0156	0.0183	0.0005	0.0811	0.0848	0.0001	0.0005	0.0005	0.0005	1.1228	0.2051	3.2495	0.3082	0.2773	0.5890	1.6221	0.1357	3.6291	0.0048	6.8348	-0.0011	0.6006	3.9885	5.0326	8.5018	39.3193	0.0026	0.0026	0.0000	0.0025	0.0025	0.0000	0.0001	0.0001	0.0000	1.4507	0.1852	1.2655	0.1513	0.1227	0.0286	1.2993	0.0625	1.2369	0.1672	0.1415	0.0257	0.0312	0.0298	0.0014	0.1360	0.1117	0.0244	1.2921	0.9026	0.3895	0.4911	0.4424	0.0486	0.8010	0.4602	0.3408	0.0139	0.0892	0.0001	0.2633	0.3059	0.0002	0.0003	0.0040	0.0001	1.1228	0.2051	3.2495	0.3082	0.2773	0.5890	1.6221	0.1357	3.6291
29	58	0.1243	2	1	2	0	1	0	0	0	0	N	Y	N	N	N	N	N	N	N	N	N	N	0.0029	0.0051	0.0000	0.1254	0.1386	0.0000	0.0000	0.0000	0.0000	0.0055	0.0065	0.0000	0.0295	0.0308	0.0000	0.0000	0.0000	0.0000	1.8749	1.2611	3.2954	0.2350	0.2222	0.3505	2.8876	2.2683	3.7201	0.0000	1.1293	-0.0004	0.1668	3.9885	5.0036	8.5018	36.7244	0.0009	0.0009	0.0000	0.0009	0.0009	0.0000	0.0000	0.0000	0.0000	2.3173	1.0883	1.2290	0.1109	0.0944	0.0165	2.2064	0.9939	1.2125	0.1663	0.1407	0.0256	0.0310	0.0297	0.0013	0.1353	0.1110	0.0242	1.2359	0.8630	0.3729	0.4718	0.4248	0.0470	0.7641	0.4382	0.3259	0.0029	0.0051	0.0000	0.1254	0.1386	0.0000	0.0000	0.0000	0.0000	1.8749	1.2611	3.2954	0.2350	0.2222	0.3505	2.8876	2.2683	3.7201
29	59	0.5085	7	1	2	0	1	0	0	0	0	N	Y	N	N	N	N	N	N	N	N	N	N	44.9557	39.2424	77.2193	66.7197	59.3237	67.8628	32.6633	22.3332	118.2490	1.7551	2.1540	0.0201	3.2251	3.3393	0.0339	0.8262	1.1452	0.0190	0.0390	0.0549	0.0003	0.0483	0.0563	0.0005	0.0253	0.0513	0.0002	0.0021	0.0019	-0.4174	-0.0333	3.9885	10.4254	8.5018	21.2017	0.9509	0.9489	0.0020	0.6766	0.6763	0.0002	0.2743	0.2725	0.0018	0.0729	0.0728	0.0001	0.0539	0.0538	0.0001	0.0191	0.0190	0.0001	0.5418	0.4405	0.1013	0.2098	0.2025	0.0072	0.3320	0.2380	0.0940	1.8680	1.3261	0.5419	1.1142	0.9554	0.1588	0.7538	0.3707	0.3831	44.9557	39.2424	77.2193	66.7197	59.3237	67.8628	32.6633	22.3332	118.2490	0.0390	0.0549	0.0003	0.0483	0.0563	0.0005	0.0253	0.0513	0.0002
29	60	0.2416	5	2	1	1	0	0	0	0	0	Y	N	N	N	N	N	N	N	N	N	N	N	0.0067	0.0057	0.0000	0.0877	0.0791	0.0000	0.0000	0.0000	0.0000	0.0105	0.0125	0.0000	0.0540	0.0556	0.0000	0.0000	0.0000	0.0000	1.5720	2.2046	0.0357	0.6160	0.7024	0.1345	2.3594	3.9718	0.0052	0.0000	0.0067	-0.0003	-0.1174	3.9885	1.9981	8.5018	3.0867	0.0008	0.0008	0.0000	0.0008	0.0008	0.0000	0.0000	0.0000	0.0000	0.2598	0.2581	0.0017	0.0460	0.0444	0.0015	0.2138	0.2136	0.0002	0.0725	0.0611	0.0113	0.0141	0.0137	0.0004	0.0584	0.0474	0.0109	0.1653	0.1171	0.0482	0.0746	0.0633	0.0114	0.0906	0.0538	0.0368	0.0067	0.0057	0.0000	0.0877	0.0791	0.0000	0.0000	0.0000	0.0000	1.5720	2.2046	0.0357	0.6160	0.7024	0.1345	2.3594	3.9718	0.0052
29	61	0.1983	4	2	1	1	0	0	0	0	0	Y	N	N	N	N	N	N	N	N	N	N	N	68.6927	57.3645	0.1650	170.6707	150.5657	1.4517	0.0005	0.0000	0.0555	1.7606	2.0911	0.0000	10.3112	10.5663	0.0015	0.0000	0.0000	0.0000	0.0256	0.0365	0.0003	0.0604	0.0702	0.0010	0.0017	0.0028	0.0001	0.0000	0.0031	-0.1094	-0.0068	3.9885	4.0039	8.5018	14.0733	0.2481	0.2481	0.0000	0.2481	0.2481	0.0000	0.0000	0.0000	0.0000	0.0149	0.0149	0.0000	0.0143	0.0143	0.0000	0.0006	0.0006	0.0000	0.1409	0.1187	0.0223	0.0241	0.0235	0.0006	0.1169	0.0952	0.0217	0.5827	0.4084	0.1742	0.2374	0.2039	0.0335	0.3453	0.2046	0.1407	68.6927	57.3645	0.1650	170.6707	150.5657	1.4517	0.0005	0.0000	0.0555	0.0256	0.0365	0.0003	0.0604	0.0702	0.0010	0.0017	0.0028	0.0001
29	62	0.2177	5	2	1	1	0	0	0	0	0	Y	N	N	N	N	N	N	N	N	N	N	N	0.0083	0.0066	0.0045	0.0139	0.0119	0.0233	0.0000	0.0000	0.0000	0.0103	0.0122	0.0000	0.0246	0.0250	0.0009	0.0000	0.0000	0.0000	1.2419	1.8303	0.0096	1.7734	2.1002	0.0377	0.8937	1.5688	0.0029	0.0006	0.0025	-0.0000	-0.2734	3.9885	0.0060	8.5018	17.2393	0.0000	0.0000	0.0000	0.0000	0.0000	0.0000	0.0000	0.0000	0.0000	0.5998	0.5983	0.0015	0.3390	0.3379	0.0011	0.2608	0.2605	0.0004	0.0008	0.0007	0.0001	0.0003	0.0003	0.0000	0.0005	0.0003	0.0001	0.4830	0.3269	0.1561	0.1912	0.1609	0.0303	0.2919	0.1660	0.1258	0.0083	0.0066	0.0045	0.0139	0.0119	0.0233	0.0000	0.0000	0.0000	1.2419	1.8303	0.0096	1.7734	2.1002	0.0377	0.8937	1.5688	0.0029
29	63	0.1611	3	1	1	1	0	0	0	0	0	N	N	N	N	N	N	N	N	N	N	N	N	0.0013	0.0248	0.0000	0.0146	0.0374	0.0000	0.0000	0.0000	0.0000	0.0006	0.0008	0.0000	0.0017	0.0018	0.0000	0.0000	0.0000	0.0000	0.4549	0.0302	1.5535	0.1157	0.0468	0.7328	0.7797	0.0043	1.7292	0.0016	19.8515	-0.0000	0.1479	3.9885	1.0230	8.5018	12.1924	0.0000	0.0000	0.0000	0.0000	0.0000	0.0000	0.0000	0.0000	0.0000	0.2997	0.0144	0.2853	0.0373	0.0136	0.0237	0.2624	0.0008	0.2616	0.0630	0.0503	0.0127	0.0223	0.0216	0.0008	0.0406	0.0287	0.0120	0.6588	0.4752	0.1836	0.3223	0.2899	0.0324	0.3365	0.1852	0.1513	0.0013	0.0248	0.0000	0.0146	0.0374	0.0000	0.0000	0.0000	0.0000	0.4549	0.0302	1.5535	0.1157	0.0468	0.7328	0.7797	0.0043	1.7292
29	64	0.1243	2	1	1	0	0	0	0	0	0	N	N	N	N	N	N	N	N	N	N	N	N	0.0066	0.0787	0.0004	0.1889	0.2072	0.0015	0.0002	0.0100	0.0004	0.0145	0.0167	0.0026	0.0721	0.0752	0.0008	0.0008	0.0004	0.0027	2.1804	0.2126	6.8367	0.3816	0.3628	0.5311	3.4766	0.0364	7.6201	0.0293	13.8711	-0.0005	0.6036	3.9885	2.4556	8.5018	12.4191	0.0012	0.0012	0.0000	0.0012	0.0012	0.0000	0.0001	0.0000	0.0000	1.2723	0.0856	1.1867	0.0932	0.0788	0.0144	1.1790	0.0067	1.1723	0.0840	0.0706	0.0134	0.0161	0.0154	0.0007	0.0679	0.0551	0.0127	0.5835	0.4025	0.1810	0.2444	0.2172	0.0272	0.3391	0.1853	0.1538	0.0066	0.0787	0.0004	0.1889	0.2072	0.0015	0.0002	0.0100	0.0004	2.1804	0.2126	6.5555	0.3816	0.3628	0.5311	3.4766	0.0364	7.6201
29	65	0.2467	4	1	2	0	0	0	0	0	0	N	Y	N	N	N	N	N	N	N	N	N	N	0.0114	0.0099	0.0036	0.0009	0.0009	0.0006	0.0120	0.0088	0.0341	0.0069	0.0080	0.0002	0.0003	0.0003	0.0001	0.0104	0.0126	0.0003	0.6059	0.8021	0.0641	0.3502	0.3727	0.2153	0.8701	1.4284	0.0074	0.0046	0.0289	-0.0002	-0.1221	3.9885	1.7555	8.5018	11.9300	0.0005	0.0005	0.0000	0.0000	0.0000	0.0000	0.0005	0.0005	0.0000	0.2838	0.2758	0.0080	0.0833	0.0760	0.0073	0.2005	0.1998	0.0007	0.0697	0.0600	0.0097	0.0245	0.0227	0.0018	0.0452	0.0373	0.0079	0.4684	0.3439	0.1245	0.2380	0.2040	0.0340	0.2304	0.1399	0.0905	0.0114	0.0099	0.0036	0.0009	0.0009	0.0006	0.0120	0.0088	0.0341	0.6059	0.8021	0.0641	0.3502	0.3727	0.2153	0.8701	1.4284	0.0074
29	66	0.2257	6	2	2	1	0	0	0	0	0	Y	Y	N	N	N	N	N	N	N	N	N	N	0.0000	0.0000	0.0000	0.0000	0.0000	0.0000	0.0000	0.0000	0.0000	0.0000	0.0000	0.0000	0.0000	0.0000	0.0000	0.0000	0.0000	0.0000	0.0000	0.0000	3.9885	0.0000	8.5018	0.0000	0.0000	0.0000	0.0000	0.0000	0.0000	0.0000	0.0000	0.0000	0.0000	0.0000	0.0000	0.0000	0.0000	0.0000	0.0000	0.0000	0.0000	0.0000	0.0000	0.0000	0.0000	0.0000	0.0000	0.0000	0.0000	0.0000	0.0000	0.0000	0.0000	0.0000	0.0000	0.0000	0.0000	0.0000	0.0000	0.0000	0.0000	0.0000	0.0000	0.0000	0.0000	0.0000	0.0000	0.0000	0.0000	0.0000	0.0000	0.0000	0.0000	0.0000	0.0000	0.0000	0.0000	0.0000											
29	67	0.7302	9	2	2	1	0	0	0	0	0	Y	Y	N	N	N	N	N	N	N	N	N	N	0.0000	0.0000	0.0000	0.0000	0.0000	0.0000	0.0000	0.0000	0.0000	0.0000	0.0000	0.0000	0.0000	0.0000	0.0000	0.1684	0.0000	0.6056	0.2970	0.0000	2.2487	0.0007	0.0000	0.0015	inf	0.0000	0.0061	3.9885	1.0000	8.5018	3.0000	0.0000	0.0000	0.0000	0.0000	0.0000	0.0000	0.0000	0.0000	0.0000	0.0113	0.0000	0.0113	0.0113	0.0000	0.0113	0.0000	0.0000	0.0000	0.0286	0.0251	0.0035	0.0120	0.0111	0.0010	0.0165	0.0140	0.0026	0.0672	0.0485	0.0187	0.0380	0.0330	0.0050	0.0292	0.0155	0.0137	0.0000	0.0000	0.0000	0.0000	0.0000	0.0000	0.0000	0.0000	0.0000	0.1684	0.0000	0.6056	0.2970	0.0000	2.2487	0.0007	0.0000	0.0015				
29	68	0.2257	6	2	2	1	0	0	0	0	0	Y	Y	N	N	N	N	N	N	N	N	N	N	0.0000	0.0000	0.0000	0.0000	0.0000	0.0000	0.0000	0.0000	0.0000	0.0000	0.0000	0.0000	0.0000	0.0000	0.0000	0.0000	0.0000	0.0000	0.0000	0.0000	3.9885	1.0000	8.5018	0.0000	0.0000	0.0000	0.0000	0.0000	0.0000	0.0000	0.0000	0.0000	0.0000	0.0000	0.0000	0.0000	0.0000	0.0000	0.0000	0.0000	0.0000	0.0000	0.0362	0.0306	0.0057	0.0060	0.0059	0.0001	0.0303	0.0247	0.0056	0.0308	0.0209	0.0099	0.0131	0.0108	0.0023	0.0177	0.0100	0.0076	0.0000	0.0000	0.0000	0.0000	0.0000	0.0000	0.0000	0.0000	0.0000	0.0000	0.0000	0.0000	0.0000	0.0000	0.0000	0.0000	0.0000	0.0000											
29	69	0.2093	5	2	2	1	0	0	0	0	0	Y	Y	N	N	N	N	N	N	N	N	N	N	0.0042	0.0027	3.6533	0.0523	0.0346	82.2943	0.0002	0.0000	1.2369	0.0034	0.0031	0.0052	0.0178	0.0147	0.1786	0.0002	0.0000	0.0013	0.8124	1.1452	0.0014	0.3398	0.4238	0.0022	1.2842	2.0797	0.0010	0.3088	0.0005	-0.0000	-0.1126	3.9885	1.0155	8.5018	5.9708	0.0001	0.0001	0.0000	0.0001	0.0001	0.0000	0.0000	0.0000	0.0000	0.2460	0.2458	0.0001	0.0514	0.0513	0.0001	0.1946	0.1945	0.0001	0.0386	0.0327	0.0059	0.0069	0.0068	0.0001	0.0317	0.0259	0.0058	0.3028	0.2147	0.0881	0.1513	0.1211	0.0301	0.1515	0.0935	0.0580	0.0042	0.0027	3.6533	0.0523	0.0346	82.2943	0.0002	0.0000	1.2369	0.8124	1.1452	0.0014	0.3398	0.4238	0.0022	1.2842	2.0797	0.0010
29	70	0.2045	4	2	1	1	0	0	0	0	0	Y	N	N	N	N	N	N	N	N	N	N	N	0.2770	0.0856	10.5200	0.6126	0.3871	108.6413	0.1304	0.0000	4.0425	0.0907	0.0371	0.2937	0.0910	0.0764	0.8725	0.0906	0.0000	0.2732	0.3275	0.4330	0.0279	0.1485	0.1973	0.0080	0.6947	0.9211	0.0676	2.0935	0.0227	0.0001	-0.0545	3.9885	0.0406	8.5018	2.3361	0.0004	0.0001	0.0003	0.0002	0.0001	0.0000	0.0002	0.0000	0.0002	0.1250	0.1222	0.0028	0.0381	0.0376	0.0005	0.0869	0.0846	0.0022	0.0043	0.0034	0.0009	0.0017	0.0017	0.0000	0.0026	0.0018	0.0009	0.3815	0.2822	0.0993	0.2564	0.1903	0.0662	0.1251	0.0919	0.0332	0.2770	0.0856	10.5200	0.6126	0.3871	108.6413	0.1304	0.0000	4.0425	0.3275	0.4330	0.0279	0.1485	0.1973	0.0080	0.6947	0.9211	0.0676
29	71	0.7302	9	2	2	1	0	0	0	0	0	Y	Y	N	N	N	N	N	N	N	N	N	N	0.0000	0.0000	0.0000	0.0000	0.0000	0.0000	0.0000	0.0000	0.0000	0.0000	0.0000	0.0000	0.0000	0.0000	0.0000	0.0000	0.0000	0.0000	0.0000	0.0000	3.9885	0.0000	8.5018	0.0000	0.0000	0.0000	0.0000	0.0000	0.0000	0.0000	0.0000	0.0000	0.0000	0.0000	0.0000	0.0000	0.0000	0.0000	0.0000	0.0000	0.0000	0.0000	0.0000	0.0000	0.0000	0.0000	0.0000	0.0000	0.0000	0.0000	0.0000	0.0000	0.0000	0.0000	0.0000	0.0000	0.0000	0.0000	0.0000	0.0000	0.0000	0.0000	0.0000	0.0000	0.0000	0.0000	0.0000	0.0000	0.0000	0.0000	0.0000	0.0000	0.0000	0.0000	0.0000	0.0000	0.0000	0.0000											
29	72	0.7122	8	2	2	1	0	0	0	0	0	Y	Y	N	N	N	N	N	N	N	N	N	N	3.1088	3.0587	0.0091	8.1570	8.4611	0.0000	0.6958	0.5360	0.0122	0.0029	0.0033	0.0000	0.0060	0.0064	0.0000	0.0009	0.0011	0.0000	0.0009	0.0011	0.0006	0.0007	0.0008	0.0006	0.0013	0.0020	0.0005	0.0002	0.1965	-0.0002	-0.0000	3.9885	3.9057	8.5018	1.1104	0.0004	0.0004	0.0000	0.0003	0.0003	0.0000	0.0001	0.0001	0.0000	0.0001	0.0001	0.0000	0.0000	0.0000	0.0000	0.0000	0.0000	0.0000	0.1222	0.1071	0.0151	0.0486	0.0449	0.0037	0.0736	0.0621	0.0115	0.1059	0.0763	0.0296	0.0680	0.0564	0.0116	0.0378	0.0199	0.0180	3.1088	3.0587	0.0091	8.1570	8.4611	0.0000	0.6958	0.5360	0.0122	0.0009	0.0011	0.0006	0.0007	0.0008	0.0006	0.0013	0.0020	0.0005
29	73	0.5094	6	2	2	0	0	0	0	0	0	Y	Y	N	N	N	N	N	N	N	N	N	N	0.0175	0.0149	0.0130	0.0265	0.0229	0.0831	0.0085	0.0066	0.0024	0.0038	0.0043	0.0001	0.0082	0.0086	0.0005	0.0006	0.0007	0.0000	0.2156	0.2871	0.0072	0.3112	0.3747	0.0065	0.0713	0.1104	0.0077	0.0030	0.0086	-0.0006	-0.0903	3.9885	6.9070	8.5018	16.5673	0.0014	0.0014	0.0000	0.0013	0.0013	0.0000	0.0001	0.0001	0.0000	0.2008	0.1991	0.0017	0.1743	0.1737	0.0006	0.0265	0.0254	0.0011	0.3689	0.3238	0.0451	0.1528	0.1464	0.0065	0.2161	0.1775	0.0386	0.9314	0.6935	0.2380	0.5602	0.4636	0.0966	0.3713	0.2299	0.1414	0.0175	0.0149	0.0130	0.0265	0.0229	0.0831	0.0085	0.0066	0.0024	0.2156	0.2871	0.0072	0.3112	0.3747	0.0065	0.0713	0.1104	0.0077
29	74	0.5733	8	1	2	0	1	0	0	0	0	N	Y	N	N	N	N	N	N	N	N	N	N	0.0013	0.0017	0.0013	0.0165	0.0137	0.0961	0.0001	0.0000	0.0006	0.0009	0.0007	0.0017	0.0025	0.0022	0.0106	0.0002	0.0000	0.0009	0.6714	0.4298	1.2488	0.1542	0.1599	0.1106	1.3881	1.1573	1.5809	0.4036	1.2159	-0.0000	0.0553	3.9885	6.4226	8.5018	19.3377	0.0002	0.0001	0.0001	0.0002	0.0001	0.0000	0.0000	0.0000	0.0000	0.6116	0.2760	0.3356	0.0816	0.0749	0.0067	0.5300	0.2011	0.3289	0.2405	0.2051	0.0354	0.0703	0.0673	0.0029	0.1702	0.1377	0.0324	0.9109	0.6422	0.2687	0.5291	0.4684	0.0607	0.3818	0.1738	0.2080	0.0013	0.0017	0.0013	0.0165	0.0137	0.0961	0.0001	0.0000	0.0006	0.6714	0.4298	1.2488	0.1542	0.1599	0.1106	1.3881	1.1573	1.5809
29	75	0.5281	7	1	1	0	1	0	0	0	0	N	N	N	N	N	N	N	N	N	N	N	N	0.6510	1.5470	0.0641	2.9301	3.2214	0.2601	0.0171	0.0132	0.0525	0.1378	0.1552	0.0285	0.3886	0.4013	0.0532	0.0053	0.0004	0.0260	0.2117	0.1003	0.4441	0.1326	0.1246	0.2045	0.3104	0.0319	0.4943	0.0292	2.1197	-0.0126	0.0580	3.9885	5.1932	8.5018	17.4397	0.0306	0.0297	0.0009	0.0298	0.0296	0.0001	0.0008	0.0000	0.0007	0.2622	0.0840	0.1781	0.0913	0.0770	0.0142	0.1709	0.0070	0.1639	0.2218	0.1913	0.0305	0.0766	0.0739	0.0028	0.1451	0.1174	0.0277	1.2388	0.8376	0.4011	0.6880	0.6186	0.0695	0.5507	0.2191	0.3316	0.6510	1.5470	0.0641	2.9301	3.2214	0.2601	0.0171	0.0132	0.0525	0.2117	0.1003	0.4441	0.1326	0.1246	0.2045	0.3104	0.0319	0.4943
29	76	0.4911	6	1	1	0	0	0	0	0	0	N	N	N	N	N	N	N	N	N	N	N	N	0.8571	0.6884	1.8320	1.7430	1.6308	0.3633	0.4533	0.0279	1.4867	0.3130	0.1996	1.0027	0.5034	0.5193	0.0414	0.2172	0.0060	1.0852	0.3652	0.2899	0.5473	0.2888	0.3184	0.1139	0.4791	0.2152	0.7299	0.8268	0.7812	0.0007	-0.0111	3.9885	4.4918	8.5018	17.5337	0.0632	0.0346	0.0286	0.0341	0.0340	0.0001	0.0292	0.0006	0.0285	0.5596	0.3142	0.2454	0.2648	0.2496	0.0151	0.2948	0.0646	0.2303	0.2020	0.1735	0.0285	0.0677	0.0654	0.0023	0.1344	0.1081	0.0263	1.5322	1.0838	0.4484	0.9168	0.7839	0.1329	0.6154	0.2999	0.3155	0.8571	0.6884	1.8320	1.7430	1.6308	0.3633	0.4533	0.0279	1.4867	0.3652	0.2899	0.5473	0.2888	0.3184	0.1139	0.4791	0.2152	0.7299
29	77	0.2202	5	1	1	0	1	0	0	0	0	N	N	N	N	N	N	N	N	N	N	N	N	0.0003	0.0020	0.0000	0.0032	0.0039	0.0001	0.0000	0.0083	0.0000	0.0003	0.0003	0.0000	0.0009	0.0010	0.0000	0.0000	0.0000	0.0000	0.9738	0.1521	3.0044	0.2979	0.2491	0.7551	1.5998	0.0002	3.4355	0.0058	7.9945	-0.0000	0.2400	3.9885	0.3745	8.5018	14.7996	0.0000	0.0000	0.0000	0.0000	0.0000	0.0000	0.0000	0.0000	0.0000	0.5575	0.0620	0.4955	0.0820	0.0620	0.0200	0.4755	0.0000	0.4755	0.0165	0.0146	0.0020	0.0047	0.0046	0.0002	0.0118	0.0100	0.0018	0.5724	0.4075	0.1649	0.2752	0.2487	0.0265	0.2972	0.1588	0.1384	0.0003	0.0020	0.0000	0.0032	0.0039	0.0001	0.0000	0.0083	0.0000	0.9738	0.1521	3.0044	0.2979	0.2491	0.7551	1.5998	0.0002	3.4355
29	78	0.1979	4	1	1	0	1	0	0	0	0	N	N	N	N	N	N	N	N	N	N	N	N	0.0400	0.2306	0.0079	0.3410	0.5589	0.0031	0.0030	0.0486	0.0078	0.0242	0.0258	0.0143	0.0951	0.0992	0.0035	0.0028	0.0003	0.0152	0.6056	0.1119	1.8074	0.2790	0.1774	1.1325	0.9198	0.0059	1.9545	0.0902	6.6334	-0.0005	0.1264	3.9885	1.4595	8.5018	10.3922	0.0013	0.0012	0.0001	0.0012	0.0012	0.0000	0.0001	0.0000	0.0001	0.3077	0.0403	0.2674	0.0695	0.0395	0.0300	0.2382	0.0008	0.2374	0.0550	0.0473	0.0077	0.0127	0.0122	0.0005	0.0422	0.0351	0.0071	0.5081	0.3602	0.1480	0.2492	0.2227	0.0265	0.2590	0.1375	0.1215	0.0400	0.2306	0.0079	0.3410	0.5589	0.0031	0.0030	0.0486	0.0078	0.6056	0.1119	1.8074	0.2790	0.1774	1.1325	0.9198	0.0059	1.9545
29	79	0.1838	3	1	1	0	1	0	0	0	0	N	N	N	N	N	N	N	N	N	N	N	N	30.3378	0.3291	121.5936	2.8516	0.0184	62.3580	32.3599	0.5630	115.9201	5.1179	0.0407	33.2681	0.3974	0.0026	8.1915	6.4111	0.0528	35.0934	0.1687	0.1237	0.2736	0.1394	0.1403	0.1314	0.1981	0.0939	0.3027	147.4183	0.9492	0.1389	0.0019	3.9885	1.3861	8.5018	6.3168	0.2516	0.0017	0.2499	0.0042	0.0000	0.0042	0.2474	0.0017	0.2457	0.0662	0.0340	0.0322	0.0274	0.0247	0.0026	0.0388	0.0092	0.0296	0.0492	0.0416	0.0075	0.0106	0.0101	0.0005	0.0386	0.0316	0.0070	0.3924	0.2746	0.1178	0.1965	0.1764	0.0200	0.1959	0.0981	0.0978	30.3378	0.3291	121.5936	2.8516	0.0184	62.3580	32.3599	0.5630	115.9201	0.1687	0.1237	0.2736	0.1394	0.1403	0.1314	0.1981	0.0939	0.3027
29	80	0.1243	2	1	1	0	1	0	0	0	0	N	N	N	N	N	N	N	N	N	N	N	N	65.2433	77.5604	0.1082	0.2508	0.2399	0.0864	136.3755	534.9828	0.1025	7.4437	8.8110	0.0125	0.0463	0.0482	0.0040	9.1539	11.1791	0.0129	0.1141	0.1136	0.1152	0.1847	0.2010	0.0462	0.0671	0.0209	0.1262	0.0003	0.4463	-0.4405	-0.0140	3.9885	4.0043	8.5018	19.8631	0.9992	0.9989	0.0003	0.0012	0.0012	0.0000	0.9980	0.9978	0.0003	0.0934	0.0646	0.0288	0.0604	0.0588	0.0016	0.0330	0.0058	0.0272	0.1342	0.1134	0.0209	0.0252	0.0241	0.0011	0.1090	0.0893	0.0198	0.8189	0.5686	0.2503	0.3272	0.2927	0.0345	0.4917	0.2759	0.2157	65.2433	77.5604	0.1082	0.2508	0.2399	0.0864	136.3755	534.9828	0.1025	0.1141	0.1136	0.1152	0.1847	0.2010	0.0462	0.0671	0.0209	0.1262
29	81	0.6649	8	1	2	1	0	0	0	0	0	N	Y	N	N	N	N	N	N	N	N	N	N	0.5990	0.5308	0.0019	0.8025	0.7601	0.0123	0.0269	0.1769	0.0000	0.0002	0.0002	0.0000	0.0004	0.0004	0.0000	0.0000	0.0000	0.0000	0.0003	0.0004	0.0001	0.0005	0.0006	0.0000	0.0000	0.0000	0.0001	0.0001	0.0705	-0.0000	-0.0000	3.9885	2.0162	8.5018	4.5500	0.0000	0.0000	0.0000	0.0000	0.0000	0.0000	0.0000	0.0000	0.0000	0.0000	0.0000	0.0000	0.0000	0.0000	0.0000	0.0000	0.0000	0.0000	0.0811	0.0694	0.0116	0.0364	0.0333	0.0031	0.0447	0.0361	0.0085	0.1128	0.0800	0.0328	0.0637	0.0547	0.0090	0.0491	0.0252	0.0238	0.5990	0.5308	0.0019	0.8025	0.7601	0.0123	0.0269	0.1769	0.0000	0.0003	0.0004	0.0001	0.0005	0.0006	0.0000	0.0000	0.0000	0.0001
29	82	0.2323	6	1	2	1	0	0	0	0	0	N	Y	N	N	N	N	N	N	N	N	N	N	0.0026	0.0018	0.2333	0.0387	0.0302	1.5640	0.0002	0.0000	0.2705	0.0001	0.0001	0.0001	0.0006	0.0005	0.0017	0.0000	0.0000	0.0001	0.0442	0.0635	0.0005	0.0148	0.0180	0.0011	0.0714	0.1216	0.0003	0.1953	0.0035	-0.0000	-0.0053	3.9885	3.0011	8.5018	3.7015	0.0000	0.0000	0.0000	0.0000	0.0000	0.0000	0.0000	0.0000	0.0000	0.0117	0.0116	0.0000	0.0019	0.0018	0.0000	0.0098	0.0098	0.0000	0.1057	0.0890	0.0167	0.0189	0.0184	0.0005	0.0867	0.0705	0.0162	0.2640	0.1831	0.0809	0.1269	0.1027	0.0242	0.1371	0.0804	0.0567	0.0026	0.0018	0.2333	0.0387	0.0302	1.5640	0.0002	0.0000	0.2705	0.0442	0.0635	0.0005	0.0148	0.0180	0.0011	0.0714	0.1216	0.0003
29	83	0.2209	5	1	2	0	0	0	0	0	0	N	Y	N	N	N	N	N	N	N	N	N	N	0.0008	0.0007	0.0008	0.0133	0.0114	0.0048	0.0000	0.0000	0.0009	0.0006	0.0007	0.0000	0.0034	0.0034	0.0001	0.0000	0.0000	0.0000	0.7500	1.0277	0.0138	0.2535	0.3032	0.0242	1.2546	1.9894	0.0087	0.0029	0.0051	-0.0000	-0.1109	3.9885	2.0032	8.5018	4.2039	0.0000	0.0000	0.0000	0.0000	0.0000	0.0000	0.0000	0.0000	0.0000	0.2446	0.2434	0.0012	0.0417	0.0410	0.0007	0.2030	0.2024	0.0005	0.0711	0.0598	0.0113	0.0125	0.0122	0.0003	0.0586	0.0477	0.0109	0.3262	0.2368	0.0893	0.1644	0.1351	0.0293	0.1618	0.1018	0.0600	0.0008	0.0007	0.0008	0.0133	0.0114	0.0048	0.0000	0.0000	0.0009	0.7500	1.0277	0.0138	0.2535	0.3032	0.0242	1.2546	1.9894	0.0087
29	84	0.2177	5	2	1	1	0	0	0	0	0	Y	N	N	N	N	N	N	N	N	N	N	N	0.0012	0.0010	0.0001	0.0028	0.0024	0.0016	0.0000	0.0000	0.0000	0.0002	0.0003	0.0000	0.0012	0.0012	0.0000	0.0000	0.0000	0.0000	0.1804	0.2637	0.0068	0.4286	0.5042	0.0145	0.0058	0.0066	0.0049	0.0006	0.0124	-0.0000	-0.0154	3.9885	1.0052	8.5018	4.9545	0.0000	0.0000	0.0000	0.0000	0.0000	0.0000	0.0000	0.0000	0.0000	0.0345	0.0341	0.0004	0.0338	0.0337	0.0002	0.0007	0.0004	0.0002	0.0363	0.0305	0.0057	0.0069	0.0067	0.0002	0.0294	0.0239	0.0055	0.1912	0.1292	0.0620	0.0790	0.0668	0.0122	0.1122	0.0625	0.0498	0.0012	0.0010	0.0001	0.0028	0.0024	0.0016	0.0000	0.0000	0.0000	0.1804	0.2637	0.0068	0.4286	0.5042	0.0145	0.0058	0.0066	0.0049
29	85	0.1983	4	2	1	1	0	0	0	0	0	Y	N	N	N	N	N	N	N	N	N	N	N	0.7707	0.6526	0.3802	1.9104	1.7041	3.4349	0.0014	0.0000	0.1118	0.0407	0.0483	0.0002	0.2360	0.2417	0.0059	0.0000	0.0000	0.0000	0.0528	0.0740	0.0004	0.1235	0.1418	0.0017	0.0023	0.0037	0.0002	0.0007	0.0025	-0.0006	-0.0075	3.9885	0.9968	8.5018	7.6169	0.0015	0.0015	0.0000	0.0015	0.0015	0.0000	0.0000	0.0000	0.0000	0.0165	0.0164	0.0000	0.0161	0.0160	0.0000	0.0004	0.0004	0.0000	0.0357	0.0301	0.0057	0.0062	0.0060	0.0001	0.0296	0.0240	0.0055	0.3121	0.2219	0.0902	0.1299	0.1130	0.0170	0.1822	0.1089	0.0732	0.7707	0.6526	0.3802	1.9104	1.7041	3.4349	0.0014	0.0000	0.1118	0.0528	0.0740	0.0004	0.1235	0.1418	0.0017	0.0023	0.0037	0.0002
29	88	0.2209	5	1	2	0	0	0	0	0	0	N	Y	N	N	N	N	N	N	N	N	N	N	0.0007	0.0006	0.0011	0.0019	0.0016	0.0065	0.0001	0.0000	0.0027	0.0001	0.0002	0.0000	0.0008	0.0008	0.0001	0.0000	0.0000	0.0000	0.2077	0.2888	0.0071	0.4360	0.5208	0.0217	0.0087	0.0133	0.0016	0.0089	0.0099	-0.0000	-0.0485	3.9885	4.0005	8.5018	9.0093	0.0000	0.0000	0.0000	0.0000	0.0000	0.0000	0.0000	0.0000	0.0000	0.1082	0.1071	0.0011	0.1058	0.1049	0.0009	0.0024	0.0023	0.0002	0.1405	0.1183	0.0222	0.0246	0.0240	0.0006	0.1159	0.0943	0.0215	0.5209	0.3709	0.1500	0.2425	0.2014	0.0412	0.2783	0.1695	0.1088	0.0007	0.0006	0.0011	0.0019	0.0016	0.0065	0.0001	0.0000	0.0027	0.2077	0.2888	0.0071	0.4360	0.5208	0.0217	0.0087	0.0133	0.0016
29	89	0.1983	4	1	2	0	0	0	0	0	0	N	Y	N	N	N	N	N	N	N	N	N	N	0.0229	0.0205	0.0068	0.1537	0.1404	0.2383	0.0000	0.0000	0.0007	0.0023	0.0026	0.0002	0.0131	0.0132	0.0058	0.0000	0.0000	0.0000	0.0986	0.1290	0.0248	0.0850	0.0943	0.0244	0.1081	0.1645	0.0250	0.0120	0.0794	-0.0000	-0.0137	3.9885	1.0051	8.5018	9.2650	0.0001	0.0001	0.0000	0.0001	0.0001	0.0000	0.0000	0.0000	0.0000	0.0356	0.0330	0.0026	0.0127	0.0122	0.0005	0.0229	0.0208	0.0021	0.0360	0.0303	0.0057	0.0062	0.0061	0.0001	0.0298	0.0242	0.0056	0.3610	0.2556	0.1054	0.1494	0.1294	0.0200	0.2116	0.1262	0.0854	0.0229	0.0205	0.0068	0.1537	0.1404	0.2383	0.0000	0.0000	0.0007	0.0986	0.1290	0.0248	0.0850	0.0943	0.0244	0.1081	0.1645	0.0250
29	90	0.2467	4	1	1	1	0	0	0	0	0	N	N	N	N	N	N	N	N	N	N	N	N	0.0265	0.0229	0.0010	0.0423	0.0390	0.0011	0.0001	0.0000	0.0015	0.0047	0.0055	0.0000	0.0143	0.0153	0.0000	0.0000	0.0000	0.0000	0.1788	0.2406	0.0032	0.3378	0.3940	0.0077	0.0066	0.0099	0.0014	0.0001	0.0047	-0.0002	-0.0296	3.9885	2.3559	8.5018	7.1930	0.0004	0.0004	0.0000	0.0004	0.0004	0.0000	0.0000	0.0000	0.0000	0.0652	0.0649	0.0003	0.0641	0.0639	0.0002	0.0012	0.0011	0.0001	0.0899	0.0774	0.0125	0.0298	0.0277	0.0021	0.0601	0.0496	0.0105	0.3648	0.2699	0.0949	0.1897	0.1621	0.0276	0.1751	0.1078	0.0673	0.0265	0.0229	0.0010	0.0423	0.0390	0.0011	0.0001	0.0000	0.0015	0.1788	0.2406	0.0032	0.3378	0.3940	0.0077	0.0066	0.0099	0.0014
29	91	0.2139	3	1	1	0	0	0	0	0	0	N	N	N	N	N	N	N	N	N	N	N	N	0.1022	0.0951	0.0085	0.3081	0.3134	0.0200	0.0102	0.0077	0.0067	0.0088	0.0101	0.0002	0.0230	0.0240	0.0012	0.0010	0.0012	0.0001	0.0865	0.1067	0.0291	0.0747	0.0767	0.0613	0.1008	0.1604	0.0168	0.0037	0.0955	-0.0010	-0.0289	3.9885	4.9284	8.5018	11.0439	0.0022	0.0022	0.0000	0.0020	0.0020	0.0000	0.0002	0.0002	0.0000	0.0778	0.0710	0.0068	0.0367	0.0328	0.0039	0.0411	0.0382	0.0028	0.2489	0.2162	0.0328	0.0885	0.0845	0.0040	0.1605	0.1317	0.0288	0.8987	0.6656	0.2332	0.4913	0.4272	0.0641	0.4075	0.2383	0.1691	0.1022	0.0951	0.0085	0.3081	0.3134	0.0200	0.0102	0.0077	0.0067	0.0865	0.1067	0.0291	0.0747	0.0767	0.0613	0.1008	0.1604	0.0168
29	92	0.1243	2	1	1	0	0	0	0	0	0	N	N	N	N	N	N	N	N	N	N	N	N	0.0133	0.0108	0.0787	0.2387	0.2270	0.0289	0.0020	0.0011	0.0806	0.0135	0.0155	0.0028	0.0592	0.0618	0.0009	0.0029	0.0029	0.0029	1.0132	1.4385	0.0356	0.2481	0.2725	0.0328	1.4995	2.6082	0.0360	0.0333	0.0108	-0.0007	-0.4731	3.9885	3.9161	8.5018	29.2065	0.0018	0.0017	0.0001	0.0015	0.0015	0.0000	0.0003	0.0003	0.0001	1.0567	1.0454	0.0113	0.1005	0.0992	0.0014	0.9562	0.9463	0.0099	0.1314	0.1110	0.0204	0.0247	0.0236	0.0011	0.1067	0.0873	0.0194	1.0429	0.7267	0.3162	0.4053	0.3639	0.0413	0.6376	0.3628	0.2748	0.0133	0.0108	0.0787	0.2387	0.2270	0.0289	0.0020	0.0011	0.0806	1.0132	1.4385	0.0356	0.2481	0.2725	0.0328	1.4995	2.6082	0.0360
29	93	0.6649	8	2	2	0	0	0	0	0	0	Y	Y	N	N	N	N	N	N	N	N	N	N	1.5924	1.8766	0.0020	4.3661	6.3282	0.0037	0.0019	0.0016	0.0002	0.0213	0.0248	0.0000	0.0482	0.0525	0.0001	0.0000	0.0000	0.0000	0.0133	0.0132	0.0137	0.0110	0.0083	0.0268	0.0163	0.0234	0.0085	0.0002	0.4250	-0.0009	-0.0003	3.9885	2.5103	8.5018	7.4742	0.0020	0.0020	0.0000	0.0020	0.0020	0.0000	0.0000	0.0000	0.0000	0.0020	0.0014	0.0006	0.0009	0.0006	0.0003	0.0011	0.0008	0.0003	0.0960	0.0823	0.0137	0.0423	0.0388	0.0035	0.0537	0.0435	0.0102	0.1535	0.1088	0.0447	0.0861	0.0734	0.0127	0.0674	0.0355	0.0319	1.5924	1.8766	0.0020	4.3661	6.3282	0.0037	0.0019	0.0016	0.0002	0.0133	0.0132	0.0137	0.0110	0.0083	0.0268	0.0163	0.0234	0.0085
29	94	0.6287	7	1	2	0	0	0	0	0	0	N	Y	N	N	N	N	N	N	N	N	N	N	1.3035	1.2414	0.1683	2.5296	3.0027	0.0192	0.5577	0.3645	1.2521	0.0221	0.0252	0.0014	0.0387	0.0413	0.0005	0.0108	0.0127	0.0016	0.0170	0.0203	0.0083	0.0153	0.0138	0.0241	0.0193	0.0349	0.0013	0.0083	0.1580	-0.0027	-0.0012	3.9885	7.1305	8.5018	3.2426	0.0064	0.0063	0.0001	0.0045	0.0045	0.0000	0.0018	0.0018	0.0000	0.0037	0.0032	0.0005	0.0019	0.0015	0.0004	0.0017	0.0017	0.0001	0.2873	0.2496	0.0377	0.1168	0.1092	0.0076	0.1704	0.1404	0.0300	0.2155	0.1553	0.0602	0.1255	0.1071	0.0184	0.0900	0.0483	0.0418	1.3035	1.2414	0.1683	2.5296	3.0027	0.0192	0.5577	0.3645	1.2521	0.0170	0.0203	0.0083	0.0153	0.0138	0.0241	0.0193	0.0349	0.0013
29	95	0.1983	4	2	2	0	0	0	0	0	0	Y	Y	N	N	N	N	N	N	N	N	N	N	0.0220	0.0184	0.0000	0.2359	0.2192	0.0000	0.0000	0.0000	0.0000	0.0075	0.0089	0.0000	0.0441	0.0452	0.0000	0.0000	0.0000	0.0000	0.3414	0.4830	0.0154	0.1870	0.2061	0.0740	0.4453	0.7527	0.0014	0.0000	0.0138	-0.0009	-0.1379	3.9885	8.0000	8.5018	22.5660	0.0021	0.0021	0.0000	0.0021	0.0021	0.0000	0.0000	0.0000	0.0000	0.3100	0.3058	0.0042	0.0683	0.0644	0.0039	0.2417	0.2414	0.0003	0.2760	0.2327	0.0433	0.0469	0.0458	0.0011	0.2291	0.1869	0.0421	0.9080	0.6330	0.2750	0.3653	0.3123	0.0530	0.5427	0.3207	0.2220	0.0220	0.0184	0.0000	0.2359	0.2192	0.0000	0.0000	0.0000	0.0000	0.3414	0.4830	0.0154	0.1870	0.2061	0.0740	0.4453	0.7527	0.0014
29	96	0.1243	2	1	1	0	0	0	0	0	0	N	N	N	N	N	N	N	N	N	N	N	N	2.1989	0.0102	58.6735	9.3990	0.0806	3663.6814	1.1471	0.0017	29.6409	1.2795	0.0079	8.5424	3.2164	0.0306	70.8432	0.8438	0.0020	4.8855	0.5819	0.7721	0.1456	0.3422	0.3792	0.0193	0.7356	1.1708	0.1648	189.3450	0.0822	0.2708	-0.2201	3.9885	11.9964	8.5018	18.8414	0.4892	0.0026	0.4866	0.2258	0.0020	0.2237	0.2634	0.0005	0.2629	0.5756	0.5319	0.0437	0.1323	0.1315	0.0008	0.4433	0.4003	0.0430	0.3823	0.3254	0.0570	0.0702	0.0670	0.0032	0.3121	0.2583	0.0538	0.9892	0.6889	0.3004	0.3866	0.3469	0.0397	0.6026	0.3419	0.2607	2.1989	0.0102	58.6735	9.3990	0.0806	3663.6814	1.1471	0.0017	29.6409	0.5819	0.7721	0.1456	0.3422	0.3792	0.0193	0.7356	1.1708	0.1648
29	98	0.2288	6	2	2	1	0	0	0	0	0	Y	Y	N	N	N	N	N	N	N	N	N	N	0.2427	0.0000	1.6710	0.5176	0.0000	7.5871	0.0559	0.0000	0.4362	0.0355	0.0000	0.2390	0.1271	0.0000	3.4984	0.0039	0.0000	0.0210	0.1463	0.1477	0.1430	0.2455	0.2028	0.4611	0.0702	0.0865	0.0481	inf	0.4384	0.0008	-0.0108	3.9885	0.9502	8.5018	16.1595	0.0014	0.0000	0.0014	0.0013	0.0000	0.0013	0.0001	0.0000	0.0001	0.0704	0.0489	0.0214	0.0513	0.0354	0.0159	0.0191	0.0136	0.0056	0.0390	0.0332	0.0058	0.0100	0.0096	0.0004	0.0290	0.0236	0.0054	0.4812	0.3312	0.1500	0.2088	0.1743	0.0345	0.2724	0.1569	0.1155	0.2427	0.0000	1.6710	0.5176	0.0000	7.5871	0.0559	0.0000	0.4362	0.1463	0.1477	0.1430	0.2455	0.2028	0.4611	0.0702	0.0865	0.0481
29	99	0.1243	2	1	2	0	0	0	0	0	0	N	Y	N	N	N	N	N	N	N	N	N	N	2.0977	0.0089	8.3755	12.5836	0.0772	180.4237	1.0023	0.0000	4.3615	1.2764	0.0038	8.5450	3.2154	0.0185	71.0775	0.8403	0.0000	4.8745	0.6085	0.4282	1.0202	0.2555	0.2395	0.3939	0.8383	0.6233	1.1176	392.5537	1.0427	0.2715	0.0289	3.9885	11.9964	8.5018	15.6499	0.4880	0.0012	0.4868	0.2257	0.0012	0.2245	0.2623	0.0000	0.2623	0.5552	0.2718	0.2834	0.0920	0.0772	0.0147	0.4632	0.1946	0.2687	0.3823	0.3254	0.0570	0.0702	0.0670	0.0032	0.3121	0.2583	0.0538	0.9125	0.6347	0.2778	0.3599	0.3225	0.0374	0.5526	0.3122	0.2404	2.0977	0.0089	8.3755	12.5836	0.0772	180.4237	1.0023	0.0000	4.3615	0.6085	0.4282	1.0202	0.2555	0.2395	0.3939	0.8383	0.6233	1.1176
29	100	0.2318	7	2	1	1	0	0	0	0	0	Y	N	N	N	N	N	N	N	N	N	N	N	0.0003	0.0003	0.0000	0.0006	0.0005	0.0000	0.0001	0.0003	0.0000	0.0000	0.0000	0.0000	0.0002	0.0002	0.0000	0.0000	0.0000	0.0000	0.1279	0.1660	0.0448	0.2898	0.3137	0.1662	0.0058	0.0024	0.0104	0.0000	0.1240	-0.0000	-0.0186	3.9885	1.0008	8.5018	13.9255	0.0000	0.0000	0.0000	0.0000	0.0000	0.0000	0.0000	0.0000	0.0000	0.0535	0.0476	0.0059	0.0521	0.0473	0.0048	0.0014	0.0003	0.0011	0.0360	0.0304	0.0056	0.0080	0.0077	0.0003	0.0281	0.0228	0.0053	0.4182	0.2866	0.1317	0.1797	0.1507	0.0290	0.2385	0.1359	0.1026	0.0003	0.0003	0.0000	0.0006	0.0005	0.0000	0.0001	0.0003	0.0000	0.1279	0.1660	0.0448	0.2898	0.3137	0.1662	0.0058	0.0024	0.0104
29	101	0.2288	6	2	1	1	0	0	0	0	0	Y	N	N	N	N	N	N	N	N	N	N	N	0.1467	0.1572	0.0228	0.2109	0.2510	0.0633	0.0014	0.0004	0.0087	0.0110	0.0122	0.0016	0.0255	0.0258	0.0138	0.0000	0.0000	0.0001	0.0751	0.0775	0.0694	0.1208	0.1027	0.2178	0.0284	0.0379	0.0167	0.0162	0.3875	-0.0000	-0.0014	3.9885	0.0532	8.5018	2.0467	0.0001	0.0001	0.0000	0.0001	0.0001	0.0000	0.0000	0.0000	0.0000	0.0080	0.0058	0.0022	0.0065	0.0047	0.0018	0.0015	0.0011	0.0004	0.0069	0.0061	0.0008	0.0030	0.0029	0.0001	0.0039	0.0032	0.0007	0.1066	0.0744	0.0322	0.0539	0.0454	0.0084	0.0527	0.0289	0.0238	0.1467	0.1572	0.0228	0.2109	0.2510	0.0633	0.0014	0.0004	0.0087	0.0751	0.0775	0.0694	0.1208	0.1027	0.2178	0.0284	0.0379	0.0167
29	102	0.2191	5	2	1	1	0	0	0	0	0	Y	N	N	N	N	N	N	N	N	N	N	N	0.0346	0.0216	0.1019	0.0755	0.0526	0.4441	0.0065	0.0001	0.0505	0.0018	0.0011	0.0058	0.0073	0.0040	0.0911	0.0001	0.0000	0.0005	0.0516	0.0493	0.0570	0.0962	0.0755	0.2053	0.0148	0.0182	0.0101	0.9802	0.4943	0.0000	-0.0012	3.9885	2.0948	8.5018	3.0326	0.0001	0.0001	0.0001	0.0001	0.0001	0.0001	0.0000	0.0000	0.0000	0.0097	0.0065	0.0032	0.0082	0.0054	0.0028	0.0015	0.0011	0.0004	0.0797	0.0676	0.0121	0.0188	0.0181	0.0007	0.0609	0.0495	0.0114	0.1885	0.1320	0.0565	0.0852	0.0717	0.0136	0.1032	0.0603	0.0429	0.0346	0.0216	0.1019	0.0755	0.0526	0.4441	0.0065	0.0001	0.0505	0.0516	0.0493	0.0570	0.0962	0.0755	0.2053	0.0148	0.0182	0.0101
29	103	0.1983	4	2	1	1	0	0	0	0	0	Y	N	N	N	N	N	N	N	N	N	N	N	0.2195	0.1855	0.0000	0.5358	0.4777	0.0000	0.0000	0.0000	0.0000	0.0136	0.0162	0.0000	0.0798	0.0817	0.0000	0.0000	0.0000	0.0000	0.0621	0.0872	0.0003	0.1489	0.1711	0.0012	0.0002	0.0004	0.0001	0.0000	0.0013	-0.0008	-0.0090	3.9885	3.9484	8.5018	4.8420	0.0019	0.0019	0.0000	0.0019	0.0019	0.0000	0.0000	0.0000	0.0000	0.0197	0.0197	0.0000	0.0197	0.0196	0.0000	0.0000	0.0000	0.0000	0.1390	0.1170	0.0220	0.0237	0.0232	0.0006	0.1153	0.0939	0.0214	0.3173	0.2255	0.0918	0.1320	0.1147	0.0173	0.1853	0.1108	0.0745	0.2195	0.1855	0.0000	0.5358	0.4777	0.0000	0.0000	0.0000	0.0000	0.0621	0.0872	0.0003	0.1489	0.1711	0.0012	0.0002	0.0004	0.0001
29	104	0.1567	3	1	2	0	0	0	0	0	0	N	Y	N	N	N	N	N	N	N	N	N	N	0.0780	0.0025	0.5933	0.4104	0.0311	0.7024	0.0348	0.0013	0.5726	0.0726	0.0027	0.3926	0.1307	0.0024	1.2882	0.0483	0.0028	0.2167	0.9318	1.0482	0.6616	0.3184	0.0778	1.8339	1.3898	2.1324	0.3784	32.1559	0.2718	0.0161	-0.3209	3.9885	8.9557	8.5018	32.3127	0.0305	0.0009	0.0296	0.0162	0.0003	0.0159	0.0143	0.0006	0.0137	1.3114	1.0312	0.2802	0.1915	0.0404	0.1511	1.1199	0.9908	0.1291	0.4201	0.3447	0.0754	0.1241	0.1117	0.0124	0.2960	0.2330	0.0630	1.4074	0.9838	0.4236	0.6016	0.5192	0.0824	0.8058	0.4646	0.3411	0.0780	0.0025	0.5933	0.4104	0.0311	0.7024	0.0348	0.0013	0.5726	0.9318	1.0482	0.6616	0.3184	0.0778	1.8339	1.3898	2.1324	0.3784
29	105	0.1821	4	1	1	1	0	0	0	0	0	N	N	N	N	N	N	N	N	N	N	N	N	0.0067	0.0042	0.0084	0.0713	0.0122	11.2654	0.0051	0.0000	0.0082	0.0163	0.0001	0.0937	0.0014	0.0003	0.0574	0.0205	0.0000	0.0946	2.4363	0.0164	11.1238	0.0197	0.0216	0.0051	4.0432	0.0110	11.4788	284.6476	211.6298	0.0016	0.5340	3.9885	4.2679	8.5018	7.8415	0.0029	0.0000	0.0028	0.0001	0.0000	0.0000	0.0028	0.0000	0.0028	0.9945	0.0047	0.9898	0.0032	0.0031	0.0001	0.9913	0.0016	0.9897	0.1751	0.1447	0.0304	0.0386	0.0378	0.0008	0.1365	0.1069	0.0296	0.4082	0.2853	0.1229	0.1630	0.1448	0.0182	0.2452	0.1405	0.1047	0.0067	0.0042	0.0116	0.0713	0.0122	11.2654	0.0051	0.0000	0.0100	2.4363	0.0164	8.0516	0.0197	0.0216	0.0051	4.0432	0.0110	9.4516
29	106	0.1567	3	1	1	0	0	0	0	0	0	N	N	N	N	N	N	N	N	N	N	N	N	0.7492	0.0693	5.4031	1.7401	0.2707	17.1463	0.3852	0.0000	2.8960	0.1720	0.0188	0.7116	0.2203	0.0371	1.3692	0.1312	0.0000	0.4494	0.2296	0.2714	0.1317	0.1266	0.1369	0.0799	0.3405	0.4790	0.1552	10.7456	0.2073	0.0151	-0.0439	3.9885	1.9301	8.5018	9.0954	0.0318	0.0027	0.0291	0.0187	0.0027	0.0160	0.0131	0.0000	0.0131	0.1533	0.1269	0.0263	0.0438	0.0388	0.0050	0.1095	0.0881	0.0213	0.1849	0.1440	0.0409	0.0847	0.0731	0.0117	0.1002	0.0709	0.0292	0.6676	0.4678	0.1999	0.3461	0.2838	0.0623	0.3215	0.1839	0.1376	0.7492	0.0693	5.4031	1.7401	0.2707	17.1463	0.3852	0.0000	2.8960	0.2296	0.2714	0.1317	0.1266	0.1369	0.0799	0.3405	0.4790	0.1552
29	107	0.1243	2	1	1	0	0	0	0	0	0	N	N	N	N	N	N	N	N	N	N	N	N	2.7743	0.0113	7.2542	24.4480	0.0885	135.0194	1.2124	0.0018	3.7995	3.4921	0.0049	22.4182	8.4820	0.0182	196.8067	2.3372	0.0013	12.8618	1.2587	0.4307	3.0904	0.3469	0.2062	1.4576	1.9278	0.7001	3.3851	847.9150	3.2440	0.2552	0.2104	3.9885	3.9049	8.5018	9.6098	0.4576	0.0005	0.4570	0.2089	0.0004	0.2084	0.2487	0.0001	0.2486	0.6877	0.1620	0.5256	0.0802	0.0423	0.0379	0.6074	0.1197	0.4877	0.1310	0.1106	0.0204	0.0246	0.0236	0.0011	0.1064	0.0871	0.0193	0.5463	0.3762	0.1701	0.2312	0.2052	0.0260	0.3151	0.1710	0.1441	2.7743	0.0113	7.2542	24.4480	0.0885	135.0194	1.2124	0.0018	3.7995	1.2587	0.4307	3.0904	0.3469	0.2062	1.4576	1.9278	0.7001	3.3851
29	108	0.1455	4	1	2	0	0	0	0	0	0	N	Y	N	N	N	N	N	N	N	N	N	N	58.5365	1.2644	320.2818	2.2787	2.2120	0.8495	181.7521	0.0360	321.3117	3.2112	0.0707	16.7382	0.2310	0.2392	0.0294	4.2018	0.0000	17.6501	0.0549	0.0559	0.0523	0.1014	0.1081	0.0346	0.0231	0.0005	0.0549	54.9927	0.3717	0.5461	-0.0099	3.9885	8.0392	8.5018	22.6195	1.0094	0.0180	0.9914	0.0181	0.0180	0.0001	0.9913	0.0000	0.9913	0.0528	0.0385	0.0143	0.0396	0.0384	0.0012	0.0132	0.0002	0.0131	0.3143	0.2551	0.0592	0.0784	0.0754	0.0031	0.2359	0.1798	0.0562	0.9630	0.6891	0.2739	0.3906	0.3547	0.0359	0.5724	0.3344	0.2380	58.5365	1.2644	320.2818	2.2787	2.2120	0.8495	181.7521	0.0360	321.3117	0.0549	0.0559	0.0523	0.1014	0.1081	0.0346	0.0231	0.0005	0.0549
29	109	0.1455	3	1	1	0	0	0	0	0	0	N	N	N	N	N	N	N	N	N	N	N	N	4.8130	5.4552	3.3691	3.6065	4.6339	1.3768	7.7524	0.0810	5.2137	0.5165	0.4347	0.6364	0.5601	0.5576	0.7651	0.4780	0.0015	0.6346	0.1073	0.0797	0.1889	0.1553	0.1203	0.5557	0.0617	0.0187	0.1217	0.9984	0.8027	0.0018	-0.0003	3.9885	0.2031	8.5018	2.0398	0.0299	0.0150	0.0149	0.0152	0.0150	0.0002	0.0147	0.0000	0.0147	0.0206	0.0114	0.0092	0.0145	0.0103	0.0042	0.0061	0.0011	0.0050	0.0579	0.0344	0.0235	0.0272	0.0268	0.0003	0.0308	0.0076	0.0232	0.1916	0.1432	0.0485	0.0934	0.0859	0.0075	0.0982	0.0572	0.0410	4.8130	5.4552	3.3691	3.6065	4.6339	1.3768	7.7524	0.0810	5.2137	0.1073	0.0797	0.1889	0.1553	0.1203	0.5557	0.0617	0.0187	0.1217
29	110	0.7260	9	2	1	1	0	0	0	0	0	Y	N	N	N	N	N	N	N	N	N	N	N	0.0000	0.0000	0.0000	0.0000	0.0000	0.0000	0.0000	0.0000	0.0000	0.0000	0.0000	0.0000	0.0000	0.0000	0.0000	0.0000	0.0000	0.0000	0.0000	0.0000	0.0001	0.0000	0.0000	0.0000	-0.0000	3.9885	0.0001	8.5018	0.0001	0.0000	0.0000	0.0000	0.0000	0.0000	0.0000	0.0000	0.0000	0.0000	0.0000	0.0000	0.0000	0.0000	0.0000	0.0000	0.0000	0.0000	0.0000	0.0028	0.0022	0.0006	0.0014	0.0014	0.0000	0.0014	0.0008	0.0006	0.0003	0.0002	0.0001	0.0002	0.0001	0.0000	0.0001	0.0000	0.0001	0.0000	0.0000	0.0000	0.0000	0.0000	0.0000	0.0000	0.0000	0.0000	0.0000	0.0000	0.0000	0.0000	0.0000	0.0000	0.0000	0.0001	0.0000						
29	111	0.7122	8	2	1	1	0	0	0	0	0	Y	N	N	N	N	N	N	N	N	N	N	N	0.7637	0.7061	0.3124	0.6706	0.5903	1.8702	0.6310	0.4792	0.0153	0.0015	0.0017	0.0003	0.0010	0.0009	0.0012	0.0019	0.0023	0.0000	0.0020	0.0024	0.0009	0.0014	0.0016	0.0007	0.0031	0.0048	0.0011	0.0243	0.1518	-0.0000	-0.0001	3.9885	1.6718	8.5018	2.9223	0.0001	0.0001	0.0000	0.0000	0.0000	0.0000	0.0001	0.0001	0.0000	0.0002	0.0002	0.0000	0.0001	0.0001	0.0000	0.0001	0.0001	0.0000	0.0594	0.0521	0.0073	0.0244	0.0227	0.0017	0.0350	0.0294	0.0056	0.0995	0.0718	0.0277	0.0645	0.0534	0.0111	0.0350	0.0184	0.0166	0.7637	0.7061	0.3124	0.6706	0.5903	1.8702	0.6310	0.4792	0.0153	0.0020	0.0024	0.0009	0.0014	0.0016	0.0007	0.0031	0.0048	0.0011
29	112	0.6287	7	2	1	1	0	0	0	0	0	Y	N	N	N	N	N	N	N	N	N	N	N	8.4965	7.0895	4.4198	2.7416	2.5303	0.5710	9.1986	6.0744	8.2109	0.5027	0.5793	0.0069	0.1187	0.1265	0.0017	0.7309	0.8852	0.0080	0.0592	0.0817	0.0016	0.0433	0.0500	0.0030	0.0795	0.1457	0.0010	0.0018	0.0075	-0.1030	-0.0099	3.9885	14.0283	8.5018	7.1084	0.2346	0.2341	0.0004	0.0206	0.0206	0.0000	0.2139	0.2135	0.0004	0.0220	0.0218	0.0002	0.0090	0.0089	0.0001	0.0129	0.0129	0.0001	0.4666	0.4041	0.0625	0.1739	0.1629	0.0110	0.2927	0.2412	0.0515	0.3711	0.2667	0.1044	0.2082	0.1783	0.0298	0.1629	0.0883	0.0746	8.4965	7.0895	4.4198	2.7416	2.5303	0.5710	9.1986	6.0744	8.2109	0.0592	0.0817	0.0016	0.0433	0.0500	0.0030	0.0795	0.1457	0.0010
29	113	0.5684	6	1	1	0	0	0	0	0	0	N	N	N	N	N	N	N	N	N	N	N	N	0.2602	0.8608	0.0006	1.4591	1.3619	0.0623	0.0891	0.4696	0.0002	0.0234	0.0268	0.0002	0.0297	0.0309	0.0007	0.0196	0.0239	0.0001	0.0901	0.0311	0.2621	0.0203	0.0227	0.0109	0.2203	0.0508	0.5214	0.0008	2.8876	-0.0041	0.0204	3.9885	8.6129	8.5018	5.1709	0.0093	0.0093	0.0000	0.0045	0.0044	0.0000	0.0048	0.0048	0.0000	0.0717	0.0184	0.0533	0.0105	0.0094	0.0011	0.0612	0.0090	0.0521	0.3966	0.3468	0.0499	0.1500	0.1439	0.0061	0.2466	0.2029	0.0437	0.7962	0.5930	0.2032	0.5186	0.4154	0.1032	0.2776	0.1776	0.1000	0.2602	0.8608	0.0006	1.4591	1.3619	0.0623	0.0891	0.4696	0.0002	0.0901	0.0311	0.2621	0.0203	0.0227	0.0109	0.2203	0.0508	0.5214
29	114	0.4733	5	1	1	0	0	0	0	0	0	N	N	N	N	N	N	N	N	N	N	N	N	2.0256	3.2980	0.0052	0.0328	0.0239	0.6076	1.4534	2.3719	0.0023	3.1936	3.7030	0.0150	0.0126	0.0106	0.0530	4.6893	5.7236	0.0104	1.5766	1.1228	2.8721	0.3841	0.4426	0.0873	3.2265	2.4131	4.4952	0.0007	0.8960	-0.8748	0.0298	3.9885	16.8607	8.5018	22.7724	1.9861	1.9848	0.0013	0.0025	0.0020	0.0005	1.9836	1.9828	0.0008	2.0981	1.1066	0.9915	0.2967	0.2857	0.0111	1.8013	0.8210	0.9804	0.6219	0.5360	0.0859	0.1989	0.1896	0.0093	0.4230	0.3464	0.0766	1.3308	0.9856	0.3452	0.7725	0.6454	0.1271	0.5583	0.3402	0.2181	2.0256	3.2980	0.0052	0.0328	0.0239	0.6076	1.4534	2.3719	0.0023	1.5766	1.1228	2.8721	0.3841	0.4426	0.0873	3.2265	2.4131	4.4952
29	115	0.2045	4	2	1	1	0	0	0	0	0	Y	N	N	N	N	N	N	N	N	N	N	N	0.0448	0.0390	1.2491	0.0001	0.0000	149.9375	633.3709	2218.1813	0.0519	0.0105	0.0125	0.0000	0.0000	0.0000	0.0015	0.0129	0.0161	0.0000	0.2345	0.3216	0.0000	0.3784	0.5022	0.0000	0.0000	0.0000	0.0000	0.0005	0.0000	-0.0002	-0.0491	3.9885	1.0009	8.5018	4.0038	0.0004	0.0004	0.0000	0.0000	0.0000	0.0000	0.0004	0.0004	0.0000	0.1072	0.1072	0.0000	0.1072	0.1072	0.0000	0.0000	0.0000	0.0000	0.0391	0.0327	0.0063	0.0073	0.0072	0.0001	0.0317	0.0255	0.0062	0.4570	0.3333	0.1237	0.2833	0.2134	0.0699	0.1737	0.1199	0.0538	0.0448	0.0390	1.2491	0.0001	0.0000	149.9375	633.3709	2218.1813	0.0519	0.2345	0.3216	0.0000	0.3784	0.5022	0.0000	0.0000	0.0000	0.0000
29	116	0.1762	3	2	1	1	0	0	0	0	0	Y	N	N	N	N	N	N	N	N	N	N	N	0.0374	0.0097	3.4994	0.1879	0.1069	35.3019	0.0180	0.0000	2.4296	0.0345	0.0125	0.1389	0.0598	0.0404	0.7226	0.0255	0.0000	0.1127	0.9236	1.2874	0.0397	0.3184	0.3782	0.0205	1.4186	2.3079	0.0464	2.3350	0.0127	0.0008	-0.2149	3.9885	1.8441	8.5018	10.4794	0.0031	0.0009	0.0021	0.0014	0.0009	0.0005	0.0017	0.0000	0.0017	0.4820	0.4760	0.0060	0.0748	0.0740	0.0008	0.4073	0.4021	0.0052	0.0888	0.0733	0.0154	0.0234	0.0227	0.0007	0.0654	0.0506	0.0148	0.5219	0.3697	0.1522	0.2348	0.1955	0.0393	0.2871	0.1742	0.1129	0.0374	0.0097	3.4994	0.1879	0.1069	35.3019	0.0180	0.0000	2.4296	0.9236	1.2874	0.0397	0.3184	0.3782	0.0205	1.4186	2.3079	0.0464
29	117	0.3605	3	1	2	0	1	0	0	0	0	N	Y	N	N	N	N	N	N	N	N	N	N	0.0118	0.0075	0.1794	0.0876	0.0787	0.0852	0.0026	0.0002	0.1473	0.0097	0.0081	0.0201	0.0203	0.0208	0.0047	0.0045	0.0007	0.0216	0.8242	1.0719	0.1121	0.2314	0.2650	0.0556	1.7496	2.8678	0.1465	0.3885	0.0364	-0.0007	-0.5870	3.9885	10.5071	8.5018	20.2622	0.0045	0.0032	0.0013	0.0031	0.0031	0.0000	0.0014	0.0002	0.0012	1.3868	1.3381	0.0487	0.2374	0.2282	0.0091	1.1494	1.1099	0.0395	0.4656	0.4028	0.0627	0.1525	0.1471	0.0055	0.3130	0.2557	0.0573	1.6827	1.2484	0.4343	1.0257	0.8614	0.1643	0.6570	0.3870	0.2699	0.0118	0.0075	0.1794	0.0876	0.0787	0.0852	0.0026	0.0002	0.1473	0.8242	1.0719	0.1121	0.2314	0.2650	0.0556	1.7496	2.8678	0.1465
29	118	0.1243	2	1	2	0	1	0	0	0	0	N	Y	N	N	N	N	N	N	N	N	N	N	0.0211	0.0264	0.0000	0.2578	0.2793	0.0000	0.0047	0.0052	0.0000	0.0167	0.0197	0.0000	0.0657	0.0687	0.0000	0.0053	0.0065	0.0000	0.7906	0.7490	0.8860	0.2550	0.2460	0.3343	1.1349	1.2605	0.9702	0.0000	0.5160	-0.0010	-0.0914	3.9885	4.0036	8.5018	26.5072	0.0022	0.0022	0.0000	0.0017	0.0017	0.0000	0.0006	0.0006	0.0000	0.7748	0.5111	0.2637	0.0978	0.0846	0.0132	0.6770	0.4265	0.2505	0.1339	0.1131	0.0208	0.0252	0.0241	0.0011	0.1088	0.0891	0.0197	0.9799	0.6823	0.2976	0.3834	0.3440	0.0394	0.5965	0.3383	0.2582	0.0211	0.0264	0.0000	0.2578	0.2793	0.0000	0.0047	0.0052	0.0000	0.7906	0.7490	0.8860	0.2550	0.2460	0.3343	1.1349	1.2605	0.9702
29	119	0.1628	3	1	2	0	0	0	0	0	0	N	Y	N	N	N	N	N	N	N	N	N	N	4.6637	90.5926	0.0004	256.1782	244.7861	0.2065	0.5626	18.1007	0.0002	5.3316	6.2002	0.0013	14.5807	15.5868	0.0040	1.0992	1.3317	0.0009	1.1432	0.0684	3.6329	0.0569	0.0637	0.0193	1.9538	0.0736	4.6289	0.0000	22.9141	-0.4337	0.4998	3.9885	3.8169	8.5018	21.2433	0.9833	0.9833	0.0000	0.8442	0.8442	0.0000	0.1391	0.1391	0.0000	0.9999	0.0418	0.9581	0.0213	0.0202	0.0011	0.9786	0.0216	0.9570	0.1844	0.1586	0.0258	0.0579	0.0542	0.0037	0.1265	0.1044	0.0221	0.8747	0.6109	0.2637	0.3738	0.3168	0.0570	0.5009	0.2941	0.2067	4.6637	90.5926	0.0004	256.1782	244.7861	0.2065	0.5626	18.1007	0.0002	1.1432	0.0684	3.6329	0.0569	0.0637	0.0193	1.9538	0.0736	4.6289
29	120	0.5085	7	1	2	0	0	0	0	0	0	N	Y	N	N	N	N	N	N	N	N	N	N	0.9182	0.0032	32.3101	0.1411	0.0051	22.7427	15.5016	0.0061	43.2259	0.7315	0.0034	4.1879	0.1873	0.0078	4.8870	1.0388	0.0002	4.1302	0.7967	1.0618	0.1296	1.3269	1.5082	0.2149	0.0670	0.0404	0.0955	258.6734	0.0485	0.2944	-0.7029	3.9885	16.3276	8.5018	34.9199	0.5303	0.0020	0.5283	0.0490	0.0020	0.0470	0.4814	0.0001	0.4813	1.7055	1.6266	0.0789	1.6451	1.6078	0.0373	0.0604	0.0188	0.0416	0.7250	0.5988	0.1261	0.2616	0.2520	0.0096	0.4634	0.3469	0.1165	2.1407	1.5320	0.6086	1.2398	1.0661	0.1738	0.9008	0.4659	0.4349	0.9182	0.0032	32.3101	0.1411	0.0051	22.7427	15.5016	0.0061	43.2259	0.7967	1.0618	0.1296	1.3269	1.5082	0.2149	0.0670	0.0404	0.0955
29	121	0.4911	6	1	2	0	0	0	0	0	0	N	Y	N	N	N	N	N	N	N	N	N	N	7.3507	0.6534	46.7626	0.3134	0.3128	0.3872	15.5979	1.8403	56.6733	2.8286	0.2487	18.4601	0.1459	0.1443	0.1900	4.1147	0.3086	20.0738	0.3848	0.3807	0.3948	0.4655	0.4612	0.4907	0.2638	0.1677	0.3542	12.2480	0.4305	0.3556	-0.0914	3.9885	6.1757	8.5018	14.5601	0.7357	0.0555	0.6802	0.0123	0.0117	0.0006	0.7234	0.0438	0.6796	0.5806	0.4059	0.1747	0.4213	0.3568	0.0645	0.1592	0.0491	0.1102	0.2601	0.2232	0.0368	0.0843	0.0813	0.0030	0.1758	0.1420	0.0339	1.5087	1.0662	0.4426	0.9051	0.7736	0.1315	0.6036	0.2926	0.3111	7.3507	0.6534	46.7626	0.3134	0.3128	0.3872	15.5979	1.8403	56.6733	0.3848	0.3807	0.3948	0.4655	0.4612	0.4907	0.2638	0.1677	0.3542
29	122	0.4381	5	1	1	0	0	0	0	0	0	N	N	N	N	N	N	N	N	N	N	N	N	6.4138	6.0686	3.2797	0.0508	0.0395	0.5862	16.7090	18.8106	3.4520	2.8583	3.1844	0.7708	0.0292	0.0253	0.1278	4.3593	5.1661	0.8408	0.4456	0.5247	0.2350	0.5745	0.6398	0.2180	0.2609	0.2746	0.2436	0.0378	0.1682	-0.3908	-0.2277	3.9885	7.5400	8.5018	21.4192	0.9658	0.9306	0.0352	0.0034	0.0028	0.0006	0.9624	0.9278	0.0346	0.7243	0.6200	0.1043	0.5501	0.5177	0.0324	0.1742	0.1023	0.0719	0.3379	0.2922	0.0457	0.1171	0.1127	0.0045	0.2208	0.1796	0.0412	1.6252	1.1815	0.4437	0.9575	0.8091	0.1484	0.6677	0.3724	0.2953	6.4138	6.0686	3.2797	0.0508	0.0395	0.5862	16.7090	18.8106	3.4520	0.4456	0.5247	0.2350	0.5745	0.6398	0.2180	0.2609	0.2746	0.2436
29	123	0.1983	4	1	2	0	0	0	0	0	0	N	Y	N	N	N	N	N	N	N	N	N	N	0.0054	0.0100	0.0000	0.0487	0.0436	0.0103	0.0015	0.0032	0.0000	0.0134	0.0159	0.0000	0.0537	0.0550	0.0015	0.0051	0.0062	0.0000	2.4511	1.5889	4.4511	1.1017	1.2619	0.1453	3.3687	1.9109	5.4792	0.0005	1.2078	-0.0008	0.1586	3.9885	4.0019	8.5018	19.5615	0.0019	0.0019	0.0000	0.0013	0.0013	0.0000	0.0006	0.0006	0.0000	1.7889	0.8103	0.9786	0.3254	0.3193	0.0062	1.4635	0.4910	0.9725	0.1409	0.1186	0.0223	0.0241	0.0235	0.0006	0.1168	0.0951	0.0217	0.7298	0.5100	0.2199	0.2954	0.2530	0.0424	0.4344	0.2569	0.1775	0.0054	0.0100	0.0000	0.0487	0.0436	0.0103	0.0015	0.0032	0.0000	2.4511	1.5889	4.4511	1.1017	1.2619	0.1453	3.3687	1.9109	5.4792
29	124	0.1762	3	1	1	0	0	0	0	0	0	N	N	N	N	N	N	N	N	N	N	N	N	5.0152	0.0010	585.9925	0.1884	0.0052	287.1418	5.3767	0.0000	475.6771	3.6170	0.0010	20.0203	0.0885	0.0029	2.8829	5.0853	0.0000	20.8905	0.7212	1.0001	0.0342	0.4697	0.5680	0.0100	0.9458	1.5206	0.0439	4293.6077	0.0139	0.1343	-0.1415	3.9885	1.2223	8.5018	8.2281	0.2404	0.0001	0.2403	0.0017	0.0001	0.0017	0.2387	0.0000	0.2387	0.3182	0.3139	0.0044	0.0978	0.0974	0.0004	0.2205	0.2165	0.0040	0.0665	0.0545	0.0120	0.0195	0.0189	0.0006	0.0469	0.0355	0.0114	0.4413	0.3139	0.1274	0.2082	0.1715	0.0367	0.2331	0.1424	0.0907	5.0152	0.0010	585.9925	0.1884	0.0052	287.1418	5.3767	0.0000	475.6771	0.7212	1.0001	0.0342	0.4697	0.5680	0.0100	0.9458	1.5206	0.0439
29	125	0.1243	2	1	1	0	0	0	0	0	0	N	N	N	N	N	N	N	N	N	N	N	N	2.8183	0.0003	11.2031	19.9788	0.0029	257.8957	1.2839	0.0000	5.7626	2.4568	0.0002	16.0841	6.1104	0.0008	139.3243	1.6239	0.0000	9.1452	0.8718	0.6207	1.4357	0.3058	0.2773	0.5402	1.2648	1.0049	1.5870	14905.9759	1.0297	0.2714	0.0288	3.9885	5.9920	8.5018	12.2976	0.4856	0.0000	0.4856	0.2242	0.0000	0.2242	0.2614	0.0000	0.2614	0.5885	0.2899	0.2985	0.0846	0.0684	0.0162	0.5039	0.2215	0.2823	0.1977	0.1675	0.0302	0.0367	0.0351	0.0016	0.1610	0.1324	0.0286	0.6750	0.4671	0.2079	0.2767	0.2466	0.0301	0.3984	0.2205	0.1779	2.8183	0.0003	11.2031	19.9788	0.0029	257.8957	1.2839	0.0000	5.7626	0.8718	0.6207	1.4357	0.3058	0.2773	0.5402	1.2648	1.0049	1.5870
29	126	0.1615	4	1	2	0	0	0	0	0	0	N	Y	N	N	N	N	N	N	N	N	N	N	0.2460	1.0289	0.2924	0.4953	1.6507	0.2415	0.1888	0.3765	0.2756	0.0899	0.0119	0.3693	0.0391	0.0354	0.1475	0.1088	0.0001	0.3787	0.3656	0.0116	1.2627	0.0790	0.0215	0.6108	0.5760	0.0004	1.3742	8.6397	42.9523	0.0090	0.1424	3.9885	5.0407	8.5018	17.1705	0.0199	0.0021	0.0178	0.0023	0.0020	0.0003	0.0175	0.0000	0.0175	0.2745	0.0062	0.2682	0.0251	0.0062	0.0189	0.2494	0.0001	0.2493	0.2209	0.1727	0.0482	0.0597	0.0577	0.0020	0.1612	0.1149	0.0463	0.7507	0.5383	0.2124	0.3178	0.2868	0.0310	0.4329	0.2515	0.1814	0.2460	1.0289	0.2924	0.4953	1.6507	0.2415	0.1888	0.3765	0.2756	0.3656	0.0116	1.2627	0.0790	0.0215	0.6108	0.5760	0.0004	1.3742
29	127	0.1455	3	1	2	0	0	0	0	0	0	N	Y	N	N	N	N	N	N	N	N	N	N	28.2170	0.2565	72.9862	1.1412	0.3674	12.5842	75.5401	0.0137	111.7207	1.8471	0.0142	6.7660	0.1176	0.0316	3.5435	2.7085	0.0002	6.8656	0.0655	0.0553	0.0927	0.1030	0.0859	0.2816	0.0359	0.0176	0.0615	177.7327	0.6249	0.1200	-0.0018	3.9885	1.9703	8.5018	6.2034	0.2168	0.0012	0.2156	0.0046	0.0012	0.0034	0.2123	0.0000	0.2122	0.0241	0.0148	0.0093	0.0167	0.0127	0.0040	0.0074	0.0021	0.0053	0.1174	0.0855	0.0319	0.0390	0.0381	0.0010	0.0784	0.0475	0.0309	0.3684	0.2684	0.1001	0.1624	0.1482	0.0142	0.2060	0.1202	0.0859	28.2170	0.2565	72.9862	1.1412	0.3674	12.5842	75.5401	0.0137	111.7207	0.0655	0.0553	0.0927	0.1030	0.0859	0.2816	0.0359	0.0176	0.0615
29	128	0.1243	2	1	1	0	0	0	0	0	0	N	N	N	N	N	N	N	N	N	N	N	N	2.1104	0.1002	48.2883	0.3488	0.2515	32.9878	11.9801	0.0158	45.3013	0.4244	0.0272	2.3354	0.1398	0.1135	0.7950	0.4974	0.0005	2.4092	0.2011	0.2719	0.0484	0.4007	0.4512	0.0241	0.0415	0.0309	0.0532	17.8161	0.0824	0.0085	-0.0321	3.9885	1.1032	8.5018	7.8190	0.0168	0.0009	0.0159	0.0011	0.0009	0.0002	0.0156	0.0000	0.0156	0.0839	0.0775	0.0064	0.0743	0.0738	0.0005	0.0096	0.0038	0.0059	0.0395	0.0327	0.0068	0.0081	0.0077	0.0003	0.0315	0.0250	0.0065	0.4174	0.2852	0.1322	0.1854	0.1635	0.0219	0.2319	0.1217	0.1103	2.1104	0.1002	48.2883	0.3488	0.2515	32.9878	11.9801	0.0158	45.3013	0.2011	0.2719	0.0484	0.4007	0.4512	0.0241	0.0415	0.0309	0.0532
29	129	0.4674	6	1	2	0	0	0	0	0	0	N	Y	N	N	N	N	N	N	N	N	N	N	0.0066	0.0053	0.0000	0.0685	0.0652	0.0000	0.0000	0.0000	0.0000	0.0000	0.0000	0.0000	0.0000	0.0000	0.0000	0.0000	0.0000	0.0000	0.0017	0.0023	0.0001	0.0003	0.0003	0.0001	0.0035	0.0074	0.0001	0.0000	0.0158	-0.0000	-0.0003	3.9885	1.0033	8.5018	0.8635	0.0000	0.0000	0.0000	0.0000	0.0000	0.0000	0.0000	0.0000	0.0000	0.0006	0.0006	0.0000	0.0001	0.0001	0.0000	0.0006	0.0006	0.0000	0.1152	0.1041	0.0111	0.0601	0.0582	0.0019	0.0551	0.0460	0.0091	0.3752	0.2671	0.1081	0.2146	0.1915	0.0232	0.1606	0.0756	0.0850	0.0066	0.0053	0.0000	0.0685	0.0652	0.0000	0.0000	0.0000	0.0000	0.0017	0.0023	0.0001	0.0003	0.0003	0.0001	0.0035	0.0074	0.0001
29	130	0.4381	5	1	1	0	0	0	0	0	0	N	N	N	N	N	N	N	N	N	N	N	N	1.2527	1.0601	0.9242	3.8081	3.3998	1.9206	0.4828	0.3259	0.9421	0.4515	0.5178	0.0204	0.7010	0.7258	0.0602	0.3087	0.3765	0.0159	0.3604	0.4884	0.0221	0.1841	0.2135	0.0313	0.6393	1.1552	0.0169	0.0061	0.0171	-0.0531	-0.2186	3.9885	5.5514	8.5018	9.9598	0.1221	0.1213	0.0007	0.0690	0.0688	0.0002	0.0531	0.0525	0.0005	0.4951	0.4868	0.0083	0.1549	0.1506	0.0043	0.3402	0.3361	0.0041	0.2703	0.2343	0.0360	0.0984	0.0948	0.0037	0.1719	0.1395	0.0323	1.3736	0.9966	0.3770	0.8414	0.7056	0.1358	0.5322	0.2910	0.2412	1.2527	1.0601	0.9242	3.8081	3.3998	1.9206	0.4828	0.3259	0.9421	0.3604	0.4884	0.0221	0.1841	0.2135	0.0313	0.6393	1.1552	0.0169
29	131	0.4078	4	1	1	0	0	0	0	0	0	N	N	N	N	N	N	N	N	N	N	N	N	0.1840	0.1585	0.3267	0.0237	0.0178	0.4231	0.1554	0.1133	0.3080	0.1890	0.2105	0.0543	0.0126	0.0107	0.0651	0.2737	0.3243	0.0533	1.0275	1.3280	0.1661	0.5313	0.6015	0.1538	1.7616	2.8618	0.1730	0.0411	0.0436	-0.0304	-0.5457	3.9885	9.1969	8.5018	13.4651	0.0756	0.0726	0.0030	0.0016	0.0013	0.0003	0.0740	0.0713	0.0027	1.3100	1.2553	0.0547	0.4042	0.3858	0.0184	0.9058	0.8694	0.0364	0.3999	0.3449	0.0550	0.1296	0.1251	0.0045	0.2702	0.2198	0.0504	1.2749	0.9452	0.3297	0.7607	0.6414	0.1193	0.5142	0.3038	0.2104	0.1840	0.1585	0.3267	0.0237	0.0178	0.4231	0.1554	0.1133	0.3080	1.0275	1.3280	0.1661	0.5313	0.6015	0.1538	1.7616	2.8618	0.1730
29	132	0.2213	6	2	2	0	1	0	0	0	0	Y	Y	N	N	N	N	N	N	N	N	N	N	0.0000	0.0000	0.0000	0.0000	0.0000	0.0000	0.0000	0.0000	0.0000	0.0000	0.0000	0.0000	0.0000	0.0000	0.0000	0.0163	0.0241	0.0000	0.0415	0.0497	0.0000	0.0000	0.0001	0.0000	0.0000	0.0000	-0.0008	3.9885	1.0000	8.5018	3.0001	0.0000	0.0000	0.0000	0.0000	0.0000	0.0000	0.0000	0.0000	0.0000	0.0018	0.0018	0.0000	0.0018	0.0018	0.0000	0.0000	0.0000	0.0000	0.0340	0.0289	0.0051	0.0062	0.0059	0.0003	0.0277	0.0230	0.0048	0.1118	0.0755	0.0363	0.0437	0.0365	0.0072	0.0681	0.0390	0.0291	0.0000	0.0000	0.0000	0.0000	0.0000	0.0000	0.0000	0.0000	0.0000	0.0163	0.0241	0.0000	0.0415	0.0497	0.0000	0.0000	0.0001	0.0000				
29	133	0.6202	10	2	2	0	1	0	0	0	0	Y	Y	N	N	N	N	N	N	N	N	N	N	6.2526	21.4574	0.0000	0.0127	0.0357	0.0000	30.0674	373311.9497	0.0000	0.6300	0.7149	0.0000	0.0016	0.0017	0.0000	1.9681	2.3976	0.0000	0.1008	0.0333	0.2971	0.1257	0.0490	0.6095	0.0655	0.0000	0.1544	0.0000	3.0626	-0.0000	0.0016	3.9885	0.0006	8.5018	1.9797	0.0000	0.0000	0.0000	0.0000	0.0000	0.0000	0.0000	0.0000	0.0000	0.0055	0.0014	0.0042	0.0040	0.0014	0.0027	0.0015	0.0000	0.0015	0.0000	0.0000	0.0000	0.0000	0.0000	0.0000	0.0000	0.0000	0.0000	0.0549	0.0408	0.0140	0.0321	0.0277	0.0044	0.0227	0.0131	0.0096	6.2526	21.4574	0.0000	0.0127	0.0357	0.0000	30.0674	373311.9497	0.0000	0.1008	0.0333	0.2971	0.1257	0.0490	0.6095	0.0655	0.0000	0.1544
29	134	0.6034	9	2	2	0	1	0	0	0	0	Y	Y	N	N	N	N	N	N	N	N	N	N	6097.5374	7735.5979	0.0386	3.7041	4.2283	0.0569	27862.5267	6757999.5439	0.0457	13.4181	15.6446	0.0001	0.0120	0.0127	0.0003	20.6601	25.5377	0.0001	0.0022	0.0020	0.0027	0.0032	0.0030	0.0048	0.0007	0.0000	0.0018	0.0000	0.4675	-0.4351	-0.0001	3.9885	2.0077	8.5018	6.0321	0.9865	0.9865	0.0000	0.0003	0.0003	0.0000	0.9862	0.9862	0.0000	0.0005	0.0003	0.0001	0.0004	0.0003	0.0001	0.0001	0.0000	0.0001	0.0735	0.0631	0.0105	0.0258	0.0244	0.0013	0.0477	0.0386	0.0091	0.2073	0.1537	0.0536	0.1206	0.1036	0.0170	0.0867	0.0501	0.0365	6097.5374	7735.5979	0.0386	3.7041	4.2283	0.0569	27862.5267	6757999.5439	0.0457	0.0022	0.0020	0.0027	0.0032	0.0030	0.0048	0.0007	0.0000	0.0018
29	135	0.5987	9	1	2	0	1	0	0	0	0	N	Y	N	N	N	N	N	N	N	N	N	N	0.6598	0.8284	0.0003	1.5771	1.4167	0.2262	0.0000	0.0000	0.0001	0.0603	0.0754	0.0000	0.1660	0.1731	0.0002	0.0000	0.0000	0.0000	0.0914	0.0910	0.0924	0.1053	0.1222	0.0009	0.0719	0.0239	0.1335	0.0001	0.3634	-0.0035	-0.0060	3.9885	3.0348	8.5018	9.3583	0.0080	0.0080	0.0000	0.0080	0.0080	0.0000	0.0000	0.0000	0.0000	0.0315	0.0231	0.0084	0.0212	0.0212	0.0000	0.0103	0.0019	0.0084	0.1330	0.1064	0.0266	0.0483	0.0463	0.0020	0.0847	0.0600	0.0246	0.3446	0.2538	0.0908	0.2014	0.1733	0.0281	0.1431	0.0805	0.0627	0.6598	0.8284	0.0003	1.5771	1.4167	0.2262	0.0000	0.0000	0.0001	0.0914	0.0910	0.0924	0.1053	0.1222	0.0009	0.0719	0.0239	0.1335
29	136	0.5843	8	1	1	0	1	0	0	0	0	N	N	N	N	N	N	N	N	N	N	N	N	26.3873	0.0246	141.9737	0.9943	0.0062	722.5850	53.4489	2.8379	109.1671	4.3778	0.0038	28.6004	0.1952	0.0014	4.4354	6.6814	0.0053	31.3292	0.1659	0.1531	0.2014	0.1963	0.2274	0.0061	0.1250	0.0019	0.2870	1368.7167	0.4737	0.0044	-0.0041	3.9885	0.0433	8.5018	6.6805	0.0079	0.0000	0.0079	0.0001	0.0000	0.0001	0.0078	0.0000	0.0078	0.0299	0.0203	0.0096	0.0203	0.0202	0.0001	0.0096	0.0001	0.0095	0.0018	0.0015	0.0003	0.0006	0.0006	0.0000	0.0012	0.0009	0.0002	0.1800	0.1324	0.0477	0.1033	0.0888	0.0145	0.0767	0.0436	0.0331	26.3873	0.0246	141.9737	0.9943	0.0062	722.5850	53.4489	2.8379	109.1671	0.1659	0.1531	0.2014	0.1963	0.2274	0.0061	0.1250	0.0019	0.2870
29	137	0.2509	8	1	2	0	1	0	0	0	0	N	Y	N	N	N	N	N	N	N	N	N	N	0.0000	0.0000	0.0000	0.0000	0.0000	0.0000	0.0000	0.0000	0.0000	0.0000	0.0000	0.0000	0.0000	0.0000	0.0000	0.0000	0.0000	0.0000	0.0000	0.0000	3.9885	0.0000	8.5018	0.0000	0.0000	0.0000	0.0000	0.0000	0.0000	0.0000	0.0000	0.0000	0.0000	0.0000	0.0000	0.0000	0.0000	0.0000	0.0000	0.0000	0.0000	0.0000	0.0000	0.0000	0.0000	0.0000	0.0000	0.0000	0.0000	0.0000	0.0000	0.0000	0.0000	0.0000	0.0000	0.0000	0.0000	0.0000	0.0000	0.0000	0.0000	0.0000	0.0000	0.0000	0.0000	0.0000	0.0000	0.0000	0.0000	0.0000	0.0000	0.0000	0.0000	0.0000	0.0000	0.0000	0.0000	0.0000											
29	138	0.2458	7	1	2	0	1	0	0	0	0	N	Y	N	N	N	N	N	N	N	N	N	N	288925.7840	206859.0198	149080.9577	127132.9960	inf	inf	7.2630	7.6312	0.0000	9.3667	9.4907	0.0000	0.0003	0.0004	0.0000	0.0000	0.0000	0.0000	0.0001	0.0001	0.0000	0.0000	0.0000	0.0000	0.0000	0.0000	-0.0009	-0.0000	3.9885	0.0021	8.5018	2.0000	0.0020	0.0020	0.0000	0.0020	0.0020	0.0000	0.0000	0.0000	0.0000	0.0000	0.0000	0.0000	0.0000	0.0000	0.0000	0.0000	0.0000	0.0000	0.0003	0.0003	0.0000	0.0002	0.0002	0.0000	0.0001	0.0001	0.0000	0.0559	0.0381	0.0178	0.0224	0.0188	0.0035	0.0336	0.0193	0.0143	288925.7840	206859.0198	0.0000	149080.9577	127132.9960	0.0000	inf	inf	0.0000	0.0000	0.0000	0.0000	0.0001	0.0001	0.0000	0.0000	0.0000	0.0000			
29	139	0.2356	6	1	1	0	1	0	0	0	0	N	N	N	N	N	N	N	N	N	N	N	N	1.7436	1.3875	0.0000	3.6856	3.2628	0.0000	0.0000	0.0000	0.0580	0.0681	0.0000	0.3119	0.3283	0.0000	0.0000	0.0000	0.0000	0.0332	0.0491	0.0000	0.0846	0.1006	0.0000	0.0000	0.0000	0.0000	0.0000	0.0002	-0.0009	-0.0017	3.9885	1.0020	8.5018	3.0181	0.0020	0.0020	0.0000	0.0020	0.0020	0.0000	0.0000	0.0000	0.0000	0.0038	0.0038	0.0000	0.0038	0.0038	0.0000	0.0000	0.0000	0.0000	0.0340	0.0290	0.0051	0.0063	0.0060	0.0003	0.0277	0.0230	0.0047	0.1129	0.0764	0.0364	0.0443	0.0373	0.0070	0.0686	0.0392	0.0294	1.7436	1.3875	0.0000	3.6856	3.2628	0.0000	0.0000	0.0000	0.0000	0.0332	0.0491	0.0000	0.0846	0.1006	0.0000	0.0000	0.0000	0.0000	
29	140	0.2213	6	1	2	0	0	0	0	0	0	N	Y	N	N	N	N	N	N	N	N	N	N	0.0000	0.0000	0.0000	0.0000	0.0000	0.0000	0.0000	0.0000	0.0000	0.0000	0.0000	0.0000	0.0000	0.0000	0.0000	0.0087	0.0128	0.0000	0.0221	0.0264	0.0000	0.0000	0.0001	0.0000	0.0000	0.0000	-0.0004	3.9885	0.0000	8.5018	4.0001	0.0000	0.0000	0.0000	0.0000	0.0000	0.0000	0.0000	0.0000	0.0000	0.0010	0.0010	0.0000	0.0010	0.0010	0.0000	0.0000	0.0000	0.0000	0.0000	0.0000	0.0000	0.0000	0.0000	0.0000	0.0000	0.0000	0.0000	0.1118	0.0755	0.0363	0.0437	0.0365	0.0072	0.0681	0.0390	0.0291	0.0000	0.0000	0.0000	0.0000	0.0000	0.0000	0.0000	0.0000	0.0000	0.0087	0.0128	0.0000	0.0221	0.0264	0.0000	0.0000	0.0001	0.0000				
29	141	0.5989	8	1	2	0	0	0	0	0	0	N	Y	N	N	N	N	N	N	N	N	N	N	0.8441	0.7363	0.0137	0.0001	0.0001	0.7610	10.3147	8.8950	0.0073	0.0059	0.0069	0.0000	0.0000	0.0000	0.0000	0.0091	0.0113	0.0000	0.0070	0.0094	0.0003	0.0114	0.0133	0.0000	0.0009	0.0013	0.0004	0.0001	0.0093	-0.0001	-0.0005	3.9885	1.0003	8.5018	5.0186	0.0002	0.0002	0.0000	0.0000	0.0000	0.0000	0.0002	0.0002	0.0000	0.0011	0.0011	0.0000	0.0011	0.0011	0.0000	0.0001	0.0000	0.0000	0.0367	0.0315	0.0052	0.0129	0.0122	0.0007	0.0238	0.0193	0.0045	0.1577	0.1169	0.0408	0.0918	0.0789	0.0129	0.0659	0.0380	0.0279	0.8441	0.7363	0.0137	0.0001	0.0001	0.7610	10.3147	8.8950	0.0073	0.0070	0.0094	0.0003	0.0114	0.0133	0.0000	0.0009	0.0013	0.0004
29	142	0.2356	6	1	1	1	1	0	0	0	0	N	N	N	N	N	N	N	N	N	N	N	N	0.0000	0.0000	0.0000	0.0000	0.0000	0.0000	0.0000	0.0000	0.0000	0.0000	0.0000	0.0000	0.0000	0.0000	0.0000	0.0000	0.0000	3.9240	0.0115	24.4614	0.0285	0.0237	0.0540	6.2948	0.0000	28.3925	491.4690	0.0000	0.5129	3.9885	0.0001	8.5018	9.0026	0.0000	0.0000	0.0000	0.0000	0.0000	0.0000	0.0000	0.0000	0.0000	0.9506	0.0019	0.9487	0.0028	0.0019	0.0008	0.9478	0.0000	0.9478	0.0000	0.0000	0.0000	0.0000	0.0000	0.0000	0.0000	0.0000	0.0000	0.2475	0.1678	0.0798	0.0969	0.0816	0.0154	0.1506	0.0862	0.0644	0.0000	0.0000	0.0000	0.0000	0.0000	0.0000	0.0000	0.0000	0.0000	3.8404	0.0115	11.8931	0.0285	0.0237	0.0540	6.2948	0.0000	14.7152		
29	143	0.5843	8	1	1	1	1	0	0	0	0	N	N	N	N	N	N	N	N	N	N	N	N	0.0000	0.0000	0.0000	0.0000	0.0000	0.0000	0.0000	0.0000	0.0000	0.0000	0.0000	0.0000	0.0000	0.0000	0.0000	0.0000	0.0000	0.0000	2.0661	1.3121	4.1631	2.1780	1.9599	3.5027	1.9156	0.0000	4.4550	inf	1.1407	0.0000	0.0405	3.9885	2.0061	8.5018	8.0425	0.0000	0.0000	0.0000	0.0000	0.0000	0.0000	0.0000	0.0000	0.0000	0.5443	0.2543	0.2901	0.3291	0.2543	0.0748	0.2152	0.0000	0.2152	0.0731	0.0625	0.0106	0.0244	0.0232	0.0012	0.0487	0.0393	0.0094	0.2635	0.1938	0.0697	0.1511	0.1297	0.0214	0.1124	0.0640	0.0483	0.0000	0.0000	0.0000	0.0000	0.0000	0.0000	0.0000	0.0000	0.0000	2.0661	1.3121	4.1631	2.1780	1.9599	3.5027	1.9156	0.0000	4.4550
29	144	0.5753	7	1	1	0	1	0	0	0	0	N	N	N	N	N	N	N	N	N	N	N	N	0.0155	0.0006	0.0387	0.0791	0.0040	15.8666	0.0073	0.0000	0.0185	0.0114	0.0002	0.0772	0.0061	0.0004	0.0874	0.0145	0.0000	0.0752	0.7357	0.2703	1.9937	0.0770	0.0960	0.0055	1.9954	0.6993	4.0596	85.4398	2.7285	0.0005	0.0565	3.9885	1.9550	8.5018	2.1189	0.0009	0.0000	0.0008	0.0002	0.0000	0.0002	0.0007	0.0000	0.0007	0.2067	0.0554	0.1513	0.0142	0.0140	0.0002	0.1925	0.0414	0.1511	0.0750	0.0641	0.0110	0.0278	0.0260	0.0018	0.0472	0.0381	0.0091	0.2810	0.2051	0.0759	0.1845	0.1459	0.0387	0.0965	0.0593	0.0372	0.0155	0.0006	0.0387	0.0791	0.0040	15.8666	0.0073	0.0000	0.0185	0.7357	0.2703	1.9937	0.0770	0.0960	0.0055	1.9954	0.6993	4.0596
29	145	0.5753	7	1	1	1	1	0	0	0	0	N	N	N	N	N	N	N	N	N	N	N	N	0.0003	0.0004	0.0000	0.0008	0.0007	0.0000	0.0000	0.0000	0.0000	0.0002	0.0002	0.0000	0.0005	0.0005	0.0000	0.0000	0.0000	0.0000	0.5924	0.4981	0.8521	0.5526	0.6632	0.0118	0.6524	0.1462	1.3751	0.0000	0.6209	-0.0000	-0.0302	3.9885	2.1261	8.5018	18.6477	0.0000	0.0000	0.0000	0.0000	0.0000	0.0000	0.0000	0.0000	0.0000	0.4006	0.2471	0.1534	0.2248	0.2240	0.0008	0.1758	0.0232	0.1526	0.0812	0.0694	0.0118	0.0299	0.0280	0.0019	0.0513	0.0414	0.0099	0.6762	0.4962	0.1801	0.4068	0.3377	0.0691	0.2695	0.1585	0.1110	0.0003	0.0004	0.0000	0.0008	0.0007	0.0000	0.0000	0.0000	0.0000	0.5924	0.4981	0.8521	0.5526	0.6632	0.0118	0.6524	0.1462	1.3751
29	146	0.2356	6	1	1	1	1	0	0	0	0	N	N	N	N	N	N	N	N	N	N	N	N	0.0040	0.0032	0.0000	0.0084	0.0074	0.0000	0.0000	0.0000	0.0001	0.0002	0.0000	0.0008	0.0008	0.0000	0.0000	0.0000	0.0000	0.0372	0.0548	0.0000	0.0948	0.1127	0.0000	0.0000	0.0000	0.0000	0.0000	0.0003	-0.0000	-0.0038	3.9885	2.0001	8.5018	5.9880	0.0000	0.0000	0.0000	0.0000	0.0000	0.0000	0.0000	0.0000	0.0000	0.0082	0.0082	0.0000	0.0082	0.0082	0.0000	0.0000	0.0000	0.0000	0.0677	0.0576	0.0100	0.0126	0.0119	0.0006	0.0551	0.0457	0.0094	0.2205	0.1495	0.0711	0.0864	0.0727	0.0137	0.1341	0.0767	0.0574	0.0040	0.0032	0.0000	0.0084	0.0074	0.0000	0.0000	0.0000	0.0000	0.0372	0.0548	0.0000	0.0948	0.1127	0.0000	0.0000	0.0000	0.0000	
29	147	0.2356	6	1	1	1	1	0	0	0	0	N	N	N	N	N	N	N	N	N	N	N	N	0.0035	0.0065	0.0000	0.0242	0.0700	0.0000	0.0000	0.0000	0.0000	0.0059	0.0069	0.0000	0.0316	0.0333	0.0000	0.0000	0.0000	0.0000	1.6763	1.0601	2.9826	1.3044	0.4761	5.8023	1.9119	1.6036	2.3289	0.0000	1.3271	-0.0008	0.1509	3.9885	9.0001	8.5018	23.0169	0.0017	0.0017	0.0000	0.0017	0.0017	0.0000	0.0000	0.0000	0.0000	1.3481	0.5793	0.7688	0.4069	0.1254	0.2815	0.9412	0.4539	0.4873	0.2950	0.2518	0.0432	0.0550	0.0522	0.0028	0.2400	0.1995	0.0404	0.8042	0.5465	0.2578	0.3119	0.2634	0.0485	0.4923	0.2831	0.2092	0.0035	0.0065	0.0000	0.0242	0.0700	0.0000	0.0000	0.0000	0.0000	1.6763	1.0601	2.9826	1.3044	0.4761	5.8023	1.9119	1.6036	2.3289
29	148	0.2103	5	1	1	0	1	0	0	0	0	N	N	N	N	N	N	N	N	N	N	N	N	0.0540	0.0001	5.9162	0.0021	0.0002	1.2727	2.1896	0.0000	6.5505	0.0059	0.0000	0.0384	0.0006	0.0001	0.0103	0.0072	0.0000	0.0401	0.1101	0.1603	0.0065	0.2721	0.3196	0.0081	0.0033	0.0011	0.0061	424.9813	0.0196	0.0002	-0.0142	3.9885	1.9990	8.5018	7.9526	0.0004	0.0000	0.0004	0.0000	0.0000	0.0000	0.0004	0.0000	0.0004	0.0323	0.0317	0.0006	0.0317	0.0316	0.0001	0.0006	0.0001	0.0005	0.0690	0.0583	0.0107	0.0131	0.0125	0.0006	0.0559	0.0459	0.0101	0.2932	0.1975	0.0957	0.1165	0.0987	0.0178	0.1767	0.0987	0.0779	0.0540	0.0001	5.9162	0.0021	0.0002	1.2727	2.1896	0.0000	6.5505	0.1101	0.1603	0.0065	0.2721	0.3196	0.0081	0.0033	0.0011	0.0061
29	149	0.1784	4	2	2	0	0	0	0	0	0	Y	Y	N	N	N	N	N	N	N	N	N	N	0.0043	0.0035	0.0046	0.6581	0.6754	0.1692	0.0000	0.0000	0.0004	0.0065	0.0075	0.0004	0.0276	0.0284	0.0071	0.0000	0.0000	0.0000	1.5115	2.1548	0.0962	0.0420	0.0421	0.0417	2.4658	4.1412	0.1093	0.0103	0.0203	-0.0006	-0.4556	3.9885	5.3497	8.5018	17.2225	0.0014	0.0014	0.0000	0.0014	0.0014	0.0000	0.0000	0.0000	0.0000	1.0391	1.0184	0.0207	0.0114	0.0096	0.0017	1.0277	1.0088	0.0189	0.2127	0.1808	0.0319	0.0496	0.0478	0.0018	0.1631	0.1330	0.0301	0.6874	0.4726	0.2148	0.2707	0.2290	0.0416	0.4168	0.2436	0.1732	0.0043	0.0035	0.0046	0.6581	0.6754	0.1692	0.0000	0.0000	0.0004	1.5115	2.1548	0.0962	0.0420	0.0421	0.0417	2.4658	4.1412	0.1093
29	150	0.2092	5	1	2	0	0	0	0	0	0	N	Y	N	N	N	N	N	N	N	N	N	N	0.0298	0.0173	0.6935	0.0598	0.0414	13.3656	0.0113	0.0000	0.2922	0.0091	0.0072	0.0207	0.0249	0.0211	0.1338	0.0021	0.0000	0.0116	0.3050	0.4174	0.0299	0.4168	0.5112	0.0100	0.1878	0.2851	0.0397	0.4542	0.0292	-0.0002	-0.1240	3.9885	3.6794	8.5018	17.4287	0.0017	0.0012	0.0005	0.0014	0.0012	0.0003	0.0003	0.0000	0.0003	0.2883	0.2801	0.0082	0.2017	0.2008	0.0009	0.0866	0.0793	0.0073	0.1878	0.1621	0.0257	0.0573	0.0554	0.0019	0.1305	0.1067	0.0238	0.9452	0.6710	0.2742	0.4839	0.3927	0.0912	0.4613	0.2783	0.1830	0.0298	0.0173	0.6935	0.0598	0.0414	13.3656	0.0113	0.0000	0.2922	0.3050	0.4174	0.0299	0.4168	0.5112	0.0100	0.1878	0.2851	0.0397
29	151	0.1784	4	1	2	0	0	0	0	0	0	N	Y	N	N	N	N	N	N	N	N	N	N	0.0425	0.0188	1.7925	0.0598	0.0437	3.6121	0.0419	0.0043	1.9942	0.0175	0.0109	0.0544	0.0393	0.0334	0.2171	0.0101	0.0017	0.0452	0.4109	0.5784	0.0304	0.6562	0.7635	0.0601	0.2400	0.3923	0.0227	0.8961	0.0231	0.0001	-0.0835	3.9885	3.4464	8.5018	10.1316	0.0026	0.0014	0.0012	0.0015	0.0012	0.0003	0.0011	0.0002	0.0010	0.1916	0.1872	0.0043	0.1257	0.1239	0.0018	0.0659	0.0633	0.0026	0.1495	0.1268	0.0227	0.0380	0.0367	0.0012	0.1116	0.0901	0.0215	0.4662	0.3237	0.1424	0.1915	0.1623	0.0292	0.2747	0.1615	0.1132	0.0425	0.0188	1.7925	0.0598	0.0437	3.6121	0.0419	0.0043	1.9942	0.4109	0.5784	0.0304	0.6562	0.7635	0.0601	0.2400	0.3923	0.0227
29	152	0.6057	10	2	2	0	0	0	0	0	0	Y	Y	N	N	N	N	N	N	N	N	N	N	0.0030	0.0026	0.0000	0.0070	0.0066	0.0000	0.0000	0.0000	0.0000	0.0001	0.0001	0.0000	0.0002	0.0002	0.0000	0.0000	0.0000	0.0000	0.0182	0.0238	0.0020	0.0217	0.0242	0.0064	0.0133	0.0230	0.0000	0.0000	0.0299	-0.0000	-0.0026	3.9885	1.0143	8.5018	12.0086	0.0000	0.0000	0.0000	0.0000	0.0000	0.0000	0.0000	0.0000	0.0000	0.0060	0.0058	0.0002	0.0041	0.0040	0.0002	0.0018	0.0018	0.0000	0.0378	0.0324	0.0054	0.0134	0.0127	0.0007	0.0244	0.0197	0.0047	0.3291	0.2439	0.0852	0.1909	0.1639	0.0270	0.1382	0.0800	0.0582	0.0030	0.0026	0.0000	0.0070	0.0066	0.0000	0.0000	0.0000	0.0000	0.0182	0.0238	0.0020	0.0217	0.0242	0.0064	0.0133	0.0230	0.0000
29	153	0.6034	9	2	2	0	0	0	0	0	0	Y	Y	N	N	N	N	N	N	N	N	N	N	6.3187	5.7826	0.0895	11.0949	10.3205	0.3800	0.0076	0.0000	0.0305	0.0046	0.0054	0.0000	0.0131	0.0138	0.0001	0.0000	0.0000	0.0000	0.0007	0.0009	0.0002	0.0012	0.0013	0.0002	0.0001	0.0001	0.0001	0.0004	0.0579	-0.0001	-0.0000	3.9885	0.9811	8.5018	0.0216	0.0002	0.0002	0.0000	0.0002	0.0002	0.0000	0.0000	0.0000	0.0000	0.0000	0.0000	0.0000	0.0000	0.0000	0.0000	0.0000	0.0000	0.0000	0.0362	0.0311	0.0052	0.0127	0.0121	0.0007	0.0235	0.0190	0.0045	0.0268	0.0198	0.0069	0.0156	0.0134	0.0022	0.0112	0.0064	0.0047	6.3187	5.7826	0.0895	11.0949	10.3205	0.3800	0.0076	0.0000	0.0305	0.0007	0.0009	0.0002	0.0012	0.0013	0.0002	0.0001	0.0001	0.0001
29	154	0.5989	8	2	2	0	0	0	0	0	0	Y	Y	N	N	N	N	N	N	N	N	N	N	42.4715	36.9425	6.6813	0.3038	0.2834	6.7139	536.0642	384.1347	7.3131	0.6872	0.8061	0.0003	0.0080	0.0086	0.0005	1.1505	1.4236	0.0003	0.0162	0.0218	0.0001	0.0262	0.0305	0.0001	0.0021	0.0037	0.0000	0.0001	0.0008	-0.0001	-0.0004	3.9885	0.0083	8.5018	2.0001	0.0002	0.0002	0.0000	0.0000	0.0000	0.0000	0.0002	0.0002	0.0000	0.0009	0.0009	0.0000	0.0008	0.0008	0.0000	0.0000	0.0000	0.0000	0.0003	0.0003	0.0001	0.0001	0.0001	0.0000	0.0002	0.0002	0.0000	0.0544	0.0403	0.0141	0.0317	0.0273	0.0044	0.0227	0.0130	0.0097	42.4715	36.9425	6.6813	0.3038	0.2834	6.7139	536.0642	384.1347	7.3131	0.0162	0.0218	0.0001	0.0262	0.0305	0.0001	0.0021	0.0037	0.0000
29	155	0.5753	7	1	2	0	0	0	0	0	0	N	Y	N	N	N	N	N	N	N	N	N	N	4.6422	3.9757	0.0003	0.0003	0.0002	0.0005	55.1422	40.9141	0.0002	9.0365	10.5641	0.0000	0.0008	0.0009	0.0000	14.1749	17.5417	0.0000	1.9466	2.6572	0.0019	2.9645	3.6428	0.0014	0.2571	0.4287	0.0023	0.0000	0.0003	-0.4369	-0.3880	3.9885	2.9180	8.5018	7.4065	0.9904	0.9904	0.0000	0.0000	0.0000	0.0000	0.9903	0.9903	0.0000	0.8470	0.8468	0.0002	0.8049	0.8049	0.0001	0.0420	0.0419	0.0002	0.1096	0.0937	0.0158	0.0397	0.0373	0.0024	0.0699	0.0565	0.0134	0.4351	0.3187	0.1164	0.2715	0.2209	0.0506	0.1636	0.0977	0.0659	4.6422	3.9757	0.0003	0.0003	0.0002	0.0005	55.1422	40.9141	0.0002	1.9466	2.6572	0.0019	2.9645	3.6428	0.0014	0.2571	0.4287	0.0023
29	156	0.5094	6	1	1	0	0	0	0	0	0	N	N	N	N	N	N	N	N	N	N	N	N	0.0101	0.0225	0.0000	0.0847	0.0755	0.0021	0.0001	0.0002	0.0000	0.0126	0.0144	0.0001	0.0310	0.0324	0.0001	0.0002	0.0002	0.0001	1.2424	0.6379	3.0011	0.3663	0.4290	0.0573	2.5328	1.0536	4.9022	0.0008	1.6170	-0.0023	0.2030	3.9885	8.2479	8.5018	19.7214	0.0052	0.0052	0.0000	0.0052	0.0052	0.0000	0.0000	0.0000	0.0000	1.2729	0.4864	0.7865	0.2235	0.2176	0.0059	1.0494	0.2687	0.7806	0.4133	0.3619	0.0514	0.1662	0.1591	0.0071	0.2471	0.2028	0.0443	1.0245	0.7624	0.2621	0.6102	0.5074	0.1028	0.4143	0.2551	0.1592	0.0101	0.0225	0.0000	0.0847	0.0755	0.0021	0.0001	0.0002	0.0000	1.2424	0.6379	3.0011	0.3663	0.4290	0.0573	2.5328	1.0536	4.9022
29	157	0.4733	5	1	1	0	0	0	0	0	0	N	N	N	N	N	N	N	N	N	N	N	N	0.0661	0.0571	0.1187	0.1155	0.0996	0.4484	0.0398	0.0306	0.0767	0.0360	0.0388	0.0181	0.0629	0.0642	0.0362	0.0216	0.0230	0.0156	0.5437	0.6802	0.1522	0.5442	0.6444	0.0808	0.5431	0.7524	0.2030	0.0740	0.0780	-0.0043	-0.2052	3.9885	7.4725	8.5018	14.3153	0.0115	0.0107	0.0008	0.0070	0.0068	0.0002	0.0045	0.0039	0.0006	0.5315	0.4931	0.0385	0.3210	0.3125	0.0085	0.2106	0.1806	0.0300	0.3198	0.2759	0.0439	0.1112	0.1059	0.0053	0.2086	0.1701	0.0385	0.9776	0.7249	0.2526	0.5898	0.4849	0.1049	0.3877	0.2400	0.1477	0.0661	0.0571	0.1187	0.1155	0.0996	0.4484	0.0398	0.0306	0.0767	0.5437	0.6802	0.1522	0.5442	0.6444	0.0808	0.5431	0.7524	0.2030
29	158	0.4078	4	1	1	0	0	0	0	0	0	N	N	N	N	N	N	N	N	N	N	N	N	0.0407	0.0359	0.0481	0.0524	0.0450	0.3984	0.0346	0.0273	0.0228	0.0212	0.0236	0.0062	0.0264	0.0260	0.0382	0.0188	0.0223	0.0033	0.5198	0.6572	0.1287	0.5040	0.5774	0.0958	0.5417	0.8163	0.1457	0.0421	0.0689	-0.0041	-0.2947	3.9885	11.6653	8.5018	19.4910	0.0102	0.0098	0.0004	0.0040	0.0038	0.0002	0.0062	0.0060	0.0002	0.7481	0.6999	0.0482	0.4217	0.4095	0.0122	0.3263	0.2904	0.0360	0.4805	0.4141	0.0664	0.1512	0.1457	0.0055	0.3293	0.2684	0.0609	1.4392	1.0649	0.3743	0.8368	0.7092	0.1276	0.6024	0.3557	0.2467	0.0407	0.0359	0.0481	0.0524	0.0450	0.3984	0.0346	0.0273	0.0228	0.5198	0.6572	0.1287	0.5040	0.5774	0.0958	0.5417	0.8163	0.1457
29	159	0.3605	3	1	1	0	0	0	0	0	0	N	N	N	N	N	N	N	N	N	N	N	N	0.0242	0.0154	0.2686	0.0541	0.0424	1.4450	0.0105	0.0034	0.1696	0.0147	0.0120	0.0328	0.0266	0.0243	0.0905	0.0084	0.0042	0.0271	0.6082	0.7764	0.1222	0.4915	0.5743	0.0626	0.7956	1.2383	0.1599	0.4167	0.0545	-0.0008	-0.4045	3.9885	7.3933	8.5018	20.5306	0.0054	0.0038	0.0016	0.0034	0.0030	0.0004	0.0020	0.0008	0.0012	0.9946	0.9432	0.0514	0.4955	0.4853	0.0102	0.4991	0.4579	0.0412	0.3639	0.3159	0.0480	0.1264	0.1221	0.0043	0.2374	0.1938	0.0436	1.6354	1.2149	0.4205	1.0081	0.8451	0.1630	0.6273	0.3698	0.2575	0.0242	0.0154	0.2686	0.0541	0.0424	1.4450	0.0105	0.0034	0.1696	0.6082	0.7764	0.1222	0.4915	0.5743	0.0626	0.7956	1.2383	0.1599
29	160	0.1243	2	1	1	0	0	0	0	0	0	N	N	N	N	N	N	N	N	N	N	N	N	0.2552	0.7768	0.0087	4.9498	6.8688	0.1233	0.0183	0.0519	0.0059	0.3033	0.3500	0.0253	1.5203	1.5882	0.1287	0.0311	0.0335	0.0188	1.1882	0.4505	2.9183	0.3071	0.2312	1.0440	1.6931	0.6459	3.1591	0.0121	2.7619	-0.1066	0.6487	3.9885	27.6416	8.5018	54.6365	0.2484	0.2454	0.0030	0.2276	0.2267	0.0009	0.0208	0.0187	0.0021	2.3520	0.6252	1.7268	0.2215	0.1512	0.0703	2.1305	0.4740	1.6564	0.8191	0.7013	0.1178	0.1497	0.1428	0.0070	0.6694	0.5586	0.1108	1.9795	1.3878	0.5917	0.7212	0.6539	0.0674	1.2583	0.7339	0.5243	0.2552	0.7768	0.0087	4.9498	6.8688	0.1233	0.0183	0.0519	0.0059	1.1882	0.4505	2.9183	0.3071	0.2312	1.0440	1.6931	0.6459	3.1591
29	161	0.2289	8	2	2	0	0	0	0	0	0	Y	Y	N	N	N	N	N	N	N	N	N	N	0.0000	0.0000	0.0000	0.0000	0.0000	0.0000	0.0000	0.0000	0.0000	0.0000	0.0000	0.0000	0.0000	0.0000	0.0000	0.0000	0.0000	0.0000	0.0296	0.0434	0.0000	0.0693	0.0835	0.0000	0.0020	0.0034	0.0000	0.0002	0.0000	-0.0012	3.9885	0.0002	8.5018	3.0099	0.0000	0.0000	0.0000	0.0000	0.0000	0.0000	0.0000	0.0000	0.0000	0.0026	0.0026	0.0000	0.0025	0.0025	0.0000	0.0001	0.0001	0.0000	0.0000	0.0000	0.0000	0.0000	0.0000	0.0000	0.0000	0.0000	0.0000	0.0889	0.0606	0.0283	0.0364	0.0302	0.0062	0.0525	0.0303	0.0221	0.0000	0.0000	0.0000	0.0000	0.0000	0.0000	0.0000	0.0000	0.0000	0.0296	0.0434	0.0000	0.0693	0.0835	0.0000	0.0020	0.0034	0.0000	
29	162	0.2213	7	2	2	0	0	0	0	0	0	Y	Y	N	N	N	N	N	N	N	N	N	N	0.0000	0.0000	0.0000	0.0000	0.0000	0.0000	0.0000	0.0000	0.0000	0.0000	0.0000	0.0000	0.0000	0.0000	0.0000	0.0000	0.0000	0.0000	0.0154	0.0228	0.0001	0.0118	0.0141	0.0001	0.0178	0.0310	0.0001	0.0021	0.0000	-0.0006	3.9885	0.9998	8.5018	2.0118	0.0000	0.0000	0.0000	0.0000	0.0000	0.0000	0.0000	0.0000	0.0000	0.0013	0.0013	0.0000	0.0004	0.0004	0.0000	0.0009	0.0009	0.0000	0.0340	0.0289	0.0051	0.0062	0.0059	0.0003	0.0277	0.0230	0.0048	0.0847	0.0572	0.0275	0.0332	0.0277	0.0054	0.0515	0.0295	0.0220	0.0000	0.0000	0.0000	0.0000	0.0000	0.0000	0.0000	0.0000	0.0000	0.0154	0.0228	0.0001	0.0118	0.0141	0.0001	0.0178	0.0310	0.0001	
29	163	0.2213	6	2	2	0	0	0	0	0	0	Y	Y	N	N	N	N	N	N	N	N	N	N	0.0000	0.0000	0.0000	0.0000	0.0000	0.0000	0.0000	0.0000	0.0000	0.0000	0.0000	0.0000	0.0000	0.0000	0.0000	0.9001	1.1650	0.0000	0.5554	0.7401	0.0000	2.0075	2.3796	0.0000	0.0000	0.0000	-0.0000	3.9885	0.0000	8.5018	0.0003	0.0000	0.0000	0.0000	0.0000	0.0000	0.0000	0.0000	0.0000	0.0000	0.0001	0.0001	0.0000	0.0000	0.0000	0.0000	0.0000	0.0000	0.0000	0.0000	0.0000	0.0000	0.0000	0.0000	0.0000	0.0000	0.0000	0.0000	0.0001	0.0001	0.0000	0.0001	0.0001	0.0000	0.0000	0.0000	0.0000	0.0000	0.0000	0.0000	0.0000	0.0000	0.0000	0.0000	0.0000	0.0000	0.9001	1.1650	0.0000	0.5554	0.7401	0.0000	2.0075	2.3796	0.0000				
29	164	0.2103	5	1	2	0	0	0	0	0	0	N	Y	N	N	N	N	N	N	N	N	N	N	0.0290	0.2184	0.0135	0.4451	0.2108	6.4979	0.0411	0.0019	0.0131	0.2433	0.0009	0.6148	0.0094	0.0012	0.7298	0.4458	0.0000	0.6133	8.3881	0.0043	45.6279	0.0211	0.0059	0.1123	10.8469	0.0026	46.9113	424.9813	2203.0915	0.0002	0.4994	3.9885	0.0063	8.5018	4.3641	0.0004	0.0000	0.0004	0.0000	0.0000	0.0000	0.0004	0.0000	0.0004	0.9228	0.0004	0.9224	0.0013	0.0003	0.0010	0.9215	0.0001	0.9214	0.0017	0.0010	0.0007	0.0008	0.0008	0.0000	0.0009	0.0002	0.0007	0.1442	0.0969	0.0473	0.0593	0.0508	0.0085	0.0850	0.0461	0.0389	0.0380	0.2184	0.0316	0.4451	0.2108	6.4979	0.0411	0.0019	0.0259	6.3973	0.0043	19.4810	0.0211	0.0059	0.1123	10.8469	0.0026	23.7078
29	165	0.1784	4	1	1	0	0	0	0	0	0	N	N	N	N	N	N	N	N	N	N	N	N	14.6743	0.0514	66.4440	0.9240	0.1087	340.0979	20.5364	0.0000	55.3540	2.0917	0.0059	13.6179	0.1385	0.0190	4.1313	2.8214	0.0000	14.1337	0.1425	0.1153	0.2050	0.1498	0.1746	0.0121	0.1374	0.0549	0.2553	416.2860	0.7774	0.1378	-0.0013	3.9885	2.5207	8.5018	10.0226	0.2476	0.0006	0.2470	0.0045	0.0006	0.0039	0.2432	0.0000	0.2432	0.0627	0.0353	0.0274	0.0273	0.0269	0.0003	0.0354	0.0083	0.0271	0.1184	0.1003	0.0181	0.0322	0.0313	0.0009	0.0862	0.0690	0.0172	0.4397	0.3059	0.1337	0.1820	0.1543	0.0277	0.2577	0.1517	0.1060	14.6743	0.0514	66.4440	0.9240	0.1087	340.0979	20.5364	0.0000	55.3540	0.1425	0.1153	0.2050	0.1498	0.1746	0.0121	0.1374	0.0549	0.2553
29	166	0.1628	3	1	1	0	0	0	0	0	0	N	N	N	N	N	N	N	N	N	N	N	N	13.9083	14.4618	0.6155	21.7562	21.0272	1.8215	10.1957	10.1594	0.4761	1.5906	1.8379	0.0511	1.8245	1.9509	0.0677	1.4651	1.7692	0.0477	0.1144	0.1271	0.0830	0.0839	0.0928	0.0372	0.1437	0.1741	0.1001	0.0045	0.2644	-0.1018	-0.0114	3.9885	2.6894	8.5018	4.6619	0.2332	0.2322	0.0010	0.0934	0.0932	0.0002	0.1398	0.1390	0.0008	0.0456	0.0361	0.0095	0.0164	0.0152	0.0012	0.0292	0.0208	0.0084	0.1466	0.1263	0.0203	0.0512	0.0478	0.0034	0.0954	0.0786	0.0169	0.3988	0.2839	0.1150	0.1955	0.1642	0.0314	0.2033	0.1197	0.0836	13.9083	14.4618	0.6155	21.7562	21.0272	1.8215	10.1957	10.1594	0.4761	0.1144	0.1271	0.0830	0.0839	0.0928	0.0372	0.1437	0.1741	0.1001
29	167	0.1243	2	1	1	0	0	0	0	0	0	N	N	N	N	N	N	N	N	N	N	N	N	0.0210	0.0080	0.0809	0.2198	0.1312	1.7802	0.0076	0.0000	0.0491	0.0327	0.0115	0.1448	0.0931	0.0532	0.9972	0.0184	0.0000	0.0992	1.5530	1.4450	1.7896	0.4234	0.4056	0.5602	2.4115	2.7505	2.0206	2.3609	0.5655	0.0008	-0.0733	3.9885	2.7966	8.5018	8.5340	0.0031	0.0009	0.0022	0.0017	0.0009	0.0008	0.0014	0.0000	0.0014	0.7542	0.4817	0.2724	0.0888	0.0753	0.0135	0.6654	0.4065	0.2590	0.0951	0.0800	0.0151	0.0181	0.0174	0.0008	0.0770	0.0627	0.0143	0.4856	0.3334	0.1522	0.2097	0.1856	0.0241	0.2759	0.1478	0.1282	0.0210	0.0080	0.0809	0.2198	0.1312	1.7802	0.0076	0.0000	0.0491	1.5530	1.4450	1.7896	0.4234	0.4056	0.5602	2.4115	2.7505	2.0206
30	31	0.1648	5	0	1	0	1	0	0	0	0	N	N	N	N	N	N	N	N	N	N	N	N	0.0000	0.0002	0.0000	0.0000	0.0000	0.0000	0.0000	0.0030	0.0000	0.0000	0.0000	0.0000	0.0000	0.0000	0.0000	0.0000	0.0000	0.0000	0.0401	0.0018	0.1366	0.0049	0.0028	0.0296	0.0697	0.0002	0.1519	0.0070	30.9984	-0.0000	0.0081	0.9701	5.0045	4.0208	16.6627	0.0000	0.0000	0.0000	0.0000	0.0000	0.0000	0.0000	0.0000	0.0000	0.0160	0.0005	0.0155	0.0009	0.0005	0.0004	0.0151	0.0000	0.0150	0.1040	0.0916	0.0123	0.0422	0.0408	0.0014	0.0617	0.0508	0.0109	0.3981	0.2849	0.1132	0.1819	0.1678	0.0141	0.2162	0.1171	0.0991	0.0000	0.0002	0.0000	0.0000	0.0000	0.0000	0.0000	0.0030	0.0000	0.0401	0.0018	0.1366	0.0049	0.0028	0.0296	0.0697	0.0002	0.1519
30	32	0.7071	11	1	1	1	0	0	0	0	0	N	N	N	N	N	N	N	N	N	N	N	N	0.0000	0.0000	0.0000	0.0000	0.0000	0.0000	0.0000	0.0000	0.0000	0.0000	0.0000	0.0000	0.0000	0.0000	0.0000	0.0299	0.0416	0.0000	0.0522	0.0589	0.0000	0.0001	0.0002	0.0000	0.0000	0.0000	-0.0002	0.9701	1.4893	4.0208	0.0050	0.0000	0.0000	0.0000	0.0000	0.0000	0.0000	0.0000	0.0000	0.0000	0.0004	0.0004	0.0000	0.0004	0.0004	0.0000	0.0000	0.0000	0.0000	0.0110	0.0096	0.0013	0.0044	0.0042	0.0002	0.0066	0.0054	0.0011	0.0131	0.0094	0.0037	0.0075	0.0066	0.0009	0.0056	0.0028	0.0028	0.0000	0.0000	0.0000	0.0000	0.0000	0.0000	0.0000	0.0000	0.0000	0.0299	0.0416	0.0000	0.0522	0.0589	0.0000	0.0001	0.0002	0.0000				
30	33	0.1904	7	1	1	1	0	0	0	0	0	N	N	N	N	N	N	N	N	N	N	N	N	0.0000	0.0000	0.0000	0.0000	0.0000	0.0000	0.0000	0.0000	0.0000	0.0000	0.0000	0.0000	0.0000	0.0000	0.0000	0.0000	0.0000	0.0000	0.0034	0.0047	0.0005	0.0066	0.0074	0.0000	0.0003	0.0000	0.0006	0.0472	0.0000	-0.0002	0.9701	0.9855	4.0208	5.0251	0.0000	0.0000	0.0000	0.0000	0.0000	0.0000	0.0000	0.0000	0.0000	0.0006	0.0005	0.0000	0.0005	0.0005	0.0000	0.0000	0.0000	0.0000	0.0374	0.0308	0.0066	0.0202	0.0164	0.0038	0.0172	0.0144	0.0027	0.1699	0.1146	0.0554	0.0828	0.0736	0.0092	0.0871	0.0409	0.0462	0.0000	0.0000	0.0000	0.0000	0.0000	0.0000	0.0000	0.0000	0.0000	0.0034	0.0047	0.0005	0.0066	0.0074	0.0000	0.0003	0.0000	0.0006	
30	34	0.1632	7	0	2	0	0	0	0	0	0	N	Y	N	N	N	N	N	N	N	N	N	N	0.0000	0.0000	0.0000	0.0000	0.0000	0.0000	0.0000	0.0000	0.0000	0.0000	0.0000	0.0000	0.0000	0.0000	0.0000	0.0000	0.0000	0.0000	12.5252	0.0001	51.8448	0.0274	0.0001	0.2317	18.2656	0.0000	59.3523	183971.6850	0.0000	1.0140	0.9701	2.0026	4.0208	4.0175	0.0000	0.0000	0.0000	0.0000	0.0000	0.0000	0.0000	0.0000	0.0000	1.8721	0.0000	1.8721	0.0030	0.0000	0.0030	1.8691	0.0000	1.8691	0.0469	0.0410	0.0059	0.0198	0.0192	0.0007	0.0271	0.0218	0.0053	0.2153	0.1356	0.0797	0.1102	0.0973	0.0130	0.1051	0.0383	0.0667	0.0000	0.0000	0.0000	0.0000	0.0000	0.0000	0.0000	0.0000	0.0000	8.6956	0.0001	23.4855	0.0274	0.0001	0.2317	17.7913	0.0000	28.0108	
30	35	0.1632	6	0	1	0	0	0	0	0	0	N	N	N	N	N	N	N	N	N	N	N	N	0.0000	0.0000	0.0000	0.0000	0.0000	0.0000	0.0000	0.0000	0.0000	0.0000	0.0000	0.0000	0.0000	0.0000	0.0000	0.0000	0.0000	0.0000	0.3751	0.3122	0.4700	0.4209	0.3927	0.6589	0.3226	0.0006	0.4388	1.0000	0.9996	0.0000	0.0023	0.9701	0.4148	4.0208	1.5497	0.0000	0.0000	0.0000	0.0000	0.0000	0.0000	0.0000	0.0000	0.0000	0.0551	0.0276	0.0275	0.0330	0.0275	0.0055	0.0221	0.0000	0.0221	0.0129	0.0110	0.0019	0.0057	0.0056	0.0001	0.0072	0.0054	0.0018	0.1469	0.0883	0.0586	0.0785	0.0701	0.0083	0.0684	0.0181	0.0503	0.0000	0.0000	0.0000	0.0000	0.0000	0.0000	0.0000	0.0000	0.0000	0.3751	0.3122	0.4700	0.4209	0.3927	0.6589	0.3226	0.0006	0.4388
30	36	0.1054	4	0	2	0	0	0	0	0	0	N	Y	N	N	N	N	N	N	N	N	N	N	0.2977	0.2357	0.0000	0.0000	0.0000	0.0000	0.3552	0.2309	0.0000	0.0037	0.0041	0.0000	0.0000	0.0000	0.0000	0.0059	0.0071	0.0000	0.0123	0.0176	0.0001	0.0058	0.0060	0.0003	0.0165	0.0308	0.0001	0.0000	0.0023	-0.0003	-0.0030	0.9701	7.9964	4.0208	23.6501	0.0006	0.0006	0.0000	0.0000	0.0000	0.0000	0.0006	0.0006	0.0000	0.0065	0.0065	0.0000	0.0012	0.0012	0.0000	0.0053	0.0053	0.0000	0.1555	0.1376	0.0179	0.0584	0.0575	0.0009	0.0971	0.0800	0.0171	0.5257	0.3673	0.1583	0.2061	0.1965	0.0096	0.3196	0.1709	0.1487	0.2977	0.2357	0.0000	0.0000	0.0000	0.0000	0.3552	0.2309	0.0000	0.0123	0.0176	0.0001	0.0058	0.0060	0.0003	0.0165	0.0308	0.0001
30	37	0.1794	6	1	2	0	0	0	0	0	0	N	Y	N	N	N	N	N	N	N	N	N	N	3.3673	0.0085	9.8769	0.0014	0.0000	15.5929	3.2977	0.0087	9.4957	6.6321	0.0027	57.7144	0.0002	0.0000	0.0108	10.8237	0.0048	61.1081	1.9696	0.3195	5.8434	0.1234	0.1321	0.0007	3.2822	0.5516	6.4353	2745.6050	7.7917	0.5369	0.4391	0.9701	6.9981	4.0208	25.9787	0.9613	0.0003	0.9610	0.0000	0.0000	0.0000	0.9613	0.0003	0.9610	1.0262	0.1167	0.9094	0.0267	0.0267	0.0000	0.9994	0.0900	0.9094	0.1449	0.1283	0.0167	0.0561	0.0552	0.0009	0.0888	0.0731	0.0157	0.5210	0.3654	0.1556	0.2165	0.2022	0.0143	0.3045	0.1632	0.1413	3.3673	0.0085	9.8769	0.0014	0.0000	15.5929	3.2977	0.0087	9.4957	1.9696	0.3195	5.8434	0.1234	0.1321	0.0007	3.2822	0.5516	6.4353
30	38	0.1632	6	0	2	0	0	0	0	0	0	N	Y	N	N	N	N	N	N	N	N	N	N	0.0000	0.0000	0.1096	0.0000	0.0000	0.0000	0.0000	0.0000	0.1467	0.0000	0.0000	0.0000	0.0000	0.0000	0.0000	0.0000	0.0000	0.0000	0.2190	0.3347	0.0000	0.3703	0.4247	0.0000	0.0727	0.1637	0.0000	inf	0.0000	0.0000	-0.0359	0.9701	4.7553	4.0208	10.1994	0.0000	0.0000	0.0000	0.0000	0.0000	0.0000	0.0000	0.0000	0.0000	0.0784	0.0784	0.0000	0.0651	0.0651	0.0000	0.0132	0.0132	0.0000	0.1044	0.0917	0.0126	0.0436	0.0421	0.0015	0.0608	0.0497	0.0111	0.3578	0.2341	0.1237	0.1759	0.1534	0.0225	0.1819	0.0807	0.1012	0.0000	0.0000	0.1096	0.0000	0.0000	0.0000	0.0000	0.0000	0.1467	0.2190	0.3347	0.0000	0.3703	0.4247	0.0000	0.0727	0.1637	0.0000
30	39	0.1054	4	1	2	0	0	0	0	0	0	N	Y	N	N	N	N	N	N	N	N	N	N	0.0086	0.1362	0.0091	0.0000	0.0000	0.0000	0.0085	32374.7570	0.0111	0.0305	0.0065	0.2136	0.0000	0.0000	0.0000	0.0489	0.0112	0.2246	3.5328	0.0479	23.5774	0.0997	0.0895	0.3071	5.7451	0.0000	20.2276	4.2982	104.6364	0.0011	1.0058	0.9701	5.0000	4.0208	27.3229	0.0030	0.0006	0.0024	0.0000	0.0000	0.0000	0.0030	0.0006	0.0024	1.8901	0.0179	1.8722	0.0209	0.0179	0.0030	1.8692	0.0000	1.8692	0.0989	0.0874	0.0115	0.0372	0.0366	0.0006	0.0617	0.0508	0.0109	0.5350	0.3739	0.1611	0.2097	0.1999	0.0098	0.3253	0.1740	0.1514	0.0086	0.1362	0.0184	0.0000	0.0000	0.0000	0.0085	32374.7570	0.0182	3.5328	0.0479	11.6189	0.0997	0.0895	0.3071	5.7451	0.0000	12.3490
30	40	0.1794	6	0	2	0	0	0	0	0	0	N	Y	N	N	N	N	N	N	N	N	N	N	1.1047	24.7785	0.6888	13.2952	31.9316	0.0000	0.2639	0.6914	0.0168	0.0146	0.0342	0.0333	0.0338	0.0000	0.0064	0.0000	0.0362	0.0152	0.0006	0.0497	0.0025	0.0011	0.0229	0.0243	0.0000	0.0524	0.3051	35.9153	-0.0005	0.0036	0.9701	7.0019	4.0208	21.4344	0.0024	0.0019	0.0006	0.0019	0.0019	0.0000	0.0006	0.0000	0.0006	0.0070	0.0002	0.0068	0.0005	0.0002	0.0003	0.0065	0.0000	0.0065	0.1450	0.1284	0.0167	0.0562	0.0552	0.0009	0.0889	0.0731	0.0157	0.4600	0.3229	0.1371	0.1917	0.1791	0.0127	0.2683	0.1438	0.1245	1.1047	24.7785	0.6888	13.2952	31.9316	0.0000	0.2639	0.0000	0.6914	0.0152	0.0006	0.0497	0.0025	0.0011	0.0229	0.0243	0.0000	0.0524	
30	41	0.6097	9	0	2	0	0	0	0	0	0	N	Y	N	N	N	N	N	N	N	N	N	N	6.4716	5.5390	0.0000	5.5948	5.0450	0.0000	13.6925	9.7341	0.0000	0.0480	0.0547	0.0000	0.0569	0.0599	0.0000	0.0406	0.0496	0.0000	0.0074	0.0099	0.0000	0.0102	0.0119	0.0000	0.0030	0.0051	0.0000	0.0000	0.0000	-0.0016	-0.0005	0.9701	8.1446	4.0208	10.2519	0.0036	0.0036	0.0000	0.0020	0.0020	0.0000	0.0017	0.0017	0.0000	0.0012	0.0012	0.0000	0.0010	0.0010	0.0000	0.0002	0.0002	0.0000	0.0758	0.0665	0.0093	0.0344	0.0327	0.0018	0.0413	0.0338	0.0076	0.1602	0.1203	0.0399	0.0990	0.0847	0.0143	0.0612	0.0356	0.0257	6.4716	5.5390	0.0000	5.5948	5.0450	0.0000	13.6925	9.7341	0.0000	0.0074	0.0099	0.0000	0.0102	0.0119	0.0000	0.0030	0.0051	0.0000
30	42	0.1794	6	0	2	0	0	0	0	0	0	N	Y	N	N	N	N	N	N	N	N	N	N	2.4167	0.0000	3.4522	0.0010	0.0000	1.6935	2.3519	4.0264	7.6895	0.0000	66.7589	0.0002	0.0000	0.0125	12.5535	0.0000	70.6786	3.1818	0.1264	19.3378	0.2123	0.2266	0.0074	5.3376	0.0000	17.5536	inf	34.7205	0.5371	0.4974	0.9701	5.9981	4.0208	11.5875	0.9610	0.0000	0.9610	0.0000	0.0000	0.0000	0.9610	0.0000	0.9610	0.9683	0.0271	0.9412	0.0272	0.0271	0.0001	0.9412	0.0000	0.9412	0.1250	0.1106	0.0144	0.0484	0.0476	0.0008	0.0765	0.0630	0.0136	0.3043	0.2145	0.0898	0.1280	0.1197	0.0084	0.1763	0.0949	0.0815	2.4167	0.0000	6.3713	0.0010	0.0000	1.6935	2.3519	0.0000	6.1185	3.1818	0.1264	10.4780	0.2123	0.2266	0.0074	5.3376	0.0000	11.5517	
30	43	0.2631	6	0	2	1	1	0	0	0	0	N	Y	N	N	N	N	N	N	N	N	N	N	0.0000	0.0000	0.0000	0.0000	0.0000	0.0000	0.0000	0.0000	0.0000	0.0000	0.0000	0.0000	0.0000	0.0000	0.0000	0.0000	0.0000	0.0000	0.0101	0.0138	0.0005	0.0175	0.0199	0.0000	0.0008	0.0009	0.0007	0.0151	0.0000	-0.0004	0.9701	1.0007	4.0208	2.4334	0.0000	0.0000	0.0000	0.0000	0.0000	0.0000	0.0000	0.0000	0.0000	0.0008	0.0008	0.0000	0.0008	0.0008	0.0000	0.0000	0.0000	0.0000	0.0198	0.0175	0.0023	0.0083	0.0081	0.0002	0.0115	0.0094	0.0021	0.0815	0.0586	0.0229	0.0452	0.0400	0.0052	0.0363	0.0186	0.0177	0.0000	0.0000	0.0000	0.0000	0.0000	0.0000	0.0000	0.0000	0.0000	0.0101	0.0138	0.0005	0.0175	0.0199	0.0000	0.0008	0.0009	0.0007	
30	44	0.2259	5	0	1	0	1	0	0	0	0	N	N	N	N	N	N	N	N	N	N	N	N	2.1668	1.7998	0.0302	3.2523	2.8886	0.2882	0.0514	0.0366	0.0218	0.0832	0.0981	0.0001	0.1869	0.1930	0.0002	0.0007	0.0010	0.0001	0.0384	0.0545	0.0033	0.0575	0.0668	0.0006	0.0145	0.0262	0.0042	0.0002	0.0277	-0.0009	-0.0067	0.9701	1.0391	4.0208	15.0482	0.0020	0.0020	0.0000	0.0020	0.0020	0.0000	0.0000	0.0000	0.0000	0.0155	0.0151	0.0004	0.0129	0.0129	0.0000	0.0026	0.0022	0.0004	0.0241	0.0204	0.0037	0.0107	0.0103	0.0003	0.0134	0.0101	0.0033	0.4043	0.2771	0.1272	0.2248	0.1930	0.0317	0.1795	0.0841	0.0954	2.1668	1.7998	0.0302	3.2523	2.8886	0.2882	0.0514	0.0366	0.0218	0.0384	0.0545	0.0033	0.0575	0.0668	0.0006	0.0145	0.0262	0.0042
30	45	0.1054	4	0	2	0	0	0	0	0	0	N	Y	N	N	N	N	N	N	N	N	N	N	0.1337	0.1079	0.0000	0.0000	0.0000	0.0000	6.3434	inf	0.0000	0.0025	0.0028	0.0000	0.0000	0.0000	0.0000	0.0039	0.0048	0.0000	0.0184	0.0258	0.0013	0.0461	0.0483	0.0015	0.0006	0.0000	0.0013	0.0000	0.0225	-0.0003	-0.0045	0.9701	12.0036	4.0208	21.9053	0.0006	0.0006	0.0000	0.0000	0.0000	0.0000	0.0006	0.0006	0.0000	0.0104	0.0101	0.0002	0.0102	0.0101	0.0000	0.0002	0.0000	0.0002	0.2316	0.2050	0.0265	0.0868	0.0855	0.0013	0.1447	0.1195	0.0252	0.5636	0.3939	0.1697	0.2206	0.2103	0.0103	0.3430	0.1836	0.1594	0.1337	0.1079	0.0000	0.0000	0.0000	0.0000	6.3434	inf	0.0000	0.0184	0.0258	0.0013	0.0461	0.0483	0.0015	0.0006	0.0000	0.0013
30	46	0.5868	12	1	2	0	0	0	0	0	0	N	Y	N	N	N	N	N	N	N	N	N	N	0.0000	0.0000	0.0000	0.0000	0.0000	0.0000	0.0000	0.0000	0.0000	0.0000	0.0000	0.0000	0.0000	0.0000	0.0000	0.0000	0.0000	0.0000	0.0000	0.0000	0.0000	0.0000	0.0000	0.0000	0.0000	0.0000	8.6552	0.0000	0.0000	0.9701	2.0120	4.0208	1.9924	0.0000	0.0000	0.0000	0.0000	0.0000	0.0000	0.0000	0.0000	0.0000	0.0000	0.0000	0.0000	0.0000	0.0000	0.0000	0.0000	0.0000	0.0000	0.0397	0.0353	0.0044	0.0184	0.0178	0.0005	0.0213	0.0175	0.0038	0.0654	0.0473	0.0180	0.0396	0.0335	0.0061	0.0258	0.0139	0.0119	0.0000	0.0000	0.0000	0.0000	0.0000	0.0000	0.0000	0.0000	0.0000	0.0000	0.0000	0.0000	0.0000	0.0000	0.0000	0.0000	0.0000	0.0000		
30	47	0.1019	6	1	2	0	0	0	0	0	0	N	Y	N	N	N	N	N	N	N	N	N	N	0.0000	0.0000	0.0000	0.0000	0.0000	0.0000	0.0000	0.0000	0.0000	0.0000	0.0000	0.0000	0.0000	0.0005	0.0007	0.0000	0.0014	0.0015	0.0000	0.0000	0.0000	0.0000	0.0000	0.0000	-0.0000	0.9701	0.0002	4.0208	4.0036	0.0000	0.0000	0.0000	0.0000	0.0000	0.0000	0.0000	0.0000	0.0000	0.0000	0.0000	0.0000	0.0000	0.0000	0.0000	0.0000	0.0000	0.0000	0.0000	0.0000	0.0000	0.0000	0.0000	0.0000	0.0000	0.0000	0.0000	0.0608	0.0403	0.0205	0.0212	0.0203	0.0010	0.0396	0.0201	0.0195	0.0000	0.0000	0.0000	0.0000	0.0000	0.0000	0.0000	0.0000	0.0000	0.0005	0.0007	0.0000	0.0014	0.0015	0.0000	0.0000	0.0000	0.0000						
30	48	0.1054	4	0	2	0	1	0	0	0	0	N	Y	N	N	N	N	N	N	N	N	N	N	0.0741	0.0000	0.3071	0.0000	0.0000	0.0000	0.1374	0.0000	0.3587	0.0048	0.0000	0.0417	0.0000	0.0000	0.0000	0.0077	0.0000	0.0439	0.0651	0.0348	0.1358	0.0791	0.0660	0.3476	0.0563	0.0000	0.1223	inf	1.6715	0.0003	0.0093	0.9701	6.0036	4.0208	51.7820	0.0006	0.0000	0.0006	0.0000	0.0000	0.0000	0.0006	0.0000	0.0006	0.0553	0.0207	0.0346	0.0260	0.0207	0.0053	0.0293	0.0000	0.0293	0.1181	0.1044	0.0137	0.0444	0.0437	0.0007	0.0737	0.0607	0.0130	0.8491	0.5943	0.2548	0.3288	0.3135	0.0153	0.5202	0.2808	0.2395	0.0741	0.0000	0.3071	0.0000	0.0000	0.0000	0.1374	0.0000	0.3587	0.0651	0.0348	0.1358	0.0791	0.0660	0.3476	0.0563	0.0000	0.1223
30	49	0.1054	4	1	2	0	0	0	0	0	0	N	Y	N	N	N	N	N	N	N	N	N	N	0.0000	0.0000	0.0000	0.0000	0.0000	0.0000	0.0000	0.0000	0.0000	0.0000	0.0000	0.0000	0.0000	0.0000	0.0000	0.0000	0.0000	1.4211	0.0170	4.6856	0.0306	0.0321	0.0000	2.3106	0.0000	4.9876	118.2283	0.0000	0.4890	0.9701	5.9964	4.0208	34.6547	0.0000	0.0000	0.0000	0.0000	0.0000	0.0000	0.0000	0.0000	0.0000	0.9171	0.0077	0.9094	0.0077	0.0077	0.0000	0.9094	0.0000	0.9094	0.1179	0.1043	0.0137	0.0443	0.0437	0.0007	0.0736	0.0606	0.0130	0.6453	0.4513	0.1941	0.2518	0.2400	0.0118	0.3936	0.2113	0.1823	0.0000	0.0000	0.0000	0.0000	0.0000	0.0000	0.0000	0.0000	0.0000	1.4211	0.0170	4.6856	0.0306	0.0321	0.0000	2.3106	0.0000	4.9876		
30	50	0.1950	5	0	1	1	0	0	0	0	0	N	N	N	N	N	N	N	N	N	N	N	N	0.0000	0.0000	0.0001	0.0003	0.0003	0.0002	0.0000	0.0000	0.0000	0.0000	0.0000	0.0000	0.0000	0.0000	0.0000	0.0000	0.0000	0.0000	0.7915	1.1488	0.0038	0.1089	0.1168	0.0133	1.3926	2.8972	0.0025	0.0037	0.0015	-0.0000	-0.4647	0.9701	31.2093	4.0208	46.3939	0.0000	0.0000	0.0000	0.0000	0.0000	0.0000	0.0000	0.0000	0.0000	1.0171	1.0156	0.0015	0.0655	0.0649	0.0006	0.9516	0.9507	0.0009	0.6733	0.5646	0.1087	0.2946	0.2825	0.0120	0.3787	0.2820	0.0966	1.2850	0.8841	0.4010	0.6017	0.5559	0.0458	0.6833	0.3281	0.3552	0.0000	0.0000	0.0001	0.0003	0.0003	0.0002	0.0000	0.0000	0.0000	0.7915	1.1488	0.0038	0.1089	0.1168	0.0133	1.3926	2.8972	0.0025
30	51	0.1422	5	0	2	0	0	0	0	0	0	N	Y	N	N	N	N	N	N	N	N	N	N	0.0187	0.0151	0.0289	0.0227	0.0213	0.1074	0.0136	0.0089	0.0021	0.0009	0.0010	0.0000	0.0015	0.0016	0.0000	0.0004	0.0005	0.0000	0.0461	0.0647	0.0002	0.0660	0.0730	0.0004	0.0278	0.0518	0.0002	0.0008	0.0012	-0.0000	-0.0091	0.9701	4.1516	4.0208	14.5664	0.0001	0.0001	0.0000	0.0001	0.0001	0.0000	0.0000	0.0000	0.0000	0.0199	0.0199	0.0000	0.0137	0.0137	0.0000	0.0063	0.0063	0.0000	0.0895	0.0791	0.0104	0.0386	0.0371	0.0014	0.0509	0.0419	0.0090	0.4323	0.3079	0.1245	0.2069	0.1871	0.0198	0.2255	0.1208	0.1047	0.0187	0.0151	0.0289	0.0227	0.0213	0.1074	0.0136	0.0089	0.0021	0.0461	0.0647	0.0002	0.0660	0.0730	0.0004	0.0278	0.0518	0.0002
30	52	0.2227	7	1	1	1	0	0	0	0	0	N	N	N	N	N	N	N	N	N	N	N	N	0.0000	0.0000	0.0000	0.0000	0.0000	0.0000	0.0000	0.0000	0.0000	0.0000	0.0000	0.0000	0.0000	0.0000	0.0000	0.0000	0.0000	0.0000	0.0010	0.0001	0.0031	0.0005	0.0002	0.0039	0.0014	0.0000	0.0031	9.0218	0.0000	0.0000	0.9701	0.0028	4.0208	0.9232	0.0000	0.0000	0.0000	0.0000	0.0000	0.0000	0.0000	0.0000	0.0000	0.0000	0.0000	0.0000	0.0000	0.0000	0.0000	0.0000	0.0000	0.0000	0.0023	0.0012	0.0011	0.0012	0.0012	0.0000	0.0012	0.0001	0.0011	0.0213	0.0155	0.0059	0.0098	0.0092	0.0007	0.0115	0.0063	0.0052	0.0000	0.0000	0.0000	0.0000	0.0000	0.0000	0.0000	0.0000	0.0000	0.0010	0.0001	0.0031	0.0005	0.0002	0.0039	0.0014	0.0000	0.0031	
30	53	0.6020	11	0	2	0	0	0	0	0	0	N	Y	N	N	N	N	N	N	N	N	N	N	0.3862	9.8626	0.0000	8.8488	14.5432	0.0002	0.0000	0.0025	0.0000	0.0308	0.0360	0.0000	0.0598	0.0679	0.0000	0.0000	0.0000	0.0000	0.0798	0.0037	0.2767	0.0068	0.0047	0.0143	0.2254	0.0010	0.5592	0.0000	29.2774	-0.0030	0.0318	0.9701	8.5400	4.0208	19.3759	0.0067	0.0067	0.0000	0.0067	0.0067	0.0000	0.0000	0.0000	0.0000	0.0625	0.0021	0.0604	0.0035	0.0019	0.0016	0.0589	0.0002	0.0588	0.2182	0.1865	0.0316	0.1123	0.0990	0.0133	0.1058	0.0876	0.0183	0.7831	0.5647	0.2183	0.5215	0.4083	0.1132	0.2615	0.1564	0.1051	0.3862	9.8626	0.0000	8.8488	14.5432	0.0002	0.0000	0.0025	0.0000	0.0798	0.0037	0.2767	0.0068	0.0047	0.0143	0.2254	0.0010	0.5592
30	54	0.5390	10	0	1	0	0	0	0	0	0	N	N	N	N	N	N	N	N	N	N	N	N	0.0492	0.5020	0.0000	0.8024	0.6707	0.0015	0.0024	0.4989	0.0000	0.0458	0.0515	0.0000	0.0908	0.0933	0.0000	0.0056	0.0069	0.0000	0.9302	0.1025	2.9850	0.1131	0.1391	0.0104	2.3341	0.0139	5.3612	0.0000	11.7296	-0.0032	0.3330	0.9701	7.3474	4.0208	24.2346	0.0072	0.0072	0.0000	0.0067	0.0067	0.0000	0.0005	0.0005	0.0000	0.7191	0.0565	0.6626	0.0553	0.0542	0.0010	0.6638	0.0022	0.6615	0.1576	0.1401	0.0174	0.0743	0.0722	0.0020	0.0833	0.0679	0.0154	0.7730	0.5510	0.2220	0.4886	0.3901	0.0986	0.2844	0.1610	0.1234	0.0492	0.5020	0.0000	0.8024	0.6707	0.0015	0.0024	0.4989	0.0000	0.9302	0.1025	2.9850	0.1131	0.1391	0.0104	2.3341	0.0139	5.3612
30	55	0.5092	9	0	1	0	0	0	0	0	0	N	N	N	N	N	N	N	N	N	N	N	N	0.0036	0.0058	0.0000	0.0052	0.0043	0.0000	0.0023	0.2292	0.0000	0.0024	0.0027	0.0000	0.0027	0.0028	0.0000	0.0021	0.0025	0.0000	0.6556	0.4633	1.1327	0.5182	0.6436	0.0045	0.8936	0.0111	1.9939	0.0005	0.9855	-0.0001	0.0142	0.9701	3.4216	4.0208	15.9376	0.0002	0.0002	0.0000	0.0001	0.0001	0.0000	0.0001	0.0001	0.0000	0.3752	0.1890	0.1862	0.1880	0.1877	0.0003	0.1872	0.0013	0.1859	0.0810	0.0723	0.0087	0.0410	0.0398	0.0011	0.0400	0.0324	0.0076	0.5722	0.4078	0.1644	0.3628	0.2916	0.0712	0.2095	0.1162	0.0932	0.0036	0.0058	0.0000	0.0052	0.0043	0.0000	0.0023	0.2292	0.0000	0.6556	0.4633	1.1327	0.5182	0.6436	0.0045	0.8936	0.0111	1.9939
30	56	0.2259	5	0	2	0	0	0	0	0	0	N	Y	N	N	N	N	N	N	N	N	N	N	1.2944	4.1222	0.0001	1.7981	5.6013	0.0003	0.0424	1.9848	0.0000	0.0871	0.1029	0.0000	0.1953	0.2017	0.0002	0.0008	0.0010	0.0000	0.0673	0.0250	0.1581	0.1086	0.0360	0.5629	0.0178	0.0005	0.0329	0.0000	2.9499	-0.0009	0.0093	0.9701	0.9891	4.0208	20.6926	0.0020	0.0020	0.0000	0.0020	0.0020	0.0000	0.0000	0.0000	0.0000	0.0322	0.0082	0.0241	0.0284	0.0081	0.0203	0.0039	0.0001	0.0038	0.0231	0.0196	0.0036	0.0103	0.0099	0.0003	0.0129	0.0096	0.0032	0.4793	0.3270	0.1523	0.2612	0.2252	0.0360	0.2181	0.1018	0.1163	1.2944	4.1222	0.0001	1.7981	5.6013	0.0003	0.0424	1.9848	0.0000	0.0673	0.0250	0.1581	0.1086	0.0360	0.5629	0.0178	0.0005	0.0329
30	57	0.1054	4	0	1	0	0	0	0	0	0	N	N	N	N	N	N	N	N	N	N	N	N	0.0777	0.0790	0.0000	0.0001	0.0001	0.0000	0.1357	0.1341	0.0000	0.0057	0.0065	0.0000	0.0000	0.0000	0.0000	0.0092	0.0111	0.0000	0.0737	0.0820	0.0544	0.0833	0.0810	0.1286	0.0676	0.0832	0.0496	0.0000	0.2848	-0.0003	-0.0121	0.9701	5.0326	4.0208	39.3193	0.0006	0.0006	0.0000	0.0000	0.0000	0.0000	0.0006	0.0006	0.0000	0.0510	0.0397	0.0113	0.0224	0.0208	0.0016	0.0286	0.0189	0.0097	0.0995	0.0880	0.0115	0.0374	0.0369	0.0006	0.0621	0.0511	0.0110	0.6919	0.4839	0.2080	0.2694	0.2569	0.0126	0.4225	0.2271	0.1954	0.0777	0.0790	0.0000	0.0001	0.0001	0.0000	0.1357	0.1341	0.0000	0.0737	0.0820	0.0544	0.0833	0.0810	0.1286	0.0676	0.0832	0.0496
30	58	0.1054	4	0	2	0	1	0	0	0	0	N	Y	N	N	N	N	N	N	N	N	N	N	0.0000	0.0000	0.0000	0.0000	0.0000	0.0000	0.0000	0.0000	0.0000	0.0000	0.0000	0.0000	0.0000	0.0000	0.0000	0.0000	0.0000	0.0000	0.2717	0.2832	0.2448	0.1784	0.1654	0.4434	0.3313	0.4169	0.2320	0.3717	0.0000	-0.0336	0.9701	5.0036	4.0208	36.7244	0.0000	0.0000	0.0000	0.0000	0.0000	0.0000	0.0000	0.0000	0.0000	0.1790	0.1305	0.0485	0.0458	0.0405	0.0053	0.1332	0.0900	0.0432	0.0990	0.0875	0.0115	0.0372	0.0367	0.0006	0.0618	0.0508	0.0109	0.6590	0.4609	0.1982	0.2570	0.2450	0.0120	0.4021	0.2159	0.1862	0.0000	0.0000	0.0000	0.0000	0.0000	0.0000	0.0000	0.0000	0.0000	0.2717	0.2832	0.2448	0.1784	0.1654	0.4434	0.3313	0.4169	0.2320	
30	59	0.4895	9	0	2	0	1	0	0	0	0	N	Y	N	N	N	N	N	N	N	N	N	N	0.0538	0.0143	0.0599	0.0077	0.0170	0.0041	0.0485	0.0000	0.0396	0.0020	0.0001	0.0074	0.0001	0.0001	0.0002	0.0038	0.0000	0.0082	0.0369	0.0048	0.1238	0.0145	0.0063	0.0446	0.0794	0.0011	0.2083	38.2583	9.6016	0.0004	0.0167	0.9701	10.4254	4.0208	21.2017	0.0008	0.0000	0.0007	0.0000	0.0000	0.0000	0.0007	0.0000	0.0007	0.0373	0.0035	0.0338	0.0096	0.0033	0.0063	0.0277	0.0002	0.0275	0.3810	0.2817	0.0993	0.1901	0.1799	0.0102	0.1909	0.1018	0.0891	1.0103	0.7376	0.2728	0.6612	0.5204	0.1408	0.3491	0.2171	0.1320	0.0538	0.0143	0.0599	0.0077	0.0170	0.0041	0.0485	0.0000	0.0396	0.0369	0.0048	0.1238	0.0145	0.0063	0.0446	0.0794	0.0011	0.2083
30	60	0.2227	7	1	1	1	0	0	0	0	0	N	N	N	N	N	N	N	N	N	N	N	N	0.0000	0.0000	0.0000	0.0000	0.0000	0.0000	0.0000	0.0000	0.0000	0.0000	0.0000	0.0000	0.0000	0.0000	0.0000	0.0000	0.0000	0.0000	0.0003	0.0003	0.0003	0.0006	0.0006	0.0010	0.0001	0.0000	0.0003	0.4068	0.0000	-0.0000	0.9701	1.9981	4.0208	3.0867	0.0000	0.0000	0.0000	0.0000	0.0000	0.0000	0.0000	0.0000	0.0000	0.0000	0.0000	0.0000	0.0000	0.0000	0.0000	0.0000	0.0000	0.0000	0.0446	0.0386	0.0060	0.0175	0.0172	0.0003	0.0271	0.0214	0.0057	0.0958	0.0683	0.0275	0.0422	0.0395	0.0027	0.0536	0.0288	0.0248	0.0000	0.0000	0.0000	0.0000	0.0000	0.0000	0.0000	0.0000	0.0000	0.0003	0.0003	0.0003	0.0006	0.0006	0.0010	0.0001	0.0000	0.0003	
30	61	0.1794	6	1	1	1	0	0	0	0	0	N	N	N	N	N	N	N	N	N	N	N	N	0.1579	1.4857	0.0000	0.8252	1.9204	0.0000	0.0000	0.0000	0.0000	0.0220	0.0249	0.0000	0.0567	0.0577	0.0000	0.0000	0.0000	0.0000	0.1393	0.0168	0.4318	0.0687	0.0300	0.6224	0.1905	0.0000	0.4122	0.0000	10.8042	-0.0008	0.0198	0.9701	4.0039	4.0208	14.0733	0.0019	0.0019	0.0000	0.0019	0.0019	0.0000	0.0000	0.0000	0.0000	0.0434	0.0037	0.0398	0.0090	0.0037	0.0053	0.0344	0.0000	0.0344	0.0845	0.0747	0.0098	0.0328	0.0322	0.0005	0.0517	0.0424	0.0093	0.3117	0.2196	0.0921	0.1310	0.1225	0.0086	0.1807	0.0972	0.0835	0.1579	1.4857	0.0000	0.8252	1.9204	0.0000	0.0000	0.0000	0.0000	0.1393	0.0168	0.4318	0.0687	0.0300	0.6224	0.1905	0.0000	0.4122
30	62	0.1987	7	1	1	1	0	0	0	0	0	N	N	N	N	N	N	N	N	N	N	N	N	0.0424	0.1446	0.0000	0.0822	0.0886	0.0000	0.0000	0.0000	0.0000	0.0018	0.0032	0.0000	0.0033	0.0036	0.0000	0.0000	0.0000	0.0000	0.0420	0.0224	0.0821	0.0408	0.0403	0.0475	0.0428	0.0000	0.0850	0.0000	1.7977	-0.0000	0.0019	0.9701	0.0060	4.0208	17.2393	0.0000	0.0000	0.0000	0.0000	0.0000	0.0000	0.0000	0.0000	0.0000	0.0105	0.0038	0.0068	0.0041	0.0038	0.0003	0.0065	0.0000	0.0065	0.0054	0.0030	0.0024	0.0029	0.0027	0.0002	0.0025	0.0003	0.0023	0.2510	0.1685	0.0825	0.0998	0.0935	0.0063	0.1512	0.0751	0.0761	0.0424	0.1446	0.0000	0.0822	0.0886	0.0000	0.0000	0.0000	0.0000	0.0420	0.0224	0.0821	0.0408	0.0403	0.0475	0.0428	0.0000	0.0850
30	63	0.1422	5	0	1	1	0	0	0	0	0	N	N	N	N	N	N	N	N	N	N	N	N	0.0000	0.0000	0.0001	0.0000	0.0000	0.0001	0.0000	0.0000	0.0000	0.0000	0.0000	0.0000	0.0000	0.0000	0.0001	0.0000	0.0000	0.0000	0.0669	0.0020	0.2299	0.0911	0.0028	0.8495	0.0431	0.0006	0.0923	inf	46.2653	0.0000	0.0122	0.9701	1.0230	4.0208	12.1924	0.0000	0.0000	0.0000	0.0000	0.0000	0.0000	0.0000	0.0000	0.0000	0.0235	0.0005	0.0230	0.0159	0.0004	0.0154	0.0076	0.0001	0.0075	0.0250	0.0222	0.0028	0.0119	0.0114	0.0005	0.0131	0.0108	0.0023	0.3505	0.2506	0.0999	0.1742	0.1560	0.0182	0.1763	0.0945	0.0817	0.0000	0.0000	0.0001	0.0000	0.0000	0.0001	0.0000	0.0000	0.0000	0.0669	0.0020	0.2299	0.0911	0.0028	0.8495	0.0431	0.0006	0.0923
30	64	0.1054	4	0	1	0	0	0	0	0	0	N	N	N	N	N	N	N	N	N	N	N	N	0.0000	0.0000	0.0000	0.0000	0.0001	0.0000	0.0000	0.0000	0.0000	0.0000	0.0000	0.0000	0.0000	0.0000	0.0000	0.0000	0.0000	0.0000	0.1012	0.0826	0.1439	0.0398	0.0245	0.3641	0.1418	0.1524	0.1300	0.0000	0.7566	-0.0000	-0.0008	0.9701	2.4556	4.0208	12.4191	0.0000	0.0000	0.0000	0.0000	0.0000	0.0000	0.0000	0.0000	0.0000	0.0279	0.0159	0.0120	0.0044	0.0026	0.0018	0.0236	0.0133	0.0102	0.0493	0.0436	0.0058	0.0186	0.0183	0.0003	0.0308	0.0253	0.0055	0.2762	0.1926	0.0837	0.1100	0.1051	0.0050	0.1662	0.0875	0.0787	0.0000	0.0000	0.0000	0.0000	0.0001	0.0000	0.0000	0.0000	0.0000	0.1012	0.0826	0.1439	0.0398	0.0245	0.3641	0.1418	0.1524	0.1300
30	65	0.2278	6	0	2	0	0	0	0	0	0	N	Y	N	N	N	N	N	N	N	N	N	N	0.0000	0.0000	0.0000	0.0000	0.0000	0.0000	0.0003	0.0002	0.0000	0.0000	0.0000	0.0000	0.0000	0.0000	0.0000	0.0000	0.0000	0.0000	0.4105	0.5937	0.0002	0.8512	0.9499	0.0008	0.0018	0.0034	0.0001	0.0088	0.0002	-0.0000	-0.0518	0.9701	1.7555	4.0208	11.9300	0.0000	0.0000	0.0000	0.0000	0.0000	0.0000	0.0000	0.0000	0.0000	0.1131	0.1131	0.0000	0.1128	0.1128	0.0000	0.0003	0.0002	0.0000	0.0398	0.0340	0.0058	0.0183	0.0174	0.0009	0.0215	0.0166	0.0049	0.2755	0.1905	0.0850	0.1326	0.1188	0.0138	0.1429	0.0717	0.0712	0.0000	0.0000	0.0000	0.0000	0.0000	0.0000	0.0003	0.0002	0.0000	0.4105	0.5937	0.0002	0.8512	0.9499	0.0008	0.0018	0.0034	0.0001
30	66	0.2068	8	1	2	1	0	0	0	0	0	N	Y	N	N	N	N	N	N	N	N	N	N	0.0000	0.0000	0.0000	0.0000	0.0000	0.0000	0.0000	0.0000	0.0000	0.0000	0.0000	0.0000	0.0000	0.0000	0.0000	0.0000	0.0000	0.0000	0.0000	0.0000	0.9701	0.0000	4.0208	0.0000	0.0000	0.0000	0.0000	0.0000	0.0000	0.0000	0.0000	0.0000	0.0000	0.0000	0.0000	0.0000	0.0000	0.0000	0.0000	0.0000	0.0000	0.0000	0.0000	0.0000	0.0000	0.0000	0.0000	0.0000	0.0000	0.0000	0.0000	0.0000	0.0000	0.0000	0.0000	0.0000	0.0000	0.0000	0.0000	0.0000	0.0000	0.0000	0.0000	0.0000	0.0000	0.0000	0.0000	0.0000	0.0000	0.0000	0.0000	0.0000	0.0000	0.0000	0.0000	0.0000	0.0000	0.0000											
30	67	0.7113	11	1	2	1	0	0	0	0	0	N	Y	N	N	N	N	N	N	N	N	N	N	0.0000	0.0000	0.0000	0.0000	0.0000	0.0000	0.0000	0.0000	0.0000	0.0000	0.0000	0.0000	0.0000	0.1948	0.2648	0.0000	0.3456	0.3879	0.0000	0.0000	0.0000	0.0000	0.0000	0.0000	-0.0028	0.9701	1.0000	4.0208	3.0000	0.0000	0.0000	0.0000	0.0000	0.0000	0.0000	0.0000	0.0000	0.0000	0.0061	0.0061	0.0000	0.0061	0.0061	0.0000	0.0000	0.0000	0.0000	0.0069	0.0061	0.0008	0.0029	0.0028	0.0002	0.0040	0.0034	0.0006	0.0314	0.0231	0.0083	0.0177	0.0158	0.0019	0.0137	0.0073	0.0064	0.0000	0.0000	0.0000	0.0000	0.0000	0.0000	0.0000	0.0000	0.0000	0.1948	0.2648	0.0000	0.3456	0.3879	0.0000	0.0000	0.0000	0.0000						
30	68	0.2068	8	1	2	1	0	0	0	0	0	N	Y	N	N	N	N	N	N	N	N	N	N	0.0000	0.0000	0.0000	0.0000	0.0000	0.0000	0.0000	0.0000	0.0000	0.0000	0.0000	0.0000	0.0000	0.0000	0.0000	0.0000	0.0000	0.0000	0.0000	0.0000	0.9701	1.0000	4.0208	0.0000	0.0000	0.0000	0.0000	0.0000	0.0000	0.0000	0.0000	0.0000	0.0000	0.0000	0.0000	0.0000	0.0000	0.0000	0.0000	0.0000	0.0000	0.0000	0.0213	0.0188	0.0025	0.0081	0.0080	0.0001	0.0132	0.0108	0.0023	0.0177	0.0119	0.0058	0.0071	0.0067	0.0004	0.0106	0.0052	0.0054	0.0000	0.0000	0.0000	0.0000	0.0000	0.0000	0.0000	0.0000	0.0000	0.0000	0.0000	0.0000	0.0000	0.0000	0.0000	0.0000	0.0000	0.0000											
30	69	0.1904	7	1	2	1	0	0	0	0	0	N	Y	N	N	N	N	N	N	N	N	N	N	0.0000	0.0000	0.0000	0.0000	0.0000	0.0000	0.0000	0.0000	0.0000	0.0000	0.0000	0.0000	0.0000	0.0000	0.0000	0.0000	0.0000	0.0000	0.0760	0.1126	0.0000	0.1587	0.1776	0.0000	0.0000	0.0000	0.0000	0.0000	0.0000	-0.0065	0.9701	1.0155	4.0208	5.9708	0.0000	0.0000	0.0000	0.0000	0.0000	0.0000	0.0000	0.0000	0.0000	0.0142	0.0142	0.0000	0.0142	0.0142	0.0000	0.0000	0.0000	0.0000	0.0380	0.0314	0.0067	0.0204	0.0166	0.0039	0.0176	0.0148	0.0028	0.1865	0.1259	0.0606	0.0893	0.0798	0.0095	0.0972	0.0461	0.0512	0.0000	0.0000	0.0000	0.0000	0.0000	0.0000	0.0000	0.0000	0.0000	0.0760	0.1126	0.0000	0.1587	0.1776	0.0000	0.0000	0.0000	0.0000	
30	70	0.1856	6	1	1	1	0	0	0	0	0	N	N	N	N	N	N	N	N	N	N	N	N	0.0000	0.0000	0.0000	0.0000	0.0000	0.0000	0.0000	0.0000	0.0000	0.0000	0.0000	0.0000	0.0000	0.0000	0.0000	0.0000	0.0000	0.0000	0.0460	0.0785	0.0032	0.0860	0.0907	0.0001	0.0034	0.0033	0.0034	0.0313	0.0000	-0.0065	0.9701	0.0406	4.0208	2.3361	0.0000	0.0000	0.0000	0.0000	0.0000	0.0000	0.0000	0.0000	0.0000	0.0151	0.0146	0.0005	0.0145	0.0145	0.0000	0.0005	0.0001	0.0005	0.0153	0.0115	0.0038	0.0110	0.0078	0.0032	0.0043	0.0038	0.0005	0.3275	0.1863	0.1412	0.1691	0.1603	0.0088	0.1584	0.0260	0.1324	0.0000	0.0000	0.0000	0.0000	0.0000	0.0000	0.0000	0.0000	0.0000	0.0460	0.0785	0.0032	0.0860	0.0907	0.0001	0.0034	0.0033	0.0034	
30	71	0.7113	11	1	2	1	0	0	0	0	0	N	Y	N	N	N	N	N	N	N	N	N	N	0.0000	0.0000	0.0000	0.0000	0.0000	0.0000	0.0000	0.0000	0.0000	0.0000	0.0000	0.0000	0.0000	0.0000	0.0000	0.0000	0.0000	0.0000	0.0000	0.0000	0.9701	0.0000	4.0208	0.0000	0.0000	0.0000	0.0000	0.0000	0.0000	0.0000	0.0000	0.0000	0.0000	0.0000	0.0000	0.0000	0.0000	0.0000	0.0000	0.0000	0.0000	0.0000	0.0000	0.0000	0.0000	0.0000	0.0000	0.0000	0.0000	0.0000	0.0000	0.0000	0.0000	0.0000	0.0000	0.0000	0.0000	0.0000	0.0000	0.0000	0.0000	0.0000	0.0000	0.0000	0.0000	0.0000	0.0000	0.0000	0.0000	0.0000	0.0000	0.0000	0.0000	0.0000	0.0000	0.0000	0.0000	0.0000											
30	72	0.6933	10	1	2	1	0	0	0	0	0	N	Y	N	N	N	N	N	N	N	N	N	N	0.0540	0.0816	0.0110	0.0860	0.1450	0.0050	0.1350	0.0118	0.4780	0.0003	0.0003	0.0001	0.0008	0.0008	0.0001	0.0000	0.0000	0.0001	0.0059	0.0042	0.0104	0.0090	0.0056	0.0287	0.0001	0.0000	0.0002	0.0437	0.9030	-0.0000	0.0000	0.9701	3.9057	4.0208	1.1104	0.0000	0.0000	0.0000	0.0000	0.0000	0.0000	0.0000	0.0000	0.0000	0.0003	0.0002	0.0001	0.0003	0.0002	0.0001	0.0000	0.0000	0.0000	0.0296	0.0261	0.0034	0.0117	0.0111	0.0006	0.0178	0.0150	0.0028	0.0522	0.0382	0.0140	0.0339	0.0289	0.0050	0.0183	0.0094	0.0090	0.0540	0.0816	0.0110	0.0860	0.1450	0.0050	0.1350	0.0118	0.4780	0.0059	0.0042	0.0104	0.0090	0.0056	0.0287	0.0001	0.0000	0.0002
30	73	0.4905	8	1	2	0	0	0	0	0	0	N	Y	N	N	N	N	N	N	N	N	N	N	1.5006	0.8200	19.2015	0.1864	0.0002	9.3523	45.2755	585.3886	30.5738	0.0151	0.0109	0.0371	0.0031	0.0000	0.0312	0.0293	0.0260	0.0400	0.0101	0.0132	0.0019	0.0165	0.0187	0.0033	0.0006	0.0000	0.0013	0.6653	0.0565	-0.0001	-0.0019	0.9701	6.9070	4.0208	16.5673	0.0034	0.0020	0.0014	0.0004	0.0000	0.0004	0.0030	0.0020	0.0010	0.0047	0.0044	0.0003	0.0046	0.0044	0.0001	0.0001	0.0000	0.0001	0.2248	0.1882	0.0367	0.1215	0.1095	0.0120	0.1034	0.0787	0.0247	0.4639	0.3345	0.1295	0.2764	0.2365	0.0400	0.1875	0.0980	0.0895	1.5006	0.8200	19.2015	0.1864	0.0002	9.3523	45.2755	585.3886	30.5738	0.0101	0.0132	0.0019	0.0165	0.0187	0.0033	0.0006	0.0000	0.0013
30	74	0.5544	10	0	2	0	1	0	0	0	0	N	Y	N	N	N	N	N	N	N	N	N	N	0.0008	0.0032	0.0000	0.0059	0.0053	0.0000	0.0000	0.0003	0.0000	0.0001	0.0001	0.0000	0.0002	0.0002	0.0000	0.0000	0.0000	0.0000	0.0987	0.0280	0.2718	0.0311	0.0352	0.0127	0.2193	0.0078	0.4469	0.0000	3.9594	-0.0000	0.0151	0.9701	6.4226	4.0208	19.3377	0.0000	0.0000	0.0000	0.0000	0.0000	0.0000	0.0000	0.0000	0.0000	0.0443	0.0089	0.0354	0.0090	0.0083	0.0007	0.0354	0.0007	0.0347	0.1219	0.1076	0.0143	0.0524	0.0512	0.0012	0.0695	0.0564	0.0131	0.4495	0.3192	0.1303	0.2881	0.2355	0.0525	0.1614	0.0837	0.0777	0.0008	0.0032	0.0000	0.0059	0.0053	0.0000	0.0000	0.0003	0.0000	0.0987	0.0280	0.2718	0.0311	0.0352	0.0127	0.2193	0.0078	0.4469
30	75	0.5092	9	0	1	0	1	0	0	0	0	N	N	N	N	N	N	N	N	N	N	N	N	0.0036	0.0489	0.0000	0.0043	0.0037	0.0000	0.0026	0.0454	0.0000	0.0042	0.0048	0.0000	0.0002	0.0002	0.0000	0.0081	0.0099	0.0000	1.1781	0.0974	3.8552	0.0407	0.0489	0.0070	3.1323	0.2189	6.7322	0.0000	15.9738	-0.0002	0.3494	0.9701	5.1932	4.0208	17.4397	0.0005	0.0005	0.0000	0.0000	0.0000	0.0000	0.0005	0.0005	0.0000	0.7239	0.0426	0.6812	0.0158	0.0153	0.0005	0.7081	0.0274	0.6807	0.1132	0.1007	0.0124	0.0548	0.0534	0.0015	0.0583	0.0474	0.0109	0.6144	0.4377	0.1767	0.3884	0.3128	0.0756	0.2261	0.1249	0.1011	0.0036	0.0489	0.0000	0.0043	0.0037	0.0000	0.0026	0.0454	0.0000	1.1781	0.0974	3.8552	0.0407	0.0489	0.0070	3.1323	0.2189	6.7322
30	76	0.4722	8	0	1	0	0	0	0	0	0	N	N	N	N	N	N	N	N	N	N	N	N	0.0034	0.0622	0.0000	0.0101	0.0082	0.0000	0.0020	0.1538	0.0000	0.0011	0.0012	0.0000	0.0002	0.0002	0.0000	0.0018	0.0023	0.0000	0.3174	0.0201	1.1294	0.0174	0.0221	0.0009	0.9070	0.0152	2.4850	0.0005	20.6238	-0.0000	0.1293	0.9701	4.4918	4.0208	17.5337	0.0001	0.0001	0.0000	0.0000	0.0000	0.0000	0.0001	0.0001	0.0000	0.2610	0.0121	0.2489	0.0095	0.0094	0.0001	0.2515	0.0027	0.2488	0.0991	0.0859	0.0132	0.0448	0.0435	0.0013	0.0542	0.0424	0.0119	0.8224	0.6019	0.2204	0.5450	0.4248	0.1203	0.2773	0.1772	0.1001	0.0034	0.0622	0.0000	0.0101	0.0082	0.0000	0.0020	0.1538	0.0000	0.3174	0.0201	1.1294	0.0174	0.0221	0.0009	0.9070	0.0152	2.4850
30	77	0.2013	7	0	1	0	1	0	0	0	0	N	N	N	N	N	N	N	N	N	N	N	N	0.0000	0.0000	0.0000	0.0000	0.0000	0.0000	0.0000	0.0000	0.0000	0.0000	0.0000	0.0000	0.0000	0.0000	0.0000	0.0000	0.0000	0.0000	0.0123	0.0167	0.0010	0.0129	0.0148	0.0017	0.0116	0.0197	0.0008	0.0242	0.0000	-0.0016	0.9701	0.3745	4.0208	14.7996	0.0000	0.0000	0.0000	0.0000	0.0000	0.0000	0.0000	0.0000	0.0000	0.0037	0.0036	0.0001	0.0021	0.0020	0.0000	0.0017	0.0016	0.0000	0.0088	0.0078	0.0010	0.0037	0.0036	0.0001	0.0051	0.0042	0.0008	0.3028	0.2176	0.0852	0.1597	0.1359	0.0238	0.1431	0.0817	0.0614	0.0000	0.0000	0.0000	0.0000	0.0000	0.0000	0.0000	0.0000	0.0000	0.0123	0.0167	0.0010	0.0129	0.0148	0.0017	0.0116	0.0197	0.0008	
30	78	0.1790	6	0	1	0	1	0	0	0	0	N	N	N	N	N	N	N	N	N	N	N	N	0.0000	0.0000	0.0000	0.0000	0.0000	0.0000	0.0000	0.0000	0.0000	0.0000	0.0000	0.0000	0.0000	0.0000	0.0000	0.0000	0.0000	0.0000	0.0055	0.0018	0.0150	0.0034	0.0023	0.0127	0.0074	0.0011	0.0155	3.1692	0.0000	0.0004	0.9701	1.4595	4.0208	10.3922	0.0000	0.0000	0.0000	0.0000	0.0000	0.0000	0.0000	0.0000	0.0000	0.0014	0.0003	0.0011	0.0004	0.0003	0.0002	0.0010	0.0001	0.0009	0.0318	0.0281	0.0037	0.0130	0.0126	0.0004	0.0188	0.0155	0.0033	0.2608	0.1884	0.0724	0.1279	0.1138	0.0141	0.1328	0.0746	0.0583	0.0000	0.0000	0.0000	0.0000	0.0000	0.0000	0.0000	0.0000	0.0000	0.0055	0.0018	0.0150	0.0034	0.0023	0.0127	0.0074	0.0011	0.0155	
30	79	0.1648	5	0	1	0	1	0	0	0	0	N	N	N	N	N	N	N	N	N	N	N	N	0.0000	0.0001	0.0000	0.0000	0.0000	0.0000	0.0000	0.0018	0.0000	0.0000	0.0000	0.0000	0.0000	0.0000	0.0000	0.0000	0.0000	0.0000	0.0954	0.0110	0.3099	0.0217	0.0173	0.0665	0.1643	0.0011	0.3537	0.0070	11.0700	-0.0000	0.0078	0.9701	1.3861	4.0208	6.3168	0.0000	0.0000	0.0000	0.0000	0.0000	0.0000	0.0000	0.0000	0.0000	0.0170	0.0014	0.0156	0.0019	0.0014	0.0005	0.0151	0.0001	0.0151	0.0295	0.0259	0.0035	0.0120	0.0116	0.0004	0.0175	0.0144	0.0031	0.1778	0.1276	0.0502	0.0858	0.0782	0.0076	0.0920	0.0494	0.0426	0.0000	0.0001	0.0000	0.0000	0.0000	0.0000	0.0000	0.0018	0.0000	0.0954	0.0110	0.3099	0.0217	0.0173	0.0665	0.1643	0.0011	0.3537
30	80	0.1054	4	0	1	0	1	0	0	0	0	N	N	N	N	N	N	N	N	N	N	N	N	0.0030	0.1108	0.0000	0.0000	0.0000	0.0000	0.0030	3.7038	0.0000	0.0072	0.0081	0.0000	0.0000	0.0000	0.0000	0.0115	0.0139	0.0000	2.4061	0.0731	10.6140	0.1598	0.1324	0.7235	3.8679	0.0038	8.9256	0.0000	46.1689	-0.0003	0.5191	0.9701	4.0043	4.0208	19.8631	0.0006	0.0006	0.0000	0.0000	0.0000	0.0000	0.0006	0.0006	0.0000	0.9974	0.0211	0.9762	0.0261	0.0206	0.0055	0.9713	0.0005	0.9708	0.0797	0.0704	0.0093	0.0300	0.0295	0.0005	0.0497	0.0409	0.0088	0.4145	0.2894	0.1251	0.1634	0.1559	0.0076	0.2511	0.1336	0.1175	0.0030	0.1108	0.0000	0.0000	0.0000	0.0000	0.0030	3.7038	0.0000	2.4061	0.0731	7.8040	0.1598	0.1324	0.7235	3.8679	0.0038	8.2591
30	81	0.6460	10	0	2	1	0	0	0	0	0	N	Y	N	N	N	N	N	N	N	N	N	N	27.5130	34.0064	0.0000	52.5345	52.4771	0.0000	0.0165	0.0501	0.0000	0.0006	0.0007	0.0000	0.0013	0.0014	0.0000	0.0000	0.0000	0.0000	0.0000	0.0000	0.0000	0.0000	0.0000	0.0000	0.0000	0.0000	0.0000	0.0000	0.4783	-0.0000	-0.0000	0.9701	2.0162	4.0208	4.5500	0.0000	0.0000	0.0000	0.0000	0.0000	0.0000	0.0000	0.0000	0.0000	0.0000	0.0000	0.0000	0.0000	0.0000	0.0000	0.0000	0.0000	0.0000	0.0180	0.0159	0.0020	0.0090	0.0084	0.0005	0.0090	0.0075	0.0015	0.0590	0.0437	0.0153	0.0372	0.0320	0.0052	0.0218	0.0117	0.0101	27.5130	34.0064	0.0000	52.5345	52.4771	0.0000	0.0165	0.0501	0.0000	0.0000	0.0000	0.0000	0.0000	0.0000	0.0000	0.0000	0.0000	0.0000
30	82	0.2134	8	0	2	1	0	0	0	0	0	N	Y	N	N	N	N	N	N	N	N	N	N	0.0000	0.0000	0.0000	0.0000	0.0000	0.0000	0.0000	0.0000	0.0000	0.0000	0.0000	0.0000	0.0000	0.0000	0.0000	0.0000	0.0000	0.0000	0.0016	0.0024	0.0001	0.0036	0.0038	0.0005	0.0000	0.0000	0.0000	0.0123	0.0000	-0.0001	0.9701	3.0011	4.0208	3.7015	0.0000	0.0000	0.0000	0.0000	0.0000	0.0000	0.0000	0.0000	0.0000	0.0003	0.0003	0.0000	0.0003	0.0003	0.0000	0.0000	0.0000	0.0000	0.0647	0.0568	0.0078	0.0255	0.0251	0.0005	0.0392	0.0318	0.0074	0.1580	0.1051	0.0528	0.0713	0.0673	0.0040	0.0866	0.0378	0.0488	0.0000	0.0000	0.0000	0.0000	0.0000	0.0000	0.0000	0.0000	0.0000	0.0016	0.0024	0.0001	0.0036	0.0038	0.0005	0.0000	0.0000	0.0000	
30	83	0.2019	7	0	2	0	0	0	0	0	0	N	Y	N	N	N	N	N	N	N	N	N	N	0.0008	0.0000	0.0614	0.0003	0.0000	0.0888	0.0137	0.0000	0.0557	0.0000	0.0000	0.0003	0.0000	0.0000	0.0013	0.0000	0.0000	0.0002	0.0372	0.0548	0.0045	0.0762	0.0791	0.0148	0.0027	0.0010	0.0038	inf	0.0440	0.0000	-0.0032	0.9701	2.0032	4.0208	4.2039	0.0000	0.0000	0.0000	0.0000	0.0000	0.0000	0.0000	0.0000	0.0000	0.0078	0.0075	0.0003	0.0075	0.0074	0.0001	0.0003	0.0000	0.0003	0.0426	0.0377	0.0049	0.0166	0.0163	0.0003	0.0260	0.0214	0.0046	0.2101	0.1365	0.0736	0.0984	0.0939	0.0045	0.1117	0.0425	0.0692	0.0008	0.0000	0.0614	0.0003	0.0000	0.0888	0.0137	0.0000	0.0557	0.0372	0.0548	0.0045	0.0762	0.0791	0.0148	0.0027	0.0010	0.0038
30	84	0.1987	7	1	1	1	0	0	0	0	0	N	N	N	N	N	N	N	N	N	N	N	N	0.3334	0.4130	0.0000	0.4856	0.4757	0.0000	0.0000	0.0000	0.0000	0.0004	0.0005	0.0000	0.0009	0.0009	0.0000	0.0000	0.0000	0.0000	0.0011	0.0011	0.0012	0.0019	0.0020	0.0002	0.0006	0.0000	0.0012	0.0000	0.5031	-0.0000	-0.0000	0.9701	1.0052	4.0208	4.9545	0.0000	0.0000	0.0000	0.0000	0.0000	0.0000	0.0000	0.0000	0.0000	0.0001	0.0001	0.0000	0.0001	0.0001	0.0000	0.0000	0.0000	0.0000	0.0253	0.0205	0.0048	0.0105	0.0102	0.0004	0.0148	0.0104	0.0044	0.0956	0.0640	0.0317	0.0388	0.0364	0.0024	0.0569	0.0276	0.0293	0.3334	0.4130	0.0000	0.4856	0.4757	0.0000	0.0000	0.0000	0.0000	0.0011	0.0011	0.0012	0.0019	0.0020	0.0002	0.0006	0.0000	0.0012
30	85	0.1794	6	1	1	1	0	0	0	0	0	N	N	N	N	N	N	N	N	N	N	N	N	40.0931	36.3119	4.4660	54.2395	51.9963	0.0000	0.9973	0.0000	4.4536	0.0864	0.0977	0.0037	0.2206	0.2243	0.0000	0.0007	0.0000	0.0039	0.0022	0.0027	0.0008	0.0041	0.0043	0.0003	0.0007	0.0006	0.0009	0.0052	0.1243	-0.0008	-0.0001	0.9701	0.9968	4.0208	7.6169	0.0019	0.0019	0.0000	0.0019	0.0019	0.0000	0.0000	0.0000	0.0000	0.0004	0.0003	0.0000	0.0003	0.0003	0.0000	0.0001	0.0000	0.0000	0.0216	0.0190	0.0026	0.0084	0.0083	0.0001	0.0132	0.0107	0.0025	0.1642	0.1170	0.0472	0.0701	0.0658	0.0043	0.0941	0.0512	0.0429	40.0931	36.3119	4.4660	54.2395	51.9963	0.0000	0.9973	0.0000	4.4536	0.0022	0.0027	0.0008	0.0041	0.0043	0.0003	0.0007	0.0006	0.0009
30	86	0.1993	5	1	2	0	0	0	0	0	0	N	Y	N	N	N	N	N	N	N	N	N	N	0.0011	0.0479	0.0000	0.3917	2.8191	0.0003	0.0000	0.0000	0.0000	0.0037	0.0042	0.0000	0.0092	0.0094	0.0000	0.0000	0.0000	0.0000	3.2070	0.0872	23.8893	0.0235	0.0033	0.0980	8.7757	0.2690	46.7905	0.0001	49.2392	-0.0002	0.9455	0.9701	5.8060	4.0208	6.1034	0.0005	0.0005	0.0000	0.0005	0.0005	0.0000	0.0000	0.0000	0.0000	1.8123	0.0361	1.7762	0.0084	0.0009	0.0075	1.8038	0.0351	1.7687	0.1315	0.1151	0.0164	0.0523	0.0512	0.0011	0.0792	0.0640	0.0152	0.5651	0.4136	0.1515	0.3596	0.2830	0.0766	0.2055	0.1306	0.0750	0.0011	0.0479	0.0000	0.3917	2.8191	0.0003	0.0000	0.0000	0.0000	3.2070	0.0872	11.7203	0.0235	0.0033	0.0980	8.7757	0.2690	23.5959
30	87	0.1054	4	1	2	0	0	0	0	0	0	N	Y	N	N	N	N	N	N	N	N	N	N	0.0118	0.0583	0.0000	0.0001	0.0002	0.0000	0.0116	0.0476	0.0000	0.0024	0.0028	0.0000	0.0000	0.0000	0.0000	0.0039	0.0047	0.0000	0.2063	0.0473	0.5754	0.0026	0.0019	0.0182	0.3374	0.0994	0.6114	0.0000	5.2409	-0.0003	0.0439	0.9701	12.2869	4.0208	21.7146	0.0006	0.0006	0.0000	0.0000	0.0000	0.0000	0.0006	0.0006	0.0000	0.1151	0.0184	0.0967	0.0006	0.0004	0.0002	0.1145	0.0181	0.0965	0.2334	0.2066	0.0267	0.0875	0.0862	0.0013	0.1459	0.1205	0.0254	0.5579	0.3899	0.1680	0.2184	0.2082	0.0102	0.3395	0.1817	0.1578	0.0118	0.0583	0.0000	0.0001	0.0002	0.0000	0.0116	0.0476	0.0000	0.2063	0.0473	0.5754	0.0026	0.0019	0.0182	0.3374	0.0994	0.6114
30	88	0.2019	7	0	2	0	0	0	0	0	0	N	Y	N	N	N	N	N	N	N	N	N	N	0.0130	0.5483	0.0000	0.6987	0.8098	0.0000	0.0000	0.2349	0.0000	0.0390	0.0441	0.0000	0.1001	0.1018	0.0000	0.0000	0.0000	0.0000	2.9993	0.0804	13.7798	0.1433	0.1258	0.4493	5.3498	0.0000	11.6529	0.0000	54.8593	-0.0014	0.4929	0.9701	4.0005	4.0208	9.0093	0.0033	0.0033	0.0000	0.0033	0.0033	0.0000	0.0000	0.0000	0.0000	0.9411	0.0168	0.9243	0.0203	0.0168	0.0035	0.9208	0.0000	0.9208	0.0841	0.0744	0.0096	0.0327	0.0322	0.0006	0.0513	0.0422	0.0091	0.3138	0.2096	0.1041	0.1417	0.1340	0.0077	0.1721	0.0757	0.0964	0.0130	0.5483	0.0000	0.6987	0.8098	0.0000	0.0000	0.2349	0.0000	2.9993	0.0804	8.8764	0.1433	0.1258	0.4493	5.3498	0.0000	9.5474
30	89	0.1794	6	0	2	0	0	0	0	0	0	N	Y	N	N	N	N	N	N	N	N	N	N	2.0524	13.3258	0.0000	32.1251	35.8511	0.0000	0.0000	0.0000	0.0000	0.0853	0.0970	0.0000	0.2190	0.2226	0.0000	0.0000	0.0000	0.0000	0.0416	0.0073	0.1256	0.0068	0.0062	0.0158	0.0673	0.0086	0.1368	0.0000	7.0448	-0.0008	0.0033	0.9701	1.0051	4.0208	9.2650	0.0019	0.0019	0.0000	0.0019	0.0019	0.0000	0.0000	0.0000	0.0000	0.0079	0.0010	0.0070	0.0006	0.0005	0.0001	0.0074	0.0005	0.0069	0.0218	0.0192	0.0026	0.0085	0.0084	0.0001	0.0133	0.0108	0.0025	0.1909	0.1356	0.0553	0.0812	0.0761	0.0051	0.1097	0.0595	0.0502	2.0524	13.3258	0.0000	32.1251	35.8511	0.0000	0.0000	0.0000	0.0000	0.0416	0.0073	0.1256	0.0068	0.0062	0.0158	0.0673	0.0086	0.1368
30	90	0.2278	6	0	1	1	0	0	0	0	0	N	N	N	N	N	N	N	N	N	N	N	N	0.0000	0.0000	0.0000	0.0000	0.0000	0.0000	0.0000	0.0000	0.0000	0.0000	0.0000	0.0000	0.0000	0.0000	0.0000	0.0000	0.0000	0.0000	3.8644	6.1001	0.0007	0.0318	0.0355	0.0024	7.5070	14.7604	0.0003	0.0088	0.0001	-0.0000	-0.3754	0.9701	2.3559	4.0208	7.1930	0.0000	0.0000	0.0000	0.0000	0.0000	0.0000	0.0000	0.0000	0.0000	0.8190	0.8189	0.0000	0.0034	0.0033	0.0000	0.8156	0.8156	0.0000	0.0514	0.0442	0.0072	0.0232	0.0221	0.0012	0.0282	0.0222	0.0060	0.2145	0.1492	0.0653	0.1059	0.0939	0.0119	0.1086	0.0553	0.0534	0.0000	0.0000	0.0000	0.0000	0.0000	0.0000	0.0000	0.0000	0.0000	3.8177	5.4890	0.0007	0.0318	0.0355	0.0024	7.5070	14.7604	0.0003
30	91	0.1950	5	0	1	0	0	0	0	0	0	N	N	N	N	N	N	N	N	N	N	N	N	0.0025	0.0024	0.0001	0.0006	0.0006	0.0002	0.0036	0.0029	0.0000	0.0006	0.0009	0.0000	0.0001	0.0001	0.0000	0.0012	0.0025	0.0000	0.2401	0.3601	0.0089	0.1629	0.1757	0.0217	0.3252	0.8606	0.0070	0.0002	0.0128	-0.0001	-0.0743	0.9701	4.9284	4.0208	11.0439	0.0002	0.0002	0.0000	0.0000	0.0000	0.0000	0.0002	0.0002	0.0000	0.1667	0.1646	0.0021	0.0593	0.0587	0.0007	0.1074	0.1059	0.0015	0.2666	0.1892	0.0774	0.1369	0.1293	0.0076	0.1297	0.0599	0.0698	0.6943	0.4570	0.2373	0.3641	0.3339	0.0302	0.3301	0.1231	0.2071	0.0025	0.0024	0.0001	0.0006	0.0006	0.0002	0.0036	0.0029	0.0000	0.2401	0.3601	0.0089	0.1629	0.1757	0.0217	0.3252	0.8606	0.0070
30	92	0.1054	4	0	1	0	0	0	0	0	0	N	N	N	N	N	N	N	N	N	N	N	N	0.0252	0.0302	0.0006	0.0000	0.0000	0.0000	0.0313	0.0329	0.0007	0.0054	0.0061	0.0001	0.0000	0.0000	0.0000	0.0086	0.0105	0.0001	0.2141	0.2014	0.2435	0.1188	0.0996	0.5118	0.2755	0.3183	0.2262	0.0030	0.5209	-0.0002	-0.0135	0.9701	3.9161	4.0208	29.2065	0.0004	0.0004	0.0000	0.0000	0.0000	0.0000	0.0004	0.0004	0.0000	0.1169	0.0769	0.0400	0.0254	0.0203	0.0051	0.0915	0.0566	0.0349	0.0780	0.0689	0.0091	0.0293	0.0289	0.0004	0.0486	0.0400	0.0086	0.5459	0.3815	0.1644	0.2138	0.2039	0.0100	0.3321	0.1777	0.1544	0.0252	0.0302	0.0006	0.0000	0.0000	0.0000	0.0313	0.0329	0.0007	0.2141	0.2014	0.2435	0.1188	0.0996	0.5118	0.2755	0.3183	0.2262
30	93	0.6460	10	1	2	0	0	0	0	0	0	N	Y	N	N	N	N	N	N	N	N	N	N	10.0391	12.4641	0.0150	17.9722	18.6594	0.0665	0.0011	0.0015	0.0022	0.0149	0.0168	0.0000	0.0300	0.0319	0.0001	0.0000	0.0000	0.0000	0.0015	0.0013	0.0019	0.0017	0.0017	0.0014	0.0012	0.0004	0.0021	0.0002	0.4810	-0.0001	-0.0000	0.9701	2.5103	4.0208	7.4742	0.0003	0.0003	0.0000	0.0003	0.0003	0.0000	0.0000	0.0000	0.0000	0.0001	0.0001	0.0000	0.0001	0.0001	0.0000	0.0000	0.0000	0.0000	0.0215	0.0190	0.0024	0.0107	0.0101	0.0006	0.0108	0.0090	0.0018	0.0822	0.0610	0.0211	0.0518	0.0443	0.0075	0.0304	0.0167	0.0136	10.0391	12.4641	0.0150	17.9722	18.6594	0.0665	0.0011	0.0015	0.0022	0.0015	0.0013	0.0019	0.0017	0.0017	0.0014	0.0012	0.0004	0.0021
30	94	0.6097	9	0	2	0	0	0	0	0	0	N	Y	N	N	N	N	N	N	N	N	N	N	24.5359	37.3218	0.2798	41.3583	54.4805	0.1355	0.1939	0.0570	0.4529	0.0316	0.0360	0.0006	0.0687	0.0723	0.0005	0.0001	0.0000	0.0007	0.0013	0.0010	0.0023	0.0017	0.0013	0.0036	0.0006	0.0000	0.0015	0.0025	0.7818	-0.0010	-0.0000	0.9701	7.1305	4.0208	3.2426	0.0022	0.0022	0.0000	0.0022	0.0022	0.0000	0.0000	0.0000	0.0000	0.0001	0.0001	0.0001	0.0001	0.0001	0.0000	0.0000	0.0000	0.0000	0.0693	0.0607	0.0086	0.0318	0.0302	0.0016	0.0375	0.0305	0.0070	0.1024	0.0768	0.0256	0.0646	0.0551	0.0095	0.0378	0.0217	0.0161	24.5359	37.3218	0.2798	41.3583	54.4805	0.1355	0.1939	0.0570	0.4529	0.0013	0.0010	0.0023	0.0017	0.0013	0.0036	0.0006	0.0000	0.0015
30	95	0.1794	6	1	2	0	0	0	0	0	0	N	Y	N	N	N	N	N	N	N	N	N	N	393.2025	315.0990	0.0000	20.7520	21.6629	0.0000	417.9011	272.4439	0.0000	5.8644	6.6233	0.0000	0.0807	0.0821	0.0000	9.5169	11.5574	0.0000	0.0149	0.0210	0.0006	0.0039	0.0038	0.0053	0.0228	0.0424	0.0001	0.0000	0.0113	-0.4262	-0.0033	0.9701	8.0000	4.0208	22.5660	0.9661	0.9661	0.0000	0.0051	0.0051	0.0000	0.9610	0.9610	0.0000	0.0073	0.0072	0.0001	0.0008	0.0007	0.0001	0.0065	0.0065	0.0000	0.1647	0.1459	0.0189	0.0638	0.0627	0.0010	0.1010	0.0831	0.0178	0.4889	0.3430	0.1459	0.2035	0.1900	0.0135	0.2854	0.1530	0.1324	393.2025	315.0990	0.0000	20.7520	21.6629	0.0000	417.9011	272.4439	0.0000	0.0149	0.0210	0.0006	0.0039	0.0038	0.0053	0.0228	0.0424	0.0001
30	96	0.1054	4	0	1	0	0	0	0	0	0	N	N	N	N	N	N	N	N	N	N	N	N	0.0030	0.0025	0.0000	0.0032	0.0031	0.0000	0.0000	0.0000	0.0000	0.0000	0.0000	0.0000	0.0001	0.0001	0.0000	0.0000	0.0000	0.0000	0.0145	0.0202	0.0014	0.0360	0.0377	0.0013	0.0007	0.0001	0.0014	0.0000	0.0294	-0.0000	-0.0032	0.9701	11.9964	4.0208	18.8414	0.0000	0.0000	0.0000	0.0000	0.0000	0.0000	0.0000	0.0000	0.0000	0.0075	0.0073	0.0002	0.0073	0.0072	0.0000	0.0002	0.0000	0.0002	0.2282	0.2021	0.0261	0.0856	0.0843	0.0013	0.1426	0.1178	0.0249	0.5145	0.3595	0.1550	0.2018	0.1924	0.0094	0.3127	0.1671	0.1456	0.0030	0.0025	0.0000	0.0032	0.0031	0.0000	0.0000	0.0000	0.0000	0.0145	0.0202	0.0014	0.0360	0.0377	0.0013	0.0007	0.0001	0.0014
30	98	0.2099	8	1	2	1	0	0	0	0	0	N	Y	N	N	N	N	N	N	N	N	N	N	0.0000	0.0000	0.0000	0.0000	0.0000	0.0000	0.0000	0.0000	0.0000	0.0000	0.0000	0.0000	0.0000	0.0000	0.0000	0.0000	0.0000	0.0000	0.0544	0.0779	0.0056	0.1312	0.1377	0.0372	0.0014	0.0001	0.0027	0.0342	0.0000	-0.0057	0.9701	0.9502	4.0208	16.1595	0.0000	0.0000	0.0000	0.0000	0.0000	0.0000	0.0000	0.0000	0.0000	0.0133	0.0129	0.0004	0.0131	0.0129	0.0002	0.0002	0.0000	0.0002	0.0662	0.0519	0.0142	0.0447	0.0328	0.0119	0.0215	0.0192	0.0023	0.2445	0.1654	0.0792	0.0999	0.0934	0.0065	0.1446	0.0719	0.0727	0.0000	0.0000	0.0000	0.0000	0.0000	0.0000	0.0000	0.0000	0.0000	0.0544	0.0779	0.0056	0.1312	0.1377	0.0372	0.0014	0.0001	0.0027	
30	99	0.1054	4	0	2	0	0	0	0	0	0	N	Y	N	N	N	N	N	N	N	N	N	N	24.8837	20.9818	0.0000	0.0000	0.0000	0.0000	463.0279	inf	0.0000	0.0123	0.0139	0.0000	0.0000	0.0000	0.0000	0.0196	0.0238	0.0000	0.0005	0.0007	0.0001	0.0012	0.0012	0.0003	0.0000	0.0000	0.0001	0.0000	0.0688	-0.0012	-0.0001	0.9701	11.9964	4.0208	15.6499	0.0028	0.0028	0.0000	0.0000	0.0000	0.0000	0.0028	0.0028	0.0000	0.0002	0.0002	0.0000	0.0002	0.0002	0.0000	0.0000	0.0000	0.0000	0.2282	0.2021	0.0261	0.0856	0.0843	0.0013	0.1426	0.1178	0.0249	0.4695	0.3279	0.1415	0.1845	0.1760	0.0086	0.2849	0.1520	0.1330	24.8837	20.9818	0.0000	0.0000	0.0000	0.0000	463.0279	inf	0.0000	0.0005	0.0007	0.0001	0.0012	0.0012	0.0003	0.0000	0.0000	0.0001
30	100	0.2128	9	1	1	1	0	0	0	0	0	N	N	N	N	N	N	N	N	N	N	N	N	0.0000	0.0000	0.0000	0.0000	0.0000	0.0000	0.0000	0.0000	0.0000	0.0000	0.0000	0.0000	0.0000	0.0000	0.0000	0.0000	0.0000	0.0000	0.0010	0.0007	0.0018	0.0014	0.0012	0.0047	0.0008	0.0000	0.0015	1.2521	0.0000	0.0000	0.9701	1.0008	4.0208	13.9255	0.0000	0.0000	0.0000	0.0000	0.0000	0.0000	0.0000	0.0000	0.0000	0.0002	0.0001	0.0001	0.0001	0.0001	0.0000	0.0001	0.0000	0.0001	0.0224	0.0191	0.0033	0.0119	0.0102	0.0017	0.0106	0.0089	0.0017	0.2148	0.1445	0.0702	0.0881	0.0823	0.0058	0.1267	0.0623	0.0644	0.0000	0.0000	0.0000	0.0000	0.0000	0.0000	0.0000	0.0000	0.0000	0.0010	0.0007	0.0018	0.0014	0.0012	0.0047	0.0008	0.0000	0.0015	
30	101	0.2099	8	1	1	1	0	0	0	0	0	N	N	N	N	N	N	N	N	N	N	N	N	0.0000	0.0000	0.0000	0.0000	0.0000	0.0000	0.0000	0.0000	0.0000	0.0000	0.0000	0.0000	0.0000	0.0000	0.0000	0.0000	0.0000	0.0000	0.0234	0.0052	0.0624	0.0093	0.0076	0.0273	0.0368	0.0008	0.0678	5.5667	0.0000	0.0004	0.9701	0.0532	4.0208	2.0467	0.0000	0.0000	0.0000	0.0000	0.0000	0.0000	0.0000	0.0000	0.0000	0.0011	0.0002	0.0010	0.0002	0.0002	0.0001	0.0009	0.0000	0.0009	0.0474	0.0358	0.0116	0.0351	0.0244	0.0108	0.0122	0.0114	0.0008	0.0479	0.0326	0.0153	0.0233	0.0212	0.0020	0.0246	0.0114	0.0132	0.0000	0.0000	0.0000	0.0000	0.0000	0.0000	0.0000	0.0000	0.0000	0.0234	0.0052	0.0624	0.0093	0.0076	0.0273	0.0368	0.0008	0.0678	
30	102	0.2002	7	1	1	1	0	0	0	0	0	N	N	N	N	N	N	N	N	N	N	N	N	0.0211	0.0000	0.0384	0.0000	0.0000	0.0000	0.0412	0.0000	0.1647	0.0083	0.0000	0.0424	0.0000	0.0000	0.0000	0.0225	0.0000	0.1743	0.3937	0.0591	1.1056	0.2089	0.0968	1.4703	0.5455	0.0003	1.0582	inf	8.7992	0.0004	0.0165	0.9701	2.0948	4.0208	3.0326	0.0008	0.0000	0.0008	0.0000	0.0000	0.0000	0.0008	0.0000	0.0008	0.0376	0.0038	0.0338	0.0090	0.0038	0.0052	0.0286	0.0000	0.0286	0.0905	0.0728	0.0177	0.0571	0.0437	0.0134	0.0334	0.0291	0.0043	0.0956	0.0650	0.0306	0.0431	0.0396	0.0035	0.0525	0.0254	0.0271	0.0211	0.0000	0.0384	0.0000	0.0000	0.0000	0.0412	0.0000	0.1647	0.3937	0.0591	1.1056	0.2089	0.0968	1.4703	0.5455	0.0003	1.0582
30	103	0.1794	6	1	1	1	0	0	0	0	0	N	N	N	N	N	N	N	N	N	N	N	N	740.3125	0.0021	3216.0375	0.0202	0.0030	0.3850	1329.9363	0.0000	3613.6607	11.5249	0.0000	99.3466	0.0004	0.0000	0.0187	18.8295	0.0000	105.1490	0.0156	0.0094	0.0309	0.0175	0.0154	0.0486	0.0142	0.0016	0.0291	662469.4597	1.3319	0.5366	0.0003	0.9701	3.9484	4.0208	4.8420	0.9602	0.0000	0.9602	0.0000	0.0000	0.0000	0.9602	0.0000	0.9602	0.0026	0.0011	0.0015	0.0012	0.0010	0.0002	0.0014	0.0001	0.0013	0.0833	0.0737	0.0097	0.0323	0.0318	0.0005	0.0510	0.0419	0.0091	0.1671	0.1190	0.0481	0.0713	0.0669	0.0044	0.0958	0.0521	0.0437	740.3125	0.0021	3216.0375	0.0202	0.0030	0.3850	1329.9363	0.0000	3613.6607	0.0156	0.0094	0.0309	0.0175	0.0154	0.0486	0.0142	0.0016	0.0291
30	104	0.1377	5	0	2	0	0	0	0	0	0	N	Y	N	N	N	N	N	N	N	N	N	N	3.3800	54.1594	0.0000	264.0261	238.5398	0.0000	0.0000	0.0007	0.0000	4.9739	5.6187	0.0000	11.8160	12.2336	0.0000	0.0001	0.0001	0.0000	1.4716	0.1037	4.4982	0.0448	0.0513	0.0058	2.6864	0.1738	5.7097	0.0000	19.5948	-0.4246	0.5011	0.9701	8.9557	4.0208	32.3127	0.9625	0.9625	0.0000	0.9625	0.9625	0.0000	0.0000	0.0000	0.0000	1.0163	0.0493	0.9669	0.0142	0.0139	0.0003	1.0021	0.0354	0.9667	0.1935	0.1713	0.0222	0.0815	0.0787	0.0028	0.1121	0.0926	0.0194	0.6906	0.4757	0.2150	0.3176	0.2719	0.0457	0.3730	0.2037	0.1693	3.3800	54.1594	0.0000	264.0261	238.5398	0.0000	0.0000	0.0007	0.0000	1.4716	0.1037	4.4982	0.0448	0.0513	0.0058	2.6864	0.1738	5.7097
30	105	0.1632	6	0	1	1	0	0	0	0	0	N	N	N	N	N	N	N	N	N	N	N	N	0.0383	0.4192	0.0000	0.1793	0.6100	0.0000	0.0000	0.0000	0.0000	0.0063	0.0071	0.0000	0.0150	0.0155	0.0000	0.0000	0.0000	0.0000	0.1632	0.0170	0.4337	0.0835	0.0254	0.4863	0.2418	0.0000	0.4223	0.0000	13.8090	-0.0003	0.0243	0.9701	4.2679	4.0208	7.8415	0.0006	0.0006	0.0000	0.0006	0.0006	0.0000	0.0000	0.0000	0.0000	0.0512	0.0035	0.0477	0.0130	0.0035	0.0095	0.0382	0.0000	0.0382	0.0943	0.0829	0.0115	0.0394	0.0381	0.0014	0.0549	0.0448	0.0101	0.3136	0.2036	0.1101	0.1556	0.1360	0.0196	0.1580	0.0675	0.0905	0.0383	0.4192	0.0000	0.1793	0.6100	0.0000	0.0000	0.0000	0.0000	0.1632	0.0170	0.4337	0.0835	0.0254	0.4863	0.2418	0.0000	0.4223
30	106	0.1377	5	0	1	0	0	0	0	0	0	N	N	N	N	N	N	N	N	N	N	N	N	0.0270	0.2040	0.0000	0.0093	0.0220	0.0000	0.0306	79.9874	0.0000	0.0067	0.0075	0.0000	0.0013	0.0013	0.0000	0.0110	0.0133	0.0000	0.2472	0.0367	0.7215	0.1374	0.0598	0.5349	0.3604	0.0002	0.7904	0.0000	8.7160	-0.0001	0.0301	0.9701	1.9301	4.0208	9.0954	0.0003	0.0003	0.0000	0.0000	0.0000	0.0000	0.0003	0.0003	0.0000	0.0685	0.0071	0.0615	0.0193	0.0070	0.0123	0.0492	0.0000	0.0492	0.0507	0.0451	0.0056	0.0226	0.0219	0.0007	0.0281	0.0232	0.0049	0.2772	0.1920	0.0852	0.1407	0.1177	0.0230	0.1365	0.0743	0.0622	0.0270	0.2040	0.0000	0.0093	0.0220	0.0000	0.0306	79.9874	0.0000	0.2472	0.0367	0.7215	0.1374	0.0598	0.5349	0.3604	0.0002	0.7904
30	107	0.1054	4	0	1	0	0	0	0	0	0	N	N	N	N	N	N	N	N	N	N	N	N	0.1769	3.0211	0.0000	0.0000	0.0000	0.0000	0.1947	3.4118	0.0000	0.0073	0.0083	0.0000	0.0000	0.0000	0.0000	0.0117	0.0143	0.0000	0.0414	0.0027	0.1302	0.0129	0.0016	0.2562	0.0603	0.0042	0.1223	0.0000	20.6590	-0.0003	0.0052	0.9701	3.9049	4.0208	9.6098	0.0006	0.0006	0.0000	0.0000	0.0000	0.0000	0.0006	0.0006	0.0000	0.0105	0.0005	0.0100	0.0013	0.0002	0.0012	0.0092	0.0003	0.0089	0.0777	0.0687	0.0090	0.0292	0.0288	0.0004	0.0485	0.0399	0.0086	0.2544	0.1772	0.0771	0.1015	0.0970	0.0045	0.1528	0.0802	0.0726	0.1769	3.0211	0.0000	0.0000	0.0000	0.0000	0.1947	3.4118	0.0000	0.0414	0.0027	0.1302	0.0129	0.0016	0.2562	0.0603	0.0042	0.1223
30	108	0.1266	6	0	2	0	0	0	0	0	0	N	Y	N	N	N	N	N	N	N	N	N	N	0.0000	0.0000	0.0000	0.0000	0.0000	0.0000	0.0000	0.0000	0.0000	0.0000	0.0000	0.0000	0.0000	0.0000	0.0000	0.0000	0.0000	0.0000	0.0230	0.0324	0.0000	0.0543	0.0575	0.0001	0.0000	0.0000	0.0000	0.0001	0.0000	-0.0055	0.9701	8.0392	4.0208	22.6195	0.0000	0.0000	0.0000	0.0000	0.0000	0.0000	0.0000	0.0000	0.0000	0.0121	0.0121	0.0000	0.0121	0.0121	0.0000	0.0000	0.0000	0.0000	0.1671	0.1470	0.0201	0.0683	0.0659	0.0024	0.0988	0.0811	0.0177	0.5260	0.3731	0.1529	0.2230	0.2103	0.0127	0.3030	0.1628	0.1402	0.0000	0.0000	0.0000	0.0000	0.0000	0.0000	0.0000	0.0000	0.0000	0.0230	0.0324	0.0000	0.0543	0.0575	0.0001	0.0000	0.0000	0.0000	
30	109	0.1266	5	0	1	0	0	0	0	0	0	N	N	N	N	N	N	N	N	N	N	N	N	0.0000	0.0000	0.0000	0.0000	0.0000	0.0000	0.0000	0.0000	0.0000	0.0000	0.0000	0.0000	0.0000	0.0000	0.0000	0.0000	0.0000	0.0000	0.0053	0.0051	0.0059	0.0068	0.0062	0.0184	0.0040	0.0033	0.0047	0.4174	0.0000	-0.0001	0.9701	0.2031	4.0208	2.0398	0.0000	0.0000	0.0000	0.0000	0.0000	0.0000	0.0000	0.0000	0.0000	0.0005	0.0003	0.0001	0.0003	0.0002	0.0000	0.0002	0.0001	0.0001	0.0074	0.0061	0.0013	0.0033	0.0032	0.0001	0.0041	0.0029	0.0012	0.0866	0.0636	0.0230	0.0411	0.0392	0.0019	0.0454	0.0244	0.0210	0.0000	0.0000	0.0000	0.0000	0.0000	0.0000	0.0000	0.0000	0.0000	0.0053	0.0051	0.0059	0.0068	0.0062	0.0184	0.0040	0.0033	0.0047	
30	110	0.7071	11	1	1	1	0	0	0	0	0	N	N	N	N	N	N	N	N	N	N	N	N	0.0000	0.0000	0.0000	0.0000	0.0000	0.0000	0.0000	0.0000	0.0000	0.0000	0.0000	0.0000	0.0000	0.0000	0.0000	0.0000	0.0000	0.0000	0.0000	-0.0000	0.9701	0.0001	4.0208	0.0001	0.0000	0.0000	0.0000	0.0000	0.0000	0.0000	0.0000	0.0000	0.0000	0.0000	0.0000	0.0000	0.0000	0.0000	0.0000	0.0000	0.0000	0.0000	0.0007	0.0005	0.0001	0.0003	0.0003	0.0000	0.0003	0.0002	0.0001	0.0001	0.0001	0.0000	0.0001	0.0001	0.0000	0.0000	0.0000	0.0000	0.0000	0.0000	0.0000	0.0000	0.0000	0.0000	0.0000	0.0000	0.0000	0.0000	0.0000	0.0000	0.0000	0.0000	0.0000	0.0000	0.0000	0.0000											
30	111	0.6933	10	1	1	1	0	0	0	0	0	N	N	N	N	N	N	N	N	N	N	N	N	0.0089	0.0000	0.0688	0.0249	0.0000	0.1985	0.0015	0.0000	0.0218	0.0001	0.0000	0.0012	0.0003	0.0000	0.0060	0.0000	0.0000	0.0002	0.0157	0.0151	0.0176	0.0115	0.0083	0.0301	0.0237	0.0364	0.0104	inf	0.4244	0.0000	-0.0001	0.9701	1.6718	4.0208	2.9223	0.0000	0.0000	0.0000	0.0000	0.0000	0.0000	0.0000	0.0000	0.0000	0.0008	0.0005	0.0002	0.0004	0.0002	0.0001	0.0004	0.0003	0.0001	0.0144	0.0127	0.0017	0.0059	0.0056	0.0003	0.0085	0.0071	0.0014	0.0490	0.0359	0.0131	0.0320	0.0272	0.0048	0.0170	0.0087	0.0083	0.0089	0.0000	0.0688	0.0249	0.0000	0.1985	0.0015	0.0000	0.0218	0.0157	0.0151	0.0176	0.0115	0.0083	0.0301	0.0237	0.0364	0.0104
30	112	0.6097	9	1	1	1	0	0	0	0	0	N	N	N	N	N	N	N	N	N	N	N	N	0.1676	0.0058	0.3587	0.1557	0.0096	0.4165	4.2781	0.0000	14.5484	0.0345	0.0000	0.2875	0.0516	0.0001	0.9360	0.0211	0.0000	0.1241	0.2057	0.0079	0.8017	0.3315	0.0103	2.2471	0.0049	0.0024	0.0085	846.0750	33.6128	0.0022	0.0189	0.9701	14.0283	4.0208	7.1084	0.0039	0.0000	0.0039	0.0025	0.0000	0.0025	0.0013	0.0000	0.0013	0.0368	0.0011	0.0357	0.0365	0.0010	0.0355	0.0003	0.0001	0.0002	0.1121	0.0987	0.0134	0.0491	0.0464	0.0027	0.0630	0.0523	0.0107	0.1789	0.1343	0.0446	0.1100	0.0942	0.0158	0.0689	0.0401	0.0288	0.1676	0.0058	0.3587	0.1557	0.0096	0.4165	4.2781	0.0000	14.5484	0.2057	0.0079	0.8017	0.3315	0.0103	2.2471	0.0049	0.0024	0.0085
30	113	0.5495	8	0	1	0	0	0	0	0	0	N	N	N	N	N	N	N	N	N	N	N	N	2.1305	0.9822	23.6554	2.8741	2.3543	21.5119	1.4572	0.0063	17.2333	0.0079	0.0046	0.0280	0.0087	0.0087	0.0094	0.0072	0.0000	0.0315	0.0037	0.0047	0.0012	0.0030	0.0037	0.0004	0.0050	0.0072	0.0018	0.9998	0.0973	0.0001	-0.0007	0.9701	8.6129	4.0208	5.1709	0.0017	0.0008	0.0008	0.0009	0.0008	0.0000	0.0008	0.0000	0.0008	0.0020	0.0018	0.0002	0.0011	0.0010	0.0000	0.0010	0.0008	0.0001	0.2081	0.1787	0.0295	0.0995	0.0949	0.0046	0.1086	0.0838	0.0248	0.5425	0.3913	0.1512	0.3472	0.2772	0.0699	0.1953	0.1141	0.0813	2.1305	0.9822	23.6554	2.8741	2.3543	21.5119	1.4572	0.0063	17.2333	0.0037	0.0047	0.0012	0.0030	0.0037	0.0004	0.0050	0.0072	0.0018
30	114	0.4543	7	0	1	0	0	0	0	0	0	N	N	N	N	N	N	N	N	N	N	N	N	1.5511	1.4700	1.5618	1.0920	1.0264	0.7437	2.4215	3.0370	1.5356	0.0112	0.0117	0.0083	0.0092	0.0096	0.0029	0.0129	0.0140	0.0093	0.0072	0.0080	0.0053	0.0085	0.0093	0.0039	0.0053	0.0046	0.0061	0.1304	0.2695	-0.0013	-0.0014	0.9701	16.8607	4.0208	22.7724	0.0041	0.0036	0.0005	0.0016	0.0015	0.0000	0.0025	0.0021	0.0004	0.0056	0.0044	0.0012	0.0040	0.0037	0.0003	0.0017	0.0008	0.0009	0.3639	0.3076	0.0563	0.1693	0.1606	0.0088	0.1946	0.1470	0.0476	0.7816	0.5575	0.2241	0.4700	0.3945	0.0755	0.3116	0.1630	0.1487	1.5511	1.4700	1.5618	1.0920	1.0264	0.7437	2.4215	3.0370	1.5356	0.0072	0.0080	0.0053	0.0085	0.0093	0.0039	0.0053	0.0046	0.0061
30	115	0.1856	6	1	1	1	0	0	0	0	0	N	N	N	N	N	N	N	N	N	N	N	N	0.0000	0.0000	0.0000	0.0000	0.0000	0.0000	0.0000	0.0000	0.0000	0.0000	0.0000	0.0000	0.0000	0.0000	0.0000	0.0000	0.0000	0.0000	10.7114	4.4449	25.4515	0.0195	0.0019	0.3399	16.0092	23.7862	23.2276	1.9499	0.0000	0.5704	0.9701	1.0009	4.0208	4.0038	0.0000	0.0000	0.0000	0.0000	0.0000	0.0000	0.0000	0.0000	0.0000	2.8151	0.9543	1.8608	0.0036	0.0003	0.0033	2.8115	0.9540	1.8575	0.0356	0.0295	0.0061	0.0187	0.0154	0.0033	0.0169	0.0141	0.0028	0.3678	0.2147	0.1531	0.1842	0.1746	0.0096	0.1836	0.0401	0.1435	0.0000	0.0000	0.0000	0.0000	0.0000	0.0000	0.0000	0.0000	0.0000	7.6536	4.4449	12.1526	0.0195	0.0019	0.3399	15.3100	23.7862	12.9416	
30	116	0.1573	5	1	1	1	0	0	0	0	0	N	N	N	N	N	N	N	N	N	N	N	N	0.8554	2.3920	0.0035	13.0410	13.1477	0.0000	0.0009	0.0000	0.0036	0.0435	0.0493	0.0004	0.1086	0.1106	0.0000	0.0001	0.0000	0.0004	0.0508	0.0206	0.1061	0.0083	0.0084	0.0063	0.0827	0.0419	0.1113	0.0010	2.8164	-0.0008	0.0044	0.9701	1.8441	4.0208	10.4794	0.0019	0.0019	0.0000	0.0019	0.0019	0.0000	0.0000	0.0000	0.0000	0.0156	0.0041	0.0115	0.0011	0.0011	0.0000	0.0145	0.0030	0.0115	0.0432	0.0381	0.0051	0.0173	0.0170	0.0003	0.0259	0.0211	0.0048	0.3070	0.1985	0.1085	0.1317	0.1263	0.0054	0.1753	0.0722	0.1031	0.8554	2.3920	0.0035	13.0410	13.1477	0.0000	0.0009	0.0000	0.0036	0.0508	0.0206	0.1061	0.0083	0.0084	0.0063	0.0827	0.0419	0.1113
30	117	0.3416	5	0	2	0	1	0	0	0	0	N	Y	N	N	N	N	N	N	N	N	N	N	0.4906	0.4191	0.0080	0.6207	0.5344	0.1087	0.5391	0.4361	0.0017	0.0108	0.0122	0.0000	0.0184	0.0188	0.0001	0.0048	0.0059	0.0000	0.0220	0.0291	0.0022	0.0296	0.0353	0.0013	0.0089	0.0136	0.0028	0.0002	0.0276	-0.0010	-0.0077	0.9701	10.5071	4.0208	20.2622	0.0023	0.0023	0.0000	0.0017	0.0017	0.0000	0.0006	0.0006	0.0000	0.0179	0.0175	0.0005	0.0153	0.0151	0.0001	0.0027	0.0023	0.0004	0.2135	0.1887	0.0247	0.0938	0.0915	0.0023	0.1197	0.0972	0.0224	0.8175	0.6010	0.2165	0.5149	0.4293	0.0855	0.3026	0.1716	0.1310	0.4906	0.4191	0.0080	0.6207	0.5344	0.1087	0.5391	0.4361	0.0017	0.0220	0.0291	0.0022	0.0296	0.0353	0.0013	0.0089	0.0136	0.0028
30	118	0.1054	4	0	2	0	1	0	0	0	0	N	Y	N	N	N	N	N	N	N	N	N	N	0.2501	4.2301	0.0000	0.0000	0.0000	0.0000	0.2556	38287.7258	0.0000	0.0072	0.0081	0.0000	0.0000	0.0000	0.0000	0.0115	0.0140	0.0000	0.0287	0.0019	0.0907	0.0034	0.0036	0.0000	0.0450	0.0000	0.0966	0.0000	20.3912	-0.0003	0.0072	0.9701	4.0036	4.0208	26.5072	0.0006	0.0006	0.0000	0.0000	0.0000	0.0000	0.0006	0.0006	0.0000	0.0146	0.0007	0.0139	0.0007	0.0007	0.0000	0.0139	0.0000	0.0139	0.0795	0.0703	0.0092	0.0299	0.0295	0.0005	0.0496	0.0408	0.0088	0.5090	0.3557	0.1534	0.1997	0.1904	0.0093	0.3093	0.1652	0.1441	0.2501	4.2301	0.0000	0.0000	0.0000	0.0000	0.2556	38287.7258	0.0000	0.0287	0.0019	0.0907	0.0034	0.0036	0.0000	0.0450	0.0000	0.0966
30	119	0.0670	3	0	2	0	0	0	0	0	0	N	Y	N	N	N	N	N	N	N	N	N	N	168.7156	0.1699	212762.5856	32.5383	0.1826	55068.2846	46891.5125	0.0000	262860.4242	3.4416	0.0052	14.7746	1.5904	0.0093	23.8283	5.0354	0.0000	13.3979	0.0204	0.0308	0.0001	0.0489	0.0509	0.0004	0.0001	0.0002	0.0001	857.2210	0.0012	0.2823	-0.0054	0.9701	3.8169	4.0208	21.2433	0.5062	0.0006	0.5056	0.1082	0.0006	0.1076	0.3980	0.0000	0.3980	0.0119	0.0119	0.0000	0.0118	0.0118	0.0000	0.0000	0.0000	0.0000	0.1471	0.1129	0.0342	0.0681	0.0635	0.0045	0.0790	0.0493	0.0297	0.5823	0.3857	0.1966	0.2423	0.2327	0.0095	0.3400	0.1529	0.1871	168.7156	0.1699	212762.5856	32.5383	0.1826	55068.2846	46891.5125	0.0000	262860.4242	0.0204	0.0308	0.0001	0.0489	0.0509	0.0004	0.0001	0.0002	0.0001
30	120	0.4895	9	0	2	0	0	0	0	0	0	N	Y	N	N	N	N	N	N	N	N	N	N	0.0091	0.0010	0.1498	0.0014	0.0011	0.0082	0.3945	0.0000	0.9705	0.0004	0.0001	0.0016	0.0001	0.0001	0.0002	0.0007	0.0000	0.0017	0.0433	0.0556	0.0104	0.0674	0.0791	0.0206	0.0017	0.0017	0.0018	8.6236	0.0705	0.0001	-0.0201	0.9701	16.3276	4.0208	34.9199	0.0002	0.0000	0.0002	0.0000	0.0000	0.0000	0.0002	0.0000	0.0002	0.0512	0.0478	0.0034	0.0504	0.0473	0.0031	0.0007	0.0004	0.0003	0.4705	0.3637	0.1067	0.2278	0.2170	0.0108	0.2427	0.1467	0.0959	1.1819	0.8589	0.3230	0.7475	0.5988	0.1487	0.4344	0.2601	0.1743	0.0091	0.0010	0.1498	0.0014	0.0011	0.0082	0.3945	0.0000	0.9705	0.0433	0.0556	0.0104	0.0674	0.0791	0.0206	0.0017	0.0017	0.0018
30	121	0.4722	8	0	2	0	0	0	0	0	0	N	Y	N	N	N	N	N	N	N	N	N	N	0.6294	0.0072	4.4791	0.0173	0.0142	0.0315	0.7340	0.0010	2.3569	0.0178	0.0002	0.1371	0.0004	0.0004	0.0001	0.0319	0.0000	0.1519	0.0282	0.0274	0.0306	0.0206	0.0256	0.0031	0.0434	0.0317	0.0645	102.6988	0.4088	0.0013	-0.0038	0.9701	6.1757	4.0208	14.5601	0.0023	0.0000	0.0023	0.0000	0.0000	0.0000	0.0023	0.0000	0.0023	0.0228	0.0162	0.0066	0.0110	0.0107	0.0004	0.0118	0.0055	0.0062	0.1293	0.1127	0.0166	0.0579	0.0563	0.0016	0.0714	0.0565	0.0150	0.8076	0.5915	0.2161	0.5370	0.4177	0.1193	0.2706	0.1737	0.0969	0.6294	0.0072	4.4791	0.0173	0.0142	0.0315	0.7340	0.0010	2.3569	0.0282	0.0274	0.0306	0.0206	0.0256	0.0031	0.0434	0.0317	0.0645
30	122	0.4192	7	0	1	0	0	0	0	0	0	N	N	N	N	N	N	N	N	N	N	N	N	0.0022	0.0014	0.0094	0.0023	0.0019	0.0033	0.0026	0.0005	0.0060	0.0001	0.0001	0.0003	0.0001	0.0001	0.0000	0.0001	0.0000	0.0004	0.0491	0.0536	0.0368	0.0578	0.0708	0.0011	0.0347	0.0145	0.0640	0.7232	0.2545	-0.0000	-0.0101	0.9701	7.5400	4.0208	21.4192	0.0000	0.0000	0.0000	0.0000	0.0000	0.0000	0.0000	0.0000	0.0000	0.0395	0.0315	0.0080	0.0290	0.0289	0.0001	0.0105	0.0026	0.0079	0.1623	0.1408	0.0215	0.0740	0.0717	0.0023	0.0883	0.0691	0.0192	0.8042	0.5866	0.2176	0.5015	0.4075	0.0940	0.3027	0.1791	0.1236	0.0022	0.0014	0.0094	0.0023	0.0019	0.0033	0.0026	0.0005	0.0060	0.0491	0.0536	0.0368	0.0578	0.0708	0.0011	0.0347	0.0145	0.0640
30	123	0.1794	6	0	2	0	0	0	0	0	0	N	Y	N	N	N	N	N	N	N	N	N	N	0.6074	38.1032	0.0000	36.9721	49.0789	0.0000	0.0000	0.0000	0.0220	0.0249	0.0000	0.0567	0.0577	0.0000	0.0000	0.0000	0.0000	0.0362	0.0007	0.1204	0.0015	0.0012	0.0066	0.0612	0.0000	0.1321	0.0000	77.8981	-0.0008	0.0075	0.9701	4.0019	4.0208	19.5615	0.0019	0.0019	0.0000	0.0019	0.0019	0.0000	0.0000	0.0000	0.0000	0.0142	0.0002	0.0140	0.0003	0.0002	0.0001	0.0140	0.0000	0.0140	0.0844	0.0746	0.0098	0.0327	0.0322	0.0005	0.0517	0.0424	0.0093	0.3919	0.2754	0.1164	0.1639	0.1531	0.0108	0.2280	0.1223	0.1056	0.6074	38.1032	0.0000	36.9721	49.0789	0.0000	0.0000	0.0000	0.0000	0.0362	0.0007	0.1204	0.0015	0.0012	0.0066	0.0612	0.0000	0.1321	
30	124	0.1573	5	0	1	0	0	0	0	0	0	N	N	N	N	N	N	N	N	N	N	N	N	2.3348	15.0339	3.7188	15.7560	21.8968	0.0443	1.1977	0.0148	3.8839	0.1238	0.0707	0.5136	0.1532	0.1560	0.0033	0.1038	0.0000	0.5483	0.0530	0.0047	0.1381	0.0097	0.0071	0.0747	0.0866	0.0000	0.1412	0.9911	16.6926	0.0002	0.0068	0.9701	1.2223	4.0208	8.2281	0.0037	0.0019	0.0019	0.0019	0.0019	0.0000	0.0019	0.0000	0.0019	0.0140	0.0008	0.0132	0.0011	0.0008	0.0003	0.0129	0.0000	0.0129	0.0301	0.0265	0.0036	0.0122	0.0120	0.0002	0.0179	0.0145	0.0034	0.2634	0.1680	0.0954	0.1151	0.1107	0.0044	0.1484	0.0573	0.0910	2.3348	15.0339	3.7188	15.7560	21.8968	0.0443	1.1977	0.0148	3.8839	0.0530	0.0047	0.1381	0.0097	0.0071	0.0747	0.0866	0.0000	0.1412
30	125	0.1054	4	0	1	0	0	0	0	0	0	N	N	N	N	N	N	N	N	N	N	N	N	0.3567	0.0000	2.5080	0.0000	0.0000	0.0000	1.0268	0.0000	2.8151	0.0208	0.0000	0.1795	0.0000	0.0000	0.0000	0.0333	0.0000	0.1887	0.0582	0.0525	0.0716	0.0975	0.0954	0.1427	0.0324	0.0016	0.0670	inf	0.5913	0.0014	-0.0017	0.9701	5.9920	4.0208	12.2976	0.0024	0.0000	0.0024	0.0000	0.0000	0.0000	0.0024	0.0000	0.0024	0.0192	0.0121	0.0071	0.0128	0.0119	0.0009	0.0065	0.0002	0.0063	0.1179	0.1042	0.0136	0.0443	0.0436	0.0007	0.0736	0.0606	0.0130	0.3300	0.2302	0.0998	0.1308	0.1249	0.0060	0.1992	0.1054	0.0938	0.3567	0.0000	2.5080	0.0000	0.0000	0.0000	1.0268	0.0000	2.8151	0.0582	0.0525	0.0716	0.0975	0.0954	0.1427	0.0324	0.0016	0.0670
30	126	0.1426	6	0	2	0	0	0	0	0	0	N	Y	N	N	N	N	N	N	N	N	N	N	0.0000	0.0000	0.0000	0.0000	0.0000	0.0000	0.0000	0.0000	0.0000	0.0000	0.0000	0.0000	0.0000	0.0000	0.0000	0.0000	0.0000	0.0000	0.0178	0.0252	0.0001	0.0400	0.0433	0.0006	0.0000	0.0000	0.0000	0.0013	0.0000	-0.0033	0.9701	5.0407	4.0208	17.1705	0.0000	0.0000	0.0000	0.0000	0.0000	0.0000	0.0000	0.0000	0.0000	0.0071	0.0071	0.0000	0.0071	0.0071	0.0000	0.0000	0.0000	0.0000	0.1081	0.0949	0.0132	0.0449	0.0433	0.0016	0.0632	0.0515	0.0116	0.4012	0.2831	0.1181	0.1786	0.1648	0.0138	0.2226	0.1183	0.1043	0.0000	0.0000	0.0000	0.0000	0.0000	0.0000	0.0000	0.0000	0.0000	0.0178	0.0252	0.0001	0.0400	0.0433	0.0006	0.0000	0.0000	0.0000	
30	127	0.1266	5	0	2	0	0	0	0	0	0	N	Y	N	N	N	N	N	N	N	N	N	N	0.0000	0.0000	0.0000	0.0000	0.0000	0.0000	0.0000	0.0000	0.0000	0.0000	0.0000	0.0000	0.0000	0.0000	0.0000	0.0000	0.0000	0.0000	0.0031	0.0029	0.0035	0.0033	0.0034	0.0024	0.0029	0.0022	0.0037	0.4767	-0.0000	-0.0001	0.9701	1.9703	4.0208	6.2034	0.0000	0.0000	0.0000	0.0000	0.0000	0.0000	0.0000	0.0000	0.0000	0.0006	0.0004	0.0002	0.0003	0.0003	0.0000	0.0003	0.0001	0.0002	0.0447	0.0389	0.0057	0.0185	0.0179	0.0006	0.0261	0.0211	0.0051	0.1875	0.1347	0.0528	0.0833	0.0788	0.0045	0.1042	0.0559	0.0483	0.0000	0.0000	0.0000	0.0000	0.0000	0.0000	0.0000	0.0000	0.0000	0.0031	0.0029	0.0035	0.0033	0.0034	0.0024	0.0029	0.0022	0.0037	
30	128	0.1054	4	0	1	0	0	0	0	0	0	N	N	N	N	N	N	N	N	N	N	N	N	0.0000	0.0000	0.0000	0.0000	0.0000	0.0000	0.0000	0.0000	0.0000	0.0000	0.0000	0.0000	0.0000	0.0000	0.0000	0.0000	0.0000	0.0000	0.0788	0.1131	0.0004	0.1938	0.2024	0.0001	0.0009	0.0014	0.0004	0.0015	0.0000	-0.0064	0.9701	1.1032	4.0208	7.8190	0.0000	0.0000	0.0000	0.0000	0.0000	0.0000	0.0000	0.0000	0.0000	0.0141	0.0140	0.0000	0.0140	0.0140	0.0000	0.0001	0.0001	0.0000	0.0224	0.0198	0.0026	0.0084	0.0083	0.0001	0.0139	0.0114	0.0025	0.1785	0.1241	0.0544	0.0721	0.0690	0.0031	0.1064	0.0551	0.0513	0.0000	0.0000	0.0000	0.0000	0.0000	0.0000	0.0000	0.0000	0.0000	0.0788	0.1131	0.0004	0.1938	0.2024	0.0001	0.0009	0.0014	0.0004	
30	129	0.4485	8	0	2	0	0	0	0	0	0	N	Y	N	N	N	N	N	N	N	N	N	N	0.0000	0.0000	0.0000	0.0000	0.0000	0.0000	0.0000	0.0000	0.0000	0.0000	0.0000	0.0000	0.0000	0.0000	0.0000	0.0000	0.0000	0.0000	0.0027	0.0008	0.0061	0.0011	0.0010	0.0029	0.0045	0.0002	0.0065	4.1530	0.0000	0.0002	0.9701	1.0033	4.0208	0.8635	0.0000	0.0000	0.0000	0.0000	0.0000	0.0000	0.0000	0.0000	0.0000	0.0005	0.0001	0.0004	0.0001	0.0001	0.0000	0.0004	0.0000	0.0004	0.0225	0.0206	0.0020	0.0130	0.0124	0.0006	0.0095	0.0082	0.0014	0.1934	0.1260	0.0675	0.1040	0.0976	0.0064	0.0894	0.0283	0.0611	0.0000	0.0000	0.0000	0.0000	0.0000	0.0000	0.0000	0.0000	0.0000	0.0027	0.0008	0.0061	0.0011	0.0010	0.0029	0.0045	0.0002	0.0065	
30	130	0.4192	7	0	1	0	0	0	0	0	0	N	N	N	N	N	N	N	N	N	N	N	N	0.0076	0.0631	0.0000	0.2146	0.1939	0.0001	0.0000	0.0000	0.0000	0.0059	0.0068	0.0000	0.0126	0.0130	0.0000	0.0000	0.0000	0.0000	0.7695	0.1077	2.5942	0.0588	0.0672	0.0246	2.0447	0.2025	4.9592	0.0002	8.7407	-0.0003	0.2171	0.9701	5.5514	4.0208	9.9598	0.0007	0.0007	0.0000	0.0007	0.0007	0.0000	0.0000	0.0000	0.0000	0.4946	0.0508	0.4438	0.0242	0.0222	0.0020	0.4703	0.0285	0.4418	0.1271	0.1096	0.0175	0.0590	0.0571	0.0019	0.0681	0.0525	0.0156	0.6427	0.4716	0.1711	0.4127	0.3307	0.0820	0.2300	0.1409	0.0891	0.0076	0.0631	0.0000	0.2146	0.1939	0.0001	0.0000	0.0000	0.0000	0.7695	0.1077	2.5942	0.0588	0.0672	0.0246	2.0447	0.2025	4.9592
30	131	0.3888	6	0	1	0	0	0	0	0	0	N	N	N	N	N	N	N	N	N	N	N	N	0.0031	0.0078	0.0005	0.0212	0.0180	0.1387	0.0001	0.0001	0.0002	0.0002	0.0002	0.0001	0.0004	0.0004	0.0003	0.0000	0.0000	0.0001	0.0553	0.0237	0.1407	0.0174	0.0207	0.0021	0.1167	0.0307	0.2336	0.0624	2.1985	-0.0000	0.0081	0.9701	9.1969	4.0208	13.4651	0.0000	0.0000	0.0000	0.0000	0.0000	0.0000	0.0000	0.0000	0.0000	0.0352	0.0110	0.0242	0.0068	0.0067	0.0001	0.0283	0.0043	0.0240	0.1931	0.1679	0.0253	0.0853	0.0831	0.0022	0.1078	0.0848	0.0231	0.6360	0.4640	0.1719	0.3931	0.3240	0.0690	0.2429	0.1400	0.1029	0.0031	0.0078	0.0005	0.0212	0.0180	0.1387	0.0001	0.0001	0.0002	0.0553	0.0237	0.1407	0.0174	0.0207	0.0021	0.1167	0.0307	0.2336
30	132	0.0943	4	1	2	0	1	0	0	0	0	N	Y	N	N	N	N	N	N	N	N	N	N	0.0000	0.0000	0.0000	0.0000	0.0000	0.0000	0.0000	0.0000	0.0000	0.0000	0.0000	0.0000	0.0000	0.0000	0.0000	0.0000	0.0000	0.0000	0.0000	0.0000	0.9701	1.0000	4.0208	3.0001	0.0000	0.0000	0.0000	0.0000	0.0000	0.0000	0.0000	0.0000	0.0000	0.0000	0.0000	0.0000	0.0000	0.0000	0.0000	0.0000	0.0000	0.0000	0.0199	0.0175	0.0024	0.0074	0.0072	0.0002	0.0125	0.0103	0.0022	0.0602	0.0398	0.0204	0.0209	0.0199	0.0009	0.0394	0.0199	0.0195	0.0000	0.0000	0.0000	0.0000	0.0000	0.0000	0.0000	0.0000	0.0000	0.0000	0.0000	0.0000	0.0000	0.0000	0.0000	0.0000	0.0000	0.0000											
30	133	0.6013	12	1	2	0	1	0	0	0	0	N	Y	N	N	N	N	N	N	N	N	N	N	0.0000	0.0000	0.0000	0.0000	0.0000	0.0000	0.0000	0.0000	0.0000	0.0000	0.0000	0.0000	0.0000	0.0000	0.0000	0.0000	0.0000	0.0000	0.0000	0.0000	0.0000	0.0000	0.0000	0.0000	0.0000	0.1076	0.0000	-0.0000	0.9701	0.0006	4.0208	1.9797	0.0000	0.0000	0.0000	0.0000	0.0000	0.0000	0.0000	0.0000	0.0000	0.0000	0.0000	0.0000	0.0000	0.0000	0.0000	0.0000	0.0000	0.0000	0.0005	0.0004	0.0001	0.0004	0.0002	0.0001	0.0001	0.0001	0.0000	0.0338	0.0245	0.0093	0.0205	0.0174	0.0031	0.0133	0.0071	0.0062	0.0000	0.0000	0.0000	0.0000	0.0000	0.0000	0.0000	0.0000	0.0000	0.0000	0.0000	0.0000	0.0000	0.0000	0.0000	0.0000	0.0000	0.0000			
30	134	0.5845	11	1	2	0	1	0	0	0	0	N	Y	N	N	N	N	N	N	N	N	N	N	0.0000	0.0000	0.0000	0.0000	0.0000	0.0000	0.0000	0.0000	0.0000	0.0000	0.0000	0.0000	0.0000	0.0000	0.0000	0.0000	0.0008	0.0010	0.0003	0.0012	0.0014	0.0000	0.0002	0.0000	0.0004	0.1112	0.0000	-0.0000	0.9701	2.0077	4.0208	6.0321	0.0000	0.0000	0.0000	0.0000	0.0000	0.0000	0.0000	0.0000	0.0000	0.0001	0.0001	0.0000	0.0001	0.0001	0.0000	0.0000	0.0000	0.0000	0.0395	0.0352	0.0043	0.0182	0.0177	0.0005	0.0213	0.0174	0.0038	0.1289	0.0933	0.0356	0.0779	0.0659	0.0120	0.0510	0.0274	0.0236	0.0000	0.0000	0.0000	0.0000	0.0000	0.0000	0.0000	0.0000	0.0000	0.0008	0.0010	0.0003	0.0012	0.0014	0.0000	0.0002	0.0000	0.0004			
30	135	0.5797	11	0	2	0	1	0	0	0	0	N	Y	N	N	N	N	N	N	N	N	N	N	0.0000	0.0000	0.0000	0.0000	0.0000	0.0000	0.0000	0.0000	0.0000	0.0000	0.0000	0.0000	0.0000	0.0000	0.0000	0.0000	0.0000	0.0000	0.0142	0.0210	0.0000	0.0233	0.0269	0.0000	0.0013	0.0032	0.0000	0.0000	0.0000	-0.0018	0.9701	3.0348	4.0208	9.3583	0.0000	0.0000	0.0000	0.0000	0.0000	0.0000	0.0000	0.0000	0.0000	0.0039	0.0039	0.0000	0.0038	0.0038	0.0000	0.0001	0.0001	0.0000	0.0637	0.0552	0.0085	0.0292	0.0284	0.0008	0.0344	0.0268	0.0077	0.2749	0.1867	0.0881	0.1614	0.1398	0.0216	0.1135	0.0469	0.0665	0.0000	0.0000	0.0000	0.0000	0.0000	0.0000	0.0000	0.0000	0.0000	0.0142	0.0210	0.0000	0.0233	0.0269	0.0000	0.0013	0.0032	0.0000	
30	136	0.5654	10	0	1	0	1	0	0	0	0	N	N	N	N	N	N	N	N	N	N	N	N	0.0000	0.0000	0.0000	0.0000	0.0000	0.0000	0.0000	0.0000	0.0000	0.0000	0.0000	0.0000	0.0000	0.0000	0.0000	0.0000	0.0000	0.0000	0.0023	0.0017	0.0040	0.0015	0.0018	0.0000	0.0036	0.0016	0.0060	0.9066	0.0000	0.0000	0.9701	0.0433	4.0208	6.6805	0.0000	0.0000	0.0000	0.0000	0.0000	0.0000	0.0000	0.0000	0.0000	0.0003	0.0001	0.0001	0.0001	0.0001	0.0000	0.0002	0.0000	0.0001	0.0009	0.0008	0.0001	0.0004	0.0004	0.0000	0.0005	0.0004	0.0001	0.1103	0.0796	0.0307	0.0660	0.0559	0.0102	0.0442	0.0237	0.0205	0.0000	0.0000	0.0000	0.0000	0.0000	0.0000	0.0000	0.0000	0.0000	0.0023	0.0017	0.0040	0.0015	0.0018	0.0000	0.0036	0.0016	0.0060	
30	137	0.1239	6	0	2	0	1	0	0	0	0	N	Y	N	N	N	N	N	N	N	N	N	N	0.0000	0.0000	0.0000	0.0000	0.0000	0.0000	0.0000	0.0000	0.0000	0.0000	0.0000	0.0000	0.0000	0.0000	0.0000	0.0000	0.0000	0.0000	0.0000	0.0000	0.9701	0.0000	4.0208	0.0000	0.0000	0.0000	0.0000	0.0000	0.0000	0.0000	0.0000	0.0000	0.0000	0.0000	0.0000	0.0000	0.0000	0.0000	0.0000	0.0000	0.0000	0.0000	0.0000	0.0000	0.0000	0.0000	0.0000	0.0000	0.0000	0.0000	0.0000	0.0000	0.0000	0.0000	0.0000	0.0000	0.0000	0.0000	0.0000	0.0000	0.0000	0.0000	0.0000	0.0000	0.0000	0.0000	0.0000	0.0000	0.0000	0.0000	0.0000	0.0000	0.0000	0.0000	0.0000	0.0000	0.0000	0.0000											
30	138	0.1189	5	0	2	0	1	0	0	0	0	N	Y	N	N	N	N	N	N	N	N	N	N	inf	inf	inf	inf	0.0046	0.0051	0.0000	0.0109	0.0111	0.0000	0.0000	0.0000	0.0000	0.0000	0.0000	0.0000	0.0000	0.0000	0.0000	0.0000	0.0000	0.0000	0.0000	-0.0000	0.0000	0.9701	0.0021	4.0208	2.0000	0.0000	0.0000	0.0000	0.0000	0.0000	0.0000	0.0000	0.0000	0.0000	0.0000	0.0000	0.0000	0.0000	0.0000	0.0000	0.0000	0.0000	0.0000	0.0001	0.0001	0.0000	0.0000	0.0000	0.0000	0.0000	0.0000	0.0000	0.0309	0.0200	0.0108	0.0110	0.0106	0.0005	0.0198	0.0095	0.0104	inf	inf	0.0000	inf	inf	0.0000	0.0000	0.0000	0.0000	0.0000	0.0000	0.0000	0.0000	0.0000	0.0000	0.0000	0.0000	0.0000						
30	139	0.1087	4	0	1	0	1	0	0	0	0	N	N	N	N	N	N	N	N	N	N	N	N	199092.9635	238477.4076	0.0000	258391.3490	306959.7014	0.0000	0.0000	0.0000	0.1644	0.1866	0.0000	0.4409	0.4510	0.0000	0.0000	0.0000	0.0000	0.0000	0.0000	0.0000	0.0000	0.0000	0.0000	0.0000	0.0000	0.0000	0.0000	0.6123	-0.0014	-0.0000	0.9701	1.0020	4.0208	3.0181	0.0033	0.0033	0.0000	0.0033	0.0033	0.0000	0.0000	0.0000	0.0000	0.0000	0.0000	0.0000	0.0000	0.0000	0.0000	0.0000	0.0000	0.0000	0.0200	0.0176	0.0024	0.0074	0.0073	0.0002	0.0125	0.0103	0.0022	0.0635	0.0415	0.0219	0.0233	0.0221	0.0011	0.0402	0.0194	0.0208	199092.9635	238477.4076	0.0000	258391.3490	306959.7014	0.0000	0.0000	0.0000	0.0000	0.0000	0.0000	0.0000	0.0000	0.0000	0.0000	0.0000	0.0000	0.0000	
30	140	0.0943	4	0	2	0	0	0	0	0	0	N	Y	N	N	N	N	N	N	N	N	N	N	0.0000	0.0000	0.0000	0.0000	0.0000	0.0000	0.0000	0.0000	0.0000	0.0000	0.0000	0.0000	0.0000	0.0000	0.0000	0.0000	0.0000	0.0000	0.0000	0.0000	0.9701	0.0000	4.0208	4.0001	0.0000	0.0000	0.0000	0.0000	0.0000	0.0000	0.0000	0.0000	0.0000	0.0000	0.0000	0.0000	0.0000	0.0000	0.0000	0.0000	0.0000	0.0000	0.0000	0.0000	0.0000	0.0000	0.0000	0.0000	0.0000	0.0000	0.0000	0.0602	0.0398	0.0204	0.0209	0.0199	0.0009	0.0394	0.0199	0.0195	0.0000	0.0000	0.0000	0.0000	0.0000	0.0000	0.0000	0.0000	0.0000	0.0000	0.0000	0.0000	0.0000	0.0000	0.0000	0.0000	0.0000	0.0000											
30	141	0.5800	10	0	2	0	0	0	0	0	0	N	Y	N	N	N	N	N	N	N	N	N	N	0.0000	0.0000	0.0000	0.0000	0.0000	0.0000	0.0000	0.0000	0.0000	0.0000	0.0000	0.0000	0.0000	0.0000	0.0000	0.0000	0.0000	0.0000	0.0002	0.0003	0.0000	0.0003	0.0004	0.0000	0.0000	0.0000	0.0000	0.0039	0.0000	-0.0000	0.9701	1.0003	4.0208	5.0186	0.0000	0.0000	0.0000	0.0000	0.0000	0.0000	0.0000	0.0000	0.0000	0.0000	0.0000	0.0000	0.0000	0.0000	0.0000	0.0000	0.0000	0.0000	0.0198	0.0176	0.0022	0.0091	0.0089	0.0003	0.0106	0.0087	0.0019	0.0977	0.0707	0.0270	0.0590	0.0499	0.0091	0.0386	0.0207	0.0179	0.0000	0.0000	0.0000	0.0000	0.0000	0.0000	0.0000	0.0000	0.0000	0.0002	0.0003	0.0000	0.0003	0.0004	0.0000	0.0000	0.0000	0.0000	
30	142	0.1087	4	0	1	1	1	0	0	0	0	N	N	N	N	N	N	N	N	N	N	N	N	0.0000	0.0000	0.0000	0.0000	0.0000	0.0000	0.0000	0.0000	0.0000	0.0000	0.0000	0.0000	0.0000	0.0000	0.0000	0.0000	0.0006	0.0009	0.0000	0.0016	0.0017	0.0000	0.0000	0.0000	0.0000	0.0001	0.0000	-0.0000	0.9701	0.0001	4.0208	9.0026	0.0000	0.0000	0.0000	0.0000	0.0000	0.0000	0.0000	0.0000	0.0000	0.0001	0.0001	0.0000	0.0001	0.0001	0.0000	0.0000	0.0000	0.0000	0.0000	0.0000	0.0000	0.0000	0.0000	0.0000	0.0000	0.0000	0.0000	0.1392	0.0913	0.0480	0.0510	0.0485	0.0025	0.0882	0.0428	0.0455	0.0000	0.0000	0.0000	0.0000	0.0000	0.0000	0.0000	0.0000	0.0000	0.0006	0.0009	0.0000	0.0016	0.0017	0.0000	0.0000	0.0000	0.0000			
30	143	0.5654	10	0	1	1	1	0	0	0	0	N	N	N	N	N	N	N	N	N	N	N	N	0.0000	0.0000	0.0000	0.0000	0.0000	0.0000	0.0000	0.0000	0.0000	0.0000	0.0000	0.0000	0.0000	0.0000	0.0000	0.0000	0.0000	0.0000	0.0001	0.0002	0.0000	0.0002	0.0002	0.0000	0.0000	0.0000	0.0000	0.0018	0.0000	-0.0000	0.9701	2.0061	4.0208	8.0425	0.0000	0.0000	0.0000	0.0000	0.0000	0.0000	0.0000	0.0000	0.0000	0.0000	0.0000	0.0000	0.0000	0.0000	0.0000	0.0000	0.0000	0.0000	0.0394	0.0350	0.0044	0.0179	0.0174	0.0005	0.0215	0.0176	0.0039	0.1622	0.1170	0.0451	0.0970	0.0821	0.0150	0.0651	0.0350	0.0302	0.0000	0.0000	0.0000	0.0000	0.0000	0.0000	0.0000	0.0000	0.0000	0.0001	0.0002	0.0000	0.0002	0.0002	0.0000	0.0000	0.0000	0.0000	
30	144	0.5563	9	0	1	0	1	0	0	0	0	N	N	N	N	N	N	N	N	N	N	N	N	0.0000	0.0000	0.0000	0.0000	0.0000	0.0000	0.0000	0.0000	0.0000	0.0000	0.0000	0.0000	0.0000	0.0000	0.0000	0.0000	0.0000	0.0000	0.0004	0.0004	0.0005	0.0005	0.0006	0.0001	0.0003	0.0000	0.0006	0.4307	0.0000	-0.0000	0.9701	1.9550	4.0208	2.1189	0.0000	0.0000	0.0000	0.0000	0.0000	0.0000	0.0000	0.0000	0.0000	0.0000	0.0000	0.0000	0.0000	0.0000	0.0000	0.0000	0.0000	0.0000	0.0393	0.0349	0.0044	0.0185	0.0178	0.0006	0.0209	0.0171	0.0038	0.0785	0.0574	0.0210	0.0460	0.0397	0.0063	0.0325	0.0178	0.0147	0.0000	0.0000	0.0000	0.0000	0.0000	0.0000	0.0000	0.0000	0.0000	0.0004	0.0004	0.0005	0.0005	0.0006	0.0001	0.0003	0.0000	0.0006	
30	145	0.5563	9	0	1	1	1	0	0	0	0	N	N	N	N	N	N	N	N	N	N	N	N	0.0000	0.0000	0.0000	0.0000	0.0000	0.0000	0.0000	0.0000	0.0000	0.0000	0.0000	0.0000	0.0000	0.0000	0.0000	0.0000	0.0000	0.0000	0.0026	0.0035	0.0000	0.0009	0.0010	0.0000	0.0050	0.0092	0.0000	0.0006	0.0000	-0.0004	0.9701	2.1261	4.0208	18.6477	0.0000	0.0000	0.0000	0.0000	0.0000	0.0000	0.0000	0.0000	0.0000	0.0008	0.0008	0.0000	0.0002	0.0002	0.0000	0.0007	0.0007	0.0000	0.0426	0.0379	0.0048	0.0200	0.0193	0.0007	0.0227	0.0186	0.0041	0.3299	0.2386	0.0913	0.1953	0.1660	0.0293	0.1346	0.0726	0.0620	0.0000	0.0000	0.0000	0.0000	0.0000	0.0000	0.0000	0.0000	0.0000	0.0026	0.0035	0.0000	0.0009	0.0010	0.0000	0.0050	0.0092	0.0000	
30	146	0.1087	4	0	1	1	1	0	0	0	0	N	N	N	N	N	N	N	N	N	N	N	N	0.0000	0.0000	0.0000	0.0000	0.0000	0.0000	0.0000	0.0000	0.0000	0.0000	0.0000	0.0000	0.0000	0.0000	0.0000	0.0000	0.0000	0.0297	0.0453	0.0000	0.0810	0.0852	0.0000	0.0000	0.0000	0.0000	0.0000	0.0000	-0.0017	0.9701	2.0001	4.0208	5.9880	0.0000	0.0000	0.0000	0.0000	0.0000	0.0000	0.0000	0.0000	0.0000	0.0037	0.0037	0.0000	0.0037	0.0037	0.0000	0.0000	0.0000	0.0000	0.0396	0.0349	0.0047	0.0148	0.0144	0.0003	0.0248	0.0205	0.0044	0.1240	0.0813	0.0428	0.0454	0.0432	0.0022	0.0786	0.0381	0.0405	0.0000	0.0000	0.0000	0.0000	0.0000	0.0000	0.0000	0.0000	0.0000	0.0297	0.0453	0.0000	0.0810	0.0852	0.0000	0.0000	0.0000	0.0000		
30	147	0.1087	4	0	1	1	1	0	0	0	0	N	N	N	N	N	N	N	N	N	N	N	N	0.0000	0.0000	0.0000	0.0000	0.0000	0.0000	0.0000	0.0000	0.0000	0.0000	0.0000	0.0000	0.0000	0.0000	0.0000	0.0000	0.0000	0.0001	0.0001	0.0000	0.0002	0.0002	0.0000	0.0000	0.0000	0.0000	0.0007	0.0000	-0.0000	0.9701	9.0001	4.0208	23.0169	0.0000	0.0000	0.0000	0.0000	0.0000	0.0000	0.0000	0.0000	0.0000	0.0000	0.0000	0.0000	0.0000	0.0000	0.0000	0.0000	0.0000	0.0000	0.1718	0.1517	0.0201	0.0639	0.0625	0.0014	0.1079	0.0892	0.0187	0.4524	0.2982	0.1542	0.1650	0.1570	0.0080	0.2874	0.1412	0.1462	0.0000	0.0000	0.0000	0.0000	0.0000	0.0000	0.0000	0.0000	0.0000	0.0001	0.0001	0.0000	0.0002	0.0002	0.0000	0.0000	0.0000	0.0000		
30	148	0.0833	3	0	1	0	1	0	0	0	0	N	N	N	N	N	N	N	N	N	N	N	N	0.0363	0.0264	0.0333	0.0365	0.0361	0.0000	0.0101	0.0000	0.0360	0.0007	0.0008	0.0000	0.0019	0.0020	0.0000	0.0000	0.0000	0.0000	0.0198	0.0310	0.0002	0.0524	0.0543	0.0002	0.0001	0.0000	0.0002	0.0010	0.0031	-0.0000	-0.0016	0.9701	1.9990	4.0208	7.9526	0.0000	0.0000	0.0000	0.0000	0.0000	0.0000	0.0000	0.0000	0.0000	0.0036	0.0036	0.0000	0.0036	0.0036	0.0000	0.0000	0.0000	0.0000	0.0403	0.0353	0.0050	0.0151	0.0147	0.0003	0.0252	0.0205	0.0047	0.1828	0.1163	0.0665	0.0688	0.0663	0.0025	0.1140	0.0500	0.0640	0.0363	0.0264	0.0333	0.0365	0.0361	0.0000	0.0101	0.0000	0.0360	0.0198	0.0310	0.0002	0.0524	0.0543	0.0002	0.0001	0.0000	0.0002
30	149	0.0514	2	1	2	0	0	0	0	0	0	N	Y	N	N	N	N	N	N	N	N	N	N	1.3972	6.6995	0.0000	3.6997	6.0694	0.0000	0.0000	0.0000	0.0000	0.0834	0.1274	0.0000	0.1746	0.1836	0.0000	0.0000	0.0000	0.0000	0.0597	0.0190	0.1281	0.0472	0.0302	0.5400	0.0683	0.0000	0.1126	0.0000	4.0063	-0.0120	0.0115	0.9701	5.3497	4.0208	17.2225	0.0272	0.0272	0.0000	0.0272	0.0272	0.0000	0.0000	0.0000	0.0000	0.0337	0.0067	0.0269	0.0109	0.0067	0.0041	0.0228	0.0000	0.0228	0.3263	0.2136	0.1127	0.1559	0.1483	0.0077	0.1704	0.0653	0.1050	0.5640	0.3536	0.2103	0.2300	0.2224	0.0076	0.3339	0.1313	0.2027	1.3972	6.6995	0.0000	3.6997	6.0694	0.0000	0.0000	0.0000	0.0000	0.0597	0.0190	0.1281	0.0472	0.0302	0.5400	0.0683	0.0000	0.1126
30	152	0.5868	12	1	2	0	0	0	0	0	0	N	Y	N	N	N	N	N	N	N	N	N	N	0.0000	0.0000	0.0000	0.0000	0.0000	0.0000	0.0000	0.0000	0.0000	0.0000	0.0000	0.0000	0.0000	0.0000	0.0000	0.0000	0.0000	0.0002	0.0001	0.0007	0.0004	0.0001	0.0021	0.0000	0.0000	0.0000	4.0033	0.0000	0.0000	0.9701	1.0143	4.0208	12.0086	0.0000	0.0000	0.0000	0.0000	0.0000	0.0000	0.0000	0.0000	0.0000	0.0001	0.0000	0.0000	0.0001	0.0000	0.0000	0.0000	0.0000	0.0000	0.0202	0.0180	0.0022	0.0093	0.0091	0.0003	0.0108	0.0089	0.0020	0.2048	0.1482	0.0566	0.1234	0.1044	0.0190	0.0813	0.0438	0.0376	0.0000	0.0000	0.0000	0.0000	0.0000	0.0000	0.0000	0.0000	0.0000	0.0002	0.0001	0.0007	0.0004	0.0001	0.0021	0.0000	0.0000	0.0000		
30	153	0.5845	11	1	2	0	0	0	0	0	0	N	Y	N	N	N	N	N	N	N	N	N	N	0.0000	0.0000	0.0000	0.0000	0.0000	0.0000	0.0000	0.0000	0.0000	0.0000	0.0000	0.0000	0.0000	0.0000	0.0000	0.0000	0.0000	0.0000	0.0000	0.0000	0.0000	0.0000	0.0000	0.0000	0.0000	0.0000	4.2338	0.0000	0.0000	0.9701	0.9811	4.0208	0.0216	0.0000	0.0000	0.0000	0.0000	0.0000	0.0000	0.0000	0.0000	0.0000	0.0000	0.0000	0.0000	0.0000	0.0000	0.0000	0.0000	0.0000	0.0000	0.0194	0.0173	0.0021	0.0090	0.0087	0.0003	0.0105	0.0086	0.0019	0.0166	0.0120	0.0046	0.0101	0.0085	0.0015	0.0065	0.0035	0.0030	0.0000	0.0000	0.0000	0.0000	0.0000	0.0000	0.0000	0.0000	0.0000	0.0000	0.0000	0.0000	0.0000	0.0000	0.0000	0.0000	0.0000	0.0000		
30	154	0.5800	10	1	2	0	0	0	0	0	0	N	Y	N	N	N	N	N	N	N	N	N	N	0.0000	0.0000	0.0000	0.0000	0.0000	0.0000	0.0000	0.0000	0.0000	0.0000	0.0000	0.0000	0.0000	0.0000	0.0000	0.0000	0.0000	0.0000	0.0000	0.0000	0.0000	0.0000	0.0000	0.0000	0.0000	0.0000	0.0000	0.3511	0.0000	-0.0000	0.9701	0.0083	4.0208	2.0001	0.0000	0.0000	0.0000	0.0000	0.0000	0.0000	0.0000	0.0000	0.0000	0.0000	0.0000	0.0000	0.0000	0.0000	0.0000	0.0000	0.0000	0.0000	0.0002	0.0002	0.0000	0.0001	0.0001	0.0000	0.0001	0.0001	0.0000	0.0334	0.0242	0.0092	0.0202	0.0171	0.0031	0.0132	0.0071	0.0061	0.0000	0.0000	0.0000	0.0000	0.0000	0.0000	0.0000	0.0000	0.0000	0.0000	0.0000	0.0000	0.0000	0.0000	0.0000	0.0000	0.0000	0.0000	
30	155	0.5563	9	0	2	0	0	0	0	0	0	N	Y	N	N	N	N	N	N	N	N	N	N	0.0000	0.0000	0.0000	0.0000	0.0000	0.0000	0.0000	0.0000	0.0000	0.0000	0.0000	0.0000	0.0000	0.0000	0.0000	0.0000	0.0000	0.0000	0.0014	0.0017	0.0006	0.0024	0.0025	0.0019	0.0000	0.0000	0.0000	0.1294	0.0000	-0.0001	0.9701	2.9180	4.0208	7.4065	0.0000	0.0000	0.0000	0.0000	0.0000	0.0000	0.0000	0.0000	0.0000	0.0002	0.0002	0.0000	0.0002	0.0002	0.0000	0.0000	0.0000	0.0000	0.0579	0.0514	0.0065	0.0270	0.0261	0.0009	0.0309	0.0254	0.0056	0.1765	0.1281	0.0484	0.1044	0.0891	0.0153	0.0721	0.0390	0.0331	0.0000	0.0000	0.0000	0.0000	0.0000	0.0000	0.0000	0.0000	0.0000	0.0014	0.0017	0.0006	0.0024	0.0025	0.0019	0.0000	0.0000	0.0000	
30	156	0.4905	8	0	1	0	0	0	0	0	0	N	N	N	N	N	N	N	N	N	N	N	N	1.5462	1.3508	0.0059	1.6801	1.5985	0.0105	3.3029	4.6027	0.0013	0.0150	0.0178	0.0000	0.0268	0.0295	0.0000	0.0016	0.0021	0.0000	0.0097	0.0131	0.0007	0.0160	0.0185	0.0011	0.0005	0.0005	0.0005	0.0000	0.0211	-0.0016	-0.0022	0.9701	8.2479	4.0208	19.7214	0.0037	0.0037	0.0000	0.0035	0.0035	0.0000	0.0002	0.0002	0.0000	0.0051	0.0050	0.0001	0.0050	0.0049	0.0001	0.0001	0.0001	0.0001	0.2475	0.2085	0.0389	0.1311	0.1190	0.0121	0.1164	0.0895	0.0268	0.5238	0.3777	0.1461	0.3112	0.2660	0.0452	0.2126	0.1117	0.1009	1.5462	1.3508	0.0059	1.6801	1.5985	0.0105	3.3029	4.6027	0.0013	0.0097	0.0131	0.0007	0.0160	0.0185	0.0011	0.0005	0.0005	0.0005
30	157	0.4543	7	0	1	0	0	0	0	0	0	N	N	N	N	N	N	N	N	N	N	N	N	0.7610	0.8353	0.6736	0.8696	0.8220	0.5944	0.6535	1.7525	0.5675	0.0140	0.0135	0.0162	0.0158	0.0167	0.0045	0.0122	0.0091	0.0187	0.0184	0.0161	0.0240	0.0182	0.0203	0.0075	0.0187	0.0052	0.0330	0.2946	0.6038	-0.0006	-0.0009	0.9701	7.4725	4.0208	14.3153	0.0030	0.0023	0.0007	0.0017	0.0016	0.0000	0.0013	0.0007	0.0006	0.0104	0.0065	0.0039	0.0063	0.0059	0.0004	0.0041	0.0006	0.0035	0.2121	0.1704	0.0418	0.1046	0.0972	0.0075	0.1075	0.0732	0.0343	0.5670	0.4034	0.1635	0.3484	0.2907	0.0577	0.2186	0.1127	0.1059	0.7610	0.8353	0.6736	0.8696	0.8220	0.5944	0.6535	1.7525	0.5675	0.0184	0.0161	0.0240	0.0182	0.0203	0.0075	0.0187	0.0052	0.0330
30	158	0.3888	6	0	1	0	0	0	0	0	0	N	N	N	N	N	N	N	N	N	N	N	N	0.0901	0.1725	0.0006	0.1750	0.1810	0.0035	0.0381	0.5315	0.0004	0.0056	0.0064	0.0001	0.0088	0.0090	0.0002	0.0030	0.0038	0.0001	0.0617	0.0369	0.1279	0.0504	0.0500	0.0524	0.0793	0.0071	0.1748	0.0018	1.3007	-0.0006	0.0049	0.9701	11.6653	4.0208	19.4910	0.0013	0.0013	0.0000	0.0009	0.0009	0.0000	0.0004	0.0004	0.0000	0.0456	0.0198	0.0258	0.0227	0.0186	0.0040	0.0229	0.0012	0.0217	0.2348	0.2049	0.0299	0.1029	0.1002	0.0026	0.1319	0.1047	0.0273	0.7388	0.5374	0.2014	0.4500	0.3729	0.0770	0.2888	0.1645	0.1243	0.0901	0.1725	0.0006	0.1750	0.1810	0.0035	0.0381	0.5315	0.0004	0.0617	0.0369	0.1279	0.0504	0.0500	0.0524	0.0793	0.0071	0.1748
30	159	0.3416	5	0	1	0	0	0	0	0	0	N	N	N	N	N	N	N	N	N	N	N	N	0.5286	0.6336	0.0010	1.3730	1.2245	0.0410	0.0051	0.0093	0.0002	0.0110	0.0125	0.0000	0.0245	0.0251	0.0002	0.0001	0.0002	0.0000	0.0208	0.0197	0.0241	0.0178	0.0205	0.0045	0.0260	0.0175	0.0373	0.0003	0.4386	-0.0008	-0.0025	0.9701	7.3933	4.0208	20.5306	0.0018	0.0018	0.0000	0.0018	0.0017	0.0000	0.0000	0.0000	0.0000	0.0164	0.0114	0.0050	0.0089	0.0085	0.0004	0.0075	0.0029	0.0046	0.1600	0.1414	0.0186	0.0714	0.0696	0.0018	0.0886	0.0718	0.0168	0.7866	0.5793	0.2072	0.4990	0.4156	0.0834	0.2875	0.1637	0.1238	0.5286	0.6336	0.0010	1.3730	1.2245	0.0410	0.0051	0.0093	0.0002	0.0208	0.0197	0.0241	0.0178	0.0205	0.0045	0.0260	0.0175	0.0373
30	160	0.1054	4	0	1	0	0	0	0	0	0	N	N	N	N	N	N	N	N	N	N	N	N	0.0001	0.0002	0.0000	0.0000	0.0000	0.0000	0.0001	0.0002	0.0000	0.0000	0.0000	0.0000	0.0000	0.0000	0.0000	0.0000	0.0000	0.0000	0.1647	0.0770	0.3702	0.1056	0.0527	1.2018	0.2016	0.1036	0.3179	0.0282	2.0535	-0.0000	0.0386	0.9701	27.6416	4.0208	54.6365	0.0000	0.0000	0.0000	0.0000	0.0000	0.0000	0.0000	0.0000	0.0000	0.1801	0.0590	0.1211	0.0443	0.0211	0.0232	0.1358	0.0379	0.0979	0.4839	0.4299	0.0541	0.1804	0.1777	0.0026	0.3035	0.2521	0.0514	1.0937	0.7664	0.3273	0.4200	0.4007	0.0193	0.6736	0.3657	0.3079	0.0001	0.0002	0.0000	0.0000	0.0000	0.0000	0.0001	0.0002	0.0000	0.1647	0.0770	0.3702	0.1056	0.0527	1.2018	0.2016	0.1036	0.3179
30	161	0.1019	6	1	2	0	0	0	0	0	0	N	Y	N	N	N	N	N	N	N	N	N	N	0.0000	0.0000	0.0000	0.0000	0.0000	0.0000	0.0000	0.0000	0.0000	0.0000	0.0000	0.0000	0.0000	0.0000	0.0000	0.0000	0.0000	0.0000	0.0000	0.0000	0.0001	0.0000	0.0000	0.0000	0.3509	0.0000	-0.0000	0.9701	0.0002	4.0208	3.0099	0.0000	0.0000	0.0000	0.0000	0.0000	0.0000	0.0000	0.0000	0.0000	0.0000	0.0000	0.0000	0.0000	0.0000	0.0000	0.0000	0.0000	0.0000	0.0000	0.0000	0.0000	0.0000	0.0000	0.0000	0.0000	0.0000	0.0000	0.0461	0.0306	0.0155	0.0161	0.0154	0.0007	0.0300	0.0152	0.0148	0.0000	0.0000	0.0000	0.0000	0.0000	0.0000	0.0000	0.0000	0.0000	0.0000	0.0000	0.0000	0.0000	0.0000	0.0001	0.0000	0.0000	0.0000				
30	162	0.0943	5	1	2	0	0	0	0	0	0	N	Y	N	N	N	N	N	N	N	N	N	N	0.0000	0.0000	0.0000	0.0000	0.0000	0.0000	0.0000	0.0000	0.0000	0.0000	0.0000	0.0000	0.0000	0.0007	0.0010	0.0000	0.0019	0.0020	0.0000	0.0000	0.0000	0.0000	0.0000	0.0000	-0.0000	0.9701	0.9998	4.0208	2.0118	0.0000	0.0000	0.0000	0.0000	0.0000	0.0000	0.0000	0.0000	0.0000	0.0000	0.0000	0.0000	0.0000	0.0000	0.0000	0.0000	0.0000	0.0000	0.0199	0.0175	0.0024	0.0074	0.0072	0.0002	0.0125	0.0103	0.0022	0.0455	0.0301	0.0154	0.0158	0.0151	0.0007	0.0298	0.0150	0.0147	0.0000	0.0000	0.0000	0.0000	0.0000	0.0000	0.0000	0.0000	0.0000	0.0007	0.0010	0.0000	0.0019	0.0020	0.0000	0.0000	0.0000	0.0000						
30	163	0.0943	4	1	2	0	0	0	0	0	0	N	Y	N	N	N	N	N	N	N	N	N	N	0.0000	0.0000	0.0000	0.0000	0.0000	0.0000	0.0000	0.0000	0.0000	0.0000	0.0000	0.0000	0.0000	0.0000	0.0000	0.0000	0.0000	0.0000	0.0000	-0.0000	0.9701	0.0000	4.0208	0.0003	0.0000	0.0000	0.0000	0.0000	0.0000	0.0000	0.0000	0.0000	0.0000	0.0000	0.0000	0.0000	0.0000	0.0000	0.0000	0.0000	0.0000	0.0000	0.0000	0.0000	0.0000	0.0000	0.0000	0.0000	0.0000	0.0000	0.0000	0.0000	0.0000	0.0000	0.0000	0.0000	0.0000	0.0000	0.0000	0.0000	0.0000	0.0000	0.0000	0.0000	0.0000	0.0000	0.0000	0.0000	0.0000	0.0000	0.0000	0.0000	0.0000	0.0000	0.0000	0.0000	0.0000	0.0000											
30	164	0.0833	3	0	2	0	0	0	0	0	0	N	Y	N	N	N	N	N	N	N	N	N	N	13.9781	16.1607	0.0999	11.9160	13.2635	0.0000	0.2370	0.0000	0.2247	0.0343	0.0557	0.0001	0.0672	0.0712	0.0000	0.0001	0.0000	0.0001	0.0025	0.0034	0.0009	0.0056	0.0054	0.0143	0.0003	0.0001	0.0004	0.0010	0.1565	-0.0000	-0.0001	0.9701	0.0063	4.0208	4.3641	0.0000	0.0000	0.0000	0.0000	0.0000	0.0000	0.0000	0.0000	0.0000	0.0003	0.0002	0.0000	0.0002	0.0002	0.0000	0.0000	0.0000	0.0000	0.0008	0.0005	0.0003	0.0004	0.0004	0.0000	0.0004	0.0001	0.0003	0.1036	0.0637	0.0399	0.0419	0.0406	0.0013	0.0617	0.0231	0.0386	13.9781	16.1607	0.0999	11.9160	13.2635	0.0000	0.2370	0.0000	0.2247	0.0025	0.0034	0.0009	0.0056	0.0054	0.0143	0.0003	0.0001	0.0004
30	165	0.0514	2	0	1	0	0	0	0	0	0	N	N	N	N	N	N	N	N	N	N	N	N	1.6183	1.7939	0.0365	1.5505	1.5856	0.0000	0.0412	0.0000	0.0379	0.0966	0.1591	0.0005	0.1919	0.2029	0.0000	0.0004	0.0000	0.0006	0.0597	0.0887	0.0146	0.1238	0.1279	0.0014	0.0102	0.0005	0.0151	0.0022	0.1059	-0.0118	-0.0094	0.9701	2.5207	4.0208	10.0226	0.0270	0.0269	0.0001	0.0269	0.0269	0.0000	0.0001	0.0000	0.0001	0.0259	0.0234	0.0025	0.0234	0.0234	0.0000	0.0025	0.0000	0.0025	0.2792	0.1691	0.1102	0.1402	0.1326	0.0076	0.1390	0.0364	0.1026	0.4342	0.2641	0.1701	0.1891	0.1828	0.0063	0.2452	0.0813	0.1639	1.6183	1.7939	0.0365	1.5505	1.5856	0.0000	0.0412	0.0000	0.0379	0.0597	0.0887	0.0146	0.1238	0.1279	0.0014	0.0102	0.0005	0.0151
31	32	0.7157	9	1	0	1	1	0	0	0	0	N	N	N	N	N	N	N	N	N	N	N	N	0.0000	0.0000	0.0000	0.0000	0.0000	0.0000	0.0000	0.0000	0.0000	0.0000	0.0000	0.0000	0.0000	0.0000	0.0000	0.0000	0.0000	0.0000	0.0066	0.0094	0.0000	0.0122	0.0143	0.0000	0.0000	0.0000	0.0000	0.0002	0.0000	-0.0001	5.0045	1.4893	16.6627	0.0050	0.0000	0.0000	0.0000	0.0000	0.0000	0.0000	0.0000	0.0000	0.0000	0.0002	0.0002	0.0000	0.0002	0.0002	0.0000	0.0000	0.0000	0.0000	0.0431	0.0370	0.0061	0.0125	0.0116	0.0009	0.0306	0.0254	0.0052	0.0374	0.0263	0.0111	0.0202	0.0172	0.0030	0.0172	0.0090	0.0082	0.0000	0.0000	0.0000	0.0000	0.0000	0.0000	0.0000	0.0000	0.0000	0.0066	0.0094	0.0000	0.0122	0.0143	0.0000	0.0000	0.0000	0.0000	
31	33	0.1990	5	1	0	1	1	0	0	0	0	N	N	N	N	N	N	N	N	N	N	N	N	0.0000	0.0000	0.0000	0.0000	0.0000	0.0000	0.0000	0.0000	0.0000	0.0000	0.0000	0.0000	0.0000	0.0000	0.0000	0.0000	0.0000	0.0000	0.0311	0.0453	0.0013	0.0026	0.0029	0.0003	0.0488	0.0856	0.0015	0.0137	-0.0000	-0.0031	5.0045	0.9855	16.6627	5.0251	0.0000	0.0000	0.0000	0.0000	0.0000	0.0000	0.0000	0.0000	0.0000	0.0069	0.0068	0.0001	0.0002	0.0002	0.0000	0.0067	0.0066	0.0001	0.0350	0.0299	0.0051	0.0044	0.0041	0.0003	0.0306	0.0258	0.0049	0.2210	0.1497	0.0713	0.0847	0.0730	0.0117	0.1364	0.0767	0.0596	0.0000	0.0000	0.0000	0.0000	0.0000	0.0000	0.0000	0.0000	0.0000	0.0311	0.0453	0.0013	0.0026	0.0029	0.0003	0.0488	0.0856	0.0015	
31	34	0.1718	5	0	1	0	1	0	0	0	0	N	N	N	N	N	N	N	N	N	N	N	N	0.0000	0.0000	0.0000	0.0000	0.0000	0.0000	0.0000	0.0000	0.0000	0.0000	0.0000	0.0000	0.0000	0.0000	0.0000	0.0000	0.0000	0.0007	0.0010	0.0000	0.0019	0.0022	0.0000	0.0000	0.0000	0.0000	0.0083	0.0000	-0.0001	5.0045	2.0026	16.6627	4.0175	0.0000	0.0000	0.0000	0.0000	0.0000	0.0000	0.0000	0.0000	0.0000	0.0002	0.0002	0.0000	0.0002	0.0002	0.0000	0.0000	0.0000	0.0000	0.0857	0.0718	0.0140	0.0153	0.0148	0.0005	0.0705	0.0570	0.0135	0.2468	0.1626	0.0843	0.0906	0.0774	0.0132	0.1563	0.0852	0.0711	0.0000	0.0000	0.0000	0.0000	0.0000	0.0000	0.0000	0.0000	0.0000	0.0007	0.0010	0.0000	0.0019	0.0022	0.0000	0.0000	0.0000	0.0000		
31	35	0.1718	4	0	0	0	1	0	0	0	0	N	N	N	N	N	N	N	N	N	N	N	N	0.0010	0.0002	0.0110	0.0005	0.0005	0.0000	0.0019	0.0000	0.0916	0.0015	0.0004	0.0067	0.0010	0.0010	0.0000	0.0018	0.0000	0.0068	1.4694	1.8670	0.6057	2.1197	1.9703	3.1444	0.9806	1.7424	0.0740	3.8625	0.1494	0.0000	-0.0566	5.0045	0.4148	16.6627	1.5497	0.0001	0.0000	0.0000	0.0000	0.0000	0.0000	0.0000	0.0000	0.0000	0.1722	0.1498	0.0224	0.1066	0.0865	0.0201	0.0656	0.0634	0.0023	0.0330	0.0269	0.0061	0.0107	0.0106	0.0001	0.0222	0.0163	0.0060	0.1172	0.0803	0.0370	0.0503	0.0439	0.0064	0.0669	0.0364	0.0306	0.0010	0.0002	0.0110	0.0005	0.0005	0.0000	0.0019	0.0000	0.0916	1.4694	1.8670	0.6057	2.1197	1.9703	3.1444	0.9806	1.7424	0.0740
31	36	0.1140	2	0	1	0	1	0	0	0	0	N	N	N	N	N	N	N	N	N	N	N	N	2.5023	2.2482	0.0000	0.0404	0.0377	0.0000	2.3207	1.8404	0.0000	4.0519	4.7971	0.0000	0.0496	0.0533	0.0000	4.1457	4.9196	0.0000	1.6193	2.1337	0.8374	1.2254	1.4128	0.0075	1.7864	2.6731	0.9298	0.0000	0.2583	-0.4410	-0.4502	5.0045	7.9964	16.6627	23.6501	0.9997	0.9997	0.0000	0.0003	0.0003	0.0000	0.9995	0.9995	0.0000	1.7784	1.4134	0.3650	0.4009	0.4005	0.0003	1.3775	1.0129	0.3647	0.2467	0.2084	0.0383	0.0056	0.0052	0.0004	0.2411	0.2032	0.0379	1.0983	0.6624	0.4359	0.3271	0.2835	0.0436	0.7711	0.3789	0.3922	2.5023	2.2482	0.0000	0.0404	0.0377	0.0000	2.3207	1.8404	0.0000	1.6193	2.1337	0.8374	1.2254	1.4128	0.0075	1.7864	2.6731	0.9298
31	37	0.1880	4	1	1	0	1	0	0	0	0	N	N	N	N	N	N	N	N	N	N	N	N	0.0000	0.0000	0.0000	0.0000	0.0000	0.0000	0.0000	0.0000	0.0000	0.0000	0.0000	0.0000	0.0000	0.0000	0.0000	0.0000	0.0000	0.0000	3.3482	3.6571	2.7797	0.2112	0.2000	0.2654	5.2491	6.8789	3.3468	0.4131	0.0000	-0.5632	5.0045	6.9981	16.6627	25.9787	0.0000	0.0000	0.0000	0.0000	0.0000	0.0000	0.0000	0.0000	0.0000	3.3921	2.4005	0.9916	0.0808	0.0633	0.0174	3.3114	2.3372	0.9742	0.2296	0.1955	0.0341	0.0252	0.0232	0.0020	0.2045	0.1723	0.0321	1.0131	0.6564	0.3567	0.3823	0.3166	0.0657	0.6308	0.3398	0.2911	0.0000	0.0000	0.0000	0.0000	0.0000	0.0000	0.0000	0.0000	0.0000	3.3482	3.6571	2.7797	0.2112	0.2000	0.2654	5.2491	6.8789	3.3468	
31	38	0.1718	4	0	1	0	1	0	0	0	0	N	N	N	N	N	N	N	N	N	N	N	N	0.0000	0.0137	0.0000	0.0001	0.0813	0.0000	0.0000	0.0000	0.0000	0.0001	0.0001	0.0000	0.0005	0.0005	0.0000	0.0000	0.0000	0.0000	1.8793	0.0052	5.3019	5.8635	0.0059	64.4679	0.2063	0.0046	0.4491	0.0002	562.7191	-0.0000	0.5251	5.0045	4.7553	16.6627	10.1994	0.0000	0.0000	0.0000	0.0000	0.0000	0.0000	0.0000	0.0000	0.0000	0.9727	0.0017	0.9710	0.9017	0.0009	0.9009	0.0710	0.0009	0.0701	0.1753	0.1480	0.0273	0.0229	0.0217	0.0011	0.1524	0.1263	0.0262	0.5176	0.3345	0.1831	0.1734	0.1465	0.0270	0.3442	0.1880	0.1562	0.0000	0.0137	0.0000	0.0001	0.0813	0.0000	0.0000	0.0000	0.0000	1.8793	0.0052	5.3019	5.1991	0.0059	33.3849	0.2063	0.0046	0.4491
31	39	0.1140	2	1	1	0	1	0	0	0	0	N	N	N	N	N	N	N	N	N	N	N	N	0.0013	0.0014	0.0000	0.0000	0.0000	0.0000	0.0018	0.0031	0.0000	0.0003	0.0004	0.0000	0.0000	0.0000	0.0000	0.0003	0.0004	0.0000	0.2542	0.2746	0.2232	0.4248	0.4756	0.0968	0.1822	0.1254	0.2372	0.0000	0.5345	-0.0000	-0.0312	5.0045	5.0000	16.6627	27.3229	0.0001	0.0001	0.0000	0.0000	0.0000	0.0000	0.0001	0.0001	0.0000	0.2832	0.1846	0.0987	0.1405	0.1362	0.0043	0.1427	0.0484	0.0944	0.1566	0.1321	0.0244	0.0037	0.0034	0.0003	0.1529	0.1287	0.0242	1.1144	0.6723	0.4421	0.3307	0.2864	0.0443	0.7837	0.3859	0.3978	0.0013	0.0014	0.0000	0.0000	0.0000	0.0000	0.0018	0.0031	0.0000	0.2542	0.2746	0.2232	0.4248	0.4756	0.0968	0.1822	0.1254	0.2372
31	40	0.1880	4	0	1	0	1	0	0	0	0	N	N	N	N	N	N	N	N	N	N	N	N	0.0002	0.0006	0.0000	0.0151	0.6646	0.0000	0.0001	0.0002	0.0000	0.0003	0.0004	0.0000	0.0008	0.0009	0.0000	0.0002	0.0003	0.0000	1.5286	0.6183	3.2117	0.0526	0.0013	0.3034	2.4377	1.2054	3.8692	0.0000	2.8094	-0.0000	0.3851	5.0045	7.0019	16.6627	21.4344	0.0001	0.0001	0.0000	0.0000	0.0000	0.0000	0.0001	0.0001	0.0000	1.3798	0.3622	1.0176	0.0181	0.0004	0.0177	1.3617	0.3618	0.9999	0.2298	0.1956	0.0341	0.0252	0.0232	0.0020	0.2046	0.1724	0.0322	0.9026	0.5858	0.3168	0.3440	0.2856	0.0584	0.5586	0.3002	0.2584	0.0002	0.0006	0.0000	0.0151	0.6646	0.0000	0.0001	0.0002	0.0000	1.5286	0.6183	3.2117	0.0526	0.0013	0.3034	2.4377	1.2054	3.8692
31	41	0.6183	7	0	1	0	1	0	0	0	0	N	N	N	N	N	N	N	N	N	N	N	N	0.0000	0.0000	0.0000	0.0000	0.0000	0.0000	0.0000	0.0000	0.0000	0.0000	0.0000	0.0000	0.0000	0.0000	0.0000	0.0000	0.0000	0.0000	0.0850	0.1199	0.0002	0.1394	0.1696	0.0002	0.0169	0.0297	0.0002	0.0007	0.0000	-0.0191	5.0045	8.1446	16.6627	10.2519	0.0000	0.0000	0.0000	0.0000	0.0000	0.0000	0.0000	0.0000	0.0000	0.0417	0.0417	0.0000	0.0380	0.0380	0.0000	0.0037	0.0037	0.0000	0.3077	0.2710	0.0367	0.1156	0.1089	0.0067	0.1921	0.1621	0.0301	0.4909	0.3477	0.1433	0.2727	0.2242	0.0486	0.2182	0.1235	0.0947	0.0000	0.0000	0.0000	0.0000	0.0000	0.0000	0.0000	0.0000	0.0000	0.0850	0.1199	0.0002	0.1394	0.1696	0.0002	0.0169	0.0297	0.0002	
31	42	0.1880	4	0	1	0	1	0	0	0	0	N	N	N	N	N	N	N	N	N	N	N	N	0.0000	0.0000	0.0000	0.0000	0.0000	0.0000	0.0000	0.0000	0.0000	0.0000	0.0000	0.0000	0.0000	0.0000	0.0000	0.0000	0.0000	0.0000	1.6426	2.5144	0.0005	0.0878	0.1044	0.0015	2.6545	4.9826	0.0002	0.0001	0.0000	-0.4680	5.0045	5.9981	16.6627	11.5875	0.0000	0.0000	0.0000	0.0000	0.0000	0.0000	0.0000	0.0000	0.0000	1.0213	1.0212	0.0001	0.0215	0.0215	0.0001	0.9998	0.9997	0.0000	0.1978	0.1684	0.0294	0.0218	0.0200	0.0017	0.1760	0.1483	0.0277	0.6218	0.4061	0.2156	0.2451	0.2055	0.0396	0.3766	0.2006	0.1760	0.0000	0.0000	0.0000	0.0000	0.0000	0.0000	0.0000	0.0000	0.0000	1.6426	2.5144	0.0005	0.0878	0.1044	0.0015	2.6545	4.9826	0.0002	
31	43	0.2717	4	0	1	1	2	0	0	0	0	N	N	N	Y	N	N	N	N	N	N	N	N	0.0006	0.0000	0.0014	0.0000	0.0000	0.0000	0.0010	0.0000	0.0028	0.0000	0.0000	0.0000	0.0000	0.0000	0.0000	0.0000	0.0000	0.0000	0.0056	0.0011	0.0171	0.0087	0.0020	0.1044	0.0036	0.0001	0.0086	inf	6.2248	0.0000	0.0004	5.0045	1.0007	16.6627	2.4334	0.0000	0.0000	0.0000	0.0000	0.0000	0.0000	0.0000	0.0000	0.0000	0.0011	0.0001	0.0009	0.0006	0.0001	0.0005	0.0004	0.0000	0.0004	0.0327	0.0278	0.0049	0.0028	0.0026	0.0002	0.0299	0.0251	0.0047	0.1888	0.1357	0.0530	0.0725	0.0677	0.0047	0.1163	0.0680	0.0483	0.0006	0.0000	0.0014	0.0000	0.0000	0.0000	0.0010	0.0000	0.0028	0.0056	0.0011	0.0171	0.0087	0.0020	0.1044	0.0036	0.0001	0.0086
31	44	0.2345	3	0	0	0	2	0	0	0	0	N	N	N	Y	N	N	N	N	N	N	N	N	0.9646	0.2757	2.7346	0.3557	0.4324	0.0001	1.0107	1.8922	2.7883	0.1095	0.0145	0.6529	0.0384	0.0402	0.0000	0.1187	0.0108	0.6764	0.1135	0.0528	0.2388	0.1079	0.0930	0.2174	0.1174	0.0057	0.2426	7.8411	2.1946	0.0018	0.0223	5.0045	1.0391	16.6627	15.0482	0.0040	0.0004	0.0035	0.0002	0.0002	0.0000	0.0038	0.0003	0.0035	0.0976	0.0306	0.0671	0.0383	0.0290	0.0093	0.0593	0.0015	0.0578	0.0363	0.0309	0.0054	0.0042	0.0040	0.0002	0.0322	0.0270	0.0052	0.8603	0.5794	0.2810	0.3552	0.3125	0.0427	0.5052	0.2669	0.2383	0.9646	0.2757	2.7346	0.3557	0.4324	0.0001	1.0107	1.8922	2.7883	0.1135	0.0528	0.2388	0.1079	0.0930	0.2174	0.1174	0.0057	0.2426
31	45	0.1140	2	0	1	0	1	0	0	0	0	N	N	N	N	N	N	N	N	N	N	N	N	2.6517	0.0001	7.8229	0.0019	0.0000	0.4355	2.0970	0.0001	8.3779	10.8362	0.0002	70.2214	0.0012	0.0000	0.0169	11.0867	0.0002	70.9577	4.0865	1.7368	8.9764	0.6454	0.7404	0.0389	5.2868	2.4590	8.4697	79909.6029	2.7418	2.2330	1.2532	5.0045	12.0036	16.6627	21.9053	3.9955	0.0000	3.9955	0.0000	0.0000	0.0000	3.9955	0.0000	3.9955	4.5674	1.2206	3.3467	0.2205	0.2187	0.0018	4.3469	1.0019	3.3449	0.3687	0.3118	0.0569	0.0083	0.0077	0.0006	0.3604	0.3041	0.0563	1.1639	0.7028	0.4610	0.3417	0.2954	0.0463	0.8222	0.4075	0.4148	2.7613	0.0001	9.6738	0.0019	0.0000	0.4355	2.0970	0.0001	8.7984	3.9243	1.7368	7.2590	0.6454	0.7404	0.0389	5.2868	2.4590	8.0648
31	46	0.5954	10	1	1	0	1	0	0	0	0	N	N	N	N	N	N	N	N	N	N	N	N	63601.9802	50942.0020	0.0000	119263.2689	108158.5503	0.0000	0.0000	0.0000	0.0000	30.9211	35.8458	0.0000	112.6935	122.4784	0.0000	0.0000	0.0000	0.0000	0.0005	0.0007	0.0000	0.0009	0.0011	0.0000	0.0000	0.0000	0.0000	0.0000	0.0049	-0.8808	-0.0000	5.0045	2.0120	16.6627	1.9924	1.9968	1.9968	0.0000	1.9968	1.9968	0.0000	0.0000	0.0000	0.0000	0.0001	0.0001	0.0000	0.0001	0.0001	0.0000	0.0000	0.0000	0.0000	0.0646	0.0557	0.0089	0.0177	0.0163	0.0014	0.0469	0.0394	0.0075	0.1043	0.0717	0.0326	0.0534	0.0446	0.0089	0.0509	0.0272	0.0237	63601.9802	50942.0020	0.0000	119263.2689	108158.5503	0.0000	0.0000	0.0000	0.0000	0.0005	0.0007	0.0000	0.0009	0.0011	0.0000	0.0000	0.0000	0.0000
31	47	0.2186	8	1	1	0	1	0	0	0	0	N	N	N	N	N	N	N	N	N	N	N	N	0.0000	0.0000	0.0000	0.0000	0.0000	0.0000	0.0000	0.0000	0.0000	0.0000	0.0000	0.0000	0.0000	0.0000	0.0000	0.0000	0.0000	0.0254	0.0402	0.0000	0.0753	0.0902	0.0000	0.0000	0.0000	0.0000	0.0000	0.0000	-0.0014	5.0045	0.0002	16.6627	4.0036	0.0000	0.0000	0.0000	0.0000	0.0000	0.0000	0.0000	0.0000	0.0000	0.0031	0.0031	0.0000	0.0031	0.0031	0.0000	0.0000	0.0000	0.0000	0.0000	0.0000	0.0000	0.0000	0.0000	0.0000	0.0000	0.0000	0.0000	0.1208	0.0764	0.0444	0.0408	0.0340	0.0068	0.0801	0.0424	0.0377	0.0000	0.0000	0.0000	0.0000	0.0000	0.0000	0.0000	0.0000	0.0000	0.0254	0.0402	0.0000	0.0753	0.0902	0.0000	0.0000	0.0000	0.0000		
31	48	0.1140	2	0	1	0	2	0	0	0	0	N	N	N	Y	N	N	N	N	N	N	N	N	0.0013	0.0065	0.0000	0.6362	4.4682	0.0000	0.0001	0.0002	0.0000	0.0056	0.0066	0.0000	0.2309	0.2484	0.0000	0.0003	0.0003	0.0000	4.3241	1.0243	13.6188	0.3630	0.0556	2.1604	5.4102	1.6146	11.4997	0.0001	5.5071	-0.0005	2.6115	5.0045	6.0036	16.6627	51.7820	0.0011	0.0010	0.0000	0.0010	0.0010	0.0000	0.0001	0.0001	0.0000	6.7315	1.0345	5.6970	0.1625	0.0213	0.1413	6.5690	1.0132	5.5558	0.1870	0.1579	0.0291	0.0043	0.0040	0.0003	0.1827	0.1539	0.0288	1.6620	1.0100	0.6520	0.4478	0.3824	0.0654	1.2142	0.6275	0.5866	0.0014	0.0065	0.0000	0.6362	4.4682	0.0000	0.0001	0.0002	0.0000	4.0502	1.0243	8.7374	0.3630	0.0556	2.1604	5.4102	1.6146	9.4706
31	49	0.1140	2	1	1	0	1	0	0	0	0	N	N	N	N	N	N	N	N	N	N	N	N	2.8516	0.0006	8.3331	0.0086	0.0109	0.0000	2.4938	0.0000	7.9813	5.3426	0.0003	34.2812	0.0092	0.0099	0.0000	5.4690	0.0000	34.6430	1.8735	0.4122	4.1139	1.0734	0.9088	2.0903	2.1930	0.0730	4.3405	25042.9045	6.5099	0.5578	0.9993	5.0045	5.9964	16.6627	34.6547	0.9981	0.0000	0.9981	0.0000	0.0000	0.0000	0.9981	0.0000	0.9981	2.4464	0.3258	2.1206	0.4000	0.2915	0.1085	2.0464	0.0343	2.0121	0.1868	0.1577	0.0291	0.0043	0.0040	0.0003	0.1825	0.1537	0.0288	1.3058	0.7903	0.5155	0.3727	0.3207	0.0519	0.9331	0.4696	0.4636	2.8516	0.0006	8.3331	0.0086	0.0109	0.0000	2.4938	0.0000	7.9813	1.8735	0.4122	4.1139	1.0734	0.9088	2.0903	2.1930	0.0730	4.3405
31	50	0.2036	3	0	0	1	1	0	0	0	0	N	N	N	N	N	N	N	N	N	N	N	N	2.8786	1.5009	8.1196	3.6414	0.0044	661.3380	2.5655	2.7355	7.0892	5.0906	1.1932	28.7405	4.2560	0.0056	102.5845	5.1525	1.2922	27.2182	1.7684	0.7950	3.5397	1.1688	1.2826	0.1551	2.0083	0.4724	3.8394	3.9697	2.4471	1.7769	1.0715	5.0045	31.2093	16.6627	46.3939	4.9679	0.9996	3.9683	0.2865	0.0004	0.2861	4.6815	0.9993	3.6822	4.2598	1.2357	3.0240	0.8046	0.7938	0.0108	3.4552	0.4420	3.0133	0.9759	0.8378	0.1381	0.0673	0.0645	0.0028	0.9086	0.7733	0.1353	2.4088	1.5545	0.8543	0.6884	0.6189	0.0695	1.7204	0.9356	0.7848	2.8786	1.5009	8.1196	3.6414	0.0044	661.3380	2.5655	2.7355	7.0892	1.7684	0.7950	3.5397	1.1688	1.2826	0.1551	2.0083	0.4724	3.8394
31	51	0.1508	3	0	1	0	1	0	0	0	0	N	N	N	N	N	N	N	N	N	N	N	N	0.0098	0.0000	0.0553	0.0000	0.0000	0.0000	0.0111	0.0000	0.0483	0.0141	0.0000	0.0965	0.0000	0.0000	0.0000	0.0156	0.0000	0.0987	1.4440	1.2888	1.7467	1.5030	1.6962	0.3643	1.4021	0.8176	2.0451	63925.5060	0.6946	0.0012	-0.0733	5.0045	4.1516	16.6627	14.5664	0.0021	0.0000	0.0021	0.0000	0.0000	0.0000	0.0021	0.0000	0.0021	1.5116	0.8920	0.6196	0.6526	0.6296	0.0229	0.8590	0.2624	0.5966	0.1512	0.1291	0.0221	0.0144	0.0139	0.0005	0.1367	0.1151	0.0216	1.0468	0.6921	0.3547	0.4342	0.3712	0.0630	0.6126	0.3209	0.2917	0.0098	0.0000	0.0553	0.0000	0.0000	0.0000	0.0111	0.0000	0.0483	1.4440	1.2888	1.7467	1.5030	1.6962	0.3643	1.4021	0.8176	2.0451
31	52	0.2313	5	1	0	1	1	0	0	0	0	N	N	N	N	N	N	N	N	N	N	N	N	0.0069	0.0000	0.4364	0.0814	0.0000	4.2199	0.0039	0.0000	0.2993	0.0001	0.0000	0.0008	0.0001	0.0000	0.0149	0.0001	0.0000	0.0004	0.0119	0.0164	0.0017	0.0012	0.0009	0.0035	0.0187	0.0318	0.0014	inf	0.0480	0.0000	-0.0002	5.0045	0.0028	16.6627	0.9232	0.0000	0.0000	0.0000	0.0000	0.0000	0.0000	0.0000	0.0000	0.0000	0.0005	0.0004	0.0000	0.0000	0.0000	0.0000	0.0004	0.0004	0.0000	0.0003	0.0003	0.0000	0.0001	0.0001	0.0000	0.0002	0.0002	0.0000	0.0380	0.0262	0.0118	0.0148	0.0130	0.0018	0.0232	0.0132	0.0100	0.0069	0.0000	0.4364	0.0814	0.0000	4.2199	0.0039	0.0000	0.2993	0.0119	0.0164	0.0017	0.0012	0.0009	0.0035	0.0187	0.0318	0.0014
31	53	0.6106	9	0	1	0	1	0	0	0	0	N	N	N	N	N	N	N	N	N	N	N	N	0.0044	0.0000	0.0817	0.0011	0.0000	0.0788	0.0188	0.0000	0.0815	0.0005	0.0000	0.0037	0.0002	0.0000	0.0035	0.0006	0.0000	0.0037	0.1083	0.1360	0.0450	0.1639	0.1859	0.0442	0.0311	0.0162	0.0454	2795.2204	0.1451	0.0001	-0.0382	5.0045	8.5400	16.6627	19.3759	0.0002	0.0000	0.0002	0.0000	0.0000	0.0000	0.0001	0.0000	0.0001	0.1153	0.1007	0.0146	0.1014	0.0971	0.0042	0.0139	0.0035	0.0104	0.3214	0.2797	0.0417	0.0850	0.0806	0.0044	0.2364	0.1991	0.0373	1.0645	0.7403	0.3242	0.6184	0.5223	0.0961	0.4460	0.2179	0.2281	0.0044	0.0000	0.0817	0.0011	0.0000	0.0788	0.0188	0.0000	0.0815	0.1083	0.1360	0.0450	0.1639	0.1859	0.0442	0.0311	0.0162	0.0454
31	54	0.5476	8	0	0	0	1	0	0	0	0	N	N	N	N	N	N	N	N	N	N	N	N	0.0014	0.0009	0.0118	0.0017	0.0015	0.0104	0.0045	0.0083	0.0104	0.0012	0.0010	0.0026	0.0025	0.0026	0.0009	0.0006	0.0002	0.0028	0.8666	1.1343	0.2198	1.4766	1.7137	0.0823	0.1418	0.0287	0.2706	0.3882	0.0802	-0.0001	-0.3868	5.0045	7.3474	16.6627	24.2346	0.0003	0.0002	0.0001	0.0002	0.0002	0.0000	0.0001	0.0000	0.0001	1.0070	0.9322	0.0748	0.9317	0.9241	0.0076	0.0753	0.0081	0.0672	0.2904	0.2533	0.0371	0.0832	0.0790	0.0042	0.2072	0.1743	0.0329	1.1620	0.8219	0.3401	0.6310	0.5393	0.0917	0.5310	0.2826	0.2484	0.0014	0.0009	0.0118	0.0017	0.0015	0.0104	0.0045	0.0083	0.0104	0.8666	1.1343	0.2198	1.4766	1.7137	0.0823	0.1418	0.0287	0.2706
31	55	0.5178	7	0	0	0	1	0	0	0	0	N	N	N	N	N	N	N	N	N	N	N	N	0.2826	0.1672	1.9371	0.3307	0.3096	0.0061	0.7367	0.0450	2.1318	0.2361	0.1712	0.6897	0.4529	0.4737	0.0020	0.1293	0.0004	0.7804	0.8357	1.0241	0.3560	1.3696	1.5303	0.3277	0.1755	0.0095	0.3661	0.5770	0.1366	-0.0027	-0.2726	5.0045	3.4216	16.6627	15.9376	0.0360	0.0228	0.0132	0.0228	0.0228	0.0000	0.0132	0.0000	0.0132	0.8059	0.7090	0.0968	0.7302	0.7068	0.0233	0.0757	0.0022	0.0735	0.1524	0.1333	0.0191	0.0503	0.0481	0.0022	0.1021	0.0852	0.0169	0.9643	0.6923	0.2719	0.5331	0.4619	0.0712	0.4311	0.2304	0.2007	0.2826	0.1672	1.9371	0.3307	0.3096	0.0061	0.7367	0.0450	2.1318	0.8357	1.0241	0.3560	1.3696	1.5303	0.3277	0.1755	0.0095	0.3661
31	56	0.2345	3	0	1	0	1	0	0	0	0	N	N	N	N	N	N	N	N	N	N	N	N	0.0645	0.0104	2.0362	0.5032	0.6529	0.0001	0.0428	0.0037	2.1500	0.0682	0.0156	0.3699	0.0423	0.0443	0.0000	0.0717	0.0113	0.3832	1.0585	1.5027	0.1817	0.0841	0.0678	0.2028	1.6755	3.0185	0.1782	4.1440	0.0612	0.0009	-0.4233	5.0045	0.9891	16.6627	20.6926	0.0024	0.0005	0.0019	0.0002	0.0002	0.0000	0.0022	0.0003	0.0019	1.0566	0.9956	0.0610	0.0325	0.0231	0.0095	1.0240	0.9725	0.0515	0.0347	0.0296	0.0052	0.0040	0.0039	0.0002	0.0307	0.0257	0.0050	0.9981	0.6625	0.3356	0.3870	0.3404	0.0466	0.6112	0.3222	0.2890	0.0645	0.0104	2.0362	0.5032	0.6529	0.0001	0.0428	0.0037	2.1500	1.0585	1.5027	0.1817	0.0841	0.0678	0.2028	1.6755	3.0185	0.1782
31	57	0.1140	2	0	0	0	1	0	0	0	0	N	N	N	N	N	N	N	N	N	N	N	N	3.7378	52.9261	3.2404	0.0067	0.0261	0.0000	2.8458	47.6518	3.8770	12.6752	7.5173	40.5618	0.0027	0.0029	0.0000	12.9782	7.7158	40.9902	3.3911	0.1420	12.5177	0.4033	0.1120	2.1749	4.5605	0.1619	10.5725	0.9980	38.4055	0.1166	2.4279	5.0045	5.0326	16.6627	39.3193	1.9972	0.9996	0.9976	0.0000	0.0000	0.0000	1.9972	0.9996	0.9976	4.7029	0.1193	4.5836	0.1573	0.0375	0.1198	4.5456	0.0818	4.4638	0.1576	0.1330	0.0246	0.0037	0.0034	0.0003	0.1539	0.1295	0.0243	1.3868	0.8403	0.5466	0.3901	0.3350	0.0551	0.9967	0.5052	0.4915	3.7378	52.9261	4.8368	0.0067	0.0261	0.0000	2.8458	47.6518	4.5133	3.3911	0.1420	8.3860	0.4033	0.1120	2.1749	4.5605	0.1619	9.0821
31	58	0.1140	2	0	1	0	2	0	0	0	0	N	N	N	Y	N	N	N	N	N	N	N	N	0.0000	0.0000	0.0000	0.0000	0.0000	0.0000	0.0000	0.0000	0.0000	0.0000	0.0000	0.0000	0.0000	0.0000	0.0000	0.0000	0.0000	0.0000	1.9945	0.1366	4.8453	0.1115	0.1153	0.0880	2.7420	0.1511	5.3783	inf	23.1115	0.0000	1.3264	5.0045	5.0036	16.6627	36.7244	0.0000	0.0000	0.0000	0.0000	0.0000	0.0000	0.0000	0.0000	0.0000	2.6519	0.1100	2.5420	0.0421	0.0375	0.0047	2.6098	0.0725	2.5373	0.1567	0.1322	0.0245	0.0037	0.0034	0.0003	0.1530	0.1288	0.0242	1.3296	0.8050	0.5246	0.3778	0.3249	0.0529	0.9518	0.4800	0.4718	0.0000	0.0000	0.0000	0.0000	0.0000	0.0000	0.0000	0.0000	0.0000	1.9945	0.1366	4.8453	0.1115	0.1153	0.0880	2.7420	0.1511	5.3783
31	59	0.4981	7	0	1	0	2	0	0	0	0	N	N	N	Y	N	N	N	N	N	N	N	N	0.0002	0.0001	0.0000	0.0000	0.0000	0.0000	0.0246	0.1126	0.0000	0.0001	0.0001	0.0000	0.0000	0.0000	0.0000	0.0002	0.0002	0.0000	0.7500	1.0553	0.0248	1.3246	1.5376	0.0581	0.0070	0.0018	0.0122	0.0000	0.0099	-0.0000	-0.5562	5.0045	10.4254	16.6627	21.2017	0.0001	0.0001	0.0000	0.0000	0.0000	0.0000	0.0001	0.0001	0.0000	1.2400	1.2278	0.0121	1.2349	1.2272	0.0078	0.0050	0.0007	0.0044	0.4359	0.3810	0.0549	0.1423	0.1351	0.0072	0.2936	0.2459	0.0478	1.6532	1.1634	0.4898	0.9323	0.7981	0.1342	0.7209	0.3653	0.3556	0.0002	0.0001	0.0000	0.0000	0.0000	0.0000	0.0246	0.1126	0.0000	0.7500	1.0553	0.0248	1.3246	1.5376	0.0581	0.0070	0.0018	0.0122
31	60	0.2313	5	1	0	1	1	0	0	0	0	N	N	N	N	N	N	N	N	N	N	N	N	0.0408	0.0336	0.0022	0.4825	0.5167	0.0000	0.0001	0.0000	0.0054	0.0001	0.0002	0.0000	0.0014	0.0015	0.0000	0.0000	0.0000	0.0000	0.0037	0.0052	0.0007	0.0029	0.0030	0.0027	0.0041	0.0072	0.0003	0.0015	0.0706	-0.0000	-0.0002	5.0045	1.9981	16.6627	3.0867	0.0000	0.0000	0.0000	0.0000	0.0000	0.0000	0.0000	0.0000	0.0000	0.0006	0.0006	0.0000	0.0002	0.0002	0.0000	0.0004	0.0004	0.0000	0.0668	0.0568	0.0100	0.0071	0.0065	0.0006	0.0597	0.0503	0.0094	0.1660	0.1087	0.0573	0.0603	0.0505	0.0098	0.1057	0.0582	0.0475	0.0408	0.0336	0.0022	0.4825	0.5167	0.0000	0.0001	0.0000	0.0054	0.0037	0.0052	0.0007	0.0029	0.0030	0.0027	0.0041	0.0072	0.0003
31	61	0.1880	4	1	0	1	1	0	0	0	0	N	N	N	N	N	N	N	N	N	N	N	N	0.0002	0.0000	0.0079	0.0000	0.0000	0.0000	0.0001	0.0000	0.0101	0.0003	0.0000	0.0020	0.0000	0.0000	0.0000	0.0003	0.0000	0.0021	1.7784	2.5883	0.2549	0.3810	0.3673	0.4516	2.6849	4.8525	0.2106	3148.4409	0.0524	0.0000	-0.4615	5.0045	4.0039	16.6627	14.0733	0.0000	0.0000	0.0000	0.0000	0.0000	0.0000	0.0000	0.0000	0.0000	1.1293	1.0731	0.0562	0.0952	0.0769	0.0183	1.0341	0.9963	0.0379	0.1334	0.1134	0.0199	0.0148	0.0136	0.0012	0.1186	0.0999	0.0187	0.6350	0.4146	0.2204	0.2498	0.2093	0.0405	0.3852	0.2053	0.1799	0.0002	0.0000	0.0079	0.0000	0.0000	0.0000	0.0001	0.0000	0.0101	1.7784	2.5883	0.2549	0.3810	0.3673	0.4516	2.6849	4.8525	0.2106
31	62	0.2074	5	1	0	1	1	0	0	0	0	N	N	N	N	N	N	N	N	N	N	N	N	0.0000	0.0000	0.0000	0.0000	0.0000	0.0000	0.0000	0.0000	0.0000	0.0000	0.0000	0.0000	0.0000	0.0000	0.0000	0.0000	0.0000	0.0000	2.1816	0.4179	5.3241	0.5913	0.7029	0.0590	3.1852	0.1336	6.5307	7.1497	0.0000	0.4746	5.0045	0.0060	16.6627	17.2393	0.0000	0.0000	0.0000	0.0000	0.0000	0.0000	0.0000	0.0000	0.0000	1.1330	0.1390	0.9939	0.1188	0.1168	0.0021	1.0141	0.0222	0.9919	0.0009	0.0008	0.0001	0.0004	0.0004	0.0000	0.0005	0.0004	0.0001	0.5193	0.3326	0.1867	0.2009	0.1661	0.0348	0.3184	0.1665	0.1519	0.0000	0.0000	0.0000	0.0000	0.0000	0.0000	0.0000	0.0000	0.0000	2.1816	0.4179	5.3241	0.5913	0.7029	0.0590	3.1852	0.1336	6.5307	
31	63	0.1508	3	0	0	1	1	0	0	0	0	N	N	N	N	N	N	N	N	N	N	N	N	0.0046	0.0712	0.0108	0.0006	0.1728	0.0000	0.0037	0.0000	0.0109	0.0099	0.0001	0.0748	0.0004	0.0004	0.0000	0.0124	0.0000	0.0769	2.1555	0.0013	6.9026	0.6710	0.0023	4.5666	3.3698	0.0000	7.0657	120.1855	2424.0946	0.0003	1.0543	5.0045	1.0230	16.6627	12.1924	0.0005	0.0000	0.0005	0.0000	0.0000	0.0000	0.0005	0.0000	0.0005	1.9479	0.0008	1.9471	0.2728	0.0008	0.2720	1.6751	0.0000	1.6751	0.0518	0.0450	0.0068	0.0108	0.0106	0.0002	0.0410	0.0344	0.0066	0.9037	0.6070	0.2966	0.4066	0.3470	0.0596	0.4971	0.2600	0.2371	0.0046	0.0712	0.0114	0.0006	0.1728	0.0000	0.0037	0.0000	0.0109	2.1555	0.0013	6.5639	0.6710	0.0023	4.5666	3.3698	0.0000	7.0657
31	64	0.1140	2	0	0	0	1	0	0	0	0	N	N	N	N	N	N	N	N	N	N	N	N	2.7937	0.0000	5.5901	0.0087	0.0000	0.0178	2.1574	0.0000	6.6464	12.8568	0.0000	81.9873	0.0052	0.0000	0.0782	13.1814	0.0000	82.8524	4.6020	0.7687	14.6666	0.5961	0.1204	4.3803	6.1099	1.4493	12.4657	37176092.2995	8.2264	0.5606	1.2240	5.0045	2.4556	16.6627	12.4191	1.0030	0.0000	1.0030	0.0000	0.0000	0.0000	1.0030	0.0000	1.0030	2.8251	0.3062	2.5189	0.1369	0.0246	0.1123	2.6882	0.2816	2.4066	0.0780	0.0658	0.0122	0.0019	0.0018	0.0001	0.0761	0.0640	0.0121	0.6696	0.3983	0.2713	0.2296	0.2040	0.0256	0.4400	0.1943	0.2456	3.0474	0.0000	8.8302	0.0087	0.0000	0.0178	2.1574	0.0000	8.4570	4.2190	0.7687	9.2848	0.5961	0.1204	4.3803	6.1099	1.4493	9.7969
31	65	0.2364	4	0	1	0	1	0	0	0	0	N	N	N	N	N	N	N	N	N	N	N	N	0.3521	2.2221	0.1710	0.7488	1.4599	0.0006	0.2902	82.1435	0.1873	0.0068	0.0065	0.0086	0.0100	0.0104	0.0001	0.0063	0.0058	0.0089	0.0193	0.0029	0.0502	0.0134	0.0071	0.0983	0.0216	0.0001	0.0473	0.2088	9.0671	-0.0001	0.0046	5.0045	1.7555	16.6627	11.9300	0.0004	0.0004	0.0001	0.0001	0.0001	0.0000	0.0004	0.0003	0.0001	0.0104	0.0010	0.0094	0.0021	0.0010	0.0010	0.0083	0.0000	0.0083	0.0659	0.0569	0.0090	0.0090	0.0087	0.0003	0.0569	0.0482	0.0087	0.5389	0.3526	0.1863	0.1540	0.1434	0.0107	0.3848	0.2092	0.1756	0.3521	2.2221	0.1710	0.7488	1.4599	0.0006	0.2902	82.1435	0.1873	0.0193	0.0029	0.0502	0.0134	0.0071	0.0983	0.0216	0.0001	0.0473
31	66	0.2154	6	1	1	1	1	0	0	0	0	N	N	N	N	N	N	N	N	N	N	N	N	0.0000	0.0000	0.0000	0.0000	0.0000	0.0000	0.0000	0.0000	0.0000	0.0000	0.0000	0.0000	0.0000	0.0000	0.0000	0.0000	0.0000	0.0000	0.0000	0.0000	5.0045	0.0000	16.6627	0.0000	0.0000	0.0000	0.0000	0.0000	0.0000	0.0000	0.0000	0.0000	0.0000	0.0000	0.0000	0.0000	0.0000	0.0000	0.0000	0.0000	0.0000	0.0000	0.0000	0.0000	0.0000	0.0000	0.0000	0.0000	0.0000	0.0000	0.0000	0.0000	0.0000	0.0000	0.0000	0.0000	0.0000	0.0000	0.0000	0.0000	0.0000	0.0000	0.0000	0.0000	0.0000	0.0000	0.0000	0.0000	0.0000	0.0000	0.0000	0.0000	0.0000	0.0000	0.0000	0.0000	0.0000	0.0000											
31	67	0.7199	9	1	1	1	1	0	0	0	0	N	N	N	N	N	N	N	N	N	N	N	N	0.0000	0.0000	0.0000	0.0000	0.0000	0.0000	0.0000	0.0000	0.0000	0.0000	0.0000	0.0000	0.0000	0.0002	0.0003	0.0000	0.0004	0.0005	0.0000	0.0000	0.0000	0.0000	0.0000	0.0000	-0.0000	5.0045	1.0000	16.6627	3.0000	0.0000	0.0000	0.0000	0.0000	0.0000	0.0000	0.0000	0.0000	0.0000	0.0000	0.0000	0.0000	0.0000	0.0000	0.0000	0.0000	0.0000	0.0000	0.0267	0.0231	0.0035	0.0073	0.0068	0.0006	0.0193	0.0164	0.0030	0.0973	0.0685	0.0288	0.0520	0.0444	0.0076	0.0453	0.0241	0.0212	0.0000	0.0000	0.0000	0.0000	0.0000	0.0000	0.0000	0.0000	0.0000	0.0002	0.0003	0.0000	0.0004	0.0005	0.0000	0.0000	0.0000	0.0000						
31	68	0.2154	6	1	1	1	1	0	0	0	0	N	N	N	N	N	N	N	N	N	N	N	N	0.0000	0.0000	0.0000	0.0000	0.0000	0.0000	0.0000	0.0000	0.0000	0.0000	0.0000	0.0000	0.0000	0.0000	0.0000	0.0000	0.0000	0.0000	0.0000	0.0000	5.0045	1.0000	16.6627	0.0000	0.0000	0.0000	0.0000	0.0000	0.0000	0.0000	0.0000	0.0000	0.0000	0.0000	0.0000	0.0000	0.0000	0.0000	0.0000	0.0000	0.0000	0.0000	0.0333	0.0283	0.0050	0.0035	0.0032	0.0003	0.0299	0.0252	0.0047	0.0308	0.0197	0.0111	0.0122	0.0101	0.0021	0.0186	0.0097	0.0090	0.0000	0.0000	0.0000	0.0000	0.0000	0.0000	0.0000	0.0000	0.0000	0.0000	0.0000	0.0000	0.0000	0.0000	0.0000	0.0000	0.0000	0.0000											
31	69	0.1990	5	1	1	1	1	0	0	0	0	N	N	N	N	N	N	N	N	N	N	N	N	0.0000	0.0000	0.0000	0.0000	0.0000	0.0000	0.0000	0.0000	0.0000	0.0000	0.0000	0.0000	0.0000	0.0000	0.0000	0.0000	0.0000	0.0000	0.0601	0.0888	0.0011	0.0385	0.0449	0.0001	0.0733	0.1300	0.0013	0.0061	-0.0000	-0.0068	5.0045	1.0155	16.6627	5.9708	0.0000	0.0000	0.0000	0.0000	0.0000	0.0000	0.0000	0.0000	0.0000	0.0150	0.0149	0.0001	0.0037	0.0037	0.0000	0.0114	0.0113	0.0001	0.0360	0.0307	0.0053	0.0045	0.0042	0.0003	0.0315	0.0265	0.0050	0.2501	0.1683	0.0819	0.0949	0.0815	0.0134	0.1552	0.0868	0.0684	0.0000	0.0000	0.0000	0.0000	0.0000	0.0000	0.0000	0.0000	0.0000	0.0601	0.0888	0.0011	0.0385	0.0449	0.0001	0.0733	0.1300	0.0013	
31	70	0.1942	4	1	0	1	1	0	0	0	0	N	N	N	N	N	N	N	N	N	N	N	N	0.0000	0.0000	0.0010	0.0006	0.0005	0.0162	0.0000	0.0000	0.0003	0.0000	0.0000	0.0000	0.0001	0.0001	0.0006	0.0000	0.0000	0.0000	0.8380	1.1553	0.0413	0.1059	0.1116	0.0357	1.4462	2.6367	0.0421	0.2154	0.0143	-0.0000	-0.0687	5.0045	0.0406	16.6627	2.3361	0.0000	0.0000	0.0000	0.0000	0.0000	0.0000	0.0000	0.0000	0.0000	0.1546	0.1524	0.0022	0.0089	0.0086	0.0002	0.1457	0.1438	0.0019	0.0036	0.0032	0.0004	0.0013	0.0013	0.0000	0.0023	0.0019	0.0004	0.1845	0.1319	0.0525	0.0837	0.0774	0.0063	0.1008	0.0545	0.0462	0.0000	0.0000	0.0010	0.0006	0.0005	0.0162	0.0000	0.0000	0.0003	0.8380	1.1553	0.0413	0.1059	0.1116	0.0357	1.4462	2.6367	0.0421
31	71	0.7199	9	1	1	1	1	0	0	0	0	N	N	N	N	N	N	N	N	N	N	N	N	0.0000	0.0000	0.0000	0.0000	0.0000	0.0000	0.0000	0.0000	0.0000	0.0000	0.0000	0.0000	0.0000	0.0000	0.0000	0.0000	0.0000	0.0000	0.0000	0.0000	5.0045	0.0000	16.6627	0.0000	0.0000	0.0000	0.0000	0.0000	0.0000	0.0000	0.0000	0.0000	0.0000	0.0000	0.0000	0.0000	0.0000	0.0000	0.0000	0.0000	0.0000	0.0000	0.0000	0.0000	0.0000	0.0000	0.0000	0.0000	0.0000	0.0000	0.0000	0.0000	0.0000	0.0000	0.0000	0.0000	0.0000	0.0000	0.0000	0.0000	0.0000	0.0000	0.0000	0.0000	0.0000	0.0000	0.0000	0.0000	0.0000	0.0000	0.0000	0.0000	0.0000	0.0000	0.0000	0.0000	0.0000	0.0000											
31	72	0.7019	8	1	1	1	1	0	0	0	0	N	N	N	N	N	N	N	N	N	N	N	N	0.0000	0.0000	0.0000	0.0000	0.0000	0.0000	0.0000	0.0000	0.0000	0.0000	0.0000	0.0000	0.0000	0.0000	0.0000	0.0000	0.0000	0.0000	0.0010	0.0007	0.0017	0.0013	0.0009	0.0032	0.0006	0.0003	0.0010	0.8734	0.0000	0.0000	5.0045	3.9057	16.6627	1.1104	0.0000	0.0000	0.0000	0.0000	0.0000	0.0000	0.0000	0.0000	0.0000	0.0002	0.0001	0.0001	0.0001	0.0001	0.0000	0.0000	0.0000	0.0000	0.1182	0.1027	0.0155	0.0346	0.0322	0.0024	0.0836	0.0704	0.0132	0.1644	0.1194	0.0450	0.0954	0.0811	0.0142	0.0690	0.0383	0.0307	0.0000	0.0000	0.0000	0.0000	0.0000	0.0000	0.0000	0.0000	0.0000	0.0010	0.0007	0.0017	0.0013	0.0009	0.0032	0.0006	0.0003	0.0010	
31	73	0.4991	6	1	1	0	1	0	0	0	0	N	N	N	N	N	N	N	N	N	N	N	N	0.0144	0.0826	0.0147	0.0214	0.0966	0.0000	0.0106	0.1012	0.0210	0.0002	0.0002	0.0007	0.0003	0.0003	0.0000	0.0002	0.0001	0.0009	0.0164	0.0021	0.0497	0.0118	0.0028	0.0630	0.0213	0.0009	0.0451	0.5453	10.2032	-0.0000	0.0062	5.0045	6.9070	16.6627	16.5673	0.0001	0.0001	0.0000	0.0000	0.0000	0.0000	0.0000	0.0000	0.0000	0.0137	0.0012	0.0125	0.0051	0.0010	0.0041	0.0086	0.0002	0.0084	0.3589	0.3179	0.0410	0.1524	0.1432	0.0093	0.2065	0.1747	0.0317	0.8350	0.5838	0.2511	0.4315	0.3669	0.0646	0.4034	0.2169	0.1865	0.0144	0.0826	0.0147	0.0214	0.0966	0.0000	0.0106	0.1012	0.0210	0.0164	0.0021	0.0497	0.0118	0.0028	0.0630	0.0213	0.0009	0.0451
31	74	0.5630	8	0	1	0	2	0	0	0	0	N	N	N	Y	N	N	N	N	N	N	N	N	0.5614	0.0001	1.4436	0.6166	0.0003	3.4151	0.4062	0.0001	1.1821	0.0062	0.0000	0.0430	0.0041	0.0000	0.0601	0.0068	0.0000	0.0412	0.0111	0.0033	0.0298	0.0066	0.0046	0.0176	0.0167	0.0007	0.0349	21268.5008	3.7650	0.0007	0.0029	5.0045	6.4226	16.6627	19.3377	0.0013	0.0000	0.0013	0.0002	0.0000	0.0002	0.0011	0.0000	0.0011	0.0088	0.0018	0.0069	0.0029	0.0017	0.0012	0.0059	0.0001	0.0057	0.2136	0.1827	0.0309	0.0442	0.0412	0.0030	0.1694	0.1415	0.0279	0.7933	0.5602	0.2331	0.4412	0.3730	0.0682	0.3521	0.1871	0.1650	0.5614	0.0001	1.4436	0.6166	0.0003	3.4151	0.4062	0.0001	1.1821	0.0111	0.0033	0.0298	0.0066	0.0046	0.0176	0.0167	0.0007	0.0349
31	75	0.5178	7	0	0	0	2	0	0	0	0	N	N	N	Y	N	N	N	N	N	N	N	N	11.0851	0.0531	25.8330	0.2462	0.0453	1.0935	7.8682	0.0950	22.7987	4.8062	0.0018	37.1599	0.0204	0.0019	0.3695	6.8025	0.0018	41.9194	0.4336	0.0344	1.4385	0.0829	0.0423	0.3379	0.8646	0.0188	1.8387	3022.2424	16.6199	0.5529	0.2175	5.0045	5.1932	16.6627	17.4397	0.9899	0.0003	0.9896	0.0012	0.0001	0.0011	0.9887	0.0002	0.9885	0.4485	0.0255	0.4230	0.0473	0.0208	0.0265	0.4012	0.0047	0.3965	0.2060	0.1793	0.0266	0.0606	0.0576	0.0031	0.1453	0.1218	0.0236	1.0344	0.7403	0.2941	0.5703	0.4919	0.0784	0.4640	0.2484	0.2157	11.0851	0.0531	25.8330	0.2462	0.0453	1.0935	7.8682	0.0950	22.7987	0.4336	0.0344	1.4385	0.0829	0.0423	0.3379	0.8646	0.0188	1.8387
31	76	0.4808	6	0	0	0	1	0	0	0	0	N	N	N	N	N	N	N	N	N	N	N	N	0.4548	0.0965	0.7470	0.1580	0.2024	0.0769	0.3493	0.0703	0.6722	1.3485	0.0743	9.6113	0.2153	0.2141	0.2389	1.8037	0.0099	10.6676	2.9649	0.7694	12.8665	1.3628	1.0577	3.1054	5.1637	0.1412	15.8688	19.9574	4.3649	0.1286	1.3586	5.0045	4.4918	16.6627	17.5337	0.2517	0.0120	0.2397	0.0115	0.0109	0.0006	0.2402	0.0011	0.2391	3.8244	0.7129	3.1116	1.0170	0.6717	0.3453	2.8074	0.0412	2.7663	0.1866	0.1617	0.0249	0.0535	0.0510	0.0025	0.1331	0.1107	0.0224	1.2899	0.9265	0.3634	0.7462	0.6350	0.1112	0.5437	0.2915	0.2522	0.4548	0.0965	1.1224	0.1580	0.2024	0.0769	0.3493	0.0703	0.9725	2.9649	0.7694	8.5631	1.3628	1.0577	3.1054	5.1637	0.1412	10.9694
31	77	0.0911	3	0	0	0	2	0	0	0	0	N	N	N	Y	N	N	N	N	N	N	N	N	0.0034	0.0002	0.0058	0.0005	0.0005	0.0000	0.0037	0.0000	0.0066	0.0266	0.0000	0.1839	0.0002	0.0002	0.0000	0.0320	0.0000	0.1851	7.7039	0.2440	31.5300	0.4724	0.4706	0.5597	8.5907	0.0000	28.0758	644.8872	41.4992	0.0003	2.8853	5.0045	0.3745	16.6627	14.7996	0.0005	0.0000	0.0005	0.0000	0.0000	0.0000	0.0005	0.0000	0.0005	5.5689	0.1310	5.4379	0.1343	0.1310	0.0032	5.4347	0.0000	5.4347	0.0179	0.0153	0.0026	0.0031	0.0031	0.0000	0.0148	0.0123	0.0026	0.9168	0.5371	0.3797	0.2842	0.2784	0.0058	0.6326	0.2587	0.3740	0.0044	0.0002	0.0128	0.0005	0.0005	0.0000	0.0037	0.0000	0.0127	6.0744	0.2440	14.3206	0.4724	0.4706	0.5597	8.5907	0.0000	14.5324
31	78	0.0688	2	0	0	0	2	0	0	0	0	N	N	N	Y	N	N	N	N	N	N	N	N	0.0197	0.0180	0.0382	0.1736	0.1724	0.0000	0.0092	0.0000	0.0380	0.0150	0.0112	0.0362	0.1721	0.1723	0.0000	0.0058	0.0000	0.0362	0.7631	0.6242	0.9483	0.9913	0.9991	0.4663	0.6343	0.0075	0.9543	0.5771	1.1393	-0.0001	0.0605	5.0045	1.4595	16.6627	10.3922	0.0008	0.0005	0.0003	0.0005	0.0005	0.0000	0.0003	0.0000	0.0003	0.8152	0.3811	0.4342	0.3820	0.3793	0.0026	0.4333	0.0017	0.4315	0.0543	0.0460	0.0083	0.0030	0.0030	0.0000	0.0513	0.0430	0.0082	1.0683	0.6105	0.4578	0.3853	0.3797	0.0056	0.6830	0.2308	0.4522	0.0197	0.0180	0.0382	0.1736	0.1724	0.0000	0.0092	0.0000	0.0380	0.7631	0.6242	0.9483	0.9913	0.9991	0.4663	0.6343	0.0075	0.9543
31	81	0.6546	8	0	1	1	1	0	0	0	0	N	N	N	N	N	N	N	N	N	N	N	N	0.0039	0.0071	0.0000	0.0067	0.0110	0.0000	0.0004	0.0261	0.0000	0.0000	0.0000	0.0000	0.0000	0.0000	0.0000	0.0000	0.0000	0.0000	0.0002	0.0001	0.0004	0.0003	0.0002	0.0007	0.0001	0.0000	0.0002	0.0000	1.2350	-0.0000	0.0000	5.0045	2.0162	16.6627	4.5500	0.0000	0.0000	0.0000	0.0000	0.0000	0.0000	0.0000	0.0000	0.0000	0.0000	0.0000	0.0000	0.0000	0.0000	0.0000	0.0000	0.0000	0.0000	0.0740	0.0647	0.0094	0.0314	0.0293	0.0021	0.0426	0.0354	0.0073	0.2092	0.1490	0.0603	0.1346	0.1067	0.0278	0.0746	0.0422	0.0324	0.0039	0.0071	0.0000	0.0067	0.0110	0.0000	0.0004	0.0261	0.0000	0.0002	0.0001	0.0004	0.0003	0.0002	0.0007	0.0001	0.0000	0.0002
31	82	0.2220	6	0	1	1	1	0	0	0	0	N	N	N	N	N	N	N	N	N	N	N	N	0.9275	0.7406	0.0000	0.0000	0.0000	0.0000	23.4217	78.0211	0.0000	0.0031	0.0036	0.0000	0.0000	0.0000	0.0000	0.0035	0.0042	0.0000	0.0033	0.0049	0.0002	0.0078	0.0091	0.0001	0.0002	0.0001	0.0003	0.0000	0.0242	-0.0001	-0.0004	5.0045	3.0011	16.6627	3.7015	0.0003	0.0003	0.0000	0.0000	0.0000	0.0000	0.0003	0.0003	0.0000	0.0009	0.0008	0.0000	0.0008	0.0008	0.0000	0.0000	0.0000	0.0000	0.0997	0.0849	0.0148	0.0120	0.0111	0.0009	0.0876	0.0738	0.0139	0.2585	0.1716	0.0869	0.1084	0.0920	0.0164	0.1501	0.0795	0.0706	0.9275	0.7406	0.0000	0.0000	0.0000	0.0000	23.4217	78.0211	0.0000	0.0033	0.0049	0.0002	0.0078	0.0091	0.0001	0.0002	0.0001	0.0003
31	83	0.2106	5	0	1	0	1	0	0	0	0	N	N	N	N	N	N	N	N	N	N	N	N	215.9646	177.5810	0.0000	0.0087	0.0084	0.0000	6434.0068	98274.9123	0.0000	14.8177	17.4133	0.0000	0.0013	0.0014	0.0000	16.7693	19.9280	0.0000	0.0686	0.0981	0.0063	0.1530	0.1722	0.0120	0.0026	0.0002	0.0052	0.0000	0.0305	-0.4395	-0.0101	5.0045	2.0032	16.6627	4.2039	0.9964	0.9964	0.0000	0.0000	0.0000	0.0000	0.9963	0.9963	0.0000	0.0235	0.0228	0.0007	0.0230	0.0228	0.0002	0.0005	0.0000	0.0005	0.0672	0.0572	0.0100	0.0078	0.0072	0.0006	0.0594	0.0500	0.0094	0.3425	0.2326	0.1100	0.1503	0.1323	0.0180	0.1922	0.1002	0.0920	215.9646	177.5810	0.0000	0.0087	0.0084	0.0000	6434.0068	98274.9123	0.0000	0.0686	0.0981	0.0063	0.1530	0.1722	0.0120	0.0026	0.0002	0.0052
31	84	0.2074	5	1	0	1	1	0	0	0	0	N	N	N	N	N	N	N	N	N	N	N	N	0.0000	0.0000	0.0000	0.0000	0.0000	0.0000	0.0000	0.0000	0.0000	0.0000	0.0000	0.0000	0.0000	0.0000	0.0000	0.0000	0.0000	0.0000	0.1198	0.1783	0.0146	0.0397	0.0401	0.0377	0.1739	0.3326	0.0096	0.0456	0.0000	-0.0102	5.0045	1.0052	16.6627	4.9545	0.0000	0.0000	0.0000	0.0000	0.0000	0.0000	0.0000	0.0000	0.0000	0.0247	0.0236	0.0011	0.0033	0.0028	0.0005	0.0214	0.0208	0.0006	0.0344	0.0293	0.0051	0.0046	0.0043	0.0003	0.0298	0.0250	0.0048	0.2059	0.1324	0.0735	0.0830	0.0698	0.0132	0.1229	0.0625	0.0604	0.0000	0.0000	0.0000	0.0000	0.0000	0.0000	0.0000	0.0000	0.0000	0.1198	0.1783	0.0146	0.0397	0.0401	0.0377	0.1739	0.3326	0.0096	
31	85	0.1880	4	1	0	1	1	0	0	0	0	N	N	N	N	N	N	N	N	N	N	N	N	0.0000	0.0000	0.0000	0.0000	0.0000	0.0000	0.0000	0.0000	0.0000	0.0000	0.0000	0.0000	0.0000	0.0000	0.0000	0.0000	0.0000	0.0000	2.7571	3.9865	0.3517	0.1104	0.0065	0.7247	4.6573	8.6619	0.2705	0.0451	0.0000	-0.4240	5.0045	0.9968	16.6627	7.6169	0.0000	0.0000	0.0000	0.0000	0.0000	0.0000	0.0000	0.0000	0.0000	1.0211	0.9771	0.0441	0.0171	0.0009	0.0162	1.0041	0.9762	0.0278	0.0338	0.0288	0.0051	0.0039	0.0036	0.0003	0.0299	0.0252	0.0048	0.3704	0.2451	0.1253	0.1548	0.1324	0.0224	0.2156	0.1127	0.1029	0.0000	0.0000	0.0000	0.0000	0.0000	0.0000	0.0000	0.0000	0.0000	2.7571	3.9865	0.3517	0.1104	0.0065	0.7247	4.6573	8.6619	0.2705	
31	86	0.2080	3	1	1	0	1	0	0	0	0	N	N	N	N	N	N	N	N	N	N	N	N	0.0001	0.0035	0.0000	0.0033	0.0113	0.0000	0.0000	0.0001	0.0000	0.0000	0.0000	0.0000	0.0000	0.0000	0.0000	0.0000	0.0000	0.0000	0.0309	0.0014	0.1055	0.0073	0.0022	0.0486	0.0526	0.0003	0.1182	0.0001	28.8798	-0.0000	0.0119	5.0045	5.8060	16.6627	6.1034	0.0000	0.0000	0.0000	0.0000	0.0000	0.0000	0.0000	0.0000	0.0000	0.0234	0.0008	0.0226	0.0026	0.0007	0.0019	0.0208	0.0001	0.0207	0.2288	0.1948	0.0339	0.0411	0.0389	0.0022	0.1877	0.1559	0.0317	0.7576	0.5428	0.2147	0.3619	0.3225	0.0394	0.3957	0.2203	0.1754	0.0001	0.0035	0.0000	0.0033	0.0113	0.0000	0.0000	0.0001	0.0000	0.0309	0.0014	0.1055	0.0073	0.0022	0.0486	0.0526	0.0003	0.1182
31	87	0.1140	2	1	1	0	1	0	0	0	0	N	N	N	N	N	N	N	N	N	N	N	N	0.0009	0.0021	0.0005	0.1117	0.1046	0.0000	0.0003	0.0004	0.0004	0.0033	0.0033	0.0031	0.0934	0.1006	0.0000	0.0012	0.0008	0.0032	3.4576	1.5506	6.3633	0.8364	0.9614	0.0367	4.5501	1.9797	7.0692	0.1743	2.6933	-0.0004	1.0808	5.0045	12.2869	16.6627	21.7146	0.0012	0.0010	0.0002	0.0008	0.0008	0.0000	0.0004	0.0003	0.0002	3.9900	1.0804	2.9097	0.2839	0.2822	0.0017	3.7061	0.7981	2.9080	0.3716	0.3143	0.0573	0.0084	0.0078	0.0006	0.3632	0.3065	0.0567	1.1540	0.6967	0.4573	0.3395	0.2936	0.0459	0.8145	0.4032	0.4114	0.0009	0.0021	0.0005	0.1117	0.1046	0.0000	0.0003	0.0004	0.0004	3.4576	1.5506	6.3633	0.8364	0.9614	0.0367	4.5501	1.9797	7.0692
31	88	0.2106	5	0	1	0	1	0	0	0	0	N	N	N	N	N	N	N	N	N	N	N	N	0.1357	9.0975	0.0000	1.1989	38.2832	0.0000	0.0000	0.0000	0.0000	0.0110	0.0130	0.0000	0.0956	0.1036	0.0000	0.0000	0.0000	0.0000	0.0814	0.0014	0.2395	0.0797	0.0027	0.5384	0.0825	0.0000	0.1761	0.0000	84.8949	-0.0006	0.0231	5.0045	4.0005	16.6627	9.0093	0.0015	0.0015	0.0000	0.0015	0.0015	0.0000	0.0000	0.0000	0.0000	0.0436	0.0005	0.0431	0.0175	0.0005	0.0170	0.0261	0.0000	0.0261	0.1328	0.1131	0.0198	0.0153	0.0142	0.0012	0.1175	0.0989	0.0186	0.5357	0.3558	0.1799	0.2189	0.1874	0.0315	0.3168	0.1683	0.1484	0.1357	9.0975	0.0000	1.1989	38.2832	0.0000	0.0000	0.0000	0.0000	0.0814	0.0014	0.2395	0.0797	0.0027	0.5384	0.0825	0.0000	0.1761
31	89	0.1880	4	0	1	0	1	0	0	0	0	N	N	N	N	N	N	N	N	N	N	N	N	0.5333	1.0411	0.0136	0.0000	0.0000	0.0000	0.7725	27.4426	0.0160	0.0430	0.0503	0.0019	0.0000	0.0000	0.0000	0.0486	0.0574	0.0021	0.0806	0.0483	0.1433	0.1060	0.0891	0.2022	0.0629	0.0021	0.1303	0.0068	1.5329	-0.0006	0.0050	5.0045	1.0051	16.6627	9.2650	0.0015	0.0015	0.0000	0.0000	0.0000	0.0000	0.0015	0.0015	0.0000	0.0337	0.0133	0.0204	0.0182	0.0130	0.0052	0.0155	0.0003	0.0152	0.0341	0.0290	0.0051	0.0039	0.0036	0.0003	0.0302	0.0254	0.0048	0.4182	0.2757	0.1424	0.1721	0.1464	0.0257	0.2461	0.1293	0.1167	0.5333	1.0411	0.0136	0.0000	0.0000	0.0000	0.7725	27.4426	0.0160	0.0806	0.0483	0.1433	0.1060	0.0891	0.2022	0.0629	0.0021	0.1303
31	90	0.2364	4	0	0	1	1	0	0	0	0	N	N	N	N	N	N	N	N	N	N	N	N	0.0263	0.0186	0.1164	0.0142	0.0140	0.0003	0.2053	48.8870	0.1311	0.0052	0.0050	0.0065	0.0086	0.0089	0.0000	0.0048	0.0044	0.0067	0.1998	0.2717	0.0560	0.6039	0.6341	0.1356	0.0233	0.0001	0.0514	0.2088	0.1031	-0.0001	-0.0304	5.0045	2.3559	16.6627	7.1930	0.0004	0.0004	0.0001	0.0001	0.0001	0.0000	0.0004	0.0003	0.0001	0.0832	0.0754	0.0078	0.0764	0.0754	0.0010	0.0068	0.0000	0.0067	0.0852	0.0733	0.0118	0.0105	0.0101	0.0004	0.0747	0.0632	0.0115	0.4163	0.2776	0.1388	0.1266	0.1189	0.0077	0.2898	0.1587	0.1311	0.0263	0.0186	0.1164	0.0142	0.0140	0.0003	0.2053	48.8870	0.1311	0.1998	0.2717	0.0560	0.6039	0.6341	0.1356	0.0233	0.0001	0.0514
31	91	0.2036	3	0	0	0	1	0	0	0	0	N	N	N	N	N	N	N	N	N	N	N	N	2.4579	87.8273	0.0124	3.9339	15.5315	0.0003	1.8663	769.6442	0.0121	2.8971	3.3077	0.0469	0.9887	1.0017	0.0007	3.4214	4.0492	0.0480	1.1787	0.0377	3.7853	0.2513	0.0645	2.3858	1.8332	0.0053	3.9572	0.0020	43.9998	-0.3287	0.7155	5.0045	4.9284	16.6627	11.0439	0.7487	0.7471	0.0015	0.0551	0.0551	0.0000	0.6936	0.6921	0.0015	1.3775	0.0306	1.3469	0.1215	0.0287	0.0928	1.2560	0.0019	1.2540	0.2584	0.2259	0.0325	0.0557	0.0550	0.0007	0.2027	0.1709	0.0318	1.1686	0.8128	0.3558	0.4835	0.4446	0.0389	0.6851	0.3682	0.3169	2.4579	87.8273	0.0124	3.9339	15.5315	0.0003	1.8663	769.6442	0.0121	1.1787	0.0377	3.7853	0.2513	0.0645	2.3858	1.8332	0.0053	3.9572
31	92	0.1140	2	0	0	0	1	0	0	0	0	N	N	N	N	N	N	N	N	N	N	N	N	1.9062	11.5467	0.4715	0.0026	0.0126	0.0004	1.5429	8.3475	0.4762	2.5419	2.7508	1.4149	0.0013	0.0013	0.0011	2.6036	2.8247	1.4299	1.3335	0.2382	3.0008	0.4898	0.1020	2.9839	1.6874	0.3384	3.0027	0.0954	8.2745	-0.1110	0.6556	5.0045	3.9161	16.6627	29.2065	0.3135	0.2862	0.0273	0.0000	0.0000	0.0000	0.3135	0.2862	0.0273	1.5113	0.1630	1.3483	0.1640	0.0296	0.1345	1.3473	0.1334	1.2139	0.1233	0.1040	0.0193	0.0029	0.0027	0.0002	0.1204	0.1013	0.0191	1.1333	0.6840	0.4493	0.3349	0.2898	0.0451	0.7984	0.3941	0.4043	1.9062	11.5467	0.4715	0.0026	0.0126	0.0004	1.5429	8.3475	0.4762	1.3335	0.2382	3.0008	0.4898	0.1020	2.9839	1.6874	0.3384	3.0027
31	93	0.6546	8	1	1	0	1	0	0	0	0	N	N	N	N	N	N	N	N	N	N	N	N	0.0000	0.0000	0.0000	0.0000	0.0000	0.0000	0.0000	0.0000	0.0000	0.0000	0.0000	0.0000	0.0000	0.0000	0.0000	0.0000	0.0000	0.0000	0.0460	0.0494	0.0379	0.0444	0.0400	0.0624	0.0487	0.0715	0.0197	0.1226	0.3134	-0.0000	-0.0028	5.0045	2.5103	16.6627	7.4742	0.0000	0.0000	0.0000	0.0000	0.0000	0.0000	0.0000	0.0000	0.0000	0.0127	0.0097	0.0030	0.0076	0.0055	0.0021	0.0051	0.0042	0.0009	0.0880	0.0768	0.0112	0.0369	0.0343	0.0026	0.0512	0.0426	0.0086	0.2762	0.1962	0.0801	0.1720	0.1379	0.0341	0.1043	0.0583	0.0460	0.0000	0.0000	0.0000	0.0000	0.0000	0.0000	0.0000	0.0000	0.0000	0.0460	0.0494	0.0379	0.0444	0.0400	0.0624	0.0487	0.0715	0.0197
31	94	0.6183	7	0	1	0	1	0	0	0	0	N	N	N	N	N	N	N	N	N	N	N	N	0.0013	0.0010	0.0000	0.0031	0.0027	0.0004	0.0000	0.0000	0.0000	0.0001	0.0001	0.0000	0.0002	0.0002	0.0000	0.0000	0.0000	0.0000	0.0534	0.0738	0.0021	0.0563	0.0689	0.0011	0.0495	0.0831	0.0028	0.0001	0.0115	-0.0000	-0.0079	5.0045	7.1305	16.6627	3.2426	0.0000	0.0000	0.0000	0.0000	0.0000	0.0000	0.0000	0.0000	0.0000	0.0176	0.0174	0.0002	0.0107	0.0107	0.0000	0.0069	0.0068	0.0002	0.2815	0.2482	0.0332	0.1079	0.1019	0.0060	0.1736	0.1464	0.0272	0.3299	0.2361	0.0938	0.1901	0.1548	0.0353	0.1398	0.0813	0.0585	0.0013	0.0010	0.0000	0.0031	0.0027	0.0004	0.0000	0.0000	0.0000	0.0534	0.0738	0.0021	0.0563	0.0689	0.0011	0.0495	0.0831	0.0028
31	95	0.1880	4	1	1	0	1	0	0	0	0	N	N	N	N	N	N	N	N	N	N	N	N	0.0669	0.0000	1.7341	0.0000	0.0000	0.0000	0.4991	0.0000	1.5811	0.0062	0.0000	0.0420	0.0000	0.0000	0.0000	0.0070	0.0000	0.0446	0.0933	0.1307	0.0242	0.2230	0.2675	0.0066	0.0140	0.0019	0.0282	inf	0.1006	0.0009	-0.0327	5.0045	8.0000	16.6627	22.5660	0.0016	0.0000	0.0016	0.0000	0.0000	0.0000	0.0016	0.0000	0.0016	0.0891	0.0809	0.0081	0.0808	0.0804	0.0004	0.0083	0.0006	0.0077	0.2613	0.2225	0.0388	0.0286	0.0264	0.0022	0.2327	0.1961	0.0365	0.9550	0.6192	0.3357	0.3622	0.3003	0.0619	0.5928	0.3189	0.2739	0.0669	0.0000	1.7341	0.0000	0.0000	0.0000	0.4991	0.0000	1.5811	0.0933	0.1307	0.0242	0.2230	0.2675	0.0066	0.0140	0.0019	0.0282
31	96	0.1140	2	0	0	0	1	0	0	0	0	N	N	N	N	N	N	N	N	N	N	N	N	4.6014	10.3151	0.0000	0.0426	0.0447	0.0000	5.1326	166244.6071	0.0000	2.7528	3.2553	0.0000	0.0304	0.0327	0.0000	2.8158	3.3374	0.0000	0.5983	0.3156	1.0274	0.7145	0.7332	0.5928	0.5486	0.0000	1.0757	0.0000	2.1444	-0.4412	0.1443	5.0045	11.9964	16.6627	18.8414	1.0001	1.0001	0.0000	0.0002	0.0002	0.0000	0.9999	0.9999	0.0000	0.6455	0.2053	0.4402	0.2307	0.2053	0.0254	0.4148	0.0000	0.4148	0.3633	0.3072	0.0561	0.0082	0.0076	0.0006	0.3551	0.2996	0.0555	1.0789	0.6505	0.4284	0.3228	0.2800	0.0429	0.7561	0.3705	0.3856	4.6014	10.3151	0.0000	0.0426	0.0447	0.0000	5.1326	166244.6071	0.0000	0.5983	0.3156	1.0274	0.7145	0.7332	0.5928	0.5486	0.0000	1.0757
31	98	0.2185	6	1	1	1	1	0	0	0	0	N	N	N	N	N	N	N	N	N	N	N	N	0.0000	0.0000	0.0000	0.0000	0.0000	0.0000	0.0000	0.0000	0.0000	0.0000	0.0000	0.0000	0.0000	0.0000	0.0000	0.0000	0.0000	0.0000	0.2780	0.3516	0.1370	0.6062	0.6815	0.2585	0.0477	0.0001	0.1039	0.2033	0.0000	-0.0453	5.0045	0.9502	16.6627	16.1595	0.0000	0.0000	0.0000	0.0000	0.0000	0.0000	0.0000	0.0000	0.0000	0.1564	0.1299	0.0264	0.1406	0.1299	0.0107	0.0158	0.0000	0.0158	0.0381	0.0329	0.0052	0.0080	0.0076	0.0004	0.0301	0.0253	0.0048	0.5624	0.3696	0.1928	0.2319	0.1907	0.0412	0.3305	0.1790	0.1516	0.0000	0.0000	0.0000	0.0000	0.0000	0.0000	0.0000	0.0000	0.0000	0.2780	0.3516	0.1370	0.6062	0.6815	0.2585	0.0477	0.0001	0.1039	
31	99	0.1140	2	0	1	0	1	0	0	0	0	N	N	N	N	N	N	N	N	N	N	N	N	0.0004	0.0021	0.0000	0.0436	0.0413	0.0000	0.0000	0.0000	0.0000	0.0007	0.0008	0.0000	0.0292	0.0314	0.0000	0.0000	0.0000	0.0000	1.6393	0.3714	3.5560	0.6695	0.7608	0.0574	2.0651	0.0641	3.9427	0.0000	6.3342	-0.0001	0.6652	5.0045	11.9964	16.6627	15.6499	0.0002	0.0002	0.0000	0.0002	0.0002	0.0000	0.0000	0.0000	0.0000	1.6413	0.2238	1.4175	0.2045	0.2022	0.0023	1.4368	0.0216	1.4153	0.3633	0.3072	0.0561	0.0082	0.0076	0.0006	0.3551	0.2996	0.0555	1.0012	0.6026	0.3986	0.3055	0.2658	0.0397	0.6958	0.3368	0.3590	0.0004	0.0021	0.0000	0.0436	0.0413	0.0000	0.0000	0.0000	0.0000	1.6393	0.3714	3.5560	0.6695	0.7608	0.0574	2.0651	0.0641	3.9427
31	100	0.2215	7	1	0	1	1	0	0	0	0	N	N	N	N	N	N	N	N	N	N	N	N	0.0000	0.0000	0.0000	0.0000	0.0000	0.0000	0.0000	0.0000	0.0000	0.0000	0.0000	0.0000	0.0000	0.0000	0.0000	0.0000	0.0000	0.0000	1.8971	2.8592	0.0904	0.3016	0.3679	0.0032	3.0434	5.6041	0.1148	0.0168	0.0000	-0.4197	5.0045	1.0008	16.6627	13.9255	0.0000	0.0000	0.0000	0.0000	0.0000	0.0000	0.0000	0.0000	0.0000	0.9500	0.9343	0.0157	0.0631	0.0630	0.0001	0.8868	0.8712	0.0156	0.0342	0.0292	0.0050	0.0055	0.0051	0.0004	0.0287	0.0241	0.0046	0.5008	0.3268	0.1740	0.2094	0.1713	0.0381	0.2914	0.1555	0.1359	0.0000	0.0000	0.0000	0.0000	0.0000	0.0000	0.0000	0.0000	0.0000	1.8971	2.8592	0.0904	0.3016	0.3679	0.0032	3.0434	5.6041	0.1148	
31	101	0.2185	6	1	0	1	1	0	0	0	0	N	N	N	N	N	N	N	N	N	N	N	N	0.0000	0.0000	0.0000	0.0000	0.0000	0.0000	0.0000	0.0000	0.0000	0.0000	0.0000	0.0000	0.0000	0.0000	0.0000	0.0000	0.0000	0.0000	0.9581	1.2367	0.3179	0.9751	1.0751	0.5139	0.9394	1.4981	0.2307	0.1119	0.0000	-0.0560	5.0045	0.0532	16.6627	2.0467	0.0000	0.0000	0.0000	0.0000	0.0000	0.0000	0.0000	0.0000	0.0000	0.1564	0.1407	0.0157	0.0834	0.0756	0.0078	0.0730	0.0651	0.0079	0.0077	0.0069	0.0008	0.0032	0.0032	0.0000	0.0044	0.0037	0.0007	0.1632	0.1138	0.0495	0.0856	0.0703	0.0152	0.0777	0.0434	0.0342	0.0000	0.0000	0.0000	0.0000	0.0000	0.0000	0.0000	0.0000	0.0000	0.9581	1.2367	0.3179	0.9751	1.0751	0.5139	0.9394	1.4981	0.2307	
31	102	0.2088	5	1	0	1	1	0	0	0	0	N	N	N	N	N	N	N	N	N	N	N	N	0.0000	0.0000	0.0000	0.0000	0.0000	0.0000	0.0000	0.0000	0.0000	0.0000	0.0000	0.0000	0.0000	0.0000	0.0000	0.0000	0.0000	0.0000	0.6281	0.8092	0.2260	0.7241	0.7858	0.4468	0.5392	0.8404	0.1392	0.1258	0.0000	-0.0552	5.0045	2.0948	16.6627	3.0326	0.0000	0.0000	0.0000	0.0000	0.0000	0.0000	0.0000	0.0000	0.0000	0.1594	0.1416	0.0178	0.0884	0.0784	0.0099	0.0710	0.0631	0.0079	0.0767	0.0659	0.0109	0.0140	0.0131	0.0009	0.0627	0.0527	0.0100	0.2537	0.1749	0.0788	0.1220	0.0998	0.0222	0.1317	0.0751	0.0566	0.0000	0.0000	0.0000	0.0000	0.0000	0.0000	0.0000	0.0000	0.0000	0.6281	0.8092	0.2260	0.7241	0.7858	0.4468	0.5392	0.8404	0.1392	
31	103	0.1880	4	1	0	1	1	0	0	0	0	N	N	N	N	N	N	N	N	N	N	N	N	0.0000	0.0000	0.0000	0.0000	0.0000	0.0000	0.0000	0.0000	0.0000	0.0000	0.0000	0.0000	0.0000	0.0000	0.0000	0.0000	0.0000	0.0000	0.3385	0.3454	0.3251	0.1764	0.0873	0.7010	0.4545	0.6472	0.2431	0.4817	0.0000	-0.0169	5.0045	3.9484	16.6627	4.8420	0.0000	0.0000	0.0000	0.0000	0.0000	0.0000	0.0000	0.0000	0.0000	0.1271	0.0858	0.0413	0.0276	0.0117	0.0159	0.0995	0.0741	0.0254	0.1315	0.1119	0.0196	0.0146	0.0134	0.0012	0.1170	0.0985	0.0185	0.3755	0.2484	0.1271	0.1566	0.1339	0.0227	0.2189	0.1145	0.1044	0.0000	0.0000	0.0000	0.0000	0.0000	0.0000	0.0000	0.0000	0.0000	0.3385	0.3454	0.3251	0.1764	0.0873	0.7010	0.4545	0.6472	0.2431	
31	104	0.1463	3	0	1	0	1	0	0	0	0	N	N	N	N	N	N	N	N	N	N	N	N	0.0000	0.0000	0.0000	0.0001	0.0001	0.0001	0.0000	0.0000	0.0000	0.0000	0.0000	0.0000	0.0000	0.0000	0.0000	0.0000	0.0000	0.0000	0.1386	0.1656	0.0928	0.3343	0.3899	0.0099	0.0541	0.0102	0.1040	0.0013	0.3301	-0.0000	-0.0388	5.0045	8.9557	16.6627	32.3127	0.0000	0.0000	0.0000	0.0000	0.0000	0.0000	0.0000	0.0000	0.0000	0.1847	0.1389	0.0458	0.1344	0.1339	0.0006	0.0503	0.0050	0.0453	0.3306	0.2842	0.0463	0.0467	0.0444	0.0023	0.2839	0.2399	0.0440	1.3327	0.8388	0.4939	0.4022	0.3433	0.0589	0.9305	0.4954	0.4351	0.0000	0.0000	0.0000	0.0001	0.0001	0.0001	0.0000	0.0000	0.0000	0.1386	0.1656	0.0928	0.3343	0.3899	0.0099	0.0541	0.0102	0.1040
31	105	0.1718	4	0	0	1	1	0	0	0	0	N	N	N	N	N	N	N	N	N	N	N	N	0.0000	0.0002	0.0000	0.0030	0.0027	0.0000	0.0000	0.0000	0.0000	0.0001	0.0001	0.0000	0.0005	0.0005	0.0000	0.0000	0.0000	0.0000	2.5143	0.3311	6.6861	0.1602	0.1875	0.0102	3.7335	0.4464	7.6860	0.0002	10.7110	-0.0000	0.4973	5.0045	4.2679	16.6627	7.8415	0.0000	0.0000	0.0000	0.0000	0.0000	0.0000	0.0000	0.0000	0.0000	1.0900	0.0931	0.9969	0.0237	0.0235	0.0002	1.0663	0.0696	0.9967	0.1596	0.1346	0.0250	0.0215	0.0205	0.0010	0.1381	0.1141	0.0239	0.4335	0.2811	0.1524	0.1479	0.1252	0.0227	0.2856	0.1559	0.1297	0.0000	0.0002	0.0000	0.0030	0.0027	0.0000	0.0000	0.0000	0.0000	2.5143	0.3311	6.5406	0.1602	0.1875	0.0102	3.7335	0.4464	7.6860
31	106	0.1463	3	0	0	0	1	0	0	0	0	N	N	N	N	N	N	N	N	N	N	N	N	0.0001	0.0000	0.0004	0.0003	0.0003	0.0000	0.0000	0.0000	0.0004	0.0001	0.0000	0.0008	0.0001	0.0001	0.0000	0.0001	0.0000	0.0009	2.2324	2.4655	1.8183	0.2185	0.2420	0.0680	3.4901	4.8713	2.1130	5.2299	0.4151	0.0000	-0.2059	5.0045	1.9301	16.6627	9.0954	0.0000	0.0000	0.0000	0.0000	0.0000	0.0000	0.0000	0.0000	0.0000	1.2475	0.8816	0.3659	0.0469	0.0450	0.0020	1.2005	0.8366	0.3639	0.1082	0.0955	0.0128	0.0322	0.0311	0.0011	0.0760	0.0643	0.0117	0.5588	0.3576	0.2012	0.2148	0.1858	0.0290	0.3440	0.1717	0.1722	0.0001	0.0000	0.0004	0.0003	0.0003	0.0000	0.0000	0.0000	0.0004	2.2324	2.4655	1.8183	0.2185	0.2420	0.0680	3.4901	4.8713	2.1130
31	107	0.1140	2	0	0	0	1	0	0	0	0	N	N	N	N	N	N	N	N	N	N	N	N	0.0011	0.0009	0.0000	0.0102	0.0098	0.0000	0.0013	0.0010	0.0000	0.0007	0.0008	0.0000	0.0130	0.0140	0.0000	0.0004	0.0005	0.0000	0.6457	0.9733	0.1672	1.2737	1.4271	0.0161	0.3084	0.4725	0.1827	0.0001	0.1176	-0.0000	-0.1442	5.0045	3.9049	16.6627	9.6098	0.0001	0.0001	0.0000	0.0000	0.0000	0.0000	0.0000	0.0000	0.0000	0.4083	0.3653	0.0429	0.2814	0.2810	0.0004	0.1268	0.0843	0.0426	0.1230	0.1038	0.0192	0.0029	0.0027	0.0002	0.1201	0.1010	0.0190	0.6323	0.3753	0.2569	0.2209	0.1969	0.0240	0.4113	0.1784	0.2329	0.0011	0.0009	0.0000	0.0102	0.0098	0.0000	0.0013	0.0010	0.0000	0.6457	0.9733	0.1672	1.2737	1.4271	0.0161	0.3084	0.4725	0.1827
31	108	0.1352	4	0	1	0	1	0	0	0	0	N	N	N	N	N	N	N	N	N	N	N	N	5.4228	0.0161	13.8634	0.2927	0.1352	19.1319	4.2370	0.0001	12.5674	3.7097	0.0009	24.1046	0.0342	0.0178	0.4014	3.8766	0.0000	24.3937	0.6841	0.0545	1.7387	0.1169	0.1320	0.0210	0.9149	0.0030	1.9410	4996.6553	19.0612	0.5568	0.3616	5.0045	8.0392	16.6627	22.6195	0.9967	0.0002	0.9965	0.0004	0.0002	0.0002	0.9963	0.0000	0.9963	0.7352	0.0366	0.6986	0.0363	0.0355	0.0009	0.6989	0.0012	0.6977	0.2687	0.2273	0.0413	0.0117	0.0112	0.0005	0.2570	0.2162	0.0408	1.0747	0.6730	0.4018	0.3109	0.2685	0.0423	0.7639	0.4044	0.3594	5.4228	0.0161	13.8634	0.2927	0.1352	19.1319	4.2370	0.0001	12.5674	0.6841	0.0545	1.7387	0.1169	0.1320	0.0210	0.9149	0.0030	1.9410
31	109	0.1352	3	0	0	0	1	0	0	0	0	N	N	N	N	N	N	N	N	N	N	N	N	0.2376	0.2109	0.3997	0.3298	0.3102	3.6161	0.1933	0.6810	0.3625	0.3913	0.2462	1.1356	0.6038	0.6051	0.1420	0.2893	0.0202	1.1408	1.6471	1.1670	2.8413	1.8309	1.9505	0.0393	1.4964	0.0296	3.1467	0.8993	0.9789	0.0002	0.0158	5.0045	0.2031	16.6627	2.0398	0.0071	0.0038	0.0034	0.0036	0.0036	0.0000	0.0036	0.0002	0.0034	0.4348	0.2197	0.2151	0.2177	0.2174	0.0003	0.2170	0.0023	0.2148	0.0183	0.0153	0.0030	0.0059	0.0059	0.0000	0.0123	0.0094	0.0030	0.2640	0.1883	0.0757	0.1189	0.1115	0.0074	0.1450	0.0768	0.0683	0.2376	0.2109	0.3997	0.3298	0.3102	3.6161	0.1933	0.6810	0.3625	1.6471	1.1670	2.8413	1.8309	1.9505	0.0393	1.4964	0.0296	3.1467
31	110	0.7157	9	1	0	1	1	0	0	0	0	N	N	N	N	N	N	N	N	N	N	N	N	0.0000	0.0000	0.0000	0.0000	0.0000	0.0000	0.0000	0.0000	0.0000	0.0000	0.0000	0.0000	0.0000	0.0000	0.0000	0.0000	0.0000	0.0000	0.0000	-0.0000	5.0045	0.0001	16.6627	0.0001	0.0000	0.0000	0.0000	0.0000	0.0000	0.0000	0.0000	0.0000	0.0000	0.0000	0.0000	0.0000	0.0000	0.0000	0.0000	0.0000	0.0000	0.0000	0.0034	0.0027	0.0007	0.0017	0.0017	0.0000	0.0017	0.0010	0.0007	0.0003	0.0002	0.0001	0.0002	0.0002	0.0000	0.0002	0.0000	0.0001	0.0000	0.0000	0.0000	0.0000	0.0000	0.0000	0.0000	0.0000	0.0000	0.0000	0.0000	0.0000	0.0000	0.0000	0.0000	0.0000	0.0000	0.0000											
31	111	0.7019	8	1	0	1	1	0	0	0	0	N	N	N	N	N	N	N	N	N	N	N	N	0.0000	0.0000	0.0000	0.0000	0.0000	0.0000	0.0000	0.0000	0.0000	0.0000	0.0000	0.0000	0.0000	0.0000	0.0000	0.0000	0.0000	0.0000	0.0028	0.0013	0.0067	0.0015	0.0011	0.0034	0.0046	0.0017	0.0083	1.9257	0.0000	0.0001	5.0045	1.6718	16.6627	2.9223	0.0000	0.0000	0.0000	0.0000	0.0000	0.0000	0.0000	0.0000	0.0000	0.0004	0.0001	0.0003	0.0001	0.0001	0.0000	0.0003	0.0001	0.0002	0.0588	0.0513	0.0076	0.0189	0.0178	0.0011	0.0399	0.0334	0.0065	0.1549	0.1127	0.0422	0.0901	0.0767	0.0135	0.0648	0.0360	0.0287	0.0000	0.0000	0.0000	0.0000	0.0000	0.0000	0.0000	0.0000	0.0000	0.0028	0.0013	0.0067	0.0015	0.0011	0.0034	0.0046	0.0017	0.0083	
31	112	0.6183	7	1	0	1	1	0	0	0	0	N	N	N	N	N	N	N	N	N	N	N	N	0.0000	0.0000	0.0033	0.0001	0.0000	0.0071	0.0000	0.0000	0.0008	0.0000	0.0000	0.0000	0.0000	0.0000	0.0001	0.0000	0.0000	0.0000	0.0392	0.0543	0.0031	0.0582	0.0690	0.0074	0.0161	0.0277	0.0010	5.9396	0.0237	0.0000	-0.0093	5.0045	14.0283	16.6627	7.1084	0.0000	0.0000	0.0000	0.0000	0.0000	0.0000	0.0000	0.0000	0.0000	0.0213	0.0208	0.0005	0.0174	0.0170	0.0004	0.0039	0.0038	0.0001	0.4538	0.3978	0.0560	0.1581	0.1479	0.0102	0.2957	0.2499	0.0458	0.5428	0.3836	0.1592	0.2991	0.2463	0.0528	0.2438	0.1373	0.1065	0.0000	0.0000	0.0033	0.0001	0.0000	0.0071	0.0000	0.0000	0.0008	0.0392	0.0543	0.0031	0.0582	0.0690	0.0074	0.0161	0.0277	0.0010
31	113	0.5581	6	0	0	0	1	0	0	0	0	N	N	N	N	N	N	N	N	N	N	N	N	0.0000	0.0000	0.0000	0.0001	0.0001	0.0001	0.0000	0.0000	0.0000	0.0000	0.0000	0.0000	0.0000	0.0000	0.0000	0.0000	0.0000	0.0000	1.4470	2.0821	0.0314	0.0710	0.0810	0.0222	3.2820	6.4539	0.0357	0.0053	0.0068	-0.0000	-0.4548	5.0045	8.6129	16.6627	5.1709	0.0000	0.0000	0.0000	0.0000	0.0000	0.0000	0.0000	0.0000	0.0000	1.0069	1.0002	0.0068	0.0282	0.0267	0.0015	0.9787	0.9735	0.0053	0.3753	0.3314	0.0438	0.1263	0.1198	0.0065	0.2489	0.2117	0.0373	0.6959	0.4804	0.2155	0.3977	0.3295	0.0681	0.2982	0.1508	0.1474	0.0000	0.0000	0.0000	0.0001	0.0001	0.0001	0.0000	0.0000	0.0000	1.4470	2.0821	0.0314	0.0710	0.0810	0.0222	3.2820	6.4539	0.0357
31	114	0.4630	5	0	0	0	1	0	0	0	0	N	N	N	N	N	N	N	N	N	N	N	N	0.0122	0.0067	0.1484	0.0077	0.0072	0.0001	0.0689	0.0537	0.1759	0.0102	0.0075	0.0275	0.0119	0.0128	0.0000	0.0097	0.0056	0.0319	0.8366	1.1283	0.1852	1.5376	1.7726	0.1964	0.1401	0.1035	0.1816	0.5724	0.0735	-0.0004	-0.4072	5.0045	16.8607	16.6627	22.7724	0.0056	0.0036	0.0020	0.0016	0.0016	0.0000	0.0040	0.0019	0.0020	1.0442	0.9728	0.0715	0.9565	0.9383	0.0182	0.0877	0.0344	0.0533	0.5512	0.4767	0.0746	0.1382	0.1277	0.0105	0.4131	0.3490	0.0641	1.2481	0.8621	0.3860	0.6221	0.5293	0.0928	0.6261	0.3328	0.2933	0.0122	0.0067	0.1484	0.0077	0.0072	0.0001	0.0689	0.0537	0.1759	0.8366	1.1283	0.1852	1.5376	1.7726	0.1964	0.1401	0.1035	0.1816
31	115	0.1942	4	1	0	1	1	0	0	0	0	N	N	N	N	N	N	N	N	N	N	N	N	0.0000	0.0000	0.0000	0.0000	0.0000	0.0000	0.0000	0.0000	0.0000	0.0000	0.0000	0.0000	0.0000	0.0000	0.0000	0.0000	0.0000	0.0000	0.0617	0.0886	0.0014	0.0054	0.0059	0.0010	0.1028	0.1895	0.0014	0.0069	0.0000	-0.0073	5.0045	1.0009	16.6627	4.0038	0.0000	0.0000	0.0000	0.0000	0.0000	0.0000	0.0000	0.0000	0.0000	0.0162	0.0161	0.0001	0.0006	0.0006	0.0000	0.0156	0.0155	0.0001	0.0356	0.0303	0.0052	0.0045	0.0042	0.0003	0.0311	0.0261	0.0049	0.2634	0.1821	0.0813	0.1112	0.1000	0.0112	0.1522	0.0821	0.0701	0.0000	0.0000	0.0000	0.0000	0.0000	0.0000	0.0000	0.0000	0.0000	0.0617	0.0886	0.0014	0.0054	0.0059	0.0010	0.1028	0.1895	0.0014	
31	116	0.1659	3	1	0	1	1	0	0	0	0	N	N	N	N	N	N	N	N	N	N	N	N	0.0000	0.0000	0.0000	0.0001	0.0001	0.0000	0.0000	0.0000	0.0000	0.0000	0.0000	0.0000	0.0000	0.0000	0.0000	0.0000	0.0000	0.0000	1.9488	2.8994	0.1955	0.1068	0.1163	0.0506	2.9863	5.4226	0.2207	0.2834	0.0366	-0.0000	-0.3739	5.0045	1.8441	16.6627	10.4794	0.0000	0.0000	0.0000	0.0000	0.0000	0.0000	0.0000	0.0000	0.0000	0.8836	0.8524	0.0312	0.0175	0.0163	0.0012	0.8662	0.8362	0.0300	0.0804	0.0694	0.0110	0.0243	0.0223	0.0020	0.0561	0.0471	0.0089	0.4534	0.2940	0.1594	0.1634	0.1398	0.0236	0.2900	0.1542	0.1358	0.0000	0.0000	0.0000	0.0001	0.0001	0.0000	0.0000	0.0000	0.0000	1.9488	2.8994	0.1955	0.1068	0.1163	0.0506	2.9863	5.4226	0.2207
31	117	0.3502	3	0	1	0	2	0	0	0	0	N	N	N	Y	N	N	N	N	N	N	N	N	0.3173	0.2632	0.5981	0.6199	0.5858	0.1970	0.1343	0.0019	0.6411	0.1476	0.1532	0.1100	0.4904	0.5166	0.0340	0.0189	0.0002	0.1199	0.4652	0.5822	0.1839	0.7911	0.8819	0.1727	0.1409	0.1019	0.1870	0.1059	0.1313	-0.0212	-0.2245	5.0045	10.5071	16.6627	20.2622	0.0615	0.0556	0.0059	0.0558	0.0556	0.0002	0.0057	0.0000	0.0057	0.6559	0.5798	0.0761	0.5564	0.5408	0.0156	0.0996	0.0390	0.0606	0.4167	0.3631	0.0536	0.1138	0.1076	0.0062	0.3029	0.2555	0.0474	1.4098	0.9960	0.4139	0.7033	0.6132	0.0901	0.7066	0.3828	0.3238	0.3173	0.2632	0.5981	0.6199	0.5858	0.1970	0.1343	0.0019	0.6411	0.4652	0.5822	0.1839	0.7911	0.8819	0.1727	0.1409	0.1019	0.1870
31	118	0.1140	2	0	1	0	2	0	0	0	0	N	N	N	Y	N	N	N	N	N	N	N	N	0.0001	0.0001	0.0000	0.0000	0.0000	0.0000	0.0001	0.0001	0.0000	0.0004	0.0005	0.0000	0.0000	0.0000	0.0000	0.0004	0.0005	0.0000	3.1022	3.5872	2.3661	0.9560	1.1006	0.0082	4.0215	5.4758	2.6280	0.0029	0.4347	-0.0000	-0.5155	5.0045	4.0036	16.6627	26.5072	0.0001	0.0001	0.0000	0.0000	0.0000	0.0000	0.0001	0.0001	0.0000	3.3177	2.3125	1.0052	0.3066	0.3063	0.0003	3.0111	2.0062	1.0048	0.1258	0.1061	0.0197	0.0030	0.0028	0.0002	0.1228	0.1033	0.0195	1.0695	0.6446	0.4248	0.3207	0.2783	0.0425	0.7487	0.3664	0.3824	0.0001	0.0001	0.0000	0.0000	0.0000	0.0000	0.0001	0.0001	0.0000	3.1022	3.5872	2.3661	0.9560	1.1006	0.0082	4.0215	5.4758	2.6280
31	119	0.1525	3	0	1	0	1	0	0	0	0	N	N	N	N	N	N	N	N	N	N	N	N	0.0000	0.0000	0.0000	0.0000	0.0000	0.0000	0.0000	0.0000	0.0000	0.0000	0.0000	0.0000	0.0000	0.0000	0.0000	0.0000	0.0000	0.0000	0.1453	0.0585	0.3022	0.1248	0.0486	0.5838	0.1553	0.0662	0.2598	inf	2.8575	0.0000	0.0356	5.0045	3.8169	16.6627	21.2433	0.0000	0.0000	0.0000	0.0000	0.0000	0.0000	0.0000	0.0000	0.0000	0.1262	0.0327	0.0935	0.0355	0.0118	0.0236	0.0907	0.0209	0.0698	0.1786	0.1520	0.0265	0.0481	0.0430	0.0051	0.1305	0.1091	0.0214	0.8681	0.5589	0.3092	0.2841	0.2436	0.0405	0.5840	0.3153	0.2688	0.0000	0.0000	0.0000	0.0000	0.0000	0.0000	0.0000	0.0000	0.0000	0.1453	0.0585	0.3022	0.1248	0.0486	0.5838	0.1553	0.0662	0.2598
31	120	0.4981	7	0	1	0	1	0	0	0	0	N	N	N	N	N	N	N	N	N	N	N	N	2.1321	3.1474	0.0006	4.6422	6.5925	0.0002	0.0357	5.4934	0.0013	5.5278	6.3473	0.0022	18.9813	20.1136	0.0019	0.0291	0.0342	0.0022	2.5926	2.0167	3.9267	4.0888	3.0510	9.9506	0.8159	0.0062	1.6896	0.0001	0.8406	-1.4552	-0.0085	5.0045	16.3276	16.6627	34.9199	3.2994	3.2992	0.0002	3.2870	3.2870	0.0000	0.0123	0.0122	0.0001	5.0630	2.7508	2.3122	4.3346	2.7479	1.5868	0.7284	0.0029	0.7255	0.5969	0.5198	0.0771	0.1732	0.1634	0.0097	0.4237	0.3564	0.0673	1.9529	1.3640	0.5888	1.0601	0.9006	0.1595	0.8927	0.4634	0.4294	2.1321	3.1474	0.0006	4.6422	6.5925	0.0002	0.0357	5.4934	0.0013	2.5926	2.0167	3.9267	4.0888	3.0510	9.9506	0.8159	0.0062	1.6896
31	121	0.4808	6	0	1	0	1	0	0	0	0	N	N	N	N	N	N	N	N	N	N	N	N	1.5618	1.8113	1.4637	3.9283	4.5466	0.0343	0.5663	0.0066	1.8103	3.6251	3.4012	5.0598	11.0416	11.6421	0.1459	0.9305	0.0025	5.6248	2.3211	1.8778	3.4569	2.8108	2.5606	4.2468	1.6430	0.3751	3.1072	0.2322	0.7186	-0.2172	-0.1181	5.0045	6.1757	16.6627	14.5601	0.8596	0.6977	0.1620	0.6978	0.6973	0.0005	0.1618	0.0004	0.1615	2.9353	1.7079	1.2274	2.0640	1.6013	0.4627	0.8712	0.1066	0.7647	0.2371	0.2051	0.0320	0.0632	0.0599	0.0033	0.1739	0.1452	0.0287	1.2646	0.9096	0.3550	0.7343	0.6254	0.1090	0.5303	0.2842	0.2461	1.5618	1.8113	1.4637	3.9283	4.5466	0.0343	0.5663	0.0066	1.8103	2.3211	1.8778	3.4569	2.8108	2.5606	4.2468	1.6430	0.3751	3.1072
31	122	0.4278	5	0	0	0	1	0	0	0	0	N	N	N	N	N	N	N	N	N	N	N	N	0.5729	0.3705	1.6959	0.6786	0.7745	0.0143	0.7493	0.0326	2.4233	1.2245	0.7036	4.6360	2.0193	2.1540	0.0605	0.8835	0.0091	5.4172	2.1375	1.8990	2.7336	2.9756	2.7814	4.2427	1.1791	0.2778	2.2355	1.0060	0.5758	0.0224	-0.2614	5.0045	7.5400	16.6627	21.4192	0.3707	0.1848	0.1859	0.1835	0.1832	0.0004	0.1872	0.0016	0.1856	2.8116	1.7843	1.0273	2.0880	1.6923	0.3957	0.7236	0.0920	0.6316	0.3027	0.2626	0.0401	0.0909	0.0850	0.0058	0.2118	0.1776	0.0343	1.3154	0.9396	0.3758	0.7017	0.6084	0.0933	0.6137	0.3311	0.2825	0.5729	0.3705	1.6959	0.6786	0.7745	0.0143	0.7493	0.0326	2.4233	2.1375	1.8990	2.7336	2.9756	2.7814	4.2427	1.1791	0.2778	2.2355
31	123	0.1880	4	0	1	0	1	0	0	0	0	N	N	N	N	N	N	N	N	N	N	N	N	0.0008	0.0006	0.0000	0.1112	0.1014	0.0000	0.0000	0.0000	0.0000	0.0015	0.0018	0.0000	0.0135	0.0147	0.0000	0.0000	0.0000	0.0000	1.7885	2.7489	0.0010	0.1218	0.1453	0.0046	2.8367	5.2948	0.0002	0.0000	0.0002	-0.0001	-0.6387	5.0045	4.0019	16.6627	19.5615	0.0002	0.0002	0.0000	0.0002	0.0002	0.0000	0.0000	0.0000	0.0000	1.3941	1.3939	0.0003	0.0367	0.0364	0.0002	1.3575	1.3574	0.0000	0.1333	0.1134	0.0199	0.0148	0.0136	0.0012	0.1185	0.0998	0.0187	0.7795	0.5071	0.2724	0.3009	0.2507	0.0503	0.4785	0.2564	0.2222	0.0008	0.0006	0.0000	0.1112	0.1014	0.0000	0.0000	0.0000	0.0000	1.7885	2.7489	0.0010	0.1218	0.1453	0.0046	2.8367	5.2948	0.0002
31	124	0.1659	3	0	0	0	1	0	0	0	0	N	N	N	N	N	N	N	N	N	N	N	N	0.0000	0.0000	0.0000	0.0000	0.0001	0.0000	0.0000	0.0000	0.0000	0.0000	0.0000	0.0000	0.0000	0.0000	0.0000	0.0000	0.0000	0.0000	0.2391	0.1711	0.3671	0.2355	0.2056	0.4224	0.2412	0.1379	0.3575	0.0032	1.1409	-0.0000	0.0066	5.0045	1.2223	16.6627	8.2281	0.0000	0.0000	0.0000	0.0000	0.0000	0.0000	0.0000	0.0000	0.0000	0.0887	0.0414	0.0473	0.0324	0.0244	0.0080	0.0563	0.0170	0.0393	0.0598	0.0519	0.0079	0.0223	0.0204	0.0019	0.0375	0.0315	0.0060	0.3711	0.2423	0.1288	0.1377	0.1187	0.0190	0.2334	0.1236	0.1098	0.0000	0.0000	0.0000	0.0000	0.0001	0.0000	0.0000	0.0000	0.0000	0.2391	0.1711	0.3671	0.2355	0.2056	0.4224	0.2412	0.1379	0.3575
31	125	0.1140	2	0	0	0	1	0	0	0	0	N	N	N	N	N	N	N	N	N	N	N	N	0.0001	0.0006	0.0000	0.0122	0.0117	0.0000	0.0000	0.0000	0.0000	0.0002	0.0003	0.0000	0.0092	0.0099	0.0000	0.0000	0.0000	0.0000	2.8996	0.4541	6.6801	0.7522	0.8442	0.0646	3.9548	0.0846	7.2191	0.0000	9.6884	-0.0000	0.9896	5.0045	5.9920	16.6627	12.2976	0.0000	0.0000	0.0000	0.0000	0.0000	0.0000	0.0000	0.0000	0.0000	2.2085	0.2066	2.0019	0.1888	0.1869	0.0019	2.0198	0.0198	2.0000	0.1867	0.1576	0.0291	0.0043	0.0040	0.0003	0.1824	0.1536	0.0288	0.7617	0.4550	0.3066	0.2509	0.2213	0.0296	0.5107	0.2337	0.2770	0.0001	0.0006	0.0000	0.0122	0.0117	0.0000	0.0000	0.0000	0.0000	2.8996	0.4541	6.5284	0.7522	0.8442	0.0646	3.9548	0.0846	7.2191
31	126	0.1512	4	0	1	0	1	0	0	0	0	N	N	N	N	N	N	N	N	N	N	N	N	0.0042	0.0547	0.0084	0.3525	0.3801	0.0000	0.0028	0.0001	0.0081	0.0104	0.0014	0.0599	0.0160	0.0166	0.0000	0.0099	0.0000	0.0609	2.4751	0.0257	7.1423	0.0453	0.0436	0.0566	3.5854	0.0120	7.4905	7.7525	151.9699	0.0008	1.1024	5.0045	5.0407	16.6627	17.1705	0.0018	0.0002	0.0016	0.0002	0.0002	0.0000	0.0016	0.0000	0.0016	2.0602	0.0135	2.0467	0.0118	0.0099	0.0019	2.0484	0.0036	2.0448	0.1769	0.1497	0.0272	0.0131	0.0127	0.0005	0.1638	0.1371	0.0267	0.8324	0.5250	0.3073	0.2610	0.2267	0.0343	0.5713	0.2983	0.2730	0.0042	0.0547	0.0090	0.3525	0.3801	0.0000	0.0028	0.0001	0.0081	2.4751	0.0257	6.6598	0.0453	0.0436	0.0566	3.5854	0.0120	7.4905
31	127	0.1352	3	0	1	0	1	0	0	0	0	N	N	N	N	N	N	N	N	N	N	N	N	0.0487	0.0782	0.0008	0.3845	0.3542	0.6144	0.0002	0.0000	0.0007	0.0476	0.0562	0.0012	0.4991	0.5079	0.0117	0.0002	0.0000	0.0011	0.9763	0.7185	1.4891	1.2982	1.4339	0.0190	0.7916	0.0158	1.6607	0.0039	1.0422	-0.0016	0.0228	5.0045	1.9703	16.6627	6.2034	0.0036	0.0036	0.0000	0.0036	0.0036	0.0000	0.0000	0.0000	0.0000	0.4381	0.2145	0.2236	0.2125	0.2122	0.0003	0.2257	0.0024	0.2233	0.0763	0.0644	0.0120	0.0073	0.0071	0.0001	0.0691	0.0573	0.0118	0.4488	0.2986	0.1502	0.1637	0.1480	0.0157	0.2851	0.1506	0.1345	0.0487	0.0782	0.0008	0.3845	0.3542	0.6144	0.0002	0.0000	0.0007	0.9763	0.7185	1.4891	1.2982	1.4339	0.0190	0.7916	0.0158	1.6607
31	128	0.1140	2	0	0	0	1	0	0	0	0	N	N	N	N	N	N	N	N	N	N	N	N	0.0608	0.0338	0.1615	0.0342	0.0378	0.0029	0.0401	0.0239	0.1494	0.1010	0.0065	0.6069	0.0048	0.0051	0.0006	0.1037	0.0066	0.6132	1.6615	0.1924	3.7577	0.1406	0.1341	0.2021	2.5896	0.2738	4.1032	17.4143	13.6888	0.0018	0.3958	5.0045	1.1032	16.6627	7.8190	0.0036	0.0002	0.0034	0.0000	0.0000	0.0000	0.0036	0.0002	0.0034	0.8358	0.0569	0.7789	0.0268	0.0231	0.0037	0.8090	0.0338	0.7752	0.0355	0.0299	0.0056	0.0010	0.0009	0.0001	0.0345	0.0290	0.0055	0.5030	0.2957	0.2073	0.1906	0.1723	0.0184	0.3124	0.1235	0.1889	0.0608	0.0338	0.1615	0.0342	0.0378	0.0029	0.0401	0.0239	0.1494	1.6615	0.1924	3.7577	0.1406	0.1341	0.2021	2.5896	0.2738	4.1032
31	129	0.4571	6	0	1	0	1	0	0	0	0	N	N	N	N	N	N	N	N	N	N	N	N	0.0000	0.0000	0.0000	0.0000	0.0000	0.0000	0.0000	0.0000	0.0000	0.0000	0.0000	0.0000	0.0000	0.0000	0.0000	0.0000	0.0000	0.0000	0.0002	0.0001	0.0007	0.0004	0.0001	0.0034	0.0001	0.0000	0.0001	3.1960	0.0000	0.0000	5.0045	1.0033	16.6627	0.8635	0.0000	0.0000	0.0000	0.0000	0.0000	0.0000	0.0000	0.0000	0.0000	0.0001	0.0000	0.0001	0.0001	0.0000	0.0001	0.0000	0.0000	0.0000	0.1044	0.0946	0.0098	0.0595	0.0561	0.0034	0.0449	0.0384	0.0065	0.3701	0.2799	0.0902	0.2158	0.1984	0.0174	0.1543	0.0815	0.0728	0.0000	0.0000	0.0000	0.0000	0.0000	0.0000	0.0000	0.0000	0.0000	0.0002	0.0001	0.0007	0.0004	0.0001	0.0034	0.0001	0.0000	0.0001	
31	130	0.4278	5	0	0	0	1	0	0	0	0	N	N	N	N	N	N	N	N	N	N	N	N	0.0085	0.0143	0.0004	0.0091	0.0156	0.0000	0.0230	0.1987	0.0015	0.0008	0.0009	0.0001	0.0014	0.0015	0.0000	0.0005	0.0006	0.0001	0.0965	0.0654	0.1793	0.1553	0.0961	0.5847	0.0233	0.0031	0.0467	0.0105	1.0289	-0.0001	0.0049	5.0045	5.5514	16.6627	9.9598	0.0002	0.0002	0.0000	0.0001	0.0001	0.0000	0.0001	0.0001	0.0000	0.1002	0.0494	0.0508	0.0895	0.0486	0.0408	0.0108	0.0008	0.0100	0.2439	0.2120	0.0319	0.0801	0.0751	0.0050	0.1638	0.1369	0.0269	1.0390	0.7554	0.2835	0.5760	0.5062	0.0699	0.4629	0.2493	0.2136	0.0085	0.0143	0.0004	0.0091	0.0156	0.0000	0.0230	0.1987	0.0015	0.0965	0.0654	0.1793	0.1553	0.0961	0.5847	0.0233	0.0031	0.0467
31	131	0.3975	4	0	0	0	1	0	0	0	0	N	N	N	N	N	N	N	N	N	N	N	N	0.7192	0.5637	1.6669	1.2292	1.4549	0.0014	0.5635	0.0027	1.9782	1.0314	0.5907	4.0019	1.9799	2.0925	0.0040	0.6990	0.0009	4.4879	1.4342	1.0480	2.4008	1.6107	1.4383	2.8652	1.2404	0.3432	2.2687	1.0051	0.9150	0.0222	0.0311	5.0045	9.1969	16.6627	13.4651	0.3694	0.1843	0.1852	0.1841	0.1841	0.0000	0.1854	0.0002	0.1852	1.6033	0.8372	0.7660	0.9421	0.7396	0.2026	0.6612	0.0977	0.5635	0.3582	0.3119	0.0463	0.0930	0.0880	0.0050	0.2652	0.2240	0.0413	1.1179	0.7989	0.3191	0.5849	0.5142	0.0707	0.5330	0.2847	0.2484	0.7192	0.5637	1.6669	1.2292	1.4549	0.0014	0.5635	0.0027	1.9782	1.4342	1.0480	2.4008	1.6107	1.4383	2.8652	1.2404	0.3432	2.2687
31	132	0.2109	6	1	1	0	2	0	0	0	0	N	N	N	Y	N	N	N	N	N	N	N	N	0.0000	0.0000	0.0000	0.0000	0.0000	0.0000	0.0000	0.0000	0.0000	0.0000	0.0000	0.0000	0.0000	0.0000	0.0000	0.0000	0.0000	0.1599	0.2542	0.0000	0.4801	0.5780	0.0000	0.0000	0.0000	0.0000	0.0000	0.0000	-0.0087	5.0045	1.0000	16.6627	3.0001	0.0000	0.0000	0.0000	0.0000	0.0000	0.0000	0.0000	0.0000	0.0000	0.0190	0.0190	0.0000	0.0190	0.0190	0.0000	0.0000	0.0000	0.0000	0.0332	0.0282	0.0050	0.0040	0.0037	0.0003	0.0292	0.0245	0.0046	0.1189	0.0748	0.0441	0.0396	0.0329	0.0067	0.0793	0.0419	0.0374	0.0000	0.0000	0.0000	0.0000	0.0000	0.0000	0.0000	0.0000	0.0000	0.1599	0.2542	0.0000	0.4801	0.5780	0.0000	0.0000	0.0000	0.0000		
31	133	0.6099	10	1	1	0	2	0	0	0	0	N	N	N	Y	N	N	N	N	N	N	N	N	0.0000	0.0000	0.0000	0.0000	0.0000	0.0000	0.0000	0.0000	0.0000	0.0000	0.0000	0.0000	0.0000	0.0000	0.0000	0.0000	0.0000	30.0701	0.0000	145.4380	0.0420	0.0000	0.2789	35.3608	0.0000	156.9957	2781338.0406	0.0000	0.5239	5.0045	0.0006	16.6627	1.9797	0.0000	0.0000	0.0000	0.0000	0.0000	0.0000	0.0000	0.0000	0.0000	0.9673	0.0000	0.9673	0.0012	0.0000	0.0012	0.9661	0.0000	0.9661	0.0000	0.0000	0.0000	0.0000	0.0000	0.0000	0.0000	0.0000	0.0000	0.0563	0.0388	0.0174	0.0290	0.0246	0.0044	0.0273	0.0142	0.0131	0.0000	0.0000	0.0000	0.0000	0.0000	0.0000	0.0000	0.0000	0.0000	17.1874	0.0000	55.4811	0.0420	0.0000	0.2789	35.3608	0.0000	73.8833		
31	134	0.5931	9	1	1	0	2	0	0	0	0	N	N	N	Y	N	N	N	N	N	N	N	N	0.0000	0.0000	0.0000	0.0000	0.0000	0.0000	0.0000	0.0000	0.0000	0.0000	0.0000	0.0000	0.0000	0.0000	0.0000	0.0000	0.0000	0.0000	0.0371	0.0035	0.1109	0.0037	0.0043	0.0007	0.0721	0.0022	0.1519	14.4128	0.0000	0.0036	5.0045	2.0077	16.6627	6.0321	0.0000	0.0000	0.0000	0.0000	0.0000	0.0000	0.0000	0.0000	0.0000	0.0076	0.0005	0.0071	0.0004	0.0004	0.0000	0.0072	0.0001	0.0071	0.0640	0.0552	0.0088	0.0173	0.0159	0.0014	0.0467	0.0393	0.0074	0.2057	0.1413	0.0644	0.1052	0.0878	0.0175	0.1005	0.0536	0.0469	0.0000	0.0000	0.0000	0.0000	0.0000	0.0000	0.0000	0.0000	0.0000	0.0371	0.0035	0.1109	0.0037	0.0043	0.0007	0.0721	0.0022	0.1519	
31	135	0.5884	9	0	1	0	2	0	0	0	0	N	N	N	Y	N	N	N	N	N	N	N	N	0.0001	0.0000	0.0581	0.0000	0.0000	0.0000	0.0001	0.0000	0.0598	0.0000	0.0000	0.0001	0.0000	0.0000	0.0000	0.0000	0.0000	0.0001	0.1308	0.1881	0.0015	0.0947	0.1123	0.0010	0.1698	0.3178	0.0017	54.3248	0.0036	0.0000	-0.0219	5.0045	3.0348	16.6627	9.3583	0.0000	0.0000	0.0000	0.0000	0.0000	0.0000	0.0000	0.0000	0.0000	0.0481	0.0479	0.0002	0.0181	0.0180	0.0000	0.0300	0.0299	0.0001	0.0990	0.0849	0.0141	0.0254	0.0234	0.0019	0.0736	0.0615	0.0122	0.3675	0.2546	0.1129	0.1908	0.1606	0.0302	0.1767	0.0940	0.0827	0.0001	0.0000	0.0581	0.0000	0.0000	0.0000	0.0001	0.0000	0.0598	0.1308	0.1881	0.0015	0.0947	0.1123	0.0010	0.1698	0.3178	0.0017
31	136	0.5740	8	0	0	0	2	0	0	0	0	N	N	N	Y	N	N	N	N	N	N	N	N	0.1171	0.0971	0.0806	0.2145	0.1876	0.9478	0.0000	0.0000	0.0000	0.0008	0.0009	0.0001	0.0027	0.0028	0.0008	0.0000	0.0000	0.0000	0.0067	0.0094	0.0011	0.0127	0.0151	0.0008	0.0007	0.0002	0.0012	0.0180	0.0578	-0.0000	-0.0005	5.0045	0.0433	16.6627	6.6805	0.0000	0.0000	0.0000	0.0000	0.0000	0.0000	0.0000	0.0000	0.0000	0.0012	0.0011	0.0001	0.0011	0.0011	0.0000	0.0001	0.0000	0.0001	0.0016	0.0014	0.0003	0.0005	0.0004	0.0000	0.0012	0.0009	0.0002	0.1792	0.1211	0.0581	0.0902	0.0746	0.0157	0.0890	0.0465	0.0424	0.1171	0.0971	0.0806	0.2145	0.1876	0.9478	0.0000	0.0000	0.0000	0.0067	0.0094	0.0011	0.0127	0.0151	0.0008	0.0007	0.0002	0.0012
31	137	0.2406	8	0	1	0	2	0	0	0	0	N	N	N	Y	N	N	N	N	N	N	N	N	0.0000	0.0000	0.0000	0.0000	0.0000	0.0000	0.0000	0.0000	0.0000	0.0000	0.0000	0.0000	0.0000	0.0000	0.0000	0.0000	0.0000	0.0000	0.0000	0.0000	5.0045	0.0000	16.6627	0.0000	0.0000	0.0000	0.0000	0.0000	0.0000	0.0000	0.0000	0.0000	0.0000	0.0000	0.0000	0.0000	0.0000	0.0000	0.0000	0.0000	0.0000	0.0000	0.0000	0.0000	0.0000	0.0000	0.0000	0.0000	0.0000	0.0000	0.0000	0.0000	0.0000	0.0000	0.0000	0.0000	0.0000	0.0000	0.0000	0.0000	0.0000	0.0000	0.0000	0.0000	0.0000	0.0000	0.0000	0.0000	0.0000	0.0000	0.0000	0.0000	0.0000	0.0000	0.0000	0.0000	0.0000	0.0000											
31	138	0.2355	7	0	1	0	2	0	0	0	0	N	N	N	Y	N	N	N	N	N	N	N	N	0.0000	0.0000	0.0000	0.0000	0.0000	0.0000	0.0000	0.0000	0.0000	0.0000	0.0000	0.0000	0.0000	0.0000	0.0000	0.0000	0.0000	0.0000	0.0000	0.0000	0.0000	0.0000	0.0000	0.0000	-0.0000	5.0045	0.0021	16.6627	2.0000	0.0000	0.0000	0.0000	0.0000	0.0000	0.0000	0.0000	0.0000	0.0000	0.0000	0.0000	0.0000	0.0000	0.0000	0.0000	0.0000	0.0000	0.0000	0.0002	0.0002	0.0000	0.0001	0.0001	0.0000	0.0001	0.0001	0.0000	0.0586	0.0372	0.0214	0.0187	0.0160	0.0027	0.0399	0.0211	0.0187	0.0000	0.0000	0.0000	0.0000	0.0000	0.0000	0.0000	0.0000	0.0000	0.0000	0.0000	0.0000	0.0000	0.0000	0.0000	0.0000	0.0000	0.0000						
31	139	0.2253	6	0	0	0	2	0	0	0	0	N	N	N	Y	N	N	N	N	N	N	N	N	0.0000	0.0000	0.0000	0.0000	0.0000	0.0000	0.0000	0.0000	0.0000	0.0000	0.0000	0.0000	0.0000	0.0000	0.0000	0.0000	0.0000	0.0000	0.0010	0.0016	0.0000	0.0031	0.0036	0.0001	0.0000	0.0000	0.0000	0.0058	0.0000	-0.0001	5.0045	1.0020	16.6627	3.0181	0.0000	0.0000	0.0000	0.0000	0.0000	0.0000	0.0000	0.0000	0.0000	0.0001	0.0001	0.0000	0.0001	0.0001	0.0000	0.0000	0.0000	0.0000	0.0333	0.0283	0.0049	0.0041	0.0038	0.0003	0.0291	0.0245	0.0046	0.1191	0.0754	0.0437	0.0392	0.0331	0.0061	0.0798	0.0423	0.0375	0.0000	0.0000	0.0000	0.0000	0.0000	0.0000	0.0000	0.0000	0.0000	0.0010	0.0016	0.0000	0.0031	0.0036	0.0001	0.0000	0.0000	0.0000	
31	140	0.2109	6	0	1	0	1	0	0	0	0	N	N	N	N	N	N	N	N	N	N	N	N	0.0000	0.0000	0.0000	0.0000	0.0000	0.0000	0.0000	0.0000	0.0000	0.0000	0.0000	0.0000	0.0000	0.0000	0.0000	0.0000	0.0000	0.0000	0.0000	0.0000	0.0000	0.0000	0.0000	0.0000	inf	0.0000	0.0000	5.0045	0.0000	16.6627	4.0001	0.0000	0.0000	0.0000	0.0000	0.0000	0.0000	0.0000	0.0000	0.0000	0.0000	0.0000	0.0000	0.0000	0.0000	0.0000	0.0000	0.0000	0.0000	0.0000	0.0000	0.0000	0.0000	0.0000	0.0000	0.0000	0.0000	0.0000	0.1189	0.0748	0.0441	0.0396	0.0329	0.0067	0.0793	0.0419	0.0374	0.0000	0.0000	0.0000	0.0000	0.0000	0.0000	0.0000	0.0000	0.0000	0.0000	0.0000	0.0000	0.0000	0.0000	0.0000	0.0000	0.0000	0.0000				
31	141	0.5886	8	0	1	0	1	0	0	0	0	N	N	N	N	N	N	N	N	N	N	N	N	0.0000	0.0000	0.0000	0.0000	0.0000	0.0000	0.0000	0.0000	0.0000	0.0000	0.0000	0.0000	0.0000	0.0000	0.0000	0.0000	0.0000	0.0000	0.0296	0.0257	0.0380	0.0279	0.0310	0.0121	0.0313	0.0168	0.0478	0.6748	0.0000	-0.0003	5.0045	1.0003	16.6627	5.0186	0.0000	0.0000	0.0000	0.0000	0.0000	0.0000	0.0000	0.0000	0.0000	0.0047	0.0028	0.0019	0.0023	0.0021	0.0002	0.0024	0.0007	0.0017	0.0319	0.0275	0.0044	0.0086	0.0079	0.0007	0.0233	0.0196	0.0037	0.1577	0.1084	0.0494	0.0811	0.0676	0.0135	0.0767	0.0408	0.0359	0.0000	0.0000	0.0000	0.0000	0.0000	0.0000	0.0000	0.0000	0.0000	0.0296	0.0257	0.0380	0.0279	0.0310	0.0121	0.0313	0.0168	0.0478	
31	142	0.2253	6	0	0	1	2	0	0	0	0	N	N	N	Y	N	N	N	N	N	N	N	N	0.0000	0.0000	0.0000	0.0000	0.0000	0.0000	0.0000	0.0000	0.0000	0.0000	0.0000	0.0000	0.0000	0.0000	0.0000	0.0000	0.0000	0.0056	0.0089	0.0000	0.0172	0.0203	0.0000	0.0000	0.0000	0.0000	0.0001	0.0000	-0.0007	5.0045	0.0001	16.6627	9.0026	0.0000	0.0000	0.0000	0.0000	0.0000	0.0000	0.0000	0.0000	0.0000	0.0015	0.0015	0.0000	0.0015	0.0015	0.0000	0.0000	0.0000	0.0000	0.0000	0.0000	0.0000	0.0000	0.0000	0.0000	0.0000	0.0000	0.0000	0.2614	0.1655	0.0959	0.0857	0.0723	0.0134	0.1757	0.0932	0.0825	0.0000	0.0000	0.0000	0.0000	0.0000	0.0000	0.0000	0.0000	0.0000	0.0056	0.0089	0.0000	0.0172	0.0203	0.0000	0.0000	0.0000	0.0000		
31	143	0.5740	8	0	0	1	2	0	0	0	0	N	N	N	Y	N	N	N	N	N	N	N	N	0.0000	0.0000	0.0000	0.0000	0.0000	0.0000	0.0000	0.0000	0.0000	0.0000	0.0000	0.0000	0.0000	0.0000	0.0000	0.0000	0.0000	0.0000	3.7846	6.3474	0.0003	13.6988	15.9666	0.0000	0.0002	0.0000	0.0005	0.0000	0.0000	-0.4563	5.0045	2.0061	16.6627	8.0425	0.0000	0.0000	0.0000	0.0000	0.0000	0.0000	0.0000	0.0000	0.0000	0.9956	0.9956	0.0000	0.9956	0.9956	0.0000	0.0000	0.0000	0.0000	0.0636	0.0546	0.0090	0.0157	0.0144	0.0013	0.0478	0.0401	0.0077	0.2631	0.1777	0.0854	0.1323	0.1092	0.0230	0.1308	0.0685	0.0623	0.0000	0.0000	0.0000	0.0000	0.0000	0.0000	0.0000	0.0000	0.0000	3.7846	5.6022	0.0003	7.5282	9.1163	0.0000	0.0002	0.0000	0.0005	
31	144	0.5649	7	0	0	0	2	0	0	0	0	N	N	N	Y	N	N	N	N	N	N	N	N	0.0000	0.0000	0.0000	0.0000	0.0000	0.0000	0.0000	0.0000	0.0000	0.0000	0.0000	0.0000	0.0000	0.0000	0.0000	0.0000	0.0000	0.0000	0.0569	0.0742	0.0109	0.0986	0.1178	0.0014	0.0065	0.0003	0.0155	0.0551	0.0000	-0.0045	5.0045	1.9550	16.6627	2.1189	0.0000	0.0000	0.0000	0.0000	0.0000	0.0000	0.0000	0.0000	0.0000	0.0110	0.0104	0.0006	0.0105	0.0104	0.0000	0.0006	0.0000	0.0006	0.0667	0.0571	0.0096	0.0203	0.0183	0.0020	0.0464	0.0388	0.0075	0.1936	0.1407	0.0530	0.1060	0.0885	0.0175	0.0877	0.0522	0.0355	0.0000	0.0000	0.0000	0.0000	0.0000	0.0000	0.0000	0.0000	0.0000	0.0569	0.0742	0.0109	0.0986	0.1178	0.0014	0.0065	0.0003	0.0155	
31	145	0.5649	7	0	0	1	2	0	0	0	0	N	N	N	Y	N	N	N	N	N	N	N	N	0.0000	0.0000	0.0000	0.0000	0.0000	0.0000	0.0000	0.0000	0.0000	0.0000	0.0000	0.0000	0.0000	0.0000	0.0000	0.0000	0.0000	0.0000	0.1782	0.2560	0.0030	0.2474	0.2986	0.0002	0.1045	0.1875	0.0042	0.0053	0.0000	-0.0480	5.0045	2.1261	16.6627	18.6477	0.0000	0.0000	0.0000	0.0000	0.0000	0.0000	0.0000	0.0000	0.0000	0.1060	0.1055	0.0006	0.0759	0.0759	0.0000	0.0301	0.0296	0.0005	0.0721	0.0618	0.0103	0.0217	0.0196	0.0021	0.0503	0.0422	0.0082	0.5950	0.4120	0.1830	0.3068	0.2542	0.0525	0.2883	0.1578	0.1305	0.0000	0.0000	0.0000	0.0000	0.0000	0.0000	0.0000	0.0000	0.0000	0.1782	0.2560	0.0030	0.2474	0.2986	0.0002	0.1045	0.1875	0.0042	
31	146	0.2253	6	0	0	1	2	0	0	0	0	N	N	N	Y	N	N	N	N	N	N	N	N	0.0000	0.0000	0.0000	0.0000	0.0000	0.0000	0.0000	0.0000	0.0000	0.0000	0.0000	0.0000	0.0000	0.0000	0.0000	0.0000	0.0000	0.0000	0.1282	0.2025	0.0000	0.0003	0.0003	0.0001	0.1907	0.3595	0.0000	0.0000	0.0000	-0.0137	5.0045	2.0001	16.6627	5.9880	0.0000	0.0000	0.0000	0.0000	0.0000	0.0000	0.0000	0.0000	0.0000	0.0299	0.0299	0.0000	0.0000	0.0000	0.0000	0.0298	0.0298	0.0000	0.0661	0.0563	0.0098	0.0082	0.0076	0.0006	0.0579	0.0487	0.0092	0.2328	0.1474	0.0854	0.0764	0.0645	0.0119	0.1564	0.0830	0.0735	0.0000	0.0000	0.0000	0.0000	0.0000	0.0000	0.0000	0.0000	0.0000	0.1282	0.2025	0.0000	0.0003	0.0003	0.0001	0.1907	0.3595	0.0000	
31	147	0.2253	6	0	0	1	2	0	0	0	0	N	N	N	Y	N	N	N	N	N	N	N	N	3.7564	0.0004	14.6403	0.0121	0.0116	0.0129	3.0411	0.0000	13.5905	13.8758	0.0008	94.4249	0.0059	0.0061	0.0037	15.8381	0.0000	100.8754	3.6939	2.0967	6.4497	0.4853	0.5219	0.2868	5.2081	3.2723	7.4225	19977.4000	1.7828	2.2329	0.5736	5.0045	9.0001	16.6627	23.0169	3.9957	0.0002	3.9955	0.0002	0.0002	0.0000	3.9955	0.0000	3.9955	3.1471	1.1309	2.0162	0.1326	0.1203	0.0122	3.0145	1.0106	2.0040	0.2880	0.2456	0.0423	0.0357	0.0330	0.0027	0.2523	0.2127	0.0396	0.8520	0.5394	0.3126	0.2732	0.2305	0.0426	0.5788	0.3088	0.2700	3.7564	0.0004	14.6403	0.0121	0.0116	0.0129	3.0411	0.0000	13.5905	3.6939	2.0967	6.4497	0.4853	0.5219	0.2868	5.2081	3.2723	7.4225
31	148	0.2000	5	0	0	0	2	0	0	0	0	N	N	N	Y	N	N	N	N	N	N	N	N	0.0000	0.0000	0.0000	0.0001	0.0001	0.0000	0.0000	0.0000	0.0000	0.0000	0.0000	0.0000	0.0000	0.0000	0.0000	0.0000	0.0000	0.0000	0.0296	0.0461	0.0012	0.0544	0.0643	0.0026	0.0165	0.0307	0.0010	0.0000	0.0154	-0.0000	-0.0041	5.0045	1.9990	16.6627	7.9526	0.0000	0.0000	0.0000	0.0000	0.0000	0.0000	0.0000	0.0000	0.0000	0.0092	0.0091	0.0001	0.0059	0.0058	0.0000	0.0034	0.0033	0.0001	0.0664	0.0565	0.0099	0.0082	0.0076	0.0006	0.0582	0.0489	0.0093	0.3118	0.1973	0.1145	0.1077	0.0905	0.0172	0.2041	0.1068	0.0973	0.0000	0.0000	0.0000	0.0001	0.0001	0.0000	0.0000	0.0000	0.0000	0.0296	0.0461	0.0012	0.0544	0.0643	0.0026	0.0165	0.0307	0.0010
31	149	0.1680	4	1	1	0	1	0	0	0	0	N	N	N	N	N	N	N	N	N	N	N	N	0.0000	0.0000	0.0000	0.0000	0.0000	0.0000	0.0000	0.0000	0.0000	0.0000	0.0000	0.0000	0.0000	0.0000	0.0000	0.0000	0.0000	0.0000	4.1785	0.0432	22.4184	0.0221	0.0135	0.0778	5.9827	0.0675	23.0574	inf	140.9059	0.0000	1.5970	5.0045	5.3497	16.6627	17.2225	0.0000	0.0000	0.0000	0.0000	0.0000	0.0000	0.0000	0.0000	0.0000	2.9873	0.0211	2.9663	0.0056	0.0030	0.0026	2.9817	0.0181	2.9636	0.2082	0.1769	0.0313	0.0343	0.0325	0.0018	0.1738	0.1444	0.0294	0.7512	0.4870	0.2642	0.2528	0.2189	0.0339	0.4984	0.2681	0.2303	0.0000	0.0000	0.0000	0.0000	0.0000	0.0000	0.0000	0.0000	0.0000	3.9766	0.0432	11.2277	0.0221	0.0135	0.0778	5.9827	0.0675	12.8688
31	150	0.1989	5	0	1	0	1	0	0	0	0	N	N	N	N	N	N	N	N	N	N	N	N	0.0176	0.0183	0.0002	0.0684	0.1293	0.0003	0.0000	0.0000	0.0003	0.0011	0.0013	0.0000	0.0041	0.0043	0.0001	0.0000	0.0000	0.0000	0.0639	0.0708	0.0501	0.0606	0.0335	0.2564	0.0659	0.1064	0.0178	0.0013	0.3535	-0.0001	-0.0104	5.0045	3.6794	16.6627	17.4287	0.0002	0.0002	0.0000	0.0002	0.0002	0.0000	0.0000	0.0000	0.0000	0.0525	0.0388	0.0137	0.0185	0.0090	0.0095	0.0341	0.0299	0.0042	0.1930	0.1673	0.0257	0.0523	0.0500	0.0023	0.1407	0.1173	0.0234	0.8220	0.5481	0.2739	0.3046	0.2676	0.0371	0.5174	0.2806	0.2368	0.0176	0.0183	0.0002	0.0684	0.1293	0.0003	0.0000	0.0000	0.0003	0.0639	0.0708	0.0501	0.0606	0.0335	0.2564	0.0659	0.1064	0.0178
31	151	0.1680	4	0	1	0	1	0	0	0	0	N	N	N	N	N	N	N	N	N	N	N	N	0.0384	0.0322	0.0761	0.0022	0.0027	0.0000	0.0576	0.0528	0.0986	0.0018	0.0014	0.0041	0.0001	0.0001	0.0000	0.0022	0.0017	0.0044	0.0465	0.0429	0.0536	0.0614	0.0539	0.1150	0.0381	0.0328	0.0442	0.5197	0.6381	-0.0000	-0.0017	5.0045	3.4464	16.6627	10.1316	0.0003	0.0002	0.0001	0.0000	0.0000	0.0000	0.0003	0.0002	0.0001	0.0240	0.0147	0.0094	0.0115	0.0088	0.0027	0.0125	0.0058	0.0067	0.1479	0.1257	0.0222	0.0291	0.0277	0.0014	0.1188	0.0980	0.0208	0.5164	0.3416	0.1748	0.1873	0.1641	0.0231	0.3292	0.1775	0.1517	0.0384	0.0322	0.0761	0.0022	0.0027	0.0000	0.0576	0.0528	0.0986	0.0465	0.0429	0.0536	0.0614	0.0539	0.1150	0.0381	0.0328	0.0442
31	152	0.5954	10	1	1	0	1	0	0	0	0	N	N	N	N	N	N	N	N	N	N	N	N	4.2451	0.0000	389.0791	0.0006	0.0000	0.0053	3.1717	0.0000	2353.8713	0.0369	0.0000	0.2676	0.0000	0.0000	0.0000	0.0510	0.0000	0.3177	0.0087	0.0123	0.0007	0.0016	0.0014	0.0022	0.0161	0.0300	0.0001	inf	0.0254	0.0007	-0.0012	5.0045	1.0143	16.6627	12.0086	0.0012	0.0000	0.0012	0.0000	0.0000	0.0000	0.0012	0.0000	0.0012	0.0028	0.0028	0.0001	0.0003	0.0002	0.0001	0.0026	0.0026	0.0000	0.0330	0.0285	0.0046	0.0091	0.0084	0.0007	0.0239	0.0200	0.0038	0.3266	0.2243	0.1023	0.1663	0.1387	0.0276	0.1603	0.0856	0.0747	4.2451	0.0000	389.0791	0.0006	0.0000	0.0053	3.1717	0.0000	2353.8713	0.0087	0.0123	0.0007	0.0016	0.0014	0.0022	0.0161	0.0300	0.0001
31	153	0.5931	9	1	1	0	1	0	0	0	0	N	N	N	N	N	N	N	N	N	N	N	N	83.0611	76.5109	0.0000	175.5787	176.7442	0.0000	0.0000	0.0000	0.0000	0.0386	0.0448	0.0000	0.1422	0.1547	0.0000	0.0000	0.0000	0.0000	0.0005	0.0006	0.0002	0.0008	0.0009	0.0005	0.0001	0.0001	0.0001	0.0000	0.1547	-0.0005	-0.0000	5.0045	0.9811	16.6627	0.0216	0.0012	0.0012	0.0000	0.0012	0.0012	0.0000	0.0000	0.0000	0.0000	0.0000	0.0000	0.0000	0.0000	0.0000	0.0000	0.0000	0.0000	0.0000	0.0316	0.0272	0.0044	0.0086	0.0079	0.0007	0.0230	0.0193	0.0037	0.0267	0.0183	0.0083	0.0137	0.0114	0.0023	0.0130	0.0069	0.0061	83.0611	76.5109	0.0000	175.5787	176.7442	0.0000	0.0000	0.0000	0.0000	0.0005	0.0006	0.0002	0.0008	0.0009	0.0005	0.0001	0.0001	0.0001
31	154	0.5886	8	1	1	0	1	0	0	0	0	N	N	N	N	N	N	N	N	N	N	N	N	0.0000	0.0000	0.0000	0.0000	0.0000	0.0000	0.0000	0.0000	0.0000	0.0000	0.0000	0.0000	0.0000	0.0000	0.0000	0.0000	0.0000	0.0000	0.0261	0.0335	0.0098	0.0496	0.0531	0.0321	0.0007	0.0003	0.0012	0.1322	0.0000	-0.0005	5.0045	0.0083	16.6627	2.0001	0.0000	0.0000	0.0000	0.0000	0.0000	0.0000	0.0000	0.0000	0.0000	0.0014	0.0013	0.0002	0.0014	0.0013	0.0002	0.0000	0.0000	0.0000	0.0003	0.0003	0.0000	0.0001	0.0001	0.0000	0.0002	0.0002	0.0000	0.0553	0.0380	0.0173	0.0287	0.0239	0.0048	0.0266	0.0141	0.0125	0.0000	0.0000	0.0000	0.0000	0.0000	0.0000	0.0000	0.0000	0.0000	0.0261	0.0335	0.0098	0.0496	0.0531	0.0321	0.0007	0.0003	0.0012	
31	155	0.5649	7	0	1	0	1	0	0	0	0	N	N	N	N	N	N	N	N	N	N	N	N	0.0000	0.0000	0.0000	0.0000	0.0000	0.0000	0.0000	0.0000	0.0000	0.0000	0.0000	0.0000	0.0000	0.0000	0.0000	0.0000	0.0000	0.0000	2.9506	3.8166	0.8932	7.4753	7.3546	2.8998	0.0123	0.0001	0.0278	0.0985	0.0000	-0.3807	5.0045	2.9180	16.6627	7.4065	0.0000	0.0000	0.0000	0.0000	0.0000	0.0000	0.0000	0.0000	0.0000	1.0325	0.9399	0.0926	1.0304	0.9399	0.0906	0.0020	0.0000	0.0020	0.0968	0.0831	0.0137	0.0283	0.0256	0.0027	0.0685	0.0575	0.0110	0.3499	0.2463	0.1037	0.1845	0.1533	0.0312	0.1654	0.0930	0.0724	0.0000	0.0000	0.0000	0.0000	0.0000	0.0000	0.0000	0.0000	0.0000	2.9506	3.8166	0.8932	5.5843	6.1312	2.8998	0.0123	0.0001	0.0278	
31	156	0.4991	6	0	0	0	1	0	0	0	0	N	N	N	N	N	N	N	N	N	N	N	N	0.0012	0.0005	0.0122	0.0003	0.0003	0.0000	0.0099	0.0137	0.0229	0.0001	0.0001	0.0006	0.0001	0.0001	0.0000	0.0002	0.0001	0.0008	0.1184	0.1468	0.0531	0.2122	0.2319	0.1026	0.0199	0.0060	0.0360	1.0800	0.1572	0.0000	-0.0355	5.0045	8.2479	16.6627	19.7214	0.0001	0.0000	0.0000	0.0000	0.0000	0.0000	0.0000	0.0000	0.0000	0.1101	0.0951	0.0150	0.1011	0.0937	0.0074	0.0090	0.0015	0.0075	0.3971	0.3508	0.0463	0.1602	0.1503	0.0099	0.2369	0.2005	0.0364	0.9297	0.6480	0.2817	0.4764	0.4040	0.0724	0.4533	0.2440	0.2093	0.0012	0.0005	0.0122	0.0003	0.0003	0.0000	0.0099	0.0137	0.0229	0.1184	0.1468	0.0531	0.2122	0.2319	0.1026	0.0199	0.0060	0.0360
31	157	0.4630	5	0	0	0	1	0	0	0	0	N	N	N	N	N	N	N	N	N	N	N	N	0.0440	0.0070	0.1180	0.0068	0.0088	0.0003	0.0378	0.0103	0.1161	0.0073	0.0003	0.0529	0.0005	0.0005	0.0000	0.0102	0.0002	0.0630	0.1666	0.0450	0.4481	0.0699	0.0580	0.1439	0.2694	0.0222	0.5424	25.7078	4.3079	0.0011	0.0525	5.0045	7.4725	16.6627	14.3153	0.0021	0.0001	0.0020	0.0000	0.0000	0.0000	0.0021	0.0000	0.0020	0.1485	0.0280	0.1205	0.0321	0.0229	0.0092	0.1164	0.0050	0.1114	0.2875	0.2491	0.0384	0.0843	0.0781	0.0062	0.2032	0.1710	0.0322	0.8914	0.6224	0.2690	0.4593	0.3956	0.0637	0.4321	0.2268	0.2053	0.0440	0.0070	0.1180	0.0068	0.0088	0.0003	0.0378	0.0103	0.1161	0.1666	0.0450	0.4481	0.0699	0.0580	0.1439	0.2694	0.0222	0.5424
31	158	0.3975	4	0	0	0	1	0	0	0	0	N	N	N	N	N	N	N	N	N	N	N	N	0.7175	0.0153	2.2220	0.0536	0.0586	0.0087	0.5824	0.0001	2.0268	0.5262	0.0045	3.9892	0.0161	0.0169	0.0033	0.6918	0.0000	4.4661	0.7333	0.2955	1.7953	0.3003	0.2880	0.3843	1.1878	0.3084	2.2035	133.2075	2.5040	0.1243	0.2427	5.0045	11.6653	16.6627	19.4910	0.2254	0.0017	0.2237	0.0017	0.0017	0.0000	0.2237	0.0000	0.2237	0.9470	0.2703	0.6768	0.1986	0.1661	0.0325	0.7484	0.1041	0.6443	0.4284	0.3724	0.0561	0.1050	0.0990	0.0060	0.3234	0.2733	0.0501	1.2915	0.9145	0.3770	0.6614	0.5769	0.0846	0.6301	0.3377	0.2924	0.7175	0.0153	2.2220	0.0536	0.0586	0.0087	0.5824	0.0001	2.0268	0.7333	0.2955	1.7953	0.3003	0.2880	0.3843	1.1878	0.3084	2.2035
31	159	0.3502	3	0	0	0	1	0	0	0	0	N	N	N	N	N	N	N	N	N	N	N	N	1.3169	0.1110	4.3972	1.0968	1.0824	1.9633	0.9820	0.0000	3.9926	3.0160	0.1154	23.4684	0.3829	0.3449	1.0982	4.1901	0.0001	26.6715	2.2903	1.0396	5.3372	0.3491	0.3187	0.5594	4.2668	2.2236	6.6803	28.8469	2.1072	0.5206	0.6825	5.0045	7.3933	16.6627	20.5306	0.9909	0.0332	0.9577	0.0388	0.0332	0.0056	0.9521	0.0000	0.9520	3.1051	0.9993	2.1058	0.2388	0.1904	0.0484	2.8663	0.8089	2.0574	0.3285	0.2877	0.0408	0.1013	0.0962	0.0051	0.2272	0.1915	0.0357	1.3558	0.9612	0.3946	0.6840	0.5974	0.0866	0.6718	0.3638	0.3080	1.3169	0.1110	4.3972	1.0968	1.0824	1.9633	0.9820	0.0000	3.9926	2.2903	1.0396	5.3372	0.3491	0.3187	0.5594	4.2668	2.2236	6.6803
31	160	0.1140	2	0	0	0	1	0	0	0	0	N	N	N	N	N	N	N	N	N	N	N	N	1.9953	0.0079	8.6103	0.0195	0.0172	0.1329	1.6643	0.0064	7.8619	3.6517	0.0095	24.1712	0.0120	0.0123	0.0083	3.7343	0.0094	24.4208	1.8302	1.2046	2.8073	0.6191	0.7178	0.0624	2.2437	1.4721	3.1062	453.3502	1.4921	1.5880	0.5382	5.0045	27.6416	16.6627	54.6365	2.8527	0.0063	2.8464	0.0002	0.0002	0.0000	2.8524	0.0061	2.8464	3.8342	1.5386	2.2957	0.3302	0.3252	0.0050	3.5040	1.2134	2.2907	0.7812	0.6634	0.1178	0.0173	0.0161	0.0012	0.7639	0.6473	0.1166	2.0950	1.2773	0.8178	0.5333	0.4530	0.0803	1.5617	0.8243	0.7374	1.9953	0.0079	8.6103	0.0195	0.0172	0.1329	1.6643	0.0064	7.8619	1.8302	1.2046	2.8073	0.6191	0.7178	0.0624	2.2437	1.4721	3.1062
31	161	0.2186	8	1	1	0	1	0	0	0	0	N	N	N	N	N	N	N	N	N	N	N	N	0.0000	0.0000	0.0000	0.0000	0.0000	0.0000	0.0000	0.0000	0.0000	0.0000	0.0000	0.0000	0.0000	0.0000	0.0000	0.0000	0.0000	15.9685	0.0000	79.4649	0.0318	0.0000	0.1931	16.9539	0.0000	66.4300	3298944.7747	0.0000	0.5253	5.0045	0.0002	16.6627	3.0099	0.0000	0.0000	0.0000	0.0000	0.0000	0.0000	0.0000	0.0000	0.0000	0.9699	0.0000	0.9699	0.0010	0.0000	0.0010	0.9689	0.0000	0.9689	0.0000	0.0000	0.0000	0.0000	0.0000	0.0000	0.0000	0.0000	0.0000	0.0917	0.0581	0.0336	0.0311	0.0259	0.0051	0.0606	0.0321	0.0285	0.0000	0.0000	0.0000	0.0000	0.0000	0.0000	0.0000	0.0000	0.0000	10.5762	0.0000	28.8413	0.0318	0.0000	0.1931	15.9757	0.0000	33.9711		
31	162	0.2109	7	1	1	0	1	0	0	0	0	N	N	N	N	N	N	N	N	N	N	N	N	0.0000	0.0000	0.0000	0.0000	0.0000	0.0000	0.0000	0.0000	0.0000	0.0000	0.0000	0.0000	0.0000	0.0000	0.0000	0.0000	0.0000	0.0000	0.0325	0.0021	0.0841	0.0018	0.0020	0.0005	0.0478	0.0021	0.0991	23.6086	0.0000	0.0015	5.0045	0.9998	16.6627	2.0118	0.0000	0.0000	0.0000	0.0000	0.0000	0.0000	0.0000	0.0000	0.0000	0.0029	0.0001	0.0028	0.0001	0.0001	0.0000	0.0029	0.0001	0.0028	0.0332	0.0282	0.0050	0.0040	0.0037	0.0003	0.0292	0.0245	0.0046	0.0899	0.0566	0.0333	0.0300	0.0249	0.0051	0.0599	0.0317	0.0282	0.0000	0.0000	0.0000	0.0000	0.0000	0.0000	0.0000	0.0000	0.0000	0.0325	0.0021	0.0841	0.0018	0.0020	0.0005	0.0478	0.0021	0.0991	
31	163	0.2109	6	1	1	0	1	0	0	0	0	N	N	N	N	N	N	N	N	N	N	N	N	0.0000	0.0000	0.0000	0.0000	0.0000	0.0000	0.0000	0.0000	0.0000	0.0000	0.0000	0.0000	0.0000	0.0000	0.0000	0.0022	0.0019	0.0036	0.0049	0.0036	0.0310	0.0000	0.0000	0.0000	0.4491	0.0000	-0.0000	5.0045	0.0000	16.6627	0.0003	0.0000	0.0000	0.0000	0.0000	0.0000	0.0000	0.0000	0.0000	0.0000	0.0000	0.0000	0.0000	0.0000	0.0000	0.0000	0.0000	0.0000	0.0000	0.0000	0.0000	0.0000	0.0000	0.0000	0.0000	0.0000	0.0000	0.0000	0.0000	0.0000	0.0000	0.0000	0.0000	0.0000	0.0000	0.0000	0.0000	0.0000	0.0000	0.0000	0.0000	0.0000	0.0000	0.0000	0.0000	0.0000	0.0022	0.0019	0.0036	0.0049	0.0036	0.0310	0.0000	0.0000	0.0000				
31	164	0.2000	5	0	1	0	1	0	0	0	0	N	N	N	N	N	N	N	N	N	N	N	N	0.0104	0.0086	0.0000	0.0111	0.0096	0.0000	0.0000	0.0000	0.0000	0.0001	0.0001	0.0000	0.0003	0.0003	0.0000	0.0000	0.0000	0.0000	0.0103	0.0150	0.0019	0.0257	0.0302	0.0008	0.0012	0.0004	0.0021	0.0000	0.0714	-0.0000	-0.0006	5.0045	0.0063	16.6627	4.3641	0.0000	0.0000	0.0000	0.0000	0.0000	0.0000	0.0000	0.0000	0.0000	0.0016	0.0015	0.0001	0.0015	0.0014	0.0000	0.0001	0.0000	0.0001	0.0006	0.0005	0.0001	0.0002	0.0002	0.0000	0.0004	0.0003	0.0001	0.1531	0.0978	0.0553	0.0565	0.0479	0.0086	0.0966	0.0499	0.0467	0.0104	0.0086	0.0000	0.0111	0.0096	0.0000	0.0000	0.0000	0.0000	0.0103	0.0150	0.0019	0.0257	0.0302	0.0008	0.0012	0.0004	0.0021
31	165	0.1680	4	0	0	0	1	0	0	0	0	N	N	N	N	N	N	N	N	N	N	N	N	0.0131	0.0292	0.0000	0.0661	0.0673	0.0000	0.0000	0.0000	0.0000	0.0003	0.0004	0.0000	0.0015	0.0016	0.0000	0.0000	0.0000	0.0000	0.0257	0.0136	0.0497	0.0227	0.0233	0.0181	0.0275	0.0044	0.0546	0.0000	1.8515	-0.0000	0.0024	5.0045	2.5207	16.6627	10.0226	0.0000	0.0000	0.0000	0.0000	0.0000	0.0000	0.0000	0.0000	0.0000	0.0126	0.0044	0.0082	0.0041	0.0037	0.0004	0.0085	0.0007	0.0078	0.1182	0.1005	0.0177	0.0266	0.0254	0.0012	0.0916	0.0752	0.0165	0.4884	0.3243	0.1641	0.1794	0.1575	0.0218	0.3090	0.1667	0.1423	0.0131	0.0292	0.0000	0.0661	0.0673	0.0000	0.0000	0.0000	0.0000	0.0257	0.0136	0.0497	0.0227	0.0233	0.0181	0.0275	0.0044	0.0546
31	166	0.1525	3	0	0	0	1	0	0	0	0	N	N	N	N	N	N	N	N	N	N	N	N	0.0000	0.0000	0.0000	0.0000	0.0000	0.0000	0.0000	0.0000	0.0000	0.0000	0.0000	0.0000	0.0000	0.0000	0.0000	0.0000	0.0000	0.0000	0.1133	0.0546	0.2339	0.0899	0.0934	0.0650	0.1298	0.0093	0.2653	0.3106	2.0866	-0.0000	0.0093	5.0045	2.6894	16.6627	4.6619	0.0000	0.0000	0.0000	0.0000	0.0000	0.0000	0.0000	0.0000	0.0000	0.0429	0.0139	0.0290	0.0141	0.0128	0.0013	0.0288	0.0011	0.0277	0.1425	0.1214	0.0211	0.0458	0.0408	0.0050	0.0967	0.0806	0.0161	0.3785	0.2546	0.1239	0.1564	0.1370	0.0195	0.2220	0.1176	0.1045	0.0000	0.0000	0.0000	0.0000	0.0000	0.0000	0.0000	0.0000	0.0000	0.1133	0.0546	0.2339	0.0899	0.0934	0.0650	0.1298	0.0093	0.2653
31	167	0.1140	2	0	0	0	1	0	0	0	0	N	N	N	N	N	N	N	N	N	N	N	N	0.0000	0.0000	0.0000	0.0000	0.0000	0.0000	0.0000	0.0000	0.0000	0.0000	0.0000	0.0000	0.0000	0.0000	0.0000	0.0000	0.0000	0.0000	2.6945	0.5964	5.7293	0.9430	1.0475	0.0365	3.6872	0.0483	6.3026	3.9022	6.6406	0.0000	0.6324	5.0045	2.7966	16.6627	8.5340	0.0000	0.0000	0.0000	0.0000	0.0000	0.0000	0.0000	0.0000	0.0000	1.5396	0.2015	1.3381	0.1949	0.1941	0.0008	1.3447	0.0074	1.3373	0.0887	0.0748	0.0139	0.0022	0.0020	0.0001	0.0865	0.0727	0.0137	0.5714	0.3378	0.2336	0.2067	0.1853	0.0214	0.3647	0.1525	0.2122	0.0000	0.0000	0.0000	0.0000	0.0000	0.0000	0.0000	0.0000	0.0000	2.6945	0.5964	5.7293	0.9430	1.0475	0.0365	3.6872	0.0483	6.3026
32	33	0.7000	11	2	0	2	0	0	0	0	0	Y	N	Y	N	N	N	N	N	N	N	N	N	0.0000	0.0000	0.0000	0.0000	0.0000	0.0000	0.0000	0.0000	0.0000	0.0000	0.0000	0.0000	0.0000	0.0000	0.0000	0.0000	0.0000	0.0001	0.0000	0.0004	0.0001	0.0000	0.0005	0.0001	0.0000	0.0003	185.1094	0.0000	0.0000	1.4893	0.9855	0.0050	5.0251	0.0000	0.0000	0.0000	0.0000	0.0000	0.0000	0.0000	0.0000	0.0000	0.0000	0.0000	0.0000	0.0000	0.0000	0.0000	0.0000	0.0000	0.0000	0.0089	0.0076	0.0013	0.0021	0.0019	0.0001	0.0068	0.0056	0.0011	0.0098	0.0067	0.0031	0.0058	0.0046	0.0012	0.0039	0.0021	0.0019	0.0000	0.0000	0.0000	0.0000	0.0000	0.0000	0.0000	0.0000	0.0000	0.0001	0.0000	0.0004	0.0001	0.0000	0.0005	0.0001	0.0000	0.0003		
32	34	0.6729	11	1	1	1	0	0	0	0	0	N	N	N	N	N	N	N	N	N	N	N	N	0.0000	0.0000	0.0000	0.0000	0.0000	0.0000	0.0000	0.0000	0.0000	0.0000	0.0000	0.0000	0.0000	0.0000	0.0000	0.0300	0.0437	0.0000	0.0522	0.0610	0.0000	0.0000	0.0000	0.0000	0.0000	0.0000	-0.0002	1.4893	2.0026	0.0050	4.0175	0.0000	0.0000	0.0000	0.0000	0.0000	0.0000	0.0000	0.0000	0.0000	0.0004	0.0004	0.0000	0.0004	0.0004	0.0000	0.0000	0.0000	0.0000	0.0275	0.0240	0.0035	0.0140	0.0128	0.0012	0.0135	0.0112	0.0023	0.0140	0.0096	0.0044	0.0080	0.0069	0.0012	0.0060	0.0027	0.0032	0.0000	0.0000	0.0000	0.0000	0.0000	0.0000	0.0000	0.0000	0.0000	0.0300	0.0437	0.0000	0.0522	0.0610	0.0000	0.0000	0.0000	0.0000				
32	35	0.6728	10	1	0	1	0	0	0	0	0	N	N	N	N	N	N	N	N	N	N	N	N	0.0000	0.0000	0.0000	0.0000	0.0000	0.0000	0.0000	0.0000	0.0000	0.0000	0.0000	0.0000	0.0000	0.0000	0.0000	0.0000	0.0000	0.0000	0.0000	0.0001	0.0000	0.0000	0.0000	0.0000	0.0000	0.0001	0.9744	0.0000	0.0000	1.4893	0.4148	0.0050	1.5497	0.0000	0.0000	0.0000	0.0000	0.0000	0.0000	0.0000	0.0000	0.0000	0.0000	0.0000	0.0000	0.0000	0.0000	0.0000	0.0000	0.0000	0.0000	0.0131	0.0117	0.0014	0.0103	0.0093	0.0010	0.0028	0.0024	0.0005	0.0079	0.0054	0.0024	0.0048	0.0042	0.0006	0.0031	0.0013	0.0018	0.0000	0.0000	0.0000	0.0000	0.0000	0.0000	0.0000	0.0000	0.0000	0.0000	0.0000	0.0001	0.0000	0.0000	0.0000	0.0000	0.0000	0.0001		
32	36	0.6151	8	1	1	1	0	0	0	0	0	N	N	N	N	N	N	N	N	N	N	N	N	0.0000	0.0000	0.0000	0.0000	0.0000	0.0000	0.0000	0.0000	0.0000	0.0000	0.0000	0.0000	0.0000	0.0000	0.0000	0.0000	0.0000	0.0027	0.0018	0.0048	0.0021	0.0026	0.0000	0.0036	0.0000	0.0072	1.2084	0.0000	0.0000	1.4893	7.9964	0.0050	23.6501	0.0000	0.0000	0.0000	0.0000	0.0000	0.0000	0.0000	0.0000	0.0000	0.0001	0.0001	0.0001	0.0001	0.0001	0.0000	0.0001	0.0000	0.0001	0.0629	0.0538	0.0091	0.0140	0.0131	0.0009	0.0489	0.0407	0.0082	0.0483	0.0332	0.0150	0.0280	0.0230	0.0050	0.0203	0.0102	0.0101	0.0000	0.0000	0.0000	0.0000	0.0000	0.0000	0.0000	0.0000	0.0000	0.0027	0.0018	0.0048	0.0021	0.0026	0.0000	0.0036	0.0000	0.0072		
32	37	0.6890	10	2	1	1	0	0	0	0	0	Y	N	N	N	N	N	N	N	N	N	N	N	0.0000	0.0000	0.0000	0.0000	0.0000	0.0000	0.0000	0.0000	0.0000	0.0000	0.0000	0.0000	0.0000	0.0003	0.0005	0.0000	0.0005	0.0006	0.0000	0.0000	0.0000	0.0000	0.0000	0.0000	-0.0000	1.4893	6.9981	0.0050	25.9787	0.0000	0.0000	0.0000	0.0000	0.0000	0.0000	0.0000	0.0000	0.0000	0.0000	0.0000	0.0000	0.0000	0.0000	0.0000	0.0000	0.0000	0.0000	0.0630	0.0542	0.0088	0.0172	0.0161	0.0012	0.0457	0.0381	0.0076	0.0523	0.0360	0.0163	0.0338	0.0263	0.0074	0.0185	0.0097	0.0088	0.0000	0.0000	0.0000	0.0000	0.0000	0.0000	0.0000	0.0000	0.0000	0.0003	0.0005	0.0000	0.0005	0.0006	0.0000	0.0000	0.0000	0.0000						
32	38	0.6728	10	1	1	1	0	0	0	0	0	N	N	N	N	N	N	N	N	N	N	N	N	0.0000	0.0000	0.0000	0.0000	0.0000	0.0000	0.0000	0.0000	0.0000	0.0000	0.0000	0.0000	0.0000	0.0000	0.0000	0.0000	0.0000	0.0000	0.0000	0.0000	0.0000	0.0000	0.0000	0.0000	0.0000	0.0000	20.9394	0.0000	0.0000	1.4893	4.7553	0.0050	10.1994	0.0000	0.0000	0.0000	0.0000	0.0000	0.0000	0.0000	0.0000	0.0000	0.0000	0.0000	0.0000	0.0000	0.0000	0.0000	0.0000	0.0000	0.0000	0.0519	0.0449	0.0069	0.0202	0.0186	0.0016	0.0316	0.0264	0.0053	0.0269	0.0184	0.0085	0.0148	0.0126	0.0023	0.0121	0.0059	0.0062	0.0000	0.0000	0.0000	0.0000	0.0000	0.0000	0.0000	0.0000	0.0000	0.0000	0.0000	0.0000	0.0000	0.0000	0.0000	0.0000	0.0000	0.0000		
32	39	0.6151	8	2	1	1	0	0	0	0	0	Y	N	N	N	N	N	N	N	N	N	N	N	0.0000	0.0000	0.0000	0.0000	0.0000	0.0000	0.0000	0.0000	0.0000	0.0000	0.0000	0.0000	0.0000	0.0086	0.0124	0.0000	0.0148	0.0180	0.0000	0.0000	0.0000	0.0000	0.0000	0.0000	-0.0002	1.4893	5.0000	0.0050	27.3229	0.0000	0.0000	0.0000	0.0000	0.0000	0.0000	0.0000	0.0000	0.0000	0.0004	0.0004	0.0000	0.0004	0.0004	0.0000	0.0000	0.0000	0.0000	0.0397	0.0339	0.0058	0.0088	0.0083	0.0006	0.0309	0.0257	0.0052	0.0490	0.0338	0.0153	0.0284	0.0234	0.0050	0.0206	0.0104	0.0103	0.0000	0.0000	0.0000	0.0000	0.0000	0.0000	0.0000	0.0000	0.0000	0.0086	0.0124	0.0000	0.0148	0.0180	0.0000	0.0000	0.0000	0.0000						
32	40	0.6890	10	1	1	1	0	0	0	0	0	N	N	N	N	N	N	N	N	N	N	N	N	0.0000	0.0000	0.0000	0.0000	0.0000	0.0000	0.0000	0.0000	0.0000	0.0000	0.0000	0.0000	0.0000	0.0000	0.0000	0.0009	0.0000	0.0029	0.0007	0.0000	0.0032	0.0013	0.0000	0.0027	inf	0.0000	0.0000	1.4893	7.0019	0.0050	21.4344	0.0000	0.0000	0.0000	0.0000	0.0000	0.0000	0.0000	0.0000	0.0000	0.0000	0.0000	0.0000	0.0000	0.0000	0.0000	0.0000	0.0000	0.0000	0.0630	0.0542	0.0088	0.0173	0.0161	0.0012	0.0458	0.0382	0.0076	0.0469	0.0323	0.0146	0.0305	0.0237	0.0068	0.0164	0.0086	0.0078	0.0000	0.0000	0.0000	0.0000	0.0000	0.0000	0.0000	0.0000	0.0000	0.0009	0.0000	0.0029	0.0007	0.0000	0.0032	0.0013	0.0000	0.0027				
32	41	0.1108	3	1	1	1	0	0	0	0	0	N	N	N	N	N	N	N	N	N	N	N	N	0.0000	0.0000	0.0000	0.0000	0.0000	0.0000	0.0000	0.0000	0.0000	0.0000	0.0000	0.0000	0.0000	0.0000	0.0000	0.0000	0.0000	0.0000	0.0001	0.0000	0.0012	0.0000	0.0000	0.0000	inf	0.0000	0.0000	1.4893	8.1446	0.0050	10.2519	0.0000	0.0000	0.0000	0.0000	0.0000	0.0000	0.0000	0.0000	0.0000	0.0000	0.0000	0.0000	0.0000	0.0000	0.0000	0.0000	0.0000	0.0000	0.1249	0.1072	0.0177	0.0225	0.0218	0.0007	0.1024	0.0854	0.0170	0.0507	0.0286	0.0221	0.0031	0.0029	0.0002	0.0476	0.0257	0.0219	0.0000	0.0000	0.0000	0.0000	0.0000	0.0000	0.0000	0.0000	0.0000	0.0000	0.0000	0.0000	0.0001	0.0000	0.0012	0.0000	0.0000	0.0000				
32	42	0.6890	10	1	1	1	0	0	0	0	0	N	N	N	N	N	N	N	N	N	N	N	N	0.0000	0.0000	0.0000	0.0000	0.0000	0.0000	0.0000	0.0000	0.0000	0.0000	0.0000	0.0000	0.0000	0.0017	0.0025	0.0000	0.0026	0.0034	0.0000	0.0000	0.0000	0.0000	0.0000	0.0000	-0.0000	1.4893	5.9981	0.0050	11.5875	0.0000	0.0000	0.0000	0.0000	0.0000	0.0000	0.0000	0.0000	0.0000	0.0001	0.0001	0.0000	0.0001	0.0001	0.0000	0.0000	0.0000	0.0000	0.0542	0.0466	0.0076	0.0149	0.0138	0.0010	0.0394	0.0328	0.0065	0.0330	0.0226	0.0104	0.0220	0.0169	0.0051	0.0110	0.0057	0.0053	0.0000	0.0000	0.0000	0.0000	0.0000	0.0000	0.0000	0.0000	0.0000	0.0017	0.0025	0.0000	0.0026	0.0034	0.0000	0.0000	0.0000	0.0000						
32	43	0.7727	10	1	1	2	1	0	0	0	0	N	N	Y	N	N	N	N	N	N	N	N	N	0.0000	0.0000	0.0000	0.0000	0.0000	0.0000	0.0000	0.0000	0.0000	0.0000	0.0000	0.0000	0.0000	0.0000	0.0000	0.0000	0.0000	0.0000	0.0000	0.0000	0.0000	0.0000	0.0000	0.0000	0.0000	0.0000	0.4524	0.0000	-0.0000	1.4893	1.0007	0.0050	2.4334	0.0000	0.0000	0.0000	0.0000	0.0000	0.0000	0.0000	0.0000	0.0000	0.0000	0.0000	0.0000	0.0000	0.0000	0.0000	0.0000	0.0000	0.0000	0.0086	0.0073	0.0013	0.0024	0.0023	0.0002	0.0062	0.0051	0.0011	0.0105	0.0075	0.0030	0.0054	0.0050	0.0004	0.0051	0.0026	0.0026	0.0000	0.0000	0.0000	0.0000	0.0000	0.0000	0.0000	0.0000	0.0000	0.0000	0.0000	0.0000	0.0000	0.0000	0.0000	0.0000	0.0000	0.0000		
32	44	0.7355	9	1	0	1	1	0	0	0	0	N	N	N	N	N	N	N	N	N	N	N	N	0.0000	0.0000	0.0000	0.0000	0.0000	0.0000	0.0000	0.0000	0.0000	0.0000	0.0000	0.0000	0.0000	0.0000	0.0000	0.0000	0.0000	0.0000	0.0001	0.0001	0.0000	0.0002	0.0002	0.0000	0.0000	0.0000	0.0000	0.0836	0.0000	-0.0000	1.4893	1.0391	0.0050	15.0482	0.0000	0.0000	0.0000	0.0000	0.0000	0.0000	0.0000	0.0000	0.0000	0.0000	0.0000	0.0000	0.0000	0.0000	0.0000	0.0000	0.0000	0.0000	0.0097	0.0083	0.0014	0.0029	0.0027	0.0002	0.0068	0.0056	0.0012	0.0391	0.0281	0.0110	0.0214	0.0185	0.0028	0.0177	0.0096	0.0082	0.0000	0.0000	0.0000	0.0000	0.0000	0.0000	0.0000	0.0000	0.0000	0.0001	0.0001	0.0000	0.0002	0.0002	0.0000	0.0000	0.0000	0.0000	
32	45	0.6151	8	1	1	1	0	0	0	0	0	N	N	N	N	N	N	N	N	N	N	N	N	0.0000	0.0000	0.0000	0.0000	0.0000	0.0000	0.0000	0.0000	0.0000	0.0000	0.0000	0.0000	0.0000	0.0000	0.0000	0.0000	0.0030	0.0023	0.0045	0.0027	0.0033	0.0000	0.0033	0.0000	0.0067	0.9063	0.0000	0.0000	1.4893	12.0036	0.0050	21.9053	0.0000	0.0000	0.0000	0.0000	0.0000	0.0000	0.0000	0.0000	0.0000	0.0002	0.0001	0.0001	0.0001	0.0001	0.0000	0.0001	0.0000	0.0001	0.0944	0.0808	0.0136	0.0211	0.0197	0.0013	0.0733	0.0611	0.0123	0.0515	0.0354	0.0161	0.0298	0.0245	0.0053	0.0217	0.0110	0.0108	0.0000	0.0000	0.0000	0.0000	0.0000	0.0000	0.0000	0.0000	0.0000	0.0030	0.0023	0.0045	0.0027	0.0033	0.0000	0.0033	0.0000	0.0067			
32	46	0.3986	10	2	1	1	0	0	0	0	0	Y	N	N	N	N	N	N	N	N	N	N	N	0.0000	0.0000	0.0000	0.0000	0.0000	0.0000	0.0000	0.0000	0.0000	0.0000	0.0000	0.0000	0.0000	0.0000	0.0000	0.0000	0.0000	0.0000	0.0000	0.0000	1.4893	2.0120	0.0050	1.9924	0.0000	0.0000	0.0000	0.0000	0.0000	0.0000	0.0000	0.0000	0.0000	0.0000	0.0000	0.0000	0.0000	0.0000	0.0000	0.0000	0.0000	0.0000	0.0190	0.0162	0.0027	0.0052	0.0048	0.0004	0.0138	0.0114	0.0024	0.0060	0.0035	0.0025	0.0010	0.0008	0.0002	0.0050	0.0027	0.0023	0.0000	0.0000	0.0000	0.0000	0.0000	0.0000	0.0000	0.0000	0.0000	0.0000	0.0000	0.0000	0.0000	0.0000	0.0000	0.0000	0.0000	0.0000											
32	47	0.7196	14	2	1	1	0	0	0	0	0	Y	N	N	N	N	N	N	N	N	N	N	N	0.0000	0.0000	0.0000	0.0000	0.0000	0.0000	0.0000	0.0000	0.0000	0.0000	0.0000	0.0000	0.0000	0.0000	0.0000	0.0000	0.0000	0.0000	0.0000	0.0000	1.4893	0.0002	0.0050	4.0036	0.0000	0.0000	0.0000	0.0000	0.0000	0.0000	0.0000	0.0000	0.0000	0.0000	0.0000	0.0000	0.0000	0.0000	0.0000	0.0000	0.0000	0.0000	0.0000	0.0000	0.0000	0.0000	0.0000	0.0000	0.0000	0.0000	0.0000	0.0064	0.0045	0.0019	0.0043	0.0034	0.0008	0.0021	0.0011	0.0011	0.0000	0.0000	0.0000	0.0000	0.0000	0.0000	0.0000	0.0000	0.0000	0.0000	0.0000	0.0000	0.0000	0.0000	0.0000	0.0000	0.0000	0.0000											
32	48	0.6151	8	1	1	1	1	0	0	0	0	N	N	N	N	N	N	N	N	N	N	N	N	0.0000	0.0000	0.0000	0.0000	0.0000	0.0000	0.0000	0.0000	0.0000	0.0000	0.0000	0.0000	0.0000	0.0038	0.0055	0.0000	0.0066	0.0081	0.0000	0.0000	0.0000	0.0000	0.0000	0.0000	-0.0001	1.4893	6.0036	0.0050	51.7820	0.0000	0.0000	0.0000	0.0000	0.0000	0.0000	0.0000	0.0000	0.0000	0.0003	0.0003	0.0000	0.0003	0.0003	0.0000	0.0000	0.0000	0.0000	0.0475	0.0406	0.0069	0.0106	0.0099	0.0007	0.0370	0.0307	0.0062	0.0761	0.0524	0.0238	0.0433	0.0355	0.0078	0.0329	0.0169	0.0160	0.0000	0.0000	0.0000	0.0000	0.0000	0.0000	0.0000	0.0000	0.0000	0.0038	0.0055	0.0000	0.0066	0.0081	0.0000	0.0000	0.0000	0.0000						
32	49	0.6151	8	2	1	1	0	0	0	0	0	Y	N	N	N	N	N	N	N	N	N	N	N	0.0000	0.0000	0.0000	0.0000	0.0000	0.0000	0.0000	0.0000	0.0000	0.0000	0.0000	0.0000	0.0000	0.0000	0.0000	0.0012	0.0000	0.0040	0.0000	0.0000	0.0000	0.0029	0.0000	0.0059	inf	0.0000	0.0000	1.4893	5.9964	0.0050	34.6547	0.0000	0.0000	0.0000	0.0000	0.0000	0.0000	0.0000	0.0000	0.0000	0.0001	0.0000	0.0001	0.0000	0.0000	0.0000	0.0001	0.0000	0.0001	0.0475	0.0406	0.0069	0.0106	0.0099	0.0007	0.0369	0.0307	0.0062	0.0585	0.0403	0.0182	0.0337	0.0277	0.0060	0.0248	0.0126	0.0122	0.0000	0.0000	0.0000	0.0000	0.0000	0.0000	0.0000	0.0000	0.0000	0.0012	0.0000	0.0040	0.0000	0.0000	0.0000	0.0029	0.0000	0.0059				
32	50	0.7046	9	1	0	2	0	0	0	0	0	N	N	Y	N	N	N	N	N	N	N	N	N	0.0000	0.0000	0.0000	0.0000	0.0000	0.0000	0.0000	0.0000	0.0000	0.0000	0.0000	0.0000	0.0000	0.0000	0.0000	0.0000	0.0000	0.0003	0.0001	0.0007	0.0004	0.0002	0.0012	0.0002	0.0000	0.0005	2.2009	0.0000	0.0000	1.4893	31.2093	0.0050	46.3939	0.0000	0.0000	0.0000	0.0000	0.0000	0.0000	0.0000	0.0000	0.0000	0.0000	0.0000	0.0000	0.0000	0.0000	0.0000	0.0000	0.0000	0.0000	0.2566	0.2229	0.0338	0.0774	0.0725	0.0048	0.1792	0.1503	0.0289	0.1071	0.0755	0.0316	0.0595	0.0498	0.0097	0.0476	0.0257	0.0219	0.0000	0.0000	0.0000	0.0000	0.0000	0.0000	0.0000	0.0000	0.0000	0.0003	0.0001	0.0007	0.0004	0.0002	0.0012	0.0002	0.0000	0.0005		
32	51	0.6519	9	1	1	1	0	0	0	0	0	N	N	N	N	N	N	N	N	N	N	N	N	0.0000	0.0000	0.0000	0.0000	0.0000	0.0000	0.0000	0.0000	0.0000	0.0000	0.0000	0.0000	0.0000	0.0000	0.0000	0.0000	0.0000	0.0000	0.0002	0.0002	0.0000	0.0003	0.0003	0.0000	0.0000	0.0000	0.0000	0.0082	0.0000	-0.0000	1.4893	4.1516	0.0050	14.5664	0.0000	0.0000	0.0000	0.0000	0.0000	0.0000	0.0000	0.0000	0.0000	0.0000	0.0000	0.0000	0.0000	0.0000	0.0000	0.0000	0.0000	0.0000	0.0444	0.0386	0.0058	0.0140	0.0133	0.0007	0.0303	0.0253	0.0051	0.0530	0.0384	0.0146	0.0319	0.0269	0.0050	0.0211	0.0115	0.0096	0.0000	0.0000	0.0000	0.0000	0.0000	0.0000	0.0000	0.0000	0.0000	0.0002	0.0002	0.0000	0.0003	0.0003	0.0000	0.0000	0.0000	0.0000	
32	52	0.7324	11	2	0	2	0	0	0	0	0	Y	N	Y	N	N	N	N	N	N	N	N	N	0.0000	0.0000	0.0000	0.0000	0.0000	0.0000	0.0000	0.0000	0.0000	0.0000	0.0000	0.0000	0.0000	0.0000	0.0000	0.0000	0.0000	0.0000	0.0000	0.0000	0.0000	0.0000	0.0000	0.0000	-0.0000	1.4893	0.0028	0.0050	0.9232	0.0000	0.0000	0.0000	0.0000	0.0000	0.0000	0.0000	0.0000	0.0000	0.0000	0.0000	0.0000	0.0000	0.0000	0.0000	0.0000	0.0000	0.0000	0.0000	0.0000	0.0000	0.0000	0.0000	0.0000	0.0000	0.0000	0.0000	0.0023	0.0016	0.0006	0.0012	0.0011	0.0002	0.0010	0.0006	0.0004	0.0000	0.0000	0.0000	0.0000	0.0000	0.0000	0.0000	0.0000	0.0000	0.0000	0.0000	0.0000	0.0000	0.0000	0.0000	0.0000	0.0000	0.0000						
32	53	0.5448	11	1	1	1	0	0	0	0	0	N	N	N	N	N	N	N	N	N	N	N	N	29433.5483	22733.4417	0.0000	42191.1939	38892.0535	0.0000	0.0000	0.0000	0.0000	11.6798	13.5975	0.0000	41.8340	43.7431	0.0000	0.0000	0.0000	0.0000	0.0004	0.0006	0.0000	0.0010	0.0011	0.0001	0.0000	0.0000	0.0000	0.0000	0.0289	-0.4334	-0.0000	1.4893	8.5400	0.0050	19.3759	0.9826	0.9826	0.0000	0.9826	0.9826	0.0000	0.0000	0.0000	0.0000	0.0000	0.0000	0.0000	0.0000	0.0000	0.0000	0.0000	0.0000	0.0000	0.0841	0.0723	0.0119	0.0235	0.0225	0.0010	0.0606	0.0498	0.0108	0.0513	0.0331	0.0182	0.0201	0.0176	0.0026	0.0311	0.0155	0.0157	29433.5483	22733.4417	0.0000	42191.1939	38892.0535	0.0000	0.0000	0.0000	0.0000	0.0004	0.0006	0.0000	0.0010	0.0011	0.0001	0.0000	0.0000	0.0000
32	54	0.4818	10	1	0	1	0	0	0	0	0	N	N	N	N	N	N	N	N	N	N	N	N	1217.8181	356.2607	109744.8225	1572.6818	555.0533	493317.0967	0.0000	0.0000	0.0000	0.6687	0.2937	3.1394	2.3298	0.9210	40.6183	0.0000	0.0000	0.0000	0.0005	0.0008	0.0000	0.0015	0.0017	0.0001	0.0000	0.0000	0.0000	1.6228	0.0183	0.0095	-0.0000	1.4893	7.3474	0.0050	24.2346	0.0534	0.0204	0.0331	0.0534	0.0204	0.0331	0.0000	0.0000	0.0000	0.0000	0.0000	0.0000	0.0000	0.0000	0.0000	0.0000	0.0000	0.0000	0.0799	0.0694	0.0105	0.0229	0.0221	0.0008	0.0570	0.0473	0.0097	0.0635	0.0415	0.0220	0.0232	0.0206	0.0026	0.0403	0.0209	0.0193	1217.8181	356.2607	109744.8225	1572.6818	555.0533	493317.0967	0.0000	0.0000	0.0000	0.0005	0.0008	0.0000	0.0015	0.0017	0.0001	0.0000	0.0000	0.0000
32	55	0.4520	9	1	0	1	0	0	0	0	0	N	N	N	N	N	N	N	N	N	N	N	N	1395.1739	811.1581	6151.7594	1716.0263	1154.8005	9591.7088	0.0000	0.0000	0.0000	1.4157	0.8507	5.8296	4.1580	2.2863	62.2925	0.0000	0.0000	0.0000	0.0010	0.0010	0.0009	0.0024	0.0020	0.0065	0.0001	0.0000	0.0002	0.8772	0.4583	0.0016	-0.0000	1.4893	3.4216	0.0050	15.9376	0.0616	0.0328	0.0288	0.0616	0.0328	0.0288	0.0000	0.0000	0.0000	0.0001	0.0000	0.0000	0.0000	0.0000	0.0000	0.0000	0.0000	0.0000	0.0435	0.0385	0.0049	0.0148	0.0143	0.0005	0.0287	0.0242	0.0045	0.0503	0.0334	0.0169	0.0196	0.0177	0.0019	0.0307	0.0157	0.0150	1395.1739	811.1581	6151.7594	1716.0263	1154.8005	9591.7088	0.0000	0.0000	0.0000	0.0010	0.0010	0.0009	0.0024	0.0020	0.0065	0.0001	0.0000	0.0002
32	56	0.7355	9	1	1	1	0	0	0	0	0	N	N	N	N	N	N	N	N	N	N	N	N	0.0000	0.0000	0.0000	0.0000	0.0000	0.0000	0.0000	0.0000	0.0000	0.0000	0.0000	0.0000	0.0000	0.0000	0.0000	0.0000	0.0000	0.0000	0.0001	0.0001	0.0000	0.0001	0.0001	0.0000	0.0000	0.0000	0.0000	0.0811	0.0000	-0.0000	1.4893	0.9891	0.0050	20.6926	0.0000	0.0000	0.0000	0.0000	0.0000	0.0000	0.0000	0.0000	0.0000	0.0000	0.0000	0.0000	0.0000	0.0000	0.0000	0.0000	0.0000	0.0000	0.0093	0.0080	0.0013	0.0028	0.0026	0.0002	0.0065	0.0054	0.0012	0.0455	0.0325	0.0130	0.0245	0.0212	0.0033	0.0210	0.0113	0.0097	0.0000	0.0000	0.0000	0.0000	0.0000	0.0000	0.0000	0.0000	0.0000	0.0001	0.0001	0.0000	0.0001	0.0001	0.0000	0.0000	0.0000	0.0000	
32	57	0.6151	8	1	0	1	0	0	0	0	0	N	N	N	N	N	N	N	N	N	N	N	N	0.0000	0.0000	0.0000	0.0000	0.0000	0.0000	0.0000	0.0000	0.0000	0.0000	0.0000	0.0000	0.0000	0.0000	0.0000	0.0000	0.0043	0.0062	0.0000	0.0074	0.0090	0.0000	0.0000	0.0000	0.0000	0.0022	0.0000	-0.0001	1.4893	5.0326	0.0050	39.3193	0.0000	0.0000	0.0000	0.0000	0.0000	0.0000	0.0000	0.0000	0.0000	0.0003	0.0003	0.0000	0.0003	0.0003	0.0000	0.0000	0.0000	0.0000	0.0400	0.0342	0.0058	0.0089	0.0083	0.0006	0.0311	0.0259	0.0052	0.0625	0.0430	0.0195	0.0359	0.0295	0.0064	0.0266	0.0136	0.0131	0.0000	0.0000	0.0000	0.0000	0.0000	0.0000	0.0000	0.0000	0.0000	0.0043	0.0062	0.0000	0.0074	0.0090	0.0000	0.0000	0.0000	0.0000			
32	58	0.6151	8	1	1	1	1	0	0	0	0	N	N	N	N	N	N	N	N	N	N	N	N	0.0000	0.0000	0.0000	0.0000	0.0000	0.0000	0.0000	0.0000	0.0000	0.0000	0.0000	0.0000	0.0000	0.0070	0.0102	0.0000	0.0121	0.0148	0.0000	0.0000	0.0000	0.0000	0.0000	0.0000	-0.0002	1.4893	5.0036	0.0050	36.7244	0.0000	0.0000	0.0000	0.0000	0.0000	0.0000	0.0000	0.0000	0.0000	0.0004	0.0004	0.0000	0.0004	0.0004	0.0000	0.0000	0.0000	0.0000	0.0397	0.0340	0.0058	0.0088	0.0083	0.0006	0.0309	0.0257	0.0052	0.0597	0.0411	0.0186	0.0344	0.0282	0.0062	0.0253	0.0129	0.0125	0.0000	0.0000	0.0000	0.0000	0.0000	0.0000	0.0000	0.0000	0.0000	0.0070	0.0102	0.0000	0.0121	0.0148	0.0000	0.0000	0.0000	0.0000						
32	59	0.4323	9	1	1	1	1	0	0	0	0	N	N	N	N	N	N	N	N	N	N	N	N	inf	inf	inf	inf	8.1611	9.2691	0.0000	25.7923	26.5755	0.0000	0.0000	0.0000	0.0000	0.0000	0.0000	0.0000	0.0000	0.0000	0.0000	0.0000	0.0000	0.0000	0.0000	-0.4225	0.0000	1.4893	10.4254	0.0050	21.2017	0.9577	0.9577	0.0000	0.9577	0.9577	0.0000	0.0000	0.0000	0.0000	0.0000	0.0000	0.0000	0.0000	0.0000	0.0000	0.0000	0.0000	0.0000	0.1174	0.1033	0.0140	0.0371	0.0360	0.0011	0.0802	0.0673	0.0129	0.0732	0.0487	0.0245	0.0259	0.0232	0.0027	0.0473	0.0255	0.0218	inf	inf	0.0000	inf	inf	0.0000	0.0000	0.0000	0.0000	0.0000	0.0000	0.0000	0.0000	0.0000	0.0000	0.0000	0.0000	0.0000						
32	60	0.7324	11	2	0	2	0	0	0	0	0	Y	N	Y	N	N	N	N	N	N	N	N	N	0.0000	0.0000	0.0000	0.0000	0.0000	0.0000	0.0000	0.0000	0.0000	0.0000	0.0000	0.0000	0.0000	0.0000	0.0000	0.0000	0.0000	0.0000	0.0000	0.0000	0.0000	0.0000	0.0000	0.0000	-0.0000	1.4893	1.9981	0.0050	3.0867	0.0000	0.0000	0.0000	0.0000	0.0000	0.0000	0.0000	0.0000	0.0000	0.0000	0.0000	0.0000	0.0000	0.0000	0.0000	0.0000	0.0000	0.0000	0.0181	0.0156	0.0025	0.0047	0.0044	0.0003	0.0134	0.0112	0.0022	0.0086	0.0059	0.0027	0.0049	0.0038	0.0010	0.0038	0.0021	0.0017	0.0000	0.0000	0.0000	0.0000	0.0000	0.0000	0.0000	0.0000	0.0000	0.0000	0.0000	0.0000	0.0000	0.0000	0.0000	0.0000	0.0000	0.0000						
32	61	0.6890	10	2	0	2	0	0	0	0	0	Y	N	Y	N	N	N	N	N	N	N	N	N	0.0000	0.0000	0.0000	0.0000	0.0000	0.0000	0.0000	0.0000	0.0000	0.0000	0.0000	0.0000	0.0000	0.0000	0.0000	0.0000	0.0000	0.0005	0.0007	0.0000	0.0008	0.0010	0.0000	0.0000	0.0000	0.0000	0.0003	0.0000	-0.0000	1.4893	4.0039	0.0050	14.0733	0.0000	0.0000	0.0000	0.0000	0.0000	0.0000	0.0000	0.0000	0.0000	0.0000	0.0000	0.0000	0.0000	0.0000	0.0000	0.0000	0.0000	0.0000	0.0365	0.0314	0.0051	0.0100	0.0093	0.0007	0.0265	0.0221	0.0044	0.0337	0.0231	0.0106	0.0224	0.0172	0.0052	0.0113	0.0059	0.0054	0.0000	0.0000	0.0000	0.0000	0.0000	0.0000	0.0000	0.0000	0.0000	0.0005	0.0007	0.0000	0.0008	0.0010	0.0000	0.0000	0.0000	0.0000		
32	62	0.7084	11	2	0	2	0	0	0	0	0	Y	N	Y	N	N	N	N	N	N	N	N	N	0.0000	0.0000	0.0000	0.0000	0.0000	0.0000	0.0000	0.0000	0.0000	0.0000	0.0000	0.0000	0.0000	0.0000	0.0000	0.0000	0.0000	0.0000	0.0000	0.0000	0.0000	0.0000	0.0000	0.0000	inf	0.0000	0.0000	1.4893	0.0060	0.0050	17.2393	0.0000	0.0000	0.0000	0.0000	0.0000	0.0000	0.0000	0.0000	0.0000	0.0000	0.0000	0.0000	0.0000	0.0000	0.0000	0.0000	0.0000	0.0000	0.0001	0.0001	0.0000	0.0000	0.0000	0.0000	0.0000	0.0000	0.0000	0.0273	0.0186	0.0086	0.0171	0.0133	0.0038	0.0102	0.0054	0.0048	0.0000	0.0000	0.0000	0.0000	0.0000	0.0000	0.0000	0.0000	0.0000	0.0000	0.0000	0.0000	0.0000	0.0000	0.0000	0.0000	0.0000	0.0000				
32	63	0.6519	9	1	0	2	0	0	0	0	0	N	N	Y	N	N	N	N	N	N	N	N	N	0.0000	0.0000	0.0000	0.0000	0.0000	0.0000	0.0000	0.0000	0.0000	0.0000	0.0000	0.0000	0.0000	0.0000	0.0000	0.0000	0.0000	0.0000	0.0002	0.0003	0.0000	0.0003	0.0004	0.0000	0.0000	0.0000	0.0000	0.0082	0.0000	-0.0000	1.4893	1.0230	0.0050	12.1924	0.0000	0.0000	0.0000	0.0000	0.0000	0.0000	0.0000	0.0000	0.0000	0.0000	0.0000	0.0000	0.0000	0.0000	0.0000	0.0000	0.0000	0.0000	0.0174	0.0154	0.0020	0.0068	0.0066	0.0002	0.0106	0.0088	0.0017	0.0466	0.0341	0.0125	0.0284	0.0241	0.0043	0.0182	0.0100	0.0082	0.0000	0.0000	0.0000	0.0000	0.0000	0.0000	0.0000	0.0000	0.0000	0.0002	0.0003	0.0000	0.0003	0.0004	0.0000	0.0000	0.0000	0.0000	
32	64	0.6151	8	1	0	1	0	0	0	0	0	N	N	N	N	N	N	N	N	N	N	N	N	0.0000	0.0000	0.0000	0.0000	0.0000	0.0000	0.0000	0.0000	0.0000	0.0000	0.0000	0.0000	0.0000	0.0000	0.0000	0.0000	0.0097	0.0140	0.0002	0.0166	0.0199	0.0000	0.0001	0.0000	0.0003	0.0061	0.0000	-0.0001	1.4893	2.4556	0.0050	12.4191	0.0000	0.0000	0.0000	0.0000	0.0000	0.0000	0.0000	0.0000	0.0000	0.0003	0.0003	0.0000	0.0003	0.0003	0.0000	0.0000	0.0000	0.0000	0.0197	0.0168	0.0029	0.0044	0.0041	0.0003	0.0153	0.0127	0.0026	0.0270	0.0186	0.0084	0.0157	0.0131	0.0026	0.0113	0.0055	0.0058	0.0000	0.0000	0.0000	0.0000	0.0000	0.0000	0.0000	0.0000	0.0000	0.0097	0.0140	0.0002	0.0166	0.0199	0.0000	0.0001	0.0000	0.0003			
32	65	0.7374	10	1	1	1	0	0	0	0	0	N	N	N	N	N	N	N	N	N	N	N	N	0.0000	0.0000	0.0000	0.0000	0.0000	0.0000	0.0000	0.0000	0.0000	0.0000	0.0000	0.0000	0.0000	0.0000	0.0000	0.0000	0.0000	0.0019	0.0000	0.0067	0.0017	0.0000	0.0114	0.0022	0.0000	0.0047	303.9611	0.0000	0.0000	1.4893	1.7555	0.0050	11.9300	0.0000	0.0000	0.0000	0.0000	0.0000	0.0000	0.0000	0.0000	0.0000	0.0000	0.0000	0.0000	0.0000	0.0000	0.0000	0.0000	0.0000	0.0000	0.0187	0.0164	0.0022	0.0063	0.0059	0.0003	0.0124	0.0105	0.0019	0.0243	0.0175	0.0069	0.0138	0.0118	0.0020	0.0105	0.0057	0.0049	0.0000	0.0000	0.0000	0.0000	0.0000	0.0000	0.0000	0.0000	0.0000	0.0019	0.0000	0.0067	0.0017	0.0000	0.0114	0.0022	0.0000	0.0047		
32	66	0.7165	12	2	1	2	0	0	0	0	0	Y	N	Y	N	N	N	N	N	N	N	N	N	0.0000	0.0000	0.0000	0.0000	0.0000	0.0000	0.0000	0.0000	0.0000	0.0000	0.0000	0.0000	0.0000	0.0000	0.0000	0.0000	0.0000	0.0000	0.0000	0.0000	1.4893	0.0000	0.0050	0.0000	0.0000	0.0000	0.0000	0.0000	0.0000	0.0000	0.0000	0.0000	0.0000	0.0000	0.0000	0.0000	0.0000	0.0000	0.0000	0.0000	0.0000	0.0000	0.0000	0.0000	0.0000	0.0000	0.0000	0.0000	0.0000	0.0000	0.0000	0.0000	0.0000	0.0000	0.0000	0.0000	0.0000	0.0000	0.0000	0.0000	0.0000	0.0000	0.0000	0.0000	0.0000	0.0000	0.0000	0.0000	0.0000	0.0000	0.0000	0.0000	0.0000	0.0000	0.0000	0.0000	0.0000	0.0000											
32	67	0.0453	3	2	1	2	0	0	0	0	0	Y	N	Y	N	N	N	N	N	N	N	N	N	0.0000	0.0000	0.0000	0.0000	0.0000	0.0000	0.0000	0.0000	0.0000	0.0000	0.0000	0.0000	0.0000	0.0000	0.0000	0.0000	0.0000	0.0000	0.0000	0.0000	1.4893	1.0000	0.0050	3.0000	0.0000	0.0000	0.0000	0.0000	0.0000	0.0000	0.0000	0.0000	0.0000	0.0000	0.0000	0.0000	0.0000	0.0000	0.0000	0.0000	0.0000	0.0000	0.0148	0.0125	0.0023	0.0010	0.0010	0.0000	0.0138	0.0115	0.0023	0.0129	0.0070	0.0059	0.0001	0.0001	0.0000	0.0128	0.0069	0.0059	0.0000	0.0000	0.0000	0.0000	0.0000	0.0000	0.0000	0.0000	0.0000	0.0000	0.0000	0.0000	0.0000	0.0000	0.0000	0.0000	0.0000	0.0000											
32	68	0.7165	12	2	1	2	0	0	0	0	0	Y	N	Y	N	N	N	N	N	N	N	N	N	0.0000	0.0000	0.0000	0.0000	0.0000	0.0000	0.0000	0.0000	0.0000	0.0000	0.0000	0.0000	0.0000	0.0000	0.0000	0.0000	0.0000	0.0000	0.0000	0.0000	1.4893	1.0000	0.0050	0.0000	0.0000	0.0000	0.0000	0.0000	0.0000	0.0000	0.0000	0.0000	0.0000	0.0000	0.0000	0.0000	0.0000	0.0000	0.0000	0.0000	0.0000	0.0000	0.0090	0.0077	0.0013	0.0021	0.0020	0.0001	0.0069	0.0057	0.0011	0.0016	0.0011	0.0005	0.0010	0.0008	0.0002	0.0007	0.0003	0.0003	0.0000	0.0000	0.0000	0.0000	0.0000	0.0000	0.0000	0.0000	0.0000	0.0000	0.0000	0.0000	0.0000	0.0000	0.0000	0.0000	0.0000	0.0000											
32	69	0.7000	11	2	1	2	0	0	0	0	0	Y	N	Y	N	N	N	N	N	N	N	N	N	0.0000	0.0000	0.0000	0.0000	0.0000	0.0000	0.0000	0.0000	0.0000	0.0000	0.0000	0.0000	0.0000	0.0000	0.0000	0.0000	0.0000	0.0052	0.0077	0.0000	0.0088	0.0111	0.0001	0.0000	0.0000	0.0000	0.0027	0.0000	-0.0000	1.4893	1.0155	0.0050	5.9708	0.0000	0.0000	0.0000	0.0000	0.0000	0.0000	0.0000	0.0000	0.0000	0.0001	0.0001	0.0000	0.0001	0.0001	0.0000	0.0000	0.0000	0.0000	0.0091	0.0078	0.0013	0.0022	0.0020	0.0002	0.0070	0.0058	0.0012	0.0113	0.0077	0.0036	0.0067	0.0053	0.0014	0.0045	0.0024	0.0022	0.0000	0.0000	0.0000	0.0000	0.0000	0.0000	0.0000	0.0000	0.0000	0.0052	0.0077	0.0000	0.0088	0.0111	0.0001	0.0000	0.0000	0.0000		
32	70	0.6953	10	2	0	2	0	0	0	0	0	Y	N	Y	N	N	N	N	N	N	N	N	N	0.0000	0.0000	0.0000	0.0000	0.0000	0.0000	0.0000	0.0000	0.0000	0.0000	0.0000	0.0000	0.0000	0.0000	0.0000	0.0000	0.0000	0.0000	0.0012	0.0004	0.0030	0.0015	0.0006	0.0049	0.0008	0.0000	0.0018	3.1221	0.0000	0.0000	1.4893	0.0406	0.0050	2.3361	0.0000	0.0000	0.0000	0.0000	0.0000	0.0000	0.0000	0.0000	0.0000	0.0000	0.0000	0.0000	0.0000	0.0000	0.0000	0.0000	0.0000	0.0000	0.0004	0.0004	0.0001	0.0001	0.0001	0.0000	0.0003	0.0003	0.0001	0.0044	0.0030	0.0014	0.0027	0.0021	0.0006	0.0017	0.0009	0.0008	0.0000	0.0000	0.0000	0.0000	0.0000	0.0000	0.0000	0.0000	0.0000	0.0012	0.0004	0.0030	0.0015	0.0006	0.0049	0.0008	0.0000	0.0018	
32	71	0.0453	3	2	1	2	0	0	0	0	0	Y	N	Y	N	N	N	N	N	N	N	N	N	0.0000	0.0000	0.0000	0.0000	0.0000	0.0000	0.0000	0.0000	0.0000	0.0000	0.0000	0.0000	0.0000	0.0000	0.0000	0.0000	0.0000	0.0000	0.0000	0.0000	1.4893	0.0000	0.0050	0.0000	0.0000	0.0000	0.0000	0.0000	0.0000	0.0000	0.0000	0.0000	0.0000	0.0000	0.0000	0.0000	0.0000	0.0000	0.0000	0.0000	0.0000	0.0000	0.0000	0.0000	0.0000	0.0000	0.0000	0.0000	0.0000	0.0000	0.0000	0.0000	0.0000	0.0000	0.0000	0.0000	0.0000	0.0000	0.0000	0.0000	0.0000	0.0000	0.0000	0.0000	0.0000	0.0000	0.0000	0.0000	0.0000	0.0000	0.0000	0.0000	0.0000	0.0000	0.0000	0.0000	0.0000	0.0000											
32	72	0.0273	2	2	1	2	0	0	0	0	0	Y	N	Y	N	N	N	N	N	N	N	N	N	3580.1766	inf	0.0000	4580.8934	inf	0.0000	0.0000	0.0000	0.0153	0.0182	0.0000	0.1985	0.2001	0.0000	0.0000	0.0000	0.0000	0.0000	0.0000	0.0000	0.0000	0.0000	0.0012	0.0000	0.0000	0.0000	0.0000	inf	-0.0004	0.0000	1.4893	3.9057	0.0050	1.1104	0.0009	0.0009	0.0000	0.0009	0.0009	0.0000	0.0000	0.0000	0.0000	0.0000	0.0000	0.0000	0.0000	0.0000	0.0000	0.0000	0.0000	0.0000	0.0613	0.0512	0.0100	0.0047	0.0047	0.0000	0.0566	0.0465	0.0100	0.0174	0.0095	0.0078	0.0006	0.0006	0.0000	0.0168	0.0090	0.0078	3580.1766	inf	0.0000	4580.8934	inf	0.0000	0.0000	0.0000	0.0000	0.0000	0.0000	0.0000	0.0000	0.0000	0.0012	0.0000	0.0000	0.0000	
32	73	0.3023	6	2	1	1	0	0	0	0	0	Y	N	N	N	N	N	N	N	N	N	N	N	0.0000	0.0000	0.0000	0.0000	0.0000	0.0000	0.0000	0.0000	0.0000	0.0000	0.0000	0.0000	0.0000	0.0000	0.0000	0.0000	0.0000	0.0000	0.0010	0.0015	0.0000	0.0033	0.0035	0.0001	0.0000	0.0000	0.0000	0.0084	0.0000	-0.0000	1.4893	6.9070	0.0050	16.5673	0.0000	0.0000	0.0000	0.0000	0.0000	0.0000	0.0000	0.0000	0.0000	0.0001	0.0001	0.0000	0.0001	0.0001	0.0000	0.0000	0.0000	0.0000	0.1219	0.1074	0.0145	0.0457	0.0436	0.0021	0.0762	0.0638	0.0124	0.0593	0.0397	0.0196	0.0179	0.0165	0.0013	0.0414	0.0232	0.0182	0.0000	0.0000	0.0000	0.0000	0.0000	0.0000	0.0000	0.0000	0.0000	0.0010	0.0015	0.0000	0.0033	0.0035	0.0001	0.0000	0.0000	0.0000	
32	74	0.4972	10	1	1	1	1	0	0	0	0	N	N	N	N	N	N	N	N	N	N	N	N	3.7192	0.0000	686.3100	5.0917	0.0000	2395.0185	0.0000	0.0000	0.0000	0.0014	0.0000	0.0099	0.0049	0.0000	0.0625	0.0000	0.0000	0.0000	0.0004	0.0006	0.0000	0.0010	0.0011	0.0000	0.0000	0.0000	0.0000	inf	0.0135	0.0001	-0.0000	1.4893	6.4226	0.0050	19.3377	0.0001	0.0000	0.0001	0.0001	0.0000	0.0001	0.0000	0.0000	0.0000	0.0000	0.0000	0.0000	0.0000	0.0000	0.0000	0.0000	0.0000	0.0000	0.0629	0.0538	0.0091	0.0185	0.0171	0.0014	0.0444	0.0368	0.0076	0.0481	0.0311	0.0170	0.0190	0.0167	0.0023	0.0291	0.0144	0.0147	3.7192	0.0000	686.3100	5.0917	0.0000	2395.0185	0.0000	0.0000	0.0000	0.0004	0.0006	0.0000	0.0010	0.0011	0.0000	0.0000	0.0000	0.0000
32	75	0.4520	9	1	0	1	1	0	0	0	0	N	N	N	N	N	N	N	N	N	N	N	N	686.9721	1.6409	23684.7025	898.7231	2.5685	54241.9865	0.0000	0.0000	0.0000	0.5043	0.0017	4.1522	1.6234	0.0049	45.5259	0.0000	0.0000	0.0000	0.0007	0.0010	0.0002	0.0018	0.0019	0.0008	0.0001	0.0001	0.0001	340.8845	0.0886	0.0166	-0.0000	1.4893	5.1932	0.0050	17.4397	0.0299	0.0001	0.0298	0.0299	0.0001	0.0298	0.0000	0.0000	0.0000	0.0000	0.0000	0.0000	0.0000	0.0000	0.0000	0.0000	0.0000	0.0000	0.0592	0.0520	0.0072	0.0184	0.0177	0.0007	0.0408	0.0343	0.0065	0.0548	0.0361	0.0187	0.0209	0.0187	0.0021	0.0340	0.0174	0.0165	686.9721	1.6409	23684.7025	898.7231	2.5685	54241.9865	0.0000	0.0000	0.0000	0.0007	0.0010	0.0002	0.0018	0.0019	0.0008	0.0001	0.0001	0.0001
32	76	0.4150	8	1	0	1	0	0	0	0	0	N	N	N	N	N	N	N	N	N	N	N	N	1529.0443	853.6230	6095.8954	2606.6830	1222.7194	51668.3166	0.0000	0.0000	0.0000	1.1878	0.6215	5.3507	3.8506	1.8306	66.6332	0.0000	0.0000	0.0000	0.0008	0.0007	0.0009	0.0015	0.0015	0.0013	0.0004	0.0000	0.0008	1.1711	0.5821	0.0061	-0.0000	1.4893	4.4918	0.0050	17.5337	0.0624	0.0287	0.0337	0.0624	0.0287	0.0337	0.0000	0.0000	0.0000	0.0000	0.0000	0.0000	0.0000	0.0000	0.0000	0.0000	0.0000	0.0000	0.0525	0.0462	0.0063	0.0162	0.0157	0.0005	0.0363	0.0305	0.0058	0.0551	0.0372	0.0179	0.0200	0.0181	0.0019	0.0351	0.0191	0.0160	1529.0443	853.6230	6095.8954	2606.6830	1222.7194	51668.3166	0.0000	0.0000	0.0000	0.0008	0.0007	0.0009	0.0015	0.0015	0.0013	0.0004	0.0000	0.0008
32	77	0.7110	11	1	0	1	1	0	0	0	0	N	N	N	N	N	N	N	N	N	N	N	N	0.0000	0.0000	0.0000	0.0000	0.0000	0.0000	0.0000	0.0000	0.0000	0.0000	0.0000	0.0000	0.0000	0.0000	0.0000	0.0000	0.0000	0.0000	0.0102	0.0148	0.0000	0.0189	0.0220	0.0000	0.0000	0.0000	0.0000	0.0001	0.0000	-0.0001	1.4893	0.3745	0.0050	14.7996	0.0000	0.0000	0.0000	0.0000	0.0000	0.0000	0.0000	0.0000	0.0000	0.0003	0.0003	0.0000	0.0003	0.0003	0.0000	0.0000	0.0000	0.0000	0.0033	0.0028	0.0005	0.0009	0.0009	0.0001	0.0023	0.0019	0.0004	0.0257	0.0177	0.0081	0.0139	0.0119	0.0020	0.0119	0.0058	0.0061	0.0000	0.0000	0.0000	0.0000	0.0000	0.0000	0.0000	0.0000	0.0000	0.0102	0.0148	0.0000	0.0189	0.0220	0.0000	0.0000	0.0000	0.0000	
32	78	0.6887	10	1	0	1	1	0	0	0	0	N	N	N	N	N	N	N	N	N	N	N	N	0.0000	0.0000	0.0000	0.0000	0.0000	0.0000	0.0000	0.0000	0.0000	0.0000	0.0000	0.0000	0.0000	0.0000	0.0000	0.0000	0.0000	0.0046	0.0034	0.0075	0.0044	0.0051	0.0000	0.0049	0.0000	0.0100	0.9420	0.0000	0.0000	1.4893	1.4595	0.0050	10.3922	0.0000	0.0000	0.0000	0.0000	0.0000	0.0000	0.0000	0.0000	0.0000	0.0001	0.0001	0.0001	0.0001	0.0001	0.0000	0.0001	0.0000	0.0001	0.0127	0.0109	0.0018	0.0037	0.0034	0.0003	0.0090	0.0075	0.0015	0.0234	0.0164	0.0070	0.0127	0.0109	0.0018	0.0107	0.0054	0.0052	0.0000	0.0000	0.0000	0.0000	0.0000	0.0000	0.0000	0.0000	0.0000	0.0046	0.0034	0.0075	0.0044	0.0051	0.0000	0.0049	0.0000	0.0100		
32	79	0.6745	9	1	0	1	1	0	0	0	0	N	N	N	N	N	N	N	N	N	N	N	N	0.0000	0.0000	0.0000	0.0000	0.0000	0.0000	0.0000	0.0000	0.0000	0.0000	0.0000	0.0000	0.0000	0.0000	0.0000	0.0000	0.0000	0.0058	0.0034	0.0119	0.0045	0.0051	0.0002	0.0075	0.0000	0.0158	1.3748	0.0000	0.0000	1.4893	1.3861	0.0050	6.3168	0.0000	0.0000	0.0000	0.0000	0.0000	0.0000	0.0000	0.0000	0.0000	0.0001	0.0000	0.0001	0.0000	0.0000	0.0000	0.0001	0.0000	0.0001	0.0121	0.0104	0.0017	0.0035	0.0033	0.0002	0.0086	0.0071	0.0015	0.0197	0.0141	0.0056	0.0108	0.0094	0.0014	0.0088	0.0046	0.0042	0.0000	0.0000	0.0000	0.0000	0.0000	0.0000	0.0000	0.0000	0.0000	0.0058	0.0034	0.0119	0.0045	0.0051	0.0002	0.0075	0.0000	0.0158		
32	80	0.6151	8	1	0	1	1	0	0	0	0	N	N	N	N	N	N	N	N	N	N	N	N	0.0000	0.0000	0.0000	0.0000	0.0000	0.0000	0.0000	0.0000	0.0000	0.0000	0.0000	0.0000	0.0000	0.0000	0.0000	0.0000	0.0000	0.0029	0.0025	0.0039	0.0030	0.0036	0.0000	0.0029	0.0000	0.0057	0.6928	0.0000	-0.0000	1.4893	4.0043	0.0050	19.8631	0.0000	0.0000	0.0000	0.0000	0.0000	0.0000	0.0000	0.0000	0.0000	0.0001	0.0001	0.0000	0.0001	0.0001	0.0000	0.0000	0.0000	0.0000	0.0319	0.0273	0.0046	0.0071	0.0066	0.0005	0.0248	0.0206	0.0042	0.0388	0.0267	0.0121	0.0225	0.0186	0.0039	0.0162	0.0081	0.0082	0.0000	0.0000	0.0000	0.0000	0.0000	0.0000	0.0000	0.0000	0.0000	0.0029	0.0025	0.0039	0.0030	0.0036	0.0000	0.0029	0.0000	0.0057		
32	81	0.1470	4	1	1	2	0	0	0	0	0	N	N	Y	N	N	N	N	N	N	N	N	N	inf	inf	inf	inf	0.0003	0.0004	0.0000	0.0015	0.0015	0.0000	0.0000	0.0000	0.0000	0.0000	0.0000	0.0000	0.0000	0.0000	0.0000	0.0000	0.0000	0.0000	0.0000	-0.0000	0.0000	1.4893	2.0162	0.0050	4.5500	0.0000	0.0000	0.0000	0.0000	0.0000	0.0000	0.0000	0.0000	0.0000	0.0000	0.0000	0.0000	0.0000	0.0000	0.0000	0.0000	0.0000	0.0000	0.0330	0.0284	0.0046	0.0068	0.0065	0.0003	0.0263	0.0219	0.0044	0.0265	0.0166	0.0099	0.0049	0.0048	0.0001	0.0215	0.0118	0.0098	inf	inf	0.0000	inf	inf	0.0000	0.0000	0.0000	0.0000	0.0000	0.0000	0.0000	0.0000	0.0000	0.0000	0.0000	0.0000	0.0000						
32	82	0.7231	12	1	1	2	0	0	0	0	0	N	N	Y	N	N	N	N	N	N	N	N	N	0.0000	0.0000	0.0000	0.0000	0.0000	0.0000	0.0000	0.0000	0.0000	0.0000	0.0000	0.0000	0.0000	0.0000	0.0000	0.0006	0.0000	0.0020	0.0005	0.0000	0.0031	0.0007	0.0000	0.0015	inf	0.0000	0.0000	1.4893	3.0011	0.0050	3.7015	0.0000	0.0000	0.0000	0.0000	0.0000	0.0000	0.0000	0.0000	0.0000	0.0000	0.0000	0.0000	0.0000	0.0000	0.0000	0.0000	0.0000	0.0000	0.0274	0.0235	0.0039	0.0074	0.0069	0.0005	0.0200	0.0167	0.0033	0.0152	0.0106	0.0046	0.0090	0.0075	0.0015	0.0061	0.0031	0.0031	0.0000	0.0000	0.0000	0.0000	0.0000	0.0000	0.0000	0.0000	0.0000	0.0006	0.0000	0.0020	0.0005	0.0000	0.0031	0.0007	0.0000	0.0015				
32	83	0.7116	11	1	1	1	0	0	0	0	0	N	N	N	N	N	N	N	N	N	N	N	N	0.0000	0.0000	0.0000	0.0000	0.0000	0.0000	0.0000	0.0000	0.0000	0.0000	0.0000	0.0000	0.0000	0.0000	0.0000	0.0000	0.0000	0.0010	0.0006	0.0018	0.0011	0.0008	0.0021	0.0007	0.0000	0.0014	1.3858	0.0000	0.0000	1.4893	2.0032	0.0050	4.2039	0.0000	0.0000	0.0000	0.0000	0.0000	0.0000	0.0000	0.0000	0.0000	0.0000	0.0000	0.0000	0.0000	0.0000	0.0000	0.0000	0.0000	0.0000	0.0184	0.0158	0.0026	0.0051	0.0047	0.0003	0.0134	0.0111	0.0022	0.0191	0.0130	0.0061	0.0129	0.0098	0.0031	0.0062	0.0031	0.0030	0.0000	0.0000	0.0000	0.0000	0.0000	0.0000	0.0000	0.0000	0.0000	0.0010	0.0006	0.0018	0.0011	0.0008	0.0021	0.0007	0.0000	0.0014		
32	84	0.7084	11	2	0	2	0	0	0	0	0	Y	N	Y	N	N	N	N	N	N	N	N	N	0.0000	0.0000	0.0000	0.0000	0.0000	0.0000	0.0000	0.0000	0.0000	0.0000	0.0000	0.0000	0.0000	0.0000	0.0000	0.0000	0.0000	0.0001	0.0000	0.0000	0.0001	0.0000	0.0000	0.0001	inf	0.0000	0.0000	1.4893	1.0052	0.0050	4.9545	0.0000	0.0000	0.0000	0.0000	0.0000	0.0000	0.0000	0.0000	0.0000	0.0000	0.0000	0.0000	0.0000	0.0000	0.0000	0.0000	0.0000	0.0000	0.0093	0.0080	0.0013	0.0025	0.0024	0.0002	0.0067	0.0056	0.0011	0.0108	0.0073	0.0034	0.0068	0.0053	0.0015	0.0040	0.0020	0.0019	0.0000	0.0000	0.0000	0.0000	0.0000	0.0000	0.0000	0.0000	0.0000	0.0000	0.0000	0.0001	0.0000	0.0000	0.0001	0.0000	0.0000	0.0001				
32	85	0.6890	10	2	0	2	0	0	0	0	0	Y	N	Y	N	N	N	N	N	N	N	N	N	0.0000	0.0000	0.0000	0.0000	0.0000	0.0000	0.0000	0.0000	0.0000	0.0000	0.0000	0.0000	0.0000	0.0000	0.0000	0.0000	0.0000	0.0021	0.0000	0.0064	0.0015	0.0000	0.0061	0.0034	0.0000	0.0069	509.0583	0.0000	0.0000	1.4893	0.9968	0.0050	7.6169	0.0000	0.0000	0.0000	0.0000	0.0000	0.0000	0.0000	0.0000	0.0000	0.0000	0.0000	0.0000	0.0000	0.0000	0.0000	0.0000	0.0000	0.0000	0.0093	0.0080	0.0013	0.0026	0.0024	0.0002	0.0067	0.0055	0.0011	0.0206	0.0140	0.0066	0.0143	0.0107	0.0035	0.0064	0.0033	0.0031	0.0000	0.0000	0.0000	0.0000	0.0000	0.0000	0.0000	0.0000	0.0000	0.0021	0.0000	0.0064	0.0015	0.0000	0.0061	0.0034	0.0000	0.0069		
32	86	0.7090	9	2	1	1	0	0	0	0	0	Y	N	N	N	N	N	N	N	N	N	N	N	9.5837	0.0000	inf	14.6581	0.0000	inf	0.0000	0.0000	0.1545	0.0000	1.1567	0.4292	0.0000	5.8073	0.0000	0.0000	0.0000	0.0161	0.0228	0.0000	0.0293	0.0341	0.0000	0.0001	0.0002	0.0000	inf	0.0000	0.0053	-0.0002	1.4893	5.8060	0.0050	6.1034	0.0094	0.0000	0.0094	0.0094	0.0000	0.0094	0.0000	0.0000	0.0000	0.0004	0.0004	0.0000	0.0004	0.0004	0.0000	0.0000	0.0000	0.0000	0.0610	0.0528	0.0081	0.0219	0.0203	0.0016	0.0390	0.0325	0.0065	0.0246	0.0174	0.0072	0.0135	0.0116	0.0019	0.0111	0.0058	0.0053	9.5837	0.0000	inf	14.6581	0.0000	inf	0.0000	0.0000	0.0000	0.0161	0.0228	0.0000	0.0293	0.0341	0.0000	0.0001	0.0002	0.0000	
32	87	0.6151	8	2	1	1	0	0	0	0	0	Y	N	N	N	N	N	N	N	N	N	N	N	30.2595	40.8667	0.1675	131.6262	115.6066	14.3937	0.0420	0.1245	0.0991	0.1156	0.0007	0.4431	0.4733	0.0000	0.0001	0.0000	0.0008	0.0033	0.0028	0.0043	0.0034	0.0041	0.0000	0.0031	0.0000	0.0063	0.0010	0.6809	-0.0041	-0.0000	1.4893	12.2869	0.0050	21.7146	0.0094	0.0094	0.0000	0.0094	0.0094	0.0000	0.0000	0.0000	0.0000	0.0002	0.0001	0.0001	0.0001	0.0001	0.0000	0.0001	0.0000	0.0001	0.0952	0.0815	0.0137	0.0213	0.0199	0.0014	0.0739	0.0616	0.0124	0.0510	0.0351	0.0159	0.0295	0.0243	0.0052	0.0215	0.0108	0.0107	30.2595	40.8667	0.1675	131.6262	115.6066	14.3937	0.0420	0.0000	0.1245	0.0033	0.0028	0.0043	0.0034	0.0041	0.0000	0.0031	0.0000	0.0063	
32	88	0.7116	11	1	1	1	0	0	0	0	0	N	N	N	N	N	N	N	N	N	N	N	N	0.0000	0.0000	0.0000	0.0000	0.0000	0.0000	0.0000	0.0000	0.0000	0.0000	0.0000	0.0000	0.0000	0.0000	0.0000	0.0000	0.0000	0.0000	0.0159	0.0229	0.0010	0.0241	0.0310	0.0011	0.0005	0.0000	0.0010	0.0205	0.0000	-0.0002	1.4893	4.0005	0.0050	9.0093	0.0000	0.0000	0.0000	0.0000	0.0000	0.0000	0.0000	0.0000	0.0000	0.0005	0.0004	0.0000	0.0005	0.0004	0.0000	0.0000	0.0000	0.0000	0.0365	0.0313	0.0051	0.0100	0.0093	0.0007	0.0265	0.0220	0.0044	0.0287	0.0195	0.0091	0.0187	0.0144	0.0043	0.0099	0.0051	0.0048	0.0000	0.0000	0.0000	0.0000	0.0000	0.0000	0.0000	0.0000	0.0000	0.0159	0.0229	0.0010	0.0241	0.0310	0.0011	0.0005	0.0000	0.0010	
32	89	0.6890	10	1	1	1	0	0	0	0	0	N	N	N	N	N	N	N	N	N	N	N	N	0.0000	0.0000	0.0000	0.0000	0.0000	0.0000	0.0000	0.0000	0.0000	0.0000	0.0000	0.0000	0.0000	0.0000	0.0000	0.0000	0.0000	0.0000	0.0018	0.0004	0.0050	0.0015	0.0005	0.0047	0.0025	0.0000	0.0052	6.4032	0.0000	0.0000	1.4893	1.0051	0.0050	9.2650	0.0000	0.0000	0.0000	0.0000	0.0000	0.0000	0.0000	0.0000	0.0000	0.0000	0.0000	0.0000	0.0000	0.0000	0.0000	0.0000	0.0000	0.0000	0.0093	0.0080	0.0013	0.0026	0.0024	0.0002	0.0067	0.0056	0.0011	0.0230	0.0156	0.0074	0.0158	0.0119	0.0038	0.0072	0.0037	0.0035	0.0000	0.0000	0.0000	0.0000	0.0000	0.0000	0.0000	0.0000	0.0000	0.0018	0.0004	0.0050	0.0015	0.0005	0.0047	0.0025	0.0000	0.0052	
32	90	0.7374	10	1	0	2	0	0	0	0	0	N	N	Y	N	N	N	N	N	N	N	N	N	0.0000	0.0000	0.0000	0.0000	0.0000	0.0000	0.0000	0.0000	0.0000	0.0000	0.0000	0.0000	0.0000	0.0000	0.0000	0.0000	0.0000	0.0178	0.0247	0.0000	0.0316	0.0366	0.0000	0.0000	0.0000	0.0000	0.0000	0.0000	-0.0002	1.4893	2.3559	0.0050	7.1930	0.0000	0.0000	0.0000	0.0000	0.0000	0.0000	0.0000	0.0000	0.0000	0.0003	0.0003	0.0000	0.0003	0.0003	0.0000	0.0000	0.0000	0.0000	0.0239	0.0209	0.0030	0.0078	0.0074	0.0004	0.0161	0.0135	0.0025	0.0187	0.0136	0.0052	0.0106	0.0091	0.0015	0.0082	0.0044	0.0037	0.0000	0.0000	0.0000	0.0000	0.0000	0.0000	0.0000	0.0000	0.0000	0.0178	0.0247	0.0000	0.0316	0.0366	0.0000	0.0000	0.0000	0.0000		
32	91	0.7046	9	1	0	1	0	0	0	0	0	N	N	N	N	N	N	N	N	N	N	N	N	0.0000	0.0000	0.0000	0.0000	0.0000	0.0000	0.0000	0.0000	0.0000	0.0000	0.0000	0.0000	0.0000	0.0000	0.0000	0.0000	0.0000	0.0000	0.0014	0.0014	0.0015	0.0021	0.0020	0.0023	0.0005	0.0000	0.0011	0.3701	0.0000	-0.0000	1.4893	4.9284	0.0050	11.0439	0.0000	0.0000	0.0000	0.0000	0.0000	0.0000	0.0000	0.0000	0.0000	0.0001	0.0001	0.0000	0.0001	0.0001	0.0000	0.0000	0.0000	0.0000	0.0560	0.0497	0.0063	0.0194	0.0185	0.0009	0.0366	0.0312	0.0054	0.0507	0.0374	0.0133	0.0308	0.0266	0.0042	0.0199	0.0108	0.0091	0.0000	0.0000	0.0000	0.0000	0.0000	0.0000	0.0000	0.0000	0.0000	0.0014	0.0014	0.0015	0.0021	0.0020	0.0023	0.0005	0.0000	0.0011	
32	92	0.6151	8	1	0	1	0	0	0	0	0	N	N	N	N	N	N	N	N	N	N	N	N	0.0000	0.0000	0.0000	0.0000	0.0000	0.0000	0.0000	0.0000	0.0000	0.0000	0.0000	0.0000	0.0000	0.0000	0.0000	0.0000	0.0000	0.0041	0.0059	0.0002	0.0070	0.0085	0.0000	0.0001	0.0000	0.0003	0.0141	-0.0000	-0.0001	1.4893	3.9161	0.0050	29.2065	0.0000	0.0000	0.0000	0.0000	0.0000	0.0000	0.0000	0.0000	0.0000	0.0002	0.0002	0.0000	0.0002	0.0002	0.0000	0.0000	0.0000	0.0000	0.0312	0.0267	0.0045	0.0069	0.0065	0.0004	0.0243	0.0202	0.0041	0.0500	0.0344	0.0156	0.0289	0.0238	0.0051	0.0210	0.0106	0.0104	0.0000	0.0000	0.0000	0.0000	0.0000	0.0000	0.0000	0.0000	0.0000	0.0041	0.0059	0.0002	0.0070	0.0085	0.0000	0.0001	0.0000	0.0003		
32	93	0.1470	4	2	1	1	0	0	0	0	0	Y	N	N	N	N	N	N	N	N	N	N	N	inf	inf	inf	inf	0.0003	0.0003	0.0000	0.0013	0.0014	0.0000	0.0000	0.0000	0.0000	0.0000	0.0000	0.0000	0.0000	0.0000	0.0000	0.0000	0.0000	0.0000	0.0000	-0.0000	0.0000	1.4893	2.5103	0.0050	7.4742	0.0000	0.0000	0.0000	0.0000	0.0000	0.0000	0.0000	0.0000	0.0000	0.0000	0.0000	0.0000	0.0000	0.0000	0.0000	0.0000	0.0000	0.0000	0.0392	0.0337	0.0055	0.0075	0.0071	0.0003	0.0318	0.0265	0.0052	0.0353	0.0215	0.0138	0.0053	0.0051	0.0002	0.0300	0.0164	0.0136	inf	inf	0.0000	inf	inf	0.0000	0.0000	0.0000	0.0000	0.0000	0.0000	0.0000	0.0000	0.0000	0.0000	0.0000	0.0000	0.0000						
32	94	0.1108	3	1	1	1	0	0	0	0	0	N	N	N	N	N	N	N	N	N	N	N	N	inf	inf	inf	inf	0.0001	0.0001	0.0000	0.0000	0.0000	0.0000	0.0001	0.0001	0.0000	0.0000	0.0000	0.0000	0.0000	0.0000	0.0000	0.0000	0.0000	0.0000	0.0000	-0.0000	0.0000	1.4893	7.1305	0.0050	3.2426	0.0000	0.0000	0.0000	0.0000	0.0000	0.0000	0.0000	0.0000	0.0000	0.0000	0.0000	0.0000	0.0000	0.0000	0.0000	0.0000	0.0000	0.0000	0.1122	0.0964	0.0158	0.0210	0.0203	0.0006	0.0912	0.0761	0.0152	0.0311	0.0176	0.0135	0.0024	0.0023	0.0001	0.0287	0.0154	0.0134	inf	inf	0.0000	0.0000	0.0000	0.0000	inf	inf	0.0000	0.0000	0.0000	0.0000	0.0000	0.0000	0.0000	0.0000	0.0000	0.0000						
32	95	0.6890	10	2	1	1	0	0	0	0	0	Y	N	N	N	N	N	N	N	N	N	N	N	0.0000	0.0000	0.0000	0.0000	0.0000	0.0000	0.0000	0.0000	0.0000	0.0000	0.0000	0.0000	0.0000	0.0003	0.0005	0.0000	0.0005	0.0007	0.0000	0.0000	0.0000	0.0000	0.0000	0.0000	-0.0000	1.4893	8.0000	0.0050	22.5660	0.0000	0.0000	0.0000	0.0000	0.0000	0.0000	0.0000	0.0000	0.0000	0.0000	0.0000	0.0000	0.0000	0.0000	0.0000	0.0000	0.0000	0.0000	0.0717	0.0617	0.0100	0.0196	0.0183	0.0013	0.0521	0.0434	0.0087	0.0494	0.0341	0.0154	0.0320	0.0250	0.0071	0.0174	0.0091	0.0083	0.0000	0.0000	0.0000	0.0000	0.0000	0.0000	0.0000	0.0000	0.0000	0.0003	0.0005	0.0000	0.0005	0.0007	0.0000	0.0000	0.0000	0.0000						
32	96	0.6151	8	1	0	1	0	0	0	0	0	N	N	N	N	N	N	N	N	N	N	N	N	0.0000	0.0000	0.0000	0.0000	0.0000	0.0000	0.0000	0.0000	0.0000	0.0000	0.0000	0.0000	0.0000	0.0000	0.0000	0.0015	0.0000	0.0049	0.0000	0.0000	0.0000	0.0036	0.0000	0.0073	inf	0.0000	0.0000	1.4893	11.9964	0.0050	18.8414	0.0000	0.0000	0.0000	0.0000	0.0000	0.0000	0.0000	0.0000	0.0000	0.0001	0.0000	0.0001	0.0000	0.0000	0.0000	0.0001	0.0000	0.0001	0.0930	0.0796	0.0134	0.0208	0.0194	0.0013	0.0723	0.0602	0.0121	0.0473	0.0325	0.0147	0.0274	0.0226	0.0049	0.0199	0.0100	0.0099	0.0000	0.0000	0.0000	0.0000	0.0000	0.0000	0.0000	0.0000	0.0000	0.0015	0.0000	0.0049	0.0000	0.0000	0.0000	0.0036	0.0000	0.0073				
32	98	0.7195	12	2	1	2	0	0	0	0	0	Y	N	Y	N	N	N	N	N	N	N	N	N	0.0000	0.0000	0.0000	0.0000	0.0000	0.0000	0.0000	0.0000	0.0000	0.0000	0.0000	0.0000	0.0000	0.0000	0.0000	0.0000	0.0000	0.0000	0.0000	0.0001	0.0000	0.0000	0.0000	0.0000	0.0000	0.0001	26.3896	0.0000	0.0000	1.4893	0.9502	0.0050	16.1595	0.0000	0.0000	0.0000	0.0000	0.0000	0.0000	0.0000	0.0000	0.0000	0.0000	0.0000	0.0000	0.0000	0.0000	0.0000	0.0000	0.0000	0.0000	0.0089	0.0077	0.0012	0.0026	0.0024	0.0002	0.0064	0.0053	0.0011	0.0303	0.0213	0.0090	0.0191	0.0149	0.0042	0.0112	0.0064	0.0049	0.0000	0.0000	0.0000	0.0000	0.0000	0.0000	0.0000	0.0000	0.0000	0.0000	0.0000	0.0001	0.0000	0.0000	0.0000	0.0000	0.0000	0.0001		
32	99	0.6151	8	1	1	1	0	0	0	0	0	N	N	N	N	N	N	N	N	N	N	N	N	0.0000	0.0000	0.0000	0.0000	0.0000	0.0000	0.0000	0.0000	0.0000	0.0000	0.0000	0.0000	0.0000	0.0000	0.0000	0.0000	0.0049	0.0047	0.0054	0.0056	0.0067	0.0000	0.0040	0.0000	0.0080	0.5179	0.0000	-0.0000	1.4893	11.9964	0.0050	15.6499	0.0000	0.0000	0.0000	0.0000	0.0000	0.0000	0.0000	0.0000	0.0000	0.0002	0.0001	0.0001	0.0001	0.0001	0.0000	0.0001	0.0000	0.0001	0.0930	0.0796	0.0134	0.0208	0.0194	0.0013	0.0723	0.0602	0.0121	0.0434	0.0299	0.0135	0.0252	0.0208	0.0044	0.0182	0.0091	0.0091	0.0000	0.0000	0.0000	0.0000	0.0000	0.0000	0.0000	0.0000	0.0000	0.0049	0.0047	0.0054	0.0056	0.0067	0.0000	0.0040	0.0000	0.0080			
32	100	0.7225	13	2	0	2	0	0	0	0	0	Y	N	Y	N	N	N	N	N	N	N	N	N	0.0000	0.0000	0.0000	0.0000	0.0000	0.0000	0.0000	0.0000	0.0000	0.0000	0.0000	0.0000	0.0000	0.0000	0.0000	0.0000	0.0000	0.0001	0.0000	0.0003	0.0000	0.0000	0.0000	0.0002	0.0000	0.0005	10.7676	0.0000	0.0000	1.4893	1.0008	0.0050	13.9255	0.0000	0.0000	0.0000	0.0000	0.0000	0.0000	0.0000	0.0000	0.0000	0.0000	0.0000	0.0000	0.0000	0.0000	0.0000	0.0000	0.0000	0.0000	0.0094	0.0081	0.0013	0.0027	0.0025	0.0002	0.0067	0.0056	0.0011	0.0261	0.0182	0.0079	0.0166	0.0129	0.0037	0.0096	0.0053	0.0043	0.0000	0.0000	0.0000	0.0000	0.0000	0.0000	0.0000	0.0000	0.0000	0.0001	0.0000	0.0003	0.0000	0.0000	0.0000	0.0002	0.0000	0.0005		
32	101	0.7195	12	2	0	2	0	0	0	0	0	Y	N	Y	N	N	N	N	N	N	N	N	N	0.0000	0.0000	0.0000	0.0000	0.0000	0.0000	0.0000	0.0000	0.0000	0.0000	0.0000	0.0000	0.0000	0.0000	0.0000	0.0000	0.0000	0.0004	0.0004	0.0003	0.0004	0.0005	0.0000	0.0003	0.0000	0.0007	0.3419	0.0000	-0.0000	1.4893	0.0532	0.0050	2.0467	0.0000	0.0000	0.0000	0.0000	0.0000	0.0000	0.0000	0.0000	0.0000	0.0000	0.0000	0.0000	0.0000	0.0000	0.0000	0.0000	0.0000	0.0000	0.0005	0.0004	0.0001	0.0002	0.0001	0.0000	0.0004	0.0003	0.0001	0.0090	0.0066	0.0024	0.0063	0.0050	0.0014	0.0026	0.0016	0.0011	0.0000	0.0000	0.0000	0.0000	0.0000	0.0000	0.0000	0.0000	0.0000	0.0004	0.0004	0.0003	0.0004	0.0005	0.0000	0.0003	0.0000	0.0007		
32	102	0.7099	11	2	0	2	0	0	0	0	0	Y	N	Y	N	N	N	N	N	N	N	N	N	0.0000	0.0000	0.0000	0.0000	0.0000	0.0000	0.0000	0.0000	0.0000	0.0000	0.0000	0.0000	0.0000	0.0000	0.0000	0.0000	0.0000	0.0001	0.0001	0.0001	0.0001	0.0001	0.0001	0.0000	0.0000	0.0001	0.4835	0.0000	-0.0000	1.4893	2.0948	0.0050	3.0326	0.0000	0.0000	0.0000	0.0000	0.0000	0.0000	0.0000	0.0000	0.0000	0.0000	0.0000	0.0000	0.0000	0.0000	0.0000	0.0000	0.0000	0.0000	0.0196	0.0169	0.0027	0.0057	0.0053	0.0004	0.0139	0.0116	0.0023	0.0144	0.0105	0.0039	0.0099	0.0078	0.0022	0.0045	0.0027	0.0018	0.0000	0.0000	0.0000	0.0000	0.0000	0.0000	0.0000	0.0000	0.0000	0.0001	0.0001	0.0001	0.0001	0.0001	0.0001	0.0000	0.0000	0.0001		
32	103	0.6890	10	2	0	2	0	0	0	0	0	Y	N	Y	N	N	N	N	N	N	N	N	N	0.0000	0.0000	0.0000	0.0000	0.0000	0.0000	0.0000	0.0000	0.0000	0.0000	0.0000	0.0000	0.0000	0.0000	0.0000	0.0000	0.0000	0.0021	0.0000	0.0064	0.0015	0.0000	0.0060	0.0033	0.0000	0.0068	374.9923	0.0000	0.0000	1.4893	3.9484	0.0050	4.8420	0.0000	0.0000	0.0000	0.0000	0.0000	0.0000	0.0000	0.0000	0.0000	0.0000	0.0000	0.0000	0.0000	0.0000	0.0000	0.0000	0.0000	0.0000	0.0360	0.0310	0.0050	0.0099	0.0092	0.0007	0.0261	0.0217	0.0044	0.0209	0.0142	0.0067	0.0144	0.0109	0.0036	0.0065	0.0033	0.0032	0.0000	0.0000	0.0000	0.0000	0.0000	0.0000	0.0000	0.0000	0.0000	0.0021	0.0000	0.0064	0.0015	0.0000	0.0060	0.0033	0.0000	0.0068		
32	104	0.6474	9	1	1	1	0	0	0	0	0	N	N	N	N	N	N	N	N	N	N	N	N	0.0000	0.0000	0.0000	0.0000	0.0000	0.0000	0.0000	0.0000	0.0000	0.0000	0.0000	0.0000	0.0000	0.0000	0.0000	0.0000	0.0000	0.0002	0.0001	0.0005	0.0001	0.0001	0.0000	0.0004	0.0000	0.0007	2.8692	0.0000	0.0000	1.4893	8.9557	0.0050	32.3127	0.0000	0.0000	0.0000	0.0000	0.0000	0.0000	0.0000	0.0000	0.0000	0.0000	0.0000	0.0000	0.0000	0.0000	0.0000	0.0000	0.0000	0.0000	0.0980	0.0865	0.0116	0.0353	0.0334	0.0019	0.0627	0.0530	0.0097	0.0583	0.0403	0.0181	0.0319	0.0269	0.0050	0.0265	0.0134	0.0131	0.0000	0.0000	0.0000	0.0000	0.0000	0.0000	0.0000	0.0000	0.0000	0.0002	0.0001	0.0005	0.0001	0.0001	0.0000	0.0004	0.0000	0.0007		
32	105	0.6728	10	1	0	2	0	0	0	0	0	N	N	Y	N	N	N	N	N	N	N	N	N	0.0000	0.0000	0.0000	0.0000	0.0000	0.0000	0.0000	0.0000	0.0000	0.0000	0.0000	0.0000	0.0000	0.0000	0.0000	0.0000	0.0000	0.0000	0.0000	0.0000	0.0000	0.0000	0.0000	0.0000	0.0000	0.0000	20.9394	0.0000	0.0000	1.4893	4.2679	0.0050	7.8415	0.0000	0.0000	0.0000	0.0000	0.0000	0.0000	0.0000	0.0000	0.0000	0.0000	0.0000	0.0000	0.0000	0.0000	0.0000	0.0000	0.0000	0.0000	0.0476	0.0413	0.0063	0.0191	0.0176	0.0016	0.0285	0.0237	0.0048	0.0229	0.0157	0.0072	0.0127	0.0108	0.0019	0.0102	0.0049	0.0053	0.0000	0.0000	0.0000	0.0000	0.0000	0.0000	0.0000	0.0000	0.0000	0.0000	0.0000	0.0000	0.0000	0.0000	0.0000	0.0000	0.0000	0.0000		
32	106	0.6474	9	1	0	1	0	0	0	0	0	N	N	N	N	N	N	N	N	N	N	N	N	0.0000	0.0000	0.0000	0.0000	0.0000	0.0000	0.0000	0.0000	0.0000	0.0000	0.0000	0.0000	0.0000	0.0000	0.0000	0.0000	0.0000	0.0006	0.0002	0.0015	0.0003	0.0003	0.0000	0.0010	0.0000	0.0021	2.7617	0.0000	0.0000	1.4893	1.9301	0.0050	9.0954	0.0000	0.0000	0.0000	0.0000	0.0000	0.0000	0.0000	0.0000	0.0000	0.0000	0.0000	0.0000	0.0000	0.0000	0.0000	0.0000	0.0000	0.0000	0.0375	0.0345	0.0029	0.0186	0.0180	0.0006	0.0189	0.0166	0.0023	0.0218	0.0152	0.0065	0.0125	0.0107	0.0018	0.0093	0.0045	0.0047	0.0000	0.0000	0.0000	0.0000	0.0000	0.0000	0.0000	0.0000	0.0000	0.0006	0.0002	0.0015	0.0003	0.0003	0.0000	0.0010	0.0000	0.0021		
32	107	0.6151	8	1	0	1	0	0	0	0	0	N	N	N	N	N	N	N	N	N	N	N	N	0.0000	0.0000	0.0000	0.0000	0.0000	0.0000	0.0000	0.0000	0.0000	0.0000	0.0000	0.0000	0.0000	0.0000	0.0000	0.0000	0.0000	0.0053	0.0037	0.0089	0.0044	0.0052	0.0000	0.0066	0.0000	0.0127	1.0962	-0.0000	0.0000	1.4893	3.9049	0.0050	9.6098	0.0000	0.0000	0.0000	0.0000	0.0000	0.0000	0.0000	0.0000	0.0000	0.0001	0.0001	0.0001	0.0001	0.0001	0.0000	0.0001	0.0000	0.0001	0.0311	0.0266	0.0045	0.0069	0.0065	0.0004	0.0242	0.0201	0.0041	0.0252	0.0173	0.0078	0.0146	0.0122	0.0024	0.0106	0.0051	0.0055	0.0000	0.0000	0.0000	0.0000	0.0000	0.0000	0.0000	0.0000	0.0000	0.0053	0.0037	0.0089	0.0044	0.0052	0.0000	0.0066	0.0000	0.0127		
32	108	0.6363	10	1	1	1	0	0	0	0	0	N	N	N	N	N	N	N	N	N	N	N	N	316400.8926	255969.0635	0.0000	609474.4965	546800.0189	0.0000	0.0000	0.0000	14.5117	16.8848	0.0000	54.8695	58.8295	0.0000	0.0000	0.0000	0.0000	0.0000	0.0001	0.0000	0.0001	0.0001	0.0000	0.0000	0.0000	0.0000	0.0000	0.0200	-0.4411	-0.0000	1.4893	8.0392	0.0050	22.6195	1.0000	1.0000	0.0000	1.0000	1.0000	0.0000	0.0000	0.0000	0.0000	0.0000	0.0000	0.0000	0.0000	0.0000	0.0000	0.0000	0.0000	0.0000	0.0689	0.0592	0.0097	0.0182	0.0170	0.0012	0.0507	0.0422	0.0085	0.0474	0.0323	0.0151	0.0239	0.0198	0.0041	0.0235	0.0125	0.0110	316400.8926	255969.0635	0.0000	609474.4965	546800.0189	0.0000	0.0000	0.0000	0.0000	0.0000	0.0001	0.0000	0.0001	0.0001	0.0000	0.0000	0.0000	0.0000	
32	109	0.6363	9	1	0	1	0	0	0	0	0	N	N	N	N	N	N	N	N	N	N	N	N	49.1598	44.7432	75.9456	186.1842	93.2986	9722.1128	0.0000	0.0000	0.0223	0.0130	0.0787	0.0839	0.0450	0.6180	0.0000	0.0000	0.0000	0.0005	0.0003	0.0010	0.0005	0.0005	0.0001	0.0005	0.0000	0.0012	1.0000	1.0000	0.0000	0.0000	1.4893	0.2031	0.0050	2.0398	0.0000	0.0000	0.0000	0.0000	0.0000	0.0000	0.0000	0.0000	0.0000	0.0000	0.0000	0.0000	0.0000	0.0000	0.0000	0.0000	0.0000	0.0000	0.0018	0.0015	0.0003	0.0005	0.0004	0.0000	0.0013	0.0011	0.0002	0.0095	0.0074	0.0021	0.0048	0.0045	0.0004	0.0047	0.0030	0.0017	49.1598	44.7432	75.9456	186.1842	93.2986	9722.1128	0.0000	0.0000	0.0000	0.0005	0.0003	0.0010	0.0005	0.0005	0.0001	0.0005	0.0000	0.0012	
32	115	0.6953	10	2	0	2	0	0	0	0	0	Y	N	Y	N	N	N	N	N	N	N	N	N	0.0000	0.0000	0.0000	0.0000	0.0000	0.0000	0.0000	0.0000	0.0000	0.0000	0.0000	0.0000	0.0000	0.0000	0.0000	0.0486	0.0710	0.0000	0.0810	0.1025	0.0000	0.0000	0.0000	0.0000	0.0000	0.0000	-0.0002	1.4893	1.0009	0.0050	4.0038	0.0000	0.0000	0.0000	0.0000	0.0000	0.0000	0.0000	0.0000	0.0000	0.0004	0.0004	0.0000	0.0004	0.0004	0.0000	0.0000	0.0000	0.0000	0.0091	0.0078	0.0013	0.0021	0.0020	0.0001	0.0069	0.0058	0.0011	0.0086	0.0059	0.0027	0.0052	0.0041	0.0011	0.0034	0.0018	0.0016	0.0000	0.0000	0.0000	0.0000	0.0000	0.0000	0.0000	0.0000	0.0000	0.0486	0.0710	0.0000	0.0810	0.1025	0.0000	0.0000	0.0000	0.0000				
32	116	0.6670	9	2	0	2	0	0	0	0	0	Y	N	Y	N	N	N	N	N	N	N	N	N	0.0000	0.0000	0.0000	0.0000	0.0000	0.0000	0.0000	0.0000	0.0000	0.0000	0.0000	0.0000	0.0000	0.0000	0.0000	0.0000	0.0000	0.0000	0.0004	0.0003	0.0004	0.0004	0.0005	0.0002	0.0003	0.0000	0.0005	0.5444	-0.0000	-0.0000	1.4893	1.8441	0.0050	10.4794	0.0000	0.0000	0.0000	0.0000	0.0000	0.0000	0.0000	0.0000	0.0000	0.0000	0.0000	0.0000	0.0000	0.0000	0.0000	0.0000	0.0000	0.0000	0.0249	0.0217	0.0033	0.0089	0.0085	0.0004	0.0161	0.0132	0.0029	0.0221	0.0153	0.0067	0.0131	0.0106	0.0025	0.0090	0.0048	0.0042	0.0000	0.0000	0.0000	0.0000	0.0000	0.0000	0.0000	0.0000	0.0000	0.0004	0.0003	0.0004	0.0004	0.0005	0.0002	0.0003	0.0000	0.0005	
32	117	0.3789	7	1	1	1	1	0	0	0	0	N	N	N	N	N	N	N	N	N	N	N	N	0.0000	0.0000	0.0007	0.0000	0.0000	0.0000	0.0001	0.0000	0.0005	0.0000	0.0000	0.0000	0.0000	0.0000	0.0000	0.0000	0.0000	0.0000	0.0008	0.0011	0.0002	0.0019	0.0021	0.0003	0.0001	0.0000	0.0002	inf	0.1093	0.0000	-0.0000	1.4893	10.5071	0.0050	20.2622	0.0000	0.0000	0.0000	0.0000	0.0000	0.0000	0.0000	0.0000	0.0000	0.0001	0.0001	0.0000	0.0001	0.0001	0.0000	0.0000	0.0000	0.0000	0.1308	0.1160	0.0149	0.0411	0.0396	0.0014	0.0898	0.0763	0.0134	0.0815	0.0552	0.0263	0.0303	0.0278	0.0024	0.0512	0.0273	0.0239	0.0000	0.0000	0.0007	0.0000	0.0000	0.0000	0.0001	0.0000	0.0005	0.0008	0.0011	0.0002	0.0019	0.0021	0.0003	0.0001	0.0000	0.0002
32	118	0.6151	8	1	1	1	1	0	0	0	0	N	N	N	N	N	N	N	N	N	N	N	N	0.0000	0.0000	0.0000	0.0000	0.0000	0.0000	0.0000	0.0000	0.0000	0.0000	0.0000	0.0000	0.0000	0.0000	0.0000	0.0000	0.0060	0.0043	0.0098	0.0052	0.0063	0.0000	0.0072	0.0000	0.0145	1.0179	0.0000	0.0000	1.4893	4.0036	0.0050	26.5072	0.0000	0.0000	0.0000	0.0000	0.0000	0.0000	0.0000	0.0000	0.0000	0.0003	0.0001	0.0001	0.0001	0.0001	0.0000	0.0001	0.0000	0.0001	0.0318	0.0272	0.0046	0.0071	0.0066	0.0005	0.0248	0.0206	0.0042	0.0468	0.0322	0.0146	0.0271	0.0223	0.0048	0.0197	0.0099	0.0098	0.0000	0.0000	0.0000	0.0000	0.0000	0.0000	0.0000	0.0000	0.0000	0.0060	0.0043	0.0098	0.0052	0.0063	0.0000	0.0072	0.0000	0.0145			
32	119	0.6535	9	1	1	1	0	0	0	0	0	N	N	N	N	N	N	N	N	N	N	N	N	0.0000	0.0000	0.0000	0.0000	0.0000	0.0000	0.0000	0.0000	0.0000	0.0000	0.0000	0.0000	0.0000	0.0000	0.0000	0.0000	0.0000	0.0000	0.0001	0.0001	0.0003	0.0001	0.0001	0.0000	0.0002	0.0000	0.0005	1.9512	0.0000	0.0000	1.4893	3.8169	0.0050	21.2433	0.0000	0.0000	0.0000	0.0000	0.0000	0.0000	0.0000	0.0000	0.0000	0.0000	0.0000	0.0000	0.0000	0.0000	0.0000	0.0000	0.0000	0.0000	0.0546	0.0488	0.0058	0.0253	0.0244	0.0009	0.0293	0.0244	0.0049	0.0458	0.0330	0.0128	0.0304	0.0252	0.0053	0.0154	0.0079	0.0075	0.0000	0.0000	0.0000	0.0000	0.0000	0.0000	0.0000	0.0000	0.0000	0.0001	0.0001	0.0003	0.0001	0.0001	0.0000	0.0002	0.0000	0.0005	
32	120	0.4323	9	1	1	1	0	0	0	0	0	N	N	N	N	N	N	N	N	N	N	N	N	639.0534	485.9580	0.0064	745.0970	691.1007	0.0051	0.0044	0.0127	1.9110	2.1858	0.0000	6.7443	6.9846	0.0000	0.0000	0.0000	0.0000	0.0030	0.0045	0.0002	0.0091	0.0101	0.0012	0.0000	0.0000	0.0001	0.0000	0.0228	-0.1411	-0.0001	1.4893	16.3276	0.0050	34.9199	0.3198	0.3198	0.0000	0.3198	0.3198	0.0000	0.0000	0.0000	0.0000	0.0003	0.0003	0.0000	0.0003	0.0003	0.0000	0.0000	0.0000	0.0000	0.1674	0.1463	0.0210	0.0474	0.0458	0.0016	0.1199	0.1005	0.0194	0.0963	0.0626	0.0337	0.0316	0.0279	0.0038	0.0647	0.0348	0.0300	639.0534	485.9580	0.0064	745.0970	691.1007	0.0051	0.0044	0.0000	0.0127	0.0030	0.0045	0.0002	0.0091	0.0101	0.0012	0.0000	0.0000	0.0001	
32	121	0.4150	8	1	1	1	0	0	0	0	0	N	N	N	N	N	N	N	N	N	N	N	N	8274.5590	8170.6832	1267.4820	12611.4775	12509.2219	6864.5419	0.5899	0.0000	1.6672	10.5455	11.8833	1.1376	36.3216	37.1288	13.9770	0.0002	0.0000	0.0013	0.0013	0.0015	0.0009	0.0029	0.0030	0.0020	0.0003	0.0000	0.0008	0.0136	0.2946	-0.3041	-0.0000	1.4893	6.1757	0.0050	14.5601	0.7110	0.7015	0.0095	0.7110	0.7015	0.0095	0.0000	0.0000	0.0000	0.0001	0.0001	0.0000	0.0001	0.0001	0.0000	0.0000	0.0000	0.0000	0.0674	0.0590	0.0084	0.0196	0.0189	0.0007	0.0478	0.0401	0.0077	0.0533	0.0361	0.0172	0.0195	0.0177	0.0018	0.0338	0.0184	0.0154	8274.5590	8170.6832	1267.4820	12611.4775	12509.2219	6864.5419	0.5899	0.0000	1.6672	0.0013	0.0015	0.0009	0.0029	0.0030	0.0020	0.0003	0.0000	0.0008
32	122	0.3620	7	1	0	1	0	0	0	0	0	N	N	N	N	N	N	N	N	N	N	N	N	708.8534	1030.4923	4.8093	845.1467	1156.4678	7.0439	0.0008	0.0000	0.0022	0.3691	0.4173	0.0035	1.0968	1.1376	0.0330	0.0000	0.0000	0.0000	0.0005	0.0004	0.0007	0.0013	0.0010	0.0047	0.0002	0.0000	0.0004	0.0011	0.9880	-0.0153	0.0000	1.4893	7.5400	0.0050	21.4192	0.0347	0.0347	0.0000	0.0347	0.0347	0.0000	0.0000	0.0000	0.0000	0.0000	0.0000	0.0000	0.0000	0.0000	0.0000	0.0000	0.0000	0.0000	0.0941	0.0831	0.0110	0.0317	0.0305	0.0012	0.0624	0.0526	0.0098	0.0653	0.0422	0.0231	0.0190	0.0174	0.0016	0.0463	0.0249	0.0215	708.8534	1030.4923	4.8093	845.1467	1156.4678	7.0439	0.0008	0.0000	0.0022	0.0005	0.0004	0.0007	0.0013	0.0010	0.0047	0.0002	0.0000	0.0004
32	123	0.6890	10	1	1	1	0	0	0	0	0	N	N	N	N	N	N	N	N	N	N	N	N	0.0000	0.0000	0.0000	0.0000	0.0000	0.0000	0.0000	0.0000	0.0000	0.0000	0.0000	0.0000	0.0000	0.0004	0.0006	0.0000	0.0006	0.0008	0.0000	0.0000	0.0000	0.0000	0.0000	0.0000	-0.0000	1.4893	4.0019	0.0050	19.5615	0.0000	0.0000	0.0000	0.0000	0.0000	0.0000	0.0000	0.0000	0.0000	0.0000	0.0000	0.0000	0.0000	0.0000	0.0000	0.0000	0.0000	0.0000	0.0365	0.0314	0.0051	0.0100	0.0093	0.0007	0.0265	0.0220	0.0044	0.0408	0.0280	0.0128	0.0268	0.0207	0.0060	0.0140	0.0073	0.0067	0.0000	0.0000	0.0000	0.0000	0.0000	0.0000	0.0000	0.0000	0.0000	0.0004	0.0006	0.0000	0.0006	0.0008	0.0000	0.0000	0.0000	0.0000						
32	124	0.6670	9	1	0	1	0	0	0	0	0	N	N	N	N	N	N	N	N	N	N	N	N	0.0000	0.0000	0.0000	0.0000	0.0000	0.0000	0.0000	0.0000	0.0000	0.0000	0.0000	0.0000	0.0000	0.0000	0.0000	0.0000	0.0000	0.0000	0.0026	0.0035	0.0004	0.0041	0.0050	0.0001	0.0003	0.0000	0.0006	0.0510	0.0000	-0.0000	1.4893	1.2223	0.0050	8.2281	0.0000	0.0000	0.0000	0.0000	0.0000	0.0000	0.0000	0.0000	0.0000	0.0000	0.0000	0.0000	0.0000	0.0000	0.0000	0.0000	0.0000	0.0000	0.0194	0.0169	0.0025	0.0074	0.0071	0.0003	0.0120	0.0097	0.0022	0.0179	0.0125	0.0054	0.0107	0.0086	0.0020	0.0072	0.0039	0.0034	0.0000	0.0000	0.0000	0.0000	0.0000	0.0000	0.0000	0.0000	0.0000	0.0026	0.0035	0.0004	0.0041	0.0050	0.0001	0.0003	0.0000	0.0006	
32	125	0.6151	8	1	0	1	0	0	0	0	0	N	N	N	N	N	N	N	N	N	N	N	N	0.0000	0.0000	0.0000	0.0000	0.0000	0.0000	0.0000	0.0000	0.0000	0.0000	0.0000	0.0000	0.0000	0.0000	0.0000	0.0000	0.0049	0.0037	0.0073	0.0044	0.0053	0.0000	0.0054	0.0000	0.0107	0.8867	0.0000	0.0000	1.4893	5.9920	0.0050	12.2976	0.0000	0.0000	0.0000	0.0000	0.0000	0.0000	0.0000	0.0000	0.0000	0.0002	0.0001	0.0001	0.0001	0.0001	0.0000	0.0001	0.0000	0.0001	0.0474	0.0405	0.0069	0.0106	0.0099	0.0007	0.0369	0.0307	0.0062	0.0316	0.0217	0.0098	0.0184	0.0152	0.0031	0.0132	0.0065	0.0067	0.0000	0.0000	0.0000	0.0000	0.0000	0.0000	0.0000	0.0000	0.0000	0.0049	0.0037	0.0073	0.0044	0.0053	0.0000	0.0054	0.0000	0.0107			
32	126	0.6522	10	1	1	1	0	0	0	0	0	N	N	N	N	N	N	N	N	N	N	N	N	0.0000	0.0000	0.0000	0.0000	0.0000	0.0000	0.0000	0.0000	0.0000	0.0000	0.0000	0.0000	0.0000	0.0000	0.0000	0.0000	0.0000	0.0000	0.0021	0.0031	0.0000	0.0041	0.0049	0.0000	0.0000	0.0000	0.0000	0.0007	0.0000	-0.0000	1.4893	5.0407	0.0050	17.1705	0.0000	0.0000	0.0000	0.0000	0.0000	0.0000	0.0000	0.0000	0.0000	0.0001	0.0001	0.0000	0.0001	0.0001	0.0000	0.0000	0.0000	0.0000	0.0446	0.0383	0.0062	0.0125	0.0116	0.0009	0.0321	0.0268	0.0054	0.0378	0.0262	0.0117	0.0193	0.0162	0.0032	0.0185	0.0100	0.0085	0.0000	0.0000	0.0000	0.0000	0.0000	0.0000	0.0000	0.0000	0.0000	0.0021	0.0031	0.0000	0.0041	0.0049	0.0000	0.0000	0.0000	0.0000	
32	127	0.6363	9	1	1	1	0	0	0	0	0	N	N	N	N	N	N	N	N	N	N	N	N	7.5632	0.0000	147.4092	16.1289	0.0000	3510.9120	0.0000	0.0000	0.0012	0.0000	0.0082	0.0044	0.0000	0.0646	0.0000	0.0000	0.0000	0.0002	0.0002	0.0001	0.0003	0.0003	0.0000	0.0000	0.0000	0.0001	inf	0.1126	0.0000	-0.0000	1.4893	1.9703	0.0050	6.2034	0.0000	0.0000	0.0000	0.0000	0.0000	0.0000	0.0000	0.0000	0.0000	0.0000	0.0000	0.0000	0.0000	0.0000	0.0000	0.0000	0.0000	0.0000	0.0173	0.0148	0.0024	0.0046	0.0043	0.0003	0.0127	0.0106	0.0021	0.0181	0.0131	0.0051	0.0093	0.0080	0.0013	0.0089	0.0051	0.0038	7.5632	0.0000	147.4092	16.1289	0.0000	3510.9120	0.0000	0.0000	0.0000	0.0002	0.0002	0.0001	0.0003	0.0003	0.0000	0.0000	0.0000	0.0001	
32	128	0.6151	8	1	0	1	0	0	0	0	0	N	N	N	N	N	N	N	N	N	N	N	N	0.2260	0.1826	0.0000	0.5876	0.5341	0.0000	0.0000	0.0000	0.0023	0.0026	0.0000	0.0102	0.0109	0.0000	0.0000	0.0000	0.0000	0.0100	0.0144	0.0001	0.0173	0.0203	0.0000	0.0001	0.0000	0.0001	0.0000	0.0032	-0.0000	-0.0001	1.4893	1.1032	0.0050	7.8190	0.0000	0.0000	0.0000	0.0000	0.0000	0.0000	0.0000	0.0000	0.0000	0.0002	0.0002	0.0000	0.0002	0.0002	0.0000	0.0000	0.0000	0.0000	0.0089	0.0076	0.0013	0.0020	0.0018	0.0001	0.0069	0.0057	0.0012	0.0187	0.0129	0.0059	0.0108	0.0091	0.0016	0.0080	0.0037	0.0042	0.2260	0.1826	0.0000	0.5876	0.5341	0.0000	0.0000	0.0000	0.0000	0.0100	0.0144	0.0001	0.0173	0.0203	0.0000	0.0001	0.0000	0.0001	
32	129	0.3913	8	1	1	1	0	0	0	0	0	N	N	N	N	N	N	N	N	N	N	N	N	0.0000	0.0000	0.0000	0.0000	0.0000	0.0000	0.0000	0.0000	0.0000	0.0000	0.0000	0.0000	0.0000	0.0000	0.0000	0.0000	0.0000	0.0000	0.0000	0.0000	1.4893	1.0033	0.0050	0.8635	0.0000	0.0000	0.0000	0.0000	0.0000	0.0000	0.0000	0.0000	0.0000	0.0000	0.0000	0.0000	0.0000	0.0000	0.0000	0.0000	0.0000	0.0000	0.0576	0.0531	0.0045	0.0316	0.0306	0.0010	0.0260	0.0224	0.0035	0.0336	0.0249	0.0087	0.0161	0.0155	0.0006	0.0175	0.0094	0.0081	0.0000	0.0000	0.0000	0.0000	0.0000	0.0000	0.0000	0.0000	0.0000	0.0000	0.0000	0.0000	0.0000	0.0000	0.0000	0.0000	0.0000	0.0000											
32	130	0.3620	7	1	0	1	0	0	0	0	0	N	N	N	N	N	N	N	N	N	N	N	N	0.2173	0.0000	13.4966	0.2041	0.0000	10.2783	0.0000	0.0000	0.0000	0.0005	0.0000	0.0047	0.0014	0.0000	0.0414	0.0000	0.0000	0.0000	0.0024	0.0034	0.0003	0.0070	0.0072	0.0040	0.0001	0.0000	0.0001	inf	0.0504	0.0000	-0.0000	1.4893	5.5514	0.0050	9.9598	0.0000	0.0000	0.0000	0.0000	0.0000	0.0000	0.0000	0.0000	0.0000	0.0001	0.0001	0.0000	0.0001	0.0001	0.0000	0.0000	0.0000	0.0000	0.0769	0.0684	0.0085	0.0279	0.0270	0.0010	0.0489	0.0414	0.0075	0.0466	0.0312	0.0154	0.0157	0.0147	0.0010	0.0309	0.0165	0.0144	0.2173	0.0000	13.4966	0.2041	0.0000	10.2783	0.0000	0.0000	0.0000	0.0024	0.0034	0.0003	0.0070	0.0072	0.0040	0.0001	0.0000	0.0001
32	131	0.3317	6	1	0	1	0	0	0	0	0	N	N	N	N	N	N	N	N	N	N	N	N	1.0915	1.0122	1.2045	1.3521	1.4926	0.0011	0.6577	0.0000	1.9671	0.0004	0.0004	0.0004	0.0014	0.0014	0.0000	0.0001	0.0000	0.0004	0.0004	0.0004	0.0003	0.0010	0.0009	0.0019	0.0001	0.0000	0.0002	0.1223	0.3774	-0.0000	-0.0000	1.4893	9.1969	0.0050	13.4651	0.0000	0.0000	0.0000	0.0000	0.0000	0.0000	0.0000	0.0000	0.0000	0.0000	0.0000	0.0000	0.0000	0.0000	0.0000	0.0000	0.0000	0.0000	0.1073	0.0943	0.0130	0.0294	0.0285	0.0010	0.0779	0.0658	0.0120	0.0619	0.0411	0.0208	0.0196	0.0183	0.0013	0.0423	0.0228	0.0195	1.0915	1.0122	1.2045	1.3521	1.4926	0.0011	0.6577	0.0000	1.9671	0.0004	0.0004	0.0003	0.0010	0.0009	0.0019	0.0001	0.0000	0.0002
32	132	0.7120	12	2	1	1	1	0	0	0	0	Y	N	N	N	N	N	N	N	N	N	N	N	0.0000	0.0000	0.0000	0.0000	0.0000	0.0000	0.0000	0.0000	0.0000	0.0000	0.0000	0.0000	0.0000	0.0000	0.0000	0.0000	0.0000	0.0000	0.0000	0.0000	1.4893	1.0000	0.0050	3.0001	0.0000	0.0000	0.0000	0.0000	0.0000	0.0000	0.0000	0.0000	0.0000	0.0000	0.0000	0.0000	0.0000	0.0000	0.0000	0.0000	0.0000	0.0000	0.0089	0.0076	0.0013	0.0021	0.0020	0.0001	0.0067	0.0056	0.0011	0.0064	0.0045	0.0019	0.0042	0.0034	0.0008	0.0021	0.0011	0.0011	0.0000	0.0000	0.0000	0.0000	0.0000	0.0000	0.0000	0.0000	0.0000	0.0000	0.0000	0.0000	0.0000	0.0000	0.0000	0.0000	0.0000	0.0000											
32	133	0.4131	10	2	1	1	1	0	0	0	0	Y	N	N	N	N	N	N	N	N	N	N	N	0.0000	0.0000	0.0000	0.0000	0.0000	0.0000	0.0000	0.0000	0.0000	0.0000	0.0000	0.0000	0.0000	0.0000	0.0000	0.0000	0.0000	0.0000	0.0000	0.0000	1.4893	0.0006	0.0050	1.9797	0.0000	0.0000	0.0000	0.0000	0.0000	0.0000	0.0000	0.0000	0.0000	0.0000	0.0000	0.0000	0.0000	0.0000	0.0000	0.0000	0.0000	0.0000	0.0000	0.0000	0.0000	0.0000	0.0000	0.0000	0.0000	0.0000	0.0000	0.0030	0.0018	0.0012	0.0006	0.0005	0.0001	0.0024	0.0013	0.0011	0.0000	0.0000	0.0000	0.0000	0.0000	0.0000	0.0000	0.0000	0.0000	0.0000	0.0000	0.0000	0.0000	0.0000	0.0000	0.0000	0.0000	0.0000											
32	134	0.3963	9	2	1	1	1	0	0	0	0	Y	N	N	N	N	N	N	N	N	N	N	N	0.0000	0.0000	0.0000	0.0000	0.0000	0.0000	0.0000	0.0000	0.0000	0.0000	0.0000	0.0000	0.0000	0.0000	0.0000	0.0000	0.0000	0.0000	0.0000	0.0000	1.4893	2.0077	0.0050	6.0321	0.0000	0.0000	0.0000	0.0000	0.0000	0.0000	0.0000	0.0000	0.0000	0.0000	0.0000	0.0000	0.0000	0.0000	0.0000	0.0000	0.0000	0.0000	0.0189	0.0162	0.0027	0.0051	0.0048	0.0004	0.0138	0.0114	0.0023	0.0120	0.0070	0.0049	0.0020	0.0017	0.0003	0.0100	0.0054	0.0046	0.0000	0.0000	0.0000	0.0000	0.0000	0.0000	0.0000	0.0000	0.0000	0.0000	0.0000	0.0000	0.0000	0.0000	0.0000	0.0000	0.0000	0.0000											
32	135	0.3916	9	1	1	1	1	0	0	0	0	N	N	N	N	N	N	N	N	N	N	N	N	0.0000	0.0000	0.0000	0.0000	0.0000	0.0000	0.0000	0.0000	0.0000	0.0000	0.0000	0.0000	0.0000	0.0000	0.0000	0.0000	0.0000	0.0005	0.0008	0.0000	0.0022	0.0025	0.0001	0.0000	0.0000	0.0000	0.0053	0.0000	-0.0000	1.4893	3.0348	0.0050	9.3583	0.0000	0.0000	0.0000	0.0000	0.0000	0.0000	0.0000	0.0000	0.0000	0.0000	0.0000	0.0000	0.0000	0.0000	0.0000	0.0000	0.0000	0.0000	0.0282	0.0241	0.0041	0.0076	0.0070	0.0006	0.0206	0.0171	0.0035	0.0204	0.0124	0.0080	0.0046	0.0040	0.0006	0.0158	0.0084	0.0074	0.0000	0.0000	0.0000	0.0000	0.0000	0.0000	0.0000	0.0000	0.0000	0.0005	0.0008	0.0000	0.0022	0.0025	0.0001	0.0000	0.0000	0.0000		
32	136	0.3772	8	1	0	1	1	0	0	0	0	N	N	N	N	N	N	N	N	N	N	N	N	0.0000	0.0000	0.0000	0.0000	0.0000	0.0000	0.0000	0.0000	0.0000	0.0000	0.0000	0.0000	0.0000	0.0000	0.0000	0.0000	0.0001	0.0001	0.0000	0.0000	0.0000	0.0000	0.0000	0.0000	-0.0000	1.4893	0.0433	0.0050	6.6805	0.0000	0.0000	0.0000	0.0000	0.0000	0.0000	0.0000	0.0000	0.0000	0.0000	0.0000	0.0000	0.0000	0.0000	0.0000	0.0000	0.0000	0.0000	0.0005	0.0005	0.0001	0.0002	0.0002	0.0000	0.0003	0.0002	0.0001	0.0103	0.0061	0.0042	0.0019	0.0016	0.0003	0.0084	0.0045	0.0039	0.0000	0.0000	0.0000	0.0000	0.0000	0.0000	0.0000	0.0000	0.0000	0.0000	0.0000	0.0000	0.0001	0.0001	0.0000	0.0000	0.0000	0.0000						
32	137	0.7416	14	1	1	1	1	0	0	0	0	N	N	N	N	N	N	N	N	N	N	N	N	0.0000	0.0000	0.0000	0.0000	0.0000	0.0000	0.0000	0.0000	0.0000	0.0000	0.0000	0.0000	0.0000	0.0000	0.0000	0.0000	0.0000	0.0000	0.0000	0.0000	1.4893	0.0000	0.0050	0.0000	0.0000	0.0000	0.0000	0.0000	0.0000	0.0000	0.0000	0.0000	0.0000	0.0000	0.0000	0.0000	0.0000	0.0000	0.0000	0.0000	0.0000	0.0000	0.0000	0.0000	0.0000	0.0000	0.0000	0.0000	0.0000	0.0000	0.0000	0.0000	0.0000	0.0000	0.0000	0.0000	0.0000	0.0000	0.0000	0.0000	0.0000	0.0000	0.0000	0.0000	0.0000	0.0000	0.0000	0.0000	0.0000	0.0000	0.0000	0.0000	0.0000	0.0000	0.0000	0.0000	0.0000	0.0000											
32	138	0.7366	13	1	1	1	1	0	0	0	0	N	N	N	N	N	N	N	N	N	N	N	N	0.0000	0.0000	0.0000	0.0000	0.0000	0.0000	0.0000	0.0000	0.0000	0.0000	0.0000	0.0000	0.0000	0.0000	0.0000	0.0000	0.0000	0.0000	0.0000	0.0000	1.4893	0.0021	0.0050	2.0000	0.0000	0.0000	0.0000	0.0000	0.0000	0.0000	0.0000	0.0000	0.0000	0.0000	0.0000	0.0000	0.0000	0.0000	0.0000	0.0000	0.0000	0.0000	0.0001	0.0001	0.0000	0.0001	0.0001	0.0000	0.0000	0.0000	0.0000	0.0031	0.0021	0.0009	0.0018	0.0015	0.0003	0.0012	0.0006	0.0006	0.0000	0.0000	0.0000	0.0000	0.0000	0.0000	0.0000	0.0000	0.0000	0.0000	0.0000	0.0000	0.0000	0.0000	0.0000	0.0000	0.0000	0.0000											
32	139	0.7263	12	1	0	1	1	0	0	0	0	N	N	N	N	N	N	N	N	N	N	N	N	0.0000	0.0000	0.0000	0.0000	0.0000	0.0000	0.0000	0.0000	0.0000	0.0000	0.0000	0.0000	0.0000	0.0000	0.0000	0.0000	0.0000	0.0000	0.0000	0.0000	1.4893	1.0020	0.0050	3.0181	0.0000	0.0000	0.0000	0.0000	0.0000	0.0000	0.0000	0.0000	0.0000	0.0000	0.0000	0.0000	0.0000	0.0000	0.0000	0.0000	0.0000	0.0000	0.0089	0.0076	0.0013	0.0022	0.0020	0.0001	0.0068	0.0056	0.0011	0.0064	0.0045	0.0020	0.0039	0.0032	0.0007	0.0025	0.0013	0.0012	0.0000	0.0000	0.0000	0.0000	0.0000	0.0000	0.0000	0.0000	0.0000	0.0000	0.0000	0.0000	0.0000	0.0000	0.0000	0.0000	0.0000	0.0000											
32	140	0.7120	12	1	1	1	0	0	0	0	0	N	N	N	N	N	N	N	N	N	N	N	N	0.0000	0.0000	0.0000	0.0000	0.0000	0.0000	0.0000	0.0000	0.0000	0.0000	0.0000	0.0000	0.0000	0.0000	0.0000	0.0000	0.0000	0.0000	0.0000	0.0000	1.4893	0.0000	0.0050	4.0001	0.0000	0.0000	0.0000	0.0000	0.0000	0.0000	0.0000	0.0000	0.0000	0.0000	0.0000	0.0000	0.0000	0.0000	0.0000	0.0000	0.0000	0.0000	0.0000	0.0000	0.0000	0.0000	0.0000	0.0000	0.0000	0.0000	0.0000	0.0064	0.0045	0.0019	0.0042	0.0034	0.0008	0.0021	0.0011	0.0011	0.0000	0.0000	0.0000	0.0000	0.0000	0.0000	0.0000	0.0000	0.0000	0.0000	0.0000	0.0000	0.0000	0.0000	0.0000	0.0000	0.0000	0.0000											
32	141	0.3918	8	1	1	1	0	0	0	0	0	N	N	N	N	N	N	N	N	N	N	N	N	inf	inf	inf	inf	0.0232	0.0271	0.0000	0.0845	0.0914	0.0000	0.0000	0.0000	0.0000	0.0000	0.0000	0.0000	0.0000	0.0000	0.0000	0.0000	0.0000	0.0000	0.0000	-0.0001	0.0000	1.4893	1.0003	0.0050	5.0186	0.0002	0.0002	0.0000	0.0002	0.0002	0.0000	0.0000	0.0000	0.0000	0.0000	0.0000	0.0000	0.0000	0.0000	0.0000	0.0000	0.0000	0.0000	0.0095	0.0081	0.0014	0.0026	0.0024	0.0002	0.0069	0.0057	0.0012	0.0093	0.0055	0.0038	0.0016	0.0014	0.0003	0.0077	0.0041	0.0035	inf	inf	0.0000	inf	inf	0.0000	0.0000	0.0000	0.0000	0.0000	0.0000	0.0000	0.0000	0.0000	0.0000	0.0000	0.0000	0.0000						
32	142	0.7263	12	1	0	2	1	0	0	0	0	N	N	Y	N	N	N	N	N	N	N	N	N	0.0000	0.0000	0.0000	0.0000	0.0000	0.0000	0.0000	0.0000	0.0000	0.0000	0.0000	0.0000	0.0000	0.0000	0.0000	0.0000	0.0000	0.0000	0.0000	0.0000	1.4893	0.0001	0.0050	9.0026	0.0000	0.0000	0.0000	0.0000	0.0000	0.0000	0.0000	0.0000	0.0000	0.0000	0.0000	0.0000	0.0000	0.0000	0.0000	0.0000	0.0000	0.0000	0.0000	0.0000	0.0000	0.0000	0.0000	0.0000	0.0000	0.0000	0.0000	0.0141	0.0098	0.0043	0.0086	0.0070	0.0016	0.0055	0.0028	0.0027	0.0000	0.0000	0.0000	0.0000	0.0000	0.0000	0.0000	0.0000	0.0000	0.0000	0.0000	0.0000	0.0000	0.0000	0.0000	0.0000	0.0000	0.0000											
32	143	0.3772	8	1	0	2	1	0	0	0	0	N	N	Y	N	N	N	N	N	N	N	N	N	0.0000	0.0000	0.0000	0.0000	0.0000	0.0000	0.0000	0.0000	0.0000	0.0000	0.0000	0.0000	0.0000	0.0000	0.0000	0.0000	0.0000	0.0000	0.0000	0.0000	1.4893	2.0061	0.0050	8.0425	0.0000	0.0000	0.0000	0.0000	0.0000	0.0000	0.0000	0.0000	0.0000	0.0000	0.0000	0.0000	0.0000	0.0000	0.0000	0.0000	0.0000	0.0000	0.0188	0.0161	0.0027	0.0052	0.0048	0.0004	0.0137	0.0113	0.0023	0.0150	0.0089	0.0062	0.0027	0.0022	0.0005	0.0123	0.0066	0.0057	0.0000	0.0000	0.0000	0.0000	0.0000	0.0000	0.0000	0.0000	0.0000	0.0000	0.0000	0.0000	0.0000	0.0000	0.0000	0.0000	0.0000	0.0000											
32	144	0.3681	7	1	0	1	1	0	0	0	0	N	N	N	N	N	N	N	N	N	N	N	N	inf	inf	inf	inf	0.0005	0.0000	0.0035	0.0016	0.0000	0.0233	0.0000	0.0000	0.0000	0.0000	0.0000	0.0000	0.0000	0.0000	0.0000	0.0000	0.0000	0.0000	inf	0.0000	0.0000	1.4893	1.9550	0.0050	2.1189	0.0000	0.0000	0.0000	0.0000	0.0000	0.0000	0.0000	0.0000	0.0000	0.0000	0.0000	0.0000	0.0000	0.0000	0.0000	0.0000	0.0000	0.0000	0.0205	0.0177	0.0028	0.0064	0.0060	0.0004	0.0141	0.0117	0.0024	0.0104	0.0072	0.0032	0.0032	0.0030	0.0002	0.0072	0.0042	0.0030	inf	0.0000	inf	inf	0.0000	inf	0.0000	0.0000	0.0000	0.0000	0.0000	0.0000	0.0000	0.0000	0.0000	0.0000	0.0000	0.0000						
32	145	0.3681	7	1	0	2	1	0	0	0	0	N	N	Y	N	N	N	N	N	N	N	N	N	1.5108	0.0000	inf	1.0586	0.0000	inf	0.0005	0.0000	0.0033	0.0015	0.0000	0.0217	0.0000	0.0000	0.0000	0.0003	0.0005	0.0000	0.0014	0.0016	0.0000	0.0000	0.0000	0.0000	inf	0.0000	0.0000	-0.0000	1.4893	2.1261	0.0050	18.6477	0.0000	0.0000	0.0000	0.0000	0.0000	0.0000	0.0000	0.0000	0.0000	0.0000	0.0000	0.0000	0.0000	0.0000	0.0000	0.0000	0.0000	0.0000	0.0221	0.0190	0.0031	0.0068	0.0064	0.0005	0.0153	0.0127	0.0026	0.0334	0.0206	0.0128	0.0072	0.0063	0.0009	0.0262	0.0143	0.0119	1.5108	0.0000	inf	1.0586	0.0000	inf	0.0000	0.0000	0.0000	0.0003	0.0005	0.0000	0.0014	0.0016	0.0000	0.0000	0.0000	0.0000			
32	146	0.7263	12	1	0	2	1	0	0	0	0	N	N	Y	N	N	N	N	N	N	N	N	N	0.0000	0.0000	0.0000	0.0000	0.0000	0.0000	0.0000	0.0000	0.0000	0.0000	0.0000	0.0000	0.0000	0.0000	0.0000	0.0000	0.0000	0.0000	0.0000	0.0000	1.4893	2.0001	0.0050	5.9880	0.0000	0.0000	0.0000	0.0000	0.0000	0.0000	0.0000	0.0000	0.0000	0.0000	0.0000	0.0000	0.0000	0.0000	0.0000	0.0000	0.0000	0.0000	0.0177	0.0152	0.0025	0.0043	0.0040	0.0003	0.0134	0.0112	0.0022	0.0125	0.0087	0.0038	0.0076	0.0062	0.0014	0.0049	0.0025	0.0024	0.0000	0.0000	0.0000	0.0000	0.0000	0.0000	0.0000	0.0000	0.0000	0.0000	0.0000	0.0000	0.0000	0.0000	0.0000	0.0000	0.0000	0.0000											
32	147	0.7263	12	1	0	2	1	0	0	0	0	N	N	Y	N	N	N	N	N	N	N	N	N	0.0000	0.0000	0.0000	0.0000	0.0000	0.0000	0.0000	0.0000	0.0000	0.0000	0.0000	0.0000	0.0000	0.0033	0.0048	0.0000	0.0055	0.0067	0.0000	0.0000	0.0000	0.0000	0.0000	0.0000	-0.0001	1.4893	9.0001	0.0050	23.0169	0.0000	0.0000	0.0000	0.0000	0.0000	0.0000	0.0000	0.0000	0.0000	0.0001	0.0001	0.0000	0.0001	0.0001	0.0000	0.0000	0.0000	0.0000	0.0777	0.0667	0.0110	0.0189	0.0176	0.0012	0.0588	0.0491	0.0097	0.0455	0.0316	0.0140	0.0272	0.0222	0.0049	0.0183	0.0093	0.0090	0.0000	0.0000	0.0000	0.0000	0.0000	0.0000	0.0000	0.0000	0.0000	0.0033	0.0048	0.0000	0.0055	0.0067	0.0000	0.0000	0.0000	0.0000						
32	148	0.7010	11	1	0	1	1	0	0	0	0	N	N	N	N	N	N	N	N	N	N	N	N	0.0000	0.0000	0.0000	0.0000	0.0000	0.0000	0.0000	0.0000	0.0000	0.0000	0.0000	0.0000	0.0000	0.0000	0.0000	0.0000	0.0000	0.0000	0.0000	0.0000	0.0000	0.0000	0.0000	0.0000	inf	0.0000	0.0000	1.4893	1.9990	0.0050	7.9526	0.0000	0.0000	0.0000	0.0000	0.0000	0.0000	0.0000	0.0000	0.0000	0.0000	0.0000	0.0000	0.0000	0.0000	0.0000	0.0000	0.0000	0.0000	0.0178	0.0152	0.0025	0.0043	0.0040	0.0003	0.0134	0.0112	0.0022	0.0179	0.0126	0.0053	0.0116	0.0095	0.0021	0.0063	0.0032	0.0032	0.0000	0.0000	0.0000	0.0000	0.0000	0.0000	0.0000	0.0000	0.0000	0.0000	0.0000	0.0000	0.0000	0.0000	0.0000	0.0000	0.0000	0.0000				
32	149	0.6691	10	2	1	1	0	0	0	0	0	Y	N	N	N	N	N	N	N	N	N	N	N	0.0000	0.0000	0.0000	0.0000	0.0000	0.0000	0.0000	0.0000	0.0000	0.0000	0.0000	0.0000	0.0000	0.0000	0.0000	0.0000	0.0000	0.0000	0.0000	0.0000	0.0000	0.0000	0.0000	0.0000	0.0000	0.0000	10.7625	0.0000	0.0000	1.4893	5.3497	0.0050	17.2225	0.0000	0.0000	0.0000	0.0000	0.0000	0.0000	0.0000	0.0000	0.0000	0.0000	0.0000	0.0000	0.0000	0.0000	0.0000	0.0000	0.0000	0.0000	0.0493	0.0424	0.0069	0.0127	0.0120	0.0007	0.0366	0.0304	0.0062	0.0410	0.0297	0.0113	0.0257	0.0215	0.0042	0.0153	0.0082	0.0071	0.0000	0.0000	0.0000	0.0000	0.0000	0.0000	0.0000	0.0000	0.0000	0.0000	0.0000	0.0000	0.0000	0.0000	0.0000	0.0000	0.0000	0.0000		
32	150	0.6999	11	1	1	1	0	0	0	0	0	N	N	N	N	N	N	N	N	N	N	N	N	0.1549	25.6063	0.0010	0.3567	55.3279	0.0009	0.0008	0.0000	0.0022	0.0001	0.0002	0.0000	0.0004	0.0004	0.0000	0.0000	0.0000	0.0000	0.0009	0.0000	0.0030	0.0012	0.0000	0.0077	0.0005	0.0000	0.0010	0.0029	201.4094	-0.0000	0.0000	1.4893	3.6794	0.0050	17.4287	0.0000	0.0000	0.0000	0.0000	0.0000	0.0000	0.0000	0.0000	0.0000	0.0000	0.0000	0.0000	0.0000	0.0000	0.0000	0.0000	0.0000	0.0000	0.0360	0.0311	0.0048	0.0118	0.0110	0.0008	0.0242	0.0201	0.0041	0.0349	0.0247	0.0102	0.0203	0.0172	0.0031	0.0146	0.0075	0.0071	0.1549	25.6063	0.0010	0.3567	55.3279	0.0009	0.0008	0.0000	0.0022	0.0009	0.0000	0.0030	0.0012	0.0000	0.0077	0.0005	0.0000	0.0010
32	151	0.6691	10	1	1	1	0	0	0	0	0	N	N	N	N	N	N	N	N	N	N	N	N	0.1386	0.0003	31.9587	0.0011	0.0008	0.2274	9.0481	0.0000	27.7636	0.0001	0.0000	0.0011	0.0000	0.0000	0.0000	0.0002	0.0000	0.0012	0.0011	0.0014	0.0000	0.0017	0.0020	0.0000	0.0000	0.0000	0.0000	349.5000	0.0082	0.0000	-0.0000	1.4893	3.4464	0.0050	10.1316	0.0000	0.0000	0.0000	0.0000	0.0000	0.0000	0.0000	0.0000	0.0000	0.0000	0.0000	0.0000	0.0000	0.0000	0.0000	0.0000	0.0000	0.0000	0.0330	0.0284	0.0046	0.0090	0.0085	0.0005	0.0241	0.0199	0.0041	0.0288	0.0213	0.0075	0.0182	0.0154	0.0028	0.0106	0.0059	0.0047	0.1386	0.0003	31.9587	0.0011	0.0008	0.2274	9.0481	0.0000	27.7636	0.0011	0.0014	0.0000	0.0017	0.0020	0.0000	0.0000	0.0000	0.0000
32	152	0.3986	10	2	1	1	0	0	0	0	0	Y	N	N	N	N	N	N	N	N	N	N	N	0.0000	0.0000	0.0000	0.0000	0.0000	0.0000	0.0000	0.0000	0.0000	0.0000	0.0000	0.0000	0.0000	0.0000	0.0000	0.0000	0.0000	0.0000	0.0000	0.0000	1.4893	1.0143	0.0050	12.0086	0.0000	0.0000	0.0000	0.0000	0.0000	0.0000	0.0000	0.0000	0.0000	0.0000	0.0000	0.0000	0.0000	0.0000	0.0000	0.0000	0.0000	0.0000	0.0096	0.0082	0.0014	0.0026	0.0024	0.0002	0.0070	0.0058	0.0012	0.0190	0.0111	0.0078	0.0032	0.0026	0.0006	0.0158	0.0085	0.0073	0.0000	0.0000	0.0000	0.0000	0.0000	0.0000	0.0000	0.0000	0.0000	0.0000	0.0000	0.0000	0.0000	0.0000	0.0000	0.0000	0.0000	0.0000											
32	153	0.3963	9	2	1	1	0	0	0	0	0	Y	N	N	N	N	N	N	N	N	N	N	N	0.0000	0.0000	0.0000	0.0000	0.0000	0.0000	0.0000	0.0000	0.0000	0.0000	0.0000	0.0000	0.0000	0.0000	0.0000	0.0000	0.0000	0.0000	0.0000	0.0000	1.4893	0.9811	0.0050	0.0216	0.0000	0.0000	0.0000	0.0000	0.0000	0.0000	0.0000	0.0000	0.0000	0.0000	0.0000	0.0000	0.0000	0.0000	0.0000	0.0000	0.0000	0.0000	0.0093	0.0079	0.0013	0.0025	0.0023	0.0002	0.0068	0.0056	0.0012	0.0016	0.0009	0.0006	0.0003	0.0002	0.0000	0.0013	0.0007	0.0006	0.0000	0.0000	0.0000	0.0000	0.0000	0.0000	0.0000	0.0000	0.0000	0.0000	0.0000	0.0000	0.0000	0.0000	0.0000	0.0000	0.0000	0.0000											
32	154	0.3918	8	2	1	1	0	0	0	0	0	Y	N	N	N	N	N	N	N	N	N	N	N	inf	inf	inf	inf	2.0889	2.3986	0.0000	4.8517	5.2396	0.0000	0.0000	0.0000	0.0000	0.0000	0.0000	0.0000	0.0000	0.0000	0.0000	0.0000	0.0000	0.0000	0.0000	-0.0001	0.0000	1.4893	0.0083	0.0050	2.0001	0.0002	0.0002	0.0000	0.0002	0.0002	0.0000	0.0000	0.0000	0.0000	0.0000	0.0000	0.0000	0.0000	0.0000	0.0000	0.0000	0.0000	0.0000	0.0001	0.0001	0.0000	0.0000	0.0000	0.0000	0.0001	0.0000	0.0000	0.0034	0.0020	0.0013	0.0007	0.0006	0.0001	0.0027	0.0015	0.0012	inf	inf	0.0000	inf	inf	0.0000	0.0000	0.0000	0.0000	0.0000	0.0000	0.0000	0.0000	0.0000	0.0000	0.0000	0.0000	0.0000						
32	155	0.3681	7	1	1	1	0	0	0	0	0	N	N	N	N	N	N	N	N	N	N	N	N	inf	inf	inf	inf	inf	inf	34.0182	39.5599	0.0000	114.0916	122.5388	0.0000	0.0000	0.0000	0.0000	0.0000	0.0000	0.0000	0.0000	0.0000	0.0000	0.0000	0.0000	0.0000	0.0000	-0.4410	0.0000	1.4893	2.9180	0.0050	7.4065	0.9998	0.9998	0.0000	0.9998	0.9998	0.0000	0.0000	0.0000	0.0000	0.0000	0.0000	0.0000	0.0000	0.0000	0.0000	0.0000	0.0000	0.0000	0.0294	0.0253	0.0041	0.0088	0.0082	0.0006	0.0206	0.0171	0.0035	0.0194	0.0124	0.0069	0.0048	0.0043	0.0005	0.0146	0.0081	0.0065	inf	inf	inf	inf	inf	inf	0.0000	0.0000	0.0000	0.0000	0.0000	0.0000	0.0000	0.0000	0.0000	0.0000	0.0000	0.0000				
32	156	0.3023	6	1	0	1	0	0	0	0	0	N	N	N	N	N	N	N	N	N	N	N	N	2.2373	inf	0.0000	2.5220	inf	0.0000	0.0000	0.0000	0.0001	0.0001	0.0000	0.0002	0.0002	0.0000	0.0000	0.0000	0.0000	0.0000	0.0000	0.0001	0.0001	0.0000	0.0010	0.0000	0.0000	0.0000	0.0000	inf	-0.0000	0.0000	1.4893	8.2479	0.0050	19.7214	0.0000	0.0000	0.0000	0.0000	0.0000	0.0000	0.0000	0.0000	0.0000	0.0000	0.0000	0.0000	0.0000	0.0000	0.0000	0.0000	0.0000	0.0000	0.1329	0.1167	0.0162	0.0476	0.0453	0.0023	0.0853	0.0714	0.0139	0.0648	0.0429	0.0220	0.0185	0.0170	0.0015	0.0463	0.0259	0.0205	2.2373	inf	0.0000	2.5220	inf	0.0000	0.0000	0.0000	0.0000	0.0000	0.0000	0.0001	0.0001	0.0000	0.0010	0.0000	0.0000	0.0000	
32	157	0.2662	5	1	0	1	0	0	0	0	0	N	N	N	N	N	N	N	N	N	N	N	N	112.7795	0.0000	588.7543	117.6062	0.0000	464.7028	94.6590	263.7423	0.0084	0.0000	0.0636	0.0254	0.0000	0.4833	0.0021	0.0000	0.0128	0.0001	0.0001	0.0001	0.0002	0.0001	0.0010	0.0000	0.0000	0.0000	inf	1.0261	0.0004	0.0000	1.4893	7.4725	0.0050	14.3153	0.0008	0.0000	0.0008	0.0006	0.0000	0.0006	0.0001	0.0000	0.0001	0.0000	0.0000	0.0000	0.0000	0.0000	0.0000	0.0000	0.0000	0.0000	0.0926	0.0803	0.0123	0.0252	0.0238	0.0013	0.0674	0.0565	0.0109	0.0582	0.0378	0.0204	0.0158	0.0146	0.0012	0.0424	0.0232	0.0191	112.7795	0.0000	588.7543	117.6062	0.0000	464.7028	94.6590	0.0000	263.7423	0.0001	0.0001	0.0001	0.0002	0.0001	0.0010	0.0000	0.0000	0.0000	
32	161	0.7196	14	2	1	1	0	0	0	0	0	Y	N	N	N	N	N	N	N	N	N	N	N	0.0000	0.0000	0.0000	0.0000	0.0000	0.0000	0.0000	0.0000	0.0000	0.0000	0.0000	0.0000	0.0000	0.0000	0.0000	0.0000	0.0000	0.0000	0.0000	0.0000	1.4893	0.0002	0.0050	3.0099	0.0000	0.0000	0.0000	0.0000	0.0000	0.0000	0.0000	0.0000	0.0000	0.0000	0.0000	0.0000	0.0000	0.0000	0.0000	0.0000	0.0000	0.0000	0.0000	0.0000	0.0000	0.0000	0.0000	0.0000	0.0000	0.0000	0.0000	0.0049	0.0034	0.0014	0.0032	0.0026	0.0006	0.0016	0.0008	0.0008	0.0000	0.0000	0.0000	0.0000	0.0000	0.0000	0.0000	0.0000	0.0000	0.0000	0.0000	0.0000	0.0000	0.0000	0.0000	0.0000	0.0000	0.0000											
32	162	0.7120	13	2	1	1	0	0	0	0	0	Y	N	N	N	N	N	N	N	N	N	N	N	0.0000	0.0000	0.0000	0.0000	0.0000	0.0000	0.0000	0.0000	0.0000	0.0000	0.0000	0.0000	0.0000	0.0000	0.0000	0.0000	0.0000	0.0000	0.0000	0.0000	1.4893	0.9998	0.0050	2.0118	0.0000	0.0000	0.0000	0.0000	0.0000	0.0000	0.0000	0.0000	0.0000	0.0000	0.0000	0.0000	0.0000	0.0000	0.0000	0.0000	0.0000	0.0000	0.0089	0.0076	0.0013	0.0021	0.0020	0.0001	0.0067	0.0056	0.0011	0.0048	0.0034	0.0014	0.0032	0.0026	0.0006	0.0016	0.0008	0.0008	0.0000	0.0000	0.0000	0.0000	0.0000	0.0000	0.0000	0.0000	0.0000	0.0000	0.0000	0.0000	0.0000	0.0000	0.0000	0.0000	0.0000	0.0000											
32	163	0.7120	12	2	1	1	0	0	0	0	0	Y	N	N	N	N	N	N	N	N	N	N	N	0.0000	0.0000	0.0000	0.0000	0.0000	0.0000	0.0000	0.0000	0.0000	0.0000	0.0000	0.0000	0.0000	0.0000	0.0000	0.0000	0.0000	0.0000	0.0000	0.0000	1.4893	0.0000	0.0050	0.0003	0.0000	0.0000	0.0000	0.0000	0.0000	0.0000	0.0000	0.0000	0.0000	0.0000	0.0000	0.0000	0.0000	0.0000	0.0000	0.0000	0.0000	0.0000	0.0000	0.0000	0.0000	0.0000	0.0000	0.0000	0.0000	0.0000	0.0000	0.0000	0.0000	0.0000	0.0000	0.0000	0.0000	0.0000	0.0000	0.0000	0.0000	0.0000	0.0000	0.0000	0.0000	0.0000	0.0000	0.0000	0.0000	0.0000	0.0000	0.0000	0.0000	0.0000	0.0000	0.0000	0.0000	0.0000											
32	164	0.7010	11	1	1	1	0	0	0	0	0	N	N	N	N	N	N	N	N	N	N	N	N	0.0000	0.0000	0.0000	0.0000	0.0000	0.0000	0.0000	0.0000	0.0000	0.0000	0.0000	0.0000	0.0000	0.0000	0.0000	0.0000	0.0000	0.0000	0.0000	0.0000	0.0000	0.0000	0.0000	0.0000	inf	0.0000	0.0000	1.4893	0.0063	0.0050	4.3641	0.0000	0.0000	0.0000	0.0000	0.0000	0.0000	0.0000	0.0000	0.0000	0.0000	0.0000	0.0000	0.0000	0.0000	0.0000	0.0000	0.0000	0.0000	0.0001	0.0001	0.0000	0.0001	0.0001	0.0000	0.0000	0.0000	0.0000	0.0095	0.0068	0.0027	0.0061	0.0051	0.0010	0.0033	0.0017	0.0017	0.0000	0.0000	0.0000	0.0000	0.0000	0.0000	0.0000	0.0000	0.0000	0.0000	0.0000	0.0000	0.0000	0.0000	0.0000	0.0000	0.0000	0.0000				
32	165	0.6691	10	1	0	1	0	0	0	0	0	N	N	N	N	N	N	N	N	N	N	N	N	0.0000	0.0000	0.0000	0.0000	0.0000	0.0000	0.0000	0.0000	0.0000	0.0000	0.0000	0.0000	0.0000	0.0000	0.0000	0.0000	0.0000	0.0000	0.0000	0.0000	0.0000	0.0000	0.0000	0.0000	0.0000	0.0000	5.2346	0.0000	0.0000	1.4893	2.5207	0.0050	10.0226	0.0000	0.0000	0.0000	0.0000	0.0000	0.0000	0.0000	0.0000	0.0000	0.0000	0.0000	0.0000	0.0000	0.0000	0.0000	0.0000	0.0000	0.0000	0.0250	0.0216	0.0035	0.0071	0.0068	0.0004	0.0179	0.0148	0.0031	0.0274	0.0203	0.0071	0.0173	0.0147	0.0026	0.0101	0.0056	0.0045	0.0000	0.0000	0.0000	0.0000	0.0000	0.0000	0.0000	0.0000	0.0000	0.0000	0.0000	0.0000	0.0000	0.0000	0.0000	0.0000	0.0000	0.0000		
32	166	0.6535	9	1	0	1	0	0	0	0	0	N	N	N	N	N	N	N	N	N	N	N	N	0.0000	0.0000	0.0000	0.0000	0.0000	0.0000	0.0000	0.0000	0.0000	0.0000	0.0000	0.0000	0.0000	0.0000	0.0000	0.0000	0.0000	0.0000	0.0003	0.0001	0.0007	0.0001	0.0002	0.0000	0.0006	0.0000	0.0012	1.7906	0.0000	0.0000	1.4893	2.6894	0.0050	4.6619	0.0000	0.0000	0.0000	0.0000	0.0000	0.0000	0.0000	0.0000	0.0000	0.0000	0.0000	0.0000	0.0000	0.0000	0.0000	0.0000	0.0000	0.0000	0.0450	0.0406	0.0044	0.0232	0.0225	0.0007	0.0218	0.0182	0.0037	0.0215	0.0162	0.0053	0.0155	0.0130	0.0025	0.0059	0.0031	0.0028	0.0000	0.0000	0.0000	0.0000	0.0000	0.0000	0.0000	0.0000	0.0000	0.0003	0.0001	0.0007	0.0001	0.0002	0.0000	0.0006	0.0000	0.0012	
32	167	0.6151	8	1	0	1	0	0	0	0	0	N	N	N	N	N	N	N	N	N	N	N	N	0.0000	0.0000	0.0000	0.0000	0.0000	0.0000	0.0000	0.0000	0.0000	0.0000	0.0000	0.0000	0.0000	0.0000	0.0000	0.0000	0.0069	0.0053	0.0104	0.0063	0.0075	0.0000	0.0077	0.0000	0.0146	0.8855	0.0000	0.0000	1.4893	2.7966	0.0050	8.5340	0.0000	0.0000	0.0000	0.0000	0.0000	0.0000	0.0000	0.0000	0.0000	0.0002	0.0001	0.0001	0.0001	0.0001	0.0000	0.0001	0.0000	0.0001	0.0224	0.0191	0.0033	0.0050	0.0046	0.0003	0.0174	0.0145	0.0029	0.0221	0.0152	0.0069	0.0128	0.0108	0.0020	0.0093	0.0045	0.0049	0.0000	0.0000	0.0000	0.0000	0.0000	0.0000	0.0000	0.0000	0.0000	0.0069	0.0053	0.0104	0.0063	0.0075	0.0000	0.0077	0.0000	0.0146			
33	34	0.1568	7	1	1	1	0	0	0	0	0	N	N	N	N	N	N	N	N	N	N	N	N	0.0000	0.0000	0.0000	0.0000	0.0000	0.0000	0.0000	0.0000	0.0000	0.0000	0.0000	0.0000	0.0000	0.0000	0.0000	0.0000	0.0241	0.0375	0.0000	0.0797	0.0904	0.0000	0.0000	0.0000	0.0000	0.0000	0.0000	-0.0008	0.9855	2.0026	5.0251	4.0175	0.0000	0.0000	0.0000	0.0000	0.0000	0.0000	0.0000	0.0000	0.0000	0.0017	0.0017	0.0000	0.0017	0.0017	0.0000	0.0000	0.0000	0.0000	0.0183	0.0153	0.0030	0.0032	0.0031	0.0001	0.0150	0.0121	0.0029	0.0702	0.0451	0.0251	0.0212	0.0187	0.0025	0.0489	0.0264	0.0226	0.0000	0.0000	0.0000	0.0000	0.0000	0.0000	0.0000	0.0000	0.0000	0.0241	0.0375	0.0000	0.0797	0.0904	0.0000	0.0000	0.0000	0.0000			
33	35	0.1568	6	1	0	1	0	0	0	0	0	N	N	N	N	N	N	N	N	N	N	N	N	0.5340	0.2561	3.2687	0.5759	0.5712	0.0000	0.5557	0.0000	4.7208	0.0001	0.0000	0.0002	0.0001	0.0001	0.0000	0.0000	0.0000	0.0002	0.0001	0.0002	0.0001	0.0002	0.0002	0.0002	0.0001	0.0001	0.0000	0.9991	0.1724	0.0000	-0.0000	0.9855	0.4148	5.0251	1.5497	0.0000	0.0000	0.0000	0.0000	0.0000	0.0000	0.0000	0.0000	0.0000	0.0000	0.0000	0.0000	0.0000	0.0000	0.0000	0.0000	0.0000	0.0000	0.0068	0.0056	0.0013	0.0022	0.0022	0.0000	0.0046	0.0034	0.0012	0.0314	0.0209	0.0105	0.0124	0.0110	0.0014	0.0190	0.0100	0.0090	0.5340	0.2561	3.2687	0.5759	0.5712	0.0000	0.5557	0.0000	4.7208	0.0001	0.0002	0.0001	0.0002	0.0002	0.0002	0.0001	0.0001	0.0000
33	36	0.0991	4	1	1	1	0	0	0	0	0	N	N	N	N	N	N	N	N	N	N	N	N	0.0121	0.0000	0.4438	0.0000	0.0000	0.0000	0.0106	0.0000	0.4379	0.0004	0.0000	0.0025	0.0000	0.0000	0.0000	0.0004	0.0000	0.0026	0.0313	0.0470	0.0057	0.0025	0.0027	0.0002	0.0385	0.0663	0.0059	inf	0.0747	0.0000	-0.0036	0.9855	7.9964	5.0251	23.6501	0.0000	0.0000	0.0000	0.0000	0.0000	0.0000	0.0000	0.0000	0.0000	0.0091	0.0085	0.0006	0.0002	0.0002	0.0000	0.0090	0.0084	0.0006	0.0529	0.0450	0.0079	0.0040	0.0038	0.0002	0.0489	0.0412	0.0077	0.2924	0.1812	0.1113	0.0591	0.0551	0.0040	0.2334	0.1260	0.1073	0.0121	0.0000	0.4438	0.0000	0.0000	0.0000	0.0106	0.0000	0.4379	0.0313	0.0470	0.0057	0.0025	0.0027	0.0002	0.0385	0.0663	0.0059
33	37	0.0692	4	2	1	1	0	0	0	0	0	Y	N	N	N	N	N	N	N	N	N	N	N	0.0000	0.0000	0.0000	0.0000	0.0000	0.0000	0.0000	0.0000	0.0000	0.0000	0.0000	0.0000	0.0000	0.0000	0.0000	0.0000	0.0000	0.0000	0.0269	0.0004	0.0705	0.0017	0.0008	0.0080	0.0333	0.0003	0.0747	97.0519	0.0000	0.0045	0.9855	6.9981	5.0251	25.9787	0.0000	0.0000	0.0000	0.0000	0.0000	0.0000	0.0000	0.0000	0.0000	0.0086	0.0001	0.0085	0.0001	0.0000	0.0001	0.0084	0.0000	0.0084	0.0499	0.0424	0.0075	0.0029	0.0028	0.0001	0.0471	0.0396	0.0075	0.3181	0.1980	0.1201	0.0645	0.0570	0.0075	0.2536	0.1410	0.1126	0.0000	0.0000	0.0000	0.0000	0.0000	0.0000	0.0000	0.0000	0.0000	0.0269	0.0004	0.0705	0.0017	0.0008	0.0080	0.0333	0.0003	0.0747	
33	38	0.1568	6	1	1	1	0	0	0	0	0	N	N	N	N	N	N	N	N	N	N	N	N	0.0844	0.0000	0.2153	0.0000	0.0000	0.0000	0.5877	0.0000	2.2451	0.0000	0.0000	0.0000	0.0000	0.0000	0.0000	0.0000	0.0000	0.0000	0.0001	0.0000	0.0002	0.0002	0.0000	0.0019	0.0000	0.0000	0.0000	inf	12.0084	0.0000	0.0000	0.9855	4.7553	5.0251	10.1994	0.0000	0.0000	0.0000	0.0000	0.0000	0.0000	0.0000	0.0000	0.0000	0.0000	0.0000	0.0000	0.0000	0.0000	0.0000	0.0000	0.0000	0.0000	0.0377	0.0318	0.0059	0.0050	0.0048	0.0002	0.0327	0.0270	0.0057	0.1505	0.0951	0.0555	0.0393	0.0345	0.0048	0.1112	0.0605	0.0507	0.0844	0.0000	0.2153	0.0000	0.0000	0.0000	0.5877	0.0000	2.2451	0.0001	0.0000	0.0002	0.0002	0.0000	0.0019	0.0000	0.0000	0.0000
33	39	0.0991	4	2	1	1	0	0	0	0	0	Y	N	N	N	N	N	N	N	N	N	N	N	0.0000	0.0000	0.0000	0.0000	0.0000	0.0000	0.0000	0.0000	0.0000	0.0000	0.0000	0.0000	0.0000	0.0000	0.0000	0.0000	0.0000	3.3758	5.9974	0.0002	0.0716	0.0767	0.0000	4.2096	7.7912	0.0002	0.0000	0.0000	-0.4601	0.9855	5.0000	5.0251	27.3229	0.0000	0.0000	0.0000	0.0000	0.0000	0.0000	0.0000	0.0000	0.0000	1.0038	1.0038	0.0000	0.0043	0.0043	0.0000	0.9995	0.9995	0.0000	0.0336	0.0285	0.0050	0.0025	0.0024	0.0001	0.0310	0.0261	0.0049	0.2974	0.1842	0.1132	0.0599	0.0559	0.0040	0.2374	0.1283	0.1092	0.0000	0.0000	0.0000	0.0000	0.0000	0.0000	0.0000	0.0000	0.0000	3.3758	5.4499	0.0002	0.0716	0.0767	0.0000	4.2096	7.7912	0.0002		
33	40	0.0692	4	1	1	1	0	0	0	0	0	N	N	N	N	N	N	N	N	N	N	N	N	913.4387	119978.3325	0.0000	502.3225	459.8870	772.5802	inf	0.0000	19.6860	23.1898	0.0000	0.2939	0.3035	0.0000	20.8632	24.7880	0.0000	0.0216	0.0002	0.0571	0.0006	0.0007	0.0000	0.0270	0.0000	0.0609	0.0000	177.4658	-0.4337	0.0033	0.9855	7.0019	5.0251	21.4344	0.9831	0.9831	0.0000	0.0008	0.0008	0.0000	0.9823	0.9823	0.0000	0.0061	0.0000	0.0061	0.0000	0.0000	0.0000	0.0061	0.0000	0.0061	0.0499	0.0424	0.0075	0.0029	0.0028	0.0001	0.0471	0.0396	0.0075	0.2826	0.1766	0.1060	0.0583	0.0517	0.0066	0.2243	0.1249	0.0994	913.4387	119978.3325	0.0000	502.3225	459.8870	0.0000	772.5802	inf	0.0000	0.0216	0.0002	0.0571	0.0006	0.0007	0.0000	0.0270	0.0000	0.0609	
33	41	0.6034	9	1	1	1	0	0	0	0	0	N	N	N	N	N	N	N	N	N	N	N	N	0.0000	0.0000	0.0000	0.0000	0.0000	0.0000	0.0000	0.0000	0.0000	0.0000	0.0000	0.0000	0.0000	0.0000	0.0000	0.0000	0.0000	0.0030	0.0041	0.0006	0.0046	0.0059	0.0001	0.0004	0.0000	0.0009	0.0609	0.0000	-0.0001	0.9855	8.1446	5.0251	10.2519	0.0000	0.0000	0.0000	0.0000	0.0000	0.0000	0.0000	0.0000	0.0000	0.0004	0.0003	0.0000	0.0004	0.0003	0.0000	0.0000	0.0000	0.0000	0.0631	0.0555	0.0076	0.0217	0.0205	0.0012	0.0414	0.0350	0.0064	0.1228	0.0845	0.0383	0.0755	0.0598	0.0157	0.0473	0.0247	0.0226	0.0000	0.0000	0.0000	0.0000	0.0000	0.0000	0.0000	0.0000	0.0000	0.0030	0.0041	0.0006	0.0046	0.0059	0.0001	0.0004	0.0000	0.0009		
33	42	0.0692	4	1	1	1	0	0	0	0	0	N	N	N	N	N	N	N	N	N	N	N	N	0.0000	0.0000	0.0000	0.0000	0.0000	0.0000	0.0000	0.0000	0.0000	0.0000	0.0000	0.0000	0.0000	0.0000	0.0000	0.0000	0.0000	0.0779	0.0173	0.1828	0.0511	0.0556	0.0122	0.0854	0.0000	0.1940	6.0897	0.0000	0.0060	0.9855	5.9981	5.0251	11.5875	0.0000	0.0000	0.0000	0.0000	0.0000	0.0000	0.0000	0.0000	0.0000	0.0149	0.0021	0.0128	0.0022	0.0021	0.0001	0.0128	0.0000	0.0128	0.0430	0.0365	0.0065	0.0025	0.0024	0.0001	0.0405	0.0341	0.0064	0.1915	0.1214	0.0701	0.0422	0.0378	0.0043	0.1493	0.0836	0.0657	0.0000	0.0000	0.0000	0.0000	0.0000	0.0000	0.0000	0.0000	0.0000	0.0779	0.0173	0.1828	0.0511	0.0556	0.0122	0.0854	0.0000	0.1940		
33	43	0.2567	6	1	1	2	1	0	0	0	0	N	N	Y	N	N	N	N	N	N	N	N	N	0.0004	0.0003	0.0000	0.0009	0.0009	0.0000	0.0000	0.0000	0.0000	0.0000	0.0000	0.0000	0.0000	0.0000	0.0000	0.0000	0.0000	0.0000	0.0051	0.0069	0.0000	0.0104	0.0115	0.0000	0.0000	0.0000	0.0000	0.0000	0.0015	-0.0000	-0.0001	0.9855	1.0007	5.0251	2.4334	0.0000	0.0000	0.0000	0.0000	0.0000	0.0000	0.0000	0.0000	0.0000	0.0002	0.0002	0.0000	0.0002	0.0002	0.0000	0.0000	0.0000	0.0000	0.0069	0.0058	0.0011	0.0014	0.0012	0.0002	0.0055	0.0046	0.0009	0.0487	0.0360	0.0127	0.0238	0.0216	0.0022	0.0248	0.0144	0.0104	0.0004	0.0003	0.0000	0.0009	0.0009	0.0000	0.0000	0.0000	0.0000	0.0051	0.0069	0.0000	0.0104	0.0115	0.0000	0.0000	0.0000	0.0000
33	44	0.2195	5	1	0	1	1	0	0	0	0	N	N	N	N	N	N	N	N	N	N	N	N	115.5596	137.6094	0.0000	16.4522	18.7990	0.0000	303.6876	1787.1247	0.0000	0.3783	0.4488	0.0000	0.0820	0.0948	0.0000	0.4683	0.5600	0.0000	0.0033	0.0033	0.0033	0.0050	0.0050	0.0047	0.0015	0.0003	0.0029	0.0000	0.4636	-0.0013	-0.0001	0.9855	1.0391	5.0251	15.0482	0.0030	0.0030	0.0000	0.0001	0.0001	0.0000	0.0028	0.0028	0.0000	0.0007	0.0005	0.0002	0.0005	0.0005	0.0001	0.0002	0.0000	0.0001	0.0078	0.0066	0.0012	0.0018	0.0016	0.0002	0.0060	0.0050	0.0010	0.2167	0.1486	0.0681	0.1089	0.0927	0.0163	0.1077	0.0559	0.0518	115.5596	137.6094	0.0000	16.4522	18.7990	0.0000	303.6876	1787.1247	0.0000	0.0033	0.0033	0.0033	0.0050	0.0050	0.0047	0.0015	0.0003	0.0029
33	45	0.0991	4	1	1	1	0	0	0	0	0	N	N	N	N	N	N	N	N	N	N	N	N	0.0000	0.0001	0.0000	0.0004	0.0004	0.0000	0.0000	0.0000	0.0000	0.0000	0.0000	0.0000	0.0000	0.0000	0.0000	0.0000	0.0000	0.0529	0.0097	0.1231	0.0310	0.0323	0.0142	0.0584	0.0000	0.1272	0.0000	7.7954	-0.0000	0.0071	0.9855	12.0036	5.0251	21.9053	0.0000	0.0000	0.0000	0.0000	0.0000	0.0000	0.0000	0.0000	0.0000	0.0165	0.0019	0.0147	0.0019	0.0019	0.0001	0.0146	0.0000	0.0146	0.0790	0.0673	0.0117	0.0059	0.0056	0.0003	0.0731	0.0617	0.0114	0.3125	0.1934	0.1190	0.0625	0.0582	0.0043	0.2500	0.1352	0.1148	0.0000	0.0001	0.0000	0.0004	0.0004	0.0000	0.0000	0.0000	0.0000	0.0529	0.0097	0.1231	0.0310	0.0323	0.0142	0.0584	0.0000	0.1272	
33	46	0.5804	12	2	1	1	0	0	0	0	0	Y	N	N	N	N	N	N	N	N	N	N	N	0.0000	0.0000	0.0000	0.0000	0.0000	0.0000	0.0000	0.0000	0.0000	0.0000	0.0000	0.0000	0.0000	0.0000	0.0000	73.5630	0.0000	234.7102	0.0293	0.0000	0.1627	70.2873	0.0000	260.0666	inf	0.0000	0.5260	0.9855	2.0120	5.0251	1.9924	0.0000	0.0000	0.0000	0.0000	0.0000	0.0000	0.0000	0.0000	0.0000	0.9711	0.0000	0.9711	0.0005	0.0000	0.0005	0.9707	0.0000	0.9707	0.0140	0.0122	0.0018	0.0043	0.0040	0.0003	0.0097	0.0082	0.0015	0.0297	0.0205	0.0093	0.0159	0.0131	0.0029	0.0138	0.0074	0.0064	0.0000	0.0000	0.0000	0.0000	0.0000	0.0000	0.0000	0.0000	0.0000	32.6490	0.0000	104.9253	0.0293	0.0000	0.1627	70.2873	0.0000	151.9819				
33	47	0.2036	10	2	1	1	0	0	0	0	0	Y	N	N	N	N	N	N	N	N	N	N	N	0.0000	0.0000	0.0000	0.0000	0.0000	0.0000	0.0000	0.0000	0.0000	0.0000	0.0000	0.0000	0.0000	0.0000	0.0000	0.0000	0.0000	0.0121	0.0216	0.0000	0.0851	0.0950	0.0000	0.0000	0.0000	0.0000	0.0000	0.0000	-0.0002	0.9855	0.0002	5.0251	4.0036	0.0000	0.0000	0.0000	0.0000	0.0000	0.0000	0.0000	0.0000	0.0000	0.0004	0.0004	0.0000	0.0004	0.0004	0.0000	0.0000	0.0000	0.0000	0.0000	0.0000	0.0000	0.0000	0.0000	0.0000	0.0000	0.0000	0.0000	0.0337	0.0189	0.0148	0.0048	0.0043	0.0005	0.0289	0.0146	0.0143	0.0000	0.0000	0.0000	0.0000	0.0000	0.0000	0.0000	0.0000	0.0000	0.0121	0.0216	0.0000	0.0851	0.0950	0.0000	0.0000	0.0000	0.0000		
33	48	0.0991	4	1	1	1	1	0	0	0	0	N	N	N	N	N	N	N	N	N	N	N	N	0.0001	0.0001	0.0000	0.0009	0.0009	0.0000	0.0000	0.0000	0.0000	0.0000	0.0000	0.0000	0.0000	0.0000	0.0000	0.0000	0.0000	0.0323	0.0309	0.0346	0.0252	0.0273	0.0000	0.0340	0.0323	0.0360	0.0000	0.6961	-0.0000	-0.0007	0.9855	6.0036	5.0251	51.7820	0.0000	0.0000	0.0000	0.0000	0.0000	0.0000	0.0000	0.0000	0.0000	0.0149	0.0088	0.0061	0.0022	0.0022	0.0000	0.0127	0.0066	0.0061	0.0401	0.0341	0.0060	0.0030	0.0029	0.0001	0.0371	0.0312	0.0059	0.4620	0.2851	0.1769	0.0874	0.0808	0.0066	0.3746	0.2043	0.1703	0.0001	0.0001	0.0000	0.0009	0.0009	0.0000	0.0000	0.0000	0.0000	0.0323	0.0309	0.0346	0.0252	0.0273	0.0000	0.0340	0.0323	0.0360	
33	49	0.0991	4	2	1	1	0	0	0	0	0	Y	N	N	N	N	N	N	N	N	N	N	N	0.0002	0.0000	0.0004	0.0000	0.0000	0.0000	0.0002	0.0000	0.0005	0.0005	0.0000	0.0033	0.0000	0.0000	0.0000	0.0005	0.0000	0.0034	2.7649	0.0311	8.8112	0.0094	0.0036	0.0855	3.4379	0.0426	7.4625	inf	142.8104	0.0000	0.5256	0.9855	5.9964	5.0251	34.6547	0.0000	0.0000	0.0000	0.0000	0.0000	0.0000	0.0000	0.0000	0.0000	0.9830	0.0068	0.9762	0.0007	0.0002	0.0004	0.9823	0.0066	0.9757	0.0400	0.0341	0.0060	0.0030	0.0029	0.0001	0.0370	0.0312	0.0058	0.3555	0.2199	0.1357	0.0698	0.0649	0.0049	0.2857	0.1550	0.1308	0.0002	0.0000	0.0005	0.0000	0.0000	0.0000	0.0002	0.0000	0.0005	2.7649	0.0311	7.1952	0.0094	0.0036	0.0855	3.4379	0.0426	7.4625
33	50	0.1886	5	1	0	2	0	0	0	0	0	N	N	Y	N	N	N	N	N	N	N	N	N	0.5377	25.7504	0.0000	200.0938	191.0697	0.0000	0.0002	0.0115	0.0000	0.8639	1.0054	0.0000	4.5786	5.0659	0.0000	0.0005	0.0006	0.0000	1.6067	0.0390	4.7788	0.0229	0.0265	0.0014	2.6432	0.0519	5.7765	0.0000	60.4864	-0.0819	0.5321	0.9855	31.2093	5.0251	46.3939	0.1856	0.1856	0.0000	0.1855	0.1855	0.0000	0.0001	0.0001	0.0000	1.0127	0.0165	0.9963	0.0057	0.0057	0.0000	1.0070	0.0108	0.9962	0.2149	0.1846	0.0302	0.0405	0.0366	0.0039	0.1743	0.1480	0.0263	0.6303	0.4218	0.2085	0.2493	0.2133	0.0360	0.3810	0.2085	0.1725	0.5377	25.7504	0.0000	200.0938	191.0697	0.0000	0.0002	0.0115	0.0000	1.6067	0.0390	4.7788	0.0229	0.0265	0.0014	2.6432	0.0519	5.7765
33	51	0.1358	5	1	1	1	0	0	0	0	0	N	N	N	N	N	N	N	N	N	N	N	N	0.0000	0.0000	0.0000	0.0011	0.0010	0.0000	0.0000	0.0000	0.0000	0.0000	0.0000	0.0000	0.0000	0.0000	0.0000	0.0000	0.0000	0.0000	3.8635	6.2573	0.0002	0.0031	0.0035	0.0001	6.1292	10.9945	0.0002	0.0000	0.0000	-0.0000	-0.4565	0.9855	4.1516	5.0251	14.5664	0.0000	0.0000	0.0000	0.0000	0.0000	0.0000	0.0000	0.0000	0.0000	0.9959	0.9959	0.0000	0.0003	0.0003	0.0000	0.9956	0.9956	0.0000	0.0321	0.0276	0.0045	0.0054	0.0052	0.0002	0.0267	0.0224	0.0042	0.2609	0.1786	0.0823	0.0984	0.0880	0.0104	0.1624	0.0906	0.0719	0.0000	0.0000	0.0000	0.0011	0.0010	0.0000	0.0000	0.0000	0.0000	3.8174	5.5769	0.0002	0.0031	0.0035	0.0001	6.1292	10.9945	0.0002
33	52	0.1126	5	2	0	2	0	0	0	0	0	Y	N	Y	N	N	N	N	N	N	N	N	N	9.4361	7.1805	0.0000	8.5953	7.7214	0.0000	0.0000	0.0000	0.0001	0.0001	0.0000	0.0003	0.0003	0.0000	0.0000	0.0000	0.0000	0.0000	0.0000	0.0000	0.0000	0.0000	0.0000	0.0000	0.0000	0.0000	0.0000	0.0119	-0.0000	-0.0000	0.9855	0.0028	5.0251	0.9232	0.0000	0.0000	0.0000	0.0000	0.0000	0.0000	0.0000	0.0000	0.0000	0.0000	0.0000	0.0000	0.0000	0.0000	0.0000	0.0000	0.0000	0.0000	0.0001	0.0001	0.0000	0.0000	0.0000	0.0000	0.0000	0.0000	0.0000	0.0129	0.0087	0.0043	0.0042	0.0038	0.0004	0.0087	0.0049	0.0038	9.4361	7.1805	0.0000	8.5953	7.7214	0.0000	0.0000	0.0000	0.0000	0.0000	0.0000	0.0000	0.0000	0.0000	0.0000	0.0000	0.0000	0.0000	
33	53	0.5957	11	1	1	1	0	0	0	0	0	N	N	N	N	N	N	N	N	N	N	N	N	606.9567	0.0000	481128.2315	4.5998	0.0000	23786.5860	55078.3152	0.0000	440511.4175	12.7474	0.0000	89.8806	0.1506	0.0000	3.2420	18.0379	0.0000	99.1768	0.0210	0.0297	0.0002	0.0327	0.0409	0.0001	0.0003	0.0004	0.0002	661337208.4401	0.0026	0.5175	-0.0033	0.9855	8.5400	5.0251	19.3759	0.9259	0.0000	0.9259	0.0032	0.0000	0.0032	0.9226	0.0000	0.9226	0.0072	0.0072	0.0000	0.0071	0.0071	0.0000	0.0000	0.0000	0.0000	0.0726	0.0623	0.0103	0.0215	0.0205	0.0010	0.0511	0.0418	0.0093	0.3417	0.2411	0.1005	0.2179	0.1745	0.0434	0.1238	0.0666	0.0572	606.9567	0.0000	481128.2315	4.5998	0.0000	23786.5860	55078.3152	0.0000	440511.4175	0.0210	0.0297	0.0002	0.0327	0.0409	0.0001	0.0003	0.0004	0.0002
33	54	0.5326	10	1	0	1	0	0	0	0	0	N	N	N	N	N	N	N	N	N	N	N	N	11.7490	0.4320	470.6934	0.1018	0.0676	24.2541	48.8451	2.0585	367.6531	0.9490	0.0472	7.4818	0.0123	0.0099	0.0676	1.3163	0.0637	8.2766	0.0808	0.1092	0.0159	0.1209	0.1466	0.0028	0.0269	0.0309	0.0225	21.8916	0.0638	0.0308	-0.0110	0.9855	7.3474	5.0251	24.2346	0.0598	0.0026	0.0572	0.0002	0.0002	0.0001	0.0596	0.0024	0.0572	0.0276	0.0259	0.0017	0.0236	0.0235	0.0001	0.0039	0.0024	0.0016	0.0631	0.0554	0.0076	0.0178	0.0170	0.0007	0.0453	0.0384	0.0069	0.3414	0.2374	0.1041	0.1955	0.1606	0.0349	0.1459	0.0767	0.0691	11.7490	0.4320	470.6934	0.1018	0.0676	24.2541	48.8451	2.0585	367.6531	0.0808	0.1092	0.0159	0.1209	0.1466	0.0028	0.0269	0.0309	0.0225
33	55	0.5028	9	1	0	1	0	0	0	0	0	N	N	N	N	N	N	N	N	N	N	N	N	0.0565	0.0309	0.1640	0.0557	0.0490	0.0512	0.0405	0.0257	0.1211	0.0062	0.0017	0.0403	0.0029	0.0030	0.0004	0.0077	0.0010	0.0442	0.1103	0.0545	0.2460	0.0526	0.0616	0.0079	0.1896	0.0393	0.3648	3.2003	1.8586	0.0001	0.0060	0.9855	3.4216	5.0251	15.9376	0.0002	0.0000	0.0002	0.0000	0.0000	0.0000	0.0002	0.0000	0.0002	0.0311	0.0109	0.0202	0.0086	0.0084	0.0002	0.0225	0.0025	0.0200	0.0331	0.0292	0.0039	0.0101	0.0098	0.0003	0.0230	0.0195	0.0036	0.2816	0.1995	0.0821	0.1630	0.1357	0.0273	0.1186	0.0638	0.0548	0.0565	0.0309	0.1640	0.0557	0.0490	0.0512	0.0405	0.0257	0.1211	0.1103	0.0545	0.2460	0.0526	0.0616	0.0079	0.1896	0.0393	0.3648
33	56	0.2195	5	1	1	1	0	0	0	0	0	N	N	N	N	N	N	N	N	N	N	N	N	49.1747	41.3951	0.0000	5.5938	5.4728	0.0000	320.7552	392.6606	0.0000	0.3955	0.4692	0.0000	0.0851	0.0983	0.0000	0.4907	0.5869	0.0000	0.0080	0.0113	0.0012	0.0152	0.0180	0.0000	0.0015	0.0015	0.0016	0.0000	0.0522	-0.0013	-0.0008	0.9855	0.9891	5.0251	20.6926	0.0030	0.0030	0.0000	0.0001	0.0001	0.0000	0.0028	0.0028	0.0000	0.0020	0.0019	0.0001	0.0018	0.0018	0.0000	0.0002	0.0001	0.0001	0.0075	0.0063	0.0012	0.0018	0.0015	0.0002	0.0057	0.0048	0.0009	0.2483	0.1675	0.0808	0.1182	0.1001	0.0181	0.1301	0.0674	0.0627	49.1747	41.3951	0.0000	5.5938	5.4728	0.0000	320.7552	392.6606	0.0000	0.0080	0.0113	0.0012	0.0152	0.0180	0.0000	0.0015	0.0015	0.0016
33	57	0.0991	4	1	0	1	0	0	0	0	0	N	N	N	N	N	N	N	N	N	N	N	N	1277.8889	3107.0856	0.6071	10.4960	10.1785	71.7872	1519.9536	23347.4335	0.5974	29.0346	34.1329	0.0253	0.3288	0.3434	0.0010	31.3775	37.2688	0.0259	0.0227	0.0110	0.0417	0.0313	0.0337	0.0000	0.0206	0.0016	0.0433	0.0001	2.3464	-0.4323	0.0021	0.9855	5.0326	5.0251	39.3193	0.9803	0.9802	0.0001	0.0008	0.0008	0.0000	0.9795	0.9793	0.0001	0.0086	0.0026	0.0061	0.0023	0.0023	0.0000	0.0063	0.0003	0.0061	0.0338	0.0287	0.0050	0.0025	0.0024	0.0001	0.0312	0.0263	0.0049	0.3800	0.2348	0.1451	0.0739	0.0686	0.0053	0.3061	0.1662	0.1398	1277.8889	3107.0856	0.6071	10.4960	10.1785	71.7872	1519.9536	23347.4335	0.5974	0.0227	0.0110	0.0417	0.0313	0.0337	0.0000	0.0206	0.0016	0.0433
33	58	0.0991	4	1	1	1	1	0	0	0	0	N	N	N	N	N	N	N	N	N	N	N	N	0.0000	0.0000	0.0000	0.0008	0.0008	0.0000	0.0000	0.0000	0.0000	0.0000	0.0000	0.0000	0.0000	0.0000	0.0000	0.0000	0.0000	0.0000	2.6972	4.3619	0.0006	0.0360	0.0387	0.0000	3.3449	6.1638	0.0007	0.0000	0.0001	-0.0000	-0.4484	0.9855	5.0036	5.0251	36.7244	0.0000	0.0000	0.0000	0.0000	0.0000	0.0000	0.0000	0.0000	0.0000	0.9783	0.9783	0.0001	0.0026	0.0026	0.0000	0.9758	0.9757	0.0001	0.0336	0.0286	0.0050	0.0025	0.0024	0.0001	0.0310	0.0261	0.0049	0.3627	0.2243	0.1385	0.0710	0.0660	0.0050	0.2917	0.1583	0.1334	0.0000	0.0000	0.0000	0.0008	0.0008	0.0000	0.0000	0.0000	0.0000	2.6972	4.3619	0.0006	0.0360	0.0387	0.0000	3.3449	6.1638	0.0007
33	59	0.4832	9	1	1	1	1	0	0	0	0	N	N	N	N	N	N	N	N	N	N	N	N	0.0000	0.0000	0.0000	0.0000	0.0000	0.0000	0.0000	0.0000	0.0000	0.0000	0.0000	0.0000	0.0000	0.0000	0.0000	0.0000	0.0000	0.0000	2.1493	0.0006	9.7696	0.0079	0.0009	0.0387	5.4266	0.0000	21.4827	4610.7704	0.0000	0.5414	0.9855	10.4254	5.0251	21.2017	0.0000	0.0000	0.0000	0.0000	0.0000	0.0000	0.0000	0.0000	0.0000	0.9999	0.0002	0.9997	0.0022	0.0002	0.0020	0.9977	0.0000	0.9977	0.0983	0.0856	0.0127	0.0345	0.0319	0.0026	0.0638	0.0537	0.0102	0.4652	0.3336	0.1316	0.2814	0.2296	0.0518	0.1838	0.1041	0.0798	0.0000	0.0000	0.0000	0.0000	0.0000	0.0000	0.0000	0.0000	0.0000	2.1493	0.0006	7.5984	0.0079	0.0009	0.0387	5.4266	0.0000	12.5039	
33	60	0.1126	5	2	0	2	0	0	0	0	0	Y	N	Y	N	N	N	N	N	N	N	N	N	0.0004	0.9239	0.0000	0.0031	3.6395	0.0000	0.0000	0.0000	0.0000	0.0000	0.0000	0.0000	0.0000	0.0000	0.0000	0.0000	0.0000	0.0015	0.0000	0.0041	0.0020	0.0000	0.0158	0.0013	0.0000	0.0028	0.0000	3443.1638	-0.0000	0.0000	0.9855	1.9981	5.0251	3.0867	0.0000	0.0000	0.0000	0.0000	0.0000	0.0000	0.0000	0.0000	0.0000	0.0001	0.0000	0.0001	0.0000	0.0000	0.0000	0.0000	0.0000	0.0000	0.0145	0.0124	0.0021	0.0012	0.0012	0.0001	0.0133	0.0112	0.0021	0.0546	0.0349	0.0196	0.0147	0.0128	0.0019	0.0398	0.0221	0.0177	0.0004	0.9239	0.0000	0.0031	3.6395	0.0000	0.0000	0.0000	0.0000	0.0015	0.0000	0.0041	0.0020	0.0000	0.0158	0.0013	0.0000	0.0028	
33	61	0.0692	4	2	0	2	0	0	0	0	0	Y	N	Y	N	N	N	N	N	N	N	N	N	1.3861	1.0364	0.0000	5.2507	4.8647	0.0000	0.0000	0.0000	0.0000	0.0007	0.0008	0.0000	0.0119	0.0123	0.0000	0.0000	0.0000	0.0000	0.0005	0.0008	0.0000	0.0023	0.0025	0.0000	0.0000	0.0000	0.0000	0.0000	0.0012	-0.0000	-0.0000	0.9855	4.0039	5.0251	14.0733	0.0000	0.0000	0.0000	0.0000	0.0000	0.0000	0.0000	0.0000	0.0000	0.0001	0.0001	0.0000	0.0001	0.0001	0.0000	0.0000	0.0000	0.0000	0.0290	0.0246	0.0044	0.0017	0.0016	0.0001	0.0273	0.0230	0.0043	0.1958	0.1240	0.0718	0.0429	0.0385	0.0044	0.1528	0.0855	0.0673	1.3861	1.0364	0.0000	5.2507	4.8647	0.0000	0.0000	0.0000	0.0000	0.0005	0.0008	0.0000	0.0023	0.0025	0.0000	0.0000	0.0000	0.0000
33	62	0.0886	5	2	0	2	0	0	0	0	0	Y	N	Y	N	N	N	N	N	N	N	N	N	1.0746	17369.4706	0.0000	3.4276	48.8890	0.0000	3.2998	300424989.0712	0.0000	9.7742	12.5311	0.0000	0.0958	0.1301	0.0000	26.6943	31.1805	0.0000	9.0954	0.0007	34.6837	0.0280	0.0027	0.1595	8.0897	0.0000	33.5938	0.0000	15937.0814	-0.0024	0.5268	0.9855	0.0060	5.0251	17.2393	0.0055	0.0055	0.0000	0.0000	0.0000	0.0000	0.0054	0.0054	0.0000	0.9727	0.0001	0.9727	0.0008	0.0001	0.0007	0.9720	0.0000	0.9720	0.0006	0.0004	0.0001	0.0004	0.0003	0.0001	0.0002	0.0002	0.0000	0.1475	0.0846	0.0629	0.0273	0.0229	0.0044	0.1201	0.0617	0.0585	1.4820	17369.4706	0.0000	3.4276	48.8890	0.0000	3.2998	300424989.0712	0.0000	6.5952	0.0007	15.4654	0.0280	0.0027	0.1595	8.0897	0.0000	16.6197
33	63	0.1358	5	1	0	2	0	0	0	0	0	N	N	Y	N	N	N	N	N	N	N	N	N	0.0000	0.0000	0.0000	0.0000	0.0000	0.0000	0.0000	0.0000	0.0000	0.0000	0.0000	0.0000	0.0000	0.0000	0.0000	0.0000	0.0000	0.0000	0.0487	0.0695	0.0001	0.0454	0.0507	0.0000	0.0510	0.0907	0.0001	0.0000	0.0004	-0.0000	-0.0049	0.9855	1.0230	5.0251	12.1924	0.0000	0.0000	0.0000	0.0000	0.0000	0.0000	0.0000	0.0000	0.0000	0.0106	0.0106	0.0000	0.0041	0.0041	0.0000	0.0065	0.0065	0.0000	0.0108	0.0094	0.0014	0.0028	0.0027	0.0001	0.0080	0.0067	0.0013	0.2181	0.1527	0.0655	0.0902	0.0809	0.0094	0.1279	0.0718	0.0561	0.0000	0.0000	0.0000	0.0000	0.0000	0.0000	0.0000	0.0000	0.0000	0.0487	0.0695	0.0001	0.0454	0.0507	0.0000	0.0510	0.0907	0.0001
33	64	0.0991	4	1	0	1	0	0	0	0	0	N	N	N	N	N	N	N	N	N	N	N	N	0.0002	0.0001	0.0007	0.0111	0.0109	0.0000	0.0000	0.0000	0.0007	0.0000	0.0000	0.0000	0.0001	0.0001	0.0000	0.0000	0.0000	0.0000	0.0273	0.0428	0.0017	0.0051	0.0054	0.0002	0.0338	0.0621	0.0017	0.0388	0.0234	-0.0000	-0.0019	0.9855	2.4556	5.0251	12.4191	0.0000	0.0000	0.0000	0.0000	0.0000	0.0000	0.0000	0.0000	0.0000	0.0044	0.0043	0.0001	0.0002	0.0002	0.0000	0.0042	0.0041	0.0001	0.0167	0.0142	0.0025	0.0013	0.0012	0.0001	0.0154	0.0130	0.0025	0.1598	0.0997	0.0601	0.0360	0.0340	0.0020	0.1238	0.0657	0.0581	0.0002	0.0001	0.0007	0.0111	0.0109	0.0000	0.0000	0.0000	0.0007	0.0273	0.0428	0.0017	0.0051	0.0054	0.0002	0.0338	0.0621	0.0017
33	65	0.2214	6	1	1	1	0	0	0	0	0	N	N	N	N	N	N	N	N	N	N	N	N	17.2255	47.9908	0.0000	1.0797	1.2051	0.0000	21.8857	21989.4061	0.0000	0.2223	0.2611	0.0000	0.0109	0.0124	0.0000	0.3246	0.3866	0.0000	0.0129	0.0054	0.0278	0.0101	0.0103	0.0086	0.0148	0.0000	0.0317	0.0000	2.5587	-0.0014	0.0004	0.9855	1.7555	5.0251	11.9300	0.0032	0.0032	0.0000	0.0001	0.0001	0.0000	0.0032	0.0032	0.0000	0.0017	0.0005	0.0012	0.0005	0.0005	0.0001	0.0011	0.0000	0.0011	0.0146	0.0124	0.0022	0.0048	0.0042	0.0006	0.0098	0.0083	0.0016	0.1285	0.0857	0.0428	0.0523	0.0451	0.0072	0.0762	0.0406	0.0356	17.2255	47.9908	0.0000	1.0797	1.2051	0.0000	21.8857	21989.4061	0.0000	0.0129	0.0054	0.0278	0.0101	0.0103	0.0086	0.0148	0.0000	0.0317
33	66	0.0306	2	2	1	2	0	0	0	0	0	Y	N	Y	N	N	N	N	N	N	N	N	N	0.0000	0.0000	0.0000	0.0000	0.0000	0.0000	0.0000	0.0000	0.0000	0.0000	0.0000	0.0000	0.0000	0.0000	0.0000	0.0000	0.0000	0.0000	0.0000	0.0000	0.9855	0.0000	5.0251	0.0000	0.0000	0.0000	0.0000	0.0000	0.0000	0.0000	0.0000	0.0000	0.0000	0.0000	0.0000	0.0000	0.0000	0.0000	0.0000	0.0000	0.0000	0.0000	0.0000	0.0000	0.0000	0.0000	0.0000	0.0000	0.0000	0.0000	0.0000	0.0000	0.0000	0.0000	0.0000	0.0000	0.0000	0.0000	0.0000	0.0000	0.0000	0.0000	0.0000	0.0000	0.0000	0.0000	0.0000	0.0000	0.0000	0.0000	0.0000	0.0000	0.0000	0.0000	0.0000	0.0000	0.0000	0.0000											
33	67	0.7050	11	2	1	2	0	0	0	0	0	Y	N	Y	N	N	N	N	N	N	N	N	N	0.0000	0.0000	0.0000	0.0000	0.0000	0.0000	0.0000	0.0000	0.0000	0.0000	0.0000	0.0000	0.0000	0.0000	0.0000	0.0000	0.0000	0.0000	0.0000	0.0000	0.9855	1.0000	5.0251	3.0000	0.0000	0.0000	0.0000	0.0000	0.0000	0.0000	0.0000	0.0000	0.0000	0.0000	0.0000	0.0000	0.0000	0.0000	0.0000	0.0000	0.0000	0.0000	0.0055	0.0048	0.0007	0.0014	0.0013	0.0001	0.0041	0.0035	0.0006	0.0248	0.0170	0.0078	0.0144	0.0115	0.0029	0.0103	0.0055	0.0049	0.0000	0.0000	0.0000	0.0000	0.0000	0.0000	0.0000	0.0000	0.0000	0.0000	0.0000	0.0000	0.0000	0.0000	0.0000	0.0000	0.0000	0.0000											
33	68	0.0306	2	2	1	2	0	0	0	0	0	Y	N	Y	N	N	N	N	N	N	N	N	N	0.0000	0.0000	0.0000	0.0000	0.0000	0.0000	0.0000	0.0000	0.0000	0.0000	0.0000	0.0000	0.0000	0.0000	0.0000	0.0000	0.0000	0.0000	0.0000	0.0000	0.9855	1.0000	5.0251	0.0000	0.0000	0.0000	0.0000	0.0000	0.0000	0.0000	0.0000	0.0000	0.0000	0.0000	0.0000	0.0000	0.0000	0.0000	0.0000	0.0000	0.0000	0.0000	0.0073	0.0062	0.0011	0.0002	0.0002	0.0000	0.0070	0.0059	0.0011	0.0099	0.0056	0.0044	0.0013	0.0011	0.0002	0.0086	0.0045	0.0042	0.0000	0.0000	0.0000	0.0000	0.0000	0.0000	0.0000	0.0000	0.0000	0.0000	0.0000	0.0000	0.0000	0.0000	0.0000	0.0000	0.0000	0.0000											
33	71	0.7050	11	2	1	2	0	0	0	0	0	Y	N	Y	N	N	N	N	N	N	N	N	N	0.0000	0.0000	0.0000	0.0000	0.0000	0.0000	0.0000	0.0000	0.0000	0.0000	0.0000	0.0000	0.0000	0.0000	0.0000	0.0000	0.0000	0.0000	0.0000	0.0000	0.9855	0.0000	5.0251	0.0000	0.0000	0.0000	0.0000	0.0000	0.0000	0.0000	0.0000	0.0000	0.0000	0.0000	0.0000	0.0000	0.0000	0.0000	0.0000	0.0000	0.0000	0.0000	0.0000	0.0000	0.0000	0.0000	0.0000	0.0000	0.0000	0.0000	0.0000	0.0000	0.0000	0.0000	0.0000	0.0000	0.0000	0.0000	0.0000	0.0000	0.0000	0.0000	0.0000	0.0000	0.0000	0.0000	0.0000	0.0000	0.0000	0.0000	0.0000	0.0000	0.0000	0.0000	0.0000	0.0000	0.0000	0.0000											
33	72	0.6869	10	2	1	2	0	0	0	0	0	Y	N	Y	N	N	N	N	N	N	N	N	N	50.8871	141.3692	0.0000	434.0483	515.4044	0.0000	0.0000	0.0000	0.0000	0.0004	0.0005	0.0000	0.0017	0.0018	0.0000	0.0000	0.0000	0.0000	0.0000	0.0000	0.0000	0.0000	0.0000	0.0000	0.0000	0.0000	0.0000	0.0000	2.4313	-0.0000	0.0000	0.9855	3.9057	5.0251	1.1104	0.0000	0.0000	0.0000	0.0000	0.0000	0.0000	0.0000	0.0000	0.0000	0.0000	0.0000	0.0000	0.0000	0.0000	0.0000	0.0000	0.0000	0.0000	0.0243	0.0210	0.0033	0.0059	0.0055	0.0004	0.0184	0.0156	0.0029	0.0427	0.0299	0.0128	0.0296	0.0231	0.0065	0.0131	0.0068	0.0063	50.8871	141.3692	0.0000	434.0483	515.4044	0.0000	0.0000	0.0000	0.0000	0.0000	0.0000	0.0000	0.0000	0.0000	0.0000	0.0000	0.0000	0.0000
33	73	0.4841	8	2	1	1	0	0	0	0	0	Y	N	N	N	N	N	N	N	N	N	N	N	0.0000	0.0000	0.0000	0.0000	0.0000	0.0000	0.0000	0.0000	0.0000	0.0000	0.0000	0.0000	0.0000	0.0000	0.0000	0.0000	0.0000	0.0000	4.3637	0.0307	30.4488	0.0613	0.0470	0.1387	8.7542	0.0008	41.0664	0.0000	187.0808	-0.0000	0.5146	0.9855	6.9070	5.0251	16.5673	0.0000	0.0000	0.0000	0.0000	0.0000	0.0000	0.0000	0.0000	0.0000	0.9595	0.0051	0.9544	0.0078	0.0051	0.0028	0.9517	0.0000	0.9516	0.0769	0.0680	0.0088	0.0299	0.0281	0.0018	0.0470	0.0399	0.0070	0.2361	0.1664	0.0697	0.1274	0.1075	0.0198	0.1087	0.0588	0.0499	0.0000	0.0000	0.0000	0.0000	0.0000	0.0000	0.0000	0.0000	0.0000	4.0638	0.0307	13.6878	0.0613	0.0470	0.1387	8.7542	0.0008	19.0804
33	74	0.5480	10	1	1	1	1	0	0	0	0	N	N	N	N	N	N	N	N	N	N	N	N	0.0000	0.0000	0.0000	0.0000	0.0000	0.0000	0.0000	0.0000	0.0000	0.0000	0.0000	0.0000	0.0000	0.0000	0.0000	0.0000	0.0000	0.0000	0.0028	0.0038	0.0001	0.0043	0.0052	0.0000	0.0005	0.0009	0.0001	0.0090	-0.0000	-0.0003	0.9855	6.4226	5.0251	19.3377	0.0000	0.0000	0.0000	0.0000	0.0000	0.0000	0.0000	0.0000	0.0000	0.0006	0.0006	0.0000	0.0006	0.0006	0.0000	0.0000	0.0000	0.0000	0.0465	0.0401	0.0064	0.0111	0.0104	0.0006	0.0354	0.0297	0.0058	0.2233	0.1584	0.0650	0.1313	0.1096	0.0217	0.0920	0.0487	0.0433	0.0000	0.0000	0.0000	0.0000	0.0000	0.0000	0.0000	0.0000	0.0000	0.0028	0.0038	0.0001	0.0043	0.0052	0.0000	0.0005	0.0009	0.0001	
33	75	0.5028	9	1	0	1	1	0	0	0	0	N	N	N	N	N	N	N	N	N	N	N	N	0.0354	0.0320	0.0000	0.2533	0.2222	0.0000	0.0000	0.0000	0.0000	0.0007	0.0007	0.0000	0.0023	0.0024	0.0000	0.0000	0.0000	0.0000	0.0186	0.0234	0.0070	0.0092	0.0109	0.0008	0.0314	0.0495	0.0102	0.0000	0.1247	-0.0000	-0.0019	0.9855	5.1932	5.0251	17.4397	0.0000	0.0000	0.0000	0.0000	0.0000	0.0000	0.0000	0.0000	0.0000	0.0056	0.0050	0.0006	0.0016	0.0016	0.0000	0.0040	0.0034	0.0006	0.0449	0.0394	0.0055	0.0127	0.0121	0.0005	0.0322	0.0273	0.0050	0.3016	0.2131	0.0885	0.1739	0.1443	0.0296	0.1277	0.0688	0.0589	0.0354	0.0320	0.0000	0.2533	0.2222	0.0000	0.0000	0.0000	0.0000	0.0186	0.0234	0.0070	0.0092	0.0109	0.0008	0.0314	0.0495	0.0102
33	76	0.4658	8	1	0	1	0	0	0	0	0	N	N	N	N	N	N	N	N	N	N	N	N	3.6692	3.7242	0.1298	15.1444	13.5082	0.0224	0.0387	0.0267	0.0979	0.0800	0.0916	0.0019	0.2669	0.2797	0.0001	0.0011	0.0009	0.0021	0.0218	0.0246	0.0146	0.0176	0.0207	0.0031	0.0281	0.0331	0.0216	0.0031	0.2305	-0.0014	-0.0022	0.9855	4.4918	5.0251	17.5337	0.0032	0.0032	0.0000	0.0032	0.0032	0.0000	0.0000	0.0000	0.0000	0.0081	0.0066	0.0015	0.0039	0.0038	0.0001	0.0042	0.0028	0.0014	0.0402	0.0350	0.0052	0.0119	0.0114	0.0005	0.0282	0.0236	0.0046	0.3724	0.2684	0.1040	0.2236	0.1845	0.0391	0.1488	0.0839	0.0649	3.6692	3.7242	0.1298	15.1444	13.5082	0.0224	0.0387	0.0267	0.0979	0.0218	0.0246	0.0146	0.0176	0.0207	0.0031	0.0281	0.0331	0.0216
33	77	0.1949	7	1	0	1	1	0	0	0	0	N	N	N	N	N	N	N	N	N	N	N	N	0.0000	0.0000	0.0000	0.0000	0.0000	0.0000	0.0000	0.0000	0.0000	0.0000	0.0000	0.0000	0.0000	0.0000	0.0000	0.0000	0.0000	0.0000	0.0023	0.0026	0.0016	0.0017	0.0020	0.0000	0.0027	0.0033	0.0019	0.2763	0.0000	-0.0001	0.9855	0.3745	5.0251	14.7996	0.0000	0.0000	0.0000	0.0000	0.0000	0.0000	0.0000	0.0000	0.0000	0.0004	0.0003	0.0001	0.0001	0.0001	0.0000	0.0003	0.0002	0.0001	0.0035	0.0031	0.0004	0.0008	0.0008	0.0000	0.0027	0.0023	0.0004	0.1606	0.1102	0.0504	0.0667	0.0573	0.0093	0.0940	0.0529	0.0411	0.0000	0.0000	0.0000	0.0000	0.0000	0.0000	0.0000	0.0000	0.0000	0.0023	0.0026	0.0016	0.0017	0.0020	0.0000	0.0027	0.0033	0.0019	
33	78	0.1727	6	1	0	1	1	0	0	0	0	N	N	N	N	N	N	N	N	N	N	N	N	0.0000	0.0000	0.0000	0.0000	0.0000	0.0000	0.0000	0.0000	0.0000	0.0000	0.0000	0.0000	0.0000	0.0000	0.0000	0.0000	0.0000	0.0000	0.0571	0.0827	0.0006	0.0021	0.0024	0.0000	0.0973	0.1709	0.0007	0.0033	0.0000	-0.0037	0.9855	1.4595	5.0251	10.3922	0.0000	0.0000	0.0000	0.0000	0.0000	0.0000	0.0000	0.0000	0.0000	0.0082	0.0081	0.0000	0.0001	0.0001	0.0000	0.0080	0.0080	0.0000	0.0113	0.0097	0.0015	0.0018	0.0017	0.0001	0.0095	0.0081	0.0015	0.1427	0.0983	0.0444	0.0602	0.0515	0.0087	0.0825	0.0468	0.0357	0.0000	0.0000	0.0000	0.0000	0.0000	0.0000	0.0000	0.0000	0.0000	0.0571	0.0827	0.0006	0.0021	0.0024	0.0000	0.0973	0.1709	0.0007	
33	79	0.1585	5	1	0	1	1	0	0	0	0	N	N	N	N	N	N	N	N	N	N	N	N	0.0000	0.0000	0.0000	0.0000	0.0000	0.0000	0.0000	0.0000	0.0000	0.0000	0.0000	0.0000	0.0000	0.0000	0.0000	0.0000	0.0000	0.0000	0.0043	0.0056	0.0012	0.0044	0.0051	0.0002	0.0041	0.0062	0.0014	0.0934	-0.0000	-0.0002	0.9855	1.3861	5.0251	6.3168	0.0000	0.0000	0.0000	0.0000	0.0000	0.0000	0.0000	0.0000	0.0000	0.0005	0.0004	0.0000	0.0002	0.0002	0.0000	0.0002	0.0002	0.0000	0.0099	0.0085	0.0015	0.0013	0.0012	0.0001	0.0087	0.0073	0.0014	0.1067	0.0744	0.0324	0.0463	0.0402	0.0060	0.0605	0.0341	0.0264	0.0000	0.0000	0.0000	0.0000	0.0000	0.0000	0.0000	0.0000	0.0000	0.0043	0.0056	0.0012	0.0044	0.0051	0.0002	0.0041	0.0062	0.0014	
33	80	0.0991	4	1	0	1	1	0	0	0	0	N	N	N	N	N	N	N	N	N	N	N	N	0.0003	0.0002	0.0000	0.0008	0.0008	0.0000	0.0000	0.0000	0.0000	0.0000	0.0000	0.0000	0.0000	0.0000	0.0000	0.0000	0.0000	0.0000	0.0097	0.0155	0.0003	0.0435	0.0464	0.0000	0.0008	0.0012	0.0003	0.0111	0.0124	-0.0000	-0.0010	0.9855	4.0043	5.0251	19.8631	0.0000	0.0000	0.0000	0.0000	0.0000	0.0000	0.0000	0.0000	0.0000	0.0023	0.0022	0.0000	0.0021	0.0021	0.0000	0.0001	0.0001	0.0000	0.0270	0.0230	0.0040	0.0020	0.0020	0.0001	0.0250	0.0210	0.0040	0.2335	0.1450	0.0885	0.0489	0.0459	0.0031	0.1846	0.0992	0.0854	0.0003	0.0002	0.0000	0.0008	0.0008	0.0000	0.0000	0.0000	0.0000	0.0097	0.0155	0.0003	0.0435	0.0464	0.0000	0.0008	0.0012	0.0003
33	81	0.6396	10	1	1	2	0	0	0	0	0	N	N	Y	N	N	N	N	N	N	N	N	N	0.0000	0.0000	0.0000	0.0000	0.0000	0.0000	0.0000	0.0000	0.0000	0.0000	0.0000	0.0000	0.0000	0.0000	0.0000	0.0000	0.0000	0.0004	0.0000	0.0012	0.0000	0.0000	0.0000	0.0010	0.0000	0.0019	730.5133	0.0000	0.0000	0.9855	2.0162	5.0251	4.5500	0.0000	0.0000	0.0000	0.0000	0.0000	0.0000	0.0000	0.0000	0.0000	0.0000	0.0000	0.0000	0.0000	0.0000	0.0000	0.0000	0.0000	0.0000	0.0152	0.0133	0.0020	0.0059	0.0055	0.0004	0.0093	0.0078	0.0016	0.0502	0.0344	0.0158	0.0306	0.0249	0.0057	0.0196	0.0095	0.0102	0.0000	0.0000	0.0000	0.0000	0.0000	0.0000	0.0000	0.0000	0.0000	0.0004	0.0000	0.0012	0.0000	0.0000	0.0000	0.0010	0.0000	0.0019		
33	82	0.1033	6	1	1	2	0	0	0	0	0	N	N	Y	N	N	N	N	N	N	N	N	N	17.0712	1155.9064	0.0000	3047.5461	5515.7350	0.0000	0.0067	48.3424	0.0000	0.0596	0.0702	0.0000	0.8541	0.8980	0.0000	0.0000	0.0000	0.0000	0.0035	0.0001	0.0093	0.0003	0.0002	0.0015	0.0046	0.0000	0.0098	0.0000	90.3061	-0.0006	0.0002	0.9855	3.0011	5.0251	3.7015	0.0013	0.0013	0.0000	0.0013	0.0013	0.0000	0.0000	0.0000	0.0000	0.0003	0.0000	0.0003	0.0000	0.0000	0.0000	0.0003	0.0000	0.0003	0.0218	0.0185	0.0033	0.0015	0.0014	0.0001	0.0203	0.0170	0.0032	0.0841	0.0529	0.0312	0.0215	0.0196	0.0019	0.0626	0.0333	0.0293	17.0712	1155.9064	0.0000	3047.5461	5515.7350	0.0000	0.0067	48.3424	0.0000	0.0035	0.0001	0.0093	0.0003	0.0002	0.0015	0.0046	0.0000	0.0098
33	83	0.0918	5	1	1	1	0	0	0	0	0	N	N	N	N	N	N	N	N	N	N	N	N	1.1981	47.6165	0.0000	1.7882	2.4156	0.0000	0.8950	3461.1752	0.0000	0.0894	0.1054	0.0000	0.0117	0.0121	0.0000	0.0947	0.1127	0.0000	0.0746	0.0022	0.2280	0.0066	0.0050	0.0325	0.1058	0.0000	0.2393	0.0000	48.6314	-0.0006	0.0039	0.9855	2.0032	5.0251	4.2039	0.0013	0.0013	0.0000	0.0000	0.0000	0.0000	0.0013	0.0013	0.0000	0.0076	0.0002	0.0074	0.0002	0.0002	0.0001	0.0074	0.0000	0.0074	0.0146	0.0124	0.0022	0.0009	0.0009	0.0000	0.0137	0.0115	0.0022	0.1014	0.0688	0.0325	0.0318	0.0301	0.0018	0.0695	0.0388	0.0307	1.1981	47.6165	0.0000	1.7882	2.4156	0.0000	0.8950	3461.1752	0.0000	0.0746	0.0022	0.2280	0.0066	0.0050	0.0325	0.1058	0.0000	0.2393
33	84	0.0886	5	2	0	2	0	0	0	0	0	Y	N	Y	N	N	N	N	N	N	N	N	N	10.1601	7.1241	0.0000	0.1074	0.1217	0.0000	3805.2029	259343.0951	0.0000	0.7064	0.8493	0.0000	0.0344	0.0446	0.0000	0.8050	0.9576	0.0000	0.0695	0.1192	0.0004	0.3204	0.3667	0.0001	0.0002	0.0000	0.0004	0.0000	0.0024	-0.0024	-0.0019	0.9855	1.0052	5.0251	4.9545	0.0055	0.0055	0.0000	0.0000	0.0000	0.0000	0.0054	0.0054	0.0000	0.0041	0.0041	0.0000	0.0041	0.0041	0.0000	0.0000	0.0000	0.0000	0.0078	0.0064	0.0013	0.0010	0.0008	0.0002	0.0068	0.0057	0.0011	0.0590	0.0343	0.0247	0.0128	0.0112	0.0016	0.0462	0.0232	0.0230	10.1601	7.1241	0.0000	0.1074	0.1217	0.0000	3805.2029	259343.0951	0.0000	0.0695	0.1192	0.0004	0.3204	0.3667	0.0001	0.0002	0.0000	0.0004
33	85	0.0692	4	2	0	2	0	0	0	0	0	Y	N	Y	N	N	N	N	N	N	N	N	N	3524.9937	52702.0361	0.2537	2776.6156	2927.7790	2.1945	2824.7205	39888.1812	0.2415	132.8845	156.7535	0.0263	1.8848	1.9445	0.0019	141.2816	168.2051	0.0266	0.0377	0.0030	0.1038	0.0007	0.0007	0.0008	0.0500	0.0042	0.1102	0.0000	18.3364	-0.4312	0.0020	0.9855	0.9968	5.0251	7.6169	0.9777	0.9777	0.0000	0.0008	0.0008	0.0000	0.9768	0.9768	0.0000	0.0041	0.0002	0.0039	0.0000	0.0000	0.0000	0.0041	0.0002	0.0039	0.0074	0.0062	0.0011	0.0004	0.0004	0.0000	0.0069	0.0058	0.0011	0.1087	0.0712	0.0374	0.0271	0.0249	0.0022	0.0815	0.0463	0.0352	3524.9937	52702.0361	0.2537	2776.6156	2927.7790	2.1945	2824.7205	39888.1812	0.2415	0.0377	0.0030	0.1038	0.0007	0.0007	0.0008	0.0500	0.0042	0.1102
33	86	0.1930	5	2	1	1	0	0	0	0	0	Y	N	N	N	N	N	N	N	N	N	N	N	0.0000	0.0000	0.0537	0.0001	0.0000	2.8037	0.0000	0.0000	0.0000	0.0000	0.0000	0.0000	0.0000	0.0000	0.0000	0.0000	0.0000	0.0000	0.0018	0.0026	0.0000	0.0035	0.0044	0.0000	0.0000	0.0000	0.0000	inf	0.0010	0.0000	-0.0002	0.9855	5.8060	5.0251	6.1034	0.0000	0.0000	0.0000	0.0000	0.0000	0.0000	0.0000	0.0000	0.0000	0.0005	0.0005	0.0000	0.0005	0.0005	0.0000	0.0000	0.0000	0.0000	0.0499	0.0423	0.0076	0.0076	0.0074	0.0002	0.0424	0.0349	0.0074	0.2697	0.1926	0.0770	0.1395	0.1113	0.0282	0.1301	0.0813	0.0488	0.0000	0.0000	0.0537	0.0001	0.0000	2.8037	0.0000	0.0000	0.0000	0.0018	0.0026	0.0000	0.0035	0.0044	0.0000	0.0000	0.0000	0.0000
33	87	0.0991	4	2	1	1	0	0	0	0	0	Y	N	N	N	N	N	N	N	N	N	N	N	0.3759	0.2590	2.1101	0.0345	0.0315	0.7066	0.3345	0.2035	2.0863	0.0182	0.0194	0.0113	0.0002	0.0002	0.0004	0.0197	0.0212	0.0115	0.0485	0.0750	0.0054	0.0072	0.0077	0.0006	0.0588	0.1041	0.0055	0.1009	0.0439	-0.0005	-0.0062	0.9855	12.2869	5.0251	21.7146	0.0015	0.0013	0.0001	0.0000	0.0000	0.0000	0.0014	0.0013	0.0001	0.0150	0.0144	0.0006	0.0004	0.0004	0.0000	0.0146	0.0139	0.0006	0.0796	0.0678	0.0118	0.0059	0.0057	0.0003	0.0736	0.0621	0.0115	0.3095	0.1916	0.1178	0.0620	0.0578	0.0042	0.2475	0.1338	0.1136	0.3759	0.2590	2.1101	0.0345	0.0315	0.7066	0.3345	0.2035	2.0863	0.0485	0.0750	0.0054	0.0072	0.0077	0.0006	0.0588	0.1041	0.0055
33	88	0.0918	5	1	1	1	0	0	0	0	0	N	N	N	N	N	N	N	N	N	N	N	N	0.0506	0.0395	0.0000	0.2168	0.2079	0.0000	0.0022	0.6017	0.0000	0.0003	0.0004	0.0000	0.0054	0.0056	0.0000	0.0000	0.0000	0.0000	0.0067	0.0102	0.0003	0.0250	0.0270	0.0021	0.0001	0.0000	0.0002	0.0000	0.0155	-0.0000	-0.0005	0.9855	4.0005	5.0251	9.0093	0.0000	0.0000	0.0000	0.0000	0.0000	0.0000	0.0000	0.0000	0.0000	0.0011	0.0011	0.0000	0.0011	0.0011	0.0000	0.0000	0.0000	0.0000	0.0289	0.0245	0.0044	0.0018	0.0018	0.0001	0.0271	0.0228	0.0043	0.1650	0.1075	0.0575	0.0440	0.0405	0.0035	0.1210	0.0670	0.0540	0.0506	0.0395	0.0000	0.2168	0.2079	0.0000	0.0022	0.6017	0.0000	0.0067	0.0102	0.0003	0.0250	0.0270	0.0021	0.0001	0.0000	0.0002
33	89	0.0692	4	1	1	1	0	0	0	0	0	N	N	N	N	N	N	N	N	N	N	N	N	0.2066	4.6802	0.0000	0.0245	0.0342	0.0000	0.1716	7.8188	0.0000	0.0013	0.0016	0.0000	0.0000	0.0000	0.0000	0.0014	0.0017	0.0000	0.0064	0.0003	0.0177	0.0008	0.0006	0.0029	0.0082	0.0002	0.0186	0.0000	28.5860	-0.0000	0.0004	0.9855	1.0051	5.0251	9.2650	0.0000	0.0000	0.0000	0.0000	0.0000	0.0000	0.0000	0.0000	0.0000	0.0008	0.0000	0.0008	0.0000	0.0000	0.0000	0.0008	0.0000	0.0008	0.0074	0.0063	0.0011	0.0004	0.0004	0.0000	0.0070	0.0059	0.0011	0.1245	0.0808	0.0437	0.0300	0.0274	0.0026	0.0944	0.0534	0.0410	0.2066	4.6802	0.0000	0.0245	0.0342	0.0000	0.1716	7.8188	0.0000	0.0064	0.0003	0.0177	0.0008	0.0006	0.0029	0.0082	0.0002	0.0186
33	90	0.2214	6	1	0	2	0	0	0	0	0	N	N	Y	N	N	N	N	N	N	N	N	N	28.1292	25.8014	0.0000	0.7127	0.7188	0.0000	189.5900	15879.6958	0.0000	0.1738	0.2043	0.0000	0.0093	0.0106	0.0000	0.2443	0.2907	0.0000	0.0062	0.0079	0.0025	0.0130	0.0147	0.0007	0.0013	0.0000	0.0028	0.0000	0.1447	-0.0014	-0.0002	0.9855	2.3559	5.0251	7.1930	0.0032	0.0032	0.0000	0.0001	0.0001	0.0000	0.0032	0.0032	0.0000	0.0006	0.0005	0.0001	0.0005	0.0005	0.0000	0.0001	0.0000	0.0001	0.0187	0.0159	0.0028	0.0056	0.0049	0.0007	0.0131	0.0110	0.0021	0.1003	0.0684	0.0319	0.0419	0.0367	0.0052	0.0584	0.0317	0.0267	28.1292	25.8014	0.0000	0.7127	0.7188	0.0000	189.5900	15879.6958	0.0000	0.0062	0.0079	0.0025	0.0130	0.0147	0.0007	0.0013	0.0000	0.0028
33	91	0.1886	5	1	0	1	0	0	0	0	0	N	N	N	N	N	N	N	N	N	N	N	N	484.1165	702.6115	0.1111	6.4163	6.5120	1.2779	887.3946	33104.7340	0.1062	12.2459	14.2988	0.0042	0.1853	0.2117	0.0025	19.2418	22.7353	0.0050	0.0253	0.0204	0.0378	0.0289	0.0325	0.0019	0.0217	0.0007	0.0473	0.0000	0.7355	-0.3523	-0.0003	0.9855	4.9284	5.0251	11.0439	0.7987	0.7986	0.0000	0.0044	0.0044	0.0000	0.7943	0.7942	0.0000	0.0081	0.0047	0.0035	0.0047	0.0046	0.0000	0.0035	0.0001	0.0034	0.0652	0.0559	0.0094	0.0239	0.0209	0.0030	0.0413	0.0349	0.0063	0.3220	0.2306	0.0914	0.1617	0.1425	0.0192	0.1603	0.0881	0.0722	484.1165	702.6115	0.1111	6.4163	6.5120	1.2779	887.3946	33104.7340	0.1062	0.0253	0.0204	0.0378	0.0289	0.0325	0.0019	0.0217	0.0007	0.0473
33	92	0.0991	4	1	0	1	0	0	0	0	0	N	N	N	N	N	N	N	N	N	N	N	N	220.3023	469.2233	4.0022	1.9577	1.9010	8.4949	255.4852	1420.2919	3.9438	7.0237	8.2219	0.2211	0.0793	0.0824	0.0088	7.5929	8.9810	0.2258	0.0319	0.0175	0.0552	0.0405	0.0433	0.0010	0.0297	0.0063	0.0572	0.0047	1.9381	-0.0810	0.0019	0.9855	3.9161	5.0251	29.2065	0.1856	0.1847	0.0009	0.0002	0.0002	0.0000	0.1855	0.1846	0.0009	0.0097	0.0033	0.0064	0.0025	0.0025	0.0000	0.0072	0.0008	0.0064	0.0264	0.0225	0.0040	0.0020	0.0019	0.0001	0.0244	0.0206	0.0039	0.3031	0.1877	0.1154	0.0609	0.0568	0.0041	0.2422	0.1309	0.1113	220.3023	469.2233	4.0022	1.9577	1.9010	8.4949	255.4852	1420.2919	3.9438	0.0319	0.0175	0.0552	0.0405	0.0433	0.0010	0.0297	0.0063	0.0572
33	93	0.6396	10	2	1	1	0	0	0	0	0	Y	N	N	N	N	N	N	N	N	N	N	N	0.0000	0.0000	0.0000	0.0000	0.0000	0.0000	0.0000	0.0000	0.0000	0.0000	0.0000	0.0000	0.0000	0.0000	0.0000	0.0000	0.0000	0.0000	0.0011	0.0016	0.0000	0.0018	0.0022	0.0000	0.0000	0.0001	0.0000	0.0012	0.0000	-0.0000	0.9855	2.5103	5.0251	7.4742	0.0000	0.0000	0.0000	0.0000	0.0000	0.0000	0.0000	0.0000	0.0000	0.0001	0.0001	0.0000	0.0001	0.0001	0.0000	0.0000	0.0000	0.0000	0.0181	0.0158	0.0023	0.0069	0.0064	0.0005	0.0112	0.0094	0.0018	0.0681	0.0465	0.0216	0.0414	0.0333	0.0081	0.0267	0.0132	0.0135	0.0000	0.0000	0.0000	0.0000	0.0000	0.0000	0.0000	0.0000	0.0000	0.0011	0.0016	0.0000	0.0018	0.0022	0.0000	0.0000	0.0001	0.0000	
33	94	0.6034	9	1	1	1	0	0	0	0	0	N	N	N	N	N	N	N	N	N	N	N	N	0.0000	0.0000	0.0000	0.0000	0.0000	0.0000	0.0000	0.0000	0.0000	0.0000	0.0000	0.0000	0.0000	0.0000	0.0000	0.0000	0.0000	0.0000	0.0010	0.0013	0.0001	0.0001	0.0001	0.0001	0.0024	0.0046	0.0001	0.0190	-0.0000	-0.0000	0.9855	7.1305	5.0251	3.2426	0.0000	0.0000	0.0000	0.0000	0.0000	0.0000	0.0000	0.0000	0.0000	0.0001	0.0001	0.0000	0.0000	0.0000	0.0000	0.0001	0.0001	0.0000	0.0577	0.0508	0.0069	0.0204	0.0193	0.0011	0.0373	0.0315	0.0058	0.0812	0.0563	0.0249	0.0513	0.0409	0.0105	0.0298	0.0154	0.0144	0.0000	0.0000	0.0000	0.0000	0.0000	0.0000	0.0000	0.0000	0.0000	0.0010	0.0013	0.0001	0.0001	0.0001	0.0001	0.0024	0.0046	0.0001	
33	95	0.0692	4	2	1	1	0	0	0	0	0	Y	N	N	N	N	N	N	N	N	N	N	N	457.2820	0.0000	1524.2326	184.6189	0.0000	693.9221	388.3395	0.0000	1459.3332	17.3155	0.0000	114.7726	0.2594	0.0000	8.1688	18.3471	0.0000	116.0679	0.0379	0.0153	0.0753	0.0014	0.0001	0.0118	0.0472	0.0215	0.0795	inf	2.9742	0.5495	0.0033	0.9855	8.0000	5.0251	22.5660	0.9831	0.0000	0.9831	0.0008	0.0000	0.0008	0.9823	0.0000	0.9823	0.0113	0.0029	0.0085	0.0001	0.0000	0.0001	0.0113	0.0029	0.0084	0.0568	0.0482	0.0086	0.0032	0.0031	0.0001	0.0535	0.0451	0.0085	0.2994	0.1868	0.1127	0.0613	0.0542	0.0070	0.2382	0.1325	0.1057	457.2820	0.0000	1524.2326	184.6189	0.0000	693.9221	388.3395	0.0000	1459.3332	0.0379	0.0153	0.0753	0.0014	0.0001	0.0118	0.0472	0.0215	0.0795
33	96	0.0991	4	1	0	1	0	0	0	0	0	N	N	N	N	N	N	N	N	N	N	N	N	0.1195	0.0000	1.6540	0.0000	0.0000	0.0000	0.5512	0.0000	1.6310	0.0003	0.0000	0.0017	0.0000	0.0000	0.0000	0.0003	0.0000	0.0018	0.0021	0.0028	0.0010	0.0086	0.0092	0.0000	0.0005	0.0000	0.0011	inf	0.2283	0.0000	-0.0002	0.9855	11.9964	5.0251	18.8414	0.0000	0.0000	0.0000	0.0000	0.0000	0.0000	0.0000	0.0000	0.0000	0.0006	0.0005	0.0001	0.0005	0.0005	0.0000	0.0001	0.0000	0.0001	0.0778	0.0663	0.0115	0.0058	0.0056	0.0003	0.0720	0.0607	0.0113	0.2865	0.1775	0.1090	0.0581	0.0542	0.0039	0.2284	0.1233	0.1051	0.1195	0.0000	1.6540	0.0000	0.0000	0.0000	0.5512	0.0000	1.6310	0.0021	0.0028	0.0010	0.0086	0.0092	0.0000	0.0005	0.0000	0.0011
33	98	0.0998	6	2	1	2	0	0	0	0	0	Y	N	Y	N	N	N	N	N	N	N	N	N	56250.6592	69707.0626	0.0000	55273.4920	69335.6502	0.0000	0.0186	158.3956	0.0000	81.4384	107.0920	0.0000	302.3901	311.9900	0.0000	0.0000	0.0000	0.0000	0.0014	0.0015	0.0013	0.0055	0.0045	0.0110	0.0002	0.0000	0.0004	0.0000	0.5788	-0.4116	-0.0000	0.9855	0.9502	5.0251	16.1595	0.9330	0.9330	0.0000	0.9330	0.9330	0.0000	0.0000	0.0000	0.0000	0.0002	0.0001	0.0001	0.0002	0.0001	0.0001	0.0000	0.0000	0.0000	0.0115	0.0087	0.0027	0.0031	0.0030	0.0001	0.0084	0.0057	0.0026	0.1472	0.0878	0.0593	0.0352	0.0300	0.0053	0.1119	0.0578	0.0541	56250.6592	69707.0626	0.0000	55273.4920	69335.6502	0.0000	0.0186	158.3956	0.0000	0.0014	0.0015	0.0013	0.0055	0.0045	0.0110	0.0002	0.0000	0.0004
33	99	0.0991	4	1	1	1	0	0	0	0	0	N	N	N	N	N	N	N	N	N	N	N	N	0.2203	0.0000	0.8846	0.0000	0.0000	0.0000	0.2966	0.8754	0.0003	0.0000	0.0017	0.0000	0.0000	0.0000	0.0003	0.0000	0.0018	0.0012	0.0007	0.0020	0.0020	0.0022	0.0002	0.0009	0.0000	0.0020	inf	1.7760	0.0000	0.0001	0.9855	11.9964	5.0251	15.6499	0.0000	0.0000	0.0000	0.0000	0.0000	0.0000	0.0000	0.0000	0.0000	0.0003	0.0001	0.0002	0.0001	0.0001	0.0000	0.0002	0.0000	0.0002	0.0778	0.0663	0.0115	0.0058	0.0056	0.0003	0.0720	0.0607	0.0113	0.2627	0.1629	0.0998	0.0540	0.0505	0.0035	0.2087	0.1124	0.0963	0.2203	0.0000	0.8846	0.0000	0.0000	0.0000	0.2966	0.0000	0.8754	0.0012	0.0007	0.0020	0.0020	0.0022	0.0002	0.0009	0.0000	0.0020	
33	100	0.1027	7	2	0	2	0	0	0	0	0	Y	N	Y	N	N	N	N	N	N	N	N	N	2.3706	0.0000	6.5332	4.3190	0.0000	32.9697	2.0646	0.0000	6.1643	0.1172	0.0000	0.7715	0.0223	0.0000	0.3450	0.1305	0.0000	0.7949	0.0495	0.0014	0.1181	0.0052	0.0042	0.0105	0.0632	0.0000	0.1290	inf	58.4146	0.0005	0.0033	0.9855	1.0008	5.0251	13.9255	0.0009	0.0000	0.0009	0.0000	0.0000	0.0000	0.0009	0.0000	0.0009	0.0063	0.0001	0.0062	0.0002	0.0001	0.0001	0.0061	0.0000	0.0061	0.0075	0.0063	0.0011	0.0009	0.0009	0.0001	0.0066	0.0055	0.0011	0.1266	0.0745	0.0521	0.0300	0.0252	0.0048	0.0966	0.0493	0.0473	2.3706	0.0000	6.5332	4.3190	0.0000	32.9697	2.0646	0.0000	6.1643	0.0495	0.0014	0.1181	0.0052	0.0042	0.0105	0.0632	0.0000	0.1290
33	101	0.0998	6	2	0	2	0	0	0	0	0	Y	N	Y	N	N	N	N	N	N	N	N	N	78.1789	1.3383	11746.5673	1.1042	0.9469	1808.7586	15732.8478	54.1543	11664.4059	10.4043	0.2665	28.2012	0.3984	0.3618	2.2848	19.5589	0.0012	28.8669	0.1331	0.1991	0.0024	0.3608	0.3821	0.0013	0.0012	0.0000	0.0025	60.2771	0.0061	0.0276	-0.0022	0.9855	0.0532	5.0251	2.0467	0.0509	0.0008	0.0501	0.0009	0.0008	0.0001	0.0500	0.0000	0.0500	0.0049	0.0048	0.0000	0.0048	0.0048	0.0000	0.0000	0.0000	0.0000	0.0049	0.0031	0.0018	0.0023	0.0023	0.0000	0.0026	0.0008	0.0017	0.0366	0.0243	0.0123	0.0134	0.0127	0.0008	0.0232	0.0117	0.0115	78.1789	1.3383	11746.5673	1.1042	0.9469	1808.7586	15732.8478	54.1543	11664.4059	0.1331	0.1991	0.0024	0.3608	0.3821	0.0013	0.0012	0.0000	0.0025
33	102	0.0901	5	2	0	2	0	0	0	0	0	Y	N	Y	N	N	N	N	N	N	N	N	N	3893.8703	1699.3838	41129.0797	2901.7469	2792.4113	2294.7755	22786.2327	240.3071	43984.1172	4.8352	3.0082	12.0892	11.8504	12.2922	0.9730	3.0438	0.0003	12.5459	0.0012	0.0018	0.0003	0.0041	0.0044	0.0004	0.0001	0.0000	0.0003	1.0122	0.0926	0.0059	-0.0000	0.9855	2.0948	5.0251	3.0326	0.0957	0.0476	0.0482	0.0477	0.0476	0.0002	0.0480	0.0000	0.0480	0.0001	0.0001	0.0000	0.0001	0.0001	0.0000	0.0000	0.0000	0.0000	0.0198	0.0158	0.0040	0.0040	0.0039	0.0002	0.0158	0.0119	0.0038	0.0615	0.0395	0.0220	0.0172	0.0159	0.0014	0.0442	0.0236	0.0206	3893.8703	1699.3838	41129.0797	2901.7469	2792.4113	2294.7755	22786.2327	240.3071	43984.1172	0.0012	0.0018	0.0003	0.0041	0.0044	0.0004	0.0001	0.0000	0.0003
33	103	0.0692	4	2	0	2	0	0	0	0	0	Y	N	Y	N	N	N	N	N	N	N	N	N	110294.8958	14.2914	1018335.6330	883.9435	0.1066	378633.4952	161942.3225	25.0984	979815.5927	32.6021	0.0049	214.7908	0.4805	0.0001	15.1574	34.5790	0.0052	217.2375	0.0003	0.0003	0.0002	0.0005	0.0006	0.0000	0.0002	0.0002	0.0002	7903.3333	0.3269	0.5211	-0.0000	0.9855	3.9484	5.0251	4.8420	0.9325	0.0001	0.9324	0.0008	0.0000	0.0008	0.9317	0.0001	0.9316	0.0000	0.0000	0.0000	0.0000	0.0000	0.0000	0.0000	0.0000	0.0000	0.0286	0.0243	0.0043	0.0017	0.0016	0.0001	0.0269	0.0227	0.0043	0.1104	0.0722	0.0381	0.0274	0.0252	0.0023	0.0829	0.0471	0.0358	110294.8958	14.2914	1018335.6330	883.9435	0.1066	378633.4952	161942.3225	25.0984	979815.5927	0.0003	0.0003	0.0002	0.0005	0.0006	0.0000	0.0002	0.0002	0.0002
33	104	0.1314	5	1	1	1	0	0	0	0	0	N	N	N	N	N	N	N	N	N	N	N	N	0.0144	0.0467	0.0052	0.2576	0.2473	0.0032	0.0015	0.0002	0.0050	0.0001	0.0001	0.0001	0.0007	0.0008	0.0000	0.0000	0.0000	0.0001	0.0089	0.0028	0.0190	0.0029	0.0031	0.0011	0.0107	0.0027	0.0204	0.1181	3.9718	-0.0000	0.0011	0.9855	8.9557	5.0251	32.3127	0.0000	0.0000	0.0000	0.0000	0.0000	0.0000	0.0000	0.0000	0.0000	0.0033	0.0007	0.0026	0.0003	0.0002	0.0000	0.0030	0.0004	0.0026	0.0714	0.0616	0.0098	0.0109	0.0105	0.0004	0.0605	0.0511	0.0094	0.3726	0.2338	0.1388	0.0890	0.0788	0.0102	0.2836	0.1549	0.1287	0.0144	0.0467	0.0052	0.2576	0.2473	0.0032	0.0015	0.0002	0.0050	0.0089	0.0028	0.0190	0.0029	0.0031	0.0011	0.0107	0.0027	0.0204
33	105	0.1568	6	1	0	2	0	0	0	0	0	N	N	Y	N	N	N	N	N	N	N	N	N	0.0702	0.0000	9.1136	0.0000	0.0000	0.0000	0.5417	0.0000	9.5429	0.0000	0.0000	0.0000	0.0000	0.0000	0.0000	0.0000	0.0000	0.0000	0.0001	0.0001	0.0000	0.0003	0.0004	0.0000	0.0000	0.0000	0.0000	inf	0.0183	0.0000	-0.0000	0.9855	4.2679	5.0251	7.8415	0.0000	0.0000	0.0000	0.0000	0.0000	0.0000	0.0000	0.0000	0.0000	0.0000	0.0000	0.0000	0.0000	0.0000	0.0000	0.0000	0.0000	0.0000	0.0343	0.0289	0.0054	0.0047	0.0045	0.0002	0.0296	0.0244	0.0052	0.1256	0.0796	0.0460	0.0337	0.0297	0.0041	0.0919	0.0499	0.0420	0.0702	0.0000	9.1136	0.0000	0.0000	0.0000	0.5417	0.0000	9.5429	0.0001	0.0001	0.0000	0.0003	0.0004	0.0000	0.0000	0.0000	0.0000
33	106	0.1314	5	1	0	1	0	0	0	0	0	N	N	N	N	N	N	N	N	N	N	N	N	0.0701	0.0019	2.8688	0.2826	0.0108	32.5946	0.0134	0.0000	0.5063	0.0003	0.0000	0.0024	0.0008	0.0000	0.0411	0.0001	0.0000	0.0004	0.0039	0.0056	0.0008	0.0029	0.0031	0.0013	0.0044	0.0075	0.0008	28.3205	0.0819	0.0000	-0.0002	0.9855	1.9301	5.0251	9.0954	0.0000	0.0000	0.0000	0.0000	0.0000	0.0000	0.0000	0.0000	0.0000	0.0006	0.0005	0.0000	0.0001	0.0001	0.0000	0.0004	0.0004	0.0000	0.0232	0.0207	0.0025	0.0067	0.0066	0.0001	0.0165	0.0141	0.0024	0.1426	0.0925	0.0500	0.0450	0.0400	0.0050	0.0976	0.0526	0.0451	0.0701	0.0019	2.8688	0.2826	0.0108	32.5946	0.0134	0.0000	0.5063	0.0039	0.0056	0.0008	0.0029	0.0031	0.0013	0.0044	0.0075	0.0008
33	107	0.0991	4	1	0	1	0	0	0	0	0	N	N	N	N	N	N	N	N	N	N	N	N	0.0130	0.0000	2.6146	0.0008	0.0008	0.0000	0.0109	0.0000	2.6043	0.0007	0.0000	0.0048	0.0000	0.0000	0.0000	0.0008	0.0000	0.0049	0.0556	0.0878	0.0018	0.0022	0.0023	0.0004	0.0715	0.1333	0.0019	3896.6193	0.0126	0.0000	-0.0037	0.9855	3.9049	5.0251	9.6098	0.0000	0.0000	0.0000	0.0000	0.0000	0.0000	0.0000	0.0000	0.0000	0.0082	0.0081	0.0001	0.0001	0.0001	0.0000	0.0082	0.0081	0.0001	0.0264	0.0224	0.0039	0.0020	0.0019	0.0001	0.0244	0.0205	0.0039	0.1481	0.0926	0.0555	0.0339	0.0321	0.0018	0.1142	0.0604	0.0537	0.0130	0.0000	2.6146	0.0008	0.0008	0.0000	0.0109	0.0000	2.6043	0.0556	0.0878	0.0018	0.0022	0.0023	0.0004	0.0715	0.1333	0.0019
33	108	0.1202	6	1	1	1	0	0	0	0	0	N	N	N	N	N	N	N	N	N	N	N	N	0.0276	0.0226	0.0000	0.0639	0.0620	0.0000	0.0000	0.0000	0.0000	0.0000	0.0000	0.0000	0.0002	0.0002	0.0000	0.0000	0.0000	0.0000	0.0008	0.0012	0.0002	0.0029	0.0032	0.0001	0.0001	0.0000	0.0002	0.0000	0.0786	-0.0000	-0.0001	0.9855	8.0392	5.0251	22.6195	0.0000	0.0000	0.0000	0.0000	0.0000	0.0000	0.0000	0.0000	0.0000	0.0002	0.0002	0.0000	0.0002	0.0002	0.0000	0.0000	0.0000	0.0000	0.0571	0.0487	0.0084	0.0069	0.0065	0.0004	0.0503	0.0422	0.0081	0.3008	0.1944	0.1064	0.0774	0.0710	0.0064	0.2234	0.1234	0.1000	0.0276	0.0226	0.0000	0.0639	0.0620	0.0000	0.0000	0.0000	0.0000	0.0008	0.0012	0.0002	0.0029	0.0032	0.0001	0.0001	0.0000	0.0002
33	109	0.1202	5	1	0	1	0	0	0	0	0	N	N	N	N	N	N	N	N	N	N	N	N	0.1358	0.0635	3.0293	0.1605	0.1604	0.0000	0.1249	0.0000	5.0446	0.0007	0.0004	0.0021	0.0010	0.0010	0.0000	0.0005	0.0000	0.0021	0.0050	0.0065	0.0007	0.0063	0.0064	0.0047	0.0041	0.0066	0.0004	0.9984	0.0345	0.0000	-0.0001	0.9855	0.2031	5.0251	2.0398	0.0000	0.0000	0.0000	0.0000	0.0000	0.0000	0.0000	0.0000	0.0000	0.0003	0.0003	0.0000	0.0002	0.0002	0.0000	0.0002	0.0002	0.0000	0.0035	0.0029	0.0006	0.0012	0.0012	0.0000	0.0023	0.0018	0.0006	0.0650	0.0490	0.0160	0.0270	0.0261	0.0010	0.0380	0.0230	0.0150	0.1358	0.0635	3.0293	0.1605	0.1604	0.0000	0.1249	0.0000	5.0446	0.0050	0.0065	0.0007	0.0063	0.0064	0.0047	0.0041	0.0066	0.0004
33	110	0.7008	11	2	0	2	0	0	0	0	0	Y	N	Y	N	N	N	N	N	N	N	N	N	0.0000	0.0000	0.0000	0.0000	0.0000	0.0000	0.0000	0.0000	0.0000	0.0000	0.0000	0.0000	0.0000	0.0000	0.0000	0.0000	0.0000	0.0000	0.0000	0.0000	0.9855	0.0001	5.0251	0.0001	0.0000	0.0000	0.0000	0.0000	0.0000	0.0000	0.0000	0.0000	0.0000	0.0000	0.0000	0.0000	0.0000	0.0000	0.0000	0.0000	0.0000	0.0000	0.0007	0.0005	0.0001	0.0003	0.0003	0.0000	0.0003	0.0002	0.0001	0.0000	0.0000	0.0000	0.0000	0.0000	0.0000	0.0000	0.0000	0.0000	0.0000	0.0000	0.0000	0.0000	0.0000	0.0000	0.0000	0.0000	0.0000	0.0000	0.0000	0.0000	0.0000	0.0000	0.0000	0.0000	0.0000	0.0000											
33	111	0.6869	10	2	0	2	0	0	0	0	0	Y	N	Y	N	N	N	N	N	N	N	N	N	0.0392	0.0000	0.5547	0.1167	0.0000	17.5602	0.0000	0.0000	0.0000	0.0000	0.0000	0.0000	0.0000	0.0000	0.0001	0.0000	0.0000	0.0000	0.0000	0.0000	0.0000	0.0000	0.0001	0.0000	0.0000	0.0000	0.0000	inf	0.1915	0.0000	-0.0000	0.9855	1.6718	5.0251	2.9223	0.0000	0.0000	0.0000	0.0000	0.0000	0.0000	0.0000	0.0000	0.0000	0.0000	0.0000	0.0000	0.0000	0.0000	0.0000	0.0000	0.0000	0.0000	0.0121	0.0105	0.0016	0.0033	0.0031	0.0002	0.0087	0.0073	0.0014	0.0402	0.0282	0.0120	0.0281	0.0219	0.0062	0.0121	0.0063	0.0058	0.0392	0.0000	0.5547	0.1167	0.0000	17.5602	0.0000	0.0000	0.0000	0.0000	0.0000	0.0000	0.0000	0.0001	0.0000	0.0000	0.0000	0.0000
33	112	0.6034	9	2	0	2	0	0	0	0	0	Y	N	Y	N	N	N	N	N	N	N	N	N	0.0004	0.0004	0.0000	0.0012	0.0010	0.0000	0.0000	0.0000	0.0000	0.0000	0.0000	0.0000	0.0000	0.0000	0.0000	0.0000	0.0000	0.0000	0.0005	0.0005	0.0005	0.0005	0.0007	0.0001	0.0005	0.0003	0.0008	0.0000	0.4265	-0.0000	-0.0000	0.9855	14.0283	5.0251	7.1084	0.0000	0.0000	0.0000	0.0000	0.0000	0.0000	0.0000	0.0000	0.0000	0.0001	0.0001	0.0000	0.0000	0.0000	0.0000	0.0000	0.0000	0.0000	0.0931	0.0816	0.0116	0.0292	0.0274	0.0018	0.0639	0.0542	0.0098	0.1362	0.0935	0.0426	0.0832	0.0658	0.0174	0.0530	0.0278	0.0252	0.0004	0.0004	0.0000	0.0012	0.0010	0.0000	0.0000	0.0000	0.0000	0.0005	0.0005	0.0005	0.0005	0.0007	0.0001	0.0005	0.0003	0.0008
33	113	0.5431	8	1	0	1	0	0	0	0	0	N	N	N	N	N	N	N	N	N	N	N	N	0.0000	0.0000	0.0000	0.0000	0.0000	0.0000	0.0000	0.0000	0.0000	0.0000	0.0000	0.0000	0.0000	0.0000	0.0000	0.0000	0.0000	0.0000	0.0015	0.0020	0.0001	0.0025	0.0030	0.0001	0.0001	0.0001	0.0000	0.0123	0.0000	-0.0001	0.9855	8.6129	5.0251	5.1709	0.0000	0.0000	0.0000	0.0000	0.0000	0.0000	0.0000	0.0000	0.0000	0.0003	0.0003	0.0000	0.0003	0.0003	0.0000	0.0000	0.0000	0.0000	0.0796	0.0705	0.0091	0.0269	0.0256	0.0013	0.0527	0.0449	0.0078	0.1832	0.1334	0.0498	0.1056	0.0890	0.0167	0.0775	0.0444	0.0331	0.0000	0.0000	0.0000	0.0000	0.0000	0.0000	0.0000	0.0000	0.0000	0.0015	0.0020	0.0001	0.0025	0.0030	0.0001	0.0001	0.0001	0.0000	
33	114	0.4480	7	1	0	1	0	0	0	0	0	N	N	N	N	N	N	N	N	N	N	N	N	0.0603	0.0567	0.1010	0.0064	0.0104	0.0004	0.0949	0.0591	0.3086	0.0030	0.0025	0.0063	0.0004	0.0004	0.0001	0.0039	0.0033	0.0074	0.0494	0.0437	0.0623	0.0562	0.0372	0.1398	0.0412	0.0556	0.0239	0.3833	0.6317	-0.0001	-0.0012	0.9855	16.8607	5.0251	22.7724	0.0004	0.0003	0.0001	0.0000	0.0000	0.0000	0.0003	0.0002	0.0001	0.0175	0.0107	0.0068	0.0110	0.0059	0.0051	0.0066	0.0048	0.0017	0.1191	0.1035	0.0156	0.0311	0.0288	0.0023	0.0880	0.0747	0.0133	0.3549	0.2459	0.1090	0.1949	0.1587	0.0361	0.1601	0.0872	0.0729	0.0603	0.0567	0.1010	0.0064	0.0104	0.0004	0.0949	0.0591	0.3086	0.0494	0.0437	0.0623	0.0562	0.0372	0.1398	0.0412	0.0556	0.0239
33	115	0.0189	2	2	0	2	0	0	0	0	0	Y	N	Y	N	N	N	N	N	N	N	N	N	0.0001	0.0000	0.4748	0.0000	0.0000	0.0000	0.1713	0.0000	0.4402	0.0000	0.0000	0.0000	0.0000	0.0000	0.0000	0.0000	0.0000	0.0000	0.0086	0.0138	0.0000	0.0239	0.0262	0.0000	0.0000	0.0000	0.0000	inf	0.0004	0.0000	-0.0005	0.9855	1.0009	5.0251	4.0038	0.0000	0.0000	0.0000	0.0000	0.0000	0.0000	0.0000	0.0000	0.0000	0.0011	0.0011	0.0000	0.0011	0.0011	0.0000	0.0000	0.0000	0.0000	0.0088	0.0071	0.0017	0.0010	0.0010	0.0000	0.0078	0.0061	0.0016	0.1224	0.0769	0.0455	0.0442	0.0404	0.0038	0.0781	0.0365	0.0417	0.0001	0.0000	0.4748	0.0000	0.0000	0.0000	0.1713	0.0000	0.4402	0.0086	0.0138	0.0000	0.0239	0.0262	0.0000	0.0000	0.0000	0.0000
33	117	0.3353	5	1	1	1	1	0	0	0	0	N	N	N	N	N	N	N	N	N	N	N	N	1.4412	1.2024	0.0000	4.1512	3.6569	0.0000	0.0014	0.0010	0.0000	0.0076	0.0086	0.0000	0.0285	0.0298	0.0000	0.0000	0.0000	0.0000	0.0053	0.0072	0.0004	0.0069	0.0082	0.0001	0.0031	0.0052	0.0005	0.0000	0.0198	-0.0003	-0.0011	0.9855	10.5071	5.0251	20.2622	0.0007	0.0007	0.0000	0.0007	0.0007	0.0000	0.0000	0.0000	0.0000	0.0026	0.0025	0.0001	0.0019	0.0019	0.0000	0.0007	0.0006	0.0000	0.0887	0.0779	0.0108	0.0236	0.0226	0.0011	0.0651	0.0553	0.0097	0.4896	0.3517	0.1379	0.2798	0.2348	0.0450	0.2097	0.1169	0.0929	1.4412	1.2024	0.0000	4.1512	3.6569	0.0000	0.0014	0.0010	0.0000	0.0053	0.0072	0.0004	0.0069	0.0082	0.0001	0.0031	0.0052	0.0005
33	118	0.0991	4	1	1	1	1	0	0	0	0	N	N	N	N	N	N	N	N	N	N	N	N	0.0000	0.0000	0.0000	0.0001	0.0001	0.0000	0.0000	0.0000	0.0000	0.0000	0.0000	0.0000	0.0000	0.0000	0.0000	0.0000	0.0000	0.0000	0.0846	0.0977	0.0632	0.2986	0.3194	0.0052	0.0301	0.0000	0.0653	0.0000	0.3969	-0.0000	-0.0042	0.9855	4.0036	5.0251	26.5072	0.0000	0.0000	0.0000	0.0000	0.0000	0.0000	0.0000	0.0000	0.0000	0.0240	0.0172	0.0068	0.0172	0.0172	0.0000	0.0068	0.0000	0.0068	0.0269	0.0229	0.0040	0.0020	0.0020	0.0001	0.0249	0.0210	0.0039	0.2836	0.1758	0.1079	0.0576	0.0538	0.0038	0.2261	0.1220	0.1040	0.0000	0.0000	0.0000	0.0001	0.0001	0.0000	0.0000	0.0000	0.0000	0.0846	0.0977	0.0632	0.2986	0.3194	0.0052	0.0301	0.0000	0.0653
33	119	0.1375	5	1	1	1	0	0	0	0	0	N	N	N	N	N	N	N	N	N	N	N	N	21.8360	37.2082	0.0002	46.9816	47.2528	0.0046	0.0188	212.6692	0.0001	0.4571	0.5313	0.0000	1.9309	2.0671	0.0000	0.0003	0.0003	0.0000	0.0209	0.0143	0.0323	0.0411	0.0437	0.0043	0.0152	0.0000	0.0335	0.0000	1.3252	-0.0078	0.0006	0.9855	3.8169	5.0251	21.2433	0.0176	0.0176	0.0000	0.0176	0.0176	0.0000	0.0000	0.0000	0.0000	0.0056	0.0024	0.0032	0.0024	0.0024	0.0000	0.0032	0.0000	0.0032	0.0386	0.0332	0.0054	0.0091	0.0085	0.0006	0.0295	0.0247	0.0048	0.2678	0.1689	0.0990	0.0591	0.0551	0.0040	0.2087	0.1137	0.0950	21.8360	37.2082	0.0002	46.9816	47.2528	0.0046	0.0188	212.6692	0.0001	0.0209	0.0143	0.0323	0.0411	0.0437	0.0043	0.0152	0.0000	0.0335
33	120	0.4832	9	1	1	1	0	0	0	0	0	N	N	N	N	N	N	N	N	N	N	N	N	204.7004	168.0884	0.0084	11.2581	9.9741	0.0167	29467.7341	23994.7274	0.0118	6.8734	7.8999	0.0000	0.6494	0.7003	0.0001	9.6851	11.4730	0.0000	0.0336	0.0470	0.0013	0.0577	0.0702	0.0032	0.0003	0.0005	0.0001	0.0000	0.0112	-0.4036	-0.0083	0.9855	16.3276	5.0251	34.9199	0.9151	0.9151	0.0000	0.0269	0.0269	0.0000	0.8882	0.8882	0.0000	0.0184	0.0182	0.0002	0.0184	0.0182	0.0002	0.0001	0.0001	0.0000	0.1331	0.1158	0.0173	0.0414	0.0384	0.0030	0.0917	0.0774	0.0143	0.5493	0.3881	0.1612	0.3184	0.2589	0.0595	0.2309	0.1292	0.1017	204.7004	168.0884	0.0084	11.2581	9.9741	0.0167	29467.7341	23994.7274	0.0118	0.0336	0.0470	0.0013	0.0577	0.0702	0.0032	0.0003	0.0005	0.0001
33	121	0.4658	8	1	1	1	0	0	0	0	0	N	N	N	N	N	N	N	N	N	N	N	N	52.9161	49.7384	53.8986	8.4639	7.7040	6.1094	49.7171	43.8680	42.5298	1.8920	1.9653	1.4013	0.2172	0.2257	0.0517	2.5387	2.7270	1.5592	0.0358	0.0395	0.0260	0.0257	0.0293	0.0085	0.0511	0.0622	0.0367	0.1065	0.2534	-0.0334	-0.0033	0.9855	6.1757	5.0251	14.5601	0.0969	0.0876	0.0093	0.0031	0.0031	0.0000	0.0938	0.0845	0.0093	0.0131	0.0104	0.0026	0.0056	0.0053	0.0003	0.0074	0.0051	0.0023	0.0512	0.0446	0.0067	0.0143	0.0136	0.0007	0.0370	0.0310	0.0060	0.3652	0.2636	0.1015	0.2201	0.1817	0.0384	0.1451	0.0819	0.0631	52.9161	49.7384	53.8986	8.4639	7.7040	6.1094	49.7171	43.8680	42.5298	0.0358	0.0395	0.0260	0.0257	0.0293	0.0085	0.0511	0.0622	0.0367
33	122	0.4128	7	1	0	1	0	0	0	0	0	N	N	N	N	N	N	N	N	N	N	N	N	2.7735	2.3495	3.9031	2.6653	2.4352	0.1292	3.0341	2.2401	3.8291	0.0713	0.0778	0.0270	0.0743	0.0788	0.0005	0.0700	0.0773	0.0313	0.0257	0.0331	0.0069	0.0279	0.0323	0.0041	0.0231	0.0345	0.0082	0.0507	0.0821	-0.0018	-0.0040	0.9855	7.5400	5.0251	21.4192	0.0047	0.0045	0.0002	0.0015	0.0015	0.0000	0.0032	0.0030	0.0002	0.0104	0.0096	0.0008	0.0062	0.0061	0.0001	0.0042	0.0035	0.0006	0.0658	0.0574	0.0084	0.0204	0.0192	0.0012	0.0454	0.0382	0.0072	0.4040	0.2899	0.1141	0.2228	0.1874	0.0354	0.1812	0.1025	0.0787	2.7735	2.3495	3.9031	2.6653	2.4352	0.1292	3.0341	2.2401	3.8291	0.0257	0.0331	0.0069	0.0279	0.0323	0.0041	0.0231	0.0345	0.0082
33	123	0.0692	4	1	1	1	0	0	0	0	0	N	N	N	N	N	N	N	N	N	N	N	N	0.0000	0.0000	0.0000	0.0000	0.0000	0.0000	0.0000	0.0000	0.0000	0.0000	0.0000	0.0000	0.0000	0.0000	0.0000	0.0000	0.0000	0.0296	0.0000	0.0796	0.0032	0.0001	0.0290	0.0367	0.0000	0.0829	2292.2138	0.0000	0.0039	0.9855	4.0019	5.0251	19.5615	0.0000	0.0000	0.0000	0.0000	0.0000	0.0000	0.0000	0.0000	0.0000	0.0072	0.0000	0.0072	0.0002	0.0000	0.0002	0.0070	0.0000	0.0070	0.0290	0.0246	0.0044	0.0017	0.0016	0.0001	0.0273	0.0230	0.0043	0.2428	0.1525	0.0903	0.0513	0.0457	0.0056	0.1915	0.1068	0.0847	0.0000	0.0000	0.0000	0.0000	0.0000	0.0000	0.0000	0.0000	0.0000	0.0296	0.0000	0.0796	0.0032	0.0001	0.0290	0.0367	0.0000	0.0829		
33	124	0.0472	3	1	0	1	0	0	0	0	0	N	N	N	N	N	N	N	N	N	N	N	N	0.2682	0.1966	0.3259	0.2777	0.2760	0.0000	0.1267	0.0688	0.3407	0.0048	0.0056	0.0001	0.0251	0.0256	0.0000	0.0000	0.0000	0.0001	0.0180	0.0286	0.0003	0.0903	0.0929	0.0005	0.0001	0.0000	0.0002	0.0024	0.0052	-0.0000	-0.0010	0.9855	1.2223	5.0251	8.2281	0.0001	0.0001	0.0000	0.0001	0.0001	0.0000	0.0000	0.0000	0.0000	0.0022	0.0022	0.0000	0.0022	0.0022	0.0000	0.0000	0.0000	0.0000	0.0126	0.0108	0.0018	0.0024	0.0024	0.0001	0.0102	0.0085	0.0018	0.1203	0.0753	0.0449	0.0239	0.0232	0.0007	0.0964	0.0521	0.0443	0.2682	0.1966	0.3259	0.2777	0.2760	0.0000	0.1267	0.0688	0.3407	0.0180	0.0286	0.0003	0.0903	0.0929	0.0005	0.0001	0.0000	0.0002
33	126	0.1362	6	1	1	1	0	0	0	0	0	N	N	N	N	N	N	N	N	N	N	N	N	0.0302	0.0000	0.2083	0.0000	0.0000	0.0000	0.0311	0.0000	0.2002	0.0000	0.0000	0.0003	0.0000	0.0000	0.0000	0.0000	0.0000	0.0003	0.0013	0.0013	0.0012	0.0009	0.0010	0.0001	0.0014	0.0015	0.0013	inf	0.4999	0.0000	-0.0000	0.9855	5.0407	5.0251	17.1705	0.0000	0.0000	0.0000	0.0000	0.0000	0.0000	0.0000	0.0000	0.0000	0.0003	0.0002	0.0001	0.0001	0.0001	0.0000	0.0002	0.0001	0.0001	0.0375	0.0318	0.0057	0.0046	0.0044	0.0002	0.0329	0.0274	0.0055	0.2375	0.1545	0.0830	0.0678	0.0615	0.0064	0.1696	0.0930	0.0766	0.0302	0.0000	0.2083	0.0000	0.0000	0.0000	0.0311	0.0000	0.2002	0.0013	0.0013	0.0012	0.0009	0.0010	0.0001	0.0014	0.0015	0.0013
33	127	0.1202	5	1	1	1	0	0	0	0	0	N	N	N	N	N	N	N	N	N	N	N	N	0.0527	0.0002	38.6318	0.0198	0.0197	0.0000	0.0433	0.0000	44.7003	0.0011	0.0000	0.0072	0.0000	0.0000	0.0000	0.0013	0.0000	0.0075	0.0207	0.0299	0.0002	0.0019	0.0020	0.0005	0.0299	0.0522	0.0002	186.6948	0.0028	0.0000	-0.0011	0.9855	1.9703	5.0251	6.2034	0.0000	0.0000	0.0000	0.0000	0.0000	0.0000	0.0000	0.0000	0.0000	0.0025	0.0025	0.0000	0.0001	0.0001	0.0000	0.0024	0.0024	0.0000	0.0160	0.0135	0.0024	0.0025	0.0024	0.0001	0.0134	0.0111	0.0023	0.1196	0.0827	0.0369	0.0389	0.0367	0.0022	0.0806	0.0460	0.0346	0.0527	0.0002	38.6318	0.0198	0.0197	0.0000	0.0433	0.0000	44.7003	0.0207	0.0299	0.0002	0.0019	0.0020	0.0005	0.0299	0.0522	0.0002
33	128	0.0991	4	1	0	1	0	0	0	0	0	N	N	N	N	N	N	N	N	N	N	N	N	0.0089	0.0003	8.1097	0.0015	0.0015	0.0000	0.0913	0.0000	8.0931	0.0002	0.0000	0.0011	0.0001	0.0001	0.0000	0.0002	0.0000	0.0011	0.0200	0.0318	0.0001	0.0745	0.0780	0.0000	0.0020	0.0037	0.0001	18.6926	0.0026	0.0000	-0.0010	0.9855	1.1032	5.0251	7.8190	0.0000	0.0000	0.0000	0.0000	0.0000	0.0000	0.0000	0.0000	0.0000	0.0022	0.0021	0.0000	0.0020	0.0020	0.0000	0.0002	0.0002	0.0000	0.0076	0.0064	0.0011	0.0006	0.0006	0.0000	0.0070	0.0059	0.0011	0.1075	0.0676	0.0399	0.0267	0.0255	0.0012	0.0807	0.0421	0.0387	0.0089	0.0003	8.1097	0.0015	0.0015	0.0000	0.0913	0.0000	8.0931	0.0200	0.0318	0.0001	0.0745	0.0780	0.0000	0.0020	0.0037	0.0001
33	129	0.4421	8	1	1	1	0	0	0	0	0	N	N	N	N	N	N	N	N	N	N	N	N	0.0000	0.0000	0.0000	0.0000	0.0000	0.0000	0.0000	0.0000	0.0000	0.0000	0.0000	0.0000	0.0000	0.0000	0.0000	0.0000	0.0000	0.0000	0.0072	0.0093	0.0000	0.0130	0.0139	0.0000	0.0000	0.0001	0.0000	0.0000	0.0000	-0.0004	0.9855	1.0033	5.0251	0.8635	0.0000	0.0000	0.0000	0.0000	0.0000	0.0000	0.0000	0.0000	0.0000	0.0008	0.0008	0.0000	0.0008	0.0008	0.0000	0.0000	0.0000	0.0000	0.0216	0.0196	0.0020	0.0118	0.0112	0.0006	0.0098	0.0084	0.0014	0.1127	0.0876	0.0251	0.0625	0.0585	0.0040	0.0502	0.0291	0.0211	0.0000	0.0000	0.0000	0.0000	0.0000	0.0000	0.0000	0.0000	0.0000	0.0072	0.0093	0.0000	0.0130	0.0139	0.0000	0.0000	0.0001	0.0000	
33	130	0.4128	7	1	0	1	0	0	0	0	0	N	N	N	N	N	N	N	N	N	N	N	N	0.0000	0.0000	0.0000	0.0000	0.0000	0.0000	0.0000	0.0000	0.0000	0.0000	0.0000	0.0000	0.0000	0.0000	0.0000	0.0000	0.0000	0.0000	0.0043	0.0048	0.0027	0.0048	0.0050	0.0037	0.0035	0.0044	0.0023	0.3636	0.2063	-0.0000	-0.0004	0.9855	5.5514	5.0251	9.9598	0.0000	0.0000	0.0000	0.0000	0.0000	0.0000	0.0000	0.0000	0.0000	0.0014	0.0012	0.0002	0.0009	0.0008	0.0001	0.0005	0.0003	0.0001	0.0529	0.0462	0.0067	0.0178	0.0168	0.0010	0.0351	0.0294	0.0056	0.3258	0.2391	0.0867	0.1877	0.1599	0.0278	0.1381	0.0792	0.0589	0.0000	0.0000	0.0000	0.0000	0.0000	0.0000	0.0000	0.0000	0.0000	0.0043	0.0048	0.0027	0.0048	0.0050	0.0037	0.0035	0.0044	0.0023
33	131	0.3825	6	1	0	1	0	0	0	0	0	N	N	N	N	N	N	N	N	N	N	N	N	1.2358	1.0876	1.5555	0.7657	0.7257	0.0283	1.2541	0.9579	1.5398	0.0231	0.0244	0.0143	0.0126	0.0133	0.0002	0.0269	0.0289	0.0160	0.0187	0.0224	0.0092	0.0165	0.0183	0.0065	0.0215	0.0302	0.0104	0.0844	0.1602	-0.0006	-0.0021	0.9855	9.1969	5.0251	13.4651	0.0018	0.0016	0.0001	0.0003	0.0003	0.0000	0.0015	0.0014	0.0001	0.0065	0.0056	0.0009	0.0032	0.0030	0.0002	0.0033	0.0026	0.0007	0.0766	0.0669	0.0096	0.0204	0.0193	0.0010	0.0562	0.0476	0.0086	0.3484	0.2505	0.0979	0.1929	0.1634	0.0295	0.1555	0.0872	0.0684	1.2358	1.0876	1.5555	0.7657	0.7257	0.0283	1.2541	0.9579	1.5398	0.0187	0.0224	0.0092	0.0165	0.0183	0.0065	0.0215	0.0302	0.0104
33	132	0.1960	8	2	1	1	1	0	0	0	0	Y	N	N	N	N	N	N	N	N	N	N	N	0.0000	0.0000	0.0000	0.0000	0.0000	0.0000	0.0000	0.0000	0.0000	0.0000	0.0000	0.0000	0.0000	0.0000	0.0000	0.0000	0.0000	0.0000	0.0000	0.0000	0.0000	0.0000	0.0000	0.0000	inf	0.0000	0.0000	0.9855	1.0000	5.0251	3.0001	0.0000	0.0000	0.0000	0.0000	0.0000	0.0000	0.0000	0.0000	0.0000	0.0000	0.0000	0.0000	0.0000	0.0000	0.0000	0.0000	0.0000	0.0000	0.0071	0.0059	0.0012	0.0007	0.0005	0.0001	0.0064	0.0054	0.0010	0.0332	0.0184	0.0148	0.0045	0.0040	0.0005	0.0287	0.0144	0.0143	0.0000	0.0000	0.0000	0.0000	0.0000	0.0000	0.0000	0.0000	0.0000	0.0000	0.0000	0.0000	0.0000	0.0000	0.0000	0.0000	0.0000	0.0000				
33	133	0.5949	12	2	1	1	1	0	0	0	0	Y	N	N	N	N	N	N	N	N	N	N	N	0.0000	0.0000	0.0000	0.0000	0.0000	0.0000	0.0000	0.0000	0.0000	0.0000	0.0000	0.0000	0.0000	0.0006	0.0000	0.0021	0.0011	0.0000	0.0067	0.0000	0.0000	0.0000	inf	0.0000	0.0000	0.9855	0.0006	5.0251	1.9797	0.0000	0.0000	0.0000	0.0000	0.0000	0.0000	0.0000	0.0000	0.0000	0.0000	0.0000	0.0000	0.0000	0.0000	0.0000	0.0000	0.0000	0.0000	0.0000	0.0000	0.0000	0.0000	0.0000	0.0000	0.0000	0.0000	0.0000	0.0157	0.0110	0.0047	0.0085	0.0071	0.0015	0.0071	0.0039	0.0033	0.0000	0.0000	0.0000	0.0000	0.0000	0.0000	0.0000	0.0000	0.0000	0.0006	0.0000	0.0021	0.0011	0.0000	0.0067	0.0000	0.0000	0.0000						
33	134	0.5782	11	2	1	1	1	0	0	0	0	Y	N	N	N	N	N	N	N	N	N	N	N	0.0000	0.0000	0.0000	0.0000	0.0000	0.0000	0.0000	0.0000	0.0000	0.0000	0.0000	0.0000	0.0000	0.0000	0.0000	0.0000	0.0000	0.0019	0.0027	0.0000	0.0035	0.0043	0.0000	0.0000	0.0000	0.0000	0.0021	0.0000	-0.0000	0.9855	2.0077	5.0251	6.0321	0.0000	0.0000	0.0000	0.0000	0.0000	0.0000	0.0000	0.0000	0.0000	0.0001	0.0001	0.0000	0.0001	0.0001	0.0000	0.0000	0.0000	0.0000	0.0139	0.0121	0.0018	0.0043	0.0039	0.0003	0.0097	0.0082	0.0015	0.0577	0.0398	0.0179	0.0309	0.0252	0.0057	0.0268	0.0146	0.0122	0.0000	0.0000	0.0000	0.0000	0.0000	0.0000	0.0000	0.0000	0.0000	0.0019	0.0027	0.0000	0.0035	0.0043	0.0000	0.0000	0.0000	0.0000		
33	135	0.5734	11	1	1	1	1	0	0	0	0	N	N	N	N	N	N	N	N	N	N	N	N	23.1356	18.4943	0.0000	49.5974	43.8244	0.0000	0.0483	0.0309	0.0000	0.0184	0.0213	0.0000	0.0635	0.0683	0.0000	0.0000	0.0000	0.0000	0.0008	0.0012	0.0000	0.0013	0.0016	0.0000	0.0002	0.0004	0.0000	0.0000	0.0009	-0.0002	-0.0000	0.9855	3.0348	5.0251	9.3583	0.0004	0.0004	0.0000	0.0004	0.0004	0.0000	0.0000	0.0000	0.0000	0.0001	0.0001	0.0000	0.0001	0.0001	0.0000	0.0000	0.0000	0.0000	0.0214	0.0185	0.0029	0.0062	0.0058	0.0004	0.0152	0.0127	0.0025	0.0991	0.0683	0.0308	0.0540	0.0443	0.0097	0.0452	0.0240	0.0211	23.1356	18.4943	0.0000	49.5974	43.8244	0.0000	0.0483	0.0309	0.0000	0.0008	0.0012	0.0000	0.0013	0.0016	0.0000	0.0002	0.0004	0.0000
33	136	0.5591	10	1	0	1	1	0	0	0	0	N	N	N	N	N	N	N	N	N	N	N	N	1360.0905	988.3205	44422.4568	3.7493	2.9150	2057.4331	1933.4405	1178.4632	36573.4590	1.1136	1.1725	0.7707	0.0030	0.0028	0.0052	1.6324	1.8067	0.8803	0.0008	0.0012	0.0000	0.0008	0.0010	0.0000	0.0008	0.0015	0.0000	0.1129	0.0067	-0.0001	-0.0000	0.9855	0.0433	5.0251	6.6805	0.0004	0.0004	0.0000	0.0000	0.0000	0.0000	0.0004	0.0004	0.0000	0.0000	0.0000	0.0000	0.0000	0.0000	0.0000	0.0000	0.0000	0.0000	0.0004	0.0003	0.0001	0.0001	0.0001	0.0000	0.0002	0.0002	0.0000	0.0503	0.0345	0.0158	0.0264	0.0215	0.0049	0.0238	0.0130	0.0109	1360.0905	988.3205	44422.4568	3.7493	2.9150	2057.4331	1933.4405	1178.4632	36573.4590	0.0008	0.0012	0.0000	0.0008	0.0010	0.0000	0.0008	0.0015	0.0000
33	137	0.2256	10	1	1	1	1	0	0	0	0	N	N	N	N	N	N	N	N	N	N	N	N	0.0000	0.0000	0.0000	0.0000	0.0000	0.0000	0.0000	0.0000	0.0000	0.0000	0.0000	0.0000	0.0000	0.0000	0.0000	0.0000	0.0000	0.0000	0.0000	0.0000	0.9855	0.0000	5.0251	0.0000	0.0000	0.0000	0.0000	0.0000	0.0000	0.0000	0.0000	0.0000	0.0000	0.0000	0.0000	0.0000	0.0000	0.0000	0.0000	0.0000	0.0000	0.0000	0.0000	0.0000	0.0000	0.0000	0.0000	0.0000	0.0000	0.0000	0.0000	0.0000	0.0000	0.0000	0.0000	0.0000	0.0000	0.0000	0.0000	0.0000	0.0000	0.0000	0.0000	0.0000	0.0000	0.0000	0.0000	0.0000	0.0000	0.0000	0.0000	0.0000	0.0000	0.0000	0.0000	0.0000	0.0000	0.0000											
33	138	0.2205	9	1	1	1	1	0	0	0	0	N	N	N	N	N	N	N	N	N	N	N	N	0.0000	0.0000	0.0000	0.0000	0.0000	0.0000	0.0000	0.0000	0.0000	0.0000	0.0000	0.0000	0.0000	0.0000	0.0000	0.0000	0.0000	0.0000	0.0000	0.0000	0.0000	0.0000	0.0000	0.0000	-0.0000	0.9855	0.0021	5.0251	2.0000	0.0000	0.0000	0.0000	0.0000	0.0000	0.0000	0.0000	0.0000	0.0000	0.0000	0.0000	0.0000	0.0000	0.0000	0.0000	0.0000	0.0000	0.0000	0.0000	0.0000	0.0000	0.0000	0.0000	0.0000	0.0000	0.0000	0.0000	0.0165	0.0091	0.0074	0.0027	0.0024	0.0004	0.0138	0.0068	0.0070	0.0000	0.0000	0.0000	0.0000	0.0000	0.0000	0.0000	0.0000	0.0000	0.0000	0.0000	0.0000	0.0000	0.0000	0.0000	0.0000	0.0000	0.0000						
33	139	0.2103	8	1	0	1	1	0	0	0	0	N	N	N	N	N	N	N	N	N	N	N	N	0.0000	0.0000	0.0000	0.0000	0.0000	0.0000	0.0000	0.0000	0.0000	0.0000	0.0000	0.0000	0.0000	0.0000	0.0000	0.0000	0.0006	0.0011	0.0000	0.0037	0.0043	0.0000	0.0000	0.0000	0.0000	0.0030	0.0000	-0.0000	0.9855	1.0020	5.0251	3.0181	0.0000	0.0000	0.0000	0.0000	0.0000	0.0000	0.0000	0.0000	0.0000	0.0000	0.0000	0.0000	0.0000	0.0000	0.0000	0.0000	0.0000	0.0000	0.0071	0.0059	0.0012	0.0007	0.0006	0.0001	0.0064	0.0054	0.0010	0.0336	0.0184	0.0151	0.0053	0.0046	0.0007	0.0282	0.0138	0.0144	0.0000	0.0000	0.0000	0.0000	0.0000	0.0000	0.0000	0.0000	0.0000	0.0006	0.0011	0.0000	0.0037	0.0043	0.0000	0.0000	0.0000	0.0000			
33	140	0.1960	8	1	1	1	0	0	0	0	0	N	N	N	N	N	N	N	N	N	N	N	N	0.0000	0.0000	0.0000	0.0000	0.0000	0.0000	0.0000	0.0000	0.0000	0.0000	0.0000	0.0000	0.0000	0.0000	0.0000	0.0000	0.0000	0.0000	0.0000	0.0000	0.0000	0.0000	0.0000	0.0000	inf	0.0000	0.0000	0.9855	0.0000	5.0251	4.0001	0.0000	0.0000	0.0000	0.0000	0.0000	0.0000	0.0000	0.0000	0.0000	0.0000	0.0000	0.0000	0.0000	0.0000	0.0000	0.0000	0.0000	0.0000	0.0000	0.0000	0.0000	0.0000	0.0000	0.0000	0.0000	0.0000	0.0000	0.0332	0.0184	0.0148	0.0045	0.0040	0.0005	0.0287	0.0144	0.0143	0.0000	0.0000	0.0000	0.0000	0.0000	0.0000	0.0000	0.0000	0.0000	0.0000	0.0000	0.0000	0.0000	0.0000	0.0000	0.0000	0.0000	0.0000				
33	141	0.5736	10	1	1	1	0	0	0	0	0	N	N	N	N	N	N	N	N	N	N	N	N	0.0000	0.0000	0.0000	0.0000	0.0000	0.0000	0.0000	0.0000	0.0000	0.0000	0.0000	0.0000	0.0000	0.0000	0.0000	0.0000	0.0000	0.0002	0.0003	0.0000	0.0004	0.0005	0.0000	0.0000	0.0000	0.0000	0.0005	0.0000	-0.0000	0.9855	1.0003	5.0251	5.0186	0.0000	0.0000	0.0000	0.0000	0.0000	0.0000	0.0000	0.0000	0.0000	0.0000	0.0000	0.0000	0.0000	0.0000	0.0000	0.0000	0.0000	0.0000	0.0070	0.0060	0.0009	0.0021	0.0020	0.0002	0.0048	0.0041	0.0008	0.0440	0.0304	0.0136	0.0236	0.0193	0.0043	0.0204	0.0111	0.0093	0.0000	0.0000	0.0000	0.0000	0.0000	0.0000	0.0000	0.0000	0.0000	0.0002	0.0003	0.0000	0.0004	0.0005	0.0000	0.0000	0.0000	0.0000		
33	142	0.2103	8	1	0	2	1	0	0	0	0	N	N	Y	N	N	N	N	N	N	N	N	N	0.0000	0.0000	0.0000	0.0000	0.0000	0.0000	0.0000	0.0000	0.0000	0.0000	0.0000	0.0000	0.0000	0.0000	0.0000	0.0000	0.0000	0.0000	0.0000	0.0000	0.0000	0.0000	inf	0.0000	0.0000	0.9855	0.0001	5.0251	9.0026	0.0000	0.0000	0.0000	0.0000	0.0000	0.0000	0.0000	0.0000	0.0000	0.0000	0.0000	0.0000	0.0000	0.0000	0.0000	0.0000	0.0000	0.0000	0.0000	0.0000	0.0000	0.0000	0.0000	0.0000	0.0000	0.0000	0.0000	0.0735	0.0405	0.0331	0.0116	0.0101	0.0016	0.0619	0.0304	0.0315	0.0000	0.0000	0.0000	0.0000	0.0000	0.0000	0.0000	0.0000	0.0000	0.0000	0.0000	0.0000	0.0000	0.0000	0.0000	0.0000	0.0000	0.0000						
33	143	0.5591	10	1	0	2	1	0	0	0	0	N	N	Y	N	N	N	N	N	N	N	N	N	0.0000	0.0000	0.0000	0.0000	0.0000	0.0000	0.0000	0.0000	0.0000	0.0000	0.0000	0.0000	0.0000	0.0000	0.0000	0.0000	0.0000	0.0000	0.0955	0.1395	0.0000	0.1816	0.2235	0.0000	0.0003	0.0005	0.0000	0.0000	0.0000	-0.0032	0.9855	2.0061	5.0251	8.0425	0.0000	0.0000	0.0000	0.0000	0.0000	0.0000	0.0000	0.0000	0.0000	0.0070	0.0070	0.0000	0.0070	0.0070	0.0000	0.0000	0.0000	0.0000	0.0138	0.0120	0.0019	0.0039	0.0036	0.0003	0.0099	0.0083	0.0016	0.0736	0.0504	0.0232	0.0387	0.0314	0.0073	0.0350	0.0190	0.0160	0.0000	0.0000	0.0000	0.0000	0.0000	0.0000	0.0000	0.0000	0.0000	0.0955	0.1395	0.0000	0.1816	0.2235	0.0000	0.0003	0.0005	0.0000	
33	144	0.5500	9	1	0	1	1	0	0	0	0	N	N	N	N	N	N	N	N	N	N	N	N	0.0000	0.0000	0.0000	0.0000	0.0000	0.0000	0.0000	0.0000	0.0000	0.0000	0.0000	0.0000	0.0000	0.0000	0.0000	0.0000	0.0000	0.0000	0.0000	0.0000	0.0000	0.0000	0.0000	0.0000	0.0000	0.0000	0.5385	0.0000	-0.0000	0.9855	1.9550	5.0251	2.1189	0.0000	0.0000	0.0000	0.0000	0.0000	0.0000	0.0000	0.0000	0.0000	0.0000	0.0000	0.0000	0.0000	0.0000	0.0000	0.0000	0.0000	0.0000	0.0144	0.0125	0.0020	0.0048	0.0044	0.0004	0.0096	0.0081	0.0015	0.0461	0.0335	0.0125	0.0238	0.0208	0.0031	0.0222	0.0128	0.0095	0.0000	0.0000	0.0000	0.0000	0.0000	0.0000	0.0000	0.0000	0.0000	0.0000	0.0000	0.0000	0.0000	0.0000	0.0000	0.0000	0.0000	0.0000		
33	145	0.5500	9	1	0	2	1	0	0	0	0	N	N	Y	N	N	N	N	N	N	N	N	N	0.0000	0.0000	0.0000	0.0000	0.0000	0.0000	0.0000	0.0000	0.0000	0.0000	0.0000	0.0000	0.0000	0.0000	0.0000	0.0000	0.0000	0.0000	0.0002	0.0003	0.0000	0.0002	0.0003	0.0000	0.0001	0.0002	0.0000	0.0019	0.0000	-0.0000	0.9855	2.1261	5.0251	18.6477	0.0000	0.0000	0.0000	0.0000	0.0000	0.0000	0.0000	0.0000	0.0000	0.0000	0.0000	0.0000	0.0000	0.0000	0.0000	0.0000	0.0000	0.0000	0.0156	0.0135	0.0021	0.0052	0.0047	0.0005	0.0104	0.0087	0.0017	0.1584	0.1099	0.0485	0.0818	0.0677	0.0141	0.0766	0.0422	0.0344	0.0000	0.0000	0.0000	0.0000	0.0000	0.0000	0.0000	0.0000	0.0000	0.0002	0.0003	0.0000	0.0002	0.0003	0.0000	0.0001	0.0002	0.0000	
33	146	0.2103	8	1	0	2	1	0	0	0	0	N	N	Y	N	N	N	N	N	N	N	N	N	0.0000	0.0000	0.0000	0.0000	0.0000	0.0000	0.0000	0.0000	0.0000	0.0000	0.0000	0.0000	0.0000	0.0000	0.0000	0.0000	0.0000	0.0000	0.0000	0.0000	0.0000	0.0000	inf	0.0000	0.0000	0.9855	2.0001	5.0251	5.9880	0.0000	0.0000	0.0000	0.0000	0.0000	0.0000	0.0000	0.0000	0.0000	0.0000	0.0000	0.0000	0.0000	0.0000	0.0000	0.0000	0.0000	0.0000	0.0140	0.0118	0.0023	0.0014	0.0011	0.0003	0.0126	0.0106	0.0020	0.0655	0.0361	0.0295	0.0104	0.0090	0.0014	0.0551	0.0271	0.0281	0.0000	0.0000	0.0000	0.0000	0.0000	0.0000	0.0000	0.0000	0.0000	0.0000	0.0000	0.0000	0.0000	0.0000	0.0000	0.0000	0.0000	0.0000						
33	147	0.2103	8	1	0	2	1	0	0	0	0	N	N	Y	N	N	N	N	N	N	N	N	N	0.0000	0.0000	0.0000	0.0000	0.0000	0.0000	0.0000	0.0000	0.0000	0.0000	0.0000	0.0000	0.0000	0.0000	0.0000	0.0000	0.0000	4.5551	9.8600	0.0000	137.2520	174.9725	0.0000	0.0329	0.0663	0.0000	0.0000	0.0000	-0.4545	0.9855	9.0001	5.0251	23.0169	0.0000	0.0000	0.0000	0.0000	0.0000	0.0000	0.0000	0.0000	0.0000	0.9916	0.9916	0.0000	0.9850	0.9850	0.0000	0.0066	0.0066	0.0000	0.0612	0.0513	0.0098	0.0061	0.0049	0.0012	0.0551	0.0464	0.0086	0.2379	0.1318	0.1061	0.0374	0.0323	0.0051	0.2005	0.0995	0.1010	0.0000	0.0000	0.0000	0.0000	0.0000	0.0000	0.0000	0.0000	0.0000	4.1683	7.5223	0.0000	26.3411	30.4875	0.0000	0.0329	0.0663	0.0000		
33	148	0.1850	7	1	0	1	1	0	0	0	0	N	N	N	N	N	N	N	N	N	N	N	N	0.6010	223.2685	0.0001	2.5835	10.0121	0.0000	0.5506	230774.3800	0.0001	0.0459	0.0548	0.0000	0.0073	0.0091	0.0000	0.0502	0.0597	0.0000	0.0763	0.0002	0.1752	0.0028	0.0009	0.0215	0.0912	0.0000	0.1809	0.0001	548.8207	-0.0003	0.0037	0.9855	1.9990	5.0251	7.9526	0.0006	0.0006	0.0000	0.0000	0.0000	0.0000	0.0006	0.0006	0.0000	0.0068	0.0000	0.0068	0.0000	0.0000	0.0000	0.0068	0.0000	0.0068	0.0141	0.0118	0.0023	0.0014	0.0011	0.0003	0.0127	0.0107	0.0020	0.0890	0.0503	0.0387	0.0150	0.0136	0.0014	0.0740	0.0367	0.0373	0.6010	223.2685	0.0001	2.5835	10.0121	0.0000	0.5506	230774.3800	0.0001	0.0763	0.0002	0.1752	0.0028	0.0009	0.0215	0.0912	0.0000	0.1809
33	149	0.1531	6	2	1	1	0	0	0	0	0	Y	N	N	N	N	N	N	N	N	N	N	N	376.7028	298.0459	0.0000	0.2951	0.3491	0.0000	5480.4241	19584425.0841	0.0000	6.7185	8.1812	0.0000	0.0260	0.0337	0.0000	9.7167	11.5243	0.0000	0.0178	0.0274	0.0036	0.0882	0.0966	0.0007	0.0018	0.0000	0.0037	0.0000	0.0888	-0.1760	-0.0014	0.9855	5.3497	5.0251	17.2225	0.3990	0.3990	0.0000	0.0005	0.0005	0.0000	0.3985	0.3985	0.0000	0.0038	0.0035	0.0003	0.0035	0.0035	0.0000	0.0003	0.0000	0.0003	0.0594	0.0488	0.0106	0.0184	0.0142	0.0042	0.0410	0.0346	0.0064	0.2109	0.1258	0.0850	0.0392	0.0358	0.0034	0.1717	0.0901	0.0816	376.7028	298.0459	0.0000	0.2951	0.3491	0.0000	5480.4241	19584425.0841	0.0000	0.0178	0.0274	0.0036	0.0882	0.0966	0.0007	0.0018	0.0000	0.0037
33	150	0.1839	7	1	1	1	0	0	0	0	0	N	N	N	N	N	N	N	N	N	N	N	N	146.4810	168.9271	0.0004	193.1523	206.6841	0.0288	0.2136	614.6976	0.0001	6.0585	7.2672	0.0000	15.2938	18.5933	0.0000	0.0046	0.0054	0.0000	0.0414	0.0430	0.0385	0.0792	0.0900	0.0010	0.0213	0.0000	0.0433	0.0000	0.5105	-0.1497	-0.0014	0.9855	3.6794	5.0251	17.4287	0.3393	0.3393	0.0000	0.3391	0.3391	0.0000	0.0002	0.0002	0.0000	0.0116	0.0077	0.0039	0.0077	0.0077	0.0000	0.0039	0.0000	0.0039	0.0560	0.0467	0.0093	0.0222	0.0182	0.0039	0.0338	0.0284	0.0054	0.2804	0.1785	0.1019	0.0971	0.0853	0.0118	0.1833	0.0931	0.0901	146.4810	168.9271	0.0004	193.1523	206.6841	0.0288	0.2136	614.6976	0.0001	0.0414	0.0430	0.0385	0.0792	0.0900	0.0010	0.0213	0.0000	0.0433
33	151	0.1531	6	1	1	1	0	0	0	0	0	N	N	N	N	N	N	N	N	N	N	N	N	153.9611	203.2125	13.9891	161.8857	194.1504	1544.7169	83.3138	196.5222	10.3529	11.4903	13.8507	1.1879	22.8954	29.5054	1.4926	4.6858	5.3874	0.9144	0.0746	0.0682	0.0849	0.1414	0.1520	0.0010	0.0562	0.0274	0.0883	0.0197	0.7839	-0.2275	-0.0002	0.9855	3.4464	5.0251	10.1316	0.5392	0.5288	0.0104	0.4015	0.3953	0.0062	0.1377	0.1335	0.0042	0.0108	0.0061	0.0048	0.0044	0.0044	0.0000	0.0064	0.0016	0.0048	0.0469	0.0382	0.0087	0.0175	0.0134	0.0041	0.0294	0.0248	0.0046	0.1453	0.0892	0.0561	0.0314	0.0292	0.0022	0.1139	0.0600	0.0539	153.9611	203.2125	13.9891	161.8857	194.1504	1544.7169	83.3138	196.5222	10.3529	0.0746	0.0682	0.0849	0.1414	0.1520	0.0010	0.0562	0.0274	0.0883
33	152	0.5804	12	2	1	1	0	0	0	0	0	Y	N	N	N	N	N	N	N	N	N	N	N	0.0000	0.0000	0.0000	0.0000	0.0000	0.0000	0.0000	0.0000	0.0000	0.0000	0.0000	0.0000	0.0000	0.0000	0.0000	0.0549	0.0796	0.0000	0.1031	0.1261	0.0000	0.0000	0.0000	0.0000	0.0000	0.0000	-0.0023	0.9855	1.0143	5.0251	12.0086	0.0000	0.0000	0.0000	0.0000	0.0000	0.0000	0.0000	0.0000	0.0000	0.0050	0.0050	0.0000	0.0050	0.0050	0.0000	0.0000	0.0000	0.0000	0.0072	0.0062	0.0009	0.0022	0.0021	0.0002	0.0049	0.0042	0.0008	0.0919	0.0634	0.0286	0.0490	0.0400	0.0089	0.0430	0.0234	0.0196	0.0000	0.0000	0.0000	0.0000	0.0000	0.0000	0.0000	0.0000	0.0000	0.0549	0.0796	0.0000	0.1031	0.1261	0.0000	0.0000	0.0000	0.0000				
33	153	0.5782	11	2	1	1	0	0	0	0	0	Y	N	N	N	N	N	N	N	N	N	N	N	0.0000	0.0000	0.0000	0.0000	0.0000	0.0000	0.0000	0.0000	0.0000	0.0000	0.0000	0.0000	0.0000	0.0000	0.0000	0.0000	0.0000	0.0000	0.6846	0.0301	2.1454	0.0270	0.0324	0.0029	1.4500	0.0259	3.1407	31.9795	0.0000	0.0026	0.9855	0.9811	5.0251	0.0216	0.0000	0.0000	0.0000	0.0000	0.0000	0.0000	0.0000	0.0000	0.0000	0.0051	0.0002	0.0050	0.0001	0.0001	0.0000	0.0050	0.0000	0.0050	0.0069	0.0060	0.0009	0.0021	0.0020	0.0002	0.0048	0.0040	0.0008	0.0075	0.0052	0.0023	0.0040	0.0033	0.0007	0.0035	0.0019	0.0016	0.0000	0.0000	0.0000	0.0000	0.0000	0.0000	0.0000	0.0000	0.0000	0.6846	0.0301	2.1454	0.0270	0.0324	0.0029	1.4500	0.0259	3.1407	
33	154	0.5736	10	2	1	1	0	0	0	0	0	Y	N	N	N	N	N	N	N	N	N	N	N	0.0000	0.0000	0.0000	0.0000	0.0000	0.0000	0.0000	0.0000	0.0000	0.0000	0.0000	0.0000	0.0000	0.0000	0.0000	0.0000	0.0000	0.0077	0.0009	0.0228	0.0012	0.0015	0.0000	0.0152	0.0000	0.0332	10.9852	0.0000	0.0001	0.9855	0.0083	5.0251	2.0001	0.0000	0.0000	0.0000	0.0000	0.0000	0.0000	0.0000	0.0000	0.0000	0.0001	0.0000	0.0001	0.0000	0.0000	0.0000	0.0001	0.0000	0.0001	0.0001	0.0001	0.0000	0.0000	0.0000	0.0000	0.0000	0.0000	0.0000	0.0153	0.0106	0.0047	0.0082	0.0067	0.0015	0.0071	0.0038	0.0032	0.0000	0.0000	0.0000	0.0000	0.0000	0.0000	0.0000	0.0000	0.0000	0.0077	0.0009	0.0228	0.0012	0.0015	0.0000	0.0152	0.0000	0.0332		
33	155	0.5500	9	1	1	1	0	0	0	0	0	N	N	N	N	N	N	N	N	N	N	N	N	0.0000	0.0000	0.0000	0.0000	0.0000	0.0000	0.0000	0.0000	0.0000	0.0000	0.0000	0.0000	0.0000	0.0000	0.0000	0.0000	0.0000	0.0002	0.0002	0.0004	0.0002	0.0003	0.0000	0.0002	0.0000	0.0005	0.9758	0.0000	0.0000	0.9855	2.9180	5.0251	7.4065	0.0000	0.0000	0.0000	0.0000	0.0000	0.0000	0.0000	0.0000	0.0000	0.0000	0.0000	0.0000	0.0000	0.0000	0.0000	0.0000	0.0000	0.0000	0.0210	0.0182	0.0028	0.0068	0.0062	0.0006	0.0142	0.0119	0.0023	0.0899	0.0633	0.0266	0.0466	0.0392	0.0074	0.0433	0.0241	0.0192	0.0000	0.0000	0.0000	0.0000	0.0000	0.0000	0.0000	0.0000	0.0000	0.0002	0.0002	0.0004	0.0002	0.0003	0.0000	0.0002	0.0000	0.0005		
33	156	0.4841	8	1	0	1	0	0	0	0	0	N	N	N	N	N	N	N	N	N	N	N	N	0.0009	0.0007	0.0000	0.0012	0.0011	0.0000	0.0073	0.0082	0.0000	0.0001	0.0001	0.0000	0.0002	0.0002	0.0000	0.0000	0.0000	0.0000	0.0937	0.1329	0.0015	0.1742	0.2067	0.0036	0.0007	0.0007	0.0006	0.0000	0.0048	-0.0000	-0.0112	0.9855	8.2479	5.0251	19.7214	0.0000	0.0000	0.0000	0.0000	0.0000	0.0000	0.0000	0.0000	0.0000	0.0246	0.0245	0.0001	0.0245	0.0244	0.0001	0.0001	0.0000	0.0000	0.0852	0.0753	0.0099	0.0318	0.0299	0.0019	0.0533	0.0453	0.0080	0.2626	0.1843	0.0783	0.1408	0.1183	0.0225	0.1218	0.0660	0.0558	0.0009	0.0007	0.0000	0.0012	0.0011	0.0000	0.0073	0.0082	0.0000	0.0937	0.1329	0.0015	0.1742	0.2067	0.0036	0.0007	0.0007	0.0006
33	157	0.4480	7	1	0	1	0	0	0	0	0	N	N	N	N	N	N	N	N	N	N	N	N	0.0017	0.0048	0.0000	0.0181	0.0166	0.0034	0.0000	0.0000	0.0000	0.0002	0.0002	0.0000	0.0007	0.0007	0.0000	0.0000	0.0000	0.0000	0.1230	0.0508	0.2938	0.0382	0.0451	0.0056	0.2331	0.0621	0.4365	0.0025	2.4429	-0.0000	0.0077	0.9855	7.4725	5.0251	14.3153	0.0000	0.0000	0.0000	0.0000	0.0000	0.0000	0.0000	0.0000	0.0000	0.0307	0.0089	0.0218	0.0054	0.0053	0.0001	0.0253	0.0037	0.0217	0.0620	0.0539	0.0081	0.0192	0.0177	0.0015	0.0428	0.0363	0.0066	0.2500	0.1757	0.0743	0.1412	0.1166	0.0246	0.1088	0.0591	0.0497	0.0017	0.0048	0.0000	0.0181	0.0166	0.0034	0.0000	0.0000	0.0000	0.1230	0.0508	0.2938	0.0382	0.0451	0.0056	0.2331	0.0621	0.4365
33	158	0.3825	6	1	0	1	0	0	0	0	0	N	N	N	N	N	N	N	N	N	N	N	N	0.1257	0.2074	0.0001	0.7863	0.7655	0.0035	0.0043	0.0099	0.0000	0.0029	0.0033	0.0000	0.0111	0.0117	0.0000	0.0001	0.0002	0.0000	0.0230	0.0160	0.0403	0.0141	0.0152	0.0079	0.0335	0.0173	0.0540	0.0001	1.0257	-0.0001	0.0004	0.9855	11.6653	5.0251	19.4910	0.0003	0.0003	0.0000	0.0003	0.0003	0.0000	0.0000	0.0000	0.0000	0.0091	0.0045	0.0046	0.0030	0.0028	0.0003	0.0061	0.0018	0.0044	0.0918	0.0801	0.0117	0.0231	0.0219	0.0012	0.0687	0.0582	0.0105	0.3971	0.2822	0.1149	0.2151	0.1808	0.0343	0.1820	0.1014	0.0806	0.1257	0.2074	0.0001	0.7863	0.7655	0.0035	0.0043	0.0099	0.0000	0.0230	0.0160	0.0403	0.0141	0.0152	0.0079	0.0335	0.0173	0.0540
33	159	0.3353	5	1	0	1	0	0	0	0	0	N	N	N	N	N	N	N	N	N	N	N	N	1.5129	1.5601	0.2774	3.9303	3.7194	1.6356	0.5504	0.5697	0.1615	0.0134	0.0149	0.0019	0.0330	0.0341	0.0070	0.0052	0.0059	0.0014	0.0088	0.0095	0.0070	0.0084	0.0092	0.0043	0.0095	0.0103	0.0084	0.0174	0.2837	-0.0004	-0.0010	0.9855	7.3933	5.0251	20.5306	0.0009	0.0009	0.0000	0.0007	0.0007	0.0000	0.0003	0.0002	0.0000	0.0042	0.0033	0.0009	0.0023	0.0021	0.0002	0.0019	0.0012	0.0007	0.0696	0.0614	0.0082	0.0205	0.0196	0.0009	0.0491	0.0418	0.0073	0.4761	0.3435	0.1326	0.2754	0.2314	0.0440	0.2007	0.1121	0.0886	1.5129	1.5601	0.2774	3.9303	3.7194	1.6356	0.5504	0.5697	0.1615	0.0088	0.0095	0.0070	0.0084	0.0092	0.0043	0.0095	0.0103	0.0084
33	160	0.0991	4	1	0	1	0	0	0	0	0	N	N	N	N	N	N	N	N	N	N	N	N	0.1053	0.0745	0.6637	0.0014	0.0013	0.3402	0.1137	0.0725	0.6541	0.0040	0.0045	0.0008	0.0001	0.0001	0.0000	0.0043	0.0049	0.0008	0.0380	0.0610	0.0012	0.0383	0.0417	0.0001	0.0380	0.0682	0.0013	0.0303	0.0126	-0.0003	-0.0100	0.9855	27.6416	5.0251	54.6365	0.0007	0.0006	0.0000	0.0000	0.0000	0.0000	0.0007	0.0006	0.0000	0.0224	0.0221	0.0003	0.0041	0.0041	0.0000	0.0183	0.0180	0.0003	0.1670	0.1428	0.0241	0.0123	0.0117	0.0005	0.1547	0.1311	0.0236	0.5881	0.3622	0.2259	0.1073	0.0987	0.0086	0.4808	0.2635	0.2173	0.1053	0.0745	0.6637	0.0014	0.0013	0.3402	0.1137	0.0725	0.6541	0.0380	0.0610	0.0012	0.0383	0.0417	0.0001	0.0380	0.0682	0.0013
33	161	0.2036	10	2	1	1	0	0	0	0	0	Y	N	N	N	N	N	N	N	N	N	N	N	0.0000	0.0000	0.0000	0.0000	0.0000	0.0000	0.0000	0.0000	0.0000	0.0000	0.0000	0.0000	0.0000	0.0000	0.0000	0.0009	0.0000	0.0019	0.0001	0.0000	0.0011	0.0010	0.0000	0.0020	inf	0.0000	0.0000	0.9855	0.0002	5.0251	3.0099	0.0000	0.0000	0.0000	0.0000	0.0000	0.0000	0.0000	0.0000	0.0000	0.0000	0.0000	0.0000	0.0000	0.0000	0.0000	0.0000	0.0000	0.0000	0.0000	0.0000	0.0000	0.0000	0.0000	0.0000	0.0000	0.0000	0.0000	0.0256	0.0144	0.0112	0.0037	0.0033	0.0004	0.0219	0.0110	0.0109	0.0000	0.0000	0.0000	0.0000	0.0000	0.0000	0.0000	0.0000	0.0000	0.0009	0.0000	0.0019	0.0001	0.0000	0.0011	0.0010	0.0000	0.0020				
33	162	0.1960	9	2	1	1	0	0	0	0	0	Y	N	N	N	N	N	N	N	N	N	N	N	0.0000	0.0000	0.0000	0.0000	0.0000	0.0000	0.0000	0.0000	0.0000	0.0000	0.0000	0.0000	0.0000	0.0000	0.0000	0.0000	0.0000	0.0001	0.0001	0.0000	0.0005	0.0006	0.0001	0.0000	0.0000	0.0000	0.0823	0.0000	-0.0000	0.9855	0.9998	5.0251	2.0118	0.0000	0.0000	0.0000	0.0000	0.0000	0.0000	0.0000	0.0000	0.0000	0.0000	0.0000	0.0000	0.0000	0.0000	0.0000	0.0000	0.0000	0.0000	0.0071	0.0059	0.0012	0.0007	0.0005	0.0001	0.0064	0.0054	0.0010	0.0251	0.0139	0.0112	0.0034	0.0030	0.0004	0.0217	0.0109	0.0108	0.0000	0.0000	0.0000	0.0000	0.0000	0.0000	0.0000	0.0000	0.0000	0.0001	0.0001	0.0000	0.0005	0.0006	0.0001	0.0000	0.0000	0.0000		
33	163	0.1960	8	2	1	1	0	0	0	0	0	Y	N	N	N	N	N	N	N	N	N	N	N	0.0000	0.0000	0.0000	0.0000	0.0000	0.0000	0.0000	0.0000	0.0000	0.0000	0.0000	0.0000	0.0000	0.0000	0.0000	0.0000	0.0000	0.0154	0.0134	0.0227	0.0304	0.0281	0.1809	0.0061	0.0000	0.0182	0.4545	0.0000	-0.0000	0.9855	0.0000	5.0251	0.0003	0.0000	0.0000	0.0000	0.0000	0.0000	0.0000	0.0000	0.0000	0.0000	0.0000	0.0000	0.0000	0.0000	0.0000	0.0000	0.0000	0.0000	0.0000	0.0000	0.0000	0.0000	0.0000	0.0000	0.0000	0.0000	0.0000	0.0000	0.0000	0.0000	0.0000	0.0000	0.0000	0.0000	0.0000	0.0000	0.0000	0.0000	0.0000	0.0000	0.0000	0.0000	0.0000	0.0000	0.0000	0.0000	0.0154	0.0134	0.0227	0.0304	0.0281	0.1809	0.0061	0.0000	0.0182		
33	164	0.1850	7	1	1	1	0	0	0	0	0	N	N	N	N	N	N	N	N	N	N	N	N	150.1304	577.6423	0.0198	5.1353	6.3539	0.0000	274.6697	inf	0.0308	3.9438	4.9346	0.0010	0.1372	0.1631	0.0000	7.1829	9.4094	0.0016	0.0263	0.0085	0.0505	0.0267	0.0257	0.0384	0.0262	0.0000	0.0510	0.0001	4.3272	-0.0003	0.0004	0.9855	0.0063	5.0251	4.3641	0.0006	0.0006	0.0000	0.0000	0.0000	0.0000	0.0006	0.0006	0.0000	0.0012	0.0002	0.0010	0.0003	0.0002	0.0000	0.0009	0.0000	0.0009	0.0002	0.0001	0.0000	0.0001	0.0001	0.0000	0.0001	0.0001	0.0000	0.0450	0.0260	0.0190	0.0094	0.0086	0.0008	0.0356	0.0173	0.0182	150.1304	577.6423	0.0198	5.1353	6.3539	0.0000	274.6697	inf	0.0308	0.0263	0.0085	0.0505	0.0267	0.0257	0.0384	0.0262	0.0000	0.0510
33	165	0.1531	6	1	0	1	0	0	0	0	0	N	N	N	N	N	N	N	N	N	N	N	N	1.0057	2530.1853	0.0001	1.7245	4.9706	0.0057	1.8482	38453.7139	0.0002	9.7860	12.1068	0.0038	0.0504	0.0659	0.0014	16.8300	19.9548	0.0064	9.7309	0.0048	44.3464	0.0292	0.0133	0.2512	9.1063	0.0005	41.1224	0.0001	2402.6958	-0.1760	0.5277	0.9855	2.5207	5.0251	10.0226	0.3991	0.3991	0.0000	0.0009	0.0009	0.0000	0.3983	0.3982	0.0000	0.9750	0.0004	0.9746	0.0009	0.0004	0.0005	0.9741	0.0000	0.9741	0.0408	0.0330	0.0078	0.0171	0.0130	0.0041	0.0237	0.0200	0.0037	0.1374	0.0848	0.0526	0.0304	0.0284	0.0020	0.1070	0.0564	0.0506	1.3789	2530.1853	0.0002	1.7245	4.9706	0.0057	1.8482	38453.7139	0.0003	7.0968	0.0048	18.5233	0.0292	0.0133	0.2512	9.1063	0.0005	19.2611
33	166	0.1375	5	1	0	1	0	0	0	0	0	N	N	N	N	N	N	N	N	N	N	N	N	784.5158	2047.4518	0.2712	42.0597	43.4884	0.3935	1020.7691	15652.1554	0.2962	18.8311	21.8353	0.0139	0.8923	0.9567	0.0019	25.7549	30.8322	0.0158	0.0240	0.0107	0.0513	0.0212	0.0220	0.0049	0.0252	0.0020	0.0534	0.0001	2.3509	-0.2562	0.0007	0.9855	2.6894	5.0251	4.6619	0.5810	0.5809	0.0001	0.0077	0.0077	0.0000	0.5733	0.5733	0.0001	0.0028	0.0008	0.0020	0.0008	0.0008	0.0000	0.0021	0.0001	0.0020	0.0309	0.0266	0.0042	0.0086	0.0080	0.0006	0.0223	0.0186	0.0037	0.1174	0.0788	0.0385	0.0359	0.0342	0.0016	0.0815	0.0446	0.0369	784.5158	2047.4518	0.2712	42.0597	43.4884	0.3935	1020.7691	15652.1554	0.2962	0.0240	0.0107	0.0513	0.0212	0.0220	0.0049	0.0252	0.0020	0.0534
33	167	0.0991	4	1	0	1	0	0	0	0	0	N	N	N	N	N	N	N	N	N	N	N	N	12.1816	53.5181	0.0406	0.1944	0.1995	0.0074	12.0722	1012.2319	0.0404	0.9291	1.0920	0.0069	0.0105	0.0109	0.0003	1.0050	1.1936	0.0071	0.0763	0.0204	0.1700	0.0538	0.0547	0.0372	0.0832	0.0012	0.1744	0.0011	4.9662	-0.0078	0.0037	0.9855	2.7966	5.0251	8.5340	0.0176	0.0176	0.0000	0.0000	0.0000	0.0000	0.0176	0.0176	0.0000	0.0098	0.0016	0.0082	0.0016	0.0016	0.0001	0.0082	0.0001	0.0081	0.0190	0.0161	0.0029	0.0014	0.0014	0.0001	0.0175	0.0148	0.0028	0.1290	0.0808	0.0482	0.0306	0.0290	0.0015	0.0984	0.0518	0.0466	12.1816	53.5181	0.0406	0.1944	0.1995	0.0074	12.0722	1012.2319	0.0404	0.0763	0.0204	0.1700	0.0538	0.0547	0.0372	0.0832	0.0012	0.1744
34	36	0.1138	4	0	2	0	0	0	0	0	0	N	Y	N	N	N	N	N	N	N	N	N	N	0.0000	0.0000	0.0000	0.0000	0.0000	0.0000	0.0000	0.0000	0.0000	0.0000	0.0000	0.0000	0.0000	0.0000	0.0000	0.0000	0.0000	0.0046	0.0073	0.0004	0.0203	0.0228	0.0005	0.0002	0.0000	0.0004	0.0333	0.0000	-0.0006	2.0026	7.9964	4.0175	23.6501	0.0000	0.0000	0.0000	0.0000	0.0000	0.0000	0.0000	0.0000	0.0000	0.0014	0.0013	0.0000	0.0013	0.0013	0.0000	0.0000	0.0000	0.0000	0.1307	0.1092	0.0215	0.0219	0.0212	0.0006	0.1088	0.0879	0.0208	0.3031	0.1842	0.1188	0.0662	0.0587	0.0075	0.2368	0.1255	0.1114	0.0000	0.0000	0.0000	0.0000	0.0000	0.0000	0.0000	0.0000	0.0000	0.0046	0.0073	0.0004	0.0203	0.0228	0.0005	0.0002	0.0000	0.0004		
34	37	0.1877	6	1	2	0	0	0	0	0	0	N	Y	N	N	N	N	N	N	N	N	N	N	0.0000	0.0000	0.0000	0.0000	0.0000	0.0000	0.0000	0.0000	0.0000	0.0000	0.0000	0.0000	0.0000	0.0000	0.0000	0.0000	0.0000	0.0004	0.0000	0.0010	0.0001	0.0000	0.0007	0.0005	0.0000	0.0011	120000.0000	0.0000	0.0001	2.0026	6.9981	4.0175	25.9787	0.0000	0.0000	0.0000	0.0000	0.0000	0.0000	0.0000	0.0000	0.0000	0.0001	0.0000	0.0001	0.0000	0.0000	0.0000	0.0001	0.0000	0.0001	0.1208	0.1010	0.0198	0.0216	0.0208	0.0008	0.0993	0.0802	0.0191	0.3105	0.1941	0.1165	0.0970	0.0823	0.0147	0.2136	0.1118	0.1018	0.0000	0.0000	0.0000	0.0000	0.0000	0.0000	0.0000	0.0000	0.0000	0.0004	0.0000	0.0010	0.0001	0.0000	0.0007	0.0005	0.0000	0.0011		
34	38	0.0560	2	0	2	0	0	0	0	0	0	N	Y	N	N	N	N	N	N	N	N	N	N	0.0035	0.0017	15.6638	0.0025	0.0025	0.0000	11.4374	16.2663	0.0001	0.0001	0.0001	0.0001	0.0001	0.0000	0.0000	0.0000	0.0001	0.0211	0.0397	0.0000	0.0499	0.0504	0.0000	0.0000	0.0000	0.0000	0.6656	0.0001	-0.0000	-0.0073	2.0026	4.7553	4.0175	10.1994	0.0000	0.0000	0.0000	0.0000	0.0000	0.0000	0.0000	0.0000	0.0000	0.0158	0.0158	0.0000	0.0158	0.0158	0.0000	0.0000	0.0000	0.0000	0.2268	0.1439	0.0829	0.0805	0.0805	0.0000	0.1463	0.0635	0.0829	0.7517	0.3985	0.3532	0.3168	0.3139	0.0029	0.4349	0.0846	0.3503	0.0035	0.0017	15.6638	0.0025	0.0025	0.0000	11.4374	0.0000	16.2663	0.0211	0.0397	0.0000	0.0499	0.0504	0.0000	0.0000	0.0000	0.0000	
34	39	0.1138	4	1	2	0	0	0	0	0	0	N	Y	N	N	N	N	N	N	N	N	N	N	1.6290	0.0000	2.4982	0.0000	0.0000	0.0000	2.3281	2.8003	24.0884	0.0000	145.4282	0.0000	0.0000	0.0000	28.9644	0.0000	149.8171	14.7874	0.0071	58.2126	0.0201	0.0225	0.0018	12.4414	0.0000	53.4999	inf	2238.7945	1.1178	1.6243	2.0026	5.0000	4.0175	27.3229	2.0000	0.0000	2.0000	0.0000	0.0000	0.0000	2.0000	0.0000	2.0000	3.0013	0.0013	3.0000	0.0014	0.0013	0.0000	3.0000	0.0000	3.0000	0.0830	0.0693	0.0138	0.0140	0.0136	0.0004	0.0691	0.0557	0.0133	0.3084	0.1875	0.1210	0.0673	0.0597	0.0076	0.2411	0.1278	0.1133	2.4753	0.0000	5.8634	0.0000	0.0000	0.0000	2.3281	0.0000	5.6602	9.7314	0.0071	24.8029	0.0201	0.0225	0.0018	12.4414	0.0000	26.4683	
34	40	0.1877	6	0	2	0	0	0	0	0	0	N	Y	N	N	N	N	N	N	N	N	N	N	0.0000	0.0000	0.0000	0.0000	0.0000	0.0000	0.0000	0.0000	0.0000	0.0000	0.0000	0.0000	0.0000	0.0000	0.0000	0.0000	0.0000	0.0000	0.0000	0.0000	0.0000	0.0000	0.0000	0.0000	-0.0000	2.0026	7.0019	4.0175	21.4344	0.0000	0.0000	0.0000	0.0000	0.0000	0.0000	0.0000	0.0000	0.0000	0.0000	0.0000	0.0000	0.0000	0.0000	0.0000	0.0000	0.0000	0.0000	0.1209	0.1011	0.0198	0.0216	0.0208	0.0008	0.0993	0.0802	0.0191	0.2752	0.1725	0.1026	0.0866	0.0736	0.0130	0.1886	0.0989	0.0897	0.0000	0.0000	0.0000	0.0000	0.0000	0.0000	0.0000	0.0000	0.0000	0.0000	0.0000	0.0000	0.0000	0.0000	0.0000	0.0000	0.0000	0.0000						
34	41	0.6181	9	0	2	0	0	0	0	0	0	N	Y	N	N	N	N	N	N	N	N	N	N	0.0018	0.0000	4305.1283	0.0000	0.0000	0.0000	293.4732	0.0000	inf	0.0000	0.0000	0.0001	0.0000	0.0000	0.0000	0.0000	0.0000	0.0001	0.0060	0.0087	0.0000	0.0104	0.0122	0.0000	0.0000	0.0000	0.0000	inf	0.0000	0.0000	-0.0005	2.0026	8.1446	4.0175	10.2519	0.0000	0.0000	0.0000	0.0000	0.0000	0.0000	0.0000	0.0000	0.0000	0.0010	0.0010	0.0000	0.0010	0.0010	0.0000	0.0000	0.0000	0.0000	0.1741	0.1543	0.0198	0.0909	0.0840	0.0069	0.0833	0.0703	0.0129	0.1701	0.1170	0.0531	0.0979	0.0833	0.0146	0.0722	0.0337	0.0385	0.0018	0.0000	4305.1283	0.0000	0.0000	0.0000	293.4732	0.0000	inf	0.0060	0.0087	0.0000	0.0104	0.0122	0.0000	0.0000	0.0000	0.0000
34	42	0.1877	6	0	2	0	0	0	0	0	0	N	Y	N	N	N	N	N	N	N	N	N	N	0.0000	0.0000	0.0000	0.0000	0.0000	0.0000	0.0000	0.0000	0.0000	0.0000	0.0000	0.0000	0.0000	0.0000	0.0000	6.4792	0.0000	32.8120	0.0002	0.0000	0.0012	7.9799	0.0000	35.0976	inf	0.0000	0.5416	2.0026	5.9981	4.0175	11.5875	0.0000	0.0000	0.0000	0.0000	0.0000	0.0000	0.0000	0.0000	0.0000	1.0000	0.0000	1.0000	0.0000	0.0000	0.0000	1.0000	0.0000	1.0000	0.1041	0.0870	0.0171	0.0186	0.0180	0.0007	0.0855	0.0690	0.0165	0.1853	0.1179	0.0675	0.0600	0.0516	0.0085	0.1253	0.0663	0.0590	0.0000	0.0000	0.0000	0.0000	0.0000	0.0000	0.0000	0.0000	0.0000	5.3952	0.0000	14.8253	0.0002	0.0000	0.0012	7.9799	0.0000	16.9579				
34	43	0.2715	6	0	2	1	1	0	0	0	0	N	Y	N	N	N	N	N	N	N	N	N	N	0.0000	0.0000	0.0000	0.0000	0.0000	0.0000	0.0000	0.0000	0.0000	0.0000	0.0000	0.0000	0.0000	0.0000	0.0000	0.0000	0.0000	0.0006	0.0007	0.0001	0.0011	0.0012	0.0000	0.0000	0.0000	0.0001	0.0304	0.0000	-0.0000	2.0026	1.0007	4.0175	2.4334	0.0000	0.0000	0.0000	0.0000	0.0000	0.0000	0.0000	0.0000	0.0000	0.0000	0.0000	0.0000	0.0000	0.0000	0.0000	0.0000	0.0000	0.0000	0.0172	0.0145	0.0028	0.0041	0.0040	0.0002	0.0131	0.0105	0.0026	0.0546	0.0407	0.0139	0.0282	0.0255	0.0026	0.0264	0.0152	0.0112	0.0000	0.0000	0.0000	0.0000	0.0000	0.0000	0.0000	0.0000	0.0000	0.0006	0.0007	0.0001	0.0011	0.0012	0.0000	0.0000	0.0000	0.0001		
34	44	0.2342	5	0	1	0	1	0	0	0	0	N	N	N	N	N	N	N	N	N	N	N	N	0.0000	0.0000	0.0000	0.0000	0.0000	0.0000	0.0000	0.0000	0.0000	0.0000	0.0000	0.0000	0.0000	0.0000	0.0000	0.0000	0.0000	0.0000	0.0733	0.1043	0.0023	0.1357	0.1592	0.0003	0.0017	0.0005	0.0030	0.0096	0.0000	-0.0083	2.0026	1.0391	4.0175	15.0482	0.0000	0.0000	0.0000	0.0000	0.0000	0.0000	0.0000	0.0000	0.0000	0.0185	0.0183	0.0002	0.0183	0.0183	0.0000	0.0002	0.0000	0.0002	0.0189	0.0159	0.0030	0.0048	0.0046	0.0002	0.0141	0.0113	0.0028	0.2518	0.1754	0.0764	0.1347	0.1147	0.0199	0.1172	0.0607	0.0565	0.0000	0.0000	0.0000	0.0000	0.0000	0.0000	0.0000	0.0000	0.0000	0.0733	0.1043	0.0023	0.1357	0.1592	0.0003	0.0017	0.0005	0.0030	
34	45	0.1138	4	0	2	0	0	0	0	0	0	N	Y	N	N	N	N	N	N	N	N	N	N	0.0000	0.0000	0.0000	0.0000	0.0000	0.0000	0.0000	0.0000	0.0000	0.0000	0.0000	0.0000	0.0000	0.0002	0.0004	0.0000	0.0011	0.0012	0.0000	0.0000	0.0000	0.0000	0.0000	0.0000	-0.0000	2.0026	12.0036	4.0175	21.9053	0.0000	0.0000	0.0000	0.0000	0.0000	0.0000	0.0000	0.0000	0.0000	0.0001	0.0001	0.0000	0.0001	0.0001	0.0000	0.0000	0.0000	0.0000	0.1949	0.1632	0.0317	0.0325	0.0315	0.0009	0.1625	0.1317	0.0308	0.3249	0.1974	0.1274	0.0705	0.0625	0.0080	0.2543	0.1349	0.1194	0.0000	0.0000	0.0000	0.0000	0.0000	0.0000	0.0000	0.0000	0.0000	0.0002	0.0004	0.0000	0.0011	0.0012	0.0000	0.0000	0.0000	0.0000						
34	46	0.5951	12	1	2	0	0	0	0	0	0	N	Y	N	N	N	N	N	N	N	N	N	N	0.0000	0.0000	0.0000	0.0000	0.0000	0.0000	0.0000	0.0000	0.0000	0.0000	0.0000	0.0000	0.0000	0.0000	0.0000	0.0000	0.0000	0.0000	0.0000	0.0000	2.0026	2.0120	4.0175	1.9924	0.0000	0.0000	0.0000	0.0000	0.0000	0.0000	0.0000	0.0000	0.0000	0.0000	0.0000	0.0000	0.0000	0.0000	0.0000	0.0000	0.0000	0.0000	0.0359	0.0313	0.0046	0.0150	0.0137	0.0013	0.0209	0.0176	0.0033	0.0363	0.0240	0.0123	0.0199	0.0164	0.0035	0.0164	0.0075	0.0088	0.0000	0.0000	0.0000	0.0000	0.0000	0.0000	0.0000	0.0000	0.0000	0.0000	0.0000	0.0000	0.0000	0.0000	0.0000	0.0000	0.0000	0.0000											
34	47	0.2183	10	1	2	0	0	0	0	0	0	N	Y	N	N	N	N	N	N	N	N	N	N	0.0000	0.0000	0.0000	0.0000	0.0000	0.0000	0.0000	0.0000	0.0000	0.0000	0.0000	0.0000	0.0000	0.0000	0.0000	0.0000	0.0000	0.0000	0.0000	0.0000	2.0026	0.0002	4.0175	4.0036	0.0000	0.0000	0.0000	0.0000	0.0000	0.0000	0.0000	0.0000	0.0000	0.0000	0.0000	0.0000	0.0000	0.0000	0.0000	0.0000	0.0000	0.0000	0.0000	0.0000	0.0000	0.0000	0.0000	0.0000	0.0000	0.0000	0.0000	0.0402	0.0244	0.0157	0.0111	0.0094	0.0017	0.0291	0.0151	0.0140	0.0000	0.0000	0.0000	0.0000	0.0000	0.0000	0.0000	0.0000	0.0000	0.0000	0.0000	0.0000	0.0000	0.0000	0.0000	0.0000	0.0000	0.0000											
34	48	0.1138	4	0	2	0	1	0	0	0	0	N	Y	N	N	N	N	N	N	N	N	N	N	0.0000	0.0000	0.0000	0.0000	0.0000	0.0000	0.0000	0.0000	0.0000	0.0000	0.0000	0.0000	0.0000	0.0000	0.0000	2.0418	3.3618	0.0000	0.0131	0.0148	0.0000	2.5802	4.8375	0.0000	0.0000	0.0000	-0.4590	2.0026	6.0036	4.0175	51.7820	0.0000	0.0000	0.0000	0.0000	0.0000	0.0000	0.0000	0.0000	0.0000	1.0013	1.0013	0.0000	0.0013	0.0013	0.0000	1.0000	1.0000	0.0000	0.0991	0.0828	0.0164	0.0167	0.0162	0.0005	0.0825	0.0666	0.0159	0.4904	0.2979	0.1926	0.1028	0.0911	0.0117	0.3876	0.2067	0.1809	0.0000	0.0000	0.0000	0.0000	0.0000	0.0000	0.0000	0.0000	0.0000	2.0418	3.3618	0.0000	0.0131	0.0148	0.0000	2.5802	4.8375	0.0000				
34	49	0.1138	4	1	2	0	0	0	0	0	0	N	Y	N	N	N	N	N	N	N	N	N	N	0.0000	0.0000	0.0000	0.0000	0.0000	0.0000	0.0000	0.0000	0.0000	0.0000	0.0000	0.0000	0.0000	0.0000	0.0000	0.0001	0.0000	0.0003	0.0000	0.0000	0.0004	0.0001	0.0000	0.0003	inf	0.0000	0.0000	2.0026	5.9964	4.0175	34.6547	0.0000	0.0000	0.0000	0.0000	0.0000	0.0000	0.0000	0.0000	0.0000	0.0000	0.0000	0.0000	0.0000	0.0000	0.0000	0.0000	0.0000	0.0000	0.0990	0.0827	0.0164	0.0166	0.0162	0.0005	0.0824	0.0665	0.0159	0.3720	0.2260	0.1460	0.0798	0.0707	0.0091	0.2922	0.1553	0.1369	0.0000	0.0000	0.0000	0.0000	0.0000	0.0000	0.0000	0.0000	0.0000	0.0001	0.0000	0.0003	0.0000	0.0000	0.0004	0.0001	0.0000	0.0003				
34	50	0.2033	5	0	1	1	0	0	0	0	0	N	N	N	N	N	N	N	N	N	N	N	N	0.0034	0.0000	104.1386	0.0000	0.0000	0.1172	0.0028	0.0000	100.3125	0.0051	0.0000	0.0340	0.0000	0.0000	0.0000	0.0065	0.0000	0.0357	1.4863	2.2180	0.0003	0.2159	0.2509	0.0002	2.3154	4.2425	0.0004	inf	0.0001	0.0014	-0.4816	2.0026	31.2093	4.0175	46.3939	0.0026	0.0000	0.0026	0.0000	0.0000	0.0000	0.0026	0.0000	0.0026	1.0508	1.0508	0.0001	0.0603	0.0603	0.0000	0.9905	0.9905	0.0001	0.5085	0.4329	0.0756	0.1137	0.1100	0.0037	0.3948	0.3229	0.0719	0.7070	0.4737	0.2333	0.2792	0.2403	0.0389	0.4278	0.2335	0.1943	0.0034	0.0000	104.1386	0.0000	0.0000	0.1172	0.0028	0.0000	100.3125	1.4863	2.2180	0.0003	0.2159	0.2509	0.0002	2.3154	4.2425	0.0004
34	51	0.1506	5	0	2	0	0	0	0	0	0	N	Y	N	N	N	N	N	N	N	N	N	N	0.0000	0.0000	0.0000	0.0000	0.0000	0.0000	0.0000	0.0000	0.0000	0.0000	0.0000	0.0000	0.0000	0.0000	0.0000	0.0000	0.0000	0.0000	0.0007	0.0010	0.0000	0.0014	0.0018	0.0000	0.0000	0.0000	0.0000	0.0025	0.0000	-0.0001	2.0026	4.1516	4.0175	14.5664	0.0000	0.0000	0.0000	0.0000	0.0000	0.0000	0.0000	0.0000	0.0000	0.0002	0.0002	0.0000	0.0002	0.0002	0.0000	0.0000	0.0000	0.0000	0.0775	0.0654	0.0121	0.0173	0.0168	0.0005	0.0601	0.0486	0.0115	0.3421	0.2343	0.1077	0.1637	0.1321	0.0316	0.1783	0.1022	0.0761	0.0000	0.0000	0.0000	0.0000	0.0000	0.0000	0.0000	0.0000	0.0000	0.0007	0.0010	0.0000	0.0014	0.0018	0.0000	0.0000	0.0000	0.0000	
34	52	0.2311	7	1	1	1	0	0	0	0	0	N	N	N	N	N	N	N	N	N	N	N	N	0.0000	0.0000	0.0000	0.0000	0.0000	0.0000	0.0000	0.0000	0.0000	0.0000	0.0000	0.0000	0.0000	0.0000	0.0000	0.0000	0.0000	0.0000	0.0000	0.0000	0.0000	0.0000	0.0000	0.0000	0.0000	0.0000	21.3704	0.0000	0.0000	2.0026	0.0028	4.0175	0.9232	0.0000	0.0000	0.0000	0.0000	0.0000	0.0000	0.0000	0.0000	0.0000	0.0000	0.0000	0.0000	0.0000	0.0000	0.0000	0.0000	0.0000	0.0000	0.0002	0.0002	0.0000	0.0001	0.0001	0.0000	0.0001	0.0001	0.0000	0.0127	0.0088	0.0039	0.0050	0.0044	0.0006	0.0077	0.0043	0.0033	0.0000	0.0000	0.0000	0.0000	0.0000	0.0000	0.0000	0.0000	0.0000	0.0000	0.0000	0.0000	0.0000	0.0000	0.0000	0.0000	0.0000	0.0000		
34	53	0.6104	11	0	2	0	0	0	0	0	0	N	Y	N	N	N	N	N	N	N	N	N	N	0.0000	0.0000	0.0000	0.0000	0.0000	0.0000	0.0000	0.0000	0.0000	0.0000	0.0000	0.0000	0.0000	0.0000	0.0000	0.0000	0.0000	0.0080	0.0116	0.0000	0.0095	0.0112	0.0000	0.0058	0.0125	0.0000	0.0000	0.0000	-0.0013	2.0026	8.5400	4.0175	19.3759	0.0000	0.0000	0.0000	0.0000	0.0000	0.0000	0.0000	0.0000	0.0000	0.0028	0.0028	0.0000	0.0019	0.0019	0.0000	0.0008	0.0008	0.0000	0.1701	0.1460	0.0241	0.0539	0.0521	0.0018	0.1162	0.0939	0.0223	0.3459	0.2385	0.1074	0.2020	0.1711	0.0310	0.1439	0.0674	0.0764	0.0000	0.0000	0.0000	0.0000	0.0000	0.0000	0.0000	0.0000	0.0000	0.0080	0.0116	0.0000	0.0095	0.0112	0.0000	0.0058	0.0125	0.0000		
34	54	0.5474	10	0	1	0	0	0	0	0	0	N	N	N	N	N	N	N	N	N	N	N	N	0.0000	0.0000	0.0000	0.0000	0.0000	0.0000	0.0000	0.0000	0.0000	0.0000	0.0000	0.0000	0.0000	0.0000	0.0000	0.0000	0.0000	0.0000	0.0706	0.1027	0.0014	0.0938	0.1100	0.0000	0.0434	0.0878	0.0019	0.0064	0.0000	-0.0121	2.0026	7.3474	4.0175	24.2346	0.0000	0.0000	0.0000	0.0000	0.0000	0.0000	0.0000	0.0000	0.0000	0.0269	0.0267	0.0002	0.0193	0.0193	0.0000	0.0076	0.0074	0.0002	0.1592	0.1376	0.0215	0.0577	0.0558	0.0020	0.1014	0.0819	0.0196	0.3810	0.2600	0.1210	0.2054	0.1751	0.0303	0.1756	0.0849	0.0907	0.0000	0.0000	0.0000	0.0000	0.0000	0.0000	0.0000	0.0000	0.0000	0.0706	0.1027	0.0014	0.0938	0.1100	0.0000	0.0434	0.0878	0.0019	
34	55	0.5175	9	0	1	0	0	0	0	0	0	N	N	N	N	N	N	N	N	N	N	N	N	0.0000	0.0000	0.0000	0.0000	0.0000	0.0000	0.0000	0.0000	0.0000	0.0000	0.0000	0.0000	0.0000	0.0000	0.0000	0.0000	0.0000	0.0000	0.1993	0.2831	0.0043	0.0424	0.0494	0.0003	0.3927	0.7708	0.0057	0.0065	0.0000	-0.0279	2.0026	3.4216	4.0175	15.9376	0.0000	0.0000	0.0000	0.0000	0.0000	0.0000	0.0000	0.0000	0.0000	0.0617	0.0613	0.0004	0.0072	0.0072	0.0000	0.0545	0.0541	0.0004	0.0850	0.0741	0.0110	0.0354	0.0342	0.0011	0.0497	0.0398	0.0098	0.3097	0.2166	0.0931	0.1710	0.1465	0.0245	0.1387	0.0702	0.0686	0.0000	0.0000	0.0000	0.0000	0.0000	0.0000	0.0000	0.0000	0.0000	0.1993	0.2831	0.0043	0.0424	0.0494	0.0003	0.3927	0.7708	0.0057	
34	56	0.2342	5	0	2	0	0	0	0	0	0	N	Y	N	N	N	N	N	N	N	N	N	N	0.0000	0.0000	0.0000	0.0000	0.0000	0.0000	0.0000	0.0000	0.0000	0.0000	0.0000	0.0000	0.0000	0.0000	0.0000	0.0000	0.0000	3.3771	5.2045	0.0000	0.0254	0.0298	0.0000	6.9024	13.3860	0.0000	0.0000	0.0000	-0.4521	2.0026	0.9891	4.0175	20.6926	0.0000	0.0000	0.0000	0.0000	0.0000	0.0000	0.0000	0.0000	0.0000	0.9863	0.9863	0.0000	0.0038	0.0038	0.0000	0.9825	0.9825	0.0000	0.0180	0.0152	0.0029	0.0046	0.0044	0.0002	0.0135	0.0108	0.0027	0.2921	0.2010	0.0911	0.1497	0.1276	0.0221	0.1423	0.0734	0.0689	0.0000	0.0000	0.0000	0.0000	0.0000	0.0000	0.0000	0.0000	0.0000	3.3771	4.9075	0.0000	0.0254	0.0298	0.0000	6.9024	13.3860	0.0000		
34	57	0.1138	4	0	1	0	0	0	0	0	0	N	N	N	N	N	N	N	N	N	N	N	N	0.0000	0.0000	0.0000	0.0000	0.0000	0.0000	0.0000	0.0000	0.0000	0.0000	0.0000	0.0000	0.0000	0.0000	0.0000	0.0000	0.0000	0.0000	0.0462	0.0747	0.0021	0.0021	0.0023	0.0000	0.0582	0.1074	0.0022	0.0182	0.0000	-0.0081	2.0026	5.0326	4.0175	39.3193	0.0000	0.0000	0.0000	0.0000	0.0000	0.0000	0.0000	0.0000	0.0000	0.0184	0.0181	0.0003	0.0002	0.0002	0.0000	0.0183	0.0179	0.0003	0.0836	0.0697	0.0138	0.0141	0.0137	0.0004	0.0695	0.0561	0.0134	0.3989	0.2423	0.1566	0.0851	0.0754	0.0097	0.3138	0.1669	0.1469	0.0000	0.0000	0.0000	0.0000	0.0000	0.0000	0.0000	0.0000	0.0000	0.0462	0.0747	0.0021	0.0021	0.0023	0.0000	0.0582	0.1074	0.0022	
34	58	0.1138	4	0	2	0	1	0	0	0	0	N	Y	N	N	N	N	N	N	N	N	N	N	0.0000	0.0000	0.0000	0.0000	0.0000	0.0000	0.0000	0.0000	0.0000	0.0000	0.0000	0.0000	0.0000	0.0000	0.0000	0.0000	0.0000	0.0000	0.0000	0.0000	2.0026	5.0036	4.0175	36.7244	0.0000	0.0000	0.0000	0.0000	0.0000	0.0000	0.0000	0.0000	0.0000	0.0000	0.0000	0.0000	0.0000	0.0000	0.0000	0.0000	0.0000	0.0000	0.0831	0.0693	0.0138	0.0140	0.0136	0.0004	0.0691	0.0557	0.0134	0.3799	0.2308	0.1491	0.0814	0.0721	0.0093	0.2985	0.1587	0.1399	0.0000	0.0000	0.0000	0.0000	0.0000	0.0000	0.0000	0.0000	0.0000	0.0000	0.0000	0.0000	0.0000	0.0000	0.0000	0.0000	0.0000	0.0000											
34	59	0.4979	9	0	2	0	1	0	0	0	0	N	Y	N	N	N	N	N	N	N	N	N	N	0.0093	0.0112	0.0000	0.0154	0.0193	0.0000	0.0000	0.0000	0.0000	0.0000	0.0000	0.0000	0.0000	0.0000	0.0000	0.0000	0.0000	0.0006	0.0006	0.0007	0.0010	0.0008	0.0021	0.0000	0.0000	0.0001	0.0000	0.4244	-0.0000	-0.0001	2.0026	10.4254	4.0175	21.2017	0.0000	0.0000	0.0000	0.0000	0.0000	0.0000	0.0000	0.0000	0.0000	0.0003	0.0002	0.0001	0.0003	0.0002	0.0001	0.0000	0.0000	0.0000	0.2267	0.1956	0.0311	0.0834	0.0800	0.0035	0.1433	0.1157	0.0276	0.5172	0.3765	0.1406	0.3051	0.2641	0.0409	0.2121	0.1124	0.0997	0.0093	0.0112	0.0000	0.0154	0.0193	0.0000	0.0000	0.0000	0.0000	0.0006	0.0006	0.0007	0.0010	0.0008	0.0021	0.0000	0.0000	0.0001	
34	60	0.2311	7	1	1	1	0	0	0	0	0	N	N	N	N	N	N	N	N	N	N	N	N	0.0000	0.0000	0.0000	0.0000	0.0000	0.0000	0.0000	0.0000	0.0000	0.0000	0.0000	0.0000	0.0000	0.0000	0.0000	0.0000	0.0000	0.0000	0.0000	0.0000	0.0000	0.0000	0.0000	0.0000	0.0000	0.0000	21.3704	0.0000	0.0000	2.0026	1.9981	4.0175	3.0867	0.0000	0.0000	0.0000	0.0000	0.0000	0.0000	0.0000	0.0000	0.0000	0.0000	0.0000	0.0000	0.0000	0.0000	0.0000	0.0000	0.0000	0.0000	0.0317	0.0271	0.0046	0.0069	0.0063	0.0006	0.0248	0.0208	0.0040	0.0527	0.0338	0.0189	0.0191	0.0160	0.0030	0.0336	0.0177	0.0159	0.0000	0.0000	0.0000	0.0000	0.0000	0.0000	0.0000	0.0000	0.0000	0.0000	0.0000	0.0000	0.0000	0.0000	0.0000	0.0000	0.0000	0.0000		
34	61	0.1877	6	1	1	1	0	0	0	0	0	N	N	N	N	N	N	N	N	N	N	N	N	0.0000	0.0000	0.0000	0.0000	0.0000	0.0000	0.0000	0.0000	0.0000	0.0000	0.0000	0.0000	0.0000	0.0000	0.0000	0.0000	0.0000	0.0000	0.0007	0.0001	0.0017	0.0003	0.0002	0.0011	0.0009	0.0000	0.0018	11.9748	0.0000	0.0001	2.0026	4.0039	4.0175	14.0733	0.0000	0.0000	0.0000	0.0000	0.0000	0.0000	0.0000	0.0000	0.0000	0.0001	0.0000	0.0001	0.0000	0.0000	0.0000	0.0001	0.0000	0.0001	0.0702	0.0586	0.0116	0.0126	0.0122	0.0005	0.0576	0.0465	0.0111	0.1896	0.1205	0.0691	0.0613	0.0526	0.0087	0.1283	0.0679	0.0604	0.0000	0.0000	0.0000	0.0000	0.0000	0.0000	0.0000	0.0000	0.0000	0.0007	0.0001	0.0017	0.0003	0.0002	0.0011	0.0009	0.0000	0.0018	
34	62	0.2071	7	1	1	1	0	0	0	0	0	N	N	N	N	N	N	N	N	N	N	N	N	0.0000	0.0000	0.0000	0.0000	0.0000	0.0000	0.0000	0.0000	0.0000	0.0000	0.0000	0.0000	0.0000	0.0000	0.0000	0.0000	0.0000	0.2238	0.3619	0.0000	0.6406	0.7574	0.0000	0.0000	0.0000	0.0000	0.0000	0.0000	-0.0168	2.0026	0.0060	4.0175	17.2393	0.0000	0.0000	0.0000	0.0000	0.0000	0.0000	0.0000	0.0000	0.0000	0.0366	0.0366	0.0000	0.0366	0.0366	0.0000	0.0000	0.0000	0.0000	0.0004	0.0003	0.0001	0.0002	0.0002	0.0000	0.0002	0.0002	0.0001	0.1636	0.1012	0.0624	0.0572	0.0483	0.0088	0.1064	0.0528	0.0536	0.0000	0.0000	0.0000	0.0000	0.0000	0.0000	0.0000	0.0000	0.0000	0.2238	0.3619	0.0000	0.6406	0.7574	0.0000	0.0000	0.0000	0.0000		
34	63	0.1506	5	0	1	1	0	0	0	0	0	N	N	N	N	N	N	N	N	N	N	N	N	0.0000	0.0000	0.0000	0.0000	0.0000	0.0000	0.0000	0.0000	0.0000	0.0000	0.0000	0.0000	0.0000	0.0000	0.0000	0.0000	0.0000	0.0000	0.0008	0.0011	0.0000	0.0015	0.0018	0.0000	0.0000	0.0000	0.0000	0.0026	0.0000	-0.0001	2.0026	1.0230	4.0175	12.1924	0.0000	0.0000	0.0000	0.0000	0.0000	0.0000	0.0000	0.0000	0.0000	0.0002	0.0002	0.0000	0.0002	0.0002	0.0000	0.0000	0.0000	0.0000	0.0250	0.0214	0.0035	0.0072	0.0071	0.0002	0.0177	0.0144	0.0034	0.3016	0.2106	0.0910	0.1570	0.1256	0.0314	0.1446	0.0850	0.0596	0.0000	0.0000	0.0000	0.0000	0.0000	0.0000	0.0000	0.0000	0.0000	0.0008	0.0011	0.0000	0.0015	0.0018	0.0000	0.0000	0.0000	0.0000	
34	64	0.1138	4	0	1	0	0	0	0	0	0	N	N	N	N	N	N	N	N	N	N	N	N	0.0000	0.0000	0.0000	0.0000	0.0000	0.0000	0.0000	0.0000	0.0000	0.0000	0.0000	0.0000	0.0000	0.0000	0.0000	0.0000	0.0000	0.0000	0.0019	0.0028	0.0005	0.0020	0.0022	0.0000	0.0019	0.0031	0.0005	0.1120	0.0000	-0.0001	2.0026	2.4556	4.0175	12.4191	0.0000	0.0000	0.0000	0.0000	0.0000	0.0000	0.0000	0.0000	0.0000	0.0003	0.0003	0.0000	0.0001	0.0001	0.0000	0.0002	0.0002	0.0000	0.0414	0.0345	0.0069	0.0070	0.0068	0.0002	0.0344	0.0277	0.0067	0.1606	0.0982	0.0625	0.0378	0.0338	0.0039	0.1229	0.0643	0.0586	0.0000	0.0000	0.0000	0.0000	0.0000	0.0000	0.0000	0.0000	0.0000	0.0019	0.0028	0.0005	0.0020	0.0022	0.0000	0.0019	0.0031	0.0005	
34	65	0.2362	6	0	2	0	0	0	0	0	0	N	Y	N	N	N	N	N	N	N	N	N	N	0.0000	0.0000	0.0000	0.0000	0.0000	0.0000	0.0000	0.0000	0.0000	0.0000	0.0000	0.0000	0.0000	0.0000	0.0000	0.0000	0.0000	0.0000	0.7666	1.1151	0.0000	1.7495	2.0149	0.0001	0.0000	0.0000	0.0000	0.0000	0.0000	-0.0556	2.0026	1.7555	4.0175	11.9300	0.0000	0.0000	0.0000	0.0000	0.0000	0.0000	0.0000	0.0000	0.0000	0.1213	0.1213	0.0000	0.1213	0.1213	0.0000	0.0000	0.0000	0.0000	0.0336	0.0286	0.0050	0.0087	0.0085	0.0003	0.0248	0.0202	0.0047	0.1583	0.1088	0.0495	0.0694	0.0602	0.0091	0.0889	0.0486	0.0403	0.0000	0.0000	0.0000	0.0000	0.0000	0.0000	0.0000	0.0000	0.0000	0.7666	1.1151	0.0000	1.7495	2.0149	0.0001	0.0000	0.0000	0.0000	
34	66	0.2152	8	1	2	1	0	0	0	0	0	N	Y	N	N	N	N	N	N	N	N	N	N	0.0000	0.0000	0.0000	0.0000	0.0000	0.0000	0.0000	0.0000	0.0000	0.0000	0.0000	0.0000	0.0000	0.0000	0.0000	0.0000	0.0000	0.0000	0.0000	0.0000	2.0026	0.0000	4.0175	0.0000	0.0000	0.0000	0.0000	0.0000	0.0000	0.0000	0.0000	0.0000	0.0000	0.0000	0.0000	0.0000	0.0000	0.0000	0.0000	0.0000	0.0000	0.0000	0.0000	0.0000	0.0000	0.0000	0.0000	0.0000	0.0000	0.0000	0.0000	0.0000	0.0000	0.0000	0.0000	0.0000	0.0000	0.0000	0.0000	0.0000	0.0000	0.0000	0.0000	0.0000	0.0000	0.0000	0.0000	0.0000	0.0000	0.0000	0.0000	0.0000	0.0000	0.0000	0.0000	0.0000	0.0000	0.0000											
34	67	0.7197	11	1	2	1	0	0	0	0	0	N	Y	N	N	N	N	N	N	N	N	N	N	0.0000	0.0000	0.0000	0.0000	0.0000	0.0000	0.0000	0.0000	0.0000	0.0000	0.0000	0.0000	0.0000	0.0000	0.0000	0.0000	0.0000	0.0000	0.0000	0.0000	2.0026	1.0000	4.0175	3.0000	0.0000	0.0000	0.0000	0.0000	0.0000	0.0000	0.0000	0.0000	0.0000	0.0000	0.0000	0.0000	0.0000	0.0000	0.0000	0.0000	0.0000	0.0000	0.0175	0.0154	0.0021	0.0093	0.0085	0.0008	0.0082	0.0070	0.0013	0.0355	0.0245	0.0110	0.0208	0.0179	0.0029	0.0147	0.0066	0.0081	0.0000	0.0000	0.0000	0.0000	0.0000	0.0000	0.0000	0.0000	0.0000	0.0000	0.0000	0.0000	0.0000	0.0000	0.0000	0.0000	0.0000	0.0000											
34	68	0.2152	8	1	2	1	0	0	0	0	0	N	Y	N	N	N	N	N	N	N	N	N	N	0.0000	0.0000	0.0000	0.0000	0.0000	0.0000	0.0000	0.0000	0.0000	0.0000	0.0000	0.0000	0.0000	0.0000	0.0000	0.0000	0.0000	0.0000	0.0000	0.0000	2.0026	1.0000	4.0175	0.0000	0.0000	0.0000	0.0000	0.0000	0.0000	0.0000	0.0000	0.0000	0.0000	0.0000	0.0000	0.0000	0.0000	0.0000	0.0000	0.0000	0.0000	0.0000	0.0176	0.0147	0.0030	0.0029	0.0028	0.0001	0.0148	0.0119	0.0029	0.0099	0.0060	0.0039	0.0031	0.0026	0.0005	0.0068	0.0034	0.0034	0.0000	0.0000	0.0000	0.0000	0.0000	0.0000	0.0000	0.0000	0.0000	0.0000	0.0000	0.0000	0.0000	0.0000	0.0000	0.0000	0.0000	0.0000											
34	69	0.1987	7	1	2	1	0	0	0	0	0	N	Y	N	N	N	N	N	N	N	N	N	N	0.0000	0.0000	0.0000	0.0000	0.0000	0.0000	0.0000	0.0000	0.0000	0.0000	0.0000	0.0000	0.0000	0.0000	0.0000	0.0000	0.0000	18.7633	0.0103	98.2461	0.0225	0.0251	0.0035	18.3398	0.0000	84.6507	1920.9075	0.0000	0.5408	2.0026	1.0155	4.0175	5.9708	0.0000	0.0000	0.0000	0.0000	0.0000	0.0000	0.0000	0.0000	0.0000	0.9994	0.0005	0.9988	0.0005	0.0005	0.0000	0.9988	0.0000	0.9988	0.0188	0.0157	0.0031	0.0033	0.0032	0.0001	0.0155	0.0125	0.0030	0.0794	0.0506	0.0288	0.0236	0.0207	0.0029	0.0558	0.0299	0.0259	0.0000	0.0000	0.0000	0.0000	0.0000	0.0000	0.0000	0.0000	0.0000	12.5792	0.0103	34.6572	0.0225	0.0251	0.0035	17.8875	0.0000	38.5032		
34	70	0.1940	6	1	1	1	0	0	0	0	0	N	N	N	N	N	N	N	N	N	N	N	N	0.0000	0.0000	0.0000	0.0000	0.0000	0.0000	0.0000	0.0000	0.0000	0.0000	0.0000	0.0000	0.0000	0.0000	0.0000	0.0000	0.0000	0.0000	0.2575	0.3289	0.0963	0.4962	0.5715	0.0000	0.0558	0.0024	0.1198	0.1297	0.0000	-0.0049	2.0026	0.0406	4.0175	2.3361	0.0000	0.0000	0.0000	0.0000	0.0000	0.0000	0.0000	0.0000	0.0000	0.0143	0.0127	0.0016	0.0127	0.0127	0.0000	0.0017	0.0000	0.0016	0.0017	0.0014	0.0002	0.0006	0.0006	0.0000	0.0011	0.0009	0.0002	0.0557	0.0386	0.0171	0.0255	0.0221	0.0034	0.0302	0.0165	0.0137	0.0000	0.0000	0.0000	0.0000	0.0000	0.0000	0.0000	0.0000	0.0000	0.2575	0.3289	0.0963	0.4962	0.5715	0.0000	0.0558	0.0024	0.1198	
34	71	0.7197	11	1	2	1	0	0	0	0	0	N	Y	N	N	N	N	N	N	N	N	N	N	0.0000	0.0000	0.0000	0.0000	0.0000	0.0000	0.0000	0.0000	0.0000	0.0000	0.0000	0.0000	0.0000	0.0000	0.0000	0.0000	0.0000	0.0000	0.0000	0.0000	2.0026	0.0000	4.0175	0.0000	0.0000	0.0000	0.0000	0.0000	0.0000	0.0000	0.0000	0.0000	0.0000	0.0000	0.0000	0.0000	0.0000	0.0000	0.0000	0.0000	0.0000	0.0000	0.0000	0.0000	0.0000	0.0000	0.0000	0.0000	0.0000	0.0000	0.0000	0.0000	0.0000	0.0000	0.0000	0.0000	0.0000	0.0000	0.0000	0.0000	0.0000	0.0000	0.0000	0.0000	0.0000	0.0000	0.0000	0.0000	0.0000	0.0000	0.0000	0.0000	0.0000	0.0000	0.0000	0.0000	0.0000	0.0000											
34	72	0.7016	10	1	2	1	0	0	0	0	0	N	Y	N	N	N	N	N	N	N	N	N	N	0.0000	0.0000	0.0000	0.0000	0.0000	0.0000	0.0000	0.0000	0.0000	0.0000	0.0000	0.0000	0.0000	0.0000	0.0000	0.0000	0.0000	0.0021	0.0030	0.0000	0.0032	0.0039	0.0000	0.0000	0.0000	0.0000	0.0001	-0.0000	-0.0001	2.0026	3.9057	4.0175	1.1104	0.0000	0.0000	0.0000	0.0000	0.0000	0.0000	0.0000	0.0000	0.0000	0.0001	0.0001	0.0000	0.0001	0.0001	0.0000	0.0000	0.0000	0.0000	0.0732	0.0643	0.0089	0.0365	0.0334	0.0031	0.0367	0.0309	0.0057	0.0574	0.0399	0.0176	0.0371	0.0309	0.0062	0.0204	0.0090	0.0113	0.0000	0.0000	0.0000	0.0000	0.0000	0.0000	0.0000	0.0000	0.0000	0.0021	0.0030	0.0000	0.0032	0.0039	0.0000	0.0000	0.0000	0.0000		
34	73	0.4989	8	1	2	0	0	0	0	0	0	N	Y	N	N	N	N	N	N	N	N	N	N	0.0000	0.0000	0.0000	0.0000	0.0000	0.0000	0.0000	0.0000	0.0000	0.0000	0.0000	0.0000	0.0000	0.0000	0.0000	0.0000	0.0000	0.0000	0.3963	0.5831	0.0001	0.0073	0.0085	0.0001	0.8423	1.7634	0.0001	0.0001	0.0000	-0.0493	2.0026	6.9070	4.0175	16.5673	0.0000	0.0000	0.0000	0.0000	0.0000	0.0000	0.0000	0.0000	0.0000	0.1076	0.1076	0.0000	0.0011	0.0011	0.0000	0.1065	0.1065	0.0000	0.1886	0.1683	0.0203	0.0872	0.0817	0.0055	0.1014	0.0866	0.0148	0.2714	0.1845	0.0870	0.1450	0.1241	0.0209	0.1264	0.0604	0.0660	0.0000	0.0000	0.0000	0.0000	0.0000	0.0000	0.0000	0.0000	0.0000	0.3963	0.5831	0.0001	0.0073	0.0085	0.0001	0.8423	1.7634	0.0001	
34	74	0.5627	10	0	2	0	1	0	0	0	0	N	Y	N	N	N	N	N	N	N	N	N	N	0.0038	0.0030	0.0000	0.0515	0.0462	0.0000	0.0000	0.0000	0.0000	0.0000	0.0000	0.0001	0.0001	0.0000	0.0000	0.0000	0.0000	0.0093	0.0137	0.0000	0.0024	0.0028	0.0000	0.0176	0.0381	0.0000	0.0000	0.0000	-0.0000	-0.0011	2.0026	6.4226	4.0175	19.3377	0.0000	0.0000	0.0000	0.0000	0.0000	0.0000	0.0000	0.0000	0.0000	0.0024	0.0024	0.0000	0.0003	0.0003	0.0000	0.0020	0.0020	0.0000	0.1172	0.0991	0.0181	0.0332	0.0320	0.0012	0.0840	0.0671	0.0168	0.2538	0.1726	0.0812	0.1383	0.1193	0.0189	0.1155	0.0532	0.0623	0.0038	0.0030	0.0000	0.0515	0.0462	0.0000	0.0000	0.0000	0.0000	0.0093	0.0137	0.0000	0.0024	0.0028	0.0000	0.0176	0.0381	0.0000	
34	75	0.5175	9	0	1	0	1	0	0	0	0	N	N	N	N	N	N	N	N	N	N	N	N	0.0003	0.0000	0.1742	0.0000	0.0000	0.0000	0.0002	0.0000	0.1451	0.0000	0.0000	0.0002	0.0000	0.0000	0.0000	0.0001	0.0000	0.0002	0.1219	0.1745	0.0012	0.0206	0.0241	0.0001	0.2442	0.4845	0.0016	4.4828	0.0031	0.0000	-0.0185	2.0026	5.1932	4.0175	17.4397	0.0000	0.0000	0.0000	0.0000	0.0000	0.0000	0.0000	0.0000	0.0000	0.0406	0.0405	0.0001	0.0038	0.0038	0.0000	0.0368	0.0367	0.0001	0.1150	0.0995	0.0155	0.0436	0.0422	0.0015	0.0714	0.0573	0.0140	0.3329	0.2318	0.1011	0.1821	0.1560	0.0261	0.1507	0.0757	0.0750	0.0003	0.0000	0.1742	0.0000	0.0000	0.0000	0.0002	0.0000	0.1451	0.1219	0.1745	0.0012	0.0206	0.0241	0.0001	0.2442	0.4845	0.0016
34	76	0.4806	8	0	1	0	0	0	0	0	0	N	N	N	N	N	N	N	N	N	N	N	N	0.0001	0.0001	0.0000	0.0096	0.0086	0.0000	0.0000	0.0000	0.0000	0.0002	0.0002	0.0000	0.0006	0.0006	0.0000	0.0000	0.0000	0.0000	1.5433	2.0906	0.0029	0.0635	0.0732	0.0003	3.8449	7.1550	0.0041	0.0000	0.0005	-0.0000	-0.3069	2.0026	4.4918	4.0175	17.5337	0.0000	0.0000	0.0000	0.0000	0.0000	0.0000	0.0000	0.0000	0.0000	0.6702	0.6699	0.0003	0.0168	0.0168	0.0000	0.6534	0.6531	0.0003	0.0975	0.0835	0.0140	0.0328	0.0317	0.0011	0.0647	0.0518	0.0129	0.4343	0.3204	0.1138	0.2643	0.2291	0.0352	0.1699	0.0913	0.0787	0.0001	0.0001	0.0000	0.0096	0.0086	0.0000	0.0000	0.0000	0.0000	1.5433	2.0906	0.0029	0.0635	0.0732	0.0003	3.8449	7.1550	0.0041
34	77	0.2097	7	0	1	0	1	0	0	0	0	N	N	N	N	N	N	N	N	N	N	N	N	0.0000	0.0000	0.0000	0.0000	0.0000	0.0000	0.0000	0.0000	0.0000	0.0000	0.0000	0.0000	0.0000	0.0000	0.0000	0.0000	0.0000	0.0003	0.0005	0.0000	0.0009	0.0011	0.0000	0.0000	0.0000	0.0000	0.0030	0.0000	-0.0000	2.0026	0.3745	4.0175	14.7996	0.0000	0.0000	0.0000	0.0000	0.0000	0.0000	0.0000	0.0000	0.0000	0.0001	0.0001	0.0000	0.0001	0.0001	0.0000	0.0000	0.0000	0.0000	0.0082	0.0072	0.0011	0.0022	0.0021	0.0000	0.0061	0.0050	0.0010	0.1774	0.1168	0.0606	0.0666	0.0566	0.0100	0.1108	0.0602	0.0506	0.0000	0.0000	0.0000	0.0000	0.0000	0.0000	0.0000	0.0000	0.0000	0.0003	0.0005	0.0000	0.0009	0.0011	0.0000	0.0000	0.0000	0.0000		
34	78	0.1874	6	0	1	0	1	0	0	0	0	N	N	N	N	N	N	N	N	N	N	N	N	0.0000	0.0000	0.0000	0.0000	0.0000	0.0000	0.0000	0.0000	0.0000	0.0000	0.0000	0.0000	0.0000	0.0000	0.0000	0.0000	0.0000	0.0000	0.0006	0.0009	0.0000	0.0006	0.0007	0.0000	0.0006	0.0011	0.0000	0.0021	0.0000	-0.0000	2.0026	1.4595	4.0175	10.3922	0.0000	0.0000	0.0000	0.0000	0.0000	0.0000	0.0000	0.0000	0.0000	0.0001	0.0001	0.0000	0.0000	0.0000	0.0000	0.0001	0.0001	0.0000	0.0273	0.0231	0.0042	0.0055	0.0053	0.0001	0.0218	0.0177	0.0041	0.1581	0.1066	0.0515	0.0621	0.0538	0.0084	0.0959	0.0528	0.0431	0.0000	0.0000	0.0000	0.0000	0.0000	0.0000	0.0000	0.0000	0.0000	0.0006	0.0009	0.0000	0.0006	0.0007	0.0000	0.0006	0.0011	0.0000	
34	79	0.1732	5	0	1	0	1	0	0	0	0	N	N	N	N	N	N	N	N	N	N	N	N	0.0000	0.0000	0.0000	0.0000	0.0000	0.0000	0.0000	0.0000	0.0000	0.0000	0.0000	0.0000	0.0000	0.0000	0.0000	0.0000	0.0000	0.0000	0.0018	0.0026	0.0000	0.0034	0.0039	0.0000	0.0006	0.0010	0.0000	0.0067	0.0000	-0.0001	2.0026	1.3861	4.0175	6.3168	0.0000	0.0000	0.0000	0.0000	0.0000	0.0000	0.0000	0.0000	0.0000	0.0002	0.0002	0.0000	0.0002	0.0002	0.0000	0.0000	0.0000	0.0000	0.0243	0.0203	0.0040	0.0044	0.0043	0.0001	0.0199	0.0161	0.0039	0.1198	0.0818	0.0380	0.0495	0.0432	0.0063	0.0702	0.0386	0.0316	0.0000	0.0000	0.0000	0.0000	0.0000	0.0000	0.0000	0.0000	0.0000	0.0018	0.0026	0.0000	0.0034	0.0039	0.0000	0.0006	0.0010	0.0000	
34	80	0.1138	4	0	1	0	1	0	0	0	0	N	N	N	N	N	N	N	N	N	N	N	N	0.0000	0.0000	0.0000	0.0000	0.0000	0.0000	0.0000	0.0000	0.0000	0.0000	0.0000	0.0000	0.0000	0.0000	0.0000	0.0000	0.0000	0.0000	0.0009	0.0010	0.0007	0.0001	0.0000	0.0006	0.0011	0.0015	0.0007	0.4257	0.0000	-0.0000	2.0026	4.0043	4.0175	19.8631	0.0000	0.0000	0.0000	0.0000	0.0000	0.0000	0.0000	0.0000	0.0000	0.0002	0.0002	0.0001	0.0000	0.0000	0.0000	0.0002	0.0002	0.0001	0.0669	0.0558	0.0111	0.0113	0.0110	0.0003	0.0556	0.0448	0.0108	0.2394	0.1457	0.0937	0.0536	0.0476	0.0059	0.1858	0.0981	0.0878	0.0000	0.0000	0.0000	0.0000	0.0000	0.0000	0.0000	0.0000	0.0000	0.0009	0.0010	0.0007	0.0001	0.0000	0.0006	0.0011	0.0015	0.0007	
34	81	0.6543	10	0	2	1	0	0	0	0	0	N	Y	N	N	N	N	N	N	N	N	N	N	970.4758	760.4272	0.0000	981.9692	930.0575	0.0000	2360.8611	inf	0.0000	0.1367	0.1552	0.0000	0.2381	0.2594	0.0000	0.0011	0.0013	0.0000	0.0001	0.0002	0.0000	0.0002	0.0003	0.0000	0.0000	0.0000	0.0000	0.0000	0.0032	-0.0026	-0.0000	2.0026	2.0162	4.0175	4.5500	0.0060	0.0060	0.0000	0.0060	0.0060	0.0000	0.0000	0.0000	0.0000	0.0000	0.0000	0.0000	0.0000	0.0000	0.0000	0.0000	0.0000	0.0000	0.0439	0.0386	0.0052	0.0251	0.0230	0.0021	0.0188	0.0156	0.0032	0.0712	0.0490	0.0222	0.0413	0.0359	0.0055	0.0299	0.0131	0.0167	970.4758	760.4272	0.0000	981.9692	930.0575	0.0000	2360.8611	inf	0.0000	0.0001	0.0002	0.0000	0.0002	0.0003	0.0000	0.0000	0.0000	0.0000
34	82	0.2218	8	0	2	1	0	0	0	0	0	N	Y	N	N	N	N	N	N	N	N	N	N	0.0000	0.0000	0.0000	0.0000	0.0000	0.0000	0.0000	0.0000	0.0000	0.0000	0.0000	0.0000	0.0000	0.0000	0.0000	0.0000	0.0000	0.0030	0.0048	0.0000	0.0084	0.0099	0.0000	0.0000	0.0000	0.0000	0.0007	0.0000	-0.0001	2.0026	3.0011	4.0175	3.7015	0.0000	0.0000	0.0000	0.0000	0.0000	0.0000	0.0000	0.0000	0.0000	0.0002	0.0002	0.0000	0.0002	0.0002	0.0000	0.0000	0.0000	0.0000	0.0527	0.0440	0.0087	0.0099	0.0095	0.0004	0.0428	0.0344	0.0083	0.0800	0.0505	0.0295	0.0285	0.0242	0.0043	0.0515	0.0263	0.0252	0.0000	0.0000	0.0000	0.0000	0.0000	0.0000	0.0000	0.0000	0.0000	0.0030	0.0048	0.0000	0.0084	0.0099	0.0000	0.0000	0.0000	0.0000		
34	83	0.2103	7	0	2	0	0	0	0	0	0	N	Y	N	N	N	N	N	N	N	N	N	N	0.0000	0.0000	0.0000	0.0000	0.0000	0.0000	0.0000	0.0000	0.0000	0.0000	0.0000	0.0000	0.0000	0.0000	0.0000	0.0000	0.0000	0.0000	0.0843	0.1205	0.0067	0.2066	0.2367	0.0001	0.0042	0.0012	0.0079	0.0257	0.0000	-0.0035	2.0026	2.0032	4.0175	4.2039	0.0000	0.0000	0.0000	0.0000	0.0000	0.0000	0.0000	0.0000	0.0000	0.0080	0.0078	0.0002	0.0078	0.0078	0.0000	0.0002	0.0000	0.0002	0.0359	0.0299	0.0060	0.0069	0.0065	0.0003	0.0290	0.0234	0.0056	0.0953	0.0651	0.0302	0.0377	0.0330	0.0048	0.0576	0.0321	0.0254	0.0000	0.0000	0.0000	0.0000	0.0000	0.0000	0.0000	0.0000	0.0000	0.0843	0.1205	0.0067	0.2066	0.2367	0.0001	0.0042	0.0012	0.0079	
34	84	0.2071	7	1	1	1	0	0	0	0	0	N	N	N	N	N	N	N	N	N	N	N	N	0.0000	0.0000	0.0000	0.0000	0.0000	0.0000	0.0000	0.0000	0.0000	0.0000	0.0000	0.0000	0.0000	0.0000	0.0000	0.0000	0.0000	0.0000	25.8180	48.2307	0.0000	0.0026	0.0030	0.0000	24.7141	48.6035	0.0000	0.0000	0.0000	-0.4416	2.0026	1.0052	4.0175	4.9545	0.0000	0.0000	0.0000	0.0000	0.0000	0.0000	0.0000	0.0000	0.0000	0.9635	0.9635	0.0000	0.0001	0.0001	0.0000	0.9634	0.9634	0.0000	0.0181	0.0151	0.0030	0.0036	0.0034	0.0001	0.0145	0.0117	0.0028	0.0644	0.0401	0.0243	0.0235	0.0203	0.0033	0.0409	0.0198	0.0210	0.0000	0.0000	0.0000	0.0000	0.0000	0.0000	0.0000	0.0000	0.0000	14.9650	24.0379	0.0000	0.0026	0.0030	0.0000	23.5773	48.6035	0.0000	
34	85	0.1877	6	1	1	1	0	0	0	0	0	N	N	N	N	N	N	N	N	N	N	N	N	0.0000	0.0000	0.0000	0.0000	0.0000	0.0000	0.0000	0.0000	0.0000	0.0000	0.0000	0.0000	0.0000	0.0000	0.0000	0.0000	0.0000	0.3488	0.5301	0.0003	0.0005	0.0006	0.0000	0.5309	0.9791	0.0003	0.0003	0.0000	-0.0168	2.0026	0.9968	4.0175	7.6169	0.0000	0.0000	0.0000	0.0000	0.0000	0.0000	0.0000	0.0000	0.0000	0.0366	0.0366	0.0000	0.0000	0.0000	0.0000	0.0366	0.0366	0.0000	0.0178	0.0149	0.0030	0.0033	0.0031	0.0001	0.0146	0.0117	0.0028	0.1050	0.0691	0.0359	0.0361	0.0317	0.0044	0.0690	0.0374	0.0316	0.0000	0.0000	0.0000	0.0000	0.0000	0.0000	0.0000	0.0000	0.0000	0.3488	0.5301	0.0003	0.0005	0.0006	0.0000	0.5309	0.9791	0.0003		
34	86	0.2077	5	1	2	0	0	0	0	0	0	N	Y	N	N	N	N	N	N	N	N	N	N	0.7840	72007.2542	0.3635	0.4738	130.2732	0.0000	0.9205	inf	0.3678	15.9679	9.7822	43.4262	0.0327	0.0333	0.0000	20.7866	13.5624	44.4263	20.3665	0.0001	119.4624	0.0690	0.0003	0.5893	22.5819	0.0000	120.8004	1.0001	136559.4320	0.1178	1.5532	2.0026	5.8060	4.0175	6.1034	1.9995	0.9997	0.9998	0.0009	0.0009	0.0000	1.9986	0.9988	0.9998	2.8678	0.0000	2.8677	0.0064	0.0000	0.0064	2.8613	0.0000	2.8613	0.1252	0.1022	0.0230	0.0291	0.0286	0.0005	0.0961	0.0736	0.0225	0.2198	0.1546	0.0652	0.0931	0.0822	0.0109	0.1267	0.0724	0.0544	1.2239	72007.2542	0.9876	0.4738	130.2732	0.0000	0.9205	inf	0.8440	13.0471	0.0001	43.9714	0.0690	0.0003	0.5893	22.5819	0.0000	52.6377
34	87	0.1138	4	1	2	0	0	0	0	0	0	N	Y	N	N	N	N	N	N	N	N	N	N	0.0168	0.2213	0.0063	0.0000	0.0000	0.0000	0.0157	0.1898	0.0061	0.0072	0.0074	0.0066	0.0000	0.0000	0.0000	0.0087	0.0091	0.0068	0.4313	0.0332	1.0480	0.0012	0.0014	0.0001	0.5507	0.0480	1.1182	0.1736	20.3516	-0.0004	0.0686	2.0026	12.2869	4.0175	21.7146	0.0014	0.0012	0.0002	0.0000	0.0000	0.0000	0.0014	0.0012	0.0002	0.1387	0.0065	0.1322	0.0001	0.0001	0.0000	0.1386	0.0064	0.1322	0.1964	0.1645	0.0320	0.0327	0.0318	0.0009	0.1637	0.1327	0.0310	0.3216	0.1954	0.1261	0.0699	0.0620	0.0079	0.2517	0.1335	0.1182	0.0168	0.2213	0.0063	0.0000	0.0000	0.0000	0.0157	0.1898	0.0061	0.4313	0.0332	1.0480	0.0012	0.0014	0.0001	0.5507	0.0480	1.1182
34	88	0.2103	7	0	2	0	0	0	0	0	0	N	Y	N	N	N	N	N	N	N	N	N	N	0.0000	0.0000	0.0000	0.0000	0.0000	0.0000	0.0000	0.0000	0.0000	0.0000	0.0000	0.0000	0.0000	0.0000	0.0000	0.0000	0.0000	8.2326	0.0001	42.4645	0.0097	0.0002	0.0663	9.7973	0.0000	44.7124	99482.2057	0.0000	0.5377	2.0026	4.0005	4.0175	9.0093	0.0000	0.0000	0.0000	0.0000	0.0000	0.0000	0.0000	0.0000	0.0000	0.9927	0.0000	0.9927	0.0005	0.0000	0.0005	0.9922	0.0000	0.9922	0.0705	0.0588	0.0117	0.0132	0.0126	0.0006	0.0573	0.0462	0.0111	0.1571	0.1024	0.0547	0.0559	0.0479	0.0080	0.1013	0.0546	0.0467	0.0000	0.0000	0.0000	0.0000	0.0000	0.0000	0.0000	0.0000	0.0000	6.3173	0.0001	18.1431	0.0097	0.0002	0.0663	9.7973	0.0000	21.2386		
34	89	0.1877	6	0	2	0	0	0	0	0	0	N	Y	N	N	N	N	N	N	N	N	N	N	0.0000	0.0000	0.0000	0.0000	0.0000	0.0000	0.0000	0.0000	0.0000	0.0000	0.0000	0.0000	0.0000	0.0000	0.0000	0.0000	0.0000	0.0000	0.0658	0.0065	0.1766	0.0002	0.0000	0.0019	0.0993	0.0119	0.2011	14.5199	0.0000	0.0038	2.0026	1.0051	4.0175	9.2650	0.0000	0.0000	0.0000	0.0000	0.0000	0.0000	0.0000	0.0000	0.0000	0.0079	0.0005	0.0074	0.0000	0.0000	0.0000	0.0079	0.0005	0.0074	0.0180	0.0150	0.0030	0.0033	0.0032	0.0001	0.0147	0.0118	0.0029	0.1203	0.0784	0.0419	0.0406	0.0355	0.0052	0.0797	0.0429	0.0368	0.0000	0.0000	0.0000	0.0000	0.0000	0.0000	0.0000	0.0000	0.0000	0.0658	0.0065	0.1766	0.0002	0.0000	0.0019	0.0993	0.0119	0.2011	
34	90	0.2362	6	0	1	1	0	0	0	0	0	N	N	N	N	N	N	N	N	N	N	N	N	0.0000	0.0000	0.0000	0.0000	0.0000	0.0000	0.0000	0.0000	0.0000	0.0000	0.0000	0.0000	0.0000	0.0000	0.0000	0.0000	0.0000	0.0000	9.8797	16.4118	0.0000	0.0134	0.0152	0.0001	13.0956	23.5355	0.0000	0.0000	0.0000	-0.4031	2.0026	2.3559	4.0175	7.1930	0.0000	0.0000	0.0000	0.0000	0.0000	0.0000	0.0000	0.0000	0.0000	0.8795	0.8795	0.0000	0.0007	0.0007	0.0000	0.8788	0.8788	0.0000	0.0438	0.0372	0.0066	0.0111	0.0107	0.0004	0.0327	0.0265	0.0062	0.1212	0.0847	0.0365	0.0539	0.0473	0.0066	0.0673	0.0373	0.0300	0.0000	0.0000	0.0000	0.0000	0.0000	0.0000	0.0000	0.0000	0.0000	7.2572	10.3857	0.0000	0.0134	0.0152	0.0001	13.0598	23.5355	0.0000	
34	91	0.2033	5	0	1	0	0	0	0	0	0	N	N	N	N	N	N	N	N	N	N	N	N	0.0000	0.0000	0.0000	0.0000	0.0000	0.0000	0.0000	0.0000	0.0000	0.0000	0.0000	0.0000	0.0000	0.0000	0.0000	0.0000	0.0000	0.0000	0.5584	0.7716	0.0040	0.4050	0.4549	0.0025	0.7015	1.2359	0.0044	0.0000	0.0020	-0.0000	-0.0802	2.0026	4.9284	4.0175	11.0439	0.0000	0.0000	0.0000	0.0000	0.0000	0.0000	0.0000	0.0000	0.0000	0.1757	0.1754	0.0004	0.0615	0.0615	0.0000	0.1142	0.1139	0.0003	0.1363	0.1174	0.0190	0.0503	0.0492	0.0012	0.0860	0.0682	0.0178	0.3147	0.2273	0.0874	0.1518	0.1351	0.0167	0.1629	0.0922	0.0707	0.0000	0.0000	0.0000	0.0000	0.0000	0.0000	0.0000	0.0000	0.0000	0.5584	0.7716	0.0040	0.4050	0.4549	0.0025	0.7015	1.2359	0.0044
34	92	0.1138	4	0	1	0	0	0	0	0	0	N	N	N	N	N	N	N	N	N	N	N	N	0.0001	0.0000	0.0138	0.0000	0.0000	0.0000	0.0001	0.0000	0.0134	0.0000	0.0000	0.0001	0.0000	0.0000	0.0000	0.0000	0.0000	0.0001	0.2175	0.3541	0.0058	0.0012	0.0013	0.0002	0.2777	0.5184	0.0062	11.3333	0.0106	0.0000	-0.0307	2.0026	3.9161	4.0175	29.2065	0.0000	0.0000	0.0000	0.0000	0.0000	0.0000	0.0000	0.0000	0.0000	0.0684	0.0677	0.0007	0.0001	0.0001	0.0000	0.0684	0.0676	0.0007	0.0654	0.0546	0.0109	0.0110	0.0107	0.0003	0.0544	0.0438	0.0106	0.3147	0.1913	0.1234	0.0685	0.0608	0.0078	0.2462	0.1305	0.1157	0.0001	0.0000	0.0138	0.0000	0.0000	0.0000	0.0001	0.0000	0.0134	0.2175	0.3541	0.0058	0.0012	0.0013	0.0002	0.2777	0.5184	0.0062
34	93	0.6543	10	1	2	0	0	0	0	0	0	N	Y	N	N	N	N	N	N	N	N	N	N	638.4046	498.2296	570.0989	638.6716	603.2816	0.0000	3244.8039	inf	1711.6646	0.0650	0.0737	0.0006	0.1128	0.1230	0.0000	0.0010	0.0011	0.0010	0.0001	0.0001	0.0000	0.0002	0.0002	0.0000	0.0000	0.0000	0.0000	0.0011	0.0032	-0.0015	-0.0000	2.0026	2.5103	4.0175	7.4742	0.0034	0.0034	0.0000	0.0034	0.0034	0.0000	0.0000	0.0000	0.0000	0.0000	0.0000	0.0000	0.0000	0.0000	0.0000	0.0000	0.0000	0.0000	0.0528	0.0465	0.0063	0.0302	0.0277	0.0025	0.0226	0.0188	0.0037	0.0985	0.0676	0.0309	0.0567	0.0490	0.0077	0.0417	0.0186	0.0232	638.4046	498.2296	570.0989	638.6716	603.2816	0.0000	3244.8039	inf	1711.6646	0.0001	0.0001	0.0000	0.0002	0.0002	0.0000	0.0000	0.0000	0.0000
34	94	0.6181	9	0	2	0	0	0	0	0	0	N	Y	N	N	N	N	N	N	N	N	N	N	9614.1182	8263.2187	2.2317	52650.3053	57375.3851	0.0000	894.8728	534.8133	3.5763	1.5604	1.7592	0.0001	2.7149	2.9322	0.0000	0.2892	0.3426	0.0002	0.0002	0.0002	0.0000	0.0001	0.0001	0.0001	0.0003	0.0006	0.0000	0.0000	0.1009	-0.1086	-0.0000	2.0026	7.1305	4.0175	3.2426	0.2462	0.2462	0.0000	0.2245	0.2245	0.0000	0.0217	0.0217	0.0000	0.0000	0.0000	0.0000	0.0000	0.0000	0.0000	0.0000	0.0000	0.0000	0.1578	0.1400	0.0178	0.0827	0.0766	0.0061	0.0751	0.0634	0.0117	0.1090	0.0755	0.0335	0.0646	0.0548	0.0098	0.0444	0.0207	0.0237	9614.1182	8263.2187	2.2317	52650.3053	57375.3851	0.0000	894.8728	534.8133	3.5763	0.0002	0.0002	0.0000	0.0001	0.0001	0.0001	0.0003	0.0006	0.0000
34	95	0.1877	6	1	2	0	0	0	0	0	0	N	Y	N	N	N	N	N	N	N	N	N	N	0.0000	0.0000	0.0000	0.0000	0.0000	0.0000	0.0000	0.0000	0.0000	0.0000	0.0000	0.0000	0.0000	0.0000	0.0000	0.0000	0.0000	0.0004	0.0000	0.0011	0.0001	0.0000	0.0007	0.0005	0.0000	0.0012	120000.0000	0.0000	0.0001	2.0026	8.0000	4.0175	22.5660	0.0000	0.0000	0.0000	0.0000	0.0000	0.0000	0.0000	0.0000	0.0000	0.0001	0.0000	0.0001	0.0000	0.0000	0.0000	0.0001	0.0000	0.0001	0.1374	0.1149	0.0225	0.0245	0.0237	0.0009	0.1129	0.0913	0.0216	0.2919	0.1827	0.1092	0.0915	0.0777	0.0138	0.2004	0.1050	0.0954	0.0000	0.0000	0.0000	0.0000	0.0000	0.0000	0.0000	0.0000	0.0000	0.0004	0.0000	0.0011	0.0001	0.0000	0.0007	0.0005	0.0000	0.0012		
34	96	0.1138	4	0	1	0	0	0	0	0	0	N	N	N	N	N	N	N	N	N	N	N	N	0.0000	0.0000	0.0000	0.0000	0.0000	0.0000	0.0000	0.0000	0.0000	0.0000	0.0000	0.0000	0.0000	0.0048	0.0078	0.0000	0.0218	0.0246	0.0000	0.0000	0.0000	0.0000	0.0000	0.0000	-0.0006	2.0026	11.9964	4.0175	18.8414	0.0000	0.0000	0.0000	0.0000	0.0000	0.0000	0.0000	0.0000	0.0000	0.0014	0.0014	0.0000	0.0014	0.0014	0.0000	0.0000	0.0000	0.0000	0.1921	0.1608	0.0313	0.0320	0.0311	0.0009	0.1601	0.1297	0.0303	0.2966	0.1803	0.1163	0.0650	0.0576	0.0073	0.2317	0.1227	0.1090	0.0000	0.0000	0.0000	0.0000	0.0000	0.0000	0.0000	0.0000	0.0000	0.0048	0.0078	0.0000	0.0218	0.0246	0.0000	0.0000	0.0000	0.0000						
34	98	0.2183	8	1	2	1	0	0	0	0	0	N	Y	N	N	N	N	N	N	N	N	N	N	0.0000	0.0000	0.0000	0.0000	0.0000	0.0000	0.0000	0.0000	0.0000	0.0000	0.0000	0.0000	0.0000	0.0000	0.0000	0.0000	0.0001	0.0000	0.0002	0.0001	0.0000	0.0009	0.0000	0.0000	0.0000	61.1490	0.0000	0.0000	2.0026	0.9502	4.0175	16.1595	0.0000	0.0000	0.0000	0.0000	0.0000	0.0000	0.0000	0.0000	0.0000	0.0000	0.0000	0.0000	0.0000	0.0000	0.0000	0.0000	0.0000	0.0000	0.0194	0.0164	0.0030	0.0049	0.0047	0.0002	0.0145	0.0117	0.0028	0.1667	0.1067	0.0600	0.0675	0.0566	0.0110	0.0991	0.0502	0.0490	0.0000	0.0000	0.0000	0.0000	0.0000	0.0000	0.0000	0.0000	0.0000	0.0001	0.0000	0.0002	0.0001	0.0000	0.0009	0.0000	0.0000	0.0000			
34	99	0.1138	4	0	2	0	0	0	0	0	0	N	Y	N	N	N	N	N	N	N	N	N	N	0.0000	0.0000	0.0000	0.0000	0.0000	0.0000	0.0000	0.0000	0.0000	0.0000	0.0000	0.0000	0.0000	0.0000	0.0000	0.0002	0.0000	0.0004	0.0001	0.0000	0.0006	0.0002	0.0000	0.0004	inf	0.0000	0.0000	2.0026	11.9964	4.0175	15.6499	0.0000	0.0000	0.0000	0.0000	0.0000	0.0000	0.0000	0.0000	0.0000	0.0000	0.0000	0.0000	0.0000	0.0000	0.0000	0.0000	0.0000	0.0000	0.1921	0.1608	0.0313	0.0320	0.0311	0.0009	0.1601	0.1297	0.0303	0.2708	0.1647	0.1061	0.0598	0.0531	0.0067	0.2110	0.1116	0.0994	0.0000	0.0000	0.0000	0.0000	0.0000	0.0000	0.0000	0.0000	0.0000	0.0002	0.0000	0.0004	0.0001	0.0000	0.0006	0.0002	0.0000	0.0004				
34	100	0.2212	9	1	1	1	0	0	0	0	0	N	N	N	N	N	N	N	N	N	N	N	N	0.0000	0.0000	0.0000	0.0000	0.0000	0.0000	0.0000	0.0000	0.0000	0.0000	0.0000	0.0000	0.0000	0.0001	0.0001	0.0000	0.0002	0.0002	0.0000	0.0000	0.0000	0.0000	0.0000	0.0000	-0.0000	2.0026	1.0008	4.0175	13.9255	0.0000	0.0000	0.0000	0.0000	0.0000	0.0000	0.0000	0.0000	0.0000	0.0000	0.0000	0.0000	0.0000	0.0000	0.0000	0.0000	0.0000	0.0000	0.0180	0.0150	0.0029	0.0039	0.0038	0.0002	0.0141	0.0113	0.0028	0.1434	0.0909	0.0524	0.0585	0.0486	0.0099	0.0848	0.0423	0.0425	0.0000	0.0000	0.0000	0.0000	0.0000	0.0000	0.0000	0.0000	0.0000	0.0001	0.0001	0.0000	0.0002	0.0002	0.0000	0.0000	0.0000	0.0000						
34	101	0.2183	8	1	1	1	0	0	0	0	0	N	N	N	N	N	N	N	N	N	N	N	N	0.0000	0.0000	0.0000	0.0000	0.0000	0.0000	0.0000	0.0000	0.0000	0.0000	0.0000	0.0000	0.0000	0.0000	0.0000	0.0000	0.0000	0.0003	0.0004	0.0000	0.0000	0.0000	0.0000	0.0005	0.0010	0.0000	0.0091	0.0000	-0.0000	2.0026	0.0532	4.0175	2.0467	0.0000	0.0000	0.0000	0.0000	0.0000	0.0000	0.0000	0.0000	0.0000	0.0000	0.0000	0.0000	0.0000	0.0000	0.0000	0.0000	0.0000	0.0000	0.0033	0.0030	0.0004	0.0014	0.0014	0.0000	0.0019	0.0016	0.0003	0.0397	0.0275	0.0122	0.0204	0.0176	0.0028	0.0193	0.0099	0.0094	0.0000	0.0000	0.0000	0.0000	0.0000	0.0000	0.0000	0.0000	0.0000	0.0003	0.0004	0.0000	0.0000	0.0000	0.0000	0.0005	0.0010	0.0000		
34	102	0.2086	7	1	1	1	0	0	0	0	0	N	N	N	N	N	N	N	N	N	N	N	N	0.0000	0.0000	0.0000	0.0000	0.0000	0.0000	0.0000	0.0000	0.0000	0.0000	0.0000	0.0000	0.0000	0.0000	0.0000	0.0000	0.0000	0.0003	0.0004	0.0000	0.0007	0.0008	0.0001	0.0000	0.0000	0.0000	0.0261	0.0000	-0.0000	2.0026	2.0948	4.0175	3.0326	0.0000	0.0000	0.0000	0.0000	0.0000	0.0000	0.0000	0.0000	0.0000	0.0000	0.0000	0.0000	0.0000	0.0000	0.0000	0.0000	0.0000	0.0000	0.0397	0.0334	0.0063	0.0092	0.0089	0.0003	0.0305	0.0245	0.0059	0.0682	0.0461	0.0221	0.0298	0.0255	0.0043	0.0384	0.0206	0.0177	0.0000	0.0000	0.0000	0.0000	0.0000	0.0000	0.0000	0.0000	0.0000	0.0003	0.0004	0.0000	0.0007	0.0008	0.0001	0.0000	0.0000	0.0000		
34	103	0.1877	6	1	1	1	0	0	0	0	0	N	N	N	N	N	N	N	N	N	N	N	N	0.0000	0.0000	0.0000	0.0000	0.0000	0.0000	0.0000	0.0000	0.0000	0.0000	0.0000	0.0000	0.0000	0.0000	0.0000	0.0000	0.0000	0.0001	0.0001	0.0000	0.0000	0.0000	0.0001	0.0001	0.0003	0.0000	0.0568	0.0000	-0.0000	2.0026	3.9484	4.0175	4.8420	0.0000	0.0000	0.0000	0.0000	0.0000	0.0000	0.0000	0.0000	0.0000	0.0000	0.0000	0.0000	0.0000	0.0000	0.0000	0.0000	0.0000	0.0000	0.0693	0.0578	0.0114	0.0124	0.0120	0.0004	0.0568	0.0458	0.0110	0.1067	0.0701	0.0366	0.0365	0.0321	0.0044	0.0701	0.0380	0.0321	0.0000	0.0000	0.0000	0.0000	0.0000	0.0000	0.0000	0.0000	0.0000	0.0001	0.0001	0.0000	0.0000	0.0000	0.0001	0.0001	0.0003	0.0000		
34	104	0.0815	3	0	2	0	0	0	0	0	0	N	Y	N	N	N	N	N	N	N	N	N	N	0.0187	0.0135	0.0000	0.0247	0.0232	0.0000	0.0000	0.0000	0.0001	0.0001	0.0000	0.0005	0.0005	0.0000	0.0000	0.0000	0.0000	0.0051	0.0086	0.0000	0.0211	0.0227	0.0000	0.0000	0.0000	0.0000	0.0000	0.0002	-0.0000	-0.0012	2.0026	8.9557	4.0175	32.3127	0.0000	0.0000	0.0000	0.0000	0.0000	0.0000	0.0000	0.0000	0.0000	0.0025	0.0025	0.0000	0.0025	0.0025	0.0000	0.0000	0.0000	0.0000	0.1827	0.1509	0.0318	0.0335	0.0332	0.0003	0.1492	0.1177	0.0315	0.4978	0.2951	0.2026	0.1204	0.1116	0.0087	0.3774	0.1835	0.1939	0.0187	0.0135	0.0000	0.0247	0.0232	0.0000	0.0000	0.0000	0.0000	0.0051	0.0086	0.0000	0.0211	0.0227	0.0000	0.0000	0.0000	0.0000	
34	105	0.0560	2	0	1	1	0	0	0	0	0	N	N	N	N	N	N	N	N	N	N	N	N	5.0978	5.0753	0.0000	7.1657	7.1020	0.0000	0.0000	0.0000	0.0117	0.0187	0.0000	0.0320	0.0320	0.0000	0.0000	0.0000	0.0000	0.0023	0.0037	0.0007	0.0045	0.0045	0.0000	0.0006	0.0000	0.0008	0.0000	0.1821	-0.0011	-0.0005	2.0026	4.2679	4.0175	7.8415	0.0026	0.0026	0.0000	0.0026	0.0026	0.0000	0.0000	0.0000	0.0000	0.0017	0.0014	0.0003	0.0014	0.0014	0.0000	0.0003	0.0000	0.0003	0.2194	0.1374	0.0820	0.0801	0.0801	0.0000	0.1393	0.0573	0.0820	0.7263	0.3830	0.3432	0.3153	0.3123	0.0029	0.4110	0.0707	0.3403	5.0978	5.0753	0.0000	7.1657	7.1020	0.0000	0.0000	0.0000	0.0000	0.0023	0.0037	0.0007	0.0045	0.0045	0.0000	0.0006	0.0000	0.0008	
34	108	0.1350	6	0	2	0	0	0	0	0	0	N	Y	N	N	N	N	N	N	N	N	N	N	0.0000	0.0000	0.0000	0.0000	0.0000	0.0000	0.0000	0.0000	0.0000	0.0000	0.0000	0.0000	0.0000	0.0000	0.0000	0.0000	0.0000	0.0000	2.3295	3.6045	0.0000	0.0011	0.0013	0.0000	3.6134	6.4913	0.0000	0.0000	0.0000	-0.3981	2.0026	8.0392	4.0175	22.6195	0.0000	0.0000	0.0000	0.0000	0.0000	0.0000	0.0000	0.0000	0.0000	0.8686	0.8685	0.0000	0.0001	0.0001	0.0000	0.8684	0.8684	0.0000	0.1417	0.1179	0.0238	0.0271	0.0263	0.0008	0.1145	0.0916	0.0230	0.3729	0.2410	0.1319	0.1325	0.1072	0.0253	0.2403	0.1338	0.1066	0.0000	0.0000	0.0000	0.0000	0.0000	0.0000	0.0000	0.0000	0.0000	2.3295	3.6045	0.0000	0.0011	0.0013	0.0000	3.6134	6.4913	0.0000	
34	109	0.1350	5	0	1	0	0	0	0	0	0	N	N	N	N	N	N	N	N	N	N	N	N	0.0000	0.0000	0.0000	0.0000	0.0000	0.0000	0.0000	0.0000	0.0000	0.0000	0.0000	0.0000	0.0000	0.0000	0.0000	0.0000	0.0000	0.0000	1.6024	2.1893	0.0006	1.2473	1.6596	0.0001	2.2402	3.2159	0.0013	0.0001	0.0000	-0.1048	2.0026	0.2031	4.0175	2.0398	0.0000	0.0000	0.0000	0.0000	0.0000	0.0000	0.0000	0.0000	0.0000	0.2287	0.2287	0.0000	0.1144	0.1144	0.0000	0.1144	0.1143	0.0000	0.0104	0.0077	0.0027	0.0041	0.0040	0.0000	0.0063	0.0037	0.0026	0.1427	0.1045	0.0383	0.0917	0.0689	0.0228	0.0511	0.0356	0.0155	0.0000	0.0000	0.0000	0.0000	0.0000	0.0000	0.0000	0.0000	0.0000	1.6024	2.1893	0.0006	1.2473	1.6596	0.0001	2.2402	3.2159	0.0013	
34	110	0.7155	11	1	1	1	0	0	0	0	0	N	N	N	N	N	N	N	N	N	N	N	N	0.0000	0.0000	0.0000	0.0000	0.0000	0.0000	0.0000	0.0000	0.0000	0.0000	0.0000	0.0000	0.0000	0.0000	0.0000	0.0000	0.0000	0.0000	0.0000	0.0000	2.0026	0.0001	4.0175	0.0001	0.0000	0.0000	0.0000	0.0000	0.0000	0.0000	0.0000	0.0000	0.0000	0.0000	0.0000	0.0000	0.0000	0.0000	0.0000	0.0000	0.0000	0.0000	0.0014	0.0011	0.0003	0.0007	0.0007	0.0000	0.0007	0.0004	0.0003	0.0000	0.0000	0.0000	0.0000	0.0000	0.0000	0.0000	0.0000	0.0000	0.0000	0.0000	0.0000	0.0000	0.0000	0.0000	0.0000	0.0000	0.0000	0.0000	0.0000	0.0000	0.0000	0.0000	0.0000	0.0000	0.0000	0.0000											
34	111	0.7016	10	1	1	1	0	0	0	0	0	N	N	N	N	N	N	N	N	N	N	N	N	0.0000	0.0000	0.0000	0.0000	0.0000	0.0000	0.0000	0.0000	0.0000	0.0000	0.0000	0.0000	0.0000	0.0000	0.0000	0.0000	0.0000	0.0000	0.0100	0.0120	0.0055	0.0034	0.0041	0.0000	0.0223	0.0395	0.0086	0.2001	-0.0000	-0.0002	2.0026	1.6718	4.0175	2.9223	0.0000	0.0000	0.0000	0.0000	0.0000	0.0000	0.0000	0.0000	0.0000	0.0005	0.0004	0.0001	0.0001	0.0001	0.0000	0.0004	0.0003	0.0001	0.0350	0.0308	0.0042	0.0175	0.0162	0.0014	0.0174	0.0146	0.0028	0.0539	0.0375	0.0164	0.0350	0.0291	0.0059	0.0189	0.0084	0.0105	0.0000	0.0000	0.0000	0.0000	0.0000	0.0000	0.0000	0.0000	0.0000	0.0100	0.0120	0.0055	0.0034	0.0041	0.0000	0.0223	0.0395	0.0086	
34	112	0.6181	9	1	1	1	0	0	0	0	0	N	N	N	N	N	N	N	N	N	N	N	N	0.0075	0.0050	0.1870	0.0078	0.0072	0.0000	0.0102	0.0000	0.2111	0.0000	0.0000	0.0001	0.0001	0.0001	0.0000	0.0000	0.0000	0.0001	0.0060	0.0086	0.0003	0.0094	0.0110	0.0000	0.0015	0.0026	0.0005	0.1928	0.0179	-0.0000	-0.0005	2.0026	14.0283	4.0175	7.1084	0.0000	0.0000	0.0000	0.0000	0.0000	0.0000	0.0000	0.0000	0.0000	0.0011	0.0011	0.0000	0.0010	0.0010	0.0000	0.0001	0.0001	0.0000	0.2646	0.2340	0.0306	0.1359	0.1250	0.0108	0.1287	0.1090	0.0198	0.1898	0.1304	0.0594	0.1085	0.0924	0.0161	0.0813	0.0380	0.0433	0.0075	0.0050	0.1870	0.0078	0.0072	0.0000	0.0102	0.0000	0.2111	0.0060	0.0086	0.0003	0.0094	0.0110	0.0000	0.0015	0.0026	0.0005
34	113	0.5578	8	0	1	0	0	0	0	0	0	N	N	N	N	N	N	N	N	N	N	N	N	6.9580	11.8252	0.1199	0.1385	0.1863	0.0009	6.9267	9.7533	0.1379	5.1524	5.7862	0.1599	0.0316	0.0338	0.0005	9.5056	11.1527	0.2210	0.7405	0.4893	1.3335	0.2280	0.1817	0.5254	1.3723	1.1435	1.6027	0.0035	1.1544	-0.4291	0.0107	2.0026	8.6129	4.0175	5.1709	0.9806	0.9771	0.0034	0.0028	0.0028	0.0000	0.9778	0.9744	0.0034	0.1385	0.0643	0.0742	0.0235	0.0162	0.0073	0.1149	0.0480	0.0669	0.1903	0.1689	0.0214	0.0874	0.0815	0.0059	0.1029	0.0874	0.0155	0.1870	0.1314	0.0556	0.1033	0.0893	0.0139	0.0838	0.0420	0.0417	6.9580	11.8252	0.1199	0.1385	0.1863	0.0009	6.9267	9.7533	0.1379	0.7405	0.4893	1.3335	0.2280	0.1817	0.5254	1.3723	1.1435	1.6027
34	114	0.4627	7	0	1	0	0	0	0	0	0	N	N	N	N	N	N	N	N	N	N	N	N	0.0122	0.0094	0.0363	0.0001	0.0001	0.0000	0.0454	0.0273	0.0561	0.0103	0.0115	0.0023	0.0001	0.0001	0.0000	0.0177	0.0203	0.0033	0.8421	1.2256	0.0637	1.2749	1.4870	0.0768	0.3899	0.7445	0.0597	0.0298	0.0256	-0.0013	-0.1465	2.0026	16.8607	4.0175	22.7724	0.0031	0.0030	0.0001	0.0000	0.0000	0.0000	0.0031	0.0030	0.0001	0.3379	0.3295	0.0084	0.2614	0.2590	0.0024	0.0765	0.0705	0.0061	0.3019	0.2630	0.0389	0.1268	0.1148	0.0120	0.1751	0.1483	0.0269	0.4013	0.2688	0.1324	0.2050	0.1742	0.0308	0.1963	0.0946	0.1016	0.0122	0.0094	0.0363	0.0001	0.0001	0.0000	0.0454	0.0273	0.0561	0.8421	1.2256	0.0637	1.2749	1.4870	0.0768	0.3899	0.7445	0.0597
34	115	0.1940	6	1	1	1	0	0	0	0	0	N	N	N	N	N	N	N	N	N	N	N	N	0.0000	0.0000	0.0000	0.0000	0.0000	0.0000	0.0000	0.0000	0.0000	0.0000	0.0000	0.0000	0.0000	0.0000	0.0000	0.0000	0.0000	37.2172	0.0009	210.7951	0.0113	0.0018	0.0723	40.4152	0.0000	226.4963	39754.2539	0.0000	1.0766	2.0026	1.0009	4.0175	4.0038	0.0000	0.0000	0.0000	0.0000	0.0000	0.0000	0.0000	0.0000	0.0000	1.9878	0.0001	1.9878	0.0004	0.0001	0.0003	1.9875	0.0000	1.9875	0.0186	0.0155	0.0031	0.0033	0.0032	0.0001	0.0153	0.0123	0.0030	0.0810	0.0537	0.0273	0.0318	0.0275	0.0043	0.0492	0.0262	0.0230	0.0000	0.0000	0.0000	0.0000	0.0000	0.0000	0.0000	0.0000	0.0000	24.5469	0.0009	72.8184	0.0113	0.0018	0.0723	40.4152	0.0000	86.3633		
34	116	0.1657	5	1	1	1	0	0	0	0	0	N	N	N	N	N	N	N	N	N	N	N	N	0.0000	0.0000	0.0000	0.0000	0.0000	0.0000	0.0000	0.0000	0.0000	0.0000	0.0000	0.0000	0.0000	0.0000	0.0000	0.0000	0.0000	0.0000	0.0920	0.0108	0.2291	0.0129	0.0151	0.0002	0.1261	0.0079	0.2593	12.5248	0.0000	0.0062	2.0026	1.8441	4.0175	10.4794	0.0000	0.0000	0.0000	0.0000	0.0000	0.0000	0.0000	0.0000	0.0000	0.0132	0.0010	0.0122	0.0006	0.0006	0.0000	0.0127	0.0004	0.0122	0.0403	0.0338	0.0064	0.0098	0.0095	0.0003	0.0305	0.0244	0.0061	0.1436	0.0902	0.0534	0.0432	0.0370	0.0062	0.1004	0.0532	0.0472	0.0000	0.0000	0.0000	0.0000	0.0000	0.0000	0.0000	0.0000	0.0000	0.0920	0.0108	0.2291	0.0129	0.0151	0.0002	0.1261	0.0079	0.2593	
34	117	0.3500	5	0	2	0	1	0	0	0	0	N	Y	N	N	N	N	N	N	N	N	N	N	0.0014	0.0011	0.0000	0.0022	0.0020	0.0000	0.0000	0.0000	0.0000	0.0001	0.0002	0.0000	0.0004	0.0004	0.0000	0.0000	0.0000	0.0000	0.0960	0.1402	0.0000	0.1914	0.2196	0.0000	0.0000	0.0000	0.0000	0.0000	0.0000	-0.0000	-0.0197	2.0026	10.5071	4.0175	20.2622	0.0000	0.0000	0.0000	0.0000	0.0000	0.0000	0.0000	0.0000	0.0000	0.0429	0.0429	0.0000	0.0429	0.0429	0.0000	0.0000	0.0000	0.0000	0.2252	0.1918	0.0334	0.0721	0.0696	0.0025	0.1531	0.1222	0.0310	0.4468	0.3059	0.1409	0.2242	0.1953	0.0288	0.2226	0.1106	0.1120	0.0014	0.0011	0.0000	0.0022	0.0020	0.0000	0.0000	0.0000	0.0000	0.0960	0.1402	0.0000	0.1914	0.2196	0.0000	0.0000	0.0000	0.0000
34	118	0.1138	4	0	2	0	1	0	0	0	0	N	Y	N	N	N	N	N	N	N	N	N	N	0.0000	0.0000	0.0000	0.0000	0.0000	0.0000	0.0000	0.0000	0.0000	0.0000	0.0000	0.0000	0.0000	0.0000	0.0000	0.0000	0.0000	0.0047	0.0075	0.0004	0.0209	0.0235	0.0005	0.0002	0.0000	0.0004	0.0333	0.0000	-0.0006	2.0026	4.0036	4.0175	26.5072	0.0000	0.0000	0.0000	0.0000	0.0000	0.0000	0.0000	0.0000	0.0000	0.0014	0.0013	0.0000	0.0013	0.0013	0.0000	0.0000	0.0000	0.0000	0.0667	0.0556	0.0111	0.0113	0.0109	0.0003	0.0555	0.0447	0.0108	0.2935	0.1784	0.1151	0.0643	0.0571	0.0073	0.2292	0.1214	0.1078	0.0000	0.0000	0.0000	0.0000	0.0000	0.0000	0.0000	0.0000	0.0000	0.0047	0.0075	0.0004	0.0209	0.0235	0.0005	0.0002	0.0000	0.0004		
34	119	0.1522	5	0	2	0	0	0	0	0	0	N	Y	N	N	N	N	N	N	N	N	N	N	0.0000	0.0000	0.0000	0.0000	0.0000	0.0000	0.0000	0.0000	0.0000	0.0000	0.0000	0.0000	0.0000	0.0000	0.0000	0.0000	0.0000	0.0000	0.0006	0.0009	0.0000	0.0020	0.0023	0.0000	0.0000	0.0000	0.0000	0.0033	0.0000	-0.0001	2.0026	3.8169	4.0175	21.2433	0.0000	0.0000	0.0000	0.0000	0.0000	0.0000	0.0000	0.0000	0.0000	0.0002	0.0002	0.0000	0.0002	0.0002	0.0000	0.0000	0.0000	0.0000	0.0878	0.0739	0.0139	0.0272	0.0250	0.0022	0.0606	0.0489	0.0117	0.2738	0.1721	0.1017	0.0755	0.0657	0.0098	0.1983	0.1064	0.0918	0.0000	0.0000	0.0000	0.0000	0.0000	0.0000	0.0000	0.0000	0.0000	0.0006	0.0009	0.0000	0.0020	0.0023	0.0000	0.0000	0.0000	0.0000	
34	120	0.4979	9	0	2	0	0	0	0	0	0	N	Y	N	N	N	N	N	N	N	N	N	N	0.0204	0.0029	257275.7104	0.0057	0.0051	inf	26626.3288	0.0000	217297.7674	0.0098	0.0019	0.0580	0.0049	0.0051	0.0000	0.0123	0.0000	0.0647	0.4786	0.6764	0.0000	0.8633	0.9999	0.0000	0.0000	0.0000	0.0000	4.8467	0.0000	0.0012	-0.1357	2.0026	16.3276	4.0175	34.9199	0.0031	0.0005	0.0026	0.0005	0.0005	0.0000	0.0026	0.0000	0.0026	0.2961	0.2961	0.0000	0.2961	0.2961	0.0000	0.0000	0.0000	0.0000	0.3166	0.2724	0.0443	0.1084	0.1038	0.0046	0.2082	0.1685	0.0397	0.6186	0.4377	0.1809	0.3430	0.2961	0.0469	0.2756	0.1416	0.1340	0.0204	0.0029	257275.7104	0.0057	0.0051	inf	26626.3288	0.0000	217297.7674	0.4786	0.6764	0.0000	0.8633	0.9999	0.0000	0.0000	0.0000	0.0000
34	121	0.4806	8	0	2	0	0	0	0	0	0	N	Y	N	N	N	N	N	N	N	N	N	N	0.0043	0.0037	0.0022	0.0005	0.0005	0.0000	0.0051	0.0035	0.0017	0.0044	0.0051	0.0001	0.0005	0.0005	0.0000	0.0062	0.0078	0.0001	1.0265	1.3762	0.0294	0.8987	1.0357	0.0037	1.2286	2.2425	0.0412	0.0022	0.0075	-0.0002	-0.1973	2.0026	6.1757	4.0175	14.5601	0.0006	0.0006	0.0000	0.0000	0.0000	0.0000	0.0005	0.0005	0.0000	0.4374	0.4342	0.0033	0.2346	0.2345	0.0001	0.2028	0.1997	0.0031	0.1259	0.1076	0.0183	0.0407	0.0392	0.0015	0.0852	0.0683	0.0169	0.4262	0.3155	0.1107	0.2611	0.2264	0.0347	0.1651	0.0890	0.0760	0.0043	0.0037	0.0022	0.0005	0.0005	0.0000	0.0051	0.0035	0.0017	1.0265	1.3762	0.0294	0.8987	1.0357	0.0037	1.2286	2.2425	0.0412
34	122	0.4276	7	0	1	0	0	0	0	0	0	N	N	N	N	N	N	N	N	N	N	N	N	0.0013	0.0011	0.0000	0.0042	0.0038	0.0000	0.0002	0.0001	0.0000	0.0014	0.0017	0.0000	0.0039	0.0040	0.0000	0.0002	0.0002	0.0000	1.0682	1.5130	0.0197	0.9127	1.0491	0.0015	1.2344	2.3381	0.0250	0.0000	0.0055	-0.0001	-0.2039	2.0026	7.5400	4.0175	21.4192	0.0002	0.0002	0.0000	0.0002	0.0002	0.0000	0.0000	0.0000	0.0000	0.4503	0.4478	0.0025	0.1988	0.1988	0.0000	0.2515	0.2491	0.0024	0.1599	0.1370	0.0229	0.0545	0.0522	0.0023	0.1054	0.0848	0.0206	0.4216	0.2960	0.1256	0.2178	0.1895	0.0284	0.2037	0.1065	0.0972	0.0013	0.0011	0.0000	0.0042	0.0038	0.0000	0.0002	0.0001	0.0000	1.0682	1.5130	0.0197	0.9127	1.0491	0.0015	1.2344	2.3381	0.0250
34	123	0.1877	6	0	2	0	0	0	0	0	0	N	Y	N	N	N	N	N	N	N	N	N	N	0.0000	0.0000	0.0000	0.0000	0.0000	0.0000	0.0000	0.0000	0.0000	0.0000	0.0000	0.0000	0.0000	0.0000	0.0000	0.0000	0.0000	0.0000	0.0000	0.0000	0.0000	0.0000	0.0000	0.0000	-0.0000	2.0026	4.0019	4.0175	19.5615	0.0000	0.0000	0.0000	0.0000	0.0000	0.0000	0.0000	0.0000	0.0000	0.0000	0.0000	0.0000	0.0000	0.0000	0.0000	0.0000	0.0000	0.0000	0.0702	0.0586	0.0116	0.0126	0.0122	0.0005	0.0576	0.0464	0.0111	0.2358	0.1486	0.0872	0.0750	0.0640	0.0110	0.1608	0.0846	0.0762	0.0000	0.0000	0.0000	0.0000	0.0000	0.0000	0.0000	0.0000	0.0000	0.0000	0.0000	0.0000	0.0000	0.0000	0.0000	0.0000	0.0000	0.0000						
34	124	0.1657	5	0	1	0	0	0	0	0	0	N	N	N	N	N	N	N	N	N	N	N	N	0.0000	0.0000	0.0000	0.0000	0.0000	0.0000	0.0000	0.0000	0.0000	0.0000	0.0000	0.0000	0.0000	0.0000	0.0000	0.0000	0.0000	0.0000	0.0049	0.0076	0.0000	0.0152	0.0178	0.0000	0.0000	0.0000	0.0000	0.0006	0.0000	-0.0003	2.0026	1.2223	4.0175	8.2281	0.0000	0.0000	0.0000	0.0000	0.0000	0.0000	0.0000	0.0000	0.0000	0.0006	0.0006	0.0000	0.0006	0.0006	0.0000	0.0000	0.0000	0.0000	0.0294	0.0248	0.0046	0.0079	0.0077	0.0002	0.0215	0.0171	0.0044	0.1176	0.0747	0.0429	0.0374	0.0320	0.0055	0.0801	0.0427	0.0374	0.0000	0.0000	0.0000	0.0000	0.0000	0.0000	0.0000	0.0000	0.0000	0.0049	0.0076	0.0000	0.0152	0.0178	0.0000	0.0000	0.0000	0.0000	
34	125	0.1138	4	0	1	0	0	0	0	0	0	N	N	N	N	N	N	N	N	N	N	N	N	0.0000	0.0000	0.0000	0.0000	0.0000	0.0000	0.0000	0.0000	0.0000	0.0000	0.0000	0.0000	0.0000	0.0000	0.0000	0.0000	0.0000	0.0000	0.0033	0.0018	0.0056	0.0017	0.0019	0.0000	0.0038	0.0018	0.0060	1.9491	0.0000	0.0001	2.0026	5.9920	4.0175	12.2976	0.0000	0.0000	0.0000	0.0000	0.0000	0.0000	0.0000	0.0000	0.0000	0.0006	0.0002	0.0004	0.0001	0.0001	0.0000	0.0006	0.0001	0.0004	0.0990	0.0826	0.0163	0.0166	0.0161	0.0005	0.0823	0.0665	0.0159	0.1912	0.1166	0.0746	0.0439	0.0392	0.0047	0.1473	0.0774	0.0699	0.0000	0.0000	0.0000	0.0000	0.0000	0.0000	0.0000	0.0000	0.0000	0.0033	0.0018	0.0056	0.0017	0.0019	0.0000	0.0038	0.0018	0.0060	
34	126	0.1509	6	0	2	0	0	0	0	0	0	N	Y	N	N	N	N	N	N	N	N	N	N	0.0000	0.0000	0.0000	0.0000	0.0000	0.0000	0.0000	0.0000	0.0000	0.0000	0.0000	0.0000	0.0000	0.0000	0.0000	0.0000	0.0000	0.4531	0.6930	0.0000	1.1303	1.4269	0.0000	0.0000	0.0000	0.0000	0.0000	0.0000	-0.0636	2.0026	5.0407	4.0175	17.1705	0.0000	0.0000	0.0000	0.0000	0.0000	0.0000	0.0000	0.0000	0.0000	0.1387	0.1387	0.0000	0.1387	0.1387	0.0000	0.0000	0.0000	0.0000	0.1069	0.0838	0.0231	0.0249	0.0244	0.0005	0.0820	0.0594	0.0226	0.3062	0.2002	0.1060	0.1228	0.0972	0.0255	0.1834	0.1030	0.0805	0.0000	0.0000	0.0000	0.0000	0.0000	0.0000	0.0000	0.0000	0.0000	0.4531	0.6930	0.0000	1.1303	1.4269	0.0000	0.0000	0.0000	0.0000		
34	127	0.1350	5	0	2	0	0	0	0	0	0	N	Y	N	N	N	N	N	N	N	N	N	N	0.0000	0.0000	0.0000	0.0000	0.0000	0.0000	0.0000	0.0000	0.0000	0.0000	0.0000	0.0000	0.0000	0.0000	0.0000	0.0000	0.0000	0.0000	1.1995	1.7272	0.0007	1.1222	1.4604	0.0001	1.2827	2.0860	0.0011	0.0002	0.0000	-0.1072	2.0026	1.9703	4.0175	6.2034	0.0000	0.0000	0.0000	0.0000	0.0000	0.0000	0.0000	0.0000	0.0000	0.2340	0.2339	0.0000	0.1134	0.1134	0.0000	0.1205	0.1205	0.0000	0.0409	0.0333	0.0076	0.0094	0.0092	0.0002	0.0315	0.0240	0.0074	0.1950	0.1354	0.0596	0.1011	0.0777	0.0234	0.0939	0.0578	0.0362	0.0000	0.0000	0.0000	0.0000	0.0000	0.0000	0.0000	0.0000	0.0000	1.1995	1.7272	0.0007	1.1222	1.4604	0.0001	1.2827	2.0860	0.0011	
34	128	0.1138	4	0	1	0	0	0	0	0	0	N	N	N	N	N	N	N	N	N	N	N	N	0.0000	0.0000	0.0000	0.0000	0.0000	0.0000	0.0000	0.0000	0.0000	0.0000	0.0000	0.0000	0.0000	0.0000	0.0000	0.0000	0.0000	0.0000	1.2512	2.0315	0.0016	0.0002	0.0000	0.0015	1.6732	3.2348	0.0016	0.0005	0.0000	-0.0603	2.0026	1.1032	4.0175	7.8190	0.0000	0.0000	0.0000	0.0000	0.0000	0.0000	0.0000	0.0000	0.0000	0.1317	0.1317	0.0001	0.0000	0.0000	0.0000	0.1317	0.1317	0.0001	0.0189	0.0157	0.0032	0.0033	0.0032	0.0001	0.0156	0.0125	0.0031	0.1053	0.0648	0.0405	0.0266	0.0241	0.0024	0.0787	0.0407	0.0380	0.0000	0.0000	0.0000	0.0000	0.0000	0.0000	0.0000	0.0000	0.0000	1.2512	2.0315	0.0016	0.0002	0.0000	0.0015	1.6732	3.2348	0.0016	
34	129	0.4569	8	0	2	0	0	0	0	0	0	N	Y	N	N	N	N	N	N	N	N	N	N	0.0000	0.0000	0.0000	0.0000	0.0000	0.0000	0.0000	0.0000	0.0000	0.0000	0.0000	0.0000	0.0000	0.0000	0.0000	0.0000	0.0000	0.0000	6.2684	0.0000	49.3388	2.0272	0.0000	55.4146	9.5516	0.0000	45.4930	2370359.8890	0.0000	0.3768	2.0026	1.0033	4.0175	0.8635	0.0000	0.0000	0.0000	0.0000	0.0000	0.0000	0.0000	0.0000	0.0000	0.6957	0.0000	0.6957	0.1540	0.0000	0.1540	0.5417	0.0000	0.5417	0.0519	0.0459	0.0060	0.0280	0.0268	0.0013	0.0239	0.0192	0.0047	0.1327	0.1020	0.0306	0.0760	0.0703	0.0056	0.0567	0.0317	0.0250	0.0000	0.0000	0.0000	0.0000	0.0000	0.0000	0.0000	0.0000	0.0000	5.2429	0.0000	22.6987	2.0272	0.0000	27.3248	9.5516	0.0000	21.6560	
34	130	0.4276	7	0	1	0	0	0	0	0	0	N	N	N	N	N	N	N	N	N	N	N	N	0.0000	0.0000	0.0000	0.0000	0.0000	0.0000	0.0000	0.0000	0.0000	0.0000	0.0000	0.0000	0.0000	0.0000	0.0000	0.0000	0.0000	0.0000	2.9614	0.8880	12.6261	0.1739	0.1817	0.1176	6.3127	2.2573	16.3856	3.5928	0.0000	0.3150	2.0026	5.5514	4.0175	9.9598	0.0000	0.0000	0.0000	0.0000	0.0000	0.0000	0.0000	0.0000	0.0000	0.9726	0.2118	0.7608	0.0312	0.0286	0.0026	0.9414	0.1832	0.7582	0.1269	0.1090	0.0179	0.0456	0.0437	0.0019	0.0813	0.0653	0.0160	0.3284	0.2385	0.0899	0.1793	0.1573	0.0220	0.1491	0.0811	0.0680	0.0000	0.0000	0.0000	0.0000	0.0000	0.0000	0.0000	0.0000	0.0000	2.9614	0.8880	8.4587	0.1739	0.1817	0.1176	6.3127	2.2573	11.1534	
34	131	0.3972	6	0	1	0	0	0	0	0	0	N	N	N	N	N	N	N	N	N	N	N	N	0.0010	0.0009	0.0000	0.0000	0.0000	0.0000	0.0012	0.0009	0.0000	0.0011	0.0013	0.0000	0.0000	0.0000	0.0000	0.0016	0.0020	0.0000	1.0739	1.4162	0.2828	0.8077	0.9225	0.0031	1.3512	2.2937	0.3575	0.0000	0.0864	-0.0001	-0.1422	2.0026	9.1969	4.0175	13.4651	0.0002	0.0002	0.0000	0.0000	0.0000	0.0000	0.0002	0.0002	0.0000	0.3753	0.3455	0.0299	0.1441	0.1440	0.0001	0.2313	0.2015	0.0298	0.1939	0.1657	0.0282	0.0625	0.0593	0.0032	0.1314	0.1064	0.0250	0.3495	0.2439	0.1056	0.1784	0.1561	0.0223	0.1712	0.0878	0.0833	0.0010	0.0009	0.0000	0.0000	0.0000	0.0000	0.0012	0.0009	0.0000	1.0739	1.4162	0.2828	0.8077	0.9225	0.0031	1.3512	2.2937	0.3575
34	132	0.2107	8	1	2	0	1	0	0	0	0	N	Y	N	N	N	N	N	N	N	N	N	N	0.0000	0.0000	0.0000	0.0000	0.0000	0.0000	0.0000	0.0000	0.0000	0.0000	0.0000	0.0000	0.0000	0.0000	0.0000	0.0000	0.0000	0.0000	0.0000	0.0000	2.0026	1.0000	4.0175	3.0001	0.0000	0.0000	0.0000	0.0000	0.0000	0.0000	0.0000	0.0000	0.0000	0.0000	0.0000	0.0000	0.0000	0.0000	0.0000	0.0000	0.0000	0.0000	0.0175	0.0146	0.0029	0.0032	0.0031	0.0001	0.0143	0.0115	0.0028	0.0396	0.0239	0.0157	0.0108	0.0090	0.0017	0.0288	0.0149	0.0140	0.0000	0.0000	0.0000	0.0000	0.0000	0.0000	0.0000	0.0000	0.0000	0.0000	0.0000	0.0000	0.0000	0.0000	0.0000	0.0000	0.0000	0.0000											
34	133	0.6096	12	1	2	0	1	0	0	0	0	N	Y	N	N	N	N	N	N	N	N	N	N	0.0000	0.0000	0.0000	0.0000	0.0000	0.0000	0.0000	0.0000	0.0000	0.0000	0.0000	0.0000	0.0000	0.0000	0.0000	0.0000	0.0000	0.0000	0.0000	0.0000	2.0026	0.0006	4.0175	1.9797	0.0000	0.0000	0.0000	0.0000	0.0000	0.0000	0.0000	0.0000	0.0000	0.0000	0.0000	0.0000	0.0000	0.0000	0.0000	0.0000	0.0000	0.0000	0.0000	0.0000	0.0000	0.0000	0.0000	0.0000	0.0000	0.0000	0.0000	0.0192	0.0128	0.0064	0.0107	0.0089	0.0018	0.0085	0.0039	0.0046	0.0000	0.0000	0.0000	0.0000	0.0000	0.0000	0.0000	0.0000	0.0000	0.0000	0.0000	0.0000	0.0000	0.0000	0.0000	0.0000	0.0000	0.0000											
34	134	0.5929	11	1	2	0	1	0	0	0	0	N	Y	N	N	N	N	N	N	N	N	N	N	0.0000	0.0000	0.0000	0.0000	0.0000	0.0000	0.0000	0.0000	0.0000	0.0000	0.0000	0.0000	0.0000	0.0000	0.0000	0.0000	0.0000	0.0000	0.0000	0.0000	0.0000	0.0000	0.0000	0.0000	-0.0000	2.0026	2.0077	4.0175	6.0321	0.0000	0.0000	0.0000	0.0000	0.0000	0.0000	0.0000	0.0000	0.0000	0.0000	0.0000	0.0000	0.0000	0.0000	0.0000	0.0000	0.0000	0.0000	0.0356	0.0310	0.0046	0.0148	0.0135	0.0013	0.0208	0.0175	0.0033	0.0715	0.0471	0.0244	0.0391	0.0323	0.0068	0.0324	0.0149	0.0175	0.0000	0.0000	0.0000	0.0000	0.0000	0.0000	0.0000	0.0000	0.0000	0.0000	0.0000	0.0000	0.0000	0.0000	0.0000	0.0000	0.0000	0.0000						
34	135	0.5881	11	0	2	0	1	0	0	0	0	N	Y	N	N	N	N	N	N	N	N	N	N	0.0000	0.0000	0.0000	0.0000	0.0000	0.0000	0.0000	0.0000	0.0000	0.0000	0.0000	0.0000	0.0000	0.0000	0.0000	0.0000	0.0000	0.0000	0.0014	0.0022	0.0000	0.0023	0.0028	0.0000	0.0004	0.0008	0.0000	0.0003	0.0000	-0.0001	2.0026	3.0348	4.0175	9.3583	0.0000	0.0000	0.0000	0.0000	0.0000	0.0000	0.0000	0.0000	0.0000	0.0002	0.0002	0.0000	0.0002	0.0002	0.0000	0.0000	0.0000	0.0000	0.0557	0.0478	0.0078	0.0225	0.0206	0.0019	0.0332	0.0272	0.0060	0.1192	0.0788	0.0404	0.0647	0.0538	0.0110	0.0544	0.0250	0.0294	0.0000	0.0000	0.0000	0.0000	0.0000	0.0000	0.0000	0.0000	0.0000	0.0014	0.0022	0.0000	0.0023	0.0028	0.0000	0.0004	0.0008	0.0000	
34	136	0.5738	10	0	1	0	1	0	0	0	0	N	N	N	N	N	N	N	N	N	N	N	N	0.0000	0.0000	0.0000	0.0000	0.0000	0.0000	0.0000	0.0000	0.0000	0.0000	0.0000	0.0000	0.0000	0.0000	0.0000	0.0000	0.0000	0.0000	0.0031	0.0020	0.0052	0.0012	0.0015	0.0000	0.0053	0.0030	0.0072	1.3553	0.0000	0.0000	2.0026	0.0433	4.0175	6.6805	0.0000	0.0000	0.0000	0.0000	0.0000	0.0000	0.0000	0.0000	0.0000	0.0002	0.0001	0.0001	0.0000	0.0000	0.0000	0.0001	0.0000	0.0001	0.0009	0.0008	0.0001	0.0004	0.0003	0.0000	0.0005	0.0004	0.0001	0.0619	0.0407	0.0212	0.0334	0.0275	0.0058	0.0286	0.0132	0.0154	0.0000	0.0000	0.0000	0.0000	0.0000	0.0000	0.0000	0.0000	0.0000	0.0031	0.0020	0.0052	0.0012	0.0015	0.0000	0.0053	0.0030	0.0072	
34	137	0.2403	10	0	2	0	1	0	0	0	0	N	Y	N	N	N	N	N	N	N	N	N	N	0.0000	0.0000	0.0000	0.0000	0.0000	0.0000	0.0000	0.0000	0.0000	0.0000	0.0000	0.0000	0.0000	0.0000	0.0000	0.0000	0.0000	0.0000	0.0000	0.0000	2.0026	0.0000	4.0175	0.0000	0.0000	0.0000	0.0000	0.0000	0.0000	0.0000	0.0000	0.0000	0.0000	0.0000	0.0000	0.0000	0.0000	0.0000	0.0000	0.0000	0.0000	0.0000	0.0000	0.0000	0.0000	0.0000	0.0000	0.0000	0.0000	0.0000	0.0000	0.0000	0.0000	0.0000	0.0000	0.0000	0.0000	0.0000	0.0000	0.0000	0.0000	0.0000	0.0000	0.0000	0.0000	0.0000	0.0000	0.0000	0.0000	0.0000	0.0000	0.0000	0.0000	0.0000	0.0000	0.0000	0.0000	0.0000											
34	138	0.2353	9	0	2	0	1	0	0	0	0	N	Y	N	N	N	N	N	N	N	N	N	N	0.0000	0.0000	0.0000	0.0000	0.0000	0.0000	0.0000	0.0000	0.0000	0.0000	0.0000	0.0000	0.0000	0.0000	0.0000	0.0000	0.0000	0.0000	0.0000	0.0000	2.0026	0.0021	4.0175	2.0000	0.0000	0.0000	0.0000	0.0000	0.0000	0.0000	0.0000	0.0000	0.0000	0.0000	0.0000	0.0000	0.0000	0.0000	0.0000	0.0000	0.0000	0.0000	0.0001	0.0001	0.0000	0.0001	0.0001	0.0000	0.0000	0.0000	0.0000	0.0197	0.0121	0.0077	0.0056	0.0048	0.0008	0.0141	0.0073	0.0068	0.0000	0.0000	0.0000	0.0000	0.0000	0.0000	0.0000	0.0000	0.0000	0.0000	0.0000	0.0000	0.0000	0.0000	0.0000	0.0000	0.0000	0.0000											
34	139	0.2251	8	0	1	0	1	0	0	0	0	N	N	N	N	N	N	N	N	N	N	N	N	0.0000	0.0000	0.0000	0.0000	0.0000	0.0000	0.0000	0.0000	0.0000	0.0000	0.0000	0.0000	0.0000	0.0000	0.0000	0.0000	0.0000	0.0000	0.0000	0.0000	0.0000	0.0000	inf	0.0000	0.0000	2.0026	1.0020	4.0175	3.0181	0.0000	0.0000	0.0000	0.0000	0.0000	0.0000	0.0000	0.0000	0.0000	0.0000	0.0000	0.0000	0.0000	0.0000	0.0000	0.0000	0.0000	0.0000	0.0175	0.0146	0.0029	0.0033	0.0032	0.0001	0.0143	0.0115	0.0028	0.0400	0.0243	0.0157	0.0110	0.0094	0.0017	0.0290	0.0149	0.0141	0.0000	0.0000	0.0000	0.0000	0.0000	0.0000	0.0000	0.0000	0.0000	0.0000	0.0000	0.0000	0.0000	0.0000	0.0000	0.0000	0.0000	0.0000						
34	140	0.2107	8	0	2	0	0	0	0	0	0	N	Y	N	N	N	N	N	N	N	N	N	N	0.0000	0.0000	0.0000	0.0000	0.0000	0.0000	0.0000	0.0000	0.0000	0.0000	0.0000	0.0000	0.0000	0.0000	0.0000	0.0000	0.0000	0.0000	0.0000	0.0000	2.0026	0.0000	4.0175	4.0001	0.0000	0.0000	0.0000	0.0000	0.0000	0.0000	0.0000	0.0000	0.0000	0.0000	0.0000	0.0000	0.0000	0.0000	0.0000	0.0000	0.0000	0.0000	0.0000	0.0000	0.0000	0.0000	0.0000	0.0000	0.0000	0.0000	0.0000	0.0396	0.0239	0.0157	0.0108	0.0090	0.0017	0.0288	0.0149	0.0140	0.0000	0.0000	0.0000	0.0000	0.0000	0.0000	0.0000	0.0000	0.0000	0.0000	0.0000	0.0000	0.0000	0.0000	0.0000	0.0000	0.0000	0.0000											
34	141	0.5883	10	0	2	0	0	0	0	0	0	N	Y	N	N	N	N	N	N	N	N	N	N	0.0000	0.0000	0.0000	0.0000	0.0000	0.0000	0.0000	0.0000	0.0000	0.0000	0.0000	0.0000	0.0000	0.0000	0.0000	0.0000	0.0000	0.2934	0.4446	0.0000	0.0001	0.0001	0.0000	0.6490	1.4142	0.0000	0.0000	0.0000	-0.0073	2.0026	1.0003	4.0175	5.0186	0.0000	0.0000	0.0000	0.0000	0.0000	0.0000	0.0000	0.0000	0.0000	0.0160	0.0160	0.0000	0.0000	0.0000	0.0000	0.0160	0.0160	0.0000	0.0178	0.0155	0.0023	0.0074	0.0068	0.0006	0.0104	0.0088	0.0016	0.0545	0.0360	0.0185	0.0299	0.0247	0.0052	0.0246	0.0113	0.0133	0.0000	0.0000	0.0000	0.0000	0.0000	0.0000	0.0000	0.0000	0.0000	0.2934	0.4446	0.0000	0.0001	0.0001	0.0000	0.6490	1.4142	0.0000		
34	142	0.2251	8	0	1	1	1	0	0	0	0	N	N	N	N	N	N	N	N	N	N	N	N	0.0000	0.0000	0.0000	0.0000	0.0000	0.0000	0.0000	0.0000	0.0000	0.0000	0.0000	0.0000	0.0000	0.0000	0.0000	0.0000	0.0000	0.0000	0.0000	0.0000	0.0000	0.0000	inf	0.0000	0.0000	2.0026	0.0001	4.0175	9.0026	0.0000	0.0000	0.0000	0.0000	0.0000	0.0000	0.0000	0.0000	0.0000	0.0000	0.0000	0.0000	0.0000	0.0000	0.0000	0.0000	0.0000	0.0000	0.0000	0.0000	0.0000	0.0000	0.0000	0.0000	0.0000	0.0000	0.0000	0.0878	0.0533	0.0345	0.0241	0.0205	0.0036	0.0637	0.0328	0.0309	0.0000	0.0000	0.0000	0.0000	0.0000	0.0000	0.0000	0.0000	0.0000	0.0000	0.0000	0.0000	0.0000	0.0000	0.0000	0.0000	0.0000	0.0000						
34	143	0.5738	10	0	1	1	1	0	0	0	0	N	N	N	N	N	N	N	N	N	N	N	N	0.0000	0.0000	0.0000	0.0000	0.0000	0.0000	0.0000	0.0000	0.0000	0.0000	0.0000	0.0000	0.0000	0.0000	0.0000	0.1763	0.2686	0.0000	0.0000	0.0000	0.0000	0.3814	0.8274	0.0000	0.0000	0.0000	-0.0073	2.0026	2.0061	4.0175	8.0425	0.0000	0.0000	0.0000	0.0000	0.0000	0.0000	0.0000	0.0000	0.0000	0.0160	0.0160	0.0000	0.0000	0.0000	0.0000	0.0160	0.0160	0.0000	0.0354	0.0308	0.0046	0.0142	0.0129	0.0012	0.0212	0.0178	0.0034	0.0908	0.0596	0.0312	0.0488	0.0403	0.0086	0.0420	0.0193	0.0226	0.0000	0.0000	0.0000	0.0000	0.0000	0.0000	0.0000	0.0000	0.0000	0.1763	0.2686	0.0000	0.0000	0.0000	0.0000	0.3814	0.8274	0.0000				
34	144	0.5647	9	0	1	0	1	0	0	0	0	N	N	N	N	N	N	N	N	N	N	N	N	0.0000	0.0000	0.0000	0.0000	0.0000	0.0000	0.0000	0.0000	0.0000	0.0000	0.0000	0.0000	0.0000	0.0000	0.0000	0.0000	0.0000	0.0000	0.0007	0.0009	0.0002	0.0002	0.0001	0.0008	0.0013	0.0025	0.0000	0.0881	0.0000	-0.0000	2.0026	1.9550	4.0175	2.1189	0.0000	0.0000	0.0000	0.0000	0.0000	0.0000	0.0000	0.0000	0.0000	0.0000	0.0000	0.0000	0.0000	0.0000	0.0000	0.0000	0.0000	0.0000	0.0364	0.0316	0.0048	0.0158	0.0143	0.0015	0.0206	0.0173	0.0033	0.0532	0.0374	0.0159	0.0281	0.0245	0.0036	0.0251	0.0129	0.0122	0.0000	0.0000	0.0000	0.0000	0.0000	0.0000	0.0000	0.0000	0.0000	0.0007	0.0009	0.0002	0.0002	0.0001	0.0008	0.0013	0.0025	0.0000	
34	145	0.5647	9	0	1	1	1	0	0	0	0	N	N	N	N	N	N	N	N	N	N	N	N	0.0000	0.0000	0.0000	0.0000	0.0000	0.0000	0.0000	0.0000	0.0000	0.0000	0.0000	0.0000	0.0000	0.0000	0.0000	0.0000	0.0000	0.0000	0.0840	0.1262	0.0000	0.0012	0.0014	0.0002	0.1766	0.3731	0.0000	0.0002	0.0000	-0.0074	2.0026	2.1261	4.0175	18.6477	0.0000	0.0000	0.0000	0.0000	0.0000	0.0000	0.0000	0.0000	0.0000	0.0162	0.0162	0.0000	0.0001	0.0001	0.0000	0.0160	0.0160	0.0000	0.0394	0.0342	0.0052	0.0171	0.0154	0.0016	0.0224	0.0188	0.0036	0.1924	0.1281	0.0643	0.1016	0.0851	0.0165	0.0908	0.0430	0.0478	0.0000	0.0000	0.0000	0.0000	0.0000	0.0000	0.0000	0.0000	0.0000	0.0840	0.1262	0.0000	0.0012	0.0014	0.0002	0.1766	0.3731	0.0000	
34	146	0.2251	8	0	1	1	1	0	0	0	0	N	N	N	N	N	N	N	N	N	N	N	N	0.0000	0.0000	0.0000	0.0000	0.0000	0.0000	0.0000	0.0000	0.0000	0.0000	0.0000	0.0000	0.0000	0.0003	0.0004	0.0000	0.0009	0.0011	0.0000	0.0000	0.0000	0.0000	0.0000	0.0000	-0.0000	2.0026	2.0001	4.0175	5.9880	0.0000	0.0000	0.0000	0.0000	0.0000	0.0000	0.0000	0.0000	0.0000	0.0000	0.0000	0.0000	0.0000	0.0000	0.0000	0.0000	0.0000	0.0000	0.0348	0.0291	0.0057	0.0065	0.0063	0.0003	0.0283	0.0228	0.0055	0.0782	0.0475	0.0307	0.0215	0.0183	0.0032	0.0568	0.0292	0.0275	0.0000	0.0000	0.0000	0.0000	0.0000	0.0000	0.0000	0.0000	0.0000	0.0003	0.0004	0.0000	0.0009	0.0011	0.0000	0.0000	0.0000	0.0000						
34	147	0.2251	8	0	1	1	1	0	0	0	0	N	N	N	N	N	N	N	N	N	N	N	N	0.0000	0.0000	0.0000	0.0000	0.0000	0.0000	0.0000	0.0000	0.0000	0.0000	0.0000	0.0000	0.0000	0.0000	0.0000	0.0000	0.0000	0.0000	0.0000	0.0000	0.0000	0.0000	inf	0.0000	0.0000	2.0026	9.0001	4.0175	23.0169	0.0000	0.0000	0.0000	0.0000	0.0000	0.0000	0.0000	0.0000	0.0000	0.0000	0.0000	0.0000	0.0000	0.0000	0.0000	0.0000	0.0000	0.0000	0.1514	0.1269	0.0246	0.0282	0.0271	0.0011	0.1232	0.0997	0.0235	0.2856	0.1739	0.1117	0.0772	0.0660	0.0113	0.2084	0.1080	0.1004	0.0000	0.0000	0.0000	0.0000	0.0000	0.0000	0.0000	0.0000	0.0000	0.0000	0.0000	0.0000	0.0000	0.0000	0.0000	0.0000	0.0000	0.0000						
34	148	0.1997	7	0	1	0	1	0	0	0	0	N	N	N	N	N	N	N	N	N	N	N	N	0.0000	0.0000	0.0000	0.0000	0.0000	0.0000	0.0000	0.0000	0.0000	0.0000	0.0000	0.0000	0.0000	0.0000	0.0000	0.0000	0.0000	0.0002	0.0003	0.0000	0.0007	0.0008	0.0000	0.0000	0.0000	0.0000	0.0777	0.0000	-0.0000	2.0026	1.9990	4.0175	7.9526	0.0000	0.0000	0.0000	0.0000	0.0000	0.0000	0.0000	0.0000	0.0000	0.0000	0.0000	0.0000	0.0000	0.0000	0.0000	0.0000	0.0000	0.0000	0.0350	0.0292	0.0058	0.0065	0.0063	0.0003	0.0285	0.0229	0.0056	0.1034	0.0632	0.0403	0.0295	0.0252	0.0043	0.0739	0.0380	0.0359	0.0000	0.0000	0.0000	0.0000	0.0000	0.0000	0.0000	0.0000	0.0000	0.0002	0.0003	0.0000	0.0007	0.0008	0.0000	0.0000	0.0000	0.0000		
34	149	0.1678	6	1	2	0	0	0	0	0	0	N	Y	N	N	N	N	N	N	N	N	N	N	0.0000	0.0000	0.0000	0.0000	0.0000	0.0000	0.0000	0.0000	0.0000	0.0000	0.0000	0.0000	0.0000	0.0000	0.0000	0.0000	0.0000	0.0006	0.0010	0.0000	0.0021	0.0024	0.0000	0.0000	0.0000	0.0000	0.0001	0.0000	-0.0001	2.0026	5.3497	4.0175	17.2225	0.0000	0.0000	0.0000	0.0000	0.0000	0.0000	0.0000	0.0000	0.0000	0.0001	0.0001	0.0000	0.0001	0.0001	0.0000	0.0000	0.0000	0.0000	0.1059	0.0889	0.0170	0.0247	0.0238	0.0009	0.0811	0.0651	0.0161	0.2378	0.1489	0.0889	0.0666	0.0580	0.0087	0.1712	0.0909	0.0802	0.0000	0.0000	0.0000	0.0000	0.0000	0.0000	0.0000	0.0000	0.0000	0.0006	0.0010	0.0000	0.0021	0.0024	0.0000	0.0000	0.0000	0.0000		
34	150	0.1986	7	0	2	0	0	0	0	0	0	N	Y	N	N	N	N	N	N	N	N	N	N	0.0045	0.0033	0.0000	0.0058	0.0052	0.0000	0.0000	0.0000	0.0000	0.0017	0.0020	0.0000	0.0052	0.0054	0.0000	0.0000	0.0000	0.0000	0.3702	0.5985	0.0000	0.9040	1.0354	0.0000	0.0000	0.0000	0.0000	0.0000	0.0000	-0.0001	-0.0607	2.0026	3.6794	4.0175	17.4287	0.0002	0.0002	0.0000	0.0002	0.0002	0.0000	0.0000	0.0000	0.0000	0.1325	0.1325	0.0000	0.1325	0.1325	0.0000	0.0000	0.0000	0.0000	0.0951	0.0816	0.0135	0.0306	0.0295	0.0011	0.0645	0.0521	0.0124	0.3579	0.2214	0.1365	0.1466	0.1279	0.0186	0.2113	0.0934	0.1179	0.0045	0.0033	0.0000	0.0058	0.0052	0.0000	0.0000	0.0000	0.0000	0.3702	0.5985	0.0000	0.9040	1.0354	0.0000	0.0000	0.0000	0.0000
34	151	0.1678	6	0	2	0	0	0	0	0	0	N	Y	N	N	N	N	N	N	N	N	N	N	0.0026	0.0560	0.0000	0.0000	0.0000	0.0000	0.0025	0.0478	0.0000	0.0022	0.0026	0.0000	0.0000	0.0000	0.0000	0.0029	0.0036	0.0000	0.8259	0.0460	2.2119	0.0030	0.0034	0.0005	1.1800	0.0761	2.4564	0.0000	27.0809	-0.0001	0.0671	2.0026	3.4464	4.0175	10.1316	0.0002	0.0002	0.0000	0.0000	0.0000	0.0000	0.0002	0.0002	0.0000	0.1326	0.0047	0.1279	0.0001	0.0001	0.0000	0.1325	0.0046	0.1279	0.0740	0.0622	0.0118	0.0189	0.0182	0.0007	0.0551	0.0440	0.0112	0.1606	0.1027	0.0578	0.0483	0.0425	0.0058	0.1123	0.0602	0.0521	0.0026	0.0560	0.0000	0.0000	0.0000	0.0000	0.0025	0.0478	0.0000	0.8259	0.0460	2.2119	0.0030	0.0034	0.0005	1.1800	0.0761	2.4564
34	152	0.5951	12	1	2	0	0	0	0	0	0	N	Y	N	N	N	N	N	N	N	N	N	N	0.0000	0.0000	0.0000	0.0000	0.0000	0.0000	0.0000	0.0000	0.0000	0.0000	0.0000	0.0000	0.0000	0.0000	0.0000	0.0000	0.0000	0.0000	0.0000	0.0000	2.0026	1.0143	4.0175	12.0086	0.0000	0.0000	0.0000	0.0000	0.0000	0.0000	0.0000	0.0000	0.0000	0.0000	0.0000	0.0000	0.0000	0.0000	0.0000	0.0000	0.0000	0.0000	0.0183	0.0159	0.0023	0.0077	0.0070	0.0007	0.0106	0.0089	0.0017	0.1134	0.0748	0.0387	0.0617	0.0510	0.0107	0.0517	0.0238	0.0280	0.0000	0.0000	0.0000	0.0000	0.0000	0.0000	0.0000	0.0000	0.0000	0.0000	0.0000	0.0000	0.0000	0.0000	0.0000	0.0000	0.0000	0.0000											
34	153	0.5929	11	1	2	0	0	0	0	0	0	N	Y	N	N	N	N	N	N	N	N	N	N	0.0000	0.0000	0.0000	0.0000	0.0000	0.0000	0.0000	0.0000	0.0000	0.0000	0.0000	0.0000	0.0000	0.0000	0.0000	0.0000	0.0000	0.0000	0.0000	0.0000	0.0000	0.0000	0.0000	0.0000	-0.0000	2.0026	0.9811	4.0175	0.0216	0.0000	0.0000	0.0000	0.0000	0.0000	0.0000	0.0000	0.0000	0.0000	0.0000	0.0000	0.0000	0.0000	0.0000	0.0000	0.0000	0.0000	0.0000	0.0176	0.0153	0.0023	0.0073	0.0067	0.0006	0.0102	0.0086	0.0016	0.0093	0.0061	0.0031	0.0051	0.0042	0.0009	0.0042	0.0019	0.0023	0.0000	0.0000	0.0000	0.0000	0.0000	0.0000	0.0000	0.0000	0.0000	0.0000	0.0000	0.0000	0.0000	0.0000	0.0000	0.0000	0.0000	0.0000						
34	154	0.5883	10	1	2	0	0	0	0	0	0	N	Y	N	N	N	N	N	N	N	N	N	N	0.0000	0.0000	0.0000	0.0000	0.0000	0.0000	0.0000	0.0000	0.0000	0.0000	0.0000	0.0000	0.0000	0.0000	0.0000	0.0000	0.0000	0.0012	0.0018	0.0000	0.0021	0.0026	0.0000	0.0000	0.0000	0.0000	0.0007	0.0000	-0.0000	2.0026	0.0083	4.0175	2.0001	0.0000	0.0000	0.0000	0.0000	0.0000	0.0000	0.0000	0.0000	0.0000	0.0000	0.0000	0.0000	0.0000	0.0000	0.0000	0.0000	0.0000	0.0000	0.0002	0.0001	0.0000	0.0001	0.0001	0.0000	0.0001	0.0001	0.0000	0.0189	0.0125	0.0064	0.0104	0.0086	0.0018	0.0085	0.0039	0.0046	0.0000	0.0000	0.0000	0.0000	0.0000	0.0000	0.0000	0.0000	0.0000	0.0012	0.0018	0.0000	0.0021	0.0026	0.0000	0.0000	0.0000	0.0000		
34	155	0.5647	9	0	2	0	0	0	0	0	0	N	Y	N	N	N	N	N	N	N	N	N	N	0.0000	0.0000	0.0000	0.0000	0.0000	0.0000	0.0000	0.0000	0.0000	0.0000	0.0000	0.0000	0.0000	0.0000	0.0000	0.0000	0.0000	0.0000	0.0129	0.0191	0.0000	0.0235	0.0277	0.0000	0.0010	0.0020	0.0000	0.0003	0.0000	-0.0006	2.0026	2.9180	4.0175	7.4065	0.0000	0.0000	0.0000	0.0000	0.0000	0.0000	0.0000	0.0000	0.0000	0.0014	0.0014	0.0000	0.0013	0.0013	0.0000	0.0001	0.0001	0.0000	0.0532	0.0462	0.0070	0.0227	0.0206	0.0021	0.0305	0.0256	0.0049	0.1075	0.0727	0.0347	0.0570	0.0482	0.0087	0.0505	0.0245	0.0260	0.0000	0.0000	0.0000	0.0000	0.0000	0.0000	0.0000	0.0000	0.0000	0.0129	0.0191	0.0000	0.0235	0.0277	0.0000	0.0010	0.0020	0.0000	
34	156	0.4989	8	0	1	0	0	0	0	0	0	N	N	N	N	N	N	N	N	N	N	N	N	0.0000	0.0000	0.0000	0.0000	0.0000	0.0000	0.0000	0.0000	0.0000	0.0000	0.0000	0.0000	0.0000	0.0000	0.0000	0.0000	0.0000	0.0000	0.3545	0.5244	0.0001	0.0068	0.0079	0.0000	0.7473	1.5695	0.0001	0.0001	0.0000	-0.0493	2.0026	8.2479	4.0175	19.7214	0.0000	0.0000	0.0000	0.0000	0.0000	0.0000	0.0000	0.0000	0.0000	0.1076	0.1076	0.0000	0.0011	0.0011	0.0000	0.1065	0.1065	0.0000	0.2097	0.1867	0.0230	0.0954	0.0892	0.0062	0.1142	0.0975	0.0168	0.3035	0.2052	0.0983	0.1610	0.1373	0.0237	0.1425	0.0679	0.0747	0.0000	0.0000	0.0000	0.0000	0.0000	0.0000	0.0000	0.0000	0.0000	0.3545	0.5244	0.0001	0.0068	0.0079	0.0000	0.7473	1.5695	0.0001	
34	157	0.4627	7	0	1	0	0	0	0	0	0	N	N	N	N	N	N	N	N	N	N	N	N	0.0000	0.0000	0.0000	0.0006	0.0006	0.0000	0.0000	0.0000	0.0000	0.0001	0.0001	0.0000	0.0001	0.0002	0.0000	0.0000	0.0000	0.0000	2.4073	3.5211	0.0026	0.2242	0.2616	0.0013	4.8649	9.9494	0.0030	0.0000	0.0003	-0.0000	-0.3078	2.0026	7.4725	4.0175	14.3153	0.0000	0.0000	0.0000	0.0000	0.0000	0.0000	0.0000	0.0000	0.0000	0.6720	0.6718	0.0002	0.0331	0.0331	0.0000	0.6388	0.6386	0.0002	0.1585	0.1376	0.0209	0.0711	0.0637	0.0074	0.0873	0.0738	0.0135	0.2791	0.1908	0.0884	0.1478	0.1266	0.0212	0.1313	0.0642	0.0671	0.0000	0.0000	0.0000	0.0006	0.0006	0.0000	0.0000	0.0000	0.0000	2.4073	3.5211	0.0026	0.2242	0.2616	0.0013	4.8649	9.9494	0.0030
34	158	0.3972	6	0	1	0	0	0	0	0	0	N	N	N	N	N	N	N	N	N	N	N	N	0.0000	0.0000	0.0001	0.0000	0.0000	0.0000	0.0001	0.0000	0.0001	0.0000	0.0001	0.0000	0.0000	0.0000	0.0000	0.0001	0.0001	0.0000	0.9060	1.3148	0.0088	0.6659	0.7641	0.0051	1.1421	2.2454	0.0098	0.0026	0.0031	-0.0000	-0.1685	2.0026	11.6653	4.0175	19.4910	0.0000	0.0000	0.0000	0.0000	0.0000	0.0000	0.0000	0.0000	0.0000	0.3702	0.3690	0.0011	0.1349	0.1347	0.0001	0.2353	0.2343	0.0010	0.2330	0.1990	0.0340	0.0725	0.0689	0.0036	0.1604	0.1301	0.0304	0.4086	0.2807	0.1279	0.2025	0.1763	0.0262	0.2060	0.1044	0.1017	0.0000	0.0000	0.0001	0.0000	0.0000	0.0000	0.0001	0.0000	0.0001	0.9060	1.3148	0.0088	0.6659	0.7641	0.0051	1.1421	2.2454	0.0098
34	159	0.3500	5	0	1	0	0	0	0	0	0	N	N	N	N	N	N	N	N	N	N	N	N	0.0003	0.0003	0.0000	0.0030	0.0027	0.0000	0.0000	0.0000	0.0000	0.0002	0.0002	0.0000	0.0005	0.0005	0.0000	0.0000	0.0000	0.0000	0.5025	0.7186	0.0255	0.1651	0.1892	0.0006	0.8515	1.6781	0.0321	0.0000	0.0161	-0.0000	-0.0953	2.0026	7.3933	4.0175	20.5306	0.0000	0.0000	0.0000	0.0000	0.0000	0.0000	0.0000	0.0000	0.0000	0.2154	0.2119	0.0034	0.0360	0.0360	0.0000	0.1794	0.1760	0.0034	0.1760	0.1500	0.0260	0.0600	0.0580	0.0019	0.1160	0.0920	0.0240	0.4286	0.2949	0.1336	0.2179	0.1901	0.0278	0.2107	0.1049	0.1058	0.0003	0.0003	0.0000	0.0030	0.0027	0.0000	0.0000	0.0000	0.0000	0.5025	0.7186	0.0255	0.1651	0.1892	0.0006	0.8515	1.6781	0.0321
34	160	0.1138	4	0	1	0	0	0	0	0	0	N	N	N	N	N	N	N	N	N	N	N	N	0.0011	0.0008	0.0000	0.0000	0.0000	0.0000	0.0010	0.0007	0.0000	0.0001	0.0001	0.0000	0.0000	0.0000	0.0000	0.0001	0.0001	0.0000	0.0681	0.1088	0.0049	0.0021	0.0023	0.0003	0.0851	0.1545	0.0052	0.0000	0.0292	-0.0000	-0.0186	2.0026	27.6416	4.0175	54.6365	0.0000	0.0000	0.0000	0.0000	0.0000	0.0000	0.0000	0.0000	0.0000	0.0432	0.0420	0.0012	0.0003	0.0003	0.0000	0.0429	0.0417	0.0012	0.4106	0.3460	0.0647	0.0673	0.0653	0.0019	0.3434	0.2806	0.0627	0.6346	0.3857	0.2489	0.1303	0.1157	0.0145	0.5043	0.2699	0.2344	0.0011	0.0008	0.0000	0.0000	0.0000	0.0000	0.0010	0.0007	0.0000	0.0681	0.1088	0.0049	0.0021	0.0023	0.0003	0.0851	0.1545	0.0052
34	161	0.2183	10	1	2	0	0	0	0	0	0	N	Y	N	N	N	N	N	N	N	N	N	N	0.0000	0.0000	0.0000	0.0000	0.0000	0.0000	0.0000	0.0000	0.0000	0.0000	0.0000	0.0000	0.0000	0.0000	0.0000	0.0000	0.0000	0.0000	0.0000	0.0000	2.0026	0.0002	4.0175	3.0099	0.0000	0.0000	0.0000	0.0000	0.0000	0.0000	0.0000	0.0000	0.0000	0.0000	0.0000	0.0000	0.0000	0.0000	0.0000	0.0000	0.0000	0.0000	0.0000	0.0000	0.0000	0.0000	0.0000	0.0000	0.0000	0.0000	0.0000	0.0305	0.0186	0.0119	0.0085	0.0072	0.0013	0.0220	0.0114	0.0106	0.0000	0.0000	0.0000	0.0000	0.0000	0.0000	0.0000	0.0000	0.0000	0.0000	0.0000	0.0000	0.0000	0.0000	0.0000	0.0000	0.0000	0.0000											
34	162	0.2107	9	1	2	0	0	0	0	0	0	N	Y	N	N	N	N	N	N	N	N	N	N	0.0000	0.0000	0.0000	0.0000	0.0000	0.0000	0.0000	0.0000	0.0000	0.0000	0.0000	0.0000	0.0000	0.0000	0.0000	0.0000	0.0000	0.0000	0.0000	0.0000	2.0026	0.9998	4.0175	2.0118	0.0000	0.0000	0.0000	0.0000	0.0000	0.0000	0.0000	0.0000	0.0000	0.0000	0.0000	0.0000	0.0000	0.0000	0.0000	0.0000	0.0000	0.0000	0.0175	0.0146	0.0029	0.0032	0.0031	0.0001	0.0143	0.0115	0.0028	0.0299	0.0181	0.0119	0.0081	0.0068	0.0013	0.0218	0.0112	0.0106	0.0000	0.0000	0.0000	0.0000	0.0000	0.0000	0.0000	0.0000	0.0000	0.0000	0.0000	0.0000	0.0000	0.0000	0.0000	0.0000	0.0000	0.0000											
34	163	0.2107	8	1	2	0	0	0	0	0	0	N	Y	N	N	N	N	N	N	N	N	N	N	0.0000	0.0000	0.0000	0.0000	0.0000	0.0000	0.0000	0.0000	0.0000	0.0000	0.0000	0.0000	0.0000	0.0000	0.0000	0.0000	0.0000	0.0000	0.0000	0.0000	2.0026	0.0000	4.0175	0.0003	0.0000	0.0000	0.0000	0.0000	0.0000	0.0000	0.0000	0.0000	0.0000	0.0000	0.0000	0.0000	0.0000	0.0000	0.0000	0.0000	0.0000	0.0000	0.0000	0.0000	0.0000	0.0000	0.0000	0.0000	0.0000	0.0000	0.0000	0.0000	0.0000	0.0000	0.0000	0.0000	0.0000	0.0000	0.0000	0.0000	0.0000	0.0000	0.0000	0.0000	0.0000	0.0000	0.0000	0.0000	0.0000	0.0000	0.0000	0.0000	0.0000	0.0000	0.0000	0.0000	0.0000	0.0000											
34	164	0.1997	7	0	2	0	0	0	0	0	0	N	Y	N	N	N	N	N	N	N	N	N	N	0.0000	0.0000	0.0000	0.0000	0.0000	0.0000	0.0000	0.0000	0.0000	0.0000	0.0000	0.0000	0.0000	0.0000	0.0000	0.0000	0.0000	0.0004	0.0006	0.0001	0.0013	0.0015	0.0001	0.0000	0.0000	0.0001	0.0777	0.0000	-0.0000	2.0026	0.0063	4.0175	4.3641	0.0000	0.0000	0.0000	0.0000	0.0000	0.0000	0.0000	0.0000	0.0000	0.0000	0.0000	0.0000	0.0000	0.0000	0.0000	0.0000	0.0000	0.0000	0.0003	0.0003	0.0001	0.0001	0.0001	0.0000	0.0002	0.0001	0.0001	0.0506	0.0313	0.0193	0.0156	0.0135	0.0021	0.0350	0.0179	0.0171	0.0000	0.0000	0.0000	0.0000	0.0000	0.0000	0.0000	0.0000	0.0000	0.0004	0.0006	0.0001	0.0013	0.0015	0.0001	0.0000	0.0000	0.0001		
34	165	0.1678	6	0	1	0	0	0	0	0	0	N	N	N	N	N	N	N	N	N	N	N	N	0.0000	0.0000	0.0000	0.0000	0.0000	0.0000	0.0000	0.0000	0.0000	0.0000	0.0000	0.0000	0.0000	0.0000	0.0000	0.0000	0.0000	0.0000	0.0018	0.0016	0.0022	0.0033	0.0034	0.0018	0.0012	0.0004	0.0022	0.7303	0.0000	-0.0000	2.0026	2.5207	4.0175	10.0226	0.0000	0.0000	0.0000	0.0000	0.0000	0.0000	0.0000	0.0000	0.0000	0.0003	0.0002	0.0001	0.0001	0.0001	0.0000	0.0001	0.0000	0.0001	0.0583	0.0490	0.0093	0.0160	0.0154	0.0006	0.0423	0.0336	0.0087	0.1513	0.0972	0.0541	0.0461	0.0407	0.0054	0.1052	0.0565	0.0487	0.0000	0.0000	0.0000	0.0000	0.0000	0.0000	0.0000	0.0000	0.0000	0.0018	0.0016	0.0022	0.0033	0.0034	0.0018	0.0012	0.0004	0.0022	
34	166	0.1522	5	0	1	0	0	0	0	0	0	N	N	N	N	N	N	N	N	N	N	N	N	0.0000	0.0000	0.0000	0.0000	0.0000	0.0000	0.0000	0.0000	0.0000	0.0000	0.0000	0.0000	0.0000	0.0000	0.0000	0.0000	0.0000	0.0000	0.0026	0.0024	0.0030	0.0038	0.0043	0.0000	0.0019	0.0007	0.0034	0.6137	0.0000	-0.0000	2.0026	2.6894	4.0175	4.6619	0.0000	0.0000	0.0000	0.0000	0.0000	0.0000	0.0000	0.0000	0.0000	0.0003	0.0002	0.0001	0.0002	0.0002	0.0000	0.0001	0.0000	0.0001	0.0687	0.0580	0.0108	0.0240	0.0219	0.0021	0.0447	0.0360	0.0086	0.1138	0.0760	0.0379	0.0398	0.0353	0.0045	0.0741	0.0407	0.0334	0.0000	0.0000	0.0000	0.0000	0.0000	0.0000	0.0000	0.0000	0.0000	0.0026	0.0024	0.0030	0.0038	0.0043	0.0000	0.0019	0.0007	0.0034	
34	167	0.1138	4	0	1	0	0	0	0	0	0	N	N	N	N	N	N	N	N	N	N	N	N	0.0000	0.0000	0.0000	0.0000	0.0000	0.0000	0.0000	0.0000	0.0000	0.0000	0.0000	0.0000	0.0000	0.0000	0.0000	0.0000	0.0000	0.0000	0.0018	0.0025	0.0006	0.0024	0.0026	0.0000	0.0016	0.0024	0.0007	0.1598	0.0000	-0.0001	2.0026	2.7966	4.0175	8.5340	0.0000	0.0000	0.0000	0.0000	0.0000	0.0000	0.0000	0.0000	0.0000	0.0002	0.0002	0.0000	0.0001	0.0001	0.0000	0.0002	0.0001	0.0000	0.0471	0.0392	0.0079	0.0080	0.0078	0.0002	0.0391	0.0315	0.0076	0.1280	0.0785	0.0495	0.0312	0.0281	0.0031	0.0968	0.0504	0.0464	0.0000	0.0000	0.0000	0.0000	0.0000	0.0000	0.0000	0.0000	0.0000	0.0018	0.0025	0.0006	0.0024	0.0026	0.0000	0.0016	0.0024	0.0007	
35	36	0.0578	3	0	1	0	0	0	0	0	0	N	N	N	N	N	N	N	N	N	N	N	N	1.1435	0.4936	14.6301	1.0963	1.0550	0.0000	1.2080	0.0000	22.0264	0.4427	0.2714	1.1996	0.6864	0.6920	0.0000	0.3267	0.0000	1.2168	0.3871	0.5499	0.0820	0.6261	0.6559	0.3480	0.2704	0.4615	0.0552	1.0000	0.0795	0.0013	-0.0220	0.4148	7.9964	1.5497	23.6501	0.0226	0.0113	0.0113	0.0113	0.0113	0.0000	0.0113	0.0000	0.0113	0.0572	0.0530	0.0042	0.0303	0.0287	0.0016	0.0268	0.0243	0.0026	0.0510	0.0416	0.0094	0.0165	0.0163	0.0001	0.0346	0.0253	0.0093	0.1477	0.0963	0.0514	0.0485	0.0438	0.0047	0.0993	0.0526	0.0467	1.1435	0.4936	14.6301	1.0963	1.0550	0.0000	1.2080	0.0000	22.0264	0.3871	0.5499	0.0820	0.6261	0.6559	0.3480	0.2704	0.4615	0.0552
35	37	0.1317	5	1	1	0	0	0	0	0	0	N	N	N	N	N	N	N	N	N	N	N	N	0.0000	0.0000	0.0000	0.0000	0.0000	0.0000	0.0000	0.0000	0.0000	0.0000	0.0000	0.0000	0.0000	0.0000	0.0000	0.0000	0.0000	0.0000	3.4110	5.6840	0.0028	4.1837	4.8108	0.0021	2.8792	5.6602	0.0030	0.0003	0.0000	-0.2245	0.4148	6.9981	1.5497	25.9787	0.0000	0.0000	0.0000	0.0000	0.0000	0.0000	0.0000	0.0000	0.0000	0.4900	0.4899	0.0001	0.2450	0.2450	0.0000	0.2450	0.2449	0.0001	0.0458	0.0374	0.0084	0.0148	0.0146	0.0002	0.0310	0.0227	0.0083	0.1437	0.0942	0.0495	0.0586	0.0509	0.0076	0.0851	0.0433	0.0418	0.0000	0.0000	0.0000	0.0000	0.0000	0.0000	0.0000	0.0000	0.0000	3.4110	5.2009	0.0028	4.1837	4.8108	0.0021	2.8792	5.6602	0.0030	
35	39	0.0578	3	1	1	0	0	0	0	0	0	N	N	N	N	N	N	N	N	N	N	N	N	502.6778	221.0056	5315.7415	506.2501	465.3130	0.0000	502.7164	0.0000	5176.2530	11.8284	7.2713	31.6840	18.2865	18.4354	0.0000	8.7415	0.0000	32.1337	0.0235	0.0329	0.0060	0.0361	0.0396	0.0035	0.0174	0.0273	0.0062	1.0001	0.0966	0.0227	-0.0013	0.4148	5.0000	1.5497	27.3229	0.3846	0.1923	0.1923	0.1923	0.1923	0.0000	0.1923	0.0000	0.1923	0.0035	0.0032	0.0003	0.0018	0.0018	0.0000	0.0018	0.0015	0.0003	0.0325	0.0264	0.0061	0.0105	0.0104	0.0001	0.0220	0.0160	0.0060	0.1504	0.0981	0.0523	0.0493	0.0445	0.0048	0.1011	0.0535	0.0475	502.6778	221.0056	5315.7415	506.2501	465.3130	0.0000	502.7164	0.0000	5176.2530	0.0235	0.0329	0.0060	0.0361	0.0396	0.0035	0.0174	0.0273	0.0062
35	40	0.1317	5	0	1	0	0	0	0	0	0	N	N	N	N	N	N	N	N	N	N	N	N	0.0000	0.0000	0.0000	0.0000	0.0000	0.0000	0.0000	0.0000	0.0000	0.0000	0.0000	0.0000	0.0000	0.0000	0.0000	0.0000	0.0000	0.0000	0.0218	0.0241	0.0172	0.0266	0.0306	0.0000	0.0184	0.0165	0.0204	0.3729	0.0000	-0.0005	0.4148	7.0019	1.5497	21.4344	0.0000	0.0000	0.0000	0.0000	0.0000	0.0000	0.0000	0.0000	0.0000	0.0028	0.0020	0.0007	0.0014	0.0014	0.0000	0.0014	0.0006	0.0007	0.0458	0.0374	0.0084	0.0148	0.0146	0.0002	0.0310	0.0227	0.0083	0.1269	0.0834	0.0435	0.0519	0.0451	0.0068	0.0750	0.0382	0.0368	0.0000	0.0000	0.0000	0.0000	0.0000	0.0000	0.0000	0.0000	0.0000	0.0218	0.0241	0.0172	0.0266	0.0306	0.0000	0.0184	0.0165	0.0204	
35	41	0.5621	8	0	1	0	0	0	0	0	0	N	N	N	N	N	N	N	N	N	N	N	N	0.0215	0.0083	7.9270	0.0170	0.0163	0.0000	0.0357	0.0000	22.8858	0.0001	0.0000	0.0003	0.0000	0.0000	0.0000	0.0001	0.0000	0.0007	0.0025	0.0036	0.0000	0.0021	0.0024	0.0000	0.0031	0.0074	0.0000	1.0078	0.0041	0.0000	-0.0001	0.4148	8.1446	1.5497	10.2519	0.0000	0.0000	0.0000	0.0000	0.0000	0.0000	0.0000	0.0000	0.0000	0.0002	0.0002	0.0000	0.0001	0.0001	0.0000	0.0001	0.0001	0.0000	0.0725	0.0649	0.0076	0.0550	0.0501	0.0049	0.0175	0.0148	0.0027	0.0907	0.0625	0.0281	0.0547	0.0476	0.0071	0.0360	0.0150	0.0210	0.0215	0.0083	7.9270	0.0170	0.0163	0.0000	0.0357	0.0000	22.8858	0.0025	0.0036	0.0000	0.0021	0.0024	0.0000	0.0031	0.0074	0.0000
35	42	0.1317	5	0	1	0	0	0	0	0	0	N	N	N	N	N	N	N	N	N	N	N	N	0.3216	0.2307	0.6782	0.3956	0.3649	0.0000	0.2902	0.0000	0.6155	0.0066	0.0040	0.0179	0.0102	0.0103	0.0000	0.0049	0.0000	0.0182	0.0205	0.0175	0.0263	0.0257	0.0282	0.0089	0.0168	0.0047	0.0296	1.0000	0.7651	0.0000	-0.0000	0.4148	5.9981	1.5497	11.5875	0.0003	0.0001	0.0001	0.0001	0.0001	0.0000	0.0001	0.0000	0.0001	0.0017	0.0010	0.0007	0.0009	0.0009	0.0000	0.0008	0.0001	0.0007	0.0395	0.0322	0.0073	0.0128	0.0126	0.0001	0.0267	0.0196	0.0071	0.0844	0.0559	0.0284	0.0349	0.0304	0.0045	0.0495	0.0255	0.0240	0.3216	0.2307	0.6782	0.3956	0.3649	0.0000	0.2902	0.0000	0.6155	0.0205	0.0175	0.0263	0.0257	0.0282	0.0089	0.0168	0.0047	0.0296
35	43	0.2154	5	0	1	1	1	0	0	0	0	N	N	N	N	N	N	N	N	N	N	N	N	0.0000	0.0000	0.0000	0.0000	0.0000	0.0000	0.0000	0.0000	0.0000	0.0000	0.0000	0.0000	0.0000	0.0000	0.0000	0.0000	0.0000	0.0000	0.0021	0.0026	0.0007	0.0021	0.0021	0.0019	0.0020	0.0034	0.0003	0.0887	0.0000	-0.0000	0.4148	1.0007	1.5497	2.4334	0.0000	0.0000	0.0000	0.0000	0.0000	0.0000	0.0000	0.0000	0.0000	0.0000	0.0000	0.0000	0.0000	0.0000	0.0000	0.0000	0.0000	0.0000	0.0067	0.0055	0.0012	0.0024	0.0024	0.0000	0.0043	0.0031	0.0012	0.0229	0.0171	0.0059	0.0125	0.0113	0.0012	0.0104	0.0058	0.0046	0.0000	0.0000	0.0000	0.0000	0.0000	0.0000	0.0000	0.0000	0.0000	0.0021	0.0026	0.0007	0.0021	0.0021	0.0019	0.0020	0.0034	0.0003	
35	44	0.1782	4	0	0	0	1	0	0	0	0	N	N	N	N	N	N	N	N	N	N	N	N	0.0165	0.0086	0.0797	0.0207	0.0216	0.0000	0.0148	0.0000	0.1667	0.0007	0.0004	0.0019	0.0009	0.0010	0.0000	0.0005	0.0000	0.0019	0.0419	0.0495	0.0237	0.0459	0.0445	0.0540	0.0367	0.0604	0.0117	0.9999	0.2001	0.0000	-0.0013	0.4148	1.0391	1.5497	15.0482	0.0000	0.0000	0.0000	0.0000	0.0000	0.0000	0.0000	0.0000	0.0000	0.0046	0.0038	0.0008	0.0029	0.0024	0.0005	0.0017	0.0015	0.0003	0.0072	0.0059	0.0013	0.0026	0.0026	0.0000	0.0046	0.0033	0.0013	0.1099	0.0775	0.0323	0.0623	0.0531	0.0092	0.0475	0.0244	0.0231	0.0165	0.0086	0.0797	0.0207	0.0216	0.0000	0.0148	0.0000	0.1667	0.0419	0.0495	0.0237	0.0459	0.0445	0.0540	0.0367	0.0604	0.0117
35	45	0.0578	3	0	1	0	0	0	0	0	0	N	N	N	N	N	N	N	N	N	N	N	N	0.0747	0.0406	0.1929	0.0529	0.0498	0.0000	0.0979	0.0000	0.1843	0.0019	0.0008	0.0066	0.0021	0.0021	0.0000	0.0018	0.0000	0.0067	0.0250	0.0201	0.0340	0.0393	0.0421	0.0130	0.0180	0.0019	0.0362	1.7889	0.9025	0.0000	0.0001	0.4148	12.0036	1.5497	21.9053	0.0001	0.0001	0.0001	0.0001	0.0001	0.0000	0.0001	0.0000	0.0001	0.0040	0.0021	0.0019	0.0020	0.0020	0.0001	0.0019	0.0001	0.0018	0.0759	0.0621	0.0138	0.0244	0.0242	0.0002	0.0515	0.0379	0.0136	0.1585	0.1034	0.0551	0.0519	0.0469	0.0050	0.1066	0.0565	0.0501	0.0747	0.0406	0.1929	0.0529	0.0498	0.0000	0.0979	0.0000	0.1843	0.0250	0.0201	0.0340	0.0393	0.0421	0.0130	0.0180	0.0019	0.0362
35	46	0.5391	11	1	1	0	0	0	0	0	0	N	N	N	N	N	N	N	N	N	N	N	N	1.8771	1.5004	0.0000	1.6868	1.6366	0.0000	0.0000	0.0000	0.0000	0.0014	0.0016	0.0000	0.0020	0.0022	0.0000	0.0000	0.0000	0.0000	0.0007	0.0010	0.0001	0.0012	0.0014	0.0003	0.0001	0.0001	0.0001	0.0000	0.0649	-0.0000	-0.0000	0.4148	2.0120	1.5497	1.9924	0.0000	0.0000	0.0000	0.0000	0.0000	0.0000	0.0000	0.0000	0.0000	0.0000	0.0000	0.0000	0.0000	0.0000	0.0000	0.0000	0.0000	0.0000	0.0144	0.0127	0.0017	0.0098	0.0089	0.0009	0.0046	0.0038	0.0008	0.0187	0.0124	0.0063	0.0110	0.0093	0.0017	0.0077	0.0031	0.0046	1.8771	1.5004	0.0000	1.6868	1.6366	0.0000	0.0000	0.0000	0.0000	0.0007	0.0010	0.0001	0.0012	0.0014	0.0003	0.0001	0.0001	0.0001
35	47	0.1623	9	1	1	0	0	0	0	0	0	N	N	N	N	N	N	N	N	N	N	N	N	0.0000	0.0000	0.0000	0.0000	0.0000	0.0000	0.0000	0.0000	0.0000	0.0000	0.0000	0.0000	0.0000	0.0000	0.0000	0.0000	0.0000	0.0030	0.0046	0.0000	0.0040	0.0046	0.0000	0.0024	0.0046	0.0000	0.0000	0.0000	-0.0000	0.4148	0.0002	1.5497	4.0036	0.0000	0.0000	0.0000	0.0000	0.0000	0.0000	0.0000	0.0000	0.0000	0.0001	0.0001	0.0000	0.0000	0.0000	0.0000	0.0000	0.0000	0.0000	0.0000	0.0000	0.0000	0.0000	0.0000	0.0000	0.0000	0.0000	0.0000	0.0199	0.0130	0.0069	0.0074	0.0065	0.0009	0.0125	0.0065	0.0060	0.0000	0.0000	0.0000	0.0000	0.0000	0.0000	0.0000	0.0000	0.0000	0.0030	0.0046	0.0000	0.0040	0.0046	0.0000	0.0024	0.0046	0.0000		
35	48	0.0578	3	0	1	0	1	0	0	0	0	N	N	N	N	N	N	N	N	N	N	N	N	0.0010	0.0006	0.0024	0.0009	0.0009	0.0000	0.0011	0.0000	0.0026	0.0021	0.0013	0.0057	0.0033	0.0033	0.0000	0.0016	0.0000	0.0057	2.1462	2.0561	2.3155	3.6143	3.6754	3.0214	1.4474	0.7418	2.2485	1.0009	0.5995	0.0000	-0.0431	0.4148	6.0036	1.5497	51.7820	0.0001	0.0000	0.0000	0.0000	0.0000	0.0000	0.0000	0.0000	0.0000	0.5159	0.3225	0.1934	0.2802	0.2583	0.0219	0.2357	0.0642	0.1715	0.0388	0.0316	0.0072	0.0125	0.0124	0.0001	0.0263	0.0192	0.0071	0.2404	0.1569	0.0835	0.0775	0.0703	0.0072	0.1629	0.0866	0.0763	0.0010	0.0006	0.0024	0.0009	0.0009	0.0000	0.0011	0.0000	0.0026	2.1462	2.0561	2.3155	3.6143	3.6754	3.0214	1.4474	0.7418	2.2485
35	49	0.0578	3	1	1	0	0	0	0	0	0	N	N	N	N	N	N	N	N	N	N	N	N	0.6116	0.2809	4.4617	0.4978	0.5593	0.0000	0.7999	0.0000	46.4556	0.5829	0.3578	1.5686	0.9018	0.9091	0.0000	0.4307	0.0000	1.5910	0.9531	1.2738	0.3516	1.8115	1.6255	3.5628	0.5385	0.9844	0.0342	1.0009	0.1471	0.0013	-0.0572	0.4148	5.9964	1.5497	34.6547	0.0226	0.0113	0.0113	0.0113	0.0113	0.0000	0.0113	0.0000	0.0113	0.1733	0.1511	0.0222	0.1073	0.0870	0.0203	0.0660	0.0640	0.0020	0.0387	0.0315	0.0072	0.0125	0.0124	0.0001	0.0262	0.0191	0.0071	0.1818	0.1186	0.0632	0.0592	0.0535	0.0057	0.1226	0.0651	0.0575	0.6116	0.2809	4.4617	0.4978	0.5593	0.0000	0.7999	0.0000	46.4556	0.9531	1.2738	0.3516	1.8115	1.6255	3.5628	0.5385	0.9844	0.0342
35	50	0.1473	4	0	0	1	0	0	0	0	0	N	N	N	N	N	N	N	N	N	N	N	N	13.0860	5.5648	646.7051	15.7799	14.2253	0.8400	11.9090	0.0059	701.5679	2.0598	1.2412	6.0583	2.9871	3.0236	0.0100	1.5720	0.0014	6.2108	0.1574	0.2231	0.0094	0.1893	0.2126	0.0119	0.1320	0.2367	0.0089	0.9992	0.0186	0.0228	-0.0230	0.4148	31.2093	1.5497	46.3939	0.3882	0.1942	0.1940	0.1941	0.1941	0.0000	0.1942	0.0001	0.1940	0.0522	0.0513	0.0010	0.0278	0.0276	0.0002	0.0244	0.0236	0.0008	0.1885	0.1565	0.0320	0.0650	0.0642	0.0008	0.1235	0.0923	0.0312	0.3318	0.2299	0.1019	0.1471	0.1301	0.0171	0.1847	0.0998	0.0849	13.0860	5.5648	646.7051	15.7799	14.2253	0.8400	11.9090	0.0059	701.5679	0.1574	0.2231	0.0094	0.1893	0.2126	0.0119	0.1320	0.2367	0.0089
35	51	0.0945	4	0	1	0	0	0	0	0	0	N	N	N	N	N	N	N	N	N	N	N	N	0.0002	0.0001	0.0014	0.0003	0.0003	0.0000	0.0002	0.0000	0.0083	0.0001	0.0001	0.0003	0.0002	0.0002	0.0000	0.0001	0.0000	0.0003	0.5077	0.6254	0.2222	0.5602	0.5856	0.4705	0.4399	0.6904	0.0377	1.0006	0.1464	0.0000	-0.0317	0.4148	4.1516	1.5497	14.5664	0.0000	0.0000	0.0000	0.0000	0.0000	0.0000	0.0000	0.0000	0.0000	0.0958	0.0836	0.0122	0.0596	0.0485	0.0110	0.0362	0.0350	0.0012	0.0287	0.0236	0.0051	0.0099	0.0098	0.0001	0.0188	0.0138	0.0050	0.1887	0.1336	0.0551	0.1064	0.0829	0.0235	0.0823	0.0507	0.0316	0.0002	0.0001	0.0014	0.0003	0.0003	0.0000	0.0002	0.0000	0.0083	0.5077	0.6254	0.2222	0.5602	0.5856	0.4705	0.4399	0.6904	0.0377
35	52	0.1750	6	1	0	1	0	0	0	0	0	N	N	N	N	N	N	N	N	N	N	N	N	79.6966	115.1909	42.1976	64.1369	66.8412	46.6723	100.1270	5846.4332	53.4781	0.2727	0.2831	0.2402	0.2406	0.2825	0.0020	0.3149	0.2841	0.3682	0.0034	0.0025	0.0057	0.0038	0.0042	0.0000	0.0031	0.0000	0.0069	0.2721	0.9830	-0.0000	0.0000	0.4148	0.0028	1.5497	0.9232	0.0000	0.0000	0.0000	0.0000	0.0000	0.0000	0.0000	0.0000	0.0000	0.0000	0.0000	0.0000	0.0000	0.0000	0.0000	0.0000	0.0000	0.0000	0.0001	0.0001	0.0000	0.0000	0.0000	0.0000	0.0000	0.0000	0.0000	0.0055	0.0038	0.0016	0.0025	0.0022	0.0003	0.0030	0.0016	0.0013	79.6966	115.1909	42.1976	64.1369	66.8412	46.6723	100.1270	5846.4332	53.4781	0.0034	0.0025	0.0057	0.0038	0.0042	0.0000	0.0031	0.0000	0.0069
35	53	0.5544	10	0	1	0	0	0	0	0	0	N	N	N	N	N	N	N	N	N	N	N	N	0.0032	0.0031	0.0049	0.0034	0.0054	0.0000	0.0121	0.0000	0.0869	0.0004	0.0003	0.0010	0.0007	0.0007	0.0000	0.0003	0.0000	0.0010	0.1326	0.1044	0.1973	0.2009	0.1267	0.6296	0.0217	0.0347	0.0114	0.5752	0.8249	-0.0000	-0.0001	0.4148	8.5400	1.5497	19.3759	0.0000	0.0000	0.0000	0.0000	0.0000	0.0000	0.0000	0.0000	0.0000	0.0227	0.0124	0.0103	0.0213	0.0114	0.0098	0.0014	0.0010	0.0004	0.0662	0.0554	0.0108	0.0266	0.0263	0.0004	0.0396	0.0291	0.0105	0.1711	0.1191	0.0520	0.1058	0.0902	0.0156	0.0652	0.0289	0.0363	0.0032	0.0031	0.0049	0.0034	0.0054	0.0000	0.0121	0.0000	0.0869	0.1326	0.1044	0.1973	0.2009	0.1267	0.6296	0.0217	0.0347	0.0114
35	54	0.4913	9	0	0	0	0	0	0	0	0	N	N	N	N	N	N	N	N	N	N	N	N	0.0025	0.0014	0.0093	0.0023	0.0030	0.0000	0.0034	0.0000	0.0642	0.0003	0.0002	0.0011	0.0004	0.0004	0.0000	0.0003	0.0000	0.0011	0.1386	0.1486	0.1165	0.1739	0.1389	0.3871	0.0885	0.1748	0.0176	0.9969	0.3519	0.0000	-0.0052	0.4148	7.3474	1.5497	24.2346	0.0000	0.0000	0.0000	0.0000	0.0000	0.0000	0.0000	0.0000	0.0000	0.0260	0.0193	0.0068	0.0192	0.0131	0.0060	0.0069	0.0061	0.0007	0.0599	0.0503	0.0096	0.0254	0.0250	0.0004	0.0345	0.0253	0.0091	0.1878	0.1297	0.0582	0.1102	0.0946	0.0156	0.0776	0.0350	0.0426	0.0025	0.0014	0.0093	0.0023	0.0030	0.0000	0.0034	0.0000	0.0642	0.1386	0.1486	0.1165	0.1739	0.1389	0.3871	0.0885	0.1748	0.0176
35	55	0.4615	8	0	0	0	0	0	0	0	0	N	N	N	N	N	N	N	N	N	N	N	N	0.0021	0.0015	0.0053	0.0019	0.0027	0.0000	0.0037	0.0000	0.0468	0.0004	0.0003	0.0012	0.0005	0.0005	0.0000	0.0003	0.0000	0.0013	0.2014	0.1913	0.2253	0.2756	0.2028	0.7002	0.0916	0.1612	0.0268	0.7728	0.4957	-0.0000	-0.0038	0.4148	3.4216	1.5497	15.9376	0.0000	0.0000	0.0000	0.0000	0.0000	0.0000	0.0000	0.0000	0.0000	0.0296	0.0198	0.0098	0.0242	0.0152	0.0090	0.0054	0.0046	0.0008	0.0305	0.0258	0.0047	0.0138	0.0135	0.0002	0.0167	0.0122	0.0045	0.1470	0.1034	0.0436	0.0877	0.0749	0.0128	0.0593	0.0286	0.0307	0.0021	0.0015	0.0053	0.0019	0.0027	0.0000	0.0037	0.0000	0.0468	0.2014	0.1913	0.2253	0.2756	0.2028	0.7002	0.0916	0.1612	0.0268
35	56	0.1782	4	0	1	0	0	0	0	0	0	N	N	N	N	N	N	N	N	N	N	N	N	0.0121	0.0066	0.0456	0.0161	0.0156	0.0000	0.0099	0.0000	0.0472	0.0007	0.0004	0.0020	0.0010	0.0010	0.0000	0.0006	0.0000	0.0020	0.0600	0.0670	0.0435	0.0617	0.0646	0.0444	0.0579	0.0720	0.0432	0.9999	0.2785	0.0000	-0.0019	0.4148	0.9891	1.5497	20.6926	0.0000	0.0000	0.0000	0.0000	0.0000	0.0000	0.0000	0.0000	0.0000	0.0078	0.0061	0.0017	0.0044	0.0040	0.0005	0.0034	0.0021	0.0012	0.0069	0.0056	0.0013	0.0025	0.0025	0.0000	0.0044	0.0031	0.0012	0.1297	0.0908	0.0389	0.0715	0.0612	0.0103	0.0582	0.0296	0.0286	0.0121	0.0066	0.0456	0.0161	0.0156	0.0000	0.0099	0.0000	0.0472	0.0600	0.0670	0.0435	0.0617	0.0646	0.0444	0.0579	0.0720	0.0432
35	57	0.0578	3	0	0	0	0	0	0	0	0	N	N	N	N	N	N	N	N	N	N	N	N	0.0030	0.0014	0.0216	0.0025	0.0028	0.0000	0.0040	0.0000	0.1804	0.0026	0.0016	0.0071	0.0041	0.0041	0.0000	0.0020	0.0000	0.0072	0.8725	1.1625	0.3283	1.6611	1.4911	3.2710	0.4930	0.8931	0.0398	1.0008	0.1505	0.0000	-0.0558	0.4148	5.0326	1.5497	39.3193	0.0001	0.0000	0.0000	0.0000	0.0000	0.0000	0.0000	0.0000	0.0000	0.1702	0.1480	0.0223	0.1053	0.0855	0.0198	0.0649	0.0625	0.0025	0.0327	0.0266	0.0061	0.0106	0.0105	0.0001	0.0221	0.0161	0.0060	0.1951	0.1273	0.0678	0.0634	0.0573	0.0061	0.1317	0.0699	0.0618	0.0030	0.0014	0.0216	0.0025	0.0028	0.0000	0.0040	0.0000	0.1804	0.8725	1.1625	0.3283	1.6611	1.4911	3.2710	0.4930	0.8931	0.0398
35	58	0.0578	3	0	1	0	1	0	0	0	0	N	N	N	N	N	N	N	N	N	N	N	N	0.0029	0.0011	0.0813	0.0020	0.0023	0.0000	0.0031	0.0000	0.7975	0.0105	0.0065	0.0281	0.0162	0.0164	0.0000	0.0078	0.0000	0.0285	3.5612	5.7991	0.3456	8.1790	7.2464	3.4887	2.4755	4.6319	0.0358	1.0002	0.0349	0.0000	-0.2808	0.4148	5.0036	1.5497	36.7244	0.0003	0.0002	0.0002	0.0002	0.0002	0.0000	0.0002	0.0000	0.0002	0.6614	0.6391	0.0223	0.3513	0.3310	0.0202	0.3101	0.3080	0.0021	0.0325	0.0265	0.0061	0.0105	0.0104	0.0001	0.0220	0.0160	0.0060	0.1857	0.1211	0.0646	0.0604	0.0547	0.0058	0.1253	0.0665	0.0588	0.0029	0.0012	0.0813	0.0028	0.0027	0.0000	0.0031	0.0000	0.7975	3.5612	5.2749	0.3456	5.8111	6.0573	3.4887	2.4755	4.6319	0.0358
35	59	0.4419	8	0	1	0	1	0	0	0	0	N	N	N	N	N	N	N	N	N	N	N	N	23.7025	21.2826	0.0358	20.7353	18.7839	0.0103	55.5934	38.2669	0.2409	4.4745	5.3344	0.0001	5.1836	5.3340	0.0001	3.9359	5.3348	0.0001	0.1888	0.2506	0.0026	0.2500	0.2840	0.0072	0.0708	0.1394	0.0004	0.0000	0.0034	-0.1693	-0.0232	0.4148	10.4254	1.5497	21.2017	0.3838	0.3838	0.0000	0.1919	0.1919	0.0000	0.1919	0.1919	0.0000	0.0510	0.0509	0.0002	0.0445	0.0443	0.0002	0.0065	0.0065	0.0000	0.0858	0.0719	0.0138	0.0370	0.0360	0.0010	0.0487	0.0360	0.0128	0.2703	0.2029	0.0674	0.1780	0.1561	0.0218	0.0923	0.0468	0.0456	23.7025	21.2826	0.0358	20.7353	18.7839	0.0103	55.5934	38.2669	0.2409	0.1888	0.2506	0.0026	0.2500	0.2840	0.0072	0.0708	0.1394	0.0004
35	60	0.1750	6	1	0	1	0	0	0	0	0	N	N	N	N	N	N	N	N	N	N	N	N	53.8213	70.8308	24.9457	42.6037	40.4567	0.0000	65.2987	501.0714	28.6558	0.0051	0.0054	0.0033	0.0046	0.0050	0.0000	0.0055	0.0057	0.0046	0.0001	0.0001	0.0001	0.0001	0.0001	0.0000	0.0001	0.0000	0.0002	0.0940	0.8707	-0.0000	0.0000	0.4148	1.9981	1.5497	3.0867	0.0001	0.0000	0.0000	0.0000	0.0000	0.0000	0.0000	0.0000	0.0000	0.0000	0.0000	0.0000	0.0000	0.0000	0.0000	0.0000	0.0000	0.0000	0.0098	0.0085	0.0013	0.0044	0.0040	0.0004	0.0054	0.0045	0.0009	0.0243	0.0163	0.0081	0.0109	0.0094	0.0015	0.0135	0.0069	0.0066	53.8213	70.8308	24.9457	42.6037	40.4567	0.0000	65.2987	501.0714	28.6558	0.0001	0.0001	0.0001	0.0001	0.0001	0.0000	0.0001	0.0000	0.0002
35	61	0.1317	5	1	0	1	0	0	0	0	0	N	N	N	N	N	N	N	N	N	N	N	N	1400.2104	1530.4451	256.1528	1749.6587	1575.8091	0.0000	1241.3417	1808.2177	229.0953	15.2816	18.2403	2.2908	23.5854	23.8487	0.0000	11.3028	14.6041	2.3358	0.0109	0.0119	0.0089	0.0135	0.0151	0.0022	0.0091	0.0081	0.0102	0.0286	0.3824	-0.1683	-0.0002	0.4148	4.0039	1.5497	14.0733	0.4073	0.3959	0.0113	0.2036	0.2036	0.0000	0.2036	0.1923	0.0113	0.0009	0.0007	0.0003	0.0005	0.0005	0.0000	0.0005	0.0002	0.0003	0.0267	0.0217	0.0049	0.0086	0.0085	0.0001	0.0180	0.0132	0.0048	0.0864	0.0572	0.0292	0.0357	0.0311	0.0046	0.0507	0.0261	0.0246	1400.2104	1530.4451	256.1528	1749.6587	1575.8091	0.0000	1241.3417	1808.2177	229.0953	0.0109	0.0119	0.0089	0.0135	0.0151	0.0022	0.0091	0.0081	0.0102
35	62	0.1511	6	1	0	1	0	0	0	0	0	N	N	N	N	N	N	N	N	N	N	N	N	0.0000	0.0000	0.0000	0.0000	0.0000	0.0000	0.0000	0.0000	0.0000	0.0000	0.0000	0.0000	0.0000	0.0000	0.0000	0.0000	0.0000	0.0000	0.0384	0.0348	0.0453	0.0441	0.0502	0.0046	0.0340	0.0131	0.0536	0.6951	0.0000	-0.0001	0.4148	0.0060	1.5497	17.2393	0.0000	0.0000	0.0000	0.0000	0.0000	0.0000	0.0000	0.0000	0.0000	0.0029	0.0017	0.0012	0.0015	0.0015	0.0000	0.0015	0.0003	0.0012	0.0001	0.0001	0.0000	0.0000	0.0000	0.0000	0.0001	0.0000	0.0000	0.0767	0.0500	0.0267	0.0337	0.0291	0.0045	0.0430	0.0209	0.0221	0.0000	0.0000	0.0000	0.0000	0.0000	0.0000	0.0000	0.0000	0.0000	0.0384	0.0348	0.0453	0.0441	0.0502	0.0046	0.0340	0.0131	0.0536	
35	63	0.0945	4	0	0	1	0	0	0	0	0	N	N	N	N	N	N	N	N	N	N	N	N	0.0512	0.0385	0.1012	0.0832	0.0647	0.0000	0.0326	0.0000	0.0531	0.0004	0.0002	0.0011	0.0005	0.0005	0.0000	0.0003	0.0000	0.0012	0.0074	0.0059	0.0112	0.0062	0.0080	0.0001	0.0092	0.0022	0.0218	1.0008	0.7450	0.0000	-0.0000	0.4148	1.0230	1.5497	12.1924	0.0000	0.0000	0.0000	0.0000	0.0000	0.0000	0.0000	0.0000	0.0000	0.0013	0.0007	0.0005	0.0006	0.0006	0.0000	0.0006	0.0001	0.0005	0.0084	0.0070	0.0014	0.0031	0.0031	0.0000	0.0053	0.0039	0.0014	0.1708	0.1224	0.0483	0.1019	0.0782	0.0237	0.0689	0.0442	0.0247	0.0512	0.0385	0.1012	0.0832	0.0647	0.0000	0.0326	0.0000	0.0531	0.0074	0.0059	0.0112	0.0062	0.0080	0.0001	0.0092	0.0022	0.0218
35	64	0.0578	3	0	0	0	0	0	0	0	0	N	N	N	N	N	N	N	N	N	N	N	N	0.0050	0.0023	0.0324	0.0042	0.0046	0.0000	0.0064	0.0000	0.1599	0.0052	0.0032	0.0137	0.0080	0.0081	0.0000	0.0039	0.0000	0.0139	1.0498	1.3836	0.4233	1.9250	1.7347	3.7354	0.6050	1.0756	0.0870	1.0008	0.1631	0.0000	-0.0258	0.4148	2.4556	1.5497	12.4191	0.0001	0.0000	0.0000	0.0000	0.0000	0.0000	0.0000	0.0000	0.0000	0.0811	0.0698	0.0114	0.0501	0.0409	0.0093	0.0310	0.0289	0.0021	0.0163	0.0132	0.0031	0.0053	0.0053	0.0000	0.0110	0.0080	0.0030	0.0773	0.0504	0.0269	0.0260	0.0236	0.0025	0.0513	0.0269	0.0244	0.0050	0.0023	0.0324	0.0042	0.0046	0.0000	0.0064	0.0000	0.1599	1.0498	1.3836	0.4233	1.9250	1.7347	3.7354	0.6050	1.0756	0.0870
35	65	0.1801	5	0	1	0	0	0	0	0	0	N	N	N	N	N	N	N	N	N	N	N	N	1.4938	0.7483	8.5893	1.6232	1.7091	0.0000	1.5404	0.0000	18.9054	0.0015	0.0009	0.0044	0.0021	0.0021	0.0000	0.0012	0.0000	0.0045	0.0010	0.0013	0.0005	0.0013	0.0013	0.0017	0.0008	0.0013	0.0002	0.9999	0.1704	0.0000	-0.0000	0.4148	1.7555	1.5497	11.9300	0.0000	0.0000	0.0000	0.0000	0.0000	0.0000	0.0000	0.0000	0.0000	0.0001	0.0001	0.0000	0.0000	0.0000	0.0000	0.0000	0.0000	0.0000	0.0124	0.0102	0.0022	0.0045	0.0045	0.0001	0.0079	0.0058	0.0021	0.0742	0.0523	0.0218	0.0353	0.0312	0.0041	0.0389	0.0212	0.0177	1.4938	0.7483	8.5893	1.6232	1.7091	0.0000	1.5404	0.0000	18.9054	0.0010	0.0013	0.0005	0.0013	0.0013	0.0017	0.0008	0.0013	0.0002
35	66	0.1591	7	1	1	1	0	0	0	0	0	N	N	N	N	N	N	N	N	N	N	N	N	0.0000	0.0000	0.0000	0.0000	0.0000	0.0000	0.0000	0.0000	0.0000	0.0000	0.0000	0.0000	0.0000	0.0000	0.0000	0.0000	0.0000	0.0000	0.0000	0.0000	0.4148	0.0000	1.5497	0.0000	0.0000	0.0000	0.0000	0.0000	0.0000	0.0000	0.0000	0.0000	0.0000	0.0000	0.0000	0.0000	0.0000	0.0000	0.0000	0.0000	0.0000	0.0000	0.0000	0.0000	0.0000	0.0000	0.0000	0.0000	0.0000	0.0000	0.0000	0.0000	0.0000	0.0000	0.0000	0.0000	0.0000	0.0000	0.0000	0.0000	0.0000	0.0000	0.0000	0.0000	0.0000	0.0000	0.0000	0.0000	0.0000	0.0000	0.0000	0.0000	0.0000	0.0000	0.0000	0.0000	0.0000	0.0000											
35	67	0.6637	10	1	1	1	0	0	0	0	0	N	N	N	N	N	N	N	N	N	N	N	N	0.0000	0.0000	0.0000	0.0000	0.0000	0.0000	0.0000	0.0000	0.0000	0.0000	0.0000	0.0000	0.0000	0.0000	0.0000	0.0000	0.0000	0.0000	0.0000	0.0000	0.4148	1.0000	1.5497	3.0000	0.0000	0.0000	0.0000	0.0000	0.0000	0.0000	0.0000	0.0000	0.0000	0.0000	0.0000	0.0000	0.0000	0.0000	0.0000	0.0000	0.0000	0.0000	0.0086	0.0077	0.0009	0.0069	0.0062	0.0006	0.0017	0.0015	0.0003	0.0202	0.0140	0.0062	0.0124	0.0109	0.0016	0.0078	0.0031	0.0047	0.0000	0.0000	0.0000	0.0000	0.0000	0.0000	0.0000	0.0000	0.0000	0.0000	0.0000	0.0000	0.0000	0.0000	0.0000	0.0000	0.0000	0.0000											
35	68	0.1591	7	1	1	1	0	0	0	0	0	N	N	N	N	N	N	N	N	N	N	N	N	0.0000	0.0000	0.0000	0.0000	0.0000	0.0000	0.0000	0.0000	0.0000	0.0000	0.0000	0.0000	0.0000	0.0000	0.0000	0.0000	0.0000	0.0000	0.0000	0.0000	0.4148	1.0000	1.5497	0.0000	0.0000	0.0000	0.0000	0.0000	0.0000	0.0000	0.0000	0.0000	0.0000	0.0000	0.0000	0.0000	0.0000	0.0000	0.0000	0.0000	0.0000	0.0000	0.0067	0.0055	0.0013	0.0021	0.0021	0.0000	0.0046	0.0034	0.0012	0.0047	0.0030	0.0017	0.0019	0.0017	0.0003	0.0027	0.0013	0.0014	0.0000	0.0000	0.0000	0.0000	0.0000	0.0000	0.0000	0.0000	0.0000	0.0000	0.0000	0.0000	0.0000	0.0000	0.0000	0.0000	0.0000	0.0000											
35	69	0.1427	6	1	1	1	0	0	0	0	0	N	N	N	N	N	N	N	N	N	N	N	N	0.5908	0.2820	3.6526	0.6336	0.6274	0.0000	0.6171	0.0000	5.2778	0.0001	0.0000	0.0002	0.0001	0.0001	0.0000	0.0000	0.0000	0.0002	0.0001	0.0001	0.0000	0.0002	0.0002	0.0001	0.0001	0.0001	0.0000	0.9991	0.1724	0.0000	-0.0000	0.4148	1.0155	1.5497	5.9708	0.0000	0.0000	0.0000	0.0000	0.0000	0.0000	0.0000	0.0000	0.0000	0.0000	0.0000	0.0000	0.0000	0.0000	0.0000	0.0000	0.0000	0.0000	0.0070	0.0057	0.0013	0.0022	0.0022	0.0000	0.0048	0.0035	0.0013	0.0358	0.0237	0.0121	0.0140	0.0124	0.0016	0.0218	0.0113	0.0104	0.5908	0.2820	3.6526	0.6336	0.6274	0.0000	0.6171	0.0000	5.2778	0.0001	0.0001	0.0000	0.0002	0.0002	0.0001	0.0001	0.0001	0.0000
35	70	0.1379	5	1	0	1	0	0	0	0	0	N	N	N	N	N	N	N	N	N	N	N	N	13.0223	7.0540	51.2136	13.5508	13.6038	28.7931	13.5100	0.0000	65.5134	0.0442	0.0270	0.1233	0.0559	0.0556	0.1264	0.0364	0.0000	0.1232	0.0034	0.0038	0.0024	0.0041	0.0041	0.0044	0.0027	0.0034	0.0019	0.9990	0.2709	0.0000	-0.0000	0.4148	0.0406	1.5497	2.3361	0.0000	0.0000	0.0000	0.0000	0.0000	0.0000	0.0000	0.0000	0.0000	0.0001	0.0001	0.0000	0.0000	0.0000	0.0000	0.0000	0.0000	0.0000	0.0005	0.0004	0.0001	0.0002	0.0002	0.0000	0.0003	0.0002	0.0001	0.0218	0.0153	0.0066	0.0107	0.0093	0.0014	0.0112	0.0060	0.0052	13.0223	7.0540	51.2136	13.5508	13.6038	28.7931	13.5100	0.0000	65.5134	0.0034	0.0038	0.0024	0.0041	0.0041	0.0044	0.0027	0.0034	0.0019
35	71	0.6637	10	1	1	1	0	0	0	0	0	N	N	N	N	N	N	N	N	N	N	N	N	0.0000	0.0000	0.0000	0.0000	0.0000	0.0000	0.0000	0.0000	0.0000	0.0000	0.0000	0.0000	0.0000	0.0000	0.0000	0.0000	0.0000	0.0000	0.0000	0.0000	0.4148	0.0000	1.5497	0.0000	0.0000	0.0000	0.0000	0.0000	0.0000	0.0000	0.0000	0.0000	0.0000	0.0000	0.0000	0.0000	0.0000	0.0000	0.0000	0.0000	0.0000	0.0000	0.0000	0.0000	0.0000	0.0000	0.0000	0.0000	0.0000	0.0000	0.0000	0.0000	0.0000	0.0000	0.0000	0.0000	0.0000	0.0000	0.0000	0.0000	0.0000	0.0000	0.0000	0.0000	0.0000	0.0000	0.0000	0.0000	0.0000	0.0000	0.0000	0.0000	0.0000	0.0000	0.0000	0.0000	0.0000	0.0000											
35	72	0.6456	9	1	1	1	0	0	0	0	0	N	N	N	N	N	N	N	N	N	N	N	N	0.0001	0.0001	0.0000	0.0000	0.0001	0.0000	0.0000	0.0000	0.0000	0.0000	0.0000	0.0000	0.0000	0.0000	0.0000	0.0000	0.0000	0.0000	0.0004	0.0005	0.0002	0.0004	0.0005	0.0004	0.0004	0.0008	0.0001	0.0000	0.1596	-0.0000	-0.0000	0.4148	3.9057	1.5497	1.1104	0.0000	0.0000	0.0000	0.0000	0.0000	0.0000	0.0000	0.0000	0.0000	0.0000	0.0000	0.0000	0.0000	0.0000	0.0000	0.0000	0.0000	0.0000	0.0339	0.0303	0.0036	0.0262	0.0238	0.0024	0.0077	0.0065	0.0012	0.0295	0.0205	0.0090	0.0191	0.0163	0.0028	0.0103	0.0041	0.0062	0.0001	0.0001	0.0000	0.0000	0.0001	0.0000	0.0000	0.0000	0.0000	0.0004	0.0005	0.0002	0.0004	0.0005	0.0004	0.0004	0.0008	0.0001
35	73	0.4428	7	1	1	0	0	0	0	0	0	N	N	N	N	N	N	N	N	N	N	N	N	0.1744	0.2048	0.1285	0.1763	0.1392	10.4817	0.1807	0.5788	0.0101	0.0031	0.0031	0.0030	0.0028	0.0025	0.0058	0.0037	0.0043	0.0003	0.0179	0.0153	0.0233	0.0159	0.0182	0.0006	0.0206	0.0075	0.0303	0.1130	0.7285	-0.0001	-0.0001	0.4148	6.9070	1.5497	16.5673	0.0002	0.0002	0.0000	0.0001	0.0001	0.0000	0.0001	0.0001	0.0000	0.0023	0.0013	0.0010	0.0012	0.0012	0.0000	0.0011	0.0002	0.0010	0.0626	0.0560	0.0066	0.0406	0.0374	0.0033	0.0220	0.0186	0.0034	0.1291	0.0873	0.0418	0.0734	0.0635	0.0098	0.0557	0.0238	0.0319	0.1744	0.2048	0.1285	0.1763	0.1392	10.4817	0.1807	0.5788	0.0101	0.0179	0.0153	0.0233	0.0159	0.0182	0.0006	0.0206	0.0075	0.0303
35	74	0.5067	9	0	1	0	1	0	0	0	0	N	N	N	N	N	N	N	N	N	N	N	N	0.0066	0.0044	0.0158	0.0113	0.0087	1.2357	0.0038	0.0000	0.0107	0.0002	0.0001	0.0005	0.0003	0.0002	0.0028	0.0001	0.0000	0.0004	0.0273	0.0246	0.0331	0.0241	0.0269	0.0023	0.0319	0.0172	0.0416	0.9933	0.6217	0.0000	-0.0003	0.4148	6.4226	1.5497	19.3377	0.0000	0.0000	0.0000	0.0000	0.0000	0.0000	0.0000	0.0000	0.0000	0.0034	0.0021	0.0013	0.0018	0.0017	0.0000	0.0016	0.0003	0.0013	0.0479	0.0396	0.0082	0.0187	0.0184	0.0003	0.0292	0.0212	0.0080	0.1239	0.0847	0.0392	0.0730	0.0645	0.0085	0.0510	0.0203	0.0307	0.0066	0.0044	0.0158	0.0113	0.0087	1.2357	0.0038	0.0000	0.0107	0.0273	0.0246	0.0331	0.0241	0.0269	0.0023	0.0319	0.0172	0.0416
35	75	0.4615	8	0	0	0	1	0	0	0	0	N	N	N	N	N	N	N	N	N	N	N	N	0.0023	0.0011	0.0263	0.0026	0.0024	0.0001	0.0020	0.0002	0.0439	0.0003	0.0002	0.0007	0.0003	0.0003	0.0000	0.0002	0.0000	0.0008	0.1132	0.1494	0.0283	0.1070	0.1157	0.0548	0.1222	0.2382	0.0177	0.8629	0.0808	0.0000	-0.0069	0.4148	5.1932	1.5497	17.4397	0.0000	0.0000	0.0000	0.0000	0.0000	0.0000	0.0000	0.0000	0.0000	0.0180	0.0167	0.0013	0.0101	0.0093	0.0007	0.0079	0.0073	0.0006	0.0431	0.0362	0.0069	0.0187	0.0184	0.0003	0.0244	0.0178	0.0066	0.1591	0.1115	0.0476	0.0943	0.0808	0.0135	0.0648	0.0307	0.0341	0.0023	0.0011	0.0263	0.0026	0.0024	0.0001	0.0020	0.0002	0.0439	0.1132	0.1494	0.0283	0.1070	0.1157	0.0548	0.1222	0.2382	0.0177
35	76	0.4245	7	0	0	0	0	0	0	0	0	N	N	N	N	N	N	N	N	N	N	N	N	0.0095	0.0042	0.0874	0.0150	0.0082	0.5174	0.0065	0.0000	0.1467	0.0030	0.0016	0.0103	0.0058	0.0033	0.1450	0.0011	0.0000	0.0041	0.3193	0.3814	0.1175	0.3876	0.4026	0.2803	0.1733	0.3054	0.0283	1.2686	0.0948	0.0000	-0.0275	0.4148	4.4918	1.5497	17.5337	0.0001	0.0000	0.0001	0.0001	0.0000	0.0000	0.0000	0.0000	0.0000	0.0741	0.0677	0.0064	0.0613	0.0559	0.0054	0.0128	0.0118	0.0010	0.0371	0.0309	0.0061	0.0152	0.0150	0.0003	0.0218	0.0159	0.0059	0.2320	0.1774	0.0546	0.1581	0.1388	0.0193	0.0739	0.0387	0.0353	0.0095	0.0042	0.0874	0.0150	0.0082	0.5174	0.0065	0.0000	0.1467	0.3193	0.3814	0.1175	0.3876	0.4026	0.2803	0.1733	0.3054	0.0283
35	77	0.1536	6	0	0	0	1	0	0	0	0	N	N	N	N	N	N	N	N	N	N	N	N	0.0004	0.0002	0.0014	0.0003	0.0003	0.0000	0.0005	0.0000	0.0012	0.0000	0.0000	0.0002	0.0000	0.0000	0.0000	0.0000	0.0000	0.0002	0.0968	0.0912	0.1087	0.1109	0.1274	0.0116	0.0855	0.0457	0.1326	2.0000	0.5555	0.0000	-0.0008	0.4148	0.3745	1.5497	14.7996	0.0000	0.0000	0.0000	0.0000	0.0000	0.0000	0.0000	0.0000	0.0000	0.0082	0.0053	0.0029	0.0042	0.0041	0.0001	0.0040	0.0012	0.0029	0.0029	0.0024	0.0005	0.0010	0.0010	0.0000	0.0018	0.0014	0.0005	0.0848	0.0578	0.0270	0.0375	0.0322	0.0053	0.0472	0.0256	0.0216	0.0004	0.0002	0.0014	0.0003	0.0003	0.0000	0.0005	0.0000	0.0012	0.0968	0.0912	0.1087	0.1109	0.1274	0.0116	0.0855	0.0457	0.1326
35	78	0.1313	5	0	0	0	1	0	0	0	0	N	N	N	N	N	N	N	N	N	N	N	N	0.0044	0.0013	0.0947	0.0036	0.0034	0.0002	0.0052	0.0000	0.2223	0.0029	0.0012	0.0109	0.0029	0.0030	0.0001	0.0029	0.0000	0.0111	0.6701	0.9154	0.1147	0.8080	0.8645	0.4099	0.5597	0.9806	0.0497	1.9997	0.0553	0.0000	-0.0199	0.4148	1.4595	1.5497	10.3922	0.0000	0.0000	0.0000	0.0000	0.0000	0.0000	0.0000	0.0000	0.0000	0.0489	0.0464	0.0026	0.0262	0.0246	0.0017	0.0227	0.0218	0.0009	0.0102	0.0084	0.0018	0.0034	0.0034	0.0000	0.0068	0.0050	0.0018	0.0730	0.0506	0.0224	0.0325	0.0284	0.0040	0.0406	0.0222	0.0183	0.0044	0.0013	0.0947	0.0036	0.0034	0.0002	0.0052	0.0000	0.2223	0.6701	0.9154	0.1147	0.8080	0.8645	0.4099	0.5597	0.9806	0.0497
35	79	0.1172	4	0	0	0	1	0	0	0	0	N	N	N	N	N	N	N	N	N	N	N	N	0.0020	0.0013	0.0050	0.0021	0.0025	0.0000	0.0025	0.0001	0.0091	0.0001	0.0001	0.0003	0.0002	0.0002	0.0000	0.0001	0.0000	0.0003	0.0600	0.0584	0.0636	0.0882	0.0749	0.1800	0.0359	0.0359	0.0358	0.9356	0.4716	0.0000	-0.0005	0.4148	1.3861	1.5497	6.3168	0.0000	0.0000	0.0000	0.0000	0.0000	0.0000	0.0000	0.0000	0.0000	0.0033	0.0022	0.0010	0.0022	0.0016	0.0006	0.0011	0.0006	0.0005	0.0094	0.0076	0.0017	0.0031	0.0030	0.0000	0.0063	0.0046	0.0017	0.0546	0.0381	0.0165	0.0252	0.0220	0.0032	0.0295	0.0161	0.0133	0.0020	0.0013	0.0050	0.0021	0.0025	0.0000	0.0025	0.0001	0.0091	0.0600	0.0584	0.0636	0.0882	0.0749	0.1800	0.0359	0.0359	0.0358
35	80	0.0578	3	0	0	0	1	0	0	0	0	N	N	N	N	N	N	N	N	N	N	N	N	0.1076	0.0634	0.3617	0.0883	0.0892	0.0000	0.1326	0.0329	0.4289	0.0035	0.0024	0.0084	0.0049	0.0049	0.0000	0.0029	0.0008	0.0085	0.0328	0.0379	0.0232	0.0550	0.0549	0.0563	0.0218	0.0236	0.0199	0.8069	0.3267	0.0000	-0.0008	0.4148	4.0043	1.5497	19.8631	0.0001	0.0001	0.0000	0.0000	0.0000	0.0000	0.0001	0.0000	0.0000	0.0038	0.0029	0.0009	0.0021	0.0019	0.0002	0.0017	0.0010	0.0007	0.0262	0.0213	0.0049	0.0085	0.0084	0.0001	0.0177	0.0129	0.0049	0.1162	0.0758	0.0404	0.0385	0.0347	0.0037	0.0778	0.0411	0.0367	0.1076	0.0634	0.3617	0.0883	0.0892	0.0000	0.1326	0.0329	0.4289	0.0328	0.0379	0.0232	0.0550	0.0549	0.0563	0.0218	0.0236	0.0199
35	81	0.5983	9	0	1	1	0	0	0	0	0	N	N	N	N	N	N	N	N	N	N	N	N	147067.8598	112300.3066	430582.6920	73036.4215	107432.5827	0.0000	620542.7905	2247329.1419	0.2673	0.1503	1.2446	0.1689	0.1857	0.0000	0.6482	0.0000	3.8144	0.0000	0.0000	0.0000	0.0000	0.0000	0.0000	0.0000	0.0000	0.0000	0.9923	0.9661	0.0003	0.0000	0.4148	2.0162	1.5497	4.5500	0.0051	0.0026	0.0026	0.0026	0.0026	0.0000	0.0026	0.0000	0.0026	0.0000	0.0000	0.0000	0.0000	0.0000	0.0000	0.0000	0.0000	0.0000	0.0192	0.0172	0.0021	0.0153	0.0139	0.0014	0.0039	0.0033	0.0007	0.0383	0.0265	0.0118	0.0234	0.0205	0.0029	0.0149	0.0060	0.0090	147067.8598	112300.3066	430582.6920	73036.4215	107432.5827	0.0000	620542.7905	0.0000	2247329.1419	0.0000	0.0000	0.0000	0.0000	0.0000	0.0000	0.0000	0.0000	0.0000	
35	82	0.1657	7	0	1	1	0	0	0	0	0	N	N	N	N	N	N	N	N	N	N	N	N	0.0012	0.0011	0.0000	0.0000	0.0000	0.0000	0.0030	0.0022	0.0000	0.0000	0.0000	0.0000	0.0000	0.0000	0.0000	0.0000	0.0000	0.0000	0.0003	0.0003	0.0001	0.0004	0.0004	0.0006	0.0002	0.0003	0.0000	0.0000	0.1873	-0.0000	-0.0000	0.4148	3.0011	1.5497	3.7015	0.0000	0.0000	0.0000	0.0000	0.0000	0.0000	0.0000	0.0000	0.0000	0.0000	0.0000	0.0000	0.0000	0.0000	0.0000	0.0000	0.0000	0.0000	0.0201	0.0163	0.0037	0.0066	0.0065	0.0001	0.0135	0.0098	0.0037	0.0356	0.0234	0.0122	0.0154	0.0133	0.0021	0.0201	0.0101	0.0101	0.0012	0.0011	0.0000	0.0000	0.0000	0.0000	0.0030	0.0022	0.0000	0.0003	0.0003	0.0001	0.0004	0.0004	0.0006	0.0002	0.0003	0.0000
35	83	0.1543	6	0	1	0	0	0	0	0	0	N	N	N	N	N	N	N	N	N	N	N	N	1.6036	0.7943	16.8298	3.2936	1.7205	52.1986	0.3091	0.1814	6.7236	0.0191	0.0126	0.0467	0.0505	0.0268	0.7138	0.0028	0.0030	0.0023	0.0119	0.0159	0.0028	0.0153	0.0156	0.0137	0.0091	0.0164	0.0003	0.8604	0.0769	0.0000	-0.0002	0.4148	2.0032	1.5497	4.2039	0.0003	0.0001	0.0001	0.0002	0.0001	0.0001	0.0000	0.0000	0.0000	0.0005	0.0004	0.0000	0.0003	0.0002	0.0000	0.0002	0.0002	0.0000	0.0140	0.0113	0.0026	0.0048	0.0046	0.0002	0.0092	0.0067	0.0025	0.0402	0.0279	0.0123	0.0182	0.0159	0.0022	0.0220	0.0120	0.0100	1.6036	0.7943	16.8298	3.2936	1.7205	52.1986	0.3091	0.1814	6.7236	0.0119	0.0159	0.0028	0.0153	0.0156	0.0137	0.0091	0.0164	0.0003
35	84	0.1511	6	1	0	1	0	0	0	0	0	N	N	N	N	N	N	N	N	N	N	N	N	0.0000	0.0000	0.0000	0.0000	0.0000	0.0000	0.0000	0.0000	0.0000	0.0000	0.0000	0.0000	0.0000	0.0000	0.0000	0.0000	0.0000	0.0000	0.0024	0.0021	0.0028	0.0028	0.0031	0.0009	0.0020	0.0006	0.0032	0.7171	0.0000	-0.0000	0.4148	1.0052	1.5497	4.9545	0.0000	0.0000	0.0000	0.0000	0.0000	0.0000	0.0000	0.0000	0.0000	0.0001	0.0000	0.0000	0.0000	0.0000	0.0000	0.0000	0.0000	0.0000	0.0068	0.0056	0.0013	0.0023	0.0023	0.0000	0.0046	0.0033	0.0012	0.0295	0.0192	0.0102	0.0132	0.0115	0.0017	0.0163	0.0078	0.0085	0.0000	0.0000	0.0000	0.0000	0.0000	0.0000	0.0000	0.0000	0.0000	0.0024	0.0021	0.0028	0.0028	0.0031	0.0009	0.0020	0.0006	0.0032	
35	85	0.1317	5	1	0	1	0	0	0	0	0	N	N	N	N	N	N	N	N	N	N	N	N	0.0000	0.0000	0.0000	0.0000	0.0000	0.0000	0.0000	0.0000	0.0000	0.0000	0.0000	0.0000	0.0000	0.0000	0.0000	0.0000	0.0000	0.0000	0.0433	0.0383	0.0537	0.0514	0.0581	0.0007	0.0374	0.0140	0.0634	0.6690	0.0000	-0.0001	0.4148	0.9968	1.5497	7.6169	0.0000	0.0000	0.0000	0.0000	0.0000	0.0000	0.0000	0.0000	0.0000	0.0020	0.0012	0.0008	0.0010	0.0010	0.0000	0.0010	0.0002	0.0008	0.0068	0.0055	0.0013	0.0022	0.0022	0.0000	0.0046	0.0033	0.0012	0.0465	0.0315	0.0150	0.0196	0.0173	0.0023	0.0268	0.0142	0.0127	0.0000	0.0000	0.0000	0.0000	0.0000	0.0000	0.0000	0.0000	0.0000	0.0433	0.0383	0.0537	0.0514	0.0581	0.0007	0.0374	0.0140	0.0634	
35	86	0.1517	4	1	1	0	0	0	0	0	0	N	N	N	N	N	N	N	N	N	N	N	N	0.0016	0.0009	0.0048	0.0018	0.0019	0.0000	0.0016	0.0000	0.0066	0.0001	0.0001	0.0002	0.0001	0.0001	0.0000	0.0001	0.0000	0.0002	0.0479	0.0534	0.0346	0.0593	0.0582	0.0667	0.0374	0.0464	0.0259	0.9969	0.2666	0.0000	-0.0011	0.4148	5.8060	1.5497	6.1034	0.0000	0.0000	0.0000	0.0000	0.0000	0.0000	0.0000	0.0000	0.0000	0.0045	0.0036	0.0010	0.0027	0.0023	0.0004	0.0018	0.0013	0.0006	0.0495	0.0381	0.0115	0.0178	0.0177	0.0001	0.0317	0.0204	0.0113	0.0946	0.0671	0.0276	0.0454	0.0395	0.0059	0.0492	0.0276	0.0216	0.0016	0.0009	0.0048	0.0018	0.0019	0.0000	0.0016	0.0000	0.0066	0.0479	0.0534	0.0346	0.0593	0.0582	0.0667	0.0374	0.0464	0.0259
35	87	0.0578	3	1	1	0	0	0	0	0	0	N	N	N	N	N	N	N	N	N	N	N	N	0.2010	0.0931	1.4227	0.1662	0.1857	0.0000	0.2596	0.0010	8.7528	0.2232	0.1372	0.6099	0.3473	0.3501	0.0000	0.1644	0.0011	0.6187	1.1101	1.4735	0.4287	2.0899	1.8851	4.0033	0.6332	1.1320	0.0707	0.9889	0.1551	0.0010	-0.0564	0.4148	12.2869	1.5497	21.7146	0.0171	0.0086	0.0085	0.0085	0.0085	0.0000	0.0085	0.0000	0.0085	0.1741	0.1508	0.0234	0.1073	0.0874	0.0199	0.0668	0.0633	0.0035	0.0765	0.0626	0.0139	0.0246	0.0244	0.0002	0.0519	0.0382	0.0137	0.1569	0.1023	0.0546	0.0514	0.0464	0.0050	0.1055	0.0559	0.0496	0.2010	0.0931	1.4227	0.1662	0.1857	0.0000	0.2596	0.0010	8.7528	1.1101	1.4735	0.4287	2.0899	1.8851	4.0033	0.6332	1.1320	0.0707
35	88	0.1543	6	0	1	0	0	0	0	0	0	N	N	N	N	N	N	N	N	N	N	N	N	1784.8368	1720.3457	0.0000	2141.0470	2079.7517	0.0000	1650.5400	1495.9974	0.0000	14.2052	17.4637	0.0000	21.2920	21.7993	0.0000	10.6580	14.5667	0.0000	0.0080	0.0102	0.0035	0.0099	0.0105	0.0064	0.0065	0.0097	0.0028	0.0000	0.1657	-0.1696	-0.0002	0.4148	4.0005	1.5497	9.0093	0.3844	0.3844	0.0000	0.1922	0.1922	0.0000	0.1922	0.1922	0.0000	0.0006	0.0005	0.0001	0.0003	0.0003	0.0000	0.0003	0.0002	0.0001	0.0271	0.0220	0.0050	0.0090	0.0088	0.0002	0.0180	0.0132	0.0048	0.0694	0.0467	0.0227	0.0299	0.0260	0.0039	0.0395	0.0207	0.0188	1784.8368	1720.3457	0.0000	2141.0470	2079.7517	0.0000	1650.5400	1495.9974	0.0000	0.0080	0.0102	0.0035	0.0099	0.0105	0.0064	0.0065	0.0097	0.0028
35	89	0.1317	5	0	1	0	0	0	0	0	0	N	N	N	N	N	N	N	N	N	N	N	N	5.4562	7.3128	0.5632	5.9335	6.2246	0.0000	5.7582	15.9781	0.6283	0.0361	0.0434	0.0045	0.0554	0.0561	0.0000	0.0268	0.0351	0.0046	0.0066	0.0059	0.0080	0.0093	0.0090	0.0117	0.0047	0.0022	0.0074	0.0240	0.6578	-0.0001	-0.0000	0.4148	1.0051	1.5497	9.2650	0.0002	0.0002	0.0000	0.0001	0.0001	0.0000	0.0001	0.0001	0.0000	0.0004	0.0002	0.0001	0.0002	0.0002	0.0000	0.0001	0.0000	0.0001	0.0068	0.0055	0.0013	0.0022	0.0022	0.0000	0.0046	0.0033	0.0012	0.0537	0.0361	0.0175	0.0225	0.0198	0.0027	0.0311	0.0163	0.0148	5.4562	7.3128	0.5632	5.9335	6.2246	0.0000	5.7582	15.9781	0.6283	0.0066	0.0059	0.0080	0.0093	0.0090	0.0117	0.0047	0.0022	0.0074
35	90	0.1801	5	0	0	1	0	0	0	0	0	N	N	N	N	N	N	N	N	N	N	N	N	0.6385	0.3414	2.7245	0.7914	0.8277	0.0000	0.5584	0.0000	3.7411	0.0012	0.0007	0.0033	0.0016	0.0016	0.0000	0.0009	0.0000	0.0034	0.0018	0.0021	0.0012	0.0020	0.0020	0.0026	0.0017	0.0023	0.0009	0.9999	0.2346	0.0000	-0.0000	0.4148	2.3559	1.5497	7.1930	0.0000	0.0000	0.0000	0.0000	0.0000	0.0000	0.0000	0.0000	0.0000	0.0001	0.0001	0.0000	0.0001	0.0000	0.0000	0.0000	0.0000	0.0000	0.0164	0.0135	0.0029	0.0059	0.0059	0.0001	0.0104	0.0076	0.0028	0.0556	0.0396	0.0160	0.0266	0.0236	0.0030	0.0290	0.0160	0.0130	0.6385	0.3414	2.7245	0.7914	0.8277	0.0000	0.5584	0.0000	3.7411	0.0018	0.0021	0.0012	0.0020	0.0020	0.0026	0.0017	0.0023	0.0009
35	91	0.1473	4	0	0	0	0	0	0	0	0	N	N	N	N	N	N	N	N	N	N	N	N	6.1264	4.7105	10.8403	4.9139	6.5032	1.0239	10.4027	0.0000	20.8124	0.0420	0.0257	0.1145	0.0503	0.0506	0.0316	0.0359	0.0000	0.1171	0.0068	0.0055	0.0106	0.0102	0.0078	0.0308	0.0034	0.0017	0.0056	0.9998	0.7276	0.0001	-0.0000	0.4148	4.9284	1.5497	11.0439	0.0019	0.0010	0.0010	0.0010	0.0010	0.0000	0.0010	0.0000	0.0010	0.0009	0.0005	0.0004	0.0007	0.0005	0.0002	0.0002	0.0001	0.0002	0.0462	0.0377	0.0085	0.0194	0.0192	0.0003	0.0268	0.0186	0.0082	0.1305	0.0949	0.0356	0.0653	0.0583	0.0070	0.0652	0.0366	0.0286	6.1264	4.7105	10.8403	4.9139	6.5032	1.0239	10.4027	0.0000	20.8124	0.0068	0.0055	0.0106	0.0102	0.0078	0.0308	0.0034	0.0017	0.0056
35	92	0.0578	3	0	0	0	0	0	0	0	0	N	N	N	N	N	N	N	N	N	N	N	N	4.7960	2.6809	15.9640	4.5748	4.4018	0.0000	5.0766	0.0625	16.4026	0.0780	0.0484	0.2061	0.1204	0.1213	0.0000	0.0577	0.0006	0.2090	0.0163	0.0180	0.0129	0.0263	0.0276	0.0146	0.0114	0.0101	0.0127	0.9844	0.3816	0.0001	-0.0005	0.4148	3.9161	1.5497	29.2065	0.0020	0.0010	0.0010	0.0010	0.0010	0.0000	0.0010	0.0000	0.0010	0.0025	0.0018	0.0007	0.0013	0.0013	0.0001	0.0012	0.0006	0.0006	0.0257	0.0208	0.0048	0.0083	0.0082	0.0001	0.0174	0.0126	0.0047	0.1535	0.1001	0.0534	0.0503	0.0454	0.0049	0.1032	0.0547	0.0485	4.7960	2.6809	15.9640	4.5748	4.4018	0.0000	5.0766	0.0625	16.4026	0.0163	0.0180	0.0129	0.0263	0.0276	0.0146	0.0114	0.0101	0.0127
35	93	0.5983	9	1	1	0	0	0	0	0	0	N	N	N	N	N	N	N	N	N	N	N	N	0.0240	0.0120	0.1544	0.0132	0.0144	0.0000	0.0759	0.0000	0.5663	0.0003	0.0002	0.0015	0.0002	0.0002	0.0000	0.0008	0.0000	0.0046	0.0130	0.0146	0.0096	0.0148	0.0150	0.0138	0.0102	0.0133	0.0082	1.0078	0.2945	0.0000	-0.0002	0.4148	2.5103	1.5497	7.4742	0.0000	0.0000	0.0000	0.0000	0.0000	0.0000	0.0000	0.0000	0.0000	0.0007	0.0005	0.0002	0.0005	0.0004	0.0001	0.0002	0.0001	0.0001	0.0235	0.0210	0.0025	0.0187	0.0170	0.0017	0.0047	0.0040	0.0008	0.0541	0.0373	0.0168	0.0328	0.0288	0.0041	0.0212	0.0085	0.0127	0.0240	0.0120	0.1544	0.0132	0.0144	0.0000	0.0759	0.0000	0.5663	0.0130	0.0146	0.0096	0.0148	0.0150	0.0138	0.0102	0.0133	0.0082
35	94	0.5621	8	0	1	0	0	0	0	0	0	N	N	N	N	N	N	N	N	N	N	N	N	0.0137	0.0077	0.0656	0.0072	0.0087	0.0000	0.0477	0.0000	0.2742	0.0002	0.0001	0.0008	0.0001	0.0001	0.0000	0.0004	0.0000	0.0023	0.0126	0.0126	0.0126	0.0158	0.0145	0.0244	0.0074	0.0063	0.0083	0.9972	0.4450	0.0000	-0.0001	0.4148	7.1305	1.5497	3.2426	0.0000	0.0000	0.0000	0.0000	0.0000	0.0000	0.0000	0.0000	0.0000	0.0007	0.0005	0.0002	0.0005	0.0004	0.0001	0.0002	0.0001	0.0001	0.0649	0.0581	0.0068	0.0491	0.0448	0.0043	0.0158	0.0133	0.0025	0.0563	0.0390	0.0173	0.0346	0.0299	0.0046	0.0217	0.0091	0.0127	0.0137	0.0077	0.0656	0.0072	0.0087	0.0000	0.0477	0.0000	0.2742	0.0126	0.0126	0.0126	0.0158	0.0145	0.0244	0.0074	0.0063	0.0083
35	95	0.1317	5	1	1	0	0	0	0	0	0	N	N	N	N	N	N	N	N	N	N	N	N	0.0000	0.0000	0.0000	0.0000	0.0000	0.0000	0.0000	0.0000	0.0000	0.0000	0.0000	0.0000	0.0000	0.0000	0.0000	0.0000	0.0000	0.0000	0.0142	0.0124	0.0177	0.0183	0.0202	0.0055	0.0114	0.0032	0.0199	0.7453	0.0000	-0.0001	0.4148	8.0000	1.5497	22.5660	0.0000	0.0000	0.0000	0.0000	0.0000	0.0000	0.0000	0.0000	0.0000	0.0019	0.0011	0.0008	0.0010	0.0010	0.0000	0.0009	0.0001	0.0008	0.0521	0.0425	0.0095	0.0168	0.0166	0.0002	0.0353	0.0259	0.0094	0.1348	0.0885	0.0463	0.0551	0.0479	0.0072	0.0798	0.0406	0.0392	0.0000	0.0000	0.0000	0.0000	0.0000	0.0000	0.0000	0.0000	0.0000	0.0142	0.0124	0.0177	0.0183	0.0202	0.0055	0.0114	0.0032	0.0199	
35	96	0.0578	3	0	0	0	0	0	0	0	0	N	N	N	N	N	N	N	N	N	N	N	N	2.6409	2.0856	5.0938	2.6954	2.4552	0.0000	2.6159	0.0000	4.6970	5.4419	3.3266	14.9427	8.4619	8.5307	0.0000	4.0106	0.0000	15.1583	2.0606	1.5950	2.9335	3.1394	3.4746	0.0169	1.5332	0.0280	3.2272	1.0001	0.9809	0.0240	0.0110	0.4148	11.9964	1.5497	18.8414	0.4072	0.2036	0.2036	0.2036	0.2036	0.0000	0.2036	0.0000	0.2036	0.2978	0.1503	0.1475	0.1490	0.1489	0.0001	0.1488	0.0014	0.1474	0.0748	0.0612	0.0136	0.0241	0.0239	0.0002	0.0508	0.0373	0.0134	0.1445	0.0943	0.0503	0.0475	0.0429	0.0046	0.0971	0.0514	0.0457	2.6409	2.0856	5.0938	2.6954	2.4552	0.0000	2.6159	0.0000	4.6970	2.0606	1.5950	2.9335	3.1394	3.4746	0.0169	1.5332	0.0280	3.2272
35	98	0.1622	7	1	1	1	0	0	0	0	0	N	N	N	N	N	N	N	N	N	N	N	N	0.0000	0.0000	0.0000	0.0000	0.0000	0.0000	0.0000	0.0000	0.0000	0.0000	0.0000	0.0000	0.0000	0.0000	0.0000	0.0000	0.0000	0.0000	0.0248	0.0188	0.0368	0.0308	0.0302	0.0342	0.0193	0.0005	0.0375	0.9790	0.0000	0.0001	0.4148	0.9502	1.5497	16.1595	0.0000	0.0000	0.0000	0.0000	0.0000	0.0000	0.0000	0.0000	0.0000	0.0019	0.0010	0.0009	0.0011	0.0010	0.0002	0.0008	0.0000	0.0008	0.0069	0.0057	0.0012	0.0025	0.0024	0.0000	0.0045	0.0033	0.0012	0.0774	0.0516	0.0258	0.0370	0.0317	0.0052	0.0405	0.0199	0.0206	0.0000	0.0000	0.0000	0.0000	0.0000	0.0000	0.0000	0.0000	0.0000	0.0248	0.0188	0.0368	0.0308	0.0302	0.0342	0.0193	0.0005	0.0375	
35	99	0.0578	3	0	1	0	0	0	0	0	0	N	N	N	N	N	N	N	N	N	N	N	N	11.1825	8.6091	22.1515	10.9611	10.4292	0.0000	11.5764	0.0000	21.4104	0.3054	0.1867	0.8386	0.4750	0.4788	0.0000	0.2251	0.0000	0.8507	0.0273	0.0217	0.0379	0.0433	0.0459	0.0193	0.0194	0.0014	0.0397	1.0000	0.9311	0.0013	0.0001	0.4148	11.9964	1.5497	15.6499	0.0229	0.0114	0.0114	0.0114	0.0114	0.0000	0.0114	0.0000	0.0114	0.0036	0.0019	0.0017	0.0019	0.0018	0.0001	0.0017	0.0001	0.0017	0.0748	0.0612	0.0136	0.0241	0.0239	0.0002	0.0508	0.0373	0.0134	0.1318	0.0859	0.0458	0.0434	0.0392	0.0042	0.0884	0.0467	0.0416	11.1825	8.6091	22.1515	10.9611	10.4292	0.0000	11.5764	0.0000	21.4104	0.0273	0.0217	0.0379	0.0433	0.0459	0.0193	0.0194	0.0014	0.0397
35	100	0.1652	8	1	0	1	0	0	0	0	0	N	N	N	N	N	N	N	N	N	N	N	N	0.0000	0.0000	0.0000	0.0000	0.0000	0.0000	0.0000	0.0000	0.0000	0.0000	0.0000	0.0000	0.0000	0.0000	0.0000	0.0000	0.0000	0.0000	0.0151	0.0113	0.0225	0.0155	0.0182	0.0000	0.0147	0.0001	0.0285	1.0115	0.0000	0.0000	0.4148	1.0008	1.5497	13.9255	0.0000	0.0000	0.0000	0.0000	0.0000	0.0000	0.0000	0.0000	0.0000	0.0010	0.0005	0.0005	0.0005	0.0005	0.0000	0.0005	0.0000	0.0005	0.0068	0.0055	0.0013	0.0023	0.0023	0.0000	0.0045	0.0032	0.0012	0.0669	0.0444	0.0225	0.0322	0.0275	0.0047	0.0347	0.0169	0.0178	0.0000	0.0000	0.0000	0.0000	0.0000	0.0000	0.0000	0.0000	0.0000	0.0151	0.0113	0.0225	0.0155	0.0182	0.0000	0.0147	0.0001	0.0285	
35	101	0.1622	7	1	0	1	0	0	0	0	0	N	N	N	N	N	N	N	N	N	N	N	N	0.0000	0.0000	0.0000	0.0000	0.0000	0.0000	0.0000	0.0000	0.0000	0.0000	0.0000	0.0000	0.0000	0.0000	0.0000	0.0000	0.0000	0.0000	0.0113	0.0090	0.0166	0.0106	0.0120	0.0017	0.0120	0.0028	0.0212	0.7946	0.0000	-0.0000	0.4148	0.0532	1.5497	2.0467	0.0000	0.0000	0.0000	0.0000	0.0000	0.0000	0.0000	0.0000	0.0000	0.0002	0.0001	0.0001	0.0001	0.0001	0.0000	0.0001	0.0000	0.0001	0.0009	0.0008	0.0001	0.0004	0.0004	0.0000	0.0005	0.0004	0.0001	0.0162	0.0113	0.0049	0.0088	0.0076	0.0012	0.0074	0.0037	0.0037	0.0000	0.0000	0.0000	0.0000	0.0000	0.0000	0.0000	0.0000	0.0000	0.0113	0.0090	0.0166	0.0106	0.0120	0.0017	0.0120	0.0028	0.0212	
35	102	0.1526	6	1	0	1	0	0	0	0	0	N	N	N	N	N	N	N	N	N	N	N	N	0.0000	0.0000	0.0000	0.0000	0.0000	0.0000	0.0000	0.0000	0.0000	0.0000	0.0000	0.0000	0.0000	0.0000	0.0000	0.0000	0.0000	0.0000	0.0100	0.0083	0.0137	0.0108	0.0117	0.0051	0.0091	0.0028	0.0160	0.7440	0.0000	-0.0000	0.4148	2.0948	1.5497	3.0326	0.0000	0.0000	0.0000	0.0000	0.0000	0.0000	0.0000	0.0000	0.0000	0.0003	0.0002	0.0001	0.0002	0.0001	0.0000	0.0001	0.0000	0.0001	0.0146	0.0120	0.0027	0.0051	0.0050	0.0001	0.0095	0.0069	0.0026	0.0297	0.0205	0.0092	0.0145	0.0126	0.0020	0.0151	0.0079	0.0073	0.0000	0.0000	0.0000	0.0000	0.0000	0.0000	0.0000	0.0000	0.0000	0.0100	0.0083	0.0137	0.0108	0.0117	0.0051	0.0091	0.0028	0.0160	
35	103	0.1317	5	1	0	1	0	0	0	0	0	N	N	N	N	N	N	N	N	N	N	N	N	0.0000	0.0000	0.0000	0.0000	0.0000	0.0000	0.0000	0.0000	0.0000	0.0000	0.0000	0.0000	0.0000	0.0000	0.0000	0.0000	0.0000	0.0000	0.0317	0.0278	0.0398	0.0377	0.0426	0.0012	0.0273	0.0098	0.0468	0.6827	0.0000	-0.0001	0.4148	3.9484	1.5497	4.8420	0.0000	0.0000	0.0000	0.0000	0.0000	0.0000	0.0000	0.0000	0.0000	0.0015	0.0009	0.0006	0.0008	0.0007	0.0000	0.0007	0.0001	0.0006	0.0263	0.0214	0.0049	0.0085	0.0084	0.0001	0.0178	0.0130	0.0048	0.0472	0.0320	0.0153	0.0199	0.0176	0.0024	0.0273	0.0144	0.0129	0.0000	0.0000	0.0000	0.0000	0.0000	0.0000	0.0000	0.0000	0.0000	0.0317	0.0278	0.0398	0.0377	0.0426	0.0012	0.0273	0.0098	0.0468	
35	104	0.0254	2	0	1	0	0	0	0	0	0	N	N	N	N	N	N	N	N	N	N	N	N	0.4083	0.2734	0.8579	0.4356	0.4150	0.6388	0.3971	0.0000	0.8247	0.0908	0.0585	0.2022	0.1356	0.1358	0.0433	0.0683	0.0000	0.2028	0.2224	0.2140	0.2357	0.3112	0.3273	0.0678	0.1720	0.0722	0.2459	1.0028	0.7002	0.0004	-0.0029	0.4148	8.9557	1.5497	32.3127	0.0066	0.0033	0.0033	0.0033	0.0033	0.0000	0.0033	0.0000	0.0033	0.0620	0.0365	0.0255	0.0314	0.0310	0.0004	0.0306	0.0055	0.0251	0.0731	0.0566	0.0164	0.0245	0.0244	0.0001	0.0486	0.0322	0.0164	0.2788	0.1705	0.1084	0.1010	0.0947	0.0062	0.1779	0.0757	0.1021	0.4083	0.2734	0.8579	0.4356	0.4150	0.6388	0.3971	0.0000	0.8247	0.2224	0.2140	0.2357	0.3112	0.3273	0.0678	0.1720	0.0722	0.2459
35	108	0.0789	5	0	1	0	0	0	0	0	0	N	N	N	N	N	N	N	N	N	N	N	N	0.0451	0.0218	0.2920	0.0511	0.0506	0.0058	0.0473	0.0000	2.8280	0.0272	0.0168	0.0698	0.0403	0.0407	0.0042	0.0206	0.0000	0.0709	0.6024	0.7700	0.2391	0.7894	0.8041	0.7316	0.4353	0.7282	0.0251	1.0142	0.1433	0.0001	-0.0404	0.4148	8.0392	1.5497	22.6195	0.0015	0.0007	0.0008	0.0007	0.0007	0.0000	0.0008	0.0000	0.0008	0.1214	0.1062	0.0152	0.0750	0.0609	0.0141	0.0463	0.0452	0.0011	0.0553	0.0444	0.0108	0.0185	0.0184	0.0002	0.0368	0.0261	0.0107	0.2015	0.1379	0.0636	0.0951	0.0758	0.0193	0.1064	0.0621	0.0443	0.0451	0.0218	0.2920	0.0511	0.0506	0.0058	0.0473	0.0000	2.8280	0.6024	0.7700	0.2391	0.7894	0.8041	0.7316	0.4353	0.7282	0.0251
35	109	0.0789	4	0	0	0	0	0	0	0	0	N	N	N	N	N	N	N	N	N	N	N	N	0.7508	0.5784	1.0809	0.7687	0.8182	0.1315	0.8345	0.0010	6.7083	0.5544	0.4312	0.7767	0.6132	0.6144	0.1203	0.5059	0.0008	0.7787	0.7385	0.7455	0.7185	0.7977	0.7509	0.9152	0.6062	0.7346	0.1161	0.9990	0.3403	0.0002	-0.0148	0.4148	0.2031	1.5497	2.0398	0.0028	0.0014	0.0014	0.0014	0.0014	0.0000	0.0014	0.0000	0.0014	0.0726	0.0541	0.0184	0.0541	0.0364	0.0177	0.0184	0.0177	0.0007	0.0050	0.0032	0.0018	0.0023	0.0022	0.0000	0.0027	0.0010	0.0018	0.0983	0.0726	0.0256	0.0679	0.0485	0.0193	0.0304	0.0241	0.0063	0.7508	0.5784	1.0809	0.7687	0.8182	0.1315	0.8345	0.0010	6.7083	0.7385	0.7455	0.7185	0.7977	0.7509	0.9152	0.6062	0.7346	0.1161
35	110	0.6595	10	1	0	1	0	0	0	0	0	N	N	N	N	N	N	N	N	N	N	N	N	0.0000	0.0000	0.0000	0.0000	0.0000	0.0000	0.0000	0.0000	0.0000	0.0000	0.0000	0.0000	0.0000	0.0000	0.0000	0.0000	0.0000	0.0000	0.0000	0.0000	0.4148	0.0001	1.5497	0.0001	0.0000	0.0000	0.0000	0.0000	0.0000	0.0000	0.0000	0.0000	0.0000	0.0000	0.0000	0.0000	0.0000	0.0000	0.0000	0.0000	0.0000	0.0000	0.0003	0.0002	0.0001	0.0001	0.0001	0.0000	0.0001	0.0001	0.0001	0.0000	0.0000	0.0000	0.0000	0.0000	0.0000	0.0000	0.0000	0.0000	0.0000	0.0000	0.0000	0.0000	0.0000	0.0000	0.0000	0.0000	0.0000	0.0000	0.0000	0.0000	0.0000	0.0000	0.0000	0.0000	0.0000	0.0000											
35	111	0.6456	9	1	0	1	0	0	0	0	0	N	N	N	N	N	N	N	N	N	N	N	N	0.0002	0.0002	0.0000	0.0000	0.0002	0.0000	0.0000	0.0000	0.0000	0.0000	0.0000	0.0000	0.0000	0.0000	0.0000	0.0000	0.0000	0.0000	0.0005	0.0006	0.0002	0.0005	0.0005	0.0004	0.0004	0.0008	0.0001	0.0000	0.1697	-0.0000	-0.0000	0.4148	1.6718	1.5497	2.9223	0.0000	0.0000	0.0000	0.0000	0.0000	0.0000	0.0000	0.0000	0.0000	0.0000	0.0000	0.0000	0.0000	0.0000	0.0000	0.0000	0.0000	0.0000	0.0155	0.0138	0.0017	0.0118	0.0108	0.0011	0.0037	0.0031	0.0006	0.0275	0.0191	0.0084	0.0179	0.0153	0.0027	0.0096	0.0038	0.0058	0.0002	0.0002	0.0000	0.0000	0.0002	0.0000	0.0000	0.0000	0.0000	0.0005	0.0006	0.0002	0.0005	0.0005	0.0004	0.0004	0.0008	0.0001
35	112	0.5621	8	1	0	1	0	0	0	0	0	N	N	N	N	N	N	N	N	N	N	N	N	1.2599	1.2384	1.0811	0.6318	0.8208	0.0000	4.9184	3.0764	8.8521	0.0002	0.0002	0.0002	0.0001	0.0001	0.0000	0.0004	0.0004	0.0005	0.0002	0.0002	0.0001	0.0002	0.0002	0.0004	0.0001	0.0001	0.0001	0.0884	0.3897	-0.0000	-0.0000	0.4148	14.0283	1.5497	7.1084	0.0000	0.0000	0.0000	0.0000	0.0000	0.0000	0.0000	0.0000	0.0000	0.0000	0.0000	0.0000	0.0000	0.0000	0.0000	0.0000	0.0000	0.0000	0.1144	0.1024	0.0120	0.0873	0.0795	0.0078	0.0271	0.0229	0.0042	0.1018	0.0701	0.0317	0.0611	0.0532	0.0079	0.0407	0.0169	0.0238	1.2599	1.2384	1.0811	0.6318	0.8208	0.0000	4.9184	3.0764	8.8521	0.0002	0.0002	0.0001	0.0002	0.0002	0.0004	0.0001	0.0001	0.0001
35	113	0.5018	7	0	0	0	0	0	0	0	0	N	N	N	N	N	N	N	N	N	N	N	N	28.0147	13.1899	238.1542	17.5091	18.9780	0.0153	57.7679	0.5499	772.5775	0.0761	0.0432	0.3463	0.0566	0.0617	0.0000	0.1160	0.0018	0.7108	0.0027	0.0033	0.0015	0.0032	0.0033	0.0031	0.0020	0.0033	0.0009	0.9754	0.1967	0.0003	-0.0001	0.4148	8.6129	1.5497	5.1709	0.0052	0.0026	0.0026	0.0026	0.0026	0.0000	0.0026	0.0000	0.0026	0.0002	0.0002	0.0000	0.0002	0.0001	0.0000	0.0001	0.0001	0.0000	0.0684	0.0610	0.0074	0.0459	0.0421	0.0038	0.0225	0.0189	0.0036	0.0853	0.0591	0.0262	0.0493	0.0429	0.0064	0.0360	0.0162	0.0198	28.0147	13.1899	238.1542	17.5091	18.9780	0.0153	57.7679	0.5499	772.5775	0.0027	0.0033	0.0015	0.0032	0.0033	0.0031	0.0020	0.0033	0.0009
35	114	0.4067	6	0	0	0	0	0	0	0	0	N	N	N	N	N	N	N	N	N	N	N	N	2.0230	2.2793	0.2035	1.2356	1.5256	0.0909	4.3485	5.0395	0.3268	0.0419	0.0472	0.0042	0.0321	0.0355	0.0039	0.0620	0.0725	0.0046	0.0207	0.0207	0.0208	0.0260	0.0233	0.0434	0.0143	0.0144	0.0141	0.0125	0.4958	-0.0022	-0.0005	0.4148	16.8607	1.5497	22.7724	0.0051	0.0051	0.0001	0.0026	0.0026	0.0000	0.0025	0.0025	0.0000	0.0040	0.0027	0.0013	0.0028	0.0021	0.0006	0.0012	0.0005	0.0007	0.1221	0.1071	0.0150	0.0820	0.0732	0.0088	0.0401	0.0339	0.0062	0.1932	0.1292	0.0640	0.1065	0.0920	0.0145	0.0867	0.0372	0.0495	2.0230	2.2793	0.2035	1.2356	1.5256	0.0909	4.3485	5.0395	0.3268	0.0207	0.0207	0.0208	0.0260	0.0233	0.0434	0.0143	0.0144	0.0141
35	115	0.1379	5	1	0	1	0	0	0	0	0	N	N	N	N	N	N	N	N	N	N	N	N	0.0000	0.0000	0.0000	0.0000	0.0000	0.0000	0.0000	0.0000	0.0000	0.0000	0.0000	0.0000	0.0000	0.0000	0.0000	0.0000	0.0000	0.0000	0.0044	0.0038	0.0057	0.0047	0.0053	0.0011	0.0041	0.0017	0.0067	0.7210	0.0000	-0.0000	0.4148	1.0009	1.5497	4.0038	0.0000	0.0000	0.0000	0.0000	0.0000	0.0000	0.0000	0.0000	0.0000	0.0001	0.0001	0.0001	0.0001	0.0001	0.0000	0.0001	0.0000	0.0001	0.0070	0.0057	0.0013	0.0022	0.0022	0.0000	0.0047	0.0034	0.0013	0.0337	0.0229	0.0109	0.0151	0.0132	0.0019	0.0187	0.0097	0.0089	0.0000	0.0000	0.0000	0.0000	0.0000	0.0000	0.0000	0.0000	0.0000	0.0044	0.0038	0.0057	0.0047	0.0053	0.0011	0.0041	0.0017	0.0067	
35	116	0.1096	4	1	0	1	0	0	0	0	0	N	N	N	N	N	N	N	N	N	N	N	N	0.2359	0.1104	1.6225	0.2257	0.2362	0.0214	0.2777	0.0003	7.4985	0.0115	0.0071	0.0311	0.0166	0.0168	0.0019	0.0088	0.0000	0.0318	0.0490	0.0643	0.0192	0.0736	0.0711	0.0882	0.0318	0.0567	0.0042	0.9966	0.1535	0.0000	-0.0011	0.4148	1.8441	1.5497	10.4794	0.0002	0.0001	0.0001	0.0001	0.0001	0.0000	0.0001	0.0000	0.0001	0.0033	0.0029	0.0004	0.0020	0.0017	0.0004	0.0013	0.0012	0.0001	0.0142	0.0116	0.0026	0.0049	0.0049	0.0001	0.0093	0.0067	0.0026	0.0675	0.0446	0.0230	0.0277	0.0236	0.0041	0.0399	0.0210	0.0189	0.2359	0.1104	1.6225	0.2257	0.2362	0.0214	0.2777	0.0003	7.4985	0.0490	0.0643	0.0192	0.0736	0.0711	0.0882	0.0318	0.0567	0.0042
35	117	0.2939	4	0	1	0	1	0	0	0	0	N	N	N	N	N	N	N	N	N	N	N	N	0.7088	0.3843	2.6479	0.9047	0.8065	6.1216	0.5764	0.0000	2.4817	0.0499	0.0307	0.1334	0.0663	0.0622	0.2911	0.0386	0.0000	0.1271	0.0704	0.0798	0.0504	0.0733	0.0772	0.0476	0.0669	0.0859	0.0512	1.0001	0.2981	0.0003	-0.0034	0.4148	10.5071	1.5497	20.2622	0.0045	0.0022	0.0022	0.0024	0.0022	0.0002	0.0021	0.0000	0.0021	0.0148	0.0114	0.0034	0.0084	0.0077	0.0007	0.0064	0.0037	0.0027	0.0901	0.0733	0.0168	0.0368	0.0361	0.0007	0.0533	0.0372	0.0162	0.2102	0.1428	0.0674	0.1142	0.0993	0.0149	0.0960	0.0434	0.0525	0.7088	0.3843	2.6479	0.9047	0.8065	6.1216	0.5764	0.0000	2.4817	0.0704	0.0798	0.0504	0.0733	0.0772	0.0476	0.0669	0.0859	0.0512
35	118	0.0578	3	0	1	0	1	0	0	0	0	N	N	N	N	N	N	N	N	N	N	N	N	0.0798	0.0431	0.2883	0.0788	0.0738	0.0000	0.0815	0.0000	0.2816	0.0031	0.0019	0.0083	0.0048	0.0048	0.0000	0.0023	0.0000	0.0084	0.0390	0.0445	0.0288	0.0611	0.0657	0.0179	0.0283	0.0268	0.0299	1.0009	0.3455	0.0000	-0.0011	0.4148	4.0036	1.5497	26.5072	0.0001	0.0000	0.0000	0.0000	0.0000	0.0000	0.0000	0.0000	0.0000	0.0056	0.0041	0.0014	0.0029	0.0028	0.0001	0.0027	0.0014	0.0014	0.0262	0.0213	0.0049	0.0085	0.0084	0.0001	0.0177	0.0129	0.0048	0.1430	0.0932	0.0497	0.0470	0.0424	0.0046	0.0960	0.0508	0.0452	0.0798	0.0431	0.2883	0.0788	0.0738	0.0000	0.0815	0.0000	0.2816	0.0390	0.0445	0.0288	0.0611	0.0657	0.0179	0.0283	0.0268	0.0299
35	119	0.0962	4	0	1	0	0	0	0	0	0	N	N	N	N	N	N	N	N	N	N	N	N	0.2464	0.1626	1.3601	0.2286	0.2143	0.0000	0.2590	0.1113	1.3987	0.0014	0.0012	0.0019	0.0018	0.0018	0.0000	0.0011	0.0007	0.0021	0.0055	0.0076	0.0014	0.0077	0.0086	0.0007	0.0042	0.0066	0.0015	0.3403	0.0950	-0.0000	-0.0003	0.4148	3.8169	1.5497	21.2433	0.0000	0.0000	0.0000	0.0000	0.0000	0.0000	0.0000	0.0000	0.0000	0.0007	0.0006	0.0001	0.0004	0.0004	0.0000	0.0004	0.0003	0.0001	0.0299	0.0246	0.0053	0.0115	0.0110	0.0005	0.0185	0.0136	0.0049	0.1289	0.0856	0.0433	0.0465	0.0414	0.0051	0.0824	0.0442	0.0382	0.2464	0.1626	1.3601	0.2286	0.2143	0.0000	0.2590	0.1113	1.3987	0.0055	0.0076	0.0014	0.0077	0.0086	0.0007	0.0042	0.0066	0.0015
35	120	0.4419	8	0	1	0	0	0	0	0	0	N	N	N	N	N	N	N	N	N	N	N	N	0.1017	0.0549	0.4408	0.0885	0.0863	0.2837	1.2905	0.0000	6.9711	0.0501	0.0300	0.1545	0.0685	0.0616	0.3448	0.0369	0.0000	0.1416	0.4926	0.5462	0.3505	0.7743	0.7134	1.2154	0.0286	0.0377	0.0203	0.9933	0.2417	0.0004	-0.0418	0.4148	16.3276	1.5497	34.9199	0.0062	0.0031	0.0031	0.0035	0.0031	0.0004	0.0026	0.0000	0.0026	0.1585	0.1277	0.0309	0.1550	0.1255	0.0296	0.0035	0.0022	0.0013	0.1232	0.1033	0.0199	0.0516	0.0503	0.0013	0.0716	0.0530	0.0186	0.3218	0.2337	0.0880	0.2002	0.1759	0.0243	0.1215	0.0578	0.0637	0.1017	0.0549	0.4408	0.0885	0.0863	0.2837	1.2905	0.0000	6.9711	0.4926	0.5462	0.3505	0.7743	0.7134	1.2154	0.0286	0.0377	0.0203
35	121	0.4245	7	0	1	0	0	0	0	0	0	N	N	N	N	N	N	N	N	N	N	N	N	0.0513	0.0490	0.0524	0.0521	0.0499	0.1933	0.1205	0.0809	0.4989	0.0218	0.0238	0.0117	0.0289	0.0274	0.1143	0.0169	0.0205	0.0072	0.4249	0.4862	0.2225	0.5554	0.5504	0.5916	0.1406	0.2535	0.0145	0.0979	0.1386	-0.0004	-0.0326	0.4148	6.1757	1.5497	14.5601	0.0011	0.0010	0.0001	0.0006	0.0005	0.0000	0.0005	0.0004	0.0001	0.0969	0.0851	0.0118	0.0868	0.0755	0.0113	0.0101	0.0096	0.0005	0.0489	0.0408	0.0082	0.0199	0.0195	0.0003	0.0290	0.0212	0.0078	0.2280	0.1750	0.0530	0.1563	0.1372	0.0191	0.0717	0.0378	0.0339	0.0513	0.0490	0.0524	0.0521	0.0499	0.1933	0.1205	0.0809	0.4989	0.4249	0.4862	0.2225	0.5554	0.5504	0.5916	0.1406	0.2535	0.0145
35	122	0.3715	6	0	0	0	0	0	0	0	0	N	N	N	N	N	N	N	N	N	N	N	N	0.0119	0.0062	0.1549	0.0129	0.0087	0.4032	0.0198	0.0043	0.3962	0.0086	0.0060	0.0212	0.0141	0.0104	0.1825	0.0046	0.0019	0.0119	0.7217	0.9682	0.1369	1.0938	1.1914	0.4527	0.2326	0.4459	0.0299	0.6990	0.0596	-0.0000	-0.0583	0.4148	7.5400	1.5497	21.4192	0.0005	0.0003	0.0002	0.0004	0.0003	0.0001	0.0002	0.0001	0.0001	0.1449	0.1367	0.0081	0.1247	0.1179	0.0068	0.0202	0.0189	0.0013	0.0612	0.0510	0.0102	0.0254	0.0248	0.0006	0.0358	0.0262	0.0096	0.2008	0.1412	0.0595	0.1140	0.0990	0.0151	0.0868	0.0423	0.0445	0.0119	0.0062	0.1549	0.0129	0.0087	0.4032	0.0198	0.0043	0.3962	0.7217	0.9682	0.1369	1.0938	1.1914	0.4527	0.2326	0.4459	0.0299
35	123	0.1317	5	0	1	0	0	0	0	0	0	N	N	N	N	N	N	N	N	N	N	N	N	0.0924	0.0291	0.7888	0.0738	0.0699	0.0000	0.1142	0.0000	0.9181	0.0011	0.0005	0.0040	0.0012	0.0012	0.0000	0.0011	0.0000	0.0041	0.0122	0.0158	0.0051	0.0157	0.0168	0.0086	0.0097	0.0147	0.0045	2.0000	0.1677	0.0000	-0.0004	0.4148	4.0019	1.5497	19.5615	0.0000	0.0000	0.0000	0.0000	0.0000	0.0000	0.0000	0.0000	0.0000	0.0013	0.0011	0.0002	0.0007	0.0006	0.0000	0.0006	0.0005	0.0001	0.0266	0.0217	0.0049	0.0086	0.0085	0.0001	0.0180	0.0132	0.0048	0.1082	0.0713	0.0369	0.0445	0.0387	0.0058	0.0638	0.0326	0.0311	0.0924	0.0291	0.7888	0.0738	0.0699	0.0000	0.1142	0.0000	0.9181	0.0122	0.0158	0.0051	0.0157	0.0168	0.0086	0.0097	0.0147	0.0045
35	124	0.1096	4	0	0	0	0	0	0	0	0	N	N	N	N	N	N	N	N	N	N	N	N	0.2447	0.1147	1.7205	0.2342	0.2442	0.0247	0.2869	0.0000	10.1825	0.0141	0.0087	0.0381	0.0197	0.0199	0.0024	0.0110	0.0000	0.0391	0.0578	0.0756	0.0222	0.0841	0.0816	0.0980	0.0384	0.0687	0.0038	0.9991	0.1474	0.0000	-0.0011	0.4148	1.2223	1.5497	8.2281	0.0001	0.0001	0.0001	0.0001	0.0001	0.0000	0.0001	0.0000	0.0001	0.0032	0.0028	0.0004	0.0020	0.0016	0.0004	0.0012	0.0012	0.0001	0.0101	0.0082	0.0019	0.0036	0.0036	0.0000	0.0065	0.0046	0.0018	0.0553	0.0368	0.0185	0.0234	0.0198	0.0036	0.0319	0.0170	0.0149	0.2447	0.1147	1.7205	0.2342	0.2442	0.0247	0.2869	0.0000	10.1825	0.0578	0.0756	0.0222	0.0841	0.0816	0.0980	0.0384	0.0687	0.0038
35	125	0.0578	3	0	0	0	0	0	0	0	0	N	N	N	N	N	N	N	N	N	N	N	N	0.3161	0.1460	2.2272	0.2644	0.2967	0.0000	0.4073	0.0000	16.6143	0.5859	0.3600	1.5751	0.9072	0.9146	0.0000	0.4325	0.0000	1.5976	1.8536	2.4649	0.7072	3.4313	3.0827	6.7037	1.0619	1.9322	0.0962	0.9991	0.1530	0.0013	-0.0558	0.4148	5.9920	1.5497	12.2976	0.0227	0.0113	0.0113	0.0113	0.0113	0.0000	0.0113	0.0000	0.0113	0.1713	0.1486	0.0227	0.1060	0.0860	0.0199	0.0653	0.0625	0.0028	0.0387	0.0315	0.0072	0.0125	0.0124	0.0001	0.0262	0.0191	0.0071	0.0924	0.0603	0.0321	0.0309	0.0279	0.0030	0.0615	0.0324	0.0292	0.3161	0.1460	2.2272	0.2644	0.2967	0.0000	0.4073	0.0000	16.6143	1.8536	2.4649	0.7072	3.4313	3.0827	6.7037	1.0619	1.9322	0.0962
35	126	0.0949	5	0	1	0	0	0	0	0	0	N	N	N	N	N	N	N	N	N	N	N	N	10.6410	5.9264	44.2215	11.5221	11.0989	0.1305	11.0216	0.0013	284.3637	7.5095	5.2688	13.0668	9.8254	9.8803	0.0942	6.0771	0.0012	13.1643	0.7057	0.8890	0.2955	0.8527	0.8902	0.7218	0.5514	0.8875	0.0463	0.9999	0.1485	0.0223	-0.0399	0.4148	5.0407	1.5497	17.1705	0.3788	0.1894	0.1894	0.1894	0.1894	0.0000	0.1894	0.0000	0.1894	0.1212	0.1055	0.0157	0.0750	0.0609	0.0141	0.0462	0.0447	0.0016	0.0504	0.0359	0.0145	0.0193	0.0192	0.0001	0.0312	0.0168	0.0144	0.1718	0.1187	0.0531	0.0880	0.0684	0.0196	0.0838	0.0503	0.0335	10.6410	5.9264	44.2215	11.5221	11.0989	0.1305	11.0216	0.0013	284.3637	0.7057	0.8890	0.2955	0.8527	0.8902	0.7218	0.5514	0.8875	0.0463
35	127	0.0789	4	0	1	0	0	0	0	0	0	N	N	N	N	N	N	N	N	N	N	N	N	2.7444	1.7293	6.4607	3.0870	3.4137	0.0158	3.3195	0.0029	70.5241	1.6363	1.0703	3.4783	2.2561	2.2726	0.0145	1.2837	0.0015	3.5179	0.5962	0.6189	0.5384	0.7308	0.6657	0.9149	0.3867	0.5405	0.0499	0.9986	0.3411	0.0016	-0.0148	0.4148	1.9703	1.5497	6.2034	0.0273	0.0137	0.0137	0.0137	0.0137	0.0000	0.0137	0.0000	0.0137	0.0725	0.0541	0.0184	0.0541	0.0364	0.0177	0.0184	0.0177	0.0007	0.0167	0.0128	0.0039	0.0061	0.0060	0.0000	0.0106	0.0068	0.0039	0.1216	0.0874	0.0343	0.0741	0.0547	0.0193	0.0476	0.0327	0.0149	2.7444	1.7293	6.4607	3.0870	3.4137	0.0158	3.3195	0.0029	70.5241	0.5962	0.6189	0.5384	0.7308	0.6657	0.9149	0.3867	0.5405	0.0499
35	128	0.0578	3	0	0	0	0	0	0	0	0	N	N	N	N	N	N	N	N	N	N	N	N	0.1941	0.0911	1.2809	0.1659	0.1871	0.0000	0.2469	0.0002	8.0199	0.2065	0.1283	0.5315	0.3153	0.3178	0.0000	0.1535	0.0002	0.5386	1.0637	1.4084	0.4149	1.9005	1.6986	3.9357	0.6216	1.1389	0.0672	0.9975	0.1565	0.0001	-0.0172	0.4148	1.1032	1.5497	7.8190	0.0015	0.0008	0.0008	0.0008	0.0008	0.0000	0.0008	0.0000	0.0008	0.0531	0.0459	0.0072	0.0328	0.0267	0.0061	0.0203	0.0192	0.0011	0.0075	0.0060	0.0015	0.0025	0.0024	0.0000	0.0050	0.0036	0.0014	0.0499	0.0326	0.0173	0.0173	0.0157	0.0016	0.0327	0.0169	0.0158	0.1941	0.0911	1.2809	0.1659	0.1871	0.0000	0.2469	0.0002	8.0199	1.0637	1.4084	0.4149	1.9005	1.6986	3.9357	0.6216	1.1389	0.0672
35	129	0.4008	7	0	1	0	0	0	0	0	0	N	N	N	N	N	N	N	N	N	N	N	N	0.0000	0.0000	0.0000	0.0000	0.0000	0.0000	0.0000	0.0000	0.0000	0.0000	0.0000	0.0000	0.0000	0.0000	0.0000	0.0000	0.0000	0.0000	0.0000	0.0000	0.0000	0.0000	0.0000	0.0002	0.0000	0.0000	0.0000	0.5167	0.0000	-0.0000	0.4148	1.0033	1.5497	0.8635	0.0000	0.0000	0.0000	0.0000	0.0000	0.0000	0.0000	0.0000	0.0000	0.0000	0.0000	0.0000	0.0000	0.0000	0.0000	0.0000	0.0000	0.0000	0.0178	0.0149	0.0028	0.0095	0.0091	0.0004	0.0083	0.0059	0.0025	0.0582	0.0452	0.0130	0.0364	0.0333	0.0031	0.0218	0.0119	0.0099	0.0000	0.0000	0.0000	0.0000	0.0000	0.0000	0.0000	0.0000	0.0000	0.0000	0.0000	0.0000	0.0000	0.0000	0.0002	0.0000	0.0000	0.0000	
35	130	0.3715	6	0	0	0	0	0	0	0	0	N	N	N	N	N	N	N	N	N	N	N	N	0.2468	0.1599	1.0142	0.2327	0.1999	1.6319	0.5437	0.1996	1.7601	0.0255	0.0194	0.0562	0.0351	0.0308	0.2086	0.0184	0.0081	0.0462	0.1032	0.1212	0.0554	0.1507	0.1542	0.1278	0.0338	0.0408	0.0263	0.5741	0.1720	-0.0001	-0.0049	0.4148	5.5514	1.5497	9.9598	0.0012	0.0008	0.0004	0.0007	0.0006	0.0001	0.0005	0.0002	0.0003	0.0157	0.0134	0.0023	0.0136	0.0121	0.0015	0.0021	0.0013	0.0008	0.0474	0.0396	0.0078	0.0201	0.0196	0.0005	0.0273	0.0200	0.0074	0.1522	0.1106	0.0416	0.0903	0.0784	0.0119	0.0619	0.0322	0.0297	0.2468	0.1599	1.0142	0.2327	0.1999	1.6319	0.5437	0.1996	1.7601	0.1032	0.1212	0.0554	0.1507	0.1542	0.1278	0.0338	0.0408	0.0263
35	131	0.3412	5	0	0	0	0	0	0	0	0	N	N	N	N	N	N	N	N	N	N	N	N	0.3394	0.2103	1.0908	0.4525	0.3293	2.0238	0.2445	0.0732	1.1376	0.0493	0.0334	0.1258	0.0963	0.0617	0.7774	0.0153	0.0069	0.0390	0.1453	0.1586	0.1153	0.2128	0.1874	0.3841	0.0627	0.0940	0.0343	0.7870	0.3219	-0.0000	-0.0050	0.4148	9.1969	1.5497	13.4651	0.0038	0.0021	0.0017	0.0031	0.0019	0.0012	0.0007	0.0002	0.0005	0.0231	0.0175	0.0056	0.0186	0.0143	0.0043	0.0045	0.0032	0.0013	0.0776	0.0642	0.0134	0.0326	0.0310	0.0016	0.0450	0.0332	0.0118	0.1589	0.1102	0.0488	0.0875	0.0762	0.0113	0.0714	0.0340	0.0375	0.3394	0.2103	1.0908	0.4525	0.3293	2.0238	0.2445	0.0732	1.1376	0.1453	0.1586	0.1153	0.2128	0.1874	0.3841	0.0627	0.0940	0.0343
35	132	0.1547	7	1	1	0	1	0	0	0	0	N	N	N	N	N	N	N	N	N	N	N	N	0.0000	0.0000	0.0000	0.0000	0.0000	0.0000	0.0000	0.0000	0.0000	0.0000	0.0000	0.0000	0.0000	0.0000	0.0000	0.0000	0.0000	0.0010	0.0008	0.0015	0.0014	0.0016	0.0000	0.0008	0.0000	0.0017	1.0000	0.0000	0.0000	0.4148	1.0000	1.5497	3.0001	0.0000	0.0000	0.0000	0.0000	0.0000	0.0000	0.0000	0.0000	0.0000	0.0000	0.0000	0.0000	0.0000	0.0000	0.0000	0.0000	0.0000	0.0000	0.0067	0.0054	0.0013	0.0022	0.0022	0.0000	0.0045	0.0033	0.0012	0.0197	0.0129	0.0069	0.0073	0.0064	0.0009	0.0124	0.0065	0.0059	0.0000	0.0000	0.0000	0.0000	0.0000	0.0000	0.0000	0.0000	0.0000	0.0010	0.0008	0.0015	0.0014	0.0016	0.0000	0.0008	0.0000	0.0017		
35	133	0.5536	11	1	1	0	1	0	0	0	0	N	N	N	N	N	N	N	N	N	N	N	N	0.0000	0.0000	0.0000	0.0000	0.0000	0.0000	0.0000	0.0000	0.0000	0.0000	0.0000	0.0000	0.0000	0.0000	0.0000	0.0000	0.0000	0.0000	0.1301	0.0981	0.1947	0.1929	0.1305	0.5486	0.0397	0.0003	0.0666	0.9831	0.0000	0.0000	0.4148	0.0006	1.5497	1.9797	0.0000	0.0000	0.0000	0.0000	0.0000	0.0000	0.0000	0.0000	0.0000	0.0013	0.0006	0.0006	0.0011	0.0006	0.0005	0.0002	0.0000	0.0002	0.0000	0.0000	0.0000	0.0000	0.0000	0.0000	0.0000	0.0000	0.0000	0.0097	0.0065	0.0032	0.0057	0.0049	0.0009	0.0040	0.0016	0.0024	0.0000	0.0000	0.0000	0.0000	0.0000	0.0000	0.0000	0.0000	0.0000	0.1301	0.0981	0.1947	0.1929	0.1305	0.5486	0.0397	0.0003	0.0666	
35	134	0.5368	10	1	1	0	1	0	0	0	0	N	N	N	N	N	N	N	N	N	N	N	N	0.0000	0.0000	0.0000	0.0000	0.0000	0.0000	0.0000	0.0000	0.0000	0.0000	0.0000	0.0000	0.0000	0.0000	0.0000	0.0000	0.0000	0.0000	0.0949	0.0904	0.1039	0.0812	0.0952	0.0034	0.1143	0.0761	0.1399	0.5845	0.0000	-0.0003	0.4148	2.0077	1.5497	6.0321	0.0000	0.0000	0.0000	0.0000	0.0000	0.0000	0.0000	0.0000	0.0000	0.0035	0.0022	0.0013	0.0017	0.0017	0.0000	0.0017	0.0005	0.0013	0.0143	0.0127	0.0017	0.0097	0.0089	0.0009	0.0046	0.0038	0.0008	0.0368	0.0244	0.0124	0.0215	0.0183	0.0033	0.0153	0.0061	0.0091	0.0000	0.0000	0.0000	0.0000	0.0000	0.0000	0.0000	0.0000	0.0000	0.0949	0.0904	0.1039	0.0812	0.0952	0.0034	0.1143	0.0761	0.1399	
35	135	0.5321	10	0	1	0	1	0	0	0	0	N	N	N	N	N	N	N	N	N	N	N	N	8.2230	3.1944	1315.4194	7.1796	6.6985	3.3905	10.2493	0.0007	1951.7566	0.0313	0.0182	0.1120	0.0237	0.0259	0.0002	0.0461	0.0000	0.1893	0.0038	0.0057	0.0001	0.0033	0.0039	0.0001	0.0045	0.0109	0.0001	1.0007	0.0076	0.0000	-0.0001	0.4148	3.0348	1.5497	9.3583	0.0007	0.0004	0.0004	0.0004	0.0004	0.0000	0.0004	0.0000	0.0004	0.0002	0.0002	0.0000	0.0001	0.0001	0.0000	0.0001	0.0001	0.0000	0.0230	0.0198	0.0032	0.0152	0.0139	0.0013	0.0078	0.0059	0.0019	0.0594	0.0394	0.0200	0.0344	0.0293	0.0051	0.0250	0.0102	0.0149	8.2230	3.1944	1315.4194	7.1796	6.6985	3.3905	10.2493	0.0007	1951.7566	0.0038	0.0057	0.0001	0.0033	0.0039	0.0001	0.0045	0.0109	0.0001
35	136	0.5178	9	0	0	0	1	0	0	0	0	N	N	N	N	N	N	N	N	N	N	N	N	776.3216	574.6507	2173.4543	625.3901	626.8848	0.9526	1059.4494	16.9541	3282.9189	2.1576	1.2318	8.7429	1.6278	1.7822	0.0012	3.2004	0.0025	16.3846	0.0028	0.0021	0.0040	0.0026	0.0028	0.0013	0.0030	0.0001	0.0050	0.9978	0.9594	0.0000	0.0000	0.4148	0.0433	1.5497	6.6805	0.0007	0.0004	0.0004	0.0004	0.0004	0.0000	0.0004	0.0000	0.0004	0.0001	0.0000	0.0000	0.0000	0.0000	0.0000	0.0000	0.0000	0.0000	0.0003	0.0003	0.0000	0.0002	0.0002	0.0000	0.0001	0.0001	0.0000	0.0316	0.0209	0.0107	0.0182	0.0155	0.0028	0.0133	0.0054	0.0079	776.3216	574.6507	2173.4543	625.3901	626.8848	0.9526	1059.4494	16.9541	3282.9189	0.0028	0.0021	0.0040	0.0026	0.0028	0.0013	0.0030	0.0001	0.0050
35	137	0.1843	9	0	1	0	1	0	0	0	0	N	N	N	N	N	N	N	N	N	N	N	N	0.0000	0.0000	0.0000	0.0000	0.0000	0.0000	0.0000	0.0000	0.0000	0.0000	0.0000	0.0000	0.0000	0.0000	0.0000	0.0000	0.0000	0.0000	0.0000	0.0000	0.4148	0.0000	1.5497	0.0000	0.0000	0.0000	0.0000	0.0000	0.0000	0.0000	0.0000	0.0000	0.0000	0.0000	0.0000	0.0000	0.0000	0.0000	0.0000	0.0000	0.0000	0.0000	0.0000	0.0000	0.0000	0.0000	0.0000	0.0000	0.0000	0.0000	0.0000	0.0000	0.0000	0.0000	0.0000	0.0000	0.0000	0.0000	0.0000	0.0000	0.0000	0.0000	0.0000	0.0000	0.0000	0.0000	0.0000	0.0000	0.0000	0.0000	0.0000	0.0000	0.0000	0.0000	0.0000	0.0000	0.0000	0.0000											
35	138	0.1792	8	0	1	0	1	0	0	0	0	N	N	N	N	N	N	N	N	N	N	N	N	0.0000	0.0000	0.0000	0.0000	0.0000	0.0000	0.0000	0.0000	0.0000	0.0000	0.0000	0.0000	0.0000	0.0000	0.0000	0.0000	0.0000	0.0000	0.0000	0.0000	0.0000	0.0000	0.0000	0.0000	0.0000	1.0000	0.0000	0.0000	0.4148	0.0021	1.5497	2.0000	0.0000	0.0000	0.0000	0.0000	0.0000	0.0000	0.0000	0.0000	0.0000	0.0000	0.0000	0.0000	0.0000	0.0000	0.0000	0.0000	0.0000	0.0000	0.0000	0.0000	0.0000	0.0000	0.0000	0.0000	0.0000	0.0000	0.0000	0.0099	0.0065	0.0034	0.0037	0.0033	0.0004	0.0061	0.0032	0.0029	0.0000	0.0000	0.0000	0.0000	0.0000	0.0000	0.0000	0.0000	0.0000	0.0000	0.0000	0.0000	0.0000	0.0000	0.0000	0.0000	0.0000	0.0000			
35	139	0.1690	7	0	0	0	1	0	0	0	0	N	N	N	N	N	N	N	N	N	N	N	N	0.0000	0.0000	0.0000	0.0000	0.0000	0.0000	0.0000	0.0000	0.0000	0.0000	0.0000	0.0000	0.0000	0.0000	0.0000	0.0000	0.0010	0.0008	0.0015	0.0014	0.0015	0.0000	0.0008	0.0000	0.0017	1.0000	0.0000	0.0000	0.4148	1.0020	1.5497	3.0181	0.0000	0.0000	0.0000	0.0000	0.0000	0.0000	0.0000	0.0000	0.0000	0.0000	0.0000	0.0000	0.0000	0.0000	0.0000	0.0000	0.0000	0.0000	0.0067	0.0055	0.0013	0.0022	0.0022	0.0000	0.0045	0.0033	0.0012	0.0199	0.0130	0.0069	0.0074	0.0065	0.0009	0.0125	0.0065	0.0060	0.0000	0.0000	0.0000	0.0000	0.0000	0.0000	0.0000	0.0000	0.0000	0.0010	0.0008	0.0015	0.0014	0.0015	0.0000	0.0008	0.0000	0.0017			
35	140	0.1547	7	0	1	0	0	0	0	0	0	N	N	N	N	N	N	N	N	N	N	N	N	0.0000	0.0000	0.0000	0.0000	0.0000	0.0000	0.0000	0.0000	0.0000	0.0000	0.0000	0.0000	0.0000	0.0000	0.0000	0.0000	0.0000	0.0000	0.0000	0.0000	0.0000	0.0000	0.0000	0.0000	1.0000	0.0000	0.0000	0.4148	0.0000	1.5497	4.0001	0.0000	0.0000	0.0000	0.0000	0.0000	0.0000	0.0000	0.0000	0.0000	0.0000	0.0000	0.0000	0.0000	0.0000	0.0000	0.0000	0.0000	0.0000	0.0000	0.0000	0.0000	0.0000	0.0000	0.0000	0.0000	0.0000	0.0000	0.0197	0.0129	0.0069	0.0073	0.0064	0.0009	0.0124	0.0065	0.0059	0.0000	0.0000	0.0000	0.0000	0.0000	0.0000	0.0000	0.0000	0.0000	0.0000	0.0000	0.0000	0.0000	0.0000	0.0000	0.0000	0.0000	0.0000				
35	141	0.5323	9	0	1	0	0	0	0	0	0	N	N	N	N	N	N	N	N	N	N	N	N	0.0000	0.0000	0.0000	0.0000	0.0000	0.0000	0.0000	0.0000	0.0000	0.0000	0.0000	0.0000	0.0000	0.0000	0.0000	0.0000	0.0000	0.0000	1.1239	1.6936	0.0001	0.9589	1.1319	0.0001	1.3574	3.3606	0.0001	0.0000	0.0000	-0.0144	0.4148	1.0003	1.5497	5.0186	0.0000	0.0000	0.0000	0.0000	0.0000	0.0000	0.0000	0.0000	0.0000	0.0315	0.0315	0.0000	0.0157	0.0157	0.0000	0.0157	0.0157	0.0000	0.0072	0.0063	0.0008	0.0049	0.0044	0.0004	0.0023	0.0019	0.0004	0.0280	0.0186	0.0094	0.0164	0.0139	0.0025	0.0116	0.0047	0.0069	0.0000	0.0000	0.0000	0.0000	0.0000	0.0000	0.0000	0.0000	0.0000	1.1239	1.6936	0.0001	0.9589	1.1319	0.0001	1.3574	3.3606	0.0001	
35	142	0.1690	7	0	0	1	1	0	0	0	0	N	N	N	N	N	N	N	N	N	N	N	N	0.0000	0.0000	0.0000	0.0000	0.0000	0.0000	0.0000	0.0000	0.0000	0.0000	0.0000	0.0000	0.0000	0.0000	0.0000	0.0000	0.0005	0.0004	0.0007	0.0006	0.0007	0.0000	0.0004	0.0000	0.0008	1.0000	0.0000	0.0000	0.4148	0.0001	1.5497	9.0026	0.0000	0.0000	0.0000	0.0000	0.0000	0.0000	0.0000	0.0000	0.0000	0.0000	0.0000	0.0000	0.0000	0.0000	0.0000	0.0000	0.0000	0.0000	0.0000	0.0000	0.0000	0.0000	0.0000	0.0000	0.0000	0.0000	0.0000	0.0436	0.0286	0.0151	0.0162	0.0143	0.0019	0.0274	0.0143	0.0132	0.0000	0.0000	0.0000	0.0000	0.0000	0.0000	0.0000	0.0000	0.0000	0.0005	0.0004	0.0007	0.0006	0.0007	0.0000	0.0004	0.0000	0.0008			
35	143	0.5178	9	0	0	1	1	0	0	0	0	N	N	N	N	N	N	N	N	N	N	N	N	0.0000	0.0000	0.0000	0.0000	0.0000	0.0000	0.0000	0.0000	0.0000	0.0000	0.0000	0.0000	0.0000	0.0000	0.0000	0.0000	0.0000	0.0000	0.6822	1.0310	0.0026	0.5916	0.6971	0.0025	0.8058	1.9837	0.0026	0.0013	0.0000	-0.0145	0.4148	2.0061	1.5497	8.0425	0.0000	0.0000	0.0000	0.0000	0.0000	0.0000	0.0000	0.0000	0.0000	0.0316	0.0316	0.0000	0.0158	0.0158	0.0000	0.0158	0.0158	0.0000	0.0143	0.0126	0.0017	0.0096	0.0087	0.0009	0.0047	0.0039	0.0008	0.0464	0.0307	0.0157	0.0268	0.0227	0.0041	0.0196	0.0080	0.0117	0.0000	0.0000	0.0000	0.0000	0.0000	0.0000	0.0000	0.0000	0.0000	0.6822	1.0310	0.0026	0.5916	0.6971	0.0025	0.8058	1.9837	0.0026	
35	144	0.5087	8	0	0	0	1	0	0	0	0	N	N	N	N	N	N	N	N	N	N	N	N	0.0000	0.0000	0.0000	0.0000	0.0000	0.0000	0.0000	0.0000	0.0000	0.0000	0.0000	0.0000	0.0000	0.0000	0.0000	0.0000	0.0000	0.0000	0.0033	0.0034	0.0031	0.0041	0.0038	0.0064	0.0023	0.0024	0.0022	0.4121	0.0000	-0.0000	0.4148	1.9550	1.5497	2.1189	0.0000	0.0000	0.0000	0.0000	0.0000	0.0000	0.0000	0.0000	0.0000	0.0001	0.0001	0.0000	0.0001	0.0000	0.0000	0.0000	0.0000	0.0000	0.0143	0.0126	0.0017	0.0098	0.0089	0.0009	0.0045	0.0037	0.0008	0.0244	0.0169	0.0075	0.0137	0.0120	0.0017	0.0107	0.0049	0.0058	0.0000	0.0000	0.0000	0.0000	0.0000	0.0000	0.0000	0.0000	0.0000	0.0033	0.0034	0.0031	0.0041	0.0038	0.0064	0.0023	0.0024	0.0022	
35	145	0.5087	8	0	0	1	1	0	0	0	0	N	N	N	N	N	N	N	N	N	N	N	N	0.0000	0.0000	0.0000	0.0000	0.0000	0.0000	0.0000	0.0000	0.0000	0.0000	0.0000	0.0000	0.0000	0.0000	0.0000	0.0000	0.0000	0.0000	0.3708	0.5360	0.0405	0.3262	0.3807	0.0004	0.4293	0.9559	0.0534	0.0378	0.0000	-0.0151	0.4148	2.1261	1.5497	18.6477	0.0000	0.0000	0.0000	0.0000	0.0000	0.0000	0.0000	0.0000	0.0000	0.0357	0.0344	0.0013	0.0178	0.0178	0.0000	0.0179	0.0166	0.0013	0.0155	0.0137	0.0018	0.0106	0.0096	0.0010	0.0049	0.0041	0.0008	0.0963	0.0642	0.0321	0.0547	0.0468	0.0078	0.0416	0.0173	0.0243	0.0000	0.0000	0.0000	0.0000	0.0000	0.0000	0.0000	0.0000	0.0000	0.3708	0.5360	0.0405	0.3262	0.3807	0.0004	0.4293	0.9559	0.0534	
35	146	0.1690	7	0	0	1	1	0	0	0	0	N	N	N	N	N	N	N	N	N	N	N	N	0.0000	0.0000	0.0000	0.0000	0.0000	0.0000	0.0000	0.0000	0.0000	0.0000	0.0000	0.0000	0.0000	0.0000	0.0000	0.0000	0.0010	0.0008	0.0015	0.0014	0.0016	0.0000	0.0008	0.0000	0.0017	1.0000	0.0000	0.0000	0.4148	2.0001	1.5497	5.9880	0.0000	0.0000	0.0000	0.0000	0.0000	0.0000	0.0000	0.0000	0.0000	0.0000	0.0000	0.0000	0.0000	0.0000	0.0000	0.0000	0.0000	0.0000	0.0133	0.0109	0.0025	0.0044	0.0043	0.0001	0.0089	0.0065	0.0024	0.0389	0.0254	0.0134	0.0144	0.0127	0.0017	0.0244	0.0127	0.0117	0.0000	0.0000	0.0000	0.0000	0.0000	0.0000	0.0000	0.0000	0.0000	0.0010	0.0008	0.0015	0.0014	0.0016	0.0000	0.0008	0.0000	0.0017			
35	147	0.1690	7	0	0	1	1	0	0	0	0	N	N	N	N	N	N	N	N	N	N	N	N	0.0044	0.0008	0.1360	0.0020	0.0019	0.0000	0.0069	0.0000	0.3715	0.0016	0.0004	0.0066	0.0011	0.0011	0.0000	0.0018	0.0000	0.0068	0.3574	0.5196	0.0489	0.5193	0.5516	0.2690	0.2634	0.4880	0.0183	3.5000	0.0494	0.0000	-0.0209	0.4148	9.0001	1.5497	23.0169	0.0001	0.0000	0.0001	0.0000	0.0000	0.0000	0.0001	0.0000	0.0001	0.0507	0.0483	0.0024	0.0271	0.0255	0.0016	0.0236	0.0229	0.0008	0.0577	0.0472	0.0105	0.0190	0.0187	0.0002	0.0388	0.0285	0.0103	0.1418	0.0930	0.0489	0.0521	0.0462	0.0060	0.0897	0.0468	0.0429	0.0044	0.0008	0.1360	0.0020	0.0019	0.0000	0.0069	0.0000	0.3715	0.3574	0.5196	0.0489	0.5193	0.5516	0.2690	0.2634	0.4880	0.0183
35	148	0.1437	6	0	0	0	1	0	0	0	0	N	N	N	N	N	N	N	N	N	N	N	N	2.9573	2.3829	5.4336	2.3574	2.9955	0.0000	4.8036	0.0000	8.4191	0.0028	0.0017	0.0074	0.0042	0.0043	0.0000	0.0021	0.0000	0.0076	0.0009	0.0007	0.0014	0.0018	0.0014	0.0045	0.0004	0.0000	0.0009	0.9991	0.9978	0.0000	0.0000	0.4148	1.9990	1.5497	7.9526	0.0000	0.0000	0.0000	0.0000	0.0000	0.0000	0.0000	0.0000	0.0000	0.0000	0.0000	0.0000	0.0000	0.0000	0.0000	0.0000	0.0000	0.0000	0.0134	0.0109	0.0025	0.0044	0.0044	0.0001	0.0090	0.0065	0.0025	0.0503	0.0329	0.0174	0.0188	0.0166	0.0022	0.0315	0.0163	0.0151	2.9573	2.3829	5.4336	2.3574	2.9955	0.0000	4.8036	0.0000	8.4191	0.0009	0.0007	0.0014	0.0018	0.0014	0.0045	0.0004	0.0000	0.0009
35	149	0.1118	5	1	1	0	0	0	0	0	0	N	N	N	N	N	N	N	N	N	N	N	N	0.0012	0.0005	0.0084	0.0010	0.0011	0.0000	0.0015	0.0000	0.0920	0.0018	0.0011	0.0048	0.0025	0.0026	0.0000	0.0013	0.0000	0.0050	1.5138	1.9903	0.5752	2.5553	2.3251	4.4335	0.9099	1.6649	0.0542	1.0009	0.1467	0.0000	-0.0569	0.4148	5.3497	1.5497	17.2225	0.0001	0.0000	0.0000	0.0000	0.0000	0.0000	0.0000	0.0000	0.0000	0.1722	0.1502	0.0220	0.1067	0.0865	0.0202	0.0655	0.0637	0.0018	0.0383	0.0314	0.0069	0.0133	0.0131	0.0002	0.0250	0.0183	0.0068	0.1138	0.0755	0.0383	0.0418	0.0372	0.0046	0.0720	0.0383	0.0338	0.0012	0.0005	0.0084	0.0010	0.0011	0.0000	0.0015	0.0000	0.0920	1.5138	1.9903	0.5752	2.5553	2.3251	4.4335	0.9099	1.6649	0.0542
35	150	0.1426	6	0	1	0	0	0	0	0	0	N	N	N	N	N	N	N	N	N	N	N	N	0.0016	0.0007	6.2797	0.0019	0.0016	2.7233	0.0013	0.0002	11.4910	0.0034	0.0024	0.0083	0.0044	0.0042	0.0147	0.0028	0.0009	0.0080	2.1812	3.5441	0.0013	2.2938	2.5697	0.0054	2.0786	5.7284	0.0007	0.6929	0.0002	-0.0000	-0.2195	0.4148	3.6794	1.5497	17.4287	0.0001	0.0001	0.0000	0.0001	0.0000	0.0000	0.0001	0.0000	0.0000	0.4791	0.4790	0.0001	0.2402	0.2401	0.0001	0.2389	0.2388	0.0001	0.0312	0.0259	0.0052	0.0121	0.0118	0.0002	0.0191	0.0141	0.0050	0.2196	0.1351	0.0845	0.1047	0.0935	0.0113	0.1149	0.0417	0.0732	0.0016	0.0007	6.2797	0.0019	0.0016	2.7233	0.0013	0.0002	11.4910	2.1812	3.5441	0.0013	2.2938	2.5697	0.0054	2.0786	5.7284	0.0007
35	151	0.1118	5	0	1	0	0	0	0	0	0	N	N	N	N	N	N	N	N	N	N	N	N	0.0008	0.0008	0.0010	0.0005	0.0005	0.0000	0.0009	0.0040	0.0011	0.0056	0.0038	0.0134	0.0076	0.0077	0.0000	0.0044	0.0009	0.0139	7.4035	4.5167	13.6476	14.9091	14.8419	0.0100	4.7495	0.2209	12.6345	0.7797	0.9514	-0.0000	0.0130	0.4148	3.4464	1.5497	10.1316	0.0001	0.0001	0.0001	0.0001	0.0001	0.0000	0.0001	0.0000	0.0001	0.4446	0.2279	0.2168	0.2224	0.2223	0.0000	0.2223	0.0055	0.2168	0.0260	0.0213	0.0047	0.0092	0.0091	0.0001	0.0168	0.0122	0.0046	0.0752	0.0504	0.0248	0.0284	0.0254	0.0030	0.0468	0.0250	0.0218	0.0009	0.0008	0.0015	0.0010	0.0009	0.0000	0.0009	0.0040	0.0014	5.9123	4.5167	8.7558	7.8281	8.7498	0.0100	4.7495	0.2209	9.9597
35	152	0.5391	11	1	1	0	0	0	0	0	0	N	N	N	N	N	N	N	N	N	N	N	N	0.0000	0.0000	0.0012	0.0000	0.0000	0.0000	0.0001	0.0000	0.0273	0.0000	0.0000	0.0000	0.0000	0.0000	0.0000	0.0000	0.0000	0.0000	0.8207	1.2345	0.0076	1.3633	1.6011	0.0271	0.0630	0.1553	0.0007	inf	0.0031	0.0000	-0.0219	0.4148	1.0143	1.5497	12.0086	0.0000	0.0000	0.0000	0.0000	0.0000	0.0000	0.0000	0.0000	0.0000	0.0480	0.0479	0.0002	0.0465	0.0464	0.0001	0.0015	0.0015	0.0000	0.0073	0.0065	0.0008	0.0050	0.0045	0.0004	0.0023	0.0019	0.0004	0.0585	0.0388	0.0197	0.0341	0.0289	0.0052	0.0244	0.0098	0.0146	0.0000	0.0000	0.0012	0.0000	0.0000	0.0000	0.0001	0.0000	0.0273	0.8207	1.2345	0.0076	1.3633	1.6011	0.0271	0.0630	0.1553	0.0007
35	153	0.5368	10	1	1	0	0	0	0	0	0	N	N	N	N	N	N	N	N	N	N	N	N	0.0003	0.0002	0.0000	0.0003	0.0003	0.0000	0.0000	0.0000	0.0000	0.0000	0.0000	0.0000	0.0000	0.0000	0.0000	0.0000	0.0000	0.0000	0.0041	0.0051	0.0021	0.0059	0.0066	0.0024	0.0015	0.0007	0.0020	0.0000	0.2089	-0.0000	-0.0000	0.4148	0.9811	1.5497	0.0216	0.0000	0.0000	0.0000	0.0000	0.0000	0.0000	0.0000	0.0000	0.0000	0.0000	0.0000	0.0000	0.0000	0.0000	0.0000	0.0000	0.0000	0.0000	0.0070	0.0062	0.0008	0.0048	0.0044	0.0004	0.0023	0.0019	0.0004	0.0048	0.0032	0.0016	0.0028	0.0024	0.0004	0.0020	0.0008	0.0012	0.0003	0.0002	0.0000	0.0003	0.0003	0.0000	0.0000	0.0000	0.0000	0.0041	0.0051	0.0021	0.0059	0.0066	0.0024	0.0015	0.0007	0.0020
35	154	0.5323	9	1	1	0	0	0	0	0	0	N	N	N	N	N	N	N	N	N	N	N	N	0.0000	0.0000	0.0000	0.0000	0.0000	0.0000	0.0000	0.0000	0.0000	0.0000	0.0000	0.0000	0.0000	0.0000	0.0000	0.0000	0.0000	0.0000	0.0053	0.0043	0.0071	0.0080	0.0053	0.0228	0.0014	0.0015	0.0013	0.8267	0.0000	-0.0000	0.4148	0.0083	1.5497	2.0001	0.0000	0.0000	0.0000	0.0000	0.0000	0.0000	0.0000	0.0000	0.0000	0.0001	0.0000	0.0000	0.0000	0.0000	0.0000	0.0000	0.0000	0.0000	0.0001	0.0001	0.0000	0.0000	0.0000	0.0000	0.0000	0.0000	0.0000	0.0097	0.0064	0.0032	0.0057	0.0048	0.0009	0.0040	0.0016	0.0024	0.0000	0.0000	0.0000	0.0000	0.0000	0.0000	0.0000	0.0000	0.0000	0.0053	0.0043	0.0071	0.0080	0.0053	0.0228	0.0014	0.0015	0.0013	
35	155	0.5087	8	0	1	0	0	0	0	0	0	N	N	N	N	N	N	N	N	N	N	N	N	0.0000	0.0000	0.0000	0.0000	0.0000	0.0000	0.0000	0.0000	0.0000	0.0000	0.0000	0.0000	0.0000	0.0000	0.0000	0.0000	0.0000	0.0000	0.0527	0.0769	0.0027	0.0464	0.0537	0.0008	0.0611	0.1380	0.0033	0.0172	0.0000	-0.0012	0.4148	2.9180	1.5497	7.4065	0.0000	0.0000	0.0000	0.0000	0.0000	0.0000	0.0000	0.0000	0.0000	0.0028	0.0027	0.0000	0.0014	0.0014	0.0000	0.0014	0.0013	0.0000	0.0210	0.0186	0.0025	0.0144	0.0130	0.0013	0.0067	0.0056	0.0011	0.0524	0.0353	0.0171	0.0297	0.0256	0.0042	0.0226	0.0097	0.0129	0.0000	0.0000	0.0000	0.0000	0.0000	0.0000	0.0000	0.0000	0.0000	0.0527	0.0769	0.0027	0.0464	0.0537	0.0008	0.0611	0.1380	0.0033	
35	156	0.4428	7	0	0	0	0	0	0	0	0	N	N	N	N	N	N	N	N	N	N	N	N	0.1178	0.1241	0.0042	0.0825	0.0862	0.0000	0.1962	0.2531	0.0082	0.0024	0.0026	0.0001	0.0019	0.0020	0.0000	0.0033	0.0039	0.0001	0.0201	0.0212	0.0176	0.0225	0.0235	0.0164	0.0169	0.0154	0.0180	0.0034	0.4019	-0.0001	-0.0005	0.4148	8.2479	1.5497	19.7214	0.0002	0.0002	0.0000	0.0001	0.0001	0.0000	0.0001	0.0001	0.0000	0.0029	0.0021	0.0008	0.0019	0.0017	0.0002	0.0011	0.0004	0.0007	0.0713	0.0636	0.0076	0.0464	0.0426	0.0038	0.0248	0.0210	0.0038	0.1459	0.0983	0.0476	0.0826	0.0715	0.0112	0.0633	0.0268	0.0365	0.1178	0.1241	0.0042	0.0825	0.0862	0.0000	0.1962	0.2531	0.0082	0.0201	0.0212	0.0176	0.0225	0.0235	0.0164	0.0169	0.0154	0.0180
35	157	0.4067	6	0	0	0	0	0	0	0	0	N	N	N	N	N	N	N	N	N	N	N	N	2.2420	2.4530	0.2948	1.4448	1.6412	0.3016	4.4505	5.5400	0.0195	0.0789	0.0895	0.0096	0.0609	0.0675	0.0147	0.1166	0.1370	0.0005	0.0352	0.0365	0.0324	0.0422	0.0411	0.0487	0.0262	0.0247	0.0274	0.0164	0.4195	-0.0022	-0.0007	0.4148	7.4725	1.5497	14.3153	0.0051	0.0050	0.0001	0.0027	0.0026	0.0001	0.0024	0.0024	0.0000	0.0045	0.0032	0.0013	0.0030	0.0026	0.0005	0.0015	0.0006	0.0009	0.0649	0.0563	0.0086	0.0440	0.0385	0.0055	0.0209	0.0178	0.0031	0.1286	0.0873	0.0412	0.0723	0.0626	0.0098	0.0563	0.0248	0.0315	2.2420	2.4530	0.2948	1.4448	1.6412	0.3016	4.4505	5.5400	0.0195	0.0352	0.0365	0.0324	0.0422	0.0411	0.0487	0.0262	0.0247	0.0274
35	158	0.3412	5	0	0	0	0	0	0	0	0	N	N	N	N	N	N	N	N	N	N	N	N	83.2274	84.9030	0.0648	86.2987	90.1803	0.1721	88.4364	79.0026	0.0465	4.0258	4.8567	0.0019	4.8810	5.0973	0.0098	3.4254	4.6378	0.0010	0.0484	0.0572	0.0293	0.0566	0.0565	0.0568	0.0387	0.0587	0.0214	0.0001	0.2362	-0.1665	-0.0025	0.4148	11.6653	1.5497	19.4910	0.3775	0.3774	0.0000	0.1888	0.1888	0.0000	0.1887	0.1887	0.0000	0.0092	0.0074	0.0018	0.0058	0.0051	0.0008	0.0034	0.0024	0.0010	0.0938	0.0777	0.0160	0.0387	0.0370	0.0016	0.0551	0.0407	0.0144	0.1899	0.1299	0.0600	0.1027	0.0894	0.0133	0.0872	0.0405	0.0467	83.2274	84.9030	0.0648	86.2987	90.1803	0.1721	88.4364	79.0026	0.0465	0.0484	0.0572	0.0293	0.0566	0.0565	0.0568	0.0387	0.0587	0.0214
35	159	0.2939	4	0	0	0	0	0	0	0	0	N	N	N	N	N	N	N	N	N	N	N	N	1.0160	0.8045	1.9218	1.0603	1.1145	1.7638	1.0981	0.4797	2.5654	0.1095	0.0896	0.1922	0.1372	0.1332	0.3438	0.0896	0.0444	0.1857	0.1078	0.1114	0.1000	0.1294	0.1195	0.1949	0.0816	0.0926	0.0724	0.5156	0.4189	-0.0008	-0.0035	0.4148	7.3933	1.5497	20.5306	0.0076	0.0050	0.0026	0.0040	0.0038	0.0002	0.0036	0.0012	0.0024	0.0216	0.0152	0.0064	0.0142	0.0114	0.0028	0.0074	0.0038	0.0036	0.0697	0.0562	0.0135	0.0292	0.0286	0.0006	0.0405	0.0276	0.0130	0.2005	0.1367	0.0638	0.1099	0.0955	0.0144	0.0906	0.0412	0.0494	1.0160	0.8045	1.9218	1.0603	1.1145	1.7638	1.0981	0.4797	2.5654	0.1078	0.1114	0.1000	0.1294	0.1195	0.1949	0.0816	0.0926	0.0724
35	160	0.0578	3	0	0	0	0	0	0	0	0	N	N	N	N	N	N	N	N	N	N	N	N	0.7523	0.5096	1.8036	0.6264	0.6917	0.0000	0.7858	0.0032	1.7709	2.4012	1.4544	6.9020	3.7698	3.8001	0.0000	1.7618	0.0024	7.0041	3.1918	2.8543	3.8268	6.0186	5.4940	2.3889	2.2419	0.7345	3.9550	0.9983	0.7127	0.0223	-0.0420	0.4148	27.6416	1.5497	54.6365	0.3807	0.1905	0.1902	0.1903	0.1903	0.0000	0.1904	0.0002	0.1902	0.9952	0.5811	0.4141	0.5193	0.4981	0.0212	0.4759	0.0829	0.3929	0.1585	0.1310	0.0276	0.0505	0.0501	0.0004	0.1081	0.0809	0.0272	0.3118	0.2036	0.1082	0.0995	0.0907	0.0089	0.2123	0.1129	0.0994	0.7523	0.5096	1.8036	0.7225	0.6917	0.0000	0.7858	0.0032	1.7709	3.1918	2.8543	3.8268	5.2174	5.4940	2.3889	2.2419	0.7345	3.9550
35	161	0.1623	9	1	1	0	0	0	0	0	0	N	N	N	N	N	N	N	N	N	N	N	N	0.0000	0.0000	0.0000	0.0000	0.0000	0.0000	0.0000	0.0000	0.0000	0.0000	0.0000	0.0000	0.0000	0.0000	0.0000	0.0000	0.0000	0.0000	0.0000	0.0000	0.0000	0.0000	0.0002	0.0000	0.0000	0.0000	1.0000	0.0000	0.0000	0.4148	0.0002	1.5497	3.0099	0.0000	0.0000	0.0000	0.0000	0.0000	0.0000	0.0000	0.0000	0.0000	0.0000	0.0000	0.0000	0.0000	0.0000	0.0000	0.0000	0.0000	0.0000	0.0000	0.0000	0.0000	0.0000	0.0000	0.0000	0.0000	0.0000	0.0000	0.0151	0.0099	0.0052	0.0056	0.0049	0.0007	0.0095	0.0050	0.0045	0.0000	0.0000	0.0000	0.0000	0.0000	0.0000	0.0000	0.0000	0.0000	0.0000	0.0000	0.0000	0.0000	0.0000	0.0002	0.0000	0.0000	0.0000		
35	162	0.1547	8	1	1	0	0	0	0	0	0	N	N	N	N	N	N	N	N	N	N	N	N	0.0000	0.0000	0.0000	0.0000	0.0000	0.0000	0.0000	0.0000	0.0000	0.0000	0.0000	0.0000	0.0000	0.0000	0.0000	0.0000	0.0000	0.0000	0.0000	0.0000	0.0000	0.0000	0.0000	0.0000	0.0000	0.0000	0.0000	0.0369	0.0000	-0.0000	0.4148	0.9998	1.5497	2.0118	0.0000	0.0000	0.0000	0.0000	0.0000	0.0000	0.0000	0.0000	0.0000	0.0000	0.0000	0.0000	0.0000	0.0000	0.0000	0.0000	0.0000	0.0000	0.0067	0.0054	0.0013	0.0022	0.0022	0.0000	0.0045	0.0033	0.0012	0.0149	0.0097	0.0052	0.0055	0.0048	0.0007	0.0094	0.0049	0.0045	0.0000	0.0000	0.0000	0.0000	0.0000	0.0000	0.0000	0.0000	0.0000	0.0000	0.0000	0.0000	0.0000	0.0000	0.0000	0.0000	0.0000	0.0000	
35	163	0.1547	7	1	1	0	0	0	0	0	0	N	N	N	N	N	N	N	N	N	N	N	N	0.0000	0.0000	0.0000	0.0000	0.0000	0.0000	0.0000	0.0000	0.0000	0.0000	0.0000	0.0000	0.0000	0.0000	0.0000	0.0000	0.0000	0.0036	0.0039	0.0027	0.0054	0.0043	0.0254	0.0022	0.0033	0.0000	0.1852	0.0000	-0.0000	0.4148	0.0000	1.5497	0.0003	0.0000	0.0000	0.0000	0.0000	0.0000	0.0000	0.0000	0.0000	0.0000	0.0000	0.0000	0.0000	0.0000	0.0000	0.0000	0.0000	0.0000	0.0000	0.0000	0.0000	0.0000	0.0000	0.0000	0.0000	0.0000	0.0000	0.0000	0.0000	0.0000	0.0000	0.0000	0.0000	0.0000	0.0000	0.0000	0.0000	0.0000	0.0000	0.0000	0.0000	0.0000	0.0000	0.0000	0.0000	0.0000	0.0036	0.0039	0.0027	0.0054	0.0043	0.0254	0.0022	0.0033	0.0000		
35	164	0.1437	6	0	1	0	0	0	0	0	0	N	N	N	N	N	N	N	N	N	N	N	N	656.0552	637.8350	673.2179	536.5261	494.7370	0.0000	768.8369	0.0000	612.9008	0.2526	0.1927	0.3665	0.2793	0.2803	0.0000	0.2305	0.0000	0.3683	0.0004	0.0003	0.0005	0.0005	0.0006	0.0002	0.0003	0.0000	0.0006	0.9991	0.9363	0.0000	0.0000	0.4148	0.0063	1.5497	4.3641	0.0000	0.0000	0.0000	0.0000	0.0000	0.0000	0.0000	0.0000	0.0000	0.0000	0.0000	0.0000	0.0000	0.0000	0.0000	0.0000	0.0000	0.0000	0.0001	0.0001	0.0001	0.0001	0.0001	0.0000	0.0001	0.0000	0.0001	0.0240	0.0158	0.0082	0.0092	0.0082	0.0011	0.0147	0.0076	0.0071	656.0552	637.8350	673.2179	536.5261	494.7370	0.0000	768.8369	0.0000	612.9008	0.0004	0.0003	0.0005	0.0005	0.0006	0.0002	0.0003	0.0000	0.0006
35	165	0.1118	5	0	0	0	0	0	0	0	0	N	N	N	N	N	N	N	N	N	N	N	N	151.0364	122.2783	277.7472	150.0216	143.6721	0.0000	155.3442	0.0000	266.4559	1.1273	0.6882	3.1188	1.5541	1.5798	0.0000	0.8843	0.0000	3.2242	0.0075	0.0056	0.0112	0.0104	0.0110	0.0049	0.0057	0.0001	0.0121	0.9991	0.9726	0.0013	0.0000	0.4148	2.5207	1.5497	10.0226	0.0225	0.0113	0.0113	0.0113	0.0113	0.0000	0.0113	0.0000	0.0113	0.0005	0.0003	0.0003	0.0003	0.0003	0.0000	0.0002	0.0000	0.0002	0.0200	0.0164	0.0036	0.0073	0.0071	0.0001	0.0127	0.0092	0.0035	0.0706	0.0475	0.0231	0.0268	0.0240	0.0028	0.0438	0.0235	0.0203	151.0364	122.2783	277.7472	150.0216	143.6721	0.0000	155.3442	0.0000	266.4559	0.0075	0.0056	0.0112	0.0104	0.0110	0.0049	0.0057	0.0001	0.0121
35	166	0.0962	4	0	0	0	0	0	0	0	0	N	N	N	N	N	N	N	N	N	N	N	N	0.3442	0.2777	0.6318	0.3301	0.3205	0.0012	0.3585	0.0000	0.6366	0.0039	0.0024	0.0110	0.0048	0.0050	0.0000	0.0033	0.0000	0.0124	0.0113	0.0085	0.0174	0.0145	0.0157	0.0043	0.0091	0.0005	0.0194	0.9995	0.9350	0.0000	0.0000	0.4148	2.6894	1.5497	4.6619	0.0001	0.0000	0.0000	0.0000	0.0000	0.0000	0.0000	0.0000	0.0000	0.0006	0.0003	0.0003	0.0003	0.0003	0.0000	0.0003	0.0000	0.0003	0.0226	0.0186	0.0040	0.0091	0.0087	0.0004	0.0135	0.0099	0.0035	0.0499	0.0343	0.0157	0.0201	0.0180	0.0021	0.0299	0.0163	0.0136	0.3442	0.2777	0.6318	0.3301	0.3205	0.0012	0.3585	0.0000	0.6366	0.0113	0.0085	0.0174	0.0145	0.0157	0.0043	0.0091	0.0005	0.0194
35	167	0.0578	3	0	0	0	0	0	0	0	0	N	N	N	N	N	N	N	N	N	N	N	N	0.0922	0.0714	0.1763	0.0925	0.0882	0.0000	0.0945	0.0000	0.1700	0.0055	0.0034	0.0146	0.0085	0.0086	0.0000	0.0041	0.0000	0.0148	0.0598	0.0476	0.0827	0.0918	0.0971	0.0398	0.0432	0.0029	0.0870	1.0005	0.9254	0.0000	0.0001	0.4148	2.7966	1.5497	8.5340	0.0001	0.0001	0.0001	0.0001	0.0001	0.0000	0.0001	0.0000	0.0001	0.0037	0.0019	0.0018	0.0019	0.0018	0.0001	0.0017	0.0001	0.0017	0.0185	0.0150	0.0035	0.0060	0.0060	0.0000	0.0125	0.0090	0.0034	0.0612	0.0399	0.0212	0.0209	0.0189	0.0019	0.0403	0.0210	0.0193	0.0922	0.0714	0.1763	0.0925	0.0882	0.0000	0.0945	0.0000	0.1700	0.0598	0.0476	0.0827	0.0918	0.0971	0.0398	0.0432	0.0029	0.0870
36	37	0.1596	3	1	2	0	0	0	0	0	0	N	Y	N	N	N	N	N	N	N	N	N	N	0.0000	0.0000	0.0000	0.0000	0.0000	0.0000	0.0000	0.0000	0.0000	0.0000	0.0000	0.0000	0.0000	0.0000	0.0000	0.0000	0.0000	1.8361	2.6080	0.6995	0.1540	0.1860	0.0000	2.3041	3.6585	0.7709	0.1821	0.0000	-0.7353	7.9964	6.9981	23.6501	25.9787	0.0000	0.0000	0.0000	0.0000	0.0000	0.0000	0.0000	0.0000	0.0000	2.4163	2.0441	0.3723	0.0441	0.0441	0.0000	2.3722	2.0000	0.3723	0.3421	0.2901	0.0520	0.0156	0.0144	0.0012	0.3266	0.2757	0.0509	1.3160	0.7838	0.5322	0.2864	0.2371	0.0493	1.0296	0.5467	0.4829	0.0000	0.0000	0.0000	0.0000	0.0000	0.0000	0.0000	0.0000	0.0000	1.8361	2.6080	0.6995	0.1540	0.1860	0.0000	2.3041	3.6585	0.7709		
36	38	0.1434	3	0	2	0	0	0	0	0	0	N	Y	N	N	N	N	N	N	N	N	N	N	0.9197	0.0006	32.7451	0.0076	0.0071	0.0000	1.0222	0.0000	34.0686	0.0430	0.0000	0.2730	0.0003	0.0003	0.0000	0.0486	0.0000	0.2828	0.0467	0.0738	0.0083	0.0426	0.0475	0.0090	0.0475	0.0822	0.0083	1140.8780	0.0797	0.0064	-0.0113	7.9964	4.7553	23.6501	10.1994	0.0114	0.0000	0.0114	0.0000	0.0000	0.0000	0.0114	0.0000	0.0114	0.0293	0.0272	0.0022	0.0044	0.0043	0.0001	0.0249	0.0229	0.0020	0.2658	0.2240	0.0418	0.0309	0.0295	0.0015	0.2349	0.1945	0.0403	0.6277	0.3681	0.2596	0.1027	0.0895	0.0132	0.5249	0.2786	0.2464	0.9197	0.0006	32.7451	0.0076	0.0071	0.0000	1.0222	0.0000	34.0686	0.0467	0.0738	0.0083	0.0426	0.0475	0.0090	0.0475	0.0822	0.0083
36	40	0.1596	3	0	2	0	0	0	0	0	0	N	Y	N	N	N	N	N	N	N	N	N	N	1.6752	2.3143	0.0000	0.0000	0.0000	1.3937	1.7564	0.0000	2.9215	3.4456	0.0000	0.0000	0.0000	0.0000	3.0607	3.6257	0.0000	1.7439	1.4888	2.1239	0.1682	0.2027	0.0000	2.1960	2.0643	2.3457	0.0000	0.9580	-0.4411	0.0631	7.9964	7.0019	23.6501	21.4344	1.0000	1.0000	0.0000	0.0000	0.0000	0.0000	1.0000	1.0000	0.0000	2.0439	1.0439	1.0000	0.0439	0.0439	0.0000	2.0000	1.0000	1.0000	0.3423	0.2902	0.0521	0.0156	0.0144	0.0012	0.3267	0.2758	0.0509	1.1720	0.7012	0.4708	0.2613	0.2168	0.0445	0.9107	0.4844	0.4263	1.6752	2.3143	0.0000	0.0000	0.0000	0.0000	1.3937	1.7564	0.0000	1.7439	1.4888	2.1239	0.1682	0.2027	0.0000	2.1960	2.0643	2.3457	
36	41	0.5900	6	0	2	0	0	0	0	0	0	N	Y	N	N	N	N	N	N	N	N	N	N	0.0000	0.0000	0.0000	0.0000	0.0000	0.0000	0.0000	0.0000	0.0000	0.0000	0.0000	0.0000	0.0000	0.0000	0.0000	0.0000	0.0000	0.0005	0.0001	0.0013	0.0002	0.0002	0.0001	0.0009	0.0000	0.0019	4.4285	0.0000	0.0001	7.9964	8.1446	23.6501	10.2519	0.0000	0.0000	0.0000	0.0000	0.0000	0.0000	0.0000	0.0000	0.0000	0.0003	0.0001	0.0002	0.0001	0.0001	0.0000	0.0002	0.0000	0.0002	0.4600	0.4044	0.0556	0.1544	0.1461	0.0083	0.3056	0.2582	0.0473	0.6104	0.4213	0.1891	0.3549	0.2905	0.0644	0.2555	0.1308	0.1247	0.0000	0.0000	0.0000	0.0000	0.0000	0.0000	0.0000	0.0000	0.0000	0.0005	0.0001	0.0013	0.0002	0.0002	0.0001	0.0009	0.0000	0.0019		
36	42	0.1596	3	0	2	0	0	0	0	0	0	N	Y	N	N	N	N	N	N	N	N	N	N	0.0000	0.0000	0.0000	0.0000	0.0000	0.0000	0.0000	0.0000	0.0000	0.0000	0.0000	0.0000	0.0000	0.0000	0.0000	0.0000	0.0000	0.0228	0.0002	0.0581	0.0902	0.0005	0.5485	0.0010	0.0000	0.0021	227.9380	0.0000	0.0098	7.9964	5.9981	23.6501	11.5875	0.0000	0.0000	0.0000	0.0000	0.0000	0.0000	0.0000	0.0000	0.0000	0.0183	0.0001	0.0182	0.0177	0.0001	0.0176	0.0006	0.0000	0.0006	0.2946	0.2497	0.0449	0.0134	0.0124	0.0010	0.2812	0.2373	0.0439	0.8048	0.4909	0.3139	0.1965	0.1643	0.0322	0.6083	0.3266	0.2818	0.0000	0.0000	0.0000	0.0000	0.0000	0.0000	0.0000	0.0000	0.0000	0.0228	0.0002	0.0581	0.0902	0.0005	0.5485	0.0010	0.0000	0.0021		
36	43	0.2433	3	0	2	1	1	0	0	0	0	N	Y	N	N	N	N	N	N	N	N	N	N	0.0000	0.0000	0.0000	0.0000	0.0000	0.0000	0.0000	0.0000	0.0000	0.0000	0.0000	0.0000	0.0000	0.0083	0.0114	0.0000	0.0177	0.0195	0.0000	0.0000	0.0000	0.0000	0.0000	0.0000	-0.0009	7.9964	1.0007	23.6501	2.4334	0.0000	0.0000	0.0000	0.0000	0.0000	0.0000	0.0000	0.0000	0.0000	0.0019	0.0019	0.0000	0.0019	0.0019	0.0000	0.0000	0.0000	0.0000	0.0491	0.0416	0.0075	0.0038	0.0036	0.0002	0.0452	0.0380	0.0072	0.2285	0.1658	0.0627	0.1069	0.0972	0.0097	0.1216	0.0686	0.0530	0.0000	0.0000	0.0000	0.0000	0.0000	0.0000	0.0000	0.0000	0.0000	0.0083	0.0114	0.0000	0.0177	0.0195	0.0000	0.0000	0.0000	0.0000						
36	44	0.2061	2	0	1	0	1	0	0	0	0	N	N	N	N	N	N	N	N	N	N	N	N	0.0056	0.0044	0.0000	0.0137	0.0122	0.0000	0.1136	0.0821	0.0000	0.0024	0.0028	0.0000	0.0120	0.0125	0.0000	0.0012	0.0015	0.0000	0.4252	0.6308	0.0029	0.8749	1.0232	0.0003	0.0108	0.0179	0.0036	0.0000	0.0023	-0.0001	-0.2034	7.9964	1.0391	23.6501	15.0482	0.0001	0.0001	0.0000	0.0001	0.0001	0.0000	0.0001	0.0001	0.0000	0.4459	0.4449	0.0010	0.4400	0.4400	0.0000	0.0059	0.0049	0.0010	0.0546	0.0464	0.0082	0.0058	0.0056	0.0003	0.0488	0.0408	0.0080	1.0487	0.7053	0.3434	0.5029	0.4300	0.0729	0.5458	0.2753	0.2705	0.0056	0.0044	0.0000	0.0137	0.0122	0.0000	0.1136	0.0821	0.0000	0.4252	0.6308	0.0029	0.8749	1.0232	0.0003	0.0108	0.0179	0.0036
36	46	0.5670	9	1	2	0	0	0	0	0	0	N	Y	N	N	N	N	N	N	N	N	N	N	0.0000	0.0000	0.0000	0.0000	0.0000	0.0000	0.0000	0.0000	0.0000	0.0000	0.0000	0.0000	0.0000	0.0000	0.0000	0.0000	0.0000	0.0121	0.0150	0.0063	0.0247	0.0247	0.0248	0.0002	0.0000	0.0003	0.2143	0.0000	-0.0004	7.9964	2.0120	23.6501	1.9924	0.0000	0.0000	0.0000	0.0000	0.0000	0.0000	0.0000	0.0000	0.0000	0.0015	0.0013	0.0003	0.0015	0.0013	0.0003	0.0000	0.0000	0.0000	0.0976	0.0840	0.0136	0.0241	0.0222	0.0020	0.0735	0.0618	0.0117	0.1265	0.0839	0.0426	0.0615	0.0510	0.0105	0.0650	0.0329	0.0321	0.0000	0.0000	0.0000	0.0000	0.0000	0.0000	0.0000	0.0000	0.0000	0.0121	0.0150	0.0063	0.0247	0.0247	0.0248	0.0002	0.0000	0.0003		
36	47	0.1902	7	1	2	0	0	0	0	0	0	N	Y	N	N	N	N	N	N	N	N	N	N	0.0000	0.0000	0.0000	0.0000	0.0000	0.0000	0.0000	0.0000	0.0000	0.0000	0.0000	0.0000	0.0000	0.0000	0.0000	0.0000	0.0000	0.0000	0.0000	0.0000	7.9964	0.0002	23.6501	4.0036	0.0000	0.0000	0.0000	0.0000	0.0000	0.0000	0.0000	0.0000	0.0000	0.0000	0.0000	0.0000	0.0000	0.0000	0.0000	0.0000	0.0000	0.0000	0.0000	0.0000	0.0000	0.0000	0.0000	0.0000	0.0000	0.0000	0.0000	0.1558	0.0875	0.0682	0.0209	0.0185	0.0024	0.1348	0.0691	0.0658	0.0000	0.0000	0.0000	0.0000	0.0000	0.0000	0.0000	0.0000	0.0000	0.0000	0.0000	0.0000	0.0000	0.0000	0.0000	0.0000	0.0000	0.0000											
36	50	0.1752	2	0	1	1	0	0	0	0	0	N	N	N	N	N	N	N	N	N	N	N	N	1.1874	0.8108	3.3203	0.1581	0.0630	1.4698	0.9057	0.5243	3.0469	2.4925	1.3323	9.4983	0.0129	0.0047	0.1949	2.6866	1.4493	9.7095	2.0991	1.6433	2.8607	0.0818	0.0740	0.1326	2.9663	2.7643	3.1867	1.1805	1.0420	0.3700	0.3253	7.9964	31.2093	23.6501	46.3939	3.6892	1.6918	1.9973	0.0014	0.0005	0.0009	3.6878	1.6914	1.9964	6.2656	3.0684	3.1972	0.0734	0.0575	0.0158	6.1923	3.0108	3.1814	1.4801	1.2698	0.2103	0.1075	0.1028	0.0047	1.3726	1.1670	0.2056	2.9849	1.8672	1.1177	0.8974	0.7780	0.1193	2.0875	1.0892	0.9983	1.1874	0.8108	3.3203	0.1581	0.0630	1.4698	0.9057	0.5243	3.0469	2.0991	1.6433	2.8607	0.0818	0.0740	0.1326	2.9663	2.7643	3.1867
36	51	0.1225	2	0	2	0	0	0	0	0	0	N	Y	N	N	N	N	N	N	N	N	N	N	0.0075	0.0056	0.0836	0.0791	0.0000	0.0000	0.0007	0.0008	0.0000	0.0206	0.0215	0.0000	0.0000	0.0000	0.0000	0.0898	0.1409	0.0000	0.2458	0.2713	0.0000	0.0170	0.0332	0.0000	0.0000	0.0000	-0.0001	-0.0511	7.9964	4.1516	23.6501	14.5664	0.0001	0.0001	0.0000	0.0001	0.0001	0.0000	0.0000	0.0000	0.0000	0.1115	0.1115	0.0000	0.0971	0.0971	0.0000	0.0144	0.0144	0.0000	0.2071	0.1755	0.0316	0.0068	0.0065	0.0003	0.2003	0.1690	0.0313	1.2418	0.7914	0.4504	0.3949	0.3578	0.0371	0.8469	0.4336	0.4132	0.0075	0.0056	0.0000	0.0836	0.0791	0.0000	0.0000	0.0000	0.0000	0.0898	0.1409	0.0000	0.2458	0.2713	0.0000	0.0170	0.0332	0.0000			
36	52	0.2030	4	1	1	1	0	0	0	0	0	N	N	N	N	N	N	N	N	N	N	N	N	28.4826	1175.8660	0.0000	882.9518	1168.0424	0.0000	0.0000	0.0000	0.7155	0.8054	0.0000	1.9014	1.9062	0.0000	0.0000	0.0000	0.0000	0.0251	0.0007	0.0701	0.0022	0.0016	0.0060	0.0354	0.0000	0.0776	0.0000	55.5953	-0.0002	0.0007	7.9964	0.0028	23.6501	0.9232	0.0004	0.0004	0.0000	0.0004	0.0004	0.0000	0.0000	0.0000	0.0000	0.0013	0.0000	0.0012	0.0000	0.0000	0.0000	0.0012	0.0000	0.0012	0.0005	0.0005	0.0001	0.0002	0.0002	0.0000	0.0003	0.0003	0.0001	0.0505	0.0327	0.0178	0.0156	0.0137	0.0019	0.0349	0.0190	0.0159	28.4826	1175.8660	0.0000	882.9518	1168.0424	0.0000	0.0000	0.0000	0.0000	0.0251	0.0007	0.0701	0.0022	0.0016	0.0060	0.0354	0.0000	0.0776	
36	53	0.5823	8	0	2	0	0	0	0	0	0	N	Y	N	N	N	N	N	N	N	N	N	N	1.4232	1.7542	0.0000	5.0162	4.7428	0.0000	0.0005	0.0042	0.0000	3.5798	4.1193	0.0000	14.6617	15.4212	0.0000	0.0010	0.0012	0.0000	2.5153	2.3482	2.8674	2.9229	3.2515	1.3414	1.9765	0.2902	3.5351	0.0000	0.5793	-0.7669	-0.2940	7.9964	8.5400	23.6501	19.3759	1.7386	1.7386	0.0000	1.7382	1.7382	0.0000	0.0004	0.0004	0.0000	3.2108	2.0331	1.1777	2.1241	1.9564	0.1677	1.0867	0.0767	1.0100	0.4857	0.4221	0.0636	0.1186	0.1127	0.0058	0.3671	0.3093	0.0578	1.2765	0.8658	0.4107	0.7267	0.6017	0.1250	0.5498	0.2641	0.2857	1.4232	1.7542	0.0000	5.0162	4.7428	0.0000	0.0005	0.0042	0.0000	2.5153	2.3482	2.8674	2.9229	3.2515	1.3414	1.9765	0.2902	3.5351
36	54	0.5192	7	0	1	0	0	0	0	0	0	N	N	N	N	N	N	N	N	N	N	N	N	0.9372	0.8384	1.3476	1.0891	1.0293	0.3007	0.7262	0.5502	1.1898	2.7275	2.6638	3.1671	1.9665	2.0400	0.2801	2.9682	2.8871	3.4153	2.9102	3.1772	2.3502	1.8056	1.9820	0.9316	4.0873	5.2473	2.8704	0.1725	0.3527	-0.3566	-0.8447	7.9964	7.3474	23.6501	24.2346	1.2128	1.0344	0.1784	0.2101	0.2089	0.0012	1.0027	0.8255	0.1772	4.2742	3.1598	1.1145	1.3681	1.2496	0.1185	2.9061	1.9102	0.9959	0.4447	0.3883	0.0563	0.1068	0.1024	0.0045	0.3378	0.2859	0.0519	1.4687	0.9945	0.4742	0.7577	0.6305	0.1272	0.7110	0.3640	0.3470	0.9372	0.8384	1.3476	1.0891	1.0293	0.3007	0.7262	0.5502	1.1898	2.9102	3.1772	2.3502	1.8056	1.9820	0.9316	4.0873	5.2473	2.8704
36	55	0.4894	6	0	1	0	0	0	0	0	0	N	N	N	N	N	N	N	N	N	N	N	N	0.9654	0.8850	0.9926	1.9586	1.7864	0.0535	0.5819	0.5547	0.8829	2.4436	2.5445	1.7164	6.0182	6.2136	0.0365	1.1210	0.9885	1.8431	2.5312	2.8751	1.7292	3.0726	3.4783	0.6831	1.9265	1.7818	2.0876	0.0935	0.2579	-0.2054	-0.7924	7.9964	3.4216	23.6501	15.9376	0.5776	0.5282	0.0494	0.3842	0.3841	0.0001	0.1934	0.1441	0.0493	3.1278	2.4865	0.6413	2.0032	1.9386	0.0646	1.1246	0.5479	0.5766	0.2364	0.2076	0.0288	0.0638	0.0618	0.0020	0.1725	0.1458	0.0268	1.2357	0.8648	0.3708	0.6519	0.5573	0.0946	0.5837	0.3075	0.2762	0.9654	0.8850	0.9926	1.9586	1.7864	0.0535	0.5819	0.5547	0.8829	2.5312	2.8751	1.7292	3.0726	3.4783	0.6831	1.9265	1.7818	2.0876
36	56	0.2061	2	0	2	0	0	0	0	0	0	N	Y	N	N	N	N	N	N	N	N	N	N	0.0006	0.0013	0.0000	0.2242	0.1998	0.0000	0.0002	0.0003	0.0000	0.0025	0.0029	0.0000	0.0124	0.0129	0.0000	0.0013	0.0015	0.0000	3.9073	2.3347	7.5326	0.0552	0.0647	0.0002	6.9236	5.4784	9.1070	0.0000	1.4822	-0.0001	0.6407	7.9964	0.9891	23.6501	20.6926	0.0001	0.0001	0.0000	0.0001	0.0001	0.0000	0.0001	0.0001	0.0000	4.6176	1.8603	2.7573	0.0300	0.0299	0.0000	4.5876	1.8304	2.7573	0.0522	0.0443	0.0079	0.0056	0.0054	0.0002	0.0465	0.0389	0.0076	1.2056	0.7968	0.4087	0.5429	0.4627	0.0802	0.6626	0.3341	0.3285	0.0006	0.0013	0.0000	0.2242	0.1998	0.0000	0.0002	0.0003	0.0000	3.8303	2.3347	6.7460	0.0552	0.0647	0.0002	6.9236	5.4784	8.3933
36	59	0.4698	6	0	2	0	1	0	0	0	0	N	Y	N	N	N	N	N	N	N	N	N	N	10.7259	5089.0814	0.0005	0.0008	0.2351	0.0015	1520.8688	22437.8398	0.0000	1.5145	1.7313	0.0002	0.0002	0.0001	0.0022	2.1563	2.5623	0.0000	0.1412	0.0003	0.4642	0.2513	0.0005	1.4562	0.0014	0.0001	0.0029	0.0000	595.0411	-0.4410	0.1574	7.9964	10.4254	23.6501	21.2017	0.9999	0.9999	0.0000	0.0000	0.0000	0.0000	0.9998	0.9998	0.0000	0.2915	0.0005	0.2910	0.2902	0.0004	0.2897	0.0013	0.0001	0.0012	0.6602	0.5775	0.0827	0.1965	0.1873	0.0092	0.4637	0.3902	0.0735	2.0643	1.4374	0.6269	1.1546	0.9556	0.1990	0.9097	0.4818	0.4279	10.7259	5089.0814	0.0005	0.0008	0.2351	0.0015	1520.8688	22437.8398	0.0000	0.1412	0.0003	0.4642	0.2513	0.0005	1.4562	0.0014	0.0001	0.0029
36	60	0.2030	4	1	1	1	0	0	0	0	0	N	N	N	N	N	N	N	N	N	N	N	N	0.6437	25.9245	0.0000	150.2078	201.5881	0.0000	0.0000	0.0000	0.0038	0.0045	0.0000	0.0918	0.1003	0.0000	0.0000	0.0000	0.0000	0.0059	0.0002	0.0146	0.0006	0.0005	0.0011	0.0077	0.0000	0.0164	0.0000	55.5953	-0.0002	0.0007	7.9964	1.9981	23.6501	3.0867	0.0004	0.0004	0.0000	0.0004	0.0004	0.0000	0.0000	0.0000	0.0000	0.0013	0.0000	0.0012	0.0000	0.0000	0.0000	0.0012	0.0000	0.0012	0.0995	0.0842	0.0153	0.0041	0.0038	0.0003	0.0954	0.0804	0.0149	0.2146	0.1292	0.0854	0.0550	0.0451	0.0099	0.1597	0.0842	0.0755	0.6437	25.9245	0.0000	150.2078	201.5881	0.0000	0.0000	0.0000	0.0000	0.0059	0.0002	0.0146	0.0006	0.0005	0.0011	0.0077	0.0000	0.0164	
36	61	0.1596	3	1	1	1	0	0	0	0	0	N	N	N	N	N	N	N	N	N	N	N	N	1.1080	67.6245	0.0000	501.7150	452.9965	0.0000	0.0000	0.0000	0.0000	5.0191	5.9244	0.0000	110.2510	119.0802	0.0000	0.0000	0.0000	0.0000	4.5300	0.0876	19.4509	0.2197	0.2629	0.0001	5.4142	0.0001	17.9191	0.0000	76.8260	-0.4394	1.8057	7.9964	4.0039	23.6501	14.0733	0.9960	0.9960	0.0000	0.9960	0.9960	0.0000	0.0000	0.0000	0.0000	3.4148	0.0439	3.3710	0.0439	0.0439	0.0000	3.3710	0.0000	3.3710	0.1984	0.1681	0.0303	0.0090	0.0084	0.0007	0.1894	0.1598	0.0297	0.8222	0.5008	0.3214	0.1996	0.1668	0.0328	0.6226	0.3340	0.2886	1.2085	67.6245	0.0000	501.7150	452.9965	0.0000	0.0000	0.0000	0.0000	4.1533	0.0876	10.4898	0.2197	0.2629	0.0001	5.4142	0.0001	11.6803
36	62	0.1790	4	1	1	1	0	0	0	0	0	N	N	N	N	N	N	N	N	N	N	N	N	0.0000	0.0000	0.0000	0.0000	0.0000	0.0000	0.0000	0.0000	0.0000	0.0000	0.0000	0.0000	0.0000	0.0000	0.0000	0.0000	0.0000	0.0000	3.1052	0.2456	8.4951	0.5969	0.7211	0.0039	3.8946	0.0000	7.8473	20.7585	0.0000	1.0456	7.9964	0.0060	23.6501	17.2393	0.0000	0.0000	0.0000	0.0000	0.0000	0.0000	0.0000	0.0000	0.0000	2.1094	0.0969	2.0125	0.0971	0.0969	0.0001	2.0123	0.0000	2.0123	0.0014	0.0012	0.0002	0.0006	0.0005	0.0000	0.0008	0.0006	0.0002	0.6793	0.3947	0.2846	0.1626	0.1344	0.0282	0.5167	0.2603	0.2564	0.0000	0.0000	0.0000	0.0000	0.0000	0.0000	0.0000	0.0000	0.0000	3.1052	0.2456	7.0713	0.5969	0.7211	0.0039	3.8946	0.0000	7.8473	
36	63	0.1225	2	0	1	1	0	0	0	0	0	N	N	N	N	N	N	N	N	N	N	N	N	0.0024	0.0225	0.0000	0.2073	0.1930	0.0000	0.0000	0.0000	0.0000	0.0024	0.0029	0.0000	0.0318	0.0325	0.0000	0.0000	0.0000	0.0000	1.0121	0.1272	2.6884	0.1535	0.1682	0.0054	1.4921	0.0865	2.9655	0.0000	11.1563	-0.0001	0.4920	7.9964	1.0230	23.6501	12.1924	0.0001	0.0001	0.0000	0.0001	0.0001	0.0000	0.0000	0.0000	0.0000	1.0710	0.0881	0.9829	0.0582	0.0581	0.0002	1.0127	0.0300	0.9827	0.0571	0.0488	0.0083	0.0044	0.0043	0.0001	0.0527	0.0445	0.0082	1.0582	0.6926	0.3656	0.3795	0.3453	0.0342	0.6787	0.3474	0.3314	0.0024	0.0225	0.0000	0.2073	0.1930	0.0000	0.0000	0.0000	0.0000	1.0121	0.1272	2.6884	0.1535	0.1682	0.0054	1.4921	0.0865	2.9655
36	65	0.2080	3	0	2	0	0	0	0	0	0	N	Y	N	N	N	N	N	N	N	N	N	N	173.6193	130.3942	0.0000	0.0807	0.0734	0.0000	18482.9177	11669.6919	0.0000	6.9358	8.0204	0.0000	0.0095	0.0099	0.0000	8.1363	9.6012	0.0000	0.0399	0.0615	0.0000	0.1178	0.1342	0.0000	0.0004	0.0008	0.0000	0.0000	0.0000	-0.3050	-0.0120	7.9964	1.7555	23.6501	11.9300	0.6915	0.6915	0.0000	0.0001	0.0001	0.0000	0.6914	0.6914	0.0000	0.0262	0.0262	0.0000	0.0260	0.0260	0.0000	0.0002	0.0002	0.0000	0.0997	0.0862	0.0135	0.0147	0.0142	0.0005	0.0850	0.0720	0.0130	0.6563	0.4262	0.2301	0.2209	0.1939	0.0270	0.4354	0.2323	0.2031	173.6193	130.3942	0.0000	0.0807	0.0734	0.0000	18482.9177	11669.6919	0.0000	0.0399	0.0615	0.0000	0.1178	0.1342	0.0000	0.0004	0.0008	0.0000
36	66	0.1871	5	1	2	1	0	0	0	0	0	N	Y	N	N	N	N	N	N	N	N	N	N	0.0000	0.0000	0.0000	0.0000	0.0000	0.0000	0.0000	0.0000	0.0000	0.0000	0.0000	0.0000	0.0000	0.0000	0.0000	0.0000	0.0000	0.0000	0.0000	0.0000	7.9964	0.0000	23.6501	0.0000	0.0000	0.0000	0.0000	0.0000	0.0000	0.0000	0.0000	0.0000	0.0000	0.0000	0.0000	0.0000	0.0000	0.0000	0.0000	0.0000	0.0000	0.0000	0.0000	0.0000	0.0000	0.0000	0.0000	0.0000	0.0000	0.0000	0.0000	0.0000	0.0000	0.0000	0.0000	0.0000	0.0000	0.0000	0.0000	0.0000	0.0000	0.0000	0.0000	0.0000	0.0000	0.0000	0.0000	0.0000	0.0000	0.0000	0.0000	0.0000	0.0000	0.0000	0.0000	0.0000	0.0000	0.0000											
36	67	0.6916	8	1	2	1	0	0	0	0	0	N	Y	N	N	N	N	N	N	N	N	N	N	0.0000	0.0000	0.0000	0.0000	0.0000	0.0000	0.0000	0.0000	0.0000	0.0000	0.0000	0.0000	0.0000	11.2906	0.0000	60.6385	39.5131	0.0000	213.0223	0.0000	0.0000	0.0000	inf	0.0000	0.5416	7.9964	1.0000	23.6501	3.0000	0.0000	0.0000	0.0000	0.0000	0.0000	0.0000	0.0000	0.0000	0.0000	1.0000	0.0000	1.0000	1.0000	0.0000	1.0000	0.0000	0.0000	0.0000	0.0394	0.0341	0.0054	0.0085	0.0079	0.0006	0.0309	0.0262	0.0047	0.1256	0.0865	0.0391	0.0719	0.0593	0.0126	0.0537	0.0273	0.0265	0.0000	0.0000	0.0000	0.0000	0.0000	0.0000	0.0000	0.0000	0.0000	7.9631	0.0000	25.6019	13.9155	0.0000	79.3417	0.0000	0.0000	0.0000						
36	68	0.1871	5	1	2	1	0	0	0	0	0	N	Y	N	N	N	N	N	N	N	N	N	N	0.0000	0.0000	0.0000	0.0000	0.0000	0.0000	0.0000	0.0000	0.0000	0.0000	0.0000	0.0000	0.0000	0.0000	0.0000	0.0000	0.0000	0.0000	0.0000	0.0000	7.9964	1.0000	23.6501	0.0000	0.0000	0.0000	0.0000	0.0000	0.0000	0.0000	0.0000	0.0000	0.0000	0.0000	0.0000	0.0000	0.0000	0.0000	0.0000	0.0000	0.0000	0.0000	0.0502	0.0425	0.0077	0.0024	0.0023	0.0002	0.0478	0.0402	0.0075	0.0408	0.0233	0.0175	0.0080	0.0069	0.0011	0.0328	0.0164	0.0164	0.0000	0.0000	0.0000	0.0000	0.0000	0.0000	0.0000	0.0000	0.0000	0.0000	0.0000	0.0000	0.0000	0.0000	0.0000	0.0000	0.0000	0.0000											
36	69	0.1706	4	1	2	1	0	0	0	0	0	N	Y	N	N	N	N	N	N	N	N	N	N	0.0133	0.0000	0.4952	0.0000	0.0000	0.0000	0.0117	0.0000	0.4887	0.0004	0.0000	0.0025	0.0000	0.0000	0.0000	0.0004	0.0000	0.0025	0.0275	0.0418	0.0050	0.0017	0.0018	0.0001	0.0338	0.0585	0.0051	inf	0.0750	0.0000	-0.0035	7.9964	1.0155	23.6501	5.9708	0.0000	0.0000	0.0000	0.0000	0.0000	0.0000	0.0000	0.0000	0.0000	0.0091	0.0085	0.0006	0.0001	0.0001	0.0000	0.0090	0.0084	0.0006	0.0544	0.0463	0.0081	0.0040	0.0039	0.0002	0.0503	0.0424	0.0079	0.3306	0.2028	0.1278	0.0643	0.0598	0.0045	0.2663	0.1430	0.1233	0.0133	0.0000	0.4952	0.0000	0.0000	0.0000	0.0117	0.0000	0.4887	0.0275	0.0418	0.0050	0.0017	0.0018	0.0001	0.0338	0.0585	0.0051
36	70	0.1659	3	1	1	1	0	0	0	0	0	N	N	N	N	N	N	N	N	N	N	N	N	0.1573	0.0162	0.8072	0.3465	0.3233	2.7299	0.1443	0.0000	0.7933	0.1912	0.0146	1.5459	0.0448	0.0394	1.2463	0.2629	0.0000	1.5498	1.2159	0.9010	1.9152	0.1294	0.1220	0.4565	1.8214	1.7037	1.9535	13.8251	0.9572	0.0005	0.0091	7.9964	0.0406	23.6501	2.3361	0.0010	0.0001	0.0010	0.0001	0.0001	0.0000	0.0010	0.0000	0.0010	0.2975	0.1520	0.1455	0.0113	0.0104	0.0009	0.2862	0.1416	0.1446	0.0054	0.0048	0.0006	0.0018	0.0018	0.0000	0.0036	0.0030	0.0006	0.2447	0.1687	0.0760	0.0876	0.0856	0.0019	0.1571	0.0831	0.0740	0.1573	0.0162	0.8072	0.3465	0.3233	2.7299	0.1443	0.0000	0.7933	1.2159	0.9010	1.9152	0.1294	0.1220	0.4565	1.8214	1.7037	1.9535
36	71	0.6916	8	1	2	1	0	0	0	0	0	N	Y	N	N	N	N	N	N	N	N	N	N	0.0000	0.0000	0.0000	0.0000	0.0000	0.0000	0.0000	0.0000	0.0000	0.0000	0.0000	0.0000	0.0000	0.0000	0.0000	0.0000	0.0000	0.0000	0.0000	0.0000	7.9964	0.0000	23.6501	0.0000	0.0000	0.0000	0.0000	0.0000	0.0000	0.0000	0.0000	0.0000	0.0000	0.0000	0.0000	0.0000	0.0000	0.0000	0.0000	0.0000	0.0000	0.0000	0.0000	0.0000	0.0000	0.0000	0.0000	0.0000	0.0000	0.0000	0.0000	0.0000	0.0000	0.0000	0.0000	0.0000	0.0000	0.0000	0.0000	0.0000	0.0000	0.0000	0.0000	0.0000	0.0000	0.0000	0.0000	0.0000	0.0000	0.0000	0.0000	0.0000	0.0000	0.0000	0.0000	0.0000	0.0000	0.0000											
36	72	0.6735	7	1	2	1	0	0	0	0	0	N	Y	N	N	N	N	N	N	N	N	N	N	0.0000	0.0000	0.0000	0.0000	0.0000	0.0000	0.0000	0.0000	0.0000	0.0000	0.0000	0.0000	0.0000	0.0000	0.0000	0.0000	0.0000	0.0003	0.0001	0.0010	0.0002	0.0001	0.0008	0.0006	0.0000	0.0011	7.5911	0.0000	0.0000	7.9964	3.9057	23.6501	1.1104	0.0000	0.0000	0.0000	0.0000	0.0000	0.0000	0.0000	0.0000	0.0000	0.0001	0.0000	0.0001	0.0000	0.0000	0.0000	0.0000	0.0000	0.0000	0.1732	0.1500	0.0233	0.0400	0.0374	0.0025	0.1333	0.1125	0.0207	0.2116	0.1477	0.0639	0.1412	0.1137	0.0276	0.0704	0.0340	0.0363	0.0000	0.0000	0.0000	0.0000	0.0000	0.0000	0.0000	0.0000	0.0000	0.0003	0.0001	0.0010	0.0002	0.0001	0.0008	0.0006	0.0000	0.0011		
36	73	0.4708	5	1	2	0	0	0	0	0	0	N	Y	N	N	N	N	N	N	N	N	N	N	1.5197	1.1849	0.0017	2.9264	2.7097	0.0043	0.5473	0.3217	0.0000	3.6185	4.1133	0.0002	8.6316	9.1409	0.0010	0.9919	1.1727	0.0000	2.3810	3.4715	0.0924	2.9496	3.3734	0.2343	1.8123	3.6450	0.0548	0.0000	0.0127	-0.8348	-1.1566	7.9964	6.9070	23.6501	16.5673	1.8924	1.8924	0.0000	1.5520	1.5520	0.0000	0.3404	0.3404	0.0000	2.5943	2.5618	0.0325	1.6071	1.5899	0.0172	0.9871	0.9719	0.0152	0.5230	0.4601	0.0629	0.1798	0.1698	0.0100	0.3432	0.2903	0.0529	1.0896	0.7379	0.3516	0.5449	0.4713	0.0736	0.5447	0.2666	0.2781	1.5197	1.1849	0.0017	2.9264	2.7097	0.0043	0.5473	0.3217	0.0000	2.3810	3.4715	0.0924	2.9496	3.3734	0.2343	1.8123	3.6450	0.0548
36	74	0.5346	7	0	2	0	1	0	0	0	0	N	Y	N	N	N	N	N	N	N	N	N	N	0.0131	0.0105	0.0275	0.0068	0.0061	0.0000	0.0190	0.0164	0.0229	0.0054	0.0054	0.0055	0.0034	0.0036	0.0000	0.0059	0.0059	0.0060	0.4133	0.5141	0.2004	0.4978	0.5922	0.0546	0.3106	0.3582	0.2628	0.1745	0.1847	-0.0005	-0.1235	7.9964	6.4226	23.6501	19.3377	0.0017	0.0015	0.0003	0.0002	0.0002	0.0000	0.0016	0.0013	0.0003	0.4083	0.3446	0.0637	0.2697	0.2645	0.0052	0.1386	0.0801	0.0585	0.3222	0.2751	0.0472	0.0590	0.0551	0.0039	0.2633	0.2200	0.0433	0.9879	0.6703	0.3176	0.5417	0.4466	0.0951	0.4462	0.2237	0.2225	0.0131	0.0105	0.0275	0.0068	0.0061	0.0000	0.0190	0.0164	0.0229	0.4133	0.5141	0.2004	0.4978	0.5922	0.0546	0.3106	0.3582	0.2628
36	75	0.4894	6	0	1	0	1	0	0	0	0	N	N	N	N	N	N	N	N	N	N	N	N	1.2925	1.9377	0.2640	0.0398	0.0470	0.0306	0.9397	1.0253	0.2200	5.8956	6.5226	1.5939	0.0198	0.0194	0.0298	7.7545	8.8604	1.7207	4.5614	3.3662	6.0378	0.4971	0.4123	0.9739	8.2519	8.6417	7.8201	0.0356	0.7856	-0.7595	-0.1018	7.9964	5.1932	23.6501	17.4397	1.8674	1.8032	0.0642	0.0015	0.0014	0.0001	1.8659	1.8018	0.0641	5.5317	3.0979	2.4338	0.3454	0.2432	0.1022	5.1863	2.8547	2.3316	0.3167	0.2765	0.0403	0.0761	0.0731	0.0030	0.2406	0.2034	0.0373	1.3234	0.9203	0.4031	0.6949	0.5900	0.1049	0.6285	0.3303	0.2982	1.4105	1.9377	0.2640	0.0398	0.0470	0.0306	0.9397	1.0253	0.2200	4.1799	3.3662	6.0378	0.4971	0.4123	0.9739	8.2519	8.6417	7.8201
36	76	0.4525	5	0	1	0	0	0	0	0	0	N	N	N	N	N	N	N	N	N	N	N	N	0.5076	0.4583	0.7911	0.7323	0.6985	0.1028	0.3365	0.2557	0.6383	1.1270	1.0523	1.6112	0.8493	0.8838	0.0671	1.2227	1.1189	1.7473	2.2202	2.2962	2.0366	1.1597	1.2652	0.6532	3.6331	4.3758	2.7375	0.2362	0.3673	-0.0798	-0.7062	7.9964	4.4918	23.6501	17.5337	0.3192	0.2582	0.0610	0.0616	0.0614	0.0002	0.2576	0.1968	0.0608	3.7216	2.7219	0.9997	1.1105	1.0027	0.1078	2.6110	1.7191	0.8919	0.2833	0.2454	0.0379	0.0726	0.0695	0.0031	0.2107	0.1759	0.0348	1.6763	1.1854	0.4909	0.9576	0.7925	0.1651	0.7187	0.3929	0.3258	0.5076	0.4583	0.7911	0.7323	0.6985	0.1028	0.3365	0.2557	0.6383	2.2202	2.2962	2.0366	1.1597	1.2652	0.6532	3.6331	4.3758	2.7375
36	77	0.1815	4	0	1	0	1	0	0	0	0	N	N	N	N	N	N	N	N	N	N	N	N	0.1179	0.0000	0.4851	0.0074	0.0000	0.2750	0.1258	0.0000	0.4783	0.1442	0.0000	1.2267	0.0069	0.0000	0.5282	0.1722	0.0000	1.2401	1.2237	0.3991	2.5289	0.9325	0.8097	1.9209	1.3691	0.0146	2.5928	inf	4.0034	0.0021	0.3420	7.9964	0.3745	23.6501	14.7996	0.0037	0.0000	0.0037	0.0000	0.0000	0.0000	0.0037	0.0000	0.0037	1.0008	0.2000	0.8008	0.2541	0.1962	0.0578	0.7467	0.0038	0.7429	0.0255	0.0225	0.0030	0.0043	0.0043	0.0001	0.0212	0.0183	0.0029	0.8179	0.5012	0.3166	0.2725	0.2424	0.0301	0.5454	0.2588	0.2865	0.1179	0.0000	0.4851	0.0074	0.0000	0.2750	0.1258	0.0000	0.4783	1.2237	0.3991	2.5289	0.9325	0.8097	1.9209	1.3691	0.0146	2.5928
36	78	0.1593	3	0	1	0	1	0	0	0	0	N	N	N	N	N	N	N	N	N	N	N	N	0.9745	0.0002	1.9916	0.0051	0.0022	0.0167	1.1779	0.0001	2.2790	12.3608	0.0007	85.9254	0.0218	0.0029	0.8025	13.2284	0.0005	86.8505	12.6849	2.8109	43.1445	4.2724	1.3251	48.1688	11.2307	4.2947	38.1092	22051.3909	4.0746	0.5546	2.2799	7.9964	1.4595	23.6501	10.3922	0.9924	0.0000	0.9923	0.0001	0.0000	0.0001	0.9922	0.0000	0.9922	6.6166	1.3039	5.3127	1.1292	0.3071	0.8220	5.4874	0.9967	4.4907	0.0803	0.0687	0.0115	0.0053	0.0051	0.0001	0.0750	0.0636	0.0114	0.7529	0.4639	0.2890	0.2643	0.2318	0.0325	0.4886	0.2321	0.2565	1.4065	0.0002	4.6747	0.0051	0.0022	0.0317	1.1779	0.0001	4.9613	8.7881	2.8109	18.3808	4.2724	1.3251	25.2860	11.2307	4.2947	17.5058
36	79	0.1451	2	0	1	0	1	0	0	0	0	N	N	N	N	N	N	N	N	N	N	N	N	0.0203	0.0146	0.0408	0.1994	0.2431	0.0002	0.0141	0.0230	0.0489	0.0710	0.0164	0.3668	0.4344	0.4621	0.0007	0.0610	0.0026	0.3707	3.4945	1.1237	8.9876	2.1788	1.9006	4.6500	4.3248	0.1138	7.5854	4.1374	4.0542	0.0018	0.7547	7.9964	1.3861	23.6501	6.3168	0.0050	0.0010	0.0040	0.0008	0.0008	0.0000	0.0042	0.0001	0.0040	2.1952	0.4343	1.7609	0.5296	0.4152	0.1144	1.6656	0.0191	1.6465	0.0701	0.0592	0.0109	0.0019	0.0018	0.0001	0.0682	0.0574	0.0108	0.6282	0.3865	0.2417	0.2431	0.2185	0.0246	0.3851	0.1681	0.2171	0.0203	0.0146	0.0503	0.1994	0.2431	0.0002	0.0141	0.0230	0.0489	3.4945	1.1237	7.2866	2.1788	1.9006	4.6500	4.3248	0.1138	7.5854
36	81	0.6262	7	0	2	1	0	0	0	0	0	N	Y	N	N	N	N	N	N	N	N	N	N	0.0000	0.0000	0.0000	0.0000	0.0000	0.0000	0.0000	0.0000	0.0000	0.0000	0.0000	0.0000	0.0000	0.0000	0.0000	0.0000	0.0000	0.0016	0.0001	0.0051	0.0005	0.0001	0.0025	0.0032	0.0000	0.0063	38.9350	0.0000	0.0002	7.9964	2.0162	23.6501	4.5500	0.0000	0.0000	0.0000	0.0000	0.0000	0.0000	0.0000	0.0000	0.0000	0.0004	0.0000	0.0004	0.0001	0.0000	0.0001	0.0003	0.0000	0.0003	0.1098	0.0956	0.0141	0.0417	0.0390	0.0027	0.0681	0.0566	0.0114	0.2493	0.1732	0.0761	0.1477	0.1242	0.0235	0.1016	0.0491	0.0525	0.0000	0.0000	0.0000	0.0000	0.0000	0.0000	0.0000	0.0000	0.0000	0.0016	0.0001	0.0051	0.0005	0.0001	0.0025	0.0032	0.0000	0.0063		
36	82	0.1937	5	0	2	1	0	0	0	0	0	N	Y	N	N	N	N	N	N	N	N	N	N	0.0000	0.0000	0.0000	0.0000	0.0000	0.0000	0.0000	0.0000	0.0000	0.0000	0.0000	0.0000	0.0000	0.0000	0.0000	0.0000	0.0000	0.0000	0.1050	0.1664	0.0083	0.0086	0.0018	0.0598	0.1400	0.2687	0.0038	0.0317	0.0000	-0.0151	7.9964	3.0011	23.6501	3.7015	0.0000	0.0000	0.0000	0.0000	0.0000	0.0000	0.0000	0.0000	0.0000	0.0354	0.0343	0.0011	0.0008	0.0001	0.0006	0.0346	0.0342	0.0005	0.1484	0.1258	0.0226	0.0084	0.0078	0.0006	0.1401	0.1181	0.0220	0.3372	0.2063	0.1309	0.0897	0.0791	0.0106	0.2474	0.1272	0.1203	0.0000	0.0000	0.0000	0.0000	0.0000	0.0000	0.0000	0.0000	0.0000	0.1050	0.1664	0.0083	0.0086	0.0018	0.0598	0.1400	0.2687	0.0038	
36	83	0.1822	4	0	2	0	0	0	0	0	0	N	Y	N	N	N	N	N	N	N	N	N	N	0.0000	0.0000	0.0000	0.0000	0.0000	0.0000	0.0000	0.0000	0.0000	0.0000	0.0000	0.0000	0.0000	0.0000	0.0000	0.0000	0.0000	0.0000	2.0324	2.9622	0.1990	0.1518	0.0441	0.9811	3.0270	5.4621	0.0942	0.0341	0.0000	-0.3892	7.9964	2.0032	23.6501	4.2039	0.0000	0.0000	0.0000	0.0000	0.0000	0.0000	0.0000	0.0000	0.0000	0.9148	0.8847	0.0301	0.0236	0.0061	0.0175	0.8912	0.8786	0.0126	0.1002	0.0849	0.0153	0.0053	0.0049	0.0004	0.0949	0.0800	0.0149	0.4501	0.2987	0.1514	0.1557	0.1378	0.0179	0.2944	0.1609	0.1336	0.0000	0.0000	0.0000	0.0000	0.0000	0.0000	0.0000	0.0000	0.0000	2.0324	2.9622	0.1990	0.1518	0.0441	0.9811	3.0270	5.4621	0.0942	
36	84	0.1790	4	1	1	1	0	0	0	0	0	N	N	N	N	N	N	N	N	N	N	N	N	0.0000	0.0000	0.0000	0.0000	0.0000	0.0000	0.0000	0.0000	0.0000	0.0000	0.0000	0.0000	0.0000	0.0000	0.0000	0.0000	0.0000	0.0000	3.4675	0.0587	12.4218	0.1308	0.1527	0.0057	4.6768	0.0000	11.0333	99.2722	0.0000	0.4967	7.9964	1.0052	23.6501	4.9545	0.0000	0.0000	0.0000	0.0000	0.0000	0.0000	0.0000	0.0000	0.0000	0.9342	0.0093	0.9249	0.0094	0.0093	0.0001	0.9248	0.0000	0.9248	0.0513	0.0435	0.0078	0.0037	0.0035	0.0003	0.0476	0.0400	0.0075	0.2694	0.1588	0.1106	0.0717	0.0610	0.0107	0.1977	0.0978	0.0999	0.0000	0.0000	0.0000	0.0000	0.0000	0.0000	0.0000	0.0000	0.0000	3.4675	0.0587	8.3614	0.1308	0.1527	0.0057	4.6768	0.0000	9.2540	
36	85	0.1596	3	1	1	1	0	0	0	0	0	N	N	N	N	N	N	N	N	N	N	N	N	0.0000	0.0000	0.0000	0.0000	0.0000	0.0000	0.0000	0.0000	0.0000	0.0000	0.0000	0.0000	0.0000	0.0000	0.0000	0.0000	0.0000	0.0000	2.3754	0.1448	6.2882	0.3178	0.3733	0.0081	3.2149	0.0013	7.1556	24.7526	0.0000	0.5669	7.9964	0.9968	23.6501	7.6169	0.0000	0.0000	0.0000	0.0000	0.0000	0.0000	0.0000	0.0000	0.0000	1.1276	0.0438	1.0838	0.0437	0.0435	0.0002	1.0839	0.0003	1.0836	0.0501	0.0424	0.0077	0.0023	0.0021	0.0002	0.0478	0.0403	0.0075	0.4747	0.3023	0.1724	0.1375	0.1166	0.0209	0.3371	0.1857	0.1514	0.0000	0.0000	0.0000	0.0000	0.0000	0.0000	0.0000	0.0000	0.0000	2.3754	0.1448	6.2882	0.3178	0.3733	0.0081	3.2149	0.0013	7.1556	
36	86	0.1796	2	1	2	0	0	0	0	0	0	N	Y	N	N	N	N	N	N	N	N	N	N	0.6931	0.0493	2.0400	1.8217	0.0000	50.0824	0.4923	inf	1.1890	0.0058	0.0002	0.0374	0.0145	0.0000	0.3100	0.0043	0.0002	0.0240	0.0084	0.0041	0.0183	0.0080	0.0082	0.0062	0.0087	0.0000	0.0202	32.6667	1.9058	0.0011	0.0016	7.9964	5.8060	23.6501	6.1034	0.0020	0.0001	0.0020	0.0008	0.0000	0.0008	0.0013	0.0001	0.0012	0.0083	0.0029	0.0055	0.0031	0.0029	0.0002	0.0052	0.0000	0.0052	0.3467	0.2943	0.0524	0.0524	0.0500	0.0025	0.2943	0.2443	0.0500	0.9893	0.6917	0.2976	0.3904	0.3507	0.0397	0.5989	0.3410	0.2578	0.6931	0.0493	2.0400	1.8217	0.0000	50.0824	0.4923	inf	1.1890	0.0084	0.0041	0.0183	0.0080	0.0082	0.0062	0.0087	0.0000	0.0202
36	88	0.1822	4	0	2	0	0	0	0	0	0	N	Y	N	N	N	N	N	N	N	N	N	N	0.0001	0.0000	0.0000	0.0029	0.0027	0.0000	0.0000	0.0000	0.0000	0.0001	0.0001	0.0000	0.0020	0.0021	0.0000	0.0000	0.0000	0.0000	1.6417	2.5815	0.0468	0.6839	0.7902	0.0057	2.0192	3.7190	0.0515	0.0000	0.0107	-0.0000	-0.5127	7.9964	4.0005	23.6501	9.0093	0.0000	0.0000	0.0000	0.0000	0.0000	0.0000	0.0000	0.0000	0.0000	1.1450	1.1329	0.0121	0.1349	0.1347	0.0002	1.0101	0.9982	0.0119	0.1979	0.1678	0.0301	0.0103	0.0095	0.0007	0.1876	0.1583	0.0294	0.6974	0.4389	0.2586	0.1972	0.1705	0.0267	0.5003	0.2684	0.2319	0.0001	0.0000	0.0000	0.0029	0.0027	0.0000	0.0000	0.0000	0.0000	1.6417	2.5815	0.0468	0.6839	0.7902	0.0057	2.0192	3.7190	0.0515
36	89	0.1596	3	0	2	0	0	0	0	0	0	N	Y	N	N	N	N	N	N	N	N	N	N	0.0001	0.0015	0.0000	0.0000	0.0000	0.0000	0.0001	0.0011	0.0000	0.0004	0.0005	0.0000	0.0000	0.0000	0.0000	0.0004	0.0005	0.0000	2.7509	0.3110	7.9207	0.1709	0.1030	0.5409	3.7385	0.4341	7.7213	0.0000	13.0592	-0.0000	0.6957	7.9964	1.0051	23.6501	9.2650	0.0000	0.0000	0.0000	0.0000	0.0000	0.0000	0.0000	0.0000	0.0000	1.4787	0.1052	1.3736	0.0254	0.0129	0.0125	1.4533	0.0922	1.3611	0.0505	0.0428	0.0078	0.0023	0.0021	0.0002	0.0482	0.0406	0.0076	0.5376	0.3382	0.1993	0.1488	0.1257	0.0231	0.3887	0.2125	0.1763	0.0001	0.0015	0.0000	0.0000	0.0000	0.0000	0.0001	0.0011	0.0000	2.7509	0.3110	6.8903	0.1709	0.1030	0.5409	3.7385	0.4341	7.7213
36	90	0.2080	3	0	1	1	0	0	0	0	0	N	N	N	N	N	N	N	N	N	N	N	N	1.2415	190.7351	0.0000	634.9609	624.6299	0.0000	0.0001	0.1984	0.0000	2.3974	2.7818	0.0000	17.7839	18.5199	0.0000	0.0002	0.0002	0.0000	1.9311	0.0146	5.7421	0.0280	0.0296	0.0144	2.9681	0.0011	6.4774	0.0000	197.9868	-0.1362	0.5283	7.9964	2.3559	23.6501	7.1930	0.3087	0.3087	0.0000	0.3087	0.3087	0.0000	0.0000	0.0000	0.0000	0.9844	0.0049	0.9795	0.0050	0.0048	0.0003	0.9794	0.0002	0.9792	0.1288	0.1110	0.0178	0.0174	0.0167	0.0007	0.1114	0.0943	0.0171	0.5098	0.3392	0.1706	0.1798	0.1604	0.0194	0.3300	0.1788	0.1512	1.2415	190.7351	0.0000	634.9609	624.6299	0.0000	0.0001	0.1984	0.0000	1.9311	0.0146	5.7421	0.0280	0.0296	0.0144	2.9681	0.0011	6.4774
36	91	0.1752	2	0	1	0	0	0	0	0	0	N	N	N	N	N	N	N	N	N	N	N	N	8.3693	7.0007	0.0502	6.3560	5.8712	3.0114	23.1854	23.0221	0.0331	1.7474	1.9939	0.0024	2.4747	2.5075	0.0284	1.5364	1.8197	0.0018	0.2088	0.2848	0.0482	0.3893	0.4271	0.0094	0.0663	0.0790	0.0537	0.0002	0.0801	-0.3085	-0.1227	7.9964	4.9284	23.6501	11.0439	0.6996	0.6995	0.0001	0.2228	0.2228	0.0000	0.4768	0.4767	0.0001	0.3195	0.2958	0.0237	0.2628	0.2622	0.0006	0.0567	0.0336	0.0231	0.4004	0.3508	0.0496	0.0900	0.0889	0.0012	0.3103	0.2620	0.0484	1.5302	1.0385	0.4917	0.6750	0.6140	0.0610	0.8552	0.4245	0.4307	8.3693	7.0007	0.0502	6.3560	5.8712	3.0114	23.1854	23.0221	0.0331	0.2088	0.2848	0.0482	0.3893	0.4271	0.0094	0.0663	0.0790	0.0537
36	93	0.6262	7	1	2	0	0	0	0	0	0	N	Y	N	N	N	N	N	N	N	N	N	N	0.0000	0.0000	0.0000	0.0000	0.0000	0.0000	0.0000	0.0000	0.0000	0.0000	0.0000	0.0000	0.0000	0.0000	0.0000	0.0000	0.0000	0.0000	0.0065	0.0076	0.0038	0.0092	0.0107	0.0018	0.0025	0.0002	0.0047	0.2181	0.0000	-0.0006	7.9964	2.5103	23.6501	7.4742	0.0000	0.0000	0.0000	0.0000	0.0000	0.0000	0.0000	0.0000	0.0000	0.0022	0.0018	0.0004	0.0018	0.0018	0.0001	0.0003	0.0000	0.0003	0.1301	0.1133	0.0168	0.0485	0.0452	0.0033	0.0817	0.0682	0.0135	0.3370	0.2337	0.1034	0.1986	0.1653	0.0334	0.1384	0.0684	0.0700	0.0000	0.0000	0.0000	0.0000	0.0000	0.0000	0.0000	0.0000	0.0000	0.0065	0.0076	0.0038	0.0092	0.0107	0.0018	0.0025	0.0002	0.0047	
36	94	0.5900	6	0	2	0	0	0	0	0	0	N	Y	N	N	N	N	N	N	N	N	N	N	0.0000	0.0000	0.0000	0.0000	0.0000	0.0000	0.0000	0.0000	0.0000	0.0000	0.0000	0.0000	0.0000	0.0000	0.0000	0.0000	0.0000	0.0000	0.0500	0.0039	0.1555	0.0035	0.0023	0.0091	0.1202	0.0076	0.2359	17.6601	0.0000	0.0098	7.9964	7.1305	23.6501	3.2426	0.0000	0.0000	0.0000	0.0000	0.0000	0.0000	0.0000	0.0000	0.0000	0.0201	0.0011	0.0191	0.0009	0.0005	0.0004	0.0193	0.0006	0.0187	0.4216	0.3712	0.0503	0.1456	0.1380	0.0075	0.2760	0.2332	0.0428	0.4026	0.2800	0.1226	0.2423	0.1988	0.0435	0.1603	0.0812	0.0791	0.0000	0.0000	0.0000	0.0000	0.0000	0.0000	0.0000	0.0000	0.0000	0.0500	0.0039	0.1555	0.0035	0.0023	0.0091	0.1202	0.0076	0.2359	
36	95	0.1596	3	1	2	0	0	0	0	0	0	N	Y	N	N	N	N	N	N	N	N	N	N	0.0000	0.0000	0.0000	0.0000	0.0000	0.0000	0.0000	0.0000	0.0000	0.0000	0.0000	0.0000	0.0000	0.0000	0.0000	0.0000	0.0000	0.0000	1.1214	1.3509	0.7815	0.0655	0.0004	0.3804	1.4197	1.9460	0.8229	0.3907	0.0000	-0.2468	7.9964	8.0000	23.6501	22.5660	0.0000	0.0000	0.0000	0.0000	0.0000	0.0000	0.0000	0.0000	0.0000	1.3908	1.0001	0.3907	0.0179	0.0001	0.0178	1.3729	1.0000	0.3729	0.3893	0.3302	0.0591	0.0177	0.0164	0.0013	0.3716	0.3138	0.0578	1.2402	0.7403	0.4999	0.2732	0.2264	0.0468	0.9670	0.5139	0.4531	0.0000	0.0000	0.0000	0.0000	0.0000	0.0000	0.0000	0.0000	0.0000	1.1214	1.3509	0.7815	0.0655	0.0004	0.3804	1.4197	1.9460	0.8229	
36	98	0.1901	5	1	2	1	0	0	0	0	0	N	Y	N	N	N	N	N	N	N	N	N	N	0.0000	0.0000	0.0000	0.0000	0.0000	0.0000	0.0000	0.0000	0.0000	0.0000	0.0000	0.0000	0.0000	0.0000	0.0000	0.0000	0.0000	0.0000	2.9781	0.0038	9.6406	0.2869	0.0094	1.5115	4.1449	0.0000	9.4667	1279.3763	0.0000	1.1149	7.9964	0.9502	23.6501	16.1595	0.0000	0.0000	0.0000	0.0000	0.0000	0.0000	0.0000	0.0000	0.0000	2.0614	0.0016	2.0598	0.0601	0.0016	0.0585	2.0013	0.0000	2.0013	0.0567	0.0487	0.0080	0.0087	0.0083	0.0004	0.0480	0.0404	0.0076	0.6922	0.4187	0.2735	0.2093	0.1707	0.0387	0.4829	0.2480	0.2348	0.0000	0.0000	0.0000	0.0000	0.0000	0.0000	0.0000	0.0000	0.0000	2.9781	0.0038	7.5309	0.2869	0.0094	1.5115	4.1449	0.0000	8.5222	
36	100	0.1931	6	1	1	1	0	0	0	0	0	N	N	N	N	N	N	N	N	N	N	N	N	0.0000	0.0000	0.0000	0.0000	0.0000	0.0000	0.0000	0.0000	0.0000	0.0000	0.0000	0.0000	0.0000	0.0000	0.0000	0.0000	0.0000	0.0000	1.6538	0.0111	4.0963	0.0226	0.0268	0.0046	2.3713	0.0000	4.7766	247.8079	0.0000	0.5382	7.9964	1.0008	23.6501	13.9255	0.0000	0.0000	0.0000	0.0000	0.0000	0.0000	0.0000	0.0000	0.0000	1.0011	0.0040	0.9971	0.0042	0.0040	0.0002	0.9969	0.0000	0.9969	0.0504	0.0427	0.0076	0.0045	0.0041	0.0004	0.0459	0.0386	0.0072	0.6053	0.3619	0.2434	0.1849	0.1502	0.0347	0.4204	0.2117	0.2087	0.0000	0.0000	0.0000	0.0000	0.0000	0.0000	0.0000	0.0000	0.0000	1.6538	0.0111	4.0963	0.0226	0.0268	0.0046	2.3713	0.0000	4.7766	
36	101	0.1901	5	1	1	1	0	0	0	0	0	N	N	N	N	N	N	N	N	N	N	N	N	0.0000	0.0000	0.0000	0.0000	0.0000	0.0000	0.0000	0.0000	0.0000	0.0000	0.0000	0.0000	0.0000	0.0000	0.0000	0.0000	0.0000	0.0000	0.1007	0.0605	0.1836	0.0883	0.1021	0.0169	0.1119	0.0005	0.2353	1.4669	0.0000	0.0023	7.9964	0.0532	23.6501	2.0467	0.0000	0.0000	0.0000	0.0000	0.0000	0.0000	0.0000	0.0000	0.0000	0.0168	0.0068	0.0100	0.0070	0.0068	0.0002	0.0098	0.0000	0.0098	0.0118	0.0107	0.0012	0.0048	0.0048	0.0000	0.0070	0.0059	0.0011	0.1668	0.1124	0.0544	0.0793	0.0664	0.0129	0.0875	0.0460	0.0415	0.0000	0.0000	0.0000	0.0000	0.0000	0.0000	0.0000	0.0000	0.0000	0.1007	0.0605	0.1836	0.0883	0.1021	0.0169	0.1119	0.0005	0.2353	
36	102	0.1805	4	1	1	1	0	0	0	0	0	N	N	N	N	N	N	N	N	N	N	N	N	0.0000	0.0000	0.0000	0.0000	0.0000	0.0000	0.0000	0.0000	0.0000	0.0000	0.0000	0.0000	0.0000	0.0000	0.0000	0.0000	0.0000	0.0000	0.0316	0.0246	0.0444	0.0593	0.0528	0.0911	0.0157	0.0001	0.0345	0.9693	0.0000	0.0003	7.9964	2.0948	23.6501	3.0326	0.0000	0.0000	0.0000	0.0000	0.0000	0.0000	0.0000	0.0000	0.0000	0.0089	0.0045	0.0044	0.0061	0.0045	0.0016	0.0028	0.0000	0.0028	0.1135	0.0969	0.0166	0.0133	0.0125	0.0008	0.1001	0.0843	0.0158	0.2834	0.1843	0.0991	0.1031	0.0857	0.0173	0.1803	0.0985	0.0817	0.0000	0.0000	0.0000	0.0000	0.0000	0.0000	0.0000	0.0000	0.0000	0.0316	0.0246	0.0444	0.0593	0.0528	0.0911	0.0157	0.0001	0.0345	
36	103	0.1596	3	1	1	1	0	0	0	0	0	N	N	N	N	N	N	N	N	N	N	N	N	0.0000	0.0000	0.0000	0.0000	0.0000	0.0000	0.0000	0.0000	0.0000	0.0000	0.0000	0.0000	0.0000	0.0000	0.0000	0.0000	0.0000	0.0000	0.0945	0.1399	0.0151	0.3114	0.3628	0.0254	0.0067	0.0010	0.0137	0.0617	0.0000	-0.0182	7.9964	3.9484	23.6501	4.8420	0.0000	0.0000	0.0000	0.0000	0.0000	0.0000	0.0000	0.0000	0.0000	0.0455	0.0428	0.0026	0.0432	0.0427	0.0005	0.0023	0.0002	0.0021	0.1957	0.1658	0.0299	0.0089	0.0083	0.0007	0.1868	0.1576	0.0293	0.4814	0.3062	0.1753	0.1387	0.1176	0.0211	0.3427	0.1886	0.1541	0.0000	0.0000	0.0000	0.0000	0.0000	0.0000	0.0000	0.0000	0.0000	0.0945	0.1399	0.0151	0.3114	0.3628	0.0254	0.0067	0.0010	0.0137	
36	104	0.1180	2	0	2	0	0	0	0	0	0	N	Y	N	N	N	N	N	N	N	N	N	N	0.0630	0.0000	0.4724	0.0180	0.0001	1.6587	0.0725	0.0000	0.4641	0.1200	0.0000	0.7894	0.0542	0.0003	0.8443	0.1255	0.0000	0.7875	1.9047	2.0787	1.6710	3.0109	3.1929	0.5090	1.7301	1.7613	1.6967	5447.6372	0.5982	0.0304	-0.2665	7.9964	8.9557	23.6501	32.3127	0.0545	0.0000	0.0545	0.0019	0.0000	0.0019	0.0526	0.0000	0.0526	3.1702	1.9835	1.1867	0.6834	0.6756	0.0078	2.4868	1.3080	1.1788	0.4541	0.3851	0.0690	0.0349	0.0327	0.0022	0.4193	0.3525	0.0668	1.6644	0.9542	0.7101	0.2270	0.2116	0.0154	1.4374	0.7426	0.6948	0.0630	0.0000	0.4724	0.0180	0.0001	1.6587	0.0725	0.0000	0.4641	1.9047	2.0787	1.6710	3.0109	3.1929	0.5090	1.7301	1.7613	1.6967
36	105	0.1434	3	0	1	1	0	0	0	0	0	N	N	N	N	N	N	N	N	N	N	N	N	0.0120	0.0000	29.7610	0.0113	0.0108	0.0000	0.0115	0.0000	30.8788	0.0472	0.0000	0.2983	0.0003	0.0004	0.0000	0.0536	0.0000	0.3089	3.9438	7.9984	0.0100	0.0301	0.0329	0.0104	4.6478	8.7545	0.0100	1140.8780	0.0011	0.0064	-0.9266	7.9964	4.2679	23.6501	7.8415	0.0114	0.0000	0.0114	0.0000	0.0000	0.0000	0.0114	0.0000	0.0114	2.0262	2.0241	0.0022	0.0028	0.0026	0.0001	2.0235	2.0214	0.0020	0.2421	0.2039	0.0382	0.0293	0.0280	0.0013	0.2128	0.1758	0.0369	0.5268	0.3109	0.2159	0.0915	0.0800	0.0114	0.4354	0.2309	0.2045	0.0123	0.0000	29.7610	0.0113	0.0108	0.0000	0.0115	0.0000	30.8788	3.8461	6.5098	0.0100	0.0301	0.0329	0.0104	4.6478	8.7545	0.0100
36	106	0.1180	2	0	1	0	0	0	0	0	0	N	N	N	N	N	N	N	N	N	N	N	N	0.1643	0.0516	0.5752	1.7994	4.9979	0.4944	0.1168	0.0000	0.5785	0.5644	0.1119	3.0434	0.8561	0.7579	3.4231	0.5209	0.0000	3.0313	3.4353	2.1706	5.2910	0.4758	0.1516	6.9237	4.4610	3.5856	5.2398	4.9622	1.6613	0.0253	0.4143	7.9964	1.9301	23.6501	9.0954	0.0648	0.0109	0.0539	0.0127	0.0109	0.0019	0.0521	0.0000	0.0521	2.4975	0.9385	1.5591	0.0890	0.0270	0.0620	2.4085	0.9114	1.4970	0.1148	0.0971	0.0177	0.0149	0.0143	0.0005	0.0999	0.0828	0.0172	0.7270	0.4323	0.2947	0.1871	0.1782	0.0090	0.5399	0.2542	0.2857	0.1643	0.0516	0.5752	1.7994	4.9979	0.4944	0.1168	0.0000	0.5785	3.4353	2.1706	5.2910	0.4758	0.1516	6.9237	4.4610	3.5856	5.2398
36	108	0.1069	3	0	2	0	0	0	0	0	0	N	Y	N	N	N	N	N	N	N	N	N	N	284.6769	16.8580	2409.5070	161.3537	138.7065	8862.2726	794.5704	0.0000	2390.2702	2.6125	0.1866	15.7331	6.9541	6.2957	50.7484	2.4994	0.0000	15.6485	0.0092	0.0111	0.0065	0.0431	0.0454	0.0057	0.0031	0.0000	0.0065	15.5905	0.4214	0.5291	-0.0020	7.9964	8.0392	23.6501	22.6195	1.0611	0.0640	0.9971	0.0717	0.0640	0.0077	0.9894	0.0000	0.9894	0.0123	0.0087	0.0037	0.0087	0.0087	0.0001	0.0036	0.0000	0.0036	0.4062	0.3428	0.0634	0.0103	0.0102	0.0002	0.3959	0.3326	0.0632	1.3424	0.7831	0.5593	0.2027	0.1910	0.0117	1.1398	0.5921	0.5476	284.6769	16.8580	2409.5070	161.3537	138.7065	8862.2726	794.5704	0.0000	2390.2702	0.0092	0.0111	0.0065	0.0431	0.0454	0.0057	0.0031	0.0000	0.0065
36	109	0.1069	2	0	1	0	0	0	0	0	0	N	N	N	N	N	N	N	N	N	N	N	N	68.1510	62.2362	109.2275	80.4262	80.5299	46.1401	62.4700	185.7962	109.1569	4.8701	3.2621	12.6259	7.4863	7.4879	4.7755	3.6084	0.5308	12.6343	0.0715	0.0524	0.1156	0.0931	0.0930	0.1035	0.0578	0.0029	0.1157	0.8025	0.9517	0.0006	0.0007	7.9964	0.2031	23.6501	2.0398	0.1407	0.0781	0.0626	0.0704	0.0703	0.0000	0.0703	0.0077	0.0626	0.0241	0.0124	0.0118	0.0122	0.0121	0.0001	0.0119	0.0003	0.0116	0.0289	0.0239	0.0050	0.0094	0.0094	0.0000	0.0195	0.0145	0.0050	0.3378	0.2360	0.1018	0.1310	0.1298	0.0013	0.2068	0.1062	0.1006	68.1510	62.2362	109.2275	80.4262	80.5299	46.1401	62.4700	185.7962	109.1569	0.0715	0.0524	0.1156	0.0931	0.0930	0.1035	0.0578	0.0029	0.1157
36	110	0.6874	8	1	1	1	0	0	0	0	0	N	N	N	N	N	N	N	N	N	N	N	N	0.0000	0.0000	0.0000	0.0000	0.0000	0.0000	0.0000	0.0000	0.0000	0.0000	0.0000	0.0000	0.0000	0.0000	0.0000	0.0000	0.0000	0.0000	0.0000	0.0000	7.9964	0.0001	23.6501	0.0001	0.0000	0.0000	0.0000	0.0000	0.0000	0.0000	0.0000	0.0000	0.0000	0.0000	0.0000	0.0000	0.0000	0.0000	0.0000	0.0000	0.0000	0.0000	0.0055	0.0043	0.0012	0.0027	0.0027	0.0000	0.0027	0.0016	0.0012	0.0003	0.0002	0.0001	0.0002	0.0002	0.0000	0.0002	0.0000	0.0001	0.0000	0.0000	0.0000	0.0000	0.0000	0.0000	0.0000	0.0000	0.0000	0.0000	0.0000	0.0000	0.0000	0.0000	0.0000	0.0000	0.0000	0.0000											
36	111	0.6735	7	1	1	1	0	0	0	0	0	N	N	N	N	N	N	N	N	N	N	N	N	0.0000	0.0000	0.0000	0.0000	0.0000	0.0000	0.0000	0.0000	0.0000	0.0000	0.0000	0.0000	0.0000	0.0000	0.0000	0.0000	0.0000	0.0000	0.0010	0.0007	0.0019	0.0008	0.0007	0.0008	0.0015	0.0003	0.0026	1.2296	0.0000	0.0000	7.9964	1.6718	23.6501	2.9223	0.0000	0.0000	0.0000	0.0000	0.0000	0.0000	0.0000	0.0000	0.0000	0.0002	0.0001	0.0001	0.0001	0.0001	0.0000	0.0001	0.0000	0.0001	0.0869	0.0755	0.0114	0.0233	0.0221	0.0012	0.0636	0.0534	0.0102	0.1994	0.1393	0.0601	0.1341	0.1078	0.0263	0.0653	0.0314	0.0338	0.0000	0.0000	0.0000	0.0000	0.0000	0.0000	0.0000	0.0000	0.0000	0.0010	0.0007	0.0019	0.0008	0.0007	0.0008	0.0015	0.0003	0.0026	
36	112	0.5900	6	1	1	1	0	0	0	0	0	N	N	N	N	N	N	N	N	N	N	N	N	0.0000	0.0000	0.0000	0.0000	0.0000	0.0000	0.0000	0.0000	0.0000	0.0000	0.0000	0.0000	0.0000	0.0000	0.0000	0.0000	0.0000	0.0000	0.0007	0.0005	0.0012	0.0003	0.0004	0.0001	0.0012	0.0007	0.0017	1.0457	0.0000	0.0000	7.9964	14.0283	23.6501	7.1084	0.0000	0.0000	0.0000	0.0000	0.0000	0.0000	0.0000	0.0000	0.0000	0.0005	0.0002	0.0002	0.0001	0.0001	0.0000	0.0003	0.0001	0.0002	0.6741	0.5896	0.0845	0.2036	0.1911	0.0125	0.4705	0.3985	0.0720	0.6771	0.4666	0.2106	0.3906	0.3196	0.0710	0.2866	0.1470	0.1396	0.0000	0.0000	0.0000	0.0000	0.0000	0.0000	0.0000	0.0000	0.0000	0.0007	0.0005	0.0012	0.0003	0.0004	0.0001	0.0012	0.0007	0.0017	
36	113	0.5297	5	0	1	0	0	0	0	0	0	N	N	N	N	N	N	N	N	N	N	N	N	0.0010	0.0095	0.0001	0.3676	0.3417	0.4185	0.0000	0.0000	0.0000	0.0013	0.0015	0.0003	0.0043	0.0044	0.0023	0.0000	0.0000	0.0000	1.2889	0.1541	3.8509	0.0116	0.0128	0.0056	2.9342	0.4552	5.4772	0.0270	11.0724	-0.0003	0.4669	7.9964	8.6129	23.6501	5.1709	0.0008	0.0007	0.0000	0.0008	0.0007	0.0000	0.0000	0.0000	0.0000	1.0177	0.0843	0.9334	0.0052	0.0048	0.0004	1.0125	0.0795	0.9330	0.5725	0.5052	0.0673	0.1779	0.1693	0.0086	0.3946	0.3359	0.0587	0.7896	0.5472	0.2424	0.4445	0.3725	0.0720	0.3451	0.1747	0.1703	0.0010	0.0095	0.0001	0.3676	0.3417	0.4185	0.0000	0.0000	0.0000	1.2889	0.1541	3.8509	0.0116	0.0128	0.0056	2.9342	0.4552	5.4772
36	114	0.4346	4	0	1	0	0	0	0	0	0	N	N	N	N	N	N	N	N	N	N	N	N	0.6356	0.7914	0.0076	2.6429	2.4156	0.0383	0.0030	0.0065	0.0063	1.0954	1.2677	0.0149	5.2860	5.7150	0.0051	0.0043	0.0021	0.0162	1.7234	1.6019	1.9712	2.0001	2.3659	0.1319	1.4444	0.3263	2.5844	0.0019	0.6028	-0.4016	-0.2315	7.9964	16.8607	23.6501	22.7724	0.9142	0.9125	0.0017	0.9114	0.9113	0.0001	0.0028	0.0012	0.0016	2.8134	1.7553	1.0581	1.6391	1.6214	0.0177	1.1743	0.1339	1.0404	0.8346	0.7198	0.1148	0.1724	0.1595	0.0130	0.6621	0.5603	0.1018	1.6325	1.0958	0.5367	0.8195	0.6853	0.1342	0.8130	0.4104	0.4025	0.6356	0.7914	0.0076	2.6429	2.4156	0.0383	0.0030	0.0065	0.0063	1.7234	1.6019	1.9712	2.0001	2.3659	0.1319	1.4444	0.3263	2.5844
36	115	0.1659	3	1	1	1	0	0	0	0	0	N	N	N	N	N	N	N	N	N	N	N	N	0.0000	0.0000	0.0000	0.0000	0.0000	0.0000	0.0000	0.0000	0.0000	0.0000	0.0000	0.0000	0.0000	0.0000	0.0000	0.0000	0.0000	0.0001	0.0001	0.0001	0.0003	0.0002	0.0021	0.0000	0.0000	0.0000	0.4446	0.0000	-0.0000	7.9964	1.0009	23.6501	4.0038	0.0000	0.0000	0.0000	0.0000	0.0000	0.0000	0.0000	0.0000	0.0000	0.0000	0.0000	0.0000	0.0000	0.0000	0.0000	0.0000	0.0000	0.0000	0.0536	0.0456	0.0080	0.0040	0.0038	0.0002	0.0496	0.0418	0.0078	0.3485	0.2272	0.1213	0.1009	0.0974	0.0035	0.2477	0.1299	0.1178	0.0000	0.0000	0.0000	0.0000	0.0000	0.0000	0.0000	0.0000	0.0000	0.0001	0.0001	0.0001	0.0003	0.0002	0.0021	0.0000	0.0000	0.0000		
36	116	0.1376	2	1	1	1	0	0	0	0	0	N	N	N	N	N	N	N	N	N	N	N	N	0.0318	0.0054	0.1449	1.7423	1.4163	4.6585	0.0235	0.0002	0.1368	0.0901	0.0126	0.5188	0.2570	0.1972	1.2078	0.0805	0.0007	0.5039	2.8358	2.3292	3.5791	0.1475	0.1392	0.2593	3.4239	3.1852	3.6835	7.4430	1.0473	0.0038	0.0900	7.9964	1.8441	23.6501	10.4794	0.0085	0.0010	0.0075	0.0013	0.0010	0.0004	0.0072	0.0001	0.0072	1.6929	0.8269	0.8660	0.0158	0.0139	0.0019	1.6771	0.8130	0.8641	0.0947	0.0802	0.0145	0.0052	0.0049	0.0003	0.0895	0.0753	0.0142	0.5970	0.3550	0.2420	0.1071	0.0998	0.0074	0.4898	0.2552	0.2346	0.0318	0.0054	0.1449	1.7423	1.4163	4.6585	0.0235	0.0002	0.1368	2.8358	2.3292	3.5791	0.1475	0.1392	0.2593	3.4239	3.1852	3.6835
36	117	0.3219	2	0	2	0	1	0	0	0	0	N	Y	N	N	N	N	N	N	N	N	N	N	0.9903	2.6845	0.0345	0.2572	0.1625	0.7822	0.6598	1.3900	0.0231	1.8537	2.1189	0.1458	0.0354	0.0096	0.5336	2.2782	2.6725	0.1169	1.8718	0.7893	4.2277	0.1377	0.0590	0.6821	3.4530	1.9227	5.0670	0.0107	2.4611	-0.4712	0.8658	7.9964	10.5071	23.6501	20.2622	1.0945	1.0830	0.0116	0.0040	0.0010	0.0029	1.0906	1.0819	0.0086	3.4260	0.9899	2.4362	0.1202	0.0450	0.0752	3.3058	0.9449	2.3609	0.5905	0.5111	0.0794	0.1118	0.1063	0.0055	0.4787	0.4048	0.0738	1.8303	1.2541	0.5762	0.8729	0.7627	0.1103	0.9574	0.4914	0.4659	0.9903	2.6845	0.0345	0.2572	0.1625	0.7822	0.6598	1.3900	0.0231	1.8718	0.7893	4.2277	0.1377	0.0590	0.6821	3.4530	1.9227	5.0670
36	119	0.1241	2	0	2	0	0	0	0	0	0	N	Y	N	N	N	N	N	N	N	N	N	N	0.0169	0.0238	0.0382	0.2734	0.1558	87.8929	0.0093	0.0000	0.0288	0.0173	0.0052	0.0834	0.1229	0.0737	3.1819	0.0105	0.0000	0.0643	1.0228	0.2171	2.1836	0.4494	0.4729	0.0362	1.1295	0.1313	2.2288	2.9667	6.9795	0.0011	0.4906	7.9964	3.8169	23.6501	21.2433	0.0036	0.0009	0.0027	0.0015	0.0009	0.0006	0.0021	0.0000	0.0021	1.1785	0.1477	1.0308	0.0812	0.0808	0.0004	1.0973	0.0668	1.0304	0.2079	0.1757	0.0322	0.0125	0.0123	0.0002	0.1954	0.1634	0.0320	1.1522	0.6801	0.4720	0.1807	0.1710	0.0097	0.9715	0.5092	0.4623	0.0169	0.0238	0.0382	0.2734	0.1558	87.8929	0.0093	0.0000	0.0288	1.0228	0.2171	2.1836	0.4494	0.4729	0.0362	1.1295	0.1313	2.2288
36	120	0.4698	6	0	2	0	0	0	0	0	0	N	Y	N	N	N	N	N	N	N	N	N	N	0.5291	0.4143	0.1295	1.0917	0.9434	6689.9308	0.0000	0.0000	0.0000	0.9327	1.0711	0.0002	3.6236	3.8261	0.0016	0.0000	0.0000	0.0000	1.7627	2.5855	0.0013	3.3194	4.0557	0.0000	0.0047	0.0071	0.0019	0.0000	0.0002	-0.3712	-1.9728	7.9964	16.3276	23.6501	34.9199	0.8415	0.8415	0.0000	0.8415	0.8415	0.0000	0.0000	0.0000	0.0000	4.3061	4.3051	0.0010	4.3008	4.3008	0.0000	0.0053	0.0043	0.0010	0.9022	0.7856	0.1166	0.2322	0.2199	0.0123	0.6700	0.5657	0.1043	2.4429	1.6651	0.7778	1.2956	1.0604	0.2352	1.1472	0.6047	0.5425	0.5291	0.4143	0.1295	1.0917	0.9434	6689.9308	0.0000	0.0000	0.0000	1.7627	2.5855	0.0013	3.3194	4.0557	0.0000	0.0047	0.0071	0.0019
36	121	0.4525	5	0	2	0	0	0	0	0	0	N	Y	N	N	N	N	N	N	N	N	N	N	0.4153	0.3786	0.6880	1.1146	1.0695	0.0484	0.1864	0.0196	0.6144	0.6046	0.5226	1.1279	1.9184	2.0115	0.0460	0.2046	0.0070	1.2240	1.4556	1.3802	1.6394	1.7212	1.8808	0.9498	1.0973	0.3588	1.9921	0.3383	0.4874	-0.0409	-0.3129	7.9964	6.1757	23.6501	14.5601	0.2172	0.1623	0.0549	0.1608	0.1606	0.0002	0.0563	0.0016	0.0547	2.3942	1.6097	0.7845	1.6258	1.4720	0.1538	0.7684	0.1377	0.6307	0.3592	0.3105	0.0487	0.0838	0.0799	0.0040	0.2754	0.2307	0.0447	1.6448	1.1663	0.4785	0.9446	0.7827	0.1619	0.7002	0.3836	0.3166	0.4153	0.3786	0.6880	1.1146	1.0695	0.0484	0.1864	0.0196	0.6144	1.4556	1.3802	1.6394	1.7212	1.8808	0.9498	1.0973	0.3588	1.9921
36	122	0.3994	4	0	1	0	0	0	0	0	0	N	N	N	N	N	N	N	N	N	N	N	N	0.2068	0.2285	0.1754	0.2839	0.2725	0.1664	0.1793	0.2879	0.1608	0.3940	0.3911	0.4129	0.5400	0.5636	0.1303	0.3422	0.3223	0.4472	1.9052	1.7113	2.3533	1.9022	2.0683	0.7834	1.9082	1.1197	2.7811	0.1600	0.5948	-0.0553	-0.2842	7.9964	7.5400	23.6501	21.4192	0.1824	0.1572	0.0252	0.0654	0.0646	0.0009	0.1170	0.0927	0.0243	3.3275	2.0864	1.2410	1.6612	1.5727	0.0885	1.6663	0.5137	1.1526	0.4629	0.4020	0.0609	0.1211	0.1145	0.0066	0.3418	0.2875	0.0543	1.7465	1.2192	0.5274	0.8733	0.7604	0.1129	0.8732	0.4588	0.4144	0.2068	0.2285	0.1754	0.2839	0.2725	0.1664	0.1793	0.2879	0.1608	1.9052	1.7113	2.3533	1.9022	2.0683	0.7834	1.9082	1.1197	2.7811
36	123	0.1596	3	0	2	0	0	0	0	0	0	N	Y	N	N	N	N	N	N	N	N	N	N	5.0061	0.0000	721.4293	0.0000	0.0000	0.0000	4.1084	0.0000	20755.1993	5.0415	0.0000	32.9945	0.0000	0.0000	0.0000	5.2820	0.0000	33.7398	1.0071	1.6419	0.0457	0.0767	0.0004	0.4549	1.2857	2.4087	0.0016	inf	0.0184	0.5589	-0.4484	7.9964	4.0019	23.6501	19.5615	1.0000	0.0000	1.0000	0.0000	0.0000	0.0000	1.0000	0.0000	1.0000	1.0184	1.0000	0.0184	0.0179	0.0001	0.0178	1.0005	0.9999	0.0006	0.1984	0.1680	0.0303	0.0090	0.0084	0.0007	0.1893	0.1597	0.0296	1.0113	0.6091	0.4022	0.2330	0.1939	0.0391	0.7782	0.4151	0.3631	5.0061	0.0000	721.4293	0.0000	0.0000	0.0000	4.1084	0.0000	20755.1993	1.0071	1.6419	0.0457	0.0767	0.0004	0.4549	1.2857	2.4087	0.0016
36	124	0.1376	2	0	1	0	0	0	0	0	0	N	N	N	N	N	N	N	N	N	N	N	N	0.5852	0.0000	10.3985	0.1112	0.0000	8.4682	3.1231	0.0000	10.7482	0.1182	0.0000	0.7714	0.0966	0.0000	1.8019	0.1196	0.0000	0.7493	0.2020	0.2862	0.0742	0.8688	0.9129	0.2128	0.0383	0.0094	0.0697	inf	0.1708	0.0042	-0.0309	7.9964	1.2223	23.6501	8.2281	0.0075	0.0000	0.0075	0.0004	0.0000	0.0004	0.0072	0.0000	0.0072	0.0988	0.0843	0.0144	0.0837	0.0824	0.0013	0.0150	0.0019	0.0131	0.0637	0.0539	0.0098	0.0038	0.0036	0.0002	0.0599	0.0503	0.0096	0.4889	0.2947	0.1942	0.0964	0.0903	0.0061	0.3926	0.2044	0.1881	0.5852	0.0000	10.3985	0.1112	0.0000	8.4682	3.1231	0.0000	10.7482	0.2020	0.2862	0.0742	0.8688	0.9129	0.2128	0.0383	0.0094	0.0697
36	126	0.1228	3	0	2	0	0	0	0	0	0	N	Y	N	N	N	N	N	N	N	N	N	N	4.1038	1033.2368	0.7276	7.5118	7.4031	11.1692	3.5702	101794403.3050	0.7104	3.9442	4.3581	1.7080	0.1101	0.1093	0.1487	4.1813	4.6658	1.7206	0.9611	0.0042	2.3475	0.0147	0.0148	0.0133	1.1712	0.0000	2.4220	0.0725	384.1389	-0.3949	0.5376	7.9964	5.0407	23.6501	17.1705	1.0573	0.9858	0.0715	0.0017	0.0017	0.0000	1.0556	0.9841	0.0715	0.9972	0.0026	0.9947	0.0028	0.0026	0.0002	0.9945	0.0000	0.9945	0.2681	0.2262	0.0419	0.0156	0.0153	0.0003	0.2525	0.2109	0.0415	1.0376	0.6139	0.4237	0.1885	0.1754	0.0131	0.8491	0.4385	0.4106	4.1038	1033.2368	0.7276	7.5118	7.4031	11.1692	3.5702	101794403.3050	0.7104	0.9611	0.0042	2.3475	0.0147	0.0148	0.0133	1.1712	0.0000	2.4220
36	127	0.1069	2	0	2	0	0	0	0	0	0	N	Y	N	N	N	N	N	N	N	N	N	N	199.7160	10.6496	830.2674	24.2298	23.8354	63.4623	281.7704	46.0279	822.9088	7.7038	0.3041	46.5092	1.5721	1.5728	1.4204	8.2554	0.1665	46.6051	0.0386	0.0286	0.0560	0.0649	0.0660	0.0224	0.0293	0.0036	0.0566	29.1590	1.1260	0.4714	0.0016	7.9964	1.9703	23.6501	6.2034	0.8966	0.0297	0.8669	0.0151	0.0150	0.0001	0.8815	0.0147	0.8668	0.0219	0.0103	0.0116	0.0096	0.0095	0.0001	0.0123	0.0008	0.0115	0.1164	0.0977	0.0186	0.0096	0.0096	0.0000	0.1068	0.0882	0.0186	0.5677	0.3607	0.2071	0.1480	0.1442	0.0037	0.4198	0.2164	0.2033	199.7160	10.6496	830.2674	24.2298	23.8354	63.4623	281.7704	46.0279	822.9088	0.0386	0.0286	0.0560	0.0649	0.0660	0.0224	0.0293	0.0036	0.0566
36	129	0.4287	5	0	2	0	0	0	0	0	0	N	Y	N	N	N	N	N	N	N	N	N	N	3.3902	546.0464	0.0000	3.6873	659.0061	0.0000	0.0000	0.0000	0.0116	0.0128	0.0000	0.0214	0.0225	0.0000	0.0000	0.0000	0.0000	0.0034	0.0000	0.0147	0.0058	0.0000	0.0798	0.0003	0.0000	0.0007	0.0000	189.8679	-0.0008	0.0010	7.9964	1.0033	23.6501	0.8635	0.0019	0.0019	0.0000	0.0019	0.0019	0.0000	0.0000	0.0000	0.0000	0.0019	0.0000	0.0019	0.0018	0.0000	0.0018	0.0001	0.0000	0.0001	0.1636	0.1488	0.0148	0.0886	0.0845	0.0041	0.0750	0.0642	0.0107	0.5571	0.4276	0.1295	0.3161	0.2932	0.0229	0.2410	0.1344	0.1066	3.3902	546.0464	0.0000	3.6873	659.0061	0.0000	0.0000	0.0000	0.0000	0.0034	0.0000	0.0147	0.0058	0.0000	0.0798	0.0003	0.0000	0.0007	
36	130	0.3994	4	0	1	0	0	0	0	0	0	N	N	N	N	N	N	N	N	N	N	N	N	5.0596	5.7776	0.0018	15.6456	15.1843	0.0375	0.0016	0.0025	0.0002	2.4236	2.7823	0.0008	8.2919	8.7430	0.0064	0.0007	0.0008	0.0001	0.4790	0.4816	0.4725	0.5300	0.5758	0.1717	0.4217	0.3043	0.5539	0.0000	0.3845	-0.4001	-0.1216	7.9964	5.5514	23.6501	9.9598	0.9072	0.9072	0.0000	0.9070	0.9070	0.0000	0.0002	0.0002	0.0000	0.6733	0.4863	0.1870	0.3941	0.3797	0.0145	0.2792	0.1066	0.1725	0.3743	0.3261	0.0483	0.1094	0.1037	0.0056	0.2649	0.2223	0.0426	1.4056	1.0098	0.3958	0.7437	0.6594	0.0843	0.6619	0.3505	0.3115	5.0596	5.7776	0.0018	15.6456	15.1843	0.0375	0.0016	0.0025	0.0002	0.4790	0.4816	0.4725	0.5300	0.5758	0.1717	0.4217	0.3043	0.5539
36	131	0.3691	3	0	1	0	0	0	0	0	0	N	N	N	N	N	N	N	N	N	N	N	N	0.2467	0.2903	0.0510	0.5194	0.5084	0.0202	0.1735	0.3917	0.0487	0.3649	0.4069	0.0845	0.9124	0.9586	0.0165	0.2093	0.2308	0.0907	1.4793	1.4016	1.6575	1.7567	1.8856	0.8148	1.2065	0.5891	1.8636	0.0311	0.5163	-0.0816	-0.2584	7.9964	9.1969	23.6501	13.4651	0.1987	0.1927	0.0060	0.1099	0.1099	0.0001	0.0887	0.0828	0.0059	2.1926	1.4460	0.7466	1.2912	1.2191	0.0721	0.9014	0.2269	0.6745	0.5444	0.4735	0.0709	0.1205	0.1146	0.0059	0.4239	0.3589	0.0650	1.4821	1.0317	0.4504	0.7350	0.6465	0.0885	0.7471	0.3852	0.3619	0.2467	0.2903	0.0510	0.5194	0.5084	0.0202	0.1735	0.3917	0.0487	1.4793	1.4016	1.6575	1.7567	1.8856	0.8148	1.2065	0.5891	1.8636
36	132	0.1826	5	1	2	0	1	0	0	0	0	N	Y	N	N	N	N	N	N	N	N	N	N	0.0000	0.0000	0.0000	0.0000	0.0000	0.0000	0.0000	0.0000	0.0000	0.0000	0.0000	0.0000	0.0000	9.0554	0.0000	32.7251	0.0000	0.0000	0.0000	7.4781	0.0000	29.6254	inf	0.0000	0.5416	7.9964	1.0000	23.6501	3.0001	0.0000	0.0000	0.0000	0.0000	0.0000	0.0000	0.0000	0.0000	0.0000	1.0000	0.0000	1.0000	0.0000	0.0000	0.0000	1.0000	0.0000	1.0000	0.0500	0.0424	0.0076	0.0031	0.0029	0.0002	0.0468	0.0395	0.0074	0.1531	0.0851	0.0679	0.0193	0.0169	0.0024	0.1337	0.0682	0.0655	0.0000	0.0000	0.0000	0.0000	0.0000	0.0000	0.0000	0.0000	0.0000	6.5337	0.0000	14.7192	0.0000	0.0000	0.0000	7.4781	0.0000	15.2575						
36	133	0.5815	9	1	2	0	1	0	0	0	0	N	Y	N	N	N	N	N	N	N	N	N	N	0.0000	0.0000	0.0000	0.0000	0.0000	0.0000	0.0000	0.0000	0.0000	0.0000	0.0000	0.0000	0.0000	23.6075	39.4248	0.0000	170.2112	224.2594	0.0000	0.0000	0.0000	0.0000	0.0000	0.0000	-0.4482	7.9964	0.0006	23.6501	1.9797	0.0000	0.0000	0.0000	0.0000	0.0000	0.0000	0.0000	0.0000	0.0000	0.9778	0.9778	0.0000	0.9778	0.9778	0.0000	0.0000	0.0000	0.0000	0.0001	0.0001	0.0000	0.0001	0.0000	0.0000	0.0000	0.0000	0.0000	0.0685	0.0460	0.0225	0.0339	0.0286	0.0053	0.0345	0.0174	0.0172	0.0000	0.0000	0.0000	0.0000	0.0000	0.0000	0.0000	0.0000	0.0000	14.2799	21.2516	0.0000	28.8124	34.1403	0.0000	0.0000	0.0000	0.0000						
36	134	0.5648	8	1	2	0	1	0	0	0	0	N	Y	N	N	N	N	N	N	N	N	N	N	0.0000	0.0000	0.0000	0.0000	0.0000	0.0000	0.0000	0.0000	0.0000	0.0000	0.0000	0.0000	0.0000	0.0000	0.0000	0.0000	0.0000	0.0903	0.1362	0.0002	0.1857	0.2240	0.0000	0.0005	0.0006	0.0003	0.0009	0.0000	-0.0103	7.9964	2.0077	23.6501	6.0321	0.0000	0.0000	0.0000	0.0000	0.0000	0.0000	0.0000	0.0000	0.0000	0.0225	0.0225	0.0000	0.0225	0.0225	0.0000	0.0001	0.0000	0.0000	0.0967	0.0832	0.0136	0.0235	0.0215	0.0019	0.0733	0.0617	0.0116	0.2494	0.1651	0.0843	0.1210	0.1003	0.0207	0.1284	0.0649	0.0635	0.0000	0.0000	0.0000	0.0000	0.0000	0.0000	0.0000	0.0000	0.0000	0.0903	0.1362	0.0002	0.1857	0.2240	0.0000	0.0005	0.0006	0.0003		
36	135	0.5600	8	0	2	0	1	0	0	0	0	N	Y	N	N	N	N	N	N	N	N	N	N	2.0127	319.4644	0.0113	1175.8969	2334.4517	11.4148	0.0000	0.0000	0.0000	0.2114	0.2468	0.0037	0.9208	0.9949	0.0302	0.0000	0.0000	0.0000	0.1050	0.0008	0.3238	0.0008	0.0004	0.0026	0.2126	0.0014	0.4324	0.0025	199.7103	-0.0139	0.0255	7.9964	3.0348	23.6501	9.3583	0.0317	0.0317	0.0001	0.0317	0.0317	0.0001	0.0000	0.0000	0.0000	0.0474	0.0002	0.0472	0.0002	0.0001	0.0001	0.0473	0.0002	0.0471	0.1502	0.1283	0.0219	0.0345	0.0318	0.0026	0.1157	0.0965	0.0192	0.4516	0.3059	0.1458	0.2293	0.1925	0.0368	0.2223	0.1134	0.1089	2.0127	319.4644	0.0113	1175.8969	2334.4517	11.4148	0.0000	0.0000	0.0000	0.1050	0.0008	0.3238	0.0008	0.0004	0.0026	0.2126	0.0014	0.4324
36	136	0.5457	7	0	1	0	1	0	0	0	0	N	N	N	N	N	N	N	N	N	N	N	N	2.5359	23.7104	2.9596	72.9718	64.1844	0.0000	2.0550	6.6639	2.5668	12.6685	0.0472	81.5334	0.1193	0.1268	0.0000	17.2534	0.0134	90.8574	4.9957	0.0020	27.5485	0.0016	0.0020	0.0000	8.3959	0.0020	35.3977	316.6847	3323.5383	0.0176	0.5158	7.9964	0.0433	23.6501	6.6805	0.0317	0.0001	0.0316	0.0001	0.0001	0.0000	0.0317	0.0000	0.0316	0.9529	0.0003	0.9526	0.0002	0.0002	0.0000	0.9527	0.0001	0.9526	0.0025	0.0021	0.0004	0.0007	0.0006	0.0000	0.0018	0.0015	0.0003	0.2181	0.1440	0.0740	0.1046	0.0865	0.0181	0.1135	0.0575	0.0559	2.8990	23.7104	6.3365	72.9718	64.1844	0.0000	2.0550	6.6639	5.3359	4.3699	0.0020	12.8672	0.0016	0.0020	0.0000	8.3959	0.0020	17.0277
36	137	0.2122	7	0	2	0	1	0	0	0	0	N	Y	N	N	N	N	N	N	N	N	N	N	0.0000	0.0000	0.0000	0.0000	0.0000	0.0000	0.0000	0.0000	0.0000	0.0000	0.0000	0.0000	0.0000	0.0000	0.0000	0.0000	0.0000	0.0000	0.0000	0.0000	7.9964	0.0000	23.6501	0.0000	0.0000	0.0000	0.0000	0.0000	0.0000	0.0000	0.0000	0.0000	0.0000	0.0000	0.0000	0.0000	0.0000	0.0000	0.0000	0.0000	0.0000	0.0000	0.0000	0.0000	0.0000	0.0000	0.0000	0.0000	0.0000	0.0000	0.0000	0.0000	0.0000	0.0000	0.0000	0.0000	0.0000	0.0000	0.0000	0.0000	0.0000	0.0000	0.0000	0.0000	0.0000	0.0000	0.0000	0.0000	0.0000	0.0000	0.0000	0.0000	0.0000	0.0000	0.0000	0.0000	0.0000	0.0000											
36	138	0.2072	6	0	2	0	1	0	0	0	0	N	Y	N	N	N	N	N	N	N	N	N	N	0.0000	0.0000	0.0000	0.0000	0.0000	0.0000	0.0000	0.0000	0.0000	0.0000	0.0000	0.0000	0.0000	0.0057	0.0000	0.0131	0.0000	0.0000	0.0000	0.0067	0.0000	0.0137	inf	0.0000	0.0002	7.9964	0.0021	23.6501	2.0000	0.0000	0.0000	0.0000	0.0000	0.0000	0.0000	0.0000	0.0000	0.0000	0.0004	0.0000	0.0004	0.0000	0.0000	0.0000	0.0004	0.0000	0.0004	0.0001	0.0001	0.0000	0.0000	0.0000	0.0000	0.0001	0.0001	0.0000	0.0755	0.0427	0.0328	0.0116	0.0102	0.0014	0.0639	0.0325	0.0314	0.0000	0.0000	0.0000	0.0000	0.0000	0.0000	0.0000	0.0000	0.0000	0.0057	0.0000	0.0131	0.0000	0.0000	0.0000	0.0067	0.0000	0.0137						
36	139	0.1969	5	0	1	0	1	0	0	0	0	N	N	N	N	N	N	N	N	N	N	N	N	0.0000	0.0000	0.0000	0.0000	0.0000	0.0000	0.0000	0.0000	0.0000	0.0000	0.0000	0.0000	0.0000	0.0000	0.0000	0.0000	8.8577	0.0000	32.8562	0.0000	0.0000	0.0000	7.6263	0.0000	30.5273	3318505.9830	0.0000	0.5410	7.9964	1.0020	23.6501	3.0181	0.0000	0.0000	0.0000	0.0000	0.0000	0.0000	0.0000	0.0000	0.0000	0.9989	0.0000	0.9989	0.0000	0.0000	0.0000	0.9989	0.0000	0.9989	0.0501	0.0425	0.0076	0.0033	0.0031	0.0002	0.0468	0.0394	0.0074	0.1534	0.0861	0.0673	0.0225	0.0197	0.0028	0.1310	0.0664	0.0646	0.0000	0.0000	0.0000	0.0000	0.0000	0.0000	0.0000	0.0000	0.0000	6.5101	0.0000	14.8313	0.0000	0.0000	0.0000	7.6263	0.0000	15.4652			
36	140	0.1826	5	0	2	0	0	0	0	0	0	N	Y	N	N	N	N	N	N	N	N	N	N	0.0000	0.0000	0.0000	0.0000	0.0000	0.0000	0.0000	0.0000	0.0000	0.0000	0.0000	0.0000	0.0000	0.0000	0.0000	0.0000	0.0000	0.0000	0.0000	0.0000	7.9964	0.0000	23.6501	4.0001	0.0000	0.0000	0.0000	0.0000	0.0000	0.0000	0.0000	0.0000	0.0000	0.0000	0.0000	0.0000	0.0000	0.0000	0.0000	0.0000	0.0000	0.0000	0.0000	0.0000	0.0000	0.0000	0.0000	0.0000	0.0000	0.0000	0.0000	0.1531	0.0851	0.0679	0.0193	0.0169	0.0024	0.1337	0.0682	0.0655	0.0000	0.0000	0.0000	0.0000	0.0000	0.0000	0.0000	0.0000	0.0000	0.0000	0.0000	0.0000	0.0000	0.0000	0.0000	0.0000	0.0000	0.0000											
36	141	0.5602	7	0	2	0	0	0	0	0	0	N	Y	N	N	N	N	N	N	N	N	N	N	0.0000	0.0000	0.0000	0.0000	0.0000	0.0000	0.0000	0.0000	0.0000	0.0000	0.0000	0.0000	0.0000	0.0000	0.0000	0.0000	0.0000	6.1955	10.6073	0.0197	25.9636	30.5013	0.0028	0.0125	0.0000	0.0251	0.0013	0.0000	-0.4548	7.9964	1.0003	23.6501	5.0186	0.0000	0.0000	0.0000	0.0000	0.0000	0.0000	0.0000	0.0000	0.0000	0.9951	0.9938	0.0013	0.9938	0.9938	0.0000	0.0012	0.0000	0.0012	0.0483	0.0415	0.0068	0.0117	0.0107	0.0010	0.0366	0.0308	0.0058	0.1904	0.1262	0.0642	0.0925	0.0768	0.0157	0.0979	0.0494	0.0485	0.0000	0.0000	0.0000	0.0000	0.0000	0.0000	0.0000	0.0000	0.0000	5.2265	7.8741	0.0197	10.7432	12.9321	0.0028	0.0125	0.0000	0.0251		
36	142	0.1969	5	0	1	1	1	0	0	0	0	N	N	N	N	N	N	N	N	N	N	N	N	0.0000	0.0000	0.0000	0.0000	0.0000	0.0000	0.0000	0.0000	0.0000	0.0000	0.0000	0.0000	0.0000	0.0021	0.0037	0.0000	0.0143	0.0163	0.0000	0.0000	0.0000	0.0000	0.0000	0.0000	-0.0003	7.9964	0.0001	23.6501	9.0026	0.0000	0.0000	0.0000	0.0000	0.0000	0.0000	0.0000	0.0000	0.0000	0.0007	0.0007	0.0000	0.0007	0.0007	0.0000	0.0000	0.0000	0.0000	0.0000	0.0000	0.0000	0.0000	0.0000	0.0000	0.0000	0.0000	0.0000	0.3364	0.1889	0.1474	0.0491	0.0430	0.0061	0.2873	0.1459	0.1414	0.0000	0.0000	0.0000	0.0000	0.0000	0.0000	0.0000	0.0000	0.0000	0.0021	0.0037	0.0000	0.0143	0.0163	0.0000	0.0000	0.0000	0.0000						
36	143	0.5457	7	0	1	1	1	0	0	0	0	N	N	N	N	N	N	N	N	N	N	N	N	0.0000	0.0000	0.0000	0.0000	0.0000	0.0000	0.0000	0.0000	0.0000	0.0000	0.0000	0.0000	0.0000	0.0000	0.0000	0.0014	0.0022	0.0000	0.0026	0.0032	0.0000	0.0003	0.0006	0.0000	0.0000	0.0000	-0.0002	7.9964	2.0061	23.6501	8.0425	0.0000	0.0000	0.0000	0.0000	0.0000	0.0000	0.0000	0.0000	0.0000	0.0005	0.0005	0.0000	0.0004	0.0004	0.0000	0.0001	0.0001	0.0000	0.0960	0.0822	0.0138	0.0210	0.0193	0.0018	0.0750	0.0629	0.0121	0.3193	0.2104	0.1088	0.1527	0.1261	0.0266	0.1665	0.0843	0.0822	0.0000	0.0000	0.0000	0.0000	0.0000	0.0000	0.0000	0.0000	0.0000	0.0014	0.0022	0.0000	0.0026	0.0032	0.0000	0.0003	0.0006	0.0000				
36	144	0.5366	6	0	1	0	1	0	0	0	0	N	N	N	N	N	N	N	N	N	N	N	N	0.0000	0.0000	0.0000	0.0000	0.0000	0.0000	0.0000	0.0000	0.0000	0.0000	0.0000	0.0000	0.0000	0.0000	0.0000	0.0000	0.0000	0.0000	0.0240	0.0271	0.0161	0.0272	0.0252	0.0432	0.0209	0.0300	0.0096	0.2352	0.0000	-0.0013	7.9964	1.9550	23.6501	2.1189	0.0000	0.0000	0.0000	0.0000	0.0000	0.0000	0.0000	0.0000	0.0000	0.0050	0.0041	0.0010	0.0028	0.0023	0.0005	0.0022	0.0018	0.0005	0.1011	0.0864	0.0147	0.0284	0.0255	0.0029	0.0728	0.0610	0.0118	0.2098	0.1502	0.0596	0.1023	0.0908	0.0115	0.1075	0.0594	0.0481	0.0000	0.0000	0.0000	0.0000	0.0000	0.0000	0.0000	0.0000	0.0000	0.0240	0.0271	0.0161	0.0272	0.0252	0.0432	0.0209	0.0300	0.0096	
36	145	0.5366	6	0	1	1	1	0	0	0	0	N	N	N	N	N	N	N	N	N	N	N	N	0.0000	0.0000	0.0000	0.0000	0.0000	0.0000	0.0000	0.0000	0.0000	0.0000	0.0000	0.0000	0.0000	0.0000	0.0000	0.0000	0.0000	0.0000	2.0785	3.0924	0.0003	1.1720	1.3914	0.0002	2.8926	5.5711	0.0003	0.0000	0.0000	-0.6638	7.9964	2.1261	23.6501	18.6477	0.0000	0.0000	0.0000	0.0000	0.0000	0.0000	0.0000	0.0000	0.0000	1.4482	1.4482	0.0001	0.3864	0.3864	0.0000	1.0618	1.0618	0.0001	0.1092	0.0934	0.0158	0.0303	0.0272	0.0031	0.0789	0.0662	0.0128	0.6968	0.4683	0.2285	0.3297	0.2777	0.0520	0.3671	0.1906	0.1765	0.0000	0.0000	0.0000	0.0000	0.0000	0.0000	0.0000	0.0000	0.0000	2.0785	3.0924	0.0003	1.1720	1.3914	0.0002	2.8926	5.5711	0.0003	
36	146	0.1969	5	0	1	1	1	0	0	0	0	N	N	N	N	N	N	N	N	N	N	N	N	0.0000	0.0000	0.0000	0.0000	0.0000	0.0000	0.0000	0.0000	0.0000	0.0000	0.0000	0.0000	0.0000	0.0023	0.0042	0.0000	0.0160	0.0183	0.0000	0.0000	0.0000	0.0000	0.0000	0.0000	-0.0003	7.9964	2.0001	23.6501	5.9880	0.0000	0.0000	0.0000	0.0000	0.0000	0.0000	0.0000	0.0000	0.0000	0.0007	0.0007	0.0000	0.0007	0.0007	0.0000	0.0000	0.0000	0.0000	0.0995	0.0845	0.0151	0.0066	0.0061	0.0005	0.0930	0.0784	0.0146	0.2997	0.1683	0.1314	0.0437	0.0383	0.0054	0.2560	0.1300	0.1260	0.0000	0.0000	0.0000	0.0000	0.0000	0.0000	0.0000	0.0000	0.0000	0.0023	0.0042	0.0000	0.0160	0.0183	0.0000	0.0000	0.0000	0.0000						
36	147	0.1969	5	0	1	1	1	0	0	0	0	N	N	N	N	N	N	N	N	N	N	N	N	0.3453	0.0000	0.7761	0.0000	0.0000	0.0000	0.4606	0.0000	1.6127	2.3055	0.0000	15.3994	0.0000	0.0000	0.0000	2.4678	0.0000	15.8863	6.6779	1.6241	19.8426	9.3338	0.0051	97.3372	5.3578	2.0916	9.8506	inf	4.9964	0.5589	2.2494	7.9964	9.0001	23.6501	23.0169	1.0000	0.0000	1.0000	0.0000	0.0000	0.0000	1.0000	0.0000	1.0000	6.0006	1.0007	4.9999	1.0009	0.0007	1.0002	4.9998	1.0000	3.9998	0.4337	0.3688	0.0649	0.0285	0.0265	0.0020	0.4052	0.3423	0.0629	1.0912	0.6162	0.4750	0.1580	0.1381	0.0200	0.9332	0.4781	0.4551	0.4193	0.0000	1.4630	0.0000	0.0000	0.0000	0.4606	0.0000	1.8074	5.4992	1.6241	10.5257	6.3342	0.0051	50.1227	5.3578	2.0916	8.7894
36	148	0.1716	4	0	1	0	1	0	0	0	0	N	N	N	N	N	N	N	N	N	N	N	N	0.0068	0.0000	3.6548	0.0000	0.0000	0.0000	0.0061	0.0000	3.6776	0.0164	0.0000	0.1080	0.0000	0.0000	0.0000	0.0176	0.0000	0.1112	2.4324	4.2811	0.0295	0.0050	0.0042	0.0121	2.8990	5.7524	0.0302	inf	0.0053	0.0009	-0.4538	7.9964	1.9990	23.6501	7.9526	0.0016	0.0000	0.0016	0.0000	0.0000	0.0000	0.0016	0.0000	0.0016	1.0015	0.9962	0.0053	0.0003	0.0002	0.0001	1.0012	0.9960	0.0052	0.1001	0.0848	0.0152	0.0065	0.0061	0.0004	0.0935	0.0787	0.0148	0.4117	0.2327	0.1790	0.0664	0.0596	0.0068	0.3453	0.1731	0.1722	0.0068	0.0000	3.6548	0.0000	0.0000	0.0000	0.0061	0.0000	3.6776	2.4324	4.2811	0.0295	0.0050	0.0042	0.0121	2.8990	5.7524	0.0302
36	149	0.1397	3	1	2	0	0	0	0	0	0	N	Y	N	N	N	N	N	N	N	N	N	N	0.0032	0.0021	0.0000	2.6457	2.5352	0.0000	0.0000	0.0000	0.0000	0.0095	0.0112	0.0000	0.0897	0.0914	0.0000	0.0000	0.0000	0.0000	2.9350	5.2312	0.0011	0.0339	0.0361	0.0005	3.5371	6.7411	0.0011	0.0000	0.0002	-0.0013	-1.3526	7.9964	5.3497	23.6501	17.2225	0.0030	0.0030	0.0000	0.0030	0.0030	0.0000	0.0000	0.0000	0.0000	2.9518	2.9513	0.0004	0.0059	0.0059	0.0000	2.9459	2.9455	0.0004	0.3114	0.2642	0.0473	0.0330	0.0324	0.0006	0.2785	0.2318	0.0466	1.0057	0.5993	0.4064	0.1729	0.1624	0.0105	0.8329	0.4369	0.3959	0.0032	0.0023	0.0000	2.6457	2.5352	0.0000	0.0000	0.0000	0.0000	2.9350	4.9245	0.0011	0.0339	0.0361	0.0005	3.5371	6.7411	0.0011
36	150	0.1705	4	0	2	0	0	0	0	0	0	N	Y	N	N	N	N	N	N	N	N	N	N	0.0242	0.0176	0.0000	0.0225	0.0214	0.0000	0.2818	0.2467	0.0000	0.0146	0.0168	0.0000	0.0531	0.0546	0.0000	0.0026	0.0031	0.0000	0.6027	0.9534	0.0060	2.3565	2.5526	0.0176	0.0091	0.0125	0.0053	0.0000	0.0037	-0.0019	-0.2914	7.9964	3.6794	23.6501	17.4287	0.0042	0.0042	0.0000	0.0037	0.0037	0.0000	0.0006	0.0006	0.0000	0.6409	0.6386	0.0023	0.6337	0.6333	0.0004	0.0073	0.0053	0.0020	0.2908	0.2522	0.0386	0.0692	0.0673	0.0019	0.2216	0.1849	0.0367	1.0634	0.6698	0.3936	0.2689	0.2481	0.0208	0.7945	0.4217	0.3728	0.0242	0.0176	0.0000	0.0225	0.0214	0.0000	0.2818	0.2467	0.0000	0.6027	0.9534	0.0060	2.3565	2.5526	0.0176	0.0091	0.0125	0.0053
36	151	0.1397	3	0	2	0	0	0	0	0	0	N	Y	N	N	N	N	N	N	N	N	N	N	2.4102	1.7632	1.5330	0.0366	0.0358	0.0000	3.1100	2.0014	2.3726	4.5610	5.3566	0.0801	0.0967	0.0980	0.0000	5.2782	6.3644	0.0810	1.8924	3.0379	0.0522	2.6438	2.7351	0.7609	1.6972	3.1799	0.0342	0.0027	0.0107	-0.4411	-0.5926	7.9964	3.4464	23.6501	10.1316	1.0060	1.0034	0.0027	0.0030	0.0030	0.0000	1.0031	1.0004	0.0027	1.3234	1.3094	0.0140	0.3813	0.3763	0.0051	0.9421	0.9331	0.0089	0.2206	0.1873	0.0333	0.0305	0.0301	0.0004	0.1900	0.1572	0.0329	0.6993	0.4310	0.2683	0.1442	0.1376	0.0067	0.5551	0.2934	0.2616	2.4102	1.7632	1.5330	0.0366	0.0358	0.0000	3.1100	2.0014	2.3726	1.8924	3.0379	0.0522	2.6438	2.7351	0.7609	1.6972	3.1799	0.0342
36	152	0.5670	9	1	2	0	0	0	0	0	0	N	Y	N	N	N	N	N	N	N	N	N	N	0.0000	0.0000	0.0000	0.0000	0.0000	0.0000	0.0000	0.0000	0.0000	0.0000	0.0000	0.0000	0.0000	0.0000	0.0000	0.0000	0.0000	5.9211	3.8157	9.5734	6.0430	8.0862	0.0000	4.8706	0.0001	12.5465	0.9990	0.0000	0.0827	7.9964	1.0143	23.6501	12.0086	0.0000	0.0000	0.0000	0.0000	0.0000	0.0000	0.0000	0.0000	0.0000	1.9985	0.9997	0.9987	0.9997	0.9997	0.0000	0.9987	0.0000	0.9987	0.0499	0.0430	0.0070	0.0125	0.0115	0.0010	0.0375	0.0315	0.0060	0.3959	0.2620	0.1339	0.1908	0.1581	0.0328	0.2051	0.1039	0.1011	0.0000	0.0000	0.0000	0.0000	0.0000	0.0000	0.0000	0.0000	0.0000	5.0479	3.8157	7.4589	5.2384	6.3241	0.0000	4.8706	0.0001	9.8755		
36	153	0.5648	8	1	2	0	0	0	0	0	0	N	Y	N	N	N	N	N	N	N	N	N	N	0.0000	0.0000	0.0000	0.0000	0.0000	0.0000	0.0000	0.0000	0.0000	0.0000	0.0000	0.0000	0.0000	0.0000	0.0000	0.0000	0.0000	0.0519	0.0186	0.1174	0.0228	0.0274	0.0000	0.0797	0.0048	0.1555	3.2006	0.0000	0.0005	7.9964	0.9811	23.6501	0.0216	0.0000	0.0000	0.0000	0.0000	0.0000	0.0000	0.0000	0.0000	0.0000	0.0017	0.0004	0.0013	0.0004	0.0004	0.0000	0.0013	0.0000	0.0013	0.0477	0.0410	0.0067	0.0116	0.0107	0.0010	0.0361	0.0303	0.0058	0.0324	0.0215	0.0109	0.0158	0.0131	0.0027	0.0166	0.0083	0.0082	0.0000	0.0000	0.0000	0.0000	0.0000	0.0000	0.0000	0.0000	0.0000	0.0519	0.0186	0.1174	0.0228	0.0274	0.0000	0.0797	0.0048	0.1555		
36	154	0.5602	7	1	2	0	0	0	0	0	0	N	Y	N	N	N	N	N	N	N	N	N	N	0.0000	0.0000	0.0000	0.0000	0.0000	0.0000	0.0000	0.0000	0.0000	0.0000	0.0000	0.0000	0.0000	0.0000	0.0000	0.0000	0.0000	0.0000	0.1160	0.1437	0.0610	0.0045	0.0037	0.0082	0.2223	0.3653	0.0777	0.2139	0.0000	-0.0022	7.9964	0.0083	23.6501	2.0001	0.0000	0.0000	0.0000	0.0000	0.0000	0.0000	0.0000	0.0000	0.0000	0.0077	0.0063	0.0014	0.0001	0.0001	0.0000	0.0075	0.0062	0.0013	0.0005	0.0004	0.0001	0.0002	0.0001	0.0000	0.0003	0.0003	0.0001	0.0662	0.0440	0.0222	0.0323	0.0270	0.0053	0.0339	0.0171	0.0169	0.0000	0.0000	0.0000	0.0000	0.0000	0.0000	0.0000	0.0000	0.0000	0.1160	0.1437	0.0610	0.0045	0.0037	0.0082	0.2223	0.3653	0.0777	
36	155	0.5366	6	0	2	0	0	0	0	0	0	N	Y	N	N	N	N	N	N	N	N	N	N	0.0000	0.0000	0.0000	0.0000	0.0000	0.0000	0.0000	0.0000	0.0000	0.0000	0.0000	0.0000	0.0000	0.0000	0.0000	0.0000	0.0000	0.0000	2.5177	0.0298	10.7757	0.0364	0.0387	0.0225	4.8035	0.0165	13.4618	122.3115	0.0000	0.5364	7.9964	2.9180	23.6501	7.4065	0.0000	0.0000	0.0000	0.0000	0.0000	0.0000	0.0000	0.0000	0.0000	1.0055	0.0082	0.9973	0.0070	0.0063	0.0006	0.9985	0.0018	0.9967	0.1466	0.1255	0.0210	0.0391	0.0353	0.0038	0.1075	0.0902	0.0173	0.3993	0.2740	0.1253	0.1915	0.1641	0.0273	0.2079	0.1099	0.0980	0.0000	0.0000	0.0000	0.0000	0.0000	0.0000	0.0000	0.0000	0.0000	2.5177	0.0298	7.9581	0.0364	0.0387	0.0225	4.8035	0.0165	10.1728	
36	156	0.4708	5	0	1	0	0	0	0	0	0	N	N	N	N	N	N	N	N	N	N	N	N	0.8680	0.0565	6.1595	4.2806	0.7089	40.5284	0.5331	0.0132	4.6838	0.7728	0.0482	5.9708	0.5717	0.0857	8.5794	0.8705	0.0278	5.4997	0.8904	0.8523	0.9694	0.1336	0.1209	0.2117	1.6328	2.1051	1.1742	17.2843	0.5485	0.2264	-0.1116	7.9964	8.2479	23.6501	19.7214	0.4491	0.0246	0.4245	0.1086	0.0153	0.0933	0.3404	0.0092	0.3312	1.0715	0.6920	0.3795	0.0796	0.0620	0.0176	0.9919	0.6300	0.3619	0.5811	0.5100	0.0711	0.1900	0.1792	0.0109	0.3910	0.3308	0.0602	1.2034	0.8119	0.3915	0.5960	0.5126	0.0833	0.6075	0.2993	0.3082	0.8680	0.0565	6.1595	4.2806	0.7089	40.5284	0.5331	0.0132	4.6838	0.8904	0.8523	0.9694	0.1336	0.1209	0.2117	1.6328	2.1051	1.1742
36	157	0.4346	4	0	1	0	0	0	0	0	0	N	N	N	N	N	N	N	N	N	N	N	N	1.7113	0.5919	7.4404	0.2803	0.3465	0.0761	1.7493	0.4698	9.0488	1.7893	0.5469	9.7237	0.2211	0.2293	0.1148	2.3246	0.6663	11.2244	1.0456	0.9241	1.3069	0.7887	0.6618	1.5092	1.3288	1.4181	1.2404	2.7839	0.6580	0.2303	-0.0764	7.9964	7.4725	23.6501	14.3153	0.7817	0.2066	0.5751	0.0246	0.0237	0.0009	0.7572	0.1829	0.5742	1.2426	0.7494	0.4932	0.4914	0.3506	0.1408	0.7512	0.3989	0.3523	0.4369	0.3777	0.0591	0.1112	0.1032	0.0080	0.3257	0.2746	0.0512	1.1884	0.8110	0.3773	0.6231	0.5298	0.0933	0.5653	0.2813	0.2840	1.7113	0.5919	7.4404	0.2803	0.3465	0.0761	1.7493	0.4698	9.0488	1.0456	0.9241	1.3069	0.7887	0.6618	1.5092	1.3288	1.4181	1.2404
36	158	0.3691	3	0	1	0	0	0	0	0	0	N	N	N	N	N	N	N	N	N	N	N	N	0.1761	0.1804	0.0637	0.5475	0.5477	0.0245	0.0939	0.0825	0.0617	0.2671	0.2957	0.0795	0.6263	0.6598	0.0180	0.1746	0.1908	0.0850	1.5165	1.6386	1.2494	1.1440	1.2047	0.7363	1.8603	2.3135	1.3764	0.0410	0.3486	-0.0698	-0.5146	7.9964	11.6653	23.6501	19.4910	0.1737	0.1669	0.0068	0.0834	0.0833	0.0001	0.0903	0.0836	0.0067	2.5744	1.9090	0.6654	0.9322	0.8543	0.0778	1.6422	1.0546	0.5876	0.6503	0.5643	0.0860	0.1332	0.1262	0.0070	0.5172	0.4381	0.0790	1.6976	1.1650	0.5326	0.8149	0.7092	0.1057	0.8828	0.4559	0.4269	0.1761	0.1804	0.0637	0.5475	0.5477	0.0245	0.0939	0.0825	0.0617	1.5165	1.6386	1.2494	1.1440	1.2047	0.7363	1.8603	2.3135	1.3764
36	159	0.3219	2	0	1	0	0	0	0	0	0	N	N	N	N	N	N	N	N	N	N	N	N	0.3654	0.4366	0.1401	0.7479	0.7009	1.2136	0.2688	0.8062	0.0987	0.4210	0.4549	0.1955	1.0209	1.0367	0.6789	0.2559	0.2739	0.1575	1.1521	1.0420	1.3958	1.3651	1.4791	0.5594	0.9518	0.3397	1.5960	0.0647	0.6052	-0.0730	-0.1652	7.9964	7.3933	23.6501	20.5306	0.1919	0.1802	0.0117	0.1004	0.0975	0.0029	0.0915	0.0827	0.0087	2.0307	1.2651	0.7657	1.1661	1.1069	0.0593	0.8646	0.1582	0.7064	0.4558	0.3962	0.0596	0.0984	0.0940	0.0043	0.3574	0.3021	0.0553	1.7626	1.2141	0.5485	0.8543	0.7483	0.1059	0.9084	0.4657	0.4426	0.3654	0.4366	0.1401	0.7479	0.7009	1.2136	0.2688	0.8062	0.0987	1.1521	1.0420	1.3958	1.3651	1.4791	0.5594	0.9518	0.3397	1.5960
36	161	0.1902	7	1	2	0	0	0	0	0	0	N	Y	N	N	N	N	N	N	N	N	N	N	0.0000	0.0000	0.0000	0.0000	0.0000	0.0000	0.0000	0.0000	0.0000	0.0000	0.0000	0.0000	0.0000	0.0000	0.0000	0.0000	0.0000	0.0000	0.0000	0.0000	7.9964	0.0002	23.6501	3.0099	0.0000	0.0000	0.0000	0.0000	0.0000	0.0000	0.0000	0.0000	0.0000	0.0000	0.0000	0.0000	0.0000	0.0000	0.0000	0.0000	0.0000	0.0000	0.0000	0.0000	0.0000	0.0000	0.0000	0.0000	0.0000	0.0000	0.0000	0.1183	0.0667	0.0516	0.0162	0.0143	0.0018	0.1021	0.0524	0.0498	0.0000	0.0000	0.0000	0.0000	0.0000	0.0000	0.0000	0.0000	0.0000	0.0000	0.0000	0.0000	0.0000	0.0000	0.0000	0.0000	0.0000	0.0000											
36	162	0.1826	6	1	2	0	0	0	0	0	0	N	Y	N	N	N	N	N	N	N	N	N	N	0.0000	0.0000	0.0000	0.0000	0.0000	0.0000	0.0000	0.0000	0.0000	0.0000	0.0000	0.0000	0.0000	0.0000	0.0000	0.0000	0.0000	0.0000	0.0000	0.0000	7.9964	0.9998	23.6501	2.0118	0.0000	0.0000	0.0000	0.0000	0.0000	0.0000	0.0000	0.0000	0.0000	0.0000	0.0000	0.0000	0.0000	0.0000	0.0000	0.0000	0.0000	0.0000	0.0500	0.0424	0.0076	0.0031	0.0029	0.0002	0.0468	0.0394	0.0074	0.1157	0.0644	0.0514	0.0146	0.0128	0.0018	0.1011	0.0515	0.0496	0.0000	0.0000	0.0000	0.0000	0.0000	0.0000	0.0000	0.0000	0.0000	0.0000	0.0000	0.0000	0.0000	0.0000	0.0000	0.0000	0.0000	0.0000											
36	163	0.1826	5	1	2	0	0	0	0	0	0	N	Y	N	N	N	N	N	N	N	N	N	N	0.0000	0.0000	0.0000	0.0000	0.0000	0.0000	0.0000	0.0000	0.0000	0.0000	0.0000	0.0000	0.0000	0.0000	0.0000	0.0000	0.0000	0.0000	0.0000	0.0000	7.9964	0.0000	23.6501	0.0003	0.0000	0.0000	0.0000	0.0000	0.0000	0.0000	0.0000	0.0000	0.0000	0.0000	0.0000	0.0000	0.0000	0.0000	0.0000	0.0000	0.0000	0.0000	0.0000	0.0000	0.0000	0.0000	0.0000	0.0000	0.0000	0.0000	0.0000	0.0000	0.0000	0.0000	0.0000	0.0000	0.0000	0.0000	0.0000	0.0000	0.0000	0.0000	0.0000	0.0000	0.0000	0.0000	0.0000	0.0000	0.0000	0.0000	0.0000	0.0000	0.0000	0.0000	0.0000	0.0000	0.0000	0.0000											
36	164	0.1716	4	0	2	0	0	0	0	0	0	N	Y	N	N	N	N	N	N	N	N	N	N	36.6688	0.0000	183.7201	0.0000	0.0000	0.0000	89.0291	0.0000	180.7810	1.6922	0.0000	9.5309	0.0000	0.0000	0.0000	2.6410	0.0000	9.6312	0.0461	0.0419	0.0519	0.1104	0.1194	0.0213	0.0297	0.0051	0.0533	inf	0.9143	0.0009	0.0002	7.9964	0.0063	23.6501	4.3641	0.0016	0.0000	0.0016	0.0000	0.0000	0.0000	0.0016	0.0000	0.0016	0.0096	0.0050	0.0046	0.0047	0.0046	0.0001	0.0049	0.0004	0.0045	0.0010	0.0008	0.0002	0.0003	0.0003	0.0000	0.0006	0.0005	0.0002	0.2082	0.1198	0.0885	0.0425	0.0386	0.0039	0.1657	0.0812	0.0846	36.6688	0.0000	183.7201	0.0000	0.0000	0.0000	89.0291	0.0000	180.7810	0.0461	0.0419	0.0519	0.1104	0.1194	0.0213	0.0297	0.0051	0.0533
36	165	0.1397	3	0	1	0	0	0	0	0	0	N	N	N	N	N	N	N	N	N	N	N	N	7.5782	0.0001	26.1044	0.0003	0.0003	0.0000	8.7668	0.0000	25.7533	5.6417	0.0000	37.6750	0.0002	0.0002	0.0000	6.7708	0.0000	38.1067	0.7445	0.3164	1.4432	0.6412	0.6707	0.0021	0.7723	0.1439	1.4797	203117.0119	2.7942	0.5543	0.1372	7.9964	2.5207	23.6501	10.0226	0.9918	0.0000	0.9918	0.0000	0.0000	0.0000	0.9918	0.0000	0.9918	0.4933	0.1300	0.3633	0.0903	0.0903	0.0000	0.4030	0.0398	0.3633	0.1758	0.1495	0.0263	0.0293	0.0290	0.0003	0.1465	0.1205	0.0260	0.6626	0.4109	0.2517	0.1408	0.1346	0.0062	0.5218	0.2763	0.2455	7.5782	0.0001	26.1044	0.0003	0.0003	0.0000	8.7668	0.0000	25.7533	0.7445	0.3164	1.4432	0.6412	0.6707	0.0021	0.7723	0.1439	1.4797
36	166	0.1241	2	0	1	0	0	0	0	0	0	N	N	N	N	N	N	N	N	N	N	N	N	0.0914	0.0114	1.0934	0.3744	0.2206	18.0618	0.0695	0.0000	0.9807	0.0428	0.0070	0.2384	0.1312	0.0783	4.4080	0.0355	0.0000	0.2131	0.4687	0.6122	0.2180	0.3504	0.3547	0.2441	0.5112	0.7832	0.2173	6.2461	0.2038	0.0028	-0.0694	7.9964	2.6894	23.6501	4.6619	0.0066	0.0009	0.0056	0.0015	0.0009	0.0006	0.0050	0.0000	0.0050	0.2400	0.1994	0.0406	0.0474	0.0461	0.0013	0.1926	0.1533	0.0393	0.1529	0.1292	0.0237	0.0117	0.0116	0.0001	0.1412	0.1177	0.0235	0.5120	0.3257	0.1863	0.1352	0.1299	0.0053	0.3768	0.1957	0.1811	0.0914	0.0114	1.0934	0.3744	0.2206	18.0618	0.0695	0.0000	0.9807	0.4687	0.6122	0.2180	0.3504	0.3547	0.2441	0.5112	0.7832	0.2173
37	38	0.2118	5	1	2	0	0	0	0	0	0	N	Y	N	N	N	N	N	N	N	N	N	N	4.6062	0.0000	54683.9574	0.0000	0.0000	0.0000	3202.3073	0.0000	55318.5390	4.0292	0.0000	25.5991	0.0000	0.0000	0.0000	4.6461	0.0000	26.8024	0.8747	1.4316	0.0005	3.2631	3.9133	0.0003	0.0015	0.0023	0.0005	inf	0.0002	0.5589	-0.2641	6.9981	4.7553	25.9787	10.1994	1.0000	0.0000	1.0000	0.0000	0.0000	0.0000	1.0000	0.0000	1.0000	0.5764	0.5762	0.0001	0.5757	0.5756	0.0000	0.0007	0.0006	0.0001	0.2482	0.2091	0.0391	0.0330	0.0312	0.0018	0.2152	0.1779	0.0373	0.6589	0.4025	0.2564	0.1764	0.1471	0.0293	0.4825	0.2554	0.2271	4.6062	0.0000	54683.9574	0.0000	0.0000	0.0000	3202.3073	0.0000	55318.5390	0.8747	1.4316	0.0005	3.2631	3.9133	0.0003	0.0015	0.0023	0.0005
37	39	0.1540	3	2	2	0	0	0	0	0	0	Y	Y	N	N	N	N	N	N	N	N	N	N	0.0000	0.0000	0.0000	0.0000	0.0000	0.0000	0.0000	0.0000	0.0000	0.0000	0.0000	0.0000	0.0000	0.0000	0.0000	0.0000	0.0000	2.2697	3.3447	0.6878	3.4521	4.1714	0.0000	1.9423	2.9880	0.7579	0.1398	0.0000	-1.0194	6.9981	5.0000	25.9787	27.3229	0.0000	0.0000	0.0000	0.0000	0.0000	0.0000	0.0000	0.0000	0.0000	3.0363	2.6640	0.3723	1.0015	1.0015	0.0000	2.0348	1.6625	0.3723	0.2170	0.1839	0.0332	0.0099	0.0092	0.0007	0.2071	0.1746	0.0324	1.3377	0.7965	0.5413	0.2901	0.2401	0.0500	1.0476	0.5564	0.4912	0.0000	0.0000	0.0000	0.0000	0.0000	0.0000	0.0000	0.0000	0.0000	2.2697	3.3447	0.6878	3.4521	4.1714	0.0000	1.9423	2.9880	0.7579		
37	41	0.6583	8	1	2	0	0	0	0	0	0	N	Y	N	N	N	N	N	N	N	N	N	N	26111.1030	24908.7682	0.0000	230.1825	528.6007	0.0000	19856.7341	12575.6598	2.2356	2.5348	0.0000	0.0082	0.0087	0.0000	3.5346	4.1783	0.0000	0.0001	0.0001	0.0000	0.0000	0.0000	0.0001	0.0002	0.0003	0.0000	0.0000	0.2081	-0.4377	-0.0000	6.9981	8.1446	25.9787	10.2519	0.9922	0.9922	0.0000	0.0013	0.0013	0.0000	0.9909	0.9909	0.0000	0.0001	0.0000	0.0000	0.0000	0.0000	0.0000	0.0000	0.0000	0.0000	0.4438	0.3914	0.0524	0.1635	0.1543	0.0092	0.2803	0.2372	0.0432	0.6779	0.4721	0.2058	0.4398	0.3445	0.0953	0.2381	0.1276	0.1105	26111.1030	24908.7682	0.0000	230.1825	528.6007	0.0000	19856.7341	12575.6598	0.0000	0.0001	0.0001	0.0000	0.0000	0.0000	0.0001	0.0002	0.0003	0.0000	
37	43	0.3117	5	1	2	1	1	0	0	0	0	N	Y	N	N	N	N	N	N	N	N	N	N	0.0000	0.0000	0.0000	0.0000	0.0000	0.0000	0.0000	0.0000	0.0000	0.0000	0.0000	0.0000	0.0000	0.0000	0.0000	0.0000	0.0000	0.0257	0.0361	0.0000	0.0487	0.0553	0.0000	0.0022	0.0040	0.0000	0.0000	0.0000	-0.0029	6.9981	1.0007	25.9787	2.4334	0.0000	0.0000	0.0000	0.0000	0.0000	0.0000	0.0000	0.0000	0.0000	0.0063	0.0063	0.0000	0.0060	0.0060	0.0000	0.0003	0.0003	0.0000	0.0459	0.0392	0.0067	0.0077	0.0072	0.0006	0.0382	0.0321	0.0061	0.2446	0.1742	0.0705	0.1238	0.1090	0.0148	0.1208	0.0652	0.0556	0.0000	0.0000	0.0000	0.0000	0.0000	0.0000	0.0000	0.0000	0.0000	0.0257	0.0361	0.0000	0.0487	0.0553	0.0000	0.0022	0.0040	0.0000		
37	44	0.2745	4	1	1	0	1	0	0	0	0	N	N	N	N	N	N	N	N	N	N	N	N	0.1894	0.1541	0.0000	0.6679	0.5807	0.0000	0.0025	0.0017	0.0000	0.0425	0.0497	0.0000	0.2232	0.2373	0.0000	0.0002	0.0003	0.0000	0.2246	0.3225	0.0166	0.3342	0.4087	0.0066	0.0986	0.1688	0.0210	0.0000	0.0242	-0.0010	-0.1086	6.9981	1.0391	25.9787	15.0482	0.0022	0.0022	0.0000	0.0022	0.0022	0.0000	0.0000	0.0000	0.0000	0.2497	0.2438	0.0059	0.1987	0.1979	0.0007	0.0510	0.0458	0.0052	0.0509	0.0436	0.0073	0.0097	0.0091	0.0006	0.0412	0.0345	0.0067	1.1117	0.7560	0.3557	0.5945	0.4843	0.1102	0.5171	0.2716	0.2455	0.1894	0.1541	0.0000	0.6679	0.5807	0.0000	0.0025	0.0017	0.0000	0.2246	0.3225	0.0166	0.3342	0.4087	0.0066	0.0986	0.1688	0.0210
37	45	0.1540	3	1	2	0	0	0	0	0	0	N	Y	N	N	N	N	N	N	N	N	N	N	0.0000	0.0000	0.0000	0.0000	0.0000	0.0000	0.0000	0.0000	0.0000	0.0000	0.0000	0.0000	0.0000	0.0000	0.0000	0.0000	0.0000	1.9033	2.0026	1.7574	2.2290	2.6959	0.0000	1.8143	1.7080	1.9349	0.5977	0.0000	-0.2253	6.9981	12.0036	25.9787	21.9053	0.0000	0.0000	0.0000	0.0000	0.0000	0.0000	0.0000	0.0000	0.0000	2.6731	1.6731	1.0000	0.6718	0.6718	0.0000	2.0013	1.0013	1.0000	0.5114	0.4341	0.0773	0.0232	0.0214	0.0017	0.4882	0.4126	0.0756	1.4045	0.8354	0.5690	0.3014	0.2492	0.0522	1.1031	0.5862	0.5168	0.0000	0.0000	0.0000	0.0000	0.0000	0.0000	0.0000	0.0000	0.0000	1.9033	2.0026	1.7574	2.2290	2.6959	0.0000	1.8143	1.7080	1.9349		
37	46	0.6354	11	2	2	0	0	0	0	0	0	Y	Y	N	N	N	N	N	N	N	N	N	N	0.0000	0.0000	0.0000	0.0000	0.0000	0.0000	0.0000	0.0000	0.0000	0.0000	0.0000	0.0000	0.0000	0.0000	0.0000	0.0000	0.0000	0.0048	0.0018	0.0112	0.0019	0.0024	0.0000	0.0088	0.0007	0.0175	3.0006	0.0000	0.0002	6.9981	2.0120	25.9787	1.9924	0.0000	0.0000	0.0000	0.0000	0.0000	0.0000	0.0000	0.0000	0.0000	0.0006	0.0002	0.0005	0.0001	0.0001	0.0000	0.0005	0.0000	0.0005	0.0921	0.0800	0.0122	0.0278	0.0257	0.0021	0.0644	0.0543	0.0101	0.1322	0.0891	0.0430	0.0751	0.0595	0.0156	0.0570	0.0296	0.0274	0.0000	0.0000	0.0000	0.0000	0.0000	0.0000	0.0000	0.0000	0.0000	0.0048	0.0018	0.0112	0.0019	0.0024	0.0000	0.0088	0.0007	0.0175		
37	47	0.2586	9	2	2	0	0	0	0	0	0	Y	Y	N	N	N	N	N	N	N	N	N	N	0.0000	0.0000	0.0000	0.0000	0.0000	0.0000	0.0000	0.0000	0.0000	0.0000	0.0000	0.0000	0.0000	0.0000	0.0000	0.0000	0.0000	0.0000	0.0000	0.0000	6.9981	0.0002	25.9787	4.0036	0.0000	0.0000	0.0000	0.0000	0.0000	0.0000	0.0000	0.0000	0.0000	0.0000	0.0000	0.0000	0.0000	0.0000	0.0000	0.0000	0.0000	0.0000	0.0000	0.0000	0.0000	0.0000	0.0000	0.0000	0.0000	0.0000	0.0000	0.1701	0.1010	0.0691	0.0396	0.0333	0.0064	0.1305	0.0677	0.0627	0.0000	0.0000	0.0000	0.0000	0.0000	0.0000	0.0000	0.0000	0.0000	0.0000	0.0000	0.0000	0.0000	0.0000	0.0000	0.0000	0.0000	0.0000											
37	48	0.1540	3	1	2	0	1	0	0	0	0	N	Y	N	N	N	N	N	N	N	N	N	N	0.0000	0.0000	0.0000	0.0000	0.0000	0.0000	0.0000	0.0000	0.0000	0.0000	0.0000	0.0000	0.0000	0.0000	0.0000	0.0000	0.0000	0.0000	3.2342	3.2609	3.1957	13.1315	15.4063	0.5776	2.2052	1.1263	3.4446	0.6763	0.0000	-0.3684	6.9981	6.0036	25.9787	51.7820	0.0000	0.0000	0.0000	0.0000	0.0000	0.0000	0.0000	0.0000	0.0000	6.7048	3.9999	2.7049	3.0423	2.9999	0.0424	3.6625	1.0000	2.6625	0.2593	0.2197	0.0396	0.0118	0.0110	0.0009	0.2475	0.2088	0.0387	2.0731	1.2266	0.8464	0.4122	0.3387	0.0735	1.6608	0.8879	0.7730	0.0000	0.0000	0.0000	0.0000	0.0000	0.0000	0.0000	0.0000	0.0000	3.2342	3.2609	3.1957	7.3803	8.8561	0.5776	2.2052	1.1263	3.4446	
37	49	0.1540	3	2	2	0	0	0	0	0	0	Y	Y	N	N	N	N	N	N	N	N	N	N	0.0000	0.0000	0.0000	0.0000	0.0000	0.0000	0.0000	0.0000	0.0000	0.0000	0.0000	0.0000	0.0000	0.0000	0.0000	0.0000	0.0000	2.5298	2.8129	2.1164	3.0036	3.6407	0.0000	2.4047	2.4740	2.3257	0.5151	0.0000	-0.4779	6.9981	5.9964	25.9787	34.6547	0.0000	0.0000	0.0000	0.0000	0.0000	0.0000	0.0000	0.0000	0.0000	4.0364	2.6641	1.3723	1.0016	1.0016	0.0000	3.0348	1.6625	1.3723	0.2590	0.2195	0.0395	0.0118	0.0110	0.0009	0.2472	0.2085	0.0387	1.5955	0.9471	0.6484	0.3335	0.2751	0.0584	1.2620	0.6720	0.5901	0.0000	0.0000	0.0000	0.0000	0.0000	0.0000	0.0000	0.0000	0.0000	2.5298	2.8129	2.1164	3.0036	3.6407	0.0000	2.4047	2.4740	2.3257		
37	50	0.2436	4	1	1	1	0	0	0	0	0	N	N	N	N	N	N	N	N	N	N	N	N	0.2896	1.4654	0.0000	0.0022	0.0111	0.0000	0.2299	0.9919	0.0000	0.7218	0.8366	0.0000	0.0012	0.0013	0.0000	0.8536	1.0044	0.0000	2.4925	0.5709	6.2001	0.5635	0.1174	2.8777	3.7136	1.0126	6.9469	0.0000	5.6288	-0.4380	2.8433	6.9981	31.2093	25.9787	46.3939	0.9929	0.9929	0.0000	0.0003	0.0003	0.0000	0.9926	0.9926	0.0000	7.2760	1.0976	6.1784	0.6376	0.1114	0.5262	6.6384	0.9863	5.6521	1.3755	1.1868	0.1886	0.2126	0.1986	0.0140	1.1628	0.9882	0.1746	2.9191	1.9226	0.9965	1.1315	0.9487	0.1829	1.7876	0.9740	0.8136	0.2896	1.4654	0.0000	0.0022	0.0111	0.0000	0.2299	0.9919	0.0000	2.4925	0.5709	6.2001	0.5635	0.1174	2.8777	3.7136	1.0126	6.9469
37	51	0.1908	4	1	2	0	0	0	0	0	0	N	Y	N	N	N	N	N	N	N	N	N	N	0.0005	0.0004	0.0000	0.0018	0.0016	0.0000	0.0001	0.0001	0.0000	0.0005	0.0005	0.0000	0.0024	0.0025	0.0000	0.0001	0.0001	0.0000	1.0403	1.5577	0.0018	1.3477	1.6131	0.0070	0.8178	1.4965	0.0005	0.0000	0.0006	-0.0000	-0.6307	6.9981	4.1516	25.9787	14.5664	0.0001	0.0001	0.0000	0.0001	0.0001	0.0000	0.0000	0.0000	0.0000	1.3777	1.3769	0.0008	0.7493	0.7487	0.0006	0.6284	0.6282	0.0002	0.2118	0.1819	0.0299	0.0333	0.0315	0.0018	0.1785	0.1504	0.0282	1.3244	0.8839	0.4405	0.5560	0.4641	0.0919	0.7684	0.4198	0.3486	0.0005	0.0004	0.0000	0.0018	0.0016	0.0000	0.0001	0.0001	0.0000	1.0403	1.5577	0.0018	1.3477	1.6131	0.0070	0.8178	1.4965	0.0005
37	52	0.1234	2	2	1	1	0	0	0	0	0	Y	N	N	N	N	N	N	N	N	N	N	N	0.0000	0.0000	0.0000	0.0000	0.0000	0.0000	0.0000	0.0000	0.0000	0.0000	0.0000	0.0000	0.0000	0.0000	0.0000	0.0000	0.0000	0.0278	0.0000	0.0758	0.0054	0.0000	0.1155	0.0329	0.0000	0.0749	52879.9020	0.0000	0.0008	6.9981	0.0028	25.9787	0.9232	0.0000	0.0000	0.0000	0.0000	0.0000	0.0000	0.0000	0.0000	0.0000	0.0016	0.0000	0.0016	0.0001	0.0000	0.0001	0.0015	0.0000	0.0015	0.0005	0.0004	0.0001	0.0002	0.0002	0.0000	0.0003	0.0002	0.0000	0.0563	0.0356	0.0206	0.0105	0.0100	0.0005	0.0458	0.0257	0.0201	0.0000	0.0000	0.0000	0.0000	0.0000	0.0000	0.0000	0.0000	0.0000	0.0278	0.0000	0.0758	0.0054	0.0000	0.1155	0.0329	0.0000	0.0749		
37	53	0.6506	10	1	2	0	0	0	0	0	0	N	Y	N	N	N	N	N	N	N	N	N	N	1.4582	1.2352	0.0000	3.1499	2.7454	0.0000	0.4396	6.5546	0.0000	0.8649	0.9888	0.0000	2.8710	3.0290	0.0000	0.0433	0.0512	0.0000	0.5931	0.8005	0.1248	0.9114	1.1033	0.0119	0.0984	0.0078	0.1852	0.0000	0.0691	-0.1743	-0.3106	6.9981	8.5400	25.9787	19.3759	0.3951	0.3951	0.0000	0.3811	0.3811	0.0000	0.0140	0.0140	0.0000	0.7888	0.7378	0.0509	0.7375	0.7358	0.0017	0.0512	0.0020	0.0492	0.4568	0.3996	0.0572	0.1327	0.1258	0.0069	0.3241	0.2738	0.0503	1.3299	0.9217	0.4082	0.8092	0.6669	0.1423	0.5207	0.2547	0.2660	1.4582	1.2352	0.0000	3.1499	2.7454	0.0000	0.4396	6.5546	0.0000	0.5931	0.8005	0.1248	0.9114	1.1033	0.0119	0.0984	0.0078	0.1852
37	54	0.5876	9	1	1	0	0	0	0	0	0	N	N	N	N	N	N	N	N	N	N	N	N	0.5714	0.5014	1.2976	1.4530	1.2724	0.0474	0.2800	0.0005	1.0130	1.2009	0.7239	4.6505	2.2125	2.3212	0.0025	0.7930	0.0003	5.2302	2.1016	1.4438	3.5839	1.5227	1.8242	0.0534	2.8323	0.6767	5.1632	0.8884	1.1016	0.0147	0.2088	6.9981	7.3474	25.9787	24.2346	0.5009	0.2653	0.2357	0.2652	0.2652	0.0000	0.2357	0.0001	0.2356	3.1733	1.5100	1.6633	1.2830	1.2753	0.0077	1.8903	0.2347	1.6557	0.4171	0.3665	0.0507	0.1199	0.1142	0.0056	0.2973	0.2522	0.0451	1.5100	1.0459	0.4641	0.8425	0.6991	0.1434	0.6674	0.3468	0.3207	0.5714	0.5014	1.2976	1.4530	1.2724	0.0474	0.2800	0.0005	1.0130	2.1016	1.4438	3.5839	1.5227	1.8242	0.0534	2.8323	0.6767	5.1632
37	55	0.5578	8	1	1	0	0	0	0	0	0	N	N	N	N	N	N	N	N	N	N	N	N	1.4940	0.0447	21.0554	0.0906	0.0805	0.0073	4.0830	0.0469	16.8610	1.7713	0.0617	14.6290	0.1473	0.1531	0.0004	2.5049	0.0148	16.2566	1.1856	1.3808	0.6948	1.6269	1.9028	0.0547	0.6135	0.3149	0.9642	31.5318	0.2001	0.2061	-0.4335	6.9981	3.4216	25.9787	15.9376	0.3902	0.0120	0.3782	0.0101	0.0101	0.0000	0.3801	0.0019	0.3782	1.4863	1.2385	0.2478	1.1514	1.1456	0.0058	0.3349	0.0929	0.2420	0.2203	0.1944	0.0259	0.0685	0.0660	0.0026	0.1517	0.1285	0.0233	1.2536	0.8969	0.3567	0.7077	0.6021	0.1057	0.5459	0.2949	0.2510	1.4940	0.0447	21.0554	0.0906	0.0805	0.0073	4.0830	0.0469	16.8610	1.1856	1.3808	0.6948	1.6269	1.9028	0.0547	0.6135	0.3149	0.9642
37	56	0.2745	4	1	2	0	0	0	0	0	0	N	Y	N	N	N	N	N	N	N	N	N	N	0.0300	1.0650	0.0000	0.1736	9.1281	0.0000	0.0002	0.0036	0.0000	0.0445	0.0520	0.0000	0.2320	0.2466	0.0000	0.0003	0.0003	0.0000	1.4857	0.0488	4.4141	1.3366	0.0270	6.9581	1.6397	0.0836	3.3659	0.0000	44.3580	-0.0010	0.9827	6.9981	0.9891	25.9787	20.6926	0.0022	0.0022	0.0000	0.0022	0.0022	0.0000	0.0000	0.0000	0.0000	1.8913	0.0417	1.8496	0.8649	0.0142	0.8508	1.0263	0.0275	0.9988	0.0486	0.0417	0.0070	0.0093	0.0087	0.0005	0.0393	0.0329	0.0064	1.2730	0.8540	0.4190	0.6471	0.5248	0.1223	0.6259	0.3292	0.2967	0.0300	1.0650	0.0000	0.1736	9.1281	0.0000	0.0002	0.0036	0.0000	1.4857	0.0488	4.4141	1.3366	0.0270	6.9581	1.6397	0.0836	3.3659
37	57	0.1540	3	1	1	0	0	0	0	0	0	N	N	N	N	N	N	N	N	N	N	N	N	0.0002	0.0000	0.0121	0.0000	0.0000	0.0000	0.0004	0.0000	0.0789	0.0004	0.0000	0.0027	0.0000	0.0000	0.0000	0.0004	0.0000	0.0028	2.1286	3.4365	0.2228	7.5770	8.2194	2.1420	1.2265	2.2706	0.0349	inf	0.0445	0.0001	-1.5085	6.9981	5.0326	25.9787	39.3193	0.0001	0.0000	0.0001	0.0000	0.0000	0.0000	0.0001	0.0000	0.0001	3.6281	3.4736	0.1545	1.9689	1.8364	0.1325	1.6592	1.6371	0.0221	0.2184	0.1850	0.0334	0.0100	0.0093	0.0007	0.2084	0.1758	0.0326	1.7044	1.0108	0.6937	0.3516	0.2898	0.0618	1.3528	0.7210	0.6318	0.0002	0.0000	0.0121	0.0000	0.0000	0.0000	0.0004	0.0000	0.0789	2.1286	3.4365	0.2228	5.5995	6.3374	2.1420	1.2265	2.2706	0.0349
37	58	0.1540	3	1	2	0	1	0	0	0	0	N	Y	N	N	N	N	N	N	N	N	N	N	1.6111	0.0000	19.9355	0.0000	0.0000	3.7407	0.0000	18.5548	4.6044	0.0000	30.1263	0.0000	0.0000	0.0000	4.8256	0.0000	30.8043	2.8580	3.7808	1.5112	19.1457	21.7827	0.0000	1.2900	0.9652	1.6602	inf	0.2739	0.5589	-1.1321	6.9981	5.0036	25.9787	36.7244	1.0000	0.0000	1.0000	0.0000	0.0000	0.0000	1.0000	0.0000	1.0000	4.6515	3.6515	1.0000	2.9890	2.9890	0.0000	1.6625	0.6625	1.0000	0.2172	0.1840	0.0332	0.0100	0.0092	0.0007	0.2072	0.1748	0.0325	1.6275	0.9658	0.6617	0.3388	0.2794	0.0594	1.2887	0.6864	0.6023	1.6111	0.0000	19.9355	0.0000	0.0000	0.0000	3.7407	0.0000	18.5548	2.8580	3.7808	1.5112	8.8221	10.6970	0.0000	1.2900	0.9652	1.6602	
37	59	0.5381	8	1	2	0	1	0	0	0	0	N	Y	N	N	N	N	N	N	N	N	N	N	0.0004	0.0006	0.0000	0.0001	0.0001	0.0000	0.0228	0.1715	0.0000	0.0004	0.0004	0.0000	0.0001	0.0002	0.0000	0.0005	0.0006	0.0000	0.9201	0.7126	1.4477	1.5608	1.0500	4.1198	0.0224	0.0035	0.0461	0.0000	0.7987	-0.0001	-0.0257	6.9981	10.4254	25.9787	21.2017	0.0002	0.0002	0.0000	0.0000	0.0000	0.0000	0.0002	0.0002	0.0000	1.7919	0.9962	0.7957	1.7737	0.9946	0.7791	0.0182	0.0016	0.0166	0.6147	0.5399	0.0748	0.2048	0.1946	0.0102	0.4099	0.3454	0.0646	1.9476	1.3979	0.5496	1.1364	0.9473	0.1891	0.8112	0.4506	0.3605	0.0004	0.0006	0.0000	0.0001	0.0001	0.0000	0.0228	0.1715	0.0000	0.9201	0.7126	1.4477	1.5608	1.0500	4.1198	0.0224	0.0035	0.0461
37	60	0.1234	2	2	1	1	0	0	0	0	0	Y	N	N	N	N	N	N	N	N	N	N	N	0.0000	0.0000	0.0000	0.0000	0.0000	0.0000	0.0000	0.0000	0.0000	0.0000	0.0000	0.0000	0.0000	0.0000	0.0000	0.0000	0.0000	0.0064	0.0000	0.0155	0.0021	0.0000	0.0218	0.0069	0.0000	0.0153	52879.9020	0.0000	0.0008	6.9981	1.9981	25.9787	3.0867	0.0000	0.0000	0.0000	0.0000	0.0000	0.0000	0.0000	0.0000	0.0000	0.0016	0.0000	0.0016	0.0001	0.0000	0.0001	0.0015	0.0000	0.0015	0.0959	0.0813	0.0146	0.0025	0.0024	0.0002	0.0933	0.0789	0.0144	0.2448	0.1437	0.1011	0.0270	0.0244	0.0026	0.2177	0.1192	0.0985	0.0000	0.0000	0.0000	0.0000	0.0000	0.0000	0.0000	0.0000	0.0000	0.0064	0.0000	0.0155	0.0021	0.0000	0.0218	0.0069	0.0000	0.0153		
37	62	0.0995	2	2	1	1	0	0	0	0	0	Y	N	N	N	N	N	N	N	N	N	N	N	0.0022	3.4131	0.0000	0.9431	1.1281	0.0000	0.0000	0.0000	0.0082	0.0095	0.0000	0.0211	0.0211	0.0000	0.0000	0.0000	0.0000	3.7667	0.0028	12.9898	0.0223	0.0187	0.0894	4.1270	0.0000	9.6951	0.0000	2412.9468	-0.0000	1.6103	6.9981	0.0060	25.9787	17.2393	0.0000	0.0000	0.0000	0.0000	0.0000	0.0000	0.0000	0.0000	0.0000	2.9754	0.0012	2.9742	0.0015	0.0012	0.0003	2.9739	0.0000	2.9739	0.0012	0.0011	0.0002	0.0005	0.0005	0.0000	0.0007	0.0006	0.0002	0.7899	0.4442	0.3457	0.0693	0.0658	0.0035	0.7206	0.3785	0.3421	0.0022	3.4131	0.0000	0.9431	1.1281	0.0000	0.0000	0.0000	0.0000	3.7667	0.0028	8.6040	0.0223	0.0187	0.0894	4.1270	0.0000	8.6920	
37	63	0.1908	4	1	1	1	0	0	0	0	0	N	N	N	N	N	N	N	N	N	N	N	N	0.0000	0.0000	0.0000	0.0000	0.0000	0.0000	0.0000	0.0000	0.0000	0.0000	0.0000	0.0000	0.0000	0.0000	0.0000	0.0000	0.0000	0.0000	1.8569	1.9760	1.5991	0.9809	0.7368	2.2466	2.6108	3.5984	1.3984	0.3739	0.0000	-0.3968	6.9981	1.0230	25.9787	12.1924	0.0000	0.0000	0.0000	0.0000	0.0000	0.0000	0.0000	0.0000	0.0000	2.1309	1.5510	0.5799	0.5206	0.3279	0.1927	1.6103	1.2231	0.3872	0.0723	0.0631	0.0092	0.0184	0.0178	0.0006	0.0539	0.0452	0.0086	1.1476	0.7849	0.3627	0.5308	0.4450	0.0858	0.6168	0.3399	0.2769	0.0000	0.0000	0.0000	0.0000	0.0000	0.0000	0.0000	0.0000	0.0000	1.8569	1.9760	1.5991	0.9809	0.7368	2.2466	2.6108	3.5984	1.3984	
37	64	0.1540	3	1	1	0	0	0	0	0	0	N	N	N	N	N	N	N	N	N	N	N	N	0.0001	0.0000	0.0000	0.0000	0.0000	0.0000	0.0001	0.0001	0.0000	0.0002	0.0002	0.0000	0.0000	0.0000	0.0000	0.0002	0.0002	0.0000	3.6378	6.6813	0.4630	17.7732	19.3458	0.2618	1.9782	3.3224	0.4864	0.0000	0.0529	-0.0000	-1.0919	6.9981	2.4556	25.9787	12.4191	0.0000	0.0000	0.0000	0.0000	0.0000	0.0000	0.0000	0.0000	0.0000	2.6751	2.5408	0.1343	1.5902	1.5823	0.0079	1.0849	0.9585	0.1264	0.1081	0.0915	0.0166	0.0051	0.0047	0.0004	0.1030	0.0868	0.0162	0.7354	0.4452	0.2902	0.1869	0.1567	0.0302	0.5485	0.2885	0.2600	0.0001	0.0000	0.0000	0.0000	0.0000	0.0000	0.0001	0.0001	0.0000	3.6378	5.7067	0.4630	8.5070	10.0956	0.2618	1.9782	3.3224	0.4864
37	65	0.2764	5	1	2	0	0	0	0	0	0	N	Y	N	N	N	N	N	N	N	N	N	N	0.0000	0.0000	0.0000	0.0000	0.0000	0.0000	0.0000	0.0000	0.0000	0.0000	0.0000	0.0000	0.0000	0.0000	0.0000	0.0000	0.0000	0.0000	2.1761	0.9808	4.7071	1.5752	1.8344	0.0048	2.6079	0.0242	5.7724	2.2666	0.0000	0.3352	6.9981	1.7555	25.9787	11.9300	0.0000	0.0000	0.0000	0.0000	0.0000	0.0000	0.0000	0.0000	0.0000	1.4233	0.4357	0.9876	0.4308	0.4307	0.0002	0.9924	0.0051	0.9874	0.0963	0.0831	0.0132	0.0287	0.0263	0.0024	0.0676	0.0568	0.0108	0.6541	0.4443	0.2098	0.2735	0.2348	0.0388	0.3805	0.2095	0.1711	0.0000	0.0000	0.0000	0.0000	0.0000	0.0000	0.0000	0.0000	0.0000	2.1761	0.9808	4.7071	1.5752	1.8344	0.0048	2.6079	0.0242	5.7724	
37	66	0.1517	5	2	2	1	0	0	0	0	0	Y	Y	N	N	N	N	N	N	N	N	N	N	0.0000	0.0000	0.0000	0.0000	0.0000	0.0000	0.0000	0.0000	0.0000	0.0000	0.0000	0.0000	0.0000	0.0000	0.0000	0.0000	0.0000	0.0000	0.0000	0.0000	6.9981	0.0000	25.9787	0.0000	0.0000	0.0000	0.0000	0.0000	0.0000	0.0000	0.0000	0.0000	0.0000	0.0000	0.0000	0.0000	0.0000	0.0000	0.0000	0.0000	0.0000	0.0000	0.0000	0.0000	0.0000	0.0000	0.0000	0.0000	0.0000	0.0000	0.0000	0.0000	0.0000	0.0000	0.0000	0.0000	0.0000	0.0000	0.0000	0.0000	0.0000	0.0000	0.0000	0.0000	0.0000	0.0000	0.0000	0.0000	0.0000	0.0000	0.0000	0.0000	0.0000	0.0000	0.0000	0.0000	0.0000	0.0000											
37	67	0.7599	10	2	2	1	0	0	0	0	0	Y	Y	N	N	N	N	N	N	N	N	N	N	inf	inf	inf	inf	25.8174	29.7927	0.0000	0.0000	0.0000	0.0000	34.4403	40.6080	0.0000	0.0000	0.0000	0.0000	0.0000	0.0000	0.0000	0.0000	0.0000	0.0000	0.0000	-0.4411	0.0000	6.9981	1.0000	25.9787	3.0000	1.0000	1.0000	0.0000	0.0000	0.0000	0.0000	1.0000	1.0000	0.0000	0.0000	0.0000	0.0000	0.0000	0.0000	0.0000	0.0000	0.0000	0.0000	0.0387	0.0336	0.0052	0.0097	0.0089	0.0008	0.0290	0.0246	0.0044	0.1363	0.0945	0.0418	0.0875	0.0686	0.0190	0.0488	0.0259	0.0229	inf	inf	0.0000	0.0000	0.0000	0.0000	inf	inf	0.0000	0.0000	0.0000	0.0000	0.0000	0.0000	0.0000	0.0000	0.0000	0.0000						
37	68	0.1517	5	2	2	1	0	0	0	0	0	Y	Y	N	N	N	N	N	N	N	N	N	N	0.0000	0.0000	0.0000	0.0000	0.0000	0.0000	0.0000	0.0000	0.0000	0.0000	0.0000	0.0000	0.0000	0.0000	0.0000	0.0000	0.0000	0.0000	0.0000	0.0000	6.9981	1.0000	25.9787	0.0000	0.0000	0.0000	0.0000	0.0000	0.0000	0.0000	0.0000	0.0000	0.0000	0.0000	0.0000	0.0000	0.0000	0.0000	0.0000	0.0000	0.0000	0.0000	0.0476	0.0402	0.0074	0.0015	0.0014	0.0001	0.0461	0.0388	0.0073	0.0449	0.0260	0.0189	0.0089	0.0072	0.0017	0.0360	0.0188	0.0172	0.0000	0.0000	0.0000	0.0000	0.0000	0.0000	0.0000	0.0000	0.0000	0.0000	0.0000	0.0000	0.0000	0.0000	0.0000	0.0000	0.0000	0.0000											
37	69	0.1352	4	2	2	1	0	0	0	0	0	Y	Y	N	N	N	N	N	N	N	N	N	N	0.0000	0.0000	0.0000	0.0000	0.0000	0.0000	0.0000	0.0000	0.0000	0.0000	0.0000	0.0000	0.0000	0.0000	0.0000	0.0000	0.0000	0.0000	0.0238	0.0004	0.0614	0.0015	0.0008	0.0069	0.0292	0.0002	0.0650	97.0519	0.0000	0.0045	6.9981	1.0155	25.9787	5.9708	0.0000	0.0000	0.0000	0.0000	0.0000	0.0000	0.0000	0.0000	0.0000	0.0086	0.0001	0.0085	0.0001	0.0000	0.0001	0.0084	0.0000	0.0084	0.0513	0.0436	0.0078	0.0029	0.0028	0.0001	0.0484	0.0408	0.0077	0.3600	0.2221	0.1380	0.0704	0.0618	0.0086	0.2896	0.1603	0.1293	0.0000	0.0000	0.0000	0.0000	0.0000	0.0000	0.0000	0.0000	0.0000	0.0238	0.0004	0.0614	0.0015	0.0008	0.0069	0.0292	0.0002	0.0650	
37	70	0.1305	3	2	1	1	0	0	0	0	0	Y	N	N	N	N	N	N	N	N	N	N	N	0.1300	0.0000	0.3746	0.0000	0.0000	0.0000	0.1319	0.0000	0.3646	0.0793	0.0000	0.6806	0.0000	0.0000	0.0000	0.1165	0.0000	0.6860	0.6100	0.0678	1.8170	0.1170	0.1033	0.4532	0.8830	0.0328	1.8815	inf	12.0398	0.0002	0.0737	6.9981	0.0406	25.9787	2.3361	0.0004	0.0000	0.0004	0.0000	0.0000	0.0000	0.0004	0.0000	0.0004	0.1586	0.0122	0.1465	0.0108	0.0092	0.0016	0.1478	0.0030	0.1448	0.0050	0.0045	0.0006	0.0016	0.0016	0.0000	0.0034	0.0029	0.0006	0.2600	0.1794	0.0806	0.0927	0.0890	0.0036	0.1673	0.0904	0.0770	0.1300	0.0000	0.3746	0.0000	0.0000	0.0000	0.1319	0.0000	0.3646	0.6100	0.0678	1.8170	0.1170	0.1033	0.4532	0.8830	0.0328	1.8815
37	71	0.7599	10	2	2	1	0	0	0	0	0	Y	Y	N	N	N	N	N	N	N	N	N	N	0.0000	0.0000	0.0000	0.0000	0.0000	0.0000	0.0000	0.0000	0.0000	0.0000	0.0000	0.0000	0.0000	0.0000	0.0000	0.0000	0.0000	0.0000	0.0000	0.0000	6.9981	0.0000	25.9787	0.0000	0.0000	0.0000	0.0000	0.0000	0.0000	0.0000	0.0000	0.0000	0.0000	0.0000	0.0000	0.0000	0.0000	0.0000	0.0000	0.0000	0.0000	0.0000	0.0000	0.0000	0.0000	0.0000	0.0000	0.0000	0.0000	0.0000	0.0000	0.0000	0.0000	0.0000	0.0000	0.0000	0.0000	0.0000	0.0000	0.0000	0.0000	0.0000	0.0000	0.0000	0.0000	0.0000	0.0000	0.0000	0.0000	0.0000	0.0000	0.0000	0.0000	0.0000	0.0000	0.0000	0.0000	0.0000											
37	72	0.7419	9	2	2	1	0	0	0	0	0	Y	Y	N	N	N	N	N	N	N	N	N	N	2.9329	0.0000	14.0780	0.0000	0.0000	0.0000	2.1793	0.0000	25.1350	0.0028	0.0000	0.0213	0.0000	0.0000	0.0000	0.0039	0.0000	0.0250	0.0010	0.0007	0.0015	0.0007	0.0003	0.0019	0.0018	0.0025	0.0010	inf	0.9017	0.0003	0.0000	6.9981	3.9057	25.9787	1.1104	0.0005	0.0000	0.0005	0.0000	0.0000	0.0000	0.0005	0.0000	0.0005	0.0002	0.0001	0.0001	0.0001	0.0000	0.0001	0.0001	0.0001	0.0000	0.1723	0.1498	0.0225	0.0480	0.0447	0.0033	0.1243	0.1050	0.0192	0.2439	0.1714	0.0725	0.1792	0.1369	0.0423	0.0648	0.0345	0.0302	2.9329	0.0000	14.0780	0.0000	0.0000	0.0000	2.1793	0.0000	25.1350	0.0010	0.0007	0.0015	0.0007	0.0003	0.0019	0.0018	0.0025	0.0010
37	73	0.5391	7	2	2	0	0	0	0	0	0	Y	Y	N	N	N	N	N	N	N	N	N	N	0.0000	0.0000	0.0000	0.0015	0.0236	0.0000	0.0000	0.0000	0.0000	0.0001	0.0001	0.0000	0.0003	0.0003	0.0000	0.0000	0.0000	0.0000	2.9143	2.6421	3.5391	0.1730	0.0120	0.9631	6.3624	7.8497	4.7004	0.0000	0.5835	-0.0000	-0.2832	6.9981	6.9070	25.9787	16.5673	0.0001	0.0001	0.0000	0.0001	0.0001	0.0000	0.0000	0.0000	0.0000	3.1509	1.9898	1.1611	0.1042	0.0060	0.0982	3.0467	1.9837	1.0629	0.5336	0.4662	0.0674	0.2333	0.2109	0.0223	0.3003	0.2553	0.0450	1.0812	0.7531	0.3281	0.6023	0.5004	0.1019	0.4789	0.2527	0.2261	0.0000	0.0000	0.0000	0.0015	0.0236	0.0000	0.0000	0.0000	0.0000	2.9143	2.6421	3.5391	0.1730	0.0120	0.9631	6.3624	7.8497	4.7004
37	74	0.6030	9	1	2	0	1	0	0	0	0	N	Y	N	N	N	N	N	N	N	N	N	N	389.7213	0.0197	54387.7215	0.3444	0.1025	34.3172	420.3184	0.0000	101203.3441	3.1898	0.0002	22.9862	0.0024	0.0009	0.0244	4.2174	0.0000	25.9972	0.0082	0.0115	0.0004	0.0070	0.0084	0.0007	0.0100	0.0195	0.0003	16283.9047	0.0159	0.5459	-0.0037	6.9981	6.4226	25.9787	19.3377	0.9768	0.0001	0.9767	0.0002	0.0001	0.0001	0.9766	0.0000	0.9766	0.0083	0.0082	0.0001	0.0043	0.0043	0.0001	0.0040	0.0039	0.0001	0.3062	0.2637	0.0425	0.0747	0.0697	0.0049	0.2316	0.1940	0.0376	1.0161	0.7090	0.3070	0.6195	0.5071	0.1124	0.3966	0.2019	0.1947	389.7213	0.0197	54387.7215	0.3444	0.1025	34.3172	420.3184	0.0000	101203.3441	0.0082	0.0115	0.0004	0.0070	0.0084	0.0007	0.0100	0.0195	0.0003
37	75	0.5578	8	1	1	0	1	0	0	0	0	N	N	N	N	N	N	N	N	N	N	N	N	0.3420	0.0944	64.3550	0.3209	0.2848	0.0847	0.4607	0.0019	64.0654	0.1176	0.0453	0.6386	0.1364	0.1429	0.0006	0.1101	0.0008	0.7150	0.3440	0.4794	0.0099	0.4250	0.5017	0.0071	0.2389	0.4340	0.0112	1.9593	0.0084	0.0077	-0.2080	6.9981	5.1932	25.9787	17.4397	0.0350	0.0118	0.0231	0.0117	0.0117	0.0000	0.0233	0.0001	0.0231	0.4622	0.4583	0.0038	0.3225	0.3217	0.0008	0.1397	0.1367	0.0030	0.2972	0.2609	0.0362	0.0855	0.0816	0.0039	0.2117	0.1793	0.0324	1.3435	0.9561	0.3874	0.7588	0.6412	0.1175	0.5847	0.3149	0.2699	0.3420	0.0944	64.3550	0.3209	0.2848	0.0847	0.4607	0.0019	64.0654	0.3440	0.4794	0.0099	0.4250	0.5017	0.0071	0.2389	0.4340	0.0112
37	76	0.5208	7	1	1	0	0	0	0	0	0	N	N	N	N	N	N	N	N	N	N	N	N	0.0780	0.0262	1.6703	0.0499	0.0448	0.0060	0.2542	0.0344	1.6170	0.0755	0.0328	0.3663	0.0721	0.0756	0.0009	0.0770	0.0117	0.4117	0.9681	1.2530	0.2193	1.4439	1.6854	0.1484	0.3029	0.3411	0.2546	1.6431	0.0666	0.0036	-0.6033	6.9981	4.4918	25.9787	17.5337	0.0200	0.0076	0.0125	0.0058	0.0058	0.0000	0.0143	0.0018	0.0124	1.5237	1.4286	0.0951	1.3249	1.3035	0.0214	0.1988	0.1251	0.0737	0.2652	0.2312	0.0340	0.0800	0.0762	0.0038	0.1853	0.1550	0.0302	1.5739	1.1401	0.4338	0.9176	0.7734	0.1441	0.6563	0.3667	0.2896	0.0780	0.0262	1.6703	0.0499	0.0448	0.0060	0.2542	0.0344	1.6170	0.9681	1.2530	0.2193	1.4439	1.6854	0.1484	0.3029	0.3411	0.2546
37	77	0.2499	6	1	1	0	1	0	0	0	0	N	N	N	N	N	N	N	N	N	N	N	N	0.0000	0.0000	0.0000	0.0000	0.0000	0.0000	0.0000	0.0000	0.0000	0.0000	0.0000	0.0000	0.0000	0.0000	0.0000	0.0000	0.0000	0.0000	2.8508	4.2857	0.0032	0.2421	0.2851	0.0069	4.6236	8.5220	0.0023	0.0004	0.0000	-0.9320	6.9981	0.3745	25.9787	14.7996	0.0000	0.0000	0.0000	0.0000	0.0000	0.0000	0.0000	0.0000	0.0000	2.0349	2.0341	0.0008	0.0699	0.0696	0.0003	1.9649	1.9645	0.0005	0.0234	0.0207	0.0027	0.0053	0.0052	0.0002	0.0180	0.0156	0.0025	0.7138	0.4746	0.2392	0.2888	0.2441	0.0447	0.4250	0.2305	0.1945	0.0000	0.0000	0.0000	0.0000	0.0000	0.0000	0.0000	0.0000	0.0000	2.8508	4.2857	0.0032	0.2421	0.2851	0.0069	4.6236	8.5220	0.0023	
37	78	0.2276	5	1	1	0	1	0	0	0	0	N	N	N	N	N	N	N	N	N	N	N	N	0.0000	0.0000	0.0000	0.0000	0.0000	0.0000	0.0000	0.0000	0.0000	0.0000	0.0000	0.0000	0.0000	0.0000	0.0000	0.0000	0.0000	0.0000	2.3705	3.3243	0.4730	0.4389	0.4328	0.4699	3.7407	6.4699	0.4738	0.0715	0.0000	-0.6191	6.9981	1.4595	25.9787	10.3922	0.0000	0.0000	0.0000	0.0000	0.0000	0.0000	0.0000	0.0000	0.0000	1.5809	1.4753	0.1055	0.1215	0.1001	0.0214	1.4594	1.3753	0.0841	0.0743	0.0641	0.0103	0.0106	0.0100	0.0006	0.0637	0.0540	0.0097	0.6669	0.4438	0.2231	0.2767	0.2312	0.0455	0.3901	0.2126	0.1776	0.0000	0.0000	0.0000	0.0000	0.0000	0.0000	0.0000	0.0000	0.0000	2.3705	3.3243	0.4730	0.4389	0.4328	0.4699	3.7407	6.4699	0.4738	
37	79	0.2135	4	1	1	0	1	0	0	0	0	N	N	N	N	N	N	N	N	N	N	N	N	0.0000	0.0000	0.0000	0.0000	0.0000	0.0000	0.0000	0.0000	0.0000	0.0000	0.0000	0.0000	0.0000	0.0000	0.0000	0.0000	0.0000	0.0000	1.5741	2.0576	0.5809	1.8918	2.1472	0.4685	1.3245	1.9459	0.6099	0.1375	0.0000	-0.2742	6.9981	1.3861	25.9787	6.3168	0.0000	0.0000	0.0000	0.0000	0.0000	0.0000	0.0000	0.0000	0.0000	0.8123	0.7142	0.0982	0.4295	0.4133	0.0162	0.3828	0.3008	0.0820	0.0652	0.0555	0.0097	0.0074	0.0068	0.0006	0.0578	0.0487	0.0092	0.5161	0.3471	0.1690	0.2270	0.1925	0.0346	0.2890	0.1546	0.1344	0.0000	0.0000	0.0000	0.0000	0.0000	0.0000	0.0000	0.0000	0.0000	1.5741	2.0576	0.5809	1.8918	2.1472	0.4685	1.3245	1.9459	0.6099	
37	80	0.1540	3	1	1	0	1	0	0	0	0	N	N	N	N	N	N	N	N	N	N	N	N	0.0000	0.0000	0.0000	0.0000	0.0000	0.0000	0.0000	0.0000	0.0000	0.0000	0.0000	0.0000	0.0000	0.0000	0.0000	0.0000	0.0000	0.0000	3.5255	4.1637	2.5741	15.9487	18.0771	0.9901	2.1307	1.5863	2.7427	0.4147	0.0000	-0.6158	6.9981	4.0043	25.9787	19.8631	0.0000	0.0000	0.0000	0.0000	0.0000	0.0000	0.0000	0.0000	0.0000	3.7262	2.6340	1.0922	1.9905	1.9501	0.0404	1.7357	0.6839	1.0518	0.1747	0.1480	0.0267	0.0080	0.0075	0.0006	0.1666	0.1405	0.0262	1.0569	0.6326	0.4243	0.2423	0.2015	0.0408	0.8146	0.4311	0.3835	0.0000	0.0000	0.0000	0.0000	0.0000	0.0000	0.0000	0.0000	0.0000	3.5255	4.1637	2.5741	8.2148	9.6794	0.9901	2.1307	1.5863	2.7427	
37	81	0.6946	9	1	2	1	0	0	0	0	0	N	Y	N	N	N	N	N	N	N	N	N	N	11.5383	33.7394	0.0000	22.3875	55.5731	0.0000	0.1918	inf	0.0000	0.0162	0.0185	0.0000	0.0388	0.0416	0.0000	0.0002	0.0002	0.0000	0.0014	0.0005	0.0033	0.0017	0.0007	0.0056	0.0008	0.0000	0.0017	0.0000	2.6999	-0.0008	0.0001	6.9981	2.0162	25.9787	4.5500	0.0017	0.0017	0.0000	0.0017	0.0017	0.0000	0.0000	0.0000	0.0000	0.0004	0.0001	0.0003	0.0003	0.0001	0.0002	0.0001	0.0000	0.0001	0.1076	0.0941	0.0135	0.0446	0.0416	0.0030	0.0630	0.0526	0.0105	0.2641	0.1825	0.0816	0.1674	0.1336	0.0338	0.0967	0.0490	0.0478	11.5383	33.7394	0.0000	22.3875	55.5731	0.0000	0.1918	inf	0.0000	0.0014	0.0005	0.0033	0.0017	0.0007	0.0056	0.0008	0.0000	0.0017
37	82	0.1142	3	1	2	1	0	0	0	0	0	N	Y	N	N	N	N	N	N	N	N	N	N	0.0000	0.0000	0.0000	0.0000	0.0000	0.0000	0.0000	0.0000	0.0000	0.0000	0.0000	0.0000	0.0000	0.0000	0.0000	0.0000	0.0000	0.0000	0.6571	0.9967	0.1807	0.4666	0.4799	0.0368	0.7133	1.3116	0.1831	0.1292	0.0000	-0.1077	6.9981	3.0011	25.9787	3.7015	0.0000	0.0000	0.0000	0.0000	0.0000	0.0000	0.0000	0.0000	0.0000	0.3130	0.2772	0.0358	0.0507	0.0505	0.0001	0.2624	0.2267	0.0357	0.1433	0.1209	0.0224	0.0014	0.0013	0.0001	0.1419	0.1196	0.0223	0.4764	0.2781	0.1983	0.1086	0.1053	0.0033	0.3678	0.1728	0.1950	0.0000	0.0000	0.0000	0.0000	0.0000	0.0000	0.0000	0.0000	0.0000	0.6571	0.9967	0.1807	0.4666	0.4799	0.0368	0.7133	1.3116	0.1831	
37	83	0.1027	2	1	2	0	0	0	0	0	0	N	Y	N	N	N	N	N	N	N	N	N	N	0.0000	0.0000	0.0000	0.0000	0.0000	0.0000	0.0000	0.0000	0.0000	0.0000	0.0000	0.0000	0.0000	0.0000	0.0000	0.0000	0.0000	0.0000	2.3586	1.5076	3.6569	2.0953	2.1127	0.3225	2.4749	0.8976	3.6822	1.5900	0.0000	0.2409	6.9981	2.0032	25.9787	4.2039	0.0000	0.0000	0.0000	0.0000	0.0000	0.0000	0.0000	0.0000	0.0000	1.5486	0.5979	0.9507	0.4213	0.4207	0.0006	1.1273	0.1773	0.9501	0.0966	0.0815	0.0151	0.0006	0.0006	0.0000	0.0960	0.0809	0.0151	0.6566	0.3966	0.2600	0.2011	0.1991	0.0020	0.4555	0.1975	0.2580	0.0000	0.0000	0.0000	0.0000	0.0000	0.0000	0.0000	0.0000	0.0000	2.3586	1.5076	3.6569	2.0953	2.1127	0.3225	2.4749	0.8976	3.6822	
37	84	0.0995	2	2	1	1	0	0	0	0	0	Y	N	N	N	N	N	N	N	N	N	N	N	0.0021	0.0019	0.0000	0.0140	0.0146	0.0000	0.0000	0.0000	0.0002	0.0002	0.0000	0.0079	0.0084	0.0000	0.0000	0.0000	0.0000	0.0948	0.1281	0.0507	0.5644	0.5784	0.1344	0.0245	0.0000	0.0499	0.0000	0.2995	-0.0000	-0.0069	6.9981	1.0052	25.9787	4.9545	0.0000	0.0000	0.0000	0.0000	0.0000	0.0000	0.0000	0.0000	0.0000	0.0303	0.0233	0.0070	0.0235	0.0233	0.0002	0.0068	0.0000	0.0068	0.0494	0.0417	0.0077	0.0013	0.0012	0.0001	0.0481	0.0405	0.0076	0.3191	0.1817	0.1374	0.0416	0.0402	0.0013	0.2775	0.1415	0.1361	0.0021	0.0019	0.0000	0.0140	0.0146	0.0000	0.0000	0.0000	0.0000	0.0948	0.1281	0.0507	0.5644	0.5784	0.1344	0.0245	0.0000	0.0499	
37	86	0.2480	4	2	2	0	0	0	0	0	0	Y	Y	N	N	N	N	N	N	N	N	N	N	132.3830	0.0560	190398.1223	0.2596	0.2204	27.9104	396.9903	0.0000	inf	3.0817	0.0019	19.8407	0.0114	0.0113	0.0149	3.5933	0.0000	20.3860	0.0233	0.0332	0.0001	0.0440	0.0514	0.0005	0.0091	0.0153	0.0000	1959.7670	0.0013	0.5573	-0.0101	6.9981	5.8060	25.9787	6.1034	0.9981	0.0005	0.9976	0.0005	0.0005	0.0000	0.9976	0.0000	0.9976	0.0220	0.0220	0.0000	0.0169	0.0169	0.0000	0.0051	0.0051	0.0000	0.3239	0.2736	0.0503	0.0463	0.0449	0.0013	0.2776	0.2287	0.0489	0.9460	0.6617	0.2844	0.3846	0.3289	0.0557	0.5615	0.3328	0.2287	132.3830	0.0560	190398.1223	0.2596	0.2204	27.9104	396.9903	0.0000	inf	0.0233	0.0332	0.0001	0.0440	0.0514	0.0005	0.0091	0.0153	0.0000
37	87	0.1540	3	2	2	0	0	0	0	0	0	Y	Y	N	N	N	N	N	N	N	N	N	N	0.6007	0.4230	0.6479	4.4749	3.8434	0.0000	0.0031	0.0000	0.6174	1.4837	1.7423	0.0311	32.6669	35.2847	0.0000	0.0050	0.0000	0.0318	2.4702	4.1192	0.0480	7.3001	9.1807	0.0133	1.6215	3.0060	0.0515	0.0032	0.0079	-0.3349	-1.5481	6.9981	12.2869	25.9787	21.7146	0.7647	0.7623	0.0024	0.7622	0.7622	0.0000	0.0024	0.0000	0.0024	3.4363	3.4093	0.0270	1.6657	1.6650	0.0007	1.7707	1.7443	0.0263	0.5154	0.4375	0.0779	0.0233	0.0216	0.0017	0.4920	0.4159	0.0762	1.3911	0.8277	0.5635	0.2991	0.2474	0.0518	1.0920	0.5803	0.5117	0.6007	0.4230	0.6479	5.8666	5.2423	0.0000	0.0031	0.0000	0.6174	2.4702	4.1192	0.0480	5.5683	6.7307	0.0133	1.6215	3.0060	0.0515
37	88	0.1027	2	1	2	0	0	0	0	0	0	N	Y	N	N	N	N	N	N	N	N	N	N	0.0000	0.0000	0.0000	0.0000	0.0000	0.0000	0.0000	0.0000	0.0000	0.0000	0.0000	0.0000	0.0000	0.0000	0.0000	0.0000	0.0000	0.0000	0.9527	0.6569	1.3799	0.6470	0.6552	0.2013	1.0410	0.6579	1.3916	1.4545	0.0000	0.1200	6.9981	4.0005	25.9787	9.0093	0.0000	0.0000	0.0000	0.0000	0.0000	0.0000	0.0000	0.0000	0.0000	0.8944	0.3644	0.5300	0.1362	0.1354	0.0008	0.7582	0.2290	0.5292	0.1908	0.1610	0.0298	0.0012	0.0011	0.0001	0.1897	0.1599	0.0297	0.9388	0.5547	0.3841	0.2104	0.2066	0.0038	0.7283	0.3481	0.3803	0.0000	0.0000	0.0000	0.0000	0.0000	0.0000	0.0000	0.0000	0.0000	0.9527	0.6569	1.3799	0.6470	0.6552	0.2013	1.0410	0.6579	1.3916	
37	90	0.2764	5	1	1	1	0	0	0	0	0	N	N	N	N	N	N	N	N	N	N	N	N	0.0000	0.0000	0.0000	0.0000	0.0000	0.0000	0.0000	0.0000	0.0000	0.0000	0.0000	0.0000	0.0000	0.0000	0.0000	0.0000	0.0000	0.0000	1.1913	0.0770	3.7095	0.1040	0.1164	0.0199	2.0051	0.0311	4.5126	21.3173	0.0000	0.3014	6.9981	2.3559	25.9787	7.1930	0.0000	0.0000	0.0000	0.0000	0.0000	0.0000	0.0000	0.0000	0.0000	0.6066	0.0272	0.5794	0.0227	0.0221	0.0006	0.5839	0.0051	0.5789	0.1234	0.1063	0.0171	0.0334	0.0307	0.0028	0.0899	0.0756	0.0143	0.5092	0.3530	0.1562	0.2180	0.1901	0.0279	0.2912	0.1629	0.1283	0.0000	0.0000	0.0000	0.0000	0.0000	0.0000	0.0000	0.0000	0.0000	1.1913	0.0770	3.7095	0.1040	0.1164	0.0199	2.0051	0.0311	4.5126	
37	91	0.2436	4	1	1	0	0	0	0	0	0	N	N	N	N	N	N	N	N	N	N	N	N	0.0184	0.0185	0.0000	0.0591	0.0541	0.0000	0.0000	0.0000	0.0000	0.0202	0.0231	0.0000	0.0693	0.0720	0.0000	0.0000	0.0000	0.0000	1.0986	1.2459	0.7287	1.1738	1.3318	0.0746	1.0233	1.1103	0.9143	0.0000	0.2328	-0.0033	-0.4208	6.9981	4.9284	25.9787	11.0439	0.0075	0.0075	0.0000	0.0075	0.0075	0.0000	0.0000	0.0000	0.0000	1.5614	1.2665	0.2949	0.8352	0.8285	0.0067	0.7262	0.4380	0.2882	0.3690	0.3237	0.0453	0.1077	0.1037	0.0041	0.2613	0.2200	0.0412	1.4212	1.0166	0.4047	0.7115	0.6221	0.0894	0.7097	0.3945	0.3152	0.0184	0.0185	0.0000	0.0591	0.0541	0.0000	0.0000	0.0000	0.0000	1.0986	1.2459	0.7287	1.1738	1.3318	0.0746	1.0233	1.1103	0.9143
37	92	0.1540	3	1	1	0	0	0	0	0	0	N	N	N	N	N	N	N	N	N	N	N	N	0.0189	0.0222	0.0026	0.0000	0.0000	0.0000	0.0271	0.0563	0.0025	0.0436	0.0504	0.0061	0.0000	0.0000	0.0000	0.0458	0.0531	0.0063	2.3105	2.2696	2.3707	4.5792	5.3602	0.8268	1.6862	0.9438	2.5274	0.0219	0.7105	-0.0031	-0.1354	6.9981	3.9161	25.9787	29.2065	0.0075	0.0073	0.0002	0.0000	0.0000	0.0000	0.0075	0.0073	0.0002	3.1499	1.8415	1.3084	1.3476	1.3056	0.0420	1.8022	0.5359	1.2663	0.1709	0.1448	0.0262	0.0079	0.0073	0.0006	0.1630	0.1375	0.0256	1.3633	0.8114	0.5519	0.2944	0.2436	0.0509	1.0688	0.5678	0.5010	0.0189	0.0222	0.0026	0.0000	0.0000	0.0000	0.0271	0.0563	0.0025	2.3105	2.2696	2.3707	4.5771	5.3602	0.8268	1.6862	0.9438	2.5274
37	93	0.6946	9	2	2	0	0	0	0	0	0	Y	Y	N	N	N	N	N	N	N	N	N	N	0.8968	0.8852	0.0522	3.1660	4.1976	0.0000	0.0095	0.0032	0.1636	0.0162	0.0184	0.0006	0.0392	0.0421	0.0000	0.0003	0.0002	0.0008	0.0180	0.0208	0.0119	0.0124	0.0100	0.0210	0.0278	0.0491	0.0049	0.0049	0.2593	-0.0009	-0.0016	6.9981	2.5103	25.9787	7.4742	0.0021	0.0021	0.0000	0.0020	0.0020	0.0000	0.0000	0.0000	0.0000	0.0064	0.0051	0.0013	0.0028	0.0018	0.0010	0.0036	0.0033	0.0003	0.1281	0.1120	0.0161	0.0523	0.0486	0.0036	0.0758	0.0633	0.0124	0.3564	0.2455	0.1109	0.2262	0.1780	0.0482	0.1302	0.0675	0.0627	0.8968	0.8852	0.0522	3.1660	4.1976	0.0000	0.0095	0.0032	0.1636	0.0180	0.0208	0.0119	0.0124	0.0100	0.0210	0.0278	0.0491	0.0049
37	94	0.6583	8	1	2	0	0	0	0	0	0	N	Y	N	N	N	N	N	N	N	N	N	N	136.9800	114.8691	0.9680	269.2559	231.2312	4.8975	0.0943	0.0791	0.0001	2.4875	2.8163	0.0032	6.6104	6.9920	0.0180	0.0005	0.0006	0.0000	0.0182	0.0245	0.0033	0.0246	0.0302	0.0037	0.0054	0.0077	0.0029	0.0001	0.0569	-0.4449	-0.0033	6.9981	7.1305	25.9787	3.2426	1.0089	1.0087	0.0001	1.0087	1.0086	0.0001	0.0001	0.0001	0.0000	0.0082	0.0078	0.0004	0.0074	0.0072	0.0002	0.0008	0.0006	0.0002	0.4056	0.3582	0.0474	0.1526	0.1442	0.0083	0.2530	0.2139	0.0391	0.4534	0.3178	0.1357	0.3019	0.2373	0.0646	0.1516	0.0805	0.0711	136.9800	114.8691	0.9680	269.2559	231.2312	4.8975	0.0943	0.0791	0.0001	0.0182	0.0245	0.0033	0.0246	0.0302	0.0037	0.0054	0.0077	0.0029
37	96	0.1540	3	1	1	0	0	0	0	0	0	N	N	N	N	N	N	N	N	N	N	N	N	0.0000	0.0000	0.0000	0.0000	0.0000	0.0000	0.0000	0.0000	0.0000	0.0000	0.0000	0.0000	0.0000	0.0000	0.0000	0.0000	0.0000	0.0000	3.3589	3.4190	3.2703	8.4205	9.8813	0.8757	2.6417	1.8691	3.5158	0.6489	0.0000	-0.2809	6.9981	11.9964	25.9787	18.8414	0.0000	0.0000	0.0000	0.0000	0.0000	0.0000	0.0000	0.0000	0.0000	4.3324	2.6275	1.7049	1.6700	1.6276	0.0424	2.6624	1.0000	1.6625	0.5039	0.4277	0.0762	0.0228	0.0211	0.0017	0.4810	0.4066	0.0745	1.2898	0.7685	0.5213	0.2820	0.2335	0.0485	1.0078	0.5350	0.4729	0.0000	0.0000	0.0000	0.0000	0.0000	0.0000	0.0000	0.0000	0.0000	3.3589	3.4190	3.2703	5.9220	6.9694	0.8757	2.6417	1.8691	3.5158	
37	98	0.1106	3	2	2	1	0	0	0	0	0	Y	Y	N	N	N	N	N	N	N	N	N	N	0.0017	0.0000	278.4889	0.0000	0.0000	93.9998	281.8707	0.0022	0.0000	0.0154	0.0000	0.0000	0.0000	0.0025	0.0000	0.0159	1.3065	2.2504	0.0001	20.2271	19.4882	0.0000	0.0000	0.0000	0.0001	inf	0.0000	0.0001	-0.4748	6.9981	0.9502	25.9787	16.1595	0.0001	0.0000	0.0001	0.0000	0.0000	0.0000	0.0001	0.0000	0.0001	1.0360	1.0359	0.0000	1.0359	1.0359	0.0000	0.0000	0.0000	0.0000	0.0544	0.0466	0.0078	0.0069	0.0066	0.0003	0.0475	0.0400	0.0075	0.7929	0.4603	0.3326	0.1098	0.1025	0.0073	0.6831	0.3578	0.3253	0.0017	0.0000	278.4889	0.0000	0.0000	0.0000	93.9998	0.0000	281.8707	1.3065	2.2504	0.0001	9.4352	10.1069	0.0000	0.0000	0.0000	0.0001		
37	99	0.1540	3	1	2	0	0	0	0	0	0	N	Y	N	N	N	N	N	N	N	N	N	N	0.6358	0.5433	0.0000	0.0000	0.0000	1.1563	1.2007	0.0000	1.9847	2.3382	0.0000	0.0000	0.0000	0.0000	2.0788	2.4597	0.0000	3.1218	4.3035	1.3720	14.6054	16.6050	0.0000	1.7978	2.0485	1.5149	0.0000	0.2153	-0.4411	-1.0402	6.9981	11.9964	25.9787	15.6499	1.0000	1.0000	0.0000	0.0000	0.0000	0.0000	1.0000	1.0000	0.0000	3.6990	3.0437	0.6553	2.0437	2.0437	0.0000	1.6553	1.0000	0.6553	0.5039	0.4277	0.0762	0.0228	0.0211	0.0017	0.4810	0.4066	0.0745	1.1849	0.7073	0.4776	0.2642	0.2191	0.0450	0.9207	0.4881	0.4326	0.6358	0.5433	0.0000	0.0000	0.0000	0.0000	1.1563	1.2007	0.0000	3.1218	4.3035	1.3720	7.7366	9.3269	0.0000	1.7978	2.0485	1.5149	
37	100	0.1136	4	2	1	1	0	0	0	0	0	Y	N	N	N	N	N	N	N	N	N	N	N	2.0683	2.4591	0.0000	88.8907	89.9336	0.0000	0.0000	0.0000	0.0000	20.3625	24.0573	0.0000	311.2446	341.1157	0.0000	0.0000	0.0000	0.0000	9.8453	9.7829	8.0338	3.5014	3.7930	0.0076	7.7862	8.4210	7.0874	0.0000	0.6847	-0.4410	-0.2542	6.9981	1.0008	25.9787	13.9255	0.9998	0.9998	0.0000	0.9998	0.9998	0.0000	0.0000	0.0000	0.0000	4.8945	2.9052	1.9893	0.3030	0.3030	0.0001	4.5915	2.6022	1.9893	0.0491	0.0416	0.0075	0.0032	0.0029	0.0003	0.0459	0.0386	0.0073	0.6762	0.3889	0.2873	0.0865	0.0799	0.0067	0.5897	0.3090	0.2807	2.8133	3.2204	0.0000	88.8907	89.9336	0.0000	0.0000	0.0000	0.0000	7.2378	7.4704	6.9231	3.5014	3.7930	0.0076	7.7862	8.4210	7.0874
37	101	0.1106	3	2	1	1	0	0	0	0	0	Y	N	N	N	N	N	N	N	N	N	N	N	0.0090	0.0061	0.0343	0.0092	0.0091	0.0000	0.0079	0.0000	0.0345	0.0262	0.0167	0.1122	0.0381	0.0383	0.0000	0.0185	0.0000	0.1139	2.9245	2.7237	3.2730	4.1565	4.2107	0.9275	2.3590	1.3085	3.3068	0.7500	0.6922	-0.0000	-0.0290	6.9981	0.0532	25.9787	2.0467	0.0003	0.0002	0.0001	0.0002	0.0002	0.0000	0.0001	0.0000	0.0001	0.5882	0.3476	0.2406	0.2630	0.2620	0.0010	0.3252	0.0856	0.2396	0.0107	0.0096	0.0011	0.0042	0.0042	0.0000	0.0065	0.0054	0.0011	0.2011	0.1276	0.0735	0.0633	0.0622	0.0010	0.1378	0.0654	0.0725	0.0090	0.0061	0.0343	0.0092	0.0091	0.0000	0.0079	0.0000	0.0345	2.9245	2.7237	3.2730	4.1565	4.2107	0.9275	2.3590	1.3085	3.3068
37	102	0.1010	2	2	1	1	0	0	0	0	0	Y	N	N	N	N	N	N	N	N	N	N	N	0.0077	0.0025	0.0382	0.0052	0.0054	0.0000	0.0115	0.0043	0.0393	0.0133	0.0043	0.0648	0.0215	0.0228	0.0000	0.0124	0.0021	0.0671	1.7241	1.7420	1.6952	4.1257	4.1850	0.3594	1.0825	0.5033	1.7067	2.6464	0.6043	0.0004	-0.0474	6.9981	2.0948	25.9787	3.0326	0.0015	0.0004	0.0011	0.0002	0.0002	0.0000	0.0012	0.0002	0.0011	0.5804	0.3618	0.2186	0.2928	0.2924	0.0004	0.2876	0.0694	0.2182	0.1099	0.0935	0.0163	0.0102	0.0097	0.0006	0.0997	0.0839	0.0158	0.3367	0.2077	0.1290	0.0710	0.0699	0.0011	0.2657	0.1378	0.1279	0.0077	0.0025	0.0382	0.0052	0.0054	0.0000	0.0115	0.0043	0.0393	1.7241	1.7420	1.6952	4.1257	4.1850	0.3594	1.0825	0.5033	1.7067
37	104	0.1863	4	1	2	0	0	0	0	0	0	N	Y	N	N	N	N	N	N	N	N	N	N	2.8746	14.6992	0.0000	32.1512	29.5761	0.0000	0.0000	0.0000	0.0000	2.0124	2.3504	0.0000	9.0885	9.9577	0.0000	0.0000	0.0000	0.0000	0.7001	0.1599	1.5405	0.2827	0.3367	0.0005	0.8361	0.0693	1.7134	0.0000	6.1920	-0.4401	0.4665	6.9981	8.9557	25.9787	32.3127	0.9977	0.9977	0.0000	0.9977	0.9977	0.0000	0.0000	0.0000	0.0000	1.1588	0.1611	0.9977	0.1150	0.1150	0.0000	1.0438	0.0461	0.9976	0.4958	0.4245	0.0713	0.1098	0.1002	0.0096	0.3860	0.3243	0.0617	1.6553	1.0076	0.6476	0.4069	0.3415	0.0653	1.2484	0.6661	0.5823	2.8746	14.6992	0.0000	32.1512	29.5761	0.0000	0.0000	0.0000	0.0000	0.7001	0.1599	1.5405	0.2827	0.3367	0.0005	0.8361	0.0693	1.7134
37	105	0.2118	5	1	1	1	0	0	0	0	0	N	N	N	N	N	N	N	N	N	N	N	N	0.0000	0.0000	0.0000	0.0000	0.0000	0.0000	0.0000	0.0000	0.0000	0.0000	0.0000	0.0000	0.0000	0.0000	0.0000	0.0000	0.0000	0.0000	2.5878	1.2583	4.6970	0.0007	0.0008	0.0004	3.5727	2.0164	5.3159	2.3529	0.0000	0.3469	6.9981	4.2679	25.9787	7.8415	0.0000	0.0000	0.0000	0.0000	0.0000	0.0000	0.0000	0.0000	0.0000	1.4252	0.4251	1.0001	0.0001	0.0001	0.0000	1.4251	0.4249	1.0001	0.2259	0.1902	0.0357	0.0310	0.0294	0.0016	0.1949	0.1608	0.0341	0.5507	0.3378	0.2129	0.1519	0.1271	0.0248	0.3989	0.2107	0.1881	0.0000	0.0000	0.0000	0.0000	0.0000	0.0000	0.0000	0.0000	0.0000	2.5878	1.2583	4.6970	0.0007	0.0008	0.0004	3.5727	2.0164	5.3159	
37	106	0.1863	4	1	1	0	0	0	0	0	0	N	N	N	N	N	N	N	N	N	N	N	N	0.0007	0.0006	0.0000	0.0019	0.0019	0.0000	0.0009	0.0006	0.0000	0.0019	0.0022	0.0000	0.0003	0.0004	0.0000	0.0034	0.0041	0.0000	2.6442	3.8630	0.4887	0.1770	0.1916	0.0734	3.7972	6.7085	0.5398	0.0000	0.0715	-0.0002	-0.6594	6.9981	1.9301	25.9787	9.0954	0.0003	0.0003	0.0000	0.0000	0.0000	0.0000	0.0003	0.0003	0.0000	1.6839	1.5714	0.1124	0.0359	0.0340	0.0019	1.6480	1.5374	0.1106	0.1819	0.1583	0.0235	0.0885	0.0806	0.0079	0.0934	0.0777	0.0156	0.6368	0.4068	0.2300	0.2028	0.1776	0.0252	0.4340	0.2292	0.2048	0.0007	0.0006	0.0000	0.0019	0.0019	0.0000	0.0009	0.0006	0.0000	2.6442	3.8630	0.4887	0.1770	0.1916	0.0734	3.7972	6.7085	0.5398
37	107	0.1540	3	1	1	0	0	0	0	0	0	N	N	N	N	N	N	N	N	N	N	N	N	0.0000	0.0000	0.0000	0.0000	0.0000	0.0000	0.0000	0.0000	0.0000	0.0000	0.0000	0.0000	0.0000	0.0000	0.0000	0.0000	0.0000	0.0000	2.2070	2.8361	1.2348	0.6421	0.7643	0.0004	2.7574	4.0012	1.3811	0.2817	0.0000	-0.3605	6.9981	3.9049	25.9787	9.6098	0.0000	0.0000	0.0000	0.0000	0.0000	0.0000	0.0000	0.0000	0.0000	1.5109	1.1788	0.3321	0.1144	0.1144	0.0000	1.3965	1.0644	0.3321	0.1704	0.1443	0.0261	0.0079	0.0073	0.0006	0.1626	0.1371	0.0255	0.6846	0.4156	0.2689	0.1781	0.1496	0.0285	0.5065	0.2660	0.2404	0.0000	0.0000	0.0000	0.0000	0.0000	0.0000	0.0000	0.0000	0.0000	2.2070	2.8361	1.2348	0.6421	0.7643	0.0004	2.7574	4.0012	1.3811	
37	108	0.1752	5	1	2	0	0	0	0	0	0	N	Y	N	N	N	N	N	N	N	N	N	N	0.0000	0.0000	0.0000	0.0000	0.0000	0.0000	0.0000	0.0000	0.0000	0.0000	0.0000	0.0000	0.0000	0.0000	0.0000	0.0000	0.0000	0.0000	2.1009	2.2176	1.9154	2.7146	3.3101	0.0041	1.8680	1.5829	2.1968	0.5434	0.0000	-0.2997	6.9981	8.0392	25.9787	22.6195	0.0000	0.0000	0.0000	0.0000	0.0000	0.0000	0.0000	0.0000	0.0000	2.8200	1.8271	0.9929	1.0025	1.0022	0.0003	1.8175	0.8249	0.9926	0.3751	0.3191	0.0561	0.0392	0.0366	0.0027	0.3359	0.2825	0.0534	1.3423	0.8239	0.5183	0.3693	0.3028	0.0665	0.9730	0.5212	0.4518	0.0000	0.0000	0.0000	0.0000	0.0000	0.0000	0.0000	0.0000	0.0000	2.1009	2.2176	1.9154	2.7146	3.3101	0.0041	1.8680	1.5829	2.1968	
37	109	0.1752	4	1	1	0	0	0	0	0	0	N	N	N	N	N	N	N	N	N	N	N	N	0.0000	0.0000	0.0000	0.0000	0.0000	0.0000	0.0000	0.0000	0.0000	0.0000	0.0000	0.0000	0.0000	0.0000	0.0000	0.0000	0.0000	0.0000	1.3698	1.6756	0.4565	1.5516	1.6832	0.0318	1.2257	1.6666	0.5259	0.0912	0.0000	-0.1632	6.9981	0.2031	25.9787	2.0398	0.0000	0.0000	0.0000	0.0000	0.0000	0.0000	0.0000	0.0000	0.0000	0.4355	0.3991	0.0364	0.2182	0.2178	0.0004	0.2173	0.1813	0.0360	0.0235	0.0197	0.0039	0.0079	0.0078	0.0001	0.0156	0.0119	0.0038	0.3179	0.2382	0.0797	0.1406	0.1294	0.0112	0.1773	0.1088	0.0685	0.0000	0.0000	0.0000	0.0000	0.0000	0.0000	0.0000	0.0000	0.0000	1.3698	1.6756	0.4565	1.5516	1.6832	0.0318	1.2257	1.6666	0.5259	
37	110	0.7557	10	2	1	1	0	0	0	0	0	Y	N	N	N	N	N	N	N	N	N	N	N	0.0000	0.0000	0.0000	0.0000	0.0000	0.0000	0.0000	0.0000	0.0000	0.0000	0.0000	0.0000	0.0000	0.0000	0.0000	0.0000	0.0000	0.0000	0.0000	0.0000	6.9981	0.0001	25.9787	0.0001	0.0000	0.0000	0.0000	0.0000	0.0000	0.0000	0.0000	0.0000	0.0000	0.0000	0.0000	0.0000	0.0000	0.0000	0.0000	0.0000	0.0000	0.0000	0.0048	0.0038	0.0010	0.0024	0.0024	0.0000	0.0024	0.0014	0.0010	0.0002	0.0001	0.0001	0.0001	0.0001	0.0000	0.0001	0.0000	0.0000	0.0000	0.0000	0.0000	0.0000	0.0000	0.0000	0.0000	0.0000	0.0000	0.0000	0.0000	0.0000	0.0000	0.0000	0.0000	0.0000	0.0000	0.0000											
37	111	0.7419	9	2	1	1	0	0	0	0	0	Y	N	N	N	N	N	N	N	N	N	N	N	4.0663	0.0000	25.3849	0.0000	0.0000	0.0000	3.7131	0.0000	37.1644	0.0056	0.0000	0.0439	0.0000	0.0000	0.0000	0.0081	0.0000	0.0510	0.0014	0.0012	0.0017	0.0011	0.0008	0.0020	0.0022	0.0029	0.0014	inf	0.5908	0.0003	-0.0000	6.9981	1.6718	25.9787	2.9223	0.0005	0.0000	0.0005	0.0000	0.0000	0.0000	0.0005	0.0000	0.0005	0.0003	0.0002	0.0001	0.0002	0.0001	0.0001	0.0001	0.0001	0.0000	0.0854	0.0744	0.0109	0.0264	0.0248	0.0015	0.0590	0.0496	0.0094	0.2305	0.1621	0.0684	0.1704	0.1300	0.0404	0.0602	0.0321	0.0280	4.0663	0.0000	25.3849	0.0000	0.0000	0.0000	3.7131	0.0000	37.1644	0.0014	0.0012	0.0017	0.0011	0.0008	0.0020	0.0022	0.0029	0.0014
37	112	0.6583	8	2	1	1	0	0	0	0	0	Y	N	N	N	N	N	N	N	N	N	N	N	1.5435	0.1882	4.0718	0.0274	0.4024	0.0000	26.8872	0.0000	93.8092	1.5354	0.0159	12.5176	0.0410	0.0437	0.0000	2.3072	0.0000	15.1542	0.9948	0.0844	3.0742	1.4955	0.1086	6.5000	0.0858	0.0204	0.1615	108.9680	15.9367	0.5544	0.3600	6.9981	14.0283	25.9787	7.1084	1.0084	0.0092	0.9993	0.0092	0.0092	0.0000	0.9993	0.0000	0.9993	0.7460	0.0440	0.7020	0.7231	0.0411	0.6820	0.0229	0.0029	0.0199	0.6568	0.5770	0.0798	0.2237	0.2098	0.0139	0.4331	0.3672	0.0659	0.7499	0.5216	0.2283	0.4835	0.3786	0.1049	0.2664	0.1430	0.1234	1.5435	0.1882	4.0718	0.0274	0.4024	0.0000	26.8872	0.0000	93.8092	0.9948	0.0844	3.0742	1.4955	0.1086	6.5000	0.0858	0.0204	0.1615
37	113	0.5981	7	1	1	0	0	0	0	0	0	N	N	N	N	N	N	N	N	N	N	N	N	2.5018	3.7337	0.0093	0.9905	1.6193	0.0016	34.7041	25.3995	0.6343	0.8172	0.9214	0.0048	0.5087	0.5355	0.0021	0.9798	1.1481	0.0053	0.3266	0.2468	0.5196	0.5136	0.3307	1.3046	0.0282	0.0452	0.0083	0.0007	0.8713	-0.1904	0.0019	6.9981	8.6129	25.9787	5.1709	0.4324	0.4321	0.0003	0.0929	0.0929	0.0000	0.3395	0.3392	0.0003	0.2603	0.1391	0.1212	0.2516	0.1316	0.1200	0.0087	0.0075	0.0012	0.5291	0.4689	0.0602	0.1827	0.1735	0.0092	0.3465	0.2955	0.0510	0.7968	0.5636	0.2333	0.4899	0.3980	0.0920	0.3069	0.1656	0.1413	2.5018	3.7337	0.0093	0.9905	1.6193	0.0016	34.7041	25.3995	0.6343	0.3266	0.2468	0.5196	0.5136	0.3307	1.3046	0.0282	0.0452	0.0083
37	114	0.5030	6	1	1	0	0	0	0	0	0	N	N	N	N	N	N	N	N	N	N	N	N	0.3724	0.3445	0.1492	0.0026	0.0029	0.0004	0.8575	0.5457	1.7799	0.8802	0.9852	0.1900	0.0082	0.0088	0.0014	1.1988	1.3710	0.2274	2.3632	2.8595	1.2734	3.1163	3.0381	3.4444	1.3980	2.5125	0.1277	0.0294	0.2028	-0.2856	-1.1280	6.9981	16.8607	25.9787	22.7724	0.6922	0.6725	0.0197	0.0017	0.0017	0.0000	0.6905	0.6708	0.0197	3.8930	3.2366	0.6564	2.8837	2.2704	0.6133	1.0093	0.9662	0.0431	0.7865	0.6826	0.1039	0.2105	0.1933	0.0172	0.5760	0.4893	0.0867	1.6473	1.1319	0.5155	0.9254	0.7473	0.1781	0.7219	0.3845	0.3374	0.3724	0.3445	0.1492	0.0026	0.0029	0.0004	0.8575	0.5457	1.7799	2.3632	2.8595	1.2734	3.1163	3.0381	3.4444	1.3980	2.5125	0.1277
37	115	0.1305	3	2	1	1	0	0	0	0	0	Y	N	N	N	N	N	N	N	N	N	N	N	0.0000	0.0000	0.0000	0.0000	0.0000	0.0000	0.0000	0.0000	0.0000	0.0000	0.0000	0.0000	0.0000	0.0000	0.0000	0.0000	0.0005	0.0006	0.0003	0.0014	0.0015	0.0000	0.0001	0.0000	0.0003	0.2628	0.0000	-0.0000	6.9981	1.0009	25.9787	4.0038	0.0000	0.0000	0.0000	0.0000	0.0000	0.0000	0.0000	0.0000	0.0000	0.0002	0.0002	0.0000	0.0002	0.0002	0.0000	0.0000	0.0000	0.0000	0.0507	0.0430	0.0077	0.0029	0.0028	0.0001	0.0478	0.0402	0.0076	0.3742	0.2446	0.1297	0.1079	0.1011	0.0067	0.2664	0.1434	0.1230	0.0000	0.0000	0.0000	0.0000	0.0000	0.0000	0.0000	0.0000	0.0000	0.0005	0.0006	0.0003	0.0014	0.0015	0.0000	0.0001	0.0000	0.0003			
37	116	0.1022	2	2	1	1	0	0	0	0	0	Y	N	N	N	N	N	N	N	N	N	N	N	0.0300	0.1153	0.0487	0.2838	0.2613	0.0000	0.0164	0.0000	0.0466	0.0398	0.0214	0.1509	0.1143	0.1154	0.0000	0.0255	0.0000	0.1526	1.3249	0.1857	3.0958	0.4028	0.4418	0.0771	1.5593	0.0772	3.2725	1.1679	10.7261	0.0005	0.4283	6.9981	1.8441	25.9787	10.4794	0.0051	0.0023	0.0027	0.0023	0.0023	0.0000	0.0027	0.0000	0.0027	0.9386	0.0800	0.8585	0.0578	0.0567	0.0012	0.8807	0.0234	0.8573	0.1277	0.1096	0.0181	0.0205	0.0203	0.0002	0.1072	0.0893	0.0180	0.7084	0.4311	0.2773	0.1436	0.1282	0.0153	0.5648	0.3028	0.2620	0.0300	0.1153	0.0487	0.2838	0.2613	0.0000	0.0164	0.0000	0.0466	1.3249	0.1857	3.0958	0.4028	0.4418	0.0771	1.5593	0.0772	3.2725
37	117	0.3902	4	1	2	0	1	0	0	0	0	N	Y	N	N	N	N	N	N	N	N	N	N	8.8121	7.3045	0.1110	0.0862	0.0793	0.0000	49.2974	37.6538	0.1494	3.2153	3.6811	0.0043	0.0521	0.0560	0.0000	4.6680	5.5098	0.0052	0.3649	0.5039	0.0384	0.6047	0.7059	0.0488	0.0947	0.1463	0.0345	0.0002	0.0325	-0.8661	-0.2908	6.9981	10.5071	25.9787	20.2622	1.9641	1.9638	0.0003	0.0100	0.0100	0.0000	1.9541	1.9538	0.0003	0.6813	0.6598	0.0214	0.5981	0.5907	0.0074	0.0831	0.0691	0.0140	0.6109	0.5335	0.0774	0.1923	0.1789	0.0134	0.4186	0.3546	0.0640	1.8672	1.3093	0.5578	0.9892	0.8368	0.1524	0.8780	0.4726	0.4054	8.8121	7.3045	0.1110	0.0862	0.0793	0.0000	49.2974	37.6538	0.1494	0.3649	0.5039	0.0384	0.6047	0.7059	0.0488	0.0947	0.1463	0.0345
37	118	0.1540	3	1	2	0	1	0	0	0	0	N	Y	N	N	N	N	N	N	N	N	N	N	0.0000	0.0000	0.0000	0.0000	0.0000	0.0000	0.0000	0.0000	0.0000	0.0000	0.0000	0.0000	0.0000	0.0000	0.0000	0.0000	0.0000	2.3776	2.1866	2.6593	0.0058	0.0070	0.0000	3.0431	3.1410	2.9324	0.8246	0.0000	-0.0195	6.9981	4.0036	25.9787	26.5072	0.0000	0.0000	0.0000	0.0000	0.0000	0.0000	0.0000	0.0000	0.0000	3.0364	1.6641	1.3723	0.0016	0.0016	0.0000	3.0348	1.6625	1.3723	0.1743	0.1476	0.0267	0.0080	0.0074	0.0006	0.1663	0.1402	0.0261	1.2771	0.7611	0.5160	0.2798	0.2318	0.0481	0.9973	0.5293	0.4680	0.0000	0.0000	0.0000	0.0000	0.0000	0.0000	0.0000	0.0000	0.0000	2.3776	2.1866	2.6593	0.0058	0.0070	0.0000	3.0431	3.1410	2.9324		
37	119	0.1925	4	1	2	0	0	0	0	0	0	N	Y	N	N	N	N	N	N	N	N	N	N	4.5586	25.7237	8.9494	18.3920	0.0742	209.2622	3.9588	76.9508	7.0298	3.0681	1.1408	15.1317	1.9546	0.0068	42.0594	3.3965	1.5227	12.8981	0.6730	0.0443	1.6908	0.1063	0.0913	0.2010	0.8580	0.0198	1.8348	2.1191	23.5504	0.1838	0.3984	6.9981	3.8169	25.9787	21.2433	0.7714	0.2473	0.5241	0.1119	0.0004	0.1116	0.6594	0.2469	0.4125	0.7954	0.0324	0.7630	0.0309	0.0229	0.0080	0.7645	0.0095	0.7550	0.2514	0.2168	0.0346	0.0573	0.0546	0.0027	0.1941	0.1622	0.0320	1.1819	0.7306	0.4513	0.2908	0.2510	0.0398	0.8911	0.4796	0.4115	4.5586	25.7237	8.9494	18.3920	0.0742	209.2622	3.9588	76.9508	7.0298	0.6730	0.0443	1.6908	0.1063	0.0913	0.2010	0.8580	0.0198	1.8348
37	120	0.5381	8	1	2	0	0	0	0	0	0	N	Y	N	N	N	N	N	N	N	N	N	N	1.2539	1.0365	0.0000	2.5150	2.1931	0.0000	0.0034	0.0042	0.0000	1.0384	1.1865	0.0000	3.4765	3.6793	0.0000	0.0004	0.0004	0.0000	0.8282	1.1447	0.0800	1.3823	1.6777	0.0229	0.1040	0.0994	0.1094	0.0000	0.0296	-0.3876	-0.8415	6.9981	16.3276	25.9787	34.9199	0.8787	0.8787	0.0000	0.8784	0.8784	0.0000	0.0002	0.0002	0.0000	1.9585	1.9023	0.0563	1.8520	1.8465	0.0055	0.1066	0.0558	0.0508	0.8462	0.7406	0.1056	0.2527	0.2388	0.0139	0.5935	0.5018	0.0917	2.3649	1.6618	0.7032	1.3398	1.1006	0.2391	1.0252	0.5612	0.4640	1.2539	1.0365	0.0000	2.5150	2.1931	0.0000	0.0034	0.0042	0.0000	0.8282	1.1447	0.0800	1.3823	1.6777	0.0229	0.1040	0.0994	0.1094
37	121	0.5208	7	1	2	0	0	0	0	0	0	N	Y	N	N	N	N	N	N	N	N	N	N	0.5432	0.6409	0.0212	1.3929	1.6473	0.0000	0.0288	0.0265	0.0466	0.3703	0.4230	0.0157	1.2829	1.3526	0.0000	0.0099	0.0085	0.0177	0.6816	0.6601	0.7388	0.9210	0.8211	1.4640	0.3451	0.3186	0.3787	0.0055	0.4217	-0.0545	-0.1698	6.9981	6.1757	25.9787	14.5601	0.1251	0.1244	0.0007	0.1227	0.1227	0.0000	0.0024	0.0017	0.0007	1.0498	0.7384	0.3114	0.8289	0.6242	0.2047	0.2209	0.1142	0.1067	0.3378	0.2941	0.0438	0.0956	0.0907	0.0049	0.2422	0.2034	0.0388	1.5401	1.1186	0.4215	0.9000	0.7602	0.1398	0.6401	0.3585	0.2816	0.5432	0.6409	0.0212	1.3929	1.6473	0.0000	0.0288	0.0265	0.0466	0.6816	0.6601	0.7388	0.9210	0.8211	1.4640	0.3451	0.3186	0.3787
37	122	0.4678	6	1	1	0	0	0	0	0	0	N	N	N	N	N	N	N	N	N	N	N	N	2.0761	2.9021	0.0624	0.0082	0.0076	0.0001	3.1748	24.5866	0.0546	2.2761	2.5934	0.1002	0.0093	0.0099	0.0000	3.3281	3.9296	0.1183	1.0963	0.8936	1.6055	1.1375	1.3054	0.1770	1.0483	0.1598	2.1644	0.0056	0.7151	-0.4329	-0.0783	6.9981	7.5400	25.9787	21.4192	0.9941	0.9885	0.0056	0.0013	0.0013	0.0000	0.9928	0.9872	0.0056	1.8901	1.1020	0.7881	1.0556	1.0312	0.0244	0.8345	0.0708	0.7637	0.4367	0.3812	0.0556	0.1384	0.1299	0.0085	0.2983	0.2512	0.0471	1.7241	1.2332	0.4909	0.9280	0.7900	0.1380	0.7961	0.4432	0.3528	2.0761	2.9021	0.0624	0.0082	0.0076	0.0001	3.1748	24.5866	0.0546	1.0963	0.8936	1.6055	1.1375	1.3054	0.1770	1.0483	0.1598	2.1644
37	126	0.1912	5	1	2	0	0	0	0	0	0	N	Y	N	N	N	N	N	N	N	N	N	N	0.0000	0.0000	0.0000	0.0000	0.0000	0.0000	0.0000	0.0000	0.0000	0.0000	0.0000	0.0000	0.0000	0.0000	0.0000	0.0000	0.0000	0.0000	2.1589	1.8529	2.6577	0.6451	0.7770	0.0085	2.8070	2.5721	3.0725	0.8797	0.0000	0.0218	6.9981	5.0407	25.9787	17.1705	0.0000	0.0000	0.0000	0.0000	0.0000	0.0000	0.0000	0.0000	0.0000	2.2615	1.2031	1.0584	0.2026	0.2021	0.0005	2.0589	1.0010	1.0579	0.2462	0.2083	0.0379	0.0262	0.0246	0.0015	0.2201	0.1837	0.0364	1.0475	0.6493	0.3982	0.3140	0.2601	0.0539	0.7335	0.3892	0.3443	0.0000	0.0000	0.0000	0.0000	0.0000	0.0000	0.0000	0.0000	0.0000	2.1589	1.8529	2.6577	0.6451	0.7770	0.0085	2.8070	2.5721	3.0725	
37	127	0.1752	4	1	2	0	0	0	0	0	0	N	Y	N	N	N	N	N	N	N	N	N	N	0.0000	0.0000	0.0000	0.0000	0.0000	0.0000	0.0000	0.0000	0.0000	0.0000	0.0000	0.0000	0.0000	0.0000	0.0000	0.0000	0.0000	0.0000	2.4137	1.0161	5.2923	0.9652	1.1009	0.0147	3.1978	0.9449	6.1112	2.5287	0.0000	0.3443	6.9981	1.9703	25.9787	6.2034	0.0000	0.0000	0.0000	0.0000	0.0000	0.0000	0.0000	0.0000	0.0000	1.3334	0.3779	0.9555	0.1873	0.1869	0.0004	1.1462	0.1910	0.9552	0.1051	0.0890	0.0161	0.0152	0.0145	0.0007	0.0899	0.0745	0.0154	0.5524	0.3719	0.1806	0.1940	0.1698	0.0243	0.3584	0.2021	0.1563	0.0000	0.0000	0.0000	0.0000	0.0000	0.0000	0.0000	0.0000	0.0000	2.4137	1.0161	5.2923	0.9652	1.1009	0.0147	3.1978	0.9449	6.1112	
37	128	0.1540	3	1	1	0	0	0	0	0	0	N	N	N	N	N	N	N	N	N	N	N	N	0.0000	0.0000	0.0000	0.0000	0.0000	0.0000	0.0000	0.0000	0.0000	0.0000	0.0000	0.0000	0.0000	0.0000	0.0000	0.0000	0.0000	0.0000	5.0530	2.7129	8.5422	0.0718	0.0848	0.0000	6.1711	4.4555	8.3701	1.6346	0.0000	0.3628	6.9981	1.1032	25.9787	7.8190	0.0000	0.0000	0.0000	0.0000	0.0000	0.0000	0.0000	0.0000	0.0000	2.2387	0.8497	1.3890	0.0106	0.0106	0.0000	2.2281	0.8391	1.3890	0.0491	0.0415	0.0076	0.0024	0.0022	0.0002	0.0467	0.0393	0.0074	0.5086	0.3132	0.1953	0.1475	0.1249	0.0226	0.3611	0.1883	0.1727	0.0000	0.0000	0.0000	0.0000	0.0000	0.0000	0.0000	0.0000	0.0000	4.4021	2.7129	7.1106	0.0718	0.0848	0.0000	6.1711	4.4555	8.0417	
37	129	0.4971	7	1	2	0	0	0	0	0	0	N	Y	N	N	N	N	N	N	N	N	N	N	0.9902	542.2869	0.0000	1.2613	618.0688	0.0000	0.0000	0.0000	0.0112	0.0123	0.0000	0.0201	0.0211	0.0000	0.0000	0.0000	0.0000	0.0113	0.0000	0.0515	0.0159	0.0000	0.2346	0.0055	0.0000	0.0135	0.0000	636.2935	-0.0007	0.0034	6.9981	1.0033	25.9787	0.8635	0.0017	0.0017	0.0000	0.0017	0.0017	0.0000	0.0000	0.0000	0.0000	0.0064	0.0000	0.0064	0.0050	0.0000	0.0050	0.0014	0.0000	0.0014	0.1517	0.1379	0.0139	0.0847	0.0804	0.0043	0.0671	0.0575	0.0096	0.5633	0.4398	0.1235	0.3135	0.2923	0.0212	0.2498	0.1475	0.1023	0.9902	542.2869	0.0000	1.2613	618.0688	0.0000	0.0000	0.0000	0.0000	0.0113	0.0000	0.0515	0.0159	0.0000	0.2346	0.0055	0.0000	0.0135	
37	130	0.4678	6	1	1	0	0	0	0	0	0	N	N	N	N	N	N	N	N	N	N	N	N	0.1600	0.2214	0.0806	0.2214	0.2294	0.0003	0.1311	2.6779	0.0815	0.0701	0.0713	0.0616	0.1039	0.1105	0.0001	0.0523	0.0483	0.0736	0.4381	0.3223	0.7642	0.4692	0.4814	0.3852	0.3994	0.0180	0.9034	0.1238	0.8423	-0.0082	-0.0007	6.9981	5.5514	25.9787	9.9598	0.0247	0.0220	0.0027	0.0126	0.0126	0.0000	0.0121	0.0094	0.0027	0.5960	0.3235	0.2725	0.3542	0.3173	0.0369	0.2418	0.0062	0.2356	0.3521	0.3079	0.0442	0.1215	0.1142	0.0072	0.2307	0.1937	0.0369	1.3604	1.0038	0.3566	0.7549	0.6591	0.0958	0.6056	0.3447	0.2608	0.1600	0.2214	0.0806	0.2214	0.2294	0.0003	0.1311	2.6779	0.0815	0.4381	0.3223	0.7642	0.4692	0.4814	0.3852	0.3994	0.0180	0.9034
37	131	0.4375	5	1	1	0	0	0	0	0	0	N	N	N	N	N	N	N	N	N	N	N	N	0.0343	0.0574	0.0043	0.0143	0.0137	0.0001	0.0364	0.3088	0.0038	0.0260	0.0289	0.0061	0.0093	0.0098	0.0000	0.0323	0.0368	0.0069	0.7591	0.5033	1.4023	0.6476	0.7173	0.2336	0.8884	0.1193	1.8391	0.0304	1.1082	-0.0054	0.0752	6.9981	9.1969	25.9787	13.4651	0.0132	0.0128	0.0004	0.0013	0.0013	0.0000	0.0119	0.0116	0.0004	1.1183	0.5305	0.5878	0.5121	0.4855	0.0266	0.6062	0.0450	0.5612	0.5085	0.4446	0.0640	0.1386	0.1309	0.0077	0.3699	0.3137	0.0563	1.4732	1.0540	0.4192	0.7908	0.6768	0.1140	0.6824	0.3772	0.3052	0.0343	0.0574	0.0043	0.0143	0.0137	0.0001	0.0364	0.3088	0.0038	0.7591	0.5033	1.4023	0.6476	0.7173	0.2336	0.8884	0.1193	1.8391
37	132	0.2509	7	2	2	0	1	0	0	0	0	Y	Y	N	N	N	N	N	N	N	N	N	N	0.0000	0.0000	0.0000	0.0000	0.0000	0.0000	0.0000	0.0000	0.0000	0.0000	0.0000	0.0000	0.0000	0.0000	0.0000	0.0000	0.0000	0.0000	0.0000	0.0000	6.9981	1.0000	25.9787	3.0001	0.0000	0.0000	0.0000	0.0000	0.0000	0.0000	0.0000	0.0000	0.0000	0.0000	0.0000	0.0000	0.0000	0.0000	0.0000	0.0000	0.0000	0.0000	0.0469	0.0398	0.0071	0.0037	0.0034	0.0003	0.0432	0.0364	0.0068	0.1672	0.0985	0.0687	0.0379	0.0316	0.0063	0.1293	0.0669	0.0624	0.0000	0.0000	0.0000	0.0000	0.0000	0.0000	0.0000	0.0000	0.0000	0.0000	0.0000	0.0000	0.0000	0.0000	0.0000	0.0000	0.0000	0.0000											
37	133	0.6499	11	2	2	0	1	0	0	0	0	Y	Y	N	N	N	N	N	N	N	N	N	N	0.0000	0.0000	0.0000	0.0000	0.0000	0.0000	0.0000	0.0000	0.0000	0.0000	0.0000	0.0000	0.0000	0.0000	0.0000	0.0000	0.0000	0.0000	0.0000	0.0000	6.9981	0.0006	25.9787	1.9797	0.0000	0.0000	0.0000	0.0000	0.0000	0.0000	0.0000	0.0000	0.0000	0.0000	0.0000	0.0000	0.0000	0.0000	0.0000	0.0000	0.0000	0.0000	0.0001	0.0001	0.0000	0.0000	0.0000	0.0000	0.0000	0.0000	0.0000	0.0710	0.0486	0.0224	0.0409	0.0330	0.0079	0.0301	0.0156	0.0145	0.0000	0.0000	0.0000	0.0000	0.0000	0.0000	0.0000	0.0000	0.0000	0.0000	0.0000	0.0000	0.0000	0.0000	0.0000	0.0000	0.0000	0.0000											
37	134	0.6331	10	2	2	0	1	0	0	0	0	Y	Y	N	N	N	N	N	N	N	N	N	N	0.0000	0.0000	0.0000	0.0000	0.0000	0.0000	0.0000	0.0000	0.0000	0.0000	0.0000	0.0000	0.0000	0.0000	0.0000	0.0000	0.0001	0.0001	0.0001	0.0001	0.0001	0.0000	0.0001	0.0000	0.0002	1.0007	0.0000	0.0000	6.9981	2.0077	25.9787	6.0321	0.0000	0.0000	0.0000	0.0000	0.0000	0.0000	0.0000	0.0000	0.0000	0.0000	0.0000	0.0000	0.0000	0.0000	0.0000	0.0000	0.0000	0.0000	0.0914	0.0793	0.0121	0.0272	0.0251	0.0021	0.0642	0.0542	0.0100	0.2605	0.1754	0.0850	0.1478	0.1170	0.0308	0.1127	0.0584	0.0542	0.0000	0.0000	0.0000	0.0000	0.0000	0.0000	0.0000	0.0000	0.0000	0.0001	0.0001	0.0001	0.0001	0.0001	0.0000	0.0001	0.0000	0.0002			
37	135	0.6284	10	1	2	0	1	0	0	0	0	N	Y	N	N	N	N	N	N	N	N	N	N	0.0000	0.0000	0.0000	0.0000	0.0000	0.0000	0.0000	0.0000	0.0000	0.0000	0.0000	0.0000	0.0000	0.0000	0.0000	0.0000	0.0000	0.0000	2.1288	0.0001	6.7472	3.6503	0.0001	29.6354	0.0064	0.0002	0.0129	21486.2485	0.0000	0.5231	6.9981	3.0348	25.9787	9.3583	0.0000	0.0000	0.0000	0.0000	0.0000	0.0000	0.0000	0.0000	0.0000	0.9660	0.0000	0.9659	0.9647	0.0000	0.9647	0.0012	0.0000	0.0012	0.1403	0.1210	0.0193	0.0394	0.0365	0.0029	0.1009	0.0845	0.0164	0.4538	0.3061	0.1477	0.2643	0.2099	0.0544	0.1895	0.0962	0.0933	0.0000	0.0000	0.0000	0.0000	0.0000	0.0000	0.0000	0.0000	0.0000	2.1288	0.0001	6.5412	3.6503	0.0001	17.7302	0.0064	0.0002	0.0129	
37	136	0.6140	9	1	1	0	1	0	0	0	0	N	N	N	N	N	N	N	N	N	N	N	N	0.0000	0.0000	0.0000	0.0000	0.0000	0.0000	0.0000	0.0000	0.0000	0.0000	0.0000	0.0000	0.0000	0.0000	0.0000	0.0000	0.0000	0.0000	0.1588	0.0109	0.4599	0.2809	0.0162	1.2504	0.0006	0.0004	0.0008	20.8075	0.0000	0.0180	6.9981	0.0433	25.9787	6.6805	0.0000	0.0000	0.0000	0.0000	0.0000	0.0000	0.0000	0.0000	0.0000	0.0363	0.0017	0.0346	0.0362	0.0016	0.0345	0.0001	0.0000	0.0000	0.0023	0.0020	0.0003	0.0007	0.0007	0.0000	0.0016	0.0013	0.0003	0.2282	0.1530	0.0752	0.1288	0.1012	0.0276	0.0994	0.0518	0.0476	0.0000	0.0000	0.0000	0.0000	0.0000	0.0000	0.0000	0.0000	0.0000	0.1588	0.0109	0.4599	0.2809	0.0162	1.2504	0.0006	0.0004	0.0008	
37	137	0.2806	9	1	2	0	1	0	0	0	0	N	Y	N	N	N	N	N	N	N	N	N	N	0.0000	0.0000	0.0000	0.0000	0.0000	0.0000	0.0000	0.0000	0.0000	0.0000	0.0000	0.0000	0.0000	0.0000	0.0000	0.0000	0.0000	0.0000	0.0000	0.0000	6.9981	0.0000	25.9787	0.0000	0.0000	0.0000	0.0000	0.0000	0.0000	0.0000	0.0000	0.0000	0.0000	0.0000	0.0000	0.0000	0.0000	0.0000	0.0000	0.0000	0.0000	0.0000	0.0000	0.0000	0.0000	0.0000	0.0000	0.0000	0.0000	0.0000	0.0000	0.0000	0.0000	0.0000	0.0000	0.0000	0.0000	0.0000	0.0000	0.0000	0.0000	0.0000	0.0000	0.0000	0.0000	0.0000	0.0000	0.0000	0.0000	0.0000	0.0000	0.0000	0.0000	0.0000	0.0000	0.0000	0.0000	0.0000											
37	138	0.2755	8	1	2	0	1	0	0	0	0	N	Y	N	N	N	N	N	N	N	N	N	N	0.0000	0.0000	0.0000	0.0000	0.0000	0.0000	0.0000	0.0000	0.0000	0.0000	0.0000	0.0000	0.0000	0.0000	0.0000	0.0000	0.0000	0.0000	0.0000	0.0000	0.0000	0.0000	0.0000	0.0000	-0.0000	6.9981	0.0021	25.9787	2.0000	0.0000	0.0000	0.0000	0.0000	0.0000	0.0000	0.0000	0.0000	0.0000	0.0000	0.0000	0.0000	0.0000	0.0000	0.0000	0.0000	0.0000	0.0000	0.0003	0.0002	0.0000	0.0002	0.0002	0.0000	0.0001	0.0001	0.0000	0.0826	0.0494	0.0332	0.0211	0.0177	0.0034	0.0615	0.0318	0.0298	0.0000	0.0000	0.0000	0.0000	0.0000	0.0000	0.0000	0.0000	0.0000	0.0000	0.0000	0.0000	0.0000	0.0000	0.0000	0.0000	0.0000	0.0000						
37	139	0.2653	7	1	1	0	1	0	0	0	0	N	N	N	N	N	N	N	N	N	N	N	N	0.0000	0.0000	0.0000	0.0000	0.0000	0.0000	0.0000	0.0000	0.0000	0.0000	0.0000	0.0000	0.0000	0.0005	0.0008	0.0000	0.0019	0.0023	0.0000	0.0000	0.0000	0.0000	0.0000	0.0000	-0.0000	6.9981	1.0020	25.9787	3.0181	0.0000	0.0000	0.0000	0.0000	0.0000	0.0000	0.0000	0.0000	0.0000	0.0001	0.0001	0.0000	0.0001	0.0001	0.0000	0.0000	0.0000	0.0000	0.0470	0.0399	0.0071	0.0039	0.0036	0.0003	0.0431	0.0363	0.0068	0.1676	0.0995	0.0681	0.0412	0.0345	0.0067	0.1264	0.0650	0.0614	0.0000	0.0000	0.0000	0.0000	0.0000	0.0000	0.0000	0.0000	0.0000	0.0005	0.0008	0.0000	0.0019	0.0023	0.0000	0.0000	0.0000	0.0000						
37	140	0.2509	7	1	2	0	0	0	0	0	0	N	Y	N	N	N	N	N	N	N	N	N	N	0.0000	0.0000	0.0000	0.0000	0.0000	0.0000	0.0000	0.0000	0.0000	0.0000	0.0000	0.0000	0.0000	0.0000	0.0000	0.0000	0.0000	0.0000	0.0000	0.0000	6.9981	0.0000	25.9787	4.0001	0.0000	0.0000	0.0000	0.0000	0.0000	0.0000	0.0000	0.0000	0.0000	0.0000	0.0000	0.0000	0.0000	0.0000	0.0000	0.0000	0.0000	0.0000	0.0000	0.0000	0.0000	0.0000	0.0000	0.0000	0.0000	0.0000	0.0000	0.1672	0.0985	0.0687	0.0379	0.0316	0.0063	0.1293	0.0669	0.0624	0.0000	0.0000	0.0000	0.0000	0.0000	0.0000	0.0000	0.0000	0.0000	0.0000	0.0000	0.0000	0.0000	0.0000	0.0000	0.0000	0.0000	0.0000											
37	141	0.6286	9	1	2	0	0	0	0	0	0	N	Y	N	N	N	N	N	N	N	N	N	N	0.0000	0.0000	0.0000	0.0000	0.0000	0.0000	0.0000	0.0000	0.0000	0.0000	0.0000	0.0000	0.0000	0.0000	0.0000	0.0000	0.0000	0.0000	0.0068	0.0101	0.0002	0.0120	0.0150	0.0004	0.0001	0.0002	0.0000	0.0074	0.0000	-0.0006	6.9981	1.0003	25.9787	5.0186	0.0000	0.0000	0.0000	0.0000	0.0000	0.0000	0.0000	0.0000	0.0000	0.0014	0.0013	0.0000	0.0014	0.0013	0.0000	0.0000	0.0000	0.0000	0.0456	0.0396	0.0060	0.0136	0.0125	0.0010	0.0320	0.0270	0.0050	0.1988	0.1340	0.0648	0.1128	0.0895	0.0233	0.0860	0.0445	0.0415	0.0000	0.0000	0.0000	0.0000	0.0000	0.0000	0.0000	0.0000	0.0000	0.0068	0.0101	0.0002	0.0120	0.0150	0.0004	0.0001	0.0002	0.0000	
37	142	0.2653	7	1	1	1	1	0	0	0	0	N	N	N	N	N	N	N	N	N	N	N	N	0.0000	0.0000	0.0000	0.0000	0.0000	0.0000	0.0000	0.0000	0.0000	0.0000	0.0000	0.0000	0.0000	0.0000	0.0000	6.5947	4.5845	7.3881	0.0000	0.0000	0.0000	7.2092	6.9954	7.4364	1.0000	0.0000	0.0833	6.9981	0.0001	25.9787	9.0026	0.0000	0.0000	0.0000	0.0000	0.0000	0.0000	0.0000	0.0000	0.0000	2.0000	1.0000	1.0000	0.0000	0.0000	0.0000	2.0000	1.0000	1.0000	0.0000	0.0000	0.0000	0.0000	0.0000	0.0000	0.0000	0.0000	0.0000	0.3673	0.2181	0.1492	0.0899	0.0752	0.0147	0.2774	0.1430	0.1345	0.0000	0.0000	0.0000	0.0000	0.0000	0.0000	0.0000	0.0000	0.0000	5.4452	4.5845	6.7038	0.0000	0.0000	0.0000	7.2092	6.9954	7.4364				
37	143	0.6140	9	1	1	1	1	0	0	0	0	N	N	N	N	N	N	N	N	N	N	N	N	3.6809	2.8509	0.0000	0.0000	0.0000	2.2173	1.3712	0.0000	11.0214	12.7563	0.0000	0.0000	0.0000	0.0000	15.2152	18.0825	0.0000	2.9942	4.4744	0.0003	0.0002	0.0002	0.0000	6.8621	13.1871	0.0004	0.0000	0.0000	-0.4411	-0.4584	6.9981	2.0061	25.9787	8.0425	1.0000	1.0000	0.0000	0.0000	0.0000	0.0000	1.0000	1.0000	0.0000	1.0001	1.0001	0.0000	0.0000	0.0000	0.0000	1.0001	1.0000	0.0000	0.0907	0.0784	0.0123	0.0250	0.0231	0.0019	0.0657	0.0553	0.0104	0.3340	0.2235	0.1105	0.1883	0.1477	0.0406	0.1457	0.0758	0.0699	3.6809	2.8509	0.0000	0.0000	0.0000	0.0000	2.2173	1.3712	0.0000	2.9942	4.4744	0.0003	0.0002	0.0002	0.0000	6.8621	13.1871	0.0004	
37	144	0.6049	8	1	1	0	1	0	0	0	0	N	N	N	N	N	N	N	N	N	N	N	N	0.0000	0.0000	0.0000	0.0000	0.0000	0.0000	0.0000	0.0000	0.0000	0.0000	0.0000	0.0000	0.0000	0.0000	0.0000	0.0000	0.0000	0.0000	0.0112	0.0034	0.0315	0.0149	0.0043	0.0786	0.0069	0.0017	0.0136	3.5543	0.0000	0.0008	6.9981	1.9550	25.9787	2.1189	0.0000	0.0000	0.0000	0.0000	0.0000	0.0000	0.0000	0.0000	0.0000	0.0024	0.0005	0.0019	0.0017	0.0004	0.0013	0.0007	0.0001	0.0006	0.0950	0.0819	0.0131	0.0313	0.0284	0.0029	0.0637	0.0535	0.0102	0.2182	0.1576	0.0606	0.1175	0.1008	0.0167	0.1007	0.0568	0.0440	0.0000	0.0000	0.0000	0.0000	0.0000	0.0000	0.0000	0.0000	0.0000	0.0112	0.0034	0.0315	0.0149	0.0043	0.0786	0.0069	0.0017	0.0136	
37	145	0.6049	8	1	1	1	1	0	0	0	0	N	N	N	N	N	N	N	N	N	N	N	N	4.1487	3.2777	0.0000	0.0000	0.0000	6942.9515	27708.7130	0.0000	9.7383	11.2901	0.0000	0.0000	0.0000	0.0000	14.4595	17.2021	0.0000	2.3473	3.4445	0.0025	4.3076	5.3351	0.0000	0.0021	0.0006	0.0037	0.0000	0.0003	-0.4411	-0.7811	6.9981	2.1261	25.9787	18.6477	1.0000	1.0000	0.0000	0.0000	0.0000	0.0000	1.0000	1.0000	0.0000	1.7053	1.7047	0.0006	1.7046	1.7046	0.0000	0.0007	0.0001	0.0006	0.1027	0.0886	0.0141	0.0335	0.0304	0.0031	0.0692	0.0581	0.0110	0.7265	0.4949	0.2316	0.3957	0.3195	0.0762	0.3308	0.1754	0.1554	4.1487	3.2777	0.0000	0.0000	0.0000	0.0000	6942.9515	27708.7130	0.0000	2.3473	3.4445	0.0025	4.3076	5.3351	0.0000	0.0021	0.0006	0.0037	
37	146	0.2653	7	1	1	1	1	0	0	0	0	N	N	N	N	N	N	N	N	N	N	N	N	62048861.3804	inf	0.0000	51487421.4760	inf	0.0000	10.7107	12.6126	0.0000	0.0000	0.0000	0.0000	11.6664	13.8488	0.0000	0.0000	0.0000	0.0000	0.0000	0.0000	0.0000	0.0000	0.0000	0.0000	0.0000	inf	-0.4411	0.0000	6.9981	2.0001	25.9787	5.9880	1.0000	1.0000	0.0000	0.0000	0.0000	0.0000	1.0000	1.0000	0.0000	0.0000	0.0000	0.0000	0.0000	0.0000	0.0000	0.0000	0.0000	0.0000	0.0934	0.0793	0.0141	0.0076	0.0071	0.0006	0.0857	0.0722	0.0135	0.3273	0.1944	0.1329	0.0802	0.0671	0.0131	0.2471	0.1273	0.1198	62048861.3804	inf	0.0000	0.0000	0.0000	0.0000	51487421.4760	inf	0.0000	0.0000	0.0000	0.0000	0.0000	0.0000	0.0000	0.0000	0.0000	0.0000			
37	147	0.2653	7	1	1	1	1	0	0	0	0	N	N	N	N	N	N	N	N	N	N	N	N	0.0000	0.0000	0.0000	0.0000	0.0000	0.0000	0.0000	0.0000	0.0000	0.0000	0.0000	0.0000	0.0000	0.0000	0.0000	0.0000	0.8412	1.4148	0.0000	3.5122	4.2006	0.0000	0.0000	0.0000	0.0000	0.0000	0.0000	-0.4584	6.9981	9.0001	25.9787	23.0169	0.0000	0.0000	0.0000	0.0000	0.0000	0.0000	0.0000	0.0000	0.0000	1.0000	1.0000	0.0000	1.0000	1.0000	0.0000	0.0000	0.0000	0.0000	0.4068	0.3461	0.0607	0.0333	0.0308	0.0025	0.3735	0.3153	0.0582	1.1888	0.7068	0.4820	0.2847	0.2381	0.0467	0.9041	0.4688	0.4353	0.0000	0.0000	0.0000	0.0000	0.0000	0.0000	0.0000	0.0000	0.0000	0.8412	1.4148	0.0000	3.5122	4.2006	0.0000	0.0000	0.0000	0.0000			
37	148	0.2400	6	1	1	0	1	0	0	0	0	N	N	N	N	N	N	N	N	N	N	N	N	0.0345	2.7694	0.0000	0.9410	2.9713	0.0000	0.0213	inf	0.0000	0.0012	0.0014	0.0000	0.0039	0.0042	0.0000	0.0009	0.0011	0.0000	0.0340	0.0005	0.0834	0.0042	0.0014	0.0197	0.0437	0.0000	0.0899	0.0000	113.2937	-0.0000	0.0080	6.9981	1.9990	25.9787	7.9526	0.0001	0.0001	0.0000	0.0000	0.0000	0.0000	0.0001	0.0001	0.0000	0.0149	0.0001	0.0148	0.0005	0.0001	0.0003	0.0145	0.0000	0.0145	0.0938	0.0796	0.0142	0.0076	0.0070	0.0006	0.0862	0.0725	0.0137	0.4392	0.2618	0.1774	0.1076	0.0913	0.0163	0.3316	0.1705	0.1611	0.0345	2.7694	0.0000	0.9410	2.9713	0.0000	0.0213	inf	0.0000	0.0340	0.0005	0.0834	0.0042	0.0014	0.0197	0.0437	0.0000	0.0899
37	149	0.2080	5	2	2	0	0	0	0	0	0	Y	Y	N	N	N	N	N	N	N	N	N	N	1.5868	2.2994	0.0000	5.2554	4.6578	0.0000	0.0000	0.0000	0.0000	3.2121	3.7631	0.0000	21.6129	22.3669	0.0000	0.0000	0.0000	0.0000	2.0242	1.6366	2.6362	4.1125	4.8020	0.0008	1.3516	0.0000	2.8976	0.0000	1.0204	-0.4148	0.0957	6.9981	5.3497	25.9787	17.2225	0.9404	0.9404	0.0000	0.9404	0.9404	0.0000	0.0000	0.0000	0.0000	2.0498	1.0146	1.0352	1.0146	1.0145	0.0000	1.0352	0.0000	1.0352	0.2928	0.2499	0.0429	0.0435	0.0420	0.0015	0.2493	0.2079	0.0414	1.0126	0.6199	0.3927	0.2467	0.2113	0.0354	0.7659	0.4086	0.3573	1.5868	2.2994	0.0000	5.2554	4.6578	0.0000	0.0000	0.0000	0.0000	2.0242	1.6366	2.6362	4.1125	4.8020	0.0008	1.3516	0.0000	2.8976
37	150	0.2389	6	1	2	0	0	0	0	0	0	N	Y	N	N	N	N	N	N	N	N	N	N	0.0562	0.0660	0.0000	0.0987	0.0981	0.0000	0.0012	0.0096	0.0000	0.1380	0.1587	0.0000	0.5218	0.5386	0.0000	0.0017	0.0021	0.0000	2.4584	2.4056	2.5535	5.2870	5.4874	0.0181	1.4201	0.2189	2.8194	0.0000	0.5889	-0.0165	-0.2361	6.9981	3.6794	25.9787	17.4287	0.0375	0.0375	0.0000	0.0371	0.0371	0.0000	0.0004	0.0004	0.0000	2.6915	1.6939	0.9976	1.6045	1.6038	0.0007	1.0871	0.0902	0.9969	0.2714	0.2361	0.0353	0.0711	0.0689	0.0022	0.2003	0.1672	0.0331	1.0948	0.7042	0.3907	0.3294	0.2923	0.0371	0.7655	0.4119	0.3536	0.0562	0.0660	0.0000	0.1071	0.0981	0.0000	0.0012	0.0096	0.0000	2.4584	2.4056	2.5535	4.8715	5.4874	0.0181	1.4201	0.2189	2.8194
37	151	0.2080	5	1	2	0	0	0	0	0	0	N	Y	N	N	N	N	N	N	N	N	N	N	0.3522	0.2151	2.5571	0.3451	0.3110	0.2938	0.3555	0.1849	2.4102	0.7258	0.6463	1.1915	0.7346	0.7541	0.0004	0.7239	0.6189	1.2303	2.0609	3.0044	0.4660	2.1289	2.4247	0.0013	2.0362	3.3479	0.5105	0.3146	0.0918	-0.0304	-0.5312	6.9981	3.4464	25.9787	10.1316	0.1507	0.1146	0.0361	0.0272	0.0272	0.0000	0.1236	0.0875	0.0361	1.4190	1.2997	0.1193	0.3903	0.3902	0.0000	1.0287	0.9095	0.1192	0.2077	0.1774	0.0303	0.0370	0.0360	0.0010	0.1707	0.1413	0.0293	0.6885	0.4326	0.2559	0.1833	0.1609	0.0224	0.5052	0.2717	0.2336	0.3522	0.2151	2.5571	0.3451	0.3110	0.2938	0.3555	0.1849	2.4102	2.0609	3.0044	0.4660	2.1289	2.4247	0.0013	2.0362	3.3479	0.5105
37	152	0.6354	11	2	2	0	0	0	0	0	0	Y	Y	N	N	N	N	N	N	N	N	N	N	0.0000	0.0000	0.0000	0.0000	0.0000	0.0000	0.0000	0.0000	0.0000	0.0000	0.0000	0.0000	0.0000	0.0000	0.0000	14.6712	27.8795	0.0000	36.6951	44.9857	0.0000	5.5518	10.6784	0.0000	0.0000	0.0000	-1.8332	6.9981	1.0143	25.9787	12.0086	0.0000	0.0000	0.0000	0.0000	0.0000	0.0000	0.0000	0.0000	0.0000	3.9995	3.9995	0.0000	2.9996	2.9996	0.0000	0.9999	0.9999	0.0000	0.0471	0.0409	0.0062	0.0143	0.0132	0.0011	0.0328	0.0276	0.0052	0.4134	0.2783	0.1351	0.2333	0.1846	0.0487	0.1801	0.0936	0.0865	0.0000	0.0000	0.0000	0.0000	0.0000	0.0000	0.0000	0.0000	0.0000	9.6748	14.3725	0.0000	12.8577	16.2459	0.0000	5.5518	10.6784	0.0000				
37	153	0.6331	10	2	2	0	0	0	0	0	0	Y	Y	N	N	N	N	N	N	N	N	N	N	0.0000	0.0000	0.0000	0.0000	0.0000	0.0000	0.0000	0.0000	0.0000	0.0000	0.0000	0.0000	0.0000	0.0000	0.0000	0.0000	0.0000	0.0000	0.0195	0.0272	0.0036	0.0285	0.0340	0.0075	0.0076	0.0133	0.0014	0.0645	0.0000	-0.0003	6.9981	0.9811	25.9787	0.0216	0.0000	0.0000	0.0000	0.0000	0.0000	0.0000	0.0000	0.0000	0.0000	0.0007	0.0006	0.0000	0.0006	0.0005	0.0000	0.0001	0.0001	0.0000	0.0451	0.0391	0.0060	0.0135	0.0124	0.0010	0.0316	0.0266	0.0050	0.0338	0.0228	0.0110	0.0193	0.0153	0.0040	0.0145	0.0075	0.0070	0.0000	0.0000	0.0000	0.0000	0.0000	0.0000	0.0000	0.0000	0.0000	0.0195	0.0272	0.0036	0.0285	0.0340	0.0075	0.0076	0.0133	0.0014	
37	154	0.6286	9	2	2	0	0	0	0	0	0	Y	Y	N	N	N	N	N	N	N	N	N	N	0.0000	0.0000	0.0000	0.0000	0.0000	0.0000	0.0000	0.0000	0.0000	0.0000	0.0000	0.0000	0.0000	0.0000	0.0000	0.0000	0.0000	0.0000	0.0199	0.0290	0.0009	0.0347	0.0431	0.0013	0.0006	0.0005	0.0007	0.0147	0.0000	-0.0006	6.9981	0.0083	25.9787	2.0001	0.0000	0.0000	0.0000	0.0000	0.0000	0.0000	0.0000	0.0000	0.0000	0.0014	0.0014	0.0000	0.0014	0.0013	0.0000	0.0000	0.0000	0.0000	0.0004	0.0004	0.0001	0.0002	0.0001	0.0000	0.0003	0.0002	0.0000	0.0691	0.0467	0.0224	0.0392	0.0313	0.0079	0.0299	0.0154	0.0144	0.0000	0.0000	0.0000	0.0000	0.0000	0.0000	0.0000	0.0000	0.0000	0.0199	0.0290	0.0009	0.0347	0.0431	0.0013	0.0006	0.0005	0.0007	
37	155	0.6049	8	1	2	0	0	0	0	0	0	N	Y	N	N	N	N	N	N	N	N	N	N	0.0000	0.0000	0.0000	0.0000	0.0000	0.0000	0.0000	0.0000	0.0000	0.0000	0.0000	0.0000	0.0000	0.0000	0.0000	0.0000	0.0000	0.0000	2.4026	3.4554	0.0103	4.4108	5.3516	0.0324	0.0006	0.0010	0.0001	0.0013	0.0000	-0.4570	6.9981	2.9180	25.9787	7.4065	0.0000	0.0000	0.0000	0.0000	0.0000	0.0000	0.0000	0.0000	0.0000	0.9999	0.9986	0.0013	0.9998	0.9985	0.0013	0.0001	0.0001	0.0000	0.1380	0.1192	0.0188	0.0438	0.0399	0.0039	0.0942	0.0793	0.0149	0.4162	0.2890	0.1272	0.2267	0.1866	0.0401	0.1895	0.1024	0.0871	0.0000	0.0000	0.0000	0.0000	0.0000	0.0000	0.0000	0.0000	0.0000	2.4026	3.4554	0.0103	4.4108	5.3516	0.0324	0.0006	0.0010	0.0001	
37	156	0.5391	7	1	1	0	0	0	0	0	0	N	N	N	N	N	N	N	N	N	N	N	N	0.0017	0.0014	0.0000	0.0026	0.0024	0.0000	0.0000	0.0000	0.0000	0.0015	0.0017	0.0000	0.0036	0.0040	0.0000	0.0000	0.0000	0.0000	0.8771	1.2452	0.0465	1.3933	1.6810	0.0291	0.2335	0.3941	0.0544	0.0000	0.0165	-0.0004	-0.4657	6.9981	8.2479	25.9787	19.7214	0.0009	0.0009	0.0000	0.0009	0.0009	0.0000	0.0000	0.0000	0.0000	1.0534	1.0363	0.0171	0.9286	0.9252	0.0034	0.1249	0.1111	0.0138	0.5877	0.5132	0.0745	0.2454	0.2222	0.0231	0.3423	0.2910	0.0514	1.2011	0.8323	0.3688	0.6665	0.5504	0.1161	0.5346	0.2819	0.2527	0.0017	0.0014	0.0000	0.0026	0.0024	0.0000	0.0000	0.0000	0.0000	0.8771	1.2452	0.0465	1.3933	1.6810	0.0291	0.2335	0.3941	0.0544
37	157	0.5030	6	1	1	0	0	0	0	0	0	N	N	N	N	N	N	N	N	N	N	N	N	0.0080	0.0234	0.0008	0.0763	0.0736	0.0000	0.0005	0.0015	0.0007	0.0072	0.0080	0.0018	0.0208	0.0227	0.0000	0.0009	0.0006	0.0023	0.9052	0.3434	2.2201	0.2722	0.3085	0.1041	1.7600	0.4157	3.3159	0.0349	2.7617	-0.0012	0.2943	6.9981	7.4725	25.9787	14.3153	0.0030	0.0029	0.0001	0.0027	0.0027	0.0000	0.0002	0.0001	0.0001	1.0669	0.2836	0.7833	0.1843	0.1718	0.0125	0.8826	0.1118	0.7708	0.4114	0.3573	0.0541	0.1309	0.1197	0.0113	0.2804	0.2377	0.0428	1.1787	0.8259	0.3528	0.6772	0.5568	0.1204	0.5015	0.2690	0.2325	0.0080	0.0234	0.0008	0.0763	0.0736	0.0000	0.0005	0.0015	0.0007	0.9052	0.3434	2.2201	0.2722	0.3085	0.1041	1.7600	0.4157	3.3159
37	158	0.4375	5	1	1	0	0	0	0	0	0	N	N	N	N	N	N	N	N	N	N	N	N	0.0040	0.0097	0.0030	0.0123	0.0119	0.0001	0.0022	0.0157	0.0025	0.0050	0.0044	0.0097	0.0066	0.0070	0.0000	0.0045	0.0033	0.0110	1.2573	0.4523	3.1766	0.5390	0.5915	0.2542	2.0619	0.2121	4.3033	0.3233	2.9451	-0.0006	0.6161	6.9981	11.6653	25.9787	19.4910	0.0031	0.0023	0.0007	0.0010	0.0010	0.0000	0.0020	0.0013	0.0007	2.1382	0.5420	1.5962	0.4843	0.4488	0.0355	1.6539	0.0932	1.5607	0.6085	0.5310	0.0775	0.1568	0.1476	0.0091	0.4518	0.3834	0.0684	1.7007	1.1982	0.5025	0.8986	0.7587	0.1398	0.8021	0.4395	0.3627	0.0040	0.0097	0.0030	0.0123	0.0119	0.0001	0.0022	0.0157	0.0025	1.2573	0.4523	3.1766	0.5390	0.5915	0.2542	2.0619	0.2121	4.3033
37	159	0.3902	4	1	1	0	0	0	0	0	0	N	N	N	N	N	N	N	N	N	N	N	N	0.0422	0.1166	0.0021	0.9774	1.0202	0.0033	0.0009	0.0009	0.0019	0.1015	0.1140	0.0125	0.2761	0.2966	0.0008	0.0041	0.0021	0.0154	2.4052	0.9779	5.8136	0.2825	0.2907	0.2362	4.8514	2.2255	7.9196	0.0154	2.4895	-0.0210	1.1019	6.9981	7.3933	25.9787	20.5306	0.0493	0.0486	0.0007	0.0481	0.0480	0.0000	0.0013	0.0006	0.0007	4.3202	1.2381	3.0822	0.2717	0.2373	0.0343	4.0486	1.0007	3.0478	0.4863	0.4263	0.0600	0.1740	0.1620	0.0120	0.3122	0.2643	0.0479	1.7962	1.2660	0.5302	0.9617	0.8163	0.1453	0.8345	0.4497	0.3848	0.0422	0.1166	0.0021	0.9774	1.0202	0.0033	0.0009	0.0009	0.0019	2.4052	0.9779	5.8136	0.2825	0.2907	0.2362	4.8514	2.2255	7.9196
37	160	0.1540	3	1	1	0	0	0	0	0	0	N	N	N	N	N	N	N	N	N	N	N	N	0.4281	0.0180	2.9825	0.0000	0.0000	0.0000	0.4365	0.0191	2.7975	0.9648	0.0424	6.2843	0.0000	0.0000	0.0000	1.0103	0.0445	6.4296	2.2536	2.3551	2.1070	1.9932	2.4285	0.0205	2.3147	2.3288	2.2984	25.7291	0.6200	0.5454	-0.4517	6.9981	27.6416	25.9787	54.6365	1.0459	0.0391	1.0068	0.0000	0.0000	0.0000	1.0459	0.0391	1.0068	5.9712	3.6859	2.2853	1.0045	1.0026	0.0019	4.9667	2.6833	2.2834	1.0841	0.9239	0.1602	0.0488	0.0452	0.0036	1.0352	0.8787	0.1566	2.6497	1.5651	1.0846	0.5040	0.4129	0.0911	2.1457	1.1522	0.9935	0.4281	0.0180	2.9825	0.0000	0.0000	0.0000	0.4365	0.0191	2.7975	2.2536	2.3551	2.1070	1.9932	2.4285	0.0205	2.3147	2.3288	2.2984
37	161	0.2586	9	2	2	0	0	0	0	0	0	Y	Y	N	N	N	N	N	N	N	N	N	N	0.0000	0.0000	0.0000	0.0000	0.0000	0.0000	0.0000	0.0000	0.0000	0.0000	0.0000	0.0000	0.0000	0.0000	0.0000	0.0000	0.0000	0.0000	0.0000	0.0000	6.9981	0.0002	25.9787	3.0099	0.0000	0.0000	0.0000	0.0000	0.0000	0.0000	0.0000	0.0000	0.0000	0.0000	0.0000	0.0000	0.0000	0.0000	0.0000	0.0000	0.0000	0.0000	0.0000	0.0000	0.0000	0.0000	0.0000	0.0000	0.0000	0.0000	0.0000	0.1292	0.0769	0.0523	0.0303	0.0255	0.0048	0.0989	0.0514	0.0475	0.0000	0.0000	0.0000	0.0000	0.0000	0.0000	0.0000	0.0000	0.0000	0.0000	0.0000	0.0000	0.0000	0.0000	0.0000	0.0000	0.0000	0.0000											
37	162	0.2509	8	2	2	0	0	0	0	0	0	Y	Y	N	N	N	N	N	N	N	N	N	N	0.0000	0.0000	0.0000	0.0000	0.0000	0.0000	0.0000	0.0000	0.0000	0.0000	0.0000	0.0000	0.0000	0.0000	0.0000	0.0000	0.0000	0.0000	0.0000	0.0000	6.9981	0.9998	25.9787	2.0118	0.0000	0.0000	0.0000	0.0000	0.0000	0.0000	0.0000	0.0000	0.0000	0.0000	0.0000	0.0000	0.0000	0.0000	0.0000	0.0000	0.0000	0.0000	0.0469	0.0398	0.0071	0.0037	0.0034	0.0003	0.0432	0.0363	0.0068	0.1264	0.0745	0.0520	0.0287	0.0239	0.0048	0.0977	0.0506	0.0472	0.0000	0.0000	0.0000	0.0000	0.0000	0.0000	0.0000	0.0000	0.0000	0.0000	0.0000	0.0000	0.0000	0.0000	0.0000	0.0000	0.0000	0.0000											
37	163	0.2509	7	2	2	0	0	0	0	0	0	Y	Y	N	N	N	N	N	N	N	N	N	N	0.0000	0.0000	0.0000	0.0000	0.0000	0.0000	0.0000	0.0000	0.0000	0.0000	0.0000	0.0000	0.0000	0.0000	0.0000	0.0000	0.0000	0.0000	0.0000	0.0000	6.9981	0.0000	25.9787	0.0003	0.0000	0.0000	0.0000	0.0000	0.0000	0.0000	0.0000	0.0000	0.0000	0.0000	0.0000	0.0000	0.0000	0.0000	0.0000	0.0000	0.0000	0.0000	0.0000	0.0000	0.0000	0.0000	0.0000	0.0000	0.0000	0.0000	0.0000	0.0000	0.0000	0.0000	0.0000	0.0000	0.0000	0.0000	0.0000	0.0000	0.0000	0.0000	0.0000	0.0000	0.0000	0.0000	0.0000	0.0000	0.0000	0.0000	0.0000	0.0000	0.0000	0.0000	0.0000	0.0000	0.0000	0.0000											
37	164	0.2400	6	1	2	0	0	0	0	0	0	N	Y	N	N	N	N	N	N	N	N	N	N	1.9763	261.5551	0.0000	15.6758	66.4890	0.0000	1.6454	inf	0.0000	0.1357	0.1641	0.0000	0.1063	0.1071	0.0000	0.1513	0.2049	0.0000	0.0686	0.0006	0.1731	0.0068	0.0016	0.0391	0.0919	0.0000	0.1873	0.0000	179.6449	-0.0000	0.0080	6.9981	0.0063	25.9787	4.3641	0.0001	0.0001	0.0000	0.0000	0.0000	0.0000	0.0001	0.0001	0.0000	0.0149	0.0001	0.0148	0.0004	0.0001	0.0003	0.0145	0.0000	0.0145	0.0008	0.0007	0.0001	0.0003	0.0003	0.0000	0.0005	0.0004	0.0001	0.2168	0.1313	0.0855	0.0593	0.0512	0.0082	0.1575	0.0802	0.0773	1.9763	261.5551	0.0000	15.6758	66.4890	0.0000	1.6454	inf	0.0000	0.0686	0.0006	0.1731	0.0068	0.0016	0.0391	0.0919	0.0000	0.1873
37	165	0.2080	5	1	1	0	0	0	0	0	0	N	N	N	N	N	N	N	N	N	N	N	N	0.4471	178.1468	0.0003	88.4800	82.1533	0.0000	0.3110	728.2465	0.0003	0.6969	0.8149	0.0012	0.8280	0.8456	0.0000	0.6633	0.8056	0.0012	1.5586	0.0046	4.2199	0.0094	0.0103	0.0024	2.1326	0.0011	4.6207	0.0003	538.6886	-0.0509	0.5466	6.9981	2.5207	25.9787	10.0226	0.1155	0.1155	0.0000	0.0280	0.0280	0.0000	0.0875	0.0875	0.0000	1.0126	0.0019	1.0107	0.0016	0.0016	0.0000	1.0109	0.0003	1.0107	0.1657	0.1417	0.0240	0.0338	0.0331	0.0007	0.1320	0.1086	0.0233	0.6497	0.4102	0.2395	0.1756	0.1548	0.0208	0.4740	0.2553	0.2187	0.4471	178.1468	0.0003	88.4800	82.1533	0.0000	0.3110	728.2465	0.0003	1.5586	0.0046	4.2199	0.0094	0.0103	0.0024	2.1326	0.0011	4.6207
37	166	0.1925	4	1	1	0	0	0	0	0	0	N	N	N	N	N	N	N	N	N	N	N	N	14.0160	20.4084	1.2060	27.2376	25.9327	67.9815	6.4427	34.8632	0.9530	4.3660	4.9628	0.5409	11.8666	12.3590	1.3004	1.6146	1.8465	0.4671	0.3115	0.2432	0.4485	0.4357	0.4766	0.0191	0.2506	0.0530	0.4902	0.0170	0.9198	-0.3715	0.0034	6.9981	2.6894	25.9787	4.6619	0.8754	0.8608	0.0146	0.6386	0.6354	0.0031	0.2369	0.2253	0.0115	0.1624	0.0846	0.0778	0.0747	0.0744	0.0003	0.0877	0.0102	0.0775	0.2005	0.1734	0.0271	0.0538	0.0514	0.0024	0.1467	0.1220	0.0247	0.5213	0.3478	0.1735	0.1715	0.1562	0.0153	0.3498	0.1917	0.1581	14.0160	20.4084	1.2060	27.2376	25.9327	67.9815	6.4427	34.8632	0.9530	0.3115	0.2432	0.4485	0.4357	0.4766	0.0191	0.2506	0.0530	0.4902
37	167	0.1540	3	1	1	0	0	0	0	0	0	N	N	N	N	N	N	N	N	N	N	N	N	1.2629	1.6081	0.0000	0.0000	0.0000	0.0000	1.4440	1.7544	0.0000	6.1310	7.2422	0.0000	0.0000	0.0000	0.0000	6.4304	7.6316	0.0000	4.8548	4.5037	4.0679	4.0150	4.7590	0.0261	4.4533	4.3501	4.5667	0.0000	0.5760	-0.3322	-0.2422	6.9981	2.7966	25.9787	8.5340	0.7530	0.7530	0.0000	0.0000	0.0000	0.0000	0.7530	0.7530	0.0000	2.6079	1.6548	0.9531	0.6574	0.6567	0.0007	1.9505	0.9981	0.9525	0.1228	0.1040	0.0188	0.0057	0.0053	0.0004	0.1171	0.0987	0.0184	0.6017	0.3674	0.2343	0.1637	0.1380	0.0257	0.4380	0.2294	0.2086	1.4146	1.6081	0.0000	0.0000	0.0000	0.0000	1.4440	1.7544	0.0000	4.3340	4.5037	4.0679	4.0150	4.7590	0.0261	4.4533	4.3501	4.5667
38	39	0.0930	3	1	2	0	0	0	0	0	0	N	Y	N	N	N	N	N	N	N	N	N	N	1.3996	0.0000	7.3224	0.0000	0.0000	0.0000	1.3276	0.0000	7.2003	4.3862	0.0000	27.7149	0.0000	0.0000	0.0000	4.9677	0.0000	28.7121	3.1338	2.6745	3.7849	0.0162	0.0186	0.0003	3.7418	3.5245	3.9877	inf	0.9984	0.4137	0.0825	4.7553	5.0000	10.1994	27.3229	0.7402	0.0000	0.7402	0.0000	0.0000	0.0000	0.7402	0.0000	0.7402	2.0015	1.0015	1.0000	0.0017	0.0017	0.0000	1.9998	0.9999	1.0000	0.1688	0.1420	0.0267	0.0198	0.0188	0.0009	0.1490	0.1232	0.0258	0.6387	0.3745	0.2642	0.1042	0.0908	0.0134	0.5345	0.2837	0.2508	1.3996	0.0000	7.3224	0.0000	0.0000	0.0000	1.3276	0.0000	7.2003	3.1338	2.6745	3.7849	0.0162	0.0186	0.0003	3.7418	3.5245	3.9877
38	40	0.1669	5	0	2	0	0	0	0	0	0	N	Y	N	N	N	N	N	N	N	N	N	N	0.0000	0.0000	0.0000	0.0000	0.0000	0.0000	0.0000	0.0000	0.0000	0.0000	0.0000	0.0000	0.0000	0.0000	0.0000	0.0000	0.0000	1.7130	0.0039	4.4239	0.0055	0.0066	0.0000	2.3471	0.0024	4.9945	708.8588	0.0000	0.5409	4.7553	7.0019	10.1994	21.4344	0.0000	0.0000	0.0000	0.0000	0.0000	0.0000	0.0000	0.0000	0.0000	1.0013	0.0014	0.9999	0.0009	0.0009	0.0000	1.0005	0.0005	0.9999	0.2483	0.2092	0.0391	0.0330	0.0312	0.0018	0.2153	0.1780	0.0373	0.5846	0.3585	0.2260	0.1583	0.1325	0.0258	0.4263	0.2260	0.2002	0.0000	0.0000	0.0000	0.0000	0.0000	0.0000	0.0000	0.0000	0.0000	1.7130	0.0039	4.4239	0.0055	0.0066	0.0000	2.3471	0.0024	4.9945		
38	41	0.5973	8	0	2	0	0	0	0	0	0	N	Y	N	N	N	N	N	N	N	N	N	N	0.0145	0.0000	0.2528	0.0000	0.0000	0.0000	0.0123	0.0000	0.4749	0.0000	0.0000	0.0000	0.0000	0.0000	0.0000	0.0000	0.0000	0.0001	0.0004	0.0005	0.0002	0.0001	0.0000	0.0003	0.0008	0.0015	0.0001	inf	0.1820	0.0000	-0.0000	4.7553	8.1446	10.1994	10.2519	0.0000	0.0000	0.0000	0.0000	0.0000	0.0000	0.0000	0.0000	0.0000	0.0001	0.0001	0.0000	0.0000	0.0000	0.0000	0.0001	0.0001	0.0000	0.3470	0.3065	0.0405	0.1518	0.1415	0.0102	0.1953	0.1650	0.0303	0.3367	0.2313	0.1055	0.1877	0.1576	0.0301	0.1490	0.0736	0.0754	0.0145	0.0000	0.2528	0.0000	0.0000	0.0000	0.0123	0.0000	0.4749	0.0004	0.0005	0.0002	0.0001	0.0000	0.0003	0.0008	0.0015	0.0001
38	42	0.1669	5	0	2	0	0	0	0	0	0	N	Y	N	N	N	N	N	N	N	N	N	N	0.0002	0.0000	19.5435	0.0000	0.0000	0.0000	inf	inf	0.0006	0.0000	0.0039	0.0000	0.0000	0.0000	0.0007	0.0000	0.0040	2.5291	4.0537	0.0002	19.4030	21.1120	0.0017	0.0000	0.0000	0.0000	inf	0.0000	0.0001	-0.4587	4.7553	5.9981	10.1994	11.5875	0.0001	0.0000	0.0001	0.0000	0.0000	0.0000	0.0001	0.0000	0.0001	1.0007	1.0007	0.0000	1.0007	1.0007	0.0000	0.0000	0.0000	0.0000	0.2138	0.1801	0.0337	0.0285	0.0269	0.0015	0.1853	0.1531	0.0322	0.3957	0.2469	0.1488	0.1119	0.0951	0.0168	0.2838	0.1518	0.1320	0.0002	0.0000	19.5435	0.0000	0.0000	0.0000	inf	0.0000	inf	2.5291	4.0537	0.0002	8.9426	10.5248	0.0017	0.0000	0.0000	0.0000	
38	43	0.2507	5	0	2	1	1	0	0	0	0	N	Y	N	N	N	N	N	N	N	N	N	N	0.0000	0.0000	0.0000	0.0000	0.0000	0.0000	0.0000	0.0000	0.0000	0.0000	0.0000	0.0000	0.0000	0.0000	0.0000	0.0000	0.0000	0.0000	0.0012	0.0001	0.0042	0.0019	0.0002	0.0184	0.0004	0.0000	0.0011	10.9706	0.0000	0.0001	4.7553	1.0007	10.1994	2.4334	0.0000	0.0000	0.0000	0.0000	0.0000	0.0000	0.0000	0.0000	0.0000	0.0001	0.0000	0.0001	0.0001	0.0000	0.0001	0.0000	0.0000	0.0000	0.0351	0.0297	0.0054	0.0070	0.0066	0.0004	0.0281	0.0232	0.0050	0.1200	0.0893	0.0306	0.0602	0.0546	0.0055	0.0598	0.0347	0.0251	0.0000	0.0000	0.0000	0.0000	0.0000	0.0000	0.0000	0.0000	0.0000	0.0012	0.0001	0.0042	0.0019	0.0002	0.0184	0.0004	0.0000	0.0011	
38	44	0.2134	4	0	1	0	1	0	0	0	0	N	N	N	N	N	N	N	N	N	N	N	N	0.0047	0.2171	0.0000	0.0131	0.5737	0.0000	0.0000	0.0000	0.0000	0.0002	0.0002	0.0000	0.0010	0.0010	0.0000	0.0000	0.0000	0.0000	0.0437	0.0011	0.1394	0.0727	0.0017	0.4792	0.0126	0.0000	0.0263	0.0001	55.6260	-0.0000	0.0125	4.7553	1.0391	10.1994	15.0482	0.0000	0.0000	0.0000	0.0000	0.0000	0.0000	0.0000	0.0000	0.0000	0.0239	0.0004	0.0235	0.0206	0.0004	0.0202	0.0033	0.0000	0.0033	0.0387	0.0329	0.0058	0.0084	0.0080	0.0004	0.0304	0.0249	0.0054	0.5469	0.3784	0.1685	0.2834	0.2413	0.0421	0.2635	0.1370	0.1264	0.0047	0.2171	0.0000	0.0131	0.5737	0.0000	0.0000	0.0000	0.0000	0.0437	0.0011	0.1394	0.0727	0.0017	0.4792	0.0126	0.0000	0.0263
38	45	0.0930	3	0	2	0	0	0	0	0	0	N	Y	N	N	N	N	N	N	N	N	N	N	0.0442	0.2112	0.0000	0.4046	0.4714	0.0000	0.0000	0.0000	0.0000	0.0001	0.0002	0.0000	0.0011	0.0012	0.0000	0.0000	0.0000	0.0000	0.0029	0.0007	0.0060	0.0028	0.0025	0.0046	0.0030	0.0002	0.0061	0.0000	5.8838	-0.0000	0.0008	4.7553	12.0036	10.1994	21.9053	0.0001	0.0001	0.0000	0.0001	0.0001	0.0000	0.0000	0.0000	0.0000	0.0020	0.0003	0.0017	0.0003	0.0002	0.0001	0.0017	0.0001	0.0016	0.3969	0.3350	0.0619	0.0459	0.0437	0.0021	0.3510	0.2912	0.0598	0.6725	0.3942	0.2784	0.1089	0.0947	0.0141	0.5637	0.2994	0.2642	0.0442	0.2112	0.0000	0.4046	0.4714	0.0000	0.0000	0.0000	0.0000	0.0029	0.0007	0.0060	0.0028	0.0025	0.0046	0.0030	0.0002	0.0061
38	46	0.5744	11	1	2	0	0	0	0	0	0	N	Y	N	N	N	N	N	N	N	N	N	N	0.0000	0.0000	0.0000	0.0000	0.0000	0.0000	0.0000	0.0000	0.0000	0.0000	0.0000	0.0000	0.0000	0.0000	0.0000	0.0000	0.0000	0.0000	0.0001	0.0001	0.0000	0.0002	0.0002	0.0000	0.0000	0.0000	0.0000	0.0645	0.0000	-0.0000	4.7553	2.0120	10.1994	1.9924	0.0000	0.0000	0.0000	0.0000	0.0000	0.0000	0.0000	0.0000	0.0000	0.0000	0.0000	0.0000	0.0000	0.0000	0.0000	0.0000	0.0000	0.0000	0.0723	0.0628	0.0095	0.0238	0.0218	0.0020	0.0485	0.0410	0.0075	0.0730	0.0480	0.0250	0.0382	0.0311	0.0072	0.0347	0.0169	0.0178	0.0000	0.0000	0.0000	0.0000	0.0000	0.0000	0.0000	0.0000	0.0000	0.0001	0.0001	0.0000	0.0002	0.0002	0.0000	0.0000	0.0000	0.0000	
38	47	0.1975	9	1	2	0	0	0	0	0	0	N	Y	N	N	N	N	N	N	N	N	N	N	0.0000	0.0000	0.0000	0.0000	0.0000	0.0000	0.0000	0.0000	0.0000	0.0000	0.0000	0.0000	0.0000	0.0000	0.0000	0.0000	0.0000	0.0004	0.0006	0.0000	0.0016	0.0020	0.0000	0.0000	0.0000	0.0000	0.0001	0.0000	-0.0000	4.7553	0.0002	10.1994	4.0036	0.0000	0.0000	0.0000	0.0000	0.0000	0.0000	0.0000	0.0000	0.0000	0.0000	0.0000	0.0000	0.0000	0.0000	0.0000	0.0000	0.0000	0.0000	0.0000	0.0000	0.0000	0.0000	0.0000	0.0000	0.0000	0.0000	0.0000	0.0826	0.0483	0.0342	0.0187	0.0153	0.0034	0.0639	0.0330	0.0308	0.0000	0.0000	0.0000	0.0000	0.0000	0.0000	0.0000	0.0000	0.0000	0.0004	0.0006	0.0000	0.0016	0.0020	0.0000	0.0000	0.0000	0.0000		
38	48	0.0930	3	0	2	0	1	0	0	0	0	N	Y	N	N	N	N	N	N	N	N	N	N	0.0002	0.0008	0.0000	0.0001	0.0014	0.0000	0.0000	0.0000	0.0000	0.0002	0.0002	0.0000	0.0018	0.0018	0.0000	0.0000	0.0000	0.0000	1.1655	0.3024	2.3831	11.8164	1.3373	75.6374	0.1086	0.0005	0.2329	0.0000	5.5860	-0.0000	0.4606	4.7553	6.0036	10.1994	51.7820	0.0000	0.0000	0.0000	0.0000	0.0000	0.0000	0.0000	0.0000	0.0000	1.1816	0.1794	1.0022	1.0883	0.1792	0.9091	0.0933	0.0002	0.0931	0.2016	0.1697	0.0318	0.0235	0.0224	0.0011	0.1780	0.1473	0.0307	1.0138	0.5932	0.4205	0.1549	0.1340	0.0209	0.8589	0.4593	0.3997	0.0002	0.0008	0.0000	0.0002	0.0014	0.0000	0.0000	0.0000	0.0000	1.1655	0.3024	2.3831	7.0275	1.3373	43.5394	0.1086	0.0005	0.2329
38	49	0.0930	3	1	2	0	0	0	0	0	0	N	Y	N	N	N	N	N	N	N	N	N	N	0.0446	0.0000	0.1171	0.0000	0.0000	0.0000	0.5892	0.0000	1.6017	0.0567	0.0000	0.3589	0.0000	0.0000	0.0000	0.0642	0.0000	0.3718	1.2712	0.0015	3.0655	13.5367	0.0042	113.3850	0.1089	0.0007	0.2321	inf	1454.8297	0.0064	0.5292	4.7553	5.9964	10.1994	34.6547	0.0114	0.0000	0.0114	0.0000	0.0000	0.0000	0.0114	0.0000	0.0114	0.9784	0.0007	0.9777	0.9079	0.0004	0.9074	0.0705	0.0002	0.0703	0.2013	0.1695	0.0318	0.0235	0.0224	0.0011	0.1778	0.1471	0.0307	0.7697	0.4507	0.3189	0.1221	0.1060	0.0161	0.6475	0.3447	0.3028	0.0446	0.0000	0.1171	0.0000	0.0000	0.0000	0.5892	0.0000	1.6017	1.2712	0.0015	3.0655	7.4334	0.0042	56.2775	0.1089	0.0007	0.2321
38	50	0.1825	4	0	1	1	0	0	0	0	0	N	N	N	N	N	N	N	N	N	N	N	N	1.0254	0.0060	2.5296	0.1118	0.0842	4.8368	0.7972	0.0000	2.2426	0.7033	0.0002	4.9541	0.0009	0.0008	0.0034	0.8635	0.0000	5.2583	0.6859	0.0280	1.9585	0.0084	0.0097	0.0007	1.0832	0.0446	2.3447	4842.0557	36.1521	0.4130	0.5272	4.7553	31.2093	10.1994	46.3939	0.7392	0.0002	0.7391	0.0002	0.0002	0.0000	0.7391	0.0000	0.7391	1.0243	0.0276	0.9967	0.0046	0.0046	0.0001	1.0197	0.0230	0.9966	1.0511	0.9019	0.1492	0.1952	0.1865	0.0086	0.8559	0.7154	0.1406	1.4934	0.9845	0.5089	0.5520	0.4682	0.0839	0.9414	0.5163	0.4251	1.0254	0.0060	2.5296	0.1118	0.0842	4.8368	0.7972	0.0000	2.2426	0.6859	0.0280	1.9585	0.0084	0.0097	0.0007	1.0832	0.0446	2.3447
38	51	0.1298	4	0	2	0	0	0	0	0	0	N	Y	N	N	N	N	N	N	N	N	N	N	0.0002	0.0366	0.0000	0.0004	0.0921	0.0000	0.0000	0.0000	0.0000	0.0001	0.0002	0.0000	0.0007	0.0008	0.0000	0.0000	0.0000	0.0000	0.8277	0.0043	2.5081	1.7683	0.0082	10.4381	0.1308	0.0000	0.2933	0.0000	284.6842	-0.0000	0.2939	4.7553	4.1516	10.1994	14.5664	0.0000	0.0000	0.0000	0.0000	0.0000	0.0000	0.0000	0.0000	0.0000	0.5462	0.0019	0.5443	0.4967	0.0019	0.4948	0.0496	0.0000	0.0496	0.1603	0.1365	0.0237	0.0298	0.0286	0.0012	0.1304	0.1079	0.0225	0.6599	0.4429	0.2170	0.2809	0.2328	0.0481	0.3790	0.2101	0.1690	0.0002	0.0366	0.0000	0.0004	0.0921	0.0000	0.0000	0.0000	0.0000	0.8277	0.0043	2.5081	1.7683	0.0082	10.2930	0.1308	0.0000	0.2933
38	52	0.2103	6	1	1	1	0	0	0	0	0	N	N	N	N	N	N	N	N	N	N	N	N	4.7681	18513.2090	0.0053	2921.2659	3084.7800	171.2310	4.3660	inf	0.0000	0.0738	0.0853	0.0003	0.0287	0.0300	0.0018	0.1070	0.1336	0.0000	0.0155	0.0000	0.0497	0.0000	0.0000	0.0000	0.0245	0.0000	0.0573	0.0005	4882.4323	-0.0000	0.0002	4.7553	0.0028	10.1994	0.9232	0.0000	0.0000	0.0000	0.0000	0.0000	0.0000	0.0000	0.0000	0.0000	0.0004	0.0000	0.0004	0.0000	0.0000	0.0000	0.0004	0.0000	0.0004	0.0004	0.0003	0.0000	0.0002	0.0001	0.0000	0.0002	0.0002	0.0000	0.0277	0.0191	0.0086	0.0102	0.0091	0.0011	0.0175	0.0100	0.0075	4.7681	18513.2090	0.0053	2921.2659	3084.7800	171.2310	4.3660	inf	0.0000	0.0155	0.0000	0.0497	0.0000	0.0000	0.0000	0.0245	0.0000	0.0573
38	53	0.5896	10	0	2	0	0	0	0	0	0	N	Y	N	N	N	N	N	N	N	N	N	N	0.0026	0.0001	0.1733	0.0003	0.0003	0.0035	0.0155	0.0000	0.1444	0.0000	0.0000	0.0003	0.0000	0.0000	0.0000	0.0001	0.0000	0.0004	0.0175	0.0247	0.0019	0.0280	0.0331	0.0004	0.0040	0.0056	0.0025	18.8085	0.0347	0.0000	-0.0053	4.7553	8.5400	10.1994	19.3759	0.0000	0.0000	0.0000	0.0000	0.0000	0.0000	0.0000	0.0000	0.0000	0.0125	0.0120	0.0004	0.0112	0.0112	0.0000	0.0012	0.0008	0.0004	0.3464	0.2999	0.0465	0.0999	0.0957	0.0042	0.2465	0.2042	0.0424	0.7110	0.4877	0.2233	0.4019	0.3389	0.0630	0.3092	0.1489	0.1603	0.0026	0.0001	0.1733	0.0003	0.0003	0.0035	0.0155	0.0000	0.1444	0.0175	0.0247	0.0019	0.0280	0.0331	0.0004	0.0040	0.0056	0.0025
38	54	0.5266	9	0	1	0	0	0	0	0	0	N	N	N	N	N	N	N	N	N	N	N	N	0.0015	0.0006	0.0786	0.0014	0.0012	0.0000	0.0026	0.0000	0.1255	0.0001	0.0000	0.0002	0.0001	0.0001	0.0000	0.0000	0.0000	0.0003	0.0407	0.0586	0.0030	0.0626	0.0728	0.0059	0.0175	0.0330	0.0021	1.0493	0.0246	0.0000	-0.0139	4.7553	7.3474	10.1994	24.2346	0.0000	0.0000	0.0000	0.0000	0.0000	0.0000	0.0000	0.0000	0.0000	0.0320	0.0312	0.0008	0.0253	0.0249	0.0004	0.0067	0.0063	0.0004	0.3271	0.2854	0.0417	0.1119	0.1073	0.0045	0.2153	0.1781	0.0372	0.7855	0.5331	0.2524	0.4039	0.3428	0.0611	0.3816	0.1903	0.1912	0.0015	0.0006	0.0786	0.0014	0.0012	0.0000	0.0026	0.0000	0.1255	0.0407	0.0586	0.0030	0.0626	0.0728	0.0059	0.0175	0.0330	0.0021
38	55	0.4968	8	0	1	0	0	0	0	0	0	N	N	N	N	N	N	N	N	N	N	N	N	0.0000	0.0000	0.0100	0.0000	0.0000	0.0000	0.0015	0.0000	0.0349	0.0001	0.0001	0.0001	0.0001	0.0001	0.0000	0.0000	0.0000	0.0001	1.4087	2.0131	0.0117	2.6435	3.0745	0.0356	0.0159	0.0271	0.0038	0.3082	0.0025	-0.0000	-0.4177	4.7553	3.4216	10.1994	15.9376	0.0000	0.0000	0.0000	0.0000	0.0000	0.0000	0.0000	0.0000	0.0000	0.9164	0.9141	0.0023	0.9115	0.9098	0.0017	0.0049	0.0043	0.0006	0.1772	0.1557	0.0215	0.0714	0.0688	0.0026	0.1058	0.0869	0.0189	0.6505	0.4541	0.1965	0.3448	0.2959	0.0489	0.3057	0.1582	0.1476	0.0000	0.0000	0.0100	0.0000	0.0000	0.0000	0.0015	0.0000	0.0349	1.4087	2.0131	0.0117	2.6435	3.0745	0.0356	0.0159	0.0271	0.0038
38	56	0.2134	4	0	2	0	0	0	0	0	0	N	Y	N	N	N	N	N	N	N	N	N	N	0.0053	0.0518	0.0000	0.0139	0.1312	0.0000	0.0000	0.0000	0.0000	0.0002	0.0003	0.0000	0.0010	0.0010	0.0000	0.0000	0.0000	0.0000	0.0403	0.0049	0.1163	0.0716	0.0079	0.4330	0.0099	0.0000	0.0205	0.0001	11.0715	-0.0000	0.0117	4.7553	0.9891	10.1994	20.6926	0.0000	0.0000	0.0000	0.0000	0.0000	0.0000	0.0000	0.0000	0.0000	0.0254	0.0021	0.0233	0.0222	0.0021	0.0201	0.0032	0.0000	0.0031	0.0370	0.0314	0.0056	0.0080	0.0077	0.0004	0.0290	0.0238	0.0052	0.6301	0.4298	0.2002	0.3106	0.2641	0.0465	0.3195	0.1658	0.1537	0.0053	0.0518	0.0000	0.0139	0.1312	0.0000	0.0000	0.0000	0.0000	0.0403	0.0049	0.1163	0.0716	0.0079	0.4330	0.0099	0.0000	0.0205
38	57	0.0930	3	0	1	0	0	0	0	0	0	N	N	N	N	N	N	N	N	N	N	N	N	0.0002	0.0380	0.0001	0.0002	0.0761	0.0000	0.0005	0.0000	0.0015	0.0003	0.0003	0.0003	0.0021	0.0022	0.0000	0.0001	0.0000	0.0003	1.1612	0.0076	2.7904	11.0393	0.0286	102.5897	0.0995	0.0012	0.2117	0.1934	260.3005	-0.0000	0.5153	4.7553	5.0326	10.1994	39.3193	0.0000	0.0000	0.0000	0.0000	0.0000	0.0000	0.0000	0.0000	0.0000	0.9582	0.0037	0.9546	0.8890	0.0032	0.8858	0.0692	0.0005	0.0688	0.1698	0.1429	0.0269	0.0199	0.0189	0.0009	0.1499	0.1240	0.0259	0.8252	0.4831	0.3421	0.1297	0.1124	0.0172	0.6955	0.3707	0.3249	0.0002	0.0380	0.0001	0.0003	0.0761	0.0000	0.0005	0.0000	0.0015	1.1612	0.0076	2.7904	6.8572	0.0286	51.3923	0.0995	0.0012	0.2117
38	58	0.0930	3	0	2	0	1	0	0	0	0	N	Y	N	N	N	N	N	N	N	N	N	N	0.0005	0.0010	0.0000	0.0003	0.0017	0.0000	0.0000	0.0000	0.0000	0.0010	0.0012	0.0000	0.0087	0.0091	0.0000	0.0000	0.0000	0.0000	1.9767	1.2518	3.0009	31.3480	5.3398	111.8464	0.1060	0.0000	0.2267	0.0000	1.6967	-0.0001	0.2654	4.7553	5.0036	10.1994	36.7244	0.0002	0.0002	0.0000	0.0002	0.0002	0.0000	0.0000	0.0000	0.0000	1.5537	0.5761	0.9775	1.4835	0.5761	0.9074	0.0701	0.0000	0.0701	0.1689	0.1421	0.0267	0.0198	0.0188	0.0009	0.1491	0.1233	0.0258	0.7860	0.4603	0.3257	0.1243	0.1079	0.0165	0.6617	0.3524	0.3093	0.0005	0.0010	0.0000	0.0007	0.0017	0.0000	0.0000	0.0000	0.0000	1.9767	1.2518	3.0009	11.9307	5.3398	55.1525	0.1060	0.0000	0.2267
38	59	0.4771	8	0	2	0	1	0	0	0	0	N	Y	N	N	N	N	N	N	N	N	N	N	4.3401	4.6837	0.0000	7.2321	8.2517	0.0000	0.0100	0.0294	0.0000	1.5852	1.8205	0.0000	4.5653	4.7872	0.0000	0.0004	0.0005	0.0000	0.3653	0.3887	0.3062	0.6313	0.5801	0.9413	0.0391	0.0160	0.0662	0.0000	0.3129	-0.3258	-0.0831	4.7553	10.4254	10.1994	21.2017	0.7385	0.7385	0.0000	0.7384	0.7384	0.0000	0.0001	0.0001	0.0000	0.3775	0.2876	0.0900	0.3594	0.2836	0.0759	0.0181	0.0040	0.0141	0.4659	0.4057	0.0602	0.1617	0.1542	0.0075	0.3041	0.2514	0.0527	1.0337	0.7399	0.2938	0.5694	0.4888	0.0806	0.4643	0.2511	0.2132	4.3401	4.6837	0.0000	7.2321	8.2517	0.0000	0.0100	0.0294	0.0000	0.3653	0.3887	0.3062	0.6313	0.5801	0.9413	0.0391	0.0160	0.0662
38	60	0.2103	6	1	1	1	0	0	0	0	0	N	N	N	N	N	N	N	N	N	N	N	N	0.1410	44.2432	0.0000	46.7023	42.7616	0.0000	0.0694	inf	0.0000	0.0005	0.0006	0.0000	0.0013	0.0014	0.0000	0.0004	0.0005	0.0000	0.0038	0.0000	0.0101	0.0000	0.0000	0.0000	0.0055	0.0000	0.0119	0.0000	424.3101	-0.0000	0.0002	4.7553	1.9981	10.1994	3.0867	0.0000	0.0000	0.0000	0.0000	0.0000	0.0000	0.0000	0.0000	0.0000	0.0004	0.0000	0.0004	0.0000	0.0000	0.0000	0.0004	0.0000	0.0004	0.0688	0.0587	0.0101	0.0110	0.0101	0.0009	0.0578	0.0486	0.0092	0.1118	0.0704	0.0414	0.0360	0.0299	0.0061	0.0758	0.0405	0.0353	0.1410	44.2432	0.0000	46.7023	42.7616	0.0000	0.0694	inf	0.0000	0.0038	0.0000	0.0101	0.0000	0.0000	0.0000	0.0055	0.0000	0.0119
38	61	0.1669	5	1	1	1	0	0	0	0	0	N	N	N	N	N	N	N	N	N	N	N	N	2.1093	4723.6204	0.0000	281.3449	263.4401	0.0000	1.7223	11146.1107	0.0000	5.2129	6.1932	0.0000	0.5931	0.6271	0.0000	5.9267	7.1785	0.0000	2.4713	0.0013	6.8729	0.0021	0.0024	0.0006	3.4413	0.0006	7.3922	0.0000	3023.7819	-0.3315	0.5413	4.7553	4.0039	10.1994	14.0733	0.7516	0.7516	0.0000	0.0114	0.0114	0.0000	0.7401	0.7401	0.0000	0.9999	0.0003	0.9996	0.0002	0.0002	0.0000	0.9997	0.0001	0.9996	0.1442	0.1214	0.0228	0.0193	0.0183	0.0010	0.1249	0.1031	0.0218	0.4046	0.2521	0.1525	0.1141	0.0969	0.0173	0.2905	0.1553	0.1352	2.1093	4723.6204	0.0000	281.3449	263.4401	0.0000	1.7223	11146.1107	0.0000	2.4713	0.0013	6.5558	0.0021	0.0024	0.0006	3.4413	0.0006	7.3922
38	62	0.1863	6	1	1	1	0	0	0	0	0	N	N	N	N	N	N	N	N	N	N	N	N	0.0000	0.0000	0.0000	0.0000	0.0000	0.0000	0.0000	0.0000	0.0000	0.0000	0.0000	0.0000	0.0000	0.0000	0.0000	0.0000	0.0000	0.0000	7.2962	4.9349	9.4723	0.0090	0.0101	0.0034	8.3874	8.3099	9.1842	1.0111	0.0000	0.0893	4.7553	0.0060	10.1994	17.2393	0.0000	0.0000	0.0000	0.0000	0.0000	0.0000	0.0000	0.0000	0.0000	2.0116	1.0002	1.0113	0.0009	0.0009	0.0001	2.0106	0.9993	1.0113	0.0009	0.0007	0.0001	0.0004	0.0004	0.0000	0.0005	0.0004	0.0001	0.3455	0.2083	0.1371	0.1057	0.0880	0.0177	0.2397	0.1203	0.1195	0.0000	0.0000	0.0000	0.0000	0.0000	0.0000	0.0000	0.0000	0.0000	5.8230	4.8017	7.3744	0.0090	0.0101	0.0034	8.3874	8.3099	8.4654	
38	63	0.1298	4	0	1	1	0	0	0	0	0	N	N	N	N	N	N	N	N	N	N	N	N	0.0261	0.0619	0.0000	0.1588	0.1350	0.0000	0.0000	0.0000	0.0000	0.0000	0.0000	0.0000	0.0001	0.0001	0.0000	0.0000	0.0000	0.0000	0.0012	0.0006	0.0025	0.0007	0.0009	0.0000	0.0015	0.0002	0.0033	0.0001	1.9938	-0.0000	0.0001	4.7553	1.0230	10.1994	12.1924	0.0000	0.0000	0.0000	0.0000	0.0000	0.0000	0.0000	0.0000	0.0000	0.0007	0.0002	0.0004	0.0002	0.0002	0.0000	0.0005	0.0000	0.0004	0.0532	0.0461	0.0071	0.0142	0.0139	0.0004	0.0390	0.0323	0.0067	0.5720	0.3928	0.1792	0.2694	0.2225	0.0469	0.3026	0.1703	0.1323	0.0261	0.0619	0.0000	0.1588	0.1350	0.0000	0.0000	0.0000	0.0000	0.0012	0.0006	0.0025	0.0007	0.0009	0.0000	0.0015	0.0002	0.0033
38	64	0.0930	3	0	1	0	0	0	0	0	0	N	N	N	N	N	N	N	N	N	N	N	N	0.0005	0.0082	0.0000	0.0004	0.0126	0.0000	0.0023	0.0231	0.0005	0.0007	0.0009	0.0001	0.0041	0.0043	0.0000	0.0003	0.0003	0.0001	1.3596	0.1061	3.1763	10.7423	0.3453	121.8877	0.1266	0.0141	0.2506	0.0261	20.6523	-0.0000	0.2253	4.7553	2.4556	10.1994	12.4191	0.0001	0.0001	0.0000	0.0000	0.0000	0.0000	0.0000	0.0000	0.0000	0.4548	0.0210	0.4338	0.4203	0.0190	0.4013	0.0345	0.0020	0.0325	0.0841	0.0707	0.0134	0.0100	0.0095	0.0005	0.0742	0.0612	0.0129	0.3345	0.1979	0.1366	0.0618	0.0550	0.0068	0.2727	0.1429	0.1297	0.0005	0.0082	0.0000	0.0006	0.0126	0.0000	0.0023	0.0231	0.0005	1.3596	0.1061	3.1763	6.7982	0.3453	58.6304	0.1266	0.0141	0.2506
38	65	0.2154	5	0	2	0	0	0	0	0	0	N	Y	N	N	N	N	N	N	N	N	N	N	1.8625	1.5770	0.0000	3.8746	3.6710	0.0000	0.0000	0.0000	0.0000	0.0005	0.0006	0.0000	0.0023	0.0024	0.0000	0.0000	0.0000	0.0000	0.0003	0.0004	0.0001	0.0006	0.0007	0.0002	0.0001	0.0001	0.0000	0.0000	0.0738	-0.0000	-0.0000	4.7553	1.7555	10.1994	11.9300	0.0000	0.0000	0.0000	0.0000	0.0000	0.0000	0.0000	0.0000	0.0000	0.0001	0.0001	0.0000	0.0001	0.0001	0.0000	0.0000	0.0000	0.0000	0.0696	0.0599	0.0096	0.0159	0.0152	0.0006	0.0537	0.0447	0.0090	0.3348	0.2274	0.1074	0.1399	0.1205	0.0194	0.1949	0.1069	0.0880	1.8625	1.5770	0.0000	3.8746	3.6710	0.0000	0.0000	0.0000	0.0000	0.0003	0.0004	0.0001	0.0006	0.0007	0.0002	0.0001	0.0001	0.0000
38	66	0.1944	7	1	2	1	0	0	0	0	0	N	Y	N	N	N	N	N	N	N	N	N	N	0.0000	0.0000	0.0000	0.0000	0.0000	0.0000	0.0000	0.0000	0.0000	0.0000	0.0000	0.0000	0.0000	0.0000	0.0000	0.0000	0.0000	0.0000	0.0000	0.0000	4.7553	0.0000	10.1994	0.0000	0.0000	0.0000	0.0000	0.0000	0.0000	0.0000	0.0000	0.0000	0.0000	0.0000	0.0000	0.0000	0.0000	0.0000	0.0000	0.0000	0.0000	0.0000	0.0000	0.0000	0.0000	0.0000	0.0000	0.0000	0.0000	0.0000	0.0000	0.0000	0.0000	0.0000	0.0000	0.0000	0.0000	0.0000	0.0000	0.0000	0.0000	0.0000	0.0000	0.0000	0.0000	0.0000	0.0000	0.0000	0.0000	0.0000	0.0000	0.0000	0.0000	0.0000	0.0000	0.0000	0.0000	0.0000											
38	67	0.6989	10	1	2	1	0	0	0	0	0	N	Y	N	N	N	N	N	N	N	N	N	N	0.0000	0.0000	0.0000	0.0000	0.0000	0.0000	0.0000	0.0000	0.0000	0.0000	0.0000	0.0000	0.0000	0.0000	0.0000	0.0000	0.0000	0.0000	0.0000	0.0000	4.7553	1.0000	10.1994	3.0000	0.0000	0.0000	0.0000	0.0000	0.0000	0.0000	0.0000	0.0000	0.0000	0.0000	0.0000	0.0000	0.0000	0.0000	0.0000	0.0000	0.0000	0.0000	0.0327	0.0286	0.0041	0.0134	0.0122	0.0011	0.0193	0.0163	0.0030	0.0677	0.0466	0.0211	0.0383	0.0325	0.0058	0.0294	0.0140	0.0153	0.0000	0.0000	0.0000	0.0000	0.0000	0.0000	0.0000	0.0000	0.0000	0.0000	0.0000	0.0000	0.0000	0.0000	0.0000	0.0000	0.0000	0.0000											
38	68	0.1944	7	1	2	1	0	0	0	0	0	N	Y	N	N	N	N	N	N	N	N	N	N	0.0000	0.0000	0.0000	0.0000	0.0000	0.0000	0.0000	0.0000	0.0000	0.0000	0.0000	0.0000	0.0000	0.0000	0.0000	0.0000	0.0000	0.0000	0.0000	0.0000	4.7553	1.0000	10.1994	0.0000	0.0000	0.0000	0.0000	0.0000	0.0000	0.0000	0.0000	0.0000	0.0000	0.0000	0.0000	0.0000	0.0000	0.0000	0.0000	0.0000	0.0000	0.0000	0.0361	0.0303	0.0058	0.0041	0.0039	0.0002	0.0320	0.0264	0.0056	0.0209	0.0122	0.0087	0.0055	0.0045	0.0010	0.0154	0.0077	0.0077	0.0000	0.0000	0.0000	0.0000	0.0000	0.0000	0.0000	0.0000	0.0000	0.0000	0.0000	0.0000	0.0000	0.0000	0.0000	0.0000	0.0000	0.0000											
38	69	0.1780	6	1	2	1	0	0	0	0	0	N	Y	N	N	N	N	N	N	N	N	N	N	0.0928	0.0000	0.2401	0.0000	0.0000	0.0000	0.6511	0.0000	2.5062	0.0000	0.0000	0.0000	0.0000	0.0000	0.0000	0.0000	0.0000	0.0000	0.0001	0.0000	0.0002	0.0002	0.0000	0.0017	0.0000	0.0000	0.0000	inf	12.0084	0.0000	0.0000	4.7553	1.0155	10.1994	5.9708	0.0000	0.0000	0.0000	0.0000	0.0000	0.0000	0.0000	0.0000	0.0000	0.0000	0.0000	0.0000	0.0000	0.0000	0.0000	0.0000	0.0000	0.0000	0.0388	0.0327	0.0061	0.0051	0.0049	0.0002	0.0336	0.0278	0.0059	0.1701	0.1064	0.0637	0.0433	0.0379	0.0054	0.1268	0.0686	0.0582	0.0928	0.0000	0.2401	0.0000	0.0000	0.0000	0.6511	0.0000	2.5062	0.0001	0.0000	0.0002	0.0002	0.0000	0.0017	0.0000	0.0000	0.0000
38	70	0.1732	5	1	1	1	0	0	0	0	0	N	N	N	N	N	N	N	N	N	N	N	N	2.1326	0.0853	8.6249	0.0986	0.1366	1.0703	12.1039	0.0000	40.4039	0.0031	0.0001	0.0247	0.0003	0.0002	0.0132	0.0046	0.0000	0.0249	0.0015	0.0008	0.0029	0.0028	0.0014	0.0124	0.0004	0.0002	0.0006	48.5497	1.5131	0.0000	0.0000	4.7553	0.0406	10.1994	2.3361	0.0000	0.0000	0.0000	0.0000	0.0000	0.0000	0.0000	0.0000	0.0000	0.0002	0.0001	0.0001	0.0002	0.0001	0.0001	0.0000	0.0000	0.0000	0.0036	0.0032	0.0005	0.0012	0.0012	0.0000	0.0024	0.0019	0.0004	0.1261	0.0871	0.0390	0.0562	0.0487	0.0075	0.0699	0.0384	0.0316	2.1326	0.0853	8.6249	0.0986	0.1366	1.0703	12.1039	0.0000	40.4039	0.0015	0.0008	0.0029	0.0028	0.0014	0.0124	0.0004	0.0002	0.0006
38	71	0.6989	10	1	2	1	0	0	0	0	0	N	Y	N	N	N	N	N	N	N	N	N	N	0.0000	0.0000	0.0000	0.0000	0.0000	0.0000	0.0000	0.0000	0.0000	0.0000	0.0000	0.0000	0.0000	0.0000	0.0000	0.0000	0.0000	0.0000	0.0000	0.0000	4.7553	0.0000	10.1994	0.0000	0.0000	0.0000	0.0000	0.0000	0.0000	0.0000	0.0000	0.0000	0.0000	0.0000	0.0000	0.0000	0.0000	0.0000	0.0000	0.0000	0.0000	0.0000	0.0000	0.0000	0.0000	0.0000	0.0000	0.0000	0.0000	0.0000	0.0000	0.0000	0.0000	0.0000	0.0000	0.0000	0.0000	0.0000	0.0000	0.0000	0.0000	0.0000	0.0000	0.0000	0.0000	0.0000	0.0000	0.0000	0.0000	0.0000	0.0000	0.0000	0.0000	0.0000	0.0000	0.0000	0.0000	0.0000											
38	72	0.6808	9	1	2	1	0	0	0	0	0	N	Y	N	N	N	N	N	N	N	N	N	N	0.5603	3.9384	0.0000	0.0000	0.0000	0.0000	0.9564	inf	0.0000	0.0004	0.0005	0.0000	0.0000	0.0000	0.0000	0.0007	0.0008	0.0000	0.0008	0.0001	0.0022	0.0008	0.0002	0.0036	0.0007	0.0000	0.0014	0.0000	7.8460	-0.0000	0.0000	4.7553	3.9057	10.1994	1.1104	0.0001	0.0001	0.0000	0.0000	0.0000	0.0000	0.0001	0.0001	0.0000	0.0001	0.0000	0.0001	0.0001	0.0000	0.0000	0.0000	0.0000	0.0000	0.1400	0.1223	0.0177	0.0540	0.0497	0.0043	0.0860	0.0726	0.0134	0.1158	0.0804	0.0354	0.0742	0.0609	0.0133	0.0416	0.0195	0.0221	0.5603	3.9384	0.0000	0.0000	0.0000	0.0000	0.9564	inf	0.0000	0.0008	0.0001	0.0022	0.0008	0.0002	0.0036	0.0007	0.0000	0.0014
38	73	0.4781	7	1	2	0	0	0	0	0	0	N	Y	N	N	N	N	N	N	N	N	N	N	0.3568	0.3522	0.0000	0.6590	0.5948	0.0000	0.0000	0.0000	0.0000	0.0008	0.0009	0.0000	0.0020	0.0021	0.0000	0.0000	0.0000	0.0000	0.0023	0.0026	0.0016	0.0030	0.0035	0.0000	0.0015	0.0009	0.0021	0.0000	0.2929	-0.0001	-0.0003	4.7553	6.9070	10.1994	16.5673	0.0003	0.0003	0.0000	0.0003	0.0003	0.0000	0.0000	0.0000	0.0000	0.0013	0.0010	0.0003	0.0009	0.0009	0.0000	0.0004	0.0001	0.0003	0.4019	0.3586	0.0433	0.1659	0.1566	0.0093	0.2360	0.2020	0.0341	0.5707	0.3888	0.1820	0.2945	0.2505	0.0439	0.2763	0.1382	0.1380	0.3568	0.3522	0.0000	0.6590	0.5948	0.0000	0.0000	0.0000	0.0000	0.0023	0.0026	0.0016	0.0030	0.0035	0.0000	0.0015	0.0009	0.0021
38	74	0.5420	9	0	2	0	1	0	0	0	0	N	Y	N	N	N	N	N	N	N	N	N	N	0.0000	0.0000	0.0000	0.0104	0.0635	0.0000	0.0000	0.0000	0.0000	0.0000	0.0000	0.0000	0.0001	0.0001	0.0000	0.0000	0.0000	0.0000	1.9003	2.7946	0.0183	0.0073	0.0012	0.0417	3.9595	8.0831	0.0109	0.0000	0.0031	-0.0000	-0.4549	4.7553	6.4226	10.1994	19.3377	0.0000	0.0000	0.0000	0.0000	0.0000	0.0000	0.0000	0.0000	0.0000	0.9991	0.9960	0.0031	0.0020	0.0003	0.0017	0.9971	0.9957	0.0014	0.2350	0.2003	0.0347	0.0578	0.0549	0.0029	0.1772	0.1454	0.0318	0.5258	0.3564	0.1694	0.2739	0.2332	0.0407	0.2518	0.1232	0.1286	0.0000	0.0000	0.0000	0.0104	0.0635	0.0000	0.0000	0.0000	0.0000	1.9003	2.7946	0.0183	0.0073	0.0012	0.0417	3.9595	8.0831	0.0109
38	75	0.4968	8	0	1	0	1	0	0	0	0	N	N	N	N	N	N	N	N	N	N	N	N	0.0001	0.0002	0.0003	0.0000	0.0005	0.0000	0.0008	0.0001	0.0440	0.0000	0.0000	0.0001	0.0000	0.0000	0.0000	0.0000	0.0000	0.0001	0.1539	0.0397	0.4133	0.2590	0.0228	1.6685	0.0379	0.0706	0.0031	2.2182	4.5807	0.0000	0.0389	4.7553	5.1932	10.1994	17.4397	0.0000	0.0000	0.0000	0.0000	0.0000	0.0000	0.0000	0.0000	0.0000	0.1072	0.0192	0.0880	0.0947	0.0071	0.0875	0.0126	0.0121	0.0005	0.2366	0.2065	0.0301	0.0854	0.0820	0.0034	0.1512	0.1246	0.0267	0.6970	0.4840	0.2130	0.3655	0.3130	0.0525	0.3316	0.1710	0.1605	0.0001	0.0002	0.0003	0.0000	0.0005	0.0000	0.0008	0.0001	0.0440	0.1539	0.0397	0.4133	0.2590	0.0228	1.6685	0.0379	0.0706	0.0031
38	76	0.4598	7	0	1	0	0	0	0	0	0	N	N	N	N	N	N	N	N	N	N	N	N	0.0017	0.0000	0.0228	0.0027	0.0000	0.0592	0.0077	0.0000	0.1122	0.0009	0.0000	0.0065	0.0024	0.0000	0.0574	0.0002	0.0000	0.0012	0.5204	0.6103	0.2859	0.8971	0.8853	0.9692	0.0287	0.0436	0.0109	83.0847	0.1796	0.0001	-0.1364	4.7553	4.4918	10.1994	17.5337	0.0002	0.0000	0.0002	0.0002	0.0000	0.0001	0.0000	0.0000	0.0000	0.4457	0.3778	0.0678	0.4350	0.3690	0.0660	0.0107	0.0088	0.0019	0.2003	0.1729	0.0274	0.0625	0.0600	0.0026	0.1378	0.1130	0.0248	0.8564	0.6191	0.2373	0.4849	0.4168	0.0681	0.3715	0.2023	0.1692	0.0017	0.0000	0.0228	0.0027	0.0000	0.0592	0.0077	0.0000	0.1122	0.5204	0.6103	0.2859	0.8971	0.8853	0.9692	0.0287	0.0436	0.0109
38	77	0.1889	6	0	1	0	1	0	0	0	0	N	N	N	N	N	N	N	N	N	N	N	N	0.0002	0.0002	0.0000	0.0005	0.0005	0.0000	0.0000	0.0000	0.0000	0.0000	0.0000	0.0000	0.0000	0.0000	0.0000	0.0000	0.0000	0.0000	0.0112	0.0119	0.0099	0.0169	0.0199	0.0007	0.0082	0.0054	0.0115	0.0000	0.4544	-0.0000	-0.0006	4.7553	0.3745	10.1994	14.7996	0.0000	0.0000	0.0000	0.0000	0.0000	0.0000	0.0000	0.0000	0.0000	0.0041	0.0029	0.0013	0.0021	0.0021	0.0000	0.0020	0.0007	0.0013	0.0174	0.0153	0.0021	0.0041	0.0040	0.0001	0.0133	0.0113	0.0020	0.3713	0.2403	0.1310	0.1267	0.1071	0.0197	0.2446	0.1332	0.1114	0.0002	0.0002	0.0000	0.0005	0.0005	0.0000	0.0000	0.0000	0.0000	0.0112	0.0119	0.0099	0.0169	0.0199	0.0007	0.0082	0.0054	0.0115
38	78	0.1666	5	0	1	0	1	0	0	0	0	N	N	N	N	N	N	N	N	N	N	N	N	0.0024	0.0019	0.0000	0.0455	0.0438	0.0000	0.0000	0.0000	0.0000	0.0002	0.0002	0.0000	0.0011	0.0012	0.0000	0.0000	0.0000	0.0000	0.0750	0.1101	0.0051	0.0244	0.0263	0.0121	0.1045	0.1860	0.0038	0.0000	0.0231	-0.0000	-0.0110	4.7553	1.4595	10.1994	10.3922	0.0000	0.0000	0.0000	0.0000	0.0000	0.0000	0.0000	0.0000	0.0000	0.0252	0.0246	0.0006	0.0030	0.0028	0.0002	0.0222	0.0218	0.0004	0.0563	0.0480	0.0082	0.0089	0.0086	0.0003	0.0473	0.0394	0.0079	0.3359	0.2237	0.1123	0.1235	0.1063	0.0172	0.2124	0.1174	0.0950	0.0024	0.0019	0.0000	0.0455	0.0438	0.0000	0.0000	0.0000	0.0000	0.0750	0.1101	0.0051	0.0244	0.0263	0.0121	0.1045	0.1860	0.0038
38	79	0.1524	4	0	1	0	1	0	0	0	0	N	N	N	N	N	N	N	N	N	N	N	N	0.0003	0.0002	0.0005	0.0010	0.0009	0.0000	0.0000	0.0000	0.0008	0.0000	0.0000	0.0000	0.0001	0.0001	0.0000	0.0000	0.0000	0.0000	0.0373	0.0525	0.0053	0.0768	0.0858	0.0151	0.0119	0.0187	0.0036	0.0433	0.0487	-0.0000	-0.0039	4.7553	1.3861	10.1994	6.3168	0.0000	0.0000	0.0000	0.0000	0.0000	0.0000	0.0000	0.0000	0.0000	0.0095	0.0091	0.0004	0.0077	0.0075	0.0002	0.0019	0.0016	0.0002	0.0498	0.0420	0.0078	0.0066	0.0063	0.0003	0.0431	0.0357	0.0075	0.2557	0.1730	0.0827	0.0998	0.0871	0.0128	0.1559	0.0859	0.0700	0.0003	0.0002	0.0005	0.0010	0.0009	0.0000	0.0000	0.0000	0.0008	0.0373	0.0525	0.0053	0.0768	0.0858	0.0151	0.0119	0.0187	0.0036
38	80	0.0930	3	0	1	0	1	0	0	0	0	N	N	N	N	N	N	N	N	N	N	N	N	0.0002	0.0001	0.0006	0.0295	0.1955	0.0000	0.0000	0.0000	0.0044	0.0003	0.0004	0.0000	0.0026	0.0027	0.0000	0.0000	0.0000	0.0000	2.0294	3.4271	0.0359	0.0877	0.0139	0.6136	2.4279	4.5892	0.0050	0.0111	0.0073	-0.0000	-0.4545	4.7553	4.0043	10.1994	19.8631	0.0000	0.0000	0.0000	0.0000	0.0000	0.0000	0.0000	0.0000	0.0000	1.0077	1.0003	0.0074	0.0074	0.0010	0.0064	1.0003	0.9993	0.0010	0.1359	0.1143	0.0216	0.0160	0.0152	0.0007	0.1199	0.0991	0.0208	0.4965	0.2919	0.2047	0.0845	0.0741	0.0104	0.4120	0.2178	0.1942	0.0002	0.0001	0.0006	0.0295	0.1955	0.0000	0.0000	0.0000	0.0044	2.0294	3.4271	0.0359	0.0877	0.0139	0.6136	2.4279	4.5892	0.0050
38	81	0.6336	9	0	2	1	0	0	0	0	0	N	Y	N	N	N	N	N	N	N	N	N	N	141.2265	166.0427	0.0000	244.4950	228.5053	0.0000	0.0000	0.0000	0.0302	0.0344	0.0000	0.0619	0.0670	0.0000	0.0000	0.0000	0.0000	0.0002	0.0002	0.0002	0.0003	0.0003	0.0000	0.0002	0.0000	0.0003	0.0000	0.5016	-0.0011	-0.0000	4.7553	2.0162	10.1994	4.5500	0.0026	0.0026	0.0000	0.0026	0.0026	0.0000	0.0000	0.0000	0.0000	0.0000	0.0000	0.0000	0.0000	0.0000	0.0000	0.0000	0.0000	0.0000	0.0858	0.0752	0.0105	0.0417	0.0386	0.0032	0.0440	0.0366	0.0074	0.1407	0.0966	0.0441	0.0790	0.0682	0.0108	0.0616	0.0284	0.0332	141.2265	166.0427	0.0000	244.4950	228.5053	0.0000	0.0000	0.0000	0.0000	0.0002	0.0002	0.0002	0.0003	0.0003	0.0000	0.0002	0.0000	0.0003	
38	82	0.2010	7	0	2	1	0	0	0	0	0	N	Y	N	N	N	N	N	N	N	N	N	N	0.0000	0.0000	0.0000	0.0000	0.0000	0.0000	0.0000	0.0000	0.0000	0.0000	0.0000	0.0000	0.0000	0.0000	0.0000	0.0000	0.0000	0.0000	0.0003	0.0004	0.0002	0.0002	0.0000	0.0011	0.0004	0.0007	0.0000	0.2591	0.0000	-0.0000	4.7553	3.0011	10.1994	3.7015	0.0000	0.0000	0.0000	0.0000	0.0000	0.0000	0.0000	0.0000	0.0000	0.0001	0.0000	0.0000	0.0000	0.0000	0.0000	0.0000	0.0000	0.0000	0.1079	0.0909	0.0171	0.0154	0.0146	0.0008	0.0925	0.0763	0.0162	0.1729	0.1071	0.0657	0.0558	0.0468	0.0089	0.1171	0.0603	0.0568	0.0000	0.0000	0.0000	0.0000	0.0000	0.0000	0.0000	0.0000	0.0000	0.0003	0.0004	0.0002	0.0002	0.0000	0.0011	0.0004	0.0007	0.0000	
38	83	0.1895	6	0	2	0	0	0	0	0	0	N	Y	N	N	N	N	N	N	N	N	N	N	0.3938	0.3219	0.0000	10.8025	11.3893	0.0000	0.0000	0.0000	0.0000	0.0065	0.0077	0.0000	0.0454	0.0484	0.0000	0.0000	0.0000	0.0000	0.0164	0.0239	0.0008	0.0042	0.0042	0.0039	0.0237	0.0420	0.0002	0.0000	0.0153	-0.0002	-0.0015	4.7553	2.0032	10.1994	4.2039	0.0005	0.0005	0.0000	0.0005	0.0005	0.0000	0.0000	0.0000	0.0000	0.0034	0.0034	0.0001	0.0003	0.0003	0.0000	0.0031	0.0031	0.0000	0.0732	0.0615	0.0116	0.0104	0.0098	0.0006	0.0627	0.0518	0.0110	0.2096	0.1419	0.0677	0.0780	0.0680	0.0101	0.1315	0.0740	0.0576	0.3938	0.3219	0.0000	10.8025	11.3893	0.0000	0.0000	0.0000	0.0000	0.0164	0.0239	0.0008	0.0042	0.0042	0.0039	0.0237	0.0420	0.0002
38	84	0.1863	6	1	1	1	0	0	0	0	0	N	N	N	N	N	N	N	N	N	N	N	N	0.0000	0.0000	0.0000	0.0000	0.0000	0.0000	0.0000	0.0000	0.0000	0.0000	0.0000	0.0000	0.0000	0.0000	0.0000	0.0000	0.0000	0.0000	0.1351	0.0437	0.2774	0.0823	0.0952	0.0062	0.1608	0.0000	0.3149	4.0693	0.0000	0.0064	4.7553	1.0052	10.1994	4.9545	0.0000	0.0000	0.0000	0.0000	0.0000	0.0000	0.0000	0.0000	0.0000	0.0186	0.0037	0.0149	0.0037	0.0037	0.0000	0.0149	0.0000	0.0149	0.0372	0.0313	0.0059	0.0057	0.0054	0.0003	0.0314	0.0259	0.0056	0.1374	0.0837	0.0537	0.0450	0.0385	0.0065	0.0924	0.0452	0.0472	0.0000	0.0000	0.0000	0.0000	0.0000	0.0000	0.0000	0.0000	0.0000	0.1351	0.0437	0.2774	0.0823	0.0952	0.0062	0.1608	0.0000	0.3149	
38	85	0.1669	5	1	1	1	0	0	0	0	0	N	N	N	N	N	N	N	N	N	N	N	N	0.0000	0.0000	0.0000	0.0000	0.0000	0.0000	0.0000	0.0000	0.0000	0.0000	0.0000	0.0000	0.0000	0.0000	0.0000	0.0000	0.0000	0.0000	4.9814	0.0061	25.8210	0.0038	0.0043	0.0000	6.3043	0.0075	26.6224	1094.5119	0.0000	0.5344	4.7553	0.9968	10.1994	7.6169	0.0000	0.0000	0.0000	0.0000	0.0000	0.0000	0.0000	0.0000	0.0000	0.9884	0.0009	0.9875	0.0003	0.0003	0.0000	0.9881	0.0006	0.9875	0.0366	0.0307	0.0058	0.0050	0.0047	0.0003	0.0315	0.0260	0.0055	0.2267	0.1470	0.0796	0.0699	0.0613	0.0086	0.1567	0.0857	0.0710	0.0000	0.0000	0.0000	0.0000	0.0000	0.0000	0.0000	0.0000	0.0000	4.3606	0.0061	12.4022	0.0038	0.0043	0.0000	6.3043	0.0075	13.9072	
38	86	0.1869	4	1	2	0	0	0	0	0	0	N	Y	N	N	N	N	N	N	N	N	N	N	1.8726	0.1699	2.8153	0.0061	0.3877	0.0204	1.4133	0.0000	2.7995	3.9334	0.0000	23.4904	0.0006	0.0002	0.0174	4.8535	0.0000	24.1424	2.1004	0.0002	8.3440	0.0941	0.0004	0.8531	3.4341	0.0000	8.6240	134777.1490	14521.9410	0.5575	0.5464	4.7553	5.8060	10.1994	6.1034	0.9976	0.0000	0.9976	0.0000	0.0000	0.0000	0.9976	0.0000	0.9976	1.0090	0.0001	1.0089	0.0180	0.0001	0.0180	0.9910	0.0000	0.9910	0.2536	0.2112	0.0425	0.0481	0.0469	0.0011	0.2055	0.1642	0.0413	0.4804	0.3368	0.1436	0.1918	0.1707	0.0211	0.2886	0.1660	0.1225	1.8726	0.1699	3.3433	0.0061	0.3877	0.0204	1.4133	0.0000	2.9851	2.1004	0.0002	7.0261	0.0941	0.0004	0.8531	3.4341	0.0000	8.0876
38	87	0.0930	3	1	2	0	0	0	0	0	0	N	Y	N	N	N	N	N	N	N	N	N	N	0.0093	0.0246	0.0204	0.0000	0.0114	0.0000	0.0161	0.0412	0.0440	0.0277	0.0002	0.1762	0.0002	0.0002	0.0000	0.0313	0.0002	0.1826	2.9686	0.0090	8.6514	16.0302	0.0205	141.0549	1.9461	0.0053	4.1449	147.7442	564.1053	0.0061	1.0670	4.7553	12.2869	10.1994	21.7146	0.0111	0.0001	0.0110	0.0000	0.0000	0.0000	0.0111	0.0001	0.0110	1.9764	0.0035	1.9729	0.8908	0.0019	0.8889	1.0856	0.0016	1.0840	0.4000	0.3376	0.0624	0.0462	0.0441	0.0022	0.3538	0.2935	0.0602	0.6658	0.3902	0.2755	0.1079	0.0940	0.0140	0.5578	0.2963	0.2615	0.0093	0.0246	0.0246	0.0000	0.0114	0.0000	0.0161	0.0412	0.0440	2.9686	0.0090	7.1604	8.2522	0.0205	63.5087	1.9461	0.0053	4.1449
38	88	0.1895	6	0	2	0	0	0	0	0	0	N	Y	N	N	N	N	N	N	N	N	N	N	1.7480	1.3339	0.0000	0.0001	0.0001	0.0000	11143.4138	8237.1437	0.0000	5.1339	6.0983	0.0000	0.0018	0.0019	0.0000	5.9694	7.2313	0.0000	2.9371	4.5719	0.0003	19.6681	22.3695	0.0012	0.0005	0.0009	0.0001	0.0000	0.0000	-0.3263	-0.4571	4.7553	4.0005	10.1994	9.0093	0.7397	0.7397	0.0000	0.0000	0.0000	0.0000	0.7397	0.7397	0.0000	0.9972	0.9972	0.0000	0.9971	0.9971	0.0000	0.0001	0.0001	0.0000	0.1441	0.1213	0.0228	0.0202	0.0190	0.0012	0.1239	0.1023	0.0216	0.3395	0.2181	0.1214	0.1094	0.0930	0.0164	0.2301	0.1251	0.1050	1.7480	1.3339	0.0000	0.0002	0.0002	0.0000	11143.4138	8237.1437	0.0000	2.9371	4.5719	0.0003	9.1119	10.7214	0.0012	0.0005	0.0009	0.0001
38	89	0.1669	5	0	2	0	0	0	0	0	0	N	Y	N	N	N	N	N	N	N	N	N	N	0.9678	0.7492	1.6855	0.0000	0.0000	0.0000	12.7185	16.2037	3.0609	0.0128	0.0146	0.0038	0.0000	0.0000	0.0000	0.0149	0.0172	0.0040	0.0133	0.0194	0.0022	0.0414	0.0461	0.0099	0.0012	0.0011	0.0013	0.0492	0.0644	-0.0002	-0.0014	4.7553	1.0051	10.1994	9.2650	0.0005	0.0005	0.0000	0.0000	0.0000	0.0000	0.0005	0.0005	0.0000	0.0034	0.0032	0.0002	0.0032	0.0031	0.0001	0.0002	0.0001	0.0001	0.0369	0.0310	0.0059	0.0051	0.0048	0.0003	0.0318	0.0262	0.0056	0.2588	0.1660	0.0928	0.0779	0.0677	0.0102	0.1809	0.0983	0.0826	0.9678	0.7492	1.6855	0.0000	0.0000	0.0000	12.7185	16.2037	3.0609	0.0133	0.0194	0.0022	0.0414	0.0461	0.0099	0.0012	0.0011	0.0013
38	90	0.2154	5	0	1	1	0	0	0	0	0	N	N	N	N	N	N	N	N	N	N	N	N	1.0153	0.8690	0.0000	2.1880	2.1124	0.0000	0.0000	0.0000	0.0000	0.0004	0.0005	0.0000	0.0019	0.0020	0.0000	0.0000	0.0000	0.0000	0.0004	0.0005	0.0001	0.0009	0.0009	0.0004	0.0001	0.0001	0.0000	0.0000	0.0611	-0.0000	-0.0000	4.7553	2.3559	10.1994	7.1930	0.0000	0.0000	0.0000	0.0000	0.0000	0.0000	0.0000	0.0000	0.0000	0.0001	0.0001	0.0000	0.0001	0.0001	0.0000	0.0000	0.0000	0.0000	0.0903	0.0775	0.0127	0.0198	0.0190	0.0008	0.0705	0.0586	0.0119	0.2590	0.1794	0.0796	0.1106	0.0966	0.0139	0.1484	0.0827	0.0657	1.0153	0.8690	0.0000	2.1880	2.1124	0.0000	0.0000	0.0000	0.0000	0.0004	0.0005	0.0001	0.0009	0.0009	0.0004	0.0001	0.0001	0.0000
38	91	0.1825	4	0	1	0	0	0	0	0	0	N	N	N	N	N	N	N	N	N	N	N	N	1.7163	1.4647	0.8831	2.4798	2.3003	0.0153	0.1704	0.0000	1.1611	0.0129	0.0146	0.0010	0.0361	0.0371	0.0000	0.0002	0.0000	0.0011	0.0075	0.0100	0.0011	0.0146	0.0161	0.0020	0.0012	0.0013	0.0009	0.0100	0.0444	-0.0016	-0.0022	4.7553	4.9284	10.1994	11.0439	0.0037	0.0037	0.0000	0.0037	0.0037	0.0000	0.0000	0.0000	0.0000	0.0053	0.0050	0.0002	0.0048	0.0048	0.0001	0.0004	0.0003	0.0001	0.2882	0.2516	0.0366	0.1019	0.0992	0.0027	0.1863	0.1524	0.0339	0.6992	0.5037	0.1955	0.3313	0.2945	0.0368	0.3678	0.2092	0.1587	1.7163	1.4647	0.8831	2.4798	2.3003	0.0153	0.1704	0.0000	1.1611	0.0075	0.0100	0.0011	0.0146	0.0161	0.0020	0.0012	0.0013	0.0009
38	92	0.0930	3	0	1	0	0	0	0	0	0	N	N	N	N	N	N	N	N	N	N	N	N	2.9534	0.1331	10.7210	0.1710	0.1930	0.0000	3.7734	0.1793	11.3573	0.0280	0.0006	0.1731	0.0026	0.0028	0.0000	0.0314	0.0003	0.1794	0.0095	0.0048	0.0161	0.0155	0.0144	0.0228	0.0083	0.0017	0.0158	51.3277	2.3849	0.0020	0.0015	4.7553	3.9161	10.1994	29.2065	0.0037	0.0001	0.0037	0.0000	0.0000	0.0000	0.0037	0.0000	0.0037	0.0062	0.0018	0.0044	0.0016	0.0013	0.0003	0.0045	0.0005	0.0040	0.1330	0.1119	0.0211	0.0156	0.0149	0.0007	0.1173	0.0970	0.0204	0.6516	0.3820	0.2696	0.1060	0.0923	0.0137	0.5456	0.2897	0.2559	2.9534	0.1331	10.7210	0.1710	0.1930	0.0000	3.7734	0.1793	11.3573	0.0095	0.0048	0.0161	0.0155	0.0144	0.0228	0.0083	0.0017	0.0158
38	93	0.6336	9	1	2	0	0	0	0	0	0	N	Y	N	N	N	N	N	N	N	N	N	N	0.0062	0.0000	0.0182	0.0000	0.0000	0.0000	0.0155	0.0499	0.0001	0.0000	0.0011	0.0000	0.0000	0.0000	0.0003	0.0000	0.0016	0.0215	0.0038	0.0597	0.0253	0.0055	0.1436	0.0167	0.0000	0.0314	inf	7.1999	0.0000	0.0017	4.7553	2.5103	10.1994	7.4742	0.0000	0.0000	0.0000	0.0000	0.0000	0.0000	0.0000	0.0000	0.0000	0.0041	0.0005	0.0036	0.0027	0.0005	0.0022	0.0014	0.0000	0.0014	0.1026	0.0900	0.0126	0.0497	0.0458	0.0039	0.0529	0.0442	0.0087	0.1920	0.1314	0.0606	0.1068	0.0915	0.0153	0.0852	0.0399	0.0453	0.0062	0.0000	0.0182	0.0000	0.0000	0.0000	0.0155	0.0000	0.0499	0.0215	0.0038	0.0597	0.0253	0.0055	0.1436	0.0167	0.0000	0.0314	
38	94	0.5973	8	0	2	0	0	0	0	0	0	N	Y	N	N	N	N	N	N	N	N	N	N	0.0026	0.0019	0.0126	0.0034	0.0031	0.0000	0.0020	0.0000	0.0121	0.0000	0.0000	0.0001	0.0001	0.0001	0.0000	0.0000	0.0000	0.0001	0.0189	0.0254	0.0042	0.0286	0.0340	0.0005	0.0055	0.0052	0.0058	0.1416	0.0738	-0.0000	-0.0016	4.7553	7.1305	10.1994	3.2426	0.0000	0.0000	0.0000	0.0000	0.0000	0.0000	0.0000	0.0000	0.0000	0.0041	0.0039	0.0003	0.0036	0.0036	0.0000	0.0005	0.0002	0.0003	0.3158	0.2793	0.0366	0.1397	0.1305	0.0092	0.1761	0.1488	0.0274	0.2193	0.1518	0.0675	0.1269	0.1064	0.0205	0.0925	0.0454	0.0470	0.0026	0.0019	0.0126	0.0034	0.0031	0.0000	0.0020	0.0000	0.0121	0.0189	0.0254	0.0042	0.0286	0.0340	0.0005	0.0055	0.0052	0.0058
38	95	0.1669	5	1	2	0	0	0	0	0	0	N	Y	N	N	N	N	N	N	N	N	N	N	0.0000	0.0000	0.0000	0.0000	0.0000	0.0000	0.0000	0.0000	0.0000	0.0000	0.0000	0.0000	0.0000	0.0000	0.0000	0.0000	0.0000	0.0000	0.0017	0.0024	0.0006	0.0048	0.0055	0.0014	0.0006	0.0006	0.0005	0.1641	0.0000	-0.0003	4.7553	8.0000	10.1994	22.5660	0.0000	0.0000	0.0000	0.0000	0.0000	0.0000	0.0000	0.0000	0.0000	0.0011	0.0009	0.0001	0.0008	0.0008	0.0000	0.0003	0.0001	0.0001	0.2823	0.2380	0.0444	0.0374	0.0354	0.0020	0.2449	0.2025	0.0424	0.6198	0.3794	0.2404	0.1669	0.1394	0.0275	0.4529	0.2399	0.2129	0.0000	0.0000	0.0000	0.0000	0.0000	0.0000	0.0000	0.0000	0.0000	0.0017	0.0024	0.0006	0.0048	0.0055	0.0014	0.0006	0.0006	0.0005	
38	96	0.0930	3	0	1	0	0	0	0	0	0	N	N	N	N	N	N	N	N	N	N	N	N	6.5445	0.0001	1869.9539	0.0001	0.0001	0.0000	691.3416	0.0000	1912.7723	1.9218	0.0000	12.3144	0.0002	0.0002	0.0000	2.1731	0.0000	12.7573	0.2937	0.4960	0.0066	1.7725	2.0321	0.0050	0.0031	0.0000	0.0067	75157.8780	0.0094	0.4200	-0.0810	4.7553	11.9964	10.1994	18.8414	0.7516	0.0000	0.7516	0.0000	0.0000	0.0000	0.7516	0.0000	0.7516	0.1804	0.1788	0.0017	0.1788	0.1787	0.0001	0.0016	0.0000	0.0016	0.3911	0.3300	0.0610	0.0452	0.0431	0.0021	0.3459	0.2869	0.0589	0.6144	0.3604	0.2540	0.1009	0.0880	0.0129	0.5135	0.2724	0.2411	6.5445	0.0001	1869.9539	0.0001	0.0001	0.0000	691.3416	0.0000	1912.7723	0.2937	0.4960	0.0066	1.7725	2.0321	0.0050	0.0031	0.0000	0.0067
38	98	0.1975	7	1	2	1	0	0	0	0	0	N	Y	N	N	N	N	N	N	N	N	N	N	0.0000	0.0000	0.0000	0.0000	0.0000	0.0000	0.0000	0.0000	0.0000	0.0000	0.0000	0.0000	0.0000	0.0000	0.0000	0.0000	0.0000	0.0000	2.6725	4.2535	0.0059	12.3910	14.6781	0.0074	0.0028	0.0001	0.0056	0.0008	0.0000	-0.4325	4.7553	0.9502	10.1994	16.1595	0.0000	0.0000	0.0000	0.0000	0.0000	0.0000	0.0000	0.0000	0.0000	0.9452	0.9444	0.0008	0.9445	0.9444	0.0002	0.0006	0.0000	0.0006	0.0405	0.0345	0.0059	0.0089	0.0085	0.0004	0.0316	0.0260	0.0055	0.3537	0.2220	0.1316	0.1308	0.1079	0.0229	0.2228	0.1141	0.1087	0.0000	0.0000	0.0000	0.0000	0.0000	0.0000	0.0000	0.0000	0.0000	2.6725	4.2535	0.0059	7.2195	8.7494	0.0074	0.0028	0.0001	0.0056	
38	99	0.0930	3	0	2	0	0	0	0	0	0	N	Y	N	N	N	N	N	N	N	N	N	N	8.3731	0.5468	25.1338	0.8928	1.0387	0.0000	9.3218	0.0000	25.7388	0.0295	0.0004	0.1869	0.0031	0.0032	0.0000	0.0330	0.0000	0.1937	0.0035	0.0008	0.0074	0.0035	0.0031	0.0058	0.0035	0.0000	0.0075	81.4913	6.7441	0.0063	0.0008	4.7553	11.9964	10.1994	15.6499	0.0115	0.0001	0.0114	0.0001	0.0001	0.0000	0.0114	0.0000	0.0114	0.0020	0.0003	0.0017	0.0003	0.0003	0.0001	0.0017	0.0000	0.0017	0.3911	0.3300	0.0610	0.0452	0.0431	0.0021	0.3459	0.2869	0.0589	0.5613	0.3295	0.2318	0.0935	0.0817	0.0118	0.4677	0.2477	0.2200	8.3731	0.5468	25.1338	0.8928	1.0387	0.0000	9.3218	0.0000	25.7388	0.0035	0.0008	0.0074	0.0035	0.0031	0.0058	0.0035	0.0000	0.0075
38	100	0.2004	8	1	1	1	0	0	0	0	0	N	N	N	N	N	N	N	N	N	N	N	N	0.0000	0.0000	0.0000	0.0000	0.0000	0.0000	0.0000	0.0000	0.0000	0.0000	0.0000	0.0000	0.0000	0.0000	0.0000	0.0000	0.0000	0.0000	3.3084	0.0329	13.1316	0.0006	0.0007	0.0000	5.2732	0.0638	14.9971	160.8860	0.0000	0.5379	4.7553	1.0008	10.1994	13.9255	0.0000	0.0000	0.0000	0.0000	0.0000	0.0000	0.0000	0.0000	0.0000	1.0046	0.0062	0.9984	0.0001	0.0001	0.0000	1.0045	0.0061	0.9984	0.0369	0.0312	0.0057	0.0066	0.0062	0.0004	0.0304	0.0250	0.0054	0.3036	0.1885	0.1151	0.1132	0.0924	0.0208	0.1905	0.0962	0.0943	0.0000	0.0000	0.0000	0.0000	0.0000	0.0000	0.0000	0.0000	0.0000	3.3084	0.0329	8.6727	0.0006	0.0007	0.0000	5.2732	0.0638	10.5853	
38	101	0.1975	7	1	1	1	0	0	0	0	0	N	N	N	N	N	N	N	N	N	N	N	N	0.0000	0.0000	0.0000	0.0000	0.0000	0.0000	0.0000	0.0000	0.0000	0.0000	0.0000	0.0000	0.0000	0.0000	0.0000	0.0000	0.0000	0.0000	0.7056	1.0014	0.0449	0.1340	0.1556	0.0033	1.2871	2.4214	0.0574	0.0201	0.0000	-0.0275	4.7553	0.0532	10.1994	2.0467	0.0000	0.0000	0.0000	0.0000	0.0000	0.0000	0.0000	0.0000	0.0000	0.0627	0.0615	0.0012	0.0060	0.0060	0.0000	0.0567	0.0555	0.0012	0.0075	0.0068	0.0008	0.0031	0.0031	0.0000	0.0044	0.0036	0.0007	0.0889	0.0614	0.0275	0.0448	0.0385	0.0064	0.0441	0.0229	0.0211	0.0000	0.0000	0.0000	0.0000	0.0000	0.0000	0.0000	0.0000	0.0000	0.7056	1.0014	0.0449	0.1340	0.1556	0.0033	1.2871	2.4214	0.0574	
38	102	0.1878	6	1	1	1	0	0	0	0	0	N	N	N	N	N	N	N	N	N	N	N	N	0.0000	0.0000	0.0000	0.0000	0.0000	0.0000	0.0000	0.0000	0.0000	0.0000	0.0000	0.0000	0.0000	0.0000	0.0000	0.0000	0.0000	0.0000	0.7265	1.0812	0.0041	0.8577	1.0083	0.0061	0.6338	1.1615	0.0037	0.0019	0.0000	-0.0493	4.7553	2.0948	10.1994	3.0326	0.0000	0.0000	0.0000	0.0000	0.0000	0.0000	0.0000	0.0000	0.0000	0.1080	0.1078	0.0002	0.0528	0.0528	0.0001	0.0552	0.0551	0.0001	0.0821	0.0698	0.0124	0.0161	0.0153	0.0008	0.0660	0.0544	0.0116	0.1487	0.0997	0.0490	0.0616	0.0523	0.0093	0.0871	0.0474	0.0397	0.0000	0.0000	0.0000	0.0000	0.0000	0.0000	0.0000	0.0000	0.0000	0.7265	1.0812	0.0041	0.8577	1.0083	0.0061	0.6338	1.1615	0.0037	
38	103	0.1669	5	1	1	1	0	0	0	0	0	N	N	N	N	N	N	N	N	N	N	N	N	0.0000	0.0000	0.0000	0.0000	0.0000	0.0000	0.0000	0.0000	0.0000	0.0000	0.0000	0.0000	0.0000	0.0000	0.0000	0.0000	0.0000	0.0000	0.2575	0.3970	0.0009	0.8358	0.9531	0.0081	0.0006	0.0011	0.0000	0.0012	0.0000	-0.0271	4.7553	3.9484	10.1994	4.8420	0.0000	0.0000	0.0000	0.0000	0.0000	0.0000	0.0000	0.0000	0.0000	0.0593	0.0592	0.0001	0.0592	0.0591	0.0001	0.0001	0.0001	0.0000	0.1422	0.1197	0.0225	0.0190	0.0180	0.0010	0.1232	0.1017	0.0215	0.2301	0.1491	0.0810	0.0708	0.0620	0.0088	0.1593	0.0871	0.0722	0.0000	0.0000	0.0000	0.0000	0.0000	0.0000	0.0000	0.0000	0.0000	0.2575	0.3970	0.0009	0.8358	0.9531	0.0081	0.0006	0.0011	0.0000	
38	104	0.0607	2	0	2	0	0	0	0	0	0	N	Y	N	N	N	N	N	N	N	N	N	N	0.1661	0.2200	0.0443	1.6098	1.4980	0.1854	0.0092	0.0000	0.0433	0.0297	0.0334	0.0096	0.2132	0.2162	0.0012	0.0017	0.0000	0.0097	0.1788	0.1520	0.2162	0.1324	0.1443	0.0062	0.1882	0.1548	0.2237	0.0531	1.0212	-0.0043	0.0080	4.7553	8.9557	10.1994	32.3127	0.0110	0.0104	0.0006	0.0104	0.0104	0.0000	0.0006	0.0000	0.0006	0.1707	0.0844	0.0862	0.0212	0.0211	0.0001	0.1494	0.0633	0.0861	0.3686	0.3109	0.0577	0.0488	0.0481	0.0007	0.3198	0.2628	0.0570	0.9543	0.5554	0.3989	0.1602	0.1464	0.0138	0.7941	0.4090	0.3850	0.1661	0.2200	0.0443	1.6098	1.4980	0.1854	0.0092	0.0000	0.0433	0.1788	0.1520	0.2162	0.1324	0.1443	0.0062	0.1882	0.1548	0.2237
38	108	0.1142	5	0	2	0	0	0	0	0	0	N	Y	N	N	N	N	N	N	N	N	N	N	0.0012	0.0015	0.0000	0.0062	2.2646	0.0000	0.0000	0.0000	0.0000	0.0027	0.0032	0.0000	0.0188	0.0197	0.0000	0.0000	0.0000	0.0000	2.3019	2.1905	2.4871	3.0346	0.0087	27.4748	2.0080	3.5052	0.2084	0.0000	0.6832	-0.0003	-0.0882	4.7553	8.0392	10.1994	22.6195	0.0008	0.0008	0.0000	0.0008	0.0008	0.0000	0.0000	0.0000	0.0000	1.6810	0.9987	0.6823	0.6344	0.0015	0.6330	1.0465	0.9972	0.0493	0.2883	0.2427	0.0456	0.0416	0.0397	0.0019	0.2467	0.2029	0.0438	0.7302	0.4559	0.2743	0.2091	0.1714	0.0376	0.5212	0.2845	0.2367	0.0012	0.0015	0.0000	0.0062	2.2646	0.0000	0.0000	0.0000	0.0000	2.3019	2.1905	2.4871	3.0346	0.0087	16.8150	2.0080	3.5052	0.2084
38	109	0.1142	4	0	1	0	0	0	0	0	0	N	N	N	N	N	N	N	N	N	N	N	N	0.0417	0.0382	0.0544	0.0359	0.0546	0.0003	0.3165	0.0040	0.3762	0.0742	0.0471	0.1760	0.1023	0.1031	0.0022	0.0582	0.0001	0.1782	1.7805	1.2320	3.2333	2.8520	1.8870	6.4495	0.1840	0.0158	0.4737	0.9985	0.9908	0.0001	0.0164	4.7553	0.2031	10.1994	2.0398	0.0014	0.0007	0.0007	0.0007	0.0007	0.0000	0.0007	0.0000	0.0007	0.4172	0.2096	0.2076	0.3999	0.2086	0.1913	0.0173	0.0009	0.0164	0.0195	0.0154	0.0041	0.0071	0.0070	0.0001	0.0124	0.0084	0.0041	0.2343	0.1701	0.0642	0.1402	0.1106	0.0297	0.0941	0.0595	0.0346	0.0417	0.0382	0.0544	0.0359	0.0546	0.0003	0.3165	0.0040	0.3762	1.7805	1.2320	3.2333	2.8520	1.8870	6.4495	0.1840	0.0158	0.4737
38	110	0.6947	10	1	1	1	0	0	0	0	0	N	N	N	N	N	N	N	N	N	N	N	N	0.0000	0.0000	0.0000	0.0000	0.0000	0.0000	0.0000	0.0000	0.0000	0.0000	0.0000	0.0000	0.0000	0.0000	0.0000	0.0000	0.0000	0.0000	0.0000	0.0000	4.7553	0.0001	10.1994	0.0001	0.0000	0.0000	0.0000	0.0000	0.0000	0.0000	0.0000	0.0000	0.0000	0.0000	0.0000	0.0000	0.0000	0.0000	0.0000	0.0000	0.0000	0.0000	0.0033	0.0026	0.0007	0.0016	0.0016	0.0000	0.0016	0.0009	0.0007	0.0001	0.0001	0.0000	0.0000	0.0000	0.0000	0.0000	0.0000	0.0000	0.0000	0.0000	0.0000	0.0000	0.0000	0.0000	0.0000	0.0000	0.0000	0.0000	0.0000	0.0000	0.0000	0.0000	0.0000	0.0000	0.0000	0.0000											
38	111	0.6808	9	1	1	1	0	0	0	0	0	N	N	N	N	N	N	N	N	N	N	N	N	1.0823	7.5077	0.0000	0.0000	0.0000	0.0000	1.8659	26222.3638	0.0000	0.0009	0.0010	0.0000	0.0000	0.0000	0.0000	0.0015	0.0017	0.0000	0.0008	0.0001	0.0024	0.0008	0.0002	0.0038	0.0008	0.0000	0.0015	0.0000	7.7392	-0.0000	0.0000	4.7553	1.6718	10.1994	2.9223	0.0001	0.0001	0.0000	0.0000	0.0000	0.0000	0.0001	0.0001	0.0000	0.0001	0.0000	0.0001	0.0001	0.0000	0.0000	0.0000	0.0000	0.0000	0.0681	0.0596	0.0085	0.0272	0.0253	0.0019	0.0409	0.0343	0.0065	0.1090	0.0758	0.0333	0.0704	0.0578	0.0127	0.0386	0.0180	0.0206	1.0823	7.5077	0.0000	0.0000	0.0000	0.0000	1.8659	26222.3638	0.0000	0.0008	0.0001	0.0024	0.0008	0.0002	0.0038	0.0008	0.0000	0.0015
38	112	0.5973	8	1	1	1	0	0	0	0	0	N	N	N	N	N	N	N	N	N	N	N	N	6626.9594	7130.2005	0.1226	0.0000	0.0000	0.0000	27439.1189	218476043.2207	0.1759	1.9226	2.1835	0.0000	0.0000	0.0000	0.0000	3.3110	3.9099	0.0000	0.0003	0.0003	0.0003	0.0004	0.0005	0.0003	0.0001	0.0000	0.0002	0.0000	0.3818	-0.4411	-0.0000	4.7553	14.0283	10.1994	7.1084	0.9999	0.9999	0.0000	0.0000	0.0000	0.0000	0.9999	0.9999	0.0000	0.0001	0.0001	0.0000	0.0001	0.0001	0.0000	0.0000	0.0000	0.0000	0.5201	0.4579	0.0621	0.2181	0.2022	0.0159	0.3020	0.2557	0.0463	0.3746	0.2568	0.1178	0.2071	0.1740	0.0331	0.1675	0.0828	0.0847	6626.9594	7130.2005	0.1226	0.0000	0.0000	0.0000	27439.1189	218476043.2207	0.1759	0.0003	0.0003	0.0003	0.0004	0.0005	0.0003	0.0001	0.0000	0.0002
38	113	0.5371	7	0	1	0	0	0	0	0	0	N	N	N	N	N	N	N	N	N	N	N	N	1.7759	0.6495	4.9537	0.2210	1.0163	0.0007	3.6385	0.0000	11.6580	0.0069	0.0005	0.0571	0.0010	0.0011	0.0000	0.0108	0.0000	0.0724	0.0039	0.0007	0.0115	0.0047	0.0011	0.0274	0.0030	0.0000	0.0062	15.8313	6.7201	0.0014	0.0006	4.7553	8.6129	10.1994	5.1709	0.0027	0.0002	0.0026	0.0002	0.0002	0.0000	0.0026	0.0000	0.0026	0.0016	0.0002	0.0014	0.0010	0.0002	0.0008	0.0005	0.0000	0.0005	0.3974	0.3523	0.0451	0.1577	0.1482	0.0095	0.2397	0.2041	0.0356	0.4008	0.2833	0.1175	0.2159	0.1864	0.0295	0.1849	0.0969	0.0880	1.7759	0.6495	4.9537	0.2210	1.0163	0.0007	3.6385	0.0000	11.6580	0.0039	0.0007	0.0115	0.0047	0.0011	0.0274	0.0030	0.0000	0.0062
38	114	0.4419	6	0	1	0	0	0	0	0	0	N	N	N	N	N	N	N	N	N	N	N	N	1.0364	3.4498	0.0556	3.3568	6.7152	0.1529	0.0078	0.0525	0.0140	0.0160	0.0181	0.0020	0.0478	0.0516	0.0075	0.0001	0.0001	0.0005	0.0154	0.0052	0.0362	0.0142	0.0077	0.0491	0.0166	0.0014	0.0322	0.0167	3.3876	-0.0041	0.0041	4.7553	16.8607	10.1994	22.7724	0.0097	0.0096	0.0002	0.0097	0.0095	0.0001	0.0001	0.0000	0.0000	0.0130	0.0030	0.0100	0.0058	0.0027	0.0032	0.0071	0.0003	0.0068	0.6075	0.5282	0.0793	0.2025	0.1849	0.0175	0.4051	0.3433	0.0618	0.8386	0.5624	0.2763	0.4107	0.3458	0.0649	0.4279	0.2166	0.2114	1.0364	3.4498	0.0556	3.3568	6.7152	0.1529	0.0078	0.0525	0.0140	0.0154	0.0052	0.0362	0.0142	0.0077	0.0491	0.0166	0.0014	0.0322
38	115	0.1732	5	1	1	1	0	0	0	0	0	N	N	N	N	N	N	N	N	N	N	N	N	0.0000	0.0000	0.0000	0.0000	0.0000	0.0000	0.0000	0.0000	0.0000	0.0000	0.0000	0.0000	0.0000	0.0000	0.0000	0.0000	0.0000	0.0000	0.0012	0.0008	0.0018	0.0029	0.0017	0.0100	0.0001	0.0000	0.0003	1.0800	0.0000	0.0000	4.7553	1.0009	10.1994	4.0038	0.0000	0.0000	0.0000	0.0000	0.0000	0.0000	0.0000	0.0000	0.0000	0.0002	0.0001	0.0001	0.0002	0.0001	0.0001	0.0000	0.0000	0.0000	0.0383	0.0323	0.0060	0.0051	0.0049	0.0002	0.0332	0.0274	0.0058	0.1793	0.1178	0.0614	0.0664	0.0573	0.0091	0.1129	0.0606	0.0523	0.0000	0.0000	0.0000	0.0000	0.0000	0.0000	0.0000	0.0000	0.0000	0.0012	0.0008	0.0018	0.0029	0.0017	0.0100	0.0001	0.0000	0.0003	
38	116	0.1449	4	1	1	1	0	0	0	0	0	N	N	N	N	N	N	N	N	N	N	N	N	0.0065	0.0010	0.0379	0.0011	0.0015	0.0001	0.1338	0.0000	0.3601	0.0010	0.0002	0.0056	0.0006	0.0007	0.0002	0.0011	0.0000	0.0059	0.1511	0.1532	0.1478	0.5820	0.4375	1.4598	0.0080	0.0007	0.0164	6.2721	0.6089	0.0000	-0.0036	4.7553	1.8441	10.1994	10.4794	0.0001	0.0000	0.0001	0.0000	0.0000	0.0000	0.0001	0.0000	0.0001	0.0456	0.0284	0.0173	0.0438	0.0283	0.0155	0.0018	0.0001	0.0017	0.0844	0.0716	0.0128	0.0179	0.0172	0.0007	0.0665	0.0544	0.0121	0.3021	0.1852	0.1168	0.0753	0.0647	0.0106	0.2268	0.1206	0.1062	0.0065	0.0010	0.0379	0.0011	0.0015	0.0001	0.1338	0.0000	0.3601	0.1511	0.1532	0.1478	0.5820	0.4375	1.4598	0.0080	0.0007	0.0164
38	117	0.3292	4	0	2	0	1	0	0	0	0	N	Y	N	N	N	N	N	N	N	N	N	N	0.0899	0.0000	0.7956	0.0145	0.0001	0.3255	0.3857	0.0000	1.1498	0.0197	0.0000	0.1460	0.0056	0.0000	0.1338	0.0255	0.0000	0.1472	0.2195	0.2359	0.1836	0.3853	0.3816	0.4109	0.0661	0.0079	0.1281	2619.4908	0.3546	0.0050	-0.0406	4.7553	10.5071	10.1994	20.2622	0.0090	0.0000	0.0090	0.0007	0.0000	0.0007	0.0082	0.0000	0.0082	0.2065	0.1524	0.0540	0.1742	0.1504	0.0237	0.0323	0.0020	0.0303	0.4549	0.3935	0.0614	0.1318	0.1263	0.0055	0.3231	0.2672	0.0559	0.9407	0.6463	0.2944	0.4520	0.3943	0.0578	0.4887	0.2520	0.2366	0.0899	0.0000	0.7956	0.0145	0.0001	0.3255	0.3857	0.0000	1.1498	0.2195	0.2359	0.1836	0.3853	0.3816	0.4109	0.0661	0.0079	0.1281
38	118	0.0930	3	0	2	0	1	0	0	0	0	N	Y	N	N	N	N	N	N	N	N	N	N	0.0623	0.0763	0.0000	0.1472	0.1402	0.0000	0.0000	0.0000	0.0000	0.0003	0.0004	0.0000	0.0026	0.0027	0.0000	0.0000	0.0000	0.0000	0.0049	0.0047	0.0051	0.0176	0.0194	0.0054	0.0024	0.0000	0.0051	0.0000	0.7562	-0.0000	-0.0001	4.7553	4.0036	10.1994	26.5072	0.0000	0.0000	0.0000	0.0000	0.0000	0.0000	0.0000	0.0000	0.0000	0.0030	0.0017	0.0013	0.0018	0.0017	0.0001	0.0012	0.0000	0.0012	0.1356	0.1141	0.0215	0.0159	0.0152	0.0007	0.1197	0.0989	0.0208	0.6079	0.3566	0.2513	0.1000	0.0872	0.0128	0.5080	0.2694	0.2385	0.0623	0.0763	0.0000	0.1472	0.1402	0.0000	0.0000	0.0000	0.0000	0.0049	0.0047	0.0051	0.0176	0.0194	0.0054	0.0024	0.0000	0.0051
38	119	0.1314	4	0	2	0	0	0	0	0	0	N	Y	N	N	N	N	N	N	N	N	N	N	0.0001	0.0000	0.0000	0.1580	0.1502	0.0000	0.0000	0.0000	0.0000	0.0001	0.0001	0.0000	0.0004	0.0004	0.0000	0.0000	0.0000	0.0000	1.7347	2.8320	0.0003	0.0024	0.0028	0.0001	2.2665	4.2139	0.0004	0.0000	0.0001	-0.0000	-0.4581	4.7553	3.8169	10.1994	21.2433	0.0000	0.0000	0.0000	0.0000	0.0000	0.0000	0.0000	0.0000	0.0000	0.9995	0.9994	0.0001	0.0003	0.0003	0.0000	0.9992	0.9991	0.0001	0.1859	0.1578	0.0282	0.0537	0.0487	0.0051	0.1322	0.1091	0.0231	0.5762	0.3529	0.2233	0.1354	0.1158	0.0195	0.4408	0.2371	0.2037	0.0001	0.0000	0.0000	0.1580	0.1502	0.0000	0.0000	0.0000	0.0000	1.7347	2.8320	0.0003	0.0024	0.0028	0.0001	2.2665	4.2139	0.0004
38	120	0.4771	8	0	2	0	0	0	0	0	0	N	Y	N	N	N	N	N	N	N	N	N	N	0.0032	0.0000	0.0271	0.0020	0.0000	0.0219	0.6289	0.0000	2.2435	0.0068	0.0000	0.0513	0.0082	0.0001	0.1644	0.0062	0.0000	0.0362	2.1250	2.2262	1.8917	4.1097	3.5236	7.5238	0.0098	0.0043	0.0161	308.6632	0.3687	0.0024	-0.4982	4.7553	16.3276	10.1994	34.9199	0.0044	0.0000	0.0044	0.0017	0.0000	0.0017	0.0027	0.0000	0.0027	2.6361	1.9260	0.7101	2.6302	1.9247	0.7056	0.0059	0.0014	0.0045	0.6450	0.5597	0.0854	0.2043	0.1942	0.0101	0.4408	0.3655	0.0753	1.2406	0.8652	0.3754	0.6400	0.5462	0.0938	0.6006	0.3189	0.2816	0.0032	0.0000	0.0271	0.0020	0.0000	0.0219	0.6289	0.0000	2.2435	2.1250	2.2262	1.8917	4.1097	3.5236	7.5238	0.0098	0.0043	0.0161
38	121	0.4598	7	0	2	0	0	0	0	0	0	N	Y	N	N	N	N	N	N	N	N	N	N	0.0112	0.0155	0.0047	0.0214	0.0327	0.0113	0.0093	0.0009	0.0763	0.0077	0.0081	0.0054	0.0253	0.0245	0.0439	0.0003	0.0000	0.0013	0.6877	0.5186	1.1337	1.1847	0.7488	3.8654	0.0285	0.0376	0.0176	0.1070	0.8288	-0.0007	-0.0030	4.7553	6.1757	10.1994	14.5601	0.0020	0.0018	0.0002	0.0019	0.0018	0.0001	0.0000	0.0000	0.0000	0.5775	0.3158	0.2617	0.5672	0.3083	0.2588	0.0103	0.0074	0.0029	0.2566	0.2211	0.0355	0.0760	0.0726	0.0034	0.1806	0.1485	0.0321	0.8397	0.6089	0.2308	0.4788	0.4118	0.0670	0.3610	0.1971	0.1639	0.0112	0.0155	0.0047	0.0214	0.0327	0.0113	0.0093	0.0009	0.0763	0.6877	0.5186	1.1337	1.1847	0.7488	3.8654	0.0285	0.0376	0.0176
38	122	0.4068	6	0	1	0	0	0	0	0	0	N	N	N	N	N	N	N	N	N	N	N	N	0.0031	0.0005	0.2091	0.0030	0.0009	0.3111	0.0499	0.0001	0.2417	0.0028	0.0007	0.0167	0.0055	0.0019	0.0727	0.0016	0.0000	0.0093	0.9241	1.2829	0.0801	1.8474	2.0868	0.2338	0.0327	0.0276	0.0386	3.8809	0.0265	0.0003	-0.3535	4.7553	7.5400	10.1994	21.4192	0.0009	0.0002	0.0007	0.0006	0.0002	0.0004	0.0004	0.0000	0.0004	0.8172	0.7961	0.0211	0.8025	0.7894	0.0131	0.0147	0.0067	0.0080	0.3278	0.2834	0.0443	0.1038	0.0986	0.0052	0.2239	0.1848	0.0391	0.8843	0.6205	0.2638	0.4344	0.3783	0.0561	0.4499	0.2423	0.2077	0.0031	0.0005	0.2091	0.0030	0.0009	0.3111	0.0499	0.0001	0.2417	0.9241	1.2829	0.0801	1.8474	2.0868	0.2338	0.0327	0.0276	0.0386
38	123	0.1669	5	0	2	0	0	0	0	0	0	N	Y	N	N	N	N	N	N	N	N	N	N	0.0465	0.0365	0.0000	0.3418	0.3979	0.0000	0.0000	0.0000	0.0000	0.0001	0.0001	0.0000	0.0005	0.0005	0.0000	0.0000	0.0000	0.0000	0.0015	0.0023	0.0003	0.0015	0.0014	0.0023	0.0015	0.0028	0.0000	0.0000	0.0705	-0.0000	-0.0003	4.7553	4.0019	10.1994	19.5615	0.0000	0.0000	0.0000	0.0000	0.0000	0.0000	0.0000	0.0000	0.0000	0.0007	0.0007	0.0000	0.0002	0.0002	0.0000	0.0005	0.0005	0.0000	0.1441	0.1213	0.0228	0.0193	0.0182	0.0010	0.1248	0.1031	0.0218	0.5018	0.3096	0.1922	0.1380	0.1161	0.0219	0.3637	0.1934	0.1703	0.0465	0.0365	0.0000	0.3418	0.3979	0.0000	0.0000	0.0000	0.0000	0.0015	0.0023	0.0003	0.0015	0.0014	0.0023	0.0015	0.0028	0.0000
38	124	0.1449	4	0	1	0	0	0	0	0	0	N	N	N	N	N	N	N	N	N	N	N	N	0.0003	0.0000	0.0420	0.0001	0.0017	0.0001	0.0003	0.0000	0.3982	0.0012	0.0000	0.0078	0.0000	0.0000	0.0002	0.0015	0.0000	0.0082	4.2372	7.7811	0.1845	0.2468	0.0148	1.6628	5.3821	10.0558	0.0206	189.4713	0.0178	0.0000	-0.4365	4.7553	1.2223	10.1994	8.2281	0.0001	0.0000	0.0001	0.0000	0.0000	0.0000	0.0001	0.0000	0.0001	0.9899	0.9726	0.0173	0.0164	0.0008	0.0155	0.9735	0.9718	0.0017	0.0621	0.0529	0.0092	0.0151	0.0146	0.0005	0.0470	0.0383	0.0087	0.2472	0.1537	0.0936	0.0664	0.0570	0.0093	0.1809	0.0966	0.0842	0.0003	0.0000	0.0420	0.0001	0.0017	0.0001	0.0003	0.0000	0.3982	4.0037	6.3297	0.1845	0.2468	0.0148	1.6628	5.3821	10.0558	0.0206
38	125	0.0930	3	0	1	0	0	0	0	0	0	N	N	N	N	N	N	N	N	N	N	N	N	0.0229	0.0064	0.0605	0.0002	0.4446	0.0000	0.2122	0.0000	0.8082	0.0570	0.0008	0.3569	0.0055	0.0058	0.0000	0.0638	0.0000	0.3697	2.4924	0.1205	5.9025	35.6732	0.0130	597.9982	0.3006	0.1595	0.4575	87.2137	34.0821	0.0063	0.5083	4.7553	5.9920	10.1994	12.2976	0.0115	0.0001	0.0113	0.0001	0.0001	0.0000	0.0113	0.0000	0.0113	0.9905	0.0282	0.9623	0.8923	0.0008	0.8915	0.0982	0.0274	0.0708	0.2012	0.1694	0.0318	0.0235	0.0224	0.0011	0.1777	0.1470	0.0307	0.3974	0.2344	0.1630	0.0707	0.0624	0.0082	0.3267	0.1719	0.1548	0.0229	0.0064	0.0605	0.0004	0.4446	0.0000	0.2122	0.0000	0.8082	2.4924	0.1205	5.9025	12.6241	0.0130	108.1461	0.3006	0.1595	0.4575
38	126	0.1301	5	0	2	0	0	0	0	0	0	N	Y	N	N	N	N	N	N	N	N	N	N	1.2461	0.0000	6.1111	0.0004	0.0103	0.0013	1.6154	0.0000	70.9402	3.5859	0.0001	19.3364	0.0014	0.0003	0.0347	4.3169	0.0000	19.9094	2.8777	2.7103	3.1641	3.2933	0.0288	27.5781	2.6723	4.6725	0.2807	73715.1077	0.6823	0.4060	-0.0891	4.7553	5.0407	10.1994	17.1705	0.7265	0.0000	0.7265	0.0000	0.0000	0.0000	0.7265	0.0000	0.7265	1.6875	1.0031	0.6844	0.6387	0.0045	0.6342	1.0487	0.9986	0.0502	0.2026	0.1650	0.0376	0.0343	0.0332	0.0011	0.1683	0.1318	0.0365	0.5864	0.3701	0.2163	0.1940	0.1564	0.0376	0.3924	0.2137	0.1787	1.2461	0.0000	6.1111	0.0004	0.0103	0.0021	1.6154	0.0000	70.9402	2.8777	2.7103	3.1641	3.2933	0.0288	16.8813	2.6723	4.6725	0.2807
38	127	0.1142	4	0	2	0	0	0	0	0	0	N	Y	N	N	N	N	N	N	N	N	N	N	0.2472	0.0021	0.9427	0.0023	0.0036	0.0002	3.3514	0.0460	7.6672	0.2994	0.0019	1.7600	0.0059	0.0061	0.0013	0.3659	0.0007	1.8230	1.2112	0.8983	1.8670	2.5579	1.6799	6.0265	0.1092	0.0153	0.2378	192.5517	0.9916	0.0136	0.0166	4.7553	1.9703	10.1994	6.2034	0.0245	0.0001	0.0244	0.0001	0.0001	0.0000	0.0244	0.0000	0.0244	0.4204	0.2111	0.2093	0.3996	0.2094	0.1902	0.0208	0.0017	0.0192	0.0819	0.0681	0.0139	0.0151	0.0147	0.0005	0.0668	0.0534	0.0134	0.3471	0.2350	0.1121	0.1562	0.1247	0.0316	0.1909	0.1104	0.0806	0.2472	0.0021	0.9427	0.0023	0.0036	0.0002	3.3514	0.0460	7.6672	1.2112	0.8983	1.8670	2.5579	1.6799	6.0265	0.1092	0.0153	0.2378
38	128	0.0930	3	0	1	0	0	0	0	0	0	N	N	N	N	N	N	N	N	N	N	N	N	0.0156	0.0899	0.0373	0.0009	0.3185	0.0000	0.1713	0.0028	0.4808	0.0211	0.0012	0.1249	0.0083	0.0087	0.0000	0.0229	0.0000	0.1293	1.3538	0.0136	3.3504	8.7833	0.0274	155.5781	0.1334	0.0073	0.2689	19.5850	165.5817	0.0004	0.1600	4.7553	1.1032	10.1994	7.8190	0.0008	0.0000	0.0008	0.0000	0.0000	0.0000	0.0008	0.0000	0.0008	0.2986	0.0018	0.2969	0.2753	0.0011	0.2742	0.0233	0.0007	0.0227	0.0383	0.0321	0.0062	0.0046	0.0044	0.0002	0.0337	0.0277	0.0059	0.2206	0.1320	0.0886	0.0457	0.0414	0.0043	0.1749	0.0906	0.0843	0.0156	0.0899	0.0373	0.0014	0.3185	0.0000	0.1713	0.0028	0.4808	1.3538	0.0136	3.3504	6.0283	0.0274	64.2563	0.1334	0.0073	0.2689
38	129	0.4361	7	0	2	0	0	0	0	0	0	N	Y	N	N	N	N	N	N	N	N	N	N	0.0000	0.0000	0.0000	0.0000	0.0000	0.0000	0.0000	0.0000	0.0000	0.0000	0.0000	0.0000	0.0000	0.0000	0.0000	0.0000	0.0000	0.0000	0.1034	0.1350	0.0000	0.0082	0.0088	0.0000	0.2196	0.3888	0.0000	0.0000	0.0000	-0.0137	4.7553	1.0033	10.1994	0.8635	0.0000	0.0000	0.0000	0.0000	0.0000	0.0000	0.0000	0.0000	0.0000	0.0300	0.0300	0.0000	0.0013	0.0013	0.0000	0.0287	0.0287	0.0000	0.1103	0.0991	0.0112	0.0599	0.0571	0.0028	0.0504	0.0420	0.0084	0.2898	0.2221	0.0677	0.1593	0.1484	0.0109	0.1305	0.0737	0.0568	0.0000	0.0000	0.0000	0.0000	0.0000	0.0000	0.0000	0.0000	0.0000	0.1034	0.1350	0.0000	0.0082	0.0088	0.0000	0.2196	0.3888	0.0000	
38	130	0.4068	6	0	1	0	0	0	0	0	0	N	N	N	N	N	N	N	N	N	N	N	N	0.0058	0.0035	0.0771	0.0876	0.1161	0.0943	0.0007	0.0000	0.1358	0.0088	0.0069	0.0212	0.0218	0.0185	0.0874	0.0021	0.0000	0.0119	1.5075	1.9717	0.2756	0.2492	0.1592	0.9262	2.8886	5.1374	0.0873	0.4735	0.0527	-0.0003	-0.4295	4.7553	5.5514	10.1994	9.9598	0.0023	0.0016	0.0007	0.0019	0.0016	0.0004	0.0004	0.0000	0.0004	1.0518	0.9991	0.0526	0.0910	0.0513	0.0397	0.9608	0.9479	0.0129	0.2621	0.2272	0.0349	0.0890	0.0847	0.0043	0.1731	0.1426	0.0305	0.6977	0.5067	0.1910	0.3651	0.3222	0.0429	0.3326	0.1845	0.1481	0.0058	0.0035	0.0771	0.0876	0.1161	0.0943	0.0007	0.0000	0.1358	1.5075	1.9717	0.2756	0.2492	0.1592	0.9262	2.8886	5.1374	0.0873
38	131	0.3764	5	0	1	0	0	0	0	0	0	N	N	N	N	N	N	N	N	N	N	N	N	0.0992	0.0162	0.5045	0.2707	0.0449	3.9646	0.0282	0.0001	0.1251	0.0178	0.0026	0.1148	0.0493	0.0081	0.7906	0.0050	0.0000	0.0293	0.1793	0.1586	0.2275	0.1820	0.1795	0.1994	0.1767	0.1252	0.2345	7.0149	0.6137	0.0030	-0.0105	4.7553	9.1969	10.1994	13.4651	0.0070	0.0009	0.0061	0.0056	0.0009	0.0047	0.0014	0.0000	0.0014	0.1343	0.0832	0.0511	0.0670	0.0580	0.0090	0.0673	0.0253	0.0421	0.3916	0.3385	0.0531	0.1132	0.1072	0.0060	0.2785	0.2313	0.0471	0.7492	0.5246	0.2245	0.3680	0.3229	0.0451	0.3812	0.2017	0.1794	0.0992	0.0162	0.5045	0.2707	0.0449	3.9646	0.0282	0.0001	0.1251	0.1793	0.1586	0.2275	0.1820	0.1795	0.1994	0.1767	0.1252	0.2345
38	132	0.1899	7	1	2	0	1	0	0	0	0	N	Y	N	N	N	N	N	N	N	N	N	N	0.0000	0.0000	0.0000	0.0000	0.0000	0.0000	0.0000	0.0000	0.0000	0.0000	0.0000	0.0000	0.0000	0.0000	0.0000	0.0001	0.0002	0.0000	0.0006	0.0007	0.0000	0.0000	0.0000	0.0000	0.0002	0.0000	-0.0000	4.7553	1.0000	10.1994	3.0001	0.0000	0.0000	0.0000	0.0000	0.0000	0.0000	0.0000	0.0000	0.0000	0.0000	0.0000	0.0000	0.0000	0.0000	0.0000	0.0000	0.0000	0.0000	0.0358	0.0302	0.0057	0.0050	0.0047	0.0003	0.0308	0.0255	0.0054	0.0812	0.0471	0.0341	0.0179	0.0145	0.0034	0.0633	0.0326	0.0307	0.0000	0.0000	0.0000	0.0000	0.0000	0.0000	0.0000	0.0000	0.0000	0.0001	0.0002	0.0000	0.0006	0.0007	0.0000	0.0000	0.0000	0.0000				
38	133	0.5888	11	1	2	0	1	0	0	0	0	N	Y	N	N	N	N	N	N	N	N	N	N	0.0000	0.0000	0.0000	0.0000	0.0000	0.0000	0.0000	0.0000	0.0000	0.0000	0.0000	0.0000	0.0000	0.0000	0.0000	0.0000	0.0000	0.0161	0.0001	0.0483	0.0227	0.0001	0.1295	0.0086	0.0000	0.0168	384.7989	0.0000	0.0003	4.7553	0.0006	10.1994	1.9797	0.0000	0.0000	0.0000	0.0000	0.0000	0.0000	0.0000	0.0000	0.0000	0.0006	0.0000	0.0006	0.0005	0.0000	0.0005	0.0002	0.0000	0.0002	0.0000	0.0000	0.0000	0.0000	0.0000	0.0000	0.0000	0.0000	0.0000	0.0390	0.0260	0.0129	0.0208	0.0172	0.0036	0.0182	0.0089	0.0093	0.0000	0.0000	0.0000	0.0000	0.0000	0.0000	0.0000	0.0000	0.0000	0.0161	0.0001	0.0483	0.0227	0.0001	0.1295	0.0086	0.0000	0.0168		
38	134	0.5721	10	1	2	0	1	0	0	0	0	N	Y	N	N	N	N	N	N	N	N	N	N	0.0000	0.0000	0.0000	0.0000	0.0000	0.0000	0.0000	0.0000	0.0000	0.0000	0.0000	0.0000	0.0000	0.0000	0.0000	0.0000	0.0000	0.0000	0.0121	0.0183	0.0003	0.0231	0.0283	0.0008	0.0001	0.0000	0.0001	0.0083	0.0000	-0.0008	4.7553	2.0077	10.1994	6.0321	0.0000	0.0000	0.0000	0.0000	0.0000	0.0000	0.0000	0.0000	0.0000	0.0017	0.0017	0.0000	0.0017	0.0017	0.0000	0.0000	0.0000	0.0000	0.0717	0.0623	0.0095	0.0234	0.0214	0.0020	0.0484	0.0409	0.0075	0.1437	0.0944	0.0493	0.0751	0.0610	0.0141	0.0686	0.0334	0.0352	0.0000	0.0000	0.0000	0.0000	0.0000	0.0000	0.0000	0.0000	0.0000	0.0121	0.0183	0.0003	0.0231	0.0283	0.0008	0.0001	0.0000	0.0001	
38	135	0.5673	10	0	2	0	1	0	0	0	0	N	Y	N	N	N	N	N	N	N	N	N	N	4.4140	5.5106	0.0000	120.7264	969.4902	0.0000	0.0000	0.0000	0.0000	0.0033	0.0038	0.0000	0.0105	0.0114	0.0000	0.0000	0.0000	0.0000	0.0007	0.0007	0.0008	0.0001	0.0000	0.0004	0.0015	0.0019	0.0010	0.0000	0.6268	-0.0002	-0.0000	4.7553	3.0348	10.1994	9.3583	0.0004	0.0004	0.0000	0.0004	0.0004	0.0000	0.0000	0.0000	0.0000	0.0002	0.0001	0.0001	0.0000	0.0000	0.0000	0.0002	0.0001	0.0001	0.1111	0.0955	0.0156	0.0348	0.0320	0.0028	0.0764	0.0635	0.0128	0.2437	0.1607	0.0830	0.1271	0.1042	0.0229	0.1166	0.0565	0.0601	4.4140	5.5106	0.0000	120.7264	969.4902	0.0000	0.0000	0.0000	0.0000	0.0007	0.0007	0.0008	0.0001	0.0000	0.0004	0.0015	0.0019	0.0010
38	136	0.5530	9	0	1	0	1	0	0	0	0	N	N	N	N	N	N	N	N	N	N	N	N	116.0182	0.1232	503.5397	0.0120	0.0000	0.0620	1750.5226	23.2127	4979.1522	0.2018	0.0001	1.3839	0.0000	0.0000	0.0006	0.3036	0.0002	1.6421	0.0017	0.0012	0.0027	0.0032	0.0019	0.0089	0.0002	0.0000	0.0003	1584.6401	1.1954	0.0002	0.0000	4.7553	0.0433	10.1994	6.6805	0.0004	0.0000	0.0004	0.0000	0.0000	0.0000	0.0004	0.0000	0.0004	0.0002	0.0001	0.0001	0.0002	0.0001	0.0001	0.0000	0.0000	0.0000	0.0018	0.0015	0.0003	0.0006	0.0006	0.0000	0.0012	0.0010	0.0002	0.1253	0.0821	0.0432	0.0645	0.0524	0.0121	0.0607	0.0297	0.0310	116.0182	0.1232	503.5397	0.0120	0.0000	0.0620	1750.5226	23.2127	4979.1522	0.0017	0.0012	0.0027	0.0032	0.0019	0.0089	0.0002	0.0000	0.0003
38	137	0.2195	9	0	2	0	1	0	0	0	0	N	Y	N	N	N	N	N	N	N	N	N	N	0.0000	0.0000	0.0000	0.0000	0.0000	0.0000	0.0000	0.0000	0.0000	0.0000	0.0000	0.0000	0.0000	0.0000	0.0000	0.0000	0.0000	0.0000	0.0000	0.0000	4.7553	0.0000	10.1994	0.0000	0.0000	0.0000	0.0000	0.0000	0.0000	0.0000	0.0000	0.0000	0.0000	0.0000	0.0000	0.0000	0.0000	0.0000	0.0000	0.0000	0.0000	0.0000	0.0000	0.0000	0.0000	0.0000	0.0000	0.0000	0.0000	0.0000	0.0000	0.0000	0.0000	0.0000	0.0000	0.0000	0.0000	0.0000	0.0000	0.0000	0.0000	0.0000	0.0000	0.0000	0.0000	0.0000	0.0000	0.0000	0.0000	0.0000	0.0000	0.0000	0.0000	0.0000	0.0000	0.0000	0.0000	0.0000											
38	138	0.2145	8	0	2	0	1	0	0	0	0	N	Y	N	N	N	N	N	N	N	N	N	N	0.0000	0.0000	0.0000	0.0000	0.0000	0.0000	0.0000	0.0000	0.0000	0.0000	0.0000	0.0000	0.0000	0.0000	0.0000	0.0000	0.0000	0.0000	0.0000	0.0000	0.0000	0.0000	0.0000	0.0000	-0.0000	4.7553	0.0021	10.1994	2.0000	0.0000	0.0000	0.0000	0.0000	0.0000	0.0000	0.0000	0.0000	0.0000	0.0000	0.0000	0.0000	0.0000	0.0000	0.0000	0.0000	0.0000	0.0000	0.0002	0.0002	0.0000	0.0001	0.0001	0.0000	0.0001	0.0001	0.0000	0.0404	0.0238	0.0166	0.0094	0.0078	0.0016	0.0310	0.0160	0.0150	0.0000	0.0000	0.0000	0.0000	0.0000	0.0000	0.0000	0.0000	0.0000	0.0000	0.0000	0.0000	0.0000	0.0000	0.0000	0.0000	0.0000	0.0000						
38	139	0.2043	7	0	1	0	1	0	0	0	0	N	N	N	N	N	N	N	N	N	N	N	N	0.0000	0.0000	0.0000	0.0000	0.0000	0.0000	0.0000	0.0000	0.0000	0.0000	0.0000	0.0000	0.0000	0.0000	0.0000	0.0000	0.0001	0.0002	0.0000	0.0005	0.0007	0.0000	0.0000	0.0000	0.0000	0.0003	0.0000	-0.0000	4.7553	1.0020	10.1994	3.0181	0.0000	0.0000	0.0000	0.0000	0.0000	0.0000	0.0000	0.0000	0.0000	0.0000	0.0000	0.0000	0.0000	0.0000	0.0000	0.0000	0.0000	0.0000	0.0359	0.0303	0.0057	0.0051	0.0048	0.0003	0.0308	0.0255	0.0054	0.0821	0.0479	0.0342	0.0185	0.0152	0.0032	0.0637	0.0327	0.0310	0.0000	0.0000	0.0000	0.0000	0.0000	0.0000	0.0000	0.0000	0.0000	0.0001	0.0002	0.0000	0.0005	0.0007	0.0000	0.0000	0.0000	0.0000			
38	140	0.1899	7	0	2	0	0	0	0	0	0	N	Y	N	N	N	N	N	N	N	N	N	N	0.0000	0.0000	0.0000	0.0000	0.0000	0.0000	0.0000	0.0000	0.0000	0.0000	0.0000	0.0000	0.0000	0.0000	0.0000	0.0000	0.0000	0.0000	0.0000	0.0000	0.0000	0.0000	inf	0.0000	0.0000	4.7553	0.0000	10.1994	4.0001	0.0000	0.0000	0.0000	0.0000	0.0000	0.0000	0.0000	0.0000	0.0000	0.0000	0.0000	0.0000	0.0000	0.0000	0.0000	0.0000	0.0000	0.0000	0.0000	0.0000	0.0000	0.0000	0.0000	0.0000	0.0000	0.0000	0.0000	0.0812	0.0471	0.0341	0.0179	0.0145	0.0034	0.0633	0.0326	0.0307	0.0000	0.0000	0.0000	0.0000	0.0000	0.0000	0.0000	0.0000	0.0000	0.0000	0.0000	0.0000	0.0000	0.0000	0.0000	0.0000	0.0000	0.0000						
38	141	0.5676	9	0	2	0	0	0	0	0	0	N	Y	N	N	N	N	N	N	N	N	N	N	0.0000	0.0000	0.0000	0.0000	0.0000	0.0000	0.0000	0.0000	0.0000	0.0000	0.0000	0.0000	0.0000	0.0000	0.0000	0.0000	0.0000	0.0000	13.4194	25.0316	0.0000	54.6487	70.4165	0.0000	0.0004	0.0008	0.0000	0.0000	0.0000	-0.4505	4.7553	1.0003	10.1994	5.0186	0.0000	0.0000	0.0000	0.0000	0.0000	0.0000	0.0000	0.0000	0.0000	0.9828	0.9828	0.0000	0.9828	0.9828	0.0000	0.0000	0.0000	0.0000	0.0358	0.0311	0.0047	0.0117	0.0107	0.0010	0.0242	0.0204	0.0037	0.1097	0.0721	0.0375	0.0574	0.0467	0.0107	0.0523	0.0254	0.0269	0.0000	0.0000	0.0000	0.0000	0.0000	0.0000	0.0000	0.0000	0.0000	8.9612	13.6259	0.0000	17.1170	21.0293	0.0000	0.0004	0.0008	0.0000	
38	142	0.2043	7	0	1	1	1	0	0	0	0	N	N	N	N	N	N	N	N	N	N	N	N	0.0000	0.0000	0.0000	0.0000	0.0000	0.0000	0.0000	0.0000	0.0000	0.0000	0.0000	0.0000	0.0000	0.0000	0.0000	0.0000	0.0001	0.0001	0.0000	0.0002	0.0003	0.0000	0.0000	0.0000	0.0000	0.0009	0.0000	-0.0000	4.7553	0.0001	10.1994	9.0026	0.0000	0.0000	0.0000	0.0000	0.0000	0.0000	0.0000	0.0000	0.0000	0.0000	0.0000	0.0000	0.0000	0.0000	0.0000	0.0000	0.0000	0.0000	0.0000	0.0000	0.0000	0.0000	0.0000	0.0000	0.0000	0.0000	0.0000	0.1802	0.1052	0.0749	0.0403	0.0333	0.0070	0.1399	0.0720	0.0679	0.0000	0.0000	0.0000	0.0000	0.0000	0.0000	0.0000	0.0000	0.0000	0.0001	0.0001	0.0000	0.0002	0.0003	0.0000	0.0000	0.0000	0.0000			
38	143	0.5530	9	0	1	1	1	0	0	0	0	N	N	N	N	N	N	N	N	N	N	N	N	0.0000	0.0000	0.0000	0.0000	0.0000	0.0000	0.0000	0.0000	0.0000	0.0000	0.0000	0.0000	0.0000	0.0000	0.0000	0.0000	0.0000	6.3794	11.4662	0.0006	24.8154	30.1532	0.0006	0.0003	0.0000	0.0007	0.0000	0.0000	-0.4510	4.7553	2.0061	10.1994	8.0425	0.0000	0.0000	0.0000	0.0000	0.0000	0.0000	0.0000	0.0000	0.0000	0.9839	0.9839	0.0000	0.9839	0.9839	0.0000	0.0000	0.0000	0.0000	0.0713	0.0617	0.0097	0.0219	0.0200	0.0019	0.0494	0.0416	0.0078	0.1833	0.1199	0.0634	0.0942	0.0764	0.0178	0.0892	0.0435	0.0456	0.0000	0.0000	0.0000	0.0000	0.0000	0.0000	0.0000	0.0000	0.0000	5.3669	8.2054	0.0006	10.4483	12.8806	0.0006	0.0003	0.0000	0.0007		
38	144	0.5439	8	0	1	0	1	0	0	0	0	N	N	N	N	N	N	N	N	N	N	N	N	0.0000	0.0000	0.0000	0.0000	0.0000	0.0000	0.0000	0.0000	0.0000	0.0000	0.0000	0.0000	0.0000	0.0000	0.0000	0.0000	0.0000	0.0000	0.0025	0.0015	0.0050	0.0047	0.0024	0.0207	0.0002	0.0000	0.0005	1.4185	0.0000	0.0000	4.7553	1.9550	10.1994	2.1189	0.0000	0.0000	0.0000	0.0000	0.0000	0.0000	0.0000	0.0000	0.0000	0.0003	0.0001	0.0002	0.0003	0.0001	0.0002	0.0000	0.0000	0.0000	0.0740	0.0639	0.0101	0.0261	0.0235	0.0025	0.0479	0.0403	0.0076	0.1138	0.0804	0.0334	0.0580	0.0505	0.0075	0.0558	0.0299	0.0259	0.0000	0.0000	0.0000	0.0000	0.0000	0.0000	0.0000	0.0000	0.0000	0.0025	0.0015	0.0050	0.0047	0.0024	0.0207	0.0002	0.0000	0.0005	
38	145	0.5439	8	0	1	1	1	0	0	0	0	N	N	N	N	N	N	N	N	N	N	N	N	0.0000	0.0000	0.0000	0.0000	0.0000	0.0000	0.0000	0.0000	0.0000	0.0000	0.0000	0.0000	0.0000	0.0000	0.0000	0.0000	0.0000	0.0000	2.5074	3.7677	0.0000	5.4791	6.8858	0.0001	0.0011	0.0022	0.0000	0.0000	0.0000	-0.4519	4.7553	2.1261	10.1994	18.6477	0.0000	0.0000	0.0000	0.0000	0.0000	0.0000	0.0000	0.0000	0.0000	0.9859	0.9859	0.0000	0.9857	0.9857	0.0000	0.0002	0.0002	0.0000	0.0800	0.0691	0.0109	0.0280	0.0253	0.0027	0.0520	0.0438	0.0082	0.3932	0.2617	0.1315	0.1984	0.1642	0.0342	0.1948	0.0975	0.0974	0.0000	0.0000	0.0000	0.0000	0.0000	0.0000	0.0000	0.0000	0.0000	2.5074	3.7677	0.0000	4.9690	6.0029	0.0001	0.0011	0.0022	0.0000	
38	146	0.2043	7	0	1	1	1	0	0	0	0	N	N	N	N	N	N	N	N	N	N	N	N	0.0000	0.0000	0.0000	0.0000	0.0000	0.0000	0.0000	0.0000	0.0000	0.0000	0.0000	0.0000	0.0000	0.0000	0.0000	0.0000	0.0001	0.0002	0.0000	0.0006	0.0007	0.0000	0.0000	0.0000	0.0000	0.0004	0.0000	-0.0000	4.7553	2.0001	10.1994	5.9880	0.0000	0.0000	0.0000	0.0000	0.0000	0.0000	0.0000	0.0000	0.0000	0.0000	0.0000	0.0000	0.0000	0.0000	0.0000	0.0000	0.0000	0.0000	0.0713	0.0601	0.0112	0.0101	0.0095	0.0006	0.0612	0.0506	0.0106	0.1605	0.0937	0.0668	0.0359	0.0297	0.0063	0.1246	0.0641	0.0605	0.0000	0.0000	0.0000	0.0000	0.0000	0.0000	0.0000	0.0000	0.0000	0.0001	0.0002	0.0000	0.0006	0.0007	0.0000	0.0000	0.0000	0.0000			
38	147	0.2043	7	0	1	1	1	0	0	0	0	N	N	N	N	N	N	N	N	N	N	N	N	0.0015	0.0010	0.0000	0.0213	0.0195	0.0000	0.0000	0.0000	0.0000	0.0001	0.0001	0.0000	0.0005	0.0005	0.0000	0.0000	0.0000	0.0000	0.0441	0.0744	0.0014	0.0214	0.0249	0.0045	0.0505	0.0966	0.0010	0.0000	0.0129	-0.0000	-0.0115	4.7553	9.0001	10.1994	23.0169	0.0000	0.0000	0.0000	0.0000	0.0000	0.0000	0.0000	0.0000	0.0000	0.0259	0.0256	0.0003	0.0028	0.0027	0.0001	0.0231	0.0229	0.0002	0.3105	0.2623	0.0482	0.0438	0.0413	0.0025	0.2667	0.2210	0.0457	0.5867	0.3438	0.2429	0.1290	0.1068	0.0222	0.4577	0.2370	0.2207	0.0015	0.0010	0.0000	0.0213	0.0195	0.0000	0.0000	0.0000	0.0000	0.0441	0.0744	0.0014	0.0214	0.0249	0.0045	0.0505	0.0966	0.0010
38	148	0.1789	6	0	1	0	1	0	0	0	0	N	N	N	N	N	N	N	N	N	N	N	N	2.0971	0.0000	8.4649	0.0000	0.0000	0.0000	6.8914	0.0000	19.2469	0.0003	0.0000	0.0017	0.0000	0.0000	0.0000	0.0003	0.0000	0.0018	0.0001	0.0001	0.0002	0.0004	0.0002	0.0012	0.0000	0.0000	0.0001	inf	1.7884	0.0000	0.0000	4.7553	1.9990	10.1994	7.9526	0.0000	0.0000	0.0000	0.0000	0.0000	0.0000	0.0000	0.0000	0.0000	0.0000	0.0000	0.0000	0.0000	0.0000	0.0000	0.0000	0.0000	0.0000	0.0717	0.0603	0.0114	0.0101	0.0095	0.0006	0.0616	0.0508	0.0108	0.2147	0.1266	0.0880	0.0518	0.0431	0.0086	0.1629	0.0835	0.0794	2.0971	0.0000	8.4649	0.0000	0.0000	0.0000	6.8914	0.0000	19.2469	0.0001	0.0001	0.0002	0.0004	0.0002	0.0012	0.0000	0.0000	0.0001
38	149	0.1470	5	1	2	0	0	0	0	0	0	N	Y	N	N	N	N	N	N	N	N	N	N	0.0001	0.1472	0.0000	0.0001	0.2188	0.0000	0.0000	0.0000	0.0000	0.0002	0.0002	0.0000	0.0008	0.0008	0.0000	0.0000	0.0000	0.0000	1.9712	0.0012	5.0294	14.5811	0.0037	105.7687	0.1859	0.0000	0.3970	0.0000	2616.5908	-0.0000	0.5295	4.7553	5.3497	10.1994	17.2225	0.0000	0.0000	0.0000	0.0000	0.0000	0.0000	0.0000	0.0000	0.0000	0.9784	0.0004	0.9780	0.9079	0.0004	0.9075	0.0705	0.0000	0.0705	0.2204	0.1866	0.0338	0.0440	0.0419	0.0020	0.1764	0.1447	0.0318	0.4963	0.3019	0.1945	0.1174	0.1004	0.0170	0.3790	0.2015	0.1775	0.0001	0.1472	0.0000	0.0001	0.2188	0.0000	0.0000	0.0000	0.0000	1.9712	0.0012	5.0294	7.7362	0.0037	53.3770	0.1859	0.0000	0.3970
38	150	0.1778	6	0	2	0	0	0	0	0	0	N	Y	N	N	N	N	N	N	N	N	N	N	0.0003	0.0002	0.0149	0.0035	0.0031	0.0798	0.0000	0.0000	0.0038	0.0002	0.0003	0.0000	0.0008	0.0008	0.0000	0.0000	0.0000	0.0000	0.8934	1.4385	0.0000	0.2306	0.2695	0.0001	1.2664	2.5897	0.0000	0.0004	0.0000	-0.0000	-0.2648	4.7553	3.6794	10.1994	17.4287	0.0001	0.0001	0.0000	0.0001	0.0001	0.0000	0.0000	0.0000	0.0000	0.5777	0.5777	0.0000	0.0537	0.0537	0.0000	0.5240	0.5240	0.0000	0.2034	0.1759	0.0275	0.0619	0.0593	0.0026	0.1415	0.1166	0.0249	0.6467	0.4016	0.2451	0.2329	0.1993	0.0336	0.4138	0.2024	0.2115	0.0003	0.0002	0.0149	0.0035	0.0031	0.0798	0.0000	0.0000	0.0038	0.8934	1.4385	0.0000	0.2306	0.2695	0.0001	1.2664	2.5897	0.0000
38	151	0.1470	5	0	2	0	0	0	0	0	0	N	Y	N	N	N	N	N	N	N	N	N	N	0.0001	0.0000	0.3930	0.0001	0.0001	0.0000	0.0001	0.0000	0.3919	0.0005	0.0003	0.0013	0.0011	0.0011	0.0000	0.0003	0.0000	0.0014	5.1386	8.9395	0.0032	8.2947	9.2692	0.0009	3.9614	7.3749	0.0035	0.7324	0.0003	-0.0000	-0.6919	4.7553	3.4464	10.1994	10.1316	0.0001	0.0000	0.0000	0.0000	0.0000	0.0000	0.0000	0.0000	0.0000	1.5103	1.5099	0.0004	0.5236	0.5236	0.0000	0.9867	0.9863	0.0004	0.1553	0.1315	0.0238	0.0351	0.0336	0.0015	0.1202	0.0980	0.0222	0.3380	0.2113	0.1267	0.0889	0.0775	0.0114	0.2491	0.1337	0.1153	0.0001	0.0000	0.3930	0.0002	0.0002	0.0000	0.0001	0.0000	0.3919	4.4686	7.1475	0.0032	5.8897	6.7550	0.0009	3.9614	7.3749	0.0035
38	152	0.5744	11	1	2	0	0	0	0	0	0	N	Y	N	N	N	N	N	N	N	N	N	N	0.0000	0.0000	0.0000	0.0000	0.0000	0.0000	0.0000	0.0000	0.0000	0.0000	0.0000	0.0000	0.0000	0.0000	0.0000	0.0000	0.0000	0.0000	0.1078	0.1642	0.0000	0.1947	0.2394	0.0000	0.0140	0.0286	0.0000	0.0000	0.0000	-0.0113	4.7553	1.0143	10.1994	12.0086	0.0000	0.0000	0.0000	0.0000	0.0000	0.0000	0.0000	0.0000	0.0000	0.0246	0.0246	0.0000	0.0230	0.0230	0.0000	0.0015	0.0015	0.0000	0.0369	0.0321	0.0049	0.0122	0.0112	0.0010	0.0247	0.0208	0.0039	0.2279	0.1497	0.0782	0.1183	0.0963	0.0221	0.1096	0.0534	0.0562	0.0000	0.0000	0.0000	0.0000	0.0000	0.0000	0.0000	0.0000	0.0000	0.1078	0.1642	0.0000	0.1947	0.2394	0.0000	0.0140	0.0286	0.0000	
38	153	0.5721	10	1	2	0	0	0	0	0	0	N	Y	N	N	N	N	N	N	N	N	N	N	0.0000	0.0000	0.0000	0.0000	0.0000	0.0000	0.0000	0.0000	0.0000	0.0000	0.0000	0.0000	0.0000	0.0000	0.0000	0.0000	0.0000	0.0000	0.0005	0.0006	0.0004	0.0008	0.0008	0.0004	0.0003	0.0001	0.0004	0.3934	0.0000	-0.0000	4.7553	0.9811	10.1994	0.0216	0.0000	0.0000	0.0000	0.0000	0.0000	0.0000	0.0000	0.0000	0.0000	0.0000	0.0000	0.0000	0.0000	0.0000	0.0000	0.0000	0.0000	0.0000	0.0354	0.0307	0.0047	0.0116	0.0106	0.0010	0.0238	0.0201	0.0037	0.0187	0.0123	0.0064	0.0098	0.0080	0.0018	0.0088	0.0043	0.0046	0.0000	0.0000	0.0000	0.0000	0.0000	0.0000	0.0000	0.0000	0.0000	0.0005	0.0006	0.0004	0.0008	0.0008	0.0004	0.0003	0.0001	0.0004	
38	154	0.5676	9	1	2	0	0	0	0	0	0	N	Y	N	N	N	N	N	N	N	N	N	N	0.0000	0.0000	0.0000	0.0000	0.0000	0.0000	0.0000	0.0000	0.0000	0.0000	0.0000	0.0000	0.0000	0.0000	0.0000	0.0000	0.0000	0.0000	0.0329	0.0002	0.0964	0.0616	0.0003	0.3348	0.0011	0.0000	0.0022	278.4993	0.0000	0.0007	4.7553	0.0083	10.1994	2.0001	0.0000	0.0000	0.0000	0.0000	0.0000	0.0000	0.0000	0.0000	0.0000	0.0013	0.0000	0.0013	0.0012	0.0000	0.0012	0.0000	0.0000	0.0000	0.0003	0.0003	0.0000	0.0001	0.0001	0.0000	0.0002	0.0002	0.0000	0.0381	0.0251	0.0130	0.0200	0.0164	0.0037	0.0181	0.0088	0.0093	0.0000	0.0000	0.0000	0.0000	0.0000	0.0000	0.0000	0.0000	0.0000	0.0329	0.0002	0.0964	0.0616	0.0003	0.3348	0.0011	0.0000	0.0022	
38	155	0.5439	8	0	2	0	0	0	0	0	0	N	Y	N	N	N	N	N	N	N	N	N	N	0.0000	0.0000	0.0000	0.0000	0.0000	0.0000	0.0000	0.0000	0.0000	0.0000	0.0000	0.0000	0.0000	0.0000	0.0000	0.0000	0.0000	0.0000	0.0124	0.0172	0.0021	0.0243	0.0273	0.0082	0.0000	0.0000	0.0000	0.0579	0.0000	-0.0011	4.7553	2.9180	10.1994	7.4065	0.0000	0.0000	0.0000	0.0000	0.0000	0.0000	0.0000	0.0000	0.0000	0.0028	0.0026	0.0002	0.0027	0.0026	0.0001	0.0000	0.0000	0.0000	0.1077	0.0932	0.0146	0.0369	0.0335	0.0034	0.0708	0.0597	0.0111	0.2228	0.1511	0.0717	0.1133	0.0952	0.0181	0.1095	0.0560	0.0536	0.0000	0.0000	0.0000	0.0000	0.0000	0.0000	0.0000	0.0000	0.0000	0.0124	0.0172	0.0021	0.0243	0.0273	0.0082	0.0000	0.0000	0.0000	
38	156	0.4781	7	0	1	0	0	0	0	0	0	N	N	N	N	N	N	N	N	N	N	N	N	0.0297	0.2654	0.0000	0.0788	0.4182	0.0000	0.0001	0.0042	0.0000	0.0007	0.0008	0.0000	0.0018	0.0019	0.0000	0.0000	0.0000	0.0000	0.0242	0.0030	0.0686	0.0227	0.0045	0.1235	0.0258	0.0004	0.0511	0.0000	10.7405	-0.0001	0.0070	4.7553	8.2479	10.1994	19.7214	0.0003	0.0003	0.0000	0.0003	0.0003	0.0000	0.0000	0.0000	0.0000	0.0154	0.0013	0.0141	0.0074	0.0013	0.0061	0.0080	0.0001	0.0079	0.4441	0.3951	0.0490	0.1781	0.1677	0.0104	0.2660	0.2274	0.0386	0.6347	0.4298	0.2049	0.3244	0.2748	0.0496	0.3103	0.1550	0.1553	0.0297	0.2654	0.0000	0.0788	0.4182	0.0000	0.0001	0.0042	0.0000	0.0242	0.0030	0.0686	0.0227	0.0045	0.1235	0.0258	0.0004	0.0511
38	157	0.4419	6	0	1	0	0	0	0	0	0	N	N	N	N	N	N	N	N	N	N	N	N	0.7357	0.9445	0.1364	1.4753	1.6356	0.4159	0.0029	0.0186	0.0004	0.0310	0.0345	0.0074	0.0839	0.0894	0.0290	0.0001	0.0001	0.0000	0.0421	0.0366	0.0542	0.0569	0.0546	0.0698	0.0266	0.0048	0.0493	0.0323	0.6798	-0.0040	-0.0013	4.7553	7.4725	10.1994	14.3153	0.0098	0.0095	0.0003	0.0098	0.0095	0.0003	0.0000	0.0000	0.0000	0.0251	0.0149	0.0102	0.0174	0.0142	0.0031	0.0077	0.0007	0.0070	0.3175	0.2759	0.0416	0.1171	0.1065	0.0106	0.2004	0.1694	0.0311	0.5955	0.4083	0.1872	0.3055	0.2605	0.0451	0.2900	0.1478	0.1422	0.7357	0.9445	0.1364	1.4753	1.6356	0.4159	0.0029	0.0186	0.0004	0.0421	0.0366	0.0542	0.0569	0.0546	0.0698	0.0266	0.0048	0.0493
38	158	0.3764	5	0	1	0	0	0	0	0	0	N	N	N	N	N	N	N	N	N	N	N	N	20.8999	80.8722	0.0065	111.2201	186.4220	0.0498	0.0425	0.6033	0.0017	1.5462	1.7909	0.0012	5.5827	5.8961	0.0087	0.0041	0.0048	0.0003	0.0740	0.0221	0.1886	0.0502	0.0316	0.1751	0.0954	0.0080	0.1918	0.0001	3.8521	-0.3203	0.0215	4.7553	11.6653	10.1994	19.4910	0.7263	0.7262	0.0001	0.7249	0.7249	0.0001	0.0014	0.0014	0.0000	0.0641	0.0132	0.0509	0.0206	0.0113	0.0093	0.0435	0.0019	0.0416	0.4697	0.4055	0.0642	0.1299	0.1229	0.0069	0.3399	0.2826	0.0573	0.8670	0.5970	0.2701	0.4108	0.3576	0.0532	0.4562	0.2393	0.2169	20.8999	80.8722	0.0065	111.2201	186.4220	0.0498	0.0425	0.6033	0.0017	0.0740	0.0221	0.1886	0.0502	0.0316	0.1751	0.0954	0.0080	0.1918
38	159	0.3292	4	0	1	0	0	0	0	0	0	N	N	N	N	N	N	N	N	N	N	N	N	0.0420	0.4346	0.0604	0.5483	0.8622	0.4014	0.0182	0.0187	0.0502	0.0420	0.0196	0.1892	0.0603	0.0559	0.1692	0.0336	0.0002	0.1913	0.9995	0.0452	3.1324	0.1099	0.0648	0.4215	1.8487	0.0134	3.8082	1.4641	31.0334	0.0023	0.4614	4.7553	7.3933	10.1994	20.5306	0.0150	0.0061	0.0089	0.0068	0.0060	0.0007	0.0082	0.0001	0.0082	0.9039	0.0282	0.8757	0.0485	0.0250	0.0235	0.8554	0.0032	0.8522	0.3566	0.3096	0.0470	0.1121	0.1078	0.0043	0.2445	0.2018	0.0427	0.9044	0.6249	0.2796	0.4417	0.3859	0.0558	0.4627	0.2389	0.2238	0.0420	0.4346	0.0604	0.5483	0.8622	0.4014	0.0182	0.0187	0.0502	0.9995	0.0452	3.1324	0.1099	0.0648	0.4215	1.8487	0.0134	3.8082
38	160	0.0930	3	0	1	0	0	0	0	0	0	N	N	N	N	N	N	N	N	N	N	N	N	0.5580	0.0011	1.4169	0.0000	0.0001	0.0000	0.8104	0.0320	2.2843	2.0650	0.0011	13.5992	0.0006	0.0007	0.0000	2.3294	0.0012	14.0861	3.7010	1.0187	9.5981	17.7489	4.5418	66.6393	2.8743	0.0370	6.1665	2179.5796	5.2052	0.9672	1.8463	4.7553	27.6416	10.1994	54.6365	1.7320	0.0008	1.7312	0.0001	0.0001	0.0000	1.7319	0.0007	1.7312	4.8527	0.7820	4.0707	1.6400	0.7598	0.8801	3.2127	0.0222	3.1905	0.8387	0.7114	0.1273	0.0952	0.0908	0.0044	0.7435	0.6206	0.1229	1.3112	0.7677	0.5436	0.1935	0.1673	0.0262	1.1177	0.6004	0.5174	0.5580	0.0011	1.8159	0.0001	0.0001	0.0000	0.8104	0.0320	2.2843	3.7010	1.0187	7.4890	8.4774	4.5418	33.6532	2.8743	0.0370	6.1665
38	161	0.1975	9	1	2	0	0	0	0	0	0	N	Y	N	N	N	N	N	N	N	N	N	N	0.0000	0.0000	0.0000	0.0000	0.0000	0.0000	0.0000	0.0000	0.0000	0.0000	0.0000	0.0000	0.0000	0.0000	0.0000	0.0000	0.0000	0.0000	0.0000	0.0000	0.0000	0.0000	0.0000	0.0000	inf	0.0000	0.0000	4.7553	0.0002	10.1994	3.0099	0.0000	0.0000	0.0000	0.0000	0.0000	0.0000	0.0000	0.0000	0.0000	0.0000	0.0000	0.0000	0.0000	0.0000	0.0000	0.0000	0.0000	0.0000	0.0000	0.0000	0.0000	0.0000	0.0000	0.0000	0.0000	0.0000	0.0000	0.0627	0.0368	0.0259	0.0143	0.0118	0.0026	0.0484	0.0250	0.0233	0.0000	0.0000	0.0000	0.0000	0.0000	0.0000	0.0000	0.0000	0.0000	0.0000	0.0000	0.0000	0.0000	0.0000	0.0000	0.0000	0.0000	0.0000				
38	162	0.1899	8	1	2	0	0	0	0	0	0	N	Y	N	N	N	N	N	N	N	N	N	N	0.0000	0.0000	0.0000	0.0000	0.0000	0.0000	0.0000	0.0000	0.0000	0.0000	0.0000	0.0000	0.0000	0.0000	0.0000	0.0000	0.0000	0.0000	0.0000	0.0000	0.0000	0.0000	0.0000	0.0000	0.0387	0.0000	-0.0000	4.7553	0.9998	10.1994	2.0118	0.0000	0.0000	0.0000	0.0000	0.0000	0.0000	0.0000	0.0000	0.0000	0.0000	0.0000	0.0000	0.0000	0.0000	0.0000	0.0000	0.0000	0.0000	0.0358	0.0302	0.0057	0.0050	0.0047	0.0003	0.0308	0.0255	0.0054	0.0614	0.0356	0.0258	0.0135	0.0110	0.0025	0.0478	0.0246	0.0232	0.0000	0.0000	0.0000	0.0000	0.0000	0.0000	0.0000	0.0000	0.0000	0.0000	0.0000	0.0000	0.0000	0.0000	0.0000	0.0000	0.0000	0.0000				
38	163	0.1899	7	1	2	0	0	0	0	0	0	N	Y	N	N	N	N	N	N	N	N	N	N	0.0000	0.0000	0.0000	0.0000	0.0000	0.0000	0.0000	0.0000	0.0000	0.0000	0.0000	0.0000	0.0000	0.0000	0.0000	0.0003	0.0003	0.0005	0.0008	0.0006	0.0070	0.0000	0.0000	0.0000	0.4545	0.0000	-0.0000	4.7553	0.0000	10.1994	0.0003	0.0000	0.0000	0.0000	0.0000	0.0000	0.0000	0.0000	0.0000	0.0000	0.0000	0.0000	0.0000	0.0000	0.0000	0.0000	0.0000	0.0000	0.0000	0.0000	0.0000	0.0000	0.0000	0.0000	0.0000	0.0000	0.0000	0.0000	0.0000	0.0000	0.0000	0.0000	0.0000	0.0000	0.0000	0.0000	0.0000	0.0000	0.0000	0.0000	0.0000	0.0000	0.0000	0.0000	0.0000	0.0000	0.0003	0.0003	0.0005	0.0008	0.0006	0.0070	0.0000	0.0000	0.0000				
38	164	0.1789	6	0	2	0	0	0	0	0	0	N	Y	N	N	N	N	N	N	N	N	N	N	390.4891	0.0000	752.6192	0.0000	0.0000	0.0000	475.6465	0.0000	705.8603	0.0291	0.0000	0.1380	0.0000	0.0000	0.0000	0.0467	0.0000	0.1408	0.0001	0.0000	0.0002	0.0000	0.0000	0.0000	0.0001	0.0000	0.0002	inf	50.6287	0.0000	0.0000	4.7553	0.0063	10.1994	4.3641	0.0000	0.0000	0.0000	0.0000	0.0000	0.0000	0.0000	0.0000	0.0000	0.0000	0.0000	0.0000	0.0000	0.0000	0.0000	0.0000	0.0000	0.0000	0.0006	0.0005	0.0001	0.0002	0.0002	0.0000	0.0004	0.0003	0.0001	0.1064	0.0640	0.0424	0.0289	0.0246	0.0044	0.0775	0.0395	0.0380	390.4891	0.0000	752.6192	0.0000	0.0000	0.0000	475.6465	0.0000	705.8603	0.0001	0.0000	0.0002	0.0000	0.0000	0.0000	0.0001	0.0000	0.0002
38	165	0.1470	5	0	1	0	0	0	0	0	0	N	N	N	N	N	N	N	N	N	N	N	N	42.0775	0.0004	165.4588	0.0006	0.0006	0.0000	66.1187	0.0000	165.4242	0.0925	0.0000	0.6060	0.0000	0.0000	0.0000	0.1232	0.0000	0.6507	0.0022	0.0013	0.0037	0.0031	0.0034	0.0009	0.0019	0.0001	0.0039	203117.0137	1.6273	0.0064	0.0001	4.7553	2.5207	10.1994	10.0226	0.0114	0.0000	0.0114	0.0000	0.0000	0.0000	0.0114	0.0000	0.0114	0.0007	0.0003	0.0004	0.0003	0.0003	0.0000	0.0004	0.0000	0.0004	0.1232	0.1044	0.0188	0.0307	0.0294	0.0013	0.0925	0.0750	0.0175	0.3191	0.2004	0.1186	0.0855	0.0748	0.0107	0.2336	0.1257	0.1079	42.0775	0.0004	165.4588	0.0006	0.0006	0.0000	66.1187	0.0000	165.4242	0.0022	0.0013	0.0037	0.0031	0.0034	0.0009	0.0019	0.0001	0.0039
38	166	0.1314	4	0	1	0	0	0	0	0	0	N	N	N	N	N	N	N	N	N	N	N	N	0.0453	0.0095	0.5883	0.0133	0.0136	0.0001	0.1592	0.0000	0.9150	0.0003	0.0001	0.0015	0.0002	0.0002	0.0000	0.0003	0.0000	0.0020	0.0067	0.0088	0.0026	0.0159	0.0172	0.0062	0.0022	0.0022	0.0022	3.2707	0.1540	0.0000	-0.0005	4.7553	2.6894	10.1994	4.6619	0.0000	0.0000	0.0000	0.0000	0.0000	0.0000	0.0000	0.0000	0.0000	0.0016	0.0014	0.0002	0.0013	0.0012	0.0001	0.0004	0.0002	0.0002	0.1470	0.1248	0.0221	0.0492	0.0443	0.0049	0.0978	0.0805	0.0172	0.2469	0.1629	0.0841	0.0806	0.0712	0.0094	0.1664	0.0917	0.0747	0.0453	0.0095	0.5883	0.0133	0.0136	0.0001	0.1592	0.0000	0.9150	0.0067	0.0088	0.0026	0.0159	0.0172	0.0062	0.0022	0.0022	0.0022
38	167	0.0930	3	0	1	0	0	0	0	0	0	N	N	N	N	N	N	N	N	N	N	N	N	0.0491	0.0687	0.0422	0.4446	0.5176	0.0000	0.0106	0.0000	0.0436	0.0005	0.0005	0.0007	0.0036	0.0038	0.0000	0.0001	0.0000	0.0007	0.0110	0.0075	0.0162	0.0082	0.0074	0.0153	0.0117	0.0075	0.0162	0.2521	1.4764	-0.0000	0.0004	4.7553	2.7966	10.1994	8.5340	0.0001	0.0000	0.0000	0.0000	0.0000	0.0000	0.0000	0.0000	0.0000	0.0029	0.0012	0.0018	0.0004	0.0003	0.0001	0.0025	0.0008	0.0017	0.0956	0.0804	0.0152	0.0113	0.0108	0.0005	0.0843	0.0696	0.0147	0.2673	0.1590	0.1083	0.0523	0.0470	0.0053	0.2150	0.1121	0.1030	0.0491	0.0687	0.0422	0.4446	0.5176	0.0000	0.0106	0.0000	0.0436	0.0110	0.0075	0.0162	0.0082	0.0074	0.0153	0.0117	0.0075	0.0162
39	40	0.2205	3	1	2	0	0	0	0	0	0	N	Y	N	N	N	N	N	N	N	N	N	N	2.0593	5.8330	0.0000	0.0000	0.0000	1.6798	4.2586	0.0000	4.6052	5.4360	0.0000	0.0000	0.0000	0.0000	4.8264	5.7229	0.0000	2.2363	0.9319	4.1770	0.0056	0.0067	0.0000	2.8732	1.3438	4.6118	0.0000	3.0122	-0.4411	0.7789	5.0000	7.0019	27.3229	21.4344	1.0000	1.0000	0.0000	0.0000	0.0000	0.0000	1.0000	1.0000	0.0000	2.6640	0.6640	2.0000	0.0015	0.0015	0.0000	2.6625	0.6625	2.0000	0.2171	0.1840	0.0332	0.0100	0.0092	0.0007	0.2072	0.1747	0.0325	1.1913	0.7125	0.4788	0.2646	0.2195	0.0451	0.9267	0.4930	0.4337	2.0593	5.8330	0.0000	0.0000	0.0000	0.0000	1.6798	4.2586	0.0000	2.2363	0.9319	4.1770	0.0056	0.0067	0.0000	2.8732	1.3438	4.6118	
39	41	0.6508	6	1	2	0	0	0	0	0	0	N	Y	N	N	N	N	N	N	N	N	N	N	0.0000	0.0000	0.0000	0.0000	0.0000	0.0000	0.0000	0.0000	0.0000	0.0000	0.0000	0.0000	0.0000	0.0000	0.0000	0.0000	0.0000	1.9956	0.0024	6.4357	0.0029	0.0035	0.0005	4.7618	0.0000	12.3230	1213.4659	0.0000	0.6699	5.0000	8.1446	27.3229	10.2519	0.0000	0.0000	0.0000	0.0000	0.0000	0.0000	0.0000	0.0000	0.0000	1.2388	0.0010	1.2377	0.0011	0.0010	0.0000	1.2377	0.0000	1.2377	0.2911	0.2558	0.0353	0.0977	0.0925	0.0053	0.1934	0.1633	0.0301	0.6207	0.4284	0.1923	0.3608	0.2953	0.0655	0.2599	0.1331	0.1268	0.0000	0.0000	0.0000	0.0000	0.0000	0.0000	0.0000	0.0000	0.0000	1.9956	0.0024	6.4357	0.0029	0.0035	0.0005	4.7618	0.0000	9.7604		
39	42	0.2205	3	1	2	0	0	0	0	0	0	N	Y	N	N	N	N	N	N	N	N	N	N	0.0000	0.0000	0.0000	0.0000	0.0000	0.0000	0.0000	0.0000	0.0000	0.0000	0.0000	0.0000	0.0000	0.0000	0.0000	0.0000	0.0000	2.7831	2.5590	3.1333	1.3846	1.6555	0.0000	3.2327	3.0114	3.4892	0.7837	0.0000	-0.0432	5.0000	5.9981	27.3229	11.5875	0.0000	0.0000	0.0000	0.0000	0.0000	0.0000	0.0000	0.0000	0.0000	2.2760	1.2760	1.0000	0.2754	0.2754	0.0000	2.0006	1.0006	1.0000	0.1869	0.1583	0.0286	0.0086	0.0079	0.0006	0.1783	0.1503	0.0280	0.8178	0.4986	0.3192	0.1989	0.1664	0.0326	0.6189	0.3323	0.2866	0.0000	0.0000	0.0000	0.0000	0.0000	0.0000	0.0000	0.0000	0.0000	2.7831	2.5590	3.1333	1.3846	1.6555	0.0000	3.2327	3.0114	3.4892		
39	43	0.3042	3	1	2	1	1	0	0	0	0	N	Y	N	N	N	N	N	N	N	N	N	N	0.0000	0.0000	0.0000	0.0000	0.0000	0.0000	0.0000	0.0000	0.0000	0.0000	0.0000	0.0000	0.0000	0.0000	0.0000	0.0000	0.0000	0.0116	0.0042	0.0309	0.0073	0.0072	0.0081	0.0153	0.0000	0.0351	2.7540	0.0000	0.0007	5.0000	1.0007	27.3229	2.4334	0.0000	0.0000	0.0000	0.0000	0.0000	0.0000	0.0000	0.0000	0.0000	0.0027	0.0007	0.0020	0.0008	0.0007	0.0001	0.0019	0.0000	0.0019	0.0311	0.0264	0.0048	0.0025	0.0023	0.0002	0.0287	0.0240	0.0046	0.2325	0.1687	0.0638	0.1087	0.0988	0.0099	0.1237	0.0698	0.0539	0.0000	0.0000	0.0000	0.0000	0.0000	0.0000	0.0000	0.0000	0.0000	0.0116	0.0042	0.0309	0.0073	0.0072	0.0081	0.0153	0.0000	0.0351		
39	44	0.2670	2	1	1	0	1	0	0	0	0	N	N	N	N	N	N	N	N	N	N	N	N	0.0010	0.0119	0.0000	0.0089	0.0086	0.0000	0.0005	1.0322	0.0000	0.0020	0.0024	0.0000	0.0027	0.0028	0.0000	0.0019	0.0023	0.0000	2.0328	0.1996	5.7985	0.3020	0.3261	0.1597	3.6260	0.0023	7.3195	0.0000	14.1451	-0.0000	1.0316	5.0000	1.0391	27.3229	15.0482	0.0001	0.0001	0.0000	0.0000	0.0000	0.0000	0.0001	0.0001	0.0000	2.1691	0.1432	2.0259	0.1544	0.1426	0.0119	2.0147	0.0006	2.0140	0.0346	0.0294	0.0052	0.0037	0.0036	0.0002	0.0309	0.0258	0.0051	1.0671	0.7177	0.3494	0.5115	0.4372	0.0742	0.5556	0.2805	0.2752	0.0010	0.0119	0.0000	0.0089	0.0086	0.0000	0.0005	1.0322	0.0000	2.0328	0.1996	5.7985	0.3020	0.3261	0.1597	3.6260	0.0023	7.3195
39	46	0.6279	9	2	2	0	0	0	0	0	0	Y	Y	N	N	N	N	N	N	N	N	N	N	0.0000	0.0000	0.0000	0.0000	0.0000	0.0000	0.0000	0.0000	0.0000	0.0000	0.0000	0.0000	0.0000	0.0000	0.0000	0.0000	0.0012	0.0012	0.0012	0.0016	0.0019	0.0000	0.0008	0.0000	0.0015	0.5000	0.0000	-0.0000	5.0000	2.0120	27.3229	1.9924	0.0000	0.0000	0.0000	0.0000	0.0000	0.0000	0.0000	0.0000	0.0000	0.0002	0.0001	0.0001	0.0001	0.0001	0.0000	0.0001	0.0000	0.0001	0.0619	0.0532	0.0087	0.0153	0.0141	0.0012	0.0465	0.0391	0.0074	0.1287	0.0853	0.0434	0.0625	0.0518	0.0107	0.0662	0.0335	0.0327	0.0000	0.0000	0.0000	0.0000	0.0000	0.0000	0.0000	0.0000	0.0000	0.0012	0.0012	0.0012	0.0016	0.0019	0.0000	0.0008	0.0000	0.0015			
39	47	0.2510	7	2	2	0	0	0	0	0	0	Y	Y	N	N	N	N	N	N	N	N	N	N	0.0000	0.0000	0.0000	0.0000	0.0000	0.0000	0.0000	0.0000	0.0000	0.0000	0.0000	0.0000	0.0000	0.0189	0.0337	0.0000	0.1414	0.1602	0.0000	0.0000	0.0000	0.0000	0.0000	0.0000	-0.0014	5.0000	0.0002	27.3229	4.0036	0.0000	0.0000	0.0000	0.0000	0.0000	0.0000	0.0000	0.0000	0.0000	0.0030	0.0030	0.0000	0.0030	0.0030	0.0000	0.0000	0.0000	0.0000	0.0000	0.0000	0.0000	0.0000	0.0000	0.0000	0.0000	0.0000	0.0000	0.1585	0.0890	0.0694	0.0212	0.0187	0.0025	0.1372	0.0703	0.0669	0.0000	0.0000	0.0000	0.0000	0.0000	0.0000	0.0000	0.0000	0.0000	0.0189	0.0337	0.0000	0.1414	0.1602	0.0000	0.0000	0.0000	0.0000						
39	50	0.2361	2	1	1	1	0	0	0	0	0	N	N	N	N	N	N	N	N	N	N	N	N	0.5993	0.0000	3.4832	0.0008	0.0000	0.0433	0.5134	0.0000	3.2323	1.0595	0.0000	7.4286	0.0006	0.0000	0.0134	1.1434	0.0000	7.5981	1.7680	1.5498	2.1327	0.6958	0.7553	0.3087	2.2273	2.1145	2.3507	inf	0.8234	0.5561	-0.0364	5.0000	31.2093	27.3229	46.3939	0.9950	0.0000	0.9950	0.0000	0.0000	0.0000	0.9950	0.0000	0.9950	5.3636	2.9415	2.4221	0.6330	0.5955	0.0374	4.7306	2.3460	2.3846	0.9392	0.8052	0.1339	0.0689	0.0659	0.0030	0.8702	0.7393	0.1310	3.0336	1.8979	1.1357	0.9097	0.7885	0.1212	2.1239	1.1095	1.0145	0.5993	0.0000	3.4832	0.0008	0.0000	0.0433	0.5134	0.0000	3.2323	1.7680	1.5498	2.1327	0.6958	0.7553	0.3087	2.2273	2.1145	2.3507
39	51	0.1833	2	1	2	0	0	0	0	0	0	N	Y	N	N	N	N	N	N	N	N	N	N	0.0000	0.0000	0.0000	0.0000	0.0000	0.0000	0.0000	0.0000	0.0000	0.0000	0.0000	0.0000	0.0000	0.0000	0.0000	0.0000	0.0000	1.8129	0.0259	4.9538	0.4977	0.0575	4.7369	2.4242	0.0000	4.9732	108.7519	0.0000	1.2176	5.0000	4.1516	27.3229	14.5664	0.0000	0.0000	0.0000	0.0000	0.0000	0.0000	0.0000	0.0000	0.0000	2.2865	0.0208	2.2657	0.1992	0.0208	0.1783	2.0874	0.0000	2.0874	0.1313	0.1112	0.0202	0.0044	0.0042	0.0002	0.1270	0.1070	0.0200	1.2613	0.8039	0.4574	0.4002	0.3626	0.0376	0.8611	0.4414	0.4197	0.0000	0.0000	0.0000	0.0000	0.0000	0.0000	0.0000	0.0000	0.0000	1.8129	0.0259	4.9538	0.4977	0.0575	4.7369	2.4242	0.0000	4.9732		
39	52	0.2638	4	2	1	1	0	0	0	0	0	Y	N	N	N	N	N	N	N	N	N	N	N	6.2916	16.8490	0.0000	0.0000	0.0000	0.0000	7.2992	18.9093	0.0000	0.0887	0.1001	0.0000	0.0000	0.0000	0.0000	0.1424	0.1742	0.0000	0.0141	0.0059	0.0291	0.0020	0.0014	0.0059	0.0195	0.0092	0.0318	0.0000	2.6591	-0.0000	0.0002	5.0000	0.0028	27.3229	0.9232	0.0000	0.0000	0.0000	0.0000	0.0000	0.0000	0.0000	0.0000	0.0000	0.0007	0.0002	0.0005	0.0000	0.0000	0.0000	0.0007	0.0002	0.0005	0.0003	0.0003	0.0000	0.0001	0.0001	0.0000	0.0002	0.0002	0.0000	0.0514	0.0333	0.0181	0.0159	0.0140	0.0019	0.0355	0.0193	0.0162	6.2916	16.8490	0.0000	0.0000	0.0000	0.0000	7.2992	18.9093	0.0000	0.0141	0.0059	0.0291	0.0020	0.0014	0.0059	0.0195	0.0092	0.0318
39	53	0.6431	8	1	2	0	0	0	0	0	0	N	Y	N	N	N	N	N	N	N	N	N	N	0.0014	0.0012	0.0008	0.0000	0.0000	0.0000	0.0008	0.0005	0.0007	0.0012	0.0014	0.0002	0.0000	0.0000	0.0000	0.0016	0.0019	0.0003	0.9048	1.1952	0.2924	0.0363	0.0371	0.0326	2.0505	3.8278	0.4058	0.0270	0.1160	-0.0002	-0.4165	5.0000	8.5400	27.3229	19.3759	0.0004	0.0004	0.0000	0.0000	0.0000	0.0000	0.0004	0.0004	0.0000	1.1750	1.0529	0.1221	0.0268	0.0227	0.0041	1.1482	1.0302	0.1180	0.3082	0.2677	0.0405	0.0754	0.0717	0.0037	0.2328	0.1960	0.0368	1.2986	0.8809	0.4177	0.7386	0.6117	0.1269	0.5600	0.2691	0.2908	0.0014	0.0012	0.0008	0.0000	0.0000	0.0000	0.0008	0.0005	0.0007	0.9048	1.1952	0.2924	0.0363	0.0371	0.0326	2.0505	3.8278	0.4058
39	54	0.5801	7	1	1	0	0	0	0	0	0	N	N	N	N	N	N	N	N	N	N	N	N	1.8116	7.1854	0.0001	0.0246	0.0218	0.0000	1.1987	4.3495	0.0001	2.9255	3.3514	0.0003	0.0027	0.0028	0.0000	3.8533	4.5557	0.0003	1.6149	0.4664	4.0252	0.1105	0.1301	0.0128	3.2145	1.0474	5.4909	0.0000	4.1121	-0.3642	0.8350	5.0000	7.3474	27.3229	24.2346	0.8256	0.8256	0.0000	0.0002	0.0002	0.0000	0.8254	0.8254	0.0000	2.4131	0.4720	1.9410	0.0851	0.0834	0.0017	2.3280	0.3886	1.9394	0.2822	0.2464	0.0359	0.0680	0.0652	0.0028	0.2142	0.1812	0.0330	1.4943	1.0120	0.4822	0.7701	0.6410	0.1290	0.7242	0.3710	0.3532	1.8116	7.1854	0.0001	0.0246	0.0218	0.0000	1.1987	4.3495	0.0001	1.6149	0.4664	4.0252	0.1105	0.1301	0.0128	3.2145	1.0474	5.4909
39	55	0.5503	6	1	1	0	0	0	0	0	0	N	N	N	N	N	N	N	N	N	N	N	N	3.3397	3.7137	0.0040	9.1007	8.0623	0.0000	1.6849	1.8729	0.0032	1.9200	2.1873	0.0022	3.5468	3.6627	0.0000	1.3166	1.5594	0.0023	0.5749	0.5890	0.5421	0.3897	0.4543	0.0084	0.7814	0.8326	0.7243	0.0001	0.3944	-0.1270	-0.1269	5.0000	3.4216	27.3229	15.9376	0.2879	0.2879	0.0000	0.1439	0.1439	0.0000	0.1440	0.1440	0.0000	0.7229	0.5185	0.2045	0.2583	0.2575	0.0008	0.4646	0.2609	0.2037	0.1500	0.1316	0.0183	0.0406	0.0393	0.0013	0.1094	0.0923	0.0171	1.2575	0.8803	0.3772	0.6629	0.5669	0.0960	0.5946	0.3134	0.2812	3.3397	3.7137	0.0040	9.1007	8.0623	0.0000	1.6849	1.8729	0.0032	0.5749	0.5890	0.5421	0.3897	0.4543	0.0084	0.7814	0.8326	0.7243
39	56	0.2670	2	1	2	0	0	0	0	0	0	N	Y	N	N	N	N	N	N	N	N	N	N	0.0025	0.0021	0.0000	0.0183	0.0186	0.0000	0.0014	0.0010	0.0000	0.0021	0.0025	0.0000	0.0028	0.0029	0.0000	0.0020	0.0024	0.0000	0.8468	1.1610	0.2342	0.1512	0.1557	0.1249	1.4162	2.5501	0.2609	0.0000	0.1034	-0.0000	-0.3788	5.0000	0.9891	27.3229	20.6926	0.0001	0.0001	0.0000	0.0000	0.0000	0.0000	0.0001	0.0001	0.0000	1.0388	0.9414	0.0974	0.0835	0.0733	0.0102	0.9554	0.8682	0.0872	0.0331	0.0281	0.0050	0.0036	0.0035	0.0002	0.0295	0.0246	0.0048	1.2267	0.8108	0.4158	0.5521	0.4704	0.0817	0.6746	0.3404	0.3342	0.0025	0.0021	0.0000	0.0183	0.0186	0.0000	0.0014	0.0010	0.0000	0.8468	1.1610	0.2342	0.1512	0.1557	0.1249	1.4162	2.5501	0.2609
39	59	0.5306	6	1	2	0	1	0	0	0	0	N	Y	N	N	N	N	N	N	N	N	N	N	4.4734	4.0480	2.3936	7.4004	8.3389	0.0839	3.2071	1.9962	11.6892	4.9313	5.4544	1.2922	7.9798	8.3675	0.1207	3.6331	4.0484	1.4396	1.1024	1.3474	0.5399	1.0783	1.0034	1.4386	1.1328	2.0281	0.1232	0.0341	0.1746	-0.8431	-0.7160	5.0000	10.4254	27.3229	21.2017	2.0657	1.9976	0.0680	0.9983	0.9976	0.0007	1.0673	1.0000	0.0673	2.3116	1.9681	0.3436	1.2636	0.9736	0.2900	1.0481	0.9945	0.0535	0.4189	0.3662	0.0527	0.1251	0.1192	0.0059	0.2938	0.2470	0.0468	2.0970	1.4606	0.6364	1.1718	0.9702	0.2016	0.9252	0.4904	0.4348	4.4734	4.0480	2.3936	7.4004	8.3389	0.0839	3.2071	1.9962	11.6892	1.1024	1.3474	0.5399	1.0783	1.0034	1.4386	1.1328	2.0281	0.1232
39	60	0.2638	4	2	1	1	0	0	0	0	0	Y	N	N	N	N	N	N	N	N	N	N	N	0.1432	0.3732	0.0000	0.0000	0.0000	0.0000	0.1162	0.2832	0.0000	0.0005	0.0006	0.0000	0.0000	0.0000	0.0000	0.0005	0.0006	0.0000	0.0033	0.0015	0.0061	0.0006	0.0004	0.0011	0.0043	0.0021	0.0067	0.0000	2.6591	-0.0000	0.0002	5.0000	1.9981	27.3229	3.0867	0.0000	0.0000	0.0000	0.0000	0.0000	0.0000	0.0000	0.0000	0.0000	0.0007	0.0002	0.0005	0.0000	0.0000	0.0000	0.0007	0.0002	0.0005	0.0631	0.0534	0.0098	0.0026	0.0024	0.0002	0.0605	0.0510	0.0095	0.2183	0.1315	0.0869	0.0558	0.0457	0.0100	0.1625	0.0857	0.0768	0.1432	0.3732	0.0000	0.0000	0.0000	0.0000	0.1162	0.2832	0.0000	0.0033	0.0015	0.0061	0.0006	0.0004	0.0011	0.0043	0.0021	0.0067
39	61	0.2205	3	2	1	1	0	0	0	0	0	Y	N	N	N	N	N	N	N	N	N	N	N	3.2598	7.1907	0.0000	0.0000	0.0000	2.5921	5.0687	0.0000	7.9426	9.3834	0.0000	0.0000	0.0000	0.0000	8.3245	9.8794	0.0000	2.4366	1.3049	4.1986	0.0073	0.0087	0.0000	3.2114	1.9491	4.6728	0.0000	2.0663	-0.4411	0.4387	5.0000	4.0039	27.3229	14.0733	1.0000	1.0000	0.0000	0.0000	0.0000	0.0000	1.0000	1.0000	0.0000	2.0356	0.6639	1.3718	0.0015	0.0015	0.0000	2.0342	0.6624	1.3718	0.1259	0.1066	0.0193	0.0058	0.0054	0.0004	0.1201	0.1012	0.0189	0.8355	0.5087	0.3267	0.2020	0.1689	0.0332	0.6334	0.3398	0.2936	3.2598	7.1907	0.0000	0.0000	0.0000	0.0000	2.5921	5.0687	0.0000	2.4366	1.3049	4.1986	0.0073	0.0087	0.0000	3.2114	1.9491	4.6728	
39	62	0.2398	4	2	1	1	0	0	0	0	0	Y	N	N	N	N	N	N	N	N	N	N	N	0.0000	0.0000	0.0000	0.0000	0.0000	0.0000	0.0000	0.0000	0.0000	0.0000	0.0000	0.0000	0.0000	0.0000	0.0000	0.0000	0.0000	0.0000	2.9688	5.4365	0.0368	9.2529	11.3147	0.0004	1.9379	3.8053	0.0408	0.0052	0.0000	-0.9294	5.0000	0.0060	27.3229	17.2393	0.0000	0.0000	0.0000	0.0000	0.0000	0.0000	0.0000	0.0000	0.0000	2.0508	2.0402	0.0107	1.0317	1.0317	0.0000	1.0192	1.0085	0.0107	0.0009	0.0007	0.0001	0.0004	0.0003	0.0000	0.0005	0.0004	0.0001	0.6908	0.4013	0.2895	0.1649	0.1363	0.0286	0.5259	0.2650	0.2609	0.0000	0.0000	0.0000	0.0000	0.0000	0.0000	0.0000	0.0000	0.0000	2.9688	5.0840	0.0368	6.2574	7.5706	0.0004	1.9379	3.8053	0.0408	
39	63	0.1833	2	1	1	1	0	0	0	0	0	N	N	N	N	N	N	N	N	N	N	N	N	0.0000	0.0000	0.0000	0.0000	0.0000	0.0000	0.0000	0.0000	0.0000	0.0000	0.0000	0.0000	0.0000	0.0000	0.0000	0.0000	0.0000	0.0000	0.7473	1.1133	0.0537	0.6999	0.7688	0.0050	0.7737	1.4544	0.0587	0.0254	0.0000	-0.3482	5.0000	1.0230	27.3229	12.1924	0.0000	0.0000	0.0000	0.0000	0.0000	0.0000	0.0000	0.0000	0.0000	0.8031	0.7832	0.0199	0.2692	0.2691	0.0002	0.5339	0.5141	0.0197	0.0361	0.0309	0.0053	0.0028	0.0027	0.0001	0.0334	0.0282	0.0052	1.0746	0.7035	0.3711	0.3847	0.3500	0.0347	0.6900	0.3535	0.3365	0.0000	0.0000	0.0000	0.0000	0.0000	0.0000	0.0000	0.0000	0.0000	0.7473	1.1133	0.0537	0.6999	0.7688	0.0050	0.7737	1.4544	0.0587	
39	65	0.2689	3	1	2	0	0	0	0	0	0	N	Y	N	N	N	N	N	N	N	N	N	N	0.0057	0.0045	0.0000	0.0095	0.0088	0.0000	0.0330	0.2831	0.0000	0.0011	0.0013	0.0000	0.0053	0.0055	0.0000	0.0004	0.0004	0.0000	0.1959	0.2877	0.0257	0.5608	0.6318	0.0504	0.0113	0.0016	0.0224	0.0000	0.0482	-0.0000	-0.0539	5.0000	1.7555	27.3229	11.9300	0.0001	0.0001	0.0000	0.0001	0.0001	0.0000	0.0000	0.0000	0.0000	0.1307	0.1247	0.0060	0.1257	0.1243	0.0014	0.0050	0.0004	0.0046	0.0632	0.0546	0.0086	0.0094	0.0090	0.0003	0.0538	0.0456	0.0083	0.6674	0.4335	0.2339	0.2242	0.1968	0.0274	0.4432	0.2367	0.2065	0.0057	0.0045	0.0000	0.0095	0.0088	0.0000	0.0330	0.2831	0.0000	0.1959	0.2877	0.0257	0.5608	0.6318	0.0504	0.0113	0.0016	0.0224
39	66	0.2479	5	2	2	1	0	0	0	0	0	Y	Y	N	N	N	N	N	N	N	N	N	N	0.0000	0.0000	0.0000	0.0000	0.0000	0.0000	0.0000	0.0000	0.0000	0.0000	0.0000	0.0000	0.0000	0.0000	0.0000	0.0000	0.0000	0.0000	0.0000	0.0000	5.0000	0.0000	27.3229	0.0000	0.0000	0.0000	0.0000	0.0000	0.0000	0.0000	0.0000	0.0000	0.0000	0.0000	0.0000	0.0000	0.0000	0.0000	0.0000	0.0000	0.0000	0.0000	0.0000	0.0000	0.0000	0.0000	0.0000	0.0000	0.0000	0.0000	0.0000	0.0000	0.0000	0.0000	0.0000	0.0000	0.0000	0.0000	0.0000	0.0000	0.0000	0.0000	0.0000	0.0000	0.0000	0.0000	0.0000	0.0000	0.0000	0.0000	0.0000	0.0000	0.0000	0.0000	0.0000	0.0000	0.0000	0.0000											
39	67	0.7524	8	2	2	1	0	0	0	0	0	Y	Y	N	N	N	N	N	N	N	N	N	N	0.0000	0.0000	0.0000	0.0000	0.0000	0.0000	0.0000	0.0000	0.0000	0.0000	0.0000	0.0000	0.0000	0.0000	0.0000	0.0000	0.0000	0.0000	0.0000	0.0000	5.0000	1.0000	27.3229	3.0000	0.0000	0.0000	0.0000	0.0000	0.0000	0.0000	0.0000	0.0000	0.0000	0.0000	0.0000	0.0000	0.0000	0.0000	0.0000	0.0000	0.0000	0.0000	0.0249	0.0215	0.0034	0.0054	0.0050	0.0004	0.0195	0.0165	0.0030	0.1277	0.0880	0.0397	0.0730	0.0602	0.0128	0.0546	0.0278	0.0269	0.0000	0.0000	0.0000	0.0000	0.0000	0.0000	0.0000	0.0000	0.0000	0.0000	0.0000	0.0000	0.0000	0.0000	0.0000	0.0000	0.0000	0.0000											
39	68	0.2479	5	2	2	1	0	0	0	0	0	Y	Y	N	N	N	N	N	N	N	N	N	N	0.0000	0.0000	0.0000	0.0000	0.0000	0.0000	0.0000	0.0000	0.0000	0.0000	0.0000	0.0000	0.0000	0.0000	0.0000	0.0000	0.0000	0.0000	0.0000	0.0000	5.0000	1.0000	27.3229	0.0000	0.0000	0.0000	0.0000	0.0000	0.0000	0.0000	0.0000	0.0000	0.0000	0.0000	0.0000	0.0000	0.0000	0.0000	0.0000	0.0000	0.0000	0.0000	0.0318	0.0269	0.0049	0.0016	0.0014	0.0001	0.0303	0.0255	0.0048	0.0415	0.0237	0.0178	0.0081	0.0070	0.0011	0.0334	0.0167	0.0167	0.0000	0.0000	0.0000	0.0000	0.0000	0.0000	0.0000	0.0000	0.0000	0.0000	0.0000	0.0000	0.0000	0.0000	0.0000	0.0000	0.0000	0.0000											
39	69	0.2315	4	2	2	1	0	0	0	0	0	Y	Y	N	N	N	N	N	N	N	N	N	N	0.0000	0.0000	0.0000	0.0000	0.0000	0.0000	0.0000	0.0000	0.0000	0.0000	0.0000	0.0000	0.0000	0.0000	0.0000	0.0000	0.0000	0.0000	7.5086	5.0320	10.3754	0.0158	0.0168	0.0022	7.3680	6.8563	8.2307	0.9991	0.0000	0.0827	5.0000	1.0155	27.3229	5.9708	0.0000	0.0000	0.0000	0.0000	0.0000	0.0000	0.0000	0.0000	0.0000	1.9973	0.9991	0.9982	0.0010	0.0010	0.0000	1.9963	0.9981	0.9982	0.0345	0.0293	0.0052	0.0026	0.0025	0.0001	0.0319	0.0269	0.0050	0.3362	0.2062	0.1300	0.0652	0.0606	0.0046	0.2709	0.1456	0.1254	0.0000	0.0000	0.0000	0.0000	0.0000	0.0000	0.0000	0.0000	0.0000	5.9411	4.8454	7.6794	0.0158	0.0168	0.0022	7.3680	6.8563	7.9621	
39	70	0.2267	3	2	1	1	0	0	0	0	0	Y	N	N	N	N	N	N	N	N	N	N	N	0.0000	0.0000	0.0000	0.0000	0.0000	0.0000	0.0000	0.0000	0.0000	0.0000	0.0000	0.0000	0.0000	0.0000	0.0000	0.0000	0.0000	0.0000	0.0760	0.0899	0.0451	0.1463	0.1496	0.0005	0.0369	0.0285	0.0463	0.2259	0.0000	-0.0052	5.0000	0.0406	27.3229	2.3361	0.0000	0.0000	0.0000	0.0000	0.0000	0.0000	0.0000	0.0000	0.0000	0.0189	0.0154	0.0035	0.0130	0.0130	0.0000	0.0059	0.0024	0.0035	0.0035	0.0031	0.0004	0.0011	0.0011	0.0000	0.0023	0.0019	0.0004	0.2490	0.1717	0.0773	0.0891	0.0871	0.0020	0.1599	0.0846	0.0753	0.0000	0.0000	0.0000	0.0000	0.0000	0.0000	0.0000	0.0000	0.0000	0.0760	0.0899	0.0451	0.1463	0.1496	0.0005	0.0369	0.0285	0.0463	
39	71	0.7524	8	2	2	1	0	0	0	0	0	Y	Y	N	N	N	N	N	N	N	N	N	N	0.0000	0.0000	0.0000	0.0000	0.0000	0.0000	0.0000	0.0000	0.0000	0.0000	0.0000	0.0000	0.0000	0.0000	0.0000	0.0000	0.0000	0.0000	0.0000	0.0000	5.0000	0.0000	27.3229	0.0000	0.0000	0.0000	0.0000	0.0000	0.0000	0.0000	0.0000	0.0000	0.0000	0.0000	0.0000	0.0000	0.0000	0.0000	0.0000	0.0000	0.0000	0.0000	0.0000	0.0000	0.0000	0.0000	0.0000	0.0000	0.0000	0.0000	0.0000	0.0000	0.0000	0.0000	0.0000	0.0000	0.0000	0.0000	0.0000	0.0000	0.0000	0.0000	0.0000	0.0000	0.0000	0.0000	0.0000	0.0000	0.0000	0.0000	0.0000	0.0000	0.0000	0.0000	0.0000	0.0000	0.0000	0.0000											
39	72	0.7343	7	2	2	1	0	0	0	0	0	Y	Y	N	N	N	N	N	N	N	N	N	N	0.0380	0.0000	0.0949	0.5305	0.0000	4.7112	0.0049	0.0161	0.0004	0.0000	0.0027	0.0012	0.0000	0.0188	0.0001	0.0000	0.0008	0.0096	0.0014	0.0285	0.0022	0.0018	0.0040	0.0244	0.0000	0.0472	inf	8.8361	0.0000	0.0009	5.0000	3.9057	27.3229	1.1104	0.0000	0.0000	0.0000	0.0000	0.0000	0.0000	0.0000	0.0000	0.0000	0.0021	0.0002	0.0019	0.0003	0.0002	0.0001	0.0017	0.0000	0.0017	0.1095	0.0948	0.0148	0.0252	0.0236	0.0016	0.0843	0.0711	0.0132	0.2152	0.1502	0.0650	0.1436	0.1155	0.0281	0.0716	0.0346	0.0370	0.0380	0.0000	0.0949	0.5305	0.0000	4.7112	0.0049	0.0000	0.0161	0.0096	0.0014	0.0285	0.0022	0.0018	0.0040	0.0244	0.0000	0.0472	
39	73	0.5316	5	2	2	0	0	0	0	0	0	Y	Y	N	N	N	N	N	N	N	N	N	N	5.1573	3.9772	0.0000	38.0561	35.0606	0.0000	2.8144	1.6332	0.0000	5.2566	5.9791	0.0000	5.0552	5.3549	0.0000	5.3622	6.3450	0.0000	1.0192	1.5034	0.0024	0.1328	0.1527	0.0056	1.9053	3.8850	0.0015	0.0000	0.0008	-0.7683	-0.5169	5.0000	6.9070	27.3229	16.5673	1.7418	1.7418	0.0000	0.5764	0.5764	0.0000	1.1654	1.1654	0.0000	1.1295	1.1286	0.0009	0.0736	0.0732	0.0004	1.0559	1.0555	0.0004	0.3314	0.2913	0.0400	0.1140	0.1076	0.0064	0.2173	0.1837	0.0337	1.1082	0.7508	0.3574	0.5540	0.4791	0.0749	0.5542	0.2717	0.2825	5.1573	3.9772	0.0000	38.0561	35.0606	0.0000	2.8144	1.6332	0.0000	1.0192	1.5034	0.0024	0.1328	0.1527	0.0056	1.9053	3.8850	0.0015
39	74	0.5955	7	1	2	0	1	0	0	0	0	N	Y	N	N	N	N	N	N	N	N	N	N	0.0542	0.0449	0.0000	0.0000	0.0000	0.0000	0.2078	0.1670	0.0000	0.0010	0.0012	0.0000	0.0000	0.0000	0.0000	0.0013	0.0015	0.0000	0.0190	0.0269	0.0023	0.0297	0.0358	0.0005	0.0061	0.0090	0.0031	0.0000	0.0406	-0.0001	-0.0080	5.0000	6.4226	27.3229	19.3377	0.0002	0.0002	0.0000	0.0000	0.0000	0.0000	0.0002	0.0002	0.0000	0.0191	0.0183	0.0007	0.0163	0.0163	0.0000	0.0028	0.0021	0.0007	0.2042	0.1742	0.0300	0.0374	0.0350	0.0025	0.1668	0.1392	0.0276	1.0048	0.6819	0.3229	0.5503	0.4539	0.0964	0.4545	0.2280	0.2265	0.0542	0.0449	0.0000	0.0000	0.0000	0.0000	0.2078	0.1670	0.0000	0.0190	0.0269	0.0023	0.0297	0.0358	0.0005	0.0061	0.0090	0.0031
39	75	0.5503	6	1	1	0	1	0	0	0	0	N	N	N	N	N	N	N	N	N	N	N	N	4.4971	3.5984	0.0000	0.0009	0.0008	0.0000	9.6235	6.0567	0.0000	4.1094	4.7113	0.0000	0.0012	0.0012	0.0000	5.4129	6.4112	0.0000	0.9138	1.3093	0.0102	1.2321	1.4500	0.0044	0.5625	1.0585	0.0122	0.0000	0.0034	-0.3642	-0.5599	5.0000	5.1932	27.3229	17.4397	0.8256	0.8256	0.0000	0.0001	0.0001	0.0000	0.8256	0.8256	0.0000	1.2306	1.2264	0.0042	0.8705	0.8700	0.0005	0.3601	0.3564	0.0037	0.2009	0.1752	0.0257	0.0484	0.0465	0.0019	0.1525	0.1288	0.0237	1.3467	0.9367	0.4100	0.7065	0.6000	0.1065	0.6402	0.3367	0.3035	4.4971	3.5984	0.0000	0.0009	0.0008	0.0000	9.6235	6.0567	0.0000	0.9138	1.3093	0.0102	1.2321	1.4500	0.0044	0.5625	1.0585	0.0122
39	76	0.5133	5	1	1	0	0	0	0	0	0	N	N	N	N	N	N	N	N	N	N	N	N	1.0474	0.9456	0.0345	0.2008	0.1660	7.9817	0.8069	0.6078	0.0058	0.9929	1.1452	0.0108	0.0893	0.0888	0.1028	1.3046	1.5637	0.0027	0.9480	1.2110	0.3123	0.4450	0.5347	0.0129	1.6167	2.5728	0.4633	0.0015	0.1067	-0.0784	-0.5843	5.0000	4.4918	27.3229	17.5337	0.1782	0.1780	0.0003	0.0041	0.0039	0.0002	0.1741	0.1741	0.0001	1.6144	1.4587	0.1557	0.4325	0.4303	0.0022	1.1819	1.0284	0.1535	0.1795	0.1554	0.0241	0.0460	0.0441	0.0019	0.1335	0.1113	0.0222	1.7030	1.2045	0.4985	0.9719	0.8048	0.1671	0.7310	0.3997	0.3313	1.0474	0.9456	0.0345	0.2008	0.1660	7.9817	0.8069	0.6078	0.0058	0.9480	1.2110	0.3123	0.4450	0.5347	0.0129	1.6167	2.5728	0.4633
39	77	0.2424	4	1	1	0	1	0	0	0	0	N	N	N	N	N	N	N	N	N	N	N	N	0.0000	0.0000	0.0000	0.0000	0.0000	0.0000	0.0000	0.0000	0.0000	0.0000	0.0000	0.0000	0.0000	0.0000	0.0000	0.0000	0.0000	0.0000	1.2071	1.8903	0.1242	3.4873	3.9224	0.0033	0.0729	0.0023	0.1370	0.0415	0.0000	-0.4191	5.0000	0.3745	27.3229	14.7996	0.0000	0.0000	0.0000	0.0000	0.0000	0.0000	0.0000	0.0000	0.0000	1.0014	0.9615	0.0399	0.9610	0.9609	0.0001	0.0404	0.0006	0.0398	0.0161	0.0142	0.0019	0.0027	0.0027	0.0000	0.0134	0.0115	0.0019	0.8296	0.5087	0.3209	0.2756	0.2450	0.0306	0.5540	0.2637	0.2903	0.0000	0.0000	0.0000	0.0000	0.0000	0.0000	0.0000	0.0000	0.0000	1.2071	1.8903	0.1242	3.4873	3.9224	0.0033	0.0729	0.0023	0.1370	
39	78	0.2201	3	1	1	0	1	0	0	0	0	N	N	N	N	N	N	N	N	N	N	N	N	0.0000	0.0000	0.0000	0.0000	0.0000	0.0000	0.0000	0.0000	0.0000	0.0000	0.0000	0.0000	0.0000	0.0000	0.0000	0.0000	0.0000	0.0000	0.2919	0.3554	0.1897	0.4811	0.5457	0.0223	0.1899	0.1669	0.2109	0.3320	0.0000	-0.0466	5.0000	1.4595	27.3229	10.3922	0.0000	0.0000	0.0000	0.0000	0.0000	0.0000	0.0000	0.0000	0.0000	0.2228	0.1672	0.0555	0.1285	0.1278	0.0007	0.0942	0.0394	0.0548	0.0509	0.0435	0.0074	0.0034	0.0033	0.0001	0.0476	0.0403	0.0073	0.7633	0.4706	0.2928	0.2672	0.2342	0.0330	0.4961	0.2364	0.2598	0.0000	0.0000	0.0000	0.0000	0.0000	0.0000	0.0000	0.0000	0.0000	0.2919	0.3554	0.1897	0.4811	0.5457	0.0223	0.1899	0.1669	0.2109	
39	79	0.2059	2	1	1	0	1	0	0	0	0	N	N	N	N	N	N	N	N	N	N	N	N	0.0006	0.0005	0.0000	0.0000	0.0000	0.0000	0.0004	0.0003	0.0000	0.0011	0.0013	0.0000	0.0000	0.0000	0.0000	0.0012	0.0014	0.0000	1.9121	2.7406	0.5838	0.7311	0.6104	1.7971	2.6543	5.4843	0.4457	0.0000	0.1329	-0.0000	-0.4147	5.0000	1.3861	27.3229	6.3168	0.0001	0.0001	0.0000	0.0000	0.0000	0.0000	0.0001	0.0001	0.0000	1.2158	1.0732	0.1426	0.1794	0.1346	0.0448	1.0364	0.9386	0.0977	0.0445	0.0375	0.0070	0.0012	0.0011	0.0001	0.0433	0.0364	0.0069	0.6358	0.3916	0.2443	0.2454	0.2204	0.0250	0.3905	0.1711	0.2193	0.0006	0.0005	0.0000	0.0000	0.0000	0.0000	0.0004	0.0003	0.0000	1.9121	2.7406	0.5838	0.7311	0.6104	1.7971	2.6543	5.4843	0.4457
39	81	0.6871	7	1	2	1	0	0	0	0	0	N	Y	N	N	N	N	N	N	N	N	N	N	0.0131	52.6559	0.0000	48.6147	91.9114	0.0000	0.0001	inf	0.0000	0.0494	0.0568	0.0000	0.1293	0.1383	0.0000	0.0005	0.0006	0.0000	3.7860	0.0011	25.9076	0.0027	0.0015	0.0087	9.2841	0.0000	38.5022	0.0000	5053.6282	-0.0015	0.5200	5.0000	2.0162	27.3229	4.5500	0.0034	0.0034	0.0000	0.0034	0.0034	0.0000	0.0000	0.0000	0.0000	0.9604	0.0002	0.9602	0.0004	0.0002	0.0002	0.9600	0.0000	0.9600	0.0694	0.0604	0.0090	0.0264	0.0247	0.0017	0.0430	0.0358	0.0073	0.2537	0.1763	0.0774	0.1503	0.1263	0.0240	0.1034	0.0500	0.0534	0.0131	52.6559	0.0000	48.6147	91.9114	0.0000	0.0001	inf	0.0000	3.7860	0.0011	12.4049	0.0027	0.0015	0.0087	9.2841	0.0000	17.9632
39	82	0.2545	5	1	2	1	0	0	0	0	0	N	Y	N	N	N	N	N	N	N	N	N	N	0.0000	0.0000	0.0000	0.0000	0.0000	0.0000	0.0000	0.0000	0.0000	0.0000	0.0000	0.0000	0.0000	0.0000	0.0000	0.0000	0.0000	0.0000	0.0308	0.0483	0.0032	0.1111	0.1258	0.0023	0.0017	0.0002	0.0033	0.0418	0.0000	-0.0044	5.0000	3.0011	27.3229	3.7015	0.0000	0.0000	0.0000	0.0000	0.0000	0.0000	0.0000	0.0000	0.0000	0.0106	0.0101	0.0004	0.0101	0.0101	0.0000	0.0004	0.0000	0.0004	0.0942	0.0798	0.0144	0.0053	0.0050	0.0004	0.0888	0.0748	0.0140	0.3431	0.2099	0.1332	0.0912	0.0804	0.0108	0.2519	0.1295	0.1224	0.0000	0.0000	0.0000	0.0000	0.0000	0.0000	0.0000	0.0000	0.0000	0.0308	0.0483	0.0032	0.1111	0.1258	0.0023	0.0017	0.0002	0.0033	
39	83	0.2430	4	1	2	0	0	0	0	0	0	N	Y	N	N	N	N	N	N	N	N	N	N	0.0155	0.0125	0.0000	0.1073	0.1024	0.0000	0.0000	0.0000	0.0000	0.0101	0.0119	0.0000	0.1908	0.2055	0.0000	0.0000	0.0000	0.0000	0.6496	0.9488	0.0598	1.7790	2.0073	0.0094	0.0552	0.0458	0.0665	0.0000	0.0320	-0.0003	-0.1268	5.0000	2.0032	27.3229	4.2039	0.0006	0.0006	0.0000	0.0006	0.0006	0.0000	0.0000	0.0000	0.0000	0.2968	0.2876	0.0092	0.2802	0.2801	0.0002	0.0165	0.0075	0.0090	0.0635	0.0538	0.0097	0.0034	0.0031	0.0002	0.0602	0.0507	0.0095	0.4568	0.3031	0.1537	0.1575	0.1395	0.0180	0.2993	0.1635	0.1357	0.0155	0.0125	0.0000	0.1073	0.1024	0.0000	0.0000	0.0000	0.0000	0.6496	0.9488	0.0598	1.7790	2.0073	0.0094	0.0552	0.0458	0.0665
39	84	0.2398	4	2	1	1	0	0	0	0	0	Y	N	N	N	N	N	N	N	N	N	N	N	0.0000	0.0000	0.0000	0.0000	0.0000	0.0000	0.0000	0.0000	0.0000	0.0000	0.0000	0.0000	0.0000	0.0000	0.0000	0.0000	0.0000	0.0000	3.6114	7.2673	0.1426	0.0874	0.0156	0.4973	4.8845	9.7643	0.1048	0.0165	0.0000	-0.4375	5.0000	1.0052	27.3229	4.9545	0.0000	0.0000	0.0000	0.0000	0.0000	0.0000	0.0000	0.0000	0.0000	0.9895	0.9734	0.0161	0.0064	0.0010	0.0054	0.9831	0.9724	0.0107	0.0325	0.0276	0.0050	0.0024	0.0022	0.0002	0.0302	0.0254	0.0048	0.2740	0.1615	0.1125	0.0727	0.0619	0.0108	0.2013	0.0996	0.1017	0.0000	0.0000	0.0000	0.0000	0.0000	0.0000	0.0000	0.0000	0.0000	3.6114	6.0285	0.1426	0.0874	0.0156	0.4973	4.8845	9.7643	0.1048	
39	85	0.2205	3	2	1	1	0	0	0	0	0	Y	N	N	N	N	N	N	N	N	N	N	N	0.0000	0.0000	0.0000	0.0000	0.0000	0.0000	0.0000	0.0000	0.0000	0.0000	0.0000	0.0000	0.0000	0.0000	0.0000	0.0000	0.0000	0.0000	3.5110	2.2903	5.6498	0.0684	0.0805	0.0009	4.9077	3.6714	6.4233	1.4079	0.0000	0.2138	5.0000	0.9968	27.3229	7.6169	0.0000	0.0000	0.0000	0.0000	0.0000	0.0000	0.0000	0.0000	0.0000	1.6922	0.7028	0.9895	0.0095	0.0095	0.0000	1.6827	0.6933	0.9894	0.0318	0.0269	0.0049	0.0015	0.0014	0.0001	0.0303	0.0255	0.0048	0.4820	0.3069	0.1751	0.1391	0.1180	0.0211	0.3429	0.1888	0.1540	0.0000	0.0000	0.0000	0.0000	0.0000	0.0000	0.0000	0.0000	0.0000	3.5110	2.2903	5.6498	0.0684	0.0805	0.0009	4.9077	3.6714	6.4233	
39	86	0.2404	2	2	2	0	0	0	0	0	0	Y	Y	N	N	N	N	N	N	N	N	N	N	3.1031	68.2707	1.8898	0.1857	0.1992	0.0000	2.2655	1251.0331	1.9614	9.0550	5.3477	29.5199	0.0285	0.0298	0.0000	10.6827	6.4535	30.9371	2.9180	0.0783	15.6203	0.1532	0.1497	0.1839	4.7154	0.0052	15.7726	1.0000	52.2668	0.1178	1.5331	5.0000	5.8060	27.3229	6.1034	1.9996	0.9998	0.9998	0.0010	0.0010	0.0000	1.9986	0.9988	0.9998	2.9321	0.0550	2.8770	0.0606	0.0533	0.0074	2.8714	0.0018	2.8697	0.2208	0.1870	0.0339	0.0337	0.0322	0.0016	0.1871	0.1548	0.0323	1.0048	0.7027	0.3021	0.3959	0.3557	0.0402	0.6090	0.3470	0.2619	3.1031	68.2707	3.0995	0.1857	0.1992	0.0000	2.2655	1251.0331	2.8235	2.9180	0.0783	9.5241	0.1532	0.1497	0.1839	4.7154	0.0052	10.9570
39	88	0.2430	4	1	2	0	0	0	0	0	0	N	Y	N	N	N	N	N	N	N	N	N	N	3.3836	6.2972	0.0000	0.5879	0.7243	0.0000	2.5677	4.1036	0.0000	7.9601	9.3984	0.0000	0.0076	0.0082	0.0000	8.3976	9.9674	0.0000	2.3525	1.4925	3.8114	0.0130	0.0114	0.0234	3.2705	2.4289	4.2451	0.0000	1.5055	-0.4408	0.2375	5.0000	4.0005	27.3229	9.0093	0.9994	0.9994	0.0000	0.0000	0.0000	0.0000	0.9994	0.9994	0.0000	1.6668	0.6652	1.0016	0.0026	0.0020	0.0006	1.6642	0.6633	1.0009	0.1256	0.1063	0.0192	0.0065	0.0061	0.0005	0.1190	0.1003	0.0187	0.7085	0.4457	0.2628	0.1996	0.1727	0.0270	0.5089	0.2731	0.2358	3.3836	6.2972	0.0000	0.5879	0.7243	0.0000	2.5677	4.1036	0.0000	2.3525	1.4925	3.8114	0.0130	0.0114	0.0234	3.2705	2.4289	4.2451
39	89	0.2205	3	1	2	0	0	0	0	0	0	N	Y	N	N	N	N	N	N	N	N	N	N	0.0143	0.0198	0.0033	0.0000	0.0000	0.0000	0.0146	0.0263	0.0030	0.0200	0.0225	0.0061	0.0000	0.0000	0.0000	0.0209	0.0237	0.0062	1.3943	1.1362	1.8315	1.2974	1.5341	0.0038	1.4311	0.9019	2.0689	0.0492	0.9511	-0.0003	0.0222	5.0000	1.0051	27.3229	9.2650	0.0006	0.0006	0.0000	0.0000	0.0000	0.0000	0.0006	0.0006	0.0000	0.7612	0.3901	0.3710	0.1953	0.1952	0.0001	0.5658	0.1949	0.3710	0.0320	0.0271	0.0049	0.0015	0.0014	0.0001	0.0306	0.0257	0.0048	0.5459	0.3433	0.2026	0.1505	0.1273	0.0233	0.3954	0.2161	0.1793	0.0143	0.0198	0.0033	0.0000	0.0000	0.0000	0.0146	0.0263	0.0030	1.3943	1.1362	1.8315	1.2974	1.5341	0.0038	1.4311	0.9019	2.0689
39	90	0.2689	3	1	1	1	0	0	0	0	0	N	N	N	N	N	N	N	N	N	N	N	N	0.0005	0.0004	0.0000	0.1620	0.2065	0.0000	0.0001	0.0001	0.0000	0.0009	0.0010	0.0000	0.0045	0.0047	0.0000	0.0003	0.0003	0.0000	1.7144	2.5588	0.0347	0.0279	0.0228	0.0700	2.6314	4.8268	0.0301	0.0000	0.0068	-0.0000	-0.4014	5.0000	2.3559	27.3229	7.1930	0.0001	0.0001	0.0000	0.0001	0.0001	0.0000	0.0000	0.0000	0.0000	0.8889	0.8829	0.0060	0.0051	0.0037	0.0014	0.8838	0.8792	0.0046	0.0816	0.0703	0.0113	0.0111	0.0106	0.0004	0.0706	0.0597	0.0109	0.5185	0.3451	0.1734	0.1826	0.1629	0.0197	0.3359	0.1822	0.1537	0.0005	0.0004	0.0000	0.1620	0.2065	0.0000	0.0001	0.0001	0.0000	1.7144	2.5588	0.0347	0.0279	0.0228	0.0700	2.6314	4.8268	0.0301
39	91	0.2361	2	1	1	0	0	0	0	0	0	N	N	N	N	N	N	N	N	N	N	N	N	1.5271	3.1756	0.0011	0.2879	0.4562	0.0000	1.7609	4.4183	0.0014	1.0756	1.2280	0.0016	0.1829	0.1853	0.0000	1.3363	1.5842	0.0016	0.7043	0.3867	1.3767	0.6351	0.4062	2.9329	0.7589	0.3586	1.1555	0.0002	1.6817	-0.1208	0.1846	5.0000	4.9284	27.3229	11.0439	0.2739	0.2739	0.0000	0.0105	0.0105	0.0000	0.2634	0.2633	0.0000	1.0939	0.4079	0.6860	0.4347	0.2529	0.1818	0.6591	0.1550	0.5041	0.2547	0.2230	0.0317	0.0576	0.0568	0.0008	0.1971	0.1662	0.0309	1.5531	1.0548	0.4983	0.6845	0.6225	0.0620	0.8686	0.4323	0.4363	1.5271	3.1756	0.0011	0.2879	0.4562	0.0000	1.7609	4.4183	0.0014	0.7043	0.3867	1.3767	0.6351	0.4062	2.9329	0.7589	0.3586	1.1555
39	93	0.6871	7	2	2	0	0	0	0	0	0	Y	Y	N	N	N	N	N	N	N	N	N	N	0.0345	0.0280	0.0000	0.0547	0.0492	0.0000	0.0125	inf	0.0000	0.0417	0.0479	0.0000	0.1112	0.1194	0.0000	0.0004	0.0005	0.0000	1.2096	1.7132	0.0712	2.0316	2.4235	0.0920	0.0309	0.0000	0.0612	0.0000	0.0184	-0.0015	-0.1826	5.0000	2.5103	27.3229	7.4742	0.0034	0.0034	0.0000	0.0034	0.0034	0.0000	0.0000	0.0000	0.0000	0.4148	0.4073	0.0075	0.4104	0.4073	0.0031	0.0044	0.0000	0.0044	0.0823	0.0716	0.0107	0.0307	0.0286	0.0021	0.0516	0.0430	0.0086	0.3429	0.2377	0.1052	0.2020	0.1681	0.0340	0.1409	0.0697	0.0712	0.0345	0.0280	0.0000	0.0547	0.0492	0.0000	0.0125	inf	0.0000	1.2096	1.7132	0.0712	2.0316	2.4235	0.0920	0.0309	0.0000	0.0612
39	94	0.6508	6	1	2	0	0	0	0	0	0	N	Y	N	N	N	N	N	N	N	N	N	N	0.5862	0.5869	0.0000	1.1858	1.0261	0.0000	0.1466	4.7736	0.0000	0.9228	1.0484	0.0000	2.4370	2.5700	0.0000	0.1243	0.1473	0.0000	1.5742	1.7863	1.0897	2.0551	2.5047	0.0008	0.8482	0.0308	1.6884	0.0000	0.2671	-0.1086	-0.1596	5.0000	7.1305	27.3229	3.2426	0.2462	0.2462	0.0000	0.2245	0.2245	0.0000	0.0217	0.0217	0.0000	0.6445	0.5087	0.1358	0.5062	0.5061	0.0000	0.1384	0.0026	0.1358	0.2668	0.2348	0.0320	0.0921	0.0873	0.0048	0.1747	0.1475	0.0272	0.4094	0.2848	0.1247	0.2463	0.2021	0.0442	0.1631	0.0827	0.0804	0.5862	0.5869	0.0000	1.1858	1.0261	0.0000	0.1466	4.7736	0.0000	1.5742	1.7863	1.0897	2.0551	2.5047	0.0008	0.8482	0.0308	1.6884
39	95	0.2205	3	2	2	0	0	0	0	0	0	Y	Y	N	N	N	N	N	N	N	N	N	N	0.0000	0.0000	0.0000	0.0000	0.0000	0.0000	0.0000	0.0000	0.0000	0.0000	0.0000	0.0000	0.0000	0.0000	0.0000	0.0000	0.0000	1.3075	1.6963	0.7323	4.6092	5.5634	0.0000	0.3790	0.0011	0.8077	0.2918	0.0000	-0.3832	5.0000	8.0000	27.3229	22.5660	0.0000	0.0000	0.0000	0.0000	0.0000	0.0000	0.0000	0.0000	0.0000	1.6483	1.2760	0.3723	1.2754	1.2754	0.0000	0.3729	0.0006	0.3723	0.2470	0.2093	0.0377	0.0113	0.0105	0.0008	0.2357	0.1988	0.0369	1.2607	0.7522	0.5084	0.2767	0.2293	0.0475	0.9839	0.5230	0.4609	0.0000	0.0000	0.0000	0.0000	0.0000	0.0000	0.0000	0.0000	0.0000	1.3075	1.6963	0.7323	4.6092	5.5634	0.0000	0.3790	0.0011	0.8077		
39	98	0.2510	5	2	2	1	0	0	0	0	0	Y	Y	N	N	N	N	N	N	N	N	N	N	0.0000	0.0000	0.0000	0.0000	0.0000	0.0000	0.0000	0.0000	0.0000	0.0000	0.0000	0.0000	0.0000	0.0000	0.0000	0.0000	0.0000	0.0000	5.0591	4.4968	4.2942	7.3062	5.2704	6.8910	3.9181	3.9664	3.8671	0.6241	0.0000	-0.2303	5.0000	0.9502	27.3229	16.1595	0.0000	0.0000	0.0000	0.0000	0.0000	0.0000	0.0000	0.0000	0.0000	3.1088	1.9141	1.1947	1.1833	0.9125	0.2708	1.9255	1.0017	0.9239	0.0360	0.0309	0.0051	0.0055	0.0053	0.0002	0.0305	0.0256	0.0049	0.7039	0.4257	0.2782	0.2124	0.1731	0.0393	0.4914	0.2525	0.2389	0.0000	0.0000	0.0000	0.0000	0.0000	0.0000	0.0000	0.0000	0.0000	4.4167	4.4968	4.2942	5.5702	5.2704	6.8910	3.9181	3.9664	3.8671	
39	100	0.2539	6	2	1	1	0	0	0	0	0	Y	N	N	N	N	N	N	N	N	N	N	N	0.0000	0.0000	0.0000	0.0000	0.0000	0.0000	0.0000	0.0000	0.0000	0.0000	0.0000	0.0000	0.0000	0.0000	0.0000	0.0000	0.0000	3.0921	2.6717	3.7169	6.0312	8.4234	0.0000	2.1588	0.0162	4.3346	0.9360	0.0000	0.0478	5.0000	1.0008	27.3229	13.9255	0.0000	0.0000	0.0000	0.0000	0.0000	0.0000	0.0000	0.0000	0.0000	1.9032	0.9831	0.9202	0.9796	0.9796	0.0000	0.9236	0.0035	0.9202	0.0320	0.0271	0.0049	0.0029	0.0026	0.0003	0.0291	0.0245	0.0046	0.6155	0.3680	0.2476	0.1877	0.1524	0.0353	0.4279	0.2156	0.2123	0.0000	0.0000	0.0000	0.0000	0.0000	0.0000	0.0000	0.0000	0.0000	3.0921	2.6717	3.7169	5.2198	6.4283	0.0000	2.1588	0.0162	4.3346		
39	101	0.2510	5	2	1	1	0	0	0	0	0	Y	N	N	N	N	N	N	N	N	N	N	N	0.0000	0.0000	0.0000	0.0000	0.0000	0.0000	0.0000	0.0000	0.0000	0.0000	0.0000	0.0000	0.0000	0.0000	0.0000	0.0000	0.0000	0.0000	3.5471	2.9969	4.6845	9.1844	4.6845	20.4012	1.1436	0.5615	1.7889	0.7560	0.0000	-0.0168	5.0000	0.0532	27.3229	2.0467	0.0000	0.0000	0.0000	0.0000	0.0000	0.0000	0.0000	0.0000	0.0000	0.6017	0.3427	0.2591	0.4999	0.3164	0.1836	0.1018	0.0263	0.0755	0.0075	0.0068	0.0007	0.0031	0.0031	0.0000	0.0045	0.0037	0.0007	0.1696	0.1143	0.0553	0.0806	0.0675	0.0131	0.0890	0.0468	0.0422	0.0000	0.0000	0.0000	0.0000	0.0000	0.0000	0.0000	0.0000	0.0000	3.5471	2.9969	4.6845	6.2003	4.6845	14.0201	1.1436	0.5615	1.7889	
39	102	0.2413	4	2	1	1	0	0	0	0	0	Y	N	N	N	N	N	N	N	N	N	N	N	0.0000	0.0000	0.0000	0.0000	0.0000	0.0000	0.0000	0.0000	0.0000	0.0000	0.0000	0.0000	0.0000	0.0000	0.0000	0.0000	0.0000	0.0000	1.8487	1.3615	2.7547	4.0574	2.6039	13.6029	0.5884	0.2830	0.9567	1.0883	0.0000	0.0334	5.0000	2.0948	27.3229	3.0326	0.0000	0.0000	0.0000	0.0000	0.0000	0.0000	0.0000	0.0000	0.0000	0.5328	0.2551	0.2776	0.4248	0.2267	0.1981	0.1080	0.0284	0.0796	0.0720	0.0614	0.0106	0.0085	0.0080	0.0005	0.0635	0.0534	0.0101	0.2882	0.1874	0.1008	0.1047	0.0871	0.0176	0.1835	0.1003	0.0832	0.0000	0.0000	0.0000	0.0000	0.0000	0.0000	0.0000	0.0000	0.0000	1.8487	1.3615	2.7547	4.0574	2.6039	11.2385	0.5884	0.2830	0.9567	
39	103	0.2205	3	2	1	1	0	0	0	0	0	Y	N	N	N	N	N	N	N	N	N	N	N	0.0000	0.0000	0.0000	0.0000	0.0000	0.0000	0.0000	0.0000	0.0000	0.0000	0.0000	0.0000	0.0000	0.0000	0.0000	0.0000	0.0000	0.0000	1.8989	2.9794	0.0133	2.0200	2.3818	0.0006	1.8502	3.3503	0.0151	0.0026	0.0000	-0.4231	5.0000	3.9484	27.3229	4.8420	0.0000	0.0000	0.0000	0.0000	0.0000	0.0000	0.0000	0.0000	0.0000	0.9283	0.9259	0.0024	0.2835	0.2835	0.0000	0.6448	0.6424	0.0024	0.1242	0.1051	0.0191	0.0057	0.0053	0.0004	0.1185	0.0998	0.0186	0.4889	0.3108	0.1781	0.1403	0.1190	0.0213	0.3485	0.1918	0.1568	0.0000	0.0000	0.0000	0.0000	0.0000	0.0000	0.0000	0.0000	0.0000	1.8989	2.9794	0.0133	2.0200	2.3818	0.0006	1.8502	3.3503	0.0151	
39	104	0.1788	2	1	2	0	0	0	0	0	0	N	Y	N	N	N	N	N	N	N	N	N	N	0.0229	0.0614	0.0000	11.8730	14.7944	0.0000	0.0023	0.0056	0.0000	0.0541	0.0638	0.0000	0.6221	0.6643	0.0000	0.0062	0.0074	0.0000	2.3613	1.0391	4.1378	0.0524	0.0449	0.1548	2.7225	1.3194	4.2258	0.0000	2.9636	-0.0069	1.1552	5.0000	8.9557	27.3229	32.3127	0.0156	0.0156	0.0000	0.0139	0.0139	0.0000	0.0017	0.0017	0.0000	3.9927	1.0074	2.9854	0.0120	0.0096	0.0024	3.9807	0.9978	2.9830	0.2883	0.2442	0.0441	0.0224	0.0210	0.0014	0.2659	0.2233	0.0427	1.6909	0.9694	0.7215	0.2288	0.2132	0.0156	1.4622	0.7563	0.7059	0.0229	0.0614	0.0000	11.8730	14.7944	0.0000	0.0023	0.0056	0.0000	2.3613	1.0391	4.1378	0.0524	0.0449	0.1548	2.7225	1.3194	4.2258
39	105	0.2043	3	1	1	1	0	0	0	0	0	N	N	N	N	N	N	N	N	N	N	N	N	0.9068	0.6363	0.0000	3123.7336	2885.8577	0.0000	0.0000	0.0000	0.0000	1.6900	2.0096	0.0000	13.8572	14.5046	0.0000	0.0000	0.0000	0.0000	1.8637	3.1582	0.0002	0.0044	0.0050	0.0003	2.2532	4.2470	0.0002	0.0000	0.0000	-0.1146	-0.4579	5.0000	4.2679	27.3229	7.8415	0.2598	0.2598	0.0000	0.2598	0.2598	0.0000	0.0000	0.0000	0.0000	0.9991	0.9991	0.0000	0.0004	0.0004	0.0000	0.9987	0.9987	0.0000	0.1537	0.1293	0.0244	0.0187	0.0179	0.0008	0.1350	0.1114	0.0236	0.5361	0.3163	0.2197	0.0928	0.0812	0.0116	0.4432	0.2351	0.2081	0.9068	0.6363	0.0000	3123.7336	2885.8577	0.0000	0.0000	0.0000	0.0000	1.8637	3.1582	0.0002	0.0044	0.0050	0.0003	2.2532	4.2470	0.0002
39	106	0.1788	2	1	1	0	0	0	0	0	0	N	N	N	N	N	N	N	N	N	N	N	N	37.5534	2.8478	158.9938	6.9562	7.0362	0.0985	51.9351	5.6632	161.6705	3.6681	0.1941	22.4285	1.0737	1.1141	0.0074	4.0606	0.0317	23.1393	0.0977	0.0681	0.1411	0.1544	0.1583	0.0751	0.0782	0.0056	0.1431	21.4028	1.4092	0.1379	0.0091	5.0000	1.9301	27.3229	9.0954	0.2682	0.0120	0.2562	0.0103	0.0103	0.0000	0.2579	0.0017	0.2562	0.0719	0.0299	0.0421	0.0291	0.0284	0.0007	0.0429	0.0014	0.0414	0.0731	0.0617	0.0114	0.0096	0.0093	0.0004	0.0635	0.0524	0.0111	0.7366	0.4383	0.2983	0.1885	0.1795	0.0090	0.5481	0.2588	0.2893	37.5534	2.8478	158.9938	6.9562	7.0362	0.0985	51.9351	5.6632	161.6705	0.0977	0.0681	0.1411	0.1544	0.1583	0.0751	0.0782	0.0056	0.1431
39	108	0.1677	3	1	2	0	0	0	0	0	0	N	Y	N	N	N	N	N	N	N	N	N	N	0.0001	0.0002	0.0000	0.6744	1.8962	0.0000	0.0000	0.0000	0.0000	0.0002	0.0002	0.0000	0.0073	0.0074	0.0000	0.0000	0.0000	0.0000	2.1294	1.0915	3.5824	0.0108	0.0039	0.1234	2.5041	1.4401	3.6563	0.0000	2.3443	-0.0000	0.7052	5.0000	8.0392	27.3229	22.6195	0.0001	0.0001	0.0000	0.0001	0.0001	0.0000	0.0000	0.0000	0.0000	2.9067	0.8692	2.0376	0.0022	0.0008	0.0015	2.9045	0.8684	2.0361	0.2581	0.2175	0.0406	0.0068	0.0067	0.0001	0.2512	0.2108	0.0405	1.3651	0.7963	0.5688	0.2052	0.1933	0.0119	1.1599	0.6030	0.5569	0.0001	0.0002	0.0000	0.6744	1.8962	0.0000	0.0000	0.0000	0.0000	2.1294	1.0915	3.5824	0.0108	0.0039	0.1234	2.5041	1.4401	3.6563
39	109	0.1677	2	1	1	0	0	0	0	0	0	N	N	N	N	N	N	N	N	N	N	N	N	0.0060	0.0029	0.0417	0.0071	0.0071	0.0000	0.0056	0.0000	0.0429	0.0053	0.0032	0.0150	0.0081	0.0081	0.0000	0.0040	0.0000	0.0150	0.8832	1.1088	0.3595	1.1502	1.1504	1.1281	0.7142	1.0582	0.3499	1.0000	0.1397	0.0000	-0.1018	5.0000	0.2031	27.3229	2.0398	0.0001	0.0000	0.0000	0.0000	0.0000	0.0000	0.0000	0.0000	0.0000	0.3032	0.2661	0.0372	0.1530	0.1516	0.0014	0.1502	0.1145	0.0357	0.0187	0.0154	0.0033	0.0062	0.0062	0.0000	0.0126	0.0092	0.0033	0.3433	0.2399	0.1034	0.1331	0.1318	0.0013	0.2103	0.1082	0.1021	0.0060	0.0029	0.0417	0.0071	0.0071	0.0000	0.0056	0.0000	0.0429	0.8832	1.1088	0.3595	1.1502	1.1504	1.1281	0.7142	1.0582	0.3499
39	110	0.7482	8	2	1	1	0	0	0	0	0	Y	N	N	N	N	N	N	N	N	N	N	N	0.0000	0.0000	0.0000	0.0000	0.0000	0.0000	0.0000	0.0000	0.0000	0.0000	0.0000	0.0000	0.0000	0.0000	0.0000	0.0000	0.0000	0.0000	0.0000	0.0000	5.0000	0.0001	27.3229	0.0001	0.0000	0.0000	0.0000	0.0000	0.0000	0.0000	0.0000	0.0000	0.0000	0.0000	0.0000	0.0000	0.0000	0.0000	0.0000	0.0000	0.0000	0.0000	0.0034	0.0027	0.0007	0.0017	0.0017	0.0000	0.0017	0.0010	0.0007	0.0003	0.0002	0.0001	0.0002	0.0002	0.0000	0.0002	0.0000	0.0001	0.0000	0.0000	0.0000	0.0000	0.0000	0.0000	0.0000	0.0000	0.0000	0.0000	0.0000	0.0000	0.0000	0.0000	0.0000	0.0000	0.0000	0.0000											
39	111	0.7343	7	2	1	1	0	0	0	0	0	Y	N	N	N	N	N	N	N	N	N	N	N	0.0594	0.0000	0.1741	0.8653	0.0000	9.6812	0.0076	0.0000	0.0290	0.0007	0.0000	0.0055	0.0020	0.0000	0.0405	0.0002	0.0000	0.0015	0.0123	0.0038	0.0318	0.0024	0.0019	0.0042	0.0326	0.0103	0.0533	inf	3.6034	0.0000	0.0008	5.0000	1.6718	27.3229	2.9223	0.0000	0.0000	0.0000	0.0000	0.0000	0.0000	0.0000	0.0000	0.0000	0.0025	0.0005	0.0019	0.0003	0.0002	0.0001	0.0022	0.0003	0.0018	0.0549	0.0477	0.0072	0.0147	0.0139	0.0007	0.0402	0.0338	0.0065	0.2028	0.1417	0.0611	0.1364	0.1097	0.0267	0.0664	0.0320	0.0344	0.0594	0.0000	0.1741	0.8653	0.0000	9.6812	0.0076	0.0000	0.0290	0.0123	0.0038	0.0318	0.0024	0.0019	0.0042	0.0326	0.0103	0.0533
39	112	0.6508	6	2	1	1	0	0	0	0	0	Y	N	N	N	N	N	N	N	N	N	N	N	1.3035	0.0259	3.2269	1714.7979	0.0609	269497.1809	0.0000	0.0000	0.0000	2.3446	0.0001	18.6360	7.7630	0.0003	126.2948	0.0000	0.0000	0.0000	1.7987	0.0041	5.7751	0.0045	0.0054	0.0005	4.2417	0.0013	9.7578	24998.5000	629.2726	0.5588	0.6689	5.0000	14.0283	27.3229	7.1084	1.0000	0.0000	0.9999	1.0000	0.0000	0.9999	0.0000	0.0000	0.0000	1.2386	0.0020	1.2366	0.0018	0.0018	0.0000	1.2368	0.0002	1.2366	0.4265	0.3728	0.0537	0.1288	0.1209	0.0079	0.2977	0.2519	0.0457	0.6886	0.4745	0.2141	0.3970	0.3248	0.0722	0.2916	0.1497	0.1419	1.3035	0.0259	3.2269	1714.7979	0.0609	269497.1809	0.0000	0.0000	0.0000	1.7987	0.0041	5.7751	0.0045	0.0054	0.0005	4.2417	0.0013	8.7147
39	113	0.5906	5	1	1	0	0	0	0	0	0	N	N	N	N	N	N	N	N	N	N	N	N	3.4738	6.3333	0.0141	0.0677	0.0637	0.0023	3.5309	16.9735	0.0118	2.6986	3.0568	0.0203	0.0353	0.0371	0.0005	3.9020	4.5832	0.0232	0.7769	0.4826	1.4416	0.5219	0.5826	0.2081	1.1051	0.2700	1.9638	0.0009	1.3219	-0.4312	0.0692	5.0000	8.6129	27.3229	5.1709	0.9795	0.9786	0.0009	0.0040	0.0040	0.0000	0.9755	0.9746	0.0009	0.6240	0.2688	0.3553	0.2359	0.2207	0.0153	0.3881	0.0481	0.3400	0.3630	0.3201	0.0428	0.1130	0.1075	0.0055	0.2500	0.2126	0.0373	0.8033	0.5568	0.2465	0.4521	0.3788	0.0733	0.3512	0.1780	0.1731	3.4738	6.3333	0.0141	0.0677	0.0637	0.0023	3.5309	16.9735	0.0118	0.7769	0.4826	1.4416	0.5219	0.5826	0.2081	1.1051	0.2700	1.9638
39	114	0.4954	4	1	1	0	0	0	0	0	0	N	N	N	N	N	N	N	N	N	N	N	N	1.3977	5.8903	0.0012	2.6916	3.5728	0.0192	0.9284	11.8003	0.0004	1.9230	2.2302	0.0041	1.6050	1.7336	0.0224	2.0061	2.3722	0.0018	1.3758	0.3786	3.4124	0.5963	0.4852	1.1628	2.1609	0.2010	4.1633	0.0003	4.4129	-0.4483	0.8154	5.0000	16.8607	27.3229	22.7724	1.0171	1.0168	0.0003	0.1759	0.1757	0.0002	0.8412	0.8411	0.0001	2.2848	0.4221	1.8627	0.4969	0.3380	0.1588	1.7879	0.0841	1.7038	0.5289	0.4559	0.0730	0.1096	0.1014	0.0082	0.4193	0.3545	0.0648	1.6606	1.1148	0.5459	0.8333	0.6967	0.1366	0.8274	0.4181	0.4093	1.3977	5.8903	0.0012	2.6916	3.5728	0.0192	0.9284	11.8003	0.0004	1.3758	0.3786	3.4124	0.5963	0.4852	1.1628	2.1609	0.2010	4.1633
39	115	0.2267	3	2	1	1	0	0	0	0	0	Y	N	N	N	N	N	N	N	N	N	N	N	0.0000	0.0000	0.0000	0.0000	0.0000	0.0000	0.0000	0.0000	0.0000	0.0000	0.0000	0.0000	0.0000	0.0000	0.0000	0.0000	0.0000	0.0000	6.9361	0.0017	38.4750	0.0069	0.0041	0.0837	7.8902	0.0000	33.5324	4928.9321	0.0000	1.0771	5.0000	1.0009	27.3229	4.0038	0.0000	0.0000	0.0000	0.0000	0.0000	0.0000	0.0000	0.0000	0.0000	1.9894	0.0004	1.9890	0.0007	0.0004	0.0003	1.9887	0.0000	1.9887	0.0340	0.0289	0.0051	0.0025	0.0024	0.0001	0.0315	0.0265	0.0050	0.3546	0.2312	0.1234	0.1025	0.0990	0.0036	0.2520	0.1322	0.1198	0.0000	0.0000	0.0000	0.0000	0.0000	0.0000	0.0000	0.0000	0.0000	5.6104	0.0017	16.1165	0.0069	0.0041	0.0837	7.8902	0.0000	16.5959	
39	116	0.1984	2	2	1	1	0	0	0	0	0	Y	N	N	N	N	N	N	N	N	N	N	N	0.0076	0.0000	0.0206	0.0000	0.0000	0.0000	0.0068	0.0000	0.0204	0.0130	0.0000	0.0842	0.0000	0.0000	0.0000	0.0137	0.0000	0.0860	1.7166	0.0964	4.0931	0.3192	0.3371	0.0777	2.0208	0.0028	4.2192	inf	28.9459	0.0004	0.5294	5.0000	1.8441	27.3229	10.4794	0.0008	0.0000	0.0008	0.0000	0.0000	0.0000	0.0008	0.0000	0.0008	1.0416	0.0348	1.0069	0.0346	0.0340	0.0006	1.0070	0.0007	1.0063	0.0601	0.0508	0.0093	0.0033	0.0031	0.0002	0.0568	0.0477	0.0091	0.6068	0.3608	0.2460	0.1085	0.1010	0.0075	0.4983	0.2598	0.2385	0.0076	0.0000	0.0206	0.0000	0.0000	0.0000	0.0068	0.0000	0.0204	1.7166	0.0964	4.0931	0.3192	0.3371	0.0777	2.0208	0.0028	4.2192
39	117	0.3827	2	1	2	0	1	0	0	0	0	N	Y	N	N	N	N	N	N	N	N	N	N	26.1028	36.9120	1.5850	0.2217	0.0922	6.7784	34.5761	155.9525	1.3331	2.6826	3.0655	0.2310	0.0245	0.0111	0.2827	3.3046	3.8696	0.2271	0.1028	0.0830	0.1457	0.1107	0.1207	0.0417	0.0956	0.0248	0.1704	0.0118	0.8058	-0.4310	-0.0023	5.0000	10.5071	27.3229	20.2622	1.0035	0.9918	0.0117	0.0017	0.0008	0.0010	1.0017	0.9911	0.0107	0.1913	0.1059	0.0854	0.0982	0.0935	0.0047	0.0931	0.0124	0.0807	0.3741	0.3235	0.0505	0.0709	0.0674	0.0035	0.3031	0.2561	0.0470	1.8614	1.2756	0.5858	0.8873	0.7750	0.1122	0.9741	0.5005	0.4736	26.1028	36.9120	1.5850	0.2217	0.0922	6.7784	34.5761	155.9525	1.3331	0.1028	0.0830	0.1457	0.1107	0.1207	0.0417	0.0956	0.0248	0.1704
39	119	0.1849	2	1	2	0	0	0	0	0	0	N	Y	N	N	N	N	N	N	N	N	N	N	0.0000	0.0000	0.0000	0.0000	0.0000	0.0000	0.0000	0.0000	0.0000	0.0000	0.0000	0.0000	0.0000	0.0000	0.0000	0.0000	0.0000	0.0000	6.1482	3.0510	12.3421	0.1741	0.1825	0.0283	6.1324	4.0080	9.2848	1.8887	0.0000	1.1910	5.0000	3.8169	27.3229	21.2433	0.0000	0.0000	0.0000	0.0000	0.0000	0.0000	0.0000	0.0000	0.0000	6.0932	2.1093	3.9839	0.0318	0.0316	0.0003	6.0614	2.0777	3.9837	0.1319	0.1113	0.0206	0.0080	0.0078	0.0001	0.1239	0.1035	0.0204	1.1712	0.6913	0.4799	0.1828	0.1729	0.0099	0.9884	0.5184	0.4700	0.0000	0.0000	0.0000	0.0000	0.0000	0.0000	0.0000	0.0000	0.0000	5.2024	3.0510	8.3016	0.1741	0.1825	0.0283	6.1324	4.0080	8.4756	
39	120	0.5306	6	1	2	0	0	0	0	0	0	N	Y	N	N	N	N	N	N	N	N	N	N	0.2071	0.0053	0.7133	0.0798	0.0129	330.0188	0.1710	0.0000	0.5336	0.1243	0.0014	0.9491	0.0246	0.0049	0.3771	0.1590	0.0000	1.0165	0.6001	0.2592	1.3305	0.3077	0.3755	0.0011	0.9296	0.0559	1.9050	103.5882	2.3956	0.0391	0.3682	5.0000	16.3276	27.3229	34.9199	0.0711	0.0007	0.0704	0.0036	0.0007	0.0030	0.0675	0.0000	0.0675	1.4898	0.4387	1.0511	0.4046	0.4043	0.0003	1.0852	0.0344	1.0508	0.5722	0.4980	0.0742	0.1478	0.1400	0.0078	0.4244	0.3580	0.0664	2.4825	1.6925	0.7900	1.3151	1.0767	0.2384	1.1673	0.6157	0.5516	0.2071	0.0053	0.7133	0.0798	0.0129	330.0188	0.1710	0.0000	0.5336	0.6001	0.2592	1.3305	0.3077	0.3755	0.0011	0.9296	0.0559	1.9050
39	121	0.5133	5	1	2	0	0	0	0	0	0	N	Y	N	N	N	N	N	N	N	N	N	N	7.7800	0.0484	56.4169	0.1506	0.1450	0.2346	9.1229	0.0160	56.8463	4.1046	0.0255	29.9902	0.0731	0.0715	0.1051	5.3340	0.0095	32.6332	0.5276	0.5259	0.5316	0.4852	0.4928	0.4481	0.5847	0.5934	0.5741	185.5029	0.4144	0.5173	-0.1458	5.0000	6.1757	27.3229	14.5601	0.9345	0.0050	0.9295	0.0039	0.0036	0.0003	0.9306	0.0014	0.9292	0.8816	0.6233	0.2583	0.4651	0.3917	0.0735	0.4164	0.2316	0.1848	0.2277	0.1967	0.0310	0.0532	0.0507	0.0025	0.1745	0.1460	0.0285	1.6710	1.1850	0.4859	0.9587	0.7948	0.1639	0.7123	0.3903	0.3220	7.7800	0.0484	56.4169	0.1506	0.1450	0.2346	9.1229	0.0160	56.8463	0.5276	0.5259	0.5316	0.4852	0.4928	0.4481	0.5847	0.5934	0.5741
39	122	0.4603	4	1	1	0	0	0	0	0	0	N	N	N	N	N	N	N	N	N	N	N	N	0.0107	0.0032	0.0747	0.0066	0.0030	3.4073	0.0137	0.0045	0.0576	0.0188	0.0063	0.1011	0.0133	0.0070	0.1220	0.0208	0.0060	0.0985	1.7620	1.9389	1.3526	2.0109	2.3042	0.0358	1.5133	1.3347	1.7115	2.4503	0.3015	0.0015	-0.7095	5.0000	7.5400	27.3229	21.4192	0.0055	0.0016	0.0039	0.0010	0.0005	0.0005	0.0045	0.0011	0.0034	3.1297	2.4047	0.7250	1.7851	1.7810	0.0041	1.3446	0.6237	0.7209	0.2932	0.2544	0.0388	0.0767	0.0725	0.0042	0.2165	0.1819	0.0346	1.7763	1.2402	0.5360	0.8877	0.7729	0.1148	0.8885	0.4673	0.4212	0.0107	0.0032	0.0747	0.0066	0.0030	3.4073	0.0137	0.0045	0.0576	1.7620	1.9389	1.3526	2.0109	2.3042	0.0358	1.5133	1.3347	1.7115
39	123	0.2205	3	1	2	0	0	0	0	0	0	N	Y	N	N	N	N	N	N	N	N	N	N	0.0000	0.0000	0.0000	0.0000	0.0000	0.0000	0.0000	0.0000	0.0000	0.0000	0.0000	0.0000	0.0000	0.0000	0.0000	0.0000	0.0000	2.2146	0.4461	4.8902	1.1674	1.4032	0.0000	2.5267	0.0014	5.4152	7.2452	0.0000	0.9567	5.0000	4.0019	27.3229	19.5615	0.0000	0.0000	0.0000	0.0000	0.0000	0.0000	0.0000	0.0000	0.0000	2.2760	0.2760	2.0000	0.2755	0.2755	0.0000	2.0006	0.0006	2.0000	0.1258	0.1065	0.0193	0.0058	0.0053	0.0004	0.1201	0.1012	0.0189	1.0277	0.6188	0.4090	0.2360	0.1963	0.0397	0.7918	0.4225	0.3693	0.0000	0.0000	0.0000	0.0000	0.0000	0.0000	0.0000	0.0000	0.0000	2.2146	0.4461	4.8902	1.1674	1.4032	0.0000	2.5267	0.0014	5.4152		
39	124	0.1984	2	1	1	0	0	0	0	0	0	N	N	N	N	N	N	N	N	N	N	N	N	0.0306	0.0000	3.2129	0.0000	0.0000	0.0000	0.0300	0.0000	3.3770	0.0193	0.0000	0.1250	0.0000	0.0000	0.0000	0.0205	0.0000	0.1277	0.6294	1.0185	0.0389	0.4032	0.4254	0.0731	0.6847	1.2791	0.0378	inf	0.0252	0.0004	-0.1357	5.0000	1.2223	27.3229	8.2281	0.0008	0.0000	0.0008	0.0000	0.0000	0.0000	0.0008	0.0000	0.0008	0.3128	0.3051	0.0077	0.0393	0.0389	0.0005	0.2734	0.2662	0.0072	0.0404	0.0342	0.0062	0.0025	0.0023	0.0001	0.0380	0.0319	0.0061	0.4970	0.2996	0.1974	0.0976	0.0914	0.0062	0.3994	0.2081	0.1912	0.0306	0.0000	3.2129	0.0000	0.0000	0.0000	0.0300	0.0000	3.3770	0.6294	1.0185	0.0389	0.4032	0.4254	0.0731	0.6847	1.2791	0.0378
39	126	0.1836	3	1	2	0	0	0	0	0	0	N	Y	N	N	N	N	N	N	N	N	N	N	5.2277	0.0000	1631.9244	0.0061	0.0000	5.6812	5.2449	0.0000	1690.2665	5.7509	0.0000	36.4862	0.0049	0.0000	0.2337	6.1161	0.0000	36.7772	1.1001	1.8439	0.0224	0.8016	0.8586	0.0411	1.1661	2.2362	0.0218	inf	0.0084	0.5480	-0.5225	5.0000	5.0407	27.3229	17.1705	0.9805	0.0000	0.9805	0.0000	0.0000	0.0000	0.9804	0.0000	0.9804	1.1610	1.1513	0.0096	0.1532	0.1527	0.0005	1.0078	0.9987	0.0091	0.1705	0.1436	0.0269	0.0102	0.0100	0.0002	0.1603	0.1336	0.0267	1.0554	0.6244	0.4310	0.1911	0.1778	0.0133	0.8642	0.4466	0.4176	5.2277	0.0000	1631.9244	0.0061	0.0000	5.6812	5.2449	0.0000	1690.2665	1.1001	1.8439	0.0224	0.8016	0.8586	0.0411	1.1661	2.2362	0.0218
39	127	0.1677	2	1	2	0	0	0	0	0	0	N	Y	N	N	N	N	N	N	N	N	N	N	0.5151	0.0023	7.6161	0.0093	0.0092	0.0000	0.7183	0.0015	7.7454	0.2644	0.0016	1.6198	0.0078	0.0078	0.0000	0.2883	0.0009	1.6232	0.5133	0.6858	0.2127	0.8318	0.8435	0.3821	0.4013	0.5810	0.2096	197.2210	0.1779	0.0109	-0.0910	5.0000	1.9703	27.3229	6.2034	0.0196	0.0001	0.0195	0.0000	0.0000	0.0000	0.0196	0.0000	0.0195	0.2962	0.2515	0.0448	0.1249	0.1234	0.0014	0.1714	0.1281	0.0433	0.0742	0.0622	0.0121	0.0063	0.0063	0.0000	0.0679	0.0559	0.0120	0.5771	0.3667	0.2104	0.1501	0.1463	0.0038	0.4270	0.2204	0.2066	0.5151	0.0023	7.6161	0.0093	0.0092	0.0000	0.7183	0.0015	7.7454	0.5133	0.6858	0.2127	0.8318	0.8435	0.3821	0.4013	0.5810	0.2096
39	129	0.4896	5	1	2	0	0	0	0	0	0	N	Y	N	N	N	N	N	N	N	N	N	N	0.0000	0.0000	0.0000	0.0000	0.0000	0.0000	0.0000	0.0000	0.0000	0.0000	0.0000	0.0000	0.0000	0.0000	0.0000	0.0000	0.0000	0.2211	0.2834	0.0154	0.3890	0.4132	0.0784	0.0008	0.0000	0.0018	0.0164	0.0000	-0.0555	5.0000	1.0033	27.3229	0.8635	0.0000	0.0000	0.0000	0.0000	0.0000	0.0000	0.0000	0.0000	0.0000	0.1255	0.1235	0.0020	0.1253	0.1235	0.0018	0.0002	0.0000	0.0002	0.1031	0.0937	0.0094	0.0558	0.0532	0.0026	0.0473	0.0405	0.0068	0.5676	0.4357	0.1319	0.3220	0.2987	0.0233	0.2456	0.1369	0.1086	0.0000	0.0000	0.0000	0.0000	0.0000	0.0000	0.0000	0.0000	0.0000	0.2211	0.2834	0.0154	0.3890	0.4132	0.0784	0.0008	0.0000	0.0018		
39	130	0.4603	4	1	1	0	0	0	0	0	0	N	N	N	N	N	N	N	N	N	N	N	N	0.0134	0.0196	0.0148	0.0618	0.0508	0.3285	0.0026	0.0022	0.0071	0.0141	0.0111	0.0341	0.0387	0.0330	0.1424	0.0040	0.0009	0.0198	1.0572	0.5690	2.3045	0.6260	0.6506	0.4334	1.5414	0.4156	2.8112	0.4558	1.5855	-0.0004	0.2340	5.0000	5.5514	27.3229	9.9598	0.0033	0.0023	0.0010	0.0027	0.0022	0.0005	0.0007	0.0001	0.0005	1.5111	0.5845	0.9267	0.4733	0.4361	0.0371	1.0379	0.1483	0.8895	0.2370	0.2063	0.0307	0.0692	0.0657	0.0036	0.1678	0.1406	0.0272	1.4294	1.0272	0.4021	0.7560	0.6703	0.0857	0.6734	0.3569	0.3164	0.0134	0.0196	0.0148	0.0618	0.0508	0.3285	0.0026	0.0022	0.0071	1.0572	0.5690	2.3045	0.6260	0.6506	0.4334	1.5414	0.4156	2.8112
39	131	0.4299	3	1	1	0	0	0	0	0	0	N	N	N	N	N	N	N	N	N	N	N	N	0.0386	0.0091	0.2422	0.1568	0.0341	11.9212	0.0091	0.0014	0.0498	0.0301	0.0072	0.1821	0.1081	0.0261	1.6959	0.0079	0.0012	0.0449	0.7813	0.7941	0.7520	0.6893	0.7642	0.1423	0.8718	0.8442	0.9012	3.7960	0.4130	0.0036	-0.1956	5.0000	9.1969	27.3229	13.4651	0.0104	0.0022	0.0082	0.0083	0.0019	0.0064	0.0021	0.0003	0.0019	1.1778	0.8335	0.3443	0.5151	0.5023	0.0128	0.6627	0.3313	0.3315	0.3448	0.2997	0.0451	0.0764	0.0726	0.0038	0.2684	0.2270	0.0414	1.5075	1.0496	0.4578	0.7473	0.6572	0.0900	0.7602	0.3924	0.3678	0.0386	0.0091	0.2422	0.1568	0.0341	11.9212	0.0091	0.0014	0.0498	0.7813	0.7941	0.7520	0.6893	0.7642	0.1423	0.8718	0.8442	0.9012
39	132	0.2434	5	2	2	0	1	0	0	0	0	Y	Y	N	N	N	N	N	N	N	N	N	N	0.0000	0.0000	0.0000	0.0000	0.0000	0.0000	0.0000	0.0000	0.0000	0.0000	0.0000	0.0000	0.0000	0.0000	0.0000	0.0000	0.0000	0.0000	0.0000	0.0000	5.0000	1.0000	27.3229	3.0001	0.0000	0.0000	0.0000	0.0000	0.0000	0.0000	0.0000	0.0000	0.0000	0.0000	0.0000	0.0000	0.0000	0.0000	0.0000	0.0000	0.0000	0.0000	0.0317	0.0269	0.0048	0.0020	0.0019	0.0001	0.0297	0.0250	0.0047	0.1557	0.0866	0.0691	0.0196	0.0171	0.0024	0.1361	0.0694	0.0667	0.0000	0.0000	0.0000	0.0000	0.0000	0.0000	0.0000	0.0000	0.0000	0.0000	0.0000	0.0000	0.0000	0.0000	0.0000	0.0000	0.0000	0.0000											
39	133	0.6424	9	2	2	0	1	0	0	0	0	Y	Y	N	N	N	N	N	N	N	N	N	N	0.0000	0.0000	0.0000	0.0000	0.0000	0.0000	0.0000	0.0000	0.0000	0.0000	0.0000	0.0000	0.0000	0.0131	0.0194	0.0000	0.0264	0.0313	0.0000	0.0000	0.0000	0.0000	0.0000	0.0000	-0.0004	5.0000	0.0006	27.3229	1.9797	0.0000	0.0000	0.0000	0.0000	0.0000	0.0000	0.0000	0.0000	0.0000	0.0009	0.0009	0.0000	0.0009	0.0009	0.0000	0.0000	0.0000	0.0000	0.0000	0.0000	0.0000	0.0000	0.0000	0.0000	0.0000	0.0000	0.0000	0.0697	0.0468	0.0229	0.0345	0.0291	0.0054	0.0352	0.0177	0.0175	0.0000	0.0000	0.0000	0.0000	0.0000	0.0000	0.0000	0.0000	0.0000	0.0131	0.0194	0.0000	0.0264	0.0313	0.0000	0.0000	0.0000	0.0000						
39	134	0.6256	8	2	2	0	1	0	0	0	0	Y	Y	N	N	N	N	N	N	N	N	N	N	0.0000	0.0000	0.0000	0.0000	0.0000	0.0000	0.0000	0.0000	0.0000	0.0000	0.0000	0.0000	0.0000	0.0000	0.0000	0.0000	4.1048	7.1653	0.0001	15.2938	18.5208	0.0000	0.0001	0.0000	0.0002	0.0000	0.0000	-0.4577	5.0000	2.0077	27.3229	6.0321	0.0000	0.0000	0.0000	0.0000	0.0000	0.0000	0.0000	0.0000	0.0000	0.9985	0.9985	0.0000	0.9985	0.9985	0.0000	0.0000	0.0000	0.0000	0.0613	0.0527	0.0086	0.0149	0.0137	0.0012	0.0464	0.0390	0.0074	0.2537	0.1680	0.0857	0.1230	0.1019	0.0211	0.1307	0.0661	0.0646	0.0000	0.0000	0.0000	0.0000	0.0000	0.0000	0.0000	0.0000	0.0000	3.9354	5.9440	0.0001	8.1185	9.7999	0.0000	0.0001	0.0000	0.0002			
39	135	0.6208	8	1	2	0	1	0	0	0	0	N	Y	N	N	N	N	N	N	N	N	N	N	0.0000	0.0000	0.0000	0.0000	0.0000	0.0000	0.0000	0.0000	0.0000	0.0000	0.0000	0.0000	0.0000	0.0000	0.0000	0.0000	0.0000	0.0000	2.1768	3.2134	0.0018	0.0010	0.0011	0.0005	4.4194	8.6588	0.0023	0.0003	0.0000	-0.4582	5.0000	3.0348	27.3229	9.3583	0.0000	0.0000	0.0000	0.0000	0.0000	0.0000	0.0000	0.0000	0.0000	1.0003	1.0000	0.0003	0.0002	0.0002	0.0000	1.0001	0.9998	0.0003	0.0954	0.0814	0.0140	0.0220	0.0203	0.0017	0.0734	0.0610	0.0123	0.4595	0.3112	0.1483	0.2332	0.1957	0.0375	0.2263	0.1155	0.1108	0.0000	0.0000	0.0000	0.0000	0.0000	0.0000	0.0000	0.0000	0.0000	2.1768	3.2134	0.0018	0.0010	0.0011	0.0005	4.4194	8.6588	0.0023	
39	136	0.6065	7	1	1	0	1	0	0	0	0	N	N	N	N	N	N	N	N	N	N	N	N	0.0000	0.0000	0.0000	0.0000	0.0000	0.0000	0.0000	0.0000	0.0000	0.0000	0.0000	0.0000	0.0000	0.0000	0.0000	0.0000	0.0000	0.0000	0.0033	0.0038	0.0025	0.0030	0.0033	0.0016	0.0036	0.0044	0.0028	0.3403	0.0000	-0.0002	5.0000	0.0433	27.3229	6.6805	0.0000	0.0000	0.0000	0.0000	0.0000	0.0000	0.0000	0.0000	0.0000	0.0007	0.0005	0.0002	0.0003	0.0003	0.0000	0.0004	0.0003	0.0002	0.0016	0.0013	0.0002	0.0004	0.0004	0.0000	0.0012	0.0009	0.0002	0.2218	0.1465	0.0753	0.1064	0.0879	0.0184	0.1155	0.0586	0.0569	0.0000	0.0000	0.0000	0.0000	0.0000	0.0000	0.0000	0.0000	0.0000	0.0033	0.0038	0.0025	0.0030	0.0033	0.0016	0.0036	0.0044	0.0028	
39	137	0.2731	7	1	2	0	1	0	0	0	0	N	Y	N	N	N	N	N	N	N	N	N	N	0.0000	0.0000	0.0000	0.0000	0.0000	0.0000	0.0000	0.0000	0.0000	0.0000	0.0000	0.0000	0.0000	0.0000	0.0000	0.0000	0.0000	0.0000	0.0000	0.0000	5.0000	0.0000	27.3229	0.0000	0.0000	0.0000	0.0000	0.0000	0.0000	0.0000	0.0000	0.0000	0.0000	0.0000	0.0000	0.0000	0.0000	0.0000	0.0000	0.0000	0.0000	0.0000	0.0000	0.0000	0.0000	0.0000	0.0000	0.0000	0.0000	0.0000	0.0000	0.0000	0.0000	0.0000	0.0000	0.0000	0.0000	0.0000	0.0000	0.0000	0.0000	0.0000	0.0000	0.0000	0.0000	0.0000	0.0000	0.0000	0.0000	0.0000	0.0000	0.0000	0.0000	0.0000	0.0000	0.0000	0.0000	0.0000											
39	138	0.2680	6	1	2	0	1	0	0	0	0	N	Y	N	N	N	N	N	N	N	N	N	N	0.0000	0.0000	0.0000	0.0000	0.0000	0.0000	0.0000	0.0000	0.0000	0.0000	0.0000	0.0000	0.0000	0.0000	0.0000	0.0000	0.0000	0.0000	0.0000	0.0000	5.0000	0.0021	27.3229	2.0000	0.0000	0.0000	0.0000	0.0000	0.0000	0.0000	0.0000	0.0000	0.0000	0.0000	0.0000	0.0000	0.0000	0.0000	0.0000	0.0000	0.0000	0.0000	0.0001	0.0001	0.0000	0.0000	0.0000	0.0000	0.0001	0.0001	0.0000	0.0768	0.0434	0.0334	0.0117	0.0103	0.0014	0.0651	0.0331	0.0320	0.0000	0.0000	0.0000	0.0000	0.0000	0.0000	0.0000	0.0000	0.0000	0.0000	0.0000	0.0000	0.0000	0.0000	0.0000	0.0000	0.0000	0.0000											
39	139	0.2578	5	1	1	0	1	0	0	0	0	N	N	N	N	N	N	N	N	N	N	N	N	0.0000	0.0000	0.0000	0.0000	0.0000	0.0000	0.0000	0.0000	0.0000	0.0000	0.0000	0.0000	0.0000	0.0000	0.0000	0.0000	0.0000	0.0000	0.0000	0.0000	5.0000	1.0020	27.3229	3.0181	0.0000	0.0000	0.0000	0.0000	0.0000	0.0000	0.0000	0.0000	0.0000	0.0000	0.0000	0.0000	0.0000	0.0000	0.0000	0.0000	0.0000	0.0000	0.0318	0.0269	0.0048	0.0021	0.0020	0.0001	0.0297	0.0250	0.0047	0.1561	0.0876	0.0685	0.0228	0.0200	0.0028	0.1333	0.0676	0.0657	0.0000	0.0000	0.0000	0.0000	0.0000	0.0000	0.0000	0.0000	0.0000	0.0000	0.0000	0.0000	0.0000	0.0000	0.0000	0.0000	0.0000	0.0000											
39	140	0.2434	5	1	2	0	0	0	0	0	0	N	Y	N	N	N	N	N	N	N	N	N	N	0.0000	0.0000	0.0000	0.0000	0.0000	0.0000	0.0000	0.0000	0.0000	0.0000	0.0000	0.0000	0.0000	0.0000	0.0000	0.0000	0.0000	0.0000	0.0000	0.0000	5.0000	0.0000	27.3229	4.0001	0.0000	0.0000	0.0000	0.0000	0.0000	0.0000	0.0000	0.0000	0.0000	0.0000	0.0000	0.0000	0.0000	0.0000	0.0000	0.0000	0.0000	0.0000	0.0000	0.0000	0.0000	0.0000	0.0000	0.0000	0.0000	0.0000	0.0000	0.1557	0.0866	0.0691	0.0196	0.0171	0.0024	0.1361	0.0694	0.0667	0.0000	0.0000	0.0000	0.0000	0.0000	0.0000	0.0000	0.0000	0.0000	0.0000	0.0000	0.0000	0.0000	0.0000	0.0000	0.0000	0.0000	0.0000											
39	141	0.6211	7	1	2	0	0	0	0	0	0	N	Y	N	N	N	N	N	N	N	N	N	N	0.0000	0.0000	0.0000	0.0000	0.0000	0.0000	0.0000	0.0000	0.0000	0.0000	0.0000	0.0000	0.0000	0.0000	0.0000	0.0000	0.0000	0.0000	6.1314	10.4430	0.0200	0.0179	0.0210	0.0027	10.0314	19.8549	0.0255	0.0013	0.0000	-0.4576	5.0000	1.0003	27.3229	5.0186	0.0000	0.0000	0.0000	0.0000	0.0000	0.0000	0.0000	0.0000	0.0000	1.0012	0.9999	0.0013	0.0017	0.0016	0.0000	0.9995	0.9982	0.0013	0.0306	0.0263	0.0043	0.0074	0.0068	0.0006	0.0232	0.0195	0.0037	0.1937	0.1284	0.0653	0.0941	0.0781	0.0159	0.0996	0.0503	0.0494	0.0000	0.0000	0.0000	0.0000	0.0000	0.0000	0.0000	0.0000	0.0000	5.1690	7.7883	0.0200	0.0179	0.0210	0.0027	10.0314	19.8549	0.0255	
39	142	0.2578	5	1	1	1	1	0	0	0	0	N	N	N	N	N	N	N	N	N	N	N	N	0.0000	0.0000	0.0000	0.0000	0.0000	0.0000	0.0000	0.0000	0.0000	0.0000	0.0000	0.0000	0.0000	2.9223	5.6925	0.0000	0.0000	0.0000	0.0000	3.4195	6.7291	0.0000	0.0000	0.0000	-0.4584	5.0000	0.0001	27.3229	9.0026	0.0000	0.0000	0.0000	0.0000	0.0000	0.0000	0.0000	0.0000	0.0000	1.0000	1.0000	0.0000	0.0000	0.0000	0.0000	1.0000	1.0000	0.0000	0.0000	0.0000	0.0000	0.0000	0.0000	0.0000	0.0000	0.0000	0.0000	0.3422	0.1922	0.1500	0.0498	0.0436	0.0062	0.2924	0.1486	0.1438	0.0000	0.0000	0.0000	0.0000	0.0000	0.0000	0.0000	0.0000	0.0000	2.9223	5.2035	0.0000	0.0000	0.0000	0.0000	3.4195	6.7291	0.0000						
39	143	0.6065	7	1	1	1	1	0	0	0	0	N	N	N	N	N	N	N	N	N	N	N	N	0.0000	0.0000	0.0000	0.0000	0.0000	0.0000	0.0000	0.0000	0.0000	0.0000	0.0000	0.0000	0.0000	0.0000	0.0000	3.0789	0.0000	14.2796	0.0002	0.0000	0.0011	5.8998	0.0000	18.6769	inf	0.0000	0.5417	5.0000	2.0061	27.3229	8.0425	0.0000	0.0000	0.0000	0.0000	0.0000	0.0000	0.0000	0.0000	0.0000	1.0001	0.0000	1.0001	0.0000	0.0000	0.0000	1.0000	0.0000	1.0000	0.0609	0.0521	0.0088	0.0134	0.0122	0.0011	0.0475	0.0398	0.0077	0.3248	0.2141	0.1107	0.1553	0.1282	0.0271	0.1695	0.0859	0.0836	0.0000	0.0000	0.0000	0.0000	0.0000	0.0000	0.0000	0.0000	0.0000	3.0789	0.0000	9.0305	0.0002	0.0000	0.0011	5.8998	0.0000	11.9614				
39	144	0.5974	6	1	1	0	1	0	0	0	0	N	N	N	N	N	N	N	N	N	N	N	N	0.0000	0.0000	0.0000	0.0000	0.0000	0.0000	0.0000	0.0000	0.0000	0.0000	0.0000	0.0000	0.0000	0.0000	0.0000	0.0000	0.0000	0.0000	0.4831	0.0145	1.6639	0.0330	0.0237	0.1066	0.9111	0.0005	2.0354	45.5356	0.0000	0.0537	5.0000	1.9550	27.3229	2.1189	0.0000	0.0000	0.0000	0.0000	0.0000	0.0000	0.0000	0.0000	0.0000	0.1032	0.0022	0.1010	0.0034	0.0022	0.0012	0.0997	0.0000	0.0997	0.0641	0.0547	0.0094	0.0180	0.0162	0.0018	0.0461	0.0386	0.0075	0.2136	0.1529	0.0607	0.1041	0.0924	0.0117	0.1095	0.0605	0.0490	0.0000	0.0000	0.0000	0.0000	0.0000	0.0000	0.0000	0.0000	0.0000	0.4831	0.0145	1.6639	0.0330	0.0237	0.1066	0.9111	0.0005	2.0354	
39	145	0.5974	6	1	1	1	1	0	0	0	0	N	N	N	N	N	N	N	N	N	N	N	N	0.0000	0.0000	0.0000	0.0000	0.0000	0.0000	0.0000	0.0000	0.0000	0.0000	0.0000	0.0000	0.0000	0.0000	0.0000	0.0000	0.0000	0.0000	2.0079	2.7781	0.4295	3.9481	4.6872	0.0055	0.2669	0.0009	0.5544	0.0754	0.0000	-0.5527	5.0000	2.1261	27.3229	18.6477	0.0000	0.0000	0.0000	0.0000	0.0000	0.0000	0.0000	0.0000	0.0000	1.4237	1.3238	0.0999	1.3239	1.3237	0.0003	0.0997	0.0002	0.0996	0.0692	0.0591	0.0101	0.0192	0.0173	0.0019	0.0500	0.0419	0.0081	0.7091	0.4765	0.2325	0.3353	0.2824	0.0529	0.3737	0.1941	0.1796	0.0000	0.0000	0.0000	0.0000	0.0000	0.0000	0.0000	0.0000	0.0000	2.0079	2.7781	0.4295	3.9481	4.6872	0.0055	0.2669	0.0009	0.5544	
39	146	0.2578	5	1	1	1	1	0	0	0	0	N	N	N	N	N	N	N	N	N	N	N	N	0.0000	0.0000	0.0000	0.0000	0.0000	0.0000	0.0000	0.0000	0.0000	0.0000	0.0000	0.0000	0.0000	3.2795	7.0344	0.0000	0.0000	0.0000	0.0000	3.8379	7.5555	0.0000	0.0000	0.0000	-0.4584	5.0000	2.0001	27.3229	5.9880	0.0000	0.0000	0.0000	0.0000	0.0000	0.0000	0.0000	0.0000	0.0000	1.0000	1.0000	0.0000	0.0000	0.0000	0.0000	1.0000	1.0000	0.0000	0.0631	0.0535	0.0096	0.0042	0.0039	0.0003	0.0589	0.0496	0.0093	0.3049	0.1712	0.1337	0.0444	0.0388	0.0055	0.2606	0.1324	0.1282	0.0000	0.0000	0.0000	0.0000	0.0000	0.0000	0.0000	0.0000	0.0000	3.2795	5.8411	0.0000	0.0000	0.0000	0.0000	3.8379	7.5555	0.0000						
39	147	0.2578	5	1	1	1	1	0	0	0	0	N	N	N	N	N	N	N	N	N	N	N	N	0.0000	0.0000	0.0000	0.0000	0.0000	0.0000	0.0000	0.0000	0.0000	0.0000	0.0000	0.0000	0.0000	1.8015	3.1907	0.0000	0.0000	0.0000	0.0000	2.1053	4.1076	0.0000	0.0000	0.0000	-0.9167	5.0000	9.0001	27.3229	23.0169	0.0000	0.0000	0.0000	0.0000	0.0000	0.0000	0.0000	0.0000	0.0000	2.0000	2.0000	0.0000	0.0000	0.0000	0.0000	2.0000	2.0000	0.0000	0.2751	0.2338	0.0414	0.0182	0.0170	0.0013	0.2569	0.2168	0.0401	1.1102	0.6268	0.4834	0.1602	0.1399	0.0203	0.9500	0.4869	0.4631	0.0000	0.0000	0.0000	0.0000	0.0000	0.0000	0.0000	0.0000	0.0000	1.8015	3.1907	0.0000	0.0000	0.0000	0.0000	2.1053	4.1076	0.0000						
39	148	0.2324	4	1	1	0	1	0	0	0	0	N	N	N	N	N	N	N	N	N	N	N	N	0.0000	0.0000	0.0000	0.0000	0.0000	0.0000	0.0000	0.0000	0.0000	0.0000	0.0000	0.0000	0.0000	0.0000	0.0000	0.0000	0.0000	0.0000	0.0144	0.0062	0.0251	0.0040	0.0031	0.0118	0.0164	0.0072	0.0256	3.1367	0.0000	0.0018	5.0000	1.9990	27.3229	7.9526	0.0000	0.0000	0.0000	0.0000	0.0000	0.0000	0.0000	0.0000	0.0000	0.0060	0.0015	0.0046	0.0003	0.0002	0.0001	0.0058	0.0013	0.0045	0.0635	0.0538	0.0097	0.0042	0.0039	0.0003	0.0593	0.0499	0.0094	0.4187	0.2367	0.1821	0.0673	0.0603	0.0069	0.3515	0.1763	0.1751	0.0000	0.0000	0.0000	0.0000	0.0000	0.0000	0.0000	0.0000	0.0000	0.0144	0.0062	0.0251	0.0040	0.0031	0.0118	0.0164	0.0072	0.0256	
39	149	0.2005	3	2	2	0	0	0	0	0	0	Y	Y	N	N	N	N	N	N	N	N	N	N	0.0000	0.0002	0.0000	0.0142	0.0136	0.0000	0.0000	0.0000	0.0001	0.0001	0.0000	0.0005	0.0005	0.0000	0.0000	0.0000	0.0000	1.1231	0.2518	2.4073	0.0334	0.0356	0.0000	1.3482	0.3318	2.4711	0.0000	6.4845	-0.0000	0.4686	5.0000	5.3497	27.3229	17.2225	0.0000	0.0000	0.0000	0.0000	0.0000	0.0000	0.0000	0.0000	0.0000	1.1484	0.1534	0.9950	0.0059	0.0059	0.0000	1.1426	0.1476	0.9950	0.1978	0.1676	0.0302	0.0211	0.0207	0.0004	0.1767	0.1469	0.0298	1.0226	0.6093	0.4133	0.1751	0.1644	0.0107	0.8475	0.4448	0.4026	0.0000	0.0002	0.0000	0.0142	0.0136	0.0000	0.0000	0.0000	0.0000	1.1231	0.2518	2.4073	0.0334	0.0356	0.0000	1.3482	0.3318	2.4711	
39	150	0.2313	4	1	2	0	0	0	0	0	0	N	Y	N	N	N	N	N	N	N	N	N	N	0.0163	0.0027	1696.3003	0.0068	0.0064	0.0000	0.0174	0.0021	3142.2440	0.0172	0.0046	0.0994	0.0036	0.0037	0.0000	0.0215	0.0049	0.1046	1.0568	1.6780	0.0001	0.5377	0.5829	0.0005	1.2322	2.3206	0.0000	3.3562	0.0000	0.0010	-0.5240	5.0000	3.6794	27.3229	17.4287	0.0032	0.0007	0.0024	0.0002	0.0002	0.0000	0.0030	0.0006	0.0024	1.1433	1.1433	0.0000	0.1469	0.1469	0.0000	0.9964	0.9964	0.0000	0.1847	0.1601	0.0246	0.0441	0.0428	0.0012	0.1407	0.1172	0.0234	1.0818	0.6813	0.4005	0.2731	0.2520	0.0212	0.8087	0.4294	0.3793	0.0163	0.0027	1696.3003	0.0068	0.0064	0.0000	0.0174	0.0021	3142.2440	1.0568	1.6780	0.0001	0.5377	0.5829	0.0005	1.2322	2.3206	0.0000
39	151	0.2005	3	1	2	0	0	0	0	0	0	N	Y	N	N	N	N	N	N	N	N	N	N	10.2340	4.2752	99.7514	0.0000	0.0000	0.0000	67.3749	289.1530	98.4754	14.2529	8.4084	46.9598	0.0000	0.0000	0.0000	16.5570	10.0324	47.5349	1.3927	1.9668	0.4708	8.1872	7.3216	0.0029	0.2457	0.0347	0.4827	0.9980	0.1491	0.1166	-0.3254	5.0000	3.4464	27.3229	10.1316	1.9971	0.9996	0.9975	0.0000	0.0000	0.0000	1.9971	0.9996	0.9975	0.9902	0.8617	0.1284	0.8514	0.8514	0.0000	0.1388	0.0104	0.1284	0.1401	0.1189	0.0212	0.0195	0.0192	0.0003	0.1206	0.0996	0.0210	0.7110	0.4381	0.2728	0.1462	0.1394	0.0068	0.5648	0.2987	0.2660	10.2340	4.2752	99.7514	0.0000	0.0000	0.0000	67.3749	289.1530	98.4754	1.3927	1.9668	0.4708	5.8228	6.1062	0.0029	0.2457	0.0347	0.4827
39	152	0.6279	9	2	2	0	0	0	0	0	0	Y	Y	N	N	N	N	N	N	N	N	N	N	0.0000	0.0000	0.0000	0.0000	0.0000	0.0000	0.0000	0.0000	0.0000	0.0000	0.0000	0.0000	0.0000	2.4827	0.0000	9.2049	0.0000	0.0000	0.0000	4.7905	0.0000	12.0998	inf	0.0000	0.5416	5.0000	1.0143	27.3229	12.0086	0.0000	0.0000	0.0000	0.0000	0.0000	0.0000	0.0000	0.0000	0.0000	1.0000	0.0000	1.0000	0.0000	0.0000	0.0000	1.0000	0.0000	1.0000	0.0317	0.0272	0.0045	0.0079	0.0073	0.0006	0.0237	0.0199	0.0038	0.4028	0.2665	0.1363	0.1940	0.1607	0.0334	0.2087	0.1058	0.1029	0.0000	0.0000	0.0000	0.0000	0.0000	0.0000	0.0000	0.0000	0.0000	2.4827	0.0000	7.3388	0.0000	0.0000	0.0000	4.7905	0.0000	9.7186						
39	153	0.6256	8	2	2	0	0	0	0	0	0	Y	Y	N	N	N	N	N	N	N	N	N	N	0.0000	0.0000	0.0000	0.0000	0.0000	0.0000	0.0000	0.0000	0.0000	0.0000	0.0000	0.0000	0.0000	0.0000	0.0000	0.0000	0.0228	0.0027	0.0622	0.0037	0.0045	0.0000	0.0409	0.0000	0.0824	11.5051	0.0000	0.0003	5.0000	0.9811	27.3229	0.0216	0.0000	0.0000	0.0000	0.0000	0.0000	0.0000	0.0000	0.0000	0.0000	0.0007	0.0001	0.0007	0.0001	0.0001	0.0000	0.0007	0.0000	0.0007	0.0303	0.0260	0.0043	0.0074	0.0068	0.0006	0.0229	0.0192	0.0037	0.0329	0.0218	0.0111	0.0161	0.0133	0.0027	0.0169	0.0085	0.0084	0.0000	0.0000	0.0000	0.0000	0.0000	0.0000	0.0000	0.0000	0.0000	0.0228	0.0027	0.0622	0.0037	0.0045	0.0000	0.0409	0.0000	0.0824			
39	154	0.6211	7	2	2	0	0	0	0	0	0	Y	Y	N	N	N	N	N	N	N	N	N	N	0.0000	0.0000	0.0000	0.0000	0.0000	0.0000	0.0000	0.0000	0.0000	0.0000	0.0000	0.0000	0.0000	0.0000	0.0000	0.0000	0.0000	0.0774	0.0870	0.0582	0.1200	0.1421	0.0081	0.0368	0.0000	0.0740	0.3367	0.0000	-0.0011	5.0000	0.0083	27.3229	2.0001	0.0000	0.0000	0.0000	0.0000	0.0000	0.0000	0.0000	0.0000	0.0000	0.0052	0.0039	0.0013	0.0039	0.0039	0.0000	0.0013	0.0000	0.0013	0.0003	0.0003	0.0000	0.0001	0.0001	0.0000	0.0002	0.0002	0.0000	0.0674	0.0448	0.0226	0.0329	0.0274	0.0054	0.0345	0.0174	0.0172	0.0000	0.0000	0.0000	0.0000	0.0000	0.0000	0.0000	0.0000	0.0000	0.0774	0.0870	0.0582	0.1200	0.1421	0.0081	0.0368	0.0000	0.0740		
39	155	0.5974	6	1	2	0	0	0	0	0	0	N	Y	N	N	N	N	N	N	N	N	N	N	0.0000	0.0000	0.0000	0.0000	0.0000	0.0000	0.0000	0.0000	0.0000	0.0000	0.0000	0.0000	0.0000	0.0000	0.0000	0.0000	0.0000	0.0000	5.3825	3.2306	10.6209	4.6216	5.3859	0.0394	4.7189	0.0163	12.6800	1.1077	0.0000	0.1276	5.0000	2.9180	27.3229	7.4065	0.0000	0.0000	0.0000	0.0000	0.0000	0.0000	0.0000	0.0000	0.0000	1.8990	0.9010	0.9980	0.9003	0.8992	0.0011	0.9987	0.0018	0.9969	0.0929	0.0795	0.0134	0.0248	0.0224	0.0024	0.0681	0.0571	0.0110	0.4064	0.2789	0.1275	0.1948	0.1669	0.0278	0.2116	0.1119	0.0997	0.0000	0.0000	0.0000	0.0000	0.0000	0.0000	0.0000	0.0000	0.0000	4.6723	3.2306	7.8248	4.6216	5.3859	0.0394	4.7189	0.0163	9.9991	
39	156	0.5316	5	1	1	0	0	0	0	0	0	N	N	N	N	N	N	N	N	N	N	N	N	1.6188	7.5129	0.0000	6.5535	12.6281	0.0000	0.8152	4.5149	0.0000	1.6044	1.8292	0.0000	2.1528	2.2840	0.0000	1.3374	1.5823	0.0000	0.9911	0.2435	2.5425	0.3285	0.1809	1.2353	1.6406	0.3505	2.8966	0.0000	5.0323	-0.2606	0.4560	5.0000	8.2479	27.3229	19.7214	0.5907	0.5907	0.0000	0.2595	0.2595	0.0000	0.3312	0.3312	0.0000	1.2132	0.2011	1.0121	0.1990	0.0942	0.1048	1.0141	0.1069	0.9073	0.3682	0.3229	0.0452	0.1205	0.1136	0.0069	0.2476	0.2093	0.0383	1.2241	0.8260	0.3981	0.6059	0.5211	0.0848	0.6181	0.3049	0.3132	1.6188	7.5129	0.0000	6.5535	12.6281	0.0000	0.8152	4.5149	0.0000	0.9911	0.2435	2.5425	0.3285	0.1809	1.2353	1.6406	0.3505	2.8966
39	157	0.4954	4	1	1	0	0	0	0	0	0	N	N	N	N	N	N	N	N	N	N	N	N	3.4726	3.4931	0.0293	3.3204	4.5173	0.0588	2.8218	1.9807	0.0230	3.4536	3.9936	0.0198	2.1256	2.2839	0.0825	3.9078	4.6381	0.0100	0.9945	1.1433	0.6746	0.6402	0.5056	1.4033	1.3848	2.3417	0.4348	0.0008	0.2743	-0.4210	-0.2922	5.0000	7.4725	27.3229	14.3153	0.9562	0.9554	0.0007	0.1500	0.1496	0.0004	0.8062	0.8059	0.0003	1.2021	0.9433	0.2588	0.4056	0.2723	0.1333	0.7965	0.6711	0.1255	0.2769	0.2392	0.0376	0.0706	0.0655	0.0051	0.2063	0.1737	0.0326	1.2087	0.8251	0.3836	0.6335	0.5385	0.0950	0.5752	0.2866	0.2886	3.4726	3.4931	0.0293	3.3204	4.5173	0.0588	2.8218	1.9807	0.0230	0.9945	1.1433	0.6746	0.6402	0.5056	1.4033	1.3848	2.3417	0.4348
39	158	0.4299	3	1	1	0	0	0	0	0	0	N	N	N	N	N	N	N	N	N	N	N	N	2.1609	6.9023	0.0011	8.6815	31.0155	0.0024	0.4077	1.0429	0.0012	2.7819	3.2077	0.0035	11.6034	12.2442	0.0182	0.5064	0.5979	0.0023	1.2874	0.4647	3.0880	1.3366	0.3948	7.6481	1.2420	0.5733	1.9576	0.0002	3.0357	-0.5053	0.6532	5.0000	11.6653	27.3229	19.4910	1.1460	1.1458	0.0002	0.9801	0.9801	0.0001	0.1658	0.1657	0.0001	2.2230	0.5508	1.6721	1.1073	0.2846	0.8227	1.1157	0.2662	0.8494	0.4119	0.3572	0.0547	0.0845	0.0800	0.0044	0.3275	0.2772	0.0503	1.7268	1.1853	0.5415	0.8285	0.7209	0.1076	0.8983	0.4644	0.4339	2.1609	6.9023	0.0011	8.6815	31.0155	0.0024	0.4077	1.0429	0.0012	1.2874	0.4647	3.0880	1.3366	0.3948	7.6481	1.2420	0.5733	1.9576
39	159	0.3827	2	1	1	0	0	0	0	0	0	N	N	N	N	N	N	N	N	N	N	N	N	0.2030	0.1612	0.4797	0.8033	0.8092	0.8757	0.0795	0.0085	0.4357	0.1028	0.0722	0.3049	0.2903	0.2872	0.3560	0.0511	0.0051	0.3009	0.5062	0.4477	0.6357	0.3613	0.3549	0.4065	0.6423	0.5965	0.6906	0.6396	0.6411	-0.0015	-0.0614	5.0000	7.3933	27.3229	20.5306	0.0297	0.0181	0.0116	0.0181	0.0171	0.0010	0.0116	0.0010	0.0106	0.9073	0.5529	0.3545	0.3137	0.2699	0.0438	0.5936	0.2829	0.3106	0.2887	0.2508	0.0380	0.0624	0.0596	0.0028	0.2263	0.1911	0.0352	1.7925	1.2349	0.5576	0.8683	0.7605	0.1078	0.9242	0.4744	0.4498	0.2030	0.1612	0.4797	0.8033	0.8092	0.8757	0.0795	0.0085	0.4357	0.5062	0.4477	0.6357	0.3613	0.3549	0.4065	0.6423	0.5965	0.6906
39	161	0.2510	7	2	2	0	0	0	0	0	0	Y	Y	N	N	N	N	N	N	N	N	N	N	0.0000	0.0000	0.0000	0.0000	0.0000	0.0000	0.0000	0.0000	0.0000	0.0000	0.0000	0.0000	0.0000	0.0000	0.0000	11.7213	0.0000	44.5753	0.0006	0.0000	0.0053	9.5905	0.0000	41.5575	inf	0.0000	0.5400	5.0000	0.0002	27.3229	3.0099	0.0000	0.0000	0.0000	0.0000	0.0000	0.0000	0.0000	0.0000	0.0000	0.9970	0.0000	0.9970	0.0000	0.0000	0.0000	0.9970	0.0000	0.9970	0.0000	0.0000	0.0000	0.0000	0.0000	0.0000	0.0000	0.0000	0.0000	0.1203	0.0678	0.0525	0.0164	0.0145	0.0019	0.1040	0.0533	0.0506	0.0000	0.0000	0.0000	0.0000	0.0000	0.0000	0.0000	0.0000	0.0000	8.2852	0.0000	18.9842	0.0006	0.0000	0.0053	9.5905	0.0000	19.6898				
39	162	0.2434	6	2	2	0	0	0	0	0	0	Y	Y	N	N	N	N	N	N	N	N	N	N	0.0000	0.0000	0.0000	0.0000	0.0000	0.0000	0.0000	0.0000	0.0000	0.0000	0.0000	0.0000	0.0000	0.0000	0.0000	0.0255	0.0002	0.0572	0.0000	0.0000	0.0000	0.0292	0.0002	0.0593	299.0000	0.0000	0.0016	5.0000	0.9998	27.3229	2.0118	0.0000	0.0000	0.0000	0.0000	0.0000	0.0000	0.0000	0.0000	0.0000	0.0030	0.0000	0.0030	0.0000	0.0000	0.0000	0.0030	0.0000	0.0030	0.0317	0.0268	0.0048	0.0020	0.0019	0.0001	0.0297	0.0250	0.0047	0.1177	0.0655	0.0523	0.0148	0.0130	0.0018	0.1029	0.0525	0.0504	0.0000	0.0000	0.0000	0.0000	0.0000	0.0000	0.0000	0.0000	0.0000	0.0255	0.0002	0.0572	0.0000	0.0000	0.0000	0.0292	0.0002	0.0593				
39	163	0.2434	5	2	2	0	0	0	0	0	0	Y	Y	N	N	N	N	N	N	N	N	N	N	0.0000	0.0000	0.0000	0.0000	0.0000	0.0000	0.0000	0.0000	0.0000	0.0000	0.0000	0.0000	0.0000	0.0000	0.0000	0.0000	0.0000	0.0000	0.0000	0.0000	5.0000	0.0000	27.3229	0.0003	0.0000	0.0000	0.0000	0.0000	0.0000	0.0000	0.0000	0.0000	0.0000	0.0000	0.0000	0.0000	0.0000	0.0000	0.0000	0.0000	0.0000	0.0000	0.0000	0.0000	0.0000	0.0000	0.0000	0.0000	0.0000	0.0000	0.0000	0.0000	0.0000	0.0000	0.0000	0.0000	0.0000	0.0000	0.0000	0.0000	0.0000	0.0000	0.0000	0.0000	0.0000	0.0000	0.0000	0.0000	0.0000	0.0000	0.0000	0.0000	0.0000	0.0000	0.0000	0.0000	0.0000	0.0000											
39	164	0.2324	4	1	2	0	0	0	0	0	0	N	Y	N	N	N	N	N	N	N	N	N	N	0.0000	0.0000	0.0000	0.0000	0.0000	0.0000	0.0000	0.0000	0.0000	0.0000	0.0000	0.0000	0.0000	0.0000	0.0000	0.0000	0.0000	0.0000	0.0285	0.0120	0.0508	0.0062	0.0048	0.0208	0.0341	0.0154	0.0522	3.1367	0.0000	0.0018	5.0000	0.0063	27.3229	4.3641	0.0000	0.0000	0.0000	0.0000	0.0000	0.0000	0.0000	0.0000	0.0000	0.0060	0.0015	0.0046	0.0003	0.0002	0.0001	0.0058	0.0013	0.0045	0.0006	0.0005	0.0001	0.0002	0.0002	0.0000	0.0004	0.0003	0.0001	0.2117	0.1218	0.0899	0.0431	0.0391	0.0040	0.1686	0.0826	0.0860	0.0000	0.0000	0.0000	0.0000	0.0000	0.0000	0.0000	0.0000	0.0000	0.0285	0.0120	0.0508	0.0062	0.0048	0.0208	0.0341	0.0154	0.0522	
39	165	0.2005	3	1	1	0	0	0	0	0	0	N	N	N	N	N	N	N	N	N	N	N	N	0.0001	0.0003	0.0000	0.0116	0.0113	0.0000	0.0000	0.0000	0.0000	0.0001	0.0001	0.0000	0.0005	0.0005	0.0000	0.0000	0.0000	0.0000	0.7673	0.3689	1.4176	0.0459	0.0479	0.0025	0.9613	0.5246	1.4534	0.0000	2.3545	-0.0000	0.1259	5.0000	2.5207	27.3229	10.0226	0.0000	0.0000	0.0000	0.0000	0.0000	0.0000	0.0000	0.0000	0.0000	0.5169	0.1541	0.3628	0.0065	0.0065	0.0000	0.5104	0.1476	0.3628	0.1117	0.0949	0.0168	0.0187	0.0185	0.0002	0.0930	0.0764	0.0166	0.6736	0.4177	0.2559	0.1427	0.1364	0.0063	0.5309	0.2813	0.2496	0.0001	0.0003	0.0000	0.0116	0.0113	0.0000	0.0000	0.0000	0.0000	0.7673	0.3689	1.4176	0.0459	0.0479	0.0025	0.9613	0.5246	1.4534
39	166	0.1849	2	1	1	0	0	0	0	0	0	N	N	N	N	N	N	N	N	N	N	N	N	0.0002	0.0000	0.0121	0.0000	0.0000	0.0000	0.0003	0.0000	0.0118	0.0001	0.0000	0.0007	0.0000	0.0000	0.0000	0.0001	0.0000	0.0007	0.6280	0.9559	0.0547	1.2765	1.3282	0.0009	0.3961	0.7098	0.0562	inf	0.0327	0.0000	-0.1394	5.0000	2.6894	27.3229	4.6619	0.0000	0.0000	0.0000	0.0000	0.0000	0.0000	0.0000	0.0000	0.0000	0.3267	0.3163	0.0103	0.1749	0.1749	0.0000	0.1518	0.1414	0.0103	0.0970	0.0819	0.0151	0.0074	0.0073	0.0001	0.0895	0.0745	0.0150	0.5202	0.3309	0.1892	0.1370	0.1317	0.0053	0.3832	0.1993	0.1839	0.0002	0.0000	0.0121	0.0000	0.0000	0.0000	0.0003	0.0000	0.0118	0.6280	0.9559	0.0547	1.2765	1.3282	0.0009	0.3961	0.7098	0.0562
40	41	0.6457	8	0	2	0	0	0	0	0	0	N	Y	N	N	N	N	N	N	N	N	N	N	0.0000	0.0000	0.0000	0.0000	0.0000	0.0000	0.0000	0.0000	0.0000	0.0000	0.0000	0.0000	0.0000	0.0000	0.0000	0.0000	0.0000	0.0000	1.6464	2.3660	0.0001	2.5224	3.2276	0.0001	0.0002	0.0004	0.0001	0.0000	0.0000	-0.4567	7.0019	8.1446	21.4344	10.2519	0.0000	0.0000	0.0000	0.0000	0.0000	0.0000	0.0000	0.0000	0.0000	0.9965	0.9965	0.0000	0.9964	0.9964	0.0000	0.0000	0.0000	0.0000	0.4441	0.3917	0.0524	0.1636	0.1544	0.0092	0.2805	0.2373	0.0432	0.6053	0.4212	0.1841	0.3950	0.3087	0.0863	0.2102	0.1124	0.0978	0.0000	0.0000	0.0000	0.0000	0.0000	0.0000	0.0000	0.0000	0.0000	1.6464	2.3660	0.0001	2.5224	3.2276	0.0001	0.0002	0.0004	0.0001	
40	43	0.2991	5	0	2	1	1	0	0	0	0	N	Y	N	N	N	N	N	N	N	N	N	N	0.0000	0.0000	0.0000	0.0000	0.0000	0.0000	0.0000	0.0000	0.0000	0.0000	0.0000	0.0000	0.0000	0.0000	0.0000	0.0000	0.0000	0.0000	3.3408	4.7345	0.0188	9.9816	10.9800	0.0239	0.0091	0.0021	0.0174	0.0016	0.0000	-0.3305	7.0019	1.0007	21.4344	2.4334	0.0000	0.0000	0.0000	0.0000	0.0000	0.0000	0.0000	0.0000	0.0000	0.7235	0.7223	0.0012	0.7225	0.7222	0.0003	0.0010	0.0001	0.0009	0.0459	0.0393	0.0067	0.0077	0.0072	0.0006	0.0382	0.0321	0.0061	0.2166	0.1542	0.0624	0.1103	0.0969	0.0134	0.1063	0.0573	0.0490	0.0000	0.0000	0.0000	0.0000	0.0000	0.0000	0.0000	0.0000	0.0000	3.3408	4.6845	0.0188	6.5522	7.4550	0.0239	0.0091	0.0021	0.0174	
40	44	0.2619	4	0	1	0	1	0	0	0	0	N	N	N	N	N	N	N	N	N	N	N	N	0.0283	0.0046	0.0751	0.0146	0.0148	0.0429	0.0241	0.0020	0.0814	0.0617	0.0028	0.4125	0.0221	0.0070	0.2606	0.0710	0.0017	0.4255	2.1783	0.6206	5.4943	1.5208	0.4752	6.0778	2.9453	0.8834	5.2267	24.3518	4.1586	0.0016	0.7467	7.0019	1.0391	21.4344	15.0482	0.0031	0.0001	0.0030	0.0002	0.0001	0.0001	0.0029	0.0001	0.0029	2.1472	0.4162	1.7309	0.8071	0.2051	0.6020	1.3401	0.2111	1.1290	0.0509	0.0436	0.0073	0.0097	0.0091	0.0006	0.0413	0.0345	0.0067	0.9857	0.6707	0.3150	0.5307	0.4317	0.0990	0.4550	0.2390	0.2160	0.0283	0.0046	0.0751	0.0146	0.0148	0.0429	0.0241	0.0020	0.0814	2.1783	0.6206	5.4943	1.5208	0.4752	6.0778	2.9453	0.8834	5.2267
40	45	0.1414	3	0	2	0	0	0	0	0	0	N	Y	N	N	N	N	N	N	N	N	N	N	0.4547	0.3861	0.0000	0.0000	0.0000	0.6657	0.6290	0.0000	1.9545	2.3025	0.0000	0.0000	0.0000	0.0000	2.0472	2.4221	0.0000	4.2980	5.9630	1.9869	13.4784	15.7768	0.0000	3.0750	3.8510	2.1918	0.0000	0.2474	-0.4411	-1.3113	7.0019	12.0036	21.4344	21.9053	1.0000	1.0000	0.0000	0.0000	0.0000	0.0000	1.0000	1.0000	0.0000	5.0424	4.0425	1.0000	2.0425	2.0425	0.0000	2.9999	2.0000	1.0000	0.5117	0.4343	0.0773	0.0232	0.0214	0.0017	0.4885	0.4129	0.0756	1.2504	0.7471	0.5033	0.2748	0.2278	0.0470	0.9756	0.5193	0.4562	0.4846	0.4255	0.0000	0.0000	0.0000	0.0000	0.6657	0.6290	0.0000	4.0328	5.4109	1.9869	7.4331	8.9679	0.0000	3.0750	3.8510	2.1918	
40	46	0.6228	11	1	2	0	0	0	0	0	0	N	Y	N	N	N	N	N	N	N	N	N	N	0.0000	0.0000	0.0000	0.0000	0.0000	0.0000	0.0000	0.0000	0.0000	0.0000	0.0000	0.0000	0.0000	0.0000	0.0000	0.0000	0.0001	0.0001	0.0000	0.0001	0.0002	0.0000	0.0000	0.0000	0.0000	0.0101	0.0000	-0.0000	7.0019	2.0120	21.4344	1.9924	0.0000	0.0000	0.0000	0.0000	0.0000	0.0000	0.0000	0.0000	0.0000	0.0000	0.0000	0.0000	0.0000	0.0000	0.0000	0.0000	0.0000	0.0000	0.0922	0.0800	0.0122	0.0278	0.0257	0.0021	0.0644	0.0543	0.0101	0.1175	0.0793	0.0383	0.0674	0.0532	0.0141	0.0501	0.0260	0.0241	0.0000	0.0000	0.0000	0.0000	0.0000	0.0000	0.0000	0.0000	0.0000	0.0001	0.0001	0.0000	0.0001	0.0002	0.0000	0.0000	0.0000	0.0000			
40	47	0.2459	9	1	2	0	0	0	0	0	0	N	Y	N	N	N	N	N	N	N	N	N	N	0.0000	0.0000	0.0000	0.0000	0.0000	0.0000	0.0000	0.0000	0.0000	0.0000	0.0000	0.0000	0.0000	0.0195	0.0327	0.0000	0.0823	0.0977	0.0000	0.0000	0.0000	0.0000	0.0000	0.0000	-0.0014	7.0019	0.0002	21.4344	4.0036	0.0000	0.0000	0.0000	0.0000	0.0000	0.0000	0.0000	0.0000	0.0000	0.0030	0.0030	0.0000	0.0030	0.0030	0.0000	0.0000	0.0000	0.0000	0.0000	0.0000	0.0000	0.0000	0.0000	0.0000	0.0000	0.0000	0.0000	0.1512	0.0902	0.0611	0.0358	0.0302	0.0056	0.1154	0.0600	0.0554	0.0000	0.0000	0.0000	0.0000	0.0000	0.0000	0.0000	0.0000	0.0000	0.0195	0.0327	0.0000	0.0823	0.0977	0.0000	0.0000	0.0000	0.0000						
40	48	0.1414	3	0	2	0	1	0	0	0	0	N	Y	N	N	N	N	N	N	N	N	N	N	1.2445	0.0000	5.0964	0.0000	0.0000	0.0000	1.0465	0.0000	4.8091	3.8544	0.0000	25.2600	0.0000	0.0000	0.0000	4.0388	0.0000	25.8293	3.0972	1.8274	4.9564	0.1134	0.0002	0.6471	3.8594	2.5469	5.3710	inf	1.8524	0.5589	1.0899	7.0019	6.0036	21.4344	51.7820	1.0000	0.0000	1.0000	0.0000	0.0000	0.0000	1.0000	0.0000	1.0000	5.7050	2.0000	3.7049	0.0425	0.0000	0.0424	5.6625	2.0000	3.6625	0.2594	0.2199	0.0396	0.0118	0.0110	0.0009	0.2476	0.2089	0.0387	1.8420	1.0945	0.7475	0.3748	0.3092	0.0656	1.4672	0.7853	0.6819	1.2445	0.0000	5.0964	0.0000	0.0000	0.0000	1.0465	0.0000	4.8091	3.0972	1.8274	4.9564	0.1134	0.0002	0.6471	3.8594	2.5469	5.3710
40	49	0.1414	3	1	2	0	0	0	0	0	0	N	Y	N	N	N	N	N	N	N	N	N	N	0.0000	0.0000	0.0000	0.0000	0.0000	0.0000	0.0000	0.0000	0.0000	0.0000	0.0000	0.0000	0.0000	0.0000	0.0000	0.0000	0.0000	1.1722	1.9661	0.0001	0.0048	0.0058	0.0000	1.4900	2.7942	0.0001	0.0000	0.0000	-0.7627	7.0019	5.9964	21.4344	34.6547	0.0000	0.0000	0.0000	0.0000	0.0000	0.0000	0.0000	0.0000	0.0000	1.6640	1.6640	0.0001	0.0015	0.0015	0.0000	1.6625	1.6625	0.0001	0.2591	0.2196	0.0395	0.0118	0.0110	0.0009	0.2473	0.2086	0.0387	1.4195	0.8463	0.5732	0.3038	0.2513	0.0524	1.1158	0.5950	0.5208	0.0000	0.0000	0.0000	0.0000	0.0000	0.0000	0.0000	0.0000	0.0000	1.1722	1.9661	0.0001	0.0048	0.0058	0.0000	1.4900	2.7942	0.0001		
40	50	0.2310	4	0	1	1	0	0	0	0	0	N	N	N	N	N	N	N	N	N	N	N	N	0.2175	0.1764	0.1450	1.4557	1.3342	0.0189	0.0051	0.0000	0.1400	0.1484	0.1684	0.0221	0.9402	1.0065	0.0014	0.0036	0.0000	0.0238	0.6820	0.9550	0.1524	0.6459	0.7544	0.0752	0.7051	1.1532	0.1697	0.0208	0.0823	-0.0859	-0.6743	7.0019	31.2093	21.4344	46.3939	0.2042	0.2000	0.0042	0.2000	0.2000	0.0000	0.0042	0.0000	0.0042	1.7636	1.6296	0.1341	0.6517	0.6395	0.0121	1.1120	0.9900	0.1219	1.3762	1.1875	0.1887	0.2128	0.1987	0.0140	1.1634	0.9887	0.1747	2.5860	1.7063	0.8797	1.0090	0.8478	0.1612	1.5770	0.8585	0.7185	0.2175	0.1764	0.1450	1.4557	1.3342	0.0189	0.0051	0.0000	0.1400	0.6820	0.9550	0.1524	0.6459	0.7544	0.0752	0.7051	1.1532	0.1697
40	51	0.1782	4	0	2	0	0	0	0	0	0	N	Y	N	N	N	N	N	N	N	N	N	N	0.0021	0.0016	0.0000	0.0205	0.0180	0.0000	0.0000	0.0000	0.0000	0.0009	0.0011	0.0000	0.0060	0.0063	0.0000	0.0000	0.0000	0.0000	0.4487	0.6713	0.0002	0.2933	0.3522	0.0002	0.5642	1.0335	0.0002	0.0000	0.0001	-0.0001	-0.2461	7.0019	4.1516	21.4344	14.5664	0.0002	0.0002	0.0000	0.0002	0.0002	0.0000	0.0000	0.0000	0.0000	0.5370	0.5369	0.0001	0.1498	0.1497	0.0000	0.3872	0.3872	0.0000	0.2119	0.1820	0.0300	0.0333	0.0315	0.0018	0.1786	0.1504	0.0282	1.1969	0.7998	0.3971	0.5105	0.4252	0.0853	0.6864	0.3746	0.3117	0.0021	0.0016	0.0000	0.0205	0.0180	0.0000	0.0000	0.0000	0.0000	0.4487	0.6713	0.0002	0.2933	0.3522	0.0002	0.5642	1.0335	0.0002
40	52	0.1108	2	1	1	1	0	0	0	0	0	N	N	N	N	N	N	N	N	N	N	N	N	9.5796	0.0000	47.0548	0.0000	0.0000	0.0000	18.2572	47.6344	0.0649	0.0000	0.5964	0.0000	0.0000	0.0000	0.1012	0.0000	0.5997	0.0068	0.0034	0.0127	0.0121	0.0119	0.0162	0.0055	0.0000	0.0126	inf	2.1806	0.0000	0.0001	7.0019	0.0028	21.4344	0.9232	0.0000	0.0000	0.0000	0.0000	0.0000	0.0000	0.0000	0.0000	0.0000	0.0003	0.0001	0.0002	0.0001	0.0001	0.0000	0.0002	0.0000	0.0002	0.0005	0.0004	0.0001	0.0002	0.0002	0.0000	0.0003	0.0002	0.0001	0.0498	0.0316	0.0182	0.0094	0.0089	0.0004	0.0404	0.0226	0.0178	9.5796	0.0000	47.0548	0.0000	0.0000	0.0000	18.2572	0.0000	47.6344	0.0068	0.0034	0.0127	0.0121	0.0119	0.0162	0.0055	0.0000	0.0126	
40	53	0.6380	10	0	2	0	0	0	0	0	0	N	Y	N	N	N	N	N	N	N	N	N	N	0.8332	0.6602	0.0000	0.0262	0.0227	0.0000	0.5541	0.3204	0.0000	2.0613	2.3566	0.0000	0.0189	0.0199	0.0000	2.8978	3.4303	0.0000	2.4739	3.5696	0.0016	0.7201	0.8747	0.0010	5.2294	10.7052	0.0019	0.0000	0.0002	-0.4156	-1.3348	7.0019	8.5400	21.4344	19.3759	0.9421	0.9421	0.0000	0.0025	0.0025	0.0000	0.9396	0.9396	0.0000	2.9134	2.9128	0.0006	0.5182	0.5181	0.0001	2.3952	2.3947	0.0004	0.4571	0.3998	0.0573	0.1328	0.1259	0.0069	0.3243	0.2739	0.0503	1.1776	0.8160	0.3616	0.7196	0.5923	0.1273	0.4580	0.2237	0.2343	0.8332	0.6602	0.0000	0.0262	0.0227	0.0000	0.5541	0.3204	0.0000	2.4739	3.5696	0.0016	0.7201	0.8747	0.0010	5.2294	10.7052	0.0019
40	54	0.5750	9	0	1	0	0	0	0	0	0	N	N	N	N	N	N	N	N	N	N	N	N	1.3891	1.2333	0.0246	0.0067	0.0058	0.0025	0.9651	0.6750	0.0191	2.1238	2.4156	0.0138	0.0021	0.0022	0.0000	2.9793	3.5087	0.0155	1.5289	1.9587	0.5622	0.3095	0.3719	0.0084	3.0870	5.1978	0.8146	0.0008	0.1276	-0.3903	-0.7051	7.0019	7.3474	21.4344	24.2346	0.8864	0.8857	0.0007	0.0002	0.0002	0.0000	0.8861	0.8854	0.0007	2.0427	1.8115	0.2312	0.2320	0.2309	0.0011	1.8107	1.5806	0.2301	0.4174	0.3667	0.0507	0.1199	0.1143	0.0056	0.2974	0.2524	0.0451	1.3361	0.9249	0.4112	0.7495	0.6208	0.1287	0.5866	0.3041	0.2825	1.3891	1.2333	0.0246	0.0067	0.0058	0.0025	0.9651	0.6750	0.0191	1.5289	1.9587	0.5622	0.3095	0.3719	0.0084	3.0870	5.1978	0.8146
40	55	0.5452	8	0	1	0	0	0	0	0	0	N	N	N	N	N	N	N	N	N	N	N	N	3.2635	6.5229	0.0005	10.0243	8.8594	0.0000	1.4590	5.9840	0.0004	1.3066	1.4803	0.0004	2.0986	2.1810	0.0000	0.9489	1.1207	0.0004	0.4004	0.2269	0.8352	0.2094	0.2462	0.0019	0.6504	0.1873	1.1917	0.0000	1.4679	-0.1270	0.0605	7.0019	3.4216	21.4344	15.9376	0.2880	0.2880	0.0000	0.1439	0.1439	0.0000	0.1441	0.1441	0.0000	0.4432	0.1796	0.2636	0.1314	0.1312	0.0002	0.3118	0.0484	0.2635	0.2204	0.1945	0.0259	0.0686	0.0660	0.0026	0.1518	0.1285	0.0233	1.1070	0.7913	0.3157	0.6275	0.5329	0.0946	0.4795	0.2584	0.2211	3.2635	6.5229	0.0005	10.0243	8.8594	0.0000	1.4590	5.9840	0.0004	0.4004	0.2269	0.8352	0.2094	0.2462	0.0019	0.6504	0.1873	1.1917
40	56	0.2619	4	0	2	0	0	0	0	0	0	N	Y	N	N	N	N	N	N	N	N	N	N	0.0966	0.0032	4.0361	0.0422	0.0110	11.1789	0.0932	0.0013	3.1408	0.0646	0.0030	0.4320	0.0230	0.0073	0.2730	0.0744	0.0018	0.4455	0.6689	0.9442	0.1070	0.5457	0.6682	0.0244	0.7984	1.3906	0.1419	24.3520	0.0555	0.0016	-0.3064	7.0019	0.9891	21.4344	20.6926	0.0031	0.0001	0.0030	0.0002	0.0001	0.0001	0.0029	0.0001	0.0029	0.7551	0.7153	0.0397	0.3155	0.3129	0.0027	0.4395	0.4025	0.0370	0.0487	0.0417	0.0070	0.0093	0.0087	0.0005	0.0394	0.0329	0.0064	1.1287	0.7576	0.3711	0.5783	0.4682	0.1100	0.5505	0.2894	0.2610	0.0966	0.0032	4.0361	0.0422	0.0110	11.1789	0.0932	0.0013	3.1408	0.6689	0.9442	0.1070	0.5457	0.6682	0.0244	0.7984	1.3906	0.1419
40	57	0.1414	3	0	1	0	0	0	0	0	0	N	N	N	N	N	N	N	N	N	N	N	N	2.6364	2.4601	5.5926	0.0000	0.0000	0.0000	2.1807	1.8334	5.2013	9.1390	5.4021	29.8536	0.0000	0.0000	0.0000	9.5779	5.6871	30.5254	3.4665	2.1959	5.3380	0.0092	0.0110	0.0002	4.3921	3.1020	5.8688	0.9969	1.6505	0.1161	0.8636	7.0019	5.0326	21.4344	39.3193	1.9971	1.0001	0.9970	0.0000	0.0000	0.0000	1.9971	1.0001	0.9970	5.2550	1.9827	3.2724	0.0029	0.0029	0.0000	5.2521	1.9798	3.2724	0.2185	0.1851	0.0334	0.0100	0.0093	0.0007	0.2085	0.1759	0.0327	1.5159	0.9029	0.6130	0.3201	0.2647	0.0554	1.1958	0.6382	0.5576	2.6364	2.4601	5.5926	0.0000	0.0000	0.0000	2.1807	1.8334	5.2013	3.4665	2.1959	5.3380	0.0092	0.0110	0.0002	4.3921	3.1020	5.8688
40	58	0.1414	3	0	2	0	1	0	0	0	0	N	Y	N	N	N	N	N	N	N	N	N	N	9.8533	0.0000	1435.3852	0.0000	0.0000	8.1434	0.0000	1333.9406	4.6020	0.0000	30.1104	0.0000	0.0000	0.0000	4.8230	0.0000	30.7880	0.4671	0.7694	0.0210	0.0048	0.0058	0.0000	0.5923	1.0902	0.0231	inf	0.0185	0.5589	-0.2977	7.0019	5.0036	21.4344	36.7244	1.0000	0.0000	1.0000	0.0000	0.0000	0.0000	1.0000	0.0000	1.0000	0.6762	0.6640	0.0123	0.0015	0.0015	0.0000	0.6748	0.6625	0.0123	0.2173	0.1841	0.0332	0.0100	0.0092	0.0007	0.2073	0.1749	0.0325	1.4479	0.8630	0.5849	0.3086	0.2553	0.0533	1.1393	0.6077	0.5316	9.8533	0.0000	1435.3852	0.0000	0.0000	0.0000	8.1434	0.0000	1333.9406	0.4671	0.7694	0.0210	0.0048	0.0058	0.0000	0.5923	1.0902	0.0231	
40	59	0.5255	8	0	2	0	1	0	0	0	0	N	Y	N	N	N	N	N	N	N	N	N	N	1.3960	0.0000	16290.4921	0.4811	0.0000	319.5567	0.8739	0.0000	16381.3227	1.6288	0.0000	13.3929	0.0094	0.0000	0.1890	2.4377	0.0000	15.4800	1.1668	1.6260	0.0008	0.0196	0.0234	0.0006	2.7895	5.0258	0.0009	25952590.6163	0.0002	0.5599	-0.9196	7.0019	10.4254	21.4344	21.2017	1.0018	0.0000	1.0018	0.0019	0.0000	0.0019	0.9998	0.0000	0.9998	2.0071	2.0067	0.0004	0.0197	0.0196	0.0001	1.9873	1.9870	0.0003	0.6150	0.5402	0.0748	0.2049	0.1947	0.0102	0.4102	0.3456	0.0646	1.7201	1.2341	0.4860	1.0077	0.8388	0.1689	0.7124	0.3954	0.3171	1.3960	0.0000	16290.4921	0.4811	0.0000	319.5567	0.8739	0.0000	16381.3227	1.1668	1.6260	0.0008	0.0196	0.0234	0.0006	2.7895	5.0258	0.0009
40	60	0.1108	2	1	1	1	0	0	0	0	0	N	N	N	N	N	N	N	N	N	N	N	N	0.2014	0.0000	0.7944	0.0000	0.0000	0.0000	0.2757	0.8088	0.0003	0.0000	0.0021	0.0000	0.0000	0.0000	0.0003	0.0000	0.0021	0.0016	0.0008	0.0026	0.0046	0.0047	0.0031	0.0012	0.0000	0.0026	inf	2.1806	0.0000	0.0001	7.0019	1.9981	21.4344	3.0867	0.0000	0.0000	0.0000	0.0000	0.0000	0.0000	0.0000	0.0000	0.0000	0.0003	0.0001	0.0002	0.0001	0.0001	0.0000	0.0002	0.0000	0.0002	0.0959	0.0813	0.0146	0.0026	0.0024	0.0002	0.0934	0.0790	0.0144	0.2172	0.1278	0.0894	0.0248	0.0225	0.0023	0.1924	0.1054	0.0871	0.2014	0.0000	0.7944	0.0000	0.0000	0.0000	0.2757	0.0000	0.8088	0.0016	0.0008	0.0026	0.0046	0.0047	0.0031	0.0012	0.0000	0.0026	
40	62	0.0869	2	1	1	1	0	0	0	0	0	N	N	N	N	N	N	N	N	N	N	N	N	0.9230	0.0000	4.8715	0.0797	0.0000	115.0867	1.5676	0.0000	5.0046	4.5525	0.0000	32.9558	0.0633	0.0000	19.7246	7.3914	0.0000	33.0759	4.9325	2.6553	6.7650	0.7943	0.8257	0.1714	4.7150	2.9952	6.6091	inf	1.9063	0.0031	0.6039	7.0019	0.0060	21.4344	17.2393	0.0056	0.0000	0.0056	0.0000	0.0000	0.0000	0.0055	0.0000	0.0055	3.0570	1.0519	2.0051	0.0518	0.0512	0.0005	3.0052	1.0006	2.0046	0.0012	0.0011	0.0002	0.0005	0.0005	0.0000	0.0007	0.0006	0.0002	0.7026	0.3961	0.3064	0.0652	0.0621	0.0031	0.6374	0.3341	0.3033	1.0463	0.0000	5.0364	0.0797	0.0000	115.0867	1.5676	0.0000	5.0046	4.3512	2.6553	6.5435	0.7943	0.8257	0.1714	4.7150	2.9952	6.6091
40	63	0.1782	4	0	1	1	0	0	0	0	0	N	N	N	N	N	N	N	N	N	N	N	N	0.0000	0.0000	0.0000	0.0000	0.0000	0.0000	0.0000	0.0000	0.0000	0.0000	0.0000	0.0000	0.0000	0.0000	0.0000	0.0000	0.0000	0.0000	1.5009	1.3794	1.7640	0.3957	0.0011	2.4050	2.4765	3.2274	1.5574	0.5902	0.0000	-0.1363	7.0019	1.0230	21.4344	12.1924	0.0000	0.0000	0.0000	0.0000	0.0000	0.0000	0.0000	0.0000	0.0000	1.5628	0.9828	0.5800	0.1932	0.0004	0.1928	1.3696	0.9823	0.3872	0.0723	0.0631	0.0092	0.0184	0.0178	0.0006	0.0539	0.0453	0.0086	1.0413	0.7125	0.3288	0.4882	0.4081	0.0801	0.5530	0.3044	0.2487	0.0000	0.0000	0.0000	0.0000	0.0000	0.0000	0.0000	0.0000	0.0000	1.5009	1.3794	1.7640	0.3957	0.0011	2.4050	2.4765	3.2274	1.5574	
40	64	0.1414	3	0	1	0	0	0	0	0	0	N	N	N	N	N	N	N	N	N	N	N	N	0.0035	0.0006	0.0208	0.0000	0.0000	0.0000	0.0030	0.0004	0.0202	0.0018	0.0003	0.0102	0.0000	0.0000	0.0000	0.0019	0.0003	0.0105	0.5331	0.5597	0.4917	0.1892	0.1730	0.2728	0.6544	0.7762	0.5183	5.6667	0.5655	0.0001	-0.0340	7.0019	2.4556	21.4344	12.4191	0.0002	0.0000	0.0002	0.0000	0.0000	0.0000	0.0002	0.0000	0.0002	0.3504	0.2238	0.1266	0.0324	0.0248	0.0076	0.3180	0.1990	0.1190	0.1081	0.0915	0.0166	0.0051	0.0047	0.0004	0.1031	0.0868	0.0162	0.6574	0.3999	0.2575	0.1714	0.1435	0.0278	0.4860	0.2564	0.2296	0.0035	0.0006	0.0208	0.0000	0.0000	0.0000	0.0030	0.0004	0.0202	0.5331	0.5597	0.4917	0.1892	0.1730	0.2728	0.6544	0.7762	0.5183
40	65	0.2638	5	0	2	0	0	0	0	0	0	N	Y	N	N	N	N	N	N	N	N	N	N	1.7411	0.6175	4.0866	0.6312	0.3458	1.2135	1.4971	inf	4.2019	0.0464	0.0004	0.3352	0.0021	0.0004	0.0204	0.0652	0.0004	0.4066	0.0266	0.0006	0.0820	0.0033	0.0011	0.0168	0.0436	0.0000	0.0968	148.0000	66.0320	0.0025	0.0081	7.0019	1.7555	21.4344	11.9300	0.0045	0.0000	0.0044	0.0001	0.0000	0.0001	0.0044	0.0000	0.0044	0.0154	0.0002	0.0152	0.0008	0.0002	0.0006	0.0146	0.0000	0.0146	0.0964	0.0831	0.0132	0.0287	0.0263	0.0024	0.0676	0.0568	0.0108	0.5789	0.3937	0.1852	0.2433	0.2092	0.0341	0.3356	0.1845	0.1511	1.7411	0.6175	4.0866	0.6312	0.3458	1.2135	1.4971	inf	4.2019	0.0266	0.0006	0.0820	0.0033	0.0011	0.0168	0.0436	0.0000	0.0968
40	66	0.1390	5	1	2	1	0	0	0	0	0	N	Y	N	N	N	N	N	N	N	N	N	N	0.0000	0.0000	0.0000	0.0000	0.0000	0.0000	0.0000	0.0000	0.0000	0.0000	0.0000	0.0000	0.0000	0.0000	0.0000	0.0000	0.0000	0.0000	0.0000	0.0000	7.0019	0.0000	21.4344	0.0000	0.0000	0.0000	0.0000	0.0000	0.0000	0.0000	0.0000	0.0000	0.0000	0.0000	0.0000	0.0000	0.0000	0.0000	0.0000	0.0000	0.0000	0.0000	0.0000	0.0000	0.0000	0.0000	0.0000	0.0000	0.0000	0.0000	0.0000	0.0000	0.0000	0.0000	0.0000	0.0000	0.0000	0.0000	0.0000	0.0000	0.0000	0.0000	0.0000	0.0000	0.0000	0.0000	0.0000	0.0000	0.0000	0.0000	0.0000	0.0000	0.0000	0.0000	0.0000	0.0000	0.0000	0.0000											
40	67	0.7473	10	1	2	1	0	0	0	0	0	N	Y	N	N	N	N	N	N	N	N	N	N	0.0000	0.0000	0.0000	0.0000	0.0000	0.0000	0.0000	0.0000	0.0000	0.0000	0.0000	0.0000	0.0000	0.0000	0.0000	0.0000	0.0000	0.0000	0.0000	0.0000	7.0019	1.0000	21.4344	3.0000	0.0000	0.0000	0.0000	0.0000	0.0000	0.0000	0.0000	0.0000	0.0000	0.0000	0.0000	0.0000	0.0000	0.0000	0.0000	0.0000	0.0000	0.0000	0.0388	0.0336	0.0052	0.0097	0.0089	0.0008	0.0291	0.0246	0.0044	0.1221	0.0845	0.0376	0.0790	0.0616	0.0173	0.0431	0.0229	0.0202	0.0000	0.0000	0.0000	0.0000	0.0000	0.0000	0.0000	0.0000	0.0000	0.0000	0.0000	0.0000	0.0000	0.0000	0.0000	0.0000	0.0000	0.0000											
40	68	0.1390	5	1	2	1	0	0	0	0	0	N	Y	N	N	N	N	N	N	N	N	N	N	0.0000	0.0000	0.0000	0.0000	0.0000	0.0000	0.0000	0.0000	0.0000	0.0000	0.0000	0.0000	0.0000	0.0000	0.0000	0.0000	0.0000	0.0000	0.0000	0.0000	7.0019	1.0000	21.4344	0.0000	0.0000	0.0000	0.0000	0.0000	0.0000	0.0000	0.0000	0.0000	0.0000	0.0000	0.0000	0.0000	0.0000	0.0000	0.0000	0.0000	0.0000	0.0000	0.0476	0.0402	0.0074	0.0015	0.0014	0.0001	0.0461	0.0388	0.0073	0.0399	0.0232	0.0167	0.0080	0.0065	0.0015	0.0319	0.0166	0.0152	0.0000	0.0000	0.0000	0.0000	0.0000	0.0000	0.0000	0.0000	0.0000	0.0000	0.0000	0.0000	0.0000	0.0000	0.0000	0.0000	0.0000	0.0000											
40	69	0.1226	4	1	2	1	0	0	0	0	0	N	Y	N	N	N	N	N	N	N	N	N	N	18.0985	2356.0145	0.0000	11410.8874	10383.0008	0.0000	0.0000	0.3446	0.4060	0.0000	6.1062	6.3097	0.0000	0.0000	0.0000	0.0000	0.0190	0.0002	0.0497	0.0005	0.0006	0.0000	0.0236	0.0000	0.0530	0.0000	177.4658	-0.0078	0.0033	7.0019	1.0155	21.4344	5.9708	0.0177	0.0177	0.0000	0.0177	0.0177	0.0000	0.0000	0.0000	0.0000	0.0061	0.0000	0.0061	0.0000	0.0000	0.0000	0.0061	0.0000	0.0061	0.0514	0.0436	0.0078	0.0029	0.0028	0.0001	0.0485	0.0408	0.0077	0.3199	0.1981	0.1218	0.0638	0.0562	0.0076	0.2561	0.1419	0.1142	18.0985	2356.0145	0.0000	11410.8874	10383.0008	0.0000	0.0000	0.0000	0.0000	0.0190	0.0002	0.0497	0.0005	0.0006	0.0000	0.0236	0.0000	0.0530		
40	70	0.1178	3	1	1	1	0	0	0	0	0	N	N	N	N	N	N	N	N	N	N	N	N	9.9500	200.8261	0.3983	134.6698	130.5519	133.1455	5.2488	27797.5137	0.3778	6.4230	7.1649	0.7989	9.3089	9.3315	1.4872	5.0719	5.9467	0.7934	0.6455	0.0357	2.0056	0.0691	0.0715	0.0112	0.9663	0.0002	2.0998	0.0147	25.2065	-0.0138	0.0747	7.0019	0.0406	21.4344	2.3361	0.0324	0.0319	0.0005	0.0150	0.0150	0.0000	0.0174	0.0170	0.0005	0.1484	0.0057	0.1428	0.0057	0.0056	0.0000	0.1428	0.0000	0.1427	0.0050	0.0045	0.0006	0.0016	0.0016	0.0000	0.0034	0.0029	0.0006	0.2299	0.1588	0.0712	0.0822	0.0790	0.0032	0.1477	0.0798	0.0680	9.9500	200.8261	0.3983	134.6698	130.5519	133.1455	5.2488	27797.5137	0.3778	0.6455	0.0357	2.0056	0.0691	0.0715	0.0112	0.9663	0.0002	2.0998
40	71	0.7473	10	1	2	1	0	0	0	0	0	N	Y	N	N	N	N	N	N	N	N	N	N	0.0000	0.0000	0.0000	0.0000	0.0000	0.0000	0.0000	0.0000	0.0000	0.0000	0.0000	0.0000	0.0000	0.0000	0.0000	0.0000	0.0000	0.0000	0.0000	0.0000	7.0019	0.0000	21.4344	0.0000	0.0000	0.0000	0.0000	0.0000	0.0000	0.0000	0.0000	0.0000	0.0000	0.0000	0.0000	0.0000	0.0000	0.0000	0.0000	0.0000	0.0000	0.0000	0.0000	0.0000	0.0000	0.0000	0.0000	0.0000	0.0000	0.0000	0.0000	0.0000	0.0000	0.0000	0.0000	0.0000	0.0000	0.0000	0.0000	0.0000	0.0000	0.0000	0.0000	0.0000	0.0000	0.0000	0.0000	0.0000	0.0000	0.0000	0.0000	0.0000	0.0000	0.0000	0.0000	0.0000	0.0000	0.0000											
40	72	0.7292	9	1	2	1	0	0	0	0	0	N	Y	N	N	N	N	N	N	N	N	N	N	0.0000	0.0000	0.0000	0.0000	0.0000	0.0000	0.0000	0.0000	0.0000	0.0000	0.0000	0.0000	0.0000	0.0000	0.0000	0.0000	0.0000	0.0012	0.0016	0.0003	0.0010	0.0013	0.0000	0.0018	0.0028	0.0007	0.0826	0.0000	-0.0001	7.0019	3.9057	21.4344	1.1104	0.0000	0.0000	0.0000	0.0000	0.0000	0.0000	0.0000	0.0000	0.0000	0.0003	0.0002	0.0000	0.0002	0.0002	0.0000	0.0001	0.0001	0.0000	0.1724	0.1498	0.0225	0.0480	0.0447	0.0033	0.1243	0.1051	0.0192	0.2179	0.1530	0.0649	0.1606	0.1225	0.0381	0.0572	0.0305	0.0268	0.0000	0.0000	0.0000	0.0000	0.0000	0.0000	0.0000	0.0000	0.0000	0.0012	0.0016	0.0003	0.0010	0.0013	0.0000	0.0018	0.0028	0.0007		
40	73	0.5265	7	1	2	0	0	0	0	0	0	N	Y	N	N	N	N	N	N	N	N	N	N	3.3839	73.9373	4.0751	107.1608	37.3558	2097.7961	1.3855	17857.3436	1.5241	3.4578	2.0130	13.4549	3.8433	1.5217	25.7733	3.1583	2.4189	7.3483	1.0218	0.0272	3.3018	0.0359	0.0407	0.0123	2.2795	0.0001	4.8214	0.9660	52.9037	0.0927	0.5109	7.0019	6.9070	21.4344	16.5673	1.8461	0.9390	0.9070	0.8970	0.3212	0.5758	0.9490	0.6179	0.3312	0.9767	0.0181	0.9586	0.0192	0.0181	0.0011	0.9575	0.0000	0.9575	0.5339	0.4665	0.0674	0.2334	0.2111	0.0223	0.3005	0.2554	0.0451	0.9559	0.6655	0.2903	0.5358	0.4441	0.0917	0.4201	0.2215	0.1986	3.3839	73.9373	4.0751	107.1608	37.3558	2097.7961	1.3855	17857.3436	1.5241	1.0218	0.0272	3.3018	0.0359	0.0407	0.0123	2.2795	0.0001	4.8214
40	74	0.5904	9	0	2	0	1	0	0	0	0	N	Y	N	N	N	N	N	N	N	N	N	N	0.0026	0.0021	0.0000	0.0000	0.0000	0.0000	0.6586	0.4675	0.0000	0.0007	0.0008	0.0000	0.0000	0.0000	0.0000	0.0009	0.0011	0.0000	0.2628	0.3766	0.0004	0.4279	0.5235	0.0003	0.0014	0.0023	0.0004	0.0000	0.0004	-0.0001	-0.1084	7.0019	6.4226	21.4344	19.3377	0.0002	0.0002	0.0000	0.0000	0.0000	0.0000	0.0002	0.0002	0.0000	0.2367	0.2366	0.0001	0.2362	0.2362	0.0000	0.0005	0.0004	0.0001	0.3064	0.2639	0.0425	0.0747	0.0698	0.0049	0.2317	0.1941	0.0376	0.9004	0.6281	0.2723	0.5519	0.4511	0.1008	0.3485	0.1770	0.1714	0.0026	0.0021	0.0000	0.0000	0.0000	0.0000	0.6586	0.4675	0.0000	0.2628	0.3766	0.0004	0.4279	0.5235	0.0003	0.0014	0.0023	0.0004
40	75	0.5452	8	0	1	0	1	0	0	0	0	N	N	N	N	N	N	N	N	N	N	N	N	2.6147	2.4415	0.0000	0.0005	0.0004	0.0000	11.8431	633.3417	0.0000	2.7767	3.1624	0.0000	0.0008	0.0008	0.0000	3.8984	4.6022	0.0000	1.0619	1.2953	0.4877	1.6209	1.9211	0.0018	0.3292	0.0073	0.7030	0.0000	0.1530	-0.3642	-0.4105	7.0019	5.1932	21.4344	17.4397	0.8256	0.8256	0.0000	0.0001	0.0001	0.0000	0.8256	0.8256	0.0000	1.2604	1.0932	0.1672	1.0914	1.0912	0.0002	0.1691	0.0020	0.1671	0.2973	0.2611	0.0363	0.0856	0.0817	0.0039	0.2118	0.1794	0.0324	1.1869	0.8440	0.3429	0.6733	0.5680	0.1053	0.5136	0.2760	0.2376	2.6147	2.4415	0.0000	0.0005	0.0004	0.0000	11.8431	633.3417	0.0000	1.0619	1.2953	0.4877	1.6209	1.9211	0.0018	0.3292	0.0073	0.7030
40	76	0.5082	7	0	1	0	0	0	0	0	0	N	N	N	N	N	N	N	N	N	N	N	N	4.2524	15.3165	0.0399	1.2009	0.9411	37.3274	3.0063	32.5914	0.0005	0.6739	0.7704	0.0176	0.0592	0.0544	0.1570	0.9392	1.1223	0.0003	0.1585	0.0503	0.4421	0.0493	0.0578	0.0042	0.3124	0.0344	0.6632	0.0034	3.3522	-0.0783	0.0687	7.0019	4.4918	21.4344	17.5337	0.1788	0.1782	0.0006	0.0047	0.0041	0.0006	0.1741	0.1741	0.0000	0.2203	0.0506	0.1697	0.0401	0.0395	0.0005	0.1802	0.0111	0.1691	0.2654	0.2314	0.0340	0.0800	0.0762	0.0038	0.1854	0.1551	0.0303	1.3900	1.0062	0.3837	0.8131	0.6844	0.1287	0.5768	0.3218	0.2550	4.2524	15.3165	0.0399	1.2009	0.9411	37.3274	3.0063	32.5914	0.0005	0.1585	0.0503	0.4421	0.0493	0.0578	0.0042	0.3124	0.0344	0.6632
40	77	0.2373	6	0	1	0	1	0	0	0	0	N	N	N	N	N	N	N	N	N	N	N	N	0.0000	0.0000	0.0000	0.0000	0.0000	0.0000	0.0000	0.0000	0.0000	0.0000	0.0000	0.0000	0.0000	0.0000	0.0000	0.0000	0.0000	0.0000	3.1149	2.3650	4.6115	3.8534	4.5461	0.0213	2.6080	0.0265	5.6649	0.9770	0.0000	0.0706	7.0019	0.3745	21.4344	14.7996	0.0000	0.0000	0.0000	0.0000	0.0000	0.0000	0.0000	0.0000	0.0000	1.9701	0.9965	0.9736	0.9920	0.9911	0.0008	0.9781	0.0054	0.9727	0.0234	0.0207	0.0027	0.0053	0.0052	0.0002	0.0181	0.0156	0.0025	0.6325	0.4214	0.2111	0.2574	0.2180	0.0394	0.3750	0.2033	0.1717	0.0000	0.0000	0.0000	0.0000	0.0000	0.0000	0.0000	0.0000	0.0000	3.1149	2.3650	4.6115	3.8534	4.5461	0.0213	2.6080	0.0265	5.6649	
40	78	0.2150	5	0	1	0	1	0	0	0	0	N	N	N	N	N	N	N	N	N	N	N	N	0.0000	0.0000	0.0000	0.0000	0.0000	0.0000	0.0000	0.0000	0.0000	0.0000	0.0000	0.0000	0.0000	0.0000	0.0000	0.0000	0.0000	0.0000	0.7745	0.9946	0.3352	0.2233	0.1647	0.5229	1.1715	1.9143	0.2867	0.1689	0.0000	-0.1446	7.0019	1.4595	21.4344	10.3922	0.0000	0.0000	0.0000	0.0000	0.0000	0.0000	0.0000	0.0000	0.0000	0.4608	0.3942	0.0666	0.0556	0.0343	0.0213	0.4052	0.3599	0.0453	0.0744	0.0641	0.0103	0.0106	0.0100	0.0006	0.0637	0.0541	0.0097	0.5950	0.3963	0.1986	0.2491	0.2083	0.0408	0.3458	0.1880	0.1578	0.0000	0.0000	0.0000	0.0000	0.0000	0.0000	0.0000	0.0000	0.0000	0.7745	0.9946	0.3352	0.2233	0.1647	0.5229	1.1715	1.9143	0.2867	
40	79	0.2008	4	0	1	0	1	0	0	0	0	N	N	N	N	N	N	N	N	N	N	N	N	0.0008	0.0007	0.0000	0.0018	0.0017	0.0000	0.0008	0.0006	0.0000	0.0011	0.0013	0.0000	0.0027	0.0029	0.0000	0.0009	0.0010	0.0000	1.2857	1.7025	0.4301	1.5262	1.7069	0.5138	1.0941	1.6968	0.4085	0.0000	0.1230	-0.0000	-0.2071	7.0019	1.3861	21.4344	6.3168	0.0001	0.0001	0.0000	0.0000	0.0000	0.0000	0.0001	0.0001	0.0000	0.5937	0.5286	0.0650	0.3125	0.2966	0.0159	0.2812	0.2321	0.0491	0.0652	0.0555	0.0097	0.0074	0.0068	0.0006	0.0579	0.0487	0.0092	0.4617	0.3105	0.1512	0.2048	0.1737	0.0310	0.2570	0.1368	0.1202	0.0008	0.0007	0.0000	0.0018	0.0017	0.0000	0.0008	0.0006	0.0000	1.2857	1.7025	0.4301	1.5262	1.7069	0.5138	1.0941	1.6968	0.4085
40	80	0.1414	3	0	1	0	1	0	0	0	0	N	N	N	N	N	N	N	N	N	N	N	N	4.0044	5.8346	0.0004	0.0000	0.0000	0.0000	3.3140	4.1574	0.0004	5.7210	6.7551	0.0007	0.0000	0.0000	0.0000	5.9973	7.1137	0.0008	1.4287	1.1578	1.8373	0.1882	0.0096	1.0749	1.8097	1.7111	1.9210	0.0000	1.0522	-0.4411	0.0732	7.0019	4.0043	21.4344	19.8631	1.0000	1.0000	0.0000	0.0000	0.0000	0.0000	1.0000	1.0000	0.0000	1.3465	0.6561	0.6904	0.0417	0.0018	0.0399	1.3048	0.6543	0.6505	0.1748	0.1480	0.0268	0.0081	0.0075	0.0006	0.1667	0.1406	0.0262	0.9425	0.5667	0.3758	0.2214	0.1843	0.0371	0.7210	0.3824	0.3386	4.0044	5.8346	0.0004	0.0000	0.0000	0.0000	3.3140	4.1574	0.0004	1.4287	1.1578	1.8373	0.1882	0.0096	1.0749	1.8097	1.7111	1.9210
40	81	0.6820	9	0	2	1	0	0	0	0	0	N	Y	N	N	N	N	N	N	N	N	N	N	0.0000	0.0000	0.0000	0.0000	0.0000	0.0000	0.0000	0.0000	0.0000	0.0000	0.0000	0.0000	0.0000	0.0000	0.0000	0.0001	0.0002	0.0000	0.0001	0.0002	0.0000	0.0001	0.0002	0.0000	0.0000	0.0000	-0.0000	7.0019	2.0162	21.4344	4.5500	0.0000	0.0000	0.0000	0.0000	0.0000	0.0000	0.0000	0.0000	0.0000	0.0000	0.0000	0.0000	0.0000	0.0000	0.0000	0.0000	0.0000	0.0000	0.1077	0.0942	0.0135	0.0446	0.0416	0.0030	0.0631	0.0526	0.0105	0.2341	0.1616	0.0725	0.1495	0.1188	0.0308	0.0846	0.0428	0.0417	0.0000	0.0000	0.0000	0.0000	0.0000	0.0000	0.0000	0.0000	0.0000	0.0001	0.0002	0.0000	0.0001	0.0002	0.0000	0.0001	0.0002	0.0000				
40	82	0.1015	3	0	2	1	0	0	0	0	0	N	Y	N	N	N	N	N	N	N	N	N	N	0.0102	0.0097	0.0000	0.3404	0.3526	0.0000	0.0000	0.0000	0.0092	0.0109	0.0000	0.9370	0.9984	0.0000	0.0000	0.0000	0.0000	0.9061	1.1246	0.6012	2.7526	2.8315	0.0124	0.3292	0.0000	0.6107	0.0000	0.3830	-0.0006	-0.0715	7.0019	3.0011	21.4344	3.7015	0.0013	0.0013	0.0000	0.0013	0.0013	0.0000	0.0000	0.0000	0.0000	0.3942	0.2850	0.1092	0.2851	0.2850	0.0000	0.1091	0.0000	0.1091	0.1433	0.1210	0.0224	0.0014	0.0013	0.0001	0.1419	0.1196	0.0223	0.4350	0.2535	0.1816	0.1036	0.1007	0.0029	0.3315	0.1528	0.1787	0.0102	0.0097	0.0000	0.3404	0.3526	0.0000	0.0000	0.0000	0.0000	0.9061	1.1246	0.6012	2.7526	2.8315	0.0124	0.3292	0.0000	0.6107	
40	83	0.0901	2	0	2	0	0	0	0	0	0	N	Y	N	N	N	N	N	N	N	N	N	N	0.0113	0.0001	0.0764	0.0060	0.0063	0.0000	0.0205	0.0000	0.0760	0.0148	0.0001	0.0939	0.0155	0.0163	0.0000	0.0148	0.0000	0.0941	1.3054	1.3561	1.2295	2.5623	2.5850	0.0507	0.7212	0.0010	1.2379	142.1892	0.6052	0.0008	-0.0650	7.0019	2.0032	21.4344	4.2039	0.0014	0.0000	0.0014	0.0000	0.0000	0.0000	0.0014	0.0000	0.0014	0.7996	0.4981	0.3015	0.4980	0.4980	0.0001	0.3016	0.0002	0.3014	0.0967	0.0815	0.0151	0.0006	0.0006	0.0000	0.0960	0.0809	0.0151	0.6125	0.3673	0.2452	0.1944	0.1926	0.0017	0.4182	0.1747	0.2435	0.0113	0.0001	0.0764	0.0060	0.0063	0.0000	0.0205	0.0000	0.0760	1.3054	1.3561	1.2295	2.5623	2.5850	0.0507	0.7212	0.0010	1.2379
40	84	0.0869	2	1	1	1	0	0	0	0	0	N	N	N	N	N	N	N	N	N	N	N	N	0.0324	0.0000	0.0671	0.0791	0.0000	1.4878	0.0289	0.0000	0.0860	0.1127	0.0000	0.7227	0.0238	0.0000	0.3906	0.1150	0.0000	0.7260	3.4755	0.0836	10.7781	0.3005	0.3017	0.2626	3.9730	0.0183	8.4433	inf	71.8840	0.0031	0.5218	7.0019	1.0052	21.4344	4.9545	0.0056	0.0000	0.0056	0.0000	0.0000	0.0000	0.0055	0.0000	0.0055	0.9885	0.0136	0.9749	0.0116	0.0113	0.0003	0.9769	0.0023	0.9746	0.0494	0.0417	0.0077	0.0013	0.0012	0.0001	0.0482	0.0405	0.0076	0.2844	0.1622	0.1222	0.0385	0.0374	0.0012	0.2459	0.1249	0.1210	0.0324	0.0000	0.0906	0.0791	0.0000	1.4878	0.0289	0.0000	0.0902	3.4755	0.0836	7.9785	0.3005	0.3017	0.2626	3.9730	0.0183	8.0527
40	86	0.2353	4	1	2	0	0	0	0	0	0	N	Y	N	N	N	N	N	N	N	N	N	N	0.0132	0.0133	0.0021	0.0014	0.0000	0.6342	0.0147	0.0151	0.0002	0.0002	0.0002	0.0000	0.0000	0.0000	0.0006	0.0002	0.0003	0.0000	0.0143	0.0165	0.0090	0.0136	0.0158	0.0010	0.0147	0.0173	0.0110	0.0161	0.2334	-0.0000	-0.0032	7.0019	5.8060	21.4344	6.1034	0.0001	0.0001	0.0000	0.0000	0.0000	0.0000	0.0001	0.0001	0.0000	0.0119	0.0097	0.0023	0.0047	0.0046	0.0000	0.0073	0.0051	0.0022	0.3241	0.2737	0.0503	0.0463	0.0449	0.0013	0.2778	0.2288	0.0490	0.8364	0.5856	0.2508	0.3411	0.2920	0.0491	0.4952	0.2936	0.2016	0.0132	0.0133	0.0021	0.0014	0.0000	0.6342	0.0147	0.0151	0.0002	0.0143	0.0165	0.0090	0.0136	0.0158	0.0010	0.0147	0.0173	0.0110
40	87	0.1414	3	1	2	0	0	0	0	0	0	N	Y	N	N	N	N	N	N	N	N	N	N	1.1745	1.6211	0.0053	0.0000	0.0000	0.0000	0.9803	1.2364	0.0050	1.9422	2.2860	0.0108	0.0000	0.0000	0.0000	2.0343	2.4047	0.0110	1.6536	1.4101	2.0153	0.1610	0.1942	0.0001	2.0752	1.9449	2.2234	0.0008	0.9623	-0.4409	0.0656	7.0019	12.2869	21.4344	21.7146	1.0015	1.0007	0.0008	0.0000	0.0000	0.0000	1.0015	1.0007	0.0008	2.0481	1.0437	1.0044	0.0439	0.0439	0.0000	2.0042	0.9998	1.0044	0.5157	0.4377	0.0779	0.0233	0.0216	0.0017	0.4923	0.4161	0.0762	1.2386	0.7402	0.4984	0.2728	0.2261	0.0467	0.9658	0.5141	0.4517	1.1745	1.6211	0.0053	0.0000	0.0000	0.0000	0.9803	1.2364	0.0050	1.6536	1.4101	2.0153	0.1610	0.1942	0.0001	2.0752	1.9449	2.2234
40	88	0.0901	2	0	2	0	0	0	0	0	0	N	Y	N	N	N	N	N	N	N	N	N	N	0.0004	0.1130	0.0009	2.3807	6.5717	0.0000	0.0003	0.0009	0.0006	0.0001	0.0034	0.0086	0.0092	0.0000	0.0005	0.0000	0.0034	1.5479	0.0005	3.7660	0.0036	0.0014	0.1366	2.0242	0.0000	3.8008	10.0000	4784.3442	0.0001	0.7221	7.0019	4.0005	21.4344	9.0093	0.0001	0.0000	0.0001	0.0000	0.0000	0.0000	0.0001	0.0000	0.0001	1.3337	0.0003	1.3335	0.0007	0.0003	0.0005	1.3330	0.0000	1.3330	0.1909	0.1611	0.0298	0.0012	0.0011	0.0001	0.1898	0.1600	0.0297	0.8616	0.5076	0.3541	0.2031	0.1997	0.0034	0.6585	0.3078	0.3507	0.0004	0.1130	0.0009	2.3807	6.5717	0.0000	0.0003	0.0000	0.0009	1.5479	0.0005	3.7660	0.0036	0.0014	0.1366	2.0242	0.0000	3.8008	
40	90	0.2638	5	0	1	1	0	0	0	0	0	N	N	N	N	N	N	N	N	N	N	N	N	1.0570	0.3829	2.3584	0.4312	0.2394	0.7664	0.8605	inf	2.3801	0.0362	0.0003	0.2599	0.0018	0.0003	0.0179	0.0490	0.0003	0.3072	0.0343	0.0007	0.1102	0.0042	0.0014	0.0234	0.0570	0.0000	0.1291	148.0000	66.0320	0.0025	0.0081	7.0019	2.3559	21.4344	7.1930	0.0045	0.0000	0.0044	0.0001	0.0000	0.0001	0.0044	0.0000	0.0044	0.0154	0.0002	0.0152	0.0008	0.0002	0.0006	0.0146	0.0000	0.0146	0.1234	0.1064	0.0171	0.0335	0.0307	0.0028	0.0900	0.0757	0.0143	0.4503	0.3124	0.1379	0.1936	0.1690	0.0246	0.2567	0.1434	0.1133	1.0570	0.3829	2.3584	0.4312	0.2394	0.7664	0.8605	inf	2.3801	0.0343	0.0007	0.1102	0.0042	0.0014	0.0234	0.0570	0.0000	0.1291
40	91	0.2310	4	0	1	0	0	0	0	0	0	N	N	N	N	N	N	N	N	N	N	N	N	4.6406	39.1610	9.4894	1.2224	1.8323	2.2884	3.3533	906.0259	8.2651	5.6166	0.8330	39.8144	0.0900	0.0620	0.8051	7.8960	1.1964	43.6552	1.2103	0.0213	4.1957	0.0736	0.0338	0.3518	2.3547	0.0013	5.2818	6.6857	78.5609	0.8891	0.8057	7.0019	4.9284	21.4344	11.0439	2.0737	0.2698	1.8038	0.0097	0.0064	0.0033	2.0640	0.2634	1.8006	1.5228	0.0191	1.5037	0.0465	0.0187	0.0278	1.4764	0.0005	1.4759	0.3692	0.3239	0.0453	0.1078	0.1037	0.0041	0.2614	0.2201	0.0412	1.2582	0.8998	0.3584	0.6312	0.5523	0.0790	0.6270	0.3476	0.2794	4.6406	39.1610	9.4894	1.2224	1.8323	2.2884	3.3533	906.0259	8.2651	1.2103	0.0213	4.1957	0.0736	0.0338	0.3518	2.3547	0.0013	5.2818
40	92	0.1414	3	0	1	0	0	0	0	0	0	N	N	N	N	N	N	N	N	N	N	N	N	6.0961	102.8764	10.0596	0.0000	0.0000	0.0000	5.0739	80.1792	9.4935	11.2999	5.0936	45.6263	0.0000	0.0000	0.0000	11.8458	5.3642	46.6508	1.8536	0.0495	4.5356	0.1599	0.0102	0.8867	2.3347	0.0669	4.9140	1.6196	61.6218	0.3423	1.1828	7.0019	3.9161	21.4344	29.2065	1.9325	0.7377	1.1948	0.0000	0.0000	0.0000	1.9325	0.7377	1.1948	2.2501	0.0359	2.2141	0.0429	0.0023	0.0407	2.2071	0.0337	2.1735	0.1710	0.1448	0.0262	0.0079	0.0073	0.0006	0.1631	0.1375	0.0256	1.2139	0.7257	0.4882	0.2685	0.2226	0.0459	0.9454	0.5031	0.4423	6.0961	102.8764	10.0596	0.0000	0.0000	0.0000	5.0739	80.1792	9.4935	1.8536	0.0495	4.5356	0.1599	0.0102	0.8867	2.3347	0.0669	4.9140
40	93	0.6820	9	1	2	0	0	0	0	0	0	N	Y	N	N	N	N	N	N	N	N	N	N	0.0022	0.0017	0.0000	0.0034	0.0029	0.0000	0.0016	0.0011	0.0000	0.0036	0.0041	0.0000	0.0086	0.0093	0.0000	0.0001	0.0002	0.0000	1.6423	2.3826	0.0117	2.5203	3.2175	0.0055	0.0815	0.1416	0.0168	0.0000	0.0022	-0.0002	-0.2368	7.0019	2.5103	21.4344	7.4742	0.0005	0.0005	0.0000	0.0005	0.0005	0.0000	0.0000	0.0000	0.0000	0.5192	0.5180	0.0012	0.5099	0.5096	0.0002	0.0093	0.0084	0.0009	0.1281	0.1121	0.0161	0.0523	0.0487	0.0036	0.0758	0.0634	0.0124	0.3161	0.2174	0.0987	0.2023	0.1584	0.0439	0.1138	0.0590	0.0548	0.0022	0.0017	0.0000	0.0034	0.0029	0.0000	0.0016	0.0011	0.0000	1.6423	2.3826	0.0117	2.5203	3.2175	0.0055	0.0815	0.1416	0.0168
40	94	0.6457	8	0	2	0	0	0	0	0	0	N	Y	N	N	N	N	N	N	N	N	N	N	0.0009	0.0003	0.2842	0.0003	0.0002	0.4772	0.0227	0.0065	0.1833	0.0011	0.0006	0.0055	0.0005	0.0005	0.0012	0.0015	0.0006	0.0064	1.2961	1.8429	0.0193	1.9039	2.4274	0.0025	0.0660	0.0936	0.0349	1.2960	0.0045	0.0001	-0.2380	7.0019	7.1305	21.4344	3.2426	0.0005	0.0002	0.0003	0.0001	0.0001	0.0000	0.0004	0.0001	0.0003	0.5243	0.5220	0.0023	0.5155	0.5153	0.0001	0.0088	0.0066	0.0022	0.4058	0.3584	0.0474	0.1527	0.1443	0.0084	0.2531	0.2140	0.0391	0.4045	0.2832	0.1213	0.2708	0.2123	0.0585	0.1338	0.0709	0.0628	0.0009	0.0003	0.2842	0.0003	0.0002	0.4772	0.0227	0.0065	0.1833	1.2961	1.8429	0.0193	1.9039	2.4274	0.0025	0.0660	0.0936	0.0349
40	96	0.1414	3	0	1	0	0	0	0	0	0	N	N	N	N	N	N	N	N	N	N	N	N	0.0000	0.0000	0.0000	0.0000	0.0000	0.0000	0.0000	0.0000	0.0000	0.0000	0.0000	0.0000	0.0000	0.0000	0.0000	0.0000	0.0000	0.0000	2.3544	2.9086	1.5283	4.0517	4.6837	0.9695	1.8646	2.1092	1.5869	0.3525	0.0000	-0.5349	7.0019	11.9964	21.4344	18.8414	0.0000	0.0000	0.0000	0.0000	0.0000	0.0000	0.0000	0.0000	0.0000	2.7049	2.0000	0.7049	1.0424	1.0000	0.0424	1.6624	1.0000	0.6625	0.5041	0.4279	0.0762	0.0228	0.0211	0.0017	0.4813	0.4068	0.0745	1.1488	0.6876	0.4613	0.2573	0.2135	0.0438	0.8916	0.4741	0.4175	0.0000	0.0000	0.0000	0.0000	0.0000	0.0000	0.0000	0.0000	0.0000	2.3544	2.9086	1.5283	4.0517	4.6837	0.9695	1.8646	2.1092	1.5869	
40	98	0.0980	3	1	2	1	0	0	0	0	0	N	Y	N	N	N	N	N	N	N	N	N	N	1.9665	2.6160	0.0000	2.7250	2.9786	0.0000	0.0000	0.0000	17.4246	20.3432	0.0000	137.2461	142.6700	0.0000	0.0000	0.0000	0.0000	8.8609	7.7764	7.6279	50.3658	47.8980	0.0000	4.9588	3.1664	6.9183	0.0000	0.7691	-0.4186	-0.1087	7.0019	0.9502	21.4344	16.1595	0.9490	0.9490	0.0000	0.9490	0.9490	0.0000	0.0000	0.0000	0.0000	4.5970	2.5986	1.9984	1.5986	1.5986	0.0000	2.9984	1.0000	1.9984	0.0545	0.0467	0.0078	0.0069	0.0067	0.0003	0.0476	0.0400	0.0076	0.7061	0.4107	0.2953	0.1014	0.0949	0.0065	0.6047	0.3158	0.2889	2.6764	3.2155	0.0000	8.7072	8.4726	0.0000	0.0000	0.0000	0.0000	6.5106	6.3266	6.7664	15.7624	16.8389	0.0000	4.9588	3.1664	6.9183	
40	99	0.1414	3	0	2	0	0	0	0	0	0	N	Y	N	N	N	N	N	N	N	N	N	N	0.0000	0.0000	0.0000	0.0000	0.0000	0.0000	0.0000	0.0000	0.0000	0.0000	0.0000	0.0000	0.0000	0.0000	0.0000	2.6147	4.3606	0.0000	3.1546	3.7968	0.0000	2.4549	4.6216	0.0000	0.0000	0.0000	-1.2655	7.0019	11.9964	21.4344	15.6499	0.0000	0.0000	0.0000	0.0000	0.0000	0.0000	0.0000	0.0000	0.0000	2.7608	2.7608	0.0000	0.7608	0.7608	0.0000	2.0000	2.0000	0.0000	0.5041	0.4279	0.0762	0.0228	0.0211	0.0017	0.4813	0.4068	0.0745	1.0559	0.6331	0.4227	0.2412	0.2004	0.0408	0.8147	0.4327	0.3820	0.0000	0.0000	0.0000	0.0000	0.0000	0.0000	0.0000	0.0000	0.0000	2.6147	4.3606	0.0000	3.1546	3.7968	0.0000	2.4549	4.6216	0.0000				
40	100	0.1010	4	1	1	1	0	0	0	0	0	N	N	N	N	N	N	N	N	N	N	N	N	0.0105	0.5773	0.0000	0.0384	0.0391	0.0000	0.0097	inf	0.0000	0.0181	0.0214	0.0000	0.0062	0.0068	0.0000	0.0189	0.0225	0.0000	1.7195	0.0371	4.0098	0.1618	0.1743	0.0065	1.9573	0.0000	4.1051	0.0000	79.4463	-0.0004	0.5467	7.0019	1.0008	21.4344	13.9255	0.0009	0.0009	0.0000	0.0000	0.0000	0.0000	0.0009	0.0009	0.0000	1.0331	0.0128	1.0203	0.0129	0.0128	0.0000	1.0202	0.0000	1.0202	0.0491	0.0416	0.0075	0.0032	0.0029	0.0003	0.0459	0.0387	0.0073	0.6008	0.3464	0.2544	0.0796	0.0737	0.0059	0.5212	0.2727	0.2485	0.0105	0.5773	0.0000	0.0384	0.0391	0.0000	0.0097	inf	0.0000	1.7195	0.0371	4.0098	0.1618	0.1743	0.0065	1.9573	0.0000	4.1051
40	101	0.0980	3	1	1	1	0	0	0	0	0	N	N	N	N	N	N	N	N	N	N	N	N	6.2815	23.8317	0.0109	0.4781	0.4638	13.3652	8.5144	25179.1679	0.0006	4.8552	5.3943	0.0187	0.2155	0.2118	1.1325	7.8633	9.3913	0.0010	0.7729	0.2263	1.7146	0.4507	0.4567	0.0847	0.9235	0.0004	1.7377	0.0004	4.3969	-0.0228	0.0497	7.0019	0.0532	21.4344	2.0467	0.0518	0.0518	0.0000	0.0009	0.0009	0.0000	0.0509	0.0509	0.0000	0.1394	0.0258	0.1136	0.0259	0.0258	0.0001	0.1135	0.0000	0.1135	0.0107	0.0096	0.0011	0.0042	0.0042	0.0000	0.0065	0.0054	0.0011	0.1804	0.1141	0.0662	0.0574	0.0565	0.0009	0.1229	0.0576	0.0653	6.2815	23.8317	0.0109	0.4781	0.4638	13.3652	8.5144	25179.1679	0.0006	0.7729	0.2263	1.7146	0.4507	0.4567	0.0847	0.9235	0.0004	1.7377
40	102	0.0883	2	1	1	1	0	0	0	0	0	N	N	N	N	N	N	N	N	N	N	N	N	1.2296	1.9035	0.0037	3.0416	3.1690	0.6513	1.0023	1300.3864	0.0002	0.8858	1.0398	0.0037	4.7438	5.0101	0.1025	0.4902	0.5823	0.0002	0.7204	0.5463	1.0004	1.5596	1.5810	0.1574	0.4890	0.0004	1.0076	0.0006	1.1392	-0.0429	0.0161	7.0019	2.0948	21.4344	3.0326	0.0974	0.0973	0.0001	0.0485	0.0485	0.0001	0.0489	0.0489	0.0000	0.2170	0.1014	0.1156	0.1015	0.1014	0.0002	0.1155	0.0001	0.1154	0.1099	0.0936	0.0163	0.0102	0.0097	0.0006	0.0997	0.0839	0.0158	0.3012	0.1857	0.1155	0.0651	0.0641	0.0010	0.2361	0.1216	0.1146	1.2296	1.9035	0.0037	3.0416	3.1690	0.6513	1.0023	1300.3864	0.0002	0.7204	0.5463	1.0004	1.5596	1.5810	0.1574	0.4890	0.0004	1.0076
40	104	0.1737	4	0	2	0	0	0	0	0	0	N	Y	N	N	N	N	N	N	N	N	N	N	0.0135	0.0573	0.0212	0.0880	0.0000	0.9794	0.0066	inf	0.0000	0.0072	0.0039	0.0270	0.0176	0.0000	0.2012	0.0043	0.0051	0.0000	0.5377	0.0682	1.2754	0.1996	0.1985	0.2054	0.6500	0.0000	1.3957	1.1623	11.9025	0.0003	0.3664	7.0019	8.9557	21.4344	32.3127	0.0036	0.0017	0.0019	0.0019	0.0000	0.0019	0.0017	0.0017	0.0000	0.7894	0.0612	0.7282	0.0730	0.0612	0.0118	0.7163	0.0000	0.7163	0.4961	0.4247	0.0713	0.1098	0.1002	0.0096	0.3862	0.3245	0.0617	1.4681	0.8971	0.5709	0.3660	0.3083	0.0577	1.1021	0.5889	0.5132	0.0135	0.0573	0.0212	0.0880	0.0000	0.9794	0.0066	inf	0.0000	0.5377	0.0682	1.2754	0.1996	0.1985	0.2054	0.6500	0.0000	1.3957
40	105	0.1992	5	0	1	1	0	0	0	0	0	N	N	N	N	N	N	N	N	N	N	N	N	0.0000	0.0000	0.0000	0.0000	0.0000	0.0000	0.0000	0.0000	0.0000	0.0000	0.0000	0.0000	0.0000	0.0000	0.0000	0.0028	0.0046	0.0000	0.0069	0.0082	0.0000	0.0012	0.0024	0.0000	0.0000	0.0000	-0.0006	7.0019	4.2679	21.4344	7.8415	0.0000	0.0000	0.0000	0.0000	0.0000	0.0000	0.0000	0.0000	0.0000	0.0014	0.0014	0.0000	0.0009	0.0009	0.0000	0.0004	0.0004	0.0000	0.2260	0.1903	0.0357	0.0310	0.0294	0.0016	0.1950	0.1609	0.0341	0.4885	0.3008	0.1877	0.1361	0.1143	0.0218	0.3524	0.1865	0.1659	0.0000	0.0000	0.0000	0.0000	0.0000	0.0000	0.0000	0.0000	0.0000	0.0028	0.0046	0.0000	0.0069	0.0082	0.0000	0.0012	0.0024	0.0000				
40	106	0.1737	4	0	1	0	0	0	0	0	0	N	N	N	N	N	N	N	N	N	N	N	N	0.0044	0.0033	0.0000	0.0000	0.0000	0.0000	0.0072	0.0046	0.0000	0.0091	0.0105	0.0000	0.0000	0.0000	0.0000	0.0178	0.0213	0.0000	2.0631	3.2189	0.0033	1.2068	1.3766	0.0017	2.4684	4.6638	0.0035	0.0000	0.0006	-0.0007	-0.5334	7.0019	1.9301	21.4344	9.0954	0.0017	0.0017	0.0000	0.0000	0.0000	0.0000	0.0017	0.0017	0.0000	1.1651	1.1645	0.0007	0.2189	0.2189	0.0000	0.9462	0.9456	0.0006	0.1820	0.1584	0.0235	0.0885	0.0806	0.0079	0.0934	0.0778	0.0156	0.5647	0.3618	0.2030	0.1814	0.1590	0.0224	0.3833	0.2027	0.1806	0.0044	0.0033	0.0000	0.0000	0.0000	0.0000	0.0072	0.0046	0.0000	2.0631	3.2189	0.0033	1.2068	1.3766	0.0017	2.4684	4.6638	0.0035
40	107	0.1414	3	0	1	0	0	0	0	0	0	N	N	N	N	N	N	N	N	N	N	N	N	34.4836	25.0055	0.0000	0.0000	0.0000	0.0000	45.6943	28.8786	0.0000	5.8540	6.9124	0.0000	0.0000	0.0000	0.0000	6.1368	7.2797	0.0000	0.1698	0.2764	0.0028	0.2672	0.3185	0.0005	0.1343	0.2521	0.0031	0.0000	0.0065	-0.4404	-0.0470	7.0019	3.9049	21.4344	9.6098	0.9983	0.9983	0.0000	0.0000	0.0000	0.0000	0.9983	0.9983	0.0000	0.1039	0.1033	0.0007	0.0437	0.0436	0.0000	0.0603	0.0596	0.0007	0.1705	0.1444	0.0261	0.0079	0.0073	0.0006	0.1627	0.1371	0.0255	0.6123	0.3736	0.2387	0.1634	0.1371	0.0264	0.4489	0.2365	0.2124	34.4836	25.0055	0.0000	0.0000	0.0000	0.0000	45.6943	28.8786	0.0000	0.1698	0.2764	0.0028	0.2672	0.3185	0.0005	0.1343	0.2521	0.0031
40	108	0.1626	5	0	2	0	0	0	0	0	0	N	Y	N	N	N	N	N	N	N	N	N	N	0.0096	0.0000	0.0255	0.0000	0.0000	0.0000	0.0078	0.0000	0.0232	0.0083	0.0000	0.0555	0.0000	0.0000	0.0000	0.0093	0.0000	0.0582	0.8591	0.0328	2.1757	0.0031	0.0035	0.0011	1.1938	0.0503	2.5112	inf	41.5815	0.0017	0.5306	7.0019	8.0392	21.4344	22.6195	0.0031	0.0000	0.0031	0.0000	0.0000	0.0000	0.0031	0.0000	0.0031	1.0241	0.0241	1.0000	0.0010	0.0010	0.0001	1.0231	0.0231	1.0000	0.3753	0.3192	0.0561	0.0392	0.0366	0.0027	0.3361	0.2827	0.0534	1.1921	0.7324	0.4596	0.3351	0.2737	0.0614	0.8570	0.4588	0.3982	0.0096	0.0000	0.0255	0.0000	0.0000	0.0000	0.0078	0.0000	0.0232	0.8591	0.0328	2.1757	0.0031	0.0035	0.0011	1.1938	0.0503	2.5112
40	109	0.1626	4	0	1	0	0	0	0	0	0	N	N	N	N	N	N	N	N	N	N	N	N	1.5939	0.7233	94.7051	2.1174	1.9599	0.0000	1.3309	0.0000	91.5011	0.2634	0.1576	0.8025	0.3929	0.3966	0.0000	0.1981	0.0000	0.8180	0.1653	0.2179	0.0085	0.1856	0.2024	0.0059	0.1489	0.2365	0.0089	1.0000	0.0130	0.0004	-0.0209	7.0019	0.2031	21.4344	2.0398	0.0062	0.0031	0.0031	0.0031	0.0031	0.0000	0.0031	0.0000	0.0031	0.0469	0.0463	0.0006	0.0235	0.0235	0.0001	0.0234	0.0228	0.0005	0.0235	0.0197	0.0039	0.0079	0.0078	0.0001	0.0156	0.0119	0.0038	0.2838	0.2125	0.0713	0.1269	0.1160	0.0108	0.1569	0.0965	0.0604	1.5939	0.7233	94.7051	2.1174	1.9599	0.0000	1.3309	0.0000	91.5011	0.1653	0.2179	0.0085	0.1856	0.2024	0.0059	0.1489	0.2365	0.0089
40	110	0.7431	10	1	1	1	0	0	0	0	0	N	N	N	N	N	N	N	N	N	N	N	N	0.0000	0.0000	0.0000	0.0000	0.0000	0.0000	0.0000	0.0000	0.0000	0.0000	0.0000	0.0000	0.0000	0.0000	0.0000	0.0000	0.0000	0.0000	0.0000	0.0000	7.0019	0.0001	21.4344	0.0001	0.0000	0.0000	0.0000	0.0000	0.0000	0.0000	0.0000	0.0000	0.0000	0.0000	0.0000	0.0000	0.0000	0.0000	0.0000	0.0000	0.0000	0.0000	0.0048	0.0038	0.0010	0.0024	0.0024	0.0000	0.0024	0.0014	0.0010	0.0002	0.0001	0.0001	0.0001	0.0001	0.0000	0.0001	0.0000	0.0000	0.0000	0.0000	0.0000	0.0000	0.0000	0.0000	0.0000	0.0000	0.0000	0.0000	0.0000	0.0000	0.0000	0.0000	0.0000	0.0000	0.0000	0.0000											
40	111	0.7292	9	1	1	1	0	0	0	0	0	N	N	N	N	N	N	N	N	N	N	N	N	0.0000	0.0000	0.0000	0.0000	0.0000	0.0000	0.0000	0.0000	0.0000	0.0000	0.0000	0.0000	0.0000	0.0000	0.0000	0.0000	0.0000	0.0015	0.0020	0.0003	0.0013	0.0017	0.0000	0.0020	0.0030	0.0008	0.0701	0.0000	-0.0001	7.0019	1.6718	21.4344	2.9223	0.0000	0.0000	0.0000	0.0000	0.0000	0.0000	0.0000	0.0000	0.0000	0.0003	0.0003	0.0000	0.0002	0.0002	0.0000	0.0001	0.0001	0.0000	0.0854	0.0745	0.0109	0.0264	0.0248	0.0015	0.0591	0.0496	0.0094	0.2059	0.1446	0.0612	0.1527	0.1163	0.0364	0.0532	0.0284	0.0248	0.0000	0.0000	0.0000	0.0000	0.0000	0.0000	0.0000	0.0000	0.0000	0.0015	0.0020	0.0003	0.0013	0.0017	0.0000	0.0020	0.0030	0.0008		
40	112	0.6457	8	1	1	1	0	0	0	0	0	N	N	N	N	N	N	N	N	N	N	N	N	0.0000	0.0000	0.0000	0.0000	0.0000	0.0000	0.0000	0.0000	0.0000	0.0000	0.0000	0.0000	0.0000	0.0000	0.0000	0.0000	0.0000	0.0000	0.0064	0.0010	0.0188	0.0008	0.0009	0.0005	0.0168	0.0013	0.0347	8.2006	0.0000	0.0019	7.0019	14.0283	21.4344	7.1084	0.0000	0.0000	0.0000	0.0000	0.0000	0.0000	0.0000	0.0000	0.0000	0.0043	0.0005	0.0038	0.0003	0.0003	0.0000	0.0040	0.0002	0.0038	0.6571	0.5773	0.0799	0.2238	0.2099	0.0139	0.4333	0.3674	0.0660	0.6696	0.4654	0.2042	0.4344	0.3393	0.0951	0.2352	0.1260	0.1092	0.0000	0.0000	0.0000	0.0000	0.0000	0.0000	0.0000	0.0000	0.0000	0.0064	0.0010	0.0188	0.0008	0.0009	0.0005	0.0168	0.0013	0.0347	
40	113	0.5855	7	0	1	0	0	0	0	0	0	N	N	N	N	N	N	N	N	N	N	N	N	68.6754	87.9675	0.0000	0.1196	0.1047	0.0000	58.9209	81.5034	0.0000	1.8805	2.1219	0.0000	0.0017	0.0018	0.0000	2.8710	3.3667	0.0000	0.0274	0.0241	0.0352	0.0142	0.0171	0.0019	0.0487	0.0413	0.0574	0.0000	0.6064	-0.4391	-0.0016	7.0019	8.6129	21.4344	5.1709	0.9955	0.9955	0.0000	0.0003	0.0003	0.0000	0.9952	0.9952	0.0000	0.0193	0.0120	0.0073	0.0062	0.0060	0.0002	0.0131	0.0060	0.0071	0.5294	0.4692	0.0602	0.1828	0.1736	0.0092	0.3466	0.2956	0.0510	0.7040	0.4975	0.2065	0.4350	0.3525	0.0825	0.2690	0.1450	0.1241	68.6754	87.9675	0.0000	0.1196	0.1047	0.0000	58.9209	81.5034	0.0000	0.0274	0.0241	0.0352	0.0142	0.0171	0.0019	0.0487	0.0413	0.0574
40	114	0.4903	6	0	1	0	0	0	0	0	0	N	N	N	N	N	N	N	N	N	N	N	N	0.0837	0.1066	0.0023	0.3873	0.3449	0.0019	0.0487	0.0496	0.0018	0.1543	0.1770	0.0052	0.0211	0.0230	0.0000	0.2029	0.2378	0.0062	1.8436	1.6596	2.2472	0.0546	0.0667	0.0041	4.1701	4.7985	3.4560	0.0045	0.6173	-0.0530	-0.2061	7.0019	16.8607	21.4344	22.7724	0.1214	0.1208	0.0005	0.0044	0.0044	0.0000	0.1169	0.1164	0.0005	2.6875	1.6618	1.0258	0.0450	0.0443	0.0007	2.6426	1.6175	1.0251	0.7869	0.6829	0.1040	0.2106	0.1934	0.0172	0.5763	0.4895	0.0868	1.4578	1.0013	0.4565	0.8241	0.6642	0.1598	0.6337	0.3371	0.2966	0.0837	0.1066	0.0023	0.3873	0.3449	0.0019	0.0487	0.0496	0.0018	1.8436	1.6596	2.2472	0.0546	0.0667	0.0041	4.1701	4.7985	3.4560
40	115	0.1178	3	1	1	1	0	0	0	0	0	N	N	N	N	N	N	N	N	N	N	N	N	0.0000	0.0000	0.0000	0.0000	0.0000	0.0000	0.0000	0.0000	0.0000	0.0000	0.0000	0.0000	0.0000	0.0000	0.0000	0.0000	0.0010	0.0007	0.0016	0.0017	0.0018	0.0000	0.0008	0.0000	0.0017	1.1195	0.0000	0.0000	7.0019	1.0009	21.4344	4.0038	0.0000	0.0000	0.0000	0.0000	0.0000	0.0000	0.0000	0.0000	0.0000	0.0003	0.0002	0.0002	0.0002	0.0002	0.0000	0.0002	0.0000	0.0002	0.0507	0.0430	0.0077	0.0029	0.0028	0.0001	0.0478	0.0402	0.0076	0.3315	0.2169	0.1145	0.0962	0.0902	0.0059	0.2353	0.1267	0.1086	0.0000	0.0000	0.0000	0.0000	0.0000	0.0000	0.0000	0.0000	0.0000	0.0010	0.0007	0.0016	0.0017	0.0018	0.0000	0.0008	0.0000	0.0017			
40	116	0.0895	2	1	1	1	0	0	0	0	0	N	N	N	N	N	N	N	N	N	N	N	N	0.0827	1.3017	0.0077	0.0096	0.0086	0.2548	0.0813	180.8367	0.0073	0.1196	0.1349	0.0272	0.0029	0.0029	0.0040	0.1419	0.1649	0.0274	1.4456	0.1036	3.5440	0.3038	0.3372	0.0158	1.7454	0.0009	3.7510	0.0334	21.8707	-0.0062	0.4554	7.0019	1.8441	21.4344	10.4794	0.0153	0.0148	0.0005	0.0001	0.0001	0.0000	0.0152	0.0147	0.0005	0.9147	0.0400	0.8747	0.0400	0.0397	0.0002	0.8747	0.0002	0.8745	0.1278	0.1096	0.0182	0.0205	0.0203	0.0002	0.1073	0.0893	0.0180	0.6327	0.3859	0.2468	0.1316	0.1179	0.0137	0.5012	0.2680	0.2331	0.0827	1.3017	0.0077	0.0096	0.0086	0.2548	0.0813	180.8367	0.0073	1.4456	0.1036	3.5440	0.3038	0.3372	0.0158	1.7454	0.0009	3.7510
40	117	0.3776	4	0	2	0	1	0	0	0	0	N	Y	N	N	N	N	N	N	N	N	N	N	1.3879	2.1725	0.0000	0.0237	0.0215	0.0000	1.8801	43.3126	0.0000	1.6297	1.8662	0.0000	0.0261	0.0281	0.0000	2.3662	2.7934	0.0000	1.1743	0.8590	1.9142	1.1004	1.3027	0.0037	1.2585	0.0645	2.6490	0.0000	0.9495	-0.4394	0.0557	7.0019	10.5071	21.4344	20.2622	0.9961	0.9961	0.0000	0.0050	0.0050	0.0000	0.9911	0.9911	0.0000	1.9412	0.9957	0.9454	0.9695	0.9690	0.0005	0.9717	0.0268	0.9449	0.6112	0.5338	0.0774	0.1924	0.1790	0.0134	0.4188	0.3548	0.0640	1.6531	1.1592	0.4939	0.8810	0.7438	0.1372	0.7721	0.4154	0.3567	1.3879	2.1725	0.0000	0.0237	0.0215	0.0000	1.8801	43.3126	0.0000	1.1743	0.8590	1.9142	1.1004	1.3027	0.0037	1.2585	0.0645	2.6490
40	118	0.1414	3	0	2	0	1	0	0	0	0	N	Y	N	N	N	N	N	N	N	N	N	N	19.6483	6.9442	inf	0.0000	0.0000	16.0093	5.0484	inf	11.4682	6.7707	37.4538	0.0000	0.0000	0.0000	12.0220	7.1302	38.2950	0.5837	0.9750	0.0000	0.0058	0.0069	0.0000	0.7509	1.4124	0.0000	1.0000	0.0000	0.1178	-0.3043	7.0019	4.0036	21.4344	26.5072	2.0000	1.0000	1.0000	0.0000	0.0000	0.0000	2.0000	1.0000	1.0000	0.6640	0.6640	0.0000	0.0015	0.0015	0.0000	0.6625	0.6625	0.0000	0.1744	0.1477	0.0267	0.0080	0.0074	0.0006	0.1664	0.1402	0.0261	1.1376	0.6810	0.4566	0.2553	0.2119	0.0434	0.8822	0.4691	0.4132	19.6483	6.9442	inf	0.0000	0.0000	0.0000	16.0093	5.0484	inf	0.5837	0.9750	0.0000	0.0058	0.0069	0.0000	0.7509	1.4124	0.0000	
40	119	0.1798	4	0	2	0	0	0	0	0	0	N	Y	N	N	N	N	N	N	N	N	N	N	0.7888	1.5293	0.0000	0.0238	0.0234	0.0000	1.5054	241.3284	0.0000	4.0500	4.6970	0.0000	0.3313	0.3474	0.0000	5.1470	6.1620	0.0000	5.1341	3.0713	7.4841	13.8905	14.8470	0.2237	3.4191	0.0255	7.3753	0.0000	1.3456	-0.4494	0.5409	7.0019	3.8169	21.4344	21.2433	1.0188	1.0188	0.0000	0.0190	0.0190	0.0000	0.9998	0.9998	0.0000	4.6912	2.0000	2.6912	1.9971	1.9892	0.0079	2.6941	0.0108	2.6833	0.2516	0.2169	0.0347	0.0573	0.0546	0.0027	0.1943	0.1623	0.0320	1.0502	0.6512	0.3991	0.2623	0.2270	0.0352	0.7880	0.4241	0.3638	0.9067	1.5293	0.0000	0.0435	0.0396	0.0000	1.5054	241.3284	0.0000	4.4667	3.0713	6.7438	7.6143	8.7614	0.2237	3.4191	0.0255	7.3753
40	120	0.5255	8	0	2	0	0	0	0	0	0	N	Y	N	N	N	N	N	N	N	N	N	N	4.6288	1.9243	5930.3047	4.6987	3.9744	1188.3638	638.0912	0.0000	6931.2695	2.2786	1.3473	8.8105	4.0540	4.1792	1.9089	1.5227	0.0000	9.8592	0.4923	0.7002	0.0015	0.8628	1.0515	0.0016	0.0024	0.0032	0.0014	0.9323	0.0009	0.0798	-0.4709	7.0019	16.3276	21.4344	34.9199	1.9291	0.9983	0.9308	1.0249	0.9983	0.0266	0.9042	0.0000	0.9042	1.0293	1.0283	0.0009	1.0271	1.0268	0.0003	0.0021	0.0016	0.0006	0.8466	0.7410	0.1056	0.2528	0.2389	0.0139	0.5938	0.5021	0.0917	2.0909	1.4687	0.6221	1.1904	0.9765	0.2140	0.9004	0.4923	0.4082	4.6288	1.9243	5930.3047	4.6987	3.9744	1188.3638	638.0912	0.0000	6931.2695	0.4923	0.7002	0.0015	0.8628	1.0515	0.0016	0.0024	0.0032	0.0014
40	121	0.5082	7	0	2	0	0	0	0	0	0	N	Y	N	N	N	N	N	N	N	N	N	N	4.4380	1.5696	25.5540	1.2791	1.0262	137.3860	4.4500	1.5340	19.0738	0.3027	0.1105	1.5942	0.0687	0.0651	0.1338	0.3951	0.1307	1.7796	0.0682	0.0704	0.0624	0.0537	0.0635	0.0010	0.0888	0.0852	0.0933	2.1469	0.3347	0.0247	-0.0193	7.0019	6.1757	21.4344	14.5601	0.1023	0.0325	0.0698	0.0066	0.0059	0.0007	0.0957	0.0266	0.0691	0.0928	0.0695	0.0233	0.0428	0.0427	0.0001	0.0499	0.0268	0.0231	0.3380	0.2942	0.0438	0.0957	0.0908	0.0049	0.2423	0.2035	0.0389	1.3599	0.9871	0.3728	0.7974	0.6725	0.1248	0.5625	0.3145	0.2480	4.4380	1.5696	25.5540	1.2791	1.0262	137.3860	4.4500	1.5340	19.0738	0.0682	0.0704	0.0624	0.0537	0.0635	0.0010	0.0888	0.0852	0.0933
40	122	0.4552	6	0	1	0	0	0	0	0	0	N	N	N	N	N	N	N	N	N	N	N	N	1.1252	0.3893	4.3919	1.9243	0.5591	274.0469	0.7549	0.3733	2.2880	0.0362	0.0098	0.2167	0.0497	0.0168	0.5517	0.0299	0.0063	0.1561	0.0321	0.0253	0.0493	0.0258	0.0300	0.0020	0.0396	0.0167	0.0682	3.2106	0.7786	0.0051	-0.0010	7.0019	7.5400	21.4344	21.4192	0.0158	0.0038	0.0121	0.0069	0.0022	0.0047	0.0089	0.0016	0.0074	0.0490	0.0275	0.0214	0.0213	0.0210	0.0002	0.0277	0.0065	0.0212	0.4370	0.3814	0.0556	0.1385	0.1300	0.0085	0.2985	0.2514	0.0471	1.5228	1.0885	0.4343	0.8237	0.6998	0.1239	0.6991	0.3887	0.3104	1.1252	0.3893	4.3919	1.9243	0.5591	274.0469	0.7549	0.3733	2.2880	0.0321	0.0253	0.0493	0.0258	0.0300	0.0020	0.0396	0.0167	0.0682
40	126	0.1785	5	0	2	0	0	0	0	0	0	N	Y	N	N	N	N	N	N	N	N	N	N	1.2521	0.0000	9.3246	0.0001	0.0001	0.0000	1.4659	0.0000	8.3527	4.0520	0.0000	26.3416	0.0004	0.0004	0.0000	4.5339	0.0000	27.4432	3.2362	3.4882	2.8250	3.5627	4.3165	0.0004	3.0930	2.9222	3.2855	99823.0000	0.4962	0.5579	-0.3810	7.0019	5.0407	21.4344	17.1705	0.9982	0.0000	0.9982	0.0000	0.0000	0.0000	0.9982	0.0000	0.9982	3.0064	2.0094	0.9970	1.0093	1.0093	0.0000	1.9971	1.0001	0.9970	0.2464	0.2085	0.0379	0.0262	0.0247	0.0015	0.2202	0.1838	0.0364	0.9290	0.5761	0.3529	0.2833	0.2338	0.0495	0.6457	0.3422	0.3035	1.2521	0.0000	9.3246	0.0001	0.0001	0.0000	1.4659	0.0000	8.3527	3.2362	3.4882	2.8250	3.5627	4.3165	0.0004	3.0930	2.9222	3.2855
40	127	0.1626	4	0	2	0	0	0	0	0	0	N	Y	N	N	N	N	N	N	N	N	N	N	0.3504	0.0023	2.8008	0.0229	0.0209	0.0000	0.3395	0.0000	2.5179	0.0471	0.0003	0.3059	0.0020	0.0021	0.0000	0.0547	0.0000	0.3193	0.1344	0.1466	0.1092	0.0862	0.0987	0.0027	0.1611	0.1876	0.1268	164.5075	0.3612	0.0027	-0.0128	7.0019	1.9703	21.4344	6.2034	0.0049	0.0000	0.0049	0.0000	0.0000	0.0000	0.0049	0.0000	0.0049	0.0661	0.0486	0.0175	0.0151	0.0151	0.0001	0.0510	0.0335	0.0175	0.1051	0.0890	0.0161	0.0152	0.0145	0.0007	0.0899	0.0745	0.0154	0.4919	0.3313	0.1606	0.1756	0.1528	0.0228	0.3163	0.1785	0.1378	0.3504	0.0023	2.8008	0.0229	0.0209	0.0000	0.3395	0.0000	2.5179	0.1344	0.1466	0.1092	0.0862	0.0987	0.0027	0.1611	0.1876	0.1268
40	128	0.1414	3	0	1	0	0	0	0	0	0	N	N	N	N	N	N	N	N	N	N	N	N	14.3705	0.0000	117837.3848	0.0000	0.0000	0.0000	10.6644	0.0000	106204.1215	20.2888	0.0000	131.6294	0.0000	0.0000	0.0000	21.3361	0.0000	134.5483	1.4118	2.2803	0.0011	0.0216	0.0256	0.0000	2.0007	3.8183	0.0013	inf	0.0003	0.5572	-0.2950	7.0019	1.1032	21.4344	7.8190	0.9969	0.0000	0.9969	0.0000	0.0000	0.0000	0.9969	0.0000	0.9969	0.6440	0.6438	0.0002	0.0029	0.0029	0.0000	0.6411	0.6409	0.0002	0.0491	0.0416	0.0076	0.0024	0.0022	0.0002	0.0467	0.0393	0.0074	0.4562	0.2823	0.1738	0.1357	0.1145	0.0212	0.3204	0.1679	0.1526	14.3705	0.0000	117837.3848	0.0000	0.0000	0.0000	10.6644	0.0000	106204.1215	1.4118	2.2803	0.0011	0.0216	0.0256	0.0000	2.0007	3.8183	0.0013
40	129	0.4845	7	0	2	0	0	0	0	0	0	N	Y	N	N	N	N	N	N	N	N	N	N	0.0000	0.0000	0.0000	0.0000	0.0000	0.0000	0.0000	0.0000	0.0000	0.0000	0.0000	0.0000	0.0000	0.0000	0.0000	0.0000	0.0000	0.0000	0.0001	0.0001	0.0000	0.0001	0.0001	0.0000	0.0001	0.0001	0.0000	0.0734	0.0000	-0.0000	7.0019	1.0033	21.4344	0.8635	0.0000	0.0000	0.0000	0.0000	0.0000	0.0000	0.0000	0.0000	0.0000	0.0000	0.0000	0.0000	0.0000	0.0000	0.0000	0.0000	0.0000	0.0000	0.1518	0.1379	0.0139	0.0847	0.0804	0.0043	0.0671	0.0575	0.0096	0.4947	0.3860	0.1088	0.2760	0.2568	0.0192	0.2188	0.1292	0.0896	0.0000	0.0000	0.0000	0.0000	0.0000	0.0000	0.0000	0.0000	0.0000	0.0001	0.0001	0.0000	0.0001	0.0001	0.0000	0.0001	0.0001	0.0000	
40	130	0.4552	6	0	1	0	0	0	0	0	0	N	N	N	N	N	N	N	N	N	N	N	N	1.7614	0.7260	22.1201	3.7132	2.1448	137.2565	0.7758	0.0411	11.3219	0.0487	0.0247	0.2159	0.0982	0.0636	0.6436	0.0226	0.0017	0.1320	0.0276	0.0340	0.0098	0.0264	0.0296	0.0047	0.0291	0.0424	0.0117	1.2547	0.1023	0.0020	-0.0121	7.0019	5.5514	21.4344	9.9598	0.0171	0.0076	0.0095	0.0119	0.0073	0.0047	0.0052	0.0003	0.0049	0.0331	0.0301	0.0031	0.0177	0.0173	0.0004	0.0155	0.0128	0.0027	0.3523	0.3081	0.0442	0.1215	0.1143	0.0072	0.2308	0.1938	0.0369	1.1994	0.8843	0.3151	0.6679	0.5821	0.0857	0.5315	0.3022	0.2293	1.7614	0.7260	22.1201	3.7132	2.1448	137.2565	0.7758	0.0411	11.3219	0.0276	0.0340	0.0098	0.0264	0.0296	0.0047	0.0291	0.0424	0.0117
40	131	0.4248	5	0	1	0	0	0	0	0	0	N	N	N	N	N	N	N	N	N	N	N	N	24.5990	0.3435	371.9616	22.1353	0.6283	12971.2499	36.7229	0.3154	213.0121	1.0933	0.0182	8.5613	1.3011	0.0431	22.5906	1.0154	0.0078	6.6329	0.0444	0.0530	0.0230	0.0588	0.0685	0.0017	0.0277	0.0248	0.0311	67.7152	0.1732	0.3028	-0.0180	7.0019	9.1969	21.4344	13.4651	0.5563	0.0081	0.5482	0.1804	0.0056	0.1748	0.3758	0.0025	0.3734	0.0578	0.0493	0.0085	0.0412	0.0411	0.0002	0.0166	0.0082	0.0084	0.5088	0.4448	0.0640	0.1387	0.1309	0.0077	0.3701	0.3138	0.0563	1.3008	0.9300	0.3708	0.7018	0.5993	0.1024	0.5990	0.3307	0.2683	24.5990	0.3435	371.9616	22.1353	0.6283	12971.2499	36.7229	0.3154	213.0121	0.0444	0.0530	0.0230	0.0588	0.0685	0.0017	0.0277	0.0248	0.0311
40	132	0.2383	7	1	2	0	1	0	0	0	0	N	Y	N	N	N	N	N	N	N	N	N	N	inf	inf	inf	inf	21.3210	0.0000	140.6383	0.0000	0.0000	0.0000	23.1436	0.0000	146.3605	0.0000	0.0000	0.0000	0.0000	0.0000	0.0000	0.0000	0.0000	0.0000	inf	0.5589	0.0000	7.0019	1.0000	21.4344	3.0001	1.0000	0.0000	1.0000	0.0000	0.0000	0.0000	1.0000	0.0000	1.0000	0.0000	0.0000	0.0000	0.0000	0.0000	0.0000	0.0000	0.0000	0.0000	0.0469	0.0398	0.0071	0.0037	0.0034	0.0003	0.0432	0.0364	0.0068	0.1486	0.0880	0.0607	0.0343	0.0287	0.0056	0.1143	0.0592	0.0551	inf	0.0000	inf	0.0000	0.0000	0.0000	inf	0.0000	inf	0.0000	0.0000	0.0000	0.0000	0.0000	0.0000	0.0000	0.0000	0.0000						
40	133	0.6373	11	1	2	0	1	0	0	0	0	N	Y	N	N	N	N	N	N	N	N	N	N	0.0000	0.0000	0.0000	0.0000	0.0000	0.0000	0.0000	0.0000	0.0000	0.0000	0.0000	0.0000	0.0000	0.0000	0.0000	28.6543	0.0000	121.1932	0.0033	0.0000	0.0169	37.4622	0.0000	186.1762	inf	0.0000	0.5377	7.0019	0.0006	21.4344	1.9797	0.0000	0.0000	0.0000	0.0000	0.0000	0.0000	0.0000	0.0000	0.0000	0.9927	0.0000	0.9927	0.0001	0.0000	0.0001	0.9926	0.0000	0.9926	0.0001	0.0001	0.0000	0.0000	0.0000	0.0000	0.0000	0.0000	0.0000	0.0631	0.0432	0.0199	0.0366	0.0295	0.0071	0.0265	0.0137	0.0128	0.0000	0.0000	0.0000	0.0000	0.0000	0.0000	0.0000	0.0000	0.0000	15.7357	0.0000	49.8512	0.0033	0.0000	0.0169	37.4622	0.0000	77.5785				
40	134	0.6205	10	1	2	0	1	0	0	0	0	N	Y	N	N	N	N	N	N	N	N	N	N	0.0000	0.0000	0.0000	0.0000	0.0000	0.0000	0.0000	0.0000	0.0000	0.0000	0.0000	0.0000	0.0000	0.0000	0.0000	0.0320	0.0008	0.0964	0.0000	0.0000	0.0000	0.0748	0.0023	0.1527	60.7499	0.0000	0.0039	7.0019	2.0077	21.4344	6.0321	0.0000	0.0000	0.0000	0.0000	0.0000	0.0000	0.0000	0.0000	0.0000	0.0074	0.0001	0.0073	0.0000	0.0000	0.0000	0.0074	0.0001	0.0073	0.0914	0.0793	0.0121	0.0272	0.0251	0.0021	0.0642	0.0542	0.0100	0.2316	0.1560	0.0756	0.1326	0.1047	0.0279	0.0990	0.0513	0.0477	0.0000	0.0000	0.0000	0.0000	0.0000	0.0000	0.0000	0.0000	0.0000	0.0320	0.0008	0.0964	0.0000	0.0000	0.0000	0.0748	0.0023	0.1527				
40	135	0.6157	10	0	2	0	1	0	0	0	0	N	Y	N	N	N	N	N	N	N	N	N	N	9.1830	7.8045	0.0000	28.6199	24.4723	0.0000	0.0000	0.0000	0.0028	0.0033	0.0000	0.0102	0.0110	0.0000	0.0000	0.0000	0.0000	0.0003	0.0004	0.0001	0.0004	0.0004	0.0000	0.0002	0.0004	0.0001	0.0000	0.0870	-0.0002	-0.0000	7.0019	3.0348	21.4344	9.3583	0.0004	0.0004	0.0000	0.0004	0.0004	0.0000	0.0000	0.0000	0.0000	0.0001	0.0001	0.0000	0.0001	0.0001	0.0000	0.0000	0.0000	0.0000	0.1404	0.1211	0.0193	0.0394	0.0365	0.0029	0.1010	0.0846	0.0164	0.4027	0.2716	0.1311	0.2361	0.1872	0.0490	0.1666	0.0845	0.0821	9.1830	7.8045	0.0000	28.6199	24.4723	0.0000	0.0000	0.0000	0.0000	0.0003	0.0004	0.0001	0.0004	0.0004	0.0000	0.0002	0.0004	0.0001	
40	136	0.6014	9	0	1	0	1	0	0	0	0	N	N	N	N	N	N	N	N	N	N	N	N	137.0804	47.0277	1006.9784	0.0000	0.0000	214.7613	95.1755	721.8957	0.1708	0.0701	0.7532	0.0000	0.0000	0.0000	0.2486	0.1071	0.8608	0.0012	0.0015	0.0007	0.0013	0.0017	0.0000	0.0012	0.0011	0.0012	1.8571	0.2467	0.0001	-0.0001	7.0019	0.0433	21.4344	6.6805	0.0004	0.0001	0.0003	0.0000	0.0000	0.0000	0.0004	0.0001	0.0003	0.0003	0.0002	0.0000	0.0002	0.0002	0.0000	0.0001	0.0001	0.0000	0.0023	0.0020	0.0003	0.0007	0.0007	0.0000	0.0016	0.0013	0.0003	0.2028	0.1359	0.0668	0.1154	0.0904	0.0249	0.0874	0.0455	0.0419	137.0804	47.0277	1006.9784	0.0000	0.0000	0.0000	214.7613	95.1755	721.8957	0.0012	0.0015	0.0007	0.0013	0.0017	0.0000	0.0012	0.0011	0.0012	
40	137	0.2680	9	0	2	0	1	0	0	0	0	N	Y	N	N	N	N	N	N	N	N	N	N	0.0000	0.0000	0.0000	0.0000	0.0000	0.0000	0.0000	0.0000	0.0000	0.0000	0.0000	0.0000	0.0000	0.0000	0.0000	0.0000	0.0000	0.0000	0.0000	0.0000	7.0019	0.0000	21.4344	0.0000	0.0000	0.0000	0.0000	0.0000	0.0000	0.0000	0.0000	0.0000	0.0000	0.0000	0.0000	0.0000	0.0000	0.0000	0.0000	0.0000	0.0000	0.0000	0.0000	0.0000	0.0000	0.0000	0.0000	0.0000	0.0000	0.0000	0.0000	0.0000	0.0000	0.0000	0.0000	0.0000	0.0000	0.0000	0.0000	0.0000	0.0000	0.0000	0.0000	0.0000	0.0000	0.0000	0.0000	0.0000	0.0000	0.0000	0.0000	0.0000	0.0000	0.0000	0.0000	0.0000	0.0000	0.0000											
40	138	0.2629	8	0	2	0	1	0	0	0	0	N	Y	N	N	N	N	N	N	N	N	N	N	0.0000	0.0000	0.0000	0.0000	0.0000	0.0000	0.0000	0.0000	0.0000	0.0000	0.0000	0.0000	0.0000	0.0000	0.0000	0.0000	0.0000	0.0000	0.0000	0.0000	0.0000	0.0000	0.0000	0.0000	-0.0000	7.0019	0.0021	21.4344	2.0000	0.0000	0.0000	0.0000	0.0000	0.0000	0.0000	0.0000	0.0000	0.0000	0.0000	0.0000	0.0000	0.0000	0.0000	0.0000	0.0000	0.0000	0.0000	0.0003	0.0002	0.0000	0.0002	0.0002	0.0000	0.0001	0.0001	0.0000	0.0734	0.0442	0.0293	0.0190	0.0160	0.0030	0.0544	0.0281	0.0263	0.0000	0.0000	0.0000	0.0000	0.0000	0.0000	0.0000	0.0000	0.0000	0.0000	0.0000	0.0000	0.0000	0.0000	0.0000	0.0000	0.0000	0.0000						
40	139	0.2527	7	0	1	0	1	0	0	0	0	N	N	N	N	N	N	N	N	N	N	N	N	0.0000	0.0000	0.0000	0.0000	0.0000	0.0000	0.0000	0.0000	0.0000	0.0000	0.0000	0.0000	0.0000	0.0000	0.0000	0.0000	0.0006	0.0009	0.0002	0.0021	0.0026	0.0000	0.0001	0.0000	0.0002	0.1251	0.0000	-0.0000	7.0019	1.0020	21.4344	3.0181	0.0000	0.0000	0.0000	0.0000	0.0000	0.0000	0.0000	0.0000	0.0000	0.0001	0.0001	0.0000	0.0001	0.0001	0.0000	0.0000	0.0000	0.0000	0.0470	0.0399	0.0071	0.0039	0.0036	0.0003	0.0432	0.0364	0.0068	0.1490	0.0889	0.0601	0.0373	0.0313	0.0059	0.1118	0.0576	0.0542	0.0000	0.0000	0.0000	0.0000	0.0000	0.0000	0.0000	0.0000	0.0000	0.0006	0.0009	0.0002	0.0021	0.0026	0.0000	0.0001	0.0000	0.0002			
40	140	0.2383	7	0	2	0	0	0	0	0	0	N	Y	N	N	N	N	N	N	N	N	N	N	0.0000	0.0000	0.0000	0.0000	0.0000	0.0000	0.0000	0.0000	0.0000	0.0000	0.0000	0.0000	0.0000	9.2212	0.0000	39.5444	0.0000	0.0000	0.0000	8.7464	0.0000	39.0953	inf	0.0000	0.5416	7.0019	0.0000	21.4344	4.0001	0.0000	0.0000	0.0000	0.0000	0.0000	0.0000	0.0000	0.0000	0.0000	1.0000	0.0000	1.0000	0.0000	0.0000	0.0000	1.0000	0.0000	1.0000	0.0000	0.0000	0.0000	0.0000	0.0000	0.0000	0.0000	0.0000	0.0000	0.1486	0.0880	0.0607	0.0343	0.0287	0.0056	0.1143	0.0592	0.0551	0.0000	0.0000	0.0000	0.0000	0.0000	0.0000	0.0000	0.0000	0.0000	6.7277	0.0000	16.4796	0.0000	0.0000	0.0000	8.7464	0.0000	18.1485						
40	141	0.6160	9	0	2	0	0	0	0	0	0	N	Y	N	N	N	N	N	N	N	N	N	N	0.0000	0.0000	0.0000	0.0000	0.0000	0.0000	0.0000	0.0000	0.0000	0.0000	0.0000	0.0000	0.0000	0.0000	0.0000	0.0000	0.0000	0.0001	0.0001	0.0000	0.0001	0.0001	0.0000	0.0001	0.0002	0.0000	0.0001	0.0000	-0.0000	7.0019	1.0003	21.4344	5.0186	0.0000	0.0000	0.0000	0.0000	0.0000	0.0000	0.0000	0.0000	0.0000	0.0000	0.0000	0.0000	0.0000	0.0000	0.0000	0.0000	0.0000	0.0000	0.0456	0.0396	0.0060	0.0136	0.0125	0.0010	0.0320	0.0271	0.0050	0.1767	0.1191	0.0576	0.1011	0.0801	0.0211	0.0756	0.0391	0.0365	0.0000	0.0000	0.0000	0.0000	0.0000	0.0000	0.0000	0.0000	0.0000	0.0001	0.0001	0.0000	0.0001	0.0001	0.0000	0.0001	0.0002	0.0000		
40	142	0.2527	7	0	1	1	1	0	0	0	0	N	N	N	N	N	N	N	N	N	N	N	N	0.0000	0.0000	0.0000	0.0000	0.0000	0.0000	0.0000	0.0000	0.0000	0.0000	0.0000	0.0000	0.0000	0.0000	0.0000	0.0001	0.0000	0.0000	0.0000	0.0000	0.0000	0.0001	inf	0.0000	0.0000	7.0019	0.0001	21.4344	9.0026	0.0000	0.0000	0.0000	0.0000	0.0000	0.0000	0.0000	0.0000	0.0000	0.0000	0.0000	0.0000	0.0000	0.0000	0.0000	0.0000	0.0000	0.0000	0.0000	0.0000	0.0000	0.0000	0.0000	0.0000	0.0000	0.0000	0.0000	0.3265	0.1948	0.1317	0.0812	0.0682	0.0129	0.2453	0.1266	0.1188	0.0000	0.0000	0.0000	0.0000	0.0000	0.0000	0.0000	0.0000	0.0000	0.0000	0.0000	0.0001	0.0000	0.0000	0.0000	0.0000	0.0000	0.0001						
40	143	0.6014	9	0	1	1	1	0	0	0	0	N	N	N	N	N	N	N	N	N	N	N	N	0.0000	0.0000	0.0000	0.0000	0.0000	0.0000	0.0000	0.0000	0.0000	0.0000	0.0000	0.0000	0.0000	0.0000	0.0000	0.0000	0.0000	0.0002	0.0003	0.0000	0.0002	0.0003	0.0000	0.0002	0.0003	0.0000	0.0006	0.0000	-0.0000	7.0019	2.0061	21.4344	8.0425	0.0000	0.0000	0.0000	0.0000	0.0000	0.0000	0.0000	0.0000	0.0000	0.0001	0.0001	0.0000	0.0000	0.0000	0.0000	0.0000	0.0000	0.0000	0.0908	0.0784	0.0123	0.0250	0.0231	0.0019	0.0658	0.0553	0.0104	0.2968	0.1986	0.0982	0.1686	0.1320	0.0366	0.1282	0.0666	0.0616	0.0000	0.0000	0.0000	0.0000	0.0000	0.0000	0.0000	0.0000	0.0000	0.0002	0.0003	0.0000	0.0002	0.0003	0.0000	0.0002	0.0003	0.0000		
40	144	0.5923	8	0	1	0	1	0	0	0	0	N	N	N	N	N	N	N	N	N	N	N	N	0.0000	0.0000	0.0000	0.0000	0.0000	0.0000	0.0000	0.0000	0.0000	0.0000	0.0000	0.0000	0.0000	0.0000	0.0000	0.0000	0.0000	0.0027	0.0038	0.0000	0.0039	0.0046	0.0000	0.0013	0.0024	0.0000	0.0000	0.0000	-0.0002	7.0019	1.9550	21.4344	2.1189	0.0000	0.0000	0.0000	0.0000	0.0000	0.0000	0.0000	0.0000	0.0000	0.0005	0.0005	0.0000	0.0004	0.0004	0.0000	0.0001	0.0001	0.0000	0.0951	0.0820	0.0131	0.0313	0.0284	0.0029	0.0638	0.0536	0.0102	0.1927	0.1390	0.0537	0.1044	0.0893	0.0150	0.0883	0.0497	0.0386	0.0000	0.0000	0.0000	0.0000	0.0000	0.0000	0.0000	0.0000	0.0000	0.0027	0.0038	0.0000	0.0039	0.0046	0.0000	0.0013	0.0024	0.0000		
40	145	0.5923	8	0	1	1	1	0	0	0	0	N	N	N	N	N	N	N	N	N	N	N	N	0.0000	0.0000	0.0000	0.0000	0.0000	0.0000	0.0000	0.0000	0.0000	0.0000	0.0000	0.0000	0.0000	0.0000	0.0000	0.0000	0.0000	1.0959	1.6092	0.0000	1.9966	2.4781	0.0000	0.0003	0.0006	0.0000	0.0000	0.0000	-0.3236	7.0019	2.1261	21.4344	18.6477	0.0000	0.0000	0.0000	0.0000	0.0000	0.0000	0.0000	0.0000	0.0000	0.7060	0.7060	0.0000	0.7059	0.7059	0.0000	0.0001	0.0001	0.0000	0.1027	0.0886	0.0141	0.0335	0.0305	0.0031	0.0692	0.0582	0.0110	0.6442	0.4387	0.2055	0.3536	0.2849	0.0687	0.2907	0.1539	0.1368	0.0000	0.0000	0.0000	0.0000	0.0000	0.0000	0.0000	0.0000	0.0000	1.0959	1.6092	0.0000	1.9966	2.4781	0.0000	0.0003	0.0006	0.0000		
40	146	0.2527	7	0	1	1	1	0	0	0	0	N	N	N	N	N	N	N	N	N	N	N	N	0.0000	0.0000	0.0000	0.0000	0.0000	0.0000	0.0000	0.0000	0.0000	0.0000	0.0000	0.0000	0.0000	0.0000	0.0000	0.0001	0.0000	0.0000	0.0000	0.0000	0.0000	0.0001	inf	0.0000	0.0000	7.0019	2.0001	21.4344	5.9880	0.0000	0.0000	0.0000	0.0000	0.0000	0.0000	0.0000	0.0000	0.0000	0.0000	0.0000	0.0000	0.0000	0.0000	0.0000	0.0000	0.0000	0.0000	0.0934	0.0793	0.0141	0.0077	0.0071	0.0006	0.0858	0.0722	0.0135	0.2910	0.1736	0.1174	0.0724	0.0609	0.0115	0.2186	0.1127	0.1058	0.0000	0.0000	0.0000	0.0000	0.0000	0.0000	0.0000	0.0000	0.0000	0.0000	0.0000	0.0001	0.0000	0.0000	0.0000	0.0000	0.0000	0.0001						
40	147	0.2527	7	0	1	1	1	0	0	0	0	N	N	N	N	N	N	N	N	N	N	N	N	2.5941	0.0000	696563.6849	2.1374	0.0000	656101.9951	2.4568	0.0000	16.4693	0.0000	0.0000	0.0000	2.6758	0.0000	17.1723	0.9471	1.5858	0.0000	0.0000	0.0000	0.0000	1.2519	2.4120	0.0000	inf	0.0000	0.5589	-0.4584	7.0019	9.0001	21.4344	23.0169	1.0000	0.0000	1.0000	0.0000	0.0000	0.0000	1.0000	0.0000	1.0000	1.0000	1.0000	0.0000	0.0000	0.0000	0.0000	1.0000	1.0000	0.0000	0.4070	0.3463	0.0607	0.0333	0.0308	0.0025	0.3737	0.3155	0.0582	1.0559	0.6306	0.4253	0.2571	0.2160	0.0411	0.7988	0.4146	0.3842	2.5941	0.0000	696563.6849	0.0000	0.0000	0.0000	2.1374	0.0000	656101.9951	0.9471	1.5858	0.0000	0.0000	0.0000	0.0000	1.2519	2.4120	0.0000			
40	148	0.2273	6	0	1	0	1	0	0	0	0	N	N	N	N	N	N	N	N	N	N	N	N	0.0028	0.0000	0.0075	0.0340	0.0000	inf	0.0023	0.0070	0.0070	0.0000	0.0464	0.0013	0.0000	0.0181	0.0075	0.0000	0.0476	2.4812	0.0161	6.1567	0.0387	0.0455	0.0000	3.2886	0.0000	6.7770	inf	256.7741	0.0004	0.5202	7.0019	1.9990	21.4344	7.9526	0.0007	0.0000	0.0007	0.0000	0.0000	0.0000	0.0007	0.0000	0.0007	0.9674	0.0038	0.9636	0.0038	0.0038	0.0000	0.9636	0.0000	0.9636	0.0938	0.0796	0.0142	0.0076	0.0070	0.0006	0.0862	0.0726	0.0137	0.3899	0.2334	0.1565	0.0969	0.0825	0.0143	0.2930	0.1508	0.1422	0.0028	0.0000	0.0075	0.0340	0.0000	inf	0.0023	0.0000	0.0070	2.4812	0.0161	6.1567	0.0387	0.0455	0.0000	3.2886	0.0000	6.7770	
40	149	0.1954	5	1	2	0	0	0	0	0	0	N	Y	N	N	N	N	N	N	N	N	N	N	1.2214	0.0000	3.2673	0.0432	0.0000	18.6299	1.0974	0.0000	3.0775	1.3857	0.0000	9.4636	0.0032	0.0000	0.0954	1.6270	0.0000	9.7955	1.1344	0.0297	2.8964	0.0744	0.0858	0.0051	1.4826	0.0000	3.1829	inf	61.2232	0.2268	0.5361	7.0019	5.3497	21.4344	17.2225	0.4059	0.0000	0.4059	0.0001	0.0000	0.0001	0.4057	0.0000	0.4057	1.0201	0.0164	1.0037	0.0165	0.0164	0.0002	1.0036	0.0000	1.0036	0.2929	0.2500	0.0429	0.0435	0.0421	0.0015	0.2494	0.2080	0.0414	0.8992	0.5527	0.3465	0.2223	0.1911	0.0312	0.6769	0.3616	0.3153	1.2214	0.0000	3.2673	0.0432	0.0000	18.6299	1.0974	0.0000	3.0775	1.1344	0.0297	2.8964	0.0744	0.0858	0.0051	1.4826	0.0000	3.1829
40	150	0.2262	6	0	2	0	0	0	0	0	0	N	Y	N	N	N	N	N	N	N	N	N	N	0.7564	0.9162	0.0099	1.4315	1.3133	0.0017	0.0034	0.0095	1.2734	1.4610	0.0182	4.8493	5.0056	0.0000	0.0032	0.0000	0.0194	1.6835	1.5948	1.8446	3.3876	3.8116	0.0050	0.9404	0.0000	2.0383	0.0019	0.6369	-0.1519	-0.1131	7.0019	3.6794	21.4344	17.4287	0.3458	0.3452	0.0006	0.3452	0.3452	0.0000	0.0006	0.0000	0.0006	1.6322	0.9971	0.6351	0.9973	0.9971	0.0002	0.6349	0.0000	0.6349	0.2716	0.2362	0.0353	0.0712	0.0690	0.0022	0.2004	0.1673	0.0331	0.9695	0.6252	0.3443	0.2944	0.2616	0.0328	0.6751	0.3636	0.3115	0.7564	0.9162	0.0099	1.4315	1.3133	0.0017	0.0034	0.0000	0.0095	1.6835	1.5948	1.8446	3.3876	3.8116	0.0050	0.9404	0.0000	2.0383	
40	151	0.1954	5	0	2	0	0	0	0	0	0	N	Y	N	N	N	N	N	N	N	N	N	N	11.8737	45.8459	23.0943	102.0765	92.8498	7.5867	8.1470	9.8242	21.7704	7.4510	2.3757	37.1880	11.0393	11.3308	0.0458	6.6734	0.0931	38.3981	0.6275	0.0518	1.6103	0.1081	0.1220	0.0060	0.8191	0.0095	1.7638	2.6716	18.2038	0.4436	0.1879	7.0019	3.4464	21.4344	10.1316	1.5480	0.4216	1.1264	0.4085	0.4085	0.0000	1.1395	0.0132	1.1264	0.3837	0.0200	0.3638	0.0178	0.0177	0.0001	0.3659	0.0023	0.3636	0.2078	0.1775	0.0303	0.0370	0.0360	0.0010	0.1708	0.1414	0.0293	0.6115	0.3856	0.2259	0.1648	0.1451	0.0197	0.4467	0.2405	0.2062	11.8737	45.8459	23.0943	102.0765	92.8498	7.5867	8.1470	9.8242	21.7704	0.6275	0.0518	1.6103	0.1081	0.1220	0.0060	0.8191	0.0095	1.7638
40	152	0.6228	11	1	2	0	0	0	0	0	0	N	Y	N	N	N	N	N	N	N	N	N	N	0.0000	0.0000	0.0000	0.0000	0.0000	0.0000	0.0000	0.0000	0.0000	0.0000	0.0000	0.0000	0.0000	0.0002	0.0004	0.0000	0.0004	0.0005	0.0000	0.0000	0.0000	0.0000	0.0000	0.0000	-0.0000	7.0019	1.0143	21.4344	12.0086	0.0000	0.0000	0.0000	0.0000	0.0000	0.0000	0.0000	0.0000	0.0000	0.0001	0.0001	0.0000	0.0001	0.0001	0.0000	0.0000	0.0000	0.0000	0.0471	0.0409	0.0062	0.0143	0.0133	0.0011	0.0328	0.0277	0.0052	0.3675	0.2474	0.1201	0.2092	0.1652	0.0440	0.1583	0.0822	0.0761	0.0000	0.0000	0.0000	0.0000	0.0000	0.0000	0.0000	0.0000	0.0000	0.0002	0.0004	0.0000	0.0004	0.0005	0.0000	0.0000	0.0000	0.0000						
40	153	0.6205	10	1	2	0	0	0	0	0	0	N	Y	N	N	N	N	N	N	N	N	N	N	0.0000	0.0000	0.0000	0.0000	0.0000	0.0000	0.0000	0.0000	0.0000	0.0000	0.0000	0.0000	0.0000	0.0000	0.0000	0.0000	0.0000	0.0007	0.0010	0.0000	0.0006	0.0007	0.0000	0.0008	0.0015	0.0000	0.0004	0.0000	-0.0000	7.0019	0.9811	21.4344	0.0216	0.0000	0.0000	0.0000	0.0000	0.0000	0.0000	0.0000	0.0000	0.0000	0.0000	0.0000	0.0000	0.0000	0.0000	0.0000	0.0000	0.0000	0.0000	0.0451	0.0391	0.0060	0.0135	0.0124	0.0010	0.0316	0.0266	0.0050	0.0301	0.0203	0.0098	0.0173	0.0137	0.0036	0.0128	0.0066	0.0062	0.0000	0.0000	0.0000	0.0000	0.0000	0.0000	0.0000	0.0000	0.0000	0.0007	0.0010	0.0000	0.0006	0.0007	0.0000	0.0008	0.0015	0.0000		
40	154	0.6160	9	1	2	0	0	0	0	0	0	N	Y	N	N	N	N	N	N	N	N	N	N	0.0000	0.0000	0.0000	0.0000	0.0000	0.0000	0.0000	0.0000	0.0000	0.0000	0.0000	0.0000	0.0000	0.0000	0.0000	0.0000	0.0000	0.0004	0.0007	0.0000	0.0003	0.0004	0.0000	0.0007	0.0013	0.0000	0.0001	0.0000	-0.0000	7.0019	0.0083	21.4344	2.0001	0.0000	0.0000	0.0000	0.0000	0.0000	0.0000	0.0000	0.0000	0.0000	0.0000	0.0000	0.0000	0.0000	0.0000	0.0000	0.0000	0.0000	0.0000	0.0004	0.0004	0.0001	0.0002	0.0001	0.0000	0.0003	0.0002	0.0000	0.0614	0.0415	0.0199	0.0352	0.0280	0.0072	0.0262	0.0135	0.0127	0.0000	0.0000	0.0000	0.0000	0.0000	0.0000	0.0000	0.0000	0.0000	0.0004	0.0007	0.0000	0.0003	0.0004	0.0000	0.0007	0.0013	0.0000		
40	155	0.5923	8	0	2	0	0	0	0	0	0	N	Y	N	N	N	N	N	N	N	N	N	N	0.0000	0.0000	0.0000	0.0000	0.0000	0.0000	0.0000	0.0000	0.0000	0.0000	0.0000	0.0000	0.0000	0.0000	0.0000	0.0000	0.0000	0.0013	0.0019	0.0000	0.0019	0.0023	0.0000	0.0007	0.0012	0.0000	0.0000	0.0000	-0.0002	7.0019	2.9180	21.4344	7.4065	0.0000	0.0000	0.0000	0.0000	0.0000	0.0000	0.0000	0.0000	0.0000	0.0005	0.0005	0.0000	0.0004	0.0004	0.0000	0.0001	0.0001	0.0000	0.1380	0.1193	0.0188	0.0438	0.0400	0.0039	0.0942	0.0793	0.0149	0.3686	0.2558	0.1128	0.2022	0.1660	0.0362	0.1664	0.0898	0.0766	0.0000	0.0000	0.0000	0.0000	0.0000	0.0000	0.0000	0.0000	0.0000	0.0013	0.0019	0.0000	0.0019	0.0023	0.0000	0.0007	0.0012	0.0000		
40	156	0.5265	7	0	1	0	0	0	0	0	0	N	N	N	N	N	N	N	N	N	N	N	N	3.3540	1.7485	14010.4437	32.2968	24.8542	21799.1151	1.1580	0.2838	12341.2513	3.4027	2.5604	9.2025	4.7378	4.4231	7.7584	2.4458	1.1377	9.8531	1.0145	1.4643	0.0007	0.1467	0.1780	0.0004	2.1120	4.0093	0.0008	0.5220	0.0002	-0.1964	-0.4938	7.0019	8.2479	21.4344	19.7214	2.0009	1.3146	0.6863	1.1631	0.9834	0.1797	0.8378	0.3312	0.5066	1.0777	1.0775	0.0002	0.0870	0.0870	0.0000	0.9907	0.9905	0.0002	0.5880	0.5135	0.0746	0.2455	0.2223	0.0232	0.3425	0.2911	0.0514	1.0623	0.7358	0.3265	0.5932	0.4888	0.1044	0.4691	0.2471	0.2220	3.3540	1.7485	14010.4437	32.2968	24.8542	21799.1151	1.1580	0.2838	12341.2513	1.0145	1.4643	0.0007	0.1467	0.1780	0.0004	2.1120	4.0093	0.0008
40	157	0.4903	6	0	1	0	0	0	0	0	0	N	N	N	N	N	N	N	N	N	N	N	N	16.3774	13.9797	33.0570	4.3811	3.9396	6.6943	19.1437	25.9000	27.5289	3.3102	2.6715	7.5325	0.7815	0.8518	0.0364	4.4909	3.5877	9.5106	0.2021	0.1911	0.2279	0.1784	0.2162	0.0054	0.2346	0.1385	0.3455	0.4265	0.5104	-0.1937	-0.0254	7.0019	7.4725	21.4344	14.3153	1.3625	0.9551	0.4074	0.1024	0.1020	0.0004	1.2601	0.8532	0.4070	0.2105	0.1394	0.0711	0.1073	0.1067	0.0006	0.1032	0.0327	0.0706	0.4116	0.3575	0.0541	0.1310	0.1197	0.0113	0.2806	0.2378	0.0428	1.0416	0.7294	0.3122	0.6017	0.4937	0.1080	0.4399	0.2357	0.2042	16.3774	13.9797	33.0570	4.3811	3.9396	6.6943	19.1437	25.9000	27.5289	0.2021	0.1911	0.2279	0.1784	0.2162	0.0054	0.2346	0.1385	0.3455
40	158	0.4248	5	0	1	0	0	0	0	0	0	N	N	N	N	N	N	N	N	N	N	N	N	14.1628	27.1281	0.1802	56.9511	51.2121	3.8334	5.3255	19.4575	0.1434	1.3300	1.5193	0.0332	3.0060	3.1911	0.0068	0.7484	0.8755	0.0367	0.0939	0.0560	0.1841	0.0528	0.0623	0.0018	0.1405	0.0450	0.2560	0.0032	1.3813	-0.3546	0.0172	7.0019	11.6653	21.4344	19.4910	0.8098	0.8072	0.0026	0.4715	0.4714	0.0001	0.3383	0.3358	0.0025	0.1411	0.0593	0.0819	0.0422	0.0419	0.0002	0.0990	0.0173	0.0816	0.6088	0.5313	0.0776	0.1568	0.1477	0.0091	0.4520	0.3836	0.0684	1.5030	1.0583	0.4447	0.7986	0.6730	0.1257	0.7043	0.3853	0.3190	14.1628	27.1281	0.1802	56.9511	51.2121	3.8334	5.3255	19.4575	0.1434	0.0939	0.0560	0.1841	0.0528	0.0623	0.0018	0.1405	0.0450	0.2560
40	159	0.3776	4	0	1	0	0	0	0	0	0	N	N	N	N	N	N	N	N	N	N	N	N	10.9833	4.8054	40.5609	0.7447	0.7015	0.8233	13.2744	9.0339	38.9007	1.3030	0.4397	7.4397	0.0683	0.0710	0.0323	1.9913	0.6657	9.3017	0.1186	0.0915	0.1834	0.0917	0.1012	0.0393	0.1500	0.0737	0.2391	2.3803	0.8396	0.1668	-0.0004	7.0019	7.3933	21.4344	20.5306	0.6340	0.1876	0.4464	0.0119	0.0115	0.0004	0.6221	0.1760	0.4460	0.1887	0.1026	0.0861	0.0786	0.0734	0.0051	0.1101	0.0291	0.0810	0.4865	0.4265	0.0600	0.1741	0.1621	0.0121	0.3124	0.2644	0.0480	1.5901	1.1207	0.4694	0.8562	0.7254	0.1308	0.7339	0.3953	0.3386	10.9833	4.8054	40.5609	0.7447	0.7015	0.8233	13.2744	9.0339	38.9007	0.1186	0.0915	0.1834	0.0917	0.1012	0.0393	0.1500	0.0737	0.2391
40	160	0.1414	3	0	1	0	0	0	0	0	0	N	N	N	N	N	N	N	N	N	N	N	N	0.0105	0.0090	0.0183	0.0000	0.0000	0.0000	0.0090	0.0071	0.0171	0.0122	0.0108	0.0202	0.0000	0.0000	0.0000	0.0128	0.0114	0.0207	1.1686	1.2109	1.1071	0.1102	0.1338	0.0002	1.4243	1.6092	1.2093	0.3234	0.6274	-0.0026	-0.2002	7.0019	27.6416	21.4344	54.6365	0.0133	0.0100	0.0032	0.0000	0.0000	0.0000	0.0133	0.0100	0.0032	2.7477	1.6884	1.0593	0.0504	0.0504	0.0000	2.6973	1.6380	1.0593	1.0847	0.9244	0.1603	0.0489	0.0452	0.0036	1.0358	0.8791	0.1567	2.3513	1.3944	0.9569	0.4574	0.3765	0.0809	1.8938	1.0179	0.8759	0.0105	0.0090	0.0183	0.0000	0.0000	0.0000	0.0090	0.0071	0.0171	1.1686	1.2109	1.1071	0.1102	0.1338	0.0002	1.4243	1.6092	1.2093
40	161	0.2459	9	1	2	0	0	0	0	0	0	N	Y	N	N	N	N	N	N	N	N	N	N	0.0000	0.0000	0.0000	0.0000	0.0000	0.0000	0.0000	0.0000	0.0000	0.0000	0.0000	0.0000	0.0000	0.0000	0.0000	12.4973	0.0000	47.7060	0.0026	0.0000	0.0164	11.4037	0.0000	47.2477	inf	0.0000	0.5401	7.0019	0.0002	21.4344	3.0099	0.0000	0.0000	0.0000	0.0000	0.0000	0.0000	0.0000	0.0000	0.0000	0.9971	0.0000	0.9971	0.0001	0.0000	0.0001	0.9970	0.0000	0.9970	0.0000	0.0000	0.0000	0.0000	0.0000	0.0000	0.0000	0.0000	0.0000	0.1148	0.0686	0.0462	0.0274	0.0232	0.0043	0.0874	0.0455	0.0420	0.0000	0.0000	0.0000	0.0000	0.0000	0.0000	0.0000	0.0000	0.0000	8.6824	0.0000	21.5737	0.0026	0.0000	0.0164	11.4037	0.0000	23.7612				
40	162	0.2383	8	1	2	0	0	0	0	0	0	N	Y	N	N	N	N	N	N	N	N	N	N	0.0000	0.0000	0.0000	0.0000	0.0000	0.0000	0.0000	0.0000	0.0000	0.0000	0.0000	0.0000	0.0000	0.0000	0.0000	0.0262	0.0011	0.0628	0.0000	0.0000	0.0000	0.0341	0.0016	0.0691	41.1429	0.0000	0.0015	7.0019	0.9998	21.4344	2.0118	0.0000	0.0000	0.0000	0.0000	0.0000	0.0000	0.0000	0.0000	0.0000	0.0030	0.0001	0.0029	0.0000	0.0000	0.0000	0.0030	0.0001	0.0029	0.0469	0.0398	0.0071	0.0037	0.0034	0.0003	0.0432	0.0364	0.0068	0.1124	0.0665	0.0459	0.0260	0.0218	0.0042	0.0864	0.0448	0.0417	0.0000	0.0000	0.0000	0.0000	0.0000	0.0000	0.0000	0.0000	0.0000	0.0262	0.0011	0.0628	0.0000	0.0000	0.0000	0.0341	0.0016	0.0691				
40	163	0.2383	7	1	2	0	0	0	0	0	0	N	Y	N	N	N	N	N	N	N	N	N	N	0.0000	0.0000	0.0000	0.0000	0.0000	0.0000	0.0000	0.0000	0.0000	0.0000	0.0000	0.0000	0.0000	0.0000	0.0000	0.0000	0.0000	0.0000	0.0000	0.0000	7.0019	0.0000	21.4344	0.0003	0.0000	0.0000	0.0000	0.0000	0.0000	0.0000	0.0000	0.0000	0.0000	0.0000	0.0000	0.0000	0.0000	0.0000	0.0000	0.0000	0.0000	0.0000	0.0000	0.0000	0.0000	0.0000	0.0000	0.0000	0.0000	0.0000	0.0000	0.0000	0.0000	0.0000	0.0000	0.0000	0.0000	0.0000	0.0000	0.0000	0.0000	0.0000	0.0000	0.0000	0.0000	0.0000	0.0000	0.0000	0.0000	0.0000	0.0000	0.0000	0.0000	0.0000	0.0000	0.0000	0.0000	0.0000											
40	164	0.2273	6	0	2	0	0	0	0	0	0	N	Y	N	N	N	N	N	N	N	N	N	N	3.9039	0.0000	35461.6608	0.0470	0.0000	inf	17112.8959	32072.9306	0.8140	0.0000	4.6972	0.0355	0.0000	4.7403	1.2287	0.0000	4.6965	0.2085	0.3430	0.0001	0.7543	0.8724	0.0000	0.0001	0.0000	0.0001	inf	0.0002	0.0004	-0.0184	7.0019	0.0063	21.4344	4.3641	0.0007	0.0000	0.0007	0.0000	0.0000	0.0000	0.0007	0.0000	0.0007	0.0401	0.0401	0.0000	0.0401	0.0401	0.0000	0.0000	0.0000	0.0000	0.0008	0.0007	0.0001	0.0003	0.0003	0.0000	0.0005	0.0004	0.0001	0.1923	0.1169	0.0754	0.0531	0.0459	0.0072	0.1391	0.0709	0.0682	3.9039	0.0000	35461.6608	0.0470	0.0000	inf	17112.8959	0.0000	32072.9306	0.2085	0.3430	0.0001	0.7543	0.8724	0.0000	0.0001	0.0000	0.0001	
40	165	0.1954	5	0	1	0	0	0	0	0	0	N	N	N	N	N	N	N	N	N	N	N	N	1.3525	0.0010	99.5485	0.0017	0.0011	8642.6843	35.9062	0.1835	93.6225	2.4487	0.0028	16.8618	0.0158	0.0119	0.1990	3.0713	0.0000	17.3635	1.8105	2.7595	0.1694	9.4912	10.5992	0.0000	0.0855	0.0002	0.1855	1023.3668	0.0355	0.2265	-0.4430	7.0019	2.5207	21.4344	10.0226	0.4060	0.0004	0.4056	0.0005	0.0004	0.0001	0.4055	0.0000	0.4055	1.0446	1.0088	0.0358	1.0088	1.0088	0.0000	0.0359	0.0000	0.0358	0.1658	0.1417	0.0241	0.0338	0.0331	0.0007	0.1320	0.1087	0.0234	0.5770	0.3656	0.2114	0.1578	0.1395	0.0183	0.4192	0.2261	0.1931	1.3525	0.0010	99.5485	0.0025	0.0016	8642.6843	35.9062	0.1835	93.6225	1.8105	2.7595	0.1694	6.3919	7.2319	0.0000	0.0855	0.0002	0.1855
40	166	0.1798	4	0	1	0	0	0	0	0	0	N	N	N	N	N	N	N	N	N	N	N	N	19.5924	0.3401	111.6586	0.6352	0.6712	0.3012	35.1770	0.0198	130.5129	2.9522	0.0440	21.5932	0.1436	0.1459	0.0949	3.9825	0.0011	23.6819	0.1507	0.1294	0.1934	0.2260	0.2173	0.3151	0.1132	0.0567	0.1815	76.5163	0.7428	0.3234	-0.0022	7.0019	2.6894	21.4344	4.6619	0.5923	0.0076	0.5846	0.0077	0.0075	0.0002	0.5845	0.0001	0.5844	0.0699	0.0401	0.0298	0.0348	0.0305	0.0043	0.0351	0.0096	0.0255	0.2006	0.1735	0.0271	0.0538	0.0514	0.0024	0.1468	0.1221	0.0247	0.4639	0.3098	0.1541	0.1541	0.1403	0.0138	0.3098	0.1695	0.1403	19.5924	0.3401	111.6586	0.6352	0.6712	0.3012	35.1770	0.0198	130.5129	0.1507	0.1294	0.1934	0.2260	0.2173	0.3151	0.1132	0.0567	0.1815
40	167	0.1414	3	0	1	0	0	0	0	0	0	N	N	N	N	N	N	N	N	N	N	N	N	0.0741	0.0006	10.5708	0.0000	0.0000	0.0000	0.0592	0.0004	9.9192	0.1476	0.0019	0.9514	0.0000	0.0000	0.0000	0.1548	0.0020	0.9727	1.9909	3.1879	0.0900	0.3784	0.4447	0.0280	2.6153	4.8866	0.0981	89.7000	0.0178	0.0099	-0.4730	7.0019	2.7966	21.4344	8.5340	0.0181	0.0002	0.0179	0.0000	0.0000	0.0000	0.0181	0.0002	0.0179	1.0728	1.0540	0.0187	0.0569	0.0562	0.0007	1.0159	0.9978	0.0181	0.1229	0.1040	0.0189	0.0057	0.0053	0.0004	0.1172	0.0987	0.0184	0.5388	0.3306	0.2082	0.1504	0.1265	0.0240	0.3884	0.2042	0.1842	0.0741	0.0006	10.5708	0.0000	0.0000	0.0000	0.0592	0.0004	9.9192	1.9909	3.1879	0.0900	0.3784	0.4447	0.0280	2.6153	4.8866	0.0981
41	42	0.6473	8	0	2	0	0	0	0	0	0	N	Y	N	N	N	N	N	N	N	N	N	N	0.0000	0.0000	0.0000	0.0000	0.0000	0.0000	0.0000	0.0000	0.0000	0.0000	0.0000	0.0000	0.0000	0.0002	0.0004	0.0000	0.0004	0.0005	0.0000	0.0000	0.0000	0.0000	0.0000	0.0000	-0.0000	8.1446	5.9981	10.2519	11.5875	0.0000	0.0000	0.0000	0.0000	0.0000	0.0000	0.0000	0.0000	0.0000	0.0001	0.0001	0.0000	0.0001	0.0001	0.0000	0.0000	0.0000	0.0000	0.3821	0.3369	0.0451	0.1408	0.1329	0.0079	0.2413	0.2040	0.0372	0.4198	0.2911	0.1288	0.2793	0.2164	0.0629	0.1406	0.0747	0.0659	0.0000	0.0000	0.0000	0.0000	0.0000	0.0000	0.0000	0.0000	0.0000	0.0002	0.0004	0.0000	0.0004	0.0005	0.0000	0.0000	0.0000	0.0000						
41	43	0.7310	8	0	2	1	1	0	0	0	0	N	Y	N	N	N	N	N	N	N	N	N	N	9.7265	3501.8617	0.0000	4327.5792	5565.8465	0.0000	0.0004	inf	0.0000	0.0006	0.0007	0.0000	0.0017	0.0018	0.0000	0.0000	0.0000	0.0000	0.0001	0.0000	0.0002	0.0000	0.0000	0.0000	0.0001	0.0000	0.0003	0.0000	440.9402	-0.0000	0.0000	8.1446	1.0007	10.2519	2.4334	0.0000	0.0000	0.0000	0.0000	0.0000	0.0000	0.0000	0.0000	0.0000	0.0000	0.0000	0.0000	0.0000	0.0000	0.0000	0.0000	0.0000	0.0000	0.0620	0.0544	0.0076	0.0231	0.0218	0.0013	0.0389	0.0326	0.0063	0.1226	0.0876	0.0350	0.0610	0.0559	0.0052	0.0616	0.0318	0.0298	9.7265	3501.8617	0.0000	4327.5792	5565.8465	0.0000	0.0004	inf	0.0000	0.0001	0.0000	0.0002	0.0000	0.0000	0.0000	0.0001	0.0000	0.0003
41	44	0.6938	7	0	1	0	1	0	0	0	0	N	N	N	N	N	N	N	N	N	N	N	N	50.3424	248.9525	0.0000	831.7895	949.9890	0.0000	0.0234	0.1236	0.0000	0.3525	0.4075	0.0000	0.7294	0.8252	0.0000	0.0003	0.0004	0.0000	0.0070	0.0016	0.0198	0.0009	0.0009	0.0009	0.0142	0.0032	0.0258	0.0000	5.0772	-0.0133	0.0015	8.1446	1.0391	10.2519	15.0482	0.0301	0.0301	0.0000	0.0301	0.0301	0.0000	0.0000	0.0000	0.0000	0.0040	0.0007	0.0034	0.0003	0.0002	0.0000	0.0038	0.0004	0.0033	0.0855	0.0739	0.0115	0.0413	0.0365	0.0048	0.0442	0.0374	0.0067	0.5772	0.4063	0.1709	0.3125	0.2710	0.0415	0.2647	0.1353	0.1294	50.3424	248.9525	0.0000	831.7895	949.9890	0.0000	0.0234	0.1236	0.0000	0.0070	0.0016	0.0198	0.0009	0.0009	0.0009	0.0142	0.0032	0.0258
41	45	0.5734	6	0	2	0	0	0	0	0	0	N	Y	N	N	N	N	N	N	N	N	N	N	0.0000	0.0000	0.0000	0.0000	0.0000	0.0000	0.0000	0.0000	0.0000	0.0000	0.0000	0.0000	0.0000	0.0000	0.0000	0.0000	0.0004	0.0001	0.0012	0.0001	0.0002	0.0000	0.0009	0.0000	0.0018	4.6845	0.0000	0.0001	8.1446	12.0036	10.2519	21.9053	0.0000	0.0000	0.0000	0.0000	0.0000	0.0000	0.0000	0.0000	0.0000	0.0003	0.0000	0.0002	0.0000	0.0000	0.0000	0.0002	0.0000	0.0002	0.6894	0.6065	0.0829	0.2315	0.2191	0.0124	0.4579	0.3874	0.0705	0.6524	0.4502	0.2022	0.3788	0.3098	0.0690	0.2736	0.1404	0.1332	0.0000	0.0000	0.0000	0.0000	0.0000	0.0000	0.0000	0.0000	0.0000	0.0004	0.0001	0.0012	0.0001	0.0002	0.0000	0.0009	0.0000	0.0018			
41	46	0.3569	8	1	2	0	0	0	0	0	0	N	Y	N	N	N	N	N	N	N	N	N	N	0.0000	0.0000	0.0000	0.0000	0.0000	0.0000	0.0000	0.0000	0.0000	0.0000	0.0000	0.0000	0.0000	0.0000	0.0000	0.0000	0.0000	0.0000	0.0000	0.0000	0.0000	0.0000	0.0000	0.0000	inf	0.0000	0.0000	8.1446	2.0120	10.2519	1.9924	0.0000	0.0000	0.0000	0.0000	0.0000	0.0000	0.0000	0.0000	0.0000	0.0000	0.0000	0.0000	0.0000	0.0000	0.0000	0.0000	0.0000	0.0000	0.1343	0.1173	0.0170	0.0424	0.0399	0.0024	0.0919	0.0773	0.0146	0.0818	0.0509	0.0308	0.0177	0.0155	0.0022	0.0641	0.0354	0.0287	0.0000	0.0000	0.0000	0.0000	0.0000	0.0000	0.0000	0.0000	0.0000	0.0000	0.0000	0.0000	0.0000	0.0000	0.0000	0.0000	0.0000	0.0000				
41	47	0.6779	12	1	2	0	0	0	0	0	0	N	Y	N	N	N	N	N	N	N	N	N	N	0.0000	0.0000	0.0000	0.0000	0.0000	0.0000	0.0000	0.0000	0.0000	0.0000	0.0000	0.0000	0.0000	0.0349	0.0496	0.0000	0.0538	0.0668	0.0000	0.0000	0.0000	0.0000	0.0000	0.0000	-0.0013	8.1446	0.0002	10.2519	4.0036	0.0000	0.0000	0.0000	0.0000	0.0000	0.0000	0.0000	0.0000	0.0000	0.0029	0.0029	0.0000	0.0029	0.0029	0.0000	0.0000	0.0000	0.0000	0.0000	0.0000	0.0000	0.0000	0.0000	0.0000	0.0000	0.0000	0.0000	0.0832	0.0585	0.0247	0.0540	0.0435	0.0105	0.0293	0.0151	0.0142	0.0000	0.0000	0.0000	0.0000	0.0000	0.0000	0.0000	0.0000	0.0000	0.0349	0.0496	0.0000	0.0538	0.0668	0.0000	0.0000	0.0000	0.0000						
41	48	0.5734	6	0	2	0	1	0	0	0	0	N	Y	N	N	N	N	N	N	N	N	N	N	0.0000	0.0000	0.0000	0.0000	0.0000	0.0000	0.0000	0.0000	0.0000	0.0000	0.0000	0.0000	0.0000	0.0000	0.0000	0.0000	0.0000	0.0000	0.2783	0.0011	0.8930	0.0013	0.0015	0.0004	0.6479	0.0003	1.3506	371.6490	0.0000	0.1457	8.1446	6.0036	10.2519	51.7820	0.0000	0.0000	0.0000	0.0000	0.0000	0.0000	0.0000	0.0000	0.0000	0.2704	0.0007	0.2697	0.0007	0.0007	0.0000	0.2697	0.0001	0.2696	0.3481	0.3059	0.0422	0.1169	0.1106	0.0063	0.2313	0.1954	0.0359	0.9717	0.6697	0.3020	0.5554	0.4531	0.1024	0.4163	0.2166	0.1997	0.0000	0.0000	0.0000	0.0000	0.0000	0.0000	0.0000	0.0000	0.0000	0.2783	0.0011	0.8930	0.0013	0.0015	0.0004	0.6479	0.0003	1.3506	
41	49	0.5734	6	1	2	0	0	0	0	0	0	N	Y	N	N	N	N	N	N	N	N	N	N	6691.4176	inf	0.0000	261795.4385	inf	0.0000	0.0000	0.0000	2.8296	3.2196	0.0000	8.4289	8.9073	0.0000	0.0000	0.0000	0.0000	0.0004	0.0000	0.0014	0.0000	0.0000	0.0002	0.0010	0.0000	0.0020	0.0000	inf	-0.4340	0.0002	8.1446	5.9964	10.2519	34.6547	0.9839	0.9839	0.0000	0.9839	0.9839	0.0000	0.0000	0.0000	0.0000	0.0003	0.0000	0.0003	0.0000	0.0000	0.0000	0.0003	0.0000	0.0003	0.3477	0.3056	0.0421	0.1167	0.1105	0.0063	0.2310	0.1951	0.0359	0.7433	0.5128	0.2305	0.4300	0.3512	0.0787	0.3134	0.1616	0.1518	6691.4176	inf	0.0000	261795.4385	inf	0.0000	0.0000	0.0000	0.0000	0.0004	0.0000	0.0014	0.0000	0.0000	0.0002	0.0010	0.0000	0.0020	
41	50	0.6629	7	0	1	1	0	0	0	0	0	N	N	N	N	N	N	N	N	N	N	N	N	0.0193	5.6817	0.0310	0.0176	9.5984	0.0000	0.0220	0.0004	0.0669	0.0007	0.0003	0.0037	0.0007	0.0007	0.0000	0.0007	0.0000	0.0046	0.0350	0.0001	0.1201	0.0385	0.0001	0.2386	0.0307	0.0000	0.0683	1.6307	966.7077	0.0002	0.0263	8.1446	31.2093	10.2519	46.3939	0.0012	0.0005	0.0007	0.0005	0.0005	0.0000	0.0007	0.0000	0.0007	0.0486	0.0001	0.0486	0.0294	0.0000	0.0293	0.0192	0.0000	0.0192	1.7866	1.5855	0.2011	0.6792	0.6420	0.0372	1.1074	0.9434	0.1639	1.3885	0.9843	0.4043	0.7629	0.6399	0.1230	0.6256	0.3444	0.2812	0.0193	5.6817	0.0310	0.0176	9.5984	0.0000	0.0220	0.0004	0.0669	0.0350	0.0001	0.1201	0.0385	0.0001	0.2386	0.0307	0.0000	0.0683
41	51	0.6102	7	0	2	0	0	0	0	0	0	N	Y	N	N	N	N	N	N	N	N	N	N	0.0214	1.1249	0.0000	3.3010	10.2580	0.0000	0.0000	0.0000	0.0000	0.0043	0.0048	0.0000	0.0112	0.0117	0.0000	0.0000	0.0000	0.0000	0.2003	0.0043	0.6153	0.0034	0.0011	0.0181	0.4562	0.0125	0.7967	0.0000	67.6357	-0.0006	0.0810	8.1446	4.1516	10.2519	14.5664	0.0013	0.0013	0.0000	0.0013	0.0013	0.0000	0.0000	0.0000	0.0000	0.1537	0.0022	0.1515	0.0015	0.0004	0.0010	0.1523	0.0018	0.1505	0.2991	0.2649	0.0343	0.1148	0.1091	0.0056	0.1844	0.1557	0.0286	0.7676	0.5214	0.2462	0.4338	0.3765	0.0573	0.3337	0.1449	0.1889	0.0214	1.1249	0.0000	3.3010	10.2580	0.0000	0.0000	0.0000	0.0000	0.2003	0.0043	0.6153	0.0034	0.0011	0.0181	0.4562	0.0125	0.7967
41	52	0.6907	9	1	1	1	0	0	0	0	0	N	N	N	N	N	N	N	N	N	N	N	N	0.0000	0.0000	0.0000	0.0000	0.0000	0.0000	0.0000	0.0000	0.0000	0.0000	0.0000	0.0000	0.0000	0.0000	0.0000	0.0000	0.0000	0.0000	0.0000	0.0000	0.0000	0.0000	0.0000	0.0000	0.0000	0.0000	0.0000	0.7123	0.0000	-0.0000	8.1446	0.0028	10.2519	0.9232	0.0000	0.0000	0.0000	0.0000	0.0000	0.0000	0.0000	0.0000	0.0000	0.0000	0.0000	0.0000	0.0000	0.0000	0.0000	0.0000	0.0000	0.0000	0.0002	0.0002	0.0000	0.0001	0.0001	0.0000	0.0001	0.0001	0.0000	0.0287	0.0209	0.0078	0.0167	0.0139	0.0028	0.0120	0.0070	0.0051	0.0000	0.0000	0.0000	0.0000	0.0000	0.0000	0.0000	0.0000	0.0000	0.0000	0.0000	0.0000	0.0000	0.0000	0.0000	0.0000	0.0000	0.0000	
41	53	0.5031	9	0	2	0	0	0	0	0	0	N	Y	N	N	N	N	N	N	N	N	N	N	1.1614	93.5447	0.0003	225.4277	1357.8375	0.0000	0.1231	8.8226	0.0003	1.7151	1.9595	0.0013	4.5452	4.7561	0.0000	0.3040	0.3637	0.0015	1.4768	0.0209	4.3473	0.0202	0.0035	0.1429	2.4686	0.0412	5.0537	0.0001	105.2570	-0.4397	0.5116	8.1446	8.5400	10.2519	19.3759	0.9971	0.9970	0.0001	0.8792	0.8792	0.0000	0.1179	0.1178	0.0001	0.9613	0.0090	0.9522	0.0053	0.0008	0.0045	0.9560	0.0082	0.9477	0.5814	0.5088	0.0726	0.1934	0.1849	0.0086	0.3880	0.3240	0.0640	0.6509	0.4319	0.2190	0.2637	0.2322	0.0315	0.3873	0.1997	0.1875	1.1614	93.5447	0.0003	225.4277	1357.8375	0.0000	0.1231	8.8226	0.0003	1.4768	0.0209	4.3473	0.0202	0.0035	0.1429	2.4686	0.0412	5.0537
41	54	0.4401	8	0	1	0	0	0	0	0	0	N	N	N	N	N	N	N	N	N	N	N	N	0.0654	0.0720	0.0138	0.6093	0.5802	0.0001	0.0102	0.0085	0.0140	0.0121	0.0134	0.0025	0.0309	0.0321	0.0000	0.0026	0.0026	0.0028	0.1850	0.1860	0.1830	0.0507	0.0553	0.0062	0.2554	0.3026	0.2017	0.0254	0.5038	-0.0027	-0.0175	8.1446	7.3474	10.2519	24.2346	0.0065	0.0064	0.0002	0.0056	0.0056	0.0000	0.0009	0.0008	0.0002	0.1422	0.0945	0.0476	0.0134	0.0132	0.0002	0.1288	0.0813	0.0475	0.5387	0.4748	0.0639	0.1811	0.1743	0.0068	0.3576	0.3005	0.0572	0.7686	0.5084	0.2602	0.2645	0.2396	0.0248	0.5042	0.2687	0.2354	0.0654	0.0720	0.0138	0.6093	0.5802	0.0001	0.0102	0.0085	0.0140	0.1850	0.1860	0.1830	0.0507	0.0553	0.0062	0.2554	0.3026	0.2017
41	55	0.4103	7	0	1	0	0	0	0	0	0	N	N	N	N	N	N	N	N	N	N	N	N	3.7848	2.9880	44.6829	36.3868	34.6496	1.3647	0.0868	0.0003	49.1525	2.8875	3.3778	0.3545	7.2999	7.4807	0.0153	0.0941	0.0005	0.3753	0.7629	1.1305	0.0079	0.2006	0.2159	0.0112	1.0838	2.0445	0.0076	0.0203	0.0034	-0.4222	-0.2101	8.1446	3.4216	10.2519	15.9376	1.0024	0.9824	0.0200	0.9824	0.9823	0.0000	0.0200	0.0001	0.0199	0.4618	0.4602	0.0016	0.0441	0.0439	0.0002	0.4177	0.4163	0.0014	0.3471	0.2908	0.0563	0.1346	0.1313	0.0033	0.2126	0.1595	0.0530	0.6053	0.4071	0.1982	0.2199	0.2035	0.0164	0.3854	0.2036	0.1818	3.7848	2.9880	44.6829	36.3868	34.6496	1.3647	0.0868	0.0003	49.1525	0.7629	1.1305	0.0079	0.2006	0.2159	0.0112	1.0838	2.0445	0.0076
41	56	0.6938	7	0	2	0	0	0	0	0	0	N	Y	N	N	N	N	N	N	N	N	N	N	1916.4087	9566.2670	0.0000	28048.7868	32151.2789	0.0000	220.7797	1183.8756	0.0000	11.7721	13.6156	0.0000	21.2986	24.1425	0.0000	2.7149	3.2020	0.0000	0.0061	0.0014	0.0173	0.0008	0.0008	0.0008	0.0123	0.0027	0.0226	0.0000	5.1392	-0.4279	0.0015	8.1446	0.9891	10.2519	20.6926	0.9701	0.9701	0.0000	0.8554	0.8554	0.0000	0.1147	0.1147	0.0000	0.0040	0.0007	0.0034	0.0003	0.0002	0.0000	0.0038	0.0004	0.0033	0.0824	0.0712	0.0112	0.0402	0.0354	0.0047	0.0422	0.0358	0.0064	0.6567	0.4617	0.1950	0.3503	0.3028	0.0475	0.3064	0.1589	0.1475	1916.4087	9566.2670	0.0000	28048.7868	32151.2789	0.0000	220.7797	1183.8756	0.0000	0.0061	0.0014	0.0173	0.0008	0.0008	0.0008	0.0123	0.0027	0.0226
41	57	0.5734	6	0	1	0	0	0	0	0	0	N	N	N	N	N	N	N	N	N	N	N	N	0.3053	59.3599	0.0008	111.6667	103.8442	0.0000	0.0243	68.0615	0.0006	0.1027	0.1168	0.0008	0.2678	0.2830	0.0000	0.0193	0.0226	0.0010	0.3364	0.0020	1.0798	0.0024	0.0027	0.0009	0.7921	0.0003	1.6389	0.0010	246.9373	-0.0132	0.1438	8.1446	5.0326	10.2519	39.3193	0.0301	0.0301	0.0000	0.0263	0.0263	0.0000	0.0038	0.0037	0.0000	0.2675	0.0011	0.2665	0.0011	0.0010	0.0001	0.2664	0.0001	0.2664	0.2930	0.2574	0.0355	0.0983	0.0931	0.0053	0.1946	0.1644	0.0302	0.7953	0.5485	0.2468	0.4589	0.3747	0.0842	0.3364	0.1738	0.1625	0.3053	59.3599	0.0008	111.6667	103.8442	0.0000	0.0243	68.0615	0.0006	0.3364	0.0020	1.0798	0.0024	0.0027	0.0009	0.7921	0.0003	1.6389
41	58	0.5734	6	0	2	0	1	0	0	0	0	N	Y	N	N	N	N	N	N	N	N	N	N	2.0545	2.0481	0.0000	0.0048	0.0042	0.0000	6.1337	inf	0.0000	3.4368	3.9112	0.0000	0.0110	0.0117	0.0000	5.1680	6.1189	0.0000	1.6729	1.9097	1.1462	2.2790	2.7903	0.0001	0.8425	0.0000	1.7406	0.0000	0.2699	-0.4416	-0.3120	8.1446	5.0036	10.2519	36.7244	1.0012	1.0012	0.0000	0.0011	0.0011	0.0000	1.0001	1.0001	0.0000	1.2691	0.9993	0.2697	0.9994	0.9993	0.0000	0.2697	0.0000	0.2697	0.2913	0.2560	0.0353	0.0978	0.0925	0.0053	0.1935	0.1634	0.0301	0.7586	0.5233	0.2353	0.4385	0.3581	0.0804	0.3201	0.1652	0.1550	2.0545	2.0481	0.0000	0.0048	0.0042	0.0000	6.1337	inf	0.0000	1.6729	1.9097	1.1462	2.2790	2.7903	0.0001	0.8425	0.0000	1.7406
41	59	0.3906	7	0	2	0	1	0	0	0	0	N	Y	N	N	N	N	N	N	N	N	N	N	0.4935	0.3709	111.2290	1.3271	1.2430	0.0000	0.0008	0.0000	113.5144	0.8408	0.9480	0.0074	2.3559	2.4383	0.0000	0.0013	0.0000	0.0083	1.7038	2.5560	0.0001	1.7752	1.9617	0.0000	1.6651	3.0977	0.0001	0.0010	0.0000	-0.2771	-0.7129	8.1446	10.4254	10.2519	21.2017	0.6297	0.6291	0.0006	0.6291	0.6291	0.0000	0.0006	0.0000	0.0006	1.5554	1.5554	0.0000	0.5691	0.5691	0.0000	0.9863	0.9862	0.0000	0.7490	0.6636	0.0854	0.2670	0.2580	0.0090	0.4820	0.4056	0.0764	0.9129	0.6085	0.3044	0.3206	0.2901	0.0305	0.5923	0.3184	0.2739	0.4935	0.3709	111.2290	1.3271	1.2430	0.0000	0.0008	0.0000	113.5144	1.7038	2.5560	0.0001	1.7752	1.9617	0.0000	1.6651	3.0977	0.0001
41	60	0.6907	9	1	1	1	0	0	0	0	0	N	N	N	N	N	N	N	N	N	N	N	N	0.0000	0.0000	0.0000	0.0000	0.0000	0.0000	0.0000	0.0000	0.0000	0.0000	0.0000	0.0000	0.0000	0.0000	0.0000	0.0000	0.0000	0.0000	0.0000	0.0000	0.0000	0.0000	0.0000	0.0000	0.0000	0.0000	0.0000	0.7123	0.0000	-0.0000	8.1446	1.9981	10.2519	3.0867	0.0000	0.0000	0.0000	0.0000	0.0000	0.0000	0.0000	0.0000	0.0000	0.0000	0.0000	0.0000	0.0000	0.0000	0.0000	0.0000	0.0000	0.0000	0.1285	0.1132	0.0153	0.0463	0.0438	0.0025	0.0822	0.0694	0.0127	0.1146	0.0796	0.0351	0.0695	0.0547	0.0149	0.0451	0.0249	0.0202	0.0000	0.0000	0.0000	0.0000	0.0000	0.0000	0.0000	0.0000	0.0000	0.0000	0.0000	0.0000	0.0000	0.0000	0.0000	0.0000	0.0000	0.0000	
41	61	0.6473	8	1	1	1	0	0	0	0	0	N	N	N	N	N	N	N	N	N	N	N	N	0.0000	0.0000	0.0000	0.0000	0.0000	0.0000	0.0000	0.0000	0.0000	0.0000	0.0000	0.0000	0.0000	0.0000	0.0000	0.0000	0.0000	0.0001	0.0002	0.0001	0.0001	0.0000	0.0002	0.0003	0.0006	0.0000	0.2080	0.0000	-0.0000	8.1446	4.0039	10.2519	14.0733	0.0000	0.0000	0.0000	0.0000	0.0000	0.0000	0.0000	0.0000	0.0000	0.0001	0.0000	0.0000	0.0000	0.0000	0.0000	0.0000	0.0000	0.0000	0.2574	0.2269	0.0305	0.0950	0.0897	0.0054	0.1623	0.1372	0.0251	0.4286	0.2972	0.1314	0.2848	0.2208	0.0640	0.1438	0.0765	0.0673	0.0000	0.0000	0.0000	0.0000	0.0000	0.0000	0.0000	0.0000	0.0000	0.0001	0.0002	0.0001	0.0001	0.0000	0.0002	0.0003	0.0006	0.0000		
41	62	0.6667	9	1	1	1	0	0	0	0	0	N	N	N	N	N	N	N	N	N	N	N	N	0.0000	0.0000	0.0000	0.0000	0.0000	0.0000	0.0000	0.0000	0.0000	0.0000	0.0000	0.0000	0.0000	0.0000	0.0000	0.0000	0.0000	0.0000	0.0001	0.0001	0.0000	0.0001	0.0001	0.0000	0.0002	0.0003	0.0000	0.0052	0.0000	-0.0000	8.1446	0.0060	10.2519	17.2393	0.0000	0.0000	0.0000	0.0000	0.0000	0.0000	0.0000	0.0000	0.0000	0.0000	0.0000	0.0000	0.0000	0.0000	0.0000	0.0000	0.0000	0.0000	0.0004	0.0004	0.0000	0.0002	0.0002	0.0000	0.0002	0.0002	0.0000	0.3636	0.2518	0.1119	0.2320	0.1810	0.0510	0.1317	0.0708	0.0609	0.0000	0.0000	0.0000	0.0000	0.0000	0.0000	0.0000	0.0000	0.0000	0.0001	0.0001	0.0000	0.0001	0.0001	0.0000	0.0002	0.0003	0.0000	
41	63	0.6102	7	0	1	1	0	0	0	0	0	N	N	N	N	N	N	N	N	N	N	N	N	0.3400	0.2721	0.0000	0.9965	0.9061	0.0000	0.0000	0.0000	0.0000	0.0001	0.0001	0.0000	0.0002	0.0002	0.0000	0.0000	0.0000	0.0000	0.0003	0.0004	0.0000	0.0002	0.0003	0.0000	0.0003	0.0008	0.0001	0.0000	0.0567	-0.0000	-0.0001	8.1446	1.0230	10.2519	12.1924	0.0000	0.0000	0.0000	0.0000	0.0000	0.0000	0.0000	0.0000	0.0000	0.0002	0.0002	0.0000	0.0001	0.0001	0.0000	0.0001	0.0001	0.0000	0.1066	0.0953	0.0113	0.0454	0.0437	0.0017	0.0612	0.0516	0.0096	0.6874	0.4655	0.2219	0.3924	0.3431	0.0493	0.2950	0.1224	0.1726	0.3400	0.2721	0.0000	0.9965	0.9061	0.0000	0.0000	0.0000	0.0000	0.0003	0.0004	0.0000	0.0002	0.0003	0.0000	0.0003	0.0008	0.0001
41	64	0.5734	6	0	1	0	0	0	0	0	0	N	N	N	N	N	N	N	N	N	N	N	N	0.0247	1.0160	0.0115	0.0919	0.0816	0.0000	0.0154	1.0525	0.0091	0.0089	0.0083	0.0131	0.0005	0.0005	0.0000	0.0131	0.0127	0.0154	0.3583	0.0081	1.1406	0.0054	0.0065	0.0004	0.8510	0.0120	1.6813	0.2191	62.6646	-0.0003	0.0633	8.1446	2.4556	10.2519	12.4191	0.0013	0.0010	0.0002	0.0000	0.0000	0.0000	0.0013	0.0010	0.0002	0.1203	0.0019	0.1184	0.0011	0.0011	0.0000	0.1193	0.0008	0.1184	0.1444	0.1269	0.0176	0.0485	0.0459	0.0026	0.0960	0.0810	0.0150	0.3359	0.2320	0.1038	0.1957	0.1623	0.0334	0.1402	0.0697	0.0704	0.0247	1.0160	0.0115	0.0919	0.0816	0.0000	0.0154	1.0525	0.0091	0.3583	0.0081	1.1406	0.0054	0.0065	0.0004	0.8510	0.0120	1.6813
41	65	0.6957	8	0	2	0	0	0	0	0	0	N	Y	N	N	N	N	N	N	N	N	N	N	4244.3923	3171685.5166	0.0000	0.3665	102.4487	0.0000	4645.8954	46110068.1952	0.0000	7.8688	8.8117	0.0000	0.0004	0.0004	0.0000	13.0697	15.3028	0.0000	0.0019	0.0000	0.0067	0.0011	0.0000	0.0075	0.0028	0.0000	0.0064	0.0000	920.7910	-0.4399	0.0003	8.1446	1.7555	10.2519	11.9300	0.9972	0.9972	0.0000	0.0000	0.0000	0.0000	0.9972	0.9972	0.0000	0.0006	0.0000	0.0006	0.0002	0.0000	0.0002	0.0004	0.0000	0.0004	0.1267	0.1132	0.0136	0.0504	0.0480	0.0024	0.0763	0.0652	0.0111	0.3052	0.2210	0.0843	0.1691	0.1447	0.0244	0.1361	0.0762	0.0599	4244.3923	3171685.5166	0.0000	0.3665	102.4487	0.0000	4645.8954	46110068.1952	0.0000	0.0019	0.0000	0.0067	0.0011	0.0000	0.0075	0.0028	0.0000	0.0064
41	66	0.6748	10	1	2	1	0	0	0	0	0	N	Y	N	N	N	N	N	N	N	N	N	N	0.0000	0.0000	0.0000	0.0000	0.0000	0.0000	0.0000	0.0000	0.0000	0.0000	0.0000	0.0000	0.0000	0.0000	0.0000	0.0000	0.0000	0.0000	0.0000	0.0000	8.1446	0.0000	10.2519	0.0000	0.0000	0.0000	0.0000	0.0000	0.0000	0.0000	0.0000	0.0000	0.0000	0.0000	0.0000	0.0000	0.0000	0.0000	0.0000	0.0000	0.0000	0.0000	0.0000	0.0000	0.0000	0.0000	0.0000	0.0000	0.0000	0.0000	0.0000	0.0000	0.0000	0.0000	0.0000	0.0000	0.0000	0.0000	0.0000	0.0000	0.0000	0.0000	0.0000	0.0000	0.0000	0.0000	0.0000	0.0000	0.0000	0.0000	0.0000	0.0000	0.0000	0.0000	0.0000	0.0000	0.0000	0.0000											
41	67	0.1707	3	1	2	1	0	0	0	0	0	N	Y	N	N	N	N	N	N	N	N	N	N	0.0000	0.0000	0.0000	0.0000	0.0000	0.0000	0.0000	0.0000	0.0000	0.0000	0.0000	0.0000	0.0000	0.0000	0.0000	0.0000	0.0000	0.0000	0.0000	0.0000	8.1446	1.0000	10.2519	3.0000	0.0000	0.0000	0.0000	0.0000	0.0000	0.0000	0.0000	0.0000	0.0000	0.0000	0.0000	0.0000	0.0000	0.0000	0.0000	0.0000	0.0000	0.0000	0.0843	0.0737	0.0106	0.0199	0.0191	0.0007	0.0645	0.0545	0.0099	0.1291	0.0719	0.0572	0.0069	0.0066	0.0003	0.1222	0.0654	0.0569	0.0000	0.0000	0.0000	0.0000	0.0000	0.0000	0.0000	0.0000	0.0000	0.0000	0.0000	0.0000	0.0000	0.0000	0.0000	0.0000	0.0000	0.0000											
41	68	0.6748	10	1	2	1	0	0	0	0	0	N	Y	N	N	N	N	N	N	N	N	N	N	0.0000	0.0000	0.0000	0.0000	0.0000	0.0000	0.0000	0.0000	0.0000	0.0000	0.0000	0.0000	0.0000	0.0000	0.0000	0.0000	0.0000	0.0000	0.0000	0.0000	8.1446	1.0000	10.2519	0.0000	0.0000	0.0000	0.0000	0.0000	0.0000	0.0000	0.0000	0.0000	0.0000	0.0000	0.0000	0.0000	0.0000	0.0000	0.0000	0.0000	0.0000	0.0000	0.0640	0.0563	0.0077	0.0220	0.0208	0.0012	0.0420	0.0355	0.0065	0.0205	0.0141	0.0063	0.0126	0.0100	0.0026	0.0079	0.0041	0.0038	0.0000	0.0000	0.0000	0.0000	0.0000	0.0000	0.0000	0.0000	0.0000	0.0000	0.0000	0.0000	0.0000	0.0000	0.0000	0.0000	0.0000	0.0000											
41	69	0.6583	9	1	2	1	0	0	0	0	0	N	Y	N	N	N	N	N	N	N	N	N	N	0.0000	0.0000	0.0000	0.0000	0.0000	0.0000	0.0000	0.0000	0.0000	0.0000	0.0000	0.0000	0.0000	0.0000	0.0000	0.0000	0.0000	0.0034	0.0048	0.0004	0.0054	0.0068	0.0000	0.0004	0.0000	0.0007	0.0422	0.0000	-0.0002	8.1446	1.0155	10.2519	5.9708	0.0000	0.0000	0.0000	0.0000	0.0000	0.0000	0.0000	0.0000	0.0000	0.0005	0.0005	0.0000	0.0005	0.0005	0.0000	0.0000	0.0000	0.0000	0.0650	0.0572	0.0078	0.0224	0.0211	0.0012	0.0426	0.0360	0.0066	0.1419	0.0976	0.0443	0.0872	0.0690	0.0182	0.0547	0.0286	0.0261	0.0000	0.0000	0.0000	0.0000	0.0000	0.0000	0.0000	0.0000	0.0000	0.0034	0.0048	0.0004	0.0054	0.0068	0.0000	0.0004	0.0000	0.0007		
41	70	0.6536	8	1	1	1	0	0	0	0	0	N	N	N	N	N	N	N	N	N	N	N	N	0.0000	0.0000	0.0000	0.0000	0.0000	0.0000	0.0000	0.0000	0.0000	0.0000	0.0000	0.0000	0.0000	0.0000	0.0000	0.0000	0.0000	0.0000	0.1306	0.1686	0.0518	0.1664	0.2245	0.0006	0.0540	0.0027	0.1131	0.1476	0.0000	-0.0028	8.1446	0.0406	10.2519	2.3361	0.0000	0.0000	0.0000	0.0000	0.0000	0.0000	0.0000	0.0000	0.0000	0.0086	0.0075	0.0011	0.0074	0.0074	0.0000	0.0011	0.0000	0.0011	0.0029	0.0025	0.0003	0.0010	0.0010	0.0001	0.0018	0.0016	0.0003	0.0656	0.0443	0.0213	0.0448	0.0332	0.0116	0.0209	0.0112	0.0097	0.0000	0.0000	0.0000	0.0000	0.0000	0.0000	0.0000	0.0000	0.0000	0.1306	0.1686	0.0518	0.1664	0.2245	0.0006	0.0540	0.0027	0.1131	
41	71	0.1707	3	1	2	1	0	0	0	0	0	N	Y	N	N	N	N	N	N	N	N	N	N	0.0000	0.0000	0.0000	0.0000	0.0000	0.0000	0.0000	0.0000	0.0000	0.0000	0.0000	0.0000	0.0000	0.0000	0.0000	0.0000	0.0000	0.0000	0.0000	0.0000	8.1446	0.0000	10.2519	0.0000	0.0000	0.0000	0.0000	0.0000	0.0000	0.0000	0.0000	0.0000	0.0000	0.0000	0.0000	0.0000	0.0000	0.0000	0.0000	0.0000	0.0000	0.0000	0.0000	0.0000	0.0000	0.0000	0.0000	0.0000	0.0000	0.0000	0.0000	0.0000	0.0000	0.0000	0.0000	0.0000	0.0000	0.0000	0.0000	0.0000	0.0000	0.0000	0.0000	0.0000	0.0000	0.0000	0.0000	0.0000	0.0000	0.0000	0.0000	0.0000	0.0000	0.0000	0.0000	0.0000	0.0000	0.0000											
41	72	0.1526	2	1	2	1	0	0	0	0	0	N	Y	N	N	N	N	N	N	N	N	N	N	475.9652	6752.3100	0.6652	4889.3213	7002.7789	0.9536	88.0927	5215335.5140	0.7177	2.1114	2.5126	0.0074	5.8918	6.6337	0.0028	0.5018	0.6106	0.0086	0.0044	0.0004	0.0111	0.0012	0.0009	0.0029	0.0057	0.0000	0.0120	0.0006	18.1907	-0.3968	0.0006	8.1446	3.9057	10.2519	1.1104	0.9006	0.9001	0.0005	0.7505	0.7505	0.0000	0.1501	0.1497	0.0005	0.0012	0.0001	0.0011	0.0001	0.0001	0.0000	0.0011	0.0000	0.0011	0.4266	0.3583	0.0683	0.1274	0.1131	0.0143	0.2992	0.2451	0.0541	0.2717	0.1688	0.1029	0.0763	0.0663	0.0100	0.1954	0.1025	0.0929	475.9652	6752.3100	0.6652	4889.3213	7002.7789	0.9536	88.0927	5215335.5140	0.7177	0.0044	0.0004	0.0111	0.0012	0.0009	0.0029	0.0057	0.0000	0.0120
41	73	0.2606	4	1	2	0	0	0	0	0	0	N	Y	N	N	N	N	N	N	N	N	N	N	1325.6339	1095.0997	0.0000	741.0039	715.8657	0.0000	3612.6638	2836.2158	0.0000	0.2881	0.3496	0.0000	0.4018	0.4142	0.0000	0.2088	0.2890	0.0000	0.0002	0.0003	0.0000	0.0005	0.0006	0.0000	0.0001	0.0001	0.0000	0.0000	0.0085	-0.1134	-0.0001	8.1446	6.9070	10.2519	16.5673	0.2570	0.2570	0.0000	0.1472	0.1472	0.0000	0.1098	0.1098	0.0000	0.0002	0.0002	0.0000	0.0001	0.0001	0.0000	0.0000	0.0000	0.0000	0.8921	0.7352	0.1569	0.3664	0.3554	0.0110	0.5256	0.3798	0.1459	0.8018	0.5413	0.2605	0.2640	0.2467	0.0173	0.5378	0.2946	0.2432	1325.6339	1095.0997	0.0000	741.0039	715.8657	0.0000	3612.6638	2836.2158	0.0000	0.0002	0.0003	0.0000	0.0005	0.0006	0.0000	0.0001	0.0001	0.0000
41	74	0.4555	8	0	2	0	1	0	0	0	0	N	Y	N	N	N	N	N	N	N	N	N	N	0.1742	0.1293	0.0605	0.1700	0.1631	0.0000	11.9713	7.7793	0.0799	0.0036	0.0041	0.0000	0.0095	0.0101	0.0000	0.0003	0.0003	0.0000	0.0206	0.0317	0.0000	0.0558	0.0619	0.0000	0.0000	0.0000	0.0000	0.0000	0.0001	-0.0007	-0.0059	8.1446	6.4226	10.2519	19.3377	0.0016	0.0016	0.0000	0.0015	0.0015	0.0000	0.0001	0.0001	0.0000	0.0130	0.0130	0.0000	0.0129	0.0129	0.0000	0.0000	0.0000	0.0000	0.4497	0.3936	0.0561	0.1620	0.1522	0.0098	0.2878	0.2415	0.0463	0.6293	0.4089	0.2204	0.2322	0.2093	0.0229	0.3971	0.1996	0.1975	0.1742	0.1293	0.0605	0.1700	0.1631	0.0000	11.9713	7.7793	0.0799	0.0206	0.0317	0.0000	0.0558	0.0619	0.0000	0.0000	0.0000	0.0000
41	75	0.4103	7	0	1	0	1	0	0	0	0	N	N	N	N	N	N	N	N	N	N	N	N	0.4344	0.3408	14.1224	0.4237	0.4019	3.7373	0.2749	0.0185	17.5731	0.3590	0.4213	0.0130	0.9765	1.0052	0.0103	0.0033	0.0004	0.0132	0.8264	1.2362	0.0009	2.3047	2.5014	0.0028	0.0119	0.0218	0.0008	0.0056	0.0004	-0.0717	-0.2512	8.1446	5.1932	10.2519	17.4397	0.1646	0.1637	0.0009	0.1637	0.1636	0.0000	0.0010	0.0001	0.0009	0.5486	0.5484	0.0002	0.5435	0.5434	0.0001	0.0051	0.0049	0.0002	0.4586	0.3886	0.0699	0.1676	0.1628	0.0048	0.2909	0.2259	0.0651	0.6638	0.4436	0.2202	0.2358	0.2172	0.0186	0.4280	0.2263	0.2016	0.4344	0.3408	14.1224	0.4237	0.4019	3.7373	0.2749	0.0185	17.5731	0.8264	1.2362	0.0009	2.3047	2.5014	0.0028	0.0119	0.0218	0.0008
41	76	0.3733	6	0	1	0	0	0	0	0	0	N	N	N	N	N	N	N	N	N	N	N	N	1.5099	0.1344	3167.1226	0.3163	0.2918	56.9396	2.8243	0.0007	3936.5908	1.1080	0.1454	5.9599	0.3399	0.3423	0.2583	1.5473	0.0007	6.3443	0.7339	1.0816	0.0019	1.0746	1.1731	0.0045	0.5479	0.9981	0.0016	8.1336	0.0008	0.1956	-0.2314	8.1446	4.4918	10.2519	17.5337	0.4353	0.0477	0.3877	0.0486	0.0475	0.0011	0.3868	0.0001	0.3866	0.5057	0.5053	0.0004	0.2615	0.2614	0.0001	0.2442	0.2439	0.0003	0.3929	0.3278	0.0650	0.1429	0.1388	0.0041	0.2500	0.1890	0.0609	0.6891	0.4672	0.2219	0.2433	0.2228	0.0205	0.4458	0.2444	0.2014	1.5099	0.1344	3167.1226	0.3163	0.2918	56.9396	2.8243	0.0007	3936.5908	0.7339	1.0816	0.0019	1.0746	1.1731	0.0045	0.5479	0.9981	0.0016
41	77	0.6692	9	0	1	0	1	0	0	0	0	N	N	N	N	N	N	N	N	N	N	N	N	0.0000	0.0000	0.0000	0.0000	0.0000	0.0000	0.0000	0.0000	0.0000	0.0000	0.0000	0.0000	0.0000	0.0000	0.0000	0.0000	0.0000	0.0000	0.0022	0.0032	0.0000	0.0036	0.0043	0.0000	0.0005	0.0009	0.0000	0.0001	0.0000	-0.0003	8.1446	0.3745	10.2519	14.7996	0.0000	0.0000	0.0000	0.0000	0.0000	0.0000	0.0000	0.0000	0.0000	0.0008	0.0008	0.0000	0.0007	0.0007	0.0000	0.0001	0.0001	0.0000	0.0235	0.0206	0.0028	0.0088	0.0083	0.0005	0.0146	0.0123	0.0023	0.3437	0.2388	0.1049	0.1909	0.1577	0.0331	0.1529	0.0811	0.0718	0.0000	0.0000	0.0000	0.0000	0.0000	0.0000	0.0000	0.0000	0.0000	0.0022	0.0032	0.0000	0.0036	0.0043	0.0000	0.0005	0.0009	0.0000	
41	78	0.6470	8	0	1	0	1	0	0	0	0	N	N	N	N	N	N	N	N	N	N	N	N	0.0000	0.0000	0.0000	0.0000	0.0000	0.0000	0.0000	0.0000	0.0000	0.0000	0.0000	0.0000	0.0000	0.0000	0.0000	0.0000	0.0000	0.0000	0.0343	0.0476	0.0021	0.0250	0.0303	0.0008	0.0465	0.0811	0.0028	0.0180	0.0000	-0.0049	8.1446	1.4595	10.2519	10.3922	0.0000	0.0000	0.0000	0.0000	0.0000	0.0000	0.0000	0.0000	0.0000	0.0111	0.0109	0.0002	0.0046	0.0046	0.0000	0.0065	0.0063	0.0002	0.0910	0.0801	0.0109	0.0342	0.0322	0.0020	0.0568	0.0479	0.0089	0.3244	0.2297	0.0947	0.1846	0.1516	0.0330	0.1398	0.0782	0.0617	0.0000	0.0000	0.0000	0.0000	0.0000	0.0000	0.0000	0.0000	0.0000	0.0343	0.0476	0.0021	0.0250	0.0303	0.0008	0.0465	0.0811	0.0028	
41	79	0.6328	7	0	1	0	1	0	0	0	0	N	N	N	N	N	N	N	N	N	N	N	N	0.0000	0.0000	0.0000	0.0000	0.0000	0.0000	0.0000	0.0000	0.0000	0.0000	0.0000	0.0000	0.0000	0.0000	0.0000	0.0000	0.0000	0.0000	3.7270	5.5578	0.0608	0.0658	0.0461	0.1633	8.6454	14.9814	0.0061	0.0045	0.0000	-0.4427	8.1446	1.3861	10.2519	6.3168	0.0000	0.0000	0.0000	0.0000	0.0000	0.0000	0.0000	0.0000	0.0000	0.9754	0.9710	0.0044	0.0099	0.0058	0.0041	0.9655	0.9652	0.0003	0.0866	0.0762	0.0104	0.0326	0.0307	0.0019	0.0540	0.0455	0.0085	0.2617	0.1893	0.0725	0.1500	0.1248	0.0252	0.1117	0.0644	0.0473	0.0000	0.0000	0.0000	0.0000	0.0000	0.0000	0.0000	0.0000	0.0000	3.7270	5.1306	0.0608	0.0658	0.0461	0.1633	8.6454	14.9814	0.0061	
41	80	0.5734	6	0	1	0	1	0	0	0	0	N	N	N	N	N	N	N	N	N	N	N	N	0.0000	0.0000	0.0000	0.0000	0.0000	0.0000	0.0000	0.0000	0.0000	0.0000	0.0000	0.0000	0.0000	0.0000	0.0000	0.0000	0.0000	0.0000	0.6171	0.8837	0.0223	0.0012	0.0013	0.0009	1.4789	2.8845	0.0332	0.0113	0.0000	-0.1346	8.1446	4.0043	10.2519	19.8631	0.0000	0.0000	0.0000	0.0000	0.0000	0.0000	0.0000	0.0000	0.0000	0.3009	0.2976	0.0034	0.0004	0.0003	0.0000	0.3006	0.2973	0.0033	0.2341	0.2056	0.0284	0.0786	0.0743	0.0042	0.1555	0.1313	0.0242	0.4877	0.3367	0.1509	0.2844	0.2337	0.0508	0.2032	0.1031	0.1002	0.0000	0.0000	0.0000	0.0000	0.0000	0.0000	0.0000	0.0000	0.0000	0.6171	0.8837	0.0223	0.0012	0.0013	0.0009	1.4789	2.8845	0.0332	
41	81	0.1053	2	0	2	1	0	0	0	0	0	N	Y	N	N	N	N	N	N	N	N	N	N	0.0074	286.1821	0.0000	23.4856	181.4683	0.0030	0.0033	inf	0.0000	0.0102	0.0136	0.0000	0.0146	0.0151	0.0000	0.0075	0.0122	0.0000	1.3659	0.0000	3.5602	0.0006	0.0001	0.0056	2.2389	0.0000	3.9551	0.0000	46705.8806	-0.0019	0.5034	8.1446	2.0162	10.2519	4.5500	0.0043	0.0043	0.0000	0.0023	0.0023	0.0000	0.0020	0.0020	0.0000	0.9295	0.0000	0.9295	0.0002	0.0000	0.0001	0.9293	0.0000	0.9293	0.4264	0.3189	0.1075	0.1593	0.1546	0.0047	0.2671	0.1643	0.1028	0.6805	0.4194	0.2611	0.2654	0.2393	0.0261	0.4151	0.1801	0.2350	0.0074	286.1821	0.0000	23.4856	181.4683	0.0030	0.0033	inf	0.0000	1.3659	0.0000	3.5602	0.0006	0.0001	0.0056	2.2389	0.0000	3.9551
41	82	0.6814	10	0	2	1	0	0	0	0	0	N	Y	N	N	N	N	N	N	N	N	N	N	0.0000	0.0000	0.0000	0.0000	0.0000	0.0000	0.0000	0.0000	0.0000	0.0000	0.0000	0.0000	0.0000	0.0000	0.0000	0.0000	0.0000	0.0000	0.0000	0.0001	0.0000	0.0000	0.0001	0.0000	0.0000	0.0000	5.2488	0.0000	0.0000	8.1446	3.0011	10.2519	3.7015	0.0000	0.0000	0.0000	0.0000	0.0000	0.0000	0.0000	0.0000	0.0000	0.0000	0.0000	0.0000	0.0000	0.0000	0.0000	0.0000	0.0000	0.0000	0.1936	0.1705	0.0230	0.0708	0.0668	0.0040	0.1227	0.1037	0.0190	0.1912	0.1345	0.0567	0.1162	0.0961	0.0201	0.0750	0.0384	0.0366	0.0000	0.0000	0.0000	0.0000	0.0000	0.0000	0.0000	0.0000	0.0000	0.0000	0.0000	0.0001	0.0000	0.0000	0.0001	0.0000	0.0000	0.0000		
41	83	0.6699	9	0	2	0	0	0	0	0	0	N	Y	N	N	N	N	N	N	N	N	N	N	14.0231	13.7740	0.0000	30.9057	35.5378	0.0000	5.3374	3.6409	0.0000	0.0032	0.0036	0.0000	0.0058	0.0061	0.0000	0.0016	0.0019	0.0000	0.0002	0.0003	0.0001	0.0002	0.0002	0.0002	0.0003	0.0005	0.0001	0.0000	0.2587	-0.0002	-0.0000	8.1446	2.0032	10.2519	4.2039	0.0004	0.0004	0.0000	0.0003	0.0003	0.0000	0.0001	0.0001	0.0000	0.0001	0.0000	0.0000	0.0000	0.0000	0.0000	0.0000	0.0000	0.0000	0.1304	0.1148	0.0156	0.0483	0.0455	0.0027	0.0821	0.0693	0.0128	0.2274	0.1562	0.0711	0.1524	0.1174	0.0350	0.0749	0.0388	0.0361	14.0231	13.7740	0.0000	30.9057	35.5378	0.0000	5.3374	3.6409	0.0000	0.0002	0.0003	0.0001	0.0002	0.0002	0.0002	0.0003	0.0005	0.0001
41	84	0.6667	9	1	1	1	0	0	0	0	0	N	N	N	N	N	N	N	N	N	N	N	N	0.0000	0.0000	0.0000	0.0000	0.0000	0.0000	0.0000	0.0000	0.0000	0.0000	0.0000	0.0000	0.0000	0.0000	0.0000	0.0000	0.0000	0.0000	0.0003	0.0004	0.0000	0.0002	0.0003	0.0000	0.0004	0.0008	0.0000	0.0032	0.0000	-0.0000	8.1446	1.0052	10.2519	4.9545	0.0000	0.0000	0.0000	0.0000	0.0000	0.0000	0.0000	0.0000	0.0000	0.0000	0.0000	0.0000	0.0000	0.0000	0.0000	0.0000	0.0000	0.0000	0.0654	0.0576	0.0078	0.0241	0.0228	0.0014	0.0413	0.0349	0.0064	0.1436	0.0992	0.0444	0.0921	0.0723	0.0198	0.0515	0.0270	0.0246	0.0000	0.0000	0.0000	0.0000	0.0000	0.0000	0.0000	0.0000	0.0000	0.0003	0.0004	0.0000	0.0002	0.0003	0.0000	0.0004	0.0008	0.0000	
41	85	0.6473	8	1	1	1	0	0	0	0	0	N	N	N	N	N	N	N	N	N	N	N	N	0.0000	0.0000	0.0000	0.0000	0.0000	0.0000	0.0000	0.0000	0.0000	0.0000	0.0000	0.0000	0.0000	0.0000	0.0000	0.0000	0.0000	0.0000	0.0004	0.0004	0.0002	0.0002	0.0002	0.0002	0.0007	0.0010	0.0003	0.2351	0.0000	-0.0000	8.1446	0.9968	10.2519	7.6169	0.0000	0.0000	0.0000	0.0000	0.0000	0.0000	0.0000	0.0000	0.0000	0.0001	0.0001	0.0000	0.0000	0.0000	0.0000	0.0001	0.0000	0.0000	0.0652	0.0575	0.0077	0.0243	0.0229	0.0014	0.0409	0.0346	0.0064	0.2529	0.1739	0.0790	0.1734	0.1322	0.0412	0.0794	0.0417	0.0378	0.0000	0.0000	0.0000	0.0000	0.0000	0.0000	0.0000	0.0000	0.0000	0.0004	0.0004	0.0002	0.0002	0.0002	0.0002	0.0007	0.0010	0.0003	
41	86	0.6673	7	1	2	0	0	0	0	0	0	N	Y	N	N	N	N	N	N	N	N	N	N	20.5571	24.8892	0.0000	30.4741	40.6639	0.0000	0.0000	0.0000	0.0000	1.8097	2.0767	0.0000	4.7002	5.0130	0.0000	0.0000	0.0000	0.0000	0.0880	0.0834	0.0998	0.1542	0.1233	0.3402	0.0022	0.0016	0.0030	0.0000	0.4663	-0.3399	-0.0040	8.1446	5.8060	10.2519	6.1034	0.7707	0.7707	0.0000	0.7707	0.7707	0.0000	0.0000	0.0000	0.0000	0.0284	0.0194	0.0090	0.0281	0.0193	0.0088	0.0003	0.0001	0.0002	0.4259	0.3711	0.0548	0.1640	0.1537	0.0102	0.2619	0.2174	0.0445	0.3228	0.2322	0.0905	0.1822	0.1562	0.0260	0.1406	0.0761	0.0645	20.5571	24.8892	0.0000	30.4741	40.6639	0.0000	0.0000	0.0000	0.0000	0.0880	0.0834	0.0998	0.1542	0.1233	0.3402	0.0022	0.0016	0.0030
41	87	0.5734	6	1	2	0	0	0	0	0	0	N	Y	N	N	N	N	N	N	N	N	N	N	189.5780	153.1118	1.0195	336.8626	292.0778	21.2982	0.0158	0.2443	0.0000	2.8275	3.2138	0.0014	8.4204	8.8963	0.0094	0.0000	0.0000	0.0000	0.0149	0.0210	0.0014	0.0250	0.0305	0.0004	0.0009	0.0001	0.0019	0.0001	0.0296	-0.8665	-0.0041	8.1446	12.2869	10.2519	21.7146	1.9647	1.9646	0.0001	1.9647	1.9646	0.0001	0.0000	0.0000	0.0000	0.0096	0.0094	0.0003	0.0094	0.0093	0.0000	0.0003	0.0000	0.0002	0.6949	0.6113	0.0836	0.2333	0.2208	0.0125	0.4615	0.3905	0.0711	0.6461	0.4459	0.2002	0.3752	0.3069	0.0683	0.2709	0.1389	0.1319	189.5780	153.1118	1.0195	336.8626	292.0778	21.2982	0.0158	0.2443	0.0000	0.0149	0.0210	0.0014	0.0250	0.0305	0.0004	0.0009	0.0001	0.0019
41	88	0.6699	9	0	2	0	0	0	0	0	0	N	Y	N	N	N	N	N	N	N	N	N	N	1289.0507	1009.8118	3708.0687	1035.4994	853.8758	0.0000	6812.9632	4336.9026	5061.7694	3.8963	4.4068	0.1114	4.5019	4.7716	0.0000	3.5421	4.1684	0.1351	0.0030	0.0044	0.0000	0.0043	0.0056	0.0000	0.0005	0.0010	0.0000	0.0034	0.0031	-0.4391	-0.0005	8.1446	4.0005	10.2519	9.0093	1.0031	0.9997	0.0034	0.4278	0.4278	0.0000	0.5753	0.5719	0.0034	0.0011	0.0011	0.0000	0.0010	0.0010	0.0000	0.0001	0.0001	0.0000	0.2574	0.2268	0.0306	0.0950	0.0896	0.0054	0.1624	0.1372	0.0252	0.3568	0.2464	0.1104	0.2333	0.1812	0.0521	0.1235	0.0652	0.0583	1289.0507	1009.8118	3708.0687	1035.4994	853.8758	0.0000	6812.9632	4336.9026	5061.7694	0.0030	0.0044	0.0000	0.0043	0.0056	0.0000	0.0005	0.0010	0.0000
41	89	0.6473	8	0	2	0	0	0	0	0	0	N	Y	N	N	N	N	N	N	N	N	N	N	23.6459	25.9803	0.7606	24.4009	27.4378	0.0000	28.1416	25.9871	1.6195	0.0063	0.0071	0.0002	0.0072	0.0076	0.0000	0.0057	0.0067	0.0002	0.0003	0.0003	0.0002	0.0003	0.0003	0.0003	0.0002	0.0003	0.0001	0.0036	0.4107	-0.0002	-0.0000	8.1446	1.0051	10.2519	9.2650	0.0004	0.0004	0.0000	0.0002	0.0002	0.0000	0.0002	0.0002	0.0000	0.0001	0.0001	0.0000	0.0001	0.0000	0.0000	0.0000	0.0000	0.0000	0.0658	0.0580	0.0078	0.0245	0.0231	0.0014	0.0413	0.0349	0.0064	0.2847	0.1962	0.0885	0.1937	0.1483	0.0454	0.0910	0.0479	0.0431	23.6459	25.9803	0.7606	24.4009	27.4378	0.0000	28.1416	25.9871	1.6195	0.0003	0.0003	0.0002	0.0003	0.0003	0.0003	0.0002	0.0003	0.0001
41	90	0.6957	8	0	1	1	0	0	0	0	0	N	N	N	N	N	N	N	N	N	N	N	N	3.1030	3.8718	0.0000	5.7396	6.0300	0.0000	0.0000	0.0000	0.0000	0.0173	0.0195	0.0000	0.0440	0.0463	0.0000	0.0000	0.0000	0.0000	0.0056	0.0050	0.0071	0.0077	0.0077	0.0076	0.0030	0.0000	0.0069	0.0000	0.5245	-0.0013	-0.0001	8.1446	2.3559	10.2519	7.1930	0.0028	0.0028	0.0000	0.0028	0.0028	0.0000	0.0000	0.0000	0.0000	0.0013	0.0009	0.0004	0.0010	0.0009	0.0001	0.0003	0.0000	0.0003	0.1638	0.1458	0.0180	0.0646	0.0613	0.0032	0.0992	0.0845	0.0147	0.2329	0.1697	0.0632	0.1287	0.1111	0.0175	0.1042	0.0586	0.0456	3.1030	3.8718	0.0000	5.7396	6.0300	0.0000	0.0000	0.0000	0.0000	0.0056	0.0050	0.0071	0.0077	0.0077	0.0076	0.0030	0.0000	0.0069
41	91	0.6629	7	0	1	0	0	0	0	0	0	N	N	N	N	N	N	N	N	N	N	N	N	0.1170	3.9498	0.0000	0.0345	0.7898	0.0000	0.1761	721.6201	0.0000	0.0087	0.0097	0.0000	0.0026	0.0027	0.0000	0.0128	0.0149	0.0000	0.0745	0.0025	0.2686	0.0756	0.0035	0.5092	0.0729	0.0000	0.1570	0.0000	40.5905	-0.0014	0.0259	8.1446	4.9284	10.2519	11.0439	0.0032	0.0032	0.0000	0.0004	0.0004	0.0000	0.0028	0.0028	0.0000	0.0500	0.0012	0.0488	0.0305	0.0012	0.0293	0.0195	0.0000	0.0195	0.3704	0.3327	0.0377	0.1492	0.1423	0.0069	0.2213	0.1904	0.0309	0.6714	0.4896	0.1818	0.4039	0.3463	0.0576	0.2675	0.1433	0.1242	0.1170	3.9498	0.0000	0.0345	0.7898	0.0000	0.1761	721.6201	0.0000	0.0745	0.0025	0.2686	0.0756	0.0035	0.5092	0.0729	0.0000	0.1570
41	92	0.5734	6	0	1	0	0	0	0	0	0	N	N	N	N	N	N	N	N	N	N	N	N	0.0009	0.1916	0.0001	0.0002	0.0485	0.0000	0.0024	0.4808	0.0004	0.0017	0.0018	0.0007	0.0005	0.0006	0.0000	0.0023	0.0026	0.0009	1.9528	0.0096	6.2806	2.6673	0.0115	21.6366	0.9619	0.0053	1.9676	0.0548	293.9283	-0.0002	0.6652	8.1446	3.9161	10.2519	29.2065	0.0004	0.0004	0.0000	0.0000	0.0000	0.0000	0.0003	0.0003	0.0000	1.2358	0.0042	1.2316	0.9808	0.0035	0.9773	0.2551	0.0007	0.2543	0.2290	0.2012	0.0278	0.0769	0.0727	0.0041	0.1521	0.1284	0.0237	0.6329	0.4368	0.1961	0.3677	0.3009	0.0668	0.2652	0.1359	0.1293	0.0009	0.1916	0.0001	0.0002	0.0485	0.0000	0.0024	0.4808	0.0004	1.9528	0.0096	6.2806	2.6673	0.0115	14.6215	0.9619	0.0053	1.9676
41	93	0.1053	2	1	2	0	0	0	0	0	0	N	Y	N	N	N	N	N	N	N	N	N	N	0.3824	0.3059	0.3448	1.3218	1.2295	0.0000	0.0321	0.0228	0.3875	0.3173	0.4166	0.0000	0.8332	0.8592	0.0000	0.0299	0.0464	0.0000	0.8297	1.3620	0.0000	0.6304	0.6988	0.0000	0.9320	2.0314	0.0000	0.0000	0.0000	-0.0666	-0.2996	8.1446	2.5103	10.2519	7.4742	0.1510	0.1510	0.0000	0.1418	0.1418	0.0000	0.0091	0.0091	0.0000	0.6537	0.6537	0.0000	0.1685	0.1685	0.0000	0.4852	0.4852	0.0000	0.4758	0.3623	0.1135	0.1702	0.1650	0.0052	0.3056	0.1973	0.1083	0.7880	0.4800	0.3080	0.2673	0.2411	0.0262	0.5207	0.2389	0.2818	0.3824	0.3059	0.3448	1.3218	1.2295	0.0000	0.0321	0.0228	0.3875	0.8297	1.3620	0.0000	0.6304	0.6988	0.0000	0.9320	2.0314	0.0000
41	95	0.6473	8	1	2	0	0	0	0	0	0	N	Y	N	N	N	N	N	N	N	N	N	N	29292.2788	34.8338	326313.8056	22184.0271	60.2268	370430.8575	inf	inf	inf	1.9818	0.0026	16.7869	2.3063	0.0062	40.8977	1.7928	0.0003	11.6508	0.0001	0.0001	0.0001	0.0001	0.0001	0.0001	0.0000	0.0000	0.0000	862.0517	0.3005	0.5584	-0.0000	8.1446	8.0000	10.2519	22.5660	1.0011	0.0012	1.0000	0.4289	0.0011	0.4278	0.5722	0.0001	0.5722	0.0000	0.0000	0.0000	0.0000	0.0000	0.0000	0.0000	0.0000	0.0000	0.5052	0.4456	0.0596	0.1860	0.1755	0.0105	0.3192	0.2701	0.0491	0.6397	0.4453	0.1944	0.4163	0.3257	0.0906	0.2234	0.1196	0.1038	29292.2788	34.8338	326313.8056	22184.0271	60.2268	370430.8575	inf	inf	inf	0.0001	0.0001	0.0001	0.0001	0.0001	0.0001	0.0000	0.0000	0.0000
41	96	0.5734	6	0	1	0	0	0	0	0	0	N	N	N	N	N	N	N	N	N	N	N	N	6300.5357	20710.9986	1606.8359	287710.2411	248970.7162	0.0000	542.4913	704.1046	1246.5453	3.1648	3.3198	2.0316	8.1789	8.6418	0.0000	0.6300	0.3097	2.3887	0.0005	0.0002	0.0013	0.0000	0.0000	0.0000	0.0012	0.0004	0.0019	0.0837	3.5402	-0.7822	0.0001	8.1446	11.9964	10.2519	18.8414	2.1496	1.9836	0.1660	1.8653	1.8653	0.0000	0.2842	0.1182	0.1660	0.0003	0.0001	0.0002	0.0000	0.0000	0.0000	0.0003	0.0001	0.0002	0.6792	0.5975	0.0817	0.2281	0.2159	0.0122	0.4511	0.3816	0.0695	0.5980	0.4128	0.1853	0.3479	0.2848	0.0630	0.2502	0.1279	0.1222	6300.5357	20710.9986	1606.8359	287710.2411	248970.7162	0.0000	542.4913	704.1046	1246.5453	0.0005	0.0002	0.0013	0.0000	0.0000	0.0000	0.0012	0.0004	0.0019
41	98	0.6778	10	1	2	1	0	0	0	0	0	N	Y	N	N	N	N	N	N	N	N	N	N	0.1502	0.0000	0.6653	0.0000	0.0000	0.0000	6.3395	17.8397	0.0001	0.0000	0.0004	0.0000	0.0000	0.0000	0.0001	0.0000	0.0005	0.0003	0.0002	0.0006	0.0005	0.0003	0.0013	0.0000	0.0000	0.0000	inf	1.2915	0.0000	0.0000	8.1446	0.9502	10.2519	16.1595	0.0000	0.0000	0.0000	0.0000	0.0000	0.0000	0.0000	0.0000	0.0000	0.0001	0.0001	0.0001	0.0001	0.0001	0.0001	0.0000	0.0000	0.0000	0.0627	0.0553	0.0074	0.0233	0.0220	0.0013	0.0394	0.0333	0.0061	0.3974	0.2802	0.1172	0.2564	0.2008	0.0556	0.1409	0.0794	0.0616	0.1502	0.0000	0.6653	0.0000	0.0000	0.0000	6.3395	0.0000	17.8397	0.0003	0.0002	0.0006	0.0005	0.0003	0.0013	0.0000	0.0000	0.0000	
41	99	0.5734	6	0	2	0	0	0	0	0	0	N	Y	N	N	N	N	N	N	N	N	N	N	7959.5547	29568.4879	0.0000	20426.0123	18728.2515	0.0000	4312.4108	inf	0.0000	4.3796	4.9786	0.0000	4.3139	4.5581	0.0000	4.4129	5.2164	0.0000	0.0006	0.0002	0.0014	0.0002	0.0002	0.0001	0.0010	0.0000	0.0021	0.0000	3.7338	-1.3122	0.0001	8.1446	11.9964	10.2519	15.6499	2.9747	2.9747	0.0000	0.9839	0.9839	0.0000	1.9908	1.9908	0.0000	0.0003	0.0001	0.0002	0.0001	0.0001	0.0000	0.0002	0.0000	0.0002	0.6792	0.5975	0.0817	0.2281	0.2159	0.0122	0.4511	0.3816	0.0695	0.5482	0.3785	0.1698	0.3194	0.2618	0.0575	0.2289	0.1166	0.1122	7959.5547	29568.4879	0.0000	20426.0123	18728.2515	0.0000	4312.4108	inf	0.0000	0.0006	0.0002	0.0014	0.0002	0.0002	0.0001	0.0010	0.0000	0.0021
41	100	0.6808	11	1	1	1	0	0	0	0	0	N	N	N	N	N	N	N	N	N	N	N	N	0.0042	0.0000	0.0106	0.0000	0.0000	0.0000	0.0257	0.0000	0.0763	0.0000	0.0000	0.0000	0.0000	0.0000	0.0000	0.0000	0.0000	0.0000	0.0002	0.0000	0.0008	0.0003	0.0000	0.0016	0.0001	0.0000	0.0001	inf	190.2602	0.0000	0.0000	8.1446	1.0008	10.2519	13.9255	0.0000	0.0000	0.0000	0.0000	0.0000	0.0000	0.0000	0.0000	0.0000	0.0001	0.0000	0.0001	0.0001	0.0000	0.0001	0.0000	0.0000	0.0000	0.0659	0.0581	0.0078	0.0244	0.0231	0.0014	0.0415	0.0350	0.0064	0.3456	0.2425	0.1030	0.2245	0.1756	0.0489	0.1210	0.0669	0.0542	0.0042	0.0000	0.0106	0.0000	0.0000	0.0000	0.0257	0.0000	0.0763	0.0002	0.0000	0.0008	0.0003	0.0000	0.0016	0.0001	0.0000	0.0001
41	101	0.6778	10	1	1	1	0	0	0	0	0	N	N	N	N	N	N	N	N	N	N	N	N	0.5844	0.0191	2.7836	0.0235	0.0364	0.0000	12.0912	0.0000	56.2738	0.0009	0.0000	0.0073	0.0000	0.0001	0.0000	0.0014	0.0000	0.0088	0.0015	0.0011	0.0026	0.0021	0.0014	0.0047	0.0001	0.0001	0.0002	46.5424	0.8639	0.0000	0.0000	8.1446	0.0532	10.2519	2.0467	0.0000	0.0000	0.0000	0.0000	0.0000	0.0000	0.0000	0.0000	0.0000	0.0002	0.0001	0.0001	0.0002	0.0001	0.0001	0.0000	0.0000	0.0000	0.0036	0.0032	0.0004	0.0014	0.0013	0.0001	0.0023	0.0019	0.0004	0.1049	0.0769	0.0280	0.0735	0.0582	0.0153	0.0314	0.0187	0.0127	0.5844	0.0191	2.7836	0.0235	0.0364	0.0000	12.0912	0.0000	56.2738	0.0015	0.0011	0.0026	0.0021	0.0014	0.0047	0.0001	0.0001	0.0002
41	102	0.6682	9	1	1	1	0	0	0	0	0	N	N	N	N	N	N	N	N	N	N	N	N	26.4383	0.0044	118.9352	0.0042	0.0072	0.0000	891.4270	0.0112	9555.4624	0.0248	0.0000	0.2104	0.0000	0.0000	0.0000	0.0397	0.0000	0.2556	0.0009	0.0006	0.0018	0.0013	0.0008	0.0032	0.0000	0.0001	0.0000	10173.7060	1.0551	0.0019	0.0000	8.1446	2.0948	10.2519	3.0326	0.0034	0.0000	0.0034	0.0000	0.0000	0.0000	0.0034	0.0000	0.0034	0.0002	0.0001	0.0001	0.0002	0.0001	0.0001	0.0000	0.0000	0.0000	0.1373	0.1211	0.0161	0.0517	0.0488	0.0029	0.0856	0.0723	0.0133	0.1688	0.1230	0.0459	0.1163	0.0914	0.0248	0.0526	0.0315	0.0210	26.4383	0.0044	118.9352	0.0042	0.0072	0.0000	891.4270	0.0112	9555.4624	0.0009	0.0006	0.0018	0.0013	0.0008	0.0032	0.0000	0.0001	0.0000
41	103	0.6473	8	1	1	1	0	0	0	0	0	N	N	N	N	N	N	N	N	N	N	N	N	8.5024	7.3312	1.8284	22.3196	19.5803	0.0239	0.9376	0.6088	2.1203	0.0046	0.0052	0.0003	0.0115	0.0122	0.0000	0.0006	0.0006	0.0004	0.0005	0.0007	0.0002	0.0005	0.0006	0.0002	0.0006	0.0010	0.0002	0.0085	0.1147	-0.0005	-0.0000	8.1446	3.9484	10.2519	4.8420	0.0012	0.0012	0.0000	0.0011	0.0011	0.0000	0.0001	0.0001	0.0000	0.0001	0.0001	0.0000	0.0001	0.0001	0.0000	0.0000	0.0000	0.0000	0.2539	0.2238	0.0300	0.0937	0.0885	0.0053	0.1601	0.1354	0.0248	0.2563	0.1763	0.0800	0.1756	0.1339	0.0417	0.0807	0.0423	0.0383	8.5024	7.3312	1.8284	22.3196	19.5803	0.0239	0.9376	0.6088	2.1203	0.0005	0.0007	0.0002	0.0005	0.0006	0.0002	0.0006	0.0010	0.0002
41	104	0.6057	7	0	2	0	0	0	0	0	0	N	Y	N	N	N	N	N	N	N	N	N	N	0.0258	0.0313	0.0000	0.0498	0.0436	0.0000	0.0008	2.5215	0.0000	0.1081	0.1213	0.0000	0.2548	0.2708	0.0000	0.0024	0.0028	0.0000	4.1920	3.8751	4.2303	5.1147	6.2077	0.0022	2.9296	0.0011	6.0114	0.0000	0.4865	-0.0313	-0.3905	8.1446	8.9557	10.2519	32.3127	0.0709	0.0709	0.0000	0.0700	0.0700	0.0000	0.0009	0.0009	0.0000	2.9795	2.0043	0.9752	2.0043	2.0041	0.0001	0.9752	0.0002	0.9750	0.6561	0.5845	0.0716	0.2747	0.2585	0.0163	0.3813	0.3260	0.0553	0.7477	0.5172	0.2305	0.4149	0.3465	0.0683	0.3329	0.1707	0.1622	0.0271	0.0313	0.0000	0.0527	0.0468	0.0000	0.0008	2.5215	0.0000	3.9846	3.8751	4.2303	4.8311	5.7831	0.0022	2.9296	0.0011	6.0114
41	105	0.6311	8	0	1	1	0	0	0	0	0	N	N	N	N	N	N	N	N	N	N	N	N	288.9794	280.1103	0.0000	704.5861	656.6044	0.0000	0.0000	0.0000	0.0000	0.0024	0.0027	0.0000	0.0053	0.0057	0.0000	0.0000	0.0000	0.0000	0.0000	0.0000	0.0000	0.0000	0.0000	0.0000	0.0000	0.0000	0.0000	0.0000	0.2466	-0.0003	-0.0000	8.1446	4.2679	10.2519	7.8415	0.0007	0.0007	0.0000	0.0007	0.0007	0.0000	0.0000	0.0000	0.0000	0.0000	0.0000	0.0000	0.0000	0.0000	0.0000	0.0000	0.0000	0.0000	0.3167	0.2798	0.0369	0.1411	0.1315	0.0096	0.1756	0.1484	0.0272	0.2849	0.1957	0.0892	0.1599	0.1346	0.0253	0.1250	0.0611	0.0639	288.9794	280.1103	0.0000	704.5861	656.6044	0.0000	0.0000	0.0000	0.0000	0.0000	0.0000	0.0000	0.0000	0.0000	0.0000	0.0000	0.0000	0.0000
41	106	0.6057	7	0	1	0	0	0	0	0	0	N	N	N	N	N	N	N	N	N	N	N	N	4.1051	3.2078	5.3888	6.3340	5.7254	0.0015	0.2828	0.0965	6.4243	0.3163	0.3437	0.0368	0.5959	0.6338	0.0000	0.0152	0.0095	0.0564	0.0770	0.1071	0.0068	0.0941	0.1107	0.0022	0.0538	0.0988	0.0088	0.0105	0.0273	-0.0309	-0.0090	8.1446	1.9301	10.2519	9.0954	0.0717	0.0709	0.0007	0.0700	0.0700	0.0000	0.0017	0.0009	0.0007	0.0208	0.0202	0.0006	0.0147	0.0146	0.0001	0.0061	0.0056	0.0005	0.2265	0.2063	0.0202	0.1175	0.1104	0.0070	0.1091	0.0959	0.0132	0.2699	0.1889	0.0809	0.1559	0.1320	0.0239	0.1140	0.0569	0.0571	4.1051	3.2078	5.3888	6.3340	5.7254	0.0015	0.2828	0.0965	6.4243	0.0770	0.1071	0.0068	0.0941	0.1107	0.0022	0.0538	0.0988	0.0088
41	107	0.5734	6	0	1	0	0	0	0	0	0	N	N	N	N	N	N	N	N	N	N	N	N	1.2604	0.9929	0.0071	1.7258	1.4549	0.0000	0.0017	0.0001	0.0058	4.0056	4.5592	0.0002	11.9330	12.6110	0.0000	0.0000	0.0000	0.0002	3.1781	4.5917	0.0257	6.9143	8.6680	0.0008	0.0196	0.0015	0.0374	0.0000	0.0025	-0.4035	-0.4520	8.1446	3.9049	10.2519	9.6098	0.9147	0.9147	0.0000	0.9147	0.9147	0.0000	0.0000	0.0000	0.0000	0.9915	0.9890	0.0025	0.9889	0.9889	0.0000	0.0026	0.0001	0.0025	0.2283	0.2006	0.0277	0.0766	0.0725	0.0041	0.1517	0.1281	0.0236	0.3120	0.2155	0.0964	0.1816	0.1510	0.0306	0.1304	0.0646	0.0658	1.2604	0.9936	0.0071	2.1914	1.9255	0.0000	0.0017	0.0001	0.0058	3.1781	4.5884	0.0257	5.4453	6.5495	0.0008	0.0196	0.0015	0.0374
41	108	0.5946	8	0	2	0	0	0	0	0	0	N	Y	N	N	N	N	N	N	N	N	N	N	0.0000	0.0000	0.0000	0.0000	0.0000	0.0000	0.0000	0.0000	0.0000	0.0000	0.0000	0.0000	0.0000	0.0000	0.0000	0.0000	0.0000	0.0000	3.2016	2.3293	5.1184	2.9787	3.6295	0.0001	3.4606	0.0001	7.3983	0.9999	0.0000	0.0832	8.1446	8.0392	10.2519	22.6195	0.0000	0.0000	0.0000	0.0000	0.0000	0.0000	0.0000	0.0000	0.0000	2.0000	1.0000	0.9999	1.0000	1.0000	0.0000	1.0000	0.0000	0.9999	0.4905	0.4320	0.0585	0.1755	0.1656	0.0099	0.3150	0.2664	0.0486	0.6247	0.4293	0.1954	0.3357	0.2755	0.0602	0.2890	0.1538	0.1352	0.0000	0.0000	0.0000	0.0000	0.0000	0.0000	0.0000	0.0000	0.0000	3.2016	2.3293	5.1184	2.9787	3.6295	0.0001	3.4606	0.0001	7.3983	
41	109	0.5946	7	0	1	0	0	0	0	0	0	N	N	N	N	N	N	N	N	N	N	N	N	0.0000	0.0000	0.0000	0.0000	0.0000	0.0000	0.0000	0.0000	0.0000	0.0000	0.0000	0.0000	0.0000	0.0000	0.0000	0.0000	0.0000	0.0000	0.0014	0.0012	0.0019	0.0013	0.0014	0.0003	0.0014	0.0008	0.0024	0.5139	0.0000	-0.0000	8.1446	0.2031	10.2519	2.0398	0.0000	0.0000	0.0000	0.0000	0.0000	0.0000	0.0000	0.0000	0.0000	0.0002	0.0001	0.0001	0.0001	0.0001	0.0000	0.0001	0.0000	0.0001	0.0128	0.0113	0.0015	0.0046	0.0043	0.0003	0.0082	0.0069	0.0013	0.1383	0.1050	0.0332	0.0747	0.0671	0.0076	0.0636	0.0380	0.0257	0.0000	0.0000	0.0000	0.0000	0.0000	0.0000	0.0000	0.0000	0.0000	0.0014	0.0012	0.0019	0.0013	0.0014	0.0003	0.0014	0.0008	0.0024	
41	110	0.1665	3	1	1	1	0	0	0	0	0	N	N	N	N	N	N	N	N	N	N	N	N	0.0000	0.0000	0.0000	0.0000	0.0000	0.0000	0.0000	0.0000	0.0000	0.0000	0.0000	0.0000	0.0000	0.0000	0.0000	0.0000	0.0000	0.0000	0.0000	0.0000	8.1446	0.0001	10.2519	0.0001	0.0000	0.0000	0.0000	0.0000	0.0000	0.0000	0.0000	0.0000	0.0000	0.0000	0.0000	0.0000	0.0000	0.0000	0.0000	0.0000	0.0000	0.0000	0.0081	0.0064	0.0017	0.0041	0.0041	0.0000	0.0041	0.0023	0.0017	0.0001	0.0001	0.0000	0.0001	0.0001	0.0000	0.0001	0.0000	0.0000	0.0000	0.0000	0.0000	0.0000	0.0000	0.0000	0.0000	0.0000	0.0000	0.0000	0.0000	0.0000	0.0000	0.0000	0.0000	0.0000	0.0000	0.0000											
41	111	0.1526	2	1	1	1	0	0	0	0	0	N	N	N	N	N	N	N	N	N	N	N	N	137.7861	1981.2482	0.9574	881.7824	1289.9620	1.0016	57.5596	3493962.2551	1.1598	0.6432	0.7805	0.0112	1.0888	1.2569	0.0030	0.3495	0.4372	0.0148	0.0047	0.0004	0.0117	0.0012	0.0010	0.0030	0.0061	0.0000	0.0127	0.0031	18.0029	-0.0708	0.0006	8.1446	1.6718	10.2519	2.9223	0.1616	0.1611	0.0005	0.1087	0.1087	0.0000	0.0529	0.0525	0.0005	0.0012	0.0001	0.0011	0.0001	0.0001	0.0000	0.0011	0.0000	0.0011	0.2513	0.2064	0.0448	0.0998	0.0864	0.0134	0.1514	0.1200	0.0315	0.2583	0.1611	0.0972	0.0750	0.0651	0.0098	0.1834	0.0960	0.0874	137.7861	1981.2482	0.9574	881.7824	1289.9620	1.0016	57.5596	3493962.2551	1.1598	0.0047	0.0004	0.0117	0.0012	0.0010	0.0030	0.0061	0.0000	0.0127
41	115	0.6536	8	1	1	1	0	0	0	0	0	N	N	N	N	N	N	N	N	N	N	N	N	0.0000	0.0000	0.0000	0.0000	0.0000	0.0000	0.0000	0.0000	0.0000	0.0000	0.0000	0.0000	0.0000	0.0000	0.0000	0.0000	0.0000	0.0000	11.9696	21.8357	0.0290	36.9856	50.9724	0.0000	0.0480	0.0406	0.0563	0.0011	0.0000	-0.4548	8.1446	1.0009	10.2519	4.0038	0.0000	0.0000	0.0000	0.0000	0.0000	0.0000	0.0000	0.0000	0.0000	0.9946	0.9935	0.0011	0.9926	0.9926	0.0000	0.0020	0.0009	0.0011	0.0643	0.0566	0.0077	0.0222	0.0210	0.0012	0.0421	0.0356	0.0065	0.1180	0.0803	0.0377	0.0768	0.0585	0.0183	0.0412	0.0218	0.0194	0.0000	0.0000	0.0000	0.0000	0.0000	0.0000	0.0000	0.0000	0.0000	8.4273	12.3722	0.0290	12.9232	16.9644	0.0000	0.0480	0.0406	0.0563	
41	116	0.6253	7	1	1	1	0	0	0	0	0	N	N	N	N	N	N	N	N	N	N	N	N	0.0022	0.2239	0.0000	0.4011	0.3483	0.0000	0.0000	0.4626	0.0000	0.0072	0.0081	0.0000	0.0170	0.0178	0.0000	0.0004	0.0005	0.0000	3.3032	0.0363	22.3807	0.0423	0.0511	0.0044	8.4788	0.0011	40.0289	0.0000	127.5087	-0.0005	0.5140	8.1446	1.8441	10.2519	10.4794	0.0011	0.0011	0.0000	0.0011	0.0011	0.0000	0.0000	0.0000	0.0000	0.9628	0.0075	0.9553	0.0076	0.0074	0.0001	0.9552	0.0001	0.9552	0.1588	0.1403	0.0185	0.0649	0.0620	0.0029	0.0939	0.0784	0.0155	0.2915	0.2063	0.0852	0.1788	0.1454	0.0334	0.1127	0.0609	0.0518	0.0022	0.2239	0.0000	0.4011	0.3483	0.0000	0.0000	0.4626	0.0000	3.3032	0.0363	11.2102	0.0423	0.0511	0.0044	8.4788	0.0011	18.4359
41	117	0.3372	5	0	2	0	1	0	0	0	0	N	Y	N	N	N	N	N	N	N	N	N	N	0.4777	0.3651	0.0000	0.0200	0.0192	0.0000	106.5691	956.1128	0.0000	0.7268	0.8124	0.0000	0.0846	0.0877	0.0000	1.0789	1.2599	0.0000	1.5217	2.2248	0.0199	4.2288	4.5551	0.0126	0.0101	0.0013	0.0206	0.0000	0.0042	-0.2729	-0.6857	8.1446	10.5071	10.2519	20.2622	0.6187	0.6187	0.0000	0.0255	0.0255	0.0000	0.5932	0.5932	0.0000	1.5098	1.5035	0.0063	1.5034	1.5030	0.0003	0.0064	0.0005	0.0060	0.8513	0.7617	0.0896	0.3014	0.2908	0.0106	0.5499	0.4709	0.0790	0.9922	0.6758	0.3164	0.3555	0.3300	0.0255	0.6367	0.3458	0.2909	0.4777	0.3651	0.0000	0.0200	0.0192	0.0000	106.5691	956.1128	0.0000	1.5217	2.2248	0.0199	4.2288	4.5551	0.0126	0.0101	0.0013	0.0206
41	118	0.5734	6	0	2	0	1	0	0	0	0	N	Y	N	N	N	N	N	N	N	N	N	N	0.0000	0.0000	0.0000	0.0000	0.0000	0.0000	0.0000	0.0000	0.0000	0.0000	0.0000	0.0000	0.0000	0.0000	0.0000	0.0000	0.0000	1.6901	2.4477	0.0020	2.9040	3.5460	0.0001	0.0015	0.0000	0.0030	0.0004	0.0000	-0.4582	8.1446	4.0036	10.2519	26.5072	0.0000	0.0000	0.0000	0.0000	0.0000	0.0000	0.0000	0.0000	0.0000	1.0005	1.0001	0.0004	1.0001	1.0001	0.0000	0.0004	0.0000	0.0004	0.2335	0.2052	0.0284	0.0784	0.0742	0.0042	0.1551	0.1310	0.0241	0.5920	0.4086	0.1834	0.3444	0.2820	0.0624	0.2476	0.1265	0.1210	0.0000	0.0000	0.0000	0.0000	0.0000	0.0000	0.0000	0.0000	0.0000	1.6901	2.4477	0.0020	2.9040	3.5460	0.0001	0.0015	0.0000	0.0030		
41	119	0.6118	7	0	2	0	0	0	0	0	0	N	Y	N	N	N	N	N	N	N	N	N	N	0.4106	2254.7847	0.0000	7.9213	16.2587	0.0000	0.2761	1659.6164	0.0000	0.7022	0.7817	0.0000	0.0021	0.0022	0.0000	1.3755	1.6274	0.0000	1.7101	0.0003	6.0619	0.0003	0.0001	0.0009	4.9818	0.0010	13.9376	0.0000	6869.9749	-0.1081	0.5228	8.1446	3.8169	10.2519	21.2433	0.2450	0.2450	0.0000	0.0004	0.0004	0.0000	0.2447	0.2447	0.0000	0.9655	0.0001	0.9653	0.0001	0.0000	0.0001	0.9654	0.0001	0.9653	0.3490	0.3135	0.0355	0.1711	0.1631	0.0080	0.1779	0.1504	0.0275	0.5646	0.4053	0.1592	0.3708	0.3050	0.0658	0.1938	0.1003	0.0935	0.4106	2254.7847	0.0000	7.9213	16.2587	0.0000	0.2761	1659.6164	0.0000	1.7101	0.0003	6.0619	0.0003	0.0001	0.0009	4.9818	0.0010	10.3263
41	120	0.3906	7	0	2	0	0	0	0	0	0	N	Y	N	N	N	N	N	N	N	N	N	N	0.2826	0.0006	30921.2385	0.0950	0.0427	150.0919	0.2895	0.0000	69132.8002	0.3425	0.0010	2.9323	0.0057	0.0029	0.0812	0.5108	0.0000	3.2658	1.2117	1.8524	0.0001	0.0605	0.0673	0.0005	1.7642	3.2830	0.0000	369.3977	0.0000	0.2080	-0.6680	8.1446	16.3276	10.2519	34.9199	0.3740	0.0010	0.3730	0.0021	0.0010	0.0011	0.3719	0.0000	0.3719	1.4573	1.4573	0.0000	0.0236	0.0236	0.0000	1.4337	1.4337	0.0000	1.0922	0.9650	0.1272	0.3641	0.3508	0.0133	0.7281	0.6142	0.1139	1.2027	0.7867	0.4160	0.3901	0.3500	0.0401	0.8127	0.4367	0.3760	0.2826	0.0006	30921.2385	0.0950	0.0427	150.0919	0.2895	0.0000	69132.8002	1.2117	1.8524	0.0001	0.0605	0.0673	0.0005	1.7642	3.2830	0.0000
41	121	0.3733	6	0	2	0	0	0	0	0	0	N	Y	N	N	N	N	N	N	N	N	N	N	1.2583	0.5112	100.0146	1.3092	1.2375	11.6985	1.2226	0.0019	100.3615	1.0062	0.5933	3.2368	1.4355	1.4788	0.1192	0.7762	0.0022	3.4758	0.7997	1.1605	0.0324	1.0965	1.1950	0.0102	0.6349	1.1285	0.0346	1.0101	0.0131	0.0308	-0.2373	8.1446	6.1757	10.2519	14.5601	0.5014	0.2495	0.2520	0.2496	0.2489	0.0007	0.2519	0.0005	0.2513	0.5327	0.5258	0.0069	0.2608	0.2606	0.0002	0.2720	0.2653	0.0067	0.4983	0.4205	0.0778	0.1739	0.1683	0.0055	0.3245	0.2522	0.0723	0.6662	0.4531	0.2131	0.2378	0.2181	0.0198	0.4283	0.2351	0.1933	1.2583	0.5112	100.0146	1.3092	1.2375	11.6985	1.2226	0.0019	100.3615	0.7997	1.1605	0.0324	1.0965	1.1950	0.0102	0.6349	1.1285	0.0346
41	122	0.3203	5	0	1	0	0	0	0	0	0	N	N	N	N	N	N	N	N	N	N	N	N	3.1461	1.2456	308.8351	1.7126	1.4881	1157.8398	5.2007	0.9629	306.2600	2.1462	1.2743	8.8533	2.3394	2.1967	5.8279	2.0352	0.6691	9.2841	0.6822	1.0230	0.0287	1.3660	1.4762	0.0050	0.3913	0.6948	0.0303	0.9033	0.0146	0.0434	-0.2479	8.1446	7.5400	10.2519	21.4192	1.2968	0.6814	0.6154	0.5158	0.4653	0.0505	0.7810	0.2160	0.5649	0.5584	0.5504	0.0080	0.3337	0.3336	0.0001	0.2247	0.2168	0.0080	0.6042	0.5347	0.0695	0.2205	0.2118	0.0087	0.3837	0.3229	0.0609	0.8185	0.5380	0.2806	0.2443	0.2260	0.0183	0.5743	0.3120	0.2623	3.1461	1.2456	308.8351	1.7126	1.4881	1157.8398	5.2007	0.9629	306.2600	0.6822	1.0230	0.0287	1.3660	1.4762	0.0050	0.3913	0.6948	0.0303
41	123	0.6473	8	0	2	0	0	0	0	0	0	N	Y	N	N	N	N	N	N	N	N	N	N	0.0000	0.0000	0.0000	0.0000	0.0000	0.0000	0.0000	0.0000	0.0000	0.0000	0.0000	0.0000	0.0000	0.0000	0.0000	1.9075	2.7447	0.0000	2.9008	3.7236	0.0000	0.0006	0.0011	0.0000	0.0000	0.0000	-0.4583	8.1446	4.0019	10.2519	19.5615	0.0000	0.0000	0.0000	0.0000	0.0000	0.0000	0.0000	0.0000	0.0000	0.9998	0.9998	0.0000	0.9997	0.9997	0.0000	0.0001	0.0001	0.0000	0.2573	0.2268	0.0304	0.0950	0.0896	0.0054	0.1623	0.1372	0.0251	0.5241	0.3642	0.1599	0.3446	0.2685	0.0762	0.1795	0.0958	0.0837	0.0000	0.0000	0.0000	0.0000	0.0000	0.0000	0.0000	0.0000	0.0000	1.9075	2.7447	0.0000	2.9008	3.7236	0.0000	0.0006	0.0011	0.0000				
41	124	0.6253	7	0	1	0	0	0	0	0	0	N	N	N	N	N	N	N	N	N	N	N	N	0.1877	0.1512	0.0000	0.2662	0.2269	0.0000	0.6245	0.4424	0.0000	0.0096	0.0108	0.0000	0.0218	0.0227	0.0000	0.0006	0.0007	0.0000	0.0510	0.0716	0.0001	0.0818	0.1002	0.0000	0.0009	0.0016	0.0002	0.0000	0.0006	-0.0005	-0.0056	8.1446	1.2223	10.2519	8.2281	0.0011	0.0011	0.0000	0.0011	0.0011	0.0000	0.0000	0.0000	0.0000	0.0122	0.0122	0.0000	0.0121	0.0121	0.0000	0.0001	0.0001	0.0000	0.1192	0.1055	0.0138	0.0506	0.0485	0.0021	0.0686	0.0570	0.0117	0.2387	0.1700	0.0687	0.1479	0.1207	0.0271	0.0909	0.0493	0.0416	0.1877	0.1512	0.0000	0.2662	0.2269	0.0000	0.6245	0.4424	0.0000	0.0510	0.0716	0.0001	0.0818	0.1002	0.0000	0.0009	0.0016	0.0002
41	125	0.5734	6	0	1	0	0	0	0	0	0	N	N	N	N	N	N	N	N	N	N	N	N	89.9525	1682.0829	0.0000	4690.0163	4297.0961	0.0000	0.0000	0.0000	0.0000	2.8286	3.2185	0.0000	8.4259	8.9041	0.0000	0.0000	0.0000	0.0000	0.0314	0.0019	0.0974	0.0018	0.0021	0.0005	0.0730	0.0015	0.1449	0.0000	22.7938	-0.4335	0.0062	8.1446	5.9920	10.2519	12.2976	0.9828	0.9828	0.0000	0.9828	0.9828	0.0000	0.0000	0.0000	0.0000	0.0124	0.0005	0.0119	0.0004	0.0004	0.0000	0.0120	0.0001	0.0119	0.3475	0.3054	0.0421	0.1166	0.1104	0.0063	0.2308	0.1950	0.0358	0.3948	0.2727	0.1221	0.2304	0.1902	0.0402	0.1645	0.0825	0.0819	89.9525	1682.0829	0.0000	4690.0163	4297.0961	0.0000	0.0000	0.0000	0.0000	0.0314	0.0019	0.0974	0.0018	0.0021	0.0005	0.0730	0.0015	0.1449
41	126	0.6105	8	0	2	0	0	0	0	0	0	N	Y	N	N	N	N	N	N	N	N	N	N	0.0000	0.0000	0.0000	0.0000	0.0000	0.0000	0.0000	0.0000	0.0000	0.0000	0.0000	0.0000	0.0000	0.0000	0.0000	0.0000	0.0000	0.0000	2.0187	2.9056	0.0002	3.7373	4.5188	0.0002	0.0005	0.0007	0.0002	0.0000	0.0000	-0.4553	8.1446	5.0407	10.2519	17.1705	0.0000	0.0000	0.0000	0.0000	0.0000	0.0000	0.0000	0.0000	0.0000	0.9935	0.9934	0.0000	0.9934	0.9933	0.0000	0.0001	0.0001	0.0000	0.3158	0.2782	0.0376	0.1159	0.1092	0.0067	0.1999	0.1690	0.0309	0.4921	0.3419	0.1502	0.2658	0.2198	0.0460	0.2263	0.1221	0.1042	0.0000	0.0000	0.0000	0.0000	0.0000	0.0000	0.0000	0.0000	0.0000	2.0187	2.9056	0.0002	3.7373	4.5188	0.0002	0.0005	0.0007	0.0002	
41	127	0.5946	7	0	2	0	0	0	0	0	0	N	Y	N	N	N	N	N	N	N	N	N	N	0.0000	0.0000	0.0000	0.0000	0.0000	0.0000	0.0000	0.0000	0.0000	0.0000	0.0000	0.0000	0.0000	0.0000	0.0000	0.0000	0.0000	0.0000	0.0130	0.0179	0.0004	0.0236	0.0275	0.0006	0.0004	0.0005	0.0003	0.0080	0.0000	-0.0015	8.1446	1.9703	10.2519	6.2034	0.0000	0.0000	0.0000	0.0000	0.0000	0.0000	0.0000	0.0000	0.0000	0.0032	0.0032	0.0000	0.0032	0.0032	0.0000	0.0000	0.0000	0.0000	0.1233	0.1085	0.0148	0.0441	0.0416	0.0025	0.0791	0.0668	0.0123	0.2491	0.1788	0.0703	0.1352	0.1152	0.0200	0.1139	0.0636	0.0503	0.0000	0.0000	0.0000	0.0000	0.0000	0.0000	0.0000	0.0000	0.0000	0.0130	0.0179	0.0004	0.0236	0.0275	0.0006	0.0004	0.0005	0.0003	
41	128	0.5734	6	0	1	0	0	0	0	0	0	N	N	N	N	N	N	N	N	N	N	N	N	0.0000	0.0000	0.0000	0.0000	0.0000	0.0000	0.0000	0.0000	0.0000	0.0000	0.0000	0.0000	0.0000	0.0000	0.0000	0.0000	0.0000	0.0000	0.0033	0.0039	0.0021	0.0050	0.0056	0.0018	0.0011	0.0000	0.0022	0.2352	-0.0000	-0.0002	8.1446	1.1032	10.2519	7.8190	0.0000	0.0000	0.0000	0.0000	0.0000	0.0000	0.0000	0.0000	0.0000	0.0008	0.0006	0.0001	0.0007	0.0006	0.0000	0.0001	0.0000	0.0001	0.0653	0.0573	0.0079	0.0219	0.0207	0.0012	0.0434	0.0366	0.0068	0.2292	0.1584	0.0708	0.1324	0.1115	0.0209	0.0967	0.0469	0.0499	0.0000	0.0000	0.0000	0.0000	0.0000	0.0000	0.0000	0.0000	0.0000	0.0033	0.0039	0.0021	0.0050	0.0056	0.0018	0.0011	0.0000	0.0022	
41	129	0.3496	6	0	2	0	0	0	0	0	0	N	Y	N	N	N	N	N	N	N	N	N	N	8.1662	16.9860	0.0000	0.0000	11.7488	37.2379	0.0000	0.0000	0.0000	0.0000	0.0000	0.0000	0.0000	0.0000	0.0000	0.0000	0.0000	0.0000	0.0000	0.0000	0.0000	0.0000	0.0000	0.0000	inf	inf	0.0000	0.0000	8.1446	1.0033	10.2519	0.8635	0.0000	0.0000	0.0000	0.0000	0.0000	0.0000	0.0000	0.0000	0.0000	0.0000	0.0000	0.0000	0.0000	0.0000	0.0000	0.0000	0.0000	0.0000	0.3956	0.3458	0.0497	0.2444	0.2169	0.0275	0.1512	0.1289	0.0223	0.3727	0.2753	0.0975	0.1762	0.1704	0.0058	0.1965	0.1048	0.0917	8.1662	0.0000	16.9860	0.0000	0.0000	0.0000	11.7488	0.0000	37.2379	0.0000	0.0000	0.0000	0.0000	0.0000	0.0000	0.0000	0.0000	0.0000			
41	130	0.3203	5	0	1	0	0	0	0	0	0	N	N	N	N	N	N	N	N	N	N	N	N	3.3231	2.5073	10.9135	4.5749	4.4164	17.9133	2.1306	1.2092	10.7847	3.2231	3.2966	2.6464	5.5119	5.6404	2.2342	1.8031	1.6313	2.7068	0.9699	1.3148	0.2425	1.2048	1.2772	0.1247	0.8463	1.3490	0.2510	0.1023	0.0874	-0.5417	-0.2132	8.1446	5.5514	10.2519	9.9598	1.5552	1.4109	0.1443	1.0183	1.0027	0.0156	0.5369	0.4082	0.1287	0.5640	0.5187	0.0454	0.2416	0.2400	0.0016	0.3224	0.2786	0.0438	0.4825	0.4280	0.0545	0.1847	0.1778	0.0070	0.2978	0.2502	0.0476	0.5815	0.3945	0.1870	0.2005	0.1879	0.0126	0.3810	0.2065	0.1744	3.3231	2.5073	10.9135	4.5749	4.4164	17.9133	2.1306	1.2092	10.7847	0.9699	1.3148	0.2425	1.2048	1.2772	0.1247	0.8463	1.3490	0.2510
41	131	0.2900	4	0	1	0	0	0	0	0	0	N	N	N	N	N	N	N	N	N	N	N	N	0.8891	0.5289	16.3534	0.2580	0.2515	5.5991	2.9510	1.5519	17.2338	1.4552	1.2411	3.1292	1.0296	1.0646	0.0772	1.6596	1.3373	3.4745	1.6366	2.3465	0.1913	3.9910	4.2334	0.0138	0.5624	0.8617	0.2016	0.3225	0.0401	-0.2041	-0.5219	8.1446	9.1969	10.2519	13.4651	1.0345	0.7822	0.2523	0.2375	0.2368	0.0006	0.7970	0.5454	0.2516	1.2430	1.1952	0.0479	0.9497	0.9495	0.0002	0.2933	0.2456	0.0477	0.7109	0.6303	0.0806	0.2307	0.2225	0.0082	0.4802	0.4078	0.0724	0.7595	0.5093	0.2502	0.2380	0.2243	0.0137	0.5215	0.2850	0.2365	0.8891	0.5289	16.3534	0.2580	0.2515	5.5991	2.9510	1.5519	17.2338	1.6366	2.3465	0.1913	3.9910	4.2334	0.0138	0.5624	0.8617	0.2016
41	132	0.6703	10	1	2	0	1	0	0	0	0	N	Y	N	N	N	N	N	N	N	N	N	N	0.0000	0.0000	0.0000	0.0000	0.0000	0.0000	0.0000	0.0000	0.0000	0.0000	0.0000	0.0000	0.0000	0.0000	0.0000	0.0000	0.0000	0.0000	0.0000	0.0000	8.1446	1.0000	10.2519	3.0001	0.0000	0.0000	0.0000	0.0000	0.0000	0.0000	0.0000	0.0000	0.0000	0.0000	0.0000	0.0000	0.0000	0.0000	0.0000	0.0000	0.0000	0.0000	0.0641	0.0563	0.0078	0.0214	0.0202	0.0012	0.0427	0.0361	0.0066	0.0822	0.0578	0.0244	0.0534	0.0430	0.0105	0.0288	0.0148	0.0140	0.0000	0.0000	0.0000	0.0000	0.0000	0.0000	0.0000	0.0000	0.0000	0.0000	0.0000	0.0000	0.0000	0.0000	0.0000	0.0000	0.0000	0.0000											
41	133	0.3714	8	1	2	0	1	0	0	0	0	N	Y	N	N	N	N	N	N	N	N	N	N	0.0000	0.0000	0.0000	0.0000	0.0000	0.0000	0.0000	0.0000	0.0000	0.0000	0.0000	0.0000	0.0000	0.0000	0.0000	0.0000	0.0000	0.0000	0.0000	0.0000	0.0000	0.0000	0.0000	0.0000	-0.0000	8.1446	0.0006	10.2519	1.9797	0.0000	0.0000	0.0000	0.0000	0.0000	0.0000	0.0000	0.0000	0.0000	0.0000	0.0000	0.0000	0.0000	0.0000	0.0000	0.0000	0.0000	0.0000	0.0000	0.0000	0.0000	0.0000	0.0000	0.0000	0.0000	0.0000	0.0000	0.0410	0.0259	0.0150	0.0099	0.0087	0.0012	0.0310	0.0172	0.0139	0.0000	0.0000	0.0000	0.0000	0.0000	0.0000	0.0000	0.0000	0.0000	0.0000	0.0000	0.0000	0.0000	0.0000	0.0000	0.0000	0.0000	0.0000						
41	134	0.3546	7	1	2	0	1	0	0	0	0	N	Y	N	N	N	N	N	N	N	N	N	N	0.0000	0.0000	0.0000	0.0000	0.0000	0.0000	0.0000	0.0000	0.0000	0.0000	0.0000	0.0000	0.0000	0.0000	0.0000	0.0000	0.0004	0.0006	0.0002	0.0017	0.0019	0.0000	0.0001	0.0000	0.0002	0.1669	0.0000	-0.0000	8.1446	2.0077	10.2519	6.0321	0.0000	0.0000	0.0000	0.0000	0.0000	0.0000	0.0000	0.0000	0.0000	0.0001	0.0001	0.0000	0.0001	0.0001	0.0000	0.0000	0.0000	0.0000	0.1333	0.1164	0.0169	0.0415	0.0391	0.0024	0.0918	0.0773	0.0146	0.1622	0.1010	0.0613	0.0351	0.0308	0.0043	0.1272	0.0702	0.0569	0.0000	0.0000	0.0000	0.0000	0.0000	0.0000	0.0000	0.0000	0.0000	0.0004	0.0006	0.0002	0.0017	0.0019	0.0000	0.0001	0.0000	0.0002			
41	135	0.3499	7	0	2	0	1	0	0	0	0	N	Y	N	N	N	N	N	N	N	N	N	N	0.0000	0.0000	0.0000	0.0000	0.0000	0.0000	0.0000	0.0000	0.0000	0.0000	0.0000	0.0000	0.0000	0.0000	0.0000	3.4147	0.0000	15.5433	0.0030	0.0000	0.0281	4.7632	0.0000	14.2546	inf	0.0000	0.5401	8.1446	3.0348	10.2519	9.3583	0.0000	0.0000	0.0000	0.0000	0.0000	0.0000	0.0000	0.0000	0.0000	0.9972	0.0000	0.9972	0.0002	0.0000	0.0002	0.9970	0.0000	0.9970	0.1980	0.1729	0.0251	0.0610	0.0575	0.0035	0.1370	0.1154	0.0216	0.2920	0.1873	0.1047	0.0827	0.0738	0.0089	0.2093	0.1134	0.0959	0.0000	0.0000	0.0000	0.0000	0.0000	0.0000	0.0000	0.0000	0.0000	3.4147	0.0000	9.5205	0.0030	0.0000	0.0281	4.7632	0.0000	10.4003				
41	136	0.3355	6	0	1	0	1	0	0	0	0	N	N	N	N	N	N	N	N	N	N	N	N	0.0000	0.0000	0.0000	0.0000	0.0000	0.0000	0.0000	0.0000	0.0000	0.0000	0.0000	0.0000	0.0000	0.0000	0.0000	0.0000	0.0000	0.0000	0.0252	0.0110	0.0488	0.0260	0.0293	0.0018	0.0249	0.0025	0.0524	2.6455	0.0000	0.0009	8.1446	0.0433	10.2519	6.6805	0.0000	0.0000	0.0000	0.0000	0.0000	0.0000	0.0000	0.0000	0.0000	0.0035	0.0010	0.0025	0.0008	0.0008	0.0000	0.0027	0.0001	0.0025	0.0036	0.0031	0.0004	0.0016	0.0015	0.0001	0.0020	0.0017	0.0003	0.1388	0.0868	0.0520	0.0313	0.0276	0.0037	0.1075	0.0593	0.0482	0.0000	0.0000	0.0000	0.0000	0.0000	0.0000	0.0000	0.0000	0.0000	0.0252	0.0110	0.0488	0.0260	0.0293	0.0018	0.0249	0.0025	0.0524	
41	137	0.6999	12	0	2	0	1	0	0	0	0	N	Y	N	N	N	N	N	N	N	N	N	N	0.0000	0.0000	0.0000	0.0000	0.0000	0.0000	0.0000	0.0000	0.0000	0.0000	0.0000	0.0000	0.0000	0.0000	0.0000	0.0000	0.0000	0.0000	0.0000	0.0000	8.1446	0.0000	10.2519	0.0000	0.0000	0.0000	0.0000	0.0000	0.0000	0.0000	0.0000	0.0000	0.0000	0.0000	0.0000	0.0000	0.0000	0.0000	0.0000	0.0000	0.0000	0.0000	0.0000	0.0000	0.0000	0.0000	0.0000	0.0000	0.0000	0.0000	0.0000	0.0000	0.0000	0.0000	0.0000	0.0000	0.0000	0.0000	0.0000	0.0000	0.0000	0.0000	0.0000	0.0000	0.0000	0.0000	0.0000	0.0000	0.0000	0.0000	0.0000	0.0000	0.0000	0.0000	0.0000	0.0000	0.0000	0.0000											
41	138	0.6949	11	0	2	0	1	0	0	0	0	N	Y	N	N	N	N	N	N	N	N	N	N	inf	inf	inf	inf	inf	inf	0.1863	0.2134	0.0000	0.1114	0.1141	0.0000	0.3748	0.6114	0.0000	0.0000	0.0000	0.0000	0.0000	0.0000	0.0000	0.0000	0.0000	0.0000	0.0000	-0.0000	0.0000	8.1446	0.0021	10.2519	2.0000	0.0001	0.0001	0.0000	0.0000	0.0000	0.0000	0.0001	0.0001	0.0000	0.0000	0.0000	0.0000	0.0000	0.0000	0.0000	0.0000	0.0000	0.0000	0.0005	0.0004	0.0001	0.0003	0.0003	0.0000	0.0001	0.0001	0.0001	0.0413	0.0288	0.0125	0.0250	0.0203	0.0046	0.0164	0.0085	0.0079	inf	inf	0.0000	inf	inf	0.0000	inf	inf	0.0000	0.0000	0.0000	0.0000	0.0000	0.0000	0.0000	0.0000	0.0000	0.0000				
41	139	0.6846	10	0	1	0	1	0	0	0	0	N	N	N	N	N	N	N	N	N	N	N	N	inf	inf	inf	inf	inf	inf	15.5531	17.7108	0.0000	19.8664	21.0379	0.0000	13.3807	15.8379	0.0000	0.0000	0.0000	0.0000	0.0000	0.0000	0.0000	0.0000	0.0000	0.0000	0.0000	-0.4411	0.0000	8.1446	1.0020	10.2519	3.0181	0.9999	0.9999	0.0000	0.4278	0.4278	0.0000	0.5721	0.5721	0.0000	0.0000	0.0000	0.0000	0.0000	0.0000	0.0000	0.0000	0.0000	0.0000	0.0643	0.0565	0.0078	0.0215	0.0203	0.0012	0.0428	0.0361	0.0066	0.0829	0.0578	0.0251	0.0502	0.0408	0.0094	0.0328	0.0170	0.0158	inf	inf	0.0000	inf	inf	0.0000	inf	inf	0.0000	0.0000	0.0000	0.0000	0.0000	0.0000	0.0000	0.0000	0.0000	0.0000				
41	140	0.6703	10	0	2	0	0	0	0	0	0	N	Y	N	N	N	N	N	N	N	N	N	N	0.0000	0.0000	0.0000	0.0000	0.0000	0.0000	0.0000	0.0000	0.0000	0.0000	0.0000	0.0000	0.0000	0.0000	0.0000	0.0000	0.0000	0.0000	0.0000	0.0000	8.1446	0.0000	10.2519	4.0001	0.0000	0.0000	0.0000	0.0000	0.0000	0.0000	0.0000	0.0000	0.0000	0.0000	0.0000	0.0000	0.0000	0.0000	0.0000	0.0000	0.0000	0.0000	0.0000	0.0000	0.0000	0.0000	0.0000	0.0000	0.0000	0.0000	0.0000	0.0822	0.0578	0.0244	0.0534	0.0430	0.0105	0.0288	0.0148	0.0140	0.0000	0.0000	0.0000	0.0000	0.0000	0.0000	0.0000	0.0000	0.0000	0.0000	0.0000	0.0000	0.0000	0.0000	0.0000	0.0000	0.0000	0.0000											
41	141	0.3501	6	0	2	0	0	0	0	0	0	N	Y	N	N	N	N	N	N	N	N	N	N	0.0000	0.0000	0.0000	0.0000	0.0000	0.0000	0.0000	0.0000	0.0000	0.0000	0.0000	0.0000	0.0000	0.0000	0.0000	0.0100	0.0000	0.0266	0.0000	0.0000	0.0000	0.0127	0.0000	0.0285	inf	0.0000	0.0007	8.1446	1.0003	10.2519	5.0186	0.0000	0.0000	0.0000	0.0000	0.0000	0.0000	0.0000	0.0000	0.0000	0.0013	0.0000	0.0013	0.0000	0.0000	0.0000	0.0013	0.0000	0.0013	0.0665	0.0581	0.0084	0.0207	0.0195	0.0012	0.0458	0.0386	0.0072	0.1256	0.0785	0.0471	0.0275	0.0244	0.0032	0.0981	0.0541	0.0439	0.0000	0.0000	0.0000	0.0000	0.0000	0.0000	0.0000	0.0000	0.0000	0.0100	0.0000	0.0266	0.0000	0.0000	0.0000	0.0127	0.0000	0.0285				
41	142	0.6846	10	0	1	1	1	0	0	0	0	N	N	N	N	N	N	N	N	N	N	N	N	0.0000	0.0000	0.0000	0.0000	0.0000	0.0000	0.0000	0.0000	0.0000	0.0000	0.0000	0.0000	0.0000	0.0000	0.0000	0.0000	0.0000	0.0000	0.0000	0.0000	8.1446	0.0001	10.2519	9.0026	0.0000	0.0000	0.0000	0.0000	0.0000	0.0000	0.0000	0.0000	0.0000	0.0000	0.0000	0.0000	0.0000	0.0000	0.0000	0.0000	0.0000	0.0000	0.0000	0.0000	0.0000	0.0000	0.0000	0.0000	0.0000	0.0000	0.0000	0.1819	0.1267	0.0551	0.1096	0.0892	0.0205	0.0722	0.0375	0.0347	0.0000	0.0000	0.0000	0.0000	0.0000	0.0000	0.0000	0.0000	0.0000	0.0000	0.0000	0.0000	0.0000	0.0000	0.0000	0.0000	0.0000	0.0000											
41	143	0.3355	6	0	1	1	1	0	0	0	0	N	N	N	N	N	N	N	N	N	N	N	N	0.0000	0.0000	0.0000	0.0000	0.0000	0.0000	0.0000	0.0000	0.0000	0.0000	0.0000	0.0000	0.0000	0.0000	0.0000	0.0000	0.0000	0.0000	0.0658	0.0322	0.1216	0.0896	0.1020	0.0000	0.0589	0.0001	0.1311	2.2751	0.0000	0.0032	8.1446	2.0061	10.2519	8.0425	0.0000	0.0000	0.0000	0.0000	0.0000	0.0000	0.0000	0.0000	0.0000	0.0134	0.0041	0.0093	0.0041	0.0041	0.0000	0.0093	0.0000	0.0093	0.1322	0.1154	0.0167	0.0412	0.0388	0.0024	0.0909	0.0766	0.0144	0.2033	0.1269	0.0764	0.0455	0.0399	0.0055	0.1578	0.0870	0.0709	0.0000	0.0000	0.0000	0.0000	0.0000	0.0000	0.0000	0.0000	0.0000	0.0658	0.0322	0.1216	0.0896	0.1020	0.0000	0.0589	0.0001	0.1311	
41	144	0.3264	5	0	1	0	1	0	0	0	0	N	N	N	N	N	N	N	N	N	N	N	N	0.0000	0.0000	0.0000	0.0000	0.0000	0.0000	0.0000	0.0000	0.0000	0.0000	0.0000	0.0000	0.0000	0.0000	0.0000	0.0000	0.0000	0.0000	0.0173	0.0160	0.0204	0.0329	0.0348	0.0001	0.0099	0.0015	0.0217	0.5453	0.0000	-0.0002	8.1446	1.9550	10.2519	2.1189	0.0000	0.0000	0.0000	0.0000	0.0000	0.0000	0.0000	0.0000	0.0000	0.0023	0.0015	0.0008	0.0014	0.0014	0.0000	0.0009	0.0001	0.0008	0.1398	0.1226	0.0172	0.0470	0.0444	0.0026	0.0928	0.0781	0.0147	0.1306	0.0914	0.0392	0.0421	0.0398	0.0023	0.0884	0.0516	0.0368	0.0000	0.0000	0.0000	0.0000	0.0000	0.0000	0.0000	0.0000	0.0000	0.0173	0.0160	0.0204	0.0329	0.0348	0.0001	0.0099	0.0015	0.0217	
41	145	0.3264	5	0	1	1	1	0	0	0	0	N	N	N	N	N	N	N	N	N	N	N	N	0.0008	1.0970	0.0000	0.9664	1.2304	0.0000	0.0000	0.0000	0.0000	0.0017	0.0020	0.0000	0.0052	0.0055	0.0000	0.0000	0.0000	0.0000	2.2587	0.0018	6.3290	0.0053	0.0044	0.0133	3.0092	0.0004	6.8159	0.0000	1958.7336	-0.0001	0.5407	8.1446	2.1261	10.2519	18.6477	0.0003	0.0003	0.0000	0.0003	0.0003	0.0000	0.0000	0.0000	0.0000	0.9992	0.0005	0.9987	0.0006	0.0004	0.0001	0.9986	0.0001	0.9986	0.1509	0.1323	0.0186	0.0504	0.0477	0.0028	0.1005	0.0846	0.0159	0.4424	0.2846	0.1578	0.1105	0.0992	0.0113	0.3319	0.1854	0.1465	0.0008	1.0970	0.0000	0.9664	1.2304	0.0000	0.0000	0.0000	0.0000	2.2587	0.0018	6.3290	0.0053	0.0044	0.0133	3.0092	0.0004	6.8159
41	146	0.6846	10	0	1	1	1	0	0	0	0	N	N	N	N	N	N	N	N	N	N	N	N	inf	inf	inf	inf	inf	inf	0.0091	0.0103	0.0000	0.0252	0.0267	0.0000	0.0009	0.0011	0.0000	0.0000	0.0000	0.0000	0.0000	0.0000	0.0000	0.0000	0.0000	0.0000	0.0000	-0.0005	0.0000	8.1446	2.0001	10.2519	5.9880	0.0012	0.0012	0.0000	0.0011	0.0011	0.0000	0.0001	0.0001	0.0000	0.0000	0.0000	0.0000	0.0000	0.0000	0.0000	0.0000	0.0000	0.0000	0.1278	0.1122	0.0155	0.0428	0.0404	0.0024	0.0850	0.0718	0.0132	0.1620	0.1129	0.0491	0.0978	0.0795	0.0183	0.0643	0.0334	0.0309	inf	inf	0.0000	inf	inf	0.0000	inf	inf	0.0000	0.0000	0.0000	0.0000	0.0000	0.0000	0.0000	0.0000	0.0000	0.0000				
41	147	0.6846	10	0	1	1	1	0	0	0	0	N	N	N	N	N	N	N	N	N	N	N	N	0.0000	0.0000	0.0000	0.0000	0.0000	0.0000	0.0000	0.0000	0.0000	0.0000	0.0000	0.0000	0.0000	0.0000	0.0000	0.4576	0.6575	0.0000	0.0009	0.0011	0.0000	1.1228	2.1489	0.0000	0.0000	0.0000	-0.1237	8.1446	9.0001	10.2519	23.0169	0.0000	0.0000	0.0000	0.0000	0.0000	0.0000	0.0000	0.0000	0.0000	0.2700	0.2700	0.0000	0.0003	0.0003	0.0000	0.2696	0.2696	0.0000	0.5586	0.4912	0.0674	0.1871	0.1767	0.0104	0.3715	0.3144	0.0571	0.5900	0.4106	0.1794	0.3498	0.2851	0.0647	0.2401	0.1255	0.1147	0.0000	0.0000	0.0000	0.0000	0.0000	0.0000	0.0000	0.0000	0.0000	0.4576	0.6575	0.0000	0.0009	0.0011	0.0000	1.1228	2.1489	0.0000				
41	148	0.6593	9	0	1	0	1	0	0	0	0	N	N	N	N	N	N	N	N	N	N	N	N	9.5371	4.9342	1112.8166	0.0000	0.0000	0.0000	6.0118	2.3462	3502.3423	0.0010	0.0007	0.0029	0.0000	0.0000	0.0000	0.0015	0.0011	0.0034	0.0001	0.0001	0.0000	0.0000	0.0000	0.0000	0.0002	0.0005	0.0000	0.5654	0.0075	-0.0000	-0.0000	8.1446	1.9990	10.2519	7.9526	0.0001	0.0001	0.0000	0.0000	0.0000	0.0000	0.0001	0.0001	0.0000	0.0000	0.0000	0.0000	0.0000	0.0000	0.0000	0.0000	0.0000	0.0000	0.1281	0.1125	0.0157	0.0430	0.0406	0.0024	0.0851	0.0719	0.0132	0.2255	0.1591	0.0664	0.1430	0.1166	0.0264	0.0826	0.0425	0.0401	9.5371	4.9342	1112.8166	0.0000	0.0000	0.0000	6.0118	2.3462	3502.3423	0.0001	0.0001	0.0000	0.0000	0.0000	0.0000	0.0002	0.0005	0.0000
41	149	0.6274	8	1	2	0	0	0	0	0	0	N	Y	N	N	N	N	N	N	N	N	N	N	103172.1533	458189.9321	0.0000	151238.4707	421812.7520	0.0000	73026.0040	38325245.2305	0.0000	5.4721	6.2272	0.0000	7.3453	7.7962	0.0000	4.4468	5.2686	0.0000	0.0001	0.0000	0.0002	0.0000	0.0000	0.0002	0.0001	0.0000	0.0001	0.0000	4.4646	-0.8399	0.0000	8.1446	5.3497	10.2519	17.2225	1.9041	1.9041	0.0000	0.9041	0.9041	0.0000	1.0000	1.0000	0.0000	0.0000	0.0000	0.0000	0.0000	0.0000	0.0000	0.0000	0.0000	0.0000	0.3480	0.3058	0.0422	0.1231	0.1160	0.0071	0.2249	0.1898	0.0351	0.4737	0.3383	0.1354	0.3019	0.2481	0.0538	0.1718	0.0902	0.0816	103172.1533	458189.9321	0.0000	151238.4707	421812.7520	0.0000	73026.0040	38325245.2305	0.0000	0.0001	0.0000	0.0002	0.0000	0.0000	0.0002	0.0001	0.0000	0.0001
41	150	0.6582	9	0	2	0	0	0	0	0	0	N	Y	N	N	N	N	N	N	N	N	N	N	12294.9639	21460.8675	0.0004	11497.2260	27272.0581	0.0002	15041.6974	13898.7718	0.0014	3.9766	4.5219	0.0000	4.2151	4.4751	0.0000	3.8152	4.5575	0.0000	0.0003	0.0002	0.0006	0.0004	0.0002	0.0015	0.0003	0.0003	0.0002	0.0000	1.1099	-0.4399	0.0000	8.1446	3.6794	10.2519	17.4287	0.9972	0.9972	0.0000	0.4266	0.4266	0.0000	0.5706	0.5706	0.0000	0.0001	0.0001	0.0001	0.0001	0.0000	0.0001	0.0000	0.0000	0.0000	0.2508	0.2205	0.0302	0.1012	0.0953	0.0059	0.1496	0.1252	0.0244	0.4415	0.3212	0.1203	0.2727	0.2298	0.0429	0.1688	0.0914	0.0774	12294.9639	21460.8675	0.0004	11497.2260	27272.0581	0.0002	15041.6974	13898.7718	0.0014	0.0003	0.0002	0.0006	0.0004	0.0002	0.0015	0.0003	0.0003	0.0002
41	151	0.6274	8	0	2	0	0	0	0	0	0	N	Y	N	N	N	N	N	N	N	N	N	N	317.6472	272.2867	0.0000	11.0228	9.9231	0.0000	11062.0535	500030.3181	0.0000	0.3892	0.4430	0.0000	0.0205	0.0218	0.0000	0.5992	0.7112	0.0000	0.0012	0.0016	0.0002	0.0019	0.0022	0.0003	0.0001	0.0000	0.0001	0.0000	0.0434	-0.0398	-0.0002	8.1446	3.4464	10.2519	10.1316	0.0903	0.0903	0.0000	0.0017	0.0017	0.0000	0.0885	0.0885	0.0000	0.0004	0.0004	0.0000	0.0004	0.0004	0.0000	0.0000	0.0000	0.0000	0.2320	0.2038	0.0282	0.0842	0.0793	0.0049	0.1478	0.1245	0.0233	0.3140	0.2266	0.0874	0.2033	0.1677	0.0355	0.1107	0.0589	0.0518	317.6472	272.2867	0.0000	11.0228	9.9231	0.0000	11062.0535	500030.3181	0.0000	0.0012	0.0016	0.0002	0.0019	0.0022	0.0003	0.0001	0.0000	0.0001
41	152	0.3569	8	1	2	0	0	0	0	0	0	N	Y	N	N	N	N	N	N	N	N	N	N	0.0000	0.0000	0.0000	0.0000	0.0000	0.0000	0.0000	0.0000	0.0000	0.0000	0.0000	0.0000	0.0000	0.0000	0.0000	0.0000	0.0001	0.0002	0.0000	0.0005	0.0006	0.0000	0.0000	0.0000	0.0000	0.0001	0.0000	-0.0000	8.1446	1.0143	10.2519	12.0086	0.0000	0.0000	0.0000	0.0000	0.0000	0.0000	0.0000	0.0000	0.0000	0.0000	0.0000	0.0000	0.0000	0.0000	0.0000	0.0000	0.0000	0.0000	0.0686	0.0599	0.0088	0.0218	0.0206	0.0012	0.0468	0.0393	0.0075	0.2566	0.1598	0.0968	0.0555	0.0486	0.0069	0.2011	0.1112	0.0899	0.0000	0.0000	0.0000	0.0000	0.0000	0.0000	0.0000	0.0000	0.0000	0.0001	0.0002	0.0000	0.0005	0.0006	0.0000	0.0000	0.0000	0.0000			
41	153	0.3546	7	1	2	0	0	0	0	0	0	N	Y	N	N	N	N	N	N	N	N	N	N	0.0000	0.0000	0.0000	0.0000	0.0000	0.0000	0.0000	0.0000	0.0000	0.0000	0.0000	0.0000	0.0000	0.0000	0.0000	0.0000	0.0000	0.0005	0.0000	0.0013	0.0000	0.0000	0.0000	0.0006	0.0000	0.0014	607.7597	0.0000	0.0000	8.1446	0.9811	10.2519	0.0216	0.0000	0.0000	0.0000	0.0000	0.0000	0.0000	0.0000	0.0000	0.0000	0.0000	0.0000	0.0000	0.0000	0.0000	0.0000	0.0000	0.0000	0.0000	0.0658	0.0574	0.0084	0.0206	0.0194	0.0012	0.0452	0.0380	0.0072	0.0212	0.0133	0.0080	0.0047	0.0041	0.0005	0.0165	0.0091	0.0074	0.0000	0.0000	0.0000	0.0000	0.0000	0.0000	0.0000	0.0000	0.0000	0.0005	0.0000	0.0013	0.0000	0.0000	0.0000	0.0006	0.0000	0.0014		
41	154	0.3501	6	1	2	0	0	0	0	0	0	N	Y	N	N	N	N	N	N	N	N	N	N	0.0000	0.0000	0.0000	0.0000	0.0000	0.0000	0.0000	0.0000	0.0000	0.0000	0.0000	0.0000	0.0000	0.0000	0.0000	0.0000	0.0283	0.0007	0.0762	0.0019	0.0021	0.0000	0.0364	0.0000	0.0815	63.0304	0.0000	0.0007	8.1446	0.0083	10.2519	2.0001	0.0000	0.0000	0.0000	0.0000	0.0000	0.0000	0.0000	0.0000	0.0000	0.0013	0.0000	0.0012	0.0000	0.0000	0.0000	0.0012	0.0000	0.0012	0.0007	0.0006	0.0001	0.0003	0.0003	0.0000	0.0004	0.0003	0.0001	0.0448	0.0284	0.0164	0.0105	0.0094	0.0011	0.0344	0.0190	0.0153	0.0000	0.0000	0.0000	0.0000	0.0000	0.0000	0.0000	0.0000	0.0000	0.0283	0.0007	0.0762	0.0019	0.0021	0.0000	0.0364	0.0000	0.0815			
41	155	0.3264	5	0	2	0	0	0	0	0	0	N	Y	N	N	N	N	N	N	N	N	N	N	0.0000	0.0000	0.0000	0.0000	0.0000	0.0000	0.0000	0.0000	0.0000	0.0000	0.0000	0.0000	0.0000	0.0000	0.0000	0.0000	0.0000	0.0000	4.1459	0.0068	23.8096	0.0154	0.0168	0.0000	5.4470	0.0007	21.8652	883.3827	0.0000	0.5403	8.1446	2.9180	10.2519	7.4065	0.0000	0.0000	0.0000	0.0000	0.0000	0.0000	0.0000	0.0000	0.0000	0.9996	0.0011	0.9984	0.0011	0.0011	0.0000	0.9985	0.0001	0.9984	0.2021	0.1770	0.0251	0.0662	0.0625	0.0036	0.1359	0.1145	0.0214	0.2520	0.1667	0.0854	0.0687	0.0629	0.0058	0.1833	0.1037	0.0796	0.0000	0.0000	0.0000	0.0000	0.0000	0.0000	0.0000	0.0000	0.0000	3.9659	0.0068	11.6950	0.0154	0.0168	0.0000	5.4470	0.0007	12.5451	
41	156	0.2606	4	0	1	0	0	0	0	0	0	N	N	N	N	N	N	N	N	N	N	N	N	1.6902	2.5857	0.0000	10.7479	13.4946	0.0000	1.1549	1.6749	0.0000	0.7772	0.9376	0.0000	0.8444	0.8715	0.0000	0.7328	0.9950	0.0000	0.4598	0.3626	0.6559	0.0786	0.0646	0.2648	0.6345	0.5941	0.6836	0.0000	0.8966	-0.3320	0.0058	8.1446	8.2479	10.2519	19.7214	0.7525	0.7525	0.0000	0.3253	0.3253	0.0000	0.4272	0.4272	0.0000	0.4015	0.2117	0.1898	0.0216	0.0165	0.0051	0.3799	0.1952	0.1847	0.9683	0.8027	0.1657	0.3853	0.3733	0.0120	0.5830	0.4294	0.1536	0.8732	0.5838	0.2894	0.2744	0.2552	0.0191	0.5988	0.3286	0.2702	1.6902	2.5857	0.0000	10.7479	13.4946	0.0000	1.1549	1.6749	0.0000	0.4598	0.3626	0.6559	0.0786	0.0646	0.2648	0.6345	0.5941	0.6836
41	157	0.2245	3	0	1	0	0	0	0	0	0	N	N	N	N	N	N	N	N	N	N	N	N	0.4973	0.5918	0.0117	0.5609	0.5399	0.0001	0.4322	0.6513	0.0116	0.5245	0.6477	0.0114	0.7343	0.7547	0.0000	0.4087	0.5673	0.0120	1.0547	1.0944	0.9788	1.3092	1.3978	0.1640	0.9456	0.8709	1.0333	0.0042	0.4683	-0.1740	-0.1131	8.1446	7.4725	10.2519	14.3153	0.3982	0.3966	0.0017	0.1982	0.1982	0.0000	0.2000	0.1983	0.0017	0.8114	0.5526	0.2588	0.3021	0.2994	0.0027	0.5093	0.2532	0.2561	0.7593	0.6123	0.1470	0.2700	0.2627	0.0073	0.4893	0.3496	0.1397	0.7693	0.5049	0.2644	0.2308	0.2142	0.0166	0.5386	0.2907	0.2478	0.4973	0.5918	0.0117	0.5609	0.5399	0.0001	0.4322	0.6513	0.0116	1.0547	1.0944	0.9788	1.3092	1.3978	0.1640	0.9456	0.8709	1.0333
41	161	0.6779	12	1	2	0	0	0	0	0	0	N	Y	N	N	N	N	N	N	N	N	N	N	0.0000	0.0000	0.0000	0.0000	0.0000	0.0000	0.0000	0.0000	0.0000	0.0000	0.0000	0.0000	0.0000	0.0000	0.0000	27.5995	0.0000	131.6310	0.0002	0.0000	0.0012	45.2700	0.0000	231.7123	inf	0.0000	0.5227	8.1446	0.0002	10.2519	3.0099	0.0000	0.0000	0.0000	0.0000	0.0000	0.0000	0.0000	0.0000	0.0000	0.9651	0.0000	0.9651	0.0000	0.0000	0.0000	0.9651	0.0000	0.9651	0.0000	0.0000	0.0000	0.0000	0.0000	0.0000	0.0000	0.0000	0.0000	0.0631	0.0444	0.0187	0.0409	0.0330	0.0079	0.0222	0.0114	0.0108	0.0000	0.0000	0.0000	0.0000	0.0000	0.0000	0.0000	0.0000	0.0000	15.3022	0.0000	51.5760	0.0002	0.0000	0.0012	43.5172	0.0000	89.5520				
41	162	0.6703	11	1	2	0	0	0	0	0	0	N	Y	N	N	N	N	N	N	N	N	N	N	0.0000	0.0000	0.0000	0.0000	0.0000	0.0000	0.0000	0.0000	0.0000	0.0000	0.0000	0.0000	0.0000	0.0000	0.0000	0.0467	0.0002	0.1568	0.0000	0.0000	0.0000	0.1336	0.0009	0.2743	299.0000	0.0000	0.0016	8.1446	0.9998	10.2519	2.0118	0.0000	0.0000	0.0000	0.0000	0.0000	0.0000	0.0000	0.0000	0.0000	0.0029	0.0000	0.0029	0.0000	0.0000	0.0000	0.0029	0.0000	0.0029	0.0641	0.0563	0.0078	0.0214	0.0202	0.0012	0.0427	0.0361	0.0066	0.0622	0.0437	0.0185	0.0404	0.0325	0.0079	0.0217	0.0112	0.0106	0.0000	0.0000	0.0000	0.0000	0.0000	0.0000	0.0000	0.0000	0.0000	0.0467	0.0002	0.1568	0.0000	0.0000	0.0000	0.1336	0.0009	0.2743				
41	163	0.6703	10	1	2	0	0	0	0	0	0	N	Y	N	N	N	N	N	N	N	N	N	N	0.0000	0.0000	0.0000	0.0000	0.0000	0.0000	0.0000	0.0000	0.0000	0.0000	0.0000	0.0000	0.0000	0.0000	0.0000	0.0000	0.0000	0.0000	0.0000	0.0000	8.1446	0.0000	10.2519	0.0003	0.0000	0.0000	0.0000	0.0000	0.0000	0.0000	0.0000	0.0000	0.0000	0.0000	0.0000	0.0000	0.0000	0.0000	0.0000	0.0000	0.0000	0.0000	0.0000	0.0000	0.0000	0.0000	0.0000	0.0000	0.0000	0.0000	0.0000	0.0000	0.0000	0.0000	0.0000	0.0000	0.0000	0.0000	0.0000	0.0000	0.0000	0.0000	0.0000	0.0000	0.0000	0.0000	0.0000	0.0000	0.0000	0.0000	0.0000	0.0000	0.0000	0.0000	0.0000	0.0000	0.0000	0.0000											
41	164	0.6593	9	0	2	0	0	0	0	0	0	N	Y	N	N	N	N	N	N	N	N	N	N	684.6145	377.6858	56507.6442	0.0000	0.0000	0.0000	692.5129	333.3716	199318.0794	0.1348	0.1036	0.2885	0.0000	0.0000	0.0000	0.3262	0.3040	0.3747	0.0002	0.0003	0.0000	0.0000	0.0000	0.0000	0.0005	0.0009	0.0000	0.5654	0.0075	-0.0000	-0.0000	8.1446	0.0063	10.2519	4.3641	0.0001	0.0001	0.0000	0.0000	0.0000	0.0000	0.0001	0.0001	0.0000	0.0000	0.0000	0.0000	0.0000	0.0000	0.0000	0.0000	0.0000	0.0000	0.0009	0.0008	0.0002	0.0005	0.0005	0.0000	0.0004	0.0003	0.0001	0.1163	0.0829	0.0334	0.0738	0.0610	0.0129	0.0425	0.0219	0.0206	684.6145	377.6858	56507.6442	0.0000	0.0000	0.0000	692.5129	333.3716	199318.0794	0.0002	0.0003	0.0000	0.0000	0.0000	0.0000	0.0005	0.0009	0.0000
41	165	0.6274	8	0	1	0	0	0	0	0	0	N	N	N	N	N	N	N	N	N	N	N	N	11362.5284	4909.4245	49112.9184	6.2004	7.6197	0.0000	75019.9528	2281360.4903	145847.4565	1.4452	0.5649	7.8032	0.0011	0.0012	0.0000	2.3001	0.9382	9.5134	0.0001	0.0001	0.0002	0.0002	0.0002	0.0003	0.0000	0.0000	0.0001	1.9127	0.5286	0.0545	-0.0000	8.1446	2.5207	10.2519	10.0226	0.2527	0.0868	0.1660	0.0001	0.0001	0.0000	0.2526	0.0867	0.1660	0.0000	0.0000	0.0000	0.0000	0.0000	0.0000	0.0000	0.0000	0.0000	0.1749	0.1536	0.0213	0.0650	0.0612	0.0038	0.1098	0.0924	0.0174	0.2949	0.2132	0.0816	0.1914	0.1580	0.0333	0.1035	0.0552	0.0483	11362.5284	4909.4245	49112.9184	6.2004	7.6197	0.0000	75019.9528	2281360.4903	145847.4565	0.0001	0.0001	0.0002	0.0002	0.0002	0.0003	0.0000	0.0000	0.0001
41	166	0.6118	7	0	1	0	0	0	0	0	0	N	N	N	N	N	N	N	N	N	N	N	N	77.3154	63.8862	0.0000	27.5097	24.0083	0.0000	258.2783	163.0943	0.0000	1.0297	1.1400	0.0000	0.4410	0.4618	0.0000	1.6943	2.0057	0.0000	0.0133	0.0178	0.0002	0.0160	0.0192	0.0000	0.0066	0.0123	0.0003	0.0000	0.0035	-0.1274	-0.0015	8.1446	2.6894	10.2519	4.6619	0.2889	0.2889	0.0000	0.0656	0.0656	0.0000	0.2233	0.2233	0.0000	0.0033	0.0033	0.0000	0.0029	0.0029	0.0000	0.0005	0.0005	0.0000	0.2806	0.2534	0.0271	0.1488	0.1421	0.0067	0.1318	0.1113	0.0205	0.2506	0.1864	0.0642	0.1788	0.1490	0.0298	0.0718	0.0374	0.0344	77.3154	63.8862	0.0000	27.5097	24.0083	0.0000	258.2783	163.0943	0.0000	0.0133	0.0178	0.0002	0.0160	0.0192	0.0000	0.0066	0.0123	0.0003
41	167	0.5734	6	0	1	0	0	0	0	0	0	N	N	N	N	N	N	N	N	N	N	N	N	397.3942	4845.9220	0.4014	0.0000	0.0000	0.0000	263.7082	7703.1358	0.3269	4.5420	5.1688	0.0139	0.0000	0.0000	0.0000	6.8368	8.0960	0.0163	0.0114	0.0011	0.0346	0.0010	0.0011	0.0004	0.0259	0.0011	0.0499	0.0004	14.5074	-0.3289	0.0015	8.1446	2.7966	10.2519	8.5340	0.7461	0.7459	0.0003	0.0000	0.0000	0.0000	0.7461	0.7459	0.0003	0.0031	0.0002	0.0029	0.0002	0.0001	0.0000	0.0030	0.0001	0.0029	0.1643	0.1443	0.0200	0.0551	0.0522	0.0030	0.1091	0.0921	0.0170	0.2730	0.1886	0.0844	0.1585	0.1324	0.0261	0.1145	0.0562	0.0583	397.3942	4845.9220	0.4014	0.0000	0.0000	0.0000	263.7082	7703.1358	0.3269	0.0114	0.0011	0.0346	0.0010	0.0011	0.0004	0.0259	0.0011	0.0499
42	43	0.2727	5	0	2	1	1	0	0	0	0	N	Y	N	N	N	N	N	N	N	N	N	N	0.0000	0.0000	0.0000	0.0000	0.0000	0.0000	0.0000	0.0000	0.0000	0.0000	0.0000	0.0000	0.0000	0.0000	0.0000	0.0000	0.0000	0.0010	0.0010	0.0012	0.0012	0.0014	0.0000	0.0009	0.0003	0.0016	0.5010	0.0000	-0.0000	5.9981	1.0007	11.5875	2.4334	0.0000	0.0000	0.0000	0.0000	0.0000	0.0000	0.0000	0.0000	0.0000	0.0001	0.0001	0.0001	0.0001	0.0001	0.0000	0.0001	0.0000	0.0001	0.0395	0.0338	0.0058	0.0067	0.0062	0.0005	0.0329	0.0276	0.0053	0.1446	0.1028	0.0417	0.0752	0.0655	0.0097	0.0694	0.0373	0.0321	0.0000	0.0000	0.0000	0.0000	0.0000	0.0000	0.0000	0.0000	0.0000	0.0010	0.0010	0.0012	0.0012	0.0014	0.0000	0.0009	0.0003	0.0016		
42	44	0.2355	4	0	1	0	1	0	0	0	0	N	N	N	N	N	N	N	N	N	N	N	N	0.8434	1.1788	0.0000	5.5686	4.8875	0.0000	0.0040	0.0099	0.0000	0.0474	0.0553	0.0000	0.2477	0.2634	0.0000	0.0003	0.0003	0.0000	0.0561	0.0469	0.0759	0.0445	0.0539	0.0050	0.0704	0.0338	0.1111	0.0000	0.7563	-0.0009	-0.0010	5.9981	1.0391	11.5875	15.0482	0.0021	0.0021	0.0000	0.0021	0.0021	0.0000	0.0000	0.0000	0.0000	0.0372	0.0212	0.0160	0.0163	0.0159	0.0003	0.0210	0.0053	0.0157	0.0438	0.0375	0.0063	0.0083	0.0078	0.0005	0.0355	0.0297	0.0058	0.6633	0.4519	0.2114	0.3653	0.2950	0.0702	0.2980	0.1569	0.1412	0.8434	1.1788	0.0000	5.5686	4.8875	0.0000	0.0040	0.0099	0.0000	0.0561	0.0469	0.0759	0.0445	0.0539	0.0050	0.0704	0.0338	0.1111
42	45	0.1151	3	0	2	0	0	0	0	0	0	N	Y	N	N	N	N	N	N	N	N	N	N	0.0000	0.0000	0.0000	0.0000	0.0000	0.0000	0.0000	0.0000	0.0000	0.0000	0.0000	0.0000	0.0000	0.0000	0.0000	0.0000	0.0000	2.3520	1.9120	3.0375	5.4182	6.2139	0.5231	1.5364	0.0000	3.3188	1.0195	0.0000	0.0937	5.9981	12.0036	11.5875	21.9053	0.0000	0.0000	0.0000	0.0000	0.0000	0.0000	0.0000	0.0000	0.0000	2.0169	0.9987	1.0182	1.0163	0.9987	0.0176	1.0005	0.0000	1.0005	0.4403	0.3737	0.0666	0.0199	0.0185	0.0015	0.4204	0.3552	0.0652	0.8575	0.5223	0.3352	0.2063	0.1726	0.0337	0.6512	0.3498	0.3015	0.0000	0.0000	0.0000	0.0000	0.0000	0.0000	0.0000	0.0000	0.0000	2.3520	1.9120	3.0375	4.9269	5.7877	0.5231	1.5364	0.0000	3.3188		
42	46	0.5964	11	1	2	0	0	0	0	0	0	N	Y	N	N	N	N	N	N	N	N	N	N	0.0000	0.0000	0.0000	0.0000	0.0000	0.0000	0.0000	0.0000	0.0000	0.0000	0.0000	0.0000	0.0000	0.0000	0.0000	0.0000	0.0000	0.0000	0.0000	0.0000	0.0000	0.0000	inf	0.0000	0.0000	5.9981	2.0120	11.5875	1.9924	0.0000	0.0000	0.0000	0.0000	0.0000	0.0000	0.0000	0.0000	0.0000	0.0000	0.0000	0.0000	0.0000	0.0000	0.0000	0.0000	0.0000	0.0000	0.0793	0.0689	0.0105	0.0239	0.0221	0.0018	0.0554	0.0467	0.0087	0.0804	0.0542	0.0262	0.0475	0.0372	0.0103	0.0329	0.0170	0.0159	0.0000	0.0000	0.0000	0.0000	0.0000	0.0000	0.0000	0.0000	0.0000	0.0000	0.0000	0.0000	0.0000	0.0000	0.0000	0.0000	0.0000	0.0000						
42	47	0.2196	9	1	2	0	0	0	0	0	0	N	Y	N	N	N	N	N	N	N	N	N	N	0.0000	0.0000	0.0000	0.0000	0.0000	0.0000	0.0000	0.0000	0.0000	0.0000	0.0000	0.0000	0.0000	0.0000	0.0000	0.0000	0.0000	0.0000	0.0000	0.0000	5.9981	0.0002	11.5875	4.0036	0.0000	0.0000	0.0000	0.0000	0.0000	0.0000	0.0000	0.0000	0.0000	0.0000	0.0000	0.0000	0.0000	0.0000	0.0000	0.0000	0.0000	0.0000	0.0000	0.0000	0.0000	0.0000	0.0000	0.0000	0.0000	0.0000	0.0000	0.1030	0.0627	0.0404	0.0260	0.0223	0.0037	0.0771	0.0404	0.0367	0.0000	0.0000	0.0000	0.0000	0.0000	0.0000	0.0000	0.0000	0.0000	0.0000	0.0000	0.0000	0.0000	0.0000	0.0000	0.0000	0.0000	0.0000											
42	48	0.1151	3	0	2	0	1	0	0	0	0	N	Y	N	N	N	N	N	N	N	N	N	N	0.0000	0.0000	0.0000	0.0000	0.0000	0.0000	0.0000	0.0000	0.0000	0.0000	0.0000	0.0000	0.0000	0.0000	0.0000	0.0000	0.0000	4.6045	6.5838	2.0191	4.7328	5.5452	0.0000	4.1000	5.7072	2.2224	0.2329	0.0000	-1.4262	5.9981	6.0036	11.5875	51.7820	0.0000	0.0000	0.0000	0.0000	0.0000	0.0000	0.0000	0.0000	0.0000	5.2929	4.2930	1.0000	1.2930	1.2930	0.0000	4.0000	3.0000	1.0000	0.2233	0.1892	0.0341	0.0102	0.0094	0.0008	0.2131	0.1797	0.0334	1.2541	0.7588	0.4952	0.2785	0.2332	0.0453	0.9756	0.5257	0.4500	0.0000	0.0000	0.0000	0.0000	0.0000	0.0000	0.0000	0.0000	0.0000	4.2206	5.6574	2.0191	4.6432	5.5452	0.0000	4.1000	5.7072	2.2224		
42	49	0.1151	3	1	2	0	0	0	0	0	0	N	Y	N	N	N	N	N	N	N	N	N	N	0.0000	0.0000	0.0000	0.0000	0.0000	0.0000	0.0000	0.0000	0.0000	0.0000	0.0000	0.0000	0.0000	0.0000	0.0000	3.3734	6.2007	0.0000	7.7297	9.0686	0.0000	2.6894	5.0029	0.0000	0.0000	0.0000	-1.5016	5.9981	5.9964	11.5875	34.6547	0.0000	0.0000	0.0000	0.0000	0.0000	0.0000	0.0000	0.0000	0.0000	3.2759	3.2759	0.0000	1.2754	1.2754	0.0000	2.0006	2.0006	0.0000	0.2230	0.1889	0.0341	0.0102	0.0094	0.0008	0.2128	0.1795	0.0333	0.9711	0.5900	0.3811	0.2272	0.1901	0.0371	0.7439	0.3999	0.3440	0.0000	0.0000	0.0000	0.0000	0.0000	0.0000	0.0000	0.0000	0.0000	3.3734	5.5522	0.0000	5.6128	6.7073	0.0000	2.6894	5.0029	0.0000				
42	50	0.2046	4	0	1	1	0	0	0	0	0	N	N	N	N	N	N	N	N	N	N	N	N	2.1412	1.6503	0.0000	5.8863	5.3499	0.0000	0.0049	0.0031	0.0000	0.8530	0.9888	0.0000	5.5035	5.8935	0.0000	0.0002	0.0002	0.0000	0.3984	0.5991	0.0006	0.9350	1.1016	0.0028	0.0431	0.0792	0.0001	0.0000	0.0005	-0.4457	-0.3178	5.9981	31.2093	11.5875	46.3939	1.0105	1.0105	0.0000	1.0103	1.0103	0.0000	0.0002	0.0002	0.0000	0.6941	0.6938	0.0004	0.6490	0.6487	0.0003	0.0452	0.0451	0.0001	1.1846	1.0220	0.1627	0.1836	0.1714	0.0121	1.0011	0.8506	0.1505	1.7423	1.1579	0.5844	0.6941	0.5888	0.1053	1.0483	0.5691	0.4792	2.1412	1.6503	0.0000	5.8863	5.3499	0.0000	0.0049	0.0031	0.0000	0.3984	0.5991	0.0006	0.9350	1.1016	0.0028	0.0431	0.0792	0.0001
42	51	0.1518	4	0	2	0	0	0	0	0	0	N	Y	N	N	N	N	N	N	N	N	N	N	0.0017	0.0013	0.0000	0.0046	0.0040	0.0000	0.0012	0.0008	0.0000	0.0004	0.0005	0.0000	0.0021	0.0022	0.0000	0.0001	0.0002	0.0000	0.2649	0.3944	0.0005	0.4529	0.5483	0.0012	0.1103	0.2023	0.0003	0.0000	0.0006	-0.0000	-0.1055	5.9981	4.1516	11.5875	14.5664	0.0001	0.0001	0.0000	0.0001	0.0001	0.0000	0.0000	0.0000	0.0000	0.2304	0.2303	0.0001	0.1778	0.1777	0.0001	0.0526	0.0525	0.0001	0.1824	0.1565	0.0258	0.0287	0.0272	0.0016	0.1536	0.1294	0.0243	0.8696	0.5838	0.2858	0.3926	0.3241	0.0685	0.4770	0.2597	0.2173	0.0017	0.0013	0.0000	0.0046	0.0040	0.0000	0.0012	0.0008	0.0000	0.2649	0.3944	0.0005	0.4529	0.5483	0.0012	0.1103	0.2023	0.0003
42	52	0.0844	2	1	1	1	0	0	0	0	0	N	N	N	N	N	N	N	N	N	N	N	N	1.4801	1.0822	0.0000	0.0000	0.0000	85.4768	inf	0.0000	0.0753	0.0845	0.0000	0.0000	0.0000	0.0000	0.1175	0.1415	0.0000	0.0509	0.0781	0.0030	0.2513	0.2628	0.0000	0.0014	0.0000	0.0031	0.0000	0.0221	-0.0000	-0.0007	5.9981	0.0028	11.5875	0.9232	0.0000	0.0000	0.0000	0.0000	0.0000	0.0000	0.0000	0.0000	0.0000	0.0017	0.0017	0.0000	0.0017	0.0017	0.0000	0.0000	0.0000	0.0000	0.0004	0.0004	0.0000	0.0001	0.0001	0.0000	0.0003	0.0002	0.0000	0.0334	0.0213	0.0121	0.0066	0.0063	0.0003	0.0268	0.0149	0.0118	1.4801	1.0822	0.0000	0.0000	0.0000	0.0000	85.4768	inf	0.0000	0.0509	0.0781	0.0030	0.2513	0.2628	0.0000	0.0014	0.0000	0.0031	
42	53	0.6117	10	0	2	0	0	0	0	0	0	N	Y	N	N	N	N	N	N	N	N	N	N	1.2378	1.0791	0.0465	2.7158	2.5113	0.0000	0.0315	0.0000	0.1079	0.0177	0.0202	0.0002	0.0608	0.0641	0.0000	0.0000	0.0000	0.0002	0.0143	0.0187	0.0044	0.0224	0.0255	0.0082	0.0011	0.0001	0.0021	0.0014	0.1035	-0.0031	-0.0041	5.9981	8.5400	11.5875	19.3759	0.0070	0.0070	0.0000	0.0070	0.0070	0.0000	0.0000	0.0000	0.0000	0.0113	0.0102	0.0011	0.0110	0.0102	0.0007	0.0003	0.0000	0.0003	0.3935	0.3441	0.0493	0.1145	0.1085	0.0060	0.2790	0.2356	0.0434	0.7901	0.5468	0.2433	0.4899	0.4007	0.0891	0.3002	0.1460	0.1542	1.2378	1.0791	0.0465	2.7158	2.5113	0.0000	0.0315	0.0000	0.1079	0.0143	0.0187	0.0044	0.0224	0.0255	0.0082	0.0011	0.0001	0.0021
42	54	0.5486	9	0	1	0	0	0	0	0	0	N	N	N	N	N	N	N	N	N	N	N	N	0.1386	0.1168	0.0000	0.2966	0.2579	0.0000	0.0000	0.0000	0.0000	0.0195	0.0222	0.0000	0.0678	0.0711	0.0000	0.0000	0.0000	0.0000	0.1407	0.1901	0.0305	0.2285	0.2757	0.0099	0.0237	0.0078	0.0406	0.0000	0.0718	-0.0031	-0.0493	5.9981	7.3474	11.5875	24.2346	0.0070	0.0070	0.0000	0.0070	0.0070	0.0000	0.0000	0.0000	0.0000	0.1258	0.1174	0.0084	0.1168	0.1159	0.0009	0.0091	0.0015	0.0075	0.3593	0.3156	0.0437	0.1034	0.0985	0.0048	0.2559	0.2171	0.0388	0.8943	0.6177	0.2766	0.5111	0.4202	0.0909	0.3832	0.1975	0.1857	0.1386	0.1168	0.0000	0.2966	0.2579	0.0000	0.0000	0.0000	0.0000	0.1407	0.1901	0.0305	0.2285	0.2757	0.0099	0.0237	0.0078	0.0406
42	55	0.5188	8	0	1	0	0	0	0	0	0	N	N	N	N	N	N	N	N	N	N	N	N	0.0006	0.0005	0.0035	0.0011	0.0009	0.0000	0.0007	0.0000	0.0029	0.0011	0.0011	0.0004	0.0032	0.0033	0.0000	0.0001	0.0000	0.0005	1.7976	2.4705	0.1292	3.0416	3.6008	0.0328	0.1126	0.0600	0.1733	0.0526	0.0211	-0.0001	-0.5782	5.9981	3.4216	11.5875	15.9376	0.0002	0.0002	0.0000	0.0002	0.0002	0.0000	0.0000	0.0000	0.0000	1.3210	1.2937	0.0273	1.2858	1.2837	0.0022	0.0351	0.0100	0.0251	0.1897	0.1674	0.0223	0.0591	0.0569	0.0022	0.1306	0.1106	0.0201	0.7349	0.5236	0.2112	0.4227	0.3565	0.0663	0.3121	0.1672	0.1450	0.0006	0.0005	0.0035	0.0011	0.0009	0.0000	0.0007	0.0000	0.0029	1.7976	2.4705	0.1292	3.0416	3.6008	0.0328	0.1126	0.0600	0.1733
42	56	0.2355	4	0	2	0	0	0	0	0	0	N	Y	N	N	N	N	N	N	N	N	N	N	1.0138	1.3948	0.0000	6.3676	5.5326	0.0000	0.0051	0.0126	0.0000	0.0496	0.0579	0.0000	0.2575	0.2737	0.0000	0.0003	0.0004	0.0000	0.0489	0.0415	0.0640	0.0404	0.0495	0.0034	0.0583	0.0280	0.0919	0.0000	0.7521	-0.0009	-0.0011	5.9981	0.9891	11.5875	20.6926	0.0021	0.0021	0.0000	0.0021	0.0021	0.0000	0.0000	0.0000	0.0000	0.0372	0.0212	0.0159	0.0162	0.0159	0.0003	0.0210	0.0053	0.0157	0.0419	0.0359	0.0060	0.0080	0.0075	0.0005	0.0339	0.0283	0.0056	0.7601	0.5110	0.2491	0.4000	0.3215	0.0784	0.3602	0.1895	0.1706	1.0138	1.3948	0.0000	6.3676	5.5326	0.0000	0.0051	0.0126	0.0000	0.0489	0.0415	0.0640	0.0404	0.0495	0.0034	0.0583	0.0280	0.0919
42	57	0.1151	3	0	1	0	0	0	0	0	0	N	N	N	N	N	N	N	N	N	N	N	N	0.0000	0.0000	0.0000	0.0000	0.0000	0.0000	0.0000	0.0000	0.0000	0.0000	0.0000	0.0000	0.0000	0.0000	0.0000	0.0000	0.0000	0.0000	2.1714	2.0024	2.4323	1.1249	1.3416	0.0123	2.4854	2.3109	2.6885	0.7869	0.0000	-0.0405	5.9981	5.0326	11.5875	39.3193	0.0000	0.0000	0.0000	0.0000	0.0000	0.0000	0.0000	0.0000	0.0000	2.2491	1.2587	0.9904	0.2689	0.2684	0.0005	1.9802	0.9903	0.9899	0.1881	0.1593	0.0288	0.0086	0.0080	0.0006	0.1794	0.1513	0.0282	1.0358	0.6286	0.4072	0.2391	0.2001	0.0390	0.7967	0.4285	0.3682	0.0000	0.0000	0.0000	0.0000	0.0000	0.0000	0.0000	0.0000	0.0000	2.1714	2.0024	2.4323	1.1249	1.3416	0.0123	2.4854	2.3109	2.6885	
42	58	0.1151	3	0	2	0	1	0	0	0	0	N	Y	N	N	N	N	N	N	N	N	N	N	8.2200	27.5154	0.0000	97.7180	88.2605	4.2021	4598.5108	0.0000	10.6949	12.6279	0.0000	116.6474	125.8964	0.0000	5.6044	6.6473	0.0000	1.3011	0.4589	2.6038	1.1937	1.4264	0.0000	1.3337	0.0014	2.8829	0.0000	3.6677	-0.8822	0.4218	5.9981	5.0036	11.5875	36.7244	2.0000	2.0000	0.0000	1.0000	1.0000	0.0000	1.0000	1.0000	0.0000	1.2883	0.2760	1.0123	0.2754	0.2754	0.0000	1.0129	0.0006	1.0123	0.1870	0.1584	0.0286	0.0086	0.0079	0.0006	0.1784	0.1504	0.0280	0.9901	0.6014	0.3888	0.2307	0.1931	0.0376	0.7594	0.4083	0.3511	8.2200	27.5154	0.0000	97.7180	88.2605	0.0000	4.2021	4598.5108	0.0000	1.3011	0.4589	2.6038	1.1937	1.4264	0.0000	1.3337	0.0014	2.8829	
42	59	0.4992	8	0	2	0	1	0	0	0	0	N	Y	N	N	N	N	N	N	N	N	N	N	2.1233	0.0000	3564.4989	0.0297	0.0407	0.0000	1.2975	0.0000	8279.9432	1.8438	0.0000	15.1487	0.0001	0.0001	0.0000	2.7667	0.0000	17.5462	0.8684	1.2114	0.0042	0.0038	0.0029	0.0080	2.1324	3.8545	0.0021	48902.3816	0.0014	0.5456	-0.4534	5.9981	10.4254	11.5875	21.2017	0.9762	0.0000	0.9762	0.0000	0.0000	0.0000	0.9762	0.0000	0.9762	0.9922	0.9908	0.0014	0.0026	0.0016	0.0009	0.9896	0.9892	0.0004	0.5294	0.4650	0.0644	0.1766	0.1678	0.0088	0.3528	0.2972	0.0556	1.1425	0.8179	0.3246	0.6785	0.5613	0.1172	0.4641	0.2566	0.2075	2.1233	0.0000	3564.4989	0.0297	0.0407	0.0000	1.2975	0.0000	8279.9432	0.8684	1.2114	0.0042	0.0038	0.0029	0.0080	2.1324	3.8545	0.0021
42	60	0.0844	2	1	1	1	0	0	0	0	0	N	N	N	N	N	N	N	N	N	N	N	N	0.0000	0.6081	0.0000	0.0000	0.0000	0.0000	0.0000	inf	0.0000	0.0004	0.0004	0.0000	0.0000	0.0000	0.0000	0.0004	0.0004	0.0000	9.3469	0.0007	39.8947	0.0090	0.0035	0.0720	7.8219	0.0000	36.7837	0.0000	16215.3566	-0.0000	0.5408	5.9981	1.9981	11.5875	3.0867	0.0000	0.0000	0.0000	0.0000	0.0000	0.0000	0.0000	0.0000	0.0000	0.9986	0.0001	0.9985	0.0002	0.0001	0.0001	0.9984	0.0000	0.9984	0.0826	0.0700	0.0126	0.0022	0.0020	0.0002	0.0804	0.0680	0.0124	0.1466	0.0874	0.0592	0.0190	0.0175	0.0015	0.1276	0.0699	0.0577	0.0001	0.6081	0.0000	0.0000	0.0000	0.0000	0.0000	inf	0.0000	6.8105	0.0007	16.8550	0.0090	0.0035	0.0720	7.8219	0.0000	17.2990
42	62	0.0605	2	1	1	1	0	0	0	0	0	N	N	N	N	N	N	N	N	N	N	N	N	0.0043	0.0555	0.0000	0.0245	0.0237	0.0000	0.0000	0.0000	0.0095	0.0110	0.0000	0.0244	0.0245	0.0000	0.0000	0.0000	0.0000	2.1856	0.1979	4.8308	0.9947	1.0317	0.0487	2.3386	0.0000	4.8790	0.0000	18.3411	-0.0000	0.5134	5.9981	0.0060	11.5875	17.2393	0.0000	0.0000	0.0000	0.0000	0.0000	0.0000	0.0000	0.0000	0.0000	1.0478	0.0542	0.9936	0.0543	0.0542	0.0001	0.9935	0.0000	0.9935	0.0011	0.0009	0.0001	0.0004	0.0004	0.0000	0.0006	0.0005	0.0001	0.4794	0.2737	0.2057	0.0546	0.0525	0.0021	0.4249	0.2212	0.2036	0.0043	0.0555	0.0000	0.0245	0.0237	0.0000	0.0000	0.0000	0.0000	2.1856	0.1979	4.8308	0.9947	1.0317	0.0487	2.3386	0.0000	4.8790	
42	63	0.1518	4	0	1	1	0	0	0	0	0	N	N	N	N	N	N	N	N	N	N	N	N	0.0000	0.0000	0.0000	0.0000	0.0000	0.0000	0.0000	0.0000	0.0000	0.0000	0.0000	0.0000	0.0000	0.0000	0.0000	0.0000	0.0000	0.0000	1.6005	2.3362	0.0006	0.6409	0.7751	0.0012	2.5299	4.6170	0.0003	0.0001	0.0000	-0.5631	5.9981	1.0230	11.5875	12.1924	0.0000	0.0000	0.0000	0.0000	0.0000	0.0000	0.0000	0.0000	0.0000	1.2287	1.2286	0.0001	0.2421	0.2420	0.0001	0.9867	0.9866	0.0001	0.0622	0.0543	0.0079	0.0158	0.0153	0.0005	0.0464	0.0389	0.0074	0.7677	0.5259	0.2418	0.3777	0.3122	0.0655	0.3900	0.2137	0.1763	0.0000	0.0000	0.0000	0.0000	0.0000	0.0000	0.0000	0.0000	0.0000	1.6005	2.3362	0.0006	0.6409	0.7751	0.0012	2.5299	4.6170	0.0003	
42	64	0.1151	3	0	1	0	0	0	0	0	0	N	N	N	N	N	N	N	N	N	N	N	N	0.0000	0.0000	0.0000	0.0000	0.0000	0.0000	0.0000	0.0000	0.0000	0.0000	0.0000	0.0000	0.0000	0.0000	0.0000	0.0000	0.0000	0.0000	0.3337	0.4982	0.0642	1.0474	1.1672	0.4444	0.0469	0.0792	0.0097	0.0787	0.0000	-0.0589	5.9981	2.4556	11.5875	12.4191	0.0000	0.0000	0.0000	0.0000	0.0000	0.0000	0.0000	0.0000	0.0000	0.1528	0.1417	0.0111	0.1375	0.1278	0.0097	0.0153	0.0138	0.0015	0.0931	0.0787	0.0143	0.0044	0.0040	0.0003	0.0887	0.0747	0.0140	0.4581	0.2844	0.1737	0.1313	0.1095	0.0218	0.3268	0.1749	0.1519	0.0000	0.0000	0.0000	0.0000	0.0000	0.0000	0.0000	0.0000	0.0000	0.3337	0.4982	0.0642	1.0474	1.1672	0.4444	0.0469	0.0792	0.0097	
42	65	0.2374	5	0	2	0	0	0	0	0	0	N	Y	N	N	N	N	N	N	N	N	N	N	0.4335	2.8203	0.0000	0.0000	0.0000	0.0000	0.3925	8.9087	0.0000	0.0137	0.0159	0.0000	0.0000	0.0000	0.0000	0.0196	0.0233	0.0000	0.0317	0.0057	0.0880	0.0072	0.0082	0.0009	0.0499	0.0026	0.1072	0.0000	7.2071	-0.0005	0.0052	5.9981	1.7555	11.5875	11.9300	0.0011	0.0011	0.0000	0.0000	0.0000	0.0000	0.0011	0.0011	0.0000	0.0123	0.0015	0.0108	0.0012	0.0012	0.0000	0.0111	0.0003	0.0108	0.0829	0.0715	0.0114	0.0247	0.0226	0.0021	0.0582	0.0489	0.0093	0.3892	0.2660	0.1231	0.1661	0.1438	0.0222	0.2231	0.1222	0.1009	0.4335	2.8203	0.0000	0.0000	0.0000	0.0000	0.3925	8.9087	0.0000	0.0317	0.0057	0.0880	0.0072	0.0082	0.0009	0.0499	0.0026	0.1072
42	66	0.1127	5	1	2	1	0	0	0	0	0	N	Y	N	N	N	N	N	N	N	N	N	N	0.0000	0.0000	0.0000	0.0000	0.0000	0.0000	0.0000	0.0000	0.0000	0.0000	0.0000	0.0000	0.0000	0.0000	0.0000	0.0000	0.0000	0.0000	0.0000	0.0000	5.9981	0.0000	11.5875	0.0000	0.0000	0.0000	0.0000	0.0000	0.0000	0.0000	0.0000	0.0000	0.0000	0.0000	0.0000	0.0000	0.0000	0.0000	0.0000	0.0000	0.0000	0.0000	0.0000	0.0000	0.0000	0.0000	0.0000	0.0000	0.0000	0.0000	0.0000	0.0000	0.0000	0.0000	0.0000	0.0000	0.0000	0.0000	0.0000	0.0000	0.0000	0.0000	0.0000	0.0000	0.0000	0.0000	0.0000	0.0000	0.0000	0.0000	0.0000	0.0000	0.0000	0.0000	0.0000	0.0000	0.0000	0.0000											
42	67	0.7210	10	1	2	1	0	0	0	0	0	N	Y	N	N	N	N	N	N	N	N	N	N	0.0000	0.0000	0.0000	0.0000	0.0000	0.0000	0.0000	0.0000	0.0000	0.0000	0.0000	0.0000	0.0000	17.3908	0.0000	104.8935	55.5802	0.0000	196.8167	0.0000	0.0000	0.0000	inf	0.0000	0.5416	5.9981	1.0000	11.5875	3.0000	0.0000	0.0000	0.0000	0.0000	0.0000	0.0000	0.0000	0.0000	0.0000	1.0000	0.0000	1.0000	1.0000	0.0000	1.0000	0.0000	0.0000	0.0000	0.0333	0.0289	0.0045	0.0084	0.0077	0.0007	0.0250	0.0212	0.0038	0.0860	0.0592	0.0268	0.0570	0.0439	0.0131	0.0290	0.0153	0.0137	0.0000	0.0000	0.0000	0.0000	0.0000	0.0000	0.0000	0.0000	0.0000	11.6291	0.0000	37.3355	17.5473	0.0000	76.6156	0.0000	0.0000	0.0000						
42	68	0.1127	5	1	2	1	0	0	0	0	0	N	Y	N	N	N	N	N	N	N	N	N	N	0.0000	0.0000	0.0000	0.0000	0.0000	0.0000	0.0000	0.0000	0.0000	0.0000	0.0000	0.0000	0.0000	0.0000	0.0000	0.0000	0.0000	0.0000	0.0000	0.0000	5.9981	1.0000	11.5875	0.0000	0.0000	0.0000	0.0000	0.0000	0.0000	0.0000	0.0000	0.0000	0.0000	0.0000	0.0000	0.0000	0.0000	0.0000	0.0000	0.0000	0.0000	0.0000	0.0410	0.0346	0.0064	0.0013	0.0012	0.0001	0.0397	0.0334	0.0063	0.0272	0.0161	0.0111	0.0059	0.0049	0.0010	0.0212	0.0112	0.0101	0.0000	0.0000	0.0000	0.0000	0.0000	0.0000	0.0000	0.0000	0.0000	0.0000	0.0000	0.0000	0.0000	0.0000	0.0000	0.0000	0.0000	0.0000											
42	69	0.0962	4	1	2	1	0	0	0	0	0	N	Y	N	N	N	N	N	N	N	N	N	N	0.0000	0.0000	0.0000	0.0000	0.0000	0.0000	0.0000	0.0000	0.0000	0.0000	0.0000	0.0000	0.0000	0.0000	0.0000	0.0000	0.0000	0.0000	5.3428	9.3836	0.1591	0.0060	0.0054	0.0106	5.9304	10.5122	0.1689	0.0128	0.0000	-0.4507	5.9981	1.0155	11.5875	5.9708	0.0000	0.0000	0.0000	0.0000	0.0000	0.0000	0.0000	0.0000	0.0000	1.0111	0.9983	0.0128	0.0003	0.0002	0.0001	1.0109	0.9981	0.0128	0.0442	0.0375	0.0067	0.0025	0.0024	0.0001	0.0417	0.0351	0.0066	0.2168	0.1363	0.0805	0.0463	0.0413	0.0050	0.1705	0.0949	0.0755	0.0000	0.0000	0.0000	0.0000	0.0000	0.0000	0.0000	0.0000	0.0000	4.6644	7.3247	0.1591	0.0060	0.0054	0.0106	5.9304	10.5122	0.1689	
42	70	0.0915	3	1	1	1	0	0	0	0	0	N	N	N	N	N	N	N	N	N	N	N	N	0.0000	0.0000	0.0000	0.0000	0.0000	0.0000	0.0000	0.0000	0.0000	0.0000	0.0000	0.0000	0.0000	0.0000	0.0000	0.0000	0.0000	0.0000	2.0500	0.1807	6.2612	0.3381	0.3244	0.6847	3.0201	0.0357	6.5226	15.3770	0.0000	0.1506	5.9981	0.0406	11.5875	2.3361	0.0000	0.0000	0.0000	0.0000	0.0000	0.0000	0.0000	0.0000	0.0000	0.3133	0.0191	0.2942	0.0187	0.0172	0.0014	0.2946	0.0019	0.2927	0.0043	0.0038	0.0005	0.0014	0.0014	0.0000	0.0030	0.0025	0.0005	0.1528	0.1058	0.0470	0.0553	0.0532	0.0021	0.0975	0.0527	0.0449	0.0000	0.0000	0.0000	0.0000	0.0000	0.0000	0.0000	0.0000	0.0000	2.0500	0.1807	6.2612	0.3381	0.3244	0.6847	3.0201	0.0357	6.5226	
42	71	0.7210	10	1	2	1	0	0	0	0	0	N	Y	N	N	N	N	N	N	N	N	N	N	0.0000	0.0000	0.0000	0.0000	0.0000	0.0000	0.0000	0.0000	0.0000	0.0000	0.0000	0.0000	0.0000	0.0000	0.0000	0.0000	0.0000	0.0000	0.0000	0.0000	5.9981	0.0000	11.5875	0.0000	0.0000	0.0000	0.0000	0.0000	0.0000	0.0000	0.0000	0.0000	0.0000	0.0000	0.0000	0.0000	0.0000	0.0000	0.0000	0.0000	0.0000	0.0000	0.0000	0.0000	0.0000	0.0000	0.0000	0.0000	0.0000	0.0000	0.0000	0.0000	0.0000	0.0000	0.0000	0.0000	0.0000	0.0000	0.0000	0.0000	0.0000	0.0000	0.0000	0.0000	0.0000	0.0000	0.0000	0.0000	0.0000	0.0000	0.0000	0.0000	0.0000	0.0000	0.0000	0.0000	0.0000	0.0000											
42	72	0.7029	9	1	2	1	0	0	0	0	0	N	Y	N	N	N	N	N	N	N	N	N	N	0.0000	0.0000	0.0000	0.0000	0.0000	0.0000	0.0000	0.0000	0.0000	0.0000	0.0000	0.0000	0.0000	0.0000	0.0000	0.0000	0.0000	0.0009	0.0009	0.0007	0.0010	0.0012	0.0004	0.0005	0.0000	0.0011	0.3049	0.0000	-0.0000	5.9981	3.9057	11.5875	1.1104	0.0000	0.0000	0.0000	0.0000	0.0000	0.0000	0.0000	0.0000	0.0000	0.0001	0.0001	0.0000	0.0001	0.0001	0.0000	0.0000	0.0000	0.0000	0.1483	0.1289	0.0194	0.0414	0.0385	0.0028	0.1069	0.0904	0.0166	0.1507	0.1053	0.0453	0.1122	0.0850	0.0272	0.0385	0.0204	0.0181	0.0000	0.0000	0.0000	0.0000	0.0000	0.0000	0.0000	0.0000	0.0000	0.0009	0.0009	0.0007	0.0010	0.0012	0.0004	0.0005	0.0000	0.0011		
42	73	0.5001	7	1	2	0	0	0	0	0	0	N	Y	N	N	N	N	N	N	N	N	N	N	0.1032	0.0949	0.0000	0.1816	0.1888	0.0000	0.0000	0.0000	0.0000	0.0002	0.0003	0.0000	0.0005	0.0006	0.0000	0.0000	0.0000	0.0000	0.0023	0.0029	0.0010	0.0030	0.0032	0.0021	0.0014	0.0022	0.0005	0.0000	0.1556	-0.0000	-0.0005	5.9981	6.9070	11.5875	16.5673	0.0001	0.0001	0.0000	0.0001	0.0001	0.0000	0.0000	0.0000	0.0000	0.0015	0.0013	0.0002	0.0011	0.0010	0.0001	0.0004	0.0003	0.0001	0.4596	0.4014	0.0581	0.2011	0.1818	0.0193	0.2585	0.2197	0.0388	0.6407	0.4453	0.1954	0.3670	0.3014	0.0657	0.2737	0.1439	0.1297	0.1032	0.0949	0.0000	0.1816	0.1888	0.0000	0.0000	0.0000	0.0000	0.0023	0.0029	0.0010	0.0030	0.0032	0.0021	0.0014	0.0022	0.0005
42	74	0.5640	9	0	2	0	1	0	0	0	0	N	Y	N	N	N	N	N	N	N	N	N	N	0.0067	0.0061	0.0000	0.0568	0.0696	0.0000	0.0000	0.0000	0.0000	0.0000	0.0000	0.0000	0.0002	0.0002	0.0000	0.0000	0.0000	0.0000	0.0057	0.0072	0.0022	0.0027	0.0024	0.0042	0.0105	0.0199	0.0010	0.0000	0.1354	-0.0000	-0.0012	5.9981	6.4226	11.5875	19.3377	0.0000	0.0000	0.0000	0.0000	0.0000	0.0000	0.0000	0.0000	0.0000	0.0034	0.0030	0.0004	0.0010	0.0007	0.0003	0.0024	0.0023	0.0001	0.2636	0.2270	0.0366	0.0644	0.0601	0.0042	0.1993	0.1669	0.0324	0.6073	0.4229	0.1844	0.3790	0.3076	0.0714	0.2283	0.1153	0.1130	0.0067	0.0061	0.0000	0.0568	0.0696	0.0000	0.0000	0.0000	0.0000	0.0057	0.0072	0.0022	0.0027	0.0024	0.0042	0.0105	0.0199	0.0010
42	75	0.5188	8	0	1	0	1	0	0	0	0	N	N	N	N	N	N	N	N	N	N	N	N	0.0016	0.0013	0.0000	0.2521	0.2444	0.0000	0.0000	0.0000	0.0000	0.0007	0.0008	0.0000	0.0023	0.0024	0.0000	0.0000	0.0000	0.0000	0.4182	0.5879	0.0048	0.0091	0.0099	0.0053	0.9742	1.8205	0.0045	0.0000	0.0033	-0.0001	-0.1502	5.9981	5.1932	11.5875	17.4397	0.0002	0.0002	0.0000	0.0002	0.0002	0.0000	0.0000	0.0000	0.0000	0.3301	0.3290	0.0011	0.0042	0.0038	0.0004	0.3260	0.3253	0.0007	0.2559	0.2247	0.0312	0.0737	0.0704	0.0033	0.1822	0.1543	0.0279	0.7895	0.5597	0.2298	0.4549	0.3810	0.0739	0.3346	0.1787	0.1559	0.0016	0.0013	0.0000	0.2521	0.2444	0.0000	0.0000	0.0000	0.0000	0.4182	0.5879	0.0048	0.0091	0.0099	0.0053	0.9742	1.8205	0.0045
42	76	0.4818	7	0	1	0	0	0	0	0	0	N	N	N	N	N	N	N	N	N	N	N	N	0.1087	0.0923	0.0557	0.3079	0.2719	0.0000	0.0015	0.0000	0.0467	0.0902	0.1027	0.0053	0.2968	0.3114	0.0000	0.0010	0.0000	0.0060	0.8299	1.1125	0.0960	0.9640	1.1453	0.0345	0.6352	1.0408	0.1288	0.0077	0.0332	-0.0089	-0.3260	5.9981	4.4918	11.5875	17.5337	0.0206	0.0204	0.0002	0.0204	0.0204	0.0000	0.0002	0.0000	0.0002	0.7649	0.7403	0.0246	0.5261	0.5230	0.0031	0.2388	0.2173	0.0215	0.2284	0.1991	0.0293	0.0689	0.0657	0.0032	0.1595	0.1334	0.0261	0.9216	0.6654	0.2562	0.5457	0.4567	0.0891	0.3759	0.2087	0.1672	0.1087	0.0923	0.0557	0.3079	0.2719	0.0000	0.0015	0.0000	0.0467	0.8299	1.1125	0.0960	0.9640	1.1453	0.0345	0.6352	1.0408	0.1288
42	77	0.2109	6	0	1	0	1	0	0	0	0	N	N	N	N	N	N	N	N	N	N	N	N	0.0000	0.0000	0.0000	0.0000	0.0000	0.0000	0.0000	0.0000	0.0000	0.0000	0.0000	0.0000	0.0000	0.0000	0.0000	0.0000	0.0000	0.0000	2.3262	3.4662	0.0001	7.7228	8.7273	0.0008	0.0012	0.0021	0.0000	0.0000	0.0000	-0.4545	5.9981	0.3745	11.5875	14.7996	0.0000	0.0000	0.0000	0.0000	0.0000	0.0000	0.0000	0.0000	0.0000	0.9917	0.9917	0.0000	0.9914	0.9914	0.0000	0.0003	0.0003	0.0000	0.0201	0.0178	0.0023	0.0046	0.0044	0.0002	0.0155	0.0134	0.0021	0.4263	0.2861	0.1402	0.1767	0.1510	0.0257	0.2496	0.1351	0.1145	0.0000	0.0000	0.0000	0.0000	0.0000	0.0000	0.0000	0.0000	0.0000	2.3262	3.4662	0.0001	5.6110	6.5668	0.0008	0.0012	0.0021	0.0000	
42	78	0.1886	5	0	1	0	1	0	0	0	0	N	N	N	N	N	N	N	N	N	N	N	N	0.0000	0.0000	0.0000	0.0000	0.0000	0.0000	0.0000	0.0000	0.0000	0.0000	0.0000	0.0000	0.0000	0.0000	0.0000	0.0000	0.0000	0.0000	0.0615	0.0905	0.0030	0.1399	0.1655	0.0061	0.0019	0.0016	0.0022	0.0164	0.0000	-0.0112	5.9981	1.4595	11.5875	10.3922	0.0000	0.0000	0.0000	0.0000	0.0000	0.0000	0.0000	0.0000	0.0000	0.0254	0.0250	0.0004	0.0249	0.0248	0.0002	0.0004	0.0002	0.0002	0.0640	0.0552	0.0089	0.0092	0.0087	0.0005	0.0548	0.0465	0.0084	0.4125	0.2759	0.1367	0.1782	0.1496	0.0286	0.2343	0.1263	0.1081	0.0000	0.0000	0.0000	0.0000	0.0000	0.0000	0.0000	0.0000	0.0000	0.0615	0.0905	0.0030	0.1399	0.1655	0.0061	0.0019	0.0016	0.0022	
42	79	0.1745	4	0	1	0	1	0	0	0	0	N	N	N	N	N	N	N	N	N	N	N	N	0.0000	0.0000	0.0000	0.0000	0.0000	0.0000	0.0000	0.0000	0.0000	0.0000	0.0000	0.0000	0.0000	0.0000	0.0000	0.0000	0.0000	0.0000	0.1454	0.1787	0.0773	0.1791	0.2051	0.0297	0.1172	0.1425	0.0896	0.2112	0.0000	-0.0134	5.9981	1.3861	11.5875	6.3168	0.0000	0.0000	0.0000	0.0000	0.0000	0.0000	0.0000	0.0000	0.0000	0.0470	0.0388	0.0082	0.0264	0.0257	0.0006	0.0206	0.0131	0.0076	0.0562	0.0478	0.0084	0.0064	0.0059	0.0005	0.0498	0.0419	0.0079	0.3235	0.2174	0.1061	0.1474	0.1255	0.0219	0.1761	0.0919	0.0843	0.0000	0.0000	0.0000	0.0000	0.0000	0.0000	0.0000	0.0000	0.0000	0.1454	0.1787	0.0773	0.1791	0.2051	0.0297	0.1172	0.1425	0.0896	
42	80	0.1151	3	0	1	0	1	0	0	0	0	N	N	N	N	N	N	N	N	N	N	N	N	0.0000	0.0000	0.0000	0.0000	0.0000	0.0000	0.0000	0.0000	0.0000	0.0000	0.0000	0.0000	0.0000	0.0000	0.0000	0.0000	0.0000	0.0000	1.9736	3.2091	0.0138	1.6883	2.0159	0.0234	2.0726	3.8549	0.0126	0.0027	0.0000	-0.5848	5.9981	4.0043	11.5875	19.8631	0.0000	0.0000	0.0000	0.0000	0.0000	0.0000	0.0000	0.0000	0.0000	1.2835	1.2800	0.0035	0.2830	0.2824	0.0006	1.0005	0.9976	0.0028	0.1504	0.1274	0.0231	0.0069	0.0064	0.0005	0.1435	0.1209	0.0226	0.6503	0.3989	0.2515	0.1676	0.1401	0.0276	0.4827	0.2588	0.2239	0.0000	0.0000	0.0000	0.0000	0.0000	0.0000	0.0000	0.0000	0.0000	1.9736	3.2091	0.0138	1.6883	2.0159	0.0234	2.0726	3.8549	0.0126	
42	81	0.6556	9	0	2	1	0	0	0	0	0	N	Y	N	N	N	N	N	N	N	N	N	N	0.0000	0.0000	0.0000	0.0000	0.0000	0.0000	0.0000	0.0000	0.0000	0.0000	0.0000	0.0000	0.0000	0.0001	0.0000	0.0004	0.0002	0.0000	0.0009	0.0000	0.0000	0.0000	inf	0.0000	0.0000	5.9981	2.0162	11.5875	4.5500	0.0000	0.0000	0.0000	0.0000	0.0000	0.0000	0.0000	0.0000	0.0000	0.0000	0.0000	0.0000	0.0000	0.0000	0.0000	0.0000	0.0000	0.0000	0.0927	0.0810	0.0116	0.0384	0.0358	0.0026	0.0542	0.0452	0.0090	0.1585	0.1088	0.0497	0.1043	0.0812	0.0230	0.0542	0.0275	0.0267	0.0000	0.0000	0.0000	0.0000	0.0000	0.0000	0.0000	0.0000	0.0000	0.0001	0.0000	0.0004	0.0002	0.0000	0.0009	0.0000	0.0000	0.0000						
42	82	0.0752	3	0	2	1	0	0	0	0	0	N	Y	N	N	N	N	N	N	N	N	N	N	0.0000	0.0000	0.0000	0.0000	0.0000	0.0000	0.0000	0.0000	0.0000	0.0000	0.0000	0.0000	0.0000	0.0000	0.0000	0.0000	0.0000	0.9833	1.6824	0.0222	3.5330	3.6092	0.0334	0.0126	0.0000	0.0221	0.0096	0.0000	-0.1453	5.9981	3.0011	11.5875	3.7015	0.0000	0.0000	0.0000	0.0000	0.0000	0.0000	0.0000	0.0000	0.0000	0.3238	0.3207	0.0031	0.3208	0.3207	0.0001	0.0030	0.0000	0.0030	0.1234	0.1041	0.0193	0.0012	0.0011	0.0001	0.1222	0.1030	0.0192	0.3293	0.1906	0.1387	0.0908	0.0889	0.0019	0.2385	0.1018	0.1368	0.0000	0.0000	0.0000	0.0000	0.0000	0.0000	0.0000	0.0000	0.0000	0.9833	1.6824	0.0222	3.5330	3.6092	0.0334	0.0126	0.0000	0.0221		
42	83	0.0637	2	0	2	0	0	0	0	0	0	N	Y	N	N	N	N	N	N	N	N	N	N	0.0000	0.0000	0.0000	0.0000	0.0000	0.0000	0.0000	0.0000	0.0000	0.0000	0.0000	0.0000	0.0000	0.0000	0.0000	0.0000	0.0000	0.0000	1.1318	0.8316	1.5546	1.3724	1.3807	0.1302	0.9996	0.0005	1.5627	1.3270	0.0000	0.0632	5.9981	2.0032	11.5875	4.2039	0.0000	0.0000	0.0000	0.0000	0.0000	0.0000	0.0000	0.0000	0.0000	0.5647	0.2427	0.3220	0.2428	0.2426	0.0002	0.3219	0.0001	0.3219	0.0832	0.0702	0.0130	0.0006	0.0005	0.0000	0.0826	0.0696	0.0130	0.4989	0.2918	0.2071	0.1769	0.1757	0.0012	0.3220	0.1161	0.2060	0.0000	0.0000	0.0000	0.0000	0.0000	0.0000	0.0000	0.0000	0.0000	1.1318	0.8316	1.5546	1.3724	1.3807	0.1302	0.9996	0.0005	1.5627	
42	84	0.0605	2	1	1	1	0	0	0	0	0	N	N	N	N	N	N	N	N	N	N	N	N	0.0000	0.0030	0.0000	0.0266	0.0278	0.0000	0.0000	0.0000	0.0002	0.0003	0.0000	0.0091	0.0097	0.0000	0.0000	0.0000	0.0000	5.7220	0.0934	23.3304	0.3439	0.3509	0.0776	5.8219	0.0000	17.6505	0.0000	91.3070	-0.0000	0.5156	5.9981	1.0052	11.5875	4.9545	0.0000	0.0000	0.0000	0.0000	0.0000	0.0000	0.0000	0.0000	0.0000	0.9714	0.0105	0.9608	0.0106	0.0105	0.0001	0.9608	0.0000	0.9608	0.0426	0.0359	0.0066	0.0011	0.0010	0.0001	0.0415	0.0349	0.0066	0.1958	0.1126	0.0832	0.0308	0.0300	0.0008	0.1650	0.0826	0.0824	0.0000	0.0030	0.0000	0.0266	0.0278	0.0000	0.0000	0.0000	0.0000	4.9610	0.0934	11.5539	0.3439	0.3509	0.0776	5.8219	0.0000	11.6624	
42	86	0.2090	4	1	2	0	0	0	0	0	0	N	Y	N	N	N	N	N	N	N	N	N	N	0.0039	0.0416	0.0056	0.1406	0.1290	0.0000	0.0020	0.0000	0.0046	0.0068	0.0021	0.0325	0.0125	0.0129	0.0000	0.0059	0.0000	0.0334	1.7701	0.0509	5.8535	0.0890	0.0999	0.0220	2.9499	0.0012	7.2705	2.8255	48.4056	0.0006	0.5136	5.9981	5.8060	11.5875	6.1034	0.0019	0.0005	0.0014	0.0005	0.0005	0.0000	0.0014	0.0000	0.0014	0.9851	0.0199	0.9651	0.0204	0.0197	0.0007	0.9647	0.0002	0.9644	0.2790	0.2356	0.0434	0.0399	0.0387	0.0012	0.2391	0.1969	0.0422	0.5565	0.3916	0.1649	0.2295	0.1973	0.0322	0.3270	0.1944	0.1326	0.0039	0.0416	0.0056	0.1406	0.1290	0.0000	0.0020	0.0000	0.0046	1.7701	0.0509	5.8535	0.0890	0.0999	0.0220	2.9499	0.0012	7.2705
42	87	0.1151	3	1	2	0	0	0	0	0	0	N	Y	N	N	N	N	N	N	N	N	N	N	0.6796	0.0000	4.6035	0.0000	0.0000	0.0000	0.8393	0.0000	4.3038	2.2503	0.0000	14.8693	0.0000	0.0000	0.0000	2.3571	0.0000	15.2072	3.3112	3.3633	3.2300	5.3685	6.0339	0.5256	2.8084	2.1833	3.5335	inf	0.6160	0.5581	-0.2171	5.9981	12.2869	11.5875	21.7146	0.9986	0.0000	0.9986	0.0000	0.0000	0.0000	0.9986	0.0000	0.9986	2.8132	1.7408	1.0724	1.0024	0.9848	0.0176	1.8108	0.7560	1.0548	0.4437	0.3766	0.0672	0.0201	0.0186	0.0015	0.4237	0.3580	0.0657	0.8496	0.5176	0.3320	0.2048	0.1713	0.0335	0.6448	0.3463	0.2985	0.6796	0.0000	4.6035	0.0000	0.0000	0.0000	0.8393	0.0000	4.3038	3.3112	3.3633	3.2300	4.8942	5.7483	0.5256	2.8084	2.1833	3.5335
42	88	0.0637	2	0	2	0	0	0	0	0	0	N	Y	N	N	N	N	N	N	N	N	N	N	0.0000	0.0000	0.0000	0.0000	0.0000	0.0000	0.0000	0.0000	0.0000	0.0000	0.0000	0.0000	0.0000	0.0000	0.0000	0.0000	0.0000	2.9691	0.6516	6.2057	1.3696	1.3858	0.0493	3.5830	0.0000	6.2557	6.8193	0.0000	0.8150	5.9981	4.0005	11.5875	9.0093	0.0000	0.0000	0.0000	0.0000	0.0000	0.0000	0.0000	0.0000	0.0000	1.9697	0.2519	1.7178	0.2520	0.2519	0.0001	1.7177	0.0000	1.7177	0.1644	0.1387	0.0257	0.0010	0.0009	0.0001	0.1634	0.1377	0.0256	0.6634	0.3866	0.2768	0.1840	0.1818	0.0022	0.4794	0.2048	0.2746	0.0000	0.0000	0.0000	0.0000	0.0000	0.0000	0.0000	0.0000	0.0000	2.9691	0.6516	6.2057	1.3696	1.3858	0.0493	3.5830	0.0000	6.2557		
42	90	0.2374	5	0	1	1	0	0	0	0	0	N	N	N	N	N	N	N	N	N	N	N	N	0.2621	1.7389	0.0000	0.0000	0.0000	0.0000	0.2250	5.1816	0.0000	0.0107	0.0125	0.0000	0.0000	0.0000	0.0000	0.0147	0.0175	0.0000	0.0409	0.0072	0.1184	0.0092	0.0103	0.0012	0.0654	0.0034	0.1432	0.0000	7.2071	-0.0005	0.0052	5.9981	2.3559	11.5875	7.1930	0.0011	0.0011	0.0000	0.0000	0.0000	0.0000	0.0011	0.0011	0.0000	0.0123	0.0015	0.0108	0.0012	0.0012	0.0000	0.0111	0.0003	0.0108	0.1062	0.0915	0.0147	0.0288	0.0264	0.0024	0.0774	0.0651	0.0123	0.3015	0.2099	0.0916	0.1313	0.1153	0.0160	0.1702	0.0947	0.0755	0.2621	1.7389	0.0000	0.0000	0.0000	0.0000	0.2250	5.1816	0.0000	0.0409	0.0072	0.1184	0.0092	0.0103	0.0012	0.0654	0.0034	0.1432
42	91	0.2046	4	0	1	0	0	0	0	0	0	N	N	N	N	N	N	N	N	N	N	N	N	4.2267	26.6120	0.0090	0.0642	0.0091	4.6624	3.2101	35.7943	0.0021	3.1088	3.5414	0.0202	0.0073	0.0011	0.1654	4.3901	5.2130	0.0059	0.7355	0.1331	2.2431	0.1144	0.1254	0.0355	1.3676	0.1456	2.8502	0.0008	6.7356	-0.4354	0.2556	5.9981	4.9284	11.5875	11.0439	0.9888	0.9880	0.0008	0.0007	0.0001	0.0006	0.9881	0.9879	0.0002	0.6198	0.0801	0.5397	0.0486	0.0468	0.0018	0.5712	0.0333	0.5378	0.3181	0.2790	0.0391	0.0930	0.0895	0.0035	0.2251	0.1895	0.0356	0.8427	0.6021	0.2406	0.4250	0.3731	0.0519	0.4177	0.2290	0.1887	4.2267	26.6120	0.0090	0.0642	0.0091	4.6624	3.2101	35.7943	0.0021	0.7355	0.1331	2.2431	0.1144	0.1254	0.0355	1.3676	0.1456	2.8502
42	92	0.1151	3	0	1	0	0	0	0	0	0	N	N	N	N	N	N	N	N	N	N	N	N	0.0296	0.0269	0.0012	0.0283	0.0256	0.0000	0.0347	0.0331	0.0011	0.0801	0.0943	0.0018	0.1164	0.1256	0.0000	0.0784	0.0926	0.0018	2.7060	3.5011	1.4651	4.1136	4.9145	0.0187	2.2562	2.7975	1.6284	0.0034	0.2681	-0.0052	-0.5566	5.9981	3.9161	11.5875	29.2065	0.0118	0.0118	0.0000	0.0008	0.0008	0.0000	0.0110	0.0110	0.0000	2.2541	1.7775	0.4766	0.8299	0.8292	0.0006	1.4242	0.9482	0.4760	0.1472	0.1246	0.0226	0.0068	0.0063	0.0005	0.1404	0.1183	0.0221	0.8330	0.5077	0.3253	0.2017	0.1687	0.0330	0.6313	0.3390	0.2923	0.0296	0.0269	0.0012	0.0283	0.0256	0.0000	0.0347	0.0331	0.0011	2.7060	3.5011	1.4651	4.1136	4.9145	0.0187	2.2562	2.7975	1.6284
42	93	0.6556	9	1	2	0	0	0	0	0	0	N	Y	N	N	N	N	N	N	N	N	N	N	0.1511	0.1549	0.0000	0.3073	0.2730	0.0000	0.0000	0.0000	0.0000	0.0033	0.0037	0.0000	0.0080	0.0086	0.0000	0.0000	0.0000	0.0000	0.0216	0.0241	0.0162	0.0260	0.0314	0.0079	0.0131	0.0030	0.0240	0.0000	0.3113	-0.0002	-0.0010	5.9981	2.5103	11.5875	7.4742	0.0004	0.0004	0.0000	0.0004	0.0004	0.0000	0.0000	0.0000	0.0000	0.0046	0.0035	0.0011	0.0037	0.0034	0.0003	0.0010	0.0001	0.0008	0.1102	0.0964	0.0138	0.0451	0.0419	0.0031	0.0652	0.0545	0.0107	0.2145	0.1466	0.0678	0.1416	0.1088	0.0328	0.0728	0.0379	0.0350	0.1511	0.1549	0.0000	0.3073	0.2730	0.0000	0.0000	0.0000	0.0000	0.0216	0.0241	0.0162	0.0260	0.0314	0.0079	0.0131	0.0030	0.0240
42	94	0.6194	8	0	2	0	0	0	0	0	0	N	Y	N	N	N	N	N	N	N	N	N	N	0.0615	0.1201	0.0073	0.1113	0.2267	0.0207	0.0000	0.0000	0.0000	0.0010	0.0011	0.0002	0.0027	0.0028	0.0014	0.0000	0.0000	0.0000	0.0167	0.0094	0.0336	0.0246	0.0124	0.0670	0.0001	0.0001	0.0000	0.0286	1.5442	-0.0001	0.0007	5.9981	7.1305	11.5875	3.2426	0.0004	0.0003	0.0000	0.0004	0.0003	0.0000	0.0000	0.0000	0.0000	0.0047	0.0018	0.0028	0.0047	0.0018	0.0028	0.0000	0.0000	0.0000	0.3492	0.3083	0.0408	0.1315	0.1243	0.0072	0.2177	0.1841	0.0337	0.2792	0.1947	0.0845	0.1900	0.1477	0.0423	0.0892	0.0470	0.0422	0.0615	0.1201	0.0073	0.1113	0.2267	0.0207	0.0000	0.0000	0.0000	0.0167	0.0094	0.0336	0.0246	0.0124	0.0670	0.0001	0.0001	0.0000
42	96	0.1151	3	0	1	0	0	0	0	0	0	N	N	N	N	N	N	N	N	N	N	N	N	2.8139	0.0000	9.3666	0.0000	0.0000	2.8763	8.5921	4.6101	0.0000	30.4481	0.0000	0.0000	0.0000	4.8288	0.0000	31.1398	1.6383	0.6085	3.2507	1.5136	1.8100	0.0000	1.6789	0.0000	3.6242	inf	3.4124	1.1178	0.4073	5.9981	11.9964	11.5875	18.8414	2.0000	0.0000	2.0000	0.0000	0.0000	0.0000	2.0000	0.0000	2.0000	1.2930	0.2930	1.0000	0.2930	0.2930	0.0000	1.0000	0.0000	1.0000	0.4338	0.3681	0.0657	0.0197	0.0182	0.0015	0.4142	0.3500	0.0642	0.7893	0.4816	0.3076	0.1936	0.1619	0.0317	0.5956	0.3197	0.2759	2.8139	0.0000	9.3666	0.0000	0.0000	0.0000	2.8763	0.0000	8.5921	1.6383	0.6085	3.2507	1.5136	1.8100	0.0000	1.6789	0.0000	3.6242		
42	98	0.0716	3	1	2	1	0	0	0	0	0	N	Y	N	N	N	N	N	N	N	N	N	N	0.0000	0.0000	0.0000	0.0000	0.0000	0.0000	0.0000	0.0000	0.0000	0.0000	0.0000	0.0000	0.0000	0.0000	0.0000	0.0000	0.0000	0.0000	16.0382	8.1550	38.6530	28.8908	26.0446	0.0140	10.4411	4.7793	32.6369	1.6879	0.0000	0.8714	5.9981	0.9502	11.5875	16.1595	0.0000	0.0000	0.0000	0.0000	0.0000	0.0000	0.0000	0.0000	0.0000	5.1381	1.9115	3.2266	0.9120	0.9120	0.0001	4.2261	0.9996	3.2265	0.0469	0.0402	0.0067	0.0060	0.0057	0.0002	0.0409	0.0344	0.0065	0.4846	0.2847	0.1999	0.0798	0.0755	0.0043	0.4048	0.2091	0.1956	0.0000	0.0000	0.0000	0.0000	0.0000	0.0000	0.0000	0.0000	0.0000	10.6032	6.7153	16.1391	11.4254	12.0772	0.0140	10.4411	4.7793	16.4946	
42	99	0.1151	3	0	2	0	0	0	0	0	0	N	Y	N	N	N	N	N	N	N	N	N	N	5.5599	inf	0.0000	524.6797	inf	0.0000	0.0000	0.0000	2.3050	2.7163	0.0000	50.8845	54.9656	0.0000	0.0000	0.0000	0.0000	0.4146	0.0000	1.0671	0.0970	0.0000	0.5913	0.5207	0.0000	1.1233	0.0000	inf	-0.4411	0.1632	5.9981	11.9964	11.5875	15.6499	1.0000	1.0000	0.0000	1.0000	1.0000	0.0000	0.0000	0.0000	0.0000	0.3013	0.0000	0.3013	0.0176	0.0000	0.0176	0.2836	0.0000	0.2836	0.4338	0.3681	0.0657	0.0197	0.0182	0.0015	0.4142	0.3500	0.0642	0.7267	0.4444	0.2823	0.1819	0.1521	0.0298	0.5448	0.2923	0.2525	5.5599	inf	0.0000	524.6797	inf	0.0000	0.0000	0.0000	0.0000	0.4146	0.0000	1.0671	0.0970	0.0000	0.5913	0.5207	0.0000	1.1233	
42	100	0.0746	4	1	1	1	0	0	0	0	0	N	N	N	N	N	N	N	N	N	N	N	N	0.0000	0.0000	0.0000	0.0000	0.0000	0.0000	0.0000	0.0000	0.0000	0.0000	0.0000	0.0000	0.0000	0.0000	0.0000	0.0000	0.0000	5.7756	0.0880	24.1090	0.3421	0.3633	0.0305	5.8088	0.0000	19.4969	96.0301	0.0000	1.0818	5.9981	1.0008	11.5875	13.9255	0.0000	0.0000	0.0000	0.0000	0.0000	0.0000	0.0000	0.0000	0.0000	2.0360	0.0210	2.0151	0.0211	0.0210	0.0001	2.0149	0.0000	2.0149	0.0423	0.0358	0.0065	0.0028	0.0025	0.0002	0.0395	0.0333	0.0063	0.4086	0.2384	0.1702	0.0617	0.0578	0.0039	0.3469	0.1806	0.1663	0.0000	0.0000	0.0000	0.0000	0.0000	0.0000	0.0000	0.0000	0.0000	4.9835	0.0880	11.8406	0.3421	0.3633	0.0305	5.8088	0.0000	12.1197		
42	101	0.0716	3	1	1	1	0	0	0	0	0	N	N	N	N	N	N	N	N	N	N	N	N	0.0000	0.0000	0.0000	0.0000	0.0000	0.0000	0.0000	0.0000	0.0000	0.0000	0.0000	0.0000	0.0000	0.0000	0.0000	0.0000	0.0000	0.0000	1.4651	1.0750	2.1188	2.0109	2.0399	0.0479	1.1913	0.0053	2.1461	1.1764	0.0000	0.0153	5.9981	0.0532	11.5875	2.0467	0.0000	0.0000	0.0000	0.0000	0.0000	0.0000	0.0000	0.0000	0.0000	0.1868	0.0858	0.1010	0.0857	0.0856	0.0000	0.1012	0.0002	0.1010	0.0092	0.0083	0.0009	0.0036	0.0036	0.0000	0.0056	0.0047	0.0009	0.1275	0.0799	0.0477	0.0426	0.0420	0.0006	0.0849	0.0379	0.0470	0.0000	0.0000	0.0000	0.0000	0.0000	0.0000	0.0000	0.0000	0.0000	1.4651	1.0750	2.1188	2.0109	2.0399	0.0479	1.1913	0.0053	2.1461	
42	102	0.0620	2	1	1	1	0	0	0	0	0	N	N	N	N	N	N	N	N	N	N	N	N	0.0058	0.0000	0.0293	0.0000	0.0000	0.0000	0.0095	0.0000	0.0301	0.0082	0.0000	0.0553	0.0000	0.0000	0.0000	0.0091	0.0000	0.0572	1.4204	1.1297	1.8855	2.9161	2.9538	0.0644	0.9541	0.0061	1.9003	inf	1.0430	0.0004	0.0156	5.9981	2.0948	11.5875	3.0326	0.0008	0.0000	0.0008	0.0000	0.0000	0.0000	0.0008	0.0000	0.0008	0.2994	0.1466	0.1529	0.1461	0.1461	0.0000	0.1533	0.0005	0.1528	0.0947	0.0806	0.0141	0.0088	0.0083	0.0005	0.0858	0.0722	0.0136	0.2108	0.1297	0.0811	0.0501	0.0495	0.0007	0.1607	0.0803	0.0804	0.0058	0.0000	0.0293	0.0000	0.0000	0.0000	0.0095	0.0000	0.0301	1.4204	1.1297	1.8855	2.9161	2.9538	0.0644	0.9541	0.0061	1.9003
42	104	0.1474	4	0	2	0	0	0	0	0	0	N	Y	N	N	N	N	N	N	N	N	N	N	3.1696	4202.4327	0.0000	185.6405	6414.2620	0.0000	0.0000	0.0000	2.3350	2.7279	0.0000	10.5114	11.5203	0.0000	0.0000	0.0000	0.0000	0.7367	0.0006	1.9437	0.0566	0.0018	0.3786	0.9790	0.0000	2.1194	0.0000	1825.9463	-0.4401	0.3956	5.9981	8.9557	11.5875	32.3127	0.9977	0.9977	0.0000	0.9977	0.9977	0.0000	0.0000	0.0000	0.0000	0.7312	0.0004	0.7308	0.0148	0.0004	0.0144	0.7164	0.0000	0.7164	0.4273	0.3658	0.0615	0.0949	0.0866	0.0083	0.3324	0.2791	0.0532	0.9926	0.6166	0.3760	0.2608	0.2228	0.0379	0.7318	0.3937	0.3380	3.1696	4202.4327	0.0000	185.6405	6414.2620	0.0000	0.0000	0.0000	0.0000	0.7367	0.0006	1.9437	0.0566	0.0018	0.3786	0.9790	0.0000	2.1194	
42	105	0.1728	5	0	1	1	0	0	0	0	0	N	N	N	N	N	N	N	N	N	N	N	N	1975.9473	1540.4076	0.0000	4172.3431	3924.3660	0.0000	5.1386	6.1056	0.0000	37.3923	39.4147	0.0000	0.0000	0.0000	0.0000	0.0026	0.0040	0.0003	0.0090	0.0100	0.0028	0.0000	0.0000	0.0000	0.0000	0.0480	-0.4411	-0.0004	5.9981	4.2679	11.5875	7.8415	0.9999	0.9999	0.0000	0.9999	0.9999	0.0000	0.0000	0.0000	0.0000	0.0009	0.0008	0.0000	0.0009	0.0008	0.0000	0.0000	0.0000	0.0000	0.1946	0.1638	0.0308	0.0267	0.0254	0.0014	0.1678	0.1384	0.0294	0.3304	0.2069	0.1236	0.0959	0.0816	0.0142	0.2346	0.1252	0.1093	1975.9473	1540.4076	0.0000	4172.3431	3924.3660	0.0000	0.0000	0.0000	0.0000	0.0026	0.0040	0.0003	0.0090	0.0100	0.0028	0.0000	0.0000	0.0000			
42	106	0.1474	4	0	1	0	0	0	0	0	0	N	N	N	N	N	N	N	N	N	N	N	N	0.0054	0.0041	0.0000	0.0012	0.0012	0.0000	1.2932	7.4248	0.0000	0.0031	0.0035	0.0000	0.0021	0.0023	0.0000	0.0040	0.0048	0.0000	0.5649	0.8581	0.0242	1.6970	1.9054	0.1685	0.0031	0.0006	0.0058	0.0000	0.0153	-0.0002	-0.0954	5.9981	1.9301	11.5875	9.0954	0.0005	0.0005	0.0000	0.0002	0.0002	0.0000	0.0003	0.0003	0.0000	0.2152	0.2120	0.0032	0.2145	0.2119	0.0026	0.0008	0.0001	0.0007	0.1569	0.1366	0.0203	0.0765	0.0697	0.0068	0.0804	0.0669	0.0135	0.3810	0.2471	0.1340	0.1264	0.1112	0.0152	0.2547	0.1358	0.1188	0.0054	0.0041	0.0000	0.0012	0.0012	0.0000	1.2932	7.4248	0.0000	0.5649	0.8581	0.0242	1.6970	1.9054	0.1685	0.0031	0.0006	0.0058
42	107	0.1151	3	0	1	0	0	0	0	0	0	N	N	N	N	N	N	N	N	N	N	N	N	0.0000	0.0000	0.0000	0.0000	0.0000	0.0000	0.0000	0.0000	0.0000	0.0000	0.0000	0.0000	0.0000	0.0000	0.0000	0.0000	0.0000	0.0000	0.0492	0.0097	0.1144	0.1599	0.0246	0.8393	0.0033	0.0002	0.0069	7.1127	0.0000	0.0088	5.9981	3.9049	11.5875	9.6098	0.0000	0.0000	0.0000	0.0000	0.0000	0.0000	0.0000	0.0000	0.0000	0.0211	0.0026	0.0185	0.0201	0.0026	0.0175	0.0010	0.0000	0.0010	0.1468	0.1243	0.0225	0.0068	0.0063	0.0005	0.1400	0.1180	0.0220	0.4276	0.2663	0.1613	0.1255	0.1047	0.0208	0.3021	0.1616	0.1405	0.0000	0.0000	0.0000	0.0000	0.0000	0.0000	0.0000	0.0000	0.0000	0.0492	0.0097	0.1144	0.1599	0.0246	0.8393	0.0033	0.0002	0.0069	
42	108	0.1362	5	0	2	0	0	0	0	0	0	N	Y	N	N	N	N	N	N	N	N	N	N	0.0077	0.0056	0.0000	0.0000	0.0000	0.0000	3.0278	1.9459	0.0000	0.0096	0.0113	0.0000	0.0000	0.0000	0.0000	0.0108	0.0128	0.0000	1.2509	2.0268	0.0004	4.0901	5.0862	0.0023	0.0036	0.0066	0.0001	0.0000	0.0001	-0.0014	-0.4637	5.9981	8.0392	11.5875	22.6195	0.0031	0.0031	0.0000	0.0000	0.0000	0.0000	0.0031	0.0031	0.0000	1.0119	1.0117	0.0001	1.0099	1.0098	0.0001	0.0020	0.0020	0.0000	0.3231	0.2748	0.0484	0.0339	0.0316	0.0023	0.2892	0.2432	0.0460	0.8089	0.4992	0.3097	0.2469	0.1985	0.0484	0.5620	0.3006	0.2614	0.0077	0.0056	0.0000	0.0000	0.0000	0.0000	3.0278	1.9459	0.0000	1.2509	2.0268	0.0004	4.0901	5.0862	0.0023	0.0036	0.0066	0.0001
42	109	0.1362	4	0	1	0	0	0	0	0	0	N	N	N	N	N	N	N	N	N	N	N	N	2.0941	3.2373	0.0000	1.6597	2.5675	0.0000	6.8190	10.0361	0.0000	0.3056	0.3658	0.0000	0.4555	0.4598	0.0000	0.2300	0.3038	0.0000	0.1460	0.1130	0.2435	0.2745	0.1791	1.0583	0.0337	0.0303	0.0394	0.0000	0.7277	-0.0027	-0.0011	5.9981	0.2031	11.5875	2.0398	0.0062	0.0062	0.0000	0.0031	0.0031	0.0000	0.0031	0.0031	0.0000	0.0286	0.0166	0.0121	0.0251	0.0146	0.0105	0.0035	0.0020	0.0016	0.0203	0.0169	0.0033	0.0068	0.0067	0.0001	0.0135	0.0102	0.0033	0.1961	0.1466	0.0495	0.0914	0.0815	0.0099	0.1047	0.0651	0.0396	2.0941	3.2373	0.0000	1.6597	2.5675	0.0000	6.8190	10.0361	0.0000	0.1460	0.1130	0.2435	0.2745	0.1791	1.0583	0.0337	0.0303	0.0394
42	110	0.7168	10	1	1	1	0	0	0	0	0	N	N	N	N	N	N	N	N	N	N	N	N	0.0000	0.0000	0.0000	0.0000	0.0000	0.0000	0.0000	0.0000	0.0000	0.0000	0.0000	0.0000	0.0000	0.0000	0.0000	0.0000	0.0000	0.0000	0.0000	0.0000	5.9981	0.0001	11.5875	0.0001	0.0000	0.0000	0.0000	0.0000	0.0000	0.0000	0.0000	0.0000	0.0000	0.0000	0.0000	0.0000	0.0000	0.0000	0.0000	0.0000	0.0000	0.0000	0.0041	0.0032	0.0009	0.0021	0.0021	0.0000	0.0021	0.0012	0.0009	0.0001	0.0001	0.0000	0.0001	0.0001	0.0000	0.0001	0.0000	0.0000	0.0000	0.0000	0.0000	0.0000	0.0000	0.0000	0.0000	0.0000	0.0000	0.0000	0.0000	0.0000	0.0000	0.0000	0.0000	0.0000	0.0000	0.0000											
42	111	0.7029	9	1	1	1	0	0	0	0	0	N	N	N	N	N	N	N	N	N	N	N	N	0.0000	0.0000	0.0000	0.0000	0.0000	0.0000	0.0000	0.0000	0.0000	0.0000	0.0000	0.0000	0.0000	0.0000	0.0000	0.0000	0.0000	0.0000	0.0013	0.0011	0.0018	0.0010	0.0012	0.0004	0.0022	0.0004	0.0041	0.7348	0.0000	-0.0000	5.9981	1.6718	11.5875	2.9223	0.0000	0.0000	0.0000	0.0000	0.0000	0.0000	0.0000	0.0000	0.0000	0.0002	0.0001	0.0001	0.0001	0.0001	0.0000	0.0001	0.0000	0.0001	0.0735	0.0641	0.0094	0.0227	0.0214	0.0013	0.0508	0.0427	0.0081	0.1422	0.0995	0.0427	0.1065	0.0806	0.0259	0.0357	0.0189	0.0168	0.0000	0.0000	0.0000	0.0000	0.0000	0.0000	0.0000	0.0000	0.0000	0.0013	0.0011	0.0018	0.0010	0.0012	0.0004	0.0022	0.0004	0.0041	
42	112	0.6194	8	1	1	1	0	0	0	0	0	N	N	N	N	N	N	N	N	N	N	N	N	0.0000	0.0000	0.0000	0.0000	0.0000	0.0000	0.0000	0.0000	0.0000	0.0000	0.0000	0.0000	0.0000	0.0000	0.0000	0.0000	0.0000	0.0000	0.0005	0.0005	0.0006	0.0007	0.0006	0.0011	0.0001	0.0000	0.0001	0.5826	0.0000	-0.0000	5.9981	14.0283	11.5875	7.1084	0.0000	0.0000	0.0000	0.0000	0.0000	0.0000	0.0000	0.0000	0.0000	0.0002	0.0001	0.0001	0.0002	0.0001	0.0001	0.0000	0.0000	0.0000	0.5654	0.4966	0.0688	0.1927	0.1807	0.0120	0.3727	0.3159	0.0568	0.4648	0.3219	0.1429	0.3075	0.2381	0.0693	0.1573	0.0838	0.0736	0.0000	0.0000	0.0000	0.0000	0.0000	0.0000	0.0000	0.0000	0.0000	0.0005	0.0005	0.0006	0.0007	0.0006	0.0011	0.0001	0.0000	0.0001	
42	113	0.5591	7	0	1	0	0	0	0	0	0	N	N	N	N	N	N	N	N	N	N	N	N	0.4029	0.3447	0.0000	0.7746	0.6749	0.0000	0.0129	0.0330	0.0000	0.0067	0.0075	0.0000	0.0192	0.0203	0.0000	0.0000	0.0000	0.0000	0.0166	0.0218	0.0040	0.0249	0.0300	0.0036	0.0026	0.0012	0.0042	0.0000	0.0761	-0.0013	-0.0030	5.9981	8.6129	11.5875	5.1709	0.0030	0.0030	0.0000	0.0030	0.0030	0.0000	0.0000	0.0000	0.0000	0.0078	0.0072	0.0005	0.0073	0.0071	0.0002	0.0005	0.0001	0.0003	0.4556	0.4037	0.0519	0.1574	0.1495	0.0079	0.2982	0.2542	0.0440	0.4692	0.3305	0.1387	0.2944	0.2367	0.0577	0.1748	0.0938	0.0810	0.4029	0.3447	0.0000	0.7746	0.6749	0.0000	0.0129	0.0330	0.0000	0.0166	0.0218	0.0040	0.0249	0.0300	0.0036	0.0026	0.0012	0.0042
42	114	0.4640	6	0	1	0	0	0	0	0	0	N	N	N	N	N	N	N	N	N	N	N	N	7.0016	6.0918	0.0695	17.0337	15.4493	0.3303	0.1966	0.2317	0.0159	1.3428	1.5468	0.0039	4.9822	5.4233	0.0192	0.0107	0.0124	0.0009	0.1918	0.2539	0.0561	0.2925	0.3510	0.0580	0.0542	0.0535	0.0550	0.0004	0.1011	-0.4007	-0.0688	5.9981	16.8607	11.5875	22.7724	0.9092	0.9089	0.0003	0.9039	0.9037	0.0003	0.0053	0.0052	0.0001	0.1876	0.1704	0.0172	0.1652	0.1587	0.0065	0.0224	0.0117	0.0107	0.6771	0.5876	0.0895	0.1814	0.1666	0.0148	0.4957	0.4210	0.0747	0.9782	0.6709	0.3072	0.5648	0.4520	0.1128	0.4133	0.2190	0.1944	7.0016	6.0918	0.0695	17.0337	15.4493	0.3303	0.1966	0.2317	0.0159	0.1918	0.2539	0.0561	0.2925	0.3510	0.0580	0.0542	0.0535	0.0550
42	115	0.0915	3	1	1	1	0	0	0	0	0	N	N	N	N	N	N	N	N	N	N	N	N	0.0000	0.0000	0.0000	0.0000	0.0000	0.0000	0.0000	0.0000	0.0000	0.0000	0.0000	0.0000	0.0000	0.0000	0.0000	0.0000	0.0000	5.1528	0.0008	28.7519	0.0020	0.0019	0.0038	6.3821	0.0000	26.2416	8254.7491	0.0000	0.5387	5.9981	1.0009	11.5875	4.0038	0.0000	0.0000	0.0000	0.0000	0.0000	0.0000	0.0000	0.0000	0.0000	0.9947	0.0001	0.9946	0.0001	0.0001	0.0000	0.9946	0.0000	0.9946	0.0437	0.0371	0.0066	0.0025	0.0024	0.0001	0.0412	0.0346	0.0066	0.2219	0.1463	0.0756	0.0661	0.0622	0.0039	0.1558	0.0841	0.0717	0.0000	0.0000	0.0000	0.0000	0.0000	0.0000	0.0000	0.0000	0.0000	4.4829	0.0008	13.1555	0.0020	0.0019	0.0038	6.3821	0.0000	13.8657		
42	116	0.0632	2	1	1	1	0	0	0	0	0	N	N	N	N	N	N	N	N	N	N	N	N	0.0097	0.6086	0.0000	1.0011	1.1371	0.0000	0.0000	0.0000	0.0000	0.0441	0.0514	0.0000	0.2736	0.2762	0.0000	0.0000	0.0000	0.0000	4.5421	0.0845	20.2091	0.2733	0.2429	0.5684	5.3024	0.0042	17.0575	0.0000	78.8641	-0.0021	0.9630	5.9981	1.8441	11.5875	10.4794	0.0049	0.0049	0.0000	0.0049	0.0049	0.0000	0.0000	0.0000	0.0000	1.8200	0.0228	1.7972	0.0273	0.0220	0.0053	1.7927	0.0008	1.7919	0.1102	0.0945	0.0157	0.0178	0.0176	0.0002	0.0924	0.0769	0.0155	0.4381	0.2698	0.1683	0.1000	0.0907	0.0093	0.3381	0.1791	0.1590	0.0106	0.6086	0.0000	1.0011	1.1371	0.0000	0.0000	0.0000	0.0000	4.1540	0.0845	10.6779	0.2733	0.2429	0.5684	5.3024	0.0042	11.2708
42	117	0.3512	4	0	2	0	1	0	0	0	0	N	Y	N	N	N	N	N	N	N	N	N	N	19.0715	0.0564	108.9556	0.1877	0.3453	0.1187	23.0145	0.0002	259.7366	1.5764	0.0039	12.3997	0.0128	0.0116	0.0294	2.2964	0.0000	14.9935	0.0827	0.0694	0.1138	0.0683	0.0335	0.2475	0.0998	0.1359	0.0577	460.6669	0.7005	0.4617	-0.0042	5.9981	10.5071	11.5875	20.2622	0.8294	0.0018	0.8276	0.0021	0.0018	0.0003	0.8273	0.0000	0.8273	0.0915	0.0538	0.0377	0.0411	0.0169	0.0242	0.0504	0.0369	0.0135	0.5261	0.4594	0.0667	0.1659	0.1543	0.0116	0.3602	0.3051	0.0552	1.1069	0.7757	0.3312	0.6021	0.5043	0.0978	0.5048	0.2714	0.2333	19.0715	0.0564	108.9556	0.1877	0.3453	0.1187	23.0145	0.0002	259.7366	0.0827	0.0694	0.1138	0.0683	0.0335	0.2475	0.0998	0.1359	0.0577
42	118	0.1151	3	0	2	0	1	0	0	0	0	N	Y	N	N	N	N	N	N	N	N	N	N	0.0000	0.0000	0.0000	0.0000	0.0000	0.0000	0.0000	0.0000	0.0000	0.0000	0.0000	0.0000	0.0000	0.0000	0.0000	0.0000	0.0000	1.6324	0.5785	3.2835	1.4329	1.7136	0.0000	1.6975	0.0019	3.6620	3.6233	0.0000	0.4151	5.9981	4.0036	11.5875	26.5072	0.0000	0.0000	0.0000	0.0000	0.0000	0.0000	0.0000	0.0000	0.0000	1.2760	0.2760	1.0000	0.2754	0.2754	0.0000	1.0006	0.0006	1.0000	0.1501	0.1271	0.0230	0.0069	0.0064	0.0005	0.1432	0.1207	0.0225	0.7817	0.4771	0.3046	0.1922	0.1607	0.0315	0.5895	0.3164	0.2731	0.0000	0.0000	0.0000	0.0000	0.0000	0.0000	0.0000	0.0000	0.0000	1.6324	0.5785	3.2835	1.4329	1.7136	0.0000	1.6975	0.0019	3.6620		
42	119	0.1535	4	0	2	0	0	0	0	0	0	N	Y	N	N	N	N	N	N	N	N	N	N	1.1913	0.0000	66233.0172	0.2089	0.0000	22698.4102	7.8205	0.0000	180134.0755	2.4167	0.0000	17.4622	2.2524	0.0000	48.1572	2.4654	0.0000	14.8943	2.0287	3.2285	0.0003	10.7846	11.5539	0.0021	0.3152	0.5840	0.0001	inf	0.0000	0.2929	-0.6642	5.9981	3.8169	11.5875	21.2433	0.5241	0.0000	0.5241	0.1116	0.0000	0.1116	0.4125	0.0000	0.4125	1.4493	1.4492	0.0001	1.2836	1.2835	0.0000	0.1657	0.1657	0.0000	0.2169	0.1868	0.0300	0.0495	0.0472	0.0023	0.1673	0.1396	0.0277	0.7144	0.4489	0.2655	0.1887	0.1652	0.0236	0.5257	0.2837	0.2420	1.1913	0.0000	66233.0172	0.3312	0.0000	22698.4102	7.8205	0.0000	180134.0755	2.0287	3.2285	0.0003	6.8004	7.7703	0.0021	0.3152	0.5840	0.0001
42	120	0.4992	8	0	2	0	0	0	0	0	0	N	Y	N	N	N	N	N	N	N	N	N	N	0.0696	0.0587	0.0014	0.1409	0.1225	0.0000	0.0004	0.0000	0.0012	0.0328	0.0374	0.0001	0.1095	0.1159	0.0000	0.0000	0.0000	0.0001	0.4706	0.6372	0.0793	0.7775	0.9466	0.0315	0.0483	0.0000	0.1060	0.0004	0.0530	-0.0105	-0.2680	5.9981	16.3276	11.5875	34.9199	0.0239	0.0239	0.0000	0.0239	0.0239	0.0000	0.0000	0.0000	0.0000	0.6568	0.6237	0.0331	0.6284	0.6237	0.0047	0.0284	0.0000	0.0284	0.7287	0.6377	0.0910	0.2179	0.2059	0.0120	0.5108	0.4318	0.0790	1.3957	0.9788	0.4169	0.8083	0.6589	0.1493	0.5875	0.3199	0.2676	0.0696	0.0587	0.0014	0.1409	0.1225	0.0000	0.0004	0.0000	0.0012	0.4706	0.6372	0.0793	0.7775	0.9466	0.0315	0.0483	0.0000	0.1060
42	121	0.4818	7	0	2	0	0	0	0	0	0	N	Y	N	N	N	N	N	N	N	N	N	N	0.2397	0.1008	3.1406	0.4086	0.3718	0.0000	0.1691	0.0000	2.8324	0.1490	0.0790	0.6193	0.2426	0.2558	0.0000	0.1121	0.0000	0.6979	0.6217	0.7837	0.1972	0.5937	0.6878	0.1045	0.6626	0.9942	0.2464	1.1686	0.0960	0.0042	-0.2077	5.9981	6.1757	11.5875	14.5601	0.0434	0.0200	0.0234	0.0200	0.0200	0.0000	0.0234	0.0000	0.0234	0.5602	0.5111	0.0491	0.3173	0.3083	0.0090	0.2429	0.2028	0.0400	0.2909	0.2532	0.0377	0.0824	0.0782	0.0043	0.2085	0.1750	0.0335	0.9010	0.6523	0.2488	0.5345	0.4483	0.0863	0.3665	0.2040	0.1625	0.2397	0.1008	3.1406	0.4086	0.3718	0.0000	0.1691	0.0000	2.8324	0.6217	0.7837	0.1972	0.5937	0.6878	0.1045	0.6626	0.9942	0.2464
42	122	0.4288	6	0	1	0	0	0	0	0	0	N	N	N	N	N	N	N	N	N	N	N	N	0.5679	0.4227	2.2010	1.1032	1.0293	0.0180	0.2579	0.0030	2.4098	0.2706	0.2514	0.4021	0.6899	0.7350	0.0027	0.0759	0.0011	0.4742	0.4765	0.5949	0.1827	0.6254	0.7140	0.1499	0.2943	0.3728	0.1968	0.2335	0.1237	-0.0256	-0.1680	5.9981	7.5400	11.5875	21.4192	0.1017	0.0825	0.0193	0.0823	0.0822	0.0000	0.0195	0.0002	0.0192	0.4823	0.4292	0.0531	0.3484	0.3353	0.0131	0.1339	0.0939	0.0400	0.3759	0.3280	0.0479	0.1192	0.1119	0.0073	0.2567	0.2161	0.0406	1.0121	0.7215	0.2907	0.5572	0.4696	0.0876	0.4550	0.2519	0.2031	0.5679	0.4227	2.2010	1.1032	1.0293	0.0180	0.2579	0.0030	2.4098	0.4765	0.5949	0.1827	0.6254	0.7140	0.1499	0.2943	0.3728	0.1968
42	126	0.1522	5	0	2	0	0	0	0	0	0	N	Y	N	N	N	N	N	N	N	N	N	N	0.0001	0.0001	0.0000	0.0001	0.0001	0.0000	0.0926	0.0660	0.0000	0.0002	0.0002	0.0000	0.0004	0.0005	0.0000	0.0002	0.0002	0.0000	1.5869	2.5532	0.0005	5.2822	6.8080	0.0008	0.0017	0.0029	0.0004	0.0000	0.0001	-0.0000	-0.4557	5.9981	5.0407	11.5875	17.1705	0.0000	0.0000	0.0000	0.0000	0.0000	0.0000	0.0000	0.0000	0.0000	0.9944	0.9943	0.0001	0.9937	0.9937	0.0000	0.0007	0.0006	0.0001	0.2121	0.1794	0.0327	0.0226	0.0213	0.0013	0.1895	0.1581	0.0314	0.6266	0.3894	0.2372	0.2041	0.1661	0.0381	0.4225	0.2234	0.1991	0.0001	0.0001	0.0000	0.0001	0.0001	0.0000	0.0926	0.0660	0.0000	1.5869	2.5532	0.0005	4.8678	5.9833	0.0008	0.0017	0.0029	0.0004
42	127	0.1362	4	0	2	0	0	0	0	0	0	N	Y	N	N	N	N	N	N	N	N	N	N	0.4484	0.4311	0.0174	0.0129	0.0133	0.0000	2.3812	2.9081	0.0436	0.0348	0.0410	0.0007	0.0023	0.0024	0.0000	0.0403	0.0485	0.0008	0.0776	0.0950	0.0414	0.1767	0.1803	0.1561	0.0169	0.0167	0.0172	0.0032	0.2101	-0.0014	-0.0074	5.9981	1.9703	11.5875	6.2034	0.0031	0.0031	0.0000	0.0000	0.0000	0.0000	0.0031	0.0031	0.0000	0.0261	0.0216	0.0045	0.0226	0.0196	0.0030	0.0035	0.0020	0.0016	0.0905	0.0766	0.0139	0.0131	0.0125	0.0006	0.0774	0.0641	0.0133	0.3368	0.2273	0.1095	0.1279	0.1088	0.0191	0.2089	0.1185	0.0905	0.4484	0.4311	0.0174	0.0129	0.0133	0.0000	2.3812	2.9081	0.0436	0.0776	0.0950	0.0414	0.1767	0.1803	0.1561	0.0169	0.0167	0.0172
42	128	0.1151	3	0	1	0	0	0	0	0	0	N	N	N	N	N	N	N	N	N	N	N	N	5.7522	3.7048	0.0000	0.0000	0.0000	0.0000	5.3801	3.4212	0.0000	23.5746	27.8785	0.0000	0.0000	0.0000	0.0000	24.7920	29.4734	0.0000	4.0984	7.5249	0.0154	2.5487	3.0545	0.0327	4.6081	8.6148	0.0124	0.0000	0.0014	-0.4397	-0.5791	5.9981	1.1032	11.5875	7.8190	0.9969	0.9969	0.0000	0.0000	0.0000	0.0000	0.9969	0.9969	0.0000	1.2674	1.2656	0.0018	0.2685	0.2679	0.0006	0.9989	0.9976	0.0012	0.0423	0.0358	0.0065	0.0021	0.0019	0.0001	0.0402	0.0338	0.0064	0.3221	0.2035	0.1186	0.1054	0.0877	0.0176	0.2168	0.1158	0.1010	5.9917	4.4833	0.0000	0.0000	0.0000	0.0000	5.3801	3.4212	0.0000	3.9345	6.2183	0.0154	2.5487	3.0545	0.0327	4.6081	8.6148	0.0124
42	129	0.4581	7	0	2	0	0	0	0	0	0	N	Y	N	N	N	N	N	N	N	N	N	N	0.0000	0.0000	0.0000	0.0000	0.0000	0.0000	0.0000	0.0000	0.0000	0.0000	0.0000	0.0000	0.0000	0.0913	0.1173	0.0000	0.1621	0.1756	0.0000	0.0000	0.0000	0.0000	0.0000	0.0000	-0.0135	5.9981	1.0033	11.5875	0.8635	0.0000	0.0000	0.0000	0.0000	0.0000	0.0000	0.0000	0.0000	0.0000	0.0294	0.0294	0.0000	0.0294	0.0294	0.0000	0.0000	0.0000	0.0000	0.1304	0.1185	0.0119	0.0728	0.0691	0.0037	0.0577	0.0494	0.0083	0.3225	0.2509	0.0715	0.1816	0.1676	0.0140	0.1409	0.0833	0.0575	0.0000	0.0000	0.0000	0.0000	0.0000	0.0000	0.0000	0.0000	0.0000	0.0913	0.1173	0.0000	0.1621	0.1756	0.0000	0.0000	0.0000	0.0000						
42	130	0.4288	6	0	1	0	0	0	0	0	0	N	N	N	N	N	N	N	N	N	N	N	N	0.7436	0.1593	6.1753	0.3654	0.2790	12.6151	1.9438	19.0023	5.2282	1.1477	0.2668	7.2792	0.8072	0.7038	2.4369	1.3272	0.0090	8.2287	1.5435	1.6749	1.1788	2.2092	2.5224	0.1932	0.6828	0.0005	1.5739	3.9194	0.2537	0.1237	-0.3125	5.9981	5.5514	11.5875	9.9598	0.3479	0.0707	0.2771	0.0844	0.0692	0.0152	0.2634	0.0015	0.2619	1.2207	0.9737	0.2470	0.9852	0.9736	0.0116	0.2355	0.0001	0.2354	0.3031	0.2650	0.0381	0.1046	0.0983	0.0062	0.1985	0.1667	0.0318	0.7909	0.5813	0.2095	0.4460	0.3860	0.0600	0.3449	0.1954	0.1496	0.7436	0.1593	6.1753	0.3654	0.2790	12.6151	1.9438	19.0023	5.2282	1.5435	1.6749	1.1788	2.2092	2.5224	0.1932	0.6828	0.0005	1.5739
42	131	0.3985	5	0	1	0	0	0	0	0	0	N	N	N	N	N	N	N	N	N	N	N	N	7.0242	6.9942	3.9108	16.3073	17.9395	0.0784	1.3281	0.0057	9.4805	2.4839	2.6851	1.0886	8.6036	9.1096	0.0499	0.1883	0.0009	1.2314	0.3536	0.3839	0.2784	0.5276	0.5078	0.6373	0.1418	0.1515	0.1299	0.0585	0.2917	-0.4196	-0.0710	5.9981	9.1969	11.5875	13.4651	1.0873	1.0273	0.0600	1.0274	1.0271	0.0003	0.0600	0.0002	0.0597	0.3054	0.2364	0.0690	0.2502	0.2040	0.0462	0.0552	0.0325	0.0228	0.4378	0.3826	0.0552	0.1194	0.1127	0.0067	0.3183	0.2698	0.0485	0.8636	0.6158	0.2477	0.4742	0.4017	0.0725	0.3894	0.2142	0.1753	7.0242	6.9942	3.9108	16.3073	17.9395	0.0784	1.3281	0.0057	9.4805	0.3536	0.3839	0.2784	0.5276	0.5078	0.6373	0.1418	0.1515	0.1299
42	132	0.2120	7	1	2	0	1	0	0	0	0	N	Y	N	N	N	N	N	N	N	N	N	N	0.0000	0.0000	0.0000	0.0000	0.0000	0.0000	0.0000	0.0000	0.0000	0.0000	0.0000	0.0000	0.0000	0.0000	0.0000	0.0000	0.0000	0.0000	0.0000	0.0000	5.9981	1.0000	11.5875	3.0001	0.0000	0.0000	0.0000	0.0000	0.0000	0.0000	0.0000	0.0000	0.0000	0.0000	0.0000	0.0000	0.0000	0.0000	0.0000	0.0000	0.0000	0.0000	0.0404	0.0342	0.0061	0.0032	0.0029	0.0002	0.0372	0.0313	0.0059	0.1014	0.0612	0.0401	0.0250	0.0213	0.0036	0.0764	0.0399	0.0365	0.0000	0.0000	0.0000	0.0000	0.0000	0.0000	0.0000	0.0000	0.0000	0.0000	0.0000	0.0000	0.0000	0.0000	0.0000	0.0000	0.0000	0.0000											
42	133	0.6109	11	1	2	0	1	0	0	0	0	N	Y	N	N	N	N	N	N	N	N	N	N	0.0000	0.0000	0.0000	0.0000	0.0000	0.0000	0.0000	0.0000	0.0000	0.0000	0.0000	0.0000	0.0000	0.0000	0.0000	0.0000	0.0000	0.0000	0.0000	0.0000	5.9981	0.0006	11.5875	1.9797	0.0000	0.0000	0.0000	0.0000	0.0000	0.0000	0.0000	0.0000	0.0000	0.0000	0.0000	0.0000	0.0000	0.0000	0.0000	0.0000	0.0000	0.0000	0.0001	0.0001	0.0000	0.0000	0.0000	0.0000	0.0000	0.0000	0.0000	0.0430	0.0294	0.0136	0.0256	0.0204	0.0052	0.0174	0.0090	0.0084	0.0000	0.0000	0.0000	0.0000	0.0000	0.0000	0.0000	0.0000	0.0000	0.0000	0.0000	0.0000	0.0000	0.0000	0.0000	0.0000	0.0000	0.0000											
42	134	0.5941	10	1	2	0	1	0	0	0	0	N	Y	N	N	N	N	N	N	N	N	N	N	0.0000	0.0000	0.0000	0.0000	0.0000	0.0000	0.0000	0.0000	0.0000	0.0000	0.0000	0.0000	0.0000	0.0000	0.0000	0.0000	0.0000	0.0000	0.0000	0.0000	0.0000	0.0000	inf	0.0000	0.0000	5.9981	2.0077	11.5875	6.0321	0.0000	0.0000	0.0000	0.0000	0.0000	0.0000	0.0000	0.0000	0.0000	0.0000	0.0000	0.0000	0.0000	0.0000	0.0000	0.0000	0.0000	0.0000	0.0787	0.0682	0.0104	0.0234	0.0216	0.0018	0.0552	0.0466	0.0086	0.1584	0.1066	0.0518	0.0934	0.0731	0.0203	0.0650	0.0335	0.0315	0.0000	0.0000	0.0000	0.0000	0.0000	0.0000	0.0000	0.0000	0.0000	0.0000	0.0000	0.0000	0.0000	0.0000	0.0000	0.0000	0.0000	0.0000						
42	135	0.5894	10	0	2	0	1	0	0	0	0	N	Y	N	N	N	N	N	N	N	N	N	N	0.0000	0.0000	0.0000	0.0000	0.0000	0.0000	0.0000	0.0000	0.0000	0.0000	0.0000	0.0000	0.0000	0.0000	0.0000	0.0005	0.0007	0.0001	0.0008	0.0010	0.0003	0.0000	0.0000	0.0000	0.0816	0.0000	-0.0001	5.9981	3.0348	11.5875	9.3583	0.0000	0.0000	0.0000	0.0000	0.0000	0.0000	0.0000	0.0000	0.0000	0.0001	0.0001	0.0000	0.0001	0.0001	0.0000	0.0000	0.0000	0.0000	0.1208	0.1042	0.0166	0.0340	0.0315	0.0025	0.0869	0.0727	0.0141	0.2734	0.1842	0.0892	0.1641	0.1290	0.0351	0.1093	0.0552	0.0541	0.0000	0.0000	0.0000	0.0000	0.0000	0.0000	0.0000	0.0000	0.0000	0.0005	0.0007	0.0001	0.0008	0.0010	0.0003	0.0000	0.0000	0.0000				
42	136	0.5751	9	0	1	0	1	0	0	0	0	N	N	N	N	N	N	N	N	N	N	N	N	1910.8102	3109.1397	0.0000	6317.5532	6106.0732	0.0000	0.0000	0.0000	3.1722	3.7215	0.0000	10.1298	10.7650	0.0000	0.0000	0.0000	0.0000	0.0017	0.0012	0.0026	0.0016	0.0018	0.0010	0.0017	0.0000	0.0036	0.0000	1.0714	-0.0028	0.0000	5.9981	0.0433	11.5875	6.6805	0.0064	0.0064	0.0000	0.0064	0.0064	0.0000	0.0000	0.0000	0.0000	0.0002	0.0001	0.0001	0.0001	0.0001	0.0000	0.0001	0.0000	0.0001	0.0020	0.0017	0.0003	0.0006	0.0006	0.0000	0.0014	0.0011	0.0003	0.1384	0.0926	0.0457	0.0809	0.0629	0.0180	0.0575	0.0297	0.0277	1910.8102	3109.1397	0.0000	6317.5532	6106.0732	0.0000	0.0000	0.0000	0.0000	0.0017	0.0012	0.0026	0.0016	0.0018	0.0010	0.0017	0.0000	0.0036	
42	137	0.2416	9	0	2	0	1	0	0	0	0	N	Y	N	N	N	N	N	N	N	N	N	N	0.0000	0.0000	0.0000	0.0000	0.0000	0.0000	0.0000	0.0000	0.0000	0.0000	0.0000	0.0000	0.0000	0.0000	0.0000	0.0000	0.0000	0.0000	0.0000	0.0000	5.9981	0.0000	11.5875	0.0000	0.0000	0.0000	0.0000	0.0000	0.0000	0.0000	0.0000	0.0000	0.0000	0.0000	0.0000	0.0000	0.0000	0.0000	0.0000	0.0000	0.0000	0.0000	0.0000	0.0000	0.0000	0.0000	0.0000	0.0000	0.0000	0.0000	0.0000	0.0000	0.0000	0.0000	0.0000	0.0000	0.0000	0.0000	0.0000	0.0000	0.0000	0.0000	0.0000	0.0000	0.0000	0.0000	0.0000	0.0000	0.0000	0.0000	0.0000	0.0000	0.0000	0.0000	0.0000	0.0000	0.0000	0.0000											
42	138	0.2365	8	0	2	0	1	0	0	0	0	N	Y	N	N	N	N	N	N	N	N	N	N	0.0000	0.0000	0.0000	0.0000	0.0000	0.0000	0.0000	0.0000	0.0000	0.0000	0.0000	0.0000	0.0000	0.0000	0.0000	0.0000	0.0000	0.0000	0.0000	0.0000	0.0000	0.0000	0.0000	0.0000	-0.0000	5.9981	0.0021	11.5875	2.0000	0.0000	0.0000	0.0000	0.0000	0.0000	0.0000	0.0000	0.0000	0.0000	0.0000	0.0000	0.0000	0.0000	0.0000	0.0000	0.0000	0.0000	0.0000	0.0002	0.0002	0.0000	0.0001	0.0001	0.0000	0.0001	0.0001	0.0000	0.0501	0.0308	0.0194	0.0137	0.0118	0.0019	0.0364	0.0190	0.0174	0.0000	0.0000	0.0000	0.0000	0.0000	0.0000	0.0000	0.0000	0.0000	0.0000	0.0000	0.0000	0.0000	0.0000	0.0000	0.0000	0.0000	0.0000						
42	139	0.2263	7	0	1	0	1	0	0	0	0	N	N	N	N	N	N	N	N	N	N	N	N	3.3520	0.0000	77.9520	0.0000	0.0000	24.1358	73.3517	0.0030	0.0000	0.0196	0.0000	0.0000	0.0000	0.0032	0.0000	0.0204	0.0009	0.0013	0.0003	0.0030	0.0035	0.0000	0.0001	0.0000	0.0003	inf	0.1251	0.0001	-0.0000	5.9981	1.0020	11.5875	3.0181	0.0001	0.0000	0.0001	0.0000	0.0000	0.0000	0.0001	0.0000	0.0001	0.0001	0.0001	0.0000	0.0001	0.0001	0.0000	0.0000	0.0000	0.0000	0.0405	0.0344	0.0061	0.0033	0.0031	0.0002	0.0372	0.0313	0.0059	0.1017	0.0619	0.0398	0.0269	0.0231	0.0039	0.0747	0.0388	0.0359	3.3520	0.0000	77.9520	0.0000	0.0000	0.0000	24.1358	0.0000	73.3517	0.0009	0.0013	0.0003	0.0030	0.0035	0.0000	0.0001	0.0000	0.0003		
42	140	0.2120	7	0	2	0	0	0	0	0	0	N	Y	N	N	N	N	N	N	N	N	N	N	0.0000	0.0000	0.0000	0.0000	0.0000	0.0000	0.0000	0.0000	0.0000	0.0000	0.0000	0.0000	0.0000	0.0000	0.0000	0.0000	0.0000	0.0000	0.0000	0.0000	5.9981	0.0000	11.5875	4.0001	0.0000	0.0000	0.0000	0.0000	0.0000	0.0000	0.0000	0.0000	0.0000	0.0000	0.0000	0.0000	0.0000	0.0000	0.0000	0.0000	0.0000	0.0000	0.0000	0.0000	0.0000	0.0000	0.0000	0.0000	0.0000	0.0000	0.0000	0.1014	0.0612	0.0401	0.0250	0.0213	0.0036	0.0764	0.0399	0.0365	0.0000	0.0000	0.0000	0.0000	0.0000	0.0000	0.0000	0.0000	0.0000	0.0000	0.0000	0.0000	0.0000	0.0000	0.0000	0.0000	0.0000	0.0000											
42	141	0.5896	9	0	2	0	0	0	0	0	0	N	Y	N	N	N	N	N	N	N	N	N	N	251.3969	195.2977	0.0000	497.6911	423.0912	0.0000	0.0000	0.0061	0.0070	0.0000	0.0205	0.0222	0.0000	0.0000	0.0000	0.0000	0.0000	0.0000	0.0000	0.0000	0.0001	0.0000	0.0000	0.0000	0.0000	0.0000	0.0005	-0.0001	-0.0000	5.9981	1.0003	11.5875	5.0186	0.0002	0.0002	0.0000	0.0002	0.0002	0.0000	0.0000	0.0000	0.0000	0.0000	0.0000	0.0000	0.0000	0.0000	0.0000	0.0000	0.0000	0.0000	0.0393	0.0341	0.0052	0.0117	0.0108	0.0009	0.0276	0.0233	0.0043	0.1208	0.0814	0.0394	0.0712	0.0559	0.0153	0.0496	0.0255	0.0241	251.3969	195.2977	0.0000	497.6911	423.0912	0.0000	0.0000	0.0000	0.0000	0.0000	0.0000	0.0000	0.0000	0.0001	0.0000	0.0000	0.0000	0.0000		
42	142	0.2263	7	0	1	1	1	0	0	0	0	N	N	N	N	N	N	N	N	N	N	N	N	249243.9014	528933.3729	265610.1244	485061.4659	11.2606	0.0000	61.0799	0.0000	0.0000	0.0000	16.2969	0.0000	62.0225	0.0000	0.0000	0.0001	0.0000	0.0000	0.0000	0.0001	0.0000	0.0001	inf	inf	0.0001	0.0000	5.9981	0.0001	11.5875	9.0026	0.0001	0.0000	0.0001	0.0000	0.0000	0.0000	0.0001	0.0000	0.0001	0.0000	0.0000	0.0000	0.0000	0.0000	0.0000	0.0000	0.0000	0.0000	0.0000	0.0000	0.0000	0.0000	0.0000	0.0000	0.0000	0.0000	0.0000	0.2226	0.1355	0.0871	0.0587	0.0502	0.0084	0.1639	0.0852	0.0786	249243.9014	0.0000	528933.3729	0.0000	0.0000	0.0000	265610.1244	0.0000	485061.4659	0.0000	0.0000	0.0001	0.0000	0.0000	0.0000	0.0001	0.0000	0.0001					
42	143	0.5751	9	0	1	1	1	0	0	0	0	N	N	N	N	N	N	N	N	N	N	N	N	0.0144	0.0099	0.0000	0.0167	0.0139	0.0000	0.0000	0.0818	0.0947	0.0000	0.2963	0.3209	0.0000	0.0000	0.0000	0.0000	5.6906	9.5515	0.0000	17.7027	23.0851	0.0000	0.0000	0.0000	0.0000	0.0000	0.0000	-0.0028	-0.4584	5.9981	2.0061	11.5875	8.0425	0.0064	0.0064	0.0000	0.0064	0.0064	0.0000	0.0000	0.0000	0.0000	1.0000	1.0000	0.0000	1.0000	1.0000	0.0000	0.0000	0.0000	0.0000	0.0781	0.0675	0.0106	0.0216	0.0199	0.0017	0.0566	0.0476	0.0090	0.2025	0.1354	0.0671	0.1182	0.0918	0.0264	0.0843	0.0436	0.0407	0.0166	0.0128	0.0000	0.0350	0.0295	0.0000	0.0000	0.0000	0.0000	4.9380	7.3871	0.0000	8.4597	10.8924	0.0000	0.0000	0.0000	0.0000		
42	144	0.5660	8	0	1	0	1	0	0	0	0	N	N	N	N	N	N	N	N	N	N	N	N	6204.6457	5604.8607	131.2825	10419.8145	10546.2447	125.5775	148840.9740	inf	406215.4249	11.7206	13.5867	0.0684	35.5423	39.1766	0.2171	0.0042	0.0000	0.0257	0.0019	0.0024	0.0005	0.0034	0.0037	0.0017	0.0000	0.0000	0.0000	0.0008	0.0840	-0.4222	-0.0001	5.9981	1.9550	11.5875	2.1189	0.9590	0.9582	0.0008	0.9588	0.9582	0.0005	0.0002	0.0000	0.0002	0.0002	0.0002	0.0000	0.0002	0.0002	0.0000	0.0000	0.0000	0.0000	0.0818	0.0705	0.0113	0.0270	0.0245	0.0025	0.0548	0.0461	0.0088	0.1284	0.0923	0.0361	0.0711	0.0603	0.0109	0.0573	0.0321	0.0252	6204.6457	5604.8607	131.2825	10419.8145	10546.2447	125.5775	148840.9740	inf	406215.4249	0.0019	0.0024	0.0005	0.0034	0.0037	0.0017	0.0000	0.0000	0.0000
42	145	0.5660	8	0	1	1	1	0	0	0	0	N	N	N	N	N	N	N	N	N	N	N	N	2.0496	0.0000	874788911.2551	2.5008	0.0000	inf	71294422.5405	211420361.1652	1.3779	0.0000	10.0148	2.9817	0.0000	32.3645	0.5990	0.0000	3.7520	0.6723	0.9888	0.0000	1.1923	1.4931	0.0000	0.0000	0.0000	0.0000	inf	0.0000	0.0681	-0.1345	5.9981	2.1261	11.5875	18.6477	0.1218	0.0000	0.1218	0.0862	0.0000	0.0862	0.0357	0.0000	0.0357	0.2935	0.2935	0.0000	0.2935	0.2935	0.0000	0.0000	0.0000	0.0000	0.0884	0.0762	0.0122	0.0289	0.0262	0.0027	0.0595	0.0500	0.0095	0.4366	0.2968	0.1398	0.2462	0.1966	0.0496	0.1904	0.1003	0.0902	2.0496	0.0000	874788911.2551	2.5008	0.0000	inf	71294422.5405	0.0000	211420361.1652	0.6723	0.9888	0.0000	1.1923	1.4931	0.0000	0.0000	0.0000	0.0000	
42	146	0.2263	7	0	1	1	1	0	0	0	0	N	N	N	N	N	N	N	N	N	N	N	N	29.4403	76.2683	23.6088	71.7879	0.0015	0.0000	0.0099	0.0000	0.0000	0.0000	0.0016	0.0000	0.0103	0.0001	0.0000	0.0001	0.0000	0.0000	0.0000	0.0001	0.0000	0.0001	inf	inf	0.0001	0.0000	5.9981	2.0001	11.5875	5.9880	0.0001	0.0000	0.0001	0.0000	0.0000	0.0000	0.0001	0.0000	0.0001	0.0000	0.0000	0.0000	0.0000	0.0000	0.0000	0.0000	0.0000	0.0000	0.0804	0.0683	0.0121	0.0066	0.0061	0.0005	0.0738	0.0622	0.0117	0.1984	0.1208	0.0776	0.0524	0.0448	0.0075	0.1460	0.0759	0.0701	29.4403	0.0000	76.2683	0.0000	0.0000	0.0000	23.6088	0.0000	71.7879	0.0001	0.0000	0.0001	0.0000	0.0000	0.0000	0.0001	0.0000	0.0001					
42	147	0.2263	7	0	1	1	1	0	0	0	0	N	N	N	N	N	N	N	N	N	N	N	N	0.0002	0.0000	64.0129	0.0002	0.0000	60.3830	0.0003	0.0000	0.0023	0.0000	0.0000	0.0000	0.0004	0.0000	0.0024	1.3933	2.2884	0.0000	0.0000	0.0000	0.0000	1.8789	3.5939	0.0000	inf	0.0000	0.0001	-0.4584	5.9981	9.0001	11.5875	23.0169	0.0001	0.0000	0.0001	0.0000	0.0000	0.0000	0.0001	0.0000	0.0001	1.0000	1.0000	0.0000	0.0000	0.0000	0.0000	1.0000	1.0000	0.0000	0.3504	0.2980	0.0523	0.0287	0.0266	0.0021	0.3216	0.2714	0.0502	0.7177	0.4370	0.2808	0.1855	0.1587	0.0268	0.5322	0.2782	0.2540	0.0002	0.0000	64.0129	0.0000	0.0000	0.0000	0.0002	0.0000	60.3830	1.3933	2.2884	0.0000	0.0000	0.0000	0.0000	1.8789	3.5939	0.0000			
42	148	0.2010	6	0	1	0	1	0	0	0	0	N	N	N	N	N	N	N	N	N	N	N	N	3.3839	0.0548	5.5259	7.0843	9.8054	0.0000	2.7188	0.0000	6.1894	12.3467	0.0004	81.3477	0.0046	0.0050	0.0000	13.4376	0.0000	84.6438	3.6486	0.0081	14.7211	0.0007	0.0005	0.0016	4.9425	0.0125	13.6757	32947.1025	741.0224	0.5573	0.5213	5.9981	1.9990	11.5875	7.9526	0.9972	0.0000	0.9972	0.0000	0.0000	0.0000	0.9972	0.0000	0.9972	0.9649	0.0013	0.9636	0.0000	0.0000	0.0000	0.9649	0.0013	0.9636	0.0808	0.0685	0.0123	0.0066	0.0061	0.0005	0.0742	0.0624	0.0118	0.2645	0.1612	0.1033	0.0692	0.0599	0.0093	0.1952	0.1013	0.0940	3.3839	0.0548	8.7184	7.0843	9.8054	0.0000	2.7188	0.0000	8.2543	3.6486	0.0081	9.3306	0.0007	0.0005	0.0016	4.9425	0.0125	10.2546
42	149	0.1691	5	1	2	0	0	0	0	0	0	N	Y	N	N	N	N	N	N	N	N	N	N	0.0579	0.0424	0.0000	7.2184	6.5296	0.0000	0.0000	0.0000	0.0000	0.1106	0.1296	0.0000	0.7424	0.7683	0.0000	0.0000	0.0000	0.0000	1.9106	3.0574	0.0013	0.1029	0.1177	0.0024	2.5476	4.7359	0.0012	0.0000	0.0003	-0.0123	-0.5333	5.9981	5.3497	11.5875	17.2225	0.0279	0.0279	0.0000	0.0279	0.0279	0.0000	0.0000	0.0000	0.0000	1.1641	1.1638	0.0003	0.0163	0.0163	0.0000	1.1478	1.1475	0.0002	0.2522	0.2152	0.0370	0.0376	0.0363	0.0013	0.2147	0.1789	0.0357	0.6093	0.3806	0.2286	0.1587	0.1383	0.0204	0.4505	0.2423	0.2082	0.0579	0.0424	0.0000	7.2184	6.5296	0.0000	0.0000	0.0000	0.0000	1.9106	3.0574	0.0013	0.1029	0.1177	0.0024	2.5476	4.7359	0.0012
42	150	0.1999	6	0	2	0	0	0	0	0	0	N	Y	N	N	N	N	N	N	N	N	N	N	0.1425	0.8809	0.0000	1.3808	1.2964	0.0000	0.0000	0.0000	0.1587	0.1825	0.0000	0.6048	0.6243	0.0000	0.0000	0.0000	0.0000	1.1134	0.2071	2.8149	0.4380	0.4816	0.0687	1.4222	0.0000	3.1041	0.0000	7.2383	-0.0164	0.3046	5.9981	3.6794	11.5875	17.4287	0.0371	0.0371	0.0000	0.0371	0.0371	0.0000	0.0000	0.0000	0.0000	0.7249	0.0880	0.6369	0.0895	0.0880	0.0015	0.6354	0.0000	0.6354	0.2339	0.2034	0.0305	0.0614	0.0595	0.0019	0.1725	0.1440	0.0286	0.6510	0.4248	0.2263	0.2043	0.1827	0.0216	0.4468	0.2421	0.2047	0.1425	0.8809	0.0000	1.3808	1.2964	0.0000	0.0000	0.0000	0.0000	1.1134	0.2071	2.8149	0.4380	0.4816	0.0687	1.4222	0.0000	3.1041	
42	151	0.1691	5	0	2	0	0	0	0	0	0	N	Y	N	N	N	N	N	N	N	N	N	N	0.0530	0.0202	0.4904	0.0165	0.0157	0.0592	0.1732	0.0058	0.4627	0.3517	0.1758	1.3800	0.8410	0.8633	0.0005	0.2454	0.0001	1.4249	6.6324	8.7020	2.8139	50.8856	54.9806	0.0076	1.4171	0.0137	3.0795	1.3430	0.2277	0.0083	-0.6173	5.9981	3.4464	11.5875	10.1316	0.0629	0.0269	0.0361	0.0268	0.0268	0.0000	0.0361	0.0000	0.0361	2.2616	1.8422	0.4194	1.8401	1.8400	0.0001	0.4215	0.0022	0.4193	0.1789	0.1528	0.0261	0.0319	0.0311	0.0008	0.1470	0.1217	0.0253	0.4139	0.2648	0.1490	0.1164	0.1035	0.0129	0.2974	0.1613	0.1362	0.0644	0.0253	0.4904	0.0532	0.0486	0.0592	0.1732	0.0058	0.4627	5.4647	6.9567	2.8139	15.8062	17.7728	0.0076	1.4171	0.0137	3.0795
42	152	0.5964	11	1	2	0	0	0	0	0	0	N	Y	N	N	N	N	N	N	N	N	N	N	0.0000	0.0000	0.0000	0.0000	0.0000	0.0000	0.0000	0.0000	0.0000	0.0000	0.0000	0.0000	0.0000	0.0003	0.0005	0.0000	0.0005	0.0007	0.0000	0.0000	0.0000	0.0000	0.0000	0.0000	-0.0000	5.9981	1.0143	11.5875	12.0086	0.0000	0.0000	0.0000	0.0000	0.0000	0.0000	0.0000	0.0000	0.0000	0.0001	0.0001	0.0000	0.0001	0.0001	0.0000	0.0000	0.0000	0.0000	0.0406	0.0352	0.0054	0.0123	0.0114	0.0009	0.0282	0.0238	0.0045	0.2512	0.1690	0.0822	0.1473	0.1153	0.0319	0.1040	0.0537	0.0503	0.0000	0.0000	0.0000	0.0000	0.0000	0.0000	0.0000	0.0000	0.0000	0.0003	0.0005	0.0000	0.0005	0.0007	0.0000	0.0000	0.0000	0.0000						
42	153	0.5941	10	1	2	0	0	0	0	0	0	N	Y	N	N	N	N	N	N	N	N	N	N	0.0000	0.0000	0.0000	0.0000	0.0000	0.0000	0.0000	0.0000	0.0000	0.0000	0.0000	0.0000	0.0000	0.0000	0.0000	0.0000	0.0000	0.0000	0.0000	0.0000	0.0000	0.0000	0.0000	0.0000	0.0000	0.0713	0.0000	-0.0000	5.9981	0.9811	11.5875	0.0216	0.0000	0.0000	0.0000	0.0000	0.0000	0.0000	0.0000	0.0000	0.0000	0.0000	0.0000	0.0000	0.0000	0.0000	0.0000	0.0000	0.0000	0.0000	0.0388	0.0336	0.0052	0.0116	0.0107	0.0009	0.0272	0.0229	0.0043	0.0206	0.0138	0.0067	0.0122	0.0095	0.0026	0.0084	0.0043	0.0041	0.0000	0.0000	0.0000	0.0000	0.0000	0.0000	0.0000	0.0000	0.0000	0.0000	0.0000	0.0000	0.0000	0.0000	0.0000	0.0000	0.0000	0.0000			
42	154	0.5896	9	1	2	0	0	0	0	0	0	N	Y	N	N	N	N	N	N	N	N	N	N	9080.0195	7111.1066	0.0000	14592.0164	12740.4485	0.0000	0.0000	0.6377	0.7390	0.0000	1.7379	1.9248	0.0000	0.0000	0.0000	0.0000	0.0001	0.0001	0.0000	0.0001	0.0002	0.0000	0.0000	0.0000	0.0000	0.0000	0.0005	-0.0001	-0.0000	5.9981	0.0083	11.5875	2.0001	0.0002	0.0002	0.0000	0.0002	0.0002	0.0000	0.0000	0.0000	0.0000	0.0000	0.0000	0.0000	0.0000	0.0000	0.0000	0.0000	0.0000	0.0000	0.0004	0.0003	0.0001	0.0001	0.0001	0.0000	0.0002	0.0002	0.0000	0.0419	0.0283	0.0136	0.0247	0.0195	0.0052	0.0172	0.0088	0.0084	9080.0195	7111.1066	0.0000	14592.0164	12740.4485	0.0000	0.0000	0.0000	0.0000	0.0001	0.0001	0.0000	0.0001	0.0002	0.0000	0.0000	0.0000	0.0000		
42	155	0.5660	8	0	2	0	0	0	0	0	0	N	Y	N	N	N	N	N	N	N	N	N	N	8658.6598	7030.3452	47.1271	14732.9588	13313.6987	55.2999	29889822.6907	inf	20991.3076	7.6911	8.9023	0.0018	23.2504	25.5020	0.0062	0.4400	0.5226	0.0007	0.0009	0.0013	0.0000	0.0016	0.0019	0.0001	0.0000	0.0000	0.0000	0.0000	0.0135	-0.4030	-0.0001	5.9981	2.9180	11.5875	7.4065	0.9136	0.9136	0.0000	0.8780	0.8780	0.0000	0.0357	0.0356	0.0000	0.0002	0.0002	0.0000	0.0002	0.0002	0.0000	0.0000	0.0000	0.0000	0.1188	0.1026	0.0162	0.0378	0.0344	0.0033	0.0810	0.0682	0.0128	0.2487	0.1721	0.0766	0.1400	0.1138	0.0262	0.1087	0.0583	0.0504	8658.6598	7030.3452	47.1271	14732.9588	13313.6987	55.2999	29889822.6907	inf	20991.3076	0.0009	0.0013	0.0000	0.0016	0.0019	0.0001	0.0000	0.0000	0.0000
42	156	0.5001	7	0	1	0	0	0	0	0	0	N	N	N	N	N	N	N	N	N	N	N	N	2.8510	1.2445	1195.4264	3.6486	1.9340	1429.1098	13.3196	0.7744	768.6615	0.4106	0.2585	1.4560	0.9093	0.5891	3.9728	0.0525	0.0055	0.3183	0.1440	0.2077	0.0012	0.2492	0.3046	0.0028	0.0039	0.0071	0.0004	0.8197	0.0026	0.0019	-0.0468	5.9981	8.2479	11.5875	19.7214	0.2078	0.1142	0.0936	0.1924	0.1128	0.0795	0.0155	0.0014	0.0141	0.1027	0.1024	0.0003	0.1015	0.1013	0.0002	0.0012	0.0011	0.0001	0.5062	0.4419	0.0643	0.2115	0.1915	0.0200	0.2946	0.2503	0.0443	0.7131	0.4932	0.2199	0.4073	0.3325	0.0747	0.3059	0.1607	0.1452	2.8510	1.2445	1195.4264	3.6486	1.9340	1429.1098	13.3196	0.7744	768.6615	0.1440	0.2077	0.0012	0.2492	0.3046	0.0028	0.0039	0.0071	0.0004
42	157	0.4640	6	0	1	0	0	0	0	0	0	N	N	N	N	N	N	N	N	N	N	N	N	1.5518	1.0483	4.5825	2.9526	2.3073	7.7014	0.4577	0.0302	9.1172	0.5383	0.3348	1.8824	1.6434	0.9943	8.5261	0.0217	0.0023	0.1293	0.3469	0.3194	0.4108	0.5566	0.4309	1.1071	0.0474	0.0764	0.0142	0.8513	0.5546	0.0036	-0.0245	5.9981	7.4725	11.5875	14.3153	0.1907	0.1030	0.0877	0.1854	0.1025	0.0829	0.0052	0.0005	0.0048	0.2411	0.1551	0.0860	0.2275	0.1434	0.0841	0.0136	0.0117	0.0019	0.3542	0.3076	0.0466	0.1128	0.1031	0.0097	0.2414	0.2045	0.0369	0.6949	0.4855	0.2093	0.4087	0.3327	0.0760	0.2862	0.1528	0.1334	1.5518	1.0483	4.5825	2.9526	2.3073	7.7014	0.4577	0.0302	9.1172	0.3469	0.3194	0.4108	0.5566	0.4309	1.1071	0.0474	0.0764	0.0142
42	158	0.3985	5	0	1	0	0	0	0	0	0	N	N	N	N	N	N	N	N	N	N	N	N	0.1671	0.1277	2.8215	0.7542	0.6575	5.8069	0.0061	0.0001	2.7939	0.3096	0.3341	0.1420	1.1614	1.1992	0.5494	0.0136	0.0003	0.0877	1.8525	2.6156	0.0503	1.5399	1.8241	0.0946	2.2228	4.0531	0.0314	0.0622	0.0081	-0.0620	-0.8354	5.9981	11.6653	11.5875	19.4910	0.1622	0.1527	0.0095	0.1569	0.1526	0.0043	0.0053	0.0001	0.0052	1.8552	1.8402	0.0150	0.8361	0.8277	0.0084	1.0191	1.0126	0.0066	0.5238	0.4570	0.0668	0.1351	0.1272	0.0079	0.3888	0.3298	0.0590	1.0014	0.7036	0.2979	0.5430	0.4537	0.0892	0.4585	0.2498	0.2087	0.1671	0.1277	2.8215	0.7542	0.6575	5.8069	0.0061	0.0001	2.7939	1.8525	2.6156	0.0503	1.5399	1.8241	0.0946	2.2228	4.0531	0.0314
42	159	0.3512	4	0	1	0	0	0	0	0	0	N	N	N	N	N	N	N	N	N	N	N	N	2.8502	2.3906	5.9587	5.3302	6.1959	0.0788	1.2289	0.0003	11.7541	0.5417	0.4794	0.9834	1.1737	1.2594	0.0244	0.1884	0.0001	1.2252	0.1900	0.2005	0.1650	0.2202	0.2033	0.3094	0.1533	0.1954	0.1042	0.2890	0.3455	-0.0492	-0.0408	5.9981	7.3933	11.5875	20.5306	0.2269	0.1760	0.0509	0.1763	0.1760	0.0003	0.0506	0.0000	0.0506	0.2022	0.1503	0.0519	0.1287	0.0998	0.0288	0.0736	0.0505	0.0231	0.4189	0.3671	0.0517	0.1502	0.1397	0.0104	0.2687	0.2274	0.0413	1.0641	0.7495	0.3147	0.5843	0.4911	0.0932	0.4798	0.2584	0.2214	2.8502	2.3906	5.9587	5.3302	6.1959	0.0788	1.2289	0.0003	11.7541	0.1900	0.2005	0.1650	0.2202	0.2033	0.3094	0.1533	0.1954	0.1042
42	160	0.1151	3	0	1	0	0	0	0	0	0	N	N	N	N	N	N	N	N	N	N	N	N	0.8941	0.0004	5.5334	0.0083	0.0075	0.0000	0.8439	0.0001	5.1728	1.2569	0.0005	8.4905	0.0069	0.0074	0.0000	1.3159	0.0002	8.6868	1.4057	1.3211	1.5344	0.8350	0.9951	0.0092	1.5592	1.4571	1.6793	2727.0930	0.7633	0.6552	-0.0571	5.9981	27.6416	11.5875	54.6365	1.1731	0.0004	1.1726	0.0003	0.0003	0.0000	1.1728	0.0001	1.1726	2.2401	1.2703	0.9697	0.2821	0.2816	0.0005	1.9580	0.9888	0.9692	0.9333	0.7952	0.1381	0.0421	0.0389	0.0031	0.8913	0.7563	0.1350	1.5935	0.9616	0.6320	0.3378	0.2830	0.0548	1.2557	0.6786	0.5771	0.8941	0.0004	5.5334	0.0083	0.0075	0.0000	0.8439	0.0001	5.1728	1.4057	1.3211	1.5344	0.8350	0.9951	0.0092	1.5592	1.4571	1.6793
42	161	0.2196	9	1	2	0	0	0	0	0	0	N	Y	N	N	N	N	N	N	N	N	N	N	0.0000	0.0000	0.0000	0.0000	0.0000	0.0000	0.0000	0.0000	0.0000	0.0000	0.0000	0.0000	0.0000	0.0000	0.0000	0.0000	0.0000	0.0000	0.0000	0.0000	5.9981	0.0002	11.5875	3.0099	0.0000	0.0000	0.0000	0.0000	0.0000	0.0000	0.0000	0.0000	0.0000	0.0000	0.0000	0.0000	0.0000	0.0000	0.0000	0.0000	0.0000	0.0000	0.0000	0.0000	0.0000	0.0000	0.0000	0.0000	0.0000	0.0000	0.0000	0.0782	0.0477	0.0306	0.0198	0.0171	0.0028	0.0584	0.0306	0.0278	0.0000	0.0000	0.0000	0.0000	0.0000	0.0000	0.0000	0.0000	0.0000	0.0000	0.0000	0.0000	0.0000	0.0000	0.0000	0.0000	0.0000	0.0000											
42	162	0.2120	8	1	2	0	0	0	0	0	0	N	Y	N	N	N	N	N	N	N	N	N	N	0.0000	0.0000	0.0000	0.0000	0.0000	0.0000	0.0000	0.0000	0.0000	0.0000	0.0000	0.0000	0.0000	0.0000	0.0000	0.0000	0.0000	0.0000	0.0000	0.0000	5.9981	0.9998	11.5875	2.0118	0.0000	0.0000	0.0000	0.0000	0.0000	0.0000	0.0000	0.0000	0.0000	0.0000	0.0000	0.0000	0.0000	0.0000	0.0000	0.0000	0.0000	0.0000	0.0404	0.0342	0.0061	0.0032	0.0029	0.0002	0.0372	0.0313	0.0059	0.0767	0.0463	0.0304	0.0189	0.0162	0.0027	0.0578	0.0302	0.0276	0.0000	0.0000	0.0000	0.0000	0.0000	0.0000	0.0000	0.0000	0.0000	0.0000	0.0000	0.0000	0.0000	0.0000	0.0000	0.0000	0.0000	0.0000											
42	163	0.2120	7	1	2	0	0	0	0	0	0	N	Y	N	N	N	N	N	N	N	N	N	N	0.0000	0.0000	0.0000	0.0000	0.0000	0.0000	0.0000	0.0000	0.0000	0.0000	0.0000	0.0000	0.0000	0.0000	0.0000	0.0000	0.0000	0.0000	0.0000	0.0000	5.9981	0.0000	11.5875	0.0003	0.0000	0.0000	0.0000	0.0000	0.0000	0.0000	0.0000	0.0000	0.0000	0.0000	0.0000	0.0000	0.0000	0.0000	0.0000	0.0000	0.0000	0.0000	0.0000	0.0000	0.0000	0.0000	0.0000	0.0000	0.0000	0.0000	0.0000	0.0000	0.0000	0.0000	0.0000	0.0000	0.0000	0.0000	0.0000	0.0000	0.0000	0.0000	0.0000	0.0000	0.0000	0.0000	0.0000	0.0000	0.0000	0.0000	0.0000	0.0000	0.0000	0.0000	0.0000	0.0000	0.0000	0.0000											
42	164	0.2010	6	0	2	0	0	0	0	0	0	N	Y	N	N	N	N	N	N	N	N	N	N	13.4839	10.0816	0.0000	11.5297	10.1681	0.0000	0.0000	0.0000	0.0000	3.9105	4.7324	0.0000	11.2486	11.3336	0.0000	0.0000	0.0000	0.0000	0.2900	0.4694	0.0006	0.9756	1.1146	0.0031	0.0139	0.0267	0.0003	0.0000	0.0007	-0.0012	-0.0172	5.9981	0.0063	11.5875	4.3641	0.0027	0.0027	0.0000	0.0027	0.0027	0.0000	0.0000	0.0000	0.0000	0.0377	0.0376	0.0000	0.0364	0.0364	0.0000	0.0013	0.0013	0.0000	0.0007	0.0006	0.0001	0.0002	0.0002	0.0000	0.0005	0.0003	0.0001	0.1298	0.0802	0.0497	0.0373	0.0326	0.0047	0.0926	0.0475	0.0450	13.4839	10.0816	0.0000	11.5297	10.1681	0.0000	0.0000	0.0000	0.0000	0.2900	0.4694	0.0006	0.9756	1.1146	0.0031	0.0139	0.0267	0.0003
42	165	0.1691	5	0	1	0	0	0	0	0	0	N	N	N	N	N	N	N	N	N	N	N	N	0.4177	0.3489	0.5085	6.2866	5.7484	0.0000	0.0365	0.0000	0.4796	0.2144	0.2285	0.1314	0.9567	0.9770	0.0000	0.0240	0.0000	0.1354	0.5132	0.6548	0.2585	0.1522	0.1700	0.0047	0.6571	0.9724	0.2823	0.0979	0.2195	-0.0108	-0.0558	5.9981	2.5207	11.5875	10.0226	0.0306	0.0279	0.0027	0.0279	0.0279	0.0000	0.0027	0.0000	0.0027	0.2003	0.1643	0.0361	0.0169	0.0169	0.0001	0.1834	0.1474	0.0360	0.1428	0.1221	0.0208	0.0291	0.0285	0.0006	0.1137	0.0935	0.0202	0.3904	0.2509	0.1395	0.1113	0.0993	0.0120	0.2791	0.1516	0.1275	0.4177	0.3489	0.5085	6.2866	5.7484	0.0000	0.0365	0.0000	0.4796	0.5132	0.6548	0.2585	0.1522	0.1700	0.0047	0.6571	0.9724	0.2823
42	166	0.1535	4	0	1	0	0	0	0	0	0	N	N	N	N	N	N	N	N	N	N	N	N	3.5627	3.0186	2.0311	10.2904	10.0210	4.3404	0.1115	0.0000	1.7764	3.3748	3.8069	0.6233	12.2951	12.8047	1.4868	0.0911	0.0000	0.5387	0.9473	1.2612	0.3069	1.1948	1.2778	0.3426	0.8174	1.2466	0.3032	0.0257	0.1193	-0.2429	-0.1057	5.9981	2.6894	11.5875	4.6619	0.5839	0.5692	0.0146	0.5723	0.5692	0.0031	0.0115	0.0000	0.0115	0.3004	0.2683	0.0320	0.1304	0.1270	0.0033	0.1700	0.1413	0.0287	0.1730	0.1495	0.0235	0.0465	0.0445	0.0021	0.1265	0.1051	0.0214	0.3171	0.2128	0.1043	0.1091	0.0994	0.0097	0.2080	0.1134	0.0946	3.5627	3.0186	2.0311	10.2904	10.0210	4.3404	0.1115	0.0000	1.7764	0.9473	1.2612	0.3069	1.1948	1.2778	0.3426	0.8174	1.2466	0.3032
42	167	0.1151	3	0	1	0	0	0	0	0	0	N	N	N	N	N	N	N	N	N	N	N	N	0.0000	0.0000	0.0000	0.0000	0.0000	0.0000	0.0000	0.0000	0.0000	0.0000	0.0000	0.0000	0.0000	0.0000	0.0000	0.0000	0.0000	0.0000	2.3048	3.5894	0.1512	0.2823	0.1612	0.8882	3.2006	5.9563	0.0343	0.0251	0.0000	-0.3780	5.9981	2.7966	11.5875	8.5340	0.0000	0.0000	0.0000	0.0000	0.0000	0.0000	0.0000	0.0000	0.0000	0.8712	0.8498	0.0214	0.0328	0.0156	0.0172	0.8384	0.8342	0.0042	0.1058	0.0895	0.0163	0.0049	0.0046	0.0004	0.1008	0.0849	0.0159	0.3780	0.2368	0.1412	0.1160	0.0967	0.0193	0.2620	0.1401	0.1219	0.0000	0.0000	0.0000	0.0000	0.0000	0.0000	0.0000	0.0000	0.0000	2.3048	3.5894	0.1512	0.2823	0.1612	0.8882	3.2006	5.9563	0.0343	
43	45	0.1660	3	0	2	1	1	0	0	0	0	N	Y	N	N	N	N	N	N	N	N	N	N	0.0000	0.0000	0.0000	0.0000	0.0000	0.0000	0.0000	0.0000	0.0000	0.0000	0.0000	0.0000	0.0000	0.0000	0.0000	0.0000	0.0000	0.2961	0.4077	0.0013	0.6306	0.6940	0.0000	0.0032	0.0045	0.0016	0.0012	0.0000	-0.0331	1.0007	12.0036	2.4334	21.9053	0.0000	0.0000	0.0000	0.0000	0.0000	0.0000	0.0000	0.0000	0.0000	0.0725	0.0724	0.0001	0.0720	0.0720	0.0000	0.0004	0.0003	0.0001	0.0733	0.0622	0.0111	0.0057	0.0053	0.0004	0.0677	0.0569	0.0108	0.2447	0.1775	0.0672	0.1142	0.1038	0.0104	0.1304	0.0737	0.0567	0.0000	0.0000	0.0000	0.0000	0.0000	0.0000	0.0000	0.0000	0.0000	0.2961	0.4077	0.0013	0.6306	0.6940	0.0000	0.0032	0.0045	0.0016		
43	46	0.6473	11	1	2	1	1	0	0	0	0	N	Y	N	N	N	N	N	N	N	N	N	N	0.0000	0.0000	0.0000	0.0000	0.0000	0.0000	0.0000	0.0000	0.0000	0.0000	0.0000	0.0000	0.0000	0.0000	0.0000	0.0000	0.0003	0.0004	0.0001	0.0006	0.0007	0.0000	0.0001	0.0000	0.0001	0.0914	0.0000	-0.0000	1.0007	2.0120	2.4334	1.9924	0.0000	0.0000	0.0000	0.0000	0.0000	0.0000	0.0000	0.0000	0.0000	0.0000	0.0000	0.0000	0.0000	0.0000	0.0000	0.0000	0.0000	0.0000	0.0129	0.0111	0.0018	0.0035	0.0033	0.0003	0.0094	0.0079	0.0015	0.0331	0.0252	0.0079	0.0166	0.0153	0.0013	0.0165	0.0099	0.0066	0.0000	0.0000	0.0000	0.0000	0.0000	0.0000	0.0000	0.0000	0.0000	0.0003	0.0004	0.0001	0.0006	0.0007	0.0000	0.0001	0.0000	0.0001			
43	47	0.2705	9	1	2	1	1	0	0	0	0	N	Y	N	N	N	N	N	N	N	N	N	N	0.0000	0.0000	0.0000	0.0000	0.0000	0.0000	0.0000	0.0000	0.0000	0.0000	0.0000	0.0000	0.0000	0.0000	0.0000	0.0000	0.0000	28.8782	0.0008	155.1755	1.1423	0.0012	18.0243	31.0787	0.0000	141.8294	28899.0623	0.0000	0.3135	1.0007	0.0002	2.4334	4.0036	0.0000	0.0000	0.0000	0.0000	0.0000	0.0000	0.0000	0.0000	0.0000	0.5788	0.0000	0.5788	0.0210	0.0000	0.0210	0.5578	0.0000	0.5578	0.0000	0.0000	0.0000	0.0000	0.0000	0.0000	0.0000	0.0000	0.0000	0.0364	0.0263	0.0100	0.0184	0.0169	0.0016	0.0179	0.0095	0.0085	0.0000	0.0000	0.0000	0.0000	0.0000	0.0000	0.0000	0.0000	0.0000	15.9140	0.0008	57.7524	1.1423	0.0012	13.4165	31.0787	0.0000	65.9705		
43	48	0.1660	3	0	2	1	2	0	0	0	0	N	Y	N	Y	N	N	N	N	N	N	N	N	0.0000	0.0000	0.0000	0.0000	0.0000	0.0000	0.0000	0.0000	0.0000	0.0000	0.0000	0.0000	0.0000	0.0000	0.0000	0.0000	0.0000	0.0000	2.3212	3.2011	0.0357	5.6906	5.5666	0.0698	0.0155	0.0049	0.0294	0.0043	0.0000	-0.3843	1.0007	6.0036	2.4334	51.7820	0.0000	0.0000	0.0000	0.0000	0.0000	0.0000	0.0000	0.0000	0.0000	0.8463	0.8427	0.0036	0.8432	0.8421	0.0011	0.0031	0.0005	0.0025	0.0372	0.0315	0.0057	0.0029	0.0028	0.0002	0.0343	0.0287	0.0055	0.3646	0.2632	0.1013	0.1671	0.1513	0.0158	0.1975	0.1119	0.0856	0.0000	0.0000	0.0000	0.0000	0.0000	0.0000	0.0000	0.0000	0.0000	2.3212	3.2011	0.0357	5.0477	5.5660	0.0698	0.0155	0.0049	0.0294	
43	49	0.1660	3	1	2	1	1	0	0	0	0	N	Y	N	N	N	N	N	N	N	N	N	N	0.0000	0.0000	0.0000	0.0000	0.0000	0.0000	0.0000	0.0000	0.0000	0.0000	0.0000	0.0000	0.0000	0.0000	0.0000	0.0000	0.0000	0.0000	0.0085	0.0030	0.0230	0.0044	0.0045	0.0042	0.0120	0.0009	0.0264	2.9142	0.0000	0.0007	1.0007	5.9964	2.4334	34.6547	0.0000	0.0000	0.0000	0.0000	0.0000	0.0000	0.0000	0.0000	0.0000	0.0024	0.0006	0.0018	0.0006	0.0005	0.0001	0.0018	0.0001	0.0017	0.0371	0.0315	0.0057	0.0029	0.0027	0.0002	0.0342	0.0287	0.0055	0.2794	0.2025	0.0769	0.1298	0.1178	0.0120	0.1496	0.0847	0.0649	0.0000	0.0000	0.0000	0.0000	0.0000	0.0000	0.0000	0.0000	0.0000	0.0085	0.0030	0.0230	0.0044	0.0045	0.0042	0.0120	0.0009	0.0264	
43	50	0.2555	4	0	1	2	1	0	0	0	0	N	N	Y	N	N	N	N	N	N	N	N	N	0.0000	0.0000	0.0005	0.0000	0.0000	0.0026	0.0000	0.0000	0.0001	0.0000	0.0000	0.0000	0.0001	0.0001	0.0000	0.0000	0.0000	0.0000	1.4883	2.0978	0.0010	3.6846	4.0706	0.0047	0.0010	0.0014	0.0004	0.0052	0.0002	-0.0000	-0.3823	1.0007	31.2093	2.4334	46.3939	0.0000	0.0000	0.0000	0.0000	0.0000	0.0000	0.0000	0.0000	0.0000	0.8343	0.8342	0.0002	0.8340	0.8339	0.0001	0.0003	0.0003	0.0001	0.1934	0.1662	0.0272	0.0202	0.0191	0.0010	0.1733	0.1470	0.0262	0.5606	0.3976	0.1630	0.2263	0.2049	0.0215	0.3343	0.1928	0.1415	0.0000	0.0000	0.0005	0.0000	0.0000	0.0026	0.0000	0.0000	0.0001	1.4883	2.0978	0.0010	3.6846	4.0706	0.0047	0.0010	0.0014	0.0004
43	51	0.2027	4	0	2	1	1	0	0	0	0	N	Y	N	N	N	N	N	N	N	N	N	N	0.1486	0.3077	0.2217	1.3202	2.5977	0.3430	0.0715	0.0000	0.2014	0.0033	0.0012	0.0163	0.0082	0.0080	0.0117	0.0026	0.0000	0.0165	0.0225	0.0037	0.0736	0.0062	0.0031	0.0341	0.0369	0.0046	0.0819	2.3969	7.2246	0.0000	0.0019	1.0007	4.1516	2.4334	14.5664	0.0001	0.0000	0.0001	0.0000	0.0000	0.0000	0.0001	0.0000	0.0001	0.0044	0.0005	0.0039	0.0006	0.0003	0.0003	0.0038	0.0003	0.0036	0.0304	0.0260	0.0044	0.0039	0.0037	0.0002	0.0265	0.0223	0.0042	0.1955	0.1430	0.0526	0.0915	0.0823	0.0091	0.1041	0.0607	0.0434	0.1486	0.3077	0.2217	1.3202	2.5977	0.3430	0.0715	0.0000	0.2014	0.0225	0.0037	0.0736	0.0062	0.0031	0.0341	0.0369	0.0046	0.0819
43	52	0.2832	6	1	1	2	1	0	0	0	0	N	N	Y	N	N	N	N	N	N	N	N	N	0.0000	0.0000	0.0000	0.0000	0.0000	0.0000	0.0000	0.0000	0.0000	0.0000	0.0000	0.0000	0.0000	0.0000	0.0000	0.0000	0.0000	0.0004	0.0006	0.0000	0.0006	0.0007	0.0000	0.0001	0.0002	0.0000	0.0024	0.0000	-0.0000	1.0007	0.0028	2.4334	0.9232	0.0000	0.0000	0.0000	0.0000	0.0000	0.0000	0.0000	0.0000	0.0000	0.0000	0.0000	0.0000	0.0000	0.0000	0.0000	0.0000	0.0000	0.0000	0.0001	0.0001	0.0000	0.0000	0.0000	0.0000	0.0000	0.0000	0.0000	0.0100	0.0074	0.0026	0.0063	0.0054	0.0009	0.0036	0.0020	0.0017	0.0000	0.0000	0.0000	0.0000	0.0000	0.0000	0.0000	0.0000	0.0000	0.0004	0.0006	0.0000	0.0006	0.0007	0.0000	0.0001	0.0002	0.0000		
43	53	0.6626	10	0	2	1	1	0	0	0	0	N	Y	N	N	N	N	N	N	N	N	N	N	0.0040	0.0773	0.0003	0.1796	0.1759	0.0946	0.0001	0.0013	0.0002	0.0006	0.0007	0.0002	0.0023	0.0024	0.0001	0.0000	0.0000	0.0002	0.1585	0.0093	0.6063	0.0127	0.0138	0.0012	0.3351	0.0003	0.7602	0.0335	21.7499	-0.0000	0.0207	1.0007	8.5400	2.4334	19.3759	0.0000	0.0000	0.0000	0.0000	0.0000	0.0000	0.0000	0.0000	0.0000	0.0416	0.0018	0.0398	0.0018	0.0018	0.0000	0.0398	0.0000	0.0397	0.0642	0.0555	0.0087	0.0176	0.0164	0.0012	0.0467	0.0391	0.0075	0.2623	0.1967	0.0656	0.1436	0.1304	0.0133	0.1187	0.0664	0.0523	0.0040	0.0773	0.0003	0.1796	0.1759	0.0946	0.0001	0.0013	0.0002	0.1585	0.0093	0.6063	0.0127	0.0138	0.0012	0.3351	0.0003	0.7602
43	54	0.5995	9	0	1	1	1	0	0	0	0	N	N	N	N	N	N	N	N	N	N	N	N	0.0008	0.0010	0.0000	0.0025	0.0024	0.0000	0.0000	0.0000	0.0000	0.0000	0.0000	0.0000	0.0001	0.0001	0.0000	0.0000	0.0000	0.0000	0.0304	0.0279	0.0383	0.0348	0.0375	0.0034	0.0255	0.0106	0.0457	0.0003	0.4427	-0.0000	-0.0014	1.0007	7.3474	2.4334	24.2346	0.0000	0.0000	0.0000	0.0000	0.0000	0.0000	0.0000	0.0000	0.0000	0.0091	0.0063	0.0028	0.0055	0.0055	0.0000	0.0036	0.0009	0.0028	0.0585	0.0509	0.0076	0.0171	0.0162	0.0008	0.0414	0.0347	0.0067	0.3007	0.2275	0.0732	0.1587	0.1460	0.0127	0.1421	0.0816	0.0605	0.0008	0.0010	0.0000	0.0025	0.0024	0.0000	0.0000	0.0000	0.0000	0.0304	0.0279	0.0383	0.0348	0.0375	0.0034	0.0255	0.0106	0.0457
43	55	0.5697	8	0	1	1	1	0	0	0	0	N	N	N	N	N	N	N	N	N	N	N	N	0.0000	0.0000	0.0000	0.0000	0.0000	0.0000	0.0000	0.0000	0.0000	0.0000	0.0000	0.0000	0.0000	0.0000	0.0000	0.0000	0.0000	0.0000	0.0769	0.0883	0.0437	0.1228	0.1305	0.0164	0.0259	0.0067	0.0481	1.2727	0.1697	0.0000	-0.0059	1.0007	3.4216	2.4334	15.9376	0.0000	0.0000	0.0000	0.0000	0.0000	0.0000	0.0000	0.0000	0.0000	0.0190	0.0162	0.0028	0.0160	0.0158	0.0001	0.0030	0.0004	0.0026	0.0307	0.0268	0.0039	0.0103	0.0099	0.0004	0.0204	0.0170	0.0035	0.2467	0.1838	0.0630	0.1299	0.1211	0.0088	0.1169	0.0627	0.0542	0.0000	0.0000	0.0000	0.0000	0.0000	0.0000	0.0000	0.0000	0.0000	0.0769	0.0883	0.0437	0.1228	0.1305	0.0164	0.0259	0.0067	0.0481
43	56	0.0455	2	0	2	1	1	0	0	0	0	N	Y	N	N	N	N	N	N	N	N	N	N	0.0066	0.0049	0.0023	0.1675	0.1481	1.0884	0.0000	0.0000	0.0019	0.0071	0.0084	0.0000	0.1949	0.1951	0.0362	0.0000	0.0000	0.0000	1.0724	1.7009	0.0202	1.1637	1.3178	0.0332	0.9800	2.6262	0.0177	0.0010	0.0071	-0.0000	-0.3098	1.0007	0.9891	2.4334	20.6926	0.0000	0.0000	0.0000	0.0000	0.0000	0.0000	0.0000	0.0000	0.0000	0.6864	0.6816	0.0048	0.3748	0.3735	0.0013	0.3116	0.3081	0.0035	0.0070	0.0059	0.0011	0.0003	0.0003	0.0000	0.0067	0.0056	0.0011	0.6400	0.4007	0.2393	0.3221	0.2834	0.0386	0.3180	0.1173	0.2007	0.0066	0.0049	0.0023	0.1675	0.1481	1.0884	0.0000	0.0000	0.0019	1.0724	1.7009	0.0202	1.1637	1.3178	0.0332	0.9800	2.6262	0.0177
43	58	0.1660	3	0	2	1	2	0	0	0	0	N	Y	N	Y	N	N	N	N	N	N	N	N	0.0000	0.0000	0.0000	0.0000	0.0000	0.0000	0.0000	0.0000	0.0000	0.0000	0.0000	0.0000	0.0000	0.0000	0.0000	0.0000	0.0000	0.0000	0.0200	0.0051	0.0591	0.0140	0.0068	0.0842	0.0252	0.0028	0.0544	4.3769	0.0000	0.0020	1.0007	5.0036	2.4334	36.7244	0.0000	0.0000	0.0000	0.0000	0.0000	0.0000	0.0000	0.0000	0.0000	0.0057	0.0011	0.0046	0.0019	0.0008	0.0010	0.0038	0.0002	0.0036	0.0311	0.0264	0.0048	0.0025	0.0023	0.0002	0.0287	0.0241	0.0046	0.2852	0.2066	0.0785	0.1324	0.1201	0.0122	0.1528	0.0865	0.0663	0.0000	0.0000	0.0000	0.0000	0.0000	0.0000	0.0000	0.0000	0.0000	0.0200	0.0051	0.0591	0.0140	0.0068	0.0842	0.0252	0.0028	0.0544	
43	59	0.5501	8	0	2	1	2	0	0	0	0	N	Y	N	Y	N	N	N	N	N	N	N	N	0.0000	0.0000	0.0000	0.0000	0.0000	0.0000	0.0000	0.0000	0.0000	0.0000	0.0000	0.0000	0.0000	0.0000	0.0000	0.0000	0.0000	0.0000	0.0387	0.0518	0.0000	0.0720	0.0790	0.0000	0.0010	0.0017	0.0000	0.0001	0.0000	-0.0063	1.0007	10.4254	2.4334	21.2017	0.0000	0.0000	0.0000	0.0000	0.0000	0.0000	0.0000	0.0000	0.0000	0.0137	0.0137	0.0000	0.0136	0.0136	0.0000	0.0002	0.0002	0.0000	0.0857	0.0748	0.0109	0.0260	0.0247	0.0014	0.0597	0.0501	0.0096	0.3552	0.2650	0.0902	0.1884	0.1717	0.0166	0.1668	0.0933	0.0736	0.0000	0.0000	0.0000	0.0000	0.0000	0.0000	0.0000	0.0000	0.0000	0.0387	0.0518	0.0000	0.0720	0.0790	0.0000	0.0010	0.0017	0.0000	
43	60	0.2832	6	1	1	2	1	0	0	0	0	N	N	Y	N	N	N	N	N	N	N	N	N	0.0000	0.0000	0.0000	0.0000	0.0000	0.0000	0.0000	0.0000	0.0000	0.0000	0.0000	0.0000	0.0000	0.0000	0.0000	0.0000	0.0000	0.0113	0.0156	0.0000	0.0043	0.0049	0.0000	0.0199	0.0369	0.0000	0.0000	0.0000	-0.0002	1.0007	1.9981	2.4334	3.0867	0.0000	0.0000	0.0000	0.0000	0.0000	0.0000	0.0000	0.0000	0.0000	0.0005	0.0005	0.0000	0.0001	0.0001	0.0000	0.0004	0.0004	0.0000	0.0134	0.0114	0.0020	0.0022	0.0020	0.0002	0.0111	0.0093	0.0018	0.0432	0.0313	0.0119	0.0237	0.0208	0.0029	0.0195	0.0105	0.0090	0.0000	0.0000	0.0000	0.0000	0.0000	0.0000	0.0000	0.0000	0.0000	0.0113	0.0156	0.0000	0.0043	0.0049	0.0000	0.0199	0.0369	0.0000		
43	61	0.2399	5	1	1	2	1	0	0	0	0	N	N	Y	N	N	N	N	N	N	N	N	N	0.0000	0.0000	0.0000	0.0000	0.0000	0.0000	0.0000	0.0000	0.0000	0.0000	0.0000	0.0000	0.0000	0.0000	0.0000	0.0000	0.0000	0.0000	0.0456	0.0640	0.0002	0.0848	0.0973	0.0000	0.0033	0.0058	0.0003	0.0015	0.0000	-0.0031	1.0007	4.0039	2.4334	14.0733	0.0000	0.0000	0.0000	0.0000	0.0000	0.0000	0.0000	0.0000	0.0000	0.0068	0.0067	0.0000	0.0065	0.0065	0.0000	0.0002	0.0002	0.0000	0.0267	0.0228	0.0039	0.0045	0.0042	0.0003	0.0221	0.0186	0.0036	0.1480	0.1053	0.0427	0.0769	0.0670	0.0099	0.0711	0.0383	0.0329	0.0000	0.0000	0.0000	0.0000	0.0000	0.0000	0.0000	0.0000	0.0000	0.0456	0.0640	0.0002	0.0848	0.0973	0.0000	0.0033	0.0058	0.0003	
43	62	0.2593	6	1	1	2	1	0	0	0	0	N	N	Y	N	N	N	N	N	N	N	N	N	0.0000	0.0000	0.0000	0.0000	0.0000	0.0000	0.0000	0.0000	0.0000	0.0000	0.0000	0.0000	0.0000	0.0000	0.0000	0.0000	0.0000	0.0000	4.1548	6.2197	0.0017	11.8507	13.0895	0.0000	0.0026	0.0029	0.0023	0.0001	0.0000	-0.2669	1.0007	0.0060	2.4334	17.2393	0.0000	0.0000	0.0000	0.0000	0.0000	0.0000	0.0000	0.0000	0.0000	0.5825	0.5824	0.0001	0.5823	0.5823	0.0000	0.0002	0.0001	0.0001	0.0001	0.0001	0.0000	0.0001	0.0001	0.0000	0.0001	0.0001	0.0000	0.1468	0.1049	0.0419	0.0823	0.0705	0.0119	0.0644	0.0344	0.0300	0.0000	0.0000	0.0000	0.0000	0.0000	0.0000	0.0000	0.0000	0.0000	3.9688	5.5529	0.0017	7.0741	8.2645	0.0000	0.0026	0.0029	0.0023	
43	63	0.2027	4	0	1	2	1	0	0	0	0	N	N	Y	N	N	N	N	N	N	N	N	N	0.0023	0.0024	0.0000	0.0061	0.0060	0.0000	0.0000	0.0000	0.0000	0.0000	0.0000	0.0000	0.0001	0.0001	0.0000	0.0000	0.0000	0.0000	0.0077	0.0085	0.0055	0.0123	0.0127	0.0084	0.0034	0.0024	0.0048	0.0000	0.2333	-0.0000	-0.0003	1.0007	1.0230	2.4334	12.1924	0.0000	0.0000	0.0000	0.0000	0.0000	0.0000	0.0000	0.0000	0.0000	0.0012	0.0010	0.0002	0.0009	0.0009	0.0001	0.0003	0.0001	0.0002	0.0104	0.0091	0.0014	0.0024	0.0024	0.0001	0.0080	0.0067	0.0013	0.1592	0.1171	0.0421	0.0768	0.0689	0.0079	0.0824	0.0482	0.0342	0.0023	0.0024	0.0000	0.0061	0.0060	0.0000	0.0000	0.0000	0.0000	0.0077	0.0085	0.0055	0.0123	0.0127	0.0084	0.0034	0.0024	0.0048
43	64	0.1660	3	0	1	1	1	0	0	0	0	N	N	N	N	N	N	N	N	N	N	N	N	0.0831	0.2744	0.0012	0.0000	0.0000	0.0000	0.1461	0.2278	0.0042	0.0019	0.0023	0.0001	0.0000	0.0000	0.0000	0.0021	0.0025	0.0001	0.0234	0.0083	0.0627	0.0332	0.0065	0.3155	0.0145	0.0110	0.0187	0.0061	2.8837	-0.0000	0.0008	1.0007	2.4556	2.4334	12.4191	0.0000	0.0000	0.0000	0.0000	0.0000	0.0000	0.0000	0.0000	0.0000	0.0028	0.0007	0.0021	0.0019	0.0003	0.0016	0.0009	0.0004	0.0005	0.0155	0.0131	0.0024	0.0013	0.0012	0.0001	0.0143	0.0119	0.0023	0.1207	0.0873	0.0334	0.0573	0.0524	0.0050	0.0634	0.0349	0.0285	0.0831	0.2744	0.0012	0.0000	0.0000	0.0000	0.1461	0.2278	0.0042	0.0234	0.0083	0.0627	0.0332	0.0065	0.3155	0.0145	0.0110	0.0187
43	65	0.2883	5	0	2	1	1	0	0	0	0	N	Y	N	N	N	N	N	N	N	N	N	N	0.0001	0.0000	0.0001	0.0000	0.0000	0.0000	0.0000	0.0000	0.0001	0.0003	0.0000	0.0018	0.0000	0.0000	0.0000	0.0003	0.0000	0.0018	3.5923	0.0003	23.7301	0.3597	0.0005	5.9092	5.6827	0.0000	19.3459	inf	19680.4644	0.0000	0.3064	1.0007	1.7555	2.4334	11.9300	0.0000	0.0000	0.0000	0.0000	0.0000	0.0000	0.0000	0.0000	0.0000	0.5657	0.0000	0.5657	0.0222	0.0000	0.0222	0.5435	0.0000	0.5435	0.0132	0.0113	0.0018	0.0015	0.0014	0.0000	0.0117	0.0099	0.0018	0.1575	0.1089	0.0486	0.0618	0.0581	0.0038	0.0956	0.0508	0.0448	0.0001	0.0000	0.0002	0.0000	0.0000	0.0000	0.0000	0.0000	0.0002	3.5923	0.0003	11.6390	0.3597	0.0005	5.9092	5.6827	0.0000	12.1193
43	66	0.2673	7	1	2	2	1	0	0	0	0	N	Y	Y	N	N	N	N	N	N	N	N	N	0.0000	0.0000	0.0000	0.0000	0.0000	0.0000	0.0000	0.0000	0.0000	0.0000	0.0000	0.0000	0.0000	0.0000	0.0000	0.0000	0.0000	0.0000	0.0000	0.0000	1.0007	0.0000	2.4334	0.0000	0.0000	0.0000	0.0000	0.0000	0.0000	0.0000	0.0000	0.0000	0.0000	0.0000	0.0000	0.0000	0.0000	0.0000	0.0000	0.0000	0.0000	0.0000	0.0000	0.0000	0.0000	0.0000	0.0000	0.0000	0.0000	0.0000	0.0000	0.0000	0.0000	0.0000	0.0000	0.0000	0.0000	0.0000	0.0000	0.0000	0.0000	0.0000	0.0000	0.0000	0.0000	0.0000	0.0000	0.0000	0.0000	0.0000	0.0000	0.0000	0.0000	0.0000	0.0000	0.0000	0.0000	0.0000											
43	67	0.7719	10	1	2	2	1	0	0	0	0	N	Y	Y	N	N	N	N	N	N	N	N	N	0.0000	0.0000	0.0000	0.0000	0.0000	0.0000	0.0000	0.0000	0.0000	0.0000	0.0000	0.0000	0.0000	0.0000	0.0000	0.0000	0.0000	0.0000	0.0000	0.0000	1.0007	1.0000	2.4334	3.0000	0.0000	0.0000	0.0000	0.0000	0.0000	0.0000	0.0000	0.0000	0.0000	0.0000	0.0000	0.0000	0.0000	0.0000	0.0000	0.0000	0.0000	0.0000	0.0053	0.0045	0.0007	0.0014	0.0013	0.0001	0.0039	0.0033	0.0006	0.0274	0.0196	0.0078	0.0138	0.0128	0.0010	0.0136	0.0068	0.0068	0.0000	0.0000	0.0000	0.0000	0.0000	0.0000	0.0000	0.0000	0.0000	0.0000	0.0000	0.0000	0.0000	0.0000	0.0000	0.0000	0.0000	0.0000											
43	68	0.2673	7	1	2	2	1	0	0	0	0	N	Y	Y	N	N	N	N	N	N	N	N	N	0.0000	0.0000	0.0000	0.0000	0.0000	0.0000	0.0000	0.0000	0.0000	0.0000	0.0000	0.0000	0.0000	0.0000	0.0000	0.0000	0.0000	0.0000	0.0000	0.0000	1.0007	1.0000	2.4334	0.0000	0.0000	0.0000	0.0000	0.0000	0.0000	0.0000	0.0000	0.0000	0.0000	0.0000	0.0000	0.0000	0.0000	0.0000	0.0000	0.0000	0.0000	0.0000	0.0066	0.0057	0.0010	0.0011	0.0010	0.0001	0.0056	0.0047	0.0009	0.0080	0.0060	0.0021	0.0039	0.0036	0.0004	0.0041	0.0024	0.0017	0.0000	0.0000	0.0000	0.0000	0.0000	0.0000	0.0000	0.0000	0.0000	0.0000	0.0000	0.0000	0.0000	0.0000	0.0000	0.0000	0.0000	0.0000											
43	69	0.2509	6	1	2	2	1	0	0	0	0	N	Y	Y	N	N	N	N	N	N	N	N	N	0.0003	0.0003	0.0000	0.0008	0.0009	0.0000	0.0000	0.0000	0.0000	0.0000	0.0000	0.0000	0.0000	0.0000	0.0000	0.0000	0.0000	0.0000	0.0055	0.0074	0.0000	0.0109	0.0120	0.0001	0.0004	0.0006	0.0000	0.0000	0.0019	-0.0000	-0.0001	1.0007	1.0155	2.4334	5.9708	0.0000	0.0000	0.0000	0.0000	0.0000	0.0000	0.0000	0.0000	0.0000	0.0003	0.0003	0.0000	0.0003	0.0003	0.0000	0.0000	0.0000	0.0000	0.0071	0.0060	0.0011	0.0014	0.0012	0.0002	0.0057	0.0048	0.0009	0.0560	0.0414	0.0146	0.0274	0.0248	0.0026	0.0286	0.0166	0.0120	0.0003	0.0003	0.0000	0.0008	0.0009	0.0000	0.0000	0.0000	0.0000	0.0055	0.0074	0.0000	0.0109	0.0120	0.0001	0.0004	0.0006	0.0000
43	70	0.2462	5	1	1	2	1	0	0	0	0	N	N	Y	N	N	N	N	N	N	N	N	N	0.0121	0.0112	0.0000	0.0108	0.0139	0.0000	0.0041	0.0092	0.0000	0.0016	0.0021	0.0000	0.0027	0.0037	0.0000	0.0000	0.0001	0.0000	0.1333	0.1871	0.0144	0.2510	0.2679	0.0052	0.0115	0.0063	0.0155	0.0000	0.0349	-0.0000	-0.0024	1.0007	0.0406	2.4334	2.3361	0.0000	0.0000	0.0000	0.0000	0.0000	0.0000	0.0000	0.0000	0.0000	0.0057	0.0055	0.0002	0.0055	0.0054	0.0000	0.0002	0.0001	0.0002	0.0006	0.0005	0.0001	0.0004	0.0003	0.0001	0.0003	0.0002	0.0000	0.0427	0.0294	0.0133	0.0217	0.0203	0.0014	0.0210	0.0091	0.0119	0.0121	0.0112	0.0000	0.0108	0.0139	0.0000	0.0041	0.0092	0.0000	0.1333	0.1871	0.0144	0.2510	0.2679	0.0052	0.0115	0.0063	0.0155
43	71	0.7719	10	1	2	2	1	0	0	0	0	N	Y	Y	N	N	N	N	N	N	N	N	N	0.0000	0.0000	0.0000	0.0000	0.0000	0.0000	0.0000	0.0000	0.0000	0.0000	0.0000	0.0000	0.0000	0.0000	0.0000	0.0000	0.0000	0.0000	0.0000	0.0000	1.0007	0.0000	2.4334	0.0000	0.0000	0.0000	0.0000	0.0000	0.0000	0.0000	0.0000	0.0000	0.0000	0.0000	0.0000	0.0000	0.0000	0.0000	0.0000	0.0000	0.0000	0.0000	0.0000	0.0000	0.0000	0.0000	0.0000	0.0000	0.0000	0.0000	0.0000	0.0000	0.0000	0.0000	0.0000	0.0000	0.0000	0.0000	0.0000	0.0000	0.0000	0.0000	0.0000	0.0000	0.0000	0.0000	0.0000	0.0000	0.0000	0.0000	0.0000	0.0000	0.0000	0.0000	0.0000	0.0000	0.0000	0.0000											
43	72	0.7538	9	1	2	2	1	0	0	0	0	N	Y	Y	N	N	N	N	N	N	N	N	N	33.4852	336.3114	0.0000	62.5620	722.3928	0.0000	0.0433	2.7938	0.0000	0.0560	0.0648	0.0000	0.1952	0.2091	0.0000	0.0000	0.0000	0.0000	0.0017	0.0002	0.0057	0.0031	0.0003	0.0353	0.0001	0.0000	0.0001	0.0000	10.8807	-0.0006	0.0000	1.0007	3.9057	2.4334	1.1104	0.0013	0.0013	0.0000	0.0013	0.0013	0.0000	0.0000	0.0000	0.0000	0.0001	0.0000	0.0001	0.0001	0.0000	0.0001	0.0000	0.0000	0.0000	0.0237	0.0204	0.0032	0.0068	0.0063	0.0005	0.0169	0.0141	0.0028	0.0407	0.0297	0.0110	0.0215	0.0198	0.0017	0.0192	0.0100	0.0093	33.4852	336.3114	0.0000	62.5620	722.3928	0.0000	0.0433	2.7938	0.0000	0.0017	0.0002	0.0057	0.0031	0.0003	0.0353	0.0001	0.0000	0.0001
43	73	0.5510	7	1	2	1	1	0	0	0	0	N	Y	N	N	N	N	N	N	N	N	N	N	0.0000	0.0000	0.0000	0.0000	0.0000	0.0000	0.0000	0.0000	0.0000	0.0000	0.0000	0.0000	0.0000	0.0000	0.0000	0.0000	0.0000	0.0000	0.0049	0.0065	0.0003	0.0086	0.0093	0.0002	0.0012	0.0019	0.0003	0.0130	0.0000	-0.0005	1.0007	6.9070	2.4334	16.5673	0.0000	0.0000	0.0000	0.0000	0.0000	0.0000	0.0000	0.0000	0.0000	0.0011	0.0011	0.0000	0.0009	0.0009	0.0000	0.0001	0.0001	0.0000	0.0738	0.0651	0.0087	0.0319	0.0298	0.0021	0.0419	0.0353	0.0065	0.2176	0.1637	0.0539	0.1102	0.1014	0.0087	0.1075	0.0622	0.0452	0.0000	0.0000	0.0000	0.0000	0.0000	0.0000	0.0000	0.0000	0.0000	0.0049	0.0065	0.0003	0.0086	0.0093	0.0002	0.0012	0.0019	0.0003	
43	74	0.6149	9	0	2	1	2	0	0	0	0	N	Y	N	Y	N	N	N	N	N	N	N	N	0.0000	0.0000	0.0000	0.0000	0.0000	0.0000	0.0000	0.0000	0.0000	0.0000	0.0000	0.0000	0.0000	0.0000	0.0000	0.0000	0.0000	0.0000	7.5688	5.6349	10.9931	0.2079	0.0537	2.1340	12.5410	16.2619	10.0126	0.5907	0.0000	-0.1391	1.0007	6.4226	2.4334	19.3377	0.0000	0.0000	0.0000	0.0000	0.0000	0.0000	0.0000	0.0000	0.0000	1.5987	1.0050	0.5937	0.0297	0.0071	0.0226	1.5689	0.9979	0.5711	0.0427	0.0364	0.0063	0.0090	0.0084	0.0006	0.0337	0.0280	0.0057	0.2680	0.1937	0.0743	0.1429	0.1323	0.0106	0.1251	0.0614	0.0637	0.0000	0.0000	0.0000	0.0000	0.0000	0.0000	0.0000	0.0000	0.0000	5.9653	5.1894	7.9868	0.2079	0.0537	2.1340	12.5410	16.2619	8.9590	
43	75	0.5697	8	0	1	1	2	0	0	0	0	N	N	N	Y	N	N	N	N	N	N	N	N	0.0000	0.0000	0.0000	0.0000	0.0000	0.0000	0.0000	0.0000	0.0000	0.0000	0.0000	0.0000	0.0000	0.0000	0.0000	0.0000	0.0000	0.0000	2.6627	0.0330	19.0530	0.0317	0.0247	0.1253	5.5810	0.0487	19.2206	107.2910	0.0000	0.3795	1.0007	5.1932	2.4334	17.4397	0.0000	0.0000	0.0000	0.0000	0.0000	0.0000	0.0000	0.0000	0.0000	0.7128	0.0066	0.7062	0.0045	0.0032	0.0012	0.7084	0.0033	0.7050	0.0414	0.0360	0.0054	0.0124	0.0118	0.0006	0.0290	0.0242	0.0048	0.2677	0.1997	0.0680	0.1408	0.1310	0.0098	0.1269	0.0687	0.0582	0.0000	0.0000	0.0000	0.0000	0.0000	0.0000	0.0000	0.0000	0.0000	2.6627	0.0330	10.3912	0.0317	0.0247	0.1253	5.5810	0.0487	12.1112	
43	76	0.5327	7	0	1	1	1	0	0	0	0	N	N	N	N	N	N	N	N	N	N	N	N	0.0000	0.0000	0.0000	0.0000	0.0000	0.0000	0.0000	0.0000	0.0000	0.0000	0.0000	0.0000	0.0000	0.0000	0.0000	0.0000	0.0000	0.0000	0.1014	0.0495	0.2592	0.0674	0.0723	0.0134	0.1399	0.0076	0.3119	1.7233	0.0000	0.0048	1.0007	4.4918	2.4334	17.5337	0.0000	0.0000	0.0000	0.0000	0.0000	0.0000	0.0000	0.0000	0.0000	0.0276	0.0101	0.0174	0.0097	0.0096	0.0002	0.0178	0.0005	0.0173	0.0377	0.0326	0.0051	0.0111	0.0106	0.0005	0.0266	0.0221	0.0046	0.2718	0.2046	0.0673	0.1444	0.1325	0.0119	0.1275	0.0721	0.0554	0.0000	0.0000	0.0000	0.0000	0.0000	0.0000	0.0000	0.0000	0.0000	0.1014	0.0495	0.2592	0.0674	0.0723	0.0134	0.1399	0.0076	0.3119	
43	77	0.2618	6	0	1	1	2	0	0	0	0	N	N	N	Y	N	N	N	N	N	N	N	N	0.0000	0.0000	0.0000	0.0000	0.0000	0.0000	0.0000	0.0000	0.0000	0.0000	0.0000	0.0000	0.0000	0.0000	0.0000	0.0000	0.0000	0.0000	0.7779	1.0789	0.0020	1.8850	1.9992	0.0000	0.0010	0.0000	0.0022	0.0007	0.0000	-0.0510	1.0007	0.3745	2.4334	14.7996	0.0000	0.0000	0.0000	0.0000	0.0000	0.0000	0.0000	0.0000	0.0000	0.1115	0.1115	0.0001	0.1115	0.1115	0.0000	0.0001	0.0000	0.0001	0.0033	0.0030	0.0004	0.0007	0.0007	0.0000	0.0026	0.0023	0.0004	0.1434	0.1033	0.0401	0.0591	0.0558	0.0034	0.0843	0.0476	0.0367	0.0000	0.0000	0.0000	0.0000	0.0000	0.0000	0.0000	0.0000	0.0000	0.7779	1.0789	0.0020	1.8850	1.9992	0.0000	0.0010	0.0000	0.0022	
43	78	0.2396	5	0	1	1	2	0	0	0	0	N	N	N	Y	N	N	N	N	N	N	N	N	0.0000	0.0000	0.0000	0.0000	0.0000	0.0000	0.0000	0.0000	0.0000	0.0000	0.0000	0.0000	0.0000	0.0000	0.0000	0.0000	0.0000	0.0000	0.0216	0.0272	0.0071	0.0490	0.0512	0.0116	0.0035	0.0012	0.0067	0.0997	0.0000	-0.0009	1.0007	1.4595	2.4334	10.3922	0.0000	0.0000	0.0000	0.0000	0.0000	0.0000	0.0000	0.0000	0.0000	0.0026	0.0023	0.0002	0.0023	0.0023	0.0000	0.0003	0.0001	0.0002	0.0106	0.0091	0.0015	0.0013	0.0012	0.0001	0.0093	0.0079	0.0014	0.1191	0.0861	0.0330	0.0474	0.0448	0.0027	0.0717	0.0413	0.0304	0.0000	0.0000	0.0000	0.0000	0.0000	0.0000	0.0000	0.0000	0.0000	0.0216	0.0272	0.0071	0.0490	0.0512	0.0116	0.0035	0.0012	0.0067	
43	79	0.2254	4	0	1	1	2	0	0	0	0	N	N	N	Y	N	N	N	N	N	N	N	N	0.0010	0.0000	0.0029	0.0000	0.0000	0.0000	0.0025	0.0000	0.0081	0.0000	0.0000	0.0001	0.0000	0.0000	0.0000	0.0000	0.0000	0.0001	0.0126	0.0065	0.0283	0.0226	0.0107	0.1888	0.0054	0.0014	0.0105	inf	1.7117	0.0000	0.0002	1.0007	1.3861	2.4334	6.3168	0.0000	0.0000	0.0000	0.0000	0.0000	0.0000	0.0000	0.0000	0.0000	0.0011	0.0004	0.0007	0.0009	0.0004	0.0005	0.0003	0.0000	0.0002	0.0093	0.0079	0.0014	0.0008	0.0008	0.0000	0.0084	0.0071	0.0014	0.0899	0.0646	0.0253	0.0376	0.0351	0.0025	0.0522	0.0295	0.0228	0.0010	0.0000	0.0029	0.0000	0.0000	0.0000	0.0025	0.0000	0.0081	0.0126	0.0065	0.0283	0.0226	0.0107	0.1888	0.0054	0.0014	0.0105
43	80	0.1660	3	0	1	1	2	0	0	0	0	N	N	N	Y	N	N	N	N	N	N	N	N	0.0067	0.0000	0.0121	0.0000	0.0000	0.0000	0.1196	0.0000	0.3861	0.0028	0.0000	0.0182	0.0000	0.0000	0.0000	0.0030	0.0000	0.0188	0.4193	0.0117	1.4972	0.8618	0.0149	9.4927	0.0253	0.0071	0.0486	inf	48.2047	0.0000	0.0395	1.0007	4.0043	2.4334	19.8631	0.0001	0.0000	0.0001	0.0000	0.0000	0.0000	0.0001	0.0000	0.0001	0.0758	0.0015	0.0742	0.0734	0.0012	0.0722	0.0024	0.0004	0.0020	0.0251	0.0212	0.0038	0.0020	0.0019	0.0001	0.0231	0.0193	0.0037	0.1807	0.1311	0.0496	0.0851	0.0775	0.0076	0.0956	0.0536	0.0420	0.0067	0.0000	0.0121	0.0000	0.0000	0.0000	0.1196	0.0000	0.3861	0.4193	0.0117	1.4972	0.8618	0.0149	9.4927	0.0253	0.0071	0.0486
43	81	0.7065	9	0	2	2	1	0	0	0	0	N	Y	Y	N	N	N	N	N	N	N	N	N	0.0000	0.0000	0.0000	0.0000	0.0000	0.0000	0.0000	0.0000	0.0000	0.0000	0.0000	0.0000	0.0000	0.0000	0.0000	0.0000	0.0000	0.0000	0.0004	0.0005	0.0001	0.0007	0.0007	0.0000	0.0001	0.0000	0.0001	0.0934	0.0000	-0.0000	1.0007	2.0162	2.4334	4.5500	0.0000	0.0000	0.0000	0.0000	0.0000	0.0000	0.0000	0.0000	0.0000	0.0000	0.0000	0.0000	0.0000	0.0000	0.0000	0.0000	0.0000	0.0000	0.0149	0.0129	0.0019	0.0063	0.0058	0.0004	0.0086	0.0071	0.0015	0.0510	0.0362	0.0148	0.0263	0.0242	0.0021	0.0247	0.0120	0.0127	0.0000	0.0000	0.0000	0.0000	0.0000	0.0000	0.0000	0.0000	0.0000	0.0004	0.0005	0.0001	0.0007	0.0007	0.0000	0.0001	0.0000	0.0001	
43	82	0.2740	7	0	2	2	1	0	0	0	0	N	Y	Y	N	N	N	N	N	N	N	N	N	0.0000	0.0000	0.0000	0.0000	0.0000	0.0000	0.0000	0.0000	0.0000	0.0000	0.0000	0.0000	0.0000	0.0000	0.0000	0.0000	0.0000	0.0000	0.0007	0.0010	0.0000	0.0013	0.0015	0.0000	0.0000	0.0000	0.0000	0.0103	0.0000	-0.0000	1.0007	3.0011	2.4334	3.7015	0.0000	0.0000	0.0000	0.0000	0.0000	0.0000	0.0000	0.0000	0.0000	0.0000	0.0000	0.0000	0.0000	0.0000	0.0000	0.0000	0.0000	0.0000	0.0200	0.0171	0.0029	0.0036	0.0033	0.0003	0.0164	0.0137	0.0026	0.0619	0.0447	0.0172	0.0323	0.0291	0.0032	0.0296	0.0157	0.0139	0.0000	0.0000	0.0000	0.0000	0.0000	0.0000	0.0000	0.0000	0.0000	0.0007	0.0010	0.0000	0.0013	0.0015	0.0000	0.0000	0.0000	0.0000	
43	83	0.2625	6	0	2	1	1	0	0	0	0	N	Y	N	N	N	N	N	N	N	N	N	N	0.0000	0.0000	0.0000	0.0000	0.0000	0.0000	0.0000	0.0000	0.0000	0.0000	0.0000	0.0000	0.0000	0.0000	0.0000	0.0000	0.0000	0.0000	0.0024	0.0034	0.0000	0.0043	0.0051	0.0000	0.0001	0.0002	0.0000	0.0041	0.0000	-0.0001	1.0007	2.0032	2.4334	4.2039	0.0000	0.0000	0.0000	0.0000	0.0000	0.0000	0.0000	0.0000	0.0000	0.0002	0.0002	0.0000	0.0002	0.0002	0.0000	0.0000	0.0000	0.0000	0.0134	0.0115	0.0020	0.0024	0.0022	0.0002	0.0111	0.0093	0.0018	0.0680	0.0485	0.0196	0.0375	0.0321	0.0054	0.0305	0.0164	0.0141	0.0000	0.0000	0.0000	0.0000	0.0000	0.0000	0.0000	0.0000	0.0000	0.0024	0.0034	0.0000	0.0043	0.0051	0.0000	0.0001	0.0002	0.0000	
43	84	0.2593	6	1	1	2	1	0	0	0	0	N	N	Y	N	N	N	N	N	N	N	N	N	0.0000	0.0000	0.0000	0.0000	0.0000	0.0000	0.0000	0.0000	0.0000	0.0000	0.0000	0.0000	0.0000	0.0000	0.0000	0.0000	0.0000	0.0000	0.0626	0.0589	0.0716	0.0768	0.0848	0.0291	0.0440	0.0029	0.0879	0.4992	0.0000	-0.0005	1.0007	1.0052	2.4334	4.9545	0.0000	0.0000	0.0000	0.0000	0.0000	0.0000	0.0000	0.0000	0.0000	0.0037	0.0025	0.0012	0.0026	0.0024	0.0001	0.0011	0.0000	0.0011	0.0069	0.0058	0.0010	0.0011	0.0010	0.0001	0.0058	0.0048	0.0010	0.0587	0.0416	0.0171	0.0332	0.0285	0.0047	0.0255	0.0132	0.0124	0.0000	0.0000	0.0000	0.0000	0.0000	0.0000	0.0000	0.0000	0.0000	0.0626	0.0589	0.0716	0.0768	0.0848	0.0291	0.0440	0.0029	0.0879	
43	85	0.2399	5	1	1	2	1	0	0	0	0	N	N	Y	N	N	N	N	N	N	N	N	N	0.0000	0.0000	0.0000	0.0000	0.0000	0.0000	0.0000	0.0000	0.0000	0.0000	0.0000	0.0000	0.0000	0.0000	0.0000	0.0000	0.0000	0.0000	13.7862	22.0332	0.0004	54.5810	62.0254	0.0000	0.0035	0.0061	0.0006	0.0000	0.0000	-0.3309	1.0007	0.9968	2.4334	7.6169	0.0000	0.0000	0.0000	0.0000	0.0000	0.0000	0.0000	0.0000	0.0000	0.7220	0.7219	0.0000	0.7218	0.7218	0.0000	0.0001	0.0001	0.0000	0.0068	0.0058	0.0010	0.0012	0.0011	0.0001	0.0056	0.0047	0.0009	0.0795	0.0562	0.0232	0.0431	0.0367	0.0063	0.0364	0.0195	0.0169	0.0000	0.0000	0.0000	0.0000	0.0000	0.0000	0.0000	0.0000	0.0000	9.0833	12.8369	0.0004	16.7557	19.6453	0.0000	0.0035	0.0061	0.0006	
43	86	0.2599	4	1	2	1	1	0	0	0	0	N	Y	N	N	N	N	N	N	N	N	N	N	0.0388	0.0875	0.0000	0.2145	0.2336	0.0000	0.0023	0.4797	0.0000	0.0000	0.0000	0.0000	0.0000	0.0000	0.0000	0.0000	0.0000	0.0000	0.0002	0.0001	0.0005	0.0001	0.0001	0.0002	0.0003	0.0000	0.0011	0.0011	1.5288	-0.0000	0.0000	1.0007	5.8060	2.4334	6.1034	0.0000	0.0000	0.0000	0.0000	0.0000	0.0000	0.0000	0.0000	0.0000	0.0001	0.0000	0.0000	0.0000	0.0000	0.0000	0.0000	0.0000	0.0000	0.0457	0.0391	0.0066	0.0104	0.0099	0.0006	0.0353	0.0292	0.0060	0.3317	0.2536	0.0780	0.2337	0.1833	0.0504	0.0980	0.0704	0.0276	0.0388	0.0875	0.0000	0.2145	0.2336	0.0000	0.0023	0.4797	0.0000	0.0002	0.0001	0.0005	0.0001	0.0001	0.0002	0.0003	0.0000	0.0011
43	87	0.1660	3	1	2	1	1	0	0	0	0	N	Y	N	N	N	N	N	N	N	N	N	N	0.0000	0.0000	0.0000	0.0000	0.0000	0.0000	0.0000	0.0000	0.0000	0.0000	0.0000	0.0000	0.0000	0.0000	0.0000	0.0000	0.0000	0.0000	1.9052	2.5504	0.2004	0.1489	0.1589	0.0491	3.4444	5.9223	0.2283	0.0000	0.0297	-0.0000	-0.1982	1.0007	12.2869	2.4334	21.7146	0.0000	0.0000	0.0000	0.0000	0.0000	0.0000	0.0000	0.0000	0.0000	0.4615	0.4482	0.0133	0.0168	0.0163	0.0005	0.4446	0.4318	0.0128	0.0739	0.0627	0.0112	0.0057	0.0053	0.0004	0.0682	0.0574	0.0108	0.2422	0.1757	0.0665	0.1131	0.1028	0.0103	0.1291	0.0729	0.0562	0.0000	0.0000	0.0000	0.0000	0.0000	0.0000	0.0000	0.0000	0.0000	1.9052	2.5504	0.2004	0.1489	0.1589	0.0491	3.4444	5.9223	0.2283
43	88	0.2625	6	0	2	1	1	0	0	0	0	N	Y	N	N	N	N	N	N	N	N	N	N	0.0000	0.0000	0.0000	0.0000	0.0000	0.0000	0.0000	0.0000	0.0000	0.0000	0.0000	0.0000	0.0000	0.0000	0.0000	0.0000	0.0000	0.0000	0.0012	0.0015	0.0002	0.0002	0.0002	0.0006	0.0022	0.0040	0.0001	0.0620	0.0000	-0.0001	1.0007	4.0005	2.4334	9.0093	0.0000	0.0000	0.0000	0.0000	0.0000	0.0000	0.0000	0.0000	0.0000	0.0001	0.0001	0.0000	0.0000	0.0000	0.0000	0.0001	0.0001	0.0000	0.0266	0.0227	0.0039	0.0047	0.0043	0.0003	0.0219	0.0184	0.0035	0.1187	0.0848	0.0339	0.0627	0.0546	0.0081	0.0560	0.0301	0.0259	0.0000	0.0000	0.0000	0.0000	0.0000	0.0000	0.0000	0.0000	0.0000	0.0012	0.0015	0.0002	0.0002	0.0002	0.0006	0.0022	0.0040	0.0001	
43	89	0.2399	5	0	2	1	1	0	0	0	0	N	Y	N	N	N	N	N	N	N	N	N	N	0.0000	0.0000	0.0000	0.0000	0.0000	0.0000	0.0000	0.0000	0.0000	0.0000	0.0000	0.0000	0.0000	0.0000	0.0000	0.0000	0.0000	0.0000	0.0009	0.0012	0.0000	0.0009	0.0011	0.0000	0.0008	0.0015	0.0000	0.0059	0.0000	-0.0000	1.0007	1.0051	2.4334	9.2650	0.0000	0.0000	0.0000	0.0000	0.0000	0.0000	0.0000	0.0000	0.0000	0.0001	0.0001	0.0000	0.0000	0.0000	0.0000	0.0000	0.0000	0.0000	0.0068	0.0058	0.0010	0.0012	0.0011	0.0001	0.0056	0.0047	0.0009	0.0919	0.0651	0.0268	0.0492	0.0423	0.0070	0.0427	0.0229	0.0198	0.0000	0.0000	0.0000	0.0000	0.0000	0.0000	0.0000	0.0000	0.0000	0.0009	0.0012	0.0000	0.0009	0.0011	0.0000	0.0008	0.0015	0.0000	
43	90	0.2883	5	0	1	2	1	0	0	0	0	N	N	Y	N	N	N	N	N	N	N	N	N	0.0013	0.0000	0.0939	0.0000	0.0000	0.0000	0.0389	0.0000	0.1263	0.0002	0.0000	0.0014	0.0000	0.0000	0.0000	0.0002	0.0000	0.0014	0.1447	0.2041	0.0145	0.3457	0.3641	0.0558	0.0056	0.0004	0.0110	inf	0.0323	0.0000	-0.0078	1.0007	2.3559	2.4334	7.1930	0.0000	0.0000	0.0000	0.0000	0.0000	0.0000	0.0000	0.0000	0.0000	0.0183	0.0178	0.0006	0.0179	0.0177	0.0002	0.0004	0.0000	0.0004	0.0170	0.0146	0.0024	0.0017	0.0016	0.0001	0.0153	0.0130	0.0024	0.1267	0.0870	0.0397	0.0518	0.0487	0.0031	0.0749	0.0383	0.0366	0.0013	0.0000	0.0939	0.0000	0.0000	0.0000	0.0389	0.0000	0.1263	0.1447	0.2041	0.0145	0.3457	0.3641	0.0558	0.0056	0.0004	0.0110
43	91	0.2555	4	0	1	1	1	0	0	0	0	N	N	N	N	N	N	N	N	N	N	N	N	0.0066	0.0001	0.0177	0.0001	0.0002	0.0001	0.0072	0.0000	0.0212	0.0013	0.0000	0.0102	0.0000	0.0000	0.0001	0.0017	0.0000	0.0106	0.1984	0.0510	0.5747	0.1618	0.0692	0.8591	0.2362	0.0208	0.4982	491.5615	4.4098	0.0000	0.0205	1.0007	4.9284	2.4334	11.0439	0.0001	0.0000	0.0001	0.0000	0.0000	0.0000	0.0001	0.0000	0.0001	0.0574	0.0106	0.0468	0.0238	0.0090	0.0148	0.0336	0.0016	0.0320	0.0493	0.0430	0.0063	0.0116	0.0113	0.0002	0.0377	0.0317	0.0061	0.2895	0.2080	0.0814	0.1472	0.1300	0.0173	0.1422	0.0781	0.0642	0.0066	0.0001	0.0177	0.0001	0.0002	0.0001	0.0072	0.0000	0.0212	0.1984	0.0510	0.5747	0.1618	0.0692	0.8591	0.2362	0.0208	0.4982
43	92	0.1660	3	0	1	1	1	0	0	0	0	N	N	N	N	N	N	N	N	N	N	N	N	0.0003	0.0000	0.0008	0.0000	0.0000	0.0000	0.0016	0.0000	0.0059	0.0001	0.0000	0.0007	0.0000	0.0000	0.0000	0.0001	0.0000	0.0008	0.3541	0.1521	0.8881	0.6691	0.2321	5.0251	0.0777	0.0390	0.1278	581.7447	2.2097	0.0000	0.0193	1.0007	3.9161	2.4334	29.2065	0.0000	0.0000	0.0000	0.0000	0.0000	0.0000	0.0000	0.0000	0.0000	0.0840	0.0262	0.0578	0.0742	0.0234	0.0508	0.0098	0.0028	0.0070	0.0245	0.0208	0.0038	0.0020	0.0018	0.0001	0.0226	0.0189	0.0036	0.2371	0.1720	0.0651	0.1108	0.1007	0.0101	0.1263	0.0713	0.0550	0.0003	0.0000	0.0008	0.0000	0.0000	0.0000	0.0016	0.0000	0.0059	0.3541	0.1521	0.8881	0.6691	0.2321	5.0251	0.0777	0.0390	0.1278
43	93	0.7065	9	1	2	1	1	0	0	0	0	N	Y	N	N	N	N	N	N	N	N	N	N	1.2958	1.0761	0.0000	1.6065	1.5979	0.0000	0.0580	0.2200	0.0000	0.0019	0.0021	0.0000	0.0045	0.0048	0.0000	0.0000	0.0000	0.0000	0.0014	0.0020	0.0001	0.0028	0.0030	0.0002	0.0000	0.0000	0.0001	0.0000	0.0161	-0.0000	-0.0000	1.0007	2.5103	2.4334	7.4742	0.0000	0.0000	0.0000	0.0000	0.0000	0.0000	0.0000	0.0000	0.0000	0.0001	0.0001	0.0000	0.0001	0.0001	0.0000	0.0000	0.0000	0.0000	0.0176	0.0153	0.0023	0.0073	0.0068	0.0005	0.0103	0.0085	0.0018	0.0714	0.0507	0.0207	0.0365	0.0335	0.0029	0.0349	0.0171	0.0178	1.2958	1.0761	0.0000	1.6065	1.5979	0.0000	0.0580	0.2200	0.0000	0.0014	0.0020	0.0001	0.0028	0.0030	0.0002	0.0000	0.0000	0.0001
43	94	0.6703	8	0	2	1	1	0	0	0	0	N	Y	N	N	N	N	N	N	N	N	N	N	1.1426	1.3416	0.4276	0.5962	0.4260	24.1741	1.5123	3.0909	0.0000	0.0007	0.0007	0.0003	0.0004	0.0003	0.0018	0.0009	0.0010	0.0000	0.0006	0.0005	0.0007	0.0006	0.0006	0.0001	0.0006	0.0003	0.0008	0.0584	0.5187	-0.0000	-0.0000	1.0007	7.1305	2.4334	3.2426	0.0000	0.0000	0.0000	0.0000	0.0000	0.0000	0.0000	0.0000	0.0000	0.0000	0.0000	0.0000	0.0000	0.0000	0.0000	0.0000	0.0000	0.0000	0.0568	0.0499	0.0069	0.0216	0.0204	0.0012	0.0351	0.0294	0.0057	0.0781	0.0562	0.0220	0.0393	0.0360	0.0033	0.0389	0.0202	0.0187	1.1426	1.3416	0.4276	0.5962	0.4260	24.1741	1.5123	3.0909	0.0000	0.0006	0.0005	0.0007	0.0006	0.0006	0.0001	0.0006	0.0003	0.0008
43	95	0.2399	5	1	2	1	1	0	0	0	0	N	Y	N	N	N	N	N	N	N	N	N	N	0.1823	0.0000	10598.6319	0.0000	0.0000	0.2939	0.0000	9113.4530	0.0013	0.0000	0.0092	0.0000	0.0000	0.0000	0.0016	0.0000	0.0101	0.0074	0.0103	0.0000	0.0092	0.0104	0.0000	0.0055	0.0102	0.0000	inf	0.0000	0.0000	-0.0008	1.0007	8.0000	2.4334	22.5660	0.0001	0.0000	0.0001	0.0000	0.0000	0.0000	0.0001	0.0000	0.0001	0.0017	0.0017	0.0000	0.0011	0.0011	0.0000	0.0006	0.0006	0.0000	0.0522	0.0447	0.0076	0.0088	0.0081	0.0006	0.0435	0.0365	0.0070	0.2299	0.1637	0.0662	0.1167	0.1026	0.0141	0.1132	0.0610	0.0521	0.1823	0.0000	10598.6319	0.0000	0.0000	0.0000	0.2939	0.0000	9113.4530	0.0074	0.0103	0.0000	0.0092	0.0104	0.0000	0.0055	0.0102	0.0000	
43	96	0.1660	3	0	1	1	1	0	0	0	0	N	N	N	N	N	N	N	N	N	N	N	N	0.0002	0.0177	0.0000	0.0271	0.1255	0.0000	0.0000	0.0000	0.0000	0.0006	0.0007	0.0000	0.0072	0.0077	0.0000	0.0000	0.0000	0.0000	2.6298	0.0368	15.4036	0.2649	0.0610	2.3073	4.7126	0.0025	15.4405	0.0000	97.3752	-0.0000	0.3126	1.0007	11.9964	2.4334	18.8414	0.0000	0.0000	0.0000	0.0000	0.0000	0.0000	0.0000	0.0000	0.0000	0.5883	0.0060	0.5823	0.0278	0.0058	0.0219	0.5605	0.0002	0.5603	0.0722	0.0613	0.0110	0.0056	0.0052	0.0003	0.0667	0.0561	0.0106	0.2237	0.1623	0.0614	0.1048	0.0952	0.0095	0.1189	0.0671	0.0519	0.0002	0.0177	0.0000	0.0271	0.1255	0.0000	0.0000	0.0000	0.0000	2.6298	0.0368	9.4880	0.2649	0.0610	2.3073	4.7126	0.0025	10.8046
43	98	0.2704	7	1	2	2	1	0	0	0	0	N	Y	Y	N	N	N	N	N	N	N	N	N	0.0000	0.0000	0.0000	0.0000	0.0000	0.0000	0.0000	0.0000	0.0000	0.0000	0.0000	0.0000	0.0000	0.0000	0.0000	0.0000	0.0000	0.0000	0.0104	0.0136	0.0022	0.0069	0.0076	0.0007	0.0143	0.0242	0.0026	0.0623	0.0000	-0.0006	1.0007	0.9502	2.4334	16.1595	0.0000	0.0000	0.0000	0.0000	0.0000	0.0000	0.0000	0.0000	0.0000	0.0014	0.0013	0.0001	0.0005	0.0005	0.0000	0.0009	0.0009	0.0001	0.0074	0.0061	0.0013	0.0022	0.0018	0.0004	0.0052	0.0044	0.0008	0.1355	0.0977	0.0378	0.0706	0.0626	0.0080	0.0650	0.0351	0.0298	0.0000	0.0000	0.0000	0.0000	0.0000	0.0000	0.0000	0.0000	0.0000	0.0104	0.0136	0.0022	0.0069	0.0076	0.0007	0.0143	0.0242	0.0026	
43	99	0.1660	3	0	2	1	1	0	0	0	0	N	Y	N	N	N	N	N	N	N	N	N	N	0.0000	0.0000	0.0000	0.0000	0.0000	0.0000	0.0000	0.0000	0.0000	0.0000	0.0000	0.0000	0.0000	0.0000	0.0000	0.0000	0.0000	0.0000	0.0065	0.0018	0.0189	0.0101	0.0008	0.1040	0.0032	0.0031	0.0034	4.0661	0.0000	0.0005	1.0007	11.9964	2.4334	15.6499	0.0000	0.0000	0.0000	0.0000	0.0000	0.0000	0.0000	0.0000	0.0000	0.0013	0.0003	0.0011	0.0010	0.0001	0.0009	0.0003	0.0002	0.0002	0.0722	0.0613	0.0110	0.0056	0.0052	0.0003	0.0667	0.0561	0.0106	0.2044	0.1483	0.0561	0.0960	0.0873	0.0087	0.1084	0.0610	0.0474	0.0000	0.0000	0.0000	0.0000	0.0000	0.0000	0.0000	0.0000	0.0000	0.0065	0.0018	0.0189	0.0101	0.0008	0.1040	0.0032	0.0031	0.0034	
43	100	0.2734	8	1	1	2	1	0	0	0	0	N	N	Y	N	N	N	N	N	N	N	N	N	0.0000	0.0000	0.0000	0.0000	0.0000	0.0000	0.0000	0.0000	0.0000	0.0000	0.0000	0.0000	0.0000	0.0000	0.0000	0.0000	0.0000	0.0000	0.0627	0.0857	0.0037	0.1104	0.1241	0.0000	0.0112	0.0168	0.0047	0.0170	0.0000	-0.0033	1.0007	1.0008	2.4334	13.9255	0.0000	0.0000	0.0000	0.0000	0.0000	0.0000	0.0000	0.0000	0.0000	0.0074	0.0073	0.0001	0.0068	0.0068	0.0000	0.0006	0.0005	0.0001	0.0068	0.0058	0.0010	0.0013	0.0013	0.0001	0.0055	0.0046	0.0009	0.1186	0.0854	0.0333	0.0616	0.0548	0.0068	0.0571	0.0306	0.0265	0.0000	0.0000	0.0000	0.0000	0.0000	0.0000	0.0000	0.0000	0.0000	0.0627	0.0857	0.0037	0.1104	0.1241	0.0000	0.0112	0.0168	0.0047	
43	101	0.2704	7	1	1	2	1	0	0	0	0	N	N	Y	N	N	N	N	N	N	N	N	N	0.0000	0.0000	0.0000	0.0000	0.0000	0.0000	0.0000	0.0000	0.0000	0.0000	0.0000	0.0000	0.0000	0.0000	0.0000	0.0000	0.0000	0.0000	0.0018	0.0017	0.0019	0.0021	0.0021	0.0026	0.0014	0.0010	0.0017	0.4243	0.0000	-0.0000	1.0007	0.0532	2.4334	2.0467	0.0000	0.0000	0.0000	0.0000	0.0000	0.0000	0.0000	0.0000	0.0000	0.0000	0.0000	0.0000	0.0000	0.0000	0.0000	0.0000	0.0000	0.0000	0.0013	0.0009	0.0004	0.0010	0.0007	0.0003	0.0003	0.0002	0.0000	0.0255	0.0184	0.0071	0.0138	0.0123	0.0015	0.0117	0.0061	0.0056	0.0000	0.0000	0.0000	0.0000	0.0000	0.0000	0.0000	0.0000	0.0000	0.0018	0.0017	0.0019	0.0021	0.0021	0.0026	0.0014	0.0010	0.0017	
43	102	0.2608	6	1	1	2	1	0	0	0	0	N	N	Y	N	N	N	N	N	N	N	N	N	0.0000	0.0000	0.0000	0.0000	0.0000	0.0000	0.0000	0.0000	0.0000	0.0000	0.0000	0.0000	0.0000	0.0000	0.0000	0.0000	0.0000	0.0000	0.0159	0.0217	0.0009	0.0255	0.0290	0.0012	0.0047	0.0079	0.0008	0.0166	0.0000	-0.0004	1.0007	2.0948	2.4334	3.0326	0.0000	0.0000	0.0000	0.0000	0.0000	0.0000	0.0000	0.0000	0.0000	0.0008	0.0008	0.0000	0.0007	0.0007	0.0000	0.0001	0.0001	0.0000	0.0151	0.0127	0.0024	0.0036	0.0031	0.0005	0.0114	0.0096	0.0019	0.0506	0.0365	0.0141	0.0272	0.0238	0.0034	0.0234	0.0127	0.0107	0.0000	0.0000	0.0000	0.0000	0.0000	0.0000	0.0000	0.0000	0.0000	0.0159	0.0217	0.0009	0.0255	0.0290	0.0012	0.0047	0.0079	0.0008	
43	103	0.2399	5	1	1	2	1	0	0	0	0	N	N	Y	N	N	N	N	N	N	N	N	N	0.0000	0.0000	0.0000	0.0000	0.0000	0.0000	0.0000	0.0000	0.0000	0.0000	0.0000	0.0000	0.0000	0.0000	0.0000	0.0000	0.0000	0.0000	0.0029	0.0040	0.0000	0.0025	0.0029	0.0001	0.0033	0.0061	0.0000	0.0038	0.0000	-0.0001	1.0007	3.9484	2.4334	4.8420	0.0000	0.0000	0.0000	0.0000	0.0000	0.0000	0.0000	0.0000	0.0000	0.0002	0.0002	0.0000	0.0001	0.0001	0.0000	0.0001	0.0001	0.0000	0.0263	0.0225	0.0038	0.0045	0.0041	0.0003	0.0218	0.0183	0.0035	0.0808	0.0572	0.0236	0.0437	0.0373	0.0064	0.0371	0.0199	0.0172	0.0000	0.0000	0.0000	0.0000	0.0000	0.0000	0.0000	0.0000	0.0000	0.0029	0.0040	0.0000	0.0025	0.0029	0.0001	0.0033	0.0061	0.0000	
43	104	0.1983	4	0	2	1	1	0	0	0	0	N	Y	N	N	N	N	N	N	N	N	N	N	0.0622	0.0530	0.0000	0.1373	0.1329	0.0000	0.0335	0.0243	0.0000	0.0156	0.0181	0.0000	0.0706	0.0757	0.0000	0.0001	0.0001	0.0000	0.2505	0.3410	0.0003	0.5143	0.5695	0.0000	0.0023	0.0037	0.0003	0.0000	0.0003	-0.0005	-0.0335	1.0007	8.9557	2.4334	32.3127	0.0011	0.0011	0.0000	0.0010	0.0010	0.0000	0.0000	0.0000	0.0000	0.0732	0.0732	0.0000	0.0728	0.0728	0.0000	0.0003	0.0003	0.0000	0.0676	0.0583	0.0093	0.0149	0.0139	0.0010	0.0527	0.0445	0.0083	0.2922	0.2146	0.0776	0.1416	0.1279	0.0137	0.1505	0.0867	0.0639	0.0622	0.0530	0.0000	0.1373	0.1329	0.0000	0.0335	0.0243	0.0000	0.2505	0.3410	0.0003	0.5143	0.5695	0.0000	0.0023	0.0037	0.0003
43	105	0.2237	5	0	1	2	1	0	0	0	0	N	N	Y	N	N	N	N	N	N	N	N	N	0.0000	0.0000	0.0000	0.0000	0.0000	0.0000	0.0000	0.0000	0.0000	0.0000	0.0000	0.0000	0.0000	0.0000	0.0000	0.0000	0.0000	0.0000	0.0581	0.0779	0.0000	0.1150	0.1266	0.0000	0.0002	0.0003	0.0000	0.0000	0.0000	-0.0027	1.0007	4.2679	2.4334	7.8415	0.0000	0.0000	0.0000	0.0000	0.0000	0.0000	0.0000	0.0000	0.0000	0.0058	0.0058	0.0000	0.0058	0.0058	0.0000	0.0000	0.0000	0.0000	0.0320	0.0271	0.0049	0.0065	0.0061	0.0003	0.0255	0.0209	0.0046	0.0998	0.0743	0.0254	0.0503	0.0457	0.0046	0.0495	0.0286	0.0208	0.0000	0.0000	0.0000	0.0000	0.0000	0.0000	0.0000	0.0000	0.0000	0.0581	0.0779	0.0000	0.1150	0.1266	0.0000	0.0002	0.0003	0.0000	
43	106	0.1983	4	0	1	1	1	0	0	0	0	N	N	N	N	N	N	N	N	N	N	N	N	4.5799	4.0393	0.0000	8.5033	8.2328	0.0000	0.0797	0.0626	0.0000	0.0288	0.0327	0.0000	0.0756	0.0807	0.0000	0.0003	0.0003	0.0000	0.0063	0.0081	0.0012	0.0089	0.0098	0.0013	0.0034	0.0052	0.0011	0.0000	0.0506	-0.0003	-0.0003	1.0007	1.9301	2.4334	9.0954	0.0007	0.0007	0.0000	0.0007	0.0007	0.0000	0.0000	0.0000	0.0000	0.0007	0.0006	0.0000	0.0005	0.0005	0.0000	0.0002	0.0001	0.0000	0.0234	0.0206	0.0028	0.0089	0.0083	0.0006	0.0145	0.0123	0.0022	0.1038	0.0767	0.0270	0.0540	0.0483	0.0057	0.0497	0.0285	0.0213	4.5799	4.0393	0.0000	8.5033	8.2328	0.0000	0.0797	0.0626	0.0000	0.0063	0.0081	0.0012	0.0089	0.0098	0.0013	0.0034	0.0052	0.0011
43	107	0.1660	3	0	1	1	1	0	0	0	0	N	N	N	N	N	N	N	N	N	N	N	N	0.0000	0.0000	0.0000	0.0000	0.0000	0.0000	0.0000	0.0000	0.0000	0.0000	0.0000	0.0000	0.0000	0.0000	0.0000	0.0000	0.0000	0.0000	0.0054	0.0072	0.0009	0.0075	0.0079	0.0025	0.0036	0.0061	0.0006	0.0463	0.0000	-0.0002	1.0007	3.9049	2.4334	9.6098	0.0000	0.0000	0.0000	0.0000	0.0000	0.0000	0.0000	0.0000	0.0000	0.0006	0.0006	0.0000	0.0004	0.0004	0.0000	0.0002	0.0002	0.0000	0.0244	0.0207	0.0038	0.0020	0.0018	0.0001	0.0225	0.0189	0.0036	0.1112	0.0803	0.0309	0.0529	0.0483	0.0045	0.0583	0.0320	0.0263	0.0000	0.0000	0.0000	0.0000	0.0000	0.0000	0.0000	0.0000	0.0000	0.0054	0.0072	0.0009	0.0075	0.0079	0.0025	0.0036	0.0061	0.0006	
43	108	0.1871	5	0	2	1	1	0	0	0	0	N	Y	N	N	N	N	N	N	N	N	N	N	0.0000	0.0000	0.0000	0.0000	0.0000	0.0000	0.0000	0.0000	0.0000	0.0000	0.0000	0.0000	0.0000	0.0000	0.0000	0.0000	0.0000	0.0000	0.0096	0.0080	0.0140	0.0015	0.0012	0.0050	0.0162	0.0167	0.0154	0.6709	0.0000	-0.0001	1.0007	8.0392	2.4334	22.6195	0.0000	0.0000	0.0000	0.0000	0.0000	0.0000	0.0000	0.0000	0.0000	0.0022	0.0013	0.0009	0.0002	0.0001	0.0000	0.0021	0.0012	0.0009	0.0536	0.0456	0.0081	0.0060	0.0057	0.0003	0.0476	0.0399	0.0077	0.2327	0.1681	0.0646	0.1036	0.0948	0.0089	0.1290	0.0733	0.0557	0.0000	0.0000	0.0000	0.0000	0.0000	0.0000	0.0000	0.0000	0.0000	0.0096	0.0080	0.0140	0.0015	0.0012	0.0050	0.0162	0.0167	0.0154	
43	109	0.1871	4	0	1	1	1	0	0	0	0	N	N	N	N	N	N	N	N	N	N	N	N	0.0000	0.0000	0.0000	0.0000	0.0000	0.0000	0.0000	0.0000	0.0000	0.0000	0.0000	0.0000	0.0000	0.0000	0.0000	0.0000	0.0000	0.0000	0.0117	0.0117	0.0117	0.0138	0.0142	0.0063	0.0098	0.0079	0.0123	0.3241	0.0000	-0.0001	1.0007	0.2031	2.4334	2.0398	0.0000	0.0000	0.0000	0.0000	0.0000	0.0000	0.0000	0.0000	0.0000	0.0004	0.0003	0.0001	0.0002	0.0002	0.0000	0.0002	0.0001	0.0001	0.0037	0.0031	0.0006	0.0014	0.0013	0.0000	0.0023	0.0018	0.0006	0.0367	0.0277	0.0090	0.0176	0.0168	0.0008	0.0191	0.0109	0.0082	0.0000	0.0000	0.0000	0.0000	0.0000	0.0000	0.0000	0.0000	0.0000	0.0117	0.0117	0.0117	0.0138	0.0142	0.0063	0.0098	0.0079	0.0123	
43	110	0.7677	10	1	1	2	1	0	0	0	0	N	N	Y	N	N	N	N	N	N	N	N	N	0.0000	0.0000	0.0000	0.0000	0.0000	0.0000	0.0000	0.0000	0.0000	0.0000	0.0000	0.0000	0.0000	0.0000	0.0000	0.0038	0.0055	0.0000	0.0069	0.0071	0.0000	0.0004	0.0011	0.0000	0.0000	0.0000	-0.0000	1.0007	0.0001	2.4334	0.0001	0.0000	0.0000	0.0000	0.0000	0.0000	0.0000	0.0000	0.0000	0.0000	0.0000	0.0000	0.0000	0.0000	0.0000	0.0000	0.0000	0.0000	0.0000	0.0007	0.0005	0.0001	0.0003	0.0003	0.0000	0.0003	0.0002	0.0001	0.0000	0.0000	0.0000	0.0000	0.0000	0.0000	0.0000	0.0000	0.0000	0.0000	0.0000	0.0000	0.0000	0.0000	0.0000	0.0000	0.0000	0.0000	0.0038	0.0055	0.0000	0.0069	0.0071	0.0000	0.0004	0.0011	0.0000				
43	111	0.7538	9	1	1	2	1	0	0	0	0	N	N	Y	N	N	N	N	N	N	N	N	N	0.0159	0.0036	622.2444	0.0278	0.0071	4048.5845	0.0017	0.0007	2.8870	0.0007	0.0002	0.0041	0.0023	0.0006	0.0302	0.0000	0.0000	0.0000	0.0467	0.0639	0.0000	0.0834	0.0907	0.0000	0.0055	0.0105	0.0000	2.7591	0.0000	0.0000	-0.0008	1.0007	1.6718	2.4334	2.9223	0.0000	0.0000	0.0000	0.0000	0.0000	0.0000	0.0000	0.0000	0.0000	0.0018	0.0018	0.0000	0.0017	0.0017	0.0000	0.0001	0.0001	0.0000	0.0118	0.0103	0.0016	0.0038	0.0035	0.0002	0.0081	0.0067	0.0014	0.0381	0.0279	0.0103	0.0202	0.0185	0.0016	0.0180	0.0093	0.0086	0.0159	0.0036	622.2444	0.0278	0.0071	4048.5845	0.0017	0.0007	2.8870	0.0467	0.0639	0.0000	0.0834	0.0907	0.0000	0.0055	0.0105	0.0000
43	112	0.6703	8	1	1	2	1	0	0	0	0	N	N	Y	N	N	N	N	N	N	N	N	N	0.0668	0.0105	3.2405	0.1000	0.0183	7.8081	0.0001	0.0000	0.0003	0.0004	0.0001	0.0026	0.0012	0.0002	0.0149	0.0000	0.0000	0.0000	0.0060	0.0080	0.0008	0.0115	0.0124	0.0019	0.0004	0.0003	0.0006	4.4294	0.0394	0.0000	-0.0003	1.0007	14.0283	2.4334	7.1084	0.0000	0.0000	0.0000	0.0000	0.0000	0.0000	0.0000	0.0000	0.0000	0.0008	0.0008	0.0000	0.0008	0.0008	0.0000	0.0000	0.0000	0.0000	0.0912	0.0796	0.0116	0.0314	0.0294	0.0020	0.0597	0.0501	0.0096	0.1368	0.0976	0.0392	0.0679	0.0622	0.0058	0.0688	0.0354	0.0334	0.0668	0.0105	3.2405	0.1000	0.0183	7.8081	0.0001	0.0000	0.0003	0.0060	0.0080	0.0008	0.0115	0.0124	0.0019	0.0004	0.0003	0.0006
43	113	0.6100	7	0	1	1	1	0	0	0	0	N	N	N	N	N	N	N	N	N	N	N	N	0.1774	0.1749	0.0860	0.3708	0.3358	1.6308	0.0011	0.0022	0.0005	0.0007	0.0008	0.0002	0.0021	0.0022	0.0016	0.0000	0.0000	0.0000	0.0042	0.0046	0.0029	0.0058	0.0065	0.0010	0.0021	0.0012	0.0036	0.0411	0.2094	-0.0000	-0.0002	1.0007	8.6129	2.4334	5.1709	0.0001	0.0001	0.0000	0.0001	0.0001	0.0000	0.0000	0.0000	0.0000	0.0007	0.0006	0.0001	0.0005	0.0005	0.0000	0.0002	0.0000	0.0001	0.0757	0.0667	0.0090	0.0260	0.0247	0.0013	0.0497	0.0420	0.0076	0.1601	0.1198	0.0403	0.0889	0.0778	0.0111	0.0712	0.0420	0.0291	0.1774	0.1749	0.0860	0.3708	0.3358	1.6308	0.0011	0.0022	0.0005	0.0042	0.0046	0.0029	0.0058	0.0065	0.0010	0.0021	0.0012	0.0036
43	114	0.5149	6	0	1	1	1	0	0	0	0	N	N	N	N	N	N	N	N	N	N	N	N	2.6898	3.0539	0.0002	22.0043	22.0167	0.0133	0.0075	0.0074	0.0000	0.0970	0.1126	0.0000	0.3857	0.4169	0.0000	0.0004	0.0005	0.0000	0.0361	0.0369	0.0338	0.0175	0.0189	0.0034	0.0551	0.0658	0.0404	0.0000	0.3120	-0.0047	-0.0026	1.0007	16.8607	2.4334	22.7724	0.0107	0.0107	0.0000	0.0107	0.0107	0.0000	0.0000	0.0000	0.0000	0.0119	0.0091	0.0028	0.0029	0.0029	0.0001	0.0090	0.0062	0.0028	0.1108	0.0955	0.0153	0.0278	0.0257	0.0021	0.0830	0.0698	0.0132	0.3299	0.2461	0.0838	0.1671	0.1519	0.0151	0.1629	0.0942	0.0687	2.6898	3.0539	0.0002	22.0043	22.0167	0.0133	0.0075	0.0074	0.0000	0.0361	0.0369	0.0338	0.0175	0.0189	0.0034	0.0551	0.0658	0.0404
43	115	0.2462	5	1	1	2	1	0	0	0	0	N	N	Y	N	N	N	N	N	N	N	N	N	0.9201	0.7702	0.0000	2.3115	2.4454	0.0000	2.4822	12.3481	0.0000	0.0001	0.0002	0.0000	0.0007	0.0008	0.0000	0.0000	0.0000	0.0000	0.0002	0.0002	0.0000	0.0003	0.0003	0.0000	0.0000	0.0000	0.0000	0.0000	0.0030	-0.0000	-0.0000	1.0007	1.0009	2.4334	4.0038	0.0000	0.0000	0.0000	0.0000	0.0000	0.0000	0.0000	0.0000	0.0000	0.0000	0.0000	0.0000	0.0000	0.0000	0.0000	0.0000	0.0000	0.0000	0.0070	0.0059	0.0011	0.0014	0.0012	0.0002	0.0056	0.0047	0.0009	0.0627	0.0443	0.0185	0.0314	0.0291	0.0023	0.0313	0.0152	0.0161	0.9201	0.7702	0.0000	2.3115	2.4454	0.0000	2.4822	12.3481	0.0000	0.0002	0.0002	0.0000	0.0003	0.0003	0.0000	0.0000	0.0000	0.0000
43	116	0.2179	4	1	1	2	1	0	0	0	0	N	N	Y	N	N	N	N	N	N	N	N	N	0.2419	0.2108	0.0000	0.3581	0.3556	0.0000	0.0160	0.0631	0.0000	0.0616	0.0706	0.0000	0.1591	0.1714	0.0000	0.0010	0.0012	0.0000	0.2546	0.3351	0.0898	0.4441	0.4819	0.0278	0.0650	0.0197	0.0988	0.0000	0.1308	-0.0005	-0.0135	1.0007	1.8441	2.4334	10.4794	0.0010	0.0010	0.0000	0.0010	0.0010	0.0000	0.0000	0.0000	0.0000	0.0393	0.0347	0.0045	0.0343	0.0341	0.0002	0.0050	0.0006	0.0044	0.0170	0.0148	0.0022	0.0065	0.0060	0.0005	0.0105	0.0088	0.0017	0.1543	0.1037	0.0506	0.0772	0.0707	0.0064	0.0771	0.0329	0.0442	0.2419	0.2108	0.0000	0.3581	0.3556	0.0000	0.0160	0.0631	0.0000	0.2546	0.3351	0.0898	0.4441	0.4819	0.0278	0.0650	0.0197	0.0988
43	117	0.4022	4	0	2	1	2	0	0	0	0	N	Y	N	Y	N	N	N	N	N	N	N	N	0.1962	16.3738	0.0000	0.1518	1.2019	0.0000	0.1352	1118.9151	0.0000	0.2434	0.2791	0.0000	0.0275	0.0291	0.0000	0.3312	0.3933	0.0000	1.2404	0.0170	3.9308	0.1811	0.0242	1.6405	2.4503	0.0004	4.3855	0.0000	104.8434	-0.0091	0.3020	1.0007	10.5071	2.4334	20.2622	0.0207	0.0207	0.0000	0.0007	0.0007	0.0000	0.0201	0.0201	0.0000	0.5676	0.0054	0.5622	0.0442	0.0053	0.0389	0.5234	0.0000	0.5233	0.0852	0.0743	0.0109	0.0246	0.0233	0.0013	0.0606	0.0510	0.0096	0.4576	0.3146	0.1430	0.2440	0.2203	0.0237	0.2136	0.0943	0.1193	0.1962	16.3738	0.0000	0.1518	1.2019	0.0000	0.1352	1118.9151	0.0000	1.2404	0.0170	3.9308	0.1811	0.0242	1.6405	2.4503	0.0004	4.3855
43	118	0.1660	3	0	2	1	2	0	0	0	0	N	Y	N	Y	N	N	N	N	N	N	N	N	0.0000	0.0000	0.0000	0.0000	0.0000	0.0000	0.0000	0.0000	0.0000	0.0000	0.0000	0.0000	0.0000	0.0000	0.0000	0.0000	0.0000	0.0000	0.0146	0.0099	0.0272	0.0070	0.0076	0.0011	0.0214	0.0131	0.0320	1.0439	0.0000	0.0002	1.0007	4.0036	2.4334	26.5072	0.0000	0.0000	0.0000	0.0000	0.0000	0.0000	0.0000	0.0000	0.0000	0.0032	0.0016	0.0017	0.0007	0.0007	0.0000	0.0025	0.0009	0.0016	0.0250	0.0212	0.0038	0.0020	0.0019	0.0001	0.0230	0.0193	0.0037	0.2213	0.1606	0.0607	0.1037	0.0943	0.0094	0.1177	0.0663	0.0513	0.0000	0.0000	0.0000	0.0000	0.0000	0.0000	0.0000	0.0000	0.0000	0.0146	0.0099	0.0272	0.0070	0.0076	0.0011	0.0214	0.0131	0.0320	
43	119	0.2044	4	0	2	1	1	0	0	0	0	N	Y	N	N	N	N	N	N	N	N	N	N	0.0059	0.0100	0.0000	0.1855	0.2180	0.0000	0.0005	0.0007	0.0000	0.0001	0.0001	0.0000	0.0004	0.0004	0.0000	0.0000	0.0000	0.0000	0.0222	0.0150	0.0429	0.0019	0.0017	0.0041	0.0427	0.0358	0.0522	0.0000	0.9974	-0.0000	0.0002	1.0007	3.8169	2.4334	21.2433	0.0000	0.0000	0.0000	0.0000	0.0000	0.0000	0.0000	0.0000	0.0000	0.0044	0.0022	0.0022	0.0002	0.0002	0.0000	0.0042	0.0021	0.0022	0.0350	0.0307	0.0043	0.0114	0.0110	0.0004	0.0236	0.0197	0.0039	0.1994	0.1479	0.0515	0.1002	0.0903	0.0099	0.0992	0.0576	0.0416	0.0059	0.0100	0.0000	0.1855	0.2180	0.0000	0.0005	0.0007	0.0000	0.0222	0.0150	0.0429	0.0019	0.0017	0.0041	0.0427	0.0358	0.0522
43	120	0.5501	8	0	2	1	1	0	0	0	0	N	Y	N	N	N	N	N	N	N	N	N	N	0.0000	0.0000	0.0000	0.0000	0.0000	0.0009	0.0000	0.0000	0.0000	0.0000	0.0000	0.0000	0.0000	0.0000	0.0000	0.0000	0.0000	0.0000	1.8437	0.2309	6.9168	0.0350	0.0367	0.0177	3.8094	0.5714	8.3650	inf	9.7125	0.0000	0.3728	1.0007	16.3276	2.4334	34.9199	0.0000	0.0000	0.0000	0.0000	0.0000	0.0000	0.0000	0.0000	0.0000	0.8317	0.0776	0.7541	0.0082	0.0079	0.0004	0.8235	0.0698	0.7537	0.1179	0.1025	0.0155	0.0323	0.0304	0.0019	0.0856	0.0720	0.0136	0.4511	0.3363	0.1148	0.2349	0.2142	0.0208	0.2162	0.1221	0.0941	0.0000	0.0000	0.0000	0.0000	0.0000	0.0009	0.0000	0.0000	0.0000	1.8437	0.2309	6.5669	0.0350	0.0367	0.0177	3.8094	0.5714	8.0135
43	121	0.5327	7	0	2	1	1	0	0	0	0	N	Y	N	N	N	N	N	N	N	N	N	N	0.0000	0.0000	0.0000	0.0000	0.0000	0.0000	0.0000	0.0000	0.0000	0.0000	0.0000	0.0000	0.0000	0.0000	0.0000	0.0000	0.0000	0.0000	0.1065	0.0734	0.2071	0.0689	0.0739	0.0141	0.1492	0.0727	0.2484	0.0000	0.9275	-0.0000	0.0006	1.0007	6.1757	2.4334	14.5601	0.0000	0.0000	0.0000	0.0000	0.0000	0.0000	0.0000	0.0000	0.0000	0.0281	0.0146	0.0135	0.0097	0.0095	0.0002	0.0184	0.0051	0.0134	0.0478	0.0413	0.0065	0.0131	0.0124	0.0007	0.0347	0.0289	0.0059	0.2637	0.1984	0.0653	0.1403	0.1288	0.0115	0.1234	0.0697	0.0538	0.0000	0.0000	0.0000	0.0000	0.0000	0.0000	0.0000	0.0000	0.0000	0.1065	0.0734	0.2071	0.0689	0.0739	0.0141	0.1492	0.0727	0.2484
43	122	0.4797	6	0	1	1	1	0	0	0	0	N	N	N	N	N	N	N	N	N	N	N	N	0.0354	0.0470	0.0001	0.0001	0.0000	0.0046	0.0552	0.1905	0.0000	0.0024	0.0028	0.0000	0.0000	0.0000	0.0000	0.0035	0.0042	0.0000	0.0691	0.0599	0.0965	0.0743	0.0812	0.0092	0.0631	0.0219	0.1190	0.0003	0.5358	-0.0001	-0.0024	1.0007	7.5400	2.4334	21.4192	0.0001	0.0001	0.0000	0.0000	0.0000	0.0000	0.0001	0.0001	0.0000	0.0220	0.0143	0.0077	0.0126	0.0124	0.0002	0.0094	0.0019	0.0075	0.0614	0.0532	0.0081	0.0184	0.0173	0.0010	0.0430	0.0359	0.0071	0.3182	0.2388	0.0794	0.1693	0.1531	0.0163	0.1489	0.0857	0.0632	0.0354	0.0470	0.0001	0.0001	0.0000	0.0046	0.0552	0.1905	0.0000	0.0691	0.0599	0.0965	0.0743	0.0812	0.0092	0.0631	0.0219	0.1190
43	123	0.2399	5	0	2	1	1	0	0	0	0	N	Y	N	N	N	N	N	N	N	N	N	N	0.0087	0.0073	0.0000	0.0179	0.0175	0.0000	0.0000	0.0000	0.0000	0.0274	0.0321	0.0000	0.1612	0.1739	0.0000	0.0000	0.0000	0.0000	3.1503	4.4191	0.0156	9.0072	9.9265	0.0034	0.0101	0.0025	0.0190	0.0000	0.0014	-0.0003	-0.2665	1.0007	4.0019	2.4334	19.5615	0.0007	0.0007	0.0000	0.0007	0.0007	0.0000	0.0000	0.0000	0.0000	0.5832	0.5823	0.0008	0.5822	0.5822	0.0000	0.0009	0.0001	0.0008	0.0266	0.0228	0.0039	0.0045	0.0042	0.0003	0.0221	0.0186	0.0036	0.1851	0.1318	0.0533	0.0950	0.0832	0.0118	0.0901	0.0485	0.0416	0.0087	0.0073	0.0000	0.0263	0.0249	0.0000	0.0000	0.0000	0.0000	3.1503	4.4191	0.0156	6.1286	6.9954	0.0034	0.0101	0.0025	0.0190
43	124	0.2179	4	0	1	1	1	0	0	0	0	N	N	N	N	N	N	N	N	N	N	N	N	0.0047	2.0193	0.0000	0.1296	3.2905	0.0000	0.0002	0.3382	0.0000	0.0204	0.0232	0.0000	0.0429	0.0462	0.0000	0.0016	0.0019	0.0000	4.3779	0.0115	24.6864	0.3309	0.0140	3.9198	7.8959	0.0055	23.7577	0.0000	535.0186	-0.0001	0.2968	1.0007	1.2223	2.4334	8.2281	0.0003	0.0003	0.0000	0.0003	0.0003	0.0000	0.0000	0.0000	0.0000	0.5499	0.0010	0.5489	0.0226	0.0009	0.0217	0.5273	0.0001	0.5272	0.0129	0.0113	0.0016	0.0059	0.0055	0.0004	0.0070	0.0059	0.0011	0.1350	0.0892	0.0457	0.0682	0.0627	0.0055	0.0668	0.0266	0.0402	0.0050	2.0193	0.0000	0.1296	3.2905	0.0000	0.0002	0.3382	0.0000	4.0739	0.0115	12.0014	0.3309	0.0140	3.9198	7.8959	0.0055	13.1135
43	125	0.1660	3	0	1	1	1	0	0	0	0	N	N	N	N	N	N	N	N	N	N	N	N	0.0000	0.0000	0.0000	0.0000	0.0000	0.0000	0.0000	0.0000	0.0000	0.0000	0.0000	0.0000	0.0000	0.0000	0.0000	0.0000	0.0000	0.0000	0.2401	0.0190	0.8219	0.0199	0.0024	0.2013	0.4380	0.0434	0.9322	16.4326	0.0000	0.0168	1.0007	5.9920	2.4334	12.2976	0.0000	0.0000	0.0000	0.0000	0.0000	0.0000	0.0000	0.0000	0.0000	0.0346	0.0020	0.0326	0.0014	0.0002	0.0012	0.0332	0.0018	0.0314	0.0371	0.0314	0.0057	0.0029	0.0027	0.0002	0.0342	0.0287	0.0055	0.1442	0.1045	0.0397	0.0682	0.0623	0.0060	0.0759	0.0422	0.0337	0.0000	0.0000	0.0000	0.0000	0.0000	0.0000	0.0000	0.0000	0.0000	0.2401	0.0190	0.8219	0.0199	0.0024	0.2013	0.4380	0.0434	0.9322	
43	126	0.2031	5	0	2	1	1	0	0	0	0	N	Y	N	N	N	N	N	N	N	N	N	N	0.0049	0.0000	0.9928	0.0000	0.0000	0.0000	0.3935	0.0000	2.3200	0.0020	0.0000	0.0132	0.0000	0.0000	0.0000	0.0023	0.0000	0.0138	0.4002	0.5449	0.0133	0.8794	0.9536	0.0591	0.0059	0.0058	0.0059	inf	0.0091	0.0000	-0.0327	1.0007	5.0407	2.4334	17.1705	0.0001	0.0000	0.0001	0.0000	0.0000	0.0000	0.0001	0.0000	0.0001	0.0727	0.0721	0.0007	0.0722	0.0718	0.0004	0.0006	0.0003	0.0003	0.0354	0.0301	0.0053	0.0050	0.0048	0.0002	0.0304	0.0253	0.0051	0.1818	0.1323	0.0495	0.0821	0.0753	0.0068	0.0997	0.0570	0.0427	0.0049	0.0000	0.9928	0.0000	0.0000	0.0000	0.3935	0.0000	2.3200	0.4002	0.5449	0.0133	0.8794	0.9536	0.0591	0.0059	0.0058	0.0059
43	127	0.1871	4	0	2	1	1	0	0	0	0	N	Y	N	N	N	N	N	N	N	N	N	N	0.0006	0.0000	0.0078	0.0000	0.0000	0.0000	0.0014	0.0000	0.0081	0.0000	0.0000	0.0000	0.0000	0.0000	0.0000	0.0000	0.0000	0.0000	0.0095	0.0112	0.0048	0.0148	0.0156	0.0050	0.0050	0.0051	0.0048	inf	0.1535	0.0000	-0.0003	1.0007	1.9703	2.4334	6.2034	0.0000	0.0000	0.0000	0.0000	0.0000	0.0000	0.0000	0.0000	0.0000	0.0008	0.0007	0.0001	0.0006	0.0005	0.0000	0.0002	0.0001	0.0001	0.0153	0.0129	0.0023	0.0025	0.0024	0.0001	0.0128	0.0106	0.0023	0.0823	0.0606	0.0217	0.0379	0.0353	0.0027	0.0443	0.0254	0.0190	0.0006	0.0000	0.0078	0.0000	0.0000	0.0000	0.0014	0.0000	0.0081	0.0095	0.0112	0.0048	0.0148	0.0156	0.0050	0.0050	0.0051	0.0048
43	128	0.1660	3	0	1	1	1	0	0	0	0	N	N	N	N	N	N	N	N	N	N	N	N	0.0000	0.0000	0.0000	0.0000	0.0000	0.0000	0.0000	0.0000	0.0000	0.0000	0.0000	0.0000	0.0000	0.0000	0.0000	0.0000	0.0000	0.0000	0.0878	0.0928	0.0751	0.1386	0.1494	0.0183	0.0412	0.0035	0.0842	0.3192	0.0000	-0.0015	1.0007	1.1032	2.4334	7.8190	0.0000	0.0000	0.0000	0.0000	0.0000	0.0000	0.0000	0.0000	0.0000	0.0068	0.0052	0.0017	0.0052	0.0051	0.0001	0.0017	0.0001	0.0016	0.0071	0.0060	0.0011	0.0006	0.0006	0.0000	0.0065	0.0054	0.0011	0.0780	0.0559	0.0221	0.0373	0.0342	0.0031	0.0407	0.0217	0.0190	0.0000	0.0000	0.0000	0.0000	0.0000	0.0000	0.0000	0.0000	0.0000	0.0878	0.0928	0.0751	0.1386	0.1494	0.0183	0.0412	0.0035	0.0842	
43	129	0.5090	7	0	2	1	1	0	0	0	0	N	Y	N	N	N	N	N	N	N	N	N	N	0.0000	0.0000	0.0000	0.0000	0.0000	0.0000	0.0000	0.0000	0.0000	0.0000	0.0000	0.0000	0.0000	0.0000	0.0000	0.0000	0.0000	0.0007	0.0009	0.0000	0.0011	0.0012	0.0000	0.0001	0.0001	0.0000	0.0002	0.0000	-0.0000	1.0007	1.0033	2.4334	0.8635	0.0000	0.0000	0.0000	0.0000	0.0000	0.0000	0.0000	0.0000	0.0000	0.0000	0.0000	0.0000	0.0000	0.0000	0.0000	0.0000	0.0000	0.0000	0.0214	0.0194	0.0020	0.0118	0.0113	0.0006	0.0095	0.0081	0.0014	0.0711	0.0534	0.0177	0.0410	0.0368	0.0041	0.0301	0.0166	0.0135	0.0000	0.0000	0.0000	0.0000	0.0000	0.0000	0.0000	0.0000	0.0000	0.0007	0.0009	0.0000	0.0011	0.0012	0.0000	0.0001	0.0001	0.0000		
43	130	0.4797	6	0	1	1	1	0	0	0	0	N	N	N	N	N	N	N	N	N	N	N	N	0.9517	1.1941	0.0006	1.4142	1.3816	0.0164	0.7263	1.4365	0.0001	0.0058	0.0067	0.0000	0.0086	0.0091	0.0000	0.0045	0.0054	0.0000	0.0061	0.0056	0.0077	0.0061	0.0066	0.0016	0.0062	0.0037	0.0094	0.0001	0.4548	-0.0001	-0.0002	1.0007	5.5514	2.4334	9.9598	0.0003	0.0003	0.0000	0.0001	0.0001	0.0000	0.0001	0.0001	0.0000	0.0014	0.0010	0.0004	0.0008	0.0008	0.0000	0.0007	0.0002	0.0004	0.0496	0.0431	0.0064	0.0162	0.0153	0.0009	0.0334	0.0278	0.0056	0.2335	0.1752	0.0583	0.1281	0.1153	0.0128	0.1054	0.0600	0.0455	0.9517	1.1941	0.0006	1.4142	1.3816	0.0164	0.7263	1.4365	0.0001	0.0061	0.0056	0.0077	0.0061	0.0066	0.0016	0.0062	0.0037	0.0094
43	131	0.4494	5	0	1	1	1	0	0	0	0	N	N	N	N	N	N	N	N	N	N	N	N	2.9661	3.3266	0.0000	0.0882	0.0859	0.0004	4.2475	5.8756	0.0000	0.2850	0.3280	0.0000	0.0089	0.0094	0.0000	0.3833	0.4556	0.0000	0.0961	0.0986	0.0888	0.1011	0.1098	0.0212	0.0902	0.0775	0.1060	0.0000	0.3149	-0.0091	-0.0058	1.0007	9.1969	2.4334	13.4651	0.0206	0.0206	0.0000	0.0002	0.0002	0.0000	0.0205	0.0205	0.0000	0.0264	0.0200	0.0063	0.0149	0.0146	0.0003	0.0115	0.0055	0.0060	0.0724	0.0629	0.0095	0.0190	0.0180	0.0010	0.0534	0.0449	0.0085	0.2743	0.2033	0.0711	0.1473	0.1330	0.0144	0.1270	0.0703	0.0567	2.9661	3.3266	0.0000	0.0882	0.0859	0.0004	4.2475	5.8756	0.0000	0.0961	0.0986	0.0888	0.1011	0.1098	0.0212	0.0902	0.0775	0.1060
43	132	0.2629	7	1	2	1	2	0	0	0	0	N	Y	N	Y	N	N	N	N	N	N	N	N	0.0000	0.0000	0.0000	0.0000	0.0000	0.0000	0.0000	0.0000	0.0000	0.0000	0.0000	0.0000	0.0000	0.0018	0.0024	0.0000	0.0036	0.0040	0.0000	0.0000	0.0000	0.0000	0.0000	0.0000	-0.0000	1.0007	1.0000	2.4334	3.0001	0.0000	0.0000	0.0000	0.0000	0.0000	0.0000	0.0000	0.0000	0.0000	0.0001	0.0001	0.0000	0.0001	0.0001	0.0000	0.0000	0.0000	0.0000	0.0066	0.0056	0.0010	0.0010	0.0009	0.0001	0.0057	0.0047	0.0009	0.0319	0.0238	0.0080	0.0160	0.0146	0.0015	0.0158	0.0093	0.0066	0.0000	0.0000	0.0000	0.0000	0.0000	0.0000	0.0000	0.0000	0.0000	0.0018	0.0024	0.0000	0.0036	0.0040	0.0000	0.0000	0.0000	0.0000						
43	133	0.6618	11	1	2	1	2	0	0	0	0	N	Y	N	Y	N	N	N	N	N	N	N	N	0.0000	0.0000	0.0000	0.0000	0.0000	0.0000	0.0000	0.0000	0.0000	0.0000	0.0000	0.0000	0.0000	0.0000	0.0000	0.0000	0.0000	0.0051	0.0000	0.0216	0.0079	0.0000	0.1051	0.0023	0.0000	0.0057	9361.4362	0.0000	0.0000	1.0007	0.0006	2.4334	1.9797	0.0000	0.0000	0.0000	0.0000	0.0000	0.0000	0.0000	0.0000	0.0000	0.0001	0.0000	0.0001	0.0001	0.0000	0.0001	0.0000	0.0000	0.0000	0.0000	0.0000	0.0000	0.0000	0.0000	0.0000	0.0000	0.0000	0.0000	0.0172	0.0131	0.0041	0.0087	0.0080	0.0007	0.0085	0.0051	0.0034	0.0000	0.0000	0.0000	0.0000	0.0000	0.0000	0.0000	0.0000	0.0000	0.0051	0.0000	0.0216	0.0079	0.0000	0.1051	0.0023	0.0000	0.0057		
43	134	0.6451	10	1	2	1	2	0	0	0	0	N	Y	N	Y	N	N	N	N	N	N	N	N	0.0000	0.0000	0.0000	0.0000	0.0000	0.0000	0.0000	0.0000	0.0000	0.0000	0.0000	0.0000	0.0000	0.0000	0.0000	0.0000	0.0000	0.0000	0.0002	0.0002	0.0001	0.0004	0.0003	0.0006	0.0000	0.0000	0.0000	0.2059	0.0000	-0.0000	1.0007	2.0077	2.4334	6.0321	0.0000	0.0000	0.0000	0.0000	0.0000	0.0000	0.0000	0.0000	0.0000	0.0000	0.0000	0.0000	0.0000	0.0000	0.0000	0.0000	0.0000	0.0000	0.0128	0.0110	0.0018	0.0035	0.0032	0.0003	0.0094	0.0078	0.0015	0.0650	0.0494	0.0156	0.0326	0.0300	0.0026	0.0324	0.0194	0.0130	0.0000	0.0000	0.0000	0.0000	0.0000	0.0000	0.0000	0.0000	0.0000	0.0002	0.0002	0.0001	0.0004	0.0003	0.0006	0.0000	0.0000	0.0000	
43	135	0.6403	10	0	2	1	2	0	0	0	0	N	Y	N	Y	N	N	N	N	N	N	N	N	0.0000	0.0000	0.0000	0.0000	0.0000	0.0000	0.0000	0.0000	0.0000	0.0000	0.0000	0.0000	0.0000	0.0000	0.0000	0.0000	0.0000	0.0000	0.0097	0.0129	0.0001	0.0196	0.0212	0.0004	0.0000	0.0000	0.0001	0.0033	0.0000	-0.0005	1.0007	3.0348	2.4334	9.3583	0.0000	0.0000	0.0000	0.0000	0.0000	0.0000	0.0000	0.0000	0.0000	0.0010	0.0010	0.0000	0.0010	0.0010	0.0000	0.0000	0.0000	0.0000	0.0199	0.0170	0.0029	0.0051	0.0047	0.0004	0.0148	0.0123	0.0025	0.1073	0.0808	0.0265	0.0530	0.0490	0.0041	0.0543	0.0318	0.0225	0.0000	0.0000	0.0000	0.0000	0.0000	0.0000	0.0000	0.0000	0.0000	0.0097	0.0129	0.0001	0.0196	0.0212	0.0004	0.0000	0.0000	0.0001	
43	136	0.6260	9	0	1	1	2	0	0	0	0	N	N	N	Y	N	N	N	N	N	N	N	N	0.0000	0.0000	0.0000	0.0000	0.0000	0.0000	0.0000	0.0000	0.0000	0.0000	0.0000	0.0000	0.0000	0.0000	0.0000	0.0000	0.0000	0.0000	0.0143	0.0184	0.0019	0.0269	0.0290	0.0035	0.0019	0.0021	0.0015	0.0327	0.0000	-0.0003	1.0007	0.0433	2.4334	6.6805	0.0000	0.0000	0.0000	0.0000	0.0000	0.0000	0.0000	0.0000	0.0000	0.0008	0.0008	0.0000	0.0007	0.0007	0.0000	0.0001	0.0000	0.0000	0.0003	0.0003	0.0001	0.0001	0.0001	0.0000	0.0002	0.0002	0.0000	0.0559	0.0423	0.0136	0.0278	0.0255	0.0023	0.0280	0.0167	0.0113	0.0000	0.0000	0.0000	0.0000	0.0000	0.0000	0.0000	0.0000	0.0000	0.0143	0.0184	0.0019	0.0269	0.0290	0.0035	0.0019	0.0021	0.0015	
43	137	0.2925	9	0	2	1	2	0	0	0	0	N	Y	N	Y	N	N	N	N	N	N	N	N	0.0000	0.0000	0.0000	0.0000	0.0000	0.0000	0.0000	0.0000	0.0000	0.0000	0.0000	0.0000	0.0000	0.0000	0.0000	0.0000	0.0000	0.0000	0.0000	0.0000	1.0007	0.0000	2.4334	0.0000	0.0000	0.0000	0.0000	0.0000	0.0000	0.0000	0.0000	0.0000	0.0000	0.0000	0.0000	0.0000	0.0000	0.0000	0.0000	0.0000	0.0000	0.0000	0.0000	0.0000	0.0000	0.0000	0.0000	0.0000	0.0000	0.0000	0.0000	0.0000	0.0000	0.0000	0.0000	0.0000	0.0000	0.0000	0.0000	0.0000	0.0000	0.0000	0.0000	0.0000	0.0000	0.0000	0.0000	0.0000	0.0000	0.0000	0.0000	0.0000	0.0000	0.0000	0.0000	0.0000	0.0000	0.0000											
43	138	0.2874	8	0	2	1	2	0	0	0	0	N	Y	N	Y	N	N	N	N	N	N	N	N	0.0000	0.0000	0.0000	0.0000	0.0000	0.0000	0.0000	0.0000	0.0000	0.0000	0.0000	0.0000	0.0000	0.0000	0.0000	0.0000	0.0000	0.0000	0.0000	0.0000	0.0000	0.0000	0.0000	0.0000	-0.0000	1.0007	0.0021	2.4334	2.0000	0.0000	0.0000	0.0000	0.0000	0.0000	0.0000	0.0000	0.0000	0.0000	0.0000	0.0000	0.0000	0.0000	0.0000	0.0000	0.0000	0.0000	0.0000	0.0000	0.0000	0.0000	0.0000	0.0000	0.0000	0.0000	0.0000	0.0000	0.0155	0.0114	0.0042	0.0075	0.0067	0.0008	0.0081	0.0047	0.0034	0.0000	0.0000	0.0000	0.0000	0.0000	0.0000	0.0000	0.0000	0.0000	0.0000	0.0000	0.0000	0.0000	0.0000	0.0000	0.0000	0.0000	0.0000						
43	139	0.2772	7	0	1	1	2	0	0	0	0	N	N	N	Y	N	N	N	N	N	N	N	N	0.0000	0.0000	0.0000	0.0000	0.0000	0.0000	0.0000	0.0000	0.0000	0.0000	0.0000	0.0000	0.0000	0.0000	0.0000	0.0000	0.0000	0.0230	0.0314	0.0000	0.0474	0.0531	0.0000	0.0000	0.0000	0.0000	0.0000	0.0000	-0.0003	1.0007	1.0020	2.4334	3.0181	0.0000	0.0000	0.0000	0.0000	0.0000	0.0000	0.0000	0.0000	0.0000	0.0007	0.0007	0.0000	0.0007	0.0007	0.0000	0.0000	0.0000	0.0000	0.0066	0.0057	0.0010	0.0010	0.0009	0.0001	0.0057	0.0047	0.0009	0.0313	0.0229	0.0084	0.0152	0.0136	0.0016	0.0161	0.0093	0.0068	0.0000	0.0000	0.0000	0.0000	0.0000	0.0000	0.0000	0.0000	0.0000	0.0230	0.0314	0.0000	0.0474	0.0531	0.0000	0.0000	0.0000	0.0000		
43	140	0.2629	7	0	2	1	1	0	0	0	0	N	Y	N	N	N	N	N	N	N	N	N	N	0.0000	0.0000	0.0000	0.0000	0.0000	0.0000	0.0000	0.0000	0.0000	0.0000	0.0000	0.0000	0.0000	0.0018	0.0024	0.0000	0.0036	0.0040	0.0000	0.0000	0.0000	0.0000	0.0000	0.0000	-0.0000	1.0007	0.0000	2.4334	4.0001	0.0000	0.0000	0.0000	0.0000	0.0000	0.0000	0.0000	0.0000	0.0000	0.0001	0.0001	0.0000	0.0001	0.0001	0.0000	0.0000	0.0000	0.0000	0.0000	0.0000	0.0000	0.0000	0.0000	0.0000	0.0000	0.0000	0.0000	0.0319	0.0238	0.0080	0.0160	0.0146	0.0015	0.0158	0.0093	0.0066	0.0000	0.0000	0.0000	0.0000	0.0000	0.0000	0.0000	0.0000	0.0000	0.0018	0.0024	0.0000	0.0036	0.0040	0.0000	0.0000	0.0000	0.0000						
43	141	0.6405	9	0	2	1	1	0	0	0	0	N	Y	N	N	N	N	N	N	N	N	N	N	0.0000	0.0000	0.0000	0.0000	0.0000	0.0000	0.0000	0.0000	0.0000	0.0000	0.0000	0.0000	0.0000	0.0000	0.0000	0.0000	0.0000	0.0000	0.0351	0.0002	0.1458	0.0003	0.0003	0.0000	0.0703	0.0000	0.1750	259.6894	0.0000	0.0009	1.0007	1.0003	2.4334	5.0186	0.0000	0.0000	0.0000	0.0000	0.0000	0.0000	0.0000	0.0000	0.0000	0.0017	0.0000	0.0017	0.0000	0.0000	0.0000	0.0017	0.0000	0.0017	0.0064	0.0055	0.0009	0.0017	0.0016	0.0001	0.0047	0.0039	0.0008	0.0495	0.0376	0.0119	0.0248	0.0228	0.0020	0.0246	0.0147	0.0099	0.0000	0.0000	0.0000	0.0000	0.0000	0.0000	0.0000	0.0000	0.0000	0.0351	0.0002	0.1458	0.0003	0.0003	0.0000	0.0703	0.0000	0.1750	
43	142	0.2772	7	0	1	2	2	0	0	0	0	N	N	Y	Y	N	N	N	N	N	N	N	N	0.0000	0.0000	0.0000	0.0000	0.0000	0.0000	0.0000	0.0000	0.0000	0.0000	0.0000	0.0000	0.0000	0.0000	0.0000	0.0000	0.0000	0.0002	0.0002	0.0000	0.0003	0.0004	0.0000	0.0000	0.0000	0.0000	0.0471	0.0000	-0.0000	1.0007	0.0001	2.4334	9.0026	0.0000	0.0000	0.0000	0.0000	0.0000	0.0000	0.0000	0.0000	0.0000	0.0000	0.0000	0.0000	0.0000	0.0000	0.0000	0.0000	0.0000	0.0000	0.0000	0.0000	0.0000	0.0000	0.0000	0.0000	0.0000	0.0000	0.0000	0.0684	0.0499	0.0184	0.0331	0.0295	0.0036	0.0353	0.0204	0.0149	0.0000	0.0000	0.0000	0.0000	0.0000	0.0000	0.0000	0.0000	0.0000	0.0002	0.0002	0.0000	0.0003	0.0004	0.0000	0.0000	0.0000	0.0000		
43	143	0.6260	9	0	1	2	2	0	0	0	0	N	N	Y	Y	N	N	N	N	N	N	N	N	0.0000	0.0000	0.0000	0.0000	0.0000	0.0000	0.0000	0.0000	0.0000	0.0000	0.0000	0.0000	0.0000	0.0000	0.0000	0.0000	0.0000	0.0000	9.7389	13.7149	0.0000	0.5178	0.5645	0.0000	13.6471	22.8998	0.0000	0.0000	0.0000	-0.2664	1.0007	2.0061	2.4334	8.0425	0.0000	0.0000	0.0000	0.0000	0.0000	0.0000	0.0000	0.0000	0.0000	0.5813	0.5813	0.0000	0.0211	0.0211	0.0000	0.5602	0.5602	0.0000	0.0127	0.0109	0.0018	0.0031	0.0029	0.0003	0.0096	0.0080	0.0016	0.0817	0.0618	0.0200	0.0407	0.0373	0.0034	0.0411	0.0245	0.0166	0.0000	0.0000	0.0000	0.0000	0.0000	0.0000	0.0000	0.0000	0.0000	7.1137	9.4116	0.0000	0.5178	0.5645	0.0000	13.6471	22.8998	0.0000	
43	144	0.6169	8	0	1	1	2	0	0	0	0	N	N	N	Y	N	N	N	N	N	N	N	N	0.0000	0.0000	0.0000	0.0000	0.0000	0.0000	0.0000	0.0000	0.0000	0.0000	0.0000	0.0000	0.0000	0.0000	0.0000	0.0000	0.0000	0.0000	0.0005	0.0006	0.0002	0.0004	0.0004	0.0010	0.0005	0.0009	0.0000	0.0834	0.0000	-0.0000	1.0007	1.9550	2.4334	2.1189	0.0000	0.0000	0.0000	0.0000	0.0000	0.0000	0.0000	0.0000	0.0000	0.0000	0.0000	0.0000	0.0000	0.0000	0.0000	0.0000	0.0000	0.0000	0.0134	0.0114	0.0020	0.0041	0.0037	0.0004	0.0093	0.0078	0.0016	0.0431	0.0331	0.0100	0.0214	0.0200	0.0014	0.0217	0.0131	0.0086	0.0000	0.0000	0.0000	0.0000	0.0000	0.0000	0.0000	0.0000	0.0000	0.0005	0.0006	0.0002	0.0004	0.0004	0.0010	0.0005	0.0009	0.0000	
43	145	0.6169	8	0	1	2	2	0	0	0	0	N	N	Y	Y	N	N	N	N	N	N	N	N	0.0000	0.0000	0.0000	0.0000	0.0000	0.0000	0.0000	0.0000	0.0000	0.0000	0.0000	0.0000	0.0000	0.0000	0.0000	0.0000	0.0000	0.0000	0.0099	0.0130	0.0000	0.0024	0.0026	0.0002	0.0171	0.0288	0.0000	0.0009	0.0000	-0.0008	1.0007	2.1261	2.4334	18.6477	0.0000	0.0000	0.0000	0.0000	0.0000	0.0000	0.0000	0.0000	0.0000	0.0016	0.0016	0.0000	0.0002	0.0002	0.0000	0.0014	0.0014	0.0000	0.0145	0.0124	0.0021	0.0044	0.0039	0.0004	0.0101	0.0084	0.0017	0.1670	0.1263	0.0408	0.0825	0.0760	0.0065	0.0846	0.0503	0.0343	0.0000	0.0000	0.0000	0.0000	0.0000	0.0000	0.0000	0.0000	0.0000	0.0099	0.0130	0.0000	0.0024	0.0026	0.0002	0.0171	0.0288	0.0000	
43	146	0.2772	7	0	1	2	2	0	0	0	0	N	N	Y	Y	N	N	N	N	N	N	N	N	0.0000	0.0000	0.0000	0.0000	0.0000	0.0000	0.0000	0.0000	0.0000	0.0000	0.0000	0.0000	0.0000	0.0000	0.0000	0.0000	0.0000	0.0000	0.0000	0.0000	0.0000	0.0000	0.0000	0.0000	0.0000	0.0000	0.7000	0.0000	-0.0000	1.0007	2.0001	2.4334	5.9880	0.0000	0.0000	0.0000	0.0000	0.0000	0.0000	0.0000	0.0000	0.0000	0.0000	0.0000	0.0000	0.0000	0.0000	0.0000	0.0000	0.0000	0.0000	0.0132	0.0112	0.0020	0.0020	0.0018	0.0001	0.0112	0.0094	0.0018	0.0610	0.0445	0.0164	0.0295	0.0263	0.0032	0.0314	0.0182	0.0132	0.0000	0.0000	0.0000	0.0000	0.0000	0.0000	0.0000	0.0000	0.0000	0.0000	0.0000	0.0000	0.0000	0.0000	0.0000	0.0000	0.0000	0.0000		
43	147	0.2772	7	0	1	2	2	0	0	0	0	N	N	Y	Y	N	N	N	N	N	N	N	N	0.0000	0.0000	0.0000	0.0000	0.0000	0.0000	0.0000	0.0000	0.0000	0.0000	0.0000	0.0000	0.0000	0.0000	0.0000	0.0000	0.0000	0.0000	2.6700	0.0012	16.4693	0.2041	0.0014	1.8630	4.9173	0.0009	17.5464	3047.8991	0.0000	0.3148	1.0007	9.0001	2.4334	23.0169	0.0000	0.0000	0.0000	0.0000	0.0000	0.0000	0.0000	0.0000	0.0000	0.5815	0.0002	0.5813	0.0212	0.0001	0.0211	0.5603	0.0001	0.5602	0.0575	0.0490	0.0085	0.0084	0.0079	0.0005	0.0491	0.0411	0.0079	0.2178	0.1579	0.0598	0.1038	0.0925	0.0113	0.1139	0.0654	0.0485	0.0000	0.0000	0.0000	0.0000	0.0000	0.0000	0.0000	0.0000	0.0000	2.6700	0.0012	9.7136	0.2041	0.0014	1.8630	4.9173	0.0009	11.5418	
43	148	0.2519	6	0	1	1	2	0	0	0	0	N	N	N	Y	N	N	N	N	N	N	N	N	0.0000	0.0000	0.0000	0.0000	0.0000	0.0000	0.0000	0.0000	0.0000	0.0000	0.0000	0.0000	0.0000	0.0000	0.0000	0.0000	0.0000	0.0000	0.8766	1.1698	0.0024	1.7019	1.8674	0.0002	0.0080	0.0118	0.0029	0.0007	0.0000	-0.0328	1.0007	1.9990	2.4334	7.9526	0.0000	0.0000	0.0000	0.0000	0.0000	0.0000	0.0000	0.0000	0.0000	0.0718	0.0717	0.0001	0.0714	0.0714	0.0000	0.0003	0.0003	0.0000	0.0133	0.0113	0.0020	0.0019	0.0018	0.0001	0.0113	0.0094	0.0019	0.0819	0.0613	0.0206	0.0420	0.0383	0.0037	0.0399	0.0230	0.0168	0.0000	0.0000	0.0000	0.0000	0.0000	0.0000	0.0000	0.0000	0.0000	0.8766	1.1698	0.0024	1.7019	1.8674	0.0002	0.0080	0.0118	0.0029	
43	149	0.2200	5	1	2	1	1	0	0	0	0	N	Y	N	N	N	N	N	N	N	N	N	N	0.0000	0.0000	0.0000	0.0000	0.0000	0.0000	0.0000	0.0000	0.0000	0.0000	0.0000	0.0000	0.0000	0.0000	0.0000	0.0000	0.0000	0.0000	0.2602	0.3528	0.0030	0.5031	0.5671	0.0026	0.0031	0.0032	0.0031	0.0030	0.0000	-0.0218	1.0007	5.3497	2.4334	17.2225	0.0000	0.0000	0.0000	0.0000	0.0000	0.0000	0.0000	0.0000	0.0000	0.0480	0.0478	0.0001	0.0477	0.0477	0.0000	0.0003	0.0002	0.0001	0.0404	0.0344	0.0060	0.0075	0.0072	0.0003	0.0329	0.0272	0.0057	0.1844	0.1356	0.0488	0.0948	0.0841	0.0108	0.0896	0.0515	0.0380	0.0000	0.0000	0.0000	0.0000	0.0000	0.0000	0.0000	0.0000	0.0000	0.2602	0.3528	0.0030	0.5031	0.5671	0.0026	0.0031	0.0032	0.0031	
43	150	0.2508	6	0	2	1	1	0	0	0	0	N	Y	N	N	N	N	N	N	N	N	N	N	0.0000	0.0000	0.0000	0.0000	0.0000	0.0000	0.0000	0.0000	0.0000	0.0000	0.0000	0.0000	0.0000	0.0000	0.0000	0.0000	0.0000	0.0000	6.8409	8.8130	1.4059	0.7499	0.0288	6.7679	10.7604	19.1771	0.0084	inf	0.0722	0.0000	-0.4190	1.0007	3.6794	2.4334	17.4287	0.0000	0.0000	0.0000	0.0000	0.0000	0.0000	0.0000	0.0000	0.0000	1.0714	0.9993	0.0721	0.0743	0.0025	0.0718	0.9971	0.9967	0.0003	0.0376	0.0327	0.0049	0.0111	0.0107	0.0004	0.0265	0.0220	0.0045	0.1918	0.1405	0.0513	0.0991	0.0885	0.0106	0.0927	0.0520	0.0407	0.0000	0.0000	0.0000	0.0000	0.0000	0.0000	0.0000	0.0000	0.0000	5.5871	7.1139	1.4059	0.7499	0.0288	6.7679	10.7604	19.1771	0.0084
43	151	0.2200	5	0	2	1	1	0	0	0	0	N	Y	N	N	N	N	N	N	N	N	N	N	0.0000	0.0000	0.0000	0.0002	0.0002	0.0000	0.0000	0.0000	0.0000	0.0000	0.0000	0.0000	0.0000	0.0000	0.0000	0.0000	0.0000	0.0000	0.0306	0.0367	0.0136	0.0123	0.0118	0.0156	0.0516	0.0806	0.0129	0.0000	0.1342	-0.0000	-0.0013	1.0007	3.4464	2.4334	10.1316	0.0000	0.0000	0.0000	0.0000	0.0000	0.0000	0.0000	0.0000	0.0000	0.0038	0.0034	0.0005	0.0008	0.0007	0.0001	0.0030	0.0027	0.0003	0.0283	0.0241	0.0042	0.0060	0.0058	0.0002	0.0223	0.0183	0.0040	0.1245	0.0914	0.0331	0.0666	0.0583	0.0084	0.0578	0.0331	0.0248	0.0000	0.0000	0.0000	0.0002	0.0002	0.0000	0.0000	0.0000	0.0000	0.0306	0.0367	0.0136	0.0123	0.0118	0.0156	0.0516	0.0806	0.0129
43	152	0.6473	11	1	2	1	1	0	0	0	0	N	Y	N	N	N	N	N	N	N	N	N	N	0.0000	0.0000	0.0000	0.0000	0.0000	0.0000	0.0000	0.0000	0.0000	0.0000	0.0000	0.0000	0.0000	0.0000	0.0000	0.0000	0.0000	0.0074	0.0092	0.0016	0.0148	0.0152	0.0096	0.0000	0.0000	0.0000	0.0557	0.0000	-0.0003	1.0007	1.0143	2.4334	12.0086	0.0000	0.0000	0.0000	0.0000	0.0000	0.0000	0.0000	0.0000	0.0000	0.0008	0.0007	0.0000	0.0008	0.0007	0.0000	0.0000	0.0000	0.0000	0.0066	0.0057	0.0009	0.0018	0.0017	0.0001	0.0048	0.0040	0.0008	0.1026	0.0778	0.0248	0.0514	0.0472	0.0042	0.0512	0.0306	0.0206	0.0000	0.0000	0.0000	0.0000	0.0000	0.0000	0.0000	0.0000	0.0000	0.0074	0.0092	0.0016	0.0148	0.0152	0.0096	0.0000	0.0000	0.0000		
43	153	0.6451	10	1	2	1	1	0	0	0	0	N	Y	N	N	N	N	N	N	N	N	N	N	0.0000	0.0000	0.0000	0.0000	0.0000	0.0000	0.0000	0.0000	0.0000	0.0000	0.0000	0.0000	0.0000	0.0000	0.0000	0.0000	0.0000	0.0001	0.0002	0.0000	0.0002	0.0003	0.0000	0.0000	0.0000	0.0000	0.0882	0.0000	-0.0000	1.0007	0.9811	2.4334	0.0216	0.0000	0.0000	0.0000	0.0000	0.0000	0.0000	0.0000	0.0000	0.0000	0.0000	0.0000	0.0000	0.0000	0.0000	0.0000	0.0000	0.0000	0.0000	0.0063	0.0054	0.0009	0.0017	0.0016	0.0001	0.0046	0.0039	0.0008	0.0085	0.0064	0.0020	0.0042	0.0039	0.0003	0.0042	0.0025	0.0017	0.0000	0.0000	0.0000	0.0000	0.0000	0.0000	0.0000	0.0000	0.0000	0.0001	0.0002	0.0000	0.0002	0.0003	0.0000	0.0000	0.0000	0.0000		
43	154	0.6405	9	1	2	1	1	0	0	0	0	N	Y	N	N	N	N	N	N	N	N	N	N	0.0000	0.0000	0.0000	0.0000	0.0000	0.0000	0.0000	0.0000	0.0000	0.0000	0.0000	0.0000	0.0000	0.0000	0.0000	0.0000	0.0000	0.0000	0.0009	0.0011	0.0000	0.0017	0.0018	0.0000	0.0000	0.0000	0.0000	0.0066	0.0000	-0.0000	1.0007	0.0083	2.4334	2.0001	0.0000	0.0000	0.0000	0.0000	0.0000	0.0000	0.0000	0.0000	0.0000	0.0000	0.0000	0.0000	0.0000	0.0000	0.0000	0.0000	0.0000	0.0000	0.0001	0.0001	0.0000	0.0000	0.0000	0.0000	0.0000	0.0000	0.0000	0.0171	0.0130	0.0041	0.0086	0.0079	0.0007	0.0085	0.0051	0.0034	0.0000	0.0000	0.0000	0.0000	0.0000	0.0000	0.0000	0.0000	0.0000	0.0009	0.0011	0.0000	0.0017	0.0018	0.0000	0.0000	0.0000	0.0000	
43	155	0.6169	8	0	2	1	1	0	0	0	0	N	Y	N	N	N	N	N	N	N	N	N	N	0.0000	0.0000	0.0000	0.0000	0.0000	0.0000	0.0000	0.0000	0.0000	0.0000	0.0000	0.0000	0.0000	0.0000	0.0000	0.0000	0.0000	0.0000	0.0077	0.0099	0.0008	0.0152	0.0162	0.0027	0.0003	0.0002	0.0004	0.0247	0.0000	-0.0003	1.0007	2.9180	2.4334	7.4065	0.0000	0.0000	0.0000	0.0000	0.0000	0.0000	0.0000	0.0000	0.0000	0.0007	0.0007	0.0000	0.0007	0.0007	0.0000	0.0000	0.0000	0.0000	0.0194	0.0166	0.0028	0.0057	0.0051	0.0005	0.0138	0.0115	0.0023	0.0920	0.0700	0.0220	0.0456	0.0422	0.0034	0.0465	0.0278	0.0186	0.0000	0.0000	0.0000	0.0000	0.0000	0.0000	0.0000	0.0000	0.0000	0.0077	0.0099	0.0008	0.0152	0.0162	0.0027	0.0003	0.0002	0.0004	
43	156	0.5510	7	0	1	1	1	0	0	0	0	N	N	N	N	N	N	N	N	N	N	N	N	23.6114	21.1150	0.0182	30.7667	30.5117	0.0897	0.0012	0.0011	0.0029	0.0973	0.1105	0.0000	0.2369	0.2538	0.0001	0.0000	0.0000	0.0000	0.0041	0.0052	0.0008	0.0077	0.0083	0.0006	0.0005	0.0003	0.0008	0.0000	0.0475	-0.0035	-0.0004	1.0007	8.2479	2.4334	19.7214	0.0079	0.0079	0.0000	0.0079	0.0079	0.0000	0.0000	0.0000	0.0000	0.0010	0.0010	0.0000	0.0010	0.0010	0.0000	0.0001	0.0000	0.0000	0.0814	0.0717	0.0097	0.0334	0.0312	0.0022	0.0480	0.0405	0.0075	0.2462	0.1850	0.0612	0.1242	0.1143	0.0100	0.1220	0.0708	0.0512	23.6114	21.1150	0.0182	30.7667	30.5117	0.0897	0.0012	0.0011	0.0029	0.0041	0.0052	0.0008	0.0077	0.0083	0.0006	0.0005	0.0003	0.0008
43	157	0.5149	6	0	1	1	1	0	0	0	0	N	N	N	N	N	N	N	N	N	N	N	N	18.8802	17.5080	0.2962	28.0917	27.6649	0.2634	18.1284	16.1916	0.2900	0.3106	0.3593	0.0013	0.6476	0.6986	0.0004	0.1698	0.2025	0.0015	0.0164	0.0205	0.0044	0.0231	0.0253	0.0014	0.0094	0.0125	0.0051	0.0006	0.0730	-0.0079	-0.0014	1.0007	7.4725	2.4334	14.3153	0.0180	0.0180	0.0000	0.0111	0.0111	0.0000	0.0069	0.0069	0.0000	0.0037	0.0034	0.0002	0.0027	0.0027	0.0000	0.0010	0.0008	0.0002	0.0580	0.0501	0.0079	0.0171	0.0158	0.0012	0.0409	0.0343	0.0066	0.2234	0.1669	0.0565	0.1156	0.1050	0.0106	0.1078	0.0619	0.0459	18.8802	17.5080	0.2962	28.0917	27.6649	0.2634	18.1284	16.1916	0.2900	0.0164	0.0205	0.0044	0.0231	0.0253	0.0014	0.0094	0.0125	0.0051
43	158	0.4494	5	0	1	1	1	0	0	0	0	N	N	N	N	N	N	N	N	N	N	N	N	202.3007	191.5570	0.0001	532.5219	514.4329	0.0045	0.1518	0.1914	0.0000	11.1918	12.9107	0.0000	45.1722	47.8931	0.0000	0.0034	0.0040	0.0000	0.0553	0.0674	0.0205	0.0848	0.0931	0.0061	0.0224	0.0211	0.0240	0.0000	0.1057	-0.4270	-0.0065	1.0007	11.6653	2.4334	19.4910	0.9679	0.9679	0.0000	0.9677	0.9677	0.0000	0.0002	0.0002	0.0000	0.0180	0.0163	0.0017	0.0146	0.0145	0.0001	0.0034	0.0018	0.0016	0.0865	0.0750	0.0115	0.0214	0.0202	0.0012	0.0651	0.0548	0.0103	0.3258	0.2419	0.0840	0.1719	0.1555	0.0164	0.1539	0.0863	0.0676	202.3007	191.5570	0.0001	532.5219	514.4329	0.0045	0.1518	0.1914	0.0000	0.0553	0.0674	0.0205	0.0848	0.0931	0.0061	0.0224	0.0211	0.0240
43	159	0.4022	4	0	1	1	1	0	0	0	0	N	N	N	N	N	N	N	N	N	N	N	N	2.0113	1.6757	0.0002	1.8648	1.7826	0.0041	7.4991	11.0594	0.0000	0.5994	0.6835	0.0000	0.9434	0.9946	0.0001	0.4320	0.5130	0.0000	0.2980	0.4079	0.0594	0.5059	0.5579	0.0254	0.0576	0.0464	0.0662	0.0000	0.0670	-0.0179	-0.0524	1.0007	7.3933	2.4334	20.5306	0.0405	0.0405	0.0000	0.0209	0.0209	0.0000	0.0196	0.0196	0.0000	0.1325	0.1242	0.0083	0.1207	0.1201	0.0006	0.0119	0.0041	0.0077	0.0676	0.0593	0.0083	0.0221	0.0210	0.0011	0.0455	0.0383	0.0072	0.4447	0.3045	0.1402	0.2385	0.2152	0.0233	0.2062	0.0893	0.1169	2.0113	1.6757	0.0002	1.8648	1.7826	0.0041	7.4991	11.0594	0.0000	0.2980	0.4079	0.0594	0.5059	0.5579	0.0254	0.0576	0.0464	0.0662
43	160	0.1660	3	0	1	1	1	0	0	0	0	N	N	N	N	N	N	N	N	N	N	N	N	3.1977	2.9994	0.0000	0.0000	0.0000	0.0000	21.5345	88.0650	0.0000	6.2954	7.3924	0.0000	0.0000	0.0000	0.0000	6.7966	8.0451	0.0000	1.9687	2.4646	0.7093	3.9948	4.2863	1.2682	0.3156	0.0914	0.6079	0.0000	0.1133	-0.4316	-0.3258	1.0007	27.6416	2.4334	54.6365	0.9785	0.9785	0.0000	0.0000	0.0000	0.0000	0.9785	0.9785	0.0000	0.9137	0.8207	0.0930	0.8330	0.8075	0.0255	0.0807	0.0132	0.0674	0.1554	0.1324	0.0231	0.0115	0.0107	0.0007	0.1440	0.1216	0.0223	0.4641	0.3330	0.1311	0.2085	0.1884	0.0201	0.2556	0.1446	0.1110	3.1977	2.9994	0.0000	0.0000	0.0000	0.0000	21.5345	88.0650	0.0000	1.9687	2.4646	0.7093	3.9948	4.2863	1.2682	0.3156	0.0914	0.6079
43	161	0.2705	9	1	2	1	1	0	0	0	0	N	Y	N	N	N	N	N	N	N	N	N	N	0.0000	0.0000	0.0000	0.0000	0.0000	0.0000	0.0000	0.0000	0.0000	0.0000	0.0000	0.0000	0.0000	0.0000	0.0000	0.0000	0.0000	0.0899	0.1253	0.0000	0.1771	0.1932	0.0000	0.0000	0.0001	0.0000	0.0000	0.0000	-0.0012	1.0007	0.0002	2.4334	3.0099	0.0000	0.0000	0.0000	0.0000	0.0000	0.0000	0.0000	0.0000	0.0000	0.0026	0.0026	0.0000	0.0026	0.0026	0.0000	0.0000	0.0000	0.0000	0.0000	0.0000	0.0000	0.0000	0.0000	0.0000	0.0000	0.0000	0.0000	0.0286	0.0206	0.0081	0.0145	0.0133	0.0012	0.0141	0.0072	0.0069	0.0000	0.0000	0.0000	0.0000	0.0000	0.0000	0.0000	0.0000	0.0000	0.0899	0.1253	0.0000	0.1771	0.1932	0.0000	0.0000	0.0001	0.0000		
43	162	0.2629	8	1	2	1	1	0	0	0	0	N	Y	N	N	N	N	N	N	N	N	N	N	0.0000	0.0000	0.0000	0.0000	0.0000	0.0000	0.0000	0.0000	0.0000	0.0000	0.0000	0.0000	0.0000	0.0000	0.0000	0.0000	0.0000	0.0000	0.1119	0.0114	0.4089	0.0189	0.0126	0.0825	0.2063	0.0096	0.4804	12.0979	0.0000	0.0013	1.0007	0.9998	2.4334	2.0118	0.0000	0.0000	0.0000	0.0000	0.0000	0.0000	0.0000	0.0000	0.0000	0.0027	0.0002	0.0025	0.0002	0.0001	0.0001	0.0025	0.0001	0.0024	0.0066	0.0056	0.0010	0.0010	0.0009	0.0001	0.0057	0.0047	0.0009	0.0242	0.0181	0.0061	0.0122	0.0111	0.0011	0.0120	0.0070	0.0050	0.0000	0.0000	0.0000	0.0000	0.0000	0.0000	0.0000	0.0000	0.0000	0.1119	0.0114	0.4089	0.0189	0.0126	0.0825	0.2063	0.0096	0.4804	
43	163	0.2629	7	1	2	1	1	0	0	0	0	N	Y	N	N	N	N	N	N	N	N	N	N	0.0000	0.0000	0.0000	0.0000	0.0000	0.0000	0.0000	0.0000	0.0000	0.0000	0.0000	0.0000	0.0000	0.0000	0.0000	0.0000	0.0000	1.7720	1.0307	2.6325	1.1506	1.1091	2.1669	2.4442	0.0000	2.6540	2.2003	0.0000	0.0000	1.0007	0.0000	2.4334	0.0003	0.0000	0.0000	0.0000	0.0000	0.0000	0.0000	0.0000	0.0000	0.0000	0.0002	0.0001	0.0001	0.0001	0.0001	0.0000	0.0001	0.0000	0.0001	0.0000	0.0000	0.0000	0.0000	0.0000	0.0000	0.0000	0.0000	0.0000	0.0001	0.0001	0.0000	0.0001	0.0001	0.0000	0.0001	0.0000	0.0000	0.0000	0.0000	0.0000	0.0000	0.0000	0.0000	0.0000	0.0000	0.0000	1.7720	1.0307	2.6325	1.1506	1.1091	2.1669	2.4442	0.0000	2.6540		
43	164	0.2519	6	0	2	1	1	0	0	0	0	N	Y	N	N	N	N	N	N	N	N	N	N	0.0000	0.0000	0.0000	0.0000	0.0000	0.0000	0.0000	0.0000	0.0000	0.0000	0.0000	0.0000	0.0000	0.0000	0.0000	0.0000	0.0000	0.0000	0.0153	0.0183	0.0060	0.0258	0.0281	0.0012	0.0034	0.0006	0.0071	0.1077	0.0000	-0.0002	1.0007	0.0063	2.4334	4.3641	0.0000	0.0000	0.0000	0.0000	0.0000	0.0000	0.0000	0.0000	0.0000	0.0006	0.0006	0.0001	0.0005	0.0005	0.0000	0.0001	0.0000	0.0001	0.0001	0.0001	0.0000	0.0000	0.0000	0.0000	0.0001	0.0001	0.0000	0.0400	0.0301	0.0099	0.0212	0.0194	0.0018	0.0187	0.0107	0.0080	0.0000	0.0000	0.0000	0.0000	0.0000	0.0000	0.0000	0.0000	0.0000	0.0153	0.0183	0.0060	0.0258	0.0281	0.0012	0.0034	0.0006	0.0071	
43	165	0.2200	5	0	1	1	1	0	0	0	0	N	N	N	N	N	N	N	N	N	N	N	N	0.0000	0.0000	0.0000	0.0000	0.0000	0.0000	0.0000	0.0000	0.0000	0.0000	0.0000	0.0000	0.0000	0.0000	0.0000	0.0000	0.0000	0.0000	0.0077	0.0100	0.0014	0.0091	0.0104	0.0001	0.0061	0.0093	0.0019	0.0519	0.0000	-0.0004	1.0007	2.5207	2.4334	10.0226	0.0000	0.0000	0.0000	0.0000	0.0000	0.0000	0.0000	0.0000	0.0000	0.0009	0.0009	0.0000	0.0006	0.0006	0.0000	0.0003	0.0003	0.0000	0.0224	0.0191	0.0033	0.0053	0.0051	0.0002	0.0171	0.0140	0.0031	0.1172	0.0860	0.0312	0.0632	0.0551	0.0081	0.0540	0.0309	0.0232	0.0000	0.0000	0.0000	0.0000	0.0000	0.0000	0.0000	0.0000	0.0000	0.0077	0.0100	0.0014	0.0091	0.0104	0.0001	0.0061	0.0093	0.0019	
43	166	0.2044	4	0	1	1	1	0	0	0	0	N	N	N	N	N	N	N	N	N	N	N	N	0.0237	0.0211	0.0000	0.0370	0.0342	0.0000	0.0105	0.0096	0.0000	0.0002	0.0002	0.0000	0.0004	0.0004	0.0000	0.0000	0.0000	0.0000	0.0070	0.0089	0.0013	0.0105	0.0118	0.0007	0.0026	0.0035	0.0015	0.0000	0.0489	-0.0000	-0.0002	1.0007	2.6894	2.4334	4.6619	0.0000	0.0000	0.0000	0.0000	0.0000	0.0000	0.0000	0.0000	0.0000	0.0005	0.0005	0.0000	0.0005	0.0005	0.0000	0.0001	0.0001	0.0000	0.0278	0.0246	0.0032	0.0106	0.0102	0.0003	0.0172	0.0144	0.0029	0.0785	0.0588	0.0198	0.0431	0.0383	0.0048	0.0355	0.0205	0.0150	0.0237	0.0211	0.0000	0.0370	0.0342	0.0000	0.0105	0.0096	0.0000	0.0070	0.0089	0.0013	0.0105	0.0118	0.0007	0.0026	0.0035	0.0015
43	167	0.1660	3	0	1	1	1	0	0	0	0	N	N	N	N	N	N	N	N	N	N	N	N	0.0000	0.0000	0.0000	0.0000	0.0000	0.0000	0.0000	0.0000	0.0000	0.0000	0.0000	0.0000	0.0000	0.0000	0.0000	0.0000	0.0000	0.0000	0.0035	0.0037	0.0029	0.0033	0.0036	0.0005	0.0036	0.0040	0.0033	0.2967	0.0000	-0.0001	1.0007	2.7966	2.4334	8.5340	0.0000	0.0000	0.0000	0.0000	0.0000	0.0000	0.0000	0.0000	0.0000	0.0003	0.0003	0.0001	0.0002	0.0001	0.0000	0.0002	0.0001	0.0001	0.0176	0.0149	0.0027	0.0014	0.0013	0.0001	0.0162	0.0136	0.0026	0.0956	0.0689	0.0267	0.0456	0.0417	0.0038	0.0500	0.0272	0.0229	0.0000	0.0000	0.0000	0.0000	0.0000	0.0000	0.0000	0.0000	0.0000	0.0035	0.0037	0.0029	0.0033	0.0036	0.0005	0.0036	0.0040	0.0033	
44	45	0.1577	2	0	1	0	1	0	0	0	0	N	N	N	N	N	N	N	N	N	N	N	N	0.1333	0.0253	1.9141	0.0511	0.0459	0.0000	0.3310	0.0652	1.6217	0.0297	0.0073	0.1563	0.0185	0.0194	0.0000	0.0310	0.0057	0.1613	0.2224	0.2909	0.0817	0.3629	0.4221	0.0158	0.0936	0.0878	0.0995	3.7455	0.1366	0.0008	-0.0845	1.0391	12.0036	15.0482	21.9053	0.0024	0.0005	0.0019	0.0002	0.0002	0.0000	0.0023	0.0004	0.0019	0.2499	0.2199	0.0300	0.1951	0.1938	0.0012	0.0548	0.0260	0.0288	0.0816	0.0694	0.0122	0.0086	0.0083	0.0004	0.0730	0.0611	0.0118	1.1234	0.7557	0.3677	0.5375	0.4592	0.0783	0.5859	0.2965	0.2894	0.1333	0.0253	1.9141	0.0511	0.0459	0.0000	0.3310	0.0652	1.6217	0.2224	0.2909	0.0817	0.3629	0.4221	0.0158	0.0936	0.0878	0.0995
44	46	0.6390	10	1	1	0	1	0	0	0	0	N	N	N	N	N	N	N	N	N	N	N	N	8.2373	10.7481	0.0000	25.3255	23.0055	0.0000	0.0000	0.0000	0.0000	0.0313	0.0363	0.0000	0.1078	0.1160	0.0000	0.0000	0.0000	0.0000	0.0038	0.0034	0.0048	0.0043	0.0050	0.0000	0.0032	0.0003	0.0068	0.0000	0.5767	-0.0002	-0.0000	1.0391	2.0120	15.0482	1.9924	0.0004	0.0004	0.0000	0.0004	0.0004	0.0000	0.0000	0.0000	0.0000	0.0004	0.0003	0.0002	0.0003	0.0003	0.0000	0.0002	0.0000	0.0002	0.0144	0.0124	0.0020	0.0042	0.0039	0.0003	0.0102	0.0085	0.0017	0.1147	0.0816	0.0330	0.0625	0.0528	0.0097	0.0522	0.0289	0.0233	8.2373	10.7481	0.0000	25.3255	23.0055	0.0000	0.0000	0.0000	0.0000	0.0038	0.0034	0.0048	0.0043	0.0050	0.0000	0.0032	0.0003	0.0068
44	47	0.2622	8	1	1	0	1	0	0	0	0	N	N	N	N	N	N	N	N	N	N	N	N	0.0000	0.0000	0.0000	0.0000	0.0000	0.0000	0.0000	0.0000	0.0000	0.0000	0.0000	0.0000	0.0000	0.0000	0.0000	0.0000	0.0000	0.0000	4.3498	2.8817	7.3001	4.6792	4.2868	6.6040	3.4258	0.3189	6.7143	1.0406	0.0000	0.0309	1.0391	0.0002	15.0482	4.0036	0.0000	0.0000	0.0000	0.0000	0.0000	0.0000	0.0000	0.0000	0.0000	0.5997	0.2939	0.3058	0.3591	0.2823	0.0767	0.2406	0.0115	0.2291	0.0000	0.0000	0.0000	0.0000	0.0000	0.0000	0.0000	0.0000	0.0000	0.1477	0.1020	0.0457	0.0775	0.0659	0.0116	0.0702	0.0361	0.0341	0.0000	0.0000	0.0000	0.0000	0.0000	0.0000	0.0000	0.0000	0.0000	4.0597	2.8817	6.6863	4.6342	4.2868	6.6040	3.4258	0.3189	6.7143	
44	48	0.1577	2	0	1	0	2	0	0	0	0	N	N	N	Y	N	N	N	N	N	N	N	N	0.0414	0.0037	0.1489	0.0126	0.0142	0.0121	0.0479	0.0041	0.1584	0.0897	0.0051	0.5647	0.0292	0.0282	0.0511	0.0969	0.0019	0.5813	2.1653	1.3726	3.7921	2.3235	1.9868	4.2422	2.0253	0.4738	3.6696	19.6121	1.3463	0.0019	0.4210	1.0391	6.0036	15.0482	51.7820	0.0037	0.0002	0.0035	0.0001	0.0001	0.0000	0.0036	0.0001	0.0035	3.6471	1.5544	2.0927	1.8374	1.3365	0.5008	1.8097	0.2178	1.5919	0.0414	0.0351	0.0063	0.0044	0.0042	0.0002	0.0369	0.0309	0.0061	1.6843	1.1325	0.5518	0.7908	0.6727	0.1181	0.8935	0.4597	0.4338	0.0414	0.0037	0.1489	0.0126	0.0142	0.0121	0.0479	0.0041	0.1584	2.1653	1.3726	3.7921	2.3235	1.9868	4.2422	2.0253	0.4738	3.6696
44	49	0.1577	2	1	1	0	1	0	0	0	0	N	N	N	N	N	N	N	N	N	N	N	N	0.0009	0.0015	0.0000	0.0099	0.0090	0.0000	0.0000	0.0000	0.0000	0.0012	0.0014	0.0000	0.0112	0.0117	0.0000	0.0000	0.0000	0.0000	1.3430	0.9449	2.1616	1.1329	1.3067	0.1236	1.5338	0.3941	2.7155	0.0000	1.1123	-0.0000	0.1177	1.0391	5.9964	15.0482	34.6547	0.0000	0.0000	0.0000	0.0000	0.0000	0.0000	0.0000	0.0000	0.0000	1.7248	0.8165	0.9083	0.6926	0.6815	0.0111	1.0322	0.1350	0.8972	0.0413	0.0351	0.0062	0.0044	0.0042	0.0002	0.0369	0.0308	0.0060	1.2843	0.8641	0.4202	0.6113	0.5216	0.0898	0.6729	0.3425	0.3304	0.0009	0.0015	0.0000	0.0099	0.0090	0.0000	0.0000	0.0000	0.0000	1.3430	0.9449	2.1616	1.1329	1.3067	0.1236	1.5338	0.3941	2.7155
44	50	0.2472	3	0	0	1	1	0	0	0	0	N	N	N	N	N	N	N	N	N	N	N	N	0.2203	0.1942	0.1577	1.5336	1.4179	0.0001	0.0130	0.0010	0.1493	0.1930	0.2150	0.0616	1.3641	1.4215	0.0000	0.0113	0.0013	0.0641	0.8762	1.1068	0.3908	0.8895	1.0026	0.2374	0.8659	1.2331	0.4291	0.0479	0.1677	-0.0165	-0.7602	1.0391	31.2093	15.0482	46.3939	0.0418	0.0399	0.0019	0.0397	0.0397	0.0000	0.0021	0.0002	0.0019	2.4153	2.0684	0.3469	1.0688	1.0267	0.0422	1.3464	1.0417	0.3047	0.2166	0.1856	0.0310	0.0291	0.0279	0.0012	0.1875	0.1576	0.0299	2.7566	1.8688	0.8878	1.2017	1.0240	0.1776	1.5549	0.8448	0.7102	0.2203	0.1942	0.1577	1.5336	1.4179	0.0001	0.0130	0.0010	0.1493	0.8762	1.1068	0.3908	0.8895	1.0026	0.2374	0.8659	1.2331	0.4291
44	51	0.1944	3	0	1	0	1	0	0	0	0	N	N	N	N	N	N	N	N	N	N	N	N	19.1373	0.0009	49.3034	0.0050	0.0074	0.0012	11.7096	0.0000	37.5690	29.4956	0.0003	204.3516	0.0017	0.0017	0.0010	34.7949	0.0000	212.5435	1.5413	0.3334	4.1448	0.3332	0.2267	0.8106	2.9715	0.5307	5.6574	117207.2486	5.7667	0.5537	0.9164	1.0391	4.1516	15.0482	14.5664	0.9908	0.0000	0.9908	0.0000	0.0000	0.0000	0.9908	0.0000	0.9908	2.3268	0.3439	1.9829	0.2727	0.1517	0.1210	2.0541	0.1922	1.8619	0.0336	0.0287	0.0048	0.0051	0.0049	0.0002	0.0285	0.0238	0.0047	1.5097	1.0312	0.4784	0.8184	0.6691	0.1493	0.6913	0.3622	0.3291	19.1373	0.0009	49.3034	0.0050	0.0074	0.0012	11.7096	0.0000	37.5690	1.5413	0.3334	4.1448	0.3332	0.2267	0.8106	2.9715	0.5307	5.6574
44	52	0.2749	5	1	0	1	1	0	0	0	0	N	N	N	N	N	N	N	N	N	N	N	N	0.0073	0.0000	18.9302	0.0183	0.0000	948.9224	0.0025	0.0000	4.4459	0.0008	0.0000	0.0072	0.0013	0.0000	0.1335	0.0004	0.0000	0.0025	0.1074	0.1513	0.0004	0.0696	0.0861	0.0001	0.1770	0.3356	0.0006	inf	0.0010	0.0000	-0.0025	1.0391	0.0028	15.0482	0.9232	0.0000	0.0000	0.0000	0.0000	0.0000	0.0000	0.0000	0.0000	0.0000	0.0055	0.0055	0.0000	0.0023	0.0023	0.0000	0.0032	0.0032	0.0000	0.0001	0.0001	0.0000	0.0000	0.0000	0.0000	0.0000	0.0000	0.0000	0.0516	0.0366	0.0150	0.0334	0.0270	0.0064	0.0181	0.0096	0.0086	0.0073	0.0000	18.9302	0.0183	0.0000	948.9224	0.0025	0.0000	4.4459	0.1074	0.1513	0.0004	0.0696	0.0861	0.0001	0.1770	0.3356	0.0006
44	53	0.6543	9	0	1	0	1	0	0	0	0	N	N	N	N	N	N	N	N	N	N	N	N	0.9997	0.8760	0.0358	2.3590	2.1665	1.4443	0.2560	0.2133	0.0003	0.4561	0.5282	0.0030	1.4332	1.5424	0.0198	0.0541	0.0647	0.0000	0.4562	0.6030	0.0847	0.6075	0.7120	0.0137	0.2113	0.3033	0.1191	0.0009	0.0555	-0.0144	-0.2769	1.0391	8.5400	15.0482	19.3759	0.0327	0.0327	0.0000	0.0300	0.0299	0.0000	0.0027	0.0027	0.0000	0.6823	0.6464	0.0359	0.5616	0.5597	0.0019	0.1207	0.0867	0.0340	0.0717	0.0619	0.0098	0.0209	0.0194	0.0015	0.0508	0.0425	0.0083	1.4955	1.0720	0.4235	0.9244	0.7862	0.1383	0.5711	0.2858	0.2853	0.9997	0.8760	0.0358	2.3590	2.1665	1.4443	0.2560	0.2133	0.0003	0.4562	0.6030	0.0847	0.6075	0.7120	0.0137	0.2113	0.3033	0.1191
44	54	0.5912	8	0	0	0	1	0	0	0	0	N	N	N	N	N	N	N	N	N	N	N	N	0.0036	0.0047	0.0004	0.0140	0.0131	0.0207	0.0016	0.0018	0.0002	0.0062	0.0069	0.0010	0.0088	0.0090	0.0045	0.0051	0.0059	0.0006	1.7388	1.4670	2.4006	0.6235	0.6820	0.2152	3.2273	3.3458	3.1144	0.0219	0.6718	-0.0002	-0.1420	1.0391	7.3474	15.0482	24.2346	0.0004	0.0004	0.0000	0.0002	0.0002	0.0000	0.0002	0.0002	0.0000	2.5115	1.5023	1.0092	0.5148	0.4925	0.0223	1.9967	1.0098	0.9870	0.0642	0.0559	0.0083	0.0194	0.0185	0.0009	0.0448	0.0374	0.0074	1.4444	1.0240	0.4204	0.8257	0.7222	0.1035	0.6187	0.3018	0.3169	0.0036	0.0047	0.0004	0.0140	0.0131	0.0207	0.0016	0.0018	0.0002	1.7388	1.4670	2.4006	0.6235	0.6820	0.2152	3.2273	3.3458	3.1144
44	55	0.5614	7	0	0	0	1	0	0	0	0	N	N	N	N	N	N	N	N	N	N	N	N	0.0049	0.0081	0.0088	0.0048	0.0072	0.0068	0.0040	0.0193	0.0092	0.0024	0.0011	0.0115	0.0015	0.0012	0.0092	0.0029	0.0010	0.0118	0.4969	0.1362	1.3054	0.3184	0.1673	1.3659	0.7374	0.0540	1.2869	1.5312	4.2762	0.0000	0.2479	1.0391	3.4216	15.0482	15.9376	0.0001	0.0000	0.0000	0.0000	0.0000	0.0000	0.0001	0.0000	0.0000	0.7042	0.1335	0.5707	0.2589	0.1189	0.1400	0.4453	0.0145	0.4307	0.0337	0.0294	0.0043	0.0116	0.0111	0.0005	0.0221	0.0183	0.0038	1.4170	0.9798	0.4372	0.8132	0.7107	0.1025	0.6038	0.2691	0.3347	0.0049	0.0081	0.0088	0.0048	0.0072	0.0068	0.0040	0.0193	0.0092	0.4969	0.1362	1.3054	0.3184	0.1673	1.3659	0.7374	0.0540	1.2869
44	58	0.1577	2	0	1	0	2	0	0	0	0	N	N	N	Y	N	N	N	N	N	N	N	N	0.0448	0.0056	0.1123	0.0208	0.0347	0.0134	0.0348	0.0000	0.1085	0.1044	0.0031	0.6731	0.0268	0.0252	0.0609	0.1138	0.0000	0.6929	2.3302	0.5493	5.9926	1.2896	0.7273	4.5511	3.2739	0.2791	6.3846	39.2246	5.3045	0.0019	1.1703	1.0391	5.0036	15.0482	36.7244	0.0036	0.0001	0.0035	0.0001	0.0001	0.0000	0.0035	0.0000	0.0035	3.0554	0.4846	2.5708	0.8043	0.3869	0.4174	2.2512	0.0978	2.1534	0.0347	0.0294	0.0052	0.0037	0.0036	0.0002	0.0309	0.0258	0.0051	1.3112	0.8822	0.4290	0.6236	0.5319	0.0917	0.6876	0.3503	0.3373	0.0448	0.0056	0.1123	0.0208	0.0347	0.0134	0.0348	0.0000	0.1085	2.3302	0.5493	5.9926	1.2896	0.7273	4.5511	3.2739	0.2791	6.3846
44	59	0.5418	7	0	1	0	2	0	0	0	0	N	N	N	Y	N	N	N	N	N	N	N	N	0.0020	0.0017	0.0026	0.0000	0.0000	0.0006	0.0092	0.0058	0.0044	0.0007	0.0008	0.0000	0.0000	0.0000	0.0000	0.0011	0.0013	0.0001	0.3576	0.4975	0.0186	0.5324	0.6157	0.0350	0.1174	0.2212	0.0121	0.0092	0.0154	-0.0000	-0.2865	1.0391	10.4254	15.0482	21.2017	0.0001	0.0001	0.0000	0.0000	0.0000	0.0000	0.0001	0.0001	0.0000	0.6465	0.6367	0.0098	0.5571	0.5519	0.0052	0.0894	0.0848	0.0046	0.0965	0.0833	0.0131	0.0308	0.0293	0.0015	0.0657	0.0541	0.0116	1.8081	1.2799	0.5282	1.0463	0.8964	0.1500	0.7617	0.3835	0.3782	0.0020	0.0017	0.0026	0.0000	0.0000	0.0006	0.0092	0.0058	0.0044	0.3576	0.4975	0.0186	0.5324	0.6157	0.0350	0.1174	0.2212	0.0121
44	60	0.2749	5	1	0	1	1	0	0	0	0	N	N	N	N	N	N	N	N	N	N	N	N	0.0007	0.0006	0.0030	0.0049	0.0043	0.0000	0.0000	0.0000	0.0091	0.0020	0.0024	0.0000	0.0108	0.0115	0.0000	0.0000	0.0000	0.0000	2.7668	4.0334	0.0030	2.2105	2.7023	0.0069	3.4801	6.7344	0.0011	0.0006	0.0003	-0.0000	-0.2559	1.0391	1.9981	15.0482	3.0867	0.0000	0.0000	0.0000	0.0000	0.0000	0.0000	0.0000	0.0000	0.0000	0.5587	0.5585	0.0002	0.2508	0.2507	0.0001	0.3079	0.3078	0.0000	0.0148	0.0126	0.0021	0.0028	0.0026	0.0002	0.0120	0.0101	0.0020	0.2019	0.1385	0.0635	0.1135	0.0928	0.0207	0.0885	0.0457	0.0428	0.0007	0.0006	0.0030	0.0049	0.0043	0.0000	0.0000	0.0000	0.0091	2.7668	4.0334	0.0030	2.2105	2.7023	0.0069	3.4801	6.7344	0.0011
44	61	0.2316	4	1	0	1	1	0	0	0	0	N	N	N	N	N	N	N	N	N	N	N	N	0.0027	0.0005	0.2064	0.0021	0.0018	0.0000	0.0063	0.0000	0.1570	0.0022	0.0006	0.0117	0.0025	0.0026	0.0000	0.0021	0.0000	0.0127	0.7987	1.1458	0.0568	1.1822	1.4611	0.0077	0.3300	0.5542	0.0811	3.5569	0.0232	0.0000	-0.2361	1.0391	4.0039	15.0482	14.0733	0.0001	0.0000	0.0000	0.0000	0.0000	0.0000	0.0000	0.0000	0.0000	0.5420	0.5297	0.0123	0.4412	0.4406	0.0006	0.1008	0.0891	0.0117	0.0296	0.0253	0.0043	0.0057	0.0053	0.0003	0.0239	0.0200	0.0039	0.6786	0.4623	0.2163	0.3732	0.3016	0.0716	0.3054	0.1607	0.1447	0.0027	0.0005	0.2064	0.0021	0.0018	0.0000	0.0063	0.0000	0.1570	0.7987	1.1458	0.0568	1.1822	1.4611	0.0077	0.3300	0.5542	0.0811
44	62	0.2510	5	1	0	1	1	0	0	0	0	N	N	N	N	N	N	N	N	N	N	N	N	0.0676	0.0001	0.2535	0.0062	0.0001	0.4174	0.2051	0.0000	0.2851	0.0759	0.0001	0.3086	0.0096	0.0002	0.6784	0.1278	0.0000	0.2992	1.1225	1.0757	1.2172	1.5426	1.5248	1.6253	0.6229	0.1749	1.0492	808.7179	0.5586	0.0000	-0.0738	1.0391	0.0060	15.0482	17.2393	0.0000	0.0000	0.0000	0.0000	0.0000	0.0000	0.0000	0.0000	0.0000	0.7379	0.4734	0.2644	0.5508	0.4478	0.1030	0.1871	0.0256	0.1615	0.0002	0.0002	0.0001	0.0001	0.0001	0.0000	0.0001	0.0001	0.0001	0.6574	0.4401	0.2173	0.3571	0.2937	0.0634	0.3003	0.1464	0.1539	0.0676	0.0001	0.2535	0.0062	0.0001	0.4174	0.2051	0.0000	0.2851	1.1225	1.0757	1.2172	1.5426	1.5248	1.6253	0.6229	0.1749	1.0492
44	63	0.1944	3	0	0	1	1	0	0	0	0	N	N	N	N	N	N	N	N	N	N	N	N	0.7307	0.6656	0.0001	1.9742	1.7310	0.0003	0.0002	0.0002	0.0001	0.2269	0.2614	0.0000	0.9156	0.9363	0.0000	0.0000	0.0000	0.0000	0.3105	0.3927	0.1320	0.4638	0.5409	0.1302	0.1133	0.0952	0.1330	0.0000	0.1547	-0.0011	-0.1380	1.0391	1.0230	15.0482	12.1924	0.0026	0.0026	0.0000	0.0026	0.0026	0.0000	0.0000	0.0000	0.0000	0.4255	0.3685	0.0570	0.3576	0.3388	0.0189	0.0679	0.0297	0.0382	0.0114	0.0099	0.0015	0.0028	0.0028	0.0001	0.0086	0.0071	0.0014	1.3702	0.9384	0.4318	0.7711	0.6263	0.1448	0.5990	0.3121	0.2869	0.7307	0.6656	0.0001	1.9742	1.7310	0.0003	0.0002	0.0002	0.0001	0.3105	0.3927	0.1320	0.4638	0.5409	0.1302	0.1133	0.0952	0.1330
44	64	0.1577	2	0	0	0	1	0	0	0	0	N	N	N	N	N	N	N	N	N	N	N	N	0.0651	0.0289	0.1647	0.0235	0.0921	0.0000	0.1069	0.0186	0.4528	0.1761	0.0311	0.9850	0.0874	0.0913	0.0000	0.1869	0.0226	1.0168	2.7032	1.0758	5.9790	3.7100	0.9919	35.9894	1.7487	1.2177	2.2458	5.6813	2.7612	0.0012	0.4150	1.0391	2.4556	15.0482	12.4191	0.0030	0.0005	0.0026	0.0002	0.0002	0.0000	0.0029	0.0003	0.0026	1.5050	0.4001	1.1048	1.0052	0.2319	0.7734	0.4997	0.1683	0.3315	0.0173	0.0146	0.0026	0.0019	0.0018	0.0001	0.0154	0.0128	0.0025	0.5567	0.3719	0.1848	0.2710	0.2338	0.0372	0.2858	0.1382	0.1476	0.0651	0.0289	0.1647	0.0235	0.0921	0.0000	0.1069	0.0186	0.4528	2.7032	1.0758	5.9790	3.7100	0.9919	20.7975	1.7487	1.2177	2.2458
44	65	0.2800	4	0	1	0	1	0	0	0	0	N	N	N	N	N	N	N	N	N	N	N	N	3.1817	0.0000	11.2853	0.0030	0.0000	0.0753	5.5424	0.0000	13.3765	2.9980	0.0000	17.9367	0.0042	0.0000	0.2332	3.5844	0.0000	18.2500	0.9423	0.6410	1.5894	1.4085	1.2075	3.0966	0.6467	0.0557	1.3643	443722.9706	1.1546	0.0263	0.0442	1.0391	1.7555	15.0482	11.9300	0.0471	0.0000	0.0471	0.0000	0.0000	0.0000	0.0471	0.0000	0.0471	0.5703	0.2647	0.3056	0.3308	0.2534	0.0774	0.2396	0.0113	0.2283	0.0157	0.0131	0.0026	0.0026	0.0025	0.0000	0.0131	0.0106	0.0026	0.6053	0.4130	0.1923	0.2348	0.2099	0.0250	0.3704	0.2031	0.1673	3.1817	0.0000	11.2853	0.0030	0.0000	0.0753	5.5424	0.0000	13.3765	0.9423	0.6410	1.5894	1.4085	1.2075	3.0966	0.6467	0.0557	1.3643
44	66	0.2590	6	1	1	1	1	0	0	0	0	N	N	N	N	N	N	N	N	N	N	N	N	0.0000	0.0000	0.0000	0.0000	0.0000	0.0000	0.0000	0.0000	0.0000	0.0000	0.0000	0.0000	0.0000	0.0000	0.0000	0.0000	0.0000	0.0000	0.0000	0.0000	1.0391	0.0000	15.0482	0.0000	0.0000	0.0000	0.0000	0.0000	0.0000	0.0000	0.0000	0.0000	0.0000	0.0000	0.0000	0.0000	0.0000	0.0000	0.0000	0.0000	0.0000	0.0000	0.0000	0.0000	0.0000	0.0000	0.0000	0.0000	0.0000	0.0000	0.0000	0.0000	0.0000	0.0000	0.0000	0.0000	0.0000	0.0000	0.0000	0.0000	0.0000	0.0000	0.0000	0.0000	0.0000	0.0000	0.0000	0.0000	0.0000	0.0000	0.0000	0.0000	0.0000	0.0000	0.0000	0.0000	0.0000	0.0000											
44	67	0.7636	9	1	1	1	1	0	0	0	0	N	N	N	N	N	N	N	N	N	N	N	N	0.0000	0.0000	0.0000	0.0000	0.0000	0.0000	0.0000	0.0000	0.0000	0.0000	0.0000	0.0000	0.0000	0.0000	0.0000	0.0000	0.0000	0.0000	0.0440	0.0018	0.1520	0.0739	0.0025	0.5991	0.0100	0.0004	0.0212	33.5385	0.0000	0.0023	1.0391	1.0000	15.0482	3.0000	0.0000	0.0000	0.0000	0.0000	0.0000	0.0000	0.0000	0.0000	0.0000	0.0045	0.0001	0.0044	0.0040	0.0001	0.0039	0.0005	0.0000	0.0005	0.0072	0.0064	0.0008	0.0030	0.0029	0.0001	0.0042	0.0035	0.0007	0.1021	0.0734	0.0287	0.0542	0.0477	0.0065	0.0479	0.0257	0.0222	0.0000	0.0000	0.0000	0.0000	0.0000	0.0000	0.0000	0.0000	0.0000	0.0440	0.0018	0.1520	0.0739	0.0025	0.5991	0.0100	0.0004	0.0212	
44	68	0.2590	6	1	1	1	1	0	0	0	0	N	N	N	N	N	N	N	N	N	N	N	N	0.0000	0.0000	0.0000	0.0000	0.0000	0.0000	0.0000	0.0000	0.0000	0.0000	0.0000	0.0000	0.0000	0.0000	0.0000	0.0000	0.0000	0.0000	0.0000	0.0000	1.0391	1.0000	15.0482	0.0000	0.0000	0.0000	0.0000	0.0000	0.0000	0.0000	0.0000	0.0000	0.0000	0.0000	0.0000	0.0000	0.0000	0.0000	0.0000	0.0000	0.0000	0.0000	0.0074	0.0063	0.0011	0.0014	0.0013	0.0001	0.0060	0.0050	0.0010	0.0357	0.0245	0.0112	0.0180	0.0153	0.0027	0.0177	0.0092	0.0085	0.0000	0.0000	0.0000	0.0000	0.0000	0.0000	0.0000	0.0000	0.0000	0.0000	0.0000	0.0000	0.0000	0.0000	0.0000	0.0000	0.0000	0.0000											
44	69	0.2426	5	1	1	1	1	0	0	0	0	N	N	N	N	N	N	N	N	N	N	N	N	0.0541	0.0443	0.0000	0.1369	0.1345	0.0000	0.0082	0.0052	0.0000	0.0066	0.0079	0.0000	0.0275	0.0317	0.0000	0.0004	0.0004	0.0000	0.1224	0.1773	0.0028	0.2006	0.2353	0.0038	0.0435	0.0814	0.0025	0.0000	0.0072	-0.0000	-0.0138	1.0391	1.0155	15.0482	5.9708	0.0001	0.0001	0.0000	0.0001	0.0001	0.0000	0.0000	0.0000	0.0000	0.0306	0.0304	0.0002	0.0252	0.0251	0.0001	0.0054	0.0053	0.0001	0.0081	0.0068	0.0013	0.0019	0.0016	0.0002	0.0062	0.0052	0.0010	0.2498	0.1712	0.0785	0.1255	0.1067	0.0188	0.1243	0.0646	0.0597	0.0541	0.0443	0.0000	0.1369	0.1345	0.0000	0.0082	0.0052	0.0000	0.1224	0.1773	0.0028	0.2006	0.2353	0.0038	0.0435	0.0814	0.0025
44	70	0.2378	4	1	0	1	1	0	0	0	0	N	N	N	N	N	N	N	N	N	N	N	N	2.0628	3.7138	0.0796	1.3911	2.2042	0.0047	3.3376	33.9803	0.3088	0.1142	0.1469	0.0072	0.0884	0.1222	0.0007	0.1554	0.1808	0.0249	0.0554	0.0395	0.0900	0.0635	0.0555	0.1402	0.0466	0.0053	0.0806	0.0149	1.0383	-0.0000	0.0005	1.0391	0.0406	15.0482	2.3361	0.0001	0.0001	0.0000	0.0000	0.0000	0.0000	0.0001	0.0001	0.0000	0.0094	0.0046	0.0048	0.0056	0.0044	0.0012	0.0038	0.0002	0.0036	0.0009	0.0007	0.0002	0.0005	0.0004	0.0001	0.0003	0.0003	0.0001	0.1691	0.1161	0.0530	0.0876	0.0793	0.0084	0.0815	0.0368	0.0446	2.0628	3.7138	0.0796	1.3911	2.2042	0.0047	3.3376	33.9803	0.3088	0.0554	0.0395	0.0900	0.0635	0.0555	0.1402	0.0466	0.0053	0.0806
44	71	0.7636	9	1	1	1	1	0	0	0	0	N	N	N	N	N	N	N	N	N	N	N	N	0.0000	0.0000	0.0000	0.0000	0.0000	0.0000	0.0000	0.0000	0.0000	0.0000	0.0000	0.0000	0.0000	0.0000	0.0000	0.0000	0.0000	0.0000	0.0000	0.0000	1.0391	0.0000	15.0482	0.0000	0.0000	0.0000	0.0000	0.0000	0.0000	0.0000	0.0000	0.0000	0.0000	0.0000	0.0000	0.0000	0.0000	0.0000	0.0000	0.0000	0.0000	0.0000	0.0000	0.0000	0.0000	0.0000	0.0000	0.0000	0.0000	0.0000	0.0000	0.0000	0.0000	0.0000	0.0000	0.0000	0.0000	0.0000	0.0000	0.0000	0.0000	0.0000	0.0000	0.0000	0.0000	0.0000	0.0000	0.0000	0.0000	0.0000	0.0000	0.0000	0.0000	0.0000	0.0000	0.0000	0.0000	0.0000											
44	72	0.7455	8	1	1	1	1	0	0	0	0	N	N	N	N	N	N	N	N	N	N	N	N	2.8528	5.8704	0.0058	3.5372	9.1486	0.0030	0.4384	8.4642	0.0000	0.6641	0.8033	0.0027	1.3950	1.7675	0.0047	0.0023	0.0027	0.0000	0.2328	0.1368	0.4621	0.3944	0.1932	1.5676	0.0053	0.0003	0.0102	0.0007	1.4127	-0.0124	0.0071	1.0391	3.9057	15.0482	1.1104	0.0283	0.0282	0.0000	0.0282	0.0282	0.0000	0.0001	0.0001	0.0000	0.0555	0.0230	0.0325	0.0550	0.0230	0.0320	0.0005	0.0000	0.0005	0.0425	0.0351	0.0074	0.0202	0.0159	0.0043	0.0223	0.0192	0.0031	0.2384	0.1681	0.0703	0.1394	0.1190	0.0204	0.0990	0.0491	0.0499	2.8528	5.8704	0.0058	3.5372	9.1486	0.0030	0.4384	8.4642	0.0000	0.2328	0.1368	0.4621	0.3944	0.1932	1.5676	0.0053	0.0003	0.0102
44	73	0.5427	6	1	1	0	1	0	0	0	0	N	N	N	N	N	N	N	N	N	N	N	N	0.0010	0.0008	0.0504	0.1015	0.0953	0.1912	0.0002	0.0001	0.0010	0.0011	0.0012	0.0006	0.0020	0.0020	0.0025	0.0004	0.0005	0.0000	1.1073	1.5453	0.0111	0.0198	0.0208	0.0132	2.3437	4.3974	0.0105	0.0624	0.0029	-0.0000	-0.4458	1.0391	6.9070	15.0482	16.5673	0.0001	0.0001	0.0000	0.0001	0.0001	0.0000	0.0000	0.0000	0.0000	0.9787	0.9759	0.0028	0.0093	0.0085	0.0008	0.9694	0.9674	0.0020	0.0791	0.0699	0.0093	0.0342	0.0321	0.0020	0.0450	0.0378	0.0072	0.8839	0.6315	0.2524	0.4703	0.4116	0.0587	0.4136	0.2200	0.1936	0.0010	0.0008	0.0504	0.1015	0.0953	0.1912	0.0002	0.0001	0.0010	1.1073	1.5453	0.0111	0.0198	0.0208	0.0132	2.3437	4.3974	0.0105
44	74	0.6066	8	0	1	0	2	0	0	0	0	N	N	N	Y	N	N	N	N	N	N	N	N	0.0009	0.0009	0.0001	0.0064	0.0070	0.0000	0.0000	0.0000	0.0001	0.0019	0.0022	0.0001	0.0082	0.0087	0.0000	0.0000	0.0000	0.0001	2.0860	2.4528	1.1906	1.2838	1.2459	1.5384	3.1310	5.1923	1.0733	0.0049	0.1989	-0.0000	-0.6278	1.0391	6.4226	15.0482	19.3377	0.0001	0.0001	0.0000	0.0001	0.0001	0.0000	0.0000	0.0000	0.0000	2.1465	1.7905	0.3560	0.7474	0.6313	0.1161	1.3991	1.1591	0.2400	0.0474	0.0404	0.0069	0.0108	0.0102	0.0006	0.0366	0.0303	0.0063	1.0290	0.7300	0.2991	0.5822	0.5067	0.0754	0.4469	0.2232	0.2236	0.0009	0.0009	0.0001	0.0064	0.0070	0.0000	0.0000	0.0000	0.0001	2.0860	2.4528	1.1906	1.2838	1.2459	1.5384	3.1310	5.1923	1.0733
44	75	0.5614	7	0	0	0	2	0	0	0	0	N	N	N	Y	N	N	N	N	N	N	N	N	0.0027	0.0023	0.0057	0.0003	0.0003	0.0000	0.0063	0.0313	0.0099	0.0021	0.0013	0.0071	0.0003	0.0003	0.0000	0.0029	0.0019	0.0080	0.7923	0.5897	1.2509	1.0319	0.7939	2.6598	0.4700	0.0607	0.8089	0.8081	0.9371	0.0000	0.0300	1.0391	5.1932	15.0482	17.4397	0.0001	0.0001	0.0000	0.0000	0.0000	0.0000	0.0001	0.0000	0.0000	1.1832	0.6108	0.5724	0.8840	0.5933	0.2907	0.2993	0.0175	0.2818	0.0456	0.0396	0.0060	0.0141	0.0135	0.0006	0.0315	0.0261	0.0054	1.4934	1.0358	0.4576	0.8566	0.7473	0.1093	0.6368	0.2885	0.3483	0.0027	0.0023	0.0057	0.0003	0.0003	0.0000	0.0063	0.0313	0.0099	0.7923	0.5897	1.2509	1.0319	0.7939	2.6598	0.4700	0.0607	0.8089
44	76	0.5244	6	0	0	0	1	0	0	0	0	N	N	N	N	N	N	N	N	N	N	N	N	0.0285	0.0044	0.1258	0.0068	0.0072	0.0045	0.0492	0.0094	0.1434	0.0095	0.0012	0.0590	0.0027	0.0027	0.0024	0.0126	0.0004	0.0643	0.3352	0.2783	0.4685	0.3926	0.3716	0.5234	0.2560	0.0476	0.4484	8.1438	0.7178	0.0002	-0.0209	1.0391	4.4918	15.0482	17.5337	0.0004	0.0000	0.0004	0.0000	0.0000	0.0000	0.0004	0.0000	0.0004	0.5153	0.3000	0.2153	0.3497	0.2852	0.0644	0.1657	0.0148	0.1509	0.0424	0.0363	0.0061	0.0131	0.0125	0.0005	0.0294	0.0238	0.0056	1.5376	1.0780	0.4596	0.8906	0.7675	0.1231	0.6470	0.3105	0.3365	0.0285	0.0044	0.1258	0.0068	0.0072	0.0045	0.0492	0.0094	0.1434	0.3352	0.2783	0.4685	0.3926	0.3716	0.5234	0.2560	0.0476	0.4484
44	77	0.2535	5	0	0	0	2	0	0	0	0	N	N	N	Y	N	N	N	N	N	N	N	N	0.0001	0.0001	0.0000	0.0003	0.0003	0.0000	0.0000	0.0000	0.0000	0.0000	0.0000	0.0000	0.0001	0.0001	0.0000	0.0000	0.0000	0.0000	0.3645	0.2044	0.7066	0.3275	0.3545	0.1187	0.3932	0.0078	0.8159	0.0095	1.6178	-0.0000	0.0360	1.0391	0.3745	15.0482	14.7996	0.0000	0.0000	0.0000	0.0000	0.0000	0.0000	0.0000	0.0000	0.0000	0.2257	0.0862	0.1395	0.0885	0.0848	0.0037	0.1372	0.0014	0.1358	0.0037	0.0032	0.0004	0.0008	0.0008	0.0000	0.0028	0.0024	0.0004	0.6191	0.4217	0.1974	0.2701	0.2391	0.0309	0.3490	0.1826	0.1664	0.0001	0.0001	0.0000	0.0003	0.0003	0.0000	0.0000	0.0000	0.0000	0.3645	0.2044	0.7066	0.3275	0.3545	0.1187	0.3932	0.0078	0.8159
44	78	0.2312	4	0	0	0	2	0	0	0	0	N	N	N	Y	N	N	N	N	N	N	N	N	0.0196	0.0115	0.1527	0.0474	0.0442	0.0000	0.0222	0.0000	0.1495	0.0025	0.0020	0.0061	0.0116	0.0120	0.0000	0.0010	0.0000	0.0064	0.1295	0.1715	0.0402	0.2441	0.2704	0.0263	0.0448	0.0469	0.0425	0.5005	0.1100	-0.0000	-0.0251	1.0391	1.4595	15.0482	10.3922	0.0000	0.0000	0.0000	0.0000	0.0000	0.0000	0.0000	0.0000	0.0000	0.0699	0.0630	0.0069	0.0560	0.0554	0.0006	0.0139	0.0076	0.0063	0.0117	0.0101	0.0016	0.0017	0.0017	0.0001	0.0100	0.0084	0.0016	0.5399	0.3674	0.1725	0.2295	0.2048	0.0247	0.3104	0.1626	0.1477	0.0196	0.0115	0.1527	0.0474	0.0442	0.0000	0.0222	0.0000	0.1495	0.1295	0.1715	0.0402	0.2441	0.2704	0.0263	0.0448	0.0469	0.0425
44	79	0.2171	3	0	0	0	2	0	0	0	0	N	N	N	Y	N	N	N	N	N	N	N	N	2.3416	0.0297	8.7064	0.1074	0.1487	0.0003	3.2983	0.0000	11.2320	0.1576	0.0013	1.0404	0.0090	0.0094	0.0001	0.1778	0.0000	1.0773	0.0673	0.0426	0.1195	0.0837	0.0631	0.2446	0.0539	0.0133	0.0959	145.5469	1.3286	0.0009	0.0032	1.0391	1.3861	15.0482	6.3168	0.0016	0.0000	0.0016	0.0000	0.0000	0.0000	0.0016	0.0000	0.0016	0.0286	0.0123	0.0163	0.0160	0.0107	0.0053	0.0126	0.0016	0.0110	0.0103	0.0088	0.0016	0.0012	0.0012	0.0001	0.0091	0.0076	0.0015	0.4246	0.2882	0.1364	0.1910	0.1694	0.0216	0.2336	0.1188	0.1148	2.3416	0.0297	8.7064	0.1074	0.1487	0.0003	3.2983	0.0000	11.2320	0.0673	0.0426	0.1195	0.0837	0.0631	0.2446	0.0539	0.0133	0.0959
44	80	0.1577	2	0	0	0	2	0	0	0	0	N	N	N	Y	N	N	N	N	N	N	N	N	17.9288	0.0000	55.3883	0.0001	0.0002	0.0000	16.5167	0.0000	56.0594	35.5718	0.0000	234.7069	0.0002	0.0002	0.0000	39.8882	0.0000	242.2983	1.9841	0.8818	4.2375	1.5223	1.1243	3.9177	2.4150	0.4920	4.3222	1888594.6399	2.3506	0.5543	0.4003	1.0391	4.0043	15.0482	19.8631	0.9918	0.0000	0.9918	0.0000	0.0000	0.0000	0.9918	0.0000	0.9918	1.6460	0.4912	1.1547	0.6097	0.3861	0.2236	1.0363	0.1051	0.9312	0.0279	0.0237	0.0042	0.0030	0.0029	0.0001	0.0249	0.0208	0.0041	0.8296	0.5571	0.2725	0.4005	0.3434	0.0571	0.4291	0.2137	0.2154	17.9288	0.0000	55.3883	0.0001	0.0002	0.0000	16.5167	0.0000	56.0594	1.9841	0.8818	4.2375	1.5223	1.1243	3.9177	2.4150	0.4920	4.3222
44	81	0.6982	8	0	1	1	1	0	0	0	0	N	N	N	N	N	N	N	N	N	N	N	N	0.0096	0.0914	0.0000	0.0832	0.1091	0.0000	0.0003	0.3677	0.0000	0.0001	0.0001	0.0000	0.0001	0.0001	0.0000	0.0000	0.0000	0.0000	0.0058	0.0007	0.0169	0.0011	0.0010	0.0020	0.0113	0.0000	0.0205	0.0000	10.7796	-0.0000	0.0005	1.0391	2.0162	15.0482	4.5500	0.0000	0.0000	0.0000	0.0000	0.0000	0.0000	0.0000	0.0000	0.0000	0.0011	0.0001	0.0010	0.0001	0.0001	0.0000	0.0010	0.0000	0.0010	0.0252	0.0214	0.0038	0.0145	0.0123	0.0022	0.0107	0.0091	0.0016	0.1885	0.1292	0.0592	0.1022	0.0905	0.0117	0.0862	0.0387	0.0475	0.0096	0.0914	0.0000	0.0832	0.1091	0.0000	0.0003	0.3677	0.0000	0.0058	0.0007	0.0169	0.0011	0.0010	0.0020	0.0113	0.0000	0.0205
44	82	0.2656	6	0	1	1	1	0	0	0	0	N	N	N	N	N	N	N	N	N	N	N	N	0.0016	0.0013	0.0000	0.0043	0.0038	0.0000	0.0000	0.0000	0.0000	0.0002	0.0002	0.0000	0.0009	0.0010	0.0000	0.0000	0.0000	0.0000	0.1161	0.1677	0.0002	0.2114	0.2512	0.0003	0.0005	0.0008	0.0001	0.0002	0.0005	-0.0000	-0.0149	1.0391	3.0011	15.0482	3.7015	0.0000	0.0000	0.0000	0.0000	0.0000	0.0000	0.0000	0.0000	0.0000	0.0325	0.0325	0.0000	0.0324	0.0324	0.0000	0.0001	0.0001	0.0000	0.0221	0.0190	0.0032	0.0044	0.0042	0.0003	0.0177	0.0148	0.0029	0.2800	0.1937	0.0863	0.1534	0.1291	0.0243	0.1266	0.0646	0.0620	0.0016	0.0013	0.0000	0.0043	0.0038	0.0000	0.0000	0.0000	0.0000	0.1161	0.1677	0.0002	0.2114	0.2512	0.0003	0.0005	0.0008	0.0001
44	83	0.2542	5	0	1	0	1	0	0	0	0	N	N	N	N	N	N	N	N	N	N	N	N	0.0023	0.0000	0.8727	0.0004	0.0000	0.4902	0.0526	0.0000	0.9844	0.0003	0.0000	0.0019	0.0001	0.0000	0.0012	0.0003	0.0000	0.0019	0.1154	0.1660	0.0021	0.1940	0.2407	0.0024	0.0060	0.0096	0.0020	128.8803	0.0058	0.0000	-0.0170	1.0391	2.0032	15.0482	4.2039	0.0000	0.0000	0.0000	0.0000	0.0000	0.0000	0.0000	0.0000	0.0000	0.0375	0.0373	0.0002	0.0367	0.0366	0.0001	0.0008	0.0007	0.0001	0.0149	0.0127	0.0021	0.0029	0.0028	0.0002	0.0120	0.0100	0.0020	0.3249	0.2245	0.1004	0.1890	0.1520	0.0370	0.1359	0.0726	0.0633	0.0023	0.0000	0.8727	0.0004	0.0000	0.4902	0.0526	0.0000	0.9844	0.1154	0.1660	0.0021	0.1940	0.2407	0.0024	0.0060	0.0096	0.0020
44	84	0.2510	5	1	0	1	1	0	0	0	0	N	N	N	N	N	N	N	N	N	N	N	N	0.0052	0.0000	0.6758	0.0009	0.0000	0.9219	0.1286	0.0000	0.6043	0.0022	0.0000	0.0146	0.0007	0.0000	0.0123	0.0025	0.0000	0.0148	0.4256	0.6380	0.0217	0.7643	0.9078	0.0133	0.0198	0.0136	0.0245	808.7179	0.0179	0.0000	-0.0521	1.0391	1.0052	15.0482	4.9545	0.0000	0.0000	0.0000	0.0000	0.0000	0.0000	0.0000	0.0000	0.0000	0.1182	0.1162	0.0021	0.1157	0.1154	0.0003	0.0025	0.0007	0.0018	0.0076	0.0065	0.0011	0.0014	0.0013	0.0001	0.0063	0.0052	0.0011	0.2778	0.1821	0.0957	0.1514	0.1271	0.0243	0.1264	0.0549	0.0714	0.0052	0.0000	0.6758	0.0009	0.0000	0.9219	0.1286	0.0000	0.6043	0.4256	0.6380	0.0217	0.7643	0.9078	0.0133	0.0198	0.0136	0.0245
44	85	0.2316	4	1	0	1	1	0	0	0	0	N	N	N	N	N	N	N	N	N	N	N	N	0.3429	0.0004	49.7990	0.1016	0.0023	289.0984	0.3463	0.0000	33.7015	0.4007	0.0006	2.7784	0.1038	0.0029	1.7308	0.4734	0.0000	2.8692	1.1688	1.6876	0.0558	1.0215	1.2841	0.0060	1.3670	2.5004	0.0851	727.8842	0.0154	0.0017	-0.1927	1.0391	0.9968	15.0482	7.6169	0.0030	0.0000	0.0030	0.0002	0.0000	0.0001	0.0029	0.0000	0.0029	0.4349	0.4283	0.0066	0.2180	0.2178	0.0003	0.2168	0.2105	0.0063	0.0075	0.0064	0.0011	0.0015	0.0014	0.0001	0.0060	0.0050	0.0010	0.3721	0.2538	0.1183	0.2134	0.1696	0.0439	0.1586	0.0842	0.0744	0.3429	0.0004	49.7990	0.1016	0.0023	289.0984	0.3463	0.0000	33.7015	1.1688	1.6876	0.0558	1.0215	1.2841	0.0060	1.3670	2.5004	0.0851
44	86	0.2516	3	1	1	0	1	0	0	0	0	N	N	N	N	N	N	N	N	N	N	N	N	0.0013	0.0009	0.0132	0.0010	0.0009	0.0000	0.0161	0.0818	0.0116	0.0000	0.0000	0.0000	0.0000	0.0000	0.0000	0.0000	0.0000	0.0000	0.0272	0.0363	0.0032	0.0452	0.0536	0.0017	0.0019	0.0003	0.0039	0.2142	0.0331	-0.0000	-0.0097	1.0391	5.8060	15.0482	6.1034	0.0000	0.0000	0.0000	0.0000	0.0000	0.0000	0.0000	0.0000	0.0000	0.0227	0.0219	0.0007	0.0220	0.0219	0.0001	0.0007	0.0001	0.0006	0.0503	0.0431	0.0072	0.0123	0.0117	0.0006	0.0380	0.0314	0.0066	0.8337	0.6043	0.2294	0.4867	0.4085	0.0782	0.3470	0.1958	0.1512	0.0013	0.0009	0.0132	0.0010	0.0009	0.0000	0.0161	0.0818	0.0116	0.0272	0.0363	0.0032	0.0452	0.0536	0.0017	0.0019	0.0003	0.0039
44	87	0.1577	2	1	1	0	1	0	0	0	0	N	N	N	N	N	N	N	N	N	N	N	N	0.0029	0.0026	0.0012	0.0102	0.0095	0.0025	0.0022	0.0016	0.0011	0.0014	0.0016	0.0002	0.0056	0.0058	0.0003	0.0009	0.0010	0.0002	0.4727	0.6154	0.1796	0.5443	0.6142	0.1337	0.4070	0.6171	0.1921	0.0248	0.1421	-0.0000	-0.1756	1.0391	12.2869	15.0482	21.7146	0.0001	0.0001	0.0000	0.0000	0.0000	0.0000	0.0001	0.0001	0.0000	0.5258	0.4604	0.0654	0.2897	0.2794	0.0104	0.2360	0.1810	0.0550	0.0822	0.0699	0.0123	0.0087	0.0083	0.0004	0.0735	0.0616	0.0119	1.1121	0.7481	0.3640	0.5323	0.4548	0.0775	0.5798	0.2933	0.2866	0.0029	0.0026	0.0012	0.0102	0.0095	0.0025	0.0022	0.0016	0.0011	0.4727	0.6154	0.1796	0.5443	0.6142	0.1337	0.4070	0.6171	0.1921
44	88	0.2542	5	0	1	0	1	0	0	0	0	N	N	N	N	N	N	N	N	N	N	N	N	0.0260	0.0219	0.0001	0.9192	1.0018	0.0000	0.0000	0.0000	0.0001	0.0010	0.0012	0.0000	0.0052	0.0055	0.0000	0.0000	0.0000	0.0000	0.0392	0.0544	0.0058	0.0057	0.0055	0.0062	0.0817	0.1497	0.0056	0.0001	0.0487	-0.0000	-0.0089	1.0391	4.0005	15.0482	9.0093	0.0000	0.0000	0.0000	0.0000	0.0000	0.0000	0.0000	0.0000	0.0000	0.0216	0.0206	0.0010	0.0017	0.0014	0.0004	0.0199	0.0192	0.0006	0.0294	0.0252	0.0042	0.0058	0.0054	0.0003	0.0237	0.0198	0.0039	0.5512	0.3786	0.1726	0.3079	0.2501	0.0578	0.2434	0.1285	0.1149	0.0260	0.0219	0.0001	0.9192	1.0018	0.0000	0.0000	0.0000	0.0001	0.0392	0.0544	0.0058	0.0057	0.0055	0.0062	0.0817	0.1497	0.0056
44	89	0.2316	4	0	1	0	1	0	0	0	0	N	N	N	N	N	N	N	N	N	N	N	N	0.0166	0.0135	0.0103	0.0836	0.0731	0.0036	0.0001	0.0000	0.0191	0.0005	0.0006	0.0000	0.0027	0.0029	0.0000	0.0000	0.0000	0.0000	0.0323	0.0461	0.0027	0.0324	0.0394	0.0048	0.0321	0.0593	0.0015	0.0075	0.0272	-0.0000	-0.0060	1.0391	1.0051	15.0482	9.2650	0.0000	0.0000	0.0000	0.0000	0.0000	0.0000	0.0000	0.0000	0.0000	0.0138	0.0134	0.0004	0.0079	0.0076	0.0002	0.0059	0.0058	0.0001	0.0076	0.0065	0.0011	0.0015	0.0014	0.0001	0.0061	0.0051	0.0010	0.4276	0.2916	0.1360	0.2426	0.1937	0.0489	0.1851	0.0979	0.0871	0.0166	0.0135	0.0103	0.0836	0.0731	0.0036	0.0001	0.0000	0.0191	0.0323	0.0461	0.0027	0.0324	0.0394	0.0048	0.0321	0.0593	0.0015
44	90	0.2800	4	0	0	1	1	0	0	0	0	N	N	N	N	N	N	N	N	N	N	N	N	39.7983	0.0002	128.2417	0.0414	0.0006	0.6218	69.9017	0.0000	170.5483	2.3552	0.0000	14.3826	0.0037	0.0000	0.1752	2.7587	0.0000	14.6512	0.0592	0.0353	0.1122	0.0886	0.0662	0.2817	0.0395	0.0015	0.0859	443722.9706	1.4366	0.0263	0.0036	1.0391	2.3559	15.0482	7.1930	0.0471	0.0000	0.0471	0.0000	0.0000	0.0000	0.0471	0.0000	0.0471	0.0276	0.0113	0.0163	0.0166	0.0111	0.0055	0.0110	0.0002	0.0108	0.0200	0.0167	0.0033	0.0029	0.0029	0.0001	0.0171	0.0138	0.0032	0.4661	0.3211	0.1450	0.1870	0.1676	0.0194	0.2791	0.1535	0.1256	39.7983	0.0002	128.2417	0.0414	0.0006	0.6218	69.9017	0.0000	170.5483	0.0592	0.0353	0.1122	0.0886	0.0662	0.2817	0.0395	0.0015	0.0859
44	91	0.2472	3	0	0	0	1	0	0	0	0	N	N	N	N	N	N	N	N	N	N	N	N	51.6163	0.6084	123.5118	0.4185	1.4183	0.5815	81.0173	0.0197	202.1097	16.1236	0.0387	109.8792	0.1458	0.1278	0.9569	21.8204	0.0003	114.3149	0.3124	0.0636	0.8896	0.3485	0.0901	1.6456	0.2693	0.0146	0.5656	487.3033	6.0299	0.5089	0.1877	1.0391	4.9284	15.0482	11.0439	0.9140	0.0019	0.9121	0.0022	0.0019	0.0003	0.9118	0.0000	0.9118	0.4701	0.0669	0.4032	0.2853	0.0615	0.2238	0.1848	0.0054	0.1794	0.0567	0.0484	0.0083	0.0149	0.0146	0.0003	0.0418	0.0338	0.0080	1.5048	1.0516	0.4532	0.8187	0.6827	0.1360	0.6862	0.3689	0.3172	51.6163	0.6084	123.5118	0.4185	1.4183	0.5815	81.0173	0.0197	202.1097	0.3124	0.0636	0.8896	0.3485	0.0901	1.6456	0.2693	0.0146	0.5656
44	92	0.1577	2	0	0	0	1	0	0	0	0	N	N	N	N	N	N	N	N	N	N	N	N	0.8574	0.0053	2.7248	0.0142	0.0086	0.0572	1.3754	0.0082	5.0901	1.4525	0.0043	9.5586	0.0320	0.0090	0.5341	1.6250	0.0036	9.8505	1.6942	0.8113	3.5080	2.2518	1.0479	9.3326	1.1815	0.4434	1.9352	399.8049	2.1044	0.0220	0.4048	1.0391	3.9161	15.0482	29.2065	0.0396	0.0001	0.0395	0.0001	0.0000	0.0001	0.0395	0.0001	0.0395	1.8443	0.5941	1.2502	1.1742	0.4670	0.7072	0.6701	0.1271	0.5431	0.0273	0.0231	0.0041	0.0030	0.0028	0.0001	0.0243	0.0203	0.0040	1.0886	0.7322	0.3564	0.5214	0.4457	0.0758	0.5672	0.2866	0.2806	0.8574	0.0053	2.7248	0.0142	0.0086	0.0572	1.3754	0.0082	5.0901	1.6942	0.8113	3.5080	2.2518	1.0479	9.3326	1.1815	0.4434	1.9352
44	93	0.6982	8	1	1	0	1	0	0	0	0	N	N	N	N	N	N	N	N	N	N	N	N	0.3514	0.2878	0.0211	0.3388	0.3503	0.0145	0.1562	0.3150	0.0162	0.0729	0.0857	0.0002	0.1292	0.1511	0.0002	0.0007	0.0008	0.0001	0.2076	0.2977	0.0083	0.3813	0.4313	0.0165	0.0045	0.0026	0.0061	0.0004	0.0126	-0.0009	-0.0235	1.0391	2.5103	15.0482	7.4742	0.0021	0.0021	0.0000	0.0021	0.0021	0.0000	0.0000	0.0000	0.0000	0.0527	0.0520	0.0007	0.0521	0.0519	0.0003	0.0005	0.0001	0.0004	0.0287	0.0244	0.0043	0.0161	0.0138	0.0023	0.0125	0.0106	0.0019	0.2537	0.1747	0.0790	0.1367	0.1203	0.0165	0.1169	0.0545	0.0625	0.3514	0.2878	0.0211	0.3388	0.3503	0.0145	0.1562	0.3150	0.0162	0.2076	0.2977	0.0083	0.3813	0.4313	0.0165	0.0045	0.0026	0.0061
44	94	0.6620	7	0	1	0	1	0	0	0	0	N	N	N	N	N	N	N	N	N	N	N	N	2.6759	1.9238	9.4922	3.9666	2.9353	145.0966	0.0112	0.0159	0.0051	0.0782	0.0677	0.1450	0.1586	0.1347	0.3362	0.0002	0.0002	0.0001	0.0292	0.0352	0.0153	0.0400	0.0459	0.0023	0.0159	0.0121	0.0196	0.3346	0.1864	-0.0012	-0.0036	1.0391	7.1305	15.0482	3.2426	0.0062	0.0046	0.0016	0.0062	0.0046	0.0016	0.0000	0.0000	0.0000	0.0121	0.0102	0.0019	0.0092	0.0091	0.0001	0.0029	0.0011	0.0018	0.0792	0.0685	0.0107	0.0390	0.0344	0.0046	0.0402	0.0341	0.0061	0.4143	0.2898	0.1246	0.2294	0.1982	0.0312	0.1849	0.0916	0.0934	2.6759	1.9238	9.4922	3.9666	2.9353	145.0966	0.0112	0.0159	0.0051	0.0292	0.0352	0.0153	0.0400	0.0459	0.0023	0.0159	0.0121	0.0196
44	95	0.2316	4	1	1	0	1	0	0	0	0	N	N	N	N	N	N	N	N	N	N	N	N	10.3538	0.0429	120966.2774	0.2725	0.2360	0.0000	7.8868	0.0143	360899.0697	17.2411	0.1050	119.4622	0.2126	0.2260	0.0000	21.2175	0.0733	129.6391	1.6652	2.4476	0.0010	0.7801	0.9578	0.0024	2.6903	5.1217	0.0004	190.6447	0.0002	0.5529	-0.7976	1.0391	8.0000	15.0482	22.5660	0.9986	0.0052	0.9933	0.0023	0.0023	0.0000	0.9962	0.0029	0.9933	1.7408	1.7405	0.0003	0.4377	0.4374	0.0002	1.3031	1.3031	0.0001	0.0579	0.0496	0.0083	0.0110	0.0103	0.0007	0.0470	0.0393	0.0077	1.0454	0.7111	0.3343	0.5610	0.4567	0.1043	0.4844	0.2544	0.2300	10.3538	0.0429	120966.2774	0.2725	0.2360	0.0000	7.8868	0.0143	360899.0697	1.6652	2.4476	0.0010	0.7801	0.9578	0.0024	2.6903	5.1217	0.0004
44	96	0.1577	2	0	0	0	1	0	0	0	0	N	N	N	N	N	N	N	N	N	N	N	N	0.4112	0.6802	0.0022	2.7208	3.8343	0.0000	0.0080	0.0290	0.0034	0.3785	0.4446	0.0032	3.5374	3.7000	0.0000	0.0046	0.0048	0.0033	0.9204	0.6536	1.4682	1.3001	0.9650	3.2806	0.5701	0.1659	0.9804	0.0013	1.0941	-0.0134	0.0606	1.0391	11.9964	15.0482	18.8414	0.0304	0.0304	0.0000	0.0301	0.0301	0.0000	0.0003	0.0003	0.0000	0.9450	0.4513	0.4937	0.6406	0.4066	0.2339	0.3044	0.0446	0.2598	0.0804	0.0684	0.0120	0.0085	0.0081	0.0004	0.0719	0.0602	0.0117	1.0266	0.6904	0.3363	0.4927	0.4214	0.0713	0.5340	0.2690	0.2649	0.4112	0.6802	0.0022	2.7208	3.8343	0.0000	0.0080	0.0290	0.0034	0.9204	0.6536	1.4682	1.3001	0.9650	3.2806	0.5701	0.1659	0.9804
44	98	0.2621	6	1	1	1	1	0	0	0	0	N	N	N	N	N	N	N	N	N	N	N	N	0.1852	0.1566	0.0000	2.7861	2.9140	0.0000	0.0063	0.0041	0.0000	0.3298	0.3987	0.0000	0.9273	1.1531	0.0000	0.0215	0.0256	0.0000	1.7808	2.5463	0.1144	0.3328	0.3957	0.0507	3.4394	6.3218	0.1429	0.0000	0.0206	-0.0013	-0.4748	1.0391	0.9502	15.0482	16.1595	0.0029	0.0029	0.0000	0.0027	0.0027	0.0000	0.0001	0.0001	0.0000	1.0837	1.0618	0.0219	0.1081	0.1051	0.0030	0.9756	0.9567	0.0189	0.0087	0.0072	0.0015	0.0030	0.0024	0.0006	0.0057	0.0048	0.0009	0.6085	0.4170	0.1915	0.3249	0.2657	0.0592	0.2836	0.1513	0.1323	0.1852	0.1566	0.0000	2.7861	2.9140	0.0000	0.0063	0.0041	0.0000	1.7808	2.5463	0.1144	0.3328	0.3957	0.0507	3.4394	6.3218	0.1429
44	99	0.1577	2	0	1	0	1	0	0	0	0	N	N	N	N	N	N	N	N	N	N	N	N	0.0029	0.0082	0.0000	0.0188	0.0889	0.0000	0.0000	0.0000	0.0000	0.0009	0.0010	0.0000	0.0082	0.0086	0.0000	0.0000	0.0000	0.0000	0.3044	0.1251	0.6721	0.4356	0.0966	2.4542	0.1827	0.1703	0.1952	0.0000	2.6206	-0.0000	0.0758	1.0391	11.9964	15.0482	15.6499	0.0001	0.0001	0.0000	0.0001	0.0001	0.0000	0.0000	0.0000	0.0000	0.2855	0.0789	0.2067	0.1966	0.0373	0.1593	0.0889	0.0415	0.0474	0.0804	0.0684	0.0120	0.0085	0.0081	0.0004	0.0719	0.0602	0.0117	0.9379	0.6304	0.3075	0.4513	0.3864	0.0649	0.4866	0.2440	0.2426	0.0029	0.0082	0.0000	0.0188	0.0889	0.0000	0.0000	0.0000	0.0000	0.3044	0.1251	0.6721	0.4356	0.0966	2.4542	0.1827	0.1703	0.1952
44	100	0.2651	7	1	0	1	1	0	0	0	0	N	N	N	N	N	N	N	N	N	N	N	N	0.0002	0.0002	0.0000	0.0001	0.0001	0.0000	0.0003	0.0002	0.0000	0.0004	0.0004	0.0000	0.0001	0.0001	0.0000	0.0004	0.0005	0.0000	1.7193	2.4126	0.2319	1.9419	2.3654	0.0064	1.4661	2.4965	0.3288	0.0000	0.0448	-0.0000	-0.3817	1.0391	1.0008	15.0482	13.9255	0.0000	0.0000	0.0000	0.0000	0.0000	0.0000	0.0000	0.0000	0.0000	0.9186	0.8792	0.0394	0.5521	0.5518	0.0003	0.3665	0.3274	0.0391	0.0076	0.0065	0.0011	0.0017	0.0016	0.0001	0.0059	0.0049	0.0010	0.5343	0.3644	0.1699	0.2843	0.2333	0.0510	0.2500	0.1311	0.1188	0.0002	0.0002	0.0000	0.0001	0.0001	0.0000	0.0003	0.0002	0.0000	1.7193	2.4126	0.2319	1.9419	2.3654	0.0064	1.4661	2.4965	0.3288
44	101	0.2621	6	1	0	1	1	0	0	0	0	N	N	N	N	N	N	N	N	N	N	N	N	0.8106	1.1132	0.0011	0.0556	0.0860	0.0008	4.7464	5.9788	0.0014	0.0808	0.1120	0.0001	0.0070	0.0103	0.0001	0.3170	0.3585	0.0001	0.0996	0.1007	0.0974	0.1249	0.1201	0.1487	0.0668	0.0600	0.0741	0.0004	0.4253	-0.0001	-0.0021	1.0391	0.0532	15.0482	2.0467	0.0002	0.0002	0.0000	0.0000	0.0000	0.0000	0.0001	0.0001	0.0000	0.0132	0.0093	0.0039	0.0093	0.0075	0.0019	0.0038	0.0018	0.0021	0.0019	0.0014	0.0005	0.0015	0.0010	0.0005	0.0005	0.0004	0.0001	0.1324	0.0919	0.0404	0.0748	0.0622	0.0126	0.0575	0.0297	0.0278	0.8106	1.1132	0.0011	0.0556	0.0860	0.0008	4.7464	5.9788	0.0014	0.0996	0.1007	0.0974	0.1249	0.1201	0.1487	0.0668	0.0600	0.0741
44	102	0.2524	5	1	0	1	1	0	0	0	0	N	N	N	N	N	N	N	N	N	N	N	N	0.0123	0.0104	0.0012	0.0160	0.0151	0.0031	0.0191	0.0132	0.0002	0.0171	0.0203	0.0001	0.0309	0.0361	0.0002	0.0118	0.0141	0.0000	1.3899	1.9559	0.0545	1.9294	2.3962	0.0776	0.6177	1.0642	0.0391	0.0006	0.0118	-0.0001	-0.1667	1.0391	2.0948	15.0482	3.0326	0.0003	0.0003	0.0000	0.0001	0.0001	0.0000	0.0001	0.0001	0.0000	0.3733	0.3689	0.0044	0.3050	0.3026	0.0025	0.0682	0.0663	0.0019	0.0173	0.0145	0.0027	0.0048	0.0041	0.0007	0.0124	0.0104	0.0020	0.2686	0.1886	0.0799	0.1581	0.1263	0.0318	0.1105	0.0623	0.0481	0.0123	0.0104	0.0012	0.0160	0.0151	0.0031	0.0191	0.0132	0.0002	1.3899	1.9559	0.0545	1.9294	2.3962	0.0776	0.6177	1.0642	0.0391
44	103	0.2316	4	1	0	1	1	0	0	0	0	N	N	N	N	N	N	N	N	N	N	N	N	0.8015	0.6423	0.0226	1.4955	1.2699	0.0090	0.8602	0.5508	0.0354	0.1725	0.2015	0.0001	0.4116	0.4376	0.0001	0.1159	0.1386	0.0001	0.2152	0.3137	0.0038	0.2752	0.3446	0.0060	0.1347	0.2517	0.0025	0.0001	0.0057	-0.0022	-0.0368	1.0391	3.9484	15.0482	4.8420	0.0050	0.0050	0.0000	0.0023	0.0023	0.0000	0.0027	0.0027	0.0000	0.0814	0.0809	0.0005	0.0596	0.0593	0.0003	0.0218	0.0216	0.0002	0.0292	0.0250	0.0042	0.0056	0.0052	0.0003	0.0236	0.0197	0.0039	0.3780	0.2578	0.1202	0.2166	0.1722	0.0444	0.1615	0.0857	0.0758	0.8015	0.6423	0.0226	1.4955	1.2699	0.0090	0.8602	0.5508	0.0354	0.2152	0.3137	0.0038	0.2752	0.3446	0.0060	0.1347	0.2517	0.0025
44	104	0.1900	3	0	1	0	1	0	0	0	0	N	N	N	N	N	N	N	N	N	N	N	N	0.3936	0.1483	406.2813	0.1887	0.1673	4.9617	6.9437	1.4746	1099.5347	0.0913	0.0502	0.3523	0.0857	0.0894	0.0126	0.0930	0.0373	0.3816	0.2320	0.3386	0.0009	0.4540	0.5342	0.0025	0.0134	0.0253	0.0003	1.1060	0.0012	0.0006	-0.1421	1.0391	8.9557	15.0482	32.3127	0.0067	0.0032	0.0035	0.0014	0.0014	0.0000	0.0053	0.0018	0.0035	0.3108	0.3104	0.0004	0.3017	0.3015	0.0003	0.0090	0.0089	0.0001	0.0731	0.0631	0.0099	0.0164	0.0156	0.0008	0.0567	0.0475	0.0092	1.3395	0.9167	0.4228	0.6646	0.5643	0.1003	0.6749	0.3524	0.3225	0.3936	0.1483	406.2813	0.1887	0.1673	4.9617	6.9437	1.4746	1099.5347	0.2320	0.3386	0.0009	0.4540	0.5342	0.0025	0.0134	0.0253	0.0003
44	105	0.2154	4	0	0	1	1	0	0	0	0	N	N	N	N	N	N	N	N	N	N	N	N	0.0003	0.0000	0.0120	0.0001	0.0001	0.0000	0.0029	0.0000	0.0097	0.0001	0.0000	0.0005	0.0001	0.0001	0.0000	0.0001	0.0000	0.0005	0.3069	0.4249	0.0405	0.5581	0.6552	0.0009	0.0329	0.0136	0.0539	4.5392	0.0423	0.0000	-0.0584	1.0391	4.2679	15.0482	7.8415	0.0000	0.0000	0.0000	0.0000	0.0000	0.0000	0.0000	0.0000	0.0000	0.1398	0.1341	0.0057	0.1326	0.1326	0.0000	0.0072	0.0015	0.0056	0.0353	0.0299	0.0053	0.0077	0.0074	0.0004	0.0275	0.0225	0.0050	0.4555	0.3156	0.1399	0.2376	0.2023	0.0352	0.2179	0.1133	0.1047	0.0003	0.0000	0.0120	0.0001	0.0001	0.0000	0.0029	0.0000	0.0097	0.3069	0.4249	0.0405	0.5581	0.6552	0.0009	0.0329	0.0136	0.0539
44	106	0.1900	3	0	0	0	1	0	0	0	0	N	N	N	N	N	N	N	N	N	N	N	N	0.4968	0.4637	0.0073	1.1885	1.3527	0.0000	0.2777	0.1976	0.0099	0.0306	0.0346	0.0002	0.0383	0.0398	0.0000	0.0264	0.0314	0.0003	0.0616	0.0747	0.0322	0.0322	0.0294	0.0477	0.0951	0.1590	0.0265	0.0009	0.1922	-0.0003	-0.0087	1.0391	1.9301	15.0482	9.0954	0.0007	0.0007	0.0000	0.0003	0.0003	0.0000	0.0004	0.0004	0.0000	0.0294	0.0247	0.0047	0.0082	0.0063	0.0019	0.0212	0.0184	0.0029	0.0237	0.0210	0.0028	0.0084	0.0081	0.0003	0.0154	0.0129	0.0025	0.4774	0.3302	0.1472	0.2542	0.2147	0.0395	0.2232	0.1154	0.1078	0.4968	0.4637	0.0073	1.1885	1.3527	0.0000	0.2777	0.1976	0.0099	0.0616	0.0747	0.0322	0.0322	0.0294	0.0477	0.0951	0.1590	0.0265
44	107	0.1577	2	0	0	0	1	0	0	0	0	N	N	N	N	N	N	N	N	N	N	N	N	0.0741	0.0493	0.6472	0.1649	0.1496	0.1469	0.0983	0.0470	0.5795	0.0049	0.0047	0.0063	0.0162	0.0169	0.0006	0.0035	0.0030	0.0065	0.0663	0.0945	0.0098	0.0981	0.1129	0.0039	0.0361	0.0630	0.0112	0.2427	0.0516	-0.0000	-0.0139	1.0391	3.9049	15.0482	9.6098	0.0001	0.0001	0.0000	0.0000	0.0000	0.0000	0.0001	0.0001	0.0000	0.0340	0.0324	0.0017	0.0246	0.0244	0.0001	0.0095	0.0080	0.0015	0.0272	0.0231	0.0041	0.0029	0.0028	0.0001	0.0243	0.0203	0.0040	0.5135	0.3426	0.1710	0.2503	0.2162	0.0340	0.2633	0.1263	0.1369	0.0741	0.0493	0.6472	0.1649	0.1496	0.1469	0.0983	0.0470	0.5795	0.0663	0.0945	0.0098	0.0981	0.1129	0.0039	0.0361	0.0630	0.0112
44	108	0.1788	4	0	1	0	1	0	0	0	0	N	N	N	N	N	N	N	N	N	N	N	N	0.0048	0.0082	0.0001	2.7534	7.3724	0.0002	0.0017	0.0023	0.0001	0.0084	0.0098	0.0004	0.0253	0.0265	0.0000	0.0057	0.0068	0.0004	1.7491	1.1931	2.8814	0.0092	0.0036	0.0443	3.2612	2.9599	3.5679	0.0065	1.1856	-0.0002	0.1588	1.0391	8.0392	15.0482	22.6195	0.0005	0.0005	0.0000	0.0002	0.0002	0.0000	0.0003	0.0003	0.0000	1.8887	0.8642	1.0245	0.0046	0.0016	0.0031	1.8841	0.8626	1.0215	0.0595	0.0507	0.0088	0.0082	0.0079	0.0004	0.0513	0.0428	0.0085	1.0798	0.7243	0.3556	0.5021	0.4328	0.0693	0.5777	0.2914	0.2863	0.0048	0.0082	0.0001	2.7534	7.3724	0.0002	0.0017	0.0023	0.0001	1.7491	1.1931	2.8814	0.0092	0.0036	0.0443	3.2612	2.9599	3.5679
44	109	0.1788	3	0	0	0	1	0	0	0	0	N	N	N	N	N	N	N	N	N	N	N	N	0.0067	0.0069	0.0093	0.0100	0.0093	0.0909	0.0048	0.0122	0.0083	0.0027	0.0021	0.0057	0.0041	0.0040	0.0108	0.0018	0.0006	0.0056	0.3955	0.3011	0.6087	0.4093	0.4309	0.1193	0.3819	0.0458	0.6702	0.5335	0.8942	-0.0000	0.0011	1.0391	0.2031	15.0482	2.0398	0.0000	0.0000	0.0000	0.0000	0.0000	0.0000	0.0000	0.0000	0.0000	0.0780	0.0412	0.0368	0.0399	0.0391	0.0008	0.0381	0.0021	0.0360	0.0040	0.0033	0.0006	0.0015	0.0015	0.0000	0.0025	0.0019	0.0006	0.1973	0.1368	0.0605	0.0975	0.0907	0.0068	0.0999	0.0461	0.0538	0.0067	0.0069	0.0093	0.0100	0.0093	0.0909	0.0048	0.0122	0.0083	0.3955	0.3011	0.6087	0.4093	0.4309	0.1193	0.3819	0.0458	0.6702
44	110	0.7593	9	1	0	1	1	0	0	0	0	N	N	N	N	N	N	N	N	N	N	N	N	0.0000	0.0000	0.0000	0.0000	0.0000	0.0000	0.0000	0.0000	0.0000	0.0000	0.0000	0.0000	0.0000	0.0000	0.0000	0.6853	1.0093	0.0000	0.5849	0.6493	0.0000	0.8146	2.0704	0.0000	0.0000	0.0000	-0.0000	1.0391	0.0001	15.0482	0.0001	0.0000	0.0000	0.0000	0.0000	0.0000	0.0000	0.0000	0.0000	0.0000	0.0001	0.0001	0.0000	0.0000	0.0000	0.0000	0.0000	0.0000	0.0000	0.0007	0.0006	0.0002	0.0004	0.0004	0.0000	0.0004	0.0002	0.0002	0.0001	0.0001	0.0000	0.0001	0.0001	0.0000	0.0001	0.0000	0.0000	0.0000	0.0000	0.0000	0.0000	0.0000	0.0000	0.0000	0.0000	0.0000	0.6853	1.0093	0.0000	0.5849	0.6493	0.0000	0.8146	2.0704	0.0000				
44	111	0.7455	8	1	0	1	1	0	0	0	0	N	N	N	N	N	N	N	N	N	N	N	N	0.0145	0.0000	2635.0609	0.0290	0.0001	4105.3590	0.0002	0.0000	36.8792	0.1645	0.0004	0.8578	0.2887	0.0007	1.1775	0.0015	0.0000	0.0126	11.3746	17.8951	0.0003	9.9555	11.4548	0.0003	10.1751	20.6143	0.0003	555.6809	0.0000	0.0027	-0.8409	1.0391	1.6718	15.0482	2.9223	0.0048	0.0000	0.0048	0.0048	0.0000	0.0048	0.0000	0.0000	0.0000	1.8345	1.8345	0.0000	0.8753	0.8753	0.0000	0.9593	0.9592	0.0000	0.0293	0.0237	0.0056	0.0166	0.0126	0.0041	0.0127	0.0111	0.0015	0.2280	0.1605	0.0675	0.1337	0.1140	0.0197	0.0943	0.0465	0.0477	0.0204	0.0000	2635.0609	0.0441	0.0001	4105.3590	0.0002	0.0000	36.8792	8.0478	11.4303	0.0003	6.5476	7.6803	0.0003	10.1751	20.6143	0.0003
44	112	0.6620	7	1	0	1	1	0	0	0	0	N	N	N	N	N	N	N	N	N	N	N	N	0.6819	0.0747	32.7939	0.9679	0.1232	77.5402	0.0018	0.0002	0.0247	0.2113	0.0315	1.3787	0.4717	0.0682	3.8387	0.0002	0.0000	0.0010	0.3099	0.4221	0.0420	0.4873	0.5540	0.0495	0.1028	0.1624	0.0397	6.7385	0.0417	0.0109	-0.0816	1.0391	14.0283	15.0482	7.1084	0.0254	0.0033	0.0221	0.0254	0.0033	0.0221	0.0000	0.0000	0.0000	0.1951	0.1873	0.0078	0.1652	0.1630	0.0022	0.0299	0.0243	0.0056	0.1202	0.1041	0.0160	0.0538	0.0481	0.0058	0.0664	0.0561	0.0103	0.6295	0.4437	0.1858	0.3391	0.2942	0.0448	0.2904	0.1494	0.1410	0.6819	0.0747	32.7939	0.9679	0.1232	77.5402	0.0018	0.0002	0.0247	0.3099	0.4221	0.0420	0.4873	0.5540	0.0495	0.1028	0.1624	0.0397
44	113	0.6017	6	0	0	0	1	0	0	0	0	N	N	N	N	N	N	N	N	N	N	N	N	0.5620	0.6050	0.3240	1.1795	1.1051	4.6507	0.0053	0.0085	0.0028	0.1689	0.1809	0.0987	0.3493	0.3772	0.1944	0.0016	0.0017	0.0012	0.3006	0.2990	0.3046	0.2962	0.3413	0.0418	0.3067	0.2020	0.4193	0.0926	0.4137	-0.0070	-0.0319	1.0391	8.6129	15.0482	5.1709	0.0195	0.0179	0.0017	0.0194	0.0178	0.0016	0.0001	0.0001	0.0000	0.1926	0.1362	0.0564	0.1106	0.1083	0.0024	0.0820	0.0280	0.0540	0.1157	0.0989	0.0168	0.0556	0.0472	0.0085	0.0600	0.0517	0.0083	0.6408	0.4558	0.1851	0.3735	0.3172	0.0562	0.2673	0.1385	0.1288	0.5620	0.6050	0.3240	1.1795	1.1051	4.6507	0.0053	0.0085	0.0028	0.3006	0.2990	0.3046	0.2962	0.3413	0.0418	0.3067	0.2020	0.4193
44	114	0.5066	5	0	0	0	1	0	0	0	0	N	N	N	N	N	N	N	N	N	N	N	N	0.1536	1.4397	0.0020	4.2284	4.2442	0.5299	0.0002	0.0049	0.0002	0.1149	0.1324	0.0048	0.4299	0.4594	0.0323	0.0003	0.0003	0.0006	0.7479	0.0920	2.3535	0.1017	0.1082	0.0610	1.4959	0.0618	3.1490	0.0058	10.4515	-0.0062	0.4644	1.0391	16.8607	15.0482	22.7724	0.0141	0.0140	0.0001	0.0141	0.0140	0.0001	0.0000	0.0000	0.0000	1.0223	0.0893	0.9330	0.0746	0.0683	0.0062	0.9477	0.0210	0.9268	0.1230	0.1061	0.0169	0.0328	0.0305	0.0023	0.0902	0.0755	0.0147	1.3668	0.9703	0.3964	0.7332	0.6311	0.1021	0.6335	0.3392	0.2943	0.1536	1.4397	0.0020	4.2284	4.2442	0.5299	0.0002	0.0049	0.0002	0.7479	0.0920	2.3535	0.1017	0.1082	0.0610	1.4959	0.0618	3.1490
44	115	0.2378	4	1	0	1	1	0	0	0	0	N	N	N	N	N	N	N	N	N	N	N	N	0.0308	0.0252	0.0000	0.0698	0.0705	0.0000	0.0000	0.0000	0.0000	0.0001	0.0002	0.0000	0.0006	0.0007	0.0000	0.0000	0.0000	0.0000	0.0043	0.0063	0.0001	0.0084	0.0094	0.0001	0.0001	0.0002	0.0001	0.0000	0.0058	-0.0000	-0.0005	1.0391	1.0009	15.0482	4.0038	0.0000	0.0000	0.0000	0.0000	0.0000	0.0000	0.0000	0.0000	0.0000	0.0011	0.0011	0.0000	0.0011	0.0011	0.0000	0.0000	0.0000	0.0000	0.0080	0.0067	0.0012	0.0018	0.0016	0.0002	0.0061	0.0051	0.0010	0.2590	0.1777	0.0814	0.1325	0.1172	0.0153	0.1265	0.0604	0.0661	0.0308	0.0252	0.0000	0.0698	0.0705	0.0000	0.0000	0.0000	0.0000	0.0043	0.0063	0.0001	0.0084	0.0094	0.0001	0.0001	0.0002	0.0001
44	116	0.2095	3	1	0	1	1	0	0	0	0	N	N	N	N	N	N	N	N	N	N	N	N	0.5689	0.9146	0.0036	1.3319	1.5336	0.0011	0.0417	0.4541	0.0042	0.0638	0.0734	0.0007	0.1692	0.1827	0.0002	0.0040	0.0046	0.0008	0.1121	0.0803	0.1820	0.1270	0.1191	0.1717	0.0959	0.0102	0.1855	0.0014	1.0320	-0.0005	0.0030	1.0391	1.8441	15.0482	10.4794	0.0011	0.0011	0.0000	0.0011	0.0011	0.0000	0.0000	0.0000	0.0000	0.0606	0.0298	0.0308	0.0357	0.0285	0.0073	0.0249	0.0014	0.0235	0.0177	0.0154	0.0023	0.0064	0.0059	0.0005	0.0113	0.0094	0.0019	0.5405	0.3714	0.1691	0.2812	0.2390	0.0423	0.2593	0.1325	0.1268	0.5689	0.9146	0.0036	1.3319	1.5336	0.0011	0.0417	0.4541	0.0042	0.1121	0.0803	0.1820	0.1270	0.1191	0.1717	0.0959	0.0102	0.1855
44	117	0.3938	3	0	1	0	2	0	0	0	0	N	N	N	Y	N	N	N	N	N	N	N	N	0.0235	0.0319	0.0010	0.0597	0.0652	0.0031	0.0072	0.0202	0.0008	0.0105	0.0120	0.0006	0.0295	0.0309	0.0019	0.0028	0.0033	0.0005	0.4490	0.3774	0.6182	0.4939	0.4741	0.6027	0.3885	0.1611	0.6247	0.0080	0.6932	-0.0004	-0.0385	1.0391	10.5071	15.0482	20.2622	0.0010	0.0010	0.0000	0.0008	0.0008	0.0000	0.0002	0.0002	0.0000	0.7860	0.4642	0.3218	0.4963	0.4030	0.0933	0.2897	0.0612	0.2284	0.0922	0.0802	0.0120	0.0267	0.0254	0.0013	0.0655	0.0548	0.0107	1.7504	1.2299	0.5205	1.0048	0.8499	0.1549	0.7457	0.3800	0.3656	0.0235	0.0319	0.0010	0.0597	0.0652	0.0031	0.0072	0.0202	0.0008	0.4490	0.3774	0.6182	0.4939	0.4741	0.6027	0.3885	0.1611	0.6247
44	118	0.1577	2	0	1	0	2	0	0	0	0	N	N	N	Y	N	N	N	N	N	N	N	N	0.0011	0.0016	0.0000	0.0000	0.0000	0.0000	0.0007	0.0008	0.0000	0.0022	0.0025	0.0000	0.0000	0.0000	0.0000	0.0024	0.0029	0.0000	1.9590	1.6127	2.6699	0.2900	0.3325	0.0385	3.5000	3.6206	3.3777	0.0030	0.8065	-0.0000	-0.0238	1.0391	4.0036	15.0482	26.5072	0.0001	0.0001	0.0000	0.0000	0.0000	0.0000	0.0001	0.0001	0.0000	1.9901	1.1017	0.8884	0.1414	0.1387	0.0027	1.8487	0.9630	0.8857	0.0278	0.0236	0.0042	0.0030	0.0029	0.0001	0.0248	0.0207	0.0041	1.0159	0.6831	0.3328	0.4877	0.4171	0.0705	0.5282	0.2660	0.2622	0.0011	0.0016	0.0000	0.0000	0.0000	0.0000	0.0007	0.0008	0.0000	1.9590	1.6127	2.6699	0.2900	0.3325	0.0385	3.5000	3.6206	3.3777
44	119	0.1961	3	0	1	0	1	0	0	0	0	N	N	N	N	N	N	N	N	N	N	N	N	0.0095	0.0210	0.0000	0.7206	0.6735	0.0000	0.0010	0.0018	0.0000	0.0283	0.0322	0.0000	0.0659	0.0683	0.0000	0.0061	0.0074	0.0000	2.9770	1.5317	6.2559	0.0914	0.1015	0.0356	6.1175	4.0314	9.1399	0.0000	1.8003	-0.0005	0.5225	1.0391	3.8169	15.0482	21.2433	0.0012	0.0012	0.0000	0.0010	0.0010	0.0000	0.0002	0.0002	0.0000	2.8313	1.0111	1.8203	0.0453	0.0426	0.0027	2.7860	0.9685	1.8176	0.0407	0.0358	0.0049	0.0151	0.0145	0.0005	0.0256	0.0212	0.0044	0.9511	0.6601	0.2910	0.4956	0.4199	0.0758	0.4554	0.2402	0.2152	0.0095	0.0210	0.0000	0.7206	0.6735	0.0000	0.0010	0.0018	0.0000	2.9770	1.5317	6.2559	0.0914	0.1015	0.0356	6.1175	4.0314	8.4464
44	120	0.5418	7	0	1	0	1	0	0	0	0	N	N	N	N	N	N	N	N	N	N	N	N	0.0372	0.0427	0.0708	0.1071	0.1051	0.2470	0.0182	0.0000	0.0536	0.0346	0.0119	0.1778	0.0514	0.0375	0.2969	0.0277	0.0000	0.1625	0.9306	0.2800	2.5120	0.4803	0.3573	1.2020	1.5262	0.1108	3.0329	2.3546	3.6901	0.0012	0.6606	1.0391	16.3276	15.0482	34.9199	0.0046	0.0014	0.0032	0.0020	0.0014	0.0006	0.0026	0.0000	0.0026	2.0115	0.4289	1.5826	0.5912	0.3757	0.2155	1.4203	0.0532	1.3671	0.1323	0.1142	0.0181	0.0384	0.0363	0.0021	0.0939	0.0779	0.0160	2.1615	1.5315	0.6300	1.2309	1.0516	0.1793	0.9306	0.4799	0.4508	0.0372	0.0427	0.0708	0.1071	0.1051	0.2470	0.0182	0.0000	0.0536	0.9306	0.2800	2.5120	0.4803	0.3573	1.2020	1.5262	0.1108	3.0329
44	121	0.5244	6	0	1	0	1	0	0	0	0	N	N	N	N	N	N	N	N	N	N	N	N	0.0563	0.0518	0.1052	0.1102	0.1105	0.2126	0.0342	0.0289	0.0925	0.0205	0.0123	0.0698	0.0367	0.0330	0.1170	0.0140	0.0025	0.0652	0.3648	0.2371	0.6637	0.3329	0.2981	0.5503	0.4088	0.0851	0.7051	0.9539	1.1963	0.0001	0.0475	1.0391	6.1757	15.0482	14.5601	0.0011	0.0006	0.0005	0.0006	0.0005	0.0001	0.0005	0.0001	0.0005	0.5502	0.2505	0.2997	0.2912	0.2248	0.0664	0.2590	0.0258	0.2333	0.0537	0.0459	0.0077	0.0155	0.0148	0.0007	0.0382	0.0311	0.0070	1.5082	1.0566	0.4515	0.8745	0.7539	0.1207	0.6336	0.3028	0.3309	0.0563	0.0518	0.1052	0.1102	0.1105	0.2126	0.0342	0.0289	0.0925	0.3648	0.2371	0.6637	0.3329	0.2981	0.5503	0.4088	0.0851	0.7051
44	122	0.4714	5	0	0	0	1	0	0	0	0	N	N	N	N	N	N	N	N	N	N	N	N	0.0195	0.0100	0.0910	0.0271	0.0252	0.0526	0.0186	0.0002	0.0995	0.0095	0.0052	0.0357	0.0154	0.0151	0.0223	0.0067	0.0001	0.0375	0.4851	0.5237	0.3925	0.5692	0.5978	0.4251	0.3632	0.3511	0.3763	1.0982	0.3128	0.0001	-0.2074	1.0391	7.5400	15.0482	21.4192	0.0006	0.0003	0.0003	0.0003	0.0003	0.0000	0.0003	0.0000	0.0003	0.9420	0.7176	0.2244	0.6538	0.5730	0.0808	0.2882	0.1445	0.1436	0.0685	0.0590	0.0095	0.0214	0.0203	0.0011	0.0471	0.0387	0.0084	1.9420	1.3702	0.5718	1.1486	0.9585	0.1900	0.7935	0.4117	0.3817	0.0195	0.0100	0.0910	0.0271	0.0252	0.0526	0.0186	0.0002	0.0995	0.4851	0.5237	0.3925	0.5692	0.5978	0.4251	0.3632	0.3511	0.3763
44	123	0.2316	4	0	1	0	1	0	0	0	0	N	N	N	N	N	N	N	N	N	N	N	N	0.0122	0.0329	0.0000	0.0032	0.0034	0.0000	0.0101	0.3092	0.0000	0.0255	0.0298	0.0000	0.0042	0.0045	0.0000	0.0306	0.0366	0.0000	2.0981	0.9053	4.6420	1.3124	1.3342	1.2186	3.0319	0.1183	6.2588	0.0000	2.4044	-0.0003	0.4394	1.0391	4.0019	15.0482	19.5615	0.0008	0.0008	0.0000	0.0000	0.0000	0.0000	0.0007	0.0007	0.0000	1.7724	0.5206	1.2518	0.6021	0.4966	0.1054	1.1704	0.0240	1.1464	0.0295	0.0253	0.0043	0.0057	0.0053	0.0003	0.0239	0.0200	0.0039	0.8448	0.5751	0.2697	0.4588	0.3722	0.0865	0.3860	0.2029	0.1832	0.0122	0.0329	0.0000	0.0032	0.0034	0.0000	0.0101	0.3092	0.0000	2.0981	0.9053	4.6420	1.3124	1.3342	1.2186	3.0319	0.1183	6.2588
44	124	0.2095	3	0	0	0	1	0	0	0	0	N	N	N	N	N	N	N	N	N	N	N	N	0.0130	0.0170	0.0000	0.0249	0.0271	0.0000	0.0002	0.0006	0.0000	0.0213	0.0244	0.0000	0.0498	0.0539	0.0000	0.0002	0.0002	0.0000	1.6352	1.4354	2.0766	1.9985	1.9852	2.0741	1.2272	0.3980	2.0775	0.0000	0.6546	-0.0001	-0.0461	1.0391	1.2223	15.0482	8.2281	0.0003	0.0003	0.0000	0.0003	0.0003	0.0000	0.0000	0.0000	0.0000	0.7352	0.4444	0.2909	0.4753	0.4017	0.0736	0.2599	0.0427	0.2172	0.0132	0.0115	0.0017	0.0056	0.0052	0.0004	0.0076	0.0063	0.0013	0.4496	0.3096	0.1401	0.2378	0.2023	0.0355	0.2118	0.1072	0.1046	0.0130	0.0170	0.0000	0.0249	0.0271	0.0000	0.0002	0.0006	0.0000	1.6352	1.4354	2.0766	1.9985	1.9852	2.0741	1.2272	0.3980	2.0775
44	125	0.1577	2	0	0	0	1	0	0	0	0	N	N	N	N	N	N	N	N	N	N	N	N	0.0065	0.0112	0.0000	0.0569	0.0603	0.0000	0.0000	0.0003	0.0000	0.0012	0.0014	0.0000	0.0112	0.0117	0.0000	0.0000	0.0000	0.0000	0.1859	0.1269	0.3057	0.1960	0.1936	0.2111	0.1764	0.0166	0.3302	0.0006	1.1876	-0.0000	0.0104	1.0391	5.9920	15.0482	12.2976	0.0000	0.0000	0.0000	0.0000	0.0000	0.0000	0.0000	0.0000	0.0000	0.1232	0.0563	0.0669	0.0630	0.0536	0.0095	0.0602	0.0028	0.0574	0.0413	0.0351	0.0062	0.0044	0.0042	0.0002	0.0369	0.0308	0.0060	0.6629	0.4441	0.2188	0.3216	0.2767	0.0449	0.3413	0.1674	0.1739	0.0065	0.0112	0.0000	0.0569	0.0603	0.0000	0.0000	0.0003	0.0000	0.1859	0.1269	0.3057	0.1960	0.1936	0.2111	0.1764	0.0166	0.3302
44	126	0.1948	4	0	1	0	1	0	0	0	0	N	N	N	N	N	N	N	N	N	N	N	N	25.2514	0.0111	60.8465	0.0053	0.0486	0.0000	58.2795	0.0002	186.0692	25.3042	0.0016	170.1371	0.0082	0.0085	0.0000	30.3337	0.0000	178.1917	1.0021	0.1452	2.7962	1.5429	0.1753	10.2735	0.5205	0.0996	0.9577	18527.2142	9.2004	0.5544	0.3726	1.0391	5.0407	15.0482	17.1705	0.9921	0.0001	0.9921	0.0001	0.0001	0.0000	0.9921	0.0000	0.9921	0.8399	0.0823	0.7576	0.6092	0.0599	0.5493	0.2308	0.0225	0.2083	0.0392	0.0334	0.0058	0.0065	0.0062	0.0003	0.0327	0.0271	0.0056	0.8382	0.5673	0.2709	0.3948	0.3414	0.0535	0.4433	0.2259	0.2175	25.2514	0.0111	60.8465	0.0053	0.0486	0.0000	58.2795	0.0002	186.0692	1.0021	0.1452	2.7962	1.5429	0.1753	10.2735	0.5205	0.0996	0.9577
44	127	0.1788	3	0	1	0	1	0	0	0	0	N	N	N	N	N	N	N	N	N	N	N	N	0.5163	0.0471	1.5193	0.1839	0.2119	0.0095	0.4298	0.0000	1.4286	0.0771	0.0032	0.4885	0.0151	0.0155	0.0015	0.0908	0.0000	0.5073	0.1493	0.0684	0.3215	0.0821	0.0733	0.1529	0.2113	0.0602	0.3551	27.2185	2.2066	0.0007	0.0137	1.0391	1.9703	15.0482	6.2034	0.0013	0.0000	0.0013	0.0000	0.0000	0.0000	0.0013	0.0000	0.0013	0.0598	0.0186	0.0411	0.0158	0.0125	0.0032	0.0440	0.0061	0.0379	0.0168	0.0143	0.0026	0.0031	0.0030	0.0001	0.0138	0.0113	0.0025	0.4002	0.2723	0.1279	0.1921	0.1708	0.0212	0.2082	0.1015	0.1067	0.5163	0.0471	1.5193	0.1839	0.2119	0.0095	0.4298	0.0000	1.4286	0.1493	0.0684	0.3215	0.0821	0.0733	0.1529	0.2113	0.0602	0.3551
44	128	0.1577	2	0	0	0	1	0	0	0	0	N	N	N	N	N	N	N	N	N	N	N	N	0.0003	0.0556	0.0000	0.0803	0.6011	0.0000	0.0000	0.0069	0.0000	0.0007	0.0008	0.0001	0.0051	0.0053	0.0000	0.0002	0.0002	0.0001	2.3909	0.0149	8.4732	0.0631	0.0088	0.4287	4.6249	0.0259	9.5107	0.0307	242.1584	-0.0000	0.4674	1.0391	1.1032	15.0482	7.8190	0.0000	0.0000	0.0000	0.0000	0.0000	0.0000	0.0000	0.0000	0.0000	0.8696	0.0036	0.8660	0.0112	0.0014	0.0099	0.8583	0.0022	0.8561	0.0078	0.0067	0.0012	0.0009	0.0008	0.0000	0.0070	0.0058	0.0012	0.3637	0.2406	0.1231	0.1781	0.1551	0.0230	0.1856	0.0855	0.1001	0.0003	0.0556	0.0000	0.0803	0.6011	0.0000	0.0000	0.0069	0.0000	2.3909	0.0149	7.0342	0.0631	0.0088	0.4287	4.6249	0.0259	8.5546
44	129	0.5007	6	0	1	0	1	0	0	0	0	N	N	N	N	N	N	N	N	N	N	N	N	0.0000	0.0000	0.0000	0.0000	0.0000	0.0000	0.0000	0.0000	0.0000	0.0000	0.0000	0.0000	0.0000	0.0000	0.0000	0.0000	0.0000	0.0000	0.0138	0.0201	0.0001	0.0213	0.0262	0.0001	0.0012	0.0025	0.0001	0.0021	0.0000	-0.0062	1.0391	1.0033	15.0482	0.8635	0.0000	0.0000	0.0000	0.0000	0.0000	0.0000	0.0000	0.0000	0.0000	0.0137	0.0137	0.0000	0.0132	0.0132	0.0000	0.0005	0.0004	0.0000	0.0434	0.0361	0.0073	0.0281	0.0225	0.0056	0.0153	0.0136	0.0018	0.9898	0.6813	0.3084	0.6206	0.5041	0.1165	0.3692	0.1772	0.1920	0.0000	0.0000	0.0000	0.0000	0.0000	0.0000	0.0000	0.0000	0.0000	0.0138	0.0201	0.0001	0.0213	0.0262	0.0001	0.0012	0.0025	0.0001	
44	130	0.4714	5	0	0	0	1	0	0	0	0	N	N	N	N	N	N	N	N	N	N	N	N	0.1927	0.2408	0.0087	0.7581	0.6853	0.1855	0.0028	0.0029	0.0045	0.1254	0.1444	0.0067	0.3664	0.3845	0.0189	0.0025	0.0020	0.0050	0.6505	0.5994	0.7716	0.4834	0.5610	0.1021	0.9061	0.6953	1.1239	0.0074	0.5432	-0.0030	-0.1132	1.0391	5.5514	15.0482	9.9598	0.0069	0.0069	0.0001	0.0068	0.0068	0.0000	0.0001	0.0001	0.0000	1.0639	0.6894	0.3745	0.4780	0.4609	0.0171	0.5859	0.2285	0.3574	0.0553	0.0477	0.0076	0.0187	0.0178	0.0009	0.0367	0.0300	0.0067	1.6355	1.1501	0.4854	0.9889	0.8215	0.1674	0.6466	0.3286	0.3180	0.1927	0.2408	0.0087	0.7581	0.6853	0.1855	0.0028	0.0029	0.0045	0.6505	0.5994	0.7716	0.4834	0.5610	0.1021	0.9061	0.6953	1.1239
44	131	0.4411	4	0	0	0	1	0	0	0	0	N	N	N	N	N	N	N	N	N	N	N	N	0.0123	0.0072	0.0522	0.0228	0.0208	0.0268	0.0083	0.0009	0.0439	0.0087	0.0055	0.0289	0.0161	0.0165	0.0075	0.0058	0.0007	0.0312	0.7042	0.7663	0.5549	0.7042	0.7943	0.2805	0.7043	0.6994	0.7096	0.8314	0.3009	0.0000	-0.2741	1.0391	9.1969	15.0482	13.4651	0.0007	0.0004	0.0003	0.0004	0.0003	0.0000	0.0003	0.0000	0.0003	1.2070	0.9278	0.2791	0.7287	0.6778	0.0509	0.4782	0.2500	0.2283	0.0805	0.0695	0.0109	0.0222	0.0212	0.0010	0.0582	0.0483	0.0099	1.7139	1.2108	0.5031	1.0348	0.8534	0.1814	0.6791	0.3574	0.3217	0.0123	0.0072	0.0522	0.0228	0.0208	0.0268	0.0083	0.0009	0.0439	0.7042	0.7663	0.5549	0.7042	0.7943	0.2805	0.7043	0.6994	0.7096
44	132	0.2546	6	1	1	0	2	0	0	0	0	N	N	N	Y	N	N	N	N	N	N	N	N	0.0000	0.0000	0.0000	0.0000	0.0000	0.0000	0.0000	0.0000	0.0000	0.0000	0.0000	0.0000	0.0000	0.0000	0.0000	0.0000	0.0000	0.0000	0.0010	0.0013	0.0006	0.0018	0.0019	0.0009	0.0002	0.0000	0.0005	0.2060	0.0000	-0.0000	1.0391	1.0000	15.0482	3.0001	0.0000	0.0000	0.0000	0.0000	0.0000	0.0000	0.0000	0.0000	0.0000	0.0001	0.0001	0.0000	0.0001	0.0001	0.0000	0.0000	0.0000	0.0000	0.0073	0.0063	0.0011	0.0012	0.0012	0.0001	0.0061	0.0051	0.0010	0.1414	0.0976	0.0438	0.0736	0.0626	0.0110	0.0678	0.0350	0.0328	0.0000	0.0000	0.0000	0.0000	0.0000	0.0000	0.0000	0.0000	0.0000	0.0010	0.0013	0.0006	0.0018	0.0019	0.0009	0.0002	0.0000	0.0005	
44	133	0.6535	10	1	1	0	2	0	0	0	0	N	N	N	Y	N	N	N	N	N	N	N	N	0.0000	0.0000	0.0000	0.0000	0.0000	0.0000	0.0000	0.0000	0.0000	0.0000	0.0000	0.0000	0.0000	0.0000	0.0000	0.0000	0.0000	0.0000	0.6887	0.0019	2.4224	0.9900	0.0030	6.2911	0.3123	0.0000	0.7066	494.0736	0.0000	0.0234	1.0391	0.0006	15.0482	1.9797	0.0000	0.0000	0.0000	0.0000	0.0000	0.0000	0.0000	0.0000	0.0000	0.0433	0.0001	0.0432	0.0346	0.0001	0.0345	0.0087	0.0000	0.0087	0.0000	0.0000	0.0000	0.0000	0.0000	0.0000	0.0000	0.0000	0.0000	0.0629	0.0450	0.0178	0.0349	0.0294	0.0055	0.0280	0.0156	0.0124	0.0000	0.0000	0.0000	0.0000	0.0000	0.0000	0.0000	0.0000	0.0000	0.6887	0.0019	2.4224	0.9900	0.0030	6.2911	0.3123	0.0000	0.7066	
44	134	0.6367	9	1	1	0	2	0	0	0	0	N	N	N	Y	N	N	N	N	N	N	N	N	0.0000	0.0000	0.0000	0.0000	0.0000	0.0000	0.0000	0.0000	0.0000	0.0000	0.0000	0.0000	0.0000	0.0000	0.0000	0.0000	0.0000	0.0000	0.0072	0.0038	0.0155	0.0115	0.0058	0.0418	0.0020	0.0000	0.0044	1.6602	0.0000	0.0003	1.0391	2.0077	15.0482	6.0321	0.0000	0.0000	0.0000	0.0000	0.0000	0.0000	0.0000	0.0000	0.0000	0.0016	0.0006	0.0010	0.0014	0.0006	0.0008	0.0002	0.0000	0.0002	0.0143	0.0123	0.0020	0.0041	0.0038	0.0003	0.0102	0.0085	0.0017	0.2249	0.1601	0.0648	0.1226	0.1033	0.0192	0.1024	0.0568	0.0456	0.0000	0.0000	0.0000	0.0000	0.0000	0.0000	0.0000	0.0000	0.0000	0.0072	0.0038	0.0155	0.0115	0.0058	0.0418	0.0020	0.0000	0.0044	
44	135	0.6320	9	0	1	0	2	0	0	0	0	N	N	N	Y	N	N	N	N	N	N	N	N	0.0003	0.0001	0.0272	0.0003	0.0002	0.0002	0.0083	0.0001	0.0297	0.0001	0.0001	0.0005	0.0002	0.0002	0.0000	0.0001	0.0000	0.0006	0.4350	0.6226	0.0182	0.8258	0.9393	0.0149	0.0120	0.0044	0.0191	1.2432	0.0132	0.0000	-0.0830	1.0391	3.0348	15.0482	9.3583	0.0000	0.0000	0.0000	0.0000	0.0000	0.0000	0.0000	0.0000	0.0000	0.1864	0.1840	0.0024	0.1839	0.1835	0.0004	0.0025	0.0004	0.0020	0.0221	0.0189	0.0032	0.0060	0.0056	0.0004	0.0161	0.0133	0.0028	0.4286	0.2955	0.1330	0.2228	0.1954	0.0274	0.2058	0.1001	0.1057	0.0003	0.0001	0.0272	0.0003	0.0002	0.0002	0.0083	0.0001	0.0297	0.4350	0.6226	0.0182	0.8258	0.9393	0.0149	0.0120	0.0044	0.0191
44	136	0.6177	8	0	0	0	2	0	0	0	0	N	N	N	Y	N	N	N	N	N	N	N	N	0.0107	0.0067	0.0955	0.0120	0.0103	0.1833	0.0417	0.0408	0.0825	0.0079	0.0065	0.0152	0.0156	0.0155	0.0179	0.0045	0.0020	0.0149	0.7359	0.9716	0.1591	1.3012	1.4993	0.0977	0.1084	0.0483	0.1803	0.4245	0.0669	-0.0000	-0.0567	1.0391	0.0433	15.0482	6.6805	0.0000	0.0000	0.0000	0.0000	0.0000	0.0000	0.0000	0.0000	0.0000	0.1432	0.1342	0.0090	0.1332	0.1318	0.0014	0.0100	0.0024	0.0076	0.0004	0.0003	0.0001	0.0001	0.0001	0.0000	0.0003	0.0002	0.0001	0.1946	0.1381	0.0564	0.1024	0.0879	0.0145	0.0922	0.0502	0.0420	0.0107	0.0067	0.0955	0.0120	0.0103	0.1833	0.0417	0.0408	0.0825	0.7359	0.9716	0.1591	1.3012	1.4993	0.0977	0.1084	0.0483	0.1803
44	137	0.2842	8	0	1	0	2	0	0	0	0	N	N	N	Y	N	N	N	N	N	N	N	N	0.0000	0.0000	0.0000	0.0000	0.0000	0.0000	0.0000	0.0000	0.0000	0.0000	0.0000	0.0000	0.0000	0.0000	0.0000	0.0000	0.0000	0.0000	0.0000	0.0000	1.0391	0.0000	15.0482	0.0000	0.0000	0.0000	0.0000	0.0000	0.0000	0.0000	0.0000	0.0000	0.0000	0.0000	0.0000	0.0000	0.0000	0.0000	0.0000	0.0000	0.0000	0.0000	0.0000	0.0000	0.0000	0.0000	0.0000	0.0000	0.0000	0.0000	0.0000	0.0000	0.0000	0.0000	0.0000	0.0000	0.0000	0.0000	0.0000	0.0000	0.0000	0.0000	0.0000	0.0000	0.0000	0.0000	0.0000	0.0000	0.0000	0.0000	0.0000	0.0000	0.0000	0.0000	0.0000	0.0000	0.0000	0.0000											
44	138	0.2791	7	0	1	0	2	0	0	0	0	N	N	N	Y	N	N	N	N	N	N	N	N	0.0002	0.0002	0.0000	0.0002	0.0002	0.0000	0.0000	0.0000	0.0000	0.0000	0.0001	0.0001	0.0000	0.0000	0.0000	0.0000	0.1861	0.2248	0.1080	0.3151	0.3670	0.0000	0.0684	0.0000	0.1356	0.0000	0.2379	-0.0000	-0.0033	1.0391	0.0021	15.0482	2.0000	0.0000	0.0000	0.0000	0.0000	0.0000	0.0000	0.0000	0.0000	0.0000	0.0124	0.0100	0.0024	0.0100	0.0100	0.0000	0.0024	0.0000	0.0024	0.0000	0.0000	0.0000	0.0000	0.0000	0.0000	0.0000	0.0000	0.0000	0.0665	0.0445	0.0220	0.0317	0.0273	0.0045	0.0348	0.0172	0.0176	0.0002	0.0002	0.0000	0.0002	0.0002	0.0000	0.0000	0.0000	0.0000	0.1861	0.2248	0.1080	0.3151	0.3670	0.0000	0.0684	0.0000	0.1356		
44	139	0.2689	6	0	0	0	2	0	0	0	0	N	N	N	Y	N	N	N	N	N	N	N	N	0.0030	0.0025	0.0000	0.0091	0.0082	0.0000	0.0000	0.0000	0.0000	0.0027	0.0032	0.0000	0.0158	0.0167	0.0000	0.0000	0.0000	0.0000	0.8924	1.2966	0.0141	1.7426	2.0418	0.0000	0.0090	0.0000	0.0184	0.0000	0.0050	-0.0000	-0.0575	1.0391	1.0020	15.0482	3.0181	0.0000	0.0000	0.0000	0.0000	0.0000	0.0000	0.0000	0.0000	0.0000	0.1267	0.1261	0.0006	0.1261	0.1261	0.0000	0.0006	0.0000	0.0006	0.0074	0.0063	0.0011	0.0013	0.0012	0.0001	0.0061	0.0051	0.0010	0.1420	0.0972	0.0447	0.0724	0.0618	0.0106	0.0696	0.0355	0.0341	0.0030	0.0025	0.0000	0.0091	0.0082	0.0000	0.0000	0.0000	0.0000	0.8924	1.2966	0.0141	1.7426	2.0418	0.0000	0.0090	0.0000	0.0184
44	140	0.2546	6	0	1	0	1	0	0	0	0	N	N	N	N	N	N	N	N	N	N	N	N	0.0000	0.0000	0.0000	0.0000	0.0000	0.0000	0.0000	0.0000	0.0000	0.0000	0.0000	0.0000	0.0000	0.0000	0.0000	0.0000	0.0000	0.0000	0.0005	0.0005	0.0006	0.0008	0.0008	0.0009	0.0002	0.0000	0.0005	0.4805	0.0000	-0.0000	1.0391	0.0000	15.0482	4.0001	0.0000	0.0000	0.0000	0.0000	0.0000	0.0000	0.0000	0.0000	0.0000	0.0001	0.0001	0.0000	0.0001	0.0001	0.0000	0.0000	0.0000	0.0000	0.0000	0.0000	0.0000	0.0000	0.0000	0.0000	0.0000	0.0000	0.0000	0.1414	0.0976	0.0438	0.0736	0.0626	0.0110	0.0678	0.0350	0.0328	0.0000	0.0000	0.0000	0.0000	0.0000	0.0000	0.0000	0.0000	0.0000	0.0005	0.0005	0.0006	0.0008	0.0008	0.0009	0.0002	0.0000	0.0005	
44	141	0.6322	8	0	1	0	1	0	0	0	0	N	N	N	N	N	N	N	N	N	N	N	N	0.0000	0.0000	0.0000	0.0000	0.0000	0.0000	0.0000	0.0000	0.0000	0.0000	0.0000	0.0000	0.0000	0.0000	0.0000	0.0000	0.0000	0.0000	6.1821	0.0032	42.0551	0.0069	0.0050	0.0172	11.4805	0.0000	52.4432	2263.6438	-0.0000	0.4888	1.0391	1.0003	15.0482	5.0186	0.0000	0.0000	0.0000	0.0000	0.0000	0.0000	0.0000	0.0000	0.0000	0.9032	0.0004	0.9028	0.0006	0.0004	0.0003	0.9026	0.0000	0.9026	0.0071	0.0061	0.0010	0.0020	0.0019	0.0001	0.0051	0.0042	0.0009	0.1728	0.1228	0.0500	0.0942	0.0796	0.0146	0.0786	0.0432	0.0354	0.0000	0.0000	0.0000	0.0000	0.0000	0.0000	0.0000	0.0000	0.0000	5.2261	0.0032	18.0531	0.0069	0.0050	0.0172	11.4805	0.0000	25.5194	
44	142	0.2689	6	0	0	1	2	0	0	0	0	N	N	N	Y	N	N	N	N	N	N	N	N	0.0000	0.0000	0.0000	0.0000	0.0000	0.0000	0.0000	0.0000	0.0000	0.0000	0.0000	0.0000	0.0000	0.0000	0.0000	0.0000	0.0000	0.0000	0.0103	0.0145	0.0011	0.0046	0.0054	0.0004	0.0161	0.0302	0.0013	0.0352	0.0000	-0.0014	1.0391	0.0001	15.0482	9.0026	0.0000	0.0000	0.0000	0.0000	0.0000	0.0000	0.0000	0.0000	0.0000	0.0032	0.0031	0.0001	0.0007	0.0007	0.0000	0.0025	0.0024	0.0001	0.0000	0.0000	0.0000	0.0000	0.0000	0.0000	0.0000	0.0000	0.0000	0.3105	0.2125	0.0980	0.1577	0.1345	0.0232	0.1528	0.0781	0.0748	0.0000	0.0000	0.0000	0.0000	0.0000	0.0000	0.0000	0.0000	0.0000	0.0103	0.0145	0.0011	0.0046	0.0054	0.0004	0.0161	0.0302	0.0013	
44	143	0.6177	8	0	0	1	2	0	0	0	0	N	N	N	Y	N	N	N	N	N	N	N	N	0.0000	0.0000	0.0000	0.0000	0.0000	0.0000	0.0000	0.0000	0.0000	0.0000	0.0000	0.0000	0.0000	0.0000	0.0000	0.0000	0.0000	0.0000	2.0283	2.7888	0.1744	2.2470	2.5803	0.2341	1.7864	3.1522	0.1537	0.0256	0.0000	-0.2505	1.0391	2.0061	15.0482	8.0425	0.0000	0.0000	0.0000	0.0000	0.0000	0.0000	0.0000	0.0000	0.0000	0.5780	0.5636	0.0145	0.3363	0.3313	0.0050	0.2417	0.2322	0.0095	0.0142	0.0121	0.0020	0.0037	0.0035	0.0003	0.0104	0.0087	0.0018	0.2850	0.2021	0.0829	0.1497	0.1284	0.0213	0.1353	0.0737	0.0616	0.0000	0.0000	0.0000	0.0000	0.0000	0.0000	0.0000	0.0000	0.0000	2.0283	2.7888	0.1744	2.2470	2.5803	0.2341	1.7864	3.1522	0.1537	
44	144	0.6086	7	0	0	0	2	0	0	0	0	N	N	N	Y	N	N	N	N	N	N	N	N	0.2636	0.0000	1.1789	0.0000	0.0000	0.0000	2.5585	0.0000	9.9176	0.0013	0.0000	0.0092	0.0000	0.0000	0.0000	0.0020	0.0000	0.0115	0.0051	0.0041	0.0078	0.0091	0.0063	0.0322	0.0008	0.0005	0.0012	inf	0.6836	0.0000	-0.0000	1.0391	1.9550	15.0482	2.1189	0.0000	0.0000	0.0000	0.0000	0.0000	0.0000	0.0000	0.0000	0.0000	0.0008	0.0005	0.0003	0.0008	0.0005	0.0003	0.0001	0.0000	0.0000	0.0148	0.0127	0.0022	0.0047	0.0043	0.0004	0.0101	0.0084	0.0017	0.1602	0.1179	0.0423	0.0831	0.0740	0.0091	0.0771	0.0439	0.0332	0.2636	0.0000	1.1789	0.0000	0.0000	0.0000	2.5585	0.0000	9.9176	0.0051	0.0041	0.0078	0.0091	0.0063	0.0322	0.0008	0.0005	0.0012
44	145	0.6086	7	0	0	1	2	0	0	0	0	N	N	N	Y	N	N	N	N	N	N	N	N	0.0000	0.0000	0.0000	0.0002	0.0002	0.0000	0.0000	0.0000	0.0000	0.0000	0.0000	0.0000	0.0000	0.0000	0.0000	0.0000	0.0000	0.0000	1.4767	2.0679	0.0022	0.0979	0.1119	0.0082	2.9644	5.3881	0.0003	0.0000	0.0004	-0.0000	-0.4027	1.0391	2.1261	15.0482	18.6477	0.0000	0.0000	0.0000	0.0000	0.0000	0.0000	0.0000	0.0000	0.0000	0.8794	0.8790	0.0004	0.0303	0.0299	0.0003	0.8491	0.8491	0.0000	0.0160	0.0137	0.0023	0.0050	0.0046	0.0004	0.0110	0.0091	0.0019	0.5955	0.4251	0.1704	0.3091	0.2675	0.0416	0.2864	0.1576	0.1289	0.0000	0.0000	0.0000	0.0002	0.0002	0.0000	0.0000	0.0000	0.0000	1.4767	2.0679	0.0022	0.0979	0.1119	0.0082	2.9644	5.3881	0.0003
44	146	0.2689	6	0	0	1	2	0	0	0	0	N	N	N	Y	N	N	N	N	N	N	N	N	10.6241	22.1460	0.0000	81.5778	73.5228	0.0000	0.0000	0.0000	0.0000	0.0062	0.0072	0.0000	0.0358	0.0378	0.0000	0.0000	0.0000	0.0000	0.0006	0.0003	0.0011	0.0004	0.0005	0.0000	0.0007	0.0000	0.0015	0.0000	1.5971	-0.0000	0.0000	1.0391	2.0001	15.0482	5.9880	0.0001	0.0001	0.0000	0.0001	0.0001	0.0000	0.0000	0.0000	0.0000	0.0002	0.0001	0.0001	0.0001	0.0001	0.0000	0.0001	0.0000	0.0001	0.0146	0.0125	0.0022	0.0025	0.0024	0.0001	0.0121	0.0101	0.0020	0.2768	0.1895	0.0873	0.1407	0.1200	0.0207	0.1361	0.0695	0.0666	10.6241	22.1460	0.0000	81.5778	73.5228	0.0000	0.0000	0.0000	0.0000	0.0006	0.0003	0.0011	0.0004	0.0005	0.0000	0.0007	0.0000	0.0015
44	147	0.2689	6	0	0	1	2	0	0	0	0	N	N	N	Y	N	N	N	N	N	N	N	N	0.0540	0.0153	0.2124	0.0201	0.0222	0.0000	0.0745	0.0346	0.2316	0.0373	0.0086	0.2055	0.0165	0.0175	0.0000	0.0416	0.0066	0.2191	0.6913	0.5623	0.9676	0.8245	0.7870	1.0383	0.5581	0.1898	0.9460	4.0638	0.8033	0.0009	-0.0089	1.0391	9.0001	15.0482	23.0169	0.0024	0.0005	0.0019	0.0002	0.0002	0.0000	0.0022	0.0003	0.0019	0.6906	0.3830	0.3076	0.4117	0.3343	0.0774	0.2788	0.0486	0.2302	0.0638	0.0545	0.0093	0.0109	0.0103	0.0006	0.0529	0.0442	0.0087	0.9990	0.6810	0.3179	0.4993	0.4248	0.0745	0.4996	0.2562	0.2434	0.0540	0.0153	0.2124	0.0201	0.0222	0.0000	0.0745	0.0346	0.2316	0.6913	0.5623	0.9676	0.8245	0.7870	1.0383	0.5581	0.1898	0.9460
44	148	0.2436	5	0	0	0	2	0	0	0	0	N	N	N	Y	N	N	N	N	N	N	N	N	0.0004	0.0000	0.0065	0.0002	0.0001	0.0251	0.0012	0.0000	0.0052	0.0001	0.0000	0.0009	0.0001	0.0001	0.0010	0.0002	0.0000	0.0009	0.3883	0.4994	0.1408	0.6267	0.7285	0.0386	0.1279	0.0836	0.1746	13.7556	0.1265	0.0000	-0.0493	1.0391	1.9990	15.0482	7.9526	0.0000	0.0000	0.0000	0.0000	0.0000	0.0000	0.0000	0.0000	0.0000	0.1424	0.1264	0.0160	0.1200	0.1189	0.0011	0.0224	0.0075	0.0149	0.0147	0.0125	0.0022	0.0025	0.0024	0.0001	0.0122	0.0101	0.0020	0.3668	0.2532	0.1136	0.1915	0.1632	0.0282	0.1753	0.0899	0.0854	0.0004	0.0000	0.0065	0.0002	0.0001	0.0251	0.0012	0.0000	0.0052	0.3883	0.4994	0.1408	0.6267	0.7285	0.0386	0.1279	0.0836	0.1746
44	149	0.2117	4	1	1	0	1	0	0	0	0	N	N	N	N	N	N	N	N	N	N	N	N	0.0535	0.0024	0.5980	0.0169	0.0070	3.3836	0.1004	0.0000	0.4232	0.0271	0.0015	0.1566	0.0112	0.0057	0.1664	0.0318	0.0000	0.1561	0.5069	0.6140	0.2618	0.6637	0.8035	0.0492	0.3162	0.2734	0.3688	21.0916	0.1862	0.0007	-0.1539	1.0391	5.3497	15.0482	17.2225	0.0013	0.0001	0.0012	0.0001	0.0001	0.0001	0.0012	0.0000	0.0012	0.5105	0.4304	0.0801	0.3669	0.3618	0.0050	0.1436	0.0685	0.0751	0.0473	0.0395	0.0078	0.0106	0.0103	0.0004	0.0367	0.0292	0.0075	1.0070	0.7009	0.3061	0.5528	0.4503	0.1024	0.4543	0.2506	0.2036	0.0535	0.0024	0.5980	0.0169	0.0070	3.3836	0.1004	0.0000	0.4232	0.5069	0.6140	0.2618	0.6637	0.8035	0.0492	0.3162	0.2734	0.3688
44	150	0.2425	5	0	1	0	1	0	0	0	0	N	N	N	N	N	N	N	N	N	N	N	N	0.1174	0.1434	0.0004	0.2118	0.2660	0.0003	0.0014	0.0021	0.0012	0.0265	0.0311	0.0001	0.0814	0.0847	0.0002	0.0001	0.0001	0.0001	0.2257	0.2169	0.2448	0.3842	0.3184	0.7656	0.0583	0.0368	0.0805	0.0006	0.5195	-0.0005	-0.0236	1.0391	3.6794	15.0482	17.4287	0.0012	0.0012	0.0000	0.0012	0.0012	0.0000	0.0000	0.0000	0.0000	0.2023	0.1332	0.0692	0.1769	0.1250	0.0519	0.0254	0.0081	0.0173	0.0438	0.0373	0.0065	0.0142	0.0137	0.0006	0.0295	0.0236	0.0059	0.8965	0.6140	0.2826	0.4604	0.3927	0.0678	0.4361	0.2213	0.2148	0.1174	0.1434	0.0004	0.2118	0.2660	0.0003	0.0014	0.0021	0.0012	0.2257	0.2169	0.2448	0.3842	0.3184	0.7656	0.0583	0.0368	0.0805
44	151	0.2117	4	0	1	0	1	0	0	0	0	N	N	N	N	N	N	N	N	N	N	N	N	0.1556	0.1094	1.3276	0.3436	0.2815	4.3837	0.0955	0.0175	0.9329	0.0547	0.0525	0.0653	0.1609	0.1635	0.0748	0.0183	0.0050	0.0648	0.3517	0.4801	0.0492	0.4682	0.5806	0.0171	0.1914	0.2847	0.0695	0.2599	0.0434	-0.0004	-0.1099	1.0391	3.4464	15.0482	10.1316	0.0019	0.0015	0.0004	0.0014	0.0014	0.0000	0.0005	0.0001	0.0004	0.2638	0.2528	0.0110	0.2034	0.2019	0.0015	0.0604	0.0509	0.0095	0.0340	0.0281	0.0059	0.0087	0.0084	0.0003	0.0253	0.0197	0.0056	0.7500	0.5265	0.2234	0.4343	0.3477	0.0866	0.3156	0.1788	0.1368	0.1556	0.1094	1.3276	0.3436	0.2815	4.3837	0.0955	0.0175	0.9329	0.3517	0.4801	0.0492	0.4682	0.5806	0.0171	0.1914	0.2847	0.0695
44	152	0.6390	10	1	1	0	1	0	0	0	0	N	N	N	N	N	N	N	N	N	N	N	N	0.0001	0.0001	0.0000	0.0001	0.0001	0.0000	0.0033	0.0420	0.0000	0.0001	0.0001	0.0000	0.0001	0.0001	0.0000	0.0000	0.0001	0.0000	0.4503	0.4975	0.3339	0.8166	0.7716	1.0579	0.0142	0.0013	0.0301	0.0000	0.2727	-0.0000	-0.0392	1.0391	1.0143	15.0482	12.0086	0.0000	0.0000	0.0000	0.0000	0.0000	0.0000	0.0000	0.0000	0.0000	0.1607	0.1263	0.0344	0.1584	0.1262	0.0322	0.0023	0.0001	0.0022	0.0074	0.0063	0.0010	0.0022	0.0020	0.0001	0.0052	0.0043	0.0009	0.3569	0.2538	0.1031	0.1940	0.1635	0.0305	0.1630	0.0903	0.0726	0.0001	0.0001	0.0000	0.0001	0.0001	0.0000	0.0033	0.0420	0.0000	0.4503	0.4975	0.3339	0.8166	0.7716	1.0579	0.0142	0.0013	0.0301
44	153	0.6367	9	1	1	0	1	0	0	0	0	N	N	N	N	N	N	N	N	N	N	N	N	0.0074	0.0068	0.0000	0.0150	0.0141	0.0000	0.0000	0.0000	0.0000	0.0001	0.0001	0.0000	0.0002	0.0002	0.0000	0.0000	0.0000	0.0000	0.0072	0.0091	0.0023	0.0123	0.0141	0.0027	0.0010	0.0000	0.0022	0.0000	0.1032	-0.0000	-0.0001	1.0391	0.9811	15.0482	0.0216	0.0000	0.0000	0.0000	0.0000	0.0000	0.0000	0.0000	0.0000	0.0000	0.0002	0.0002	0.0000	0.0002	0.0002	0.0000	0.0000	0.0000	0.0000	0.0070	0.0060	0.0010	0.0020	0.0019	0.0001	0.0050	0.0042	0.0008	0.0291	0.0208	0.0084	0.0159	0.0134	0.0025	0.0132	0.0073	0.0059	0.0074	0.0068	0.0000	0.0150	0.0141	0.0000	0.0000	0.0000	0.0000	0.0072	0.0091	0.0023	0.0123	0.0141	0.0027	0.0010	0.0000	0.0022
44	154	0.6322	8	1	1	0	1	0	0	0	0	N	N	N	N	N	N	N	N	N	N	N	N	0.0000	0.0000	0.0000	0.0000	0.0000	0.0000	0.0000	0.0000	0.0000	0.0000	0.0000	0.0000	0.0000	0.0000	0.0000	0.0000	0.0000	0.0000	0.0714	0.1000	0.0021	0.1299	0.1530	0.0011	0.0012	0.0001	0.0025	0.0085	-0.0000	-0.0020	1.0391	0.0083	15.0482	2.0001	0.0000	0.0000	0.0000	0.0000	0.0000	0.0000	0.0000	0.0000	0.0000	0.0043	0.0043	0.0000	0.0043	0.0043	0.0000	0.0000	0.0000	0.0000	0.0001	0.0001	0.0000	0.0000	0.0000	0.0000	0.0000	0.0000	0.0000	0.0608	0.0431	0.0177	0.0332	0.0281	0.0051	0.0276	0.0150	0.0127	0.0000	0.0000	0.0000	0.0000	0.0000	0.0000	0.0000	0.0000	0.0000	0.0714	0.1000	0.0021	0.1299	0.1530	0.0011	0.0012	0.0001	0.0025	
44	155	0.6086	7	0	1	0	1	0	0	0	0	N	N	N	N	N	N	N	N	N	N	N	N	0.0000	0.0000	0.0000	0.0000	0.0000	0.0000	0.0000	0.0000	0.0000	0.0000	0.0000	0.0000	0.0000	0.0000	0.0000	0.0000	0.0000	0.0000	0.4144	0.5542	0.0536	0.7693	0.8763	0.0321	0.0305	0.0068	0.0602	0.0024	0.0374	-0.0000	-0.0578	1.0391	2.9180	15.0482	7.4065	0.0000	0.0000	0.0000	0.0000	0.0000	0.0000	0.0000	0.0000	0.0000	0.1370	0.1320	0.0049	0.1321	0.1314	0.0007	0.0048	0.0006	0.0042	0.0215	0.0184	0.0031	0.0066	0.0060	0.0006	0.0150	0.0124	0.0025	0.3306	0.2383	0.0923	0.1718	0.1500	0.0218	0.1588	0.0883	0.0705	0.0000	0.0000	0.0000	0.0000	0.0000	0.0000	0.0000	0.0000	0.0000	0.4144	0.5542	0.0536	0.7693	0.8763	0.0321	0.0305	0.0068	0.0602
44	156	0.5427	6	0	0	0	1	0	0	0	0	N	N	N	N	N	N	N	N	N	N	N	N	0.2131	0.0566	0.7715	0.6847	0.0918	11.1473	0.0081	0.0217	0.0110	0.0132	0.0021	0.0946	0.0311	0.0042	0.4499	0.0006	0.0005	0.0016	0.0618	0.0374	0.1226	0.0454	0.0461	0.0404	0.0803	0.0213	0.1479	6.0624	1.3144	0.0005	0.0067	1.0391	8.2479	15.0482	19.7214	0.0012	0.0002	0.0010	0.0011	0.0001	0.0010	0.0000	0.0000	0.0000	0.0612	0.0265	0.0348	0.0239	0.0212	0.0027	0.0374	0.0053	0.0321	0.0877	0.0772	0.0105	0.0361	0.0339	0.0022	0.0516	0.0433	0.0083	0.9909	0.7073	0.2836	0.5255	0.4588	0.0667	0.4654	0.2486	0.2169	0.2131	0.0566	0.7715	0.6847	0.0918	11.1473	0.0081	0.0217	0.0110	0.0618	0.0374	0.1226	0.0454	0.0461	0.0404	0.0803	0.0213	0.1479
44	157	0.5066	5	0	0	0	1	0	0	0	0	N	N	N	N	N	N	N	N	N	N	N	N	0.0795	0.0331	0.3407	0.2375	0.0676	5.5975	0.0152	0.0160	0.0245	0.0132	0.0052	0.0634	0.0366	0.0114	0.3669	0.0027	0.0022	0.0056	0.1656	0.1573	0.1862	0.1541	0.1682	0.0655	0.1796	0.1354	0.2290	1.9255	0.4789	0.0002	-0.0216	1.0391	7.4725	15.0482	14.3153	0.0008	0.0003	0.0006	0.0007	0.0002	0.0005	0.0001	0.0001	0.0000	0.1608	0.1087	0.0521	0.0824	0.0776	0.0048	0.0784	0.0311	0.0473	0.0641	0.0554	0.0088	0.0197	0.0183	0.0014	0.0444	0.0370	0.0074	0.9709	0.6912	0.2797	0.5344	0.4611	0.0732	0.4365	0.2301	0.2064	0.0795	0.0331	0.3407	0.2375	0.0676	5.5975	0.0152	0.0160	0.0245	0.1656	0.1573	0.1862	0.1541	0.1682	0.0655	0.1796	0.1354	0.2290
44	158	0.4411	4	0	0	0	1	0	0	0	0	N	N	N	N	N	N	N	N	N	N	N	N	0.0309	0.0526	0.0206	0.1854	0.1788	0.0719	0.0046	0.0005	0.0148	0.0217	0.0203	0.0302	0.0672	0.0698	0.0164	0.0055	0.0002	0.0316	0.7023	0.3861	1.4654	0.3625	0.3904	0.2282	1.2002	0.3760	2.1305	0.2358	1.5732	-0.0005	0.2048	1.0391	11.6653	15.0482	19.4910	0.0021	0.0017	0.0004	0.0017	0.0017	0.0000	0.0004	0.0000	0.0004	1.3382	0.5200	0.8181	0.4105	0.3659	0.0445	0.9277	0.1541	0.7736	0.0961	0.0830	0.0132	0.0252	0.0240	0.0012	0.0709	0.0590	0.0119	1.9054	1.3470	0.5583	1.1324	0.9372	0.1952	0.7730	0.4099	0.3631	0.0309	0.0526	0.0206	0.1854	0.1788	0.0719	0.0046	0.0005	0.0148	0.7023	0.3861	1.4654	0.3625	0.3904	0.2282	1.2002	0.3760	2.1305
44	159	0.3938	3	0	0	0	1	0	0	0	0	N	N	N	N	N	N	N	N	N	N	N	N	0.0528	0.0251	0.2182	0.0686	0.0689	0.0148	0.0408	0.0041	0.2069	0.0327	0.0144	0.1590	0.0343	0.0356	0.0060	0.0320	0.0029	0.1794	0.6201	0.5741	0.7287	0.4998	0.5171	0.4054	0.7844	0.7040	0.8673	1.5947	0.5372	0.0004	-0.1140	1.0391	7.3933	15.0482	20.5306	0.0024	0.0009	0.0015	0.0008	0.0008	0.0000	0.0016	0.0001	0.0015	1.0468	0.6810	0.3659	0.4874	0.4263	0.0610	0.5595	0.2547	0.3048	0.0725	0.0634	0.0092	0.0234	0.0224	0.0011	0.0491	0.0410	0.0081	1.6883	1.1863	0.5020	0.9751	0.8245	0.1506	0.7132	0.3618	0.3515	0.0528	0.0251	0.2182	0.0686	0.0689	0.0148	0.0408	0.0041	0.2069	0.6201	0.5741	0.7287	0.4998	0.5171	0.4054	0.7844	0.7040	0.8673
44	160	0.1577	2	0	0	0	1	0	0	0	0	N	N	N	N	N	N	N	N	N	N	N	N	0.0204	0.0301	0.0049	0.0155	0.0193	0.0000	0.0300	0.1173	0.0064	0.0116	0.0129	0.0042	0.0121	0.0127	0.0000	0.0116	0.0130	0.0044	0.5695	0.4293	0.8552	0.7845	0.6580	1.4930	0.3859	0.1104	0.6835	0.0561	0.9773	-0.0008	0.0442	1.0391	27.6416	15.0482	54.6365	0.0020	0.0019	0.0001	0.0002	0.0002	0.0000	0.0018	0.0017	0.0001	1.2312	0.6227	0.6086	0.7812	0.5558	0.2253	0.4501	0.0668	0.3832	0.1731	0.1477	0.0254	0.0178	0.0170	0.0008	0.1553	0.1307	0.0246	2.1620	1.4504	0.7116	0.9957	0.8448	0.1509	1.1662	0.6056	0.5606	0.0204	0.0301	0.0049	0.0155	0.0193	0.0000	0.0300	0.1173	0.0064	0.5695	0.4293	0.8552	0.7845	0.6580	1.4930	0.3859	0.1104	0.6835
44	161	0.2622	8	1	1	0	1	0	0	0	0	N	N	N	N	N	N	N	N	N	N	N	N	0.0000	0.0000	0.0000	0.0000	0.0000	0.0000	0.0000	0.0000	0.0000	0.0000	0.0000	0.0000	0.0000	0.0000	0.0000	0.0000	0.0000	0.0000	0.0409	0.0190	0.0897	0.0447	0.0288	0.1348	0.0366	0.0009	0.0743	2.1193	0.0000	0.0010	1.0391	0.0002	15.0482	3.0099	0.0000	0.0000	0.0000	0.0000	0.0000	0.0000	0.0000	0.0000	0.0000	0.0046	0.0015	0.0031	0.0027	0.0015	0.0012	0.0020	0.0000	0.0019	0.0000	0.0000	0.0000	0.0000	0.0000	0.0000	0.0000	0.0000	0.0000	0.1131	0.0781	0.0350	0.0595	0.0506	0.0089	0.0536	0.0275	0.0261	0.0000	0.0000	0.0000	0.0000	0.0000	0.0000	0.0000	0.0000	0.0000	0.0409	0.0190	0.0897	0.0447	0.0288	0.1348	0.0366	0.0009	0.0743	
44	162	0.2546	7	1	1	0	1	0	0	0	0	N	N	N	N	N	N	N	N	N	N	N	N	0.0000	0.0000	0.0000	0.0000	0.0000	0.0000	0.0000	0.0000	0.0000	0.0000	0.0000	0.0000	0.0000	0.0000	0.0000	0.0000	0.0000	0.0000	0.0278	0.0214	0.0421	0.0332	0.0315	0.0428	0.0220	0.0034	0.0418	0.8810	0.0000	0.0000	1.0391	0.9998	15.0482	2.0118	0.0000	0.0000	0.0000	0.0000	0.0000	0.0000	0.0000	0.0000	0.0000	0.0030	0.0016	0.0014	0.0019	0.0015	0.0004	0.0011	0.0001	0.0010	0.0073	0.0063	0.0011	0.0012	0.0012	0.0001	0.0061	0.0051	0.0010	0.1071	0.0740	0.0332	0.0558	0.0475	0.0083	0.0513	0.0265	0.0248	0.0000	0.0000	0.0000	0.0000	0.0000	0.0000	0.0000	0.0000	0.0000	0.0278	0.0214	0.0421	0.0332	0.0315	0.0428	0.0220	0.0034	0.0418	
44	163	0.2546	6	1	1	0	1	0	0	0	0	N	N	N	N	N	N	N	N	N	N	N	N	0.0000	0.0000	0.0000	0.0000	0.0000	0.0000	0.0000	0.0000	0.0000	0.0000	0.0000	0.0000	0.0000	0.0000	0.0000	0.0000	0.0000	0.0000	1.4218	1.0723	2.1011	1.4500	1.3569	1.8686	1.3765	0.1530	2.2158	1.0083	0.0000	0.0000	1.0391	0.0000	15.0482	0.0003	0.0000	0.0000	0.0000	0.0000	0.0000	0.0000	0.0000	0.0000	0.0000	0.0002	0.0001	0.0001	0.0001	0.0001	0.0000	0.0001	0.0000	0.0001	0.0000	0.0000	0.0000	0.0000	0.0000	0.0000	0.0000	0.0000	0.0000	0.0001	0.0001	0.0000	0.0001	0.0001	0.0000	0.0000	0.0000	0.0000	0.0000	0.0000	0.0000	0.0000	0.0000	0.0000	0.0000	0.0000	0.0000	1.4218	1.0723	2.1011	1.4500	1.3569	1.8686	1.3765	0.1530	2.2158	
44	164	0.2436	5	0	1	0	1	0	0	0	0	N	N	N	N	N	N	N	N	N	N	N	N	0.0749	0.0043	71.1422	0.0132	0.0061	161.2981	2.1481	0.0000	76.6942	0.0155	0.0013	0.0762	0.0050	0.0027	0.2298	0.0223	0.0000	0.0729	0.2071	0.2988	0.0011	0.3788	0.4436	0.0014	0.0104	0.0196	0.0009	13.7556	0.0016	0.0000	-0.0169	1.0391	0.0063	15.0482	4.3641	0.0000	0.0000	0.0000	0.0000	0.0000	0.0000	0.0000	0.0000	0.0000	0.0371	0.0370	0.0001	0.0362	0.0362	0.0000	0.0009	0.0008	0.0000	0.0001	0.0001	0.0000	0.0001	0.0001	0.0000	0.0001	0.0001	0.0000	0.1792	0.1240	0.0552	0.0957	0.0816	0.0140	0.0835	0.0423	0.0412	0.0749	0.0043	71.1422	0.0132	0.0061	161.2981	2.1481	0.0000	76.6942	0.2071	0.2988	0.0011	0.3788	0.4436	0.0014	0.0104	0.0196	0.0009
44	165	0.2117	4	0	0	0	1	0	0	0	0	N	N	N	N	N	N	N	N	N	N	N	N	0.2026	0.0143	73.0974	0.1682	0.0884	330.8869	0.1503	0.0000	48.9192	0.0487	0.0048	0.2493	0.0221	0.0145	0.3051	0.0591	0.0000	0.2469	0.2401	0.3401	0.0034	0.1312	0.1641	0.0009	0.3931	0.6866	0.0050	11.2221	0.0042	0.0006	-0.0784	1.0391	2.5207	15.0482	10.0226	0.0013	0.0001	0.0012	0.0002	0.0001	0.0001	0.0012	0.0000	0.0012	0.1727	0.1719	0.0007	0.0551	0.0550	0.0001	0.1176	0.1169	0.0007	0.0274	0.0225	0.0049	0.0077	0.0075	0.0002	0.0197	0.0150	0.0047	0.7191	0.5055	0.2135	0.4200	0.3352	0.0847	0.2991	0.1703	0.1288	0.2026	0.0143	73.0974	0.1682	0.0884	330.8869	0.1503	0.0000	48.9192	0.2401	0.3401	0.0034	0.1312	0.1641	0.0009	0.3931	0.6866	0.0050
44	166	0.1961	3	0	0	0	1	0	0	0	0	N	N	N	N	N	N	N	N	N	N	N	N	0.2031	0.0695	9.5849	0.1381	0.1121	5.8753	0.4098	0.0250	8.9099	0.0920	0.0429	0.4751	0.0845	0.0810	0.1819	0.0975	0.0099	0.5188	0.4529	0.6180	0.0496	0.6120	0.7230	0.0310	0.2380	0.3948	0.0582	1.4165	0.0328	0.0004	-0.0794	1.0391	2.6894	15.0482	4.6619	0.0030	0.0012	0.0018	0.0012	0.0011	0.0001	0.0018	0.0002	0.0017	0.1861	0.1801	0.0059	0.1445	0.1433	0.0012	0.0416	0.0368	0.0047	0.0327	0.0290	0.0037	0.0139	0.0135	0.0005	0.0187	0.0155	0.0032	0.4108	0.2915	0.1193	0.2361	0.1982	0.0379	0.1747	0.0933	0.0814	0.2031	0.0695	9.5849	0.1381	0.1121	5.8753	0.4098	0.0250	8.9099	0.4529	0.6180	0.0496	0.6120	0.7230	0.0310	0.2380	0.3948	0.0582
44	167	0.1577	2	0	0	0	1	0	0	0	0	N	N	N	N	N	N	N	N	N	N	N	N	0.0153	0.0001	0.0850	0.0073	0.0001	0.5926	0.0157	0.0001	0.0703	0.0028	0.0000	0.0182	0.0013	0.0000	0.0288	0.0030	0.0000	0.0179	0.1818	0.1653	0.2146	0.1753	0.1948	0.0486	0.1880	0.1135	0.2547	387.7429	0.6542	0.0000	-0.0051	1.0391	2.7966	15.0482	8.5340	0.0001	0.0000	0.0001	0.0000	0.0000	0.0000	0.0001	0.0000	0.0001	0.0805	0.0487	0.0319	0.0379	0.0365	0.0014	0.0426	0.0122	0.0304	0.0196	0.0166	0.0030	0.0021	0.0020	0.0001	0.0175	0.0146	0.0029	0.4430	0.2946	0.1484	0.2164	0.1875	0.0289	0.2267	0.1071	0.1196	0.0153	0.0001	0.0850	0.0073	0.0001	0.5926	0.0157	0.0001	0.0703	0.1818	0.1653	0.2146	0.1753	0.1948	0.0486	0.1880	0.1135	0.2547
45	46	0.5941	9	1	2	0	0	0	0	0	0	N	Y	N	N	N	N	N	N	N	N	N	N	9267.7330	7132.4241	inf	inf	0.0000	0.0000	13.6858	15.8907	0.0000	55.5738	60.4513	0.0000	0.0000	0.0000	0.0000	0.0015	0.0022	0.0000	0.0000	0.0000	0.0000	0.0029	0.0057	0.0000	0.0000	0.0000	-0.8817	-0.0001	12.0036	2.0120	21.9053	1.9924	1.9988	1.9988	0.0000	1.9988	1.9988	0.0000	0.0000	0.0000	0.0000	0.0002	0.0002	0.0000	0.0000	0.0000	0.0000	0.0002	0.0002	0.0000	0.1460	0.1258	0.0203	0.0360	0.0331	0.0029	0.1101	0.0927	0.0174	0.1354	0.0898	0.0457	0.0657	0.0544	0.0113	0.0698	0.0354	0.0344	9267.7330	7132.4241	0.0000	inf	inf	0.0000	0.0000	0.0000	0.0000	0.0015	0.0022	0.0000	0.0000	0.0000	0.0000	0.0029	0.0057	0.0000			
45	47	0.2173	7	1	2	0	0	0	0	0	0	N	Y	N	N	N	N	N	N	N	N	N	N	0.0000	0.0000	0.0000	0.0000	0.0000	0.0000	0.0000	0.0000	0.0000	0.0000	0.0000	0.0000	0.0000	0.0000	0.0000	0.0000	0.0000	0.0000	0.0000	0.0000	12.0036	0.0002	21.9053	4.0036	0.0000	0.0000	0.0000	0.0000	0.0000	0.0000	0.0000	0.0000	0.0000	0.0000	0.0000	0.0000	0.0000	0.0000	0.0000	0.0000	0.0000	0.0000	0.0000	0.0000	0.0000	0.0000	0.0000	0.0000	0.0000	0.0000	0.0000	0.1668	0.0937	0.0731	0.0221	0.0195	0.0026	0.1446	0.0742	0.0704	0.0000	0.0000	0.0000	0.0000	0.0000	0.0000	0.0000	0.0000	0.0000	0.0000	0.0000	0.0000	0.0000	0.0000	0.0000	0.0000	0.0000	0.0000											
45	50	0.2023	2	0	1	1	0	0	0	0	0	N	N	N	N	N	N	N	N	N	N	N	N	1.5632	0.1202	26.6433	0.9071	0.0077	4509.5072	1.5579	0.1115	23.3639	3.4650	0.3655	22.2975	1.8197	0.0178	41.6743	3.5924	0.3958	21.8619	2.2167	3.0415	0.8369	2.0061	2.3154	0.0092	2.3059	3.5499	0.9357	10.0404	0.1645	3.5893	-2.2378	12.0036	31.2093	21.9053	46.3939	7.6644	0.6942	6.9702	0.2891	0.0027	0.2864	7.3753	0.6915	6.6838	7.0568	6.0599	0.9968	1.9007	1.8995	0.0012	5.1561	4.1604	0.9957	2.2119	1.8993	0.3126	0.1589	0.1520	0.0069	2.0530	1.7473	0.3057	3.1835	1.9924	1.1911	0.9475	0.8204	0.1271	2.2360	1.1720	1.0641	1.5632	0.1202	26.6433	0.9071	0.0077	4509.5072	1.5579	0.1115	23.3639	2.2167	3.0415	0.8369	2.0061	2.3154	0.0092	2.3059	3.5499	0.9357
45	51	0.1495	2	0	2	0	0	0	0	0	0	N	Y	N	N	N	N	N	N	N	N	N	N	0.0017	0.0000	0.0045	0.0000	0.0000	0.0000	0.0013	0.0000	0.0042	0.0015	0.0000	0.0098	0.0000	0.0000	0.0000	0.0015	0.0000	0.0099	0.8570	0.1067	2.1767	0.2034	0.2220	0.0238	1.1578	0.0132	2.3686	inf	11.5948	0.0003	0.5233	12.0036	4.1516	21.9053	14.5664	0.0005	0.0000	0.0005	0.0000	0.0000	0.0000	0.0005	0.0000	0.0005	1.1321	0.0899	1.0422	0.0847	0.0837	0.0009	1.0475	0.0061	1.0413	0.3098	0.2628	0.0470	0.0101	0.0096	0.0004	0.2997	0.2532	0.0466	1.3211	0.8423	0.4788	0.4164	0.3772	0.0392	0.9047	0.4651	0.4396	0.0017	0.0000	0.0045	0.0000	0.0000	0.0000	0.0013	0.0000	0.0042	0.8570	0.1067	2.1767	0.2034	0.2220	0.0238	1.1578	0.0132	2.3686
45	52	0.2300	4	1	1	1	0	0	0	0	0	N	N	N	N	N	N	N	N	N	N	N	N	141.3666	102.7953	inf	115.5582	102.0622	inf	inf	1.4265	1.6000	0.0159	3.7940	3.8037	0.0000	0.0028	0.0000	0.0160	0.0101	0.0156	0.0000	0.0328	0.0373	0.0000	0.0000	0.0000	0.0000	0.0012	0.0000	-0.0005	-0.0003	12.0036	0.0028	21.9053	0.9232	0.0011	0.0011	0.0000	0.0011	0.0011	0.0000	0.0000	0.0000	0.0000	0.0005	0.0005	0.0000	0.0005	0.0005	0.0000	0.0000	0.0000	0.0000	0.0008	0.0007	0.0001	0.0003	0.0003	0.0000	0.0005	0.0004	0.0001	0.0541	0.0351	0.0190	0.0166	0.0146	0.0020	0.0375	0.0204	0.0170	141.3666	102.7953	inf	115.5582	102.0622	0.0000	inf	0.0000	inf	0.0101	0.0156	0.0000	0.0328	0.0373	0.0000	0.0000	0.0000	0.0000		
45	53	0.6094	8	0	2	0	0	0	0	0	0	N	Y	N	N	N	N	N	N	N	N	N	N	1.7066	1.3327	0.0018	3.9963	3.4858	0.0000	0.0781	0.0471	0.0032	1.3406	1.5417	0.0000	5.5068	5.7919	0.0000	0.0007	0.0008	0.0000	0.7856	1.1568	0.0014	1.3780	1.6616	0.0027	0.0089	0.0174	0.0009	0.0000	0.0006	-0.4291	-0.4913	12.0036	8.5400	21.9053	19.3759	0.9729	0.9729	0.0000	0.9725	0.9725	0.0000	0.0004	0.0004	0.0000	1.0733	1.0727	0.0006	1.0681	1.0677	0.0004	0.0052	0.0050	0.0003	0.7257	0.6310	0.0946	0.1766	0.1679	0.0087	0.5491	0.4631	0.0859	1.3663	0.9273	0.4390	0.7751	0.6426	0.1325	0.5912	0.2847	0.3065	1.7066	1.3327	0.0018	3.9963	3.4858	0.0000	0.0781	0.0471	0.0032	0.7856	1.1568	0.0014	1.3780	1.6616	0.0027	0.0089	0.0174	0.0009
45	54	0.5463	7	0	1	0	0	0	0	0	0	N	N	N	N	N	N	N	N	N	N	N	N	0.8288	0.6452	0.5774	0.0918	0.0775	2.8163	1.6268	0.9918	0.1602	1.2909	1.4752	0.0142	0.1908	0.1924	0.1535	1.6374	1.9323	0.0022	1.5575	2.2865	0.0246	2.0791	2.4837	0.0545	1.0065	1.9483	0.0138	0.0014	0.0051	-0.3770	-1.1104	12.0036	7.3474	21.9053	24.2346	0.8574	0.8562	0.0012	0.0304	0.0293	0.0010	0.8271	0.8269	0.0002	2.4496	2.4372	0.0125	1.6798	1.6725	0.0073	0.7698	0.7647	0.0051	0.6642	0.5804	0.0838	0.1591	0.1525	0.0066	0.5051	0.4279	0.0772	1.5728	1.0659	0.5069	0.8079	0.6734	0.1345	0.7648	0.3925	0.3723	0.8288	0.6452	0.5774	0.0918	0.0775	2.8163	1.6268	0.9918	0.1602	1.5575	2.2865	0.0246	2.0791	2.4837	0.0545	1.0065	1.9483	0.0138
45	55	0.5165	6	0	1	0	0	0	0	0	0	N	N	N	N	N	N	N	N	N	N	N	N	0.7367	0.5810	2.3619	1.5194	1.3766	0.0390	0.4556	0.2716	2.8058	0.8558	0.9305	0.3135	1.5233	1.5727	0.0066	0.6095	0.6592	0.3367	1.1616	1.6014	0.1327	1.0026	1.1425	0.1704	1.3379	2.4270	0.1200	0.0464	0.0354	-0.1199	-0.6525	12.0036	3.4216	21.9053	15.9376	0.3023	0.2889	0.0134	0.1450	0.1450	0.0000	0.1573	0.1439	0.0134	1.5384	1.4858	0.0526	0.6983	0.6812	0.0171	0.8401	0.8045	0.0356	0.3532	0.3105	0.0428	0.0952	0.0922	0.0030	0.2580	0.2183	0.0398	1.3244	0.9278	0.3966	0.6965	0.5963	0.1002	0.6279	0.3315	0.2964	0.7367	0.5810	2.3619	1.5194	1.3766	0.0390	0.4556	0.2716	2.8058	1.1616	1.6014	0.1327	1.0026	1.1425	0.1704	1.3379	2.4270	0.1200
45	56	0.2332	2	0	2	0	0	0	0	0	0	N	Y	N	N	N	N	N	N	N	N	N	N	0.0194	0.0062	0.0717	0.1663	0.1502	0.0000	0.0116	0.0022	0.0595	0.0310	0.0077	0.1637	0.0191	0.0200	0.0000	0.0325	0.0060	0.1690	1.5998	1.2496	2.2830	0.1151	0.1332	0.0114	2.8101	2.7815	2.8394	3.7455	0.9365	0.0008	0.0521	12.0036	0.9891	21.9053	20.6926	0.0024	0.0005	0.0019	0.0002	0.0002	0.0000	0.0023	0.0004	0.0019	2.0663	1.0670	0.9993	0.0668	0.0658	0.0010	1.9995	1.0013	0.9983	0.0780	0.0663	0.0117	0.0084	0.0080	0.0004	0.0696	0.0583	0.0113	1.2916	0.8539	0.4377	0.5800	0.4939	0.0861	0.7116	0.3600	0.3516	0.0194	0.0062	0.0717	0.1663	0.1502	0.0000	0.0116	0.0022	0.0595	1.5998	1.2496	2.2830	0.1151	0.1332	0.0114	2.8101	2.7815	2.8394
45	59	0.4969	6	0	2	0	1	0	0	0	0	N	Y	N	N	N	N	N	N	N	N	N	N	0.9057	0.7213	3.6062	0.0001	0.0000	30.5259	1.4319	0.9029	0.0000	1.0134	1.1577	0.0002	0.0001	0.0001	0.0015	1.4404	1.7097	0.0000	1.1189	1.6051	0.0000	1.2087	1.4582	0.0000	1.0059	1.8935	0.0000	0.0000	0.0000	-0.4410	-1.1270	12.0036	10.4254	21.9053	21.2017	0.9999	0.9999	0.0000	0.0000	0.0000	0.0000	0.9998	0.9998	0.0000	2.4588	2.4588	0.0000	1.4801	1.4801	0.0000	0.9786	0.9786	0.0000	0.9867	0.8636	0.1231	0.2926	0.2788	0.0137	0.6941	0.5848	0.1093	2.1975	1.5319	0.6656	1.2246	1.0150	0.2096	0.9729	0.5168	0.4560	0.9057	0.7213	3.6062	0.0001	0.0000	30.5259	1.4319	0.9029	0.0000	1.1189	1.6051	0.0000	1.2087	1.4582	0.0000	1.0059	1.8935	0.0000
45	60	0.2300	4	1	1	1	0	0	0	0	0	N	N	N	N	N	N	N	N	N	N	N	N	2827.0934	0.0000	inf	0.0000	0.0000	inf	inf	6.7188	0.0000	43.9934	0.0000	0.0000	0.0000	7.0084	0.0000	45.0261	0.0024	0.0039	0.0000	0.0094	0.0114	0.0000	0.0000	0.0000	0.0000	inf	0.0000	0.5583	-0.0003	12.0036	1.9981	21.9053	3.0867	0.9989	0.0000	0.9989	0.0000	0.0000	0.0000	0.9989	0.0000	0.9989	0.0005	0.0005	0.0000	0.0005	0.0005	0.0000	0.0000	0.0000	0.0000	0.1487	0.1260	0.0227	0.0061	0.0056	0.0005	0.1425	0.1203	0.0222	0.2297	0.1383	0.0914	0.0584	0.0478	0.0105	0.1714	0.0905	0.0809	2827.0934	0.0000	inf	0.0000	0.0000	0.0000	inf	0.0000	inf	0.0024	0.0039	0.0000	0.0094	0.0114	0.0000	0.0000	0.0000	0.0000		
45	61	0.1867	3	1	1	1	0	0	0	0	0	N	N	N	N	N	N	N	N	N	N	N	N	0.0207	0.0000	10379.5761	0.0000	0.0000	0.0000	8.3507	0.0000	295125.9081	0.0159	0.0000	0.1048	0.0000	0.0000	0.0000	0.0167	0.0000	0.1072	0.7675	1.2618	0.0000	3.2027	3.8309	0.0001	0.0020	0.0037	0.0000	inf	0.0000	0.0026	-0.3082	12.0036	4.0039	21.9053	14.0733	0.0047	0.0000	0.0047	0.0000	0.0000	0.0000	0.0047	0.0000	0.0047	0.6724	0.6724	0.0000	0.6711	0.6711	0.0000	0.0013	0.0013	0.0000	0.2966	0.2516	0.0450	0.0134	0.0124	0.0010	0.2832	0.2391	0.0440	0.8761	0.5329	0.3432	0.2095	0.1752	0.0344	0.6666	0.3577	0.3088	0.0207	0.0000	10379.5761	0.0000	0.0000	0.0000	8.3507	0.0000	295125.9081	0.7675	1.2618	0.0000	3.2027	3.8309	0.0001	0.0020	0.0037	0.0000
45	62	0.2061	4	1	1	1	0	0	0	0	0	N	N	N	N	N	N	N	N	N	N	N	N	0.0000	0.0000	0.0000	0.0000	0.0000	0.0000	0.0000	0.0000	0.0000	0.0000	0.0000	0.0000	0.0000	0.0000	0.0000	0.0000	0.0000	0.0000	6.7788	2.4581	16.7166	8.1830	9.9949	0.0470	5.4667	0.1360	15.4817	2.8886	0.0000	1.1462	12.0036	0.0060	21.9053	17.2393	0.0000	0.0000	0.0000	0.0000	0.0000	0.0000	0.0000	0.0000	0.0000	4.0294	1.0362	2.9932	0.9996	0.9982	0.0014	3.0298	0.0380	2.9918	0.0020	0.0017	0.0003	0.0008	0.0008	0.0000	0.0012	0.0009	0.0003	0.7261	0.4215	0.3045	0.1719	0.1419	0.0300	0.5542	0.2797	0.2746	0.0000	0.0000	0.0000	0.0000	0.0000	0.0000	0.0000	0.0000	0.0000	5.5495	2.4581	9.8286	5.8163	7.0347	0.0470	5.4667	0.1360	10.8960	
45	63	0.1495	2	0	1	1	0	0	0	0	0	N	N	N	N	N	N	N	N	N	N	N	N	0.0054	0.0000	0.0140	0.0000	0.0000	0.0000	0.0040	0.0000	0.0129	0.0054	0.0000	0.0375	0.0000	0.0000	0.0000	0.0058	0.0000	0.0379	0.9899	0.1059	2.6681	0.1432	0.1543	0.0310	1.4579	0.0585	2.9380	inf	13.2704	0.0003	0.5251	12.0036	1.0230	21.9053	12.1924	0.0005	0.0000	0.0005	0.0000	0.0000	0.0000	0.0005	0.0000	0.0005	1.1135	0.0780	1.0355	0.0574	0.0562	0.0011	1.0562	0.0218	1.0344	0.0854	0.0731	0.0123	0.0066	0.0065	0.0001	0.0789	0.0667	0.0122	1.1250	0.7368	0.3881	0.4005	0.3644	0.0360	0.7245	0.3724	0.3521	0.0054	0.0000	0.0140	0.0000	0.0000	0.0000	0.0040	0.0000	0.0129	0.9899	0.1059	2.6681	0.1432	0.1543	0.0310	1.4579	0.0585	2.9380
45	65	0.2351	3	0	2	0	0	0	0	0	0	N	Y	N	N	N	N	N	N	N	N	N	N	134.6802	229.1069	0.0000	17.4812	16.1146	0.0000	140.4882	359.0529	0.0000	4.7055	5.4356	0.0000	0.4803	0.4976	0.0000	5.4348	6.4052	0.0000	0.0349	0.0237	0.0557	0.0275	0.0309	0.0031	0.0387	0.0178	0.0627	0.0000	1.2666	-0.3097	0.0025	12.0036	1.7555	21.9053	11.9300	0.7022	0.7022	0.0000	0.0106	0.0106	0.0000	0.6916	0.6916	0.0000	0.0245	0.0108	0.0137	0.0064	0.0064	0.0001	0.0181	0.0045	0.0136	0.1492	0.1292	0.0200	0.0220	0.0212	0.0008	0.1273	0.1080	0.0193	0.7016	0.4558	0.2458	0.2345	0.2058	0.0287	0.4671	0.2501	0.2171	134.6802	229.1069	0.0000	17.4812	16.1146	0.0000	140.4882	359.0529	0.0000	0.0349	0.0237	0.0557	0.0275	0.0309	0.0031	0.0387	0.0178	0.0627
45	66	0.2141	5	1	2	1	0	0	0	0	0	N	Y	N	N	N	N	N	N	N	N	N	N	0.0000	0.0000	0.0000	0.0000	0.0000	0.0000	0.0000	0.0000	0.0000	0.0000	0.0000	0.0000	0.0000	0.0000	0.0000	0.0000	0.0000	0.0000	0.0000	0.0000	12.0036	0.0000	21.9053	0.0000	0.0000	0.0000	0.0000	0.0000	0.0000	0.0000	0.0000	0.0000	0.0000	0.0000	0.0000	0.0000	0.0000	0.0000	0.0000	0.0000	0.0000	0.0000	0.0000	0.0000	0.0000	0.0000	0.0000	0.0000	0.0000	0.0000	0.0000	0.0000	0.0000	0.0000	0.0000	0.0000	0.0000	0.0000	0.0000	0.0000	0.0000	0.0000	0.0000	0.0000	0.0000	0.0000	0.0000	0.0000	0.0000	0.0000	0.0000	0.0000	0.0000	0.0000	0.0000	0.0000	0.0000	0.0000											
45	67	0.7187	8	1	2	1	0	0	0	0	0	N	Y	N	N	N	N	N	N	N	N	N	N	0.0000	0.0000	0.0000	0.0000	0.0000	0.0000	0.0000	0.0000	0.0000	0.0000	0.0000	0.0000	0.0000	0.0000	0.0000	0.0000	0.0000	0.0000	0.0000	0.0000	12.0036	1.0000	21.9053	3.0000	0.0000	0.0000	0.0000	0.0000	0.0000	0.0000	0.0000	0.0000	0.0000	0.0000	0.0000	0.0000	0.0000	0.0000	0.0000	0.0000	0.0000	0.0000	0.0592	0.0512	0.0080	0.0128	0.0119	0.0010	0.0463	0.0393	0.0070	0.1341	0.0924	0.0417	0.0766	0.0631	0.0135	0.0575	0.0293	0.0282	0.0000	0.0000	0.0000	0.0000	0.0000	0.0000	0.0000	0.0000	0.0000	0.0000	0.0000	0.0000	0.0000	0.0000	0.0000	0.0000	0.0000	0.0000											
45	68	0.2141	5	1	2	1	0	0	0	0	0	N	Y	N	N	N	N	N	N	N	N	N	N	0.0000	0.0000	0.0000	0.0000	0.0000	0.0000	0.0000	0.0000	0.0000	0.0000	0.0000	0.0000	0.0000	0.0000	0.0000	0.0000	0.0000	0.0000	0.0000	0.0000	12.0036	1.0000	21.9053	0.0000	0.0000	0.0000	0.0000	0.0000	0.0000	0.0000	0.0000	0.0000	0.0000	0.0000	0.0000	0.0000	0.0000	0.0000	0.0000	0.0000	0.0000	0.0000	0.0750	0.0636	0.0114	0.0036	0.0034	0.0003	0.0714	0.0602	0.0111	0.0436	0.0249	0.0187	0.0084	0.0073	0.0012	0.0352	0.0176	0.0176	0.0000	0.0000	0.0000	0.0000	0.0000	0.0000	0.0000	0.0000	0.0000	0.0000	0.0000	0.0000	0.0000	0.0000	0.0000	0.0000	0.0000	0.0000											
45	69	0.1977	4	1	2	1	0	0	0	0	0	N	Y	N	N	N	N	N	N	N	N	N	N	0.0000	0.0075	0.0000	0.0081	0.0265	0.0000	0.0000	0.0000	0.0000	0.0000	0.0000	0.0000	0.0000	0.0000	0.0000	0.0000	0.0000	2.8672	0.0001	9.4996	0.0015	0.0005	0.0145	3.5505	0.0000	7.6836	0.0000	33760.8453	-0.0000	0.5486	12.0036	1.0155	21.9053	5.9708	0.0000	0.0000	0.0000	0.0000	0.0000	0.0000	0.0000	0.0000	0.0000	1.0129	0.0000	1.0128	0.0001	0.0000	0.0001	1.0128	0.0000	1.0128	0.0812	0.0692	0.0120	0.0060	0.0057	0.0003	0.0752	0.0635	0.0118	0.3533	0.2166	0.1367	0.0680	0.0631	0.0049	0.2852	0.1534	0.1318	0.0000	0.0075	0.0000	0.0081	0.0265	0.0000	0.0000	0.0000	0.0000	2.8672	0.0001	7.4098	0.0015	0.0005	0.0145	3.5505	0.0000	7.6836	
45	70	0.1929	3	1	1	1	0	0	0	0	0	N	N	N	N	N	N	N	N	N	N	N	N	0.0015	0.0255	0.0000	0.0318	0.0352	0.0000	0.0000	0.0000	0.0000	0.0017	0.0019	0.0001	0.0051	0.0051	0.0000	0.0000	0.0000	0.0001	1.1587	0.0742	3.5696	0.1607	0.1460	0.8033	1.7135	0.0005	3.6428	0.0053	21.6423	-0.0000	0.1511	12.0036	0.0406	21.9053	2.3361	0.0000	0.0000	0.0000	0.0000	0.0000	0.0000	0.0000	0.0000	0.0000	0.3038	0.0134	0.2904	0.0151	0.0134	0.0017	0.2887	0.0000	0.2887	0.0081	0.0071	0.0009	0.0026	0.0026	0.0000	0.0054	0.0045	0.0009	0.2622	0.1808	0.0813	0.0937	0.0916	0.0021	0.1685	0.0893	0.0793	0.0015	0.0255	0.0000	0.0318	0.0352	0.0000	0.0000	0.0000	0.0000	1.1587	0.0742	3.5696	0.1607	0.1460	0.8033	1.7135	0.0005	3.6428
45	71	0.7187	8	1	2	1	0	0	0	0	0	N	Y	N	N	N	N	N	N	N	N	N	N	0.0000	0.0000	0.0000	0.0000	0.0000	0.0000	0.0000	0.0000	0.0000	0.0000	0.0000	0.0000	0.0000	0.0000	0.0000	0.0000	0.0000	0.0000	0.0000	0.0000	12.0036	0.0000	21.9053	0.0000	0.0000	0.0000	0.0000	0.0000	0.0000	0.0000	0.0000	0.0000	0.0000	0.0000	0.0000	0.0000	0.0000	0.0000	0.0000	0.0000	0.0000	0.0000	0.0000	0.0000	0.0000	0.0000	0.0000	0.0000	0.0000	0.0000	0.0000	0.0000	0.0000	0.0000	0.0000	0.0000	0.0000	0.0000	0.0000	0.0000	0.0000	0.0000	0.0000	0.0000	0.0000	0.0000	0.0000	0.0000	0.0000	0.0000	0.0000	0.0000	0.0000	0.0000	0.0000	0.0000	0.0000	0.0000											
45	72	0.7006	7	1	2	1	0	0	0	0	0	N	Y	N	N	N	N	N	N	N	N	N	N	0.0000	0.0000	0.0000	0.0000	0.0000	0.0000	0.0000	0.0000	0.0000	0.0000	0.0000	0.0000	0.0000	0.0000	0.0000	0.0000	0.0007	0.0009	0.0004	0.0009	0.0011	0.0000	0.0004	0.0000	0.0007	0.2072	0.0000	-0.0000	12.0036	3.9057	21.9053	1.1104	0.0000	0.0000	0.0000	0.0000	0.0000	0.0000	0.0000	0.0000	0.0000	0.0002	0.0001	0.0000	0.0001	0.0001	0.0000	0.0000	0.0000	0.0000	0.2599	0.2252	0.0347	0.0601	0.0563	0.0038	0.1998	0.1689	0.0309	0.2262	0.1579	0.0684	0.1509	0.1214	0.0295	0.0753	0.0365	0.0388	0.0000	0.0000	0.0000	0.0000	0.0000	0.0000	0.0000	0.0000	0.0000	0.0007	0.0009	0.0004	0.0009	0.0011	0.0000	0.0004	0.0000	0.0007			
45	73	0.4978	5	1	2	0	0	0	0	0	0	N	Y	N	N	N	N	N	N	N	N	N	N	4.7028	3.6293	0.1575	5.6287	5.1518	0.2030	146.5915	138.2666	0.1489	2.4184	2.7469	0.0005	5.7712	6.1095	0.0007	0.6646	0.7847	0.0005	0.5143	0.7569	0.0034	1.0253	1.1859	0.0033	0.0045	0.0057	0.0034	0.0000	0.0021	-0.8352	-0.2735	12.0036	6.9070	21.9053	16.5673	1.8936	1.8936	0.0001	1.5520	1.5520	0.0000	0.3416	0.3416	0.0000	0.5994	0.5981	0.0013	0.5967	0.5965	0.0003	0.0026	0.0016	0.0010	0.7830	0.6893	0.0937	0.2689	0.2540	0.0149	0.5141	0.4353	0.0788	1.1655	0.7902	0.3753	0.5820	0.5030	0.0790	0.5835	0.2872	0.2963	4.7028	3.6293	0.1575	5.6287	5.1518	0.2030	146.5915	138.2666	0.1489	0.5143	0.7569	0.0034	1.0253	1.1859	0.0033	0.0045	0.0057	0.0034
45	74	0.5617	7	0	2	0	1	0	0	0	0	N	Y	N	N	N	N	N	N	N	N	N	N	0.0022	0.0013	0.3800	0.0000	0.0000	0.0000	0.0795	0.0408	0.4992	0.0006	0.0005	0.0010	0.0000	0.0000	0.0000	0.0007	0.0006	0.0011	0.2679	0.3934	0.0026	0.4836	0.5848	0.0037	0.0089	0.0156	0.0022	0.3337	0.0032	-0.0001	-0.1289	12.0036	6.4226	21.9053	19.3377	0.0003	0.0002	0.0001	0.0000	0.0000	0.0000	0.0003	0.0002	0.0001	0.2832	0.2823	0.0009	0.2789	0.2785	0.0004	0.0043	0.0038	0.0005	0.4825	0.4123	0.0702	0.0882	0.0824	0.0058	0.3943	0.3299	0.0644	1.0569	0.7177	0.3393	0.5768	0.4763	0.1005	0.4801	0.2414	0.2388	0.0022	0.0013	0.3800	0.0000	0.0000	0.0000	0.0795	0.0408	0.4992	0.2679	0.3934	0.0026	0.4836	0.5848	0.0037	0.0089	0.0156	0.0022
45	75	0.5165	6	0	1	0	1	0	0	0	0	N	N	N	N	N	N	N	N	N	N	N	N	2.7186	2.2331	2.2967	0.0014	0.0011	0.0369	4.5410	3.0323	2.6998	1.7719	1.9960	0.2239	0.0011	0.0010	0.0044	2.3304	2.7102	0.2417	0.6518	0.8938	0.0975	0.7780	0.8938	0.1204	0.5132	0.8938	0.0895	0.0162	0.0476	-0.3567	-0.3816	12.0036	5.1932	21.9053	17.4397	0.8391	0.8257	0.0134	0.0001	0.0001	0.0000	0.8390	0.8256	0.0134	0.9243	0.8822	0.0420	0.5773	0.5639	0.0134	0.3470	0.3183	0.0286	0.4736	0.4137	0.0599	0.1135	0.1090	0.0045	0.3600	0.3046	0.0554	1.4181	0.9870	0.4311	0.7420	0.6309	0.1111	0.6761	0.3561	0.3200	2.7186	2.2331	2.2967	0.0014	0.0011	0.0369	4.5410	3.0323	2.6998	0.6518	0.8938	0.0975	0.7780	0.8938	0.1204	0.5132	0.8938	0.0895
45	76	0.4795	5	0	1	0	0	0	0	0	0	N	N	N	N	N	N	N	N	N	N	N	N	1.3336	0.3835	9.0497	0.1418	0.1199	1.0579	1.2150	0.3205	6.8573	1.6314	0.5057	8.9833	0.1145	0.1136	0.1332	2.1536	0.6604	9.7675	1.2233	1.3185	0.9927	0.8075	0.9478	0.1259	1.7725	2.0607	1.4244	2.7198	0.3110	0.2006	-0.4829	12.0036	4.4918	21.9053	17.5337	0.6915	0.1859	0.5056	0.0124	0.0118	0.0006	0.6791	0.1741	0.5050	2.1836	1.6656	0.5180	0.8203	0.7985	0.0218	1.3632	0.8671	0.4961	0.4239	0.3676	0.0563	0.1086	0.1040	0.0046	0.3153	0.2636	0.0517	1.7850	1.2632	0.5218	1.0159	0.8425	0.1735	0.7691	0.4208	0.3483	1.3336	0.3835	9.0497	0.1418	0.1199	1.0579	1.2150	0.3205	6.8573	1.2233	1.3185	0.9927	0.8075	0.9478	0.1259	1.7725	2.0607	1.4244
45	77	0.2086	4	0	1	0	1	0	0	0	0	N	N	N	N	N	N	N	N	N	N	N	N	0.0000	0.0000	0.0000	0.0000	0.0000	0.0000	0.0000	0.0000	0.0000	0.0000	0.0000	0.0000	0.0000	0.0000	0.0000	0.0000	0.0000	0.0000	5.0904	2.2590	10.7331	4.1421	4.6648	0.0190	4.5732	0.0744	9.7685	2.1943	0.0000	0.8767	12.0036	0.3745	21.9053	14.7996	0.0000	0.0000	0.0000	0.0000	0.0000	0.0000	0.0000	0.0000	0.0000	3.8355	1.2007	2.6348	1.1806	1.1800	0.0006	2.6549	0.0207	2.6342	0.0383	0.0338	0.0045	0.0065	0.0064	0.0001	0.0318	0.0274	0.0044	0.8656	0.5315	0.3340	0.2850	0.2530	0.0321	0.5805	0.2786	0.3019	0.0000	0.0000	0.0000	0.0000	0.0000	0.0000	0.0000	0.0000	0.0000	4.4312	2.2590	7.8880	4.1421	4.6648	0.0190	4.5732	0.0744	8.7239	
45	78	0.1863	3	0	1	0	1	0	0	0	0	N	N	N	N	N	N	N	N	N	N	N	N	0.0001	0.0001	0.0000	0.0022	0.0020	0.0000	0.0000	0.0000	0.0000	0.0002	0.0002	0.0000	0.0025	0.0026	0.0000	0.0000	0.0000	0.0000	2.4313	2.5955	2.1663	1.1516	1.3144	0.0114	3.1117	3.8356	2.4418	0.0000	0.5169	-0.0000	-0.2274	12.0036	1.4595	21.9053	10.3922	0.0000	0.0000	0.0000	0.0000	0.0000	0.0000	0.0000	0.0000	0.0000	1.9336	1.2747	0.6589	0.3179	0.3175	0.0004	1.6157	0.9572	0.6585	0.1201	0.1029	0.0171	0.0079	0.0077	0.0002	0.1122	0.0952	0.0170	0.7953	0.4911	0.3042	0.2760	0.2416	0.0345	0.5192	0.2496	0.2697	0.0001	0.0001	0.0000	0.0022	0.0020	0.0000	0.0000	0.0000	0.0000	2.4313	2.5955	2.1663	1.1516	1.3144	0.0114	3.1117	3.8356	2.4418
45	79	0.1722	2	0	1	0	1	0	0	0	0	N	N	N	N	N	N	N	N	N	N	N	N	0.0281	0.0568	0.0005	1.1965	1.1478	0.0000	0.0004	0.0035	0.0004	0.0437	0.0515	0.0012	1.6167	1.7197	0.0000	0.0007	0.0006	0.0013	1.5576	0.9074	2.6070	1.3511	1.4982	0.0717	1.6858	0.1666	2.8989	0.0044	1.7801	-0.0020	0.1868	12.0036	1.3861	21.9053	6.3168	0.0046	0.0046	0.0000	0.0045	0.0045	0.0000	0.0001	0.0001	0.0000	1.0270	0.3694	0.6576	0.3412	0.3393	0.0019	0.6858	0.0301	0.6557	0.1047	0.0885	0.0162	0.0028	0.0026	0.0002	0.1019	0.0859	0.0161	0.6593	0.4071	0.2522	0.2525	0.2265	0.0260	0.4068	0.1806	0.2262	0.0281	0.0568	0.0005	1.1965	1.1478	0.0000	0.0004	0.0035	0.0004	1.5576	0.9074	2.6070	1.3511	1.4982	0.0717	1.6858	0.1666	2.8989
45	81	0.6533	7	0	2	1	0	0	0	0	0	N	Y	N	N	N	N	N	N	N	N	N	N	0.0000	0.0000	0.0000	0.0000	0.0000	0.0000	0.0000	0.0000	0.0000	0.0000	0.0000	0.0000	0.0000	0.0011	0.0016	0.0000	0.0019	0.0023	0.0000	0.0000	0.0000	0.0000	0.0000	0.0000	-0.0001	12.0036	2.0162	21.9053	4.5500	0.0000	0.0000	0.0000	0.0000	0.0000	0.0000	0.0000	0.0000	0.0000	0.0003	0.0003	0.0000	0.0003	0.0003	0.0000	0.0000	0.0000	0.0000	0.1647	0.1436	0.0211	0.0625	0.0585	0.0040	0.1022	0.0851	0.0170	0.2672	0.1856	0.0816	0.1581	0.1329	0.0252	0.1090	0.0527	0.0563	0.0000	0.0000	0.0000	0.0000	0.0000	0.0000	0.0000	0.0000	0.0000	0.0011	0.0016	0.0000	0.0019	0.0023	0.0000	0.0000	0.0000	0.0000						
45	82	0.2207	5	0	2	1	0	0	0	0	0	N	Y	N	N	N	N	N	N	N	N	N	N	0.0004	0.0002	0.0000	0.0000	0.0000	0.0000	0.0003	0.0002	0.0000	0.0014	0.0016	0.0000	0.0000	0.0000	0.0000	0.0015	0.0018	0.0000	3.6305	6.8312	0.2490	0.0160	0.0098	0.0617	4.9325	9.3335	0.2655	0.0000	0.0274	-0.0001	-0.5661	12.0036	3.0011	21.9053	3.7015	0.0003	0.0003	0.0000	0.0000	0.0000	0.0000	0.0003	0.0003	0.0000	1.3113	1.2764	0.0349	0.0015	0.0008	0.0007	1.3097	1.2755	0.0342	0.2218	0.1883	0.0336	0.0125	0.0116	0.0009	0.2094	0.1767	0.0327	0.3612	0.2210	0.1402	0.0957	0.0843	0.0114	0.2655	0.1367	0.1289	0.0004	0.0003	0.0000	0.0000	0.0000	0.0000	0.0003	0.0002	0.0000	3.6305	5.7766	0.2490	0.0160	0.0098	0.0617	4.9325	9.3335	0.2655
45	83	0.2093	4	0	2	0	0	0	0	0	0	N	Y	N	N	N	N	N	N	N	N	N	N	2.4118	5.8911	0.0000	0.0009	0.0010	0.0000	2.0411	7.0465	0.0000	6.6686	7.8605	0.0000	0.0013	0.0014	0.0000	7.0362	8.3370	0.0000	2.7650	1.3343	5.5831	1.4512	1.5137	0.9587	3.4473	1.1831	6.1793	0.0000	2.1244	-0.4403	0.2924	12.0036	2.0032	21.9053	4.2039	0.9982	0.9982	0.0000	0.0000	0.0000	0.0000	0.9982	0.9982	0.0000	1.3199	0.4224	0.8974	0.2368	0.2192	0.0176	1.0831	0.2033	0.8798	0.1497	0.1270	0.0227	0.0078	0.0073	0.0006	0.1419	0.1197	0.0221	0.4773	0.3166	0.1607	0.1632	0.1448	0.0184	0.3142	0.1718	0.1424	2.4118	5.8911	0.0000	0.0009	0.0010	0.0000	2.0411	7.0465	0.0000	2.7650	1.3343	5.5831	1.4512	1.5137	0.9587	3.4473	1.1831	6.1793
45	84	0.2061	4	1	1	1	0	0	0	0	0	N	N	N	N	N	N	N	N	N	N	N	N	0.0000	0.0000	0.0000	0.0000	0.0000	0.0000	0.0000	0.0000	0.0000	0.0000	0.0000	0.0000	0.0000	0.0000	0.0000	0.0000	0.0000	0.0000	3.3804	6.7554	0.0238	36.3233	38.3618	0.0168	0.0124	0.0000	0.0245	0.0029	0.0000	-0.4435	12.0036	1.0052	21.9053	4.9545	0.0000	0.0000	0.0000	0.0000	0.0000	0.0000	0.0000	0.0000	0.0000	0.9736	0.9708	0.0028	0.9710	0.9708	0.0002	0.0026	0.0000	0.0026	0.0766	0.0651	0.0116	0.0055	0.0051	0.0004	0.0711	0.0599	0.0112	0.2880	0.1696	0.1184	0.0759	0.0646	0.0113	0.2121	0.1051	0.1070	0.0000	0.0000	0.0000	0.0000	0.0000	0.0000	0.0000	0.0000	0.0000	3.3804	5.7224	0.0238	12.7903	15.0334	0.0168	0.0124	0.0000	0.0245	
45	85	0.1867	3	1	1	1	0	0	0	0	0	N	N	N	N	N	N	N	N	N	N	N	N	0.0000	0.0000	0.0000	0.0000	0.0000	0.0000	0.0000	0.0000	0.0000	0.0000	0.0000	0.0000	0.0000	0.0000	0.0000	0.0000	0.0000	0.0000	0.1864	0.2709	0.0388	0.5873	0.6894	0.0097	0.0263	0.0130	0.0427	0.0820	0.0000	-0.0360	12.0036	0.9968	21.9053	7.6169	0.0000	0.0000	0.0000	0.0000	0.0000	0.0000	0.0000	0.0000	0.0000	0.0940	0.0869	0.0071	0.0845	0.0843	0.0002	0.0095	0.0026	0.0069	0.0749	0.0635	0.0114	0.0034	0.0031	0.0003	0.0715	0.0603	0.0112	0.5044	0.3207	0.1836	0.1439	0.1223	0.0216	0.3605	0.1984	0.1620	0.0000	0.0000	0.0000	0.0000	0.0000	0.0000	0.0000	0.0000	0.0000	0.1864	0.2709	0.0388	0.5873	0.6894	0.0097	0.0263	0.0130	0.0427	
45	86	0.2067	2	1	2	0	0	0	0	0	0	N	Y	N	N	N	N	N	N	N	N	N	N	0.4526	0.0000	0.9390	5.7537	0.0000	20.3647	0.2189	0.5609	0.0039	0.0000	0.0262	0.0098	0.0000	0.2064	0.0029	0.0000	0.0171	0.0086	0.0004	0.0279	0.0017	0.0008	0.0101	0.0131	0.0000	0.0306	inf	31.4523	0.0011	0.0046	12.0036	5.8060	21.9053	6.1034	0.0020	0.0000	0.0020	0.0008	0.0000	0.0008	0.0013	0.0000	0.0013	0.0091	0.0003	0.0088	0.0007	0.0003	0.0004	0.0084	0.0000	0.0084	0.5169	0.4398	0.0772	0.0777	0.0740	0.0037	0.4393	0.3657	0.0735	1.0526	0.7366	0.3160	0.4126	0.3710	0.0416	0.6399	0.3656	0.2744	0.4526	0.0000	0.9390	5.7537	0.0000	20.3647	0.2189	0.0000	0.5609	0.0086	0.0004	0.0279	0.0017	0.0008	0.0101	0.0131	0.0000	0.0306	
45	88	0.2093	4	0	2	0	0	0	0	0	0	N	Y	N	N	N	N	N	N	N	N	N	N	0.0043	0.0032	0.0000	0.0232	0.0217	0.0000	0.0000	0.0000	0.0000	0.0050	0.0059	0.0000	0.0976	0.1052	0.0000	0.0000	0.0000	0.0000	1.1733	1.8661	0.0001	4.2032	4.8559	0.0000	0.0001	0.0001	0.0001	0.0000	0.0000	-0.0007	-0.3993	12.0036	4.0005	21.9053	9.0093	0.0015	0.0015	0.0000	0.0015	0.0015	0.0000	0.0000	0.0000	0.0000	0.8711	0.8711	0.0000	0.8711	0.8711	0.0000	0.0000	0.0000	0.0000	0.2958	0.2510	0.0448	0.0153	0.0142	0.0011	0.2805	0.2369	0.0436	0.7424	0.4668	0.2756	0.2072	0.1794	0.0279	0.5352	0.2874	0.2478	0.0043	0.0032	0.0000	0.0232	0.0217	0.0000	0.0000	0.0000	0.0000	1.1733	1.8661	0.0001	4.2032	4.8559	0.0000	0.0001	0.0001	0.0001
45	89	0.1867	3	0	2	0	0	0	0	0	0	N	Y	N	N	N	N	N	N	N	N	N	N	0.0112	0.0092	0.0018	0.0000	0.0000	0.0000	0.0937	4.6056	0.0019	0.0197	0.0231	0.0009	0.0000	0.0000	0.0000	0.0207	0.0243	0.0009	1.7631	2.5198	0.4847	8.2523	9.7662	0.5221	0.2206	0.0053	0.4800	0.0068	0.1139	-0.0006	-0.3589	12.0036	1.0051	21.9053	9.2650	0.0015	0.0015	0.0000	0.0000	0.0000	0.0000	0.0015	0.0015	0.0000	1.0079	0.9048	0.1030	0.9161	0.9036	0.0125	0.0917	0.0012	0.0905	0.0755	0.0640	0.0115	0.0034	0.0032	0.0003	0.0721	0.0608	0.0113	0.5716	0.3591	0.2125	0.1559	0.1319	0.0239	0.4158	0.2272	0.1886	0.0112	0.0092	0.0018	0.0000	0.0000	0.0000	0.0937	4.6056	0.0019	1.7631	2.5198	0.4847	5.8782	6.8503	0.5221	0.2206	0.0053	0.4800
45	90	0.2351	3	0	1	1	0	0	0	0	0	N	N	N	N	N	N	N	N	N	N	N	N	149.9499	262.2965	0.0000	354.6147	333.8669	0.0000	116.2692	302.1052	0.0000	6.7410	7.8137	0.0000	11.9456	12.4371	0.0000	5.9346	7.0019	0.0000	0.0450	0.0298	0.0752	0.0337	0.0373	0.0043	0.0510	0.0232	0.0842	0.0000	1.2666	-0.5729	0.0025	12.0036	2.3559	21.9053	7.1930	1.2987	1.2987	0.0000	0.3088	0.3088	0.0000	0.9900	0.9900	0.0000	0.0245	0.0108	0.0137	0.0064	0.0064	0.0001	0.0181	0.0045	0.0136	0.1927	0.1662	0.0264	0.0258	0.0248	0.0010	0.1668	0.1414	0.0254	0.5453	0.3630	0.1822	0.1912	0.1706	0.0207	0.3540	0.1925	0.1616	149.9499	262.2965	0.0000	354.6147	333.8669	0.0000	116.2692	302.1052	0.0000	0.0450	0.0298	0.0752	0.0337	0.0373	0.0043	0.0510	0.0232	0.0842
45	91	0.2023	2	0	1	0	0	0	0	0	0	N	N	N	N	N	N	N	N	N	N	N	N	1.9675	2.4708	0.0013	4.8298	4.5058	0.3143	1.3562	1.4604	0.0009	2.4462	2.7895	0.0019	2.0953	2.1230	0.0194	2.5472	3.0135	0.0015	1.2433	1.1289	1.4871	0.4338	0.4712	0.0617	1.8781	2.0635	1.6915	0.0001	0.6181	-0.6432	-0.1542	12.0036	4.9284	21.9053	11.0439	1.4585	1.4583	0.0001	0.2792	0.2792	0.0000	1.1793	1.1792	0.0001	2.0184	1.2474	0.7710	0.3096	0.3055	0.0040	1.7088	0.9418	0.7670	0.5962	0.5228	0.0734	0.1333	0.1315	0.0018	0.4630	0.3913	0.0717	1.6234	1.1049	0.5185	0.7135	0.6485	0.0651	0.9099	0.4564	0.4534	1.9675	2.4708	0.0013	4.8298	4.5058	0.3143	1.3562	1.4604	0.0009	1.2433	1.1289	1.4871	0.4338	0.4712	0.0617	1.8781	2.0635	1.6915
45	93	0.6533	7	1	2	0	0	0	0	0	0	N	Y	N	N	N	N	N	N	N	N	N	N	0.0000	0.0000	0.0000	0.0000	0.0000	0.0000	0.0000	0.0000	0.0000	0.0000	0.0000	0.0000	0.0000	0.0000	0.0000	0.0000	0.0000	0.0000	0.0065	0.0085	0.0022	0.0105	0.0120	0.0034	0.0008	0.0000	0.0016	0.1135	0.0000	-0.0008	12.0036	2.5103	21.9053	7.4742	0.0000	0.0000	0.0000	0.0000	0.0000	0.0000	0.0000	0.0000	0.0000	0.0024	0.0021	0.0002	0.0022	0.0021	0.0001	0.0001	0.0000	0.0001	0.1952	0.1702	0.0251	0.0726	0.0677	0.0049	0.1226	0.1024	0.0202	0.3610	0.2502	0.1108	0.2125	0.1767	0.0358	0.1485	0.0735	0.0750	0.0000	0.0000	0.0000	0.0000	0.0000	0.0000	0.0000	0.0000	0.0000	0.0065	0.0085	0.0022	0.0105	0.0120	0.0034	0.0008	0.0000	0.0016	
45	94	0.6171	6	0	2	0	0	0	0	0	0	N	Y	N	N	N	N	N	N	N	N	N	N	0.0000	0.0000	0.0000	0.0000	0.0000	0.0000	0.0000	0.0000	0.0000	0.0000	0.0000	0.0000	0.0000	0.0000	0.0000	0.0000	0.0000	0.0000	0.0057	0.0058	0.0055	0.0016	0.0019	0.0002	0.0119	0.0153	0.0084	0.4153	0.0000	-0.0004	12.0036	7.1305	21.9053	3.2426	0.0000	0.0000	0.0000	0.0000	0.0000	0.0000	0.0000	0.0000	0.0000	0.0025	0.0017	0.0007	0.0004	0.0004	0.0000	0.0020	0.0013	0.0007	0.6318	0.5567	0.0751	0.2182	0.2069	0.0113	0.4136	0.3498	0.0638	0.4304	0.2993	0.1310	0.2587	0.2121	0.0465	0.1717	0.0872	0.0845	0.0000	0.0000	0.0000	0.0000	0.0000	0.0000	0.0000	0.0000	0.0000	0.0057	0.0058	0.0055	0.0016	0.0019	0.0002	0.0119	0.0153	0.0084	
45	95	0.1867	3	1	2	0	0	0	0	0	0	N	Y	N	N	N	N	N	N	N	N	N	N	0.0000	0.0000	0.0000	0.0000	0.0000	0.0000	0.0000	0.0000	0.0000	0.0000	0.0000	0.0000	0.0000	0.0000	0.0000	0.0000	0.0000	0.0000	2.7562	2.0649	3.7767	7.9874	9.6726	0.3598	1.9324	0.0024	4.1254	1.2390	0.0000	0.3465	12.0036	8.0000	21.9053	22.5660	0.0000	0.0000	0.0000	0.0000	0.0000	0.0000	0.0000	0.0000	0.0000	3.6475	1.6291	2.0184	1.6456	1.6278	0.0178	2.0019	0.0013	2.0006	0.5819	0.4941	0.0878	0.0263	0.0244	0.0020	0.5556	0.4697	0.0859	1.3234	0.7889	0.5344	0.2874	0.2379	0.0495	1.0360	0.5510	0.4849	0.0000	0.0000	0.0000	0.0000	0.0000	0.0000	0.0000	0.0000	0.0000	2.7562	2.0649	3.7767	5.7255	6.8414	0.3598	1.9324	0.0024	4.1254	
45	98	0.2172	5	1	2	1	0	0	0	0	0	N	Y	N	N	N	N	N	N	N	N	N	N	0.0000	0.0000	0.0000	0.0000	0.0000	0.0000	0.0000	0.0000	0.0000	0.0000	0.0000	0.0000	0.0000	0.0000	0.0000	0.0000	0.0000	0.0000	1.4344	2.2368	0.2082	5.0042	5.5352	1.4183	0.0048	0.0000	0.0098	0.0609	0.0000	-0.4255	12.0036	0.9502	21.9053	16.1595	0.0000	0.0000	0.0000	0.0000	0.0000	0.0000	0.0000	0.0000	0.0000	1.0611	1.0002	0.0609	1.0587	1.0002	0.0585	0.0025	0.0000	0.0025	0.0846	0.0728	0.0119	0.0128	0.0123	0.0006	0.0718	0.0605	0.0113	0.7398	0.4472	0.2926	0.2219	0.1807	0.0412	0.5179	0.2665	0.2514	0.0000	0.0000	0.0000	0.0000	0.0000	0.0000	0.0000	0.0000	0.0000	1.4344	2.2368	0.2082	4.7706	5.5352	1.4183	0.0048	0.0000	0.0098	
45	100	0.2202	6	1	1	1	0	0	0	0	0	N	N	N	N	N	N	N	N	N	N	N	N	0.0000	0.0000	0.0000	0.0000	0.0000	0.0000	0.0000	0.0000	0.0000	0.0000	0.0000	0.0000	0.0000	0.0000	0.0000	0.0000	0.0000	0.0000	1.5434	0.0010	3.8337	0.0021	0.0015	0.0043	2.2138	0.0007	4.4693	2536.1475	0.0000	0.5403	12.0036	1.0008	21.9053	13.9255	0.0000	0.0000	0.0000	0.0000	0.0000	0.0000	0.0000	0.0000	0.0000	0.9984	0.0004	0.9980	0.0004	0.0002	0.0002	0.9980	0.0002	0.9978	0.0753	0.0640	0.0113	0.0067	0.0061	0.0006	0.0686	0.0579	0.0108	0.6469	0.3865	0.2603	0.1961	0.1590	0.0371	0.4508	0.2275	0.2233	0.0000	0.0000	0.0000	0.0000	0.0000	0.0000	0.0000	0.0000	0.0000	1.5434	0.0010	3.8337	0.0021	0.0015	0.0043	2.2138	0.0007	4.4693	
45	101	0.2172	5	1	1	1	0	0	0	0	0	N	N	N	N	N	N	N	N	N	N	N	N	0.0000	0.0000	0.0000	0.0000	0.0000	0.0000	0.0000	0.0000	0.0000	0.0000	0.0000	0.0000	0.0000	0.0000	0.0000	0.0000	0.0000	0.0000	0.0625	0.0485	0.0914	0.0630	0.0722	0.0159	0.0620	0.0144	0.1148	0.9121	0.0000	0.0002	12.0036	0.0532	21.9053	2.0467	0.0000	0.0000	0.0000	0.0000	0.0000	0.0000	0.0000	0.0000	0.0000	0.0111	0.0058	0.0053	0.0053	0.0051	0.0002	0.0058	0.0007	0.0051	0.0175	0.0158	0.0017	0.0071	0.0071	0.0000	0.0104	0.0087	0.0017	0.1784	0.1202	0.0582	0.0847	0.0709	0.0137	0.0937	0.0493	0.0444	0.0000	0.0000	0.0000	0.0000	0.0000	0.0000	0.0000	0.0000	0.0000	0.0625	0.0485	0.0914	0.0630	0.0722	0.0159	0.0620	0.0144	0.1148	
45	102	0.2076	4	1	1	1	0	0	0	0	0	N	N	N	N	N	N	N	N	N	N	N	N	0.0000	0.0000	0.0000	0.0000	0.0000	0.0000	0.0000	0.0000	0.0000	0.0000	0.0000	0.0000	0.0000	0.0000	0.0000	0.0000	0.0000	0.0000	0.0259	0.0266	0.0245	0.0608	0.0558	0.0855	0.0060	0.0014	0.0116	0.4946	0.0000	-0.0010	12.0036	2.0948	21.9053	3.0326	0.0000	0.0000	0.0000	0.0000	0.0000	0.0000	0.0000	0.0000	0.0000	0.0078	0.0052	0.0026	0.0067	0.0051	0.0016	0.0012	0.0002	0.0010	0.1695	0.1449	0.0247	0.0198	0.0186	0.0012	0.1497	0.1262	0.0235	0.3029	0.1969	0.1060	0.1097	0.0912	0.0185	0.1933	0.1058	0.0875	0.0000	0.0000	0.0000	0.0000	0.0000	0.0000	0.0000	0.0000	0.0000	0.0259	0.0266	0.0245	0.0608	0.0558	0.0855	0.0060	0.0014	0.0116	
45	103	0.1867	3	1	1	1	0	0	0	0	0	N	N	N	N	N	N	N	N	N	N	N	N	0.0000	0.0000	0.0000	0.0000	0.0000	0.0000	0.0000	0.0000	0.0000	0.0000	0.0000	0.0000	0.0000	0.0000	0.0000	0.0000	0.0000	0.0000	0.0913	0.1360	0.0135	0.2983	0.3469	0.0246	0.0092	0.0069	0.0120	0.0569	0.0000	-0.0189	12.0036	3.9484	21.9053	4.8420	0.0000	0.0000	0.0000	0.0000	0.0000	0.0000	0.0000	0.0000	0.0000	0.0467	0.0442	0.0025	0.0433	0.0428	0.0005	0.0034	0.0014	0.0020	0.2926	0.2482	0.0444	0.0133	0.0123	0.0010	0.2793	0.2359	0.0434	0.5116	0.3249	0.1868	0.1452	0.1233	0.0219	0.3664	0.2015	0.1649	0.0000	0.0000	0.0000	0.0000	0.0000	0.0000	0.0000	0.0000	0.0000	0.0913	0.1360	0.0135	0.2983	0.3469	0.0246	0.0092	0.0069	0.0120	
45	104	0.1451	2	0	2	0	0	0	0	0	0	N	Y	N	N	N	N	N	N	N	N	N	N	0.0086	0.0016	3.2193	0.0146	0.0013	236.1988	0.0082	0.0018	2.0242	0.0097	0.0032	0.0465	0.0384	0.0036	0.5497	0.0074	0.0031	0.0298	1.1269	1.9548	0.0144	2.6216	2.8167	0.0023	0.8992	1.7194	0.0147	2.5959	0.0055	0.0019	-0.9046	12.0036	8.9557	21.9053	32.3127	0.0066	0.0018	0.0048	0.0020	0.0002	0.0018	0.0046	0.0017	0.0029	1.9974	1.9865	0.0109	0.6142	0.6142	0.0000	1.3832	1.3723	0.0109	0.6785	0.5761	0.1023	0.0517	0.0484	0.0033	0.6268	0.5277	0.0991	1.7725	1.0162	0.7564	0.2343	0.2180	0.0162	1.5382	0.7981	0.7401	0.0086	0.0016	3.2193	0.0146	0.0013	236.1988	0.0082	0.0018	2.0242	1.1269	1.9548	0.0144	2.6216	2.8167	0.0023	0.8992	1.7194	0.0147
45	105	0.1705	3	0	1	1	0	0	0	0	0	N	N	N	N	N	N	N	N	N	N	N	N	0.0407	0.1960	0.0000	0.3800	0.4435	0.0000	0.0000	0.0000	0.0000	0.0001	0.0002	0.0000	0.0012	0.0012	0.0000	0.0000	0.0000	0.0000	0.0035	0.0009	0.0073	0.0031	0.0028	0.0053	0.0036	0.0002	0.0074	0.0000	5.8838	-0.0000	0.0008	12.0036	4.2679	21.9053	7.8415	0.0001	0.0001	0.0000	0.0001	0.0001	0.0000	0.0000	0.0000	0.0000	0.0020	0.0003	0.0017	0.0003	0.0002	0.0001	0.0017	0.0001	0.0016	0.3615	0.3049	0.0566	0.0435	0.0416	0.0019	0.3180	0.2633	0.0547	0.5645	0.3330	0.2315	0.0971	0.0848	0.0122	0.4675	0.2482	0.2193	0.0407	0.1960	0.0000	0.3800	0.4435	0.0000	0.0000	0.0000	0.0000	0.0035	0.0009	0.0073	0.0031	0.0028	0.0053	0.0036	0.0002	0.0074
45	106	0.1451	2	0	1	0	0	0	0	0	0	N	N	N	N	N	N	N	N	N	N	N	N	0.0203	0.0424	0.0428	0.1294	0.0189	0.3727	0.0134	0.0638	0.0279	0.0388	0.0126	0.1841	0.0901	0.0081	2.2309	0.0312	0.0134	0.1185	1.9145	0.2977	4.2982	0.6964	0.4280	5.9851	2.3243	0.2100	4.2459	2.6256	9.7945	0.0019	0.6585	12.0036	1.9301	21.9053	9.0954	0.0066	0.0018	0.0048	0.0020	0.0002	0.0018	0.0047	0.0017	0.0030	1.4666	0.1359	1.3307	0.1343	0.0785	0.0557	1.3323	0.0573	1.2750	0.1712	0.1451	0.0261	0.0220	0.0212	0.0008	0.1492	0.1239	0.0253	0.7660	0.4564	0.3096	0.1928	0.1835	0.0093	0.5732	0.2729	0.3003	0.0203	0.0424	0.0428	0.1294	0.0189	0.3727	0.0134	0.0638	0.0279	1.9145	0.2977	4.2982	0.6964	0.4280	5.9851	2.3243	0.2100	4.2459
45	108	0.1339	3	0	2	0	0	0	0	0	0	N	Y	N	N	N	N	N	N	N	N	N	N	156.2274	0.0000	373438756.7901	0.1796	0.0000	716270.2453	47110764.0028	0.0000	2708423081.4270	1.6439	0.0000	10.6203	0.0127	0.0000	0.8414	1.6851	0.0000	10.6440	0.0105	0.0180	0.0000	0.0709	0.0754	0.0000	0.0000	0.0000	0.0000	inf	0.0000	0.5571	-0.0069	12.0036	8.0392	21.9053	22.6195	0.9968	0.0000	0.9968	0.0002	0.0000	0.0002	0.9966	0.0000	0.9966	0.0151	0.0151	0.0000	0.0151	0.0151	0.0000	0.0000	0.0000	0.0000	0.6064	0.5125	0.0939	0.0149	0.0147	0.0002	0.5915	0.4978	0.0936	1.4346	0.8369	0.5978	0.2129	0.2003	0.0125	1.2218	0.6365	0.5853	156.2274	0.0000	373438756.7901	0.1796	0.0000	716270.2453	47110764.0028	0.0000	2708423081.4270	0.0105	0.0180	0.0000	0.0709	0.0754	0.0000	0.0000	0.0000	0.0000
45	109	0.1339	2	0	1	0	0	0	0	0	0	N	N	N	N	N	N	N	N	N	N	N	N	2.1486	1.8126	3.8440	2.5670	2.5542	2.1757	1.9526	1.4550	3.8170	0.1782	0.1123	0.5067	0.2764	0.2765	0.1055	0.1314	0.0087	0.5072	0.0829	0.0620	0.1318	0.1077	0.1082	0.0485	0.0673	0.0060	0.1329	0.9047	0.9123	0.0003	0.0006	12.0036	0.2031	21.9053	2.0398	0.0076	0.0040	0.0036	0.0038	0.0038	0.0000	0.0038	0.0002	0.0036	0.0299	0.0156	0.0142	0.0150	0.0149	0.0001	0.0149	0.0007	0.0142	0.0425	0.0354	0.0071	0.0137	0.0137	0.0000	0.0288	0.0217	0.0071	0.3602	0.2521	0.1081	0.1393	0.1380	0.0013	0.2209	0.1141	0.1068	2.1486	1.8126	3.8440	2.5670	2.5542	2.1757	1.9526	1.4550	3.8170	0.0829	0.0620	0.1318	0.1077	0.1082	0.0485	0.0673	0.0060	0.1329
45	110	0.7144	8	1	1	1	0	0	0	0	0	N	N	N	N	N	N	N	N	N	N	N	N	0.0000	0.0000	0.0000	0.0000	0.0000	0.0000	0.0000	0.0000	0.0000	0.0000	0.0000	0.0000	0.0000	0.0000	0.0000	0.0000	0.0000	0.0000	0.0000	0.0000	12.0036	0.0001	21.9053	0.0001	0.0000	0.0000	0.0000	0.0000	0.0000	0.0000	0.0000	0.0000	0.0000	0.0000	0.0000	0.0000	0.0000	0.0000	0.0000	0.0000	0.0000	0.0000	0.0083	0.0066	0.0018	0.0042	0.0042	0.0000	0.0042	0.0024	0.0018	0.0003	0.0002	0.0001	0.0002	0.0002	0.0000	0.0002	0.0000	0.0001	0.0000	0.0000	0.0000	0.0000	0.0000	0.0000	0.0000	0.0000	0.0000	0.0000	0.0000	0.0000	0.0000	0.0000	0.0000	0.0000	0.0000	0.0000											
45	111	0.7006	7	1	1	1	0	0	0	0	0	N	N	N	N	N	N	N	N	N	N	N	N	0.0000	0.0000	0.0000	0.0000	0.0000	0.0000	0.0000	0.0000	0.0000	0.0000	0.0000	0.0000	0.0000	0.0000	0.0000	0.0000	0.0000	0.0015	0.0017	0.0011	0.0014	0.0018	0.0000	0.0015	0.0012	0.0019	0.2747	0.0000	-0.0001	12.0036	1.6718	21.9053	2.9223	0.0000	0.0000	0.0000	0.0000	0.0000	0.0000	0.0000	0.0000	0.0000	0.0003	0.0002	0.0001	0.0002	0.0002	0.0000	0.0001	0.0000	0.0001	0.1304	0.1134	0.0170	0.0350	0.0332	0.0018	0.0954	0.0802	0.0152	0.2132	0.1489	0.0643	0.1433	0.1152	0.0282	0.0699	0.0338	0.0361	0.0000	0.0000	0.0000	0.0000	0.0000	0.0000	0.0000	0.0000	0.0000	0.0015	0.0017	0.0011	0.0014	0.0018	0.0000	0.0015	0.0012	0.0019		
45	112	0.6171	6	1	1	1	0	0	0	0	0	N	N	N	N	N	N	N	N	N	N	N	N	0.0000	0.0000	0.0000	0.0000	0.0000	0.0000	0.0000	0.0000	0.0000	0.0000	0.0000	0.0000	0.0000	0.0000	0.0000	0.0000	0.0000	0.0000	0.0008	0.0006	0.0012	0.0003	0.0004	0.0000	0.0014	0.0011	0.0017	0.8539	0.0000	0.0000	12.0036	14.0283	21.9053	7.1084	0.0000	0.0000	0.0000	0.0000	0.0000	0.0000	0.0000	0.0000	0.0000	0.0006	0.0003	0.0003	0.0001	0.0001	0.0000	0.0004	0.0002	0.0003	1.0107	0.8845	0.1261	0.3053	0.2866	0.0187	0.7053	0.5979	0.1074	0.7238	0.4986	0.2251	0.4168	0.3407	0.0760	0.3070	0.1579	0.1491	0.0000	0.0000	0.0000	0.0000	0.0000	0.0000	0.0000	0.0000	0.0000	0.0008	0.0006	0.0012	0.0003	0.0004	0.0000	0.0014	0.0011	0.0017	
45	113	0.5568	5	0	1	0	0	0	0	0	0	N	N	N	N	N	N	N	N	N	N	N	N	0.0074	0.0068	0.0029	0.3012	0.2634	1.3327	0.0000	0.0000	0.0000	0.0009	0.0010	0.0002	0.0029	0.0029	0.0016	0.0000	0.0000	0.0000	0.1201	0.1432	0.0677	0.0095	0.0111	0.0012	0.2622	0.4227	0.0960	0.0270	0.2087	-0.0003	-0.0290	12.0036	8.6129	21.9053	5.1709	0.0008	0.0007	0.0000	0.0008	0.0007	0.0000	0.0000	0.0000	0.0000	0.1015	0.0840	0.0175	0.0045	0.0044	0.0001	0.0970	0.0796	0.0174	0.8565	0.7563	0.1002	0.2656	0.2528	0.0128	0.5909	0.5035	0.0874	0.8454	0.5865	0.2590	0.4754	0.3982	0.0772	0.3700	0.1882	0.1818	0.0074	0.0068	0.0029	0.3012	0.2634	1.3327	0.0000	0.0000	0.0000	0.1201	0.1432	0.0677	0.0095	0.0111	0.0012	0.2622	0.4227	0.0960
45	114	0.4617	4	0	1	0	0	0	0	0	0	N	N	N	N	N	N	N	N	N	N	N	N	1.0878	4.5203	0.0104	3.8456	13.8099	0.0008	0.0077	0.0108	0.0233	0.7342	0.8478	0.0174	3.5522	3.8399	0.0034	0.0033	0.0004	0.0191	0.6750	0.1876	1.6716	0.9237	0.2781	4.2042	0.4252	0.0378	0.8235	0.0032	4.3587	-0.4016	0.4187	12.0036	16.8607	21.9053	22.7724	0.9172	0.9142	0.0030	0.9140	0.9139	0.0001	0.0032	0.0003	0.0029	1.1793	0.2201	0.9592	0.8086	0.2034	0.6052	0.3707	0.0167	0.3540	1.2492	1.0783	0.1709	0.2573	0.2380	0.0193	0.9919	0.8403	0.1516	1.7472	1.1733	0.5738	0.8753	0.7314	0.1440	0.8718	0.4419	0.4299	1.0878	4.5203	0.0104	3.8456	13.8099	0.0008	0.0077	0.0108	0.0233	0.6750	0.1876	1.6716	0.9237	0.2781	4.2042	0.4252	0.0378	0.8235
45	115	0.1929	3	1	1	1	0	0	0	0	0	N	N	N	N	N	N	N	N	N	N	N	N	0.0000	0.0000	0.0000	0.0000	0.0000	0.0000	0.0000	0.0000	0.0000	0.0000	0.0000	0.0000	0.0000	0.0000	0.0000	0.0000	0.0000	0.0008	0.0011	0.0002	0.0026	0.0026	0.0019	0.0001	0.0000	0.0002	0.0994	0.0000	-0.0001	12.0036	1.0009	21.9053	4.0038	0.0000	0.0000	0.0000	0.0000	0.0000	0.0000	0.0000	0.0000	0.0000	0.0003	0.0003	0.0000	0.0003	0.0003	0.0000	0.0000	0.0000	0.0000	0.0800	0.0681	0.0119	0.0059	0.0056	0.0003	0.0741	0.0625	0.0116	0.3731	0.2433	0.1298	0.1076	0.1038	0.0038	0.2655	0.1395	0.1260	0.0000	0.0000	0.0000	0.0000	0.0000	0.0000	0.0000	0.0000	0.0000	0.0008	0.0011	0.0002	0.0026	0.0026	0.0019	0.0001	0.0000	0.0002		
45	116	0.1646	2	1	1	1	0	0	0	0	0	N	N	N	N	N	N	N	N	N	N	N	N	0.0034	0.0014	0.0094	0.0738	0.0045	2.1244	0.0022	0.0122	0.0067	0.0094	0.0003	0.0601	0.0498	0.0031	0.7875	0.0071	0.0001	0.0444	2.7212	0.1982	6.4190	0.6745	0.6972	0.3707	3.1606	0.0073	6.6081	39.7372	22.1008	0.0007	0.8638	12.0036	1.8441	21.9053	10.4794	0.0013	0.0000	0.0013	0.0004	0.0000	0.0004	0.0009	0.0000	0.0009	1.7334	0.0750	1.6584	0.0759	0.0730	0.0029	1.6575	0.0020	1.6555	0.1415	0.1200	0.0215	0.0077	0.0072	0.0005	0.1338	0.1127	0.0210	0.6370	0.3787	0.2584	0.1126	0.1048	0.0078	0.5244	0.2739	0.2505	0.0034	0.0014	0.0094	0.0738	0.0045	2.1244	0.0022	0.0122	0.0067	2.7212	0.1982	6.4190	0.6745	0.6972	0.3707	3.1606	0.0073	6.6081
45	117	0.3489	2	0	2	0	1	0	0	0	0	N	Y	N	N	N	N	N	N	N	N	N	N	1.0642	2.0674	0.0465	0.4158	0.3697	3.6731	1.0393	12.7141	0.0312	1.3110	1.4962	0.1089	0.4058	0.4078	0.3666	1.5220	1.7811	0.0896	1.2319	0.7237	2.3403	0.9759	1.1032	0.0998	1.4644	0.1401	2.8728	0.0112	1.4827	-0.4985	0.3347	12.0036	10.5071	21.9053	20.2622	1.1592	1.1464	0.0129	0.0678	0.0648	0.0030	1.0914	1.0816	0.0098	2.4106	0.9709	1.4396	0.9087	0.8969	0.0118	1.5019	0.0741	1.4279	0.8842	0.7662	0.1181	0.1672	0.1589	0.0082	0.7171	0.6072	0.1098	1.9567	1.3416	0.6152	0.9311	0.8130	0.1181	1.0256	0.5286	0.4970	1.0642	2.0674	0.0465	0.4158	0.3697	3.6731	1.0393	12.7141	0.0312	1.2319	0.7237	2.3403	0.9759	1.1032	0.0998	1.4644	0.1401	2.8728
45	119	0.1512	2	0	2	0	0	0	0	0	0	N	Y	N	N	N	N	N	N	N	N	N	N	0.0025	0.0000	0.0252	0.0817	0.0000	19.8005	0.0018	0.0000	0.0190	0.0087	0.0000	0.0563	0.0337	0.0000	2.1292	0.0071	0.0000	0.0434	3.4073	4.2193	2.2379	0.4127	0.4304	0.1075	3.9525	5.4599	2.2827	inf	0.3683	0.0015	-0.7929	12.0036	3.8169	21.9053	21.2433	0.0027	0.0000	0.0027	0.0006	0.0000	0.0006	0.0021	0.0000	0.0021	4.1904	3.0625	1.1279	0.0782	0.0771	0.0011	4.1122	2.9854	1.1267	0.3108	0.2630	0.0479	0.0187	0.0184	0.0003	0.2921	0.2446	0.0476	1.2298	0.7258	0.5040	0.1894	0.1790	0.0104	1.0404	0.5468	0.4936	0.0025	0.0000	0.0252	0.0817	0.0000	19.8005	0.0018	0.0000	0.0190	3.4073	4.2193	2.2379	0.4127	0.4304	0.1075	3.9525	5.4599	2.2827
45	120	0.4969	6	0	2	0	0	0	0	0	0	N	Y	N	N	N	N	N	N	N	N	N	N	1.8733	1.4666	3.8884	4.5360	3.9252	29.0799	0.0199	0.0124	0.5643	3.5699	4.0969	0.0001	13.8896	14.6650	0.0012	0.0122	0.0144	0.0000	1.9057	2.7934	0.0000	3.0621	3.7362	0.0000	0.6125	1.1587	0.0000	0.0000	0.0000	-2.1245	-2.2747	12.0036	16.3276	21.9053	34.9199	4.8162	4.8162	0.0000	4.8040	4.8040	0.0000	0.0122	0.0122	0.0000	4.9627	4.9627	0.0000	4.2098	4.2098	0.0000	0.7529	0.7529	0.0000	1.3491	1.1756	0.1736	0.3459	0.3276	0.0183	1.0032	0.8480	0.1553	2.6041	1.7765	0.8276	1.3748	1.1268	0.2480	1.2293	0.6498	0.5795	1.8733	1.4666	3.8884	4.5360	3.9252	29.0799	0.0199	0.0124	0.5643	1.9057	2.7934	0.0000	3.0621	3.7362	0.0000	0.6125	1.1587	0.0000
45	121	0.4795	5	0	2	0	0	0	0	0	0	N	Y	N	N	N	N	N	N	N	N	N	N	1.6639	1.3151	4.0712	4.9357	4.7903	0.0774	0.6012	0.0024	4.2323	2.6554	2.3307	4.7424	8.6430	9.0675	0.0819	0.8346	0.0037	5.1577	1.5958	1.7722	1.1648	1.7511	1.8929	1.0578	1.3882	1.5278	1.2187	0.3166	0.2690	-0.2864	-0.6886	12.0036	6.1757	21.9053	14.5601	1.4274	1.0842	0.3432	1.0834	1.0829	0.0005	0.3440	0.0013	0.3427	2.7948	2.2024	0.5924	1.7548	1.5748	0.1800	1.0400	0.6276	0.4125	0.5376	0.4652	0.0724	0.1254	0.1194	0.0059	0.4122	0.3458	0.0665	1.7513	1.2427	0.5086	1.0021	0.8320	0.1701	0.7492	0.4108	0.3385	1.6639	1.3151	4.0712	4.9357	4.7903	0.0774	0.6012	0.0024	4.2323	1.5958	1.7722	1.1648	1.7511	1.8929	1.0578	1.3882	1.5278	1.2187
45	122	0.4265	4	0	1	0	0	0	0	0	0	N	N	N	N	N	N	N	N	N	N	N	N	0.6138	0.3137	4.7819	0.7977	0.7577	0.0624	0.6675	0.1180	4.9930	1.2594	0.7989	4.3218	2.1458	2.2669	0.0411	0.9450	0.2142	4.8453	2.0517	2.5467	0.9038	2.6901	2.9919	0.6596	1.4157	1.8146	0.9704	0.8136	0.1530	0.0066	-1.2478	12.0036	7.5400	21.9053	21.4192	0.8735	0.4816	0.3919	0.3897	0.3893	0.0004	0.4838	0.0923	0.3915	3.8317	3.3231	0.5086	2.5072	2.4277	0.0795	1.3245	0.8955	0.4290	0.6935	0.6029	0.0907	0.1816	0.1717	0.0099	0.5119	0.4312	0.0808	1.8676	1.3049	0.5627	0.9320	0.8114	0.1206	0.9356	0.4935	0.4421	0.6138	0.3137	4.7819	0.7977	0.7577	0.0624	0.6675	0.1180	4.9930	2.0517	2.5467	0.9038	2.6901	2.9919	0.6596	1.4157	1.8146	0.9704
45	123	0.1867	3	0	2	0	0	0	0	0	0	N	Y	N	N	N	N	N	N	N	N	N	N	0.0000	0.0000	0.0000	0.0000	0.0000	0.0000	0.0000	0.0000	0.0000	0.0000	0.0000	0.0000	0.0000	0.0000	0.0000	0.0000	0.0000	0.0000	1.8705	3.0815	0.0428	4.1505	4.9033	0.4318	1.2005	2.2475	0.0015	0.0092	0.0000	-0.9062	12.0036	4.0019	21.9053	19.5615	0.0000	0.0000	0.0000	0.0000	0.0000	0.0000	0.0000	0.0000	0.0000	2.0171	1.9987	0.0184	1.0165	0.9987	0.0178	1.0005	0.9999	0.0006	0.2965	0.2515	0.0450	0.0134	0.0124	0.0010	0.2830	0.2390	0.0440	1.0784	0.6486	0.4298	0.2449	0.2037	0.0412	0.8334	0.4449	0.3885	0.0000	0.0000	0.0000	0.0000	0.0000	0.0000	0.0000	0.0000	0.0000	1.8705	3.0815	0.0428	4.1505	4.9033	0.4318	1.2005	2.2475	0.0015	
45	124	0.1646	2	0	1	0	0	0	0	0	0	N	N	N	N	N	N	N	N	N	N	N	N	0.0065	0.0001	0.5356	0.0546	0.0032	3.6079	0.0045	0.0000	0.4069	0.0138	0.0003	0.0892	0.0674	0.0042	1.1749	0.0104	0.0000	0.0657	2.1138	3.3978	0.1665	1.2345	1.2960	0.3256	2.3259	4.3074	0.1614	57.2417	0.0323	0.0007	-0.4708	12.0036	1.2223	21.9053	8.2281	0.0013	0.0000	0.0013	0.0004	0.0000	0.0004	0.0009	0.0000	0.0009	1.1025	1.0679	0.0345	0.1251	0.1230	0.0021	0.9773	0.9449	0.0324	0.0951	0.0807	0.0145	0.0057	0.0054	0.0003	0.0895	0.0753	0.0142	0.5215	0.3143	0.2072	0.1014	0.0949	0.0064	0.4202	0.2194	0.2008	0.0065	0.0001	0.5356	0.0546	0.0032	3.6079	0.0045	0.0000	0.4069	2.1138	3.3978	0.1665	1.2345	1.2960	0.3256	2.3259	4.3074	0.1614
45	126	0.1499	3	0	2	0	0	0	0	0	0	N	Y	N	N	N	N	N	N	N	N	N	N	0.0002	0.0005	0.0000	0.1817	0.1831	0.0000	0.0000	0.0000	0.0000	0.0007	0.0008	0.0000	0.0118	0.0120	0.0000	0.0000	0.0000	0.0000	3.5941	1.5332	6.9707	0.0647	0.0656	0.0527	4.3663	2.1098	6.7887	0.0000	2.9620	-0.0001	1.1537	12.0036	5.0407	21.9053	17.1705	0.0003	0.0003	0.0000	0.0003	0.0003	0.0000	0.0000	0.0000	0.0000	3.9888	1.0068	2.9821	0.0129	0.0121	0.0007	3.9759	0.9946	2.9813	0.3999	0.3380	0.0619	0.0228	0.0223	0.0005	0.3771	0.3157	0.0614	1.1098	0.6566	0.4532	0.1992	0.1852	0.0140	0.9106	0.4714	0.4392	0.0002	0.0005	0.0000	0.1817	0.1831	0.0000	0.0000	0.0000	0.0000	3.5941	1.5332	6.5801	0.0647	0.0656	0.0527	4.3663	2.1098	6.7887
45	127	0.1339	2	0	2	0	0	0	0	0	0	N	Y	N	N	N	N	N	N	N	N	N	N	0.4755	0.8376	0.0075	4.9881	4.8873	0.0585	0.0022	0.0000	0.0074	0.0389	0.0460	0.0010	0.4800	0.4820	0.0003	0.0002	0.0000	0.0010	0.0818	0.0549	0.1286	0.0962	0.0986	0.0043	0.0767	0.0262	0.1309	0.0040	1.3413	-0.0029	0.0057	12.0036	1.9703	21.9053	6.2034	0.0067	0.0067	0.0000	0.0067	0.0067	0.0000	0.0000	0.0000	0.0000	0.0495	0.0212	0.0284	0.0151	0.0151	0.0000	0.0345	0.0061	0.0284	0.1732	0.1458	0.0274	0.0140	0.0139	0.0001	0.1593	0.1319	0.0273	0.6060	0.3853	0.2207	0.1567	0.1527	0.0040	0.4493	0.2326	0.2167	0.4755	0.8376	0.0075	4.9881	4.8873	0.0585	0.0022	0.0000	0.0074	0.0818	0.0549	0.1286	0.0962	0.0986	0.0043	0.0767	0.0262	0.1309
45	129	0.4558	5	0	2	0	0	0	0	0	0	N	Y	N	N	N	N	N	N	N	N	N	N	1.3390	1.1298	1.3998	1.3616	0.0077	0.0085	0.0000	0.0142	0.0149	0.0000	0.0000	0.0000	0.0000	0.0058	0.0075	0.0000	0.0101	0.0109	0.0000	0.0000	0.0000	0.0000	0.0000	0.0000	-0.0008	-0.0016	12.0036	1.0033	21.9053	0.8635	0.0019	0.0019	0.0000	0.0019	0.0019	0.0000	0.0000	0.0000	0.0000	0.0035	0.0035	0.0000	0.0035	0.0035	0.0000	0.0000	0.0000	0.0000	0.2466	0.2244	0.0222	0.1338	0.1276	0.0062	0.1128	0.0968	0.0160	0.5997	0.4605	0.1392	0.3402	0.3156	0.0245	0.2595	0.1448	0.1147	1.3390	1.1298	0.0000	1.3998	1.3616	0.0000	0.0000	0.0000	0.0000	0.0058	0.0075	0.0000	0.0101	0.0109	0.0000	0.0000	0.0000	0.0000					
45	130	0.4265	4	0	1	0	0	0	0	0	0	N	N	N	N	N	N	N	N	N	N	N	N	47.2350	54.4861	0.3549	85.2544	105.0450	0.0312	31.5860	36.5442	0.9298	2.0395	2.3368	0.0156	5.5283	5.8287	0.0043	0.5970	0.7072	0.0171	0.0432	0.0429	0.0439	0.0648	0.0555	0.1381	0.0189	0.0194	0.0184	0.0010	0.3994	-0.5035	-0.0112	12.0036	5.5514	21.9053	9.9598	1.1440	1.1429	0.0011	0.9071	0.9070	0.0000	0.2369	0.2358	0.0011	0.0649	0.0464	0.0185	0.0515	0.0391	0.0124	0.0134	0.0073	0.0061	0.5609	0.4891	0.0718	0.1641	0.1556	0.0085	0.3969	0.3335	0.0634	1.5023	1.0808	0.4215	0.7938	0.7039	0.0899	0.7085	0.3769	0.3316	47.2350	54.4861	0.3549	85.2544	105.0450	0.0312	31.5860	36.5442	0.9298	0.0432	0.0429	0.0439	0.0648	0.0555	0.1381	0.0189	0.0194	0.0184
45	131	0.3962	3	0	1	0	0	0	0	0	0	N	N	N	N	N	N	N	N	N	N	N	N	0.9725	0.6679	2.9793	1.8275	1.7303	0.0380	0.7790	0.3262	2.7318	1.1601	0.7821	3.7038	2.6205	2.7545	0.0108	0.7452	0.1535	4.0403	1.1929	1.1711	1.2432	1.4339	1.5919	0.2835	0.9566	0.4706	1.4789	0.7036	0.4618	-0.0266	-0.2694	12.0036	9.1969	21.9053	13.4651	0.9461	0.5554	0.3908	0.4728	0.4727	0.0001	0.4733	0.0826	0.3907	1.8913	1.2938	0.5975	1.1255	1.0987	0.0269	0.7657	0.1951	0.5706	0.8156	0.7101	0.1055	0.1804	0.1716	0.0088	0.6351	0.5384	0.0967	1.5854	1.1048	0.4806	0.7850	0.6902	0.0948	0.8004	0.4146	0.3858	0.9725	0.6679	2.9793	1.8275	1.7303	0.0380	0.7790	0.3262	2.7318	1.1929	1.1711	1.2432	1.4339	1.5919	0.2835	0.9566	0.4706	1.4789
45	132	0.2097	5	1	2	0	1	0	0	0	0	N	Y	N	N	N	N	N	N	N	N	N	N	0.0000	0.0000	0.0000	0.0000	0.0000	0.0000	0.0000	0.0000	0.0000	0.0000	0.0000	0.0000	0.0000	18.2573	0.0000	70.2270	0.0000	0.0000	0.0000	14.0254	0.0000	60.2095	inf	0.0000	1.0833	12.0036	1.0000	21.9053	3.0001	0.0000	0.0000	0.0000	0.0000	0.0000	0.0000	0.0000	0.0000	0.0000	2.0000	0.0000	2.0000	0.0000	0.0000	0.0000	2.0000	0.0000	2.0000	0.0747	0.0634	0.0113	0.0046	0.0043	0.0003	0.0700	0.0591	0.0110	0.1638	0.0911	0.0728	0.0204	0.0178	0.0026	0.1435	0.0733	0.0702	0.0000	0.0000	0.0000	0.0000	0.0000	0.0000	0.0000	0.0000	0.0000	12.2068	0.0000	27.4837	0.0000	0.0000	0.0000	13.9420	0.0000	28.4961						
45	133	0.6086	9	1	2	0	1	0	0	0	0	N	Y	N	N	N	N	N	N	N	N	N	N	inf	inf	inf	inf	4.7777	0.0000	43.1415	6.8095	0.0000	74.1109	0.0000	0.0000	0.0000	0.0000	0.0000	0.0000	0.0000	0.0000	0.0000	0.0000	0.0000	0.0000	inf	0.0003	0.0000	12.0036	0.0006	21.9053	1.9797	0.0005	0.0000	0.0005	0.0005	0.0000	0.0005	0.0000	0.0000	0.0000	0.0000	0.0000	0.0000	0.0000	0.0000	0.0000	0.0000	0.0000	0.0000	0.0001	0.0001	0.0000	0.0001	0.0001	0.0000	0.0000	0.0000	0.0000	0.0733	0.0492	0.0241	0.0363	0.0306	0.0057	0.0371	0.0187	0.0184	inf	0.0000	inf	inf	0.0000	inf	0.0000	0.0000	0.0000	0.0000	0.0000	0.0000	0.0000	0.0000	0.0000	0.0000	0.0000	0.0000						
45	134	0.5918	8	1	2	0	1	0	0	0	0	N	Y	N	N	N	N	N	N	N	N	N	N	inf	inf	inf	inf	0.0036	0.0042	0.0000	0.0149	0.0162	0.0000	0.0000	0.0000	0.0000	0.0000	0.0000	0.0000	0.0000	0.0000	0.0000	0.0000	0.0000	0.0000	0.0000	-0.0002	0.0000	12.0036	2.0077	21.9053	6.0321	0.0005	0.0005	0.0000	0.0005	0.0005	0.0000	0.0000	0.0000	0.0000	0.0000	0.0000	0.0000	0.0000	0.0000	0.0000	0.0000	0.0000	0.0000	0.1448	0.1246	0.0202	0.0350	0.0321	0.0029	0.1098	0.0925	0.0173	0.2670	0.1767	0.0903	0.1292	0.1069	0.0223	0.1378	0.0698	0.0680	inf	inf	0.0000	inf	inf	0.0000	0.0000	0.0000	0.0000	0.0000	0.0000	0.0000	0.0000	0.0000	0.0000	0.0000	0.0000	0.0000						
45	135	0.5871	8	0	2	0	1	0	0	0	0	N	Y	N	N	N	N	N	N	N	N	N	N	8.7743	0.0000	167.4463	2.7185	0.0000	79.8950	9.3426	0.0000	182.2652	0.0059	0.0000	0.0405	0.0016	0.0000	0.0204	0.0071	0.0000	0.0433	0.0007	0.0009	0.0002	0.0006	0.0006	0.0003	0.0008	0.0013	0.0002	inf	0.1327	0.0007	-0.0001	12.0036	3.0348	21.9053	9.3583	0.0013	0.0000	0.0013	0.0001	0.0000	0.0001	0.0012	0.0000	0.0012	0.0003	0.0003	0.0000	0.0001	0.0001	0.0000	0.0002	0.0002	0.0000	0.2244	0.1920	0.0324	0.0512	0.0473	0.0039	0.1731	0.1446	0.0285	0.4838	0.3276	0.1563	0.2453	0.2057	0.0396	0.2386	0.1219	0.1167	8.7743	0.0000	167.4463	2.7185	0.0000	79.8950	9.3426	0.0000	182.2652	0.0007	0.0009	0.0002	0.0006	0.0006	0.0003	0.0008	0.0013	0.0002
45	136	0.5728	7	0	1	0	1	0	0	0	0	N	N	N	N	N	N	N	N	N	N	N	N	461.1000	584.4701	0.0000	1808.3132	1812.3386	0.0000	0.0000	0.0000	0.0000	0.3502	0.4139	0.0000	1.3106	1.3927	0.0000	0.0000	0.0000	0.0000	0.0008	0.0007	0.0009	0.0007	0.0008	0.0005	0.0008	0.0006	0.0010	0.0000	0.6241	-0.0006	-0.0000	12.0036	0.0433	21.9053	6.6805	0.0013	0.0013	0.0000	0.0013	0.0013	0.0000	0.0000	0.0000	0.0000	0.0002	0.0001	0.0001	0.0001	0.0001	0.0000	0.0001	0.0000	0.0001	0.0038	0.0032	0.0006	0.0010	0.0009	0.0001	0.0028	0.0022	0.0005	0.2335	0.1542	0.0793	0.1118	0.0923	0.0194	0.1217	0.0619	0.0599	461.1000	584.4701	0.0000	1808.3132	1812.3386	0.0000	0.0000	0.0000	0.0000	0.0008	0.0007	0.0009	0.0007	0.0008	0.0005	0.0008	0.0006	0.0010
45	137	0.2393	7	0	2	0	1	0	0	0	0	N	Y	N	N	N	N	N	N	N	N	N	N	0.0000	0.0000	0.0000	0.0000	0.0000	0.0000	0.0000	0.0000	0.0000	0.0000	0.0000	0.0000	0.0000	0.0000	0.0000	0.0000	0.0000	0.0000	0.0000	0.0000	12.0036	0.0000	21.9053	0.0000	0.0000	0.0000	0.0000	0.0000	0.0000	0.0000	0.0000	0.0000	0.0000	0.0000	0.0000	0.0000	0.0000	0.0000	0.0000	0.0000	0.0000	0.0000	0.0000	0.0000	0.0000	0.0000	0.0000	0.0000	0.0000	0.0000	0.0000	0.0000	0.0000	0.0000	0.0000	0.0000	0.0000	0.0000	0.0000	0.0000	0.0000	0.0000	0.0000	0.0000	0.0000	0.0000	0.0000	0.0000	0.0000	0.0000	0.0000	0.0000	0.0000	0.0000	0.0000	0.0000	0.0000	0.0000											
45	138	0.2342	6	0	2	0	1	0	0	0	0	N	Y	N	N	N	N	N	N	N	N	N	N	0.0000	0.0000	0.0000	0.0000	0.0000	0.0000	0.0000	0.0000	0.0000	0.0000	0.0000	0.0000	0.0000	0.0000	0.0000	0.0000	0.0000	0.0000	0.0000	0.0000	12.0036	0.0021	21.9053	2.0000	0.0000	0.0000	0.0000	0.0000	0.0000	0.0000	0.0000	0.0000	0.0000	0.0000	0.0000	0.0000	0.0000	0.0000	0.0000	0.0000	0.0000	0.0000	0.0002	0.0002	0.0000	0.0000	0.0000	0.0000	0.0002	0.0001	0.0000	0.0808	0.0457	0.0352	0.0122	0.0108	0.0015	0.0686	0.0349	0.0337	0.0000	0.0000	0.0000	0.0000	0.0000	0.0000	0.0000	0.0000	0.0000	0.0000	0.0000	0.0000	0.0000	0.0000	0.0000	0.0000	0.0000	0.0000											
45	139	0.2240	5	0	1	0	1	0	0	0	0	N	N	N	N	N	N	N	N	N	N	N	N	0.0000	0.0000	0.0000	0.0000	0.0000	0.0000	0.0000	0.0000	0.0000	0.0000	0.0000	0.0000	0.0000	0.0001	0.0000	0.0003	0.0000	0.0000	0.0000	0.0001	0.0000	0.0003	inf	0.0000	0.0000	12.0036	1.0020	21.9053	3.0181	0.0000	0.0000	0.0000	0.0000	0.0000	0.0000	0.0000	0.0000	0.0000	0.0000	0.0000	0.0000	0.0000	0.0000	0.0000	0.0000	0.0000	0.0000	0.0749	0.0636	0.0113	0.0049	0.0046	0.0003	0.0699	0.0590	0.0109	0.1643	0.0921	0.0721	0.0237	0.0208	0.0030	0.1405	0.0713	0.0692	0.0000	0.0000	0.0000	0.0000	0.0000	0.0000	0.0000	0.0000	0.0000	0.0001	0.0000	0.0003	0.0000	0.0000	0.0000	0.0001	0.0000	0.0003						
45	140	0.2097	5	0	2	0	0	0	0	0	0	N	Y	N	N	N	N	N	N	N	N	N	N	0.0000	0.0000	0.0000	0.0000	0.0000	0.0000	0.0000	0.0000	0.0000	0.0000	0.0000	0.0000	0.0000	0.0000	0.0000	0.0000	0.0000	0.0000	0.0000	0.0000	12.0036	0.0000	21.9053	4.0001	0.0000	0.0000	0.0000	0.0000	0.0000	0.0000	0.0000	0.0000	0.0000	0.0000	0.0000	0.0000	0.0000	0.0000	0.0000	0.0000	0.0000	0.0000	0.0000	0.0000	0.0000	0.0000	0.0000	0.0000	0.0000	0.0000	0.0000	0.1638	0.0911	0.0728	0.0204	0.0178	0.0026	0.1435	0.0733	0.0702	0.0000	0.0000	0.0000	0.0000	0.0000	0.0000	0.0000	0.0000	0.0000	0.0000	0.0000	0.0000	0.0000	0.0000	0.0000	0.0000	0.0000	0.0000											
45	141	0.5873	7	0	2	0	0	0	0	0	0	N	Y	N	N	N	N	N	N	N	N	N	N	0.0000	0.0000	0.0000	0.0000	0.0000	0.0000	0.0000	0.0000	0.0000	0.0000	0.0000	0.0000	0.0000	0.0000	0.0001	0.0000	0.0001	0.0001	0.0000	0.0000	0.0000	0.0000	0.0000	0.0000	-0.0000	12.0036	1.0003	21.9053	5.0186	0.0000	0.0000	0.0000	0.0000	0.0000	0.0000	0.0000	0.0000	0.0000	0.0000	0.0000	0.0000	0.0000	0.0000	0.0000	0.0000	0.0000	0.0000	0.0722	0.0621	0.0101	0.0174	0.0160	0.0014	0.0548	0.0462	0.0086	0.2038	0.1351	0.0688	0.0988	0.0820	0.0168	0.1051	0.0531	0.0520	0.0000	0.0000	0.0000	0.0000	0.0000	0.0000	0.0000	0.0000	0.0000	0.0000	0.0001	0.0000	0.0001	0.0001	0.0000	0.0000	0.0000	0.0000						
45	142	0.2240	5	0	1	1	1	0	0	0	0	N	N	N	N	N	N	N	N	N	N	N	N	0.0000	0.0000	0.0000	0.0000	0.0000	0.0000	0.0000	0.0000	0.0000	0.0000	0.0000	0.0000	0.0000	0.0001	0.0000	0.0001	0.0000	0.0000	0.0000	0.0001	0.0000	0.0001	inf	0.0000	0.0000	12.0036	0.0001	21.9053	9.0026	0.0000	0.0000	0.0000	0.0000	0.0000	0.0000	0.0000	0.0000	0.0000	0.0000	0.0000	0.0000	0.0000	0.0000	0.0000	0.0000	0.0000	0.0000	0.0000	0.0000	0.0000	0.0000	0.0000	0.0000	0.0000	0.0000	0.0000	0.3601	0.2022	0.1580	0.0519	0.0453	0.0065	0.3082	0.1568	0.1514	0.0000	0.0000	0.0000	0.0000	0.0000	0.0000	0.0000	0.0000	0.0000	0.0001	0.0000	0.0001	0.0000	0.0000	0.0000	0.0001	0.0000	0.0001						
45	143	0.5728	7	0	1	1	1	0	0	0	0	N	N	N	N	N	N	N	N	N	N	N	N	0.0000	0.0000	0.0000	0.0000	0.0000	0.0000	0.0000	0.0000	0.0000	0.0000	0.0000	0.0000	0.0000	0.0000	0.0000	0.0000	0.0000	0.0000	0.0000	0.0000	0.0000	0.0000	0.0000	0.0000	-0.0000	12.0036	2.0061	21.9053	8.0425	0.0000	0.0000	0.0000	0.0000	0.0000	0.0000	0.0000	0.0000	0.0000	0.0000	0.0000	0.0000	0.0000	0.0000	0.0000	0.0000	0.0000	0.0000	0.1437	0.1231	0.0206	0.0313	0.0287	0.0026	0.1124	0.0944	0.0180	0.3419	0.2253	0.1166	0.1632	0.1346	0.0286	0.1787	0.0907	0.0880	0.0000	0.0000	0.0000	0.0000	0.0000	0.0000	0.0000	0.0000	0.0000	0.0000	0.0000	0.0000	0.0000	0.0000	0.0000	0.0000	0.0000	0.0000						
45	144	0.5637	6	0	1	0	1	0	0	0	0	N	N	N	N	N	N	N	N	N	N	N	N	0.0000	0.0000	0.0000	0.0000	0.0000	0.0000	0.0000	0.0000	0.0000	0.0000	0.0000	0.0000	0.0000	0.0000	0.0000	0.0000	0.0000	0.0000	0.0043	0.0057	0.0009	0.0083	0.0094	0.0002	0.0005	0.0000	0.0011	0.0654	0.0000	-0.0004	12.0036	1.9550	21.9053	2.1189	0.0000	0.0000	0.0000	0.0000	0.0000	0.0000	0.0000	0.0000	0.0000	0.0010	0.0009	0.0001	0.0009	0.0009	0.0000	0.0001	0.0000	0.0001	0.1514	0.1294	0.0219	0.0424	0.0380	0.0043	0.1090	0.0914	0.0176	0.2253	0.1613	0.0640	0.1097	0.0974	0.0123	0.1156	0.0639	0.0516	0.0000	0.0000	0.0000	0.0000	0.0000	0.0000	0.0000	0.0000	0.0000	0.0043	0.0057	0.0009	0.0083	0.0094	0.0002	0.0005	0.0000	0.0011	
45	145	0.5637	6	0	1	1	1	0	0	0	0	N	N	N	N	N	N	N	N	N	N	N	N	0.0000	0.0000	0.0000	0.0000	0.0000	0.0000	0.0000	0.0000	0.0000	0.0000	0.0000	0.0000	0.0000	0.0000	0.0000	0.0000	0.0000	2.2755	3.3862	0.0002	0.0353	0.0420	0.0000	4.2800	8.2265	0.0003	0.0000	0.0000	-0.7789	12.0036	2.1261	21.9053	18.6477	0.0000	0.0000	0.0000	0.0000	0.0000	0.0000	0.0000	0.0000	0.0000	1.6994	1.6993	0.0001	0.0125	0.0125	0.0000	1.6869	1.6869	0.0001	0.1635	0.1399	0.0236	0.0452	0.0406	0.0046	0.1183	0.0992	0.0190	0.7468	0.5018	0.2450	0.3527	0.2968	0.0559	0.3941	0.2051	0.1891	0.0000	0.0000	0.0000	0.0000	0.0000	0.0000	0.0000	0.0000	0.0000	2.2755	3.3862	0.0002	0.0353	0.0420	0.0000	4.2800	8.2265	0.0003		
45	146	0.2240	5	0	1	1	1	0	0	0	0	N	N	N	N	N	N	N	N	N	N	N	N	0.0000	0.0000	0.0000	0.0000	0.0000	0.0000	0.0000	0.0000	0.0000	0.0000	0.0000	0.0000	0.0000	0.0001	0.0000	0.0001	0.0000	0.0000	0.0000	0.0001	0.0000	0.0001	inf	0.0000	0.0000	12.0036	2.0001	21.9053	5.9880	0.0000	0.0000	0.0000	0.0000	0.0000	0.0000	0.0000	0.0000	0.0000	0.0000	0.0000	0.0000	0.0000	0.0000	0.0000	0.0000	0.0000	0.0000	0.1487	0.1264	0.0224	0.0098	0.0091	0.0007	0.1390	0.1173	0.0217	0.3209	0.1801	0.1408	0.0462	0.0404	0.0058	0.2746	0.1397	0.1350	0.0000	0.0000	0.0000	0.0000	0.0000	0.0000	0.0000	0.0000	0.0000	0.0001	0.0000	0.0001	0.0000	0.0000	0.0000	0.0001	0.0000	0.0001						
45	147	0.2240	5	0	1	1	1	0	0	0	0	N	N	N	N	N	N	N	N	N	N	N	N	3.6046	1.1947	13.1939	0.0000	0.0000	4.9583	inf	13.0372	9.2536	1.8118	51.8296	0.0000	0.0000	0.0000	9.9010	1.9512	53.4718	2.5672	1.5165	3.9283	8.6442	9.8055	0.0000	1.9969	0.0000	4.1015	5.0000	1.9996	2.3533	0.6248	12.0036	9.0001	21.9053	23.0169	6.0000	1.0000	5.0000	0.0000	0.0000	0.0000	6.0000	1.0000	5.0000	3.0003	1.0002	2.0000	1.0002	1.0002	0.0000	2.0000	0.0000	2.0000	0.6484	0.5519	0.0965	0.0424	0.0394	0.0030	0.6060	0.5125	0.0935	1.1687	0.6596	0.5091	0.1671	0.1456	0.0215	1.0016	0.5140	0.4876	3.6046	1.1947	13.1939	0.0000	0.0000	0.0000	4.9583	inf	13.0372	2.5672	1.5165	3.9283	5.9859	6.8698	0.0000	1.9969	0.0000	4.1015	
45	148	0.1987	4	0	1	0	1	0	0	0	0	N	N	N	N	N	N	N	N	N	N	N	N	0.0000	0.0015	0.0000	0.0053	0.0053	0.0000	0.0000	0.0000	0.0000	0.0000	0.0000	0.0006	0.0007	0.0000	0.0000	0.0000	0.0000	5.1502	0.0311	18.4599	0.1146	0.1234	0.0395	5.2966	0.0000	15.1544	0.0000	253.3005	-0.0000	1.0587	12.0036	1.9990	21.9053	7.9526	0.0000	0.0000	0.0000	0.0000	0.0000	0.0000	0.0000	0.0000	0.0000	1.9689	0.0077	1.9612	0.0080	0.0077	0.0003	1.9609	0.0000	1.9609	0.1495	0.1269	0.0226	0.0097	0.0091	0.0007	0.1398	0.1179	0.0219	0.4403	0.2488	0.1915	0.0701	0.0627	0.0074	0.3702	0.1861	0.1841	0.0000	0.0015	0.0000	0.0053	0.0053	0.0000	0.0000	0.0000	0.0000	4.4717	0.0311	10.2421	0.1146	0.1234	0.0395	5.2966	0.0000	10.6496	
45	149	0.1668	3	1	2	0	0	0	0	0	0	N	Y	N	N	N	N	N	N	N	N	N	N	0.0000	0.0008	0.0001	0.0018	0.0018	0.0000	0.0000	0.0000	0.0001	0.0000	0.0000	0.0002	0.0002	0.0002	0.0000	0.0000	0.0000	0.0002	0.9863	0.0316	2.3919	0.1113	0.1184	0.0043	1.1647	0.0000	2.4554	1.0692	51.4306	0.0000	0.5537	12.0036	5.3497	21.9053	17.2225	0.0000	0.0000	0.0000	0.0000	0.0000	0.0000	0.0000	0.0000	0.0000	1.0596	0.0202	1.0394	0.0203	0.0202	0.0000	1.0394	0.0000	1.0394	0.4649	0.3949	0.0701	0.0489	0.0480	0.0009	0.4160	0.3468	0.0691	1.0743	0.6398	0.4346	0.1820	0.1707	0.0113	0.8924	0.4691	0.4233	0.0000	0.0008	0.0001	0.0018	0.0018	0.0000	0.0000	0.0000	0.0001	0.9863	0.0316	2.3919	0.1113	0.1184	0.0043	1.1647	0.0000	2.4554
45	150	0.1976	4	0	2	0	0	0	0	0	0	N	Y	N	N	N	N	N	N	N	N	N	N	0.5175	0.0010	2.8915	0.0094	0.0013	9.2276	0.6268	0.0009	2.8754	1.4789	0.0023	11.1955	0.0205	0.0030	0.6403	1.9322	0.0021	11.7444	2.8578	2.2615	3.8719	2.1884	2.3677	0.0694	3.0825	2.1997	4.0844	736.2421	1.0067	0.3576	0.1409	12.0036	3.6794	21.9053	17.4287	0.6414	0.0009	0.6405	0.0021	0.0003	0.0018	0.6393	0.0006	0.6387	3.2534	1.6212	1.6322	0.6260	0.6245	0.0015	2.6273	0.9967	1.6306	0.4337	0.3765	0.0572	0.1028	0.1000	0.0028	0.3309	0.2765	0.0544	1.1384	0.7169	0.4215	0.2861	0.2638	0.0223	0.8523	0.4531	0.3992	0.5175	0.0010	2.8915	0.0094	0.0013	9.2276	0.6268	0.0009	2.8754	2.8578	2.2615	3.8719	2.1884	2.3677	0.0694	3.0825	2.1997	4.0844
45	151	0.1668	3	0	2	0	0	0	0	0	0	N	Y	N	N	N	N	N	N	N	N	N	N	3.8591	4.0894	5.2623	0.0001	0.0001	0.0000	7.0518	202.6688	5.1950	4.1357	3.5789	7.2985	0.0004	0.0004	0.0000	4.7955	4.2589	7.3889	1.0717	0.8752	1.3869	2.6005	2.7285	0.0052	0.6800	0.0210	1.4223	0.3590	0.9878	-0.2408	0.0309	12.0036	3.4464	21.9053	10.1316	1.3610	1.0015	0.3595	0.0000	0.0000	0.0000	1.3610	1.0014	0.3595	0.8002	0.4026	0.3977	0.3960	0.3959	0.0000	0.4042	0.0066	0.3976	0.3291	0.2798	0.0493	0.0453	0.0447	0.0006	0.2838	0.2351	0.0487	0.7467	0.4600	0.2867	0.1523	0.1451	0.0072	0.5944	0.3149	0.2796	3.8591	4.0894	5.2623	0.0001	0.0001	0.0000	7.0518	202.6688	5.1950	1.0717	0.8752	1.3869	2.6005	2.7285	0.0052	0.6800	0.0210	1.4223
45	152	0.5941	9	1	2	0	0	0	0	0	0	N	Y	N	N	N	N	N	N	N	N	N	N	0.0069	0.0000	inf	0.0000	0.0000	inf	inf	0.0163	0.0000	0.1172	0.0000	0.0000	0.0000	0.0217	0.0000	0.1365	2.3587	3.5659	0.0000	5.3832	6.6624	0.0000	0.0000	0.0000	0.0000	inf	0.0000	0.0007	-0.4583	12.0036	1.0143	21.9053	12.0086	0.0012	0.0000	0.0012	0.0000	0.0000	0.0000	0.0012	0.0000	0.0012	0.9998	0.9998	0.0000	0.9998	0.9998	0.0000	0.0000	0.0000	0.0000	0.0747	0.0643	0.0104	0.0186	0.0171	0.0015	0.0561	0.0472	0.0089	0.4239	0.2804	0.1435	0.2038	0.1686	0.0352	0.2201	0.1118	0.1083	0.0069	0.0000	inf	0.0000	0.0000	0.0000	inf	0.0000	inf	2.3587	3.5659	0.0000	4.9060	5.9304	0.0000	0.0000	0.0000	0.0000		
45	153	0.5918	8	1	2	0	0	0	0	0	0	N	Y	N	N	N	N	N	N	N	N	N	N	2.9592	2.2807	5.9271	5.3558	0.0171	0.0199	0.0000	0.0703	0.0765	0.0000	0.0000	0.0000	0.0000	0.0058	0.0087	0.0000	0.0119	0.0143	0.0000	0.0000	0.0000	0.0000	0.0000	0.0000	-0.0005	-0.0001	12.0036	0.9811	21.9053	0.0216	0.0012	0.0012	0.0000	0.0012	0.0012	0.0000	0.0000	0.0000	0.0000	0.0002	0.0002	0.0000	0.0002	0.0002	0.0000	0.0000	0.0000	0.0000	0.0714	0.0614	0.0100	0.0174	0.0160	0.0014	0.0541	0.0455	0.0086	0.0346	0.0230	0.0117	0.0169	0.0140	0.0029	0.0178	0.0090	0.0088	2.9592	2.2807	0.0000	5.9271	5.3558	0.0000	0.0000	0.0000	0.0000	0.0058	0.0087	0.0000	0.0119	0.0143	0.0000	0.0000	0.0000	0.0000					
45	154	0.5873	7	1	2	0	0	0	0	0	0	N	Y	N	N	N	N	N	N	N	N	N	N	0.0000	0.0000	0.0000	0.0000	0.0000	0.0000	0.0000	0.0000	0.0000	0.0000	0.0000	0.0000	0.0000	0.0001	0.0001	0.0000	0.0002	0.0002	0.0000	0.0000	0.0000	0.0000	0.0000	0.0000	-0.0000	12.0036	0.0083	21.9053	2.0001	0.0000	0.0000	0.0000	0.0000	0.0000	0.0000	0.0000	0.0000	0.0000	0.0000	0.0000	0.0000	0.0000	0.0000	0.0000	0.0000	0.0000	0.0000	0.0007	0.0006	0.0001	0.0002	0.0002	0.0000	0.0005	0.0004	0.0001	0.0709	0.0471	0.0238	0.0345	0.0288	0.0057	0.0364	0.0183	0.0181	0.0000	0.0000	0.0000	0.0000	0.0000	0.0000	0.0000	0.0000	0.0000	0.0001	0.0001	0.0000	0.0002	0.0002	0.0000	0.0000	0.0000	0.0000						
45	155	0.5637	6	0	2	0	0	0	0	0	0	N	Y	N	N	N	N	N	N	N	N	N	N	0.0000	0.0000	0.0000	0.0000	0.0000	0.0000	0.0000	0.0000	0.0000	0.0000	0.0000	0.0000	0.0000	0.0000	0.0000	0.0000	0.0000	0.0000	0.0023	0.0031	0.0004	0.0045	0.0052	0.0001	0.0003	0.0001	0.0005	0.0637	0.0000	-0.0004	12.0036	2.9180	21.9053	7.4065	0.0000	0.0000	0.0000	0.0000	0.0000	0.0000	0.0000	0.0000	0.0000	0.0010	0.0009	0.0001	0.0009	0.0009	0.0000	0.0001	0.0000	0.0001	0.2194	0.1880	0.0313	0.0583	0.0527	0.0056	0.1610	0.1353	0.0257	0.4282	0.2939	0.1344	0.2050	0.1756	0.0294	0.2233	0.1183	0.1050	0.0000	0.0000	0.0000	0.0000	0.0000	0.0000	0.0000	0.0000	0.0000	0.0023	0.0031	0.0004	0.0045	0.0052	0.0001	0.0003	0.0001	0.0005	
45	156	0.4978	5	0	1	0	0	0	0	0	0	N	N	N	N	N	N	N	N	N	N	N	N	1.9261	55.3389	0.0006	31.8819	32.9357	0.0615	1.1221	87.8839	0.0004	0.5176	0.5892	0.0005	0.3822	0.4052	0.0006	0.5832	0.6885	0.0004	0.2687	0.0106	0.8053	0.0120	0.0123	0.0101	0.5197	0.0078	1.0219	0.0001	36.3769	-0.1986	0.1781	12.0036	8.2479	21.9053	19.7214	0.4502	0.4502	0.0001	0.1086	0.1086	0.0000	0.3416	0.3416	0.0000	0.3460	0.0093	0.3367	0.0076	0.0067	0.0009	0.3383	0.0025	0.3358	0.8699	0.7641	0.1058	0.2842	0.2680	0.0162	0.5858	0.4961	0.0897	1.2876	0.8694	0.4181	0.6366	0.5471	0.0895	0.6510	0.3223	0.3286	1.9261	55.3389	0.0006	31.8819	32.9357	0.0615	1.1221	87.8839	0.0004	0.2687	0.0106	0.8053	0.0120	0.0123	0.0101	0.5197	0.0078	1.0219
45	157	0.4617	4	0	1	0	0	0	0	0	0	N	N	N	N	N	N	N	N	N	N	N	N	6.8619	9.9128	0.0632	0.3874	0.3560	0.5759	8.6849	51.0952	0.0516	2.7258	3.1445	0.0360	0.1476	0.1575	0.0200	3.6037	4.2633	0.0385	0.3972	0.3172	0.5698	0.3811	0.4424	0.0347	0.4149	0.0834	0.7467	0.0018	0.8330	-0.7831	-0.0020	12.0036	7.4725	21.9053	14.3153	1.7826	1.7794	0.0032	0.0245	0.0243	0.0002	1.7580	1.7551	0.0029	0.5050	0.2755	0.2295	0.2537	0.2502	0.0035	0.2513	0.0253	0.2260	0.6540	0.5659	0.0881	0.1661	0.1542	0.0119	0.4878	0.4117	0.0762	1.2712	0.8684	0.4028	0.6656	0.5655	0.1001	0.6056	0.3029	0.3027	6.8619	9.9128	0.0632	0.3874	0.3560	0.5759	8.6849	51.0952	0.0516	0.3972	0.3172	0.5698	0.3811	0.4424	0.0347	0.4149	0.0834	0.7467
45	158	0.3962	3	0	1	0	0	0	0	0	0	N	N	N	N	N	N	N	N	N	N	N	N	1.0472	0.7820	2.5463	1.1699	1.2336	0.0327	0.8136	1.4249	2.3279	0.7008	0.2020	3.9986	0.4293	0.4522	0.0121	0.7706	0.1301	4.3507	0.6692	0.2583	1.5703	0.3669	0.3666	0.3692	0.9471	0.0913	1.8689	2.9938	2.7717	0.2106	0.3361	12.0036	11.6653	21.9053	19.4910	0.6826	0.1709	0.5117	0.0855	0.0854	0.0001	0.5971	0.0855	0.5116	1.2155	0.3223	0.8932	0.3193	0.2775	0.0418	0.8962	0.0448	0.8514	0.9741	0.8461	0.1280	0.1992	0.1889	0.0104	0.7748	0.6572	0.1176	1.8163	1.2475	0.5688	0.8701	0.7568	0.1133	0.9462	0.4907	0.4556	1.0472	0.7820	2.5463	1.1699	1.2336	0.0327	0.8136	1.4249	2.3279	0.6692	0.2583	1.5703	0.3669	0.3666	0.3692	0.9471	0.0913	1.8689
45	159	0.3489	2	0	1	0	0	0	0	0	0	N	N	N	N	N	N	N	N	N	N	N	N	2.0489	0.4835	6.9569	0.9589	0.8534	4.8175	1.9115	0.8798	6.1389	2.7556	0.3527	18.8549	0.9204	0.9027	1.3049	3.2604	0.1818	20.2382	1.3449	0.7295	2.7103	0.9598	1.0578	0.2709	1.7056	0.2066	3.2967	7.9796	1.6747	0.8419	0.4251	12.0036	7.3933	21.9053	20.5306	1.8813	0.2095	1.6718	0.1356	0.1271	0.0085	1.7457	0.0824	1.6633	2.5340	0.9474	1.5866	0.8746	0.8439	0.0307	1.6594	0.1035	1.5559	0.6827	0.5941	0.0887	0.1473	0.1408	0.0065	0.5354	0.4532	0.0822	1.8841	1.2987	0.5854	0.9112	0.7978	0.1135	0.9729	0.5009	0.4719	2.0489	0.4835	6.9569	0.9589	0.8534	4.8175	1.9115	0.8798	6.1389	1.3449	0.7295	2.7103	0.9598	1.0578	0.2709	1.7056	0.2066	3.2967
45	161	0.2173	7	1	2	0	0	0	0	0	0	N	Y	N	N	N	N	N	N	N	N	N	N	0.0000	0.0000	0.0000	0.0000	0.0000	0.0000	0.0000	0.0000	0.0000	0.0000	0.0000	0.0000	0.0000	0.0000	0.0000	0.0000	0.0000	0.0000	0.0000	0.0000	12.0036	0.0002	21.9053	3.0099	0.0000	0.0000	0.0000	0.0000	0.0000	0.0000	0.0000	0.0000	0.0000	0.0000	0.0000	0.0000	0.0000	0.0000	0.0000	0.0000	0.0000	0.0000	0.0000	0.0000	0.0000	0.0000	0.0000	0.0000	0.0000	0.0000	0.0000	0.1266	0.0713	0.0553	0.0171	0.0151	0.0020	0.1096	0.0563	0.0533	0.0000	0.0000	0.0000	0.0000	0.0000	0.0000	0.0000	0.0000	0.0000	0.0000	0.0000	0.0000	0.0000	0.0000	0.0000	0.0000	0.0000	0.0000											
45	162	0.2097	6	1	2	0	0	0	0	0	0	N	Y	N	N	N	N	N	N	N	N	N	N	0.0000	0.0000	0.0000	0.0000	0.0000	0.0000	0.0000	0.0000	0.0000	0.0000	0.0000	0.0000	0.0000	0.0000	0.0000	0.0000	0.0000	0.0000	0.0000	0.0000	12.0036	0.9998	21.9053	2.0118	0.0000	0.0000	0.0000	0.0000	0.0000	0.0000	0.0000	0.0000	0.0000	0.0000	0.0000	0.0000	0.0000	0.0000	0.0000	0.0000	0.0000	0.0000	0.0747	0.0634	0.0113	0.0046	0.0043	0.0003	0.0700	0.0591	0.0110	0.1239	0.0689	0.0550	0.0154	0.0135	0.0020	0.1085	0.0554	0.0531	0.0000	0.0000	0.0000	0.0000	0.0000	0.0000	0.0000	0.0000	0.0000	0.0000	0.0000	0.0000	0.0000	0.0000	0.0000	0.0000	0.0000	0.0000											
45	163	0.2097	5	1	2	0	0	0	0	0	0	N	Y	N	N	N	N	N	N	N	N	N	N	0.0000	0.0000	0.0000	0.0000	0.0000	0.0000	0.0000	0.0000	0.0000	0.0000	0.0000	0.0000	0.0000	0.0000	0.0000	0.0000	0.0000	0.0000	0.0000	0.0000	12.0036	0.0000	21.9053	0.0003	0.0000	0.0000	0.0000	0.0000	0.0000	0.0000	0.0000	0.0000	0.0000	0.0000	0.0000	0.0000	0.0000	0.0000	0.0000	0.0000	0.0000	0.0000	0.0000	0.0000	0.0000	0.0000	0.0000	0.0000	0.0000	0.0000	0.0000	0.0000	0.0000	0.0000	0.0000	0.0000	0.0000	0.0000	0.0000	0.0000	0.0000	0.0000	0.0000	0.0000	0.0000	0.0000	0.0000	0.0000	0.0000	0.0000	0.0000	0.0000	0.0000	0.0000	0.0000	0.0000	0.0000	0.0000											
45	164	0.1987	4	0	2	0	0	0	0	0	0	N	Y	N	N	N	N	N	N	N	N	N	N	0.0167	0.0126	0.0000	0.0102	0.0093	0.0000	0.0000	0.0000	0.0041	0.0050	0.0000	0.0115	0.0116	0.0000	0.0000	0.0000	0.0000	0.2470	0.3969	0.0437	1.1352	1.2471	0.0456	0.0222	0.0000	0.0437	0.0000	0.0813	-0.0000	-0.0210	12.0036	0.0063	21.9053	4.3641	0.0000	0.0000	0.0000	0.0000	0.0000	0.0000	0.0000	0.0000	0.0000	0.0549	0.0508	0.0041	0.0510	0.0508	0.0002	0.0039	0.0000	0.0039	0.0014	0.0012	0.0002	0.0005	0.0005	0.0000	0.0009	0.0007	0.0002	0.2224	0.1280	0.0944	0.0449	0.0407	0.0042	0.1775	0.0872	0.0903	0.0167	0.0126	0.0000	0.0102	0.0093	0.0000	0.0000	0.0000	0.0000	0.2470	0.3969	0.0437	1.1352	1.2471	0.0456	0.0222	0.0000	0.0437	
45	165	0.1668	3	0	1	0	0	0	0	0	0	N	N	N	N	N	N	N	N	N	N	N	N	0.0057	0.0111	0.0000	0.0194	0.0187	0.0000	0.0000	0.0000	0.0000	0.0137	0.0161	0.0000	0.0826	0.0835	0.0000	0.0000	0.0000	0.0000	2.4089	1.4439	3.9822	4.2573	4.4559	0.0233	1.9170	0.0010	4.0827	0.0000	1.6915	-0.0016	0.2899	12.0036	2.5207	21.9053	10.0226	0.0036	0.0036	0.0000	0.0036	0.0036	0.0000	0.0000	0.0000	0.0000	1.7042	0.6332	1.0710	0.6330	0.6328	0.0002	1.0712	0.0003	1.0708	0.2622	0.2232	0.0390	0.0435	0.0430	0.0004	0.2187	0.1802	0.0385	0.7074	0.4385	0.2689	0.1487	0.1420	0.0067	0.5588	0.2965	0.2623	0.0057	0.0111	0.0000	0.0194	0.0187	0.0000	0.0000	0.0000	0.0000	2.4089	1.4439	3.9822	4.2573	4.4559	0.0233	1.9170	0.0010	4.0827
45	166	0.1512	2	0	1	0	0	0	0	0	0	N	N	N	N	N	N	N	N	N	N	N	N	0.0281	0.0003	0.0947	0.0731	0.0012	7.9125	0.0249	0.0000	0.0719	0.0119	0.0001	0.0769	0.0366	0.0006	2.9499	0.0098	0.0000	0.0593	0.4225	0.2003	0.8120	0.5010	0.5063	0.3728	0.3947	0.0008	0.8247	253.0610	2.3127	0.0015	0.0552	12.0036	2.6894	21.9053	4.6619	0.0027	0.0000	0.0027	0.0006	0.0000	0.0006	0.0021	0.0000	0.0021	0.2303	0.0695	0.1608	0.0714	0.0694	0.0021	0.1589	0.0002	0.1587	0.2286	0.1935	0.0352	0.0175	0.0173	0.0002	0.2111	0.1762	0.0349	0.5452	0.3472	0.1980	0.1426	0.1370	0.0056	0.4026	0.2101	0.1925	0.0281	0.0003	0.0947	0.0731	0.0012	7.9125	0.0249	0.0000	0.0719	0.4225	0.2003	0.8120	0.5010	0.5063	0.3728	0.3947	0.0008	0.8247
46	47	0.5942	15	2	2	0	0	0	0	0	0	Y	Y	N	N	N	N	N	N	N	N	N	N	0.0000	0.0000	0.0000	0.0000	0.0000	0.0000	0.0000	0.0000	0.0000	0.0000	0.0000	0.0000	0.0000	0.0000	0.0000	0.0000	0.0000	0.0000	0.0000	0.0000	2.0120	0.0002	1.9924	4.0036	0.0000	0.0000	0.0000	0.0000	0.0000	0.0000	0.0000	0.0000	0.0000	0.0000	0.0000	0.0000	0.0000	0.0000	0.0000	0.0000	0.0000	0.0000	0.0000	0.0000	0.0000	0.0000	0.0000	0.0000	0.0000	0.0000	0.0000	0.0159	0.0107	0.0052	0.0083	0.0069	0.0014	0.0076	0.0038	0.0038	0.0000	0.0000	0.0000	0.0000	0.0000	0.0000	0.0000	0.0000	0.0000	0.0000	0.0000	0.0000	0.0000	0.0000	0.0000	0.0000	0.0000	0.0000											
46	48	0.4897	9	1	2	0	1	0	0	0	0	N	Y	N	N	N	N	N	N	N	N	N	N	0.0000	0.0000	0.0000	0.0000	0.0000	0.0000	0.0000	0.0000	0.0000	0.0000	0.0000	0.0000	0.0000	0.0000	0.0000	0.0000	0.0000	0.0016	0.0021	0.0007	0.0028	0.0034	0.0000	0.0006	0.0002	0.0010	0.1786	0.0000	-0.0001	2.0120	6.0036	1.9924	51.7820	0.0000	0.0000	0.0000	0.0000	0.0000	0.0000	0.0000	0.0000	0.0000	0.0003	0.0003	0.0001	0.0003	0.0003	0.0000	0.0001	0.0000	0.0001	0.0740	0.0636	0.0103	0.0183	0.0168	0.0015	0.0556	0.0468	0.0089	0.2037	0.1346	0.0691	0.0966	0.0796	0.0171	0.1070	0.0550	0.0520	0.0000	0.0000	0.0000	0.0000	0.0000	0.0000	0.0000	0.0000	0.0000	0.0016	0.0021	0.0007	0.0028	0.0034	0.0000	0.0006	0.0002	0.0010		
46	49	0.4897	9	2	2	0	0	0	0	0	0	Y	Y	N	N	N	N	N	N	N	N	N	N	1.5870	16127.0305	0.0000	27180.4846	36669.7545	0.0000	0.0000	0.0000	13.5323	15.7340	0.0000	54.6478	59.4741	0.0000	0.0000	0.0000	0.0000	8.5269	0.0010	44.7684	0.0020	0.0016	0.0039	12.4071	0.0000	50.0978	0.0000	9948.9000	-0.4409	0.5388	2.0120	5.9964	1.9924	34.6547	0.9996	0.9996	0.0000	0.9996	0.9996	0.0000	0.0000	0.0000	0.0000	0.9950	0.0001	0.9949	0.0001	0.0001	0.0000	0.9948	0.0000	0.9948	0.0739	0.0635	0.0103	0.0183	0.0168	0.0015	0.0556	0.0467	0.0089	0.1548	0.1025	0.0523	0.0746	0.0617	0.0129	0.0802	0.0408	0.0393	2.1052	16127.0305	0.0000	27180.4846	36669.7545	0.0000	0.0000	0.0000	0.0000	6.4280	0.0010	19.0259	0.0020	0.0016	0.0039	12.4071	0.0000	25.2871	
46	50	0.5792	10	1	1	1	0	0	0	0	0	N	N	N	N	N	N	N	N	N	N	N	N	370.8924	1211.5960	0.0696	2325.7171	2421.5754	0.0000	0.0213	0.0000	0.0626	5.0402	5.7984	0.0023	16.7550	18.0224	0.0000	0.0004	0.0000	0.0028	0.0136	0.0048	0.0336	0.0072	0.0074	0.0060	0.0205	0.0004	0.0445	0.0001	3.0898	-0.8715	0.0012	2.0120	31.2093	1.9924	46.3939	1.9759	1.9758	0.0001	1.9758	1.9758	0.0000	0.0001	0.0000	0.0001	0.0042	0.0010	0.0031	0.0011	0.0010	0.0002	0.0030	0.0000	0.0030	0.3920	0.3407	0.0513	0.1179	0.1096	0.0083	0.2741	0.2311	0.0430	0.3054	0.2121	0.0934	0.1589	0.1324	0.0266	0.1465	0.0797	0.0668	370.8924	1211.5960	0.0696	2325.7171	2421.5754	0.0000	0.0213	0.0000	0.0626	0.0136	0.0048	0.0336	0.0072	0.0074	0.0060	0.0205	0.0004	0.0445
46	51	0.5265	10	1	2	0	0	0	0	0	0	N	Y	N	N	N	N	N	N	N	N	N	N	6.0514	4.8950	0.0000	10.9166	9.8930	0.0000	0.0000	0.0000	0.0000	0.0076	0.0087	0.0000	0.0257	0.0275	0.0000	0.0000	0.0000	0.0000	0.0012	0.0018	0.0000	0.0024	0.0028	0.0000	0.0000	0.0000	0.0000	0.0000	0.0063	-0.0002	-0.0001	2.0120	4.1516	1.9924	14.5664	0.0005	0.0005	0.0000	0.0005	0.0005	0.0000	0.0000	0.0000	0.0000	0.0001	0.0001	0.0000	0.0001	0.0001	0.0000	0.0000	0.0000	0.0000	0.0609	0.0528	0.0080	0.0179	0.0167	0.0012	0.0430	0.0361	0.0068	0.1124	0.0784	0.0340	0.0594	0.0501	0.0093	0.0530	0.0283	0.0247	6.0514	4.8950	0.0000	10.9166	9.8930	0.0000	0.0000	0.0000	0.0000	0.0012	0.0018	0.0000	0.0024	0.0028	0.0000	0.0000	0.0000	0.0000
46	52	0.6070	12	2	1	1	0	0	0	0	0	Y	N	N	N	N	N	N	N	N	N	N	N	0.0000	0.0000	0.0000	0.0000	0.0000	0.0000	0.0000	0.0000	0.0000	0.0000	0.0000	0.0000	0.0000	0.0001	0.0001	0.0000	0.0002	0.0002	0.0000	0.0000	0.0000	0.0000	0.0002	0.0000	-0.0000	2.0120	0.0028	1.9924	0.9232	0.0000	0.0000	0.0000	0.0000	0.0000	0.0000	0.0000	0.0000	0.0000	0.0000	0.0000	0.0000	0.0000	0.0000	0.0000	0.0000	0.0000	0.0000	0.0001	0.0001	0.0000	0.0001	0.0001	0.0000	0.0001	0.0001	0.0000	0.0055	0.0039	0.0016	0.0029	0.0025	0.0005	0.0025	0.0014	0.0011	0.0000	0.0000	0.0000	0.0000	0.0000	0.0000	0.0000	0.0000	0.0000	0.0001	0.0001	0.0000	0.0002	0.0002	0.0000	0.0000	0.0000	0.0000						
46	53	0.4194	12	1	2	0	0	0	0	0	0	N	Y	N	N	N	N	N	N	N	N	N	N	0.0000	0.0000	0.0000	0.0000	0.0000	0.0000	0.0000	0.0000	0.0000	0.0000	0.0000	0.0000	0.0000	0.0000	0.0000	0.0000	0.0000	0.0000	0.0147	0.0227	0.0001	0.0364	0.0417	0.0000	0.0001	0.0000	0.0001	0.0024	0.0000	-0.0011	2.0120	8.5400	1.9924	19.3759	0.0000	0.0000	0.0000	0.0000	0.0000	0.0000	0.0000	0.0000	0.0000	0.0025	0.0025	0.0000	0.0025	0.0025	0.0000	0.0000	0.0000	0.0000	0.1290	0.1107	0.0183	0.0310	0.0293	0.0016	0.0980	0.0814	0.0166	0.1717	0.1109	0.0609	0.0689	0.0602	0.0087	0.1028	0.0507	0.0521	0.0000	0.0000	0.0000	0.0000	0.0000	0.0000	0.0000	0.0000	0.0000	0.0147	0.0227	0.0001	0.0364	0.0417	0.0000	0.0001	0.0000	0.0001	
46	54	0.3564	11	1	1	0	0	0	0	0	0	N	N	N	N	N	N	N	N	N	N	N	N	0.0000	0.0000	0.0000	0.0000	0.0000	0.0000	0.0000	0.0000	0.0000	0.0000	0.0000	0.0000	0.0000	0.0000	0.0000	0.0000	0.0000	0.0000	0.1375	0.1985	0.0219	0.3052	0.3482	0.0069	0.0309	0.0370	0.0243	0.0582	0.0000	-0.0108	2.0120	7.3474	1.9924	24.2346	0.0000	0.0000	0.0000	0.0000	0.0000	0.0000	0.0000	0.0000	0.0000	0.0269	0.0254	0.0015	0.0232	0.0231	0.0001	0.0037	0.0023	0.0014	0.1229	0.1064	0.0165	0.0379	0.0361	0.0019	0.0850	0.0704	0.0146	0.1956	0.1280	0.0676	0.0760	0.0664	0.0096	0.1196	0.0616	0.0580	0.0000	0.0000	0.0000	0.0000	0.0000	0.0000	0.0000	0.0000	0.0000	0.1375	0.1985	0.0219	0.3052	0.3482	0.0069	0.0309	0.0370	0.0243	
46	55	0.3266	10	1	1	0	0	0	0	0	0	N	N	N	N	N	N	N	N	N	N	N	N	0.0046	0.0180	0.0000	0.0558	0.0531	0.0000	0.0000	0.0000	0.0000	0.0007	0.0008	0.0000	0.0019	0.0019	0.0000	0.0000	0.0000	0.0000	0.1595	0.0461	0.4027	0.0335	0.0367	0.0062	0.2468	0.0570	0.4646	0.0000	4.0716	-0.0000	0.0088	2.0120	3.4216	1.9924	15.9376	0.0000	0.0000	0.0000	0.0000	0.0000	0.0000	0.0000	0.0000	0.0000	0.0254	0.0050	0.0204	0.0022	0.0021	0.0000	0.0232	0.0029	0.0204	0.0688	0.0602	0.0085	0.0267	0.0256	0.0011	0.0420	0.0346	0.0074	0.1594	0.1087	0.0507	0.0652	0.0584	0.0068	0.0942	0.0503	0.0438	0.0046	0.0180	0.0000	0.0558	0.0531	0.0000	0.0000	0.0000	0.0000	0.1595	0.0461	0.4027	0.0335	0.0367	0.0062	0.2468	0.0570	0.4646
46	56	0.6101	10	1	2	0	0	0	0	0	0	N	Y	N	N	N	N	N	N	N	N	N	N	2.7924	2.2892	0.0000	5.8388	5.2791	0.0000	0.0000	0.0000	0.0000	0.0327	0.0380	0.0000	0.1125	0.1210	0.0000	0.0000	0.0000	0.0000	0.0117	0.0166	0.0000	0.0193	0.0229	0.0000	0.0031	0.0057	0.0000	0.0000	0.0001	-0.0002	-0.0007	2.0120	0.9891	1.9924	20.6926	0.0004	0.0004	0.0000	0.0004	0.0004	0.0000	0.0000	0.0000	0.0000	0.0016	0.0016	0.0000	0.0014	0.0014	0.0000	0.0002	0.0002	0.0000	0.0137	0.0118	0.0019	0.0040	0.0037	0.0003	0.0098	0.0081	0.0016	0.1326	0.0935	0.0391	0.0706	0.0593	0.0112	0.0621	0.0342	0.0279	2.7924	2.2892	0.0000	5.8388	5.2791	0.0000	0.0000	0.0000	0.0000	0.0117	0.0166	0.0000	0.0193	0.0229	0.0000	0.0031	0.0057	0.0000
46	57	0.4897	9	1	1	0	0	0	0	0	0	N	N	N	N	N	N	N	N	N	N	N	N	5381.8315	4227.9543	0.0000	22485.0368	20205.1240	0.0000	0.0000	0.0000	0.0000	16.0381	18.6518	0.0000	64.6944	70.4106	0.0000	0.0000	0.0000	0.0000	0.0030	0.0044	0.0002	0.0029	0.0035	0.0000	0.0031	0.0058	0.0002	0.0000	0.0207	-0.4406	-0.0002	2.0120	5.0326	1.9924	39.3193	0.9989	0.9989	0.0000	0.9989	0.9989	0.0000	0.0000	0.0000	0.0000	0.0005	0.0005	0.0000	0.0002	0.0002	0.0000	0.0003	0.0003	0.0000	0.0623	0.0536	0.0087	0.0154	0.0142	0.0013	0.0468	0.0394	0.0075	0.1659	0.1098	0.0561	0.0797	0.0658	0.0139	0.0862	0.0440	0.0422	5381.8315	4227.9543	0.0000	22485.0368	20205.1240	0.0000	0.0000	0.0000	0.0000	0.0030	0.0044	0.0002	0.0029	0.0035	0.0000	0.0031	0.0058	0.0002
46	58	0.4897	9	1	2	0	1	0	0	0	0	N	Y	N	N	N	N	N	N	N	N	N	N	0.0000	0.0000	0.0000	0.0000	0.0000	0.0000	0.0000	0.0000	0.0000	0.0000	0.0000	0.0000	0.0000	0.0000	0.0000	8.2220	14.2996	0.0000	0.0007	0.0008	0.0000	12.1402	23.8181	0.0000	0.0000	0.0000	-0.4560	2.0120	5.0036	1.9924	36.7244	0.0000	0.0000	0.0000	0.0000	0.0000	0.0000	0.0000	0.0000	0.0000	0.9949	0.9949	0.0000	0.0000	0.0000	0.0000	0.9948	0.9948	0.0000	0.0619	0.0533	0.0087	0.0154	0.0141	0.0012	0.0466	0.0391	0.0074	0.1580	0.1046	0.0534	0.0761	0.0629	0.0132	0.0819	0.0418	0.0402	0.0000	0.0000	0.0000	0.0000	0.0000	0.0000	0.0000	0.0000	0.0000	6.2949	9.5078	0.0000	0.0007	0.0008	0.0000	12.1402	23.8181	0.0000				
46	59	0.3070	10	1	2	0	1	0	0	0	0	N	Y	N	N	N	N	N	N	N	N	N	N	0.0000	0.0000	0.0000	0.0000	0.0000	0.0000	0.0000	0.0000	0.0000	0.0000	0.0000	0.0000	0.0000	0.0000	0.0000	0.0000	0.0000	0.0000	0.0000	0.0000	0.0000	0.0000	0.0000	0.0000	0.0000	0.0000	0.0000	0.7102	0.0000	-0.0000	2.0120	10.4254	1.9924	21.2017	0.0000	0.0000	0.0000	0.0000	0.0000	0.0000	0.0000	0.0000	0.0000	0.0000	0.0000	0.0000	0.0000	0.0000	0.0000	0.0000	0.0000	0.0000	0.1757	0.1526	0.0231	0.0543	0.0516	0.0027	0.1215	0.1011	0.0204	0.2244	0.1529	0.0715	0.0870	0.0780	0.0090	0.1374	0.0748	0.0625	0.0000	0.0000	0.0000	0.0000	0.0000	0.0000	0.0000	0.0000	0.0000	0.0000	0.0000	0.0000	0.0000	0.0000	0.0000	0.0000	0.0000	0.0000	
46	60	0.6070	12	2	1	1	0	0	0	0	0	Y	N	N	N	N	N	N	N	N	N	N	N	0.0000	0.0000	0.0000	0.0000	0.0000	0.0000	0.0000	0.0000	0.0000	0.0000	0.0000	0.0000	0.0000	0.0000	0.0000	0.0000	0.0000	0.0000	0.0000	0.0000	0.0000	0.0000	0.0002	0.0000	-0.0000	2.0120	1.9981	1.9924	3.0867	0.0000	0.0000	0.0000	0.0000	0.0000	0.0000	0.0000	0.0000	0.0000	0.0000	0.0000	0.0000	0.0000	0.0000	0.0000	0.0000	0.0000	0.0000	0.0268	0.0232	0.0036	0.0077	0.0071	0.0006	0.0191	0.0161	0.0030	0.0225	0.0153	0.0073	0.0123	0.0098	0.0024	0.0103	0.0054	0.0048	0.0000	0.0000	0.0000	0.0000	0.0000	0.0000	0.0000	0.0000	0.0000	0.0000	0.0000	0.0000	0.0000	0.0000	0.0000	0.0000	0.0000	0.0000						
46	61	0.5636	11	2	1	1	0	0	0	0	0	Y	N	N	N	N	N	N	N	N	N	N	N	0.0000	0.0000	0.0000	0.0000	0.0000	0.0000	0.0000	0.0000	0.0000	0.0000	0.0000	0.0000	0.0000	0.0153	0.0228	0.0000	0.0260	0.0332	0.0000	0.0000	0.0000	0.0000	0.0000	0.0000	-0.0006	2.0120	4.0039	1.9924	14.0733	0.0000	0.0000	0.0000	0.0000	0.0000	0.0000	0.0000	0.0000	0.0000	0.0013	0.0013	0.0000	0.0013	0.0013	0.0000	0.0000	0.0000	0.0000	0.0535	0.0464	0.0071	0.0162	0.0150	0.0012	0.0373	0.0314	0.0058	0.0821	0.0554	0.0268	0.0484	0.0379	0.0105	0.0337	0.0174	0.0163	0.0000	0.0000	0.0000	0.0000	0.0000	0.0000	0.0000	0.0000	0.0000	0.0153	0.0228	0.0000	0.0260	0.0332	0.0000	0.0000	0.0000	0.0000						
46	62	0.5830	12	2	1	1	0	0	0	0	0	Y	N	N	N	N	N	N	N	N	N	N	N	0.0000	0.0000	0.0000	0.0000	0.0000	0.0000	0.0000	0.0000	0.0000	0.0000	0.0000	0.0000	0.0000	0.0000	0.0000	0.0000	0.0000	23.8482	0.0000	117.9301	0.0067	0.0000	0.0338	31.2154	0.0000	134.5504	300321602.1770	0.0000	0.5368	2.0120	0.0060	1.9924	17.2393	0.0000	0.0000	0.0000	0.0000	0.0000	0.0000	0.0000	0.0000	0.0000	0.9911	0.0000	0.9911	0.0002	0.0000	0.0002	0.9908	0.0000	0.9908	0.0004	0.0003	0.0000	0.0002	0.0002	0.0000	0.0002	0.0001	0.0000	0.0688	0.0458	0.0229	0.0370	0.0297	0.0074	0.0317	0.0162	0.0156	0.0000	0.0000	0.0000	0.0000	0.0000	0.0000	0.0000	0.0000	0.0000	14.4124	0.0000	43.2323	0.0067	0.0000	0.0338	31.2154	0.0000	63.6429		
46	63	0.5265	10	1	1	1	0	0	0	0	0	N	N	N	N	N	N	N	N	N	N	N	N	36.9951	29.9346	0.0000	44.8555	40.0632	0.0000	827.1356	49757.6456	0.0000	0.0278	0.0317	0.0000	0.0617	0.0648	0.0000	0.0090	0.0107	0.0000	0.0008	0.0011	0.0000	0.0014	0.0016	0.0000	0.0000	0.0000	0.0000	0.0000	0.0066	-0.0003	-0.0000	2.0120	1.0230	1.9924	12.1924	0.0006	0.0006	0.0000	0.0005	0.0005	0.0000	0.0001	0.0001	0.0000	0.0001	0.0001	0.0000	0.0001	0.0001	0.0000	0.0000	0.0000	0.0000	0.0208	0.0183	0.0025	0.0074	0.0071	0.0004	0.0134	0.0112	0.0022	0.0932	0.0659	0.0273	0.0506	0.0431	0.0076	0.0426	0.0228	0.0198	36.9951	29.9346	0.0000	44.8555	40.0632	0.0000	827.1356	49757.6456	0.0000	0.0008	0.0011	0.0000	0.0014	0.0016	0.0000	0.0000	0.0000	0.0000
46	64	0.4897	9	1	1	0	0	0	0	0	0	N	N	N	N	N	N	N	N	N	N	N	N	31343.3179	24304.5265	1.0810	3819994.7750	3524968.0037	0.0000	0.0030	0.0017	2.9020	32.4095	37.7184	0.0000	130.1264	141.5985	0.0000	0.0000	0.0000	0.0000	0.0010	0.0016	0.0000	0.0000	0.0000	0.0000	0.0020	0.0041	0.0000	0.0000	0.0002	-0.4405	-0.0000	2.0120	2.4556	1.9924	12.4191	0.9987	0.9987	0.0000	0.9987	0.9987	0.0000	0.0000	0.0000	0.0000	0.0001	0.0001	0.0000	0.0000	0.0000	0.0000	0.0001	0.0001	0.0000	0.0308	0.0265	0.0043	0.0077	0.0071	0.0006	0.0231	0.0194	0.0037	0.0685	0.0456	0.0229	0.0338	0.0285	0.0053	0.0346	0.0171	0.0175	31343.3179	24304.5265	1.0810	3819994.7750	3524968.0037	0.0000	0.0030	0.0017	2.9020	0.0010	0.0016	0.0000	0.0000	0.0000	0.0000	0.0020	0.0041	0.0000
46	65	0.6121	11	1	2	0	0	0	0	0	0	N	Y	N	N	N	N	N	N	N	N	N	N	2.4935	2.0646	0.0000	4.3064	3.9435	0.0000	0.0000	0.0000	0.0000	0.0130	0.0148	0.0000	0.0421	0.0448	0.0000	0.0000	0.0000	0.0000	0.0052	0.0072	0.0000	0.0098	0.0114	0.0000	0.0000	0.0000	0.0000	0.0000	0.0005	-0.0002	-0.0002	2.0120	1.7555	1.9924	11.9300	0.0003	0.0003	0.0000	0.0003	0.0003	0.0000	0.0000	0.0000	0.0000	0.0004	0.0004	0.0000	0.0004	0.0004	0.0000	0.0000	0.0000	0.0000	0.0270	0.0236	0.0034	0.0083	0.0078	0.0005	0.0187	0.0158	0.0029	0.0741	0.0536	0.0205	0.0394	0.0339	0.0055	0.0347	0.0197	0.0150	2.4935	2.0646	0.0000	4.3064	3.9435	0.0000	0.0000	0.0000	0.0000	0.0052	0.0072	0.0000	0.0098	0.0114	0.0000	0.0000	0.0000	0.0000
46	66	0.5911	13	2	2	1	0	0	0	0	0	Y	Y	N	N	N	N	N	N	N	N	N	N	0.0000	0.0000	0.0000	0.0000	0.0000	0.0000	0.0000	0.0000	0.0000	0.0000	0.0000	0.0000	0.0000	0.0000	0.0000	0.0000	0.0000	0.0000	0.0000	0.0000	2.0120	0.0000	1.9924	0.0000	0.0000	0.0000	0.0000	0.0000	0.0000	0.0000	0.0000	0.0000	0.0000	0.0000	0.0000	0.0000	0.0000	0.0000	0.0000	0.0000	0.0000	0.0000	0.0000	0.0000	0.0000	0.0000	0.0000	0.0000	0.0000	0.0000	0.0000	0.0000	0.0000	0.0000	0.0000	0.0000	0.0000	0.0000	0.0000	0.0000	0.0000	0.0000	0.0000	0.0000	0.0000	0.0000	0.0000	0.0000	0.0000	0.0000	0.0000	0.0000	0.0000	0.0000	0.0000	0.0000	0.0000	0.0000											
46	67	0.3977	10	2	2	1	0	0	0	0	0	Y	Y	N	N	N	N	N	N	N	N	N	N	0.0000	0.0000	0.0000	0.0000	0.0000	0.0000	0.0000	0.0000	0.0000	0.0000	0.0000	0.0000	0.0000	0.0000	0.0000	0.0000	0.0000	0.0000	0.0000	0.0000	2.0120	1.0000	1.9924	3.0000	0.0000	0.0000	0.0000	0.0000	0.0000	0.0000	0.0000	0.0000	0.0000	0.0000	0.0000	0.0000	0.0000	0.0000	0.0000	0.0000	0.0000	0.0000	0.0118	0.0102	0.0016	0.0030	0.0027	0.0002	0.0088	0.0075	0.0014	0.0159	0.0094	0.0065	0.0027	0.0023	0.0005	0.0131	0.0071	0.0060	0.0000	0.0000	0.0000	0.0000	0.0000	0.0000	0.0000	0.0000	0.0000	0.0000	0.0000	0.0000	0.0000	0.0000	0.0000	0.0000	0.0000	0.0000											
46	68	0.5911	13	2	2	1	0	0	0	0	0	Y	Y	N	N	N	N	N	N	N	N	N	N	0.0000	0.0000	0.0000	0.0000	0.0000	0.0000	0.0000	0.0000	0.0000	0.0000	0.0000	0.0000	0.0000	0.0000	0.0000	0.0000	0.0000	0.0000	0.0000	0.0000	2.0120	1.0000	1.9924	0.0000	0.0000	0.0000	0.0000	0.0000	0.0000	0.0000	0.0000	0.0000	0.0000	0.0000	0.0000	0.0000	0.0000	0.0000	0.0000	0.0000	0.0000	0.0000	0.0134	0.0116	0.0018	0.0040	0.0037	0.0003	0.0094	0.0079	0.0015	0.0040	0.0027	0.0014	0.0019	0.0015	0.0003	0.0022	0.0011	0.0010	0.0000	0.0000	0.0000	0.0000	0.0000	0.0000	0.0000	0.0000	0.0000	0.0000	0.0000	0.0000	0.0000	0.0000	0.0000	0.0000	0.0000	0.0000											
46	69	0.5746	12	2	2	1	0	0	0	0	0	Y	Y	N	N	N	N	N	N	N	N	N	N	0.0000	0.0000	0.0000	0.0000	0.0000	0.0000	0.0000	0.0000	0.0000	0.0000	0.0000	0.0000	0.0000	0.0000	0.0000	0.0000	0.0000	0.7209	1.0518	0.0000	1.3577	1.6584	0.0000	0.0000	0.0000	0.0000	0.0000	0.0000	-0.0111	2.0120	1.0155	1.9924	5.9708	0.0000	0.0000	0.0000	0.0000	0.0000	0.0000	0.0000	0.0000	0.0000	0.0242	0.0242	0.0000	0.0242	0.0242	0.0000	0.0000	0.0000	0.0000	0.0144	0.0125	0.0019	0.0045	0.0041	0.0003	0.0100	0.0084	0.0016	0.0335	0.0230	0.0106	0.0178	0.0146	0.0032	0.0157	0.0084	0.0073	0.0000	0.0000	0.0000	0.0000	0.0000	0.0000	0.0000	0.0000	0.0000	0.7209	1.0518	0.0000	1.3577	1.6584	0.0000	0.0000	0.0000	0.0000		
46	70	0.5699	11	2	1	1	0	0	0	0	0	Y	N	N	N	N	N	N	N	N	N	N	N	0.0009	0.0016	0.0000	0.0030	0.0025	0.0000	0.0000	0.0000	0.0000	0.0014	0.0016	0.0000	0.0033	0.0034	0.0000	0.0000	0.0000	0.0000	1.5785	1.0283	3.0335	1.0962	1.3552	0.0040	2.5480	0.0787	5.6815	0.0000	1.1155	-0.0000	0.0030	2.0120	0.0406	1.9924	2.3361	0.0000	0.0000	0.0000	0.0000	0.0000	0.0000	0.0000	0.0000	0.0000	0.0441	0.0209	0.0233	0.0205	0.0205	0.0000	0.0237	0.0004	0.0233	0.0015	0.0013	0.0002	0.0006	0.0006	0.0000	0.0008	0.0007	0.0001	0.0280	0.0203	0.0077	0.0187	0.0151	0.0036	0.0093	0.0052	0.0041	0.0009	0.0016	0.0000	0.0030	0.0025	0.0000	0.0000	0.0000	0.0000	1.5785	1.0283	3.0335	1.0962	1.3552	0.0040	2.5480	0.0787	5.6815
46	71	0.3977	10	2	2	1	0	0	0	0	0	Y	Y	N	N	N	N	N	N	N	N	N	N	0.0000	0.0000	0.0000	0.0000	0.0000	0.0000	0.0000	0.0000	0.0000	0.0000	0.0000	0.0000	0.0000	0.0000	0.0000	0.0000	0.0000	0.0000	0.0000	0.0000	2.0120	0.0000	1.9924	0.0000	0.0000	0.0000	0.0000	0.0000	0.0000	0.0000	0.0000	0.0000	0.0000	0.0000	0.0000	0.0000	0.0000	0.0000	0.0000	0.0000	0.0000	0.0000	0.0000	0.0000	0.0000	0.0000	0.0000	0.0000	0.0000	0.0000	0.0000	0.0000	0.0000	0.0000	0.0000	0.0000	0.0000	0.0000	0.0000	0.0000	0.0000	0.0000	0.0000	0.0000	0.0000	0.0000	0.0000	0.0000	0.0000	0.0000	0.0000	0.0000	0.0000	0.0000	0.0000	0.0000	0.0000	0.0000											
46	72	0.3797	9	2	2	1	0	0	0	0	0	Y	Y	N	N	N	N	N	N	N	N	N	N	0.0000	0.0000	0.0000	0.0000	0.0000	0.0000	0.0000	0.0000	0.0000	0.0000	0.0000	0.0000	0.0000	0.0000	0.0000	0.0000	0.0000	0.0000	0.0000	0.0000	0.0000	0.0000	0.0000	0.0000	0.0000	0.0000	7.6111	0.0000	0.0000	2.0120	3.9057	1.9924	1.1104	0.0000	0.0000	0.0000	0.0000	0.0000	0.0000	0.0000	0.0000	0.0000	0.0000	0.0000	0.0000	0.0000	0.0000	0.0000	0.0000	0.0000	0.0000	0.0593	0.0502	0.0091	0.0209	0.0176	0.0034	0.0384	0.0326	0.0057	0.0263	0.0171	0.0092	0.0079	0.0067	0.0011	0.0184	0.0103	0.0081	0.0000	0.0000	0.0000	0.0000	0.0000	0.0000	0.0000	0.0000	0.0000	0.0000	0.0000	0.0000	0.0000	0.0000	0.0000	0.0000	0.0000	0.0000		
46	73	0.1046	5	2	2	0	0	0	0	0	0	Y	Y	N	N	N	N	N	N	N	N	N	N	0.0000	0.0000	0.0000	0.0000	0.0000	0.0000	0.0000	0.0000	0.0000	0.0000	0.0000	0.0000	0.0000	0.0000	0.0000	0.0000	0.0000	0.0000	7.4390	0.0081	39.0709	0.0850	0.0229	1.2712	7.6952	0.0001	33.7368	1153.0366	0.0000	0.5265	2.0120	6.9070	1.9924	16.5673	0.0000	0.0000	0.0000	0.0000	0.0000	0.0000	0.0000	0.0000	0.0000	0.9736	0.0008	0.9727	0.0033	0.0008	0.0024	0.9703	0.0000	0.9703	0.1648	0.1456	0.0193	0.0465	0.0451	0.0014	0.1184	0.1005	0.0179	0.1646	0.1048	0.0599	0.0385	0.0366	0.0019	0.1261	0.0682	0.0579	0.0000	0.0000	0.0000	0.0000	0.0000	0.0000	0.0000	0.0000	0.0000	5.9146	0.0081	16.2520	0.0850	0.0229	1.2712	7.6952	0.0001	16.7476	
46	74	0.3718	11	1	2	0	1	0	0	0	0	N	Y	N	N	N	N	N	N	N	N	N	N	0.0000	0.0000	0.0000	0.0000	0.0000	0.0000	0.0000	0.0000	0.0000	0.0000	0.0000	0.0000	0.0000	0.0000	0.0000	0.0000	0.0000	0.0000	0.0039	0.0062	0.0001	0.0116	0.0132	0.0005	0.0000	0.0000	0.0000	0.0061	0.0000	-0.0002	2.0120	6.4226	1.9924	19.3377	0.0000	0.0000	0.0000	0.0000	0.0000	0.0000	0.0000	0.0000	0.0000	0.0005	0.0005	0.0000	0.0005	0.0005	0.0000	0.0000	0.0000	0.0000	0.0908	0.0778	0.0130	0.0226	0.0208	0.0019	0.0682	0.0571	0.0111	0.1314	0.0831	0.0484	0.0446	0.0389	0.0057	0.0869	0.0442	0.0427	0.0000	0.0000	0.0000	0.0000	0.0000	0.0000	0.0000	0.0000	0.0000	0.0039	0.0062	0.0001	0.0116	0.0132	0.0005	0.0000	0.0000	0.0000	
46	75	0.3266	10	1	1	0	1	0	0	0	0	N	N	N	N	N	N	N	N	N	N	N	N	0.0271	0.0219	0.0000	0.0369	0.0355	0.0000	0.0000	0.0000	0.0000	0.0005	0.0006	0.0000	0.0016	0.0017	0.0000	0.0000	0.0000	0.0000	0.0202	0.0287	0.0026	0.0438	0.0478	0.0112	0.0047	0.0078	0.0012	0.0000	0.0427	-0.0000	-0.0014	2.0120	5.1932	1.9924	17.4397	0.0000	0.0000	0.0000	0.0000	0.0000	0.0000	0.0000	0.0000	0.0000	0.0034	0.0033	0.0001	0.0030	0.0029	0.0001	0.0005	0.0004	0.0001	0.0913	0.0795	0.0118	0.0309	0.0295	0.0014	0.0604	0.0500	0.0104	0.1704	0.1150	0.0554	0.0675	0.0603	0.0073	0.1028	0.0548	0.0481	0.0271	0.0219	0.0000	0.0369	0.0355	0.0000	0.0000	0.0000	0.0000	0.0202	0.0287	0.0026	0.0438	0.0478	0.0112	0.0047	0.0078	0.0012
46	76	0.2896	9	1	1	0	0	0	0	0	0	N	N	N	N	N	N	N	N	N	N	N	N	9.8588	9.6750	0.2229	20.3634	18.9110	0.0000	0.0451	0.0000	0.2161	0.3255	0.3752	0.0045	1.0588	1.1062	0.0000	0.0009	0.0000	0.0050	0.0330	0.0388	0.0200	0.0520	0.0585	0.0060	0.0192	0.0162	0.0229	0.0018	0.2298	-0.0116	-0.0017	2.0120	4.4918	1.9924	17.5337	0.0265	0.0264	0.0000	0.0264	0.0264	0.0000	0.0000	0.0000	0.0000	0.0061	0.0050	0.0011	0.0040	0.0040	0.0001	0.0020	0.0010	0.0011	0.0813	0.0704	0.0109	0.0249	0.0239	0.0011	0.0563	0.0465	0.0098	0.1844	0.1277	0.0568	0.0778	0.0682	0.0096	0.1067	0.0595	0.0471	9.8588	9.6750	0.2229	20.3634	18.9110	0.0000	0.0451	0.0000	0.2161	0.0330	0.0388	0.0200	0.0520	0.0585	0.0060	0.0192	0.0162	0.0229
46	77	0.5856	12	1	1	0	1	0	0	0	0	N	N	N	N	N	N	N	N	N	N	N	N	0.0000	0.0000	0.0000	0.0000	0.0000	0.0000	0.0000	0.0000	0.0000	0.0000	0.0000	0.0000	0.0000	0.0000	0.0000	0.0000	0.0000	0.0000	0.0081	0.0116	0.0004	0.0168	0.0196	0.0014	0.0000	0.0000	0.0001	0.0147	0.0000	-0.0003	2.0120	0.3745	1.9924	14.7996	0.0000	0.0000	0.0000	0.0000	0.0000	0.0000	0.0000	0.0000	0.0000	0.0006	0.0006	0.0000	0.0006	0.0006	0.0000	0.0000	0.0000	0.0000	0.0066	0.0058	0.0007	0.0021	0.0020	0.0001	0.0044	0.0038	0.0006	0.0797	0.0543	0.0254	0.0381	0.0323	0.0058	0.0416	0.0221	0.0195	0.0000	0.0000	0.0000	0.0000	0.0000	0.0000	0.0000	0.0000	0.0000	0.0081	0.0116	0.0004	0.0168	0.0196	0.0014	0.0000	0.0000	0.0001	
46	78	0.5633	11	1	1	0	1	0	0	0	0	N	N	N	N	N	N	N	N	N	N	N	N	0.0906	0.0000	0.3034	0.0000	0.0000	0.0000	0.7387	0.0000	7.0290	0.0005	0.0000	0.0037	0.0000	0.0000	0.0000	0.0007	0.0000	0.0044	0.0053	0.0024	0.0123	0.0094	0.0031	0.0467	0.0009	0.0012	0.0006	inf	2.1942	0.0000	0.0001	2.0120	1.4595	1.9924	10.3922	0.0000	0.0000	0.0000	0.0000	0.0000	0.0000	0.0000	0.0000	0.0000	0.0004	0.0001	0.0003	0.0003	0.0001	0.0002	0.0000	0.0000	0.0000	0.0208	0.0181	0.0027	0.0061	0.0057	0.0004	0.0147	0.0124	0.0022	0.0705	0.0496	0.0209	0.0367	0.0314	0.0053	0.0339	0.0183	0.0156	0.0906	0.0000	0.3034	0.0000	0.0000	0.0000	0.7387	0.0000	7.0290	0.0053	0.0024	0.0123	0.0094	0.0031	0.0467	0.0009	0.0012	0.0006
46	79	0.5491	10	1	1	0	1	0	0	0	0	N	N	N	N	N	N	N	N	N	N	N	N	88.7968	0.3909	2552.4866	2.0054	1.0141	22.6549	362.4074	0.0000	26798.6748	0.1097	0.0006	0.7907	0.0039	0.0021	0.0249	0.1502	0.0000	0.9351	0.0012	0.0016	0.0003	0.0020	0.0021	0.0011	0.0004	0.0007	0.0000	200.3695	0.0790	0.0011	-0.0000	2.0120	1.3861	1.9924	6.3168	0.0020	0.0000	0.0020	0.0000	0.0000	0.0000	0.0020	0.0000	0.0020	0.0001	0.0001	0.0000	0.0001	0.0001	0.0000	0.0000	0.0000	0.0000	0.0183	0.0158	0.0025	0.0051	0.0047	0.0004	0.0132	0.0111	0.0021	0.0532	0.0377	0.0155	0.0282	0.0242	0.0040	0.0250	0.0135	0.0115	88.7968	0.3909	2552.4866	2.0054	1.0141	22.6549	362.4074	0.0000	26798.6748	0.0012	0.0016	0.0003	0.0020	0.0021	0.0011	0.0004	0.0007	0.0000
46	80	0.4897	9	1	1	0	1	0	0	0	0	N	N	N	N	N	N	N	N	N	N	N	N	79.5715	62.3399	0.0000	8642.0734	28588.7448	0.0000	0.0000	0.0000	0.0000	0.0401	0.0467	0.0000	0.1617	0.1760	0.0000	0.0000	0.0000	0.0000	0.0005	0.0007	0.0000	0.0000	0.0000	0.0001	0.0010	0.0019	0.0000	0.0000	0.0140	-0.0009	-0.0000	2.0120	4.0043	1.9924	19.8631	0.0020	0.0020	0.0000	0.0020	0.0020	0.0000	0.0000	0.0000	0.0000	0.0001	0.0000	0.0000	0.0000	0.0000	0.0000	0.0000	0.0000	0.0000	0.0498	0.0428	0.0070	0.0124	0.0114	0.0010	0.0374	0.0315	0.0060	0.1005	0.0668	0.0337	0.0492	0.0410	0.0082	0.0513	0.0257	0.0255	79.5715	62.3399	0.0000	8642.0734	28588.7448	0.0000	0.0000	0.0000	0.0000	0.0005	0.0007	0.0000	0.0000	0.0000	0.0001	0.0010	0.0019	0.0000
46	81	0.3324	9	1	2	1	0	0	0	0	0	N	Y	N	N	N	N	N	N	N	N	N	N	0.1291	16.7903	0.0000	0.1232	23.9373	0.0000	0.0000	0.0000	0.0000	0.0000	0.0000	0.0000	0.0000	0.0000	0.0000	0.0000	0.0000	0.0000	0.0000	0.0000	0.0001	0.0001	0.0000	0.0008	0.0000	0.0000	0.0000	0.0000	176.1194	-0.0000	0.0000	2.0120	2.0162	1.9924	4.5500	0.0000	0.0000	0.0000	0.0000	0.0000	0.0000	0.0000	0.0000	0.0000	0.0000	0.0000	0.0000	0.0000	0.0000	0.0000	0.0000	0.0000	0.0000	0.0328	0.0284	0.0045	0.0107	0.0101	0.0007	0.0221	0.0183	0.0038	0.0382	0.0242	0.0140	0.0119	0.0104	0.0015	0.0263	0.0138	0.0125	0.1291	16.7903	0.0000	0.1232	23.9373	0.0000	0.0000	0.0000	0.0000	0.0000	0.0000	0.0001	0.0001	0.0000	0.0008	0.0000	0.0000	0.0000
46	82	0.5977	13	1	2	1	0	0	0	0	0	N	Y	N	N	N	N	N	N	N	N	N	N	1.6855	1.3303	0.0000	56.3725	48.9577	0.2862	0.1743	0.0000	0.0108	0.0124	0.0000	0.0259	0.0280	0.0000	0.0043	0.0051	0.0000	0.0064	0.0093	0.0000	0.0005	0.0006	0.0000	0.0150	0.0291	0.0000	0.0000	0.0001	-0.0002	-0.0001	2.0120	3.0011	1.9924	3.7015	0.0004	0.0004	0.0000	0.0003	0.0003	0.0000	0.0001	0.0001	0.0000	0.0002	0.0002	0.0000	0.0000	0.0000	0.0000	0.0002	0.0002	0.0000	0.0400	0.0347	0.0053	0.0120	0.0111	0.0009	0.0280	0.0236	0.0044	0.0334	0.0229	0.0105	0.0198	0.0159	0.0039	0.0136	0.0070	0.0066	1.6855	1.3303	0.0000	56.3725	48.9577	0.0000	0.2862	0.1743	0.0000	0.0064	0.0093	0.0000	0.0005	0.0006	0.0000	0.0150	0.0291	0.0000	
46	83	0.5862	12	1	2	0	0	0	0	0	0	N	Y	N	N	N	N	N	N	N	N	N	N	48408.2577	37562.2048	44.1886	133300.8772	107505.2118	2151.9661	1.2365	0.7689	0.1868	36.9720	42.6296	0.0001	123.3424	133.4631	0.0007	0.0005	0.0006	0.0000	0.0008	0.0011	0.0000	0.0009	0.0012	0.0000	0.0004	0.0008	0.0000	0.0000	0.0012	-0.4402	-0.0000	2.0120	2.0032	1.9924	4.2039	0.9979	0.9979	0.0000	0.9978	0.9978	0.0000	0.0000	0.0000	0.0000	0.0000	0.0000	0.0000	0.0000	0.0000	0.0000	0.0000	0.0000	0.0000	0.0270	0.0234	0.0036	0.0081	0.0075	0.0006	0.0189	0.0159	0.0030	0.0414	0.0278	0.0136	0.0279	0.0208	0.0071	0.0135	0.0070	0.0065	48408.2577	37562.2048	44.1886	133300.8772	107505.2118	2151.9661	1.2365	0.7689	0.1868	0.0008	0.0011	0.0000	0.0009	0.0012	0.0000	0.0004	0.0008	0.0000
46	84	0.5830	12	2	1	1	0	0	0	0	0	Y	N	N	N	N	N	N	N	N	N	N	N	0.0000	0.0000	0.0000	0.0000	0.0000	0.0000	0.0000	0.0000	0.0000	0.0000	0.0000	0.0000	0.0000	0.0000	0.0000	0.0000	0.0000	0.0000	0.1910	0.2878	0.0000	0.3509	0.4309	0.0000	0.0000	0.0000	0.0000	0.0000	0.0000	-0.0024	2.0120	1.0052	1.9924	4.9545	0.0000	0.0000	0.0000	0.0000	0.0000	0.0000	0.0000	0.0000	0.0000	0.0053	0.0053	0.0000	0.0053	0.0053	0.0000	0.0000	0.0000	0.0000	0.0138	0.0120	0.0018	0.0045	0.0042	0.0003	0.0093	0.0078	0.0015	0.0277	0.0184	0.0093	0.0151	0.0123	0.0028	0.0126	0.0061	0.0065	0.0000	0.0000	0.0000	0.0000	0.0000	0.0000	0.0000	0.0000	0.0000	0.1910	0.2878	0.0000	0.3509	0.4309	0.0000	0.0000	0.0000	0.0000	
46	85	0.5636	11	2	1	1	0	0	0	0	0	Y	N	N	N	N	N	N	N	N	N	N	N	0.0000	0.0000	0.0000	0.0000	0.0000	0.0000	0.0000	0.0000	0.0000	0.0000	0.0000	0.0000	0.0000	0.0000	0.0000	0.0000	0.0000	0.0000	0.0902	0.0101	0.2536	0.0041	0.0054	0.0000	0.2317	0.0217	0.4519	12.3437	0.0000	0.0020	2.0120	0.9968	1.9924	7.6169	0.0000	0.0000	0.0000	0.0000	0.0000	0.0000	0.0000	0.0000	0.0000	0.0043	0.0003	0.0039	0.0001	0.0001	0.0000	0.0041	0.0002	0.0039	0.0135	0.0118	0.0018	0.0042	0.0038	0.0003	0.0094	0.0079	0.0015	0.0473	0.0318	0.0156	0.0294	0.0226	0.0068	0.0179	0.0092	0.0087	0.0000	0.0000	0.0000	0.0000	0.0000	0.0000	0.0000	0.0000	0.0000	0.0902	0.0101	0.2536	0.0041	0.0054	0.0000	0.2317	0.0217	0.4519	
46	86	0.5836	10	2	2	0	0	0	0	0	0	Y	Y	N	N	N	N	N	N	N	N	N	N	0.0000	0.0000	0.0000	0.0000	0.0000	0.0000	0.0000	0.0000	0.0000	0.0000	0.0000	0.0000	0.0000	0.0000	0.0000	0.0000	0.0000	0.0000	0.0000	0.0000	0.0000	0.0000	0.0000	0.0000	0.0000	0.0000	0.0000	7.8720	0.0000	0.0000	2.0120	5.8060	1.9924	6.1034	0.0000	0.0000	0.0000	0.0000	0.0000	0.0000	0.0000	0.0000	0.0000	0.0000	0.0000	0.0000	0.0000	0.0000	0.0000	0.0000	0.0000	0.0000	0.0968	0.0833	0.0135	0.0324	0.0306	0.0019	0.0644	0.0527	0.0117	0.1031	0.0767	0.0264	0.0603	0.0518	0.0084	0.0429	0.0249	0.0180	0.0000	0.0000	0.0000	0.0000	0.0000	0.0000	0.0000	0.0000	0.0000	0.0000	0.0000	0.0000	0.0000	0.0000	0.0000	0.0000	0.0000	0.0000	
46	87	0.4897	9	2	2	0	0	0	0	0	0	Y	Y	N	N	N	N	N	N	N	N	N	N	0.0321	0.0264	0.0139	32.5996	32.5964	0.0000	0.0005	0.0001	0.0123	0.0006	0.0007	0.0001	0.0025	0.0027	0.0000	0.0000	0.0000	0.0001	0.0195	0.0270	0.0046	0.0001	0.0001	0.0000	0.0377	0.0685	0.0061	0.0145	0.0872	-0.0000	-0.0010	2.0120	12.2869	1.9924	21.7146	0.0001	0.0001	0.0000	0.0001	0.0001	0.0000	0.0000	0.0000	0.0000	0.0026	0.0024	0.0002	0.0000	0.0000	0.0000	0.0026	0.0024	0.0002	0.1472	0.1268	0.0204	0.0362	0.0333	0.0029	0.1109	0.0935	0.0175	0.1341	0.0889	0.0452	0.0650	0.0539	0.0112	0.0691	0.0350	0.0341	0.0321	0.0264	0.0139	32.5996	32.5964	0.0000	0.0005	0.0001	0.0123	0.0195	0.0270	0.0046	0.0001	0.0001	0.0000	0.0377	0.0685	0.0061
46	88	0.5862	12	1	2	0	0	0	0	0	0	N	Y	N	N	N	N	N	N	N	N	N	N	76.6984	0.0000	146834.1336	197.5959	0.0000	4863750.0685	1.4620	0.0000	732.2658	0.0272	0.0000	0.2051	0.0905	0.0000	1.1951	0.0003	0.0000	0.0017	0.0004	0.0005	0.0000	0.0005	0.0006	0.0000	0.0002	0.0003	0.0000	inf	0.0013	0.0008	-0.0000	2.0120	4.0005	1.9924	9.0093	0.0014	0.0000	0.0014	0.0014	0.0000	0.0014	0.0000	0.0000	0.0000	0.0000	0.0000	0.0000	0.0000	0.0000	0.0000	0.0000	0.0000	0.0000	0.0533	0.0463	0.0071	0.0159	0.0147	0.0012	0.0374	0.0316	0.0059	0.0669	0.0451	0.0218	0.0417	0.0319	0.0098	0.0252	0.0132	0.0121	76.6984	0.0000	146834.1336	197.5959	0.0000	4863750.0685	1.4620	0.0000	732.2658	0.0004	0.0005	0.0000	0.0005	0.0006	0.0000	0.0002	0.0003	0.0000
46	89	0.5636	11	1	2	0	0	0	0	0	0	N	Y	N	N	N	N	N	N	N	N	N	N	100.9696	78.3151	0.0000	368.6847	307.6896	0.0000	0.0000	0.0000	0.1061	0.1223	0.0000	0.3462	0.3743	0.0000	0.0000	0.0000	0.0000	0.0011	0.0016	0.0000	0.0009	0.0012	0.0000	0.0012	0.0024	0.0000	0.0000	0.0018	-0.0006	-0.0000	2.0120	1.0051	1.9924	9.2650	0.0014	0.0014	0.0000	0.0014	0.0014	0.0000	0.0000	0.0000	0.0000	0.0001	0.0001	0.0000	0.0000	0.0000	0.0000	0.0000	0.0000	0.0000	0.0137	0.0119	0.0018	0.0042	0.0039	0.0003	0.0095	0.0080	0.0015	0.0536	0.0360	0.0176	0.0329	0.0254	0.0075	0.0207	0.0106	0.0101	100.9696	78.3151	0.0000	368.6847	307.6896	0.0000	0.0000	0.0000	0.0000	0.0011	0.0016	0.0000	0.0009	0.0012	0.0000	0.0012	0.0024	0.0000	
46	90	0.6121	11	1	1	1	0	0	0	0	0	N	N	N	N	N	N	N	N	N	N	N	N	4.3557	3.8467	0.0000	25.9529	24.2288	0.0000	0.0000	0.0000	0.0000	0.0101	0.0116	0.0000	0.0337	0.0360	0.0000	0.0000	0.0000	0.0000	0.0023	0.0030	0.0004	0.0013	0.0015	0.0000	0.0035	0.0056	0.0005	0.0000	0.0457	-0.0002	-0.0001	2.0120	2.3559	1.9924	7.1930	0.0003	0.0003	0.0000	0.0003	0.0003	0.0000	0.0000	0.0000	0.0000	0.0001	0.0001	0.0000	0.0000	0.0000	0.0000	0.0001	0.0001	0.0000	0.0346	0.0302	0.0045	0.0104	0.0097	0.0007	0.0243	0.0205	0.0038	0.0584	0.0430	0.0154	0.0310	0.0270	0.0039	0.0274	0.0159	0.0115	4.3557	3.8467	0.0000	25.9529	24.2288	0.0000	0.0000	0.0000	0.0000	0.0023	0.0030	0.0004	0.0013	0.0015	0.0000	0.0035	0.0056	0.0005
46	91	0.5792	10	1	1	0	0	0	0	0	0	N	N	N	N	N	N	N	N	N	N	N	N	1371.9279	1162.4913	1199.3741	1823.7816	1668.9225	2080.2316	527.4536	368.5859	1035.7800	7.0240	7.9981	0.1221	14.9083	15.7767	0.0338	0.4005	0.4571	0.1446	0.0051	0.0069	0.0001	0.0082	0.0095	0.0000	0.0008	0.0012	0.0001	0.0022	0.0052	-0.3258	-0.0003	2.0120	4.9284	1.9924	11.0439	0.7423	0.7407	0.0016	0.7193	0.7192	0.0001	0.0230	0.0215	0.0015	0.0007	0.0007	0.0000	0.0007	0.0007	0.0000	0.0000	0.0000	0.0000	0.1057	0.0926	0.0131	0.0482	0.0456	0.0027	0.0574	0.0470	0.0104	0.1452	0.1075	0.0377	0.0854	0.0738	0.0116	0.0598	0.0337	0.0261	1371.9279	1162.4913	1199.3741	1823.7816	1668.9225	2080.2316	527.4536	368.5859	1035.7800	0.0051	0.0069	0.0001	0.0082	0.0095	0.0000	0.0008	0.0012	0.0001
46	92	0.4897	9	1	1	0	0	0	0	0	0	N	N	N	N	N	N	N	N	N	N	N	N	1194.3649	968.5346	0.1145	277612.2679	276506.1583	0.0000	0.0016	0.0000	0.1024	6.3382	7.3732	0.0001	25.5268	27.7823	0.0000	0.0000	0.0000	0.0001	0.0053	0.0076	0.0008	0.0001	0.0001	0.0001	0.0102	0.0192	0.0010	0.0000	0.0515	-0.1362	-0.0003	2.0120	3.9161	1.9924	29.2065	0.3089	0.3089	0.0000	0.3089	0.3089	0.0000	0.0000	0.0000	0.0000	0.0007	0.0007	0.0000	0.0000	0.0000	0.0000	0.0007	0.0007	0.0000	0.0487	0.0419	0.0068	0.0121	0.0111	0.0010	0.0366	0.0308	0.0059	0.1313	0.0870	0.0442	0.0637	0.0528	0.0109	0.0676	0.0342	0.0333	1194.3649	968.5346	0.1145	277612.2679	276506.1583	0.0000	0.0016	0.0000	0.1024	0.0053	0.0076	0.0008	0.0001	0.0001	0.0001	0.0102	0.0192	0.0010
46	93	0.3324	9	2	2	0	0	0	0	0	0	Y	Y	N	N	N	N	N	N	N	N	N	N	0.0016	0.0012	0.0000	0.0015	0.0014	0.0000	0.0000	0.0000	0.0000	0.0000	0.0000	0.0000	0.0000	0.0000	0.0000	0.0000	0.0000	0.0000	0.0021	0.0031	0.0003	0.0071	0.0082	0.0002	0.0001	0.0000	0.0003	0.0000	0.0558	-0.0000	-0.0000	2.0120	2.5103	1.9924	7.4742	0.0000	0.0000	0.0000	0.0000	0.0000	0.0000	0.0000	0.0000	0.0000	0.0001	0.0001	0.0000	0.0001	0.0001	0.0000	0.0000	0.0000	0.0000	0.0391	0.0338	0.0053	0.0125	0.0116	0.0008	0.0266	0.0221	0.0045	0.0506	0.0316	0.0190	0.0139	0.0121	0.0018	0.0367	0.0195	0.0172	0.0016	0.0012	0.0000	0.0015	0.0014	0.0000	0.0000	0.0000	0.0000	0.0021	0.0031	0.0003	0.0071	0.0082	0.0002	0.0001	0.0000	0.0003
46	94	0.2962	8	1	2	0	0	0	0	0	0	N	Y	N	N	N	N	N	N	N	N	N	N	1.5959	4.4588	0.0000	4.7627	4.5346	0.0000	0.0125	0.7535	0.0000	0.0002	0.0002	0.0000	0.0006	0.0007	0.0000	0.0000	0.0000	0.0000	0.0001	0.0001	0.0003	0.0001	0.0001	0.0000	0.0001	0.0000	0.0003	0.0000	2.8180	-0.0000	0.0000	2.0120	7.1305	1.9924	3.2426	0.0000	0.0000	0.0000	0.0000	0.0000	0.0000	0.0000	0.0000	0.0000	0.0000	0.0000	0.0000	0.0000	0.0000	0.0000	0.0000	0.0000	0.0000	0.1226	0.1072	0.0154	0.0398	0.0376	0.0022	0.0828	0.0696	0.0132	0.0536	0.0343	0.0193	0.0133	0.0119	0.0014	0.0403	0.0224	0.0179	1.5959	4.4588	0.0000	4.7627	4.5346	0.0000	0.0125	0.7535	0.0000	0.0001	0.0001	0.0003	0.0001	0.0001	0.0000	0.0001	0.0000	0.0003
46	95	0.5636	11	2	2	0	0	0	0	0	0	Y	Y	N	N	N	N	N	N	N	N	N	N	0.0000	0.0000	0.0000	0.0000	0.0000	0.0000	0.0000	0.0000	0.0000	0.0000	0.0000	0.0000	0.0000	0.0000	0.0000	0.0000	0.0000	0.0005	0.0007	0.0000	0.0006	0.0007	0.0000	0.0004	0.0007	0.0000	0.0017	0.0000	-0.0000	2.0120	8.0000	1.9924	22.5660	0.0000	0.0000	0.0000	0.0000	0.0000	0.0000	0.0000	0.0000	0.0000	0.0001	0.0001	0.0000	0.0000	0.0000	0.0000	0.0000	0.0000	0.0000	0.1049	0.0910	0.0138	0.0316	0.0292	0.0024	0.0733	0.0619	0.0114	0.1244	0.0839	0.0405	0.0711	0.0562	0.0149	0.0534	0.0277	0.0257	0.0000	0.0000	0.0000	0.0000	0.0000	0.0000	0.0000	0.0000	0.0000	0.0005	0.0007	0.0000	0.0006	0.0007	0.0000	0.0004	0.0007	0.0000		
46	96	0.4897	9	1	1	0	0	0	0	0	0	N	N	N	N	N	N	N	N	N	N	N	N	inf	inf	inf	inf	6.9437	8.0627	0.0000	28.1922	30.6671	0.0000	0.0000	0.0000	0.0000	0.0000	0.0000	0.0000	0.0000	0.0000	0.0000	0.0000	0.0000	0.0000	0.0000	-0.4407	0.0000	2.0120	11.9964	1.9924	18.8414	0.9992	0.9992	0.0000	0.9992	0.9992	0.0000	0.0000	0.0000	0.0000	0.0000	0.0000	0.0000	0.0000	0.0000	0.0000	0.0000	0.0000	0.0000	0.1439	0.1239	0.0200	0.0354	0.0326	0.0029	0.1085	0.0913	0.0171	0.1239	0.0822	0.0417	0.0603	0.0500	0.0103	0.0636	0.0322	0.0315	inf	inf	0.0000	inf	inf	0.0000	0.0000	0.0000	0.0000	0.0000	0.0000	0.0000	0.0000	0.0000	0.0000	0.0000	0.0000	0.0000						
46	98	0.5942	13	2	2	1	0	0	0	0	0	Y	Y	N	N	N	N	N	N	N	N	N	N	0.0000	0.0000	0.0000	0.0000	0.0000	0.0000	0.0000	0.0000	0.0000	0.0000	0.0000	0.0000	0.0000	0.0000	0.0000	0.0001	0.0000	0.0000	0.0000	0.0000	0.0000	0.0001	inf	0.0000	0.0000	2.0120	0.9502	1.9924	16.1595	0.0000	0.0000	0.0000	0.0000	0.0000	0.0000	0.0000	0.0000	0.0000	0.0000	0.0000	0.0000	0.0000	0.0000	0.0000	0.0000	0.0000	0.0000	0.0153	0.0135	0.0019	0.0057	0.0054	0.0003	0.0096	0.0081	0.0015	0.0699	0.0476	0.0223	0.0386	0.0307	0.0079	0.0313	0.0168	0.0144	0.0000	0.0000	0.0000	0.0000	0.0000	0.0000	0.0000	0.0000	0.0000	0.0000	0.0000	0.0001	0.0000	0.0000	0.0000	0.0000	0.0000	0.0001						
46	99	0.4897	9	1	2	0	0	0	0	0	0	N	Y	N	N	N	N	N	N	N	N	N	N	0.0000	0.0000	0.0000	0.0000	0.0000	0.0000	0.0000	0.0000	0.0000	0.0000	0.0000	0.0000	0.0000	0.0000	0.0000	0.0000	0.0000	0.0000	0.0000	0.0000	2.0120	11.9964	1.9924	15.6499	0.0000	0.0000	0.0000	0.0000	0.0000	0.0000	0.0000	0.0000	0.0000	0.0000	0.0000	0.0000	0.0000	0.0000	0.0000	0.0000	0.0000	0.0000	0.1439	0.1239	0.0200	0.0354	0.0326	0.0029	0.1085	0.0913	0.0171	0.1133	0.0752	0.0381	0.0553	0.0460	0.0093	0.0580	0.0293	0.0288	0.0000	0.0000	0.0000	0.0000	0.0000	0.0000	0.0000	0.0000	0.0000	0.0000	0.0000	0.0000	0.0000	0.0000	0.0000	0.0000	0.0000	0.0000											
46	100	0.5971	14	2	1	1	0	0	0	0	0	Y	N	N	N	N	N	N	N	N	N	N	N	0.0000	0.0000	0.0000	0.0000	0.0000	0.0000	0.0000	0.0000	0.0000	0.0000	0.0000	0.0000	0.0000	0.0206	0.0304	0.0000	0.0371	0.0467	0.0000	0.0000	0.0000	0.0000	0.0000	0.0000	-0.0006	2.0120	1.0008	1.9924	13.9255	0.0000	0.0000	0.0000	0.0000	0.0000	0.0000	0.0000	0.0000	0.0000	0.0013	0.0013	0.0000	0.0013	0.0013	0.0000	0.0000	0.0000	0.0000	0.0137	0.0119	0.0018	0.0048	0.0045	0.0004	0.0089	0.0075	0.0014	0.0609	0.0412	0.0196	0.0338	0.0269	0.0069	0.0271	0.0144	0.0128	0.0000	0.0000	0.0000	0.0000	0.0000	0.0000	0.0000	0.0000	0.0000	0.0206	0.0304	0.0000	0.0371	0.0467	0.0000	0.0000	0.0000	0.0000						
46	101	0.5942	13	2	1	1	0	0	0	0	0	Y	N	N	N	N	N	N	N	N	N	N	N	0.0000	0.0000	0.0000	0.0000	0.0000	0.0000	0.0000	0.0000	0.0000	0.0000	0.0000	0.0000	0.0000	0.0000	0.0000	0.0000	0.0005	0.0005	0.0003	0.0006	0.0008	0.0000	0.0002	0.0000	0.0006	0.2213	0.0000	-0.0000	2.0120	0.0532	1.9924	2.0467	0.0000	0.0000	0.0000	0.0000	0.0000	0.0000	0.0000	0.0000	0.0000	0.0000	0.0000	0.0000	0.0000	0.0000	0.0000	0.0000	0.0000	0.0000	0.0031	0.0028	0.0003	0.0015	0.0014	0.0000	0.0017	0.0014	0.0003	0.0176	0.0126	0.0049	0.0114	0.0091	0.0023	0.0061	0.0035	0.0026	0.0000	0.0000	0.0000	0.0000	0.0000	0.0000	0.0000	0.0000	0.0000	0.0005	0.0005	0.0003	0.0006	0.0008	0.0000	0.0002	0.0000	0.0006			
46	102	0.5845	12	2	1	1	0	0	0	0	0	Y	N	N	N	N	N	N	N	N	N	N	N	0.0000	0.0000	0.0000	0.0000	0.0000	0.0000	0.0000	0.0000	0.0000	0.0000	0.0000	0.0000	0.0000	0.0000	0.0000	0.0000	0.0004	0.0006	0.0000	0.0007	0.0008	0.0000	0.0000	0.0000	0.0000	0.0167	0.0000	-0.0000	2.0120	2.0948	1.9924	3.0326	0.0000	0.0000	0.0000	0.0000	0.0000	0.0000	0.0000	0.0000	0.0000	0.0000	0.0000	0.0000	0.0000	0.0000	0.0000	0.0000	0.0000	0.0000	0.0308	0.0269	0.0039	0.0111	0.0103	0.0008	0.0197	0.0166	0.0031	0.0287	0.0202	0.0085	0.0173	0.0138	0.0036	0.0113	0.0064	0.0049	0.0000	0.0000	0.0000	0.0000	0.0000	0.0000	0.0000	0.0000	0.0000	0.0004	0.0006	0.0000	0.0007	0.0008	0.0000	0.0000	0.0000	0.0000			
46	103	0.5636	11	2	1	1	0	0	0	0	0	Y	N	N	N	N	N	N	N	N	N	N	N	0.0000	0.0000	0.0000	0.0000	0.0000	0.0000	0.0000	0.0000	0.0000	0.0000	0.0000	0.0000	0.0000	0.0000	0.0000	0.0000	0.0000	0.0002	0.0003	0.0000	0.0000	0.0000	0.0000	0.0006	0.0011	0.0000	0.0099	0.0000	-0.0000	2.0120	3.9484	1.9924	4.8420	0.0000	0.0000	0.0000	0.0000	0.0000	0.0000	0.0000	0.0000	0.0000	0.0000	0.0000	0.0000	0.0000	0.0000	0.0000	0.0000	0.0000	0.0000	0.0527	0.0458	0.0070	0.0160	0.0148	0.0012	0.0368	0.0310	0.0058	0.0480	0.0322	0.0158	0.0298	0.0229	0.0069	0.0182	0.0093	0.0089	0.0000	0.0000	0.0000	0.0000	0.0000	0.0000	0.0000	0.0000	0.0000	0.0002	0.0003	0.0000	0.0000	0.0000	0.0000	0.0006	0.0011	0.0000		
46	104	0.5220	10	1	2	0	0	0	0	0	0	N	Y	N	N	N	N	N	N	N	N	N	N	0.0000	0.0000	0.0000	0.0000	0.0000	0.0000	0.0000	0.0000	0.0000	0.0000	0.0000	0.0000	0.0000	0.0000	0.0000	0.0000	0.0000	0.0000	0.0020	0.0030	0.0000	0.0040	0.0049	0.0000	0.0000	0.0000	0.0000	0.0007	0.0000	-0.0002	2.0120	8.9557	1.9924	32.3127	0.0000	0.0000	0.0000	0.0000	0.0000	0.0000	0.0000	0.0000	0.0000	0.0003	0.0003	0.0000	0.0003	0.0003	0.0000	0.0000	0.0000	0.0000	0.1370	0.1190	0.0179	0.0460	0.0423	0.0037	0.0910	0.0768	0.0142	0.1739	0.1153	0.0586	0.0869	0.0707	0.0162	0.0870	0.0446	0.0424	0.0000	0.0000	0.0000	0.0000	0.0000	0.0000	0.0000	0.0000	0.0000	0.0020	0.0030	0.0000	0.0040	0.0049	0.0000	0.0000	0.0000	0.0000	
46	105	0.5475	11	1	1	1	0	0	0	0	0	N	N	N	N	N	N	N	N	N	N	N	N	0.0000	0.0000	0.0000	0.0000	0.0000	0.0000	0.0000	0.0000	0.0000	0.0000	0.0000	0.0000	0.0000	0.0000	0.0000	0.0000	0.0000	0.0000	0.0001	0.0002	0.0000	0.0002	0.0002	0.0000	0.0000	0.0000	0.0000	0.0645	0.0000	-0.0000	2.0120	4.2679	1.9924	7.8415	0.0000	0.0000	0.0000	0.0000	0.0000	0.0000	0.0000	0.0000	0.0000	0.0000	0.0000	0.0000	0.0000	0.0000	0.0000	0.0000	0.0000	0.0000	0.0659	0.0572	0.0087	0.0222	0.0204	0.0019	0.0437	0.0369	0.0068	0.0616	0.0406	0.0210	0.0326	0.0266	0.0060	0.0290	0.0140	0.0150	0.0000	0.0000	0.0000	0.0000	0.0000	0.0000	0.0000	0.0000	0.0000	0.0001	0.0002	0.0000	0.0002	0.0002	0.0000	0.0000	0.0000	0.0000	
46	106	0.5220	10	1	1	0	0	0	0	0	0	N	N	N	N	N	N	N	N	N	N	N	N	0.0000	0.0000	0.0000	0.0000	0.0000	0.0000	0.0000	0.0000	0.0000	0.0000	0.0000	0.0000	0.0000	0.0000	0.0000	0.0000	0.0000	0.0000	0.0051	0.0074	0.0001	0.0092	0.0109	0.0004	0.0003	0.0006	0.0000	0.0089	0.0000	-0.0002	2.0120	1.9301	1.9924	9.0954	0.0000	0.0000	0.0000	0.0000	0.0000	0.0000	0.0000	0.0000	0.0000	0.0003	0.0003	0.0000	0.0003	0.0003	0.0000	0.0000	0.0000	0.0000	0.0466	0.0409	0.0057	0.0251	0.0230	0.0022	0.0214	0.0179	0.0036	0.0668	0.0454	0.0215	0.0360	0.0299	0.0061	0.0309	0.0155	0.0154	0.0000	0.0000	0.0000	0.0000	0.0000	0.0000	0.0000	0.0000	0.0000	0.0051	0.0074	0.0001	0.0092	0.0109	0.0004	0.0003	0.0006	0.0000	
46	107	0.4897	9	1	1	0	0	0	0	0	0	N	N	N	N	N	N	N	N	N	N	N	N	0.0000	0.0000	0.0000	0.0000	0.0000	0.0000	0.0000	0.0000	0.0000	0.0000	0.0000	0.0000	0.0000	0.0000	0.0000	0.0000	0.0000	0.0000	0.0017	0.0026	0.0000	0.0006	0.0008	0.0001	0.0028	0.0057	0.0000	0.0026	0.0000	-0.0001	2.0120	3.9049	1.9924	9.6098	0.0000	0.0000	0.0000	0.0000	0.0000	0.0000	0.0000	0.0000	0.0000	0.0001	0.0001	0.0000	0.0000	0.0000	0.0000	0.0001	0.0001	0.0000	0.0486	0.0418	0.0068	0.0121	0.0111	0.0010	0.0365	0.0307	0.0058	0.0634	0.0423	0.0211	0.0314	0.0265	0.0049	0.0321	0.0158	0.0163	0.0000	0.0000	0.0000	0.0000	0.0000	0.0000	0.0000	0.0000	0.0000	0.0017	0.0026	0.0000	0.0006	0.0008	0.0001	0.0028	0.0057	0.0000	
46	108	0.5109	11	1	2	0	0	0	0	0	0	N	Y	N	N	N	N	N	N	N	N	N	N	29786.3442	23210.0321	0.0000	47576.0709	43440.4175	0.0000	0.0000	0.0000	0.0000	9.3791	10.8890	0.0000	33.0326	35.7624	0.0000	0.0000	0.0000	0.0000	0.0003	0.0005	0.0000	0.0007	0.0008	0.0000	0.0000	0.0000	0.0000	0.0000	0.0028	-0.4392	-0.0000	2.0120	8.0392	1.9924	22.6195	0.9958	0.9958	0.0000	0.9958	0.9958	0.0000	0.0000	0.0000	0.0000	0.0000	0.0000	0.0000	0.0000	0.0000	0.0000	0.0000	0.0000	0.0000	0.1062	0.0914	0.0147	0.0301	0.0278	0.0023	0.0760	0.0636	0.0124	0.1299	0.0869	0.0429	0.0587	0.0495	0.0092	0.0711	0.0374	0.0337	29786.3442	23210.0321	0.0000	47576.0709	43440.4175	0.0000	0.0000	0.0000	0.0000	0.0003	0.0005	0.0000	0.0007	0.0008	0.0000	0.0000	0.0000	0.0000
46	109	0.5109	10	1	1	0	0	0	0	0	0	N	N	N	N	N	N	N	N	N	N	N	N	462.6090	216.4552	18199.7701	554.9002	513.4080	138470.6918	392.6102	0.0632	16713.9462	1.0265	0.6177	3.0383	1.2647	1.2414	1.9577	0.8487	0.0002	3.1352	0.0022	0.0029	0.0002	0.0023	0.0024	0.0000	0.0022	0.0035	0.0002	0.9996	0.0181	0.0004	-0.0000	2.0120	0.2031	1.9924	2.0398	0.0071	0.0036	0.0036	0.0038	0.0036	0.0002	0.0034	0.0000	0.0034	0.0001	0.0001	0.0000	0.0000	0.0000	0.0000	0.0000	0.0000	0.0000	0.0069	0.0058	0.0012	0.0030	0.0029	0.0001	0.0040	0.0029	0.0011	0.0279	0.0213	0.0066	0.0136	0.0128	0.0008	0.0143	0.0085	0.0058	462.6090	216.4552	18199.7701	554.9002	513.4080	138470.6918	392.6102	0.0632	16713.9462	0.0022	0.0029	0.0002	0.0023	0.0024	0.0000	0.0022	0.0035	0.0002
46	110	0.3935	10	2	1	1	0	0	0	0	0	Y	N	N	N	N	N	N	N	N	N	N	N	0.0000	0.0000	0.0000	0.0000	0.0000	0.0000	0.0000	0.0000	0.0000	0.0000	0.0000	0.0000	0.0000	0.0000	0.0000	0.0000	0.0000	0.0000	0.0000	0.0000	2.0120	0.0001	1.9924	0.0001	0.0000	0.0000	0.0000	0.0000	0.0000	0.0000	0.0000	0.0000	0.0000	0.0000	0.0000	0.0000	0.0000	0.0000	0.0000	0.0000	0.0000	0.0000	0.0014	0.0011	0.0003	0.0007	0.0007	0.0000	0.0007	0.0004	0.0003	0.0000	0.0000	0.0000	0.0000	0.0000	0.0000	0.0000	0.0000	0.0000	0.0000	0.0000	0.0000	0.0000	0.0000	0.0000	0.0000	0.0000	0.0000	0.0000	0.0000	0.0000	0.0000	0.0000	0.0000	0.0000	0.0000	0.0000											
46	111	0.3797	9	2	1	1	0	0	0	0	0	Y	N	N	N	N	N	N	N	N	N	N	N	0.0000	0.0000	0.0000	0.0000	0.0000	0.0000	0.0000	0.0000	0.0000	0.0000	0.0000	0.0000	0.0000	0.0000	0.0000	0.0000	0.0000	0.0000	0.0000	0.0000	0.0000	0.0000	0.0000	0.0000	0.0000	0.0000	7.6111	0.0000	0.0000	2.0120	1.6718	1.9924	2.9223	0.0000	0.0000	0.0000	0.0000	0.0000	0.0000	0.0000	0.0000	0.0000	0.0000	0.0000	0.0000	0.0000	0.0000	0.0000	0.0000	0.0000	0.0000	0.0327	0.0273	0.0054	0.0142	0.0115	0.0028	0.0185	0.0159	0.0027	0.0247	0.0161	0.0086	0.0075	0.0065	0.0011	0.0172	0.0097	0.0075	0.0000	0.0000	0.0000	0.0000	0.0000	0.0000	0.0000	0.0000	0.0000	0.0000	0.0000	0.0000	0.0000	0.0000	0.0000	0.0000	0.0000	0.0000		
46	112	0.2962	8	2	1	1	0	0	0	0	0	Y	N	N	N	N	N	N	N	N	N	N	N	223714.8908	234056.4949	1830.6723	73.9040	79.1549	4.1759	1152240.6579	inf	3353.2616	0.0564	0.0649	0.0004	0.0001	0.0001	0.0000	0.0787	0.0934	0.0004	0.0000	0.0000	0.0000	0.0000	0.0000	0.0000	0.0000	0.0000	0.0000	0.0009	0.4679	-0.0050	-0.0000	2.0120	14.0283	1.9924	7.1084	0.0113	0.0112	0.0000	0.0000	0.0000	0.0000	0.0112	0.0112	0.0000	0.0000	0.0000	0.0000	0.0000	0.0000	0.0000	0.0000	0.0000	0.0000	0.1995	0.1733	0.0262	0.0566	0.0529	0.0037	0.1429	0.1204	0.0225	0.0908	0.0563	0.0345	0.0191	0.0167	0.0024	0.0717	0.0396	0.0321	223714.8908	234056.4949	1830.6723	73.9040	79.1549	4.1759	1152240.6579	inf	3353.2616	0.0000	0.0000	0.0000	0.0000	0.0000	0.0000	0.0000	0.0000	0.0000
46	113	0.2359	7	1	1	0	0	0	0	0	0	N	N	N	N	N	N	N	N	N	N	N	N	3.2847	2.6269	2.7799	0.0239	0.0235	0.0000	32.3992	30.9825	4.5078	0.0002	0.0002	0.0000	0.0000	0.0000	0.0000	0.0002	0.0003	0.0000	0.0000	0.0001	0.0000	0.0001	0.0001	0.0000	0.0000	0.0000	0.0000	0.0160	0.0490	-0.0000	-0.0000	2.0120	8.6129	1.9924	5.1709	0.0000	0.0000	0.0000	0.0000	0.0000	0.0000	0.0000	0.0000	0.0000	0.0000	0.0000	0.0000	0.0000	0.0000	0.0000	0.0000	0.0000	0.0000	0.1563	0.1359	0.0204	0.0419	0.0395	0.0024	0.1144	0.0964	0.0180	0.1109	0.0747	0.0362	0.0375	0.0341	0.0034	0.0734	0.0406	0.0328	3.2847	2.6269	2.7799	0.0239	0.0235	0.0000	32.3992	30.9825	4.5078	0.0000	0.0001	0.0000	0.0001	0.0001	0.0000	0.0000	0.0000	0.0000
46	114	0.1408	6	1	1	0	0	0	0	0	0	N	N	N	N	N	N	N	N	N	N	N	N	0.0317	0.0203	0.1769	0.0212	0.0205	0.0000	0.0359	0.0204	0.1788	0.0031	0.0029	0.0044	0.0028	0.0029	0.0000	0.0031	0.0028	0.0047	0.0972	0.1411	0.0250	0.1304	0.1436	0.0010	0.0876	0.1398	0.0264	0.2585	0.1074	-0.0002	-0.0077	2.0120	16.8607	1.9924	22.7724	0.0007	0.0006	0.0001	0.0001	0.0001	0.0000	0.0006	0.0005	0.0001	0.0214	0.0193	0.0021	0.0064	0.0064	0.0000	0.0149	0.0129	0.0021	0.2364	0.2025	0.0339	0.0361	0.0340	0.0021	0.2003	0.1685	0.0318	0.2198	0.1368	0.0830	0.0494	0.0448	0.0045	0.1704	0.0919	0.0785	0.0317	0.0203	0.1769	0.0212	0.0205	0.0000	0.0359	0.0204	0.1788	0.0972	0.1411	0.0250	0.1304	0.1436	0.0010	0.0876	0.1398	0.0264
46	115	0.5699	11	2	1	1	0	0	0	0	0	Y	N	N	N	N	N	N	N	N	N	N	N	0.0000	0.0000	0.0000	0.0000	0.0000	0.0000	0.0000	0.0000	0.0000	0.0000	0.0000	0.0000	0.0000	0.0000	0.0000	0.0000	0.0000	0.0000	0.0000	0.0000	2.0120	1.0009	1.9924	4.0038	0.0000	0.0000	0.0000	0.0000	0.0000	0.0000	0.0000	0.0000	0.0000	0.0000	0.0000	0.0000	0.0000	0.0000	0.0000	0.0000	0.0000	0.0000	0.0143	0.0124	0.0019	0.0044	0.0041	0.0003	0.0098	0.0083	0.0016	0.0382	0.0270	0.0112	0.0237	0.0191	0.0045	0.0145	0.0079	0.0066	0.0000	0.0000	0.0000	0.0000	0.0000	0.0000	0.0000	0.0000	0.0000	0.0000	0.0000	0.0000	0.0000	0.0000	0.0000	0.0000	0.0000	0.0000											
46	116	0.5416	10	2	1	1	0	0	0	0	0	Y	N	N	N	N	N	N	N	N	N	N	N	0.0002	0.0009	0.0003	0.0000	0.0000	0.0000	0.0002	0.0012	0.0003	0.0001	0.0000	0.0003	0.0000	0.0000	0.0000	0.0001	0.0000	0.0005	0.3586	0.0275	1.0606	0.0182	0.0223	0.0004	0.7385	0.0365	1.5246	2.2000	18.1766	0.0000	0.0105	2.0120	1.8441	1.9924	10.4794	0.0000	0.0000	0.0000	0.0000	0.0000	0.0000	0.0000	0.0000	0.0000	0.0215	0.0011	0.0204	0.0006	0.0006	0.0000	0.0209	0.0005	0.0204	0.0325	0.0276	0.0049	0.0147	0.0126	0.0020	0.0178	0.0150	0.0029	0.0600	0.0408	0.0192	0.0317	0.0258	0.0059	0.0284	0.0150	0.0134	0.0002	0.0009	0.0003	0.0000	0.0000	0.0000	0.0002	0.0012	0.0003	0.3586	0.0275	1.0606	0.0182	0.0223	0.0004	0.7385	0.0365	1.5246
46	117	0.2535	8	1	2	0	1	0	0	0	0	N	Y	N	N	N	N	N	N	N	N	N	N	0.4742	0.3702	0.0334	0.6216	0.5868	0.0002	0.0256	0.0000	0.0920	0.0117	0.0134	0.0000	0.0393	0.0415	0.0000	0.0000	0.0000	0.0000	0.0246	0.0361	0.0005	0.0632	0.0706	0.0023	0.0001	0.0000	0.0002	0.0002	0.0063	-0.0009	-0.0025	2.0120	10.5071	1.9924	20.2622	0.0021	0.0021	0.0000	0.0021	0.0021	0.0000	0.0000	0.0000	0.0000	0.0055	0.0055	0.0000	0.0055	0.0055	0.0000	0.0000	0.0000	0.0000	0.1773	0.1547	0.0226	0.0527	0.0499	0.0027	0.1246	0.1048	0.0198	0.2234	0.1512	0.0721	0.0867	0.0773	0.0094	0.1366	0.0739	0.0627	0.4742	0.3702	0.0334	0.6216	0.5868	0.0002	0.0256	0.0000	0.0920	0.0246	0.0361	0.0005	0.0632	0.0706	0.0023	0.0001	0.0000	0.0002
46	118	0.4897	9	1	2	0	1	0	0	0	0	N	Y	N	N	N	N	N	N	N	N	N	N	0.0000	0.0000	0.0000	0.0000	0.0000	0.0000	0.0000	0.0000	0.0000	0.0000	0.0000	0.0000	0.0000	0.0000	0.0000	0.0005	0.0007	0.0000	0.0007	0.0008	0.0000	0.0003	0.0006	0.0000	0.0000	0.0000	-0.0000	2.0120	4.0036	1.9924	26.5072	0.0000	0.0000	0.0000	0.0000	0.0000	0.0000	0.0000	0.0000	0.0000	0.0001	0.0001	0.0000	0.0000	0.0000	0.0000	0.0000	0.0000	0.0000	0.0497	0.0427	0.0070	0.0123	0.0113	0.0010	0.0374	0.0314	0.0060	0.1226	0.0813	0.0413	0.0597	0.0495	0.0102	0.0629	0.0318	0.0311	0.0000	0.0000	0.0000	0.0000	0.0000	0.0000	0.0000	0.0000	0.0000	0.0005	0.0007	0.0000	0.0007	0.0008	0.0000	0.0003	0.0006	0.0000				
46	119	0.5281	10	1	2	0	0	0	0	0	0	N	Y	N	N	N	N	N	N	N	N	N	N	0.0000	0.0000	0.0000	0.0000	0.0000	0.0000	0.0000	0.0000	0.0000	0.0000	0.0000	0.0000	0.0000	0.0000	0.0000	0.0000	0.0000	0.0000	0.0034	0.0023	0.0057	0.0029	0.0036	0.0000	0.0039	0.0000	0.0080	1.1814	0.0000	0.0000	2.0120	3.8169	1.9924	21.2433	0.0000	0.0000	0.0000	0.0000	0.0000	0.0000	0.0000	0.0000	0.0000	0.0004	0.0002	0.0002	0.0002	0.0002	0.0000	0.0002	0.0000	0.0002	0.0701	0.0621	0.0080	0.0296	0.0281	0.0014	0.0405	0.0339	0.0066	0.1085	0.0732	0.0353	0.0578	0.0476	0.0102	0.0507	0.0256	0.0251	0.0000	0.0000	0.0000	0.0000	0.0000	0.0000	0.0000	0.0000	0.0000	0.0034	0.0023	0.0057	0.0029	0.0036	0.0000	0.0039	0.0000	0.0080	
46	120	0.3070	10	1	2	0	0	0	0	0	0	N	Y	N	N	N	N	N	N	N	N	N	N	616.6972	243.5368	18267.3507	27.1267	24.4815	120053.4190	12397.9117	1285098.2364	18194.6012	6.9986	4.0231	26.2290	0.8456	0.8639	0.5369	9.3876	5.4087	29.6250	0.0113	0.0165	0.0014	0.0312	0.0353	0.0000	0.0008	0.0000	0.0016	1.0088	0.0453	0.1043	-0.0013	2.0120	16.3276	1.9924	34.9199	1.7076	0.8500	0.8575	0.0577	0.0557	0.0020	1.6499	0.7944	0.8555	0.0031	0.0030	0.0001	0.0030	0.0030	0.0000	0.0001	0.0000	0.0001	0.2440	0.2113	0.0327	0.0682	0.0644	0.0038	0.1757	0.1469	0.0289	0.2753	0.1809	0.0944	0.0959	0.0847	0.0112	0.1794	0.0962	0.0832	616.6972	243.5368	18267.3507	27.1267	24.4815	120053.4190	12397.9117	1285098.2364	18194.6012	0.0113	0.0165	0.0014	0.0312	0.0353	0.0000	0.0008	0.0000	0.0016
46	121	0.2896	9	1	2	0	0	0	0	0	0	N	Y	N	N	N	N	N	N	N	N	N	N	42.5839	21.5904	624.4001	17.3937	16.2569	1.1266	41.3495	17.0382	606.5574	3.5840	2.4499	10.7757	0.7827	0.8219	0.0061	4.6897	3.1879	11.9674	0.0842	0.1135	0.0173	0.0450	0.0506	0.0054	0.1134	0.1871	0.0197	0.6936	0.0666	-0.0116	-0.0060	2.0120	6.1757	1.9924	14.5601	0.3678	0.2172	0.1506	0.0227	0.0227	0.0000	0.3451	0.1944	0.1506	0.0152	0.0142	0.0009	0.0035	0.0034	0.0001	0.0117	0.0108	0.0009	0.1026	0.0886	0.0140	0.0290	0.0276	0.0014	0.0736	0.0610	0.0126	0.1803	0.1254	0.0549	0.0771	0.0676	0.0095	0.1032	0.0578	0.0454	42.5839	21.5904	624.4001	17.3937	16.2569	1.1266	41.3495	17.0382	606.5574	0.0842	0.1135	0.0173	0.0450	0.0506	0.0054	0.1134	0.1871	0.0197
46	122	0.2366	8	1	1	0	0	0	0	0	0	N	N	N	N	N	N	N	N	N	N	N	N	6.6899	2.7279	224.6293	5.6026	5.3205	0.2003	9.6920	0.1644	242.0252	0.3739	0.2175	1.4464	0.6150	0.6420	0.0009	0.2697	0.0074	1.6068	0.0559	0.0797	0.0064	0.1098	0.1207	0.0046	0.0278	0.0449	0.0066	0.9697	0.0389	0.0026	-0.0048	2.0120	7.5400	1.9924	21.4192	0.0511	0.0260	0.0252	0.0254	0.0254	0.0000	0.0258	0.0006	0.0252	0.0114	0.0110	0.0004	0.0077	0.0076	0.0000	0.0037	0.0033	0.0004	0.1367	0.1193	0.0174	0.0412	0.0395	0.0017	0.0955	0.0798	0.0157	0.2037	0.1374	0.0663	0.0697	0.0632	0.0065	0.1339	0.0742	0.0597	6.6899	2.7279	224.6293	5.6026	5.3205	0.2003	9.6920	0.1644	242.0252	0.0559	0.0797	0.0064	0.1098	0.1207	0.0046	0.0278	0.0449	0.0066
46	123	0.5636	11	1	2	0	0	0	0	0	0	N	Y	N	N	N	N	N	N	N	N	N	N	0.0000	0.0000	0.0000	0.0000	0.0000	0.0000	0.0000	0.0000	0.0000	0.0000	0.0000	0.0000	0.0000	0.0000	0.0000	0.0000	0.0000	0.0000	0.0000	0.0000	0.0000	0.0000	inf	0.0000	0.0000	2.0120	4.0019	1.9924	19.5615	0.0000	0.0000	0.0000	0.0000	0.0000	0.0000	0.0000	0.0000	0.0000	0.0000	0.0000	0.0000	0.0000	0.0000	0.0000	0.0000	0.0000	0.0000	0.0534	0.0464	0.0071	0.0162	0.0150	0.0012	0.0373	0.0314	0.0058	0.1012	0.0683	0.0330	0.0587	0.0462	0.0125	0.0425	0.0220	0.0205	0.0000	0.0000	0.0000	0.0000	0.0000	0.0000	0.0000	0.0000	0.0000	0.0000	0.0000	0.0000	0.0000	0.0000	0.0000	0.0000	0.0000	0.0000						
46	124	0.5416	10	1	1	0	0	0	0	0	0	N	N	N	N	N	N	N	N	N	N	N	N	0.0000	0.0000	0.0000	0.0000	0.0000	0.0000	0.0000	0.0000	0.0000	0.0000	0.0000	0.0000	0.0000	0.0000	0.0000	0.0000	0.0000	0.0000	0.0119	0.0174	0.0000	0.0222	0.0272	0.0000	0.0000	0.0000	0.0000	0.0002	0.0000	-0.0003	2.0120	1.2223	1.9924	8.2281	0.0000	0.0000	0.0000	0.0000	0.0000	0.0000	0.0000	0.0000	0.0000	0.0006	0.0006	0.0000	0.0006	0.0006	0.0000	0.0000	0.0000	0.0000	0.0243	0.0205	0.0038	0.0122	0.0104	0.0018	0.0120	0.0101	0.0019	0.0492	0.0337	0.0156	0.0264	0.0216	0.0049	0.0228	0.0121	0.0107	0.0000	0.0000	0.0000	0.0000	0.0000	0.0000	0.0000	0.0000	0.0000	0.0119	0.0174	0.0000	0.0222	0.0272	0.0000	0.0000	0.0000	0.0000	
46	125	0.4897	9	1	1	0	0	0	0	0	0	N	N	N	N	N	N	N	N	N	N	N	N	0.0000	0.0000	0.0000	0.0000	0.0000	0.0000	0.0000	0.0000	0.0000	0.0000	0.0000	0.0000	0.0000	0.0000	0.0000	0.0000	0.0000	0.0000	0.0073	0.0013	0.0191	0.0000	0.0000	0.0000	0.0143	0.0034	0.0251	7.4132	0.0000	0.0002	2.0120	5.9920	1.9924	12.2976	0.0000	0.0000	0.0000	0.0000	0.0000	0.0000	0.0000	0.0000	0.0000	0.0006	0.0001	0.0005	0.0000	0.0000	0.0000	0.0006	0.0001	0.0005	0.0738	0.0635	0.0103	0.0183	0.0168	0.0015	0.0555	0.0467	0.0088	0.0809	0.0538	0.0271	0.0398	0.0334	0.0065	0.0411	0.0204	0.0206	0.0000	0.0000	0.0000	0.0000	0.0000	0.0000	0.0000	0.0000	0.0000	0.0073	0.0013	0.0191	0.0000	0.0000	0.0000	0.0143	0.0034	0.0251	
46	126	0.5268	11	1	2	0	0	0	0	0	0	N	Y	N	N	N	N	N	N	N	N	N	N	0.1978	0.0030	1.3561	0.0057	0.0053	0.0000	0.4585	0.0000	1.2927	0.0001	0.0000	0.0010	0.0000	0.0000	0.0000	0.0002	0.0000	0.0013	0.0007	0.0007	0.0008	0.0011	0.0012	0.0000	0.0005	0.0000	0.0010	75.9240	0.5025	0.0000	-0.0000	2.0120	5.0407	1.9924	17.1705	0.0000	0.0000	0.0000	0.0000	0.0000	0.0000	0.0000	0.0000	0.0000	0.0001	0.0000	0.0000	0.0000	0.0000	0.0000	0.0000	0.0000	0.0000	0.0698	0.0602	0.0096	0.0219	0.0203	0.0017	0.0479	0.0399	0.0080	0.1020	0.0693	0.0327	0.0474	0.0404	0.0070	0.0546	0.0289	0.0256	0.1978	0.0030	1.3561	0.0057	0.0053	0.0000	0.4585	0.0000	1.2927	0.0007	0.0007	0.0008	0.0011	0.0012	0.0000	0.0005	0.0000	0.0010
46	127	0.5109	10	1	2	0	0	0	0	0	0	N	Y	N	N	N	N	N	N	N	N	N	N	16.7763	0.1783	43.0098	17.0419	0.8168	61760.6287	13.2674	0.0000	38.7358	0.1199	0.0004	0.8252	0.0215	0.0012	0.3095	0.1642	0.0000	0.9101	0.0071	0.0022	0.0192	0.0013	0.0014	0.0000	0.0124	0.0033	0.0235	354.5418	3.5549	0.0020	0.0001	2.0120	1.9703	1.9924	6.2034	0.0036	0.0000	0.0036	0.0002	0.0000	0.0002	0.0034	0.0000	0.0034	0.0004	0.0001	0.0003	0.0000	0.0000	0.0000	0.0003	0.0000	0.0003	0.0299	0.0256	0.0043	0.0093	0.0087	0.0006	0.0206	0.0169	0.0037	0.0510	0.0362	0.0148	0.0240	0.0213	0.0027	0.0270	0.0149	0.0121	16.7763	0.1783	43.0098	17.0419	0.8168	61760.6287	13.2674	0.0000	38.7358	0.0071	0.0022	0.0192	0.0013	0.0014	0.0000	0.0124	0.0033	0.0235
46	128	0.4897	9	1	1	0	0	0	0	0	0	N	N	N	N	N	N	N	N	N	N	N	N	379.6092	305.3995	1.0219	206424.0352	201315.5182	0.0000	0.0094	0.0000	0.9385	0.2552	0.2972	0.0001	1.0169	1.1054	0.0000	0.0000	0.0000	0.0001	0.0007	0.0010	0.0001	0.0000	0.0000	0.0000	0.0013	0.0027	0.0001	0.0000	0.0331	-0.0016	-0.0000	2.0120	1.1032	1.9924	7.8190	0.0036	0.0036	0.0000	0.0036	0.0036	0.0000	0.0000	0.0000	0.0000	0.0000	0.0000	0.0000	0.0000	0.0000	0.0000	0.0000	0.0000	0.0000	0.0140	0.0120	0.0020	0.0035	0.0032	0.0003	0.0105	0.0088	0.0017	0.0460	0.0308	0.0153	0.0229	0.0196	0.0033	0.0232	0.0112	0.0119	379.6092	305.3995	1.0219	206424.0352	201315.5182	0.0000	0.0094	0.0000	0.9385	0.0007	0.0010	0.0001	0.0000	0.0000	0.0000	0.0013	0.0027	0.0001
46	129	0.2659	9	1	2	0	0	0	0	0	0	N	Y	N	N	N	N	N	N	N	N	N	N	0.0000	0.0000	0.0000	0.0000	0.0000	0.0000	0.0000	0.0000	0.0000	0.0000	0.0000	0.0000	0.0000	0.0000	0.0000	0.0000	0.0000	0.0000	0.0000	0.0000	0.0000	0.0000	inf	0.0000	0.0000	2.0120	1.0033	1.9924	0.8635	0.0000	0.0000	0.0000	0.0000	0.0000	0.0000	0.0000	0.0000	0.0000	0.0000	0.0000	0.0000	0.0000	0.0000	0.0000	0.0000	0.0000	0.0000	0.0521	0.0479	0.0042	0.0278	0.0270	0.0009	0.0243	0.0209	0.0033	0.0650	0.0500	0.0150	0.0345	0.0316	0.0029	0.0305	0.0184	0.0121	0.0000	0.0000	0.0000	0.0000	0.0000	0.0000	0.0000	0.0000	0.0000	0.0000	0.0000	0.0000	0.0000	0.0000	0.0000	0.0000	0.0000	0.0000						
46	130	0.2366	8	1	1	0	0	0	0	0	0	N	N	N	N	N	N	N	N	N	N	N	N	0.0004	0.0005	0.0000	0.0008	0.0010	0.0000	0.0000	0.0000	0.0000	0.0000	0.0000	0.0000	0.0000	0.0000	0.0000	0.0000	0.0000	0.0000	0.0003	0.0004	0.0003	0.0005	0.0005	0.0011	0.0002	0.0002	0.0002	0.0000	0.3262	-0.0000	-0.0000	2.0120	5.5514	1.9924	9.9598	0.0000	0.0000	0.0000	0.0000	0.0000	0.0000	0.0000	0.0000	0.0000	0.0001	0.0000	0.0000	0.0000	0.0000	0.0000	0.0000	0.0000	0.0000	0.1119	0.0981	0.0138	0.0369	0.0355	0.0014	0.0750	0.0626	0.0124	0.1587	0.1126	0.0461	0.0638	0.0587	0.0052	0.0949	0.0540	0.0409	0.0004	0.0005	0.0000	0.0008	0.0010	0.0000	0.0000	0.0000	0.0000	0.0003	0.0004	0.0003	0.0005	0.0005	0.0011	0.0002	0.0002	0.0002
46	131	0.2063	7	1	1	0	0	0	0	0	0	N	N	N	N	N	N	N	N	N	N	N	N	5.2408	2.1744	103.3914	13.2744	12.7703	0.0832	3.1745	0.0285	105.4538	0.3250	0.1876	1.2407	0.6548	0.6839	0.0003	0.2174	0.0032	1.3490	0.0620	0.0863	0.0120	0.0493	0.0536	0.0038	0.0685	0.1140	0.0128	0.9926	0.0675	0.0029	-0.0042	2.0120	9.1969	1.9924	13.4651	0.0503	0.0252	0.0250	0.0249	0.0249	0.0000	0.0254	0.0003	0.0250	0.0106	0.0100	0.0007	0.0029	0.0028	0.0000	0.0078	0.0071	0.0007	0.1547	0.1346	0.0202	0.0381	0.0364	0.0016	0.1167	0.0981	0.0186	0.1715	0.1155	0.0560	0.0580	0.0530	0.0049	0.1135	0.0624	0.0511	5.2408	2.1744	103.3914	13.2744	12.7703	0.0832	3.1745	0.0285	105.4538	0.0620	0.0863	0.0120	0.0493	0.0536	0.0038	0.0685	0.1140	0.0128
46	132	0.5866	13	2	2	0	1	0	0	0	0	Y	Y	N	N	N	N	N	N	N	N	N	N	0.0000	0.0000	0.0000	0.0000	0.0000	0.0000	0.0000	0.0000	0.0000	0.0000	0.0000	0.0000	0.0000	0.0000	0.0000	0.0000	0.0000	0.0000	0.0000	0.0000	2.0120	1.0000	1.9924	3.0001	0.0000	0.0000	0.0000	0.0000	0.0000	0.0000	0.0000	0.0000	0.0000	0.0000	0.0000	0.0000	0.0000	0.0000	0.0000	0.0000	0.0000	0.0000	0.0132	0.0114	0.0018	0.0040	0.0037	0.0003	0.0092	0.0077	0.0015	0.0156	0.0104	0.0052	0.0081	0.0067	0.0014	0.0074	0.0037	0.0037	0.0000	0.0000	0.0000	0.0000	0.0000	0.0000	0.0000	0.0000	0.0000	0.0000	0.0000	0.0000	0.0000	0.0000	0.0000	0.0000	0.0000	0.0000											
46	133	0.0274	3	2	2	0	1	0	0	0	0	Y	Y	N	N	N	N	N	N	N	N	N	N	0.0000	0.0000	0.0000	0.0000	0.0000	0.0000	0.0000	0.0000	0.0000	0.0000	0.0000	0.0000	0.0000	0.0000	0.0000	0.0000	0.0004	0.0005	0.0000	0.0000	0.0000	0.0000	0.0000	0.0000	-0.0000	2.0120	0.0006	1.9924	1.9797	0.0000	0.0000	0.0000	0.0000	0.0000	0.0000	0.0000	0.0000	0.0000	0.0000	0.0000	0.0000	0.0000	0.0000	0.0000	0.0000	0.0000	0.0000	0.0000	0.0000	0.0000	0.0000	0.0000	0.0000	0.0000	0.0000	0.0000	0.0123	0.0069	0.0055	0.0006	0.0006	0.0000	0.0117	0.0063	0.0054	0.0000	0.0000	0.0000	0.0000	0.0000	0.0000	0.0000	0.0000	0.0000	0.0000	0.0000	0.0000	0.0004	0.0005	0.0000	0.0000	0.0000	0.0000						
46	134	0.0106	2	2	2	0	1	0	0	0	0	Y	Y	N	N	N	N	N	N	N	N	N	N	0.2739	0.1748	0.0000	0.1098	0.1104	0.0000	0.0000	0.0000	0.0034	0.0041	0.0000	0.2112	0.2136	0.0000	0.0000	0.0000	0.0000	0.0124	0.0232	0.0000	1.9235	1.9339	0.0000	0.0000	0.0000	0.0000	0.0000	0.0005	-0.0000	-0.0003	2.0120	2.0077	1.9924	6.0321	0.0001	0.0001	0.0000	0.0001	0.0001	0.0000	0.0000	0.0000	0.0000	0.0006	0.0006	0.0000	0.0006	0.0006	0.0000	0.0000	0.0000	0.0000	0.0283	0.0237	0.0046	0.0005	0.0004	0.0000	0.0278	0.0232	0.0046	0.0458	0.0245	0.0214	0.0003	0.0003	0.0000	0.0455	0.0242	0.0214	0.2739	0.1748	0.0000	0.1098	0.1104	0.0000	0.0000	0.0000	0.0000	0.0124	0.0232	0.0000	1.9235	1.9339	0.0000	0.0000	0.0000	0.0000	
46	135	0.0622	6	1	2	0	1	0	0	0	0	N	Y	N	N	N	N	N	N	N	N	N	N	0.0000	0.0000	0.0000	0.0000	0.0000	0.0000	0.0000	0.0000	0.0000	0.0000	0.0000	0.0000	0.0000	0.0000	0.0000	0.0000	0.0000	0.0000	0.0016	0.0027	0.0000	0.0118	0.0130	0.0000	0.0000	0.0000	0.0000	0.0001	0.0000	-0.0001	2.0120	3.0348	1.9924	9.3583	0.0000	0.0000	0.0000	0.0000	0.0000	0.0000	0.0000	0.0000	0.0000	0.0001	0.0001	0.0000	0.0001	0.0001	0.0000	0.0000	0.0000	0.0000	0.0428	0.0361	0.0067	0.0020	0.0019	0.0001	0.0408	0.0342	0.0066	0.0755	0.0443	0.0312	0.0100	0.0092	0.0009	0.0654	0.0351	0.0303	0.0000	0.0000	0.0000	0.0000	0.0000	0.0000	0.0000	0.0000	0.0000	0.0016	0.0027	0.0000	0.0118	0.0130	0.0000	0.0000	0.0000	0.0000	
46	136	0.0479	5	1	1	0	1	0	0	0	0	N	N	N	N	N	N	N	N	N	N	N	N	0.0000	0.0000	0.0000	0.0000	0.0000	0.0000	0.0000	0.0000	0.0000	0.0000	0.0000	0.0000	0.0000	0.0000	0.0000	0.0000	0.0000	0.0344	0.0620	0.0000	0.5329	0.6228	0.0000	0.0017	0.0032	0.0000	0.0000	0.0000	-0.0006	2.0120	0.0433	1.9924	6.6805	0.0000	0.0000	0.0000	0.0000	0.0000	0.0000	0.0000	0.0000	0.0000	0.0013	0.0013	0.0000	0.0012	0.0012	0.0000	0.0001	0.0001	0.0000	0.0007	0.0006	0.0001	0.0001	0.0001	0.0000	0.0006	0.0005	0.0001	0.0372	0.0207	0.0165	0.0023	0.0020	0.0003	0.0349	0.0187	0.0162	0.0000	0.0000	0.0000	0.0000	0.0000	0.0000	0.0000	0.0000	0.0000	0.0344	0.0620	0.0000	0.5329	0.6228	0.0000	0.0017	0.0032	0.0000		
46	137	0.6162	15	1	2	0	1	0	0	0	0	N	Y	N	N	N	N	N	N	N	N	N	N	0.0000	0.0000	0.0000	0.0000	0.0000	0.0000	0.0000	0.0000	0.0000	0.0000	0.0000	0.0000	0.0000	0.0000	0.0000	0.0000	0.0000	0.0000	0.0000	0.0000	2.0120	0.0000	1.9924	0.0000	0.0000	0.0000	0.0000	0.0000	0.0000	0.0000	0.0000	0.0000	0.0000	0.0000	0.0000	0.0000	0.0000	0.0000	0.0000	0.0000	0.0000	0.0000	0.0000	0.0000	0.0000	0.0000	0.0000	0.0000	0.0000	0.0000	0.0000	0.0000	0.0000	0.0000	0.0000	0.0000	0.0000	0.0000	0.0000	0.0000	0.0000	0.0000	0.0000	0.0000	0.0000	0.0000	0.0000	0.0000	0.0000	0.0000	0.0000	0.0000	0.0000	0.0000	0.0000	0.0000	0.0000	0.0000											
46	138	0.6112	14	1	2	0	1	0	0	0	0	N	Y	N	N	N	N	N	N	N	N	N	N	0.0000	0.0000	0.0000	0.0000	0.0000	0.0000	0.0000	0.0000	0.0000	0.0000	0.0000	0.0000	0.0000	0.0001	0.0001	0.0000	0.0001	0.0002	0.0000	0.0000	0.0000	0.0000	0.0000	0.0000	-0.0000	2.0120	0.0021	1.9924	2.0000	0.0000	0.0000	0.0000	0.0000	0.0000	0.0000	0.0000	0.0000	0.0000	0.0000	0.0000	0.0000	0.0000	0.0000	0.0000	0.0000	0.0000	0.0000	0.0001	0.0001	0.0000	0.0001	0.0001	0.0000	0.0000	0.0000	0.0000	0.0080	0.0054	0.0026	0.0042	0.0035	0.0007	0.0037	0.0019	0.0019	0.0000	0.0000	0.0000	0.0000	0.0000	0.0000	0.0000	0.0000	0.0000	0.0001	0.0001	0.0000	0.0001	0.0002	0.0000	0.0000	0.0000	0.0000						
46	139	0.6009	13	1	1	0	1	0	0	0	0	N	N	N	N	N	N	N	N	N	N	N	N	0.0000	0.0000	0.0000	0.0000	0.0000	0.0000	0.0000	0.0000	0.0000	0.0000	0.0000	0.0000	0.0000	0.0809	0.1205	0.0000	0.1565	0.1882	0.0000	0.0000	0.0000	0.0000	0.0000	0.0000	-0.0006	2.0120	1.0020	1.9924	3.0181	0.0000	0.0000	0.0000	0.0000	0.0000	0.0000	0.0000	0.0000	0.0000	0.0013	0.0013	0.0000	0.0013	0.0013	0.0000	0.0000	0.0000	0.0000	0.0132	0.0115	0.0018	0.0040	0.0037	0.0003	0.0092	0.0078	0.0015	0.0156	0.0104	0.0051	0.0080	0.0067	0.0014	0.0075	0.0038	0.0038	0.0000	0.0000	0.0000	0.0000	0.0000	0.0000	0.0000	0.0000	0.0000	0.0809	0.1205	0.0000	0.1565	0.1882	0.0000	0.0000	0.0000	0.0000						
46	140	0.5866	13	1	2	0	0	0	0	0	0	N	Y	N	N	N	N	N	N	N	N	N	N	0.0000	0.0000	0.0000	0.0000	0.0000	0.0000	0.0000	0.0000	0.0000	0.0000	0.0000	0.0000	0.0000	0.0000	0.0000	0.0000	0.0000	0.0000	0.0000	0.0000	2.0120	0.0000	1.9924	4.0001	0.0000	0.0000	0.0000	0.0000	0.0000	0.0000	0.0000	0.0000	0.0000	0.0000	0.0000	0.0000	0.0000	0.0000	0.0000	0.0000	0.0000	0.0000	0.0000	0.0000	0.0000	0.0000	0.0000	0.0000	0.0000	0.0000	0.0000	0.0156	0.0104	0.0052	0.0081	0.0067	0.0014	0.0074	0.0037	0.0037	0.0000	0.0000	0.0000	0.0000	0.0000	0.0000	0.0000	0.0000	0.0000	0.0000	0.0000	0.0000	0.0000	0.0000	0.0000	0.0000	0.0000	0.0000											
46	141	0.0152	3	1	2	0	0	0	0	0	0	N	Y	N	N	N	N	N	N	N	N	N	N	0.1926	0.1238	0.0000	0.3648	0.3608	0.0000	0.0000	0.0001	0.0001	0.0000	0.0140	0.0143	0.0000	0.0000	0.0000	0.0000	0.0006	0.0011	0.0000	0.0384	0.0398	0.0000	0.0000	0.0000	0.0000	0.0000	0.0070	-0.0000	-0.0000	2.0120	1.0003	1.9924	5.0186	0.0000	0.0000	0.0000	0.0000	0.0000	0.0000	0.0000	0.0000	0.0000	0.0000	0.0000	0.0000	0.0000	0.0000	0.0000	0.0000	0.0000	0.0000	0.0139	0.0117	0.0022	0.0001	0.0001	0.0000	0.0138	0.0116	0.0022	0.0351	0.0189	0.0163	0.0005	0.0005	0.0000	0.0346	0.0183	0.0162	0.1926	0.1238	0.0000	0.3648	0.3608	0.0000	0.0000	0.0000	0.0000	0.0006	0.0011	0.0000	0.0384	0.0398	0.0000	0.0000	0.0000	0.0000		
46	142	0.6009	13	1	1	1	1	0	0	0	0	N	N	N	N	N	N	N	N	N	N	N	N	0.0000	0.0000	0.0000	0.0000	0.0000	0.0000	0.0000	0.0000	0.0000	0.0000	0.0000	0.0000	0.0000	0.0000	0.0000	0.0000	0.0030	0.0044	0.0001	0.0057	0.0068	0.0000	0.0001	0.0000	0.0001	0.0088	0.0000	-0.0000	2.0120	0.0001	1.9924	9.0026	0.0000	0.0000	0.0000	0.0000	0.0000	0.0000	0.0000	0.0000	0.0000	0.0001	0.0001	0.0000	0.0001	0.0001	0.0000	0.0000	0.0000	0.0000	0.0000	0.0000	0.0000	0.0000	0.0000	0.0000	0.0000	0.0000	0.0000	0.0342	0.0229	0.0112	0.0176	0.0146	0.0030	0.0166	0.0083	0.0083	0.0000	0.0000	0.0000	0.0000	0.0000	0.0000	0.0000	0.0000	0.0000	0.0030	0.0044	0.0001	0.0057	0.0068	0.0000	0.0001	0.0000	0.0001			
46	143	0.0479	5	1	1	1	1	0	0	0	0	N	N	N	N	N	N	N	N	N	N	N	N	0.0000	0.0000	0.0000	0.0000	0.0000	0.0000	0.0000	0.0000	0.0000	0.0000	0.0000	0.0000	0.0000	0.0000	0.0000	0.0000	0.0000	31.0769	0.0033	115.5773	0.0722	0.0371	0.2676	19.4256	0.0000	92.3546	9939.8071	0.0000	0.5383	2.0120	2.0061	1.9924	8.0425	0.0000	0.0000	0.0000	0.0000	0.0000	0.0000	0.0000	0.0000	0.0000	0.9941	0.0001	0.9940	0.0002	0.0001	0.0001	0.9939	0.0000	0.9939	0.0276	0.0233	0.0043	0.0009	0.0009	0.0001	0.0266	0.0224	0.0042	0.0543	0.0301	0.0242	0.0032	0.0027	0.0005	0.0512	0.0274	0.0238	0.0000	0.0000	0.0000	0.0000	0.0000	0.0000	0.0000	0.0000	0.0000	18.2919	0.0033	41.0128	0.0722	0.0371	0.2676	19.4256	0.0000	41.8462		
46	144	0.0388	4	1	1	0	1	0	0	0	0	N	N	N	N	N	N	N	N	N	N	N	N	0.0000	0.0000	0.0000	0.0000	0.0000	0.0000	0.0000	0.0000	0.0000	0.0000	0.0000	0.0000	0.0000	0.0000	0.0000	0.0000	0.0000	0.0006	0.0000	0.0017	0.0001	0.0001	0.0000	0.0007	0.0000	0.0017	38.4413	0.0000	0.0000	2.0120	1.9550	1.9924	2.1189	0.0000	0.0000	0.0000	0.0000	0.0000	0.0000	0.0000	0.0000	0.0000	0.0000	0.0000	0.0000	0.0000	0.0000	0.0000	0.0000	0.0000	0.0000	0.0291	0.0246	0.0045	0.0018	0.0017	0.0001	0.0273	0.0229	0.0044	0.0353	0.0232	0.0120	0.0073	0.0071	0.0002	0.0280	0.0161	0.0119	0.0000	0.0000	0.0000	0.0000	0.0000	0.0000	0.0000	0.0000	0.0000	0.0006	0.0000	0.0017	0.0001	0.0001	0.0000	0.0007	0.0000	0.0017		
46	145	0.0388	4	1	1	1	1	0	0	0	0	N	N	N	N	N	N	N	N	N	N	N	N	0.0000	0.0000	0.0000	0.0000	0.0000	0.0000	0.0000	0.0000	0.0000	0.0000	0.0000	0.0000	0.0000	0.0000	0.0000	0.0000	0.0020	0.0035	0.0000	0.0227	0.0245	0.0000	0.0000	0.0000	0.0000	0.0001	0.0000	-0.0001	2.0120	2.1261	1.9924	18.6477	0.0000	0.0000	0.0000	0.0000	0.0000	0.0000	0.0000	0.0000	0.0000	0.0002	0.0002	0.0000	0.0002	0.0002	0.0000	0.0000	0.0000	0.0000	0.0314	0.0266	0.0048	0.0018	0.0017	0.0001	0.0296	0.0248	0.0048	0.1190	0.0688	0.0502	0.0105	0.0098	0.0007	0.1085	0.0590	0.0495	0.0000	0.0000	0.0000	0.0000	0.0000	0.0000	0.0000	0.0000	0.0000	0.0020	0.0035	0.0000	0.0227	0.0245	0.0000	0.0000	0.0000	0.0000			
46	146	0.6009	13	1	1	1	1	0	0	0	0	N	N	N	N	N	N	N	N	N	N	N	N	0.0000	0.0000	0.0000	0.0000	0.0000	0.0000	0.0000	0.0000	0.0000	0.0000	0.0000	0.0000	0.0000	0.0000	0.0000	0.0001	0.0000	0.0000	0.0000	0.0001	0.0000	0.0001	inf	0.0000	0.0000	2.0120	2.0001	1.9924	5.9880	0.0000	0.0000	0.0000	0.0000	0.0000	0.0000	0.0000	0.0000	0.0000	0.0000	0.0000	0.0000	0.0000	0.0000	0.0000	0.0000	0.0000	0.0000	0.0263	0.0228	0.0036	0.0080	0.0073	0.0007	0.0183	0.0154	0.0029	0.0304	0.0204	0.0100	0.0157	0.0130	0.0026	0.0147	0.0074	0.0073	0.0000	0.0000	0.0000	0.0000	0.0000	0.0000	0.0000	0.0000	0.0000	0.0000	0.0000	0.0001	0.0000	0.0000	0.0000	0.0001	0.0000	0.0001						
46	147	0.6009	13	1	1	1	1	0	0	0	0	N	N	N	N	N	N	N	N	N	N	N	N	1.3209	0.9012	0.0000	1.0350	0.8658	0.0000	0.0000	0.0000	17.3906	20.0793	0.0000	57.5030	62.6672	0.0000	0.0000	0.0000	0.0000	13.1653	22.2804	0.0073	55.5565	72.3813	0.0268	0.0002	0.0000	0.0004	0.0000	0.0003	-0.8817	-0.4559	2.0120	9.0001	1.9924	23.0169	1.9988	1.9988	0.0000	1.9988	1.9988	0.0000	0.0000	0.0000	0.0000	0.9952	0.9949	0.0003	0.9951	0.9949	0.0003	0.0000	0.0000	0.0000	0.1149	0.0995	0.0154	0.0348	0.0319	0.0029	0.0802	0.0676	0.0125	0.1120	0.0751	0.0370	0.0568	0.0471	0.0097	0.0553	0.0280	0.0273	1.9579	1.5149	0.0000	3.2798	2.9649	0.0000	0.0000	0.0000	0.0000	8.8823	13.2543	0.0073	17.5323	21.1367	0.0268	0.0002	0.0000	0.0004	
46	148	0.5756	12	1	1	0	1	0	0	0	0	N	N	N	N	N	N	N	N	N	N	N	N	0.0000	0.0000	0.0000	0.0000	0.0000	0.0000	0.0000	0.0000	0.0000	0.0000	0.0000	0.0000	0.0000	0.0000	0.0000	0.0000	0.0000	0.0232	0.0001	0.0702	0.0014	0.0001	0.0082	0.0470	0.0000	0.0924	684.2127	0.0000	0.0005	2.0120	1.9990	1.9924	7.9526	0.0000	0.0000	0.0000	0.0000	0.0000	0.0000	0.0000	0.0000	0.0000	0.0010	0.0000	0.0010	0.0000	0.0000	0.0000	0.0009	0.0000	0.0009	0.0265	0.0229	0.0036	0.0081	0.0074	0.0007	0.0184	0.0155	0.0029	0.0421	0.0282	0.0139	0.0220	0.0183	0.0037	0.0201	0.0099	0.0102	0.0000	0.0000	0.0000	0.0000	0.0000	0.0000	0.0000	0.0000	0.0000	0.0232	0.0001	0.0702	0.0014	0.0001	0.0082	0.0470	0.0000	0.0924		
46	149	0.5437	11	2	2	0	0	0	0	0	0	Y	Y	N	N	N	N	N	N	N	N	N	N	0.0000	0.0000	0.0000	0.0000	0.0000	0.0000	0.0000	0.0000	0.0000	0.0000	0.0000	0.0000	0.0000	0.0000	0.0000	0.0000	0.0000	0.0124	0.0183	0.0000	0.0239	0.0286	0.0000	0.0000	0.0000	0.0000	0.0001	0.0000	-0.0005	2.0120	5.3497	1.9924	17.2225	0.0000	0.0000	0.0000	0.0000	0.0000	0.0000	0.0000	0.0000	0.0000	0.0012	0.0012	0.0000	0.0012	0.0012	0.0000	0.0000	0.0000	0.0000	0.0832	0.0718	0.0114	0.0263	0.0247	0.0016	0.0569	0.0472	0.0098	0.0960	0.0653	0.0307	0.0500	0.0417	0.0083	0.0461	0.0236	0.0224	0.0000	0.0000	0.0000	0.0000	0.0000	0.0000	0.0000	0.0000	0.0000	0.0124	0.0183	0.0000	0.0239	0.0286	0.0000	0.0000	0.0000	0.0000		
46	150	0.5745	12	1	2	0	0	0	0	0	0	N	Y	N	N	N	N	N	N	N	N	N	N	0.0346	0.0004	76.8482	0.0399	0.0007	19030.3780	4.4000	0.0000	12.9912	0.0007	0.0000	0.0054	0.0014	0.0000	0.0271	0.0002	0.0000	0.0013	0.0192	0.0274	0.0001	0.0346	0.0411	0.0000	0.0000	0.0000	0.0001	63.2814	0.0011	0.0000	-0.0011	2.0120	3.6794	1.9924	17.4287	0.0001	0.0000	0.0000	0.0000	0.0000	0.0000	0.0000	0.0000	0.0000	0.0023	0.0023	0.0000	0.0023	0.0023	0.0000	0.0000	0.0000	0.0000	0.0765	0.0672	0.0093	0.0296	0.0281	0.0015	0.0470	0.0391	0.0079	0.1215	0.0850	0.0365	0.0673	0.0566	0.0107	0.0542	0.0284	0.0258	0.0346	0.0004	76.8482	0.0399	0.0007	19030.3780	4.4000	0.0000	12.9912	0.0192	0.0274	0.0001	0.0346	0.0411	0.0000	0.0000	0.0000	0.0001
46	151	0.5437	11	1	2	0	0	0	0	0	0	N	Y	N	N	N	N	N	N	N	N	N	N	0.0157	0.0162	0.0020	0.0731	0.0648	0.0000	0.0003	0.0000	0.0016	0.0009	0.0010	0.0001	0.0025	0.0027	0.0000	0.0000	0.0000	0.0001	0.0546	0.0605	0.0413	0.0345	0.0411	0.0001	0.0780	0.0971	0.0574	0.0131	0.3061	-0.0000	-0.0008	2.0120	3.4464	1.9924	10.1316	0.0001	0.0001	0.0000	0.0000	0.0000	0.0000	0.0000	0.0000	0.0000	0.0035	0.0027	0.0008	0.0012	0.0012	0.0000	0.0023	0.0015	0.0008	0.0592	0.0511	0.0081	0.0198	0.0188	0.0011	0.0393	0.0323	0.0070	0.0645	0.0445	0.0200	0.0347	0.0291	0.0056	0.0298	0.0154	0.0144	0.0157	0.0162	0.0020	0.0731	0.0648	0.0000	0.0003	0.0000	0.0016	0.0546	0.0605	0.0413	0.0345	0.0411	0.0001	0.0780	0.0971	0.0574
46	161	0.5942	15	2	2	0	0	0	0	0	0	Y	Y	N	N	N	N	N	N	N	N	N	N	0.0000	0.0000	0.0000	0.0000	0.0000	0.0000	0.0000	0.0000	0.0000	0.0000	0.0000	0.0000	0.0000	0.0000	0.0000	0.0000	0.0000	0.0000	0.0000	0.0000	2.0120	0.0002	1.9924	3.0099	0.0000	0.0000	0.0000	0.0000	0.0000	0.0000	0.0000	0.0000	0.0000	0.0000	0.0000	0.0000	0.0000	0.0000	0.0000	0.0000	0.0000	0.0000	0.0000	0.0000	0.0000	0.0000	0.0000	0.0000	0.0000	0.0000	0.0000	0.0121	0.0082	0.0039	0.0063	0.0052	0.0011	0.0058	0.0029	0.0028	0.0000	0.0000	0.0000	0.0000	0.0000	0.0000	0.0000	0.0000	0.0000	0.0000	0.0000	0.0000	0.0000	0.0000	0.0000	0.0000	0.0000	0.0000											
46	162	0.5866	14	2	2	0	0	0	0	0	0	Y	Y	N	N	N	N	N	N	N	N	N	N	0.0000	0.0000	0.0000	0.0000	0.0000	0.0000	0.0000	0.0000	0.0000	0.0000	0.0000	0.0000	0.0000	0.0000	0.0000	0.0000	0.0000	0.0000	0.0000	0.0000	2.0120	0.9998	1.9924	2.0118	0.0000	0.0000	0.0000	0.0000	0.0000	0.0000	0.0000	0.0000	0.0000	0.0000	0.0000	0.0000	0.0000	0.0000	0.0000	0.0000	0.0000	0.0000	0.0132	0.0114	0.0018	0.0040	0.0037	0.0003	0.0092	0.0077	0.0015	0.0118	0.0079	0.0039	0.0062	0.0051	0.0011	0.0056	0.0028	0.0028	0.0000	0.0000	0.0000	0.0000	0.0000	0.0000	0.0000	0.0000	0.0000	0.0000	0.0000	0.0000	0.0000	0.0000	0.0000	0.0000	0.0000	0.0000											
46	163	0.5866	13	2	2	0	0	0	0	0	0	Y	Y	N	N	N	N	N	N	N	N	N	N	0.0000	0.0000	0.0000	0.0000	0.0000	0.0000	0.0000	0.0000	0.0000	0.0000	0.0000	0.0000	0.0000	0.0000	0.0000	0.0000	0.0000	0.0000	0.0000	0.0000	2.0120	0.0000	1.9924	0.0003	0.0000	0.0000	0.0000	0.0000	0.0000	0.0000	0.0000	0.0000	0.0000	0.0000	0.0000	0.0000	0.0000	0.0000	0.0000	0.0000	0.0000	0.0000	0.0000	0.0000	0.0000	0.0000	0.0000	0.0000	0.0000	0.0000	0.0000	0.0000	0.0000	0.0000	0.0000	0.0000	0.0000	0.0000	0.0000	0.0000	0.0000	0.0000	0.0000	0.0000	0.0000	0.0000	0.0000	0.0000	0.0000	0.0000	0.0000	0.0000	0.0000	0.0000	0.0000	0.0000	0.0000	0.0000											
46	164	0.5756	12	1	2	0	0	0	0	0	0	N	Y	N	N	N	N	N	N	N	N	N	N	0.0000	0.0000	0.0000	0.0000	0.0000	0.0000	0.0000	0.0000	0.0000	0.0000	0.0000	0.0000	0.0000	0.0000	0.0000	0.0000	0.0000	0.0458	0.0000	0.1411	0.0027	0.0001	0.0168	0.0954	0.0000	0.1842	1795.3368	0.0000	0.0005	2.0120	0.0063	1.9924	4.3641	0.0000	0.0000	0.0000	0.0000	0.0000	0.0000	0.0000	0.0000	0.0000	0.0010	0.0000	0.0010	0.0000	0.0000	0.0000	0.0009	0.0000	0.0009	0.0003	0.0002	0.0000	0.0001	0.0001	0.0000	0.0001	0.0001	0.0000	0.0213	0.0144	0.0069	0.0114	0.0096	0.0018	0.0099	0.0048	0.0051	0.0000	0.0000	0.0000	0.0000	0.0000	0.0000	0.0000	0.0000	0.0000	0.0458	0.0000	0.1411	0.0027	0.0001	0.0168	0.0954	0.0000	0.1842		
46	165	0.5437	11	1	1	0	0	0	0	0	0	N	N	N	N	N	N	N	N	N	N	N	N	0.0000	0.0000	0.0000	0.0000	0.0000	0.0000	0.0000	0.0000	0.0000	0.0000	0.0000	0.0000	0.0000	0.0000	0.0000	0.0000	0.0000	0.0000	29.4970	0.0090	138.3908	0.0149	0.0127	0.0264	35.5820	0.0021	172.9499	2610.0029	0.0000	0.5376	2.0120	2.5207	1.9924	10.0226	0.0000	0.0000	0.0000	0.0000	0.0000	0.0000	0.0000	0.0000	0.0000	0.9932	0.0004	0.9928	0.0005	0.0004	0.0001	0.9927	0.0000	0.9927	0.0473	0.0409	0.0064	0.0166	0.0158	0.0008	0.0307	0.0250	0.0056	0.0607	0.0420	0.0187	0.0328	0.0276	0.0053	0.0279	0.0145	0.0134	0.0000	0.0000	0.0000	0.0000	0.0000	0.0000	0.0000	0.0000	0.0000	16.3525	0.0090	53.0928	0.0149	0.0127	0.0264	35.5820	0.0021	73.9965	
46	166	0.5281	10	1	1	0	0	0	0	0	0	N	N	N	N	N	N	N	N	N	N	N	N	0.0000	0.0000	0.0000	0.0000	0.0000	0.0000	0.0000	0.0000	0.0000	0.0000	0.0000	0.0000	0.0000	0.0000	0.0000	0.0000	0.0000	0.0000	0.0314	0.0086	0.0825	0.0066	0.0080	0.0000	0.0671	0.0100	0.1246	4.2651	0.0000	0.0005	2.0120	2.6894	1.9924	4.6619	0.0000	0.0000	0.0000	0.0000	0.0000	0.0000	0.0000	0.0000	0.0000	0.0014	0.0003	0.0011	0.0002	0.0002	0.0000	0.0012	0.0001	0.0011	0.0557	0.0497	0.0060	0.0259	0.0248	0.0011	0.0298	0.0249	0.0049	0.0434	0.0300	0.0134	0.0256	0.0211	0.0045	0.0178	0.0089	0.0089	0.0000	0.0000	0.0000	0.0000	0.0000	0.0000	0.0000	0.0000	0.0000	0.0314	0.0086	0.0825	0.0066	0.0080	0.0000	0.0671	0.0100	0.1246	
46	167	0.4897	9	1	1	0	0	0	0	0	0	N	N	N	N	N	N	N	N	N	N	N	N	0.0000	0.0000	0.0000	0.0000	0.0000	0.0000	0.0000	0.0000	0.0000	0.0000	0.0000	0.0000	0.0000	0.0000	0.0000	0.0000	0.0000	0.0000	0.0031	0.0016	0.0060	0.0000	0.0000	0.0000	0.0061	0.0044	0.0077	1.8338	0.0000	0.0000	2.0120	2.7966	1.9924	8.5340	0.0000	0.0000	0.0000	0.0000	0.0000	0.0000	0.0000	0.0000	0.0000	0.0002	0.0001	0.0001	0.0000	0.0000	0.0000	0.0002	0.0001	0.0001	0.0350	0.0301	0.0049	0.0087	0.0080	0.0007	0.0263	0.0221	0.0042	0.0552	0.0369	0.0184	0.0274	0.0232	0.0041	0.0279	0.0136	0.0142	0.0000	0.0000	0.0000	0.0000	0.0000	0.0000	0.0000	0.0000	0.0000	0.0031	0.0016	0.0060	0.0000	0.0000	0.0000	0.0061	0.0044	0.0077	
47	48	0.1147	7	1	2	0	1	0	0	0	0	N	Y	N	N	N	N	N	N	N	N	N	N	0.0000	0.0000	0.0000	0.0000	0.0000	0.0000	0.0000	0.0000	0.0000	0.0000	0.0000	0.0000	0.0000	0.0118	0.0210	0.0000	0.0949	0.1094	0.0000	0.0000	0.0000	0.0000	0.0000	0.0000	-0.0014	0.0002	6.0036	4.0036	51.7820	0.0000	0.0000	0.0000	0.0000	0.0000	0.0000	0.0000	0.0000	0.0000	0.0030	0.0030	0.0000	0.0030	0.0030	0.0000	0.0000	0.0000	0.0000	0.0000	0.0000	0.0000	0.0000	0.0000	0.0000	0.0000	0.0000	0.0000	0.2500	0.1405	0.1095	0.0311	0.0270	0.0041	0.2189	0.1135	0.1054	0.0000	0.0000	0.0000	0.0000	0.0000	0.0000	0.0000	0.0000	0.0000	0.0118	0.0210	0.0000	0.0949	0.1094	0.0000	0.0000	0.0000	0.0000						
47	49	0.1147	7	2	2	0	0	0	0	0	0	Y	Y	N	N	N	N	N	N	N	N	N	N	0.0000	0.0000	0.0000	0.0000	0.0000	0.0000	0.0000	0.0000	0.0000	0.0000	0.0000	0.0000	0.0000	0.0000	0.0000	0.0000	0.0000	6.2211	0.0001	24.5638	0.0012	0.0005	0.0065	6.0207	0.0000	20.3977	99845.0000	0.0000	0.5408	0.0002	5.9964	4.0036	34.6547	0.0000	0.0000	0.0000	0.0000	0.0000	0.0000	0.0000	0.0000	0.0000	0.9985	0.0000	0.9985	0.0000	0.0000	0.0000	0.9984	0.0000	0.9984	0.0000	0.0000	0.0000	0.0000	0.0000	0.0000	0.0000	0.0000	0.0000	0.1905	0.1070	0.0835	0.0247	0.0216	0.0031	0.1658	0.0854	0.0805	0.0000	0.0000	0.0000	0.0000	0.0000	0.0000	0.0000	0.0000	0.0000	5.2412	0.0001	11.9540	0.0012	0.0005	0.0065	6.0207	0.0000	12.4075		
47	50	0.2042	8	1	1	1	0	0	0	0	0	N	N	N	N	N	N	N	N	N	N	N	N	48.2329	34.9908	0.0000	0.0000	0.0000	0.0000	1614.0132	998760.2306	0.0000	2.1300	2.3059	0.0000	0.0000	0.0000	0.0000	3.3083	3.7232	0.0000	0.0442	0.0659	0.0042	0.1217	0.1435	0.0029	0.0020	0.0000	0.0045	0.0000	0.0348	-0.0001	-0.0068	0.0002	31.2093	4.0036	46.3939	0.0002	0.0002	0.0000	0.0000	0.0000	0.0000	0.0002	0.0002	0.0000	0.0159	0.0154	0.0005	0.0155	0.0154	0.0001	0.0005	0.0000	0.0005	0.0001	0.0001	0.0000	0.0000	0.0000	0.0000	0.0001	0.0001	0.0000	0.3611	0.2338	0.1273	0.1271	0.1074	0.0197	0.2339	0.1264	0.1075	48.2329	34.9908	0.0000	0.0000	0.0000	0.0000	1614.0132	998760.2306	0.0000	0.0442	0.0659	0.0042	0.1217	0.1435	0.0029	0.0020	0.0000	0.0045
47	51	0.1515	8	1	2	0	0	0	0	0	0	N	Y	N	N	N	N	N	N	N	N	N	N	0.0000	0.0000	0.0000	0.0000	0.0000	0.0000	0.0000	0.0000	0.0000	0.0000	0.0000	0.0000	0.0000	0.0000	0.0000	0.0000	0.0000	0.0000	0.0146	0.0222	0.0000	0.0375	0.0425	0.0000	0.0000	0.0000	0.0000	0.0000	0.0000	-0.0010	0.0002	4.1516	4.0036	14.5664	0.0000	0.0000	0.0000	0.0000	0.0000	0.0000	0.0000	0.0000	0.0000	0.0023	0.0023	0.0000	0.0023	0.0023	0.0000	0.0000	0.0000	0.0000	0.0000	0.0000	0.0000	0.0000	0.0000	0.0000	0.0000	0.0000	0.0000	0.1549	0.1017	0.0532	0.0604	0.0532	0.0072	0.0945	0.0485	0.0460	0.0000	0.0000	0.0000	0.0000	0.0000	0.0000	0.0000	0.0000	0.0000	0.0146	0.0222	0.0000	0.0375	0.0425	0.0000	0.0000	0.0000	0.0000	
47	52	0.2320	10	2	1	1	0	0	0	0	0	Y	N	N	N	N	N	N	N	N	N	N	N	0.0000	0.0000	0.0000	0.0000	0.0000	0.0000	0.0000	0.0000	0.0000	0.0000	0.0000	0.0000	0.0000	0.0000	0.0000	0.0000	0.0000	0.0000	0.0000	0.0000	0.0002	0.0028	4.0036	0.9232	0.0000	0.0000	0.0000	0.0000	0.0000	0.0000	0.0000	0.0000	0.0000	0.0000	0.0000	0.0000	0.0000	0.0000	0.0000	0.0000	0.0000	0.0000	0.0000	0.0000	0.0000	0.0000	0.0000	0.0000	0.0000	0.0000	0.0000	0.0071	0.0047	0.0023	0.0024	0.0022	0.0003	0.0047	0.0026	0.0021	0.0000	0.0000	0.0000	0.0000	0.0000	0.0000	0.0000	0.0000	0.0000	0.0000	0.0000	0.0000	0.0000	0.0000	0.0000	0.0000	0.0000	0.0000											
47	53	0.6113	14	1	2	0	0	0	0	0	0	N	Y	N	N	N	N	N	N	N	N	N	N	0.0000	0.0000	0.0000	0.0000	0.0000	0.0000	0.0000	0.0000	0.0000	0.0000	0.0000	0.0000	0.0000	0.0000	0.0000	0.0000	0.0000	0.0000	0.0088	0.0130	0.0000	0.0153	0.0186	0.0000	0.0000	0.0000	0.0000	0.0003	0.0000	-0.0006	0.0002	8.5400	4.0036	19.3759	0.0000	0.0000	0.0000	0.0000	0.0000	0.0000	0.0000	0.0000	0.0000	0.0014	0.0014	0.0000	0.0014	0.0014	0.0000	0.0000	0.0000	0.0000	0.0000	0.0000	0.0000	0.0000	0.0000	0.0000	0.0000	0.0000	0.0000	0.1605	0.1084	0.0521	0.0923	0.0760	0.0162	0.0682	0.0324	0.0359	0.0000	0.0000	0.0000	0.0000	0.0000	0.0000	0.0000	0.0000	0.0000	0.0088	0.0130	0.0000	0.0153	0.0186	0.0000	0.0000	0.0000	0.0000	
47	54	0.5482	13	1	1	0	0	0	0	0	0	N	N	N	N	N	N	N	N	N	N	N	N	0.0000	0.0000	0.0000	0.0000	0.0000	0.0000	0.0000	0.0000	0.0000	0.0000	0.0000	0.0000	0.0000	0.0000	0.0000	0.0000	0.0000	0.0000	0.0122	0.0170	0.0019	0.0092	0.0111	0.0000	0.0157	0.0282	0.0027	0.0532	0.0000	-0.0010	0.0002	7.3474	4.0036	24.2346	0.0000	0.0000	0.0000	0.0000	0.0000	0.0000	0.0000	0.0000	0.0000	0.0024	0.0022	0.0001	0.0010	0.0010	0.0000	0.0014	0.0013	0.0001	0.0000	0.0000	0.0000	0.0000	0.0000	0.0000	0.0000	0.0000	0.0000	0.1943	0.1320	0.0623	0.1041	0.0862	0.0178	0.0902	0.0458	0.0445	0.0000	0.0000	0.0000	0.0000	0.0000	0.0000	0.0000	0.0000	0.0000	0.0122	0.0170	0.0019	0.0092	0.0111	0.0000	0.0157	0.0282	0.0027	
47	55	0.5184	12	1	1	0	0	0	0	0	0	N	N	N	N	N	N	N	N	N	N	N	N	0.0000	0.0000	0.0000	0.0000	0.0000	0.0000	0.0000	0.0000	0.0000	0.0000	0.0000	0.0000	0.0000	0.0000	0.0000	0.0000	0.0000	0.0000	0.0211	0.0279	0.0049	0.0282	0.0331	0.0000	0.0127	0.0181	0.0067	0.0745	0.0000	-0.0013	0.0002	3.4216	4.0036	15.9376	0.0000	0.0000	0.0000	0.0000	0.0000	0.0000	0.0000	0.0000	0.0000	0.0034	0.0032	0.0002	0.0025	0.0025	0.0000	0.0010	0.0007	0.0002	0.0000	0.0000	0.0000	0.0000	0.0000	0.0000	0.0000	0.0000	0.0000	0.1634	0.1147	0.0487	0.0881	0.0752	0.0129	0.0753	0.0395	0.0358	0.0000	0.0000	0.0000	0.0000	0.0000	0.0000	0.0000	0.0000	0.0000	0.0211	0.0279	0.0049	0.0282	0.0331	0.0000	0.0127	0.0181	0.0067	
47	56	0.2351	8	1	2	0	0	0	0	0	0	N	Y	N	N	N	N	N	N	N	N	N	N	0.0000	0.0000	0.0000	0.0000	0.0000	0.0000	0.0000	0.0000	0.0000	0.0000	0.0000	0.0000	0.0000	0.0000	0.0000	0.0000	0.0000	0.0000	16.2337	9.2707	42.9850	3.3924	3.9824	0.1077	18.3478	12.6128	47.5457	1.1743	0.0000	0.1476	0.0002	0.9891	4.0036	20.6926	0.0000	0.0000	0.0000	0.0000	0.0000	0.0000	0.0000	0.0000	0.0000	1.8061	0.8307	0.9754	0.2850	0.2836	0.0014	1.5211	0.5471	0.9740	0.0000	0.0000	0.0000	0.0000	0.0000	0.0000	0.0000	0.0000	0.0000	0.1683	0.1146	0.0537	0.0840	0.0712	0.0128	0.0843	0.0434	0.0409	0.0000	0.0000	0.0000	0.0000	0.0000	0.0000	0.0000	0.0000	0.0000	10.7329	7.2494	18.1673	3.3924	3.9824	0.1077	18.0495	12.6128	23.8150	
47	57	0.1147	7	1	1	0	0	0	0	0	0	N	N	N	N	N	N	N	N	N	N	N	N	0.0000	0.0000	0.0000	0.0000	0.0000	0.0000	0.0000	0.0000	0.0000	0.0000	0.0000	0.0000	0.0000	0.0000	0.0000	0.0000	0.0000	0.0000	2.3326	1.6368	3.2240	0.1148	0.1300	0.0098	2.6584	2.0118	3.3469	1.5378	0.0000	0.0703	0.0002	5.0326	4.0036	39.3193	0.0000	0.0000	0.0000	0.0000	0.0000	0.0000	0.0000	0.0000	0.0000	0.4760	0.1876	0.2884	0.0030	0.0030	0.0000	0.4730	0.1846	0.2884	0.0000	0.0000	0.0000	0.0000	0.0000	0.0000	0.0000	0.0000	0.0000	0.2041	0.1146	0.0895	0.0261	0.0228	0.0033	0.1779	0.0918	0.0862	0.0000	0.0000	0.0000	0.0000	0.0000	0.0000	0.0000	0.0000	0.0000	2.3326	1.6368	3.2240	0.1148	0.1300	0.0098	2.6584	2.0118	3.3469	
47	58	0.1147	7	1	2	0	1	0	0	0	0	N	Y	N	N	N	N	N	N	N	N	N	N	0.0000	0.0000	0.0000	0.0000	0.0000	0.0000	0.0000	0.0000	0.0000	0.0000	0.0000	0.0000	0.0000	0.0000	0.0000	6.0529	0.0000	23.8479	0.0008	0.0000	0.0064	5.8943	0.0000	19.7396	inf	0.0000	0.5408	0.0002	5.0036	4.0036	36.7244	0.0000	0.0000	0.0000	0.0000	0.0000	0.0000	0.0000	0.0000	0.0000	0.9985	0.0000	0.9985	0.0000	0.0000	0.0000	0.9984	0.0000	0.9984	0.0000	0.0000	0.0000	0.0000	0.0000	0.0000	0.0000	0.0000	0.0000	0.1945	0.1092	0.0853	0.0251	0.0220	0.0031	0.1694	0.0872	0.0821	0.0000	0.0000	0.0000	0.0000	0.0000	0.0000	0.0000	0.0000	0.0000	5.1337	0.0000	11.7088	0.0008	0.0000	0.0064	5.8943	0.0000	12.1540				
47	59	0.4988	12	1	2	0	1	0	0	0	0	N	Y	N	N	N	N	N	N	N	N	N	N	0.0000	0.0000	0.0000	0.0000	0.0000	0.0000	0.0000	0.0000	0.0000	0.0000	0.0000	0.0000	0.0000	0.0000	0.0000	0.0000	0.0000	0.0003	0.0004	0.0000	0.0005	0.0006	0.0000	0.0000	0.0000	0.0000	0.0005	0.0000	-0.0000	0.0002	10.4254	4.0036	21.2017	0.0000	0.0000	0.0000	0.0000	0.0000	0.0000	0.0000	0.0000	0.0000	0.0001	0.0001	0.0000	0.0001	0.0001	0.0000	0.0000	0.0000	0.0000	0.0000	0.0000	0.0000	0.0000	0.0000	0.0000	0.0000	0.0000	0.0000	0.2377	0.1654	0.0723	0.1318	0.1088	0.0230	0.1059	0.0566	0.0493	0.0000	0.0000	0.0000	0.0000	0.0000	0.0000	0.0000	0.0000	0.0000	0.0003	0.0004	0.0000	0.0005	0.0006	0.0000	0.0000	0.0000	0.0000		
47	60	0.2320	10	2	1	1	0	0	0	0	0	Y	N	N	N	N	N	N	N	N	N	N	N	0.0000	0.0000	0.0000	0.0000	0.0000	0.0000	0.0000	0.0000	0.0000	0.0000	0.0000	0.0000	0.0000	0.0000	0.0000	0.0000	0.0000	0.0000	0.0000	0.0000	0.0002	1.9981	4.0036	3.0867	0.0000	0.0000	0.0000	0.0000	0.0000	0.0000	0.0000	0.0000	0.0000	0.0000	0.0000	0.0000	0.0000	0.0000	0.0000	0.0000	0.0000	0.0000	0.0000	0.0000	0.0000	0.0000	0.0000	0.0000	0.0000	0.0000	0.0000	0.0286	0.0174	0.0113	0.0082	0.0068	0.0014	0.0204	0.0105	0.0099	0.0000	0.0000	0.0000	0.0000	0.0000	0.0000	0.0000	0.0000	0.0000	0.0000	0.0000	0.0000	0.0000	0.0000	0.0000	0.0000	0.0000	0.0000											
47	61	0.1886	9	2	1	1	0	0	0	0	0	Y	N	N	N	N	N	N	N	N	N	N	N	0.0000	0.0000	0.0000	0.0000	0.0000	0.0000	0.0000	0.0000	0.0000	0.0000	0.0000	0.0000	0.0000	0.0000	0.0000	0.0000	0.0000	0.0000	0.0000	-0.0000	0.0002	4.0039	4.0036	14.0733	0.0000	0.0000	0.0000	0.0000	0.0000	0.0000	0.0000	0.0000	0.0000	0.0000	0.0000	0.0000	0.0000	0.0000	0.0000	0.0000	0.0000	0.0000	0.0000	0.0000	0.0000	0.0000	0.0000	0.0000	0.0000	0.0000	0.0000	0.1053	0.0640	0.0414	0.0264	0.0227	0.0038	0.0789	0.0413	0.0376	0.0000	0.0000	0.0000	0.0000	0.0000	0.0000	0.0000	0.0000	0.0000	0.0000	0.0000	0.0000	0.0000	0.0000	0.0000	0.0000	0.0000	0.0000											
47	62	0.2080	10	2	1	1	0	0	0	0	0	Y	N	N	N	N	N	N	N	N	N	N	N	0.0000	0.0000	0.0000	0.0000	0.0000	0.0000	0.0000	0.0000	0.0000	0.0000	0.0000	0.0000	0.0000	0.0000	0.0000	0.0000	0.0000	15.7278	34.6917	0.0000	311.2973	341.1715	0.0000	0.0000	0.0000	0.0000	0.0000	0.0000	-0.4555	0.0002	0.0060	4.0036	17.2393	0.0000	0.0000	0.0000	0.0000	0.0000	0.0000	0.0000	0.0000	0.0000	0.9938	0.9938	0.0000	0.9938	0.9938	0.0000	0.0000	0.0000	0.0000	0.0000	0.0000	0.0000	0.0000	0.0000	0.0000	0.0000	0.0000	0.0000	0.0944	0.0556	0.0388	0.0242	0.0203	0.0039	0.0702	0.0353	0.0349	0.0000	0.0000	0.0000	0.0000	0.0000	0.0000	0.0000	0.0000	0.0000	10.5277	17.8893	0.0000	41.1003	49.0637	0.0000	0.0000	0.0000	0.0000		
47	63	0.1515	8	1	1	1	0	0	0	0	0	N	N	N	N	N	N	N	N	N	N	N	N	0.0000	0.0000	0.0000	0.0000	0.0000	0.0000	0.0000	0.0000	0.0000	0.0000	0.0000	0.0000	0.0000	0.0000	0.0000	0.0000	0.0000	0.0000	0.0020	0.0030	0.0000	0.0047	0.0053	0.0000	0.0000	0.0000	0.0000	0.0003	0.0000	-0.0001	0.0002	1.0230	4.0036	12.1924	0.0000	0.0000	0.0000	0.0000	0.0000	0.0000	0.0000	0.0000	0.0000	0.0003	0.0003	0.0000	0.0003	0.0003	0.0000	0.0000	0.0000	0.0000	0.0000	0.0000	0.0000	0.0000	0.0000	0.0000	0.0000	0.0000	0.0000	0.1329	0.0897	0.0432	0.0570	0.0506	0.0064	0.0759	0.0391	0.0368	0.0000	0.0000	0.0000	0.0000	0.0000	0.0000	0.0000	0.0000	0.0000	0.0020	0.0030	0.0000	0.0047	0.0053	0.0000	0.0000	0.0000	0.0000	
47	64	0.1147	7	1	1	0	0	0	0	0	0	N	N	N	N	N	N	N	N	N	N	N	N	0.0000	0.0000	0.0000	0.0000	0.0000	0.0000	0.0000	0.0000	0.0000	0.0000	0.0000	0.0000	0.0000	0.0000	0.0000	0.0000	0.0000	0.0000	0.0270	0.0451	0.0032	0.0000	0.0000	0.0000	0.0321	0.0603	0.0033	0.0544	0.0000	-0.0009	0.0002	2.4556	4.0036	12.4191	0.0000	0.0000	0.0000	0.0000	0.0000	0.0000	0.0000	0.0000	0.0000	0.0023	0.0021	0.0001	0.0000	0.0000	0.0000	0.0023	0.0021	0.0001	0.0000	0.0000	0.0000	0.0000	0.0000	0.0000	0.0000	0.0000	0.0000	0.0838	0.0476	0.0362	0.0132	0.0120	0.0012	0.0706	0.0356	0.0350	0.0000	0.0000	0.0000	0.0000	0.0000	0.0000	0.0000	0.0000	0.0000	0.0270	0.0451	0.0032	0.0000	0.0000	0.0000	0.0321	0.0603	0.0033	
47	65	0.2370	9	1	2	0	0	0	0	0	0	N	Y	N	N	N	N	N	N	N	N	N	N	0.0000	0.0000	0.0000	0.0000	0.0000	0.0000	0.0000	0.0000	0.0000	0.0000	0.0000	0.0000	0.0000	0.0000	0.0000	0.0000	0.0000	0.0000	17.2416	0.0006	94.4399	0.0914	0.0012	0.6725	18.8315	0.0000	90.8637	27442.9207	0.0000	0.5243	0.0002	1.7555	4.0036	11.9300	0.0000	0.0000	0.0000	0.0000	0.0000	0.0000	0.0000	0.0000	0.0000	0.9681	0.0000	0.9681	0.0030	0.0000	0.0030	0.9652	0.0000	0.9652	0.0000	0.0000	0.0000	0.0000	0.0000	0.0000	0.0000	0.0000	0.0000	0.0845	0.0565	0.0280	0.0327	0.0283	0.0044	0.0518	0.0282	0.0236	0.0000	0.0000	0.0000	0.0000	0.0000	0.0000	0.0000	0.0000	0.0000	11.4622	0.0006	34.5958	0.0914	0.0012	0.6725	18.6453	0.0000	40.9116	
47	66	0.2161	11	2	2	1	0	0	0	0	0	Y	Y	N	N	N	N	N	N	N	N	N	N	0.0000	0.0000	0.0000	0.0000	0.0000	0.0000	0.0000	0.0000	0.0000	0.0000	0.0000	0.0000	0.0000	0.0000	0.0000	0.0000	0.0000	0.0000	0.0000	0.0000	0.0002	0.0000	4.0036	0.0000	0.0000	0.0000	0.0000	0.0000	0.0000	0.0000	0.0000	0.0000	0.0000	0.0000	0.0000	0.0000	0.0000	0.0000	0.0000	0.0000	0.0000	0.0000	0.0000	0.0000	0.0000	0.0000	0.0000	0.0000	0.0000	0.0000	0.0000	0.0000	0.0000	0.0000	0.0000	0.0000	0.0000	0.0000	0.0000	0.0000	0.0000	0.0000	0.0000	0.0000	0.0000	0.0000	0.0000	0.0000	0.0000	0.0000	0.0000	0.0000	0.0000	0.0000	0.0000	0.0000	0.0000	0.0000											
47	67	0.7206	14	2	2	1	0	0	0	0	0	Y	Y	N	N	N	N	N	N	N	N	N	N	0.0000	0.0000	0.0000	0.0000	0.0000	0.0000	0.0000	0.0000	0.0000	0.0000	0.0000	0.0000	0.0000	0.0000	0.0000	0.0000	0.0000	0.0000	0.0000	0.0000	0.0002	1.0000	4.0036	3.0000	0.0000	0.0000	0.0000	0.0000	0.0000	0.0000	0.0000	0.0000	0.0000	0.0000	0.0000	0.0000	0.0000	0.0000	0.0000	0.0000	0.0000	0.0000	0.0000	0.0000	0.0000	0.0000	0.0000	0.0000	0.0000	0.0000	0.0000	0.0162	0.0115	0.0048	0.0106	0.0086	0.0020	0.0056	0.0029	0.0028	0.0000	0.0000	0.0000	0.0000	0.0000	0.0000	0.0000	0.0000	0.0000	0.0000	0.0000	0.0000	0.0000	0.0000	0.0000	0.0000	0.0000	0.0000											
47	68	0.2161	11	2	2	1	0	0	0	0	0	Y	Y	N	N	N	N	N	N	N	N	N	N	0.0000	0.0000	0.0000	0.0000	0.0000	0.0000	0.0000	0.0000	0.0000	0.0000	0.0000	0.0000	0.0000	0.0000	0.0000	0.0000	0.0000	0.0000	0.0000	0.0000	0.0002	1.0000	4.0036	0.0000	0.0000	0.0000	0.0000	0.0000	0.0000	0.0000	0.0000	0.0000	0.0000	0.0000	0.0000	0.0000	0.0000	0.0000	0.0000	0.0000	0.0000	0.0000	0.0000	0.0000	0.0000	0.0000	0.0000	0.0000	0.0000	0.0000	0.0000	0.0055	0.0030	0.0025	0.0006	0.0005	0.0001	0.0049	0.0025	0.0024	0.0000	0.0000	0.0000	0.0000	0.0000	0.0000	0.0000	0.0000	0.0000	0.0000	0.0000	0.0000	0.0000	0.0000	0.0000	0.0000	0.0000	0.0000											
47	69	0.1996	10	2	2	1	0	0	0	0	0	Y	Y	N	N	N	N	N	N	N	N	N	N	0.0000	0.0000	0.0000	0.0000	0.0000	0.0000	0.0000	0.0000	0.0000	0.0000	0.0000	0.0000	0.0000	0.0000	0.0000	0.0000	0.0000	0.0105	0.0188	0.0000	0.0750	0.0840	0.0000	0.0000	0.0000	0.0000	0.0000	0.0000	-0.0002	0.0002	1.0155	4.0036	5.9708	0.0000	0.0000	0.0000	0.0000	0.0000	0.0000	0.0000	0.0000	0.0000	0.0004	0.0004	0.0000	0.0004	0.0004	0.0000	0.0000	0.0000	0.0000	0.0000	0.0000	0.0000	0.0000	0.0000	0.0000	0.0000	0.0000	0.0000	0.0388	0.0217	0.0171	0.0054	0.0049	0.0006	0.0334	0.0168	0.0165	0.0000	0.0000	0.0000	0.0000	0.0000	0.0000	0.0000	0.0000	0.0000	0.0105	0.0188	0.0000	0.0750	0.0840	0.0000	0.0000	0.0000	0.0000		
47	70	0.1949	9	2	1	1	0	0	0	0	0	Y	N	N	N	N	N	N	N	N	N	N	N	0.0000	0.0000	0.0000	0.0000	0.0000	0.0000	0.0000	0.0000	0.0000	0.0000	0.0000	0.0000	0.0000	0.0000	0.0000	0.0000	0.0000	0.0000	0.3294	0.4950	0.0300	0.9338	0.9562	0.0026	0.0207	0.0096	0.0307	0.0335	0.0000	-0.0042	0.0002	0.0406	4.0036	2.3361	0.0000	0.0000	0.0000	0.0000	0.0000	0.0000	0.0000	0.0000	0.0000	0.0097	0.0094	0.0003	0.0093	0.0093	0.0000	0.0004	0.0001	0.0003	0.0000	0.0000	0.0000	0.0000	0.0000	0.0000	0.0000	0.0000	0.0000	0.0296	0.0190	0.0105	0.0100	0.0098	0.0002	0.0196	0.0093	0.0103	0.0000	0.0000	0.0000	0.0000	0.0000	0.0000	0.0000	0.0000	0.0000	0.3294	0.4950	0.0300	0.9338	0.9562	0.0026	0.0207	0.0096	0.0307	
47	71	0.7206	14	2	2	1	0	0	0	0	0	Y	Y	N	N	N	N	N	N	N	N	N	N	0.0000	0.0000	0.0000	0.0000	0.0000	0.0000	0.0000	0.0000	0.0000	0.0000	0.0000	0.0000	0.0000	0.0000	0.0000	0.0000	0.0000	0.0000	0.0000	0.0000	0.0002	0.0000	4.0036	0.0000	0.0000	0.0000	0.0000	0.0000	0.0000	0.0000	0.0000	0.0000	0.0000	0.0000	0.0000	0.0000	0.0000	0.0000	0.0000	0.0000	0.0000	0.0000	0.0000	0.0000	0.0000	0.0000	0.0000	0.0000	0.0000	0.0000	0.0000	0.0000	0.0000	0.0000	0.0000	0.0000	0.0000	0.0000	0.0000	0.0000	0.0000	0.0000	0.0000	0.0000	0.0000	0.0000	0.0000	0.0000	0.0000	0.0000	0.0000	0.0000	0.0000	0.0000	0.0000	0.0000	0.0000	0.0000											
47	72	0.7025	13	2	2	1	0	0	0	0	0	Y	Y	N	N	N	N	N	N	N	N	N	N	0.0000	0.0000	0.0000	0.0000	0.0000	0.0000	0.0000	0.0000	0.0000	0.0000	0.0000	0.0000	0.0000	0.0001	0.0002	0.0000	0.0001	0.0002	0.0000	0.0000	0.0000	0.0000	0.0000	0.0000	-0.0000	0.0002	3.9057	4.0036	1.1104	0.0000	0.0000	0.0000	0.0000	0.0000	0.0000	0.0000	0.0000	0.0000	0.0000	0.0000	0.0000	0.0000	0.0000	0.0000	0.0000	0.0000	0.0000	0.0000	0.0000	0.0000	0.0000	0.0000	0.0000	0.0000	0.0000	0.0000	0.0282	0.0202	0.0080	0.0210	0.0166	0.0044	0.0072	0.0036	0.0036	0.0000	0.0000	0.0000	0.0000	0.0000	0.0000	0.0000	0.0000	0.0000	0.0001	0.0002	0.0000	0.0001	0.0002	0.0000	0.0000	0.0000	0.0000						
47	73	0.4998	11	2	2	0	0	0	0	0	0	Y	Y	N	N	N	N	N	N	N	N	N	N	0.0000	0.0000	0.0000	0.0000	0.0000	0.0000	0.0000	0.0000	0.0000	0.0000	0.0000	0.0000	0.0000	0.0000	0.0000	0.0000	0.0000	0.0000	0.0109	0.0157	0.0000	0.0206	0.0242	0.0000	0.0000	0.0000	0.0000	0.0002	0.0000	-0.0007	0.0002	6.9070	4.0036	16.5673	0.0000	0.0000	0.0000	0.0000	0.0000	0.0000	0.0000	0.0000	0.0000	0.0015	0.0015	0.0000	0.0015	0.0015	0.0000	0.0000	0.0000	0.0000	0.0000	0.0000	0.0000	0.0000	0.0000	0.0000	0.0000	0.0000	0.0000	0.1357	0.0944	0.0413	0.0720	0.0613	0.0108	0.0637	0.0332	0.0305	0.0000	0.0000	0.0000	0.0000	0.0000	0.0000	0.0000	0.0000	0.0000	0.0109	0.0157	0.0000	0.0206	0.0242	0.0000	0.0000	0.0000	0.0000	
47	74	0.5636	13	1	2	0	1	0	0	0	0	N	Y	N	N	N	N	N	N	N	N	N	N	0.0000	0.0000	0.0000	0.0000	0.0000	0.0000	0.0000	0.0000	0.0000	0.0000	0.0000	0.0000	0.0000	0.0000	0.0000	0.0000	0.0000	11.0972	0.0002	60.2992	0.0493	0.0003	0.3117	18.1100	0.0000	76.6957	48866.5512	0.0000	0.5285	0.0002	6.4226	4.0036	19.3377	0.0000	0.0000	0.0000	0.0000	0.0000	0.0000	0.0000	0.0000	0.0000	0.9758	0.0000	0.9758	0.0035	0.0000	0.0034	0.9724	0.0000	0.9724	0.0000	0.0000	0.0000	0.0000	0.0000	0.0000	0.0000	0.0000	0.0000	0.1255	0.0872	0.0383	0.0700	0.0590	0.0110	0.0554	0.0281	0.0273	0.0000	0.0000	0.0000	0.0000	0.0000	0.0000	0.0000	0.0000	0.0000	7.7784	0.0002	25.4797	0.0493	0.0003	0.3117	17.5502	0.0000	35.6398		
47	75	0.5184	12	1	1	0	1	0	0	0	0	N	N	N	N	N	N	N	N	N	N	N	N	0.0000	0.0000	0.0000	0.0000	0.0000	0.0000	0.0000	0.0000	0.0000	0.0000	0.0000	0.0000	0.0000	0.0000	0.0000	0.0000	0.0000	0.0000	0.1468	0.0473	0.3778	0.0263	0.0307	0.0014	0.2860	0.0783	0.5154	3.4401	0.0000	0.0081	0.0002	5.1932	4.0036	17.4397	0.0000	0.0000	0.0000	0.0000	0.0000	0.0000	0.0000	0.0000	0.0000	0.0256	0.0058	0.0198	0.0025	0.0024	0.0000	0.0231	0.0033	0.0198	0.0000	0.0000	0.0000	0.0000	0.0000	0.0000	0.0000	0.0000	0.0000	0.1743	0.1218	0.0525	0.0934	0.0794	0.0141	0.0809	0.0425	0.0384	0.0000	0.0000	0.0000	0.0000	0.0000	0.0000	0.0000	0.0000	0.0000	0.1468	0.0473	0.3778	0.0263	0.0307	0.0014	0.2860	0.0783	0.5154	
47	76	0.4815	11	1	1	0	0	0	0	0	0	N	N	N	N	N	N	N	N	N	N	N	N	0.0000	0.0000	0.0000	0.0000	0.0000	0.0000	0.0000	0.0000	0.0000	0.0000	0.0000	0.0000	0.0000	0.0000	0.0000	0.0000	0.0000	0.0000	0.0382	0.0426	0.0279	0.0458	0.0549	0.0003	0.0286	0.0184	0.0403	0.2777	0.0000	-0.0018	0.0002	4.4918	4.0036	17.5337	0.0000	0.0000	0.0000	0.0000	0.0000	0.0000	0.0000	0.0000	0.0000	0.0075	0.0059	0.0016	0.0050	0.0050	0.0000	0.0025	0.0009	0.0016	0.0000	0.0000	0.0000	0.0000	0.0000	0.0000	0.0000	0.0000	0.0000	0.1961	0.1377	0.0584	0.1096	0.0914	0.0182	0.0865	0.0462	0.0403	0.0000	0.0000	0.0000	0.0000	0.0000	0.0000	0.0000	0.0000	0.0000	0.0382	0.0426	0.0279	0.0458	0.0549	0.0003	0.0286	0.0184	0.0403	
47	77	0.2105	10	1	1	0	1	0	0	0	0	N	N	N	N	N	N	N	N	N	N	N	N	0.0000	0.0000	0.0000	0.0000	0.0000	0.0000	0.0000	0.0000	0.0000	0.0000	0.0000	0.0000	0.0000	0.0000	0.0000	0.0337	0.0526	0.0000	0.0924	0.1097	0.0000	0.0000	0.0000	0.0000	0.0000	0.0000	-0.0014	0.0002	0.3745	4.0036	14.7996	0.0000	0.0000	0.0000	0.0000	0.0000	0.0000	0.0000	0.0000	0.0000	0.0030	0.0030	0.0000	0.0029	0.0029	0.0000	0.0000	0.0000	0.0000	0.0000	0.0000	0.0000	0.0000	0.0000	0.0000	0.0000	0.0000	0.0000	0.0875	0.0561	0.0314	0.0319	0.0269	0.0050	0.0556	0.0292	0.0263	0.0000	0.0000	0.0000	0.0000	0.0000	0.0000	0.0000	0.0000	0.0000	0.0337	0.0526	0.0000	0.0924	0.1097	0.0000	0.0000	0.0000	0.0000				
47	78	0.1883	9	1	1	0	1	0	0	0	0	N	N	N	N	N	N	N	N	N	N	N	N	0.0000	0.0000	0.0000	0.0000	0.0000	0.0000	0.0000	0.0000	0.0000	0.0000	0.0000	0.0000	0.0000	0.0000	0.0000	0.0000	0.0000	0.0000	0.0035	0.0041	0.0024	0.0045	0.0053	0.0004	0.0029	0.0030	0.0028	0.3045	0.0000	-0.0001	0.0002	1.4595	4.0036	10.3922	0.0000	0.0000	0.0000	0.0000	0.0000	0.0000	0.0000	0.0000	0.0000	0.0003	0.0002	0.0001	0.0001	0.0001	0.0000	0.0001	0.0001	0.0001	0.0000	0.0000	0.0000	0.0000	0.0000	0.0000	0.0000	0.0000	0.0000	0.0811	0.0531	0.0279	0.0315	0.0264	0.0051	0.0496	0.0268	0.0228	0.0000	0.0000	0.0000	0.0000	0.0000	0.0000	0.0000	0.0000	0.0000	0.0035	0.0041	0.0024	0.0045	0.0053	0.0004	0.0029	0.0030	0.0028	
47	79	0.1741	8	1	1	0	1	0	0	0	0	N	N	N	N	N	N	N	N	N	N	N	N	0.0000	0.0000	0.0000	0.0000	0.0000	0.0000	0.0000	0.0000	0.0000	0.0000	0.0000	0.0000	0.0000	0.0000	0.0000	0.0000	0.0000	0.0000	0.0067	0.0080	0.0040	0.0109	0.0125	0.0012	0.0038	0.0031	0.0045	0.2498	0.0000	-0.0001	0.0002	1.3861	4.0036	6.3168	0.0000	0.0000	0.0000	0.0000	0.0000	0.0000	0.0000	0.0000	0.0000	0.0004	0.0003	0.0001	0.0003	0.0003	0.0000	0.0001	0.0001	0.0001	0.0000	0.0000	0.0000	0.0000	0.0000	0.0000	0.0000	0.0000	0.0000	0.0611	0.0405	0.0205	0.0248	0.0212	0.0036	0.0362	0.0193	0.0169	0.0000	0.0000	0.0000	0.0000	0.0000	0.0000	0.0000	0.0000	0.0000	0.0067	0.0080	0.0040	0.0109	0.0125	0.0012	0.0038	0.0031	0.0045	
47	80	0.1147	7	1	1	0	1	0	0	0	0	N	N	N	N	N	N	N	N	N	N	N	N	0.0000	0.0000	0.0000	0.0000	0.0000	0.0000	0.0000	0.0000	0.0000	0.0000	0.0000	0.0000	0.0000	0.0000	0.0000	0.0000	0.0000	0.0000	0.0027	0.0046	0.0002	0.0048	0.0053	0.0000	0.0023	0.0044	0.0002	0.0318	0.0000	-0.0001	0.0002	4.0043	4.0036	19.8631	0.0000	0.0000	0.0000	0.0000	0.0000	0.0000	0.0000	0.0000	0.0000	0.0003	0.0003	0.0000	0.0001	0.0001	0.0000	0.0002	0.0002	0.0000	0.0000	0.0000	0.0000	0.0000	0.0000	0.0000	0.0000	0.0000	0.0000	0.1236	0.0696	0.0540	0.0175	0.0156	0.0019	0.1061	0.0541	0.0521	0.0000	0.0000	0.0000	0.0000	0.0000	0.0000	0.0000	0.0000	0.0000	0.0027	0.0046	0.0002	0.0048	0.0053	0.0000	0.0023	0.0044	0.0002	
47	81	0.6552	13	1	2	1	0	0	0	0	0	N	Y	N	N	N	N	N	N	N	N	N	N	0.0000	0.0000	0.0000	0.0000	0.0000	0.0000	0.0000	0.0000	0.0000	0.0000	0.0000	0.0000	0.0000	0.0834	0.1191	0.0000	0.1292	0.1559	0.0000	0.0000	0.0000	0.0000	0.0000	0.0000	-0.0013	0.0002	2.0162	4.0036	4.5500	0.0000	0.0000	0.0000	0.0000	0.0000	0.0000	0.0000	0.0000	0.0000	0.0029	0.0029	0.0000	0.0029	0.0029	0.0000	0.0000	0.0000	0.0000	0.0000	0.0000	0.0000	0.0000	0.0000	0.0000	0.0000	0.0000	0.0000	0.0345	0.0242	0.0103	0.0223	0.0185	0.0038	0.0122	0.0057	0.0065	0.0000	0.0000	0.0000	0.0000	0.0000	0.0000	0.0000	0.0000	0.0000	0.0834	0.1191	0.0000	0.1292	0.1559	0.0000	0.0000	0.0000	0.0000						
47	82	0.2227	11	1	2	1	0	0	0	0	0	N	Y	N	N	N	N	N	N	N	N	N	N	0.1003	3626.2892	0.0000	0.0000	0.0000	0.0000	0.1182	52383.3084	0.0000	0.0037	0.0042	0.0000	0.0000	0.0000	0.0000	0.0059	0.0070	0.0000	0.0367	0.0000	0.0917	0.0016	0.0000	0.0129	0.0497	0.0000	0.0990	0.0000	53442.6763	-0.0000	0.0009	0.0002	3.0011	4.0036	3.7015	0.0000	0.0000	0.0000	0.0000	0.0000	0.0000	0.0000	0.0000	0.0000	0.0017	0.0000	0.0017	0.0000	0.0000	0.0000	0.0016	0.0000	0.0016	0.0000	0.0000	0.0000	0.0000	0.0000	0.0000	0.0000	0.0000	0.0000	0.0454	0.0273	0.0182	0.0123	0.0108	0.0015	0.0331	0.0165	0.0166	0.1003	3626.2892	0.0000	0.0000	0.0000	0.0000	0.1182	52383.3084	0.0000	0.0367	0.0000	0.0917	0.0016	0.0000	0.0129	0.0497	0.0000	0.0990
47	83	0.2112	10	1	2	0	0	0	0	0	0	N	Y	N	N	N	N	N	N	N	N	N	N	1.0000	21754.8014	0.0000	0.0000	0.0000	0.0000	1.6999	53498.3322	0.0000	30.1158	32.9675	0.0000	0.0000	0.0000	0.0000	45.2700	51.2716	0.0000	30.1167	0.0015	132.4546	0.0147	0.0022	0.1687	26.6316	0.0010	125.0856	0.0000	17051.5106	-0.0001	0.5308	0.0002	2.0032	4.0036	4.2039	0.0002	0.0002	0.0000	0.0000	0.0000	0.0000	0.0002	0.0002	0.0000	0.9801	0.0001	0.9800	0.0003	0.0000	0.0002	0.9798	0.0000	0.9798	0.0000	0.0000	0.0000	0.0000	0.0000	0.0000	0.0000	0.0000	0.0000	0.0566	0.0379	0.0187	0.0188	0.0174	0.0014	0.0378	0.0205	0.0172	1.7386	21754.8014	0.0000	0.0000	0.0000	0.0000	1.7456	53498.3322	0.0000	17.3215	0.0015	52.5337	0.0147	0.0022	0.1687	25.9339	0.0010	56.8347
47	84	0.2080	10	2	1	1	0	0	0	0	0	Y	N	N	N	N	N	N	N	N	N	N	N	0.0000	0.0000	0.0000	0.0000	0.0000	0.0000	0.0000	0.0000	0.0000	0.0000	0.0000	0.0000	0.0000	0.0000	0.0000	0.0000	0.0000	0.0558	0.0004	0.1370	0.0169	0.0011	0.1169	0.0710	0.0000	0.1391	208.3492	0.0000	0.0011	0.0002	1.0052	4.0036	4.9545	0.0000	0.0000	0.0000	0.0000	0.0000	0.0000	0.0000	0.0000	0.0000	0.0021	0.0000	0.0021	0.0002	0.0000	0.0002	0.0019	0.0000	0.0019	0.0000	0.0000	0.0000	0.0000	0.0000	0.0000	0.0000	0.0000	0.0000	0.0377	0.0224	0.0153	0.0106	0.0091	0.0015	0.0271	0.0132	0.0138	0.0000	0.0000	0.0000	0.0000	0.0000	0.0000	0.0000	0.0000	0.0000	0.0558	0.0004	0.1370	0.0169	0.0011	0.1169	0.0710	0.0000	0.1391		
47	85	0.1886	9	2	1	1	0	0	0	0	0	Y	N	N	N	N	N	N	N	N	N	N	N	0.0000	0.0000	0.0000	0.0000	0.0000	0.0000	0.0000	0.0000	0.0000	0.0000	0.0000	0.0000	0.0000	0.0000	0.0000	0.0000	0.0000	0.0352	0.0552	0.0000	0.1234	0.1388	0.0000	0.0002	0.0004	0.0000	0.0000	0.0000	-0.0010	0.0002	0.9968	4.0036	7.6169	0.0000	0.0000	0.0000	0.0000	0.0000	0.0000	0.0000	0.0000	0.0000	0.0021	0.0021	0.0000	0.0021	0.0021	0.0000	0.0000	0.0000	0.0000	0.0000	0.0000	0.0000	0.0000	0.0000	0.0000	0.0000	0.0000	0.0000	0.0597	0.0380	0.0217	0.0169	0.0151	0.0019	0.0428	0.0230	0.0198	0.0000	0.0000	0.0000	0.0000	0.0000	0.0000	0.0000	0.0000	0.0000	0.0352	0.0552	0.0000	0.1234	0.1388	0.0000	0.0002	0.0004	0.0000		
47	86	0.2086	8	2	2	0	0	0	0	0	0	Y	Y	N	N	N	N	N	N	N	N	N	N	0.0000	0.0000	0.0000	0.0000	0.0000	0.0000	0.0000	0.0000	0.0000	0.0000	0.0000	0.0000	0.0000	0.0000	0.0000	0.0000	0.0000	0.0541	0.0792	0.0000	0.1317	0.1584	0.0000	0.0000	0.0000	0.0000	0.0000	0.0000	-0.0028	0.0002	5.8060	4.0036	6.1034	0.0000	0.0000	0.0000	0.0000	0.0000	0.0000	0.0000	0.0000	0.0000	0.0061	0.0061	0.0000	0.0061	0.0061	0.0000	0.0000	0.0000	0.0000	0.0000	0.0000	0.0000	0.0000	0.0000	0.0000	0.0000	0.0000	0.0000	0.1137	0.0776	0.0361	0.0467	0.0388	0.0079	0.0670	0.0388	0.0282	0.0000	0.0000	0.0000	0.0000	0.0000	0.0000	0.0000	0.0000	0.0000	0.0541	0.0792	0.0000	0.1317	0.1584	0.0000	0.0000	0.0000	0.0000		
47	87	0.1147	7	2	2	0	0	0	0	0	0	Y	Y	N	N	N	N	N	N	N	N	N	N	0.0000	0.0000	0.0000	0.0000	0.0000	0.0000	0.0000	0.0000	0.0000	0.0000	0.0000	0.0000	0.0000	0.0000	0.0000	0.0000	0.0000	0.0000	5.5028	11.6660	0.3380	0.0045	0.0050	0.0011	5.5613	10.5099	0.3506	0.0317	0.0000	-0.3405	0.0002	12.2869	4.0036	21.7146	0.0000	0.0000	0.0000	0.0000	0.0000	0.0000	0.0000	0.0000	0.0000	0.7963	0.7718	0.0244	0.0001	0.0001	0.0000	0.7962	0.7717	0.0244	0.0000	0.0000	0.0000	0.0000	0.0000	0.0000	0.0000	0.0000	0.0000	0.1651	0.0928	0.0723	0.0219	0.0193	0.0026	0.1432	0.0734	0.0697	0.0000	0.0000	0.0000	0.0000	0.0000	0.0000	0.0000	0.0000	0.0000	4.8230	8.3211	0.3380	0.0045	0.0050	0.0011	5.5613	10.5099	0.3506	
47	88	0.2112	10	1	2	0	0	0	0	0	0	N	Y	N	N	N	N	N	N	N	N	N	N	0.0162	0.0112	0.0000	0.0140	0.0126	0.0000	0.0000	0.0000	0.0000	0.0031	0.0034	0.0000	0.0093	0.0095	0.0000	0.0000	0.0000	0.0000	0.1895	0.3005	0.0000	0.6676	0.7517	0.0002	0.0000	0.0000	0.0000	0.0000	0.0000	-0.0000	-0.0078	0.0002	4.0005	4.0036	9.0093	0.0000	0.0000	0.0000	0.0000	0.0000	0.0000	0.0000	0.0000	0.0000	0.0170	0.0170	0.0000	0.0170	0.0170	0.0000	0.0000	0.0000	0.0000	0.0000	0.0000	0.0000	0.0000	0.0000	0.0000	0.0000	0.0000	0.0000	0.0898	0.0566	0.0332	0.0255	0.0226	0.0029	0.0643	0.0340	0.0304	0.0162	0.0112	0.0000	0.0140	0.0126	0.0000	0.0000	0.0000	0.0000	0.1895	0.3005	0.0000	0.6676	0.7517	0.0002	0.0000	0.0000	0.0000
47	89	0.1886	9	1	2	0	0	0	0	0	0	N	Y	N	N	N	N	N	N	N	N	N	N	0.0488	2.5854	0.0000	0.0000	0.0000	0.0000	0.0522	2.4473	0.0000	0.0122	0.0133	0.0000	0.0000	0.0000	0.0000	0.0180	0.0205	0.0000	0.2504	0.0052	0.6651	0.0001	0.0000	0.0002	0.3451	0.0084	0.7290	0.0000	76.2636	-0.0000	0.0090	0.0002	1.0051	4.0036	9.2650	0.0000	0.0000	0.0000	0.0000	0.0000	0.0000	0.0000	0.0000	0.0000	0.0170	0.0002	0.0168	0.0000	0.0000	0.0000	0.0170	0.0002	0.0168	0.0000	0.0000	0.0000	0.0000	0.0000	0.0000	0.0000	0.0000	0.0000	0.0680	0.0427	0.0253	0.0187	0.0165	0.0022	0.0493	0.0263	0.0231	0.0488	2.5854	0.0000	0.0000	0.0000	0.0000	0.0522	2.4473	0.0000	0.2504	0.0052	0.6651	0.0001	0.0000	0.0002	0.3451	0.0084	0.7290
47	90	0.2370	9	1	1	1	0	0	0	0	0	N	N	N	N	N	N	N	N	N	N	N	N	0.0000	0.0000	0.0000	0.0000	0.0000	0.0000	0.0000	0.0000	0.0000	0.0000	0.0000	0.0000	0.0000	0.0000	0.0000	0.0000	0.0000	0.0000	0.4610	0.6743	0.0000	1.1538	1.3104	0.0000	0.0000	0.0000	0.0000	0.0000	0.0000	-0.0140	0.0002	2.3559	4.0036	7.1930	0.0000	0.0000	0.0000	0.0000	0.0000	0.0000	0.0000	0.0000	0.0000	0.0304	0.0304	0.0000	0.0304	0.0304	0.0000	0.0000	0.0000	0.0000	0.0000	0.0000	0.0000	0.0000	0.0000	0.0000	0.0000	0.0000	0.0000	0.0660	0.0451	0.0209	0.0264	0.0232	0.0032	0.0397	0.0219	0.0177	0.0000	0.0000	0.0000	0.0000	0.0000	0.0000	0.0000	0.0000	0.0000	0.4610	0.6743	0.0000	1.1538	1.3104	0.0000	0.0000	0.0000	0.0000	
47	91	0.2042	8	1	1	0	0	0	0	0	0	N	N	N	N	N	N	N	N	N	N	N	N	0.0015	0.0027	0.0000	0.0049	0.0044	0.0000	0.0000	0.0000	0.0000	0.0004	0.0004	0.0000	0.0010	0.0011	0.0000	0.0000	0.0000	0.0000	0.2694	0.1618	0.5324	0.2117	0.2366	0.0136	0.3207	0.0549	0.6473	0.0000	1.3461	-0.0000	0.0055	0.0002	4.9284	4.0036	11.0439	0.0000	0.0000	0.0000	0.0000	0.0000	0.0000	0.0000	0.0000	0.0000	0.0475	0.0203	0.0273	0.0176	0.0174	0.0001	0.0300	0.0028	0.0272	0.0000	0.0000	0.0000	0.0000	0.0000	0.0000	0.0000	0.0000	0.0000	0.1765	0.1252	0.0512	0.0830	0.0737	0.0093	0.0935	0.0515	0.0420	0.0015	0.0027	0.0000	0.0049	0.0044	0.0000	0.0000	0.0000	0.0000	0.2694	0.1618	0.5324	0.2117	0.2366	0.0136	0.3207	0.0549	0.6473
47	92	0.1147	7	1	1	0	0	0	0	0	0	N	N	N	N	N	N	N	N	N	N	N	N	0.0066	0.0120	0.0000	0.0000	0.0000	0.0000	0.0088	0.0161	0.0000	0.0007	0.0007	0.0000	0.0000	0.0000	0.0000	0.0010	0.0011	0.0000	0.0987	0.0593	0.1491	0.0251	0.0284	0.0005	0.1100	0.0675	0.1546	0.0000	1.9593	-0.0000	0.0032	0.0002	3.9161	4.0036	29.2065	0.0000	0.0000	0.0000	0.0000	0.0000	0.0000	0.0000	0.0000	0.0000	0.0159	0.0054	0.0106	0.0005	0.0005	0.0000	0.0154	0.0048	0.0106	0.0000	0.0000	0.0000	0.0000	0.0000	0.0000	0.0000	0.0000	0.0000	0.1616	0.0908	0.0708	0.0216	0.0190	0.0025	0.1401	0.0718	0.0683	0.0066	0.0120	0.0000	0.0000	0.0000	0.0000	0.0088	0.0161	0.0000	0.0987	0.0593	0.1491	0.0251	0.0284	0.0005	0.1100	0.0675	0.1546
47	93	0.6552	13	2	2	0	0	0	0	0	0	Y	Y	N	N	N	N	N	N	N	N	N	N	0.0000	0.0000	0.0000	0.0000	0.0000	0.0000	0.0000	0.0000	0.0000	0.0000	0.0000	0.0000	0.0000	0.0000	0.0000	0.0000	0.0000	0.0000	0.0109	0.0119	0.0086	0.0129	0.0157	0.0002	0.0073	0.0000	0.0141	0.3090	0.0000	-0.0001	0.0002	2.5103	4.0036	7.4742	0.0000	0.0000	0.0000	0.0000	0.0000	0.0000	0.0000	0.0000	0.0000	0.0005	0.0004	0.0001	0.0004	0.0004	0.0000	0.0001	0.0000	0.0001	0.0000	0.0000	0.0000	0.0000	0.0000	0.0000	0.0000	0.0000	0.0000	0.0466	0.0326	0.0139	0.0302	0.0248	0.0055	0.0164	0.0079	0.0085	0.0000	0.0000	0.0000	0.0000	0.0000	0.0000	0.0000	0.0000	0.0000	0.0109	0.0119	0.0086	0.0129	0.0157	0.0002	0.0073	0.0000	0.0141	
47	94	0.6190	12	1	2	0	0	0	0	0	0	N	Y	N	N	N	N	N	N	N	N	N	N	0.0000	0.0000	0.0000	0.0000	0.0000	0.0000	0.0000	0.0000	0.0000	0.0000	0.0000	0.0000	0.0000	0.0000	0.0000	0.0000	0.0000	0.0000	0.0108	0.0125	0.0069	0.0032	0.0039	0.0000	0.0258	0.0391	0.0121	0.2306	0.0000	-0.0002	0.0002	7.1305	4.0036	3.2426	0.0000	0.0000	0.0000	0.0000	0.0000	0.0000	0.0000	0.0000	0.0000	0.0006	0.0005	0.0001	0.0001	0.0001	0.0000	0.0005	0.0004	0.0001	0.0000	0.0000	0.0000	0.0000	0.0000	0.0000	0.0000	0.0000	0.0000	0.0552	0.0390	0.0162	0.0365	0.0296	0.0070	0.0187	0.0095	0.0092	0.0000	0.0000	0.0000	0.0000	0.0000	0.0000	0.0000	0.0000	0.0000	0.0108	0.0125	0.0069	0.0032	0.0039	0.0000	0.0258	0.0391	0.0121	
47	95	0.1886	9	2	2	0	0	0	0	0	0	Y	Y	N	N	N	N	N	N	N	N	N	N	0.0000	0.0000	0.0000	0.0000	0.0000	0.0000	0.0000	0.0000	0.0000	0.0000	0.0000	0.0000	0.0000	0.0000	0.0000	0.0000	0.0000	0.0000	0.0000	0.0000	0.0002	8.0000	4.0036	22.5660	0.0000	0.0000	0.0000	0.0000	0.0000	0.0000	0.0000	0.0000	0.0000	0.0000	0.0000	0.0000	0.0000	0.0000	0.0000	0.0000	0.0000	0.0000	0.0000	0.0000	0.0000	0.0000	0.0000	0.0000	0.0000	0.0000	0.0000	0.1602	0.0953	0.0649	0.0376	0.0316	0.0060	0.1225	0.0636	0.0589	0.0000	0.0000	0.0000	0.0000	0.0000	0.0000	0.0000	0.0000	0.0000	0.0000	0.0000	0.0000	0.0000	0.0000	0.0000	0.0000	0.0000	0.0000											
47	96	0.1147	7	1	1	0	0	0	0	0	0	N	N	N	N	N	N	N	N	N	N	N	N	0.0000	0.0000	0.0000	0.0000	0.0000	0.0000	0.0000	0.0000	0.0000	0.0000	0.0000	0.0000	0.0000	0.0000	0.0000	9.0164	0.0000	32.9964	0.0058	0.0000	0.0503	7.5460	0.0000	30.4025	inf	0.0000	0.5393	0.0002	11.9964	4.0036	18.8414	0.0000	0.0000	0.0000	0.0000	0.0000	0.0000	0.0000	0.0000	0.0000	0.9957	0.0000	0.9957	0.0001	0.0000	0.0001	0.9956	0.0000	0.9956	0.0000	0.0000	0.0000	0.0000	0.0000	0.0000	0.0000	0.0000	0.0000	0.1525	0.0857	0.0668	0.0206	0.0182	0.0024	0.1319	0.0675	0.0644	0.0000	0.0000	0.0000	0.0000	0.0000	0.0000	0.0000	0.0000	0.0000	6.5285	0.0000	14.9092	0.0058	0.0000	0.0503	7.5460	0.0000	15.4602				
47	98	0.2191	11	2	2	1	0	0	0	0	0	Y	Y	N	N	N	N	N	N	N	N	N	N	0.0000	0.0000	0.0000	0.0000	0.0000	0.0000	0.0000	0.0000	0.0000	0.0000	0.0000	0.0000	0.0000	0.0006	0.0011	0.0000	0.0020	0.0024	0.0000	0.0000	0.0000	0.0000	0.0000	0.0000	-0.0000	0.0002	0.9502	4.0036	16.1595	0.0000	0.0000	0.0000	0.0000	0.0000	0.0000	0.0000	0.0000	0.0000	0.0001	0.0001	0.0000	0.0001	0.0001	0.0000	0.0000	0.0000	0.0000	0.0000	0.0000	0.0000	0.0000	0.0000	0.0000	0.0000	0.0000	0.0000	0.0923	0.0565	0.0358	0.0298	0.0245	0.0053	0.0625	0.0320	0.0305	0.0000	0.0000	0.0000	0.0000	0.0000	0.0000	0.0000	0.0000	0.0000	0.0006	0.0011	0.0000	0.0020	0.0024	0.0000	0.0000	0.0000	0.0000						
47	99	0.1147	7	1	2	0	0	0	0	0	0	N	Y	N	N	N	N	N	N	N	N	N	N	0.0000	0.0000	0.0000	0.0000	0.0000	0.0000	0.0000	0.0000	0.0000	0.0000	0.0000	0.0000	0.0000	0.0000	0.0000	0.0000	0.0000	0.0000	0.0000	0.0000	0.0002	11.9964	4.0036	15.6499	0.0000	0.0000	0.0000	0.0000	0.0000	0.0000	0.0000	0.0000	0.0000	0.0000	0.0000	0.0000	0.0000	0.0000	0.0000	0.0000	0.0000	0.0000	0.0000	0.0000	0.0000	0.0000	0.0000	0.0000	0.0000	0.0000	0.0000	0.1395	0.0785	0.0610	0.0192	0.0170	0.0022	0.1203	0.0615	0.0589	0.0000	0.0000	0.0000	0.0000	0.0000	0.0000	0.0000	0.0000	0.0000	0.0000	0.0000	0.0000	0.0000	0.0000	0.0000	0.0000	0.0000	0.0000											
47	100	0.2221	12	2	1	1	0	0	0	0	0	Y	N	N	N	N	N	N	N	N	N	N	N	0.0000	0.0000	0.0000	0.0000	0.0000	0.0000	0.0000	0.0000	0.0000	0.0000	0.0000	0.0000	0.0000	0.0000	0.0000	0.0000	0.0000	0.0099	0.0164	0.0000	0.0304	0.0374	0.0000	0.0000	0.0000	0.0000	0.0000	0.0000	-0.0004	0.0002	1.0008	4.0036	13.9255	0.0000	0.0000	0.0000	0.0000	0.0000	0.0000	0.0000	0.0000	0.0000	0.0008	0.0008	0.0000	0.0008	0.0008	0.0000	0.0000	0.0000	0.0000	0.0000	0.0000	0.0000	0.0000	0.0000	0.0000	0.0000	0.0000	0.0000	0.0804	0.0487	0.0317	0.0263	0.0214	0.0049	0.0541	0.0273	0.0268	0.0000	0.0000	0.0000	0.0000	0.0000	0.0000	0.0000	0.0000	0.0000	0.0099	0.0164	0.0000	0.0304	0.0374	0.0000	0.0000	0.0000	0.0000		
47	101	0.2191	11	2	1	1	0	0	0	0	0	Y	N	N	N	N	N	N	N	N	N	N	N	0.0000	0.0000	0.0000	0.0000	0.0000	0.0000	0.0000	0.0000	0.0000	0.0000	0.0000	0.0000	0.0000	0.0000	0.0000	0.0000	0.0000	0.0383	0.0555	0.0014	0.0047	0.0055	0.0000	0.0696	0.1307	0.0018	0.0120	0.0000	-0.0004	0.0002	0.0532	4.0036	2.0467	0.0000	0.0000	0.0000	0.0000	0.0000	0.0000	0.0000	0.0000	0.0000	0.0008	0.0008	0.0000	0.0000	0.0000	0.0000	0.0008	0.0008	0.0000	0.0000	0.0000	0.0000	0.0000	0.0000	0.0000	0.0000	0.0000	0.0000	0.0222	0.0151	0.0071	0.0107	0.0091	0.0016	0.0115	0.0060	0.0054	0.0000	0.0000	0.0000	0.0000	0.0000	0.0000	0.0000	0.0000	0.0000	0.0383	0.0555	0.0014	0.0047	0.0055	0.0000	0.0696	0.1307	0.0018		
47	102	0.2095	10	2	1	1	0	0	0	0	0	Y	N	N	N	N	N	N	N	N	N	N	N	0.0000	0.0000	0.0000	0.0000	0.0000	0.0000	0.0000	0.0000	0.0000	0.0000	0.0000	0.0000	0.0000	0.0000	0.0000	0.0000	0.0000	0.0879	0.1326	0.0015	0.2305	0.2731	0.0000	0.0021	0.0023	0.0018	0.0060	0.0000	-0.0015	0.0002	2.0948	4.0036	3.0326	0.0000	0.0000	0.0000	0.0000	0.0000	0.0000	0.0000	0.0000	0.0000	0.0033	0.0033	0.0000	0.0033	0.0033	0.0000	0.0000	0.0000	0.0000	0.0000	0.0000	0.0000	0.0000	0.0000	0.0000	0.0000	0.0000	0.0000	0.0380	0.0251	0.0130	0.0143	0.0121	0.0022	0.0238	0.0130	0.0108	0.0000	0.0000	0.0000	0.0000	0.0000	0.0000	0.0000	0.0000	0.0000	0.0879	0.1326	0.0015	0.2305	0.2731	0.0000	0.0021	0.0023	0.0018		
47	103	0.1886	9	2	1	1	0	0	0	0	0	Y	N	N	N	N	N	N	N	N	N	N	N	0.0000	0.0000	0.0000	0.0000	0.0000	0.0000	0.0000	0.0000	0.0000	0.0000	0.0000	0.0000	0.0000	0.0000	0.0000	0.0000	0.0543	0.0000	0.1491	0.0000	0.0000	0.0000	0.0757	0.0000	0.1632	470329.1143	0.0000	0.0018	0.0002	3.9484	4.0036	4.8420	0.0000	0.0000	0.0000	0.0000	0.0000	0.0000	0.0000	0.0000	0.0000	0.0033	0.0000	0.0033	0.0000	0.0000	0.0000	0.0033	0.0000	0.0033	0.0000	0.0000	0.0000	0.0000	0.0000	0.0000	0.0000	0.0000	0.0000	0.0606	0.0385	0.0221	0.0171	0.0152	0.0019	0.0435	0.0233	0.0202	0.0000	0.0000	0.0000	0.0000	0.0000	0.0000	0.0000	0.0000	0.0000	0.0543	0.0000	0.1491	0.0000	0.0000	0.0000	0.0757	0.0000	0.1632			
47	104	0.1470	8	1	2	0	0	0	0	0	0	N	Y	N	N	N	N	N	N	N	N	N	N	0.0000	0.0000	0.0000	0.0000	0.0000	0.0000	0.0000	0.0000	0.0000	0.0000	0.0000	0.0000	0.0000	0.0000	0.0000	0.0000	0.0000	0.0000	0.0171	0.0296	0.0000	0.1008	0.1198	0.0000	0.0000	0.0000	0.0000	0.0000	0.0000	-0.0016	0.0002	8.9557	4.0036	32.3127	0.0000	0.0000	0.0000	0.0000	0.0000	0.0000	0.0000	0.0000	0.0000	0.0034	0.0034	0.0000	0.0034	0.0034	0.0000	0.0000	0.0000	0.0000	0.0000	0.0000	0.0000	0.0000	0.0000	0.0000	0.0000	0.0000	0.0000	0.1992	0.1151	0.0841	0.0339	0.0285	0.0054	0.1654	0.0866	0.0787	0.0000	0.0000	0.0000	0.0000	0.0000	0.0000	0.0000	0.0000	0.0000	0.0171	0.0296	0.0000	0.1008	0.1198	0.0000	0.0000	0.0000	0.0000	
47	105	0.1724	9	1	1	1	0	0	0	0	0	N	N	N	N	N	N	N	N	N	N	N	N	0.0000	0.0000	0.0000	0.0000	0.0000	0.0000	0.0000	0.0000	0.0000	0.0000	0.0000	0.0000	0.0000	0.0000	0.0000	0.0000	0.0000	0.0004	0.0007	0.0000	0.0018	0.0022	0.0000	0.0000	0.0000	0.0000	0.0001	0.0000	-0.0000	0.0002	4.2679	4.0036	7.8415	0.0000	0.0000	0.0000	0.0000	0.0000	0.0000	0.0000	0.0000	0.0000	0.0000	0.0000	0.0000	0.0000	0.0000	0.0000	0.0000	0.0000	0.0000	0.0000	0.0000	0.0000	0.0000	0.0000	0.0000	0.0000	0.0000	0.0000	0.0694	0.0409	0.0285	0.0164	0.0135	0.0029	0.0530	0.0274	0.0256	0.0000	0.0000	0.0000	0.0000	0.0000	0.0000	0.0000	0.0000	0.0000	0.0004	0.0007	0.0000	0.0018	0.0022	0.0000	0.0000	0.0000	0.0000		
47	106	0.1470	8	1	1	0	0	0	0	0	0	N	N	N	N	N	N	N	N	N	N	N	N	0.0000	0.0000	0.0000	0.0000	0.0000	0.0000	0.0000	0.0000	0.0000	0.0000	0.0000	0.0000	0.0000	0.0000	0.0000	0.0000	0.0000	0.0000	0.0060	0.0097	0.0002	0.0221	0.0251	0.0002	0.0006	0.0010	0.0003	0.0161	0.0000	-0.0002	0.0002	1.9301	4.0036	9.0954	0.0000	0.0000	0.0000	0.0000	0.0000	0.0000	0.0000	0.0000	0.0000	0.0005	0.0004	0.0000	0.0004	0.0004	0.0000	0.0000	0.0000	0.0000	0.0000	0.0000	0.0000	0.0000	0.0000	0.0000	0.0000	0.0000	0.0000	0.0757	0.0464	0.0293	0.0190	0.0167	0.0023	0.0567	0.0297	0.0270	0.0000	0.0000	0.0000	0.0000	0.0000	0.0000	0.0000	0.0000	0.0000	0.0060	0.0097	0.0002	0.0221	0.0251	0.0002	0.0006	0.0010	0.0003	
47	107	0.1147	7	1	1	0	0	0	0	0	0	N	N	N	N	N	N	N	N	N	N	N	N	0.0000	0.0000	0.0000	0.0000	0.0000	0.0000	0.0000	0.0000	0.0000	0.0000	0.0000	0.0000	0.0000	0.0000	0.0000	0.0000	0.0000	0.0000	0.0055	0.0092	0.0006	0.0006	0.0006	0.0000	0.0064	0.0122	0.0006	0.0504	0.0000	-0.0002	0.0002	3.9049	4.0036	9.6098	0.0000	0.0000	0.0000	0.0000	0.0000	0.0000	0.0000	0.0000	0.0000	0.0004	0.0004	0.0000	0.0000	0.0000	0.0000	0.0004	0.0004	0.0000	0.0000	0.0000	0.0000	0.0000	0.0000	0.0000	0.0000	0.0000	0.0000	0.0775	0.0441	0.0334	0.0125	0.0114	0.0011	0.0649	0.0327	0.0322	0.0000	0.0000	0.0000	0.0000	0.0000	0.0000	0.0000	0.0000	0.0000	0.0055	0.0092	0.0006	0.0006	0.0006	0.0000	0.0064	0.0122	0.0006	
47	108	0.1359	9	1	2	0	0	0	0	0	0	N	Y	N	N	N	N	N	N	N	N	N	N	0.0000	0.0000	0.0000	0.0000	0.0000	0.0000	0.0000	0.0000	0.0000	0.0000	0.0000	0.0000	0.0000	0.0000	0.0000	0.0000	0.0000	0.0051	0.0084	0.0000	0.0244	0.0267	0.0000	0.0000	0.0000	0.0000	0.0000	0.0000	-0.0004	0.0002	8.0392	4.0036	22.6195	0.0000	0.0000	0.0000	0.0000	0.0000	0.0000	0.0000	0.0000	0.0000	0.0008	0.0008	0.0000	0.0008	0.0008	0.0000	0.0000	0.0000	0.0000	0.0000	0.0000	0.0000	0.0000	0.0000	0.0000	0.0000	0.0000	0.0000	0.1681	0.1007	0.0674	0.0348	0.0318	0.0030	0.1333	0.0689	0.0644	0.0000	0.0000	0.0000	0.0000	0.0000	0.0000	0.0000	0.0000	0.0000	0.0051	0.0084	0.0000	0.0244	0.0267	0.0000	0.0000	0.0000	0.0000		
47	109	0.1359	8	1	1	0	0	0	0	0	0	N	N	N	N	N	N	N	N	N	N	N	N	0.0000	0.0000	0.0000	0.0000	0.0000	0.0000	0.0000	0.0000	0.0000	0.0000	0.0000	0.0000	0.0000	0.0000	0.0000	0.0000	0.0000	0.0000	0.0064	0.0086	0.0010	0.0079	0.0080	0.0001	0.0055	0.0093	0.0010	0.0468	0.0000	-0.0001	0.0002	0.2031	4.0036	2.0398	0.0000	0.0000	0.0000	0.0000	0.0000	0.0000	0.0000	0.0000	0.0000	0.0003	0.0003	0.0000	0.0001	0.0001	0.0000	0.0001	0.0001	0.0000	0.0000	0.0000	0.0000	0.0000	0.0000	0.0000	0.0000	0.0000	0.0000	0.0441	0.0316	0.0125	0.0181	0.0178	0.0003	0.0260	0.0138	0.0122	0.0000	0.0000	0.0000	0.0000	0.0000	0.0000	0.0000	0.0000	0.0000	0.0064	0.0086	0.0010	0.0079	0.0080	0.0001	0.0055	0.0093	0.0010	
47	110	0.7164	14	2	1	1	0	0	0	0	0	Y	N	N	N	N	N	N	N	N	N	N	N	0.0000	0.0000	0.0000	0.0000	0.0000	0.0000	0.0000	0.0000	0.0000	0.0000	0.0000	0.0000	0.0000	0.0000	0.0000	0.0000	0.0000	0.0000	0.0000	0.0000	0.0002	0.0001	4.0036	0.0001	0.0000	0.0000	0.0000	0.0000	0.0000	0.0000	0.0000	0.0000	0.0000	0.0000	0.0000	0.0000	0.0000	0.0000	0.0000	0.0000	0.0000	0.0000	0.0000	0.0000	0.0000	0.0000	0.0000	0.0000	0.0000	0.0000	0.0000	0.0000	0.0000	0.0000	0.0000	0.0000	0.0000	0.0000	0.0000	0.0000	0.0000	0.0000	0.0000	0.0000	0.0000	0.0000	0.0000	0.0000	0.0000	0.0000	0.0000	0.0000	0.0000	0.0000	0.0000	0.0000	0.0000	0.0000											
47	111	0.7025	13	2	1	1	0	0	0	0	0	Y	N	N	N	N	N	N	N	N	N	N	N	0.0000	0.0000	0.0000	0.0000	0.0000	0.0000	0.0000	0.0000	0.0000	0.0000	0.0000	0.0000	0.0000	0.0001	0.0002	0.0000	0.0002	0.0002	0.0000	0.0000	0.0000	0.0000	0.0000	0.0000	-0.0000	0.0002	1.6718	4.0036	2.9223	0.0000	0.0000	0.0000	0.0000	0.0000	0.0000	0.0000	0.0000	0.0000	0.0000	0.0000	0.0000	0.0000	0.0000	0.0000	0.0000	0.0000	0.0000	0.0000	0.0000	0.0000	0.0000	0.0000	0.0000	0.0000	0.0000	0.0000	0.0265	0.0190	0.0075	0.0199	0.0157	0.0042	0.0067	0.0033	0.0033	0.0000	0.0000	0.0000	0.0000	0.0000	0.0000	0.0000	0.0000	0.0000	0.0001	0.0002	0.0000	0.0002	0.0002	0.0000	0.0000	0.0000	0.0000						
47	112	0.6190	12	2	1	1	0	0	0	0	0	Y	N	N	N	N	N	N	N	N	N	N	N	0.0000	0.0000	0.0000	0.0000	0.0000	0.0000	0.0000	0.0000	0.0000	0.0000	0.0000	0.0000	0.0000	0.0000	0.0000	0.0000	0.0000	0.0315	0.0448	0.0000	0.0488	0.0606	0.0000	0.0000	0.0000	0.0000	0.0000	0.0000	-0.0013	0.0002	14.0283	4.0036	7.1084	0.0000	0.0000	0.0000	0.0000	0.0000	0.0000	0.0000	0.0000	0.0000	0.0029	0.0029	0.0000	0.0029	0.0029	0.0000	0.0000	0.0000	0.0000	0.0001	0.0001	0.0000	0.0001	0.0001	0.0000	0.0000	0.0000	0.0000	0.0922	0.0648	0.0275	0.0595	0.0479	0.0116	0.0328	0.0169	0.0159	0.0000	0.0000	0.0000	0.0000	0.0000	0.0000	0.0000	0.0000	0.0000	0.0315	0.0448	0.0000	0.0488	0.0606	0.0000	0.0000	0.0000	0.0000		
47	113	0.5587	11	1	1	0	0	0	0	0	0	N	N	N	N	N	N	N	N	N	N	N	N	0.0000	0.0000	0.0000	0.0000	0.0000	0.0000	0.0000	0.0000	0.0000	0.0000	0.0000	0.0000	0.0000	0.0000	0.0000	0.0000	0.0000	0.0000	0.0015	0.0021	0.0001	0.0027	0.0032	0.0000	0.0001	0.0000	0.0001	0.0166	0.0000	-0.0001	0.0002	8.6129	4.0036	5.1709	0.0000	0.0000	0.0000	0.0000	0.0000	0.0000	0.0000	0.0000	0.0000	0.0002	0.0002	0.0000	0.0002	0.0002	0.0000	0.0000	0.0000	0.0000	0.0000	0.0000	0.0000	0.0000	0.0000	0.0000	0.0000	0.0000	0.0000	0.1026	0.0741	0.0284	0.0575	0.0493	0.0082	0.0450	0.0248	0.0203	0.0000	0.0000	0.0000	0.0000	0.0000	0.0000	0.0000	0.0000	0.0000	0.0015	0.0021	0.0001	0.0027	0.0032	0.0000	0.0001	0.0000	0.0001	
47	114	0.4636	10	1	1	0	0	0	0	0	0	N	N	N	N	N	N	N	N	N	N	N	N	0.0000	0.0000	0.0000	0.0000	0.0000	0.0000	0.0000	0.0000	0.0000	0.0000	0.0000	0.0000	0.0000	0.0000	0.0000	0.0000	0.0000	0.0000	0.0829	0.1071	0.0306	0.0378	0.0460	0.0003	0.1356	0.2182	0.0441	0.1320	0.0000	-0.0059	0.0002	16.8607	4.0036	22.7724	0.0000	0.0000	0.0000	0.0000	0.0000	0.0000	0.0000	0.0000	0.0000	0.0171	0.0151	0.0020	0.0042	0.0042	0.0000	0.0129	0.0109	0.0020	0.0001	0.0001	0.0000	0.0001	0.0000	0.0000	0.0000	0.0000	0.0000	0.2068	0.1415	0.0653	0.1114	0.0913	0.0200	0.0954	0.0502	0.0453	0.0000	0.0000	0.0000	0.0000	0.0000	0.0000	0.0000	0.0000	0.0000	0.0829	0.1071	0.0306	0.0378	0.0460	0.0003	0.1356	0.2182	0.0441	
47	115	0.1949	9	2	1	1	0	0	0	0	0	Y	N	N	N	N	N	N	N	N	N	N	N	0.0000	0.0000	0.0000	0.0000	0.0000	0.0000	0.0000	0.0000	0.0000	0.0000	0.0000	0.0000	0.0000	0.0001	0.0001	0.0000	0.0003	0.0003	0.0000	0.0000	0.0000	0.0000	0.0000	0.0000	-0.0000	0.0002	1.0009	4.0036	4.0038	0.0000	0.0000	0.0000	0.0000	0.0000	0.0000	0.0000	0.0000	0.0000	0.0000	0.0000	0.0000	0.0000	0.0000	0.0000	0.0000	0.0000	0.0000	0.0000	0.0000	0.0000	0.0000	0.0000	0.0000	0.0000	0.0000	0.0000	0.0433	0.0266	0.0167	0.0117	0.0112	0.0005	0.0317	0.0154	0.0163	0.0000	0.0000	0.0000	0.0000	0.0000	0.0000	0.0000	0.0000	0.0000	0.0001	0.0001	0.0000	0.0003	0.0003	0.0000	0.0000	0.0000	0.0000						
47	116	0.1666	8	2	1	1	0	0	0	0	0	Y	N	N	N	N	N	N	N	N	N	N	N	0.0000	0.0000	0.0000	0.0000	0.0000	0.0000	0.0000	0.0000	0.0000	0.0000	0.0000	0.0000	0.0000	0.0000	0.0000	0.0000	0.0000	0.0000	0.8931	1.3379	0.2418	4.0195	4.3125	0.0264	0.1390	0.0344	0.2491	0.1234	0.0000	-0.0244	0.0002	1.8441	4.0036	10.4794	0.0000	0.0000	0.0000	0.0000	0.0000	0.0000	0.0000	0.0000	0.0000	0.0701	0.0624	0.0077	0.0613	0.0613	0.0000	0.0088	0.0011	0.0077	0.0000	0.0000	0.0000	0.0000	0.0000	0.0000	0.0000	0.0000	0.0000	0.0785	0.0466	0.0319	0.0153	0.0142	0.0010	0.0632	0.0324	0.0308	0.0000	0.0000	0.0000	0.0000	0.0000	0.0000	0.0000	0.0000	0.0000	0.8931	1.3379	0.2418	4.0195	4.3125	0.0264	0.1390	0.0344	0.2491	
47	117	0.3509	8	1	2	0	1	0	0	0	0	N	Y	N	N	N	N	N	N	N	N	N	N	0.0001	0.0165	0.0000	0.0000	0.0000	0.0000	0.0002	243.7199	0.0000	0.0005	0.0005	0.0000	0.0000	0.0000	0.0000	0.0018	0.0021	0.0000	4.2446	0.0300	26.2311	0.2500	0.0479	1.3776	7.8133	0.0000	31.8033	0.0000	195.3093	-0.0000	0.4728	0.0002	10.5071	4.0036	20.2622	0.0000	0.0000	0.0000	0.0000	0.0000	0.0000	0.0000	0.0000	0.0000	0.8812	0.0045	0.8767	0.0276	0.0045	0.0231	0.8536	0.0000	0.8536	0.0000	0.0000	0.0000	0.0000	0.0000	0.0000	0.0000	0.0000	0.0000	0.2198	0.1497	0.0701	0.1105	0.0937	0.0168	0.1092	0.0560	0.0533	0.0001	0.0165	0.0000	0.0000	0.0000	0.0000	0.0002	243.7199	0.0000	4.0096	0.0300	12.5136	0.2500	0.0479	1.3776	7.8133	0.0000	16.0259
47	118	0.1147	7	1	2	0	1	0	0	0	0	N	Y	N	N	N	N	N	N	N	N	N	N	0.0000	0.0000	0.0000	0.0000	0.0000	0.0000	0.0000	0.0000	0.0000	0.0000	0.0000	0.0000	0.0000	0.0101	0.0180	0.0000	0.0750	0.0848	0.0000	0.0000	0.0000	0.0000	0.0000	0.0000	-0.0007	0.0002	4.0036	4.0036	26.5072	0.0000	0.0000	0.0000	0.0000	0.0000	0.0000	0.0000	0.0000	0.0000	0.0015	0.0015	0.0000	0.0015	0.0015	0.0000	0.0000	0.0000	0.0000	0.0000	0.0000	0.0000	0.0000	0.0000	0.0000	0.0000	0.0000	0.0000	0.1509	0.0848	0.0661	0.0204	0.0180	0.0024	0.1305	0.0668	0.0637	0.0000	0.0000	0.0000	0.0000	0.0000	0.0000	0.0000	0.0000	0.0000	0.0101	0.0180	0.0000	0.0750	0.0848	0.0000	0.0000	0.0000	0.0000						
47	119	0.0763	6	1	2	0	0	0	0	0	0	N	Y	N	N	N	N	N	N	N	N	N	N	0.0000	0.0000	0.0000	0.0000	0.0000	0.0000	0.0000	0.0000	0.0000	0.0000	0.0000	0.0000	0.0000	0.0000	0.0000	0.0000	0.0000	0.0000	0.0214	0.0366	0.0000	0.1505	0.1631	0.0000	0.0000	0.0000	0.0000	0.0000	0.0000	-0.0015	0.0002	3.8169	4.0036	21.2433	0.0000	0.0000	0.0000	0.0000	0.0000	0.0000	0.0000	0.0000	0.0000	0.0032	0.0032	0.0000	0.0032	0.0032	0.0000	0.0000	0.0000	0.0000	0.0000	0.0000	0.0000	0.0000	0.0000	0.0000	0.0000	0.0000	0.0000	0.1485	0.0869	0.0616	0.0211	0.0195	0.0016	0.1274	0.0674	0.0599	0.0000	0.0000	0.0000	0.0000	0.0000	0.0000	0.0000	0.0000	0.0000	0.0214	0.0366	0.0000	0.1505	0.1631	0.0000	0.0000	0.0000	0.0000	
47	120	0.4988	12	1	2	0	0	0	0	0	0	N	Y	N	N	N	N	N	N	N	N	N	N	0.0000	0.0000	0.0000	0.0000	0.0000	0.0000	0.0000	0.0000	0.0000	0.0000	0.0000	0.0000	0.0000	0.0000	0.0000	0.0000	0.0000	0.0000	0.0346	0.0506	0.0000	0.0656	0.0801	0.0001	0.0000	0.0000	0.0000	0.0004	0.0000	-0.0046	0.0002	16.3276	4.0036	34.9199	0.0000	0.0000	0.0000	0.0000	0.0000	0.0000	0.0000	0.0000	0.0000	0.0100	0.0100	0.0000	0.0100	0.0100	0.0000	0.0000	0.0000	0.0000	0.0001	0.0001	0.0000	0.0001	0.0000	0.0000	0.0000	0.0000	0.0000	0.2896	0.1981	0.0915	0.1529	0.1252	0.0277	0.1367	0.0729	0.0638	0.0000	0.0000	0.0000	0.0000	0.0000	0.0000	0.0000	0.0000	0.0000	0.0346	0.0506	0.0000	0.0656	0.0801	0.0001	0.0000	0.0000	0.0000	
47	121	0.4815	11	1	2	0	0	0	0	0	0	N	Y	N	N	N	N	N	N	N	N	N	N	0.0000	0.0000	0.0000	0.0000	0.0000	0.0000	0.0000	0.0000	0.0000	0.0000	0.0000	0.0000	0.0000	0.0000	0.0000	0.0000	0.0000	0.0000	0.0781	0.0918	0.0456	0.0464	0.0555	0.0005	0.1186	0.1643	0.0661	0.2094	0.0000	-0.0043	0.0002	6.1757	4.0036	14.5601	0.0000	0.0000	0.0000	0.0000	0.0000	0.0000	0.0000	0.0000	0.0000	0.0150	0.0124	0.0026	0.0050	0.0050	0.0000	0.0100	0.0074	0.0026	0.0000	0.0000	0.0000	0.0000	0.0000	0.0000	0.0000	0.0000	0.0000	0.1919	0.1350	0.0569	0.1078	0.0900	0.0178	0.0841	0.0450	0.0391	0.0000	0.0000	0.0000	0.0000	0.0000	0.0000	0.0000	0.0000	0.0000	0.0781	0.0918	0.0456	0.0464	0.0555	0.0005	0.1186	0.1643	0.0661	
47	122	0.4284	10	1	1	0	0	0	0	0	0	N	N	N	N	N	N	N	N	N	N	N	N	0.0000	0.0000	0.0000	0.0000	0.0000	0.0000	0.0000	0.0000	0.0000	0.0000	0.0000	0.0000	0.0000	0.0000	0.0000	0.0000	0.0000	0.0000	0.1158	0.1515	0.0327	0.1793	0.2111	0.0014	0.0496	0.0546	0.0435	0.0924	0.0000	-0.0092	0.0002	7.5400	4.0036	21.4192	0.0000	0.0000	0.0000	0.0000	0.0000	0.0000	0.0000	0.0000	0.0000	0.0247	0.0226	0.0021	0.0196	0.0195	0.0000	0.0052	0.0031	0.0021	0.0000	0.0000	0.0000	0.0000	0.0000	0.0000	0.0000	0.0000	0.0000	0.2135	0.1495	0.0641	0.1091	0.0925	0.0165	0.1045	0.0569	0.0475	0.0000	0.0000	0.0000	0.0000	0.0000	0.0000	0.0000	0.0000	0.0000	0.1158	0.1515	0.0327	0.1793	0.2111	0.0014	0.0496	0.0546	0.0435	
47	123	0.1886	9	1	2	0	0	0	0	0	0	N	Y	N	N	N	N	N	N	N	N	N	N	0.0000	0.0000	0.0000	0.0000	0.0000	0.0000	0.0000	0.0000	0.0000	0.0000	0.0000	0.0000	0.0000	10.6952	22.0233	0.0000	244.7574	278.4472	0.0000	0.0000	0.0000	0.0000	0.0000	0.0000	-0.4564	0.0002	4.0019	4.0036	19.5615	0.0000	0.0000	0.0000	0.0000	0.0000	0.0000	0.0000	0.0000	0.0000	0.9957	0.9957	0.0000	0.9957	0.9957	0.0000	0.0000	0.0000	0.0000	0.0000	0.0000	0.0000	0.0000	0.0000	0.0000	0.0000	0.0000	0.0000	0.1301	0.0781	0.0520	0.0315	0.0268	0.0048	0.0986	0.0514	0.0472	0.0000	0.0000	0.0000	0.0000	0.0000	0.0000	0.0000	0.0000	0.0000	7.6514	12.7461	0.0000	31.5782	37.2095	0.0000	0.0000	0.0000	0.0000						
47	124	0.1666	8	1	1	0	0	0	0	0	0	N	N	N	N	N	N	N	N	N	N	N	N	0.0000	0.0000	0.0000	0.0000	0.0000	0.0000	0.0000	0.0000	0.0000	0.0000	0.0000	0.0000	0.0000	0.0000	0.0000	0.0000	0.0000	24.0887	0.0008	103.6204	0.2488	0.0024	4.0855	18.7605	0.0000	83.1069	31219.9897	0.0000	0.5092	0.0002	1.2223	4.0036	8.2281	0.0000	0.0000	0.0000	0.0000	0.0000	0.0000	0.0000	0.0000	0.0000	0.9402	0.0000	0.9402	0.0034	0.0000	0.0034	0.9368	0.0000	0.9368	0.0000	0.0000	0.0000	0.0000	0.0000	0.0000	0.0000	0.0000	0.0000	0.0644	0.0389	0.0256	0.0136	0.0128	0.0008	0.0508	0.0261	0.0247	0.0000	0.0000	0.0000	0.0000	0.0000	0.0000	0.0000	0.0000	0.0000	14.5913	0.0008	36.7777	0.2488	0.0024	4.0855	18.4369	0.0000	37.8641		
47	125	0.1147	7	1	1	0	0	0	0	0	0	N	N	N	N	N	N	N	N	N	N	N	N	0.0000	0.0000	0.0000	0.0000	0.0000	0.0000	0.0000	0.0000	0.0000	0.0000	0.0000	0.0000	0.0000	0.0000	0.0000	0.0000	0.0000	0.0000	0.5929	0.0590	1.2884	0.0029	0.0028	0.0045	0.6968	0.0766	1.3338	16.7645	0.0000	0.0286	0.0002	5.9920	4.0036	12.2976	0.0000	0.0000	0.0000	0.0000	0.0000	0.0000	0.0000	0.0000	0.0000	0.0588	0.0033	0.0555	0.0000	0.0000	0.0000	0.0588	0.0033	0.0555	0.0000	0.0000	0.0000	0.0000	0.0000	0.0000	0.0000	0.0000	0.0000	0.0992	0.0561	0.0431	0.0149	0.0134	0.0015	0.0844	0.0428	0.0416	0.0000	0.0000	0.0000	0.0000	0.0000	0.0000	0.0000	0.0000	0.0000	0.5929	0.0590	1.2884	0.0029	0.0028	0.0045	0.6968	0.0766	1.3338	
47	126	0.1518	9	1	2	0	0	0	0	0	0	N	Y	N	N	N	N	N	N	N	N	N	N	0.0000	0.0000	0.0000	0.0000	0.0000	0.0000	0.0000	0.0000	0.0000	0.0000	0.0000	0.0000	0.0000	0.0000	0.0000	0.0000	0.0000	0.0018	0.0030	0.0000	0.0074	0.0082	0.0000	0.0000	0.0000	0.0000	0.0002	0.0000	-0.0001	0.0002	5.0407	4.0036	17.1705	0.0000	0.0000	0.0000	0.0000	0.0000	0.0000	0.0000	0.0000	0.0000	0.0002	0.0002	0.0000	0.0002	0.0002	0.0000	0.0000	0.0000	0.0000	0.0000	0.0000	0.0000	0.0000	0.0000	0.0000	0.0000	0.0000	0.0000	0.1327	0.0804	0.0523	0.0323	0.0293	0.0030	0.1005	0.0512	0.0493	0.0000	0.0000	0.0000	0.0000	0.0000	0.0000	0.0000	0.0000	0.0000	0.0018	0.0030	0.0000	0.0074	0.0082	0.0000	0.0000	0.0000	0.0000		
47	127	0.1359	8	1	2	0	0	0	0	0	0	N	Y	N	N	N	N	N	N	N	N	N	N	0.0000	0.0000	0.0000	0.0000	0.0000	0.0000	0.0000	0.0000	0.0000	0.0000	0.0000	0.0000	0.0000	0.0000	0.0000	0.0000	0.0000	0.0000	0.0053	0.0078	0.0004	0.0065	0.0068	0.0000	0.0047	0.0087	0.0004	0.0291	0.0000	-0.0002	0.0002	1.9703	4.0036	6.2034	0.0000	0.0000	0.0000	0.0000	0.0000	0.0000	0.0000	0.0000	0.0000	0.0004	0.0004	0.0000	0.0001	0.0001	0.0000	0.0002	0.0002	0.0000	0.0000	0.0000	0.0000	0.0000	0.0000	0.0000	0.0000	0.0000	0.0000	0.0724	0.0473	0.0251	0.0219	0.0210	0.0009	0.0505	0.0263	0.0242	0.0000	0.0000	0.0000	0.0000	0.0000	0.0000	0.0000	0.0000	0.0000	0.0053	0.0078	0.0004	0.0065	0.0068	0.0000	0.0047	0.0087	0.0004	
47	128	0.1147	7	1	1	0	0	0	0	0	0	N	N	N	N	N	N	N	N	N	N	N	N	0.0000	0.0000	0.0000	0.0000	0.0000	0.0000	0.0000	0.0000	0.0000	0.0000	0.0000	0.0000	0.0000	0.0000	0.0000	0.0000	0.0000	0.0000	0.0026	0.0040	0.0005	0.0000	0.0000	0.0000	0.0031	0.0057	0.0006	0.0978	0.0000	-0.0001	0.0002	1.1032	4.0036	7.8190	0.0000	0.0000	0.0000	0.0000	0.0000	0.0000	0.0000	0.0000	0.0000	0.0001	0.0001	0.0000	0.0000	0.0000	0.0000	0.0001	0.0001	0.0000	0.0000	0.0000	0.0000	0.0000	0.0000	0.0000	0.0000	0.0000	0.0000	0.0557	0.0321	0.0236	0.0102	0.0095	0.0007	0.0455	0.0227	0.0228	0.0000	0.0000	0.0000	0.0000	0.0000	0.0000	0.0000	0.0000	0.0000	0.0026	0.0040	0.0005	0.0000	0.0000	0.0000	0.0031	0.0057	0.0006	
47	129	0.4577	11	1	2	0	0	0	0	0	0	N	Y	N	N	N	N	N	N	N	N	N	N	0.0000	0.0000	0.0000	0.0000	0.0000	0.0000	0.0000	0.0000	0.0000	0.0000	0.0000	0.0000	0.0000	0.0000	0.0000	0.0000	0.0000	0.0000	0.0000	0.0000	0.0002	1.0033	4.0036	0.8635	0.0000	0.0000	0.0000	0.0000	0.0000	0.0000	0.0000	0.0000	0.0000	0.0000	0.0000	0.0000	0.0000	0.0000	0.0000	0.0000	0.0000	0.0000	0.0000	0.0000	0.0000	0.0000	0.0000	0.0000	0.0000	0.0000	0.0000	0.0750	0.0578	0.0172	0.0425	0.0382	0.0043	0.0325	0.0197	0.0129	0.0000	0.0000	0.0000	0.0000	0.0000	0.0000	0.0000	0.0000	0.0000	0.0000	0.0000	0.0000	0.0000	0.0000	0.0000	0.0000	0.0000	0.0000											
47	130	0.4284	10	1	1	0	0	0	0	0	0	N	N	N	N	N	N	N	N	N	N	N	N	0.0000	0.0000	0.0000	0.0000	0.0000	0.0000	0.0000	0.0000	0.0000	0.0000	0.0000	0.0000	0.0000	0.0000	0.0000	0.0000	0.0000	0.0000	2.7434	3.8078	0.0022	1.8929	2.1885	0.0019	3.7114	6.6751	0.0024	0.0002	0.0000	-0.2116	0.0002	5.5514	4.0036	9.9598	0.0000	0.0000	0.0000	0.0000	0.0000	0.0000	0.0000	0.0000	0.0000	0.4619	0.4618	0.0001	0.1696	0.1696	0.0000	0.2922	0.2922	0.0001	0.0000	0.0000	0.0000	0.0000	0.0000	0.0000	0.0000	0.0000	0.0000	0.1684	0.1213	0.0471	0.0896	0.0775	0.0121	0.0787	0.0438	0.0350	0.0000	0.0000	0.0000	0.0000	0.0000	0.0000	0.0000	0.0000	0.0000	2.7434	3.8078	0.0022	1.8929	2.1885	0.0019	3.7114	6.6751	0.0024	
47	131	0.3981	9	1	1	0	0	0	0	0	0	N	N	N	N	N	N	N	N	N	N	N	N	0.0000	0.0000	0.0000	0.0000	0.0000	0.0000	0.0000	0.0000	0.0000	0.0000	0.0000	0.0000	0.0000	0.0000	0.0000	0.0000	0.0000	0.0000	2.3657	3.2956	0.1835	0.3549	0.4149	0.0055	4.5188	8.1872	0.2439	0.0237	0.0000	-0.1866	0.0002	9.1969	4.0036	13.4651	0.0000	0.0000	0.0000	0.0000	0.0000	0.0000	0.0000	0.0000	0.0000	0.4288	0.4189	0.0099	0.0333	0.0332	0.0001	0.3956	0.3857	0.0099	0.0000	0.0000	0.0000	0.0000	0.0000	0.0000	0.0000	0.0000	0.0000	0.1813	0.1271	0.0542	0.0937	0.0800	0.0137	0.0875	0.0471	0.0404	0.0000	0.0000	0.0000	0.0000	0.0000	0.0000	0.0000	0.0000	0.0000	2.3657	3.2956	0.1835	0.3549	0.4149	0.0055	4.5188	8.1872	0.2439	
47	132	0.0178	3	2	2	0	1	0	0	0	0	Y	Y	N	N	N	N	N	N	N	N	N	N	0.0000	0.0000	0.0000	0.0000	0.0000	0.0000	0.0000	0.0000	0.0000	0.0000	0.0000	0.0000	0.0000	0.0044	0.0085	0.0000	0.4166	0.4227	0.0000	0.0000	0.0000	0.0000	0.0000	0.0000	-0.0000	0.0002	1.0000	4.0036	3.0001	0.0000	0.0000	0.0000	0.0000	0.0000	0.0000	0.0000	0.0000	0.0000	0.0001	0.0001	0.0000	0.0001	0.0001	0.0000	0.0000	0.0000	0.0000	0.0000	0.0000	0.0000	0.0000	0.0000	0.0000	0.0000	0.0000	0.0000	0.0226	0.0117	0.0108	0.0002	0.0002	0.0000	0.0223	0.0115	0.0108	0.0000	0.0000	0.0000	0.0000	0.0000	0.0000	0.0000	0.0000	0.0000	0.0044	0.0085	0.0000	0.4166	0.4227	0.0000	0.0000	0.0000	0.0000						
47	133	0.6105	15	2	2	0	1	0	0	0	0	Y	Y	N	N	N	N	N	N	N	N	N	N	0.0000	0.0000	0.0000	0.0000	0.0000	0.0000	0.0000	0.0000	0.0000	0.0000	0.0000	0.0000	0.0000	0.0000	0.0000	0.3330	0.4884	0.0000	0.6282	0.7448	0.0000	0.0000	0.0000	0.0000	0.0000	0.0000	-0.0013	0.0002	0.0006	4.0036	1.9797	0.0000	0.0000	0.0000	0.0000	0.0000	0.0000	0.0000	0.0000	0.0000	0.0029	0.0029	0.0000	0.0029	0.0029	0.0000	0.0000	0.0000	0.0000	0.0000	0.0000	0.0000	0.0000	0.0000	0.0000	0.0000	0.0000	0.0000	0.0088	0.0060	0.0028	0.0047	0.0039	0.0007	0.0041	0.0021	0.0021	0.0000	0.0000	0.0000	0.0000	0.0000	0.0000	0.0000	0.0000	0.0000	0.3330	0.4884	0.0000	0.6282	0.7448	0.0000	0.0000	0.0000	0.0000				
47	134	0.5938	14	2	2	0	1	0	0	0	0	Y	Y	N	N	N	N	N	N	N	N	N	N	0.0000	0.0000	0.0000	0.0000	0.0000	0.0000	0.0000	0.0000	0.0000	0.0000	0.0000	0.0000	0.0000	0.0007	0.0010	0.0000	0.0013	0.0016	0.0000	0.0000	0.0000	0.0000	0.0000	0.0000	-0.0000	0.0002	2.0077	4.0036	6.0321	0.0000	0.0000	0.0000	0.0000	0.0000	0.0000	0.0000	0.0000	0.0000	0.0000	0.0000	0.0000	0.0000	0.0000	0.0000	0.0000	0.0000	0.0000	0.0000	0.0000	0.0000	0.0000	0.0000	0.0000	0.0000	0.0000	0.0000	0.0314	0.0211	0.0102	0.0164	0.0135	0.0029	0.0150	0.0076	0.0074	0.0000	0.0000	0.0000	0.0000	0.0000	0.0000	0.0000	0.0000	0.0000	0.0007	0.0010	0.0000	0.0013	0.0016	0.0000	0.0000	0.0000	0.0000						
47	135	0.5890	14	1	2	0	1	0	0	0	0	N	Y	N	N	N	N	N	N	N	N	N	N	0.0000	0.0000	0.0000	0.0000	0.0000	0.0000	0.0000	0.0000	0.0000	0.0000	0.0000	0.0000	0.0000	0.0000	0.0000	0.0000	0.0000	0.0000	0.0913	0.0016	0.2740	0.0021	0.0026	0.0000	0.1855	0.0000	0.3716	82.4995	0.0000	0.0026	0.0002	3.0348	4.0036	9.3583	0.0000	0.0000	0.0000	0.0000	0.0000	0.0000	0.0000	0.0000	0.0000	0.0050	0.0001	0.0049	0.0001	0.0001	0.0000	0.0049	0.0000	0.0049	0.0000	0.0000	0.0000	0.0000	0.0000	0.0000	0.0000	0.0000	0.0000	0.0547	0.0367	0.0180	0.0281	0.0234	0.0047	0.0266	0.0133	0.0133	0.0000	0.0000	0.0000	0.0000	0.0000	0.0000	0.0000	0.0000	0.0000	0.0913	0.0016	0.2740	0.0021	0.0026	0.0000	0.1855	0.0000	0.3716	
47	136	0.5747	13	1	1	0	1	0	0	0	0	N	N	N	N	N	N	N	N	N	N	N	N	0.0000	0.0000	0.0000	0.0000	0.0000	0.0000	0.0000	0.0000	0.0000	0.0000	0.0000	0.0000	0.0000	0.0000	0.0000	0.0000	0.0000	0.0000	0.4586	0.2693	0.8381	0.3536	0.4269	0.0082	0.5654	0.0086	1.1376	1.5520	0.0000	0.0019	0.0002	0.0433	4.0036	6.6805	0.0000	0.0000	0.0000	0.0000	0.0000	0.0000	0.0000	0.0000	0.0000	0.0127	0.0050	0.0077	0.0049	0.0049	0.0000	0.0078	0.0001	0.0077	0.0000	0.0000	0.0000	0.0000	0.0000	0.0000	0.0000	0.0000	0.0000	0.0277	0.0185	0.0092	0.0139	0.0115	0.0024	0.0137	0.0070	0.0068	0.0000	0.0000	0.0000	0.0000	0.0000	0.0000	0.0000	0.0000	0.0000	0.4586	0.2693	0.8381	0.3536	0.4269	0.0082	0.5654	0.0086	1.1376	
47	137	0.0694	7	1	2	0	1	0	0	0	0	N	Y	N	N	N	N	N	N	N	N	N	N	0.0000	0.0000	0.0000	0.0000	0.0000	0.0000	0.0000	0.0000	0.0000	0.0000	0.0000	0.0000	0.0000	0.0000	0.0000	0.0000	0.0000	0.0000	0.0000	0.0000	0.0002	0.0000	4.0036	0.0000	0.0000	0.0000	0.0000	0.0000	0.0000	0.0000	0.0000	0.0000	0.0000	0.0000	0.0000	0.0000	0.0000	0.0000	0.0000	0.0000	0.0000	0.0000	0.0000	0.0000	0.0000	0.0000	0.0000	0.0000	0.0000	0.0000	0.0000	0.0000	0.0000	0.0000	0.0000	0.0000	0.0000	0.0000	0.0000	0.0000	0.0000	0.0000	0.0000	0.0000	0.0000	0.0000	0.0000	0.0000	0.0000	0.0000	0.0000	0.0000	0.0000	0.0000	0.0000	0.0000	0.0000	0.0000											
47	138	0.0643	6	1	2	0	1	0	0	0	0	N	Y	N	N	N	N	N	N	N	N	N	N	0.0000	0.0000	0.0000	0.0000	0.0000	0.0000	0.0000	0.0000	0.0000	0.0000	0.0000	0.0000	0.0000	0.0000	0.0000	0.0000	0.0000	0.0000	0.0000	0.0000	0.0002	0.0021	4.0036	2.0000	0.0000	0.0000	0.0000	0.0000	0.0000	0.0000	0.0000	0.0000	0.0000	0.0000	0.0000	0.0000	0.0000	0.0000	0.0000	0.0000	0.0000	0.0000	0.0000	0.0000	0.0000	0.0000	0.0000	0.0000	0.0000	0.0000	0.0000	0.0112	0.0060	0.0052	0.0007	0.0006	0.0001	0.0105	0.0054	0.0051	0.0000	0.0000	0.0000	0.0000	0.0000	0.0000	0.0000	0.0000	0.0000	0.0000	0.0000	0.0000	0.0000	0.0000	0.0000	0.0000	0.0000	0.0000											
47	139	0.0541	5	1	1	0	1	0	0	0	0	N	N	N	N	N	N	N	N	N	N	N	N	0.0000	0.0000	0.0000	0.0000	0.0000	0.0000	0.0000	0.0000	0.0000	0.0000	0.0000	0.0000	0.0000	0.0000	0.0000	0.0000	0.0000	0.0000	0.0000	0.0000	0.0002	1.0020	4.0036	3.0181	0.0000	0.0000	0.0000	0.0000	0.0000	0.0000	0.0000	0.0000	0.0000	0.0000	0.0000	0.0000	0.0000	0.0000	0.0000	0.0000	0.0000	0.0000	0.0000	0.0000	0.0000	0.0000	0.0000	0.0000	0.0000	0.0000	0.0000	0.0228	0.0121	0.0107	0.0013	0.0011	0.0002	0.0214	0.0110	0.0104	0.0000	0.0000	0.0000	0.0000	0.0000	0.0000	0.0000	0.0000	0.0000	0.0000	0.0000	0.0000	0.0000	0.0000	0.0000	0.0000	0.0000	0.0000											
47	140	0.0178	3	1	2	0	0	0	0	0	0	N	Y	N	N	N	N	N	N	N	N	N	N	0.0000	0.0000	0.0000	0.0000	0.0000	0.0000	0.0000	0.0000	0.0000	0.0000	0.0000	0.0000	0.0000	0.0044	0.0085	0.0000	0.4166	0.4227	0.0000	0.0000	0.0000	0.0000	0.0000	0.0000	-0.0000	0.0002	0.0000	4.0036	4.0001	0.0000	0.0000	0.0000	0.0000	0.0000	0.0000	0.0000	0.0000	0.0000	0.0001	0.0001	0.0000	0.0001	0.0001	0.0000	0.0000	0.0000	0.0000	0.0000	0.0000	0.0000	0.0000	0.0000	0.0000	0.0000	0.0000	0.0000	0.0226	0.0117	0.0108	0.0002	0.0002	0.0000	0.0223	0.0115	0.0108	0.0000	0.0000	0.0000	0.0000	0.0000	0.0000	0.0000	0.0000	0.0000	0.0044	0.0085	0.0000	0.4166	0.4227	0.0000	0.0000	0.0000	0.0000						
47	141	0.5892	13	1	2	0	0	0	0	0	0	N	Y	N	N	N	N	N	N	N	N	N	N	0.0000	0.0000	0.0000	0.0000	0.0000	0.0000	0.0000	0.0000	0.0000	0.0000	0.0000	0.0000	0.0000	0.0000	0.0000	0.0004	0.0006	0.0000	0.0008	0.0010	0.0000	0.0000	0.0000	0.0000	0.0000	0.0000	-0.0000	0.0002	1.0003	4.0036	5.0186	0.0000	0.0000	0.0000	0.0000	0.0000	0.0000	0.0000	0.0000	0.0000	0.0000	0.0000	0.0000	0.0000	0.0000	0.0000	0.0000	0.0000	0.0000	0.0000	0.0000	0.0000	0.0000	0.0000	0.0000	0.0000	0.0000	0.0000	0.0240	0.0161	0.0078	0.0125	0.0104	0.0022	0.0114	0.0058	0.0056	0.0000	0.0000	0.0000	0.0000	0.0000	0.0000	0.0000	0.0000	0.0000	0.0004	0.0006	0.0000	0.0008	0.0010	0.0000	0.0000	0.0000	0.0000				
47	142	0.0541	5	1	1	1	1	0	0	0	0	N	N	N	N	N	N	N	N	N	N	N	N	0.0000	0.0000	0.0000	0.0000	0.0000	0.0000	0.0000	0.0000	0.0000	0.0000	0.0000	0.0000	0.0000	0.0000	0.0000	0.0000	0.0000	0.0000	0.0000	0.0000	0.0002	0.0001	4.0036	9.0026	0.0000	0.0000	0.0000	0.0000	0.0000	0.0000	0.0000	0.0000	0.0000	0.0000	0.0000	0.0000	0.0000	0.0000	0.0000	0.0000	0.0000	0.0000	0.0000	0.0000	0.0000	0.0000	0.0000	0.0000	0.0000	0.0000	0.0000	0.0498	0.0265	0.0233	0.0029	0.0024	0.0005	0.0470	0.0242	0.0228	0.0000	0.0000	0.0000	0.0000	0.0000	0.0000	0.0000	0.0000	0.0000	0.0000	0.0000	0.0000	0.0000	0.0000	0.0000	0.0000	0.0000	0.0000											
47	143	0.5747	13	1	1	1	1	0	0	0	0	N	N	N	N	N	N	N	N	N	N	N	N	0.0000	0.0000	0.0000	0.0000	0.0000	0.0000	0.0000	0.0000	0.0000	0.0000	0.0000	0.0000	0.0000	0.0000	0.0000	0.0000	0.0000	0.0000	37.3553	107.0921	0.5742	0.0074	0.0078	0.0056	49.9724	97.8849	0.7805	0.0078	0.0000	-0.4522	0.0002	2.0061	4.0036	8.0425	0.0000	0.0000	0.0000	0.0000	0.0000	0.0000	0.0000	0.0000	0.0000	1.0034	0.9957	0.0078	0.0002	0.0001	0.0000	1.0033	0.9956	0.0077	0.0000	0.0000	0.0000	0.0000	0.0000	0.0000	0.0000	0.0000	0.0000	0.0404	0.0269	0.0135	0.0203	0.0167	0.0036	0.0201	0.0102	0.0099	0.0000	0.0000	0.0000	0.0000	0.0000	0.0000	0.0000	0.0000	0.0000	24.8345	37.0072	0.5742	0.0074	0.0078	0.0056	49.9724	97.8849	0.7805	
47	144	0.5656	12	1	1	0	1	0	0	0	0	N	N	N	N	N	N	N	N	N	N	N	N	0.0000	0.0000	0.0000	0.0000	0.0000	0.0000	0.0000	0.0000	0.0000	0.0000	0.0000	0.0000	0.0000	0.0000	0.0000	0.0000	0.0000	0.0000	117.1990	0.0038	248.9809	0.0069	0.0026	0.0393	77.1835	0.0059	266.9039	14136.3155	0.0000	0.5348	0.0002	1.9550	4.0036	2.1189	0.0000	0.0000	0.0000	0.0000	0.0000	0.0000	0.0000	0.0000	0.0000	0.9875	0.0001	0.9874	0.0001	0.0000	0.0001	0.9874	0.0000	0.9874	0.0000	0.0000	0.0000	0.0000	0.0000	0.0000	0.0000	0.0000	0.0000	0.0257	0.0182	0.0075	0.0129	0.0114	0.0015	0.0128	0.0068	0.0060	0.0000	0.0000	0.0000	0.0000	0.0000	0.0000	0.0000	0.0000	0.0000	38.3953	0.0038	131.2049	0.0069	0.0026	0.0393	77.1835	0.0059	164.1403	
47	145	0.5656	12	1	1	1	1	0	0	0	0	N	N	N	N	N	N	N	N	N	N	N	N	0.0000	0.0000	0.0000	0.0000	0.0000	0.0000	0.0000	0.0000	0.0000	0.0000	0.0000	0.0000	0.0000	0.0000	0.0000	0.0297	0.0441	0.0000	0.0599	0.0715	0.0000	0.0000	0.0000	0.0000	0.0000	0.0000	-0.0012	0.0002	2.1261	4.0036	18.6477	0.0000	0.0000	0.0000	0.0000	0.0000	0.0000	0.0000	0.0000	0.0000	0.0026	0.0026	0.0000	0.0026	0.0026	0.0000	0.0000	0.0000	0.0000	0.0000	0.0000	0.0000	0.0000	0.0000	0.0000	0.0000	0.0000	0.0000	0.0872	0.0589	0.0283	0.0433	0.0363	0.0070	0.0439	0.0226	0.0213	0.0000	0.0000	0.0000	0.0000	0.0000	0.0000	0.0000	0.0000	0.0000	0.0297	0.0441	0.0000	0.0599	0.0715	0.0000	0.0000	0.0000	0.0000				
47	146	0.0541	5	1	1	1	1	0	0	0	0	N	N	N	N	N	N	N	N	N	N	N	N	0.0000	0.0000	0.0000	0.0000	0.0000	0.0000	0.0000	0.0000	0.0000	0.0000	0.0000	0.0000	0.0000	0.0000	0.0000	0.0000	0.0000	0.0000	0.0000	0.0000	0.0002	2.0001	4.0036	5.9880	0.0000	0.0000	0.0000	0.0000	0.0000	0.0000	0.0000	0.0000	0.0000	0.0000	0.0000	0.0000	0.0000	0.0000	0.0000	0.0000	0.0000	0.0000	0.0000	0.0000	0.0000	0.0000	0.0000	0.0000	0.0000	0.0000	0.0000	0.0444	0.0237	0.0208	0.0026	0.0021	0.0004	0.0419	0.0215	0.0203	0.0000	0.0000	0.0000	0.0000	0.0000	0.0000	0.0000	0.0000	0.0000	0.0000	0.0000	0.0000	0.0000	0.0000	0.0000	0.0000	0.0000	0.0000											
47	147	0.0541	5	1	1	1	1	0	0	0	0	N	N	N	N	N	N	N	N	N	N	N	N	0.0000	0.0000	0.0000	0.0000	0.0000	0.0000	0.0000	0.0000	0.0000	0.0000	0.0000	0.0000	0.0000	0.0000	0.0000	7.9251	0.0000	29.8093	0.0132	0.0000	0.0780	6.5493	0.0000	25.6274	inf	0.0000	0.5393	0.0002	9.0001	4.0036	23.0169	0.0000	0.0000	0.0000	0.0000	0.0000	0.0000	0.0000	0.0000	0.0000	0.9957	0.0000	0.9957	0.0001	0.0000	0.0001	0.9956	0.0000	0.9956	0.0000	0.0000	0.0000	0.0000	0.0000	0.0000	0.0000	0.0000	0.0000	0.1611	0.0865	0.0747	0.0091	0.0076	0.0015	0.1520	0.0789	0.0731	0.0000	0.0000	0.0000	0.0000	0.0000	0.0000	0.0000	0.0000	0.0000	6.1792	0.0000	13.3349	0.0132	0.0000	0.0780	6.5493	0.0000	13.6139				
47	148	0.0288	4	1	1	0	1	0	0	0	0	N	N	N	N	N	N	N	N	N	N	N	N	0.0000	0.0000	0.0000	0.0000	0.0000	0.0000	0.0000	0.0000	0.0000	0.0000	0.0000	0.0000	0.0000	0.0000	0.0000	0.0000	0.0000	0.0007	0.0013	0.0000	0.0102	0.0108	0.0000	0.0000	0.0000	0.0000	0.0000	0.0000	-0.0000	0.0002	1.9990	4.0036	7.9526	0.0000	0.0000	0.0000	0.0000	0.0000	0.0000	0.0000	0.0000	0.0000	0.0000	0.0000	0.0000	0.0000	0.0000	0.0000	0.0000	0.0000	0.0000	0.0000	0.0000	0.0000	0.0000	0.0000	0.0000	0.0000	0.0000	0.0000	0.0606	0.0329	0.0277	0.0041	0.0038	0.0002	0.0565	0.0290	0.0275	0.0000	0.0000	0.0000	0.0000	0.0000	0.0000	0.0000	0.0000	0.0000	0.0007	0.0013	0.0000	0.0102	0.0108	0.0000	0.0000	0.0000	0.0000		
47	149	0.0607	5	2	2	0	0	0	0	0	0	Y	Y	N	N	N	N	N	N	N	N	N	N	0.0000	0.0000	0.0000	0.0000	0.0000	0.0000	0.0000	0.0000	0.0000	0.0000	0.0000	0.0000	0.0000	0.0000	0.0000	0.0000	0.0000	0.0221	0.0384	0.0000	0.1858	0.2031	0.0000	0.0000	0.0000	0.0000	0.0000	0.0000	-0.0014	0.0002	5.3497	4.0036	17.2225	0.0000	0.0000	0.0000	0.0000	0.0000	0.0000	0.0000	0.0000	0.0000	0.0030	0.0030	0.0000	0.0030	0.0030	0.0000	0.0000	0.0000	0.0000	0.0000	0.0000	0.0000	0.0000	0.0000	0.0000	0.0000	0.0000	0.0000	0.1344	0.0773	0.0570	0.0160	0.0146	0.0014	0.1184	0.0627	0.0557	0.0000	0.0000	0.0000	0.0000	0.0000	0.0000	0.0000	0.0000	0.0000	0.0221	0.0384	0.0000	0.1858	0.2031	0.0000	0.0000	0.0000	0.0000		
47	150	0.0915	6	1	2	0	0	0	0	0	0	N	Y	N	N	N	N	N	N	N	N	N	N	0.0000	0.0000	0.0000	0.0000	0.0000	0.0000	0.0000	0.0000	0.0000	0.0000	0.0000	0.0000	0.0000	0.0000	0.0000	0.0000	0.0000	0.0000	0.0315	0.0521	0.0001	0.1457	0.1617	0.0008	0.0000	0.0000	0.0000	0.0006	0.0000	-0.0019	0.0002	3.6794	4.0036	17.4287	0.0000	0.0000	0.0000	0.0000	0.0000	0.0000	0.0000	0.0000	0.0000	0.0042	0.0042	0.0000	0.0042	0.0042	0.0000	0.0000	0.0000	0.0000	0.0000	0.0000	0.0000	0.0000	0.0000	0.0000	0.0000	0.0000	0.0000	0.1343	0.0813	0.0530	0.0291	0.0262	0.0029	0.1053	0.0551	0.0502	0.0000	0.0000	0.0000	0.0000	0.0000	0.0000	0.0000	0.0000	0.0000	0.0315	0.0521	0.0001	0.1457	0.1617	0.0008	0.0000	0.0000	0.0000	
47	151	0.0607	5	1	2	0	0	0	0	0	0	N	Y	N	N	N	N	N	N	N	N	N	N	0.0000	0.0000	0.0000	0.0000	0.0000	0.0000	0.0000	0.0000	0.0000	0.0000	0.0000	0.0000	0.0000	0.0000	0.0000	0.0000	0.0000	0.0000	0.0462	0.0675	0.0148	0.0016	0.0017	0.0002	0.0543	0.0884	0.0151	0.1479	0.0000	-0.0014	0.0002	3.4464	4.0036	10.1316	0.0000	0.0000	0.0000	0.0000	0.0000	0.0000	0.0000	0.0000	0.0000	0.0043	0.0037	0.0005	0.0000	0.0000	0.0000	0.0042	0.0037	0.0005	0.0000	0.0000	0.0000	0.0000	0.0000	0.0000	0.0000	0.0000	0.0000	0.0920	0.0549	0.0372	0.0141	0.0132	0.0009	0.0780	0.0417	0.0363	0.0000	0.0000	0.0000	0.0000	0.0000	0.0000	0.0000	0.0000	0.0000	0.0462	0.0675	0.0148	0.0016	0.0017	0.0002	0.0543	0.0884	0.0151	
47	152	0.5960	15	2	2	0	0	0	0	0	0	Y	Y	N	N	N	N	N	N	N	N	N	N	0.0000	0.0000	0.0000	0.0000	0.0000	0.0000	0.0000	0.0000	0.0000	0.0000	0.0000	0.0000	0.0000	0.0000	0.0000	0.0000	0.0000	0.0000	0.0000	0.0000	0.0002	1.0143	4.0036	12.0086	0.0000	0.0000	0.0000	0.0000	0.0000	0.0000	0.0000	0.0000	0.0000	0.0000	0.0000	0.0000	0.0000	0.0000	0.0000	0.0000	0.0000	0.0000	0.0000	0.0000	0.0000	0.0000	0.0000	0.0000	0.0000	0.0000	0.0000	0.0498	0.0335	0.0163	0.0259	0.0214	0.0045	0.0239	0.0122	0.0118	0.0000	0.0000	0.0000	0.0000	0.0000	0.0000	0.0000	0.0000	0.0000	0.0000	0.0000	0.0000	0.0000	0.0000	0.0000	0.0000	0.0000	0.0000											
47	153	0.5938	14	2	2	0	0	0	0	0	0	Y	Y	N	N	N	N	N	N	N	N	N	N	0.0000	0.0000	0.0000	0.0000	0.0000	0.0000	0.0000	0.0000	0.0000	0.0000	0.0000	0.0000	0.0000	0.0000	0.0000	0.0000	0.0000	0.0000	0.0000	0.0000	0.0002	0.9811	4.0036	0.0216	0.0000	0.0000	0.0000	0.0000	0.0000	0.0000	0.0000	0.0000	0.0000	0.0000	0.0000	0.0000	0.0000	0.0000	0.0000	0.0000	0.0000	0.0000	0.0000	0.0000	0.0000	0.0000	0.0000	0.0000	0.0000	0.0000	0.0000	0.0041	0.0027	0.0013	0.0021	0.0018	0.0004	0.0019	0.0010	0.0010	0.0000	0.0000	0.0000	0.0000	0.0000	0.0000	0.0000	0.0000	0.0000	0.0000	0.0000	0.0000	0.0000	0.0000	0.0000	0.0000	0.0000	0.0000											
47	154	0.5892	13	2	2	0	0	0	0	0	0	Y	Y	N	N	N	N	N	N	N	N	N	N	0.0000	0.0000	0.0000	0.0000	0.0000	0.0000	0.0000	0.0000	0.0000	0.0000	0.0000	0.0000	0.0000	0.0000	0.0000	0.0012	0.0018	0.0000	0.0023	0.0027	0.0000	0.0000	0.0000	0.0000	0.0000	0.0000	-0.0000	0.0002	0.0083	4.0036	2.0001	0.0000	0.0000	0.0000	0.0000	0.0000	0.0000	0.0000	0.0000	0.0000	0.0000	0.0000	0.0000	0.0000	0.0000	0.0000	0.0000	0.0000	0.0000	0.0000	0.0000	0.0000	0.0000	0.0000	0.0000	0.0000	0.0000	0.0000	0.0083	0.0056	0.0027	0.0044	0.0036	0.0007	0.0040	0.0020	0.0020	0.0000	0.0000	0.0000	0.0000	0.0000	0.0000	0.0000	0.0000	0.0000	0.0012	0.0018	0.0000	0.0023	0.0027	0.0000	0.0000	0.0000	0.0000				
47	155	0.5656	12	1	2	0	0	0	0	0	0	N	Y	N	N	N	N	N	N	N	N	N	N	0.0000	0.0000	0.0000	0.0000	0.0000	0.0000	0.0000	0.0000	0.0000	0.0000	0.0000	0.0000	0.0000	0.0000	0.0000	0.0525	0.0765	0.0000	0.1046	0.1226	0.0000	0.0004	0.0008	0.0000	0.0000	0.0000	-0.0012	0.0002	2.9180	4.0036	7.4065	0.0000	0.0000	0.0000	0.0000	0.0000	0.0000	0.0000	0.0000	0.0000	0.0026	0.0026	0.0000	0.0026	0.0026	0.0000	0.0000	0.0000	0.0000	0.0000	0.0000	0.0000	0.0000	0.0000	0.0000	0.0000	0.0000	0.0000	0.0496	0.0340	0.0156	0.0248	0.0212	0.0036	0.0248	0.0129	0.0120	0.0000	0.0000	0.0000	0.0000	0.0000	0.0000	0.0000	0.0000	0.0000	0.0525	0.0765	0.0000	0.1046	0.1226	0.0000	0.0004	0.0008	0.0000				
47	156	0.4998	11	1	1	0	0	0	0	0	0	N	N	N	N	N	N	N	N	N	N	N	N	0.0000	0.0000	0.0000	0.0000	0.0000	0.0000	0.0000	0.0000	0.0000	0.0000	0.0000	0.0000	0.0000	0.0000	0.0000	0.0000	0.0000	0.0000	0.0973	0.1162	0.0548	0.1523	0.1796	0.0019	0.0360	0.0013	0.0737	0.2094	0.0000	-0.0042	0.0002	8.2479	4.0036	19.7214	0.0000	0.0000	0.0000	0.0000	0.0000	0.0000	0.0000	0.0000	0.0000	0.0146	0.0121	0.0025	0.0121	0.0120	0.0000	0.0026	0.0000	0.0025	0.0000	0.0000	0.0000	0.0000	0.0000	0.0000	0.0000	0.0000	0.0000	0.1503	0.1040	0.0462	0.0792	0.0671	0.0122	0.0710	0.0370	0.0341	0.0000	0.0000	0.0000	0.0000	0.0000	0.0000	0.0000	0.0000	0.0000	0.0973	0.1162	0.0548	0.1523	0.1796	0.0019	0.0360	0.0013	0.0737	
47	157	0.4636	10	1	1	0	0	0	0	0	0	N	N	N	N	N	N	N	N	N	N	N	N	0.0000	0.0000	0.0000	0.0000	0.0000	0.0000	0.0000	0.0000	0.0000	0.0000	0.0000	0.0000	0.0000	0.0000	0.0000	0.0000	0.0000	0.0000	0.1764	0.2403	0.0295	0.1735	0.2086	0.0009	0.1800	0.3026	0.0423	0.0534	0.0000	-0.0107	0.0002	7.4725	4.0036	14.3153	0.0000	0.0000	0.0000	0.0000	0.0000	0.0000	0.0000	0.0000	0.0000	0.0263	0.0249	0.0013	0.0144	0.0143	0.0000	0.0119	0.0106	0.0013	0.0000	0.0000	0.0000	0.0000	0.0000	0.0000	0.0000	0.0000	0.0000	0.1489	0.1038	0.0451	0.0827	0.0688	0.0140	0.0662	0.0350	0.0312	0.0000	0.0000	0.0000	0.0000	0.0000	0.0000	0.0000	0.0000	0.0000	0.1764	0.2403	0.0295	0.1735	0.2086	0.0009	0.1800	0.3026	0.0423	
47	158	0.3981	9	1	1	0	0	0	0	0	0	N	N	N	N	N	N	N	N	N	N	N	N	0.0000	0.0000	0.0000	0.0000	0.0000	0.0000	0.0000	0.0000	0.0000	0.0000	0.0000	0.0000	0.0000	0.0000	0.0000	0.0000	0.0000	0.0000	0.2632	0.3708	0.0221	0.3874	0.4584	0.0009	0.1362	0.2293	0.0293	0.0265	0.0000	-0.0239	0.0002	11.6653	4.0036	19.4910	0.0000	0.0000	0.0000	0.0000	0.0000	0.0000	0.0000	0.0000	0.0000	0.0552	0.0538	0.0014	0.0411	0.0411	0.0000	0.0141	0.0127	0.0014	0.0000	0.0000	0.0000	0.0000	0.0000	0.0000	0.0000	0.0000	0.0000	0.2099	0.1451	0.0648	0.1061	0.0896	0.0165	0.1038	0.0555	0.0483	0.0000	0.0000	0.0000	0.0000	0.0000	0.0000	0.0000	0.0000	0.0000	0.2632	0.3708	0.0221	0.3874	0.4584	0.0009	0.1362	0.2293	0.0293	
47	159	0.3509	8	1	1	0	0	0	0	0	0	N	N	N	N	N	N	N	N	N	N	N	N	0.0007	0.0006	0.0000	0.0000	0.0000	0.0000	0.0063	0.0055	0.0000	0.0006	0.0007	0.0000	0.0000	0.0000	0.0000	0.0023	0.0027	0.0000	0.8606	1.1717	0.1864	1.3330	1.5637	0.0221	0.3701	0.4955	0.2387	0.0000	0.0734	-0.0000	-0.0707	0.0002	7.3933	4.0036	20.5306	0.0000	0.0000	0.0000	0.0000	0.0000	0.0000	0.0000	0.0000	0.0000	0.1814	0.1690	0.0124	0.1431	0.1427	0.0004	0.0383	0.0262	0.0120	0.0000	0.0000	0.0000	0.0000	0.0000	0.0000	0.0000	0.0000	0.0000	0.2107	0.1442	0.0665	0.1073	0.0913	0.0161	0.1034	0.0529	0.0505	0.0007	0.0006	0.0000	0.0000	0.0000	0.0000	0.0063	0.0055	0.0000	0.8606	1.1717	0.1864	1.3330	1.5637	0.0221	0.3701	0.4955	0.2387
47	160	0.1147	7	1	1	0	0	0	0	0	0	N	N	N	N	N	N	N	N	N	N	N	N	5.5462	18.9057	0.0000	0.0000	0.0000	0.0000	7.2462	23.8438	0.0000	2.4968	2.7054	0.0000	0.0000	0.0000	0.0000	3.7090	4.1766	0.0000	0.4502	0.1431	0.8473	0.0012	0.0010	0.0026	0.5118	0.1752	0.8815	0.0000	4.5782	-0.0001	0.0525	0.0002	27.6416	4.0036	54.6365	0.0002	0.0002	0.0000	0.0000	0.0000	0.0000	0.0002	0.0002	0.0000	0.1450	0.0260	0.1190	0.0000	0.0000	0.0000	0.1450	0.0260	0.1190	0.0001	0.0001	0.0000	0.0000	0.0000	0.0000	0.0001	0.0000	0.0000	0.3221	0.1817	0.1404	0.0389	0.0334	0.0055	0.2832	0.1482	0.1350	5.5462	18.9057	0.0000	0.0000	0.0000	0.0000	7.2462	23.8438	0.0000	0.4502	0.1431	0.8473	0.0012	0.0010	0.0026	0.5118	0.1752	0.8815
48	50	0.2480	2	0	1	1	1	0	0	0	0	N	N	N	N	N	N	N	N	N	N	N	N	0.0881	0.1346	0.0000	2.0382	2.8629	0.0000	0.0000	0.0000	0.0000	0.2711	0.3161	0.0000	3.7085	3.8770	0.0000	0.0000	0.0000	0.0000	3.0767	2.3485	4.3022	1.8195	1.3542	4.7008	3.5667	2.9707	4.2556	0.0000	1.0886	-0.1342	0.9092	6.0036	31.2093	51.7820	46.3939	0.3041	0.3041	0.0000	0.3041	0.3041	0.0000	0.0000	0.0000	0.0000	14.4672	6.9267	7.5405	2.3993	1.5375	0.8618	12.0679	5.3892	6.6787	1.1220	0.9622	0.1598	0.0820	0.0784	0.0036	1.0400	0.8838	0.1563	4.7022	2.9495	1.7527	1.3186	1.1353	0.1833	3.3835	1.8142	1.5694	0.0881	0.1346	0.0000	2.0382	2.8629	0.0000	0.0000	0.0000	0.0000	3.0767	2.3485	4.3022	1.8195	1.3542	4.7008	3.5667	2.9707	4.2556
48	51	0.1952	2	0	2	0	1	0	0	0	0	N	Y	N	N	N	N	N	N	N	N	N	N	0.0000	0.0001	0.0000	0.0018	0.0018	0.0000	0.0000	0.0000	0.0000	0.0001	0.0002	0.0000	0.0039	0.0040	0.0000	0.0000	0.0000	0.0000	3.0943	3.0084	3.2463	2.1012	2.2521	0.6507	3.5182	3.5654	3.4662	0.0252	0.6098	-0.0000	-0.4712	6.0036	4.1516	51.7820	14.5664	0.0000	0.0000	0.0000	0.0000	0.0000	0.0000	0.0000	0.0000	0.0000	5.9209	3.6781	2.2428	1.2029	1.1678	0.0351	4.7180	2.5103	2.2077	0.1569	0.1329	0.0240	0.0052	0.0050	0.0002	0.1517	0.1279	0.0238	1.9135	1.2226	0.6909	0.5725	0.5186	0.0539	1.3410	0.7041	0.6369	0.0000	0.0001	0.0000	0.0018	0.0018	0.0000	0.0000	0.0000	0.0000	3.0943	3.0084	3.2463	2.1012	2.2521	0.6507	3.5182	3.5654	3.4662
48	52	0.2757	4	1	1	1	1	0	0	0	0	N	N	N	N	N	N	N	N	N	N	N	N	0.0467	0.0000	0.5015	0.0000	0.0000	0.0000	0.1931	0.4808	0.0034	0.0000	0.0300	0.0000	0.0000	0.0000	0.0054	0.0000	0.0302	0.0727	0.0796	0.0598	0.1765	0.1956	0.0320	0.0282	0.0000	0.0629	inf	0.4027	0.0000	-0.0010	6.0036	0.0028	51.7820	0.9232	0.0000	0.0000	0.0000	0.0000	0.0000	0.0000	0.0000	0.0000	0.0000	0.0059	0.0042	0.0017	0.0043	0.0042	0.0001	0.0016	0.0000	0.0016	0.0004	0.0004	0.0000	0.0002	0.0002	0.0000	0.0003	0.0002	0.0000	0.0814	0.0530	0.0284	0.0244	0.0216	0.0029	0.0570	0.0314	0.0256	0.0467	0.0000	0.5015	0.0000	0.0000	0.0000	0.1931	0.0000	0.4808	0.0727	0.0796	0.0598	0.1765	0.1956	0.0320	0.0282	0.0000	0.0629	
48	53	0.6550	8	0	2	0	1	0	0	0	0	N	Y	N	N	N	N	N	N	N	N	N	N	0.0013	0.0006	0.0070	0.0000	0.0000	0.0000	0.0016	0.0007	0.0070	0.0022	0.0012	0.0091	0.0000	0.0000	0.0000	0.0029	0.0016	0.0100	1.7257	1.9213	1.3091	1.6509	1.7775	1.0151	1.8191	2.2278	1.4283	1.1899	0.3199	0.0001	-0.7631	6.0036	8.5400	51.7820	19.3759	0.0008	0.0004	0.0004	0.0000	0.0000	0.0000	0.0008	0.0004	0.0004	3.5326	2.6765	0.8562	1.8770	1.6855	0.1916	1.6556	0.9910	0.6646	0.3682	0.3199	0.0483	0.0900	0.0856	0.0044	0.2782	0.2343	0.0439	2.0471	1.3931	0.6540	1.1369	0.9482	0.1887	0.9102	0.4448	0.4653	0.0013	0.0006	0.0070	0.0000	0.0000	0.0000	0.0016	0.0007	0.0070	1.7257	1.9213	1.3091	1.6509	1.7775	1.0151	1.8191	2.2278	1.4283
48	54	0.5920	7	0	1	0	1	0	0	0	0	N	N	N	N	N	N	N	N	N	N	N	N	1.1356	2.4545	0.0433	0.0042	0.0047	0.0013	1.1527	5.2364	0.0404	2.4739	2.8061	0.1899	0.0064	0.0066	0.0030	3.2562	3.8113	0.2059	2.1785	1.1432	4.3867	1.5343	1.3998	2.2424	2.8248	0.7278	5.1030	0.0098	1.7990	-0.3598	0.9499	6.0036	7.3474	51.7820	24.2346	0.8341	0.8259	0.0081	0.0005	0.0005	0.0000	0.8336	0.8254	0.0081	5.1522	1.8407	3.3115	1.8171	1.3933	0.4239	3.3350	0.4475	2.8876	0.3371	0.2943	0.0428	0.0812	0.0778	0.0034	0.2560	0.2166	0.0394	2.3650	1.6101	0.7549	1.1844	0.9953	0.1890	1.1806	0.6148	0.5659	1.1356	2.4545	0.0433	0.0042	0.0047	0.0013	1.1527	5.2364	0.0404	2.1785	1.1432	4.3867	1.5343	1.3998	2.2424	2.8248	0.7278	5.1030
48	55	0.5622	6	0	1	0	1	0	0	0	0	N	N	N	N	N	N	N	N	N	N	N	N	0.9537	1.1729	1.1608	1.6792	1.5436	0.0457	0.6669	1.7116	0.9728	2.2252	1.8761	4.7341	3.1212	3.2225	0.0194	1.8931	1.3038	5.0894	2.3332	1.5996	4.0785	1.8587	2.0876	0.4243	2.8388	0.7618	5.2316	0.3510	1.0719	-0.0723	0.2753	6.0036	3.4216	51.7820	15.9376	0.3987	0.2951	0.1036	0.1512	0.1512	0.0000	0.2475	0.1439	0.1036	4.6682	2.2532	2.4151	1.9184	1.8582	0.0603	2.7498	0.3950	2.3548	0.1792	0.1573	0.0219	0.0484	0.0469	0.0015	0.1307	0.1104	0.0203	2.0008	1.4086	0.5922	1.0321	0.8901	0.1420	0.9687	0.5185	0.4501	0.9537	1.1729	1.1608	1.6792	1.5436	0.0457	0.6669	1.7116	0.9728	2.3332	1.5996	4.0785	1.8587	2.0876	0.4243	2.8388	0.7618	5.2316
48	56	0.2789	2	0	2	0	1	0	0	0	0	N	Y	N	N	N	N	N	N	N	N	N	N	0.0290	0.0024	0.1138	0.0106	0.0141	0.0074	0.0288	0.0008	0.1297	0.0938	0.0054	0.5914	0.0302	0.0292	0.0536	0.1016	0.0020	0.6087	3.2370	2.2309	5.1973	2.8634	2.0751	7.2521	3.5295	2.4318	4.6928	19.6121	1.1957	0.0019	0.5414	6.0036	0.9891	51.7820	20.6926	0.0037	0.0002	0.0035	0.0001	0.0001	0.0000	0.0036	0.0001	0.0035	6.2809	2.8605	3.4204	2.4396	1.4987	0.9409	3.8413	1.3618	2.4795	0.0395	0.0336	0.0060	0.0043	0.0041	0.0002	0.0352	0.0295	0.0058	1.9403	1.2822	0.6581	0.8520	0.7222	0.1297	1.0884	0.5600	0.5284	0.0290	0.0024	0.1138	0.0106	0.0141	0.0074	0.0288	0.0008	0.1297	3.2370	2.2309	5.1973	2.8634	2.0751	7.2521	3.5295	2.4318	4.6928
48	59	0.5425	6	0	2	0	2	0	0	0	0	N	Y	N	Y	N	N	N	N	N	N	N	N	1.3909	0.0001	7.5358	0.0002	0.0001	0.0172	2.0883	0.0000	6.0819	1.9979	0.0001	15.9132	0.0003	0.0002	0.0028	2.8472	0.0000	17.9141	1.4364	1.1483	2.1117	1.4974	1.7599	0.1656	1.3634	0.0170	2.9455	33328.6667	0.7844	0.5588	-0.0865	6.0036	10.4254	51.7820	21.2017	0.9999	0.0000	0.9999	0.0000	0.0000	0.0000	0.9998	0.0000	0.9998	4.6101	2.5835	2.0266	2.6178	2.5701	0.0477	1.9923	0.0134	1.9789	0.5005	0.4376	0.0628	0.1493	0.1423	0.0070	0.3512	0.2954	0.0558	3.2095	2.2498	0.9597	1.7482	1.4603	0.2879	1.4613	0.7894	0.6718	1.3909	0.0001	7.5358	0.0002	0.0001	0.0172	2.0883	0.0000	6.0819	1.4364	1.1483	2.1117	1.4974	1.7599	0.1656	1.3634	0.0170	2.9455
48	60	0.2757	4	1	1	1	1	0	0	0	0	N	N	N	N	N	N	N	N	N	N	N	N	0.0000	0.0000	0.0095	0.0000	0.0000	0.0000	0.0000	0.0000	0.0091	0.0000	0.0000	0.0001	0.0000	0.0000	0.0000	0.0000	0.0000	0.0001	2.9006	4.9800	0.0124	0.0013	0.0003	0.0060	3.8334	7.1912	0.0132	inf	0.0017	0.0000	-0.4555	6.0036	1.9981	51.7820	3.0867	0.0000	0.0000	0.0000	0.0000	0.0000	0.0000	0.0000	0.0000	0.0000	0.9975	0.9958	0.0017	0.0001	0.0000	0.0001	0.9974	0.9958	0.0016	0.0754	0.0638	0.0116	0.0031	0.0029	0.0003	0.0723	0.0609	0.0114	0.3439	0.2069	0.1370	0.0837	0.0685	0.0152	0.2602	0.1385	0.1217	0.0000	0.0000	0.0095	0.0000	0.0000	0.0000	0.0000	0.0000	0.0091	2.9006	4.8120	0.0124	0.0013	0.0003	0.0060	3.8334	7.1912	0.0132
48	61	0.2324	3	1	1	1	1	0	0	0	0	N	N	N	N	N	N	N	N	N	N	N	N	0.0065	0.0000	0.0107	0.0000	0.0000	0.0000	0.0054	0.0000	0.0120	0.0239	0.0000	0.1561	0.0000	0.0000	0.0000	0.0251	0.0000	0.1596	3.6726	0.0056	14.6046	0.1503	0.0005	0.9173	4.6708	0.0079	13.2975	inf	1074.8961	0.0020	2.5455	6.0036	4.0039	51.7820	14.0733	0.0036	0.0000	0.0036	0.0000	0.0000	0.0000	0.0036	0.0000	0.0036	4.7078	0.0044	4.7034	0.0425	0.0001	0.0424	4.6652	0.0043	4.6609	0.1504	0.1274	0.0231	0.0069	0.0064	0.0005	0.1435	0.1210	0.0225	1.2819	0.7747	0.5072	0.2831	0.2368	0.0463	0.9988	0.5379	0.4609	0.0065	0.0000	0.0168	0.0000	0.0000	0.0000	0.0054	0.0000	0.0158	3.6726	0.0056	9.2736	0.1503	0.0005	0.9173	4.6708	0.0079	10.1123
48	62	0.2517	4	1	1	1	1	0	0	0	0	N	N	N	N	N	N	N	N	N	N	N	N	0.0000	0.0000	0.0000	0.0000	0.0000	0.0000	0.0000	0.0000	0.0000	0.0000	0.0000	0.0000	0.0000	0.0000	0.0000	0.0000	0.0000	0.0000	1.9061	3.2422	0.0677	4.2913	5.2299	0.0208	1.2232	2.3278	0.0726	0.0152	0.0000	-0.9139	6.0036	0.0060	51.7820	17.2393	0.0000	0.0000	0.0000	0.0000	0.0000	0.0000	0.0000	0.0000	0.0000	2.0610	2.0302	0.0308	1.0328	1.0319	0.0009	1.0282	0.9983	0.0299	0.0010	0.0009	0.0001	0.0004	0.0004	0.0000	0.0006	0.0005	0.0001	1.0813	0.6262	0.4551	0.2407	0.1973	0.0434	0.8406	0.4289	0.4117	0.0000	0.0000	0.0000	0.0000	0.0000	0.0000	0.0000	0.0000	0.0000	1.9061	3.2422	0.0677	4.2913	5.2299	0.0208	1.2232	2.3278	0.0726	
48	63	0.1952	2	0	1	1	1	0	0	0	0	N	N	N	N	N	N	N	N	N	N	N	N	0.0002	0.0108	0.0000	0.0032	0.0581	0.0000	0.0000	0.0000	0.0005	0.0005	0.0001	0.0060	0.0061	0.0000	0.0000	0.0000	0.0001	2.5430	0.0500	9.2025	1.9049	0.1058	35.8049	2.8734	0.0000	6.0637	0.0252	76.3178	-0.0000	2.1795	6.0036	1.0230	51.7820	12.1924	0.0000	0.0000	0.0000	0.0000	0.0000	0.0000	0.0000	0.0000	0.0000	4.1225	0.0533	4.0692	1.0535	0.0533	1.0001	3.0690	0.0000	3.0690	0.0432	0.0369	0.0063	0.0033	0.0033	0.0001	0.0399	0.0337	0.0062	1.6211	1.0659	0.5553	0.5530	0.5039	0.0491	1.0681	0.5620	0.5061	0.0002	0.0108	0.0000	0.0032	0.0581	0.0000	0.0000	0.0000	0.0000	2.5430	0.0500	7.3283	1.9049	0.1058	20.3542	2.8734	0.0000	6.0637	
48	65	0.2808	3	0	2	0	1	0	0	0	0	N	Y	N	N	N	N	N	N	N	N	N	N	0.0426	0.0199	0.1100	0.0000	0.0000	0.0000	0.0344	0.0472	0.1018	0.0426	0.0003	0.3123	0.0000	0.0000	0.0000	0.0500	0.0004	0.3248	1.0001	0.0154	2.8399	0.0352	0.0255	0.1047	1.4558	0.0078	3.1897	160.0000	98.5490	0.0018	0.5577	6.0036	1.7555	51.7820	11.9300	0.0032	0.0000	0.0032	0.0000	0.0000	0.0000	0.0032	0.0000	0.0032	1.0492	0.0105	1.0386	0.0119	0.0075	0.0043	1.0373	0.0030	1.0343	0.0755	0.0653	0.0102	0.0112	0.0108	0.0004	0.0643	0.0545	0.0099	1.0491	0.6833	0.3657	0.3365	0.2951	0.0415	0.7125	0.3883	0.3243	0.0426	0.0199	0.1100	0.0000	0.0000	0.0000	0.0344	0.0472	0.1018	1.0001	0.0154	2.8399	0.0352	0.0255	0.1047	1.4558	0.0078	3.1897
48	66	0.2598	5	1	2	1	1	0	0	0	0	N	Y	N	N	N	N	N	N	N	N	N	N	0.0000	0.0000	0.0000	0.0000	0.0000	0.0000	0.0000	0.0000	0.0000	0.0000	0.0000	0.0000	0.0000	0.0000	0.0000	0.0000	0.0000	0.0000	0.0000	0.0000	6.0036	0.0000	51.7820	0.0000	0.0000	0.0000	0.0000	0.0000	0.0000	0.0000	0.0000	0.0000	0.0000	0.0000	0.0000	0.0000	0.0000	0.0000	0.0000	0.0000	0.0000	0.0000	0.0000	0.0000	0.0000	0.0000	0.0000	0.0000	0.0000	0.0000	0.0000	0.0000	0.0000	0.0000	0.0000	0.0000	0.0000	0.0000	0.0000	0.0000	0.0000	0.0000	0.0000	0.0000	0.0000	0.0000	0.0000	0.0000	0.0000	0.0000	0.0000	0.0000	0.0000	0.0000	0.0000	0.0000	0.0000	0.0000											
48	67	0.7643	8	1	2	1	1	0	0	0	0	N	Y	N	N	N	N	N	N	N	N	N	N	0.0000	0.0000	0.0000	0.0000	0.0000	0.0000	0.0000	0.0000	0.0000	0.0000	0.0000	0.0000	0.0000	15.0719	28.2073	0.0000	57.5183	74.1575	0.0000	0.0000	0.0000	0.0000	0.0000	0.0000	-0.9167	6.0036	1.0000	51.7820	3.0000	0.0000	0.0000	0.0000	0.0000	0.0000	0.0000	0.0000	0.0000	0.0000	2.0000	2.0000	0.0000	2.0000	2.0000	0.0000	0.0000	0.0000	0.0000	0.0298	0.0258	0.0041	0.0064	0.0060	0.0005	0.0234	0.0198	0.0036	0.1987	0.1367	0.0620	0.1113	0.0915	0.0198	0.0874	0.0452	0.0422	0.0000	0.0000	0.0000	0.0000	0.0000	0.0000	0.0000	0.0000	0.0000	10.0678	14.6338	0.0000	17.9713	21.8597	0.0000	0.0000	0.0000	0.0000						
48	68	0.2598	5	1	2	1	1	0	0	0	0	N	Y	N	N	N	N	N	N	N	N	N	N	0.0000	0.0000	0.0000	0.0000	0.0000	0.0000	0.0000	0.0000	0.0000	0.0000	0.0000	0.0000	0.0000	0.0000	0.0000	0.0000	0.0000	0.0000	0.0000	0.0000	6.0036	1.0000	51.7820	0.0000	0.0000	0.0000	0.0000	0.0000	0.0000	0.0000	0.0000	0.0000	0.0000	0.0000	0.0000	0.0000	0.0000	0.0000	0.0000	0.0000	0.0000	0.0000	0.0381	0.0322	0.0059	0.0019	0.0017	0.0001	0.0362	0.0305	0.0057	0.0646	0.0368	0.0278	0.0116	0.0099	0.0018	0.0530	0.0269	0.0261	0.0000	0.0000	0.0000	0.0000	0.0000	0.0000	0.0000	0.0000	0.0000	0.0000	0.0000	0.0000	0.0000	0.0000	0.0000	0.0000	0.0000	0.0000											
48	69	0.2434	4	1	2	1	1	0	0	0	0	N	Y	N	N	N	N	N	N	N	N	N	N	0.0000	0.0000	0.0000	0.0068	0.0066	0.0000	0.0000	0.0000	0.0000	0.0000	0.0000	0.0000	0.0000	0.0000	0.0000	0.0000	0.0000	1.9349	3.1471	0.0302	0.0034	0.0037	0.0000	2.3634	4.3301	0.0313	0.0000	0.0061	-0.0000	-0.4574	6.0036	1.0155	51.7820	5.9708	0.0000	0.0000	0.0000	0.0000	0.0000	0.0000	0.0000	0.0000	0.0000	1.0112	1.0050	0.0061	0.0003	0.0003	0.0000	1.0109	1.0047	0.0061	0.0412	0.0351	0.0062	0.0031	0.0029	0.0001	0.0381	0.0321	0.0060	0.5226	0.3194	0.2032	0.0949	0.0873	0.0076	0.4277	0.2320	0.1957	0.0000	0.0000	0.0000	0.0068	0.0066	0.0000	0.0000	0.0000	0.0000	1.9349	3.1471	0.0302	0.0034	0.0037	0.0000	2.3634	4.3301	0.0313	
48	70	0.2386	3	1	1	1	1	0	0	0	0	N	N	N	N	N	N	N	N	N	N	N	N	0.0164	0.0237	0.0001	0.2473	0.2445	0.0000	0.0000	0.0000	0.0001	0.0130	0.0147	0.0002	0.0394	0.0396	0.0000	0.0000	0.0000	0.0002	0.7938	0.6193	1.1851	0.1595	0.1620	0.0526	1.1419	1.0775	1.2160	0.0013	0.8535	-0.0000	0.0007	6.0036	0.0406	51.7820	2.3361	0.0001	0.0001	0.0000	0.0001	0.0001	0.0000	0.0000	0.0000	0.0000	0.3122	0.1685	0.1438	0.0222	0.0221	0.0002	0.2900	0.1464	0.1436	0.0041	0.0036	0.0005	0.0014	0.0014	0.0000	0.0028	0.0023	0.0005	0.3933	0.2720	0.1213	0.1394	0.1361	0.0032	0.2540	0.1359	0.1181	0.0164	0.0237	0.0001	0.2473	0.2445	0.0000	0.0000	0.0000	0.0001	0.7938	0.6193	1.1851	0.1595	0.1620	0.0526	1.1419	1.0775	1.2160
48	71	0.7643	8	1	2	1	1	0	0	0	0	N	Y	N	N	N	N	N	N	N	N	N	N	0.0000	0.0000	0.0000	0.0000	0.0000	0.0000	0.0000	0.0000	0.0000	0.0000	0.0000	0.0000	0.0000	0.0000	0.0000	0.0000	0.0000	0.0000	0.0000	0.0000	6.0036	0.0000	51.7820	0.0000	0.0000	0.0000	0.0000	0.0000	0.0000	0.0000	0.0000	0.0000	0.0000	0.0000	0.0000	0.0000	0.0000	0.0000	0.0000	0.0000	0.0000	0.0000	0.0000	0.0000	0.0000	0.0000	0.0000	0.0000	0.0000	0.0000	0.0000	0.0000	0.0000	0.0000	0.0000	0.0000	0.0000	0.0000	0.0000	0.0000	0.0000	0.0000	0.0000	0.0000	0.0000	0.0000	0.0000	0.0000	0.0000	0.0000	0.0000	0.0000	0.0000	0.0000	0.0000	0.0000	0.0000	0.0000											
48	72	0.7463	7	1	2	1	1	0	0	0	0	N	Y	N	N	N	N	N	N	N	N	N	N	0.0000	0.0000	0.0000	0.0000	0.0000	0.0000	0.0000	0.0000	0.0000	0.0000	0.0000	0.0000	0.0000	0.0000	0.0000	0.0000	0.0000	0.0000	0.0033	0.0009	0.0086	0.0013	0.0006	0.0043	0.0070	0.0020	0.0118	3.9665	0.0000	0.0004	6.0036	3.9057	51.7820	1.1104	0.0000	0.0000	0.0000	0.0000	0.0000	0.0000	0.0000	0.0000	0.0000	0.0011	0.0002	0.0009	0.0003	0.0001	0.0002	0.0008	0.0001	0.0007	0.1310	0.1134	0.0176	0.0302	0.0283	0.0019	0.1008	0.0851	0.0157	0.3366	0.2345	0.1020	0.2219	0.1782	0.0437	0.1146	0.0563	0.0583	0.0000	0.0000	0.0000	0.0000	0.0000	0.0000	0.0000	0.0000	0.0000	0.0033	0.0009	0.0086	0.0013	0.0006	0.0043	0.0070	0.0020	0.0118	
48	73	0.5435	5	1	2	0	1	0	0	0	0	N	Y	N	N	N	N	N	N	N	N	N	N	1.3000	0.0006	3.4970	82.8616	0.0016	1062.2763	0.3737	0.0000	1.2011	2.2961	0.0000	19.0284	4.2264	0.0001	75.6285	1.2838	0.0000	8.3023	1.7662	0.0497	5.4413	0.0510	0.0478	0.0712	3.4357	0.0530	6.9123	90944.0180	51.0900	0.5083	1.6171	6.0036	6.9070	51.7820	16.5673	0.9095	0.0000	0.9094	0.5759	0.0000	0.5759	0.3336	0.0000	0.3336	3.0953	0.0594	3.0359	0.0441	0.0356	0.0085	3.0513	0.0239	3.0274	0.3961	0.3483	0.0478	0.1363	0.1286	0.0076	0.2598	0.2197	0.0402	1.7526	1.1946	0.5579	0.8645	0.7445	0.1200	0.8881	0.4501	0.4380	1.3000	0.0006	3.4970	82.8616	0.0016	1062.2763	0.3737	0.0000	1.2011	1.7662	0.0497	5.4413	0.0510	0.0478	0.0712	3.4357	0.0530	6.9123
48	74	0.6074	7	0	2	0	2	0	0	0	0	N	Y	N	Y	N	N	N	N	N	N	N	N	0.0749	0.0661	0.0000	0.2285	0.2166	0.0000	0.0099	0.0153	0.0000	0.0559	0.0656	0.0000	0.3006	0.3218	0.0000	0.0011	0.0013	0.0000	0.7468	0.9912	0.2251	1.3151	1.4861	0.4696	0.1059	0.0826	0.1303	0.0000	0.1064	-0.0060	-0.4285	6.0036	6.4226	51.7820	19.3377	0.0137	0.0136	0.0000	0.0134	0.0134	0.0000	0.0002	0.0002	0.0000	1.1831	1.0693	0.1137	1.1042	1.0379	0.0663	0.0789	0.0314	0.0474	0.2441	0.2082	0.0359	0.0447	0.0418	0.0030	0.1993	0.1665	0.0329	1.5841	1.0788	0.5053	0.8396	0.6984	0.1412	0.7445	0.3804	0.3641	0.0749	0.0661	0.0000	0.2285	0.2166	0.0000	0.0099	0.0153	0.0000	0.7468	0.9912	0.2251	1.3151	1.4861	0.4696	0.1059	0.0826	0.1303
48	75	0.5622	6	0	1	0	2	0	0	0	0	N	N	N	Y	N	N	N	N	N	N	N	N	3.9981	3.9498	0.0408	9.0610	8.1306	0.0026	2.4114	2.3864	0.0338	7.1258	8.1611	0.0457	15.2951	15.9272	0.0002	4.5367	5.3625	0.0494	1.7823	2.0662	1.1215	1.6880	1.9589	0.0678	1.8814	2.2471	1.4620	0.0008	0.2332	-0.7532	-1.0270	6.0036	5.1932	51.7820	17.4397	1.7106	1.7092	0.0014	0.8836	0.8836	0.0000	0.8270	0.8256	0.0014	3.8140	3.0928	0.7213	1.8510	1.8404	0.0107	1.9630	1.2524	0.7106	0.2401	0.2094	0.0306	0.0578	0.0555	0.0023	0.1823	0.1540	0.0283	2.1400	1.4968	0.6431	1.0966	0.9395	0.1571	1.0434	0.5573	0.4861	3.9981	3.9498	0.0408	9.0610	8.1306	0.0026	2.4114	2.3864	0.0338	1.7823	2.0662	1.1215	1.6880	1.9589	0.0678	1.8814	2.2471	1.4620
48	76	0.5252	5	0	1	0	1	0	0	0	0	N	N	N	N	N	N	N	N	N	N	N	N	0.6596	0.7348	0.7744	1.0077	1.0664	0.0084	0.4657	0.5232	0.6828	1.6509	1.4508	2.9431	1.7362	1.8121	0.0154	1.6215	1.3078	3.2005	2.5030	1.9745	3.8006	1.7229	1.6993	1.8445	3.4820	2.4995	4.6876	0.3141	0.7840	-0.0716	-0.1234	6.0036	4.4918	51.7820	17.5337	0.3542	0.2696	0.0847	0.0955	0.0955	0.0000	0.2587	0.1741	0.0846	6.5283	3.6593	2.8689	2.5008	2.0664	0.4344	4.0275	1.5929	2.4346	0.2146	0.1858	0.0288	0.0550	0.0527	0.0023	0.1596	0.1331	0.0264	2.6082	1.8533	0.7549	1.4515	1.2160	0.2355	1.1567	0.6373	0.5194	0.6596	0.7348	0.7744	1.0077	1.0664	0.0084	0.4657	0.5232	0.6828	2.5030	1.9745	3.8006	1.7229	1.6993	1.8445	3.4820	2.4995	4.6876
48	77	0.2543	4	0	1	0	2	0	0	0	0	N	N	N	Y	N	N	N	N	N	N	N	N	0.0000	0.0000	0.0000	0.0000	0.0000	0.0000	0.0000	0.0000	0.0000	0.0000	0.0000	0.0000	0.0000	0.0000	0.0000	0.0000	0.0000	0.0000	6.3038	1.3741	23.4689	6.3351	3.0665	39.1932	5.2391	0.0730	14.8568	5.1659	0.0000	2.4520	6.0036	0.3745	51.7820	14.7996	0.0000	0.0000	0.0000	0.0000	0.0000	0.0000	0.0000	0.0000	0.0000	6.4620	1.0480	5.4140	2.0016	1.0166	0.9851	4.4603	0.0315	4.4289	0.0193	0.0170	0.0023	0.0033	0.0032	0.0000	0.0160	0.0138	0.0022	1.2292	0.7627	0.4666	0.3779	0.3315	0.0464	0.8514	0.4312	0.4202	0.0000	0.0000	0.0000	0.0000	0.0000	0.0000	0.0000	0.0000	0.0000	5.2569	1.3741	11.6040	5.2970	3.0665	21.2407	5.2391	0.0730	10.5404	
48	78	0.2320	3	0	1	0	2	0	0	0	0	N	N	N	Y	N	N	N	N	N	N	N	N	0.0034	0.0029	0.0000	0.0000	0.0000	0.0000	0.0047	0.0036	0.0000	0.0072	0.0085	0.0000	0.0000	0.0000	0.0000	0.0077	0.0091	0.0000	2.1295	2.9131	0.8227	3.0961	3.4050	1.1052	1.6642	2.5106	0.7855	0.0000	0.1693	-0.0002	-0.7463	6.0036	1.4595	51.7820	10.3922	0.0004	0.0004	0.0000	0.0000	0.0000	0.0000	0.0004	0.0004	0.0000	2.3803	2.0356	0.3447	1.1247	1.0707	0.0539	1.2556	0.9648	0.2908	0.0608	0.0521	0.0088	0.0040	0.0039	0.0001	0.0568	0.0481	0.0087	1.1177	0.6988	0.4190	0.3632	0.3145	0.0488	0.7545	0.3843	0.3702	0.0034	0.0029	0.0000	0.0000	0.0000	0.0000	0.0047	0.0036	0.0000	2.1295	2.9131	0.8227	3.0961	3.4050	1.1052	1.6642	2.5106	0.7855
48	79	0.2179	2	0	1	0	2	0	0	0	0	N	N	N	Y	N	N	N	N	N	N	N	N	16.7437	23.7137	0.0000	0.0002	0.0002	0.0000	29.8345	175.0057	0.0000	18.7946	22.2803	0.0000	0.0003	0.0003	0.0000	19.3192	22.9758	0.0000	1.1225	0.9396	1.4326	1.9669	1.7236	3.8753	0.6475	0.1313	1.1316	0.0000	0.8994	-0.4405	0.0152	6.0036	1.3861	51.7820	6.3168	0.9986	0.9986	0.0000	0.0000	0.0000	0.0000	0.9986	0.9986	0.0000	1.0046	0.5289	0.4757	0.6337	0.4925	0.1412	0.3709	0.0364	0.3345	0.0531	0.0448	0.0083	0.0014	0.0014	0.0001	0.0517	0.0435	0.0082	0.8950	0.5629	0.3320	0.3222	0.2857	0.0364	0.5728	0.2772	0.2956	16.7437	23.7137	0.0000	0.0002	0.0002	0.0000	29.8345	175.0057	0.0000	1.1225	0.9396	1.4326	1.9669	1.7236	3.8753	0.6475	0.1313	1.1316
48	81	0.6990	7	0	2	1	1	0	0	0	0	N	Y	N	N	N	N	N	N	N	N	N	N	0.0000	0.0000	0.0000	0.0000	0.0000	0.0000	0.0000	0.0000	0.0000	0.0000	0.0000	0.0000	0.0000	0.0000	0.0000	0.0000	0.0000	0.0000	2.4542	3.5359	0.0028	0.0175	0.0196	0.0061	5.8963	12.1109	0.0014	0.0004	0.0000	-0.4554	6.0036	2.0162	51.7820	4.5500	0.0000	0.0000	0.0000	0.0000	0.0000	0.0000	0.0000	0.0000	0.0000	0.9942	0.9938	0.0004	0.0041	0.0039	0.0002	0.9900	0.9899	0.0001	0.0830	0.0723	0.0107	0.0315	0.0295	0.0020	0.0515	0.0428	0.0087	0.4051	0.2811	0.1240	0.2372	0.1993	0.0379	0.1679	0.0817	0.0862	0.0000	0.0000	0.0000	0.0000	0.0000	0.0000	0.0000	0.0000	0.0000	2.4542	3.5359	0.0028	0.0175	0.0196	0.0061	5.8963	12.1109	0.0014	
48	82	0.2664	5	0	2	1	1	0	0	0	0	N	Y	N	N	N	N	N	N	N	N	N	N	0.0000	0.0000	0.0000	0.0000	0.0000	0.0000	0.0000	0.0000	0.0000	0.0000	0.0000	0.0000	0.0000	0.0000	0.0000	0.0000	0.0000	0.0000	0.0197	0.0322	0.0001	0.0764	0.0866	0.0006	0.0001	0.0000	0.0001	0.0019	0.0000	-0.0049	6.0036	3.0011	51.7820	3.7015	0.0000	0.0000	0.0000	0.0000	0.0000	0.0000	0.0000	0.0000	0.0000	0.0107	0.0107	0.0000	0.0107	0.0107	0.0000	0.0000	0.0000	0.0000	0.1125	0.0953	0.0172	0.0064	0.0059	0.0005	0.1062	0.0894	0.0167	0.5431	0.3325	0.2106	0.1401	0.1234	0.0167	0.4031	0.2091	0.1939	0.0000	0.0000	0.0000	0.0000	0.0000	0.0000	0.0000	0.0000	0.0000	0.0197	0.0322	0.0001	0.0764	0.0866	0.0006	0.0001	0.0000	0.0001	
48	83	0.2550	4	0	2	0	1	0	0	0	0	N	Y	N	N	N	N	N	N	N	N	N	N	0.0000	0.0000	0.0000	0.0000	0.0000	0.0000	0.0000	0.0000	0.0000	0.0000	0.0000	0.0000	0.0000	0.0000	0.0000	0.0000	0.0000	0.0000	0.4435	0.6541	0.0321	1.3514	1.4996	0.0211	0.0156	0.0011	0.0333	0.0251	0.0000	-0.1309	6.0036	2.0032	51.7820	4.2039	0.0000	0.0000	0.0000	0.0000	0.0000	0.0000	0.0000	0.0000	0.0000	0.3018	0.2944	0.0074	0.2946	0.2941	0.0005	0.0072	0.0003	0.0069	0.0759	0.0643	0.0116	0.0040	0.0037	0.0003	0.0719	0.0606	0.0113	0.6805	0.4501	0.2304	0.2180	0.1961	0.0218	0.4625	0.2540	0.2086	0.0000	0.0000	0.0000	0.0000	0.0000	0.0000	0.0000	0.0000	0.0000	0.4435	0.6541	0.0321	1.3514	1.4996	0.0211	0.0156	0.0011	0.0333	
48	84	0.2517	4	1	1	1	1	0	0	0	0	N	N	N	N	N	N	N	N	N	N	N	N	0.0000	0.0000	0.0000	0.0000	0.0000	0.0000	0.0000	0.0000	0.0000	0.0000	0.0000	0.0000	0.0000	0.0000	0.0000	0.0000	0.0000	0.0000	2.3459	0.0266	5.6548	0.0998	0.0484	0.3882	3.0978	0.0142	6.1885	148.8797	0.0000	0.5384	6.0036	1.0052	51.7820	4.9545	0.0000	0.0000	0.0000	0.0000	0.0000	0.0000	0.0000	0.0000	0.0000	1.0064	0.0067	0.9997	0.0107	0.0044	0.0063	0.9956	0.0023	0.9933	0.0389	0.0329	0.0059	0.0028	0.0026	0.0002	0.0361	0.0303	0.0057	0.4290	0.2522	0.1768	0.1076	0.0913	0.0163	0.3214	0.1609	0.1605	0.0000	0.0000	0.0000	0.0000	0.0000	0.0000	0.0000	0.0000	0.0000	2.3459	0.0266	5.6548	0.0998	0.0484	0.3882	3.0978	0.0142	6.1885	
48	85	0.2324	3	1	1	1	1	0	0	0	0	N	N	N	N	N	N	N	N	N	N	N	N	0.0000	0.0000	0.0000	0.0000	0.0000	0.0000	0.0000	0.0000	0.0000	0.0000	0.0000	0.0000	0.0000	0.0000	0.0000	0.0000	0.0000	0.0000	3.7470	2.2031	6.3840	0.2642	0.0512	1.5653	4.9872	3.4019	6.9196	1.6966	0.0000	0.4653	6.0036	0.9968	51.7820	7.6169	0.0000	0.0000	0.0000	0.0000	0.0000	0.0000	0.0000	0.0000	0.0000	2.7242	1.0103	1.7140	0.0504	0.0084	0.0420	2.6738	1.0019	1.6719	0.0380	0.0321	0.0058	0.0017	0.0016	0.0001	0.0362	0.0305	0.0057	0.7270	0.4586	0.2685	0.1909	0.1641	0.0269	0.5361	0.2945	0.2416	0.0000	0.0000	0.0000	0.0000	0.0000	0.0000	0.0000	0.0000	0.0000	3.7470	2.2031	6.3840	0.2642	0.0512	1.5653	4.9872	3.4019	6.9196	
48	86	0.2524	2	1	2	0	1	0	0	0	0	N	Y	N	N	N	N	N	N	N	N	N	N	0.0003	0.0003	0.0000	0.0000	0.0000	0.0000	0.0003	0.0002	0.0000	0.0002	0.0003	0.0000	0.0000	0.0000	0.0000	0.0003	0.0003	0.0000	0.6944	0.9606	0.0652	0.0954	0.1003	0.0491	1.0581	1.7746	0.0674	0.0000	0.0287	-0.0000	-0.4573	6.0036	5.8060	51.7820	6.1034	0.0001	0.0001	0.0000	0.0000	0.0000	0.0000	0.0001	0.0001	0.0000	1.0625	1.0328	0.0297	0.0552	0.0524	0.0027	1.0073	0.9804	0.0269	0.2634	0.2232	0.0402	0.0400	0.0382	0.0019	0.2233	0.1850	0.0383	1.5301	1.0752	0.4549	0.5781	0.5228	0.0553	0.9520	0.5524	0.3995	0.0003	0.0003	0.0000	0.0000	0.0000	0.0000	0.0003	0.0002	0.0000	0.6944	0.9606	0.0652	0.0954	0.1003	0.0491	1.0581	1.7746	0.0674
48	88	0.2550	4	0	2	0	1	0	0	0	0	N	Y	N	N	N	N	N	N	N	N	N	N	0.0000	0.0000	0.0000	0.0000	0.0000	0.0000	0.0000	0.0000	0.0000	0.0000	0.0000	0.0000	0.0000	0.0000	0.0000	0.0000	0.0000	1.5791	0.0008	4.2236	0.1568	0.0022	1.2011	2.0807	0.0000	4.5222	3128.0290	0.0000	0.9232	6.0036	4.0005	51.7820	9.0093	0.0000	0.0000	0.0000	0.0000	0.0000	0.0000	0.0000	0.0000	0.0000	1.7055	0.0005	1.7049	0.0441	0.0005	0.0436	1.6614	0.0000	1.6614	0.1500	0.1271	0.0229	0.0078	0.0072	0.0006	0.1422	0.1199	0.0224	1.0800	0.6763	0.4037	0.2815	0.2452	0.0363	0.7985	0.4311	0.3674	0.0000	0.0000	0.0000	0.0000	0.0000	0.0000	0.0000	0.0000	0.0000	1.5791	0.0008	4.2236	0.1568	0.0022	1.2011	2.0807	0.0000	4.5222		
48	89	0.2324	3	0	2	0	1	0	0	0	0	N	Y	N	N	N	N	N	N	N	N	N	N	0.0000	0.0000	0.0000	0.0000	0.0000	0.0000	0.0000	0.0000	0.0000	0.0000	0.0000	0.0000	0.0000	0.0000	0.0000	0.0000	0.0000	0.0000	0.5076	0.4077	0.6729	1.0629	1.1750	0.4087	0.3215	0.0057	0.7015	0.9976	0.0000	0.0172	6.0036	1.0051	51.7820	9.2650	0.0000	0.0000	0.0000	0.0000	0.0000	0.0000	0.0000	0.0000	0.0000	0.4199	0.2102	0.2097	0.2207	0.2083	0.0124	0.1992	0.0019	0.1973	0.0383	0.0324	0.0059	0.0018	0.0016	0.0001	0.0365	0.0308	0.0058	0.8273	0.5156	0.3117	0.2077	0.1773	0.0304	0.6196	0.3384	0.2813	0.0000	0.0000	0.0000	0.0000	0.0000	0.0000	0.0000	0.0000	0.0000	0.5076	0.4077	0.6729	1.0629	1.1750	0.4087	0.3215	0.0057	0.7015	
48	90	0.2808	3	0	1	1	1	0	0	0	0	N	N	N	N	N	N	N	N	N	N	N	N	0.4633	0.0088	1.4782	0.0000	0.0000	0.0000	0.4899	0.0278	1.5203	0.0330	0.0002	0.2367	0.0000	0.0000	0.0000	0.0382	0.0003	0.2462	0.0712	0.0271	0.1601	0.0582	0.0478	0.1451	0.0779	0.0101	0.1620	160.0000	2.9276	0.0018	0.0167	6.0036	2.3559	51.7820	7.1930	0.0032	0.0000	0.0032	0.0000	0.0000	0.0000	0.0032	0.0000	0.0032	0.0582	0.0148	0.0434	0.0161	0.0118	0.0043	0.0421	0.0030	0.0391	0.0975	0.0840	0.0135	0.0132	0.0127	0.0005	0.0844	0.0714	0.0130	0.8176	0.5464	0.2712	0.2771	0.2473	0.0298	0.5404	0.2991	0.2413	0.4633	0.0088	1.4782	0.0000	0.0000	0.0000	0.4899	0.0278	1.5203	0.0712	0.0271	0.1601	0.0582	0.0478	0.1451	0.0779	0.0101	0.1620
48	91	0.2480	2	0	1	0	1	0	0	0	0	N	N	N	N	N	N	N	N	N	N	N	N	1.3995	1.2251	3.3610	0.1927	0.2662	0.2438	1.1410	0.9380	3.1552	3.1724	1.0143	18.4004	0.1055	0.0997	0.5354	4.0659	1.3260	18.8430	2.2668	0.8279	5.4747	0.5474	0.3746	2.1959	3.5636	1.4137	5.9722	2.5709	2.9660	0.2689	1.5279	6.0036	4.9284	51.7820	11.0439	0.9644	0.2701	0.6943	0.0072	0.0067	0.0005	0.9572	0.2633	0.6939	5.2782	1.3309	3.9473	0.5480	0.3394	0.2086	4.7302	0.9915	3.7387	0.3040	0.2663	0.0377	0.0686	0.0677	0.0009	0.2354	0.1986	0.0368	2.3285	1.6075	0.7210	1.0011	0.9062	0.0950	1.3274	0.7013	0.6260	1.3995	1.2251	3.3610	0.1927	0.2662	0.2438	1.1410	0.9380	3.1552	2.2668	0.8279	5.4747	0.5474	0.3746	2.1959	3.5636	1.4137	5.9722
48	93	0.6990	7	1	2	0	1	0	0	0	0	N	Y	N	N	N	N	N	N	N	N	N	N	0.0000	0.0000	0.0000	0.0000	0.0000	0.0000	0.0000	0.0000	0.0000	0.0000	0.0000	0.0000	0.0000	0.0000	0.0000	0.0000	0.0000	0.0000	2.5322	1.0019	5.9629	1.1962	1.4184	0.1022	4.3860	0.0368	9.7086	2.6548	0.0000	0.3702	6.0036	2.5103	51.7820	7.4742	0.0000	0.0000	0.0000	0.0000	0.0000	0.0000	0.0000	0.0000	0.0000	1.3812	0.3779	1.0033	0.3792	0.3737	0.0055	1.0020	0.0042	0.9978	0.0984	0.0857	0.0127	0.0367	0.0342	0.0025	0.0618	0.0515	0.0102	0.5454	0.3772	0.1683	0.3170	0.2635	0.0535	0.2285	0.1137	0.1147	0.0000	0.0000	0.0000	0.0000	0.0000	0.0000	0.0000	0.0000	0.0000	2.5322	1.0019	5.9629	1.1962	1.4184	0.1022	4.3860	0.0368	8.6969	
48	94	0.6627	6	0	2	0	1	0	0	0	0	N	Y	N	N	N	N	N	N	N	N	N	N	0.0000	0.0000	0.0000	0.0000	0.0000	0.0000	0.0000	0.0000	0.0000	0.0000	0.0000	0.0000	0.0000	0.0000	0.0000	0.0000	0.0000	0.0000	0.9290	1.1071	0.5230	1.2671	1.5463	0.0072	0.4367	0.0913	0.8041	0.2072	0.0000	-0.1707	6.0036	7.1305	51.7820	3.2426	0.0000	0.0000	0.0000	0.0000	0.0000	0.0000	0.0000	0.0000	0.0000	0.5953	0.4932	0.1022	0.4814	0.4809	0.0005	0.1139	0.0123	0.1017	0.3191	0.2809	0.0382	0.1102	0.1045	0.0057	0.2089	0.1764	0.0325	0.6408	0.4454	0.1954	0.3799	0.3110	0.0689	0.2609	0.1345	0.1264	0.0000	0.0000	0.0000	0.0000	0.0000	0.0000	0.0000	0.0000	0.0000	0.9290	1.1071	0.5230	1.2671	1.5463	0.0072	0.4367	0.0913	0.8041	
48	95	0.2324	3	1	2	0	1	0	0	0	0	N	Y	N	N	N	N	N	N	N	N	N	N	0.0000	0.0000	0.0000	0.0000	0.0000	0.0000	0.0000	0.0000	0.0000	0.0000	0.0000	0.0000	0.0000	0.0000	0.0000	0.0000	0.0000	2.7124	4.5745	0.0001	8.2006	10.2089	0.0000	1.9245	3.5978	0.0001	0.0000	0.0000	-2.4261	6.0036	8.0000	51.7820	22.5660	0.0000	0.0000	0.0000	0.0000	0.0000	0.0000	0.0000	0.0000	0.0000	5.2930	5.2929	0.0001	2.2929	2.2929	0.0000	3.0000	3.0000	0.0001	0.2951	0.2501	0.0450	0.0135	0.0125	0.0010	0.2816	0.2376	0.0440	1.9514	1.1571	0.7944	0.3926	0.3232	0.0693	1.5589	0.8338	0.7250	0.0000	0.0000	0.0000	0.0000	0.0000	0.0000	0.0000	0.0000	0.0000	2.7124	4.5745	0.0001	5.8411	7.0941	0.0000	1.9245	3.5978	0.0001		
48	98	0.2629	5	1	2	1	1	0	0	0	0	N	Y	N	N	N	N	N	N	N	N	N	N	0.0000	0.0000	0.0000	0.0000	0.0000	0.0000	0.0000	0.0000	0.0000	0.0000	0.0000	0.0000	0.0000	0.0000	0.0000	0.0000	0.0000	0.0000	2.8931	1.4648	5.0624	3.9420	3.8084	4.5097	2.4719	0.0001	5.1505	2.2755	0.0000	0.7534	6.0036	0.9502	51.7820	16.1595	0.0000	0.0000	0.0000	0.0000	0.0000	0.0000	0.0000	0.0000	0.0000	3.1881	0.9733	2.2148	1.2445	0.9733	0.2712	1.9436	0.0000	1.9436	0.0430	0.0369	0.0061	0.0066	0.0063	0.0003	0.0364	0.0306	0.0058	1.1020	0.6645	0.4375	0.3157	0.2556	0.0601	0.7863	0.4089	0.3774	0.0000	0.0000	0.0000	0.0000	0.0000	0.0000	0.0000	0.0000	0.0000	2.8931	1.4648	5.0624	3.9420	3.8084	4.5097	2.4719	0.0001	5.1505	
48	100	0.2658	6	1	1	1	1	0	0	0	0	N	N	N	N	N	N	N	N	N	N	N	N	0.0000	0.0000	0.0000	0.0000	0.0000	0.0000	0.0000	0.0000	0.0000	0.0000	0.0000	0.0000	0.0000	0.0000	0.0000	0.0000	0.0000	0.0000	7.7283	5.6633	9.6123	11.9461	15.1662	0.0066	5.7364	2.8542	9.8145	0.9799	0.0000	0.2159	6.0036	1.0008	51.7820	13.9255	0.0000	0.0000	0.0000	0.0000	0.0000	0.0000	0.0000	0.0000	0.0000	5.9069	2.9835	2.9234	1.9852	1.9849	0.0004	3.9217	0.9986	2.9230	0.0382	0.0324	0.0058	0.0034	0.0031	0.0003	0.0348	0.0293	0.0055	0.9632	0.5747	0.3884	0.2795	0.2248	0.0547	0.6836	0.3499	0.3338	0.0000	0.0000	0.0000	0.0000	0.0000	0.0000	0.0000	0.0000	0.0000	6.1329	5.1913	7.5260	7.1025	8.8281	0.0066	5.7364	2.8542	8.7578	
48	101	0.2629	5	1	1	1	1	0	0	0	0	N	N	N	N	N	N	N	N	N	N	N	N	0.0000	0.0000	0.0000	0.0000	0.0000	0.0000	0.0000	0.0000	0.0000	0.0000	0.0000	0.0000	0.0000	0.0000	0.0000	0.0000	0.0000	0.0000	2.4166	1.8164	3.6583	4.0709	3.0928	9.0901	0.9511	0.0308	1.9887	0.9735	0.0000	0.0225	6.0036	0.0532	51.7820	2.0467	0.0000	0.0000	0.0000	0.0000	0.0000	0.0000	0.0000	0.0000	0.0000	0.6446	0.3266	0.3180	0.5101	0.3243	0.1858	0.1345	0.0023	0.1322	0.0090	0.0081	0.0009	0.0037	0.0036	0.0000	0.0053	0.0045	0.0009	0.2667	0.1798	0.0869	0.1253	0.1049	0.0204	0.1414	0.0750	0.0665	0.0000	0.0000	0.0000	0.0000	0.0000	0.0000	0.0000	0.0000	0.0000	2.4166	1.8164	3.6583	4.0709	3.0928	9.0901	0.9511	0.0308	1.9887	
48	102	0.2532	4	1	1	1	1	0	0	0	0	N	N	N	N	N	N	N	N	N	N	N	N	0.0000	0.0000	0.0000	0.0000	0.0000	0.0000	0.0000	0.0000	0.0000	0.0000	0.0000	0.0000	0.0000	0.0000	0.0000	0.0000	0.0000	0.0000	6.6205	0.7835	31.2816	2.7076	1.7321	7.4375	6.9585	0.0048	30.6464	9.7366	0.0000	1.1058	6.0036	2.0948	51.7820	3.0326	0.0000	0.0000	0.0000	0.0000	0.0000	0.0000	0.0000	0.0000	0.0000	2.4656	0.2296	2.2360	0.4316	0.2289	0.2027	2.0340	0.0008	2.0333	0.0861	0.0734	0.0126	0.0101	0.0095	0.0006	0.0759	0.0639	0.0120	0.4517	0.2931	0.1586	0.1594	0.1321	0.0273	0.2923	0.1610	0.1314	0.0000	0.0000	0.0000	0.0000	0.0000	0.0000	0.0000	0.0000	0.0000	5.4585	0.7835	14.0971	2.7076	1.7321	7.4375	6.9585	0.0048	15.4788	
48	103	0.2324	3	1	1	1	1	0	0	0	0	N	N	N	N	N	N	N	N	N	N	N	N	0.0000	0.0000	0.0000	0.0000	0.0000	0.0000	0.0000	0.0000	0.0000	0.0000	0.0000	0.0000	0.0000	0.0000	0.0000	0.0000	0.0000	0.0000	1.3901	0.6148	2.7093	1.6805	1.7085	1.5109	1.2874	0.0099	2.8421	2.5902	0.0000	0.2698	6.0036	3.9484	51.7820	4.8420	0.0000	0.0000	0.0000	0.0000	0.0000	0.0000	0.0000	0.0000	0.0000	1.0256	0.2857	0.7400	0.3239	0.2827	0.0411	0.7018	0.0029	0.6988	0.1484	0.1256	0.0227	0.0068	0.0063	0.0005	0.1416	0.1193	0.0222	0.7378	0.4647	0.2731	0.1927	0.1655	0.0272	0.5451	0.2992	0.2459	0.0000	0.0000	0.0000	0.0000	0.0000	0.0000	0.0000	0.0000	0.0000	1.3901	0.6148	2.7093	1.6805	1.7085	1.5109	1.2874	0.0099	2.8421	
48	104	0.1907	2	0	2	0	1	0	0	0	0	N	Y	N	N	N	N	N	N	N	N	N	N	1.4052	0.0022	20.9448	0.0090	0.0084	1.2140	1.4149	0.0019	21.2025	2.8875	0.0063	18.8900	0.0073	0.0074	0.0059	3.1289	0.0062	19.5198	2.0549	2.9117	0.9019	0.8067	0.8748	0.0049	2.2113	3.3552	0.9206	538.3895	0.2301	0.5539	-1.4474	6.0036	8.9557	51.7820	32.3127	0.9944	0.0018	0.9926	0.0002	0.0002	0.0000	0.9942	0.0017	0.9926	5.3355	4.3373	0.9982	0.2331	0.2330	0.0001	5.1023	4.1042	0.9981	0.3444	0.2918	0.0525	0.0266	0.0249	0.0017	0.3178	0.2669	0.0509	2.5964	1.4896	1.1068	0.2890	0.2664	0.0227	2.3074	1.2232	1.0841	1.4052	0.0022	20.9448	0.0090	0.0084	1.2140	1.4149	0.0019	21.2025	2.0549	2.9117	0.9019	0.8067	0.8748	0.0049	2.2113	3.3552	0.9206
48	105	0.2162	3	0	1	1	1	0	0	0	0	N	N	N	N	N	N	N	N	N	N	N	N	0.0000	0.0001	0.0000	0.0102	0.0100	0.0000	0.0000	0.0000	0.0000	0.0002	0.0003	0.0000	0.0018	0.0019	0.0000	0.0000	0.0000	0.0000	7.2633	4.1758	11.6061	0.1806	0.1935	0.0942	6.9005	5.4394	9.5147	0.0000	1.3595	-0.0000	0.5820	6.0036	4.2679	51.7820	7.8415	0.0000	0.0000	0.0000	0.0000	0.0000	0.0000	0.0000	0.0000	0.0000	4.9399	2.0936	2.8463	0.0251	0.0234	0.0017	4.9148	2.0702	2.8446	0.1836	0.1545	0.0291	0.0223	0.0213	0.0010	0.1613	0.1331	0.0281	0.8511	0.5014	0.3497	0.1388	0.1208	0.0181	0.7122	0.3806	0.3317	0.0000	0.0001	0.0000	0.0102	0.0100	0.0000	0.0000	0.0000	0.0000	5.8044	4.1758	8.1392	0.1806	0.1935	0.0942	6.9005	5.4394	8.5771
48	106	0.1907	2	0	1	0	1	0	0	0	0	N	N	N	N	N	N	N	N	N	N	N	N	0.0362	0.0783	0.0006	1.4545	1.4749	0.0000	0.0061	0.0120	0.0006	0.1064	0.1255	0.0029	0.6653	0.6907	0.0000	0.0224	0.0265	0.0030	2.9409	1.6029	4.9667	0.4574	0.4683	0.2550	3.6491	2.2130	5.1043	0.0042	2.0465	-0.0041	0.6662	6.0036	1.9301	51.7820	9.0954	0.0093	0.0092	0.0000	0.0076	0.0076	0.0000	0.0017	0.0017	0.0000	3.1219	1.0247	2.0971	0.1077	0.1047	0.0031	3.0141	0.9201	2.0941	0.0872	0.0737	0.0136	0.0114	0.0110	0.0004	0.0758	0.0627	0.0131	1.0615	0.6393	0.4222	0.2355	0.2236	0.0120	0.8260	0.4157	0.4103	0.0362	0.0783	0.0006	1.4545	1.4749	0.0000	0.0061	0.0120	0.0006	2.9409	1.6029	4.9667	0.4574	0.4683	0.2550	3.6491	2.2130	5.1043
48	108	0.1796	3	0	2	0	1	0	0	0	0	N	Y	N	N	N	N	N	N	N	N	N	N	0.8836	0.0000	1.5588	1.1375	0.0000	16.7547	0.7856	0.0000	2.0617	3.1712	0.0000	20.2301	0.0275	0.0000	1.8933	3.2552	0.0000	20.2743	3.5891	0.0286	12.9781	0.0241	0.0181	0.1130	4.1437	0.0314	9.8340	inf	214.2351	0.5461	4.1058	6.0036	8.0392	51.7820	22.6195	0.9772	0.0000	0.9772	0.0002	0.0000	0.0002	0.9770	0.0000	0.9770	7.6460	0.0355	7.6105	0.0069	0.0049	0.0021	7.6391	0.0307	7.6084	0.3081	0.2598	0.0483	0.0080	0.0079	0.0001	0.3001	0.2519	0.0482	2.1303	1.2438	0.8865	0.2868	0.2685	0.0183	1.8435	0.9753	0.8682	0.8836	0.0000	2.3566	1.1375	0.0000	16.7547	0.7856	0.0000	2.3136	3.5891	0.0286	8.5845	0.0241	0.0181	0.1130	4.1437	0.0314	8.7633
48	109	0.1796	2	0	1	0	1	0	0	0	0	N	N	N	N	N	N	N	N	N	N	N	N	0.9354	0.7648	1.6434	1.0831	1.0767	1.2777	0.8644	0.0993	1.6301	2.0682	1.2659	5.8381	3.1574	3.1585	1.2869	1.5376	0.0195	5.8428	2.2111	1.6553	3.5524	2.9152	2.9336	1.0072	1.7787	0.1964	3.5844	0.9814	0.8892	0.0025	0.0143	6.0036	0.2031	51.7820	2.0398	0.0459	0.0231	0.0227	0.0229	0.0229	0.0000	0.0229	0.0002	0.0227	1.1620	0.6151	0.5469	0.5829	0.5810	0.0019	0.5791	0.0341	0.5450	0.0222	0.0183	0.0039	0.0073	0.0073	0.0000	0.0149	0.0110	0.0039	0.5255	0.3716	0.1540	0.2000	0.1980	0.0019	0.3256	0.1735	0.1521	0.9354	0.7648	1.6434	1.0831	1.0767	1.2777	0.8644	0.0993	1.6301	2.2111	1.6553	3.5524	2.9152	2.9336	1.0072	1.7787	0.1964	3.5844
48	110	0.7601	8	1	1	1	1	0	0	0	0	N	N	N	N	N	N	N	N	N	N	N	N	0.0000	0.0000	0.0000	0.0000	0.0000	0.0000	0.0000	0.0000	0.0000	0.0000	0.0000	0.0000	0.0000	0.0000	0.0000	0.0000	0.0000	0.0000	0.0000	0.0000	6.0036	0.0001	51.7820	0.0001	0.0000	0.0000	0.0000	0.0000	0.0000	0.0000	0.0000	0.0000	0.0000	0.0000	0.0000	0.0000	0.0000	0.0000	0.0000	0.0000	0.0000	0.0000	0.0041	0.0032	0.0009	0.0021	0.0021	0.0000	0.0021	0.0012	0.0009	0.0004	0.0003	0.0002	0.0002	0.0002	0.0000	0.0002	0.0001	0.0001	0.0000	0.0000	0.0000	0.0000	0.0000	0.0000	0.0000	0.0000	0.0000	0.0000	0.0000	0.0000	0.0000	0.0000	0.0000	0.0000	0.0000	0.0000											
48	111	0.7463	7	1	1	1	1	0	0	0	0	N	N	N	N	N	N	N	N	N	N	N	N	0.0000	0.0000	0.0000	0.0000	0.0000	0.0000	0.0000	0.0000	0.0000	0.0000	0.0000	0.0000	0.0000	0.0000	0.0000	0.0000	0.0000	0.0000	0.0044	0.0012	0.0116	0.0014	0.0006	0.0046	0.0102	0.0031	0.0171	4.1109	0.0000	0.0005	6.0036	1.6718	51.7820	2.9223	0.0000	0.0000	0.0000	0.0000	0.0000	0.0000	0.0000	0.0000	0.0000	0.0014	0.0003	0.0011	0.0003	0.0001	0.0002	0.0011	0.0002	0.0009	0.0657	0.0571	0.0086	0.0176	0.0167	0.0009	0.0481	0.0404	0.0077	0.3173	0.2213	0.0960	0.2109	0.1692	0.0417	0.1064	0.0521	0.0543	0.0000	0.0000	0.0000	0.0000	0.0000	0.0000	0.0000	0.0000	0.0000	0.0044	0.0012	0.0116	0.0014	0.0006	0.0046	0.0102	0.0031	0.0171	
48	112	0.6627	6	1	1	1	1	0	0	0	0	N	N	N	N	N	N	N	N	N	N	N	N	0.0000	0.0000	0.0000	0.0000	0.0000	0.0000	0.0000	0.0000	0.0000	0.0000	0.0000	0.0000	0.0000	0.0000	0.0000	0.0000	0.0000	0.0000	0.9429	0.9778	0.8661	1.2007	1.4321	0.1800	0.6058	0.0490	1.2126	0.4018	0.0000	-0.1746	6.0036	14.0283	51.7820	7.1084	0.0000	0.0000	0.0000	0.0000	0.0000	0.0000	0.0000	0.0000	0.0000	1.0168	0.7253	0.2914	0.7337	0.7134	0.0203	0.2830	0.0119	0.2711	0.5101	0.4460	0.0641	0.1541	0.1446	0.0095	0.3560	0.3014	0.0546	1.0783	0.7418	0.3365	0.6111	0.4981	0.1129	0.4672	0.2437	0.2236	0.0000	0.0000	0.0000	0.0000	0.0000	0.0000	0.0000	0.0000	0.0000	0.9429	0.9778	0.8661	1.2007	1.4321	0.1800	0.6058	0.0490	1.2126	
48	113	0.6025	5	0	1	0	1	0	0	0	0	N	N	N	N	N	N	N	N	N	N	N	N	0.0000	0.0000	0.0000	0.0001	0.0001	0.0000	0.0000	0.0000	0.0000	0.0000	0.0000	0.0000	0.0001	0.0001	0.0000	0.0000	0.0000	0.0000	0.6885	0.6250	0.8350	0.6384	0.7108	0.2644	0.7513	0.4525	1.0772	0.0000	0.5796	-0.0000	-0.0801	6.0036	8.6129	51.7820	5.1709	0.0000	0.0000	0.0000	0.0000	0.0000	0.0000	0.0000	0.0000	0.0000	0.8764	0.5548	0.3216	0.4517	0.4214	0.0303	0.4247	0.1335	0.2912	0.4338	0.3827	0.0511	0.1349	0.1284	0.0065	0.2988	0.2543	0.0446	1.2729	0.8878	0.3851	0.7076	0.5928	0.1148	0.5653	0.2950	0.2704	0.0000	0.0000	0.0000	0.0001	0.0001	0.0000	0.0000	0.0000	0.0000	0.6885	0.6250	0.8350	0.6384	0.7108	0.2644	0.7513	0.4525	1.0772
48	114	0.5074	4	0	1	0	1	0	0	0	0	N	N	N	N	N	N	N	N	N	N	N	N	0.0241	0.0159	0.0640	0.0758	0.0891	0.0203	0.0133	0.0000	0.0612	0.0291	0.0126	0.1323	0.0542	0.0568	0.0224	0.0226	0.0000	0.1463	1.2102	0.7940	2.0680	0.7151	0.6374	1.1029	1.6910	1.0384	2.3927	1.6773	1.2637	0.0034	0.3173	6.0036	16.8607	51.7820	22.7724	0.0184	0.0069	0.0115	0.0071	0.0069	0.0002	0.0113	0.0000	0.0113	3.1767	1.4033	1.7734	0.9250	0.6869	0.2381	2.2517	0.7164	1.5353	0.6321	0.5450	0.0871	0.1308	0.1210	0.0098	0.5013	0.4240	0.0773	2.6250	1.7675	0.8575	1.2935	1.0776	0.2159	1.3315	0.6899	0.6417	0.0241	0.0159	0.0640	0.0758	0.0891	0.0203	0.0133	0.0000	0.0612	1.2102	0.7940	2.0680	0.7151	0.6374	1.1029	1.6910	1.0384	2.3927
48	115	0.2386	3	1	1	1	1	0	0	0	0	N	N	N	N	N	N	N	N	N	N	N	N	0.0000	0.0000	0.0000	0.0000	0.0000	0.0000	0.0000	0.0000	0.0000	0.0000	0.0000	0.0000	0.0000	0.0000	0.0000	0.0000	0.0000	0.0000	0.0008	0.0009	0.0007	0.0021	0.0021	0.0017	0.0003	0.0000	0.0006	0.4066	0.0000	-0.0001	6.0036	1.0009	51.7820	4.0038	0.0000	0.0000	0.0000	0.0000	0.0000	0.0000	0.0000	0.0000	0.0000	0.0004	0.0003	0.0001	0.0003	0.0003	0.0000	0.0001	0.0000	0.0001	0.0406	0.0345	0.0061	0.0030	0.0029	0.0001	0.0376	0.0316	0.0060	0.5579	0.3644	0.1935	0.1581	0.1522	0.0058	0.3999	0.2122	0.1876	0.0000	0.0000	0.0000	0.0000	0.0000	0.0000	0.0000	0.0000	0.0000	0.0008	0.0009	0.0007	0.0021	0.0021	0.0017	0.0003	0.0000	0.0006	
48	116	0.2103	2	1	1	1	1	0	0	0	0	N	N	N	N	N	N	N	N	N	N	N	N	0.0007	0.0005	0.0018	0.0163	0.0163	0.0000	0.0004	0.0001	0.0017	0.0013	0.0009	0.0039	0.0108	0.0114	0.0000	0.0008	0.0002	0.0040	1.9188	1.6935	2.2481	0.6596	0.7010	0.1395	2.1641	2.0320	2.3125	0.8265	0.9081	0.0000	0.0316	6.0036	1.8441	51.7820	10.4794	0.0001	0.0001	0.0000	0.0000	0.0000	0.0000	0.0001	0.0000	0.0000	1.8010	0.9439	0.8571	0.1009	0.0994	0.0016	1.7000	0.8445	0.8555	0.0718	0.0608	0.0110	0.0039	0.0037	0.0002	0.0678	0.0570	0.0108	0.9386	0.5573	0.3813	0.1530	0.1417	0.0113	0.7856	0.4156	0.3700	0.0007	0.0005	0.0018	0.0163	0.0163	0.0000	0.0004	0.0001	0.0017	1.9188	1.6935	2.2481	0.6596	0.7010	0.1395	2.1641	2.0320	2.3125
48	117	0.3946	2	0	2	0	2	0	0	0	0	N	Y	N	Y	N	N	N	N	N	N	N	N	2.1826	1.8412	0.0001	0.8378	0.7790	0.0002	3.2226	2.2858	0.0001	2.4431	2.8239	0.0000	1.1961	1.2582	0.0000	2.7346	3.2356	0.0000	1.1193	1.5338	0.2079	1.4278	1.6151	0.1622	0.8486	1.4155	0.2189	0.0000	0.0616	-0.4819	-1.3046	6.0036	10.5071	51.7820	20.2622	1.0924	1.0924	0.0000	0.1013	0.1013	0.0000	0.9911	0.9911	0.0000	3.2590	3.0698	0.1892	1.9433	1.9148	0.0285	1.3157	1.1549	0.1608	0.4471	0.3868	0.0603	0.0847	0.0805	0.0042	0.3624	0.3063	0.0561	2.9115	2.0015	0.9101	1.3611	1.1855	0.1755	1.5505	0.8159	0.7346	2.1826	1.8412	0.0001	0.8378	0.7790	0.0002	3.2226	2.2858	0.0001	1.1193	1.5338	0.2079	1.4278	1.6151	0.1622	0.8486	1.4155	0.2189
48	119	0.1969	2	0	2	0	1	0	0	0	0	N	Y	N	N	N	N	N	N	N	N	N	N	0.0000	0.0000	0.0000	0.0000	0.0000	0.0000	0.0000	0.0000	0.0000	0.0000	0.0000	0.0001	0.0000	0.0000	0.0000	0.0000	0.0000	0.0001	2.3200	1.1567	3.9979	0.6021	0.3511	4.4851	2.6003	1.3880	3.9876	inf	2.3963	0.0000	1.0417	6.0036	3.8169	51.7820	21.2433	0.0000	0.0000	0.0000	0.0000	0.0000	0.0000	0.0000	0.0000	0.0000	4.2141	1.2408	2.9733	0.1534	0.0840	0.0694	4.0607	1.1568	2.9039	0.1576	0.1331	0.0245	0.0095	0.0093	0.0002	0.1481	0.1237	0.0244	1.8164	1.0727	0.7437	0.2547	0.2393	0.0155	1.5617	0.8334	0.7282	0.0000	0.0000	0.0000	0.0000	0.0000	0.0000	0.0000	0.0000	0.0000	2.3200	1.1567	3.9979	0.6021	0.3511	4.4851	2.6003	1.3880	3.9876
48	120	0.5425	6	0	2	0	1	0	0	0	0	N	Y	N	N	N	N	N	N	N	N	N	N	0.0346	0.0001	0.1767	0.0007	0.0003	0.0069	0.0720	0.0000	0.2298	0.1232	0.0003	0.9491	0.0037	0.0011	0.0505	0.1648	0.0000	1.0550	3.5634	2.7318	5.3726	5.0057	4.2325	7.3439	2.2871	0.2995	4.5911	467.0248	0.9040	0.0469	0.2243	6.0036	16.3276	51.7820	34.9199	0.0842	0.0002	0.0841	0.0007	0.0002	0.0005	0.0836	0.0000	0.0836	13.6573	7.1729	6.4844	9.3893	6.8729	2.5165	4.2680	0.3000	3.9680	0.6838	0.5952	0.0886	0.1764	0.1670	0.0093	0.5074	0.4281	0.0792	3.8326	2.6257	1.2069	1.9665	1.6238	0.3427	1.8661	1.0019	0.8643	0.0346	0.0001	0.1767	0.0008	0.0003	0.0069	0.0720	0.0000	0.2298	3.5634	2.7318	5.3726	4.7747	4.2325	7.3439	2.2871	0.2995	4.5911
48	121	0.5252	5	0	2	0	1	0	0	0	0	N	Y	N	N	N	N	N	N	N	N	N	N	0.3122	0.2030	0.8675	0.5718	0.6517	0.0041	0.2471	0.0005	0.9939	0.6025	0.3284	2.3451	1.2142	1.2740	0.0122	0.4161	0.0005	2.5517	1.9301	1.6182	2.7034	2.1234	1.9549	3.0007	1.6842	0.9675	2.5673	1.1231	0.6739	0.0144	-0.2754	6.0036	6.1757	51.7820	14.5601	0.1639	0.0772	0.0867	0.0772	0.0771	0.0000	0.0868	0.0001	0.0867	4.9355	2.9486	1.9869	3.0398	2.3474	0.6924	1.8957	0.6011	1.2946	0.2721	0.2351	0.0370	0.0636	0.0605	0.0030	0.2085	0.1746	0.0340	2.5572	1.8222	0.7350	1.4315	1.2008	0.2307	1.1256	0.6214	0.5042	0.3122	0.2030	0.8675	0.5718	0.6517	0.0041	0.2471	0.0005	0.9939	1.9301	1.6182	2.7034	2.1234	1.9549	3.0007	1.6842	0.9675	2.5673
48	122	0.4722	4	0	1	0	1	0	0	0	0	N	N	N	N	N	N	N	N	N	N	N	N	0.2979	0.1523	1.1866	0.4950	0.5230	0.0358	0.2271	0.0015	1.2970	0.5596	0.2751	2.4293	0.9101	0.9586	0.0672	0.4353	0.0026	2.7152	1.8785	1.8070	2.0472	1.8386	1.8329	1.8766	1.9172	1.7662	2.0935	1.3433	0.4808	0.0259	-0.7008	6.0036	7.5400	51.7820	21.4192	0.1961	0.0837	0.1124	0.0835	0.0831	0.0003	0.1127	0.0006	0.1121	5.2415	3.5397	1.7017	2.5244	2.1915	0.3328	2.7171	1.3482	1.3689	0.3505	0.3042	0.0463	0.0917	0.0867	0.0050	0.2588	0.2175	0.0413	2.7902	1.9589	0.8312	1.3730	1.1956	0.1774	1.4172	0.7633	0.6539	0.2979	0.1523	1.1866	0.4950	0.5230	0.0358	0.2271	0.0015	1.2970	1.8785	1.8070	2.0472	1.8386	1.8329	1.8766	1.9172	1.7662	2.0935
48	123	0.2324	3	0	2	0	1	0	0	0	0	N	Y	N	N	N	N	N	N	N	N	N	N	0.0000	0.0000	0.0000	0.0000	0.0000	0.0000	0.0000	0.0000	0.0000	0.0000	0.0000	0.0000	0.0000	0.0000	0.0000	0.0000	0.0000	3.3408	2.4205	4.7093	3.8855	4.6841	0.0000	3.1960	1.4897	5.1697	1.3084	0.0000	0.5739	6.0036	4.0019	51.7820	19.5615	0.0000	0.0000	0.0000	0.0000	0.0000	0.0000	0.0000	0.0000	0.0000	5.2930	2.2930	3.0000	1.2930	1.2930	0.0000	4.0000	1.0000	3.0000	0.1503	0.1273	0.0230	0.0069	0.0064	0.0005	0.1435	0.1209	0.0225	1.5844	0.9473	0.6371	0.3328	0.2760	0.0567	1.2516	0.6713	0.5803	0.0000	0.0000	0.0000	0.0000	0.0000	0.0000	0.0000	0.0000	0.0000	3.3408	2.4205	4.7093	3.8855	4.6841	0.0000	3.1960	1.4897	5.1697		
48	124	0.2103	2	0	1	0	1	0	0	0	0	N	N	N	N	N	N	N	N	N	N	N	N	0.0003	0.0004	0.0000	0.0165	0.0195	0.0000	0.0000	0.0000	0.0000	0.0009	0.0010	0.0000	0.0146	0.0154	0.0000	0.0000	0.0000	0.0000	3.1008	2.3326	4.2644	0.8838	0.7879	2.2463	3.5892	2.9333	4.3265	0.0000	1.2071	-0.0000	0.2105	6.0036	1.2223	51.7820	8.2281	0.0000	0.0000	0.0000	0.0000	0.0000	0.0000	0.0000	0.0000	0.0000	2.3773	1.0771	1.3002	0.1223	0.1019	0.0204	2.2550	0.9752	1.2798	0.0483	0.0409	0.0074	0.0029	0.0028	0.0002	0.0454	0.0381	0.0073	0.7667	0.4618	0.3049	0.1384	0.1293	0.0091	0.6283	0.3325	0.2958	0.0003	0.0004	0.0000	0.0165	0.0195	0.0000	0.0000	0.0000	0.0000	3.1008	2.3326	4.2644	0.8838	0.7879	2.2463	3.5892	2.9333	4.3265
48	126	0.1956	3	0	2	0	1	0	0	0	0	N	Y	N	N	N	N	N	N	N	N	N	N	1.6572	4.9928	0.0000	3.5284	3.4274	0.0000	1.4767	4.4123	0.0000	4.9105	5.8254	0.0000	1.8468	1.8869	0.0000	5.1030	6.1157	0.0000	2.9631	1.1668	5.5734	0.5234	0.5505	0.1869	3.4557	1.3861	5.7440	0.0000	3.2872	-0.4408	1.5121	6.0036	5.0407	51.7820	17.1705	0.9992	0.9992	0.0000	0.0222	0.0222	0.0000	0.9770	0.9770	0.0000	4.9033	1.1437	3.7596	0.1455	0.1416	0.0039	4.7578	1.0021	3.7557	0.2035	0.1715	0.0320	0.0120	0.0118	0.0003	0.1915	0.1598	0.0317	1.6548	0.9803	0.6746	0.2780	0.2573	0.0207	1.3768	0.7230	0.6539	1.6572	4.9928	0.0000	3.5284	3.4274	0.0000	1.4767	4.4123	0.0000	2.9631	1.1668	5.5734	0.5234	0.5505	0.1869	3.4557	1.3861	5.7440
48	127	0.1796	2	0	2	0	1	0	0	0	0	N	Y	N	N	N	N	N	N	N	N	N	N	0.3187	0.5123	0.4280	2.0898	2.0600	0.3026	0.1602	0.1475	0.4223	0.5463	0.3636	1.4949	3.4802	3.4937	0.1599	0.2772	0.0167	1.4977	1.7141	0.7098	3.4925	1.6653	1.6960	0.5283	1.7302	0.1130	3.5468	0.7918	2.7786	0.0000	0.4233	6.0036	1.9703	51.7820	6.2034	0.0483	0.0270	0.0214	0.0259	0.0259	0.0000	0.0225	0.0011	0.0214	1.5283	0.4045	1.1238	0.3674	0.3643	0.0031	1.1609	0.0401	1.1208	0.0885	0.0742	0.0143	0.0074	0.0074	0.0000	0.0811	0.0668	0.0143	0.8916	0.5698	0.3218	0.2206	0.2148	0.0058	0.6710	0.3550	0.3160	0.3187	0.5123	0.4280	2.0898	2.0600	0.3026	0.1602	0.1475	0.4223	1.7141	0.7098	3.4925	1.6653	1.6960	0.5283	1.7302	0.1130	3.5468
48	129	0.5015	5	0	2	0	1	0	0	0	0	N	Y	N	N	N	N	N	N	N	N	N	N	0.0000	0.0000	0.0000	0.0000	0.0000	0.0000	0.0000	0.0000	0.0000	0.0000	0.0000	0.0000	0.0000	0.0000	0.0000	0.0000	0.0000	0.0042	0.0030	0.0079	0.0047	0.0045	0.0084	0.0034	0.0000	0.0077	0.7706	0.0000	-0.0001	6.0036	1.0033	51.7820	0.8635	0.0000	0.0000	0.0000	0.0000	0.0000	0.0000	0.0000	0.0000	0.0000	0.0039	0.0022	0.0017	0.0025	0.0022	0.0003	0.0014	0.0000	0.0014	0.1235	0.1123	0.0112	0.0668	0.0638	0.0031	0.0566	0.0485	0.0081	0.9288	0.7151	0.2136	0.5255	0.4888	0.0367	0.4032	0.2263	0.1769	0.0000	0.0000	0.0000	0.0000	0.0000	0.0000	0.0000	0.0000	0.0000	0.0042	0.0030	0.0079	0.0047	0.0045	0.0084	0.0034	0.0000	0.0077		
48	130	0.4722	4	0	1	0	1	0	0	0	0	N	N	N	N	N	N	N	N	N	N	N	N	0.0061	0.0061	0.0058	0.0033	0.0039	0.0000	0.0140	0.0139	0.0138	0.0039	0.0039	0.0035	0.0031	0.0033	0.0000	0.0042	0.0042	0.0040	0.6390	0.6484	0.6142	0.9495	0.8410	1.8098	0.2980	0.3040	0.2908	0.1340	0.3599	-0.0004	-0.2771	6.0036	5.5514	51.7820	9.9598	0.0011	0.0010	0.0001	0.0003	0.0003	0.0000	0.0008	0.0007	0.0001	1.4304	1.0518	0.3786	1.1125	0.8750	0.2375	0.3180	0.1769	0.1411	0.2834	0.2467	0.0367	0.0828	0.0785	0.0043	0.2006	0.1682	0.0324	2.2386	1.6221	0.6164	1.1716	1.0404	0.1312	1.0670	0.5818	0.4852	0.0061	0.0061	0.0058	0.0033	0.0039	0.0000	0.0140	0.0139	0.0138	0.6390	0.6484	0.6142	0.9495	0.8410	1.8098	0.2980	0.3040	0.2908
48	131	0.4419	3	0	1	0	1	0	0	0	0	N	N	N	N	N	N	N	N	N	N	N	N	0.4890	0.2695	1.9661	0.9117	0.8840	0.0397	0.3873	0.0011	1.8933	0.5741	0.3184	2.2753	1.2485	1.3119	0.0215	0.3823	0.0007	2.4798	1.1740	1.1812	1.1573	1.3695	1.4841	0.5429	0.9870	0.7019	1.3098	1.0744	0.4184	0.0182	-0.4552	6.0036	9.1969	51.7820	13.4651	0.2367	0.1141	0.1226	0.1140	0.1139	0.0001	0.1227	0.0002	0.1225	2.7859	1.9641	0.8218	1.5888	1.5121	0.0767	1.1970	0.4519	0.7451	0.4122	0.3583	0.0539	0.0913	0.0868	0.0045	0.3209	0.2715	0.0494	2.3729	1.6628	0.7101	1.1602	1.0189	0.1413	1.2128	0.6439	0.5689	0.4890	0.2695	1.9661	0.9117	0.8840	0.0397	0.3873	0.0011	1.8933	1.1740	1.1812	1.1573	1.3695	1.4841	0.5429	0.9870	0.7019	1.3098
48	132	0.2553	5	1	2	0	2	0	0	0	0	N	Y	N	Y	N	N	N	N	N	N	N	N	0.0000	0.0000	0.0000	0.0000	0.0000	0.0000	0.0000	0.0000	0.0000	0.0000	0.0000	0.0000	0.0000	0.0000	0.0000	0.0000	0.0000	0.0000	0.0000	0.0000	6.0036	1.0000	51.7820	3.0001	0.0000	0.0000	0.0000	0.0000	0.0000	0.0000	0.0000	0.0000	0.0000	0.0000	0.0000	0.0000	0.0000	0.0000	0.0000	0.0000	0.0000	0.0000	0.0379	0.0321	0.0058	0.0024	0.0022	0.0002	0.0355	0.0299	0.0056	0.2456	0.1366	0.1090	0.0285	0.0244	0.0040	0.2171	0.1122	0.1050	0.0000	0.0000	0.0000	0.0000	0.0000	0.0000	0.0000	0.0000	0.0000	0.0000	0.0000	0.0000	0.0000	0.0000	0.0000	0.0000	0.0000	0.0000											
48	133	0.6543	9	1	2	0	2	0	0	0	0	N	Y	N	Y	N	N	N	N	N	N	N	N	0.0000	0.0000	0.0000	0.0000	0.0000	0.0000	0.0000	0.0000	0.0000	0.0000	0.0000	0.0000	0.0000	0.0000	0.0000	0.0000	0.0000	0.0000	13.5340	0.0168	68.4684	0.0192	0.0203	0.0139	18.0384	0.0114	79.6854	800.5806	0.0000	0.5371	6.0036	0.0006	51.7820	1.9797	0.0000	0.0000	0.0000	0.0000	0.0000	0.0000	0.0000	0.0000	0.0000	0.9940	0.0012	0.9927	0.0010	0.0009	0.0001	0.9929	0.0003	0.9926	0.0001	0.0000	0.0000	0.0000	0.0000	0.0000	0.0000	0.0000	0.0000	0.1103	0.0739	0.0364	0.0535	0.0449	0.0086	0.0568	0.0290	0.0278	0.0000	0.0000	0.0000	0.0000	0.0000	0.0000	0.0000	0.0000	0.0000	9.0125	0.0168	27.2738	0.0192	0.0203	0.0139	17.4956	0.0114	35.7434	
48	134	0.6375	8	1	2	0	2	0	0	0	0	N	Y	N	Y	N	N	N	N	N	N	N	N	0.0000	0.0000	0.0000	0.0000	0.0000	0.0000	0.0000	0.0000	0.0000	0.0000	0.0000	0.0000	0.0000	0.0000	0.0000	0.0000	0.0000	5.8517	9.8651	0.0533	6.1109	8.2891	0.0000	4.7608	9.2061	0.0708	0.0036	0.0000	-0.9119	6.0036	2.0077	51.7820	6.0321	0.0000	0.0000	0.0000	0.0000	0.0000	0.0000	0.0000	0.0000	0.0000	2.0053	1.9981	0.0073	0.9985	0.9985	0.0000	1.0068	0.9995	0.0073	0.0733	0.0630	0.0103	0.0178	0.0163	0.0015	0.0555	0.0467	0.0088	0.4017	0.2650	0.1367	0.1902	0.1564	0.0338	0.2115	0.1086	0.1029	0.0000	0.0000	0.0000	0.0000	0.0000	0.0000	0.0000	0.0000	0.0000	4.9922	7.5392	0.0533	5.2495	6.3823	0.0000	4.7608	9.2061	0.0708		
48	135	0.6328	8	0	2	0	2	0	0	0	0	N	Y	N	Y	N	N	N	N	N	N	N	N	0.0006	0.0000	2.2549	0.0000	0.0000	0.0308	0.1968	0.0000	2.1166	0.0010	0.0000	0.0069	0.0000	0.0000	0.0000	0.0013	0.0000	0.0078	1.7842	2.6405	0.0030	3.5639	4.2692	0.0012	0.0066	0.0094	0.0037	inf	0.0006	0.0001	-0.5957	6.0036	3.0348	51.7820	9.3583	0.0001	0.0000	0.0001	0.0000	0.0000	0.0000	0.0001	0.0000	0.0001	1.3012	1.3004	0.0007	1.2987	1.2987	0.0001	0.0024	0.0018	0.0006	0.1139	0.0972	0.0167	0.0262	0.0242	0.0020	0.0877	0.0730	0.0147	0.7293	0.4925	0.2368	0.3644	0.3042	0.0602	0.3648	0.1883	0.1765	0.0006	0.0000	2.2549	0.0000	0.0000	0.0308	0.1968	0.0000	2.1166	1.7842	2.6405	0.0030	3.5639	4.2692	0.0012	0.0066	0.0094	0.0037
48	136	0.6184	7	0	1	0	2	0	0	0	0	N	N	N	Y	N	N	N	N	N	N	N	N	0.0405	0.0316	0.0000	0.0713	0.0622	0.0000	0.0000	0.0000	0.0000	0.0814	0.0963	0.0000	0.3038	0.3231	0.0000	0.0000	0.0000	0.0000	2.0094	3.0461	0.0046	4.2637	5.1929	0.0067	0.0022	0.0006	0.0039	0.0000	0.0008	-0.0001	-0.3235	6.0036	0.0433	51.7820	6.6805	0.0002	0.0002	0.0000	0.0002	0.0002	0.0000	0.0000	0.0000	0.0000	0.7070	0.7064	0.0006	0.7066	0.7064	0.0002	0.0004	0.0001	0.0004	0.0019	0.0016	0.0003	0.0005	0.0005	0.0000	0.0014	0.0011	0.0003	0.3518	0.2319	0.1199	0.1657	0.1360	0.0297	0.1861	0.0959	0.0902	0.0405	0.0316	0.0000	0.0713	0.0622	0.0000	0.0000	0.0000	0.0000	2.0094	3.0461	0.0046	4.2637	5.1929	0.0067	0.0022	0.0006	0.0039
48	137	0.2850	7	0	2	0	2	0	0	0	0	N	Y	N	Y	N	N	N	N	N	N	N	N	0.0000	0.0000	0.0000	0.0000	0.0000	0.0000	0.0000	0.0000	0.0000	0.0000	0.0000	0.0000	0.0000	0.0000	0.0000	0.0000	0.0000	0.0000	0.0000	0.0000	6.0036	0.0000	51.7820	0.0000	0.0000	0.0000	0.0000	0.0000	0.0000	0.0000	0.0000	0.0000	0.0000	0.0000	0.0000	0.0000	0.0000	0.0000	0.0000	0.0000	0.0000	0.0000	0.0000	0.0000	0.0000	0.0000	0.0000	0.0000	0.0000	0.0000	0.0000	0.0000	0.0000	0.0000	0.0000	0.0000	0.0000	0.0000	0.0000	0.0000	0.0000	0.0000	0.0000	0.0000	0.0000	0.0000	0.0000	0.0000	0.0000	0.0000	0.0000	0.0000	0.0000	0.0000	0.0000	0.0000	0.0000	0.0000											
48	138	0.2799	6	0	2	0	2	0	0	0	0	N	Y	N	Y	N	N	N	N	N	N	N	N	0.0000	0.0000	0.0000	0.0000	0.0000	0.0000	0.0000	0.0000	0.0000	0.0000	0.0000	0.0000	0.0000	0.0000	0.0000	0.0000	0.0000	0.0000	0.0000	0.0000	6.0036	0.0021	51.7820	2.0000	0.0000	0.0000	0.0000	0.0000	0.0000	0.0000	0.0000	0.0000	0.0000	0.0000	0.0000	0.0000	0.0000	0.0000	0.0000	0.0000	0.0000	0.0000	0.0001	0.0001	0.0000	0.0000	0.0000	0.0000	0.0001	0.0001	0.0000	0.1213	0.0685	0.0528	0.0173	0.0149	0.0023	0.1040	0.0536	0.0504	0.0000	0.0000	0.0000	0.0000	0.0000	0.0000	0.0000	0.0000	0.0000	0.0000	0.0000	0.0000	0.0000	0.0000	0.0000	0.0000	0.0000	0.0000											
48	139	0.2697	5	0	1	0	2	0	0	0	0	N	N	N	Y	N	N	N	N	N	N	N	N	0.0000	0.0000	0.0000	0.0000	0.0000	0.0000	0.0000	0.0000	0.0000	0.0000	0.0000	0.0000	0.0000	0.0000	0.0000	0.0001	0.0001	0.0001	0.0000	0.0000	0.0000	0.0001	0.0001	0.0001	1.0000	0.0000	0.0000	6.0036	1.0020	51.7820	3.0181	0.0000	0.0000	0.0000	0.0000	0.0000	0.0000	0.0000	0.0000	0.0000	0.0000	0.0000	0.0000	0.0000	0.0000	0.0000	0.0000	0.0000	0.0000	0.0380	0.0322	0.0058	0.0025	0.0023	0.0002	0.0355	0.0299	0.0056	0.2462	0.1381	0.1081	0.0334	0.0288	0.0046	0.2128	0.1093	0.1035	0.0000	0.0000	0.0000	0.0000	0.0000	0.0000	0.0000	0.0000	0.0000	0.0001	0.0001	0.0001	0.0000	0.0000	0.0000	0.0001	0.0001	0.0001				
48	140	0.2553	5	0	2	0	1	0	0	0	0	N	Y	N	N	N	N	N	N	N	N	N	N	0.0000	0.0000	0.0000	0.0000	0.0000	0.0000	0.0000	0.0000	0.0000	0.0000	0.0000	0.0000	0.0000	4.3665	0.0000	14.4749	0.0000	0.0000	0.0000	4.6055	0.0000	11.5452	inf	0.0000	0.5416	6.0036	0.0000	51.7820	4.0001	0.0000	0.0000	0.0000	0.0000	0.0000	0.0000	0.0000	0.0000	0.0000	1.0000	0.0000	1.0000	0.0000	0.0000	0.0000	1.0000	0.0000	1.0000	0.0000	0.0000	0.0000	0.0000	0.0000	0.0000	0.0000	0.0000	0.0000	0.2456	0.1366	0.1090	0.0285	0.0244	0.0040	0.2171	0.1122	0.1050	0.0000	0.0000	0.0000	0.0000	0.0000	0.0000	0.0000	0.0000	0.0000	4.0716	0.0000	9.1730	0.0000	0.0000	0.0000	4.6055	0.0000	9.5262						
48	141	0.6330	7	0	2	0	1	0	0	0	0	N	Y	N	N	N	N	N	N	N	N	N	N	0.0640	0.0000	6.7603	0.0000	0.0000	0.0462	0.0000	5.9669	0.0003	0.0000	0.0019	0.0000	0.0000	0.0000	0.0004	0.0000	0.0023	0.0043	0.0063	0.0003	0.0003	0.0004	0.0000	0.0078	0.0149	0.0004	inf	0.0234	0.0000	-0.0006	6.0036	1.0003	51.7820	5.0186	0.0000	0.0000	0.0000	0.0000	0.0000	0.0000	0.0000	0.0000	0.0000	0.0013	0.0013	0.0000	0.0001	0.0001	0.0000	0.0013	0.0012	0.0000	0.0366	0.0314	0.0051	0.0089	0.0081	0.0007	0.0277	0.0233	0.0044	0.3067	0.2026	0.1041	0.1455	0.1200	0.0255	0.1612	0.0826	0.0786	0.0640	0.0000	6.7603	0.0000	0.0000	0.0000	0.0462	0.0000	5.9669	0.0043	0.0063	0.0003	0.0003	0.0004	0.0000	0.0078	0.0149	0.0004	
48	142	0.2697	5	0	1	1	2	0	0	0	0	N	N	N	Y	N	N	N	N	N	N	N	N	0.0000	0.0000	0.0000	0.0000	0.0000	0.0000	0.0000	0.0000	0.0000	0.0000	0.0000	0.0000	0.0000	0.0000	0.0000	0.0000	0.0000	0.0000	0.0000	0.0000	0.0000	0.0000	0.0000	0.0000	1.0000	0.0000	0.0000	6.0036	0.0001	51.7820	9.0026	0.0000	0.0000	0.0000	0.0000	0.0000	0.0000	0.0000	0.0000	0.0000	0.0000	0.0000	0.0000	0.0000	0.0000	0.0000	0.0000	0.0000	0.0000	0.0000	0.0000	0.0000	0.0000	0.0000	0.0000	0.0000	0.0000	0.0000	0.5402	0.3032	0.2370	0.0730	0.0628	0.0102	0.4672	0.2404	0.2268	0.0000	0.0000	0.0000	0.0000	0.0000	0.0000	0.0000	0.0000	0.0000	0.0000	0.0000	0.0000	0.0000	0.0000	0.0000	0.0000	0.0000	0.0000				
48	143	0.6184	7	0	1	1	2	0	0	0	0	N	N	N	Y	N	N	N	N	N	N	N	N	0.0003	0.0002	0.0000	0.0006	0.0005	0.0000	0.0000	0.0000	0.0000	0.0005	0.0006	0.0000	0.0025	0.0027	0.0000	0.0000	0.0000	0.0000	1.9416	2.9521	0.0002	4.1339	5.0463	0.0005	0.0001	0.0002	0.0001	0.0000	0.0000	-0.0000	-0.4584	6.0036	2.0061	51.7820	8.0425	0.0000	0.0000	0.0000	0.0000	0.0000	0.0000	0.0000	0.0000	0.0000	1.0001	1.0000	0.0000	1.0000	1.0000	0.0000	0.0000	0.0000	0.0000	0.0728	0.0622	0.0105	0.0160	0.0146	0.0013	0.0568	0.0476	0.0092	0.5151	0.3388	0.1763	0.2419	0.1982	0.0437	0.2732	0.1406	0.1326	0.0003	0.0002	0.0000	0.0006	0.0005	0.0000	0.0000	0.0000	0.0000	1.9416	2.9521	0.0002	4.1339	5.0463	0.0005	0.0001	0.0002	0.0001
48	144	0.6093	6	0	1	0	2	0	0	0	0	N	N	N	Y	N	N	N	N	N	N	N	N	1432.6778	1226.9851	0.0246	2594.7854	2593.2192	0.0000	0.0033	0.0000	0.0496	13.0000	15.2206	0.0000	46.2910	51.5841	0.0000	0.0000	0.0000	0.0000	0.0091	0.0124	0.0006	0.0178	0.0199	0.0016	0.0009	0.0013	0.0004	0.0000	0.0195	-0.4392	-0.0014	6.0036	1.9550	51.7820	2.1189	0.9957	0.9957	0.0000	0.9957	0.9957	0.0000	0.0000	0.0000	0.0000	0.0031	0.0031	0.0001	0.0030	0.0029	0.0000	0.0002	0.0001	0.0000	0.0766	0.0654	0.0112	0.0215	0.0193	0.0022	0.0551	0.0461	0.0090	0.3450	0.2475	0.0975	0.1663	0.1476	0.0187	0.1787	0.0999	0.0788	1432.6778	1226.9851	0.0246	2594.7854	2593.2192	0.0000	0.0033	0.0000	0.0496	0.0091	0.0124	0.0006	0.0178	0.0199	0.0016	0.0009	0.0013	0.0004
48	145	0.6093	6	0	1	1	2	0	0	0	0	N	N	N	Y	N	N	N	N	N	N	N	N	0.0291	0.0000	2177.0963	0.0000	0.0000	0.0000	0.0408	0.0000	4159.7167	0.0511	0.0000	0.3515	0.0000	0.0000	0.0000	0.0708	0.0000	0.4358	1.7583	2.6183	0.0002	1.7860	2.1313	0.0004	1.7342	3.2916	0.0001	inf	0.0000	0.0024	-0.9117	6.0036	2.1261	51.7820	18.6477	0.0042	0.0000	0.0042	0.0000	0.0000	0.0000	0.0042	0.0000	0.0042	1.9890	1.9890	0.0001	0.9395	0.9394	0.0000	1.0496	1.0495	0.0000	0.0827	0.0707	0.0120	0.0230	0.0206	0.0023	0.0598	0.0501	0.0097	1.1312	0.7596	0.3716	0.5260	0.4408	0.0852	0.6052	0.3189	0.2864	0.0291	0.0000	2177.0963	0.0000	0.0000	0.0000	0.0408	0.0000	4159.7167	1.7583	2.6183	0.0002	1.7860	2.1313	0.0004	1.7342	3.2916	0.0001
48	146	0.2697	5	0	1	1	2	0	0	0	0	N	N	N	Y	N	N	N	N	N	N	N	N	0.0000	0.0000	0.0000	0.0000	0.0000	0.0000	0.0000	0.0000	0.0000	0.0000	0.0000	0.0000	0.0000	0.0000	0.0000	0.0000	0.0000	0.0000	0.0000	0.0000	0.0000	0.0000	0.0000	0.0000	1.0000	0.0000	0.0000	6.0036	2.0001	51.7820	5.9880	0.0000	0.0000	0.0000	0.0000	0.0000	0.0000	0.0000	0.0000	0.0000	0.0000	0.0000	0.0000	0.0000	0.0000	0.0000	0.0000	0.0000	0.0000	0.0754	0.0640	0.0114	0.0050	0.0046	0.0003	0.0704	0.0593	0.0111	0.4813	0.2701	0.2112	0.0650	0.0560	0.0090	0.4162	0.2141	0.2021	0.0000	0.0000	0.0000	0.0000	0.0000	0.0000	0.0000	0.0000	0.0000	0.0000	0.0000	0.0000	0.0000	0.0000	0.0000	0.0000	0.0000	0.0000				
48	147	0.2697	5	0	1	1	2	0	0	0	0	N	N	N	Y	N	N	N	N	N	N	N	N	0.0000	0.0000	0.0000	0.0000	0.0000	0.0000	0.0000	0.0000	0.0000	0.0000	0.0000	0.0000	0.0000	0.0000	0.0000	0.0000	0.0000	2.2749	3.0250	1.3045	0.0003	0.0003	0.0000	2.6269	3.8000	1.3639	0.3334	0.0000	-0.8334	6.0036	9.0001	51.7820	23.0169	0.0000	0.0000	0.0000	0.0000	0.0000	0.0000	0.0000	0.0000	0.0000	3.9999	2.9999	1.0000	0.0001	0.0001	0.0000	3.9998	2.9998	1.0000	0.3287	0.2794	0.0494	0.0217	0.0202	0.0015	0.3070	0.2592	0.0479	1.7583	0.9917	0.7666	0.2356	0.2023	0.0334	1.5226	0.7894	0.7332	0.0000	0.0000	0.0000	0.0000	0.0000	0.0000	0.0000	0.0000	0.0000	2.2749	3.0250	1.3045	0.0003	0.0003	0.0000	2.6269	3.8000	1.3639		
48	148	0.2444	4	0	1	0	2	0	0	0	0	N	N	N	Y	N	N	N	N	N	N	N	N	0.0000	0.0000	0.0000	0.0020	0.0019	0.0000	0.0000	0.0000	0.0001	0.0001	0.0000	0.0012	0.0013	0.0000	0.0000	0.0000	0.0000	3.0686	2.8311	3.3786	0.6044	0.6846	0.0000	3.5031	3.4857	3.5213	0.0000	0.9142	-0.0000	0.0388	6.0036	1.9990	51.7820	7.9526	0.0000	0.0000	0.0000	0.0000	0.0000	0.0000	0.0000	0.0000	0.0000	2.0178	1.0541	0.9637	0.0596	0.0596	0.0000	1.9582	0.9945	0.9637	0.0758	0.0643	0.0116	0.0050	0.0046	0.0003	0.0709	0.0596	0.0112	0.6576	0.3723	0.2852	0.0986	0.0870	0.0116	0.5590	0.2853	0.2737	0.0000	0.0000	0.0000	0.0020	0.0019	0.0000	0.0000	0.0000	0.0000	3.0686	2.8311	3.3786	0.6044	0.6846	0.0000	3.5031	3.4857	3.5213	
48	149	0.2124	3	1	2	0	1	0	0	0	0	N	Y	N	N	N	N	N	N	N	N	N	N	0.0000	0.0000	0.0000	0.0000	0.0000	0.0000	0.0000	0.0000	0.0000	0.0000	0.0000	0.0003	0.0000	0.0000	0.0000	0.0001	0.0000	0.0003	5.5956	2.2931	13.4009	0.0829	0.0754	0.1855	5.7820	3.0116	9.9447	inf	2.5945	0.0000	2.0497	6.0036	5.3497	51.7820	17.2225	0.0000	0.0000	0.0000	0.0000	0.0000	0.0000	0.0000	0.0000	0.0000	7.7811	2.1647	5.6163	0.0205	0.0174	0.0031	7.7605	2.1473	5.6132	0.2362	0.2002	0.0360	0.0251	0.0247	0.0005	0.2111	0.1756	0.0355	1.5901	0.9440	0.6461	0.2480	0.2310	0.0169	1.3422	0.7130	0.6292	0.0000	0.0000	0.0000	0.0000	0.0000	0.0000	0.0000	0.0000	0.0000	4.8933	2.2931	8.6926	0.0829	0.0754	0.1855	5.7820	3.0116	8.9214
48	150	0.2432	4	0	2	0	1	0	0	0	0	N	Y	N	N	N	N	N	N	N	N	N	N	0.0025	0.0016	0.0077	0.0425	0.0405	0.0255	0.0014	0.0000	0.0076	0.0049	0.0026	0.0198	0.0093	0.0096	0.0008	0.0034	0.0000	0.0207	1.9570	1.5901	2.5804	0.2199	0.2365	0.0302	2.5137	2.3333	2.7227	1.1849	0.9550	0.0001	0.1007	6.0036	3.6794	51.7820	17.4287	0.0011	0.0005	0.0006	0.0005	0.0005	0.0000	0.0006	0.0000	0.0006	3.3430	1.7100	1.6330	0.0912	0.0902	0.0010	3.2518	1.6198	1.6320	0.2206	0.1912	0.0294	0.0526	0.0511	0.0014	0.1680	0.1401	0.0279	1.7082	1.0754	0.6329	0.4146	0.3811	0.0334	1.2936	0.6942	0.5994	0.0025	0.0016	0.0077	0.0425	0.0405	0.0255	0.0014	0.0000	0.0076	1.9570	1.5901	2.5804	0.2199	0.2365	0.0302	2.5137	2.3333	2.7227
48	151	0.2124	3	0	2	0	1	0	0	0	0	N	Y	N	N	N	N	N	N	N	N	N	N	2.9441	0.0004	17.0453	0.0001	0.0001	0.0000	4.5353	0.0010	16.8694	5.9756	0.0008	39.4859	0.0005	0.0005	0.0000	6.9392	0.0008	39.9704	2.0297	1.8494	2.3165	4.1476	4.3561	0.2786	1.5300	0.8010	2.3694	9040.6510	0.7870	0.5587	-0.0401	6.0036	3.4464	51.7820	10.1316	0.9999	0.0001	0.9998	0.0000	0.0000	0.0000	0.9999	0.0001	0.9998	2.2337	1.2499	0.9838	0.8712	0.8682	0.0030	1.3624	0.3817	0.9808	0.1673	0.1420	0.0253	0.0232	0.0229	0.0003	0.1441	0.1191	0.0250	1.1005	0.6759	0.4247	0.2101	0.1993	0.0107	0.8905	0.4765	0.4139	2.9441	0.0004	17.0453	0.0001	0.0001	0.0000	4.5353	0.0010	16.8694	2.0297	1.8494	2.3165	4.1476	4.3561	0.2786	1.5300	0.8010	2.3694
48	152	0.6398	9	1	2	0	1	0	0	0	0	N	Y	N	N	N	N	N	N	N	N	N	N	0.0000	0.0000	0.0000	0.0000	0.0000	0.0000	0.0000	0.0000	0.0000	0.0000	0.0000	0.0000	0.0000	0.0000	0.0000	0.0000	0.0000	1.5672	2.3768	0.0002	3.3314	4.0523	0.0000	0.0002	0.0001	0.0003	0.0001	0.0000	-0.4582	6.0036	1.0143	51.7820	12.0086	0.0000	0.0000	0.0000	0.0000	0.0000	0.0000	0.0000	0.0000	0.0000	0.9998	0.9997	0.0001	0.9997	0.9997	0.0000	0.0001	0.0000	0.0001	0.0378	0.0325	0.0053	0.0095	0.0087	0.0008	0.0284	0.0238	0.0046	0.6379	0.4206	0.2173	0.3001	0.2467	0.0534	0.3378	0.1739	0.1639	0.0000	0.0000	0.0000	0.0000	0.0000	0.0000	0.0000	0.0000	0.0000	1.5672	2.3768	0.0002	3.3314	4.0523	0.0000	0.0002	0.0001	0.0003		
48	153	0.6375	8	1	2	0	1	0	0	0	0	N	Y	N	N	N	N	N	N	N	N	N	N	0.0000	0.0000	0.0000	0.0000	0.0000	0.0000	0.0000	0.0000	0.0000	0.0000	0.0000	0.0000	0.0000	0.0000	0.0000	0.0000	0.0000	0.0226	0.0174	0.0328	0.0233	0.0283	0.0000	0.0220	0.0014	0.0435	0.9667	0.0000	0.0000	6.0036	0.9811	51.7820	0.0216	0.0000	0.0000	0.0000	0.0000	0.0000	0.0000	0.0000	0.0000	0.0000	0.0012	0.0006	0.0006	0.0006	0.0006	0.0000	0.0006	0.0000	0.0006	0.0362	0.0311	0.0051	0.0088	0.0081	0.0007	0.0273	0.0229	0.0044	0.0521	0.0344	0.0177	0.0249	0.0205	0.0043	0.0273	0.0139	0.0133	0.0000	0.0000	0.0000	0.0000	0.0000	0.0000	0.0000	0.0000	0.0000	0.0226	0.0174	0.0328	0.0233	0.0283	0.0000	0.0220	0.0014	0.0435		
48	154	0.6330	7	1	2	0	1	0	0	0	0	N	Y	N	N	N	N	N	N	N	N	N	N	1.3972	0.0000	235.2096	0.0000	0.0000	1.5363	0.0000	233.9483	0.0283	0.0000	0.1958	0.0000	0.0000	0.0000	0.0418	0.0000	0.2565	0.0202	0.0301	0.0008	0.0126	0.0152	0.0000	0.0272	0.0522	0.0011	inf	0.0141	0.0000	-0.0010	6.0036	0.0083	51.7820	2.0001	0.0000	0.0000	0.0000	0.0000	0.0000	0.0000	0.0000	0.0000	0.0000	0.0022	0.0021	0.0000	0.0006	0.0006	0.0000	0.0015	0.0015	0.0000	0.0004	0.0003	0.0001	0.0001	0.0001	0.0000	0.0002	0.0002	0.0000	0.1068	0.0708	0.0360	0.0509	0.0423	0.0087	0.0559	0.0285	0.0273	1.3972	0.0000	235.2096	0.0000	0.0000	0.0000	1.5363	0.0000	233.9483	0.0202	0.0301	0.0008	0.0126	0.0152	0.0000	0.0272	0.0522	0.0011	
48	155	0.6093	6	0	2	0	1	0	0	0	0	N	Y	N	N	N	N	N	N	N	N	N	N	0.0249	0.0000	771.0864	0.1132	0.1107	0.0000	0.0179	0.0000	1285.3627	0.0382	0.0001	0.2646	0.0003	0.0004	0.0000	0.0520	0.0000	0.3226	1.5334	2.2336	0.0003	0.0030	0.0034	0.0007	2.9025	5.4126	0.0003	424.7926	0.0001	0.0024	-0.4573	6.0036	2.9180	51.7820	7.4065	0.0042	0.0000	0.0042	0.0000	0.0000	0.0000	0.0042	0.0000	0.0042	0.9977	0.9977	0.0001	0.0009	0.0009	0.0000	0.9968	0.9968	0.0000	0.1110	0.0950	0.0160	0.0297	0.0268	0.0029	0.0814	0.0683	0.0131	0.6507	0.4467	0.2040	0.3072	0.2625	0.0447	0.3434	0.1842	0.1593	0.0249	0.0000	771.0864	0.1132	0.1107	0.0000	0.0179	0.0000	1285.3627	1.5334	2.2336	0.0003	0.0030	0.0034	0.0007	2.9025	5.4126	0.0003
48	156	0.5435	5	0	1	0	1	0	0	0	0	N	N	N	N	N	N	N	N	N	N	N	N	3.1846	4.4581	0.1023	1.6650	2.1022	0.0015	5.2853	13.1570	0.1571	0.9796	1.1104	0.0441	0.6771	0.7183	0.0012	1.1267	1.3231	0.0518	0.3076	0.2491	0.4310	0.4067	0.3417	0.7937	0.2132	0.1006	0.3298	0.0056	0.8207	-0.1878	-0.0045	6.0036	8.2479	51.7820	19.7214	0.4311	0.4287	0.0024	0.0975	0.0975	0.0000	0.3336	0.3312	0.0024	0.5959	0.3273	0.2686	0.3844	0.2765	0.1079	0.2115	0.0508	0.1607	0.4401	0.3861	0.0540	0.1440	0.1358	0.0083	0.2961	0.2503	0.0457	1.9374	1.3141	0.6233	0.9453	0.8094	0.1359	0.9921	0.5047	0.4874	3.1846	4.4581	0.1023	1.6650	2.1022	0.0015	5.2853	13.1570	0.1571	0.3076	0.2491	0.4310	0.4067	0.3417	0.7937	0.2132	0.1006	0.3298
48	157	0.5074	4	0	1	0	1	0	0	0	0	N	N	N	N	N	N	N	N	N	N	N	N	0.9329	1.1644	0.7145	0.0316	0.0297	0.0514	0.9488	1.4747	0.6720	2.0630	2.0221	2.3240	0.0496	0.0492	0.0550	2.7511	2.7648	2.6779	2.2115	1.7366	3.2525	1.5688	1.6583	1.0700	2.8996	1.8748	3.9851	0.1805	0.8543	-0.1968	0.0099	6.0036	7.4725	51.7820	14.3153	0.6827	0.5783	0.1044	0.0042	0.0038	0.0003	0.6785	0.5745	0.1040	4.2144	2.2728	1.9416	1.5458	1.3853	0.1605	2.6686	0.8875	1.7811	0.3309	0.2860	0.0449	0.0843	0.0782	0.0061	0.2466	0.2078	0.0389	1.9057	1.3087	0.5970	0.9854	0.8354	0.1500	0.9203	0.4734	0.4469	0.9329	1.1644	0.7145	0.0316	0.0297	0.0514	0.9488	1.4747	0.6720	2.2115	1.7366	3.2525	1.5688	1.6583	1.0700	2.8996	1.8748	3.9851
48	158	0.4419	3	0	1	0	1	0	0	0	0	N	N	N	N	N	N	N	N	N	N	N	N	1.4038	0.0365	4.2904	0.0687	0.1712	0.0302	1.4343	0.0057	5.4519	2.3136	0.0210	17.3019	0.0852	0.0793	0.1923	2.8880	0.0042	18.8086	1.6482	0.5756	4.0327	1.2391	0.4629	6.3628	2.0135	0.7406	3.4499	125.8199	3.1510	0.6278	1.3491	6.0036	11.6653	51.7820	19.4910	1.1393	0.0090	1.1303	0.0086	0.0076	0.0010	1.1307	0.0014	1.1293	4.4860	1.0807	3.4053	1.5912	0.5162	1.0750	2.8948	0.5645	2.3303	0.4924	0.4271	0.0653	0.1009	0.0956	0.0053	0.3915	0.3315	0.0600	2.7219	1.8774	0.8444	1.2841	1.1152	0.1690	1.4377	0.7622	0.6755	1.4038	0.0365	4.2904	0.0687	0.1712	0.0302	1.4343	0.0057	5.4519	1.6482	0.5756	4.0327	1.2391	0.4629	6.3628	2.0135	0.7406	3.4499
48	159	0.3946	2	0	1	0	1	0	0	0	0	N	N	N	N	N	N	N	N	N	N	N	N	1.4575	0.0682	6.8119	0.2947	0.5058	0.0158	1.3847	0.0023	8.5225	2.3319	0.0808	17.2341	0.3137	0.3253	0.0630	2.8878	0.0046	18.5811	1.5999	1.1847	2.5300	1.0645	0.6431	3.9745	2.0856	2.0004	2.1802	32.2127	0.9534	0.4256	0.1331	6.0036	7.3933	51.7820	20.5306	0.8048	0.0242	0.7806	0.0234	0.0232	0.0002	0.7814	0.0011	0.7804	4.4815	2.2942	2.1873	1.4182	0.7484	0.6698	3.0632	1.5458	1.5174	0.3451	0.2998	0.0453	0.0745	0.0712	0.0033	0.2706	0.2286	0.0420	2.8010	1.9365	0.8645	1.3323	1.1637	0.1685	1.4688	0.7727	0.6960	1.4575	0.0682	6.8119	0.2947	0.5058	0.0158	1.3847	0.0023	8.5225	1.5999	1.1847	2.5300	1.0645	0.6431	3.9745	2.0856	2.0004	2.1802
48	161	0.2629	7	1	2	0	1	0	0	0	0	N	Y	N	N	N	N	N	N	N	N	N	N	0.0000	0.0000	0.0000	0.0000	0.0000	0.0000	0.0000	0.0000	0.0000	0.0000	0.0000	0.0000	0.0000	0.0000	0.0000	6.2930	0.0000	25.1882	0.0029	0.0000	0.0225	6.0138	0.0000	21.7339	inf	0.0000	0.5401	6.0036	0.0002	51.7820	3.0099	0.0000	0.0000	0.0000	0.0000	0.0000	0.0000	0.0000	0.0000	0.0000	0.9971	0.0000	0.9971	0.0001	0.0000	0.0001	0.9970	0.0000	0.9970	0.0000	0.0000	0.0000	0.0000	0.0000	0.0000	0.0000	0.0000	0.0000	0.1898	0.1070	0.0828	0.0241	0.0209	0.0031	0.1658	0.0861	0.0797	0.0000	0.0000	0.0000	0.0000	0.0000	0.0000	0.0000	0.0000	0.0000	5.2523	0.0000	12.0393	0.0029	0.0000	0.0225	6.0138	0.0000	12.5090				
48	162	0.2553	6	1	2	0	1	0	0	0	0	N	Y	N	N	N	N	N	N	N	N	N	N	0.0000	0.0000	0.0000	0.0000	0.0000	0.0000	0.0000	0.0000	0.0000	0.0000	0.0000	0.0000	0.0000	0.0000	0.0000	0.0159	0.0007	0.0349	0.0000	0.0000	0.0000	0.0180	0.0008	0.0363	41.1429	0.0000	0.0015	6.0036	0.9998	51.7820	2.0118	0.0000	0.0000	0.0000	0.0000	0.0000	0.0000	0.0000	0.0000	0.0000	0.0030	0.0001	0.0029	0.0000	0.0000	0.0000	0.0030	0.0001	0.0029	0.0379	0.0321	0.0058	0.0024	0.0022	0.0002	0.0355	0.0299	0.0056	0.1857	0.1033	0.0824	0.0215	0.0185	0.0031	0.1641	0.0848	0.0794	0.0000	0.0000	0.0000	0.0000	0.0000	0.0000	0.0000	0.0000	0.0000	0.0159	0.0007	0.0349	0.0000	0.0000	0.0000	0.0180	0.0008	0.0363				
48	163	0.2553	5	1	2	0	1	0	0	0	0	N	Y	N	N	N	N	N	N	N	N	N	N	0.0000	0.0000	0.0000	0.0000	0.0000	0.0000	0.0000	0.0000	0.0000	0.0000	0.0000	0.0000	0.0000	0.0000	0.0000	0.0000	0.0000	0.0000	0.0000	0.0000	6.0036	0.0000	51.7820	0.0003	0.0000	0.0000	0.0000	0.0000	0.0000	0.0000	0.0000	0.0000	0.0000	0.0000	0.0000	0.0000	0.0000	0.0000	0.0000	0.0000	0.0000	0.0000	0.0000	0.0000	0.0000	0.0000	0.0000	0.0000	0.0000	0.0000	0.0000	0.0001	0.0000	0.0000	0.0000	0.0000	0.0000	0.0000	0.0000	0.0000	0.0000	0.0000	0.0000	0.0000	0.0000	0.0000	0.0000	0.0000	0.0000	0.0000	0.0000	0.0000	0.0000	0.0000	0.0000	0.0000	0.0000	0.0000											
48	164	0.2444	4	0	2	0	1	0	0	0	0	N	Y	N	N	N	N	N	N	N	N	N	N	0.0027	0.0391	0.0000	0.0304	0.0274	0.0000	0.0000	0.0000	0.0080	0.0098	0.0000	0.0222	0.0223	0.0000	0.0000	0.0000	0.0000	3.0017	0.2498	7.6530	0.7290	0.8135	0.0000	3.5440	0.0095	7.1032	0.0000	19.8034	-0.0000	0.4894	6.0036	0.0063	51.7820	4.3641	0.0000	0.0000	0.0000	0.0000	0.0000	0.0000	0.0000	0.0000	0.0000	0.9915	0.0477	0.9439	0.0464	0.0464	0.0000	0.9451	0.0013	0.9439	0.0007	0.0006	0.0001	0.0003	0.0003	0.0000	0.0005	0.0003	0.0001	0.3303	0.1908	0.1395	0.0636	0.0570	0.0066	0.2667	0.1338	0.1329	0.0027	0.0391	0.0000	0.0304	0.0274	0.0000	0.0000	0.0000	0.0000	3.0017	0.2498	6.7669	0.7290	0.8135	0.0000	3.5440	0.0095	7.1032	
48	165	0.2124	3	0	1	0	1	0	0	0	0	N	N	N	N	N	N	N	N	N	N	N	N	0.0429	0.0364	0.0000	0.0817	0.0785	0.0000	0.0000	0.0000	0.0000	0.0269	0.0316	0.0000	0.1606	0.1622	0.0000	0.0000	0.0000	0.0000	0.6260	0.8674	0.2357	1.9655	2.0658	0.0017	0.2970	0.3448	0.2418	0.0000	0.1681	-0.0016	-0.2051	6.0036	2.5207	51.7820	10.0226	0.0036	0.0036	0.0000	0.0036	0.0036	0.0000	0.0000	0.0000	0.0000	0.6523	0.5584	0.0938	0.4039	0.4039	0.0000	0.2484	0.1546	0.0938	0.1334	0.1133	0.0200	0.0223	0.0221	0.0002	0.1111	0.0913	0.0198	1.0419	0.6438	0.3981	0.2055	0.1955	0.0100	0.8364	0.4483	0.3881	0.0429	0.0364	0.0000	0.0817	0.0785	0.0000	0.0000	0.0000	0.0000	0.6260	0.8674	0.2357	1.9655	2.0658	0.0017	0.2970	0.3448	0.2418
48	166	0.1969	2	0	1	0	1	0	0	0	0	N	N	N	N	N	N	N	N	N	N	N	N	0.0001	0.0001	0.0000	0.0010	0.0010	0.0000	0.0000	0.0000	0.0000	0.0001	0.0001	0.0002	0.0012	0.0012	0.0000	0.0000	0.0000	0.0002	2.2181	0.7306	4.8737	1.1596	1.1959	0.3081	2.5691	0.4543	5.0071	0.3058	3.7366	-0.0000	0.5825	6.0036	2.6894	51.7820	4.6619	0.0000	0.0000	0.0000	0.0000	0.0000	0.0000	0.0000	0.0000	0.0000	1.7623	0.3721	1.3903	0.2294	0.2269	0.0025	1.5329	0.1452	1.3878	0.1159	0.0979	0.0180	0.0089	0.0088	0.0001	0.1070	0.0891	0.0179	0.7945	0.5093	0.2853	0.1978	0.1897	0.0081	0.5967	0.3195	0.2772	0.0001	0.0001	0.0000	0.0010	0.0010	0.0000	0.0000	0.0000	0.0000	2.2181	0.7306	4.8737	1.1596	1.1959	0.3081	2.5691	0.4543	5.0071
49	50	0.1948	2	1	1	1	0	0	0	0	0	N	N	N	N	N	N	N	N	N	N	N	N	1.0529	0.0002	28.1971	0.0579	0.1021	0.0138	0.8196	0.0000	28.5668	0.8912	0.0003	6.2550	0.0032	0.0032	0.0028	0.9612	0.0000	6.3976	0.8464	1.2189	0.2218	0.0547	0.0312	0.2040	1.1727	2.0194	0.2240	4007.8511	0.1086	0.5579	-1.1026	5.9964	31.2093	34.6547	46.3939	0.9987	0.0002	0.9985	0.0003	0.0002	0.0000	0.9985	0.0000	0.9985	3.0591	2.7595	0.2996	0.0577	0.0284	0.0293	3.0014	2.7311	0.2703	1.1207	0.9611	0.1596	0.0819	0.0784	0.0036	1.0388	0.8827	0.1561	3.6143	2.2638	1.3504	1.0549	0.9114	0.1435	2.5593	1.3525	1.2069	1.0529	0.0002	28.1971	0.0579	0.1021	0.0138	0.8196	0.0000	28.5668	0.8464	1.2189	0.2218	0.0547	0.0312	0.2040	1.1727	2.0194	0.2240
49	51	0.1421	2	1	2	0	0	0	0	0	0	N	Y	N	N	N	N	N	N	N	N	N	N	0.0002	0.0010	0.0000	0.0533	0.3871	0.0000	0.0000	0.0000	0.0000	0.0009	0.0011	0.0000	0.0269	0.0281	0.0000	0.0000	0.0000	0.0000	4.5276	1.0536	15.9152	0.5053	0.0727	4.6652	5.7777	1.8237	12.9007	0.0000	5.1649	-0.0001	2.3457	5.9964	4.1516	34.6547	14.5664	0.0001	0.0001	0.0000	0.0001	0.0001	0.0000	0.0000	0.0000	0.0000	6.1823	1.0028	5.1795	0.2335	0.0304	0.2031	5.9487	0.9724	4.9763	0.1567	0.1327	0.0240	0.0052	0.0050	0.0002	0.1516	0.1278	0.0238	1.4918	0.9518	0.5400	0.4622	0.4186	0.0435	1.0296	0.5332	0.4964	0.0002	0.0010	0.0000	0.0533	0.3871	0.0000	0.0000	0.0000	0.0000	4.1443	1.0536	9.5924	0.5053	0.0727	4.6652	5.7777	1.8237	10.0246
49	52	0.2226	4	2	1	1	0	0	0	0	0	Y	N	N	N	N	N	N	N	N	N	N	N	113.1761	215.2259	0.0000	1521.0460	2103.0242	0.0000	0.0000	0.0000	0.0000	0.9408	1.0610	0.0000	2.4963	2.5026	0.0000	0.0000	0.0000	0.0000	0.0083	0.0049	0.0146	0.0016	0.0012	0.0050	0.0112	0.0076	0.0157	0.0000	1.5984	-0.0002	0.0001	5.9964	0.0028	34.6547	0.9232	0.0004	0.0004	0.0000	0.0004	0.0004	0.0000	0.0000	0.0000	0.0000	0.0005	0.0002	0.0003	0.0000	0.0000	0.0000	0.0005	0.0002	0.0003	0.0004	0.0004	0.0000	0.0002	0.0002	0.0000	0.0003	0.0002	0.0000	0.0619	0.0402	0.0217	0.0189	0.0166	0.0022	0.0430	0.0235	0.0195	113.1761	215.2259	0.0000	1521.0460	2103.0242	0.0000	0.0000	0.0000	0.0000	0.0083	0.0049	0.0146	0.0016	0.0012	0.0050	0.0112	0.0076	0.0157
49	53	0.6019	8	1	2	0	0	0	0	0	0	N	Y	N	N	N	N	N	N	N	N	N	N	0.0006	0.0008	0.0000	0.0031	0.0027	0.0000	0.0000	0.0000	0.0000	0.0011	0.0013	0.0000	0.0046	0.0048	0.0000	0.0000	0.0000	0.0000	1.7504	1.6387	1.9873	1.4671	1.7591	0.0319	2.1162	1.3717	2.8141	0.0000	0.5723	-0.0002	-0.2578	5.9964	8.5400	34.6547	19.3759	0.0004	0.0004	0.0000	0.0004	0.0004	0.0000	0.0000	0.0000	0.0000	2.7314	1.7372	0.9942	1.2899	1.2852	0.0047	1.4415	0.4520	0.9894	0.3678	0.3195	0.0483	0.0899	0.0855	0.0044	0.2778	0.2340	0.0438	1.5604	1.0601	0.5003	0.8793	0.7306	0.1487	0.6811	0.3295	0.3516	0.0006	0.0008	0.0000	0.0031	0.0027	0.0000	0.0000	0.0000	0.0000	1.7504	1.6387	1.9873	1.4671	1.7591	0.0319	2.1162	1.3717	2.8141
49	54	0.5388	7	1	1	0	0	0	0	0	0	N	N	N	N	N	N	N	N	N	N	N	N	0.0028	0.0009	0.0126	0.0206	0.0087	0.1377	0.0003	0.0000	0.0025	0.0015	0.0004	0.0089	0.0053	0.0015	0.0916	0.0003	0.0000	0.0018	0.5253	0.4395	0.7067	0.2572	0.1771	0.6653	0.8038	0.8814	0.7213	3.1679	0.7610	0.0002	-0.0248	5.9964	7.3474	34.6547	24.2346	0.0005	0.0001	0.0004	0.0004	0.0001	0.0003	0.0001	0.0000	0.0001	0.9446	0.5364	0.4082	0.2356	0.1356	0.1000	0.7090	0.4008	0.3082	0.3368	0.2940	0.0428	0.0811	0.0777	0.0034	0.2557	0.2163	0.0394	1.7981	1.2205	0.5776	0.9161	0.7658	0.1503	0.8820	0.4547	0.4273	0.0028	0.0009	0.0126	0.0206	0.0087	0.1377	0.0003	0.0000	0.0025	0.5253	0.4395	0.7067	0.2572	0.1771	0.6653	0.8038	0.8814	0.7213
49	55	0.5090	6	1	1	0	0	0	0	0	0	N	N	N	N	N	N	N	N	N	N	N	N	0.0010	0.0003	0.0043	0.0019	0.0006	0.1651	0.0006	0.0000	0.0021	0.0009	0.0002	0.0064	0.0019	0.0006	0.0392	0.0006	0.0000	0.0039	0.9591	0.7317	1.4941	0.9531	1.0712	0.2374	0.9657	0.1300	1.9089	4.6744	0.8680	0.0001	0.0092	5.9964	3.4216	34.6547	15.9376	0.0002	0.0000	0.0001	0.0001	0.0000	0.0001	0.0001	0.0000	0.0001	1.4547	0.7787	0.6760	0.7554	0.7288	0.0267	0.6992	0.0499	0.6493	0.1790	0.1571	0.0219	0.0484	0.0469	0.0015	0.1306	0.1102	0.0203	1.5167	1.0642	0.4524	0.7926	0.6803	0.1123	0.7240	0.3839	0.3401	0.0010	0.0003	0.0043	0.0019	0.0006	0.1651	0.0006	0.0000	0.0021	0.9591	0.7317	1.4941	0.9531	1.0712	0.2374	0.9657	0.1300	1.9089
49	56	0.2257	2	1	2	0	0	0	0	0	0	N	Y	N	N	N	N	N	N	N	N	N	N	0.0007	0.0025	0.0000	0.0168	0.0153	0.0000	0.0000	0.0000	0.0000	0.0013	0.0015	0.0000	0.0116	0.0121	0.0000	0.0000	0.0000	0.0000	1.7413	0.5918	3.9852	0.6892	0.7905	0.1141	2.5894	0.3244	4.9369	0.0000	3.4495	-0.0000	0.8151	5.9964	0.9891	34.6547	20.6926	0.0000	0.0000	0.0000	0.0000	0.0000	0.0000	0.0000	0.0000	0.0000	2.5724	0.5781	1.9942	0.4544	0.4431	0.0113	2.1180	0.1350	1.9830	0.0395	0.0335	0.0060	0.0043	0.0041	0.0002	0.0352	0.0294	0.0058	1.4772	0.9768	0.5004	0.6593	0.5605	0.0988	0.8179	0.4163	0.4017	0.0007	0.0025	0.0000	0.0168	0.0153	0.0000	0.0000	0.0000	0.0000	1.7413	0.5918	3.9852	0.6892	0.7905	0.1141	2.5894	0.3244	4.9369
49	59	0.4894	6	1	2	0	1	0	0	0	0	N	Y	N	N	N	N	N	N	N	N	N	N	0.0000	0.0000	0.0000	0.0000	0.0001	0.0000	0.0000	0.0000	0.0000	0.0000	0.0000	0.0000	0.0001	0.0001	0.0000	0.0000	0.0000	0.0000	1.7065	0.5749	4.3281	1.6151	0.8730	5.2660	1.8198	0.0008	3.9068	0.0000	3.2494	-0.0000	1.2993	5.9964	10.4254	34.6547	21.2017	0.0000	0.0000	0.0000	0.0000	0.0000	0.0000	0.0000	0.0000	0.0000	4.2419	0.9982	3.2436	2.2212	0.9977	1.2234	2.0207	0.0005	2.0202	0.4999	0.4371	0.0628	0.1491	0.1421	0.0070	0.3508	0.2950	0.0557	2.4857	1.7362	0.7494	1.3753	1.1429	0.2323	1.1104	0.5933	0.5171	0.0000	0.0000	0.0000	0.0000	0.0001	0.0000	0.0000	0.0000	0.0000	1.7065	0.5749	4.3281	1.6151	0.8730	5.2660	1.8198	0.0008	3.9068
49	60	0.2226	4	2	1	1	0	0	0	0	0	Y	N	N	N	N	N	N	N	N	N	N	N	2.5635	4.7390	0.0000	256.2107	358.4199	0.0000	0.0000	0.0000	0.0000	0.0050	0.0059	0.0000	0.1207	0.1318	0.0000	0.0000	0.0000	0.0000	0.0020	0.0013	0.0030	0.0005	0.0004	0.0009	0.0025	0.0017	0.0033	0.0000	1.5984	-0.0002	0.0001	5.9964	1.9981	34.6547	3.0867	0.0004	0.0004	0.0000	0.0004	0.0004	0.0000	0.0000	0.0000	0.0000	0.0005	0.0002	0.0003	0.0000	0.0000	0.0000	0.0005	0.0002	0.0003	0.0753	0.0637	0.0116	0.0031	0.0029	0.0003	0.0722	0.0608	0.0114	0.2624	0.1579	0.1045	0.0657	0.0538	0.0119	0.1967	0.1041	0.0926	2.5635	4.7390	0.0000	256.2107	358.4199	0.0000	0.0000	0.0000	0.0000	0.0020	0.0013	0.0030	0.0005	0.0004	0.0009	0.0025	0.0017	0.0033
49	61	0.1792	3	2	1	1	0	0	0	0	0	Y	N	N	N	N	N	N	N	N	N	N	N	6.3505	7.1015	0.0000	22702.2964	20498.1486	0.0000	0.0000	0.0000	6.6294	7.8296	0.0000	145.0042	156.5669	0.0000	0.0000	0.0000	0.0000	1.0439	1.1025	0.9535	0.0064	0.0076	0.0000	1.3585	1.6192	1.0558	0.0000	0.5604	-0.4394	-0.1028	5.9964	4.0039	34.6547	14.0733	0.9960	0.9960	0.0000	0.9960	0.9960	0.0000	0.0000	0.0000	0.0000	1.0359	0.6639	0.3720	0.0015	0.0015	0.0000	1.0344	0.6624	0.3720	0.1502	0.1272	0.0230	0.0069	0.0064	0.0005	0.1434	0.1209	0.0225	0.9923	0.6021	0.3902	0.2309	0.1931	0.0378	0.7614	0.4091	0.3524	6.3505	7.1015	0.0000	22702.2964	20498.1486	0.0000	0.0000	0.0000	0.0000	1.0439	1.1025	0.9535	0.0064	0.0076	0.0000	1.3585	1.6192	1.0558	
49	62	0.1986	4	2	1	1	0	0	0	0	0	Y	N	N	N	N	N	N	N	N	N	N	N	0.0000	0.0000	0.0000	0.0000	0.0000	0.0000	0.0000	0.0000	0.0000	0.0000	0.0000	0.0000	0.0000	0.0000	0.0000	0.0000	0.0000	0.0000	1.2157	0.0201	2.8656	0.0043	0.0039	0.0065	1.5811	0.0280	3.1740	103.4269	0.0000	0.5351	5.9964	0.0060	34.6547	17.2393	0.0000	0.0000	0.0000	0.0000	0.0000	0.0000	0.0000	0.0000	0.0000	1.0057	0.0096	0.9961	0.0008	0.0006	0.0002	1.0049	0.0090	0.9959	0.0010	0.0009	0.0001	0.0004	0.0004	0.0000	0.0006	0.0005	0.0001	0.8273	0.4797	0.3476	0.1917	0.1579	0.0338	0.6355	0.3218	0.3138	0.0000	0.0000	0.0000	0.0000	0.0000	0.0000	0.0000	0.0000	0.0000	1.2157	0.0201	2.8656	0.0043	0.0039	0.0065	1.5811	0.0280	3.1740	
49	63	0.1421	2	1	1	1	0	0	0	0	0	N	N	N	N	N	N	N	N	N	N	N	N	0.0022	0.0035	0.0000	0.0487	0.0461	0.0000	0.0000	0.0000	0.0000	0.0032	0.0038	0.0000	0.0421	0.0429	0.0000	0.0000	0.0000	0.0000	1.4980	1.0718	2.3103	0.8645	0.9313	0.1867	1.8407	1.2054	2.5241	0.0000	1.1309	-0.0001	0.1374	5.9964	1.0230	34.6547	12.1924	0.0001	0.0001	0.0000	0.0001	0.0001	0.0000	0.0000	0.0000	0.0000	1.8999	0.8916	1.0083	0.3849	0.3775	0.0075	1.5150	0.5141	1.0008	0.0432	0.0369	0.0063	0.0033	0.0033	0.0001	0.0398	0.0336	0.0062	1.2683	0.8318	0.4364	0.4452	0.4053	0.0399	0.8230	0.4265	0.3965	0.0022	0.0035	0.0000	0.0487	0.0461	0.0000	0.0000	0.0000	0.0000	1.4980	1.0718	2.3103	0.8645	0.9313	0.1867	1.8407	1.2054	2.5241
49	65	0.2276	3	1	2	0	0	0	0	0	0	N	Y	N	N	N	N	N	N	N	N	N	N	0.0000	0.0000	0.0000	0.0000	0.0000	0.0000	0.0000	0.0000	0.0000	0.0000	0.0000	0.0000	0.0000	0.0000	0.0000	0.0000	0.0000	0.0000	0.7904	1.2140	0.0030	0.0192	0.0191	0.0200	1.1698	2.1712	0.0008	0.0013	0.0000	-0.2890	5.9964	1.7555	34.6547	11.9300	0.0000	0.0000	0.0000	0.0000	0.0000	0.0000	0.0000	0.0000	0.0000	0.6323	0.6314	0.0008	0.0051	0.0044	0.0006	0.6272	0.6270	0.0002	0.0754	0.0652	0.0102	0.0112	0.0108	0.0004	0.0643	0.0544	0.0098	0.8000	0.5201	0.2798	0.2638	0.2314	0.0324	0.5362	0.2888	0.2474	0.0000	0.0000	0.0000	0.0000	0.0000	0.0000	0.0000	0.0000	0.0000	0.7904	1.2140	0.0030	0.0192	0.0191	0.0200	1.1698	2.1712	0.0008	
49	66	0.2067	5	2	2	1	0	0	0	0	0	Y	Y	N	N	N	N	N	N	N	N	N	N	0.0000	0.0000	0.0000	0.0000	0.0000	0.0000	0.0000	0.0000	0.0000	0.0000	0.0000	0.0000	0.0000	0.0000	0.0000	0.0000	0.0000	0.0000	0.0000	0.0000	5.9964	0.0000	34.6547	0.0000	0.0000	0.0000	0.0000	0.0000	0.0000	0.0000	0.0000	0.0000	0.0000	0.0000	0.0000	0.0000	0.0000	0.0000	0.0000	0.0000	0.0000	0.0000	0.0000	0.0000	0.0000	0.0000	0.0000	0.0000	0.0000	0.0000	0.0000	0.0000	0.0000	0.0000	0.0000	0.0000	0.0000	0.0000	0.0000	0.0000	0.0000	0.0000	0.0000	0.0000	0.0000	0.0000	0.0000	0.0000	0.0000	0.0000	0.0000	0.0000	0.0000	0.0000	0.0000	0.0000	0.0000	0.0000											
49	67	0.7112	8	2	2	1	0	0	0	0	0	Y	Y	N	N	N	N	N	N	N	N	N	N	0.0000	0.0000	0.0000	0.0000	0.0000	0.0000	0.0000	0.0000	0.0000	0.0000	0.0000	0.0000	0.0000	9.0730	14.3941	0.0000	29.6700	35.2877	0.0000	0.0000	0.0000	0.0000	0.0000	0.0000	-0.4584	5.9964	1.0000	34.6547	3.0000	0.0000	0.0000	0.0000	0.0000	0.0000	0.0000	0.0000	0.0000	0.0000	1.0000	1.0000	0.0000	1.0000	1.0000	0.0000	0.0000	0.0000	0.0000	0.0298	0.0257	0.0041	0.0064	0.0060	0.0005	0.0233	0.0198	0.0036	0.1525	0.1050	0.0475	0.0867	0.0713	0.0154	0.0658	0.0337	0.0321	0.0000	0.0000	0.0000	0.0000	0.0000	0.0000	0.0000	0.0000	0.0000	6.5589	9.5246	0.0000	11.5372	14.0201	0.0000	0.0000	0.0000	0.0000						
49	68	0.2067	5	2	2	1	0	0	0	0	0	Y	Y	N	N	N	N	N	N	N	N	N	N	0.0000	0.0000	0.0000	0.0000	0.0000	0.0000	0.0000	0.0000	0.0000	0.0000	0.0000	0.0000	0.0000	0.0000	0.0000	0.0000	0.0000	0.0000	0.0000	0.0000	5.9964	1.0000	34.6547	0.0000	0.0000	0.0000	0.0000	0.0000	0.0000	0.0000	0.0000	0.0000	0.0000	0.0000	0.0000	0.0000	0.0000	0.0000	0.0000	0.0000	0.0000	0.0000	0.0380	0.0322	0.0058	0.0019	0.0017	0.0001	0.0361	0.0304	0.0057	0.0496	0.0283	0.0213	0.0094	0.0080	0.0013	0.0403	0.0203	0.0200	0.0000	0.0000	0.0000	0.0000	0.0000	0.0000	0.0000	0.0000	0.0000	0.0000	0.0000	0.0000	0.0000	0.0000	0.0000	0.0000	0.0000	0.0000											
49	69	0.1902	4	2	2	1	0	0	0	0	0	Y	Y	N	N	N	N	N	N	N	N	N	N	0.0062	0.0000	12.4142	0.0000	0.0000	0.0000	0.0257	0.0000	12.2325	0.0005	0.0000	0.0032	0.0000	0.0000	0.0000	0.0005	0.0000	0.0033	0.0776	0.1265	0.0003	0.3234	0.3494	0.0000	0.0204	0.0375	0.0003	inf	0.0013	0.0000	-0.0142	5.9964	1.0155	34.6547	5.9708	0.0000	0.0000	0.0000	0.0000	0.0000	0.0000	0.0000	0.0000	0.0000	0.0312	0.0311	0.0000	0.0245	0.0245	0.0000	0.0066	0.0066	0.0000	0.0412	0.0350	0.0061	0.0031	0.0029	0.0001	0.0381	0.0321	0.0060	0.4020	0.2461	0.1558	0.0759	0.0702	0.0056	0.3261	0.1759	0.1502	0.0062	0.0000	12.4142	0.0000	0.0000	0.0000	0.0257	0.0000	12.2325	0.0776	0.1265	0.0003	0.3234	0.3494	0.0000	0.0204	0.0375	0.0003
49	70	0.1855	3	2	1	1	0	0	0	0	0	Y	N	N	N	N	N	N	N	N	N	N	N	0.3573	0.0064	7.8528	0.0730	0.0478	122.8259	0.3960	0.0000	7.6777	0.2397	0.0055	2.0251	0.0220	0.0148	1.6416	0.3465	0.0000	2.0301	0.6708	0.8560	0.2579	0.3018	0.3085	0.0134	0.8750	1.4135	0.2644	48.5466	0.1352	0.0005	-0.0682	5.9964	0.0406	34.6547	2.3361	0.0010	0.0000	0.0010	0.0000	0.0000	0.0000	0.0010	0.0000	0.0010	0.2011	0.1772	0.0240	0.0322	0.0322	0.0000	0.1689	0.1450	0.0239	0.0041	0.0036	0.0005	0.0014	0.0013	0.0000	0.0028	0.0023	0.0005	0.2999	0.2070	0.0929	0.1068	0.1044	0.0024	0.1930	0.1026	0.0905	0.3573	0.0064	7.8528	0.0730	0.0478	122.8259	0.3960	0.0000	7.6777	0.6708	0.8560	0.2579	0.3018	0.3085	0.0134	0.8750	1.4135	0.2644
49	71	0.7112	8	2	2	1	0	0	0	0	0	Y	Y	N	N	N	N	N	N	N	N	N	N	0.0000	0.0000	0.0000	0.0000	0.0000	0.0000	0.0000	0.0000	0.0000	0.0000	0.0000	0.0000	0.0000	0.0000	0.0000	0.0000	0.0000	0.0000	0.0000	0.0000	5.9964	0.0000	34.6547	0.0000	0.0000	0.0000	0.0000	0.0000	0.0000	0.0000	0.0000	0.0000	0.0000	0.0000	0.0000	0.0000	0.0000	0.0000	0.0000	0.0000	0.0000	0.0000	0.0000	0.0000	0.0000	0.0000	0.0000	0.0000	0.0000	0.0000	0.0000	0.0000	0.0000	0.0000	0.0000	0.0000	0.0000	0.0000	0.0000	0.0000	0.0000	0.0000	0.0000	0.0000	0.0000	0.0000	0.0000	0.0000	0.0000	0.0000	0.0000	0.0000	0.0000	0.0000	0.0000	0.0000	0.0000	0.0000											
49	72	0.6931	7	2	2	1	0	0	0	0	0	Y	Y	N	N	N	N	N	N	N	N	N	N	2.1415	10.4813	0.0000	15.3950	32.2114	0.0000	0.0000	0.0000	0.0025	0.0029	0.0000	0.0109	0.0117	0.0000	0.0000	0.0000	0.0000	0.0012	0.0003	0.0033	0.0007	0.0004	0.0021	0.0021	0.0000	0.0041	0.0000	5.0713	-0.0001	0.0001	5.9964	3.9057	34.6547	1.1104	0.0003	0.0003	0.0000	0.0003	0.0003	0.0000	0.0000	0.0000	0.0000	0.0003	0.0000	0.0003	0.0001	0.0000	0.0001	0.0002	0.0000	0.0002	0.1309	0.1132	0.0176	0.0302	0.0282	0.0019	0.1007	0.0850	0.0157	0.2578	0.1798	0.0780	0.1716	0.1378	0.0337	0.0862	0.0420	0.0443	2.1415	10.4813	0.0000	15.3950	32.2114	0.0000	0.0000	0.0000	0.0000	0.0012	0.0003	0.0033	0.0007	0.0004	0.0021	0.0021	0.0000	0.0041	
49	73	0.4904	5	2	2	0	0	0	0	0	0	Y	Y	N	N	N	N	N	N	N	N	N	N	0.0195	0.0312	0.0000	1.0204	0.9847	0.0000	0.0000	0.0000	0.0000	0.0304	0.0346	0.0000	0.0885	0.0937	0.0000	0.0000	0.0000	0.0000	1.5602	1.1102	2.5132	0.0867	0.0952	0.0335	3.0201	2.8553	3.1832	0.0000	1.0689	-0.0053	0.1210	5.9964	6.9070	34.6547	16.5673	0.0120	0.0120	0.0000	0.0120	0.0120	0.0000	0.0000	0.0000	0.0000	2.0763	1.0036	1.0727	0.0574	0.0544	0.0030	2.0189	0.9492	1.0697	0.3956	0.3479	0.0477	0.1361	0.1285	0.0076	0.2595	0.2194	0.0401	1.3308	0.9040	0.4268	0.6623	0.5716	0.0908	0.6685	0.3324	0.3360	0.0195	0.0312	0.0000	1.0204	0.9847	0.0000	0.0000	0.0000	0.0000	1.5602	1.1102	2.5132	0.0867	0.0952	0.0335	3.0201	2.8553	3.1832
49	74	0.5542	7	1	2	0	1	0	0	0	0	N	Y	N	N	N	N	N	N	N	N	N	N	0.0002	0.1478	0.0000	0.5542	0.5443	0.0000	0.0000	0.0000	0.0000	0.0004	0.0004	0.0000	0.0020	0.0022	0.0000	0.0000	0.0000	0.0000	1.6451	0.0029	5.1321	0.0036	0.0040	0.0021	3.5773	0.0009	7.2309	0.0000	826.1034	-0.0000	1.0727	5.9964	6.4226	34.6547	19.3377	0.0001	0.0001	0.0000	0.0001	0.0001	0.0000	0.0000	0.0000	0.0000	1.9849	0.0024	1.9825	0.0024	0.0021	0.0002	1.9825	0.0003	1.9823	0.2438	0.2080	0.0358	0.0447	0.0417	0.0030	0.1991	0.1663	0.0329	1.2065	0.8202	0.3863	0.6523	0.5402	0.1122	0.5542	0.2801	0.2741	0.0002	0.1478	0.0000	0.5542	0.5443	0.0000	0.0000	0.0000	0.0000	1.6451	0.0029	5.1321	0.0036	0.0040	0.0021	3.5773	0.0009	7.2309
49	75	0.5090	6	1	1	0	1	0	0	0	0	N	N	N	N	N	N	N	N	N	N	N	N	0.0029	0.0036	0.0064	0.0486	0.0140	1.6547	0.0008	0.0000	0.0026	0.0007	0.0001	0.0046	0.0017	0.0005	0.0306	0.0004	0.0000	0.0025	0.2435	0.0394	0.7136	0.0357	0.0386	0.0185	0.4684	0.0406	0.9490	4.6756	7.8738	0.0001	0.1696	5.9964	5.1932	34.6547	17.4397	0.0002	0.0000	0.0001	0.0001	0.0000	0.0001	0.0001	0.0000	0.0001	0.3953	0.0445	0.3507	0.0301	0.0278	0.0023	0.3652	0.0168	0.3484	0.2398	0.2092	0.0306	0.0577	0.0554	0.0023	0.1821	0.1538	0.0283	1.6233	1.1317	0.4915	0.8436	0.7193	0.1244	0.7796	0.4125	0.3672	0.0029	0.0036	0.0064	0.0486	0.0140	1.6547	0.0008	0.0000	0.0026	0.2435	0.0394	0.7136	0.0357	0.0386	0.0185	0.4684	0.0406	0.9490
49	76	0.4721	5	1	1	0	0	0	0	0	0	N	N	N	N	N	N	N	N	N	N	N	N	0.1491	0.0013	0.9574	0.0055	0.0044	0.0905	0.1598	0.0000	0.7263	0.1202	0.0010	0.8903	0.0036	0.0034	0.0086	0.1604	0.0000	0.9678	0.8060	0.7551	0.9298	0.6537	0.7663	0.0952	1.0039	0.7331	1.3324	143.4990	0.5062	0.0142	-0.1991	5.9964	4.4918	34.6547	17.5337	0.0258	0.0002	0.0256	0.0002	0.0002	0.0000	0.0256	0.0000	0.0256	1.6282	1.0810	0.5472	0.7461	0.7279	0.0182	0.8821	0.3531	0.5290	0.2143	0.1856	0.0287	0.0549	0.0526	0.0023	0.1594	0.1330	0.0264	2.0200	1.4315	0.5885	1.1414	0.9499	0.1915	0.8786	0.4816	0.3970	0.1491	0.0013	0.9574	0.0055	0.0044	0.0905	0.1598	0.0000	0.7263	0.8060	0.7551	0.9298	0.6537	0.7663	0.0952	1.0039	0.7331	1.3324
49	77	0.2012	4	1	1	0	1	0	0	0	0	N	N	N	N	N	N	N	N	N	N	N	N	0.0000	0.0000	0.0000	0.0000	0.0000	0.0000	0.0000	0.0000	0.0000	0.0000	0.0000	0.0000	0.0000	0.0000	0.0000	0.0000	0.0000	0.0000	1.5771	1.4830	1.7283	2.8374	3.2100	0.0048	0.9787	0.0023	1.9146	0.7253	0.0000	-0.0580	5.9964	0.3745	34.6547	14.7996	0.0000	0.0000	0.0000	0.0000	0.0000	0.0000	0.0000	0.0000	0.0000	1.5281	0.8857	0.6424	0.8851	0.8849	0.0002	0.6429	0.0007	0.6422	0.0193	0.0170	0.0023	0.0033	0.0032	0.0000	0.0160	0.0138	0.0022	0.9689	0.5972	0.3717	0.3119	0.2757	0.0363	0.6570	0.3215	0.3354	0.0000	0.0000	0.0000	0.0000	0.0000	0.0000	0.0000	0.0000	0.0000	1.5771	1.4830	1.7283	2.8374	3.2100	0.0048	0.9787	0.0023	1.9146	
49	78	0.1789	3	1	1	0	1	0	0	0	0	N	N	N	N	N	N	N	N	N	N	N	N	0.0001	0.0001	0.0000	0.0005	0.0005	0.0000	0.0000	0.0000	0.0000	0.0002	0.0002	0.0000	0.0025	0.0026	0.0000	0.0000	0.0000	0.0000	2.1755	2.5452	1.5719	4.5930	5.2238	0.1918	0.9401	0.0991	1.7509	0.0000	0.3782	-0.0000	-0.3550	5.9964	1.4595	34.6547	10.3922	0.0000	0.0000	0.0000	0.0000	0.0000	0.0000	0.0000	0.0000	0.0000	1.9298	1.4002	0.5296	1.3791	1.3717	0.0074	0.5507	0.0285	0.5222	0.0608	0.0520	0.0088	0.0040	0.0039	0.0001	0.0568	0.0481	0.0087	0.8870	0.5501	0.3369	0.3013	0.2626	0.0387	0.5858	0.2875	0.2982	0.0001	0.0001	0.0000	0.0005	0.0005	0.0000	0.0000	0.0000	0.0000	2.1755	2.5452	1.5719	4.5776	5.2238	0.1918	0.9401	0.0991	1.7509
49	79	0.1647	2	1	1	0	1	0	0	0	0	N	N	N	N	N	N	N	N	N	N	N	N	0.0182	0.0642	0.0003	0.9427	1.2954	0.0000	0.0001	0.0000	0.0003	0.0364	0.0429	0.0012	1.3320	1.4166	0.0000	0.0002	0.0000	0.0012	2.0000	0.6680	4.1865	1.4130	1.0936	4.0878	2.3528	0.1693	4.1982	0.0052	3.8175	-0.0008	0.4854	5.9964	1.3861	34.6547	6.3168	0.0019	0.0019	0.0000	0.0019	0.0019	0.0000	0.0000	0.0000	0.0000	1.4532	0.3016	1.1515	0.3854	0.2664	0.1189	1.0678	0.0352	1.0326	0.0531	0.0448	0.0083	0.0014	0.0014	0.0001	0.0516	0.0434	0.0082	0.7266	0.4515	0.2751	0.2727	0.2436	0.0291	0.4539	0.2079	0.2460	0.0182	0.0642	0.0003	0.9427	1.2954	0.0000	0.0001	0.0000	0.0003	2.0000	0.6680	4.1865	1.4130	1.0936	4.0878	2.3528	0.1693	4.1982
49	81	0.6458	7	1	2	1	0	0	0	0	0	N	Y	N	N	N	N	N	N	N	N	N	N	0.0000	0.0000	0.0000	0.0000	0.0000	0.0000	0.0000	0.0000	0.0000	0.0000	0.0000	0.0000	0.0000	0.0000	0.0000	0.0000	0.0000	0.0007	0.0007	0.0010	0.0011	0.0009	0.0021	0.0002	0.0000	0.0005	0.6382	0.0000	-0.0000	5.9964	2.0162	34.6547	4.5500	0.0000	0.0000	0.0000	0.0000	0.0000	0.0000	0.0000	0.0000	0.0000	0.0002	0.0001	0.0001	0.0002	0.0001	0.0001	0.0000	0.0000	0.0000	0.0829	0.0722	0.0107	0.0315	0.0295	0.0020	0.0514	0.0428	0.0087	0.3061	0.2125	0.0936	0.1807	0.1518	0.0289	0.1254	0.0607	0.0647	0.0000	0.0000	0.0000	0.0000	0.0000	0.0000	0.0000	0.0000	0.0000	0.0007	0.0007	0.0010	0.0011	0.0009	0.0021	0.0002	0.0000	0.0005		
49	82	0.2133	5	1	2	1	0	0	0	0	0	N	Y	N	N	N	N	N	N	N	N	N	N	0.0754	0.0632	0.0000	0.0000	0.0000	0.0000	0.1821	0.1928	0.0000	0.0028	0.0033	0.0000	0.0000	0.0000	0.0000	0.0029	0.0035	0.0000	0.0366	0.0515	0.0131	0.0942	0.1066	0.0027	0.0161	0.0180	0.0140	0.0000	0.1611	-0.0001	-0.0048	5.9964	3.0011	34.6547	3.7015	0.0003	0.0003	0.0000	0.0000	0.0000	0.0000	0.0003	0.0003	0.0000	0.0151	0.0130	0.0021	0.0102	0.0102	0.0000	0.0049	0.0028	0.0021	0.1124	0.0952	0.0172	0.0064	0.0059	0.0005	0.1060	0.0893	0.0167	0.4131	0.2527	0.1604	0.1084	0.0955	0.0129	0.3047	0.1572	0.1475	0.0754	0.0632	0.0000	0.0000	0.0000	0.0000	0.1821	0.1928	0.0000	0.0366	0.0515	0.0131	0.0942	0.1066	0.0027	0.0161	0.0180	0.0140
49	83	0.2018	4	1	2	0	0	0	0	0	0	N	Y	N	N	N	N	N	N	N	N	N	N	2.9445	4.5408	0.0000	0.0017	0.0016	0.0000	2.5729	3.4414	0.0000	13.1639	15.5440	0.0000	0.0026	0.0028	0.0000	13.8950	16.4957	0.0000	4.4707	3.4232	5.4805	1.5606	1.7473	0.0204	5.4006	4.7933	6.1358	0.0000	0.8149	-0.4403	-0.0207	5.9964	2.0032	34.6547	4.2039	0.9982	0.9982	0.0000	0.0000	0.0000	0.0000	0.9982	0.9982	0.0000	2.2064	1.2157	0.9906	0.2795	0.2791	0.0004	1.9268	0.9366	0.9903	0.0758	0.0642	0.0116	0.0040	0.0037	0.0003	0.0718	0.0605	0.0113	0.5359	0.3551	0.1808	0.1791	0.1598	0.0194	0.3568	0.1954	0.1614	3.1974	4.5408	0.0000	0.0017	0.0016	0.0000	2.5729	3.4414	0.0000	4.1171	3.4232	5.4805	1.5606	1.7473	0.0204	5.4006	4.7933	6.1358
49	84	0.1986	4	2	1	1	0	0	0	0	0	Y	N	N	N	N	N	N	N	N	N	N	N	0.0000	0.0000	0.0000	0.0000	0.0000	0.0000	0.0000	0.0000	0.0000	0.0000	0.0000	0.0000	0.0000	0.0000	0.0000	0.0000	0.0000	0.0000	0.0418	0.0708	0.0003	0.0550	0.0645	0.0016	0.0372	0.0747	0.0002	0.0034	0.0000	-0.0062	5.9964	1.0052	34.6547	4.9545	0.0000	0.0000	0.0000	0.0000	0.0000	0.0000	0.0000	0.0000	0.0000	0.0137	0.0137	0.0000	0.0047	0.0047	0.0000	0.0090	0.0090	0.0000	0.0388	0.0329	0.0059	0.0028	0.0026	0.0002	0.0360	0.0303	0.0057	0.3282	0.1931	0.1351	0.0850	0.0723	0.0128	0.2432	0.1208	0.1223	0.0000	0.0000	0.0000	0.0000	0.0000	0.0000	0.0000	0.0000	0.0000	0.0418	0.0708	0.0003	0.0550	0.0645	0.0016	0.0372	0.0747	0.0002	
49	85	0.1792	3	2	1	1	0	0	0	0	0	Y	N	N	N	N	N	N	N	N	N	N	N	0.0000	0.0000	0.0000	0.0000	0.0000	0.0000	0.0000	0.0000	0.0000	0.0000	0.0000	0.0000	0.0000	0.0000	0.0000	0.0000	0.0000	0.0000	1.1696	1.8331	0.0199	0.0265	0.0309	0.0008	1.6081	2.9057	0.0223	0.0063	0.0000	-0.3006	5.9964	0.9968	34.6547	7.6169	0.0000	0.0000	0.0000	0.0000	0.0000	0.0000	0.0000	0.0000	0.0000	0.6647	0.6606	0.0041	0.0042	0.0042	0.0000	0.6606	0.6565	0.0041	0.0379	0.0321	0.0058	0.0017	0.0016	0.0001	0.0362	0.0305	0.0057	0.5684	0.3604	0.2080	0.1576	0.1345	0.0231	0.4108	0.2259	0.1848	0.0000	0.0000	0.0000	0.0000	0.0000	0.0000	0.0000	0.0000	0.0000	1.1696	1.8331	0.0199	0.0265	0.0309	0.0008	1.6081	2.9057	0.0223	
49	86	0.1992	2	2	2	0	0	0	0	0	0	Y	Y	N	N	N	N	N	N	N	N	N	N	96.2424	178.9262	0.0000	1290.2272	1629.1331	0.0000	1.9256	3.5545	0.0000	2.9761	3.5115	0.0000	19.1310	20.0601	0.0000	0.0791	0.0955	0.0000	0.0309	0.0196	0.0574	0.0148	0.0123	0.0377	0.0411	0.0269	0.0603	0.0000	1.2481	-0.3453	0.0036	5.9964	5.8060	34.6547	6.1034	0.7829	0.7829	0.0000	0.7652	0.7652	0.0000	0.0176	0.0176	0.0000	0.0368	0.0164	0.0204	0.0068	0.0051	0.0017	0.0299	0.0113	0.0187	0.2631	0.2229	0.0401	0.0400	0.0381	0.0019	0.2231	0.1848	0.0383	1.1892	0.8335	0.3557	0.4604	0.4148	0.0456	0.7288	0.4187	0.3101	96.2424	178.9262	0.0000	1290.2272	1629.1331	0.0000	1.9256	3.5545	0.0000	0.0309	0.0196	0.0574	0.0148	0.0123	0.0377	0.0411	0.0269	0.0603
49	88	0.2018	4	1	2	0	0	0	0	0	0	N	Y	N	N	N	N	N	N	N	N	N	N	0.0107	0.0080	0.0000	0.4850	0.4570	0.0000	0.0000	0.0000	0.0000	0.0097	0.0114	0.0000	0.1861	0.2006	0.0000	0.0000	0.0000	0.0000	0.9056	1.4240	0.0309	0.3838	0.4390	0.0218	1.1011	2.0194	0.0319	0.0000	0.0129	-0.0006	-0.3388	5.9964	4.0005	34.6547	9.0093	0.0015	0.0015	0.0000	0.0015	0.0015	0.0000	0.0000	0.0000	0.0000	0.7601	0.7504	0.0097	0.0878	0.0872	0.0007	0.6723	0.6633	0.0090	0.1498	0.1269	0.0229	0.0078	0.0072	0.0006	0.1420	0.1197	0.0223	0.8394	0.5270	0.3124	0.2288	0.1985	0.0303	0.6105	0.3285	0.2821	0.0107	0.0080	0.0000	0.4850	0.4570	0.0000	0.0000	0.0000	0.0000	0.9056	1.4240	0.0309	0.3838	0.4390	0.0218	1.1011	2.0194	0.0319
49	89	0.1792	3	1	2	0	0	0	0	0	0	N	Y	N	N	N	N	N	N	N	N	N	N	0.0291	0.0393	0.0011	0.0000	0.0000	0.0000	0.0293	0.0463	0.0010	0.0379	0.0445	0.0017	0.0000	0.0000	0.0000	0.0397	0.0469	0.0017	1.3013	1.1333	1.5832	1.1476	1.3510	0.0034	1.3568	1.0113	1.7726	0.0069	0.8331	-0.0006	-0.0033	5.9964	1.0051	34.6547	9.2650	0.0015	0.0014	0.0000	0.0000	0.0000	0.0000	0.0015	0.0014	0.0000	0.8394	0.4579	0.3815	0.1961	0.1960	0.0001	0.6433	0.2619	0.3814	0.0382	0.0324	0.0059	0.0018	0.0016	0.0001	0.0365	0.0307	0.0058	0.6450	0.4041	0.2410	0.1709	0.1451	0.0258	0.4741	0.2589	0.2152	0.0291	0.0393	0.0011	0.0000	0.0000	0.0000	0.0293	0.0463	0.0010	1.3013	1.1333	1.5832	1.1476	1.3510	0.0034	1.3568	1.0113	1.7726
49	90	0.2276	3	1	1	1	0	0	0	0	0	N	N	N	N	N	N	N	N	N	N	N	N	0.0000	0.0000	0.0000	0.0000	0.0000	0.0000	0.0000	0.0000	0.0000	0.0000	0.0000	0.0000	0.0000	0.0000	0.0000	0.0000	0.0000	0.0000	0.6141	0.9192	0.0041	1.7594	1.9695	0.0278	0.0059	0.0099	0.0011	0.0022	0.0000	-0.1743	5.9964	2.3559	34.6547	7.1930	0.0000	0.0000	0.0000	0.0000	0.0000	0.0000	0.0000	0.0000	0.0000	0.3822	0.3813	0.0008	0.3798	0.3791	0.0006	0.0024	0.0022	0.0002	0.0974	0.0839	0.0135	0.0132	0.0126	0.0005	0.0843	0.0713	0.0130	0.6223	0.4148	0.2075	0.2158	0.1925	0.0234	0.4065	0.2223	0.1841	0.0000	0.0000	0.0000	0.0000	0.0000	0.0000	0.0000	0.0000	0.0000	0.6141	0.9192	0.0041	1.7594	1.9695	0.0278	0.0059	0.0099	0.0011	
49	91	0.1948	2	1	1	0	0	0	0	0	0	N	N	N	N	N	N	N	N	N	N	N	N	0.0126	0.0106	0.0000	0.0448	0.0438	0.0000	0.0000	0.0000	0.0000	0.0058	0.0066	0.0000	0.0257	0.0260	0.0000	0.0000	0.0000	0.0000	0.4610	0.6215	0.1132	0.5736	0.5941	0.3731	0.3738	0.6593	0.0751	0.0000	0.0841	-0.0008	-0.3203	5.9964	4.9284	34.6547	11.0439	0.0018	0.0018	0.0000	0.0018	0.0018	0.0000	0.0000	0.0000	0.0000	0.8412	0.7759	0.0653	0.4568	0.4293	0.0275	0.3844	0.3466	0.0378	0.3037	0.2660	0.0377	0.0685	0.0676	0.0009	0.2351	0.1984	0.0368	1.8248	1.2484	0.5764	0.7964	0.7227	0.0737	1.0284	0.5258	0.5027	0.0126	0.0106	0.0000	0.0448	0.0438	0.0000	0.0000	0.0000	0.0000	0.4610	0.6215	0.1132	0.5736	0.5941	0.3731	0.3738	0.6593	0.0751
49	93	0.6458	7	2	2	0	0	0	0	0	0	Y	Y	N	N	N	N	N	N	N	N	N	N	3.7314	16.2977	0.0000	11.9630	28.6752	0.0000	0.0176	inf	0.0000	0.0833	0.0957	0.0000	0.2228	0.2391	0.0000	0.0005	0.0006	0.0000	0.0223	0.0059	0.0594	0.0186	0.0083	0.0693	0.0276	0.0000	0.0547	0.0000	4.4904	-0.0036	0.0033	5.9964	2.5103	34.6547	7.4742	0.0082	0.0082	0.0000	0.0082	0.0082	0.0000	0.0000	0.0000	0.0000	0.0092	0.0017	0.0075	0.0045	0.0017	0.0028	0.0047	0.0000	0.0047	0.0983	0.0856	0.0127	0.0366	0.0341	0.0025	0.0617	0.0514	0.0102	0.4131	0.2861	0.1270	0.2424	0.2015	0.0409	0.1707	0.0846	0.0861	3.7314	16.2977	0.0000	11.9630	28.6752	0.0000	0.0176	inf	0.0000	0.0223	0.0059	0.0594	0.0186	0.0083	0.0693	0.0276	0.0000	0.0547
49	94	0.6096	6	1	2	0	0	0	0	0	0	N	Y	N	N	N	N	N	N	N	N	N	N	3.6694	3.2674	0.3006	8.2984	7.1739	24.5934	0.0000	0.0000	0.0000	0.0755	0.0855	0.0024	0.2188	0.2298	0.0158	0.0000	0.0000	0.0000	0.0206	0.0262	0.0078	0.0264	0.0320	0.0006	0.0119	0.0121	0.0118	0.0038	0.1314	-0.0105	-0.0035	5.9964	7.1305	34.6547	3.2426	0.0241	0.0240	0.0001	0.0241	0.0240	0.0001	0.0000	0.0000	0.0000	0.0101	0.0089	0.0012	0.0077	0.0077	0.0000	0.0023	0.0012	0.0011	0.3187	0.2805	0.0381	0.1100	0.1043	0.0057	0.2087	0.1762	0.0325	0.4904	0.3411	0.1494	0.2938	0.2407	0.0531	0.1966	0.1003	0.0963	3.6694	3.2674	0.3006	8.2984	7.1739	24.5934	0.0000	0.0000	0.0000	0.0206	0.0262	0.0078	0.0264	0.0320	0.0006	0.0119	0.0121	0.0118
49	95	0.1792	3	2	2	0	0	0	0	0	0	Y	Y	N	N	N	N	N	N	N	N	N	N	0.0000	0.0000	0.0000	0.0000	0.0000	0.0000	0.0000	0.0000	0.0000	0.0000	0.0000	0.0000	0.0000	0.0000	0.0000	0.0000	0.0000	0.0000	3.0931	2.5458	3.8967	0.8670	1.0487	0.0029	3.6901	3.1684	4.2852	1.0424	0.0000	0.2418	5.9964	8.0000	34.6547	22.5660	0.0000	0.0000	0.0000	0.0000	0.0000	0.0000	0.0000	0.0000	0.0000	4.6485	2.2760	2.3725	0.2756	0.2754	0.0002	4.3729	2.0006	2.3723	0.2947	0.2498	0.0449	0.0135	0.0125	0.0010	0.2813	0.2374	0.0439	1.5029	0.8940	0.6088	0.3178	0.2626	0.0552	1.1850	0.6314	0.5536	0.0000	0.0000	0.0000	0.0000	0.0000	0.0000	0.0000	0.0000	0.0000	3.0931	2.5458	3.8967	0.8670	1.0487	0.0029	3.6901	3.1684	4.2852	
49	98	0.2097	5	2	2	1	0	0	0	0	0	Y	Y	N	N	N	N	N	N	N	N	N	N	0.0000	0.0000	0.0000	0.0000	0.0000	0.0000	0.0000	0.0000	0.0000	0.0000	0.0000	0.0000	0.0000	0.0000	0.0000	0.0000	0.0000	0.0000	3.4526	3.7531	2.9947	3.6657	4.5115	0.0002	3.3632	3.2527	3.4812	0.5236	0.0000	-0.3338	5.9964	0.9502	34.6547	16.1595	0.0000	0.0000	0.0000	0.0000	0.0000	0.0000	0.0000	0.0000	0.0000	2.9100	1.9099	1.0001	0.9126	0.9126	0.0000	1.9974	0.9973	1.0001	0.0430	0.0369	0.0061	0.0066	0.0063	0.0003	0.0364	0.0306	0.0058	0.8428	0.5089	0.3340	0.2489	0.2023	0.0467	0.5939	0.3066	0.2873	0.0000	0.0000	0.0000	0.0000	0.0000	0.0000	0.0000	0.0000	0.0000	3.4526	3.7531	2.9947	3.6657	4.5115	0.0002	3.3632	3.2527	3.4812	
49	100	0.2127	6	2	1	1	0	0	0	0	0	Y	N	N	N	N	N	N	N	N	N	N	N	0.0000	0.0000	0.0000	0.0000	0.0000	0.0000	0.0000	0.0000	0.0000	0.0000	0.0000	0.0000	0.0000	0.0000	0.0000	0.0000	0.0000	0.0000	0.0141	0.0179	0.0086	0.0205	0.0245	0.0038	0.0114	0.0134	0.0094	0.3239	0.0000	-0.0022	5.9964	1.0008	34.6547	13.9255	0.0000	0.0000	0.0000	0.0000	0.0000	0.0000	0.0000	0.0000	0.0000	0.0104	0.0079	0.0025	0.0045	0.0044	0.0002	0.0059	0.0035	0.0024	0.0381	0.0323	0.0058	0.0034	0.0031	0.0003	0.0347	0.0292	0.0055	0.7368	0.4399	0.2969	0.2201	0.1780	0.0421	0.5167	0.2620	0.2547	0.0000	0.0000	0.0000	0.0000	0.0000	0.0000	0.0000	0.0000	0.0000	0.0141	0.0179	0.0086	0.0205	0.0245	0.0038	0.0114	0.0134	0.0094	
49	101	0.2097	5	2	1	1	0	0	0	0	0	Y	N	N	N	N	N	N	N	N	N	N	N	0.0000	0.0000	0.0000	0.0000	0.0000	0.0000	0.0000	0.0000	0.0000	0.0000	0.0000	0.0000	0.0000	0.0000	0.0000	0.0000	0.0000	0.0000	0.2026	0.2881	0.0257	0.1150	0.1371	0.0006	0.2811	0.5032	0.0334	0.0432	0.0000	-0.0172	5.9964	0.0532	34.6547	2.0467	0.0000	0.0000	0.0000	0.0000	0.0000	0.0000	0.0000	0.0000	0.0000	0.0412	0.0395	0.0017	0.0111	0.0111	0.0000	0.0302	0.0285	0.0017	0.0090	0.0081	0.0009	0.0037	0.0036	0.0000	0.0053	0.0045	0.0009	0.2035	0.1372	0.0663	0.0962	0.0806	0.0156	0.1073	0.0566	0.0507	0.0000	0.0000	0.0000	0.0000	0.0000	0.0000	0.0000	0.0000	0.0000	0.2026	0.2881	0.0257	0.1150	0.1371	0.0006	0.2811	0.5032	0.0334	
49	102	0.2001	4	2	1	1	0	0	0	0	0	Y	N	N	N	N	N	N	N	N	N	N	N	0.0000	0.0000	0.0000	0.0000	0.0000	0.0000	0.0000	0.0000	0.0000	0.0000	0.0000	0.0000	0.0000	0.0000	0.0000	0.0000	0.0000	0.0000	0.1770	0.2698	0.0049	0.2268	0.2726	0.0018	0.1491	0.2675	0.0055	0.0097	0.0000	-0.0274	5.9964	2.0948	34.6547	3.0326	0.0000	0.0000	0.0000	0.0000	0.0000	0.0000	0.0000	0.0000	0.0000	0.0611	0.0605	0.0006	0.0281	0.0281	0.0000	0.0330	0.0325	0.0006	0.0860	0.0733	0.0126	0.0101	0.0095	0.0006	0.0758	0.0638	0.0120	0.3453	0.2243	0.1210	0.1239	0.1029	0.0210	0.2214	0.1214	0.1000	0.0000	0.0000	0.0000	0.0000	0.0000	0.0000	0.0000	0.0000	0.0000	0.1770	0.2698	0.0049	0.2268	0.2726	0.0018	0.1491	0.2675	0.0055	
49	103	0.1792	3	2	1	1	0	0	0	0	0	Y	N	N	N	N	N	N	N	N	N	N	N	0.0000	0.0000	0.0000	0.0000	0.0000	0.0000	0.0000	0.0000	0.0000	0.0000	0.0000	0.0000	0.0000	0.0000	0.0000	0.0000	0.0000	0.0000	1.1358	1.7886	0.0093	0.0621	0.0727	0.0006	1.5448	2.8026	0.0104	0.0030	0.0000	-0.2982	5.9964	3.9484	34.6547	4.8420	0.0000	0.0000	0.0000	0.0000	0.0000	0.0000	0.0000	0.0000	0.0000	0.6549	0.6529	0.0020	0.0099	0.0099	0.0000	0.6451	0.6431	0.0020	0.1482	0.1255	0.0227	0.0068	0.0063	0.0005	0.1414	0.1192	0.0222	0.5766	0.3651	0.2115	0.1590	0.1356	0.0234	0.4176	0.2295	0.1881	0.0000	0.0000	0.0000	0.0000	0.0000	0.0000	0.0000	0.0000	0.0000	1.1358	1.7886	0.0093	0.0621	0.0727	0.0006	1.5448	2.8026	0.0104	
49	104	0.1376	2	1	2	0	0	0	0	0	0	N	Y	N	N	N	N	N	N	N	N	N	N	0.5643	0.0000	1.9427	0.1511	0.0000	29.8815	0.5802	0.0000	1.9365	0.3492	0.0000	2.2887	0.0684	0.0000	1.0742	0.3727	0.0000	2.3293	0.6188	0.2025	1.1781	0.4527	0.4852	0.0360	0.6425	0.1311	1.2028	inf	4.3296	0.0671	0.4396	5.9964	8.9557	34.6547	32.3127	0.1201	0.0000	0.1201	0.0018	0.0000	0.0018	0.1183	0.0000	0.1183	1.2418	0.2330	1.0088	0.1132	0.1125	0.0007	1.1286	0.1205	1.0082	0.3440	0.2915	0.0525	0.0266	0.0249	0.0017	0.3174	0.2666	0.0508	2.0068	1.1505	0.8563	0.2500	0.2319	0.0181	1.7568	0.9186	0.8382	0.5643	0.0000	1.9427	0.1511	0.0000	29.8815	0.5802	0.0000	1.9365	0.6188	0.2025	1.1781	0.4527	0.4852	0.0360	0.6425	0.1311	1.2028
49	105	0.1630	3	1	1	1	0	0	0	0	0	N	N	N	N	N	N	N	N	N	N	N	N	0.4292	0.0000	591.8368	0.0000	0.0000	0.0000	0.5393	0.0000	593.1365	0.0622	0.0000	0.3921	0.0000	0.0000	0.0000	0.0708	0.0000	0.4060	0.1449	0.2454	0.0007	0.2120	0.2431	0.0003	0.1313	0.2462	0.0007	inf	0.0019	0.0064	-0.0428	5.9964	4.2679	34.6547	7.8415	0.0114	0.0000	0.0114	0.0000	0.0000	0.0000	0.0114	0.0000	0.0114	0.0936	0.0935	0.0002	0.0231	0.0231	0.0000	0.0705	0.0703	0.0002	0.1834	0.1543	0.0291	0.0223	0.0213	0.0010	0.1611	0.1330	0.0281	0.6461	0.3809	0.2652	0.1091	0.0951	0.0140	0.5370	0.2857	0.2513	0.4292	0.0000	591.8368	0.0000	0.0000	0.0000	0.5393	0.0000	593.1365	0.1449	0.2454	0.0007	0.2120	0.2431	0.0003	0.1313	0.2462	0.0007
49	106	0.1376	2	1	1	0	0	0	0	0	0	N	N	N	N	N	N	N	N	N	N	N	N	1.2156	0.0772	40.4307	3.9945	3.5171	19.2967	1.0132	0.0000	41.1244	1.4973	0.1476	8.8280	1.1139	0.9904	4.3536	1.5549	0.0000	8.9704	1.2318	1.9130	0.2183	0.2788	0.2816	0.2256	1.5347	2.9279	0.2181	11.0114	0.0767	0.0620	-0.4055	5.9964	1.9301	34.6547	9.0954	0.1304	0.0109	0.1196	0.0127	0.0109	0.0018	0.1178	0.0000	0.1178	1.0474	0.9728	0.0746	0.0572	0.0549	0.0023	0.9903	0.9179	0.0724	0.0871	0.0736	0.0135	0.0114	0.0110	0.0004	0.0757	0.0626	0.0131	0.8504	0.5085	0.3418	0.2051	0.1950	0.0101	0.6453	0.3135	0.3318	1.2156	0.0772	40.4307	3.9945	3.5171	19.2967	1.0132	0.0000	41.1244	1.2318	1.9130	0.2183	0.2788	0.2816	0.2256	1.5347	2.9279	0.2181
49	108	0.1265	3	1	2	0	0	0	0	0	0	N	Y	N	N	N	N	N	N	N	N	N	N	0.1226	0.2344	0.0000	428.3916	512.5995	0.0000	0.0000	0.0000	0.0000	0.2078	0.2464	0.0000	7.9871	8.1047	0.0000	0.0000	0.0000	0.0000	1.6956	1.0515	2.5974	0.0186	0.0158	0.0625	1.9767	1.3630	2.6515	0.0000	1.7640	-0.0282	0.4981	5.9964	8.0392	34.6547	22.6195	0.0640	0.0640	0.0000	0.0640	0.0640	0.0000	0.0000	0.0000	0.0000	2.7699	1.0021	1.7678	0.0044	0.0035	0.0009	2.7655	0.9987	1.7669	0.3078	0.2595	0.0482	0.0080	0.0079	0.0001	0.2998	0.2516	0.0481	1.6336	0.9530	0.6806	0.2346	0.2203	0.0142	1.3991	0.7327	0.6664	0.1226	0.2344	0.0000	428.3916	512.5995	0.0000	0.0000	0.0000	0.0000	1.6956	1.0515	2.5974	0.0186	0.0158	0.0625	1.9767	1.3630	2.6515
49	109	0.1265	2	1	1	0	0	0	0	0	0	N	N	N	N	N	N	N	N	N	N	N	N	3.8368	3.2262	6.5937	4.4998	4.4654	2.8066	3.5155	0.1382	6.5281	5.4048	3.2801	15.3872	8.2495	8.2537	0.7864	4.0188	0.0042	15.4024	1.4087	1.0167	2.3336	1.8333	1.8484	0.2802	1.1432	0.0306	2.3594	0.9984	0.9726	0.0070	0.0199	5.9964	0.2031	34.6547	2.0398	0.1197	0.0599	0.0598	0.0599	0.0599	0.0000	0.0599	0.0000	0.0598	0.5749	0.2915	0.2835	0.2879	0.2874	0.0004	0.2871	0.0040	0.2831	0.0221	0.0183	0.0039	0.0073	0.0073	0.0000	0.0149	0.0110	0.0039	0.4081	0.2867	0.1215	0.1570	0.1555	0.0015	0.2511	0.1312	0.1200	3.8368	3.2262	6.5937	4.4998	4.4654	2.8066	3.5155	0.1382	6.5281	1.4087	1.0167	2.3336	1.8333	1.8484	0.2802	1.1432	0.0306	2.3594
49	110	0.7070	8	2	1	1	0	0	0	0	0	Y	N	N	N	N	N	N	N	N	N	N	N	0.0000	0.0000	0.0000	0.0000	0.0000	0.0000	0.0000	0.0000	0.0000	0.0000	0.0000	0.0000	0.0000	0.0000	0.0000	0.0000	0.0000	0.0000	0.0000	0.0000	5.9964	0.0001	34.6547	0.0001	0.0000	0.0000	0.0000	0.0000	0.0000	0.0000	0.0000	0.0000	0.0000	0.0000	0.0000	0.0000	0.0000	0.0000	0.0000	0.0000	0.0000	0.0000	0.0041	0.0032	0.0009	0.0021	0.0021	0.0000	0.0021	0.0012	0.0009	0.0004	0.0002	0.0001	0.0002	0.0002	0.0000	0.0002	0.0000	0.0001	0.0000	0.0000	0.0000	0.0000	0.0000	0.0000	0.0000	0.0000	0.0000	0.0000	0.0000	0.0000	0.0000	0.0000	0.0000	0.0000	0.0000	0.0000											
49	111	0.6931	7	2	1	1	0	0	0	0	0	Y	N	N	N	N	N	N	N	N	N	N	N	2.7396	5.1022	0.0000	11.5824	13.4529	0.0000	0.0000	0.0000	0.0050	0.0058	0.0000	0.0188	0.0198	0.0000	0.0000	0.0000	0.0000	0.0018	0.0011	0.0035	0.0016	0.0015	0.0022	0.0023	0.0000	0.0044	0.0000	1.3172	-0.0001	0.0000	5.9964	1.6718	34.6547	2.9223	0.0003	0.0003	0.0000	0.0003	0.0003	0.0000	0.0000	0.0000	0.0000	0.0004	0.0002	0.0003	0.0003	0.0002	0.0001	0.0002	0.0000	0.0002	0.0656	0.0570	0.0086	0.0176	0.0167	0.0009	0.0481	0.0403	0.0077	0.2430	0.1697	0.0733	0.1630	0.1308	0.0321	0.0800	0.0388	0.0412	2.7396	5.1022	0.0000	11.5824	13.4529	0.0000	0.0000	0.0000	0.0000	0.0018	0.0011	0.0035	0.0016	0.0015	0.0022	0.0023	0.0000	0.0044	
49	112	0.6096	6	2	1	1	0	0	0	0	0	Y	N	N	N	N	N	N	N	N	N	N	N	2135.7032	3114.1721	0.0000	10737.7524	9824.8629	0.0000	0.0000	0.0000	0.0000	1.9305	2.2080	0.0000	6.3917	6.8101	0.0000	0.0000	0.0000	0.0000	0.0009	0.0007	0.0013	0.0006	0.0007	0.0002	0.0013	0.0007	0.0019	0.0000	0.8513	-0.4339	0.0000	5.9964	14.0283	34.6547	7.1084	0.9836	0.9836	0.0000	0.9836	0.9836	0.0000	0.0000	0.0000	0.0000	0.0007	0.0004	0.0003	0.0003	0.0003	0.0000	0.0005	0.0001	0.0003	0.5095	0.4455	0.0640	0.1539	0.1444	0.0095	0.3556	0.3010	0.0546	0.8246	0.5679	0.2567	0.4731	0.3862	0.0868	0.3516	0.1817	0.1699	2135.7032	3114.1721	0.0000	10737.7524	9824.8629	0.0000	0.0000	0.0000	0.0000	0.0009	0.0007	0.0013	0.0006	0.0007	0.0002	0.0013	0.0007	0.0019
49	113	0.5493	5	1	1	0	0	0	0	0	0	N	N	N	N	N	N	N	N	N	N	N	N	0.2029	0.2400	0.0000	6.3841	6.7023	0.0000	0.0000	0.0000	0.0000	0.0379	0.0430	0.0000	0.1219	0.1281	0.0000	0.0000	0.0000	0.0000	0.1869	0.1791	0.2046	0.0191	0.0191	0.0190	0.4011	0.5124	0.2837	0.0000	0.5013	-0.0072	-0.0225	5.9964	8.6129	34.6547	5.1709	0.0164	0.0164	0.0000	0.0164	0.0164	0.0000	0.0000	0.0000	0.0000	0.1806	0.1203	0.0603	0.0104	0.0087	0.0017	0.1703	0.1116	0.0586	0.4332	0.3822	0.0510	0.1348	0.1282	0.0065	0.2985	0.2540	0.0445	0.9665	0.6717	0.2948	0.5420	0.4538	0.0882	0.4245	0.2179	0.2067	0.2029	0.2400	0.0000	6.3841	6.7023	0.0000	0.0000	0.0000	0.0000	0.1869	0.1791	0.2046	0.0191	0.0191	0.0190	0.4011	0.5124	0.2837
49	114	0.4542	4	1	1	0	0	0	0	0	0	N	N	N	N	N	N	N	N	N	N	N	N	1.1616	0.1686	3.0203	0.3603	0.1860	2.9503	0.7893	0.1821	2.5642	1.0707	0.0238	7.6186	0.0528	0.0282	0.3557	1.3364	0.0225	8.5424	0.9218	0.1411	2.5225	0.1466	0.1518	0.1205	1.6931	0.1238	3.3314	51.1839	8.7162	0.3649	0.8071	5.9964	16.8607	34.6547	22.7724	0.6761	0.0130	0.6631	0.0069	0.0034	0.0035	0.6692	0.0095	0.6596	1.8398	0.1894	1.6504	0.1460	0.1261	0.0199	1.6938	0.0632	1.6306	0.6314	0.5444	0.0870	0.1307	0.1209	0.0098	0.5007	0.4235	0.0772	1.9959	1.3416	0.6543	0.9955	0.8307	0.1648	1.0004	0.5109	0.4895	1.1616	0.1686	3.0203	0.3603	0.1860	2.9503	0.7893	0.1821	2.5642	0.9218	0.1411	2.5225	0.1466	0.1518	0.1205	1.6931	0.1238	3.3314
49	115	0.1855	3	2	1	1	0	0	0	0	0	Y	N	N	N	N	N	N	N	N	N	N	N	0.0000	0.0000	0.0000	0.0000	0.0000	0.0000	0.0000	0.0000	0.0000	0.0000	0.0000	0.0000	0.0000	0.0000	0.0000	0.0000	0.0000	0.0000	0.0006	0.0006	0.0007	0.0014	0.0014	0.0023	0.0003	0.0000	0.0007	0.6726	0.0000	-0.0000	5.9964	1.0009	34.6547	4.0038	0.0000	0.0000	0.0000	0.0000	0.0000	0.0000	0.0000	0.0000	0.0000	0.0003	0.0002	0.0001	0.0002	0.0002	0.0000	0.0001	0.0000	0.0001	0.0406	0.0345	0.0061	0.0030	0.0029	0.0001	0.0376	0.0316	0.0060	0.4261	0.2780	0.1482	0.1221	0.1178	0.0044	0.3040	0.1602	0.1438	0.0000	0.0000	0.0000	0.0000	0.0000	0.0000	0.0000	0.0000	0.0000	0.0006	0.0006	0.0007	0.0014	0.0014	0.0023	0.0003	0.0000	0.0007	
49	116	0.1572	2	2	1	1	0	0	0	0	0	Y	N	N	N	N	N	N	N	N	N	N	N	0.0890	0.0075	4.4711	0.5465	0.4905	5.1459	0.0727	0.0000	4.4462	0.1165	0.0158	0.6705	0.2713	0.2587	0.4739	0.1075	0.0000	0.6747	1.3089	2.1009	0.1500	0.4965	0.5274	0.0921	1.4774	2.6790	0.1517	7.6951	0.0488	0.0037	-0.3900	5.9964	1.8441	34.6547	10.4794	0.0084	0.0010	0.0074	0.0011	0.0010	0.0001	0.0073	0.0000	0.0073	0.9469	0.9029	0.0440	0.0617	0.0609	0.0008	0.8852	0.8420	0.0432	0.0717	0.0607	0.0110	0.0039	0.0037	0.0002	0.0678	0.0570	0.0108	0.7234	0.4297	0.2937	0.1243	0.1155	0.0088	0.5991	0.3143	0.2849	0.0890	0.0075	4.4711	0.5465	0.4905	5.1459	0.0727	0.0000	4.4462	1.3089	2.1009	0.1500	0.4965	0.5274	0.0921	1.4774	2.6790	0.1517
49	117	0.3415	2	1	2	0	1	0	0	0	0	N	Y	N	N	N	N	N	N	N	N	N	N	0.0764	0.1549	0.0000	0.1882	0.2148	0.0000	0.0500	0.2124	0.0000	0.0065	0.0075	0.0000	0.0126	0.0133	0.0000	0.0051	0.0060	0.0000	0.0850	0.0484	0.1651	0.0671	0.0619	0.1029	0.1011	0.0282	0.1799	0.0000	1.5571	-0.0013	0.0285	5.9964	10.5071	34.6547	20.2622	0.0029	0.0029	0.0000	0.0011	0.0011	0.0000	0.0018	0.0018	0.0000	0.1896	0.0741	0.1154	0.0708	0.0570	0.0139	0.1187	0.0172	0.1015	0.4466	0.3864	0.0602	0.0846	0.0804	0.0042	0.3620	0.3059	0.0560	2.2297	1.5304	0.6993	1.0558	0.9209	0.1349	1.1739	0.6095	0.5644	0.0764	0.1549	0.0000	0.1882	0.2148	0.0000	0.0500	0.2124	0.0000	0.0850	0.0484	0.1651	0.0671	0.0619	0.1029	0.1011	0.0282	0.1799
49	119	0.1437	2	1	2	0	0	0	0	0	0	N	Y	N	N	N	N	N	N	N	N	N	N	0.0027	0.0056	0.0000	0.8447	0.8150	0.0000	0.0000	0.0000	0.0000	0.0058	0.0068	0.0000	0.0956	0.0971	0.0000	0.0000	0.0000	0.0000	2.1329	1.2208	3.4462	0.1132	0.1192	0.0134	2.4866	1.5652	3.5187	0.0000	1.9607	-0.0004	0.6077	5.9964	3.8169	34.6547	21.2433	0.0009	0.0009	0.0000	0.0009	0.0009	0.0000	0.0000	0.0000	0.0000	2.9808	1.0068	1.9740	0.0236	0.0234	0.0002	2.9573	0.9834	1.9739	0.1574	0.1329	0.0245	0.0095	0.0093	0.0001	0.1479	0.1236	0.0243	1.3975	0.8247	0.5728	0.2083	0.1964	0.0118	1.1893	0.6283	0.5610	0.0027	0.0056	0.0000	0.8447	0.8150	0.0000	0.0000	0.0000	0.0000	2.1329	1.2208	3.4462	0.1132	0.1192	0.0134	2.4866	1.5652	3.5187
49	120	0.4894	6	1	2	0	0	0	0	0	0	N	Y	N	N	N	N	N	N	N	N	N	N	0.7971	1.3096	0.0000	2.1713	3.4480	0.0000	0.0000	0.0000	0.0000	1.2581	1.4453	0.0000	4.8770	5.1497	0.0000	0.0000	0.0000	0.0000	1.5784	1.1037	2.6024	2.2462	1.4935	5.7145	0.8456	0.4422	1.3032	0.0000	1.0931	-0.3790	0.2977	5.9964	16.3276	34.6547	34.9199	0.8592	0.8592	0.0000	0.8592	0.8592	0.0000	0.0000	0.0000	0.0000	4.6614	2.2271	2.4343	3.4706	1.8962	1.5744	1.1908	0.3309	0.8600	0.6830	0.5945	0.0885	0.1762	0.1669	0.0093	0.5068	0.4276	0.0791	2.9533	2.0179	0.9354	1.5451	1.2696	0.2755	1.4082	0.7483	0.6599	0.7971	1.3096	0.0000	2.1713	3.4480	0.0000	0.0000	0.0000	0.0000	1.5784	1.1037	2.6024	2.2462	1.4935	5.7145	0.8456	0.4422	1.3032
49	121	0.4721	5	1	2	0	0	0	0	0	0	N	Y	N	N	N	N	N	N	N	N	N	N	0.5437	0.6179	0.4262	1.6236	1.9887	0.0026	0.1445	0.0055	0.6645	0.6031	0.6012	0.6152	2.2154	2.3252	0.0062	0.1117	0.0032	0.6691	1.1091	0.9729	1.4435	1.3645	1.1692	2.3403	0.7730	0.5811	1.0069	0.1610	0.6042	-0.0496	-0.1796	5.9964	6.1757	34.6547	14.5601	0.1639	0.1412	0.0227	0.1406	0.1406	0.0000	0.0233	0.0006	0.0227	2.1976	1.3699	0.8277	1.5362	1.0968	0.4394	0.6614	0.2731	0.3883	0.2718	0.2348	0.0369	0.0635	0.0605	0.0030	0.2083	0.1744	0.0339	1.9814	1.4080	0.5734	1.1258	0.9381	0.1877	0.8556	0.4699	0.3857	0.5437	0.6179	0.4262	1.6236	1.9887	0.0026	0.1445	0.0055	0.6645	1.1091	0.9729	1.4435	1.3645	1.1692	2.3403	0.7730	0.5811	1.0069
49	122	0.4190	4	1	1	0	0	0	0	0	0	N	N	N	N	N	N	N	N	N	N	N	N	0.0965	0.0433	1.2658	0.2101	0.2024	0.0243	0.0580	0.0000	1.4669	0.1456	0.0854	0.5418	0.2836	0.2993	0.0117	0.0967	0.0001	0.6059	1.5093	1.9730	0.4280	1.3499	1.4789	0.4827	1.6669	2.7730	0.4131	0.9653	0.0930	0.0026	-1.1999	5.9964	7.5400	34.6547	21.4192	0.0510	0.0259	0.0250	0.0260	0.0259	0.0001	0.0250	0.0000	0.0250	3.2146	2.9410	0.2736	1.4289	1.3628	0.0662	1.7856	1.5782	0.2074	0.3501	0.3039	0.0462	0.0916	0.0866	0.0050	0.2585	0.2173	0.0412	2.1298	1.4906	0.6392	1.0585	0.9215	0.1371	1.0713	0.5691	0.5021	0.0965	0.0433	1.2658	0.2101	0.2024	0.0243	0.0580	0.0000	1.4669	1.5093	1.9730	0.4280	1.3499	1.4789	0.4827	1.6669	2.7730	0.4131
49	123	0.1792	3	1	2	0	0	0	0	0	0	N	Y	N	N	N	N	N	N	N	N	N	N	0.0000	0.0000	0.0000	0.0000	0.0000	0.0000	0.0000	0.0000	0.0000	0.0000	0.0000	0.0000	0.0000	0.0000	0.0000	0.0000	0.0000	0.0000	2.6786	4.4633	0.0004	1.0194	1.2261	0.0035	3.1494	5.8911	0.0001	0.0001	0.0000	-1.5015	5.9964	4.0019	34.6547	19.5615	0.0000	0.0000	0.0000	0.0000	0.0000	0.0000	0.0000	0.0000	0.0000	3.2763	3.2760	0.0002	0.2756	0.2755	0.0002	3.0006	3.0006	0.0001	0.1502	0.1272	0.0230	0.0069	0.0064	0.0005	0.1433	0.1208	0.0225	1.2231	0.7340	0.4891	0.2704	0.2247	0.0457	0.9528	0.5093	0.4434	0.0000	0.0000	0.0000	0.0000	0.0000	0.0000	0.0000	0.0000	0.0000	2.6786	4.4633	0.0004	1.0194	1.2261	0.0035	3.1494	5.8911	0.0001	
49	124	0.1572	2	1	1	0	0	0	0	0	0	N	N	N	N	N	N	N	N	N	N	N	N	0.0693	0.0000	0.2351	0.0908	0.0000	4.1612	0.0611	0.0000	0.2296	0.1533	0.0000	0.9965	0.0377	0.0000	0.7070	0.1608	0.0000	1.0027	2.2119	0.8736	4.2394	0.4147	0.4315	0.1699	2.6317	1.0579	4.3675	inf	3.2030	0.0041	0.3976	5.9964	1.2223	34.6547	8.2281	0.0074	0.0000	0.0074	0.0001	0.0000	0.0001	0.0073	0.0000	0.0073	1.3091	0.3115	0.9976	0.0465	0.0453	0.0012	1.2626	0.2662	0.9964	0.0482	0.0408	0.0074	0.0029	0.0028	0.0002	0.0453	0.0381	0.0073	0.5918	0.3565	0.2353	0.1121	0.1049	0.0072	0.4798	0.2516	0.2281	0.0693	0.0000	0.2351	0.0908	0.0000	4.1612	0.0611	0.0000	0.2296	2.2119	0.8736	4.2394	0.4147	0.4315	0.1699	2.6317	1.0579	4.3675
49	126	0.1424	3	1	2	0	0	0	0	0	0	N	Y	N	N	N	N	N	N	N	N	N	N	0.2589	0.0000	0.6780	0.0627	0.0000	1.9562	0.2286	0.0000	0.6625	0.3518	0.0000	2.2399	0.0041	0.0000	0.1955	0.3736	0.0000	2.2563	1.3590	0.0175	3.3036	0.0661	0.0635	0.0999	1.6343	0.0000	3.4059	inf	130.3484	0.0400	0.9186	5.9964	5.0407	34.6547	17.1705	0.0715	0.0000	0.0715	0.0000	0.0000	0.0000	0.0715	0.0000	0.0715	1.7201	0.0131	1.7070	0.0147	0.0131	0.0016	1.7054	0.0000	1.7054	0.2032	0.1713	0.0319	0.0120	0.0118	0.0003	0.1912	0.1596	0.0317	1.2657	0.7490	0.5167	0.2222	0.2062	0.0160	1.0435	0.5428	0.5007	0.2589	0.0000	0.6780	0.0627	0.0000	1.9562	0.2286	0.0000	0.6625	1.3590	0.0175	3.3036	0.0661	0.0635	0.0999	1.6343	0.0000	3.4059
49	127	0.1265	2	1	2	0	0	0	0	0	0	N	Y	N	N	N	N	N	N	N	N	N	N	12.6957	0.1110	52.8615	0.4719	0.4579	16.2318	18.1735	0.0121	52.0901	9.8447	0.0626	60.6357	0.6242	0.6205	1.5355	10.6904	0.0007	60.7606	0.7754	0.5636	1.1471	1.3227	1.3552	0.0946	0.5882	0.0579	1.1665	186.6948	1.1601	0.4817	0.0420	5.9964	1.9703	34.6547	6.2034	0.8702	0.0046	0.8656	0.0046	0.0046	0.0000	0.8656	0.0000	0.8655	0.5337	0.2471	0.2866	0.2320	0.2316	0.0004	0.3017	0.0155	0.2862	0.0884	0.0741	0.0143	0.0074	0.0074	0.0000	0.0810	0.0667	0.0142	0.6883	0.4384	0.2499	0.1754	0.1709	0.0045	0.5129	0.2675	0.2454	12.6957	0.1110	52.8615	0.4719	0.4579	16.2318	18.1735	0.0121	52.0901	0.7754	0.5636	1.1471	1.3227	1.3552	0.0946	0.5882	0.0579	1.1665
49	129	0.4483	5	1	2	0	0	0	0	0	0	N	Y	N	N	N	N	N	N	N	N	N	N	0.0000	0.0000	0.0000	0.0000	0.0000	0.0000	0.0000	0.0000	0.0000	0.0000	0.0000	0.0000	0.0000	0.0000	0.0000	0.0000	0.0000	0.0033	0.0008	0.0118	0.0057	0.0012	0.0652	0.0002	0.0000	0.0005	4.5207	0.0000	0.0008	5.9964	1.0033	34.6547	0.8635	0.0000	0.0000	0.0000	0.0000	0.0000	0.0000	0.0000	0.0000	0.0000	0.0023	0.0004	0.0019	0.0022	0.0004	0.0018	0.0001	0.0000	0.0001	0.1233	0.1121	0.0112	0.0668	0.0637	0.0031	0.0566	0.0485	0.0081	0.6924	0.5321	0.1603	0.3924	0.3644	0.0280	0.2999	0.1676	0.1323	0.0000	0.0000	0.0000	0.0000	0.0000	0.0000	0.0000	0.0000	0.0000	0.0033	0.0008	0.0118	0.0057	0.0012	0.0652	0.0002	0.0000	0.0005		
49	130	0.4190	4	1	1	0	0	0	0	0	0	N	N	N	N	N	N	N	N	N	N	N	N	0.0138	0.0090	0.0454	0.0339	0.0253	0.1101	0.0000	0.0000	0.0000	0.0020	0.0013	0.0068	0.0069	0.0041	0.0585	0.0000	0.0000	0.0000	0.1463	0.1447	0.1504	0.2034	0.1616	0.5316	0.0826	0.1136	0.0468	0.7813	0.4016	-0.0000	-0.0430	5.9964	5.5514	34.6547	9.9598	0.0006	0.0003	0.0002	0.0006	0.0003	0.0002	0.0000	0.0000	0.0000	0.2504	0.1786	0.0717	0.1834	0.1293	0.0542	0.0669	0.0493	0.0176	0.2830	0.2464	0.0366	0.0827	0.0784	0.0043	0.2004	0.1680	0.0324	1.7116	1.2345	0.4771	0.9019	0.8000	0.1019	0.8097	0.4344	0.3752	0.0138	0.0090	0.0454	0.0339	0.0253	0.1101	0.0000	0.0000	0.0000	0.1463	0.1447	0.1504	0.2034	0.1616	0.5316	0.0826	0.1136	0.0468
49	131	0.3887	3	1	1	0	0	0	0	0	0	N	N	N	N	N	N	N	N	N	N	N	N	0.4568	0.2561	1.8601	0.8056	0.8419	0.0200	0.3994	0.0089	2.1853	0.1239	0.0713	0.4738	0.2757	0.2896	0.0066	0.0807	0.0015	0.5162	0.2712	0.2784	0.2547	0.3422	0.3439	0.3295	0.2021	0.1709	0.2362	0.9991	0.3955	0.0030	-0.0858	5.9964	9.1969	34.6547	13.4651	0.0510	0.0255	0.0255	0.0251	0.0251	0.0000	0.0259	0.0004	0.0255	0.4907	0.3516	0.1391	0.3054	0.2698	0.0357	0.1852	0.0819	0.1034	0.4117	0.3579	0.0538	0.0912	0.0867	0.0045	0.3205	0.2712	0.0493	1.8091	1.2632	0.5459	0.8926	0.7843	0.1083	0.9165	0.4789	0.4377	0.4568	0.2561	1.8601	0.8056	0.8419	0.0200	0.3994	0.0089	2.1853	0.2712	0.2784	0.2547	0.3422	0.3439	0.3295	0.2021	0.1709	0.2362
49	132	0.2022	5	2	2	0	1	0	0	0	0	Y	Y	N	N	N	N	N	N	N	N	N	N	0.0000	0.0000	0.0000	0.0000	0.0000	0.0000	0.0000	0.0000	0.0000	0.0000	0.0000	0.0000	0.0000	16.0492	0.0000	56.4228	0.0000	0.0000	0.0000	12.1599	0.0000	49.8137	inf	0.0000	1.0833	5.9964	1.0000	34.6547	3.0001	0.0000	0.0000	0.0000	0.0000	0.0000	0.0000	0.0000	0.0000	0.0000	2.0000	0.0000	2.0000	0.0000	0.0000	0.0000	2.0000	0.0000	2.0000	0.0378	0.0321	0.0058	0.0024	0.0022	0.0002	0.0354	0.0298	0.0056	0.1872	0.1040	0.0832	0.0227	0.0197	0.0030	0.1645	0.0843	0.0802	0.0000	0.0000	0.0000	0.0000	0.0000	0.0000	0.0000	0.0000	0.0000	10.6857	0.0000	24.0451	0.0000	0.0000	0.0000	12.1599	0.0000	24.9432						
49	133	0.6011	9	2	2	0	1	0	0	0	0	Y	Y	N	N	N	N	N	N	N	N	N	N	0.0000	0.0000	0.0000	0.0000	0.0000	0.0000	0.0000	0.0000	0.0000	0.0000	0.0000	0.0000	0.0000	0.0000	0.0000	0.0000	0.0000	0.0000	0.0000	0.0000	5.9964	0.0006	34.6547	1.9797	0.0000	0.0000	0.0000	0.0000	0.0000	0.0000	0.0000	0.0000	0.0000	0.0000	0.0000	0.0000	0.0000	0.0000	0.0000	0.0000	0.0000	0.0000	0.0001	0.0000	0.0000	0.0000	0.0000	0.0000	0.0000	0.0000	0.0000	0.0838	0.0563	0.0276	0.0412	0.0347	0.0065	0.0426	0.0216	0.0210	0.0000	0.0000	0.0000	0.0000	0.0000	0.0000	0.0000	0.0000	0.0000	0.0000	0.0000	0.0000	0.0000	0.0000	0.0000	0.0000	0.0000	0.0000											
49	134	0.5844	8	2	2	0	1	0	0	0	0	Y	Y	N	N	N	N	N	N	N	N	N	N	0.0000	0.0000	0.0000	0.0000	0.0000	0.0000	0.0000	0.0000	0.0000	0.0000	0.0000	0.0000	0.0000	0.0004	0.0005	0.0000	0.0007	0.0009	0.0000	0.0000	0.0000	0.0000	0.0000	0.0000	-0.0001	5.9964	2.0077	34.6547	6.0321	0.0000	0.0000	0.0000	0.0000	0.0000	0.0000	0.0000	0.0000	0.0000	0.0001	0.0001	0.0000	0.0001	0.0001	0.0000	0.0000	0.0000	0.0000	0.0732	0.0629	0.0103	0.0178	0.0163	0.0015	0.0554	0.0466	0.0088	0.3052	0.2018	0.1034	0.1468	0.1212	0.0256	0.1584	0.0806	0.0778	0.0000	0.0000	0.0000	0.0000	0.0000	0.0000	0.0000	0.0000	0.0000	0.0004	0.0005	0.0000	0.0007	0.0009	0.0000	0.0000	0.0000	0.0000						
49	135	0.5796	8	1	2	0	1	0	0	0	0	N	Y	N	N	N	N	N	N	N	N	N	N	0.4605	0.3651	0.0000	1.0102	0.9161	0.0000	0.0000	0.0000	0.0000	0.2783	0.3261	0.0000	1.2083	1.3087	0.0000	0.0000	0.0000	0.0000	0.6044	0.8932	0.0004	1.1961	1.4286	0.0004	0.0008	0.0012	0.0004	0.0000	0.0002	-0.0140	-0.1533	5.9964	3.0348	34.6547	9.3583	0.0317	0.0317	0.0000	0.0317	0.0317	0.0000	0.0000	0.0000	0.0000	0.3346	0.3345	0.0001	0.3344	0.3344	0.0000	0.0002	0.0002	0.0001	0.1138	0.0971	0.0167	0.0262	0.0242	0.0020	0.0876	0.0729	0.0147	0.5536	0.3745	0.1791	0.2796	0.2341	0.0455	0.2740	0.1405	0.1335	0.4605	0.3651	0.0000	1.0102	0.9161	0.0000	0.0000	0.0000	0.0000	0.6044	0.8932	0.0004	1.1961	1.4286	0.0004	0.0008	0.0012	0.0004
49	136	0.5653	7	1	1	0	1	0	0	0	0	N	N	N	N	N	N	N	N	N	N	N	N	6.6595	0.0033	74565.6263	0.0000	0.0000	0.0000	1513.5498	0.6217	113743.6741	16.7081	0.0124	107.5019	0.0000	0.0000	0.0000	22.8205	0.0177	119.8152	2.5089	3.8013	0.0014	6.1063	8.2238	0.0026	0.0151	0.0285	0.0011	1588.0000	0.0002	0.0177	-0.3070	5.9964	0.0433	34.6547	6.6805	0.0317	0.0000	0.0316	0.0000	0.0000	0.0000	0.0317	0.0000	0.0316	0.6700	0.6699	0.0001	0.6679	0.6679	0.0001	0.0021	0.0020	0.0001	0.0019	0.0016	0.0003	0.0005	0.0005	0.0000	0.0014	0.0011	0.0003	0.2671	0.1762	0.0908	0.1273	0.1049	0.0224	0.1398	0.0713	0.0684	6.6595	0.0033	74565.6263	0.0000	0.0000	0.0000	1513.5498	0.6217	113743.6741	2.5089	3.8013	0.0014	5.2482	6.3676	0.0026	0.0151	0.0285	0.0011
49	137	0.2318	7	1	2	0	1	0	0	0	0	N	Y	N	N	N	N	N	N	N	N	N	N	0.0000	0.0000	0.0000	0.0000	0.0000	0.0000	0.0000	0.0000	0.0000	0.0000	0.0000	0.0000	0.0000	0.0000	0.0000	0.0000	0.0000	0.0000	0.0000	0.0000	5.9964	0.0000	34.6547	0.0000	0.0000	0.0000	0.0000	0.0000	0.0000	0.0000	0.0000	0.0000	0.0000	0.0000	0.0000	0.0000	0.0000	0.0000	0.0000	0.0000	0.0000	0.0000	0.0000	0.0000	0.0000	0.0000	0.0000	0.0000	0.0000	0.0000	0.0000	0.0000	0.0000	0.0000	0.0000	0.0000	0.0000	0.0000	0.0000	0.0000	0.0000	0.0000	0.0000	0.0000	0.0000	0.0000	0.0000	0.0000	0.0000	0.0000	0.0000	0.0000	0.0000	0.0000	0.0000	0.0000	0.0000	0.0000											
49	138	0.2268	6	1	2	0	1	0	0	0	0	N	Y	N	N	N	N	N	N	N	N	N	N	0.0000	0.0000	0.0000	0.0000	0.0000	0.0000	0.0000	0.0000	0.0000	0.0000	0.0000	0.0000	0.0000	0.0000	0.0000	0.0000	0.0000	0.0000	0.0000	0.0000	5.9964	0.0021	34.6547	2.0000	0.0000	0.0000	0.0000	0.0000	0.0000	0.0000	0.0000	0.0000	0.0000	0.0000	0.0000	0.0000	0.0000	0.0000	0.0000	0.0000	0.0000	0.0000	0.0001	0.0001	0.0000	0.0000	0.0000	0.0000	0.0001	0.0001	0.0000	0.0924	0.0522	0.0402	0.0137	0.0120	0.0017	0.0787	0.0402	0.0385	0.0000	0.0000	0.0000	0.0000	0.0000	0.0000	0.0000	0.0000	0.0000	0.0000	0.0000	0.0000	0.0000	0.0000	0.0000	0.0000	0.0000	0.0000											
49	139	0.2165	5	1	1	0	1	0	0	0	0	N	N	N	N	N	N	N	N	N	N	N	N	0.0000	0.0000	0.0000	0.0000	0.0000	0.0000	0.0000	0.0000	0.0000	0.0000	0.0000	0.0000	0.0000	0.0000	0.0000	0.0000	0.0149	0.0008	0.0330	0.0030	0.0035	0.0000	0.0169	0.0000	0.0344	34.0000	0.0000	0.0014	5.9964	1.0020	34.6547	3.0181	0.0000	0.0000	0.0000	0.0000	0.0000	0.0000	0.0000	0.0000	0.0000	0.0028	0.0001	0.0027	0.0001	0.0001	0.0000	0.0027	0.0000	0.0027	0.0379	0.0322	0.0058	0.0025	0.0023	0.0002	0.0354	0.0298	0.0056	0.1876	0.1052	0.0825	0.0265	0.0231	0.0034	0.1611	0.0821	0.0790	0.0000	0.0000	0.0000	0.0000	0.0000	0.0000	0.0000	0.0000	0.0000	0.0149	0.0008	0.0330	0.0030	0.0035	0.0000	0.0169	0.0000	0.0344			
49	140	0.2022	5	1	2	0	0	0	0	0	0	N	Y	N	N	N	N	N	N	N	N	N	N	0.0000	0.0000	0.0000	0.0000	0.0000	0.0000	0.0000	0.0000	0.0000	0.0000	0.0000	0.0000	0.0000	0.0000	0.0000	0.0000	0.0000	0.0000	0.0000	0.0000	5.9964	0.0000	34.6547	4.0001	0.0000	0.0000	0.0000	0.0000	0.0000	0.0000	0.0000	0.0000	0.0000	0.0000	0.0000	0.0000	0.0000	0.0000	0.0000	0.0000	0.0000	0.0000	0.0000	0.0000	0.0000	0.0000	0.0000	0.0000	0.0000	0.0000	0.0000	0.1872	0.1040	0.0832	0.0227	0.0197	0.0030	0.1645	0.0843	0.0802	0.0000	0.0000	0.0000	0.0000	0.0000	0.0000	0.0000	0.0000	0.0000	0.0000	0.0000	0.0000	0.0000	0.0000	0.0000	0.0000	0.0000	0.0000											
49	141	0.5798	7	1	2	0	0	0	0	0	0	N	Y	N	N	N	N	N	N	N	N	N	N	0.0000	0.0000	0.0000	0.0000	0.0000	0.0000	0.0000	0.0000	0.0000	0.0000	0.0000	0.0000	0.0000	0.0000	0.0000	0.0000	0.0000	0.0000	4.6746	0.0014	26.7187	0.0009	0.0001	0.0049	8.2697	0.0033	33.7413	4754.0149	0.0000	0.5406	5.9964	1.0003	34.6547	5.0186	0.0000	0.0000	0.0000	0.0000	0.0000	0.0000	0.0000	0.0000	0.0000	0.9986	0.0002	0.9983	0.0001	0.0000	0.0001	0.9984	0.0002	0.9982	0.0365	0.0314	0.0051	0.0089	0.0081	0.0007	0.0277	0.0233	0.0044	0.2330	0.1542	0.0788	0.1123	0.0930	0.0193	0.1207	0.0613	0.0594	0.0000	0.0000	0.0000	0.0000	0.0000	0.0000	0.0000	0.0000	0.0000	4.2852	0.0014	12.6733	0.0009	0.0001	0.0049	8.2697	0.0033	16.7915	
49	142	0.2165	5	1	1	1	1	0	0	0	0	N	N	N	N	N	N	N	N	N	N	N	N	0.0000	0.0000	0.0000	0.0000	0.0000	0.0000	0.0000	0.0000	0.0000	0.0000	0.0000	0.0000	0.0000	0.0000	0.0000	10.0004	4.3319	21.4756	0.0000	0.0000	0.0000	8.4933	5.5404	17.5636	2.0026	0.0000	0.6263	5.9964	0.0001	34.6547	9.0026	0.0000	0.0000	0.0000	0.0000	0.0000	0.0000	0.0000	0.0000	0.0000	3.0026	1.0000	2.0026	0.0000	0.0000	0.0000	3.0026	1.0000	2.0026	0.0000	0.0000	0.0000	0.0000	0.0000	0.0000	0.0000	0.0000	0.0000	0.4115	0.2308	0.1806	0.0579	0.0504	0.0076	0.3535	0.1805	0.1730	0.0000	0.0000	0.0000	0.0000	0.0000	0.0000	0.0000	0.0000	0.0000	7.2977	4.3319	11.0886	0.0000	0.0000	0.0000	8.4933	5.5404	11.5734				
49	143	0.5653	7	1	1	1	1	0	0	0	0	N	N	N	N	N	N	N	N	N	N	N	N	0.0000	0.0000	0.0000	0.0000	0.0000	0.0000	0.0000	0.0000	0.0000	0.0000	0.0000	0.0000	0.0000	0.0000	0.0000	0.0000	0.0000	0.0000	10.7550	3.8845	33.2644	6.5429	8.6425	0.0006	9.7487	0.0001	41.9195	2.0000	0.0000	0.6249	5.9964	2.0061	34.6547	8.0425	0.0000	0.0000	0.0000	0.0000	0.0000	0.0000	0.0000	0.0000	0.0000	3.0001	1.0000	2.0000	1.0000	1.0000	0.0000	2.0000	0.0000	2.0000	0.0727	0.0622	0.0105	0.0159	0.0146	0.0013	0.0567	0.0476	0.0092	0.3910	0.2574	0.1335	0.1858	0.1528	0.0330	0.2052	0.1046	0.1006	0.0000	0.0000	0.0000	0.0000	0.0000	0.0000	0.0000	0.0000	0.0000	7.6733	3.8845	14.9779	5.3819	6.5427	0.0006	9.7487	0.0001	19.8887	
49	144	0.5562	6	1	1	0	1	0	0	0	0	N	N	N	N	N	N	N	N	N	N	N	N	0.0000	0.0000	0.0000	0.0000	0.0000	0.0000	0.0000	0.0000	0.0000	0.0000	0.0000	0.0000	0.0000	0.0000	0.0000	0.0000	0.0000	0.0000	0.7337	0.9551	0.1741	0.0105	0.0032	0.0682	1.4162	2.3917	0.1993	0.0721	0.0000	-0.0743	5.9964	1.9550	34.6547	2.1189	0.0000	0.0000	0.0000	0.0000	0.0000	0.0000	0.0000	0.0000	0.0000	0.1900	0.1772	0.0128	0.0013	0.0004	0.0010	0.1887	0.1769	0.0118	0.0765	0.0653	0.0112	0.0215	0.0193	0.0022	0.0550	0.0461	0.0090	0.2590	0.1855	0.0734	0.1257	0.1116	0.0141	0.1332	0.0740	0.0593	0.0000	0.0000	0.0000	0.0000	0.0000	0.0000	0.0000	0.0000	0.0000	0.7337	0.9551	0.1741	0.0105	0.0032	0.0682	1.4162	2.3917	0.1993	
49	145	0.5562	6	1	1	1	1	0	0	0	0	N	N	N	N	N	N	N	N	N	N	N	N	0.0000	0.0000	0.0000	0.0000	0.0000	0.0000	0.0000	0.0000	0.0000	0.0000	0.0000	0.0000	0.0000	0.0000	0.0000	7.6159	12.6128	0.0000	14.7835	16.2931	0.0000	4.3893	8.4034	0.0000	0.0000	0.0000	-2.3432	5.9964	2.1261	34.6547	18.6477	0.0000	0.0000	0.0000	0.0000	0.0000	0.0000	0.0000	0.0000	0.0000	5.1120	5.1120	0.0000	3.1226	3.1226	0.0000	1.9894	1.9894	0.0000	0.0826	0.0706	0.0120	0.0229	0.0206	0.0023	0.0597	0.0500	0.0097	0.8555	0.5747	0.2808	0.4022	0.3380	0.0643	0.4532	0.2367	0.2165	0.0000	0.0000	0.0000	0.0000	0.0000	0.0000	0.0000	0.0000	0.0000	5.9756	8.8950	0.0000	7.7629	9.2394	0.0000	4.3893	8.4034	0.0000				
49	146	0.2165	5	1	1	1	1	0	0	0	0	N	N	N	N	N	N	N	N	N	N	N	N	0.0000	0.0000	0.0000	0.0000	0.0000	0.0000	0.0000	0.0000	0.0000	0.0000	0.0000	0.0000	0.0000	2.7205	5.0644	0.0000	66.0798	79.3152	0.0000	0.0000	0.0000	0.0000	0.0000	0.0000	-0.4572	5.9964	2.0001	34.6547	5.9880	0.0000	0.0000	0.0000	0.0000	0.0000	0.0000	0.0000	0.0000	0.0000	0.9974	0.9974	0.0000	0.9974	0.9974	0.0000	0.0000	0.0000	0.0000	0.0753	0.0639	0.0114	0.0050	0.0046	0.0003	0.0704	0.0593	0.0111	0.3666	0.2056	0.1610	0.0516	0.0449	0.0067	0.3150	0.1607	0.1542	0.0000	0.0000	0.0000	0.0000	0.0000	0.0000	0.0000	0.0000	0.0000	2.7205	4.8500	0.0000	19.3167	22.2154	0.0000	0.0000	0.0000	0.0000						
49	147	0.2165	5	1	1	1	1	0	0	0	0	N	N	N	N	N	N	N	N	N	N	N	N	1.1799	0.9003	3.9356	0.0000	0.0000	1.4988	1.1432	3.8867	6.0909	3.5836	20.2787	0.0000	0.0000	0.0000	6.5214	3.8628	20.9189	5.1624	3.9803	5.1526	6.4081	7.6010	0.0000	4.3510	3.3790	5.3822	1.0000	1.0009	0.1178	0.2513	5.9964	9.0001	34.6547	23.0169	2.0000	1.0000	1.0000	0.0000	0.0000	0.0000	2.0000	1.0000	1.0000	6.0027	2.9999	3.0027	1.0002	1.0002	0.0000	5.0025	1.9998	3.0027	0.3284	0.2790	0.0493	0.0217	0.0202	0.0015	0.3067	0.2589	0.0478	1.3364	0.7537	0.5828	0.1867	0.1619	0.0249	1.1497	0.5918	0.5579	1.3561	0.9003	3.9356	0.0000	0.0000	0.0000	1.4988	1.1432	3.8867	4.4915	3.9803	5.1526	5.3564	6.1790	0.0000	4.3510	3.3790	5.3822	
49	148	0.1912	4	1	1	0	1	0	0	0	0	N	N	N	N	N	N	N	N	N	N	N	N	0.0109	0.0000	0.0311	0.0000	0.0000	0.0000	0.0099	0.0000	0.0308	0.0217	0.0000	0.1421	0.0000	0.0000	0.0000	0.0232	0.0000	0.1464	1.9892	0.0020	4.5723	0.0049	0.0039	0.0131	2.3549	0.0014	4.7577	inf	1784.2162	0.0009	0.5405	5.9964	1.9990	34.6547	7.9526	0.0016	0.0000	0.0016	0.0000	0.0000	0.0000	0.0016	0.0000	0.0016	0.9989	0.0006	0.9983	0.0004	0.0003	0.0001	0.9985	0.0003	0.9982	0.0758	0.0642	0.0116	0.0050	0.0046	0.0003	0.0708	0.0596	0.0112	0.5021	0.2838	0.2183	0.0781	0.0696	0.0085	0.4240	0.2142	0.2098	0.0109	0.0000	0.0311	0.0000	0.0000	0.0000	0.0099	0.0000	0.0308	1.9892	0.0020	4.5723	0.0049	0.0039	0.0131	2.3549	0.0014	4.7577
49	149	0.1593	3	2	2	0	0	0	0	0	0	Y	Y	N	N	N	N	N	N	N	N	N	N	0.0050	0.1671	0.0000	3.2525	3.1064	0.0000	0.0000	0.0000	0.0000	0.0125	0.0148	0.0000	0.1179	0.1202	0.0000	0.0000	0.0000	0.0000	2.5069	0.0886	6.0571	0.0363	0.0387	0.0008	2.9942	0.1060	6.2191	0.0000	46.5940	-0.0013	1.5953	5.9964	5.3497	34.6547	17.2225	0.0030	0.0030	0.0000	0.0030	0.0030	0.0000	0.0000	0.0000	0.0000	3.0641	0.0644	2.9998	0.0073	0.0073	0.0000	3.0568	0.0571	2.9998	0.2359	0.2000	0.0359	0.0251	0.0246	0.0005	0.2108	0.1754	0.0355	1.2223	0.7270	0.4952	0.2014	0.1885	0.0129	1.0209	0.5386	0.4823	0.0050	0.1671	0.0000	3.2525	3.1064	0.0000	0.0000	0.0000	0.0000	2.5069	0.0886	6.0571	0.0363	0.0387	0.0008	2.9942	0.1060	6.2191
49	150	0.1901	4	1	2	0	0	0	0	0	0	N	Y	N	N	N	N	N	N	N	N	N	N	0.0105	0.0181	0.0000	0.0259	0.0246	0.0000	0.0000	0.0000	0.0000	0.0138	0.0159	0.0000	0.0579	0.0595	0.0000	0.0000	0.0000	0.0000	1.3181	0.8806	2.0615	2.2324	2.4242	0.0000	1.0160	0.0000	2.1769	0.0000	1.3776	-0.0013	0.2075	5.9964	3.6794	34.6547	17.4287	0.0030	0.0030	0.0000	0.0030	0.0030	0.0000	0.0000	0.0000	0.0000	1.7145	0.7211	0.9934	0.7211	0.7211	0.0000	0.9934	0.0000	0.9934	0.2203	0.1910	0.0293	0.0525	0.0511	0.0014	0.1678	0.1399	0.0279	1.3007	0.8189	0.4819	0.3230	0.2975	0.0256	0.9777	0.5214	0.4563	0.0105	0.0181	0.0000	0.0259	0.0246	0.0000	0.0000	0.0000	0.0000	1.3181	0.8806	2.0615	2.2324	2.4242	0.0000	1.0160	0.0000	2.1769
49	151	0.1593	3	1	2	0	0	0	0	0	0	N	Y	N	N	N	N	N	N	N	N	N	N	0.0567	0.0286	0.3246	0.0567	0.0548	0.0000	0.0920	0.0232	0.3245	0.0358	0.0236	0.1041	0.1271	0.1288	0.0000	0.0211	0.0033	0.1054	0.6308	0.8247	0.3206	2.2435	2.3493	0.1634	0.2288	0.1444	0.3247	0.7860	0.2430	-0.0000	-0.1407	5.9964	3.4464	34.6547	10.1316	0.0060	0.0033	0.0026	0.0030	0.0030	0.0000	0.0030	0.0004	0.0026	0.5353	0.4307	0.1046	0.3799	0.3785	0.0013	0.1554	0.0521	0.1033	0.1671	0.1419	0.0253	0.0232	0.0229	0.0003	0.1439	0.1189	0.0250	0.8486	0.5223	0.3264	0.1693	0.1611	0.0082	0.6793	0.3611	0.3182	0.0567	0.0286	0.3246	0.0567	0.0548	0.0000	0.0920	0.0232	0.3245	0.6308	0.8247	0.3206	2.2435	2.3493	0.1634	0.2288	0.1444	0.3247
49	152	0.5866	9	2	2	0	0	0	0	0	0	Y	Y	N	N	N	N	N	N	N	N	N	N	0.0050	0.0000	0.0121	0.0000	0.0000	0.0035	0.0101	0.0103	0.0000	0.0735	0.0000	0.0000	0.0000	0.0138	0.0000	0.0856	2.0741	0.0161	6.0833	0.0222	0.0269	0.0000	3.9525	0.0000	8.4751	inf	194.1553	0.0002	0.5392	5.9964	1.0143	34.6547	12.0086	0.0004	0.0000	0.0004	0.0000	0.0000	0.0000	0.0004	0.0000	0.0004	1.0050	0.0051	0.9999	0.0051	0.0051	0.0000	0.9999	0.0000	0.9999	0.0378	0.0325	0.0053	0.0095	0.0087	0.0008	0.0283	0.0238	0.0046	0.4846	0.3202	0.1644	0.2316	0.1912	0.0404	0.2530	0.1290	0.1239	0.0050	0.0000	0.0121	0.0000	0.0000	0.0000	0.0035	0.0000	0.0106	2.0741	0.0161	6.0833	0.0222	0.0269	0.0000	3.9525	0.0000	8.0683		
49	153	0.5844	8	2	2	0	0	0	0	0	0	Y	Y	N	N	N	N	N	N	N	N	N	N	0.0798	2.0679	0.0000	7.7375	6.9802	0.0000	0.0000	0.0000	0.0108	0.0126	0.0000	0.0442	0.0481	0.0000	0.0000	0.0000	0.0000	0.1353	0.0061	0.3888	0.0057	0.0069	0.0000	0.2570	0.0048	0.5156	0.0000	32.6120	-0.0002	0.0027	5.9964	0.9811	34.6547	0.0216	0.0004	0.0004	0.0000	0.0004	0.0004	0.0000	0.0000	0.0000	0.0000	0.0054	0.0002	0.0052	0.0001	0.0001	0.0000	0.0052	0.0000	0.0052	0.0361	0.0310	0.0051	0.0088	0.0081	0.0007	0.0273	0.0229	0.0044	0.0396	0.0262	0.0134	0.0192	0.0159	0.0033	0.0204	0.0103	0.0101	0.0798	2.0679	0.0000	7.7375	6.9802	0.0000	0.0000	0.0000	0.0000	0.1353	0.0061	0.3888	0.0057	0.0069	0.0000	0.2570	0.0048	0.5156	
49	154	0.5798	7	2	2	0	0	0	0	0	0	Y	Y	N	N	N	N	N	N	N	N	N	N	0.0000	0.0000	0.0000	0.0000	0.0000	0.0000	0.0000	0.0000	0.0000	0.0000	0.0000	0.0000	0.0000	0.0000	0.0000	0.0000	0.0000	0.0000	0.0258	0.0366	0.0045	0.0452	0.0541	0.0006	0.0076	0.0094	0.0058	0.0625	0.0000	-0.0008	5.9964	0.0083	34.6547	2.0001	0.0000	0.0000	0.0000	0.0000	0.0000	0.0000	0.0000	0.0000	0.0000	0.0021	0.0020	0.0001	0.0018	0.0018	0.0000	0.0003	0.0002	0.0001	0.0004	0.0003	0.0001	0.0001	0.0001	0.0000	0.0002	0.0002	0.0000	0.0811	0.0539	0.0272	0.0393	0.0327	0.0066	0.0418	0.0212	0.0207	0.0000	0.0000	0.0000	0.0000	0.0000	0.0000	0.0000	0.0000	0.0000	0.0258	0.0366	0.0045	0.0452	0.0541	0.0006	0.0076	0.0094	0.0058	
49	155	0.5562	6	1	2	0	0	0	0	0	0	N	Y	N	N	N	N	N	N	N	N	N	N	0.0000	0.0000	0.0000	0.0000	0.0000	0.0000	0.0000	0.0000	0.0000	0.0000	0.0000	0.0000	0.0000	0.0000	0.0000	0.0000	0.0000	0.0000	0.3906	0.5264	0.0936	0.0061	0.0023	0.0286	0.7410	1.2950	0.1119	0.0813	0.0000	-0.0735	5.9964	2.9180	34.6547	7.4065	0.0000	0.0000	0.0000	0.0000	0.0000	0.0000	0.0000	0.0000	0.0000	0.1918	0.1774	0.0144	0.0014	0.0005	0.0010	0.1904	0.1769	0.0135	0.1109	0.0949	0.0160	0.0296	0.0267	0.0029	0.0813	0.0682	0.0131	0.4911	0.3370	0.1541	0.2341	0.2004	0.0338	0.2569	0.1366	0.1203	0.0000	0.0000	0.0000	0.0000	0.0000	0.0000	0.0000	0.0000	0.0000	0.3906	0.5264	0.0936	0.0061	0.0023	0.0286	0.7410	1.2950	0.1119	
49	156	0.4904	5	1	1	0	0	0	0	0	0	N	N	N	N	N	N	N	N	N	N	N	N	1.6793	2.7425	0.0000	0.1595	0.1564	0.0000	1.3447	1.7987	0.0000	2.2565	2.5721	0.0000	0.0269	0.0285	0.0000	3.3412	3.9517	0.0000	1.3438	0.9379	2.1918	0.1687	0.1825	0.0851	2.4848	2.1970	2.7725	0.0000	1.1185	-0.4375	0.1375	5.9964	8.2479	34.6547	19.7214	0.9919	0.9919	0.0000	0.0039	0.0039	0.0000	0.9881	0.9881	0.0000	1.9762	0.9328	1.0433	0.1222	0.1134	0.0088	1.8540	0.8194	1.0346	0.4396	0.3856	0.0539	0.1439	0.1356	0.0083	0.2957	0.2500	0.0457	1.4706	0.9946	0.4760	0.7245	0.6216	0.1028	0.7461	0.3730	0.3732	1.6793	2.7425	0.0000	0.1595	0.1564	0.0000	1.3447	1.7987	0.0000	1.3438	0.9379	2.1918	0.1687	0.1825	0.0851	2.4848	2.1970	2.7725
49	157	0.4542	4	1	1	0	0	0	0	0	0	N	N	N	N	N	N	N	N	N	N	N	N	0.0883	0.4947	0.0304	0.8461	0.6405	6.9618	0.0331	0.6253	0.0053	0.0695	0.0700	0.0664	0.1296	0.1091	0.3935	0.0489	0.0552	0.0154	0.7868	0.1414	2.1865	0.1531	0.1704	0.0565	1.4785	0.0883	2.8974	0.1491	7.1298	-0.0071	0.4779	5.9964	7.4725	34.6547	14.3153	0.0230	0.0200	0.0030	0.0109	0.0085	0.0024	0.0121	0.0115	0.0006	1.1416	0.1404	1.0012	0.1160	0.1095	0.0065	1.0256	0.0309	0.9947	0.3305	0.2857	0.0449	0.0842	0.0781	0.0061	0.2463	0.2075	0.0388	1.4509	0.9931	0.4579	0.7572	0.6427	0.1146	0.6937	0.3504	0.3433	0.0883	0.4947	0.0304	0.8461	0.6405	6.9618	0.0331	0.6253	0.0053	0.7868	0.1414	2.1865	0.1531	0.1704	0.0565	1.4785	0.0883	2.8974
49	158	0.3887	3	1	1	0	0	0	0	0	0	N	N	N	N	N	N	N	N	N	N	N	N	0.1121	0.2224	0.2353	0.0657	0.0441	0.3455	0.0775	0.4673	0.2060	0.0679	0.0131	0.4261	0.0053	0.0033	0.0417	0.0840	0.0159	0.4600	0.6057	0.0588	1.8109	0.0811	0.0751	0.1206	1.0841	0.0340	2.2334	4.9866	13.9802	0.0131	0.5964	5.9964	11.6653	34.6547	19.4910	0.0334	0.0056	0.0278	0.0005	0.0003	0.0002	0.0328	0.0053	0.0276	1.2559	0.0838	1.1720	0.0802	0.0646	0.0156	1.1757	0.0193	1.1564	0.4919	0.4266	0.0653	0.1008	0.0955	0.0053	0.3911	0.3311	0.0600	2.0735	1.4263	0.6472	0.9890	0.8596	0.1294	1.0845	0.5667	0.5178	0.1121	0.2224	0.2353	0.0657	0.0441	0.3455	0.0775	0.4673	0.2060	0.6057	0.0588	1.8109	0.0811	0.0751	0.1206	1.0841	0.0340	2.2334
49	159	0.3415	2	1	1	0	0	0	0	0	0	N	N	N	N	N	N	N	N	N	N	N	N	4.3116	0.7722	17.4033	2.6258	2.2573	10.0358	4.5727	0.1647	16.8687	0.6332	0.0786	4.3046	0.3633	0.3041	1.6436	0.7075	0.0083	4.5133	0.1468	0.1017	0.2473	0.1384	0.1347	0.1638	0.1547	0.0501	0.2676	8.2773	1.0916	0.0985	0.0200	5.9964	7.3933	34.6547	20.5306	0.2183	0.0235	0.1947	0.0271	0.0216	0.0054	0.1912	0.0019	0.1893	0.3152	0.1507	0.1645	0.1430	0.1218	0.0212	0.1722	0.0289	0.1433	0.3447	0.2995	0.0452	0.0745	0.0712	0.0033	0.2703	0.2283	0.0419	2.1463	1.4813	0.6651	1.0333	0.9037	0.1295	1.1131	0.5775	0.5355	4.3116	0.7722	17.4033	2.6258	2.2573	10.0358	4.5727	0.1647	16.8687	0.1468	0.1017	0.2473	0.1384	0.1347	0.1638	0.1547	0.0501	0.2676
49	161	0.2098	7	2	2	0	0	0	0	0	0	Y	Y	N	N	N	N	N	N	N	N	N	N	0.0000	0.0000	0.0000	0.0000	0.0000	0.0000	0.0000	0.0000	0.0000	0.0000	0.0000	0.0000	0.0000	0.0109	0.0194	0.0000	0.0829	0.0943	0.0000	0.0000	0.0000	0.0000	0.0000	0.0000	-0.0007	5.9964	0.0002	34.6547	3.0099	0.0000	0.0000	0.0000	0.0000	0.0000	0.0000	0.0000	0.0000	0.0000	0.0016	0.0016	0.0000	0.0016	0.0016	0.0000	0.0000	0.0000	0.0000	0.0000	0.0000	0.0000	0.0000	0.0000	0.0000	0.0000	0.0000	0.0000	0.1447	0.0815	0.0632	0.0191	0.0168	0.0023	0.1256	0.0647	0.0609	0.0000	0.0000	0.0000	0.0000	0.0000	0.0000	0.0000	0.0000	0.0000	0.0109	0.0194	0.0000	0.0829	0.0943	0.0000	0.0000	0.0000	0.0000						
49	162	0.2022	6	2	2	0	0	0	0	0	0	Y	Y	N	N	N	N	N	N	N	N	N	N	0.0000	0.0000	0.0000	0.0000	0.0000	0.0000	0.0000	0.0000	0.0000	0.0000	0.0000	0.0000	0.0000	0.0000	0.0000	0.0112	0.0004	0.0246	0.0000	0.0000	0.0000	0.0127	0.0005	0.0256	51.6667	0.0000	0.0008	5.9964	0.9998	34.6547	2.0118	0.0000	0.0000	0.0000	0.0000	0.0000	0.0000	0.0000	0.0000	0.0000	0.0016	0.0000	0.0015	0.0000	0.0000	0.0000	0.0016	0.0000	0.0015	0.0378	0.0320	0.0058	0.0024	0.0022	0.0002	0.0354	0.0298	0.0056	0.1415	0.0786	0.0629	0.0172	0.0149	0.0023	0.1243	0.0637	0.0606	0.0000	0.0000	0.0000	0.0000	0.0000	0.0000	0.0000	0.0000	0.0000	0.0112	0.0004	0.0246	0.0000	0.0000	0.0000	0.0127	0.0005	0.0256				
49	163	0.2022	5	2	2	0	0	0	0	0	0	Y	Y	N	N	N	N	N	N	N	N	N	N	0.0000	0.0000	0.0000	0.0000	0.0000	0.0000	0.0000	0.0000	0.0000	0.0000	0.0000	0.0000	0.0000	0.0000	0.0000	0.0000	0.0000	0.0000	0.0000	0.0000	5.9964	0.0000	34.6547	0.0003	0.0000	0.0000	0.0000	0.0000	0.0000	0.0000	0.0000	0.0000	0.0000	0.0000	0.0000	0.0000	0.0000	0.0000	0.0000	0.0000	0.0000	0.0000	0.0000	0.0000	0.0000	0.0000	0.0000	0.0000	0.0000	0.0000	0.0000	0.0000	0.0000	0.0000	0.0000	0.0000	0.0000	0.0000	0.0000	0.0000	0.0000	0.0000	0.0000	0.0000	0.0000	0.0000	0.0000	0.0000	0.0000	0.0000	0.0000	0.0000	0.0000	0.0000	0.0000	0.0000	0.0000	0.0000											
49	164	0.1912	4	1	2	0	0	0	0	0	0	N	Y	N	N	N	N	N	N	N	N	N	N	52.1548	0.0000	236.9166	0.0000	0.0000	0.0000	122.6215	0.0000	233.2238	2.2160	0.0000	12.2643	0.0000	0.0000	0.0000	3.4656	0.0000	12.3905	0.0425	0.0357	0.0518	0.1000	0.1083	0.0230	0.0283	0.0029	0.0531	inf	1.0692	0.0009	0.0006	5.9964	0.0063	34.6547	4.3641	0.0016	0.0000	0.0016	0.0000	0.0000	0.0000	0.0016	0.0000	0.0016	0.0108	0.0052	0.0056	0.0050	0.0049	0.0001	0.0057	0.0003	0.0054	0.0007	0.0006	0.0001	0.0003	0.0003	0.0000	0.0005	0.0003	0.0001	0.2531	0.1457	0.1073	0.0502	0.0453	0.0049	0.2029	0.1004	0.1025	52.1548	0.0000	236.9166	0.0000	0.0000	0.0000	122.6215	0.0000	233.2238	0.0425	0.0357	0.0518	0.1000	0.1083	0.0230	0.0283	0.0029	0.0531
49	165	0.1593	3	1	1	0	0	0	0	0	0	N	N	N	N	N	N	N	N	N	N	N	N	4.2012	0.0004	11.1005	0.0245	0.0253	0.0000	4.0108	0.0000	10.9482	7.4435	0.0000	49.5245	0.0002	0.0002	0.0000	8.9386	0.0000	50.0899	1.7718	0.1180	4.4615	0.0089	0.0088	0.0128	2.2286	0.1687	4.5752	203117.0119	23.2489	0.5543	0.7127	5.9964	2.5207	34.6547	10.0226	0.9918	0.0000	0.9918	0.0000	0.0000	0.0000	0.9918	0.0000	0.9918	1.4242	0.0587	1.3655	0.0015	0.0014	0.0001	1.4228	0.0574	1.3654	0.1332	0.1132	0.0200	0.0223	0.0221	0.0002	0.1110	0.0912	0.0198	0.8039	0.4978	0.3061	0.1655	0.1578	0.0076	0.6384	0.3400	0.2984	4.2012	0.0004	11.1005	0.0245	0.0253	0.0000	4.0108	0.0000	10.9482	1.7718	0.1180	4.4615	0.0089	0.0088	0.0128	2.2286	0.1687	4.5752
49	166	0.1437	2	1	1	0	0	0	0	0	0	N	N	N	N	N	N	N	N	N	N	N	N	0.1105	0.0207	3.4644	0.1487	0.1445	0.0000	0.1636	0.0000	3.3881	0.0334	0.0092	0.1643	0.1020	0.1033	0.0000	0.0277	0.0000	0.1653	0.3020	0.4463	0.0474	0.6861	0.7145	0.0005	0.1691	0.2771	0.0488	3.2705	0.0603	0.0013	-0.0748	5.9964	2.6894	34.6547	4.6619	0.0039	0.0009	0.0030	0.0009	0.0009	0.0000	0.0030	0.0000	0.0030	0.1862	0.1756	0.0106	0.1088	0.1088	0.0000	0.0775	0.0669	0.0106	0.1157	0.0977	0.0180	0.0089	0.0088	0.0001	0.1069	0.0890	0.0179	0.6167	0.3935	0.2232	0.1585	0.1522	0.0063	0.4582	0.2413	0.2169	0.1105	0.0207	3.4644	0.1487	0.1445	0.0000	0.1636	0.0000	3.3881	0.3020	0.4463	0.0474	0.6861	0.7145	0.0005	0.1691	0.2771	0.0488
50	51	0.3479	3	0	1	1	0	0	0	0	0	N	N	N	N	N	N	N	N	N	N	N	N	2.2251	1.7844	0.0849	1.1037	0.9659	3.5667	1.9068	1.2644	0.0518	1.1655	1.3500	0.0037	0.3660	0.3772	0.0364	1.2782	1.5064	0.0027	0.5238	0.7565	0.0437	0.3316	0.3905	0.0102	0.6703	1.1914	0.0523	0.0004	0.0280	-0.4581	-0.6742	31.2093	4.1516	46.3939	14.5664	1.0396	1.0391	0.0005	0.0403	0.0402	0.0001	0.9992	0.9989	0.0003	1.5637	1.5211	0.0426	0.4283	0.4263	0.0020	1.1353	1.0948	0.0405	0.8920	0.7697	0.1223	0.1102	0.1066	0.0036	0.7817	0.6631	0.1186	2.9854	2.0106	0.9748	1.2917	1.0917	0.2000	1.6937	0.9189	0.7748	2.2251	1.7844	0.0849	1.1037	0.9659	3.5667	1.9068	1.2644	0.0518	0.5238	0.7565	0.0437	0.3316	0.3905	0.0102	0.6703	1.1914	0.0523
50	52	0.4284	5	1	0	2	0	0	0	0	0	N	N	Y	N	N	N	N	N	N	N	N	N	0.2233	31.9920	0.0001	0.4252	58.9393	0.0010	0.0166	2.4166	0.0001	0.6055	0.6760	0.0014	1.4927	1.5050	0.0292	0.0261	0.0312	0.0005	2.7115	0.0211	16.4675	3.5105	0.0255	28.6005	1.5744	0.0129	4.0300	0.0002	176.7707	-0.0005	0.2905	31.2093	0.0028	46.3939	0.9232	0.0011	0.0011	0.0000	0.0011	0.0011	0.0000	0.0000	0.0000	0.0000	0.5420	0.0030	0.5389	0.4121	0.0024	0.4097	0.1299	0.0007	0.1292	0.0019	0.0017	0.0002	0.0007	0.0007	0.0000	0.0011	0.0010	0.0002	0.1999	0.1443	0.0556	0.1174	0.0939	0.0235	0.0825	0.0504	0.0321	0.2233	31.9920	0.0001	0.4252	58.9393	0.0017	0.0166	2.4166	0.0001	2.7115	0.0211	9.6938	3.5105	0.0255	17.4127	1.5744	0.0129	4.0300
50	53	0.8077	9	0	1	1	0	0	0	0	0	N	N	N	N	N	N	N	N	N	N	N	N	1.3954	0.8385	17.6653	2.1479	1.9595	0.0445	3.6170	0.0006	27.1114	1.7897	1.4372	4.1908	4.3238	4.5988	0.0156	0.7553	0.0001	4.8474	1.2826	1.7140	0.2372	2.0131	2.3469	0.3503	0.2088	0.2361	0.1788	0.4281	0.0571	-0.4791	-1.6039	31.2093	8.5400	46.3939	19.3759	3.3900	2.3737	1.0163	2.3741	2.3736	0.0005	1.0159	0.0002	1.0158	3.9666	3.7523	0.2143	3.7051	3.5973	0.1078	0.2614	0.1549	0.1065	1.8942	1.6517	0.2425	0.5491	0.5161	0.0330	1.3451	1.1355	0.2095	3.0926	2.1892	0.9034	1.8406	1.5328	0.3078	1.2520	0.6564	0.5956	1.3954	0.8385	17.6653	2.1479	1.9595	0.0445	3.6170	0.0006	27.1114	1.2826	1.7140	0.2372	2.0131	2.3469	0.3503	0.2088	0.2361	0.1788
50	54	0.7447	8	0	0	1	0	0	0	0	0	N	N	N	N	N	N	N	N	N	N	N	N	0.4534	0.2807	1.2868	0.4489	0.7611	0.0064	0.4009	0.0935	1.9004	1.0721	0.4734	5.1152	0.8694	0.9369	0.0351	1.1650	0.2411	6.2491	2.3648	1.6866	3.9751	1.9369	1.2311	5.4836	2.9061	2.5790	3.2882	1.5999	0.9925	0.3324	0.3492	31.2093	7.3474	46.3939	24.2346	1.9075	0.7337	1.1738	0.4862	0.4848	0.0015	1.4213	0.2489	1.1724	8.7869	4.4101	4.3768	4.0200	2.1310	1.8890	4.7669	2.2791	2.4878	1.7793	1.5498	0.2295	0.5593	0.5174	0.0419	1.2200	1.0324	0.1876	3.7158	2.6147	1.1011	2.0755	1.7310	0.3445	1.6403	0.8837	0.7566	0.4534	0.2807	1.2868	0.4489	0.7611	0.0064	0.4009	0.0935	1.9004	2.3648	1.6866	3.9751	1.9369	1.2311	5.4836	2.9061	2.5790	3.2882
50	55	0.7149	7	0	0	1	0	0	0	0	0	N	N	N	N	N	N	N	N	N	N	N	N	0.6413	0.6080	0.5406	0.5249	0.4925	0.0163	0.8410	1.0423	0.5122	0.7820	0.8389	0.4501	0.7411	0.8070	0.0039	0.8063	0.8601	0.5682	1.2193	1.3796	0.8326	1.4120	1.6388	0.2388	0.9588	0.8252	1.1093	0.0919	0.2501	-0.2854	-1.0171	31.2093	3.4216	46.3939	15.9376	0.7994	0.7321	0.0673	0.2825	0.2824	0.0001	0.5169	0.4498	0.0671	3.9379	3.1500	0.7879	2.6216	2.5498	0.0718	1.3163	0.6002	0.7161	1.0222	0.8728	0.1495	0.3811	0.3499	0.0313	0.6411	0.5229	0.1182	3.2295	2.2832	0.9463	1.8567	1.5559	0.3008	1.3728	0.7273	0.6455	0.6413	0.6080	0.5406	0.5249	0.4925	0.0163	0.8410	1.0423	0.5122	1.2193	1.3796	0.8326	1.4120	1.6388	0.2388	0.9588	0.8252	1.1093
50	56	0.4316	3	0	1	1	0	0	0	0	0	N	N	N	N	N	N	N	N	N	N	N	N	0.0086	0.0042	0.0282	0.0861	0.1518	0.0003	0.0047	0.0005	0.0262	0.0156	0.0060	0.0731	0.0309	0.0322	0.0003	0.0132	0.0013	0.0759	1.8206	1.4416	2.5866	0.3590	0.2119	1.2030	2.8310	2.7755	2.8970	2.0268	0.8877	0.0007	0.0683	31.2093	0.9891	46.3939	20.6926	0.0032	0.0011	0.0022	0.0009	0.0009	0.0000	0.0024	0.0002	0.0022	5.7474	3.0447	2.7027	0.4632	0.2329	0.2303	5.2843	2.8118	2.4724	0.2070	0.1774	0.0297	0.0281	0.0270	0.0011	0.1789	0.1504	0.0286	3.1569	2.1120	1.0449	1.2903	1.0989	0.1914	1.8666	1.0131	0.8535	0.0086	0.0042	0.0282	0.0861	0.1518	0.0003	0.0047	0.0005	0.0262	1.8206	1.4416	2.5866	0.3590	0.2119	1.2030	2.8310	2.7755	2.8970
50	57	0.3111	2	0	0	1	0	0	0	0	0	N	N	N	N	N	N	N	N	N	N	N	N	1.1519	0.6104	5.4267	2.0603	2.0693	0.0000	1.3350	0.5698	6.1423	2.2879	1.4398	7.3862	6.8428	7.1534	0.0000	1.9272	0.9303	7.5550	1.9862	2.3587	1.3611	3.3213	3.4569	2.4669	1.4436	1.6326	1.2300	0.8533	0.3439	0.0418	-1.5529	31.2093	5.0326	46.3939	39.3193	2.1624	1.1668	0.9956	0.4746	0.4746	0.0000	1.6878	0.6922	0.9956	7.6687	5.7065	1.9622	3.7057	3.3287	0.3769	3.9631	2.3778	1.5853	0.9451	0.8103	0.1348	0.0694	0.0663	0.0030	0.8758	0.7440	0.1318	3.8610	2.4193	1.4417	1.1157	0.9629	0.1528	2.7453	1.4564	1.2889	1.1519	0.6104	5.4267	2.0603	2.0693	0.0000	1.3350	0.5698	6.1423	1.9862	2.3587	1.3611	3.3213	3.4569	2.4669	1.4436	1.6326	1.2300
50	58	0.3111	2	0	1	1	1	0	0	0	0	N	N	N	N	N	N	N	N	N	N	N	N	1.3489	1.8308	0.0000	0.4122	0.3957	0.0001	1.1982	1.5941	0.0000	1.0755	1.2544	0.0000	0.1677	0.1754	0.0000	1.1474	1.3507	0.0000	0.7973	0.6852	0.9855	0.4069	0.4432	0.1773	0.9576	0.8473	1.0815	0.0000	0.8577	-0.4459	0.0098	31.2093	5.0036	46.3939	36.7244	1.0108	1.0108	0.0000	0.0116	0.0116	0.0000	0.9992	0.9992	0.0000	2.9396	1.5824	1.3572	0.4366	0.4106	0.0259	2.5030	1.1718	1.3313	0.9398	0.8058	0.1340	0.0690	0.0660	0.0030	0.8708	0.7398	0.1310	3.6867	2.3095	1.3772	1.0728	0.9266	0.1463	2.6139	1.3830	1.2310	1.3489	1.8308	0.0000	0.4122	0.3957	0.0001	1.1982	1.5941	0.0000	0.7973	0.6852	0.9855	0.4069	0.4432	0.1773	0.9576	0.8473	1.0815
50	59	0.6952	7	0	1	1	1	0	0	0	0	N	N	N	N	N	N	N	N	N	N	N	N	0.8914	0.4610	4.8894	0.8401	0.8788	0.0019	3.3289	0.0018	13.8048	0.7555	0.4413	2.8231	1.1099	1.1843	0.0022	0.5688	0.0002	3.3786	0.8476	0.9573	0.5774	1.3213	1.3475	1.1947	0.1709	0.1090	0.2447	0.9723	0.2449	0.1050	-1.1022	31.2093	10.4254	46.3939	21.2017	2.0243	1.0264	0.9980	1.0262	1.0261	0.0001	0.9981	0.0003	0.9978	4.2129	3.3841	0.8289	3.8632	3.2627	0.6006	0.3497	0.1214	0.2283	2.6794	2.3259	0.3535	0.9246	0.8664	0.0582	1.7548	1.4595	0.2953	4.9705	3.5350	1.4355	2.9239	2.4212	0.5027	2.0466	1.1138	0.9328	0.8914	0.4610	4.8894	0.8401	0.8788	0.0019	3.3289	0.0018	13.8048	0.8476	0.9573	0.5774	1.3213	1.3475	1.1947	0.1709	0.1090	0.2447
50	60	0.4284	5	1	0	2	0	0	0	0	0	N	N	Y	N	N	N	N	N	N	N	N	N	1.3565	0.0008	4.0791	0.0020	0.0026	0.0000	1.2062	0.0004	3.6950	2.4933	0.0005	18.0371	0.0023	0.0025	0.0000	2.9408	0.0001	19.4963	1.8381	0.6382	4.4218	1.1436	0.9422	2.0523	2.4380	0.2581	5.2764	5863.6234	3.2177	0.5570	0.3204	31.2093	1.9981	46.3939	3.0867	0.9970	0.0002	0.9968	0.0001	0.0001	0.0000	0.9969	0.0000	0.9968	1.0522	0.2495	0.8027	0.3034	0.2046	0.0988	0.7488	0.0448	0.7039	0.3999	0.3446	0.0553	0.0609	0.0567	0.0041	0.3390	0.2879	0.0511	0.5724	0.3909	0.1815	0.2653	0.2172	0.0481	0.3071	0.1737	0.1334	1.3565	0.0008	4.0791	0.0020	0.0026	0.0000	1.2062	0.0004	3.6950	1.8381	0.6382	4.4218	1.1436	0.9422	2.0523	2.4380	0.2581	5.2764
50	61	0.3851	4	1	0	2	0	0	0	0	0	N	N	Y	N	N	N	N	N	N	N	N	N	0.5984	1.7278	0.0027	0.8612	7.6636	0.0020	0.4305	1.0193	0.0024	1.2613	1.4606	0.0124	0.0885	0.0948	0.0012	1.4778	1.7377	0.0133	2.1078	0.8453	4.6056	0.1028	0.0124	0.6065	3.4327	1.7048	5.4858	0.0013	2.7537	-0.4430	1.0338	31.2093	4.0039	46.3939	14.0733	1.0073	1.0060	0.0014	0.0110	0.0110	0.0000	0.9963	0.9950	0.0013	3.7563	1.0007	2.7556	0.0729	0.0074	0.0655	3.6834	0.9933	2.6901	0.7987	0.6887	0.1099	0.1245	0.1162	0.0083	0.6742	0.5726	0.1016	1.7821	1.1838	0.5983	0.7091	0.6011	0.1079	1.0730	0.5826	0.4904	0.5984	1.7278	0.0027	0.8612	7.6636	0.0020	0.4305	1.0193	0.0024	2.1078	0.8453	4.6056	0.1028	0.0124	0.6065	3.4327	1.7048	5.4858
50	62	0.4044	5	1	0	2	0	0	0	0	0	N	N	Y	N	N	N	N	N	N	N	N	N	0.7874	0.7086	0.0000	0.9669	0.8276	0.0000	0.0001	0.0001	0.0000	0.2116	0.2812	0.0000	0.4754	0.4810	0.0000	0.0000	0.0000	0.0000	0.2687	0.3968	0.0294	0.4917	0.5811	0.0464	0.1236	0.2096	0.0254	0.0000	0.0396	-0.0006	-0.1742	31.2093	0.0060	46.3939	17.2393	0.0014	0.0014	0.0000	0.0014	0.0014	0.0000	0.0000	0.0000	0.0000	0.4145	0.3987	0.0158	0.2990	0.2942	0.0047	0.1156	0.1045	0.0111	0.0068	0.0051	0.0017	0.0030	0.0030	0.0000	0.0038	0.0021	0.0017	1.5427	1.0049	0.5378	0.6080	0.5063	0.1017	0.9347	0.4986	0.4361	0.7874	0.7086	0.0000	0.9669	0.8276	0.0000	0.0001	0.0001	0.0000	0.2687	0.3968	0.0294	0.4917	0.5811	0.0464	0.1236	0.2096	0.0254
50	63	0.3479	3	0	0	2	0	0	0	0	0	N	N	Y	N	N	N	N	N	N	N	N	N	12.3009	12.9734	0.0671	0.0358	0.0288	0.5070	23.2644	34.3055	0.0518	3.2862	3.7467	0.0148	0.0130	0.0113	0.1026	4.2516	5.0253	0.0117	0.2671	0.2888	0.2205	0.3644	0.3941	0.2024	0.1828	0.1465	0.2258	0.0006	0.3540	-0.4399	-0.1348	31.2093	1.0230	46.3939	12.1924	0.9984	0.9979	0.0006	0.0009	0.0008	0.0001	0.9975	0.9971	0.0004	0.6843	0.5054	0.1789	0.4337	0.3964	0.0373	0.2506	0.1090	0.1416	0.3038	0.2663	0.0375	0.0692	0.0679	0.0013	0.2346	0.1984	0.0362	2.5616	1.7501	0.8115	1.1902	1.0059	0.1843	1.3713	0.7441	0.6272	12.3009	12.9734	0.0671	0.0358	0.0288	0.5070	23.2644	34.3055	0.0518	0.2671	0.2888	0.2205	0.3644	0.3941	0.2024	0.1828	0.1465	0.2258
50	64	0.3111	2	0	0	1	0	0	0	0	0	N	N	N	N	N	N	N	N	N	N	N	N	1.4134	0.0023	37.9526	2.8474	0.0011	288.4864	2.0364	0.0041	29.9879	2.0949	0.0050	14.6038	8.1829	0.0034	190.3845	1.6032	0.0051	10.5708	1.4821	2.1489	0.3848	2.8738	3.1734	0.6599	0.7873	1.2346	0.3525	490.8252	0.1088	0.5457	-0.9042	31.2093	2.4556	46.3939	12.4191	0.9800	0.0020	0.9780	0.2861	0.0001	0.2860	0.6939	0.0019	0.6921	2.5100	2.2637	0.2463	1.6208	1.5764	0.0444	0.8892	0.6873	0.2019	0.4678	0.4008	0.0670	0.0350	0.0335	0.0015	0.4329	0.3674	0.0655	1.6935	1.0534	0.6401	0.5640	0.4968	0.0672	1.1295	0.5567	0.5728	1.4134	0.0023	37.9526	2.8474	0.0011	288.4864	2.0364	0.0041	29.9879	1.4821	2.1489	0.3848	2.8738	3.1734	0.6599	0.7873	1.2346	0.3525
50	65	0.2544	2	0	1	1	0	0	0	0	0	N	N	N	N	N	N	N	N	N	N	N	N	1.0905	0.0416	2.1333	0.0629	0.0588	1.1862	1.2278	0.1592	2.1036	0.8542	0.0096	3.5129	0.0295	0.0282	0.1523	1.1281	0.0007	3.5480	0.7833	0.2318	1.6467	0.4691	0.4808	0.1284	0.9188	0.0042	1.6866	115.7414	4.5377	0.2655	0.6226	31.2093	1.7555	46.3939	11.9300	0.4824	0.0041	0.4783	0.0042	0.0039	0.0002	0.4783	0.0002	0.4781	1.7245	0.3114	1.4131	0.3113	0.3085	0.0028	1.4133	0.0030	1.4103	0.5648	0.4286	0.1362	0.1408	0.1394	0.0014	0.4240	0.2892	0.1348	2.2017	1.3436	0.8582	0.6636	0.6416	0.0220	1.5382	0.7020	0.8362	1.0905	0.0416	2.1333	0.0629	0.0588	1.1862	1.2278	0.1592	2.1036	0.7833	0.2318	1.6467	0.4691	0.4808	0.1284	0.9188	0.0042	1.6866
50	66	0.4125	6	1	1	2	0	0	0	0	0	N	N	Y	N	N	N	N	N	N	N	N	N	0.0000	0.0000	0.0000	0.0000	0.0000	0.0000	0.0000	0.0000	0.0000	0.0000	0.0000	0.0000	0.0000	0.0000	0.0000	0.0000	0.0000	0.0000	0.0000	0.0000	31.2093	0.0000	46.3939	0.0000	0.0000	0.0000	0.0000	0.0000	0.0000	0.0000	0.0000	0.0000	0.0000	0.0000	0.0000	0.0000	0.0000	0.0000	0.0000	0.0000	0.0000	0.0000	0.0000	0.0000	0.0000	0.0000	0.0000	0.0000	0.0000	0.0000	0.0000	0.0000	0.0000	0.0000	0.0000	0.0000	0.0000	0.0000	0.0000	0.0000	0.0000	0.0000	0.0000	0.0000	0.0000	0.0000	0.0000	0.0000	0.0000	0.0000	0.0000	0.0000	0.0000	0.0000	0.0000	0.0000	0.0000	0.0000											
50	67	0.9170	9	1	1	2	0	0	0	0	0	N	N	Y	N	N	N	N	N	N	N	N	N	1.7488	0.0000	inf	0.0004	0.0000	inf	3678.0865	0.0000	inf	6.2533	0.0000	50.7053	0.0042	0.0000	0.0602	8.7796	0.0000	60.4339	3.5758	5.4029	0.0000	9.9278	11.5288	0.0000	0.0024	0.0044	0.0000	inf	0.0000	0.5549	-0.4583	31.2093	1.0000	46.3939	3.0000	0.9928	0.0000	0.9928	0.0002	0.0000	0.0002	0.9926	0.0000	0.9926	0.9999	0.9999	0.0000	0.9996	0.9996	0.0000	0.0003	0.0003	0.0000	0.1588	0.1392	0.0196	0.0457	0.0425	0.0032	0.1131	0.0966	0.0164	0.2796	0.1977	0.0819	0.1539	0.1292	0.0247	0.1257	0.0685	0.0572	1.7488	0.0000	inf	0.0006	0.0000	inf	3678.0865	0.0000	inf	3.5758	5.0579	0.0000	6.4932	7.7350	0.0000	0.0024	0.0044	0.0000
50	68	0.4125	6	1	1	2	0	0	0	0	0	N	N	Y	N	N	N	N	N	N	N	N	N	0.0000	0.0000	0.0000	0.0000	0.0000	0.0000	0.0000	0.0000	0.0000	0.0000	0.0000	0.0000	0.0000	0.0000	0.0000	0.0000	0.0000	0.0000	0.0000	0.0000	31.2093	1.0000	46.3939	0.0000	0.0000	0.0000	0.0000	0.0000	0.0000	0.0000	0.0000	0.0000	0.0000	0.0000	0.0000	0.0000	0.0000	0.0000	0.0000	0.0000	0.0000	0.0000	0.2000	0.1723	0.0277	0.0301	0.0281	0.0020	0.1699	0.1442	0.0257	0.0922	0.0598	0.0324	0.0362	0.0303	0.0058	0.0560	0.0294	0.0266	0.0000	0.0000	0.0000	0.0000	0.0000	0.0000	0.0000	0.0000	0.0000	0.0000	0.0000	0.0000	0.0000	0.0000	0.0000	0.0000	0.0000	0.0000											
50	69	0.3961	5	1	1	2	0	0	0	0	0	N	N	Y	N	N	N	N	N	N	N	N	N	0.0060	0.0000	0.0343	0.1440	0.0000	0.2794	0.0002	0.0000	0.0012	0.0151	0.0000	0.1076	0.0782	0.0000	0.8190	0.0006	0.0000	0.0038	2.5344	2.2347	3.1332	0.5434	0.1343	2.9313	3.8186	4.3544	3.1751	681991.8367	0.7018	0.0019	-0.0835	31.2093	1.0155	46.3939	5.9708	0.0033	0.0000	0.0033	0.0032	0.0000	0.0032	0.0001	0.0000	0.0001	1.8167	1.0675	0.7492	0.1527	0.0322	0.1205	1.6639	1.0353	0.6287	0.2208	0.1898	0.0311	0.0414	0.0374	0.0040	0.1794	0.1523	0.0271	0.7168	0.4777	0.2391	0.2811	0.2399	0.0411	0.4357	0.2377	0.1980	0.0060	0.0000	0.0343	0.1440	0.0000	0.2794	0.0002	0.0000	0.0012	2.5344	2.2347	3.1332	0.5434	0.1343	2.9313	3.8186	4.3544	3.1751
50	70	0.3913	4	1	0	2	0	0	0	0	0	N	N	Y	N	N	N	N	N	N	N	N	N	0.2412	0.1422	0.8685	0.9368	0.5975	3.5397	0.0062	0.0001	0.0622	0.2422	0.1550	0.7194	0.4932	0.3194	1.4854	0.0088	0.0001	0.0544	1.0040	1.0898	0.8284	0.5265	0.5346	0.4196	1.4288	2.1255	0.8747	0.8482	0.3714	0.0001	-0.1178	31.2093	0.0406	46.3939	2.3361	0.0062	0.0033	0.0028	0.0061	0.0033	0.0027	0.0001	0.0000	0.0001	0.6282	0.4581	0.1701	0.1551	0.1463	0.0088	0.4731	0.3118	0.1613	0.0255	0.0216	0.0039	0.0123	0.0105	0.0018	0.0132	0.0111	0.0021	0.6257	0.4204	0.2054	0.2946	0.2737	0.0209	0.3312	0.1467	0.1845	0.2412	0.1422	0.8685	0.9368	0.5975	3.5397	0.0062	0.0001	0.0622	1.0040	1.0898	0.8284	0.5265	0.5346	0.4196	1.4288	2.1255	0.8747
50	71	0.9170	9	1	1	2	0	0	0	0	0	N	N	Y	N	N	N	N	N	N	N	N	N	0.0000	0.0000	0.0000	0.0000	0.0000	0.0000	0.0000	0.0000	0.0000	0.0000	0.0000	0.0000	0.0000	0.0000	0.0000	0.0000	0.0000	0.0000	0.0000	0.0000	31.2093	0.0000	46.3939	0.0000	0.0000	0.0000	0.0000	0.0000	0.0000	0.0000	0.0000	0.0000	0.0000	0.0000	0.0000	0.0000	0.0000	0.0000	0.0000	0.0000	0.0000	0.0000	0.0000	0.0000	0.0000	0.0000	0.0000	0.0000	0.0000	0.0000	0.0000	0.0000	0.0000	0.0000	0.0000	0.0000	0.0000	0.0000	0.0000	0.0000	0.0000	0.0000	0.0000	0.0000	0.0000	0.0000	0.0000	0.0000	0.0000	0.0000	0.0000	0.0000	0.0000	0.0000	0.0000	0.0000	0.0000	0.0000											
50	72	0.8989	8	1	1	2	0	0	0	0	0	N	N	Y	N	N	N	N	N	N	N	N	N	11.0059	0.3211	42.6630	31.4407	0.6161	208.7746	0.0405	0.4592	0.0000	0.0072	0.0001	0.0580	0.0237	0.0003	0.3736	0.0000	0.0000	0.0000	0.0007	0.0004	0.0014	0.0008	0.0005	0.0018	0.0005	0.0001	0.0011	64.2958	1.2954	0.0027	0.0000	31.2093	3.9057	46.3939	1.1104	0.0050	0.0001	0.0049	0.0050	0.0001	0.0049	0.0000	0.0000	0.0000	0.0003	0.0001	0.0002	0.0002	0.0001	0.0001	0.0001	0.0000	0.0001	0.6975	0.6122	0.0853	0.2121	0.1988	0.0132	0.4855	0.4134	0.0720	0.4648	0.3385	0.1263	0.2783	0.2322	0.0461	0.1865	0.1063	0.0802	11.0059	0.3211	42.6630	31.4407	0.6161	208.7746	0.0405	0.4592	0.0000	0.0007	0.0004	0.0014	0.0008	0.0005	0.0018	0.0005	0.0001	0.0011
50	73	0.6962	6	1	1	1	0	0	0	0	0	N	N	N	N	N	N	N	N	N	N	N	N	0.1939	0.1681	0.0006	0.7898	0.7946	0.0004	0.0039	0.0026	0.0007	0.3027	0.3462	0.0002	0.6454	0.7166	0.0001	0.0093	0.0109	0.0003	1.5612	2.0592	0.3870	0.8172	0.9018	0.3404	2.3942	4.1082	0.4040	0.0001	0.0797	-0.3034	-1.5051	31.2093	6.9070	46.3939	16.5673	0.6878	0.6878	0.0001	0.6765	0.6765	0.0000	0.0114	0.0113	0.0000	3.9140	3.6250	0.2890	1.0824	1.0145	0.0679	2.8316	2.6106	0.2211	2.2727	1.9864	0.2863	1.0481	0.9440	0.1041	1.2246	1.0424	0.1822	2.5071	1.7604	0.7467	1.3244	1.1250	0.1995	1.1827	0.6354	0.5473	0.1939	0.1681	0.0006	0.7898	0.7946	0.0004	0.0039	0.0026	0.0007	1.5612	2.0592	0.3870	0.8172	0.9018	0.3404	2.3942	4.1082	0.4040
50	74	0.7601	8	0	1	1	1	0	0	0	0	N	N	N	N	N	N	N	N	N	N	N	N	0.0112	0.0041	0.1488	0.0078	0.0069	0.0085	0.0382	0.0143	0.1291	0.0058	0.0027	0.0251	0.0061	0.0064	0.0007	0.0057	0.0013	0.0281	0.5147	0.6578	0.1686	0.7845	0.9387	0.0791	0.1489	0.0938	0.2174	1.4960	0.1060	0.0012	-0.4516	31.2093	6.4226	46.3939	19.3377	0.0074	0.0029	0.0044	0.0019	0.0019	0.0000	0.0055	0.0011	0.0044	1.2455	1.1261	0.1193	1.0925	1.0728	0.0198	0.1529	0.0534	0.0996	1.2716	1.0959	0.1758	0.3087	0.2897	0.0190	0.9629	0.8061	0.1567	2.4196	1.7119	0.7078	1.3926	1.1429	0.2497	1.0271	0.5690	0.4581	0.0112	0.0041	0.1488	0.0078	0.0069	0.0085	0.0382	0.0143	0.1291	0.5147	0.6578	0.1686	0.7845	0.9387	0.0791	0.1489	0.0938	0.2174
50	75	0.7149	7	0	0	1	1	0	0	0	0	N	N	N	N	N	N	N	N	N	N	N	N	0.7042	0.5443	1.7843	0.0581	0.0561	0.0374	0.6727	0.4408	1.7257	1.0051	0.8692	1.8208	0.0490	0.0518	0.0164	1.4865	1.3280	2.2357	1.4273	1.5969	1.0205	0.8429	0.9228	0.4377	2.2098	3.0126	1.2955	0.3490	0.2664	-0.2455	-1.2167	31.2093	5.1932	46.3939	17.4397	1.3461	0.9978	0.3483	0.0220	0.0214	0.0006	1.3241	0.9764	0.3477	4.9056	3.8737	1.0319	1.6584	1.5165	0.1419	3.2472	2.3572	0.8900	1.3392	1.1479	0.1913	0.4485	0.4127	0.0358	0.8908	0.7352	0.1555	3.4370	2.4258	1.0112	1.9676	1.6433	0.3242	1.4695	0.7825	0.6870	0.7042	0.5443	1.7843	0.0581	0.0561	0.0374	0.6727	0.4408	1.7257	1.4273	1.5969	1.0205	0.8429	0.9228	0.4377	2.2098	3.0126	1.2955
50	76	0.6779	6	0	0	1	0	0	0	0	0	N	N	N	N	N	N	N	N	N	N	N	N	0.9454	0.3440	2.5805	0.3317	0.3560	0.1865	0.7668	0.3224	2.0419	1.6777	0.3271	9.8858	0.3248	0.3290	0.2316	2.2781	0.3261	10.8763	1.7747	0.9508	3.8309	0.9795	0.9241	1.2415	2.9710	1.0114	5.3267	4.9734	1.6145	0.7508	1.1315	31.2093	4.4918	46.3939	17.5337	1.9179	0.3211	1.5968	0.1141	0.1107	0.0035	1.8038	0.2104	1.5933	7.1094	2.7192	4.3902	2.3570	1.8361	0.5209	4.7523	0.8831	3.8693	1.1432	0.9816	0.1615	0.3514	0.3363	0.0150	0.7918	0.6453	0.1465	4.0060	2.8600	1.1460	2.4065	1.9869	0.4196	1.5996	0.8732	0.7264	0.9454	0.3440	2.5805	0.3317	0.3560	0.1865	0.7668	0.3224	2.0419	1.7747	0.9508	3.8309	0.9795	0.9241	1.2415	2.9710	1.0114	5.3267
50	77	0.4070	5	0	0	1	1	0	0	0	0	N	N	N	N	N	N	N	N	N	N	N	N	0.0176	0.0000	0.1081	0.0006	0.0000	0.0344	0.0250	0.0000	0.1103	0.0368	0.0000	0.3372	0.0017	0.0000	0.1090	0.0454	0.0000	0.3435	2.0961	1.5603	3.1189	2.6850	2.6287	3.1699	1.8124	0.7078	3.1134	inf	1.0471	0.0021	0.1967	31.2093	0.3745	46.3939	14.7996	0.0037	0.0000	0.0037	0.0000	0.0000	0.0000	0.0036	0.0000	0.0036	3.7021	1.8085	1.8936	1.5416	1.3521	0.1894	2.1606	0.4564	1.7042	0.0997	0.0888	0.0109	0.0195	0.0192	0.0003	0.0802	0.0696	0.0106	1.7662	1.1591	0.6071	0.5741	0.5144	0.0598	1.1921	0.6447	0.5474	0.0176	0.0000	0.1081	0.0006	0.0000	0.0344	0.0250	0.0000	0.1103	2.0961	1.5603	3.1189	2.6850	2.6287	3.1699	1.8124	0.7078	3.1134
50	78	0.3847	4	0	0	1	1	0	0	0	0	N	N	N	N	N	N	N	N	N	N	N	N	1.4303	0.0002	6.5255	0.0354	0.0016	3.0586	1.1946	0.0001	6.1360	3.1345	0.0002	23.8107	0.0224	0.0011	0.8396	3.5027	0.0001	24.2908	2.1914	1.4386	3.6489	0.6348	0.6699	0.2745	2.9321	2.0562	3.9588	15169.6598	1.3101	0.5532	0.3766	31.2093	1.4595	46.3939	10.3922	0.9899	0.0001	0.9898	0.0007	0.0000	0.0007	0.9891	0.0000	0.9891	3.4625	1.4988	1.9637	0.3234	0.3110	0.0124	3.1391	1.1879	1.9512	0.3158	0.2742	0.0416	0.0334	0.0326	0.0009	0.2824	0.2417	0.0407	1.5800	1.0419	0.5382	0.5094	0.4641	0.0453	1.0706	0.5777	0.4929	1.4303	0.0002	6.5255	0.0354	0.0016	3.0586	1.1946	0.0001	6.1360	2.1914	1.4386	3.6489	0.6348	0.6699	0.2745	2.9321	2.0562	3.9588
50	79	0.3705	3	0	0	1	1	0	0	0	0	N	N	N	N	N	N	N	N	N	N	N	N	0.0500	0.0244	0.5362	0.9382	0.9650	0.0132	0.0178	0.0003	0.5604	0.0341	0.0229	0.1019	0.2634	0.2742	0.0032	0.0160	0.0005	0.1039	0.6831	0.9366	0.1900	0.2808	0.2842	0.2412	0.9017	1.5671	0.1855	0.7386	0.1043	-0.0002	-0.3075	31.2093	1.3861	46.3939	6.3168	0.0095	0.0054	0.0040	0.0053	0.0053	0.0000	0.0041	0.0001	0.0040	0.8451	0.7652	0.0798	0.1223	0.1141	0.0082	0.7228	0.6511	0.0716	0.2773	0.2378	0.0395	0.0203	0.0195	0.0008	0.2570	0.2184	0.0386	1.2372	0.8170	0.4202	0.4356	0.4015	0.0341	0.8016	0.4155	0.3861	0.0500	0.0244	0.5362	0.9382	0.9650	0.0132	0.0178	0.0003	0.5604	0.6831	0.9366	0.1900	0.2808	0.2842	0.2412	0.9017	1.5671	0.1855
50	80	0.3111	2	0	0	1	1	0	0	0	0	N	N	N	N	N	N	N	N	N	N	N	N	0.0359	0.0291	0.0512	0.3150	0.3032	0.0140	0.0055	0.0005	0.0528	0.0586	0.0612	0.0433	0.7009	0.7320	0.0131	0.0075	0.0010	0.0439	1.6313	2.1046	0.8443	2.2249	2.4147	0.9381	1.3627	1.8660	0.8331	0.1177	0.2413	-0.0149	-1.0362	31.2093	4.0043	46.3939	19.8631	0.0443	0.0397	0.0047	0.0391	0.0391	0.0000	0.0052	0.0006	0.0046	3.9250	3.1621	0.7629	1.6677	1.5773	0.0904	2.2573	1.5848	0.6725	0.7560	0.6481	0.1080	0.0558	0.0534	0.0024	0.7003	0.5947	0.1056	2.4061	1.5025	0.9036	0.7496	0.6532	0.0964	1.6565	0.8493	0.8072	0.0359	0.0291	0.0512	0.3150	0.3032	0.0140	0.0055	0.0005	0.0528	1.6313	2.1046	0.8443	2.2249	2.4147	0.9381	1.3627	1.8660	0.8331
50	81	0.8517	8	0	1	2	0	0	0	0	0	N	N	Y	N	N	N	N	N	N	N	N	N	11.8662	9.4014	25.8555	16.7330	15.2162	0.0000	17.5313	4.0358	59.0597	2.3070	2.6083	0.0533	5.4179	5.7775	0.0000	0.0110	0.0001	0.0687	0.1944	0.2774	0.0021	0.3238	0.3797	0.0042	0.0006	0.0000	0.0012	0.0027	0.0032	-0.4393	-0.0539	31.2093	2.0162	46.3939	4.5500	1.0021	0.9994	0.0027	0.9994	0.9994	0.0000	0.0027	0.0000	0.0027	0.1183	0.1180	0.0004	0.1182	0.1180	0.0002	0.0002	0.0000	0.0002	0.4344	0.3832	0.0512	0.1845	0.1730	0.0115	0.2499	0.2102	0.0397	0.6087	0.4252	0.1835	0.3650	0.3107	0.0543	0.2437	0.1145	0.1292	11.8662	9.4014	25.8555	16.7330	15.2162	0.0000	17.5313	4.0358	59.0597	0.1944	0.2774	0.0021	0.3238	0.3797	0.0042	0.0006	0.0000	0.0012
50	82	0.4191	6	0	1	2	0	0	0	0	0	N	N	Y	N	N	N	N	N	N	N	N	N	0.9542	0.7474	0.9638	0.5407	0.4971	0.6417	0.6462	0.4134	0.8759	1.6709	1.9363	0.0030	0.0031	0.0032	0.0007	2.0030	2.3602	0.0032	1.7511	2.5907	0.0032	0.0057	0.0065	0.0010	3.0999	5.7093	0.0037	0.0002	0.0006	-0.4403	-0.5746	31.2093	3.0011	46.3939	3.7015	0.9988	0.9985	0.0002	0.0003	0.0003	0.0000	0.9985	0.9982	0.0002	1.2551	1.2544	0.0007	0.0018	0.0017	0.0000	1.2533	1.2527	0.0007	0.5977	0.5157	0.0820	0.0993	0.0928	0.0065	0.4985	0.4229	0.0755	0.7168	0.4842	0.2326	0.3124	0.2648	0.0476	0.4043	0.2194	0.1849	0.9542	0.7474	0.9638	0.5407	0.4971	0.6417	0.6462	0.4134	0.8759	1.7511	2.5907	0.0032	0.0057	0.0065	0.0010	3.0999	5.7093	0.0037
50	83	0.4076	5	0	1	1	0	0	0	0	0	N	N	N	N	N	N	N	N	N	N	N	N	3.4589	2.8130	0.0887	0.0272	0.0259	0.0005	2.7465	1.7828	0.0846	4.9611	5.7500	0.0053	0.0139	0.0149	0.0000	5.9133	6.9655	0.0057	1.4343	2.0441	0.0595	0.5125	0.5770	0.0186	2.1530	3.9071	0.0675	0.0001	0.0129	-0.8810	-0.5575	31.2093	2.0032	46.3939	4.2039	1.9980	1.9977	0.0003	0.0009	0.0009	0.0000	1.9971	1.9968	0.0003	1.2510	1.2350	0.0159	0.1958	0.1950	0.0008	1.0551	1.0400	0.0151	0.4027	0.3474	0.0553	0.0650	0.0608	0.0043	0.3377	0.2867	0.0511	0.8722	0.6042	0.2680	0.3821	0.3380	0.0441	0.4901	0.2662	0.2239	3.4589	2.8130	0.0887	0.0272	0.0259	0.0005	2.7465	1.7828	0.0846	1.4343	2.0441	0.0595	0.5125	0.5770	0.0186	2.1530	3.9071	0.0675
50	84	0.4044	5	1	0	2	0	0	0	0	0	N	N	Y	N	N	N	N	N	N	N	N	N	2.9571	88.5802	0.0000	2.3321	3.3691	0.0000	2.1233	55.9304	0.0000	4.8285	5.6228	0.0000	0.0293	0.0314	0.0000	5.8324	6.9220	0.0000	1.6329	0.0635	4.5923	0.0126	0.0093	0.0304	2.7469	0.1238	5.6109	0.0000	38.3646	-0.4413	0.5063	31.2093	1.0052	46.3939	4.9545	1.0005	1.0005	0.0000	0.0011	0.0011	0.0000	0.9995	0.9995	0.0000	0.9808	0.0249	0.9558	0.0031	0.0019	0.0012	0.9777	0.0230	0.9547	0.2072	0.1779	0.0293	0.0358	0.0335	0.0023	0.1714	0.1444	0.0270	0.6006	0.3925	0.2081	0.2447	0.2067	0.0380	0.3559	0.1858	0.1702	2.9571	88.5802	0.0000	2.3321	3.3691	0.0000	2.1233	55.9304	0.0000	1.6329	0.0635	4.5923	0.0126	0.0093	0.0304	2.7469	0.1238	5.6109
50	85	0.3851	4	1	0	2	0	0	0	0	0	N	N	Y	N	N	N	N	N	N	N	N	N	0.4535	0.3671	0.0000	300.5359	747.2624	0.0000	0.0007	0.0004	0.0000	0.9289	1.0780	0.0000	5.7930	6.2292	0.0000	0.0023	0.0027	0.0000	2.0484	2.9362	0.2044	0.0193	0.0083	0.0906	3.4719	6.2324	0.2275	0.0000	0.0335	-0.0830	-0.8644	31.2093	0.9968	46.3939	7.6169	0.1881	0.1881	0.0000	0.1878	0.1878	0.0000	0.0004	0.0004	0.0000	2.0294	1.9636	0.0658	0.0079	0.0030	0.0049	2.0215	1.9606	0.0609	0.2025	0.1745	0.0280	0.0324	0.0301	0.0023	0.1701	0.1444	0.0257	0.9907	0.6687	0.3220	0.4085	0.3541	0.0543	0.5822	0.3146	0.2677	0.4535	0.3671	0.0000	300.5359	747.2624	0.0000	0.0007	0.0004	0.0000	2.0484	2.9362	0.2044	0.0193	0.0083	0.0906	3.4719	6.2324	0.2275
50	86	0.4050	3	1	1	1	0	0	0	0	0	N	N	N	N	N	N	N	N	N	N	N	N	0.0026	0.0006	304.4090	0.0395	0.0009	868.8574	0.0010	0.0003	220.7765	0.0013	0.0004	0.0069	0.0026	0.0001	0.0464	0.0009	0.0005	0.0031	0.5110	0.7007	0.0000	0.0663	0.0759	0.0001	0.9239	1.5540	0.0000	2.6204	0.0000	0.0005	-0.4694	31.2093	5.8060	46.3939	6.1034	0.0018	0.0005	0.0013	0.0008	0.0000	0.0008	0.0010	0.0005	0.0005	1.0242	1.0242	0.0000	0.0640	0.0640	0.0000	0.9602	0.9602	0.0000	1.3457	1.1613	0.1844	0.2969	0.2805	0.0164	1.0488	0.8808	0.1680	2.0041	1.4617	0.5424	0.9649	0.8438	0.1211	1.0392	0.6179	0.4214	0.0026	0.0006	304.4090	0.0395	0.0009	868.8574	0.0010	0.0003	220.7765	0.5110	0.7007	0.0000	0.0663	0.0759	0.0001	0.9239	1.5540	0.0000
50	87	0.3111	2	1	1	1	0	0	0	0	0	N	N	N	N	N	N	N	N	N	N	N	N	0.6978	0.2719	4.6833	0.0143	0.0100	1.0000	0.6214	0.2154	4.3048	0.7597	0.3628	3.1709	0.0079	0.0063	0.0418	0.8178	0.3939	3.2413	1.0886	1.3346	0.6771	0.5527	0.6317	0.0418	1.3161	1.8281	0.7529	1.4381	0.3033	0.2519	-0.7745	31.2093	12.2869	46.3939	21.7146	1.6934	0.6946	0.9989	0.0013	0.0010	0.0003	1.6922	0.6936	0.9986	3.4329	2.6339	0.7990	0.5195	0.5142	0.0053	2.9134	2.1197	0.7937	2.2292	1.9142	0.3150	0.1601	0.1532	0.0069	2.0691	1.7610	0.3081	3.1536	1.9735	1.1800	0.9399	0.8140	0.1259	2.2136	1.1595	1.0541	0.6978	0.2719	4.6833	0.0143	0.0100	1.0000	0.6214	0.2154	4.3048	1.0886	1.3346	0.6771	0.5527	0.6317	0.0418	1.3161	1.8281	0.7529
50	88	0.4076	5	0	1	1	0	0	0	0	0	N	N	N	N	N	N	N	N	N	N	N	N	4.3107	3.7868	0.0002	0.0545	0.0521	0.0001	4.7030	3.5414	0.0002	1.2520	1.4510	0.0000	0.0138	0.0148	0.0000	1.4887	1.7531	0.0000	0.2904	0.3832	0.0964	0.2541	0.2845	0.0662	0.3165	0.4950	0.1031	0.0000	0.1203	-0.4394	-0.1473	31.2093	4.0005	46.3939	9.0093	0.9961	0.9961	0.0000	0.0018	0.0018	0.0000	0.9944	0.9944	0.0000	0.4198	0.3747	0.0451	0.1534	0.1478	0.0056	0.2664	0.2269	0.0395	0.7956	0.6865	0.1091	0.1277	0.1193	0.0084	0.6679	0.5672	0.1007	1.4454	0.9779	0.4674	0.6038	0.5197	0.0842	0.8415	0.4583	0.3832	4.3107	3.7868	0.0002	0.0545	0.0521	0.0001	4.7030	3.5414	0.0002	0.2904	0.3832	0.0964	0.2541	0.2845	0.0662	0.3165	0.4950	0.1031
50	89	0.3851	4	0	1	1	0	0	0	0	0	N	N	N	N	N	N	N	N	N	N	N	N	0.0086	0.0114	0.0008	0.0016	0.0024	0.0000	0.0061	0.0066	0.0008	0.0113	0.0129	0.0014	0.0001	0.0001	0.0000	0.0134	0.0156	0.0015	1.3152	1.1320	1.6906	0.0379	0.0275	0.1028	2.1975	2.3471	2.0212	0.0176	0.7289	-0.0010	-0.0548	31.2093	1.0051	46.3939	9.2650	0.0023	0.0023	0.0000	0.0000	0.0000	0.0000	0.0023	0.0023	0.0000	1.4906	0.8622	0.6285	0.0176	0.0110	0.0066	1.4730	0.8512	0.6219	0.2042	0.1760	0.0282	0.0327	0.0304	0.0023	0.1715	0.1456	0.0260	1.1334	0.7616	0.3717	0.4630	0.3990	0.0641	0.6703	0.3627	0.3077	0.0086	0.0114	0.0008	0.0016	0.0024	0.0000	0.0061	0.0066	0.0008	1.3152	1.1320	1.6906	0.0379	0.0275	0.1028	2.1975	2.3471	2.0212
50	90	0.2544	2	0	0	2	0	0	0	0	0	N	N	Y	N	N	N	N	N	N	N	N	N	0.2933	0.2780	0.0000	1.2691	1.2525	0.0001	0.0003	0.0003	0.0000	0.3238	0.4173	0.0000	1.4647	1.4830	0.0000	0.0004	0.0005	0.0000	1.1041	1.5012	0.4794	1.1541	1.1840	0.0857	1.0792	1.8574	0.4888	0.0000	0.2029	-0.0970	-0.5887	31.2093	2.3559	46.3939	7.1930	0.2199	0.2199	0.0000	0.2197	0.2197	0.0000	0.0002	0.0002	0.0000	2.0324	1.6896	0.3429	0.7065	0.7050	0.0014	1.3260	0.9845	0.3414	0.6791	0.5270	0.1521	0.1500	0.1482	0.0018	0.5291	0.3788	0.1503	1.8408	1.1255	0.7153	0.6121	0.5954	0.0167	1.2287	0.5301	0.6986	0.2933	0.2780	0.0000	1.2691	1.2525	0.0001	0.0003	0.0003	0.0000	1.1041	1.5012	0.4794	1.1541	1.1840	0.0857	1.0792	1.8574	0.4888
50	93	0.8517	8	1	1	1	0	0	0	0	0	N	N	N	N	N	N	N	N	N	N	N	N	126.5725	108.6938	3.1888	92.0106	88.7991	0.2366	2194.1477	2658.7292	19.5797	3.8635	4.3780	0.0246	4.5966	4.9144	0.0050	3.3335	3.9479	0.0304	0.0305	0.0403	0.0077	0.0500	0.0553	0.0211	0.0015	0.0015	0.0016	0.0008	0.0817	-0.8792	-0.0094	31.2093	2.5103	46.3939	7.4742	1.9966	1.9951	0.0015	0.9968	0.9967	0.0001	0.9999	0.9984	0.0014	0.0247	0.0228	0.0019	0.0242	0.0226	0.0016	0.0005	0.0002	0.0003	0.5168	0.4557	0.0611	0.2169	0.2028	0.0140	0.2999	0.2529	0.0470	0.8082	0.5662	0.2420	0.4840	0.4078	0.0761	0.3242	0.1584	0.1659	126.5725	108.6938	3.1888	92.0106	88.7991	0.2366	2194.1477	2658.7292	19.5797	0.0305	0.0403	0.0077	0.0500	0.0553	0.0211	0.0015	0.0015	0.0016
50	94	0.8154	7	0	1	1	0	0	0	0	0	N	N	N	N	N	N	N	N	N	N	N	N	0.2474	0.2278	0.1766	0.1318	0.1186	0.0315	0.7277	11.1563	0.1559	0.0099	0.0106	0.0041	0.0079	0.0083	0.0001	0.0111	0.0122	0.0051	0.0399	0.0465	0.0235	0.0597	0.0701	0.0017	0.0153	0.0011	0.0325	0.0491	0.2020	-0.0063	-0.0107	31.2093	7.1305	46.3939	3.2426	0.0161	0.0153	0.0008	0.0050	0.0050	0.0000	0.0111	0.0104	0.0008	0.0368	0.0306	0.0062	0.0305	0.0304	0.0001	0.0063	0.0002	0.0060	1.6317	1.4499	0.1818	0.6323	0.5987	0.0336	0.9994	0.8511	0.1483	0.9224	0.6588	0.2637	0.5108	0.4332	0.0776	0.4117	0.2256	0.1861	0.2474	0.2278	0.1766	0.1318	0.1186	0.0315	0.7277	11.1563	0.1559	0.0399	0.0465	0.0235	0.0597	0.0701	0.0017	0.0153	0.0011	0.0325
50	95	0.3851	4	1	1	1	0	0	0	0	0	N	N	N	N	N	N	N	N	N	N	N	N	0.1080	0.1424	0.0000	4.2951	3.9469	0.0000	0.0000	0.0000	0.0000	0.1527	0.1769	0.0000	0.9898	1.0596	0.0000	0.0000	0.0000	0.0000	1.4141	1.2429	1.7454	0.2304	0.2685	0.0319	2.1675	2.1986	2.1302	0.0000	0.7259	-0.1054	-0.1465	31.2093	8.0000	46.3939	22.5660	0.2389	0.2389	0.0000	0.2389	0.2389	0.0000	0.0000	0.0000	0.0000	3.8798	2.2479	1.6318	0.2459	0.2404	0.0055	3.6339	2.0075	1.6263	1.5648	1.3505	0.2144	0.2414	0.2255	0.0159	1.3234	1.1250	0.1985	2.7436	1.8087	0.9349	1.0671	0.8956	0.1715	1.6765	0.9131	0.7635	0.1080	0.1424	0.0000	4.2951	3.9469	0.0000	0.0000	0.0000	0.0000	1.4141	1.2429	1.7454	0.2304	0.2685	0.0319	2.1675	2.1986	2.1302
50	96	0.3111	2	0	0	1	0	0	0	0	0	N	N	N	N	N	N	N	N	N	N	N	N	2.6092	6.7719	3.3312	3.5362	3.4048	0.4109	2.2532	1099603.5584	3.0816	2.2809	1.5916	6.4676	1.8348	1.9134	0.0974	2.3154	1.5636	6.6109	0.8742	0.2350	1.9415	0.5189	0.5620	0.2370	1.0276	0.0000	2.1453	0.6690	4.9466	-0.2002	0.9553	31.2093	11.9964	46.3939	18.8414	4.9710	2.9784	1.9925	0.2874	0.2867	0.0007	4.6836	2.6917	1.9919	2.5580	0.4302	2.1279	0.4579	0.4302	0.0277	2.1001	0.0000	2.1001	2.1794	1.8713	0.3081	0.1566	0.1498	0.0068	2.0228	1.7215	0.3013	2.9263	1.8303	1.0960	0.8825	0.7655	0.1170	2.0437	1.0648	0.9789	2.6092	6.7719	3.3312	3.5362	3.4048	0.4109	2.2532	1099603.5584	3.0816	0.8742	0.2350	1.9415	0.5189	0.5620	0.2370	1.0276	0.0000	2.1453
50	98	0.4156	6	1	1	2	0	0	0	0	0	N	N	Y	N	N	N	N	N	N	N	N	N	1.6321	0.0010	33.3285	3.4010	0.0000	5857.9070	0.0235	0.0029	0.1698	0.7423	0.0006	5.2025	2.5532	0.0000	20.4308	0.0057	0.0008	0.0333	0.4548	0.6041	0.1561	0.7507	0.8983	0.0035	0.2417	0.2797	0.1960	1503.9843	0.1291	0.1001	-0.2460	31.2093	0.9502	46.3939	16.1595	0.1793	0.0001	0.1792	0.1783	0.0000	0.1783	0.0010	0.0001	0.0009	0.7152	0.6334	0.0818	0.4943	0.4939	0.0004	0.2209	0.1395	0.0814	0.2415	0.2071	0.0344	0.0698	0.0611	0.0087	0.1717	0.1460	0.0257	1.5724	1.0484	0.5240	0.6585	0.5499	0.1086	0.9140	0.4985	0.4154	1.6321	0.0010	33.3285	3.4010	0.0000	5857.9070	0.0235	0.0029	0.1698	0.4548	0.6041	0.1561	0.7507	0.8983	0.0035	0.2417	0.2797	0.1960
50	99	0.3111	2	0	1	1	0	0	0	0	0	N	N	N	N	N	N	N	N	N	N	N	N	4.8607	6.9910	10.0819	0.2550	0.1878	1.0204	3.7554	4.9116	9.3411	2.1512	0.9040	9.7270	0.0119	0.0063	0.1343	2.3168	0.9821	9.9428	0.4426	0.1293	0.9648	0.0465	0.0337	0.1316	0.6169	0.2000	1.0644	1.7714	4.4757	0.9286	0.4276	31.2093	11.9964	46.3939	15.6499	4.6884	1.6917	2.9967	0.0019	0.0009	0.0009	4.6865	1.6907	2.9958	1.1912	0.2175	0.9736	0.0383	0.0241	0.0142	1.1529	0.1934	0.9594	2.1794	1.8713	0.3081	0.1566	0.1498	0.0068	2.0228	1.7215	0.3013	2.6915	1.6823	1.0091	0.8228	0.7150	0.1078	1.8687	0.9673	0.9014	4.8607	6.9910	10.0819	0.2550	0.1878	1.0204	3.7554	4.9116	9.3411	0.4426	0.1293	0.9648	0.0465	0.0337	0.1316	0.6169	0.2000	1.0644
50	100	0.4185	7	1	0	2	0	0	0	0	0	N	N	Y	N	N	N	N	N	N	N	N	N	3.5390	6.6882	0.0000	19.3197	17.5287	0.0000	0.0005	0.0071	0.0000	4.8494	5.6188	0.0000	23.9041	26.0437	0.0000	0.0007	0.0008	0.0000	1.3703	0.8401	2.4084	1.2373	1.4858	0.0142	1.4670	0.1155	3.0462	0.0000	1.4641	-0.4379	0.2547	31.2093	1.0008	46.3939	13.9255	0.9928	0.9928	0.0000	0.9927	0.9927	0.0000	0.0001	0.0001	0.0000	1.8758	0.7613	1.1145	0.7133	0.7120	0.0014	1.1624	0.0493	1.1131	0.2047	0.1767	0.0280	0.0415	0.0381	0.0034	0.1632	0.1386	0.0246	1.3689	0.9062	0.4628	0.5765	0.4792	0.0974	0.7924	0.4270	0.3654	3.5390	6.6882	0.0000	19.3197	17.5287	0.0000	0.0005	0.0071	0.0000	1.3703	0.8401	2.4084	1.2373	1.4858	0.0142	1.4670	0.1155	3.0462
50	101	0.4156	6	1	0	2	0	0	0	0	0	N	N	Y	N	N	N	N	N	N	N	N	N	2.2294	3.4920	0.1348	3.8080	4.0332	1.0506	0.0686	3.0678	0.0013	0.1692	0.1985	0.0163	0.2944	0.3511	0.0264	0.0051	0.0059	0.0002	0.0759	0.0568	0.1209	0.0773	0.0870	0.0251	0.0742	0.0019	0.1589	0.0157	0.9003	-0.0043	0.0004	31.2093	0.0532	46.3939	2.0467	0.0101	0.0099	0.0002	0.0099	0.0098	0.0002	0.0001	0.0001	0.0000	0.0278	0.0147	0.0132	0.0153	0.0145	0.0008	0.0126	0.0002	0.0124	0.0595	0.0499	0.0096	0.0337	0.0278	0.0059	0.0257	0.0221	0.0037	0.3669	0.2578	0.1091	0.1973	0.1663	0.0310	0.1696	0.0915	0.0781	2.2294	3.4920	0.1348	3.8080	4.0332	1.0506	0.0686	3.0678	0.0013	0.0759	0.0568	0.1209	0.0773	0.0870	0.0251	0.0742	0.0019	0.1589
50	102	0.4059	5	1	0	2	0	0	0	0	0	N	N	Y	N	N	N	N	N	N	N	N	N	0.3949	1.1532	0.4901	1.8506	2.5728	2.1486	0.0084	1.7654	0.0032	0.0398	0.0238	0.1383	0.1601	0.0910	0.7344	0.0010	0.0010	0.0008	0.1007	0.0206	0.2821	0.0865	0.0354	0.3418	0.1138	0.0006	0.2610	0.9450	6.0438	0.0008	0.0257	31.2093	2.0948	46.3939	3.0326	0.0188	0.0097	0.0091	0.0184	0.0094	0.0091	0.0003	0.0003	0.0000	0.0642	0.0091	0.0551	0.0264	0.0090	0.0174	0.0378	0.0001	0.0376	0.4723	0.4063	0.0660	0.1152	0.1028	0.0124	0.3571	0.3035	0.0536	0.6375	0.4422	0.1953	0.3057	0.2547	0.0510	0.3318	0.1875	0.1443	0.3949	1.1532	0.4901	1.8506	2.5728	2.1486	0.0084	1.7654	0.0032	0.1007	0.0206	0.2821	0.0865	0.0354	0.3418	0.1138	0.0006	0.2610
50	103	0.3851	4	1	0	2	0	0	0	0	0	N	N	Y	N	N	N	N	N	N	N	N	N	38.4084	926.3614	0.0000	52.4578	639.8371	0.0000	32.1993	1456.4287	0.0000	1.4872	1.7246	0.0000	1.4603	1.5646	0.0000	1.4922	1.7570	0.0000	0.0387	0.0019	0.1151	0.0278	0.0024	0.1925	0.0463	0.0012	0.0994	0.0000	29.8295	-0.5168	0.0198	31.2093	3.9484	46.3939	4.8420	1.1716	1.1716	0.0000	0.1793	0.1793	0.0000	0.9923	0.9923	0.0000	0.0390	0.0013	0.0377	0.0115	0.0009	0.0107	0.0274	0.0004	0.0270	0.7878	0.6794	0.1084	0.1228	0.1146	0.0082	0.6650	0.5648	0.1002	1.0060	0.6787	0.3273	0.4143	0.3590	0.0554	0.5917	0.3197	0.2720	38.4084	926.3614	0.0000	52.4578	639.8371	0.0000	32.1993	1456.4287	0.0000	0.0387	0.0019	0.1151	0.0278	0.0024	0.1925	0.0463	0.0012	0.0994
50	104	0.3434	3	0	1	1	0	0	0	0	0	N	N	N	N	N	N	N	N	N	N	N	N	0.0082	0.0100	0.0082	0.0835	0.0706	0.7120	0.0009	0.0000	0.0047	0.0129	0.0121	0.0187	0.0591	0.0570	0.1038	0.0019	0.0000	0.0124	1.5844	1.2072	2.2805	0.7077	0.8065	0.1458	2.0142	1.5111	2.6282	0.2294	1.0238	-0.0065	0.2851	31.2093	8.9557	46.3939	32.3127	0.0255	0.0208	0.0048	0.0226	0.0208	0.0018	0.0030	0.0000	0.0030	6.0000	2.9646	3.0353	0.8816	0.8544	0.0272	5.1184	2.1102	3.0082	1.9761	1.7209	0.2552	0.3819	0.3644	0.0174	1.5942	1.3565	0.2377	3.7869	2.4559	1.3310	1.2458	1.0594	0.1864	2.5411	1.3965	1.1446	0.0082	0.0100	0.0082	0.0835	0.0706	0.7120	0.0009	0.0000	0.0047	1.5844	1.2072	2.2805	0.7077	0.8065	0.1458	2.0142	1.5111	2.6282
50	105	0.3689	4	0	0	2	0	0	0	0	0	N	N	Y	N	N	N	N	N	N	N	N	N	0.9819	2.2539	0.0000	279.2262	286.9825	0.0000	0.3369	0.6629	0.0000	2.3585	2.7507	0.0000	6.9381	7.2498	0.0000	1.2890	1.5453	0.0000	2.4020	1.2204	4.7077	0.0248	0.0253	0.0225	3.8256	2.3312	5.6367	0.0000	1.9768	-0.9947	0.6170	31.2093	4.2679	46.3939	7.8415	2.2550	2.2550	0.0000	1.2559	1.2559	0.0000	0.9991	0.9991	0.0000	2.9995	1.0076	1.9919	0.0116	0.0100	0.0016	2.9879	0.9976	1.9903	0.9561	0.8198	0.1363	0.1810	0.1732	0.0078	0.7751	0.6465	0.1286	1.2488	0.8256	0.4231	0.4677	0.3977	0.0700	0.7810	0.4279	0.3531	0.9819	2.2539	0.0000	279.2262	286.9825	0.0000	0.3369	0.6629	0.0000	2.4020	1.2204	4.7077	0.0248	0.0253	0.0225	3.8256	2.3312	5.6367
50	106	0.3434	3	0	0	1	0	0	0	0	0	N	N	N	N	N	N	N	N	N	N	N	N	2.6975	0.0191	63.7578	0.6060	0.6694	1.1796	2.5299	0.0002	68.1735	2.0045	0.0187	17.8603	0.0596	0.0522	0.2626	2.9412	0.0004	19.8690	0.7431	0.9786	0.2801	0.0984	0.0780	0.2226	1.1626	1.9197	0.2914	119.7977	0.1456	0.6940	-0.3594	31.2093	1.9301	46.3939	9.0954	1.2605	0.0104	1.2500	0.0122	0.0103	0.0019	1.2483	0.0001	1.2481	1.0850	0.9471	0.1379	0.0566	0.0386	0.0180	1.0283	0.9085	0.1199	0.6288	0.5588	0.0700	0.2044	0.1972	0.0072	0.4244	0.3616	0.0628	1.4601	0.9678	0.4923	0.5756	0.4946	0.0810	0.8845	0.4732	0.4113	2.6975	0.0191	63.7578	0.6060	0.6694	1.1796	2.5299	0.0002	68.1735	0.7431	0.9786	0.2801	0.0984	0.0780	0.2226	1.1626	1.9197	0.2914
50	107	0.3111	2	0	0	1	0	0	0	0	0	N	N	N	N	N	N	N	N	N	N	N	N	1.1280	0.0163	3.3268	0.0097	0.0244	0.0172	1.1135	0.0148	4.0976	1.3797	0.0033	9.6389	0.0097	0.0046	0.1226	1.4889	0.0032	9.8569	1.2231	0.2034	2.8974	0.9998	0.1895	7.1120	1.3371	0.2161	2.4055	483.6528	8.6784	0.5667	0.8478	31.2093	3.9049	46.3939	9.6098	1.0177	0.0021	1.0156	0.0005	0.0002	0.0003	1.0172	0.0019	1.0154	1.9343	0.1999	1.7345	0.5344	0.0894	0.4449	1.4000	0.1104	1.2896	0.7377	0.6323	0.1054	0.0545	0.0521	0.0024	0.6832	0.5802	0.1030	1.5815	0.9828	0.5986	0.5345	0.4719	0.0626	1.0470	0.5109	0.5361	1.1280	0.0163	3.3268	0.0097	0.0244	0.0172	1.1135	0.0148	4.0976	1.2231	0.2034	2.8974	0.9998	0.1895	7.1120	1.3371	0.2161	2.4055
50	108	0.3323	4	0	1	1	0	0	0	0	0	N	N	N	N	N	N	N	N	N	N	N	N	1.2717	0.2879	4.8387	72.4334	33.8747	2742.2603	0.6933	0.0000	3.5952	1.4087	0.2164	8.5166	4.0563	2.1256	52.5183	1.1449	0.0000	7.4267	1.1077	0.7514	1.7601	0.0560	0.0627	0.0192	1.6514	1.3043	2.0657	6.6036	1.2795	0.9693	0.3562	31.2093	8.0392	46.3939	22.6195	2.2681	0.2983	1.9698	0.5919	0.2983	0.2936	1.6762	0.0000	1.6762	3.4602	1.5180	1.9423	0.0596	0.0565	0.0032	3.4006	1.4615	1.9391	1.6100	1.3787	0.2313	0.1459	0.1403	0.0056	1.4641	1.2384	0.2257	3.1237	2.0202	1.1035	1.0644	0.8996	0.1648	2.0593	1.1206	0.9387	1.2717	0.2879	4.8387	72.4334	33.8747	2742.2603	0.6933	0.0000	3.5952	1.1077	0.7514	1.7601	0.0560	0.0627	0.0192	1.6514	1.3043	2.0657
50	109	0.3323	3	0	0	1	0	0	0	0	0	N	N	N	N	N	N	N	N	N	N	N	N	0.5389	0.4769	0.8067	0.8130	0.6858	118.0562	0.3873	0.3184	0.5890	0.3874	0.3231	0.6622	0.5685	0.5514	1.6138	0.2864	0.1479	0.6324	0.7188	0.6776	0.8210	0.6993	0.8040	0.0137	0.7396	0.4644	1.0736	0.4790	0.4875	-0.0052	-0.0742	31.2093	0.2031	46.3939	2.0398	0.0445	0.0301	0.0144	0.0233	0.0223	0.0011	0.0211	0.0078	0.0133	0.5682	0.3820	0.1862	0.2854	0.2846	0.0007	0.2829	0.0974	0.1855	0.1148	0.0930	0.0217	0.0411	0.0404	0.0007	0.0737	0.0526	0.0211	0.7906	0.5637	0.2268	0.4081	0.3540	0.0541	0.3825	0.2097	0.1728	0.5389	0.4769	0.8067	0.8130	0.6858	118.0562	0.3873	0.3184	0.5890	0.7188	0.6776	0.8210	0.6993	0.8040	0.0137	0.7396	0.4644	1.0736
50	110	0.9128	9	1	0	2	0	0	0	0	0	N	N	Y	N	N	N	N	N	N	N	N	N	91.2233	77.6030	508.1170	477.1115	0.0000	0.0000	0.0024	0.0030	0.0000	0.0048	0.0048	0.0000	0.0000	0.0000	0.0000	0.0000	0.0000	0.0000	0.0000	0.0000	0.0000	0.0000	0.0001	0.0000	0.0000	0.0000	-0.0000	-0.0000	31.2093	0.0001	46.3939	0.0001	0.0000	0.0000	0.0000	0.0000	0.0000	0.0000	0.0000	0.0000	0.0000	0.0000	0.0000	0.0000	0.0000	0.0000	0.0000	0.0000	0.0000	0.0000	0.0209	0.0165	0.0044	0.0105	0.0105	0.0000	0.0105	0.0061	0.0044	0.0005	0.0003	0.0002	0.0003	0.0002	0.0000	0.0002	0.0001	0.0001	91.2233	77.6030	0.0000	508.1170	477.1115	0.0000	0.0000	0.0000	0.0000	0.0000	0.0000	0.0000	0.0000	0.0000	0.0000	0.0000	0.0001	0.0000			
50	111	0.8989	8	1	0	2	0	0	0	0	0	N	N	Y	N	N	N	N	N	N	N	N	N	2174.4331	2627.6418	0.0797	8410.9601	10641.2106	0.4372	0.0247	0.0246	0.0004	2.8753	3.2670	0.0001	8.6911	9.1822	0.0008	0.0000	0.0001	0.0000	0.0013	0.0012	0.0015	0.0010	0.0009	0.0019	0.0018	0.0021	0.0013	0.0000	0.4578	-0.4389	-0.0001	31.2093	1.6718	46.3939	2.9223	0.9950	0.9950	0.0000	0.9950	0.9950	0.0000	0.0000	0.0000	0.0000	0.0006	0.0004	0.0002	0.0003	0.0002	0.0001	0.0003	0.0002	0.0001	0.3460	0.3045	0.0415	0.1145	0.1084	0.0061	0.2316	0.1962	0.0354	0.4376	0.3193	0.1184	0.2629	0.2193	0.0436	0.1748	0.1000	0.0748	2174.4331	2627.6418	0.0797	8410.9601	10641.2106	0.4372	0.0247	0.0246	0.0004	0.0013	0.0012	0.0015	0.0010	0.0009	0.0019	0.0018	0.0021	0.0013
50	112	0.8154	7	1	0	2	0	0	0	0	0	N	N	Y	N	N	N	N	N	N	N	N	N	11.9543	11.8580	0.0611	11.3361	10.4126	0.0362	22.8637	193.6965	0.0569	0.7565	0.8555	0.0026	1.0697	1.1389	0.0006	0.5846	0.6844	0.0030	0.0633	0.0721	0.0418	0.0944	0.1094	0.0173	0.0256	0.0035	0.0526	0.0004	0.2393	-0.8835	-0.0258	31.2093	14.0283	46.3939	7.1084	2.0046	2.0038	0.0008	1.0044	1.0044	0.0000	1.0002	0.9995	0.0008	0.0974	0.0786	0.0188	0.0796	0.0772	0.0024	0.0178	0.0014	0.0164	2.6500	2.3424	0.3077	0.9390	0.8819	0.0571	1.7110	1.4605	0.2506	1.5389	1.0892	0.4497	0.8436	0.7061	0.1375	0.6953	0.3831	0.3122	11.9543	11.8580	0.0611	11.3361	10.4126	0.0362	22.8637	193.6965	0.0569	0.0633	0.0721	0.0418	0.0944	0.1094	0.0173	0.0256	0.0035	0.0526
50	113	0.7552	6	0	0	1	0	0	0	0	0	N	N	N	N	N	N	N	N	N	N	N	N	7.0037	3.2187	65.8783	0.3472	0.3112	0.1725	7.3161	2.8673	56.7051	0.9021	0.5061	3.9917	0.0309	0.0323	0.0036	1.3592	0.7834	4.6903	0.1288	0.1572	0.0606	0.0890	0.1038	0.0210	0.1858	0.2732	0.0827	1.0107	0.1607	0.1219	-0.0751	31.2093	8.6129	46.3939	5.1709	1.9796	0.9845	0.9951	0.0233	0.0232	0.0001	1.9563	0.9613	0.9950	0.2348	0.2023	0.0325	0.0954	0.0914	0.0040	0.1394	0.1109	0.0285	2.1945	1.9452	0.2493	0.7552	0.7180	0.0372	1.4393	1.2271	0.2121	1.8229	1.2864	0.5365	1.0728	0.8805	0.1923	0.7501	0.4058	0.3442	7.0037	3.2187	65.8783	0.3472	0.3112	0.1725	7.3161	2.8673	56.7051	0.1288	0.1572	0.0606	0.0890	0.1038	0.0210	0.1858	0.2732	0.0827
50	114	0.6600	5	0	0	1	0	0	0	0	0	N	N	N	N	N	N	N	N	N	N	N	N	0.5664	0.4943	0.2369	1.2023	1.0909	0.0830	0.1370	0.1969	0.2156	0.4243	0.4830	0.0538	1.5425	1.6534	0.0069	0.0241	0.0170	0.0608	0.7490	0.9772	0.2272	1.2829	1.5155	0.0837	0.1756	0.0862	0.2821	0.0177	0.1017	-0.6013	-1.0085	31.2093	16.8607	46.3939	22.7724	1.4191	1.3944	0.0247	1.3598	1.3594	0.0004	0.0593	0.0350	0.0242	2.7549	2.5006	0.2542	2.4435	2.4176	0.0259	0.3114	0.0830	0.2283	3.3448	2.8868	0.4580	0.8815	0.8222	0.0593	2.4632	2.0646	0.3986	3.6780	2.5590	1.1189	1.9046	1.5952	0.3094	1.7734	0.9639	0.8096	0.5664	0.4943	0.2369	1.2023	1.0909	0.0830	0.1370	0.1969	0.2156	0.7490	0.9772	0.2272	1.2829	1.5155	0.0837	0.1756	0.0862	0.2821
50	115	0.3913	4	1	0	2	0	0	0	0	0	N	N	Y	N	N	N	N	N	N	N	N	N	0.0000	0.0000	0.0000	0.0000	0.0000	0.0000	0.0000	0.0000	0.0000	0.0000	0.0000	0.0000	0.0000	0.0000	0.0000	0.0000	0.0000	0.0000	1.2527	1.8844	0.0000	0.1780	0.1960	0.0000	2.1017	4.4466	0.0000	0.0000	0.0000	-0.0000	-0.4929	31.2093	1.0009	46.3939	4.0038	0.0000	0.0000	0.0000	0.0000	0.0000	0.0000	0.0000	0.0000	0.0000	1.0754	1.0754	0.0000	0.0674	0.0674	0.0000	1.0079	1.0079	0.0000	0.2173	0.1868	0.0305	0.0405	0.0368	0.0037	0.1768	0.1499	0.0268	0.8584	0.5707	0.2878	0.3789	0.3440	0.0349	0.4796	0.2267	0.2529	0.0000	0.0000	0.0000	0.0000	0.0000	0.0000	0.0000	0.0000	0.0000	1.2527	1.8844	0.0000	0.1780	0.1960	0.0000	2.1017	4.4466	0.0000
50	116	0.3630	3	1	0	2	0	0	0	0	0	N	N	Y	N	N	N	N	N	N	N	N	N	0.0068	0.0063	0.0071	0.0258	0.0216	0.4168	0.0039	0.0033	0.0038	0.0148	0.0152	0.0123	0.0215	0.0206	0.0320	0.0117	0.0124	0.0076	2.1673	2.3985	1.7272	0.8299	0.9516	0.0769	2.9703	3.8040	2.0219	0.1179	0.3785	-0.0023	-0.5246	31.2093	1.8441	46.3939	10.4794	0.0070	0.0063	0.0007	0.0033	0.0029	0.0004	0.0037	0.0034	0.0004	2.8542	2.0705	0.7837	0.4101	0.4048	0.0053	2.4441	1.6657	0.7784	0.4711	0.4111	0.0600	0.1524	0.1409	0.0115	0.3187	0.2702	0.0485	1.3170	0.8632	0.4537	0.4941	0.4254	0.0687	0.8229	0.4379	0.3850	0.0068	0.0063	0.0071	0.0258	0.0216	0.4168	0.0039	0.0033	0.0038	2.1673	2.3985	1.7272	0.8299	0.9516	0.0769	2.9703	3.8040	2.0219
50	117	0.5473	3	0	1	1	1	0	0	0	0	N	N	N	N	N	N	N	N	N	N	N	N	0.1211	0.0451	0.7210	0.1185	0.1193	0.1455	0.1658	0.0000	1.2366	0.0785	0.0316	0.3746	0.0996	0.0976	0.1391	0.0696	0.0000	0.4025	0.6478	0.7003	0.5195	0.8410	0.8183	0.9560	0.4201	0.4937	0.3255	1.8796	0.3034	0.0425	-0.6340	31.2093	10.5071	46.3939	20.2622	0.2006	0.0697	0.1309	0.0748	0.0697	0.0051	0.1258	0.0000	0.1258	2.8100	2.1560	0.6540	1.9738	1.6034	0.3704	0.8362	0.5525	0.2836	2.5570	2.2074	0.3495	0.7508	0.7138	0.0370	1.8061	1.4936	0.3125	4.3376	3.0786	1.2589	2.3470	1.9596	0.3875	1.9906	1.1191	0.8715	0.1211	0.0451	0.7210	0.1185	0.1193	0.1455	0.1658	0.0000	1.2366	0.6478	0.7003	0.5195	0.8410	0.8183	0.9560	0.4201	0.4937	0.3255
50	118	0.3111	2	0	1	1	1	0	0	0	0	N	N	N	N	N	N	N	N	N	N	N	N	1.0016	1.7077	0.0190	0.0091	0.0079	0.0902	0.8811	1.6146	0.0174	1.3310	1.5463	0.0387	0.0058	0.0056	0.0083	1.4365	1.6845	0.0394	1.3288	0.9055	2.0356	0.6320	0.7144	0.0921	1.6304	1.0433	2.2680	0.0042	1.3465	-0.4387	0.4446	31.2093	4.0036	46.3939	26.5072	1.0040	0.9998	0.0042	0.0003	0.0003	0.0000	1.0037	0.9995	0.0042	3.8505	1.6410	2.2095	0.5532	0.5425	0.0107	3.2973	1.0985	2.1989	0.7543	0.6466	0.1077	0.0557	0.0532	0.0024	0.6987	0.5934	0.1053	2.8977	1.8123	1.0854	0.8753	0.7594	0.1159	2.0224	1.0529	0.9695	1.0016	1.7077	0.0190	0.0091	0.0079	0.0902	0.8811	1.6146	0.0174	1.3288	0.9055	2.0356	0.6320	0.7144	0.0921	1.6304	1.0433	2.2680
50	119	0.3495	3	0	1	1	0	0	0	0	0	N	N	N	N	N	N	N	N	N	N	N	N	0.0245	0.0234	0.0279	0.7520	0.7470	0.4379	0.0064	0.0034	0.0252	0.0312	0.0309	0.0332	0.0768	0.0818	0.0255	0.0123	0.0080	0.0350	1.2773	1.3221	1.1904	0.1021	0.1095	0.0582	1.9290	2.3686	1.3901	0.1725	0.4638	-0.0096	-0.4641	31.2093	3.8169	46.3939	21.2433	0.0328	0.0280	0.0048	0.0237	0.0230	0.0007	0.0091	0.0050	0.0041	3.2794	2.2403	1.0390	0.0935	0.0859	0.0076	3.1858	2.1544	1.0314	1.0505	0.9052	0.1453	0.3082	0.2810	0.0272	0.7423	0.6242	0.1181	2.5674	1.6945	0.8729	0.9159	0.7850	0.1309	1.6515	0.9096	0.7420	0.0245	0.0234	0.0279	0.7520	0.7470	0.4379	0.0064	0.0034	0.0252	1.2773	1.3221	1.1904	0.1021	0.1095	0.0582	1.9290	2.3686	1.3901
50	120	0.6952	7	0	1	1	0	0	0	0	0	N	N	N	N	N	N	N	N	N	N	N	N	1.0866	0.8825	2.4045	1.8475	1.7549	0.0185	1.8254	0.0929	5.6948	2.6197	2.6976	2.1029	7.5726	8.0859	0.0322	0.4013	0.0042	2.4698	2.4109	3.0568	0.8746	4.0989	4.6075	1.7375	0.2199	0.0448	0.4337	0.1175	0.1203	-3.2016	-5.0021	31.2093	16.3276	46.3939	34.9199	9.5291	8.5273	1.0018	8.5208	8.5185	0.0023	1.0083	0.0088	0.9995	14.2513	12.7210	1.5303	13.6857	12.6577	1.0280	0.5656	0.0634	0.5022	3.6374	3.1610	0.4764	1.1252	1.0535	0.0717	2.5122	2.1075	0.4047	5.9113	4.1616	1.7498	3.3389	2.7472	0.5917	2.5724	1.4144	1.1581	1.0866	0.8825	2.4045	1.8475	1.7549	0.0185	1.8254	0.0929	5.6948	2.4109	3.0568	0.8746	4.0989	4.6075	1.7375	0.2199	0.0448	0.4337
50	121	0.6779	6	0	1	1	0	0	0	0	0	N	N	N	N	N	N	N	N	N	N	N	N	1.4867	1.6171	1.2403	3.9636	3.8656	0.0632	0.3651	0.0420	1.1087	2.1280	2.1266	2.1369	6.3348	6.6441	0.0648	0.4300	0.0162	2.3596	1.4314	1.3151	1.7229	1.5983	1.7188	1.0256	1.1779	0.3859	2.1281	0.1627	0.5229	-0.9254	-0.6470	31.2093	6.1757	46.3939	14.5601	3.0725	2.6426	0.4299	2.6301	2.6289	0.0013	0.4423	0.0137	0.4286	5.6249	3.6936	1.9313	3.7880	3.3654	0.4226	1.8370	0.3283	1.5087	1.4438	1.2426	0.2012	0.4152	0.3957	0.0195	1.0286	0.8470	0.1817	3.9296	2.8087	1.1210	2.3701	1.9580	0.4121	1.5596	0.8506	0.7089	1.4867	1.6171	1.2403	3.9636	3.8656	0.0632	0.3651	0.0420	1.1087	1.4314	1.3151	1.7229	1.5983	1.7188	1.0256	1.1779	0.3859	2.1281
50	122	0.6249	5	0	0	1	0	0	0	0	0	N	N	N	N	N	N	N	N	N	N	N	N	0.5689	0.2781	1.4606	0.4855	0.7439	0.0288	0.5670	0.0115	1.8195	1.0621	0.3169	5.3906	0.8369	0.8737	0.1279	1.1667	0.0124	6.0187	1.8669	1.1398	3.6906	1.7238	1.1745	4.4439	2.0579	1.0707	3.3079	2.9279	1.2910	0.6199	0.8663	31.2093	7.5400	46.3939	21.4192	2.0370	0.5186	1.5184	0.5093	0.5055	0.0038	1.5276	0.0131	1.5145	8.2394	3.5964	4.6430	4.3492	2.4656	1.8836	3.8902	1.1309	2.7594	1.9179	1.6362	0.2817	0.6086	0.5786	0.0300	1.3093	1.0577	0.2516	4.4134	3.1554	1.2580	2.5231	2.0992	0.4239	1.8904	1.0562	0.8342	0.5689	0.2781	1.4606	0.4855	0.7439	0.0288	0.5670	0.0115	1.8195	1.8669	1.1398	3.6906	1.7238	1.1745	4.4439	2.0579	1.0707	3.3079
50	123	0.3851	4	0	1	1	0	0	0	0	0	N	N	N	N	N	N	N	N	N	N	N	N	1.1600	0.0000	72.5706	0.0159	0.0002	1.4168	0.9426	0.0000	69.4826	1.2495	0.0000	9.0786	0.0051	0.0001	0.0747	1.4793	0.0000	9.8138	1.0772	1.5644	0.1251	0.3181	0.3675	0.0528	1.5694	2.7674	0.1412	99556.8553	0.0409	0.5575	-1.0001	31.2093	4.0019	46.3939	19.5615	0.9975	0.0000	0.9975	0.0006	0.0000	0.0006	0.9969	0.0000	0.9969	2.3866	2.2928	0.0938	0.2772	0.2700	0.0072	2.1094	2.0228	0.0866	0.7983	0.6884	0.1099	0.1244	0.1161	0.0083	0.6739	0.5723	0.1016	2.2156	1.4656	0.7500	0.8715	0.7347	0.1368	1.3441	0.7309	0.6132	1.1600	0.0000	72.5706	0.0159	0.0002	1.4168	0.9426	0.0000	69.4826	1.0772	1.5644	0.1251	0.3181	0.3675	0.0528	1.5694	2.7674	0.1412
50	124	0.3630	3	0	0	1	0	0	0	0	0	N	N	N	N	N	N	N	N	N	N	N	N	0.0321	0.0217	0.1776	0.0099	0.0001	0.9502	0.0416	0.0267	0.1054	0.0116	0.0108	0.0172	0.0028	0.0000	0.0356	0.0172	0.0183	0.0113	0.3628	0.5007	0.0967	0.2818	0.3195	0.0375	0.4134	0.6859	0.1072	0.2230	0.1001	-0.0010	-0.1430	31.2093	1.2223	46.3939	8.2281	0.0040	0.0033	0.0007	0.0004	0.0000	0.0004	0.0037	0.0033	0.0004	0.3892	0.3538	0.0354	0.1162	0.1141	0.0021	0.2730	0.2397	0.0333	0.3477	0.3048	0.0429	0.1346	0.1242	0.0104	0.2132	0.1806	0.0326	1.0729	0.7067	0.3663	0.4124	0.3572	0.0552	0.6605	0.3495	0.3110	0.0321	0.0217	0.1776	0.0099	0.0001	0.9502	0.0416	0.0267	0.1054	0.3628	0.5007	0.0967	0.2818	0.3195	0.0375	0.4134	0.6859	0.1072
50	125	0.3111	2	0	0	1	0	0	0	0	0	N	N	N	N	N	N	N	N	N	N	N	N	9.0491	4.1879	659.7069	0.0179	0.0117	15.8827	42.6100	17.2377	639.7082	2.3998	1.7581	6.2631	0.0124	0.0092	0.0815	2.5881	1.9134	6.4041	0.2652	0.4198	0.0095	0.6936	0.7907	0.0051	0.0607	0.1110	0.0100	0.5917	0.0137	-0.1864	-0.2324	31.2093	5.9920	46.3939	12.2976	2.6876	1.6885	0.9991	0.0010	0.0007	0.0003	2.6866	1.6878	0.9988	0.5224	0.5153	0.0070	0.4414	0.4410	0.0004	0.0810	0.0743	0.0066	1.1199	0.9604	0.1595	0.0819	0.0783	0.0036	1.0380	0.8821	0.1560	1.9698	1.2275	0.7423	0.6364	0.5578	0.0786	1.3334	0.6698	0.6636	9.0491	4.1879	659.7069	0.0179	0.0117	15.8827	42.6100	17.2377	639.7082	0.2652	0.4198	0.0095	0.6936	0.7907	0.0051	0.0607	0.1110	0.0100
50	126	0.3483	4	0	1	1	0	0	0	0	0	N	N	N	N	N	N	N	N	N	N	N	N	2.3914	1.9284	5.3565	1.4849	2.5044	0.0044	5.2208	2.8277	18.5487	2.1802	1.4628	6.4195	2.7076	2.8040	0.0251	2.1097	1.2569	6.6054	0.9117	0.7585	1.1985	1.8234	1.1196	5.7444	0.4041	0.4445	0.3561	0.7427	0.8438	-0.0345	-0.0016	31.2093	5.0407	46.3939	17.1705	2.3105	1.3258	0.9847	0.3382	0.3381	0.0001	1.9722	0.9877	0.9845	2.2280	1.2084	1.0197	1.5936	0.8296	0.7640	0.6344	0.3788	0.2556	1.0598	0.9064	0.1534	0.1249	0.1206	0.0043	0.9348	0.7858	0.1491	2.4439	1.5931	0.8508	0.8740	0.7410	0.1330	1.5699	0.8521	0.7178	2.3914	1.9284	5.3565	1.4849	2.5044	0.0044	5.2208	2.8277	18.5487	0.9117	0.7585	1.1985	1.8234	1.1196	5.7444	0.4041	0.4445	0.3561
50	127	0.3323	3	0	1	1	0	0	0	0	0	N	N	N	N	N	N	N	N	N	N	N	N	1.3075	0.2320	3.1357	0.7605	0.6811	0.8466	0.9581	0.1560	2.6197	2.2893	0.0909	14.4401	0.3229	0.3307	0.0496	2.6154	0.0441	14.8221	1.7509	0.3917	4.6050	0.4246	0.4856	0.0586	2.7296	0.2827	5.6580	28.7416	5.5982	0.5551	0.9013	31.2093	1.9703	46.3939	6.2034	1.0568	0.0355	1.0213	0.0212	0.0211	0.0001	1.0356	0.0144	1.0212	2.3105	0.3502	1.9603	0.2379	0.2332	0.0047	2.0726	0.1169	1.9557	0.4616	0.3909	0.0707	0.0657	0.0638	0.0018	0.3960	0.3271	0.0689	1.3196	0.8939	0.4257	0.5603	0.4803	0.0801	0.7593	0.4137	0.3456	1.3075	0.2320	3.1357	0.7605	0.6811	0.8466	0.9581	0.1560	2.6197	1.7509	0.3917	4.6050	0.4246	0.4856	0.0586	2.7296	0.2827	5.6580
50	128	0.3111	2	0	0	1	0	0	0	0	0	N	N	N	N	N	N	N	N	N	N	N	N	0.0707	0.6408	0.0447	11.5924	33.3196	2.2029	0.0214	0.1106	0.0362	0.1570	0.1424	0.2443	1.1593	1.1478	1.4234	0.0731	0.0472	0.2173	2.2199	0.2222	5.4608	0.1000	0.0344	0.6461	3.4203	0.4270	6.0053	0.2877	15.1495	-0.0073	1.2720	31.2093	1.1032	46.3939	7.8190	0.0334	0.0259	0.0075	0.0190	0.0181	0.0010	0.0143	0.0079	0.0065	2.6517	0.1642	2.4875	0.0432	0.0133	0.0299	2.6085	0.1509	2.4576	0.2127	0.1821	0.0305	0.0164	0.0157	0.0007	0.1962	0.1664	0.0299	1.1945	0.7390	0.4555	0.4319	0.3856	0.0463	0.7626	0.3534	0.4092	0.0707	0.6408	0.0447	11.5924	33.3196	2.2029	0.0214	0.1106	0.0362	2.2199	0.2222	5.4608	0.1000	0.0344	0.6461	3.4203	0.4270	6.0053
50	129	0.6542	6	0	1	1	0	0	0	0	0	N	N	N	N	N	N	N	N	N	N	N	N	0.5939	2.3777	0.0167	1.1009	7.2880	0.0000	0.0094	0.0000	0.0419	0.0021	0.0023	0.0002	0.0038	0.0040	0.0000	0.0000	0.0000	0.0003	0.0036	0.0010	0.0109	0.0034	0.0005	0.0165	0.0039	0.0022	0.0062	0.0076	3.9855	-0.0006	0.0021	31.2093	1.0033	46.3939	0.8635	0.0013	0.0013	0.0000	0.0013	0.0013	0.0000	0.0000	0.0000	0.0000	0.0060	0.0012	0.0048	0.0038	0.0005	0.0033	0.0022	0.0007	0.0015	0.6239	0.5690	0.0549	0.3481	0.3318	0.0163	0.2758	0.2372	0.0386	1.6856	1.2437	0.4418	1.1148	0.9135	0.2013	0.5707	0.3302	0.2405	0.5939	2.3777	0.0167	1.1009	7.2880	0.0000	0.0094	0.0000	0.0419	0.0036	0.0010	0.0109	0.0034	0.0005	0.0165	0.0039	0.0022	0.0062
50	130	0.6249	5	0	0	1	0	0	0	0	0	N	N	N	N	N	N	N	N	N	N	N	N	1.0675	1.3602	0.2760	2.7107	2.9788	0.1412	0.0921	0.0020	0.2953	0.4432	0.4948	0.1519	1.2249	1.2809	0.0794	0.0332	0.0004	0.1606	0.4152	0.3637	0.5504	0.4519	0.4300	0.5622	0.3607	0.2171	0.5438	0.0543	0.5758	-0.2708	-0.1391	31.2093	5.5514	46.3939	9.9598	0.6950	0.6592	0.0358	0.6609	0.6589	0.0020	0.0342	0.0003	0.0338	1.4966	0.9497	0.5469	0.9738	0.7734	0.2004	0.5228	0.1764	0.3464	1.5681	1.3324	0.2357	0.5395	0.5144	0.0252	1.0286	0.8180	0.2105	3.6046	2.6110	0.9936	2.1550	1.7985	0.3565	1.4496	0.8125	0.6371	1.0675	1.3602	0.2760	2.7107	2.9788	0.1412	0.0921	0.0020	0.2953	0.4152	0.3637	0.5504	0.4519	0.4300	0.5622	0.3607	0.2171	0.5438
50	131	0.5945	4	0	0	1	0	0	0	0	0	N	N	N	N	N	N	N	N	N	N	N	N	1.4671	0.3244	5.2170	0.7160	0.8564	0.1351	1.7136	0.0200	5.6212	1.7769	0.2815	10.7589	0.8464	0.8737	0.2692	2.1410	0.0113	11.7853	1.2112	0.8678	2.0623	1.1821	1.0202	1.9923	1.2494	0.5663	2.0966	6.3632	0.9588	1.6861	0.1380	31.2093	9.1969	46.3939	13.4651	3.9852	0.5412	3.4440	0.5340	0.5263	0.0077	3.4513	0.0150	3.4363	4.4383	2.2659	2.1724	2.4599	1.7695	0.6904	1.9784	0.4964	1.4820	2.2428	1.9227	0.3201	0.6309	0.6023	0.0285	1.6120	1.3204	0.2916	3.6644	2.6110	1.0534	2.0810	1.7345	0.3465	1.5835	0.8766	0.7069	1.4671	0.3244	5.2170	0.7160	0.8564	0.1351	1.7136	0.0200	5.6212	1.2112	0.8678	2.0623	1.1821	1.0202	1.9923	1.2494	0.5663	2.0966
50	132	0.4080	6	1	1	1	1	0	0	0	0	N	N	N	N	N	N	N	N	N	N	N	N	0.0000	0.0000	0.0000	0.0000	0.0000	0.0000	0.0000	0.0000	0.0000	0.0000	0.0000	0.0000	0.0000	0.0000	0.0000	0.0000	0.0000	0.0008	0.0012	0.0000	0.0022	0.0026	0.0000	0.0000	0.0000	0.0000	0.0055	0.0000	-0.0001	31.2093	1.0000	46.3939	3.0001	0.0000	0.0000	0.0000	0.0000	0.0000	0.0000	0.0000	0.0000	0.0000	0.0003	0.0003	0.0000	0.0003	0.0003	0.0000	0.0000	0.0000	0.0000	0.1986	0.1712	0.0274	0.0316	0.0295	0.0021	0.1670	0.1417	0.0253	0.3541	0.2281	0.1260	0.1229	0.1034	0.0196	0.2311	0.1247	0.1064	0.0000	0.0000	0.0000	0.0000	0.0000	0.0000	0.0000	0.0000	0.0000	0.0008	0.0012	0.0000	0.0022	0.0026	0.0000	0.0000	0.0000	0.0000		
50	133	0.8070	10	1	1	1	1	0	0	0	0	N	N	N	N	N	N	N	N	N	N	N	N	1.6314	0.0000	799.9771	1.2183	0.0000	445.8843	0.0000	0.0000	0.0000	1.8021	0.0000	16.6565	2.5710	0.0000	28.1879	0.0000	0.0000	0.0000	1.1047	1.5786	0.0208	2.1102	2.4779	0.0632	0.0027	0.0000	0.0058	inf	0.0058	0.0003	-0.0826	31.2093	0.0006	46.3939	1.9797	0.0005	0.0000	0.0005	0.0005	0.0000	0.0005	0.0000	0.0000	0.0000	0.1825	0.1814	0.0010	0.1822	0.1814	0.0008	0.0002	0.0000	0.0002	0.0003	0.0003	0.0000	0.0002	0.0002	0.0000	0.0001	0.0001	0.0000	0.1652	0.1149	0.0503	0.0864	0.0732	0.0131	0.0788	0.0417	0.0371	1.6314	0.0000	799.9771	1.2183	0.0000	445.8843	0.0000	0.0000	0.0000	1.1047	1.5786	0.0208	2.1102	2.4779	0.0632	0.0027	0.0000	0.0058
50	134	0.7902	9	1	1	1	1	0	0	0	0	N	N	N	N	N	N	N	N	N	N	N	N	0.0008	0.0006	0.0059	0.0014	0.0013	0.0000	0.0066	0.0000	0.0192	0.0013	0.0015	0.0000	0.0045	0.0049	0.0000	0.0000	0.0000	0.0000	1.6506	2.3795	0.0007	3.1752	3.8133	0.0019	0.0001	0.0000	0.0003	0.0004	0.0001	-0.0002	-0.4560	31.2093	2.0077	46.3939	6.0321	0.0005	0.0005	0.0000	0.0005	0.0005	0.0000	0.0000	0.0000	0.0000	0.9951	0.9949	0.0001	0.9950	0.9949	0.0001	0.0000	0.0000	0.0000	0.3885	0.3375	0.0509	0.1151	0.1070	0.0081	0.2734	0.2306	0.0428	0.6029	0.4181	0.1847	0.3134	0.2609	0.0525	0.2895	0.1572	0.1323	0.0008	0.0006	0.0059	0.0014	0.0013	0.0000	0.0066	0.0000	0.0192	1.6506	2.3795	0.0007	3.1752	3.8133	0.0019	0.0001	0.0000	0.0003
50	135	0.7854	9	0	1	1	1	0	0	0	0	N	N	N	N	N	N	N	N	N	N	N	N	3.9720	3.4334	0.1638	0.0012	0.0003	0.0537	70.0243	2188.3307	0.2397	1.6763	1.9319	0.0161	0.0009	0.0003	0.0092	2.3609	2.8090	0.0173	0.4220	0.5627	0.0983	0.7912	0.9048	0.1719	0.0337	0.0013	0.0720	0.0013	0.0759	-0.4397	-0.1802	31.2093	3.0348	46.3939	9.3583	0.9997	0.9985	0.0013	0.0002	0.0001	0.0001	0.9996	0.9984	0.0012	0.4645	0.4317	0.0327	0.4464	0.4313	0.0150	0.0181	0.0004	0.0177	0.5964	0.5168	0.0796	0.1730	0.1614	0.0116	0.4234	0.3554	0.0680	1.1006	0.7673	0.3333	0.5642	0.4767	0.0875	0.5364	0.2905	0.2459	3.9720	3.4334	0.1638	0.0012	0.0003	0.0537	70.0243	2188.3307	0.2397	0.4220	0.5627	0.0983	0.7912	0.9048	0.1719	0.0337	0.0013	0.0720
50	136	0.7711	8	0	0	1	1	0	0	0	0	N	N	N	N	N	N	N	N	N	N	N	N	0.0917	0.1246	0.0534	0.1224	0.1465	0.1752	0.1405	20.3147	0.0063	0.2240	0.2273	0.2047	0.4920	0.4270	1.6140	0.0980	0.1182	0.0097	2.4419	1.8241	3.8318	4.0204	2.9144	9.2140	0.6980	0.0058	1.5313	0.1515	0.9338	-0.0007	0.0319	31.2093	0.0433	46.3939	6.6805	0.0022	0.0019	0.0003	0.0016	0.0013	0.0003	0.0007	0.0006	0.0000	1.3009	0.6727	0.6282	1.1242	0.6719	0.4523	0.1767	0.0008	0.1759	0.0099	0.0085	0.0014	0.0032	0.0030	0.0002	0.0067	0.0055	0.0013	0.5327	0.3688	0.1639	0.2796	0.2305	0.0491	0.2531	0.1382	0.1148	0.0917	0.1246	0.0534	0.1224	0.1465	0.1752	0.1405	20.3147	0.0063	2.4419	1.8241	3.8318	4.0204	2.9144	9.2140	0.6980	0.0058	1.5313
50	137	0.4377	8	0	1	1	1	0	0	0	0	N	N	N	N	N	N	N	N	N	N	N	N	0.0000	0.0000	0.0000	0.0000	0.0000	0.0000	0.0000	0.0000	0.0000	0.0000	0.0000	0.0000	0.0000	0.0000	0.0000	0.0000	0.0000	0.0000	0.0000	0.0000	31.2093	0.0000	46.3939	0.0000	0.0000	0.0000	0.0000	0.0000	0.0000	0.0000	0.0000	0.0000	0.0000	0.0000	0.0000	0.0000	0.0000	0.0000	0.0000	0.0000	0.0000	0.0000	0.0000	0.0000	0.0000	0.0000	0.0000	0.0000	0.0000	0.0000	0.0000	0.0000	0.0000	0.0000	0.0000	0.0000	0.0000	0.0000	0.0000	0.0000	0.0000	0.0000	0.0000	0.0000	0.0000	0.0000	0.0000	0.0000	0.0000	0.0000	0.0000	0.0000	0.0000	0.0000	0.0000	0.0000	0.0000	0.0000											
50	138	0.4326	7	0	1	1	1	0	0	0	0	N	N	N	N	N	N	N	N	N	N	N	N	0.0000	0.0000	0.0000	0.0000	0.0000	0.0000	0.0000	0.0000	0.0000	0.0000	0.0000	0.0000	0.0000	0.0000	0.0000	0.0000	0.0670	0.0002	0.1879	0.0003	0.0004	0.0000	0.1008	0.0000	0.2170	568.1511	-0.0000	0.0063	31.2093	0.0021	46.3939	2.0000	0.0000	0.0000	0.0000	0.0000	0.0000	0.0000	0.0000	0.0000	0.0000	0.0117	0.0000	0.0117	0.0000	0.0000	0.0000	0.0117	0.0000	0.0117	0.0011	0.0010	0.0001	0.0007	0.0007	0.0000	0.0004	0.0003	0.0001	0.1748	0.1126	0.0622	0.0589	0.0505	0.0083	0.1160	0.0621	0.0539	0.0000	0.0000	0.0000	0.0000	0.0000	0.0000	0.0000	0.0000	0.0000	0.0670	0.0002	0.1879	0.0003	0.0004	0.0000	0.1008	0.0000	0.2170			
50	139	0.4224	6	0	0	1	1	0	0	0	0	N	N	N	N	N	N	N	N	N	N	N	N	0.0000	0.0092	0.0000	0.0262	0.0237	0.0000	0.0000	0.0000	0.0001	0.0001	0.0000	0.0003	0.0003	0.0000	0.0000	0.0000	0.0000	2.8115	0.0064	10.6747	0.0119	0.0140	0.0000	4.2863	0.0000	10.8518	0.0000	686.0367	-0.0000	0.5392	31.2093	1.0020	46.3939	3.0181	0.0000	0.0000	0.0000	0.0000	0.0000	0.0000	0.0000	0.0000	0.0000	0.9981	0.0015	0.9967	0.0015	0.0015	0.0000	0.9967	0.0000	0.9967	0.1991	0.1717	0.0274	0.0323	0.0302	0.0021	0.1668	0.1415	0.0252	0.3550	0.2283	0.1267	0.1225	0.1039	0.0186	0.2325	0.1244	0.1082	0.0000	0.0092	0.0000	0.0262	0.0237	0.0000	0.0000	0.0000	0.0000	2.8115	0.0064	7.8634	0.0119	0.0140	0.0000	4.2863	0.0000	9.2155	
50	140	0.4080	6	0	1	1	0	0	0	0	0	N	N	N	N	N	N	N	N	N	N	N	N	0.0000	0.0000	0.0000	0.0000	0.0000	0.0000	0.0000	0.0000	0.0000	0.0000	0.0000	0.0000	0.0000	0.0000	0.0000	0.0000	0.0000	0.0002	0.0003	0.0000	0.0006	0.0007	0.0000	0.0000	0.0000	0.0000	0.0214	0.0000	-0.0000	31.2093	0.0000	46.3939	4.0001	0.0000	0.0000	0.0000	0.0000	0.0000	0.0000	0.0000	0.0000	0.0000	0.0001	0.0001	0.0000	0.0001	0.0001	0.0000	0.0000	0.0000	0.0000	0.0000	0.0000	0.0000	0.0000	0.0000	0.0000	0.0000	0.0000	0.0000	0.3541	0.2281	0.1260	0.1229	0.1034	0.0196	0.2311	0.1247	0.1064	0.0000	0.0000	0.0000	0.0000	0.0000	0.0000	0.0000	0.0000	0.0000	0.0002	0.0003	0.0000	0.0006	0.0007	0.0000	0.0000	0.0000	0.0000		
50	141	0.7857	8	0	1	1	0	0	0	0	0	N	N	N	N	N	N	N	N	N	N	N	N	0.0035	0.0113	0.0000	0.0220	0.0224	0.0000	0.0000	0.0052	0.0000	0.0000	0.0000	0.0000	0.0001	0.0001	0.0000	0.0000	0.0000	0.0000	0.0045	0.0016	0.0110	0.0024	0.0025	0.0017	0.0067	0.0000	0.0147	0.0012	3.0507	-0.0000	0.0006	31.2093	1.0003	46.3939	5.0186	0.0000	0.0000	0.0000	0.0000	0.0000	0.0000	0.0000	0.0000	0.0000	0.0021	0.0005	0.0015	0.0006	0.0005	0.0001	0.0015	0.0000	0.0015	0.1939	0.1685	0.0254	0.0575	0.0534	0.0041	0.1364	0.1151	0.0213	0.4597	0.3189	0.1408	0.2392	0.1994	0.0398	0.2205	0.1194	0.1010	0.0035	0.0113	0.0000	0.0220	0.0224	0.0000	0.0000	0.0052	0.0000	0.0045	0.0016	0.0110	0.0024	0.0025	0.0017	0.0067	0.0000	0.0147
50	142	0.4224	6	0	0	2	1	0	0	0	0	N	N	Y	N	N	N	N	N	N	N	N	N	0.0000	0.0000	0.0000	0.0088	0.0077	0.0000	0.0000	0.0000	0.0000	0.0000	0.0000	0.0000	0.0001	0.0001	0.0000	0.0000	0.0000	0.0000	0.8534	1.3270	0.0001	0.0076	0.0089	0.0007	1.2957	2.4192	0.0000	0.0000	0.0000	-0.0000	-0.3050	31.2093	0.0001	46.3939	9.0026	0.0000	0.0000	0.0000	0.0000	0.0000	0.0000	0.0000	0.0000	0.0000	0.6655	0.6655	0.0000	0.0020	0.0020	0.0000	0.6635	0.6635	0.0000	0.0001	0.0000	0.0000	0.0000	0.0000	0.0000	0.0000	0.0000	0.0000	0.7799	0.5015	0.2784	0.2678	0.2272	0.0406	0.5121	0.2743	0.2378	0.0000	0.0000	0.0000	0.0088	0.0077	0.0000	0.0000	0.0000	0.0000	0.8534	1.3270	0.0001	0.0076	0.0089	0.0007	1.2957	2.4192	0.0000
50	143	0.7711	8	0	0	2	1	0	0	0	0	N	N	Y	N	N	N	N	N	N	N	N	N	182.2320	82.8755	1750.9563	190.2359	172.9133	3.7871	526.2319	0.0000	1755.8300	5.1798	2.9963	19.4504	9.1615	9.8563	0.0246	3.6028	0.0000	22.9074	0.0284	0.0362	0.0111	0.0482	0.0570	0.0065	0.0068	0.0017	0.0130	0.9932	0.1372	0.1139	-0.0075	31.2093	2.0061	46.3939	8.0425	1.9924	0.9996	0.9928	0.9998	0.9996	0.0002	0.9926	0.0000	0.9926	0.0221	0.0194	0.0027	0.0195	0.0191	0.0005	0.0025	0.0003	0.0022	0.3846	0.3336	0.0510	0.1091	0.1014	0.0077	0.2755	0.2322	0.0433	0.7770	0.5372	0.2398	0.4058	0.3348	0.0711	0.3712	0.2024	0.1687	182.2320	82.8755	1750.9563	190.2359	172.9133	3.7871	526.2319	0.0000	1755.8300	0.0284	0.0362	0.0111	0.0482	0.0570	0.0065	0.0068	0.0017	0.0130
50	144	0.7620	7	0	0	1	1	0	0	0	0	N	N	N	N	N	N	N	N	N	N	N	N	2.0167	0.0357	4.3082	0.2442	0.1763	0.5626	1.3901	0.0000	3.6891	0.7466	0.0008	5.3991	0.0058	0.0023	0.0422	1.1092	0.0000	6.7925	0.3702	0.0224	1.2532	0.0236	0.0130	0.0751	0.7980	0.0391	1.8412	1080.7602	21.9978	0.1690	0.0943	31.2093	1.9550	46.3939	2.1189	0.3029	0.0003	0.3026	0.0008	0.0003	0.0005	0.3021	0.0000	0.3021	0.1893	0.0082	0.1811	0.0067	0.0031	0.0036	0.1826	0.0052	0.1775	0.4057	0.3497	0.0561	0.1333	0.1218	0.0116	0.2724	0.2279	0.0445	0.5113	0.3668	0.1445	0.2825	0.2344	0.0481	0.2289	0.1325	0.0964	2.0167	0.0357	4.3082	0.2442	0.1763	0.5626	1.3901	0.0000	3.6891	0.3702	0.0224	1.2532	0.0236	0.0130	0.0751	0.7980	0.0391	1.8412
50	145	0.7620	7	0	0	2	1	0	0	0	0	N	N	Y	N	N	N	N	N	N	N	N	N	0.0033	0.0027	0.0000	0.0053	0.0048	0.0000	0.0000	0.0000	0.0000	0.0030	0.0034	0.0000	0.0091	0.0099	0.0000	0.0000	0.0000	0.0000	0.8993	1.2830	0.0216	1.7158	2.0598	0.0638	0.0120	0.0184	0.0040	0.0000	0.0074	-0.0006	-0.6855	31.2093	2.1261	46.3939	18.6477	0.0013	0.0013	0.0000	0.0013	0.0013	0.0000	0.0000	0.0000	0.0000	1.5198	1.5087	0.0111	1.5101	1.5004	0.0097	0.0097	0.0083	0.0014	0.4383	0.3780	0.0603	0.1428	0.1305	0.0122	0.2955	0.2474	0.0481	1.6900	1.1759	0.5141	0.8801	0.7284	0.1517	0.8099	0.4475	0.3624	0.0033	0.0027	0.0000	0.0053	0.0048	0.0000	0.0000	0.0000	0.0000	0.8993	1.2830	0.0216	1.7158	2.0598	0.0638	0.0120	0.0184	0.0040
50	146	0.4224	6	0	0	2	1	0	0	0	0	N	N	Y	N	N	N	N	N	N	N	N	N	0.0075	0.0056	0.0000	0.0818	0.0743	0.0000	0.0000	0.0000	0.0001	0.0001	0.0000	0.0006	0.0007	0.0000	0.0000	0.0000	0.0000	0.0135	0.0209	0.0001	0.0076	0.0090	0.0000	0.0166	0.0309	0.0001	0.0000	0.0022	-0.0000	-0.0043	31.2093	2.0001	46.3939	5.9880	0.0000	0.0000	0.0000	0.0000	0.0000	0.0000	0.0000	0.0000	0.0000	0.0094	0.0094	0.0000	0.0018	0.0018	0.0000	0.0076	0.0075	0.0000	0.3955	0.3412	0.0543	0.0640	0.0598	0.0042	0.3314	0.2813	0.0501	0.6946	0.4467	0.2480	0.2388	0.2026	0.0362	0.4559	0.2441	0.2118	0.0075	0.0056	0.0000	0.0818	0.0743	0.0000	0.0000	0.0000	0.0000	0.0135	0.0209	0.0001	0.0076	0.0090	0.0000	0.0166	0.0309	0.0001	
50	147	0.4224	6	0	0	2	1	0	0	0	0	N	N	Y	N	N	N	N	N	N	N	N	N	1.2475	0.0000	5.8374	0.8637	0.0000	2.1057	1.0974	0.0000	6.8593	3.4649	0.0000	25.4511	1.0354	0.0000	15.9532	3.9303	0.0000	26.2393	2.7775	1.8999	4.3600	1.1987	0.0671	7.5763	3.5814	3.3722	3.8254	4974891255.0423	1.2727	3.3365	0.7210	31.2093	9.0001	46.3939	23.0169	5.9699	0.0000	5.9699	0.2867	0.0000	0.2867	5.6831	0.0000	5.6831	7.0950	3.1219	3.9731	1.0332	0.0491	0.9841	6.0618	3.0728	2.9890	1.7229	1.4884	0.2346	0.2769	0.2590	0.0180	1.4460	1.2294	0.2166	2.5545	1.6432	0.9113	0.8619	0.7320	0.1299	1.6926	0.9112	0.7814	1.2475	0.0000	5.8374	0.8637	0.0000	2.1057	1.0974	0.0000	6.8593	2.7775	1.8999	4.3600	1.1987	0.0671	7.5763	3.5814	3.3722	3.8254
50	148	0.3970	5	0	0	1	1	0	0	0	0	N	N	N	N	N	N	N	N	N	N	N	N	0.0003	0.0002	0.0000	0.0006	0.0006	0.0000	0.0000	0.0000	0.0000	0.0003	0.0004	0.0000	0.0021	0.0023	0.0000	0.0000	0.0000	0.0000	1.3414	2.0868	0.0216	3.2627	3.8089	0.0038	0.1894	0.3484	0.0247	0.0000	0.0058	-0.0001	-0.6069	31.2093	1.9990	46.3939	7.9526	0.0001	0.0001	0.0000	0.0001	0.0001	0.0000	0.0000	0.0000	0.0000	1.3411	1.3333	0.0078	1.2227	1.2225	0.0002	0.1184	0.1108	0.0076	0.3975	0.3425	0.0549	0.0639	0.0598	0.0041	0.3335	0.2827	0.0508	0.9998	0.6389	0.3609	0.3748	0.3210	0.0538	0.6250	0.3180	0.3071	0.0003	0.0002	0.0000	0.0006	0.0006	0.0000	0.0000	0.0000	0.0000	1.3414	2.0868	0.0216	3.2627	3.8089	0.0038	0.1894	0.3484	0.0247
50	149	0.3651	4	1	1	1	0	0	0	0	0	N	N	N	N	N	N	N	N	N	N	N	N	0.4273	1.1042	0.0000	0.9759	0.9609	0.0000	0.3462	0.8600	0.0000	0.8242	0.9852	0.0000	0.2744	0.2870	0.0000	0.9743	1.2119	0.0000	1.9288	0.8923	3.9054	0.2812	0.2987	0.1601	2.8141	1.4091	4.4578	0.0000	2.2951	-0.4749	1.0425	31.2093	5.3497	46.3939	17.2225	1.0767	1.0767	0.0000	0.0769	0.0769	0.0000	0.9999	0.9999	0.0000	4.3775	1.3285	3.0490	0.2230	0.2070	0.0161	4.1545	1.1215	3.0330	1.3063	1.0929	0.2135	0.2801	0.2678	0.0123	1.0262	0.8251	0.2011	2.2696	1.4889	0.7807	0.7933	0.6929	0.1004	1.4763	0.7959	0.6804	0.4273	1.1042	0.0000	0.9759	0.9609	0.0000	0.3462	0.8600	0.0000	1.9288	0.8923	3.9054	0.2812	0.2987	0.1601	2.8141	1.4091	4.4578
50	150	0.3959	5	0	1	1	0	0	0	0	0	N	N	N	N	N	N	N	N	N	N	N	N	0.6705	0.0014	9.4190	0.0135	0.0017	0.3705	3.9672	0.0038	15.0241	0.5784	0.0016	3.8676	0.0254	0.0033	0.4635	0.8473	0.0006	4.2684	0.8627	1.0899	0.4106	1.8843	1.9647	1.2510	0.2136	0.1497	0.2841	430.2554	0.1894	0.3930	-0.6585	31.2093	3.6794	46.3939	17.4287	0.7062	0.0016	0.7045	0.0102	0.0013	0.0089	0.6960	0.0004	0.6956	2.2013	1.8508	0.3505	1.8680	1.7283	0.1397	0.3333	0.1225	0.2108	1.2208	1.0387	0.1822	0.3994	0.3802	0.0192	0.8214	0.6584	0.1630	2.5517	1.6981	0.8536	0.9914	0.8797	0.1117	1.5603	0.8184	0.7419	0.6705	0.0014	9.4190	0.0135	0.0017	0.3705	3.9672	0.0038	15.0241	0.8627	1.0899	0.4106	1.8843	1.9647	1.2510	0.2136	0.1497	0.2841
50	151	0.3651	4	0	1	1	0	0	0	0	0	N	N	N	N	N	N	N	N	N	N	N	N	0.9039	0.0617	11.3439	0.1121	0.1023	0.3878	2.7629	0.0527	13.0072	0.4923	0.0434	2.6316	0.1215	0.1208	0.1363	0.6141	0.0121	2.7811	0.5446	0.7025	0.2320	1.0835	1.1816	0.3516	0.2223	0.2297	0.2138	12.7374	0.1668	0.2267	-0.2685	31.2093	3.4464	46.3939	10.1316	0.4663	0.0339	0.4323	0.0285	0.0272	0.0013	0.4378	0.0067	0.4311	0.8512	0.7296	0.1217	0.6339	0.6095	0.0243	0.2174	0.1200	0.0974	0.9472	0.7829	0.1643	0.2343	0.2250	0.0093	0.7129	0.5579	0.1550	1.5630	1.0384	0.5245	0.5850	0.5158	0.0692	0.9780	0.5226	0.4554	0.9039	0.0617	11.3439	0.1121	0.1023	0.3878	2.7629	0.0527	13.0072	0.5446	0.7025	0.2320	1.0835	1.1816	0.3516	0.2223	0.2297	0.2138
50	152	0.7925	10	1	1	1	0	0	0	0	0	N	N	N	N	N	N	N	N	N	N	N	N	0.6184	0.5822	0.0134	0.5015	0.6786	0.0034	1.4563	0.0000	4.2126	4.9813	5.7284	0.0456	16.3838	17.6108	0.0558	0.0069	0.0000	0.0436	8.0546	9.8397	3.3910	32.6694	25.9504	16.5128	0.0047	0.0000	0.0103	0.0012	0.2000	-0.4396	-1.7424	31.2093	1.0143	46.3939	12.0086	0.9993	0.9981	0.0012	0.9984	0.9981	0.0002	0.0010	0.0000	0.0010	5.9733	4.9777	0.9956	5.9711	4.9777	0.9934	0.0022	0.0000	0.0022	0.2006	0.1742	0.0264	0.0609	0.0567	0.0043	0.1397	0.1176	0.0221	0.9575	0.6639	0.2936	0.4956	0.4125	0.0830	0.4620	0.2514	0.2106	0.7985	0.7640	0.0134	1.3597	1.4595	0.0047	1.4563	0.0000	4.2126	6.2383	7.4976	3.3910	12.0494	12.0659	11.9671	0.0047	0.0000	0.0103
50	153	0.7902	9	1	1	1	0	0	0	0	0	N	N	N	N	N	N	N	N	N	N	N	N	0.3116	0.5086	0.0000	0.8358	1.0016	0.0000	0.0000	0.0000	0.0000	0.0070	0.0081	0.0000	0.0237	0.0255	0.0000	0.0000	0.0000	0.0000	0.0226	0.0160	0.0377	0.0283	0.0254	0.0430	0.0164	0.0000	0.0356	0.0000	1.0422	-0.0006	0.0001	31.2093	0.9811	46.3939	0.0216	0.0014	0.0014	0.0000	0.0014	0.0014	0.0000	0.0000	0.0000	0.0000	0.0018	0.0009	0.0009	0.0012	0.0009	0.0003	0.0006	0.0000	0.0006	0.1916	0.1664	0.0252	0.0570	0.0530	0.0040	0.1346	0.1134	0.0212	0.0781	0.0542	0.0239	0.0407	0.0340	0.0067	0.0373	0.0202	0.0171	0.3116	0.5086	0.0000	0.8358	1.0016	0.0000	0.0000	0.0000	0.0000	0.0226	0.0160	0.0377	0.0283	0.0254	0.0430	0.0164	0.0000	0.0356
50	154	0.7857	8	1	1	1	0	0	0	0	0	N	N	N	N	N	N	N	N	N	N	N	N	0.1326	0.3576	0.0005	0.5812	0.5856	0.0000	0.0003	0.1544	0.0005	0.0018	0.0020	0.0000	0.0048	0.0053	0.0000	0.0000	0.0000	0.0000	0.0132	0.0057	0.0304	0.0083	0.0090	0.0043	0.0187	0.0000	0.0405	0.0011	2.3569	-0.0000	0.0005	31.2093	0.0083	46.3939	2.0001	0.0000	0.0000	0.0000	0.0000	0.0000	0.0000	0.0000	0.0000	0.0000	0.0021	0.0006	0.0015	0.0007	0.0006	0.0001	0.0014	0.0000	0.0014	0.0019	0.0016	0.0003	0.0007	0.0006	0.0001	0.0012	0.0010	0.0002	0.1595	0.1108	0.0487	0.0832	0.0696	0.0136	0.0763	0.0412	0.0351	0.1326	0.3576	0.0005	0.5812	0.5856	0.0000	0.0003	0.1544	0.0005	0.0132	0.0057	0.0304	0.0083	0.0090	0.0043	0.0187	0.0000	0.0405
50	155	0.7620	7	0	1	1	0	0	0	0	0	N	N	N	N	N	N	N	N	N	N	N	N	0.0018	0.0623	0.0000	0.0934	0.1159	0.0000	0.0000	0.0600	0.0000	0.0022	0.0025	0.0000	0.0069	0.0075	0.0000	0.0000	0.0000	0.0000	1.2252	0.0409	4.0263	0.0739	0.0649	0.1175	2.5349	0.0004	5.7629	0.0023	41.6708	-0.0006	0.6155	31.2093	2.9180	46.3939	7.4065	0.0013	0.0013	0.0000	0.0013	0.0013	0.0000	0.0000	0.0000	0.0000	1.1878	0.0278	1.1600	0.0381	0.0277	0.0104	1.1497	0.0001	1.1495	0.5882	0.5084	0.0799	0.1863	0.1710	0.0153	0.4020	0.3374	0.0646	0.9694	0.6814	0.2881	0.5159	0.4273	0.0886	0.4535	0.2541	0.1995	0.0018	0.0623	0.0000	0.0934	0.1159	0.0000	0.0000	0.0600	0.0000	1.2252	0.0409	4.0263	0.0739	0.0649	0.1175	2.5349	0.0004	5.7629
50	156	0.6962	6	0	0	1	0	0	0	0	0	N	N	N	N	N	N	N	N	N	N	N	N	0.0202	0.0158	0.0492	0.0181	0.0023	2.2704	0.0206	0.0592	0.0231	0.0149	0.0086	0.0580	0.0112	0.0017	0.0992	0.0178	0.0145	0.0368	0.7359	0.5467	1.1782	0.6178	0.7214	0.0437	0.8657	0.2445	1.5919	0.9707	0.9218	0.0019	0.0436	31.2093	8.2479	46.3939	19.7214	0.0372	0.0189	0.0183	0.0123	0.0016	0.0106	0.0250	0.0173	0.0077	2.0494	1.0664	0.9830	0.9015	0.8918	0.0097	1.1479	0.1747	0.9733	2.5006	2.1842	0.3164	1.0982	0.9910	0.1072	1.4024	1.1932	0.2092	2.7851	1.9508	0.8344	1.4592	1.2362	0.2230	1.3259	0.7145	0.6114	0.0202	0.0158	0.0492	0.0181	0.0023	2.2704	0.0206	0.0592	0.0231	0.7359	0.5467	1.1782	0.6178	0.7214	0.0437	0.8657	0.2445	1.5919
50	157	0.6600	5	0	0	1	0	0	0	0	0	N	N	N	N	N	N	N	N	N	N	N	N	0.4441	0.5659	0.1483	0.0735	0.0659	0.2035	0.4327	0.6338	0.1249	0.5909	0.6452	0.2641	0.0615	0.0629	0.0415	0.8252	0.9377	0.3006	1.3306	1.1401	1.7805	0.8362	0.9541	0.2039	1.9071	1.4795	2.4068	0.0680	0.6611	-0.3942	-0.2110	31.2093	7.4725	46.3939	14.3153	1.0445	0.9780	0.0665	0.0333	0.0319	0.0015	1.0112	0.9461	0.0651	3.4944	2.1036	1.3908	1.1824	1.1371	0.0453	2.3120	0.9665	1.3455	1.7678	1.5158	0.2520	0.5424	0.5069	0.0355	1.2254	1.0090	0.2165	2.6262	1.8451	0.7811	1.4139	1.1918	0.2221	1.2123	0.6533	0.5590	0.4441	0.5659	0.1483	0.0735	0.0659	0.2035	0.4327	0.6338	0.1249	1.3306	1.1401	1.7805	0.8362	0.9541	0.2039	1.9071	1.4795	2.4068
50	158	0.5945	4	0	0	1	0	0	0	0	0	N	N	N	N	N	N	N	N	N	N	N	N	0.4786	0.5374	0.6419	1.9988	1.9466	0.0218	0.1543	0.0311	0.5155	0.6615	0.5178	1.5376	1.5902	1.6700	0.0106	0.3248	0.0360	1.6901	1.3820	0.9635	2.3955	0.7956	0.8579	0.4853	2.1052	1.1592	3.2785	0.4870	1.0268	-0.1999	0.2781	31.2093	11.6653	46.3939	19.4910	1.7600	1.1835	0.5764	1.1259	1.1255	0.0004	0.6341	0.0581	0.5761	5.7659	2.8449	2.9210	1.8329	1.6458	0.1871	3.9329	1.1990	2.7339	2.6606	2.2857	0.3749	0.7080	0.6739	0.0340	1.9526	1.6118	0.3408	4.1721	2.9527	1.2194	2.3039	1.9184	0.3855	1.8682	1.0343	0.8339	0.4786	0.5374	0.6419	1.9988	1.9466	0.0218	0.1543	0.0311	0.5155	1.3820	0.9635	2.3955	0.7956	0.8579	0.4853	2.1052	1.1592	3.2785
50	159	0.5473	3	0	0	1	0	0	0	0	0	N	N	N	N	N	N	N	N	N	N	N	N	0.7326	0.4349	1.6702	0.6054	1.0901	0.1201	0.6192	0.0301	1.6683	1.0587	0.2064	6.4180	0.5383	0.5479	0.3415	1.3120	0.0128	7.1729	1.4451	0.4746	3.8426	0.8892	0.5026	2.8439	2.1188	0.4243	4.2997	4.9454	3.2772	0.8408	1.8580	31.2093	7.3933	46.3939	20.5306	2.1520	0.3620	1.7900	0.3582	0.3477	0.0105	1.7938	0.0143	1.7795	6.0358	1.4112	4.6247	2.0348	0.9603	1.0745	4.0010	0.4509	3.5501	2.0326	1.7537	0.2789	0.6654	0.6346	0.0308	1.3672	1.1191	0.2481	4.1766	2.9731	1.2035	2.2883	1.9105	0.3778	1.8883	1.0627	0.8257	0.7326	0.4349	1.6702	0.6054	1.0901	0.1201	0.6192	0.0301	1.6683	1.4451	0.4746	3.8426	0.8892	0.5026	2.8439	2.1188	0.4243	4.2997
50	160	0.3111	2	0	0	1	0	0	0	0	0	N	N	N	N	N	N	N	N	N	N	N	N	1.0630	0.0068	4.1237	1.3798	0.3135	6.7157	0.8712	0.0013	3.9296	3.3004	0.0104	23.7296	0.9741	0.0988	20.8017	3.4743	0.0030	23.7930	3.1047	1.5346	5.7545	0.7060	0.3153	3.0975	3.9882	2.2460	6.0549	368.2708	2.2221	8.6010	4.3362	31.2093	27.6416	46.3939	54.6365	15.4643	0.0419	15.4224	0.3176	0.0309	0.2867	15.1467	0.0110	15.1357	18.7493	5.8190	12.9303	1.1475	0.4405	0.7070	17.6018	5.3784	12.2234	4.6856	4.0357	0.6499	0.3261	0.3123	0.0138	4.3596	3.7235	0.6361	6.0389	3.7919	2.2470	1.6254	1.3972	0.2282	4.4135	2.3947	2.0188	1.0630	0.0068	4.1237	1.3798	0.3135	6.7157	0.8712	0.0013	3.9296	3.1047	1.5346	5.7545	0.7060	0.3153	3.0975	3.9882	2.2460	6.0549
50	161	0.4156	8	1	1	1	0	0	0	0	0	N	N	N	N	N	N	N	N	N	N	N	N	3.2199	2.2613	0.0000	0.0000	0.0000	0.0000	12574.6330	634022.1481	0.0000	2.1300	2.3059	0.0000	0.0000	0.0000	0.0000	3.3083	3.7232	0.0000	0.6615	1.0197	0.0007	1.8714	2.2119	0.0014	0.0003	0.0000	0.0006	0.0000	0.0004	-0.0001	-0.0831	31.2093	0.0002	46.3939	3.0099	0.0002	0.0002	0.0000	0.0000	0.0000	0.0000	0.0002	0.0002	0.0000	0.1814	0.1813	0.0001	0.1814	0.1813	0.0000	0.0000	0.0000	0.0000	0.0001	0.0001	0.0000	0.0000	0.0000	0.0000	0.0001	0.0001	0.0000	0.2742	0.1778	0.0964	0.0969	0.0820	0.0149	0.1773	0.0959	0.0815	3.2199	2.2613	0.0000	0.0000	0.0000	0.0000	12574.6330	634022.1481	0.0000	0.6615	1.0197	0.0007	1.8714	2.2119	0.0014	0.0003	0.0000	0.0006
50	162	0.4080	7	1	1	1	0	0	0	0	0	N	N	N	N	N	N	N	N	N	N	N	N	1092.6229	818.7580	0.0000	0.0000	0.0000	0.0000	84942.8861	66534.3748	0.0000	5.0361	5.8422	0.0000	0.0000	0.0000	0.0000	5.9881	7.0586	0.0000	0.0046	0.0071	0.0000	0.0131	0.0156	0.0001	0.0001	0.0001	0.0000	0.0000	0.0027	-0.4410	-0.0006	31.2093	0.9998	46.3939	2.0118	0.9998	0.9998	0.0000	0.0000	0.0000	0.0000	0.9998	0.9998	0.0000	0.0012	0.0012	0.0000	0.0012	0.0012	0.0000	0.0000	0.0000	0.0000	0.1985	0.1711	0.0274	0.0316	0.0295	0.0021	0.1670	0.1416	0.0253	0.2676	0.1724	0.0952	0.0930	0.0782	0.0148	0.1746	0.0942	0.0804	1092.6229	818.7580	0.0000	0.0000	0.0000	0.0000	84942.8861	66534.3748	0.0000	0.0046	0.0071	0.0000	0.0131	0.0156	0.0001	0.0001	0.0001	0.0000
50	163	0.4080	6	1	1	1	0	0	0	0	0	N	N	N	N	N	N	N	N	N	N	N	N	0.0000	0.0000	0.0000	0.0000	0.0000	0.0000	0.0000	0.0000	0.0000	0.0000	0.0000	0.0000	0.0000	0.0000	0.0000	0.0000	0.0000	0.0629	0.0549	0.0923	0.1102	0.1031	0.2297	0.0250	0.0000	0.0740	0.4536	0.0000	-0.0000	31.2093	0.0000	46.3939	0.0003	0.0000	0.0000	0.0000	0.0000	0.0000	0.0000	0.0000	0.0000	0.0000	0.0000	0.0000	0.0000	0.0000	0.0000	0.0000	0.0000	0.0000	0.0000	0.0000	0.0000	0.0000	0.0000	0.0000	0.0000	0.0000	0.0000	0.0000	0.0001	0.0001	0.0000	0.0000	0.0000	0.0000	0.0000	0.0000	0.0000	0.0000	0.0000	0.0000	0.0000	0.0000	0.0000	0.0000	0.0000	0.0000	0.0629	0.0549	0.0923	0.1102	0.1031	0.2297	0.0250	0.0000	0.0740		
50	164	0.3970	5	0	1	1	0	0	0	0	0	N	N	N	N	N	N	N	N	N	N	N	N	0.0172	0.0136	0.0003	2.4011	2.1641	0.0000	0.0000	0.0000	0.0003	0.0337	0.0412	0.0000	0.0865	0.0878	0.0000	0.0000	0.0000	0.0000	1.9617	3.0224	0.1257	0.0360	0.0406	0.0070	3.2893	6.7753	0.1467	0.0002	0.0240	-0.0001	-0.4516	31.2093	0.0063	46.3939	4.3641	0.0001	0.0001	0.0000	0.0001	0.0001	0.0000	0.0000	0.0000	0.0000	1.0385	1.0141	0.0244	0.0078	0.0076	0.0002	1.0307	1.0065	0.0242	0.0037	0.0030	0.0007	0.0014	0.0014	0.0000	0.0023	0.0016	0.0007	0.5294	0.3355	0.1939	0.2160	0.1870	0.0291	0.3134	0.1486	0.1648	0.0172	0.0136	0.0003	2.4011	2.1641	0.0000	0.0000	0.0000	0.0003	1.9617	3.0224	0.1257	0.0360	0.0406	0.0070	3.2893	6.7753	0.1467
50	165	0.3651	4	0	0	1	0	0	0	0	0	N	N	N	N	N	N	N	N	N	N	N	N	0.2005	1.0490	0.0004	3.4184	3.4357	0.0020	0.0013	0.0089	0.0004	0.1004	0.1226	0.0005	0.3630	0.3768	0.0002	0.0010	0.0011	0.0005	0.5010	0.1169	1.2667	0.1062	0.1097	0.0798	0.7416	0.1242	1.4479	0.0009	5.4355	-0.0341	0.2861	31.2093	2.5207	46.3939	10.0226	0.0774	0.0773	0.0001	0.0768	0.0768	0.0000	0.0005	0.0005	0.0001	0.7408	0.1151	0.6257	0.0595	0.0542	0.0052	0.6814	0.0609	0.6205	0.7702	0.6303	0.1400	0.2117	0.2039	0.0078	0.5586	0.4264	0.1322	1.4787	0.9847	0.4940	0.5599	0.4945	0.0654	0.9187	0.4902	0.4286	0.2005	1.0490	0.0004	3.4184	3.4357	0.0020	0.0013	0.0089	0.0004	0.5010	0.1169	1.2667	0.1062	0.1097	0.0798	0.7416	0.1242	1.4479
50	166	0.3495	3	0	0	1	0	0	0	0	0	N	N	N	N	N	N	N	N	N	N	N	N	1.9349	7.1337	0.0143	0.3758	2.1105	0.0040	4.6282	9.5039	0.0416	1.3072	1.5127	0.0245	0.3921	0.4291	0.0252	1.7785	2.1178	0.0243	0.6756	0.2121	1.7121	1.0434	0.2033	6.3892	0.3843	0.2228	0.5846	0.0026	3.6106	-0.4782	0.2456	31.2093	2.6894	46.3939	4.6619	1.0904	1.0876	0.0028	0.1112	0.1105	0.0007	0.9792	0.9770	0.0022	0.7564	0.1641	0.5924	0.5163	0.0870	0.4294	0.2401	0.0771	0.1630	0.8342	0.7190	0.1152	0.2836	0.2576	0.0260	0.5506	0.4614	0.0892	1.1197	0.7737	0.3460	0.4949	0.4277	0.0672	0.6248	0.3460	0.2788	1.9349	7.1337	0.0143	0.3758	2.1105	0.0040	4.6282	9.5039	0.0416	0.6756	0.2121	1.7121	1.0434	0.2033	6.3892	0.3843	0.2228	0.5846
50	167	0.3111	2	0	0	1	0	0	0	0	0	N	N	N	N	N	N	N	N	N	N	N	N	3.1199	0.9773	144.2627	0.1019	0.0931	0.3273	3.2387	0.7768	322.2874	3.2280	1.5756	13.1250	0.0979	0.0946	0.1698	3.4798	1.7099	13.4222	1.0347	1.6122	0.0910	0.9600	1.0161	0.5188	1.0745	2.2011	0.0416	1.3909	0.0345	0.2414	-0.6152	31.2093	2.7966	46.3939	8.5340	1.7162	0.7178	0.9984	0.0039	0.0036	0.0003	1.7123	0.7142	0.9981	1.4476	1.3993	0.0483	0.4668	0.4383	0.0285	0.9808	0.9610	0.0198	0.5316	0.4556	0.0761	0.0396	0.0379	0.0017	0.4921	0.4177	0.0744	1.3991	0.8679	0.5312	0.4862	0.4313	0.0549	0.9129	0.4366	0.4763	3.1199	0.9773	144.2627	0.1019	0.0931	0.3273	3.2387	0.7768	322.2874	1.0347	1.6122	0.0910	0.9600	1.0161	0.5188	1.0745	2.2011	0.0416
51	52	0.2003	5	1	1	1	0	0	0	0	0	N	N	N	N	N	N	N	N	N	N	N	N	0.0049	0.0000	30.2035	0.0018	0.0000	136.6427	0.0569	0.0000	32.1746	0.0003	0.0000	0.0025	0.0002	0.0000	0.0322	0.0003	0.0000	0.0017	0.0551	0.0812	0.0001	0.1194	0.1353	0.0002	0.0053	0.0102	0.0001	inf	0.0005	0.0000	-0.0012	4.1516	0.0028	14.5664	0.9232	0.0000	0.0000	0.0000	0.0000	0.0000	0.0000	0.0000	0.0000	0.0000	0.0026	0.0026	0.0000	0.0025	0.0025	0.0000	0.0001	0.0001	0.0000	0.0003	0.0003	0.0000	0.0001	0.0001	0.0000	0.0002	0.0001	0.0000	0.0479	0.0325	0.0154	0.0209	0.0184	0.0025	0.0270	0.0140	0.0130	0.0049	0.0000	30.2035	0.0018	0.0000	136.6427	0.0569	0.0000	32.1746	0.0551	0.0812	0.0001	0.1194	0.1353	0.0002	0.0053	0.0102	0.0001
51	53	0.5796	9	0	2	0	0	0	0	0	0	N	Y	N	N	N	N	N	N	N	N	N	N	0.0448	0.0960	0.0001	0.2453	0.2635	0.0010	0.0034	0.0137	0.0000	0.0007	0.0008	0.0000	0.0023	0.0024	0.0000	0.0001	0.0001	0.0000	0.0165	0.0088	0.0359	0.0092	0.0090	0.0105	0.0286	0.0083	0.0485	0.0005	1.6223	-0.0001	0.0031	4.1516	8.5400	14.5664	19.3759	0.0002	0.0002	0.0000	0.0002	0.0002	0.0000	0.0000	0.0000	0.0000	0.0191	0.0073	0.0118	0.0066	0.0055	0.0012	0.0125	0.0018	0.0107	0.2973	0.2601	0.0372	0.0885	0.0844	0.0040	0.2089	0.1757	0.0332	1.1552	0.8253	0.3299	0.7184	0.6085	0.1099	0.4369	0.2169	0.2200	0.0448	0.0960	0.0001	0.2453	0.2635	0.0010	0.0034	0.0137	0.0000	0.0165	0.0088	0.0359	0.0092	0.0090	0.0105	0.0286	0.0083	0.0485
51	54	0.5165	8	0	1	0	0	0	0	0	0	N	N	N	N	N	N	N	N	N	N	N	N	0.0011	0.0219	0.0000	0.0107	0.0133	0.0002	0.0005	0.1155	0.0000	0.0004	0.0005	0.0000	0.0004	0.0004	0.0000	0.0005	0.0006	0.0000	0.3990	0.0234	1.3436	0.0376	0.0314	0.0722	0.9169	0.0048	1.9278	0.0017	22.8414	-0.0001	0.2625	4.1516	7.3474	14.5664	24.2346	0.0001	0.0001	0.0000	0.0000	0.0000	0.0000	0.0001	0.0001	0.0000	0.5253	0.0220	0.5033	0.0292	0.0207	0.0085	0.4961	0.0014	0.4948	0.2697	0.2368	0.0329	0.0783	0.0751	0.0031	0.1914	0.1617	0.0297	1.3166	0.9420	0.3746	0.7755	0.6575	0.1179	0.5411	0.2844	0.2566	0.0011	0.0219	0.0000	0.0107	0.0133	0.0002	0.0005	0.1155	0.0000	0.3990	0.0234	1.3436	0.0376	0.0314	0.0722	0.9169	0.0048	1.9278
51	55	0.4867	7	0	1	0	0	0	0	0	0	N	N	N	N	N	N	N	N	N	N	N	N	0.1162	0.1792	0.0013	0.0145	0.0135	0.0000	0.1459	2.8125	0.0010	0.0648	0.0734	0.0012	0.0074	0.0077	0.0000	0.0909	0.1076	0.0013	0.5579	0.4096	0.9425	0.5121	0.5696	0.1630	0.6232	0.0383	1.2743	0.0022	0.8873	-0.0040	0.0073	4.1516	3.4216	14.5664	15.9376	0.0092	0.0091	0.0000	0.0003	0.0003	0.0000	0.0088	0.0088	0.0000	0.6164	0.3266	0.2898	0.3324	0.3174	0.0150	0.2840	0.0092	0.2748	0.1414	0.1247	0.0168	0.0442	0.0427	0.0015	0.0973	0.0820	0.0153	1.1047	0.7973	0.3075	0.6490	0.5572	0.0918	0.4557	0.2400	0.2157	0.1162	0.1792	0.0013	0.0145	0.0135	0.0000	0.1459	2.8125	0.0010	0.5579	0.4096	0.9425	0.5121	0.5696	0.1630	0.6232	0.0383	1.2743
51	56	0.2034	3	0	2	0	0	0	0	0	0	N	Y	N	N	N	N	N	N	N	N	N	N	0.2832	0.3678	0.0001	1.2133	1.4118	0.0006	0.0000	0.0001	0.0001	0.2044	0.2389	0.0001	1.3314	1.3814	0.0010	0.0000	0.0000	0.0000	0.7219	0.6494	0.8765	1.0973	0.9785	1.6431	0.3130	0.0918	0.5602	0.0001	0.6329	-0.0029	-0.0844	4.1516	0.9891	14.5664	20.6926	0.0066	0.0066	0.0000	0.0066	0.0066	0.0000	0.0000	0.0000	0.0000	1.1921	0.7301	0.4621	0.9448	0.6918	0.2530	0.2474	0.0383	0.2090	0.0321	0.0275	0.0046	0.0049	0.0047	0.0002	0.0272	0.0227	0.0045	1.6514	1.1242	0.5272	0.8610	0.7070	0.1540	0.7904	0.4172	0.3732	0.2832	0.3678	0.0001	1.2133	1.4118	0.0006	0.0000	0.0001	0.0001	0.7219	0.6494	0.8765	1.0973	0.9785	1.6431	0.3130	0.0918	0.5602
51	57	0.0830	2	0	1	0	0	0	0	0	0	N	N	N	N	N	N	N	N	N	N	N	N	0.0109	0.0013	0.0509	0.0000	0.0001	0.0000	0.0105	0.0010	0.0534	0.0531	0.0042	0.3231	0.0001	0.0001	0.0000	0.0549	0.0043	0.3262	4.8705	3.1955	6.3447	2.3123	1.6047	9.1129	5.2310	4.4243	6.1040	14.0708	1.1252	0.0035	0.4895	4.1516	5.0326	14.5664	39.3193	0.0070	0.0005	0.0066	0.0000	0.0000	0.0000	0.0070	0.0005	0.0066	6.8860	3.2401	3.6458	1.1281	0.7091	0.4190	5.7579	2.5310	3.2269	0.1322	0.1119	0.0203	0.0044	0.0042	0.0002	0.1278	0.1077	0.0201	1.5886	1.0140	0.5746	0.4879	0.4419	0.0460	1.1007	0.5721	0.5286	0.0123	0.0013	0.0509	0.0000	0.0001	0.0000	0.0105	0.0010	0.0534	4.3346	3.1955	6.3447	2.3123	1.6047	9.1129	5.2310	4.4243	6.1040
51	58	0.0830	2	0	2	0	1	0	0	0	0	N	Y	N	N	N	N	N	N	N	N	N	N	0.0002	0.0006	0.0000	0.0139	0.0196	0.0000	0.0000	0.0000	0.0000	0.0006	0.0007	0.0000	0.0183	0.0191	0.0000	0.0000	0.0000	0.0000	2.6901	1.2211	5.2804	1.3184	0.9775	4.5949	3.3035	1.4114	5.3404	0.0063	2.4525	-0.0000	1.0305	4.1516	5.0036	14.5664	36.7244	0.0001	0.0001	0.0000	0.0001	0.0001	0.0000	0.0000	0.0000	0.0000	4.0897	1.1846	2.9051	0.6193	0.4159	0.2034	3.4704	0.7687	2.7017	0.1314	0.1112	0.0202	0.0044	0.0042	0.0002	0.1270	0.1071	0.0200	1.5203	0.9701	0.5502	0.4697	0.4255	0.0443	1.0505	0.5446	0.5059	0.0002	0.0006	0.0000	0.0139	0.0196	0.0000	0.0000	0.0000	0.0000	2.6901	1.2211	5.2804	1.3184	0.9775	4.5949	3.3035	1.4114	5.3404
51	59	0.4671	7	0	2	0	1	0	0	0	0	N	Y	N	N	N	N	N	N	N	N	N	N	3.0485	2.5516	0.1275	7.2019	6.2691	2.0620	0.0000	0.0000	0.0010	2.5718	2.9356	0.0006	8.3852	8.7744	0.0058	0.0000	0.0000	0.0000	0.8436	1.1505	0.0051	1.1643	1.3996	0.0028	0.3138	0.5477	0.0065	0.0000	0.0016	-0.4343	-0.7721	4.1516	10.4254	14.5664	21.2017	0.9847	0.9847	0.0000	0.9847	0.9847	0.0000	0.0000	0.0000	0.0000	1.6904	1.6877	0.0027	1.4533	1.4527	0.0006	0.2371	0.2350	0.0021	0.3829	0.3354	0.0475	0.1174	0.1122	0.0052	0.2655	0.2232	0.0422	2.0038	1.4670	0.5368	1.2482	1.0379	0.2103	0.7556	0.4290	0.3266	3.0485	2.5516	0.1275	7.2019	6.2691	2.0620	0.0000	0.0000	0.0010	0.8436	1.1505	0.0051	1.1643	1.3996	0.0028	0.3138	0.5477	0.0065
51	60	0.2003	5	1	1	1	0	0	0	0	0	N	N	N	N	N	N	N	N	N	N	N	N	0.0001	0.1154	0.0000	0.0461	0.5301	0.0000	0.0000	0.0000	0.0000	0.0003	0.0004	0.0000	0.0021	0.0022	0.0000	0.0000	0.0000	0.0000	2.7167	0.0033	11.9148	0.0458	0.0042	0.2829	4.6258	0.0022	12.6407	0.0027	1239.1123	-0.0000	0.3015	4.1516	1.9981	14.5664	3.0867	0.0000	0.0000	0.0000	0.0000	0.0000	0.0000	0.0000	0.0000	0.0000	0.5575	0.0004	0.5571	0.0039	0.0003	0.0036	0.5536	0.0001	0.5535	0.0615	0.0527	0.0088	0.0095	0.0089	0.0005	0.0520	0.0438	0.0083	0.2052	0.1370	0.0683	0.0855	0.0728	0.0128	0.1197	0.0642	0.0555	0.0001	0.1154	0.0000	0.0461	0.5301	0.0000	0.0000	0.0000	0.0000	2.7167	0.0033	8.1599	0.0458	0.0042	0.2829	4.6258	0.0022	9.9709
51	61	0.1569	4	1	1	1	0	0	0	0	0	N	N	N	N	N	N	N	N	N	N	N	N	0.0009	0.0000	0.7385	0.0000	0.0000	0.0000	0.0011	0.0000	0.7567	0.0011	0.0000	0.0080	0.0000	0.0000	0.0000	0.0014	0.0000	0.0085	1.2389	1.8407	0.0109	1.2409	1.5003	0.0095	1.2372	2.2629	0.0113	778.3548	0.0029	0.0001	-0.4995	4.1516	4.0039	14.5664	14.0733	0.0001	0.0000	0.0001	0.0000	0.0000	0.0000	0.0001	0.0000	0.0001	1.0966	1.0935	0.0032	0.4942	0.4935	0.0007	0.6025	0.6000	0.0025	0.1229	0.1054	0.0175	0.0194	0.0184	0.0011	0.1034	0.0870	0.0164	0.8852	0.5941	0.2911	0.3982	0.3289	0.0693	0.4869	0.2651	0.2218	0.0009	0.0000	0.7385	0.0000	0.0000	0.0000	0.0011	0.0000	0.7567	1.2389	1.8407	0.0109	1.2409	1.5003	0.0095	1.2372	2.2629	0.0113
51	62	0.1763	5	1	1	1	0	0	0	0	0	N	N	N	N	N	N	N	N	N	N	N	N	0.0000	0.0000	0.0000	0.0000	0.0000	0.0000	0.0000	0.0000	0.0000	0.0000	0.0000	0.0000	0.0000	0.0000	0.0000	0.0000	0.0000	0.0000	0.0551	0.0804	0.0051	0.0881	0.1004	0.0214	0.0310	0.0572	0.0012	0.0322	-0.0000	-0.0151	4.1516	0.0060	14.5664	17.2393	0.0000	0.0000	0.0000	0.0000	0.0000	0.0000	0.0000	0.0000	0.0000	0.0354	0.0343	0.0011	0.0239	0.0230	0.0009	0.0115	0.0113	0.0002	0.0007	0.0006	0.0001	0.0003	0.0003	0.0000	0.0004	0.0003	0.0001	0.6431	0.4268	0.2163	0.2712	0.2289	0.0422	0.3719	0.1979	0.1740	0.0000	0.0000	0.0000	0.0000	0.0000	0.0000	0.0000	0.0000	0.0000	0.0551	0.0804	0.0051	0.0881	0.1004	0.0214	0.0310	0.0572	0.0012	
51	65	0.2053	4	0	2	0	0	0	0	0	0	N	Y	N	N	N	N	N	N	N	N	N	N	0.7972	0.0011	1180.2067	0.3799	0.3031	14.1972	0.5549	0.0000	1094.8451	0.7797	0.0015	5.7844	0.0086	0.0079	0.0355	0.9390	0.0000	5.9896	0.9781	1.4205	0.0049	0.0228	0.0261	0.0025	1.6920	3.0240	0.0055	590.9514	0.0016	0.0264	-0.2823	4.1516	1.7555	14.5664	11.9300	0.0473	0.0001	0.0473	0.0001	0.0001	0.0000	0.0472	0.0000	0.0472	0.6180	0.6170	0.0010	0.0061	0.0061	0.0001	0.6119	0.6110	0.0009	0.0607	0.0525	0.0082	0.0104	0.0101	0.0003	0.0503	0.0424	0.0079	0.6318	0.4344	0.1975	0.2702	0.2323	0.0379	0.3616	0.2020	0.1596	0.7972	0.0011	1180.2067	0.3799	0.3031	14.1972	0.5549	0.0000	1094.8451	0.9781	1.4205	0.0049	0.0228	0.0261	0.0025	1.6920	3.0240	0.0055
51	66	0.1844	6	1	2	1	0	0	0	0	0	N	Y	N	N	N	N	N	N	N	N	N	N	0.0000	0.0000	0.0000	0.0000	0.0000	0.0000	0.0000	0.0000	0.0000	0.0000	0.0000	0.0000	0.0000	0.0000	0.0000	0.0000	0.0000	0.0000	0.0000	0.0000	4.1516	0.0000	14.5664	0.0000	0.0000	0.0000	0.0000	0.0000	0.0000	0.0000	0.0000	0.0000	0.0000	0.0000	0.0000	0.0000	0.0000	0.0000	0.0000	0.0000	0.0000	0.0000	0.0000	0.0000	0.0000	0.0000	0.0000	0.0000	0.0000	0.0000	0.0000	0.0000	0.0000	0.0000	0.0000	0.0000	0.0000	0.0000	0.0000	0.0000	0.0000	0.0000	0.0000	0.0000	0.0000	0.0000	0.0000	0.0000	0.0000	0.0000	0.0000	0.0000	0.0000	0.0000	0.0000	0.0000	0.0000	0.0000											
51	67	0.6889	9	1	2	1	0	0	0	0	0	N	Y	N	N	N	N	N	N	N	N	N	N	0.0000	0.0000	0.0000	0.0000	0.0000	0.0000	0.0000	0.0000	0.0000	0.0000	0.0000	0.0000	0.0000	0.0000	0.0000	0.0018	0.0025	0.0000	0.0028	0.0033	0.0000	0.0004	0.0007	0.0000	0.0000	0.0000	-0.0001	4.1516	1.0000	14.5664	3.0000	0.0000	0.0000	0.0000	0.0000	0.0000	0.0000	0.0000	0.0000	0.0000	0.0003	0.0003	0.0000	0.0002	0.0002	0.0000	0.0000	0.0000	0.0000	0.0279	0.0244	0.0035	0.0085	0.0080	0.0005	0.0193	0.0164	0.0030	0.1382	0.1002	0.0381	0.0824	0.0697	0.0127	0.0558	0.0304	0.0254	0.0000	0.0000	0.0000	0.0000	0.0000	0.0000	0.0000	0.0000	0.0000	0.0018	0.0025	0.0000	0.0028	0.0033	0.0000	0.0004	0.0007	0.0000				
51	68	0.1844	6	1	2	1	0	0	0	0	0	N	Y	N	N	N	N	N	N	N	N	N	N	inf	inf	inf	inf	0.0013	0.0015	0.0000	0.0086	0.0091	0.0000	0.0000	0.0000	0.0000	0.0000	0.0000	0.0000	0.0000	0.0000	0.0000	0.0000	0.0000	0.0000	0.0000	-0.0000	0.0000	4.1516	1.0000	14.5664	0.0000	0.0000	0.0000	0.0000	0.0000	0.0000	0.0000	0.0000	0.0000	0.0000	0.0000	0.0000	0.0000	0.0000	0.0000	0.0000	0.0000	0.0000	0.0000	0.0307	0.0263	0.0044	0.0046	0.0044	0.0002	0.0261	0.0219	0.0041	0.0386	0.0256	0.0131	0.0154	0.0134	0.0020	0.0232	0.0122	0.0111	inf	inf	0.0000	inf	inf	0.0000	0.0000	0.0000	0.0000	0.0000	0.0000	0.0000	0.0000	0.0000	0.0000	0.0000	0.0000	0.0000						
51	69	0.1679	5	1	2	1	0	0	0	0	0	N	Y	N	N	N	N	N	N	N	N	N	N	0.0001	0.0001	0.0000	0.0002	0.0002	0.0000	0.0000	0.0000	0.0000	0.0000	0.0000	0.0000	0.0000	0.0000	0.0000	0.0000	0.0000	0.0000	0.0068	0.0099	0.0001	0.0180	0.0202	0.0002	0.0001	0.0000	0.0001	0.0000	0.0067	-0.0000	-0.0009	4.1516	1.0155	14.5664	5.9708	0.0000	0.0000	0.0000	0.0000	0.0000	0.0000	0.0000	0.0000	0.0000	0.0020	0.0020	0.0000	0.0020	0.0020	0.0000	0.0000	0.0000	0.0000	0.0330	0.0284	0.0046	0.0055	0.0053	0.0002	0.0274	0.0231	0.0044	0.2967	0.2021	0.0946	0.1112	0.0992	0.0120	0.1855	0.1029	0.0826	0.0001	0.0001	0.0000	0.0002	0.0002	0.0000	0.0000	0.0000	0.0000	0.0068	0.0099	0.0001	0.0180	0.0202	0.0002	0.0001	0.0000	0.0001
51	70	0.1632	4	1	1	1	0	0	0	0	0	N	N	N	N	N	N	N	N	N	N	N	N	0.0264	0.0230	0.0059	0.0389	0.0380	0.0069	0.0023	0.0014	0.0071	0.0005	0.0005	0.0000	0.0013	0.0013	0.0001	0.0000	0.0000	0.0000	0.0186	0.0239	0.0053	0.0334	0.0346	0.0173	0.0067	0.0092	0.0037	0.0071	0.0880	-0.0000	-0.0013	4.1516	0.0406	14.5664	2.3361	0.0000	0.0000	0.0000	0.0000	0.0000	0.0000	0.0000	0.0000	0.0000	0.0036	0.0033	0.0003	0.0028	0.0027	0.0001	0.0007	0.0005	0.0002	0.0031	0.0028	0.0004	0.0012	0.0011	0.0000	0.0020	0.0016	0.0003	0.1914	0.1368	0.0546	0.0850	0.0788	0.0062	0.1064	0.0580	0.0484	0.0264	0.0230	0.0059	0.0389	0.0380	0.0069	0.0023	0.0014	0.0071	0.0186	0.0239	0.0053	0.0334	0.0346	0.0173	0.0067	0.0092	0.0037
51	71	0.6889	9	1	2	1	0	0	0	0	0	N	Y	N	N	N	N	N	N	N	N	N	N	0.0000	0.0000	0.0000	0.0000	0.0000	0.0000	0.0000	0.0000	0.0000	0.0000	0.0000	0.0000	0.0000	0.0000	0.0000	0.0000	0.0000	0.0000	0.0000	0.0000	4.1516	0.0000	14.5664	0.0000	0.0000	0.0000	0.0000	0.0000	0.0000	0.0000	0.0000	0.0000	0.0000	0.0000	0.0000	0.0000	0.0000	0.0000	0.0000	0.0000	0.0000	0.0000	0.0000	0.0000	0.0000	0.0000	0.0000	0.0000	0.0000	0.0000	0.0000	0.0000	0.0000	0.0000	0.0000	0.0000	0.0000	0.0000	0.0000	0.0000	0.0000	0.0000	0.0000	0.0000	0.0000	0.0000	0.0000	0.0000	0.0000	0.0000	0.0000	0.0000	0.0000	0.0000	0.0000	0.0000	0.0000	0.0000											
51	72	0.6708	8	1	2	1	0	0	0	0	0	N	Y	N	N	N	N	N	N	N	N	N	N	0.0831	38.6902	0.0000	0.0200	9.4727	0.0000	1.4279	3415.0706	0.0000	0.0128	0.0146	0.0000	0.0047	0.0050	0.0000	0.0166	0.0196	0.0000	0.1539	0.0004	0.5894	0.2352	0.0005	1.3867	0.0116	0.0000	0.0275	0.0000	551.0098	-0.0007	0.0193	4.1516	3.9057	14.5664	1.1104	0.0015	0.0015	0.0000	0.0002	0.0002	0.0000	0.0014	0.0014	0.0000	0.0357	0.0001	0.0357	0.0348	0.0001	0.0347	0.0010	0.0000	0.0010	0.1201	0.1053	0.0148	0.0381	0.0361	0.0020	0.0820	0.0692	0.0128	0.2322	0.1716	0.0605	0.1478	0.1228	0.0250	0.0843	0.0488	0.0355	0.0831	38.6902	0.0000	0.0200	9.4727	0.0000	1.4279	3415.0706	0.0000	0.1539	0.0004	0.5894	0.2352	0.0005	1.3867	0.0116	0.0000	0.0275
51	73	0.4681	6	1	2	0	0	0	0	0	0	N	Y	N	N	N	N	N	N	N	N	N	N	0.0072	0.0066	0.0096	0.0141	0.0116	0.1899	0.0000	0.0000	0.0000	0.0001	0.0001	0.0001	0.0002	0.0002	0.0003	0.0000	0.0000	0.0000	0.0092	0.0101	0.0070	0.0117	0.0132	0.0017	0.0062	0.0037	0.0088	0.1336	0.2890	-0.0000	-0.0020	4.1516	6.9070	14.5664	16.5673	0.0000	0.0000	0.0000	0.0000	0.0000	0.0000	0.0000	0.0000	0.0000	0.0087	0.0067	0.0019	0.0060	0.0059	0.0001	0.0026	0.0008	0.0018	0.3289	0.2908	0.0380	0.1330	0.1252	0.0077	0.1959	0.1656	0.0303	0.9413	0.6651	0.2763	0.5146	0.4457	0.0689	0.4267	0.2193	0.2074	0.0072	0.0066	0.0096	0.0141	0.0116	0.1899	0.0000	0.0000	0.0000	0.0092	0.0101	0.0070	0.0117	0.0132	0.0017	0.0062	0.0037	0.0088
51	74	0.5319	8	0	2	0	1	0	0	0	0	N	Y	N	N	N	N	N	N	N	N	N	N	2.4407	0.0000	539.9689	1.8321	0.0000	374.4380	1.8161	0.0000	740.3477	3.9582	0.0000	27.3619	1.7982	0.0000	29.8203	4.7092	0.0000	27.0657	1.6218	2.2670	0.0507	0.9815	1.1510	0.0796	2.5931	5.0757	0.0366	169408832.6982	0.0092	0.4545	-0.6918	4.1516	6.4226	14.5664	19.3377	0.8132	0.0000	0.8132	0.0953	0.0000	0.0953	0.7179	0.0000	0.7179	1.5399	1.5259	0.0140	0.5617	0.5544	0.0072	0.9782	0.9714	0.0068	0.2054	0.1757	0.0297	0.0530	0.0498	0.0032	0.1524	0.1259	0.0265	0.9495	0.6731	0.2764	0.5723	0.4817	0.0906	0.3772	0.1914	0.1859	2.4407	0.0000	539.9689	1.8321	0.0000	374.4380	1.8161	0.0000	740.3477	1.6218	2.2670	0.0507	0.9815	1.1510	0.0796	2.5931	5.0757	0.0366
51	75	0.4867	7	0	1	0	1	0	0	0	0	N	N	N	N	N	N	N	N	N	N	N	N	5.3250	87.3986	2.5545	32.5118	310.2675	25.7368	0.0127	0.1199	0.0257	4.6473	4.2270	7.6518	15.9479	13.2718	80.7541	0.0180	0.0074	0.0753	0.8727	0.0484	2.9954	0.4905	0.0428	3.1377	1.4191	0.0613	2.9331	0.2532	24.0529	-0.2134	0.5220	4.1516	5.1932	14.5664	17.4397	0.8928	0.7124	0.1804	0.8904	0.7116	0.1788	0.0025	0.0008	0.0016	1.0405	0.0415	0.9990	0.3441	0.0257	0.3185	0.6964	0.0159	0.6805	0.1921	0.1685	0.0236	0.0558	0.0536	0.0022	0.1363	0.1149	0.0214	1.1923	0.8587	0.3335	0.7015	0.6000	0.1015	0.4907	0.2587	0.2320	5.3250	87.3986	2.5545	32.5118	310.2675	25.7368	0.0127	0.1199	0.0257	0.8727	0.0484	2.9954	0.4905	0.0428	3.1377	1.4191	0.0613	2.9331
51	76	0.4498	6	0	1	0	0	0	0	0	0	N	N	N	N	N	N	N	N	N	N	N	N	0.0805	0.1025	0.0047	0.5187	0.5284	0.2274	0.0243	0.0272	0.0001	0.0965	0.1097	0.0073	0.1724	0.1767	0.0733	0.0635	0.0762	0.0001	1.1992	1.0704	1.5534	0.3324	0.3344	0.3224	2.6180	2.8048	2.3644	0.0098	0.5281	-0.0071	-0.2061	4.1516	4.4918	14.5664	17.5337	0.0165	0.0163	0.0002	0.0089	0.0088	0.0002	0.0076	0.0076	0.0000	1.8276	1.1960	0.6316	0.3144	0.2624	0.0521	1.5131	0.9336	0.5795	0.1710	0.1490	0.0220	0.0518	0.0496	0.0022	0.1192	0.0994	0.0198	1.5240	1.1174	0.4066	0.9460	0.7845	0.1615	0.5780	0.3329	0.2451	0.0805	0.1025	0.0047	0.5187	0.5284	0.2274	0.0243	0.0272	0.0001	1.1992	1.0704	1.5534	0.3324	0.3344	0.3224	2.6180	2.8048	2.3644
51	77	0.1788	5	0	1	0	1	0	0	0	0	N	N	N	N	N	N	N	N	N	N	N	N	0.0000	0.0000	0.0000	0.0000	0.0000	0.0000	0.0000	0.0000	0.0000	0.0000	0.0000	0.0000	0.0000	0.0000	0.0000	0.0000	0.0000	0.0000	2.0046	2.8716	0.2587	3.7343	4.2699	0.0384	0.7190	1.1112	0.3014	0.0447	0.0000	-0.5943	4.1516	0.3745	14.5664	14.7996	0.0000	0.0000	0.0000	0.0000	0.0000	0.0000	0.0000	0.0000	0.0000	1.4301	1.3689	0.0612	1.1359	1.1344	0.0015	0.2942	0.2345	0.0598	0.0150	0.0133	0.0017	0.0031	0.0031	0.0001	0.0119	0.0102	0.0017	0.7134	0.4767	0.2367	0.3042	0.2657	0.0385	0.4092	0.2110	0.1982	0.0000	0.0000	0.0000	0.0000	0.0000	0.0000	0.0000	0.0000	0.0000	2.0046	2.8716	0.2587	3.7343	4.2699	0.0384	0.7190	1.1112	0.3014	
51	78	0.1566	4	0	1	0	1	0	0	0	0	N	N	N	N	N	N	N	N	N	N	N	N	0.0001	0.0000	0.0003	0.0000	0.0000	0.0000	0.0001	0.0000	0.0003	0.0002	0.0000	0.0016	0.0000	0.0000	0.0000	0.0003	0.0000	0.0017	2.2227	0.7221	5.2135	0.9838	1.1429	0.0114	3.2101	0.1587	6.4076	inf	3.6227	0.0000	0.5095	4.1516	1.4595	14.5664	10.3922	0.0000	0.0000	0.0000	0.0000	0.0000	0.0000	0.0000	0.0000	0.0000	1.5663	0.3388	1.2275	0.3075	0.3070	0.0005	1.2588	0.0318	1.2270	0.0484	0.0418	0.0066	0.0061	0.0060	0.0002	0.0423	0.0358	0.0065	0.7047	0.4693	0.2354	0.3126	0.2686	0.0440	0.3921	0.2007	0.1915	0.0001	0.0000	0.0003	0.0000	0.0000	0.0000	0.0001	0.0000	0.0003	2.2227	0.7221	5.2135	0.9838	1.1429	0.0114	3.2101	0.1587	6.4076
51	79	0.1424	3	0	1	0	1	0	0	0	0	N	N	N	N	N	N	N	N	N	N	N	N	0.0293	0.0007	0.0824	0.0052	0.0057	0.0000	0.0206	0.0000	0.0702	0.0392	0.0003	0.2630	0.0025	0.0026	0.0000	0.0433	0.0000	0.2689	1.3375	0.3996	3.1922	0.4839	0.4568	0.6472	2.1028	0.3101	3.8312	154.2795	4.0393	0.0009	0.2681	4.1516	1.3861	14.5664	6.3168	0.0017	0.0000	0.0017	0.0000	0.0000	0.0000	0.0017	0.0000	0.0017	0.7811	0.1550	0.6261	0.1336	0.1081	0.0255	0.6475	0.0469	0.6006	0.0430	0.0366	0.0064	0.0043	0.0041	0.0001	0.0387	0.0325	0.0062	0.5840	0.3879	0.1961	0.2761	0.2367	0.0394	0.3079	0.1511	0.1568	0.0293	0.0007	0.0824	0.0052	0.0057	0.0000	0.0206	0.0000	0.0702	1.3375	0.3996	3.1922	0.4839	0.4568	0.6472	2.1028	0.3101	3.8312
51	80	0.0830	2	0	1	0	1	0	0	0	0	N	N	N	N	N	N	N	N	N	N	N	N	3.1760	0.0001	20.1265	0.0028	0.0027	0.0000	2.8302	0.0000	18.8387	9.5491	0.0002	62.1131	0.0056	0.0059	0.0000	9.8809	0.0000	62.6995	3.0067	2.9613	3.0861	2.0154	2.1755	0.4675	3.4912	3.6513	3.3282	50512.0428	0.5955	0.5641	-0.2581	4.1516	4.0043	14.5664	19.8631	1.0093	0.0000	1.0093	0.0000	0.0000	0.0000	1.0093	0.0000	1.0093	3.0312	1.8999	1.1314	0.6671	0.6526	0.0145	2.3642	1.2473	1.1169	0.1057	0.0894	0.0162	0.0036	0.0034	0.0002	0.1021	0.0860	0.0161	1.0082	0.6416	0.3666	0.3310	0.3000	0.0310	0.6772	0.3416	0.3356	3.1760	0.0001	20.1265	0.0028	0.0027	0.0000	2.8302	0.0000	18.8387	3.0067	2.9613	3.0861	2.0154	2.1755	0.4675	3.4912	3.6513	3.3282
51	81	0.6235	8	0	2	1	0	0	0	0	0	N	Y	N	N	N	N	N	N	N	N	N	N	0.0028	0.0085	0.0000	0.0039	0.0150	0.0000	0.0004	0.0360	0.0000	0.0000	0.0000	0.0000	0.0000	0.0000	0.0000	0.0000	0.0000	0.0000	0.0012	0.0005	0.0025	0.0020	0.0006	0.0161	0.0002	0.0000	0.0003	0.0000	3.3919	-0.0000	0.0002	4.1516	2.0162	14.5664	4.5500	0.0000	0.0000	0.0000	0.0000	0.0000	0.0000	0.0000	0.0000	0.0000	0.0005	0.0001	0.0004	0.0005	0.0001	0.0004	0.0000	0.0000	0.0000	0.0734	0.0645	0.0089	0.0312	0.0294	0.0018	0.0422	0.0351	0.0070	0.4302	0.2653	0.1649	0.2401	0.2173	0.0229	0.1901	0.0480	0.1420	0.0028	0.0085	0.0000	0.0039	0.0150	0.0000	0.0004	0.0360	0.0000	0.0012	0.0005	0.0025	0.0020	0.0006	0.0161	0.0002	0.0000	0.0003
51	82	0.1910	6	0	2	1	0	0	0	0	0	N	Y	N	N	N	N	N	N	N	N	N	N	0.5103	0.4037	0.0052	1.7197	1.5838	0.0000	0.0002	0.0001	0.0047	0.0130	0.0151	0.0000	0.0773	0.0818	0.0000	0.0000	0.0000	0.0000	0.0254	0.0374	0.0001	0.0450	0.0516	0.0000	0.0106	0.0197	0.0002	0.0000	0.0019	-0.0005	-0.0036	4.1516	3.0011	14.5664	3.7015	0.0012	0.0012	0.0000	0.0012	0.0012	0.0000	0.0000	0.0000	0.0000	0.0079	0.0078	0.0000	0.0060	0.0060	0.0000	0.0019	0.0018	0.0000	0.0920	0.0789	0.0130	0.0154	0.0146	0.0008	0.0765	0.0644	0.0122	0.3093	0.2097	0.0996	0.1333	0.1160	0.0173	0.1760	0.0936	0.0823	0.5103	0.4037	0.0052	1.7197	1.5838	0.0000	0.0002	0.0001	0.0047	0.0254	0.0374	0.0001	0.0450	0.0516	0.0000	0.0106	0.0197	0.0002
51	83	0.1795	5	0	2	0	0	0	0	0	0	N	Y	N	N	N	N	N	N	N	N	N	N	0.0009	0.0007	0.0004	0.0001	0.0001	0.0040	0.0019	0.0012	0.0001	0.0004	0.0004	0.0000	0.0001	0.0001	0.0000	0.0004	0.0005	0.0000	0.4187	0.6087	0.0012	0.5971	0.7264	0.0015	0.2229	0.4122	0.0011	0.0002	0.0009	-0.0000	-0.1014	4.1516	2.0032	14.5664	4.2039	0.0000	0.0000	0.0000	0.0000	0.0000	0.0000	0.0000	0.0000	0.0000	0.2217	0.2215	0.0002	0.1654	0.1653	0.0001	0.0563	0.0562	0.0001	0.0619	0.0531	0.0088	0.0101	0.0096	0.0005	0.0518	0.0436	0.0082	0.5295	0.3638	0.1657	0.2770	0.2276	0.0494	0.2525	0.1363	0.1163	0.0009	0.0007	0.0004	0.0001	0.0001	0.0040	0.0019	0.0012	0.0001	0.4187	0.6087	0.0012	0.5971	0.7264	0.0015	0.2229	0.4122	0.0011
51	84	0.1763	5	1	1	1	0	0	0	0	0	N	N	N	N	N	N	N	N	N	N	N	N	0.0000	0.0000	0.0000	0.0000	0.0000	0.0000	0.0000	0.0000	0.0000	0.0000	0.0000	0.0000	0.0000	0.0000	0.0000	0.0000	0.0000	0.0000	0.0304	0.0451	0.0013	0.0216	0.0249	0.0029	0.0373	0.0706	0.0009	0.0144	-0.0000	-0.0034	4.1516	1.0052	14.5664	4.9545	0.0000	0.0000	0.0000	0.0000	0.0000	0.0000	0.0000	0.0000	0.0000	0.0077	0.0076	0.0001	0.0024	0.0023	0.0000	0.0053	0.0053	0.0001	0.0316	0.0271	0.0045	0.0057	0.0054	0.0003	0.0260	0.0218	0.0042	0.2541	0.1689	0.0852	0.1109	0.0942	0.0167	0.1432	0.0748	0.0685	0.0000	0.0000	0.0000	0.0000	0.0000	0.0000	0.0000	0.0000	0.0000	0.0304	0.0451	0.0013	0.0216	0.0249	0.0029	0.0373	0.0706	0.0009	
51	85	0.1569	4	1	1	1	0	0	0	0	0	N	N	N	N	N	N	N	N	N	N	N	N	0.0000	0.0000	0.0000	0.0000	0.0000	0.0000	0.0000	0.0000	0.0000	0.0000	0.0000	0.0000	0.0000	0.0000	0.0000	0.0000	0.0000	0.0000	0.9014	1.3316	0.0005	0.4653	0.5719	0.0006	1.3309	2.4542	0.0004	0.0000	0.0002	-0.0000	-0.2366	4.1516	0.9968	14.5664	7.6169	0.0000	0.0000	0.0000	0.0000	0.0000	0.0000	0.0000	0.0000	0.0000	0.5164	0.5163	0.0001	0.1323	0.1323	0.0000	0.3841	0.3840	0.0001	0.0311	0.0267	0.0045	0.0050	0.0047	0.0003	0.0261	0.0219	0.0042	0.5729	0.3877	0.1852	0.2843	0.2312	0.0530	0.2886	0.1565	0.1321	0.0000	0.0000	0.0000	0.0000	0.0000	0.0000	0.0000	0.0000	0.0000	0.9014	1.3316	0.0005	0.4653	0.5719	0.0006	1.3309	2.4542	0.0004
51	86	0.1769	3	1	2	0	0	0	0	0	0	N	Y	N	N	N	N	N	N	N	N	N	N	1.4273	2.8524	0.0000	7.6154	8.7708	0.0002	0.0005	0.0016	0.0000	0.0368	0.0438	0.0000	0.1515	0.1587	0.0000	0.0000	0.0000	0.0000	0.0258	0.0153	0.0527	0.0199	0.0181	0.0361	0.0310	0.0114	0.0560	0.0000	1.3293	-0.0036	0.0023	4.1516	5.8060	14.5664	6.1034	0.0081	0.0081	0.0000	0.0081	0.0081	0.0000	0.0000	0.0000	0.0000	0.0201	0.0086	0.0115	0.0073	0.0060	0.0013	0.0128	0.0026	0.0101	0.2199	0.1847	0.0352	0.0534	0.0510	0.0024	0.1665	0.1338	0.0328	0.7804	0.5625	0.2179	0.3682	0.3313	0.0369	0.4122	0.2312	0.1810	1.4273	2.8524	0.0000	7.6154	8.7708	0.0002	0.0005	0.0016	0.0000	0.0258	0.0153	0.0527	0.0199	0.0181	0.0361	0.0310	0.0114	0.0560
51	87	0.0830	2	1	2	0	0	0	0	0	0	N	Y	N	N	N	N	N	N	N	N	N	N	0.0012	0.0017	0.0000	0.1144	0.1298	0.0000	0.0000	0.0000	0.0000	0.0011	0.0013	0.0001	0.0351	0.0367	0.0000	0.0000	0.0000	0.0001	0.9529	0.7857	1.2471	0.3067	0.2824	0.5407	1.2509	1.1948	1.3102	0.0072	0.9025	-0.0002	0.0200	4.1516	12.2869	14.5664	21.7146	0.0004	0.0004	0.0000	0.0004	0.0004	0.0000	0.0000	0.0000	0.0000	1.2476	0.6557	0.5918	0.1267	0.1057	0.0210	1.1208	0.5500	0.5708	0.3122	0.2649	0.0473	0.0101	0.0097	0.0004	0.3021	0.2552	0.0469	1.3092	0.8346	0.4745	0.4132	0.3743	0.0389	0.8960	0.4604	0.4357	0.0012	0.0017	0.0000	0.1144	0.1298	0.0000	0.0000	0.0000	0.0000	0.9529	0.7857	1.2471	0.3067	0.2824	0.5407	1.2509	1.1948	1.3102
51	88	0.1795	5	0	2	0	0	0	0	0	0	N	Y	N	N	N	N	N	N	N	N	N	N	0.0001	0.0001	0.0000	0.0014	0.0012	0.0000	0.0000	0.0000	0.0000	0.0001	0.0001	0.0000	0.0005	0.0005	0.0000	0.0000	0.0000	0.0000	0.6859	1.0086	0.0008	0.3649	0.4392	0.0019	0.9801	1.8080	0.0004	0.0000	0.0004	-0.0000	-0.2382	4.1516	4.0005	14.5664	9.0093	0.0000	0.0000	0.0000	0.0000	0.0000	0.0000	0.0000	0.0000	0.0000	0.5201	0.5199	0.0002	0.1323	0.1322	0.0001	0.3877	0.3877	0.0001	0.1224	0.1051	0.0173	0.0199	0.0188	0.0011	0.1025	0.0862	0.0163	0.7582	0.5154	0.2428	0.3626	0.3010	0.0616	0.3956	0.2144	0.1812	0.0001	0.0001	0.0000	0.0014	0.0012	0.0000	0.0000	0.0000	0.0000	0.6859	1.0086	0.0008	0.3649	0.4392	0.0019	0.9801	1.8080	0.0004
51	89	0.1569	4	0	2	0	0	0	0	0	0	N	Y	N	N	N	N	N	N	N	N	N	N	0.0000	0.0000	0.0000	0.0000	0.0000	0.0000	0.0000	0.0000	0.0000	0.0000	0.0000	0.0000	0.0000	0.0000	0.0000	0.0000	0.0000	0.0000	0.5145	0.7588	0.0062	0.5658	0.6895	0.0154	0.4662	0.8567	0.0027	0.0000	0.0039	-0.0000	-0.1472	4.1516	1.0051	14.5664	9.2650	0.0000	0.0000	0.0000	0.0000	0.0000	0.0000	0.0000	0.0000	0.0000	0.3239	0.3226	0.0013	0.1726	0.1717	0.0009	0.1513	0.1509	0.0004	0.0314	0.0269	0.0045	0.0051	0.0048	0.0003	0.0263	0.0221	0.0042	0.6296	0.4252	0.2044	0.3051	0.2491	0.0560	0.3245	0.1761	0.1484	0.0000	0.0000	0.0000	0.0000	0.0000	0.0000	0.0000	0.0000	0.0000	0.5145	0.7588	0.0062	0.5658	0.6895	0.0154	0.4662	0.8567	0.0027
51	90	0.2053	4	0	1	1	0	0	0	0	0	N	N	N	N	N	N	N	N	N	N	N	N	0.7795	0.0003	682.9966	0.0014	0.0008	8.4146	42.3543	0.0001	629.6557	0.6010	0.0003	4.4081	0.0024	0.0016	0.0270	0.7152	0.0000	4.5670	0.7709	1.1045	0.0065	1.7353	2.0096	0.0032	0.0169	0.0243	0.0073	2342.4035	0.0025	0.0264	-0.1705	4.1516	2.3559	14.5664	7.1930	0.0473	0.0000	0.0473	0.0000	0.0000	0.0000	0.0472	0.0000	0.0472	0.3741	0.3731	0.0010	0.3695	0.3694	0.0001	0.0046	0.0037	0.0009	0.0787	0.0679	0.0107	0.0126	0.0122	0.0004	0.0661	0.0557	0.0103	0.4852	0.3378	0.1474	0.2129	0.1838	0.0291	0.2723	0.1540	0.1183	0.7795	0.0003	682.9966	0.0014	0.0008	8.4146	42.3543	0.0001	629.6557	0.7709	1.1045	0.0065	1.7353	2.0096	0.0032	0.0169	0.0243	0.0073
51	91	0.1725	3	0	1	0	0	0	0	0	0	N	N	N	N	N	N	N	N	N	N	N	N	6.5096	0.0157	254.0894	0.0698	0.0608	0.6073	8.2931	0.0021	219.8954	4.2807	0.0140	31.6374	0.0446	0.0453	0.0276	5.6309	0.0024	33.7368	0.6576	0.8888	0.1245	0.6391	0.7447	0.0455	0.6790	1.1594	0.1534	353.0643	0.0608	0.5091	-0.4264	4.1516	4.9284	14.5664	11.0439	0.9156	0.0026	0.9130	0.0023	0.0023	0.0000	0.9133	0.0003	0.9130	1.0630	1.0021	0.0609	0.5539	0.5480	0.0060	0.5091	0.4541	0.0549	0.2139	0.1850	0.0289	0.0517	0.0499	0.0018	0.1622	0.1351	0.0271	1.6165	1.1275	0.4890	0.8668	0.7358	0.1309	0.7497	0.3917	0.3581	6.5096	0.0157	254.0894	0.0698	0.0608	0.6073	8.2931	0.0021	219.8954	0.6576	0.8888	0.1245	0.6391	0.7447	0.0455	0.6790	1.1594	0.1534
51	92	0.0830	2	0	1	0	0	0	0	0	0	N	N	N	N	N	N	N	N	N	N	N	N	0.1169	0.0015	1.7612	0.0032	0.0031	0.0000	0.1061	0.0011	1.6809	0.3825	0.0066	2.4513	0.0073	0.0076	0.0000	0.3955	0.0065	2.4745	3.2725	4.3422	1.3918	2.2857	2.4718	0.4943	3.7294	5.8710	1.4721	67.6159	0.1823	0.0215	-1.2783	4.1516	3.9161	14.5664	29.2065	0.0396	0.0006	0.0390	0.0000	0.0000	0.0000	0.0395	0.0006	0.0390	4.2026	3.5546	0.6480	0.9289	0.9100	0.0189	3.2736	2.6445	0.6291	0.1034	0.0875	0.0159	0.0035	0.0033	0.0001	0.0999	0.0842	0.0158	1.2842	0.8186	0.4656	0.4064	0.3682	0.0382	0.8778	0.4504	0.4273	0.1169	0.0015	1.7612	0.0032	0.0031	0.0000	0.1061	0.0011	1.6809	3.2725	4.3422	1.3918	2.2857	2.4718	0.4943	3.7294	5.8710	1.4721
51	93	0.6235	8	1	2	0	0	0	0	0	0	N	Y	N	N	N	N	N	N	N	N	N	N	0.0024	0.0017	0.0030	0.0028	0.0027	0.0024	0.0159	0.4360	0.0031	0.0010	0.0012	0.0001	0.0022	0.0023	0.0002	0.0002	0.0002	0.0001	0.4408	0.6784	0.0290	0.7697	0.8548	0.0772	0.0136	0.0006	0.0192	0.0102	0.0247	-0.0000	-0.0982	4.1516	2.5103	14.5664	7.4742	0.0001	0.0001	0.0000	0.0001	0.0001	0.0000	0.0000	0.0000	0.0000	0.2261	0.2206	0.0054	0.2230	0.2206	0.0024	0.0030	0.0000	0.0030	0.0878	0.0772	0.0106	0.0370	0.0348	0.0022	0.0508	0.0425	0.0084	0.5128	0.3252	0.1876	0.2898	0.2581	0.0317	0.2231	0.0672	0.1559	0.0024	0.0017	0.0030	0.0028	0.0027	0.0024	0.0159	0.4360	0.0031	0.4408	0.6784	0.0290	0.7697	0.8548	0.0772	0.0136	0.0006	0.0192
51	94	0.5873	7	0	2	0	0	0	0	0	0	N	Y	N	N	N	N	N	N	N	N	N	N	0.0010	0.0008	0.0020	0.0010	0.0009	0.0111	0.0021	0.0367	0.0018	0.0006	0.0006	0.0006	0.0008	0.0008	0.0001	0.0005	0.0004	0.0007	0.5724	0.7164	0.2888	0.8425	0.9556	0.0104	0.2252	0.0119	0.3583	0.1194	0.2047	-0.0001	-0.0937	4.1516	7.1305	14.5664	3.2426	0.0002	0.0001	0.0000	0.0001	0.0001	0.0000	0.0001	0.0001	0.0000	0.3249	0.2697	0.0552	0.2689	0.2685	0.0004	0.0559	0.0011	0.0548	0.2721	0.2412	0.0309	0.1061	0.1010	0.0051	0.1660	0.1402	0.0258	0.5676	0.3764	0.1912	0.3192	0.2810	0.0382	0.2484	0.0954	0.1530	0.0010	0.0008	0.0020	0.0010	0.0009	0.0111	0.0021	0.0367	0.0018	0.5724	0.7164	0.2888	0.8425	0.9556	0.0104	0.2252	0.0119	0.3583
51	95	0.1569	4	1	2	0	0	0	0	0	0	N	Y	N	N	N	N	N	N	N	N	N	N	2.8163	0.0012	7.9003	0.0040	0.0036	0.0000	2.2254	0.0009	6.6399	4.1378	0.0004	29.3155	0.0018	0.0020	0.0000	4.9084	0.0001	31.1724	1.4692	0.3543	3.7107	0.4656	0.5489	0.0477	2.2056	0.1364	4.6947	11082.2222	5.2085	0.5574	0.7030	4.1516	8.0000	14.5664	22.5660	0.9975	0.0001	0.9974	0.0001	0.0001	0.0000	0.9974	0.0000	0.9974	1.8473	0.2976	1.5498	0.2478	0.2435	0.0042	1.5996	0.0540	1.5456	0.2411	0.2070	0.0340	0.0379	0.0358	0.0020	0.2032	0.1712	0.0320	1.2574	0.8397	0.4177	0.5321	0.4437	0.0884	0.7252	0.3960	0.3292	2.8163	0.0012	7.9003	0.0040	0.0036	0.0000	2.2254	0.0009	6.6399	1.4692	0.3543	3.7107	0.4656	0.5489	0.0477	2.2056	0.1364	4.6947
51	96	0.0830	2	0	1	0	0	0	0	0	0	N	N	N	N	N	N	N	N	N	N	N	N	0.0018	0.0015	0.0000	0.0278	0.0265	0.0000	0.0011	0.0007	0.0000	0.0021	0.0025	0.0000	0.0191	0.0200	0.0000	0.0016	0.0018	0.0000	1.1510	1.7108	0.1677	0.6891	0.7532	0.0721	1.3673	2.5052	0.1764	0.0000	0.0558	-0.0003	-0.5686	4.1516	11.9964	14.5664	18.8414	0.0006	0.0006	0.0000	0.0002	0.0002	0.0000	0.0005	0.0005	0.0000	1.4023	1.3281	0.0741	0.2677	0.2651	0.0026	1.1345	1.0630	0.0715	0.3052	0.2589	0.0463	0.0099	0.0095	0.0004	0.2953	0.2494	0.0459	1.2183	0.7763	0.4419	0.3885	0.3520	0.0365	0.8297	0.4243	0.4054	0.0018	0.0015	0.0000	0.0278	0.0265	0.0000	0.0011	0.0007	0.0000	1.1510	1.7108	0.1677	0.6891	0.7532	0.0721	1.3673	2.5052	0.1764
51	98	0.1874	6	1	2	1	0	0	0	0	0	N	Y	N	N	N	N	N	N	N	N	N	N	0.0000	0.0000	0.0000	0.0000	0.0000	0.0000	0.0000	0.0000	0.0000	0.0000	0.0000	0.0000	0.0000	0.0000	0.0000	0.0000	0.0000	0.0000	1.1051	1.6515	0.0005	1.8798	2.2543	0.0010	0.4786	0.8928	0.0003	0.0001	0.0000	-0.3352	4.1516	0.9502	14.5664	16.1595	0.0000	0.0000	0.0000	0.0000	0.0000	0.0000	0.0000	0.0000	0.0000	0.7316	0.7315	0.0001	0.5564	0.5564	0.0000	0.1752	0.1751	0.0001	0.0346	0.0300	0.0045	0.0084	0.0080	0.0004	0.0262	0.0220	0.0042	0.6620	0.4429	0.2191	0.2960	0.2468	0.0492	0.3660	0.1961	0.1699	0.0000	0.0000	0.0000	0.0000	0.0000	0.0000	0.0000	0.0000	0.0000	1.1051	1.6515	0.0005	1.8798	2.2543	0.0010	0.4786	0.8928	0.0003	
51	99	0.0830	2	0	2	0	0	0	0	0	0	N	Y	N	N	N	N	N	N	N	N	N	N	0.0005	0.0004	0.0000	0.0480	0.0463	0.0000	0.0000	0.0000	0.0000	0.0007	0.0008	0.0000	0.0222	0.0231	0.0000	0.0000	0.0000	0.0000	1.5935	2.3556	0.2567	0.4615	0.4998	0.0922	2.1330	3.9317	0.2716	0.0000	0.0621	-0.0001	-0.7161	4.1516	11.9964	14.5664	15.6499	0.0002	0.0002	0.0000	0.0002	0.0002	0.0000	0.0000	0.0000	0.0000	1.7907	1.6859	0.1047	0.1674	0.1643	0.0031	1.6233	1.5217	0.1016	0.3052	0.2589	0.0463	0.0099	0.0095	0.0004	0.2953	0.2494	0.0459	1.1238	0.7157	0.4081	0.3627	0.3287	0.0341	0.7610	0.3870	0.3740	0.0005	0.0004	0.0000	0.0480	0.0463	0.0000	0.0000	0.0000	0.0000	1.5935	2.3556	0.2567	0.4615	0.4998	0.0922	2.1330	3.9317	0.2716
51	100	0.1904	7	1	1	1	0	0	0	0	0	N	N	N	N	N	N	N	N	N	N	N	N	0.0000	0.0000	0.0000	0.0000	0.0000	0.0000	0.0000	0.0000	0.0000	0.0000	0.0000	0.0000	0.0000	0.0000	0.0000	0.0000	0.0000	0.0000	1.1422	0.2193	2.9777	0.3367	0.3782	0.1243	1.7810	0.0202	3.7633	6.8288	0.0000	0.2659	4.1516	1.0008	14.5664	13.9255	0.0000	0.0000	0.0000	0.0000	0.0000	0.0000	0.0000	0.0000	0.0000	0.6425	0.0821	0.5604	0.0838	0.0787	0.0050	0.5588	0.0034	0.5554	0.0314	0.0271	0.0044	0.0064	0.0060	0.0004	0.0251	0.0211	0.0040	0.5625	0.3743	0.1882	0.2488	0.2081	0.0406	0.3137	0.1661	0.1476	0.0000	0.0000	0.0000	0.0000	0.0000	0.0000	0.0000	0.0000	0.0000	1.1422	0.2193	2.9777	0.3367	0.3782	0.1243	1.7810	0.0202	3.7633	
51	101	0.1874	6	1	1	1	0	0	0	0	0	N	N	N	N	N	N	N	N	N	N	N	N	0.0000	0.0000	0.0000	0.0000	0.0000	0.0000	0.0000	0.0000	0.0000	0.0000	0.0000	0.0000	0.0000	0.0000	0.0000	0.0000	0.0000	0.0000	0.3382	0.4786	0.0214	0.2528	0.3068	0.0038	0.4452	0.8110	0.0299	0.0198	0.0000	-0.0236	4.1516	0.0532	14.5664	2.0467	0.0000	0.0000	0.0000	0.0000	0.0000	0.0000	0.0000	0.0000	0.0000	0.0539	0.0528	0.0010	0.0224	0.0223	0.0001	0.0315	0.0305	0.0010	0.0065	0.0059	0.0006	0.0028	0.0028	0.0000	0.0038	0.0032	0.0006	0.1593	0.1104	0.0489	0.0886	0.0728	0.0158	0.0707	0.0376	0.0331	0.0000	0.0000	0.0000	0.0000	0.0000	0.0000	0.0000	0.0000	0.0000	0.3382	0.4786	0.0214	0.2528	0.3068	0.0038	0.4452	0.8110	0.0299	
51	102	0.1778	5	1	1	1	0	0	0	0	0	N	N	N	N	N	N	N	N	N	N	N	N	0.0000	0.0000	0.0000	0.0000	0.0000	0.0000	0.0000	0.0000	0.0000	0.0000	0.0000	0.0000	0.0000	0.0000	0.0000	0.0000	0.0000	0.0000	1.9333	2.7901	0.0028	2.2103	2.7330	0.0033	1.6199	2.8831	0.0026	0.0000	0.0005	-0.0000	-0.2759	4.1516	2.0948	14.5664	3.0326	0.0000	0.0000	0.0000	0.0000	0.0000	0.0000	0.0000	0.0000	0.0000	0.6024	0.6022	0.0003	0.3656	0.3655	0.0001	0.2368	0.2367	0.0002	0.0701	0.0606	0.0095	0.0154	0.0147	0.0008	0.0547	0.0459	0.0087	0.3116	0.2158	0.0958	0.1654	0.1337	0.0317	0.1462	0.0821	0.0641	0.0000	0.0000	0.0000	0.0000	0.0000	0.0000	0.0000	0.0000	0.0000	1.9333	2.7901	0.0028	2.2103	2.7330	0.0033	1.6199	2.8831	0.0026
51	103	0.1569	4	1	1	1	0	0	0	0	0	N	N	N	N	N	N	N	N	N	N	N	N	0.0007	0.0005	0.0000	0.0054	0.0047	0.0000	0.0001	0.0001	0.0000	0.0007	0.0008	0.0000	0.0031	0.0033	0.0000	0.0002	0.0002	0.0000	0.9768	1.4424	0.0025	0.5735	0.7035	0.0052	1.3718	2.5287	0.0014	0.0000	0.0008	-0.0000	-0.2587	4.1516	3.9484	14.5664	4.8420	0.0001	0.0001	0.0000	0.0001	0.0001	0.0000	0.0000	0.0000	0.0000	0.5655	0.5650	0.0005	0.1643	0.1640	0.0003	0.4012	0.4010	0.0002	0.1212	0.1040	0.0172	0.0192	0.0181	0.0011	0.1020	0.0859	0.0162	0.5790	0.3917	0.1872	0.2865	0.2332	0.0534	0.2924	0.1586	0.1339	0.0007	0.0005	0.0000	0.0054	0.0047	0.0000	0.0001	0.0001	0.0000	0.9768	1.4424	0.0025	0.5735	0.7035	0.0052	1.3718	2.5287	0.0014
51	104	0.1153	3	0	2	0	0	0	0	0	0	N	Y	N	N	N	N	N	N	N	N	N	N	80.4095	0.0842	12556.6675	0.1054	0.0978	0.0057	868.9801	0.4617	12195.0625	3.2698	0.0051	24.1524	0.0115	0.0121	0.0000	4.0717	0.0032	25.8394	0.0407	0.0608	0.0019	0.1095	0.1235	0.0004	0.0047	0.0069	0.0021	737.7170	0.0164	0.5539	-0.0272	4.1516	8.9557	14.5664	32.3127	0.9934	0.0013	0.9921	0.0007	0.0007	0.0000	0.9927	0.0007	0.9921	0.0614	0.0604	0.0010	0.0568	0.0567	0.0000	0.0046	0.0037	0.0010	0.3038	0.2627	0.0411	0.0600	0.0573	0.0027	0.2438	0.2054	0.0384	1.5100	0.9944	0.5156	0.5184	0.4593	0.0591	0.9916	0.5351	0.4565	80.4095	0.0842	12556.6675	0.1054	0.0978	0.0057	868.9801	0.4617	12195.0625	0.0407	0.0608	0.0019	0.1095	0.1235	0.0004	0.0047	0.0069	0.0021
51	105	0.1407	4	0	1	1	0	0	0	0	0	N	N	N	N	N	N	N	N	N	N	N	N	0.0031	0.0024	0.0000	0.0251	0.0215	0.0000	0.0000	0.0000	0.0000	0.0003	0.0003	0.0000	0.0015	0.0016	0.0000	0.0000	0.0000	0.0000	0.0932	0.1383	0.0001	0.0600	0.0728	0.0001	0.1189	0.2132	0.0001	0.0000	0.0002	-0.0000	-0.0240	4.1516	4.2679	14.5664	7.8415	0.0000	0.0000	0.0000	0.0000	0.0000	0.0000	0.0000	0.0000	0.0000	0.0523	0.0523	0.0000	0.0147	0.0147	0.0000	0.0376	0.0376	0.0000	0.1458	0.1241	0.0217	0.0277	0.0265	0.0011	0.1181	0.0975	0.0206	0.5616	0.3784	0.1832	0.2449	0.2019	0.0430	0.3167	0.1765	0.1402	0.0031	0.0024	0.0000	0.0251	0.0215	0.0000	0.0000	0.0000	0.0000	0.0932	0.1383	0.0001	0.0600	0.0728	0.0001	0.1189	0.2132	0.0001
51	106	0.1153	3	0	1	0	0	0	0	0	0	N	N	N	N	N	N	N	N	N	N	N	N	0.0273	0.0216	0.0014	0.3426	0.3146	0.0005	0.0000	0.0000	0.0014	0.0238	0.0270	0.0001	0.0717	0.0746	0.0000	0.0001	0.0000	0.0001	0.8728	1.2539	0.0960	0.2094	0.2372	0.0394	1.3460	2.4143	0.1083	0.0007	0.0376	-0.0010	-0.2206	4.1516	1.9301	14.5664	9.0954	0.0023	0.0023	0.0000	0.0023	0.0023	0.0000	0.0000	0.0000	0.0000	0.5224	0.5035	0.0189	0.0522	0.0508	0.0014	0.4703	0.4527	0.0175	0.0979	0.0862	0.0117	0.0325	0.0312	0.0013	0.0654	0.0550	0.0105	0.5986	0.4016	0.1970	0.2492	0.2140	0.0351	0.3494	0.1875	0.1619	0.0273	0.0216	0.0014	0.3426	0.3146	0.0005	0.0000	0.0000	0.0014	0.8728	1.2539	0.0960	0.2094	0.2372	0.0394	1.3460	2.4143	0.1083
51	107	0.0830	2	0	1	0	0	0	0	0	0	N	N	N	N	N	N	N	N	N	N	N	N	0.0771	0.0050	2.2418	0.1147	0.1109	0.0000	0.1096	0.0000	2.4237	0.0160	0.0015	0.0959	0.0383	0.0400	0.0000	0.0153	0.0000	0.0968	0.2080	0.3034	0.0428	0.3339	0.3607	0.0716	0.1392	0.2447	0.0399	11.4484	0.0814	0.0008	-0.0534	4.1516	3.9049	14.5664	9.6098	0.0017	0.0001	0.0015	0.0001	0.0001	0.0000	0.0015	0.0000	0.0015	0.1393	0.1288	0.0105	0.0790	0.0775	0.0016	0.0602	0.0513	0.0089	0.1031	0.0873	0.0159	0.0035	0.0033	0.0001	0.0997	0.0839	0.0157	0.6695	0.4245	0.2450	0.2367	0.2147	0.0220	0.4328	0.2098	0.2231	0.0771	0.0050	2.2418	0.1147	0.1109	0.0000	0.1096	0.0000	2.4237	0.2080	0.3034	0.0428	0.3339	0.3607	0.0716	0.1392	0.2447	0.0399
51	108	0.1042	4	0	2	0	0	0	0	0	0	N	Y	N	N	N	N	N	N	N	N	N	N	0.0077	0.1000	0.0140	0.1338	0.4598	0.0004	0.0042	0.0000	0.0136	0.0027	0.0009	0.0129	0.0081	0.0083	0.0002	0.0021	0.0000	0.0131	0.3436	0.0090	0.9212	0.0606	0.0180	0.4634	0.4954	0.0000	0.9670	2.4631	59.2566	0.0002	0.2394	4.1516	8.0392	14.5664	22.6195	0.0007	0.0002	0.0005	0.0002	0.0002	0.0000	0.0005	0.0000	0.0005	0.4559	0.0076	0.4483	0.0281	0.0076	0.0205	0.4278	0.0000	0.4278	0.2470	0.2108	0.0362	0.0234	0.0229	0.0005	0.2236	0.1879	0.0356	1.3270	0.8402	0.4867	0.4633	0.4190	0.0443	0.8636	0.4212	0.4424	0.0077	0.1000	0.0140	0.1338	0.4598	0.0004	0.0042	0.0000	0.0136	0.3436	0.0090	0.9212	0.0606	0.0180	0.4634	0.4954	0.0000	0.9670
51	109	0.1042	3	0	1	0	0	0	0	0	0	N	N	N	N	N	N	N	N	N	N	N	N	0.0015	0.0011	0.0036	0.0021	0.0021	0.0006	0.0013	0.0031	0.0035	0.0013	0.0008	0.0040	0.0020	0.0020	0.0006	0.0010	0.0000	0.0040	0.8572	0.6957	1.1172	0.9427	0.9455	0.8985	0.7778	0.0036	1.1343	0.9831	0.9972	0.0000	0.0146	4.1516	0.2031	14.5664	2.0398	0.0000	0.0000	0.0000	0.0000	0.0000	0.0000	0.0000	0.0000	0.0000	0.3564	0.1785	0.1780	0.1886	0.1782	0.0104	0.1678	0.0002	0.1676	0.0155	0.0130	0.0025	0.0051	0.0051	0.0000	0.0104	0.0078	0.0025	0.4158	0.2565	0.1593	0.2001	0.1885	0.0116	0.2157	0.0680	0.1477	0.0015	0.0011	0.0036	0.0021	0.0021	0.0006	0.0013	0.0031	0.0035	0.8572	0.6957	1.1172	0.9427	0.9455	0.8985	0.7778	0.0036	1.1343
51	110	0.6847	9	1	1	1	0	0	0	0	0	N	N	N	N	N	N	N	N	N	N	N	N	0.0000	0.0000	0.0000	0.0000	0.0000	0.0000	0.0000	0.0000	0.0000	0.0000	0.0000	0.0000	0.0000	0.3123	0.4758	0.0000	0.5765	0.6149	0.0000	0.0000	0.0000	0.0000	0.0000	0.0000	-0.0000	4.1516	0.0001	14.5664	0.0001	0.0000	0.0000	0.0000	0.0000	0.0000	0.0000	0.0000	0.0000	0.0000	0.0000	0.0000	0.0000	0.0000	0.0000	0.0000	0.0000	0.0000	0.0000	0.0029	0.0022	0.0006	0.0014	0.0014	0.0000	0.0014	0.0008	0.0006	0.0002	0.0001	0.0001	0.0001	0.0001	0.0000	0.0001	0.0000	0.0000	0.0000	0.0000	0.0000	0.0000	0.0000	0.0000	0.0000	0.0000	0.0000	0.3123	0.4758	0.0000	0.5765	0.6149	0.0000	0.0000	0.0000	0.0000						
51	111	0.6708	8	1	1	1	0	0	0	0	0	N	N	N	N	N	N	N	N	N	N	N	N	0.0000	0.0000	0.0000	0.0000	0.0000	0.0000	0.0005	0.0006	0.0000	0.0000	0.0001	0.0000	0.0001	0.0001	0.0000	0.0000	0.0000	0.0000	4.8512	7.0605	0.0085	10.6042	12.7346	0.0024	0.0122	0.0116	0.0130	0.0003	0.0005	-0.0000	-0.4341	4.1516	1.6718	14.5664	2.9223	0.0000	0.0000	0.0000	0.0000	0.0000	0.0000	0.0000	0.0000	0.0000	0.9480	0.9476	0.0005	0.9471	0.9470	0.0001	0.0010	0.0005	0.0004	0.0584	0.0513	0.0071	0.0198	0.0189	0.0009	0.0386	0.0324	0.0062	0.2188	0.1619	0.0569	0.1396	0.1159	0.0237	0.0792	0.0460	0.0331	0.0000	0.0000	0.0000	0.0000	0.0000	0.0000	0.0005	0.0006	0.0000	4.3332	5.8519	0.0085	6.7830	8.1722	0.0024	0.0122	0.0116	0.0130
51	112	0.5873	7	1	1	1	0	0	0	0	0	N	N	N	N	N	N	N	N	N	N	N	N	0.0002	0.0004	0.0002	0.0009	0.0007	0.0205	0.0000	0.0020	0.0000	0.0001	0.0001	0.0001	0.0002	0.0001	0.0007	0.0000	0.0000	0.0000	0.2833	0.1463	0.5782	0.1793	0.2021	0.0331	0.4186	0.0052	0.7505	0.2591	1.8368	-0.0000	0.0445	4.1516	14.0283	14.5664	7.1084	0.0000	0.0000	0.0000	0.0000	0.0000	0.0000	0.0000	0.0000	0.0000	0.2355	0.0830	0.1525	0.0843	0.0822	0.0021	0.1512	0.0008	0.1504	0.4501	0.3974	0.0527	0.1630	0.1544	0.0087	0.2871	0.2431	0.0440	0.8312	0.5675	0.2637	0.4700	0.4067	0.0633	0.3612	0.1609	0.2004	0.0002	0.0004	0.0002	0.0009	0.0007	0.0205	0.0000	0.0020	0.0000	0.2833	0.1463	0.5782	0.1793	0.2021	0.0331	0.4186	0.0052	0.7505
51	113	0.5270	6	0	1	0	0	0	0	0	0	N	N	N	N	N	N	N	N	N	N	N	N	0.0003	0.0003	0.0005	0.0010	0.0007	0.0347	0.0000	0.0000	0.0001	0.0001	0.0001	0.0003	0.0003	0.0002	0.0017	0.0000	0.0000	0.0001	0.4160	0.3106	0.6370	0.3023	0.3410	0.0482	0.5720	0.2231	0.8196	0.4424	0.9781	-0.0000	0.0121	4.1516	8.6129	14.5664	5.1709	0.0000	0.0000	0.0000	0.0000	0.0000	0.0000	0.0000	0.0000	0.0000	0.3357	0.1697	0.1660	0.1412	0.1382	0.0030	0.1945	0.0315	0.1630	0.3418	0.3027	0.0391	0.1155	0.1103	0.0052	0.2263	0.1924	0.0339	0.8071	0.5465	0.2606	0.4670	0.4053	0.0617	0.3401	0.1412	0.1989	0.0003	0.0003	0.0005	0.0010	0.0007	0.0347	0.0000	0.0000	0.0001	0.4160	0.3106	0.6370	0.3023	0.3410	0.0482	0.5720	0.2231	0.8196
51	114	0.4319	5	0	1	0	0	0	0	0	0	N	N	N	N	N	N	N	N	N	N	N	N	0.0011	0.0198	0.0001	0.0299	0.0295	0.0191	0.0003	0.0315	0.0000	0.0011	0.0012	0.0002	0.0022	0.0023	0.0010	0.0007	0.0008	0.0001	0.9784	0.0610	3.1668	0.0748	0.0785	0.0544	2.1242	0.0250	4.4247	0.0267	21.7707	-0.0002	0.7126	4.1516	16.8607	14.5664	22.7724	0.0006	0.0005	0.0000	0.0003	0.0003	0.0000	0.0003	0.0003	0.0000	1.4317	0.0629	1.3688	0.0612	0.0545	0.0068	1.3704	0.0084	1.3620	0.5160	0.4487	0.0672	0.1323	0.1242	0.0081	0.3836	0.3245	0.0591	1.4633	1.0310	0.4322	0.8181	0.6937	0.1244	0.6451	0.3373	0.3078	0.0011	0.0198	0.0001	0.0299	0.0295	0.0191	0.0003	0.0315	0.0000	0.9784	0.0610	3.1668	0.0748	0.0785	0.0544	2.1242	0.0250	4.4247
51	115	0.1632	4	1	1	1	0	0	0	0	0	N	N	N	N	N	N	N	N	N	N	N	N	0.0212	0.0195	0.0000	0.0603	0.0585	0.0000	0.0007	0.0015	0.0000	0.0000	0.0000	0.0000	0.0002	0.0002	0.0000	0.0000	0.0000	0.0000	0.0018	0.0023	0.0007	0.0037	0.0040	0.0007	0.0004	0.0002	0.0007	0.0000	0.1357	-0.0000	-0.0002	4.1516	1.0009	14.5664	4.0038	0.0000	0.0000	0.0000	0.0000	0.0000	0.0000	0.0000	0.0000	0.0000	0.0005	0.0005	0.0001	0.0004	0.0004	0.0000	0.0001	0.0000	0.0001	0.0326	0.0280	0.0046	0.0055	0.0053	0.0002	0.0271	0.0227	0.0043	0.2895	0.2012	0.0883	0.1196	0.1090	0.0106	0.1699	0.0921	0.0778	0.0212	0.0195	0.0000	0.0603	0.0585	0.0000	0.0007	0.0015	0.0000	0.0018	0.0023	0.0007	0.0037	0.0040	0.0007	0.0004	0.0002	0.0007
51	116	0.1349	3	1	1	1	0	0	0	0	0	N	N	N	N	N	N	N	N	N	N	N	N	0.1853	0.1781	0.0005	0.3206	0.3120	0.0000	0.0036	0.0050	0.0006	0.0171	0.0197	0.0000	0.0512	0.0556	0.0000	0.0002	0.0002	0.0000	0.0921	0.1105	0.0559	0.1596	0.1781	0.0321	0.0501	0.0415	0.0599	0.0002	0.2578	-0.0006	-0.0133	4.1516	1.8441	14.5664	10.4794	0.0013	0.0013	0.0000	0.0012	0.0012	0.0000	0.0000	0.0000	0.0000	0.0523	0.0416	0.0107	0.0347	0.0338	0.0009	0.0176	0.0078	0.0098	0.0733	0.0636	0.0097	0.0243	0.0223	0.0019	0.0490	0.0412	0.0078	0.5682	0.3765	0.1917	0.2175	0.1900	0.0275	0.3507	0.1866	0.1642	0.1853	0.1781	0.0005	0.3206	0.3120	0.0000	0.0036	0.0050	0.0006	0.0921	0.1105	0.0559	0.1596	0.1781	0.0321	0.0501	0.0415	0.0599
51	117	0.3192	3	0	2	0	1	0	0	0	0	N	Y	N	N	N	N	N	N	N	N	N	N	0.5260	0.5017	0.0006	1.2595	1.2016	0.0006	0.0350	0.0678	0.0006	0.0930	0.1062	0.0000	0.3308	0.3475	0.0000	0.0020	0.0023	0.0000	0.1768	0.2117	0.0828	0.2626	0.2892	0.0859	0.0565	0.0344	0.0816	0.0001	0.1455	-0.0157	-0.1078	4.1516	10.5071	14.5664	20.2622	0.0357	0.0357	0.0000	0.0352	0.0352	0.0000	0.0005	0.0005	0.0000	0.3254	0.2841	0.0413	0.2821	0.2701	0.0121	0.0433	0.0140	0.0293	0.3841	0.3362	0.0480	0.1063	0.1012	0.0051	0.2778	0.2350	0.0428	1.8411	1.3419	0.4992	1.0741	0.9337	0.1404	0.7670	0.4082	0.3588	0.5260	0.5017	0.0006	1.2595	1.2016	0.0006	0.0350	0.0678	0.0006	0.1768	0.2117	0.0828	0.2626	0.2892	0.0859	0.0565	0.0344	0.0816
51	118	0.0830	2	0	2	0	1	0	0	0	0	N	Y	N	N	N	N	N	N	N	N	N	N	0.0001	0.0058	0.0000	0.0030	0.0692	0.0000	0.0000	0.0000	0.0000	0.0002	0.0002	0.0000	0.0056	0.0059	0.0000	0.0000	0.0000	0.0000	2.8546	0.0387	10.5443	1.8865	0.0852	31.1290	3.3088	0.0000	6.7675	0.0252	114.7593	-0.0000	1.8361	4.1516	4.0036	14.5664	26.5072	0.0000	0.0000	0.0000	0.0000	0.0000	0.0000	0.0000	0.0000	0.0000	3.4450	0.0298	3.4152	0.7271	0.0298	0.6973	2.7179	0.0000	2.7179	0.1055	0.0892	0.0162	0.0035	0.0034	0.0002	0.1019	0.0859	0.0161	1.2068	0.7690	0.4378	0.3854	0.3492	0.0362	0.8214	0.4198	0.4016	0.0001	0.0058	0.0000	0.0030	0.0692	0.0000	0.0000	0.0000	0.0000	2.8546	0.0387	7.8001	1.8865	0.0852	19.2453	3.3088	0.0000	6.7675
51	119	0.1214	3	0	2	0	0	0	0	0	0	N	Y	N	N	N	N	N	N	N	N	N	N	0.6611	0.9490	0.0000	2.3377	4.8792	0.0000	0.1591	0.1791	0.0000	1.6482	1.9403	0.0000	2.3440	2.7996	0.0000	0.5757	0.6630	0.0000	2.4931	2.0446	3.4044	1.0027	0.5738	3.0313	3.6180	3.7019	3.5143	0.0000	0.8197	-0.2551	-0.0258	4.1516	3.8169	14.5664	21.2433	0.5783	0.5783	0.0000	0.4988	0.4988	0.0000	0.0795	0.0795	0.0000	3.2643	1.7939	1.4704	0.5647	0.2667	0.2980	2.6996	1.5271	1.1724	0.3508	0.2980	0.0528	0.2128	0.1782	0.0346	0.1380	0.1199	0.0182	1.3093	0.8774	0.4319	0.5631	0.4649	0.0983	0.7461	0.4125	0.3336	0.6611	0.9490	0.0000	2.3377	4.8792	0.0000	0.1591	0.1791	0.0000	2.4931	2.0446	3.4044	1.0027	0.5738	3.0313	3.6180	3.7019	3.5143
51	120	0.4671	7	0	2	0	0	0	0	0	0	N	Y	N	N	N	N	N	N	N	N	N	N	0.0184	0.0388	0.0000	0.0031	0.0042	0.0000	0.0235	0.5448	0.0000	0.0174	0.0199	0.0000	0.0028	0.0030	0.0000	0.0232	0.0275	0.0000	0.9480	0.5130	2.0884	0.9208	0.7165	1.9174	0.9897	0.0505	2.1902	0.0000	1.5529	-0.0041	0.3368	4.1516	16.3276	14.5664	34.9199	0.0093	0.0093	0.0000	0.0004	0.0004	0.0000	0.0089	0.0089	0.0000	2.2468	0.8801	1.3667	1.3219	0.8536	0.4683	0.9248	0.0265	0.8984	0.5372	0.4696	0.0676	0.1534	0.1459	0.0075	0.3838	0.3237	0.0602	2.3701	1.7157	0.6544	1.4357	1.1914	0.2442	0.9344	0.5243	0.4102	0.0184	0.0388	0.0000	0.0031	0.0042	0.0000	0.0235	0.5448	0.0000	0.9480	0.5130	2.0884	0.9208	0.7165	1.9174	0.9897	0.0505	2.1902
51	121	0.4498	6	0	2	0	0	0	0	0	0	N	Y	N	N	N	N	N	N	N	N	N	N	0.1173	0.1570	0.0008	0.2007	0.2276	0.0063	0.0914	0.1910	0.0001	0.0756	0.0867	0.0007	0.1432	0.1497	0.0062	0.0485	0.0580	0.0001	0.6444	0.5524	0.8986	0.7137	0.6575	0.9866	0.5303	0.3035	0.8400	0.0013	0.5889	-0.0073	-0.0844	4.1516	6.1757	14.5664	14.5601	0.0165	0.0165	0.0000	0.0090	0.0089	0.0000	0.0076	0.0076	0.0000	0.9617	0.6053	0.3564	0.6628	0.5065	0.1563	0.2989	0.0988	0.2002	0.2189	0.1905	0.0284	0.0626	0.0598	0.0028	0.1563	0.1307	0.0256	1.4924	1.0957	0.3967	0.9287	0.7703	0.1584	0.5637	0.3254	0.2383	0.1173	0.1570	0.0008	0.2007	0.2276	0.0063	0.0914	0.1910	0.0001	0.6444	0.5524	0.8986	0.7137	0.6575	0.9866	0.5303	0.3035	0.8400
51	122	0.3967	5	0	1	0	0	0	0	0	0	N	N	N	N	N	N	N	N	N	N	N	N	0.0644	0.1378	0.0001	0.1520	0.1497	0.0033	0.0344	0.1801	0.0000	0.0666	0.0764	0.0002	0.0891	0.0948	0.0009	0.0563	0.0669	0.0001	1.0347	0.5546	2.2180	0.5861	0.6334	0.2701	1.6335	0.3716	2.8948	0.0003	1.6223	-0.0084	0.2874	4.1516	7.5400	14.5664	21.4192	0.0190	0.0190	0.0000	0.0080	0.0080	0.0000	0.0110	0.0110	0.0000	1.7932	0.6838	1.1094	0.5808	0.5460	0.0348	1.2124	0.1379	1.0745	0.2850	0.2484	0.0366	0.0903	0.0847	0.0055	0.1948	0.1637	0.0311	1.7331	1.2330	0.5002	0.9909	0.8619	0.1290	0.7422	0.3710	0.3712	0.0644	0.1378	0.0001	0.1520	0.1497	0.0033	0.0344	0.1801	0.0000	1.0347	0.5546	2.2180	0.5861	0.6334	0.2701	1.6335	0.3716	2.8948
51	123	0.1569	4	0	2	0	0	0	0	0	0	N	Y	N	N	N	N	N	N	N	N	N	N	0.0000	0.0000	0.0000	0.0000	0.0000	0.0000	0.0000	0.0000	0.0000	0.0000	0.0000	0.0000	0.0000	0.0000	0.0000	0.0000	0.0000	0.0000	1.2539	1.8439	0.0593	0.5668	0.6799	0.0140	1.7844	3.2122	0.0724	0.0000	0.0159	-0.0000	-0.5851	4.1516	4.0019	14.5664	19.5615	0.0000	0.0000	0.0000	0.0000	0.0000	0.0000	0.0000	0.0000	0.0000	1.3216	1.3009	0.0207	0.2603	0.2592	0.0011	1.0613	1.0417	0.0196	0.1228	0.1054	0.0174	0.0194	0.0184	0.0011	0.1034	0.0870	0.0164	1.0540	0.7055	0.3485	0.4592	0.3812	0.0780	0.5948	0.3243	0.2705	0.0000	0.0000	0.0000	0.0000	0.0000	0.0000	0.0000	0.0000	0.0000	1.2539	1.8439	0.0593	0.5668	0.6799	0.0140	1.7844	3.2122	0.0724
51	124	0.1349	3	0	1	0	0	0	0	0	0	N	N	N	N	N	N	N	N	N	N	N	N	0.0089	0.0071	0.0000	0.0069	0.0067	0.0000	0.0096	0.0063	0.0000	0.0058	0.0067	0.0000	0.0027	0.0030	0.0000	0.0078	0.0093	0.0000	0.6476	0.9394	0.0680	0.3947	0.4457	0.0435	0.8127	1.4711	0.0723	0.0000	0.0365	-0.0001	-0.1283	4.1516	1.2223	14.5664	8.2281	0.0003	0.0003	0.0000	0.0001	0.0001	0.0000	0.0003	0.0003	0.0000	0.3032	0.2926	0.0107	0.0730	0.0720	0.0010	0.2302	0.2206	0.0096	0.0544	0.0473	0.0070	0.0215	0.0197	0.0018	0.0329	0.0276	0.0053	0.4683	0.3114	0.1568	0.1850	0.1615	0.0235	0.2833	0.1499	0.1333	0.0089	0.0071	0.0000	0.0069	0.0067	0.0000	0.0096	0.0063	0.0000	0.6476	0.9394	0.0680	0.3947	0.4457	0.0435	0.8127	1.4711	0.0723
51	125	0.0830	2	0	1	0	0	0	0	0	0	N	N	N	N	N	N	N	N	N	N	N	N	0.0006	0.0009	0.0000	0.0745	0.0896	0.0000	0.0000	0.0000	0.0000	0.0009	0.0010	0.0000	0.0268	0.0280	0.0000	0.0000	0.0000	0.0000	1.5016	1.2204	1.9915	0.3595	0.3121	0.8207	2.0881	2.0730	2.1028	0.0000	0.9365	-0.0001	0.0315	4.1516	5.9920	14.5664	12.2976	0.0001	0.0001	0.0000	0.0001	0.0001	0.0000	0.0000	0.0000	0.0000	1.2461	0.6435	0.6026	0.1012	0.0797	0.0216	1.1448	0.5638	0.5811	0.1566	0.1326	0.0240	0.0052	0.0050	0.0002	0.1514	0.1277	0.0238	0.8298	0.5273	0.3026	0.2816	0.2553	0.0263	0.5483	0.2720	0.2763	0.0006	0.0009	0.0000	0.0745	0.0896	0.0000	0.0000	0.0000	0.0000	1.5016	1.2204	1.9915	0.3595	0.3121	0.8207	2.0881	2.0730	2.1028
51	126	0.1201	4	0	2	0	0	0	0	0	0	N	Y	N	N	N	N	N	N	N	N	N	N	4.4337	0.0089	11.2663	0.0189	0.0333	0.0000	3.3002	0.0496	10.6383	6.1430	0.0003	41.9464	0.0020	0.0021	0.0000	6.9941	0.0000	42.7862	1.3855	0.0325	3.7232	0.1066	0.0619	0.5748	2.1193	0.0000	4.0219	24900.5313	66.2077	0.5567	0.7770	4.1516	5.0407	14.5664	17.1705	0.9962	0.0000	0.9961	0.0000	0.0000	0.0000	0.9961	0.0000	0.9961	1.4751	0.0219	1.4531	0.0414	0.0219	0.0194	1.4337	0.0000	1.4337	0.1622	0.1384	0.0237	0.0197	0.0193	0.0005	0.1424	0.1191	0.0233	1.0646	0.6743	0.3903	0.3881	0.3543	0.0338	0.6765	0.3200	0.3565	4.4337	0.0089	11.2663	0.0189	0.0333	0.0000	3.3002	0.0496	10.6383	1.3855	0.0325	3.7232	0.1066	0.0619	0.5748	2.1193	0.0000	4.0219
51	127	0.1042	3	0	2	0	0	0	0	0	0	N	Y	N	N	N	N	N	N	N	N	N	N	0.0392	0.0062	0.1511	0.0245	0.0249	0.0000	0.0430	0.0000	0.1489	0.0200	0.0021	0.1208	0.0132	0.0134	0.0000	0.0211	0.0000	0.1224	0.5106	0.3370	0.7995	0.5392	0.5386	0.5476	0.4899	0.0074	0.8222	10.1801	1.4251	0.0006	0.0413	4.1516	1.9703	14.5664	6.2034	0.0014	0.0001	0.0013	0.0001	0.0001	0.0000	0.0013	0.0000	0.0013	0.3197	0.1318	0.1879	0.1413	0.1307	0.0106	0.1784	0.0011	0.1773	0.0691	0.0587	0.0104	0.0094	0.0092	0.0001	0.0597	0.0495	0.0103	0.6262	0.3912	0.2350	0.2621	0.2427	0.0193	0.3641	0.1485	0.2156	0.0392	0.0062	0.1511	0.0245	0.0249	0.0000	0.0430	0.0000	0.1489	0.5106	0.3370	0.7995	0.5392	0.5386	0.5476	0.4899	0.0074	0.8222
51	128	0.0830	2	0	1	0	0	0	0	0	0	N	N	N	N	N	N	N	N	N	N	N	N	0.0001	0.0043	0.0000	0.0078	0.0554	0.0000	0.0000	0.0013	0.0000	0.0004	0.0004	0.0004	0.0082	0.0086	0.0000	0.0001	0.0000	0.0004	3.5291	0.0850	15.1601	1.0597	0.1547	10.0065	5.0179	0.0029	11.2343	0.2190	64.7400	-0.0000	0.9444	4.1516	1.1032	14.5664	7.8190	0.0000	0.0000	0.0000	0.0000	0.0000	0.0000	0.0000	0.0000	0.0000	1.7941	0.0273	1.7668	0.2026	0.0269	0.1758	1.5914	0.0004	1.5910	0.0297	0.0251	0.0046	0.0011	0.0011	0.0000	0.0286	0.0241	0.0046	0.5084	0.3212	0.1871	0.1912	0.1736	0.0176	0.3172	0.1476	0.1695	0.0001	0.0043	0.0000	0.0078	0.0554	0.0000	0.0000	0.0013	0.0000	3.5291	0.0850	9.4424	1.0597	0.1547	10.0065	5.0179	0.0029	9.3839
51	129	0.4260	6	0	2	0	0	0	0	0	0	N	Y	N	N	N	N	N	N	N	N	N	N	0.0000	0.0000	0.0000	0.0000	0.0000	0.0000	0.0000	0.0000	0.0000	0.0000	0.0000	0.0000	0.0000	0.0000	0.0000	0.0000	0.0000	0.0000	0.0016	0.0023	0.0000	0.0023	0.0025	0.0001	0.0006	0.0018	0.0000	0.0032	0.0000	-0.0005	4.1516	1.0033	14.5664	0.8635	0.0000	0.0000	0.0000	0.0000	0.0000	0.0000	0.0000	0.0000	0.0000	0.0011	0.0011	0.0000	0.0009	0.0009	0.0000	0.0002	0.0002	0.0000	0.0988	0.0892	0.0096	0.0557	0.0523	0.0034	0.0431	0.0369	0.0062	0.6824	0.4645	0.2180	0.3897	0.3579	0.0318	0.2927	0.1066	0.1861	0.0000	0.0000	0.0000	0.0000	0.0000	0.0000	0.0000	0.0000	0.0000	0.0016	0.0023	0.0000	0.0023	0.0025	0.0001	0.0006	0.0018	0.0000	
51	130	0.3967	5	0	1	0	0	0	0	0	0	N	N	N	N	N	N	N	N	N	N	N	N	0.2171	0.2643	0.0072	0.2173	0.2198	0.0238	0.2562	1.0682	0.0050	0.0806	0.0919	0.0031	0.0934	0.0991	0.0065	0.0739	0.0877	0.0024	0.3712	0.3476	0.4306	0.4299	0.4510	0.2745	0.2886	0.0821	0.4816	0.0049	0.4932	-0.0081	-0.0661	4.1516	5.5514	14.5664	9.9598	0.0185	0.0184	0.0001	0.0073	0.0073	0.0000	0.0112	0.0111	0.0001	0.5161	0.3457	0.1705	0.3495	0.3228	0.0268	0.1666	0.0229	0.1437	0.2291	0.2000	0.0291	0.0783	0.0735	0.0048	0.1508	0.1265	0.0243	1.3903	0.9944	0.3959	0.8131	0.7156	0.0975	0.5772	0.2788	0.2984	0.2171	0.2643	0.0072	0.2173	0.2198	0.0238	0.2562	1.0682	0.0050	0.3712	0.3476	0.4306	0.4299	0.4510	0.2745	0.2886	0.0821	0.4816
51	131	0.3664	4	0	1	0	0	0	0	0	0	N	N	N	N	N	N	N	N	N	N	N	N	7.0453	7.3616	0.0015	0.2264	0.2132	0.0330	13.8829	28.6487	0.0008	4.6413	5.3114	0.0008	0.1811	0.1906	0.0031	6.2676	7.4062	0.0005	0.6588	0.7215	0.4970	0.8000	0.8940	0.0933	0.4515	0.2585	0.6316	0.0000	0.2671	-0.6798	-0.2570	4.1516	9.1969	14.5664	13.4651	1.5412	1.5412	0.0000	0.0161	0.0161	0.0000	1.5252	1.5252	0.0000	1.0381	0.8193	0.2188	0.7499	0.7396	0.0103	0.2883	0.0797	0.2086	0.3321	0.2902	0.0419	0.0887	0.0842	0.0045	0.2433	0.2059	0.0374	1.5758	1.1356	0.4403	0.9373	0.8273	0.1101	0.6385	0.3083	0.3302	7.0453	7.3616	0.0015	0.2264	0.2132	0.0330	13.8829	28.6487	0.0008	0.6588	0.7215	0.4970	0.8000	0.8940	0.0933	0.4515	0.2585	0.6316
51	132	0.1799	6	1	2	0	1	0	0	0	0	N	Y	N	N	N	N	N	N	N	N	N	N	0.0000	0.0000	0.0000	0.0000	0.0000	0.0000	0.0000	0.0000	0.0000	0.0000	0.0000	0.0000	0.0000	0.0000	0.0000	0.0000	0.0000	8.5843	0.0003	44.5276	0.0005	0.0006	0.0000	10.5542	0.0000	45.3156	32987.3342	0.0000	0.5360	4.1516	1.0000	14.5664	3.0001	0.0000	0.0000	0.0000	0.0000	0.0000	0.0000	0.0000	0.0000	0.0000	0.9897	0.0000	0.9896	0.0000	0.0000	0.0000	0.9896	0.0000	0.9896	0.0303	0.0261	0.0042	0.0062	0.0058	0.0004	0.0242	0.0204	0.0038	0.1531	0.1001	0.0530	0.0593	0.0521	0.0072	0.0938	0.0479	0.0458	0.0000	0.0000	0.0000	0.0000	0.0000	0.0000	0.0000	0.0000	0.0000	6.4657	0.0003	18.6720	0.0005	0.0006	0.0000	10.5542	0.0000	21.5859		
51	133	0.5788	10	1	2	0	1	0	0	0	0	N	Y	N	N	N	N	N	N	N	N	N	N	106.7498	513.7844	0.0000	2.9295	14.9182	0.0000	1222.6196	10059274.8149	0.0000	0.2345	0.2786	0.0000	0.0102	0.0125	0.0000	0.8665	0.9593	0.0000	0.0022	0.0005	0.0061	0.0035	0.0008	0.0188	0.0007	0.0000	0.0015	0.0000	4.7682	-0.0000	0.0000	4.1516	0.0006	14.5664	1.9797	0.0000	0.0000	0.0000	0.0000	0.0000	0.0000	0.0000	0.0000	0.0000	0.0001	0.0000	0.0001	0.0001	0.0000	0.0001	0.0000	0.0000	0.0000	0.0001	0.0001	0.0000	0.0001	0.0000	0.0000	0.0000	0.0000	0.0000	0.0594	0.0417	0.0177	0.0317	0.0270	0.0047	0.0277	0.0147	0.0130	106.7498	513.7844	0.0000	2.9295	14.9182	0.0000	1222.6196	10059274.8149	0.0000	0.0022	0.0005	0.0061	0.0035	0.0008	0.0188	0.0007	0.0000	0.0015
51	134	0.5621	9	1	2	0	1	0	0	0	0	N	Y	N	N	N	N	N	N	N	N	N	N	596.1209	539.8997	0.0000	35.4741	35.5501	0.0000	22645.1423	299214840.4336	0.0000	9.5927	11.0580	0.0000	1.0620	1.1393	0.0000	13.0947	15.5715	0.0000	0.0161	0.0205	0.0060	0.0299	0.0320	0.0186	0.0006	0.0000	0.0012	0.0000	0.1272	-0.2560	-0.0012	4.1516	2.0077	14.5664	6.0321	0.5803	0.5803	0.0000	0.0187	0.0187	0.0000	0.5616	0.5616	0.0000	0.0036	0.0032	0.0004	0.0035	0.0032	0.0003	0.0001	0.0000	0.0001	0.0605	0.0525	0.0080	0.0176	0.0164	0.0012	0.0429	0.0361	0.0068	0.2215	0.1544	0.0671	0.1170	0.0987	0.0184	0.1045	0.0557	0.0487	596.1209	539.8997	0.0000	35.4741	35.5501	0.0000	22645.1423	299214840.4336	0.0000	0.0161	0.0205	0.0060	0.0299	0.0320	0.0186	0.0006	0.0000	0.0012
51	135	0.5573	9	0	2	0	1	0	0	0	0	N	Y	N	N	N	N	N	N	N	N	N	N	0.0003	0.0000	1.0753	0.0000	0.0000	0.0037	0.0067	0.0000	1.4757	0.0000	0.0000	0.0003	0.0000	0.0000	0.0000	0.0001	0.0000	0.0004	0.1629	0.2304	0.0003	0.2947	0.3473	0.0005	0.0099	0.0180	0.0003	95.0684	0.0006	0.0000	-0.0289	4.1516	3.0348	14.5664	9.3583	0.0000	0.0000	0.0000	0.0000	0.0000	0.0000	0.0000	0.0000	0.0000	0.0631	0.0630	0.0000	0.0613	0.0613	0.0000	0.0018	0.0017	0.0000	0.0933	0.0805	0.0128	0.0260	0.0243	0.0017	0.0673	0.0562	0.0111	0.3872	0.2735	0.1137	0.2080	0.1764	0.0315	0.1792	0.0971	0.0821	0.0003	0.0000	1.0753	0.0000	0.0000	0.0037	0.0067	0.0000	1.4757	0.1629	0.2304	0.0003	0.2947	0.3473	0.0005	0.0099	0.0180	0.0003
51	136	0.5430	8	0	1	0	1	0	0	0	0	N	N	N	N	N	N	N	N	N	N	N	N	0.2040	0.1686	0.1700	0.3560	0.3177	0.7361	0.0000	0.0000	0.0000	0.0029	0.0034	0.0002	0.0096	0.0101	0.0019	0.0000	0.0000	0.0000	0.0144	0.0203	0.0012	0.0271	0.0317	0.0025	0.0006	0.0005	0.0007	0.0104	0.0264	-0.0000	-0.0012	4.1516	0.0433	14.5664	6.6805	0.0000	0.0000	0.0000	0.0000	0.0000	0.0000	0.0000	0.0000	0.0000	0.0028	0.0027	0.0001	0.0027	0.0027	0.0000	0.0001	0.0000	0.0000	0.0015	0.0013	0.0002	0.0005	0.0004	0.0000	0.0011	0.0009	0.0002	0.1916	0.1331	0.0585	0.1002	0.0843	0.0159	0.0914	0.0488	0.0427	0.2040	0.1686	0.1700	0.3560	0.3177	0.7361	0.0000	0.0000	0.0000	0.0144	0.0203	0.0012	0.0271	0.0317	0.0025	0.0006	0.0005	0.0007
51	137	0.2095	8	0	2	0	1	0	0	0	0	N	Y	N	N	N	N	N	N	N	N	N	N	0.0000	0.0000	0.0000	0.0000	0.0000	0.0000	0.0000	0.0000	0.0000	0.0000	0.0000	0.0000	0.0000	0.0000	0.0000	0.0000	0.0000	0.0000	0.0000	0.0000	4.1516	0.0000	14.5664	0.0000	0.0000	0.0000	0.0000	0.0000	0.0000	0.0000	0.0000	0.0000	0.0000	0.0000	0.0000	0.0000	0.0000	0.0000	0.0000	0.0000	0.0000	0.0000	0.0000	0.0000	0.0000	0.0000	0.0000	0.0000	0.0000	0.0000	0.0000	0.0000	0.0000	0.0000	0.0000	0.0000	0.0000	0.0000	0.0000	0.0000	0.0000	0.0000	0.0000	0.0000	0.0000	0.0000	0.0000	0.0000	0.0000	0.0000	0.0000	0.0000	0.0000	0.0000	0.0000	0.0000	0.0000	0.0000											
51	138	0.2045	7	0	2	0	1	0	0	0	0	N	Y	N	N	N	N	N	N	N	N	N	N	942.8772	605.9660	355.2117	314.6797	inf	inf	0.5392	0.5426	0.0000	0.5528	0.5541	0.0000	0.0231	0.0273	0.0000	0.0006	0.0009	0.0000	0.0016	0.0018	0.0000	0.0000	0.0000	0.0000	0.0000	0.0000	-0.0005	-0.0000	4.1516	0.0021	14.5664	2.0000	0.0012	0.0012	0.0000	0.0012	0.0012	0.0000	0.0000	0.0000	0.0000	0.0000	0.0000	0.0000	0.0000	0.0000	0.0000	0.0000	0.0000	0.0000	0.0021	0.0021	0.0000	0.0021	0.0021	0.0000	0.0001	0.0000	0.0000	0.0700	0.0447	0.0253	0.0257	0.0227	0.0030	0.0443	0.0220	0.0223	942.8772	605.9660	0.0000	355.2117	314.6797	0.0000	inf	inf	0.0000	0.0006	0.0009	0.0000	0.0016	0.0018	0.0000	0.0000	0.0000	0.0000			
51	139	0.1942	6	0	1	0	1	0	0	0	0	N	N	N	N	N	N	N	N	N	N	N	N	25.7560	19.6491	0.0000	50.1754	47.1602	0.0000	15.0486	9.1069	0.0383	0.0445	0.0000	0.1862	0.1989	0.0000	0.0000	0.0000	0.0000	0.0015	0.0023	0.0000	0.0037	0.0042	0.0000	0.0000	0.0000	0.0000	0.0000	0.0000	-0.0005	-0.0001	4.1516	1.0020	14.5664	3.0181	0.0012	0.0012	0.0000	0.0012	0.0012	0.0000	0.0000	0.0000	0.0000	0.0002	0.0002	0.0000	0.0002	0.0002	0.0000	0.0000	0.0000	0.0000	0.0304	0.0262	0.0042	0.0063	0.0059	0.0004	0.0242	0.0203	0.0038	0.1536	0.1009	0.0527	0.0615	0.0541	0.0074	0.0921	0.0468	0.0453	25.7560	19.6491	0.0000	50.1754	47.1602	0.0000	15.0486	9.1069	0.0000	0.0015	0.0023	0.0000	0.0037	0.0042	0.0000	0.0000	0.0000	0.0000	
51	140	0.1799	6	0	2	0	0	0	0	0	0	N	Y	N	N	N	N	N	N	N	N	N	N	0.0000	0.0000	0.0000	0.0000	0.0000	0.0000	0.0000	0.0000	0.0000	0.0000	0.0000	0.0000	0.0000	0.0000	0.0000	0.0000	0.0000	0.0004	0.0006	0.0000	0.0010	0.0012	0.0000	0.0000	0.0000	0.0000	0.0004	0.0000	-0.0000	4.1516	0.0000	14.5664	4.0001	0.0000	0.0000	0.0000	0.0000	0.0000	0.0000	0.0000	0.0000	0.0000	0.0001	0.0001	0.0000	0.0001	0.0001	0.0000	0.0000	0.0000	0.0000	0.0000	0.0000	0.0000	0.0000	0.0000	0.0000	0.0000	0.0000	0.0000	0.1531	0.1001	0.0530	0.0593	0.0521	0.0072	0.0938	0.0479	0.0458	0.0000	0.0000	0.0000	0.0000	0.0000	0.0000	0.0000	0.0000	0.0000	0.0004	0.0006	0.0000	0.0010	0.0012	0.0000	0.0000	0.0000	0.0000		
51	141	0.5575	8	0	2	0	0	0	0	0	0	N	Y	N	N	N	N	N	N	N	N	N	N	0.0013	59.2784	0.0000	16.5697	108.5740	0.0000	0.0001	9527.1455	0.0000	0.0093	0.0107	0.0000	0.0285	0.0306	0.0000	0.0014	0.0017	0.0000	7.2537	0.0002	45.1326	0.0017	0.0003	0.0095	12.2793	0.0000	53.4720	0.0000	46065.4153	-0.0001	0.5296	4.1516	1.0003	14.5664	5.0186	0.0003	0.0003	0.0000	0.0002	0.0002	0.0000	0.0000	0.0000	0.0000	0.9779	0.0000	0.9778	0.0002	0.0000	0.0001	0.9777	0.0000	0.9777	0.0302	0.0262	0.0040	0.0088	0.0082	0.0006	0.0214	0.0180	0.0034	0.1689	0.1177	0.0512	0.0893	0.0754	0.0139	0.0796	0.0423	0.0373	0.0016	59.2784	0.0000	16.5697	108.5740	0.0000	0.0001	9527.1455	0.0000	5.7903	0.0002	19.1048	0.0017	0.0003	0.0095	12.2793	0.0000	26.2150
51	142	0.1942	6	0	1	1	1	0	0	0	0	N	N	N	N	N	N	N	N	N	N	N	N	0.0000	0.0000	0.0000	0.0000	0.0000	0.0000	0.0000	0.0000	0.0000	0.0000	0.0000	0.0000	0.0000	0.0000	0.0000	0.0000	0.0000	0.0000	7.3689	4.4166	13.0702	0.0209	0.0206	0.0235	9.7532	9.4619	13.0121	1.0212	0.0000	0.0924	4.1516	0.0001	14.5664	9.0026	0.0000	0.0000	0.0000	0.0000	0.0000	0.0000	0.0000	0.0000	0.0000	1.9702	0.9748	0.9955	0.0028	0.0024	0.0004	1.9674	0.9723	0.9951	0.0000	0.0000	0.0000	0.0000	0.0000	0.0000	0.0000	0.0000	0.0000	0.3359	0.2207	0.1152	0.1341	0.1179	0.0162	0.2017	0.1028	0.0990	0.0000	0.0000	0.0000	0.0000	0.0000	0.0000	0.0000	0.0000	0.0000	5.8661	4.4166	8.6442	0.0209	0.0206	0.0235	9.7532	9.4619	10.0557	
51	143	0.5430	8	0	1	1	1	0	0	0	0	N	N	N	N	N	N	N	N	N	N	N	N	0.0000	0.0000	0.0000	0.0000	0.0000	0.0000	0.0000	0.0000	0.0000	0.0000	0.0000	0.0000	0.0000	0.0000	0.0000	0.0000	0.0000	0.0000	0.0512	0.0048	0.1562	0.0113	0.0076	0.0310	0.0947	0.0000	0.2029	14.4128	0.0000	0.0068	4.1516	2.0061	14.5664	8.0425	0.0000	0.0000	0.0000	0.0000	0.0000	0.0000	0.0000	0.0000	0.0000	0.0144	0.0009	0.0134	0.0017	0.0009	0.0007	0.0127	0.0000	0.0127	0.0601	0.0519	0.0082	0.0163	0.0152	0.0011	0.0438	0.0367	0.0071	0.2808	0.1948	0.0860	0.1466	0.1233	0.0234	0.1342	0.0716	0.0626	0.0000	0.0000	0.0000	0.0000	0.0000	0.0000	0.0000	0.0000	0.0000	0.0512	0.0048	0.1562	0.0113	0.0076	0.0310	0.0947	0.0000	0.2029	
51	144	0.5339	7	0	1	0	1	0	0	0	0	N	N	N	N	N	N	N	N	N	N	N	N	0.0100	0.0000	0.0615	0.0000	0.0000	0.0000	0.0725	0.0000	0.1970	0.0002	0.0000	0.0012	0.0000	0.0000	0.0000	0.0002	0.0000	0.0014	0.0159	0.0149	0.0188	0.0278	0.0237	0.0584	0.0032	0.0000	0.0073	inf	0.4741	0.0000	-0.0004	4.1516	1.9550	14.5664	2.1189	0.0000	0.0000	0.0000	0.0000	0.0000	0.0000	0.0000	0.0000	0.0000	0.0026	0.0018	0.0008	0.0024	0.0018	0.0006	0.0003	0.0000	0.0003	0.0625	0.0539	0.0086	0.0200	0.0183	0.0017	0.0425	0.0356	0.0069	0.1649	0.1200	0.0449	0.0854	0.0753	0.0101	0.0795	0.0447	0.0348	0.0100	0.0000	0.0615	0.0000	0.0000	0.0000	0.0725	0.0000	0.1970	0.0159	0.0149	0.0188	0.0278	0.0237	0.0584	0.0032	0.0000	0.0073
51	145	0.5339	7	0	1	1	1	0	0	0	0	N	N	N	N	N	N	N	N	N	N	N	N	0.0001	0.0001	0.0000	0.0004	0.0004	0.0000	0.0000	0.0000	0.0000	0.0003	0.0003	0.0000	0.0009	0.0010	0.0000	0.0000	0.0000	0.0000	2.8880	4.1190	0.0022	2.4048	2.8228	0.0077	3.4033	6.2960	0.0004	0.0000	0.0002	-0.0000	-0.7868	4.1516	2.1261	14.5664	18.6477	0.0000	0.0000	0.0000	0.0000	0.0000	0.0000	0.0000	0.0000	0.0000	1.7174	1.7170	0.0004	0.7379	0.7376	0.0004	0.9794	0.9794	0.0000	0.0676	0.0583	0.0093	0.0215	0.0197	0.0018	0.0461	0.0386	0.0075	0.5946	0.4168	0.1778	0.3069	0.2613	0.0456	0.2878	0.1556	0.1322	0.0001	0.0001	0.0000	0.0004	0.0004	0.0000	0.0000	0.0000	0.0000	2.8880	4.1190	0.0022	2.4048	2.8228	0.0077	3.4033	6.2960	0.0004
51	146	0.1942	6	0	1	1	1	0	0	0	0	N	N	N	N	N	N	N	N	N	N	N	N	0.3324	0.4014	0.0000	1.0232	0.9615	0.0000	0.0000	0.0000	0.0000	0.0003	0.0004	0.0000	0.0016	0.0017	0.0000	0.0000	0.0000	0.0000	0.0010	0.0010	0.0011	0.0016	0.0018	0.0000	0.0006	0.0000	0.0012	0.0000	0.5834	-0.0000	-0.0000	4.1516	2.0001	14.5664	5.9880	0.0000	0.0000	0.0000	0.0000	0.0000	0.0000	0.0000	0.0000	0.0000	0.0003	0.0002	0.0001	0.0002	0.0002	0.0000	0.0001	0.0000	0.0001	0.0605	0.0521	0.0084	0.0124	0.0116	0.0008	0.0480	0.0404	0.0076	0.2994	0.1968	0.1027	0.1197	0.1052	0.0144	0.1798	0.0915	0.0882	0.3324	0.4014	0.0000	1.0232	0.9615	0.0000	0.0000	0.0000	0.0000	0.0010	0.0010	0.0011	0.0016	0.0018	0.0000	0.0006	0.0000	0.0012
51	147	0.1942	6	0	1	1	1	0	0	0	0	N	N	N	N	N	N	N	N	N	N	N	N	0.0031	0.0000	46.8588	0.0000	0.0000	0.0000	0.0025	0.0000	39769.5149	0.0017	0.0000	0.0127	0.0000	0.0000	0.0000	0.0022	0.0000	0.0141	0.5535	0.8419	0.0003	0.0562	0.0637	0.0019	0.8769	1.7077	0.0000	inf	0.0002	0.0003	-0.2729	4.1516	9.0001	14.5664	23.0169	0.0005	0.0000	0.0005	0.0000	0.0000	0.0000	0.0005	0.0000	0.0005	0.5956	0.5955	0.0001	0.0238	0.0237	0.0001	0.5718	0.5718	0.0000	0.2641	0.2279	0.0362	0.0543	0.0509	0.0035	0.2097	0.1770	0.0327	1.0761	0.7073	0.3688	0.4241	0.3725	0.0516	0.6521	0.3348	0.3172	0.0031	0.0000	46.8588	0.0000	0.0000	0.0000	0.0025	0.0000	39769.5149	0.5535	0.8419	0.0003	0.0562	0.0637	0.0019	0.8769	1.7077	0.0000
51	148	0.1689	5	0	1	0	1	0	0	0	0	N	N	N	N	N	N	N	N	N	N	N	N	0.0006	0.0005	0.0000	0.0020	0.0019	0.0000	0.0000	0.0000	0.0000	0.0000	0.0000	0.0000	0.0000	0.0000	0.0000	0.0000	0.0000	0.0000	0.0060	0.0092	0.0000	0.0096	0.0109	0.0001	0.0038	0.0074	0.0000	0.0000	0.0021	-0.0000	-0.0011	4.1516	1.9990	14.5664	7.9526	0.0000	0.0000	0.0000	0.0000	0.0000	0.0000	0.0000	0.0000	0.0000	0.0024	0.0024	0.0000	0.0015	0.0015	0.0000	0.0009	0.0009	0.0000	0.0607	0.0523	0.0085	0.0124	0.0116	0.0008	0.0483	0.0406	0.0077	0.3941	0.2581	0.1360	0.1552	0.1367	0.0185	0.2389	0.1214	0.1175	0.0006	0.0005	0.0000	0.0020	0.0019	0.0000	0.0000	0.0000	0.0000	0.0060	0.0092	0.0000	0.0096	0.0109	0.0001	0.0038	0.0074	0.0000
51	149	0.1370	4	1	2	0	0	0	0	0	0	N	Y	N	N	N	N	N	N	N	N	N	N	0.0005	0.0009	0.0000	0.0038	0.0037	0.0000	0.0000	0.0000	0.0000	0.0004	0.0005	0.0000	0.0019	0.0020	0.0000	0.0000	0.0000	0.0000	0.8651	0.5515	1.4847	0.4915	0.5372	0.2565	1.1499	0.5686	1.8104	0.0051	1.3624	-0.0000	0.1143	4.1516	5.3497	14.5664	17.2225	0.0001	0.0001	0.0000	0.0001	0.0001	0.0000	0.0000	0.0000	0.0000	0.9657	0.4088	0.5569	0.2374	0.2172	0.0202	0.7284	0.1916	0.5368	0.1879	0.1613	0.0266	0.0434	0.0411	0.0023	0.1445	0.1201	0.0243	1.1164	0.7413	0.3751	0.4829	0.4043	0.0786	0.6334	0.3369	0.2965	0.0005	0.0009	0.0000	0.0038	0.0037	0.0000	0.0000	0.0000	0.0000	0.8651	0.5515	1.4847	0.4915	0.5372	0.2565	1.1499	0.5686	1.8104
51	150	0.1678	5	0	2	0	0	0	0	0	0	N	Y	N	N	N	N	N	N	N	N	N	N	0.0806	0.0670	0.0194	0.1105	0.1063	0.0081	0.0140	0.0110	0.0262	0.0004	0.0005	0.0000	0.0012	0.0012	0.0000	0.0000	0.0000	0.0000	0.0049	0.0068	0.0011	0.0107	0.0117	0.0030	0.0010	0.0011	0.0008	0.0070	0.0789	-0.0000	-0.0018	4.1516	3.6794	14.5664	17.4287	0.0001	0.0001	0.0000	0.0001	0.0001	0.0000	0.0000	0.0000	0.0000	0.0047	0.0044	0.0003	0.0042	0.0040	0.0001	0.0005	0.0003	0.0002	0.1714	0.1496	0.0219	0.0561	0.0535	0.0027	0.1153	0.0961	0.0192	0.9538	0.6456	0.3082	0.3879	0.3445	0.0434	0.5659	0.3011	0.2648	0.0806	0.0670	0.0194	0.1105	0.1063	0.0081	0.0140	0.0110	0.0262	0.0049	0.0068	0.0011	0.0107	0.0117	0.0030	0.0010	0.0011	0.0008
51	151	0.1370	4	0	2	0	0	0	0	0	0	N	Y	N	N	N	N	N	N	N	N	N	N	0.0003	0.0002	0.0060	0.0006	0.0005	0.0000	0.0001	0.0000	0.0070	0.0001	0.0001	0.0001	0.0003	0.0004	0.0000	0.0000	0.0000	0.0001	0.4150	0.6087	0.0170	0.5371	0.6483	0.0199	0.3057	0.5546	0.0160	0.1431	0.0136	-0.0000	-0.1549	4.1516	3.4464	14.5664	10.1316	0.0000	0.0000	0.0000	0.0000	0.0000	0.0000	0.0000	0.0000	0.0000	0.3482	0.3436	0.0047	0.2128	0.2114	0.0014	0.1354	0.1321	0.0033	0.1325	0.1137	0.0188	0.0339	0.0322	0.0016	0.0987	0.0815	0.0172	0.8391	0.5644	0.2748	0.3962	0.3261	0.0701	0.4429	0.2383	0.2046	0.0003	0.0002	0.0060	0.0006	0.0005	0.0000	0.0001	0.0000	0.0070	0.4150	0.6087	0.0170	0.5371	0.6483	0.0199	0.3057	0.5546	0.0160
51	152	0.5643	10	1	2	0	0	0	0	0	0	N	Y	N	N	N	N	N	N	N	N	N	N	0.0133	0.0000	0.0191	79.5711	0.0000	418.1720	0.0002	0.0000	0.0003	0.0377	0.0000	0.2835	0.1250	0.0000	1.8833	0.0009	0.0000	0.0058	2.8379	0.0008	14.8687	0.0016	0.0010	0.0045	5.9926	0.0003	23.1412	inf	5247.5948	0.0007	0.5396	4.1516	1.0143	14.5664	12.0086	0.0012	0.0000	0.0012	0.0011	0.0000	0.0011	0.0000	0.0000	0.0000	0.9966	0.0002	0.9964	0.0003	0.0002	0.0001	0.9963	0.0000	0.9963	0.0311	0.0269	0.0041	0.0092	0.0086	0.0006	0.0219	0.0183	0.0035	0.3512	0.2447	0.1064	0.1849	0.1559	0.0290	0.1663	0.0888	0.0774	0.0133	0.0000	0.0303	79.5711	0.0000	418.1720	0.0002	0.0000	0.0005	2.8379	0.0008	9.3617	0.0016	0.0010	0.0045	5.9926	0.0003	12.8697
51	153	0.5621	9	1	2	0	0	0	0	0	0	N	Y	N	N	N	N	N	N	N	N	N	N	0.1108	0.2999	0.0041	0.6347	0.6121	0.2321	0.0001	0.2967	0.0001	0.0004	0.0005	0.0000	0.0014	0.0015	0.0002	0.0000	0.0000	0.0000	0.0037	0.0015	0.0086	0.0022	0.0024	0.0010	0.0053	0.0000	0.0114	0.0117	2.4033	-0.0000	0.0000	4.1516	0.9811	14.5664	0.0216	0.0000	0.0000	0.0000	0.0000	0.0000	0.0000	0.0000	0.0000	0.0000	0.0001	0.0000	0.0001	0.0000	0.0000	0.0000	0.0001	0.0000	0.0001	0.0298	0.0259	0.0040	0.0087	0.0081	0.0006	0.0211	0.0177	0.0034	0.0287	0.0200	0.0087	0.0152	0.0128	0.0024	0.0135	0.0072	0.0063	0.1108	0.2999	0.0041	0.6347	0.6121	0.2321	0.0001	0.2967	0.0001	0.0037	0.0015	0.0086	0.0022	0.0024	0.0010	0.0053	0.0000	0.0114
51	154	0.5575	8	1	2	0	0	0	0	0	0	N	Y	N	N	N	N	N	N	N	N	N	N	0.5306	0.4321	0.0000	0.0297	0.0277	0.0000	47.3812	163529.2856	0.0000	0.0409	0.0474	0.0000	0.0043	0.0047	0.0000	0.0611	0.0729	0.0000	0.0771	0.1096	0.0022	0.1446	0.1705	0.0006	0.0013	0.0000	0.0027	0.0000	0.0086	-0.0000	-0.0020	4.1516	0.0083	14.5664	2.0001	0.0000	0.0000	0.0000	0.0000	0.0000	0.0000	0.0000	0.0000	0.0000	0.0045	0.0045	0.0000	0.0045	0.0045	0.0000	0.0000	0.0000	0.0000	0.0003	0.0002	0.0000	0.0001	0.0001	0.0000	0.0002	0.0002	0.0000	0.0586	0.0408	0.0177	0.0310	0.0263	0.0047	0.0276	0.0146	0.0130	0.5306	0.4321	0.0000	0.0297	0.0277	0.0000	47.3812	163529.2856	0.0000	0.0771	0.1096	0.0022	0.1446	0.1705	0.0006	0.0013	0.0000	0.0027
51	155	0.5339	7	0	2	0	0	0	0	0	0	N	Y	N	N	N	N	N	N	N	N	N	N	0.0001	0.0004	0.0000	0.0005	0.0007	0.0000	0.0000	0.0329	0.0000	0.0000	0.0000	0.0000	0.0000	0.0000	0.0000	0.0000	0.0000	0.0000	0.0188	0.0046	0.0533	0.0097	0.0073	0.0248	0.0285	0.0000	0.0628	0.0007	4.7968	-0.0000	0.0023	4.1516	2.9180	14.5664	7.4065	0.0000	0.0000	0.0000	0.0000	0.0000	0.0000	0.0000	0.0000	0.0000	0.0062	0.0011	0.0052	0.0017	0.0011	0.0006	0.0046	0.0000	0.0046	0.0910	0.0786	0.0123	0.0282	0.0259	0.0022	0.0628	0.0527	0.0101	0.3328	0.2359	0.0968	0.1723	0.1482	0.0240	0.1605	0.0877	0.0728	0.0001	0.0004	0.0000	0.0005	0.0007	0.0000	0.0000	0.0329	0.0000	0.0188	0.0046	0.0533	0.0097	0.0073	0.0248	0.0285	0.0000	0.0628
51	156	0.4681	6	0	1	0	0	0	0	0	0	N	N	N	N	N	N	N	N	N	N	N	N	0.1213	0.1661	0.0006	0.1207	0.1348	0.0014	0.1529	4.3097	0.0003	0.0063	0.0071	0.0000	0.0080	0.0085	0.0001	0.0051	0.0060	0.0000	0.0515	0.0426	0.0729	0.0667	0.0633	0.0877	0.0335	0.0014	0.0679	0.0008	0.7144	-0.0010	-0.0022	4.1516	8.2479	14.5664	19.7214	0.0023	0.0023	0.0000	0.0011	0.0011	0.0000	0.0011	0.0011	0.0000	0.0540	0.0315	0.0225	0.0380	0.0311	0.0068	0.0160	0.0003	0.0157	0.3652	0.3223	0.0429	0.1413	0.1331	0.0083	0.2239	0.1893	0.0346	1.0479	0.7393	0.3086	0.5696	0.4917	0.0780	0.4783	0.2477	0.2306	0.1213	0.1661	0.0006	0.1207	0.1348	0.0014	0.1529	4.3097	0.0003	0.0515	0.0426	0.0729	0.0667	0.0633	0.0877	0.0335	0.0014	0.0679
51	157	0.4319	5	0	1	0	0	0	0	0	0	N	N	N	N	N	N	N	N	N	N	N	N	0.0521	0.0538	0.0282	0.0767	0.0695	0.2038	0.0517	0.1496	0.0129	0.0076	0.0082	0.0037	0.0142	0.0142	0.0140	0.0049	0.0055	0.0020	0.1469	0.1531	0.1317	0.1852	0.2046	0.0686	0.0953	0.0366	0.1565	0.0670	0.3526	-0.0008	-0.0303	4.1516	7.4725	14.5664	14.3153	0.0020	0.0019	0.0001	0.0011	0.0010	0.0001	0.0009	0.0009	0.0001	0.1535	0.1135	0.0400	0.1111	0.1052	0.0059	0.0424	0.0083	0.0341	0.2655	0.2311	0.0344	0.0780	0.0731	0.0049	0.1875	0.1580	0.0295	1.0450	0.7412	0.3038	0.5998	0.5141	0.0857	0.4452	0.2271	0.2182	0.0521	0.0538	0.0282	0.0767	0.0695	0.2038	0.0517	0.1496	0.0129	0.1469	0.1531	0.1317	0.1852	0.2046	0.0686	0.0953	0.0366	0.1565
51	158	0.3664	4	0	1	0	0	0	0	0	0	N	N	N	N	N	N	N	N	N	N	N	N	0.2107	0.2436	0.0031	0.7106	0.6731	0.1416	0.0594	0.0804	0.0004	0.0948	0.1084	0.0014	0.2817	0.2963	0.0121	0.0312	0.0368	0.0002	0.4500	0.4451	0.4622	0.3964	0.4403	0.0853	0.5247	0.4572	0.5907	0.0019	0.4097	-0.0166	-0.1344	4.1516	11.6653	14.5664	19.4910	0.0378	0.0377	0.0001	0.0285	0.0285	0.0001	0.0093	0.0093	0.0000	0.8014	0.5685	0.2329	0.4116	0.4007	0.0109	0.3898	0.1679	0.2220	0.3988	0.3480	0.0508	0.1013	0.0960	0.0052	0.2975	0.2519	0.0456	1.7811	1.2772	0.5039	1.0382	0.9101	0.1281	0.7429	0.3671	0.3758	0.2107	0.2436	0.0031	0.7106	0.6731	0.1416	0.0594	0.0804	0.0004	0.4500	0.4451	0.4622	0.3964	0.4403	0.0853	0.5247	0.4572	0.5907
51	159	0.3192	3	0	1	0	0	0	0	0	0	N	N	N	N	N	N	N	N	N	N	N	N	4.8335	5.9618	0.0125	0.1140	0.1070	0.0402	5.8619	10.1327	0.0100	3.2921	3.7447	0.0103	0.0676	0.0706	0.0056	4.7358	5.5976	0.0110	0.6811	0.6281	0.8251	0.5928	0.6603	0.1396	0.8079	0.5524	1.0967	0.0004	0.4835	-0.4358	-0.1602	4.1516	7.3933	14.5664	20.5306	0.9889	0.9885	0.0004	0.0063	0.0063	0.0000	0.9826	0.9823	0.0004	1.2100	0.8156	0.3944	0.6207	0.6018	0.0189	0.5893	0.2139	0.3755	0.3004	0.2640	0.0364	0.0929	0.0885	0.0044	0.2075	0.1755	0.0320	1.7766	1.2986	0.4780	1.0471	0.9114	0.1357	0.7295	0.3871	0.3423	4.8335	5.9618	0.0125	0.1140	0.1070	0.0402	5.8619	10.1327	0.0100	0.6811	0.6281	0.8251	0.5928	0.6603	0.1396	0.8079	0.5524	1.0967
51	160	0.0830	2	0	1	0	0	0	0	0	0	N	N	N	N	N	N	N	N	N	N	N	N	0.0630	0.1296	0.0061	0.1389	0.2971	0.0000	0.0531	0.0955	0.0067	0.0557	0.0637	0.0097	0.0692	0.0721	0.0000	0.0553	0.0634	0.0098	0.8843	0.4917	1.5815	0.4984	0.2426	2.9649	1.0410	0.6641	1.4687	0.0265	1.8110	-0.0152	0.3965	4.1516	27.6416	14.5664	54.6365	0.0367	0.0358	0.0009	0.0015	0.0015	0.0000	0.0353	0.0343	0.0009	2.1330	0.7588	1.3742	0.3472	0.1532	0.1941	1.7858	0.6056	1.1801	0.6586	0.5611	0.0975	0.0211	0.0202	0.0008	0.6375	0.5408	0.0967	2.4122	1.5432	0.8690	0.6968	0.6313	0.0655	1.7154	0.9119	0.8035	0.0630	0.1296	0.0061	0.1389	0.2971	0.0000	0.0531	0.0955	0.0067	0.8843	0.4917	1.5815	0.4984	0.2426	2.9649	1.0410	0.6641	1.4687
51	161	0.1875	8	1	2	0	0	0	0	0	0	N	Y	N	N	N	N	N	N	N	N	N	N	0.0000	0.0000	0.0000	0.0000	0.0000	0.0000	0.0000	0.0000	0.0000	0.0000	0.0000	0.0000	0.0000	0.0000	0.0000	0.0000	0.0000	0.0000	0.0003	0.0004	0.0001	0.0007	0.0007	0.0009	0.0000	0.0000	0.0000	0.2007	0.0000	-0.0000	4.1516	0.0002	14.5664	3.0099	0.0000	0.0000	0.0000	0.0000	0.0000	0.0000	0.0000	0.0000	0.0000	0.0000	0.0000	0.0000	0.0000	0.0000	0.0000	0.0000	0.0000	0.0000	0.0000	0.0000	0.0000	0.0000	0.0000	0.0000	0.0000	0.0000	0.0000	0.1174	0.0772	0.0403	0.0458	0.0404	0.0054	0.0716	0.0368	0.0348	0.0000	0.0000	0.0000	0.0000	0.0000	0.0000	0.0000	0.0000	0.0000	0.0003	0.0004	0.0001	0.0007	0.0007	0.0009	0.0000	0.0000	0.0000	
51	162	0.1799	7	1	2	0	0	0	0	0	0	N	Y	N	N	N	N	N	N	N	N	N	N	0.0000	0.0000	0.0000	0.0000	0.0000	0.0000	0.0000	0.0000	0.0000	0.0000	0.0000	0.0000	0.0000	0.0000	0.0000	0.0000	0.0000	0.0000	0.0114	0.0174	0.0000	0.0267	0.0304	0.0000	0.0017	0.0033	0.0000	0.0000	0.0000	-0.0006	4.1516	0.9998	14.5664	2.0118	0.0000	0.0000	0.0000	0.0000	0.0000	0.0000	0.0000	0.0000	0.0000	0.0013	0.0013	0.0000	0.0012	0.0012	0.0000	0.0001	0.0001	0.0000	0.0303	0.0261	0.0042	0.0062	0.0058	0.0004	0.0242	0.0204	0.0038	0.1158	0.0757	0.0401	0.0449	0.0395	0.0054	0.0709	0.0362	0.0347	0.0000	0.0000	0.0000	0.0000	0.0000	0.0000	0.0000	0.0000	0.0000	0.0114	0.0174	0.0000	0.0267	0.0304	0.0000	0.0017	0.0033	0.0000	
51	163	0.1799	6	1	2	0	0	0	0	0	0	N	Y	N	N	N	N	N	N	N	N	N	N	0.0000	0.0000	0.0000	0.0000	0.0000	0.0000	0.0000	0.0000	0.0000	0.0000	0.0000	0.0000	0.0000	0.0000	0.0000	0.0000	0.0000	0.0034	0.0031	0.0046	0.0074	0.0058	0.0401	0.0001	0.0000	0.0004	0.3786	0.0000	-0.0000	4.1516	0.0000	14.5664	0.0003	0.0000	0.0000	0.0000	0.0000	0.0000	0.0000	0.0000	0.0000	0.0000	0.0000	0.0000	0.0000	0.0000	0.0000	0.0000	0.0000	0.0000	0.0000	0.0000	0.0000	0.0000	0.0000	0.0000	0.0000	0.0000	0.0000	0.0000	0.0000	0.0000	0.0000	0.0000	0.0000	0.0000	0.0000	0.0000	0.0000	0.0000	0.0000	0.0000	0.0000	0.0000	0.0000	0.0000	0.0000	0.0000	0.0034	0.0031	0.0046	0.0074	0.0058	0.0401	0.0001	0.0000	0.0004		
51	164	0.1689	5	0	2	0	0	0	0	0	0	N	Y	N	N	N	N	N	N	N	N	N	N	0.0405	0.0321	0.0000	0.0695	0.0626	0.0000	0.0000	0.0000	0.0000	0.0004	0.0005	0.0000	0.0011	0.0011	0.0000	0.0000	0.0000	0.0000	0.0108	0.0164	0.0001	0.0159	0.0180	0.0000	0.0074	0.0145	0.0002	0.0000	0.0047	-0.0000	-0.0009	4.1516	0.0063	14.5664	4.3641	0.0000	0.0000	0.0000	0.0000	0.0000	0.0000	0.0000	0.0000	0.0000	0.0021	0.0021	0.0000	0.0012	0.0012	0.0000	0.0008	0.0008	0.0000	0.0005	0.0004	0.0001	0.0002	0.0002	0.0000	0.0003	0.0002	0.0001	0.1914	0.1259	0.0655	0.0782	0.0689	0.0092	0.1133	0.0570	0.0563	0.0405	0.0321	0.0000	0.0695	0.0626	0.0000	0.0000	0.0000	0.0000	0.0108	0.0164	0.0001	0.0159	0.0180	0.0000	0.0074	0.0145	0.0002
51	165	0.1370	4	0	1	0	0	0	0	0	0	N	N	N	N	N	N	N	N	N	N	N	N	0.0046	0.0036	0.0000	0.0178	0.0153	0.0000	0.0000	0.0000	0.0000	0.0013	0.0016	0.0000	0.0048	0.0051	0.0000	0.0000	0.0000	0.0000	0.2902	0.4302	0.0007	0.2715	0.3304	0.0012	0.3074	0.5697	0.0006	0.0000	0.0008	-0.0001	-0.1070	4.1516	2.5207	14.5664	10.0226	0.0001	0.0001	0.0000	0.0001	0.0001	0.0000	0.0000	0.0000	0.0000	0.2338	0.2336	0.0002	0.1047	0.1046	0.0001	0.1291	0.1290	0.0001	0.1053	0.0903	0.0150	0.0292	0.0278	0.0014	0.0761	0.0625	0.0136	0.8058	0.5431	0.2627	0.3857	0.3166	0.0691	0.4200	0.2265	0.1936	0.0046	0.0036	0.0000	0.0178	0.0153	0.0000	0.0000	0.0000	0.0000	0.2902	0.4302	0.0007	0.2715	0.3304	0.0012	0.3074	0.5697	0.0006
51	166	0.1214	3	0	1	0	0	0	0	0	0	N	N	N	N	N	N	N	N	N	N	N	N	0.5817	0.4841	0.0001	0.4604	0.4380	0.0000	0.8005	0.5464	0.0002	0.4262	0.5023	0.0000	0.2709	0.3246	0.0000	0.7212	0.8244	0.0000	0.7326	1.0375	0.0427	0.5884	0.7410	0.0141	0.9010	1.5086	0.0593	0.0000	0.0182	-0.0599	-0.2370	4.1516	2.6894	14.5664	4.6619	0.1359	0.1359	0.0000	0.0566	0.0566	0.0000	0.0793	0.0793	0.0000	0.5380	0.5284	0.0096	0.2328	0.2316	0.0012	0.3053	0.2968	0.0084	0.3189	0.2706	0.0483	0.2089	0.1744	0.0346	0.1100	0.0962	0.0138	0.7344	0.5093	0.2251	0.3956	0.3126	0.0830	0.3388	0.1968	0.1420	0.5817	0.4841	0.0001	0.4604	0.4380	0.0000	0.8005	0.5464	0.0002	0.7326	1.0375	0.0427	0.5884	0.7410	0.0141	0.9010	1.5086	0.0593
51	167	0.0830	2	0	1	0	0	0	0	0	0	N	N	N	N	N	N	N	N	N	N	N	N	0.0000	0.0000	0.0001	0.0001	0.0001	0.0000	0.0000	0.0000	0.0001	0.0000	0.0000	0.0000	0.0001	0.0001	0.0000	0.0000	0.0000	0.0000	0.9278	1.1210	0.5944	0.5187	0.5503	0.2091	1.1607	1.7391	0.6331	3.7848	0.3072	0.0000	-0.1231	4.1516	2.7966	14.5664	8.5340	0.0000	0.0000	0.0000	0.0000	0.0000	0.0000	0.0000	0.0000	0.0000	0.5509	0.4215	0.1295	0.1117	0.1076	0.0042	0.4392	0.3139	0.1253	0.0743	0.0629	0.0115	0.0025	0.0024	0.0001	0.0718	0.0604	0.0113	0.5938	0.3760	0.2178	0.2154	0.1955	0.0199	0.3784	0.1805	0.1979	0.0000	0.0000	0.0001	0.0001	0.0001	0.0000	0.0000	0.0000	0.0001	0.9278	1.1210	0.5944	0.5187	0.5503	0.2091	1.1607	1.7391	0.6331
52	53	0.6160	11	1	1	1	0	0	0	0	0	N	N	N	N	N	N	N	N	N	N	N	N	0.0000	0.0000	0.1250	0.0000	0.0000	119.0290	0.0093	0.0000	0.0261	0.0002	0.0000	0.0017	0.0003	0.0000	0.0187	0.0001	0.0000	0.0005	21.8838	35.8464	0.0136	116.6544	141.6000	0.0002	0.0095	0.0001	0.0180	inf	0.0003	0.0000	-0.4065	0.0028	8.5400	0.9232	19.3759	0.0000	0.0000	0.0000	0.0000	0.0000	0.0000	0.0000	0.0000	0.0000	0.8874	0.8871	0.0003	0.8871	0.8871	0.0000	0.0003	0.0000	0.0003	0.0005	0.0005	0.0001	0.0002	0.0002	0.0000	0.0003	0.0002	0.0001	0.0646	0.0457	0.0189	0.0375	0.0328	0.0047	0.0271	0.0129	0.0142	0.0000	0.0000	0.1250	0.0000	0.0000	119.0290	0.0093	0.0000	0.0261	13.7345	19.4225	0.0136	23.6549	27.0675	0.0002	0.0095	0.0001	0.0180
52	54	0.5529	10	1	0	1	0	0	0	0	0	N	N	N	N	N	N	N	N	N	N	N	N	0.0006	0.0005	0.0052	0.0008	0.0007	0.0000	0.0009	0.0000	0.0042	0.0002	0.0002	0.0002	0.0005	0.0005	0.0000	0.0000	0.0000	0.0002	0.3944	0.5228	0.0418	0.6705	0.7684	0.0076	0.0505	0.0476	0.0543	0.1102	0.0291	-0.0000	-0.0107	0.0028	7.3474	0.9232	24.2346	0.0000	0.0000	0.0000	0.0000	0.0000	0.0000	0.0000	0.0000	0.0000	0.0250	0.0243	0.0007	0.0236	0.0235	0.0000	0.0014	0.0008	0.0007	0.0005	0.0004	0.0001	0.0002	0.0002	0.0000	0.0003	0.0002	0.0000	0.0634	0.0465	0.0169	0.0352	0.0306	0.0045	0.0282	0.0158	0.0124	0.0006	0.0005	0.0052	0.0008	0.0007	0.0000	0.0009	0.0000	0.0042	0.3944	0.5228	0.0418	0.6705	0.7684	0.0076	0.0505	0.0476	0.0543
52	55	0.5231	9	1	0	1	0	0	0	0	0	N	N	N	N	N	N	N	N	N	N	N	N	0.0064	0.0063	0.0102	0.0105	0.0095	0.0000	0.0031	0.0000	0.0082	0.0001	0.0001	0.0003	0.0002	0.0002	0.0000	0.0001	0.0000	0.0003	0.0206	0.0178	0.0287	0.0222	0.0248	0.0035	0.0186	0.0034	0.0377	0.3319	0.5753	-0.0000	-0.0001	0.0028	3.4216	0.9232	15.9376	0.0000	0.0000	0.0000	0.0000	0.0000	0.0000	0.0000	0.0000	0.0000	0.0010	0.0007	0.0004	0.0006	0.0006	0.0000	0.0004	0.0000	0.0004	0.0002	0.0002	0.0000	0.0001	0.0001	0.0000	0.0001	0.0001	0.0000	0.0503	0.0371	0.0132	0.0284	0.0249	0.0035	0.0219	0.0122	0.0097	0.0064	0.0063	0.0102	0.0105	0.0095	0.0000	0.0031	0.0000	0.0082	0.0206	0.0178	0.0287	0.0222	0.0248	0.0035	0.0186	0.0034	0.0377
52	56	0.2398	5	1	1	1	0	0	0	0	0	N	N	N	N	N	N	N	N	N	N	N	N	0.0073	0.0000	0.2699	0.0122	0.0000	7.9398	0.0039	0.0000	0.0732	0.0008	0.0000	0.0075	0.0013	0.0000	0.1389	0.0005	0.0000	0.0026	0.1123	0.1472	0.0278	0.1090	0.1309	0.0175	0.1182	0.1925	0.0355	inf	0.0782	0.0000	-0.0026	0.0028	0.9891	0.9232	20.6926	0.0000	0.0000	0.0000	0.0000	0.0000	0.0000	0.0000	0.0000	0.0000	0.0067	0.0062	0.0005	0.0042	0.0041	0.0001	0.0025	0.0021	0.0004	0.0001	0.0001	0.0000	0.0000	0.0000	0.0000	0.0000	0.0000	0.0000	0.0595	0.0421	0.0174	0.0383	0.0310	0.0074	0.0212	0.0112	0.0100	0.0073	0.0000	0.2699	0.0122	0.0000	7.9398	0.0039	0.0000	0.0732	0.1123	0.1472	0.0278	0.1090	0.1309	0.0175	0.1182	0.1925	0.0355
52	57	0.1194	4	1	0	1	0	0	0	0	0	N	N	N	N	N	N	N	N	N	N	N	N	0.0002	0.0000	0.9665	0.0029	0.0026	0.0000	0.0003	0.0000	0.8909	0.0042	0.0002	0.0351	0.0004	0.0004	0.0000	0.0065	0.0000	0.0354	22.3326	37.7209	0.0363	0.1510	0.1704	0.0064	19.9940	35.8366	0.0397	23.8600	0.0009	0.0000	-0.4169	0.0028	5.0326	0.9232	39.3193	0.0000	0.0000	0.0000	0.0000	0.0000	0.0000	0.0000	0.0000	0.0000	0.9113	0.9105	0.0008	0.0030	0.0030	0.0000	0.9083	0.9074	0.0008	0.0003	0.0003	0.0000	0.0001	0.0001	0.0000	0.0002	0.0002	0.0000	0.0663	0.0431	0.0233	0.0201	0.0177	0.0024	0.0462	0.0253	0.0209	0.0003	0.0000	0.9665	0.0029	0.0026	0.0000	0.0003	0.0000	0.8909	13.7394	21.1383	0.0363	0.1510	0.1704	0.0064	19.6602	35.8366	0.0397
52	58	0.1194	4	1	1	1	1	0	0	0	0	N	N	N	N	N	N	N	N	N	N	N	N	1.2053	0.0000	78.0402	0.0000	0.0000	0.0000	18.2614	0.0000	90.2154	0.0927	0.0000	0.8095	0.0000	0.0000	0.0000	0.1488	0.0000	0.8162	0.0769	0.1128	0.0104	0.2340	0.2625	0.0220	0.0081	0.0074	0.0090	inf	0.0497	0.0000	-0.0020	0.0028	5.0036	0.9232	36.7244	0.0000	0.0000	0.0000	0.0000	0.0000	0.0000	0.0000	0.0000	0.0000	0.0049	0.0046	0.0002	0.0045	0.0044	0.0000	0.0004	0.0002	0.0002	0.0003	0.0003	0.0000	0.0001	0.0001	0.0000	0.0002	0.0002	0.0000	0.0632	0.0410	0.0222	0.0192	0.0170	0.0023	0.0440	0.0241	0.0199	1.2053	0.0000	78.0402	0.0000	0.0000	0.0000	18.2614	0.0000	90.2154	0.0769	0.1128	0.0104	0.2340	0.2625	0.0220	0.0081	0.0074	0.0090
52	59	0.5035	9	1	1	1	1	0	0	0	0	N	N	N	N	N	N	N	N	N	N	N	N	0.8973	291.2157	0.0000	3.1641	329.9898	0.0000	0.0002	0.7027	0.0000	0.0263	0.0359	0.0000	0.0565	0.0574	0.0000	0.0000	0.0000	0.0000	0.0293	0.0001	0.1152	0.0178	0.0002	0.1312	0.0448	0.0000	0.1081	0.0000	318.4692	-0.0000	0.0012	0.0028	10.4254	0.9232	21.2017	0.0000	0.0000	0.0000	0.0000	0.0000	0.0000	0.0000	0.0000	0.0000	0.0023	0.0000	0.0023	0.0008	0.0000	0.0008	0.0015	0.0000	0.0015	0.0011	0.0008	0.0003	0.0005	0.0005	0.0000	0.0006	0.0003	0.0003	0.0780	0.0582	0.0198	0.0447	0.0387	0.0060	0.0332	0.0194	0.0138	0.8973	291.2157	0.0000	3.1641	329.9898	0.0000	0.0002	0.7027	0.0000	0.0293	0.0001	0.1152	0.0178	0.0002	0.1312	0.0448	0.0000	0.1081
52	62	0.0648	3	2	0	2	0	0	0	0	0	Y	N	Y	N	N	N	N	N	N	N	N	N	0.0000	0.0000	0.0000	0.0000	0.0000	0.0000	0.0000	0.0000	0.0000	0.0000	0.0000	0.0000	0.0000	0.0000	0.0000	0.0000	0.0000	0.0000	0.0140	0.0020	0.0327	0.0084	0.0069	0.0425	0.0152	0.0000	0.0325	10.5401	0.0000	0.0002	0.0028	0.0060	0.9232	17.2393	0.0000	0.0000	0.0000	0.0000	0.0000	0.0000	0.0000	0.0000	0.0000	0.0004	0.0000	0.0004	0.0000	0.0000	0.0000	0.0004	0.0000	0.0004	0.0000	0.0000	0.0000	0.0000	0.0000	0.0000	0.0000	0.0000	0.0000	0.0298	0.0182	0.0116	0.0055	0.0052	0.0002	0.0243	0.0130	0.0114	0.0000	0.0000	0.0000	0.0000	0.0000	0.0000	0.0000	0.0000	0.0000	0.0140	0.0020	0.0327	0.0084	0.0069	0.0425	0.0152	0.0000	0.0325	
52	63	0.1562	5	1	0	2	0	0	0	0	0	N	N	Y	N	N	N	N	N	N	N	N	N	0.1146	0.0000	0.3642	0.0778	0.0000	1.3276	0.1533	0.0000	0.4264	0.0010	0.0000	0.0091	0.0008	0.0000	0.0957	0.0011	0.0000	0.0063	0.0085	0.0009	0.0249	0.0099	0.0015	0.0721	0.0072	0.0000	0.0148	inf	12.6533	0.0000	0.0002	0.0028	1.0230	0.9232	12.1924	0.0000	0.0000	0.0000	0.0000	0.0000	0.0000	0.0000	0.0000	0.0000	0.0003	0.0000	0.0003	0.0002	0.0000	0.0002	0.0002	0.0000	0.0002	0.0001	0.0001	0.0000	0.0000	0.0000	0.0000	0.0000	0.0000	0.0000	0.0405	0.0277	0.0128	0.0189	0.0167	0.0022	0.0216	0.0111	0.0105	0.1146	0.0000	0.3642	0.0778	0.0000	1.3276	0.1533	0.0000	0.4264	0.0085	0.0009	0.0249	0.0099	0.0015	0.0721	0.0072	0.0000	0.0148
52	64	0.1194	4	1	0	1	0	0	0	0	0	N	N	N	N	N	N	N	N	N	N	N	N	0.0856	0.0036	5.2850	0.0044	0.0039	0.0000	1.0256	0.0000	5.7438	0.0084	0.0005	0.0659	0.0012	0.0012	0.0000	0.0129	0.0000	0.0664	0.0987	0.1458	0.0125	0.2761	0.3108	0.0198	0.0125	0.0134	0.0116	17.4448	0.0467	0.0000	-0.0011	0.0028	2.4556	0.9232	12.4191	0.0000	0.0000	0.0000	0.0000	0.0000	0.0000	0.0000	0.0000	0.0000	0.0027	0.0025	0.0001	0.0024	0.0024	0.0000	0.0002	0.0001	0.0001	0.0002	0.0002	0.0000	0.0001	0.0001	0.0000	0.0001	0.0001	0.0000	0.0270	0.0175	0.0096	0.0088	0.0078	0.0011	0.0182	0.0097	0.0085	0.0856	0.0036	5.2850	0.0044	0.0039	0.0000	1.0256	0.0000	5.7438	0.0987	0.1458	0.0125	0.2761	0.3108	0.0198	0.0125	0.0134	0.0116
52	65	0.2417	6	1	1	1	0	0	0	0	0	N	N	N	N	N	N	N	N	N	N	N	N	0.0049	0.0001	96.5375	0.0002	0.0002	0.0000	0.1282	0.0000	129.1681	0.0004	0.0000	0.0033	0.0000	0.0000	0.0000	0.0006	0.0000	0.0036	0.0759	0.1020	0.0000	0.1234	0.1413	0.0001	0.0049	0.0089	0.0000	30.2667	0.0001	0.0000	-0.0010	0.0028	1.7555	0.9232	11.9300	0.0000	0.0000	0.0000	0.0000	0.0000	0.0000	0.0000	0.0000	0.0000	0.0021	0.0021	0.0000	0.0020	0.0020	0.0000	0.0001	0.0001	0.0000	0.0001	0.0001	0.0000	0.0001	0.0001	0.0000	0.0001	0.0001	0.0000	0.0277	0.0206	0.0071	0.0166	0.0145	0.0021	0.0111	0.0061	0.0050	0.0049	0.0001	96.5375	0.0002	0.0002	0.0000	0.1282	0.0000	129.1681	0.0759	0.1020	0.0000	0.1234	0.1413	0.0001	0.0049	0.0089	0.0000
52	66	0.1170	6	2	1	2	0	0	0	0	0	Y	N	Y	N	N	N	N	N	N	N	N	N	0.0000	0.0000	0.0000	0.0000	0.0000	0.0000	0.0000	0.0000	0.0000	0.0000	0.0000	0.0000	0.0000	0.0000	0.0000	0.0000	0.0000	0.0000	0.0000	0.0000	0.0028	0.0000	0.9232	0.0000	0.0000	0.0000	0.0000	0.0000	0.0000	0.0000	0.0000	0.0000	0.0000	0.0000	0.0000	0.0000	0.0000	0.0000	0.0000	0.0000	0.0000	0.0000	0.0000	0.0000	0.0000	0.0000	0.0000	0.0000	0.0000	0.0000	0.0000	0.0000	0.0000	0.0000	0.0000	0.0000	0.0000	0.0000	0.0000	0.0000	0.0000	0.0000	0.0000	0.0000	0.0000	0.0000	0.0000	0.0000	0.0000	0.0000	0.0000	0.0000	0.0000	0.0000	0.0000	0.0000	0.0000	0.0000											
52	67	0.7253	11	2	1	2	0	0	0	0	0	Y	N	Y	N	N	N	N	N	N	N	N	N	0.0000	0.0000	0.0000	0.0000	0.0000	0.0000	0.0000	0.0000	0.0000	0.0000	0.0000	0.0000	0.0000	0.0000	0.0000	0.0000	0.0000	0.0000	0.0000	0.0000	0.0028	1.0000	0.9232	3.0000	0.0000	0.0000	0.0000	0.0000	0.0000	0.0000	0.0000	0.0000	0.0000	0.0000	0.0000	0.0000	0.0000	0.0000	0.0000	0.0000	0.0000	0.0000	0.0000	0.0000	0.0000	0.0000	0.0000	0.0000	0.0000	0.0000	0.0000	0.0060	0.0043	0.0016	0.0032	0.0027	0.0005	0.0027	0.0016	0.0011	0.0000	0.0000	0.0000	0.0000	0.0000	0.0000	0.0000	0.0000	0.0000	0.0000	0.0000	0.0000	0.0000	0.0000	0.0000	0.0000	0.0000	0.0000											
52	68	0.1170	6	2	1	2	0	0	0	0	0	Y	N	Y	N	N	N	N	N	N	N	N	N	0.0000	0.0000	0.0000	0.0000	0.0000	0.0000	0.0000	0.0000	0.0000	0.0000	0.0000	0.0000	0.0000	0.0000	0.0000	0.0000	0.0000	0.0000	0.0000	0.0000	0.0028	1.0000	0.9232	0.0000	0.0000	0.0000	0.0000	0.0000	0.0000	0.0000	0.0000	0.0000	0.0000	0.0000	0.0000	0.0000	0.0000	0.0000	0.0000	0.0000	0.0000	0.0000	0.0001	0.0001	0.0000	0.0000	0.0000	0.0000	0.0000	0.0000	0.0000	0.0017	0.0011	0.0006	0.0005	0.0005	0.0001	0.0012	0.0006	0.0005	0.0000	0.0000	0.0000	0.0000	0.0000	0.0000	0.0000	0.0000	0.0000	0.0000	0.0000	0.0000	0.0000	0.0000	0.0000	0.0000	0.0000	0.0000											
52	69	0.1006	5	2	1	2	0	0	0	0	0	Y	N	Y	N	N	N	N	N	N	N	N	N	0.0006	0.0005	0.0000	0.0005	0.0005	0.0000	0.0000	0.0000	0.0001	0.0001	0.0000	0.0003	0.0003	0.0000	0.0000	0.0000	0.0000	0.1766	0.2649	0.0000	0.5488	0.6139	0.0000	0.0005	0.0009	0.0000	0.0000	0.0000	-0.0000	-0.0012	0.0028	1.0155	0.9232	5.9708	0.0000	0.0000	0.0000	0.0000	0.0000	0.0000	0.0000	0.0000	0.0000	0.0026	0.0026	0.0000	0.0026	0.0026	0.0000	0.0000	0.0000	0.0000	0.0001	0.0001	0.0000	0.0000	0.0000	0.0000	0.0000	0.0000	0.0000	0.0146	0.0097	0.0048	0.0047	0.0042	0.0005	0.0099	0.0055	0.0044	0.0006	0.0005	0.0000	0.0005	0.0005	0.0000	0.0000	0.0000	0.0000	0.1766	0.2649	0.0000	0.5488	0.6139	0.0000	0.0005	0.0009	0.0000	
52	70	0.0958	4	2	0	2	0	0	0	0	0	Y	N	Y	N	N	N	N	N	N	N	N	N	1.5403	2.2646	0.4009	1.8183	2.3282	1.6251	0.3434	0.0000	0.4521	0.0708	0.0823	0.0276	0.1528	0.1490	0.6246	0.0064	0.0000	0.0172	0.0460	0.0364	0.0688	0.0841	0.0640	0.3844	0.0186	0.0017	0.0381	0.0895	0.7960	-0.0000	-0.0000	0.0028	0.0406	0.9232	2.3361	0.0000	0.0000	0.0000	0.0000	0.0000	0.0000	0.0000	0.0000	0.0000	0.0005	0.0003	0.0002	0.0003	0.0002	0.0001	0.0001	0.0000	0.0001	0.0000	0.0000	0.0000	0.0000	0.0000	0.0000	0.0000	0.0000	0.0000	0.0099	0.0070	0.0029	0.0041	0.0039	0.0003	0.0058	0.0031	0.0027	1.5403	2.2646	0.4009	1.8183	2.3282	1.6251	0.3434	0.0000	0.4521	0.0460	0.0364	0.0688	0.0841	0.0640	0.3844	0.0186	0.0017	0.0381
52	71	0.7253	11	2	1	2	0	0	0	0	0	Y	N	Y	N	N	N	N	N	N	N	N	N	0.0000	0.0000	0.0000	0.0000	0.0000	0.0000	0.0000	0.0000	0.0000	0.0000	0.0000	0.0000	0.0000	0.0000	0.0000	0.0000	0.0000	0.0000	0.0000	0.0000	0.0028	0.0000	0.9232	0.0000	0.0000	0.0000	0.0000	0.0000	0.0000	0.0000	0.0000	0.0000	0.0000	0.0000	0.0000	0.0000	0.0000	0.0000	0.0000	0.0000	0.0000	0.0000	0.0000	0.0000	0.0000	0.0000	0.0000	0.0000	0.0000	0.0000	0.0000	0.0000	0.0000	0.0000	0.0000	0.0000	0.0000	0.0000	0.0000	0.0000	0.0000	0.0000	0.0000	0.0000	0.0000	0.0000	0.0000	0.0000	0.0000	0.0000	0.0000	0.0000	0.0000	0.0000	0.0000	0.0000	0.0000	0.0000											
52	72	0.7072	10	2	1	2	0	0	0	0	0	Y	N	Y	N	N	N	N	N	N	N	N	N	0.0000	0.0000	0.0000	0.0000	0.0000	0.0000	0.0000	0.0000	0.0000	0.0000	0.0000	0.0000	0.0000	0.0000	0.0000	0.0000	0.0000	0.0000	0.0000	0.0000	0.0000	0.0000	0.0000	0.0001	0.0000	0.0000	0.0000	3.8769	0.0000	0.0000	0.0028	3.9057	0.9232	1.1104	0.0000	0.0000	0.0000	0.0000	0.0000	0.0000	0.0000	0.0000	0.0000	0.0000	0.0000	0.0000	0.0000	0.0000	0.0000	0.0000	0.0000	0.0000	0.0001	0.0001	0.0000	0.0000	0.0000	0.0000	0.0001	0.0000	0.0000	0.0100	0.0073	0.0027	0.0065	0.0052	0.0013	0.0035	0.0020	0.0015	0.0000	0.0000	0.0000	0.0000	0.0000	0.0000	0.0000	0.0000	0.0000	0.0000	0.0000	0.0000	0.0000	0.0000	0.0001	0.0000	0.0000	0.0000	
52	73	0.5045	8	2	1	1	0	0	0	0	0	Y	N	N	N	N	N	N	N	N	N	N	N	287.6930	259.5281	0.4024	7.0068	7.0154	0.0000	48555.6635	1182584.9587	1.3272	1.5780	1.9482	0.0001	0.0727	0.0829	0.0000	3.3476	4.5800	0.0002	0.0055	0.0075	0.0003	0.0104	0.0118	0.0008	0.0001	0.0000	0.0001	0.0000	0.0167	-0.0005	-0.0001	0.0028	6.9070	0.9232	16.5673	0.0012	0.0012	0.0000	0.0000	0.0000	0.0000	0.0012	0.0012	0.0000	0.0002	0.0002	0.0000	0.0002	0.0002	0.0000	0.0000	0.0000	0.0000	0.0008	0.0006	0.0001	0.0004	0.0004	0.0001	0.0004	0.0003	0.0001	0.0408	0.0293	0.0115	0.0214	0.0186	0.0028	0.0194	0.0107	0.0087	287.6930	259.5281	0.4024	7.0068	7.0154	0.0000	48555.6635	1182584.9587	1.3272	0.0055	0.0075	0.0003	0.0104	0.0118	0.0008	0.0001	0.0000	0.0001
52	74	0.5683	10	1	1	1	1	0	0	0	0	N	N	N	N	N	N	N	N	N	N	N	N	0.0002	0.0000	0.0005	0.0000	0.0000	0.0000	0.0002	0.0000	0.0004	0.0000	0.0000	0.0002	0.0000	0.0000	0.0000	0.0000	0.0000	0.0002	0.0943	0.0003	0.3621	0.0010	0.0003	0.0058	0.2220	0.0004	0.5071	inf	408.4852	0.0000	0.0023	0.0028	6.4226	0.9232	19.3377	0.0000	0.0000	0.0000	0.0000	0.0000	0.0000	0.0000	0.0000	0.0000	0.0042	0.0000	0.0042	0.0000	0.0000	0.0000	0.0042	0.0000	0.0042	0.0004	0.0003	0.0000	0.0002	0.0002	0.0000	0.0002	0.0002	0.0000	0.0443	0.0328	0.0115	0.0256	0.0223	0.0033	0.0187	0.0105	0.0082	0.0002	0.0000	0.0005	0.0000	0.0000	0.0000	0.0002	0.0000	0.0004	0.0943	0.0003	0.3621	0.0010	0.0003	0.0058	0.2220	0.0004	0.5071
52	75	0.5231	9	1	0	1	1	0	0	0	0	N	N	N	N	N	N	N	N	N	N	N	N	0.0041	0.0047	0.0056	0.0108	0.0099	0.0000	0.0014	0.0000	0.0045	0.0001	0.0001	0.0002	0.0001	0.0001	0.0000	0.0000	0.0000	0.0002	0.0193	0.0136	0.0356	0.0124	0.0138	0.0025	0.0284	0.0131	0.0477	0.4042	0.9347	-0.0000	0.0000	0.0028	5.1932	0.9232	17.4397	0.0000	0.0000	0.0000	0.0000	0.0000	0.0000	0.0000	0.0000	0.0000	0.0011	0.0005	0.0005	0.0004	0.0004	0.0000	0.0007	0.0002	0.0005	0.0003	0.0003	0.0000	0.0001	0.0001	0.0000	0.0002	0.0002	0.0000	0.0545	0.0402	0.0143	0.0307	0.0269	0.0038	0.0238	0.0133	0.0105	0.0041	0.0047	0.0056	0.0108	0.0099	0.0000	0.0014	0.0000	0.0045	0.0193	0.0136	0.0356	0.0124	0.0138	0.0025	0.0284	0.0131	0.0477
52	76	0.4862	8	1	0	1	0	0	0	0	0	N	N	N	N	N	N	N	N	N	N	N	N	0.1024	0.3431	0.0261	0.7029	0.6764	1.4829	0.0068	0.0003	0.0148	0.0100	0.0103	0.0076	0.0216	0.0213	0.0374	0.0013	0.0000	0.0058	0.0975	0.0302	0.2907	0.0307	0.0315	0.0252	0.1861	0.0273	0.3928	0.1103	3.3597	-0.0000	0.0019	0.0028	4.4918	0.9232	17.5337	0.0000	0.0000	0.0000	0.0000	0.0000	0.0000	0.0000	0.0000	0.0000	0.0062	0.0014	0.0047	0.0011	0.0010	0.0001	0.0051	0.0004	0.0046	0.0003	0.0003	0.0000	0.0001	0.0001	0.0000	0.0002	0.0001	0.0000	0.0632	0.0469	0.0163	0.0360	0.0315	0.0045	0.0272	0.0154	0.0118	0.1024	0.3431	0.0261	0.7029	0.6764	1.4829	0.0068	0.0003	0.0148	0.0975	0.0302	0.2907	0.0307	0.0315	0.0252	0.1861	0.0273	0.3928
52	77	0.2152	7	1	0	1	1	0	0	0	0	N	N	N	N	N	N	N	N	N	N	N	N	0.0000	0.0000	0.0000	0.0000	0.0000	0.0000	0.0000	0.0000	0.0000	0.0000	0.0000	0.0000	0.0000	0.0000	0.0000	0.0000	0.0000	0.0000	0.0000	0.0000	0.0001	0.0000	0.0000	0.0002	0.0000	0.0000	0.0000	12.9231	0.0000	0.0000	0.0028	0.3745	0.9232	14.7996	0.0000	0.0000	0.0000	0.0000	0.0000	0.0000	0.0000	0.0000	0.0000	0.0000	0.0000	0.0000	0.0000	0.0000	0.0000	0.0000	0.0000	0.0000	0.0000	0.0000	0.0000	0.0000	0.0000	0.0000	0.0000	0.0000	0.0000	0.0273	0.0191	0.0082	0.0113	0.0100	0.0013	0.0159	0.0091	0.0068	0.0000	0.0000	0.0000	0.0000	0.0000	0.0000	0.0000	0.0000	0.0000	0.0000	0.0000	0.0001	0.0000	0.0000	0.0002	0.0000	0.0000	0.0000	
52	78	0.1930	6	1	0	1	1	0	0	0	0	N	N	N	N	N	N	N	N	N	N	N	N	0.0000	0.0000	0.0000	0.0000	0.0000	0.0000	0.0000	0.0000	0.0000	0.0000	0.0000	0.0000	0.0000	0.0000	0.0000	0.0000	0.0000	0.0000	0.0006	0.0000	0.0019	0.0007	0.0001	0.0055	0.0005	0.0000	0.0012	24.7624	0.0000	0.0000	0.0028	1.4595	0.9232	10.3922	0.0000	0.0000	0.0000	0.0000	0.0000	0.0000	0.0000	0.0000	0.0000	0.0000	0.0000	0.0000	0.0000	0.0000	0.0000	0.0000	0.0000	0.0000	0.0001	0.0001	0.0000	0.0000	0.0000	0.0000	0.0001	0.0001	0.0000	0.0240	0.0168	0.0072	0.0099	0.0087	0.0012	0.0141	0.0081	0.0060	0.0000	0.0000	0.0000	0.0000	0.0000	0.0000	0.0000	0.0000	0.0000	0.0006	0.0000	0.0019	0.0007	0.0001	0.0055	0.0005	0.0000	0.0012	
52	79	0.1788	5	1	0	1	1	0	0	0	0	N	N	N	N	N	N	N	N	N	N	N	N	0.0323	0.0000	0.0960	0.1352	0.0000	7.3648	0.0186	0.0000	0.0464	0.0003	0.0000	0.0027	0.0003	0.0000	0.0505	0.0003	0.0000	0.0015	0.0090	0.0011	0.0278	0.0025	0.0019	0.0069	0.0140	0.0000	0.0321	inf	10.8586	0.0000	0.0001	0.0028	1.3861	0.9232	6.3168	0.0000	0.0000	0.0000	0.0000	0.0000	0.0000	0.0000	0.0000	0.0000	0.0002	0.0000	0.0001	0.0000	0.0000	0.0000	0.0001	0.0000	0.0001	0.0001	0.0001	0.0000	0.0000	0.0000	0.0000	0.0001	0.0000	0.0000	0.0180	0.0126	0.0053	0.0078	0.0069	0.0009	0.0102	0.0057	0.0044	0.0323	0.0000	0.0960	0.1352	0.0000	7.3648	0.0186	0.0000	0.0464	0.0090	0.0011	0.0278	0.0025	0.0019	0.0069	0.0140	0.0000	0.0321
52	80	0.1194	4	1	0	1	1	0	0	0	0	N	N	N	N	N	N	N	N	N	N	N	N	0.2679	0.1400	0.8201	0.0352	0.1949	0.0000	0.3312	0.0000	0.8292	0.0051	0.0001	0.0431	0.0003	0.0003	0.0000	0.0080	0.0000	0.0434	0.0191	0.0008	0.0525	0.0077	0.0014	0.0538	0.0243	0.0004	0.0523	49.1262	34.7786	0.0000	0.0004	0.0028	4.0043	0.9232	19.8631	0.0000	0.0000	0.0000	0.0000	0.0000	0.0000	0.0000	0.0000	0.0000	0.0008	0.0000	0.0007	0.0001	0.0000	0.0001	0.0007	0.0000	0.0007	0.0003	0.0002	0.0000	0.0001	0.0001	0.0000	0.0002	0.0001	0.0000	0.0400	0.0259	0.0141	0.0126	0.0111	0.0015	0.0274	0.0148	0.0126	0.2679	0.1400	0.8201	0.0352	0.1949	0.0000	0.3312	0.0000	0.8292	0.0191	0.0008	0.0525	0.0077	0.0014	0.0538	0.0243	0.0004	0.0523
52	81	0.6599	10	1	1	2	0	0	0	0	0	N	N	Y	N	N	N	N	N	N	N	N	N	0.0000	0.0000	0.0000	0.0000	0.0000	0.0000	0.0000	0.0000	0.0000	0.0000	0.0000	0.0000	0.0000	0.0000	0.0000	0.0000	0.0000	0.0001	0.0000	0.0000	0.0002	0.0000	0.0000	0.0000	inf	0.0000	0.0000	0.0028	2.0162	0.9232	4.5500	0.0000	0.0000	0.0000	0.0000	0.0000	0.0000	0.0000	0.0000	0.0000	0.0000	0.0000	0.0000	0.0000	0.0000	0.0000	0.0000	0.0000	0.0000	0.0000	0.0000	0.0000	0.0000	0.0000	0.0000	0.0000	0.0000	0.0000	0.0113	0.0081	0.0032	0.0064	0.0054	0.0010	0.0049	0.0027	0.0022	0.0000	0.0000	0.0000	0.0000	0.0000	0.0000	0.0000	0.0000	0.0000	0.0000	0.0000	0.0001	0.0000	0.0000	0.0002	0.0000	0.0000	0.0000				
52	82	0.0795	4	1	1	2	0	0	0	0	0	N	N	Y	N	N	N	N	N	N	N	N	N	0.0000	0.0000	0.0000	0.0000	0.0000	0.0000	0.0000	0.0000	0.0000	0.0000	0.0000	0.0000	0.0000	0.0000	0.0000	0.0000	0.0000	0.0000	0.0017	0.0024	0.0003	0.0066	0.0067	0.0042	0.0001	0.0000	0.0002	0.0781	0.0000	-0.0000	0.0028	3.0011	0.9232	3.7015	0.0000	0.0000	0.0000	0.0000	0.0000	0.0000	0.0000	0.0000	0.0000	0.0000	0.0000	0.0000	0.0000	0.0000	0.0000	0.0000	0.0000	0.0000	0.0002	0.0002	0.0000	0.0001	0.0001	0.0000	0.0001	0.0001	0.0000	0.0143	0.0092	0.0051	0.0035	0.0033	0.0002	0.0108	0.0059	0.0049	0.0000	0.0000	0.0000	0.0000	0.0000	0.0000	0.0000	0.0000	0.0000	0.0017	0.0024	0.0003	0.0066	0.0067	0.0042	0.0001	0.0000	0.0002	
52	83	0.0680	3	1	1	1	0	0	0	0	0	N	N	N	N	N	N	N	N	N	N	N	N	0.0187	0.0205	0.0000	0.0209	0.0206	0.0000	0.0000	0.0000	0.0000	0.0001	0.0002	0.0000	0.0004	0.0004	0.0000	0.0000	0.0000	0.0000	0.0077	0.0079	0.0073	0.0190	0.0193	0.0092	0.0033	0.0000	0.0073	0.0000	0.4645	-0.0000	-0.0000	0.0028	2.0032	0.9232	4.2039	0.0000	0.0000	0.0000	0.0000	0.0000	0.0000	0.0000	0.0000	0.0000	0.0001	0.0001	0.0000	0.0001	0.0001	0.0000	0.0000	0.0000	0.0000	0.0001	0.0001	0.0000	0.0000	0.0000	0.0000	0.0001	0.0001	0.0000	0.0167	0.0112	0.0055	0.0047	0.0045	0.0001	0.0120	0.0066	0.0054	0.0187	0.0205	0.0000	0.0209	0.0206	0.0000	0.0000	0.0000	0.0000	0.0077	0.0079	0.0073	0.0190	0.0193	0.0092	0.0033	0.0000	0.0073
52	84	0.0648	3	2	0	2	0	0	0	0	0	Y	N	Y	N	N	N	N	N	N	N	N	N	0.0000	0.0000	0.0000	0.0000	0.0000	0.0000	0.0000	0.0000	0.0000	0.0000	0.0000	0.0000	0.0000	0.0000	0.0000	0.0000	0.0000	0.0000	0.0293	0.0005	0.0740	0.0016	0.0016	0.0020	0.0369	0.0000	0.0754	88.3653	0.0000	0.0002	0.0028	1.0052	0.9232	4.9545	0.0000	0.0000	0.0000	0.0000	0.0000	0.0000	0.0000	0.0000	0.0000	0.0004	0.0000	0.0003	0.0000	0.0000	0.0000	0.0003	0.0000	0.0003	0.0001	0.0001	0.0000	0.0000	0.0000	0.0000	0.0000	0.0000	0.0000	0.0120	0.0073	0.0047	0.0026	0.0025	0.0001	0.0094	0.0048	0.0046	0.0000	0.0000	0.0000	0.0000	0.0000	0.0000	0.0000	0.0000	0.0000	0.0293	0.0005	0.0740	0.0016	0.0016	0.0020	0.0369	0.0000	0.0754	
52	85	0.0454	2	2	0	2	0	0	0	0	0	Y	N	Y	N	N	N	N	N	N	N	N	N	0.0000	0.0000	0.0000	0.0000	0.0000	0.0000	0.0000	0.0000	0.0000	0.0000	0.0000	0.0000	0.0000	0.0000	0.0000	0.0000	0.0000	0.0000	0.0529	0.0080	0.1360	0.0249	0.0241	0.0473	0.0610	0.0000	0.1381	9.1744	0.0000	0.0004	0.0028	0.9968	0.9232	7.6169	0.0000	0.0000	0.0000	0.0000	0.0000	0.0000	0.0000	0.0000	0.0000	0.0010	0.0001	0.0009	0.0001	0.0001	0.0000	0.0009	0.0000	0.0009	0.0001	0.0001	0.0000	0.0000	0.0000	0.0000	0.0000	0.0000	0.0000	0.0186	0.0121	0.0065	0.0042	0.0040	0.0002	0.0144	0.0081	0.0064	0.0000	0.0000	0.0000	0.0000	0.0000	0.0000	0.0000	0.0000	0.0000	0.0529	0.0080	0.1360	0.0249	0.0241	0.0473	0.0610	0.0000	0.1381	
52	86	0.2133	5	2	1	1	0	0	0	0	0	Y	N	N	N	N	N	N	N	N	N	N	N	0.0000	0.0000	0.0000	0.0000	0.0000	0.0000	0.0000	0.0000	0.0000	0.0000	0.0000	0.0000	0.0000	0.0000	0.0000	0.0000	0.0000	0.0000	0.0004	0.0006	0.0000	0.0008	0.0010	0.0001	0.0000	0.0000	0.0000	0.0235	-0.0000	-0.0000	0.0028	5.8060	0.9232	6.1034	0.0000	0.0000	0.0000	0.0000	0.0000	0.0000	0.0000	0.0000	0.0000	0.0000	0.0000	0.0000	0.0000	0.0000	0.0000	0.0000	0.0000	0.0000	0.0007	0.0005	0.0002	0.0003	0.0003	0.0000	0.0004	0.0002	0.0002	0.0356	0.0259	0.0097	0.0171	0.0146	0.0025	0.0185	0.0112	0.0073	0.0000	0.0000	0.0000	0.0000	0.0000	0.0000	0.0000	0.0000	0.0000	0.0004	0.0006	0.0000	0.0008	0.0010	0.0001	0.0000	0.0000	0.0000	
52	87	0.1194	4	2	1	1	0	0	0	0	0	Y	N	N	N	N	N	N	N	N	N	N	N	7.1285	5.2077	5.6829	5.8657	5.1807	0.0000	1.6019	0.0904	5.1692	0.3627	0.4068	0.0039	0.9647	0.9671	0.0000	0.0007	0.0000	0.0039	0.0509	0.0781	0.0007	0.1645	0.1867	0.0000	0.0004	0.0002	0.0008	0.0012	0.0047	-0.0001	-0.0012	0.0028	12.2869	0.9232	21.7146	0.0003	0.0003	0.0000	0.0003	0.0003	0.0000	0.0000	0.0000	0.0000	0.0027	0.0027	0.0000	0.0027	0.0027	0.0000	0.0000	0.0000	0.0000	0.0008	0.0007	0.0001	0.0003	0.0003	0.0000	0.0005	0.0004	0.0001	0.0536	0.0347	0.0188	0.0165	0.0145	0.0020	0.0371	0.0202	0.0169	7.1285	5.2077	5.6829	5.8657	5.1807	0.0000	1.6019	0.0904	5.1692	0.0509	0.0781	0.0007	0.1645	0.1867	0.0000	0.0004	0.0002	0.0008
52	88	0.0680	3	1	1	1	0	0	0	0	0	N	N	N	N	N	N	N	N	N	N	N	N	5.7852	0.0000	19.1414	0.0026	0.0000	0.1081	7.3415	19.2826	0.1490	0.0000	1.3632	0.0000	0.0000	0.0080	0.2332	0.0000	1.3720	0.0258	0.0011	0.0712	0.0060	0.0032	0.0737	0.0318	0.0000	0.0712	inf	35.2173	0.0000	0.0004	0.0028	4.0005	0.9232	9.0093	0.0000	0.0000	0.0000	0.0000	0.0000	0.0000	0.0000	0.0000	0.0000	0.0007	0.0000	0.0007	0.0000	0.0000	0.0000	0.0007	0.0000	0.0007	0.0003	0.0002	0.0000	0.0001	0.0001	0.0000	0.0002	0.0001	0.0000	0.0281	0.0182	0.0099	0.0065	0.0063	0.0003	0.0215	0.0119	0.0096	5.7852	0.0000	19.1414	0.0026	0.0000	0.1081	7.3415	0.0000	19.2826	0.0258	0.0011	0.0712	0.0060	0.0032	0.0737	0.0318	0.0000	0.0712	
52	89	0.0454	2	1	1	1	0	0	0	0	0	N	N	N	N	N	N	N	N	N	N	N	N	0.0044	0.0028	0.0143	0.0000	0.0000	0.0000	0.0061	0.5754	0.0145	0.0003	0.0000	0.0024	0.0000	0.0000	0.0000	0.0004	0.0000	0.0024	0.0647	0.0088	0.1664	0.0352	0.0273	0.2325	0.0729	0.0001	0.1648	12.0000	10.3415	0.0000	0.0006	0.0028	1.0051	0.9232	9.2650	0.0000	0.0000	0.0000	0.0000	0.0000	0.0000	0.0000	0.0000	0.0000	0.0014	0.0001	0.0013	0.0002	0.0001	0.0000	0.0012	0.0000	0.0012	0.0001	0.0001	0.0000	0.0000	0.0000	0.0000	0.0000	0.0000	0.0000	0.0214	0.0138	0.0076	0.0046	0.0044	0.0002	0.0168	0.0094	0.0074	0.0044	0.0028	0.0143	0.0000	0.0000	0.0000	0.0061	0.5754	0.0145	0.0647	0.0088	0.1664	0.0352	0.0273	0.2325	0.0729	0.0001	0.1648
52	90	0.2417	6	1	0	2	0	0	0	0	0	N	N	Y	N	N	N	N	N	N	N	N	N	0.0027	0.0001	0.0973	0.0001	0.0001	0.0000	0.0212	0.0000	0.0737	0.0003	0.0000	0.0025	0.0000	0.0000	0.0000	0.0005	0.0000	0.0027	0.1053	0.1315	0.0260	0.1613	0.1836	0.0001	0.0224	0.0113	0.0367	30.2667	0.0655	0.0000	-0.0009	0.0028	2.3559	0.9232	7.1930	0.0000	0.0000	0.0000	0.0000	0.0000	0.0000	0.0000	0.0000	0.0000	0.0022	0.0021	0.0001	0.0020	0.0020	0.0000	0.0002	0.0001	0.0001	0.0002	0.0001	0.0000	0.0001	0.0001	0.0000	0.0001	0.0001	0.0000	0.0212	0.0160	0.0053	0.0127	0.0111	0.0015	0.0086	0.0048	0.0037	0.0027	0.0001	0.0973	0.0001	0.0001	0.0000	0.0212	0.0000	0.0737	0.1053	0.1315	0.0260	0.1613	0.1836	0.0001	0.0224	0.0113	0.0367
52	91	0.2089	5	1	0	1	0	0	0	0	0	N	N	N	N	N	N	N	N	N	N	N	N	0.0219	0.0001	35.5407	0.0005	0.0002	3.3944	0.0550	0.0000	65.7783	0.0798	0.0005	0.6911	0.0020	0.0010	0.0896	0.1363	0.0000	0.7186	3.6453	5.2692	0.0194	4.2273	5.4125	0.0264	2.4770	3.8694	0.0109	198.5479	0.0014	0.0000	-0.2589	0.0028	4.9284	0.9232	11.0439	0.0000	0.0000	0.0000	0.0000	0.0000	0.0000	0.0000	0.0000	0.0000	0.5665	0.5657	0.0008	0.4385	0.4379	0.0006	0.1280	0.1278	0.0002	0.0004	0.0004	0.0000	0.0002	0.0002	0.0000	0.0002	0.0002	0.0000	0.1554	0.1139	0.0415	0.1037	0.0809	0.0228	0.0517	0.0330	0.0186	0.0219	0.0001	35.5407	0.0005	0.0002	3.3944	0.0550	0.0000	65.7783	3.6453	4.9652	0.0194	4.2273	5.4125	0.0264	2.4770	3.8694	0.0109
52	92	0.1194	4	1	0	1	0	0	0	0	0	N	N	N	N	N	N	N	N	N	N	N	N	0.0006	0.0006	0.0012	0.0832	0.0748	0.0000	0.0005	0.0001	0.0012	0.0164	0.0114	0.0544	0.0252	0.0253	0.0000	0.0111	0.0011	0.0549	26.1141	20.5756	45.9779	0.3035	0.3382	0.0468	21.5792	20.7716	46.6317	0.6269	0.8972	-0.0000	0.0115	0.0028	3.9161	0.9232	29.2065	0.0000	0.0000	0.0000	0.0000	0.0000	0.0000	0.0000	0.0000	0.0000	0.7878	0.4153	0.3726	0.0049	0.0048	0.0001	0.7829	0.4104	0.3725	0.0003	0.0002	0.0000	0.0001	0.0001	0.0000	0.0002	0.0001	0.0000	0.0524	0.0340	0.0184	0.0161	0.0142	0.0019	0.0363	0.0198	0.0165	0.0011	0.0009	0.0027	0.0832	0.0748	0.0000	0.0005	0.0001	0.0024	15.0262	12.2187	20.1987	0.3035	0.3382	0.0468	21.5792	20.7716	22.5450
52	93	0.6599	10	2	1	1	0	0	0	0	0	Y	N	N	N	N	N	N	N	N	N	N	N	0.0000	0.0000	0.0000	0.0000	0.0000	0.0000	0.0000	0.0000	0.0000	0.0000	0.0000	0.0000	0.0000	0.0000	0.0000	0.0000	0.0000	0.0000	0.0002	0.0002	0.0001	0.0003	0.0003	0.0002	0.0001	0.0002	0.0000	0.1511	0.0000	-0.0000	0.0028	2.5103	0.9232	7.4742	0.0000	0.0000	0.0000	0.0000	0.0000	0.0000	0.0000	0.0000	0.0000	0.0000	0.0000	0.0000	0.0000	0.0000	0.0000	0.0000	0.0000	0.0000	0.0001	0.0000	0.0000	0.0000	0.0000	0.0000	0.0000	0.0000	0.0000	0.0158	0.0114	0.0044	0.0088	0.0075	0.0014	0.0069	0.0039	0.0030	0.0000	0.0000	0.0000	0.0000	0.0000	0.0000	0.0000	0.0000	0.0000	0.0002	0.0002	0.0001	0.0003	0.0003	0.0002	0.0001	0.0002	0.0000	
52	94	0.6237	9	1	1	1	0	0	0	0	0	N	N	N	N	N	N	N	N	N	N	N	N	0.0000	0.0000	0.0000	0.0000	0.0000	0.0000	0.0000	0.0000	0.0000	0.0000	0.0000	0.0000	0.0000	0.0000	0.0000	0.0000	0.0000	0.0000	0.0002	0.0001	0.0003	0.0001	0.0001	0.0000	0.0003	0.0001	0.0005	1.1019	0.0000	0.0000	0.0028	7.1305	0.9232	3.2426	0.0000	0.0000	0.0000	0.0000	0.0000	0.0000	0.0000	0.0000	0.0000	0.0000	0.0000	0.0000	0.0000	0.0000	0.0000	0.0000	0.0000	0.0000	0.0002	0.0002	0.0000	0.0001	0.0001	0.0000	0.0001	0.0001	0.0000	0.0186	0.0135	0.0051	0.0112	0.0093	0.0019	0.0074	0.0042	0.0032	0.0000	0.0000	0.0000	0.0000	0.0000	0.0000	0.0000	0.0000	0.0000	0.0002	0.0001	0.0003	0.0001	0.0001	0.0000	0.0003	0.0001	0.0005	
52	95	0.0454	2	2	1	1	0	0	0	0	0	Y	N	N	N	N	N	N	N	N	N	N	N	0.5617	0.0000	9.1466	0.0000	0.0000	0.0000	3.5633	9.3100	0.0571	0.0000	0.5257	0.0000	0.0000	0.0000	0.0890	0.0000	0.5286	0.1016	0.1272	0.0575	0.4348	0.4520	0.0860	0.0250	0.0000	0.0568	inf	0.2616	0.0000	-0.0013	0.0028	8.0000	0.9232	22.5660	0.0000	0.0000	0.0000	0.0000	0.0000	0.0000	0.0000	0.0000	0.0000	0.0054	0.0043	0.0011	0.0043	0.0043	0.0000	0.0011	0.0000	0.0011	0.0005	0.0005	0.0001	0.0002	0.0002	0.0000	0.0003	0.0003	0.0001	0.0529	0.0335	0.0194	0.0099	0.0094	0.0005	0.0430	0.0241	0.0189	0.5617	0.0000	9.1466	0.0000	0.0000	0.0000	3.5633	0.0000	9.3100	0.1016	0.1272	0.0575	0.4348	0.4520	0.0860	0.0250	0.0000	0.0568	
52	96	0.1194	4	1	0	1	0	0	0	0	0	N	N	N	N	N	N	N	N	N	N	N	N	24.7666	34.9190	0.0000	34.6143	32.3288	0.0000	4.4296	inf	0.0000	0.5275	0.5924	0.0000	1.3014	1.3047	0.0000	0.0620	0.0751	0.0000	0.0213	0.0170	0.0293	0.0376	0.0404	0.0172	0.0140	0.0000	0.0307	0.0000	0.9375	-0.0002	0.0000	0.0028	11.9964	0.9232	18.8414	0.0004	0.0004	0.0000	0.0004	0.0004	0.0000	0.0000	0.0000	0.0000	0.0011	0.0005	0.0005	0.0006	0.0005	0.0000	0.0005	0.0000	0.0005	0.0008	0.0007	0.0001	0.0003	0.0003	0.0000	0.0005	0.0004	0.0001	0.0494	0.0320	0.0174	0.0153	0.0135	0.0018	0.0342	0.0186	0.0156	24.7666	34.9190	0.0000	34.6143	32.3288	0.0000	4.4296	inf	0.0000	0.0213	0.0170	0.0293	0.0376	0.0404	0.0172	0.0140	0.0000	0.0307
52	98	0.0760	4	2	1	2	0	0	0	0	0	Y	N	Y	N	N	N	N	N	N	N	N	N	0.0000	0.0000	0.1620	0.0000	0.0000	0.0000	0.0000	0.0000	0.1766	0.0000	0.0000	0.0001	0.0000	0.0000	0.0000	0.0000	0.0000	0.0001	48.8934	156.7567	0.0008	1.1520	1.1755	0.0054	36.0218	69.7431	0.0008	inf	0.0000	0.0000	-0.4170	0.0028	0.9502	0.9232	16.1595	0.0000	0.0000	0.0000	0.0000	0.0000	0.0000	0.0000	0.0000	0.0000	0.9098	0.9098	0.0000	0.0080	0.0080	0.0000	0.9018	0.9018	0.0000	0.0001	0.0001	0.0000	0.0000	0.0000	0.0000	0.0000	0.0000	0.0000	0.0320	0.0197	0.0122	0.0069	0.0068	0.0001	0.0250	0.0129	0.0121	0.0000	0.0000	0.1620	0.0000	0.0000	0.0000	0.0000	0.0000	0.1766	28.4517	46.1056	0.0008	1.1520	1.1755	0.0054	36.0218	69.7431	0.0008
52	99	0.1194	4	1	1	1	0	0	0	0	0	N	N	N	N	N	N	N	N	N	N	N	N	47.1091	716.5617	0.0000	545.1147	720.9533	0.0000	0.0000	0.0000	0.4887	0.5489	0.0000	1.3014	1.3047	0.0000	0.0000	0.0000	0.0000	0.0104	0.0008	0.0280	0.0024	0.0018	0.0066	0.0140	0.0000	0.0306	0.0000	19.9129	-0.0002	0.0002	0.0028	11.9964	0.9232	15.6499	0.0004	0.0004	0.0000	0.0004	0.0004	0.0000	0.0000	0.0000	0.0000	0.0005	0.0000	0.0004	0.0000	0.0000	0.0000	0.0004	0.0000	0.0004	0.0008	0.0007	0.0001	0.0003	0.0003	0.0000	0.0005	0.0004	0.0001	0.0452	0.0293	0.0159	0.0141	0.0124	0.0017	0.0311	0.0169	0.0142	47.1091	716.5617	0.0000	545.1147	720.9533	0.0000	0.0000	0.0000	0.0000	0.0104	0.0008	0.0280	0.0024	0.0018	0.0066	0.0140	0.0000	0.0306	
52	100	0.0789	5	2	0	2	0	0	0	0	0	Y	N	Y	N	N	N	N	N	N	N	N	N	0.0000	0.0000	0.0000	0.0000	0.0000	0.0000	0.0000	0.0000	0.0000	0.0000	0.0000	0.0000	0.0000	0.0000	0.0000	0.0000	0.0000	0.0000	0.2971	0.4220	0.0932	1.3855	1.4116	0.1932	0.0427	0.0000	0.0921	0.1353	0.0000	-0.0026	0.0028	1.0008	0.9232	13.9255	0.0000	0.0000	0.0000	0.0000	0.0000	0.0000	0.0000	0.0000	0.0000	0.0076	0.0067	0.0009	0.0068	0.0067	0.0000	0.0009	0.0000	0.0009	0.0001	0.0001	0.0000	0.0000	0.0000	0.0000	0.0000	0.0000	0.0000	0.0257	0.0159	0.0098	0.0049	0.0048	0.0001	0.0208	0.0112	0.0097	0.0000	0.0000	0.0000	0.0000	0.0000	0.0000	0.0000	0.0000	0.0000	0.2971	0.4220	0.0932	1.3855	1.4116	0.1932	0.0427	0.0000	0.0921	
52	101	0.0760	4	2	0	2	0	0	0	0	0	Y	N	Y	N	N	N	N	N	N	N	N	N	0.0001	0.0000	0.0055	0.0000	0.0000	0.0000	0.0015	0.0000	0.0055	0.0001	0.0000	0.0015	0.0000	0.0000	0.0000	0.0003	0.0000	0.0015	0.9589	1.3933	0.2632	2.2842	2.3143	0.0259	0.1633	0.0040	0.2663	inf	0.1180	0.0000	-0.0031	0.0028	0.0532	0.9232	2.0467	0.0000	0.0000	0.0000	0.0000	0.0000	0.0000	0.0000	0.0000	0.0000	0.0089	0.0080	0.0009	0.0079	0.0079	0.0000	0.0009	0.0000	0.0009	0.0000	0.0000	0.0000	0.0000	0.0000	0.0000	0.0000	0.0000	0.0000	0.0093	0.0057	0.0036	0.0035	0.0034	0.0000	0.0058	0.0023	0.0035	0.0001	0.0000	0.0055	0.0000	0.0000	0.0000	0.0015	0.0000	0.0055	0.9589	1.3933	0.2632	2.2842	2.3143	0.0259	0.1633	0.0040	0.2663
52	102	0.0663	3	2	0	2	0	0	0	0	0	Y	N	Y	N	N	N	N	N	N	N	N	N	0.0541	0.0000	0.4478	0.0000	0.0000	0.0000	0.1336	0.0000	0.4523	0.0686	0.0000	0.6337	0.0000	0.0000	0.0000	0.1106	0.0000	0.6468	1.2692	1.1782	1.4150	2.1993	2.2341	0.5783	0.8277	0.0708	1.4301	inf	0.7497	0.0000	-0.0006	0.0028	2.0948	0.9232	3.0326	0.0000	0.0000	0.0000	0.0000	0.0000	0.0000	0.0000	0.0000	0.0000	0.0193	0.0110	0.0083	0.0108	0.0107	0.0001	0.0085	0.0003	0.0082	0.0001	0.0001	0.0000	0.0001	0.0001	0.0000	0.0001	0.0001	0.0000	0.0152	0.0094	0.0058	0.0049	0.0048	0.0001	0.0103	0.0046	0.0057	0.0541	0.0000	0.4478	0.0000	0.0000	0.0000	0.1336	0.0000	0.4523	1.2692	1.1782	1.4150	2.1993	2.2341	0.5783	0.8277	0.0708	1.4301
52	103	0.0454	2	2	0	2	0	0	0	0	0	Y	N	Y	N	N	N	N	N	N	N	N	N	0.0000	0.0000	0.0000	0.0000	0.0000	0.0000	0.0000	0.0000	0.0000	0.0000	0.0000	0.0000	0.0000	0.0000	0.0000	0.0000	0.0000	0.0000	0.5850	0.0184	1.6307	0.0255	0.0242	0.0616	0.7455	0.0156	1.6678	inf	47.9258	0.0000	0.0058	0.0028	3.9484	0.9232	4.8420	0.0000	0.0000	0.0000	0.0000	0.0000	0.0000	0.0000	0.0000	0.0000	0.0111	0.0002	0.0108	0.0001	0.0001	0.0000	0.0109	0.0001	0.0108	0.0003	0.0002	0.0000	0.0001	0.0001	0.0000	0.0002	0.0001	0.0000	0.0189	0.0123	0.0066	0.0042	0.0041	0.0002	0.0147	0.0082	0.0065	0.0000	0.0000	0.0000	0.0000	0.0000	0.0000	0.0000	0.0000	0.0000	0.5850	0.0184	1.6307	0.0255	0.0242	0.0616	0.7455	0.0156	1.6678
52	104	0.1517	5	1	1	1	0	0	0	0	0	N	N	N	N	N	N	N	N	N	N	N	N	0.0776	138.9872	0.0000	4.7739	143.4748	0.0000	0.0000	0.0000	0.0000	0.0275	0.0320	0.0000	0.0648	0.0659	0.0000	0.0000	0.0000	0.0000	0.3538	0.0002	1.0670	0.0136	0.0005	0.1454	0.5515	0.0000	1.1697	0.0000	2295.5160	-0.0000	0.0148	0.0028	8.9557	0.9232	32.3127	0.0000	0.0000	0.0000	0.0000	0.0000	0.0000	0.0000	0.0000	0.0000	0.0274	0.0000	0.0274	0.0004	0.0000	0.0004	0.0270	0.0000	0.0270	0.0007	0.0006	0.0001	0.0003	0.0003	0.0000	0.0004	0.0003	0.0001	0.0775	0.0518	0.0257	0.0285	0.0259	0.0026	0.0490	0.0259	0.0231	0.0776	138.9872	0.0000	4.7739	143.4748	0.0000	0.0000	0.0000	0.0000	0.3538	0.0002	1.0670	0.0136	0.0005	0.1454	0.5515	0.0000	1.1697
52	105	0.1771	6	1	0	2	0	0	0	0	0	N	N	Y	N	N	N	N	N	N	N	N	N	0.6615	0.7014	0.0063	24.7665	34.6012	0.1793	0.0000	0.0000	0.0000	0.0370	0.0429	0.0003	0.0868	0.0912	0.0019	0.0000	0.0000	0.0000	0.0560	0.0611	0.0446	0.0035	0.0026	0.0104	0.0871	0.1151	0.0499	0.0010	0.3291	-0.0000	-0.0003	0.0028	4.2679	0.9232	7.8415	0.0000	0.0000	0.0000	0.0000	0.0000	0.0000	0.0000	0.0000	0.0000	0.0013	0.0010	0.0003	0.0000	0.0000	0.0000	0.0013	0.0009	0.0003	0.0003	0.0003	0.0000	0.0001	0.0001	0.0000	0.0002	0.0002	0.0000	0.0230	0.0159	0.0072	0.0086	0.0076	0.0010	0.0145	0.0083	0.0062	0.6615	0.7014	0.0063	24.7665	34.6012	0.1793	0.0000	0.0000	0.0000	0.0560	0.0611	0.0446	0.0035	0.0026	0.0104	0.0871	0.1151	0.0499
52	106	0.1517	5	1	0	1	0	0	0	0	0	N	N	N	N	N	N	N	N	N	N	N	N	0.1572	278.9597	0.0349	5.6298	193.5306	0.0000	0.0728	9806.3993	0.0352	0.1267	0.1401	0.0789	0.1529	0.1581	0.0000	0.1000	0.1101	0.0854	0.8059	0.0005	2.2624	0.0272	0.0008	0.3853	1.3731	0.0000	2.4280	0.1585	2490.2439	-0.0000	0.0149	0.0028	1.9301	0.9232	9.0954	0.0000	0.0000	0.0000	0.0000	0.0000	0.0000	0.0000	0.0000	0.0000	0.0275	0.0000	0.0275	0.0004	0.0000	0.0004	0.0271	0.0000	0.0271	0.0002	0.0002	0.0001	0.0001	0.0001	0.0000	0.0001	0.0001	0.0000	0.0342	0.0220	0.0122	0.0144	0.0134	0.0010	0.0198	0.0086	0.0112	0.1572	278.9597	0.0349	5.6298	193.5306	0.0000	0.0728	9806.3993	0.0352	0.8059	0.0005	2.2624	0.0272	0.0008	0.3853	1.3731	0.0000	2.4280
52	107	0.1194	4	1	0	1	0	0	0	0	0	N	N	N	N	N	N	N	N	N	N	N	N	0.0171	55.0757	0.0000	241.3315	354.2789	0.0000	0.0001	0.0732	0.0000	1.3518	1.5296	0.0021	3.5720	3.5808	0.0000	0.0029	0.0031	0.0021	79.1328	0.0278	226.6870	0.0148	0.0101	0.0495	52.7555	0.0422	254.0343	0.0002	1967.4403	-0.0002	0.4779	0.0028	3.9049	0.9232	9.6098	0.0004	0.0004	0.0000	0.0004	0.0004	0.0000	0.0000	0.0000	0.0000	0.8831	0.0004	0.8827	0.0001	0.0001	0.0000	0.8830	0.0004	0.8826	0.0003	0.0002	0.0000	0.0001	0.0001	0.0000	0.0002	0.0001	0.0000	0.0250	0.0162	0.0088	0.0082	0.0073	0.0010	0.0167	0.0089	0.0078	0.0382	55.0757	0.0000	241.3315	354.2789	0.0000	0.0001	0.0732	0.0000	35.3484	0.0278	99.9721	0.0148	0.0101	0.0495	52.7555	0.0422	112.4811
52	108	0.1406	6	1	1	1	0	0	0	0	0	N	N	N	N	N	N	N	N	N	N	N	N	2.5229	0.0004	7.8966	0.0053	0.0004	3.2230	4.1954	0.0000	7.1634	0.0395	0.0000	0.2470	0.0001	0.0000	0.0171	0.0656	0.0000	0.2496	0.0157	0.0077	0.0313	0.0157	0.0172	0.0053	0.0156	0.0003	0.0348	16323.6667	2.0652	0.0000	0.0002	0.0028	8.0392	0.9232	22.6195	0.0000	0.0000	0.0000	0.0000	0.0000	0.0000	0.0000	0.0000	0.0000	0.0008	0.0003	0.0006	0.0003	0.0003	0.0000	0.0005	0.0000	0.0005	0.0006	0.0005	0.0001	0.0002	0.0002	0.0000	0.0004	0.0003	0.0001	0.0522	0.0346	0.0176	0.0173	0.0152	0.0021	0.0349	0.0194	0.0155	2.5229	0.0004	7.8966	0.0053	0.0004	3.2230	4.1954	0.0000	7.1634	0.0157	0.0077	0.0313	0.0157	0.0172	0.0053	0.0156	0.0003	0.0348
52	109	0.1406	5	1	0	1	0	0	0	0	0	N	N	N	N	N	N	N	N	N	N	N	N	126.6402	122.7686	113.6556	106.8476	107.7257	80.4321	149.9750	0.1702	114.5927	0.4092	0.3599	0.4741	0.4218	0.4218	0.3560	0.3973	0.0003	0.4743	0.0032	0.0029	0.0042	0.0039	0.0039	0.0044	0.0026	0.0017	0.0041	0.9998	0.4533	0.0000	-0.0000	0.0028	0.2031	0.9232	2.0398	0.0000	0.0000	0.0000	0.0000	0.0000	0.0000	0.0000	0.0000	0.0000	0.0000	0.0000	0.0000	0.0000	0.0000	0.0000	0.0000	0.0000	0.0000	0.0001	0.0001	0.0000	0.0001	0.0001	0.0000	0.0001	0.0000	0.0000	0.0105	0.0080	0.0025	0.0047	0.0044	0.0003	0.0058	0.0036	0.0023	126.6402	122.7686	113.6556	106.8476	107.7257	80.4321	149.9750	0.1702	114.5927	0.0032	0.0029	0.0042	0.0039	0.0039	0.0044	0.0026	0.0017	0.0041
52	110	0.7211	11	2	0	2	0	0	0	0	0	Y	N	Y	N	N	N	N	N	N	N	N	N	0.0000	0.0000	0.0000	0.0000	0.0000	0.0000	0.0000	0.0000	0.0000	0.0000	0.0000	0.0000	0.0000	0.0000	0.0000	0.0000	0.0000	0.0000	0.0000	0.0000	0.0028	0.0001	0.9232	0.0001	0.0000	0.0000	0.0000	0.0000	0.0000	0.0000	0.0000	0.0000	0.0000	0.0000	0.0000	0.0000	0.0000	0.0000	0.0000	0.0000	0.0000	0.0000	0.0000	0.0000	0.0000	0.0000	0.0000	0.0000	0.0000	0.0000	0.0000	0.0000	0.0000	0.0000	0.0000	0.0000	0.0000	0.0000	0.0000	0.0000	0.0000	0.0000	0.0000	0.0000	0.0000	0.0000	0.0000	0.0000	0.0000	0.0000	0.0000	0.0000	0.0000	0.0000	0.0000	0.0000	0.0000	0.0000											
52	111	0.7072	10	2	0	2	0	0	0	0	0	Y	N	Y	N	N	N	N	N	N	N	N	N	0.0000	0.0000	0.0000	0.0000	0.0000	0.0000	0.0000	0.0000	0.0000	0.0000	0.0000	0.0000	0.0000	0.0000	0.0000	0.0000	0.0000	0.0000	0.0000	0.0000	0.0000	0.0000	0.0000	0.0001	0.0000	0.0000	0.0000	3.5017	0.0000	0.0000	0.0028	1.6718	0.9232	2.9223	0.0000	0.0000	0.0000	0.0000	0.0000	0.0000	0.0000	0.0000	0.0000	0.0000	0.0000	0.0000	0.0000	0.0000	0.0000	0.0000	0.0000	0.0000	0.0000	0.0000	0.0000	0.0000	0.0000	0.0000	0.0000	0.0000	0.0000	0.0094	0.0068	0.0026	0.0061	0.0049	0.0012	0.0033	0.0019	0.0014	0.0000	0.0000	0.0000	0.0000	0.0000	0.0000	0.0000	0.0000	0.0000	0.0000	0.0000	0.0000	0.0000	0.0000	0.0001	0.0000	0.0000	0.0000	
52	112	0.6237	9	2	0	2	0	0	0	0	0	Y	N	Y	N	N	N	N	N	N	N	N	N	0.0000	0.0000	0.0000	0.0000	0.0000	0.0000	0.0000	0.0000	0.0000	0.0000	0.0000	0.0000	0.0000	0.0000	0.0000	0.0000	0.0000	0.0000	0.0000	0.0000	0.0000	0.0000	0.0000	0.0000	0.0000	0.0000	0.0000	0.0751	0.0000	-0.0000	0.0028	14.0283	0.9232	7.1084	0.0000	0.0000	0.0000	0.0000	0.0000	0.0000	0.0000	0.0000	0.0000	0.0000	0.0000	0.0000	0.0000	0.0000	0.0000	0.0000	0.0000	0.0000	0.0003	0.0003	0.0000	0.0001	0.0001	0.0000	0.0002	0.0002	0.0000	0.0320	0.0232	0.0087	0.0184	0.0154	0.0031	0.0135	0.0079	0.0057	0.0000	0.0000	0.0000	0.0000	0.0000	0.0000	0.0000	0.0000	0.0000	0.0000	0.0000	0.0000	0.0000	0.0000	0.0000	0.0000	0.0000	0.0000	
52	113	0.5634	8	1	0	1	0	0	0	0	0	N	N	N	N	N	N	N	N	N	N	N	N	0.0124	0.0032	0.3355	0.0048	0.0041	0.0000	0.1801	0.0000	0.3687	0.0000	0.0000	0.0002	0.0000	0.0000	0.0000	0.0000	0.0000	0.0002	0.0026	0.0035	0.0005	0.0043	0.0051	0.0004	0.0002	0.0001	0.0005	2.4545	0.0501	0.0000	-0.0000	0.0028	8.6129	0.9232	5.1709	0.0000	0.0000	0.0000	0.0000	0.0000	0.0000	0.0000	0.0000	0.0000	0.0001	0.0001	0.0000	0.0001	0.0001	0.0000	0.0000	0.0000	0.0000	0.0007	0.0006	0.0001	0.0003	0.0003	0.0000	0.0004	0.0003	0.0001	0.0299	0.0215	0.0084	0.0175	0.0146	0.0029	0.0123	0.0069	0.0055	0.0124	0.0032	0.3355	0.0048	0.0041	0.0000	0.1801	0.0000	0.3687	0.0026	0.0035	0.0005	0.0043	0.0051	0.0004	0.0002	0.0001	0.0005
52	114	0.4683	7	1	0	1	0	0	0	0	0	N	N	N	N	N	N	N	N	N	N	N	N	1.7266	1.1960	14.7875	1.4361	1.2820	9.5830	9.3094	12.4808	12.8058	0.1042	0.0972	0.1374	0.1548	0.1621	0.0154	0.0610	0.0240	0.1561	0.0603	0.0812	0.0093	0.1078	0.1265	0.0016	0.0065	0.0019	0.0122	0.2979	0.0469	-0.0000	-0.0016	0.0028	16.8607	0.9232	22.7724	0.0001	0.0001	0.0000	0.0001	0.0001	0.0000	0.0000	0.0000	0.0000	0.0039	0.0037	0.0002	0.0037	0.0037	0.0000	0.0002	0.0000	0.0002	0.0013	0.0010	0.0002	0.0006	0.0005	0.0000	0.0007	0.0005	0.0002	0.0644	0.0457	0.0187	0.0342	0.0291	0.0051	0.0302	0.0166	0.0136	1.7266	1.1960	14.7875	1.4361	1.2820	9.5830	9.3094	12.4808	12.8058	0.0603	0.0812	0.0093	0.1078	0.1265	0.0016	0.0065	0.0019	0.0122
52	115	0.0958	4	2	0	2	0	0	0	0	0	Y	N	Y	N	N	N	N	N	N	N	N	N	0.0000	0.0000	0.0000	0.0000	0.0000	0.0000	0.0000	0.0000	0.0000	0.0000	0.0000	0.0000	0.0000	0.0000	0.0000	0.0000	0.0000	0.0000	0.0000	0.0000	0.0000	0.0000	0.0000	0.0000	0.0000	0.2038	0.0000	-0.0000	0.0028	1.0009	0.9232	4.0038	0.0000	0.0000	0.0000	0.0000	0.0000	0.0000	0.0000	0.0000	0.0000	0.0000	0.0000	0.0000	0.0000	0.0000	0.0000	0.0000	0.0000	0.0000	0.0001	0.0001	0.0000	0.0000	0.0000	0.0000	0.0000	0.0000	0.0000	0.0143	0.0098	0.0045	0.0053	0.0049	0.0004	0.0090	0.0049	0.0041	0.0000	0.0000	0.0000	0.0000	0.0000	0.0000	0.0000	0.0000	0.0000	0.0000	0.0000	0.0000	0.0000	0.0000	0.0000	0.0000	0.0000	0.0000			
52	116	0.0675	3	2	0	2	0	0	0	0	0	Y	N	Y	N	N	N	N	N	N	N	N	N	1.6049	1.1222	9.7197	1.0992	1.0178	0.0000	5.3944	0.3993	12.1929	0.0183	0.0184	0.0180	0.0411	0.0412	0.0000	0.0040	0.0001	0.0181	0.0114	0.0164	0.0018	0.0374	0.0405	0.0062	0.0007	0.0001	0.0015	0.1507	0.0585	-0.0000	-0.0001	0.0028	1.8441	0.9232	10.4794	0.0000	0.0000	0.0000	0.0000	0.0000	0.0000	0.0000	0.0000	0.0000	0.0003	0.0003	0.0000	0.0003	0.0003	0.0000	0.0000	0.0000	0.0000	0.0002	0.0001	0.0000	0.0001	0.0001	0.0000	0.0001	0.0001	0.0000	0.0260	0.0171	0.0089	0.0076	0.0069	0.0007	0.0184	0.0102	0.0082	1.6049	1.1222	9.7197	1.0992	1.0178	0.0000	5.3944	0.3993	12.1929	0.0114	0.0164	0.0018	0.0374	0.0405	0.0062	0.0007	0.0001	0.0015
52	117	0.3556	5	1	1	1	1	0	0	0	0	N	N	N	N	N	N	N	N	N	N	N	N	0.0007	0.1287	0.0004	0.1607	0.2265	0.0806	0.0003	0.0357	0.0004	0.0053	0.0041	0.0141	0.0076	0.0073	0.0169	0.0035	0.0010	0.0138	7.2770	0.0316	37.4567	0.0472	0.0324	0.2097	12.2299	0.0289	38.6603	0.4807	287.7749	-0.0000	0.3853	0.0028	10.5071	0.9232	20.2622	0.0000	0.0000	0.0000	0.0000	0.0000	0.0000	0.0000	0.0000	0.0000	0.7160	0.0025	0.7135	0.0031	0.0019	0.0011	0.7129	0.0005	0.7124	0.0007	0.0006	0.0001	0.0003	0.0003	0.0000	0.0004	0.0003	0.0001	0.1233	0.0786	0.0447	0.0650	0.0595	0.0054	0.0583	0.0190	0.0393	0.0009	0.1287	0.0009	0.1607	0.2265	0.0806	0.0003	0.0357	0.0008	5.8088	0.0316	15.9612	0.0472	0.0324	0.2097	12.2299	0.0289	18.1340
52	118	0.1194	4	1	1	1	1	0	0	0	0	N	N	N	N	N	N	N	N	N	N	N	N	0.4769	0.0000	2.3490	0.0000	0.0000	0.0000	0.5632	0.0000	2.1974	0.0050	0.0000	0.0431	0.0000	0.0000	0.0000	0.0081	0.0000	0.0435	0.0105	0.0062	0.0184	0.0020	0.0015	0.0062	0.0143	0.0097	0.0198	inf	1.5984	0.0000	0.0001	0.0028	4.0036	0.9232	26.5072	0.0000	0.0000	0.0000	0.0000	0.0000	0.0000	0.0000	0.0000	0.0000	0.0005	0.0002	0.0003	0.0000	0.0000	0.0000	0.0005	0.0002	0.0003	0.0003	0.0002	0.0000	0.0001	0.0001	0.0000	0.0002	0.0001	0.0000	0.0489	0.0317	0.0172	0.0151	0.0133	0.0018	0.0338	0.0184	0.0154	0.4769	0.0000	2.3490	0.0000	0.0000	0.0000	0.5632	0.0000	2.1974	0.0105	0.0062	0.0184	0.0020	0.0015	0.0062	0.0143	0.0097	0.0198
52	119	0.1578	5	1	1	1	0	0	0	0	0	N	N	N	N	N	N	N	N	N	N	N	N	0.0013	0.0000	1.2256	0.0000	0.0000	0.0000	0.4095	0.0000	1.3129	0.0012	0.0000	0.0108	0.0000	0.0000	0.0000	0.0020	0.0000	0.0111	0.8979	1.4350	0.0088	2.3363	2.5053	0.0128	0.0048	0.0000	0.0085	inf	0.0037	0.0000	-0.0254	0.0028	3.8169	0.9232	21.2433	0.0000	0.0000	0.0000	0.0000	0.0000	0.0000	0.0000	0.0000	0.0000	0.0559	0.0557	0.0002	0.0557	0.0557	0.0000	0.0002	0.0000	0.0002	0.0003	0.0003	0.0000	0.0001	0.0001	0.0000	0.0002	0.0001	0.0000	0.0622	0.0388	0.0234	0.0238	0.0222	0.0016	0.0384	0.0166	0.0218	0.0013	0.0000	1.2256	0.0000	0.0000	0.0000	0.4095	0.0000	1.3129	0.8979	1.4350	0.0088	2.3363	2.5053	0.0128	0.0048	0.0000	0.0085
52	120	0.5035	9	1	1	1	0	0	0	0	0	N	N	N	N	N	N	N	N	N	N	N	N	32.3960	0.0068	54.4898	0.3943	0.0072	26.9395	41.8079	0.1381	42.1953	0.6894	0.0001	2.9904	0.0057	0.0001	0.3267	1.2576	0.0000	3.0827	0.0213	0.0096	0.0549	0.0144	0.0147	0.0121	0.0301	0.0001	0.0731	13701.2974	1.9863	0.0006	0.0004	0.0028	16.3276	0.9232	34.9199	0.0010	0.0000	0.0010	0.0000	0.0000	0.0000	0.0010	0.0000	0.0010	0.0021	0.0007	0.0014	0.0008	0.0007	0.0001	0.0013	0.0000	0.0013	0.0014	0.0011	0.0003	0.0007	0.0006	0.0000	0.0008	0.0005	0.0003	0.0982	0.0729	0.0253	0.0550	0.0474	0.0076	0.0432	0.0255	0.0178	32.3960	0.0068	54.4898	0.3943	0.0072	26.9395	41.8079	0.1381	42.1953	0.0213	0.0096	0.0549	0.0144	0.0147	0.0121	0.0301	0.0001	0.0731
52	121	0.4862	8	1	1	1	0	0	0	0	0	N	N	N	N	N	N	N	N	N	N	N	N	2.9138	0.3832	8.1642	0.4826	0.4862	0.4377	2.9808	0.3605	6.6378	0.3462	0.0191	2.5904	0.0300	0.0300	0.0284	0.5794	0.0091	2.7477	0.1188	0.0498	0.3173	0.0621	0.0617	0.0649	0.1944	0.0252	0.4139	19.7929	2.2166	0.0001	0.0017	0.0028	6.1757	0.9232	14.5601	0.0001	0.0000	0.0001	0.0000	0.0000	0.0000	0.0001	0.0000	0.0001	0.0073	0.0023	0.0050	0.0022	0.0019	0.0003	0.0051	0.0004	0.0048	0.0004	0.0003	0.0001	0.0002	0.0002	0.0000	0.0002	0.0002	0.0000	0.0616	0.0457	0.0159	0.0352	0.0308	0.0044	0.0264	0.0149	0.0115	2.9138	0.3832	8.1642	0.4826	0.4862	0.4377	2.9808	0.3605	6.6378	0.1188	0.0498	0.3173	0.0621	0.0617	0.0649	0.1944	0.0252	0.4139
52	122	0.4331	7	1	0	1	0	0	0	0	0	N	N	N	N	N	N	N	N	N	N	N	N	0.0031	0.0732	0.0040	0.1871	0.1200	1.8870	0.0029	0.0043	0.0039	0.0268	0.0036	0.1660	0.0117	0.0071	0.1977	0.0385	0.0001	0.1634	8.5678	0.0489	41.6679	0.0627	0.0592	0.1048	13.4963	0.0160	41.7885	7.7277	206.8706	0.0000	0.3938	0.0028	7.5400	0.9232	21.4192	0.0000	0.0000	0.0000	0.0000	0.0000	0.0000	0.0000	0.0000	0.0000	0.7336	0.0035	0.7301	0.0037	0.0033	0.0005	0.7299	0.0003	0.7296	0.0005	0.0004	0.0001	0.0002	0.0002	0.0000	0.0003	0.0002	0.0001	0.1137	0.0722	0.0416	0.0597	0.0550	0.0046	0.0541	0.0172	0.0369	0.0042	0.0732	0.0094	0.1871	0.1200	1.8870	0.0029	0.0043	0.0083	6.4502	0.0489	17.5687	0.0627	0.0592	0.1048	13.4963	0.0160	19.7582
52	123	0.0454	2	1	1	1	0	0	0	0	0	N	N	N	N	N	N	N	N	N	N	N	N	0.0000	0.0000	0.0000	0.0000	0.0000	0.0000	0.0000	0.0000	0.0000	0.0000	0.0000	0.0000	0.0000	0.0000	0.0000	0.0000	0.0000	0.0451	0.0613	0.0170	0.2045	0.2131	0.0265	0.0074	0.0000	0.0167	0.1591	0.0000	-0.0006	0.0028	4.0019	0.9232	19.5615	0.0000	0.0000	0.0000	0.0000	0.0000	0.0000	0.0000	0.0000	0.0000	0.0019	0.0017	0.0003	0.0017	0.0017	0.0000	0.0003	0.0000	0.0003	0.0003	0.0002	0.0000	0.0001	0.0001	0.0000	0.0002	0.0001	0.0000	0.0426	0.0271	0.0156	0.0082	0.0078	0.0004	0.0345	0.0193	0.0152	0.0000	0.0000	0.0000	0.0000	0.0000	0.0000	0.0000	0.0000	0.0000	0.0451	0.0613	0.0170	0.2045	0.2131	0.0265	0.0074	0.0000	0.0167		
52	126	0.1565	6	1	1	1	0	0	0	0	0	N	N	N	N	N	N	N	N	N	N	N	N	178.9784	1206.7018	0.0000	199.2745	968.6823	0.0000	162.3029	1505.4716	0.0000	0.1304	0.1618	0.0000	0.1518	0.1530	0.0000	0.1153	0.1708	0.0000	0.0007	0.0001	0.0019	0.0008	0.0002	0.0050	0.0007	0.0001	0.0014	0.0000	7.1446	-0.0000	0.0000	0.0028	5.0407	0.9232	17.1705	0.0001	0.0001	0.0000	0.0000	0.0000	0.0000	0.0000	0.0000	0.0000	0.0000	0.0000	0.0000	0.0000	0.0000	0.0000	0.0000	0.0000	0.0000	0.0004	0.0004	0.0001	0.0002	0.0002	0.0000	0.0003	0.0002	0.0001	0.0400	0.0267	0.0133	0.0141	0.0123	0.0017	0.0259	0.0143	0.0116	178.9784	1206.7018	0.0000	199.2745	968.6823	0.0000	162.3029	1505.4716	0.0000	0.0007	0.0001	0.0019	0.0008	0.0002	0.0050	0.0007	0.0001	0.0014
52	127	0.1406	5	1	1	1	0	0	0	0	0	N	N	N	N	N	N	N	N	N	N	N	N	624.6038	802.8809	14.8842	872.2505	827.9568	2.5872	13.3005	9.4420	14.6655	1.4446	1.9463	0.0306	3.3273	3.3373	0.0046	0.0185	0.0083	0.0307	0.0023	0.0024	0.0021	0.0038	0.0040	0.0018	0.0014	0.0009	0.0021	0.0056	0.3632	-0.0001	-0.0000	0.0028	1.9703	0.9232	6.2034	0.0003	0.0003	0.0000	0.0003	0.0003	0.0000	0.0000	0.0000	0.0000	0.0000	0.0000	0.0000	0.0000	0.0000	0.0000	0.0000	0.0000	0.0000	0.0002	0.0002	0.0001	0.0001	0.0001	0.0000	0.0001	0.0001	0.0001	0.0200	0.0140	0.0060	0.0076	0.0069	0.0007	0.0124	0.0071	0.0053	624.6038	802.8809	14.8842	872.2505	827.9568	2.5872	13.3005	9.4420	14.6655	0.0023	0.0024	0.0021	0.0038	0.0040	0.0018	0.0014	0.0009	0.0021
52	128	0.1194	4	1	0	1	0	0	0	0	0	N	N	N	N	N	N	N	N	N	N	N	N	15.1824	21.3584	28.9939	129.3880	259.7164	0.0000	9.4992	0.0014	26.7123	0.6883	0.3487	2.8536	0.7844	0.7862	0.0000	0.6283	0.0000	2.8724	0.0453	0.0163	0.0984	0.0061	0.0030	0.0288	0.0661	0.0282	0.1075	1.2831	3.2934	0.0000	0.0003	0.0028	1.1032	0.9232	7.8190	0.0001	0.0000	0.0000	0.0000	0.0000	0.0000	0.0000	0.0000	0.0000	0.0008	0.0002	0.0006	0.0000	0.0000	0.0000	0.0008	0.0002	0.0006	0.0001	0.0001	0.0000	0.0000	0.0000	0.0000	0.0000	0.0000	0.0000	0.0179	0.0116	0.0063	0.0062	0.0055	0.0007	0.0117	0.0061	0.0056	15.1824	21.3584	28.9939	129.3880	259.7164	0.0000	9.4992	0.0014	26.7123	0.0453	0.0163	0.0984	0.0061	0.0030	0.0288	0.0661	0.0282	0.1075
52	129	0.4624	8	1	1	1	0	0	0	0	0	N	N	N	N	N	N	N	N	N	N	N	N	0.0000	0.0000	0.0000	0.0000	0.0000	0.0000	0.0000	0.0000	0.0000	0.0000	0.0000	0.0000	0.0000	0.0000	0.0000	0.0000	0.0000	0.0000	0.0005	0.0007	0.0002	0.0009	0.0008	0.0047	0.0001	0.0000	0.0001	0.2138	0.0000	-0.0000	0.0028	1.0033	0.9232	0.8635	0.0000	0.0000	0.0000	0.0000	0.0000	0.0000	0.0000	0.0000	0.0000	0.0000	0.0000	0.0000	0.0000	0.0000	0.0000	0.0000	0.0000	0.0000	0.0001	0.0001	0.0000	0.0000	0.0000	0.0000	0.0000	0.0000	0.0000	0.0638	0.0373	0.0265	0.0331	0.0322	0.0009	0.0307	0.0050	0.0256	0.0000	0.0000	0.0000	0.0000	0.0000	0.0000	0.0000	0.0000	0.0000	0.0005	0.0007	0.0002	0.0009	0.0008	0.0047	0.0001	0.0000	0.0001	
52	130	0.4331	7	1	0	1	0	0	0	0	0	N	N	N	N	N	N	N	N	N	N	N	N	0.0001	0.0001	0.0000	0.0002	0.0001	0.0000	0.0000	0.0005	0.0000	0.0002	0.0003	0.0000	0.0004	0.0004	0.0000	0.0001	0.0001	0.0000	2.6028	2.4446	2.8627	2.8386	3.0230	0.0308	2.3386	0.1646	3.1294	0.0097	0.7127	-0.0000	-0.0111	0.0028	5.5514	0.9232	9.9598	0.0000	0.0000	0.0000	0.0000	0.0000	0.0000	0.0000	0.0000	0.0000	0.2630	0.1536	0.1095	0.1516	0.1515	0.0001	0.1114	0.0021	0.1094	0.0004	0.0003	0.0001	0.0002	0.0002	0.0000	0.0002	0.0002	0.0001	0.1011	0.0628	0.0382	0.0534	0.0501	0.0033	0.0477	0.0127	0.0349	0.0001	0.0001	0.0000	0.0002	0.0001	0.0000	0.0000	0.0005	0.0000	2.6028	2.4446	2.8627	2.8386	3.0230	0.0308	2.3386	0.1646	3.1294
52	131	0.4028	6	1	0	1	0	0	0	0	0	N	N	N	N	N	N	N	N	N	N	N	N	0.0147	0.0095	0.0417	0.0167	0.0149	6.4284	0.0130	0.0076	0.0381	0.0401	0.0192	0.1645	0.0407	0.0390	0.1291	0.0396	0.0003	0.1666	2.7313	2.0174	3.9421	2.4341	2.6180	0.0201	3.0527	0.0372	4.3738	1.4438	1.1521	0.0000	0.0212	0.0028	9.1969	0.9232	13.4651	0.0000	0.0000	0.0000	0.0000	0.0000	0.0000	0.0000	0.0000	0.0000	0.2751	0.1278	0.1473	0.1273	0.1273	0.0001	0.1477	0.0005	0.1472	0.0006	0.0005	0.0001	0.0003	0.0003	0.0000	0.0004	0.0003	0.0001	0.1007	0.0634	0.0374	0.0523	0.0486	0.0037	0.0484	0.0147	0.0337	0.0147	0.0095	0.0417	0.0167	0.0149	6.4284	0.0130	0.0076	0.0381	2.7313	2.0174	3.9421	2.4341	2.6180	0.0201	3.0527	0.0372	4.3738
52	132	0.2163	8	2	1	1	1	0	0	0	0	Y	N	N	N	N	N	N	N	N	N	N	N	0.0000	0.0000	0.0000	0.0000	0.0000	0.0000	0.0000	0.0000	0.0000	0.0000	0.0000	0.0000	0.0000	0.0000	0.0000	0.0000	0.0000	0.0000	0.0000	0.0000	0.0028	1.0000	0.9232	3.0001	0.0000	0.0000	0.0000	0.0000	0.0000	0.0000	0.0000	0.0000	0.0000	0.0000	0.0000	0.0000	0.0000	0.0000	0.0000	0.0000	0.0000	0.0000	0.0001	0.0001	0.0000	0.0000	0.0000	0.0000	0.0000	0.0000	0.0000	0.0070	0.0047	0.0023	0.0024	0.0021	0.0003	0.0046	0.0026	0.0021	0.0000	0.0000	0.0000	0.0000	0.0000	0.0000	0.0000	0.0000	0.0000	0.0000	0.0000	0.0000	0.0000	0.0000	0.0000	0.0000	0.0000	0.0000											
52	133	0.6152	12	2	1	1	1	0	0	0	0	Y	N	N	N	N	N	N	N	N	N	N	N	inf	inf	inf	inf	0.2448	0.3249	0.0000	0.3278	0.4879	0.0000	0.0000	0.0000	0.0000	0.0000	0.0000	0.0000	0.0000	0.0000	0.0000	0.0000	0.0000	0.0000	0.0000	-0.0000	0.0000	0.0028	0.0006	0.9232	1.9797	0.0000	0.0000	0.0000	0.0000	0.0000	0.0000	0.0000	0.0000	0.0000	0.0000	0.0000	0.0000	0.0000	0.0000	0.0000	0.0000	0.0000	0.0000	0.0000	0.0000	0.0000	0.0000	0.0000	0.0000	0.0000	0.0000	0.0000	0.0029	0.0021	0.0008	0.0016	0.0013	0.0002	0.0013	0.0007	0.0006	inf	inf	0.0000	inf	inf	0.0000	0.0000	0.0000	0.0000	0.0000	0.0000	0.0000	0.0000	0.0000	0.0000	0.0000	0.0000	0.0000						
52	134	0.5985	11	2	1	1	1	0	0	0	0	Y	N	N	N	N	N	N	N	N	N	N	N	1509.9505	1200.5669	0.0000	0.0000	inf	inf	0.0047	0.0052	0.0000	0.0000	0.0000	0.0000	0.0084	0.0101	0.0000	0.0000	0.0000	0.0000	0.0000	0.0000	0.0000	0.0000	0.0000	0.0000	0.0000	0.0000	-0.0000	-0.0000	0.0028	2.0077	0.9232	6.0321	0.0000	0.0000	0.0000	0.0000	0.0000	0.0000	0.0000	0.0000	0.0000	0.0000	0.0000	0.0000	0.0000	0.0000	0.0000	0.0000	0.0000	0.0000	0.0001	0.0001	0.0000	0.0001	0.0001	0.0000	0.0001	0.0001	0.0000	0.0108	0.0077	0.0031	0.0058	0.0049	0.0009	0.0050	0.0028	0.0022	1509.9505	1200.5669	0.0000	0.0000	0.0000	0.0000	inf	inf	0.0000	0.0000	0.0000	0.0000	0.0000	0.0000	0.0000	0.0000	0.0000	0.0000			
52	135	0.5937	11	1	1	1	1	0	0	0	0	N	N	N	N	N	N	N	N	N	N	N	N	0.8917	23.1034	0.9101	19.2235	27.5053	1.0916	0.5599	0.0000	0.6877	0.0656	0.0213	0.2396	0.0379	0.0382	0.0062	0.0881	0.0000	0.2455	0.0735	0.0009	0.2633	0.0020	0.0014	0.0056	0.1574	0.0001	0.3570	2.8575	109.1716	0.0000	0.0009	0.0028	3.0348	0.9232	9.3583	0.0000	0.0000	0.0000	0.0000	0.0000	0.0000	0.0000	0.0000	0.0000	0.0016	0.0000	0.0016	0.0000	0.0000	0.0000	0.0016	0.0000	0.0016	0.0002	0.0002	0.0001	0.0001	0.0001	0.0000	0.0001	0.0001	0.0000	0.0221	0.0160	0.0061	0.0119	0.0103	0.0016	0.0102	0.0057	0.0045	0.8917	23.1034	0.9101	19.2235	27.5053	1.0916	0.5599	0.0000	0.6877	0.0735	0.0009	0.2633	0.0020	0.0014	0.0056	0.1574	0.0001	0.3570
52	136	0.5794	10	1	0	1	1	0	0	0	0	N	N	N	N	N	N	N	N	N	N	N	N	0.0430	730.4660	0.0294	560.6396	1456.1681	0.0000	0.0155	7.9035	0.0304	5.7185	4.7927	13.0972	9.7069	9.8446	0.0000	2.6303	0.0486	13.8559	132.8876	0.0066	446.2134	0.0173	0.0068	0.0858	169.1722	0.0062	456.0991	0.3429	18228.8221	-0.0000	0.4892	0.0028	0.0433	0.9232	6.6805	0.0000	0.0000	0.0000	0.0000	0.0000	0.0000	0.0000	0.0000	0.0000	0.9032	0.0000	0.9032	0.0001	0.0000	0.0001	0.9031	0.0000	0.9031	0.0000	0.0000	0.0000	0.0000	0.0000	0.0000	0.0000	0.0000	0.0000	0.0112	0.0076	0.0037	0.0059	0.0051	0.0008	0.0053	0.0025	0.0029	0.0709	730.4660	0.0530	560.6396	1456.1681	0.0000	0.0155	7.9035	0.0440	80.6195	0.0066	247.3082	0.0173	0.0068	0.0858	169.1722	0.0062	314.7684
52	137	0.2459	10	1	1	1	1	0	0	0	0	N	N	N	N	N	N	N	N	N	N	N	N	0.0000	0.0000	0.0000	0.0000	0.0000	0.0000	0.0000	0.0000	0.0000	0.0000	0.0000	0.0000	0.0000	0.0000	0.0000	0.0000	0.0000	0.0000	0.0000	0.0000	0.0028	0.0000	0.9232	0.0000	0.0000	0.0000	0.0000	0.0000	0.0000	0.0000	0.0000	0.0000	0.0000	0.0000	0.0000	0.0000	0.0000	0.0000	0.0000	0.0000	0.0000	0.0000	0.0000	0.0000	0.0000	0.0000	0.0000	0.0000	0.0000	0.0000	0.0000	0.0000	0.0000	0.0000	0.0000	0.0000	0.0000	0.0000	0.0000	0.0000	0.0000	0.0000	0.0000	0.0000	0.0000	0.0000	0.0000	0.0000	0.0000	0.0000	0.0000	0.0000	0.0000	0.0000	0.0000	0.0000	0.0000	0.0000											
52	138	0.2409	9	1	1	1	1	0	0	0	0	N	N	N	N	N	N	N	N	N	N	N	N	0.0000	0.0000	0.0000	0.0000	0.0000	0.0000	0.0000	0.0000	0.0000	0.0000	0.0000	0.0000	0.0000	0.0000	0.0000	0.0001	0.0000	0.0000	0.0000	0.0001	0.0000	0.0002	inf	0.0000	0.0000	0.0028	0.0021	0.9232	2.0000	0.0000	0.0000	0.0000	0.0000	0.0000	0.0000	0.0000	0.0000	0.0000	0.0000	0.0000	0.0000	0.0000	0.0000	0.0000	0.0000	0.0000	0.0000	0.0000	0.0000	0.0000	0.0000	0.0000	0.0000	0.0000	0.0000	0.0000	0.0035	0.0023	0.0012	0.0012	0.0011	0.0001	0.0023	0.0012	0.0011	0.0000	0.0000	0.0000	0.0000	0.0000	0.0000	0.0000	0.0000	0.0000	0.0000	0.0000	0.0001	0.0000	0.0000	0.0000	0.0001	0.0000	0.0002						
52	139	0.2306	8	1	0	1	1	0	0	0	0	N	N	N	N	N	N	N	N	N	N	N	N	0.0000	0.0000	0.0000	0.0000	0.0000	0.0000	0.0000	0.0000	0.0000	0.0000	0.0000	0.0000	0.0000	0.0527	0.0000	0.1597	0.0000	0.0000	0.0000	0.0815	0.0000	0.1808	inf	0.0000	0.0002	0.0028	1.0020	0.9232	3.0181	0.0000	0.0000	0.0000	0.0000	0.0000	0.0000	0.0000	0.0000	0.0000	0.0004	0.0000	0.0004	0.0000	0.0000	0.0000	0.0004	0.0000	0.0004	0.0001	0.0001	0.0000	0.0000	0.0000	0.0000	0.0000	0.0000	0.0000	0.0070	0.0047	0.0023	0.0025	0.0022	0.0003	0.0045	0.0025	0.0020	0.0000	0.0000	0.0000	0.0000	0.0000	0.0000	0.0000	0.0000	0.0000	0.0527	0.0000	0.1597	0.0000	0.0000	0.0000	0.0815	0.0000	0.1808						
52	140	0.2163	8	1	1	1	0	0	0	0	0	N	N	N	N	N	N	N	N	N	N	N	N	0.0000	0.0000	0.0000	0.0000	0.0000	0.0000	0.0000	0.0000	0.0000	0.0000	0.0000	0.0000	0.0000	0.0000	0.0000	0.0000	0.0000	0.0000	0.0000	0.0000	0.0028	0.0000	0.9232	4.0001	0.0000	0.0000	0.0000	0.0000	0.0000	0.0000	0.0000	0.0000	0.0000	0.0000	0.0000	0.0000	0.0000	0.0000	0.0000	0.0000	0.0000	0.0000	0.0000	0.0000	0.0000	0.0000	0.0000	0.0000	0.0000	0.0000	0.0000	0.0070	0.0047	0.0023	0.0024	0.0021	0.0003	0.0046	0.0026	0.0021	0.0000	0.0000	0.0000	0.0000	0.0000	0.0000	0.0000	0.0000	0.0000	0.0000	0.0000	0.0000	0.0000	0.0000	0.0000	0.0000	0.0000	0.0000											
52	141	0.5939	10	1	1	1	0	0	0	0	0	N	N	N	N	N	N	N	N	N	N	N	N	0.0000	0.0000	0.0000	0.0000	0.0000	0.0000	0.0000	0.0000	0.0000	0.0000	0.0000	0.0000	0.0000	0.0000	0.0000	0.0000	0.0000	0.0000	0.0000	0.0000	0.0000	0.0000	0.0000	0.0000	0.0000	0.0000	0.4045	-0.0000	-0.0000	0.0028	1.0003	0.9232	5.0186	0.0000	0.0000	0.0000	0.0000	0.0000	0.0000	0.0000	0.0000	0.0000	0.0000	0.0000	0.0000	0.0000	0.0000	0.0000	0.0000	0.0000	0.0000	0.0001	0.0001	0.0000	0.0000	0.0000	0.0000	0.0000	0.0000	0.0000	0.0082	0.0058	0.0024	0.0044	0.0037	0.0007	0.0038	0.0021	0.0017	0.0000	0.0000	0.0000	0.0000	0.0000	0.0000	0.0000	0.0000	0.0000	0.0000	0.0000	0.0000	0.0000	0.0000	0.0000	0.0000	0.0000	0.0000		
52	142	0.2306	8	1	0	2	1	0	0	0	0	N	N	Y	N	N	N	N	N	N	N	N	N	0.0000	0.0000	0.0000	0.0000	0.0000	0.0000	0.0000	0.0000	0.0000	0.0000	0.0000	0.0000	0.0000	0.0000	0.0000	0.0000	0.0000	0.0001	0.0000	0.0000	0.0000	0.0000	0.0000	0.0000	-0.0000	0.0028	0.0001	0.9232	9.0026	0.0000	0.0000	0.0000	0.0000	0.0000	0.0000	0.0000	0.0000	0.0000	0.0000	0.0000	0.0000	0.0000	0.0000	0.0000	0.0000	0.0000	0.0000	0.0000	0.0000	0.0000	0.0000	0.0000	0.0000	0.0000	0.0000	0.0000	0.0154	0.0103	0.0051	0.0054	0.0048	0.0006	0.0100	0.0055	0.0045	0.0000	0.0000	0.0000	0.0000	0.0000	0.0000	0.0000	0.0000	0.0000	0.0000	0.0000	0.0000	0.0000	0.0001	0.0000	0.0000	0.0000	0.0000						
52	143	0.5794	10	1	0	2	1	0	0	0	0	N	N	Y	N	N	N	N	N	N	N	N	N	0.0000	0.0000	0.0000	0.0000	0.0000	0.0000	0.0000	0.0000	0.0000	0.0000	0.0000	0.0000	0.0000	0.0000	0.0000	0.0000	0.0000	0.3502	0.5122	0.0000	0.6682	0.7781	0.0000	0.0000	0.0000	0.0000	0.0000	0.0000	-0.0025	0.0028	2.0061	0.9232	8.0425	0.0000	0.0000	0.0000	0.0000	0.0000	0.0000	0.0000	0.0000	0.0000	0.0054	0.0054	0.0000	0.0054	0.0054	0.0000	0.0000	0.0000	0.0000	0.0001	0.0001	0.0000	0.0001	0.0001	0.0000	0.0001	0.0001	0.0000	0.0155	0.0106	0.0049	0.0081	0.0070	0.0011	0.0074	0.0036	0.0038	0.0000	0.0000	0.0000	0.0000	0.0000	0.0000	0.0000	0.0000	0.0000	0.3502	0.5122	0.0000	0.6682	0.7781	0.0000	0.0000	0.0000	0.0000		
52	144	0.5703	9	1	0	1	1	0	0	0	0	N	N	N	N	N	N	N	N	N	N	N	N	0.0000	0.0000	0.0000	0.0000	0.0000	0.0000	0.0000	0.0000	0.0000	0.0000	0.0000	0.0000	0.0000	0.0000	0.0000	0.0000	0.0000	0.0000	0.6782	0.0061	2.5795	0.0025	0.0025	0.0029	1.3979	0.0121	3.3088	148.4006	0.0000	0.0029	0.0028	1.9550	0.9232	2.1189	0.0000	0.0000	0.0000	0.0000	0.0000	0.0000	0.0000	0.0000	0.0000	0.0055	0.0000	0.0054	0.0000	0.0000	0.0000	0.0054	0.0000	0.0054	0.0001	0.0001	0.0000	0.0001	0.0001	0.0000	0.0001	0.0001	0.0000	0.0080	0.0059	0.0021	0.0041	0.0037	0.0005	0.0039	0.0023	0.0016	0.0000	0.0000	0.0000	0.0000	0.0000	0.0000	0.0000	0.0000	0.0000	0.6782	0.0061	2.5795	0.0025	0.0025	0.0029	1.3979	0.0121	3.3088	
52	145	0.5703	9	1	0	2	1	0	0	0	0	N	N	Y	N	N	N	N	N	N	N	N	N	0.0000	0.0000	0.0000	0.0000	0.0000	0.0000	0.0000	0.0000	0.0000	0.0000	0.0000	0.0000	0.0000	0.0000	0.0000	0.0000	0.0000	0.0000	0.0365	0.0511	0.0000	0.0709	0.0828	0.0000	0.0000	0.0000	0.0000	0.0000	0.0000	-0.0005	0.0028	2.1261	0.9232	18.6477	0.0000	0.0000	0.0000	0.0000	0.0000	0.0000	0.0000	0.0000	0.0000	0.0011	0.0011	0.0000	0.0011	0.0011	0.0000	0.0000	0.0000	0.0000	0.0001	0.0001	0.0000	0.0001	0.0001	0.0000	0.0001	0.0001	0.0000	0.0290	0.0207	0.0083	0.0149	0.0128	0.0021	0.0140	0.0079	0.0061	0.0000	0.0000	0.0000	0.0000	0.0000	0.0000	0.0000	0.0000	0.0000	0.0365	0.0511	0.0000	0.0709	0.0828	0.0000	0.0000	0.0000	0.0000	
52	146	0.2306	8	1	0	2	1	0	0	0	0	N	N	Y	N	N	N	N	N	N	N	N	N	0.0000	0.0000	0.0000	0.0000	0.0000	0.0000	0.0000	0.0000	0.0000	0.0000	0.0000	0.0000	0.0000	0.0000	0.0000	0.0000	0.0001	0.0001	0.0000	0.0000	0.0000	0.0000	0.0000	0.0000	-0.0000	0.0028	2.0001	0.9232	5.9880	0.0000	0.0000	0.0000	0.0000	0.0000	0.0000	0.0000	0.0000	0.0000	0.0000	0.0000	0.0000	0.0000	0.0000	0.0000	0.0000	0.0000	0.0000	0.0001	0.0001	0.0000	0.0001	0.0001	0.0000	0.0001	0.0001	0.0000	0.0137	0.0092	0.0045	0.0048	0.0043	0.0005	0.0089	0.0049	0.0040	0.0000	0.0000	0.0000	0.0000	0.0000	0.0000	0.0000	0.0000	0.0000	0.0000	0.0000	0.0000	0.0001	0.0001	0.0000	0.0000	0.0000	0.0000						
52	147	0.2306	8	1	0	2	1	0	0	0	0	N	N	Y	N	N	N	N	N	N	N	N	N	0.0000	0.0000	0.0000	0.0000	0.0000	0.0000	0.0000	0.0000	0.0000	0.0000	0.0000	0.0000	0.0000	0.0000	0.0000	0.0000	0.0000	0.0000	0.0000	0.0000	0.0000	0.0000	0.0000	0.0000	-0.0000	0.0028	9.0001	0.9232	23.0169	0.0000	0.0000	0.0000	0.0000	0.0000	0.0000	0.0000	0.0000	0.0000	0.0000	0.0000	0.0000	0.0000	0.0000	0.0000	0.0000	0.0000	0.0000	0.0006	0.0005	0.0001	0.0002	0.0002	0.0000	0.0004	0.0003	0.0001	0.0503	0.0339	0.0164	0.0176	0.0157	0.0019	0.0327	0.0182	0.0145	0.0000	0.0000	0.0000	0.0000	0.0000	0.0000	0.0000	0.0000	0.0000	0.0000	0.0000	0.0000	0.0000	0.0000	0.0000	0.0000	0.0000	0.0000						
52	148	0.2053	7	1	0	1	1	0	0	0	0	N	N	N	N	N	N	N	N	N	N	N	N	7.2260	85.3916	0.0000	58.2147	92.4571	0.0000	0.0000	0.0000	0.0000	0.0046	0.0052	0.0000	0.0118	0.0119	0.0000	0.0000	0.0000	0.0000	0.0006	0.0001	0.0018	0.0002	0.0001	0.0008	0.0009	0.0000	0.0019	0.0000	14.6793	-0.0000	0.0000	0.0028	1.9990	0.9232	7.9526	0.0000	0.0000	0.0000	0.0000	0.0000	0.0000	0.0000	0.0000	0.0000	0.0000	0.0000	0.0000	0.0000	0.0000	0.0000	0.0000	0.0000	0.0000	0.0001	0.0001	0.0000	0.0001	0.0001	0.0000	0.0001	0.0001	0.0000	0.0180	0.0120	0.0060	0.0062	0.0056	0.0006	0.0118	0.0065	0.0053	7.2260	85.3916	0.0000	58.2147	92.4571	0.0000	0.0000	0.0000	0.0000	0.0006	0.0001	0.0018	0.0002	0.0001	0.0008	0.0009	0.0000	0.0019
52	149	0.1734	6	2	1	1	0	0	0	0	0	Y	N	N	N	N	N	N	N	N	N	N	N	0.0982	0.0000	0.4195	0.0000	0.0000	0.0000	0.1105	0.0000	0.4037	0.0030	0.0000	0.0262	0.0000	0.0000	0.0000	0.0049	0.0000	0.0266	0.0304	0.0154	0.0626	0.0050	0.0025	0.0309	0.0442	0.0269	0.0660	inf	1.8922	0.0000	0.0003	0.0028	5.3497	0.9232	17.2225	0.0000	0.0000	0.0000	0.0000	0.0000	0.0000	0.0000	0.0000	0.0000	0.0013	0.0005	0.0009	0.0001	0.0000	0.0000	0.0012	0.0004	0.0008	0.0004	0.0003	0.0000	0.0001	0.0001	0.0000	0.0002	0.0002	0.0000	0.0433	0.0295	0.0138	0.0152	0.0139	0.0013	0.0281	0.0156	0.0124	0.0982	0.0000	0.4195	0.0000	0.0000	0.0000	0.1105	0.0000	0.4037	0.0304	0.0154	0.0626	0.0050	0.0025	0.0309	0.0442	0.0269	0.0660
52	150	0.2042	7	1	1	1	0	0	0	0	0	N	N	N	N	N	N	N	N	N	N	N	N	14.3944	25.2346	0.0255	15.2849	14.3827	0.7971	0.0418	0.0000	0.0213	0.6263	1.1354	0.0010	1.2652	1.2805	0.0081	0.0008	0.0000	0.0009	0.0435	0.0450	0.0400	0.0828	0.0890	0.0102	0.0194	0.0009	0.0434	0.0007	0.3810	-0.0007	-0.0004	0.0028	3.6794	0.9232	17.4287	0.0015	0.0015	0.0000	0.0015	0.0015	0.0000	0.0000	0.0000	0.0000	0.0020	0.0014	0.0006	0.0014	0.0014	0.0000	0.0006	0.0000	0.0005	0.0024	0.0014	0.0011	0.0012	0.0012	0.0000	0.0012	0.0002	0.0011	0.0460	0.0322	0.0138	0.0175	0.0161	0.0014	0.0285	0.0161	0.0124	14.3944	25.2346	0.0255	15.2849	14.3827	0.7971	0.0418	0.0000	0.0213	0.0435	0.0450	0.0400	0.0828	0.0890	0.0102	0.0194	0.0009	0.0434
52	151	0.1734	6	1	1	1	0	0	0	0	0	N	N	N	N	N	N	N	N	N	N	N	N	99.0669	175.5736	0.6136	193.4132	194.7628	0.0000	0.2582	0.0000	0.6064	3.3572	3.7978	0.0374	8.5563	8.5911	0.0000	0.0072	0.0000	0.0379	0.0339	0.0216	0.0610	0.0442	0.0441	0.0457	0.0279	0.0002	0.0626	0.0013	1.2751	-0.0004	0.0001	0.0028	3.4464	0.9232	10.1316	0.0009	0.0009	0.0000	0.0009	0.0009	0.0000	0.0000	0.0000	0.0000	0.0010	0.0004	0.0006	0.0005	0.0004	0.0000	0.0005	0.0000	0.0005	0.0003	0.0002	0.0000	0.0001	0.0001	0.0000	0.0002	0.0001	0.0000	0.0294	0.0202	0.0092	0.0107	0.0099	0.0009	0.0187	0.0104	0.0083	99.0669	175.5736	0.6136	193.4132	194.7628	0.0000	0.2582	0.0000	0.6064	0.0339	0.0216	0.0610	0.0442	0.0441	0.0457	0.0279	0.0002	0.0626
52	152	0.6007	12	2	1	1	0	0	0	0	0	Y	N	N	N	N	N	N	N	N	N	N	N	0.0000	0.0000	0.0000	0.0000	0.0000	0.0000	0.0000	0.0000	0.0000	0.0000	0.0000	0.0000	0.0000	0.0216	0.0000	0.0749	0.0000	0.0000	0.0000	0.0463	0.0000	0.1054	inf	0.0000	0.0002	0.0028	1.0143	0.9232	12.0086	0.0000	0.0000	0.0000	0.0000	0.0000	0.0000	0.0000	0.0000	0.0000	0.0004	0.0000	0.0004	0.0000	0.0000	0.0000	0.0004	0.0000	0.0004	0.0001	0.0001	0.0000	0.0000	0.0000	0.0000	0.0000	0.0000	0.0000	0.0171	0.0122	0.0049	0.0091	0.0077	0.0014	0.0080	0.0045	0.0035	0.0000	0.0000	0.0000	0.0000	0.0000	0.0000	0.0000	0.0000	0.0000	0.0216	0.0000	0.0749	0.0000	0.0000	0.0000	0.0463	0.0000	0.1054						
52	153	0.5985	11	2	1	1	0	0	0	0	0	Y	N	N	N	N	N	N	N	N	N	N	N	0.0000	0.0000	0.0000	0.0000	0.0000	0.0000	0.0000	0.0000	0.0000	0.0000	0.0000	0.0000	0.0000	0.0000	0.0000	0.0000	0.0004	0.0000	0.0012	0.0000	0.0001	0.0000	0.0007	0.0000	0.0016	13.9356	0.0000	0.0000	0.0028	0.9811	0.9232	0.0216	0.0000	0.0000	0.0000	0.0000	0.0000	0.0000	0.0000	0.0000	0.0000	0.0000	0.0000	0.0000	0.0000	0.0000	0.0000	0.0000	0.0000	0.0000	0.0001	0.0001	0.0000	0.0000	0.0000	0.0000	0.0000	0.0000	0.0000	0.0014	0.0010	0.0004	0.0007	0.0006	0.0001	0.0006	0.0004	0.0003	0.0000	0.0000	0.0000	0.0000	0.0000	0.0000	0.0000	0.0000	0.0000	0.0004	0.0000	0.0012	0.0000	0.0001	0.0000	0.0007	0.0000	0.0016			
52	154	0.5939	10	2	1	1	0	0	0	0	0	Y	N	N	N	N	N	N	N	N	N	N	N	0.0000	0.0000	0.0000	0.0000	0.0000	0.0000	0.0000	0.0000	0.0000	0.0000	0.0000	0.0000	0.0000	0.0000	0.0000	0.0000	0.0000	0.0000	0.0000	0.0000	0.0001	0.0000	0.0000	0.0000	0.0000	0.0000	0.0001	1.9141	-0.0000	0.0000	0.0028	0.0083	0.9232	2.0001	0.0000	0.0000	0.0000	0.0000	0.0000	0.0000	0.0000	0.0000	0.0000	0.0000	0.0000	0.0000	0.0000	0.0000	0.0000	0.0000	0.0000	0.0000	0.0000	0.0000	0.0000	0.0000	0.0000	0.0000	0.0000	0.0000	0.0000	0.0028	0.0020	0.0008	0.0015	0.0013	0.0002	0.0013	0.0007	0.0006	0.0000	0.0000	0.0000	0.0000	0.0000	0.0000	0.0000	0.0000	0.0000	0.0000	0.0000	0.0001	0.0000	0.0000	0.0000	0.0000	0.0000	0.0001	
52	155	0.5703	9	1	1	1	0	0	0	0	0	N	N	N	N	N	N	N	N	N	N	N	N	43.7825	37.4139	0.0000	0.0000	0.0000	0.0000	10382.0859	16297.6357	0.0000	0.0551	0.0616	0.0000	0.0000	0.0000	0.0000	0.0989	0.1198	0.0000	0.0013	0.0016	0.0002	0.0024	0.0027	0.0010	0.0000	0.0000	0.0000	0.0000	0.0584	-0.0000	-0.0000	0.0028	2.9180	0.9232	7.4065	0.0000	0.0000	0.0000	0.0000	0.0000	0.0000	0.0000	0.0000	0.0000	0.0000	0.0000	0.0000	0.0000	0.0000	0.0000	0.0000	0.0000	0.0000	0.0002	0.0002	0.0000	0.0001	0.0001	0.0000	0.0001	0.0001	0.0000	0.0162	0.0117	0.0045	0.0083	0.0072	0.0011	0.0078	0.0044	0.0034	43.7825	37.4139	0.0000	0.0000	0.0000	0.0000	10382.0859	16297.6357	0.0000	0.0013	0.0016	0.0002	0.0024	0.0027	0.0010	0.0000	0.0000	0.0000
52	156	0.5045	8	1	0	1	0	0	0	0	0	N	N	N	N	N	N	N	N	N	N	N	N	13.8703	12.6426	0.1391	14.2470	14.0228	0.0000	0.0882	0.0000	0.1847	0.0904	0.1105	0.0001	0.1707	0.1928	0.0000	0.0000	0.0000	0.0002	0.0065	0.0087	0.0009	0.0120	0.0137	0.0005	0.0005	0.0002	0.0010	0.0002	0.0401	-0.0000	-0.0001	0.0028	8.2479	0.9232	19.7214	0.0001	0.0001	0.0000	0.0001	0.0001	0.0000	0.0000	0.0000	0.0000	0.0003	0.0003	0.0000	0.0003	0.0003	0.0000	0.0000	0.0000	0.0000	0.0008	0.0007	0.0002	0.0004	0.0004	0.0001	0.0004	0.0003	0.0001	0.0458	0.0329	0.0129	0.0239	0.0207	0.0032	0.0219	0.0121	0.0098	13.8703	12.6426	0.1391	14.2470	14.0228	0.0000	0.0882	0.0000	0.1847	0.0065	0.0087	0.0009	0.0120	0.0137	0.0005	0.0005	0.0002	0.0010
52	157	0.4683	7	1	0	1	0	0	0	0	0	N	N	N	N	N	N	N	N	N	N	N	N	2.2724	1.8594	7.1158	1.4903	1.3725	8.7264	12.6859	153.7517	6.2245	0.2015	0.2150	0.1563	0.2249	0.2411	0.0219	0.1787	0.1768	0.1818	0.0887	0.1156	0.0220	0.1509	0.1756	0.0025	0.0141	0.0012	0.0292	0.2167	0.0767	-0.0000	-0.0015	0.0028	7.4725	0.9232	14.3153	0.0002	0.0001	0.0000	0.0001	0.0001	0.0000	0.0001	0.0000	0.0000	0.0040	0.0037	0.0003	0.0037	0.0037	0.0000	0.0003	0.0000	0.0003	0.0008	0.0006	0.0002	0.0004	0.0004	0.0000	0.0004	0.0002	0.0002	0.0448	0.0319	0.0129	0.0244	0.0210	0.0035	0.0204	0.0110	0.0094	2.2724	1.8594	7.1158	1.4903	1.3725	8.7264	12.6859	153.7517	6.2245	0.0887	0.1156	0.0220	0.1509	0.1756	0.0025	0.0141	0.0012	0.0292
52	158	0.4028	6	1	0	1	0	0	0	0	0	N	N	N	N	N	N	N	N	N	N	N	N	1.0996	0.8288	0.0857	1.3785	1.2928	0.1610	0.0390	0.2104	0.0807	1.6244	1.8836	0.0071	3.8601	3.9322	0.0055	0.0024	0.0010	0.0072	1.4773	2.2725	0.0825	2.8002	3.0416	0.0341	0.0606	0.0046	0.0887	0.0006	0.0207	-0.0005	-0.0704	0.0028	11.6653	0.9232	19.4910	0.0012	0.0012	0.0000	0.0012	0.0012	0.0000	0.0000	0.0000	0.0000	0.1607	0.1574	0.0033	0.1575	0.1573	0.0002	0.0032	0.0001	0.0031	0.0008	0.0007	0.0001	0.0003	0.0003	0.0000	0.0004	0.0003	0.0001	0.1088	0.0693	0.0395	0.0562	0.0517	0.0045	0.0525	0.0175	0.0350	1.0996	0.8288	0.0857	1.3785	1.2928	0.1610	0.0390	0.2104	0.0807	1.4773	2.2725	0.0825	2.8002	3.0416	0.0341	0.0606	0.0046	0.0887
52	159	0.3556	5	1	0	1	0	0	0	0	0	N	N	N	N	N	N	N	N	N	N	N	N	0.0144	0.0165	0.0087	0.0267	0.0251	0.2404	0.0028	0.1171	0.0079	0.0348	0.0363	0.0242	0.0705	0.0720	0.0190	0.0061	0.0014	0.0248	2.4146	2.1981	2.7920	2.6423	2.8690	0.0791	2.1585	0.0121	3.1549	0.0943	0.7285	-0.0000	-0.0108	0.0028	7.3933	0.9232	20.5306	0.0000	0.0000	0.0000	0.0000	0.0000	0.0000	0.0000	0.0000	0.0000	0.2918	0.1688	0.1230	0.1690	0.1686	0.0004	0.1228	0.0002	0.1226	0.0005	0.0004	0.0001	0.0002	0.0002	0.0000	0.0003	0.0002	0.0001	0.1208	0.0768	0.0440	0.0640	0.0588	0.0052	0.0569	0.0180	0.0389	0.0144	0.0165	0.0087	0.0267	0.0251	0.2404	0.0028	0.1171	0.0079	2.4146	2.1981	2.7920	2.6423	2.8690	0.0791	2.1585	0.0121	3.1549
52	160	0.1194	4	1	0	1	0	0	0	0	0	N	N	N	N	N	N	N	N	N	N	N	N	0.3654	14.0271	0.0015	23.3471	20.9662	0.0000	0.0112	0.9991	0.0013	0.7005	0.7820	0.0079	1.8232	1.8279	0.0000	0.0302	0.0346	0.0080	1.9170	0.0557	5.4249	0.0781	0.0872	0.0077	2.6908	0.0347	6.0119	0.0012	51.6333	-0.0005	0.1054	0.0028	27.6416	0.9232	54.6365	0.0012	0.0011	0.0000	0.0011	0.0011	0.0000	0.0000	0.0000	0.0000	0.2018	0.0038	0.1979	0.0024	0.0024	0.0000	0.1993	0.0014	0.1979	0.0016	0.0015	0.0002	0.0006	0.0006	0.0000	0.0010	0.0009	0.0002	0.1052	0.0688	0.0365	0.0312	0.0276	0.0036	0.0741	0.0412	0.0329	0.3654	14.0271	0.0015	23.3471	20.9662	0.0000	0.0112	0.9991	0.0013	1.9170	0.0557	5.4249	0.0781	0.0872	0.0077	2.6908	0.0347	6.0119
52	161	0.2239	10	2	1	1	0	0	0	0	0	Y	N	N	N	N	N	N	N	N	N	N	N	0.0000	0.0000	0.0000	0.0000	0.0000	0.0000	0.0000	0.0000	0.0000	0.0000	0.0000	0.0000	0.0000	0.0000	0.0000	0.0000	0.0000	0.0000	0.0000	0.0000	0.0028	0.0002	0.9232	3.0099	0.0000	0.0000	0.0000	0.0000	0.0000	0.0000	0.0000	0.0000	0.0000	0.0000	0.0000	0.0000	0.0000	0.0000	0.0000	0.0000	0.0000	0.0000	0.0000	0.0000	0.0000	0.0000	0.0000	0.0000	0.0000	0.0000	0.0000	0.0054	0.0036	0.0018	0.0018	0.0016	0.0002	0.0035	0.0020	0.0016	0.0000	0.0000	0.0000	0.0000	0.0000	0.0000	0.0000	0.0000	0.0000	0.0000	0.0000	0.0000	0.0000	0.0000	0.0000	0.0000	0.0000	0.0000											
52	162	0.2163	9	2	1	1	0	0	0	0	0	Y	N	N	N	N	N	N	N	N	N	N	N	0.0000	0.0000	0.0000	0.0000	0.0000	0.0000	0.0000	0.0000	0.0000	0.0000	0.0000	0.0000	0.0000	0.0000	0.0000	0.0000	0.0000	0.0000	0.0000	-0.0000	0.0028	0.9998	0.9232	2.0118	0.0000	0.0000	0.0000	0.0000	0.0000	0.0000	0.0000	0.0000	0.0000	0.0000	0.0000	0.0000	0.0000	0.0000	0.0000	0.0000	0.0000	0.0000	0.0001	0.0001	0.0000	0.0000	0.0000	0.0000	0.0000	0.0000	0.0000	0.0053	0.0035	0.0018	0.0018	0.0016	0.0002	0.0035	0.0019	0.0016	0.0000	0.0000	0.0000	0.0000	0.0000	0.0000	0.0000	0.0000	0.0000	0.0000	0.0000	0.0000	0.0000	0.0000	0.0000	0.0000	0.0000	0.0000											
52	163	0.2163	8	2	1	1	0	0	0	0	0	Y	N	N	N	N	N	N	N	N	N	N	N	0.0000	0.0000	0.0000	0.0000	0.0000	0.0000	0.0000	0.0000	0.0000	0.0000	0.0000	0.0000	0.0000	0.0000	0.0000	0.0000	0.0000	0.0000	0.0000	0.0000	0.0028	0.0000	0.9232	0.0003	0.0000	0.0000	0.0000	0.0000	0.0000	0.0000	0.0000	0.0000	0.0000	0.0000	0.0000	0.0000	0.0000	0.0000	0.0000	0.0000	0.0000	0.0000	0.0000	0.0000	0.0000	0.0000	0.0000	0.0000	0.0000	0.0000	0.0000	0.0000	0.0000	0.0000	0.0000	0.0000	0.0000	0.0000	0.0000	0.0000	0.0000	0.0000	0.0000	0.0000	0.0000	0.0000	0.0000	0.0000	0.0000	0.0000	0.0000	0.0000	0.0000	0.0000	0.0000	0.0000	0.0000	0.0000											
52	164	0.2053	7	1	1	1	0	0	0	0	0	N	N	N	N	N	N	N	N	N	N	N	N	153.7635	2732.2167	0.0000	1011.1003	1601.1055	0.0000	0.0000	0.0000	0.0000	0.1981	0.3435	0.0000	0.4085	0.4088	0.0000	0.0000	0.0000	0.0000	0.0013	0.0001	0.0036	0.0004	0.0003	0.0017	0.0018	0.0000	0.0039	0.0000	14.3235	-0.0000	0.0000	0.0028	0.0063	0.9232	4.3641	0.0000	0.0000	0.0000	0.0000	0.0000	0.0000	0.0000	0.0000	0.0000	0.0000	0.0000	0.0000	0.0000	0.0000	0.0000	0.0000	0.0000	0.0000	0.0000	0.0000	0.0000	0.0000	0.0000	0.0000	0.0000	0.0000	0.0000	0.0087	0.0058	0.0029	0.0031	0.0028	0.0003	0.0055	0.0030	0.0026	153.7635	2732.2167	0.0000	1011.1003	1601.1055	0.0000	0.0000	0.0000	0.0000	0.0013	0.0001	0.0036	0.0004	0.0003	0.0017	0.0018	0.0000	0.0039
52	165	0.1734	6	1	0	1	0	0	0	0	0	N	N	N	N	N	N	N	N	N	N	N	N	39.9415	466.7086	0.0075	416.7633	513.3022	0.0000	0.0031	0.0000	0.0071	1.9111	2.1720	0.0011	4.8300	4.8488	0.0000	0.0002	0.0000	0.0011	0.0478	0.0047	0.1440	0.0116	0.0094	0.0369	0.0689	0.0000	0.1549	0.0001	13.9000	-0.0002	0.0006	0.0028	2.5207	0.9232	10.0226	0.0004	0.0004	0.0000	0.0004	0.0004	0.0000	0.0000	0.0000	0.0000	0.0013	0.0001	0.0012	0.0001	0.0001	0.0000	0.0012	0.0000	0.0012	0.0002	0.0002	0.0000	0.0001	0.0001	0.0000	0.0001	0.0001	0.0000	0.0277	0.0191	0.0086	0.0102	0.0094	0.0008	0.0175	0.0097	0.0078	39.9415	466.7086	0.0075	416.7633	513.3022	0.0000	0.0031	0.0000	0.0071	0.0478	0.0047	0.1440	0.0116	0.0094	0.0369	0.0689	0.0000	0.1549
52	166	0.1578	5	1	0	1	0	0	0	0	0	N	N	N	N	N	N	N	N	N	N	N	N	0.0002	1.7670	0.0001	0.6206	2.7803	0.0000	0.0001	0.0000	0.0001	0.0069	0.0060	0.0144	0.0130	0.0131	0.0000	0.0027	0.0000	0.0150	35.5737	0.0034	165.5550	0.0209	0.0047	0.4361	41.9182	0.0001	129.6435	0.2994	11315.0116	-0.0000	0.4626	0.0028	2.6894	0.9232	4.6619	0.0000	0.0000	0.0000	0.0000	0.0000	0.0000	0.0000	0.0000	0.0000	0.8542	0.0001	0.8541	0.0003	0.0001	0.0003	0.8538	0.0000	0.8538	0.0002	0.0002	0.0000	0.0001	0.0001	0.0000	0.0001	0.0001	0.0000	0.0371	0.0223	0.0148	0.0165	0.0158	0.0006	0.0206	0.0065	0.0142	0.0003	1.7670	0.0002	0.6206	2.7803	0.0000	0.0001	0.0000	0.0002	23.0229	0.0034	57.7660	0.0209	0.0047	0.4361	41.3732	0.0001	60.2683
52	167	0.1194	4	1	0	1	0	0	0	0	0	N	N	N	N	N	N	N	N	N	N	N	N	0.0034	0.0374	0.0066	0.0622	0.0555	0.0000	0.0029	0.0000	0.0068	0.0088	0.0020	0.0589	0.0047	0.0047	0.0000	0.0113	0.0000	0.0594	2.5956	0.0540	8.9557	0.0753	0.0847	0.0061	3.8732	0.0280	8.7129	3.9667	73.3731	0.0000	0.0297	0.0028	2.7966	0.9232	8.5340	0.0000	0.0000	0.0000	0.0000	0.0000	0.0000	0.0000	0.0000	0.0000	0.0562	0.0008	0.0554	0.0005	0.0005	0.0000	0.0556	0.0002	0.0554	0.0002	0.0002	0.0000	0.0001	0.0001	0.0000	0.0001	0.0001	0.0000	0.0216	0.0140	0.0077	0.0073	0.0064	0.0009	0.0144	0.0076	0.0068	0.0034	0.0374	0.0081	0.0622	0.0555	0.0000	0.0029	0.0000	0.0073	2.5956	0.0540	7.2455	0.0753	0.0847	0.0061	3.8732	0.0280	8.1678
53	56	0.6842	9	0	2	0	0	0	0	0	0	N	Y	N	N	N	N	N	N	N	N	N	N	15.4485	42.2894	0.0014	0.0799	0.2726	0.0084	12.6798	23.5442	0.0000	14.1564	16.4112	0.0032	0.0394	0.0409	0.0206	19.9932	23.9299	0.0000	0.9164	0.3881	2.2384	0.4937	0.1500	2.4378	1.5768	1.0164	2.1442	0.0000	2.3049	-0.4279	0.3644	8.5400	0.9891	19.3759	20.6926	0.9701	0.9701	0.0000	0.0008	0.0008	0.0000	0.9693	0.9693	0.0000	1.5242	0.4612	1.0630	0.5007	0.1293	0.3715	1.0235	0.3319	0.6916	0.0685	0.0591	0.0094	0.0200	0.0186	0.0014	0.0485	0.0405	0.0080	1.6633	1.1884	0.4749	1.0142	0.8619	0.1524	0.6491	0.3266	0.3225	15.4485	42.2894	0.0014	0.0799	0.2726	0.0084	12.6798	23.5442	0.0000	0.9164	0.3881	2.2384	0.4937	0.1500	2.4378	1.5768	1.0164	2.1442
53	57	0.5637	8	0	1	0	0	0	0	0	0	N	N	N	N	N	N	N	N	N	N	N	N	2.3184	2.4286	0.0028	0.0188	0.0177	0.0001	5.1013	12.1666	0.0028	3.1248	3.5971	0.0030	0.0333	0.0350	0.0001	4.1268	4.9007	0.0033	1.3478	1.4811	1.0650	1.7687	1.9721	0.7624	0.8090	0.4028	1.1915	0.0001	0.3388	-0.4274	-0.4625	8.5400	5.0326	19.3759	39.3193	0.9692	0.9691	0.0001	0.0025	0.0025	0.0000	0.9667	0.9666	0.0001	2.2526	1.6825	0.5700	1.6597	1.5394	0.1203	0.5928	0.1432	0.4497	0.3102	0.2694	0.0408	0.0759	0.0722	0.0037	0.2342	0.1972	0.0370	1.6712	1.1360	0.5352	0.9384	0.7806	0.1578	0.7328	0.3554	0.3774	2.3184	2.4286	0.0028	0.0188	0.0177	0.0001	5.1013	12.1666	0.0028	1.3478	1.4811	1.0650	1.7687	1.9721	0.7624	0.8090	0.4028	1.1915
53	58	0.5637	8	0	2	0	1	0	0	0	0	N	Y	N	N	N	N	N	N	N	N	N	N	0.0049	0.0105	0.0000	0.0158	0.0273	0.0000	0.0000	0.0000	0.0000	0.0009	0.0010	0.0000	0.0036	0.0038	0.0000	0.0000	0.0000	0.0000	0.1780	0.0960	0.3517	0.2257	0.1380	0.6573	0.1166	0.0033	0.2229	0.0009	1.7273	-0.0001	0.0496	8.5400	5.0036	19.3759	36.7244	0.0003	0.0003	0.0000	0.0003	0.0003	0.0000	0.0000	0.0000	0.0000	0.2835	0.1040	0.1796	0.2023	0.1029	0.0995	0.0812	0.0011	0.0801	0.3084	0.2679	0.0405	0.0755	0.0718	0.0037	0.2329	0.1961	0.0368	1.5930	1.0824	0.5105	0.8967	0.7453	0.1514	0.6963	0.3371	0.3592	0.0049	0.0105	0.0000	0.0158	0.0273	0.0000	0.0000	0.0000	0.0000	0.1780	0.0960	0.3517	0.2257	0.1380	0.6573	0.1166	0.0033	0.2229
53	59	0.2143	5	0	2	0	1	0	0	0	0	N	Y	N	N	N	N	N	N	N	N	N	N	2.3126	3.0677	0.0376	10.3451	10.0622	0.0184	1.2381	1.3376	0.0361	1.7915	2.1609	0.0339	2.8564	3.0066	0.0009	1.4422	1.8254	0.0364	0.7747	0.7044	0.9022	0.2761	0.2988	0.0476	1.1649	1.3647	1.0096	0.0033	0.7059	-0.7453	-0.1058	8.5400	10.4254	19.3759	21.2017	1.7022	1.6966	0.0056	0.6704	0.6704	0.0000	1.0318	1.0262	0.0056	2.3744	1.3919	0.9825	0.3715	0.3657	0.0058	2.0028	1.0261	0.9767	0.9501	0.7851	0.1650	0.2347	0.2230	0.0117	0.7154	0.5622	0.1532	3.0649	1.9760	1.0890	1.3456	1.2241	0.1215	1.7193	0.7519	0.9674	2.3126	3.0677	0.0376	10.3451	10.0622	0.0184	1.2381	1.3376	0.0361	0.7747	0.7044	0.9022	0.2761	0.2988	0.0476	1.1649	1.3647	1.0096
53	60	0.6810	11	1	1	1	0	0	0	0	0	N	N	N	N	N	N	N	N	N	N	N	N	0.0012	6.7123	0.0000	2.0094	17.3971	0.0000	0.0000	0.0000	0.0000	0.0005	0.0005	0.0000	0.0016	0.0017	0.0000	0.0000	0.0000	0.0000	0.3618	0.0001	1.1839	0.0008	0.0001	0.0047	0.9036	0.0000	1.7025	0.0004	6750.1522	-0.0000	0.0478	8.5400	1.9981	19.3759	3.0867	0.0001	0.0001	0.0000	0.0001	0.0001	0.0000	0.0000	0.0000	0.0000	0.0883	0.0000	0.0883	0.0001	0.0000	0.0001	0.0882	0.0000	0.0882	0.1328	0.1157	0.0171	0.0368	0.0349	0.0019	0.0959	0.0808	0.0151	0.2441	0.1695	0.0746	0.1465	0.1237	0.0228	0.0976	0.0458	0.0518	0.0012	6.7123	0.0000	2.0094	17.3971	0.0000	0.0000	0.0000	0.0000	0.3618	0.0001	1.1839	0.0008	0.0001	0.0047	0.9036	0.0000	1.7025
53	61	0.6377	10	1	1	1	0	0	0	0	0	N	N	N	N	N	N	N	N	N	N	N	N	0.0004	0.0006	0.0008	0.0009	0.0008	0.0000	0.0002	0.0052	0.0005	0.0004	0.0001	0.0021	0.0002	0.0002	0.0000	0.0004	0.0001	0.0024	0.9822	0.1731	2.8006	0.1927	0.2319	0.0164	2.2671	0.0122	4.4032	2.9741	7.1981	0.0000	0.3332	8.5400	4.0039	19.3759	14.0733	0.0001	0.0000	0.0001	0.0000	0.0000	0.0000	0.0001	0.0000	0.0001	0.7940	0.0969	0.6971	0.0965	0.0950	0.0015	0.6975	0.0018	0.6957	0.2653	0.2320	0.0333	0.0774	0.0734	0.0040	0.1879	0.1586	0.0293	0.8084	0.5595	0.2489	0.5008	0.4098	0.0909	0.3076	0.1497	0.1580	0.0004	0.0006	0.0008	0.0009	0.0008	0.0000	0.0002	0.0052	0.0005	0.9822	0.1731	2.8006	0.1927	0.2319	0.0164	2.2671	0.0122	4.4032
53	62	0.6571	11	1	1	1	0	0	0	0	0	N	N	N	N	N	N	N	N	N	N	N	N	3.2770	2.6980	0.0000	0.0252	0.0264	0.0000	388.3055	233.4233	0.0000	1.9701	2.4166	0.0000	0.0266	0.0328	0.0000	4.8294	5.8644	0.0000	0.6012	0.8957	0.0091	1.0564	1.2421	0.0277	0.0124	0.0251	0.0026	0.0000	0.0051	-0.0023	-0.2012	8.5400	0.0060	19.3759	17.2393	0.0052	0.0052	0.0000	0.0000	0.0000	0.0000	0.0052	0.0052	0.0000	0.4438	0.4416	0.0022	0.4398	0.4381	0.0018	0.0040	0.0035	0.0005	0.0027	0.0022	0.0005	0.0016	0.0013	0.0003	0.0011	0.0009	0.0002	0.7382	0.4930	0.2452	0.4164	0.3527	0.0637	0.3219	0.1403	0.1815	3.2770	2.6980	0.0000	0.0252	0.0264	0.0000	388.3055	233.4233	0.0000	0.6012	0.8957	0.0091	1.0564	1.2421	0.0277	0.0124	0.0251	0.0026
53	63	0.6005	9	0	1	1	0	0	0	0	0	N	N	N	N	N	N	N	N	N	N	N	N	0.0000	0.0000	0.0006	0.0000	0.0000	0.0000	0.0000	0.0000	0.0011	0.0000	0.0000	0.0000	0.0000	0.0000	0.0000	0.0000	0.0000	0.0000	0.0965	0.1328	0.0021	0.1477	0.1733	0.0035	0.0054	0.0096	0.0013	0.1056	0.0060	-0.0000	-0.0419	8.5400	1.0230	19.3759	12.1924	0.0000	0.0000	0.0000	0.0000	0.0000	0.0000	0.0000	0.0000	0.0000	0.0925	0.0920	0.0006	0.0907	0.0903	0.0003	0.0019	0.0016	0.0002	0.0985	0.0871	0.0114	0.0374	0.0359	0.0014	0.0612	0.0512	0.0100	0.9591	0.6925	0.2666	0.6140	0.5214	0.0926	0.3451	0.1712	0.1740	0.0000	0.0000	0.0006	0.0000	0.0000	0.0000	0.0000	0.0000	0.0011	0.0965	0.1328	0.0021	0.1477	0.1733	0.0035	0.0054	0.0096	0.0013
53	64	0.5637	8	0	1	0	0	0	0	0	0	N	N	N	N	N	N	N	N	N	N	N	N	0.0086	0.0075	0.0003	0.0217	0.0202	0.0003	0.0001	0.0000	0.0005	0.0015	0.0017	0.0000	0.0061	0.0064	0.0000	0.0000	0.0000	0.0000	0.1740	0.2293	0.0605	0.2808	0.3166	0.1241	0.0203	0.0110	0.0285	0.0014	0.1286	-0.0001	-0.0413	8.5400	2.4556	19.3759	12.4191	0.0002	0.0002	0.0000	0.0002	0.0002	0.0000	0.0000	0.0000	0.0000	0.1199	0.1062	0.0137	0.1142	0.1048	0.0094	0.0057	0.0015	0.0043	0.1535	0.1333	0.0202	0.0377	0.0359	0.0019	0.1158	0.0974	0.0184	0.6892	0.4633	0.2259	0.4066	0.3310	0.0756	0.2826	0.1324	0.1503	0.0086	0.0075	0.0003	0.0217	0.0202	0.0003	0.0001	0.0000	0.0005	0.1740	0.2293	0.0605	0.2808	0.3166	0.1241	0.0203	0.0110	0.0285
53	65	0.6861	10	0	2	0	0	0	0	0	0	N	Y	N	N	N	N	N	N	N	N	N	N	0.8560	2.4095	0.0214	0.0706	0.1326	0.0702	1.0199	3.3129	0.0114	0.0239	0.0270	0.0015	0.0017	0.0014	0.0064	0.0338	0.0398	0.0007	0.0279	0.0112	0.0701	0.0245	0.0109	0.0907	0.0331	0.0120	0.0582	0.0078	2.4694	-0.0014	0.0049	8.5400	1.7555	19.3759	11.9300	0.0031	0.0031	0.0000	0.0001	0.0001	0.0000	0.0031	0.0031	0.0000	0.0193	0.0056	0.0137	0.0103	0.0038	0.0065	0.0090	0.0018	0.0072	0.1311	0.1149	0.0162	0.0406	0.0382	0.0024	0.0906	0.0767	0.0138	0.6917	0.4957	0.1960	0.4204	0.3486	0.0718	0.2713	0.1471	0.1242	0.8560	2.4095	0.0214	0.0706	0.1326	0.0702	1.0199	3.3129	0.0114	0.0279	0.0112	0.0701	0.0245	0.0109	0.0907	0.0331	0.0120	0.0582
53	66	0.6651	12	1	2	1	0	0	0	0	0	N	Y	N	N	N	N	N	N	N	N	N	N	0.0000	0.0000	0.0000	0.0000	0.0000	0.0000	0.0000	0.0000	0.0000	0.0000	0.0000	0.0000	0.0000	0.0000	0.0000	0.0000	0.0000	0.0000	0.0000	0.0000	8.5400	0.0000	19.3759	0.0000	0.0000	0.0000	0.0000	0.0000	0.0000	0.0000	0.0000	0.0000	0.0000	0.0000	0.0000	0.0000	0.0000	0.0000	0.0000	0.0000	0.0000	0.0000	0.0000	0.0000	0.0000	0.0000	0.0000	0.0000	0.0000	0.0000	0.0000	0.0000	0.0000	0.0000	0.0000	0.0000	0.0000	0.0000	0.0000	0.0000	0.0000	0.0000	0.0000	0.0000	0.0000	0.0000	0.0000	0.0000	0.0000	0.0000	0.0000	0.0000	0.0000	0.0000	0.0000	0.0000	0.0000	0.0000											
53	67	0.6028	11	1	2	1	0	0	0	0	0	N	Y	N	N	N	N	N	N	N	N	N	N	0.4090	0.0000	inf	2.4376	0.0000	inf	0.3338	0.0000	inf	0.2722	0.0000	2.0471	0.0242	0.0000	0.4898	0.3734	0.0000	2.2346	0.6656	1.0210	0.0000	0.0099	0.0113	0.0000	1.1187	2.2546	0.0000	inf	0.0000	0.0080	-0.0399	8.5400	1.0000	19.3759	3.0000	0.0144	0.0000	0.0144	0.0004	0.0000	0.0004	0.0140	0.0000	0.0140	0.0871	0.0871	0.0000	0.0005	0.0005	0.0000	0.0866	0.0866	0.0000	0.0529	0.0458	0.0070	0.0153	0.0146	0.0008	0.0375	0.0313	0.0063	0.1308	0.0853	0.0455	0.0535	0.0469	0.0066	0.0774	0.0384	0.0390	0.4090	0.0000	inf	2.4376	0.0000	inf	0.3338	0.0000	inf	0.6656	1.0210	0.0000	0.0099	0.0113	0.0000	1.1187	2.2546	0.0000
53	68	0.6651	12	1	2	1	0	0	0	0	0	N	Y	N	N	N	N	N	N	N	N	N	N	inf	inf	inf	inf	14.9971	0.0000	117.9263	54.5807	0.0000	1052.2312	0.0000	0.0000	0.0000	0.0000	0.0000	0.0000	0.0000	0.0000	0.0000	0.0000	0.0000	0.0000	inf	0.5575	0.0000	8.5400	1.0000	19.3759	0.0000	0.9975	0.0000	0.9975	0.9975	0.0000	0.9975	0.0000	0.0000	0.0000	0.0000	0.0000	0.0000	0.0000	0.0000	0.0000	0.0000	0.0000	0.0000	0.0665	0.0581	0.0085	0.0183	0.0173	0.0009	0.0482	0.0407	0.0075	0.0428	0.0288	0.0140	0.0242	0.0199	0.0042	0.0186	0.0089	0.0097	inf	0.0000	inf	inf	0.0000	inf	0.0000	0.0000	0.0000	0.0000	0.0000	0.0000	0.0000	0.0000	0.0000	0.0000	0.0000	0.0000						
53	69	0.6487	11	1	2	1	0	0	0	0	0	N	Y	N	N	N	N	N	N	N	N	N	N	11.6487	9.6058	0.0000	25.4968	21.5179	0.0000	0.0161	0.0140	0.0000	0.2234	0.2602	0.0000	0.7569	0.7939	0.0000	0.0000	0.0000	0.0000	0.0192	0.0271	0.0005	0.0297	0.0369	0.0004	0.0010	0.0014	0.0006	0.0000	0.0075	-0.0074	-0.0033	8.5400	1.0155	19.3759	5.9708	0.0167	0.0167	0.0000	0.0167	0.0167	0.0000	0.0000	0.0000	0.0000	0.0073	0.0073	0.0001	0.0072	0.0072	0.0000	0.0001	0.0001	0.0000	0.0746	0.0641	0.0106	0.0220	0.0210	0.0010	0.0526	0.0431	0.0095	0.3818	0.2683	0.1135	0.2418	0.1941	0.0477	0.1400	0.0742	0.0658	11.6487	9.6058	0.0000	25.4968	21.5179	0.0000	0.0161	0.0140	0.0000	0.0192	0.0271	0.0005	0.0297	0.0369	0.0004	0.0010	0.0014	0.0006
53	70	0.6439	10	1	1	1	0	0	0	0	0	N	N	N	N	N	N	N	N	N	N	N	N	11.2442	5.4319	118.8973	8.1051	6.6864	8.6685	185.6724	23.7746	274.5732	3.2194	2.0226	7.3317	3.3592	3.4378	0.7526	3.1074	0.2391	7.7352	0.2863	0.3724	0.0617	0.4144	0.5141	0.0868	0.0167	0.0101	0.0282	1.0550	0.0634	0.0022	-0.0406	8.5400	0.0406	19.3759	2.3361	0.0306	0.0149	0.0157	0.0142	0.0141	0.0001	0.0164	0.0008	0.0156	0.1018	0.0957	0.0061	0.0999	0.0950	0.0049	0.0019	0.0007	0.0012	0.0095	0.0074	0.0021	0.0042	0.0041	0.0001	0.0053	0.0033	0.0020	0.3554	0.2570	0.0984	0.2409	0.1847	0.0562	0.1145	0.0723	0.0422	11.2442	5.4319	118.8973	8.1051	6.6864	8.6685	185.6724	23.7746	274.5732	0.2863	0.3724	0.0617	0.4144	0.5141	0.0868	0.0167	0.0101	0.0282
53	71	0.6028	11	1	2	1	0	0	0	0	0	N	Y	N	N	N	N	N	N	N	N	N	N	0.0000	0.0000	0.0000	0.0000	0.0000	0.0000	0.0000	0.0000	0.0000	0.0000	0.0000	0.0000	0.0000	0.0000	0.0000	0.0000	0.0000	0.0000	0.0000	0.0000	8.5400	0.0000	19.3759	0.0000	0.0000	0.0000	0.0000	0.0000	0.0000	0.0000	0.0000	0.0000	0.0000	0.0000	0.0000	0.0000	0.0000	0.0000	0.0000	0.0000	0.0000	0.0000	0.0000	0.0000	0.0000	0.0000	0.0000	0.0000	0.0000	0.0000	0.0000	0.0000	0.0000	0.0000	0.0000	0.0000	0.0000	0.0000	0.0000	0.0000	0.0000	0.0000	0.0000	0.0000	0.0000	0.0000	0.0000	0.0000	0.0000	0.0000	0.0000	0.0000	0.0000	0.0000	0.0000	0.0000	0.0000	0.0000											
53	72	0.5847	10	1	2	1	0	0	0	0	0	N	Y	N	N	N	N	N	N	N	N	N	N	1090.9266	0.1884	29333.4387	141.9237	0.3772	410727.0186	5030.4570	0.0000	25059.4595	3.8831	0.0009	28.7507	0.9499	0.0029	20.4009	5.0337	0.0000	29.6463	0.0036	0.0048	0.0010	0.0067	0.0077	0.0000	0.0010	0.0008	0.0012	5003.7275	0.0960	0.5016	-0.0003	8.5400	3.9057	19.3759	1.1104	0.8978	0.0002	0.8976	0.0619	0.0002	0.0617	0.8359	0.0000	0.8359	0.0007	0.0007	0.0001	0.0006	0.0006	0.0000	0.0001	0.0001	0.0001	0.2312	0.2000	0.0312	0.0651	0.0621	0.0030	0.1661	0.1379	0.0282	0.2091	0.1426	0.0665	0.0940	0.0821	0.0119	0.1151	0.0605	0.0546	1090.9266	0.1884	29333.4387	141.9237	0.3772	410727.0186	5030.4570	0.0000	25059.4595	0.0036	0.0048	0.0010	0.0067	0.0077	0.0000	0.0010	0.0008	0.0012
53	73	0.3819	8	1	2	0	0	0	0	0	0	N	Y	N	N	N	N	N	N	N	N	N	N	0.0022	0.0044	0.0000	0.1845	0.2727	0.0012	0.0001	0.0001	0.0000	0.0038	0.0044	0.0000	0.0101	0.0105	0.0003	0.0003	0.0003	0.0000	1.7096	0.9793	3.2135	0.0549	0.0386	0.2118	3.0040	2.3384	3.6453	0.0014	1.5934	-0.0012	0.3927	8.5400	6.9070	19.3759	16.5673	0.0027	0.0027	0.0000	0.0026	0.0026	0.0000	0.0001	0.0001	0.0000	2.5166	0.9704	1.5462	0.0354	0.0226	0.0128	2.4812	0.9478	1.5334	0.7023	0.6158	0.0864	0.2528	0.2426	0.0102	0.4495	0.3732	0.0763	1.4721	0.9909	0.4812	0.6461	0.5856	0.0605	0.8260	0.4053	0.4207	0.0022	0.0044	0.0000	0.1845	0.2727	0.0012	0.0001	0.0001	0.0000	1.7096	0.9793	3.2135	0.0549	0.0386	0.2118	3.0040	2.3384	3.6453
53	74	0.2052	4	0	2	0	1	0	0	0	0	N	Y	N	N	N	N	N	N	N	N	N	N	0.0019	0.0062	0.0005	0.0223	0.0226	0.0002	0.0001	0.0001	0.0005	0.0014	0.0016	0.0007	0.0093	0.0098	0.0000	0.0001	0.0000	0.0008	0.7527	0.2511	1.5372	0.4161	0.4348	0.1115	0.9482	0.0101	1.6194	0.0805	3.9156	-0.0002	0.4656	8.5400	6.4226	19.3759	19.3377	0.0006	0.0006	0.0000	0.0006	0.0006	0.0000	0.0000	0.0000	0.0000	1.3767	0.2801	1.0967	0.2795	0.2752	0.0043	1.0972	0.0049	1.0923	0.4357	0.3708	0.0649	0.0622	0.0586	0.0035	0.3735	0.3122	0.0613	1.8290	1.1156	0.7134	0.6718	0.6330	0.0389	1.1571	0.4826	0.6745	0.0019	0.0062	0.0005	0.0223	0.0226	0.0002	0.0001	0.0001	0.0005	0.7527	0.2511	1.5372	0.4161	0.4348	0.1115	0.9482	0.0101	1.6194
53	75	0.1600	3	0	1	0	1	0	0	0	0	N	N	N	N	N	N	N	N	N	N	N	N	0.3797	0.7086	0.1496	1.7323	1.8254	0.0005	0.0572	0.1188	0.1510	0.1958	0.2107	0.1304	0.8313	0.8409	0.0004	0.0310	0.0006	0.1321	0.5156	0.2974	0.8719	0.4799	0.4606	0.8309	0.5414	0.0050	0.8744	0.1413	1.7957	-0.0287	0.2500	8.5400	5.1932	19.3759	17.4397	0.0905	0.0793	0.0112	0.0792	0.0792	0.0000	0.0114	0.0002	0.0112	1.3593	0.4862	0.8731	0.5310	0.4833	0.0478	0.8283	0.0030	0.8253	0.4625	0.3765	0.0860	0.0952	0.0942	0.0011	0.3672	0.2824	0.0849	2.6364	1.6350	1.0013	1.1065	1.0491	0.0575	1.5298	0.5860	0.9439	0.3797	0.7086	0.1496	1.7323	1.8254	0.0005	0.0572	0.1188	0.1510	0.5156	0.2974	0.8719	0.4799	0.4606	0.8309	0.5414	0.0050	0.8744
53	77	0.6596	11	0	1	0	1	0	0	0	0	N	N	N	N	N	N	N	N	N	N	N	N	0.0711	0.0572	0.0000	0.1300	0.1141	0.0000	0.0000	0.0011	0.0000	0.0871	0.1012	0.0000	0.2724	0.2809	0.0000	0.0000	0.0000	0.0000	1.2257	1.7684	0.0760	2.0957	2.4625	0.0459	0.0481	0.0003	0.0872	0.0000	0.0203	-0.0012	-0.4589	8.5400	0.3745	19.3759	14.7996	0.0028	0.0028	0.0000	0.0028	0.0028	0.0000	0.0000	0.0000	0.0000	1.0466	1.0258	0.0208	1.0292	1.0258	0.0034	0.0174	0.0001	0.0174	0.0324	0.0279	0.0045	0.0104	0.0101	0.0003	0.0221	0.0179	0.0042	0.8539	0.5801	0.2739	0.4911	0.4166	0.0745	0.3628	0.1635	0.1993	0.0711	0.0572	0.0000	0.1300	0.1141	0.0000	0.0000	0.0011	0.0000	1.2257	1.7684	0.0760	2.0957	2.4625	0.0459	0.0481	0.0003	0.0872
53	78	0.6373	10	0	1	0	1	0	0	0	0	N	N	N	N	N	N	N	N	N	N	N	N	2.2909	2.2752	0.0004	5.6626	5.2254	0.0002	0.0001	0.0004	0.0004	7.2536	8.3525	0.0008	25.2642	26.4351	0.0002	0.0002	0.0000	0.0009	3.1663	3.6710	2.0624	4.4615	5.0590	1.0655	1.3378	0.0049	2.4483	0.0000	0.2569	-0.3358	-0.5971	8.5400	1.4595	19.3759	10.3922	0.7614	0.7614	0.0000	0.7614	0.7614	0.0000	0.0000	0.0000	0.0000	2.3509	1.8705	0.4804	1.9391	1.8698	0.0693	0.4118	0.0007	0.4112	0.1050	0.0912	0.0138	0.0301	0.0288	0.0013	0.0748	0.0624	0.0125	0.7425	0.5095	0.2330	0.4346	0.3696	0.0650	0.3079	0.1399	0.1679	2.2909	2.2752	0.0004	5.6626	5.2254	0.0002	0.0001	0.0004	0.0004	3.1663	3.6710	2.0624	4.4615	5.0590	1.0655	1.3378	0.0049	2.4483
53	79	0.6232	9	0	1	0	1	0	0	0	0	N	N	N	N	N	N	N	N	N	N	N	N	0.2212	0.2450	0.0766	0.6873	0.6385	0.2756	0.0161	0.0000	0.0600	0.0363	0.0398	0.0128	0.1302	0.1366	0.0121	0.0021	0.0000	0.0129	0.1640	0.1624	0.1676	0.1894	0.2140	0.0440	0.1280	0.0297	0.2154	0.0485	0.4512	-0.0013	-0.0129	8.5400	1.3861	19.3759	6.3168	0.0033	0.0032	0.0002	0.0032	0.0032	0.0000	0.0001	0.0000	0.0001	0.0874	0.0603	0.0272	0.0592	0.0572	0.0020	0.0283	0.0031	0.0252	0.0912	0.0792	0.0119	0.0243	0.0231	0.0013	0.0668	0.0562	0.0106	0.5332	0.3710	0.1622	0.3124	0.2671	0.0452	0.2208	0.1038	0.1170	0.2212	0.2450	0.0766	0.6873	0.6385	0.2756	0.0161	0.0000	0.0600	0.1640	0.1624	0.1676	0.1894	0.2140	0.0440	0.1280	0.0297	0.2154
53	80	0.5637	8	0	1	0	1	0	0	0	0	N	N	N	N	N	N	N	N	N	N	N	N	0.0068	0.0090	0.0000	0.0075	0.0073	0.0000	0.0076	0.1853	0.0000	0.0022	0.0025	0.0000	0.0027	0.0028	0.0000	0.0020	0.0023	0.0000	0.3175	0.2759	0.4044	0.3602	0.3878	0.2310	0.2594	0.0127	0.4838	0.0005	0.7010	-0.0002	-0.0149	8.5400	4.0043	19.3759	19.8631	0.0005	0.0005	0.0000	0.0002	0.0002	0.0000	0.0004	0.0004	0.0000	0.3220	0.1893	0.1327	0.2105	0.1867	0.0238	0.1115	0.0026	0.1089	0.2481	0.2155	0.0326	0.0608	0.0578	0.0030	0.1873	0.1577	0.0297	1.0141	0.6860	0.3281	0.5844	0.4813	0.1030	0.4297	0.2047	0.2251	0.0068	0.0090	0.0000	0.0075	0.0073	0.0000	0.0076	0.1853	0.0000	0.3175	0.2759	0.4044	0.3602	0.3878	0.2310	0.2594	0.0127	0.4838
53	81	0.5374	10	0	2	1	0	0	0	0	0	N	Y	N	N	N	N	N	N	N	N	N	N	0.0076	0.0060	0.0000	0.0091	0.0085	0.0000	0.0062	0.3530	0.0000	0.0001	0.0002	0.0000	0.0003	0.0004	0.0000	0.0000	0.0000	0.0000	0.0176	0.0258	0.0002	0.0383	0.0430	0.0007	0.0001	0.0000	0.0001	0.0000	0.0041	-0.0000	-0.0024	8.5400	2.0162	19.3759	4.5500	0.0000	0.0000	0.0000	0.0000	0.0000	0.0000	0.0000	0.0000	0.0000	0.0053	0.0053	0.0000	0.0053	0.0053	0.0000	0.0000	0.0000	0.0000	0.1526	0.1328	0.0198	0.0584	0.0555	0.0029	0.0942	0.0773	0.0169	0.3021	0.2059	0.0962	0.1386	0.1232	0.0154	0.1635	0.0827	0.0808	0.0076	0.0060	0.0000	0.0091	0.0085	0.0000	0.0062	0.3530	0.0000	0.0176	0.0258	0.0002	0.0383	0.0430	0.0007	0.0001	0.0000	0.0001
53	82	0.6717	12	0	2	1	0	0	0	0	0	N	Y	N	N	N	N	N	N	N	N	N	N	0.1028	0.0816	0.0003	0.2241	0.1909	0.0000	0.0122	0.0086	0.0002	0.0063	0.0072	0.0000	0.0210	0.0222	0.0000	0.0000	0.0000	0.0000	0.0609	0.0878	0.0001	0.0935	0.1161	0.0001	0.0005	0.0009	0.0002	0.0000	0.0007	-0.0005	-0.0106	8.5400	3.0011	19.3759	3.7015	0.0012	0.0012	0.0000	0.0012	0.0012	0.0000	0.0000	0.0000	0.0000	0.0231	0.0230	0.0000	0.0230	0.0230	0.0000	0.0001	0.0001	0.0000	0.1988	0.1739	0.0249	0.0593	0.0561	0.0032	0.1395	0.1177	0.0217	0.3785	0.2624	0.1161	0.2457	0.1980	0.0477	0.1329	0.0645	0.0684	0.1028	0.0816	0.0003	0.2241	0.1909	0.0000	0.0122	0.0086	0.0002	0.0609	0.0878	0.0001	0.0935	0.1161	0.0001	0.0005	0.0009	0.0002
53	83	0.6603	11	0	2	0	0	0	0	0	0	N	Y	N	N	N	N	N	N	N	N	N	N	0.0072	0.0057	0.0061	0.0002	0.0001	0.0001	5.2449	4.4932	0.0746	0.0094	0.0107	0.0001	0.0003	0.0003	0.0000	0.0132	0.0156	0.0001	1.2975	1.8657	0.0154	1.8984	2.4610	0.0286	0.0025	0.0035	0.0014	0.0013	0.0037	-0.0006	-0.2668	8.5400	2.0032	19.3759	4.2039	0.0013	0.0013	0.0000	0.0000	0.0000	0.0000	0.0012	0.0012	0.0000	0.5868	0.5847	0.0021	0.5865	0.5844	0.0020	0.0004	0.0003	0.0001	0.1339	0.1171	0.0168	0.0399	0.0378	0.0021	0.0940	0.0793	0.0147	0.4523	0.3134	0.1389	0.3089	0.2375	0.0715	0.1433	0.0759	0.0674	0.0072	0.0057	0.0061	0.0002	0.0001	0.0001	5.2449	4.4932	0.0746	1.2975	1.8657	0.0154	1.8984	2.4610	0.0286	0.0025	0.0035	0.0014
53	84	0.6571	11	1	1	1	0	0	0	0	0	N	N	N	N	N	N	N	N	N	N	N	N	0.0415	84.4448	0.0000	0.5166	2.3401	0.0000	0.0266	146.8842	0.0000	0.0760	0.0875	0.0000	0.0023	0.0025	0.0000	0.1111	0.1318	0.0000	1.8325	0.0010	5.1612	0.0045	0.0011	0.0268	4.1716	0.0009	6.5337	0.0000	2741.2175	-0.0023	0.3277	8.5400	1.0052	19.3759	4.9545	0.0053	0.0053	0.0000	0.0001	0.0001	0.0000	0.0052	0.0052	0.0000	0.6054	0.0002	0.6052	0.0008	0.0002	0.0007	0.6046	0.0000	0.6046	0.0691	0.0601	0.0091	0.0223	0.0206	0.0017	0.0468	0.0395	0.0073	0.3304	0.2131	0.1173	0.1854	0.1607	0.0247	0.1449	0.0524	0.0925	0.0415	84.4448	0.0000	0.5166	2.3401	0.0000	0.0266	146.8842	0.0000	1.8325	0.0010	5.1612	0.0045	0.0011	0.0268	4.1716	0.0009	6.5337
53	85	0.6377	10	1	1	1	0	0	0	0	0	N	N	N	N	N	N	N	N	N	N	N	N	87.2709	789.1555	0.0071	8.3403	7.1124	0.2703	47.7390	940.7673	0.0049	13.9187	15.9147	0.0033	0.1252	0.1321	0.0001	19.7034	23.3535	0.0038	0.1595	0.0202	0.4683	0.0150	0.0186	0.0003	0.4127	0.0248	0.7774	0.0000	10.4763	-0.4131	0.0321	8.5400	0.9968	19.3759	7.6169	0.9365	0.9365	0.0000	0.0025	0.0025	0.0000	0.9340	0.9340	0.0000	0.0706	0.0062	0.0644	0.0042	0.0042	0.0000	0.0664	0.0019	0.0644	0.0673	0.0588	0.0084	0.0199	0.0189	0.0010	0.0474	0.0400	0.0074	0.4426	0.3050	0.1376	0.2818	0.2271	0.0547	0.1608	0.0779	0.0829	87.2709	789.1555	0.0071	8.3403	7.1124	0.2703	47.7390	940.7673	0.0049	0.1595	0.0202	0.4683	0.0150	0.0186	0.0003	0.4127	0.0248	0.7774
53	86	0.6577	9	1	2	0	0	0	0	0	0	N	Y	N	N	N	N	N	N	N	N	N	N	0.7805	0.6628	1.6445	1.6280	1.5058	4.5811	0.1737	0.0158	1.3308	0.0330	0.0374	0.0043	0.1053	0.1097	0.0050	0.0008	0.0001	0.0042	0.0422	0.0565	0.0026	0.0647	0.0728	0.0011	0.0047	0.0064	0.0032	0.0177	0.0165	-0.0065	-0.0208	8.5400	5.8060	19.3759	6.1034	0.0153	0.0150	0.0003	0.0150	0.0150	0.0000	0.0003	0.0000	0.0002	0.0470	0.0462	0.0008	0.0450	0.0449	0.0001	0.0020	0.0013	0.0007	0.4632	0.4010	0.0623	0.1425	0.1366	0.0059	0.3207	0.2644	0.0563	1.1125	0.8188	0.2937	0.6959	0.6169	0.0790	0.4165	0.2019	0.2147	0.7805	0.6628	1.6445	1.6280	1.5058	4.5811	0.1737	0.0158	1.3308	0.0422	0.0565	0.0026	0.0647	0.0728	0.0011	0.0047	0.0064	0.0032
53	87	0.5637	8	1	2	0	0	0	0	0	0	N	Y	N	N	N	N	N	N	N	N	N	N	6.3437	5.4985	0.0432	16.3103	14.3318	1.4452	0.2126	2.1964	0.0093	2.7096	3.1151	0.0057	11.0709	11.6417	0.0461	0.0206	0.0241	0.0016	0.4271	0.5665	0.1328	0.6788	0.8123	0.0319	0.0968	0.0110	0.1765	0.0003	0.1110	-0.8736	-0.2071	8.5400	12.2869	19.3759	21.7146	1.9816	1.9811	0.0005	1.9702	1.9698	0.0004	0.0114	0.0112	0.0001	0.5778	0.5201	0.0577	0.5212	0.5170	0.0042	0.0566	0.0031	0.0535	0.7313	0.6360	0.0954	0.1780	0.1692	0.0088	0.5534	0.4668	0.0866	1.3528	0.9180	0.4348	0.7678	0.6364	0.1314	0.5849	0.2816	0.3034	6.3437	5.4985	0.0432	16.3103	14.3318	1.4452	0.2126	2.1964	0.0093	0.4271	0.5665	0.1328	0.6788	0.8123	0.0319	0.0968	0.0110	0.1765
53	88	0.6603	11	0	2	0	0	0	0	0	0	N	Y	N	N	N	N	N	N	N	N	N	N	0.0012	0.0244	0.0000	0.0019	0.0859	0.0000	0.0019	0.0055	0.0000	0.0001	0.0001	0.0000	0.0002	0.0003	0.0000	0.0001	0.0001	0.0000	0.0953	0.0052	0.2998	0.1309	0.0030	0.6212	0.0290	0.0116	0.0472	0.0021	25.3068	-0.0000	0.0344	8.5400	4.0005	19.3759	9.0093	0.0000	0.0000	0.0000	0.0000	0.0000	0.0000	0.0000	0.0000	0.0000	0.0682	0.0026	0.0657	0.0610	0.0011	0.0599	0.0073	0.0015	0.0058	0.2644	0.2313	0.0331	0.0785	0.0744	0.0041	0.1859	0.1569	0.0290	0.7159	0.4969	0.2190	0.4660	0.3696	0.0964	0.2499	0.1273	0.1226	0.0012	0.0244	0.0000	0.0019	0.0859	0.0000	0.0019	0.0055	0.0000	0.0953	0.0052	0.2998	0.1309	0.0030	0.6212	0.0290	0.0116	0.0472
53	89	0.6377	10	0	2	0	0	0	0	0	0	N	Y	N	N	N	N	N	N	N	N	N	N	0.0020	0.0016	0.0000	0.0036	0.0030	0.0000	0.0016	0.0009	0.0000	0.0003	0.0004	0.0000	0.0007	0.0007	0.0000	0.0002	0.0002	0.0000	0.1664	0.2405	0.0014	0.1903	0.2347	0.0016	0.1253	0.2570	0.0013	0.0000	0.0026	-0.0000	-0.0386	8.5400	1.0051	19.3759	9.2650	0.0000	0.0000	0.0000	0.0000	0.0000	0.0000	0.0000	0.0000	0.0000	0.0846	0.0844	0.0002	0.0612	0.0611	0.0001	0.0234	0.0233	0.0001	0.0678	0.0593	0.0085	0.0200	0.0190	0.0010	0.0478	0.0403	0.0075	0.5087	0.3510	0.1577	0.3215	0.2602	0.0613	0.1872	0.0908	0.0964	0.0020	0.0016	0.0000	0.0036	0.0030	0.0000	0.0016	0.0009	0.0000	0.1664	0.2405	0.0014	0.1903	0.2347	0.0016	0.1253	0.2570	0.0013
53	90	0.6861	10	0	1	1	0	0	0	0	0	N	N	N	N	N	N	N	N	N	N	N	N	0.9307	0.8397	0.0471	0.7481	0.6745	0.0003	2.1091	2.3373	0.0440	0.0270	0.0309	0.0004	0.0296	0.0315	0.0000	0.0259	0.0305	0.0005	0.0290	0.0367	0.0091	0.0396	0.0467	0.0054	0.0123	0.0131	0.0113	0.0020	0.0951	-0.0020	-0.0058	8.5400	2.3559	19.3759	7.1930	0.0046	0.0046	0.0000	0.0015	0.0015	0.0000	0.0031	0.0031	0.0000	0.0156	0.0143	0.0014	0.0131	0.0128	0.0003	0.0026	0.0015	0.0010	0.1692	0.1479	0.0213	0.0510	0.0479	0.0031	0.1182	0.1000	0.0182	0.5380	0.3882	0.1498	0.3303	0.2732	0.0572	0.2077	0.1150	0.0927	0.9307	0.8397	0.0471	0.7481	0.6745	0.0003	2.1091	2.3373	0.0440	0.0290	0.0367	0.0091	0.0396	0.0467	0.0054	0.0123	0.0131	0.0113
53	91	0.6533	9	0	1	0	0	0	0	0	0	N	N	N	N	N	N	N	N	N	N	N	N	3.2853	3.0081	0.2860	0.1314	0.1184	0.2865	3.2120	2.2572	0.2812	1.6023	1.8492	0.0443	0.0389	0.0386	0.0422	2.6853	3.2500	0.0450	0.4877	0.6147	0.1550	0.2957	0.3259	0.1472	0.8360	1.4399	0.1601	0.0038	0.0963	-0.3366	-0.2765	8.5400	4.9284	19.3759	11.0439	0.7696	0.7667	0.0029	0.0076	0.0070	0.0007	0.7619	0.7597	0.0023	0.7461	0.6806	0.0655	0.2917	0.2672	0.0245	0.4545	0.4134	0.0411	0.4803	0.4146	0.0657	0.1965	0.1808	0.0157	0.2837	0.2337	0.0500	1.5299	1.1072	0.4227	0.9863	0.8201	0.1662	0.5436	0.2871	0.2565	3.2853	3.0081	0.2860	0.1314	0.1184	0.2865	3.2120	2.2572	0.2812	0.4877	0.6147	0.1550	0.2957	0.3259	0.1472	0.8360	1.4399	0.1601
53	92	0.5637	8	0	1	0	0	0	0	0	0	N	N	N	N	N	N	N	N	N	N	N	N	0.7221	0.5619	2.7055	0.0325	0.0275	0.9324	60.7374	66.1681	4.4931	0.7509	0.8549	0.0646	0.0591	0.0601	0.0415	0.9755	1.1465	0.0669	1.0400	1.5215	0.0239	1.8181	2.1851	0.0445	0.0161	0.0173	0.0149	0.0114	0.0074	-0.0784	-0.6212	8.5400	3.9161	19.3759	29.2065	0.1823	0.1802	0.0021	0.0035	0.0034	0.0001	0.1788	0.1768	0.0019	1.3775	1.3673	0.0102	1.3683	1.3625	0.0057	0.0092	0.0048	0.0044	0.2428	0.2108	0.0319	0.0595	0.0566	0.0029	0.1833	0.1542	0.0290	1.3245	0.8986	0.4259	0.7526	0.6236	0.1290	0.5719	0.2751	0.2968	0.7221	0.5619	2.7055	0.0325	0.0275	0.9324	60.7374	66.1681	4.4931	1.0400	1.5215	0.0239	1.8181	2.1851	0.0445	0.0161	0.0173	0.0149
53	93	0.5374	10	1	2	0	0	0	0	0	0	N	Y	N	N	N	N	N	N	N	N	N	N	13.2674	10.4610	0.1364	2.5143	2.3686	0.2733	544.1392	663.0804	0.0162	0.3880	0.4462	0.0002	0.1626	0.1715	0.0013	0.5231	0.6359	0.0000	0.0292	0.0427	0.0016	0.0647	0.0724	0.0049	0.0010	0.0010	0.0010	0.0001	0.0179	-0.0307	-0.0052	8.5400	2.5103	19.3759	7.4742	0.0697	0.0697	0.0000	0.0109	0.0109	0.0000	0.0587	0.0587	0.0000	0.0118	0.0116	0.0002	0.0116	0.0115	0.0001	0.0002	0.0001	0.0001	0.1796	0.1561	0.0235	0.0673	0.0638	0.0035	0.1123	0.0924	0.0199	0.4042	0.2722	0.1320	0.1795	0.1588	0.0206	0.2248	0.1134	0.1114	13.2674	10.4610	0.1364	2.5143	2.3686	0.2733	544.1392	663.0804	0.0162	0.0292	0.0427	0.0016	0.0647	0.0724	0.0049	0.0010	0.0010	0.0010
53	94	0.5012	9	0	2	0	0	0	0	0	0	N	Y	N	N	N	N	N	N	N	N	N	N	12.6039	10.0812	18.4265	14.5273	12.2248	1037.5469	11.6587	8.4498	2.3804	0.3605	0.3919	0.1380	0.4440	0.4187	1.0060	0.3173	0.3760	0.0204	0.0286	0.0389	0.0075	0.0306	0.0342	0.0010	0.0272	0.0445	0.0086	0.0496	0.0937	-0.0754	-0.0044	8.5400	7.1305	19.3759	3.2426	0.1914	0.1824	0.0090	0.0804	0.0726	0.0079	0.1110	0.1098	0.0012	0.0119	0.0109	0.0010	0.0053	0.0053	0.0000	0.0066	0.0056	0.0010	0.5309	0.4654	0.0656	0.1812	0.1734	0.0078	0.3497	0.2920	0.0577	0.4162	0.2800	0.1362	0.1728	0.1536	0.0191	0.2434	0.1264	0.1171	12.6039	10.0812	18.4265	14.5273	12.2248	1037.5469	11.6587	8.4498	2.3804	0.0286	0.0389	0.0075	0.0306	0.0342	0.0010	0.0272	0.0445	0.0086
53	95	0.6377	10	1	2	0	0	0	0	0	0	N	Y	N	N	N	N	N	N	N	N	N	N	1.3306	0.0081	34863.3151	0.0292	0.0189	537.9886	40.4992	0.0000	51020.6166	1.8261	0.0159	14.4740	0.0646	0.0507	0.3165	2.5464	0.0000	16.4215	1.3724	1.9803	0.0004	2.2104	2.6836	0.0006	0.0629	0.1283	0.0003	129.8966	0.0001	0.5231	-0.7860	8.5400	8.0000	19.3759	22.5660	0.9490	0.0073	0.9417	0.0097	0.0073	0.0025	0.9393	0.0000	0.9393	1.7152	1.7151	0.0002	1.6845	1.6845	0.0001	0.0307	0.0306	0.0001	0.5197	0.4546	0.0651	0.1508	0.1429	0.0079	0.3689	0.3117	0.0572	1.2498	0.8661	0.3837	0.7621	0.6277	0.1344	0.4877	0.2384	0.2493	1.3306	0.0081	34863.3151	0.0292	0.0189	537.9886	40.4992	0.0000	51020.6166	1.3724	1.9803	0.0004	2.2104	2.6836	0.0006	0.0629	0.1283	0.0003
53	96	0.5637	8	0	1	0	0	0	0	0	0	N	N	N	N	N	N	N	N	N	N	N	N	38.6362	40.5605	0.0014	592.0053	691.3293	0.0000	8.8606	6.7906	0.0011	3.8259	4.3998	0.0001	9.9937	10.5111	0.0000	1.8418	2.1837	0.0001	0.0990	0.1085	0.0791	0.0169	0.0152	0.0249	0.2079	0.3216	0.1029	0.0000	0.3462	-1.2067	-0.0249	8.5400	11.9964	19.3759	18.8414	2.7356	2.7356	0.0000	1.7392	1.7392	0.0000	0.9964	0.9964	0.0000	0.1238	0.0919	0.0318	0.0120	0.0090	0.0031	0.1118	0.0830	0.0288	0.7150	0.6217	0.0933	0.1740	0.1655	0.0086	0.5410	0.4563	0.0847	1.2500	0.8476	0.4024	0.7124	0.5896	0.1228	0.5376	0.2580	0.2796	38.6362	40.5605	0.0014	592.0053	691.3293	0.0000	8.8606	6.7906	0.0011	0.0990	0.1085	0.0791	0.0169	0.0152	0.0249	0.2079	0.3216	0.1029
53	98	0.6682	12	1	2	1	0	0	0	0	0	N	Y	N	N	N	N	N	N	N	N	N	N	7.3518	6.1347	0.0000	12.1977	10.5591	0.0000	0.0003	0.0002	0.0000	10.6946	12.7489	0.0000	28.8881	30.1506	0.0000	0.0000	0.0000	0.0000	1.4547	2.0782	0.0673	2.3683	2.8554	0.1715	0.1153	0.2184	0.0117	0.0000	0.0145	-0.3942	-0.4525	8.5400	0.9502	19.3759	16.1595	0.8938	0.8938	0.0000	0.8937	0.8937	0.0000	0.0000	0.0000	0.0000	1.0190	1.0044	0.0146	0.9862	0.9732	0.0130	0.0328	0.0311	0.0017	0.0836	0.0701	0.0135	0.0309	0.0296	0.0013	0.0526	0.0405	0.0122	0.7005	0.4833	0.2172	0.4164	0.3408	0.0756	0.2841	0.1424	0.1416	7.3518	6.1347	0.0000	12.1977	10.5591	0.0000	0.0003	0.0002	0.0000	1.4547	2.0782	0.0673	2.3683	2.8554	0.1715	0.1153	0.2184	0.0117
53	99	0.5637	8	0	2	0	0	0	0	0	0	N	Y	N	N	N	N	N	N	N	N	N	N	6.0782	5.3373	0.0000	15.9263	14.0174	0.0000	0.0002	0.0112	0.0000	2.4316	2.7963	0.0000	9.9903	10.5076	0.0000	0.0000	0.0000	0.0000	0.4000	0.5239	0.1399	0.6273	0.7496	0.0464	0.0957	0.0020	0.1816	0.0000	0.1271	-0.7669	-0.1581	8.5400	11.9964	19.3759	15.6499	1.7386	1.7386	0.0000	1.7386	1.7386	0.0000	0.0000	0.0000	0.0000	0.4575	0.4059	0.0516	0.4107	0.4055	0.0053	0.0468	0.0005	0.0463	0.7150	0.6217	0.0933	0.1740	0.1655	0.0086	0.5410	0.4563	0.0847	1.1436	0.7748	0.3689	0.6548	0.5409	0.1139	0.4888	0.2339	0.2550	6.0782	5.3373	0.0000	15.9263	14.0174	0.0000	0.0002	0.0112	0.0000	0.4000	0.5239	0.1399	0.6273	0.7496	0.0464	0.0957	0.0020	0.1816
53	100	0.6712	13	1	1	1	0	0	0	0	0	N	N	N	N	N	N	N	N	N	N	N	N	0.1861	1.9813	0.0279	4.5446	4.0491	0.7507	0.0066	0.0246	0.0209	0.2237	0.2414	0.0991	0.6389	0.6756	0.0167	0.0182	0.0003	0.1134	1.2022	0.1218	3.5573	0.1406	0.1668	0.0223	2.7705	0.0106	5.4155	0.0583	13.3938	-0.0059	0.3546	8.5400	1.0008	19.3759	13.9255	0.0152	0.0144	0.0008	0.0144	0.0144	0.0000	0.0008	0.0000	0.0008	0.7510	0.0522	0.6988	0.0524	0.0509	0.0015	0.6986	0.0013	0.6973	0.0681	0.0596	0.0085	0.0225	0.0213	0.0013	0.0455	0.0383	0.0072	0.6247	0.4282	0.1964	0.3725	0.3048	0.0677	0.2522	0.1234	0.1288	0.1861	1.9813	0.0279	4.5446	4.0491	0.7507	0.0066	0.0246	0.0209	1.2022	0.1218	3.5573	0.1406	0.1668	0.0223	2.7705	0.0106	5.4155
53	101	0.6682	12	1	1	1	0	0	0	0	0	N	N	N	N	N	N	N	N	N	N	N	N	9.4866	0.3300	19.1604	0.3896	0.3931	2.5441	18.5594	0.0186	18.8750	2.1085	0.0468	7.9381	0.0885	0.0732	0.9950	3.9665	0.0004	8.1561	0.2223	0.1419	0.4143	0.2270	0.1861	0.3911	0.2137	0.0229	0.4321	59.9737	1.2229	0.0265	0.0037	8.5400	0.0532	19.3759	2.0467	0.0488	0.0008	0.0480	0.0010	0.0008	0.0002	0.0478	0.0000	0.0478	0.0400	0.0180	0.0220	0.0262	0.0172	0.0090	0.0138	0.0008	0.0130	0.0231	0.0171	0.0060	0.0111	0.0109	0.0002	0.0121	0.0062	0.0059	0.1801	0.1269	0.0531	0.1156	0.0925	0.0231	0.0645	0.0344	0.0301	9.4866	0.3300	19.1604	0.3896	0.3931	2.5441	18.5594	0.0186	18.8750	0.2223	0.1419	0.4143	0.2270	0.1861	0.3911	0.2137	0.0229	0.4321
53	102	0.6585	11	1	1	1	0	0	0	0	0	N	N	N	N	N	N	N	N	N	N	N	N	3.8159	3.0408	8.1217	4.7051	5.6680	0.3110	3.9101	0.0076	9.8081	0.5726	0.3320	2.0146	0.8186	0.8556	0.0853	0.4404	0.0001	2.2707	0.1500	0.1092	0.2481	0.1740	0.1509	0.2742	0.1126	0.0107	0.2315	1.0119	0.9467	0.0057	0.0013	8.5400	2.0948	19.3759	3.0326	0.0917	0.0456	0.0461	0.0458	0.0456	0.0002	0.0459	0.0000	0.0459	0.0456	0.0234	0.0222	0.0323	0.0228	0.0095	0.0134	0.0007	0.0127	0.1602	0.1373	0.0229	0.0560	0.0533	0.0027	0.1042	0.0840	0.0202	0.3042	0.2147	0.0895	0.1855	0.1508	0.0347	0.1187	0.0639	0.0548	3.8159	3.0408	8.1217	4.7051	5.6680	0.3110	3.9101	0.0076	9.8081	0.1500	0.1092	0.2481	0.1740	0.1509	0.2742	0.1126	0.0107	0.2315
53	103	0.6377	10	1	1	1	0	0	0	0	0	N	N	N	N	N	N	N	N	N	N	N	N	55.5678	1.0453	25436.8591	1.4275	0.9268	1924.8379	366.7697	3.4997	19667.3979	3.4958	0.0949	27.1815	0.1303	0.1049	0.5922	4.8829	0.0903	30.8539	0.0629	0.0908	0.0011	0.0913	0.1131	0.0003	0.0133	0.0258	0.0016	41.1214	0.0053	0.4896	-0.0128	8.5400	3.9484	19.3759	4.8420	0.9149	0.0217	0.8932	0.0100	0.0076	0.0024	0.9049	0.0141	0.8908	0.0283	0.0281	0.0001	0.0261	0.0261	0.0000	0.0022	0.0020	0.0001	0.2617	0.2289	0.0329	0.0764	0.0724	0.0040	0.1853	0.1565	0.0289	0.4497	0.3099	0.1398	0.2861	0.2307	0.0554	0.1636	0.0793	0.0843	55.5678	1.0453	25436.8591	1.4275	0.9268	1924.8379	366.7697	3.4997	19667.3979	0.0629	0.0908	0.0011	0.0913	0.1131	0.0003	0.0133	0.0258	0.0016
53	104	0.5960	9	0	2	0	0	0	0	0	0	N	Y	N	N	N	N	N	N	N	N	N	N	0.0119	0.0164	0.0000	0.0456	0.0450	0.0009	0.0000	0.0000	0.0000	0.0180	0.0204	0.0001	0.0573	0.0604	0.0007	0.0000	0.0000	0.0000	1.5124	1.2420	2.0973	1.2565	1.3419	0.8156	1.8314	1.0303	2.6079	0.0007	0.7805	-0.0051	-0.0535	8.5400	8.9557	19.3759	32.3127	0.0116	0.0116	0.0000	0.0116	0.0116	0.0000	0.0000	0.0000	0.0000	2.6719	1.5006	1.1712	1.2315	1.1018	0.1297	1.4403	0.3988	1.0415	0.6468	0.5689	0.0779	0.2027	0.1920	0.0107	0.4440	0.3768	0.0672	1.7666	1.2082	0.5584	0.9802	0.8211	0.1591	0.7865	0.3871	0.3994	0.0119	0.0164	0.0000	0.0456	0.0450	0.0009	0.0000	0.0000	0.0000	1.5124	1.2420	2.0973	1.2565	1.3419	0.8156	1.8314	1.0303	2.6079
53	105	0.6215	10	0	1	1	0	0	0	0	0	N	N	N	N	N	N	N	N	N	N	N	N	0.0004	0.0018	0.0004	0.0032	0.0042	0.0000	0.0001	0.0000	0.0003	0.0001	0.0000	0.0002	0.0001	0.0002	0.0000	0.0000	0.0000	0.0002	0.1564	0.0272	0.4393	0.0457	0.0365	0.0954	0.3024	0.0057	0.5752	0.5726	7.3639	-0.0000	0.0394	8.5400	4.2679	19.3759	7.8415	0.0000	0.0000	0.0000	0.0000	0.0000	0.0000	0.0000	0.0000	0.0000	0.0935	0.0112	0.0823	0.0155	0.0105	0.0051	0.0779	0.0007	0.0772	0.3155	0.2729	0.0426	0.0918	0.0881	0.0037	0.2237	0.1848	0.0389	0.5977	0.4104	0.1873	0.3400	0.2869	0.0530	0.2577	0.1234	0.1342	0.0004	0.0018	0.0004	0.0032	0.0042	0.0000	0.0001	0.0000	0.0003	0.1564	0.0272	0.4393	0.0457	0.0365	0.0954	0.3024	0.0057	0.5752
53	106	0.5960	9	0	1	0	0	0	0	0	0	N	N	N	N	N	N	N	N	N	N	N	N	0.0333	0.0261	0.0114	0.0482	0.0426	0.0148	0.0011	0.0001	0.0179	0.0224	0.0250	0.0005	0.0533	0.0563	0.0016	0.0000	0.0000	0.0002	0.6718	0.9575	0.0434	1.1073	1.3232	0.1070	0.0292	0.0485	0.0108	0.0024	0.0206	-0.0020	-0.2133	8.5400	1.9301	19.3759	9.0954	0.0047	0.0047	0.0000	0.0047	0.0047	0.0000	0.0000	0.0000	0.0000	0.4867	0.4769	0.0098	0.4782	0.4700	0.0082	0.0085	0.0069	0.0016	0.2086	0.1864	0.0222	0.0875	0.0827	0.0048	0.1211	0.1037	0.0173	0.7245	0.4981	0.2265	0.4318	0.3552	0.0767	0.2927	0.1429	0.1498	0.0333	0.0261	0.0114	0.0482	0.0426	0.0148	0.0011	0.0001	0.0179	0.6718	0.9575	0.0434	1.1073	1.3232	0.1070	0.0292	0.0485	0.0108
53	107	0.5637	8	0	1	0	0	0	0	0	0	N	N	N	N	N	N	N	N	N	N	N	N	1.4680	1.2175	0.0449	3.6348	3.2720	0.2234	0.0134	0.0312	0.0000	4.0017	4.6042	0.0256	16.3203	17.1499	0.2796	0.0021	0.0025	0.0000	2.7259	3.7818	0.5707	4.4901	5.2414	1.2515	0.1545	0.0790	0.2206	0.0008	0.0739	-0.4265	-0.6774	8.5400	3.9049	19.3759	9.6098	0.9688	0.9680	0.0008	0.9684	0.9676	0.0008	0.0004	0.0004	0.0000	1.7391	1.6193	0.1197	1.6990	1.6098	0.0892	0.0401	0.0096	0.0306	0.2421	0.2102	0.0319	0.0593	0.0564	0.0029	0.1828	0.1538	0.0289	0.6380	0.4282	0.2098	0.3784	0.3071	0.0713	0.2596	0.1211	0.1385	1.4680	1.2175	0.0449	3.6348	3.2720	0.2234	0.0134	0.0312	0.0000	2.7259	3.7818	0.5707	4.4901	5.2414	1.2515	0.1545	0.0790	0.2206
53	108	0.5849	10	0	2	0	0	0	0	0	0	N	Y	N	N	N	N	N	N	N	N	N	N	301.4615	386.3472	0.2932	580.0810	559.0923	0.0013	196.8584	36008.4888	0.2738	5.2029	5.9974	0.0062	11.9109	12.6200	0.0000	2.5816	3.0811	0.0070	0.0173	0.0155	0.0212	0.0205	0.0226	0.0089	0.0131	0.0001	0.0257	0.0002	0.6066	-1.2115	-0.0018	8.5400	8.0392	19.3759	22.6195	2.7475	2.7470	0.0004	1.7672	1.7672	0.0000	0.9802	0.9798	0.0004	0.0221	0.0138	0.0084	0.0147	0.0137	0.0010	0.0074	0.0000	0.0074	0.5281	0.4580	0.0700	0.1484	0.1400	0.0083	0.3797	0.3180	0.0617	1.2820	0.8872	0.3948	0.7162	0.6091	0.1071	0.5658	0.2781	0.2877	301.4615	386.3472	0.2932	580.0810	559.0923	0.0013	196.8584	36008.4888	0.2738	0.0173	0.0155	0.0212	0.0205	0.0226	0.0089	0.0131	0.0001	0.0257
53	109	0.5849	9	0	1	0	0	0	0	0	0	N	N	N	N	N	N	N	N	N	N	N	N	12.5259	9.4752	21.9379	18.2002	16.4080	30.3931	6.7797	0.1347	29.0925	0.4273	0.2637	1.1448	0.7995	0.5066	3.9095	0.1080	0.0025	0.3916	0.0341	0.0278	0.0522	0.0439	0.0309	0.1286	0.0159	0.0183	0.0135	0.9899	0.6519	0.0009	-0.0005	8.5400	0.2031	19.3759	2.0398	0.0162	0.0081	0.0080	0.0140	0.0081	0.0059	0.0022	0.0000	0.0022	0.0075	0.0045	0.0030	0.0063	0.0038	0.0025	0.0012	0.0007	0.0005	0.0379	0.0308	0.0070	0.0175	0.0160	0.0015	0.0204	0.0149	0.0055	0.2203	0.1634	0.0568	0.1430	0.1239	0.0191	0.0772	0.0395	0.0377	12.5259	9.4752	21.9379	18.2002	16.4080	30.3931	6.7797	0.1347	29.0925	0.0341	0.0278	0.0522	0.0439	0.0309	0.1286	0.0159	0.0183	0.0135
53	110	0.5986	11	1	1	1	0	0	0	0	0	N	N	N	N	N	N	N	N	N	N	N	N	0.0000	0.0000	0.0000	0.0000	0.0000	0.0000	0.0000	0.0000	0.0000	0.0000	0.0000	0.0000	0.0000	0.0000	0.0000	0.0000	0.0001	0.0000	0.0000	0.0000	0.0000	0.0001	0.0002	0.0000	0.0000	-0.0000	-0.0000	8.5400	0.0001	19.3759	0.0001	0.0000	0.0000	0.0000	0.0000	0.0000	0.0000	0.0000	0.0000	0.0000	0.0000	0.0000	0.0000	0.0000	0.0000	0.0000	0.0000	0.0000	0.0000	0.0059	0.0046	0.0012	0.0029	0.0029	0.0000	0.0029	0.0017	0.0012	0.0002	0.0001	0.0000	0.0001	0.0001	0.0000	0.0001	0.0000	0.0000	0.0000	0.0000	0.0000	0.0000	0.0000	0.0000	0.0000	0.0000	0.0000	0.0000	0.0001	0.0000	0.0000	0.0000	0.0000	0.0001	0.0002	0.0000				
53	111	0.5847	10	1	1	1	0	0	0	0	0	N	N	N	N	N	N	N	N	N	N	N	N	335.7850	322.3696	0.0140	1665.4260	1524.0588	4.1651	0.0090	0.0077	0.0000	1.4023	1.6207	0.0000	4.5165	4.7163	0.0003	0.0000	0.0001	0.0000	0.0042	0.0050	0.0023	0.0027	0.0031	0.0001	0.0054	0.0077	0.0028	0.0000	0.2146	-0.0709	-0.0002	8.5400	1.6718	19.3759	2.9223	0.1608	0.1608	0.0000	0.1608	0.1608	0.0000	0.0000	0.0000	0.0000	0.0008	0.0007	0.0001	0.0002	0.0002	0.0000	0.0006	0.0004	0.0001	0.1146	0.0992	0.0155	0.0356	0.0341	0.0015	0.0791	0.0651	0.0139	0.1961	0.1341	0.0620	0.0887	0.0774	0.0113	0.1074	0.0567	0.0507	335.7850	322.3696	0.0140	1665.4260	1524.0588	4.1651	0.0090	0.0077	0.0000	0.0042	0.0050	0.0023	0.0027	0.0031	0.0001	0.0054	0.0077	0.0028
53	112	0.5012	9	1	1	1	0	0	0	0	0	N	N	N	N	N	N	N	N	N	N	N	N	12.6650	27.0746	4.1474	94.2019	81.4204	1471.7667	0.2044	0.2618	0.4584	1.4202	1.4930	0.9277	4.6113	4.4810	7.1513	0.0316	0.0145	0.1195	0.1121	0.0551	0.2237	0.0490	0.0550	0.0049	0.1548	0.0553	0.2607	0.0918	2.0726	-0.4373	0.0176	8.5400	14.0283	19.3759	7.1084	1.2249	1.1219	0.1030	1.2059	1.1146	0.0913	0.0190	0.0073	0.0117	0.0815	0.0265	0.0549	0.0143	0.0142	0.0002	0.0671	0.0123	0.0548	0.8625	0.7514	0.1110	0.2615	0.2487	0.0128	0.6010	0.5027	0.0983	0.7265	0.4808	0.2457	0.2930	0.2574	0.0355	0.4335	0.2233	0.2101	12.6650	27.0746	4.1474	94.2019	81.4204	1471.7667	0.2044	0.2618	0.4584	0.1121	0.0551	0.2237	0.0490	0.0550	0.0049	0.1548	0.0553	0.2607
53	113	0.4409	8	0	1	0	0	0	0	0	0	N	N	N	N	N	N	N	N	N	N	N	N	47.8037	38.3863	93.5414	25.7609	21.2109	1563.2390	464.4739	715.1602	46.8009	0.8799	0.9861	0.1753	0.8277	0.8251	0.9058	0.9024	1.0674	0.1156	0.0184	0.0257	0.0019	0.0321	0.0389	0.0006	0.0019	0.0015	0.0025	0.0268	0.0321	-0.2711	-0.0093	8.5400	8.6129	19.3759	5.1709	0.6532	0.6362	0.0171	0.1851	0.1784	0.0067	0.4681	0.4578	0.0104	0.0217	0.0210	0.0007	0.0207	0.0206	0.0001	0.0010	0.0004	0.0006	0.7424	0.6451	0.0973	0.2236	0.2163	0.0074	0.5188	0.4289	0.0900	1.1790	0.8184	0.3606	0.6430	0.5294	0.1136	0.5360	0.2890	0.2470	47.8037	38.3863	93.5414	25.7609	21.2109	1563.2390	464.4739	715.1602	46.8009	0.0184	0.0257	0.0019	0.0321	0.0389	0.0006	0.0019	0.0015	0.0025
53	114	0.3458	7	0	1	0	0	0	0	0	0	N	N	N	N	N	N	N	N	N	N	N	N	1.2465	1.1220	1.0457	1.5451	1.4330	0.5990	1.1878	0.9930	0.9572	1.8151	1.9873	0.8671	2.3744	2.4667	0.0639	1.6562	1.8263	0.9140	1.4562	1.7712	0.8291	1.5367	1.7213	0.1066	1.3944	1.8393	0.9549	0.0792	0.2352	-0.7622	-0.8415	8.5400	16.8607	19.3759	22.7724	2.0730	1.9208	0.1522	0.5998	0.5992	0.0006	1.4732	1.3216	0.1516	3.1404	2.5424	0.5980	1.4377	1.4263	0.0114	1.7028	1.1162	0.5866	1.1421	0.9665	0.1755	0.2526	0.2429	0.0097	0.8895	0.7236	0.1658	2.1567	1.4354	0.7212	0.9355	0.8286	0.1069	1.2211	0.6069	0.6143	1.2465	1.1220	1.0457	1.5451	1.4330	0.5990	1.1878	0.9930	0.9572	1.4562	1.7712	0.8291	1.5367	1.7213	0.1066	1.3944	1.8393	0.9549
53	115	0.6439	10	1	1	1	0	0	0	0	0	N	N	N	N	N	N	N	N	N	N	N	N	0.0000	0.0000	0.0000	0.0000	0.0000	0.0000	0.0000	0.0000	0.0000	0.0000	0.0000	0.0000	0.0000	0.0000	0.0000	0.0000	0.0000	0.0000	0.1556	0.2184	0.0000	0.0365	0.0468	0.0000	0.3845	0.6572	0.0000	0.0000	0.0000	-0.0330	8.5400	1.0009	19.3759	4.0038	0.0000	0.0000	0.0000	0.0000	0.0000	0.0000	0.0000	0.0000	0.0000	0.0720	0.0720	0.0000	0.0111	0.0111	0.0000	0.0609	0.0609	0.0000	0.0733	0.0630	0.0102	0.0216	0.0205	0.0010	0.0517	0.0425	0.0092	0.4625	0.3295	0.1330	0.3042	0.2369	0.0673	0.1584	0.0926	0.0657	0.0000	0.0000	0.0000	0.0000	0.0000	0.0000	0.0000	0.0000	0.0000	0.1556	0.2184	0.0000	0.0365	0.0468	0.0000	0.3845	0.6572	0.0000	
53	116	0.6156	9	1	1	1	0	0	0	0	0	N	N	N	N	N	N	N	N	N	N	N	N	0.1104	0.0095	11.2903	0.0109	0.0091	0.1861	5.0881	2.0980	15.7196	0.0981	0.0118	0.7121	0.0161	0.0161	0.0160	0.1403	0.0093	0.8050	0.8885	1.2484	0.0631	1.4765	1.7675	0.0862	0.0276	0.0044	0.0512	8.4708	0.0220	0.0069	-0.2411	8.5400	1.8441	19.3759	10.4794	0.0151	0.0016	0.0135	0.0008	0.0008	0.0000	0.0143	0.0008	0.0135	0.5520	0.5402	0.0119	0.5451	0.5396	0.0055	0.0070	0.0006	0.0064	0.1544	0.1354	0.0190	0.0525	0.0503	0.0022	0.1019	0.0851	0.0168	0.6213	0.4327	0.1887	0.3692	0.3053	0.0639	0.2521	0.1274	0.1248	0.1104	0.0095	11.2903	0.0109	0.0091	0.1861	5.0881	2.0980	15.7196	0.8885	1.2484	0.0631	1.4765	1.7675	0.0862	0.0276	0.0044	0.0512
53	117	0.3276	7	0	2	0	1	0	0	0	0	N	Y	N	N	N	N	N	N	N	N	N	N	2.1292	1.8685	0.0108	2.4543	2.3495	0.0052	8.5005	35.6539	0.0135	0.9385	1.0854	0.0015	1.9438	2.0402	0.0013	0.5932	0.7110	0.0015	0.4407	0.5809	0.1414	0.7920	0.8683	0.2489	0.0698	0.0199	0.1148	0.0002	0.1140	-0.3408	-0.3752	8.5400	10.5071	19.3759	20.2622	0.7731	0.7729	0.0002	0.4093	0.4093	0.0000	0.3638	0.3636	0.0002	1.0538	0.9460	0.1078	0.9726	0.9349	0.0377	0.0811	0.0110	0.0701	0.8238	0.7121	0.1117	0.2106	0.2006	0.0100	0.6132	0.5115	0.1017	2.3909	1.6284	0.7624	1.2281	1.0767	0.1514	1.1628	0.5517	0.6111	2.1292	1.8685	0.0108	2.4543	2.3495	0.0052	8.5005	35.6539	0.0135	0.4407	0.5809	0.1414	0.7920	0.8683	0.2489	0.0698	0.0199	0.1148
53	118	0.5637	8	0	2	0	1	0	0	0	0	N	Y	N	N	N	N	N	N	N	N	N	N	4.3792	0.0188	11.5101	1723.3144	0.0000	35908.9270	0.0010	0.0084	0.0001	3.9234	0.0017	29.8091	16.0030	0.0000	325.3816	0.0020	0.0024	0.0003	0.8959	0.0915	2.5898	0.0093	0.0093	0.0091	2.0722	0.2796	3.7256	2624.1088	13.4358	0.5425	0.5235	8.5400	4.0036	19.3759	26.5072	0.9713	0.0004	0.9709	0.9709	0.0000	0.9709	0.0004	0.0004	0.0000	1.1083	0.0768	1.0316	0.0066	0.0054	0.0011	1.1018	0.0713	1.0304	0.2476	0.2150	0.0326	0.0607	0.0577	0.0030	0.1869	0.1573	0.0296	1.2371	0.8388	0.3983	0.7054	0.5837	0.1217	0.5317	0.2551	0.2766	4.3792	0.0188	11.5101	1723.3144	0.0000	35908.9270	0.0010	0.0084	0.0001	0.8959	0.0915	2.5898	0.0093	0.0093	0.0091	2.0722	0.2796	3.7256
53	119	0.6022	9	0	2	0	0	0	0	0	0	N	Y	N	N	N	N	N	N	N	N	N	N	0.4979	0.3705	1.3602	0.8161	0.6939	0.2299	0.2780	0.0008	0.9835	0.0904	0.0704	0.2209	0.1501	0.1557	0.0009	0.0495	0.0001	0.2483	0.1816	0.1901	0.1624	0.1839	0.2244	0.0040	0.1780	0.1045	0.2525	0.4802	0.3786	-0.0038	-0.0403	8.5400	3.8169	19.3759	21.2433	0.0325	0.0220	0.0106	0.0220	0.0220	0.0000	0.0106	0.0000	0.0105	0.2192	0.1590	0.0602	0.1346	0.1340	0.0005	0.0847	0.0250	0.0597	0.3598	0.3120	0.0478	0.1463	0.1411	0.0053	0.2134	0.1710	0.0425	1.2074	0.8367	0.3707	0.7317	0.5973	0.1343	0.4758	0.2394	0.2364	0.4979	0.3705	1.3602	0.8161	0.6939	0.2299	0.2780	0.0008	0.9835	0.1816	0.1901	0.1624	0.1839	0.2244	0.0040	0.1780	0.1045	0.2525
53	120	0.2143	5	0	2	0	0	0	0	0	0	N	Y	N	N	N	N	N	N	N	N	N	N	1.2156	2.0880	1.1945	2.8752	2.8756	1.9528	0.8840	1.4865	1.1362	1.6334	1.3458	3.0912	1.2241	1.2528	0.6454	1.7402	1.3746	3.2456	1.3437	0.6445	2.5879	0.4257	0.4357	0.3305	1.9687	0.9247	2.8565	0.4531	2.2564	-0.2694	1.1238	8.5400	16.3276	19.3759	34.9199	2.0834	1.4337	0.6496	0.3232	0.3151	0.0081	1.7602	1.1186	0.6416	4.7914	1.4714	3.3200	0.6148	0.5698	0.0451	4.1765	0.9016	3.2749	1.2755	1.0653	0.2102	0.2640	0.2515	0.0125	1.0115	0.8138	0.1977	3.5657	2.2828	1.2829	1.4442	1.3078	0.1364	2.1215	0.9750	1.1465	1.2156	2.0880	1.1945	2.8752	2.8756	1.9528	0.8840	1.4865	1.1362	1.3437	0.6445	2.5879	0.4257	0.4357	0.3305	1.9687	0.9247	2.8565
53	121	0.1970	4	0	2	0	0	0	0	0	0	N	Y	N	N	N	N	N	N	N	N	N	N	4.2995	6.1337	1.7071	4.5174	4.4995	0.3004	3.9406	8.5372	1.6375	2.4657	2.6872	1.4019	2.2047	2.2441	0.1108	2.5340	2.8320	1.4313	0.5735	0.4381	0.8212	0.4880	0.4988	0.3688	0.6431	0.3317	0.8741	0.1087	1.0243	-0.4580	0.0670	8.5400	6.1757	19.3759	14.5601	1.3348	1.2039	0.1308	0.2477	0.2475	0.0002	1.0870	0.9564	0.1306	1.4066	0.6949	0.7118	0.5373	0.5039	0.0334	0.8693	0.1910	0.6783	0.5413	0.4480	0.0933	0.1124	0.1103	0.0021	0.4290	0.3377	0.0912	2.4528	1.5861	0.8667	1.1010	1.0103	0.0907	1.3518	0.5758	0.7760	4.2995	6.1337	1.7071	4.5174	4.4995	0.3004	3.9406	8.5372	1.6375	0.5735	0.4381	0.8212	0.4880	0.4988	0.3688	0.6431	0.3317	0.8741
53	123	0.6377	10	0	2	0	0	0	0	0	0	N	Y	N	N	N	N	N	N	N	N	N	N	2.7974	2.2195	0.0000	5.9189	5.1362	0.0000	0.0000	0.0000	0.0000	2.9002	3.3166	0.0000	9.9375	10.4849	0.0000	0.0000	0.0000	0.0000	1.0368	1.4943	0.0056	1.6790	2.0414	0.0124	0.0134	0.0255	0.0019	0.0000	0.0017	-0.3393	-0.4772	8.5400	4.0019	19.3759	19.5615	0.7691	0.7691	0.0000	0.7691	0.7691	0.0000	0.0000	0.0000	0.0000	1.0449	1.0432	0.0017	1.0397	1.0383	0.0014	0.0052	0.0048	0.0004	0.2652	0.2319	0.0333	0.0774	0.0734	0.0040	0.1878	0.1585	0.0293	1.0078	0.6981	0.3098	0.6193	0.5086	0.1106	0.3886	0.1894	0.1992	2.7974	2.2195	0.0000	5.9189	5.1362	0.0000	0.0000	0.0000	0.0000	1.0368	1.4943	0.0056	1.6790	2.0414	0.0124	0.0134	0.0255	0.0019
53	124	0.6156	9	0	1	0	0	0	0	0	0	N	N	N	N	N	N	N	N	N	N	N	N	0.0735	0.6036	0.0000	0.1473	1.3174	0.0000	0.0000	0.0000	0.0000	0.0069	0.0079	0.0000	0.0192	0.0199	0.0000	0.0000	0.0000	0.0000	0.0940	0.0130	0.2818	0.1300	0.0151	0.6696	0.0400	0.0079	0.0735	0.0000	9.3117	-0.0003	0.0213	8.5400	1.2223	19.3759	8.2281	0.0008	0.0008	0.0000	0.0008	0.0008	0.0000	0.0000	0.0000	0.0000	0.0478	0.0046	0.0432	0.0397	0.0038	0.0359	0.0081	0.0008	0.0073	0.1134	0.0995	0.0138	0.0409	0.0393	0.0016	0.0725	0.0603	0.0122	0.5090	0.3558	0.1532	0.3053	0.2517	0.0536	0.2037	0.1041	0.0997	0.0735	0.6036	0.0000	0.1473	1.3174	0.0000	0.0000	0.0000	0.0000	0.0940	0.0130	0.2818	0.1300	0.0151	0.6696	0.0400	0.0079	0.0735
53	125	0.5637	8	0	1	0	0	0	0	0	0	N	N	N	N	N	N	N	N	N	N	N	N	24.7650	44.8401	0.0235	126.5355	119.9515	0.8636	0.0018	0.0344	0.0042	2.6421	3.0407	0.0044	10.8042	11.3618	0.0373	0.0002	0.0001	0.0011	0.1067	0.0678	0.1872	0.0854	0.0947	0.0432	0.1365	0.0024	0.2564	0.0002	1.3332	-0.4281	0.0098	8.5400	5.9920	19.3759	12.2976	0.9710	0.9708	0.0002	0.9709	0.9708	0.0002	0.0001	0.0000	0.0000	0.0870	0.0373	0.0497	0.0406	0.0369	0.0037	0.0464	0.0004	0.0460	0.3675	0.3193	0.0482	0.0899	0.0854	0.0044	0.2776	0.2338	0.0438	0.8154	0.5498	0.2656	0.4758	0.3896	0.0863	0.3396	0.1603	0.1793	24.7650	44.8401	0.0235	126.5355	119.9515	0.8636	0.0018	0.0344	0.0042	0.1067	0.0678	0.1872	0.0854	0.0947	0.0432	0.1365	0.0024	0.2564
53	126	0.6009	10	0	2	0	0	0	0	0	0	N	Y	N	N	N	N	N	N	N	N	N	N	2.0790	98.6578	0.0001	174.2613	207.9404	0.0000	0.0025	8.0868	0.0001	2.1526	2.4869	0.0002	6.9651	7.4531	0.0000	0.0058	0.0070	0.0002	1.0354	0.0252	3.3608	0.0400	0.0358	0.0636	2.3549	0.0009	4.6428	0.0000	57.9197	-0.3338	0.5454	8.5400	5.0407	19.3759	17.1705	0.7567	0.7566	0.0000	0.7552	0.7552	0.0000	0.0014	0.0014	0.0000	1.0395	0.0176	1.0219	0.0229	0.0175	0.0054	1.0167	0.0002	1.0165	0.3515	0.3042	0.0473	0.1084	0.1013	0.0071	0.2431	0.2029	0.0402	1.0040	0.6999	0.3041	0.5723	0.4871	0.0851	0.4317	0.2128	0.2189	2.0790	98.6578	0.0001	174.2613	207.9404	0.0000	0.0025	8.0868	0.0001	1.0354	0.0252	3.3608	0.0400	0.0358	0.0636	2.3549	0.0009	4.6428
53	127	0.5849	9	0	2	0	0	0	0	0	0	N	Y	N	N	N	N	N	N	N	N	N	N	2.3098	1.5294	7.5713	15.0703	14.5516	30.1538	0.1993	0.0022	2.6931	0.1330	0.0936	0.3681	0.3748	0.2703	1.8882	0.0210	0.0004	0.1153	0.0576	0.0612	0.0486	0.0249	0.0186	0.0626	0.1055	0.1694	0.0428	0.6580	0.3238	-0.0009	-0.0057	8.5400	1.9703	19.3759	6.2034	0.0202	0.0122	0.0080	0.0180	0.0121	0.0059	0.0022	0.0000	0.0021	0.0266	0.0201	0.0065	0.0068	0.0044	0.0025	0.0198	0.0157	0.0041	0.1516	0.1299	0.0217	0.0480	0.0449	0.0031	0.1036	0.0850	0.0186	0.4626	0.3286	0.1340	0.2751	0.2358	0.0393	0.1875	0.0929	0.0946	2.3098	1.5294	7.5713	15.0703	14.5516	30.1538	0.1993	0.0022	2.6931	0.0576	0.0612	0.0486	0.0249	0.0186	0.0626	0.1055	0.1694	0.0428
53	128	0.5637	8	0	1	0	0	0	0	0	0	N	N	N	N	N	N	N	N	N	N	N	N	1.4492	7.7213	0.0054	19.3440	21.1848	0.0000	0.0034	0.3597	0.0040	0.1168	0.1344	0.0011	0.4705	0.4945	0.0000	0.0006	0.0004	0.0012	0.0806	0.0174	0.2063	0.0243	0.0233	0.0282	0.1682	0.0012	0.3086	0.0013	5.9549	-0.0036	0.0148	8.5400	1.1032	19.3759	7.8190	0.0082	0.0081	0.0000	0.0081	0.0081	0.0000	0.0000	0.0000	0.0000	0.0371	0.0053	0.0318	0.0068	0.0052	0.0016	0.0303	0.0001	0.0302	0.0698	0.0606	0.0092	0.0173	0.0164	0.0008	0.0525	0.0441	0.0084	0.4606	0.3066	0.1541	0.2805	0.2243	0.0562	0.1801	0.0823	0.0979	1.4492	7.7213	0.0054	19.3440	21.1848	0.0000	0.0034	0.3597	0.0040	0.0806	0.0174	0.2063	0.0243	0.0233	0.0282	0.1682	0.0012	0.3086
53	129	0.2793	6	0	2	0	0	0	0	0	0	N	Y	N	N	N	N	N	N	N	N	N	N	2.1042	0.0000	84.5617	0.0001	0.0000	0.0095	8.7552	0.0000	113.9809	0.0029	0.0000	0.0270	0.0000	0.0000	0.0000	0.0058	0.0000	0.0350	0.0014	0.0018	0.0003	0.0020	0.0022	0.0004	0.0007	0.0011	0.0003	inf	0.0721	0.0004	-0.0003	8.5400	1.0033	19.3759	0.8635	0.0006	0.0000	0.0006	0.0000	0.0000	0.0000	0.0006	0.0000	0.0006	0.0008	0.0008	0.0001	0.0006	0.0006	0.0000	0.0002	0.0001	0.0000	0.2198	0.1963	0.0235	0.1106	0.1053	0.0054	0.1092	0.0910	0.0181	0.6005	0.4269	0.1737	0.3078	0.2893	0.0185	0.2927	0.1376	0.1552	2.1042	0.0000	84.5617	0.0001	0.0000	0.0095	8.7552	0.0000	113.9809	0.0014	0.0018	0.0003	0.0020	0.0022	0.0004	0.0007	0.0011	0.0003
53	130	0.2500	5	0	1	0	0	0	0	0	0	N	N	N	N	N	N	N	N	N	N	N	N	11.1702	10.9805	19.3257	19.1692	13.8464	119.5026	8.3823	39.8237	12.7280	2.8426	1.8972	8.0254	5.1253	3.3944	55.2283	2.0300	1.2553	5.1816	0.2545	0.1728	0.4153	0.2674	0.2452	0.4622	0.2422	0.0315	0.4071	0.7717	1.2214	-0.0083	0.0461	8.5400	5.5514	19.3759	9.9598	1.5022	0.8479	0.6543	0.7111	0.4552	0.2559	0.7911	0.3927	0.3984	0.5044	0.2271	0.2773	0.2589	0.2130	0.0458	0.2456	0.0140	0.2315	0.5285	0.4469	0.0815	0.1387	0.1341	0.0046	0.3897	0.3128	0.0769	1.9822	1.3143	0.6679	0.9682	0.8690	0.0991	1.0140	0.4453	0.5687	11.1702	10.9805	19.3257	19.1692	13.8464	119.5026	8.3823	39.8237	12.7280	0.2545	0.1728	0.4153	0.2674	0.2452	0.4622	0.2422	0.0315	0.4071
53	132	0.6606	12	1	2	0	1	0	0	0	0	N	Y	N	N	N	N	N	N	N	N	N	N	0.0000	0.0000	0.0000	0.0000	0.0000	0.0000	0.0000	0.0000	0.0000	0.0000	0.0000	0.0000	0.0000	0.0000	0.0000	0.0000	0.0000	0.0008	0.0012	0.0000	0.0014	0.0017	0.0000	0.0000	0.0000	0.0000	0.0010	0.0000	-0.0001	8.5400	1.0000	19.3759	3.0001	0.0000	0.0000	0.0000	0.0000	0.0000	0.0000	0.0000	0.0000	0.0000	0.0001	0.0001	0.0000	0.0001	0.0001	0.0000	0.0000	0.0000	0.0000	0.0663	0.0576	0.0087	0.0185	0.0173	0.0013	0.0478	0.0403	0.0075	0.1590	0.1071	0.0519	0.0915	0.0753	0.0162	0.0675	0.0318	0.0357	0.0000	0.0000	0.0000	0.0000	0.0000	0.0000	0.0000	0.0000	0.0000	0.0008	0.0012	0.0000	0.0014	0.0017	0.0000	0.0000	0.0000	0.0000		
53	133	0.4927	12	1	2	0	1	0	0	0	0	N	Y	N	N	N	N	N	N	N	N	N	N	0.0000	0.0000	0.0000	0.0000	0.0000	0.0000	0.0000	0.0000	0.0000	0.0000	0.0000	0.0000	0.0000	0.0000	0.0000	0.0000	0.0000	3.7751	7.1243	0.0000	18.9578	18.5955	0.0000	0.0000	0.0001	0.0000	0.0000	0.0000	-0.1850	8.5400	0.0006	19.3759	1.9797	0.0000	0.0000	0.0000	0.0000	0.0000	0.0000	0.0000	0.0000	0.0000	0.4036	0.4036	0.0000	0.4036	0.4036	0.0000	0.0000	0.0000	0.0000	0.0001	0.0000	0.0000	0.0000	0.0000	0.0000	0.0000	0.0000	0.0000	0.1069	0.0681	0.0388	0.0465	0.0410	0.0056	0.0604	0.0271	0.0333	0.0000	0.0000	0.0000	0.0000	0.0000	0.0000	0.0000	0.0000	0.0000	3.7751	5.9285	0.0000	8.6735	9.8532	0.0000	0.0000	0.0001	0.0000		
53	134	0.4760	11	1	2	0	1	0	0	0	0	N	Y	N	N	N	N	N	N	N	N	N	N	0.0000	0.0000	0.0000	0.0000	0.0000	0.0000	0.0000	0.0000	0.0000	0.0000	0.0000	0.0000	0.0000	0.0000	0.0000	0.0000	0.0000	0.0000	0.1673	0.2594	0.0005	0.4190	0.4800	0.0030	0.0000	0.0000	0.0000	0.0010	0.0000	-0.0257	8.5400	2.0077	19.3759	6.0321	0.0000	0.0000	0.0000	0.0000	0.0000	0.0000	0.0000	0.0000	0.0000	0.0561	0.0560	0.0001	0.0561	0.0560	0.0001	0.0000	0.0000	0.0000	0.1281	0.1099	0.0182	0.0303	0.0287	0.0016	0.0978	0.0812	0.0166	0.3353	0.2160	0.1193	0.1339	0.1167	0.0171	0.2014	0.0993	0.1021	0.0000	0.0000	0.0000	0.0000	0.0000	0.0000	0.0000	0.0000	0.0000	0.1673	0.2594	0.0005	0.4190	0.4800	0.0030	0.0000	0.0000	0.0000	
53	135	0.4712	11	0	2	0	1	0	0	0	0	N	Y	N	N	N	N	N	N	N	N	N	N	3.2173	590.2005	0.0000	3.9030	7.8260	0.0000	2.4569	9681.2890	0.0000	5.0904	5.9256	0.0001	0.1228	0.1293	0.0000	6.7778	8.1825	0.0001	1.5822	0.0100	4.4846	0.0315	0.0165	0.1428	2.7587	0.0008	5.2222	0.0000	241.9545	-0.4424	0.5298	8.5400	3.0348	19.3759	9.3583	1.0028	1.0028	0.0000	0.0061	0.0061	0.0000	0.9967	0.9967	0.0000	0.9856	0.0041	0.9815	0.0085	0.0039	0.0045	0.9771	0.0001	0.9770	0.1970	0.1692	0.0278	0.0499	0.0474	0.0025	0.1471	0.1218	0.0252	0.6229	0.4040	0.2189	0.2687	0.2369	0.0318	0.3542	0.1671	0.1871	3.2173	590.2005	0.0000	3.9030	7.8260	0.0000	2.4569	9681.2890	0.0000	1.5822	0.0100	4.4846	0.0315	0.0165	0.1428	2.7587	0.0008	5.2222
53	136	0.4569	10	0	1	0	1	0	0	0	0	N	N	N	N	N	N	N	N	N	N	N	N	0.0483	0.0613	0.0369	0.0002	0.0002	3.2524	0.1267	248.0936	0.0349	0.3322	0.3494	0.2337	0.0038	0.0036	0.0069	0.4660	0.5171	0.2523	6.8759	5.7001	6.3385	18.0045	17.6159	0.0021	3.6780	0.0021	7.2360	0.1167	0.6580	-0.0004	-0.0989	8.5400	0.0433	19.3759	6.6805	0.0011	0.0010	0.0001	0.0000	0.0000	0.0000	0.0011	0.0010	0.0001	1.6080	0.9699	0.6382	0.9697	0.9697	0.0000	0.6383	0.0002	0.6381	0.0033	0.0028	0.0005	0.0010	0.0009	0.0000	0.0024	0.0019	0.0005	0.2868	0.1862	0.1007	0.1133	0.1008	0.0125	0.1736	0.0854	0.0882	0.0593	0.0671	0.0369	0.0004	0.0004	3.2524	0.1267	248.0936	0.0349	5.6059	5.2096	6.3385	8.5590	9.6193	0.0021	3.6780	0.0021	7.2360
53	137	0.6903	14	0	2	0	1	0	0	0	0	N	Y	N	N	N	N	N	N	N	N	N	N	0.0000	0.0000	0.0000	0.0000	0.0000	0.0000	0.0000	0.0000	0.0000	0.0000	0.0000	0.0000	0.0000	0.0000	0.0000	0.0000	0.0000	0.0000	0.0000	0.0000	8.5400	0.0000	19.3759	0.0000	0.0000	0.0000	0.0000	0.0000	0.0000	0.0000	0.0000	0.0000	0.0000	0.0000	0.0000	0.0000	0.0000	0.0000	0.0000	0.0000	0.0000	0.0000	0.0000	0.0000	0.0000	0.0000	0.0000	0.0000	0.0000	0.0000	0.0000	0.0000	0.0000	0.0000	0.0000	0.0000	0.0000	0.0000	0.0000	0.0000	0.0000	0.0000	0.0000	0.0000	0.0000	0.0000	0.0000	0.0000	0.0000	0.0000	0.0000	0.0000	0.0000	0.0000	0.0000	0.0000	0.0000	0.0000											
53	138	0.6852	13	0	2	0	1	0	0	0	0	N	Y	N	N	N	N	N	N	N	N	N	N	0.0000	0.0000	0.0000	0.0000	0.0000	0.0000	0.0000	0.0000	0.0000	0.0000	0.0000	0.0000	0.0000	0.0000	0.0000	0.0000	0.0035	0.0000	0.0107	0.0000	0.0000	0.0000	0.0081	0.0000	0.0150	106277.2593	-0.0000	0.0002	8.5400	0.0021	19.3759	2.0000	0.0000	0.0000	0.0000	0.0000	0.0000	0.0000	0.0000	0.0000	0.0000	0.0003	0.0000	0.0003	0.0000	0.0000	0.0000	0.0003	0.0000	0.0003	0.0003	0.0003	0.0000	0.0002	0.0002	0.0000	0.0001	0.0001	0.0000	0.0817	0.0549	0.0268	0.0463	0.0386	0.0077	0.0354	0.0163	0.0191	0.0000	0.0000	0.0000	0.0000	0.0000	0.0000	0.0000	0.0000	0.0000	0.0035	0.0000	0.0107	0.0000	0.0000	0.0000	0.0081	0.0000	0.0150			
53	139	0.6750	12	0	1	0	1	0	0	0	0	N	N	N	N	N	N	N	N	N	N	N	N	0.0000	1.8448	0.0000	4.6822	4.2705	0.0000	0.0000	0.0000	0.0000	0.0002	0.0002	0.0000	0.0005	0.0006	0.0000	0.0000	0.0000	0.0000	4.4360	0.0001	26.4193	0.0001	0.0001	0.0000	9.2591	0.0000	38.4095	0.0001	64720.3120	-0.0000	0.3610	8.5400	1.0020	19.3759	3.0181	0.0000	0.0000	0.0000	0.0000	0.0000	0.0000	0.0000	0.0000	0.0000	0.6666	0.0000	0.6666	0.0000	0.0000	0.0000	0.6666	0.0000	0.6666	0.0665	0.0577	0.0088	0.0184	0.0171	0.0013	0.0481	0.0405	0.0075	0.1626	0.1096	0.0530	0.0906	0.0753	0.0153	0.0720	0.0343	0.0377	0.0000	1.8448	0.0000	4.6822	4.2705	0.0000	0.0000	0.0000	0.0000	4.0998	0.0001	12.5782	0.0001	0.0001	0.0000	9.2591	0.0000	17.6711
53	140	0.6606	12	0	2	0	0	0	0	0	0	N	Y	N	N	N	N	N	N	N	N	N	N	0.0000	0.0000	0.0000	0.0000	0.0000	0.0000	0.0000	0.0000	0.0000	0.0000	0.0000	0.0000	0.0000	0.0000	0.0000	0.0000	0.0000	0.0000	8.0022	13.1651	0.0000	0.0054	0.0065	0.0000	14.6589	31.0662	0.0000	0.0000	0.0000	-0.4530	8.5400	0.0000	19.3759	4.0001	0.0000	0.0000	0.0000	0.0000	0.0000	0.0000	0.0000	0.0000	0.0000	0.9883	0.9883	0.0000	0.0005	0.0005	0.0000	0.9878	0.9878	0.0000	0.0000	0.0000	0.0000	0.0000	0.0000	0.0000	0.0000	0.0000	0.0000	0.1590	0.1071	0.0519	0.0915	0.0753	0.0162	0.0675	0.0318	0.0357	0.0000	0.0000	0.0000	0.0000	0.0000	0.0000	0.0000	0.0000	0.0000	6.2161	9.2280	0.0000	0.0054	0.0065	0.0000	14.6274	31.0662	0.0000	
53	141	0.4714	10	0	2	0	0	0	0	0	0	N	Y	N	N	N	N	N	N	N	N	N	N	0.0009	3.0483	0.0000	0.0011	0.0270	0.0000	0.0007	6.8325	0.0000	0.0034	0.0039	0.0000	0.0000	0.0000	0.0000	0.0044	0.0053	0.0000	3.8926	0.0013	20.6049	0.0394	0.0017	0.2999	6.3445	0.0008	21.7430	0.0000	4587.5647	-0.0001	0.5324	8.5400	1.0003	19.3759	5.0186	0.0002	0.0002	0.0000	0.0000	0.0000	0.0000	0.0002	0.0002	0.0000	0.9833	0.0002	0.9831	0.0040	0.0002	0.0039	0.9793	0.0001	0.9792	0.0640	0.0549	0.0091	0.0151	0.0143	0.0008	0.0488	0.0406	0.0083	0.2569	0.1658	0.0911	0.1026	0.0896	0.0130	0.1544	0.0762	0.0781	0.0009	3.0483	0.0000	0.0011	0.0270	0.0000	0.0007	6.8325	0.0000	3.8271	0.0013	10.7930	0.0394	0.0017	0.2999	6.3445	0.0008	12.5322
53	142	0.6750	12	0	1	1	1	0	0	0	0	N	N	N	N	N	N	N	N	N	N	N	N	0.0000	0.0000	2.3018	0.0000	0.0000	0.0000	0.0385	0.0000	inf	0.0001	0.0000	0.0004	0.0000	0.0000	0.0000	0.0001	0.0000	0.0004	2.7363	4.0561	0.0002	5.3905	6.6340	0.0006	0.0029	0.0060	0.0000	inf	0.0000	0.0000	-0.4451	8.5400	0.0001	19.3759	9.0026	0.0000	0.0000	0.0000	0.0000	0.0000	0.0000	0.0000	0.0000	0.0000	0.9711	0.9711	0.0000	0.9707	0.9706	0.0000	0.0005	0.0005	0.0000	0.0000	0.0000	0.0000	0.0000	0.0000	0.0000	0.0000	0.0000	0.0000	0.3549	0.2394	0.1155	0.1976	0.1641	0.0335	0.1573	0.0753	0.0820	0.0000	0.0000	2.3018	0.0000	0.0000	0.0000	0.0385	0.0000	inf	2.7363	4.0561	0.0002	4.9132	5.9155	0.0006	0.0029	0.0060	0.0000
53	143	0.4569	10	0	1	1	1	0	0	0	0	N	N	N	N	N	N	N	N	N	N	N	N	1.2821	0.0008	17.2629	0.4829	0.0130	13.0747	1.1297	0.0000	17.0093	0.1132	0.0001	0.8072	0.0121	0.0003	0.2230	0.1462	0.0000	0.8672	0.0883	0.1107	0.0468	0.0251	0.0261	0.0171	0.1294	0.2102	0.0510	1427.7635	0.2285	0.0080	-0.0101	8.5400	2.0061	19.3759	8.0425	0.0144	0.0000	0.0144	0.0004	0.0000	0.0004	0.0140	0.0000	0.0140	0.0372	0.0303	0.0069	0.0042	0.0039	0.0003	0.0330	0.0264	0.0066	0.1272	0.1094	0.0178	0.0313	0.0297	0.0017	0.0959	0.0798	0.0162	0.4211	0.2732	0.1479	0.1661	0.1477	0.0184	0.2551	0.1256	0.1295	1.2821	0.0008	17.2629	0.4829	0.0130	13.0747	1.1297	0.0000	17.0093	0.0883	0.1107	0.0468	0.0251	0.0261	0.0171	0.1294	0.2102	0.0510
53	144	0.4478	9	0	1	0	1	0	0	0	0	N	N	N	N	N	N	N	N	N	N	N	N	0.0910	0.0824	0.0000	0.1747	0.1676	0.0028	0.0000	0.0000	0.0000	0.0034	0.0040	0.0000	0.0137	0.0144	0.0000	0.0000	0.0000	0.0000	0.0375	0.0482	0.0150	0.0785	0.0858	0.0012	0.0088	0.0013	0.0168	0.0000	0.1486	-0.0002	-0.0027	8.5400	1.9550	19.3759	2.1189	0.0005	0.0005	0.0000	0.0005	0.0005	0.0000	0.0000	0.0000	0.0000	0.0082	0.0072	0.0011	0.0071	0.0071	0.0000	0.0011	0.0001	0.0011	0.1340	0.1151	0.0189	0.0334	0.0318	0.0016	0.1006	0.0833	0.0173	0.2197	0.1488	0.0709	0.0906	0.0827	0.0079	0.1292	0.0661	0.0630	0.0910	0.0824	0.0000	0.1747	0.1676	0.0028	0.0000	0.0000	0.0000	0.0375	0.0482	0.0150	0.0785	0.0858	0.0012	0.0088	0.0013	0.0168
53	145	0.4478	9	0	1	1	1	0	0	0	0	N	N	N	N	N	N	N	N	N	N	N	N	2.3720	590.4365	0.0000	481.1201	1157.0436	0.0041	0.0000	0.0000	0.0000	2.5812	3.0044	0.0002	10.4266	10.9444	0.0005	0.0000	0.0000	0.0001	1.0882	0.0051	3.1361	0.0217	0.0095	0.1241	1.7803	0.0000	3.5514	0.0000	325.9458	-0.1647	0.5143	8.5400	2.1261	19.3759	18.6477	0.3735	0.3735	0.0000	0.3735	0.3735	0.0000	0.0000	0.0000	0.0000	0.9550	0.0029	0.9521	0.0075	0.0029	0.0046	0.9475	0.0000	0.9475	0.1447	0.1243	0.0204	0.0358	0.0341	0.0017	0.1089	0.0902	0.0187	0.8776	0.5740	0.3036	0.3454	0.3086	0.0368	0.5322	0.2654	0.2668	2.3720	590.4365	0.0000	481.1201	1157.0436	0.0041	0.0000	0.0000	0.0000	1.0882	0.0051	3.1361	0.0217	0.0095	0.1241	1.7803	0.0000	3.5514
53	146	0.6750	12	0	1	1	1	0	0	0	0	N	N	N	N	N	N	N	N	N	N	N	N	0.9719	0.7783	0.0004	2.0162	1.7980	0.0000	0.0001	0.0000	0.0003	0.0020	0.0024	0.0000	0.0074	0.0079	0.0000	0.0000	0.0000	0.0000	0.0021	0.0030	0.0002	0.0037	0.0044	0.0000	0.0001	0.0000	0.0003	0.0000	0.0305	-0.0001	-0.0003	8.5400	2.0001	19.3759	5.9880	0.0003	0.0003	0.0000	0.0003	0.0003	0.0000	0.0000	0.0000	0.0000	0.0007	0.0006	0.0000	0.0006	0.0006	0.0000	0.0000	0.0000	0.0000	0.1320	0.1146	0.0174	0.0365	0.0340	0.0025	0.0955	0.0806	0.0149	0.3163	0.2134	0.1030	0.1761	0.1463	0.0298	0.1402	0.0671	0.0731	0.9719	0.7783	0.0004	2.0162	1.7980	0.0000	0.0001	0.0000	0.0003	0.0021	0.0030	0.0002	0.0037	0.0044	0.0000	0.0001	0.0000	0.0003
53	147	0.6750	12	0	1	1	1	0	0	0	0	N	N	N	N	N	N	N	N	N	N	N	N	0.4359	0.5884	0.0000	1.4059	1.3588	0.0000	0.0000	0.0000	0.0000	1.3347	1.5361	0.0000	4.8532	5.2065	0.0000	0.0000	0.0000	0.0000	3.0617	2.6108	4.0018	3.4519	3.8317	1.5918	2.5794	0.0267	4.9821	0.0000	0.7350	-0.3385	-0.1227	8.5400	9.0001	19.3759	23.0169	0.7674	0.7674	0.0000	0.7674	0.7674	0.0000	0.0000	0.0000	0.0000	3.5326	2.0360	1.4965	2.2015	2.0293	0.1721	1.3311	0.0067	1.3244	0.5749	0.4995	0.0754	0.1581	0.1474	0.0107	0.4168	0.3522	0.0647	1.1538	0.7798	0.3740	0.6378	0.5296	0.1081	0.5161	0.2502	0.2658	0.4359	0.5884	0.0000	1.4059	1.3588	0.0000	0.0000	0.0000	0.0000	3.0617	2.6108	4.0018	3.4519	3.8317	1.5918	2.5794	0.0267	4.9821
53	148	0.6497	11	0	1	0	1	0	0	0	0	N	N	N	N	N	N	N	N	N	N	N	N	0.1248	0.1005	0.1017	0.0048	0.0043	0.0000	1.9923	10.4047	0.1206	0.0048	0.0054	0.0006	0.0003	0.0003	0.0000	0.0065	0.0076	0.0007	0.0381	0.0537	0.0056	0.0632	0.0756	0.0058	0.0033	0.0007	0.0055	0.0160	0.0500	-0.0003	-0.0066	8.5400	1.9990	19.3759	7.9526	0.0006	0.0006	0.0000	0.0000	0.0000	0.0000	0.0006	0.0006	0.0000	0.0160	0.0152	0.0008	0.0154	0.0152	0.0002	0.0006	0.0001	0.0005	0.1327	0.1152	0.0175	0.0373	0.0347	0.0026	0.0955	0.0805	0.0150	0.4189	0.2832	0.1357	0.2436	0.2004	0.0432	0.1753	0.0827	0.0926	0.1248	0.1005	0.1017	0.0048	0.0043	0.0000	1.9923	10.4047	0.1206	0.0381	0.0537	0.0056	0.0632	0.0756	0.0058	0.0033	0.0007	0.0055
53	149	0.6177	10	1	2	0	0	0	0	0	0	N	Y	N	N	N	N	N	N	N	N	N	N	0.8456	0.7057	0.0000	0.0058	0.0054	0.0000	19.3835	1154.8453	0.0000	0.8494	0.9923	0.0000	0.0099	0.0111	0.0000	1.2978	1.5497	0.0000	1.0045	1.4063	0.1052	1.6975	2.0517	0.0428	0.0670	0.0013	0.1358	0.0000	0.0334	-0.1688	-0.4363	8.5400	5.3497	19.3759	17.2225	0.3826	0.3826	0.0000	0.0016	0.0016	0.0000	0.3810	0.3810	0.0000	1.0242	0.9910	0.0331	0.9951	0.9907	0.0044	0.0290	0.0003	0.0287	0.4505	0.3856	0.0649	0.1568	0.1397	0.0172	0.2936	0.2459	0.0477	1.0196	0.7047	0.3149	0.5862	0.4829	0.1034	0.4333	0.2218	0.2115	0.8456	0.7057	0.0000	0.0058	0.0054	0.0000	19.3835	1154.8453	0.0000	1.0045	1.4063	0.1052	1.6975	2.0517	0.0428	0.0670	0.0013	0.1358
53	150	0.6486	11	0	2	0	0	0	0	0	0	N	Y	N	N	N	N	N	N	N	N	N	N	2.1620	13.2012	0.0087	3.7287	31.8689	0.0132	0.0109	0.0165	0.0043	0.8269	0.9571	0.0098	2.0381	2.2573	0.0322	0.0012	0.0013	0.0006	0.3825	0.0725	1.1191	0.5466	0.0708	2.4439	0.1062	0.0766	0.1413	0.0016	6.4958	-0.1433	0.2059	8.5400	3.6794	19.3759	17.4287	0.3262	0.3256	0.0005	0.3259	0.3254	0.0005	0.0003	0.0002	0.0000	0.5043	0.0673	0.4371	0.4521	0.0468	0.4053	0.0522	0.0204	0.0318	0.3944	0.3402	0.0542	0.1599	0.1441	0.0157	0.2345	0.1961	0.0384	1.3186	0.9281	0.3905	0.8272	0.6614	0.1658	0.4914	0.2667	0.2247	2.1620	13.2012	0.0087	3.7287	31.8689	0.0132	0.0109	0.0165	0.0043	0.3825	0.0725	1.1191	0.5466	0.0708	2.4439	0.1062	0.0766	0.1413
53	151	0.6177	10	0	2	0	0	0	0	0	0	N	Y	N	N	N	N	N	N	N	N	N	N	3.5540	14.4485	0.1724	4.3356	24.0094	0.1110	8.8349	8.7228	2.1129	1.5658	1.8044	0.2052	3.0451	3.4200	0.3790	0.6483	0.7519	0.1247	0.4406	0.1249	1.1899	0.7024	0.1424	3.4141	0.0734	0.0862	0.0590	0.0199	4.0142	-0.2185	0.1065	8.5400	3.4464	19.3759	10.1316	0.5184	0.5082	0.0101	0.3859	0.3800	0.0059	0.1325	0.1283	0.0042	0.3113	0.0621	0.2493	0.2898	0.0487	0.2411	0.0216	0.0134	0.0082	0.3311	0.2817	0.0494	0.1267	0.1111	0.0156	0.2043	0.1706	0.0338	0.7067	0.4972	0.2095	0.4126	0.3420	0.0706	0.2941	0.1553	0.1389	3.5540	14.4485	0.1724	4.3356	24.0094	0.1110	8.8349	8.7228	2.1129	0.4406	0.1249	1.1899	0.7024	0.1424	3.4141	0.0734	0.0862	0.0590
53	152	0.4782	12	1	2	0	0	0	0	0	0	N	Y	N	N	N	N	N	N	N	N	N	N	0.0000	0.0000	0.0000	0.0000	0.0000	0.0000	0.0000	0.0000	0.0000	0.0000	0.0000	0.0000	0.0000	0.0000	0.0000	0.0000	0.0000	0.0000	2.1173	1.3357	3.5387	0.1007	0.1150	0.0038	3.4640	2.7756	4.1352	1.4568	0.0000	0.1521	8.5400	1.0143	19.3759	12.0086	0.0000	0.0000	0.0000	0.0000	0.0000	0.0000	0.0000	0.0000	0.0000	1.1298	0.4599	0.6699	0.0215	0.0214	0.0001	1.1083	0.4385	0.6698	0.0658	0.0564	0.0094	0.0159	0.0151	0.0008	0.0499	0.0413	0.0085	0.5336	0.3443	0.1893	0.2137	0.1863	0.0273	0.3200	0.1580	0.1620	0.0000	0.0000	0.0000	0.0000	0.0000	0.0000	0.0000	0.0000	0.0000	2.1173	1.3357	3.5387	0.1007	0.1150	0.0038	3.4640	2.7756	4.1352	
53	153	0.4760	11	1	2	0	0	0	0	0	0	N	Y	N	N	N	N	N	N	N	N	N	N	0.0000	0.0000	0.0000	0.0000	0.0000	0.0000	0.0000	0.0000	0.0000	0.0000	0.0000	0.0000	0.0000	0.0000	0.0000	0.0000	0.0000	0.0000	0.0250	0.0074	0.0567	0.0049	0.0055	0.0004	0.0384	0.0097	0.0661	4.2212	0.0000	0.0004	8.5400	0.9811	19.3759	0.0216	0.0000	0.0000	0.0000	0.0000	0.0000	0.0000	0.0000	0.0000	0.0000	0.0011	0.0002	0.0009	0.0001	0.0001	0.0000	0.0010	0.0001	0.0009	0.0631	0.0541	0.0090	0.0150	0.0142	0.0008	0.0481	0.0399	0.0082	0.0434	0.0279	0.0155	0.0174	0.0152	0.0022	0.0260	0.0128	0.0133	0.0000	0.0000	0.0000	0.0000	0.0000	0.0000	0.0000	0.0000	0.0000	0.0250	0.0074	0.0567	0.0049	0.0055	0.0004	0.0384	0.0097	0.0661	
53	154	0.4714	10	1	2	0	0	0	0	0	0	N	Y	N	N	N	N	N	N	N	N	N	N	15.8530	12.4319	0.0239	0.0694	0.0663	0.0000	201.6685	231.2782	0.0255	0.3463	0.4044	0.0000	0.0035	0.0038	0.0000	0.4967	0.5986	0.0001	0.0218	0.0325	0.0021	0.0505	0.0576	0.0003	0.0025	0.0026	0.0023	0.0000	0.0340	-0.0001	-0.0008	8.5400	0.0083	19.3759	2.0001	0.0002	0.0002	0.0000	0.0000	0.0000	0.0000	0.0002	0.0002	0.0000	0.0020	0.0019	0.0001	0.0018	0.0018	0.0000	0.0001	0.0001	0.0001	0.0006	0.0005	0.0001	0.0002	0.0002	0.0000	0.0004	0.0004	0.0001	0.0899	0.0584	0.0315	0.0363	0.0318	0.0045	0.0536	0.0266	0.0270	15.8530	12.4319	0.0239	0.0694	0.0663	0.0000	201.6685	231.2782	0.0255	0.0218	0.0325	0.0021	0.0505	0.0576	0.0003	0.0025	0.0026	0.0023
53	155	0.4478	9	0	2	0	0	0	0	0	0	N	Y	N	N	N	N	N	N	N	N	N	N	45.6955	36.9613	0.0042	4.5680	6.3107	0.0000	38.0885	23.8877	0.0060	5.0585	5.8898	0.0001	0.0643	0.0676	0.0000	6.6561	8.0266	0.0001	0.1107	0.1594	0.0161	0.0141	0.0107	0.0443	0.1748	0.3360	0.0123	0.0000	0.0518	-0.4333	-0.0216	8.5400	2.9180	19.3759	7.4065	0.9823	0.9823	0.0000	0.0030	0.0030	0.0000	0.9793	0.9793	0.0000	0.0527	0.0501	0.0026	0.0027	0.0018	0.0008	0.0501	0.0483	0.0018	0.1942	0.1668	0.0274	0.0471	0.0448	0.0023	0.1471	0.1220	0.0251	0.4763	0.3146	0.1617	0.1899	0.1708	0.0190	0.2864	0.1437	0.1427	45.6955	36.9613	0.0042	4.5680	6.3107	0.0000	38.0885	23.8877	0.0060	0.1107	0.1594	0.0161	0.0141	0.0107	0.0443	0.1748	0.3360	0.0123
53	156	0.3819	8	0	1	0	0	0	0	0	0	N	N	N	N	N	N	N	N	N	N	N	N	4.0962	1.2579	35.8883	4.5458	0.1342	329.3783	5.2698	28.4210	0.1934	1.2275	0.4472	6.6830	2.5161	0.0796	60.1205	0.5604	0.6669	0.0361	0.2997	0.3555	0.1862	0.5535	0.5930	0.1825	0.1063	0.0235	0.1868	2.1378	0.2577	0.2298	-0.1234	8.5400	8.2479	19.3759	19.7214	0.9566	0.3049	0.6518	0.6689	0.0203	0.6486	0.2877	0.2846	0.0031	0.4868	0.3871	0.0997	0.3888	0.3764	0.0123	0.0980	0.0107	0.0874	0.7793	0.6818	0.0975	0.2659	0.2551	0.0108	0.5135	0.4267	0.0867	1.6244	1.0888	0.5356	0.7024	0.6347	0.0676	0.9220	0.4541	0.4679	4.0962	1.2579	35.8883	4.5458	0.1342	329.3783	5.2698	28.4210	0.1934	0.2997	0.3555	0.1862	0.5535	0.5930	0.1825	0.1063	0.0235	0.1868
53	157	0.3458	7	0	1	0	0	0	0	0	0	N	N	N	N	N	N	N	N	N	N	N	N	3.7081	3.9132	4.4292	10.8426	7.5252	88.9656	1.1937	2.2479	0.0356	2.0785	1.8312	3.3292	5.7380	3.8815	56.1309	0.7014	0.8847	0.0276	0.5605	0.4680	0.7517	0.5292	0.5158	0.6309	0.5876	0.3936	0.7756	0.3595	0.7779	-0.2300	-0.0184	8.5400	7.4725	19.3759	14.3153	1.3015	0.9573	0.3441	0.9823	0.6409	0.3414	0.3191	0.3164	0.0027	0.8839	0.4972	0.3867	0.3873	0.3335	0.0538	0.4966	0.1637	0.3330	0.6262	0.5228	0.1034	0.1712	0.1651	0.0061	0.4550	0.3577	0.0973	1.5769	1.0624	0.5145	0.7317	0.6465	0.0852	0.8451	0.4159	0.4293	3.7081	3.9132	4.4292	10.8426	7.5252	88.9656	1.1937	2.2479	0.0356	0.5605	0.4680	0.7517	0.5292	0.5158	0.6309	0.5876	0.3936	0.7756
53	158	0.2803	6	0	1	0	0	0	0	0	0	N	N	N	N	N	N	N	N	N	N	N	N	1.4035	3.1991	0.2306	4.8770	5.6612	4.5346	0.6573	3.3596	0.0722	0.6727	0.7487	0.2218	1.7548	1.6989	3.6761	0.3804	0.4462	0.0714	0.4793	0.2340	0.9616	0.3598	0.3001	0.8107	0.5787	0.1328	0.9899	0.0499	2.0895	-0.2313	0.2357	8.5400	11.6653	19.3759	19.4910	0.5877	0.5598	0.0279	0.3260	0.3067	0.0193	0.2617	0.2531	0.0086	1.0815	0.3501	0.7315	0.3688	0.2716	0.0972	0.7127	0.0785	0.6343	0.8737	0.7477	0.1260	0.1858	0.1805	0.0053	0.6879	0.5672	0.1207	2.2564	1.4958	0.7606	1.0249	0.9050	0.1199	1.2316	0.5908	0.6408	1.4035	3.1991	0.2306	4.8770	5.6612	4.5346	0.6573	3.3596	0.0722	0.4793	0.2340	0.9616	0.3598	0.3001	0.8107	0.5787	0.1328	0.9899
53	161	0.6683	14	1	2	0	0	0	0	0	0	N	Y	N	N	N	N	N	N	N	N	N	N	0.0000	0.0000	0.0000	0.0000	0.0000	0.0000	0.0000	0.0000	0.0000	0.0000	0.0000	0.0000	0.0000	0.0000	0.0000	0.0000	0.0000	0.0000	0.0012	0.0017	0.0002	0.0021	0.0024	0.0004	0.0000	0.0000	0.0000	0.0436	0.0000	-0.0001	8.5400	0.0002	19.3759	3.0099	0.0000	0.0000	0.0000	0.0000	0.0000	0.0000	0.0000	0.0000	0.0000	0.0001	0.0001	0.0000	0.0001	0.0001	0.0000	0.0000	0.0000	0.0000	0.0000	0.0000	0.0000	0.0000	0.0000	0.0000	0.0000	0.0000	0.0000	0.1215	0.0821	0.0394	0.0698	0.0576	0.0122	0.0517	0.0245	0.0271	0.0000	0.0000	0.0000	0.0000	0.0000	0.0000	0.0000	0.0000	0.0000	0.0012	0.0017	0.0002	0.0021	0.0024	0.0004	0.0000	0.0000	0.0000	
53	162	0.6606	13	1	2	0	0	0	0	0	0	N	Y	N	N	N	N	N	N	N	N	N	N	0.0000	0.0000	0.0000	0.0000	0.0000	0.0000	0.0000	0.0000	0.0000	0.0000	0.0000	0.0000	0.0000	0.0000	0.0000	0.0000	0.0000	0.0000	0.0001	0.0002	0.0000	0.0001	0.0001	0.0000	0.0002	0.0004	0.0000	0.0178	0.0000	-0.0000	8.5400	0.9998	19.3759	2.0118	0.0000	0.0000	0.0000	0.0000	0.0000	0.0000	0.0000	0.0000	0.0000	0.0000	0.0000	0.0000	0.0000	0.0000	0.0000	0.0000	0.0000	0.0000	0.0663	0.0575	0.0087	0.0185	0.0172	0.0013	0.0478	0.0403	0.0075	0.1202	0.0810	0.0392	0.0692	0.0569	0.0122	0.0510	0.0240	0.0270	0.0000	0.0000	0.0000	0.0000	0.0000	0.0000	0.0000	0.0000	0.0000	0.0001	0.0002	0.0000	0.0001	0.0001	0.0000	0.0002	0.0004	0.0000	
53	163	0.6606	12	1	2	0	0	0	0	0	0	N	Y	N	N	N	N	N	N	N	N	N	N	0.0000	0.0000	0.0000	0.0000	0.0000	0.0000	0.0000	0.0000	0.0000	0.0000	0.0000	0.0000	0.0000	0.0000	0.0000	0.0000	0.0000	0.0119	0.0100	0.0206	0.0220	0.0167	0.0850	0.0006	0.0000	0.0020	0.4545	0.0000	-0.0000	8.5400	0.0000	19.3759	0.0003	0.0000	0.0000	0.0000	0.0000	0.0000	0.0000	0.0000	0.0000	0.0000	0.0000	0.0000	0.0000	0.0000	0.0000	0.0000	0.0000	0.0000	0.0000	0.0000	0.0000	0.0000	0.0000	0.0000	0.0000	0.0000	0.0000	0.0000	0.0000	0.0000	0.0000	0.0000	0.0000	0.0000	0.0000	0.0000	0.0000	0.0000	0.0000	0.0000	0.0000	0.0000	0.0000	0.0000	0.0000	0.0000	0.0119	0.0100	0.0206	0.0220	0.0167	0.0850	0.0006	0.0000	0.0020		
53	164	0.6497	11	0	2	0	0	0	0	0	0	N	Y	N	N	N	N	N	N	N	N	N	N	0.0885	10.7237	0.0000	0.3336	0.3167	0.0000	0.0756	46.0119	0.0000	0.4813	0.5789	0.0000	0.0192	0.0206	0.0000	0.8752	1.1677	0.0000	5.4413	0.0540	32.4844	0.0574	0.0652	0.0213	11.5817	0.0254	45.9878	0.0000	128.7346	-0.0003	0.5243	8.5400	0.0063	19.3759	4.3641	0.0006	0.0006	0.0000	0.0000	0.0000	0.0000	0.0006	0.0006	0.0000	0.9819	0.0076	0.9743	0.0070	0.0066	0.0005	0.9749	0.0010	0.9739	0.0013	0.0011	0.0002	0.0006	0.0006	0.0000	0.0007	0.0005	0.0002	0.2066	0.1402	0.0664	0.1224	0.1007	0.0217	0.0842	0.0395	0.0447	0.1013	10.7237	0.0000	0.3336	0.3167	0.0000	0.0756	46.0119	0.0000	4.7530	0.0540	14.6780	0.0574	0.0652	0.0213	11.5817	0.0254	21.8055
53	165	0.6177	10	0	1	0	0	0	0	0	0	N	N	N	N	N	N	N	N	N	N	N	N	22.3800	29.5462	0.0029	0.2493	0.2517	0.0163	46.7951	3345.5961	0.0013	1.4061	1.6606	0.0002	0.0178	0.0205	0.0004	2.3746	2.8525	0.0001	0.0628	0.0562	0.0787	0.0714	0.0813	0.0231	0.0507	0.0009	0.1072	0.0000	0.5837	-0.1688	-0.0038	8.5400	2.5207	19.3759	10.0226	0.3828	0.3828	0.0000	0.0020	0.0020	0.0000	0.3808	0.3808	0.0000	0.0421	0.0266	0.0155	0.0280	0.0264	0.0015	0.0141	0.0001	0.0140	0.2722	0.2305	0.0417	0.1119	0.0970	0.0149	0.1604	0.1335	0.0269	0.6693	0.4724	0.1969	0.3917	0.3250	0.0667	0.2776	0.1474	0.1302	22.3800	29.5462	0.0029	0.2493	0.2517	0.0163	46.7951	3345.5961	0.0013	0.0628	0.0562	0.0787	0.0714	0.0813	0.0231	0.0507	0.0009	0.1072
53	166	0.6022	9	0	1	0	0	0	0	0	0	N	N	N	N	N	N	N	N	N	N	N	N	1.9319	1.6450	0.0105	1.2488	1.0864	0.0007	570.3814	869.9117	0.2444	3.4978	4.0355	0.0016	3.5650	3.6913	0.0003	3.4430	4.3803	0.0018	1.8105	2.4532	0.1520	2.8547	3.3977	0.3637	0.0060	0.0050	0.0072	0.0001	0.0240	-0.4459	-0.4280	8.5400	2.6894	19.3759	4.6619	1.0110	1.0109	0.0001	0.4628	0.4628	0.0000	0.5482	0.5481	0.0001	0.9842	0.9611	0.0231	0.9830	0.9605	0.0224	0.0012	0.0005	0.0007	0.2890	0.2505	0.0385	0.1298	0.1254	0.0044	0.1592	0.1251	0.0341	0.5436	0.3918	0.1518	0.3443	0.2827	0.0616	0.1992	0.1091	0.0902	1.9319	1.6450	0.0105	1.2488	1.0864	0.0007	570.3814	869.9117	0.2444	1.8105	2.4532	0.1520	2.8547	3.3977	0.3637	0.0060	0.0050	0.0072
53	167	0.5637	8	0	1	0	0	0	0	0	0	N	N	N	N	N	N	N	N	N	N	N	N	4.6539	3.5868	6.6430	11.1808	9.4854	298.5010	36.7118	35.2984	0.3272	5.7173	6.5832	0.0131	22.8894	24.0641	0.1339	0.1282	0.1522	0.0009	1.2285	1.8354	0.0020	2.0472	2.5370	0.0004	0.0035	0.0043	0.0028	0.0003	0.0005	-0.4397	-0.3119	8.5400	2.7966	19.3759	8.5340	0.9976	0.9973	0.0003	0.9807	0.9804	0.0003	0.0169	0.0169	0.0000	0.6812	0.6808	0.0004	0.6804	0.6804	0.0000	0.0008	0.0004	0.0003	0.1745	0.1515	0.0230	0.0428	0.0407	0.0021	0.1316	0.1107	0.0209	0.5545	0.3709	0.1835	0.3324	0.2682	0.0642	0.2221	0.1028	0.1194	4.6539	3.5868	6.6430	11.1808	9.4854	298.5010	36.7118	35.2984	0.3272	1.2285	1.8354	0.0020	2.0472	2.5370	0.0004	0.0035	0.0043	0.0028
54	56	0.6170	8	0	1	0	0	0	0	0	0	N	N	N	N	N	N	N	N	N	N	N	N	0.0232	0.0780	0.0061	0.0006	0.0023	0.0001	0.0766	0.1800	0.0336	0.0617	0.0629	0.0535	0.0022	0.0021	0.0048	0.0874	0.0931	0.0593	2.6618	0.8066	8.8290	3.8406	0.9351	42.0651	1.1414	0.5171	1.7652	0.1265	3.6485	-0.0012	1.4369	7.3474	0.9891	24.2346	20.6926	0.0038	0.0034	0.0004	0.0000	0.0000	0.0000	0.0037	0.0033	0.0004	4.4009	0.9468	3.4542	3.5768	0.7601	2.8166	0.8242	0.1866	0.6376	0.0613	0.0533	0.0079	0.0185	0.0177	0.0008	0.0427	0.0356	0.0071	1.6534	1.1738	0.4796	0.9313	0.8129	0.1184	0.7221	0.3609	0.3612	0.0232	0.0780	0.0074	0.0006	0.0023	0.0002	0.0766	0.1800	0.0336	2.6618	0.8066	7.2023	3.8406	0.9351	23.7877	1.1414	0.5171	1.7652
54	57	0.4966	7	0	0	0	0	0	0	0	0	N	N	N	N	N	N	N	N	N	N	N	N	1.6865	6.7622	0.0046	0.0039	0.0077	0.0000	1.4478	7.8560	0.0045	3.1207	3.5719	0.0216	0.0035	0.0037	0.0000	4.1102	4.8552	0.0234	1.8504	0.5282	4.6512	0.8905	0.4744	3.0292	2.8389	0.6180	5.2141	0.0009	4.1570	-0.3902	1.2398	7.3474	5.0326	24.2346	39.3193	0.8863	0.8855	0.0008	0.0002	0.0002	0.0000	0.8861	0.8853	0.0008	3.5656	0.6914	2.8742	0.8705	0.3882	0.4823	2.6952	0.3032	2.3919	0.2840	0.2479	0.0361	0.0684	0.0656	0.0029	0.2156	0.1823	0.0332	1.9269	1.3090	0.6180	0.9775	0.8183	0.1592	0.9494	0.4906	0.4587	1.6865	6.7622	0.0046	0.0039	0.0077	0.0000	1.4478	7.8560	0.0045	1.8504	0.5282	4.6512	0.8905	0.4744	3.0292	2.8389	0.6180	5.2141
54	58	0.4966	7	0	1	0	1	0	0	0	0	N	N	N	N	N	N	N	N	N	N	N	N	0.0207	0.0637	0.0012	0.0877	0.1665	0.0000	0.0005	0.0002	0.0015	0.0520	0.0585	0.0072	0.2117	0.2209	0.0002	0.0012	0.0001	0.0078	2.5070	0.9180	5.8672	2.4129	1.3266	7.9630	2.6044	0.2319	5.1329	0.0179	3.0224	-0.0062	1.3487	7.3474	5.0036	24.2346	36.7244	0.0147	0.0144	0.0003	0.0144	0.0144	0.0000	0.0003	0.0000	0.0003	4.6027	1.1443	3.4584	2.2541	1.0364	1.2177	2.3486	0.1079	2.2407	0.2824	0.2465	0.0359	0.0681	0.0652	0.0028	0.2144	0.1813	0.0331	1.8360	1.2465	0.5895	0.9342	0.7813	0.1529	0.9018	0.4653	0.4365	0.0207	0.0637	0.0012	0.0877	0.1665	0.0000	0.0005	0.0002	0.0015	2.5070	0.9180	5.8672	2.4129	1.3266	7.9630	2.6044	0.2319	5.1329
54	59	0.1472	4	0	1	0	1	0	0	0	0	N	N	N	N	N	N	N	N	N	N	N	N	4.5101	1.7768	67.2067	0.3227	0.3032	0.6201	4.9189	1.4224	63.1645	2.1727	1.2471	6.3465	0.1150	0.1175	0.0056	2.8269	1.7041	6.5443	0.4817	0.7019	0.0944	0.3562	0.3875	0.0091	0.5747	1.1980	0.1036	1.1285	0.0765	0.1666	-0.7304	7.3474	10.4254	24.2346	21.2017	1.8705	0.8788	0.9917	0.0239	0.0238	0.0000	1.8466	0.8549	0.9917	1.8857	1.7517	0.1340	0.5932	0.5920	0.0012	1.2925	1.1598	0.1327	0.8609	0.7046	0.1563	0.2077	0.2029	0.0047	0.6532	0.5017	0.1515	3.9143	2.4958	1.4185	1.6653	1.5277	0.1377	2.2489	0.9681	1.2809	4.5101	1.7768	67.2067	0.3227	0.3032	0.6201	4.9189	1.4224	63.1645	0.4817	0.7019	0.0944	0.3562	0.3875	0.0091	0.5747	1.1980	0.1036
54	60	0.6139	10	1	0	1	0	0	0	0	0	N	N	N	N	N	N	N	N	N	N	N	N	0.0004	0.0004	0.0000	0.0000	0.0000	0.0000	0.0235	0.1832	0.0000	0.0005	0.0006	0.0000	0.0000	0.0000	0.0000	0.0007	0.0008	0.0000	1.1625	1.6025	0.1260	2.0351	2.3588	0.2929	0.0290	0.0044	0.0555	0.0002	0.0334	-0.0000	-0.1319	7.3474	1.9981	24.2346	3.0867	0.0001	0.0001	0.0000	0.0000	0.0000	0.0000	0.0001	0.0001	0.0000	0.3096	0.2996	0.0100	0.3062	0.2993	0.0069	0.0034	0.0003	0.0031	0.1213	0.1062	0.0151	0.0333	0.0318	0.0016	0.0880	0.0744	0.0135	0.2663	0.1870	0.0794	0.1505	0.1269	0.0236	0.1158	0.0601	0.0558	0.0004	0.0004	0.0000	0.0000	0.0000	0.0000	0.0235	0.1832	0.0000	1.1625	1.6025	0.1260	2.0351	2.3588	0.2929	0.0290	0.0044	0.0555
54	61	0.5705	9	1	0	1	0	0	0	0	0	N	N	N	N	N	N	N	N	N	N	N	N	0.0004	0.0014	0.0003	0.0033	0.0029	0.0000	0.0001	0.0020	0.0002	0.0006	0.0005	0.0010	0.0013	0.0014	0.0000	0.0002	0.0001	0.0011	1.2473	0.3406	3.2731	0.4013	0.4848	0.0139	2.3727	0.0346	4.8606	0.2896	4.3008	-0.0000	0.4029	7.3474	4.0039	24.2346	14.0733	0.0001	0.0001	0.0000	0.0001	0.0001	0.0000	0.0000	0.0000	0.0000	1.1415	0.2154	0.9262	0.2096	0.2084	0.0013	0.9319	0.0070	0.9249	0.2423	0.2128	0.0295	0.0699	0.0666	0.0033	0.1724	0.1462	0.0262	0.9152	0.6322	0.2830	0.5224	0.4297	0.0927	0.3928	0.2025	0.1903	0.0004	0.0014	0.0003	0.0033	0.0029	0.0000	0.0001	0.0020	0.0002	1.2473	0.3406	3.2731	0.4013	0.4848	0.0139	2.3727	0.0346	4.8606
54	62	0.5899	10	1	0	1	0	0	0	0	0	N	N	N	N	N	N	N	N	N	N	N	N	0.1025	0.0799	0.1849	0.0014	0.0012	0.0338	0.3244	0.2080	0.1706	0.2490	0.2825	0.0222	0.0045	0.0046	0.0025	0.4569	0.5840	0.0232	2.4289	3.5369	0.1200	3.3031	3.8884	0.0727	1.4085	2.8075	0.1362	0.0116	0.0163	-0.0001	-0.9385	7.3474	0.0060	24.2346	17.2393	0.0003	0.0003	0.0000	0.0000	0.0000	0.0000	0.0003	0.0003	0.0000	2.1217	2.0877	0.0340	1.5540	1.5488	0.0052	0.5677	0.5389	0.0288	0.0014	0.0012	0.0002	0.0006	0.0006	0.0000	0.0007	0.0006	0.0002	0.8735	0.5903	0.2833	0.4705	0.3983	0.0722	0.4030	0.1920	0.2111	0.1025	0.0799	0.1849	0.0014	0.0012	0.0338	0.3244	0.2080	0.1706	2.4289	3.5369	0.1200	3.3031	3.8884	0.0727	1.4085	2.8075	0.1362
54	63	0.5334	8	0	0	1	0	0	0	0	0	N	N	N	N	N	N	N	N	N	N	N	N	0.0001	0.0001	0.0001	0.0002	0.0002	0.0005	0.0000	0.0000	0.0001	0.0000	0.0000	0.0000	0.0000	0.0000	0.0000	0.0000	0.0000	0.0000	0.1460	0.0872	0.2994	0.0981	0.1071	0.0471	0.2216	0.0364	0.4252	0.3325	1.3161	-0.0000	0.0175	7.3474	1.0230	24.2346	12.1924	0.0000	0.0000	0.0000	0.0000	0.0000	0.0000	0.0000	0.0000	0.0000	0.1591	0.0687	0.0904	0.0654	0.0606	0.0047	0.0937	0.0081	0.0857	0.0883	0.0783	0.0101	0.0327	0.0316	0.0011	0.0556	0.0467	0.0089	1.0896	0.7875	0.3020	0.6664	0.5659	0.1005	0.4231	0.2216	0.2015	0.0001	0.0001	0.0001	0.0002	0.0002	0.0005	0.0000	0.0000	0.0001	0.1460	0.0872	0.2994	0.0981	0.1071	0.0471	0.2216	0.0364	0.4252
54	64	0.4966	7	0	0	0	0	0	0	0	0	N	N	N	N	N	N	N	N	N	N	N	N	0.0001	0.0002	0.0002	0.0000	0.0004	0.0000	0.0001	0.0002	0.0003	0.0001	0.0000	0.0006	0.0000	0.0000	0.0000	0.0001	0.0000	0.0006	1.0256	0.0814	2.9469	1.1086	0.1046	5.5600	0.9283	0.0369	1.8194	4.9641	17.8004	0.0000	0.3956	7.3474	2.4556	24.2346	12.4191	0.0000	0.0000	0.0000	0.0000	0.0000	0.0000	0.0000	0.0000	0.0000	0.8100	0.0431	0.7669	0.4725	0.0364	0.4361	0.3375	0.0067	0.3308	0.1406	0.1227	0.0179	0.0340	0.0326	0.0014	0.1066	0.0901	0.0165	0.7897	0.5295	0.2602	0.4262	0.3477	0.0784	0.3636	0.1818	0.1818	0.0001	0.0002	0.0002	0.0000	0.0004	0.0000	0.0001	0.0002	0.0003	1.0256	0.0814	2.9469	1.1086	0.1046	5.5600	0.9283	0.0369	1.8194
54	65	0.6190	9	0	1	0	0	0	0	0	0	N	N	N	N	N	N	N	N	N	N	N	N	0.0434	0.4649	0.0014	1.5644	1.5028	0.0022	0.0028	0.0431	0.0011	0.0211	0.0237	0.0022	0.0595	0.0620	0.0000	0.0030	0.0031	0.0024	0.4862	0.0509	1.4996	0.0380	0.0412	0.0203	1.0868	0.0726	2.1173	0.0122	12.6574	-0.0011	0.2056	7.3474	1.7555	24.2346	11.9300	0.0025	0.0025	0.0000	0.0022	0.0022	0.0000	0.0002	0.0002	0.0000	0.4389	0.0321	0.4068	0.0196	0.0180	0.0016	0.4193	0.0141	0.4052	0.1178	0.1039	0.0139	0.0378	0.0362	0.0015	0.0800	0.0676	0.0124	0.9027	0.6314	0.2713	0.5169	0.4370	0.0799	0.3858	0.1944	0.1914	0.0434	0.4649	0.0014	1.5644	1.5028	0.0022	0.0028	0.0431	0.0011	0.4862	0.0509	1.4996	0.0380	0.0412	0.0203	1.0868	0.0726	2.1173
54	66	0.5980	11	1	1	1	0	0	0	0	0	N	N	N	N	N	N	N	N	N	N	N	N	0.0000	0.0000	0.0000	0.0000	0.0000	0.0000	0.0000	0.0000	0.0000	0.0000	0.0000	0.0000	0.0000	0.0000	0.0000	0.0000	0.0000	0.0000	0.0000	0.0000	7.3474	0.0000	24.2346	0.0000	0.0000	0.0000	0.0000	0.0000	0.0000	0.0000	0.0000	0.0000	0.0000	0.0000	0.0000	0.0000	0.0000	0.0000	0.0000	0.0000	0.0000	0.0000	0.0000	0.0000	0.0000	0.0000	0.0000	0.0000	0.0000	0.0000	0.0000	0.0000	0.0000	0.0000	0.0000	0.0000	0.0000	0.0000	0.0000	0.0000	0.0000	0.0000	0.0000	0.0000	0.0000	0.0000	0.0000	0.0000	0.0000	0.0000	0.0000	0.0000	0.0000	0.0000	0.0000	0.0000	0.0000	0.0000											
54	67	0.5356	10	1	1	1	0	0	0	0	0	N	N	N	N	N	N	N	N	N	N	N	N	0.0422	0.0274	2.1663	29.8601	30.0256	0.0000	0.0002	0.0000	4.5769	0.2869	0.3260	0.0110	0.9632	1.0037	0.0000	0.0019	0.0000	0.0122	6.7907	11.8844	0.0051	0.0323	0.0334	0.0227	8.9191	17.1931	0.0027	0.0048	0.0003	-0.0063	-0.4115	7.3474	1.0000	24.2346	3.0000	0.0145	0.0144	0.0001	0.0144	0.0144	0.0000	0.0001	0.0000	0.0001	0.8984	0.8981	0.0003	0.0020	0.0018	0.0002	0.8964	0.8963	0.0001	0.0504	0.0441	0.0063	0.0149	0.0143	0.0006	0.0355	0.0298	0.0057	0.1618	0.1068	0.0550	0.0613	0.0547	0.0067	0.1005	0.0521	0.0484	0.0517	0.0388	2.1663	29.8601	30.0256	0.0000	0.0002	0.0000	4.5769	5.5509	8.4092	0.0051	0.0323	0.0334	0.0227	8.9191	17.1931	0.0027
54	68	0.5980	11	1	1	1	0	0	0	0	0	N	N	N	N	N	N	N	N	N	N	N	N	inf	inf	inf	inf	inf	inf	0.0444	0.0045	0.3284	0.1630	0.0152	3.2151	0.0000	0.0000	0.0000	0.0000	0.0000	0.0000	0.0000	0.0000	0.0000	0.0000	0.0000	0.0000	10.2500	0.0013	0.0000	7.3474	1.0000	24.2346	0.0000	0.0027	0.0002	0.0025	0.0027	0.0002	0.0025	0.0000	0.0000	0.0000	0.0000	0.0000	0.0000	0.0000	0.0000	0.0000	0.0000	0.0000	0.0000	0.0608	0.0533	0.0075	0.0166	0.0158	0.0008	0.0442	0.0375	0.0067	0.0494	0.0333	0.0161	0.0264	0.0216	0.0047	0.0231	0.0117	0.0114	inf	inf	inf	inf	inf	inf	0.0000	0.0000	0.0000	0.0000	0.0000	0.0000	0.0000	0.0000	0.0000	0.0000	0.0000	0.0000				
54	69	0.5815	10	1	1	1	0	0	0	0	0	N	N	N	N	N	N	N	N	N	N	N	N	0.0207	0.0167	0.0056	0.0425	0.0372	0.0036	0.0019	0.0000	0.0168	0.0166	0.0188	0.0004	0.0589	0.0614	0.0006	0.0001	0.0000	0.0004	0.8022	1.1271	0.0681	1.3860	1.6519	0.1624	0.0283	0.0346	0.0213	0.0028	0.0267	-0.0005	-0.1344	7.3474	1.0155	24.2346	5.9708	0.0011	0.0011	0.0000	0.0011	0.0011	0.0000	0.0000	0.0000	0.0000	0.3109	0.3028	0.0081	0.3062	0.2998	0.0064	0.0047	0.0030	0.0017	0.0649	0.0570	0.0079	0.0183	0.0175	0.0008	0.0466	0.0395	0.0071	0.3876	0.2687	0.1189	0.2209	0.1815	0.0394	0.1667	0.0872	0.0795	0.0207	0.0167	0.0056	0.0425	0.0372	0.0036	0.0019	0.0000	0.0168	0.8022	1.1271	0.0681	1.3860	1.6519	0.1624	0.0283	0.0346	0.0213
54	70	0.5768	9	1	0	1	0	0	0	0	0	N	N	N	N	N	N	N	N	N	N	N	N	0.8186	0.5295	3.0332	1.3447	1.3030	1.0101	0.4975	0.0571	2.5196	0.3465	0.1970	1.5958	0.4018	0.4045	0.2500	0.3091	0.0317	1.6918	0.4233	0.3722	0.5261	0.2988	0.3105	0.2475	0.6213	0.5561	0.6715	0.9688	0.7025	0.0001	-0.0090	7.3474	0.0406	24.2346	2.3361	0.0020	0.0010	0.0010	0.0009	0.0009	0.0000	0.0011	0.0001	0.0010	0.1962	0.1152	0.0809	0.0851	0.0720	0.0131	0.1111	0.0432	0.0679	0.0057	0.0051	0.0006	0.0023	0.0023	0.0000	0.0034	0.0029	0.0006	0.4635	0.3096	0.1539	0.2846	0.2319	0.0527	0.1789	0.0777	0.1011	0.8186	0.5295	3.0332	1.3447	1.3030	1.0101	0.4975	0.0571	2.5196	0.4233	0.3722	0.5261	0.2988	0.3105	0.2475	0.6213	0.5561	0.6715
54	71	0.5356	10	1	1	1	0	0	0	0	0	N	N	N	N	N	N	N	N	N	N	N	N	0.0000	0.0000	0.0000	0.0000	0.0000	0.0000	0.0000	0.0000	0.0000	0.0000	0.0000	0.0000	0.0000	0.0000	0.0000	0.0000	0.0000	0.0000	0.0000	0.0000	7.3474	0.0000	24.2346	0.0000	0.0000	0.0000	0.0000	0.0000	0.0000	0.0000	0.0000	0.0000	0.0000	0.0000	0.0000	0.0000	0.0000	0.0000	0.0000	0.0000	0.0000	0.0000	0.0000	0.0000	0.0000	0.0000	0.0000	0.0000	0.0000	0.0000	0.0000	0.0000	0.0000	0.0000	0.0000	0.0000	0.0000	0.0000	0.0000	0.0000	0.0000	0.0000	0.0000	0.0000	0.0000	0.0000	0.0000	0.0000	0.0000	0.0000	0.0000	0.0000	0.0000	0.0000	0.0000	0.0000	0.0000	0.0000											
54	72	0.5176	9	1	1	1	0	0	0	0	0	N	N	N	N	N	N	N	N	N	N	N	N	0.6754	0.1474	3.9964	4.0156	1.4307	125.0100	0.4972	0.0780	3.3652	0.0165	0.0034	0.1079	0.0070	0.0026	0.1234	0.0204	0.0038	0.1065	0.0245	0.0233	0.0270	0.0017	0.0018	0.0010	0.0410	0.0490	0.0317	4.4971	0.5302	0.0014	-0.0007	7.3474	3.9057	24.2346	1.1104	0.0036	0.0007	0.0029	0.0004	0.0002	0.0003	0.0031	0.0005	0.0027	0.0062	0.0040	0.0021	0.0002	0.0002	0.0000	0.0060	0.0039	0.0021	0.2165	0.1893	0.0272	0.0620	0.0597	0.0022	0.1545	0.1296	0.0249	0.2519	0.1727	0.0792	0.1059	0.0938	0.0120	0.1460	0.0788	0.0672	0.6754	0.1474	3.9964	4.0156	1.4307	125.0100	0.4972	0.0780	3.3652	0.0245	0.0233	0.0270	0.0017	0.0018	0.0010	0.0410	0.0490	0.0317
54	73	0.3148	7	1	1	0	0	0	0	0	0	N	N	N	N	N	N	N	N	N	N	N	N	0.8760	5.0547	0.0046	4.5892	4.9190	0.0058	0.3768	7.9679	0.0062	0.9764	1.1263	0.0136	1.4153	1.5823	0.0009	0.6348	0.7497	0.0203	1.1146	0.2228	2.9483	0.3084	0.3217	0.1580	1.6847	0.0941	3.2676	0.0019	6.4344	-0.3301	0.7757	7.3474	6.9070	24.2346	16.5673	0.7516	0.7501	0.0014	0.4768	0.4768	0.0000	0.2748	0.2734	0.0014	1.9054	0.2563	1.6491	0.2184	0.2093	0.0091	1.6870	0.0470	1.6400	0.7698	0.6660	0.1038	0.3369	0.3013	0.0356	0.4329	0.3647	0.0682	1.7095	1.1501	0.5593	0.7081	0.6507	0.0574	1.0014	0.4995	0.5019	0.8760	5.0547	0.0046	4.5892	4.9190	0.0058	0.3768	7.9679	0.0062	1.1146	0.2228	2.9483	0.3084	0.3217	0.1580	1.6847	0.0941	3.2676
54	74	0.1381	3	0	1	0	1	0	0	0	0	N	N	N	N	N	N	N	N	N	N	N	N	0.0381	0.0496	0.0078	0.3756	0.4588	0.0033	0.0015	0.0002	0.0082	0.0439	0.0496	0.0109	0.2652	0.2793	0.0063	0.0021	0.0003	0.0111	1.1508	1.0005	1.3903	0.7059	0.6087	1.9108	1.4201	1.5155	1.3493	0.0380	0.8723	-0.0069	0.0206	7.3474	6.4226	24.2346	19.3377	0.0172	0.0165	0.0006	0.0165	0.0165	0.0000	0.0007	0.0001	0.0006	2.7350	1.4608	1.2742	0.6327	0.5048	0.1279	2.1023	0.9560	1.1463	0.3912	0.3333	0.0579	0.0621	0.0589	0.0032	0.3291	0.2744	0.0547	2.3767	1.4601	0.9165	0.8963	0.8293	0.0669	1.4804	0.6308	0.8496	0.0381	0.0496	0.0078	0.3756	0.4588	0.0033	0.0015	0.0002	0.0082	1.1508	1.0005	1.3903	0.7059	0.6087	1.9108	1.4201	1.5155	1.3493
54	75	0.0929	2	0	0	0	1	0	0	0	0	N	N	N	N	N	N	N	N	N	N	N	N	1.7291	0.1155	4.9948	0.2680	0.2619	0.4812	2.1065	0.0006	4.8312	1.4427	0.0693	5.8786	0.2042	0.2042	0.2153	1.8767	0.0001	5.8968	0.8343	0.5994	1.1769	0.7621	0.7794	0.4474	0.8909	0.1766	1.2206	26.2821	1.3462	0.3798	0.4106	7.3474	5.1932	24.2346	17.4397	0.7272	0.0267	0.7005	0.0267	0.0266	0.0001	0.7005	0.0000	0.7004	3.5578	1.5164	2.0414	1.4269	1.3831	0.0438	2.1310	0.1334	1.9976	0.5040	0.3849	0.1192	0.1308	0.1304	0.0004	0.3732	0.2545	0.1188	4.2643	2.5298	1.7345	1.8724	1.7745	0.0979	2.3919	0.7553	1.6366	1.7291	0.1155	4.9948	0.2680	0.2619	0.4812	2.1065	0.0006	4.8312	0.8343	0.5994	1.1769	0.7621	0.7794	0.4474	0.8909	0.1766	1.2206
54	77	0.5925	10	0	0	0	1	0	0	0	0	N	N	N	N	N	N	N	N	N	N	N	N	0.0414	0.0174	1.6118	0.0347	0.0305	0.3480	0.5833	0.0046	1.5170	0.0451	0.0265	0.1575	0.0683	0.0698	0.0208	0.0334	0.0000	0.1680	1.0901	1.5236	0.0977	1.9652	2.2850	0.0598	0.0573	0.0054	0.1107	0.9882	0.0280	0.0001	-0.4400	7.3474	0.3745	24.2346	14.7996	0.0013	0.0007	0.0007	0.0007	0.0007	0.0000	0.0006	0.0000	0.0006	1.0207	0.9929	0.0278	0.9961	0.9917	0.0044	0.0246	0.0012	0.0235	0.0291	0.0250	0.0041	0.0098	0.0095	0.0003	0.0193	0.0155	0.0038	0.9363	0.6517	0.2846	0.5069	0.4340	0.0728	0.4295	0.2177	0.2118	0.0414	0.0174	1.6118	0.0347	0.0305	0.3480	0.5833	0.0046	1.5170	1.0901	1.5236	0.0977	1.9652	2.2850	0.0598	0.0573	0.0054	0.1107
54	78	0.5702	9	0	0	0	1	0	0	0	0	N	N	N	N	N	N	N	N	N	N	N	N	1.2468	1.1587	2.5070	2.4284	2.3836	0.1231	0.7453	0.0135	2.1945	3.7345	2.1617	14.1631	6.1239	6.3921	0.1953	2.6762	0.0020	15.7390	2.9953	1.8656	5.6495	2.5217	2.6818	1.5865	3.5907	0.1468	7.1721	0.9882	1.2889	0.0198	0.2482	7.3474	1.4595	24.2346	10.3922	0.3540	0.1781	0.1760	0.1782	0.1780	0.0002	0.1758	0.0001	0.1757	2.3700	1.0355	1.3346	1.1114	1.0092	0.1022	1.2587	0.0262	1.2324	0.0948	0.0824	0.0124	0.0291	0.0278	0.0013	0.0657	0.0545	0.0112	0.7913	0.5550	0.2362	0.4407	0.3763	0.0644	0.3505	0.1787	0.1718	1.2468	1.1587	2.5070	2.4284	2.3836	0.1231	0.7453	0.0135	2.1945	2.9953	1.8656	5.6495	2.5217	2.6818	1.5865	3.5907	0.1468	7.1721
54	79	0.5560	8	0	0	0	1	0	0	0	0	N	N	N	N	N	N	N	N	N	N	N	N	0.0709	0.0658	0.1410	0.1486	0.1440	0.0341	0.0410	0.0251	0.1231	0.0192	0.0116	0.0705	0.0326	0.0342	0.0038	0.0137	0.0012	0.0790	0.2702	0.1762	0.4998	0.2198	0.2373	0.1112	0.3337	0.0482	0.6415	0.8977	1.1612	0.0001	0.0120	7.3474	1.3861	24.2346	6.3168	0.0016	0.0008	0.0007	0.0008	0.0008	0.0000	0.0008	0.0001	0.0007	0.1524	0.0705	0.0819	0.0692	0.0643	0.0049	0.0833	0.0062	0.0770	0.0824	0.0718	0.0106	0.0238	0.0226	0.0012	0.0586	0.0492	0.0094	0.5642	0.4003	0.1639	0.3147	0.2709	0.0438	0.2495	0.1294	0.1201	0.0709	0.0658	0.1410	0.1486	0.1440	0.0341	0.0410	0.0251	0.1231	0.2702	0.1762	0.4998	0.2198	0.2373	0.1112	0.3337	0.0482	0.6415
54	80	0.4966	7	0	0	0	1	0	0	0	0	N	N	N	N	N	N	N	N	N	N	N	N	1.6961	35.2991	0.0002	0.0030	0.0160	0.0000	1.3208	112.6587	0.0002	3.6335	4.1630	0.0015	0.0024	0.0025	0.0000	4.7881	5.6623	0.0016	2.1423	0.1179	6.3469	0.7942	0.1557	3.8457	3.6251	0.0503	7.3143	0.0001	25.9108	-0.3641	1.2590	7.3474	4.0043	24.2346	19.8631	0.8256	0.8255	0.0000	0.0001	0.0001	0.0000	0.8254	0.8254	0.0000	2.4956	0.0927	2.4029	0.4846	0.0786	0.4060	2.0110	0.0142	1.9968	0.2272	0.1983	0.0289	0.0548	0.0525	0.0023	0.1724	0.1458	0.0266	1.1649	0.7863	0.3786	0.6102	0.5046	0.1056	0.5547	0.2817	0.2730	1.6961	35.2991	0.0002	0.0030	0.0160	0.0000	1.3208	112.6587	0.0002	2.1423	0.1179	6.3469	0.7942	0.1557	3.8457	3.6251	0.0503	7.3143
54	81	0.4703	9	0	1	1	0	0	0	0	0	N	N	N	N	N	N	N	N	N	N	N	N	0.0133	0.0158	0.0012	0.1207	0.4480	0.0035	0.0052	0.0048	0.0006	0.0002	0.0003	0.0000	0.0004	0.0004	0.0001	0.0001	0.0002	0.0000	0.0170	0.0161	0.0189	0.0031	0.0009	0.0284	0.0260	0.0337	0.0179	0.0126	0.5784	-0.0000	-0.0005	7.3474	2.0162	24.2346	4.5500	0.0000	0.0000	0.0000	0.0000	0.0000	0.0000	0.0000	0.0000	0.0000	0.0057	0.0036	0.0021	0.0004	0.0001	0.0003	0.0053	0.0035	0.0018	0.1419	0.1243	0.0176	0.0542	0.0518	0.0024	0.0877	0.0724	0.0153	0.3356	0.2249	0.1107	0.1313	0.1206	0.0107	0.2044	0.1044	0.1000	0.0133	0.0158	0.0012	0.1207	0.4480	0.0035	0.0052	0.0048	0.0006	0.0170	0.0161	0.0189	0.0031	0.0009	0.0284	0.0260	0.0337	0.0179
54	82	0.6046	11	0	1	1	0	0	0	0	0	N	N	N	N	N	N	N	N	N	N	N	N	0.0533	0.0430	0.0034	0.2122	0.1854	0.0188	0.0000	0.0000	0.0003	0.0020	0.0023	0.0000	0.0069	0.0072	0.0001	0.0000	0.0000	0.0000	0.0381	0.0537	0.0030	0.0325	0.0390	0.0044	0.0467	0.0898	0.0021	0.0006	0.0248	-0.0002	-0.0070	7.3474	3.0011	24.2346	3.7015	0.0004	0.0004	0.0000	0.0004	0.0004	0.0000	0.0000	0.0000	0.0000	0.0161	0.0157	0.0004	0.0083	0.0081	0.0002	0.0077	0.0076	0.0002	0.1815	0.1595	0.0220	0.0534	0.0509	0.0025	0.1281	0.1086	0.0195	0.4220	0.2922	0.1298	0.2566	0.2082	0.0484	0.1654	0.0841	0.0814	0.0533	0.0430	0.0034	0.2122	0.1854	0.0188	0.0000	0.0000	0.0003	0.0381	0.0537	0.0030	0.0325	0.0390	0.0044	0.0467	0.0898	0.0021
54	83	0.5931	10	0	1	0	0	0	0	0	0	N	N	N	N	N	N	N	N	N	N	N	N	0.0037	0.0006	0.4913	0.0000	0.0000	0.0001	0.0038	0.0005	1.0568	0.0030	0.0007	0.0194	0.0000	0.0000	0.0000	0.0043	0.0011	0.0220	0.8111	1.1554	0.0395	0.6448	0.8166	0.0600	1.1197	2.0557	0.0208	3.6107	0.0153	0.0001	-0.1802	7.3474	2.0032	24.2346	4.2039	0.0004	0.0001	0.0003	0.0000	0.0000	0.0000	0.0004	0.0001	0.0003	0.4064	0.4003	0.0061	0.2100	0.2055	0.0044	0.1964	0.1948	0.0017	0.1223	0.1074	0.0149	0.0360	0.0343	0.0017	0.0863	0.0731	0.0132	0.5011	0.3465	0.1546	0.3257	0.2517	0.0740	0.1754	0.0947	0.0807	0.0037	0.0006	0.4913	0.0000	0.0000	0.0001	0.0038	0.0005	1.0568	0.8111	1.1554	0.0395	0.6448	0.8166	0.0600	1.1197	2.0557	0.0208
54	84	0.5899	10	1	0	1	0	0	0	0	0	N	N	N	N	N	N	N	N	N	N	N	N	0.0053	0.0095	0.0003	0.0008	0.0008	0.0001	0.0059	5.5043	0.0003	0.0056	0.0063	0.0005	0.0007	0.0007	0.0000	0.0078	0.0091	0.0006	1.0466	0.6635	1.7794	0.8255	0.9278	0.1879	1.3110	0.0016	2.2262	0.0113	1.4021	-0.0002	0.0501	7.3474	1.0052	24.2346	4.9545	0.0003	0.0003	0.0000	0.0000	0.0000	0.0000	0.0003	0.0003	0.0000	0.3994	0.1663	0.2331	0.1715	0.1661	0.0054	0.2278	0.0001	0.2277	0.0624	0.0548	0.0076	0.0191	0.0182	0.0009	0.0433	0.0366	0.0067	0.3816	0.2506	0.1310	0.2078	0.1791	0.0287	0.1738	0.0715	0.1023	0.0053	0.0095	0.0003	0.0008	0.0008	0.0001	0.0059	5.5043	0.0003	1.0466	0.6635	1.7794	0.8255	0.9278	0.1879	1.3110	0.0016	2.2262
54	85	0.5705	9	1	0	1	0	0	0	0	0	N	N	N	N	N	N	N	N	N	N	N	N	2.7615	3.1299	0.2576	0.0259	0.0220	0.0185	4.6098	32.7044	0.1863	0.9859	1.1095	0.0934	0.0102	0.0107	0.0001	1.3876	1.6184	0.1051	0.3570	0.3545	0.3625	0.3956	0.4874	0.0077	0.3010	0.0495	0.5644	0.0117	0.4649	-0.0260	-0.0251	7.3474	0.9968	24.2346	7.6169	0.0605	0.0598	0.0007	0.0002	0.0002	0.0000	0.0604	0.0597	0.0007	0.1782	0.1217	0.0566	0.1169	0.1165	0.0004	0.0613	0.0052	0.0561	0.0614	0.0539	0.0075	0.0179	0.0171	0.0008	0.0435	0.0369	0.0066	0.4992	0.3432	0.1560	0.2956	0.2391	0.0566	0.2036	0.1042	0.0994	2.7615	3.1299	0.2576	0.0259	0.0220	0.0185	4.6098	32.7044	0.1863	0.3570	0.3545	0.3625	0.3956	0.4874	0.0077	0.3010	0.0495	0.5644
54	86	0.5905	8	1	1	0	0	0	0	0	0	N	N	N	N	N	N	N	N	N	N	N	N	0.0127	0.0013	2.4597	0.0026	0.0023	0.1905	0.4195	0.0093	2.3243	0.0111	0.0016	0.0730	0.0039	0.0039	0.0026	0.0146	0.0003	0.0805	0.8767	1.2178	0.0297	1.5180	1.7224	0.0137	0.0348	0.0349	0.0346	6.9183	0.0098	0.0020	-0.4485	7.3474	5.8060	24.2346	6.1034	0.0046	0.0006	0.0040	0.0005	0.0005	0.0000	0.0041	0.0001	0.0040	0.9997	0.9900	0.0097	0.9826	0.9815	0.0011	0.0171	0.0085	0.0087	0.4145	0.3594	0.0551	0.1344	0.1291	0.0053	0.2801	0.2303	0.0498	1.1403	0.8130	0.3273	0.6473	0.5699	0.0774	0.4930	0.2431	0.2499	0.0127	0.0013	2.4597	0.0026	0.0023	0.1905	0.4195	0.0093	2.3243	0.8767	1.2178	0.0297	1.5180	1.7224	0.0137	0.0348	0.0349	0.0346
54	87	0.4966	7	1	1	0	0	0	0	0	0	N	N	N	N	N	N	N	N	N	N	N	N	1.2471	3.2082	0.0077	0.3707	0.3184	2.1843	1.0852	36.9321	0.0007	1.2867	1.4700	0.0171	0.2200	0.2212	0.1925	1.6226	1.9148	0.0021	1.0317	0.4582	2.2374	0.5936	0.6947	0.0881	1.4952	0.0518	3.0157	0.0017	2.3230	-0.3785	0.3867	7.3474	12.2869	24.2346	21.7146	0.8613	0.8599	0.0014	0.0353	0.0340	0.0013	0.8260	0.8259	0.0002	1.6065	0.4835	1.1231	0.4751	0.4633	0.0118	1.1314	0.0201	1.1113	0.6694	0.5849	0.0845	0.1603	0.1536	0.0067	0.5091	0.4313	0.0778	1.5571	1.0551	0.5020	0.8004	0.6669	0.1334	0.7567	0.3882	0.3685	1.2471	3.2082	0.0077	0.3707	0.3184	2.1843	1.0852	36.9321	0.0007	1.0317	0.4582	2.2374	0.5936	0.6947	0.0881	1.4952	0.0518	3.0157
54	88	0.5931	10	0	1	0	0	0	0	0	0	N	N	N	N	N	N	N	N	N	N	N	N	0.0002	0.0035	0.0000	0.0029	0.0047	0.0000	0.0001	0.0047	0.0000	0.0002	0.0002	0.0000	0.0003	0.0003	0.0000	0.0001	0.0001	0.0000	0.7375	0.0542	2.2825	0.1007	0.0647	0.2436	1.7351	0.0295	3.6488	0.0002	18.6058	-0.0000	0.2900	7.3474	4.0005	24.2346	9.0093	0.0000	0.0000	0.0000	0.0000	0.0000	0.0000	0.0000	0.0000	0.0000	0.5911	0.0301	0.5610	0.0493	0.0253	0.0240	0.5418	0.0049	0.5369	0.2415	0.2122	0.0293	0.0709	0.0675	0.0034	0.1707	0.1447	0.0260	0.8015	0.5558	0.2458	0.4893	0.3907	0.0986	0.3123	0.1651	0.1472	0.0002	0.0035	0.0000	0.0029	0.0047	0.0000	0.0001	0.0047	0.0000	0.7375	0.0542	2.2825	0.1007	0.0647	0.2436	1.7351	0.0295	3.6488
54	89	0.5705	9	0	1	0	0	0	0	0	0	N	N	N	N	N	N	N	N	N	N	N	N	0.0001	0.0001	0.0001	0.0104	0.0093	0.0000	0.0000	0.0000	0.0001	0.0002	0.0003	0.0000	0.0007	0.0008	0.0000	0.0000	0.0000	0.0000	1.7466	2.5299	0.0160	0.0723	0.0847	0.0186	4.1196	8.0246	0.0145	0.0009	0.0029	-0.0000	-0.4569	7.3474	1.0051	24.2346	9.2650	0.0000	0.0000	0.0000	0.0000	0.0000	0.0000	0.0000	0.0000	0.0000	1.0031	1.0003	0.0029	0.0243	0.0232	0.0012	0.9788	0.9771	0.0017	0.0619	0.0544	0.0075	0.0181	0.0172	0.0008	0.0439	0.0372	0.0067	0.5743	0.3954	0.1790	0.3367	0.2736	0.0631	0.2376	0.1218	0.1158	0.0001	0.0001	0.0001	0.0104	0.0093	0.0000	0.0000	0.0000	0.0001	1.7466	2.5299	0.0160	0.0723	0.0847	0.0186	4.1196	8.0246	0.0145
54	90	0.6190	9	0	0	1	0	0	0	0	0	N	N	N	N	N	N	N	N	N	N	N	N	0.0970	0.0794	0.1054	0.0018	0.0016	0.0016	0.4179	0.3250	0.1198	0.0112	0.0125	0.0022	0.0003	0.0003	0.0000	0.0162	0.0188	0.0025	0.1158	0.1571	0.0207	0.1720	0.1992	0.0212	0.0388	0.0578	0.0205	0.0239	0.0572	-0.0007	-0.0338	7.3474	2.3559	24.2346	7.1930	0.0017	0.0017	0.0000	0.0000	0.0000	0.0000	0.0017	0.0017	0.0000	0.0837	0.0791	0.0045	0.0718	0.0705	0.0014	0.0118	0.0087	0.0032	0.1524	0.1340	0.0183	0.0479	0.0458	0.0021	0.1045	0.0882	0.0163	0.7225	0.5039	0.2186	0.4176	0.3537	0.0638	0.3049	0.1501	0.1548	0.0970	0.0794	0.1054	0.0018	0.0016	0.0016	0.4179	0.3250	0.1198	0.1158	0.1571	0.0207	0.1720	0.1992	0.0212	0.0388	0.0578	0.0205
54	91	0.5861	8	0	0	0	0	0	0	0	0	N	N	N	N	N	N	N	N	N	N	N	N	1.3587	5.2612	0.0833	0.0861	0.2386	0.0056	1.9119	15.3378	0.1514	0.5421	0.6224	0.0897	0.0290	0.0323	0.0072	0.9595	1.1210	0.1438	0.3990	0.1183	1.0772	0.3363	0.1353	1.2963	0.5018	0.0731	0.9500	0.0256	3.7678	-0.1162	0.2561	7.3474	4.9284	24.2346	11.0439	0.2793	0.2724	0.0070	0.0067	0.0065	0.0002	0.2727	0.2659	0.0068	0.7717	0.1618	0.6098	0.4041	0.1345	0.2696	0.3676	0.0274	0.3402	0.5153	0.4376	0.0777	0.2312	0.2004	0.0308	0.2842	0.2372	0.0470	1.9341	1.3680	0.5661	1.2016	0.9937	0.2080	0.7325	0.3743	0.3581	1.3587	5.2612	0.0833	0.0861	0.2386	0.0056	1.9119	15.3378	0.1514	0.3990	0.1183	1.0772	0.3363	0.1353	1.2963	0.5018	0.0731	0.9500
54	92	0.4966	7	0	0	0	0	0	0	0	0	N	N	N	N	N	N	N	N	N	N	N	N	4.0250	7.4240	0.1033	0.0251	0.0325	0.0022	5.7352	30.6460	0.1201	2.8075	3.1979	0.1300	0.0188	0.0194	0.0033	3.6943	4.3435	0.1409	0.6975	0.4308	1.2578	0.7478	0.5985	1.4919	0.6441	0.1417	1.1726	0.0059	1.3902	-0.2716	0.1311	7.3474	3.9161	24.2346	29.2065	0.6241	0.6205	0.0037	0.0010	0.0010	0.0000	0.6231	0.6195	0.0037	1.0632	0.4448	0.6184	0.5867	0.3911	0.1956	0.4765	0.0537	0.4228	0.2223	0.1940	0.0283	0.0536	0.0514	0.0022	0.1687	0.1426	0.0261	1.5243	1.0326	0.4917	0.7846	0.6534	0.1311	0.7397	0.3792	0.3605	4.0250	7.4240	0.1033	0.0251	0.0325	0.0022	5.7352	30.6460	0.1201	0.6975	0.4308	1.2578	0.7478	0.5985	1.4919	0.6441	0.1417	1.1726
54	93	0.4703	9	1	1	0	0	0	0	0	0	N	N	N	N	N	N	N	N	N	N	N	N	0.0643	0.0495	0.0500	0.0524	0.0505	0.0300	0.1146	0.0772	0.0551	0.0038	0.0043	0.0002	0.0068	0.0071	0.0004	0.0021	0.0024	0.0002	0.0596	0.0878	0.0046	0.1298	0.1407	0.0139	0.0179	0.0316	0.0036	0.0075	0.0267	-0.0003	-0.0117	7.3474	2.5103	24.2346	7.4742	0.0006	0.0006	0.0000	0.0004	0.0004	0.0000	0.0002	0.0002	0.0000	0.0270	0.0263	0.0007	0.0219	0.0217	0.0002	0.0051	0.0046	0.0005	0.1677	0.1468	0.0209	0.0628	0.0600	0.0029	0.1048	0.0868	0.0180	0.4531	0.2998	0.1533	0.1689	0.1544	0.0145	0.2842	0.1453	0.1388	0.0643	0.0495	0.0500	0.0524	0.0505	0.0300	0.1146	0.0772	0.0551	0.0596	0.0878	0.0046	0.1298	0.1407	0.0139	0.0179	0.0316	0.0036
54	94	0.4341	8	0	1	0	0	0	0	0	0	N	N	N	N	N	N	N	N	N	N	N	N	0.8001	0.8611	0.0769	2.8282	2.6779	8.6088	0.0438	0.0389	0.0577	0.0277	0.0311	0.0024	0.0774	0.0801	0.0060	0.0017	0.0016	0.0020	0.0346	0.0361	0.0317	0.0274	0.0299	0.0007	0.0387	0.0420	0.0349	0.0104	0.4322	-0.0059	-0.0027	7.3474	7.1305	24.2346	3.2426	0.0136	0.0135	0.0001	0.0131	0.0130	0.0000	0.0005	0.0004	0.0001	0.0170	0.0118	0.0051	0.0048	0.0048	0.0000	0.0122	0.0071	0.0051	0.4908	0.4331	0.0577	0.1688	0.1627	0.0062	0.3220	0.2704	0.0516	0.4894	0.3279	0.1615	0.1749	0.1597	0.0152	0.3144	0.1682	0.1463	0.8001	0.8611	0.0769	2.8282	2.6779	8.6088	0.0438	0.0389	0.0577	0.0346	0.0361	0.0317	0.0274	0.0299	0.0007	0.0387	0.0420	0.0349
54	95	0.5705	9	1	1	0	0	0	0	0	0	N	N	N	N	N	N	N	N	N	N	N	N	0.0997	0.0217	45.0492	0.0927	0.0811	0.0038	0.0945	0.0026	127.7667	0.1694	0.0531	1.0108	0.1424	0.1493	0.0002	0.1802	0.0096	1.1367	1.6991	2.4438	0.0224	1.5352	1.8411	0.0524	1.9072	3.6669	0.0089	2.6294	0.0041	0.0228	-1.0949	7.3474	8.0000	24.2346	22.5660	0.0804	0.0221	0.0582	0.0194	0.0194	0.0000	0.0610	0.0028	0.0582	2.4100	2.4002	0.0098	1.2184	1.2113	0.0071	1.1916	1.1890	0.0027	0.4745	0.4169	0.0576	0.1362	0.1298	0.0064	0.3383	0.2871	0.0512	1.4184	0.9821	0.4363	0.7936	0.6579	0.1357	0.6248	0.3242	0.3006	0.0997	0.0217	45.0492	0.0927	0.0811	0.0038	0.0945	0.0026	127.7667	1.6991	2.4438	0.0224	1.5352	1.8411	0.0524	1.9072	3.6669	0.0089
54	96	0.4966	7	0	0	0	0	0	0	0	0	N	N	N	N	N	N	N	N	N	N	N	N	0.7568	0.7837	1.4893	11.2680	9.9424	6.3557	0.2414	0.0074	1.1813	0.5990	0.3731	2.1632	1.3434	1.3982	0.0856	0.3645	0.0078	2.3419	0.7915	0.4761	1.4525	0.1192	0.1406	0.0135	1.5099	1.0588	1.9825	0.8373	1.4558	0.0057	0.1530	7.3474	11.9964	24.2346	18.8414	0.3920	0.2134	0.1787	0.2106	0.2101	0.0006	0.1814	0.0033	0.1781	1.1382	0.4635	0.6747	0.0886	0.0869	0.0017	1.0496	0.3766	0.6730	0.6545	0.5719	0.0826	0.1568	0.1502	0.0065	0.4977	0.4216	0.0760	1.4380	0.9735	0.4645	0.7429	0.6178	0.1250	0.6951	0.3556	0.3395	0.7568	0.7837	1.4893	11.2680	9.9424	6.3557	0.2414	0.0074	1.1813	0.7915	0.4761	1.4525	0.1192	0.1406	0.0135	1.5099	1.0588	1.9825
54	98	0.6011	11	1	1	1	0	0	0	0	0	N	N	N	N	N	N	N	N	N	N	N	N	0.5204	0.5167	0.0184	3.6254	17.2617	0.0061	0.0011	0.0000	0.6561	0.8620	0.9713	0.0208	2.4737	2.5810	0.0183	0.0033	0.0000	0.0212	1.6563	1.8797	1.1314	0.6823	0.1495	2.9844	3.0660	5.6364	0.0323	0.0028	0.2562	-0.0253	-0.3275	7.3474	0.9502	24.2346	16.1595	0.0578	0.0576	0.0002	0.0576	0.0576	0.0000	0.0001	0.0000	0.0001	1.2870	1.0245	0.2625	0.3136	0.0558	0.2578	0.9734	0.9687	0.0047	0.0670	0.0593	0.0077	0.0233	0.0223	0.0010	0.0437	0.0370	0.0067	0.7770	0.5450	0.2320	0.4595	0.3732	0.0864	0.3175	0.1719	0.1456	0.5204	0.5167	0.0184	3.6254	17.2617	0.0061	0.0011	0.0000	0.6561	1.6563	1.8797	1.1314	0.6823	0.1495	2.9844	3.0660	5.6364	0.0323
54	99	0.4966	7	0	1	0	0	0	0	0	0	N	N	N	N	N	N	N	N	N	N	N	N	0.5201	0.5872	0.9733	3.9546	3.4228	17.0723	0.1769	0.0002	0.7626	0.5959	0.3692	2.1657	1.3566	1.4048	0.2506	0.3563	0.0002	2.3304	1.1458	0.6288	2.2252	0.3431	0.4104	0.0147	2.0139	1.0130	3.0559	0.8470	1.6949	0.0068	0.2569	7.3474	11.9964	24.2346	15.6499	0.3900	0.2112	0.1789	0.2127	0.2111	0.0016	0.1773	0.0001	0.1772	1.5065	0.5590	0.9475	0.2344	0.2326	0.0017	1.2721	0.3264	0.9457	0.6545	0.5719	0.0826	0.1568	0.1502	0.0065	0.4977	0.4216	0.0760	1.3148	0.8890	0.4258	0.6831	0.5668	0.1163	0.6317	0.3222	0.3095	0.5201	0.5872	0.9733	3.9546	3.4228	17.0723	0.1769	0.0002	0.7626	1.1458	0.6288	2.2252	0.3431	0.4104	0.0147	2.0139	1.0130	3.0559
54	100	0.6040	12	1	0	1	0	0	0	0	0	N	N	N	N	N	N	N	N	N	N	N	N	0.0767	0.0034	0.4146	0.2549	0.0066	1004.7078	0.0004	0.0069	0.0011	0.2344	0.0081	1.9051	0.7140	0.0229	13.5992	0.0013	0.0001	0.0080	3.0551	2.3879	4.5944	2.8008	3.4463	0.0135	3.4281	0.0089	7.2816	31.8807	0.8341	0.0077	-0.0076	7.3474	1.0008	24.2346	13.9255	0.0145	0.0004	0.0141	0.0145	0.0004	0.0140	0.0001	0.0000	0.0001	2.0968	1.1433	0.9536	1.1430	1.1420	0.0010	0.9538	0.0013	0.9525	0.0619	0.0545	0.0074	0.0202	0.0192	0.0010	0.0417	0.0353	0.0064	0.6863	0.4788	0.2076	0.4081	0.3314	0.0767	0.2782	0.1474	0.1308	0.0767	0.0034	0.4146	0.2549	0.0066	1004.7078	0.0004	0.0069	0.0011	3.0551	2.3879	4.5944	2.8008	3.4463	0.0135	3.4281	0.0089	7.2816
54	101	0.6011	11	1	0	1	0	0	0	0	0	N	N	N	N	N	N	N	N	N	N	N	N	0.1028	0.0080	0.7305	0.0036	0.0044	0.0142	0.9082	0.0298	14.5367	0.2680	0.0177	2.6780	0.0127	0.0117	0.0996	0.4787	0.0235	2.8214	2.6084	2.1964	3.6660	3.5590	2.6516	7.0203	0.5271	0.7880	0.1941	15.7400	0.6501	0.0016	-0.0292	7.3474	0.0532	24.2346	2.0467	0.0032	0.0002	0.0030	0.0001	0.0001	0.0000	0.0031	0.0001	0.0030	0.4532	0.2746	0.1785	0.4245	0.2506	0.1739	0.0287	0.0241	0.0046	0.0118	0.0107	0.0011	0.0053	0.0053	0.0001	0.0065	0.0054	0.0011	0.1737	0.1250	0.0487	0.1193	0.0945	0.0248	0.0545	0.0305	0.0239	0.1028	0.0080	0.7305	0.0036	0.0044	0.0142	0.9082	0.0298	14.5367	2.6084	2.1964	3.6660	3.5590	2.6516	7.0203	0.5271	0.7880	0.1941
54	102	0.5914	10	1	0	1	0	0	0	0	0	N	N	N	N	N	N	N	N	N	N	N	N	0.0318	0.0234	0.0861	0.0310	0.0479	0.0009	0.1559	0.0046	6.8443	0.0434	0.0255	0.1783	0.0647	0.0676	0.0044	0.0327	0.0016	0.2047	1.3665	1.0872	2.0693	2.0882	1.4103	4.9573	0.2095	0.3471	0.0299	0.9287	0.7563	0.0002	-0.0122	7.3474	2.0948	24.2346	3.0326	0.0059	0.0031	0.0029	0.0030	0.0030	0.0000	0.0030	0.0001	0.0029	0.4394	0.2502	0.1892	0.4135	0.2259	0.1876	0.0259	0.0243	0.0016	0.1369	0.1209	0.0161	0.0459	0.0438	0.0021	0.0911	0.0771	0.0139	0.3215	0.2301	0.0914	0.1980	0.1602	0.0378	0.1235	0.0699	0.0536	0.0318	0.0234	0.0861	0.0310	0.0479	0.0009	0.1559	0.0046	6.8443	1.3665	1.0872	2.0693	2.0882	1.4103	4.9573	0.2095	0.3471	0.0299
54	103	0.5705	9	1	0	1	0	0	0	0	0	N	N	N	N	N	N	N	N	N	N	N	N	0.6441	0.2015	176.1315	0.5319	0.4525	0.2888	2.6896	0.0789	210.3199	0.3833	0.1734	1.8981	0.4887	0.5126	0.0034	0.3406	0.0188	2.1352	0.5951	0.8607	0.0108	0.9187	1.1327	0.0119	0.1266	0.2378	0.0102	1.5172	0.0057	0.0148	-0.1367	7.3474	3.9484	24.2346	4.8420	0.0916	0.0364	0.0552	0.0337	0.0337	0.0000	0.0579	0.0027	0.0552	0.3019	0.3002	0.0017	0.2757	0.2750	0.0007	0.0262	0.0252	0.0010	0.2390	0.2099	0.0291	0.0690	0.0657	0.0032	0.1700	0.1442	0.0259	0.5073	0.3488	0.1585	0.3001	0.2428	0.0573	0.2072	0.1060	0.1012	0.6441	0.2015	176.1315	0.5319	0.4525	0.2888	2.6896	0.0789	210.3199	0.5951	0.8607	0.0108	0.9187	1.1327	0.0119	0.1266	0.2378	0.0102
54	104	0.5289	8	0	1	0	0	0	0	0	0	N	N	N	N	N	N	N	N	N	N	N	N	0.0060	0.0073	0.0002	0.0134	0.0193	0.0004	0.0017	0.0015	0.0000	0.0142	0.0160	0.0005	0.0325	0.0340	0.0025	0.0038	0.0044	0.0001	2.3461	2.1787	2.7014	2.4279	1.7619	5.9131	2.2620	2.8783	1.6074	0.0038	0.5844	-0.0038	-0.4165	7.3474	8.9557	24.2346	32.3127	0.0086	0.0086	0.0000	0.0072	0.0071	0.0000	0.0015	0.0015	0.0000	4.6513	2.9357	1.7155	2.4417	1.4876	0.9541	2.2095	1.4481	0.7614	0.6091	0.5389	0.0702	0.2211	0.2100	0.0111	0.3880	0.3289	0.0591	1.9825	1.3475	0.6350	1.0057	0.8444	0.1614	0.9768	0.5031	0.4737	0.0060	0.0073	0.0002	0.0134	0.0193	0.0004	0.0017	0.0015	0.0000	2.3461	2.1787	2.7014	2.4279	1.7619	5.9131	2.2620	2.8783	1.6074
54	105	0.5544	9	0	0	1	0	0	0	0	0	N	N	N	N	N	N	N	N	N	N	N	N	0.0000	0.0005	0.0000	0.0003	0.0003	0.0000	0.0000	0.0013	0.0000	0.0001	0.0001	0.0001	0.0000	0.0000	0.0000	0.0001	0.0001	0.0002	1.6511	0.1255	4.8828	0.1484	0.1680	0.0379	3.2719	0.0469	6.4439	0.3525	18.3702	-0.0000	0.5337	7.3474	4.2679	24.2346	7.8415	0.0000	0.0000	0.0000	0.0000	0.0000	0.0000	0.0000	0.0000	0.0000	1.0892	0.0562	1.0330	0.0508	0.0488	0.0020	1.0384	0.0074	1.0310	0.2977	0.2595	0.0382	0.1024	0.0983	0.0041	0.1953	0.1612	0.0341	0.6597	0.4481	0.2116	0.3423	0.2908	0.0516	0.3174	0.1574	0.1600	0.0000	0.0005	0.0000	0.0003	0.0003	0.0000	0.0000	0.0013	0.0000	1.6511	0.1255	4.8828	0.1484	0.1680	0.0379	3.2719	0.0469	6.4439
54	106	0.5289	8	0	0	0	0	0	0	0	0	N	N	N	N	N	N	N	N	N	N	N	N	0.0117	0.0096	0.0095	0.0036	0.0027	0.0755	0.0156	0.0109	0.0024	0.0081	0.0088	0.0019	0.0021	0.0019	0.0059	0.0130	0.0151	0.0006	0.6948	0.9236	0.1963	0.5857	0.6976	0.0784	0.8343	1.3842	0.2523	0.0243	0.0975	-0.0007	-0.2106	7.3474	1.9301	24.2346	9.0954	0.0016	0.0015	0.0000	0.0002	0.0002	0.0000	0.0014	0.0014	0.0000	0.5699	0.5193	0.0506	0.2696	0.2631	0.0065	0.3003	0.2562	0.0441	0.1925	0.1726	0.0199	0.0867	0.0820	0.0047	0.1058	0.0906	0.0152	0.8202	0.5622	0.2580	0.4602	0.3771	0.0831	0.3600	0.1851	0.1749	0.0117	0.0096	0.0095	0.0036	0.0027	0.0755	0.0156	0.0109	0.0024	0.6948	0.9236	0.1963	0.5857	0.6976	0.0784	0.8343	1.3842	0.2523
54	107	0.4966	7	0	0	0	0	0	0	0	0	N	N	N	N	N	N	N	N	N	N	N	N	1.3675	2.4037	0.0103	0.5998	0.5070	2.9422	0.9726	1.8066	0.0004	3.8558	4.4108	0.0494	0.5733	0.5723	0.5951	4.8997	5.7944	0.0026	2.8197	1.8350	4.8132	0.9558	1.1288	0.2023	5.0378	3.2073	6.8543	0.0016	1.2956	-0.3757	0.2184	7.3474	3.9049	24.2346	9.6098	0.8548	0.8534	0.0014	0.0307	0.0293	0.0013	0.8241	0.8241	0.0001	2.0602	0.8975	1.1627	0.3795	0.3645	0.0150	1.6807	0.5330	1.1477	0.2217	0.1935	0.0282	0.0535	0.0513	0.0022	0.1682	0.1422	0.0260	0.7306	0.4891	0.2416	0.3970	0.3229	0.0741	0.3336	0.1662	0.1674	1.3675	2.4037	0.0103	0.5998	0.5070	2.9422	0.9726	1.8066	0.0004	2.8197	1.8350	4.8132	0.9558	1.1288	0.2023	5.0378	3.2073	6.8543
54	108	0.5178	9	0	1	0	0	0	0	0	0	N	N	N	N	N	N	N	N	N	N	N	N	9.6520	14.3220	14.5221	40.2267	40.6757	7.4558	4.1020	1.7637	12.8628	0.8745	0.5577	3.0048	1.6468	1.7218	0.2417	0.5813	0.0585	3.3386	0.0906	0.0389	0.2069	0.0409	0.0423	0.0324	0.1417	0.0332	0.2596	0.8013	2.3603	0.0016	0.0321	7.3474	8.0392	24.2346	22.6195	0.4215	0.2340	0.1875	0.2184	0.2168	0.0016	0.2030	0.0172	0.1859	0.1315	0.0391	0.0923	0.0301	0.0268	0.0034	0.1013	0.0124	0.0890	0.4820	0.4196	0.0624	0.1326	0.1259	0.0067	0.3493	0.2936	0.0557	1.4509	1.0046	0.4463	0.7358	0.6324	0.1034	0.7151	0.3723	0.3428	9.6520	14.3220	14.5221	40.2267	40.6757	7.4558	4.1020	1.7637	12.8628	0.0906	0.0389	0.2069	0.0409	0.0423	0.0324	0.1417	0.0332	0.2596
54	109	0.5178	8	0	0	0	0	0	0	0	0	N	N	N	N	N	N	N	N	N	N	N	N	4.4914	3.7681	7.4918	7.6200	5.6343	85.8125	2.2163	1.7882	3.3989	0.2256	0.1882	0.3822	0.3289	0.2680	0.9420	0.1365	0.1011	0.2270	0.0502	0.0499	0.0510	0.0432	0.0476	0.0110	0.0616	0.0566	0.0668	0.4849	0.3638	-0.0009	-0.0023	7.3474	0.2031	24.2346	2.0398	0.0079	0.0053	0.0026	0.0053	0.0039	0.0014	0.0026	0.0014	0.0012	0.0121	0.0089	0.0032	0.0064	0.0062	0.0002	0.0057	0.0027	0.0030	0.0350	0.0282	0.0067	0.0162	0.0147	0.0015	0.0188	0.0135	0.0053	0.2416	0.1782	0.0635	0.1491	0.1311	0.0179	0.0926	0.0470	0.0455	4.4914	3.7681	7.4918	7.6200	5.6343	85.8125	2.2163	1.7882	3.3989	0.0502	0.0499	0.0510	0.0432	0.0476	0.0110	0.0616	0.0566	0.0668
54	110	0.5314	10	1	0	1	0	0	0	0	0	N	N	N	N	N	N	N	N	N	N	N	N	0.0000	0.0000	0.0000	0.0000	0.0000	0.0000	0.0000	0.0000	0.0000	0.0000	0.0000	0.0000	0.0000	0.0000	0.0000	0.0000	0.0000	0.0000	0.0000	0.0001	0.0000	0.0000	0.0000	0.0000	0.0625	-0.0000	-0.0000	7.3474	0.0001	24.2346	0.0001	0.0000	0.0000	0.0000	0.0000	0.0000	0.0000	0.0000	0.0000	0.0000	0.0000	0.0000	0.0000	0.0000	0.0000	0.0000	0.0000	0.0000	0.0000	0.0051	0.0040	0.0011	0.0025	0.0025	0.0000	0.0025	0.0015	0.0011	0.0002	0.0002	0.0001	0.0001	0.0001	0.0000	0.0001	0.0000	0.0000	0.0000	0.0000	0.0000	0.0000	0.0000	0.0000	0.0000	0.0000	0.0000	0.0000	0.0000	0.0000	0.0000	0.0001	0.0000	0.0000	0.0000	0.0000				
54	111	0.5176	9	1	0	1	0	0	0	0	0	N	N	N	N	N	N	N	N	N	N	N	N	0.3211	0.2961	0.5333	8.7194	7.2720	122.1215	0.0380	0.0031	0.2721	0.0086	0.0076	0.0156	0.0240	0.0219	0.0892	0.0017	0.0002	0.0093	0.0268	0.0257	0.0292	0.0028	0.0030	0.0007	0.0445	0.0530	0.0343	0.2895	0.5151	-0.0002	-0.0007	7.3474	1.6718	24.2346	2.9223	0.0009	0.0007	0.0002	0.0008	0.0007	0.0001	0.0001	0.0000	0.0001	0.0063	0.0042	0.0022	0.0003	0.0003	0.0000	0.0060	0.0039	0.0021	0.1055	0.0924	0.0131	0.0327	0.0317	0.0010	0.0728	0.0607	0.0121	0.2358	0.1621	0.0737	0.0998	0.0884	0.0113	0.1361	0.0737	0.0624	0.3211	0.2961	0.5333	8.7194	7.2720	122.1215	0.0380	0.0031	0.2721	0.0268	0.0257	0.0292	0.0028	0.0030	0.0007	0.0445	0.0530	0.0343
54	112	0.4341	8	1	0	1	0	0	0	0	0	N	N	N	N	N	N	N	N	N	N	N	N	0.5426	0.1935	1.8987	189.1951	35.6463	8506.4335	0.0835	0.0002	0.3718	1.8169	0.3327	12.5196	4.9251	0.9827	97.3283	0.4237	0.0008	2.6766	3.3488	1.7192	6.5938	0.0260	0.0276	0.0114	5.0740	3.2108	7.1989	5.2191	1.9516	0.5826	0.5830	7.3474	14.0283	24.2346	7.1084	1.4634	0.2353	1.2281	1.2278	0.2350	0.9929	0.2356	0.0004	0.2353	2.8745	0.9739	1.9006	0.0076	0.0073	0.0003	2.8669	0.9666	1.9003	0.8055	0.7074	0.0981	0.2493	0.2391	0.0102	0.5562	0.4683	0.0879	0.8584	0.5665	0.2919	0.2934	0.2654	0.0279	0.5650	0.3010	0.2640	0.5426	0.1935	1.9228	189.1951	35.6463	8506.4335	0.0835	0.0002	0.3718	3.3488	1.7192	6.5112	0.0260	0.0276	0.0114	5.0740	3.2108	7.1989
54	113	0.3738	7	0	0	0	0	0	0	0	0	N	N	N	N	N	N	N	N	N	N	N	N	0.2353	0.2100	0.1038	0.3144	0.2751	2.2181	0.3261	1.1434	0.0749	0.0132	0.0148	0.0025	0.0296	0.0306	0.0041	0.0059	0.0066	0.0024	0.0561	0.0704	0.0244	0.0942	0.1112	0.0018	0.0180	0.0058	0.0319	0.0257	0.1574	-0.0037	-0.0239	7.3474	8.6129	24.2346	5.1709	0.0089	0.0087	0.0002	0.0062	0.0061	0.0000	0.0028	0.0026	0.0002	0.0743	0.0642	0.0101	0.0623	0.0621	0.0002	0.0119	0.0020	0.0099	0.6770	0.5887	0.0883	0.2086	0.2009	0.0077	0.4684	0.3878	0.0806	1.3243	0.9108	0.4134	0.6614	0.5585	0.1029	0.6629	0.3523	0.3106	0.2353	0.2100	0.1038	0.3144	0.2751	2.2181	0.3261	1.1434	0.0749	0.0561	0.0704	0.0244	0.0942	0.1112	0.0018	0.0180	0.0058	0.0319
54	114	0.2787	6	0	0	0	0	0	0	0	0	N	N	N	N	N	N	N	N	N	N	N	N	1.9534	1.7532	0.6364	2.6618	2.5782	0.0456	1.9970	1.6965	0.6942	0.9322	1.0739	0.1346	1.8459	1.9026	0.0130	0.6731	0.7941	0.1402	0.4772	0.6126	0.2114	0.6935	0.7380	0.2851	0.3370	0.4681	0.2019	0.0223	0.1757	-0.4044	-0.3699	7.3474	16.8607	24.2346	22.7724	0.9643	0.9434	0.0210	0.4219	0.4219	0.0001	0.5424	0.5215	0.0209	1.1974	1.0184	0.1790	0.6844	0.6567	0.0277	0.5130	0.3617	0.1513	1.0345	0.8784	0.1560	0.2286	0.2217	0.0069	0.8059	0.6567	0.1492	2.5090	1.6626	0.8464	0.9869	0.8899	0.0970	1.5221	0.7727	0.7494	1.9534	1.7532	0.6364	2.6618	2.5782	0.0456	1.9970	1.6965	0.6942	0.4772	0.6126	0.2114	0.6935	0.7380	0.2851	0.3370	0.4681	0.2019
54	115	0.5768	9	1	0	1	0	0	0	0	0	N	N	N	N	N	N	N	N	N	N	N	N	0.0000	0.0000	0.0000	0.0000	0.0000	0.0000	0.0000	0.0000	0.0000	0.0000	0.0000	0.0000	0.0000	0.0000	0.0000	0.0000	0.0000	0.0000	1.3541	2.0177	0.0053	0.2690	0.3286	0.0030	2.9760	6.5916	0.0065	0.0013	0.0000	-0.3624	7.3474	1.0009	24.2346	4.0038	0.0000	0.0000	0.0000	0.0000	0.0000	0.0000	0.0000	0.0000	0.0000	0.7930	0.7919	0.0010	0.0944	0.0942	0.0002	0.6986	0.6977	0.0008	0.0641	0.0563	0.0078	0.0181	0.0173	0.0008	0.0460	0.0390	0.0070	0.5856	0.3925	0.1931	0.3509	0.2867	0.0642	0.2347	0.1059	0.1289	0.0000	0.0000	0.0000	0.0000	0.0000	0.0000	0.0000	0.0000	0.0000	1.3541	2.0177	0.0053	0.2690	0.3286	0.0030	2.9760	6.5916	0.0065	
54	116	0.5485	8	1	0	1	0	0	0	0	0	N	N	N	N	N	N	N	N	N	N	N	N	0.0060	0.0014	0.0261	0.0017	0.0015	0.0023	0.0055	0.0011	0.0213	0.0071	0.0012	0.0501	0.0011	0.0011	0.0005	0.0101	0.0012	0.0561	1.1847	0.8557	1.9224	0.6495	0.7353	0.2197	1.8343	1.0903	2.6379	5.7743	1.0019	0.0004	0.0353	7.3474	1.8441	24.2346	10.4794	0.0010	0.0001	0.0008	0.0001	0.0001	0.0000	0.0009	0.0001	0.0008	0.8374	0.4183	0.4191	0.2517	0.2375	0.0142	0.5857	0.1808	0.4049	0.1395	0.1227	0.0168	0.0467	0.0449	0.0018	0.0927	0.0778	0.0149	0.7068	0.4888	0.2180	0.3875	0.3230	0.0645	0.3193	0.1658	0.1535	0.0060	0.0014	0.0261	0.0017	0.0015	0.0023	0.0055	0.0011	0.0213	1.1847	0.8557	1.9224	0.6495	0.7353	0.2197	1.8343	1.0903	2.6379
54	117	0.2604	6	0	1	0	1	0	0	0	0	N	N	N	N	N	N	N	N	N	N	N	N	3.3233	2.7441	0.2809	2.1906	2.1820	0.0220	3.9861	2.4816	0.3699	1.7419	2.0056	0.0327	1.2747	1.3415	0.0057	1.9035	2.2660	0.0356	0.5242	0.7309	0.1165	0.5819	0.6148	0.2602	0.4775	0.9131	0.0962	0.0025	0.0808	-0.5694	-0.5430	7.3474	10.5071	24.2346	20.2622	1.2983	1.2951	0.0033	0.2441	0.2440	0.0001	1.0542	1.0510	0.0032	1.4155	1.3097	0.1058	0.7022	0.6730	0.0292	0.7133	0.6367	0.0766	0.7453	0.6457	0.0996	0.1915	0.1819	0.0096	0.5538	0.4638	0.0900	2.7005	1.7919	0.9085	1.2068	1.0947	0.1121	1.4937	0.6972	0.7965	3.3233	2.7441	0.2809	2.1906	2.1820	0.0220	3.9861	2.4816	0.3699	0.5242	0.7309	0.1165	0.5819	0.6148	0.2602	0.4775	0.9131	0.0962
54	118	0.4966	7	0	1	0	1	0	0	0	0	N	N	N	N	N	N	N	N	N	N	N	N	2.2255	2.7756	0.4807	3.3388	0.1263	584.3921	1.4396	1.4997	0.0000	3.7750	4.1785	1.0074	0.5550	0.0247	12.7488	4.7988	5.6754	0.0000	1.6962	1.5054	2.0960	0.1662	0.1955	0.0218	3.3335	3.7843	2.8617	0.0352	0.6647	-0.3484	-0.1426	7.3474	4.0036	24.2346	26.5072	0.8558	0.8267	0.0291	0.0304	0.0013	0.0291	0.8254	0.8254	0.0000	2.4138	1.4500	0.9638	0.1223	0.1196	0.0027	2.2915	1.3304	0.9611	0.2267	0.1979	0.0288	0.0547	0.0524	0.0023	0.1720	0.1454	0.0266	1.4230	0.9632	0.4598	0.7356	0.6116	0.1240	0.6874	0.3516	0.3358	2.2255	2.7756	0.4807	3.3388	0.1263	584.3921	1.4396	1.4997	0.0000	1.6962	1.5054	2.0960	0.1662	0.1955	0.0218	3.3335	3.7843	2.8617
54	119	0.5350	8	0	1	0	0	0	0	0	0	N	N	N	N	N	N	N	N	N	N	N	N	0.0633	0.0330	11.5564	1.6585	1.4429	0.2471	0.0167	0.0000	10.7933	0.0511	0.0383	0.1336	0.0860	0.0886	0.0018	0.0292	0.0001	0.1456	0.8076	1.1608	0.0116	0.0519	0.0614	0.0074	1.7466	3.2865	0.0135	0.5407	0.0044	-0.0015	-0.5009	7.3474	3.8169	24.2346	21.2433	0.0162	0.0105	0.0057	0.0105	0.0105	0.0000	0.0057	0.0000	0.0057	1.1035	1.0986	0.0049	0.0393	0.0383	0.0010	1.0642	1.0603	0.0039	0.3172	0.2746	0.0426	0.1223	0.1188	0.0036	0.1948	0.1558	0.0391	1.3663	0.9464	0.4199	0.7570	0.6238	0.1333	0.6093	0.3226	0.2867	0.0633	0.0330	11.5564	1.6585	1.4429	0.2471	0.0167	0.0000	10.7933	0.8076	1.1608	0.0116	0.0519	0.0614	0.0074	1.7466	3.2865	0.0135
54	120	0.1472	4	0	1	0	0	0	0	0	0	N	N	N	N	N	N	N	N	N	N	N	N	0.2920	0.4453	0.3641	1.0081	1.2452	0.1778	0.1658	0.1758	0.3688	0.3304	0.2359	0.7940	0.7193	0.7270	0.3813	0.2310	0.0812	0.8054	1.1313	0.5297	2.1804	0.7135	0.5839	2.1444	1.3936	0.4617	2.1838	0.6863	2.3608	-0.0130	1.2364	7.3474	16.3276	24.2346	34.9199	0.3818	0.2264	0.1554	0.1692	0.1672	0.0020	0.2126	0.0592	0.1534	5.0654	1.5072	3.5582	1.2321	0.9245	0.3076	3.8334	0.5827	3.2507	1.1555	0.9598	0.1957	0.2352	0.2299	0.0053	0.9203	0.7299	0.1904	4.4775	2.8455	1.6320	1.7268	1.5834	0.1434	2.7507	1.2621	1.4885	0.2920	0.4453	0.3641	1.0081	1.2452	0.1778	0.1658	0.1758	0.3688	1.1313	0.5297	2.1804	0.7135	0.5839	2.1444	1.3936	0.4617	2.1838
54	121	0.1298	3	0	1	0	0	0	0	0	0	N	N	N	N	N	N	N	N	N	N	N	N	0.3004	0.3207	0.4066	0.8174	0.8552	0.1114	0.1707	0.1305	0.4065	0.2774	0.2217	0.5353	0.6749	0.6779	0.1388	0.1710	0.0653	0.5379	0.9235	0.6915	1.3165	0.8256	0.7927	1.2457	1.0014	0.5004	1.3232	0.5211	1.1244	-0.0135	0.2250	7.3474	6.1757	24.2346	14.5601	0.1372	0.0902	0.0470	0.0705	0.0704	0.0001	0.0667	0.0198	0.0469	3.1738	1.4940	1.6798	1.2574	1.1194	0.1379	1.9165	0.3746	1.5419	0.4947	0.4068	0.0878	0.1045	0.1039	0.0006	0.3902	0.3030	0.0872	3.4366	2.1607	1.2760	1.5229	1.4121	0.1107	1.9138	0.7485	1.1652	0.3004	0.3207	0.4066	0.8174	0.8552	0.1114	0.1707	0.1305	0.4065	0.9235	0.6915	1.3165	0.8256	0.7927	1.2457	1.0014	0.5004	1.3232
54	123	0.5705	9	0	1	0	0	0	0	0	0	N	N	N	N	N	N	N	N	N	N	N	N	1.7117	0.6853	378.3347	1.6824	1.4628	1.8427	203.9125	2.8238	1221.7575	1.4808	0.8523	6.0157	2.5699	2.6929	0.0702	1.0391	0.0132	6.7597	0.8651	1.2436	0.0159	1.5275	1.8410	0.0381	0.0051	0.0047	0.0055	0.9782	0.0057	0.0191	-0.4474	7.3474	4.0019	24.2346	19.5615	0.3586	0.1813	0.1773	0.1796	0.1793	0.0002	0.1790	0.0019	0.1771	0.9882	0.9826	0.0056	0.9857	0.9814	0.0043	0.0025	0.0012	0.0013	0.2422	0.2127	0.0295	0.0699	0.0666	0.0033	0.1723	0.1461	0.0262	1.1424	0.7902	0.3522	0.6453	0.5331	0.1122	0.4971	0.2571	0.2400	1.7117	0.6853	378.3347	1.6824	1.4628	1.8427	203.9125	2.8238	1221.7575	0.8651	1.2436	0.0159	1.5275	1.8410	0.0381	0.0051	0.0047	0.0055
54	124	0.5485	8	0	0	0	0	0	0	0	0	N	N	N	N	N	N	N	N	N	N	N	N	0.0023	0.0087	0.0002	0.0114	0.0162	0.0022	0.0000	0.0000	0.0001	0.0005	0.0006	0.0001	0.0015	0.0015	0.0007	0.0000	0.0000	0.0001	0.2272	0.0673	0.5888	0.1290	0.0927	0.3078	0.3499	0.0167	0.7126	0.0297	3.8687	-0.0000	0.0442	7.3474	1.2223	24.2346	8.2281	0.0001	0.0001	0.0000	0.0001	0.0001	0.0000	0.0000	0.0000	0.0000	0.1315	0.0270	0.1045	0.0415	0.0248	0.0167	0.0900	0.0022	0.0878	0.1020	0.0898	0.0122	0.0362	0.0349	0.0013	0.0658	0.0549	0.0109	0.5787	0.4013	0.1774	0.3215	0.2672	0.0543	0.2572	0.1341	0.1231	0.0023	0.0087	0.0002	0.0114	0.0162	0.0022	0.0000	0.0000	0.0001	0.2272	0.0673	0.5888	0.1290	0.0927	0.3078	0.3499	0.0167	0.7126
54	125	0.4966	7	0	0	0	0	0	0	0	0	N	N	N	N	N	N	N	N	N	N	N	N	0.0873	1.5360	0.0107	7.3444	6.3144	29.3411	0.0001	0.0000	0.0004	0.0918	0.1004	0.0329	0.3804	0.3798	0.3944	0.0003	0.0000	0.0018	1.0516	0.0653	3.0779	0.0518	0.0602	0.0134	2.1891	0.0750	4.3342	0.0477	22.9286	-0.0122	0.4916	7.3474	5.9920	24.2346	12.2976	0.0309	0.0295	0.0014	0.0308	0.0295	0.0013	0.0001	0.0000	0.0001	0.9836	0.0411	0.9425	0.0258	0.0246	0.0012	0.9578	0.0165	0.9413	0.3365	0.2938	0.0427	0.0810	0.0776	0.0034	0.2555	0.2162	0.0393	0.9354	0.6292	0.3062	0.4978	0.4088	0.0890	0.4375	0.2204	0.2172	0.0873	1.5360	0.0107	7.3444	6.3144	29.3411	0.0001	0.0000	0.0004	1.0516	0.0653	3.0779	0.0518	0.0602	0.0134	2.1891	0.0750	4.3342
54	126	0.5337	9	0	1	0	0	0	0	0	0	N	N	N	N	N	N	N	N	N	N	N	N	11.6757	17.4011	0.0437	14.5532	20.9887	0.0987	12.6414	23.5376	0.0228	1.1217	1.2911	0.0064	1.8261	1.9449	0.0326	0.8156	0.9731	0.0020	0.0961	0.0742	0.1464	0.1255	0.0927	0.3301	0.0645	0.0413	0.0896	0.0008	0.8581	-0.1586	0.0004	7.3474	5.0407	24.2346	17.1705	0.3602	0.3600	0.0003	0.1777	0.1775	0.0002	0.1826	0.1825	0.0001	0.1081	0.0582	0.0499	0.0731	0.0465	0.0266	0.0350	0.0117	0.0233	0.3211	0.2788	0.0423	0.0973	0.0912	0.0060	0.2239	0.1876	0.0363	1.1247	0.7838	0.3410	0.5822	0.5018	0.0805	0.5425	0.2820	0.2605	11.6757	17.4011	0.0437	14.5532	20.9887	0.0987	12.6414	23.5376	0.0228	0.0961	0.0742	0.1464	0.1255	0.0927	0.3301	0.0645	0.0413	0.0896
54	127	0.5178	8	0	1	0	0	0	0	0	0	N	N	N	N	N	N	N	N	N	N	N	N	1.2213	0.8915	4.2972	2.3980	1.8152	24.4575	0.6758	0.4173	1.9049	0.0706	0.0627	0.1185	0.1445	0.1204	0.5091	0.0371	0.0328	0.0568	0.0578	0.0703	0.0276	0.0603	0.0663	0.0208	0.0549	0.0786	0.0298	0.3134	0.1619	-0.0020	-0.0095	7.3474	1.9703	24.2346	6.2034	0.0098	0.0075	0.0023	0.0063	0.0049	0.0014	0.0035	0.0026	0.0010	0.0299	0.0257	0.0042	0.0171	0.0163	0.0008	0.0128	0.0094	0.0034	0.1387	0.1190	0.0197	0.0433	0.0406	0.0027	0.0954	0.0784	0.0170	0.5169	0.3659	0.1510	0.2840	0.2463	0.0377	0.2329	0.1197	0.1133	1.2213	0.8915	4.2972	2.3980	1.8152	24.4575	0.6758	0.4173	1.9049	0.0578	0.0703	0.0276	0.0603	0.0663	0.0208	0.0549	0.0786	0.0298
54	128	0.4966	7	0	0	0	0	0	0	0	0	N	N	N	N	N	N	N	N	N	N	N	N	0.0474	1.1382	0.0223	2.4046	2.2093	0.1589	0.0146	0.8679	0.0161	0.0623	0.0590	0.0850	0.1230	0.1281	0.0038	0.0428	0.0337	0.0919	1.3141	0.0518	3.8063	0.0511	0.0580	0.0238	2.9359	0.0388	5.7037	0.2117	37.2137	-0.0011	0.3565	7.3474	1.1032	24.2346	7.8190	0.0040	0.0033	0.0007	0.0019	0.0019	0.0000	0.0021	0.0014	0.0007	0.6916	0.0181	0.6735	0.0151	0.0137	0.0014	0.6765	0.0044	0.6721	0.0639	0.0557	0.0082	0.0156	0.0149	0.0006	0.0483	0.0408	0.0075	0.5263	0.3493	0.1769	0.2959	0.2368	0.0591	0.2304	0.1126	0.1178	0.0474	1.1382	0.0223	2.4046	2.2093	0.1589	0.0146	0.8679	0.0161	1.3141	0.0518	3.8063	0.0511	0.0580	0.0238	2.9359	0.0388	5.7037
54	129	0.2121	5	0	1	0	0	0	0	0	0	N	N	N	N	N	N	N	N	N	N	N	N	0.2314	0.0931	6.2058	0.1617	0.1601	0.0011	0.4290	0.0000	7.6021	0.0042	0.0024	0.0216	0.0043	0.0045	0.0000	0.0041	0.0000	0.0270	0.0182	0.0253	0.0035	0.0267	0.0281	0.0027	0.0096	0.0187	0.0036	0.9840	0.0659	0.0000	-0.0062	7.3474	1.0033	24.2346	0.8635	0.0008	0.0004	0.0004	0.0004	0.0004	0.0000	0.0004	0.0000	0.0004	0.0157	0.0147	0.0010	0.0116	0.0115	0.0001	0.0041	0.0032	0.0009	0.1881	0.1699	0.0182	0.0926	0.0890	0.0036	0.0954	0.0808	0.0146	0.8608	0.5821	0.2786	0.4342	0.4109	0.0233	0.4265	0.1713	0.2553	0.2314	0.0931	6.2058	0.1617	0.1601	0.0011	0.4290	0.0000	7.6021	0.0182	0.0253	0.0035	0.0267	0.0281	0.0027	0.0096	0.0187	0.0036
54	130	0.1829	4	0	0	0	0	0	0	0	0	N	N	N	N	N	N	N	N	N	N	N	N	0.0587	0.0824	0.0613	0.1388	0.1153	7.3567	0.0344	0.2287	0.0446	0.0169	0.0145	0.0302	0.0317	0.0284	0.1667	0.0117	0.0085	0.0245	0.2880	0.1760	0.4923	0.2283	0.2464	0.0227	0.3402	0.0372	0.5480	0.3808	1.5340	-0.0013	0.1122	7.3474	5.5514	24.2346	9.9598	0.0080	0.0058	0.0022	0.0039	0.0034	0.0005	0.0041	0.0024	0.0017	0.7630	0.3011	0.4619	0.2820	0.2797	0.0023	0.4810	0.0214	0.4597	0.4750	0.4015	0.0735	0.1240	0.1210	0.0030	0.3510	0.2805	0.0705	2.6490	1.7106	0.9383	1.2350	1.1355	0.0996	1.4139	0.5752	0.8388	0.0587	0.0824	0.0613	0.1388	0.1153	7.3567	0.0344	0.2287	0.0446	0.2880	0.1760	0.4923	0.2283	0.2464	0.0227	0.3402	0.0372	0.5480
54	132	0.5935	11	1	1	0	1	0	0	0	0	N	N	N	N	N	N	N	N	N	N	N	N	0.0000	0.0000	0.0000	0.0000	0.0000	0.0000	0.0000	0.0000	0.0000	0.0000	0.0000	0.0000	0.0000	0.0000	0.0000	0.0000	0.0000	0.0000	0.0010	0.0008	0.0015	0.0006	0.0007	0.0000	0.0015	0.0009	0.0020	0.8997	0.0000	0.0000	7.3474	1.0000	24.2346	3.0001	0.0000	0.0000	0.0000	0.0000	0.0000	0.0000	0.0000	0.0000	0.0000	0.0002	0.0001	0.0001	0.0001	0.0001	0.0000	0.0001	0.0000	0.0001	0.0610	0.0535	0.0075	0.0167	0.0159	0.0008	0.0444	0.0376	0.0068	0.1926	0.1306	0.0621	0.1032	0.0854	0.0178	0.0894	0.0452	0.0443	0.0000	0.0000	0.0000	0.0000	0.0000	0.0000	0.0000	0.0000	0.0000	0.0010	0.0008	0.0015	0.0006	0.0007	0.0000	0.0015	0.0009	0.0020	
54	133	0.4256	11	1	1	0	1	0	0	0	0	N	N	N	N	N	N	N	N	N	N	N	N	0.0000	0.0000	0.0000	0.0000	0.0000	0.0000	0.0000	0.0000	0.0000	0.0000	0.0000	0.0000	0.0000	0.0000	0.0000	0.0000	0.0000	0.0000	5.2544	3.7829	6.1139	8.8756	5.9942	7.8095	3.4609	1.1905	5.7380	0.8464	0.0000	0.0000	7.3474	0.0006	24.2346	1.9797	0.0000	0.0000	0.0000	0.0000	0.0000	0.0000	0.0000	0.0000	0.0000	0.5519	0.2989	0.2530	0.3171	0.2584	0.0586	0.2348	0.0404	0.1943	0.0001	0.0000	0.0000	0.0000	0.0000	0.0000	0.0000	0.0000	0.0000	0.1204	0.0790	0.0414	0.0525	0.0450	0.0075	0.0678	0.0340	0.0339	0.0000	0.0000	0.0000	0.0000	0.0000	0.0000	0.0000	0.0000	0.0000	4.5841	3.7829	6.1139	6.0342	5.7382	7.8095	3.4609	1.1905	5.7380	
54	134	0.4088	10	1	1	0	1	0	0	0	0	N	N	N	N	N	N	N	N	N	N	N	N	0.0000	0.0000	0.0000	0.0000	0.0000	0.0000	0.0000	0.0000	0.0000	0.0000	0.0000	0.0000	0.0000	0.0000	0.0000	0.0000	0.0000	0.0000	0.1589	0.0329	0.3964	0.0582	0.0562	0.0722	0.2221	0.0082	0.4500	6.3850	0.0000	0.0246	7.3474	2.0077	24.2346	6.0321	0.0000	0.0000	0.0000	0.0000	0.0000	0.0000	0.0000	0.0000	0.0000	0.0607	0.0082	0.0524	0.0086	0.0072	0.0014	0.0521	0.0010	0.0511	0.1222	0.1058	0.0164	0.0374	0.0355	0.0018	0.0848	0.0702	0.0146	0.3818	0.2495	0.1323	0.1474	0.1286	0.0188	0.2344	0.1209	0.1135	0.0000	0.0000	0.0000	0.0000	0.0000	0.0000	0.0000	0.0000	0.0000	0.1589	0.0329	0.3964	0.0582	0.0562	0.0722	0.2221	0.0082	0.4500	
54	135	0.4041	10	0	1	0	1	0	0	0	0	N	N	N	N	N	N	N	N	N	N	N	N	45.9132	137.8153	0.0017	326.0971	305.7244	0.0187	0.1284	0.8655	0.0017	5.3201	6.1415	0.0004	16.6989	17.5266	0.0000	0.0206	0.0248	0.0005	0.1159	0.0446	0.2511	0.0512	0.0573	0.0022	0.1605	0.0287	0.2887	0.0000	2.9714	-0.4390	0.0234	7.3474	3.0348	24.2346	9.3583	0.9953	0.9953	0.0000	0.9927	0.9927	0.0000	0.0026	0.0026	0.0000	0.0807	0.0203	0.0604	0.0146	0.0145	0.0001	0.0662	0.0058	0.0603	0.1871	0.1621	0.0250	0.0594	0.0566	0.0028	0.1276	0.1054	0.0222	0.6965	0.4560	0.2405	0.2843	0.2527	0.0316	0.4122	0.2033	0.2089	45.9132	137.8153	0.0017	326.0971	305.7244	0.0187	0.1284	0.8655	0.0017	0.1159	0.0446	0.2511	0.0512	0.0573	0.0022	0.1605	0.0287	0.2887
54	136	0.3897	9	0	0	0	1	0	0	0	0	N	N	N	N	N	N	N	N	N	N	N	N	0.0103	0.0133	0.0072	0.0090	0.0085	0.0000	0.0118	0.9886	0.0071	0.0167	0.0167	0.0165	0.0200	0.0208	0.0000	0.0149	0.0141	0.0182	1.6127	1.2559	2.2897	2.2143	2.4566	0.0087	1.2602	0.0143	2.5599	0.1629	0.9609	-0.0000	0.0166	7.3474	0.0433	24.2346	6.6805	0.0001	0.0000	0.0000	0.0000	0.0000	0.0000	0.0000	0.0000	0.0000	0.5251	0.2678	0.2573	0.2664	0.2663	0.0001	0.2587	0.0015	0.2572	0.0031	0.0027	0.0004	0.0011	0.0010	0.0000	0.0021	0.0017	0.0004	0.3256	0.2132	0.1124	0.1203	0.1084	0.0119	0.2053	0.1048	0.1005	0.0103	0.0133	0.0072	0.0090	0.0085	0.0000	0.0118	0.9886	0.0071	1.6127	1.2559	2.2897	2.2143	2.4566	0.0087	1.2602	0.0143	2.5599
54	137	0.6231	13	0	1	0	1	0	0	0	0	N	N	N	N	N	N	N	N	N	N	N	N	0.0000	0.0000	0.0000	0.0000	0.0000	0.0000	0.0000	0.0000	0.0000	0.0000	0.0000	0.0000	0.0000	0.0000	0.0000	0.0000	0.0000	0.0000	0.0000	0.0000	7.3474	0.0000	24.2346	0.0000	0.0000	0.0000	0.0000	0.0000	0.0000	0.0000	0.0000	0.0000	0.0000	0.0000	0.0000	0.0000	0.0000	0.0000	0.0000	0.0000	0.0000	0.0000	0.0000	0.0000	0.0000	0.0000	0.0000	0.0000	0.0000	0.0000	0.0000	0.0000	0.0000	0.0000	0.0000	0.0000	0.0000	0.0000	0.0000	0.0000	0.0000	0.0000	0.0000	0.0000	0.0000	0.0000	0.0000	0.0000	0.0000	0.0000	0.0000	0.0000	0.0000	0.0000	0.0000	0.0000	0.0000	0.0000											
54	138	0.6181	12	0	1	0	1	0	0	0	0	N	N	N	N	N	N	N	N	N	N	N	N	0.0033	0.0056	0.0000	0.0000	0.0053	0.0000	0.0000	0.0000	0.0000	0.0000	0.0000	0.0000	0.0000	0.0000	0.0000	0.0000	0.0018	0.0011	0.0033	0.0015	0.0017	0.0000	0.0023	0.0000	0.0045	0.0000	1.3831	-0.0000	0.0000	7.3474	0.0021	24.2346	2.0000	0.0000	0.0000	0.0000	0.0000	0.0000	0.0000	0.0000	0.0000	0.0000	0.0002	0.0001	0.0001	0.0001	0.0001	0.0000	0.0001	0.0000	0.0001	0.0003	0.0003	0.0000	0.0002	0.0002	0.0000	0.0001	0.0001	0.0000	0.0981	0.0665	0.0316	0.0519	0.0435	0.0084	0.0462	0.0230	0.0232	0.0033	0.0056	0.0000	0.0000	0.0053	0.0000	0.0000	0.0000	0.0000	0.0018	0.0011	0.0033	0.0015	0.0017	0.0000	0.0023	0.0000	0.0045		
54	139	0.6079	11	0	0	0	1	0	0	0	0	N	N	N	N	N	N	N	N	N	N	N	N	0.0002	0.0003	0.0000	0.0003	0.0003	0.0000	0.0001	89.8163	0.0000	0.0003	0.0004	0.0000	0.0006	0.0006	0.0000	0.0002	0.0003	0.0000	2.1403	1.3232	3.8669	1.7275	2.0649	0.0000	2.5873	0.0000	5.2566	0.0000	1.3831	-0.0000	0.0514	7.3474	1.0020	24.2346	3.0181	0.0000	0.0000	0.0000	0.0000	0.0000	0.0000	0.0000	0.0000	0.0000	0.4209	0.1766	0.2443	0.1766	0.1766	0.0000	0.2443	0.0000	0.2443	0.0612	0.0536	0.0076	0.0166	0.0158	0.0008	0.0446	0.0378	0.0068	0.1966	0.1335	0.0632	0.1022	0.0855	0.0167	0.0944	0.0479	0.0465	0.0002	0.0003	0.0000	0.0003	0.0003	0.0000	0.0001	89.8163	0.0000	2.1403	1.3232	3.8669	1.7275	2.0649	0.0000	2.5873	0.0000	5.2566
54	140	0.5935	11	0	1	0	0	0	0	0	0	N	N	N	N	N	N	N	N	N	N	N	N	0.0000	0.0000	0.0000	0.0000	0.0000	0.0000	0.0000	0.0000	0.0000	0.0000	0.0000	0.0000	0.0000	0.0000	0.0000	0.0000	0.0000	0.0000	0.0639	0.0906	0.0077	0.0008	0.0009	0.0000	0.1367	0.2602	0.0108	0.0406	0.0000	-0.0052	7.3474	0.0000	24.2346	4.0001	0.0000	0.0000	0.0000	0.0000	0.0000	0.0000	0.0000	0.0000	0.0000	0.0123	0.0118	0.0005	0.0001	0.0001	0.0000	0.0122	0.0117	0.0005	0.0000	0.0000	0.0000	0.0000	0.0000	0.0000	0.0000	0.0000	0.0000	0.1926	0.1306	0.0621	0.1032	0.0854	0.0178	0.0894	0.0452	0.0443	0.0000	0.0000	0.0000	0.0000	0.0000	0.0000	0.0000	0.0000	0.0000	0.0639	0.0906	0.0077	0.0008	0.0009	0.0000	0.1367	0.2602	0.0108	
54	141	0.4043	9	0	1	0	0	0	0	0	0	N	N	N	N	N	N	N	N	N	N	N	N	0.0028	0.0091	0.0001	0.0994	0.1014	0.0000	0.0010	0.0027	0.0001	0.0002	0.0002	0.0000	0.0004	0.0004	0.0000	0.0001	0.0001	0.0000	0.0689	0.0243	0.1534	0.0040	0.0041	0.0031	0.1098	0.0459	0.1781	0.0071	3.3232	-0.0000	0.0063	7.3474	1.0003	24.2346	5.0186	0.0000	0.0000	0.0000	0.0000	0.0000	0.0000	0.0000	0.0000	0.0000	0.0202	0.0047	0.0155	0.0005	0.0004	0.0000	0.0197	0.0043	0.0155	0.0611	0.0529	0.0082	0.0187	0.0178	0.0009	0.0424	0.0351	0.0073	0.2930	0.1918	0.1011	0.1133	0.0990	0.0143	0.1796	0.0928	0.0868	0.0028	0.0091	0.0001	0.0994	0.1014	0.0000	0.0010	0.0027	0.0001	0.0689	0.0243	0.1534	0.0040	0.0041	0.0031	0.1098	0.0459	0.1781
54	142	0.6079	11	0	0	1	1	0	0	0	0	N	N	N	N	N	N	N	N	N	N	N	N	0.0006	0.0005	0.0000	0.0013	0.0011	0.0000	0.0000	0.0000	0.0000	0.0001	0.0001	0.0000	0.0002	0.0002	0.0000	0.0000	0.0000	0.0000	0.1266	0.1830	0.0071	0.1485	0.1770	0.0030	0.1030	0.1935	0.0086	0.0000	0.0184	-0.0000	-0.0239	7.3474	0.0001	24.2346	9.0026	0.0000	0.0000	0.0000	0.0000	0.0000	0.0000	0.0000	0.0000	0.0000	0.0544	0.0534	0.0010	0.0331	0.0330	0.0001	0.0213	0.0204	0.0009	0.0000	0.0000	0.0000	0.0000	0.0000	0.0000	0.0000	0.0000	0.0000	0.4293	0.2917	0.1376	0.2227	0.1862	0.0365	0.2066	0.1055	0.1011	0.0006	0.0005	0.0000	0.0013	0.0011	0.0000	0.0000	0.0000	0.0000	0.1266	0.1830	0.0071	0.1485	0.1770	0.0030	0.1030	0.1935	0.0086
54	143	0.3897	9	0	0	1	1	0	0	0	0	N	N	N	N	N	N	N	N	N	N	N	N	0.0578	0.0448	0.0243	2.4081	2.3872	0.0000	0.0003	0.0000	0.0256	0.1193	0.1369	0.0043	0.3787	0.3982	0.0000	0.0009	0.0001	0.0049	2.0628	3.0577	0.1768	0.1572	0.1668	0.0707	3.1767	6.0357	0.1895	0.0048	0.0305	-0.0063	-0.4232	7.3474	2.0061	24.2346	8.0425	0.0145	0.0144	0.0001	0.0144	0.0144	0.0000	0.0001	0.0000	0.0001	0.9871	0.9579	0.0292	0.0278	0.0265	0.0012	0.9594	0.9314	0.0280	0.1213	0.1052	0.0161	0.0380	0.0361	0.0019	0.0833	0.0690	0.0142	0.4785	0.3133	0.1653	0.1765	0.1590	0.0176	0.3020	0.1543	0.1477	0.0578	0.0448	0.0243	2.4081	2.3872	0.0000	0.0003	0.0000	0.0256	2.0628	3.0577	0.1768	0.1572	0.1668	0.0707	3.1767	6.0357	0.1895
54	144	0.3807	8	0	0	0	1	0	0	0	0	N	N	N	N	N	N	N	N	N	N	N	N	4.5969	3.9538	4.2945	16.3390	16.6320	0.0804	0.3172	0.0000	4.9813	0.0672	0.0736	0.0261	0.2043	0.2139	0.0007	0.0051	0.0000	0.0290	0.0146	0.0186	0.0061	0.0125	0.0129	0.0084	0.0160	0.0251	0.0058	0.0549	0.1523	-0.0033	-0.0012	7.3474	1.9550	24.2346	2.1189	0.0085	0.0081	0.0004	0.0081	0.0081	0.0000	0.0004	0.0000	0.0004	0.0037	0.0032	0.0005	0.0012	0.0012	0.0001	0.0024	0.0020	0.0004	0.1270	0.1099	0.0170	0.0396	0.0378	0.0018	0.0874	0.0721	0.0153	0.2497	0.1703	0.0795	0.0981	0.0904	0.0077	0.1517	0.0799	0.0718	4.5969	3.9538	4.2945	16.3390	16.6320	0.0804	0.3172	0.0000	4.9813	0.0146	0.0186	0.0061	0.0125	0.0129	0.0084	0.0160	0.0251	0.0058
54	145	0.3807	8	0	0	1	1	0	0	0	0	N	N	N	N	N	N	N	N	N	N	N	N	56.5995	231.6435	0.0131	443.2492	434.2173	0.0453	28.2053	143.8886	0.0130	3.4047	3.9325	0.0019	5.4342	5.6908	0.0002	2.4898	3.0156	0.0021	0.0602	0.0170	0.1438	0.0123	0.0131	0.0043	0.0883	0.0210	0.1601	0.0001	4.3718	-0.2060	0.0214	7.3474	2.1261	24.2346	18.6477	0.4671	0.4670	0.0000	0.2316	0.2316	0.0000	0.2354	0.2354	0.0000	0.0601	0.0112	0.0489	0.0045	0.0044	0.0002	0.0556	0.0068	0.0488	0.1372	0.1188	0.0184	0.0426	0.0407	0.0019	0.0946	0.0781	0.0165	0.9991	0.6590	0.3400	0.3696	0.3342	0.0354	0.6295	0.3249	0.3046	56.5995	231.6435	0.0131	443.2492	434.2173	0.0453	28.2053	143.8886	0.0130	0.0602	0.0170	0.1438	0.0123	0.0131	0.0043	0.0883	0.0210	0.1601
54	146	0.6079	11	0	0	1	1	0	0	0	0	N	N	N	N	N	N	N	N	N	N	N	N	0.4070	0.4202	0.0000	1.0195	0.8936	0.0000	0.0230	4.1642	0.0000	0.1024	0.1168	0.0000	0.3707	0.3885	0.0000	0.0030	0.0035	0.0000	0.2515	0.2781	0.1953	0.3636	0.4348	0.0000	0.1307	0.0009	0.2658	0.0000	0.3316	-0.0055	-0.0202	7.3474	2.0001	24.2346	5.9880	0.0124	0.0124	0.0000	0.0122	0.0122	0.0000	0.0003	0.0003	0.0000	0.0963	0.0723	0.0240	0.0722	0.0722	0.0000	0.0241	0.0001	0.0240	0.1216	0.1065	0.0151	0.0329	0.0313	0.0015	0.0887	0.0752	0.0136	0.3827	0.2600	0.1227	0.1986	0.1661	0.0325	0.1841	0.0939	0.0902	0.4070	0.4202	0.0000	1.0195	0.8936	0.0000	0.0230	4.1642	0.0000	0.2515	0.2781	0.1953	0.3636	0.4348	0.0000	0.1307	0.0009	0.2658
54	147	0.6079	11	0	0	1	1	0	0	0	0	N	N	N	N	N	N	N	N	N	N	N	N	0.3212	0.1821	1.3294	0.3945	0.4054	0.0122	0.4887	0.0034	1.7291	0.6747	0.3871	2.7217	1.2632	1.3221	0.0354	0.4585	0.0006	3.0196	2.1006	2.1256	2.0473	3.2021	3.2615	2.8958	0.9381	0.1826	1.7463	0.9880	0.4500	0.0199	-0.4336	7.3474	9.0001	24.2346	23.0169	0.3569	0.1795	0.1774	0.1796	0.1793	0.0002	0.1774	0.0002	0.1772	2.9294	2.0203	0.9092	2.2929	1.9562	0.3367	0.6365	0.0640	0.5725	0.5290	0.4638	0.0652	0.1421	0.1356	0.0065	0.3868	0.3282	0.0587	1.3946	0.9505	0.4441	0.7161	0.5998	0.1163	0.6785	0.3507	0.3278	0.3212	0.1821	1.3294	0.3945	0.4054	0.0122	0.4887	0.0034	1.7291	2.1006	2.1256	2.0473	3.2021	3.2615	2.8958	0.9381	0.1826	1.7463
54	148	0.5825	10	0	0	0	1	0	0	0	0	N	N	N	N	N	N	N	N	N	N	N	N	0.0090	0.0072	0.0062	0.0041	0.0036	0.0012	0.0639	0.1040	0.0057	0.0004	0.0005	0.0000	0.0003	0.0003	0.0000	0.0004	0.0005	0.0001	0.0463	0.0645	0.0076	0.0793	0.0950	0.0039	0.0070	0.0050	0.0091	0.0142	0.0551	-0.0000	-0.0095	7.3474	1.9990	24.2346	7.9526	0.0001	0.0000	0.0000	0.0000	0.0000	0.0000	0.0000	0.0000	0.0000	0.0233	0.0221	0.0012	0.0217	0.0215	0.0002	0.0016	0.0006	0.0010	0.1221	0.1070	0.0151	0.0334	0.0319	0.0015	0.0886	0.0751	0.0136	0.5035	0.3426	0.1609	0.2736	0.2265	0.0470	0.2300	0.1161	0.1139	0.0090	0.0072	0.0062	0.0041	0.0036	0.0012	0.0639	0.1040	0.0057	0.0463	0.0645	0.0076	0.0793	0.0950	0.0039	0.0070	0.0050	0.0091
54	149	0.5506	9	1	1	0	0	0	0	0	0	N	N	N	N	N	N	N	N	N	N	N	N	0.1180	0.7766	0.0308	0.2215	0.0339	36.7781	0.0771	2.7820	0.0036	0.0745	0.0771	0.0565	0.0249	0.0045	0.5915	0.0952	0.1121	0.0094	0.6317	0.0993	1.8338	0.1123	0.1321	0.0161	1.2352	0.0403	2.6103	0.1058	8.1772	-0.0095	0.3299	7.3474	5.3497	24.2346	17.2225	0.0275	0.0249	0.0026	0.0027	0.0005	0.0022	0.0248	0.0244	0.0004	0.7624	0.0831	0.6794	0.0728	0.0710	0.0018	0.6896	0.0120	0.6776	0.3690	0.3225	0.0465	0.1086	0.1048	0.0038	0.2604	0.2177	0.0428	1.2070	0.8366	0.3705	0.6487	0.5379	0.1109	0.5583	0.2987	0.2596	0.1180	0.7766	0.0308	0.2215	0.0339	36.7781	0.0771	2.7820	0.0036	0.6317	0.0993	1.8338	0.1123	0.1321	0.0161	1.2352	0.0403	2.6103
54	150	0.5814	10	0	1	0	0	0	0	0	0	N	N	N	N	N	N	N	N	N	N	N	N	0.0614	0.1915	0.0029	0.2465	0.2871	0.0391	0.0019	0.0920	0.0008	0.0663	0.0738	0.0078	0.1549	0.1595	0.0374	0.0032	0.0032	0.0031	1.0796	0.3855	2.7037	0.6283	0.5554	0.9572	1.6935	0.0352	3.6413	0.0136	2.9980	-0.0095	0.4465	7.3474	3.6794	24.2346	17.4287	0.0223	0.0220	0.0003	0.0217	0.0215	0.0002	0.0006	0.0005	0.0001	1.5316	0.3831	1.1485	0.5137	0.3717	0.1420	1.0179	0.0114	1.0065	0.3367	0.2982	0.0385	0.1400	0.1347	0.0053	0.1968	0.1635	0.0332	1.4186	0.9939	0.4248	0.8176	0.6692	0.1484	0.6011	0.3247	0.2764	0.0614	0.1915	0.0029	0.2465	0.2871	0.0391	0.0019	0.0920	0.0008	1.0796	0.3855	2.7037	0.6283	0.5554	0.9572	1.6935	0.0352	3.6413
54	151	0.5506	9	0	1	0	0	0	0	0	0	N	N	N	N	N	N	N	N	N	N	N	N	2.2251	2.0205	0.0547	0.1230	0.1140	0.1295	35.4293	85.6415	0.0907	3.3302	3.8084	0.0314	0.3215	0.3261	0.1785	4.6916	5.6477	0.0193	1.4967	1.8849	0.5740	2.6136	2.8613	1.3784	0.1324	0.0659	0.2124	0.0012	0.1281	-0.3782	-0.4294	7.3474	3.4464	24.2346	10.1316	0.8597	0.8587	0.0010	0.0259	0.0254	0.0004	0.8339	0.8333	0.0006	1.2454	1.1039	0.1414	1.1958	1.0905	0.1053	0.0496	0.0135	0.0361	0.2582	0.2255	0.0327	0.0804	0.0779	0.0025	0.1777	0.1475	0.0302	0.8321	0.5857	0.2464	0.4575	0.3811	0.0764	0.3746	0.2046	0.1700	2.2251	2.0205	0.0547	0.1230	0.1140	0.1295	35.4293	85.6415	0.0907	1.4967	1.8849	0.5740	2.6136	2.8613	1.3784	0.1324	0.0659	0.2124
54	152	0.4111	11	1	1	0	0	0	0	0	0	N	N	N	N	N	N	N	N	N	N	N	N	0.0000	0.0000	0.0000	0.0000	0.0000	0.0000	0.0000	0.0000	0.0000	0.0000	0.0000	0.0000	0.0000	0.0000	0.0000	0.0000	0.0000	0.0000	4.0163	4.1362	3.4077	8.4294	9.4921	0.0090	2.5823	1.2807	3.9716	0.4353	0.0000	-0.3665	7.3474	1.0143	24.2346	12.0086	0.0000	0.0000	0.0000	0.0000	0.0000	0.0000	0.0000	0.0000	0.0000	2.3629	1.6463	0.7166	1.4000	1.3997	0.0003	0.9629	0.2466	0.7163	0.0627	0.0543	0.0084	0.0195	0.0185	0.0009	0.0432	0.0357	0.0075	0.6083	0.3980	0.2103	0.2354	0.2055	0.0299	0.3729	0.1925	0.1804	0.0000	0.0000	0.0000	0.0000	0.0000	0.0000	0.0000	0.0000	0.0000	3.8844	4.1362	3.4077	5.9467	6.8114	0.0090	2.5823	1.2807	3.9716	
54	153	0.4088	10	1	1	0	0	0	0	0	0	N	N	N	N	N	N	N	N	N	N	N	N	0.0000	0.0000	0.0000	0.0000	0.0000	0.0000	0.0000	0.0000	0.0000	0.0000	0.0000	0.0000	0.0000	0.0000	0.0000	0.0000	0.0000	0.0000	0.0220	0.0220	0.0219	0.0330	0.0377	0.0006	0.0150	0.0053	0.0254	0.5264	0.0000	-0.0001	7.3474	0.9811	24.2346	0.0216	0.0000	0.0000	0.0000	0.0000	0.0000	0.0000	0.0000	0.0000	0.0000	0.0011	0.0007	0.0004	0.0006	0.0006	0.0000	0.0005	0.0001	0.0004	0.0602	0.0521	0.0081	0.0185	0.0176	0.0009	0.0417	0.0345	0.0072	0.0493	0.0322	0.0171	0.0191	0.0167	0.0024	0.0302	0.0155	0.0147	0.0000	0.0000	0.0000	0.0000	0.0000	0.0000	0.0000	0.0000	0.0000	0.0220	0.0220	0.0219	0.0330	0.0377	0.0006	0.0150	0.0053	0.0254	
54	154	0.4043	9	1	1	0	0	0	0	0	0	N	N	N	N	N	N	N	N	N	N	N	N	2.1724	1.7993	0.4581	3.4600	3.3268	0.0000	1.3457	0.9587	0.5188	0.0197	0.0227	0.0010	0.0334	0.0365	0.0000	0.0117	0.0139	0.0013	0.0091	0.0126	0.0022	0.0096	0.0110	0.0004	0.0087	0.0144	0.0025	0.0071	0.0889	-0.0000	-0.0004	7.3474	0.0083	24.2346	2.0001	0.0000	0.0000	0.0000	0.0000	0.0000	0.0000	0.0000	0.0000	0.0000	0.0009	0.0009	0.0001	0.0004	0.0004	0.0000	0.0005	0.0005	0.0001	0.0006	0.0005	0.0001	0.0002	0.0002	0.0000	0.0004	0.0003	0.0001	0.1027	0.0677	0.0350	0.0403	0.0353	0.0050	0.0624	0.0324	0.0300	2.1724	1.7993	0.4581	3.4600	3.3268	0.0000	1.3457	0.9587	0.5188	0.0091	0.0126	0.0022	0.0096	0.0110	0.0004	0.0087	0.0144	0.0025
54	155	0.3807	8	0	1	0	0	0	0	0	0	N	N	N	N	N	N	N	N	N	N	N	N	0.4031	0.3104	0.3327	3.7493	3.6355	0.0050	0.1467	0.0919	0.7360	0.2902	0.3350	0.0018	0.5952	0.6239	0.0001	0.1553	0.1874	0.0020	0.7200	1.0791	0.0054	0.1588	0.1716	0.0292	1.0585	2.0398	0.0027	0.0008	0.0025	-0.0235	-0.1778	7.3474	2.9180	24.2346	7.4065	0.0535	0.0534	0.0000	0.0336	0.0336	0.0000	0.0198	0.0198	0.0000	0.3900	0.3890	0.0010	0.0324	0.0318	0.0005	0.3577	0.3572	0.0004	0.1843	0.1595	0.0248	0.0565	0.0539	0.0026	0.1278	0.1056	0.0222	0.5417	0.3605	0.1812	0.2038	0.1854	0.0184	0.3379	0.1751	0.1628	0.4031	0.3104	0.3327	3.7493	3.6355	0.0050	0.1467	0.0919	0.7360	0.7200	1.0791	0.0054	0.1588	0.1716	0.0292	1.0585	2.0398	0.0027
54	156	0.3148	7	0	0	0	0	0	0	0	0	N	N	N	N	N	N	N	N	N	N	N	N	1.1349	0.6269	4.2089	4.6661	2.8926	8.4696	0.9491	0.4072	4.4561	0.9172	0.4865	3.6762	0.4885	0.2501	2.5798	1.2241	0.6670	4.1834	0.8081	0.7760	0.8734	0.1047	0.0865	0.3046	1.2898	1.6381	0.9388	1.1796	0.5535	0.0770	-0.1554	7.3474	8.2479	24.2346	19.7214	0.7692	0.3529	0.4163	0.1710	0.0786	0.0924	0.5982	0.2743	0.3239	1.5221	0.9798	0.5423	0.0801	0.0607	0.0195	1.4420	0.9192	0.5228	0.8386	0.7254	0.1132	0.3499	0.3141	0.0358	0.4887	0.4113	0.0774	1.8835	1.2626	0.6209	0.7655	0.7015	0.0640	1.1180	0.5611	0.5569	1.1349	0.6269	4.2089	4.6661	2.8926	8.4696	0.9491	0.4072	4.4561	0.8081	0.7760	0.8734	0.1047	0.0865	0.3046	1.2898	1.6381	0.9388
54	157	0.2787	6	0	0	0	0	0	0	0	0	N	N	N	N	N	N	N	N	N	N	N	N	3.1386	2.3074	7.4662	8.7592	8.1294	31.6785	2.0583	1.0631	6.4841	2.8897	2.1678	6.5895	3.3279	2.8681	19.8878	2.7265	1.8450	5.9644	0.9207	0.9395	0.8826	0.3799	0.3528	0.6278	1.3247	1.7354	0.9199	0.5931	0.4637	-0.1125	-0.2394	7.3474	7.4725	24.2346	14.3153	1.6343	1.0258	0.6084	0.5107	0.4282	0.0824	1.1236	0.5976	0.5260	1.6910	1.1553	0.5357	0.2984	0.2497	0.0486	1.3926	0.9056	0.4871	0.5656	0.4732	0.0923	0.1534	0.1493	0.0041	0.4121	0.3239	0.0882	1.8367	1.2297	0.6070	0.7854	0.7079	0.0775	1.0513	0.5218	0.5295	3.1386	2.3074	7.4662	8.7592	8.1294	31.6785	2.0583	1.0631	6.4841	0.9207	0.9395	0.8826	0.3799	0.3528	0.6278	1.3247	1.7354	0.9199
54	158	0.2132	5	0	0	0	0	0	0	0	0	N	N	N	N	N	N	N	N	N	N	N	N	0.3935	0.2704	1.0197	0.1926	0.1907	0.0732	0.3347	0.2259	0.9704	0.6824	0.2416	3.3518	0.1196	0.1217	0.0309	0.8339	0.2798	3.4686	1.7344	0.8937	3.2870	0.6211	0.6382	0.4215	2.4918	1.2390	3.5744	2.2905	1.9917	0.1369	0.9923	7.3474	11.6653	24.2346	19.4910	0.5368	0.1631	0.3737	0.0200	0.0198	0.0001	0.5169	0.1433	0.3736	4.7850	1.5995	3.1856	0.6937	0.6565	0.0372	4.0913	0.9430	3.1483	0.7867	0.6752	0.1115	0.1668	0.1631	0.0038	0.6198	0.5121	0.1077	2.7589	1.7897	0.9691	1.1170	1.0286	0.0883	1.6419	0.7611	0.8808	0.3935	0.2704	1.0197	0.1926	0.1907	0.0732	0.3347	0.2259	0.9704	1.7344	0.8937	3.2870	0.6211	0.6382	0.4215	2.4918	1.2390	3.5744
54	161	0.6011	13	1	1	0	0	0	0	0	0	N	N	N	N	N	N	N	N	N	N	N	N	0.0000	0.0000	0.0000	0.0000	0.0000	0.0000	0.0000	0.0000	0.0000	0.0000	0.0000	0.0000	0.0000	0.0000	0.0000	0.0000	0.0000	0.0000	0.0014	0.0021	0.0001	0.0009	0.0010	0.0002	0.0021	0.0040	0.0000	0.0203	0.0000	-0.0001	7.3474	0.0002	24.2346	3.0099	0.0000	0.0000	0.0000	0.0000	0.0000	0.0000	0.0000	0.0000	0.0000	0.0002	0.0002	0.0000	0.0001	0.0001	0.0000	0.0001	0.0001	0.0000	0.0000	0.0000	0.0000	0.0000	0.0000	0.0000	0.0000	0.0000	0.0000	0.1470	0.1000	0.0471	0.0788	0.0653	0.0135	0.0683	0.0347	0.0336	0.0000	0.0000	0.0000	0.0000	0.0000	0.0000	0.0000	0.0000	0.0000	0.0014	0.0021	0.0001	0.0009	0.0010	0.0002	0.0021	0.0040	0.0000	
54	162	0.5935	12	1	1	0	0	0	0	0	0	N	N	N	N	N	N	N	N	N	N	N	N	0.0000	0.0000	0.0000	0.0000	0.0000	0.0000	0.0000	0.0000	0.0000	0.0000	0.0000	0.0000	0.0000	0.0000	0.0000	0.0000	0.0000	0.0000	0.0001	0.0002	0.0000	0.0002	0.0002	0.0000	0.0001	0.0002	0.0000	0.0404	0.0000	-0.0000	7.3474	0.9998	24.2346	2.0118	0.0000	0.0000	0.0000	0.0000	0.0000	0.0000	0.0000	0.0000	0.0000	0.0000	0.0000	0.0000	0.0000	0.0000	0.0000	0.0000	0.0000	0.0000	0.0610	0.0535	0.0075	0.0167	0.0159	0.0008	0.0444	0.0376	0.0068	0.1456	0.0987	0.0469	0.0780	0.0646	0.0135	0.0676	0.0341	0.0335	0.0000	0.0000	0.0000	0.0000	0.0000	0.0000	0.0000	0.0000	0.0000	0.0001	0.0002	0.0000	0.0002	0.0002	0.0000	0.0001	0.0002	0.0000	
54	163	0.5935	11	1	1	0	0	0	0	0	0	N	N	N	N	N	N	N	N	N	N	N	N	0.0000	0.0000	0.0000	0.0000	0.0000	0.0000	0.0000	0.0000	0.0000	0.0000	0.0000	0.0000	0.0000	0.0000	0.0000	0.0000	0.0000	0.0000	0.0177	0.0183	0.0152	0.0193	0.0173	0.0444	0.0161	0.0198	0.0077	0.1880	0.0000	-0.0000	7.3474	0.0000	24.2346	0.0003	0.0000	0.0000	0.0000	0.0000	0.0000	0.0000	0.0000	0.0000	0.0000	0.0000	0.0000	0.0000	0.0000	0.0000	0.0000	0.0000	0.0000	0.0000	0.0000	0.0000	0.0000	0.0000	0.0000	0.0000	0.0000	0.0000	0.0000	0.0000	0.0000	0.0000	0.0000	0.0000	0.0000	0.0000	0.0000	0.0000	0.0000	0.0000	0.0000	0.0000	0.0000	0.0000	0.0000	0.0000	0.0000	0.0177	0.0183	0.0152	0.0193	0.0173	0.0444	0.0161	0.0198	0.0077	
54	164	0.5825	10	0	1	0	0	0	0	0	0	N	N	N	N	N	N	N	N	N	N	N	N	0.0095	0.0068	0.0260	0.0002	0.0002	0.0234	0.3586	0.6303	0.0205	0.0397	0.0461	0.0046	0.0023	0.0023	0.0013	0.0665	0.0879	0.0047	4.1862	6.7716	0.1784	11.7202	13.5943	0.0561	0.1854	0.1394	0.2317	0.0184	0.0144	-0.0000	-0.4356	7.3474	0.0063	24.2346	4.3641	0.0000	0.0000	0.0000	0.0000	0.0000	0.0000	0.0000	0.0000	0.0000	0.9807	0.9668	0.0139	0.9605	0.9592	0.0013	0.0202	0.0076	0.0126	0.0010	0.0009	0.0002	0.0004	0.0004	0.0000	0.0006	0.0004	0.0002	0.2464	0.1682	0.0782	0.1372	0.1135	0.0237	0.1092	0.0548	0.0544	0.0100	0.0080	0.0260	0.0003	0.0003	0.0234	0.3586	0.6303	0.0205	3.9799	5.7465	0.1784	7.0000	8.4527	0.0561	0.1854	0.1394	0.2317
54	165	0.5506	9	0	0	0	0	0	0	0	0	N	N	N	N	N	N	N	N	N	N	N	N	1.1544	1.0671	0.6323	0.0428	0.0400	0.0038	3.5131	3.9260	0.8049	0.1264	0.1394	0.0372	0.0067	0.0069	0.0003	0.1846	0.2153	0.0401	0.1095	0.1306	0.0588	0.1558	0.1711	0.0788	0.0525	0.0548	0.0498	0.0388	0.1876	-0.0104	-0.0259	7.3474	2.5207	24.2346	10.0226	0.0257	0.0248	0.0010	0.0004	0.0004	0.0000	0.0253	0.0243	0.0010	0.0862	0.0726	0.0136	0.0677	0.0620	0.0057	0.0185	0.0106	0.0079	0.2035	0.1777	0.0258	0.0665	0.0647	0.0019	0.1370	0.1130	0.0240	0.7873	0.5557	0.2315	0.4345	0.3623	0.0722	0.3528	0.1934	0.1593	1.1544	1.0671	0.6323	0.0428	0.0400	0.0038	3.5131	3.9260	0.8049	0.1095	0.1306	0.0588	0.1558	0.1711	0.0788	0.0525	0.0548	0.0498
54	166	0.5350	8	0	0	0	0	0	0	0	0	N	N	N	N	N	N	N	N	N	N	N	N	14.5473	7.4658	107.7317	12.0754	11.7716	0.0122	26.2270	2.7219	361.4961	2.0813	1.2930	7.0692	2.3031	2.3667	0.0017	1.9177	0.3082	7.7145	0.1431	0.1732	0.0656	0.1907	0.2011	0.1415	0.0731	0.1132	0.0213	0.8641	0.1473	0.0118	-0.0284	7.3474	2.6894	24.2346	4.6619	0.5252	0.2817	0.2434	0.2467	0.2467	0.0000	0.2784	0.0350	0.2434	0.0861	0.0750	0.0111	0.0682	0.0594	0.0088	0.0178	0.0156	0.0023	0.2523	0.2179	0.0344	0.1071	0.1042	0.0029	0.1452	0.1136	0.0316	0.6014	0.4330	0.1684	0.3577	0.2957	0.0620	0.2437	0.1373	0.1064	14.5473	7.4658	107.7317	12.0754	11.7716	0.0122	26.2270	2.7219	361.4961	0.1431	0.1732	0.0656	0.1907	0.2011	0.1415	0.0731	0.1132	0.0213
54	167	0.4966	7	0	0	0	0	0	0	0	0	N	N	N	N	N	N	N	N	N	N	N	N	0.3911	0.2557	10.8494	1.4538	1.2100	12.0717	0.0761	0.0072	15.1520	0.2676	0.2583	0.3314	0.9309	0.9436	0.6387	0.0561	0.0105	0.3051	0.6841	1.0102	0.0305	0.6403	0.7798	0.0529	0.7379	1.4720	0.0201	0.1874	0.0151	-0.0121	-0.1925	7.3474	2.7966	24.2346	8.5340	0.0428	0.0360	0.0067	0.0360	0.0349	0.0010	0.0068	0.0011	0.0057	0.4340	0.4276	0.0064	0.2238	0.2202	0.0035	0.2103	0.2074	0.0029	0.1598	0.1394	0.0204	0.0386	0.0370	0.0016	0.1212	0.1024	0.0188	0.6344	0.4232	0.2111	0.3494	0.2824	0.0671	0.2849	0.1409	0.1441	0.3911	0.2557	10.8494	1.4538	1.2100	12.0717	0.0761	0.0072	15.1520	0.6841	1.0102	0.0305	0.6403	0.7798	0.0529	0.7379	1.4720	0.0201
55	56	0.5540	7	0	1	0	0	0	0	0	0	N	N	N	N	N	N	N	N	N	N	N	N	0.0016	0.0006	0.0104	0.0011	0.0008	0.0167	0.0023	0.0007	0.0094	0.0019	0.0008	0.0096	0.0016	0.0013	0.0097	0.0021	0.0005	0.0096	1.2044	1.3281	0.9197	1.4288	1.5493	0.5795	0.9109	0.7814	1.0227	1.7632	0.3010	0.0000	-0.4348	3.4216	0.9891	15.9376	20.6926	0.0001	0.0000	0.0000	0.0000	0.0000	0.0000	0.0000	0.0000	0.0000	1.9153	1.4722	0.4431	1.2875	1.2227	0.0649	0.6278	0.2495	0.3783	0.0322	0.0280	0.0041	0.0111	0.0106	0.0004	0.0211	0.0174	0.0037	1.5903	1.1085	0.4818	0.9011	0.7892	0.1119	0.6892	0.3193	0.3699	0.0016	0.0006	0.0104	0.0011	0.0008	0.0167	0.0023	0.0007	0.0094	1.2044	1.3281	0.9197	1.4288	1.5493	0.5795	0.9109	0.7814	1.0227
55	57	0.4336	6	0	0	0	0	0	0	0	0	N	N	N	N	N	N	N	N	N	N	N	N	1.2037	1.8444	0.2512	2.1202	2.3932	0.0000	0.8642	2.6878	0.2623	1.9942	2.1746	0.6994	3.5258	3.6410	0.0000	1.4260	1.5505	0.7520	1.6567	1.1790	2.7838	1.6629	1.5214	2.5281	1.6500	0.5769	2.8672	0.0448	1.0009	-0.1198	0.1128	3.4216	5.0326	15.9376	39.3193	0.3009	0.2880	0.0129	0.1440	0.1440	0.0000	0.1570	0.1441	0.0129	2.6949	1.3468	1.3481	1.4091	1.1079	0.3011	1.2858	0.2389	1.0469	0.1509	0.1325	0.0185	0.0408	0.0395	0.0013	0.1101	0.0929	0.0172	1.6266	1.1424	0.4843	0.8474	0.7282	0.1191	0.7793	0.4141	0.3651	1.2037	1.8444	0.2512	2.1202	2.3932	0.0000	0.8642	2.6878	0.2623	1.6567	1.1790	2.7838	1.6629	1.5214	2.5281	1.6500	0.5769	2.8672
55	58	0.4336	6	0	1	0	1	0	0	0	0	N	N	N	N	N	N	N	N	N	N	N	N	11.9164	14.3036	0.8720	55.3652	56.7095	0.0019	0.1600	0.0301	0.8417	6.6723	7.5244	0.5578	24.3603	25.1562	0.0008	0.1106	0.0202	0.5998	0.5599	0.5260	0.6397	0.4400	0.4436	0.4181	0.6910	0.6718	0.7126	0.0103	0.5165	-0.4314	-0.1022	3.4216	5.0036	15.9376	36.7244	1.0012	0.9910	0.0102	0.9891	0.9891	0.0000	0.0121	0.0019	0.0102	0.8673	0.5719	0.2954	0.3558	0.3080	0.0478	0.5115	0.2639	0.2476	0.1501	0.1317	0.0184	0.0406	0.0393	0.0013	0.1095	0.0924	0.0171	1.5490	1.0872	0.4618	0.8087	0.6944	0.1143	0.7403	0.3928	0.3475	11.9164	14.3036	0.8720	55.3652	56.7095	0.0019	0.1600	0.0301	0.8417	0.5599	0.5260	0.6397	0.4400	0.4436	0.4181	0.6910	0.6718	0.7126
55	59	0.0841	3	0	1	0	1	0	0	0	0	N	N	N	N	N	N	N	N	N	N	N	N	1.9595	1.7829	0.1492	2.5543	2.4666	0.0035	1.9255	1.5709	0.1446	0.7334	0.9074	0.0234	1.3212	1.3480	0.0000	0.4985	0.6718	0.0241	0.3743	0.5089	0.1571	0.5173	0.5465	0.0127	0.2589	0.4276	0.1670	0.0063	0.1914	-0.1564	-0.4152	3.4216	10.4254	15.9376	21.2017	0.3598	0.3575	0.0023	0.1850	0.1850	0.0000	0.1747	0.1725	0.0023	1.3944	1.1704	0.2240	0.8605	0.8594	0.0012	0.5339	0.3110	0.2228	0.4906	0.3940	0.0966	0.1401	0.1373	0.0028	0.3505	0.2568	0.0938	3.7257	2.2998	1.4259	1.6636	1.5724	0.0912	2.0621	0.7273	1.3347	1.9595	1.7829	0.1492	2.5543	2.4666	0.0035	1.9255	1.5709	0.1446	0.3743	0.5089	0.1571	0.5173	0.5465	0.0127	0.2589	0.4276	0.1670
55	60	0.5508	9	1	0	1	0	0	0	0	0	N	N	N	N	N	N	N	N	N	N	N	N	0.0016	0.0000	0.0077	0.0000	0.0000	0.0000	0.0070	0.0000	0.0214	0.0002	0.0000	0.0013	0.0000	0.0000	0.0000	0.0002	0.0000	0.0014	0.1007	0.0742	0.1676	0.1516	0.1076	0.4167	0.0320	0.0006	0.0668	854.4015	0.8949	0.0000	0.0003	3.4216	1.9981	15.9376	3.0867	0.0000	0.0000	0.0000	0.0000	0.0000	0.0000	0.0000	0.0000	0.0000	0.0223	0.0118	0.0105	0.0193	0.0117	0.0075	0.0030	0.0000	0.0030	0.0641	0.0564	0.0077	0.0192	0.0185	0.0007	0.0449	0.0379	0.0070	0.2214	0.1586	0.0628	0.1271	0.1090	0.0181	0.0943	0.0496	0.0447	0.0016	0.0000	0.0077	0.0000	0.0000	0.0000	0.0070	0.0000	0.0214	0.1007	0.0742	0.1676	0.1516	0.1076	0.4167	0.0320	0.0006	0.0668
55	61	0.5075	8	1	0	1	0	0	0	0	0	N	N	N	N	N	N	N	N	N	N	N	N	0.0003	0.0003	0.0005	0.0008	0.0007	0.0000	0.0001	0.0000	0.0004	0.0005	0.0004	0.0013	0.0010	0.0010	0.0000	0.0002	0.0000	0.0015	1.5248	1.0486	2.7064	1.2268	1.4511	0.0162	1.9277	0.1919	3.9307	0.4995	1.0403	-0.0000	0.0591	3.4216	4.0039	15.9376	14.0733	0.0001	0.0000	0.0000	0.0000	0.0000	0.0000	0.0000	0.0000	0.0000	1.1473	0.5623	0.5850	0.5305	0.5294	0.0011	0.6168	0.0329	0.5839	0.1279	0.1128	0.0151	0.0399	0.0384	0.0015	0.0880	0.0744	0.0135	0.7524	0.5363	0.2161	0.4324	0.3648	0.0676	0.3200	0.1714	0.1485	0.0003	0.0003	0.0005	0.0008	0.0007	0.0000	0.0001	0.0000	0.0004	1.5248	1.0486	2.7064	1.2268	1.4511	0.0162	1.9277	0.1919	3.9307
55	62	0.5269	9	1	0	1	0	0	0	0	0	N	N	N	N	N	N	N	N	N	N	N	N	0.0011	0.0009	0.0023	0.0005	0.0005	0.0000	0.0012	0.0008	0.0019	0.0018	0.0019	0.0007	0.0006	0.0006	0.0000	0.0028	0.0034	0.0007	1.6031	2.1878	0.2864	1.0505	1.1962	0.0801	2.2622	4.3236	0.3483	0.0500	0.0581	-0.0000	-0.4886	3.4216	0.0060	15.9376	17.2393	0.0000	0.0000	0.0000	0.0000	0.0000	0.0000	0.0000	0.0000	0.0000	1.2110	1.1445	0.0665	0.4317	0.4274	0.0043	0.7794	0.7172	0.0622	0.0007	0.0006	0.0001	0.0003	0.0003	0.0000	0.0004	0.0003	0.0001	0.7554	0.5231	0.2323	0.4109	0.3573	0.0537	0.3445	0.1659	0.1786	0.0011	0.0009	0.0023	0.0005	0.0005	0.0000	0.0012	0.0008	0.0019	1.6031	2.1878	0.2864	1.0505	1.1962	0.0801	2.2622	4.3236	0.3483
55	63	0.4703	7	0	0	1	0	0	0	0	0	N	N	N	N	N	N	N	N	N	N	N	N	0.0016	0.0013	0.0007	0.0027	0.0024	0.0084	0.0002	0.0002	0.0001	0.0013	0.0015	0.0001	0.0034	0.0035	0.0010	0.0000	0.0000	0.0000	0.8345	1.0859	0.1720	1.2507	1.4423	0.1166	0.1909	0.1845	0.1980	0.0110	0.0601	-0.0000	-0.3061	3.4216	1.0230	15.9376	12.1924	0.0001	0.0001	0.0000	0.0001	0.0001	0.0000	0.0000	0.0000	0.0000	0.7620	0.7188	0.0432	0.6935	0.6842	0.0094	0.0685	0.0346	0.0338	0.0453	0.0402	0.0051	0.0173	0.0168	0.0006	0.0280	0.0235	0.0045	0.9131	0.6620	0.2511	0.5545	0.4744	0.0802	0.3586	0.1876	0.1710	0.0016	0.0013	0.0007	0.0027	0.0024	0.0084	0.0002	0.0002	0.0001	0.8345	1.0859	0.1720	1.2507	1.4423	0.1166	0.1909	0.1845	0.1980
55	64	0.4336	6	0	0	0	0	0	0	0	0	N	N	N	N	N	N	N	N	N	N	N	N	0.0008	0.0019	0.0000	0.0014	0.0043	0.0000	0.0007	0.0009	0.0001	0.0019	0.0021	0.0001	0.0040	0.0041	0.0000	0.0011	0.0012	0.0001	2.3003	1.1221	4.9572	2.9113	0.9633	17.2132	1.5649	1.4335	1.7048	0.0086	1.9592	-0.0001	0.3079	3.4216	2.4556	15.9376	12.4191	0.0001	0.0001	0.0000	0.0001	0.0001	0.0000	0.0001	0.0001	0.0000	1.5116	0.5108	1.0008	1.0450	0.2904	0.7546	0.4666	0.2204	0.2462	0.0747	0.0655	0.0092	0.0203	0.0196	0.0006	0.0544	0.0459	0.0085	0.6571	0.4553	0.2019	0.3589	0.3015	0.0575	0.2982	0.1538	0.1444	0.0008	0.0019	0.0000	0.0014	0.0043	0.0000	0.0007	0.0009	0.0001	2.3003	1.1221	4.9572	2.9113	0.9633	13.1318	1.5649	1.4335	1.7048
55	65	0.5559	8	0	1	0	0	0	0	0	0	N	N	N	N	N	N	N	N	N	N	N	N	25.0501	38.1820	0.0440	78.4678	70.3484	0.0037	0.0120	0.0071	0.0361	15.5795	17.7547	0.0433	42.7875	44.3776	0.0001	0.0087	0.0004	0.0485	0.6219	0.4650	0.9849	0.5453	0.6308	0.0320	0.7270	0.0591	1.3437	0.0003	0.9158	-0.4318	0.0092	3.4216	1.7555	15.9376	11.9300	0.9797	0.9794	0.0003	0.9794	0.9794	0.0000	0.0003	0.0000	0.0003	0.4697	0.2452	0.2246	0.2381	0.2361	0.0020	0.2316	0.0090	0.2226	0.0629	0.0552	0.0077	0.0229	0.0221	0.0008	0.0400	0.0331	0.0069	0.7553	0.5273	0.2280	0.4367	0.3743	0.0624	0.3186	0.1529	0.1656	25.0501	38.1820	0.0440	78.4678	70.3484	0.0037	0.0120	0.0071	0.0361	0.6219	0.4650	0.9849	0.5453	0.6308	0.0320	0.7270	0.0591	1.3437
55	66	0.5349	10	1	1	1	0	0	0	0	0	N	N	N	N	N	N	N	N	N	N	N	N	0.0000	0.0000	0.0000	0.0000	0.0000	0.0000	0.0000	0.0000	0.0000	0.0000	0.0000	0.0000	0.0000	0.0000	0.0000	0.0000	0.0000	0.0000	0.0000	0.0000	3.4216	0.0000	15.9376	0.0000	0.0000	0.0000	0.0000	0.0000	0.0000	0.0000	0.0000	0.0000	0.0000	0.0000	0.0000	0.0000	0.0000	0.0000	0.0000	0.0000	0.0000	0.0000	0.0000	0.0000	0.0000	0.0000	0.0000	0.0000	0.0000	0.0000	0.0000	0.0000	0.0000	0.0000	0.0000	0.0000	0.0000	0.0000	0.0000	0.0000	0.0000	0.0000	0.0000	0.0000	0.0000	0.0000	0.0000	0.0000	0.0000	0.0000	0.0000	0.0000	0.0000	0.0000	0.0000	0.0000	0.0000	0.0000											
55	67	0.4726	9	1	1	1	0	0	0	0	0	N	N	N	N	N	N	N	N	N	N	N	N	0.0233	0.0124	3.3376	0.3878	0.3893	0.0000	0.0068	0.0000	6.1973	0.0035	0.0027	0.0100	0.0068	0.0070	0.0000	0.0016	0.0000	0.0113	0.1485	0.2192	0.0030	0.0175	0.0180	0.0123	0.2367	0.4586	0.0018	0.4286	0.0066	-0.0000	-0.0089	3.4216	1.0000	15.9376	3.0000	0.0001	0.0001	0.0000	0.0001	0.0001	0.0000	0.0000	0.0000	0.0000	0.0197	0.0196	0.0001	0.0009	0.0009	0.0001	0.0188	0.0187	0.0001	0.0289	0.0259	0.0030	0.0103	0.0100	0.0003	0.0185	0.0159	0.0027	0.1327	0.0893	0.0434	0.0534	0.0485	0.0049	0.0793	0.0408	0.0385	0.0233	0.0124	3.3376	0.3878	0.3893	0.0000	0.0068	0.0000	6.1973	0.1485	0.2192	0.0030	0.0175	0.0180	0.0123	0.2367	0.4586	0.0018
55	68	0.5349	10	1	1	1	0	0	0	0	0	N	N	N	N	N	N	N	N	N	N	N	N	inf	inf	inf	inf	0.0084	0.0095	0.0000	0.0000	0.0000	0.0000	0.0120	0.0142	0.0000	0.0000	0.0000	0.0000	0.0000	0.0000	0.0000	0.0000	0.0000	0.0000	0.0000	-0.0001	0.0000	3.4216	1.0000	15.9376	0.0000	0.0003	0.0003	0.0000	0.0000	0.0000	0.0000	0.0003	0.0003	0.0000	0.0000	0.0000	0.0000	0.0000	0.0000	0.0000	0.0000	0.0000	0.0000	0.0321	0.0283	0.0038	0.0096	0.0092	0.0004	0.0226	0.0191	0.0035	0.0414	0.0286	0.0128	0.0225	0.0189	0.0036	0.0189	0.0098	0.0092	inf	inf	0.0000	0.0000	0.0000	0.0000	inf	inf	0.0000	0.0000	0.0000	0.0000	0.0000	0.0000	0.0000	0.0000	0.0000	0.0000						
55	69	0.5185	9	1	1	1	0	0	0	0	0	N	N	N	N	N	N	N	N	N	N	N	N	0.0007	0.0006	0.0014	0.0023	0.0025	0.0044	0.0000	0.0000	0.0017	0.0001	0.0001	0.0001	0.0003	0.0003	0.0010	0.0000	0.0000	0.0000	0.1474	0.1693	0.0946	0.1450	0.1280	0.2303	0.1507	0.2570	0.0285	0.1668	0.2317	-0.0000	-0.0128	3.4216	1.0155	15.9376	5.9708	0.0000	0.0000	0.0000	0.0000	0.0000	0.0000	0.0000	0.0000	0.0000	0.0472	0.0383	0.0089	0.0268	0.0197	0.0071	0.0204	0.0187	0.0018	0.0341	0.0301	0.0040	0.0104	0.0100	0.0004	0.0237	0.0200	0.0037	0.3202	0.2264	0.0939	0.1845	0.1538	0.0308	0.1357	0.0726	0.0631	0.0007	0.0006	0.0014	0.0023	0.0025	0.0044	0.0000	0.0000	0.0017	0.1474	0.1693	0.0946	0.1450	0.1280	0.2303	0.1507	0.2570	0.0285
55	70	0.5137	8	1	0	1	0	0	0	0	0	N	N	N	N	N	N	N	N	N	N	N	N	0.0171	0.0071	0.1450	0.0293	0.0124	3.3015	0.0068	0.0017	0.0258	0.0089	0.0044	0.0463	0.0188	0.0094	0.5890	0.0021	0.0003	0.0108	0.5236	0.6216	0.3193	0.6398	0.7628	0.1784	0.3150	0.1973	0.4200	1.2569	0.2466	0.0000	-0.0632	3.4216	0.0406	15.9376	2.3361	0.0000	0.0000	0.0000	0.0000	0.0000	0.0000	0.0000	0.0000	0.0000	0.2427	0.1947	0.0480	0.1904	0.1793	0.0112	0.0523	0.0154	0.0368	0.0029	0.0026	0.0003	0.0012	0.0012	0.0000	0.0017	0.0014	0.0003	0.4636	0.3132	0.1504	0.2976	0.2350	0.0627	0.1659	0.0782	0.0877	0.0171	0.0071	0.1450	0.0293	0.0124	3.3015	0.0068	0.0017	0.0258	0.5236	0.6216	0.3193	0.6398	0.7628	0.1784	0.3150	0.1973	0.4200
55	71	0.4726	9	1	1	1	0	0	0	0	0	N	N	N	N	N	N	N	N	N	N	N	N	0.0000	0.0000	0.0000	0.0000	0.0000	0.0000	0.0000	0.0000	0.0000	0.0000	0.0000	0.0000	0.0000	0.0000	0.0000	0.0000	0.0000	0.0000	0.0000	0.0000	3.4216	0.0000	15.9376	0.0000	0.0000	0.0000	0.0000	0.0000	0.0000	0.0000	0.0000	0.0000	0.0000	0.0000	0.0000	0.0000	0.0000	0.0000	0.0000	0.0000	0.0000	0.0000	0.0000	0.0000	0.0000	0.0000	0.0000	0.0000	0.0000	0.0000	0.0000	0.0000	0.0000	0.0000	0.0000	0.0000	0.0000	0.0000	0.0000	0.0000	0.0000	0.0000	0.0000	0.0000	0.0000	0.0000	0.0000	0.0000	0.0000	0.0000	0.0000	0.0000	0.0000	0.0000	0.0000	0.0000	0.0000	0.0000											
55	72	0.4545	8	1	1	1	0	0	0	0	0	N	N	N	N	N	N	N	N	N	N	N	N	1.8133	0.3372	9.4977	0.4851	0.4758	0.2539	2.3971	0.2846	9.5615	0.0017	0.0002	0.0140	0.0004	0.0004	0.0001	0.0024	0.0001	0.0155	0.0010	0.0007	0.0015	0.0009	0.0009	0.0006	0.0010	0.0004	0.0016	6.9618	0.9151	0.0001	0.0000	3.4216	3.9057	15.9376	1.1104	0.0002	0.0000	0.0002	0.0000	0.0000	0.0000	0.0002	0.0000	0.0002	0.0002	0.0001	0.0001	0.0001	0.0001	0.0000	0.0001	0.0000	0.0001	0.1167	0.1041	0.0127	0.0393	0.0380	0.0013	0.0774	0.0660	0.0114	0.1930	0.1330	0.0600	0.0833	0.0749	0.0085	0.1097	0.0581	0.0515	1.8133	0.3372	9.4977	0.4851	0.4758	0.2539	2.3971	0.2846	9.5615	0.0010	0.0007	0.0015	0.0009	0.0009	0.0006	0.0010	0.0004	0.0016
55	73	0.2518	6	1	1	0	0	0	0	0	0	N	N	N	N	N	N	N	N	N	N	N	N	3.6014	1.9882	9.9272	1.7762	1.9807	0.0074	5.3702	5.8353	18.1054	1.9336	0.6484	9.5980	0.8851	1.0243	0.0015	3.0377	0.2454	18.6754	0.5369	0.3261	0.9668	0.4983	0.5171	0.2049	0.5656	0.0421	1.0315	2.4818	1.4532	0.2471	0.1022	3.4216	6.9070	15.9376	16.5673	0.9096	0.2612	0.6483	0.2136	0.2135	0.0001	0.6960	0.0477	0.6483	0.7630	0.3110	0.4520	0.3024	0.2949	0.0075	0.4606	0.0161	0.4445	0.4704	0.4029	0.0676	0.2413	0.2085	0.0328	0.2291	0.1944	0.0347	1.4211	0.9536	0.4675	0.6068	0.5702	0.0366	0.8143	0.3834	0.4309	3.6014	1.9882	9.9272	1.7762	1.9807	0.0074	5.3702	5.8353	18.1054	0.5369	0.3261	0.9668	0.4983	0.5171	0.2049	0.5656	0.0421	1.0315
55	74	0.0750	2	0	1	0	1	0	0	0	0	N	N	N	N	N	N	N	N	N	N	N	N	2.5741	0.5679	5.2437	0.5682	0.6129	0.0245	4.5320	2.3400	5.6815	1.1424	0.2000	3.0953	0.3275	0.3331	0.0267	1.5882	0.0588	3.1571	0.4438	0.3521	0.5903	0.5765	0.5435	1.0857	0.3504	0.0251	0.5557	7.4695	1.0495	0.2159	0.0524	3.4216	6.4226	15.9376	19.3377	0.4897	0.0578	0.4319	0.0496	0.0496	0.0001	0.4400	0.0082	0.4318	0.9750	0.4757	0.4993	0.5231	0.4632	0.0599	0.4518	0.0125	0.4393	0.4286	0.2891	0.1395	0.1516	0.1488	0.0028	0.2771	0.1403	0.1368	2.1968	1.3510	0.8458	0.9075	0.8522	0.0552	1.2893	0.4987	0.7906	2.5741	0.5679	5.2437	0.5682	0.6129	0.0245	4.5320	2.3400	5.6815	0.4438	0.3521	0.5903	0.5765	0.5435	1.0857	0.3504	0.0251	0.5557
55	77	0.5294	9	0	0	0	1	0	0	0	0	N	N	N	N	N	N	N	N	N	N	N	N	0.7134	0.6479	1.0905	1.1866	1.1150	0.2196	0.3593	0.0008	1.0285	0.0664	0.0623	0.0934	0.1498	0.1540	0.0105	0.0191	0.0000	0.1008	0.0930	0.0961	0.0857	0.1262	0.1382	0.0480	0.0533	0.0111	0.0980	0.2280	0.3691	-0.0002	-0.0135	3.4216	0.3745	15.9376	14.7996	0.0010	0.0008	0.0002	0.0008	0.0008	0.0000	0.0002	0.0000	0.0002	0.0715	0.0522	0.0193	0.0529	0.0502	0.0027	0.0186	0.0020	0.0166	0.0147	0.0128	0.0019	0.0053	0.0052	0.0002	0.0094	0.0076	0.0018	0.7682	0.5433	0.2250	0.4190	0.3635	0.0555	0.3492	0.1798	0.1695	0.7134	0.6479	1.0905	1.1866	1.1150	0.2196	0.3593	0.0008	1.0285	0.0930	0.0961	0.0857	0.1262	0.1382	0.0480	0.0533	0.0111	0.0980
55	78	0.5071	8	0	0	0	1	0	0	0	0	N	N	N	N	N	N	N	N	N	N	N	N	1.6393	1.6101	2.1379	3.2145	2.9928	0.0849	0.6347	0.0029	1.8911	5.3966	5.0311	7.9204	12.7917	13.3147	0.0879	1.5255	0.0008	8.8627	3.2920	3.1247	3.7047	3.9794	4.4489	1.0355	2.4035	0.2683	4.6864	0.2280	0.4804	-0.0674	-0.2801	3.4216	1.4595	15.9376	10.3922	0.2638	0.2148	0.0490	0.2148	0.2148	0.0001	0.0489	0.0000	0.0489	2.0922	1.4132	0.6789	1.4258	1.3748	0.0510	0.6663	0.0384	0.6279	0.0489	0.0427	0.0062	0.0168	0.0161	0.0007	0.0321	0.0266	0.0055	0.6355	0.4523	0.1833	0.3583	0.3090	0.0493	0.2772	0.1433	0.1340	1.6393	1.6101	2.1379	3.2145	2.9928	0.0849	0.6347	0.0029	1.8911	3.2920	3.1247	3.7047	3.9794	4.4489	1.0355	2.4035	0.2683	4.6864
55	79	0.4930	7	0	0	0	1	0	0	0	0	N	N	N	N	N	N	N	N	N	N	N	N	0.1955	0.1970	0.2618	0.4687	0.4473	0.1698	0.0629	0.0072	0.2336	0.0273	0.0245	0.0464	0.0640	0.0666	0.0094	0.0090	0.0005	0.0512	0.1396	0.1245	0.1771	0.1366	0.1488	0.0553	0.1434	0.0713	0.2193	0.2745	0.5705	-0.0003	-0.0060	3.4216	1.3861	15.9376	6.3168	0.0012	0.0009	0.0003	0.0009	0.0009	0.0000	0.0003	0.0000	0.0002	0.0635	0.0405	0.0231	0.0350	0.0332	0.0019	0.0285	0.0073	0.0212	0.0432	0.0378	0.0055	0.0144	0.0137	0.0006	0.0289	0.0240	0.0048	0.4552	0.3249	0.1303	0.2565	0.2230	0.0335	0.1987	0.1019	0.0968	0.1955	0.1970	0.2618	0.4687	0.4473	0.1698	0.0629	0.0072	0.2336	0.1396	0.1245	0.1771	0.1366	0.1488	0.0553	0.1434	0.0713	0.2193
55	80	0.4336	6	0	0	0	1	0	0	0	0	N	N	N	N	N	N	N	N	N	N	N	N	1.9328	2.5630	0.0015	4.2713	4.0618	0.0000	1.1153	2.0394	0.0013	2.3849	2.7175	0.0025	4.4032	4.5470	0.0000	1.6353	1.9377	0.0026	1.2339	1.0603	1.6344	1.0309	1.1195	0.5282	1.4663	0.9501	2.0321	0.0001	0.6683	-0.1269	-0.0696	3.4216	4.0043	15.9376	19.8631	0.2879	0.2878	0.0000	0.1439	0.1439	0.0000	0.1439	0.1439	0.0000	1.2052	0.7224	0.4828	0.5374	0.4962	0.0413	0.6677	0.2262	0.4415	0.1207	0.1059	0.0148	0.0327	0.0317	0.0010	0.0880	0.0743	0.0138	0.9767	0.6813	0.2954	0.5213	0.4432	0.0781	0.4554	0.2381	0.2173	1.9328	2.5630	0.0015	4.2713	4.0618	0.0000	1.1153	2.0394	0.0013	1.2339	1.0603	1.6344	1.0309	1.1195	0.5282	1.4663	0.9501	2.0321
55	81	0.4072	8	0	1	1	0	0	0	0	0	N	N	N	N	N	N	N	N	N	N	N	N	0.1164	0.1287	0.0263	0.1082	0.1083	0.1472	0.0427	0.1182	0.0003	0.0002	0.0003	0.0000	0.0004	0.0004	0.0007	0.0000	0.0000	0.0000	0.0017	0.0022	0.0007	0.0038	0.0038	0.0045	0.0003	0.0003	0.0004	0.0300	0.1525	-0.0000	-0.0001	3.4216	2.0162	15.9376	4.5500	0.0000	0.0000	0.0000	0.0000	0.0000	0.0000	0.0000	0.0000	0.0000	0.0004	0.0004	0.0001	0.0004	0.0003	0.0000	0.0000	0.0000	0.0000	0.1697	0.1143	0.0554	0.0780	0.0765	0.0014	0.0917	0.0378	0.0539	0.2516	0.1675	0.0841	0.0991	0.0927	0.0064	0.1526	0.0749	0.0777	0.1164	0.1287	0.0263	0.1082	0.1083	0.1472	0.0427	0.1182	0.0003	0.0017	0.0022	0.0007	0.0038	0.0038	0.0045	0.0003	0.0003	0.0004
55	82	0.5415	10	0	1	1	0	0	0	0	0	N	N	N	N	N	N	N	N	N	N	N	N	0.0002	0.0001	0.0028	0.0004	0.0003	0.0050	0.0000	0.0000	0.0044	0.0000	0.0000	0.0000	0.0000	0.0000	0.0000	0.0000	0.0000	0.0000	0.0406	0.0565	0.0022	0.0513	0.0609	0.0045	0.0246	0.0460	0.0010	0.1202	0.0161	-0.0000	-0.0059	3.4216	3.0011	15.9376	3.7015	0.0000	0.0000	0.0000	0.0000	0.0000	0.0000	0.0000	0.0000	0.0000	0.0133	0.0131	0.0002	0.0101	0.0100	0.0002	0.0032	0.0031	0.0001	0.0952	0.0840	0.0112	0.0301	0.0289	0.0012	0.0651	0.0551	0.0100	0.3279	0.2322	0.0957	0.1973	0.1637	0.0336	0.1306	0.0685	0.0621	0.0002	0.0001	0.0028	0.0004	0.0003	0.0050	0.0000	0.0000	0.0044	0.0406	0.0565	0.0022	0.0513	0.0609	0.0045	0.0246	0.0460	0.0010
55	83	0.5301	9	0	1	0	0	0	0	0	0	N	N	N	N	N	N	N	N	N	N	N	N	0.0009	0.0007	0.0010	0.0000	0.0000	0.0001	0.0019	0.0013	0.0030	0.0008	0.0009	0.0000	0.0000	0.0000	0.0000	0.0011	0.0013	0.0000	0.8943	1.2491	0.0462	1.0598	1.3173	0.0820	0.5959	1.0718	0.0163	0.0068	0.0155	-0.0000	-0.1508	3.4216	2.0032	15.9376	4.2039	0.0001	0.0001	0.0000	0.0000	0.0000	0.0000	0.0001	0.0001	0.0000	0.3402	0.3350	0.0052	0.2593	0.2552	0.0042	0.0809	0.0799	0.0010	0.0646	0.0570	0.0076	0.0205	0.0197	0.0008	0.0441	0.0372	0.0068	0.3805	0.2682	0.1122	0.2447	0.1937	0.0510	0.1357	0.0745	0.0612	0.0009	0.0007	0.0010	0.0000	0.0000	0.0001	0.0019	0.0013	0.0030	0.8943	1.2491	0.0462	1.0598	1.3173	0.0820	0.5959	1.0718	0.0163
55	84	0.5269	9	1	0	1	0	0	0	0	0	N	N	N	N	N	N	N	N	N	N	N	N	0.0000	0.0000	0.0000	0.0000	0.0000	0.0000	0.0000	0.0063	0.0000	0.0000	0.0000	0.0000	0.0000	0.0000	0.0000	0.0000	0.0001	0.0000	1.2621	0.9985	1.7815	1.2160	1.3727	0.0322	1.3173	0.0080	2.1900	0.0500	0.9053	-0.0000	0.0073	3.4216	1.0052	15.9376	4.9545	0.0000	0.0000	0.0000	0.0000	0.0000	0.0000	0.0000	0.0000	0.0000	0.4331	0.2273	0.2058	0.2275	0.2268	0.0007	0.2056	0.0005	0.2051	0.0329	0.0290	0.0039	0.0108	0.0104	0.0004	0.0221	0.0187	0.0034	0.3431	0.2276	0.1155	0.1871	0.1652	0.0219	0.1561	0.0624	0.0936	0.0000	0.0000	0.0000	0.0000	0.0000	0.0000	0.0000	0.0063	0.0000	1.2621	0.9985	1.7815	1.2160	1.3727	0.0322	1.3173	0.0080	2.1900
55	85	0.5075	8	1	0	1	0	0	0	0	0	N	N	N	N	N	N	N	N	N	N	N	N	0.0021	0.0021	0.0011	0.0008	0.0006	0.0000	0.0042	0.0195	0.0008	0.0064	0.0070	0.0026	0.0029	0.0030	0.0000	0.0081	0.0090	0.0029	3.0982	3.3939	2.3817	3.8941	4.6862	0.0404	1.9422	0.4627	3.6182	0.0500	0.2896	-0.0001	-0.2914	3.4216	0.9968	15.9376	7.6169	0.0002	0.0002	0.0000	0.0000	0.0000	0.0000	0.0002	0.0002	0.0000	1.2466	0.9666	0.2800	0.9279	0.9263	0.0016	0.3186	0.0403	0.2783	0.0324	0.0286	0.0038	0.0102	0.0098	0.0004	0.0222	0.0188	0.0034	0.4024	0.2848	0.1175	0.2383	0.1977	0.0406	0.1641	0.0871	0.0769	0.0021	0.0021	0.0011	0.0008	0.0006	0.0000	0.0042	0.0195	0.0008	3.0982	3.3939	2.3817	3.8941	4.6862	0.0404	1.9422	0.4627	3.6182
55	86	0.5275	7	1	1	0	0	0	0	0	0	N	N	N	N	N	N	N	N	N	N	N	N	0.0685	0.0304	4.3544	0.1938	0.1851	0.0779	0.0303	0.0004	6.9635	0.0031	0.0020	0.0103	0.0048	0.0050	0.0005	0.0022	0.0001	0.0113	0.0454	0.0666	0.0024	0.0250	0.0271	0.0061	0.0710	0.1836	0.0016	0.7699	0.0174	-0.0000	-0.0231	3.4216	5.8060	15.9376	6.1034	0.0007	0.0004	0.0003	0.0004	0.0004	0.0000	0.0003	0.0000	0.0003	0.0524	0.0515	0.0009	0.0160	0.0156	0.0004	0.0364	0.0358	0.0005	0.2134	0.1853	0.0282	0.0758	0.0731	0.0027	0.1376	0.1121	0.0255	1.1522	0.7730	0.3792	0.6403	0.5778	0.0625	0.5120	0.1953	0.3167	0.0685	0.0304	4.3544	0.1938	0.1851	0.0779	0.0303	0.0004	6.9635	0.0454	0.0666	0.0024	0.0250	0.0271	0.0061	0.0710	0.1836	0.0016
55	87	0.4336	6	1	1	0	0	0	0	0	0	N	N	N	N	N	N	N	N	N	N	N	N	0.9405	1.0763	0.0142	1.3573	1.2046	0.7170	0.9504	11.2082	0.0099	0.8177	0.9286	0.0126	1.5283	1.5773	0.0259	0.5555	0.6546	0.0116	0.8694	0.8628	0.8849	1.1260	1.3095	0.0361	0.5845	0.0584	1.1725	0.0019	0.4387	-0.1279	-0.1749	3.4216	12.2869	15.9376	21.7146	0.2911	0.2906	0.0005	0.1466	0.1465	0.0001	0.1445	0.1440	0.0005	1.1398	0.7923	0.3476	0.7767	0.7731	0.0036	0.3631	0.0191	0.3440	0.3560	0.3129	0.0431	0.0959	0.0929	0.0030	0.2601	0.2200	0.0401	1.3111	0.9183	0.3928	0.6898	0.5904	0.0994	0.6213	0.3279	0.2934	0.9405	1.0763	0.0142	1.3573	1.2046	0.7170	0.9504	11.2082	0.0099	0.8694	0.8628	0.8849	1.1260	1.3095	0.0361	0.5845	0.0584	1.1725
55	88	0.5301	9	0	1	0	0	0	0	0	0	N	N	N	N	N	N	N	N	N	N	N	N	0.0002	0.0003	0.0000	0.0003	0.0003	0.0007	0.0001	0.0065	0.0000	0.0002	0.0002	0.0000	0.0003	0.0003	0.0003	0.0001	0.0001	0.0000	0.8480	0.5802	1.5073	0.7485	0.8201	0.4231	1.0017	0.0209	2.1682	0.0227	1.0554	-0.0000	0.0297	3.4216	4.0005	15.9376	9.0093	0.0000	0.0000	0.0000	0.0000	0.0000	0.0000	0.0000	0.0000	0.0000	0.5381	0.2618	0.2763	0.2884	0.2590	0.0294	0.2498	0.0028	0.2470	0.1275	0.1126	0.0150	0.0404	0.0388	0.0016	0.0872	0.0737	0.0134	0.6346	0.4513	0.1833	0.3852	0.3158	0.0694	0.2494	0.1355	0.1139	0.0002	0.0003	0.0000	0.0003	0.0003	0.0007	0.0001	0.0065	0.0000	0.8480	0.5802	1.5073	0.7485	0.8201	0.4231	1.0017	0.0209	2.1682
55	89	0.5075	8	0	1	0	0	0	0	0	0	N	N	N	N	N	N	N	N	N	N	N	N	0.0001	0.0001	0.0001	0.0004	0.0003	0.0000	0.0000	0.0000	0.0001	0.0000	0.0000	0.0000	0.0001	0.0001	0.0000	0.0000	0.0000	0.0000	0.1334	0.1819	0.0150	0.1301	0.1506	0.0271	0.1381	0.2518	0.0088	0.0060	0.0337	-0.0000	-0.0264	3.4216	1.0051	15.9376	9.2650	0.0000	0.0000	0.0000	0.0000	0.0000	0.0000	0.0000	0.0000	0.0000	0.0621	0.0601	0.0020	0.0356	0.0343	0.0012	0.0265	0.0257	0.0008	0.0327	0.0288	0.0039	0.0103	0.0099	0.0004	0.0224	0.0189	0.0035	0.4655	0.3302	0.1354	0.2734	0.2279	0.0455	0.1921	0.1022	0.0898	0.0001	0.0001	0.0001	0.0004	0.0003	0.0000	0.0000	0.0000	0.0001	0.1334	0.1819	0.0150	0.1301	0.1506	0.0271	0.1381	0.2518	0.0088
55	90	0.5559	8	0	0	1	0	0	0	0	0	N	N	N	N	N	N	N	N	N	N	N	N	0.2646	0.3724	0.1404	0.6400	0.6927	0.0005	0.0461	0.0142	0.1466	0.0388	0.0396	0.0334	0.0967	0.1004	0.0001	0.0065	0.0001	0.0375	0.1467	0.1063	0.2379	0.1511	0.1450	0.1881	0.1408	0.0064	0.2558	0.1187	0.9935	-0.0011	0.0035	3.4216	2.3559	15.9376	7.1930	0.0032	0.0028	0.0003	0.0028	0.0028	0.0000	0.0003	0.0000	0.0003	0.0882	0.0442	0.0440	0.0527	0.0435	0.0092	0.0355	0.0007	0.0347	0.0813	0.0712	0.0100	0.0291	0.0280	0.0011	0.0521	0.0432	0.0089	0.6010	0.4162	0.1848	0.3489	0.3000	0.0489	0.2521	0.1162	0.1358	0.2646	0.3724	0.1404	0.6400	0.6927	0.0005	0.0461	0.0142	0.1466	0.1467	0.1063	0.2379	0.1511	0.1450	0.1881	0.1408	0.0064	0.2558
55	91	0.5231	7	0	0	0	0	0	0	0	0	N	N	N	N	N	N	N	N	N	N	N	N	0.6502	0.7776	0.6841	0.4843	0.9272	0.0052	0.6952	0.5308	1.1302	0.4136	0.2889	0.8461	0.2453	0.2860	0.0075	0.5904	0.2928	1.2674	0.6360	0.3716	1.2368	0.5066	0.3084	1.4474	0.8493	0.5516	1.1214	0.8437	1.4650	0.0026	0.1466	3.4216	4.9284	15.9376	11.0439	0.1587	0.0861	0.0726	0.0483	0.0480	0.0002	0.1105	0.0381	0.0724	1.0782	0.4374	0.6408	0.5344	0.2688	0.2657	0.5438	0.1686	0.3752	0.3838	0.2980	0.0858	0.1967	0.1680	0.0287	0.1871	0.1300	0.0571	1.6952	1.1771	0.5181	1.0549	0.8714	0.1835	0.6403	0.3057	0.3346	0.6502	0.7776	0.6841	0.4843	0.9272	0.0052	0.6952	0.5308	1.1302	0.6360	0.3716	1.2368	0.5066	0.3084	1.4474	0.8493	0.5516	1.1214
55	92	0.4336	6	0	0	0	0	0	0	0	0	N	N	N	N	N	N	N	N	N	N	N	N	1.5549	1.9271	1.1106	1.8442	2.4230	0.0022	2.0439	3.6470	1.9413	2.0915	2.0784	2.1855	3.4116	3.5227	0.0093	1.6012	1.4626	2.3491	1.3451	1.0785	1.9678	1.8499	1.4539	4.1956	0.7834	0.4011	1.2101	0.1468	0.7811	-0.0773	-0.0342	3.4216	3.9161	15.9376	29.2065	0.2470	0.2154	0.0316	0.1091	0.1091	0.0000	0.1379	0.1063	0.0316	1.7259	0.9690	0.7569	1.2501	0.8405	0.4096	0.4758	0.1285	0.3473	0.1181	0.1036	0.0145	0.0320	0.0310	0.0010	0.0861	0.0727	0.0135	1.2831	0.8984	0.3846	0.6758	0.5781	0.0976	0.6073	0.3203	0.2870	1.5549	1.9271	1.1106	1.8442	2.4230	0.0022	2.0439	3.6470	1.9413	1.3451	1.0785	1.9678	1.8499	1.4539	4.1956	0.7834	0.4011	1.2101
55	93	0.4072	8	1	1	0	0	0	0	0	0	N	N	N	N	N	N	N	N	N	N	N	N	4.4383	4.6116	0.2875	12.0549	11.6717	0.0840	0.0486	0.0153	0.2893	0.2609	0.3757	0.0042	0.5725	0.5844	0.0010	0.0032	0.0018	0.0043	0.0588	0.0815	0.0147	0.0475	0.0501	0.0115	0.0656	0.1175	0.0150	0.0050	0.0930	-0.0209	-0.0075	3.4216	2.5103	15.9376	7.4742	0.0478	0.0476	0.0002	0.0475	0.0475	0.0000	0.0003	0.0001	0.0002	0.0201	0.0184	0.0017	0.0061	0.0060	0.0001	0.0140	0.0124	0.0016	0.1833	0.1266	0.0567	0.0830	0.0813	0.0017	0.1003	0.0454	0.0550	0.3420	0.2258	0.1163	0.1292	0.1205	0.0086	0.2129	0.1052	0.1076	4.4383	4.6116	0.2875	12.0549	11.6717	0.0840	0.0486	0.0153	0.2893	0.0588	0.0815	0.0147	0.0475	0.0501	0.0115	0.0656	0.1175	0.0150
55	94	0.3710	7	0	1	0	0	0	0	0	0	N	N	N	N	N	N	N	N	N	N	N	N	12.9788	11.7967	13.1001	16.6585	15.7981	70.8051	3.9089	0.0378	12.0985	0.2621	0.2824	0.1611	0.6003	0.6102	0.1894	0.0418	0.0003	0.1594	0.0202	0.0239	0.0123	0.0360	0.0386	0.0027	0.0107	0.0085	0.0132	0.1146	0.2434	-0.0284	-0.0020	3.4216	7.1305	15.9376	3.2426	0.0839	0.0752	0.0086	0.0758	0.0752	0.0006	0.0081	0.0000	0.0081	0.0077	0.0062	0.0015	0.0052	0.0051	0.0000	0.0026	0.0011	0.0015	0.3200	0.2664	0.0535	0.1262	0.1232	0.0030	0.1938	0.1432	0.0506	0.3822	0.2593	0.1229	0.1432	0.1329	0.0103	0.2390	0.1264	0.1126	12.9788	11.7967	13.1001	16.6585	15.7981	70.8051	3.9089	0.0378	12.0985	0.0202	0.0239	0.0123	0.0360	0.0386	0.0027	0.0107	0.0085	0.0132
55	95	0.5075	8	1	1	0	0	0	0	0	0	N	N	N	N	N	N	N	N	N	N	N	N	0.2169	0.1721	1.1103	0.1904	0.1708	0.0261	0.3571	0.2192	2.6394	0.0774	0.0843	0.0252	0.0908	0.0944	0.0013	0.0713	0.0791	0.0278	0.3567	0.4897	0.0227	0.4772	0.5524	0.0513	0.1997	0.3611	0.0105	0.0397	0.0184	-0.0078	-0.1847	3.4216	8.0000	15.9376	22.5660	0.0194	0.0187	0.0007	0.0071	0.0071	0.0000	0.0123	0.0116	0.0007	0.4196	0.4120	0.0076	0.3176	0.3125	0.0051	0.1020	0.0995	0.0025	0.2506	0.2212	0.0294	0.0779	0.0750	0.0029	0.1727	0.1463	0.0264	1.1764	0.8413	0.3351	0.6655	0.5657	0.0998	0.5109	0.2756	0.2353	0.2169	0.1721	1.1103	0.1904	0.1708	0.0261	0.3571	0.2192	2.6394	0.3567	0.4897	0.0227	0.4772	0.5524	0.0513	0.1997	0.3611	0.0105
55	96	0.4336	6	0	0	0	0	0	0	0	0	N	N	N	N	N	N	N	N	N	N	N	N	1.4171	0.8447	6.3400	3.1717	2.8027	3.7977	0.7858	0.0019	5.0921	1.1002	0.7142	3.9013	2.3263	2.4010	0.0384	0.6477	0.0016	4.1935	0.7763	0.8454	0.6154	0.7335	0.8567	0.0101	0.8243	0.8250	0.8235	0.7528	0.3124	-0.0045	-0.2069	3.4216	11.9964	15.9376	18.8414	0.3829	0.2185	0.1645	0.2182	0.2181	0.0001	0.1647	0.0003	0.1643	0.9389	0.7154	0.2235	0.4685	0.4676	0.0009	0.4704	0.2479	0.2226	0.3481	0.3059	0.0422	0.0938	0.0908	0.0030	0.2542	0.2151	0.0392	1.2095	0.8462	0.3632	0.6388	0.5458	0.0930	0.5707	0.3004	0.2703	1.4171	0.8447	6.3400	3.1717	2.8027	3.7977	0.7858	0.0019	5.0921	0.7763	0.8454	0.6154	0.7335	0.8567	0.0101	0.8243	0.8250	0.8235
55	98	0.5380	10	1	1	1	0	0	0	0	0	N	N	N	N	N	N	N	N	N	N	N	N	0.0624	0.0514	0.1435	0.1314	0.1101	0.8343	0.0073	0.0000	0.0537	0.0057	0.0055	0.0073	0.0149	0.0139	0.0419	0.0004	0.0000	0.0027	0.0915	0.1071	0.0508	0.1137	0.1267	0.0502	0.0585	0.0643	0.0511	0.1666	0.1819	-0.0001	-0.0176	3.4216	0.9502	15.9376	16.1595	0.0002	0.0002	0.0000	0.0002	0.0002	0.0000	0.0000	0.0000	0.0000	0.0577	0.0488	0.0089	0.0428	0.0396	0.0032	0.0149	0.0092	0.0057	0.0349	0.0310	0.0039	0.0127	0.0122	0.0005	0.0222	0.0188	0.0035	0.6304	0.4556	0.1748	0.3763	0.3123	0.0640	0.2541	0.1433	0.1108	0.0624	0.0514	0.1435	0.1314	0.1101	0.8343	0.0073	0.0000	0.0537	0.0915	0.1071	0.0508	0.1137	0.1267	0.0502	0.0585	0.0643	0.0511
55	99	0.4336	6	0	1	0	0	0	0	0	0	N	N	N	N	N	N	N	N	N	N	N	N	8.8371	6.8910	42.0143	48.3441	42.8830	3.6312	0.3436	0.0006	38.0984	3.5897	3.9226	1.1736	12.7911	13.2068	0.0485	0.1946	0.0006	1.2587	0.4062	0.5692	0.0279	0.2646	0.3080	0.0134	0.5662	1.0487	0.0330	0.0412	0.0211	-0.5016	-0.1963	3.4216	11.9964	15.9376	15.6499	1.2494	1.1999	0.0495	1.1999	1.1998	0.0001	0.0495	0.0001	0.0493	0.4486	0.4393	0.0093	0.1550	0.1539	0.0012	0.2936	0.2855	0.0081	0.3481	0.3059	0.0422	0.0938	0.0908	0.0030	0.2542	0.2151	0.0392	1.1044	0.7718	0.3326	0.5859	0.4996	0.0863	0.5186	0.2722	0.2464	8.8371	6.8910	42.0143	48.3441	42.8830	3.6312	0.3436	0.0006	38.0984	0.4062	0.5692	0.0279	0.2646	0.3080	0.0134	0.5662	1.0487	0.0330
55	100	0.5410	11	1	0	1	0	0	0	0	0	N	N	N	N	N	N	N	N	N	N	N	N	0.0009	0.0009	0.0014	0.0065	0.0017	7.8316	0.0000	0.0002	0.0000	0.0031	0.0010	0.0186	0.0088	0.0028	0.1462	0.0000	0.0000	0.0000	3.2480	1.1265	13.3931	1.3539	1.6268	0.0187	6.0767	0.0054	25.4796	2.3347	3.0088	0.0000	0.5275	3.4216	1.0008	15.9376	13.9255	0.0001	0.0000	0.0001	0.0001	0.0000	0.0001	0.0000	0.0000	0.0000	1.8054	0.4504	1.3550	0.4507	0.4497	0.0011	1.3547	0.0007	1.3540	0.0326	0.0289	0.0038	0.0113	0.0109	0.0005	0.0213	0.0180	0.0033	0.5559	0.3998	0.1561	0.3329	0.2764	0.0565	0.2229	0.1233	0.0996	0.0009	0.0009	0.0021	0.0065	0.0017	7.8316	0.0000	0.0002	0.0000	3.2480	1.1265	8.6815	1.3539	1.6268	0.0187	6.0767	0.0054	13.5975
55	101	0.5380	10	1	0	1	0	0	0	0	0	N	N	N	N	N	N	N	N	N	N	N	N	0.0212	0.0064	0.1388	0.0071	0.0073	0.0125	0.0363	0.0068	0.1448	0.0019	0.0005	0.0152	0.0007	0.0007	0.0014	0.0029	0.0004	0.0160	0.0891	0.0815	0.1096	0.0934	0.0897	0.1089	0.0802	0.0573	0.1103	3.0141	0.4995	0.0000	-0.0014	3.4216	0.0532	15.9376	2.0467	0.0000	0.0000	0.0000	0.0000	0.0000	0.0000	0.0000	0.0000	0.0000	0.0113	0.0075	0.0038	0.0080	0.0062	0.0018	0.0033	0.0013	0.0020	0.0058	0.0052	0.0005	0.0026	0.0026	0.0000	0.0032	0.0026	0.0005	0.1270	0.0926	0.0344	0.0859	0.0692	0.0166	0.0412	0.0234	0.0178	0.0212	0.0064	0.1388	0.0071	0.0073	0.0125	0.0363	0.0068	0.1448	0.0891	0.0815	0.1096	0.0934	0.0897	0.1089	0.0802	0.0573	0.1103
55	102	0.5283	9	1	0	1	0	0	0	0	0	N	N	N	N	N	N	N	N	N	N	N	N	0.0011	0.0006	0.0265	0.0012	0.0010	0.0139	0.0019	0.0004	0.0506	0.0004	0.0003	0.0011	0.0006	0.0005	0.0010	0.0002	0.0001	0.0012	0.3415	0.4513	0.0430	0.4727	0.5581	0.0730	0.1328	0.2115	0.0229	0.5611	0.0351	-0.0000	-0.0370	3.4216	2.0948	15.9376	3.0326	0.0000	0.0000	0.0000	0.0000	0.0000	0.0000	0.0000	0.0000	0.0000	0.0871	0.0841	0.0029	0.0740	0.0720	0.0020	0.0131	0.0121	0.0009	0.0718	0.0636	0.0082	0.0254	0.0244	0.0010	0.0464	0.0392	0.0072	0.2549	0.1863	0.0686	0.1565	0.1289	0.0276	0.0984	0.0574	0.0410	0.0011	0.0006	0.0265	0.0012	0.0010	0.0139	0.0019	0.0004	0.0506	0.3415	0.4513	0.0430	0.4727	0.5581	0.0730	0.1328	0.2115	0.0229
55	103	0.5075	8	1	0	1	0	0	0	0	0	N	N	N	N	N	N	N	N	N	N	N	N	2.7142	2.2978	0.8838	5.9480	5.1677	0.0016	1.4940	1.0115	0.6694	0.1541	0.1733	0.0102	0.1814	0.1885	0.0000	0.1417	0.1654	0.0114	0.0568	0.0754	0.0116	0.0305	0.0365	0.0013	0.0948	0.1635	0.0170	0.0079	0.0632	-0.0084	-0.0093	3.4216	3.9484	15.9376	4.8420	0.0194	0.0193	0.0002	0.0071	0.0071	0.0000	0.0123	0.0121	0.0002	0.0232	0.0218	0.0014	0.0074	0.0073	0.0001	0.0158	0.0145	0.0013	0.1262	0.1113	0.0149	0.0394	0.0379	0.0015	0.0868	0.0734	0.0134	0.4091	0.2897	0.1195	0.2421	0.2009	0.0411	0.1671	0.0888	0.0783	2.7142	2.2978	0.8838	5.9480	5.1677	0.0016	1.4940	1.0115	0.6694	0.0568	0.0754	0.0116	0.0305	0.0365	0.0013	0.0948	0.1635	0.0170
55	104	0.4659	7	0	1	0	0	0	0	0	0	N	N	N	N	N	N	N	N	N	N	N	N	0.0300	0.0313	0.0003	0.0035	0.0037	0.0008	0.0566	0.0554	0.0001	0.0292	0.0328	0.0002	0.0038	0.0040	0.0011	0.0476	0.0566	0.0001	0.9755	1.0500	0.8017	1.0963	1.0668	1.2648	0.8420	1.0204	0.6379	0.0009	0.3270	-0.0042	-0.3429	3.4216	8.9557	15.9376	32.3127	0.0096	0.0096	0.0000	0.0005	0.0005	0.0000	0.0091	0.0091	0.0000	1.6178	1.2191	0.3987	0.9546	0.7903	0.1643	0.6632	0.4288	0.2344	0.3294	0.2930	0.0364	0.1385	0.1323	0.0062	0.1909	0.1608	0.0302	1.6584	1.1611	0.4973	0.8708	0.7409	0.1299	0.7876	0.4202	0.3674	0.0300	0.0313	0.0003	0.0035	0.0037	0.0008	0.0566	0.0554	0.0001	0.9755	1.0500	0.8017	1.0963	1.0668	1.2648	0.8420	1.0204	0.6379
55	105	0.4913	8	0	0	1	0	0	0	0	0	N	N	N	N	N	N	N	N	N	N	N	N	0.0000	0.0000	0.0001	0.0000	0.0000	0.0000	0.0000	0.0000	0.0001	0.0000	0.0000	0.0003	0.0000	0.0000	0.0000	0.0001	0.0000	0.0003	1.6999	1.2325	2.7811	1.5989	1.8566	0.0421	1.8157	0.0408	3.7006	7.0307	0.9754	0.0000	0.0328	3.4216	4.2679	15.9376	7.8415	0.0000	0.0000	0.0000	0.0000	0.0000	0.0000	0.0000	0.0000	0.0000	0.9256	0.4686	0.4570	0.4650	0.4632	0.0017	0.4606	0.0053	0.4553	0.1611	0.1414	0.0196	0.0652	0.0628	0.0023	0.0959	0.0786	0.0173	0.5445	0.3802	0.1643	0.2908	0.2495	0.0413	0.2537	0.1307	0.1230	0.0000	0.0000	0.0001	0.0000	0.0000	0.0000	0.0000	0.0000	0.0001	1.6999	1.2325	2.7811	1.5989	1.8566	0.0421	1.8157	0.0408	3.7006
55	106	0.4659	7	0	0	0	0	0	0	0	0	N	N	N	N	N	N	N	N	N	N	N	N	0.0061	0.0049	0.0082	0.0053	0.0046	0.0178	0.0087	0.0059	0.0035	0.0051	0.0056	0.0009	0.0055	0.0057	0.0026	0.0047	0.0054	0.0003	0.8297	1.1361	0.1076	1.0472	1.2437	0.1459	0.5355	0.9154	0.0874	0.0179	0.0402	-0.0002	-0.2340	3.4216	1.9301	15.9376	9.0954	0.0005	0.0005	0.0000	0.0003	0.0003	0.0000	0.0002	0.0002	0.0000	0.5575	0.5359	0.0215	0.4045	0.3944	0.0101	0.1529	0.1415	0.0114	0.1011	0.0908	0.0103	0.0493	0.0467	0.0026	0.0518	0.0441	0.0077	0.6719	0.4717	0.2001	0.3863	0.3171	0.0691	0.2856	0.1546	0.1310	0.0061	0.0049	0.0082	0.0053	0.0046	0.0178	0.0087	0.0059	0.0035	0.8297	1.1361	0.1076	1.0472	1.2437	0.1459	0.5355	0.9154	0.0874
55	107	0.4336	6	0	0	0	0	0	0	0	0	N	N	N	N	N	N	N	N	N	N	N	N	1.6127	1.4419	0.0125	2.6219	2.3205	0.3039	1.3279	1.1209	0.0030	2.4497	2.7907	0.0073	4.5396	4.6854	0.0758	1.6734	1.9829	0.0022	1.5190	1.9354	0.5851	1.7314	2.0192	0.2493	1.2602	1.7691	0.7219	0.0004	0.1348	-0.1272	-0.3130	3.4216	3.9049	15.9376	9.6098	0.2885	0.2884	0.0001	0.1448	0.1447	0.0001	0.1437	0.1437	0.0000	0.9218	0.8123	0.1095	0.5770	0.5635	0.0135	0.3447	0.2487	0.0960	0.1178	0.1033	0.0144	0.0319	0.0309	0.0010	0.0859	0.0725	0.0134	0.6068	0.4197	0.1871	0.3333	0.2791	0.0542	0.2736	0.1406	0.1330	1.6127	1.4419	0.0125	2.6219	2.3205	0.3039	1.3279	1.1209	0.0030	1.5190	1.9354	0.5851	1.7314	2.0192	0.2493	1.2602	1.7691	0.7219
55	108	0.4547	8	0	1	0	0	0	0	0	0	N	N	N	N	N	N	N	N	N	N	N	N	1.2792	1.0350	2.8152	2.1357	1.9699	1.0430	0.9136	0.5161	2.4408	1.6705	1.1216	5.2157	3.1879	3.3072	0.1626	1.0081	0.0076	5.6909	1.3059	1.0837	1.8527	1.4927	1.6788	0.1559	1.1034	0.0147	2.3316	0.7200	0.6949	-0.0098	-0.0776	3.4216	8.0392	15.9376	22.6195	0.4349	0.2529	0.1820	0.2522	0.2517	0.0005	0.1827	0.0011	0.1816	1.6039	0.9463	0.6576	0.9539	0.9417	0.0122	0.6500	0.0046	0.6454	0.2603	0.2254	0.0349	0.0791	0.0761	0.0030	0.1812	0.1493	0.0319	1.2282	0.8732	0.3549	0.6390	0.5609	0.0781	0.5891	0.3123	0.2768	1.2792	1.0350	2.8152	2.1357	1.9699	1.0430	0.9136	0.5161	2.4408	1.3059	1.0837	1.8527	1.4927	1.6788	0.1559	1.1034	0.0147	2.3316
55	109	0.4547	7	0	0	0	0	0	0	0	0	N	N	N	N	N	N	N	N	N	N	N	N	4.2910	3.6408	5.3474	6.5200	4.7810	143.5037	2.4758	1.1209	3.0525	0.4414	0.3328	0.7127	0.6171	0.4955	2.8640	0.2858	0.0629	0.5145	0.1029	0.0914	0.1333	0.0947	0.1036	0.0200	0.1154	0.0561	0.1686	0.8572	0.5493	0.0002	-0.0021	3.4216	0.2031	15.9376	2.0398	0.0106	0.0057	0.0049	0.0070	0.0053	0.0017	0.0036	0.0004	0.0032	0.0206	0.0133	0.0073	0.0115	0.0112	0.0003	0.0091	0.0021	0.0070	0.0241	0.0172	0.0069	0.0113	0.0107	0.0006	0.0128	0.0065	0.0063	0.2003	0.1455	0.0548	0.1211	0.1081	0.0130	0.0792	0.0374	0.0418	4.2910	3.6408	5.3474	6.5200	4.7810	143.5037	2.4758	1.1209	3.0525	0.1029	0.0914	0.1333	0.0947	0.1036	0.0200	0.1154	0.0561	0.1686
55	110	0.4684	9	1	0	1	0	0	0	0	0	N	N	N	N	N	N	N	N	N	N	N	N	0.0000	0.0000	0.0000	0.0000	0.0000	0.0000	0.0000	0.0000	0.0000	0.0000	0.0000	0.0000	0.0000	0.0000	0.0000	0.0001	0.0001	0.0000	0.0001	0.0001	0.0000	0.0000	0.0000	0.0000	0.0000	0.0000	-0.0000	3.4216	0.0001	15.9376	0.0001	0.0000	0.0000	0.0000	0.0000	0.0000	0.0000	0.0000	0.0000	0.0000	0.0000	0.0000	0.0000	0.0000	0.0000	0.0000	0.0000	0.0000	0.0000	0.0024	0.0019	0.0005	0.0012	0.0012	0.0000	0.0012	0.0007	0.0005	0.0002	0.0001	0.0000	0.0001	0.0001	0.0000	0.0001	0.0000	0.0000	0.0000	0.0000	0.0000	0.0000	0.0000	0.0000	0.0000	0.0000	0.0000	0.0001	0.0001	0.0000	0.0001	0.0001	0.0000	0.0000	0.0000	0.0000				
55	111	0.4545	8	1	0	1	0	0	0	0	0	N	N	N	N	N	N	N	N	N	N	N	N	1.4919	0.1398	16.3602	0.2799	0.2594	0.7741	3.0473	0.0007	15.9690	0.0035	0.0004	0.0291	0.0009	0.0009	0.0003	0.0049	0.0000	0.0320	0.0023	0.0026	0.0018	0.0033	0.0036	0.0004	0.0016	0.0012	0.0020	9.8159	0.3085	0.0001	-0.0001	3.4216	1.6718	15.9376	2.9223	0.0002	0.0000	0.0002	0.0000	0.0000	0.0000	0.0002	0.0000	0.0002	0.0004	0.0003	0.0001	0.0003	0.0003	0.0000	0.0002	0.0001	0.0001	0.0561	0.0500	0.0061	0.0198	0.0192	0.0006	0.0363	0.0308	0.0055	0.1804	0.1246	0.0558	0.0783	0.0703	0.0080	0.1021	0.0543	0.0478	1.4919	0.1398	16.3602	0.2799	0.2594	0.7741	3.0473	0.0007	15.9690	0.0023	0.0026	0.0018	0.0033	0.0036	0.0004	0.0016	0.0012	0.0020
55	112	0.3710	7	1	0	1	0	0	0	0	0	N	N	N	N	N	N	N	N	N	N	N	N	7.3652	3.3608	20.8412	4.9749	4.6565	96.3583	8.4832	0.0416	20.4526	0.9431	0.2326	5.1781	0.5569	0.5621	0.3682	1.1637	0.0008	5.5326	0.1281	0.0692	0.2485	0.1119	0.1207	0.0038	0.1372	0.0182	0.2705	3.7362	1.7553	0.1634	0.0155	3.4216	14.0283	15.9376	7.1084	0.4699	0.0992	0.3707	0.1008	0.0990	0.0018	0.3691	0.0002	0.3689	0.0867	0.0315	0.0552	0.0274	0.0273	0.0001	0.0593	0.0042	0.0552	0.4983	0.4267	0.0716	0.1811	0.1762	0.0049	0.3172	0.2505	0.0667	0.6772	0.4548	0.2223	0.2447	0.2263	0.0184	0.4325	0.2285	0.2040	7.3652	3.3608	20.8412	4.9749	4.6565	96.3583	8.4832	0.0416	20.4526	0.1281	0.0692	0.2485	0.1119	0.1207	0.0038	0.1372	0.0182	0.2705
55	113	0.3107	6	0	0	0	0	0	0	0	0	N	N	N	N	N	N	N	N	N	N	N	N	0.3253	0.1730	2.6561	0.2529	0.2283	0.1517	1.1707	1.3397	2.3132	0.0975	0.0700	0.2355	0.1354	0.1393	0.0004	0.0766	0.0208	0.2504	0.2998	0.4044	0.0887	0.5354	0.6101	0.0026	0.0655	0.0155	0.1083	0.6728	0.1086	-0.0016	-0.1244	3.4216	8.6129	15.9376	5.1709	0.0399	0.0239	0.0161	0.0197	0.0197	0.0000	0.0202	0.0042	0.0161	0.3451	0.3113	0.0338	0.3073	0.3072	0.0002	0.0378	0.0041	0.0336	0.4093	0.3411	0.0682	0.1456	0.1415	0.0041	0.2637	0.1996	0.0641	1.1511	0.7697	0.3814	0.5741	0.5034	0.0707	0.5770	0.2663	0.3107	0.3253	0.1730	2.6561	0.2529	0.2283	0.1517	1.1707	1.3397	2.3132	0.2998	0.4044	0.0887	0.5354	0.6101	0.0026	0.0655	0.0155	0.1083
55	114	0.2156	5	0	0	0	0	0	0	0	0	N	N	N	N	N	N	N	N	N	N	N	N	0.7895	0.4145	3.6231	0.8718	0.9101	0.1578	0.7797	0.2224	4.0648	0.3838	0.2197	1.4437	0.4534	0.4619	0.1070	0.3606	0.1246	1.5068	0.4862	0.5301	0.3985	0.5201	0.5076	0.6781	0.4625	0.5602	0.3707	1.0172	0.3764	0.0132	-0.1901	3.4216	16.8607	15.9376	22.7724	0.2088	0.1035	0.1053	0.0617	0.0614	0.0004	0.1471	0.0421	0.1050	1.0282	0.7470	0.2812	0.4523	0.4091	0.0433	0.5759	0.3380	0.2380	0.5440	0.4711	0.0729	0.1362	0.1329	0.0033	0.4079	0.3382	0.0697	2.1149	1.4092	0.7057	0.8697	0.8060	0.0638	1.2452	0.6033	0.6419	0.7895	0.4145	3.6231	0.8718	0.9101	0.1578	0.7797	0.2224	4.0648	0.4862	0.5301	0.3985	0.5201	0.5076	0.6781	0.4625	0.5602	0.3707
55	115	0.5137	8	1	0	1	0	0	0	0	0	N	N	N	N	N	N	N	N	N	N	N	N	0.0000	0.0000	0.0000	0.0000	0.0000	0.0000	0.0000	0.0000	0.0000	0.0000	0.0000	0.0000	0.0000	0.0000	0.0000	0.0000	0.0000	0.0000	1.4915	2.1931	0.0034	1.7160	2.1477	0.0027	1.1170	2.3186	0.0039	0.0007	0.0000	-0.3858	3.4216	1.0009	15.9376	4.0038	0.0000	0.0000	0.0000	0.0000	0.0000	0.0000	0.0000	0.0000	0.0000	0.8431	0.8425	0.0006	0.6064	0.6062	0.0002	0.2367	0.2363	0.0004	0.0337	0.0297	0.0040	0.0103	0.0099	0.0003	0.0234	0.0198	0.0036	0.5653	0.3842	0.1811	0.3534	0.2823	0.0711	0.2119	0.1019	0.1100	0.0000	0.0000	0.0000	0.0000	0.0000	0.0000	0.0000	0.0000	0.0000	1.4915	2.1931	0.0034	1.7160	2.1477	0.0027	1.1170	2.3186	0.0039	
55	116	0.4854	7	1	0	1	0	0	0	0	0	N	N	N	N	N	N	N	N	N	N	N	N	0.0002	0.0001	0.0006	0.0002	0.0002	0.0006	0.0002	0.0002	0.0005	0.0004	0.0003	0.0008	0.0006	0.0006	0.0001	0.0002	0.0001	0.0009	2.2193	2.6142	1.2730	3.0875	3.6085	0.1612	1.1291	0.5980	1.7178	0.3710	0.2032	-0.0000	-0.3838	3.4216	1.8441	15.9376	10.4794	0.0000	0.0000	0.0000	0.0000	0.0000	0.0000	0.0000	0.0000	0.0000	1.3256	1.1018	0.2238	1.0267	1.0186	0.0081	0.2990	0.0832	0.2157	0.0722	0.0637	0.0085	0.0253	0.0245	0.0008	0.0469	0.0392	0.0076	0.5973	0.4215	0.1758	0.3325	0.2823	0.0503	0.2648	0.1392	0.1256	0.0002	0.0001	0.0006	0.0002	0.0002	0.0006	0.0002	0.0002	0.0005	2.2193	2.6142	1.2730	3.0875	3.6085	0.1612	1.1291	0.5980	1.7178
55	117	0.1974	5	0	1	0	1	0	0	0	0	N	N	N	N	N	N	N	N	N	N	N	N	6.3773	5.7120	0.1380	9.2350	9.2191	0.0252	5.3985	4.1973	0.1561	2.9785	3.5238	0.0246	5.8988	6.2227	0.0059	1.7180	2.1425	0.0267	0.4670	0.6169	0.1782	0.6387	0.6750	0.2351	0.3182	0.5105	0.1710	0.0013	0.1499	-0.5646	-0.3612	3.4216	10.5071	15.9376	20.2622	1.2838	1.2821	0.0017	0.7665	0.7665	0.0000	0.5172	0.5156	0.0016	1.1011	0.9575	0.1435	0.6991	0.6779	0.0212	0.4019	0.2796	0.1223	0.4310	0.3638	0.0672	0.1299	0.1232	0.0068	0.3011	0.2407	0.0604	2.3575	1.5521	0.8054	1.0946	1.0044	0.0902	1.2629	0.5477	0.7152	6.3773	5.7120	0.1380	9.2350	9.2191	0.0252	5.3985	4.1973	0.1561	0.4670	0.6169	0.1782	0.6387	0.6750	0.2351	0.3182	0.5105	0.1710
55	118	0.4336	6	0	1	0	1	0	0	0	0	N	N	N	N	N	N	N	N	N	N	N	N	2.0997	1.8111	0.2345	2.8148	2.4734	28.6396	2.5092	2.1871	0.0000	2.3984	2.7234	0.0705	4.4444	4.5566	1.0081	1.6386	1.9420	0.0000	1.1423	1.5037	0.3006	1.5789	1.8423	0.0352	0.6530	0.8879	0.3921	0.0036	0.0858	-0.1264	-0.5185	3.4216	4.0036	15.9376	26.5072	0.2888	0.2878	0.0010	0.1450	0.1439	0.0010	0.1439	0.1439	0.0000	1.3670	1.2589	0.1081	0.9984	0.9952	0.0032	0.3685	0.2637	0.1048	0.1204	0.1057	0.0148	0.0326	0.0316	0.0010	0.0878	0.0741	0.0137	1.1967	0.8372	0.3595	0.6324	0.5402	0.0922	0.5644	0.2970	0.2674	2.0997	1.8111	0.2345	2.8148	2.4734	28.6396	2.5092	2.1871	0.0000	1.1423	1.5037	0.3006	1.5789	1.8423	0.0352	0.6530	0.8879	0.3921
55	119	0.4720	7	0	1	0	0	0	0	0	0	N	N	N	N	N	N	N	N	N	N	N	N	0.9491	0.7906	0.8991	2.9397	2.8291	0.0081	0.0287	0.0000	2.4118	0.0685	0.0754	0.0141	0.1716	0.1764	0.0003	0.0026	0.0000	0.0156	0.0722	0.0953	0.0157	0.0584	0.0623	0.0371	0.0896	0.1597	0.0064	0.0234	0.0673	-0.0044	-0.0318	3.4216	3.8169	15.9376	21.2433	0.0106	0.0103	0.0002	0.0103	0.0103	0.0000	0.0002	0.0000	0.0002	0.0804	0.0754	0.0051	0.0362	0.0326	0.0036	0.0442	0.0428	0.0015	0.1544	0.1373	0.0172	0.0603	0.0586	0.0016	0.0942	0.0786	0.0156	1.1139	0.7908	0.3230	0.6205	0.5231	0.0974	0.4934	0.2677	0.2257	0.9491	0.7906	0.8991	2.9397	2.8291	0.0081	0.0287	0.0000	2.4118	0.0722	0.0953	0.0157	0.0584	0.0623	0.0371	0.0896	0.1597	0.0064
55	120	0.0841	3	0	1	0	0	0	0	0	0	N	N	N	N	N	N	N	N	N	N	N	N	0.4050	0.2979	0.8619	0.7785	0.7952	1.1120	0.3007	0.0071	0.8441	0.4156	0.1297	1.7358	0.4422	0.4276	1.2192	0.4067	0.0019	1.7495	1.0261	0.4355	2.0138	0.5680	0.5378	1.0964	1.3525	0.2623	2.0726	2.8976	2.7647	0.0820	1.1749	3.4216	16.3276	15.9376	34.9199	0.2711	0.0696	0.2015	0.0725	0.0689	0.0037	0.1986	0.0007	0.1979	4.2567	1.1307	3.1260	0.9804	0.8779	0.1025	3.2763	0.2528	3.0236	0.6523	0.5362	0.1161	0.1640	0.1610	0.0030	0.4882	0.3751	0.1131	4.1484	2.5961	1.5523	1.7260	1.6326	0.0935	2.4223	0.9635	1.4588	0.4050	0.2979	0.8619	0.7785	0.7952	1.1120	0.3007	0.0071	0.8441	1.0261	0.4355	2.0138	0.5680	0.5378	1.0964	1.3525	0.2623	2.0726
55	121	0.0668	2	0	1	0	0	0	0	0	0	N	N	N	N	N	N	N	N	N	N	N	N	0.5888	0.4121	1.1051	0.8150	0.8186	0.2482	0.4987	0.1001	1.1064	0.5009	0.3104	1.1018	0.7432	0.7458	0.2307	0.3981	0.0315	1.1072	0.8507	0.7531	0.9970	0.9119	0.9111	0.9297	0.7983	0.3148	1.0007	1.1256	0.8837	0.0148	0.0321	3.4216	6.1757	15.9376	14.5601	0.1676	0.0789	0.0888	0.0741	0.0740	0.0001	0.0935	0.0049	0.0887	2.9854	1.5849	1.4005	1.4767	1.4093	0.0674	1.5087	0.1755	1.3332	0.3347	0.2541	0.0806	0.0997	0.0992	0.0005	0.2350	0.1549	0.0801	3.5093	2.1045	1.4047	1.6193	1.5469	0.0725	1.8900	0.5577	1.3323	0.5888	0.4121	1.1051	0.8150	0.8186	0.2482	0.4987	0.1001	1.1064	0.8507	0.7531	0.9970	0.9119	0.9111	0.9297	0.7983	0.3148	1.0007
55	123	0.5075	8	0	1	0	0	0	0	0	0	N	N	N	N	N	N	N	N	N	N	N	N	2.8345	1.8824	166.8478	4.2882	3.7906	1.0272	19.3720	0.0061	278.6849	2.0791	1.9190	3.2790	5.4247	5.6366	0.0356	0.5609	0.0003	3.6406	0.7335	1.0194	0.0197	1.2650	1.4870	0.0347	0.0290	0.0426	0.0131	0.2280	0.0077	-0.0679	-0.3120	3.4216	4.0019	15.9376	19.5615	0.2658	0.2164	0.0494	0.2165	0.2164	0.0001	0.0493	0.0000	0.0493	0.6922	0.6869	0.0053	0.6805	0.6776	0.0029	0.0117	0.0093	0.0025	0.1278	0.1128	0.0151	0.0399	0.0384	0.0015	0.0879	0.0744	0.0135	0.9438	0.6739	0.2699	0.5379	0.4557	0.0822	0.4058	0.2181	0.1877	2.8345	1.8824	166.8478	4.2882	3.7906	1.0272	19.3720	0.0061	278.6849	0.7335	1.0194	0.0197	1.2650	1.4870	0.0347	0.0290	0.0426	0.0131
55	124	0.4854	7	0	0	0	0	0	0	0	0	N	N	N	N	N	N	N	N	N	N	N	N	0.0000	0.0006	0.0000	0.0006	0.0011	0.0001	0.0000	0.0001	0.0000	0.0001	0.0001	0.0001	0.0002	0.0002	0.0001	0.0000	0.0000	0.0001	1.3904	0.1144	4.4462	0.2712	0.1557	0.9023	2.8343	0.0286	5.9355	0.1427	16.2319	-0.0000	0.3287	3.4216	1.2223	15.9376	8.2281	0.0000	0.0000	0.0000	0.0000	0.0000	0.0000	0.0000	0.0000	0.0000	0.6797	0.0394	0.6403	0.0747	0.0362	0.0384	0.6050	0.0032	0.6018	0.0524	0.0463	0.0062	0.0193	0.0187	0.0006	0.0331	0.0276	0.0055	0.4889	0.3449	0.1440	0.2754	0.2328	0.0426	0.2135	0.1121	0.1014	0.0000	0.0006	0.0000	0.0006	0.0011	0.0001	0.0000	0.0001	0.0000	1.3904	0.1144	4.4462	0.2712	0.1557	0.9023	2.8343	0.0286	5.9355
55	125	0.4336	6	0	0	0	0	0	0	0	0	N	N	N	N	N	N	N	N	N	N	N	N	0.0753	0.0885	0.0536	0.2879	0.2384	5.3961	0.0095	0.0112	0.0202	0.0074	0.0074	0.0070	0.0244	0.0235	0.0523	0.0011	0.0006	0.0035	0.0981	0.0842	0.1297	0.0847	0.0985	0.0097	0.1138	0.0568	0.1752	0.1298	0.6760	-0.0004	-0.0042	3.4216	5.9920	15.9376	12.2976	0.0013	0.0012	0.0002	0.0012	0.0011	0.0001	0.0001	0.0001	0.0001	0.0766	0.0457	0.0309	0.0358	0.0351	0.0006	0.0409	0.0106	0.0303	0.1788	0.1570	0.0218	0.0484	0.0468	0.0015	0.1305	0.1102	0.0203	0.7811	0.5429	0.2382	0.4221	0.3566	0.0655	0.3590	0.1863	0.1727	0.0753	0.0885	0.0536	0.2879	0.2384	5.3961	0.0095	0.0112	0.0202	0.0981	0.0842	0.1297	0.0847	0.0985	0.0097	0.1138	0.0568	0.1752
55	126	0.4707	8	0	1	0	0	0	0	0	0	N	N	N	N	N	N	N	N	N	N	N	N	2.6288	60.8899	0.0030	2.6230	66.8075	0.0041	20.1346	471.5017	0.0134	2.1363	2.4863	0.0083	3.8808	4.0679	0.0619	1.2821	1.5777	0.0018	0.8126	0.0408	2.7319	1.4796	0.0609	15.1650	0.0637	0.0033	0.1311	0.0005	26.9048	-0.1642	0.3909	3.4216	5.0407	15.9376	17.1705	0.3728	0.3725	0.0002	0.2226	0.2224	0.0002	0.1502	0.1501	0.0000	0.7728	0.0277	0.7451	0.7442	0.0269	0.7173	0.0285	0.0008	0.0277	0.1745	0.1498	0.0246	0.0574	0.0547	0.0027	0.1171	0.0952	0.0220	0.9509	0.6782	0.2727	0.5030	0.4418	0.0612	0.4479	0.2364	0.2115	2.6288	60.8899	0.0030	2.6230	66.8075	0.0053	20.1346	471.5017	0.0134	0.8126	0.0408	2.7319	1.4796	0.0609	11.7213	0.0637	0.0033	0.1311
55	127	0.4547	7	0	1	0	0	0	0	0	0	N	N	N	N	N	N	N	N	N	N	N	N	3.1592	2.8035	5.0940	5.2313	5.1719	11.4602	2.0567	0.9724	4.6554	0.1645	0.1113	0.4238	0.2992	0.2487	1.4447	0.0941	0.0212	0.3287	0.0521	0.0397	0.0832	0.0572	0.0481	0.1261	0.0458	0.0218	0.0706	0.7815	0.8334	-0.0000	-0.0001	3.4216	1.9703	15.9376	6.2034	0.0130	0.0073	0.0057	0.0081	0.0064	0.0017	0.0049	0.0008	0.0040	0.0226	0.0123	0.0103	0.0137	0.0102	0.0035	0.0089	0.0022	0.0067	0.0789	0.0654	0.0134	0.0271	0.0259	0.0011	0.0518	0.0395	0.0123	0.4341	0.3106	0.1235	0.2398	0.2117	0.0281	0.1943	0.0988	0.0955	3.1592	2.8035	5.0940	5.2313	5.1719	11.4602	2.0567	0.9724	4.6554	0.0521	0.0397	0.0832	0.0572	0.0481	0.1261	0.0458	0.0218	0.0706
55	128	0.4336	6	0	0	0	0	0	0	0	0	N	N	N	N	N	N	N	N	N	N	N	N	0.1545	0.1268	0.3739	0.2884	0.2463	0.3778	0.1019	2.1204	0.2762	0.1591	0.0964	0.6047	0.2664	0.2748	0.0074	0.1189	0.0195	0.6491	1.0296	0.7602	1.6174	0.9236	1.1156	0.0195	1.1669	0.0092	2.3505	0.8832	0.9754	0.0002	0.0158	3.4216	1.1032	15.9376	7.8190	0.0054	0.0029	0.0025	0.0025	0.0025	0.0000	0.0029	0.0004	0.0025	0.4457	0.2256	0.2201	0.2256	0.2248	0.0008	0.2201	0.0009	0.2193	0.0339	0.0297	0.0042	0.0092	0.0090	0.0003	0.0247	0.0208	0.0039	0.4329	0.2968	0.1361	0.2443	0.2015	0.0428	0.1886	0.0954	0.0933	0.1545	0.1268	0.3739	0.2884	0.2463	0.3778	0.1019	2.1204	0.2762	1.0296	0.7602	1.6174	0.9236	1.1156	0.0195	1.1669	0.0092	2.3505
55	129	0.1491	4	0	1	0	0	0	0	0	0	N	N	N	N	N	N	N	N	N	N	N	N	0.1376	0.1007	0.0972	0.1843	0.1869	0.0000	0.0040	0.0000	0.1494	0.0054	0.0060	0.0004	0.0098	0.0106	0.0000	0.0001	0.0000	0.0006	0.0390	0.0599	0.0038	0.0532	0.0569	0.0031	0.0235	0.0703	0.0038	0.0081	0.0373	-0.0003	-0.0159	3.4216	1.0033	15.9376	0.8635	0.0006	0.0006	0.0000	0.0006	0.0006	0.0000	0.0000	0.0000	0.0000	0.0377	0.0363	0.0014	0.0268	0.0267	0.0001	0.0108	0.0096	0.0012	0.1175	0.1037	0.0139	0.0638	0.0588	0.0050	0.0537	0.0449	0.0089	0.9659	0.6057	0.3602	0.5039	0.4690	0.0349	0.4619	0.1367	0.3253	0.1376	0.1007	0.0972	0.1843	0.1869	0.0000	0.0040	0.0000	0.1494	0.0390	0.0599	0.0038	0.0532	0.0569	0.0031	0.0235	0.0703	0.0038
55	130	0.1198	3	0	0	0	0	0	0	0	0	N	N	N	N	N	N	N	N	N	N	N	N	7.5290	9.3689	0.2548	12.1780	12.1954	2.4257	5.0041	9.4083	0.1726	2.3301	2.8881	0.0794	4.0299	4.2076	0.3443	1.4478	1.9832	0.0566	0.3095	0.3083	0.3115	0.3309	0.3450	0.1419	0.2893	0.2108	0.3280	0.0068	0.6166	-0.3139	-0.0637	3.4216	5.5514	15.9376	9.9598	0.7228	0.7179	0.0049	0.4271	0.4255	0.0017	0.2956	0.2924	0.0032	0.8281	0.5123	0.3159	0.4291	0.4163	0.0128	0.3990	0.0959	0.3031	0.3102	0.2486	0.0616	0.1060	0.1011	0.0049	0.2042	0.1475	0.0568	2.6759	1.6618	1.0141	1.2968	1.2067	0.0900	1.3791	0.4550	0.9241	7.5290	9.3689	0.2548	12.1780	12.1954	2.4257	5.0041	9.4083	0.1726	0.3095	0.3083	0.3115	0.3309	0.3450	0.1419	0.2893	0.2108	0.3280
55	132	0.5305	10	1	1	0	1	0	0	0	0	N	N	N	N	N	N	N	N	N	N	N	N	0.0000	0.0000	0.0000	0.0000	0.0000	0.0000	0.0000	0.0000	0.0000	0.0000	0.0000	0.0000	0.0000	0.0000	0.0000	0.0000	0.0000	0.0000	0.0006	0.0004	0.0008	0.0003	0.0004	0.0000	0.0008	0.0005	0.0011	0.8035	0.0000	-0.0000	3.4216	1.0000	15.9376	3.0001	0.0000	0.0000	0.0000	0.0000	0.0000	0.0000	0.0000	0.0000	0.0000	0.0001	0.0001	0.0000	0.0000	0.0000	0.0000	0.0001	0.0000	0.0000	0.0323	0.0284	0.0039	0.0098	0.0094	0.0004	0.0225	0.0190	0.0035	0.1623	0.1137	0.0485	0.0875	0.0746	0.0129	0.0748	0.0391	0.0356	0.0000	0.0000	0.0000	0.0000	0.0000	0.0000	0.0000	0.0000	0.0000	0.0006	0.0004	0.0008	0.0003	0.0004	0.0000	0.0008	0.0005	0.0011	
55	133	0.3625	10	1	1	0	1	0	0	0	0	N	N	N	N	N	N	N	N	N	N	N	N	0.0000	0.0000	0.0003	0.0001	0.0000	0.0037	0.0000	0.0000	0.0000	0.0002	0.0000	0.0019	0.0005	0.0000	0.0156	0.0000	0.0000	0.0000	6.1975	5.2676	5.7903	5.9000	5.3357	4.1991	5.2567	4.4270	6.0799	inf	0.5724	0.0000	-0.0486	3.4216	0.0006	15.9376	1.9797	0.0000	0.0000	0.0000	0.0000	0.0000	0.0000	0.0000	0.0000	0.0000	0.5149	0.3275	0.1874	0.2281	0.2072	0.0209	0.2868	0.1203	0.1665	0.0000	0.0000	0.0000	0.0000	0.0000	0.0000	0.0000	0.0000	0.0000	0.0984	0.0660	0.0324	0.0438	0.0388	0.0050	0.0546	0.0272	0.0274	0.0000	0.0000	0.0003	0.0001	0.0000	0.0037	0.0000	0.0000	0.0000	5.2343	4.9616	5.7903	5.2064	5.3357	4.1991	5.2567	4.4270	6.0799
55	134	0.3458	9	1	1	0	1	0	0	0	0	N	N	N	N	N	N	N	N	N	N	N	N	0.0000	0.0000	0.0000	0.0000	0.0000	0.0000	0.0000	0.0000	0.0000	0.0000	0.0000	0.0000	0.0000	0.0000	0.0000	0.0000	0.0000	0.0000	0.0426	0.0361	0.0564	0.0424	0.0430	0.0379	0.0427	0.0282	0.0593	0.0000	0.7297	-0.0000	-0.0005	3.4216	2.0077	15.9376	6.0321	0.0000	0.0000	0.0000	0.0000	0.0000	0.0000	0.0000	0.0000	0.0000	0.0133	0.0077	0.0056	0.0054	0.0049	0.0005	0.0079	0.0028	0.0051	0.0684	0.0599	0.0085	0.0264	0.0254	0.0011	0.0419	0.0346	0.0074	0.3113	0.2122	0.0991	0.1267	0.1133	0.0134	0.1845	0.0988	0.0857	0.0000	0.0000	0.0000	0.0000	0.0000	0.0000	0.0000	0.0000	0.0000	0.0426	0.0361	0.0564	0.0424	0.0430	0.0379	0.0427	0.0282	0.0593
55	135	0.3410	9	0	1	0	1	0	0	0	0	N	N	N	N	N	N	N	N	N	N	N	N	0.3551	0.5051	0.0236	0.7616	0.7332	0.0013	0.0079	0.0000	0.0243	0.0170	0.0192	0.0016	0.0430	0.0449	0.0000	0.0003	0.0000	0.0018	0.0478	0.0380	0.0683	0.0565	0.0612	0.0040	0.0417	0.0076	0.0759	0.0119	0.8690	-0.0008	0.0002	3.4216	3.0348	15.9376	9.3583	0.0018	0.0017	0.0000	0.0017	0.0017	0.0000	0.0000	0.0000	0.0000	0.0271	0.0145	0.0126	0.0133	0.0133	0.0001	0.0138	0.0012	0.0125	0.1031	0.0903	0.0128	0.0402	0.0386	0.0016	0.0629	0.0517	0.0112	0.5666	0.3821	0.1845	0.2360	0.2167	0.0194	0.3306	0.1655	0.1651	0.3551	0.5051	0.0236	0.7616	0.7332	0.0013	0.0079	0.0000	0.0243	0.0478	0.0380	0.0683	0.0565	0.0612	0.0040	0.0417	0.0076	0.0759
55	136	0.3267	8	0	0	0	1	0	0	0	0	N	N	N	N	N	N	N	N	N	N	N	N	0.0020	0.0026	0.0020	0.0031	0.0030	0.0000	0.0009	0.0133	0.0020	0.0037	0.0033	0.0058	0.0070	0.0072	0.0000	0.0014	0.0001	0.0065	1.7938	1.2566	2.9449	2.2369	2.3966	0.0272	1.5194	0.0059	3.2021	0.2728	1.0937	-0.0000	0.0304	3.4216	0.0433	15.9376	6.6805	0.0000	0.0000	0.0000	0.0000	0.0000	0.0000	0.0000	0.0000	0.0000	0.4752	0.2270	0.2482	0.2266	0.2264	0.0002	0.2485	0.0005	0.2480	0.0017	0.0015	0.0002	0.0007	0.0007	0.0000	0.0010	0.0008	0.0002	0.2649	0.1806	0.0843	0.1013	0.0945	0.0068	0.1636	0.0861	0.0775	0.0020	0.0026	0.0020	0.0031	0.0030	0.0000	0.0009	0.0133	0.0020	1.7938	1.2566	2.9449	2.2369	2.3966	0.0272	1.5194	0.0059	3.2021
55	137	0.5601	12	0	1	0	1	0	0	0	0	N	N	N	N	N	N	N	N	N	N	N	N	0.0000	0.0000	0.0000	0.0000	0.0000	0.0000	0.0000	0.0000	0.0000	0.0000	0.0000	0.0000	0.0000	0.0000	0.0000	0.0000	0.0000	0.0000	0.0000	0.0000	3.4216	0.0000	15.9376	0.0000	0.0000	0.0000	0.0000	0.0000	0.0000	0.0000	0.0000	0.0000	0.0000	0.0000	0.0000	0.0000	0.0000	0.0000	0.0000	0.0000	0.0000	0.0000	0.0000	0.0000	0.0000	0.0000	0.0000	0.0000	0.0000	0.0000	0.0000	0.0000	0.0000	0.0000	0.0000	0.0000	0.0000	0.0000	0.0000	0.0000	0.0000	0.0000	0.0000	0.0000	0.0000	0.0000	0.0000	0.0000	0.0000	0.0000	0.0000	0.0000	0.0000	0.0000	0.0000	0.0000	0.0000	0.0000											
55	138	0.5550	11	0	1	0	1	0	0	0	0	N	N	N	N	N	N	N	N	N	N	N	N	0.0000	0.0000	0.0000	0.0000	0.0000	0.0000	0.0000	0.0000	0.0000	0.0000	0.0000	0.0000	0.0000	0.0000	0.0000	0.0000	0.0021	0.0017	0.0031	0.0022	0.0026	0.0000	0.0020	0.0000	0.0041	0.8089	-0.0000	-0.0000	3.4216	0.0021	15.9376	2.0000	0.0000	0.0000	0.0000	0.0000	0.0000	0.0000	0.0000	0.0000	0.0000	0.0002	0.0001	0.0001	0.0001	0.0001	0.0000	0.0001	0.0000	0.0001	0.0001	0.0001	0.0000	0.0001	0.0001	0.0000	0.0000	0.0000	0.0000	0.0823	0.0572	0.0251	0.0439	0.0378	0.0061	0.0385	0.0194	0.0190	0.0000	0.0000	0.0000	0.0000	0.0000	0.0000	0.0000	0.0000	0.0000	0.0021	0.0017	0.0031	0.0022	0.0026	0.0000	0.0020	0.0000	0.0041			
55	139	0.5448	10	0	0	0	1	0	0	0	0	N	N	N	N	N	N	N	N	N	N	N	N	0.0001	0.0002	0.0000	0.0000	0.0000	0.0000	0.0002	152.0684	0.0000	0.0003	0.0004	0.0000	0.0000	0.0000	0.0000	0.0004	0.0005	0.0000	2.4780	1.9540	3.7069	2.6013	3.0236	0.0001	2.3408	0.0000	4.9169	0.0000	0.8089	-0.0000	-0.0046	3.4216	1.0020	15.9376	3.0181	0.0000	0.0000	0.0000	0.0000	0.0000	0.0000	0.0000	0.0000	0.0000	0.4094	0.2263	0.1831	0.2263	0.2263	0.0000	0.1831	0.0000	0.1831	0.0324	0.0285	0.0039	0.0097	0.0094	0.0004	0.0226	0.0191	0.0035	0.1652	0.1158	0.0494	0.0870	0.0748	0.0122	0.0782	0.0410	0.0372	0.0001	0.0002	0.0000	0.0000	0.0000	0.0000	0.0002	152.0684	0.0000	2.4780	1.9540	3.7069	2.6013	3.0236	0.0001	2.3408	0.0000	4.9169
55	140	0.5305	10	0	1	0	0	0	0	0	0	N	N	N	N	N	N	N	N	N	N	N	N	0.0000	0.0000	0.0000	0.0000	0.0000	0.0000	0.0000	0.0000	0.0000	0.0000	0.0000	0.0000	0.0000	0.0000	0.0000	0.0000	0.0000	0.0000	0.0005	0.0006	0.0002	0.0000	0.0000	0.0000	0.0011	0.0018	0.0003	0.1462	0.0000	-0.0000	3.4216	0.0000	15.9376	4.0001	0.0000	0.0000	0.0000	0.0000	0.0000	0.0000	0.0000	0.0000	0.0000	0.0001	0.0001	0.0000	0.0000	0.0000	0.0000	0.0001	0.0001	0.0000	0.0000	0.0000	0.0000	0.0000	0.0000	0.0000	0.0000	0.0000	0.0000	0.1623	0.1137	0.0485	0.0875	0.0746	0.0129	0.0748	0.0391	0.0356	0.0000	0.0000	0.0000	0.0000	0.0000	0.0000	0.0000	0.0000	0.0000	0.0005	0.0006	0.0002	0.0000	0.0000	0.0000	0.0011	0.0018	0.0003	
55	141	0.3412	8	0	1	0	0	0	0	0	0	N	N	N	N	N	N	N	N	N	N	N	N	0.0228	0.0680	0.0055	0.0175	0.0682	0.0000	0.0310	0.0712	0.0137	0.0004	0.0005	0.0002	0.0005	0.0005	0.0000	0.0004	0.0004	0.0003	0.0187	0.0067	0.0446	0.0275	0.0074	0.1979	0.0127	0.0059	0.0205	0.0761	3.1142	-0.0000	0.0013	3.4216	1.0003	15.9376	5.0186	0.0000	0.0000	0.0000	0.0000	0.0000	0.0000	0.0000	0.0000	0.0000	0.0045	0.0011	0.0034	0.0027	0.0006	0.0020	0.0018	0.0004	0.0013	0.0342	0.0300	0.0042	0.0133	0.0127	0.0006	0.0210	0.0173	0.0037	0.2387	0.1629	0.0759	0.0975	0.0872	0.0103	0.1412	0.0757	0.0656	0.0228	0.0680	0.0055	0.0175	0.0682	0.0000	0.0310	0.0712	0.0137	0.0187	0.0067	0.0446	0.0275	0.0074	0.1979	0.0127	0.0059	0.0205
55	142	0.5448	10	0	0	1	1	0	0	0	0	N	N	N	N	N	N	N	N	N	N	N	N	0.0000	0.0000	0.0000	0.0000	0.0000	0.0000	0.0000	0.0000	0.0000	0.0000	0.0000	0.0000	0.0000	0.0000	0.0000	0.0000	0.0000	0.0000	0.1190	0.1600	0.0225	0.1315	0.1422	0.0656	0.1051	0.1921	0.0083	0.0596	0.0000	-0.0173	3.4216	0.0001	15.9376	9.0026	0.0000	0.0000	0.0000	0.0000	0.0000	0.0000	0.0000	0.0000	0.0000	0.0430	0.0405	0.0024	0.0250	0.0232	0.0017	0.0180	0.0173	0.0007	0.0000	0.0000	0.0000	0.0000	0.0000	0.0000	0.0000	0.0000	0.0000	0.3611	0.2535	0.1076	0.1898	0.1633	0.0266	0.1712	0.0902	0.0810	0.0000	0.0000	0.0000	0.0000	0.0000	0.0000	0.0000	0.0000	0.0000	0.1190	0.1600	0.0225	0.1315	0.1422	0.0656	0.1051	0.1921	0.0083	
55	143	0.3267	8	0	0	1	1	0	0	0	0	N	N	N	N	N	N	N	N	N	N	N	N	0.0008	0.0031	0.0007	0.0104	0.0104	0.0000	0.0002	0.0000	0.0007	0.0016	0.0013	0.0037	0.0028	0.0030	0.0000	0.0007	0.0000	0.0042	1.9603	0.4103	5.2833	0.2725	0.2851	0.0985	3.0039	0.5472	5.7419	0.4085	6.0063	-0.0000	0.3047	3.4216	2.0061	15.9376	8.0425	0.0001	0.0001	0.0000	0.0001	0.0001	0.0000	0.0000	0.0000	0.0000	0.7638	0.1090	0.6548	0.0406	0.0396	0.0010	0.7233	0.0695	0.6538	0.0671	0.0588	0.0083	0.0261	0.0250	0.0011	0.0411	0.0339	0.0072	0.3897	0.2657	0.1239	0.1489	0.1388	0.0101	0.2408	0.1269	0.1139	0.0008	0.0031	0.0007	0.0104	0.0104	0.0000	0.0002	0.0000	0.0007	1.9603	0.4103	5.2833	0.2725	0.2851	0.0985	3.0039	0.5472	5.7419
55	144	0.3176	7	0	0	0	1	0	0	0	0	N	N	N	N	N	N	N	N	N	N	N	N	196.1950	263.8781	66.5762	241.3998	396.0108	0.0048	58.4648	0.1118	246.0977	1.5403	1.6581	0.7655	3.7079	3.8537	0.0005	0.1653	0.0003	0.8612	0.0079	0.0063	0.0115	0.0154	0.0097	0.1048	0.0028	0.0023	0.0035	0.0702	0.7863	-0.0415	-0.0000	3.4216	1.9550	15.9376	2.1189	0.1104	0.1031	0.0072	0.1031	0.1031	0.0000	0.0072	0.0000	0.0072	0.0015	0.0009	0.0007	0.0012	0.0007	0.0005	0.0003	0.0001	0.0002	0.0717	0.0622	0.0095	0.0278	0.0268	0.0011	0.0439	0.0354	0.0084	0.1946	0.1361	0.0585	0.0780	0.0734	0.0046	0.1166	0.0627	0.0539	196.1950	263.8781	66.5762	241.3998	396.0108	0.0048	58.4648	0.1118	246.0977	0.0079	0.0063	0.0115	0.0154	0.0097	0.1048	0.0028	0.0023	0.0035
55	145	0.3176	7	0	0	1	1	0	0	0	0	N	N	N	N	N	N	N	N	N	N	N	N	284.1973	533.4979	1.3840	6.9315	7.6738	0.0134	422.9599	1414.3901	1.5392	4.8001	5.5199	0.0431	0.1005	0.1045	0.0004	7.7697	9.5858	0.0485	0.0169	0.0103	0.0311	0.0145	0.0136	0.0270	0.0184	0.0068	0.0315	0.0012	1.3815	-0.1634	0.0017	3.4216	2.1261	15.9376	18.6477	0.3714	0.3710	0.0004	0.0030	0.0030	0.0000	0.3684	0.3680	0.0004	0.0136	0.0057	0.0079	0.0045	0.0039	0.0006	0.0091	0.0018	0.0073	0.0774	0.0672	0.0102	0.0300	0.0288	0.0011	0.0474	0.0384	0.0090	0.8048	0.5517	0.2532	0.3083	0.2878	0.0205	0.4966	0.2639	0.2327	284.1973	533.4979	1.3840	6.9315	7.6738	0.0134	422.9599	1414.3901	1.5392	0.0169	0.0103	0.0311	0.0145	0.0136	0.0270	0.0184	0.0068	0.0315
55	146	0.5448	10	0	0	1	1	0	0	0	0	N	N	N	N	N	N	N	N	N	N	N	N	1.1465	9.8722	0.0033	8.0056	7.1467	3.2872	0.5413	850.1538	0.0027	0.2973	0.3374	0.0026	0.3637	0.3775	0.0002	0.2688	0.3178	0.0028	0.2593	0.0342	0.7893	0.0454	0.0528	0.0001	0.4967	0.0004	1.0482	0.0010	9.8116	-0.0084	0.0375	3.4216	2.0001	15.9376	5.9880	0.0191	0.0191	0.0000	0.0070	0.0070	0.0000	0.0121	0.0121	0.0000	0.0834	0.0077	0.0757	0.0077	0.0077	0.0000	0.0758	0.0000	0.0757	0.0643	0.0566	0.0077	0.0193	0.0186	0.0007	0.0450	0.0380	0.0070	0.3218	0.2258	0.0959	0.1693	0.1456	0.0237	0.1525	0.0803	0.0722	1.1465	9.8722	0.0033	8.0056	7.1467	3.2872	0.5413	850.1538	0.0027	0.2593	0.0342	0.7893	0.0454	0.0528	0.0001	0.4967	0.0004	1.0482
55	147	0.5448	10	0	0	1	1	0	0	0	0	N	N	N	N	N	N	N	N	N	N	N	N	0.4818	0.3735	1.3448	0.7688	0.7463	0.0092	0.4858	0.0008	1.6827	0.9975	0.8775	1.8890	2.5873	2.6840	0.0177	0.3195	0.0001	2.0773	2.0704	2.3496	1.4047	3.3652	3.5963	1.9298	0.6576	0.1528	1.2345	0.2898	0.2508	-0.0604	-0.6269	3.4216	9.0001	15.9376	23.0169	0.2792	0.2165	0.0627	0.2165	0.2165	0.0001	0.0627	0.0000	0.0627	2.4311	1.9437	0.4875	2.0618	1.8979	0.1639	0.3693	0.0458	0.3236	0.2799	0.2467	0.0332	0.0837	0.0807	0.0030	0.1962	0.1661	0.0302	1.1743	0.8272	0.3470	0.6127	0.5277	0.0849	0.5616	0.2995	0.2621	0.4818	0.3735	1.3448	0.7688	0.7463	0.0092	0.4858	0.0008	1.6827	2.0704	2.3496	1.4047	3.3652	3.5963	1.9298	0.6576	0.1528	1.2345
55	148	0.5195	9	0	0	0	1	0	0	0	0	N	N	N	N	N	N	N	N	N	N	N	N	0.0428	0.0004	0.4681	0.0005	0.0005	0.0000	0.1729	0.0032	0.5960	0.0005	0.0000	0.0040	0.0000	0.0000	0.0000	0.0007	0.0000	0.0044	0.0113	0.0125	0.0086	0.0175	0.0185	0.0117	0.0040	0.0009	0.0074	109.9183	0.2903	0.0000	-0.0011	3.4216	1.9990	15.9376	7.9526	0.0000	0.0000	0.0000	0.0000	0.0000	0.0000	0.0000	0.0000	0.0000	0.0047	0.0037	0.0011	0.0040	0.0036	0.0004	0.0008	0.0001	0.0007	0.0646	0.0569	0.0078	0.0196	0.0189	0.0007	0.0450	0.0379	0.0071	0.4177	0.2932	0.1245	0.2276	0.1937	0.0339	0.1900	0.0994	0.0906	0.0428	0.0004	0.4681	0.0005	0.0005	0.0000	0.1729	0.0032	0.5960	0.0113	0.0125	0.0086	0.0175	0.0185	0.0117	0.0040	0.0009	0.0074
55	149	0.4876	8	1	1	0	0	0	0	0	0	N	N	N	N	N	N	N	N	N	N	N	N	9.8779	0.0052	52.5241	32.3059	0.0081	32903.5500	0.0042	0.0135	0.0091	5.1878	0.0021	42.4588	16.5009	0.0049	568.9691	0.0023	0.0006	0.0105	0.5252	0.4100	0.8084	0.5108	0.6040	0.0173	0.5429	0.0470	1.1517	2780.2833	0.8020	0.5488	-0.0071	3.4216	5.3497	15.9376	17.2225	0.9826	0.0004	0.9822	0.9823	0.0003	0.9820	0.0003	0.0001	0.0002	0.5352	0.2970	0.2382	0.2867	0.2852	0.0015	0.2485	0.0118	0.2366	0.1894	0.1663	0.0231	0.0595	0.0578	0.0017	0.1299	0.1085	0.0214	1.0190	0.7244	0.2947	0.5613	0.4721	0.0892	0.4577	0.2523	0.2055	9.8779	0.0052	52.5241	32.3059	0.0081	32903.5500	0.0042	0.0135	0.0091	0.5252	0.4100	0.8084	0.5108	0.6040	0.0173	0.5429	0.0470	1.1517
55	150	0.5184	9	0	1	0	0	0	0	0	0	N	N	N	N	N	N	N	N	N	N	N	N	0.0143	0.0162	0.0305	0.0124	0.0180	0.0383	0.0324	0.0206	0.0865	0.0039	0.0021	0.0194	0.0051	0.0029	0.0625	0.0029	0.0012	0.0112	0.2752	0.1279	0.6360	0.4087	0.1612	1.6331	0.0905	0.0571	0.1300	1.1374	2.0311	0.0001	0.0657	3.4216	3.6794	15.9376	17.4287	0.0007	0.0003	0.0004	0.0004	0.0002	0.0002	0.0003	0.0001	0.0002	0.3105	0.1024	0.2080	0.2676	0.0878	0.1798	0.0428	0.0146	0.0282	0.1818	0.1622	0.0197	0.0869	0.0838	0.0031	0.0949	0.0784	0.0165	1.1281	0.8010	0.3271	0.6548	0.5447	0.1101	0.4733	0.2563	0.2170	0.0143	0.0162	0.0305	0.0124	0.0180	0.0383	0.0324	0.0206	0.0865	0.2752	0.1279	0.6360	0.4087	0.1612	1.6331	0.0905	0.0571	0.1300
55	151	0.4876	8	0	1	0	0	0	0	0	0	N	N	N	N	N	N	N	N	N	N	N	N	6.1424	9.9418	0.0313	6.0192	10.4826	0.0046	16.0920	18.5830	0.2130	2.1905	2.4945	0.0196	3.3295	3.4190	0.0079	1.6321	1.9626	0.0204	0.3566	0.2509	0.6261	0.5531	0.3262	1.7242	0.1014	0.1056	0.0960	0.0011	0.9788	-0.1270	0.0091	3.4216	3.4464	15.9376	10.1316	0.2885	0.2882	0.0003	0.1443	0.1443	0.0000	0.1443	0.1440	0.0003	0.2512	0.1269	0.1242	0.2201	0.1087	0.1114	0.0311	0.0182	0.0128	0.1317	0.1155	0.0162	0.0433	0.0422	0.0011	0.0884	0.0733	0.0150	0.7043	0.5059	0.1984	0.3979	0.3333	0.0646	0.3064	0.1726	0.1338	6.1424	9.9418	0.0313	6.0192	10.4826	0.0046	16.0920	18.5830	0.2130	0.3566	0.2509	0.6261	0.5531	0.3262	1.7242	0.1014	0.1056	0.0960
55	152	0.3480	10	1	1	0	0	0	0	0	0	N	N	N	N	N	N	N	N	N	N	N	N	0.0000	0.0000	0.0000	0.0000	0.0000	0.0000	0.0000	0.0000	0.0000	0.0000	0.0000	0.0000	0.0000	0.0000	0.0000	0.0000	0.0000	0.0000	2.8910	2.9589	2.7451	3.0560	3.4154	0.0046	2.7773	2.4344	3.1740	inf	0.4317	0.0000	-0.2250	3.4216	1.0143	15.9376	12.0086	0.0000	0.0000	0.0000	0.0000	0.0000	0.0000	0.0000	0.0000	0.0000	1.4347	1.0021	0.4326	0.6186	0.6185	0.0001	0.8162	0.3837	0.4325	0.0351	0.0307	0.0044	0.0137	0.0131	0.0006	0.0214	0.0176	0.0038	0.4963	0.3387	0.1576	0.2024	0.1811	0.0213	0.2939	0.1576	0.1363	0.0000	0.0000	0.0000	0.0000	0.0000	0.0000	0.0000	0.0000	0.0000	2.8910	2.9589	2.7451	3.0560	3.4154	0.0046	2.7773	2.4344	3.1740
55	153	0.3458	9	1	1	0	0	0	0	0	0	N	N	N	N	N	N	N	N	N	N	N	N	0.0000	0.0000	0.0000	0.0001	0.0001	0.0000	0.0000	0.0000	0.0000	0.0000	0.0000	0.0000	0.0000	0.0000	0.0000	0.0000	0.0000	0.0000	0.0219	0.0184	0.0295	0.0234	0.0261	0.0004	0.0209	0.0094	0.0341	0.0000	0.7539	-0.0000	-0.0000	3.4216	0.9811	15.9376	0.0216	0.0000	0.0000	0.0000	0.0000	0.0000	0.0000	0.0000	0.0000	0.0000	0.0009	0.0005	0.0004	0.0004	0.0004	0.0000	0.0005	0.0001	0.0004	0.0337	0.0295	0.0042	0.0131	0.0125	0.0005	0.0206	0.0170	0.0037	0.0401	0.0273	0.0128	0.0164	0.0146	0.0017	0.0238	0.0127	0.0111	0.0000	0.0000	0.0000	0.0001	0.0001	0.0000	0.0000	0.0000	0.0000	0.0219	0.0184	0.0295	0.0234	0.0261	0.0004	0.0209	0.0094	0.0341
55	154	0.3412	8	1	1	0	0	0	0	0	0	N	N	N	N	N	N	N	N	N	N	N	N	0.4916	0.3769	2.0937	0.2180	0.2127	0.0000	3.7160	4.0859	2.5047	0.0426	0.0459	0.0219	0.0420	0.0459	0.0000	0.0430	0.0458	0.0300	0.0866	0.1217	0.0104	0.1928	0.2156	0.0011	0.0116	0.0112	0.0120	0.0761	0.0396	-0.0000	-0.0030	3.4216	0.0083	15.9376	2.0001	0.0000	0.0000	0.0000	0.0000	0.0000	0.0000	0.0000	0.0000	0.0000	0.0072	0.0070	0.0003	0.0067	0.0067	0.0000	0.0006	0.0003	0.0003	0.0003	0.0003	0.0000	0.0002	0.0001	0.0000	0.0002	0.0002	0.0000	0.0836	0.0572	0.0264	0.0346	0.0309	0.0037	0.0490	0.0263	0.0227	0.4916	0.3769	2.0937	0.2180	0.2127	0.0000	3.7160	4.0859	2.5047	0.0866	0.1217	0.0104	0.1928	0.2156	0.0011	0.0116	0.0112	0.0120
55	155	0.3176	7	0	1	0	0	0	0	0	0	N	N	N	N	N	N	N	N	N	N	N	N	0.5616	0.4422	4.4617	0.5096	0.4972	0.0018	0.6188	0.4003	9.0569	0.5981	0.6823	0.0326	0.7238	0.7530	0.0001	0.5197	0.6302	0.0368	1.0650	1.5428	0.0073	1.4203	1.5146	0.0446	0.8398	1.5743	0.0041	0.0071	0.0021	-0.0269	-0.2100	3.4216	2.9180	15.9376	7.4065	0.0620	0.0616	0.0004	0.0288	0.0288	0.0000	0.0332	0.0327	0.0004	0.4603	0.4593	0.0010	0.2381	0.2376	0.0005	0.2222	0.2217	0.0005	0.1037	0.0902	0.0134	0.0398	0.0383	0.0015	0.0639	0.0520	0.0119	0.4322	0.2977	0.1345	0.1676	0.1569	0.0107	0.2646	0.1408	0.1238	0.5616	0.4422	4.4617	0.5096	0.4972	0.0018	0.6188	0.4003	9.0569	1.0650	1.5428	0.0073	1.4203	1.5146	0.0446	0.8398	1.5743	0.0041
55	156	0.2518	6	0	0	0	0	0	0	0	0	N	N	N	N	N	N	N	N	N	N	N	N	1.0936	1.4466	0.1505	1.4122	1.5949	0.0312	0.8280	1.3326	0.2519	0.2524	0.2869	0.0448	0.3071	0.3527	0.0050	0.1991	0.2211	0.0778	0.2308	0.1983	0.2974	0.2175	0.2212	0.1616	0.2404	0.1659	0.3090	0.0259	0.7317	-0.0532	-0.0129	3.4216	8.2479	15.9376	19.7214	0.1279	0.1247	0.0032	0.0768	0.0767	0.0002	0.0511	0.0481	0.0031	0.3605	0.2082	0.1523	0.1428	0.1362	0.0065	0.2178	0.0720	0.1458	0.5069	0.4347	0.0722	0.2501	0.2173	0.0328	0.2568	0.2174	0.0394	1.5621	1.0499	0.5122	0.6564	0.6159	0.0404	0.9058	0.4340	0.4718	1.0936	1.4466	0.1505	1.4122	1.5949	0.0312	0.8280	1.3326	0.2519	0.2308	0.1983	0.2974	0.2175	0.2212	0.1616	0.2404	0.1659	0.3090
55	157	0.2156	5	0	0	0	0	0	0	0	0	N	N	N	N	N	N	N	N	N	N	N	N	6.6321	3.0494	23.8610	3.6434	3.8136	0.3177	8.3663	4.1583	25.2756	2.2064	0.8378	10.6364	1.3369	1.3670	0.1494	2.5571	0.5821	11.1991	0.3327	0.2747	0.4458	0.3669	0.3584	0.4703	0.3056	0.1400	0.4431	2.0612	0.8315	0.1466	-0.0023	3.4216	7.4725	15.9376	14.3153	0.6311	0.2062	0.4250	0.1099	0.1096	0.0003	0.5212	0.0966	0.4247	0.5245	0.2864	0.2381	0.2553	0.2305	0.0248	0.2692	0.0559	0.2133	0.2860	0.2461	0.0400	0.0822	0.0802	0.0020	0.2038	0.1659	0.0379	1.5766	1.0424	0.5342	0.6957	0.6430	0.0527	0.8809	0.3994	0.4814	6.6321	3.0494	23.8610	3.6434	3.8136	0.3177	8.3663	4.1583	25.2756	0.3327	0.2747	0.4458	0.3669	0.3584	0.4703	0.3056	0.1400	0.4431
55	158	0.1501	4	0	0	0	0	0	0	0	0	N	N	N	N	N	N	N	N	N	N	N	N	2.1269	2.5938	1.0270	0.4553	0.4593	0.0189	3.3300	12.4678	1.0574	0.9649	1.0475	0.5590	0.2542	0.2641	0.0068	1.2372	1.4171	0.5963	0.4537	0.4038	0.5443	0.5583	0.5750	0.3580	0.3715	0.1137	0.5639	0.1086	0.7409	-0.1565	-0.0378	3.4216	11.6653	15.9376	19.4910	0.4562	0.4115	0.0447	0.0333	0.0333	0.0000	0.4229	0.3782	0.0447	1.1532	0.6624	0.4908	0.6239	0.5932	0.0307	0.5292	0.0692	0.4601	0.4728	0.3928	0.0800	0.1310	0.1259	0.0051	0.3418	0.2669	0.0749	2.5419	1.6403	0.9016	1.1175	1.0318	0.0857	1.4244	0.6085	0.8159	2.1269	2.5938	1.0270	0.4553	0.4593	0.0189	3.3300	12.4678	1.0574	0.4537	0.4038	0.5443	0.5583	0.5750	0.3580	0.3715	0.1137	0.5639
55	161	0.5381	12	1	1	0	0	0	0	0	0	N	N	N	N	N	N	N	N	N	N	N	N	0.0000	0.0000	0.0000	0.0000	0.0000	0.0000	0.0000	0.0000	0.0000	0.0000	0.0000	0.0000	0.0000	0.0000	0.0000	0.0000	0.0000	0.0000	0.0008	0.0011	0.0003	0.0006	0.0006	0.0004	0.0012	0.0020	0.0003	0.1175	0.0000	-0.0000	3.4216	0.0002	15.9376	3.0099	0.0000	0.0000	0.0000	0.0000	0.0000	0.0000	0.0000	0.0000	0.0000	0.0001	0.0001	0.0000	0.0000	0.0000	0.0000	0.0001	0.0001	0.0000	0.0000	0.0000	0.0000	0.0000	0.0000	0.0000	0.0000	0.0000	0.0000	0.1236	0.0868	0.0368	0.0667	0.0569	0.0098	0.0569	0.0299	0.0270	0.0000	0.0000	0.0000	0.0000	0.0000	0.0000	0.0000	0.0000	0.0000	0.0008	0.0011	0.0003	0.0006	0.0006	0.0004	0.0012	0.0020	0.0003	
55	162	0.5305	11	1	1	0	0	0	0	0	0	N	N	N	N	N	N	N	N	N	N	N	N	0.0000	0.0000	0.0000	0.0000	0.0000	0.0000	0.0000	0.0000	0.0000	0.0000	0.0000	0.0000	0.0000	0.0000	0.0000	0.0000	0.0000	0.0000	0.0001	0.0002	0.0000	0.0002	0.0002	0.0000	0.0001	0.0001	0.0001	0.1138	0.0000	-0.0000	3.4216	0.9998	15.9376	2.0118	0.0000	0.0000	0.0000	0.0000	0.0000	0.0000	0.0000	0.0000	0.0000	0.0000	0.0000	0.0000	0.0000	0.0000	0.0000	0.0000	0.0000	0.0000	0.0323	0.0284	0.0039	0.0098	0.0094	0.0004	0.0225	0.0190	0.0035	0.1227	0.0860	0.0367	0.0662	0.0564	0.0097	0.0565	0.0295	0.0269	0.0000	0.0000	0.0000	0.0000	0.0000	0.0000	0.0000	0.0000	0.0000	0.0001	0.0002	0.0000	0.0002	0.0002	0.0000	0.0001	0.0001	0.0001	
55	163	0.5305	10	1	1	0	0	0	0	0	0	N	N	N	N	N	N	N	N	N	N	N	N	0.0000	0.0000	0.0000	0.0000	0.0000	0.0000	0.0000	0.0000	0.0000	0.0000	0.0000	0.0000	0.0000	0.0000	0.0000	0.0000	0.0000	0.0000	0.0355	0.0318	0.0511	0.0453	0.0431	0.0734	0.0249	0.0151	0.0456	0.3807	0.0000	-0.0000	3.4216	0.0000	15.9376	0.0003	0.0000	0.0000	0.0000	0.0000	0.0000	0.0000	0.0000	0.0000	0.0000	0.0000	0.0000	0.0000	0.0000	0.0000	0.0000	0.0000	0.0000	0.0000	0.0000	0.0000	0.0000	0.0000	0.0000	0.0000	0.0000	0.0000	0.0000	0.0000	0.0000	0.0000	0.0000	0.0000	0.0000	0.0000	0.0000	0.0000	0.0000	0.0000	0.0000	0.0000	0.0000	0.0000	0.0000	0.0000	0.0000	0.0355	0.0318	0.0511	0.0453	0.0431	0.0734	0.0249	0.0151	0.0456	
55	164	0.5195	9	0	1	0	0	0	0	0	0	N	N	N	N	N	N	N	N	N	N	N	N	0.3883	0.0033	10.1490	0.0037	0.0034	0.0000	1.1181	0.0034	31.4459	0.0511	0.0006	0.2374	0.0006	0.0006	0.0000	0.0903	0.0005	0.2420	0.1316	0.1775	0.0234	0.1722	0.1919	0.0629	0.0807	0.1481	0.0077	109.9183	0.0559	0.0000	-0.0107	3.4216	0.0063	15.9376	4.3641	0.0000	0.0000	0.0000	0.0000	0.0000	0.0000	0.0000	0.0000	0.0000	0.0264	0.0250	0.0014	0.0192	0.0182	0.0011	0.0072	0.0069	0.0003	0.0006	0.0005	0.0001	0.0003	0.0003	0.0000	0.0003	0.0002	0.0001	0.2008	0.1410	0.0598	0.1117	0.0946	0.0170	0.0892	0.0464	0.0428	0.3883	0.0033	10.1490	0.0037	0.0034	0.0000	1.1181	0.0034	31.4459	0.1316	0.1775	0.0234	0.1722	0.1919	0.0629	0.0807	0.1481	0.0077
55	165	0.4876	8	0	0	0	0	0	0	0	0	N	N	N	N	N	N	N	N	N	N	N	N	8.5315	0.0971	29.0898	0.1010	0.1845	0.0000	13.0152	0.0333	38.4156	1.1204	0.0060	9.0404	0.0133	0.0137	0.0000	1.6962	0.0012	9.6828	0.1313	0.0614	0.3108	0.1321	0.0741	0.4301	0.1303	0.0369	0.2521	213.1925	1.9704	0.0641	0.0179	3.4216	2.5207	15.9376	10.0226	0.1157	0.0005	0.1152	0.0005	0.0005	0.0000	0.1153	0.0001	0.1152	0.0876	0.0295	0.0581	0.0500	0.0235	0.0265	0.0376	0.0060	0.0316	0.1033	0.0906	0.0127	0.0353	0.0345	0.0008	0.0680	0.0561	0.0119	0.6667	0.4798	0.1869	0.3783	0.3166	0.0616	0.2885	0.1632	0.1253	8.5315	0.0971	29.0898	0.1010	0.1845	0.0000	13.0152	0.0333	38.4156	0.1313	0.0614	0.3108	0.1321	0.0741	0.4301	0.1303	0.0369	0.2521
55	166	0.4720	7	0	0	0	0	0	0	0	0	N	N	N	N	N	N	N	N	N	N	N	N	21.7061	0.5372	227.0626	0.8384	0.9381	0.0104	88.2415	0.0180	929.1980	3.7472	0.0974	33.8803	0.2020	0.2073	0.0036	6.3810	0.0017	37.6942	0.1726	0.1814	0.1492	0.2410	0.2209	0.3434	0.0723	0.0962	0.0406	42.1172	0.3066	0.2409	-0.0180	3.4216	2.6894	15.9376	4.6619	0.4497	0.0104	0.4392	0.0103	0.0103	0.0000	0.4393	0.0001	0.4392	0.0805	0.0616	0.0189	0.0668	0.0512	0.0156	0.0137	0.0104	0.0033	0.1200	0.1070	0.0130	0.0512	0.0498	0.0013	0.0689	0.0572	0.0117	0.4664	0.3398	0.1266	0.2774	0.2320	0.0454	0.1890	0.1078	0.0812	21.7061	0.5372	227.0626	0.8384	0.9381	0.0104	88.2415	0.0180	929.1980	0.1726	0.1814	0.1492	0.2410	0.2209	0.3434	0.0723	0.0962	0.0406
55	167	0.4336	6	0	0	0	0	0	0	0	0	N	N	N	N	N	N	N	N	N	N	N	N	0.1942	0.0173	29.5319	0.0595	0.0509	0.4342	0.4262	0.0002	51.8173	0.1371	0.0174	0.9924	0.0570	0.0579	0.0279	0.1669	0.0001	1.0647	0.7061	1.0092	0.0336	0.9580	1.1379	0.0642	0.3917	0.7474	0.0205	7.9600	0.0150	0.0052	-0.1644	3.4216	2.7966	15.9376	8.5340	0.0116	0.0013	0.0103	0.0013	0.0013	0.0000	0.0103	0.0000	0.0103	0.3706	0.3651	0.0055	0.2791	0.2760	0.0031	0.0915	0.0891	0.0023	0.0849	0.0744	0.0104	0.0230	0.0223	0.0007	0.0618	0.0522	0.0097	0.5249	0.3618	0.1631	0.2914	0.2426	0.0488	0.2335	0.1193	0.1143	0.1942	0.0173	29.5319	0.0595	0.0509	0.4342	0.4262	0.0002	51.8173	0.7061	1.0092	0.0336	0.9580	1.1379	0.0642	0.3917	0.7474	0.0205
56	58	0.1736	2	0	2	0	1	0	0	0	0	N	Y	N	N	N	N	N	N	N	N	N	N	0.0290	0.0011	0.1290	0.0084	0.0094	0.0101	0.0286	0.0000	0.1381	0.1093	0.0032	0.7049	0.0277	0.0260	0.0639	0.1193	0.0000	0.7256	3.7757	2.9111	5.4635	3.2897	2.7557	6.3161	4.1667	3.1197	5.2538	39.2242	0.9615	0.0019	0.1811	0.9891	5.0036	20.6926	36.7244	0.0036	0.0001	0.0035	0.0001	0.0001	0.0000	0.0035	0.0000	0.0035	5.6951	2.9035	2.7916	2.2122	1.5752	0.6371	3.4829	1.3283	2.1545	0.0331	0.0281	0.0050	0.0036	0.0035	0.0002	0.0295	0.0246	0.0049	1.5084	0.9974	0.5110	0.6725	0.5716	0.1009	0.8359	0.4258	0.4101	0.0290	0.0011	0.1290	0.0084	0.0094	0.0101	0.0286	0.0000	0.1381	3.7757	2.9111	5.4635	3.2897	2.7557	6.3161	4.1667	3.1197	5.2538
56	59	0.5577	7	0	2	0	1	0	0	0	0	N	Y	N	N	N	N	N	N	N	N	N	N	0.0005	0.0008	0.0000	0.0005	0.0007	0.0000	0.0005	0.0006	0.0000	0.0010	0.0011	0.0000	0.0007	0.0007	0.0000	0.0011	0.0014	0.0000	1.8187	1.3532	2.9538	1.4070	1.0007	3.8716	2.3626	2.1341	2.6022	0.0005	0.8952	-0.0000	0.0526	0.9891	10.4254	20.6926	21.2017	0.0001	0.0001	0.0000	0.0000	0.0000	0.0000	0.0001	0.0001	0.0000	3.7622	1.9851	1.7771	1.6566	1.0115	0.6452	2.1056	0.9736	1.1320	0.0922	0.0796	0.0126	0.0295	0.0280	0.0015	0.0627	0.0516	0.0111	2.0687	1.4670	0.6016	1.1774	1.0108	0.1666	0.8912	0.4562	0.4350	0.0005	0.0008	0.0000	0.0005	0.0007	0.0000	0.0005	0.0006	0.0000	1.8187	1.3532	2.9538	1.4070	1.0007	3.8716	2.3626	2.1341	2.6022
56	60	0.2908	5	1	1	1	0	0	0	0	0	N	N	N	N	N	N	N	N	N	N	N	N	0.0007	1.2265	0.0000	0.0032	4.7141	0.0000	0.0000	0.0000	0.0000	0.0021	0.0025	0.0000	0.0112	0.0120	0.0000	0.0000	0.0000	0.0000	3.2430	0.0020	17.6046	3.4950	0.0025	30.5711	2.9418	0.0010	6.1048	0.0006	2360.6195	-0.0000	0.4039	0.9891	1.9981	20.6926	3.0867	0.0000	0.0000	0.0000	0.0000	0.0000	0.0000	0.0000	0.0000	0.0000	0.7464	0.0003	0.7460	0.4380	0.0003	0.4377	0.3084	0.0001	0.3083	0.0141	0.0121	0.0021	0.0027	0.0025	0.0002	0.0115	0.0096	0.0019	0.2301	0.1564	0.0738	0.1253	0.1021	0.0233	0.1048	0.0543	0.0505	0.0007	1.2265	0.0000	0.0032	4.7141	0.0000	0.0000	0.0000	0.0000	3.2430	0.0020	10.1131	3.4950	0.0025	18.8130	2.9418	0.0010	6.1048
56	61	0.2475	4	1	1	1	0	0	0	0	0	N	N	N	N	N	N	N	N	N	N	N	N	0.0011	0.0149	0.0020	0.0017	0.9162	0.0000	0.0008	0.0000	0.0025	0.0023	0.0006	0.0123	0.0026	0.0027	0.0000	0.0022	0.0000	0.0133	2.0560	0.0390	6.1930	1.5431	0.0030	7.8711	2.6236	0.1000	5.4259	3.5569	77.3752	0.0000	0.8455	0.9891	4.0039	20.6926	14.0733	0.0001	0.0000	0.0000	0.0000	0.0000	0.0000	0.0000	0.0000	0.0000	1.5987	0.0204	1.5783	0.6303	0.0010	0.6293	0.9684	0.0194	0.9490	0.0282	0.0242	0.0041	0.0054	0.0051	0.0003	0.0228	0.0191	0.0037	0.7776	0.5227	0.2548	0.4085	0.3285	0.0800	0.3691	0.1942	0.1749	0.0011	0.0149	0.0020	0.0017	0.9162	0.0000	0.0008	0.0000	0.0025	2.0560	0.0390	6.1930	1.5431	0.0030	7.8711	2.6236	0.1000	5.4259
56	62	0.2669	5	1	1	1	0	0	0	0	0	N	N	N	N	N	N	N	N	N	N	N	N	0.0206	0.0000	0.0860	0.0057	0.0001	470.6185	0.0221	0.0000	0.0604	0.0784	0.0001	0.3146	0.0099	0.0002	0.6885	0.1324	0.0000	0.3050	3.7983	3.8700	3.6584	1.7332	2.1157	0.0015	5.9976	6.9705	5.0494	808.7260	0.4838	0.0000	-0.3745	0.9891	0.0060	20.6926	17.2393	0.0000	0.0000	0.0000	0.0000	0.0000	0.0000	0.0000	0.0000	0.0000	2.8305	1.9076	0.9229	0.6661	0.6660	0.0001	2.1644	1.2416	0.9228	0.0002	0.0002	0.0001	0.0001	0.0001	0.0000	0.0001	0.0001	0.0001	0.7452	0.4929	0.2523	0.3843	0.3148	0.0695	0.3609	0.1781	0.1828	0.0206	0.0000	0.0860	0.0057	0.0001	470.6185	0.0221	0.0000	0.0604	3.7983	3.8700	3.6584	1.7332	2.1157	0.0015	5.9976	6.9705	5.0494
56	63	0.2103	3	0	1	1	0	0	0	0	0	N	N	N	N	N	N	N	N	N	N	N	N	0.0015	0.0000	0.0111	0.0001	0.0003	0.0000	0.0011	0.0000	0.0121	0.0016	0.0000	0.0119	0.0000	0.0000	0.0000	0.0021	0.0000	0.0125	1.0310	1.0086	1.0798	0.3021	0.1032	1.1885	1.9035	2.6902	1.0294	82.6386	0.4934	0.0000	-0.1963	0.9891	1.0230	20.6926	12.1924	0.0000	0.0000	0.0000	0.0000	0.0000	0.0000	0.0000	0.0000	0.0000	1.5336	1.0270	0.5067	0.2448	0.0683	0.1765	1.2889	0.9587	0.3302	0.0109	0.0094	0.0014	0.0027	0.0026	0.0001	0.0082	0.0068	0.0014	1.4875	1.0182	0.4692	0.8104	0.6619	0.1485	0.6771	0.3564	0.3207	0.0015	0.0000	0.0111	0.0001	0.0003	0.0000	0.0011	0.0000	0.0121	1.0310	1.0086	1.0798	0.3021	0.1032	1.1885	1.9035	2.6902	1.0294
56	64	0.1736	2	0	1	0	0	0	0	0	0	N	N	N	N	N	N	N	N	N	N	N	N	0.0079	0.0084	0.0000	0.0107	0.0182	0.0000	0.0146	0.0160	0.0001	0.0286	0.0337	0.0001	0.0997	0.1041	0.0000	0.0198	0.0237	0.0001	3.6218	3.9967	2.9043	9.3094	5.7157	10.1501	1.3583	1.4800	1.2442	0.0004	0.3797	-0.0002	-0.4247	0.9891	2.4556	20.6926	12.4191	0.0005	0.0005	0.0000	0.0002	0.0002	0.0000	0.0003	0.0003	0.0000	2.3188	1.6807	0.6382	1.8487	1.4329	0.4157	0.4702	0.2477	0.2224	0.0165	0.0140	0.0025	0.0018	0.0017	0.0001	0.0147	0.0122	0.0024	0.6402	0.4205	0.2197	0.2941	0.2531	0.0410	0.3461	0.1674	0.1788	0.0079	0.0084	0.0000	0.0159	0.0184	0.0000	0.0146	0.0160	0.0001	3.6218	3.9967	2.9043	6.2859	5.6607	10.1501	1.3583	1.4800	1.2442
56	65	0.2959	4	0	2	0	0	0	0	0	0	N	Y	N	N	N	N	N	N	N	N	N	N	0.0183	0.0144	0.1908	0.1119	0.1017	0.9139	0.0006	0.0000	0.1769	0.0214	0.0249	0.0040	0.1249	0.1268	0.0162	0.0008	0.0000	0.0038	1.1669	1.7231	0.0210	1.1156	1.2471	0.0177	1.1960	2.1628	0.0214	0.0325	0.0059	-0.0001	-0.3720	0.9891	1.7555	20.6926	11.9300	0.0003	0.0003	0.0000	0.0003	0.0003	0.0000	0.0000	0.0000	0.0000	0.8220	0.8172	0.0048	0.2845	0.2840	0.0005	0.5375	0.5332	0.0043	0.0151	0.0125	0.0025	0.0025	0.0025	0.0000	0.0126	0.0101	0.0025	0.7045	0.4743	0.2302	0.2550	0.2277	0.0273	0.4495	0.2465	0.2029	0.0183	0.0144	0.1908	0.1119	0.1017	0.9139	0.0006	0.0000	0.1769	1.1669	1.7231	0.0210	1.1156	1.2471	0.0177	1.1960	2.1628	0.0214
56	66	0.2749	6	1	2	1	0	0	0	0	0	N	Y	N	N	N	N	N	N	N	N	N	N	0.0000	0.0000	0.0000	0.0000	0.0000	0.0000	0.0000	0.0000	0.0000	0.0000	0.0000	0.0000	0.0000	0.0000	0.0000	0.0000	0.0000	0.0000	0.0000	0.0000	0.9891	0.0000	20.6926	0.0000	0.0000	0.0000	0.0000	0.0000	0.0000	0.0000	0.0000	0.0000	0.0000	0.0000	0.0000	0.0000	0.0000	0.0000	0.0000	0.0000	0.0000	0.0000	0.0000	0.0000	0.0000	0.0000	0.0000	0.0000	0.0000	0.0000	0.0000	0.0000	0.0000	0.0000	0.0000	0.0000	0.0000	0.0000	0.0000	0.0000	0.0000	0.0000	0.0000	0.0000	0.0000	0.0000	0.0000	0.0000	0.0000	0.0000	0.0000	0.0000	0.0000	0.0000	0.0000	0.0000	0.0000	0.0000											
56	67	0.7795	9	1	2	1	0	0	0	0	0	N	Y	N	N	N	N	N	N	N	N	N	N	0.0000	0.0000	0.0000	0.0000	0.0000	0.0000	0.0000	0.0000	0.0000	0.0000	0.0000	0.0000	0.0000	0.0000	0.0000	11.7834	18.4181	0.0000	51.1475	58.8843	0.0000	0.0085	0.0158	0.0000	0.0000	0.0000	-0.4567	0.9891	1.0000	20.6926	3.0000	0.0000	0.0000	0.0000	0.0000	0.0000	0.0000	0.0000	0.0000	0.0000	0.9964	0.9964	0.0000	0.9959	0.9959	0.0000	0.0005	0.0005	0.0000	0.0069	0.0062	0.0008	0.0030	0.0028	0.0001	0.0040	0.0033	0.0006	0.1187	0.0848	0.0339	0.0623	0.0545	0.0078	0.0564	0.0303	0.0262	0.0000	0.0000	0.0000	0.0000	0.0000	0.0000	0.0000	0.0000	0.0000	8.3930	11.7506	0.0000	15.9912	18.2716	0.0000	0.0085	0.0158	0.0000				
56	68	0.2749	6	1	2	1	0	0	0	0	0	N	Y	N	N	N	N	N	N	N	N	N	N	0.0000	0.0000	0.0000	0.0000	0.0000	0.0000	0.0000	0.0000	0.0000	0.0000	0.0000	0.0000	0.0000	0.0000	0.0000	0.0000	0.0000	0.0000	0.0000	0.0000	0.9891	1.0000	20.6926	0.0000	0.0000	0.0000	0.0000	0.0000	0.0000	0.0000	0.0000	0.0000	0.0000	0.0000	0.0000	0.0000	0.0000	0.0000	0.0000	0.0000	0.0000	0.0000	0.0071	0.0060	0.0010	0.0013	0.0012	0.0001	0.0057	0.0048	0.0009	0.0408	0.0275	0.0133	0.0195	0.0165	0.0030	0.0213	0.0110	0.0103	0.0000	0.0000	0.0000	0.0000	0.0000	0.0000	0.0000	0.0000	0.0000	0.0000	0.0000	0.0000	0.0000	0.0000	0.0000	0.0000	0.0000	0.0000											
56	69	0.2585	5	1	2	1	0	0	0	0	0	N	Y	N	N	N	N	N	N	N	N	N	N	0.0020	0.0015	0.0000	0.4013	0.3917	0.0000	0.0001	0.0000	0.0000	0.0069	0.0082	0.0000	0.0285	0.0328	0.0000	0.0004	0.0004	0.0000	3.4825	5.6230	0.0011	0.0710	0.0838	0.0003	6.5725	12.6854	0.0014	0.0000	0.0001	-0.0000	-0.4566	0.9891	1.0155	20.6926	5.9708	0.0001	0.0001	0.0000	0.0001	0.0001	0.0000	0.0000	0.0000	0.0000	0.9964	0.9963	0.0001	0.0097	0.0096	0.0000	0.9868	0.9867	0.0001	0.0077	0.0065	0.0012	0.0018	0.0016	0.0002	0.0059	0.0049	0.0010	0.2861	0.1928	0.0933	0.1360	0.1151	0.0209	0.1501	0.0778	0.0724	0.0020	0.0016	0.0000	0.4013	0.3917	0.0000	0.0001	0.0000	0.0000	3.4825	5.1663	0.0011	0.0710	0.0838	0.0003	6.5725	12.6854	0.0014
56	70	0.2538	4	1	1	1	0	0	0	0	0	N	N	N	N	N	N	N	N	N	N	N	N	1.4709	1.5149	0.2018	0.9423	1.1901	0.1843	2.5166	2.0787	0.6137	0.1173	0.1509	0.0074	0.0895	0.1239	0.0007	0.1618	0.1882	0.0260	0.0797	0.0996	0.0368	0.0950	0.1041	0.0037	0.0643	0.0905	0.0424	0.0151	0.1711	-0.0000	-0.0050	0.9891	0.0406	20.6926	2.3361	0.0001	0.0001	0.0000	0.0000	0.0000	0.0000	0.0001	0.0001	0.0000	0.0160	0.0137	0.0023	0.0096	0.0096	0.0000	0.0064	0.0041	0.0023	0.0008	0.0006	0.0002	0.0005	0.0004	0.0001	0.0003	0.0003	0.0001	0.2011	0.1375	0.0636	0.1010	0.0919	0.0091	0.1001	0.0456	0.0545	1.4709	1.5149	0.2018	0.9423	1.1901	0.1843	2.5166	2.0787	0.6137	0.0797	0.0996	0.0368	0.0950	0.1041	0.0037	0.0643	0.0905	0.0424
56	71	0.7795	9	1	2	1	0	0	0	0	0	N	Y	N	N	N	N	N	N	N	N	N	N	0.0000	0.0000	0.0000	0.0000	0.0000	0.0000	0.0000	0.0000	0.0000	0.0000	0.0000	0.0000	0.0000	0.0000	0.0000	0.0000	0.0000	0.0000	0.0000	0.0000	0.9891	0.0000	20.6926	0.0000	0.0000	0.0000	0.0000	0.0000	0.0000	0.0000	0.0000	0.0000	0.0000	0.0000	0.0000	0.0000	0.0000	0.0000	0.0000	0.0000	0.0000	0.0000	0.0000	0.0000	0.0000	0.0000	0.0000	0.0000	0.0000	0.0000	0.0000	0.0000	0.0000	0.0000	0.0000	0.0000	0.0000	0.0000	0.0000	0.0000	0.0000	0.0000	0.0000	0.0000	0.0000	0.0000	0.0000	0.0000	0.0000	0.0000	0.0000	0.0000	0.0000	0.0000	0.0000	0.0000	0.0000	0.0000											
56	72	0.7614	8	1	2	1	0	0	0	0	0	N	Y	N	N	N	N	N	N	N	N	N	N	1473.1455	1439.8567	0.0000	122.5322	150.1172	0.0000	90299.6124	617188.8853	0.0000	21.1058	25.5828	0.0000	2.9974	3.8120	0.0000	37.8642	43.9872	0.0000	0.0143	0.0178	0.0060	0.0245	0.0254	0.0190	0.0004	0.0001	0.0008	0.0000	0.1409	-0.3853	-0.0013	0.9891	3.9057	20.6926	1.1104	0.8735	0.8735	0.0000	0.0596	0.0596	0.0000	0.8138	0.8138	0.0000	0.0038	0.0033	0.0005	0.0037	0.0033	0.0004	0.0000	0.0000	0.0000	0.0414	0.0341	0.0072	0.0199	0.0156	0.0043	0.0215	0.0185	0.0030	0.2634	0.1862	0.0772	0.1524	0.1301	0.0223	0.1110	0.0561	0.0550	1473.1455	1439.8567	0.0000	122.5322	150.1172	0.0000	90299.6124	617188.8853	0.0000	0.0143	0.0178	0.0060	0.0245	0.0254	0.0190	0.0004	0.0001	0.0008
56	73	0.5586	6	1	2	0	0	0	0	0	0	N	Y	N	N	N	N	N	N	N	N	N	N	0.0145	0.0119	0.0277	0.0169	0.0153	0.0545	0.0142	0.0111	0.0008	0.0012	0.0013	0.0006	0.0021	0.0021	0.0026	0.0005	0.0006	0.0000	0.0809	0.1051	0.0212	0.1247	0.1357	0.0484	0.0327	0.0498	0.0132	0.0624	0.0821	-0.0000	-0.0321	0.9891	6.9070	20.6926	16.5673	0.0001	0.0001	0.0000	0.0001	0.0001	0.0000	0.0000	0.0000	0.0000	0.0840	0.0777	0.0064	0.0679	0.0645	0.0033	0.0162	0.0131	0.0030	0.0755	0.0667	0.0088	0.0326	0.0307	0.0019	0.0429	0.0360	0.0069	1.0391	0.7388	0.3003	0.5443	0.4754	0.0689	0.4948	0.2634	0.2314	0.0145	0.0119	0.0277	0.0169	0.0153	0.0545	0.0142	0.0111	0.0008	0.0809	0.1051	0.0212	0.1247	0.1357	0.0484	0.0327	0.0498	0.0132
56	74	0.6225	8	0	2	0	1	0	0	0	0	N	Y	N	N	N	N	N	N	N	N	N	N	0.0006	0.0007	0.0000	0.0027	0.0024	0.0019	0.0000	0.0000	0.0000	0.0020	0.0023	0.0001	0.0085	0.0090	0.0000	0.0000	0.0000	0.0001	3.0972	3.1923	2.8649	3.1995	3.6861	0.0141	2.9664	2.1138	3.8445	0.0049	0.3677	-0.0000	-0.6827	0.9891	6.4226	20.6926	19.3377	0.0001	0.0001	0.0000	0.0001	0.0001	0.0000	0.0000	0.0000	0.0000	3.6024	2.6339	0.9685	2.0874	2.0862	0.0012	1.5150	0.5477	0.9672	0.0453	0.0386	0.0066	0.0103	0.0097	0.0006	0.0349	0.0289	0.0060	1.1631	0.8251	0.3380	0.6524	0.5660	0.0864	0.5107	0.2591	0.2516	0.0006	0.0007	0.0000	0.0027	0.0024	0.0019	0.0000	0.0000	0.0000	3.0972	3.1923	2.8649	3.1995	3.6861	0.0141	2.9664	2.1138	3.8445
56	75	0.5773	7	0	1	0	1	0	0	0	0	N	N	N	N	N	N	N	N	N	N	N	N	0.0011	0.0012	0.0020	0.0002	0.0002	0.0001	0.0010	0.0023	0.0017	0.0022	0.0014	0.0075	0.0003	0.0003	0.0000	0.0031	0.0020	0.0084	1.9515	1.1583	3.7878	1.1678	1.2741	0.4319	2.9737	0.8771	4.8296	0.8081	1.4126	0.0000	0.4164	0.9891	5.1932	20.6926	17.4397	0.0001	0.0001	0.0000	0.0000	0.0000	0.0000	0.0001	0.0000	0.0000	3.2752	1.3575	1.9177	1.1094	1.0576	0.0518	2.1658	0.2999	1.8659	0.0435	0.0378	0.0057	0.0135	0.0129	0.0006	0.0300	0.0249	0.0051	1.6783	1.1720	0.5063	0.9500	0.8301	0.1199	0.7283	0.3420	0.3863	0.0011	0.0012	0.0020	0.0002	0.0002	0.0001	0.0010	0.0023	0.0017	1.9515	1.1583	3.7878	1.1678	1.2741	0.4319	2.9737	0.8771	4.8296
56	76	0.5403	6	0	1	0	0	0	0	0	0	N	N	N	N	N	N	N	N	N	N	N	N	0.0088	0.0013	0.0440	0.0036	0.0034	0.0060	0.0082	0.0003	0.0382	0.0100	0.0013	0.0615	0.0028	0.0028	0.0025	0.0132	0.0005	0.0670	1.1310	1.0190	1.3984	0.7678	0.8240	0.4119	1.6152	1.4737	1.7530	8.1438	0.5747	0.0002	-0.1840	0.9891	4.4918	20.6926	17.5337	0.0004	0.0000	0.0004	0.0000	0.0000	0.0000	0.0004	0.0000	0.0004	1.9703	1.2512	0.7191	0.7642	0.7082	0.0560	1.2061	0.5429	0.6631	0.0406	0.0347	0.0059	0.0125	0.0120	0.0005	0.0280	0.0227	0.0054	1.7421	1.2279	0.5142	0.9954	0.8595	0.1359	0.7467	0.3684	0.3783	0.0088	0.0013	0.0440	0.0036	0.0034	0.0060	0.0082	0.0003	0.0382	1.1310	1.0190	1.3984	0.7678	0.8240	0.4119	1.6152	1.4737	1.7530
56	77	0.2694	5	0	1	0	1	0	0	0	0	N	N	N	N	N	N	N	N	N	N	N	N	0.0001	0.0001	0.0000	0.0003	0.0003	0.0000	0.0000	0.0000	0.0000	0.0000	0.0000	0.0000	0.0001	0.0001	0.0000	0.0000	0.0000	0.0000	0.2064	0.2386	0.1401	0.2861	0.3133	0.0751	0.1499	0.1487	0.1511	0.0095	0.2852	-0.0000	-0.0352	0.9891	0.3745	20.6926	14.7996	0.0000	0.0000	0.0000	0.0000	0.0000	0.0000	0.0000	0.0000	0.0000	0.1489	0.1159	0.0331	0.0857	0.0831	0.0026	0.0633	0.0328	0.0305	0.0035	0.0031	0.0004	0.0008	0.0008	0.0000	0.0027	0.0023	0.0004	0.7217	0.4858	0.2359	0.2994	0.2652	0.0341	0.4223	0.2206	0.2017	0.0001	0.0001	0.0000	0.0003	0.0003	0.0000	0.0000	0.0000	0.0000	0.2064	0.2386	0.1401	0.2861	0.3133	0.0751	0.1499	0.1487	0.1511
56	78	0.2472	4	0	1	0	1	0	0	0	0	N	N	N	N	N	N	N	N	N	N	N	N	0.0012	0.0009	0.0000	0.0893	0.0835	0.0000	0.0000	0.0000	0.0000	0.0018	0.0021	0.0000	0.0120	0.0124	0.0000	0.0000	0.0000	0.0000	1.5019	2.2196	0.0254	0.1349	0.1491	0.0155	2.4300	4.6223	0.0269	0.0001	0.0056	-0.0000	-0.4313	0.9891	1.4595	20.6926	10.3922	0.0000	0.0000	0.0000	0.0000	0.0000	0.0000	0.0000	0.0000	0.0000	0.9525	0.9472	0.0053	0.0346	0.0342	0.0004	0.9179	0.9130	0.0048	0.0112	0.0096	0.0015	0.0017	0.0016	0.0001	0.0095	0.0080	0.0015	0.6342	0.4267	0.2075	0.2565	0.2292	0.0273	0.3777	0.1975	0.1802	0.0012	0.0009	0.0000	0.0893	0.0835	0.0000	0.0000	0.0000	0.0000	1.5019	2.2196	0.0254	0.1349	0.1491	0.0155	2.4300	4.6223	0.0269
56	79	0.2330	3	0	1	0	1	0	0	0	0	N	N	N	N	N	N	N	N	N	N	N	N	0.0103	0.0099	0.0008	0.0589	0.0643	0.0004	0.0001	0.0000	0.0013	0.0012	0.0014	0.0001	0.0099	0.0104	0.0001	0.0000	0.0000	0.0001	0.1181	0.1426	0.0677	0.1688	0.1614	0.2287	0.0798	0.1177	0.0406	0.0068	0.2310	-0.0000	-0.0159	0.9891	1.3861	20.6926	6.3168	0.0000	0.0000	0.0000	0.0000	0.0000	0.0000	0.0000	0.0000	0.0000	0.0588	0.0477	0.0110	0.0362	0.0308	0.0054	0.0226	0.0170	0.0057	0.0099	0.0084	0.0015	0.0012	0.0011	0.0001	0.0087	0.0073	0.0014	0.4975	0.3347	0.1628	0.2142	0.1907	0.0235	0.2833	0.1440	0.1393	0.0103	0.0099	0.0008	0.0589	0.0643	0.0004	0.0001	0.0000	0.0013	0.1181	0.1426	0.0677	0.1688	0.1614	0.2287	0.0798	0.1177	0.0406
56	80	0.1736	2	0	1	0	1	0	0	0	0	N	N	N	N	N	N	N	N	N	N	N	N	0.1256	0.1742	0.0059	0.5800	0.8853	0.0000	0.0064	0.0000	0.0287	0.2485	0.2902	0.0152	2.2467	2.3483	0.0000	0.0026	0.0000	0.0157	1.9789	1.6663	2.5856	3.8735	2.6524	12.1216	0.4024	0.2573	0.5462	0.0093	0.7993	-0.0029	-0.0267	0.9891	4.0043	20.6926	19.8631	0.0066	0.0066	0.0001	0.0066	0.0066	0.0000	0.0001	0.0000	0.0001	1.8868	1.0486	0.8381	1.6773	0.9819	0.6954	0.2094	0.0667	0.1427	0.0266	0.0226	0.0040	0.0029	0.0028	0.0001	0.0237	0.0198	0.0039	0.9535	0.6293	0.3242	0.4330	0.3702	0.0628	0.5204	0.2591	0.2613	0.1256	0.1742	0.0059	0.5800	0.8853	0.0000	0.0064	0.0000	0.0287	1.9789	1.6663	2.5856	3.8735	2.6524	11.0700	0.4024	0.2573	0.5462
56	81	0.7141	8	0	2	1	0	0	0	0	0	N	Y	N	N	N	N	N	N	N	N	N	N	0.0006	0.0005	0.0000	0.0005	0.0006	0.0000	0.0012	0.5872	0.0000	0.0001	0.0001	0.0000	0.0001	0.0001	0.0000	0.0000	0.0000	0.0000	0.0973	0.1398	0.0040	0.1777	0.2016	0.0000	0.0027	0.0000	0.0050	0.0000	0.0130	-0.0000	-0.0098	0.9891	2.0162	20.6926	4.5500	0.0000	0.0000	0.0000	0.0000	0.0000	0.0000	0.0000	0.0000	0.0000	0.0220	0.0217	0.0003	0.0217	0.0217	0.0000	0.0003	0.0000	0.0003	0.0245	0.0208	0.0037	0.0142	0.0120	0.0022	0.0103	0.0087	0.0016	0.2258	0.1551	0.0706	0.1221	0.1076	0.0145	0.1037	0.0476	0.0561	0.0006	0.0005	0.0000	0.0005	0.0006	0.0000	0.0012	0.5872	0.0000	0.0973	0.1398	0.0040	0.1777	0.2016	0.0000	0.0027	0.0000	0.0050
56	82	0.2816	6	0	2	1	0	0	0	0	0	N	Y	N	N	N	N	N	N	N	N	N	N	0.0001	0.0001	0.0000	0.1096	0.0998	0.0000	0.0000	0.0000	0.0000	0.0002	0.0002	0.0000	0.0009	0.0010	0.0000	0.0000	0.0000	0.0000	2.9832	4.3462	0.0160	0.0085	0.0100	0.0009	6.2767	12.2566	0.0214	0.0002	0.0017	-0.0000	-0.4424	0.9891	3.0011	20.6926	3.7015	0.0000	0.0000	0.0000	0.0000	0.0000	0.0000	0.0000	0.0000	0.0000	0.9688	0.9672	0.0016	0.0015	0.0014	0.0000	0.9673	0.9657	0.0016	0.0212	0.0181	0.0030	0.0043	0.0040	0.0003	0.0169	0.0141	0.0028	0.3247	0.2225	0.1022	0.1706	0.1437	0.0269	0.1541	0.0788	0.0753	0.0001	0.0001	0.0000	0.1096	0.0998	0.0000	0.0000	0.0000	0.0000	2.9832	4.3462	0.0160	0.0085	0.0100	0.0009	6.2767	12.2566	0.0214
56	83	0.2701	5	0	2	0	0	0	0	0	0	N	Y	N	N	N	N	N	N	N	N	N	N	0.0001	0.0000	0.0002	0.0012	0.0001	0.0330	0.0001	0.0000	0.0001	0.0003	0.0000	0.0020	0.0001	0.0000	0.0013	0.0003	0.0000	0.0020	2.5771	0.0652	11.0210	0.0709	0.0790	0.0381	5.8166	0.0382	20.2765	128.8803	56.7476	0.0000	0.5118	0.9891	2.0032	20.6926	4.2039	0.0000	0.0000	0.0000	0.0000	0.0000	0.0000	0.0000	0.0000	0.0000	0.9761	0.0169	0.9592	0.0151	0.0135	0.0016	0.9610	0.0034	0.9576	0.0142	0.0122	0.0021	0.0028	0.0027	0.0002	0.0114	0.0095	0.0019	0.3788	0.2594	0.1194	0.2136	0.1715	0.0421	0.1652	0.0879	0.0773	0.0001	0.0000	0.0002	0.0012	0.0001	0.0330	0.0001	0.0000	0.0002	2.5771	0.0652	8.0351	0.0709	0.0790	0.0381	5.8166	0.0382	12.3849
56	84	0.2669	5	1	1	1	0	0	0	0	0	N	N	N	N	N	N	N	N	N	N	N	N	0.0009	0.0001	0.0017	0.0135	0.0003	3.9428	0.0005	0.0000	0.0013	0.0023	0.0000	0.0153	0.0007	0.0000	0.0129	0.0027	0.0000	0.0155	2.5623	0.0509	8.8571	0.0520	0.0615	0.0033	5.3014	0.0292	11.7863	808.7260	76.4413	0.0000	0.4232	0.9891	1.0052	20.6926	4.9545	0.0000	0.0000	0.0000	0.0000	0.0000	0.0000	0.0000	0.0000	0.0000	0.8004	0.0103	0.7901	0.0085	0.0084	0.0001	0.7920	0.0020	0.7900	0.0073	0.0062	0.0011	0.0013	0.0013	0.0001	0.0060	0.0049	0.0010	0.3124	0.2031	0.1093	0.1630	0.1363	0.0267	0.1494	0.0668	0.0826	0.0009	0.0001	0.0021	0.0135	0.0003	3.9428	0.0005	0.0000	0.0016	2.5623	0.0509	7.2302	0.0520	0.0615	0.0033	5.3014	0.0292	9.5635
56	85	0.2475	4	1	1	1	0	0	0	0	0	N	N	N	N	N	N	N	N	N	N	N	N	0.4674	0.0007	4.2175	11.7541	0.2732	860.6017	0.2489	0.0000	2.8142	0.4194	0.0007	2.9094	0.1079	0.0030	1.8128	0.4963	0.0000	3.0044	0.8971	0.9976	0.6898	0.0092	0.0111	0.0021	1.9937	2.8182	1.0676	727.8913	0.3352	0.0017	-0.0796	0.9891	0.9968	20.6926	7.6169	0.0030	0.0000	0.0030	0.0002	0.0000	0.0001	0.0029	0.0000	0.0029	0.3841	0.2877	0.0964	0.0022	0.0021	0.0001	0.3819	0.2856	0.0963	0.0072	0.0061	0.0010	0.0014	0.0013	0.0001	0.0058	0.0048	0.0009	0.4281	0.2883	0.1398	0.2366	0.1870	0.0495	0.1916	0.1013	0.0902	0.4674	0.0007	4.2175	11.7541	0.2732	860.6017	0.2489	0.0000	2.8142	0.8971	0.9976	0.6898	0.0092	0.0111	0.0021	1.9937	2.8182	1.0676
56	86	0.2675	3	1	2	0	0	0	0	0	0	N	Y	N	N	N	N	N	N	N	N	N	N	0.0002	0.0642	0.0000	0.1186	0.1504	0.0000	0.0000	0.0574	0.0000	0.0002	0.0003	0.0000	0.0009	0.0009	0.0000	0.0000	0.0000	0.0000	1.0270	0.0041	3.7208	0.0073	0.0060	0.0140	2.3441	0.0004	5.4471	0.0003	346.5667	-0.0000	0.5221	0.9891	5.8060	20.6926	6.1034	0.0000	0.0000	0.0000	0.0000	0.0000	0.0000	0.0000	0.0000	0.0000	0.9691	0.0028	0.9663	0.0039	0.0027	0.0012	0.9652	0.0001	0.9651	0.0480	0.0411	0.0069	0.0118	0.0112	0.0006	0.0362	0.0299	0.0063	0.9436	0.6839	0.2597	0.5318	0.4493	0.0825	0.4118	0.2346	0.1772	0.0002	0.0642	0.0000	0.1186	0.1504	0.0000	0.0000	0.0574	0.0000	1.0270	0.0041	3.7208	0.0073	0.0060	0.0140	2.3441	0.0004	5.4471
56	87	0.1736	2	1	2	0	0	0	0	0	0	N	Y	N	N	N	N	N	N	N	N	N	N	0.0027	0.0176	0.0007	0.0136	0.0916	0.0001	0.0015	0.0080	0.0008	0.0016	0.0016	0.0011	0.0057	0.0060	0.0003	0.0011	0.0011	0.0011	0.5838	0.0934	1.5404	0.4203	0.0651	2.4596	0.7171	0.1323	1.3154	0.1132	8.4566	-0.0000	0.3254	0.9891	12.2869	20.6926	21.7146	0.0001	0.0001	0.0000	0.0000	0.0000	0.0000	0.0001	0.0001	0.0000	0.7465	0.0789	0.6675	0.2415	0.0318	0.2096	0.5050	0.0471	0.4579	0.0786	0.0668	0.0118	0.0084	0.0081	0.0004	0.0702	0.0588	0.0114	1.2786	0.8453	0.4333	0.5745	0.4892	0.0852	0.7042	0.3561	0.3481	0.0027	0.0176	0.0007	0.0136	0.0916	0.0001	0.0015	0.0080	0.0008	0.5838	0.0934	1.5404	0.4203	0.0651	2.4596	0.7171	0.1323	1.3154
56	88	0.2701	5	0	2	0	0	0	0	0	0	N	Y	N	N	N	N	N	N	N	N	N	N	0.0180	0.0145	0.0002	0.1007	0.0884	0.0000	0.0000	0.0000	0.0003	0.0011	0.0012	0.0000	0.0054	0.0058	0.0000	0.0000	0.0000	0.0000	0.0594	0.0862	0.0028	0.0538	0.0651	0.0051	0.0660	0.1235	0.0018	0.0001	0.0156	-0.0000	-0.0168	0.9891	4.0005	20.6926	9.0093	0.0000	0.0000	0.0000	0.0000	0.0000	0.0000	0.0000	0.0000	0.0000	0.0378	0.0372	0.0006	0.0184	0.0180	0.0003	0.0195	0.0192	0.0002	0.0281	0.0241	0.0040	0.0055	0.0052	0.0003	0.0226	0.0189	0.0037	0.6364	0.4323	0.2041	0.3414	0.2766	0.0648	0.2950	0.1557	0.1393	0.0180	0.0145	0.0002	0.1007	0.0884	0.0000	0.0000	0.0000	0.0003	0.0594	0.0862	0.0028	0.0538	0.0651	0.0051	0.0660	0.1235	0.0018
56	89	0.2475	4	0	2	0	0	0	0	0	0	N	Y	N	N	N	N	N	N	N	N	N	N	0.0089	0.0160	0.0003	0.0913	0.0851	0.0013	0.0000	0.0000	0.0002	0.0006	0.0007	0.0000	0.0028	0.0030	0.0000	0.0000	0.0000	0.0000	0.0629	0.0408	0.1085	0.0308	0.0351	0.0143	0.1013	0.0510	0.1576	0.0075	1.2903	-0.0000	0.0032	0.9891	1.0051	20.6926	9.2650	0.0000	0.0000	0.0000	0.0000	0.0000	0.0000	0.0000	0.0000	0.0000	0.0309	0.0135	0.0174	0.0083	0.0075	0.0008	0.0226	0.0060	0.0166	0.0072	0.0062	0.0010	0.0014	0.0013	0.0001	0.0058	0.0048	0.0010	0.4914	0.3308	0.1606	0.2679	0.2128	0.0551	0.2235	0.1180	0.1055	0.0089	0.0160	0.0003	0.0913	0.0851	0.0013	0.0000	0.0000	0.0002	0.0629	0.0408	0.1085	0.0308	0.0351	0.0143	0.1013	0.0510	0.1576
56	90	0.2959	4	0	1	1	0	0	0	0	0	N	N	N	N	N	N	N	N	N	N	N	N	0.2444	0.2280	0.0974	0.9228	0.8636	0.4497	0.0151	0.0000	0.0900	0.0168	0.0195	0.0032	0.1097	0.1117	0.0122	0.0006	0.0000	0.0030	0.0687	0.0854	0.0330	0.1188	0.1293	0.0271	0.0384	0.0421	0.0338	0.0325	0.1803	-0.0001	-0.0114	0.9891	2.3559	20.6926	7.1930	0.0003	0.0003	0.0000	0.0003	0.0003	0.0000	0.0000	0.0000	0.0000	0.0374	0.0317	0.0057	0.0244	0.0238	0.0006	0.0130	0.0079	0.0051	0.0191	0.0160	0.0032	0.0028	0.0028	0.0001	0.0163	0.0132	0.0031	0.5437	0.3706	0.1730	0.2049	0.1839	0.0210	0.3387	0.1867	0.1520	0.2444	0.2280	0.0974	0.9228	0.8636	0.4497	0.0151	0.0000	0.0900	0.0687	0.0854	0.0330	0.1188	0.1293	0.0271	0.0384	0.0421	0.0338
56	91	0.2631	3	0	1	0	0	0	0	0	0	N	N	N	N	N	N	N	N	N	N	N	N	0.5303	0.3510	2.2271	0.9972	0.9171	2.8959	0.4009	0.0000	3.1054	0.1637	0.1311	0.3521	0.4416	0.4327	0.8411	0.0639	0.0000	0.3322	0.3086	0.3736	0.1581	0.4428	0.4718	0.2904	0.1593	0.2038	0.1070	0.4639	0.1825	-0.0011	-0.1586	0.9891	4.9284	20.6926	11.0439	0.0089	0.0061	0.0028	0.0063	0.0061	0.0003	0.0026	0.0000	0.0026	0.5217	0.4412	0.0805	0.3942	0.3530	0.0412	0.1275	0.0882	0.0393	0.0542	0.0463	0.0080	0.0143	0.0140	0.0003	0.0399	0.0322	0.0077	1.6903	1.1810	0.5093	0.8902	0.7482	0.1420	0.8001	0.4327	0.3674	0.5303	0.3510	2.2271	0.9972	0.9171	2.8959	0.4009	0.0000	3.1054	0.3086	0.3736	0.1581	0.4428	0.4718	0.2904	0.1593	0.2038	0.1070
56	92	0.1736	2	0	1	0	0	0	0	0	0	N	N	N	N	N	N	N	N	N	N	N	N	0.0180	0.0061	0.0859	0.0326	0.0351	0.0657	0.0297	0.0009	0.2619	0.0407	0.0138	0.1912	0.1227	0.1029	0.5600	0.0306	0.0012	0.1793	2.2590	2.2758	2.2261	3.7644	2.9359	8.5282	1.0288	1.3661	0.6845	2.4730	0.5015	0.0003	-0.3516	0.9891	3.9161	20.6926	29.2065	0.0011	0.0003	0.0008	0.0004	0.0003	0.0001	0.0007	0.0000	0.0007	2.8271	1.8828	0.9443	2.1186	1.4075	0.7110	0.7086	0.4753	0.2333	0.0261	0.0221	0.0039	0.0029	0.0027	0.0001	0.0232	0.0194	0.0038	1.2515	0.8273	0.4242	0.5628	0.4794	0.0834	0.6887	0.3479	0.3408	0.0180	0.0061	0.0859	0.0326	0.0351	0.0657	0.0297	0.0009	0.2619	2.2590	2.2758	2.2261	3.7644	2.9359	8.5282	1.0288	1.3661	0.6845
56	93	0.7141	8	1	2	0	0	0	0	0	0	N	Y	N	N	N	N	N	N	N	N	N	N	0.7829	109.6842	0.0000	14.7716	20.4949	0.0026	0.7128	28869.5139	0.0000	2.4373	2.8659	0.0002	0.6696	0.7847	0.0002	4.7512	5.6106	0.0001	3.1132	0.0261	17.1755	0.0453	0.0383	0.0943	6.6653	0.0002	22.7468	0.0000	171.9329	-0.0299	0.5058	0.9891	2.5103	20.6926	7.4742	0.0677	0.0677	0.0000	0.0105	0.0105	0.0000	0.0572	0.0572	0.0000	0.9439	0.0055	0.9384	0.0074	0.0054	0.0019	0.9365	0.0000	0.9365	0.0278	0.0236	0.0042	0.0158	0.0134	0.0023	0.0120	0.0102	0.0018	0.3032	0.2089	0.0943	0.1627	0.1422	0.0205	0.1405	0.0667	0.0738	0.7829	109.6842	0.0000	14.7716	20.4949	0.0026	0.7128	28869.5139	0.0000	3.1132	0.0261	9.9521	0.0453	0.0383	0.0943	6.6653	0.0002	12.6852
56	94	0.6779	7	0	2	0	0	0	0	0	0	N	Y	N	N	N	N	N	N	N	N	N	N	22.8001	90.6255	0.0691	61.2045	60.4704	18.3341	14.4097	213.9896	0.0110	2.4377	2.8175	0.0196	2.0644	2.3409	0.0394	2.8062	3.3051	0.0041	0.1069	0.0311	0.2844	0.0337	0.0387	0.0021	0.1947	0.0154	0.3777	0.0011	3.9082	-0.0820	0.0168	0.9891	7.1305	20.6926	3.2426	0.1863	0.1861	0.0002	0.0784	0.0782	0.0002	0.1079	0.1079	0.0000	0.0498	0.0101	0.0396	0.0086	0.0085	0.0001	0.0412	0.0017	0.0396	0.0764	0.0660	0.0104	0.0380	0.0334	0.0046	0.0385	0.0326	0.0058	0.4655	0.3262	0.1393	0.2539	0.2193	0.0346	0.2116	0.1069	0.1048	22.8001	90.6255	0.0691	61.2045	60.4704	18.3341	14.4097	213.9896	0.0110	0.1069	0.0311	0.2844	0.0337	0.0387	0.0021	0.1947	0.0154	0.3777
56	95	0.2475	4	1	2	0	0	0	0	0	0	N	Y	N	N	N	N	N	N	N	N	N	N	0.1533	0.2185	0.0000	0.3862	0.4959	0.0000	0.1150	1.2900	0.0000	0.2129	0.2485	0.0000	0.8437	0.8967	0.0000	0.0643	0.0769	0.0000	1.3885	1.1372	1.9012	2.1845	1.8081	3.7929	0.5589	0.0596	1.1127	0.0000	0.8195	-0.0052	-0.0133	0.9891	8.0000	20.6926	22.5660	0.0118	0.0118	0.0000	0.0089	0.0089	0.0000	0.0029	0.0029	0.0000	1.6622	0.9136	0.7486	1.3346	0.8952	0.4394	0.3276	0.0184	0.3092	0.0553	0.0474	0.0079	0.0105	0.0099	0.0006	0.0448	0.0375	0.0073	1.1971	0.8033	0.3938	0.6110	0.4951	0.1159	0.5861	0.3082	0.2779	0.1533	0.2185	0.0000	0.3862	0.4959	0.0000	0.1150	1.2900	0.0000	1.3885	1.1372	1.9012	2.1845	1.8081	3.7929	0.5589	0.0596	1.1127
56	96	0.1736	2	0	1	0	0	0	0	0	0	N	N	N	N	N	N	N	N	N	N	N	N	5.7081	0.0024	21627.5002	0.0153	0.0121	531.6167	6.2123	0.0011	18086.4263	12.6348	0.0081	84.3727	0.0327	0.0304	0.0841	14.1487	0.0050	87.0719	2.2135	3.3472	0.0039	2.1354	2.5050	0.0002	2.2775	4.5170	0.0048	1831.0936	0.0006	0.5420	-1.1958	0.9891	11.9964	20.6926	18.8414	0.9707	0.0005	0.9701	0.0003	0.0002	0.0000	0.9704	0.0003	0.9701	2.6122	2.6106	0.0016	1.1359	1.1359	0.0000	1.4763	1.4747	0.0015	0.0768	0.0653	0.0115	0.0082	0.0079	0.0004	0.0686	0.0574	0.0111	1.1801	0.7799	0.4002	0.5319	0.4535	0.0785	0.6482	0.3265	0.3217	5.7081	0.0024	21627.5002	0.0153	0.0121	531.6167	6.2123	0.0011	18086.4263	2.2135	3.3472	0.0039	2.1354	2.5050	0.0002	2.2775	4.5170	0.0048
56	98	0.2780	6	1	2	1	0	0	0	0	0	N	Y	N	N	N	N	N	N	N	N	N	N	0.2326	2.4546	0.0000	4.1035	4.4850	0.0000	0.0081	1.9168	0.0000	0.3442	0.4162	0.0000	0.9614	1.1960	0.0000	0.0225	0.0269	0.0000	1.4794	0.1695	4.2322	0.2343	0.2667	0.0903	2.7801	0.0140	5.9316	0.0000	11.8779	-0.0013	0.4792	0.9891	0.9502	20.6926	16.1595	0.0029	0.0029	0.0000	0.0027	0.0027	0.0000	0.0001	0.0001	0.0000	1.0328	0.0802	0.9526	0.0836	0.0777	0.0059	0.9492	0.0025	0.9467	0.0083	0.0069	0.0014	0.0029	0.0023	0.0006	0.0055	0.0046	0.0009	0.6981	0.4730	0.2251	0.3567	0.2912	0.0655	0.3414	0.1818	0.1596	0.2326	2.4546	0.0000	4.1035	4.4850	0.0000	0.0081	1.9168	0.0000	1.4794	0.1695	4.2322	0.2343	0.2667	0.0903	2.7801	0.0140	5.9316
56	99	0.1736	2	0	2	0	0	0	0	0	0	N	Y	N	N	N	N	N	N	N	N	N	N	0.0005	0.0008	0.0000	0.0048	0.0043	0.0000	0.0000	0.0000	0.0000	0.0009	0.0011	0.0000	0.0085	0.0089	0.0000	0.0000	0.0000	0.0000	1.7847	1.2875	2.7524	1.7510	2.0444	0.0422	1.8124	0.2234	3.4099	0.0000	1.0984	-0.0000	0.1252	0.9891	11.9964	20.6926	15.6499	0.0001	0.0001	0.0000	0.0001	0.0001	0.0000	0.0000	0.0000	0.0000	1.9239	0.9168	1.0070	0.8537	0.8507	0.0030	1.0702	0.0661	1.0040	0.0768	0.0653	0.0115	0.0082	0.0079	0.0004	0.0686	0.0574	0.0111	1.0780	0.7121	0.3659	0.4876	0.4161	0.0714	0.5905	0.2960	0.2944	0.0005	0.0008	0.0000	0.0048	0.0043	0.0000	0.0000	0.0000	0.0000	1.7847	1.2875	2.7524	1.7510	2.0444	0.0422	1.8124	0.2234	3.4099
56	100	0.2810	7	1	1	1	0	0	0	0	0	N	N	N	N	N	N	N	N	N	N	N	N	0.0001	0.0002	0.0000	0.0000	0.0000	0.0000	0.0001	0.0045	0.0000	0.0004	0.0004	0.0000	0.0001	0.0001	0.0000	0.0004	0.0005	0.0000	4.5242	2.1327	12.3153	4.1744	3.3752	7.7932	4.0924	0.1194	9.2343	0.0000	1.8751	-0.0000	0.4905	0.9891	1.0008	20.6926	13.9255	0.0000	0.0000	0.0000	0.0000	0.0000	0.0000	0.0000	0.0000	0.0000	2.5305	0.8802	1.6504	1.3006	0.8614	0.4393	1.2299	0.0188	1.2111	0.0072	0.0062	0.0010	0.0016	0.0015	0.0001	0.0056	0.0047	0.0009	0.6121	0.4127	0.1994	0.3116	0.2552	0.0564	0.3005	0.1575	0.1431	0.0001	0.0002	0.0000	0.0000	0.0000	0.0000	0.0001	0.0045	0.0000	4.1341	2.1327	8.2761	4.1744	3.3752	7.7932	4.0924	0.1194	8.4664
56	101	0.2780	6	1	1	1	0	0	0	0	0	N	N	N	N	N	N	N	N	N	N	N	N	0.5650	1.3293	0.0004	0.0460	0.0983	0.0003	2.3829	8.3266	0.0004	0.0835	0.1158	0.0001	0.0072	0.0107	0.0001	0.3274	0.3696	0.0001	0.1478	0.0871	0.2843	0.1563	0.1086	0.4007	0.1374	0.0444	0.2365	0.0004	1.4515	-0.0001	0.0030	0.9891	0.0532	20.6926	2.0467	0.0002	0.0002	0.0000	0.0000	0.0000	0.0000	0.0001	0.0001	0.0000	0.0228	0.0093	0.0135	0.0133	0.0077	0.0055	0.0095	0.0016	0.0080	0.0019	0.0014	0.0005	0.0014	0.0010	0.0005	0.0004	0.0004	0.0001	0.1542	0.1068	0.0475	0.0848	0.0710	0.0138	0.0694	0.0358	0.0336	0.5650	1.3293	0.0004	0.0460	0.0983	0.0003	2.3829	8.3266	0.0004	0.1478	0.0871	0.2843	0.1563	0.1086	0.4007	0.1374	0.0444	0.2365
56	102	0.2684	5	1	1	1	0	0	0	0	0	N	N	N	N	N	N	N	N	N	N	N	N	0.0080	0.9215	0.0000	0.0092	1.3043	0.0000	0.0198	1.1823	0.0000	0.0179	0.0213	0.0001	0.0321	0.0375	0.0002	0.0124	0.0148	0.0000	2.2525	0.0231	9.4639	3.5026	0.0287	28.7896	0.6233	0.0125	1.3953	0.0006	139.3051	-0.0001	0.3676	0.9891	2.0948	20.6926	3.0326	0.0003	0.0003	0.0000	0.0001	0.0001	0.0000	0.0001	0.0001	0.0000	0.6878	0.0049	0.6829	0.6052	0.0040	0.6012	0.0826	0.0009	0.0817	0.0165	0.0139	0.0026	0.0047	0.0040	0.0007	0.0119	0.0099	0.0019	0.3053	0.2125	0.0928	0.1728	0.1385	0.0342	0.1326	0.0740	0.0586	0.0080	0.9215	0.0000	0.0092	1.3043	0.0000	0.0198	1.1823	0.0000	2.2525	0.0231	7.3593	3.5026	0.0287	17.5611	0.6233	0.0125	1.3953
56	103	0.2475	4	1	1	1	0	0	0	0	0	N	N	N	N	N	N	N	N	N	N	N	N	0.0787	2.5235	0.0000	3.3038	15.8981	0.0001	0.0245	0.7869	0.0000	0.1805	0.2109	0.0001	0.4278	0.4546	0.0001	0.1215	0.1454	0.0001	2.2943	0.0836	7.8950	0.1295	0.0286	0.5113	4.9582	0.1847	13.7393	0.0001	39.7659	-0.0022	0.5160	0.9891	3.9484	20.6926	4.8420	0.0050	0.0050	0.0000	0.0023	0.0023	0.0000	0.0027	0.0027	0.0000	0.9978	0.0245	0.9733	0.0311	0.0054	0.0256	0.9668	0.0190	0.9477	0.0279	0.0238	0.0040	0.0054	0.0051	0.0003	0.0225	0.0188	0.0037	0.4349	0.2929	0.1420	0.2399	0.1898	0.0501	0.1950	0.1031	0.0919	0.0787	2.5235	0.0000	3.3038	15.8981	0.0001	0.0245	0.7869	0.0000	2.2943	0.0836	6.8547	0.1295	0.0286	0.5113	4.9582	0.1847	10.3177
56	104	0.2059	3	0	2	0	0	0	0	0	0	N	Y	N	N	N	N	N	N	N	N	N	N	0.0431	0.0193	0.1866	0.4355	0.3861	1.8148	0.0263	0.0071	0.1576	0.0805	0.0351	0.3689	0.0480	0.0497	0.0132	0.0900	0.0302	0.3995	1.8670	1.8141	1.9765	0.1102	0.1288	0.0073	3.4214	4.2338	2.5351	1.6571	0.5263	0.0010	-0.3281	0.9891	8.9557	20.6926	32.3127	0.0056	0.0021	0.0035	0.0008	0.0007	0.0000	0.0049	0.0014	0.0035	2.8892	1.8930	0.9962	0.0800	0.0792	0.0008	2.8091	1.8137	0.9954	0.0698	0.0603	0.0095	0.0157	0.0150	0.0008	0.0541	0.0453	0.0087	1.5475	1.0435	0.5040	0.7264	0.6151	0.1114	0.8210	0.4284	0.3926	0.0431	0.0193	0.1866	0.4355	0.3861	1.8148	0.0263	0.0071	0.1576	1.8670	1.8141	1.9765	0.1102	0.1288	0.0073	3.4214	4.2338	2.5351
56	105	0.2313	4	0	1	1	0	0	0	0	0	N	N	N	N	N	N	N	N	N	N	N	N	0.0001	0.0022	0.0001	0.0061	0.0104	0.0000	0.0000	0.0000	0.0001	0.0001	0.0000	0.0005	0.0001	0.0001	0.0000	0.0001	0.0000	0.0005	1.6597	0.0090	5.2227	0.0126	0.0078	0.0399	3.2866	0.0109	6.8093	4.5392	270.1320	0.0000	0.4690	0.9891	4.2679	20.6926	7.8415	0.0000	0.0000	0.0000	0.0000	0.0000	0.0000	0.0000	0.0000	0.0000	0.8718	0.0032	0.8686	0.0033	0.0017	0.0016	0.8685	0.0015	0.8670	0.0337	0.0286	0.0051	0.0074	0.0071	0.0003	0.0263	0.0215	0.0048	0.5253	0.3590	0.1663	0.2610	0.2220	0.0390	0.2643	0.1369	0.1273	0.0001	0.0022	0.0001	0.0061	0.0104	0.0000	0.0000	0.0000	0.0001	1.6597	0.0090	5.2227	0.0126	0.0078	0.0399	3.2866	0.0109	6.8093
56	106	0.2059	3	0	1	0	0	0	0	0	0	N	N	N	N	N	N	N	N	N	N	N	N	0.0266	0.0221	0.0109	0.0703	0.0619	0.0000	0.0008	0.0002	0.0096	0.0024	0.0026	0.0002	0.0065	0.0068	0.0000	0.0001	0.0000	0.0003	0.0888	0.1195	0.0225	0.0931	0.1096	0.0044	0.0843	0.1365	0.0286	0.0124	0.0872	-0.0000	-0.0187	0.9891	1.9301	20.6926	9.0954	0.0001	0.0001	0.0000	0.0001	0.0001	0.0000	0.0000	0.0000	0.0000	0.0494	0.0454	0.0040	0.0265	0.0263	0.0002	0.0229	0.0191	0.0038	0.0227	0.0200	0.0027	0.0080	0.0077	0.0003	0.0146	0.0123	0.0024	0.5559	0.3799	0.1761	0.2845	0.2399	0.0447	0.2714	0.1400	0.1314	0.0266	0.0221	0.0109	0.0703	0.0619	0.0000	0.0008	0.0002	0.0096	0.0888	0.1195	0.0225	0.0931	0.1096	0.0044	0.0843	0.1365	0.0286
56	107	0.1736	2	0	1	0	0	0	0	0	0	N	N	N	N	N	N	N	N	N	N	N	N	0.0671	0.0463	0.2994	0.3255	0.2950	0.2215	0.0378	0.0176	0.2572	0.0051	0.0049	0.0066	0.0167	0.0174	0.0006	0.0037	0.0031	0.0068	0.0767	0.1053	0.0221	0.0513	0.0591	0.0027	0.0982	0.1760	0.0265	0.2427	0.1103	-0.0000	-0.0163	0.9891	3.9049	20.6926	9.6098	0.0001	0.0001	0.0000	0.0000	0.0000	0.0000	0.0001	0.0001	0.0000	0.0453	0.0408	0.0045	0.0140	0.0139	0.0001	0.0313	0.0269	0.0044	0.0260	0.0221	0.0039	0.0028	0.0027	0.0001	0.0231	0.0193	0.0038	0.5907	0.3875	0.2033	0.2719	0.2344	0.0375	0.3188	0.1530	0.1658	0.0671	0.0463	0.2994	0.3255	0.2950	0.2215	0.0378	0.0176	0.2572	0.0767	0.1053	0.0221	0.0513	0.0591	0.0027	0.0982	0.1760	0.0265
56	108	0.1947	4	0	2	0	0	0	0	0	0	N	Y	N	N	N	N	N	N	N	N	N	N	0.0600	0.0512	0.0091	0.0852	0.0775	0.0004	0.2651	30.3651	0.0087	0.0088	0.0103	0.0004	0.0263	0.0275	0.0000	0.0060	0.0071	0.0004	0.1470	0.2010	0.0417	0.3082	0.3543	0.0245	0.0225	0.0002	0.0455	0.0065	0.1065	-0.0002	-0.0663	0.9891	8.0392	20.6926	22.6195	0.0005	0.0005	0.0000	0.0002	0.0002	0.0000	0.0003	0.0003	0.0000	0.1831	0.1655	0.0176	0.1673	0.1654	0.0019	0.0158	0.0001	0.0158	0.0569	0.0484	0.0084	0.0080	0.0076	0.0003	0.0489	0.0408	0.0081	1.2458	0.8235	0.4222	0.5428	0.4669	0.0759	0.7030	0.3567	0.3463	0.0600	0.0512	0.0091	0.0852	0.0775	0.0004	0.2651	30.3651	0.0087	0.1470	0.2010	0.0417	0.3082	0.3543	0.0245	0.0225	0.0002	0.0455
56	109	0.1947	3	0	1	0	0	0	0	0	0	N	N	N	N	N	N	N	N	N	N	N	N	0.0264	0.0280	0.0348	0.0358	0.0355	0.0858	0.0207	0.1153	0.0333	0.0028	0.0022	0.0059	0.0043	0.0042	0.0113	0.0019	0.0006	0.0058	0.1057	0.0779	0.1703	0.1194	0.1185	0.1319	0.0930	0.0051	0.1748	0.5335	0.9393	-0.0000	0.0006	0.9891	0.2031	20.6926	2.0398	0.0000	0.0000	0.0000	0.0000	0.0000	0.0000	0.0000	0.0000	0.0000	0.0245	0.0126	0.0119	0.0133	0.0124	0.0010	0.0112	0.0003	0.0109	0.0038	0.0032	0.0006	0.0014	0.0014	0.0000	0.0024	0.0018	0.0006	0.2320	0.1623	0.0697	0.1115	0.1042	0.0073	0.1205	0.0581	0.0624	0.0264	0.0280	0.0348	0.0358	0.0355	0.0858	0.0207	0.1153	0.0333	0.1057	0.0779	0.1703	0.1194	0.1185	0.1319	0.0930	0.0051	0.1748
56	110	0.7753	9	1	1	1	0	0	0	0	0	N	N	N	N	N	N	N	N	N	N	N	N	0.0000	0.0000	0.0000	0.0000	0.0000	0.0000	0.0000	0.0000	0.0000	0.0000	0.0000	0.0000	0.0000	0.0000	0.0000	0.0322	0.0474	0.0000	0.0098	0.0107	0.0000	0.0604	0.1554	0.0000	0.0000	0.0000	-0.0000	0.9891	0.0001	20.6926	0.0001	0.0000	0.0000	0.0000	0.0000	0.0000	0.0000	0.0000	0.0000	0.0000	0.0000	0.0000	0.0000	0.0000	0.0000	0.0000	0.0000	0.0000	0.0000	0.0007	0.0005	0.0001	0.0003	0.0003	0.0000	0.0003	0.0002	0.0001	0.0002	0.0001	0.0001	0.0001	0.0001	0.0000	0.0001	0.0000	0.0000	0.0000	0.0000	0.0000	0.0000	0.0000	0.0000	0.0000	0.0000	0.0000	0.0322	0.0474	0.0000	0.0098	0.0107	0.0000	0.0604	0.1554	0.0000				
56	111	0.7614	8	1	1	1	0	0	0	0	0	N	N	N	N	N	N	N	N	N	N	N	N	12.8461	11.2387	0.0006	75.8836	85.9903	0.0009	0.0001	0.0000	0.0000	5.4412	6.7394	0.0000	9.5012	12.6153	0.0000	0.0000	0.0001	0.0000	0.4236	0.5997	0.0005	0.1252	0.1467	0.0005	0.8362	1.6618	0.0005	0.0000	0.0004	-0.0689	-0.0488	0.9891	1.6718	20.6926	2.9223	0.1563	0.1563	0.0000	0.1563	0.1563	0.0000	0.0000	0.0000	0.0000	0.1065	0.1065	0.0000	0.0183	0.0183	0.0000	0.0882	0.0882	0.0000	0.0287	0.0232	0.0055	0.0164	0.0124	0.0041	0.0123	0.0108	0.0015	0.2514	0.1775	0.0739	0.1459	0.1245	0.0215	0.1055	0.0531	0.0524	12.8461	11.2387	0.0006	75.8836	85.9903	0.0009	0.0001	0.0000	0.0000	0.4236	0.5997	0.0005	0.1252	0.1467	0.0005	0.8362	1.6618	0.0005
56	112	0.6779	7	1	1	1	0	0	0	0	0	N	N	N	N	N	N	N	N	N	N	N	N	7.8022	98.9630	0.0142	53.2860	237.0216	0.0590	0.1803	3.3670	0.0023	7.1150	8.2068	0.0408	15.3868	17.2433	0.0983	0.2915	0.3435	0.0075	0.9119	0.0829	2.8783	0.2888	0.0728	1.6668	1.6168	0.1020	3.2662	0.0008	14.6325	-0.3624	0.3128	0.9891	14.0283	20.6926	7.1084	0.8230	0.8224	0.0006	0.8046	0.8040	0.0006	0.0185	0.0184	0.0001	0.6549	0.0419	0.6130	0.1101	0.0240	0.0861	0.5448	0.0179	0.5269	0.1157	0.1002	0.0155	0.0523	0.0466	0.0057	0.0634	0.0536	0.0098	0.7181	0.5052	0.2130	0.3812	0.3295	0.0516	0.3370	0.1757	0.1613	7.8022	98.9630	0.0142	53.2860	237.0216	0.0590	0.1803	3.3670	0.0023	0.9119	0.0829	2.8783	0.2888	0.0728	1.6668	1.6168	0.1020	3.2662
56	113	0.6176	6	0	1	0	0	0	0	0	0	N	N	N	N	N	N	N	N	N	N	N	N	4.0257	35.4974	0.0007	28.6168	34.4142	0.0267	2.4945	26.0448	0.0005	5.6448	6.6095	0.0033	3.2435	3.8361	0.0033	7.9139	9.1797	0.0033	1.4022	0.1862	4.3817	0.1133	0.1115	0.1237	3.1726	0.3525	6.2612	0.0001	9.6038	-0.2786	0.4746	0.9891	8.6129	20.6926	5.1709	0.6318	0.6317	0.0001	0.1764	0.1763	0.0000	0.4554	0.4554	0.0000	1.0609	0.1001	0.9609	0.0496	0.0413	0.0083	1.0113	0.0587	0.9526	0.1119	0.0956	0.0163	0.0544	0.0460	0.0084	0.0575	0.0496	0.0079	0.7566	0.5373	0.2193	0.4379	0.3707	0.0672	0.3188	0.1666	0.1521	4.0257	35.4974	0.0007	28.6168	34.4142	0.0267	2.4945	26.0448	0.0005	1.4022	0.1862	4.3817	0.1133	0.1115	0.1237	3.1726	0.3525	6.2612
56	114	0.5225	5	0	1	0	0	0	0	0	0	N	N	N	N	N	N	N	N	N	N	N	N	4.6258	4.6107	0.3007	0.0884	0.0844	0.0205	12.0517	20.4219	0.3074	3.8703	4.4635	0.1569	0.1058	0.1131	0.0068	5.2453	6.2309	0.1800	0.8367	0.9681	0.5216	1.1966	1.3397	0.3344	0.4352	0.3051	0.5857	0.0056	0.2247	-0.1981	-0.3668	0.9891	16.8607	20.6926	22.7724	0.4549	0.4523	0.0025	0.0033	0.0033	0.0000	0.4516	0.4490	0.0025	1.3342	1.0894	0.2448	1.0061	0.9661	0.0400	0.3281	0.1233	0.2047	0.1175	0.1013	0.0162	0.0314	0.0293	0.0022	0.0861	0.0721	0.0140	1.5946	1.1253	0.4693	0.8408	0.7211	0.1197	0.7538	0.4042	0.3496	4.6258	4.6107	0.3007	0.0884	0.0844	0.0205	12.0517	20.4219	0.3074	0.8367	0.9681	0.5216	1.1966	1.3397	0.3344	0.4352	0.3051	0.5857
56	115	0.2538	4	1	1	1	0	0	0	0	0	N	N	N	N	N	N	N	N	N	N	N	N	0.0011	0.0009	0.0000	0.0023	0.0023	0.0000	0.0000	0.0000	0.0000	0.0000	0.0000	0.0000	0.0000	0.0000	0.0000	0.0000	0.0000	0.0000	0.0040	0.0057	0.0003	0.0079	0.0089	0.0000	0.0002	0.0000	0.0004	0.0000	0.0274	-0.0000	-0.0005	0.9891	1.0009	20.6926	4.0038	0.0000	0.0000	0.0000	0.0000	0.0000	0.0000	0.0000	0.0000	0.0000	0.0012	0.0012	0.0000	0.0012	0.0012	0.0000	0.0000	0.0000	0.0000	0.0076	0.0064	0.0012	0.0018	0.0015	0.0002	0.0059	0.0049	0.0010	0.3038	0.2065	0.0973	0.1494	0.1325	0.0169	0.1544	0.0740	0.0804	0.0011	0.0009	0.0000	0.0023	0.0023	0.0000	0.0000	0.0000	0.0000	0.0040	0.0057	0.0003	0.0079	0.0089	0.0000	0.0002	0.0000	0.0004
56	116	0.2254	3	1	1	1	0	0	0	0	0	N	N	N	N	N	N	N	N	N	N	N	N	0.0281	0.0275	0.0058	0.0304	0.0280	0.0193	0.0286	0.0348	0.0054	0.0049	0.0056	0.0007	0.0063	0.0068	0.0002	0.0041	0.0048	0.0008	0.1750	0.2020	0.1178	0.2064	0.2419	0.0085	0.1443	0.1378	0.1511	0.0188	0.2762	-0.0000	-0.0259	0.9891	1.8441	20.6926	10.4794	0.0001	0.0001	0.0000	0.0000	0.0000	0.0000	0.0000	0.0000	0.0000	0.1072	0.0840	0.0232	0.0625	0.0621	0.0004	0.0447	0.0219	0.0228	0.0169	0.0147	0.0022	0.0061	0.0057	0.0005	0.0108	0.0090	0.0018	0.6127	0.4158	0.1969	0.3026	0.2566	0.0459	0.3101	0.1592	0.1509	0.0281	0.0275	0.0058	0.0304	0.0280	0.0193	0.0286	0.0348	0.0054	0.1750	0.2020	0.1178	0.2064	0.2419	0.0085	0.1443	0.1378	0.1511
56	117	0.4097	3	0	2	0	1	0	0	0	0	N	Y	N	N	N	N	N	N	N	N	N	N	0.0038	0.0045	0.0004	0.0214	0.0195	0.0175	0.0006	0.0006	0.0002	0.0039	0.0044	0.0005	0.0110	0.0114	0.0017	0.0010	0.0012	0.0004	1.0338	0.9883	1.1412	0.5117	0.5857	0.0984	1.7023	1.8363	1.5597	0.0173	0.4893	-0.0001	-0.2656	0.9891	10.5071	20.6926	20.2622	0.0003	0.0003	0.0000	0.0003	0.0003	0.0000	0.0001	0.0001	0.0000	2.0461	1.3739	0.6722	0.5687	0.5521	0.0166	1.4773	0.8217	0.6556	0.0881	0.0766	0.0115	0.0256	0.0244	0.0012	0.0625	0.0522	0.0103	1.9792	1.3901	0.5891	1.1114	0.9427	0.1687	0.8678	0.4475	0.4203	0.0038	0.0045	0.0004	0.0214	0.0195	0.0175	0.0006	0.0006	0.0002	1.0338	0.9883	1.1412	0.5117	0.5857	0.0984	1.7023	1.8363	1.5597
56	118	0.1736	2	0	2	0	1	0	0	0	0	N	Y	N	N	N	N	N	N	N	N	N	N	0.0024	0.0019	0.0004	0.0000	0.0000	0.0000	0.0018	0.0011	0.0003	0.0023	0.0027	0.0000	0.0000	0.0000	0.0000	0.0025	0.0030	0.0000	0.9631	1.3961	0.1193	0.3841	0.4471	0.0198	1.4385	2.7159	0.1435	0.0030	0.0438	-0.0000	-0.4683	0.9891	4.0036	20.6926	26.5072	0.0001	0.0001	0.0000	0.0000	0.0000	0.0000	0.0001	0.0001	0.0000	1.1246	1.0774	0.0472	0.2023	0.2007	0.0015	0.9223	0.8766	0.0457	0.0266	0.0226	0.0040	0.0029	0.0028	0.0001	0.0237	0.0198	0.0039	1.1677	0.7717	0.3960	0.5266	0.4489	0.0776	0.6412	0.3228	0.3184	0.0024	0.0019	0.0004	0.0000	0.0000	0.0000	0.0018	0.0011	0.0003	0.9631	1.3961	0.1193	0.3841	0.4471	0.0198	1.4385	2.7159	0.1435
56	119	0.2120	3	0	2	0	0	0	0	0	0	N	Y	N	N	N	N	N	N	N	N	N	N	0.0242	0.0190	0.0003	0.1222	0.1074	0.0000	0.0034	0.0022	0.0003	0.0294	0.0335	0.0000	0.0681	0.0707	0.0000	0.0064	0.0077	0.0000	1.2187	1.7626	0.0329	0.5573	0.6581	0.0027	1.8717	3.5145	0.0426	0.0000	0.0086	-0.0005	-0.5995	0.9891	3.8169	20.6926	21.2433	0.0011	0.0011	0.0000	0.0010	0.0010	0.0000	0.0002	0.0002	0.0000	1.3326	1.3213	0.0113	0.3028	0.3026	0.0002	1.0298	1.0187	0.0111	0.0389	0.0343	0.0047	0.0145	0.0140	0.0005	0.0244	0.0202	0.0042	1.0935	0.7496	0.3439	0.5433	0.4598	0.0835	0.5502	0.2899	0.2603	0.0242	0.0190	0.0003	0.1222	0.1074	0.0000	0.0034	0.0022	0.0003	1.2187	1.7626	0.0329	0.5573	0.6581	0.0027	1.8717	3.5145	0.0426
56	120	0.5577	7	0	2	0	0	0	0	0	0	N	Y	N	N	N	N	N	N	N	N	N	N	0.0270	0.0097	0.1279	0.0235	0.0213	0.0634	0.2191	0.0000	1.3743	0.0363	0.0127	0.1856	0.0542	0.0397	0.3107	0.0290	0.0000	0.1696	1.3466	1.3034	1.4513	2.3066	1.8648	4.9019	0.1325	0.1408	0.1234	2.3212	0.4599	0.0012	-0.4782	0.9891	16.3276	20.6926	34.9199	0.0046	0.0014	0.0032	0.0020	0.0014	0.0006	0.0026	0.0000	0.0026	3.3362	2.2852	1.0510	3.1913	2.2048	0.9865	0.1449	0.0804	0.0645	0.1264	0.1091	0.0173	0.0368	0.0349	0.0020	0.0896	0.0743	0.0153	2.4774	1.7532	0.7242	1.3836	1.1823	0.2012	1.0938	0.5709	0.5229	0.0270	0.0097	0.1279	0.0235	0.0213	0.0634	0.2191	0.0000	1.3743	1.3466	1.3034	1.4513	2.3066	1.8648	4.9019	0.1325	0.1408	0.1234
56	121	0.5403	6	0	2	0	0	0	0	0	0	N	Y	N	N	N	N	N	N	N	N	N	N	0.0230	0.0116	0.1297	0.0368	0.0312	0.1901	0.0183	0.0023	0.1268	0.0219	0.0128	0.0755	0.0382	0.0343	0.1228	0.0152	0.0026	0.0709	0.9488	1.1025	0.5822	1.0376	1.0994	0.6459	0.8301	1.1099	0.5593	0.9894	0.2213	0.0001	-0.4493	0.9891	6.1757	20.6926	14.5601	0.0011	0.0006	0.0006	0.0006	0.0005	0.0001	0.0006	0.0001	0.0005	1.6209	1.3272	0.2937	1.0142	0.9283	0.0859	0.6066	0.3989	0.2078	0.0513	0.0439	0.0074	0.0149	0.0142	0.0007	0.0364	0.0297	0.0067	1.7083	1.2038	0.5045	0.9775	0.8444	0.1331	0.7308	0.3594	0.3714	0.0230	0.0116	0.1297	0.0368	0.0312	0.1901	0.0183	0.0023	0.1268	0.9488	1.1025	0.5822	1.0376	1.0994	0.6459	0.8301	1.1099	0.5593
56	122	0.4873	5	0	1	0	0	0	0	0	0	N	N	N	N	N	N	N	N	N	N	N	N	0.0176	0.0240	0.0148	0.0630	0.0687	0.0018	0.0038	0.0001	0.0133	0.0230	0.0211	0.0343	0.0582	0.0612	0.0020	0.0070	0.0001	0.0385	1.3028	0.8812	2.3212	0.9241	0.8904	1.0983	1.8284	0.8608	2.9009	0.2616	1.0906	-0.0004	0.1789	0.9891	7.5400	20.6926	21.4192	0.0015	0.0012	0.0003	0.0012	0.0012	0.0000	0.0003	0.0000	0.0003	2.8265	1.3520	1.4745	1.1652	0.9408	0.2243	1.6613	0.4112	1.2501	0.0654	0.0563	0.0091	0.0205	0.0194	0.0010	0.0450	0.0369	0.0080	2.1695	1.5343	0.6352	1.2609	1.0566	0.2043	0.9086	0.4777	0.4309	0.0176	0.0240	0.0148	0.0630	0.0687	0.0018	0.0038	0.0001	0.0133	1.3028	0.8812	2.3212	0.9241	0.8904	1.0983	1.8284	0.8608	2.9009
56	123	0.2475	4	0	2	0	0	0	0	0	0	N	Y	N	N	N	N	N	N	N	N	N	N	0.0003	0.0002	0.0000	0.0015	0.0013	0.0000	0.0000	0.0000	0.0000	0.0009	0.0010	0.0000	0.0044	0.0047	0.0000	0.0000	0.0000	0.0000	2.8489	4.2046	0.0752	2.9020	3.5901	0.0124	2.7920	5.2172	0.1025	0.0000	0.0087	-0.0000	-1.2395	0.9891	4.0019	20.6926	19.5615	0.0000	0.0000	0.0000	0.0000	0.0000	0.0000	0.0000	0.0000	0.0000	2.7562	2.7323	0.0239	1.4530	1.4518	0.0012	1.3032	1.2805	0.0227	0.0282	0.0242	0.0041	0.0054	0.0051	0.0003	0.0228	0.0190	0.0037	0.9674	0.6498	0.3176	0.5007	0.4044	0.0963	0.4668	0.2454	0.2213	0.0003	0.0002	0.0000	0.0015	0.0013	0.0000	0.0000	0.0000	0.0000	2.8489	4.2046	0.0752	2.9020	3.5901	0.0124	2.7920	5.2172	0.1025
56	124	0.2254	3	0	1	0	0	0	0	0	0	N	N	N	N	N	N	N	N	N	N	N	N	0.0004	0.0003	0.0001	0.0007	0.0006	0.0000	0.0001	0.0000	0.0001	0.0013	0.0015	0.0000	0.0030	0.0032	0.0000	0.0001	0.0001	0.0000	3.2611	4.8748	0.0634	4.2875	5.0437	0.0082	2.2202	4.2813	0.0805	0.0004	0.0062	-0.0000	-0.7496	0.9891	1.2223	20.6926	8.2281	0.0000	0.0000	0.0000	0.0000	0.0000	0.0000	0.0000	0.0000	0.0000	1.6579	1.6476	0.0103	1.0975	1.0972	0.0003	0.5604	0.5504	0.0100	0.0126	0.0109	0.0016	0.0053	0.0049	0.0004	0.0072	0.0060	0.0012	0.5084	0.3461	0.1623	0.2560	0.2175	0.0384	0.2524	0.1286	0.1238	0.0004	0.0003	0.0001	0.0007	0.0006	0.0000	0.0001	0.0000	0.0001	3.2611	4.7605	0.0634	4.2875	5.0437	0.0082	2.2202	4.2813	0.0805
56	125	0.1736	2	0	1	0	0	0	0	0	0	N	N	N	N	N	N	N	N	N	N	N	N	0.0009	0.0097	0.0000	0.0828	0.0840	0.0001	0.0000	0.0000	0.0000	0.0013	0.0015	0.0000	0.0115	0.0121	0.0000	0.0000	0.0000	0.0000	1.4425	0.1534	3.9280	0.1394	0.1435	0.1142	2.5403	0.1680	4.8235	0.0006	13.2770	-0.0000	0.5184	0.9891	5.9920	20.6926	12.2976	0.0000	0.0000	0.0000	0.0000	0.0000	0.0000	0.0000	0.0000	0.0000	1.0993	0.0770	1.0223	0.0486	0.0429	0.0057	1.0507	0.0341	1.0166	0.0395	0.0335	0.0060	0.0043	0.0041	0.0002	0.0352	0.0294	0.0058	0.7620	0.5018	0.2603	0.3484	0.2989	0.0495	0.4136	0.2029	0.2108	0.0009	0.0097	0.0000	0.0828	0.0840	0.0001	0.0000	0.0000	0.0000	1.4425	0.1534	3.9280	0.1394	0.1435	0.1142	2.5403	0.1680	4.8235
56	126	0.2107	4	0	2	0	0	0	0	0	0	N	Y	N	N	N	N	N	N	N	N	N	N	0.2651	0.2210	0.0000	1.0832	0.9824	0.0000	0.0000	0.0000	0.0000	0.1766	0.2074	0.0000	1.0568	1.1011	0.0000	0.0000	0.0000	0.0000	0.6662	0.9386	0.1187	0.9757	1.1208	0.0527	0.4202	0.6941	0.1333	0.0000	0.0629	-0.0029	-0.2579	0.9891	5.0407	20.6926	17.1705	0.0066	0.0066	0.0000	0.0066	0.0066	0.0000	0.0000	0.0000	0.0000	0.6460	0.6077	0.0382	0.4189	0.4158	0.0031	0.2271	0.1919	0.0352	0.0375	0.0319	0.0056	0.0063	0.0060	0.0003	0.0312	0.0259	0.0053	0.9697	0.6475	0.3222	0.4293	0.3710	0.0584	0.5403	0.2765	0.2638	0.2651	0.2210	0.0000	1.0832	0.9824	0.0000	0.0000	0.0000	0.0000	0.6662	0.9386	0.1187	0.9757	1.1208	0.0527	0.4202	0.6941	0.1333
56	127	0.1947	3	0	2	0	0	0	0	0	0	N	Y	N	N	N	N	N	N	N	N	N	N	0.0498	0.0520	0.0070	0.2605	0.2586	0.0305	0.0009	0.0000	0.0060	0.0034	0.0040	0.0004	0.0185	0.0191	0.0015	0.0001	0.0000	0.0003	0.0689	0.0766	0.0529	0.0712	0.0738	0.0498	0.0671	0.0809	0.0534	0.0166	0.3295	-0.0000	-0.0067	0.9891	1.9703	20.6926	6.2034	0.0001	0.0001	0.0000	0.0001	0.0001	0.0000	0.0000	0.0000	0.0000	0.0320	0.0241	0.0079	0.0151	0.0139	0.0012	0.0169	0.0101	0.0068	0.0161	0.0136	0.0024	0.0029	0.0028	0.0001	0.0132	0.0108	0.0024	0.4644	0.3143	0.1501	0.2123	0.1890	0.0232	0.2521	0.1252	0.1269	0.0498	0.0520	0.0070	0.2605	0.2586	0.0305	0.0009	0.0000	0.0060	0.0689	0.0766	0.0529	0.0712	0.0738	0.0498	0.0671	0.0809	0.0534
56	128	0.1736	2	0	1	0	0	0	0	0	0	N	N	N	N	N	N	N	N	N	N	N	N	0.0016	0.0016	0.0004	0.0067	0.0064	0.0000	0.0010	0.0524	0.0004	0.0008	0.0009	0.0001	0.0052	0.0055	0.0000	0.0002	0.0002	0.0002	0.4646	0.5276	0.3473	0.7824	0.8484	0.3427	0.1893	0.0036	0.3483	0.0307	0.3534	-0.0000	-0.0384	0.9891	1.1032	20.6926	7.8190	0.0000	0.0000	0.0000	0.0000	0.0000	0.0000	0.0000	0.0000	0.0000	0.1947	0.1439	0.0508	0.1522	0.1435	0.0087	0.0425	0.0004	0.0422	0.0075	0.0064	0.0011	0.0008	0.0008	0.0000	0.0066	0.0055	0.0011	0.4191	0.2727	0.1464	0.1946	0.1692	0.0254	0.2246	0.1036	0.1210	0.0016	0.0016	0.0004	0.0067	0.0064	0.0000	0.0010	0.0524	0.0004	0.4646	0.5276	0.3473	0.7824	0.8484	0.3427	0.1893	0.0036	0.3483
56	129	0.5166	6	0	2	0	0	0	0	0	0	N	Y	N	N	N	N	N	N	N	N	N	N	0.0000	0.0000	0.0000	0.0000	0.0000	0.0000	0.0000	0.0000	0.0000	0.0000	0.0000	0.0000	0.0000	0.0000	0.0000	0.0000	0.0000	0.0000	0.6460	0.9280	0.0000	0.2330	0.2840	0.0000	1.3238	2.6902	0.0000	0.0000	0.0000	-0.3151	0.9891	1.0033	20.6926	0.8635	0.0000	0.0000	0.0000	0.0000	0.0000	0.0000	0.0000	0.0000	0.0000	0.6875	0.6875	0.0000	0.1541	0.1541	0.0000	0.5334	0.5334	0.0000	0.0424	0.0352	0.0072	0.0275	0.0220	0.0055	0.0149	0.0132	0.0017	1.0642	0.7409	0.3234	0.6613	0.5426	0.1187	0.4030	0.1983	0.2047	0.0000	0.0000	0.0000	0.0000	0.0000	0.0000	0.0000	0.0000	0.0000	0.6460	0.9280	0.0000	0.2330	0.2840	0.0000	1.3238	2.6902	0.0000	
56	130	0.4873	5	0	1	0	0	0	0	0	0	N	N	N	N	N	N	N	N	N	N	N	N	3.7214	4.8118	0.4650	0.0491	0.0509	0.0056	4.1633	5.9487	0.4336	4.1999	4.7648	0.6803	0.0424	0.0444	0.0046	6.3245	7.5748	0.7727	1.1286	0.9902	1.4631	0.8641	0.8717	0.8253	1.5191	1.2734	1.7822	0.0229	0.6113	-0.0930	-0.1619	0.9891	5.5514	20.6926	9.9598	0.2221	0.2172	0.0050	0.0008	0.0008	0.0000	0.2214	0.2164	0.0050	2.0493	1.2718	0.7774	0.9354	0.7891	0.1463	1.1139	0.4827	0.6312	0.0529	0.0456	0.0073	0.0179	0.0170	0.0009	0.0350	0.0286	0.0064	1.8158	1.2844	0.5314	1.0825	0.9053	0.1772	0.7332	0.3791	0.3541	3.7214	4.8118	0.4650	0.0491	0.0509	0.0056	4.1633	5.9487	0.4336	1.1286	0.9902	1.4631	0.8641	0.8717	0.8253	1.5191	1.2734	1.7822
56	131	0.4570	4	0	1	0	0	0	0	0	0	N	N	N	N	N	N	N	N	N	N	N	N	0.0158	0.0148	0.0255	0.0191	0.0210	0.0011	0.0136	0.0114	0.0271	0.0225	0.0190	0.0444	0.0250	0.0261	0.0018	0.0215	0.0158	0.0488	1.4189	1.2863	1.7396	1.3072	1.2430	1.6187	1.5817	1.3849	1.8037	0.3693	0.5590	-0.0003	-0.2700	0.9891	9.1969	20.6926	13.4651	0.0017	0.0013	0.0005	0.0005	0.0005	0.0000	0.0012	0.0007	0.0005	2.7051	1.7352	0.9699	1.4786	1.1659	0.3127	1.2266	0.5693	0.6573	0.0769	0.0664	0.0105	0.0213	0.0203	0.0010	0.0556	0.0461	0.0095	1.9066	1.3490	0.5576	1.1311	0.9380	0.1932	0.7755	0.4111	0.3644	0.0158	0.0148	0.0255	0.0191	0.0210	0.0011	0.0136	0.0114	0.0271	1.4189	1.2863	1.7396	1.3072	1.2430	1.6187	1.5817	1.3849	1.8037
56	132	0.2705	6	1	2	0	1	0	0	0	0	N	Y	N	N	N	N	N	N	N	N	N	N	0.0000	0.0000	0.0000	0.0000	0.0000	0.0000	0.0000	0.0000	0.0000	0.0000	0.0000	0.0000	0.0000	0.0000	0.0000	0.0011	0.0016	0.0000	0.0018	0.0022	0.0000	0.0003	0.0006	0.0000	0.0000	0.0000	-0.0001	0.9891	1.0000	20.6926	3.0001	0.0000	0.0000	0.0000	0.0000	0.0000	0.0000	0.0000	0.0000	0.0000	0.0002	0.0002	0.0000	0.0001	0.0001	0.0000	0.0000	0.0000	0.0000	0.0070	0.0060	0.0010	0.0012	0.0011	0.0001	0.0058	0.0048	0.0010	0.1617	0.1099	0.0518	0.0799	0.0678	0.0122	0.0817	0.0421	0.0396	0.0000	0.0000	0.0000	0.0000	0.0000	0.0000	0.0000	0.0000	0.0000	0.0011	0.0016	0.0000	0.0018	0.0022	0.0000	0.0003	0.0006	0.0000				
56	133	0.6694	10	1	2	0	1	0	0	0	0	N	Y	N	N	N	N	N	N	N	N	N	N	0.0000	0.0000	0.0000	0.0000	0.0000	0.0000	0.0000	0.0000	0.0000	0.0000	0.0000	0.0000	0.0000	0.0000	0.0000	0.0000	0.0000	0.0000	21.1067	35.3756	0.0941	120.9761	149.5819	0.1170	0.2630	0.4065	0.0845	0.0021	0.0000	-0.4350	0.9891	0.0006	20.6926	1.9797	0.0000	0.0000	0.0000	0.0000	0.0000	0.0000	0.0000	0.0000	0.0000	0.9533	0.9514	0.0020	0.9446	0.9439	0.0007	0.0087	0.0075	0.0013	0.0000	0.0000	0.0000	0.0000	0.0000	0.0000	0.0000	0.0000	0.0000	0.0726	0.0516	0.0210	0.0394	0.0332	0.0062	0.0332	0.0184	0.0148	0.0000	0.0000	0.0000	0.0000	0.0000	0.0000	0.0000	0.0000	0.0000	13.1390	18.4502	0.0941	23.9961	28.4583	0.1170	0.2630	0.4065	0.0845	
56	134	0.6527	9	1	2	0	1	0	0	0	0	N	Y	N	N	N	N	N	N	N	N	N	N	0.0000	0.0000	0.0000	0.0000	0.0000	0.0000	0.0000	0.0000	0.0000	0.0000	0.0000	0.0000	0.0000	0.0000	0.0000	0.0000	0.0000	0.0000	0.0863	0.1217	0.0018	0.1609	0.1905	0.0055	0.0017	0.0028	0.0002	0.0060	0.0000	-0.0102	0.9891	2.0077	20.6926	6.0321	0.0000	0.0000	0.0000	0.0000	0.0000	0.0000	0.0000	0.0000	0.0000	0.0225	0.0223	0.0001	0.0223	0.0222	0.0001	0.0002	0.0002	0.0000	0.0136	0.0117	0.0019	0.0039	0.0036	0.0003	0.0097	0.0081	0.0016	0.2603	0.1835	0.0768	0.1385	0.1163	0.0222	0.1219	0.0673	0.0546	0.0000	0.0000	0.0000	0.0000	0.0000	0.0000	0.0000	0.0000	0.0000	0.0863	0.1217	0.0018	0.1609	0.1905	0.0055	0.0017	0.0028	0.0002	
56	135	0.6479	9	0	2	0	1	0	0	0	0	N	Y	N	N	N	N	N	N	N	N	N	N	0.0001	0.0092	0.0001	0.0011	0.0220	0.0000	0.0000	0.0003	0.0001	0.0001	0.0001	0.0005	0.0002	0.0002	0.0000	0.0001	0.0000	0.0006	1.7935	0.0077	5.7180	0.2069	0.0108	1.5431	3.4520	0.0020	6.8220	1.2432	339.0447	0.0000	0.4763	0.9891	3.0348	20.6926	9.3583	0.0000	0.0000	0.0000	0.0000	0.0000	0.0000	0.0000	0.0000	0.0000	0.8841	0.0026	0.8815	0.0521	0.0024	0.0498	0.8320	0.0002	0.8317	0.0211	0.0180	0.0031	0.0058	0.0054	0.0004	0.0153	0.0127	0.0027	0.4929	0.3388	0.1542	0.2519	0.2197	0.0322	0.2410	0.1191	0.1219	0.0001	0.0092	0.0001	0.0011	0.0220	0.0000	0.0000	0.0003	0.0001	1.7935	0.0077	5.7180	0.2069	0.0108	1.5431	3.4520	0.0020	6.8220
56	136	0.6336	8	0	1	0	1	0	0	0	0	N	N	N	N	N	N	N	N	N	N	N	N	0.0020	0.1228	0.0006	0.2209	0.2960	0.1017	0.0006	0.0360	0.0004	0.0082	0.0068	0.0159	0.0163	0.0162	0.0188	0.0047	0.0021	0.0156	4.0297	0.0557	28.1222	0.0740	0.0547	0.1847	7.9795	0.0574	37.6997	0.4245	98.3242	-0.0000	0.4674	0.9891	0.0433	20.6926	6.6805	0.0000	0.0000	0.0000	0.0000	0.0000	0.0000	0.0000	0.0000	0.0000	0.8793	0.0089	0.8705	0.0086	0.0054	0.0032	0.8707	0.0034	0.8673	0.0003	0.0003	0.0001	0.0001	0.0001	0.0000	0.0002	0.0002	0.0000	0.2259	0.1589	0.0670	0.1168	0.0995	0.0173	0.1091	0.0594	0.0497	0.0021	0.1228	0.0012	0.2209	0.2960	0.1017	0.0006	0.0360	0.0009	3.8920	0.0557	12.9859	0.0740	0.0547	0.1847	7.9795	0.0574	17.4343
56	137	0.3001	8	0	2	0	1	0	0	0	0	N	Y	N	N	N	N	N	N	N	N	N	N	0.0000	0.0000	0.0000	0.0000	0.0000	0.0000	0.0000	0.0000	0.0000	0.0000	0.0000	0.0000	0.0000	0.0000	0.0000	0.0000	0.0000	0.0000	0.0000	0.0000	0.9891	0.0000	20.6926	0.0000	0.0000	0.0000	0.0000	0.0000	0.0000	0.0000	0.0000	0.0000	0.0000	0.0000	0.0000	0.0000	0.0000	0.0000	0.0000	0.0000	0.0000	0.0000	0.0000	0.0000	0.0000	0.0000	0.0000	0.0000	0.0000	0.0000	0.0000	0.0000	0.0000	0.0000	0.0000	0.0000	0.0000	0.0000	0.0000	0.0000	0.0000	0.0000	0.0000	0.0000	0.0000	0.0000	0.0000	0.0000	0.0000	0.0000	0.0000	0.0000	0.0000	0.0000	0.0000	0.0000	0.0000	0.0000											
56	138	0.2950	7	0	2	0	1	0	0	0	0	N	Y	N	N	N	N	N	N	N	N	N	N	0.0000	945.9344	0.0000	0.0024	795.9321	0.0000	0.0000	0.0000	0.0000	0.0001	0.0000	0.0001	0.0001	0.0000	0.0000	0.0000	0.0000	20.2892	0.0000	106.9065	0.0296	0.0000	0.2074	24.7933	0.0000	114.8343	0.0000	367973070.4080	-0.0000	0.5381	0.9891	0.0021	20.6926	2.0000	0.0000	0.0000	0.0000	0.0000	0.0000	0.0000	0.0000	0.0000	0.0000	0.9935	0.0000	0.9935	0.0010	0.0000	0.0010	0.9925	0.0000	0.9925	0.0000	0.0000	0.0000	0.0000	0.0000	0.0000	0.0000	0.0000	0.0000	0.0767	0.0506	0.0260	0.0348	0.0298	0.0050	0.0419	0.0208	0.0211	0.0000	945.9344	0.0000	0.0024	795.9321	0.0000	0.0000	0.0000	0.0000	12.9581	0.0000	38.1544	0.0296	0.0000	0.2074	23.6767	0.0000	47.0964	
56	139	0.2848	6	0	1	0	1	0	0	0	0	N	N	N	N	N	N	N	N	N	N	N	N	0.0004	33.4282	0.0000	114.9439	106.4349	0.0000	0.0000	0.0000	0.0000	0.0028	0.0033	0.0000	0.0164	0.0173	0.0000	0.0000	0.0000	0.0000	6.3884	0.0001	39.8151	0.0001	0.0002	0.0000	10.4012	0.0000	43.6587	0.0000	80003.1148	-0.0000	0.4728	0.9891	1.0020	20.6926	3.0181	0.0000	0.0000	0.0000	0.0000	0.0000	0.0000	0.0000	0.0000	0.0000	0.8730	0.0000	0.8730	0.0000	0.0000	0.0000	0.8730	0.0000	0.8730	0.0070	0.0060	0.0010	0.0012	0.0012	0.0001	0.0058	0.0048	0.0010	0.1623	0.1094	0.0529	0.0784	0.0667	0.0116	0.0839	0.0427	0.0412	0.0005	33.4282	0.0000	114.9439	106.4349	0.0000	0.0000	0.0000	0.0000	5.3781	0.0001	16.5109	0.0001	0.0002	0.0000	10.4012	0.0000	21.1721
56	140	0.2705	6	0	2	0	0	0	0	0	0	N	Y	N	N	N	N	N	N	N	N	N	N	0.0000	0.0000	0.0000	0.0000	0.0000	0.0000	0.0000	0.0000	0.0000	0.0000	0.0000	0.0000	0.0000	0.0000	0.0000	0.0006	0.0009	0.0000	0.0010	0.0011	0.0000	0.0003	0.0006	0.0000	0.0000	0.0000	-0.0000	0.9891	0.0000	20.6926	4.0001	0.0000	0.0000	0.0000	0.0000	0.0000	0.0000	0.0000	0.0000	0.0000	0.0001	0.0001	0.0000	0.0001	0.0001	0.0000	0.0000	0.0000	0.0000	0.0000	0.0000	0.0000	0.0000	0.0000	0.0000	0.0000	0.0000	0.0000	0.1617	0.1099	0.0518	0.0799	0.0678	0.0122	0.0817	0.0421	0.0396	0.0000	0.0000	0.0000	0.0000	0.0000	0.0000	0.0000	0.0000	0.0000	0.0006	0.0009	0.0000	0.0010	0.0011	0.0000	0.0003	0.0006	0.0000				
56	141	0.6481	8	0	2	0	0	0	0	0	0	N	Y	N	N	N	N	N	N	N	N	N	N	0.0000	0.0000	0.0000	0.0000	0.0000	0.0000	0.0000	0.0000	0.0000	0.0000	0.0000	0.0000	0.0000	0.0000	0.0000	0.0000	0.0000	0.0000	0.4630	0.6575	0.0004	0.8597	1.0219	0.0001	0.0116	0.0207	0.0005	0.0002	-0.0000	-0.0424	0.9891	1.0003	20.6926	5.0186	0.0000	0.0000	0.0000	0.0000	0.0000	0.0000	0.0000	0.0000	0.0000	0.0925	0.0925	0.0000	0.0914	0.0914	0.0000	0.0011	0.0011	0.0000	0.0068	0.0059	0.0010	0.0019	0.0018	0.0001	0.0049	0.0040	0.0008	0.1998	0.1407	0.0591	0.1064	0.0895	0.0169	0.0935	0.0512	0.0423	0.0000	0.0000	0.0000	0.0000	0.0000	0.0000	0.0000	0.0000	0.0000	0.4630	0.6575	0.0004	0.8597	1.0219	0.0001	0.0116	0.0207	0.0005	
56	142	0.2848	6	0	1	1	1	0	0	0	0	N	N	N	N	N	N	N	N	N	N	N	N	0.0000	0.0000	0.0000	0.0000	0.0000	0.0000	0.0000	0.0000	0.0000	0.0000	0.0000	0.0000	0.0000	0.0000	0.0000	0.0000	0.0000	0.0000	0.0104	0.0154	0.0001	0.0079	0.0092	0.0004	0.0128	0.0251	0.0000	0.0027	0.0000	-0.0017	0.9891	0.0001	20.6926	9.0026	0.0000	0.0000	0.0000	0.0000	0.0000	0.0000	0.0000	0.0000	0.0000	0.0037	0.0037	0.0000	0.0013	0.0013	0.0000	0.0024	0.0024	0.0000	0.0000	0.0000	0.0000	0.0000	0.0000	0.0000	0.0000	0.0000	0.0000	0.3552	0.2394	0.1159	0.1709	0.1454	0.0255	0.1844	0.0940	0.0904	0.0000	0.0000	0.0000	0.0000	0.0000	0.0000	0.0000	0.0000	0.0000	0.0104	0.0154	0.0001	0.0079	0.0092	0.0004	0.0128	0.0251	0.0000	
56	143	0.6336	8	0	1	1	1	0	0	0	0	N	N	N	N	N	N	N	N	N	N	N	N	0.0000	0.0000	0.0000	0.0000	0.0000	0.0000	0.0000	0.0000	0.0000	0.0000	0.0000	0.0000	0.0000	0.0000	0.0000	0.0000	0.0000	0.0000	2.5238	0.0026	12.6313	1.6718	0.0041	13.3367	3.4318	0.0000	7.5218	1388.6375	0.0000	0.4516	0.9891	2.0061	20.6926	8.0425	0.0000	0.0000	0.0000	0.0000	0.0000	0.0000	0.0000	0.0000	0.0000	0.8348	0.0006	0.8342	0.2853	0.0006	0.2847	0.5495	0.0000	0.5495	0.0135	0.0116	0.0019	0.0036	0.0033	0.0003	0.0100	0.0083	0.0017	0.3308	0.2323	0.0984	0.1707	0.1453	0.0254	0.1601	0.0871	0.0731	0.0000	0.0000	0.0000	0.0000	0.0000	0.0000	0.0000	0.0000	0.0000	2.5238	0.0026	8.4745	1.6718	0.0041	11.2161	3.4318	0.0000	7.5218	
56	144	0.6245	7	0	1	0	1	0	0	0	0	N	N	N	N	N	N	N	N	N	N	N	N	0.1052	0.0000	1.0870	0.0000	0.0000	0.0000	0.4653	0.0000	1.2293	0.0014	0.0000	0.0097	0.0000	0.0000	0.0000	0.0021	0.0000	0.0120	0.0134	0.0150	0.0089	0.0219	0.0239	0.0056	0.0044	0.0004	0.0098	inf	0.2154	0.0000	-0.0007	0.9891	1.9550	20.6926	2.1189	0.0000	0.0000	0.0000	0.0000	0.0000	0.0000	0.0000	0.0000	0.0000	0.0026	0.0021	0.0005	0.0022	0.0021	0.0001	0.0004	0.0000	0.0004	0.0142	0.0121	0.0021	0.0045	0.0041	0.0004	0.0097	0.0080	0.0017	0.1924	0.1412	0.0512	0.0984	0.0876	0.0108	0.0940	0.0537	0.0404	0.1052	0.0000	1.0870	0.0000	0.0000	0.0000	0.4653	0.0000	1.2293	0.0134	0.0150	0.0089	0.0219	0.0239	0.0056	0.0044	0.0004	0.0098
56	145	0.6245	7	0	1	1	1	0	0	0	0	N	N	N	N	N	N	N	N	N	N	N	N	0.0000	0.0000	0.0000	0.0000	0.0000	0.0000	0.0000	0.0000	0.0000	0.0000	0.0000	0.0000	0.0000	0.0000	0.0000	0.0000	0.0000	0.0000	0.2586	0.3649	0.0004	0.5070	0.5888	0.0014	0.0007	0.0011	0.0001	0.0000	0.0004	-0.0000	-0.0826	0.9891	2.1261	20.6926	18.6477	0.0000	0.0000	0.0000	0.0000	0.0000	0.0000	0.0000	0.0000	0.0000	0.1803	0.1803	0.0001	0.1801	0.1800	0.0001	0.0002	0.0002	0.0000	0.0153	0.0131	0.0022	0.0048	0.0044	0.0004	0.0105	0.0087	0.0018	0.6974	0.4940	0.2035	0.3553	0.3058	0.0495	0.3422	0.1882	0.1540	0.0000	0.0000	0.0000	0.0000	0.0000	0.0000	0.0000	0.0000	0.0000	0.2586	0.3649	0.0004	0.5070	0.5888	0.0014	0.0007	0.0011	0.0001
56	146	0.2848	6	0	1	1	1	0	0	0	0	N	N	N	N	N	N	N	N	N	N	N	N	2.9870	2.3959	0.0000	8.4258	7.5679	0.0000	0.0000	0.0000	0.0000	0.0064	0.0075	0.0000	0.0372	0.0392	0.0000	0.0000	0.0000	0.0000	0.0022	0.0032	0.0001	0.0044	0.0052	0.0000	0.0001	0.0000	0.0001	0.0000	0.0152	-0.0000	-0.0003	0.9891	2.0001	20.6926	5.9880	0.0001	0.0001	0.0000	0.0001	0.0001	0.0000	0.0000	0.0000	0.0000	0.0007	0.0007	0.0000	0.0007	0.0007	0.0000	0.0000	0.0000	0.0000	0.0140	0.0119	0.0021	0.0024	0.0023	0.0001	0.0116	0.0096	0.0019	0.3166	0.2134	0.1032	0.1524	0.1297	0.0227	0.1642	0.0837	0.0805	2.9870	2.3959	0.0000	8.4258	7.5679	0.0000	0.0000	0.0000	0.0000	0.0022	0.0032	0.0001	0.0044	0.0052	0.0000	0.0001	0.0000	0.0001
56	147	0.2848	6	0	1	1	1	0	0	0	0	N	N	N	N	N	N	N	N	N	N	N	N	0.0118	0.0017	207.8605	0.0072	0.0065	0.0000	0.0105	0.0009	2241.8524	0.0391	0.0090	0.2152	0.0172	0.0181	0.0000	0.0436	0.0069	0.2294	3.3068	5.2340	0.0010	2.3828	2.8064	0.0044	4.1347	8.0731	0.0001	4.0638	0.0001	0.0009	-1.7371	0.9891	9.0001	20.6926	23.0169	0.0024	0.0005	0.0019	0.0002	0.0002	0.0000	0.0022	0.0003	0.0019	3.7906	3.7902	0.0004	1.2908	1.2904	0.0004	2.4998	2.4998	0.0000	0.0609	0.0521	0.0089	0.0105	0.0099	0.0005	0.0505	0.0421	0.0083	1.1463	0.7695	0.3768	0.5417	0.4598	0.0819	0.6046	0.3096	0.2949	0.0118	0.0018	207.8605	0.0072	0.0065	0.0000	0.0105	0.0009	2241.8524	3.3068	4.9258	0.0010	2.3828	2.8064	0.0044	4.1347	8.0731	0.0001
56	148	0.2595	5	0	1	0	1	0	0	0	0	N	N	N	N	N	N	N	N	N	N	N	N	0.0006	0.0000	0.0058	0.0003	0.0001	0.3319	0.0012	0.0000	0.0044	0.0002	0.0000	0.0010	0.0001	0.0001	0.0010	0.0002	0.0000	0.0010	0.2492	0.2883	0.1660	0.3618	0.4250	0.0031	0.1378	0.0637	0.2154	13.7557	0.2706	0.0000	-0.0257	0.9891	1.9990	20.6926	7.9526	0.0000	0.0000	0.0000	0.0000	0.0000	0.0000	0.0000	0.0000	0.0000	0.1049	0.0825	0.0223	0.0757	0.0757	0.0001	0.0291	0.0069	0.0222	0.0141	0.0120	0.0021	0.0024	0.0023	0.0001	0.0116	0.0097	0.0020	0.4209	0.2863	0.1346	0.2093	0.1780	0.0313	0.2116	0.1083	0.1033	0.0006	0.0000	0.0058	0.0003	0.0001	0.3319	0.0012	0.0000	0.0044	0.2492	0.2883	0.1660	0.3618	0.4250	0.0031	0.1378	0.0637	0.2154
56	149	0.2276	4	1	2	0	0	0	0	0	0	N	Y	N	N	N	N	N	N	N	N	N	N	0.0238	0.0014	0.1242	0.0055	0.0033	0.0481	0.1815	0.0000	0.5516	0.0283	0.0015	0.1627	0.0116	0.0059	0.1735	0.0332	0.0000	0.1622	1.1886	1.1333	1.3101	2.1011	1.7643	3.6034	0.1832	0.0904	0.2940	21.0918	0.5260	0.0007	-0.1529	0.9891	5.3497	20.6926	17.2225	0.0013	0.0001	0.0012	0.0001	0.0001	0.0001	0.0012	0.0000	0.0012	1.3449	0.8813	0.4636	1.2463	0.8548	0.3915	0.0986	0.0265	0.0721	0.0453	0.0378	0.0075	0.0103	0.0099	0.0004	0.0350	0.0279	0.0072	1.1315	0.7777	0.3538	0.5932	0.4845	0.1086	0.5384	0.2932	0.2452	0.0238	0.0014	0.1242	0.0055	0.0033	0.0481	0.1815	0.0000	0.5516	1.1886	1.1333	1.3101	2.1011	1.7643	3.6034	0.1832	0.0904	0.2940
56	150	0.2584	5	0	2	0	0	0	0	0	0	N	Y	N	N	N	N	N	N	N	N	N	N	0.0281	1.2698	0.0000	0.6503	3.0473	0.0003	0.0000	0.0040	0.0000	0.0279	0.0328	0.0001	0.0853	0.0888	0.0002	0.0001	0.0001	0.0001	0.9919	0.0258	3.0219	0.1312	0.0291	0.7188	1.8377	0.0203	3.7000	0.0003	55.6915	-0.0005	0.5419	0.9891	3.6794	20.6926	17.4287	0.0012	0.0012	0.0000	0.0012	0.0012	0.0000	0.0000	0.0000	0.0000	1.0342	0.0182	1.0160	0.0678	0.0128	0.0550	0.9664	0.0054	0.9610	0.0419	0.0356	0.0063	0.0137	0.0131	0.0005	0.0282	0.0225	0.0057	1.0427	0.7065	0.3362	0.5168	0.4403	0.0765	0.5259	0.2662	0.2597	0.0281	1.2698	0.0000	0.6503	3.0473	0.0003	0.0000	0.0040	0.0000	0.9919	0.0258	3.0219	0.1312	0.0291	0.7188	1.8377	0.0203	3.7000
56	151	0.2276	4	0	2	0	0	0	0	0	0	N	Y	N	N	N	N	N	N	N	N	N	N	0.1024	0.8804	0.0410	0.1937	2.4129	0.0190	0.1058	0.1086	0.1940	0.0574	0.0548	0.0693	0.1664	0.1691	0.0778	0.0195	0.0052	0.0690	0.5600	0.0623	1.6904	0.8590	0.0701	4.1002	0.1845	0.0481	0.3554	0.2665	11.9509	-0.0004	0.2169	0.9891	3.4464	20.6926	10.1316	0.0019	0.0015	0.0004	0.0014	0.0014	0.0000	0.0005	0.0001	0.0004	0.4671	0.0361	0.4310	0.3989	0.0262	0.3727	0.0682	0.0099	0.0583	0.0326	0.0269	0.0057	0.0084	0.0081	0.0002	0.0242	0.0188	0.0054	0.8340	0.5790	0.2550	0.4643	0.3734	0.0909	0.3697	0.2056	0.1641	0.1024	0.8804	0.0410	0.1937	2.4129	0.0190	0.1058	0.1086	0.1940	0.5600	0.0623	1.6904	0.8590	0.0701	4.1002	0.1845	0.0481	0.3554
56	152	0.6549	10	1	2	0	0	0	0	0	0	N	Y	N	N	N	N	N	N	N	N	N	N	0.0000	0.0000	0.0000	0.0000	0.0000	0.0000	0.0000	0.0329	0.0000	0.0001	0.0001	0.0000	0.0001	0.0001	0.0000	0.0000	0.0001	0.0000	5.1244	3.3267	8.6119	4.4188	5.2618	0.0106	4.5043	0.0018	12.9817	0.0000	0.9032	-0.0000	0.0298	0.9891	1.0143	20.6926	12.0086	0.0000	0.0000	0.0000	0.0000	0.0000	0.0000	0.0000	0.0000	0.0000	1.8426	0.9682	0.8744	0.9683	0.9680	0.0004	0.8742	0.0002	0.8740	0.0070	0.0060	0.0010	0.0021	0.0019	0.0001	0.0050	0.0041	0.0008	0.4132	0.2910	0.1222	0.2191	0.1840	0.0352	0.1941	0.1071	0.0870	0.0000	0.0000	0.0000	0.0000	0.0000	0.0000	0.0000	0.0329	0.0000	4.4590	3.3267	7.1556	4.4188	5.2618	0.0106	4.5043	0.0018	10.0443
56	153	0.6527	9	1	2	0	0	0	0	0	0	N	Y	N	N	N	N	N	N	N	N	N	N	0.0013	0.0053	0.0000	0.0127	0.0115	0.0000	0.0000	0.0000	0.0000	0.0001	0.0001	0.0000	0.0002	0.0002	0.0000	0.0000	0.0000	0.0000	0.0414	0.0123	0.1113	0.0153	0.0181	0.0002	0.0713	0.0021	0.1561	0.0000	3.7799	-0.0000	0.0005	0.9891	0.9811	20.6926	0.0216	0.0000	0.0000	0.0000	0.0000	0.0000	0.0000	0.0000	0.0000	0.0000	0.0014	0.0003	0.0011	0.0003	0.0003	0.0000	0.0011	0.0000	0.0011	0.0067	0.0058	0.0009	0.0019	0.0018	0.0001	0.0048	0.0040	0.0008	0.0337	0.0238	0.0099	0.0180	0.0151	0.0029	0.0158	0.0087	0.0071	0.0013	0.0053	0.0000	0.0127	0.0115	0.0000	0.0000	0.0000	0.0000	0.0414	0.0123	0.1113	0.0153	0.0181	0.0002	0.0713	0.0021	0.1561
56	154	0.6481	8	1	2	0	0	0	0	0	0	N	Y	N	N	N	N	N	N	N	N	N	N	0.0000	0.0000	0.0000	0.0000	0.0000	0.0000	0.0000	0.0000	0.0000	0.0000	0.0000	0.0000	0.0000	0.0000	0.0000	0.0000	0.0000	0.0000	0.0234	0.0232	0.0238	0.0023	0.0027	0.0004	0.0474	0.0599	0.0329	0.4352	-0.0000	-0.0003	0.9891	0.0083	20.6926	2.0001	0.0000	0.0000	0.0000	0.0000	0.0000	0.0000	0.0000	0.0000	0.0000	0.0016	0.0011	0.0005	0.0001	0.0001	0.0000	0.0016	0.0011	0.0005	0.0001	0.0001	0.0000	0.0000	0.0000	0.0000	0.0000	0.0000	0.0000	0.0702	0.0493	0.0209	0.0374	0.0316	0.0058	0.0328	0.0177	0.0151	0.0000	0.0000	0.0000	0.0000	0.0000	0.0000	0.0000	0.0000	0.0000	0.0234	0.0232	0.0238	0.0023	0.0027	0.0004	0.0474	0.0599	0.0329	
56	155	0.6245	7	0	2	0	0	0	0	0	0	N	Y	N	N	N	N	N	N	N	N	N	N	0.0000	0.0000	0.0000	0.0009	0.0012	0.0000	0.0000	0.0000	0.0000	0.0000	0.0000	0.0000	0.0000	0.0000	0.0000	0.0000	0.0000	0.0000	2.2275	3.1064	0.0079	0.0142	0.0122	0.0281	4.5369	8.1574	0.0017	0.0024	0.0010	-0.0000	-0.3971	0.9891	2.9180	20.6926	7.4065	0.0000	0.0000	0.0000	0.0000	0.0000	0.0000	0.0000	0.0000	0.0000	0.8682	0.8674	0.0009	0.0028	0.0021	0.0007	0.8654	0.8653	0.0001	0.0206	0.0176	0.0030	0.0063	0.0058	0.0005	0.0143	0.0119	0.0024	0.3898	0.2792	0.1106	0.1990	0.1731	0.0259	0.1908	0.1061	0.0847	0.0000	0.0000	0.0000	0.0009	0.0012	0.0000	0.0000	0.0000	0.0000	2.2275	3.1064	0.0079	0.0142	0.0122	0.0281	4.5369	8.1574	0.0017
56	156	0.5586	6	0	1	0	0	0	0	0	0	N	N	N	N	N	N	N	N	N	N	N	N	0.2836	0.4916	0.0008	0.7937	0.8878	0.0042	0.0026	0.0096	0.0003	0.0397	0.0450	0.0002	0.0958	0.1019	0.0007	0.0004	0.0005	0.0001	0.1399	0.0916	0.2582	0.1208	0.1148	0.1608	0.1609	0.0504	0.2877	0.0006	1.1511	-0.0015	0.0125	0.9891	8.2479	20.6926	19.7214	0.0033	0.0033	0.0000	0.0033	0.0033	0.0000	0.0000	0.0000	0.0000	0.1627	0.0756	0.0870	0.0732	0.0606	0.0126	0.0894	0.0150	0.0744	0.0837	0.0737	0.0100	0.0344	0.0324	0.0021	0.0493	0.0413	0.0079	1.1623	0.8252	0.3371	0.6065	0.5281	0.0783	0.5559	0.2971	0.2588	0.2836	0.4916	0.0008	0.7937	0.8878	0.0042	0.0026	0.0096	0.0003	0.1399	0.0916	0.2582	0.1208	0.1148	0.1608	0.1609	0.0504	0.2877
56	157	0.5225	5	0	1	0	0	0	0	0	0	N	N	N	N	N	N	N	N	N	N	N	N	0.0968	0.0843	0.1039	0.1180	0.1121	0.0136	0.1645	0.1956	0.1119	0.1271	0.1392	0.0509	0.2390	0.2569	0.0050	0.0772	0.0807	0.0596	1.3128	1.6502	0.4895	2.0248	2.2910	0.3645	0.4692	0.4124	0.5329	0.0578	0.1216	-0.0030	-0.5224	0.9891	7.4725	20.6926	14.3153	0.0078	0.0074	0.0004	0.0045	0.0045	0.0000	0.0033	0.0029	0.0004	1.4927	1.3309	0.1618	1.2485	1.2174	0.0311	0.2442	0.1134	0.1307	0.0613	0.0529	0.0084	0.0189	0.0176	0.0013	0.0424	0.0353	0.0070	1.1370	0.8065	0.3305	0.6166	0.5314	0.0852	0.5204	0.2751	0.2453	0.0968	0.0843	0.1039	0.1180	0.1121	0.0136	0.1645	0.1956	0.1119	1.3128	1.6502	0.4895	2.0248	2.2910	0.3645	0.4692	0.4124	0.5329
56	158	0.4570	4	0	1	0	0	0	0	0	0	N	N	N	N	N	N	N	N	N	N	N	N	0.0334	0.0427	0.0197	0.0088	0.0103	0.0030	0.0428	0.0714	0.0226	0.0571	0.0582	0.0500	0.0152	0.0156	0.0084	0.0721	0.0757	0.0542	1.7097	1.3652	2.5408	1.7287	1.5057	2.8265	1.6832	1.0597	2.3964	0.1362	0.7716	-0.0017	-0.0831	0.9891	11.6653	20.6926	19.4910	0.0052	0.0046	0.0006	0.0004	0.0004	0.0000	0.0049	0.0043	0.0006	3.6387	2.0539	1.5848	2.1437	1.5518	0.5919	1.4950	0.5021	0.9929	0.0919	0.0793	0.0126	0.0242	0.0230	0.0012	0.0677	0.0562	0.0114	2.1282	1.5045	0.6237	1.2400	1.0306	0.2094	0.8882	0.4739	0.4143	0.0334	0.0427	0.0197	0.0088	0.0103	0.0030	0.0428	0.0714	0.0226	1.7097	1.3652	2.5408	1.7287	1.5057	2.8265	1.6832	1.0597	2.3964
56	159	0.4097	3	0	1	0	0	0	0	0	0	N	N	N	N	N	N	N	N	N	N	N	N	0.0169	0.0036	0.0993	0.0046	0.0053	0.0021	0.0190	0.0023	0.1251	0.0260	0.0054	0.1682	0.0059	0.0060	0.0044	0.0355	0.0050	0.1900	1.5341	1.4667	1.6933	1.2757	1.1237	2.1249	1.8705	2.2043	1.5179	4.5542	0.4882	0.0007	-0.3813	0.9891	7.3933	20.6926	20.5306	0.0018	0.0003	0.0015	0.0001	0.0001	0.0000	0.0017	0.0002	0.0015	2.9258	1.9660	0.9597	1.3760	1.0281	0.3480	1.5498	0.9380	0.6118	0.0693	0.0605	0.0088	0.0224	0.0214	0.0010	0.0469	0.0391	0.0077	1.9072	1.3404	0.5668	1.0787	0.9149	0.1638	0.8285	0.4255	0.4030	0.0169	0.0036	0.0993	0.0046	0.0053	0.0021	0.0190	0.0023	0.1251	1.5341	1.4667	1.6933	1.2757	1.1237	2.1249	1.8705	2.2043	1.5179
56	160	0.1736	2	0	1	0	0	0	0	0	0	N	N	N	N	N	N	N	N	N	N	N	N	0.0015	0.0013	0.0028	0.0127	0.0123	0.0001	0.0008	0.0005	0.0024	0.0041	0.0036	0.0064	0.0124	0.0130	0.0000	0.0031	0.0024	0.0066	2.6666	2.8423	2.3262	0.9774	1.0550	0.5526	3.9381	5.0320	2.7555	0.3019	0.4226	-0.0001	-1.0739	0.9891	27.6416	20.6926	54.6365	0.0007	0.0005	0.0002	0.0002	0.0002	0.0000	0.0005	0.0003	0.0002	6.6578	4.6800	1.9778	1.0480	0.9565	0.0916	5.6098	3.7235	1.8862	0.1654	0.1412	0.0242	0.0172	0.0165	0.0007	0.1481	0.1247	0.0235	2.4968	1.6465	0.8502	1.0723	0.9066	0.1657	1.4245	0.7400	0.6845	0.0015	0.0013	0.0028	0.0127	0.0123	0.0001	0.0008	0.0005	0.0024	2.6666	2.8423	2.3262	0.9774	1.0550	0.5526	3.9381	5.0320	2.7555
56	161	0.2781	8	1	2	0	0	0	0	0	0	N	Y	N	N	N	N	N	N	N	N	N	N	0.0000	0.0000	0.0000	0.0000	0.0000	0.0000	0.0000	0.0000	0.0000	0.0000	0.0000	0.0000	0.0000	0.0000	0.0000	0.0000	0.0000	0.0000	0.0564	0.0601	0.0484	0.0752	0.0754	0.0742	0.0375	0.0348	0.0403	0.3766	0.0000	-0.0013	0.9891	0.0002	20.6926	3.0099	0.0000	0.0000	0.0000	0.0000	0.0000	0.0000	0.0000	0.0000	0.0000	0.0073	0.0053	0.0020	0.0048	0.0041	0.0007	0.0024	0.0012	0.0013	0.0000	0.0000	0.0000	0.0000	0.0000	0.0000	0.0000	0.0000	0.0000	0.1287	0.0877	0.0410	0.0645	0.0547	0.0098	0.0642	0.0330	0.0312	0.0000	0.0000	0.0000	0.0000	0.0000	0.0000	0.0000	0.0000	0.0000	0.0564	0.0601	0.0484	0.0752	0.0754	0.0742	0.0375	0.0348	0.0403	
56	162	0.2705	7	1	2	0	0	0	0	0	0	N	Y	N	N	N	N	N	N	N	N	N	N	0.0000	0.0000	0.0000	0.0000	0.0000	0.0000	0.0000	0.0000	0.0000	0.0000	0.0000	0.0000	0.0000	0.0000	0.0000	0.0000	0.0000	0.0000	0.0462	0.0496	0.0390	0.0267	0.0314	0.0008	0.0653	0.0790	0.0508	0.3703	0.0000	-0.0011	0.9891	0.9998	20.6926	2.0118	0.0000	0.0000	0.0000	0.0000	0.0000	0.0000	0.0000	0.0000	0.0000	0.0057	0.0041	0.0015	0.0016	0.0016	0.0000	0.0040	0.0025	0.0015	0.0070	0.0060	0.0010	0.0012	0.0011	0.0001	0.0058	0.0048	0.0010	0.1224	0.0832	0.0392	0.0606	0.0514	0.0092	0.0618	0.0319	0.0299	0.0000	0.0000	0.0000	0.0000	0.0000	0.0000	0.0000	0.0000	0.0000	0.0462	0.0496	0.0390	0.0267	0.0314	0.0008	0.0653	0.0790	0.0508	
56	163	0.2705	6	1	2	0	0	0	0	0	0	N	Y	N	N	N	N	N	N	N	N	N	N	0.0000	0.0000	0.0000	0.0000	0.0000	0.0000	0.0000	0.0000	0.0000	0.0000	0.0000	0.0000	0.0000	0.0000	0.0000	2.0383	3.0566	0.0000	1.4915	1.8147	0.0000	2.8978	6.8478	0.0000	0.0000	0.0000	-0.0001	0.9891	0.0000	20.6926	0.0003	0.0000	0.0000	0.0000	0.0000	0.0000	0.0000	0.0000	0.0000	0.0000	0.0003	0.0003	0.0000	0.0001	0.0001	0.0000	0.0001	0.0001	0.0000	0.0000	0.0000	0.0000	0.0000	0.0000	0.0000	0.0000	0.0000	0.0000	0.0001	0.0001	0.0000	0.0001	0.0001	0.0000	0.0001	0.0000	0.0000	0.0000	0.0000	0.0000	0.0000	0.0000	0.0000	0.0000	0.0000	0.0000	2.0383	3.0566	0.0000	1.4915	1.8147	0.0000	2.8978	6.8478	0.0000				
56	164	0.2595	5	0	2	0	0	0	0	0	0	N	Y	N	N	N	N	N	N	N	N	N	N	0.0030	0.0002	0.7581	0.1117	0.0523	39.3603	0.0025	0.0000	0.5602	0.0162	0.0014	0.0793	0.0052	0.0028	0.2380	0.0233	0.0000	0.0759	5.3392	8.3526	0.1046	0.0468	0.0539	0.0060	9.4555	18.5792	0.1355	13.7557	0.0072	0.0000	-0.4323	0.9891	0.0063	20.6926	4.3641	0.0000	0.0000	0.0000	0.0000	0.0000	0.0000	0.0000	0.0000	0.0000	0.9580	0.9512	0.0068	0.0049	0.0048	0.0001	0.9531	0.9463	0.0068	0.0001	0.0001	0.0000	0.0001	0.0001	0.0000	0.0001	0.0001	0.0000	0.2062	0.1407	0.0655	0.1054	0.0898	0.0156	0.1008	0.0509	0.0499	0.0035	0.0002	0.7581	0.1117	0.0523	39.3603	0.0025	0.0000	0.5602	4.6464	6.7592	0.1046	0.0468	0.0539	0.0060	9.4555	18.5792	0.1355
56	165	0.2276	4	0	1	0	0	0	0	0	0	N	N	N	N	N	N	N	N	N	N	N	N	0.0320	0.0097	0.0643	0.0378	0.0200	17.7540	0.0217	0.0000	0.0405	0.0507	0.0051	0.2578	0.0228	0.0150	0.3168	0.0617	0.0000	0.2553	1.5855	0.5230	4.0114	0.6041	0.7487	0.0178	2.8452	0.1067	6.3073	11.2222	3.3594	0.0006	0.3952	0.9891	2.5207	20.6926	10.0226	0.0013	0.0001	0.0012	0.0002	0.0001	0.0001	0.0012	0.0000	0.0012	1.2657	0.2903	0.9754	0.2711	0.2695	0.0016	0.9946	0.0208	0.9738	0.0263	0.0216	0.0048	0.0075	0.0073	0.0002	0.0188	0.0143	0.0046	0.7983	0.5551	0.2431	0.4487	0.3600	0.0888	0.3496	0.1952	0.1544	0.0320	0.0097	0.0643	0.0378	0.0200	17.7540	0.0217	0.0000	0.0405	1.5855	0.5230	4.0114	0.6041	0.7487	0.0178	2.8452	0.1067	6.3073
56	166	0.2120	3	0	1	0	0	0	0	0	0	N	N	N	N	N	N	N	N	N	N	N	N	0.1530	0.4328	0.2646	0.0887	0.6145	0.0343	0.5869	0.2794	1.6425	0.0959	0.0446	0.4962	0.0874	0.0838	0.1881	0.1022	0.0103	0.5427	0.6265	0.1031	1.8757	0.9857	0.1364	5.4880	0.1741	0.0370	0.3304	1.4218	7.6181	0.0004	0.1262	0.9891	2.6894	20.6926	4.6619	0.0030	0.0012	0.0018	0.0012	0.0011	0.0001	0.0018	0.0002	0.0017	0.2964	0.0344	0.2620	0.2600	0.0303	0.2297	0.0365	0.0041	0.0323	0.0313	0.0278	0.0036	0.0134	0.0130	0.0005	0.0179	0.0148	0.0031	0.4732	0.3335	0.1397	0.2638	0.2219	0.0419	0.2094	0.1116	0.0978	0.1530	0.4328	0.2646	0.0887	0.6145	0.0343	0.5869	0.2794	1.6425	0.6265	0.1031	1.8757	0.9857	0.1364	5.4880	0.1741	0.0370	0.3304
56	167	0.1736	2	0	1	0	0	0	0	0	0	N	N	N	N	N	N	N	N	N	N	N	N	0.0200	0.0001	0.0696	0.0065	0.0003	0.0324	0.0326	0.0001	0.1446	0.0029	0.0000	0.0191	0.0013	0.0000	0.0302	0.0031	0.0000	0.0187	0.1457	0.0776	0.2743	0.2044	0.0907	0.9331	0.0952	0.0570	0.1295	387.7443	1.8710	0.0000	0.0144	0.9891	2.7966	20.6926	8.5340	0.0001	0.0000	0.0001	0.0000	0.0000	0.0000	0.0001	0.0000	0.0001	0.0743	0.0259	0.0484	0.0482	0.0185	0.0297	0.0261	0.0074	0.0187	0.0187	0.0159	0.0028	0.0021	0.0020	0.0001	0.0167	0.0139	0.0028	0.5100	0.3335	0.1765	0.2356	0.2038	0.0318	0.2744	0.1297	0.1447	0.0200	0.0001	0.0696	0.0065	0.0003	0.0324	0.0326	0.0001	0.1446	0.1457	0.0776	0.2743	0.2044	0.0907	0.9331	0.0952	0.0570	0.1295
57	59	0.5045	6	0	1	0	1	0	0	0	0	N	N	N	N	N	N	N	N	N	N	N	N	1.6462	1.5167	0.0000	0.0003	0.0002	0.0000	2.0263	1.5937	0.0000	2.3717	2.7127	0.0000	0.0003	0.0003	0.0000	3.3816	4.0218	0.0000	1.4408	1.7885	0.6325	1.2551	1.4031	0.5208	1.6688	2.5235	0.6822	0.0000	0.1522	-0.4410	-1.2460	5.0326	10.4254	39.3193	21.2017	0.9998	0.9998	0.0000	0.0000	0.0000	0.0000	0.9998	0.9998	0.0000	3.8185	3.3142	0.5043	1.8334	1.7057	0.1277	1.9851	1.6085	0.3766	0.4216	0.3686	0.0530	0.1259	0.1200	0.0059	0.2957	0.2486	0.0471	2.6503	1.8530	0.7973	1.4608	1.2156	0.2452	1.1895	0.6374	0.5521	1.6462	1.5167	0.0000	0.0003	0.0002	0.0000	2.0263	1.5937	0.0000	1.4408	1.7885	0.6325	1.2551	1.4031	0.5208	1.6688	2.5235	0.6822
57	60	0.2377	4	1	0	1	0	0	0	0	0	N	N	N	N	N	N	N	N	N	N	N	N	0.0002	0.0002	0.0001	0.0000	0.0000	0.0000	0.0002	0.0001	0.0001	0.0005	0.0006	0.0001	0.0000	0.0000	0.0000	0.0005	0.0006	0.0001	2.7721	3.1258	2.2378	1.2916	1.5778	0.0014	3.2618	3.9166	2.5235	0.0456	0.4740	-0.0000	-0.1066	5.0326	1.9981	39.3193	3.0867	0.0000	0.0000	0.0000	0.0000	0.0000	0.0000	0.0000	0.0000	0.0000	0.7789	0.5284	0.2505	0.0902	0.0902	0.0000	0.6887	0.4382	0.2504	0.0635	0.0537	0.0098	0.0027	0.0024	0.0002	0.0609	0.0513	0.0096	0.2810	0.1691	0.1119	0.0698	0.0572	0.0127	0.2111	0.1119	0.0992	0.0002	0.0002	0.0001	0.0000	0.0000	0.0000	0.0002	0.0001	0.0001	2.7721	3.1258	2.2378	1.2916	1.5778	0.0014	3.2618	3.9166	2.5235
57	61	0.1944	3	1	0	1	0	0	0	0	0	N	N	N	N	N	N	N	N	N	N	N	N	0.0109	0.0003	0.0541	0.6371	0.5768	0.0000	0.0087	0.0000	0.0500	0.0289	0.0006	0.1850	0.0086	0.0093	0.0000	0.0299	0.0001	0.1891	2.6391	2.1305	3.4217	0.0135	0.0160	0.0002	3.4211	3.1104	3.7823	60.1359	1.0438	0.0020	0.1462	5.0326	4.0039	39.3193	14.0733	0.0037	0.0001	0.0036	0.0000	0.0000	0.0000	0.0036	0.0000	0.0036	2.7935	1.3668	1.4266	0.0033	0.0033	0.0000	2.7902	1.3636	1.4266	0.1267	0.1072	0.0195	0.0058	0.0054	0.0004	0.1209	0.1019	0.0190	1.0585	0.6416	0.4169	0.2429	0.2032	0.0398	0.8156	0.4384	0.3772	0.0109	0.0003	0.0541	0.6371	0.5768	0.0000	0.0087	0.0000	0.0500	2.6391	2.1305	3.4217	0.0135	0.0160	0.0002	3.4211	3.1104	3.7823
57	62	0.2138	4	1	0	1	0	0	0	0	0	N	N	N	N	N	N	N	N	N	N	N	N	1.4929	0.0001	203.6795	0.0069	0.0000	573.1372	3.4516	0.0004	188.0669	6.3791	0.0011	46.3891	0.0846	0.0000	16.9471	10.6820	0.0021	46.8296	4.2731	8.4095	0.2278	12.2303	14.6699	0.0296	3.0948	5.8592	0.2490	6645.6713	0.0244	0.0031	-1.5469	5.0326	0.0060	39.3193	17.2393	0.0056	0.0000	0.0056	0.0000	0.0000	0.0000	0.0055	0.0000	0.0055	3.5596	3.4749	0.0848	1.4487	1.4476	0.0011	2.1109	2.0272	0.0837	0.0009	0.0008	0.0001	0.0004	0.0004	0.0000	0.0005	0.0004	0.0001	0.8851	0.5130	0.3721	0.2030	0.1670	0.0360	0.6821	0.3460	0.3361	1.5861	0.0002	203.6795	0.0119	0.0000	573.1372	3.4516	0.0004	188.0669	4.0218	6.7742	0.2278	7.1363	8.6702	0.0296	3.0948	5.8592	0.2490
57	63	0.1572	2	0	0	1	0	0	0	0	0	N	N	N	N	N	N	N	N	N	N	N	N	0.0044	0.0108	0.0000	0.0030	0.0047	0.0000	0.0040	0.0107	0.0000	0.0131	0.0153	0.0001	0.0061	0.0062	0.0000	0.0137	0.0162	0.0001	2.9679	1.4180	5.9277	2.0380	1.3175	9.3730	3.4655	1.5122	5.5839	0.0011	2.1890	-0.0002	0.9134	5.0326	1.0230	39.3193	12.1924	0.0005	0.0005	0.0000	0.0000	0.0000	0.0000	0.0005	0.0005	0.0000	4.0051	1.2559	2.7492	0.9586	0.5643	0.3944	3.0465	0.6916	2.3548	0.0364	0.0311	0.0053	0.0028	0.0027	0.0001	0.0336	0.0283	0.0052	1.3495	0.8857	0.4638	0.4704	0.4283	0.0421	0.8791	0.4574	0.4217	0.0044	0.0108	0.0000	0.0030	0.0047	0.0000	0.0040	0.0107	0.0000	2.9679	1.4180	5.9277	2.0380	1.3175	9.3730	3.4655	1.5122	5.5839
57	65	0.2428	3	0	1	0	0	0	0	0	0	N	N	N	N	N	N	N	N	N	N	N	N	0.0352	0.0005	0.1067	0.0590	0.0049	1.2683	0.0281	0.0000	0.0959	0.0626	0.0002	0.4595	0.0138	0.0011	0.3611	0.0711	0.0000	0.4634	1.7808	0.4238	4.3064	0.2336	0.2265	0.2847	2.5344	0.5798	4.8311	377.0022	5.4601	0.0022	0.5899	5.0326	1.7555	39.3193	11.9300	0.0040	0.0000	0.0040	0.0001	0.0000	0.0001	0.0039	0.0000	0.0039	1.5251	0.2361	1.2890	0.0655	0.0557	0.0098	1.4595	0.1804	1.2792	0.0636	0.0549	0.0086	0.0094	0.0091	0.0003	0.0542	0.0459	0.0083	0.8564	0.5571	0.2993	0.2805	0.2459	0.0345	0.5759	0.3111	0.2648	0.0352	0.0005	0.1067	0.0590	0.0049	1.2683	0.0281	0.0000	0.0959	1.7808	0.4238	4.3064	0.2336	0.2265	0.2847	2.5344	0.5798	4.8311
57	66	0.2218	5	1	1	1	0	0	0	0	0	N	N	N	N	N	N	N	N	N	N	N	N	0.0000	0.0000	0.0000	0.0000	0.0000	0.0000	0.0000	0.0000	0.0000	0.0000	0.0000	0.0000	0.0000	0.0000	0.0000	0.0000	0.0000	0.0000	0.0000	0.0000	5.0326	0.0000	39.3193	0.0000	0.0000	0.0000	0.0000	0.0000	0.0000	0.0000	0.0000	0.0000	0.0000	0.0000	0.0000	0.0000	0.0000	0.0000	0.0000	0.0000	0.0000	0.0000	0.0000	0.0000	0.0000	0.0000	0.0000	0.0000	0.0000	0.0000	0.0000	0.0000	0.0000	0.0000	0.0000	0.0000	0.0000	0.0000	0.0000	0.0000	0.0000	0.0000	0.0000	0.0000	0.0000	0.0000	0.0000	0.0000	0.0000	0.0000	0.0000	0.0000	0.0000	0.0000	0.0000	0.0000	0.0000	0.0000											
57	67	0.7263	8	1	1	1	0	0	0	0	0	N	N	N	N	N	N	N	N	N	N	N	N	0.0000	0.0000	0.0000	0.0000	0.0000	0.0000	0.0000	0.0000	0.0000	0.0000	0.0000	0.0000	0.0000	0.0000	0.0000	0.0276	0.0390	0.0022	0.0486	0.0576	0.0067	0.0000	0.0000	0.0000	0.0251	0.0000	-0.0019	5.0326	1.0000	39.3193	3.0000	0.0000	0.0000	0.0000	0.0000	0.0000	0.0000	0.0000	0.0000	0.0000	0.0045	0.0044	0.0001	0.0045	0.0044	0.0001	0.0000	0.0000	0.0000	0.0251	0.0217	0.0034	0.0054	0.0050	0.0004	0.0197	0.0167	0.0030	0.1630	0.1122	0.0508	0.0924	0.0760	0.0164	0.0706	0.0362	0.0344	0.0000	0.0000	0.0000	0.0000	0.0000	0.0000	0.0000	0.0000	0.0000	0.0276	0.0390	0.0022	0.0486	0.0576	0.0067	0.0000	0.0000	0.0000				
57	68	0.2218	5	1	1	1	0	0	0	0	0	N	N	N	N	N	N	N	N	N	N	N	N	0.0000	0.0000	0.0000	0.0000	0.0000	0.0000	0.0000	0.0000	0.0000	0.0000	0.0000	0.0000	0.0000	0.0000	0.0000	0.0000	0.0000	0.0000	0.0000	0.0000	5.0326	1.0000	39.3193	0.0000	0.0000	0.0000	0.0000	0.0000	0.0000	0.0000	0.0000	0.0000	0.0000	0.0000	0.0000	0.0000	0.0000	0.0000	0.0000	0.0000	0.0000	0.0000	0.0321	0.0271	0.0049	0.0016	0.0015	0.0001	0.0305	0.0257	0.0048	0.0530	0.0302	0.0228	0.0099	0.0085	0.0014	0.0432	0.0218	0.0214	0.0000	0.0000	0.0000	0.0000	0.0000	0.0000	0.0000	0.0000	0.0000	0.0000	0.0000	0.0000	0.0000	0.0000	0.0000	0.0000	0.0000	0.0000											
57	69	0.2054	4	1	1	1	0	0	0	0	0	N	N	N	N	N	N	N	N	N	N	N	N	0.2147	0.1558	0.0000	1218.2121	1177.2318	0.0000	0.0000	0.0000	0.0000	0.5083	0.5978	0.0000	6.8106	7.1191	0.0000	0.0000	0.0000	0.0000	2.3678	3.8361	0.0517	0.0056	0.0060	0.0000	2.9107	5.3422	0.0537	0.0000	0.0085	-0.0078	-0.4577	5.0326	1.0155	39.3193	5.9708	0.0176	0.0176	0.0000	0.0176	0.0176	0.0000	0.0000	0.0000	0.0000	1.0173	1.0087	0.0086	0.0004	0.0004	0.0000	1.0168	1.0082	0.0086	0.0347	0.0295	0.0052	0.0026	0.0025	0.0001	0.0321	0.0270	0.0051	0.4296	0.2629	0.1667	0.0803	0.0742	0.0061	0.3493	0.1887	0.1606	0.2147	0.1558	0.0000	1218.2121	1177.2318	0.0000	0.0000	0.0000	0.0000	2.3678	3.8361	0.0517	0.0056	0.0060	0.0000	2.9107	5.3422	0.0537
57	70	0.2006	3	1	0	1	0	0	0	0	0	N	N	N	N	N	N	N	N	N	N	N	N	18.6840	126.9148	0.8163	92.3407	91.5164	21.8025	10.7399	449.6611	0.7942	9.2960	10.3665	1.1637	13.0367	13.0892	1.3469	7.4570	8.7585	1.1614	0.4975	0.0817	1.4257	0.1412	0.1430	0.0618	0.6943	0.0195	1.4622	0.0148	7.8204	-0.0138	0.0685	5.0326	0.0406	39.3193	2.3361	0.0323	0.0318	0.0005	0.0149	0.0149	0.0000	0.0174	0.0169	0.0005	0.1598	0.0181	0.1417	0.0161	0.0160	0.0002	0.1437	0.0021	0.1416	0.0035	0.0031	0.0004	0.0011	0.0011	0.0000	0.0023	0.0019	0.0004	0.3213	0.2219	0.0994	0.1143	0.1117	0.0026	0.2070	0.1102	0.0968	18.6840	126.9148	0.8163	92.3407	91.5164	21.8025	10.7399	449.6611	0.7942	0.4975	0.0817	1.4257	0.1412	0.1430	0.0618	0.6943	0.0195	1.4622
57	71	0.7263	8	1	1	1	0	0	0	0	0	N	N	N	N	N	N	N	N	N	N	N	N	0.0000	0.0000	0.0000	0.0000	0.0000	0.0000	0.0000	0.0000	0.0000	0.0000	0.0000	0.0000	0.0000	0.0000	0.0000	0.0000	0.0000	0.0000	0.0000	0.0000	5.0326	0.0000	39.3193	0.0000	0.0000	0.0000	0.0000	0.0000	0.0000	0.0000	0.0000	0.0000	0.0000	0.0000	0.0000	0.0000	0.0000	0.0000	0.0000	0.0000	0.0000	0.0000	0.0000	0.0000	0.0000	0.0000	0.0000	0.0000	0.0000	0.0000	0.0000	0.0000	0.0000	0.0000	0.0000	0.0000	0.0000	0.0000	0.0000	0.0000	0.0000	0.0000	0.0000	0.0000	0.0000	0.0000	0.0000	0.0000	0.0000	0.0000	0.0000	0.0000	0.0000	0.0000	0.0000	0.0000	0.0000	0.0000											
57	72	0.7083	7	1	1	1	0	0	0	0	0	N	N	N	N	N	N	N	N	N	N	N	N	14.2095	91.9583	0.0000	3.3731	19.2560	0.0000	33.7145	39606.9138	0.0000	0.2440	0.2820	0.0000	0.0722	0.0771	0.0000	0.2953	0.3500	0.0000	0.0172	0.0031	0.0497	0.0214	0.0040	0.0925	0.0088	0.0000	0.0171	0.0000	7.0278	-0.0119	0.0020	5.0326	3.9057	39.3193	1.1104	0.0269	0.0269	0.0000	0.0018	0.0018	0.0000	0.0251	0.0251	0.0000	0.0047	0.0006	0.0041	0.0039	0.0006	0.0033	0.0008	0.0000	0.0008	0.1102	0.0954	0.0149	0.0254	0.0238	0.0016	0.0849	0.0716	0.0133	0.2758	0.1923	0.0835	0.1832	0.1472	0.0361	0.0926	0.0452	0.0474	14.2095	91.9583	0.0000	3.3731	19.2560	0.0000	33.7145	39606.9138	0.0000	0.0172	0.0031	0.0497	0.0214	0.0040	0.0925	0.0088	0.0000	0.0171
57	73	0.5055	5	1	1	0	0	0	0	0	0	N	N	N	N	N	N	N	N	N	N	N	N	21.7559	37.6394	0.0035	107.0894	106.3032	0.0000	7.4900	13.0761	0.0033	2.7200	3.0938	0.0007	5.0182	5.3156	0.0000	1.5143	1.7917	0.0009	0.1250	0.0822	0.2160	0.0469	0.0500	0.0272	0.2022	0.1370	0.2673	0.0000	1.2372	-0.4001	0.0169	5.0326	6.9070	39.3193	16.5673	0.9071	0.9070	0.0000	0.5759	0.5759	0.0000	0.3312	0.3312	0.0000	0.1783	0.0797	0.0986	0.0332	0.0305	0.0026	0.1451	0.0491	0.0959	0.3335	0.2932	0.0403	0.1148	0.1083	0.0064	0.2187	0.1848	0.0339	1.4259	0.9695	0.4564	0.7083	0.6108	0.0975	0.7176	0.3587	0.3590	21.7559	37.6394	0.0035	107.0894	106.3032	0.0000	7.4900	13.0761	0.0033	0.1250	0.0822	0.2160	0.0469	0.0500	0.0272	0.2022	0.1370	0.2673
57	74	0.5694	7	0	1	0	1	0	0	0	0	N	N	N	N	N	N	N	N	N	N	N	N	0.0014	0.0008	0.0064	0.0000	0.0000	0.0001	0.0022	0.0016	0.0051	0.0018	0.0012	0.0052	0.0000	0.0000	0.0000	0.0022	0.0015	0.0057	1.2731	1.4890	0.8137	1.4955	1.7899	0.0668	1.0140	0.9156	1.1151	0.7507	0.2569	-0.0000	-0.4178	5.0326	6.4226	39.3193	19.3377	0.0004	0.0002	0.0002	0.0000	0.0000	0.0000	0.0004	0.0002	0.0002	1.6451	1.3088	0.3363	1.0398	1.0319	0.0079	0.6053	0.2769	0.3283	0.2055	0.1753	0.0302	0.0377	0.0352	0.0025	0.1678	0.1401	0.0277	1.2922	0.8790	0.4133	0.6953	0.5765	0.1188	0.5969	0.3025	0.2945	0.0014	0.0008	0.0064	0.0000	0.0000	0.0001	0.0022	0.0016	0.0051	1.2731	1.4890	0.8137	1.4955	1.7899	0.0668	1.0140	0.9156	1.1151
57	75	0.5242	6	0	0	0	1	0	0	0	0	N	N	N	N	N	N	N	N	N	N	N	N	1.7744	2.3336	0.1610	0.0012	0.0012	0.0000	2.6186	9.0911	0.1479	4.1475	4.6818	0.4993	0.0032	0.0033	0.0000	5.4623	6.3701	0.5396	2.3373	2.0063	3.1017	2.5713	2.7612	1.4631	2.0860	0.7007	3.6500	0.0156	0.6696	-0.3570	-0.2332	5.0326	5.1932	39.3193	17.4397	0.8386	0.8257	0.0129	0.0002	0.0002	0.0000	0.8384	0.8255	0.0129	4.0684	2.4367	1.6317	2.3179	2.1249	0.1930	1.7505	0.3118	1.4387	0.2022	0.1764	0.0258	0.0487	0.0468	0.0019	0.1535	0.1296	0.0239	1.7406	1.2146	0.5261	0.9015	0.7696	0.1319	0.8392	0.4450	0.3942	1.7744	2.3336	0.1610	0.0012	0.0012	0.0000	2.6186	9.0911	0.1479	2.3373	2.0063	3.1017	2.5713	2.7612	1.4631	2.0860	0.7007	3.6500
57	76	0.4872	5	0	0	0	0	0	0	0	0	N	N	N	N	N	N	N	N	N	N	N	N	0.9098	1.1780	1.4350	0.2316	0.3045	0.0000	0.7868	1.8424	1.2791	2.0819	1.2118	7.6918	0.3274	0.3418	0.0000	2.6872	1.5565	8.3670	2.2884	1.0287	5.3600	1.4136	1.1227	2.8717	3.4153	0.8448	6.5412	0.9845	2.1370	0.0207	1.0986	5.0326	4.4918	39.3193	17.5337	0.3761	0.1895	0.1866	0.0152	0.0152	0.0000	0.3610	0.1744	0.1866	4.9296	1.5715	3.3581	1.7142	1.1350	0.5792	3.2155	0.4365	2.7790	0.1807	0.1564	0.0243	0.0463	0.0444	0.0020	0.1343	0.1120	0.0223	2.1541	1.5276	0.6265	1.2126	1.0110	0.2017	0.9415	0.5167	0.4248	0.9098	1.1780	1.4350	0.2316	0.3045	0.0000	0.7868	1.8424	1.2791	2.2884	1.0287	5.3600	1.4136	1.1227	2.8717	3.4153	0.8448	6.5412
57	77	0.2163	4	0	0	0	1	0	0	0	0	N	N	N	N	N	N	N	N	N	N	N	N	0.0000	0.0000	0.0000	0.0000	0.0000	0.0000	0.0000	0.0005	0.0000	0.0000	0.0000	0.0000	0.0000	0.0000	0.0000	0.0000	0.0000	0.0000	8.0891	3.0670	22.5489	8.8960	9.1816	1.1704	6.3266	0.0138	21.3620	0.0000	2.2982	-0.0000	1.5311	5.0326	0.3745	39.3193	14.7996	0.0000	0.0000	0.0000	0.0000	0.0000	0.0000	0.0000	0.0000	0.0000	6.4215	1.9470	4.4746	1.9874	1.9422	0.0452	4.4342	0.0048	4.4294	0.0163	0.0143	0.0019	0.0027	0.0027	0.0000	0.0135	0.0116	0.0019	1.0280	0.6348	0.3932	0.3272	0.2885	0.0386	0.7009	0.3463	0.3546	0.0000	0.0000	0.0000	0.0000	0.0000	0.0000	0.0000	0.0005	0.0000	6.2464	3.0670	11.3790	6.0745	6.7308	1.1704	6.3266	0.0138	12.4906
57	78	0.1940	3	0	0	0	1	0	0	0	0	N	N	N	N	N	N	N	N	N	N	N	N	0.0002	0.0002	0.0000	0.0000	0.0000	0.0000	0.0002	0.0021	0.0000	0.0004	0.0005	0.0000	0.0000	0.0000	0.0000	0.0004	0.0005	0.0000	2.5862	2.0058	3.5391	3.5356	4.0082	0.3754	2.1060	0.2292	3.9519	0.0034	1.0745	-0.0000	0.1448	5.0326	1.4595	39.3193	10.3922	0.0000	0.0000	0.0000	0.0000	0.0000	0.0000	0.0000	0.0000	0.0000	2.4297	1.1712	1.2585	1.1157	1.1003	0.0154	1.3140	0.0709	1.2431	0.0512	0.0438	0.0074	0.0034	0.0033	0.0001	0.0479	0.0405	0.0073	0.9395	0.5839	0.3556	0.3156	0.2745	0.0410	0.6239	0.3094	0.3146	0.0002	0.0002	0.0000	0.0000	0.0000	0.0000	0.0002	0.0021	0.0000	2.5862	2.0058	3.5391	3.5356	4.0082	0.3754	2.1060	0.2292	3.9519
57	79	0.1799	2	0	0	0	1	0	0	0	0	N	N	N	N	N	N	N	N	N	N	N	N	0.0132	0.0166	0.0057	0.2589	0.3218	0.0000	0.0019	0.0000	0.0077	0.0165	0.0180	0.0087	0.5546	0.5897	0.0000	0.0014	0.0000	0.0088	1.2488	1.0861	1.5182	2.1423	1.8326	4.6894	0.7207	0.2401	1.1384	0.0896	0.8443	-0.0003	-0.0005	5.0326	1.3861	39.3193	6.3168	0.0007	0.0007	0.0001	0.0007	0.0007	0.0000	0.0001	0.0000	0.0001	0.9553	0.5180	0.4373	0.6088	0.4643	0.1445	0.3465	0.0537	0.2929	0.0448	0.0377	0.0070	0.0012	0.0012	0.0001	0.0435	0.0366	0.0069	0.7650	0.4769	0.2881	0.2842	0.2534	0.0308	0.4808	0.2236	0.2573	0.0132	0.0166	0.0057	0.2589	0.3218	0.0000	0.0019	0.0000	0.0077	1.2488	1.0861	1.5182	2.1423	1.8326	4.6894	0.7207	0.2401	1.1384
57	81	0.6610	7	0	1	1	0	0	0	0	0	N	N	N	N	N	N	N	N	N	N	N	N	0.0052	0.0041	0.0136	0.0016	0.0014	0.0325	0.0241	0.0620	0.0114	0.0000	0.0000	0.0000	0.0000	0.0000	0.0000	0.0000	0.0000	0.0000	0.0038	0.0050	0.0012	0.0057	0.0068	0.0002	0.0011	0.0005	0.0017	0.1227	0.1105	-0.0000	-0.0005	5.0326	2.0162	39.3193	4.5500	0.0000	0.0000	0.0000	0.0000	0.0000	0.0000	0.0000	0.0000	0.0000	0.0013	0.0011	0.0001	0.0011	0.0011	0.0000	0.0001	0.0000	0.0001	0.0698	0.0608	0.0090	0.0265	0.0248	0.0017	0.0433	0.0360	0.0073	0.3285	0.2280	0.1004	0.1936	0.1626	0.0310	0.1349	0.0654	0.0695	0.0052	0.0041	0.0136	0.0016	0.0014	0.0325	0.0241	0.0620	0.0114	0.0038	0.0050	0.0012	0.0057	0.0068	0.0002	0.0011	0.0005	0.0017
57	82	0.2284	5	0	1	1	0	0	0	0	0	N	N	N	N	N	N	N	N	N	N	N	N	0.1467	0.1067	0.0000	2.8952	2.7549	0.0000	0.0000	0.0000	0.0000	0.0139	0.0164	0.0000	0.2450	0.2640	0.0000	0.0000	0.0000	0.0000	0.0947	0.1537	0.0017	0.0846	0.0958	0.0020	0.0982	0.1886	0.0016	0.0000	0.0068	-0.0006	-0.0189	5.0326	3.0011	39.3193	3.7015	0.0013	0.0013	0.0000	0.0013	0.0013	0.0000	0.0000	0.0000	0.0000	0.0419	0.0416	0.0003	0.0098	0.0098	0.0000	0.0321	0.0319	0.0003	0.0948	0.0803	0.0145	0.0054	0.0050	0.0004	0.0894	0.0753	0.0141	0.4427	0.2708	0.1719	0.1156	0.1018	0.0138	0.3271	0.1690	0.1581	0.1467	0.1067	0.0000	2.8952	2.7549	0.0000	0.0000	0.0000	0.0000	0.0947	0.1537	0.0017	0.0846	0.0958	0.0020	0.0982	0.1886	0.0016
57	83	0.2170	4	0	1	0	0	0	0	0	0	N	N	N	N	N	N	N	N	N	N	N	N	0.0389	0.0003	1.0638	0.0021	0.0020	0.0000	0.2335	0.0001	0.9998	0.0207	0.0002	0.1342	0.0030	0.0032	0.0000	0.0217	0.0000	0.1376	0.5324	0.7395	0.1261	1.4223	1.5876	0.0273	0.0931	0.0564	0.1376	129.3629	0.0869	0.0007	-0.1147	5.0326	2.0032	39.3193	4.2039	0.0013	0.0000	0.0013	0.0000	0.0000	0.0000	0.0013	0.0000	0.0013	0.3030	0.2788	0.0242	0.2676	0.2670	0.0005	0.0355	0.0118	0.0237	0.0639	0.0541	0.0098	0.0034	0.0031	0.0002	0.0606	0.0510	0.0096	0.5691	0.3770	0.1921	0.1881	0.1682	0.0199	0.3810	0.2088	0.1722	0.0389	0.0003	1.0638	0.0021	0.0020	0.0000	0.2335	0.0001	0.9998	0.5324	0.7395	0.1261	1.4223	1.5876	0.0273	0.0931	0.0564	0.1376
57	84	0.2138	4	1	0	1	0	0	0	0	0	N	N	N	N	N	N	N	N	N	N	N	N	0.4008	0.0004	1.2266	0.0917	0.0000	0.4551	0.3484	0.0004	1.1924	0.1696	0.0000	1.1097	0.0125	0.0000	0.1810	0.1819	0.0000	1.1414	0.4231	0.0860	0.9047	0.1368	0.0906	0.3976	0.5222	0.0832	0.9572	6645.6713	7.3686	0.0031	0.0627	5.0326	1.0052	39.3193	4.9545	0.0056	0.0000	0.0056	0.0000	0.0000	0.0000	0.0055	0.0000	0.0055	0.1486	0.0178	0.1308	0.0123	0.0069	0.0054	0.1363	0.0108	0.1254	0.0327	0.0277	0.0050	0.0024	0.0022	0.0002	0.0304	0.0255	0.0048	0.3512	0.2065	0.1446	0.0902	0.0766	0.0136	0.2609	0.1299	0.1310	0.4008	0.0004	1.2266	0.0917	0.0000	0.4551	0.3484	0.0004	1.1924	0.4231	0.0860	0.9047	0.1368	0.0906	0.3976	0.5222	0.0832	0.9572
57	85	0.1944	3	1	0	1	0	0	0	0	0	N	N	N	N	N	N	N	N	N	N	N	N	7.5187	0.0018	44.6934	0.0000	0.0000	0.0000	6.0168	0.0012	40.7568	30.9987	0.0066	200.9269	0.0000	0.0000	0.0000	32.4904	0.0070	205.4411	4.1229	3.6229	4.4957	0.0705	0.0820	0.0026	5.4000	5.6942	5.0407	5536.3375	0.7189	0.5540	-0.0957	5.0326	0.9968	39.3193	7.6169	0.9916	0.0002	0.9914	0.0000	0.0000	0.0000	0.9916	0.0002	0.9914	2.3845	1.3872	0.9973	0.0116	0.0116	0.0001	2.3728	1.3756	0.9972	0.0320	0.0271	0.0049	0.0015	0.0014	0.0001	0.0305	0.0257	0.0048	0.6047	0.3829	0.2218	0.1653	0.1413	0.0240	0.4394	0.2416	0.1978	7.8616	0.0018	44.6934	0.0000	0.0000	0.0000	6.0168	0.0012	40.7568	3.9431	3.6229	4.4957	0.0705	0.0820	0.0026	5.4000	5.6942	5.0407
57	86	0.2144	2	1	1	0	0	0	0	0	0	N	N	N	N	N	N	N	N	N	N	N	N	0.0035	0.0056	0.0000	0.0001	0.0001	0.0000	0.0053	0.1239	0.0000	0.0003	0.0003	0.0000	0.0000	0.0000	0.0000	0.0003	0.0004	0.0000	0.0785	0.0573	0.1283	0.1071	0.1126	0.0559	0.0606	0.0031	0.1388	0.0000	0.9533	-0.0000	0.0030	5.0326	5.8060	39.3193	6.1034	0.0001	0.0001	0.0000	0.0000	0.0000	0.0000	0.0001	0.0001	0.0000	0.0995	0.0509	0.0485	0.0522	0.0495	0.0027	0.0473	0.0014	0.0459	0.2222	0.1881	0.0341	0.0339	0.0324	0.0016	0.1883	0.1558	0.0325	1.2671	0.8887	0.3784	0.4875	0.4396	0.0479	0.7796	0.4491	0.3305	0.0035	0.0056	0.0000	0.0001	0.0001	0.0000	0.0053	0.1239	0.0000	0.0785	0.0573	0.1283	0.1071	0.1126	0.0559	0.0606	0.0031	0.1388
57	88	0.2170	4	0	1	0	0	0	0	0	0	N	N	N	N	N	N	N	N	N	N	N	N	0.0004	0.0003	0.0000	0.0864	0.0815	0.0000	0.0003	0.0002	0.0000	0.0003	0.0004	0.0000	0.0015	0.0016	0.0000	0.0003	0.0003	0.0000	0.7270	1.1580	0.0012	0.0175	0.0200	0.0009	0.9887	1.8350	0.0012	0.0000	0.0006	-0.0000	-0.2977	5.0326	4.0005	39.3193	9.0093	0.0000	0.0000	0.0000	0.0000	0.0000	0.0000	0.0000	0.0000	0.0000	0.6503	0.6499	0.0004	0.0042	0.0042	0.0000	0.6461	0.6457	0.0004	0.1264	0.1070	0.0193	0.0066	0.0061	0.0005	0.1198	0.1009	0.0189	0.8945	0.5612	0.3333	0.2410	0.2093	0.0317	0.6535	0.3519	0.3016	0.0004	0.0003	0.0000	0.0864	0.0815	0.0000	0.0003	0.0002	0.0000	0.7270	1.1580	0.0012	0.0175	0.0200	0.0009	0.9887	1.8350	0.0012
57	89	0.1944	3	0	1	0	0	0	0	0	0	N	N	N	N	N	N	N	N	N	N	N	N	0.0006	0.0000	0.1680	0.0000	0.0000	0.0000	0.0009	0.0000	0.1794	0.0003	0.0000	0.0020	0.0000	0.0000	0.0000	0.0003	0.0000	0.0020	0.5607	0.8892	0.0119	1.0670	1.2520	0.0163	0.3817	0.6894	0.0114	702.3662	0.0080	0.0000	-0.1734	5.0326	1.0051	39.3193	9.2650	0.0000	0.0000	0.0000	0.0000	0.0000	0.0000	0.0000	0.0000	0.0000	0.3851	0.3820	0.0031	0.1914	0.1910	0.0004	0.1936	0.1910	0.0026	0.0323	0.0273	0.0050	0.0015	0.0014	0.0001	0.0308	0.0259	0.0049	0.6868	0.4296	0.2571	0.1794	0.1525	0.0269	0.5074	0.2771	0.2303	0.0006	0.0000	0.1680	0.0000	0.0000	0.0000	0.0009	0.0000	0.1794	0.5607	0.8892	0.0119	1.0670	1.2520	0.0163	0.3817	0.6894	0.0114
57	90	0.2428	3	0	0	1	0	0	0	0	0	N	N	N	N	N	N	N	N	N	N	N	N	0.0317	0.0021	0.0781	0.0702	0.0066	0.7412	0.0241	0.0010	0.0707	0.0485	0.0001	0.3482	0.0117	0.0009	0.2705	0.0542	0.0000	0.3513	1.5309	0.0702	4.4566	0.1662	0.1421	0.3649	2.2492	0.0087	4.9729	377.0022	31.6861	0.0022	0.5214	5.0326	2.3559	39.3193	7.1930	0.0040	0.0000	0.0040	0.0001	0.0000	0.0001	0.0039	0.0000	0.0039	1.0203	0.0312	0.9891	0.0382	0.0291	0.0091	0.9821	0.0021	0.9801	0.0821	0.0707	0.0114	0.0111	0.0107	0.0004	0.0710	0.0601	0.0110	0.6665	0.4446	0.2219	0.2299	0.2050	0.0249	0.4367	0.2396	0.1971	0.0317	0.0021	0.0781	0.0702	0.0066	0.7412	0.0241	0.0010	0.0707	1.5309	0.0702	4.4566	0.1662	0.1421	0.3649	2.2492	0.0087	4.9729
57	91	0.2100	2	0	0	0	0	0	0	0	0	N	N	N	N	N	N	N	N	N	N	N	N	2.5594	0.0205	6.5870	0.7093	0.0662	9.9580	2.3523	0.0029	7.9929	7.1356	0.0160	57.2978	1.0555	0.0574	74.9613	8.9109	0.0019	56.8592	2.7880	0.7820	8.6986	1.4880	0.8669	7.5278	3.7882	0.6671	7.1137	506.8269	4.1987	1.0184	1.8888	5.0326	4.9284	39.3193	11.0439	1.8287	0.0036	1.8251	0.0611	0.0033	0.0578	1.7676	0.0003	1.7672	5.4079	1.0402	4.3676	1.2550	0.6630	0.5920	4.1529	0.3772	3.7756	0.2563	0.2244	0.0319	0.0579	0.0571	0.0008	0.1984	0.1673	0.0311	1.9397	1.3303	0.6094	0.8434	0.7648	0.0786	1.0963	0.5655	0.5308	2.5594	0.0205	7.9945	0.7093	0.0662	9.9580	2.3523	0.0029	7.9929	2.7880	0.7820	7.1671	1.4880	0.8669	7.5278	3.7882	0.6671	7.1137
57	93	0.6610	7	1	1	0	0	0	0	0	0	N	N	N	N	N	N	N	N	N	N	N	N	0.0272	0.0247	0.0002	0.0075	0.0068	0.0005	0.1321	5.6900	0.0002	0.0252	0.0289	0.0001	0.0105	0.0113	0.0001	0.0339	0.0407	0.0001	0.9267	1.1706	0.3782	1.4007	1.6619	0.1158	0.2568	0.0071	0.5026	0.0004	0.1437	-0.0009	-0.1366	5.0326	2.5103	39.3193	7.4742	0.0021	0.0021	0.0000	0.0003	0.0003	0.0000	0.0018	0.0018	0.0000	0.4106	0.3590	0.0516	0.3634	0.3584	0.0051	0.0471	0.0007	0.0465	0.0828	0.0721	0.0107	0.0309	0.0288	0.0021	0.0520	0.0433	0.0086	0.4431	0.3067	0.1364	0.2595	0.2156	0.0438	0.1836	0.0911	0.0925	0.0272	0.0247	0.0002	0.0075	0.0068	0.0005	0.1321	5.6900	0.0002	0.9267	1.1706	0.3782	1.4007	1.6619	0.1158	0.2568	0.0071	0.5026
57	94	0.6247	6	0	1	0	0	0	0	0	0	N	N	N	N	N	N	N	N	N	N	N	N	0.0210	0.0199	0.0028	0.0178	0.0153	0.2315	0.0443	2.0738	0.0019	0.0230	0.0259	0.0017	0.0269	0.0282	0.0012	0.0210	0.0246	0.0018	1.0949	1.3027	0.6205	1.5121	1.8452	0.0053	0.4747	0.0118	0.9596	0.0090	0.2087	-0.0027	-0.1641	5.0326	7.1305	39.3193	3.2426	0.0062	0.0061	0.0001	0.0025	0.0025	0.0000	0.0037	0.0036	0.0000	0.5745	0.4753	0.0992	0.4743	0.4740	0.0003	0.1002	0.0013	0.0989	0.2685	0.2363	0.0322	0.0927	0.0879	0.0048	0.1758	0.1484	0.0274	0.5247	0.3649	0.1598	0.3137	0.2569	0.0568	0.2110	0.1080	0.1030	0.0210	0.0199	0.0028	0.0178	0.0153	0.2315	0.0443	2.0738	0.0019	1.0949	1.3027	0.6205	1.5121	1.8452	0.0053	0.4747	0.0118	0.9596
57	95	0.1944	3	1	1	0	0	0	0	0	0	N	N	N	N	N	N	N	N	N	N	N	N	2.1957	1.6744	0.4507	0.0000	0.0000	0.0000	7.4870	7.2706	0.4220	4.0388	4.7343	0.1767	0.0000	0.0000	0.0000	4.2327	4.9840	0.1806	1.8394	2.8275	0.3920	10.1757	12.4481	0.0264	0.5653	0.6855	0.4280	0.0067	0.0946	-0.4361	-1.0982	5.0326	8.0000	39.3193	22.5660	1.0038	0.9971	0.0067	0.0000	0.0000	0.0000	1.0038	0.9971	0.0067	2.9527	2.6974	0.2553	2.2346	2.2331	0.0015	0.7181	0.4644	0.2537	0.2485	0.2106	0.0379	0.0114	0.0106	0.0008	0.2372	0.2001	0.0371	1.6052	0.9540	0.6512	0.3351	0.2766	0.0585	1.2702	0.6774	0.5927	2.1957	1.6744	0.4507	0.0000	0.0000	0.0000	7.4870	7.2706	0.4220	1.8394	2.8275	0.3920	6.6690	8.0735	0.0264	0.5653	0.6855	0.4280
57	98	0.2249	5	1	1	1	0	0	0	0	0	N	N	N	N	N	N	N	N	N	N	N	N	7.3508	8.4815	0.0000	38.0513	41.7983	0.0000	0.0000	0.0000	0.0000	26.1126	30.4139	0.0000	170.1918	177.8131	0.0000	0.0000	0.0000	0.0000	3.5523	3.5859	3.5012	4.4727	4.2541	5.4149	3.1707	3.1512	3.1917	0.0000	0.6415	-0.4174	-0.2165	5.0326	0.9502	39.3193	16.1595	0.9463	0.9463	0.0000	0.9463	0.9463	0.0000	0.0000	0.0000	0.0000	3.2033	1.9515	1.2518	1.1821	0.9126	0.2695	2.0213	1.0389	0.9823	0.0362	0.0311	0.0051	0.0056	0.0053	0.0002	0.0307	0.0258	0.0049	0.9018	0.5442	0.3575	0.2643	0.2145	0.0498	0.6375	0.3297	0.3078	7.3508	8.4815	0.0000	38.0513	41.7983	0.0000	0.0000	0.0000	0.0000	3.5523	3.5859	3.5012	4.4727	4.2541	5.4149	3.1707	3.1512	3.1917
57	100	0.2279	6	1	0	1	0	0	0	0	0	N	N	N	N	N	N	N	N	N	N	N	N	0.0037	0.0059	0.0000	0.0004	0.0004	0.0163	0.0061	0.0224	0.0000	0.0276	0.0325	0.0000	0.0069	0.0076	0.0000	0.0296	0.0352	0.0000	7.4439	5.5290	8.5182	16.6996	20.9956	0.0006	4.8722	1.5705	8.9743	0.0001	0.9380	-0.0004	0.1197	5.0326	1.0008	39.3193	13.9255	0.0009	0.0009	0.0000	0.0000	0.0000	0.0000	0.0009	0.0009	0.0000	4.6678	2.4085	2.2592	1.9660	1.9660	0.0000	2.7017	0.4426	2.2592	0.0322	0.0273	0.0049	0.0029	0.0026	0.0003	0.0293	0.0246	0.0046	0.7883	0.4705	0.3177	0.2337	0.1887	0.0450	0.5545	0.2818	0.2727	0.0047	0.0064	0.0000	0.0008	0.0007	0.0163	0.0061	0.0224	0.0000	5.9216	5.1188	7.1105	8.4114	10.4175	0.0006	4.8722	1.5705	8.2840
57	101	0.2249	5	1	0	1	0	0	0	0	0	N	N	N	N	N	N	N	N	N	N	N	N	2.2798	2.9051	0.0094	0.0512	0.0732	0.1155	9.9048	18.6415	0.0065	6.8151	7.5578	0.0355	0.2921	0.2874	1.2757	11.2968	13.4991	0.0104	2.9893	2.6016	3.7909	5.7008	3.9259	11.0411	1.1405	0.7241	1.6061	0.0005	0.7048	-0.0228	-0.0293	5.0326	0.0532	39.3193	2.0467	0.0517	0.0516	0.0000	0.0009	0.0009	0.0000	0.0508	0.0508	0.0000	0.6512	0.3820	0.2692	0.5200	0.3380	0.1820	0.1312	0.0440	0.0872	0.0076	0.0068	0.0007	0.0031	0.0031	0.0000	0.0045	0.0038	0.0007	0.2179	0.1468	0.0710	0.1028	0.0861	0.0167	0.1150	0.0607	0.0543	2.2798	2.9051	0.0094	0.0578	0.0732	0.1171	9.9048	18.6415	0.0065	2.9893	2.6016	3.7909	5.0581	3.9259	10.8930	1.1405	0.7241	1.6061
57	102	0.2152	4	1	0	1	0	0	0	0	0	N	N	N	N	N	N	N	N	N	N	N	N	0.3207	0.4185	0.0014	1.6558	2.5962	0.0127	0.1780	0.1827	0.0003	1.3395	1.5691	0.0062	5.6454	5.9938	0.1118	0.7624	0.9060	0.0009	4.1762	3.7492	4.3824	3.4094	2.3087	8.7968	4.2834	4.9601	3.4603	0.0007	0.6312	-0.0428	-0.1048	5.0326	2.0948	39.3193	3.0326	0.0971	0.0970	0.0001	0.0484	0.0483	0.0001	0.0487	0.0487	0.0000	1.4674	0.8996	0.5678	0.4500	0.2530	0.1970	1.0175	0.6466	0.3709	0.0725	0.0618	0.0107	0.0086	0.0081	0.0005	0.0639	0.0538	0.0101	0.3695	0.2400	0.1296	0.1320	0.1096	0.0224	0.2375	0.1304	0.1072	0.3373	0.4185	0.0014	1.6558	2.5962	0.0127	0.1780	0.1827	0.0003	3.9712	3.7492	4.3824	3.4094	2.3087	8.7968	4.2834	4.9601	3.4603
57	103	0.1944	3	1	0	1	0	0	0	0	0	N	N	N	N	N	N	N	N	N	N	N	N	4.5597	3.6094	0.0495	0.0000	0.0000	0.0000	4.8114	3.4007	0.0454	7.5686	8.9392	0.0127	0.0000	0.0000	0.0000	7.9324	9.4117	0.0129	1.6599	2.4767	0.2556	1.6899	1.9758	0.0132	1.6487	2.7676	0.2849	0.0003	0.0600	-0.4170	-0.4091	5.0326	3.9484	39.3193	4.8420	0.9459	0.9456	0.0002	0.0000	0.0000	0.0000	0.9459	0.9456	0.0002	1.0184	0.9607	0.0577	0.2819	0.2816	0.0003	0.7365	0.6791	0.0573	0.1250	0.1058	0.0192	0.0057	0.0053	0.0004	0.1192	0.1005	0.0188	0.6135	0.3879	0.2256	0.1668	0.1425	0.0243	0.4467	0.2454	0.2013	4.5597	3.6094	0.0495	0.0000	0.0000	0.0000	4.8114	3.4007	0.0454	1.6599	2.4767	0.2556	1.6899	1.9758	0.0132	1.6487	2.7676	0.2849
57	104	0.1527	2	0	1	0	0	0	0	0	0	N	N	N	N	N	N	N	N	N	N	N	N	4.9650	0.0063	1497.3097	0.0136	0.0127	3.6818	5.2889	0.0056	1518.8550	3.4150	0.0075	22.2892	0.0082	0.0082	0.0070	3.7018	0.0074	23.0321	0.6878	1.1885	0.0149	0.5999	0.6476	0.0019	0.6999	1.3199	0.0152	536.4959	0.0093	0.5520	-0.6613	5.0326	8.9557	39.3193	32.3127	0.9909	0.0018	0.9891	0.0002	0.0002	0.0000	0.9907	0.0017	0.9891	1.4724	1.4588	0.0136	0.1554	0.1553	0.0000	1.3171	1.3035	0.0136	0.2902	0.2458	0.0444	0.0225	0.0211	0.0014	0.2676	0.2247	0.0429	2.1408	1.2274	0.9133	0.2590	0.2398	0.0191	1.8818	0.9876	0.8942	4.9650	0.0063	1497.3097	0.0136	0.0127	3.6818	5.2889	0.0056	1518.8550	0.6878	1.1885	0.0149	0.5999	0.6476	0.0019	0.6999	1.3199	0.0152
57	105	0.1782	3	0	0	1	0	0	0	0	0	N	N	N	N	N	N	N	N	N	N	N	N	0.0009	0.0015	0.0001	0.0118	0.0108	0.0000	0.0000	0.0000	0.0000	0.0003	0.0003	0.0000	0.0023	0.0024	0.0000	0.0000	0.0000	0.0000	0.3229	0.2283	0.4587	0.1972	0.2259	0.0030	0.3482	0.2290	0.4840	0.0130	1.4005	-0.0000	0.0280	5.0326	4.2679	39.3193	7.8415	0.0000	0.0000	0.0000	0.0000	0.0000	0.0000	0.0000	0.0000	0.0000	0.2237	0.0932	0.1305	0.0229	0.0228	0.0000	0.2008	0.0704	0.1305	0.1547	0.1301	0.0246	0.0189	0.0180	0.0008	0.1358	0.1121	0.0238	0.6927	0.4082	0.2845	0.1159	0.1010	0.0149	0.5768	0.3072	0.2696	0.0009	0.0015	0.0001	0.0118	0.0108	0.0000	0.0000	0.0000	0.0000	0.3229	0.2283	0.4587	0.1972	0.2259	0.0030	0.3482	0.2290	0.4840
57	106	0.1527	2	0	0	0	0	0	0	0	0	N	N	N	N	N	N	N	N	N	N	N	N	0.0559	0.0789	0.0014	1.9232	1.9374	0.0001	0.0095	0.0114	0.0014	0.1257	0.1483	0.0038	0.7809	0.8105	0.0000	0.0267	0.0315	0.0040	2.2497	1.8799	2.8023	0.4060	0.4183	0.1698	2.8194	2.7549	2.8814	0.0048	0.9975	-0.0040	0.0829	5.0326	1.9301	39.3193	9.0954	0.0093	0.0092	0.0000	0.0075	0.0075	0.0000	0.0017	0.0017	0.0000	2.0213	1.0119	1.0094	0.0861	0.0843	0.0018	1.9352	0.9276	1.0076	0.0736	0.0621	0.0115	0.0097	0.0093	0.0004	0.0639	0.0528	0.0111	0.8985	0.5383	0.3602	0.2121	0.2016	0.0105	0.6864	0.3367	0.3497	0.0559	0.0789	0.0014	1.9232	1.9374	0.0001	0.0095	0.0114	0.0014	2.2497	1.8799	2.8023	0.4060	0.4183	0.1698	2.8194	2.7549	2.8814
57	108	0.1416	3	0	1	0	0	0	0	0	0	N	N	N	N	N	N	N	N	N	N	N	N	7.5172	32.7381	0.0060	1.0438	1.3878	0.0151	6.6796	27.0116	0.0059	3.8373	4.5517	0.0061	0.0281	0.0285	0.0019	3.9408	4.6962	0.0061	0.5105	0.1390	1.0307	0.0270	0.0206	0.1247	0.5900	0.1739	1.0500	0.0003	5.2928	-0.4394	0.3413	5.0326	8.0392	39.3193	22.6195	0.9966	0.9963	0.0003	0.0002	0.0002	0.0000	0.9964	0.9961	0.0003	0.8918	0.1417	0.7501	0.0067	0.0048	0.0019	0.8851	0.1370	0.7482	0.2597	0.2189	0.0408	0.0069	0.0068	0.0001	0.2528	0.2121	0.0407	1.7470	1.0193	0.7277	0.2467	0.2316	0.0152	1.5003	0.7878	0.7125	7.5172	32.7381	0.0060	1.0438	1.3878	0.0151	6.6796	27.0116	0.0059	0.5105	0.1390	1.0307	0.0270	0.0206	0.1247	0.5900	0.1739	1.0500
57	109	0.1416	2	0	0	0	0	0	0	0	0	N	N	N	N	N	N	N	N	N	N	N	N	0.3427	0.5622	0.0336	0.3973	0.3960	0.0510	0.3167	15.5718	0.0333	0.4020	0.4749	0.0655	0.6108	0.6112	0.0488	0.2995	0.3840	0.0655	1.1729	0.8448	1.9518	1.5376	1.5433	0.9563	0.9459	0.0247	1.9643	0.0299	0.9733	-0.0031	0.0178	5.0326	0.2031	39.3193	2.0398	0.0076	0.0074	0.0002	0.0038	0.0038	0.0000	0.0038	0.0036	0.0002	0.5105	0.2587	0.2518	0.2568	0.2552	0.0015	0.2537	0.0035	0.2503	0.0188	0.0155	0.0034	0.0062	0.0062	0.0000	0.0126	0.0093	0.0034	0.4352	0.3062	0.1290	0.1670	0.1654	0.0016	0.2683	0.1408	0.1274	0.3427	0.5622	0.0336	0.3973	0.3960	0.0510	0.3167	15.5718	0.0333	1.1729	0.8448	1.9518	1.5376	1.5433	0.9563	0.9459	0.0247	1.9643
57	110	0.7221	8	1	0	1	0	0	0	0	0	N	N	N	N	N	N	N	N	N	N	N	N	0.0000	0.0000	0.0000	0.0000	0.0000	0.0000	0.0000	0.0000	0.0000	0.0000	0.0000	0.0000	0.0000	0.0000	0.0000	0.0000	0.0000	0.0000	0.0144	0.0227	0.0003	0.0234	0.0239	0.0012	0.0049	0.0181	0.0002	0.0070	0.0000	-0.0000	5.0326	0.0001	39.3193	0.0001	0.0000	0.0000	0.0000	0.0000	0.0000	0.0000	0.0000	0.0000	0.0000	0.0000	0.0000	0.0000	0.0000	0.0000	0.0000	0.0000	0.0000	0.0000	0.0035	0.0027	0.0007	0.0017	0.0017	0.0000	0.0017	0.0010	0.0007	0.0004	0.0002	0.0001	0.0002	0.0002	0.0000	0.0002	0.0000	0.0001	0.0000	0.0000	0.0000	0.0000	0.0000	0.0000	0.0000	0.0000	0.0000	0.0144	0.0227	0.0003	0.0234	0.0239	0.0012	0.0049	0.0181	0.0002	
57	111	0.7083	7	1	0	1	0	0	0	0	0	N	N	N	N	N	N	N	N	N	N	N	N	0.2101	0.1719	0.0000	0.6387	0.5411	0.0000	0.0000	0.0000	0.0000	0.0870	0.1002	0.0000	0.3255	0.3427	0.0000	0.0000	0.0000	0.0000	0.4143	0.5831	0.0241	0.5096	0.6334	0.0063	0.2213	0.4149	0.0380	0.0000	0.0179	-0.0021	-0.0475	5.0326	1.6718	39.3193	2.9223	0.0048	0.0048	0.0000	0.0048	0.0048	0.0000	0.0000	0.0000	0.0000	0.1077	0.1058	0.0019	0.0887	0.0885	0.0002	0.0190	0.0173	0.0017	0.0553	0.0480	0.0073	0.0148	0.0140	0.0007	0.0405	0.0340	0.0065	0.2600	0.1815	0.0785	0.1741	0.1397	0.0344	0.0859	0.0418	0.0441	0.2101	0.1719	0.0000	0.6387	0.5411	0.0000	0.0000	0.0000	0.0000	0.4143	0.5831	0.0241	0.5096	0.6334	0.0063	0.2213	0.4149	0.0380
57	112	0.6247	6	1	0	1	0	0	0	0	0	N	N	N	N	N	N	N	N	N	N	N	N	0.0522	0.0660	0.0003	0.1343	0.1373	0.0018	0.0026	0.0406	0.0000	0.0591	0.0675	0.0004	0.1912	0.2036	0.0021	0.0019	0.0022	0.0001	1.1320	1.0238	1.3712	1.4238	1.4835	1.1593	0.7417	0.0552	1.4794	0.0008	0.6059	-0.0112	-0.0810	5.0326	14.0283	39.3193	7.1084	0.0254	0.0253	0.0000	0.0248	0.0248	0.0000	0.0006	0.0006	0.0000	0.9988	0.6220	0.3769	0.7189	0.6112	0.1077	0.2799	0.0108	0.2692	0.4292	0.3752	0.0540	0.1296	0.1217	0.0080	0.2996	0.2536	0.0460	0.8823	0.6075	0.2748	0.5049	0.4120	0.0929	0.3774	0.1955	0.1819	0.0522	0.0660	0.0003	0.1343	0.1373	0.0018	0.0026	0.0406	0.0000	1.1320	1.0238	1.3712	1.4238	1.4835	1.1593	0.7417	0.0552	1.4794
57	113	0.5645	5	0	0	0	0	0	0	0	0	N	N	N	N	N	N	N	N	N	N	N	N	0.0756	0.1142	0.0002	0.0668	0.0650	0.0008	0.0806	2.5687	0.0002	0.0535	0.0606	0.0002	0.0479	0.0504	0.0003	0.0559	0.0657	0.0002	0.7072	0.5301	1.1118	0.7173	0.7744	0.4235	0.6943	0.0256	1.4056	0.0005	0.9178	-0.0086	0.0148	5.0326	8.6129	39.3193	5.1709	0.0195	0.0195	0.0000	0.0054	0.0054	0.0000	0.0141	0.0141	0.0000	0.7326	0.3820	0.3506	0.4159	0.3760	0.0400	0.3167	0.0060	0.3106	0.3653	0.3222	0.0431	0.1137	0.1082	0.0055	0.2516	0.2140	0.0376	1.0359	0.7206	0.3154	0.5799	0.4855	0.0944	0.4561	0.2351	0.2210	0.0756	0.1142	0.0002	0.0668	0.0650	0.0008	0.0806	2.5687	0.0002	0.7072	0.5301	1.1118	0.7173	0.7744	0.4235	0.6943	0.0256	1.4056
57	114	0.4694	4	0	0	0	0	0	0	0	0	N	N	N	N	N	N	N	N	N	N	N	N	0.0373	0.0502	0.0193	0.0637	0.0828	0.0001	0.0260	0.0299	0.0194	0.0373	0.0387	0.0283	0.0327	0.0353	0.0000	0.0385	0.0397	0.0319	0.9992	0.7712	1.4674	0.5133	0.4267	0.9481	1.4802	1.3259	1.6425	0.1170	0.9267	-0.0067	0.0483	5.0326	16.8607	39.3193	22.7724	0.0198	0.0178	0.0021	0.0036	0.0036	0.0000	0.0162	0.0142	0.0021	2.1367	1.1090	1.0277	0.5460	0.3785	0.1675	1.5907	0.7305	0.8602	0.5323	0.4588	0.0735	0.1103	0.1020	0.0083	0.4220	0.3568	0.0652	2.1385	1.4381	0.7004	1.0638	0.8872	0.1766	1.0747	0.5509	0.5237	0.0373	0.0502	0.0193	0.0637	0.0828	0.0001	0.0260	0.0299	0.0194	0.9992	0.7712	1.4674	0.5133	0.4267	0.9481	1.4802	1.3259	1.6425
57	115	0.2006	3	1	0	1	0	0	0	0	0	N	N	N	N	N	N	N	N	N	N	N	N	0.0000	0.0000	0.0000	0.0000	0.0000	0.0000	0.0000	0.0000	0.0000	0.0000	0.0000	0.0000	0.0000	0.0000	0.0000	0.0000	0.0000	0.0000	0.0033	0.0039	0.0022	0.0023	0.0023	0.0021	0.0037	0.0050	0.0023	0.3095	0.0000	-0.0003	5.0326	1.0009	39.3193	4.0038	0.0000	0.0000	0.0000	0.0000	0.0000	0.0000	0.0000	0.0000	0.0000	0.0015	0.0012	0.0004	0.0003	0.0003	0.0000	0.0012	0.0009	0.0003	0.0342	0.0291	0.0051	0.0025	0.0024	0.0001	0.0317	0.0266	0.0050	0.4563	0.2977	0.1586	0.1304	0.1257	0.0047	0.3259	0.1720	0.1538	0.0000	0.0000	0.0000	0.0000	0.0000	0.0000	0.0000	0.0000	0.0000	0.0033	0.0039	0.0022	0.0023	0.0023	0.0021	0.0037	0.0050	0.0023	
57	116	0.1723	2	1	0	1	0	0	0	0	0	N	N	N	N	N	N	N	N	N	N	N	N	0.2059	1.2796	0.0197	0.0324	0.0325	0.0008	0.2010	16.2172	0.0196	0.2523	0.2886	0.0530	0.0244	0.0259	0.0001	0.2656	0.3058	0.0542	1.2254	0.2255	2.6877	0.7543	0.7994	0.1702	1.3215	0.0189	2.7653	0.0335	8.1477	-0.0062	0.4093	5.0326	1.8441	39.3193	10.4794	0.0153	0.0148	0.0005	0.0001	0.0001	0.0000	0.0152	0.0147	0.0005	0.9467	0.1035	0.8432	0.0987	0.0971	0.0016	0.8480	0.0064	0.8416	0.0605	0.0512	0.0093	0.0033	0.0031	0.0002	0.0571	0.0480	0.0091	0.7726	0.4589	0.3137	0.1309	0.1215	0.0094	0.6417	0.3373	0.3044	0.2059	1.2796	0.0197	0.0324	0.0325	0.0008	0.2010	16.2172	0.0196	1.2254	0.2255	2.6877	0.7543	0.7994	0.1702	1.3215	0.0189	2.7653
57	117	0.3566	2	0	1	0	1	0	0	0	0	N	N	N	N	N	N	N	N	N	N	N	N	2.6729	3.6311	0.0000	0.8024	1.7554	0.0000	2.9984	2.5680	0.0000	2.7893	3.2249	0.0000	0.7997	0.8412	0.0000	3.2548	3.8524	0.0000	1.0435	0.8881	1.3842	0.9966	0.4792	4.5167	1.0855	1.5001	0.6344	0.0000	0.7111	-0.4632	-0.1065	5.0326	10.5071	39.3193	20.2622	1.0500	1.0500	0.0000	0.0571	0.0571	0.0000	0.9930	0.9930	0.0000	2.4891	1.4547	1.0344	1.1224	0.4705	0.6518	1.3667	0.9842	0.3826	0.3765	0.3256	0.0508	0.0714	0.0679	0.0035	0.3051	0.2578	0.0473	2.3853	1.6379	0.7473	1.1262	0.9819	0.1443	1.2590	0.6561	0.6030	2.6729	3.6311	0.0000	0.8024	1.7554	0.0000	2.9984	2.5680	0.0000	1.0435	0.8881	1.3842	0.9966	0.4792	4.5167	1.0855	1.5001	0.6344
57	119	0.1589	2	0	1	0	0	0	0	0	0	N	N	N	N	N	N	N	N	N	N	N	N	0.0447	0.0602	0.0000	2.5156	2.4146	0.0000	0.0000	0.0000	0.0000	0.1349	0.1598	0.0002	2.2333	2.2690	0.0000	0.0000	0.0000	0.0002	3.0200	2.6541	3.5468	0.8877	0.9397	0.0416	3.3864	3.1781	3.6209	0.0002	0.9280	-0.0079	0.1036	5.0326	3.8169	39.3193	21.2433	0.0179	0.0179	0.0000	0.0179	0.0179	0.0000	0.0000	0.0000	0.0000	4.5092	2.3387	2.1704	0.1944	0.1938	0.0005	4.3148	2.1449	2.1699	0.1327	0.1120	0.0207	0.0080	0.0079	0.0001	0.1247	0.1041	0.0206	1.4931	0.8812	0.6119	0.2190	0.2063	0.0127	1.2742	0.6749	0.5993	0.0447	0.0602	0.0000	2.5156	2.4146	0.0000	0.0000	0.0000	0.0000	3.0200	2.6541	3.5468	0.8877	0.9397	0.0416	3.3864	3.1781	3.6209
57	120	0.5045	6	0	1	0	0	0	0	0	0	N	N	N	N	N	N	N	N	N	N	N	N	1.2803	0.7869	3.0982	2.7386	1.9041	11.5431	0.7526	0.0010	2.4208	4.3250	1.4213	23.8096	10.6024	5.0564	109.8314	2.1392	0.0004	13.6738	3.3781	1.8063	7.6849	3.8714	2.6555	9.5149	2.8423	0.3815	5.6484	2.4963	1.7352	0.6796	1.8750	5.0326	16.3276	39.3193	34.9199	2.4907	0.7124	1.7783	1.5769	0.7122	0.8647	0.9138	0.0001	0.9136	10.6515	3.8942	6.7573	6.3561	3.5871	2.7691	4.2954	0.3072	3.9883	0.5759	0.5012	0.0747	0.1487	0.1409	0.0079	0.4272	0.3603	0.0668	3.1531	2.1560	0.9971	1.6418	1.3508	0.2910	1.5113	0.8052	0.7061	1.2803	0.7869	3.5133	2.7386	1.9041	11.5431	0.7526	0.0010	2.4208	3.3781	1.8063	6.7769	3.8714	2.6555	9.5149	2.8423	0.3815	5.6484
57	121	0.4872	5	0	1	0	0	0	0	0	0	N	N	N	N	N	N	N	N	N	N	N	N	1.4635	1.1260	3.3158	3.7937	3.2321	14.0302	0.7362	0.2419	2.3406	2.9344	1.6144	11.3113	8.2512	5.7360	58.8726	1.3130	0.1835	7.1048	2.0051	1.4338	3.4113	2.1750	1.7747	4.1961	1.7834	0.7584	3.0354	1.1041	0.9666	0.0562	0.1404	5.0326	6.1757	39.3193	14.5601	0.6723	0.3195	0.3528	0.4418	0.2926	0.1492	0.2305	0.0270	0.2036	4.2361	2.1540	2.0821	2.6013	1.7718	0.8295	1.6348	0.3823	1.2526	0.2291	0.1979	0.0312	0.0535	0.0510	0.0025	0.1756	0.1469	0.0287	2.1127	1.5024	0.6103	1.1960	0.9983	0.1977	0.9167	0.5040	0.4127	1.4635	1.1260	3.3158	3.7937	3.2321	14.0302	0.7362	0.2419	2.3406	2.0051	1.4338	3.4113	2.1750	1.7747	4.1961	1.7834	0.7584	3.0354
57	122	0.4342	4	0	0	0	0	0	0	0	0	N	N	N	N	N	N	N	N	N	N	N	N	0.4441	0.2880	1.3241	1.1683	1.3616	0.0268	0.2392	0.0039	1.4445	1.0737	0.6126	4.0986	2.0070	2.1183	0.0752	0.7429	0.0120	4.5847	2.4174	2.1274	3.0955	1.7179	1.5557	2.8083	3.1055	3.0456	3.1738	1.0197	0.6222	0.0202	-0.4123	5.0326	7.5400	39.3193	21.4192	0.3168	0.1569	0.1600	0.1550	0.1547	0.0003	0.1618	0.0022	0.1596	5.5112	3.3974	2.1139	1.9421	1.5310	0.4111	3.5691	1.8663	1.7028	0.2951	0.2560	0.0390	0.0772	0.0730	0.0042	0.2179	0.1830	0.0348	2.2798	1.5969	0.6829	1.1305	0.9841	0.1464	1.1493	0.6128	0.5365	0.4441	0.2880	1.3241	1.1683	1.3616	0.0268	0.2392	0.0039	1.4445	2.4174	2.1274	3.0955	1.7179	1.5557	2.8083	3.1055	3.0456	3.1738
57	123	0.1944	3	0	1	0	0	0	0	0	0	N	N	N	N	N	N	N	N	N	N	N	N	0.0001	0.0001	0.0000	0.0000	0.0000	0.0000	0.0001	0.0164	0.0000	0.0002	0.0002	0.0000	0.0000	0.0000	0.0000	0.0002	0.0002	0.0000	2.8354	2.1727	3.8273	8.4491	10.5024	0.0100	1.9665	0.0120	4.2154	0.0000	1.1770	-0.0000	0.3046	5.0326	4.0019	39.3193	19.5615	0.0000	0.0000	0.0000	0.0000	0.0000	0.0000	0.0000	0.0000	0.0000	3.7020	1.7005	2.0015	1.6944	1.6939	0.0005	2.0076	0.0065	2.0010	0.1266	0.1072	0.0194	0.0058	0.0054	0.0004	0.1208	0.1018	0.0190	1.3056	0.7827	0.5230	0.2848	0.2365	0.0483	1.0209	0.5462	0.4747	0.0001	0.0001	0.0000	0.0000	0.0000	0.0000	0.0001	0.0164	0.0000	2.8354	2.1727	3.8273	5.9501	7.1622	0.0100	1.9665	0.0120	4.2154
57	124	0.1723	2	0	0	0	0	0	0	0	0	N	N	N	N	N	N	N	N	N	N	N	N	0.0007	0.0006	0.0000	0.0450	0.0458	0.0000	0.0000	0.0000	0.0000	0.0020	0.0024	0.0000	0.0333	0.0352	0.0000	0.0000	0.0000	0.0001	2.7813	3.8110	1.2219	0.7398	0.7682	0.3269	3.2508	5.0562	1.2499	0.0038	0.2117	-0.0000	-0.4985	5.0326	1.2223	39.3193	8.2281	0.0001	0.0001	0.0000	0.0001	0.0001	0.0000	0.0000	0.0000	0.0000	1.7573	1.4503	0.3070	0.0874	0.0849	0.0025	1.6699	1.3654	0.3045	0.0407	0.0344	0.0063	0.0025	0.0023	0.0001	0.0382	0.0321	0.0061	0.6318	0.3806	0.2513	0.1181	0.1105	0.0076	0.5137	0.2700	0.2437	0.0007	0.0006	0.0000	0.0450	0.0458	0.0000	0.0000	0.0000	0.0000	2.7813	3.8110	1.2219	0.7398	0.7682	0.3269	3.2508	5.0562	1.2499
57	126	0.1576	3	0	1	0	0	0	0	0	0	N	N	N	N	N	N	N	N	N	N	N	N	0.0094	0.0007	0.0442	0.9772	1.3482	0.0007	0.0084	0.0001	0.0432	0.0401	0.0021	0.2435	0.0262	0.0268	0.0001	0.0410	0.0002	0.2455	4.2835	3.0036	5.5047	0.0268	0.0199	0.1157	4.8642	4.1183	5.6767	22.0852	1.2638	0.0035	0.5446	5.0326	5.0407	39.3193	17.1705	0.0069	0.0003	0.0066	0.0003	0.0003	0.0000	0.0066	0.0000	0.0066	5.4512	2.4080	3.0433	0.0063	0.0043	0.0020	5.4449	2.4036	3.0413	0.1716	0.1445	0.0270	0.0102	0.0100	0.0002	0.1613	0.1345	0.0268	1.3545	0.8017	0.5528	0.2351	0.2180	0.0171	1.1194	0.5836	0.5357	0.0100	0.0007	0.0442	0.9772	1.3482	0.0007	0.0084	0.0001	0.0432	4.0244	3.0036	5.5047	0.0268	0.0199	0.1157	4.8642	4.1183	5.6767
57	127	0.1416	2	0	1	0	0	0	0	0	0	N	N	N	N	N	N	N	N	N	N	N	N	0.1314	0.2127	0.0056	0.8849	0.8715	0.0019	0.0022	0.0032	0.0055	0.0908	0.1073	0.0057	1.0557	1.0599	0.0006	0.0012	0.0002	0.0057	0.6915	0.5047	1.0200	1.1930	1.2163	0.3183	0.5217	0.0564	1.0329	0.0103	1.1492	-0.0029	0.0388	5.0326	1.9703	39.3193	6.2034	0.0068	0.0067	0.0001	0.0067	0.0067	0.0000	0.0001	0.0000	0.0001	0.5082	0.2365	0.2718	0.2218	0.2203	0.0015	0.2864	0.0162	0.2702	0.0747	0.0626	0.0121	0.0064	0.0063	0.0000	0.0684	0.0562	0.0121	0.7350	0.4685	0.2664	0.1859	0.1811	0.0048	0.5490	0.2874	0.2616	0.1314	0.2127	0.0056	0.8849	0.8715	0.0019	0.0022	0.0032	0.0055	0.6915	0.5047	1.0200	1.1930	1.2163	0.3183	0.5217	0.0564	1.0329
57	129	0.4635	5	0	1	0	0	0	0	0	0	N	N	N	N	N	N	N	N	N	N	N	N	0.0000	0.0000	0.0000	0.0000	0.0000	0.0000	0.0000	0.0000	0.0000	0.0000	0.0000	0.0000	0.0000	0.0000	0.0000	0.0000	0.0000	0.0000	0.1837	0.2385	0.0016	0.3015	0.3244	0.0017	0.0297	0.0519	0.0016	0.0020	0.0000	-0.0625	5.0326	1.0033	39.3193	0.8635	0.0000	0.0000	0.0000	0.0000	0.0000	0.0000	0.0000	0.0000	0.0000	0.1370	0.1367	0.0003	0.1274	0.1273	0.0001	0.0096	0.0094	0.0002	0.1038	0.0943	0.0094	0.0562	0.0536	0.0026	0.0476	0.0408	0.0068	0.7457	0.5733	0.1724	0.4225	0.3925	0.0300	0.3232	0.1808	0.1424	0.0000	0.0000	0.0000	0.0000	0.0000	0.0000	0.0000	0.0000	0.0000	0.1837	0.2385	0.0016	0.3015	0.3244	0.0017	0.0297	0.0519	0.0016	
57	130	0.4342	4	0	0	0	0	0	0	0	0	N	N	N	N	N	N	N	N	N	N	N	N	0.0272	0.0312	0.0045	0.0003	0.0003	0.0000	0.0629	0.0806	0.0079	0.0287	0.0322	0.0050	0.0004	0.0004	0.0000	0.0404	0.0471	0.0056	1.0539	1.0348	1.1037	1.4247	1.2812	2.5532	0.6423	0.5842	0.7102	0.0229	0.4104	-0.0029	-0.3231	5.0326	5.5514	39.3193	9.9598	0.0068	0.0067	0.0002	0.0000	0.0000	0.0000	0.0068	0.0067	0.0002	1.9301	1.3684	0.5616	1.3727	1.0952	0.2774	0.5574	0.2732	0.2842	0.2385	0.2076	0.0309	0.0697	0.0661	0.0036	0.1689	0.1415	0.0273	1.8313	1.3225	0.5089	0.9635	0.8549	0.1087	0.8678	0.4676	0.4002	0.0272	0.0312	0.0045	0.0003	0.0003	0.0000	0.0629	0.0806	0.0079	1.0539	1.0348	1.1037	1.4247	1.2812	2.5532	0.6423	0.5842	0.7102
57	131	0.4039	3	0	0	0	0	0	0	0	0	N	N	N	N	N	N	N	N	N	N	N	N	0.6492	0.3979	2.1555	1.6033	1.5830	0.0391	0.3856	0.0026	2.0523	0.9136	0.5217	3.5158	2.0380	2.1418	0.0265	0.5936	0.0032	3.8321	1.4073	1.3109	1.6310	1.2711	1.3530	0.6785	1.5394	1.2425	1.8672	1.0151	0.5360	0.0199	-0.2982	5.0326	9.1969	39.3193	13.4651	0.3170	0.1573	0.1597	0.1567	0.1566	0.0001	0.1603	0.0007	0.1596	2.7262	1.7748	0.9514	1.2124	1.1337	0.0786	1.5138	0.6411	0.8727	0.3470	0.3016	0.0454	0.0769	0.0731	0.0038	0.2701	0.2285	0.0417	1.9371	1.3539	0.5833	0.9538	0.8379	0.1159	0.9833	0.5159	0.4674	0.6492	0.3979	2.1555	1.6033	1.5830	0.0391	0.3856	0.0026	2.0523	1.4073	1.3109	1.6310	1.2711	1.3530	0.6785	1.5394	1.2425	1.8672
57	132	0.2173	5	1	1	0	1	0	0	0	0	N	N	N	N	N	N	N	N	N	N	N	N	0.0000	0.0000	0.0000	0.0000	0.0000	0.0000	0.0000	0.0000	0.0000	0.0000	0.0000	0.0000	0.0000	0.0000	0.0000	0.0000	0.0000	0.0007	0.0007	0.0007	0.0019	0.0022	0.0000	0.0005	0.0003	0.0007	0.7995	0.0000	-0.0000	5.0326	1.0000	39.3193	3.0001	0.0000	0.0000	0.0000	0.0000	0.0000	0.0000	0.0000	0.0000	0.0000	0.0001	0.0001	0.0001	0.0000	0.0000	0.0000	0.0001	0.0000	0.0001	0.0319	0.0270	0.0049	0.0020	0.0019	0.0001	0.0299	0.0252	0.0047	0.2005	0.1114	0.0891	0.0240	0.0208	0.0032	0.1765	0.0906	0.0859	0.0000	0.0000	0.0000	0.0000	0.0000	0.0000	0.0000	0.0000	0.0000	0.0007	0.0007	0.0007	0.0019	0.0022	0.0000	0.0005	0.0003	0.0007		
57	133	0.6163	9	1	1	0	1	0	0	0	0	N	N	N	N	N	N	N	N	N	N	N	N	0.0000	0.0000	0.0000	0.0000	0.0000	0.0000	0.0000	0.0000	0.0000	0.0000	0.0000	0.0000	0.0000	0.0000	0.0000	0.0000	0.0000	0.0000	17.3374	0.6963	89.8860	0.9385	1.1129	0.0171	21.6634	0.0312	103.9823	23.6080	0.0000	0.5174	5.0326	0.0006	39.3193	1.9797	0.0000	0.0000	0.0000	0.0000	0.0000	0.0000	0.0000	0.0000	0.0000	1.0327	0.0420	0.9907	0.0414	0.0412	0.0001	0.9913	0.0007	0.9906	0.0000	0.0000	0.0000	0.0000	0.0000	0.0000	0.0000	0.0000	0.0000	0.0898	0.0603	0.0296	0.0441	0.0371	0.0070	0.0458	0.0232	0.0225	0.0000	0.0000	0.0000	0.0000	0.0000	0.0000	0.0000	0.0000	0.0000	11.4957	0.6963	33.5106	0.9385	1.1129	0.0171	21.6634	0.0312	43.9321	
57	134	0.5995	8	1	1	0	1	0	0	0	0	N	N	N	N	N	N	N	N	N	N	N	N	0.0000	0.0000	0.0000	0.0000	0.0000	0.0000	0.0000	0.0000	0.0000	0.0000	0.0000	0.0000	0.0000	0.0000	0.0000	0.0000	0.0000	0.0000	0.0274	0.0063	0.0685	0.0063	0.0076	0.0001	0.0468	0.0043	0.0910	5.5813	0.0000	0.0035	5.0326	2.0077	39.3193	6.0321	0.0000	0.0000	0.0000	0.0000	0.0000	0.0000	0.0000	0.0000	0.0000	0.0090	0.0014	0.0076	0.0010	0.0010	0.0000	0.0080	0.0004	0.0076	0.0617	0.0530	0.0087	0.0150	0.0138	0.0012	0.0467	0.0393	0.0075	0.3271	0.2162	0.1109	0.1568	0.1293	0.0275	0.1703	0.0868	0.0835	0.0000	0.0000	0.0000	0.0000	0.0000	0.0000	0.0000	0.0000	0.0000	0.0274	0.0063	0.0685	0.0063	0.0076	0.0001	0.0468	0.0043	0.0910	
57	135	0.5948	8	0	1	0	1	0	0	0	0	N	N	N	N	N	N	N	N	N	N	N	N	0.0022	0.0017	0.0052	0.0042	0.0043	0.0000	0.0027	0.0000	0.0079	0.0054	0.0049	0.0081	0.0181	0.0196	0.0000	0.0015	0.0000	0.0092	2.4444	2.8639	1.5681	4.2782	4.5797	2.7357	0.5820	0.0252	1.1696	0.2856	0.2621	-0.0001	-0.3637	5.0326	3.0348	39.3193	9.3583	0.0005	0.0004	0.0001	0.0004	0.0004	0.0000	0.0001	0.0000	0.0001	1.4508	1.1495	0.3013	1.2794	1.1457	0.1337	0.1714	0.0038	0.1676	0.0960	0.0819	0.0141	0.0222	0.0205	0.0017	0.0738	0.0614	0.0124	0.5935	0.4014	0.1921	0.2990	0.2502	0.0489	0.2945	0.1512	0.1433	0.0022	0.0017	0.0052	0.0042	0.0043	0.0000	0.0027	0.0000	0.0079	2.4444	2.8639	1.5681	4.2782	4.5797	2.7357	0.5820	0.0252	1.1696
57	136	0.5804	7	0	0	0	1	0	0	0	0	N	N	N	N	N	N	N	N	N	N	N	N	0.0232	0.0148	0.0706	0.0463	0.0356	0.0000	0.0270	0.0114	0.0578	0.3223	0.1884	1.0497	0.2674	0.2844	0.0000	0.3425	0.1475	1.1700	13.8650	12.7490	14.8715	5.7713	7.9832	0.1991	12.6846	12.9856	20.2391	1.0264	0.5385	0.0000	-0.2824	5.0326	0.0433	39.3193	6.6805	0.0005	0.0003	0.0003	0.0001	0.0001	0.0000	0.0004	0.0001	0.0003	2.6065	1.6942	0.9123	0.7013	0.6965	0.0048	1.9052	0.9977	0.9075	0.0016	0.0013	0.0002	0.0004	0.0004	0.0000	0.0012	0.0009	0.0002	0.2863	0.1889	0.0974	0.1361	0.1120	0.0241	0.1502	0.0768	0.0734	0.0354	0.0210	0.1121	0.0519	0.0457	0.0000	0.0270	0.0114	0.0946	9.1048	8.9709	9.3645	5.1535	6.2173	0.1991	12.6846	12.9856	12.3693
57	137	0.2470	7	0	1	0	1	0	0	0	0	N	N	N	N	N	N	N	N	N	N	N	N	0.0000	0.0000	0.0000	0.0000	0.0000	0.0000	0.0000	0.0000	0.0000	0.0000	0.0000	0.0000	0.0000	0.0000	0.0000	0.0000	0.0000	0.0000	0.0000	0.0000	5.0326	0.0000	39.3193	0.0000	0.0000	0.0000	0.0000	0.0000	0.0000	0.0000	0.0000	0.0000	0.0000	0.0000	0.0000	0.0000	0.0000	0.0000	0.0000	0.0000	0.0000	0.0000	0.0000	0.0000	0.0000	0.0000	0.0000	0.0000	0.0000	0.0000	0.0000	0.0000	0.0000	0.0000	0.0000	0.0000	0.0000	0.0000	0.0000	0.0000	0.0000	0.0000	0.0000	0.0000	0.0000	0.0000	0.0000	0.0000	0.0000	0.0000	0.0000	0.0000	0.0000	0.0000	0.0000	0.0000	0.0000	0.0000											
57	138	0.2419	6	0	1	0	1	0	0	0	0	N	N	N	N	N	N	N	N	N	N	N	N	0.0000	0.0015	0.0000	0.0000	0.0014	0.0000	0.0000	0.0000	0.0000	0.0000	0.0000	0.0000	0.0000	0.0000	0.0000	15.2724	0.0184	50.7143	0.0000	0.0000	0.0000	11.9270	0.0238	49.1100	0.0000	977.1598	-0.0000	0.5445	5.0326	0.0021	39.3193	2.0000	0.0000	0.0000	0.0000	0.0000	0.0000	0.0000	0.0000	0.0000	0.0000	1.0072	0.0010	1.0062	0.0000	0.0000	0.0000	1.0072	0.0010	1.0062	0.0001	0.0001	0.0000	0.0000	0.0000	0.0000	0.0001	0.0001	0.0000	0.0989	0.0559	0.0431	0.0145	0.0126	0.0019	0.0844	0.0432	0.0412	0.0000	0.0015	0.0000	0.0000	0.0000	0.0000	0.0000	0.0014	0.0000	10.1793	0.0184	23.3581	0.0000	0.0000	0.0000	11.9270	0.0238	24.4139			
57	139	0.2317	5	0	0	0	1	0	0	0	0	N	N	N	N	N	N	N	N	N	N	N	N	0.0010	8.0768	0.0000	0.0000	0.0000	0.0009	6.8963	0.0000	0.0006	0.0007	0.0000	0.0000	0.0000	0.0000	0.0007	0.0008	0.0000	0.6300	0.0001	1.4330	0.0000	0.0000	0.0000	0.7323	0.0001	1.4957	0.0000	12307.0088	-0.0000	0.0686	5.0326	1.0020	39.3193	3.0181	0.0000	0.0000	0.0000	0.0000	0.0000	0.0000	0.0000	0.0000	0.0000	0.1266	0.0000	0.1266	0.0000	0.0000	0.0000	0.1266	0.0000	0.1266	0.0320	0.0271	0.0049	0.0021	0.0020	0.0001	0.0299	0.0251	0.0047	0.2010	0.1126	0.0883	0.0281	0.0244	0.0037	0.1729	0.0883	0.0846	0.0010	8.0768	0.0000	0.0000	0.0000	0.0000	0.0009	6.8963	0.0000	0.6300	0.0001	1.4330	0.0000	0.0000	0.0000	0.7323	0.0001	1.4957	
57	140	0.2173	5	0	1	0	0	0	0	0	0	N	N	N	N	N	N	N	N	N	N	N	N	0.0000	0.0000	0.0000	0.0000	0.0000	0.0000	0.0000	0.0000	0.0000	0.0000	0.0000	0.0000	0.0000	0.0000	0.0000	0.0000	0.0003	0.0004	0.0002	0.0019	0.0022	0.0000	0.0001	0.0000	0.0002	0.4440	0.0000	-0.0000	5.0326	0.0000	39.3193	4.0001	0.0000	0.0000	0.0000	0.0000	0.0000	0.0000	0.0000	0.0000	0.0000	0.0001	0.0000	0.0000	0.0000	0.0000	0.0000	0.0000	0.0000	0.0000	0.0000	0.0000	0.0000	0.0000	0.0000	0.0000	0.0000	0.0000	0.0000	0.2005	0.1114	0.0891	0.0240	0.0208	0.0032	0.1765	0.0906	0.0859	0.0000	0.0000	0.0000	0.0000	0.0000	0.0000	0.0000	0.0000	0.0000	0.0003	0.0004	0.0002	0.0019	0.0022	0.0000	0.0001	0.0000	0.0002			
57	141	0.5950	7	0	1	0	0	0	0	0	0	N	N	N	N	N	N	N	N	N	N	N	N	0.0000	0.0000	0.0000	0.0000	0.0000	0.0000	0.0000	0.0000	0.0000	0.0000	0.0000	0.0000	0.0000	0.0000	0.0000	0.0000	0.0000	0.0000	0.3668	0.0032	1.0776	0.0004	0.0004	0.0000	0.7053	0.0072	1.4282	174.4592	0.0000	0.0491	5.0326	1.0003	39.3193	5.0186	0.0000	0.0000	0.0000	0.0000	0.0000	0.0000	0.0000	0.0000	0.0000	0.0916	0.0005	0.0911	0.0000	0.0000	0.0000	0.0916	0.0005	0.0911	0.0308	0.0265	0.0043	0.0075	0.0069	0.0006	0.0233	0.0196	0.0037	0.2497	0.1652	0.0845	0.1199	0.0992	0.0207	0.1298	0.0660	0.0638	0.0000	0.0000	0.0000	0.0000	0.0000	0.0000	0.0000	0.0000	0.0000	0.3668	0.0032	1.0776	0.0004	0.0004	0.0000	0.7053	0.0072	1.4282	
57	142	0.2317	5	0	0	1	1	0	0	0	0	N	N	N	N	N	N	N	N	N	N	N	N	0.0000	0.0000	0.0000	0.0000	0.0000	0.0000	0.0000	0.0000	0.0000	0.0000	0.0000	0.0000	0.0000	0.0000	0.0000	0.0000	0.0000	2.2652	4.0360	0.0022	0.0016	0.0018	0.0000	2.6313	5.1422	0.0023	0.0004	0.0000	-0.4572	5.0326	0.0001	39.3193	9.0026	0.0000	0.0000	0.0000	0.0000	0.0000	0.0000	0.0000	0.0000	0.0000	0.9984	0.9980	0.0004	0.0001	0.0001	0.0000	0.9983	0.9979	0.0004	0.0000	0.0000	0.0000	0.0000	0.0000	0.0000	0.0000	0.0000	0.0000	0.4408	0.2473	0.1935	0.0614	0.0532	0.0082	0.3794	0.1941	0.1853	0.0000	0.0000	0.0000	0.0000	0.0000	0.0000	0.0000	0.0000	0.0000	2.2652	4.0360	0.0022	0.0016	0.0018	0.0000	2.6313	5.1422	0.0023		
57	143	0.5804	7	0	0	1	1	0	0	0	0	N	N	N	N	N	N	N	N	N	N	N	N	0.0000	0.0000	0.0000	0.0000	0.0000	0.0000	0.0000	0.0000	0.0000	0.0000	0.0000	0.0000	0.0000	0.0000	0.0000	0.0000	0.0000	0.0000	1.0904	1.0549	1.1588	0.0316	0.0382	0.0011	2.0447	2.5282	1.5394	0.5703	-0.0000	-0.0435	5.0326	2.0061	39.3193	8.0425	0.0000	0.0000	0.0000	0.0000	0.0000	0.0000	0.0000	0.0000	0.0000	0.4570	0.2910	0.1660	0.0063	0.0062	0.0000	0.4507	0.2848	0.1659	0.0613	0.0524	0.0089	0.0135	0.0123	0.0011	0.0478	0.0401	0.0077	0.4191	0.2759	0.1432	0.1987	0.1632	0.0354	0.2204	0.1126	0.1078	0.0000	0.0000	0.0000	0.0000	0.0000	0.0000	0.0000	0.0000	0.0000	1.0904	1.0549	1.1588	0.0316	0.0382	0.0011	2.0447	2.5282	1.5394	
57	144	0.5713	6	0	0	0	1	0	0	0	0	N	N	N	N	N	N	N	N	N	N	N	N	0.0116	0.0109	0.0000	0.1594	0.3345	0.0000	0.0000	0.0000	0.0000	0.0003	0.0004	0.0000	0.0011	0.0012	0.0000	0.0000	0.0000	0.0000	0.0267	0.0332	0.0104	0.0069	0.0037	0.0324	0.0454	0.0775	0.0052	0.0000	0.1240	-0.0000	-0.0026	5.0326	1.9550	39.3193	2.1189	0.0000	0.0000	0.0000	0.0000	0.0000	0.0000	0.0000	0.0000	0.0000	0.0074	0.0066	0.0008	0.0009	0.0004	0.0005	0.0065	0.0062	0.0003	0.0645	0.0551	0.0094	0.0181	0.0163	0.0019	0.0464	0.0388	0.0076	0.2784	0.1995	0.0789	0.1349	0.1198	0.0152	0.1434	0.0798	0.0637	0.0116	0.0109	0.0000	0.1594	0.3345	0.0000	0.0000	0.0000	0.0000	0.0267	0.0332	0.0104	0.0069	0.0037	0.0324	0.0454	0.0775	0.0052
57	145	0.5713	6	0	0	1	1	0	0	0	0	N	N	N	N	N	N	N	N	N	N	N	N	0.0000	0.0000	0.0012	0.0000	0.0000	0.0000	0.0000	0.0000	0.0015	0.0000	0.0000	0.0000	0.0000	0.0000	0.0000	0.0000	0.0000	0.0000	1.1715	1.7406	0.0069	2.1466	2.5556	0.0062	0.3101	0.5860	0.0071	inf	0.0019	0.0000	-0.4908	5.0326	2.1261	39.3193	18.6477	0.0000	0.0000	0.0000	0.0000	0.0000	0.0000	0.0000	0.0000	0.0000	1.0753	1.0732	0.0021	0.9241	0.9237	0.0004	0.1511	0.1495	0.0017	0.0697	0.0595	0.0101	0.0194	0.0174	0.0020	0.0503	0.0421	0.0082	0.9179	0.6165	0.3013	0.4305	0.3614	0.0691	0.4874	0.2551	0.2323	0.0000	0.0000	0.0012	0.0000	0.0000	0.0000	0.0000	0.0000	0.0015	1.1715	1.7406	0.0069	2.1466	2.5556	0.0062	0.3101	0.5860	0.0071
57	146	0.2317	5	0	0	1	1	0	0	0	0	N	N	N	N	N	N	N	N	N	N	N	N	3.1209	2.3236	0.0000	0.0000	0.0000	6.4279	5.1988	0.0000	0.0014	0.0017	0.0000	0.0000	0.0000	0.0000	0.0015	0.0018	0.0000	0.0005	0.0007	0.0001	0.0018	0.0021	0.0000	0.0002	0.0003	0.0001	0.0000	0.1256	-0.0000	-0.0001	5.0326	2.0001	39.3193	5.9880	0.0001	0.0001	0.0000	0.0000	0.0000	0.0000	0.0001	0.0001	0.0000	0.0002	0.0002	0.0000	0.0001	0.0001	0.0000	0.0001	0.0001	0.0000	0.0635	0.0539	0.0097	0.0042	0.0039	0.0003	0.0593	0.0500	0.0094	0.3927	0.2203	0.1725	0.0547	0.0474	0.0073	0.3380	0.1728	0.1652	3.1209	2.3236	0.0000	0.0000	0.0000	0.0000	6.4279	5.1988	0.0000	0.0005	0.0007	0.0001	0.0018	0.0021	0.0000	0.0002	0.0003	0.0001	
57	147	0.2317	5	0	0	1	1	0	0	0	0	N	N	N	N	N	N	N	N	N	N	N	N	4.0958	1.5305	53.3514	0.0000	0.0000	0.0000	3.8131	1.3132	52.7013	7.2152	4.2498	23.9651	0.0000	0.0000	0.0000	7.7267	4.5820	24.7211	1.7616	2.7768	0.4492	0.1101	0.1265	0.0053	2.0264	3.4893	0.4691	0.9984	0.1251	0.1168	-0.8760	5.0326	9.0001	39.3193	23.0169	1.9978	0.9997	0.9981	0.0000	0.0000	0.0000	1.9978	0.9997	0.9981	2.5233	2.2426	0.2806	0.0218	0.0216	0.0001	2.5015	2.2210	0.2805	0.2769	0.2352	0.0416	0.0183	0.0171	0.0013	0.2586	0.2182	0.0404	1.4324	0.8076	0.6247	0.1979	0.1711	0.0268	1.2345	0.6365	0.5979	4.0958	1.5305	53.3514	0.0000	0.0000	0.0000	3.8131	1.3132	52.7013	1.7616	2.7768	0.4492	0.1101	0.1265	0.0053	2.0264	3.4893	0.4691
57	148	0.2064	4	0	0	0	1	0	0	0	0	N	N	N	N	N	N	N	N	N	N	N	N	0.0029	0.0000	0.0165	0.0811	0.0289	125.4465	0.0025	0.0000	0.0161	0.0104	0.0001	0.0673	0.0038	0.0015	0.0354	0.0109	0.0000	0.0683	3.6107	3.2486	4.0815	0.0466	0.0524	0.0003	4.2593	4.2694	4.2490	108.9774	0.9660	0.0004	0.0640	5.0326	1.9990	39.3193	7.9526	0.0007	0.0000	0.0007	0.0000	0.0000	0.0000	0.0006	0.0000	0.0006	1.9407	0.9871	0.9535	0.0039	0.0039	0.0000	1.9368	0.9833	0.9535	0.0639	0.0541	0.0098	0.0042	0.0039	0.0003	0.0597	0.0502	0.0095	0.5375	0.3039	0.2336	0.0828	0.0736	0.0092	0.4547	0.2303	0.2244	0.0029	0.0000	0.0165	0.0811	0.0289	125.4465	0.0025	0.0000	0.0161	3.6107	3.2486	4.0815	0.0466	0.0524	0.0003	4.2593	4.2694	4.2490
57	149	0.1744	3	1	1	0	0	0	0	0	0	N	N	N	N	N	N	N	N	N	N	N	N	0.4434	0.0001	2.3897	0.0566	0.0001	0.8618	0.4565	0.0001	2.3618	2.0332	0.0004	13.3268	0.0066	0.0000	0.3523	2.2751	0.0004	13.4983	4.5857	3.2498	5.5766	0.1163	0.0959	0.4088	4.9842	4.3319	5.7152	6630.4931	1.1705	0.2261	0.4432	5.0326	5.3497	39.3193	17.2225	0.4047	0.0001	0.4046	0.0001	0.0000	0.0001	0.4045	0.0001	0.4045	5.4784	2.5241	2.9543	0.0247	0.0190	0.0057	5.4537	2.5050	2.9487	0.1990	0.1687	0.0304	0.0212	0.0208	0.0004	0.1778	0.1478	0.0300	1.3064	0.7767	0.5298	0.2122	0.1984	0.0138	1.0942	0.5783	0.5159	0.4849	0.0001	2.3897	0.0566	0.0001	0.8618	0.4565	0.0001	2.3618	4.1934	3.2498	5.5766	0.1163	0.0959	0.4088	4.9842	4.3319	5.7152
57	150	0.2053	4	0	1	0	0	0	0	0	0	N	N	N	N	N	N	N	N	N	N	N	N	1.0298	2.0916	0.0001	11.7940	11.2818	0.0105	0.0020	0.0043	0.0001	1.8550	2.1405	0.0004	7.7629	7.9827	0.0009	0.0044	0.0052	0.0004	1.8014	1.0234	3.1231	0.6582	0.7076	0.0873	2.1761	1.2017	3.2931	0.0000	1.7964	-0.1521	0.4619	5.0326	3.6794	39.3193	17.4287	0.3448	0.3448	0.0000	0.3442	0.3442	0.0000	0.0006	0.0006	0.0000	2.5102	0.8977	1.6125	0.2264	0.2240	0.0024	2.2838	0.6736	1.6101	0.1859	0.1611	0.0248	0.0443	0.0431	0.0012	0.1416	0.1180	0.0236	1.3935	0.8772	0.5163	0.3440	0.3166	0.0274	1.0495	0.5605	0.4889	1.0298	2.0916	0.0001	11.7940	11.2818	0.0105	0.0020	0.0043	0.0001	1.8014	1.0234	3.1231	0.6582	0.7076	0.0873	2.1761	1.2017	3.2931
57	151	0.1744	3	0	1	0	0	0	0	0	0	N	N	N	N	N	N	N	N	N	N	N	N	4.0340	3.6759	3.1114	2.5244	2.8079	0.6783	4.8218	5.1888	3.0795	10.9663	11.8674	5.9227	20.7551	21.0300	0.1728	9.3839	10.0980	5.9931	2.7185	3.2284	1.9035	8.2219	7.4895	0.2548	1.9461	1.9461	1.9461	0.0892	0.3689	-0.5555	-0.4654	5.0326	3.4464	39.3193	10.1316	1.5464	1.4198	0.1266	0.4073	0.4072	0.0000	1.1391	1.0125	0.1266	2.4641	1.8000	0.6641	1.0482	1.0459	0.0022	1.4160	0.7541	0.6619	0.1410	0.1196	0.0214	0.0196	0.0194	0.0003	0.1214	0.1003	0.0211	0.9064	0.5576	0.3489	0.1789	0.1701	0.0088	0.7276	0.3875	0.3401	4.0340	3.6759	3.1114	3.5416	3.4196	0.6783	4.8218	5.1888	3.0795	2.7185	3.2284	1.9035	5.8603	6.1499	0.2548	1.9461	1.9461	1.9461
57	152	0.6018	9	1	1	0	0	0	0	0	0	N	N	N	N	N	N	N	N	N	N	N	N	0.0117	0.3196	0.0000	0.0000	0.0000	0.0084	48.0059	0.0000	0.0260	0.0303	0.0000	0.0000	0.0000	0.0000	0.0348	0.0414	0.0000	2.2280	0.0948	6.3771	0.1310	0.1588	0.0000	4.1350	0.0009	9.1467	0.0000	34.5856	-0.0004	0.5942	5.0326	1.0143	39.3193	12.0086	0.0008	0.0008	0.0000	0.0000	0.0000	0.0000	0.0008	0.0008	0.0000	1.1571	0.0325	1.1246	0.0324	0.0324	0.0000	1.1247	0.0001	1.1246	0.0319	0.0274	0.0045	0.0080	0.0074	0.0006	0.0239	0.0200	0.0038	0.5193	0.3430	0.1763	0.2474	0.2039	0.0434	0.2720	0.1391	0.1329	0.0117	0.3196	0.0000	0.0000	0.0000	0.0000	0.0084	48.0059	0.0000	2.2280	0.0948	6.3771	0.1310	0.1588	0.0000	4.1350	0.0009	8.4596	
57	153	0.5995	8	1	1	0	0	0	0	0	0	N	N	N	N	N	N	N	N	N	N	N	N	4.5571	36.4194	0.0000	106.1722	95.7067	0.0000	0.0000	0.0000	0.0000	0.0272	0.0317	0.0000	0.1113	0.1212	0.0000	0.0000	0.0000	0.0000	0.0060	0.0009	0.0160	0.0010	0.0013	0.0000	0.0106	0.0003	0.0212	0.0000	9.3675	-0.0004	0.0001	5.0326	0.9811	39.3193	0.0216	0.0008	0.0008	0.0000	0.0008	0.0008	0.0000	0.0000	0.0000	0.0000	0.0003	0.0000	0.0002	0.0000	0.0000	0.0000	0.0002	0.0000	0.0002	0.0305	0.0261	0.0043	0.0075	0.0068	0.0006	0.0230	0.0193	0.0037	0.0424	0.0281	0.0143	0.0205	0.0169	0.0035	0.0220	0.0111	0.0108	4.5571	36.4194	0.0000	106.1722	95.7067	0.0000	0.0000	0.0000	0.0000	0.0060	0.0009	0.0160	0.0010	0.0013	0.0000	0.0106	0.0003	0.0212
57	154	0.5950	7	1	1	0	0	0	0	0	0	N	N	N	N	N	N	N	N	N	N	N	N	0.0000	0.0000	0.0000	0.0000	0.0000	0.0000	0.0000	0.0000	0.0000	0.0000	0.0000	0.0000	0.0000	0.0000	0.0000	0.0000	0.0000	0.0000	0.0072	0.0105	0.0009	0.0106	0.0127	0.0000	0.0041	0.0070	0.0011	0.0414	0.0000	-0.0003	5.0326	0.0083	39.3193	2.0001	0.0000	0.0000	0.0000	0.0000	0.0000	0.0000	0.0000	0.0000	0.0000	0.0006	0.0006	0.0000	0.0004	0.0004	0.0000	0.0002	0.0002	0.0000	0.0003	0.0003	0.0000	0.0001	0.0001	0.0000	0.0002	0.0002	0.0000	0.0869	0.0577	0.0292	0.0419	0.0349	0.0071	0.0450	0.0228	0.0222	0.0000	0.0000	0.0000	0.0000	0.0000	0.0000	0.0000	0.0000	0.0000	0.0072	0.0105	0.0009	0.0106	0.0127	0.0000	0.0041	0.0070	0.0011	
57	155	0.5713	6	0	1	0	0	0	0	0	0	N	N	N	N	N	N	N	N	N	N	N	N	0.0000	0.0000	0.0005	0.0000	0.0000	0.0000	0.0000	0.0000	0.0007	0.0000	0.0000	0.0000	0.0000	0.0000	0.0000	0.0000	0.0000	0.0000	0.2528	0.3631	0.0117	0.0054	0.0040	0.0135	0.4774	0.8861	0.0112	inf	0.0148	0.0000	-0.0592	5.0326	2.9180	39.3193	7.4065	0.0000	0.0000	0.0000	0.0000	0.0000	0.0000	0.0000	0.0000	0.0000	0.1333	0.1313	0.0019	0.0014	0.0009	0.0005	0.1319	0.1305	0.0015	0.0935	0.0800	0.0135	0.0250	0.0226	0.0024	0.0685	0.0574	0.0111	0.5271	0.3618	0.1654	0.2508	0.2145	0.0363	0.2763	0.1472	0.1291	0.0000	0.0000	0.0005	0.0000	0.0000	0.0000	0.0000	0.0000	0.0007	0.2528	0.3631	0.0117	0.0054	0.0040	0.0135	0.4774	0.8861	0.0112
57	156	0.5055	5	0	0	0	0	0	0	0	0	N	N	N	N	N	N	N	N	N	N	N	N	1.4255	12.5355	0.0003	3.2113	6.7619	0.0000	0.9849	20.4581	0.0003	1.1460	1.3064	0.0007	0.7699	0.8168	0.0000	1.3291	1.5722	0.0008	0.8039	0.1042	2.2694	0.2397	0.1208	0.9553	1.3495	0.0769	2.6332	0.0001	10.3965	-0.1873	0.5750	5.0326	8.2479	39.3193	19.7214	0.4246	0.4246	0.0000	0.0934	0.0934	0.0000	0.3312	0.3312	0.0000	1.2669	0.1112	1.1557	0.1857	0.0802	0.1055	1.0812	0.0309	1.0502	0.3705	0.3250	0.0455	0.1213	0.1143	0.0070	0.2492	0.2107	0.0386	1.5759	1.0666	0.5093	0.7747	0.6643	0.1104	0.8012	0.4023	0.3988	1.4255	12.5355	0.0003	3.2113	6.7619	0.0000	0.9849	20.4581	0.0003	0.8039	0.1042	2.2694	0.2397	0.1208	0.9553	1.3495	0.0769	2.6332
57	157	0.4694	4	0	0	0	0	0	0	0	0	N	N	N	N	N	N	N	N	N	N	N	N	1.6485	2.5558	0.0224	0.0473	0.0650	0.0000	1.3035	1.6539	0.0223	2.4080	2.7787	0.0510	0.0251	0.0270	0.0000	3.2231	3.8159	0.0589	1.4607	1.0872	2.2732	0.5299	0.4157	1.1682	2.4727	2.3073	2.6432	0.0029	0.9613	-0.2940	0.0721	5.0326	7.4725	39.3193	14.3153	0.6709	0.6690	0.0019	0.0018	0.0018	0.0000	0.6692	0.6672	0.0019	2.2700	1.1574	1.1126	0.4289	0.2855	0.1434	1.8411	0.8719	0.9692	0.2786	0.2408	0.0379	0.0710	0.0659	0.0051	0.2076	0.1749	0.0328	1.5540	1.0645	0.4894	0.8094	0.6866	0.1228	0.7446	0.3779	0.3667	1.6485	2.5558	0.0224	0.0473	0.0650	0.0000	1.3035	1.6539	0.0223	1.4607	1.0872	2.2732	0.5299	0.4157	1.1682	2.4727	2.3073	2.6432
57	158	0.4039	3	0	0	0	0	0	0	0	0	N	N	N	N	N	N	N	N	N	N	N	N	0.4184	0.0163	1.8003	0.0182	0.0473	0.0000	0.5526	0.0080	4.0597	0.4856	0.0129	3.5705	0.0225	0.0237	0.0000	0.6051	0.0097	3.8846	1.1607	0.7884	1.9832	1.2333	0.5013	6.0830	1.0949	1.2200	0.9569	42.5383	1.1388	0.1079	0.1909	5.0326	11.6653	39.3193	19.4910	0.2013	0.0046	0.1967	0.0019	0.0019	0.0000	0.1994	0.0027	0.1967	2.5777	1.2052	1.3725	1.3031	0.4603	0.8429	1.2746	0.7450	0.5296	0.4146	0.3595	0.0551	0.0850	0.0806	0.0045	0.3296	0.2789	0.0506	2.2207	1.5287	0.6920	1.0566	0.9181	0.1386	1.1641	0.6106	0.5535	0.4184	0.0163	1.8003	0.0182	0.0473	0.0000	0.5526	0.0080	4.0597	1.1607	0.7884	1.9832	1.2333	0.5013	6.0830	1.0949	1.2200	0.9569
57	159	0.3566	2	0	0	0	0	0	0	0	0	N	N	N	N	N	N	N	N	N	N	N	N	2.1402	0.0636	23.0146	0.3733	0.3771	0.0129	2.0959	0.0050	23.6007	2.6830	0.0910	19.8077	0.3323	0.3472	0.0087	3.3309	0.0110	21.3593	1.2536	1.4297	0.8607	0.8901	0.9207	0.6776	1.5893	2.2189	0.9050	32.9518	0.2698	0.4127	-0.7077	5.0326	7.3933	39.3193	20.5306	0.7796	0.0230	0.7566	0.0209	0.0208	0.0000	0.7587	0.0021	0.7566	2.8780	2.2665	0.6115	0.9812	0.8873	0.0939	1.8968	1.3792	0.5176	0.2906	0.2524	0.0382	0.0628	0.0600	0.0028	0.2278	0.1924	0.0354	2.2958	1.5853	0.7105	1.1023	0.9637	0.1386	1.1935	0.6216	0.5719	2.1402	0.0636	23.0146	0.3733	0.3771	0.0129	2.0959	0.0050	23.6007	1.2536	1.4297	0.8607	0.8901	0.9207	0.6776	1.5893	2.2189	0.9050
57	161	0.2250	7	1	1	0	0	0	0	0	0	N	N	N	N	N	N	N	N	N	N	N	N	0.0000	0.0000	0.0000	0.0000	0.0000	0.0000	0.0000	0.0000	0.0000	0.0000	0.0000	0.0000	0.0000	0.0000	0.0000	0.0000	0.0000	0.0000	8.5634	0.0320	32.5923	0.1042	0.1149	0.0281	7.3893	0.0109	29.6468	356.4091	0.0000	0.5377	5.0326	0.0002	39.3193	3.0099	0.0000	0.0000	0.0000	0.0000	0.0000	0.0000	0.0000	0.0000	0.0000	0.9979	0.0028	0.9951	0.0021	0.0020	0.0001	0.9958	0.0008	0.9951	0.0000	0.0000	0.0000	0.0000	0.0000	0.0000	0.0000	0.0000	0.0000	0.1550	0.0873	0.0677	0.0202	0.0177	0.0025	0.1348	0.0696	0.0652	0.0000	0.0000	0.0000	0.0000	0.0000	0.0000	0.0000	0.0000	0.0000	6.4397	0.0320	14.7019	0.1042	0.1149	0.0281	7.3893	0.0109	15.2623	
57	162	0.2173	6	1	1	0	0	0	0	0	0	N	N	N	N	N	N	N	N	N	N	N	N	0.0000	0.0000	0.0000	0.0000	0.0000	0.0000	0.0000	0.0000	0.0000	0.0000	0.0000	0.0000	0.0000	0.0000	0.0000	0.0000	0.0000	0.0351	0.0122	0.0637	0.0060	0.0069	0.0000	0.0390	0.0134	0.0661	4.1800	0.0000	0.0019	5.0326	0.9998	39.3193	2.0118	0.0000	0.0000	0.0000	0.0000	0.0000	0.0000	0.0000	0.0000	0.0000	0.0053	0.0010	0.0043	0.0001	0.0001	0.0000	0.0052	0.0009	0.0043	0.0319	0.0270	0.0049	0.0020	0.0019	0.0001	0.0299	0.0251	0.0047	0.1516	0.0842	0.0674	0.0182	0.0157	0.0024	0.1334	0.0685	0.0649	0.0000	0.0000	0.0000	0.0000	0.0000	0.0000	0.0000	0.0000	0.0000	0.0351	0.0122	0.0637	0.0060	0.0069	0.0000	0.0390	0.0134	0.0661		
57	163	0.2173	5	1	1	0	0	0	0	0	0	N	N	N	N	N	N	N	N	N	N	N	N	0.0000	0.0000	0.0000	0.0000	0.0000	0.0000	0.0000	0.0000	0.0000	0.0000	0.0000	0.0000	0.0000	0.0000	0.0000	0.0000	0.0000	2.9915	2.2648	5.6220	2.5446	2.5840	0.0000	3.2510	1.9909	5.7715	0.6858	0.0000	-0.0000	5.0326	0.0000	39.3193	0.0003	0.0000	0.0000	0.0000	0.0000	0.0000	0.0000	0.0000	0.0000	0.0000	0.0001	0.0001	0.0001	0.0000	0.0000	0.0000	0.0001	0.0000	0.0001	0.0000	0.0000	0.0000	0.0000	0.0000	0.0000	0.0000	0.0000	0.0000	0.0000	0.0000	0.0000	0.0000	0.0000	0.0000	0.0000	0.0000	0.0000	0.0000	0.0000	0.0000	0.0000	0.0000	0.0000	0.0000	0.0000	0.0000	2.9915	2.2648	5.6220	2.5446	2.5840	0.0000	3.2510	1.9909	5.7715		
57	164	0.2064	4	0	1	0	0	0	0	0	0	N	N	N	N	N	N	N	N	N	N	N	N	3.5170	0.0227	1082.8089	0.0817	0.0277	12186.3204	9.8336	0.0010	1034.2760	1.0550	0.0117	5.7162	0.0699	0.0262	8.6467	1.6127	0.0003	5.6865	0.3000	0.5167	0.0053	0.8555	0.9490	0.0007	0.1640	0.3246	0.0055	108.9774	0.0075	0.0004	-0.0366	5.0326	0.0063	39.3193	4.3641	0.0007	0.0000	0.0007	0.0000	0.0000	0.0000	0.0006	0.0000	0.0006	0.0812	0.0806	0.0006	0.0455	0.0455	0.0000	0.0357	0.0351	0.0006	0.0006	0.0005	0.0001	0.0002	0.0002	0.0000	0.0004	0.0003	0.0001	0.2706	0.1559	0.1147	0.0532	0.0480	0.0052	0.2174	0.1080	0.1094	3.5170	0.0227	1082.8089	0.0817	0.0277	12186.3204	9.8336	0.0010	1034.2760	0.3000	0.5167	0.0053	0.8555	0.9490	0.0007	0.1640	0.3246	0.0055
57	165	0.1744	3	0	0	0	0	0	0	0	0	N	N	N	N	N	N	N	N	N	N	N	N	5.2748	0.0422	134.2374	0.1014	0.0943	100.7915	13.7646	0.0020	132.4638	3.6329	0.0423	23.8877	0.2184	0.2131	0.7314	4.3202	0.0008	24.1516	0.6887	1.0032	0.1780	2.1547	2.2600	0.0073	0.3139	0.4289	0.1823	100.1147	0.1092	0.2242	-0.2128	5.0326	2.5207	39.3193	10.0226	0.4084	0.0040	0.4044	0.0041	0.0040	0.0001	0.4043	0.0001	0.4042	0.5913	0.5331	0.0582	0.3767	0.3767	0.0001	0.2146	0.1564	0.0582	0.1124	0.0955	0.0169	0.0188	0.0186	0.0002	0.0936	0.0768	0.0167	0.8585	0.5314	0.3272	0.1748	0.1667	0.0082	0.6837	0.3647	0.3190	5.2748	0.0422	134.2374	0.1014	0.0943	100.7915	13.7646	0.0020	132.4638	0.6887	1.0032	0.1780	2.1547	2.2600	0.0073	0.3139	0.4289	0.1823
57	166	0.1589	2	0	0	0	0	0	0	0	0	N	N	N	N	N	N	N	N	N	N	N	N	1.1979	0.0247	6.8080	0.6770	0.6606	0.8303	1.1965	0.0006	6.6632	6.0375	0.0910	38.2679	0.9746	0.9842	0.1948	6.4579	0.0030	38.4977	5.0403	3.6920	5.6210	1.4395	1.4898	0.2346	5.3974	5.0589	5.7777	77.5774	0.8608	0.3218	0.0122	5.0326	2.6894	39.3193	4.6619	0.5893	0.0075	0.5818	0.0073	0.0073	0.0000	0.5820	0.0002	0.5817	2.8853	1.5506	1.3347	0.2412	0.2396	0.0016	2.6441	1.3110	1.3331	0.0976	0.0824	0.0152	0.0075	0.0074	0.0001	0.0901	0.0750	0.0151	0.6574	0.4200	0.2374	0.1675	0.1608	0.0067	0.4899	0.2591	0.2307	1.3757	0.0247	6.8080	0.6770	0.6606	0.8303	1.1965	0.0006	6.6632	4.3887	3.6920	5.6210	1.4395	1.4898	0.2346	5.3974	5.0589	5.7777
58	59	0.5020	6	0	2	0	2	0	0	0	0	N	Y	N	Y	N	N	N	N	N	N	N	N	0.0025	0.0035	0.0000	0.0079	0.0072	0.0000	0.0000	0.0000	0.0000	0.0023	0.0026	0.0000	0.0076	0.0080	0.0000	0.0000	0.0000	0.0000	0.9042	0.7349	1.2967	0.9559	1.1094	0.1986	0.8404	0.0157	1.7883	0.0000	0.7608	-0.0004	-0.0602	5.0036	10.4254	36.7244	21.2017	0.0009	0.0009	0.0000	0.0009	0.0009	0.0000	0.0000	0.0000	0.0000	2.2913	1.3013	0.9900	1.3386	1.2918	0.0469	0.9527	0.0095	0.9432	0.4192	0.3665	0.0527	0.1252	0.1193	0.0059	0.2940	0.2472	0.0468	2.5341	1.7706	0.7635	1.4005	1.1643	0.2361	1.1336	0.6062	0.5274	0.0025	0.0035	0.0000	0.0079	0.0072	0.0000	0.0000	0.0000	0.0000	0.9042	0.7349	1.2967	0.9559	1.1094	0.1986	0.8404	0.0157	1.7883
58	60	0.2351	4	1	1	1	1	0	0	0	0	N	N	N	N	N	N	N	N	N	N	N	N	0.0001	0.0000	1.4905	0.0000	0.0000	0.0000	0.0001	0.0000	1.7271	0.0005	0.0000	0.0032	0.0000	0.0000	0.0000	0.0005	0.0000	0.0033	3.7203	7.5020	0.0022	0.0045	0.0046	0.0041	4.9577	9.3622	0.0019	inf	0.0002	0.0000	-0.4565	5.0036	1.9981	36.7244	3.0867	0.0000	0.0000	0.0000	0.0000	0.0000	0.0000	0.0000	0.0000	0.0000	0.9965	0.9962	0.0002	0.0003	0.0002	0.0000	0.9962	0.9960	0.0002	0.0632	0.0534	0.0098	0.0026	0.0024	0.0002	0.0605	0.0510	0.0095	0.2678	0.1612	0.1067	0.0669	0.0548	0.0121	0.2009	0.1064	0.0945	0.0001	0.0000	1.4905	0.0000	0.0000	0.0000	0.0001	0.0000	1.7271	3.7203	6.1815	0.0022	0.0045	0.0046	0.0041	4.9577	9.3622	0.0019
58	61	0.1918	3	1	1	1	1	0	0	0	0	N	N	N	N	N	N	N	N	N	N	N	N	3.0352	0.0000	20.6556	0.0000	0.0000	3.8946	0.0000	19.0835	7.9657	0.0000	51.8798	0.0000	0.0000	0.0000	8.3487	0.0000	53.0463	2.6244	2.6976	2.5117	4.2189	5.0449	0.0000	2.1436	1.5959	2.7797	inf	0.6039	0.5609	-0.2174	5.0036	4.0039	36.7244	14.0733	1.0036	0.0000	1.0036	0.0000	0.0000	0.0000	1.0036	0.0000	1.0036	2.6554	1.6556	0.9998	0.9890	0.9890	0.0000	1.6664	0.6666	0.9998	0.1260	0.1066	0.0193	0.0058	0.0054	0.0004	0.1202	0.1013	0.0189	1.0118	0.6137	0.3981	0.2344	0.1960	0.0384	0.7774	0.4177	0.3597	3.0352	0.0000	20.6556	0.0000	0.0000	0.0000	3.8946	0.0000	19.0835	2.6244	2.6976	2.5117	4.2189	5.0449	0.0000	2.1436	1.5959	2.7797	
58	62	0.2112	4	1	1	1	1	0	0	0	0	N	N	N	N	N	N	N	N	N	N	N	N	0.0000	0.0000	0.0000	0.0000	0.0000	0.0000	0.0000	0.0000	0.0000	0.0000	0.0000	0.0000	0.0000	0.0000	0.0000	0.0000	0.0000	0.0000	5.4140	11.3148	0.0001	23.2513	27.8019	0.0006	3.0820	6.0836	0.0000	0.0000	0.0000	-1.8256	5.0036	0.0060	36.7244	17.2393	0.0000	0.0000	0.0000	0.0000	0.0000	0.0000	0.0000	0.0000	0.0000	3.9830	3.9829	0.0000	1.9821	1.9821	0.0000	2.0009	2.0009	0.0000	0.0009	0.0007	0.0001	0.0004	0.0003	0.0000	0.0005	0.0004	0.0001	0.8443	0.4895	0.3548	0.1951	0.1606	0.0345	0.6492	0.3289	0.3203	0.0000	0.0000	0.0000	0.0000	0.0000	0.0000	0.0000	0.0000	0.0000	4.7176	8.1373	0.0001	10.1615	12.3439	0.0006	3.0820	6.0836	0.0000	
58	63	0.1546	2	0	1	1	1	0	0	0	0	N	N	N	N	N	N	N	N	N	N	N	N	0.0000	0.0000	0.0001	0.0000	0.0000	0.0000	0.0000	0.0000	0.0001	0.0000	0.0000	0.0001	0.0000	0.0000	0.0000	0.0000	0.0000	0.0001	1.9803	2.0620	1.8244	1.6623	0.7211	13.4910	2.1517	3.3308	0.8803	inf	0.4639	0.0000	-0.3620	5.0036	1.0230	36.7244	12.1924	0.0000	0.0000	0.0000	0.0000	0.0000	0.0000	0.0000	0.0000	0.0000	2.5589	1.7480	0.8109	0.7525	0.2972	0.4553	1.8065	1.4508	0.3556	0.0362	0.0309	0.0053	0.0028	0.0027	0.0001	0.0334	0.0282	0.0052	1.2922	0.8477	0.4445	0.4527	0.4121	0.0406	0.8395	0.4356	0.4039	0.0000	0.0000	0.0001	0.0000	0.0000	0.0000	0.0000	0.0000	0.0001	1.9803	2.0620	1.8244	1.6623	0.7211	11.2282	2.1517	3.3308	0.8803
58	65	0.2402	3	0	2	0	1	0	0	0	0	N	Y	N	N	N	N	N	N	N	N	N	N	665.6806	0.0000	3124.6662	0.1762	0.0000	1.3444	630.1932	0.0000	3342.2390	15.7878	0.0000	116.1605	0.0021	0.0000	0.0606	18.5356	0.0000	120.7990	0.0237	0.0165	0.0372	0.0121	0.0075	0.0451	0.0294	0.0237	0.0361	inf	1.2132	0.5580	0.0017	5.0036	1.7555	36.7244	11.9300	0.9983	0.0000	0.9983	0.0000	0.0000	0.0000	0.9983	0.0000	0.9983	0.0194	0.0088	0.0106	0.0033	0.0018	0.0015	0.0161	0.0070	0.0091	0.0632	0.0546	0.0086	0.0094	0.0090	0.0003	0.0539	0.0456	0.0083	0.8165	0.5310	0.2856	0.2687	0.2356	0.0331	0.5478	0.2953	0.2525	665.6806	0.0000	3124.6662	0.1762	0.0000	1.3444	630.1932	0.0000	3342.2390	0.0237	0.0165	0.0372	0.0121	0.0075	0.0451	0.0294	0.0237	0.0361
58	66	0.2192	5	1	2	1	1	0	0	0	0	N	Y	N	N	N	N	N	N	N	N	N	N	0.0000	0.0000	0.0000	0.0000	0.0000	0.0000	0.0000	0.0000	0.0000	0.0000	0.0000	0.0000	0.0000	0.0000	0.0000	0.0000	0.0000	0.0000	0.0000	0.0000	5.0036	0.0000	36.7244	0.0000	0.0000	0.0000	0.0000	0.0000	0.0000	0.0000	0.0000	0.0000	0.0000	0.0000	0.0000	0.0000	0.0000	0.0000	0.0000	0.0000	0.0000	0.0000	0.0000	0.0000	0.0000	0.0000	0.0000	0.0000	0.0000	0.0000	0.0000	0.0000	0.0000	0.0000	0.0000	0.0000	0.0000	0.0000	0.0000	0.0000	0.0000	0.0000	0.0000	0.0000	0.0000	0.0000	0.0000	0.0000	0.0000	0.0000	0.0000	0.0000	0.0000	0.0000	0.0000	0.0000	0.0000	0.0000											
58	67	0.7238	8	1	2	1	1	0	0	0	0	N	Y	N	N	N	N	N	N	N	N	N	N	0.0000	0.0000	0.0000	0.0000	0.0000	0.0000	0.0000	0.0000	0.0000	0.0000	0.0000	0.0000	0.0000	8.5312	13.5977	0.0000	28.1544	32.3527	0.0000	0.0000	0.0000	0.0000	0.0000	0.0000	-0.4584	5.0036	1.0000	36.7244	3.0000	0.0000	0.0000	0.0000	0.0000	0.0000	0.0000	0.0000	0.0000	0.0000	1.0000	1.0000	0.0000	1.0000	1.0000	0.0000	0.0000	0.0000	0.0000	0.0250	0.0215	0.0034	0.0054	0.0050	0.0004	0.0196	0.0166	0.0030	0.1556	0.1071	0.0484	0.0884	0.0727	0.0157	0.0672	0.0344	0.0328	0.0000	0.0000	0.0000	0.0000	0.0000	0.0000	0.0000	0.0000	0.0000	6.4286	9.3360	0.0000	11.3178	13.7556	0.0000	0.0000	0.0000	0.0000						
58	68	0.2192	5	1	2	1	1	0	0	0	0	N	Y	N	N	N	N	N	N	N	N	N	N	0.0000	0.0000	0.0000	0.0000	0.0000	0.0000	0.0000	0.0000	0.0000	0.0000	0.0000	0.0000	0.0000	0.0000	0.0000	0.0000	0.0000	0.0000	0.0000	0.0000	5.0036	1.0000	36.7244	0.0000	0.0000	0.0000	0.0000	0.0000	0.0000	0.0000	0.0000	0.0000	0.0000	0.0000	0.0000	0.0000	0.0000	0.0000	0.0000	0.0000	0.0000	0.0000	0.0319	0.0270	0.0049	0.0016	0.0014	0.0001	0.0303	0.0255	0.0048	0.0506	0.0288	0.0218	0.0095	0.0081	0.0014	0.0411	0.0207	0.0204	0.0000	0.0000	0.0000	0.0000	0.0000	0.0000	0.0000	0.0000	0.0000	0.0000	0.0000	0.0000	0.0000	0.0000	0.0000	0.0000	0.0000	0.0000											
58	69	0.2028	4	1	2	1	1	0	0	0	0	N	Y	N	N	N	N	N	N	N	N	N	N	0.0000	0.0000	0.0000	0.0001	0.0001	0.0000	0.0000	0.0000	0.0000	0.0000	0.0000	0.0000	0.0000	0.0000	0.0000	0.0000	0.0000	0.0000	2.4938	4.0729	0.0006	0.3182	0.3439	0.0000	2.9981	5.5548	0.0006	0.0000	0.0001	-0.0000	-0.4687	5.0036	1.0155	36.7244	5.9708	0.0000	0.0000	0.0000	0.0000	0.0000	0.0000	0.0000	0.0000	0.0000	1.0228	1.0227	0.0001	0.0246	0.0246	0.0000	0.9982	0.9981	0.0001	0.0345	0.0294	0.0052	0.0026	0.0025	0.0001	0.0319	0.0269	0.0051	0.4101	0.2511	0.1590	0.0772	0.0714	0.0058	0.3329	0.1797	0.1533	0.0000	0.0000	0.0000	0.0001	0.0001	0.0000	0.0000	0.0000	0.0000	2.4938	4.0729	0.0006	0.3182	0.3439	0.0000	2.9981	5.5548	0.0006
58	70	0.1980	3	1	1	1	1	0	0	0	0	N	N	N	N	N	N	N	N	N	N	N	N	0.0057	0.0046	0.0077	0.0122	0.0121	0.0000	0.0002	0.0000	0.0082	0.0010	0.0011	0.0002	0.0031	0.0031	0.0000	0.0000	0.0000	0.0002	0.1801	0.2505	0.0232	0.2506	0.2549	0.0650	0.1411	0.2460	0.0220	0.0206	0.0415	-0.0000	-0.0231	5.0036	0.0406	36.7244	2.3361	0.0000	0.0000	0.0000	0.0000	0.0000	0.0000	0.0000	0.0000	0.0000	0.0551	0.0529	0.0022	0.0273	0.0272	0.0002	0.0278	0.0258	0.0020	0.0035	0.0031	0.0004	0.0011	0.0011	0.0000	0.0023	0.0019	0.0004	0.3062	0.2114	0.0948	0.1090	0.1066	0.0025	0.1971	0.1048	0.0923	0.0057	0.0046	0.0077	0.0122	0.0121	0.0000	0.0002	0.0000	0.0082	0.1801	0.2505	0.0232	0.2506	0.2549	0.0650	0.1411	0.2460	0.0220
58	71	0.7238	8	1	2	1	1	0	0	0	0	N	Y	N	N	N	N	N	N	N	N	N	N	0.0000	0.0000	0.0000	0.0000	0.0000	0.0000	0.0000	0.0000	0.0000	0.0000	0.0000	0.0000	0.0000	0.0000	0.0000	0.0000	0.0000	0.0000	0.0000	0.0000	5.0036	0.0000	36.7244	0.0000	0.0000	0.0000	0.0000	0.0000	0.0000	0.0000	0.0000	0.0000	0.0000	0.0000	0.0000	0.0000	0.0000	0.0000	0.0000	0.0000	0.0000	0.0000	0.0000	0.0000	0.0000	0.0000	0.0000	0.0000	0.0000	0.0000	0.0000	0.0000	0.0000	0.0000	0.0000	0.0000	0.0000	0.0000	0.0000	0.0000	0.0000	0.0000	0.0000	0.0000	0.0000	0.0000	0.0000	0.0000	0.0000	0.0000	0.0000	0.0000	0.0000	0.0000	0.0000	0.0000	0.0000	0.0000											
58	72	0.7057	7	1	2	1	1	0	0	0	0	N	Y	N	N	N	N	N	N	N	N	N	N	0.0000	0.0000	0.0000	0.0000	0.0000	0.0000	0.0000	0.0000	0.0000	0.0000	0.0000	0.0000	0.0000	0.0000	0.0000	0.0000	0.0000	0.0083	0.0009	0.0252	0.0015	0.0012	0.0026	0.0217	0.0000	0.0423	11.6326	0.0000	0.0010	5.0036	3.9057	36.7244	1.1104	0.0000	0.0000	0.0000	0.0000	0.0000	0.0000	0.0000	0.0000	0.0000	0.0022	0.0002	0.0020	0.0003	0.0002	0.0001	0.0019	0.0000	0.0019	0.1096	0.0948	0.0148	0.0252	0.0236	0.0016	0.0844	0.0712	0.0132	0.2631	0.1835	0.0796	0.1750	0.1406	0.0344	0.0881	0.0429	0.0452	0.0000	0.0000	0.0000	0.0000	0.0000	0.0000	0.0000	0.0000	0.0000	0.0083	0.0009	0.0252	0.0015	0.0012	0.0026	0.0217	0.0000	0.0423		
58	73	0.5029	5	1	2	0	1	0	0	0	0	N	Y	N	N	N	N	N	N	N	N	N	N	0.0002	0.0002	0.0000	0.0131	0.0148	0.0000	0.0000	0.0000	0.0000	0.0002	0.0002	0.0000	0.0005	0.0006	0.0000	0.0000	0.0000	0.0000	0.7757	1.0805	0.1297	0.0401	0.0376	0.0553	1.5038	2.8683	0.1498	0.0030	0.0566	-0.0000	-0.4266	5.0036	6.9070	36.7244	16.5673	0.0001	0.0001	0.0000	0.0001	0.0001	0.0000	0.0000	0.0000	0.0000	1.0540	0.9975	0.0565	0.0271	0.0219	0.0051	1.0269	0.9756	0.0513	0.3316	0.2915	0.0401	0.1141	0.1077	0.0064	0.2175	0.1838	0.0337	1.3587	0.9232	0.4355	0.6759	0.5831	0.0928	0.6829	0.3401	0.3428	0.0002	0.0002	0.0000	0.0131	0.0148	0.0000	0.0000	0.0000	0.0000	0.7757	1.0805	0.1297	0.0401	0.0376	0.0553	1.5038	2.8683	0.1498
58	74	0.5668	7	0	2	0	2	0	0	0	0	N	Y	N	Y	N	N	N	N	N	N	N	N	1.9692	0.0001	12.8588	0.0015	0.0004	7.8957	3.2711	0.0000	9.9635	4.7800	0.0003	32.4828	0.0045	0.0014	0.0484	5.8524	0.0000	35.3972	2.4274	2.3809	2.5261	2.9714	3.5856	0.0061	1.7891	0.0656	3.5527	19534.4014	0.4994	0.5459	-0.3746	5.0036	6.4226	36.7244	19.3377	0.9768	0.0000	0.9767	0.0002	0.0000	0.0001	0.9766	0.0000	0.9766	2.9898	1.9940	0.9958	1.9759	1.9752	0.0007	1.0139	0.0188	0.9951	0.2043	0.1743	0.0301	0.0375	0.0350	0.0025	0.1669	0.1393	0.0276	1.2317	0.8375	0.3942	0.6650	0.5509	0.1141	0.5667	0.2866	0.2801	1.9692	0.0001	12.8588	0.0015	0.0004	7.8957	3.2711	0.0000	9.9635	2.4274	2.3809	2.5261	2.9714	3.5856	0.0061	1.7891	0.0656	3.5527
58	75	0.5216	6	0	1	0	2	0	0	0	0	N	N	N	Y	N	N	N	N	N	N	N	N	0.2892	0.1191	35.7721	1.0352	0.9227	0.1018	0.1299	0.0005	32.8224	0.2345	0.1372	0.8992	0.4941	0.5144	0.0012	0.1522	0.0010	0.9718	0.8110	1.1520	0.0251	0.4773	0.5575	0.0119	1.1712	2.1859	0.0296	0.9603	0.0095	0.0023	-0.6036	5.0036	5.1932	36.7244	17.4397	0.0471	0.0241	0.0231	0.0239	0.0239	0.0000	0.0232	0.0001	0.0231	1.3444	1.3317	0.0126	0.4108	0.4093	0.0015	0.9336	0.9225	0.0111	0.2011	0.1754	0.0257	0.0484	0.0465	0.0019	0.1526	0.1289	0.0238	1.6578	1.1561	0.5017	0.8606	0.7341	0.1266	0.7971	0.4220	0.3751	0.2892	0.1191	35.7721	1.0352	0.9227	0.1018	0.1299	0.0005	32.8224	0.8110	1.1520	0.0251	0.4773	0.5575	0.0119	1.1712	2.1859	0.0296
58	76	0.4846	5	0	1	0	1	0	0	0	0	N	N	N	N	N	N	N	N	N	N	N	N	0.4720	0.4101	0.7882	1.2673	1.1418	0.0137	0.1456	0.0071	0.6534	0.2388	0.2311	0.2882	0.7753	0.8094	0.0018	0.0537	0.0020	0.3134	0.5059	0.5635	0.3657	0.6118	0.7089	0.1284	0.3687	0.2773	0.4796	0.1935	0.2666	-0.0120	-0.2583	5.0036	4.4918	36.7244	17.5337	0.0429	0.0359	0.0070	0.0357	0.0357	0.0000	0.0072	0.0002	0.0070	1.0419	0.8226	0.2193	0.7112	0.6862	0.0250	0.3307	0.1364	0.1943	0.1797	0.1555	0.0241	0.0461	0.0441	0.0019	0.1336	0.1114	0.0222	2.0595	1.4598	0.5997	1.1624	0.9679	0.1945	0.8971	0.4919	0.4052	0.4720	0.4101	0.7882	1.2673	1.1418	0.0137	0.1456	0.0071	0.6534	0.5059	0.5635	0.3657	0.6118	0.7089	0.1284	0.3687	0.2773	0.4796
58	77	0.2137	4	0	1	0	2	0	0	0	0	N	N	N	Y	N	N	N	N	N	N	N	N	0.0000	0.0000	0.0000	0.0000	0.0000	0.0000	0.0000	0.0000	0.0000	0.0000	0.0000	0.0000	0.0000	0.0000	0.0000	0.0000	0.0000	0.0000	2.5097	1.6031	3.9686	3.0799	3.4863	0.0057	2.2404	0.0023	4.3980	1.5385	0.0000	0.3656	5.0036	0.3745	36.7244	14.7996	0.0000	0.0000	0.0000	0.0000	0.0000	0.0000	0.0000	0.0000	0.0000	2.4753	0.9751	1.5002	0.9746	0.9744	0.0002	1.5007	0.0007	1.5000	0.0162	0.0142	0.0019	0.0027	0.0027	0.0000	0.0134	0.0116	0.0019	0.9863	0.6083	0.3780	0.3164	0.2795	0.0370	0.6699	0.3288	0.3411	0.0000	0.0000	0.0000	0.0000	0.0000	0.0000	0.0000	0.0000	0.0000	2.5097	1.6031	3.9686	3.0799	3.4863	0.0057	2.2404	0.0023	4.3980	
58	78	0.1914	3	0	1	0	2	0	0	0	0	N	N	N	Y	N	N	N	N	N	N	N	N	0.0000	0.0000	0.0000	0.0000	0.0000	0.0000	0.0000	0.0000	0.0000	0.0000	0.0000	0.0000	0.0000	0.0000	0.0000	0.0000	0.0000	0.0000	0.5286	0.4840	0.6015	0.7747	0.8867	0.0182	0.4027	0.1195	0.6773	0.7598	0.0000	-0.0127	5.0036	1.4595	36.7244	10.3922	0.0000	0.0000	0.0000	0.0000	0.0000	0.0000	0.0000	0.0000	0.0000	0.4770	0.2711	0.2060	0.2367	0.2359	0.0007	0.2404	0.0351	0.2052	0.0509	0.0436	0.0074	0.0034	0.0033	0.0001	0.0476	0.0403	0.0073	0.9025	0.5601	0.3424	0.3055	0.2661	0.0394	0.5970	0.2940	0.3030	0.0000	0.0000	0.0000	0.0000	0.0000	0.0000	0.0000	0.0000	0.0000	0.5286	0.4840	0.6015	0.7747	0.8867	0.0182	0.4027	0.1195	0.6773	
58	79	0.1773	2	0	1	0	2	0	0	0	0	N	N	N	Y	N	N	N	N	N	N	N	N	0.0000	0.0000	0.0000	0.0000	0.0000	0.0000	0.0000	0.0000	0.0000	0.0000	0.0000	0.0000	0.0000	0.0000	0.0000	0.0000	0.0000	0.0000	0.8743	0.8154	0.9711	1.2623	1.2324	1.5117	0.6422	0.3317	0.9070	inf	0.7236	0.0000	-0.0249	5.0036	1.3861	36.7244	6.3168	0.0000	0.0000	0.0000	0.0000	0.0000	0.0000	0.0000	0.0000	0.0000	0.6451	0.3743	0.2708	0.3485	0.3038	0.0447	0.2966	0.0705	0.2261	0.0445	0.0375	0.0070	0.0012	0.0011	0.0001	0.0433	0.0364	0.0069	0.7379	0.4590	0.2789	0.2761	0.2465	0.0296	0.4618	0.2125	0.2493	0.0000	0.0000	0.0000	0.0000	0.0000	0.0000	0.0000	0.0000	0.0000	0.8743	0.8154	0.9711	1.2623	1.2324	1.5117	0.6422	0.3317	0.9070
58	81	0.6584	7	0	2	1	1	0	0	0	0	N	Y	N	N	N	N	N	N	N	N	N	N	0.0077	151.6637	0.0000	83.8696	263.7455	0.0000	0.0000	inf	0.0000	0.0243	0.0279	0.0000	0.0636	0.0681	0.0000	0.0002	0.0003	0.0000	3.1668	0.0002	18.9992	0.0008	0.0003	0.0034	7.7246	0.0000	28.9258	0.0000	24752.0000	-0.0007	0.5362	5.0036	2.0162	36.7244	4.5500	0.0017	0.0017	0.0000	0.0017	0.0017	0.0000	0.0000	0.0000	0.0000	0.9901	0.0000	0.9901	0.0001	0.0000	0.0001	0.9900	0.0000	0.9900	0.0695	0.0605	0.0090	0.0264	0.0247	0.0017	0.0431	0.0358	0.0073	0.3127	0.2171	0.0956	0.1845	0.1550	0.0295	0.1282	0.0621	0.0661	0.0077	151.6637	0.0000	83.8696	263.7455	0.0000	0.0000	inf	0.0000	3.1668	0.0002	10.3589	0.0008	0.0003	0.0034	7.7246	0.0000	14.9847
58	82	0.2258	5	0	2	1	1	0	0	0	0	N	Y	N	N	N	N	N	N	N	N	N	N	0.0000	0.0000	0.0000	0.0000	0.0000	0.0000	0.0000	0.0000	0.0000	0.0000	0.0000	0.0000	0.0000	0.0000	0.0000	0.0000	0.0000	0.0000	0.0309	0.0439	0.0103	0.1026	0.1162	0.0023	0.0054	0.0001	0.0110	0.1492	0.0000	-0.0043	5.0036	3.0011	36.7244	3.7015	0.0000	0.0000	0.0000	0.0000	0.0000	0.0000	0.0000	0.0000	0.0000	0.0130	0.0113	0.0017	0.0113	0.0113	0.0000	0.0017	0.0000	0.0017	0.0942	0.0798	0.0144	0.0053	0.0050	0.0004	0.0889	0.0749	0.0140	0.4218	0.2580	0.1638	0.1105	0.0973	0.0132	0.3113	0.1607	0.1506	0.0000	0.0000	0.0000	0.0000	0.0000	0.0000	0.0000	0.0000	0.0000	0.0309	0.0439	0.0103	0.1026	0.1162	0.0023	0.0054	0.0001	0.0110	
58	83	0.2144	4	0	2	0	1	0	0	0	0	N	Y	N	N	N	N	N	N	N	N	N	N	0.0000	0.0000	0.0000	0.0000	0.0000	0.0000	0.0000	0.0000	0.0000	0.0000	0.0000	0.0000	0.0000	0.0000	0.0000	0.0000	0.0000	0.0000	2.3301	0.8012	5.3330	1.5469	1.7314	0.0147	2.7214	0.0441	5.9643	3.3893	0.0000	0.3990	5.0036	2.0032	36.7244	4.2039	0.0000	0.0000	0.0000	0.0000	0.0000	0.0000	0.0000	0.0000	0.0000	1.2715	0.2897	0.9818	0.2812	0.2809	0.0003	0.9903	0.0088	0.9815	0.0636	0.0538	0.0098	0.0034	0.0031	0.0002	0.0602	0.0507	0.0095	0.5457	0.3616	0.1841	0.1818	0.1622	0.0195	0.3639	0.1993	0.1646	0.0000	0.0000	0.0000	0.0000	0.0000	0.0000	0.0000	0.0000	0.0000	2.3301	0.8012	5.3330	1.5469	1.7314	0.0147	2.7214	0.0441	5.9643	
58	84	0.2112	4	1	1	1	1	0	0	0	0	N	N	N	N	N	N	N	N	N	N	N	N	0.0000	0.0000	0.0000	0.0000	0.0000	0.0000	0.0000	0.0000	0.0000	0.0000	0.0000	0.0000	0.0000	0.0000	0.0000	0.0000	0.0000	0.0000	0.1086	0.0890	0.1367	0.1611	0.1157	0.4184	0.0903	0.0731	0.1074	1.0752	0.0000	0.0022	5.0036	1.0052	36.7244	4.9545	0.0000	0.0000	0.0000	0.0000	0.0000	0.0000	0.0000	0.0000	0.0000	0.0364	0.0175	0.0188	0.0139	0.0085	0.0054	0.0224	0.0090	0.0134	0.0326	0.0276	0.0050	0.0024	0.0022	0.0002	0.0302	0.0254	0.0048	0.3349	0.1971	0.1379	0.0866	0.0736	0.0130	0.2484	0.1235	0.1249	0.0000	0.0000	0.0000	0.0000	0.0000	0.0000	0.0000	0.0000	0.0000	0.1086	0.0890	0.1367	0.1611	0.1157	0.4184	0.0903	0.0731	0.1074	
58	85	0.1918	3	1	1	1	1	0	0	0	0	N	N	N	N	N	N	N	N	N	N	N	N	0.0000	0.0000	0.0000	0.0000	0.0000	0.0000	0.0000	0.0000	0.0000	0.0000	0.0000	0.0000	0.0000	0.0000	0.0000	0.0000	0.0000	0.0000	1.2076	1.8719	0.0579	0.1429	0.1671	0.0013	1.6137	2.8812	0.0650	0.0179	0.0000	-0.3082	5.0036	0.9968	36.7244	7.6169	0.0000	0.0000	0.0000	0.0000	0.0000	0.0000	0.0000	0.0000	0.0000	0.6993	0.6870	0.0123	0.0228	0.0228	0.0000	0.6765	0.6642	0.0123	0.0318	0.0269	0.0049	0.0015	0.0014	0.0001	0.0303	0.0255	0.0048	0.5791	0.3670	0.2121	0.1599	0.1365	0.0234	0.4192	0.2305	0.1887	0.0000	0.0000	0.0000	0.0000	0.0000	0.0000	0.0000	0.0000	0.0000	1.2076	1.8719	0.0579	0.1429	0.1671	0.0013	1.6137	2.8812	0.0650	
58	86	0.2118	2	1	2	0	1	0	0	0	0	N	Y	N	N	N	N	N	N	N	N	N	N	0.0006	0.0008	0.0000	0.0023	0.0022	0.0000	0.0000	0.0000	0.0000	0.0000	0.0001	0.0000	0.0003	0.0003	0.0000	0.0000	0.0000	0.0000	0.0730	0.0692	0.0819	0.1314	0.1394	0.0587	0.0362	0.0000	0.0853	0.0000	0.5042	-0.0000	-0.0109	5.0036	5.8060	36.7244	6.1034	0.0000	0.0000	0.0000	0.0000	0.0000	0.0000	0.0000	0.0000	0.0000	0.0885	0.0588	0.0297	0.0616	0.0588	0.0027	0.0269	0.0000	0.0269	0.2210	0.1871	0.0339	0.0338	0.0322	0.0016	0.1872	0.1549	0.0323	1.2121	0.8497	0.3624	0.4684	0.4221	0.0463	0.7437	0.4276	0.3161	0.0006	0.0008	0.0000	0.0023	0.0022	0.0000	0.0000	0.0000	0.0000	0.0730	0.0692	0.0819	0.1314	0.1394	0.0587	0.0362	0.0000	0.0853
58	88	0.2144	4	0	2	0	1	0	0	0	0	N	Y	N	N	N	N	N	N	N	N	N	N	0.0000	0.0000	0.0000	0.0000	0.0000	0.0000	0.0000	0.0000	0.0000	0.0000	0.0000	0.0000	0.0000	0.0000	0.0000	0.0000	0.0000	0.0000	0.8051	1.2826	0.0001	0.1099	0.1266	0.0007	1.0644	1.9779	0.0000	0.0000	0.0000	-0.3157	5.0036	4.0005	36.7244	9.0093	0.0000	0.0000	0.0000	0.0000	0.0000	0.0000	0.0000	0.0000	0.0000	0.6888	0.6888	0.0000	0.0255	0.0255	0.0000	0.6633	0.6633	0.0000	0.1256	0.1064	0.0192	0.0066	0.0061	0.0005	0.1191	0.1003	0.0188	0.8556	0.5370	0.3185	0.2324	0.2017	0.0307	0.6232	0.3353	0.2878	0.0000	0.0000	0.0000	0.0000	0.0000	0.0000	0.0000	0.0000	0.0000	0.8051	1.2826	0.0001	0.1099	0.1266	0.0007	1.0644	1.9779	0.0000	
58	89	0.1918	3	0	2	0	1	0	0	0	0	N	Y	N	N	N	N	N	N	N	N	N	N	0.0000	0.0000	0.0000	0.0000	0.0000	0.0000	0.0000	0.0000	0.0000	0.0000	0.0000	0.0000	0.0000	0.0000	0.0000	0.0000	0.0000	0.0000	2.1162	3.3351	0.0746	10.6893	12.2727	0.0038	0.4425	0.7412	0.0830	0.0134	0.0000	-0.6193	5.0036	1.0051	36.7244	9.2650	0.0000	0.0000	0.0000	0.0000	0.0000	0.0000	0.0000	0.0000	0.0000	1.3910	1.3727	0.0183	1.1769	1.1768	0.0001	0.2141	0.1959	0.0182	0.0321	0.0271	0.0049	0.0015	0.0014	0.0001	0.0306	0.0258	0.0048	0.6573	0.4116	0.2457	0.1734	0.1473	0.0261	0.4839	0.2643	0.2196	0.0000	0.0000	0.0000	0.0000	0.0000	0.0000	0.0000	0.0000	0.0000	2.1162	3.3351	0.0746	6.7863	7.9888	0.0038	0.4425	0.7412	0.0830	
58	90	0.2402	3	0	1	1	1	0	0	0	0	N	N	N	N	N	N	N	N	N	N	N	N	1.5984	1.9544	2.0049	17.3571	29.7445	0.0000	0.4161	0.0000	2.1537	0.0487	0.0404	0.1005	0.2567	0.2673	0.0000	0.0161	0.0000	0.1046	0.0305	0.0207	0.0501	0.0148	0.0090	0.0626	0.0388	0.0307	0.0486	0.4014	1.2132	-0.0006	0.0017	5.0036	2.3559	36.7244	7.1930	0.0040	0.0028	0.0011	0.0028	0.0028	0.0000	0.0011	0.0000	0.0011	0.0194	0.0088	0.0106	0.0033	0.0018	0.0015	0.0161	0.0070	0.0091	0.0817	0.0703	0.0113	0.0111	0.0106	0.0004	0.0706	0.0597	0.0109	0.6353	0.4236	0.2117	0.2200	0.1962	0.0238	0.4153	0.2274	0.1879	1.5984	1.9544	2.0049	17.3571	29.7445	0.0000	0.4161	0.0000	2.1537	0.0305	0.0207	0.0501	0.0148	0.0090	0.0626	0.0388	0.0307	0.0486
58	91	0.2074	2	0	1	0	1	0	0	0	0	N	N	N	N	N	N	N	N	N	N	N	N	3.1981	0.0058	16.1440	0.1323	0.2089	0.0888	2.4636	0.0001	15.1579	3.8923	0.0051	31.2786	0.0203	0.0197	0.0651	5.0228	0.0001	32.0537	1.2171	0.8852	1.9375	0.1538	0.0945	0.7334	2.0388	1.9667	2.1147	867.6801	1.0081	0.5532	0.0987	5.0036	4.9284	36.7244	11.0439	0.9919	0.0011	0.9908	0.0012	0.0011	0.0000	0.9907	0.0000	0.9907	2.2620	1.1265	1.1356	0.1246	0.0695	0.0551	2.1374	1.0570	1.0804	0.2548	0.2232	0.0317	0.0576	0.0568	0.0008	0.1972	0.1663	0.0309	1.8586	1.2725	0.5861	0.8102	0.7351	0.0752	1.0483	0.5374	0.5109	3.1981	0.0058	16.1440	0.1323	0.2089	0.0888	2.4636	0.0001	15.1579	1.2171	0.8852	1.9375	0.1538	0.0945	0.7334	2.0388	1.9667	2.1147
58	93	0.6584	7	1	2	0	1	0	0	0	0	N	Y	N	N	N	N	N	N	N	N	N	N	0.0230	0.0188	0.0000	0.0367	0.0330	0.0000	0.0052	0.0291	0.0000	0.0210	0.0241	0.0000	0.0561	0.0602	0.0000	0.0002	0.0002	0.0000	0.9119	1.2855	0.0708	1.5288	1.8227	0.0824	0.0369	0.0080	0.0653	0.0000	0.0245	-0.0008	-0.1672	5.0036	2.5103	36.7244	7.4742	0.0017	0.0017	0.0000	0.0017	0.0017	0.0000	0.0000	0.0000	0.0000	0.3847	0.3756	0.0092	0.3783	0.3749	0.0034	0.0064	0.0007	0.0057	0.0823	0.0717	0.0107	0.0307	0.0286	0.0021	0.0517	0.0431	0.0086	0.4219	0.2922	0.1298	0.2474	0.2057	0.0418	0.1745	0.0865	0.0880	0.0230	0.0188	0.0000	0.0367	0.0330	0.0000	0.0052	0.0291	0.0000	0.9119	1.2855	0.0708	1.5288	1.8227	0.0824	0.0369	0.0080	0.0653
58	94	0.6222	6	0	2	0	1	0	0	0	0	N	Y	N	N	N	N	N	N	N	N	N	N	3.1562	3.0692	0.0073	6.7391	5.8448	0.8546	0.0012	0.0329	0.0007	3.7420	4.2507	0.0053	10.8373	11.4268	0.0315	0.0007	0.0007	0.0007	1.1856	1.3849	0.7305	1.6081	1.9550	0.0368	0.5551	0.0206	1.1132	0.0002	0.2310	-0.4405	-0.1606	5.0036	7.1305	36.7244	3.2426	0.9991	0.9989	0.0002	0.9990	0.9988	0.0001	0.0001	0.0001	0.0000	0.5934	0.4820	0.1114	0.4819	0.4799	0.0020	0.1115	0.0021	0.1094	0.2670	0.2350	0.0320	0.0922	0.0874	0.0048	0.1748	0.1476	0.0272	0.5005	0.3481	0.1524	0.2997	0.2455	0.0542	0.2008	0.1026	0.0982	3.1562	3.0692	0.0073	6.7391	5.8448	0.8546	0.0012	0.0329	0.0007	1.1856	1.3849	0.7305	1.6081	1.9550	0.0368	0.5551	0.0206	1.1132
58	95	0.1918	3	1	2	0	1	0	0	0	0	N	Y	N	N	N	N	N	N	N	N	N	N	2.3569	0.6999	inf	0.0000	0.0000	5.1298	1.6205	inf	8.0926	4.7750	26.5150	0.0000	0.0000	0.0000	8.4811	5.0268	27.1118	3.4335	6.8225	0.0000	22.9068	27.3571	0.0000	1.6533	3.1020	0.0000	1.0000	0.0000	0.1178	-2.4127	5.0036	8.0000	36.7244	22.5660	2.0000	1.0000	1.0000	0.0000	0.0000	0.0000	2.0000	1.0000	1.0000	5.2636	5.2636	0.0000	3.2630	3.2630	0.0000	2.0006	2.0006	0.0000	0.2471	0.2094	0.0377	0.0113	0.0105	0.0008	0.2358	0.1989	0.0369	1.5330	0.9117	0.6213	0.3229	0.2667	0.0562	1.2101	0.6449	0.5651	2.3569	0.8270	inf	0.0000	0.0000	0.0000	5.1298	1.6205	inf	3.4335	5.7735	0.0000	10.1044	12.2329	0.0000	1.6533	3.1020	0.0000	
58	98	0.2223	5	1	2	1	1	0	0	0	0	N	Y	N	N	N	N	N	N	N	N	N	N	0.0000	0.0000	0.0000	0.0000	0.0000	0.0000	0.0000	0.0000	0.0000	0.0000	0.0000	0.0000	0.0000	0.0000	0.0000	0.0000	0.0000	0.0000	3.6222	3.6895	3.5196	4.8307	4.4393	5.6974	3.1821	3.1969	3.1663	0.6263	0.0000	-0.2283	5.0036	0.9502	36.7244	16.1595	0.0000	0.0000	0.0000	0.0000	0.0000	0.0000	0.0000	0.0000	0.0000	3.1157	1.9158	1.1998	1.1851	0.9140	0.2711	1.9306	1.0019	0.9287	0.0360	0.0309	0.0051	0.0055	0.0053	0.0002	0.0305	0.0256	0.0049	0.8602	0.5193	0.3409	0.2535	0.2059	0.0476	0.6067	0.3134	0.2933	0.0000	0.0000	0.0000	0.0000	0.0000	0.0000	0.0000	0.0000	0.0000	3.6222	3.6895	3.5196	4.6755	4.4393	5.6974	3.1821	3.1969	3.1663	
58	100	0.2253	6	1	1	1	1	0	0	0	0	N	N	N	N	N	N	N	N	N	N	N	N	0.0000	0.0000	0.0000	0.0000	0.0000	0.0000	0.0000	0.0000	0.0000	0.0000	0.0000	0.0000	0.0000	0.0000	0.0000	0.0000	0.0000	0.0000	8.8922	12.5924	3.0387	38.3970	46.4904	0.0016	3.6429	3.7420	3.5408	0.2309	0.0000	-1.3289	5.0036	1.0008	36.7244	13.9255	0.0000	0.0000	0.0000	0.0000	0.0000	0.0000	0.0000	0.0000	0.0000	4.9079	3.9872	0.9207	2.9851	2.9851	0.0001	1.9228	1.0021	0.9207	0.0320	0.0271	0.0049	0.0029	0.0026	0.0003	0.0291	0.0245	0.0046	0.7519	0.4489	0.3030	0.2241	0.1811	0.0430	0.5278	0.2678	0.2600	0.0000	0.0000	0.0000	0.0000	0.0000	0.0000	0.0000	0.0000	0.0000	6.5270	8.8814	3.0387	13.3198	16.4801	0.0016	3.6429	3.7420	3.5408	
58	101	0.2223	5	1	1	1	1	0	0	0	0	N	N	N	N	N	N	N	N	N	N	N	N	0.0000	0.0000	0.0000	0.0000	0.0000	0.0000	0.0000	0.0000	0.0000	0.0000	0.0000	0.0000	0.0000	0.0000	0.0000	0.0000	0.0000	0.0000	2.9783	2.4867	3.9945	5.7452	3.8891	13.9879	1.0490	0.4922	1.6706	0.7770	0.0000	-0.0131	5.0036	0.0532	36.7244	2.0467	0.0000	0.0000	0.0000	0.0000	0.0000	0.0000	0.0000	0.0000	0.0000	0.6186	0.3481	0.2705	0.5037	0.3197	0.1840	0.1149	0.0284	0.0865	0.0075	0.0068	0.0007	0.0031	0.0031	0.0000	0.0045	0.0037	0.0007	0.2077	0.1400	0.0677	0.0981	0.0822	0.0159	0.1096	0.0578	0.0518	0.0000	0.0000	0.0000	0.0000	0.0000	0.0000	0.0000	0.0000	0.0000	2.9783	2.4867	3.9945	5.1322	3.8891	11.5415	1.0490	0.4922	1.6706	
58	102	0.2126	4	1	1	1	1	0	0	0	0	N	N	N	N	N	N	N	N	N	N	N	N	0.0008	0.0041	0.0000	0.0035	0.0058	0.0000	0.0006	0.0146	0.0000	0.0039	0.0046	0.0000	0.0117	0.0125	0.0000	0.0028	0.0034	0.0000	4.6063	1.1177	17.2345	3.3892	2.1666	9.3850	4.6959	0.2309	13.3404	0.0000	4.8236	-0.0001	0.5512	5.0036	2.0948	36.7244	3.0326	0.0003	0.0003	0.0000	0.0001	0.0001	0.0000	0.0002	0.0002	0.0000	1.4900	0.2559	1.2341	0.4279	0.2272	0.2007	1.0621	0.0286	1.0334	0.0721	0.0615	0.0106	0.0085	0.0080	0.0005	0.0636	0.0535	0.0101	0.3524	0.2289	0.1235	0.1263	0.1049	0.0214	0.2262	0.1240	0.1021	0.0009	0.0041	0.0000	0.0035	0.0058	0.0000	0.0006	0.0146	0.0000	4.2278	1.1177	9.9911	3.3892	2.1666	9.3850	4.6959	0.2309	10.1180
58	103	0.1918	3	1	1	1	1	0	0	0	0	N	N	N	N	N	N	N	N	N	N	N	N	4.8062	3.8058	0.0000	0.0000	0.0000	0.0000	5.1347	3.6331	0.0000	8.0455	9.5050	0.0000	0.0000	0.0000	0.0000	8.4323	10.0075	0.0000	1.6740	2.4975	0.2543	1.7578	2.0602	0.0006	1.6422	2.7546	0.2856	0.0000	0.0591	-0.4410	-0.3959	5.0036	3.9484	36.7244	4.8420	0.9998	0.9998	0.0000	0.0000	0.0000	0.0000	0.9998	0.9998	0.0000	0.9834	0.9286	0.0549	0.2836	0.2836	0.0000	0.6998	0.6450	0.0548	0.1243	0.1052	0.0191	0.0057	0.0053	0.0004	0.1186	0.0999	0.0187	0.5875	0.3718	0.2157	0.1613	0.1376	0.0237	0.4261	0.2342	0.1920	4.8062	3.8058	0.0000	0.0000	0.0000	0.0000	5.1347	3.6331	0.0000	1.6740	2.4975	0.2543	1.7578	2.0602	0.0006	1.6422	2.7546	0.2856
58	104	0.1502	2	0	2	0	1	0	0	0	0	N	Y	N	N	N	N	N	N	N	N	N	N	2.1589	0.0036	6.4832	0.0110	0.0103	0.7596	2.1768	0.0000	6.5586	3.4406	0.0007	22.4930	0.0082	0.0083	0.0070	3.7296	0.0000	23.2427	1.5937	0.1977	3.4694	0.7441	0.8018	0.0092	1.7133	0.0470	3.5439	5716.7623	13.0602	0.5547	1.5343	5.0036	8.9557	36.7244	32.3127	0.9928	0.0002	0.9926	0.0002	0.0002	0.0000	0.9926	0.0000	0.9926	3.2609	0.2319	3.0290	0.1880	0.1878	0.0002	3.0729	0.0441	3.0288	0.2885	0.2444	0.0441	0.0224	0.0210	0.0014	0.2661	0.2234	0.0427	2.0462	1.1731	0.8730	0.2527	0.2343	0.0184	1.7935	0.9388	0.8547	2.1589	0.0036	6.4832	0.0110	0.0103	0.7596	2.1768	0.0000	6.5586	1.5937	0.1977	3.4694	0.7441	0.8018	0.0092	1.7133	0.0470	3.5439
58	105	0.1756	3	0	1	1	1	0	0	0	0	N	N	N	N	N	N	N	N	N	N	N	N	8.2812	0.0002	inf	0.0105	0.0096	8.2122	0.0000	inf	6.4995	0.0003	40.8737	0.0022	0.0023	0.0000	7.4020	0.0000	42.3228	0.7849	1.3316	0.0000	0.2095	0.2403	0.0000	0.9013	1.6935	0.0000	24256.9141	0.0000	0.5588	-0.2374	5.0036	4.2679	36.7244	7.8415	0.9999	0.0000	0.9999	0.0000	0.0000	0.0000	0.9999	0.0000	0.9999	0.5179	0.5179	0.0000	0.0233	0.0233	0.0000	0.4946	0.4946	0.0000	0.1538	0.1294	0.0245	0.0188	0.0179	0.0008	0.1351	0.1115	0.0236	0.6598	0.3889	0.2709	0.1111	0.0969	0.0142	0.5487	0.2920	0.2567	8.2812	0.0002	inf	0.0105	0.0096	0.0000	8.2122	0.0000	inf	0.7849	1.3316	0.0000	0.2095	0.2403	0.0000	0.9013	1.6935	0.0000	
58	106	0.1502	2	0	1	0	1	0	0	0	0	N	N	N	N	N	N	N	N	N	N	N	N	0.0594	0.0427	0.0963	1.6083	1.6118	0.0001	0.0012	0.0000	0.0993	0.1058	0.1227	0.0148	0.7877	0.8176	0.0000	0.0027	0.0000	0.0153	1.7820	2.8749	0.1538	0.4898	0.5073	0.1528	2.1892	4.3308	0.1538	0.0224	0.0359	-0.0032	-0.6527	5.0036	1.9301	36.7244	9.0954	0.0077	0.0076	0.0002	0.0076	0.0076	0.0000	0.0002	0.0000	0.0002	1.5405	1.4871	0.0534	0.1015	0.0999	0.0016	1.4391	1.3872	0.0518	0.0732	0.0617	0.0114	0.0096	0.0093	0.0004	0.0635	0.0525	0.0111	0.8645	0.5173	0.3472	0.2072	0.1970	0.0102	0.6574	0.3203	0.3370	0.0594	0.0427	0.0963	1.6083	1.6118	0.0001	0.0012	0.0000	0.0993	1.7820	2.8749	0.1538	0.4898	0.5073	0.1528	2.1892	4.3308	0.1538
58	108	0.1390	3	0	2	0	1	0	0	0	0	N	Y	N	N	N	N	N	N	N	N	N	N	0.0122	0.0000	0.0741	0.0024	0.0000	0.0365	0.0107	0.0000	0.0728	0.0129	0.0000	0.0823	0.0000	0.0000	0.0018	0.0133	0.0000	0.0825	1.0634	1.0297	1.1107	0.0111	0.0085	0.0505	1.2388	1.3346	1.1333	inf	0.7703	0.0019	-0.0412	5.0036	8.0392	36.7244	22.6195	0.0033	0.0000	0.0033	0.0000	0.0000	0.0000	0.0033	0.0000	0.0033	1.7727	1.0014	0.7713	0.0026	0.0019	0.0007	1.7701	0.9995	0.7706	0.2583	0.2177	0.0406	0.0068	0.0067	0.0001	0.2514	0.2109	0.0405	1.6670	0.9725	0.6945	0.2382	0.2236	0.0145	1.4288	0.7489	0.6800	0.0122	0.0000	0.0741	0.0024	0.0000	0.0365	0.0107	0.0000	0.0728	1.0634	1.0297	1.1107	0.0111	0.0085	0.0505	1.2388	1.3346	1.1333
58	109	0.1390	2	0	1	0	1	0	0	0	0	N	N	N	N	N	N	N	N	N	N	N	N	0.1608	0.0997	0.4328	0.1870	0.1859	0.0514	0.1482	0.0000	0.4300	0.3540	0.2154	0.9931	0.5377	0.5380	0.0489	0.2638	0.0000	0.9941	2.2007	2.1610	2.2946	2.8747	2.8933	0.9509	1.7798	1.2952	2.3115	1.0000	0.4492	0.0004	-0.1359	5.0036	0.2031	36.7244	2.0398	0.0066	0.0033	0.0033	0.0033	0.0033	0.0000	0.0033	0.0000	0.0033	0.9158	0.6319	0.2838	0.4598	0.4584	0.0015	0.4559	0.1736	0.2824	0.0187	0.0154	0.0033	0.0062	0.0062	0.0000	0.0126	0.0092	0.0033	0.4161	0.2924	0.1237	0.1600	0.1584	0.0015	0.2562	0.1340	0.1222	0.1608	0.0997	0.4328	0.1870	0.1859	0.0514	0.1482	0.0000	0.4300	2.2007	2.1610	2.2946	2.8747	2.8933	0.9509	1.7798	1.2952	2.3115
58	110	0.7195	8	1	1	1	1	0	0	0	0	N	N	N	N	N	N	N	N	N	N	N	N	0.0000	0.0000	0.0000	0.0000	0.0000	0.0000	0.0000	0.0000	0.0000	0.0000	0.0000	0.0000	0.0000	0.0000	0.0000	0.0000	0.0000	0.0000	0.0000	0.0000	5.0036	0.0001	36.7244	0.0001	0.0000	0.0000	0.0000	0.0000	0.0000	0.0000	0.0000	0.0000	0.0000	0.0000	0.0000	0.0000	0.0000	0.0000	0.0000	0.0000	0.0000	0.0000	0.0034	0.0027	0.0007	0.0017	0.0017	0.0000	0.0017	0.0010	0.0007	0.0004	0.0002	0.0001	0.0002	0.0002	0.0000	0.0002	0.0000	0.0001	0.0000	0.0000	0.0000	0.0000	0.0000	0.0000	0.0000	0.0000	0.0000	0.0000	0.0000	0.0000	0.0000	0.0000	0.0000	0.0000	0.0000	0.0000											
58	111	0.7057	7	1	1	1	1	0	0	0	0	N	N	N	N	N	N	N	N	N	N	N	N	0.0000	0.0000	0.0000	0.0000	0.0000	0.0000	0.0000	0.0000	0.0000	0.0000	0.0000	0.0000	0.0000	0.0000	0.0000	0.0000	0.0000	0.0000	0.0105	0.0020	0.0299	0.0016	0.0013	0.0027	0.0285	0.0045	0.0511	6.3612	0.0000	0.0011	5.0036	1.6718	36.7244	2.9223	0.0000	0.0000	0.0000	0.0000	0.0000	0.0000	0.0000	0.0000	0.0000	0.0026	0.0004	0.0022	0.0003	0.0002	0.0001	0.0023	0.0002	0.0022	0.0550	0.0477	0.0072	0.0147	0.0140	0.0007	0.0403	0.0338	0.0065	0.2480	0.1732	0.0749	0.1663	0.1335	0.0328	0.0818	0.0397	0.0421	0.0000	0.0000	0.0000	0.0000	0.0000	0.0000	0.0000	0.0000	0.0000	0.0105	0.0020	0.0299	0.0016	0.0013	0.0027	0.0285	0.0045	0.0511	
58	112	0.6222	6	1	1	1	1	0	0	0	0	N	N	N	N	N	N	N	N	N	N	N	N	0.0000	0.0000	0.0000	0.0000	0.0000	0.0000	0.0000	0.0000	0.0000	0.0000	0.0000	0.0000	0.0000	0.0000	0.0000	0.0000	0.0000	0.0000	2.3973	1.2519	4.9303	1.5214	1.8120	0.2297	3.5738	0.0642	7.3322	1.7808	0.0000	0.3672	5.0036	14.0283	36.7244	7.1084	0.0000	0.0000	0.0000	0.0000	0.0000	0.0000	0.0000	0.0000	0.0000	2.0175	0.7255	1.2920	0.7340	0.7136	0.0204	1.2836	0.0119	1.2716	0.4268	0.3731	0.0537	0.1289	0.1210	0.0079	0.2979	0.2521	0.0458	0.8416	0.5795	0.2621	0.4824	0.3938	0.0886	0.3592	0.1857	0.1734	0.0000	0.0000	0.0000	0.0000	0.0000	0.0000	0.0000	0.0000	0.0000	2.3973	1.2519	4.9303	1.5214	1.8120	0.2297	3.5738	0.0642	7.3322	
58	113	0.5619	5	0	1	0	1	0	0	0	0	N	N	N	N	N	N	N	N	N	N	N	N	1.4557	1.9485	0.0007	0.8085	0.7500	0.0144	1.7943	10.3801	0.0002	1.1048	1.2524	0.0007	0.6284	0.6601	0.0036	1.3201	1.5519	0.0003	0.7590	0.6428	1.0239	0.7772	0.8802	0.2474	0.7357	0.1495	1.3554	0.0001	0.6986	-0.1770	-0.0353	5.0036	8.6129	36.7244	5.1709	0.4013	0.4012	0.0000	0.0710	0.0710	0.0000	0.3302	0.3302	0.0000	0.7490	0.4410	0.3081	0.4299	0.4076	0.0223	0.3191	0.0333	0.2858	0.3632	0.3204	0.0428	0.1130	0.1076	0.0055	0.2502	0.2128	0.0374	0.9869	0.6860	0.3009	0.5531	0.4631	0.0900	0.4338	0.2229	0.2109	1.4557	1.9485	0.0007	0.8085	0.7500	0.0144	1.7943	10.3801	0.0002	0.7590	0.6428	1.0239	0.7772	0.8802	0.2474	0.7357	0.1495	1.3554
58	114	0.4668	4	0	1	0	1	0	0	0	0	N	N	N	N	N	N	N	N	N	N	N	N	1.3490	4.8761	0.1192	0.0590	0.0555	0.0246	1.0597	22.5915	0.1017	1.2675	1.4272	0.2703	0.0220	0.0235	0.0028	1.5931	1.8285	0.3043	0.9396	0.2927	2.2667	0.3722	0.4233	0.1150	1.5034	0.0809	2.9917	0.0303	3.7750	-0.2762	0.6361	5.0036	16.8607	36.7244	22.7724	0.6709	0.6511	0.0197	0.0024	0.0024	0.0000	0.6685	0.6488	0.0197	1.9147	0.4010	1.5137	0.3780	0.3587	0.0194	1.5367	0.0423	1.4944	0.5293	0.4562	0.0731	0.1097	0.1014	0.0082	0.4196	0.3548	0.0648	2.0378	1.3700	0.6678	1.0156	0.8473	0.1683	1.0222	0.5227	0.4995	1.3490	4.8761	0.1192	0.0590	0.0555	0.0246	1.0597	22.5915	0.1017	0.9396	0.2927	2.2667	0.3722	0.4233	0.1150	1.5034	0.0809	2.9917
58	115	0.1980	3	1	1	1	1	0	0	0	0	N	N	N	N	N	N	N	N	N	N	N	N	0.0000	0.0000	0.0000	0.0000	0.0000	0.0000	0.0000	0.0000	0.0000	0.0000	0.0000	0.0000	0.0000	0.0000	0.0000	0.0000	0.0000	0.0000	0.0011	0.0012	0.0009	0.0027	0.0027	0.0022	0.0004	0.0000	0.0008	0.3941	0.0000	-0.0001	5.0036	1.0009	36.7244	4.0038	0.0000	0.0000	0.0000	0.0000	0.0000	0.0000	0.0000	0.0000	0.0000	0.0005	0.0003	0.0001	0.0003	0.0003	0.0000	0.0001	0.0000	0.0001	0.0340	0.0289	0.0051	0.0025	0.0024	0.0001	0.0315	0.0265	0.0050	0.4350	0.2838	0.1512	0.1246	0.1201	0.0045	0.3104	0.1637	0.1467	0.0000	0.0000	0.0000	0.0000	0.0000	0.0000	0.0000	0.0000	0.0000	0.0011	0.0012	0.0009	0.0027	0.0027	0.0022	0.0004	0.0000	0.0008	
58	116	0.1697	2	1	1	1	1	0	0	0	0	N	N	N	N	N	N	N	N	N	N	N	N	0.2297	0.0017	2.3834	0.0092	0.0092	0.0000	0.4945	0.0000	2.4589	0.0488	0.0004	0.3144	0.0068	0.0072	0.0000	0.0513	0.0000	0.3211	0.2125	0.2676	0.1319	0.7397	0.7830	0.1742	0.1037	0.0793	0.1306	129.2006	0.3370	0.0016	-0.0324	5.0036	1.8441	36.7244	10.4794	0.0029	0.0000	0.0029	0.0000	0.0000	0.0000	0.0029	0.0000	0.0029	0.1568	0.1173	0.0395	0.0934	0.0918	0.0016	0.0634	0.0255	0.0380	0.0601	0.0509	0.0093	0.0033	0.0031	0.0002	0.0568	0.0477	0.0091	0.7379	0.4383	0.2996	0.1262	0.1172	0.0090	0.6117	0.3211	0.2906	0.2297	0.0017	2.3834	0.0092	0.0092	0.0000	0.4945	0.0000	2.4589	0.2125	0.2676	0.1319	0.7397	0.7830	0.1742	0.1037	0.0793	0.1306
58	117	0.3540	2	0	2	0	2	0	0	0	0	N	Y	N	Y	N	N	N	N	N	N	N	N	6.3989	5.6253	0.0001	1.5783	1.7272	0.0001	4.9273	3.3093	0.0001	4.2489	4.9124	0.0000	0.3762	0.3957	0.0000	5.1550	6.1015	0.0000	0.6640	0.8733	0.2058	0.2383	0.2291	0.3014	1.0462	1.8438	0.1830	0.0000	0.1076	-0.7016	-0.5457	5.0036	10.5071	36.7244	20.2622	1.5905	1.5905	0.0000	0.0267	0.0267	0.0000	1.5638	1.5638	0.0000	1.5109	1.3641	0.1468	0.2566	0.2151	0.0415	1.2543	1.1490	0.1053	0.3743	0.3238	0.0506	0.0710	0.0675	0.0035	0.3034	0.2563	0.0471	2.2754	1.5620	0.7134	1.0765	0.9389	0.1377	1.1989	0.6232	0.5757	6.3989	5.6253	0.0001	1.5783	1.7272	0.0001	4.9273	3.3093	0.0001	0.6640	0.8733	0.2058	0.2383	0.2291	0.3014	1.0462	1.8438	0.1830
58	119	0.1563	2	0	2	0	1	0	0	0	0	N	Y	N	N	N	N	N	N	N	N	N	N	0.0000	0.0000	0.0000	0.0000	0.0000	0.0000	0.0000	0.0000	0.0000	0.0000	0.0000	0.0002	0.0000	0.0000	0.0000	0.0000	0.0000	0.0002	2.9021	1.3714	5.1061	0.3658	0.3773	0.1753	3.3437	1.6800	5.2103	inf	2.5860	0.0000	1.0872	5.0036	3.8169	36.7244	21.2433	0.0000	0.0000	0.0000	0.0000	0.0000	0.0000	0.0000	0.0000	0.0000	4.1374	1.1538	2.9837	0.0773	0.0752	0.0021	4.0601	1.0785	2.9815	0.1320	0.1114	0.0206	0.0080	0.0078	0.0001	0.1240	0.1036	0.0204	1.4257	0.8413	0.5843	0.2114	0.1993	0.0121	1.2142	0.6420	0.5722	0.0000	0.0000	0.0000	0.0000	0.0000	0.0000	0.0000	0.0000	0.0000	2.9021	1.3714	5.1061	0.3658	0.3773	0.1753	3.3437	1.6800	5.2103
58	120	0.5020	6	0	2	0	1	0	0	0	0	N	Y	N	N	N	N	N	N	N	N	N	N	0.0008	0.0014	0.0000	0.0035	0.0043	0.0001	0.0000	0.0000	0.0000	0.0017	0.0019	0.0001	0.0065	0.0069	0.0002	0.0000	0.0000	0.0000	2.2184	1.4209	3.9400	1.8357	1.5899	2.9706	2.6371	1.1351	4.3431	0.0047	1.2845	-0.0004	0.6942	5.0036	16.3276	36.7244	34.9199	0.0010	0.0010	0.0000	0.0010	0.0010	0.0000	0.0000	0.0000	0.0000	6.6818	2.9249	3.7569	2.8886	2.0566	0.8320	3.7932	0.8683	2.9249	0.5726	0.4984	0.0743	0.1479	0.1401	0.0078	0.4247	0.3583	0.0664	3.0120	2.0585	0.9535	1.5736	1.2935	0.2801	1.4384	0.7650	0.6735	0.0008	0.0014	0.0000	0.0035	0.0043	0.0001	0.0000	0.0000	0.0000	2.2184	1.4209	3.9400	1.8357	1.5899	2.9706	2.6371	1.1351	4.3431
58	121	0.4846	5	0	2	0	1	0	0	0	0	N	Y	N	N	N	N	N	N	N	N	N	N	0.0746	0.1190	0.0002	0.3651	0.4374	0.0000	0.0008	0.0016	0.0002	0.0639	0.0739	0.0003	0.2709	0.2844	0.0000	0.0008	0.0009	0.0004	0.8571	0.6216	1.4357	0.7421	0.6502	1.2027	1.0079	0.5646	1.5485	0.0007	0.9399	-0.0064	0.0453	5.0036	6.1757	36.7244	14.5601	0.0146	0.0146	0.0000	0.0144	0.0144	0.0000	0.0001	0.0001	0.0000	1.7313	0.8925	0.8388	0.8508	0.6215	0.2293	0.8805	0.2710	0.6095	0.2278	0.1968	0.0310	0.0532	0.0507	0.0025	0.1746	0.1461	0.0285	2.0200	1.4358	0.5843	1.1465	0.9558	0.1907	0.8736	0.4800	0.3936	0.0746	0.1190	0.0002	0.3651	0.4374	0.0000	0.0008	0.0016	0.0002	0.8571	0.6216	1.4357	0.7421	0.6502	1.2027	1.0079	0.5646	1.5485
58	122	0.4316	4	0	1	0	1	0	0	0	0	N	N	N	N	N	N	N	N	N	N	N	N	2.4257	2.5538	0.2047	5.1214	4.9333	0.0010	1.4459	1.6583	0.1995	1.9921	2.2752	0.1348	4.4698	4.7274	0.0003	1.1139	1.2971	0.1510	0.8212	0.8909	0.6586	0.8728	0.9583	0.2982	0.7704	0.7822	0.7570	0.0090	0.3167	-0.2526	-0.3889	5.0036	7.5400	36.7244	21.4192	0.5845	0.5793	0.0052	0.3432	0.3432	0.0000	0.2413	0.2361	0.0052	1.7853	1.3559	0.4295	0.9424	0.9007	0.0417	0.8429	0.4552	0.3878	0.2934	0.2546	0.0388	0.0768	0.0726	0.0042	0.2166	0.1820	0.0346	2.1739	1.5219	0.6520	1.0797	0.9399	0.1398	1.0942	0.5819	0.5122	2.4257	2.5538	0.2047	5.1214	4.9333	0.0010	1.4459	1.6583	0.1995	0.8212	0.8909	0.6586	0.8728	0.9583	0.2982	0.7704	0.7822	0.7570
58	123	0.1918	3	0	2	0	1	0	0	0	0	N	Y	N	N	N	N	N	N	N	N	N	N	0.0000	0.0000	0.0000	0.0000	0.0000	0.0000	0.0000	0.0000	0.0000	0.0000	0.0000	0.0000	0.0000	0.0000	0.0000	0.0000	0.0000	4.6031	4.3613	4.0073	16.0033	18.9999	0.0000	3.0845	1.9236	4.4187	0.6128	0.0000	-0.4127	5.0036	4.0019	36.7244	19.5615	0.0000	0.0000	0.0000	0.0000	0.0000	0.0000	0.0000	0.0000	0.0000	5.2636	3.2636	2.0000	2.2630	2.2630	0.0000	3.0006	1.0006	2.0000	0.1259	0.1066	0.0193	0.0058	0.0054	0.0004	0.1201	0.1012	0.0189	1.2474	0.7483	0.4991	0.2746	0.2281	0.0465	0.9728	0.5202	0.4526	0.0000	0.0000	0.0000	0.0000	0.0000	0.0000	0.0000	0.0000	0.0000	4.2196	4.3613	4.0073	8.2406	9.9191	0.0000	3.0845	1.9236	4.4187		
58	124	0.1697	2	0	1	0	1	0	0	0	0	N	N	N	N	N	N	N	N	N	N	N	N	0.0192	0.0002	0.1119	0.0282	0.0295	0.0000	0.0167	0.0000	0.1110	0.0725	0.0007	0.4661	0.0092	0.0097	0.0000	0.0766	0.0000	0.4761	3.7709	3.5101	4.1659	0.3248	0.3282	0.2743	4.5720	4.8290	4.2881	129.1267	0.7835	0.0016	-0.0434	5.0036	1.2223	36.7244	8.2281	0.0029	0.0000	0.0029	0.0000	0.0000	0.0000	0.0029	0.0000	0.0029	2.2761	1.2762	0.9999	0.0370	0.0350	0.0020	2.2391	1.2412	0.9979	0.0405	0.0342	0.0062	0.0025	0.0023	0.0001	0.0380	0.0319	0.0061	0.6036	0.3636	0.2400	0.1139	0.1065	0.0073	0.4897	0.2570	0.2327	0.0192	0.0002	0.1119	0.0282	0.0295	0.0000	0.0167	0.0000	0.1110	3.7709	3.5101	4.1659	0.3248	0.3282	0.2743	4.5720	4.8290	4.2881
58	126	0.1550	3	0	2	0	1	0	0	0	0	N	Y	N	N	N	N	N	N	N	N	N	N	0.0012	0.0154	0.0003	0.4508	0.4712	0.0000	0.0001	0.0000	0.0003	0.0017	0.0018	0.0011	0.0253	0.0259	0.0000	0.0002	0.0000	0.0011	1.3912	0.1165	3.2393	0.0562	0.0549	0.0726	1.6744	0.1397	3.3404	0.1161	19.1873	-0.0001	0.8844	5.0036	5.0407	36.7244	17.1705	0.0003	0.0003	0.0000	0.0003	0.0003	0.0000	0.0000	0.0000	0.0000	1.7973	0.0890	1.7082	0.0127	0.0115	0.0012	1.7846	0.0775	1.7071	0.1706	0.1437	0.0269	0.0102	0.0100	0.0002	0.1604	0.1337	0.0267	1.2918	0.7645	0.5274	0.2260	0.2097	0.0163	1.0658	0.5548	0.5110	0.0012	0.0154	0.0003	0.4508	0.4712	0.0000	0.0001	0.0000	0.0003	1.3912	0.1165	3.2393	0.0562	0.0549	0.0726	1.6744	0.1397	3.3404
58	127	0.1390	2	0	2	0	1	0	0	0	0	N	Y	N	N	N	N	N	N	N	N	N	N	0.0469	0.0232	0.2296	0.3602	0.3535	0.0030	0.0236	0.0000	0.2265	0.0846	0.0507	0.2592	0.4995	0.5015	0.0005	0.0460	0.0000	0.2597	1.8039	2.1884	1.1287	1.3866	1.4189	0.1692	1.9461	2.6780	1.1464	0.9902	0.2938	0.0004	-0.2929	5.0036	1.9703	36.7244	6.2034	0.0063	0.0032	0.0031	0.0032	0.0032	0.0000	0.0031	0.0000	0.0031	1.2663	0.9788	0.2875	0.2475	0.2468	0.0008	1.0188	0.7320	0.2868	0.0743	0.0622	0.0121	0.0063	0.0063	0.0000	0.0680	0.0559	0.0120	0.7020	0.4473	0.2548	0.1785	0.1739	0.0046	0.5235	0.2733	0.2502	0.0469	0.0232	0.2296	0.3602	0.3535	0.0030	0.0236	0.0000	0.2265	1.8039	2.1884	1.1287	1.3866	1.4189	0.1692	1.9461	2.6780	1.1464
58	129	0.4609	5	0	2	0	1	0	0	0	0	N	Y	N	N	N	N	N	N	N	N	N	N	0.0000	0.0000	0.0000	0.0000	0.0000	0.0000	0.0000	0.0000	0.0000	0.0000	0.0000	0.0000	0.0000	0.0000	0.0000	0.0000	0.0000	0.0036	0.0046	0.0005	0.0045	0.0048	0.0000	0.0025	0.0040	0.0007	0.0363	0.0000	-0.0011	5.0036	1.0033	36.7244	0.8635	0.0000	0.0000	0.0000	0.0000	0.0000	0.0000	0.0000	0.0000	0.0000	0.0026	0.0025	0.0001	0.0018	0.0018	0.0000	0.0008	0.0007	0.0001	0.1032	0.0938	0.0094	0.0558	0.0533	0.0026	0.0473	0.0405	0.0068	0.7080	0.5442	0.1639	0.4013	0.3727	0.0286	0.3067	0.1715	0.1353	0.0000	0.0000	0.0000	0.0000	0.0000	0.0000	0.0000	0.0000	0.0000	0.0036	0.0046	0.0005	0.0045	0.0048	0.0000	0.0025	0.0040	0.0007		
58	130	0.4316	4	0	1	0	1	0	0	0	0	N	N	N	N	N	N	N	N	N	N	N	N	7.5528	7.4236	0.3281	14.9730	15.7174	0.6597	4.0194	3.4542	0.2675	3.2571	3.7302	0.0809	8.2421	8.6714	0.3567	1.2001	1.4232	0.0446	0.4312	0.5025	0.2467	0.5505	0.5517	0.5407	0.2986	0.4120	0.1669	0.0032	0.1895	-0.3383	-0.2253	5.0036	5.5514	36.7244	9.9598	0.7726	0.7701	0.0025	0.5711	0.5698	0.0013	0.2015	0.2003	0.0012	0.7533	0.6333	0.1200	0.5064	0.4503	0.0562	0.2468	0.1830	0.0638	0.2372	0.2064	0.0307	0.0693	0.0657	0.0036	0.1679	0.1407	0.0272	1.7468	1.2603	0.4864	0.9200	0.8162	0.1039	0.8267	0.4442	0.3826	7.5528	7.4236	0.3281	14.9730	15.7174	0.6597	4.0194	3.4542	0.2675	0.4312	0.5025	0.2467	0.5505	0.5517	0.5407	0.2986	0.4120	0.1669
58	131	0.4013	3	0	1	0	1	0	0	0	0	N	N	N	N	N	N	N	N	N	N	N	N	4.9585	8.3014	0.0136	6.1633	6.4688	0.1023	3.7017	6.5925	0.0104	4.8511	5.5784	0.0230	3.0454	3.2001	0.0501	5.3651	6.3394	0.0206	0.9783	0.6720	1.6878	0.4941	0.4947	0.4899	1.4493	0.9616	1.9844	0.0006	1.0845	-0.7373	0.1118	5.0036	9.1969	36.7244	13.4651	1.6739	1.6729	0.0010	0.2328	0.2326	0.0002	1.4411	1.4402	0.0009	1.8067	0.8667	0.9400	0.4499	0.3958	0.0541	1.3568	0.4709	0.8858	0.3451	0.2999	0.0452	0.0765	0.0727	0.0038	0.2686	0.2272	0.0414	1.8467	1.2898	0.5569	0.9106	0.8001	0.1105	0.9361	0.4897	0.4464	4.9585	8.3014	0.0136	6.1633	6.4688	0.1023	3.7017	6.5925	0.0104	0.9783	0.6720	1.6878	0.4941	0.4947	0.4899	1.4493	0.9616	1.9844
58	132	0.2148	5	1	2	0	2	0	0	0	0	N	Y	N	Y	N	N	N	N	N	N	N	N	0.0000	0.0000	0.0000	0.0000	0.0000	0.0000	0.0000	0.0000	0.0000	0.0000	0.0000	0.0000	0.0000	0.0000	0.0000	0.0000	0.0000	0.0000	0.0000	0.0000	5.0036	1.0000	36.7244	3.0001	0.0000	0.0000	0.0000	0.0000	0.0000	0.0000	0.0000	0.0000	0.0000	0.0000	0.0000	0.0000	0.0000	0.0000	0.0000	0.0000	0.0000	0.0000	0.0317	0.0269	0.0048	0.0020	0.0019	0.0001	0.0297	0.0250	0.0047	0.1911	0.1062	0.0849	0.0231	0.0200	0.0031	0.1680	0.0861	0.0819	0.0000	0.0000	0.0000	0.0000	0.0000	0.0000	0.0000	0.0000	0.0000	0.0000	0.0000	0.0000	0.0000	0.0000	0.0000	0.0000	0.0000	0.0000											
58	133	0.6137	9	1	2	0	2	0	0	0	0	N	Y	N	Y	N	N	N	N	N	N	N	N	0.0000	0.0000	0.0000	0.0000	0.0000	0.0000	0.0000	0.0000	0.0000	0.0000	0.0000	0.0000	0.0000	0.0000	0.0000	0.0000	0.0000	0.0000	0.0000	0.0000	5.0036	0.0006	36.7244	1.9797	0.0000	0.0000	0.0000	0.0000	0.0000	0.0000	0.0000	0.0000	0.0000	0.0000	0.0000	0.0000	0.0000	0.0000	0.0000	0.0000	0.0000	0.0000	0.0000	0.0000	0.0000	0.0000	0.0000	0.0000	0.0000	0.0000	0.0000	0.0856	0.0574	0.0282	0.0421	0.0354	0.0067	0.0435	0.0220	0.0215	0.0000	0.0000	0.0000	0.0000	0.0000	0.0000	0.0000	0.0000	0.0000	0.0000	0.0000	0.0000	0.0000	0.0000	0.0000	0.0000	0.0000	0.0000											
58	134	0.5969	8	1	2	0	2	0	0	0	0	N	Y	N	Y	N	N	N	N	N	N	N	N	0.0000	0.0000	0.0000	0.0000	0.0000	0.0000	0.0000	0.0000	0.0000	0.0000	0.0000	0.0000	0.0000	0.0004	0.0005	0.0000	0.0007	0.0009	0.0000	0.0000	0.0000	0.0000	0.0000	0.0000	-0.0001	5.0036	2.0077	36.7244	6.0321	0.0000	0.0000	0.0000	0.0000	0.0000	0.0000	0.0000	0.0000	0.0000	0.0001	0.0001	0.0000	0.0001	0.0001	0.0000	0.0000	0.0000	0.0000	0.0614	0.0527	0.0086	0.0149	0.0137	0.0012	0.0464	0.0390	0.0074	0.3116	0.2060	0.1056	0.1497	0.1236	0.0261	0.1619	0.0824	0.0795	0.0000	0.0000	0.0000	0.0000	0.0000	0.0000	0.0000	0.0000	0.0000	0.0004	0.0005	0.0000	0.0007	0.0009	0.0000	0.0000	0.0000	0.0000						
58	135	0.5922	8	0	2	0	2	0	0	0	0	N	Y	N	Y	N	N	N	N	N	N	N	N	0.0007	0.0000	7.5256	0.0000	0.0000	0.1972	2.0951	0.0000	6.7167	0.0012	0.0000	0.0082	0.0000	0.0000	0.0000	0.0016	0.0000	0.0093	1.7085	2.5252	0.0011	3.3846	4.0437	0.0002	0.0007	0.0001	0.0014	inf	0.0002	0.0001	-0.4425	5.0036	3.0348	36.7244	9.3583	0.0001	0.0000	0.0001	0.0000	0.0000	0.0000	0.0001	0.0000	0.0001	0.9659	0.9657	0.0002	0.9656	0.9656	0.0000	0.0002	0.0000	0.0002	0.0955	0.0814	0.0140	0.0220	0.0203	0.0017	0.0734	0.0611	0.0123	0.5653	0.3824	0.1829	0.2853	0.2388	0.0465	0.2800	0.1436	0.1364	0.0007	0.0000	7.5256	0.0000	0.0000	0.1972	2.0951	0.0000	6.7167	1.7085	2.5252	0.0011	3.3846	4.0437	0.0002	0.0007	0.0001	0.0014
58	136	0.5778	7	0	1	0	2	0	0	0	0	N	N	N	Y	N	N	N	N	N	N	N	N	0.5402	0.4235	0.0000	0.9743	0.8545	0.0000	0.0000	0.0000	0.0000	0.0720	0.0853	0.0000	0.2688	0.2858	0.0000	0.0000	0.0000	0.0000	0.1333	0.2014	0.0013	0.2758	0.3345	0.0017	0.0038	0.0063	0.0012	0.0000	0.0033	-0.0001	-0.0165	5.0036	0.0433	36.7244	6.6805	0.0001	0.0001	0.0000	0.0001	0.0001	0.0000	0.0000	0.0000	0.0000	0.0364	0.0362	0.0001	0.0358	0.0358	0.0000	0.0005	0.0005	0.0001	0.0016	0.0013	0.0002	0.0004	0.0004	0.0000	0.0012	0.0009	0.0002	0.2727	0.1799	0.0928	0.1299	0.1070	0.0229	0.1428	0.0730	0.0699	0.5402	0.4235	0.0000	0.9743	0.8545	0.0000	0.0000	0.0000	0.0000	0.1333	0.2014	0.0013	0.2758	0.3345	0.0017	0.0038	0.0063	0.0012
58	137	0.2444	7	0	2	0	2	0	0	0	0	N	Y	N	Y	N	N	N	N	N	N	N	N	0.0000	0.0000	0.0000	0.0000	0.0000	0.0000	0.0000	0.0000	0.0000	0.0000	0.0000	0.0000	0.0000	0.0000	0.0000	0.0000	0.0000	0.0000	0.0000	0.0000	5.0036	0.0000	36.7244	0.0000	0.0000	0.0000	0.0000	0.0000	0.0000	0.0000	0.0000	0.0000	0.0000	0.0000	0.0000	0.0000	0.0000	0.0000	0.0000	0.0000	0.0000	0.0000	0.0000	0.0000	0.0000	0.0000	0.0000	0.0000	0.0000	0.0000	0.0000	0.0000	0.0000	0.0000	0.0000	0.0000	0.0000	0.0000	0.0000	0.0000	0.0000	0.0000	0.0000	0.0000	0.0000	0.0000	0.0000	0.0000	0.0000	0.0000	0.0000	0.0000	0.0000	0.0000	0.0000	0.0000	0.0000	0.0000											
58	138	0.2393	6	0	2	0	2	0	0	0	0	N	Y	N	Y	N	N	N	N	N	N	N	N	0.0000	0.0000	0.0000	0.0000	0.0000	0.0000	0.0000	0.0000	0.0000	0.0000	0.0000	0.0000	0.0000	0.0000	0.0000	0.0000	0.0000	0.0000	0.0000	0.0000	5.0036	0.0021	36.7244	2.0000	0.0000	0.0000	0.0000	0.0000	0.0000	0.0000	0.0000	0.0000	0.0000	0.0000	0.0000	0.0000	0.0000	0.0000	0.0000	0.0000	0.0000	0.0000	0.0001	0.0001	0.0000	0.0000	0.0000	0.0000	0.0001	0.0001	0.0000	0.0943	0.0533	0.0410	0.0139	0.0122	0.0018	0.0804	0.0411	0.0393	0.0000	0.0000	0.0000	0.0000	0.0000	0.0000	0.0000	0.0000	0.0000	0.0000	0.0000	0.0000	0.0000	0.0000	0.0000	0.0000	0.0000	0.0000											
58	139	0.2291	5	0	1	0	2	0	0	0	0	N	N	N	Y	N	N	N	N	N	N	N	N	0.0000	0.0000	0.0000	0.0000	0.0000	0.0000	0.0000	0.0000	0.0000	0.0000	0.0000	0.0000	0.0000	0.0000	0.0000	0.0000	0.0000	0.0000	0.0000	0.0000	5.0036	1.0020	36.7244	3.0181	0.0000	0.0000	0.0000	0.0000	0.0000	0.0000	0.0000	0.0000	0.0000	0.0000	0.0000	0.0000	0.0000	0.0000	0.0000	0.0000	0.0000	0.0000	0.0318	0.0270	0.0048	0.0021	0.0020	0.0001	0.0297	0.0250	0.0047	0.1916	0.1074	0.0842	0.0270	0.0235	0.0035	0.1646	0.0839	0.0807	0.0000	0.0000	0.0000	0.0000	0.0000	0.0000	0.0000	0.0000	0.0000	0.0000	0.0000	0.0000	0.0000	0.0000	0.0000	0.0000	0.0000	0.0000											
58	140	0.2148	5	0	2	0	1	0	0	0	0	N	Y	N	N	N	N	N	N	N	N	N	N	0.0000	0.0000	0.0000	0.0000	0.0000	0.0000	0.0000	0.0000	0.0000	0.0000	0.0000	0.0000	0.0000	15.6533	0.0000	51.8454	0.0000	0.0000	0.0000	11.9045	0.0000	49.1224	inf	0.0000	1.0833	5.0036	0.0000	36.7244	4.0001	0.0000	0.0000	0.0000	0.0000	0.0000	0.0000	0.0000	0.0000	0.0000	2.0000	0.0000	2.0000	0.0000	0.0000	0.0000	2.0000	0.0000	2.0000	0.0000	0.0000	0.0000	0.0000	0.0000	0.0000	0.0000	0.0000	0.0000	0.1911	0.1062	0.0849	0.0231	0.0200	0.0031	0.1680	0.0861	0.0819	0.0000	0.0000	0.0000	0.0000	0.0000	0.0000	0.0000	0.0000	0.0000	10.4668	0.0000	23.5519	0.0000	0.0000	0.0000	11.9045	0.0000	24.4335						
58	141	0.5924	7	0	2	0	1	0	0	0	0	N	Y	N	N	N	N	N	N	N	N	N	N	0.0000	0.0000	0.0000	0.0000	0.0000	0.0000	0.0000	0.0000	0.0000	0.0000	0.0000	0.0000	0.0000	0.0000	0.0000	0.0000	0.0000	0.0001	0.0001	0.0001	0.0001	0.0001	0.0000	0.0001	0.0000	0.0002	0.9399	0.0000	0.0000	5.0036	1.0003	36.7244	5.0186	0.0000	0.0000	0.0000	0.0000	0.0000	0.0000	0.0000	0.0000	0.0000	0.0000	0.0000	0.0000	0.0000	0.0000	0.0000	0.0000	0.0000	0.0000	0.0306	0.0263	0.0043	0.0074	0.0068	0.0006	0.0232	0.0195	0.0037	0.2379	0.1575	0.0805	0.1145	0.0948	0.0197	0.1234	0.0627	0.0607	0.0000	0.0000	0.0000	0.0000	0.0000	0.0000	0.0000	0.0000	0.0000	0.0001	0.0001	0.0001	0.0001	0.0001	0.0000	0.0001	0.0000	0.0002		
58	142	0.2291	5	0	1	1	2	0	0	0	0	N	N	N	Y	N	N	N	N	N	N	N	N	0.0000	0.0000	0.0000	0.0000	0.0000	0.0000	0.0000	0.0000	0.0000	0.0000	0.0000	0.0000	0.0000	2.3806	0.0000	5.4231	0.0000	0.0000	0.0000	2.7690	0.0000	5.6606	inf	0.0000	0.5416	5.0036	0.0001	36.7244	9.0026	0.0000	0.0000	0.0000	0.0000	0.0000	0.0000	0.0000	0.0000	0.0000	1.0000	0.0000	1.0000	0.0000	0.0000	0.0000	1.0000	0.0000	1.0000	0.0000	0.0000	0.0000	0.0000	0.0000	0.0000	0.0000	0.0000	0.0000	0.4201	0.2357	0.1844	0.0589	0.0512	0.0077	0.3611	0.1845	0.1767	0.0000	0.0000	0.0000	0.0000	0.0000	0.0000	0.0000	0.0000	0.0000	2.3806	0.0000	5.4231	0.0000	0.0000	0.0000	2.7690	0.0000	5.6606						
58	143	0.5778	7	0	1	1	2	0	0	0	0	N	N	N	Y	N	N	N	N	N	N	N	N	0.0000	0.0000	0.0000	0.0000	0.0000	0.0000	0.0000	0.0000	0.0000	0.0000	0.0000	0.0000	0.0000	0.0000	0.0000	0.0000	0.0000	0.0002	0.0000	0.0004	0.0002	0.0001	0.0009	0.0001	0.0000	0.0003	5.6994	0.0000	0.0000	5.0036	2.0061	36.7244	8.0425	0.0000	0.0000	0.0000	0.0000	0.0000	0.0000	0.0000	0.0000	0.0000	0.0001	0.0000	0.0001	0.0000	0.0000	0.0000	0.0000	0.0000	0.0000	0.0609	0.0521	0.0088	0.0134	0.0123	0.0011	0.0475	0.0399	0.0077	0.3992	0.2629	0.1364	0.1896	0.1559	0.0337	0.2096	0.1070	0.1027	0.0000	0.0000	0.0000	0.0000	0.0000	0.0000	0.0000	0.0000	0.0000	0.0002	0.0000	0.0004	0.0002	0.0001	0.0009	0.0001	0.0000	0.0003		
58	144	0.5688	6	0	1	0	2	0	0	0	0	N	N	N	Y	N	N	N	N	N	N	N	N	0.0000	0.0000	0.0000	0.0000	0.0000	0.0000	0.0000	0.0000	0.0000	0.0000	0.0000	0.0000	0.0000	0.0000	0.0000	0.0000	0.0000	0.0000	0.0035	0.0016	0.0082	0.0061	0.0027	0.0333	0.0010	0.0000	0.0022	1.9782	0.0000	0.0002	5.0036	1.9550	36.7244	2.1189	0.0000	0.0000	0.0000	0.0000	0.0000	0.0000	0.0000	0.0000	0.0000	0.0009	0.0003	0.0006	0.0008	0.0003	0.0005	0.0001	0.0000	0.0001	0.0641	0.0548	0.0094	0.0180	0.0162	0.0018	0.0461	0.0386	0.0075	0.2647	0.1896	0.0750	0.1284	0.1140	0.0144	0.1362	0.0757	0.0606	0.0000	0.0000	0.0000	0.0000	0.0000	0.0000	0.0000	0.0000	0.0000	0.0035	0.0016	0.0082	0.0061	0.0027	0.0333	0.0010	0.0000	0.0022	
58	145	0.5688	6	0	1	1	2	0	0	0	0	N	N	N	Y	N	N	N	N	N	N	N	N	0.0000	0.0000	0.0000	0.0000	0.0000	0.0000	0.0000	0.0000	0.0000	0.0000	0.0000	0.0000	0.0000	0.0000	0.0000	2.2074	3.2859	0.0000	2.2879	2.7237	0.0000	2.1360	4.0868	0.0000	0.0000	0.0000	-0.8841	5.0036	2.1261	36.7244	18.6477	0.0000	0.0000	0.0000	0.0000	0.0000	0.0000	0.0000	0.0000	0.0000	1.9288	1.9288	0.0000	0.9393	0.9393	0.0000	0.9895	0.9895	0.0000	0.0693	0.0592	0.0101	0.0192	0.0173	0.0019	0.0500	0.0419	0.0081	0.8738	0.5870	0.2868	0.4106	0.3449	0.0657	0.4632	0.2421	0.2211	0.0000	0.0000	0.0000	0.0000	0.0000	0.0000	0.0000	0.0000	0.0000	2.2074	3.2859	0.0000	2.2879	2.7237	0.0000	2.1360	4.0868	0.0000				
58	146	0.2291	5	0	1	1	2	0	0	0	0	N	N	N	Y	N	N	N	N	N	N	N	N	5.9240	inf	0.0000	5.4549	inf	0.0000	15.8276	18.6656	0.0000	0.0000	0.0000	0.0000	16.9537	20.1326	0.0000	2.6718	0.0000	6.0847	0.0000	0.0000	0.0000	3.1080	0.0000	6.3510	0.0000	inf	-0.4411	0.5416	5.0036	2.0001	36.7244	5.9880	1.0000	1.0000	0.0000	0.0000	0.0000	0.0000	1.0000	1.0000	0.0000	1.0000	0.0000	1.0000	0.0000	0.0000	0.0000	1.0000	0.0000	1.0000	0.0632	0.0536	0.0096	0.0042	0.0039	0.0003	0.0590	0.0497	0.0093	0.3743	0.2099	0.1643	0.0525	0.0456	0.0069	0.3218	0.1643	0.1575	5.9240	inf	0.0000	0.0000	0.0000	0.0000	5.4549	inf	0.0000	2.6718	0.0000	6.0847	0.0000	0.0000	0.0000	3.1080	0.0000	6.3510			
58	147	0.2291	5	0	1	1	2	0	0	0	0	N	N	N	Y	N	N	N	N	N	N	N	N	0.0000	0.0000	0.0000	0.0000	0.0000	0.0000	0.0000	0.0000	0.0000	0.0000	0.0000	0.0000	0.0000	0.0000	0.0000	0.0000	0.0000	2.9314	3.8988	1.6804	25.2665	26.4362	0.0000	1.7027	1.6530	1.7554	0.3333	0.0000	-0.8336	5.0036	9.0001	36.7244	23.0169	0.0000	0.0000	0.0000	0.0000	0.0000	0.0000	0.0000	0.0000	0.0000	4.0002	3.0002	1.0000	2.0002	2.0002	0.0000	2.0000	1.0000	1.0000	0.2753	0.2339	0.0414	0.0182	0.0170	0.0013	0.2571	0.2170	0.0401	1.3646	0.7695	0.5951	0.1900	0.1646	0.0254	1.1746	0.6049	0.5697	0.0000	0.0000	0.0000	0.0000	0.0000	0.0000	0.0000	0.0000	0.0000	2.9314	3.8988	1.6804	10.5271	12.1531	0.0000	1.7027	1.6530	1.7554		
58	148	0.2038	4	0	1	0	2	0	0	0	0	N	N	N	Y	N	N	N	N	N	N	N	N	0.0017	0.0013	0.0000	0.0049	0.0047	0.0000	0.0000	0.0000	0.0000	0.0001	0.0001	0.0000	0.0014	0.0015	0.0000	0.0000	0.0000	0.0000	0.0538	0.0872	0.0103	0.2904	0.3256	0.0057	0.0103	0.0101	0.0105	0.0000	0.0911	-0.0000	-0.0103	5.0036	1.9990	36.7244	7.9526	0.0000	0.0000	0.0000	0.0000	0.0000	0.0000	0.0000	0.0000	0.0000	0.0276	0.0253	0.0023	0.0231	0.0230	0.0001	0.0045	0.0022	0.0022	0.0635	0.0538	0.0097	0.0042	0.0039	0.0003	0.0593	0.0499	0.0094	0.5125	0.2897	0.2228	0.0795	0.0708	0.0087	0.4330	0.2189	0.2141	0.0017	0.0013	0.0000	0.0049	0.0047	0.0000	0.0000	0.0000	0.0000	0.0538	0.0872	0.0103	0.2904	0.3256	0.0057	0.0103	0.0101	0.0105
58	149	0.1719	3	1	2	0	1	0	0	0	0	N	Y	N	N	N	N	N	N	N	N	N	N	2.2765	3.8431	0.0001	0.0000	0.0000	0.0000	2.1350	3.2622	0.0001	5.0528	5.9623	0.0004	0.0000	0.0000	0.0000	5.6558	6.8021	0.0004	2.2196	1.5514	3.2000	0.0310	0.0169	0.2353	2.6491	2.0852	3.2794	0.0000	1.4056	-0.4411	0.3486	5.0036	5.3497	36.7244	17.2225	1.0000	1.0000	0.0000	0.0000	0.0000	0.0000	1.0000	1.0000	0.0000	2.7679	1.1506	1.6173	0.0063	0.0032	0.0031	2.7616	1.1474	1.6142	0.1979	0.1677	0.0302	0.0211	0.0207	0.0004	0.1768	0.1470	0.0298	1.2470	0.7416	0.5054	0.2046	0.1914	0.0132	1.0425	0.5502	0.4922	2.2765	3.8431	0.0001	0.0000	0.0000	0.0000	2.1350	3.2622	0.0001	2.2196	1.5514	3.2000	0.0310	0.0169	0.2353	2.6491	2.0852	3.2794
58	150	0.2027	4	0	2	0	1	0	0	0	0	N	Y	N	N	N	N	N	N	N	N	N	N	0.0000	0.0000	0.0002	0.0000	0.0000	0.0269	0.0001	0.0000	0.0002	0.0001	0.0000	0.0004	0.0000	0.0000	0.0009	0.0001	0.0000	0.0004	1.5212	1.2070	2.0551	2.7946	3.0322	0.0341	1.1016	0.1689	2.1683	inf	1.0020	0.0000	0.0851	5.0036	3.6794	36.7244	17.4287	0.0000	0.0000	0.0000	0.0000	0.0000	0.0000	0.0000	0.0000	0.0000	2.0202	1.0091	1.0111	0.9200	0.9191	0.0009	1.1003	0.0900	1.0103	0.1849	0.1602	0.0247	0.0441	0.0429	0.0012	0.1408	0.1173	0.0234	1.3280	0.8360	0.4920	0.3292	0.3031	0.0261	0.9988	0.5329	0.4659	0.0000	0.0000	0.0002	0.0000	0.0000	0.0269	0.0001	0.0000	0.0002	1.5212	1.2070	2.0551	2.7946	3.0322	0.0341	1.1016	0.1689	2.1683
58	151	0.1719	3	0	2	0	1	0	0	0	0	N	Y	N	N	N	N	N	N	N	N	N	N	0.0000	0.0000	0.0001	0.0001	0.0001	0.0000	0.0000	0.0000	0.0001	0.0002	0.0001	0.0005	0.0005	0.0005	0.0000	0.0001	0.0000	0.0005	4.0501	3.3471	4.7844	5.5286	5.2411	0.3625	3.6260	2.5063	4.8985	1.0065	0.8936	0.0000	0.0457	5.0036	3.4464	36.7244	10.1316	0.0000	0.0000	0.0000	0.0000	0.0000	0.0000	0.0000	0.0000	0.0000	3.3760	1.7829	1.5932	0.8614	0.8584	0.0030	2.5147	0.9245	1.5901	0.1402	0.1190	0.0213	0.0195	0.0193	0.0003	0.1207	0.0997	0.0210	0.8656	0.5327	0.3330	0.1721	0.1638	0.0084	0.6935	0.3689	0.3246	0.0000	0.0000	0.0001	0.0001	0.0001	0.0000	0.0000	0.0000	0.0001	3.9000	3.3471	4.7844	5.0039	5.2411	0.3625	3.6260	2.5063	4.8985
58	152	0.5992	9	1	2	0	1	0	0	0	0	N	Y	N	N	N	N	N	N	N	N	N	N	0.0000	0.0000	0.0000	0.0000	0.0000	0.0000	0.0000	0.0000	0.0000	0.0000	0.0000	0.0000	0.0000	0.0104	0.0158	0.0000	0.0218	0.0264	0.0000	0.0000	0.0000	0.0000	0.0000	0.0000	-0.0024	5.0036	1.0143	36.7244	12.0086	0.0000	0.0000	0.0000	0.0000	0.0000	0.0000	0.0000	0.0000	0.0000	0.0052	0.0052	0.0000	0.0052	0.0052	0.0000	0.0000	0.0000	0.0000	0.0317	0.0272	0.0045	0.0079	0.0073	0.0006	0.0237	0.0199	0.0038	0.4948	0.3269	0.1679	0.2362	0.1949	0.0413	0.2585	0.1320	0.1266	0.0000	0.0000	0.0000	0.0000	0.0000	0.0000	0.0000	0.0000	0.0000	0.0104	0.0158	0.0000	0.0218	0.0264	0.0000	0.0000	0.0000	0.0000						
58	153	0.5969	8	1	2	0	1	0	0	0	0	N	Y	N	N	N	N	N	N	N	N	N	N	0.0000	0.0000	0.0000	0.0000	0.0000	0.0000	0.0000	0.0000	0.0000	0.0000	0.0000	0.0000	0.0000	0.0000	0.0000	0.1301	0.1964	0.0000	0.0056	0.0068	0.0000	0.2467	0.4869	0.0000	0.0000	0.0000	-0.0024	5.0036	0.9811	36.7244	0.0216	0.0000	0.0000	0.0000	0.0000	0.0000	0.0000	0.0000	0.0000	0.0000	0.0053	0.0053	0.0000	0.0001	0.0001	0.0000	0.0051	0.0051	0.0000	0.0303	0.0260	0.0043	0.0074	0.0068	0.0006	0.0229	0.0192	0.0037	0.0404	0.0268	0.0137	0.0196	0.0162	0.0034	0.0209	0.0106	0.0103	0.0000	0.0000	0.0000	0.0000	0.0000	0.0000	0.0000	0.0000	0.0000	0.1301	0.1964	0.0000	0.0056	0.0068	0.0000	0.2467	0.4869	0.0000				
58	154	0.5924	7	1	2	0	1	0	0	0	0	N	Y	N	N	N	N	N	N	N	N	N	N	0.0000	0.0000	0.0000	0.0000	0.0000	0.0000	0.0000	0.0000	0.0000	0.0000	0.0000	0.0000	0.0000	0.0000	0.0000	0.0000	0.0000	0.0000	0.0016	0.0022	0.0003	0.0003	0.0003	0.0000	0.0028	0.0051	0.0004	0.0783	0.0000	-0.0000	5.0036	0.0083	36.7244	2.0001	0.0000	0.0000	0.0000	0.0000	0.0000	0.0000	0.0000	0.0000	0.0000	0.0001	0.0001	0.0000	0.0000	0.0000	0.0000	0.0001	0.0001	0.0000	0.0003	0.0003	0.0000	0.0001	0.0001	0.0000	0.0002	0.0002	0.0000	0.0828	0.0550	0.0278	0.0400	0.0333	0.0067	0.0428	0.0216	0.0211	0.0000	0.0000	0.0000	0.0000	0.0000	0.0000	0.0000	0.0000	0.0000	0.0016	0.0022	0.0003	0.0003	0.0003	0.0000	0.0028	0.0051	0.0004	
58	155	0.5688	6	0	2	0	1	0	0	0	0	N	Y	N	N	N	N	N	N	N	N	N	N	0.0000	0.0000	0.0000	0.0000	0.0000	0.0000	0.0000	0.0000	0.0000	0.0000	0.0000	0.0000	0.0000	0.0000	0.0000	0.0000	0.0000	0.0000	0.0017	0.0008	0.0038	0.0031	0.0013	0.0136	0.0005	0.0001	0.0011	2.2152	0.0000	0.0002	5.0036	2.9180	36.7244	7.4065	0.0000	0.0000	0.0000	0.0000	0.0000	0.0000	0.0000	0.0000	0.0000	0.0009	0.0003	0.0006	0.0007	0.0003	0.0005	0.0001	0.0000	0.0001	0.0930	0.0796	0.0134	0.0249	0.0224	0.0024	0.0681	0.0571	0.0110	0.5016	0.3443	0.1574	0.2390	0.2045	0.0345	0.2626	0.1397	0.1229	0.0000	0.0000	0.0000	0.0000	0.0000	0.0000	0.0000	0.0000	0.0000	0.0017	0.0008	0.0038	0.0031	0.0013	0.0136	0.0005	0.0001	0.0011	
58	156	0.5029	5	0	1	0	1	0	0	0	0	N	N	N	N	N	N	N	N	N	N	N	N	0.0084	0.0069	0.0001	0.0136	0.0127	0.0000	0.0000	0.0000	0.0001	0.0022	0.0025	0.0000	0.0068	0.0072	0.0000	0.0000	0.0000	0.0000	0.2658	0.3696	0.0489	0.4984	0.5660	0.0905	0.0402	0.0431	0.0374	0.0002	0.0632	-0.0004	-0.1592	5.0036	8.2479	36.7244	19.7214	0.0008	0.0008	0.0000	0.0008	0.0008	0.0000	0.0000	0.0000	0.0000	0.3991	0.3754	0.0237	0.3685	0.3590	0.0095	0.0307	0.0164	0.0142	0.3684	0.3232	0.0453	0.1206	0.1137	0.0069	0.2478	0.2095	0.0383	1.5015	1.0158	0.4858	0.7393	0.6342	0.1051	0.7623	0.3816	0.3807	0.0084	0.0069	0.0001	0.0136	0.0127	0.0000	0.0000	0.0000	0.0001	0.2658	0.3696	0.0489	0.4984	0.5660	0.0905	0.0402	0.0431	0.0374
58	157	0.4668	4	0	1	0	1	0	0	0	0	N	N	N	N	N	N	N	N	N	N	N	N	0.0111	0.0100	0.0078	0.0204	0.0199	0.0000	0.0114	0.0228	0.0102	0.0131	0.0144	0.0048	0.0397	0.0427	0.0000	0.0040	0.0037	0.0055	1.1804	1.4427	0.6110	1.9431	2.1434	0.8206	0.3488	0.1611	0.5410	0.0524	0.1951	-0.0014	-0.5160	5.0036	7.4725	36.7244	14.3153	0.0036	0.0034	0.0002	0.0028	0.0028	0.0000	0.0008	0.0006	0.0002	1.7484	1.4629	0.2854	1.5012	1.4052	0.0960	0.2472	0.0577	0.1894	0.2771	0.2394	0.0377	0.0706	0.0655	0.0051	0.2064	0.1739	0.0326	1.4812	1.0141	0.4672	0.7726	0.6556	0.1170	0.7086	0.3585	0.3502	0.0111	0.0100	0.0078	0.0204	0.0199	0.0000	0.0114	0.0228	0.0102	1.1804	1.4427	0.6110	1.9431	2.1434	0.8206	0.3488	0.1611	0.5410
58	158	0.4013	3	0	1	0	1	0	0	0	0	N	N	N	N	N	N	N	N	N	N	N	N	0.6519	0.7341	0.0100	2.4722	2.3087	0.0138	0.0065	0.0102	0.0088	1.0051	1.1569	0.0146	4.8725	5.1418	0.0037	0.0075	0.0060	0.0156	1.5419	1.5759	1.4669	1.9709	2.2271	0.2704	1.1511	0.5906	1.7661	0.0019	0.4221	-0.1820	-0.5273	5.0036	11.6653	36.7244	19.4910	0.4143	0.4135	0.0008	0.4119	0.4119	0.0000	0.0025	0.0017	0.0008	3.2638	2.2951	0.9687	1.9885	1.9528	0.0357	1.2753	0.3423	0.9330	0.4122	0.3574	0.0548	0.0845	0.0801	0.0044	0.3277	0.2773	0.0504	2.1168	1.4564	0.6604	1.0089	0.8768	0.1321	1.1079	0.5796	0.5283	0.6519	0.7341	0.0100	2.4722	2.3087	0.0138	0.0065	0.0102	0.0088	1.5419	1.5759	1.4669	1.9709	2.2271	0.2704	1.1511	0.5906	1.7661
58	159	0.3540	2	0	1	0	1	0	0	0	0	N	N	N	N	N	N	N	N	N	N	N	N	2.5273	2.7982	0.0287	12.0057	12.2427	0.0484	1.0337	0.9665	0.0259	1.8456	2.1221	0.0192	4.5946	4.8064	0.0152	1.0879	1.2847	0.0195	0.7303	0.7584	0.6676	0.3827	0.3926	0.3138	1.0524	1.3292	0.7532	0.0014	0.3950	-0.2345	-0.2802	5.0036	7.3933	36.7244	20.5306	0.5332	0.5325	0.0007	0.2868	0.2868	0.0000	0.2464	0.2457	0.0007	1.5995	1.1466	0.4529	0.4032	0.3617	0.0415	1.1963	0.7848	0.4114	0.2889	0.2509	0.0380	0.0624	0.0597	0.0028	0.2265	0.1913	0.0352	2.1903	1.5119	0.6784	1.0536	0.9214	0.1322	1.1367	0.5905	0.5462	2.5273	2.7982	0.0287	12.0057	12.2427	0.0484	1.0337	0.9665	0.0259	0.7303	0.7584	0.6676	0.3827	0.3926	0.3138	1.0524	1.3292	0.7532
58	161	0.2224	7	1	2	0	1	0	0	0	0	N	Y	N	N	N	N	N	N	N	N	N	N	0.0000	0.0000	0.0000	0.0000	0.0000	0.0000	0.0000	0.0000	0.0000	0.0000	0.0000	0.0000	0.0000	0.0106	0.0189	0.0000	0.0809	0.0922	0.0000	0.0000	0.0000	0.0000	0.0000	0.0000	-0.0007	5.0036	0.0002	36.7244	3.0099	0.0000	0.0000	0.0000	0.0000	0.0000	0.0000	0.0000	0.0000	0.0000	0.0016	0.0016	0.0000	0.0016	0.0016	0.0000	0.0000	0.0000	0.0000	0.0000	0.0000	0.0000	0.0000	0.0000	0.0000	0.0000	0.0000	0.0000	0.1477	0.0832	0.0645	0.0194	0.0170	0.0024	0.1283	0.0661	0.0622	0.0000	0.0000	0.0000	0.0000	0.0000	0.0000	0.0000	0.0000	0.0000	0.0106	0.0189	0.0000	0.0809	0.0922	0.0000	0.0000	0.0000	0.0000						
58	162	0.2148	6	1	2	0	1	0	0	0	0	N	Y	N	N	N	N	N	N	N	N	N	N	0.0000	0.0000	0.0000	0.0000	0.0000	0.0000	0.0000	0.0000	0.0000	0.0000	0.0000	0.0000	0.0000	0.0000	0.0000	0.0109	0.0002	0.0241	0.0000	0.0000	0.0000	0.0124	0.0003	0.0250	77.5000	0.0000	0.0008	5.0036	0.9998	36.7244	2.0118	0.0000	0.0000	0.0000	0.0000	0.0000	0.0000	0.0000	0.0000	0.0000	0.0016	0.0000	0.0015	0.0000	0.0000	0.0000	0.0016	0.0000	0.0015	0.0317	0.0269	0.0048	0.0020	0.0019	0.0001	0.0297	0.0250	0.0047	0.1445	0.0803	0.0642	0.0175	0.0152	0.0023	0.1270	0.0651	0.0619	0.0000	0.0000	0.0000	0.0000	0.0000	0.0000	0.0000	0.0000	0.0000	0.0109	0.0002	0.0241	0.0000	0.0000	0.0000	0.0124	0.0003	0.0250				
58	163	0.2148	5	1	2	0	1	0	0	0	0	N	Y	N	N	N	N	N	N	N	N	N	N	0.0000	0.0000	0.0000	0.0000	0.0000	0.0000	0.0000	0.0000	0.0000	0.0000	0.0000	0.0000	0.0000	0.0000	0.0000	0.0000	0.0000	0.0000	0.0000	0.0000	5.0036	0.0000	36.7244	0.0003	0.0000	0.0000	0.0000	0.0000	0.0000	0.0000	0.0000	0.0000	0.0000	0.0000	0.0000	0.0000	0.0000	0.0000	0.0000	0.0000	0.0000	0.0000	0.0000	0.0000	0.0000	0.0000	0.0000	0.0000	0.0000	0.0000	0.0000	0.0000	0.0000	0.0000	0.0000	0.0000	0.0000	0.0000	0.0000	0.0000	0.0000	0.0000	0.0000	0.0000	0.0000	0.0000	0.0000	0.0000	0.0000	0.0000	0.0000	0.0000	0.0000	0.0000	0.0000	0.0000	0.0000	0.0000											
58	164	0.2038	4	0	2	0	1	0	0	0	0	N	Y	N	N	N	N	N	N	N	N	N	N	0.0024	0.3135	0.0000	0.3473	0.3698	0.0000	0.0000	0.0000	0.0000	0.0095	0.0116	0.0000	0.0262	0.0264	0.0000	0.0000	0.0000	0.0000	3.8965	0.0370	14.0707	0.0756	0.0713	0.1147	4.7533	0.0216	11.2596	0.0000	178.4604	-0.0000	0.5299	5.0036	0.0063	36.7244	4.3641	0.0000	0.0000	0.0000	0.0000	0.0000	0.0000	0.0000	0.0000	0.0000	0.9886	0.0055	0.9831	0.0039	0.0033	0.0006	0.9847	0.0022	0.9825	0.0006	0.0005	0.0001	0.0002	0.0002	0.0000	0.0004	0.0003	0.0001	0.2582	0.1487	0.1095	0.0511	0.0461	0.0050	0.2072	0.1026	0.1045	0.0025	0.3135	0.0000	0.3473	0.3698	0.0000	0.0000	0.0000	0.0000	3.8281	0.0370	8.9781	0.0756	0.0713	0.1147	4.7533	0.0216	9.3995
58	165	0.1719	3	0	1	0	1	0	0	0	0	N	N	N	N	N	N	N	N	N	N	N	N	0.0103	0.0125	0.0000	0.0830	0.0800	0.0000	0.0000	0.0000	0.0000	0.0321	0.0377	0.0000	0.1913	0.1933	0.0000	0.0000	0.0000	0.0000	3.1126	3.0214	3.2610	2.3044	2.4161	0.0034	3.3213	3.3011	3.3443	0.0000	0.6639	-0.0016	-0.1516	5.0036	2.5207	36.7244	10.0226	0.0036	0.0036	0.0000	0.0036	0.0036	0.0000	0.0000	0.0000	0.0000	2.5523	1.5339	1.0183	0.3877	0.3876	0.0000	2.1646	1.1463	1.0183	0.1118	0.0950	0.0168	0.0187	0.0185	0.0002	0.0931	0.0764	0.0166	0.8200	0.5077	0.3123	0.1682	0.1604	0.0078	0.6517	0.3472	0.3045	0.0103	0.0125	0.0000	0.0830	0.0800	0.0000	0.0000	0.0000	0.0000	3.1126	3.0214	3.2610	2.3044	2.4161	0.0034	3.3213	3.3011	3.3443
58	166	0.1563	2	0	1	0	1	0	0	0	0	N	N	N	N	N	N	N	N	N	N	N	N	0.0001	0.0001	0.0001	0.0010	0.0010	0.0000	0.0000	0.0000	0.0001	0.0001	0.0001	0.0002	0.0014	0.0015	0.0000	0.0000	0.0000	0.0002	1.2044	0.9175	1.7108	1.3925	1.4348	0.3736	1.1396	0.5929	1.7497	0.3058	1.0564	-0.0000	0.0419	5.0036	2.6894	36.7244	4.6619	0.0000	0.0000	0.0000	0.0000	0.0000	0.0000	0.0000	0.0000	0.0000	0.7572	0.3682	0.3890	0.2244	0.2220	0.0024	0.5328	0.1462	0.3866	0.0970	0.0819	0.0151	0.0074	0.0074	0.0001	0.0896	0.0746	0.0150	0.6287	0.4013	0.2274	0.1612	0.1548	0.0064	0.4675	0.2466	0.2210	0.0001	0.0001	0.0001	0.0010	0.0010	0.0000	0.0000	0.0000	0.0001	1.2044	0.9175	1.7108	1.3925	1.4348	0.3736	1.1396	0.5929	1.7497
59	60	0.6355	9	1	1	1	1	0	0	0	0	N	N	N	N	N	N	N	N	N	N	N	N	0.0214	0.3416	0.0000	0.1202	0.6650	0.0000	0.0000	0.0087	0.0000	0.0002	0.0002	0.0000	0.0005	0.0005	0.0000	0.0000	0.0000	0.0000	0.0078	0.0006	0.0269	0.0043	0.0008	0.0235	0.0127	0.0000	0.0286	0.0000	18.2176	-0.0000	0.0013	10.4254	1.9981	21.2017	3.0867	0.0000	0.0000	0.0000	0.0000	0.0000	0.0000	0.0000	0.0000	0.0000	0.0026	0.0001	0.0025	0.0008	0.0001	0.0007	0.0018	0.0000	0.0018	0.1792	0.1567	0.0225	0.0578	0.0549	0.0029	0.1214	0.1018	0.0196	0.3370	0.2445	0.0925	0.1965	0.1663	0.0302	0.1405	0.0782	0.0623	0.0214	0.3416	0.0000	0.1202	0.6650	0.0000	0.0000	0.0087	0.0000	0.0078	0.0006	0.0269	0.0043	0.0008	0.0235	0.0127	0.0000	0.0286
59	61	0.5922	8	1	1	1	1	0	0	0	0	N	N	N	N	N	N	N	N	N	N	N	N	1.7839	1496.2935	0.0000	7.1009	30219.9996	0.0000	0.0003	0.1304	0.0000	2.7954	3.1834	0.0000	8.3526	8.7912	0.0000	0.0007	0.0008	0.0000	1.5670	0.0021	5.5122	1.1763	0.0003	6.8237	2.1370	0.0061	4.7742	0.0000	1027.6845	-0.4401	0.9911	10.4254	4.0039	21.2017	14.0733	0.9977	0.9977	0.0000	0.9976	0.9976	0.0000	0.0002	0.0002	0.0000	1.8330	0.0018	1.8313	0.8164	0.0002	0.8162	1.0166	0.0016	1.0150	0.3569	0.3134	0.0435	0.1194	0.1135	0.0060	0.2375	0.1999	0.0375	1.1698	0.8376	0.3322	0.6941	0.5744	0.1196	0.4757	0.2631	0.2126	1.7839	1496.2935	0.0000	7.1009	30219.9996	0.0000	0.0003	0.1304	0.0000	1.5670	0.0021	5.5122	1.1763	0.0003	6.8237	2.1370	0.0061	4.7742
59	62	0.6116	9	1	1	1	1	0	0	0	0	N	N	N	N	N	N	N	N	N	N	N	N	0.0000	0.0000	0.0000	0.0000	0.0000	0.0000	0.0000	0.0000	0.0000	0.0000	0.0000	0.0000	0.0000	0.0000	0.0000	0.0000	0.0000	0.0000	1.8331	2.6114	0.0062	0.0357	0.0399	0.0133	4.1589	8.0180	0.0033	0.0010	0.0000	-0.9069	10.4254	0.0060	21.2017	17.2393	0.0000	0.0000	0.0000	0.0000	0.0000	0.0000	0.0000	0.0000	0.0000	1.9829	1.9809	0.0020	0.0218	0.0205	0.0013	1.9611	1.9604	0.0007	0.0036	0.0026	0.0010	0.0019	0.0017	0.0001	0.0017	0.0009	0.0008	1.0817	0.7586	0.3232	0.6102	0.5141	0.0961	0.4715	0.2445	0.2271	0.0000	0.0000	0.0000	0.0000	0.0000	0.0000	0.0000	0.0000	0.0000	1.8331	2.6114	0.0062	0.0357	0.0399	0.0133	4.1589	8.0180	0.0033	
59	63	0.5550	7	0	1	1	1	0	0	0	0	N	N	N	N	N	N	N	N	N	N	N	N	0.0520	0.0000	0.1213	0.3155	0.0000	1.4513	0.0000	0.0000	0.0000	0.0505	0.0000	0.4359	0.1315	0.0000	3.3448	0.0000	0.0000	0.0000	0.9718	0.0389	3.5921	0.4168	0.0266	2.3047	1.9731	0.0710	4.5236	inf	32.8843	0.0035	0.8559	10.4254	1.0230	21.2017	12.1924	0.0063	0.0000	0.0063	0.0063	0.0000	0.0063	0.0000	0.0000	0.0000	1.6713	0.0493	1.6220	0.4613	0.0244	0.4369	1.2101	0.0250	1.1851	0.1256	0.1110	0.0146	0.0482	0.0463	0.0019	0.0773	0.0647	0.0127	1.7198	1.2683	0.4515	1.1066	0.9170	0.1896	0.6133	0.3513	0.2620	0.0520	0.0000	0.1213	0.3155	0.0000	1.4513	0.0000	0.0000	0.0000	0.9718	0.0389	3.5921	0.4168	0.0266	2.3047	1.9731	0.0710	4.5236
59	64	0.5183	6	0	1	0	1	0	0	0	0	N	N	N	N	N	N	N	N	N	N	N	N	0.0161	0.0150	0.0000	0.0475	0.0412	0.0000	0.0000	0.0000	0.0000	0.0306	0.0350	0.0000	0.1021	0.1071	0.0000	0.0000	0.0000	0.0000	1.8995	2.3345	0.9435	2.1499	2.6032	0.1533	1.5547	1.7451	1.3555	0.0000	0.1839	-0.0028	-0.6874	10.4254	2.4556	21.2017	12.4191	0.0064	0.0064	0.0000	0.0064	0.0064	0.0000	0.0000	0.0000	0.0000	2.2687	1.9162	0.3525	1.4873	1.4677	0.0196	0.7813	0.4485	0.3328	0.2086	0.1823	0.0263	0.0625	0.0596	0.0029	0.1461	0.1227	0.0234	1.1944	0.8208	0.3735	0.6918	0.5638	0.1280	0.5026	0.2570	0.2455	0.0161	0.0150	0.0000	0.0475	0.0412	0.0000	0.0000	0.0000	0.0000	1.8995	2.3345	0.9435	2.1499	2.6032	0.1533	1.5547	1.7451	1.3555
59	65	0.6406	8	0	2	0	1	0	0	0	0	N	Y	N	N	N	N	N	N	N	N	N	N	0.0108	0.0088	0.0000	0.0190	0.0168	0.0000	0.0113	0.0070	0.0000	0.0058	0.0066	0.0000	0.0162	0.0170	0.0000	0.0006	0.0007	0.0000	0.5350	0.7528	0.0020	0.8535	1.0126	0.0027	0.0533	0.1030	0.0016	0.0000	0.0011	-0.0004	-0.2795	10.4254	1.7555	21.2017	11.9300	0.0010	0.0010	0.0000	0.0009	0.0009	0.0000	0.0001	0.0001	0.0000	0.6111	0.6105	0.0007	0.5869	0.5866	0.0003	0.0242	0.0239	0.0004	0.1736	0.1527	0.0208	0.0578	0.0552	0.0026	0.1158	0.0975	0.0183	1.1422	0.8109	0.3313	0.6876	0.5793	0.1083	0.4546	0.2316	0.2230	0.0108	0.0088	0.0000	0.0190	0.0168	0.0000	0.0113	0.0070	0.0000	0.5350	0.7528	0.0020	0.8535	1.0126	0.0027	0.0533	0.1030	0.0016
59	66	0.6197	10	1	2	1	1	0	0	0	0	N	Y	N	N	N	N	N	N	N	N	N	N	0.0000	0.0000	0.0000	0.0000	0.0000	0.0000	0.0000	0.0000	0.0000	0.0000	0.0000	0.0000	0.0000	0.0000	0.0000	0.0000	0.0000	0.0000	0.0000	0.0000	10.4254	0.0000	21.2017	0.0000	0.0000	0.0000	0.0000	0.0000	0.0000	0.0000	0.0000	0.0000	0.0000	0.0000	0.0000	0.0000	0.0000	0.0000	0.0000	0.0000	0.0000	0.0000	0.0000	0.0000	0.0000	0.0000	0.0000	0.0000	0.0000	0.0000	0.0000	0.0000	0.0000	0.0000	0.0000	0.0000	0.0000	0.0000	0.0000	0.0000	0.0000	0.0000	0.0000	0.0000	0.0000	0.0000	0.0000	0.0000	0.0000	0.0000	0.0000	0.0000	0.0000	0.0000	0.0000	0.0000	0.0000	0.0000											
59	67	0.5573	9	1	2	1	1	0	0	0	0	N	Y	N	N	N	N	N	N	N	N	N	N	0.0002	0.0000	0.0007	0.0000	0.0000	0.0000	0.0005	0.0007	0.0028	0.0000	0.0254	0.0000	0.0000	0.0000	0.0042	0.0000	0.0282	15.8288	10.5642	38.2072	43.0073	43.7462	0.1915	8.2735	0.0000	38.6517	inf	1.0010	0.0001	0.0830	10.4254	1.0000	21.2017	3.0000	0.0002	0.0000	0.0002	0.0000	0.0000	0.0000	0.0002	0.0000	0.0002	1.9813	0.9902	0.9912	0.9915	0.9902	0.0013	0.9899	0.0000	0.9899	0.0742	0.0659	0.0083	0.0242	0.0234	0.0008	0.0500	0.0425	0.0075	0.1876	0.1258	0.0618	0.0679	0.0611	0.0068	0.1196	0.0647	0.0550	0.0003	0.0000	0.0016	0.0000	0.0000	0.0000	0.0005	0.0000	0.0016	10.5631	7.8728	16.0381	14.5959	16.2089	0.1915	8.2735	0.0000	18.0104	
59	68	0.6197	10	1	2	1	1	0	0	0	0	N	Y	N	N	N	N	N	N	N	N	N	N	inf	inf	inf	inf	8.4025	9.5767	0.0000	26.1226	27.4720	0.0000	0.0000	0.0000	0.0000	0.0000	0.0000	0.0000	0.0000	0.0000	0.0000	0.0000	0.0000	0.0000	0.0000	-0.3339	0.0000	10.4254	1.0000	21.2017	0.0000	0.7570	0.7570	0.0000	0.7570	0.7570	0.0000	0.0000	0.0000	0.0000	0.0000	0.0000	0.0000	0.0000	0.0000	0.0000	0.0000	0.0000	0.0000	0.0901	0.0790	0.0110	0.0290	0.0276	0.0014	0.0611	0.0515	0.0096	0.0632	0.0442	0.0190	0.0355	0.0292	0.0063	0.0277	0.0150	0.0127	inf	inf	0.0000	inf	inf	0.0000	0.0000	0.0000	0.0000	0.0000	0.0000	0.0000	0.0000	0.0000	0.0000	0.0000	0.0000	0.0000						
59	69	0.6032	9	1	2	1	1	0	0	0	0	N	Y	N	N	N	N	N	N	N	N	N	N	0.0000	0.0000	0.0000	0.0000	0.0000	0.0000	0.0000	0.0000	0.0000	0.0000	0.0000	0.0000	0.0000	0.0000	0.0000	0.0000	0.0000	0.0000	1.8419	2.5739	0.0000	3.0631	3.7500	0.0000	0.0004	0.0007	0.0000	0.0000	0.0000	-0.4427	10.4254	1.0155	21.2017	5.9708	0.0000	0.0000	0.0000	0.0000	0.0000	0.0000	0.0000	0.0000	0.0000	0.9658	0.9658	0.0000	0.9657	0.9657	0.0000	0.0001	0.0001	0.0000	0.1010	0.0880	0.0131	0.0354	0.0327	0.0026	0.0657	0.0552	0.0104	0.5244	0.3752	0.1491	0.3153	0.2575	0.0577	0.2091	0.1177	0.0914	0.0000	0.0000	0.0000	0.0000	0.0000	0.0000	0.0000	0.0000	0.0000	1.8419	2.5739	0.0000	3.0631	3.7500	0.0000	0.0004	0.0007	0.0000	
59	70	0.5985	8	1	1	1	1	0	0	0	0	N	N	N	N	N	N	N	N	N	N	N	N	1.2184	1.1498	0.0000	1.6898	1.5791	0.0000	0.0000	0.0000	0.0000	0.0124	0.0150	0.0000	0.0229	0.0272	0.0000	0.0000	0.0000	0.0000	0.0102	0.0130	0.0033	0.0136	0.0173	0.0009	0.0034	0.0017	0.0058	0.0000	0.1075	-0.0001	-0.0024	10.4254	0.0406	21.2017	2.3361	0.0002	0.0002	0.0000	0.0002	0.0002	0.0000	0.0000	0.0000	0.0000	0.0066	0.0060	0.0006	0.0059	0.0058	0.0001	0.0008	0.0002	0.0005	0.0129	0.0107	0.0023	0.0070	0.0059	0.0011	0.0059	0.0048	0.0011	0.6517	0.4581	0.1936	0.4324	0.3343	0.0981	0.2193	0.1238	0.0954	1.2184	1.1498	0.0000	1.6898	1.5791	0.0000	0.0000	0.0000	0.0000	0.0102	0.0130	0.0033	0.0136	0.0173	0.0009	0.0034	0.0017	0.0058
59	71	0.5573	9	1	2	1	1	0	0	0	0	N	Y	N	N	N	N	N	N	N	N	N	N	0.0000	0.0000	0.0000	0.0000	0.0000	0.0000	0.0000	0.0000	0.0000	0.0000	0.0000	0.0000	0.0000	0.0000	0.0000	0.0000	0.0000	0.0000	0.0000	0.0000	10.4254	0.0000	21.2017	0.0000	0.0000	0.0000	0.0000	0.0000	0.0000	0.0000	0.0000	0.0000	0.0000	0.0000	0.0000	0.0000	0.0000	0.0000	0.0000	0.0000	0.0000	0.0000	0.0000	0.0000	0.0000	0.0000	0.0000	0.0000	0.0000	0.0000	0.0000	0.0000	0.0000	0.0000	0.0000	0.0000	0.0000	0.0000	0.0000	0.0000	0.0000	0.0000	0.0000	0.0000	0.0000	0.0000	0.0000	0.0000	0.0000	0.0000	0.0000	0.0000	0.0000	0.0000	0.0000	0.0000	0.0000	0.0000											
59	72	0.5392	8	1	2	1	1	0	0	0	0	N	Y	N	N	N	N	N	N	N	N	N	N	0.6099	0.5782	1.4530	0.7796	0.8262	2.3270	0.5497	7.3269	1.4591	0.0010	0.0005	0.0051	0.0022	0.0014	0.0293	0.0005	0.0001	0.0028	0.0017	0.0009	0.0035	0.0029	0.0017	0.0126	0.0008	0.0000	0.0019	1.2951	1.7868	0.0000	0.0001	10.4254	3.9057	21.2017	1.1104	0.0003	0.0001	0.0002	0.0002	0.0001	0.0001	0.0001	0.0000	0.0001	0.0005	0.0002	0.0003	0.0003	0.0002	0.0002	0.0001	0.0000	0.0001	0.3171	0.2810	0.0361	0.0996	0.0965	0.0031	0.2175	0.1845	0.0330	0.2878	0.1991	0.0887	0.1179	0.1047	0.0132	0.1699	0.0944	0.0755	0.6099	0.5782	1.4530	0.7796	0.8262	2.3270	0.5497	7.3269	1.4591	0.0017	0.0009	0.0035	0.0029	0.0017	0.0126	0.0008	0.0000	0.0019
59	73	0.3365	6	1	2	0	1	0	0	0	0	N	Y	N	N	N	N	N	N	N	N	N	N	29.3876	1.6012	455.6556	25.7138	0.0464	237.2487	39.0459	4.5290	440.4452	0.8709	0.0599	5.8785	1.1888	0.0022	9.1286	0.6231	0.1058	3.6326	0.0296	0.0374	0.0129	0.0462	0.0472	0.0385	0.0160	0.0234	0.0082	15.8935	0.1603	0.4819	-0.0203	10.4254	6.9070	21.2017	16.5673	0.9644	0.0571	0.9074	0.5767	0.0009	0.5758	0.3877	0.0562	0.3316	0.0635	0.0547	0.0088	0.0447	0.0407	0.0040	0.0187	0.0140	0.0047	1.1074	0.9531	0.1544	0.4851	0.4220	0.0631	0.6223	0.5310	0.0913	2.1416	1.4621	0.6795	0.9675	0.8629	0.1046	1.1741	0.5992	0.5749	29.3876	1.6012	455.6556	25.7138	0.0464	237.2487	39.0459	4.5290	440.4452	0.0296	0.0374	0.0129	0.0462	0.0472	0.0385	0.0160	0.0234	0.0082
59	74	0.2337	4	0	2	0	2	0	0	0	0	N	Y	N	Y	N	N	N	N	N	N	N	N	1.7715	8.3610	0.0000	18.7845	18.7214	0.0013	0.1930	7.6308	0.0000	1.3544	1.5837	0.0000	5.7559	6.0732	0.0000	0.2006	0.2414	0.0000	0.7645	0.1894	1.8533	0.3064	0.3244	0.0245	1.0396	0.0316	1.9806	0.0000	5.1681	-0.3579	0.6386	10.4254	6.4226	21.2017	19.3377	0.8114	0.8114	0.0000	0.7161	0.7161	0.0000	0.0952	0.0952	0.0000	1.6827	0.2728	1.4099	0.2530	0.2518	0.0012	1.4297	0.0210	1.4087	0.5991	0.5123	0.0868	0.1244	0.1179	0.0065	0.4747	0.3944	0.0803	2.2010	1.4403	0.7607	0.8257	0.7762	0.0495	1.3753	0.6640	0.7112	1.7715	8.3610	0.0000	18.7845	18.7214	0.0013	0.1930	7.6308	0.0000	0.7645	0.1894	1.8533	0.3064	0.3244	0.0245	1.0396	0.0316	1.9806
59	75	0.1885	3	0	1	0	2	0	0	0	0	N	N	N	Y	N	N	N	N	N	N	N	N	5.2408	3.2929	15.6488	0.3658	0.3554	0.5337	4.9883	2.2029	15.2523	2.7362	1.9888	6.0839	0.0954	0.0964	0.0408	3.6180	2.8008	6.2496	0.5221	0.6040	0.3888	0.2607	0.2714	0.0765	0.7253	1.2714	0.4097	0.6829	0.3954	-0.0618	-0.3549	10.4254	5.1932	21.2017	17.4397	1.7489	1.0393	0.7097	0.0153	0.0151	0.0001	1.7337	1.0241	0.7095	2.0282	1.4535	0.5747	0.4430	0.4359	0.0071	1.5852	1.0176	0.5676	0.6392	0.5225	0.1166	0.1600	0.1569	0.0031	0.4792	0.3656	0.1135	3.8848	2.4065	1.4783	1.6992	1.6062	0.0930	2.1856	0.8004	1.3853	5.2408	3.2929	15.6488	0.3658	0.3554	0.5337	4.9883	2.2029	15.2523	0.5221	0.6040	0.3888	0.2607	0.2714	0.0765	0.7253	1.2714	0.4097
59	76	0.1515	2	0	1	0	1	0	0	0	0	N	N	N	N	N	N	N	N	N	N	N	N	2.0658	2.5391	0.1195	2.2101	2.1103	0.0169	2.1445	4.3546	0.1150	0.6977	1.0584	0.0258	0.9946	1.0034	0.0016	0.5090	1.1382	0.0260	0.3377	0.4168	0.2158	0.4501	0.4755	0.0960	0.2373	0.2614	0.2263	0.0131	0.3360	-0.3689	-0.3866	10.4254	4.4918	21.2017	17.5337	0.8616	0.8505	0.0111	0.4773	0.4773	0.0000	0.3843	0.3732	0.0111	1.8688	1.3989	0.4700	1.1754	1.1586	0.0168	0.6934	0.2402	0.4532	1.2349	0.8036	0.4314	0.4799	0.4757	0.0042	0.7551	0.3279	0.4272	5.5334	3.3559	2.1774	2.6117	2.4368	0.1750	2.9216	0.9191	2.0025	2.0658	2.5391	0.1195	2.2101	2.1103	0.0169	2.1445	4.3546	0.1150	0.3377	0.4168	0.2158	0.4501	0.4755	0.0960	0.2373	0.2614	0.2263
59	77	0.6141	9	0	1	0	2	0	0	0	0	N	N	N	Y	N	N	N	N	N	N	N	N	0.0000	0.0000	0.0000	0.0000	0.0000	0.0000	0.0000	0.0000	0.0000	0.0000	0.0000	0.0000	0.0000	0.0000	0.0000	0.0000	0.0000	0.0000	0.0685	0.0005	0.2258	0.0169	0.0007	0.1067	0.1368	0.0001	0.2743	197.9039	0.0000	0.0499	10.4254	0.3745	21.2017	14.7996	0.0000	0.0000	0.0000	0.0000	0.0000	0.0000	0.0000	0.0000	0.0000	0.0930	0.0005	0.0925	0.0131	0.0004	0.0126	0.0799	0.0000	0.0799	0.0423	0.0372	0.0052	0.0153	0.0147	0.0005	0.0271	0.0224	0.0046	1.3583	0.9486	0.4098	0.7743	0.6557	0.1186	0.5841	0.2928	0.2912	0.0000	0.0000	0.0000	0.0000	0.0000	0.0000	0.0000	0.0000	0.0000	0.0685	0.0005	0.2258	0.0169	0.0007	0.1067	0.1368	0.0001	0.2743	
59	78	0.5919	8	0	1	0	2	0	0	0	0	N	N	N	Y	N	N	N	N	N	N	N	N	0.0000	0.0000	0.0000	0.0000	0.0000	0.0000	0.0000	0.0000	0.0000	0.0000	0.0000	0.0000	0.0000	0.0000	0.0000	0.0000	0.0000	0.0000	0.0976	0.0809	0.1364	0.0981	0.1141	0.0093	0.0970	0.0031	0.1895	0.7253	-0.0000	-0.0044	10.4254	1.4595	21.2017	10.3922	0.0000	0.0000	0.0000	0.0000	0.0000	0.0000	0.0000	0.0000	0.0000	0.1171	0.0679	0.0492	0.0681	0.0671	0.0010	0.0491	0.0008	0.0483	0.1393	0.1221	0.0172	0.0474	0.0452	0.0022	0.0919	0.0769	0.0150	1.1999	0.8389	0.3610	0.6943	0.5879	0.1063	0.5057	0.2510	0.2547	0.0000	0.0000	0.0000	0.0000	0.0000	0.0000	0.0000	0.0000	0.0000	0.0976	0.0809	0.1364	0.0981	0.1141	0.0093	0.0970	0.0031	0.1895	
59	79	0.5777	7	0	1	0	2	0	0	0	0	N	N	N	Y	N	N	N	N	N	N	N	N	0.0029	0.0050	0.0000	0.0000	0.0000	0.0000	0.0035	0.0277	0.0000	0.0004	0.0005	0.0000	0.0000	0.0000	0.0000	0.0006	0.0007	0.0000	0.1404	0.0920	0.2480	0.1186	0.1182	0.1207	0.1696	0.0261	0.2916	0.0000	1.2116	-0.0000	0.0111	10.4254	1.3861	21.2017	6.3168	0.0001	0.0001	0.0000	0.0000	0.0000	0.0000	0.0001	0.0001	0.0000	0.1245	0.0563	0.0682	0.0602	0.0518	0.0085	0.0643	0.0045	0.0598	0.1250	0.1086	0.0164	0.0414	0.0393	0.0021	0.0837	0.0693	0.0143	0.8871	0.6121	0.2751	0.5080	0.4379	0.0701	0.3792	0.1742	0.2050	0.0029	0.0050	0.0000	0.0000	0.0000	0.0000	0.0035	0.0277	0.0000	0.1404	0.0920	0.2480	0.1186	0.1182	0.1207	0.1696	0.0261	0.2916
59	80	0.5183	6	0	1	0	2	0	0	0	0	N	N	N	Y	N	N	N	N	N	N	N	N	3.7014	45.3297	0.0000	0.0005	0.0021	0.0000	3.2693	191.7542	0.0000	2.9653	3.3922	0.0000	0.0002	0.0002	0.0000	4.2303	5.0330	0.0000	0.8011	0.0748	2.4437	0.4238	0.0985	1.9402	1.2939	0.0262	2.6875	0.0000	14.4387	-0.4411	0.6400	10.4254	4.0043	21.2017	19.8631	0.9999	0.9999	0.0000	0.0000	0.0000	0.0000	0.9999	0.9999	0.0000	1.3421	0.0869	1.2552	0.4021	0.0769	0.3252	0.9400	0.0100	0.9300	0.3372	0.2948	0.0424	0.1008	0.0961	0.0047	0.2364	0.1987	0.0377	1.6753	1.1616	0.5136	0.9488	0.7812	0.1676	0.7265	0.3804	0.3461	3.7014	45.3297	0.0000	0.0005	0.0021	0.0000	3.2693	191.7542	0.0000	0.8011	0.0748	2.4437	0.4238	0.0985	1.9402	1.2939	0.0262	2.6875
59	81	0.4920	8	0	2	1	1	0	0	0	0	N	Y	N	N	N	N	N	N	N	N	N	N	0.1440	0.0805	11.5298	0.1000	0.0939	1.2230	5.7184	0.0110	19.8759	0.0087	0.0071	0.0203	0.0158	0.0160	0.0101	0.0040	0.0000	0.0217	0.0607	0.0883	0.0018	0.1582	0.1709	0.0083	0.0007	0.0003	0.0011	0.4034	0.0093	-0.0003	-0.0102	10.4254	2.0162	21.2017	4.5500	0.0017	0.0012	0.0005	0.0013	0.0012	0.0000	0.0005	0.0000	0.0005	0.0228	0.0226	0.0002	0.0226	0.0225	0.0001	0.0002	0.0000	0.0001	0.1987	0.1741	0.0246	0.0801	0.0771	0.0030	0.1187	0.0970	0.0217	0.3750	0.2553	0.1197	0.1429	0.1317	0.0112	0.2321	0.1236	0.1085	0.1440	0.0805	11.5298	0.1000	0.0939	1.2230	5.7184	0.0110	19.8759	0.0607	0.0883	0.0018	0.1582	0.1709	0.0083	0.0007	0.0003	0.0011
59	82	0.6263	10	0	2	1	1	0	0	0	0	N	Y	N	N	N	N	N	N	N	N	N	N	0.0000	0.0000	0.0000	0.0000	0.0000	0.0000	0.0000	0.0000	0.0000	0.0000	0.0000	0.0002	0.0000	0.0000	0.0000	0.0000	0.0000	0.0002	1.9333	0.0017	7.7774	0.0039	0.0012	0.0163	4.9536	0.0026	15.6317	inf	1624.1823	0.0000	0.5390	10.4254	3.0011	21.2017	3.7015	0.0000	0.0000	0.0000	0.0000	0.0000	0.0000	0.0000	0.0000	0.0000	0.9962	0.0006	0.9956	0.0012	0.0003	0.0009	0.9950	0.0003	0.9947	0.2697	0.2370	0.0327	0.0943	0.0895	0.0048	0.1754	0.1475	0.0279	0.5153	0.3689	0.1464	0.3144	0.2591	0.0553	0.2009	0.1097	0.0911	0.0000	0.0000	0.0000	0.0000	0.0000	0.0000	0.0000	0.0000	0.0000	1.9333	0.0017	6.7992	0.0039	0.0012	0.0163	4.9536	0.0026	10.9169
59	83	0.6148	9	0	2	0	1	0	0	0	0	N	Y	N	N	N	N	N	N	N	N	N	N	0.0818	0.3632	0.0000	0.1694	0.7298	0.0000	0.0161	0.0974	0.0000	0.0036	0.0041	0.0000	0.0099	0.0105	0.0000	0.0003	0.0003	0.0000	0.0436	0.0112	0.1231	0.0587	0.0144	0.2209	0.0156	0.0031	0.0323	0.0000	4.4810	-0.0003	0.0093	10.4254	2.0032	21.2017	4.2039	0.0006	0.0006	0.0000	0.0006	0.0006	0.0000	0.0000	0.0000	0.0000	0.0259	0.0047	0.0212	0.0227	0.0044	0.0183	0.0032	0.0004	0.0029	0.1808	0.1587	0.0221	0.0619	0.0586	0.0033	0.1189	0.1001	0.0188	0.5945	0.4225	0.1720	0.3862	0.3034	0.0828	0.2082	0.1191	0.0892	0.0818	0.3632	0.0000	0.1694	0.7298	0.0000	0.0161	0.0974	0.0000	0.0436	0.0112	0.1231	0.0587	0.0144	0.2209	0.0156	0.0031	0.0323
59	84	0.6116	9	1	1	1	1	0	0	0	0	N	N	N	N	N	N	N	N	N	N	N	N	0.0000	0.0000	0.0000	0.0000	0.0000	0.0000	0.0000	0.0000	0.0000	0.0000	0.0000	0.0000	0.0000	0.0000	0.0000	0.0000	0.0000	0.0000	0.0122	0.0114	0.0139	0.0180	0.0158	0.0308	0.0046	0.0009	0.0078	0.5642	0.0000	-0.0005	10.4254	1.0052	21.2017	4.9545	0.0000	0.0000	0.0000	0.0000	0.0000	0.0000	0.0000	0.0000	0.0000	0.0055	0.0035	0.0020	0.0046	0.0035	0.0012	0.0009	0.0001	0.0008	0.0930	0.0811	0.0119	0.0330	0.0312	0.0018	0.0600	0.0500	0.0101	0.4557	0.3116	0.1441	0.2570	0.2192	0.0379	0.1986	0.0924	0.1062	0.0000	0.0000	0.0000	0.0000	0.0000	0.0000	0.0000	0.0000	0.0000	0.0122	0.0114	0.0139	0.0180	0.0158	0.0308	0.0046	0.0009	0.0078	
59	85	0.5922	8	1	1	1	1	0	0	0	0	N	N	N	N	N	N	N	N	N	N	N	N	0.0000	0.0000	0.0000	0.0000	0.0002	0.0000	0.0000	0.0000	0.0000	0.0000	0.0000	0.0000	0.0000	0.0000	0.0000	0.0000	0.0000	0.0000	0.2365	0.0495	0.6983	0.2017	0.0068	1.0660	0.2908	0.1485	0.4643	0.0000	5.7084	-0.0000	0.0581	10.4254	0.9968	21.2017	7.6169	0.0000	0.0000	0.0000	0.0000	0.0000	0.0000	0.0000	0.0000	0.0000	0.1481	0.0221	0.1260	0.0769	0.0021	0.0748	0.0711	0.0200	0.0512	0.0904	0.0794	0.0110	0.0306	0.0290	0.0015	0.0599	0.0504	0.0095	0.6260	0.4455	0.1804	0.3813	0.3112	0.0702	0.2446	0.1344	0.1103	0.0000	0.0000	0.0000	0.0000	0.0002	0.0000	0.0000	0.0000	0.0000	0.2365	0.0495	0.6983	0.2017	0.0068	1.0660	0.2908	0.1485	0.4643
59	86	0.6122	7	1	2	0	1	0	0	0	0	N	Y	N	N	N	N	N	N	N	N	N	N	0.0290	0.4824	0.0093	0.3422	0.3392	0.6301	0.0142	0.5408	0.0063	0.0160	0.0158	0.0170	0.0112	0.0106	0.0258	0.0189	0.0197	0.0163	0.5523	0.0328	1.8235	0.0327	0.0314	0.0410	1.3242	0.0365	2.5633	0.2243	22.7199	-0.0029	0.5073	10.4254	5.8060	21.2017	6.1034	0.0111	0.0091	0.0020	0.0029	0.0026	0.0002	0.0083	0.0065	0.0018	1.0156	0.0428	0.9728	0.0360	0.0296	0.0064	0.9796	0.0132	0.9664	0.6943	0.5746	0.1197	0.2571	0.2476	0.0095	0.4373	0.3271	0.1102	1.8388	1.3053	0.5335	1.0991	0.9426	0.1565	0.7398	0.3628	0.3770	0.0290	0.4824	0.0093	0.3422	0.3392	0.6301	0.0142	0.5408	0.0063	0.5523	0.0328	1.8235	0.0327	0.0314	0.0410	1.3242	0.0365	2.5633
59	87	0.5183	6	1	2	0	1	0	0	0	0	N	Y	N	N	N	N	N	N	N	N	N	N	2.8549	0.6391	816.6018	3.3579	0.0298	4757.9893	2.0586	0.4404	540.6395	3.6308	1.1591	20.9810	2.1547	0.0230	45.4375	4.2529	1.7006	17.9089	1.2718	1.8135	0.0257	0.6417	0.7724	0.0095	2.0659	3.8613	0.0331	2.5788	0.0062	1.0090	-1.2524	10.4254	12.2869	21.2017	21.7146	3.6105	1.0088	2.6017	0.6352	0.0065	0.6288	2.9753	1.0024	1.9729	2.7692	2.7523	0.0170	0.7791	0.7771	0.0020	1.9902	1.9752	0.0150	0.9944	0.8704	0.1240	0.2948	0.2810	0.0138	0.6996	0.5894	0.1102	2.1774	1.5176	0.6598	1.2141	1.0061	0.2080	0.9633	0.5115	0.4518	2.8549	0.6391	816.6018	3.3579	0.0298	4757.9893	2.0586	0.4404	540.6395	1.2718	1.8135	0.0257	0.6417	0.7724	0.0095	2.0659	3.8613	0.0331
59	88	0.6148	9	0	2	0	1	0	0	0	0	N	Y	N	N	N	N	N	N	N	N	N	N	130.9592	1072.4603	0.0000	266.7155	18228.9640	0.0000	0.1307	0.1100	0.0000	2.7968	3.1851	0.0000	8.2213	8.6679	0.0000	0.0008	0.0010	0.0000	0.0214	0.0030	0.0677	0.0308	0.0005	0.1606	0.0062	0.0087	0.0029	0.0000	9.0450	-0.4399	0.0093	10.4254	4.0005	21.2017	9.0093	0.9972	0.9972	0.0000	0.9970	0.9970	0.0000	0.0002	0.0002	0.0000	0.0210	0.0021	0.0190	0.0187	0.0002	0.0185	0.0023	0.0019	0.0005	0.3565	0.3131	0.0435	0.1213	0.1150	0.0062	0.2353	0.1981	0.0372	0.9856	0.7056	0.2800	0.6070	0.4920	0.1150	0.3786	0.2136	0.1650	130.9592	1072.4603	0.0000	266.7155	18228.9640	0.0000	0.1307	0.1100	0.0000	0.0214	0.0030	0.0677	0.0308	0.0005	0.1606	0.0062	0.0087	0.0029
59	89	0.5922	8	0	2	0	1	0	0	0	0	N	Y	N	N	N	N	N	N	N	N	N	N	0.0066	1.1242	0.0000	0.0119	8.3919	0.0000	0.0001	0.0001	0.0000	0.0070	0.0080	0.0000	0.0207	0.0218	0.0000	0.0000	0.0000	0.0000	1.0568	0.0071	3.6649	1.7373	0.0026	9.6029	0.0154	0.0173	0.0130	0.0000	207.8998	-0.0003	0.4108	10.4254	1.0051	21.2017	9.2650	0.0006	0.0006	0.0000	0.0006	0.0006	0.0000	0.0000	0.0000	0.0000	0.7653	0.0037	0.7616	0.7609	0.0009	0.7600	0.0044	0.0027	0.0017	0.0912	0.0801	0.0111	0.0308	0.0293	0.0015	0.0604	0.0508	0.0096	0.7241	0.5163	0.2078	0.4380	0.3588	0.0791	0.2862	0.1575	0.1287	0.0066	1.1242	0.0000	0.0119	8.3919	0.0000	0.0001	0.0001	0.0000	1.0568	0.0071	3.6649	1.7373	0.0026	9.6029	0.0154	0.0173	0.0130
59	90	0.6406	8	0	1	1	1	0	0	0	0	N	N	N	N	N	N	N	N	N	N	N	N	0.0008	0.0006	0.0000	0.0001	0.0000	0.0000	0.0573	0.0388	0.0000	0.0003	0.0004	0.0000	0.0000	0.0000	0.0000	0.0005	0.0005	0.0000	0.4071	0.5728	0.0025	0.6649	0.7862	0.0035	0.0081	0.0142	0.0020	0.0000	0.0018	-0.0000	-0.1687	10.4254	2.3559	21.2017	7.1930	0.0001	0.0001	0.0000	0.0000	0.0000	0.0000	0.0001	0.0001	0.0000	0.3694	0.3687	0.0007	0.3665	0.3662	0.0003	0.0029	0.0025	0.0004	0.2242	0.1970	0.0272	0.0732	0.0698	0.0034	0.1510	0.1272	0.0238	0.9073	0.6437	0.2636	0.5512	0.4657	0.0855	0.3561	0.1779	0.1781	0.0008	0.0006	0.0000	0.0001	0.0000	0.0000	0.0573	0.0388	0.0000	0.4071	0.5728	0.0025	0.6649	0.7862	0.0035	0.0081	0.0142	0.0020
59	91	0.6078	7	0	1	0	1	0	0	0	0	N	N	N	N	N	N	N	N	N	N	N	N	0.8513	0.7762	0.0000	0.0311	0.0286	0.0000	3.9325	3.7268	0.0000	0.3299	0.3984	0.0000	0.0161	0.0177	0.0000	0.6117	0.8089	0.0000	0.3875	0.5133	0.0758	0.5169	0.6195	0.0586	0.1556	0.2171	0.0877	0.0000	0.0596	-0.1211	-0.4145	10.4254	4.9284	21.2017	11.0439	0.2746	0.2746	0.0000	0.0063	0.0063	0.0000	0.2682	0.2682	0.0000	1.0308	0.9728	0.0580	0.8826	0.8643	0.0183	0.1482	0.1085	0.0397	0.8323	0.6891	0.1432	0.3938	0.3575	0.0363	0.4385	0.3316	0.1069	2.6600	1.8951	0.7649	1.7073	1.3952	0.3121	0.9527	0.4999	0.4528	0.8513	0.7762	0.0000	0.0311	0.0286	0.0000	3.9325	3.7268	0.0000	0.3875	0.5133	0.0758	0.5169	0.6195	0.0586	0.1556	0.2171	0.0877
59	92	0.5183	6	0	1	0	1	0	0	0	0	N	N	N	N	N	N	N	N	N	N	N	N	1.4223	1.6618	0.0386	0.0604	0.0641	0.0000	1.2660	1.2829	0.0357	2.2496	2.5643	0.0645	0.0508	0.0533	0.0000	3.1879	3.7791	0.0726	1.5817	1.5431	1.6704	0.8407	0.8321	0.8820	2.5180	2.9457	2.0348	0.0036	0.4712	-0.3247	-0.4665	10.4254	3.9161	21.2017	29.2065	0.7422	0.7395	0.0027	0.0050	0.0050	0.0000	0.7372	0.7345	0.0027	3.3777	2.2959	1.0817	1.0021	0.8216	0.1805	2.3755	1.4743	0.9012	0.3299	0.2884	0.0415	0.0987	0.0940	0.0046	0.2312	0.1944	0.0369	2.1355	1.4879	0.6476	1.1920	0.9874	0.2047	0.9434	0.5005	0.4429	1.4223	1.6618	0.0386	0.0604	0.0641	0.0000	1.2660	1.2829	0.0357	1.5817	1.5431	1.6704	0.8407	0.8321	0.8820	2.5180	2.9457	2.0348
59	93	0.4920	8	1	2	0	1	0	0	0	0	N	Y	N	N	N	N	N	N	N	N	N	N	2.3080	1.7764	1.2560	1.2770	1.4440	0.1730	2.4403	1.5870	2.2052	4.4129	5.0292	0.0163	0.0418	0.0430	0.0114	7.2829	8.8580	0.0170	1.9120	2.8310	0.0130	0.0327	0.0298	0.0660	2.9844	5.5818	0.0077	0.0005	0.0022	-0.4548	-0.4453	10.4254	2.5103	21.2017	7.4742	1.0321	1.0316	0.0005	0.0039	0.0038	0.0000	1.0282	1.0278	0.0004	0.9761	0.9740	0.0022	0.0061	0.0051	0.0010	0.9701	0.9689	0.0012	0.2339	0.2051	0.0288	0.0927	0.0891	0.0036	0.1412	0.1160	0.0252	0.5105	0.3440	0.1665	0.1855	0.1705	0.0150	0.3250	0.1736	0.1515	2.3080	1.7764	1.2560	1.2770	1.4440	0.1730	2.4403	1.5870	2.2052	1.9120	2.8310	0.0130	0.0327	0.0298	0.0660	2.9844	5.5818	0.0077
59	94	0.4557	7	0	2	0	1	0	0	0	0	N	Y	N	N	N	N	N	N	N	N	N	N	0.1445	0.0880	1.9585	0.7356	0.7829	0.0632	0.0781	0.0269	2.5834	0.0071	0.0061	0.0150	0.0099	0.0102	0.0011	0.0055	0.0033	0.0166	0.0489	0.0689	0.0076	0.0135	0.0130	0.0175	0.0699	0.1244	0.0064	0.3151	0.0536	-0.0010	-0.0118	10.4254	7.1305	21.2017	3.2426	0.0048	0.0037	0.0012	0.0025	0.0024	0.0000	0.0024	0.0012	0.0011	0.0290	0.0275	0.0015	0.0030	0.0026	0.0004	0.0260	0.0249	0.0011	0.6829	0.6056	0.0773	0.2485	0.2403	0.0082	0.4344	0.3653	0.0691	0.5925	0.3993	0.1932	0.2200	0.1988	0.0212	0.3725	0.2005	0.1720	0.1445	0.0880	1.9585	0.7356	0.7829	0.0632	0.0781	0.0269	2.5834	0.0489	0.0689	0.0076	0.0135	0.0130	0.0175	0.0699	0.1244	0.0064
59	95	0.5922	8	1	2	0	1	0	0	0	0	N	Y	N	N	N	N	N	N	N	N	N	N	0.0000	0.0001	0.0000	0.0003	0.1022	0.0000	0.0000	0.0000	0.0000	0.0001	0.0001	0.0000	0.0002	0.0002	0.0000	0.0000	0.0000	0.0000	1.5159	1.5173	1.5122	0.7302	0.0022	4.3604	2.6220	4.7172	0.0063	0.0000	0.3922	-0.0000	-0.4895	10.4254	8.0000	21.2017	22.5660	0.0001	0.0001	0.0000	0.0001	0.0001	0.0000	0.0000	0.0000	0.0000	2.7707	1.9902	0.7805	0.7804	0.0020	0.7784	1.9904	1.9883	0.0021	0.6993	0.6143	0.0850	0.2326	0.2211	0.0116	0.4667	0.3933	0.0734	1.8278	1.3117	0.5161	1.0687	0.8902	0.1785	0.7591	0.4215	0.3376	0.0000	0.0001	0.0000	0.0003	0.1022	0.0000	0.0000	0.0000	0.0000	1.5159	1.5173	1.5122	0.7302	0.0022	4.3604	2.6220	4.7172	0.0063
59	96	0.5183	6	0	1	0	1	0	0	0	0	N	N	N	N	N	N	N	N	N	N	N	N	2.7517	1.1156	321.2709	7.9927	6.9468	0.0000	1.2693	0.0001	256.8454	2.0344	1.1726	8.0809	3.4604	3.6309	0.0000	1.4332	0.0003	9.0961	0.7393	1.0511	0.0252	0.4329	0.5227	0.0032	1.1291	2.1025	0.0354	0.9821	0.0104	0.1075	-0.6707	10.4254	11.9964	21.2017	18.8414	1.9778	0.9978	0.9799	0.9977	0.9977	0.0000	0.9801	0.0002	0.9799	1.4971	1.4816	0.0155	0.4909	0.4903	0.0006	1.0061	0.9913	0.0149	0.9722	0.8509	0.1213	0.2883	0.2748	0.0135	0.6839	0.5761	0.1077	2.0250	1.4095	0.6154	1.1339	0.9381	0.1958	0.8911	0.4715	0.4196	2.7517	1.1156	321.2709	7.9927	6.9468	0.0000	1.2693	0.0001	256.8454	0.7393	1.0511	0.0252	0.4329	0.5227	0.0032	1.1291	2.1025	0.0354
59	98	0.6227	10	1	2	1	1	0	0	0	0	N	Y	N	N	N	N	N	N	N	N	N	N	0.0000	0.0000	0.0000	0.0000	0.0000	0.0000	0.0000	0.0001	0.0000	0.0000	0.0000	0.0000	0.0000	0.0000	0.0000	0.0000	0.0000	0.0000	1.0299	0.0063	3.6447	0.1226	0.0059	0.6773	2.4111	0.0074	5.4089	0.0000	225.4618	-0.0000	0.5760	10.4254	0.9502	21.2017	16.1595	0.0000	0.0000	0.0000	0.0000	0.0000	0.0000	0.0000	0.0000	0.0000	1.0722	0.0047	1.0675	0.0770	0.0031	0.0740	0.9952	0.0017	0.9935	0.1125	0.0969	0.0156	0.0482	0.0429	0.0053	0.0643	0.0540	0.0103	1.0411	0.7482	0.2929	0.6283	0.5191	0.1092	0.4128	0.2291	0.1837	0.0000	0.0000	0.0000	0.0000	0.0000	0.0000	0.0000	0.0001	0.0000	1.0299	0.0063	3.6447	0.1226	0.0059	0.6773	2.4111	0.0074	5.4089
59	99	0.5183	6	0	2	0	1	0	0	0	0	N	Y	N	N	N	N	N	N	N	N	N	N	0.0608	0.0796	0.0001	0.1018	0.1151	0.0009	0.0406	0.0500	0.0000	0.1050	0.1199	0.0002	0.1199	0.1258	0.0015	0.0986	0.1171	0.0000	1.7270	1.5063	2.2297	1.1786	1.0929	1.5847	2.4324	2.3400	2.5354	0.0002	0.6496	-0.0450	-0.2082	10.4254	11.9964	21.2017	15.6499	0.1020	0.1020	0.0000	0.0346	0.0346	0.0000	0.0675	0.0675	0.0000	3.2247	1.9548	1.2699	1.2383	0.9480	0.2902	1.9864	1.0068	0.9796	0.9722	0.8509	0.1213	0.2883	0.2748	0.0135	0.6839	0.5761	0.1077	1.8673	1.2977	0.5695	1.0506	0.8675	0.1831	0.8166	0.4303	0.3864	0.0608	0.0796	0.0001	0.1018	0.1151	0.0009	0.0406	0.0500	0.0000	1.7270	1.5063	2.2297	1.1786	1.0929	1.5847	2.4324	2.3400	2.5354
59	100	0.6257	11	1	1	1	1	0	0	0	0	N	N	N	N	N	N	N	N	N	N	N	N	0.0022	0.0019	0.0000	0.0038	0.0033	0.0000	0.0000	0.0000	0.0000	0.0023	0.0026	0.0000	0.0063	0.0067	0.0000	0.0000	0.0000	0.0000	1.0203	1.3990	0.0684	1.6539	1.9997	0.0086	0.0473	0.0004	0.1034	0.0000	0.0194	-0.0001	-0.4120	10.4254	1.0008	21.2017	13.9255	0.0002	0.0002	0.0000	0.0002	0.0002	0.0000	0.0000	0.0000	0.0000	0.9379	0.9200	0.0179	0.9207	0.9199	0.0008	0.0171	0.0001	0.0171	0.0915	0.0803	0.0113	0.0335	0.0314	0.0021	0.0580	0.0489	0.0091	0.9193	0.6576	0.2617	0.5567	0.4600	0.0967	0.3625	0.1976	0.1650	0.0022	0.0019	0.0000	0.0038	0.0033	0.0000	0.0000	0.0000	0.0000	1.0203	1.3990	0.0684	1.6539	1.9997	0.0086	0.0473	0.0004	0.1034
59	101	0.6227	10	1	1	1	1	0	0	0	0	N	N	N	N	N	N	N	N	N	N	N	N	0.0000	0.0000	0.0000	0.0000	0.0000	0.0000	0.0000	0.0002	0.0000	0.0000	0.0000	0.0000	0.0000	0.0000	0.0000	0.0000	0.0000	0.0000	0.6880	0.4678	1.2741	0.9818	0.6198	2.4864	0.0743	0.0122	0.1539	0.0000	1.0233	-0.0000	0.0067	10.4254	0.0532	21.2017	2.0467	0.0000	0.0000	0.0000	0.0000	0.0000	0.0000	0.0000	0.0000	0.0000	0.1423	0.0703	0.0720	0.1373	0.0699	0.0674	0.0050	0.0005	0.0045	0.0313	0.0256	0.0057	0.0188	0.0153	0.0036	0.0125	0.0103	0.0021	0.2068	0.1503	0.0565	0.1399	0.1127	0.0271	0.0670	0.0376	0.0294	0.0000	0.0000	0.0000	0.0000	0.0000	0.0000	0.0000	0.0002	0.0000	0.6880	0.4678	1.2741	0.9818	0.6198	2.4864	0.0743	0.0122	0.1539
59	102	0.6131	9	1	1	1	1	0	0	0	0	N	N	N	N	N	N	N	N	N	N	N	N	0.0000	0.0000	0.0000	0.0000	0.0000	0.0000	0.0000	0.0000	0.0000	0.0000	0.0000	0.0000	0.0000	0.0000	0.0000	0.0000	0.0000	0.0000	2.6896	0.2752	14.4454	0.7148	0.3293	2.4669	5.9175	0.1491	25.8423	0.0000	12.4499	-0.0000	0.5060	10.4254	2.0948	21.2017	3.0326	0.0000	0.0000	0.0000	0.0000	0.0000	0.0000	0.0000	0.0000	0.0000	1.0829	0.0805	1.0024	0.1786	0.0674	0.1111	0.9043	0.0131	0.8912	0.2155	0.1873	0.0282	0.0853	0.0777	0.0076	0.1302	0.1095	0.0207	0.4026	0.2925	0.1101	0.2498	0.2047	0.0451	0.1528	0.0878	0.0650	0.0000	0.0000	0.0000	0.0000	0.0000	0.0000	0.0000	0.0000	0.0000	2.6896	0.2752	9.1056	0.7148	0.3293	2.4669	5.9175	0.1491	13.7049
59	103	0.5922	8	1	1	1	1	0	0	0	0	N	N	N	N	N	N	N	N	N	N	N	N	0.0004	0.0003	0.0000	0.0008	0.0007	0.0000	0.0002	0.0001	0.0000	0.0007	0.0007	0.0000	0.0002	0.0002	0.0000	0.0009	0.0011	0.0000	1.7307	2.3447	0.2132	0.2107	0.2532	0.0216	4.0945	7.1784	0.3347	0.0000	0.0368	-0.0001	-0.4658	10.4254	3.9484	21.2017	4.8420	0.0002	0.0002	0.0000	0.0000	0.0000	0.0000	0.0002	0.0002	0.0000	1.1016	1.0625	0.0391	0.0816	0.0801	0.0015	1.0199	0.9824	0.0376	0.3521	0.3092	0.0429	0.1178	0.1119	0.0059	0.2343	0.1972	0.0370	0.6365	0.4531	0.1834	0.3874	0.3163	0.0711	0.2491	0.1369	0.1122	0.0004	0.0003	0.0000	0.0008	0.0007	0.0000	0.0002	0.0001	0.0000	1.7307	2.3447	0.2132	0.2107	0.2532	0.0216	4.0945	7.1784	0.3347
59	104	0.5506	7	0	2	0	1	0	0	0	0	N	Y	N	N	N	N	N	N	N	N	N	N	0.9491	1.1285	0.0000	2.1364	1.9252	0.0002	0.0299	0.1872	0.0000	1.1608	1.3136	0.0000	3.1135	3.2852	0.0000	0.0284	0.0335	0.0000	1.2230	1.1640	1.3666	1.4573	1.7064	0.0786	0.9485	0.1790	1.8758	0.0000	0.4828	-0.4434	-0.4174	10.4254	8.9557	21.2017	32.3127	1.0051	1.0051	0.0000	0.9896	0.9896	0.0000	0.0155	0.0155	0.0000	3.1435	2.1200	1.0235	2.0209	2.0042	0.0167	1.1226	0.1157	1.0068	0.8659	0.7652	0.1007	0.3178	0.3012	0.0166	0.5481	0.4639	0.0841	2.5702	1.8212	0.7490	1.3867	1.1745	0.2122	1.1834	0.6467	0.5367	0.9491	1.1285	0.0000	2.1364	1.9252	0.0002	0.0299	0.1872	0.0000	1.2230	1.1640	1.3666	1.4573	1.7064	0.0786	0.9485	0.1790	1.8758
59	105	0.5760	8	0	1	1	1	0	0	0	0	N	N	N	N	N	N	N	N	N	N	N	N	12.4799	16.0997	0.1438	0.0127	0.0076	0.4660	17.2812	38.4397	0.1162	0.6126	0.7028	0.0090	0.0006	0.0004	0.0044	0.9411	1.1388	0.0097	0.0491	0.0437	0.0629	0.0448	0.0506	0.0095	0.0545	0.0296	0.0835	0.0019	0.5661	-0.1141	-0.0042	10.4254	4.2679	21.2017	7.8415	0.2597	0.2592	0.0005	0.0001	0.0001	0.0000	0.2597	0.2592	0.0005	0.0429	0.0274	0.0155	0.0219	0.0212	0.0006	0.0210	0.0062	0.0148	0.4240	0.3689	0.0551	0.1481	0.1413	0.0068	0.2759	0.2276	0.0483	0.8731	0.6269	0.2462	0.4874	0.4191	0.0683	0.3857	0.2078	0.1779	12.4799	16.0997	0.1438	0.0127	0.0076	0.4660	17.2812	38.4397	0.1162	0.0491	0.0437	0.0629	0.0448	0.0506	0.0095	0.0545	0.0296	0.0835
59	106	0.5506	7	0	1	0	1	0	0	0	0	N	N	N	N	N	N	N	N	N	N	N	N	1.1459	1.0019	0.1876	1.4681	1.4164	0.2839	2.0710	1.4066	0.0009	0.9954	1.1049	0.0537	2.1110	2.2188	0.2293	0.0805	0.0942	0.0000	0.8687	1.1028	0.2865	1.4380	1.5665	0.8075	0.0389	0.0669	0.0056	0.0057	0.1045	-0.1174	-0.3392	10.4254	1.9301	21.2017	9.0954	0.2696	0.2681	0.0015	0.2576	0.2561	0.0015	0.0120	0.0120	0.0000	0.9323	0.8441	0.0882	0.9154	0.8283	0.0870	0.0170	0.0158	0.0011	0.2708	0.2426	0.0282	0.1220	0.1154	0.0066	0.1488	0.1272	0.0216	1.0733	0.7655	0.3078	0.6366	0.5288	0.1078	0.4367	0.2367	0.2000	1.1459	1.0019	0.1876	1.4681	1.4164	0.2839	2.0710	1.4066	0.0009	0.8687	1.1028	0.2865	1.4380	1.5665	0.8075	0.0389	0.0669	0.0056
59	107	0.5183	6	0	1	0	1	0	0	0	0	N	N	N	N	N	N	N	N	N	N	N	N	9.9685	31.0045	0.0007	0.3003	1.0199	0.0021	409.1021	715.0362	0.0000	3.0810	3.5246	0.0005	0.1572	0.1647	0.0043	4.3286	5.1502	0.0000	0.3091	0.1137	0.7355	0.5234	0.1615	2.0975	0.0106	0.0072	0.0141	0.0000	2.9644	-0.4471	0.1000	10.4254	3.9049	21.2017	9.6098	1.0136	1.0136	0.0000	0.0155	0.0154	0.0000	0.9982	0.9982	0.0000	0.3457	0.0872	0.2585	0.3408	0.0855	0.2553	0.0049	0.0017	0.0032	0.3290	0.2876	0.0414	0.0984	0.0938	0.0046	0.2306	0.1938	0.0368	1.1186	0.7671	0.3515	0.6511	0.5294	0.1217	0.4675	0.2378	0.2298	9.9685	31.0045	0.0007	0.3003	1.0199	0.0021	409.1021	715.0362	0.0000	0.3091	0.1137	0.7355	0.5234	0.1615	2.0975	0.0106	0.0072	0.0141
59	108	0.5394	8	0	2	0	1	0	0	0	0	N	Y	N	N	N	N	N	N	N	N	N	N	9.2465	7.8533	0.0219	11.2104	10.3609	0.0843	68.2801	417.4773	0.0000	1.3386	1.5379	0.0005	2.9158	3.0766	0.0041	0.5713	0.6861	0.0000	0.1448	0.1958	0.0246	0.2601	0.2969	0.0484	0.0084	0.0016	0.0158	0.0001	0.0533	-0.4224	-0.1222	10.4254	8.0392	21.2017	22.6195	0.9578	0.9578	0.0001	0.6828	0.6827	0.0001	0.2750	0.2750	0.0000	0.2996	0.2844	0.0152	0.2917	0.2836	0.0080	0.0079	0.0008	0.0071	0.7155	0.6228	0.0928	0.2342	0.2219	0.0123	0.4814	0.4009	0.0805	2.0695	1.4524	0.6171	1.1213	0.9551	0.1662	0.9481	0.4973	0.4508	9.2465	7.8533	0.0219	11.2104	10.3609	0.0843	68.2801	417.4773	0.0000	0.1448	0.1958	0.0246	0.2601	0.2969	0.0484	0.0084	0.0016	0.0158
59	109	0.5394	7	0	1	0	1	0	0	0	0	N	N	N	N	N	N	N	N	N	N	N	N	0.0100	0.0094	0.0000	0.0110	0.0110	0.0000	0.0087	0.0062	0.0000	0.0026	0.0033	0.0000	0.0027	0.0029	0.0000	0.0025	0.0038	0.0000	0.2612	0.3530	0.0487	0.2460	0.2658	0.1427	0.2859	0.6072	0.0026	0.0000	0.0595	-0.0001	-0.0564	10.4254	0.2031	21.2017	2.0398	0.0001	0.0001	0.0000	0.0001	0.0001	0.0000	0.0001	0.0001	0.0000	0.1403	0.1325	0.0079	0.0818	0.0742	0.0076	0.0585	0.0582	0.0003	0.0531	0.0418	0.0113	0.0255	0.0235	0.0019	0.0276	0.0183	0.0094	0.5373	0.3752	0.1620	0.3326	0.2793	0.0533	0.2047	0.0959	0.1088	0.0100	0.0094	0.0000	0.0110	0.0110	0.0000	0.0087	0.0062	0.0000	0.2612	0.3530	0.0487	0.2460	0.2658	0.1427	0.2859	0.6072	0.0026
59	110	0.5531	9	1	1	1	1	0	0	0	0	N	N	N	N	N	N	N	N	N	N	N	N	0.0000	0.0000	0.0000	0.0000	0.0000	0.0000	0.0000	0.0000	0.0000	0.0000	0.0000	0.0000	0.0000	0.0000	0.0000	0.0000	0.0000	0.0000	0.0000	0.0000	0.0000	0.0000	0.0001	0.0000	0.0000	0.0000	-0.0000	10.4254	0.0001	21.2017	0.0001	0.0000	0.0000	0.0000	0.0000	0.0000	0.0000	0.0000	0.0000	0.0000	0.0000	0.0000	0.0000	0.0000	0.0000	0.0000	0.0000	0.0000	0.0000	0.0072	0.0057	0.0015	0.0036	0.0036	0.0000	0.0036	0.0021	0.0015	0.0003	0.0002	0.0001	0.0002	0.0002	0.0000	0.0002	0.0000	0.0001	0.0000	0.0000	0.0000	0.0000	0.0000	0.0000	0.0000	0.0000	0.0000	0.0000	0.0000	0.0000	0.0000	0.0000	0.0000	0.0000	0.0001	0.0000				
59	111	0.5392	8	1	1	1	1	0	0	0	0	N	N	N	N	N	N	N	N	N	N	N	N	0.9284	0.6148	2.8459	1.3446	1.3291	4.7957	0.6271	0.0955	2.7963	0.0020	0.0009	0.0107	0.0040	0.0023	0.0636	0.0010	0.0001	0.0057	0.0022	0.0015	0.0037	0.0030	0.0017	0.0133	0.0016	0.0012	0.0020	1.5096	1.1250	0.0000	0.0000	10.4254	1.6718	21.2017	2.9223	0.0003	0.0001	0.0002	0.0002	0.0001	0.0001	0.0001	0.0000	0.0001	0.0006	0.0003	0.0003	0.0003	0.0002	0.0002	0.0002	0.0001	0.0001	0.1541	0.1366	0.0175	0.0516	0.0501	0.0015	0.1025	0.0864	0.0160	0.2695	0.1868	0.0827	0.1112	0.0987	0.0125	0.1583	0.0881	0.0701	0.9284	0.6148	2.8459	1.3446	1.3291	4.7957	0.6271	0.0955	2.7963	0.0022	0.0015	0.0037	0.0030	0.0017	0.0133	0.0016	0.0012	0.0020
59	112	0.4557	7	1	1	1	1	0	0	0	0	N	N	N	N	N	N	N	N	N	N	N	N	361.4695	130.9523	6371.4313	184.7783	67.2178	7300.8723	3023.1312	6037.6946	5419.2961	3.3378	1.6503	16.1907	4.5983	1.7718	79.0228	2.7139	1.5817	8.8676	0.0092	0.0126	0.0025	0.0249	0.0264	0.0108	0.0009	0.0003	0.0016	1.2881	0.1015	0.4542	-0.0034	10.4254	14.0283	21.2017	7.1084	3.7277	1.6292	2.0985	1.7003	0.6312	1.0691	2.0274	0.9980	1.0294	0.0094	0.0085	0.0009	0.0088	0.0084	0.0004	0.0006	0.0001	0.0005	1.1168	0.9872	0.1296	0.3698	0.3562	0.0135	0.7470	0.6310	0.1161	1.0157	0.6757	0.3401	0.3530	0.3195	0.0335	0.6628	0.3562	0.3066	361.4695	130.9523	6371.4313	184.7783	67.2178	7300.8723	3023.1312	6037.6946	5419.2961	0.0092	0.0126	0.0025	0.0249	0.0264	0.0108	0.0009	0.0003	0.0016
59	113	0.3955	6	0	1	0	1	0	0	0	0	N	N	N	N	N	N	N	N	N	N	N	N	0.0324	2.1023	0.0089	1.6813	3.6775	0.0518	0.0055	1.0340	0.0084	0.0068	0.0070	0.0057	0.0148	0.0160	0.0019	0.0023	0.0015	0.0069	0.2103	0.0033	0.6436	0.0088	0.0043	0.0358	0.4213	0.0014	0.8199	0.1228	92.6455	-0.0023	0.2065	10.4254	8.6129	21.2017	5.1709	0.0070	0.0063	0.0008	0.0055	0.0054	0.0001	0.0015	0.0008	0.0007	0.3890	0.0042	0.3848	0.0083	0.0035	0.0048	0.3807	0.0006	0.3800	1.0300	0.8962	0.1338	0.3704	0.3401	0.0304	0.6596	0.5561	0.1035	1.8501	1.2521	0.5980	0.9465	0.8120	0.1345	0.9035	0.4400	0.4635	0.0324	2.1023	0.0089	1.6813	3.6775	0.0518	0.0055	1.0340	0.0084	0.2103	0.0033	0.6436	0.0088	0.0043	0.0358	0.4213	0.0014	0.8199
59	114	0.3003	5	0	1	0	1	0	0	0	0	N	N	N	N	N	N	N	N	N	N	N	N	1.7275	14.7515	0.0781	13.7349	16.9649	1.4068	0.6710	173.1279	0.0414	1.2663	1.4394	0.1578	2.7236	2.8636	0.6251	0.7554	0.8819	0.0940	0.7330	0.0976	2.0194	0.1983	0.1688	0.4443	1.1258	0.0051	2.2697	0.0171	10.2223	-0.8176	1.0878	10.4254	16.8607	21.2017	22.7724	1.9271	1.8947	0.0324	1.0760	1.0605	0.0154	0.8512	0.8342	0.0170	2.4038	0.2142	2.1896	0.2754	0.2093	0.0661	2.1284	0.0049	2.1235	1.5219	1.3163	0.2056	0.3950	0.3703	0.0247	1.1268	0.9459	0.1809	3.2794	2.1951	1.0843	1.3888	1.2401	0.1487	1.8906	0.9550	0.9356	1.7275	14.7515	0.0781	13.7349	16.9649	1.4068	0.6710	173.1279	0.0414	0.7330	0.0976	2.0194	0.1983	0.1688	0.4443	1.1258	0.0051	2.2697
59	115	0.5985	8	1	1	1	1	0	0	0	0	N	N	N	N	N	N	N	N	N	N	N	N	14.8221	11.9771	0.0000	0.3162	0.2747	0.0000	8.1167	5.4074	0.0000	10.0568	11.5517	0.0000	0.0017	0.0019	0.0000	15.4204	18.3709	0.0000	0.6785	0.9645	0.0005	0.0055	0.0068	0.0008	1.8998	3.3974	0.0002	0.0000	0.0002	-0.4404	-0.2514	10.4254	1.0009	21.2017	4.0038	0.9984	0.9984	0.0000	0.0001	0.0001	0.0000	0.9984	0.9984	0.0000	0.5487	0.5485	0.0001	0.0029	0.0028	0.0001	0.5458	0.5458	0.0000	0.0993	0.0864	0.0128	0.0345	0.0321	0.0024	0.0647	0.0543	0.0104	0.8086	0.5687	0.2399	0.5213	0.4081	0.1132	0.2873	0.1606	0.1266	14.8221	11.9771	0.0000	0.3162	0.2747	0.0000	8.1167	5.4074	0.0000	0.6785	0.9645	0.0005	0.0055	0.0068	0.0008	1.8998	3.3974	0.0002
59	116	0.5702	7	1	1	1	1	0	0	0	0	N	N	N	N	N	N	N	N	N	N	N	N	0.0407	0.0437	0.0551	0.0004	0.0000	0.0244	0.0479	0.0808	0.0438	0.0010	0.0009	0.0021	0.0000	0.0000	0.0002	0.0016	0.0015	0.0024	0.0254	0.0202	0.0384	0.0188	0.0211	0.0072	0.0344	0.0185	0.0547	0.3322	0.7548	-0.0000	-0.0007	10.4254	1.8441	21.2017	10.4794	0.0002	0.0002	0.0001	0.0000	0.0000	0.0000	0.0002	0.0002	0.0001	0.0232	0.0132	0.0100	0.0098	0.0092	0.0006	0.0133	0.0040	0.0093	0.2057	0.1806	0.0251	0.0767	0.0735	0.0032	0.1290	0.1071	0.0219	0.9121	0.6526	0.2596	0.5241	0.4348	0.0893	0.3880	0.2178	0.1702	0.0407	0.0437	0.0551	0.0004	0.0000	0.0244	0.0479	0.0808	0.0438	0.0254	0.0202	0.0384	0.0188	0.0211	0.0072	0.0344	0.0185	0.0547
59	117	0.2821	5	0	2	0	2	0	0	0	0	N	Y	N	Y	N	N	N	N	N	N	N	N	9.3617	20.8052	10.0238	0.5609	0.5003	2.9582	8.8209	311.9657	9.1793	1.5375	1.0145	4.0401	0.0439	0.0373	0.3290	2.1346	1.5121	4.1860	0.1642	0.0488	0.4030	0.0783	0.0745	0.1112	0.2420	0.0048	0.4560	0.8322	3.9965	0.0241	0.1989	10.4254	10.5071	21.2017	20.2622	1.8384	1.0033	0.8350	0.0150	0.0124	0.0026	1.8234	0.9909	0.8325	0.5824	0.1166	0.4659	0.1320	0.1123	0.0198	0.4504	0.0043	0.4461	1.1957	0.9890	0.2067	0.3415	0.3337	0.0078	0.8542	0.6553	0.1989	3.5465	2.3907	1.1559	1.6854	1.5078	0.1776	1.8611	0.8829	0.9782	9.3617	20.8052	10.0238	0.5609	0.5003	2.9582	8.8209	311.9657	9.1793	0.1642	0.0488	0.4030	0.0783	0.0745	0.1112	0.2420	0.0048	0.4560
59	118	0.5183	6	0	2	0	2	0	0	0	0	N	Y	N	Y	N	N	N	N	N	N	N	N	4.3946	4.9095	0.0000	0.0004	0.0004	0.0000	27.9815	68.3293	0.0000	2.9720	3.3999	0.0000	0.0004	0.0004	0.0000	4.2397	5.0443	0.0000	0.6763	0.6925	0.6391	1.0881	1.0030	1.4955	0.1515	0.0738	0.2387	0.0000	0.4032	-0.4411	-0.2320	10.4254	4.0036	21.2017	26.5072	0.9999	0.9999	0.0000	0.0000	0.0000	0.0000	0.9998	0.9998	0.0000	1.3565	0.9667	0.3898	1.2229	0.9323	0.2906	0.1336	0.0344	0.0992	0.3364	0.2941	0.0423	0.1006	0.0959	0.0047	0.2358	0.1982	0.0376	2.0058	1.3960	0.6099	1.1238	0.9295	0.1943	0.8820	0.4665	0.4156	4.3946	4.9095	0.0000	0.0004	0.0004	0.0000	27.9815	68.3293	0.0000	0.6763	0.6925	0.6391	1.0881	1.0030	1.4955	0.1515	0.0738	0.2387
59	119	0.5567	7	0	2	0	1	0	0	0	0	N	Y	N	N	N	N	N	N	N	N	N	N	0.0000	0.0000	0.0022	0.0001	0.0000	0.0070	0.0000	0.0000	0.0009	0.0000	0.0000	0.0000	0.0001	0.0001	0.0000	0.0000	0.0000	0.0000	0.5911	0.8313	0.0003	0.9966	1.2125	0.0005	0.0156	0.0281	0.0001	0.0028	0.0001	-0.0000	-0.4753	10.4254	3.8169	21.2017	21.2433	0.0000	0.0000	0.0000	0.0000	0.0000	0.0000	0.0000	0.0000	0.0000	1.0371	1.0370	0.0001	1.0258	1.0257	0.0001	0.0113	0.0113	0.0000	0.4392	0.3894	0.0498	0.1832	0.1763	0.0069	0.2560	0.2131	0.0429	1.7547	1.2475	0.5072	1.0293	0.8459	0.1833	0.7255	0.4016	0.3239	0.0000	0.0000	0.0022	0.0001	0.0000	0.0070	0.0000	0.0000	0.0009	0.5911	0.8313	0.0003	0.9966	1.2125	0.0005	0.0156	0.0281	0.0001
59	123	0.5922	8	0	2	0	1	0	0	0	0	N	Y	N	N	N	N	N	N	N	N	N	N	0.0000	0.0000	0.0000	0.0000	0.0000	0.0000	0.0000	0.0000	0.0000	0.0000	0.0000	0.0000	0.0000	0.0000	0.0000	0.0000	0.0000	0.0000	1.3528	1.8865	0.0011	2.2913	2.7585	0.0009	0.0088	0.0149	0.0012	0.0000	0.0002	-0.0000	-0.9091	10.4254	4.0019	21.2017	19.5615	0.0000	0.0000	0.0000	0.0000	0.0000	0.0000	0.0000	0.0000	0.0000	1.9843	1.9839	0.0004	1.9790	1.9789	0.0001	0.0053	0.0050	0.0003	0.3568	0.3133	0.0435	0.1194	0.1134	0.0060	0.2374	0.1998	0.0375	1.4669	1.0516	0.4152	0.8637	0.7174	0.1463	0.6031	0.3342	0.2689	0.0000	0.0000	0.0000	0.0000	0.0000	0.0000	0.0000	0.0000	0.0000	1.3528	1.8865	0.0011	2.2913	2.7585	0.0009	0.0088	0.0149	0.0012
59	124	0.5702	7	0	1	0	1	0	0	0	0	N	N	N	N	N	N	N	N	N	N	N	N	0.0133	0.0000	0.0647	0.0005	0.0001	0.0841	0.0180	0.0000	0.0482	0.0004	0.0000	0.0029	0.0000	0.0000	0.0002	0.0006	0.0000	0.0033	0.0267	0.0195	0.0447	0.0230	0.0272	0.0029	0.0318	0.0040	0.0678	596.0473	0.9066	0.0000	0.0003	10.4254	1.2223	21.2017	8.2281	0.0001	0.0000	0.0001	0.0000	0.0000	0.0000	0.0001	0.0000	0.0001	0.0199	0.0104	0.0095	0.0099	0.0097	0.0002	0.0099	0.0007	0.0092	0.1502	0.1318	0.0183	0.0584	0.0562	0.0023	0.0917	0.0757	0.0160	0.7453	0.5339	0.2114	0.4331	0.3578	0.0752	0.3122	0.1761	0.1361	0.0133	0.0000	0.0647	0.0005	0.0001	0.0841	0.0180	0.0000	0.0482	0.0267	0.0195	0.0447	0.0230	0.0272	0.0029	0.0318	0.0040	0.0678
59	125	0.5183	6	0	1	0	1	0	0	0	0	N	N	N	N	N	N	N	N	N	N	N	N	0.1076	0.0000	0.4775	0.0051	0.0001	8.3166	0.1164	0.0000	0.3542	0.1362	0.0000	1.0844	0.0050	0.0001	0.1041	0.1919	0.0000	1.2077	1.2660	0.8148	2.2709	0.9815	1.1959	0.0125	1.6484	0.0038	3.4099	6802.9364	1.2514	0.0380	0.1704	10.4254	5.9920	21.2017	12.2976	0.0680	0.0000	0.0680	0.0007	0.0000	0.0007	0.0673	0.0000	0.0673	1.7484	0.7766	0.9718	0.7773	0.7755	0.0018	0.9712	0.0012	0.9700	0.4995	0.4368	0.0627	0.1490	0.1420	0.0070	0.3505	0.2948	0.0557	1.3811	0.9531	0.4280	0.7919	0.6484	0.1435	0.5892	0.3047	0.2845	0.1076	0.0000	0.4775	0.0051	0.0001	8.3166	0.1164	0.0000	0.3542	1.2660	0.8148	2.2709	0.9815	1.1959	0.0125	1.6484	0.0038	3.4099
59	126	0.5554	8	0	2	0	1	0	0	0	0	N	Y	N	N	N	N	N	N	N	N	N	N	7.0981	6.0313	0.0000	11.7856	11.0122	0.0000	0.0169	0.0151	0.0000	2.0698	2.3853	0.0000	5.9326	6.2826	0.0000	0.0005	0.0006	0.0000	0.2916	0.3955	0.0466	0.5034	0.5705	0.1204	0.0301	0.0409	0.0184	0.0000	0.0500	-0.4315	-0.1984	10.4254	5.0407	21.2017	17.1705	0.9783	0.9783	0.0000	0.9781	0.9781	0.0000	0.0002	0.0002	0.0000	0.4831	0.4601	0.0230	0.4608	0.4443	0.0164	0.0223	0.0157	0.0066	0.4726	0.4101	0.0625	0.1649	0.1557	0.0092	0.3078	0.2544	0.0533	1.6566	1.1633	0.4932	0.9153	0.7788	0.1365	0.7412	0.3845	0.3567	7.0981	6.0313	0.0000	11.7856	11.0122	0.0000	0.0169	0.0151	0.0000	0.2916	0.3955	0.0466	0.5034	0.5705	0.1204	0.0301	0.0409	0.0184
59	127	0.5394	7	0	2	0	1	0	0	0	0	N	Y	N	N	N	N	N	N	N	N	N	N	0.5862	0.5100	0.0103	1.6082	1.5915	0.0000	0.0036	0.0019	0.1486	0.0949	0.1111	0.0003	0.2636	0.2799	0.0000	0.0006	0.0006	0.0004	0.1618	0.2178	0.0312	0.1639	0.1759	0.0984	0.1590	0.3161	0.0025	0.0005	0.0615	-0.0086	-0.0574	10.4254	1.9703	21.2017	6.2034	0.0196	0.0196	0.0000	0.0195	0.0195	0.0000	0.0001	0.0001	0.0000	0.1434	0.1351	0.0083	0.0843	0.0764	0.0078	0.0591	0.0587	0.0005	0.2067	0.1765	0.0303	0.0741	0.0698	0.0043	0.1326	0.1067	0.0260	0.8861	0.6201	0.2660	0.5141	0.4345	0.0796	0.3720	0.1856	0.1864	0.5862	0.5100	0.0103	1.6082	1.5915	0.0000	0.0036	0.0019	0.1486	0.1618	0.2178	0.0312	0.1639	0.1759	0.0984	0.1590	0.3161	0.0025
59	128	0.5183	6	0	1	0	1	0	0	0	0	N	N	N	N	N	N	N	N	N	N	N	N	0.0016	0.0051	0.0000	0.0030	0.0101	0.0000	0.0017	0.0407	0.0000	0.0007	0.0008	0.0000	0.0022	0.0023	0.0000	0.0001	0.0001	0.0000	0.4668	0.1634	1.1082	0.7502	0.2307	2.8855	0.0502	0.0024	0.0970	0.0000	3.2092	-0.0000	0.1215	10.4254	1.1032	21.2017	7.8190	0.0001	0.0001	0.0000	0.0001	0.0001	0.0000	0.0000	0.0000	0.0000	0.3997	0.0950	0.3048	0.3823	0.0946	0.2878	0.0174	0.0004	0.0170	0.0948	0.0828	0.0120	0.0285	0.0272	0.0013	0.0662	0.0556	0.0107	0.8564	0.5814	0.2750	0.5096	0.4099	0.0997	0.3468	0.1715	0.1753	0.0016	0.0051	0.0000	0.0030	0.0101	0.0000	0.0017	0.0407	0.0000	0.4668	0.1634	1.1082	0.7502	0.2307	2.8855	0.0502	0.0024	0.0970
59	129	0.2338	4	0	2	0	1	0	0	0	0	N	Y	N	N	N	N	N	N	N	N	N	N	0.0000	0.0000	0.0000	0.0000	0.0000	0.0000	0.0000	0.0000	0.0000	0.0000	0.0000	0.0000	0.0000	0.0000	0.0000	0.0000	0.0000	0.0000	0.0094	0.0099	0.0087	0.0123	0.0129	0.0039	0.0064	0.0003	0.0092	inf	0.5068	0.0000	-0.0015	10.4254	1.0033	21.2017	0.8635	0.0000	0.0000	0.0000	0.0000	0.0000	0.0000	0.0000	0.0000	0.0000	0.0126	0.0083	0.0042	0.0085	0.0083	0.0002	0.0041	0.0001	0.0040	0.7915	0.5867	0.2049	0.4773	0.3873	0.0901	0.3142	0.1994	0.1148	1.3328	0.8458	0.4870	0.6906	0.6432	0.0474	0.6421	0.2025	0.4396	0.0000	0.0000	0.0000	0.0000	0.0000	0.0000	0.0000	0.0000	0.0000	0.0094	0.0099	0.0087	0.0123	0.0129	0.0039	0.0064	0.0003	0.0092
59	130	0.2045	3	0	1	0	1	0	0	0	0	N	N	N	N	N	N	N	N	N	N	N	N	2.4372	2.6376	2.4362	3.3291	3.2131	4.9725	1.8632	2.2450	2.2561	0.8394	0.6906	1.1744	1.0323	0.9935	1.5893	0.7042	0.3112	1.1347	0.3444	0.2618	0.4821	0.3101	0.3092	0.3196	0.3780	0.1386	0.5030	0.7551	1.1044	-0.0129	0.0958	10.4254	5.5514	21.2017	9.9598	1.1844	0.6748	0.5096	0.6001	0.5399	0.0603	0.5843	0.1350	0.4493	1.4424	0.6854	0.7570	0.6419	0.5847	0.0571	0.8005	0.1007	0.6998	1.4110	0.9771	0.4339	0.5813	0.5434	0.0379	0.8297	0.4337	0.3960	4.1879	2.6177	1.5702	2.0699	1.8911	0.1788	2.1180	0.7266	1.3914	2.4372	2.6376	2.4362	3.3291	3.2131	4.9725	1.8632	2.2450	2.2561	0.3444	0.2618	0.4821	0.3101	0.3092	0.3196	0.3780	0.1386	0.5030
59	132	0.6152	10	1	2	0	2	0	0	0	0	N	Y	N	Y	N	N	N	N	N	N	N	N	511.6308	0.0000	inf	873.0886	0.0000	inf	0.0217	0.0000	0.1751	0.0667	0.0000	1.2349	0.0000	0.0000	0.0000	0.0000	0.0001	0.0000	0.0001	0.0001	0.0000	0.0000	0.0000	0.0000	inf	0.0000	0.0011	-0.0000	10.4254	1.0000	21.2017	3.0001	0.0019	0.0000	0.0019	0.0019	0.0000	0.0019	0.0000	0.0000	0.0000	0.0000	0.0000	0.0000	0.0000	0.0000	0.0000	0.0000	0.0000	0.0000	0.0881	0.0772	0.0109	0.0286	0.0271	0.0015	0.0594	0.0501	0.0094	0.2359	0.1639	0.0720	0.1308	0.1079	0.0229	0.1051	0.0560	0.0491	511.6308	0.0000	inf	873.0886	0.0000	inf	0.0000	0.0000	0.0000	0.0000	0.0001	0.0000	0.0001	0.0001	0.0000	0.0000	0.0000	0.0000			
59	133	0.4473	10	1	2	0	2	0	0	0	0	N	Y	N	Y	N	N	N	N	N	N	N	N	0.0000	0.0000	0.0000	0.0000	0.0000	0.0000	0.0000	0.0000	0.0000	0.0000	0.0000	0.0000	0.0000	0.0000	0.0000	0.0042	0.0063	0.0000	0.0100	0.0112	0.0000	0.0000	0.0000	0.0000	0.0000	0.0000	-0.0003	10.4254	0.0006	21.2017	1.9797	0.0000	0.0000	0.0000	0.0000	0.0000	0.0000	0.0000	0.0000	0.0000	0.0006	0.0006	0.0000	0.0006	0.0006	0.0000	0.0000	0.0000	0.0000	0.0003	0.0002	0.0001	0.0002	0.0001	0.0001	0.0001	0.0001	0.0000	0.1343	0.0901	0.0443	0.0563	0.0505	0.0058	0.0780	0.0395	0.0385	0.0000	0.0000	0.0000	0.0000	0.0000	0.0000	0.0000	0.0000	0.0000	0.0042	0.0063	0.0000	0.0100	0.0112	0.0000	0.0000	0.0000	0.0000				
59	134	0.4305	9	1	2	0	2	0	0	0	0	N	Y	N	Y	N	N	N	N	N	N	N	N	0.0000	0.0000	0.0000	0.0000	0.0000	0.0000	0.0000	0.0000	0.0000	0.0000	0.0000	0.0000	0.0000	0.0000	0.0000	0.0000	0.0000	0.0000	2.2377	3.2921	0.0001	8.0356	8.4381	0.0006	0.0003	0.0004	0.0001	0.0000	0.0000	-0.4535	10.4254	2.0077	21.2017	6.0321	0.0000	0.0000	0.0000	0.0000	0.0000	0.0000	0.0000	0.0000	0.0000	0.9894	0.9894	0.0000	0.9893	0.9893	0.0000	0.0001	0.0001	0.0000	0.1739	0.1511	0.0228	0.0529	0.0504	0.0025	0.1210	0.1008	0.0203	0.4422	0.3005	0.1416	0.1709	0.1534	0.0175	0.2713	0.1472	0.1241	0.0000	0.0000	0.0000	0.0000	0.0000	0.0000	0.0000	0.0000	0.0000	2.2377	3.2921	0.0001	5.7891	6.4513	0.0006	0.0003	0.0004	0.0001	
59	135	0.4257	9	0	2	0	2	0	0	0	0	N	Y	N	Y	N	N	N	N	N	N	N	N	2.8599	2.8441	0.0000	22.6787	768.4804	0.0000	0.0000	0.0000	0.0000	3.7735	4.3489	0.0000	12.3312	12.9281	0.0000	0.0000	0.0000	0.0000	1.3195	1.5291	0.8351	0.5437	0.0168	3.0797	2.0238	3.4893	0.0004	0.0000	0.2363	-0.4407	-0.3270	10.4254	3.0348	21.2017	9.3583	0.9990	0.9990	0.0000	0.9990	0.9990	0.0000	0.0000	0.0000	0.0000	1.2235	0.9897	0.2339	0.2399	0.0061	0.2338	0.9836	0.9835	0.0001	0.2647	0.2297	0.0350	0.0810	0.0773	0.0037	0.1837	0.1524	0.0313	0.9273	0.6472	0.2800	0.4413	0.3653	0.0759	0.4860	0.2819	0.2041	2.8599	2.8441	0.0000	22.6787	768.4804	0.0000	0.0000	0.0000	0.0000	1.3195	1.5291	0.8351	0.5437	0.0168	3.0797	2.0238	3.4893	0.0004
59	136	0.4114	8	0	1	0	2	0	0	0	0	N	N	N	Y	N	N	N	N	N	N	N	N	0.0036	0.2485	0.0000	0.0043	0.6785	0.0000	0.0000	0.0000	0.0000	0.0045	0.0053	0.0000	0.0137	0.0142	0.0000	0.0000	0.0000	0.0000	1.2786	0.0213	3.9593	3.2142	0.0210	62.2946	0.0332	0.0216	0.0470	0.0000	87.2720	-0.0000	0.2547	10.4254	0.0433	21.2017	6.6805	0.0000	0.0000	0.0000	0.0000	0.0000	0.0000	0.0000	0.0000	0.0000	0.4803	0.0054	0.4748	0.4727	0.0028	0.4699	0.0076	0.0027	0.0049	0.0044	0.0038	0.0006	0.0015	0.0014	0.0001	0.0029	0.0024	0.0006	0.3756	0.2557	0.1199	0.1471	0.1314	0.0157	0.2286	0.1243	0.1043	0.0036	0.2485	0.0000	0.0043	0.6785	0.0000	0.0000	0.0000	0.0000	1.2786	0.0213	3.9593	3.2142	0.0210	29.9757	0.0332	0.0216	0.0470
59	137	0.6448	12	0	2	0	2	0	0	0	0	N	Y	N	Y	N	N	N	N	N	N	N	N	0.0000	0.0000	0.0000	0.0000	0.0000	0.0000	0.0000	0.0000	0.0000	0.0000	0.0000	0.0000	0.0000	0.0000	0.0000	0.0000	0.0000	0.0000	0.0000	0.0000	10.4254	0.0000	21.2017	0.0000	0.0000	0.0000	0.0000	0.0000	0.0000	0.0000	0.0000	0.0000	0.0000	0.0000	0.0000	0.0000	0.0000	0.0000	0.0000	0.0000	0.0000	0.0000	0.0000	0.0000	0.0000	0.0000	0.0000	0.0000	0.0000	0.0000	0.0000	0.0000	0.0000	0.0000	0.0000	0.0000	0.0000	0.0000	0.0000	0.0000	0.0000	0.0000	0.0000	0.0000	0.0000	0.0000	0.0000	0.0000	0.0000	0.0000	0.0000	0.0000	0.0000	0.0000	0.0000	0.0000	0.0000	0.0000											
59	138	0.6397	11	0	2	0	2	0	0	0	0	N	Y	N	Y	N	N	N	N	N	N	N	N	196.7130	206.8681	0.0000	212.7983	188.9446	0.0000	0.0000	0.0000	0.0000	0.0000	0.0000	0.0000	0.0000	0.0000	0.0000	0.0000	0.0000	0.0000	0.0000	0.0000	0.0000	0.0000	0.0000	0.0000	0.0000	0.0000	0.4074	-0.0000	-0.0000	10.4254	0.0021	21.2017	2.0000	0.0000	0.0000	0.0000	0.0000	0.0000	0.0000	0.0000	0.0000	0.0000	0.0000	0.0000	0.0000	0.0000	0.0000	0.0000	0.0000	0.0000	0.0000	0.0004	0.0004	0.0000	0.0003	0.0003	0.0000	0.0001	0.0001	0.0000	0.1180	0.0821	0.0359	0.0650	0.0540	0.0110	0.0531	0.0281	0.0249	196.7130	206.8681	0.0000	212.7983	188.9446	0.0000	0.0000	0.0000	0.0000	0.0000	0.0000	0.0000	0.0000	0.0000	0.0000	0.0000	0.0000	0.0000		
59	139	0.6295	10	0	1	0	2	0	0	0	0	N	N	N	Y	N	N	N	N	N	N	N	N	1.0205	0.8324	0.0038	1.7470	1.5485	0.0000	0.0014	0.0000	0.0044	0.0003	0.0004	0.0000	0.0011	0.0011	0.0000	0.0000	0.0000	0.0000	0.0003	0.0005	0.0000	0.0006	0.0007	0.0000	0.0000	0.0000	0.0000	0.0000	0.0274	-0.0000	-0.0000	10.4254	1.0020	21.2017	3.0181	0.0000	0.0000	0.0000	0.0000	0.0000	0.0000	0.0000	0.0000	0.0000	0.0001	0.0001	0.0000	0.0001	0.0001	0.0000	0.0000	0.0000	0.0000	0.0883	0.0773	0.0110	0.0285	0.0269	0.0015	0.0598	0.0504	0.0094	0.2399	0.1668	0.0731	0.1299	0.1080	0.0219	0.1100	0.0587	0.0512	1.0205	0.8324	0.0038	1.7470	1.5485	0.0000	0.0014	0.0000	0.0044	0.0003	0.0005	0.0000	0.0006	0.0007	0.0000	0.0000	0.0000	0.0000
59	140	0.6152	10	0	2	0	1	0	0	0	0	N	Y	N	N	N	N	N	N	N	N	N	N	0.0000	0.0000	0.0000	0.0000	0.0000	0.0000	0.0000	0.0000	0.0000	0.0000	0.0000	0.0000	0.0000	0.0000	0.0000	0.0000	0.0000	0.0000	0.0000	0.0000	10.4254	0.0000	21.2017	4.0001	0.0000	0.0000	0.0000	0.0000	0.0000	0.0000	0.0000	0.0000	0.0000	0.0000	0.0000	0.0000	0.0000	0.0000	0.0000	0.0000	0.0000	0.0000	0.0000	0.0000	0.0000	0.0000	0.0000	0.0000	0.0000	0.0000	0.0000	0.2359	0.1639	0.0720	0.1308	0.1079	0.0229	0.1051	0.0560	0.0491	0.0000	0.0000	0.0000	0.0000	0.0000	0.0000	0.0000	0.0000	0.0000	0.0000	0.0000	0.0000	0.0000	0.0000	0.0000	0.0000	0.0000	0.0000											
59	141	0.4260	8	0	2	0	1	0	0	0	0	N	Y	N	N	N	N	N	N	N	N	N	N	0.0008	1.5003	0.0000	0.3399	5.0033	0.0000	0.0002	0.4703	0.0000	0.0024	0.0028	0.0000	0.0057	0.0060	0.0000	0.0010	0.0012	0.0000	2.9523	0.0019	14.5895	0.0166	0.0012	0.1548	4.7980	0.0026	14.7392	0.0000	2334.7143	-0.0001	0.5393	10.4254	1.0003	21.2017	5.0186	0.0002	0.0002	0.0000	0.0002	0.0002	0.0000	0.0001	0.0001	0.0000	0.9964	0.0004	0.9960	0.0022	0.0001	0.0020	0.9943	0.0003	0.9940	0.0870	0.0756	0.0114	0.0265	0.0252	0.0013	0.0605	0.0504	0.0101	0.3375	0.2296	0.1079	0.1303	0.1172	0.0131	0.2072	0.1124	0.0948	0.0008	1.5003	0.0000	0.3399	5.0033	0.0000	0.0002	0.4703	0.0000	2.9523	0.0019	9.2300	0.0166	0.0012	0.1548	4.7980	0.0026	10.4849
59	142	0.6295	10	0	1	1	2	0	0	0	0	N	N	N	Y	N	N	N	N	N	N	N	N	0.0000	0.0000	0.0001	0.0000	0.0000	0.0000	0.0006	0.0000	0.0011	0.0001	0.0000	0.0003	0.0000	0.0000	0.0000	0.0001	0.0000	0.0003	1.8412	0.0029	6.0445	3.2864	0.0044	33.5844	0.1425	0.0000	0.3073	inf	919.3699	0.0000	0.5222	10.4254	0.0001	21.2017	9.0026	0.0000	0.0000	0.0000	0.0000	0.0000	0.0000	0.0000	0.0000	0.0000	0.9660	0.0010	0.9650	0.9317	0.0010	0.9306	0.0344	0.0000	0.0344	0.0000	0.0000	0.0000	0.0000	0.0000	0.0000	0.0000	0.0000	0.0000	0.5247	0.3650	0.1596	0.2835	0.2357	0.0478	0.2412	0.1293	0.1119	0.0000	0.0000	0.0001	0.0000	0.0000	0.0000	0.0006	0.0000	0.0011	1.8412	0.0029	6.0445	3.2864	0.0044	19.4806	0.1425	0.0000	0.3073
59	143	0.4114	8	0	1	1	2	0	0	0	0	N	N	N	Y	N	N	N	N	N	N	N	N	0.4564	0.0001	2301.4294	0.0002	0.0002	0.0000	14.4456	0.0000	2468.3492	0.0012	0.0000	0.0094	0.0000	0.0000	0.0000	0.0018	0.0000	0.0106	0.0027	0.0040	0.0000	0.0067	0.0075	0.0000	0.0001	0.0002	0.0000	3286.3850	0.0005	0.0001	-0.0007	10.4254	2.0061	21.2017	8.0425	0.0002	0.0000	0.0002	0.0000	0.0000	0.0000	0.0002	0.0000	0.0002	0.0015	0.0015	0.0000	0.0014	0.0014	0.0000	0.0000	0.0000	0.0000	0.1711	0.1487	0.0223	0.0514	0.0489	0.0025	0.1197	0.0998	0.0199	0.5528	0.3762	0.1766	0.2162	0.1931	0.0232	0.3365	0.1831	0.1534	0.4564	0.0001	2301.4294	0.0002	0.0002	0.0000	14.4456	0.0000	2468.3492	0.0027	0.0040	0.0000	0.0067	0.0075	0.0000	0.0001	0.0002	0.0000
59	144	0.4023	7	0	1	0	2	0	0	0	0	N	N	N	Y	N	N	N	N	N	N	N	N	0.0018	0.0016	0.0000	0.0187	0.0180	0.0009	0.0000	0.0000	0.0000	0.0001	0.0001	0.0000	0.0004	0.0004	0.0000	0.0000	0.0000	0.0000	0.0590	0.0784	0.0134	0.0188	0.0203	0.0025	0.0867	0.1444	0.0149	0.0004	0.0732	-0.0000	-0.0064	10.4254	1.9550	21.2017	2.1189	0.0000	0.0000	0.0000	0.0000	0.0000	0.0000	0.0000	0.0000	0.0000	0.0165	0.0154	0.0011	0.0021	0.0021	0.0000	0.0143	0.0132	0.0011	0.1804	0.1563	0.0241	0.0547	0.0524	0.0024	0.1257	0.1040	0.0218	0.2796	0.1959	0.0837	0.1141	0.1042	0.0100	0.1655	0.0917	0.0738	0.0018	0.0016	0.0000	0.0187	0.0180	0.0009	0.0000	0.0000	0.0000	0.0590	0.0784	0.0134	0.0188	0.0203	0.0025	0.0867	0.1444	0.0149
59	145	0.4023	7	0	1	1	2	0	0	0	0	N	N	N	Y	N	N	N	N	N	N	N	N	0.0000	0.0000	0.0000	0.0001	0.0001	1556.8123	0.0000	0.0000	0.0000	0.0001	0.0001	0.0000	0.0003	0.0003	0.0003	0.0000	0.0000	0.0000	3.2601	3.5037	2.7334	3.9252	4.3800	0.0000	2.8319	2.5794	3.1368	0.0622	0.3608	-0.0000	-0.7231	10.4254	2.1261	21.2017	18.6477	0.0000	0.0000	0.0000	0.0000	0.0000	0.0000	0.0000	0.0000	0.0000	3.7416	2.7496	0.9920	1.7645	1.7645	0.0000	1.9771	0.9852	0.9920	0.1949	0.1689	0.0260	0.0589	0.0563	0.0026	0.1361	0.1126	0.0235	1.1477	0.7848	0.3629	0.4495	0.4029	0.0467	0.6982	0.3819	0.3162	0.0000	0.0000	0.0000	0.0001	0.0001	1556.8123	0.0000	0.0000	0.0000	3.2601	3.5037	2.7334	3.9252	4.3800	0.0000	2.8319	2.5794	3.1368
59	146	0.6295	10	0	1	1	2	0	0	0	0	N	N	N	Y	N	N	N	N	N	N	N	N	0.0000	0.0000	0.0008	0.0000	0.0000	0.0000	0.0002	0.0000	0.0006	0.0000	0.0000	0.0000	0.0000	0.0000	0.0000	0.0000	0.0000	0.0000	0.0047	0.0067	0.0001	0.0086	0.0104	0.0000	0.0000	0.0000	0.0001	inf	0.0048	0.0000	-0.0010	10.4254	2.0001	21.2017	5.9880	0.0000	0.0000	0.0000	0.0000	0.0000	0.0000	0.0000	0.0000	0.0000	0.0022	0.0022	0.0000	0.0022	0.0022	0.0000	0.0000	0.0000	0.0000	0.1754	0.1536	0.0218	0.0565	0.0535	0.0030	0.1189	0.1001	0.0187	0.4676	0.3253	0.1423	0.2528	0.2102	0.0426	0.2148	0.1151	0.0997	0.0000	0.0000	0.0008	0.0000	0.0000	0.0000	0.0002	0.0000	0.0006	0.0047	0.0067	0.0001	0.0086	0.0104	0.0000	0.0000	0.0000	0.0001
59	147	0.6295	10	0	1	1	2	0	0	0	0	N	N	N	Y	N	N	N	N	N	N	N	N	0.0000	0.0000	0.0000	0.0000	0.0000	0.0000	0.0000	0.0000	0.0000	0.0000	0.0000	0.0000	0.0000	0.0000	0.0000	0.0000	0.0000	0.0000	1.1579	0.8237	1.9272	1.0771	1.2897	0.0125	1.2506	0.0000	2.7234	inf	1.0165	0.0000	0.0904	10.4254	9.0001	21.2017	23.0169	0.0000	0.0000	0.0000	0.0000	0.0000	0.0000	0.0000	0.0000	0.0000	1.9764	0.9801	0.9963	0.9820	0.9801	0.0019	0.9944	0.0000	0.9944	0.7641	0.6699	0.0942	0.2445	0.2314	0.0131	0.5196	0.4385	0.0811	1.7068	1.1899	0.5170	0.9117	0.7599	0.1518	0.7951	0.4300	0.3651	0.0000	0.0000	0.0000	0.0000	0.0000	0.0000	0.0000	0.0000	0.0000	1.1579	0.8237	1.9272	1.0771	1.2897	0.0125	1.2506	0.0000	2.7234
59	148	0.6042	9	0	1	0	2	0	0	0	0	N	N	N	Y	N	N	N	N	N	N	N	N	0.0011	0.0000	0.0056	0.0000	0.0000	0.0000	0.0019	0.0000	0.0107	0.0001	0.0000	0.0005	0.0000	0.0000	0.0000	0.0001	0.0000	0.0006	0.0553	0.0403	0.0897	0.0605	0.0387	0.1625	0.0486	0.0434	0.0546	inf	0.9717	0.0000	0.0012	10.4254	1.9990	21.2017	7.9526	0.0000	0.0000	0.0000	0.0000	0.0000	0.0000	0.0000	0.0000	0.0000	0.0340	0.0173	0.0168	0.0209	0.0110	0.0099	0.0132	0.0063	0.0069	0.1763	0.1544	0.0219	0.0574	0.0543	0.0031	0.1189	0.1000	0.0188	0.6159	0.4288	0.1871	0.3453	0.2844	0.0608	0.2706	0.1443	0.1263	0.0011	0.0000	0.0056	0.0000	0.0000	0.0000	0.0019	0.0000	0.0107	0.0553	0.0403	0.0897	0.0605	0.0387	0.1625	0.0486	0.0434	0.0546
59	149	0.5723	8	1	2	0	1	0	0	0	0	N	Y	N	N	N	N	N	N	N	N	N	N	0.0293	0.0559	0.0000	0.1003	0.0893	0.0000	0.0001	0.3076	0.0000	0.0568	0.0676	0.0000	0.1543	0.1639	0.0000	0.0003	0.0004	0.0000	1.9400	1.2088	3.6832	1.5386	1.8345	0.1845	2.4621	0.0014	5.5100	0.0000	1.2781	-0.0150	0.2960	10.4254	5.3497	21.2017	17.2225	0.0340	0.0340	0.0000	0.0338	0.0338	0.0000	0.0001	0.0001	0.0000	2.8829	1.2655	1.6174	1.2928	1.2650	0.0278	1.5901	0.0005	1.5896	0.5982	0.5027	0.0955	0.2193	0.2065	0.0128	0.3789	0.2962	0.0827	1.4860	1.0469	0.4391	0.8402	0.6896	0.1506	0.6459	0.3574	0.2885	0.0293	0.0559	0.0000	0.1003	0.0893	0.0000	0.0001	0.3076	0.0000	1.9400	1.2088	3.6832	1.5386	1.8345	0.1845	2.4621	0.0014	5.5100
59	150	0.6031	9	0	2	0	1	0	0	0	0	N	Y	N	N	N	N	N	N	N	N	N	N	0.1494	0.0055	12.3248	0.0153	0.0125	0.2614	0.2345	0.0000	13.7547	0.0012	0.0001	0.0058	0.0001	0.0001	0.0001	0.0021	0.0000	0.0065	0.0084	0.0115	0.0005	0.0079	0.0097	0.0005	0.0090	0.0152	0.0005	24.0331	0.0162	0.0004	-0.0067	10.4254	3.6794	21.2017	17.4287	0.0008	0.0000	0.0007	0.0000	0.0000	0.0000	0.0007	0.0000	0.0007	0.0152	0.0149	0.0002	0.0087	0.0086	0.0001	0.0065	0.0063	0.0001	0.6149	0.4876	0.1273	0.2677	0.2533	0.0144	0.3472	0.2343	0.1128	1.8168	1.3030	0.5138	1.1012	0.8881	0.2132	0.7155	0.4149	0.3006	0.1494	0.0055	12.3248	0.0153	0.0125	0.2614	0.2345	0.0000	13.7547	0.0084	0.0115	0.0005	0.0079	0.0097	0.0005	0.0090	0.0152	0.0005
59	151	0.5723	8	0	2	0	1	0	0	0	0	N	Y	N	N	N	N	N	N	N	N	N	N	3.9995	0.0001	7.0356	0.0410	0.0001	0.2402	3.0796	0.0000	5.5463	2.4279	0.0000	13.9774	0.0043	0.0000	0.0703	3.9729	0.0000	16.1618	0.6070	0.0491	1.9867	0.1039	0.0634	0.2926	1.2901	0.0207	2.9140	783908.0088	16.3659	0.5964	0.2996	10.4254	3.4464	21.2017	10.1316	1.0672	0.0000	1.0672	0.0007	0.0000	0.0007	1.0664	0.0000	1.0664	0.6189	0.0356	0.5832	0.0610	0.0306	0.0304	0.5579	0.0050	0.5528	0.4395	0.3632	0.0763	0.1711	0.1608	0.0104	0.2684	0.2024	0.0660	1.0194	0.7259	0.2936	0.5870	0.4832	0.1038	0.4324	0.2427	0.1897	3.9995	0.0001	7.0356	0.0410	0.0001	0.2402	3.0796	0.0000	5.5463	0.6070	0.0491	1.9867	0.1039	0.0634	0.2926	1.2901	0.0207	2.9140
59	152	0.4328	10	1	2	0	1	0	0	0	0	N	Y	N	N	N	N	N	N	N	N	N	N	0.0000	0.0000	0.0000	0.0000	0.0000	0.0000	0.0000	0.0000	0.0000	0.0000	0.0000	0.0000	0.0000	0.0000	0.0000	0.0000	0.0000	0.0000	0.0021	0.0030	0.0000	0.0053	0.0059	0.0000	0.0000	0.0001	0.0000	0.0000	0.0000	-0.0007	10.4254	1.0143	21.2017	12.0086	0.0000	0.0000	0.0000	0.0000	0.0000	0.0000	0.0000	0.0000	0.0000	0.0014	0.0014	0.0000	0.0014	0.0014	0.0000	0.0000	0.0000	0.0000	0.0899	0.0780	0.0120	0.0280	0.0266	0.0014	0.0619	0.0514	0.0105	0.7005	0.4768	0.2237	0.2710	0.2429	0.0281	0.4296	0.2340	0.1956	0.0000	0.0000	0.0000	0.0000	0.0000	0.0000	0.0000	0.0000	0.0000	0.0021	0.0030	0.0000	0.0053	0.0059	0.0000	0.0000	0.0001	0.0000	
59	153	0.4305	9	1	2	0	1	0	0	0	0	N	Y	N	N	N	N	N	N	N	N	N	N	0.0000	0.0000	0.0000	0.0000	0.0000	0.0000	0.0000	0.0000	0.0000	0.0000	0.0000	0.0000	0.0000	0.0000	0.0000	0.0000	0.0000	0.0000	0.0061	0.0087	0.0006	0.0000	0.0000	0.0000	0.0099	0.0178	0.0006	0.0300	0.0000	-0.0001	10.4254	0.9811	21.2017	0.0216	0.0000	0.0000	0.0000	0.0000	0.0000	0.0000	0.0000	0.0000	0.0000	0.0003	0.0003	0.0000	0.0000	0.0000	0.0000	0.0003	0.0003	0.0000	0.0857	0.0744	0.0113	0.0261	0.0249	0.0013	0.0596	0.0495	0.0100	0.0569	0.0387	0.0182	0.0220	0.0198	0.0022	0.0349	0.0189	0.0160	0.0000	0.0000	0.0000	0.0000	0.0000	0.0000	0.0000	0.0000	0.0000	0.0061	0.0087	0.0006	0.0000	0.0000	0.0000	0.0099	0.0178	0.0006	
59	154	0.4260	8	1	2	0	1	0	0	0	0	N	Y	N	N	N	N	N	N	N	N	N	N	6.4389	8.0179	0.0000	7.0527	7.4843	0.0000	4.7603	17.1076	0.0000	0.2078	0.2443	0.0000	0.3383	0.3917	0.0000	0.1062	0.1263	0.0000	0.0323	0.0305	0.0362	0.0480	0.0523	0.0075	0.0223	0.0074	0.0401	0.0000	0.5509	-0.0001	-0.0004	10.4254	0.0083	21.2017	2.0001	0.0002	0.0002	0.0000	0.0002	0.0002	0.0000	0.0001	0.0001	0.0000	0.0038	0.0024	0.0013	0.0022	0.0021	0.0000	0.0016	0.0003	0.0013	0.0010	0.0009	0.0002	0.0004	0.0004	0.0001	0.0006	0.0005	0.0001	0.1171	0.0800	0.0371	0.0455	0.0411	0.0044	0.0716	0.0389	0.0327	6.4389	8.0179	0.0000	7.0527	7.4843	0.0000	4.7603	17.1076	0.0000	0.0323	0.0305	0.0362	0.0480	0.0523	0.0075	0.0223	0.0074	0.0401
59	155	0.4023	7	0	2	0	1	0	0	0	0	N	Y	N	N	N	N	N	N	N	N	N	N	2.2354	127.0072	0.0000	528.0540	1309.0138	0.0000	0.5543	29.3411	0.0000	3.6585	4.2199	0.0000	8.7533	9.1596	0.0000	1.4962	1.8042	0.0000	1.6366	0.0332	5.1776	0.0166	0.0070	0.1040	2.6993	0.0615	5.9056	0.0000	70.5620	-0.4224	0.5331	10.4254	2.9180	21.2017	7.4065	0.9575	0.9575	0.0000	0.6826	0.6826	0.0000	0.2749	0.2749	0.0000	1.0103	0.0141	0.9962	0.0041	0.0015	0.0025	1.0062	0.0126	0.9937	0.2617	0.2269	0.0348	0.0780	0.0745	0.0035	0.1837	0.1524	0.0314	0.6173	0.4249	0.1924	0.2445	0.2204	0.0241	0.3728	0.2045	0.1683	2.2354	127.0072	0.0000	528.0540	1309.0138	0.0000	0.5543	29.3411	0.0000	1.6366	0.0332	5.1776	0.0166	0.0070	0.1040	2.6993	0.0615	5.9056
59	156	0.3365	6	0	1	0	1	0	0	0	0	N	N	N	N	N	N	N	N	N	N	N	N	2.6758	1.5711	27.8774	7.6023	6.8897	36.2700	1.5454	0.5127	31.9141	1.1137	0.8937	2.4780	1.3605	1.3502	1.4323	0.9353	0.5552	3.1185	0.4162	0.5688	0.0889	0.1790	0.1960	0.0395	0.6053	1.0830	0.0977	0.4471	0.0729	-0.1781	-0.3808	10.4254	8.2479	21.2017	19.7214	1.3474	0.9312	0.4163	0.6904	0.5990	0.0914	0.6570	0.3322	0.3249	0.9753	0.9091	0.0662	0.1860	0.1815	0.0045	0.7893	0.7275	0.0618	1.2099	1.0419	0.1680	0.5075	0.4436	0.0638	0.7025	0.5983	0.1042	2.3434	1.5981	0.7453	1.0393	0.9263	0.1130	1.3041	0.6718	0.6323	2.6758	1.5711	27.8774	7.6023	6.8897	36.2700	1.5454	0.5127	31.9141	0.4162	0.5688	0.0889	0.1790	0.1960	0.0395	0.6053	1.0830	0.0977
59	157	0.3003	5	0	1	0	1	0	0	0	0	N	N	N	N	N	N	N	N	N	N	N	N	1.9986	1.1780	16.6050	2.6333	2.1724	37.3903	1.6810	0.6845	15.0298	1.9663	1.5814	4.3710	2.2538	2.0576	4.5028	1.8359	1.3438	4.3418	0.9838	1.3425	0.2632	0.8559	0.9471	0.1204	1.0921	1.9631	0.2889	0.4424	0.0976	-0.2157	-0.9078	10.4254	7.4725	21.2017	14.3153	1.6049	1.1127	0.4922	0.5740	0.4820	0.0920	1.0309	0.6307	0.4002	2.4571	2.2386	0.2185	0.9799	0.9647	0.0152	1.4772	1.2740	0.2033	0.8162	0.7036	0.1126	0.2547	0.2343	0.0204	0.5615	0.4693	0.0922	2.4975	1.6675	0.8300	1.1449	1.0185	0.1264	1.3526	0.6490	0.7036	1.9986	1.1780	16.6050	2.6333	2.1724	37.3903	1.6810	0.6845	15.0298	0.9838	1.3425	0.2632	0.8559	0.9471	0.1204	1.0921	1.9631	0.2889
59	158	0.2348	4	0	1	0	1	0	0	0	0	N	N	N	N	N	N	N	N	N	N	N	N	1.3198	1.0915	2.1584	0.9529	0.8319	5.7782	1.1285	1.8556	1.9916	1.0755	0.2019	4.2652	0.2253	0.1915	1.7382	1.4293	0.2080	4.3428	0.8149	0.1850	1.9761	0.2364	0.2302	0.3008	1.2666	0.1121	2.1805	5.7845	5.7939	0.6547	1.2248	10.4254	11.6653	21.2017	19.4910	1.5911	0.2345	1.3565	0.0979	0.0814	0.0165	1.4931	0.1531	1.3401	3.1053	0.4571	2.6482	0.3950	0.3511	0.0438	2.7103	0.1060	2.6044	1.4793	1.1613	0.3180	0.4347	0.4252	0.0095	1.0446	0.7361	0.3086	3.8106	2.4705	1.3401	1.6708	1.5250	0.1458	2.1398	0.9454	1.1944	1.3198	1.0915	2.1584	0.9529	0.8319	5.7782	1.1285	1.8556	1.9916	0.8149	0.1850	1.9761	0.2364	0.2302	0.3008	1.2666	0.1121	2.1805
59	161	0.6228	12	1	2	0	1	0	0	0	0	N	Y	N	N	N	N	N	N	N	N	N	N	0.0000	0.0000	0.0000	0.0000	0.0000	0.0000	0.0000	0.0000	0.0000	0.0000	0.0000	0.0000	0.0000	0.0000	0.0000	0.0000	0.0000	0.0000	0.0001	0.0002	0.0000	0.0002	0.0002	0.0000	0.0000	0.0000	0.0000	0.0047	0.0000	-0.0000	10.4254	0.0002	21.2017	3.0099	0.0000	0.0000	0.0000	0.0000	0.0000	0.0000	0.0000	0.0000	0.0000	0.0000	0.0000	0.0000	0.0000	0.0000	0.0000	0.0000	0.0000	0.0000	0.0000	0.0000	0.0000	0.0000	0.0000	0.0000	0.0000	0.0000	0.0000	0.1798	0.1252	0.0546	0.0997	0.0823	0.0174	0.0801	0.0429	0.0372	0.0000	0.0000	0.0000	0.0000	0.0000	0.0000	0.0000	0.0000	0.0000	0.0001	0.0002	0.0000	0.0002	0.0002	0.0000	0.0000	0.0000	0.0000	
59	162	0.6152	11	1	2	0	1	0	0	0	0	N	Y	N	N	N	N	N	N	N	N	N	N	0.0000	0.0000	0.0000	0.0000	0.0000	0.0000	0.0000	0.0000	0.0000	0.0000	0.0000	0.0000	0.0000	0.0000	0.0000	0.0001	0.0001	0.0000	0.0000	0.0000	0.0000	0.0001	0.0002	0.0000	0.0000	0.0000	-0.0000	10.4254	0.9998	21.2017	2.0118	0.0000	0.0000	0.0000	0.0000	0.0000	0.0000	0.0000	0.0000	0.0000	0.0000	0.0000	0.0000	0.0000	0.0000	0.0000	0.0000	0.0000	0.0000	0.0880	0.0771	0.0109	0.0286	0.0271	0.0015	0.0594	0.0501	0.0094	0.1783	0.1239	0.0545	0.0989	0.0816	0.0174	0.0794	0.0423	0.0371	0.0000	0.0000	0.0000	0.0000	0.0000	0.0000	0.0000	0.0000	0.0000	0.0001	0.0001	0.0000	0.0000	0.0000	0.0000	0.0001	0.0002	0.0000				
59	163	0.6152	10	1	2	0	1	0	0	0	0	N	Y	N	N	N	N	N	N	N	N	N	N	0.0000	0.0000	0.0000	0.0000	0.0000	0.0000	0.0000	0.0000	0.0000	0.0000	0.0000	0.0000	0.0000	0.0000	0.0000	0.0000	0.0000	0.0000	0.0000	0.0000	10.4254	0.0000	21.2017	0.0003	0.0000	0.0000	0.0000	0.0000	0.0000	0.0000	0.0000	0.0000	0.0000	0.0000	0.0000	0.0000	0.0000	0.0000	0.0000	0.0000	0.0000	0.0000	0.0000	0.0000	0.0000	0.0000	0.0000	0.0000	0.0000	0.0000	0.0000	0.0000	0.0000	0.0000	0.0000	0.0000	0.0000	0.0000	0.0000	0.0000	0.0000	0.0000	0.0000	0.0000	0.0000	0.0000	0.0000	0.0000	0.0000	0.0000	0.0000	0.0000	0.0000	0.0000	0.0000	0.0000	0.0000	0.0000											
59	164	0.6042	9	0	2	0	1	0	0	0	0	N	Y	N	N	N	N	N	N	N	N	N	N	0.0055	0.0002	0.0181	0.0003	0.0005	0.0000	0.0103	0.0000	0.0314	0.0006	0.0000	0.0033	0.0000	0.0000	0.0000	0.0011	0.0000	0.0036	0.1148	0.0863	0.1803	0.1180	0.0763	0.3097	0.1104	0.1071	0.1142	37.1739	0.9061	0.0000	0.0006	10.4254	0.0063	21.2017	4.3641	0.0000	0.0000	0.0000	0.0000	0.0000	0.0000	0.0000	0.0000	0.0000	0.0345	0.0181	0.0164	0.0203	0.0108	0.0095	0.0142	0.0073	0.0069	0.0017	0.0013	0.0003	0.0008	0.0007	0.0000	0.0009	0.0006	0.0003	0.3009	0.2099	0.0910	0.1723	0.1415	0.0308	0.1286	0.0684	0.0602	0.0055	0.0002	0.0181	0.0003	0.0005	0.0000	0.0103	0.0000	0.0314	0.1148	0.0863	0.1803	0.1180	0.0763	0.3097	0.1104	0.1071	0.1142
59	165	0.5723	8	0	1	0	1	0	0	0	0	N	N	N	N	N	N	N	N	N	N	N	N	0.0048	0.0000	0.0090	0.0000	0.0000	0.0000	0.0074	0.0000	0.0120	0.0105	0.0000	0.0568	0.0000	0.0000	0.0000	0.0177	0.0000	0.0658	2.1938	0.5469	6.2945	2.0462	0.8187	7.7774	2.3955	0.0031	5.4763	3064.2263	4.6227	0.0021	0.7690	10.4254	2.5207	21.2017	10.0226	0.0038	0.0000	0.0038	0.0000	0.0000	0.0000	0.0038	0.0000	0.0038	2.1141	0.3760	1.7381	1.1388	0.3753	0.7636	0.9752	0.0007	0.9745	0.3614	0.2945	0.0669	0.1473	0.1382	0.0092	0.2140	0.1563	0.0577	0.9637	0.6875	0.2761	0.5565	0.4584	0.0982	0.4071	0.2292	0.1780	0.0048	0.0000	0.0090	0.0000	0.0000	0.0000	0.0074	0.0000	0.0120	2.1938	0.5469	6.2945	2.0462	0.8187	7.7774	2.3955	0.0031	5.4763
59	166	0.5567	7	0	1	0	1	0	0	0	0	N	N	N	N	N	N	N	N	N	N	N	N	0.0000	0.0000	0.0000	0.0001	0.0000	0.0000	0.0000	0.0000	0.0000	0.0000	0.0000	0.0000	0.0001	0.0001	0.0000	0.0000	0.0000	0.0000	1.3328	1.1514	1.8157	1.4049	1.6199	0.4151	1.2168	0.0739	2.7606	0.0606	0.5925	-0.0000	-0.0872	10.4254	2.6894	21.2017	4.6619	0.0000	0.0000	0.0000	0.0000	0.0000	0.0000	0.0000	0.0000	0.0000	1.0101	0.6343	0.3758	0.6565	0.6219	0.0346	0.3535	0.0123	0.3412	0.3430	0.3052	0.0378	0.1552	0.1496	0.0055	0.1878	0.1556	0.0322	0.7578	0.5509	0.2070	0.4673	0.3839	0.0834	0.2905	0.1669	0.1236	0.0000	0.0000	0.0000	0.0001	0.0000	0.0000	0.0000	0.0000	0.0000	1.3328	1.1514	1.8157	1.4049	1.6199	0.4151	1.2168	0.0739	2.7606
59	167	0.5183	6	0	1	0	1	0	0	0	0	N	N	N	N	N	N	N	N	N	N	N	N	0.0002	0.0000	0.0041	0.0003	0.0000	0.0806	0.0000	0.0000	0.0000	0.0001	0.0000	0.0007	0.0003	0.0000	0.0060	0.0000	0.0000	0.0000	0.5560	0.7386	0.1627	0.8640	1.0499	0.0743	0.1175	0.0252	0.2109	1560.2344	0.1022	0.0000	-0.2023	10.4254	2.7966	21.2017	8.5340	0.0000	0.0000	0.0000	0.0000	0.0000	0.0000	0.0000	0.0000	0.0000	0.5533	0.5020	0.0513	0.5051	0.4968	0.0083	0.0482	0.0052	0.0430	0.2371	0.2072	0.0299	0.0710	0.0677	0.0033	0.1661	0.1395	0.0266	0.9951	0.6796	0.3155	0.5845	0.4732	0.1114	0.4106	0.2065	0.2041	0.0002	0.0000	0.0041	0.0003	0.0000	0.0806	0.0000	0.0000	0.0000	0.5560	0.7386	0.1627	0.8640	1.0499	0.0743	0.1175	0.0252	0.2109
60	62	0.0746	3	2	0	2	0	0	0	0	0	Y	N	Y	N	N	N	N	N	N	N	N	N	0.0000	0.0000	0.0000	0.0000	0.0000	0.0000	0.0000	0.0000	0.0000	0.0000	0.0000	0.0000	0.0000	0.0000	0.0000	0.0000	0.0000	0.0000	0.0032	0.0005	0.0067	0.0031	0.0026	0.0080	0.0032	0.0000	0.0066	10.5401	0.0000	0.0002	1.9981	0.0060	3.0867	17.2393	0.0000	0.0000	0.0000	0.0000	0.0000	0.0000	0.0000	0.0000	0.0000	0.0004	0.0000	0.0004	0.0000	0.0000	0.0000	0.0004	0.0000	0.0004	0.0004	0.0003	0.0000	0.0001	0.0001	0.0000	0.0002	0.0002	0.0000	0.1319	0.0749	0.0570	0.0150	0.0138	0.0013	0.1169	0.0611	0.0557	0.0000	0.0000	0.0000	0.0000	0.0000	0.0000	0.0000	0.0000	0.0000	0.0032	0.0005	0.0067	0.0031	0.0026	0.0080	0.0032	0.0000	0.0066	
60	63	0.1659	5	1	0	2	0	0	0	0	0	N	N	Y	N	N	N	N	N	N	N	N	N	0.3188	0.7421	0.0031	0.8203	1.5115	0.0000	0.0021	0.0000	0.0059	0.0010	0.0011	0.0000	0.0038	0.0039	0.0000	0.0000	0.0000	0.0000	0.0030	0.0015	0.0063	0.0046	0.0026	0.0165	0.0016	0.0000	0.0036	0.0027	1.9786	-0.0000	0.0001	1.9981	1.0230	3.0867	12.1924	0.0000	0.0000	0.0000	0.0000	0.0000	0.0000	0.0000	0.0000	0.0000	0.0005	0.0002	0.0003	0.0004	0.0002	0.0002	0.0002	0.0000	0.0002	0.0210	0.0183	0.0027	0.0053	0.0051	0.0002	0.0157	0.0132	0.0025	0.1742	0.1190	0.0553	0.0793	0.0678	0.0116	0.0949	0.0512	0.0437	0.3188	0.7421	0.0031	0.8203	1.5115	0.0000	0.0021	0.0000	0.0059	0.0030	0.0015	0.0063	0.0046	0.0026	0.0165	0.0016	0.0000	0.0036
60	64	0.1292	4	1	0	1	0	0	0	0	0	N	N	N	N	N	N	N	N	N	N	N	N	0.0002	0.0118	0.0000	0.0021	0.0019	0.0000	0.0001	0.0088	0.0000	0.0007	0.0008	0.0003	0.0000	0.0000	0.0000	0.0007	0.0008	0.0003	3.9104	0.0637	16.0490	0.0190	0.0220	0.0045	5.3158	0.0894	15.8694	0.0683	98.3391	-0.0000	0.2350	1.9981	2.4556	3.0867	12.4191	0.0000	0.0000	0.0000	0.0000	0.0000	0.0000	0.0000	0.0000	0.0000	0.4422	0.0045	0.4377	0.0006	0.0006	0.0000	0.4416	0.0039	0.4377	0.0315	0.0266	0.0049	0.0014	0.0012	0.0001	0.0301	0.0253	0.0048	0.1153	0.0699	0.0454	0.0323	0.0267	0.0056	0.0831	0.0432	0.0398	0.0002	0.0118	0.0000	0.0021	0.0019	0.0000	0.0001	0.0088	0.0000	3.8341	0.0637	9.6420	0.0190	0.0220	0.0045	5.3158	0.0894	10.9909
60	65	0.2515	6	1	1	1	0	0	0	0	0	N	N	N	N	N	N	N	N	N	N	N	N	0.0712	0.0576	1.2226	0.7823	0.7382	0.0000	0.0002	0.0000	2.0509	0.0004	0.0004	0.0000	0.0012	0.0013	0.0000	0.0000	0.0000	0.0000	0.0050	0.0072	0.0000	0.0016	0.0018	0.0000	0.0082	0.0148	0.0000	0.0034	0.0004	-0.0000	-0.0003	1.9981	1.7555	3.0867	11.9300	0.0000	0.0000	0.0000	0.0000	0.0000	0.0000	0.0000	0.0000	0.0000	0.0006	0.0006	0.0000	0.0001	0.0001	0.0000	0.0005	0.0005	0.0000	0.0281	0.0242	0.0039	0.0081	0.0074	0.0007	0.0199	0.0167	0.0032	0.1123	0.0785	0.0338	0.0536	0.0461	0.0075	0.0587	0.0323	0.0264	0.0712	0.0576	1.2226	0.7823	0.7382	0.0000	0.0002	0.0000	2.0509	0.0050	0.0072	0.0000	0.0016	0.0018	0.0000	0.0082	0.0148	0.0000
60	66	0.1268	6	2	1	2	0	0	0	0	0	Y	N	Y	N	N	N	N	N	N	N	N	N	0.0000	0.0000	0.0000	0.0000	0.0000	0.0000	0.0000	0.0000	0.0000	0.0000	0.0000	0.0000	0.0000	0.0000	0.0000	0.0000	0.0000	0.0000	0.0000	0.0000	1.9981	0.0000	3.0867	0.0000	0.0000	0.0000	0.0000	0.0000	0.0000	0.0000	0.0000	0.0000	0.0000	0.0000	0.0000	0.0000	0.0000	0.0000	0.0000	0.0000	0.0000	0.0000	0.0000	0.0000	0.0000	0.0000	0.0000	0.0000	0.0000	0.0000	0.0000	0.0000	0.0000	0.0000	0.0000	0.0000	0.0000	0.0000	0.0000	0.0000	0.0000	0.0000	0.0000	0.0000	0.0000	0.0000	0.0000	0.0000	0.0000	0.0000	0.0000	0.0000	0.0000	0.0000	0.0000	0.0000	0.0000	0.0000											
60	67	0.7351	11	2	1	2	0	0	0	0	0	Y	N	Y	N	N	N	N	N	N	N	N	N	0.0000	0.0000	0.0000	0.0000	0.0000	0.0000	0.0000	0.0000	0.0000	0.0000	0.0000	0.0000	0.0000	0.0000	0.0000	0.0000	0.0000	0.0000	0.0000	0.0000	1.9981	1.0000	3.0867	3.0000	0.0000	0.0000	0.0000	0.0000	0.0000	0.0000	0.0000	0.0000	0.0000	0.0000	0.0000	0.0000	0.0000	0.0000	0.0000	0.0000	0.0000	0.0000	0.0111	0.0096	0.0015	0.0026	0.0024	0.0002	0.0085	0.0072	0.0013	0.0225	0.0155	0.0070	0.0126	0.0100	0.0026	0.0099	0.0055	0.0044	0.0000	0.0000	0.0000	0.0000	0.0000	0.0000	0.0000	0.0000	0.0000	0.0000	0.0000	0.0000	0.0000	0.0000	0.0000	0.0000	0.0000	0.0000											
60	68	0.1268	6	2	1	2	0	0	0	0	0	Y	N	Y	N	N	N	N	N	N	N	N	N	0.0000	0.0000	0.0000	0.0000	0.0000	0.0000	0.0000	0.0000	0.0000	0.0000	0.0000	0.0000	0.0000	0.0000	0.0000	0.0000	0.0000	0.0000	0.0000	0.0000	1.9981	1.0000	3.0867	0.0000	0.0000	0.0000	0.0000	0.0000	0.0000	0.0000	0.0000	0.0000	0.0000	0.0000	0.0000	0.0000	0.0000	0.0000	0.0000	0.0000	0.0000	0.0000	0.0138	0.0117	0.0021	0.0008	0.0008	0.0001	0.0130	0.0110	0.0020	0.0074	0.0044	0.0030	0.0020	0.0016	0.0004	0.0054	0.0028	0.0026	0.0000	0.0000	0.0000	0.0000	0.0000	0.0000	0.0000	0.0000	0.0000	0.0000	0.0000	0.0000	0.0000	0.0000	0.0000	0.0000	0.0000	0.0000											
60	69	0.1103	5	2	1	2	0	0	0	0	0	Y	N	Y	N	N	N	N	N	N	N	N	N	0.0000	1.3233	0.0000	0.0000	5.1445	0.0000	0.0000	0.0000	0.0000	0.0000	0.0000	0.0000	0.0000	0.0000	0.0000	0.0000	0.0000	26.5329	0.0000	115.9225	2.6591	0.0000	34.7840	19.5597	0.0000	100.8872	0.0000	52771797.7600	-0.0000	0.5031	1.9981	1.0155	3.0867	5.9708	0.0000	0.0000	0.0000	0.0000	0.0000	0.0000	0.0000	0.0000	0.0000	0.9288	0.0000	0.9288	0.0430	0.0000	0.0430	0.8858	0.0000	0.8858	0.0149	0.0127	0.0022	0.0012	0.0012	0.0001	0.0137	0.0116	0.0021	0.0615	0.0390	0.0225	0.0162	0.0140	0.0022	0.0453	0.0250	0.0203	0.0000	1.3233	0.0000	0.0000	5.1445	0.0000	0.0000	0.0000	0.0000	15.1012	0.0000	41.2907	2.6591	0.0000	19.7933	19.5339	0.0000	43.5865	
60	70	0.1056	4	2	0	2	0	0	0	0	0	Y	N	Y	N	N	N	N	N	N	N	N	N	0.0037	0.0043	0.0000	0.0093	0.0092	0.0000	0.0000	0.0000	0.0000	0.0137	0.0154	0.0000	0.0411	0.0413	0.0000	0.0000	0.0000	0.0000	3.6730	3.6203	3.7945	4.4116	4.4999	2.8221	3.1965	2.6182	3.8657	0.0004	0.4544	-0.0000	-0.0242	1.9981	0.0406	3.0867	2.3361	0.0000	0.0000	0.0000	0.0000	0.0000	0.0000	0.0000	0.0000	0.0000	0.1659	0.1140	0.0518	0.0781	0.0755	0.0026	0.0877	0.0386	0.0492	0.0015	0.0013	0.0002	0.0005	0.0005	0.0000	0.0010	0.0008	0.0002	0.0452	0.0315	0.0137	0.0177	0.0168	0.0009	0.0275	0.0147	0.0127	0.0037	0.0043	0.0000	0.0093	0.0092	0.0000	0.0000	0.0000	0.0000	3.6730	3.6203	3.7945	4.4116	4.4999	2.8221	3.1965	2.6182	3.8657
60	71	0.7351	11	2	1	2	0	0	0	0	0	Y	N	Y	N	N	N	N	N	N	N	N	N	0.0000	0.0000	0.0000	0.0000	0.0000	0.0000	0.0000	0.0000	0.0000	0.0000	0.0000	0.0000	0.0000	0.0000	0.0000	0.0000	0.0000	0.0000	0.0000	0.0000	1.9981	0.0000	3.0867	0.0000	0.0000	0.0000	0.0000	0.0000	0.0000	0.0000	0.0000	0.0000	0.0000	0.0000	0.0000	0.0000	0.0000	0.0000	0.0000	0.0000	0.0000	0.0000	0.0000	0.0000	0.0000	0.0000	0.0000	0.0000	0.0000	0.0000	0.0000	0.0000	0.0000	0.0000	0.0000	0.0000	0.0000	0.0000	0.0000	0.0000	0.0000	0.0000	0.0000	0.0000	0.0000	0.0000	0.0000	0.0000	0.0000	0.0000	0.0000	0.0000	0.0000	0.0000	0.0000	0.0000	0.0000	0.0000											
60	72	0.7170	10	2	1	2	0	0	0	0	0	Y	N	Y	N	N	N	N	N	N	N	N	N	0.0000	0.0000	0.0000	0.0000	0.0000	0.0000	0.0000	0.0000	0.0000	0.0000	0.0000	0.0000	0.0000	0.0000	0.0000	0.0000	0.0000	0.0000	0.0000	0.0000	0.0000	0.0000	0.0000	0.0000	0.0000	0.0000	0.0000	3.8769	0.0000	0.0000	1.9981	3.9057	3.0867	1.1104	0.0000	0.0000	0.0000	0.0000	0.0000	0.0000	0.0000	0.0000	0.0000	0.0000	0.0000	0.0000	0.0000	0.0000	0.0000	0.0000	0.0000	0.0000	0.0497	0.0432	0.0065	0.0133	0.0124	0.0009	0.0364	0.0308	0.0057	0.0418	0.0293	0.0125	0.0287	0.0220	0.0067	0.0130	0.0073	0.0057	0.0000	0.0000	0.0000	0.0000	0.0000	0.0000	0.0000	0.0000	0.0000	0.0000	0.0000	0.0000	0.0000	0.0000	0.0000	0.0000	0.0000	0.0000	
60	73	0.5142	8	2	1	1	0	0	0	0	0	Y	N	N	N	N	N	N	N	N	N	N	N	2401.6604	1783360.8726	0.0001	3591.8222	2497500.6058	0.0000	243.5093	inf	0.0006	6.1817	7.0982	0.0000	14.0249	15.5444	0.0000	0.2630	0.3105	0.0000	0.0026	0.0000	0.0085	0.0039	0.0000	0.0248	0.0011	0.0000	0.0023	0.0000	926.5830	-0.4246	0.0003	1.9981	6.9070	3.0867	16.5673	0.9625	0.9625	0.0000	0.9392	0.9392	0.0000	0.0233	0.0233	0.0000	0.0005	0.0000	0.0005	0.0004	0.0000	0.0004	0.0001	0.0000	0.0001	0.1557	0.1356	0.0201	0.0670	0.0604	0.0065	0.0887	0.0752	0.0136	0.1805	0.1259	0.0547	0.0955	0.0805	0.0150	0.0851	0.0454	0.0397	2401.6604	1783360.8726	0.0001	3591.8222	2497500.6058	0.0000	243.5093	inf	0.0006	0.0026	0.0000	0.0085	0.0039	0.0000	0.0248	0.0011	0.0000	0.0023
60	74	0.5781	10	1	1	1	1	0	0	0	0	N	N	N	N	N	N	N	N	N	N	N	N	0.0000	0.0000	0.0001	0.0000	0.0000	0.0000	0.0002	0.0000	0.0006	0.0000	0.0000	0.0000	0.0000	0.0000	0.0000	0.0000	0.0000	0.0000	6.8299	10.7194	0.0062	19.7377	23.7561	0.0167	0.0006	0.0001	0.0011	inf	0.0003	0.0000	-0.4502	1.9981	6.4226	3.0867	19.3377	0.0000	0.0000	0.0000	0.0000	0.0000	0.0000	0.0000	0.0000	0.0000	0.9829	0.9826	0.0003	0.9829	0.9826	0.0003	0.0000	0.0000	0.0000	0.0887	0.0760	0.0127	0.0202	0.0188	0.0014	0.0685	0.0572	0.0113	0.1770	0.1243	0.0527	0.1060	0.0886	0.0173	0.0710	0.0356	0.0354	0.0000	0.0000	0.0001	0.0000	0.0000	0.0000	0.0002	0.0000	0.0006	5.5547	7.9078	0.0062	9.2766	11.0842	0.0167	0.0006	0.0001	0.0011
60	75	0.5329	9	1	0	1	1	0	0	0	0	N	N	N	N	N	N	N	N	N	N	N	N	0.0011	0.0000	0.0059	0.0000	0.0000	0.0000	0.0050	0.0000	0.0162	0.0001	0.0000	0.0009	0.0000	0.0000	0.0000	0.0002	0.0000	0.0010	0.1041	0.0827	0.1575	0.1578	0.1191	0.3827	0.0317	0.0033	0.0633	1315.3289	0.7625	0.0000	-0.0006	1.9981	5.1932	3.0867	17.4397	0.0000	0.0000	0.0000	0.0000	0.0000	0.0000	0.0000	0.0000	0.0000	0.0247	0.0140	0.0107	0.0215	0.0138	0.0076	0.0032	0.0002	0.0030	0.0863	0.0755	0.0108	0.0237	0.0227	0.0011	0.0626	0.0529	0.0097	0.2370	0.1692	0.0678	0.1361	0.1161	0.0200	0.1009	0.0531	0.0478	0.0011	0.0000	0.0059	0.0000	0.0000	0.0000	0.0050	0.0000	0.0162	0.1041	0.0827	0.1575	0.1578	0.1191	0.3827	0.0317	0.0033	0.0633
60	76	0.4959	8	1	0	1	0	0	0	0	0	N	N	N	N	N	N	N	N	N	N	N	N	0.0730	0.0527	0.1528	0.0188	0.1217	0.0000	0.0977	0.0000	0.2685	0.0341	0.0030	0.2396	0.0090	0.0094	0.0000	0.0443	0.0000	0.2672	0.4673	0.0566	1.5684	0.4774	0.0775	2.8771	0.4534	0.0120	0.9951	12.1524	10.3261	0.0013	0.0581	1.9981	4.4918	3.0867	17.5337	0.0026	0.0002	0.0024	0.0002	0.0002	0.0000	0.0024	0.0000	0.0024	0.1281	0.0113	0.1168	0.0758	0.0105	0.0653	0.0523	0.0008	0.0515	0.0770	0.0669	0.0101	0.0222	0.0212	0.0010	0.0548	0.0457	0.0091	0.2741	0.1996	0.0745	0.1588	0.1361	0.0227	0.1153	0.0635	0.0518	0.0730	0.0527	0.1528	0.0188	0.1217	0.0000	0.0977	0.0000	0.2685	0.4673	0.0566	1.5684	0.4774	0.0775	2.8771	0.4534	0.0120	0.9951
60	77	0.2250	7	1	0	1	1	0	0	0	0	N	N	N	N	N	N	N	N	N	N	N	N	0.0000	0.0000	0.0000	0.0000	0.0000	0.0000	0.0000	0.0000	0.0000	0.0000	0.0000	0.0000	0.0000	0.0000	0.0000	0.0000	0.0000	0.0000	0.0005	0.0006	0.0003	0.0013	0.0012	0.0014	0.0000	0.0000	0.0000	0.2066	0.0000	-0.0000	1.9981	0.3745	3.0867	14.7996	0.0000	0.0000	0.0000	0.0000	0.0000	0.0000	0.0000	0.0000	0.0000	0.0001	0.0000	0.0000	0.0001	0.0000	0.0000	0.0000	0.0000	0.0000	0.0068	0.0060	0.0008	0.0015	0.0015	0.0001	0.0053	0.0045	0.0007	0.1197	0.0802	0.0395	0.0472	0.0402	0.0070	0.0724	0.0400	0.0324	0.0000	0.0000	0.0000	0.0000	0.0000	0.0000	0.0000	0.0000	0.0000	0.0005	0.0006	0.0003	0.0013	0.0012	0.0014	0.0000	0.0000	0.0000	
60	78	0.2028	6	1	0	1	1	0	0	0	0	N	N	N	N	N	N	N	N	N	N	N	N	0.0000	0.0000	0.0000	0.0000	0.0000	0.0000	0.0000	0.0000	0.0000	0.0000	0.0000	0.0000	0.0000	0.0000	0.0000	0.0000	0.0000	0.0000	0.0011	0.0012	0.0007	0.0013	0.0011	0.0026	0.0009	0.0014	0.0002	0.2612	0.0000	-0.0000	1.9981	1.4595	3.0867	10.3922	0.0000	0.0000	0.0000	0.0000	0.0000	0.0000	0.0000	0.0000	0.0000	0.0001	0.0001	0.0000	0.0001	0.0000	0.0000	0.0001	0.0000	0.0000	0.0216	0.0186	0.0030	0.0030	0.0028	0.0002	0.0186	0.0158	0.0028	0.1075	0.0723	0.0352	0.0421	0.0358	0.0063	0.0654	0.0365	0.0289	0.0000	0.0000	0.0000	0.0000	0.0000	0.0000	0.0000	0.0000	0.0000	0.0011	0.0012	0.0007	0.0013	0.0011	0.0026	0.0009	0.0014	0.0002	
60	79	0.1886	5	1	0	1	1	0	0	0	0	N	N	N	N	N	N	N	N	N	N	N	N	0.1202	0.1800	0.0008	0.8872	0.9609	0.0000	0.0002	0.0000	0.0008	0.0005	0.0006	0.0000	0.0048	0.0053	0.0000	0.0000	0.0000	0.0000	0.0044	0.0034	0.0064	0.0054	0.0055	0.0053	0.0036	0.0012	0.0066	0.0015	0.8686	-0.0000	0.0000	1.9981	1.3861	3.0867	6.3168	0.0000	0.0000	0.0000	0.0000	0.0000	0.0000	0.0000	0.0000	0.0000	0.0004	0.0002	0.0002	0.0002	0.0002	0.0000	0.0002	0.0000	0.0001	0.0190	0.0161	0.0029	0.0021	0.0019	0.0002	0.0169	0.0142	0.0027	0.0821	0.0559	0.0262	0.0346	0.0297	0.0049	0.0475	0.0262	0.0213	0.1202	0.1800	0.0008	0.8872	0.9609	0.0000	0.0002	0.0000	0.0008	0.0044	0.0034	0.0064	0.0054	0.0055	0.0053	0.0036	0.0012	0.0066
60	80	0.1292	4	1	0	1	1	0	0	0	0	N	N	N	N	N	N	N	N	N	N	N	N	0.0418	0.1489	0.0156	0.0030	0.0113	0.0000	0.0363	0.1183	0.0158	0.0002	0.0002	0.0002	0.0000	0.0000	0.0000	0.0002	0.0002	0.0002	0.0054	0.0016	0.0111	0.0024	0.0007	0.0101	0.0064	0.0021	0.0112	0.1368	4.6732	-0.0000	0.0003	1.9981	4.0043	3.0867	19.8631	0.0000	0.0000	0.0000	0.0000	0.0000	0.0000	0.0000	0.0000	0.0000	0.0009	0.0002	0.0008	0.0001	0.0000	0.0001	0.0008	0.0001	0.0007	0.0508	0.0430	0.0079	0.0021	0.0020	0.0002	0.0487	0.0410	0.0077	0.1703	0.1027	0.0676	0.0449	0.0369	0.0080	0.1254	0.0658	0.0596	0.0418	0.1489	0.0156	0.0030	0.0113	0.0000	0.0363	0.1183	0.0158	0.0054	0.0016	0.0111	0.0024	0.0007	0.0101	0.0064	0.0021	0.0112
60	81	0.6697	10	1	1	2	0	0	0	0	0	N	N	Y	N	N	N	N	N	N	N	N	N	0.0000	0.0000	0.0000	0.0000	0.0000	0.0000	0.0000	0.0000	0.0000	0.0000	0.0000	0.0000	0.0000	0.0000	0.0000	0.0000	0.0000	0.0000	0.0000	0.0000	0.0000	0.0000	0.0000	0.0000	inf	0.0000	0.0000	1.9981	2.0162	3.0867	4.5500	0.0000	0.0000	0.0000	0.0000	0.0000	0.0000	0.0000	0.0000	0.0000	0.0000	0.0000	0.0000	0.0000	0.0000	0.0000	0.0000	0.0000	0.0000	0.0311	0.0272	0.0039	0.0126	0.0118	0.0008	0.0185	0.0154	0.0031	0.0451	0.0310	0.0141	0.0264	0.0213	0.0051	0.0187	0.0097	0.0090	0.0000	0.0000	0.0000	0.0000	0.0000	0.0000	0.0000	0.0000	0.0000	0.0000	0.0000	0.0000	0.0000	0.0000	0.0000	0.0000	0.0000	0.0000				
60	82	0.0893	4	1	1	2	0	0	0	0	0	N	N	Y	N	N	N	N	N	N	N	N	N	0.0000	0.0000	0.0000	0.0000	0.0000	0.0000	0.0000	0.0000	0.0000	0.0000	0.0000	0.0000	0.0000	0.0000	0.0000	0.0000	0.0000	0.0000	0.0046	0.0074	0.0000	0.0238	0.0259	0.0001	0.0000	0.0000	0.0000	0.0033	0.0000	-0.0001	1.9981	3.0011	3.0867	3.7015	0.0000	0.0000	0.0000	0.0000	0.0000	0.0000	0.0000	0.0000	0.0000	0.0003	0.0003	0.0000	0.0003	0.0003	0.0000	0.0000	0.0000	0.0000	0.0417	0.0353	0.0064	0.0015	0.0014	0.0001	0.0402	0.0339	0.0062	0.0642	0.0392	0.0251	0.0123	0.0112	0.0010	0.0520	0.0279	0.0241	0.0000	0.0000	0.0000	0.0000	0.0000	0.0000	0.0000	0.0000	0.0000	0.0046	0.0074	0.0000	0.0238	0.0259	0.0001	0.0000	0.0000	0.0000	
60	83	0.0778	3	1	1	1	0	0	0	0	0	N	N	N	N	N	N	N	N	N	N	N	N	0.0001	0.0001	0.0000	0.0031	0.0033	0.0000	0.0000	0.0000	0.0000	0.0000	0.0000	0.0000	0.0000	0.0000	0.0000	0.0000	0.0000	0.0000	0.0057	0.0080	0.0015	0.0069	0.0071	0.0016	0.0053	0.0085	0.0015	0.0000	0.1025	-0.0000	-0.0002	1.9981	2.0032	3.0867	4.2039	0.0000	0.0000	0.0000	0.0000	0.0000	0.0000	0.0000	0.0000	0.0000	0.0004	0.0004	0.0000	0.0001	0.0001	0.0000	0.0003	0.0003	0.0000	0.0281	0.0238	0.0043	0.0009	0.0008	0.0001	0.0272	0.0229	0.0042	0.0769	0.0497	0.0272	0.0186	0.0179	0.0007	0.0583	0.0318	0.0265	0.0001	0.0001	0.0000	0.0031	0.0033	0.0000	0.0000	0.0000	0.0000	0.0057	0.0080	0.0015	0.0069	0.0071	0.0016	0.0053	0.0085	0.0015
60	84	0.0746	3	2	0	2	0	0	0	0	0	Y	N	Y	N	N	N	N	N	N	N	N	N	0.0000	0.0000	0.0000	0.0000	0.0000	0.0000	0.0000	0.0000	0.0000	0.0000	0.0000	0.0000	0.0000	0.0000	0.0000	0.0000	0.0000	0.0000	0.0065	0.0001	0.0151	0.0005	0.0005	0.0004	0.0076	0.0000	0.0154	88.3652	0.0000	0.0002	1.9981	1.0052	3.0867	4.9545	0.0000	0.0000	0.0000	0.0000	0.0000	0.0000	0.0000	0.0000	0.0000	0.0004	0.0000	0.0003	0.0000	0.0000	0.0000	0.0003	0.0000	0.0003	0.0144	0.0122	0.0022	0.0007	0.0007	0.0001	0.0136	0.0115	0.0021	0.0540	0.0309	0.0231	0.0085	0.0080	0.0005	0.0455	0.0229	0.0226	0.0000	0.0000	0.0000	0.0000	0.0000	0.0000	0.0000	0.0000	0.0000	0.0065	0.0001	0.0151	0.0005	0.0005	0.0004	0.0076	0.0000	0.0154	
60	85	0.0552	2	2	0	2	0	0	0	0	0	Y	N	Y	N	N	N	N	N	N	N	N	N	0.0000	0.0000	0.0000	0.0000	0.0000	0.0000	0.0000	0.0000	0.0000	0.0000	0.0000	0.0000	0.0000	0.0000	0.0000	0.0000	0.0000	0.0000	0.0136	0.0046	0.0279	0.0075	0.0074	0.0090	0.0148	0.0037	0.0284	3.7606	0.0000	0.0004	1.9981	0.9968	3.0867	7.6169	0.0000	0.0000	0.0000	0.0000	0.0000	0.0000	0.0000	0.0000	0.0000	0.0011	0.0002	0.0009	0.0001	0.0001	0.0000	0.0010	0.0001	0.0009	0.0141	0.0120	0.0022	0.0004	0.0004	0.0000	0.0137	0.0116	0.0021	0.0828	0.0510	0.0318	0.0137	0.0129	0.0008	0.0691	0.0381	0.0310	0.0000	0.0000	0.0000	0.0000	0.0000	0.0000	0.0000	0.0000	0.0000	0.0136	0.0046	0.0279	0.0075	0.0074	0.0090	0.0148	0.0037	0.0284	
60	86	0.2231	5	2	1	1	0	0	0	0	0	Y	N	N	N	N	N	N	N	N	N	N	N	0.0000	0.0000	0.0000	0.0000	0.0000	0.0000	0.0000	0.0000	0.0000	0.0000	0.0000	0.0000	0.0000	0.0000	0.0000	0.0000	0.0000	0.0000	0.0005	0.0007	0.0000	0.0010	0.0012	0.0000	0.0000	0.0000	0.0000	0.0126	-0.0000	-0.0000	1.9981	5.8060	3.0867	6.1034	0.0000	0.0000	0.0000	0.0000	0.0000	0.0000	0.0000	0.0000	0.0000	0.0001	0.0001	0.0000	0.0001	0.0001	0.0000	0.0000	0.0000	0.0000	0.0961	0.0812	0.0148	0.0160	0.0155	0.0005	0.0800	0.0657	0.0143	0.1618	0.1150	0.0468	0.0738	0.0626	0.0112	0.0881	0.0525	0.0356	0.0000	0.0000	0.0000	0.0000	0.0000	0.0000	0.0000	0.0000	0.0000	0.0005	0.0007	0.0000	0.0010	0.0012	0.0000	0.0000	0.0000	0.0000	
60	87	0.1292	4	2	1	1	0	0	0	0	0	Y	N	N	N	N	N	N	N	N	N	N	N	0.0018	0.0009	0.3582	1.0908	0.9770	0.0000	0.0010	0.0005	0.3244	0.0064	0.0063	0.0070	0.0462	0.0505	0.0000	0.0047	0.0042	0.0072	3.4498	6.7397	0.0195	0.0424	0.0517	0.0000	4.6121	8.7187	0.0221	0.2013	0.0023	-0.0003	-0.3579	1.9981	12.2869	3.0867	21.7146	0.0010	0.0008	0.0002	0.0003	0.0003	0.0000	0.0007	0.0005	0.0002	0.7847	0.7829	0.0018	0.0025	0.0025	0.0000	0.7822	0.7805	0.0018	0.1498	0.1270	0.0229	0.0062	0.0057	0.0005	0.1436	0.1213	0.0224	0.2275	0.1369	0.0905	0.0579	0.0474	0.0104	0.1696	0.0895	0.0801	0.0018	0.0011	0.3582	1.0908	0.9770	0.0000	0.0010	0.0005	0.3244	3.4498	5.7176	0.0195	0.0424	0.0517	0.0000	4.6121	8.7187	0.0221
60	88	0.0778	3	1	1	1	0	0	0	0	0	N	N	N	N	N	N	N	N	N	N	N	N	0.1191	0.0000	0.3265	0.0002	0.0000	0.0008	0.1126	0.0000	0.3312	0.0007	0.0000	0.0047	0.0000	0.0000	0.0000	0.0007	0.0000	0.0048	0.0061	0.0008	0.0145	0.0035	0.0028	0.0139	0.0066	0.0000	0.0145	inf	11.7482	0.0000	0.0004	1.9981	4.0005	3.0867	9.0093	0.0000	0.0000	0.0000	0.0000	0.0000	0.0000	0.0000	0.0000	0.0000	0.0008	0.0001	0.0007	0.0001	0.0001	0.0000	0.0007	0.0000	0.0007	0.0555	0.0470	0.0085	0.0018	0.0016	0.0001	0.0537	0.0454	0.0083	0.1261	0.0776	0.0486	0.0226	0.0212	0.0014	0.1035	0.0563	0.0472	0.1191	0.0000	0.3265	0.0002	0.0000	0.0008	0.1126	0.0000	0.3312	0.0061	0.0008	0.0145	0.0035	0.0028	0.0139	0.0066	0.0000	0.0145
60	89	0.0552	2	1	1	1	0	0	0	0	0	N	N	N	N	N	N	N	N	N	N	N	N	0.0001	0.0000	0.0002	0.0000	0.0000	0.0000	0.0001	0.0001	0.0002	0.0000	0.0000	0.0000	0.0000	0.0000	0.0000	0.0000	0.0000	0.0000	0.0150	0.0028	0.0341	0.0110	0.0088	0.0442	0.0157	0.0009	0.0338	12.0000	7.8006	0.0000	0.0006	1.9981	1.0051	3.0867	9.2650	0.0000	0.0000	0.0000	0.0000	0.0000	0.0000	0.0000	0.0000	0.0000	0.0014	0.0002	0.0013	0.0002	0.0001	0.0000	0.0013	0.0000	0.0012	0.0142	0.0121	0.0022	0.0004	0.0004	0.0000	0.0138	0.0117	0.0022	0.0950	0.0579	0.0371	0.0147	0.0138	0.0009	0.0803	0.0441	0.0361	0.0001	0.0000	0.0002	0.0000	0.0000	0.0000	0.0001	0.0001	0.0002	0.0150	0.0028	0.0341	0.0110	0.0088	0.0442	0.0157	0.0009	0.0338
60	90	0.2515	6	1	0	2	0	0	0	0	0	N	N	Y	N	N	N	N	N	N	N	N	N	0.0349	0.0358	0.0013	0.5501	0.5253	0.0000	0.0001	0.0000	0.0012	0.0003	0.0003	0.0000	0.0011	0.0012	0.0000	0.0000	0.0000	0.0000	0.0080	0.0090	0.0054	0.0019	0.0022	0.0000	0.0136	0.0189	0.0069	0.0034	0.2453	-0.0000	-0.0002	1.9981	2.3559	3.0867	7.1930	0.0000	0.0000	0.0000	0.0000	0.0000	0.0000	0.0000	0.0000	0.0000	0.0007	0.0006	0.0001	0.0001	0.0001	0.0000	0.0006	0.0005	0.0001	0.0360	0.0309	0.0050	0.0095	0.0087	0.0008	0.0265	0.0223	0.0042	0.0874	0.0622	0.0253	0.0422	0.0368	0.0054	0.0453	0.0254	0.0199	0.0349	0.0358	0.0013	0.5501	0.5253	0.0000	0.0001	0.0000	0.0012	0.0080	0.0090	0.0054	0.0019	0.0022	0.0000	0.0136	0.0189	0.0069
60	91	0.2187	5	1	0	1	0	0	0	0	0	N	N	N	N	N	N	N	N	N	N	N	N	0.0771	0.0629	3.5372	0.6504	0.5590	0.0027	0.0011	0.0000	8.9181	0.0206	0.0231	0.0030	0.0695	0.0723	0.0000	0.0005	0.0000	0.0033	0.2673	0.3670	0.0008	0.1069	0.1293	0.0016	0.4891	0.8231	0.0004	0.0182	0.0009	-0.0009	-0.0416	1.9981	4.9284	3.0867	11.0439	0.0022	0.0022	0.0000	0.0022	0.0022	0.0000	0.0000	0.0000	0.0000	0.0909	0.0908	0.0001	0.0211	0.0210	0.0001	0.0698	0.0698	0.0000	0.1077	0.0944	0.0133	0.0313	0.0301	0.0012	0.0763	0.0642	0.0121	0.3400	0.2474	0.0926	0.1973	0.1627	0.0347	0.1427	0.0848	0.0579	0.0771	0.0629	3.5372	0.6504	0.5590	0.0027	0.0011	0.0000	8.9181	0.2673	0.3670	0.0008	0.1069	0.1293	0.0016	0.4891	0.8231	0.0004
60	92	0.1292	4	1	0	1	0	0	0	0	0	N	N	N	N	N	N	N	N	N	N	N	N	0.0041	0.0002	2.7547	0.0000	0.0000	0.0000	0.0071	0.0003	2.5150	0.0438	0.0033	0.2649	0.0000	0.0000	0.0000	0.0457	0.0035	0.2710	10.6282	21.9382	0.0962	26.5852	31.4818	0.0073	6.4475	12.1244	0.1078	14.5604	0.0051	0.0011	-0.7669	1.9981	3.9161	3.0867	29.2065	0.0022	0.0001	0.0020	0.0000	0.0000	0.0000	0.0022	0.0001	0.0020	1.6917	1.6832	0.0085	0.6220	0.6219	0.0001	1.0698	1.0613	0.0084	0.0497	0.0420	0.0077	0.0021	0.0019	0.0002	0.0476	0.0401	0.0075	0.2227	0.1341	0.0886	0.0568	0.0465	0.0102	0.1659	0.0875	0.0784	0.0058	0.0003	2.7547	0.0000	0.0000	0.0000	0.0071	0.0003	2.5150	7.5967	12.5540	0.0962	10.9547	13.3621	0.0073	6.4475	12.1244	0.1078
60	93	0.6697	10	2	1	1	0	0	0	0	0	Y	N	N	N	N	N	N	N	N	N	N	N	0.0000	0.0000	0.0000	0.0000	0.0000	0.0000	0.0000	0.0000	0.0000	0.0000	0.0000	0.0000	0.0000	0.0000	0.0000	0.0000	0.0000	0.0000	0.0073	0.0000	0.0232	0.0014	0.0000	0.0069	0.0155	0.0001	0.0330	470.9124	0.0000	0.0002	1.9981	2.5103	3.0867	7.4742	0.0000	0.0000	0.0000	0.0000	0.0000	0.0000	0.0000	0.0000	0.0000	0.0004	0.0000	0.0004	0.0001	0.0000	0.0001	0.0004	0.0000	0.0004	0.0370	0.0323	0.0047	0.0148	0.0138	0.0010	0.0222	0.0185	0.0037	0.0614	0.0421	0.0193	0.0357	0.0284	0.0073	0.0257	0.0136	0.0121	0.0000	0.0000	0.0000	0.0000	0.0000	0.0000	0.0000	0.0000	0.0000	0.0073	0.0000	0.0232	0.0014	0.0000	0.0069	0.0155	0.0001	0.0330	
60	94	0.6335	9	1	1	1	0	0	0	0	0	N	N	N	N	N	N	N	N	N	N	N	N	0.0000	0.0000	0.0000	0.0000	0.0000	0.0000	0.0000	0.0000	0.0000	0.0000	0.0000	0.0000	0.0000	0.0000	0.0000	0.0000	0.0000	0.0000	0.0058	0.0083	0.0000	0.0092	0.0117	0.0000	0.0000	0.0000	0.0000	0.0001	0.0000	-0.0002	1.9981	7.1305	3.0867	3.2426	0.0000	0.0000	0.0000	0.0000	0.0000	0.0000	0.0000	0.0000	0.0000	0.0004	0.0004	0.0000	0.0004	0.0004	0.0000	0.0000	0.0000	0.0000	0.1175	0.1036	0.0138	0.0433	0.0410	0.0023	0.0741	0.0626	0.0115	0.0772	0.0539	0.0233	0.0486	0.0383	0.0103	0.0286	0.0156	0.0130	0.0000	0.0000	0.0000	0.0000	0.0000	0.0000	0.0000	0.0000	0.0000	0.0058	0.0083	0.0000	0.0092	0.0117	0.0000	0.0000	0.0000	0.0000	
60	95	0.0552	2	2	1	1	0	0	0	0	0	Y	N	N	N	N	N	N	N	N	N	N	N	0.0001	0.0000	0.0001	0.0000	0.0000	0.0000	0.0001	0.0001	0.0003	0.0000	0.0018	0.0000	0.0000	0.0000	0.0003	0.0000	0.0018	4.8358	0.0004	19.5081	0.0042	0.0025	0.0203	4.8766	0.0000	15.3184	inf	16966.7238	0.0000	0.5399	1.9981	8.0000	3.0867	22.5660	0.0000	0.0000	0.0000	0.0000	0.0000	0.0000	0.0000	0.0000	0.0000	0.9970	0.0001	0.9969	0.0001	0.0001	0.0000	0.9969	0.0000	0.9969	0.1091	0.0925	0.0166	0.0029	0.0027	0.0002	0.1062	0.0898	0.0164	0.2303	0.1353	0.0949	0.0259	0.0234	0.0025	0.2044	0.1119	0.0925	0.0001	0.0000	0.0002	0.0000	0.0000	0.0000	0.0001	0.0000	0.0002	4.3296	0.0004	10.5004	0.0042	0.0025	0.0203	4.8766	0.0000	10.7785	
60	96	0.1292	4	1	0	1	0	0	0	0	0	N	N	N	N	N	N	N	N	N	N	N	N	0.5566	0.7666	0.0000	5.8672	5.5614	0.0000	0.0698	inf	0.0000	0.0028	0.0033	0.0000	0.0625	0.0683	0.0000	0.0002	0.0003	0.0000	0.0050	0.0043	0.0061	0.0107	0.0123	0.0032	0.0031	0.0000	0.0065	0.0000	0.9375	-0.0002	0.0000	1.9981	11.9964	3.0867	18.8414	0.0004	0.0004	0.0000	0.0004	0.0004	0.0000	0.0000	0.0000	0.0000	0.0011	0.0005	0.0005	0.0006	0.0005	0.0000	0.0005	0.0000	0.0005	0.1465	0.1241	0.0224	0.0061	0.0055	0.0005	0.1404	0.1186	0.0219	0.2101	0.1266	0.0836	0.0539	0.0442	0.0097	0.1562	0.0823	0.0739	0.5566	0.7666	0.0000	5.8672	5.5614	0.0000	0.0698	inf	0.0000	0.0050	0.0043	0.0061	0.0107	0.0123	0.0032	0.0031	0.0000	0.0065
60	98	0.0857	4	2	1	2	0	0	0	0	0	Y	N	Y	N	N	N	N	N	N	N	N	N	0.0000	0.0000	0.0026	0.0000	0.0000	0.0000	0.0000	0.0000	0.0028	0.0000	0.0000	0.0000	0.0000	0.0000	0.0000	0.0000	0.0000	0.0000	0.6828	1.1675	0.0002	5.7657	5.3419	0.0008	0.0066	0.0124	0.0002	inf	0.0001	0.0000	-0.0415	1.9981	0.9502	3.0867	16.1595	0.0000	0.0000	0.0000	0.0000	0.0000	0.0000	0.0000	0.0000	0.0000	0.0906	0.0906	0.0000	0.0899	0.0899	0.0000	0.0008	0.0008	0.0000	0.0159	0.0136	0.0022	0.0024	0.0022	0.0001	0.0135	0.0114	0.0021	0.1327	0.0776	0.0551	0.0174	0.0168	0.0006	0.1153	0.0608	0.0545	0.0000	0.0000	0.0026	0.0000	0.0000	0.0000	0.0000	0.0000	0.0028	0.6828	1.1675	0.0002	5.1526	5.3419	0.0008	0.0066	0.0124	0.0002
60	99	0.1292	4	1	1	1	0	0	0	0	0	N	N	N	N	N	N	N	N	N	N	N	N	1.0827	28.4515	0.0000	132.2174	225.2342	0.0000	0.0000	0.0000	0.0026	0.0031	0.0000	0.0625	0.0683	0.0000	0.0000	0.0000	0.0000	0.0024	0.0001	0.0058	0.0005	0.0003	0.0013	0.0031	0.0000	0.0065	0.0000	35.9458	-0.0002	0.0002	1.9981	11.9964	3.0867	15.6499	0.0004	0.0004	0.0000	0.0004	0.0004	0.0000	0.0000	0.0000	0.0000	0.0005	0.0000	0.0004	0.0000	0.0000	0.0000	0.0004	0.0000	0.0004	0.1465	0.1241	0.0224	0.0061	0.0055	0.0005	0.1404	0.1186	0.0219	0.1922	0.1158	0.0764	0.0499	0.0409	0.0089	0.1423	0.0749	0.0675	1.0827	28.4515	0.0000	132.2174	225.2342	0.0000	0.0000	0.0000	0.0000	0.0024	0.0001	0.0058	0.0005	0.0003	0.0013	0.0031	0.0000	0.0065	
60	100	0.0887	5	2	0	2	0	0	0	0	0	Y	N	Y	N	N	N	N	N	N	N	N	N	0.0000	0.0000	0.0000	0.0000	0.0000	0.0000	0.0000	0.0000	0.0000	0.0000	0.0000	0.0000	0.0000	0.0000	0.0000	0.0000	0.0000	30.4374	0.0000	116.1623	0.0196	0.0000	0.4728	20.3682	0.0000	94.9645	5180613.6021	0.0000	1.0797	1.9981	1.0008	3.0867	13.9255	0.0000	0.0000	0.0000	0.0000	0.0000	0.0000	0.0000	0.0000	0.0000	1.9935	0.0000	1.9935	0.0003	0.0000	0.0003	1.9932	0.0000	1.9932	0.0143	0.0121	0.0021	0.0013	0.0012	0.0001	0.0130	0.0110	0.0020	0.1128	0.0653	0.0474	0.0133	0.0127	0.0006	0.0995	0.0526	0.0469	0.0000	0.0000	0.0000	0.0000	0.0000	0.0000	0.0000	0.0000	0.0000	17.6776	0.0000	42.0355	0.0196	0.0000	0.4728	20.0381	0.0000	42.5246		
60	101	0.0857	4	2	0	2	0	0	0	0	0	Y	N	Y	N	N	N	N	N	N	N	N	N	0.0000	0.0000	0.0000	0.0000	0.0000	0.0000	0.0000	0.0000	0.0000	0.0000	0.0000	0.0000	0.0000	0.0000	0.0000	0.0000	0.0000	0.0000	0.0876	0.0161	0.2116	0.0246	0.0216	0.2995	0.1161	0.0109	0.2108	inf	7.5845	0.0000	0.0013	1.9981	0.0532	3.0867	2.0467	0.0000	0.0000	0.0000	0.0000	0.0000	0.0000	0.0000	0.0000	0.0000	0.0030	0.0003	0.0026	0.0003	0.0002	0.0000	0.0027	0.0001	0.0026	0.0031	0.0028	0.0003	0.0013	0.0013	0.0000	0.0019	0.0016	0.0003	0.0338	0.0215	0.0124	0.0105	0.0104	0.0001	0.0233	0.0110	0.0123	0.0000	0.0000	0.0000	0.0000	0.0000	0.0000	0.0000	0.0000	0.0000	0.0876	0.0161	0.2116	0.0246	0.0216	0.2995	0.1161	0.0109	0.2108
60	102	0.0761	3	2	0	2	0	0	0	0	0	Y	N	Y	N	N	N	N	N	N	N	N	N	0.0064	0.0000	0.0240	0.0000	0.0000	0.0000	0.0081	0.0000	0.0256	0.0003	0.0000	0.0022	0.0000	0.0000	0.0000	0.0004	0.0000	0.0023	0.0486	0.0233	0.0897	0.0642	0.0611	0.1469	0.0437	0.0007	0.0884	inf	2.3717	0.0000	0.0007	1.9981	2.0948	3.0867	3.0326	0.0000	0.0000	0.0000	0.0000	0.0000	0.0000	0.0000	0.0000	0.0000	0.0027	0.0008	0.0019	0.0009	0.0008	0.0001	0.0019	0.0000	0.0019	0.0320	0.0273	0.0046	0.0038	0.0035	0.0002	0.0282	0.0238	0.0044	0.0565	0.0350	0.0215	0.0136	0.0131	0.0005	0.0429	0.0219	0.0210	0.0064	0.0000	0.0240	0.0000	0.0000	0.0000	0.0081	0.0000	0.0256	0.0486	0.0233	0.0897	0.0642	0.0611	0.1469	0.0437	0.0007	0.0884
60	103	0.0552	2	2	0	2	0	0	0	0	0	Y	N	Y	N	N	N	N	N	N	N	N	N	0.0000	0.0000	0.0000	0.0000	0.0000	0.0000	0.0000	0.0000	0.0000	0.0000	0.0000	0.0000	0.0000	0.0000	0.0000	0.0000	0.0000	0.0000	0.0170	0.0245	0.0051	0.0851	0.0897	0.0112	0.0036	0.0026	0.0049	inf	0.1291	0.0000	-0.0005	1.9981	3.9484	3.0867	4.8420	0.0000	0.0000	0.0000	0.0000	0.0000	0.0000	0.0000	0.0000	0.0000	0.0014	0.0013	0.0002	0.0012	0.0012	0.0000	0.0003	0.0001	0.0002	0.0549	0.0465	0.0084	0.0015	0.0014	0.0001	0.0535	0.0452	0.0083	0.0841	0.0517	0.0324	0.0138	0.0130	0.0008	0.0703	0.0387	0.0316	0.0000	0.0000	0.0000	0.0000	0.0000	0.0000	0.0000	0.0000	0.0000	0.0170	0.0245	0.0051	0.0851	0.0897	0.0112	0.0036	0.0026	0.0049
60	104	0.1615	5	1	1	1	0	0	0	0	0	N	N	N	N	N	N	N	N	N	N	N	N	0.0122	0.0090	0.0000	0.0150	0.0141	0.0000	0.0000	0.0000	0.0000	0.0001	0.0002	0.0000	0.0005	0.0006	0.0000	0.0000	0.0000	0.0000	0.0106	0.0168	0.0004	0.0349	0.0409	0.0029	0.0000	0.0000	0.0000	0.0000	0.0133	-0.0000	-0.0014	1.9981	8.9557	3.0867	32.3127	0.0000	0.0000	0.0000	0.0000	0.0000	0.0000	0.0000	0.0000	0.0000	0.0030	0.0030	0.0000	0.0030	0.0030	0.0000	0.0000	0.0000	0.0000	0.1449	0.1245	0.0204	0.0358	0.0326	0.0031	0.1091	0.0918	0.0173	0.2867	0.1790	0.1077	0.0873	0.0737	0.0136	0.1994	0.1053	0.0940	0.0122	0.0090	0.0000	0.0150	0.0141	0.0000	0.0000	0.0000	0.0000	0.0106	0.0168	0.0004	0.0349	0.0409	0.0029	0.0000	0.0000	0.0000
60	105	0.1869	6	1	0	2	0	0	0	0	0	N	N	Y	N	N	N	N	N	N	N	N	N	0.0259	0.0253	0.0000	2.1328	2.8590	0.0000	0.0000	0.0000	0.0000	0.0004	0.0004	0.0000	0.0021	0.0023	0.0000	0.0000	0.0000	0.0000	0.0137	0.0165	0.0090	0.0010	0.0008	0.0019	0.0199	0.0284	0.0103	0.0000	0.3194	-0.0000	-0.0003	1.9981	4.2679	3.0867	7.8415	0.0000	0.0000	0.0000	0.0000	0.0000	0.0000	0.0000	0.0000	0.0000	0.0013	0.0010	0.0003	0.0000	0.0000	0.0000	0.0013	0.0009	0.0003	0.0623	0.0532	0.0091	0.0103	0.0095	0.0009	0.0520	0.0437	0.0083	0.0934	0.0590	0.0344	0.0308	0.0256	0.0052	0.0627	0.0334	0.0293	0.0259	0.0253	0.0000	2.1328	2.8590	0.0000	0.0000	0.0000	0.0000	0.0137	0.0165	0.0090	0.0010	0.0008	0.0019	0.0199	0.0284	0.0103
60	106	0.1615	5	1	0	1	0	0	0	0	0	N	N	N	N	N	N	N	N	N	N	N	N	0.0274	0.0189	0.1826	0.0094	0.0093	0.0000	0.6480	253.6560	0.3719	0.0007	0.0008	0.0006	0.0007	0.0007	0.0000	0.0008	0.0008	0.0009	0.0273	0.0408	0.0033	0.0715	0.0801	0.0088	0.0013	0.0000	0.0025	0.1147	0.0455	-0.0000	-0.0013	1.9981	1.9301	3.0867	9.0954	0.0000	0.0000	0.0000	0.0000	0.0000	0.0000	0.0000	0.0000	0.0000	0.0031	0.0030	0.0001	0.0030	0.0030	0.0000	0.0001	0.0000	0.0001	0.0537	0.0469	0.0068	0.0273	0.0248	0.0025	0.0265	0.0221	0.0044	0.1147	0.0735	0.0412	0.0426	0.0375	0.0051	0.0721	0.0361	0.0361	0.0274	0.0189	0.1826	0.0094	0.0093	0.0000	0.6480	253.6560	0.3719	0.0273	0.0408	0.0033	0.0715	0.0801	0.0088	0.0013	0.0000	0.0025
60	107	0.1292	4	1	0	1	0	0	0	0	0	N	N	N	N	N	N	N	N	N	N	N	N	0.0088	0.0063	0.0012	0.0596	0.0538	0.0000	0.0014	0.0016	0.0011	0.0073	0.0086	0.0000	0.1726	0.1883	0.0000	0.0000	0.0000	0.0000	0.8271	1.3575	0.0071	2.8970	3.4963	0.0019	0.0072	0.0066	0.0079	0.0002	0.0034	-0.0002	-0.0401	1.9981	3.9049	3.0867	9.6098	0.0004	0.0004	0.0000	0.0004	0.0004	0.0000	0.0000	0.0000	0.0000	0.0882	0.0879	0.0003	0.0877	0.0876	0.0000	0.0006	0.0003	0.0003	0.0496	0.0419	0.0077	0.0021	0.0019	0.0002	0.0475	0.0400	0.0075	0.1066	0.0648	0.0419	0.0303	0.0251	0.0052	0.0764	0.0397	0.0367	0.0088	0.0063	0.0012	0.0596	0.0538	0.0000	0.0014	0.0016	0.0011	0.8271	1.3575	0.0071	2.8970	3.4963	0.0019	0.0072	0.0066	0.0079
60	108	0.1503	6	1	1	1	0	0	0	0	0	N	N	N	N	N	N	N	N	N	N	N	N	0.0389	0.0000	0.2306	0.0002	0.0000	0.0270	0.0733	0.0000	0.2139	0.0002	0.0000	0.0015	0.0000	0.0000	0.0000	0.0002	0.0000	0.0015	0.0057	0.0053	0.0064	0.0115	0.0136	0.0009	0.0034	0.0001	0.0072	16323.6667	0.7271	0.0000	-0.0000	1.9981	8.0392	3.0867	22.6195	0.0000	0.0000	0.0000	0.0000	0.0000	0.0000	0.0000	0.0000	0.0000	0.0013	0.0008	0.0005	0.0008	0.0007	0.0000	0.0005	0.0000	0.0005	0.1101	0.0935	0.0166	0.0110	0.0103	0.0008	0.0991	0.0832	0.0159	0.2279	0.1419	0.0860	0.0661	0.0549	0.0112	0.1618	0.0870	0.0747	0.0389	0.0000	0.2306	0.0002	0.0000	0.0270	0.0733	0.0000	0.2139	0.0057	0.0053	0.0064	0.0115	0.0136	0.0009	0.0034	0.0001	0.0072
60	109	0.1503	5	1	0	1	0	0	0	0	0	N	N	N	N	N	N	N	N	N	N	N	N	0.3054	0.1788	0.9899	0.3761	0.3674	0.0660	0.2707	0.0000	0.9682	0.0061	0.0037	0.0183	0.0089	0.0089	0.0009	0.0047	0.0000	0.0186	0.0201	0.0206	0.0185	0.0236	0.0243	0.0132	0.0173	0.0161	0.0192	0.9998	0.2943	0.0000	-0.0002	1.9981	0.2031	3.0867	2.0398	0.0000	0.0000	0.0000	0.0000	0.0000	0.0000	0.0000	0.0000	0.0000	0.0010	0.0008	0.0002	0.0005	0.0005	0.0000	0.0005	0.0003	0.0002	0.0075	0.0062	0.0013	0.0026	0.0026	0.0000	0.0049	0.0037	0.0012	0.0522	0.0393	0.0129	0.0231	0.0215	0.0015	0.0291	0.0177	0.0113	0.3054	0.1788	0.9899	0.3761	0.3674	0.0660	0.2707	0.0000	0.9682	0.0201	0.0206	0.0185	0.0236	0.0243	0.0132	0.0173	0.0161	0.0192
60	110	0.7309	11	2	0	2	0	0	0	0	0	Y	N	Y	N	N	N	N	N	N	N	N	N	0.0000	0.0000	0.0000	0.0000	0.0000	0.0000	0.0000	0.0000	0.0000	0.0000	0.0000	0.0000	0.0000	0.0000	0.0000	0.0000	0.0000	0.0000	0.0000	0.0000	1.9981	0.0001	3.0867	0.0001	0.0000	0.0000	0.0000	0.0000	0.0000	0.0000	0.0000	0.0000	0.0000	0.0000	0.0000	0.0000	0.0000	0.0000	0.0000	0.0000	0.0000	0.0000	0.0014	0.0011	0.0003	0.0007	0.0007	0.0000	0.0007	0.0004	0.0003	0.0000	0.0000	0.0000	0.0000	0.0000	0.0000	0.0000	0.0000	0.0000	0.0000	0.0000	0.0000	0.0000	0.0000	0.0000	0.0000	0.0000	0.0000	0.0000	0.0000	0.0000	0.0000	0.0000	0.0000	0.0000	0.0000	0.0000											
60	111	0.7170	10	2	0	2	0	0	0	0	0	Y	N	Y	N	N	N	N	N	N	N	N	N	0.0000	0.0000	0.0000	0.0000	0.0000	0.0000	0.0000	0.0000	0.0000	0.0000	0.0000	0.0000	0.0000	0.0000	0.0000	0.0000	0.0000	0.0000	0.0000	0.0000	0.0000	0.0000	0.0000	0.0000	0.0000	0.0000	0.0000	3.5017	0.0000	0.0000	1.9981	1.6718	3.0867	2.9223	0.0000	0.0000	0.0000	0.0000	0.0000	0.0000	0.0000	0.0000	0.0000	0.0000	0.0000	0.0000	0.0000	0.0000	0.0000	0.0000	0.0000	0.0000	0.0246	0.0215	0.0032	0.0074	0.0070	0.0004	0.0173	0.0145	0.0028	0.0395	0.0277	0.0118	0.0274	0.0210	0.0065	0.0121	0.0068	0.0053	0.0000	0.0000	0.0000	0.0000	0.0000	0.0000	0.0000	0.0000	0.0000	0.0000	0.0000	0.0000	0.0000	0.0000	0.0000	0.0000	0.0000	0.0000	
60	112	0.6335	9	2	0	2	0	0	0	0	0	Y	N	Y	N	N	N	N	N	N	N	N	N	0.0000	0.0000	0.0000	0.0000	0.0000	0.0000	0.0000	0.0000	0.0000	0.0000	0.0000	0.0000	0.0000	0.0000	0.0000	0.0000	0.0000	0.0000	0.0000	0.0000	0.0000	0.0000	0.0000	0.0000	0.0000	0.0000	0.0000	0.0751	0.0000	-0.0000	1.9981	14.0283	3.0867	7.1084	0.0000	0.0000	0.0000	0.0000	0.0000	0.0000	0.0000	0.0000	0.0000	0.0000	0.0000	0.0000	0.0000	0.0000	0.0000	0.0000	0.0000	0.0000	0.1900	0.1667	0.0232	0.0630	0.0592	0.0038	0.1270	0.1075	0.0194	0.1267	0.0878	0.0388	0.0761	0.0599	0.0163	0.0505	0.0280	0.0226	0.0000	0.0000	0.0000	0.0000	0.0000	0.0000	0.0000	0.0000	0.0000	0.0000	0.0000	0.0000	0.0000	0.0000	0.0000	0.0000	0.0000	0.0000	
60	113	0.5732	8	1	0	1	0	0	0	0	0	N	N	N	N	N	N	N	N	N	N	N	N	0.0000	0.0083	0.0001	0.0009	0.0463	0.0000	0.0000	0.0000	0.0001	0.0000	0.0000	0.0000	0.0000	0.0000	0.0000	0.0000	0.0000	0.0000	0.0034	0.0000	0.0113	0.0001	0.0000	0.0008	0.0081	0.0000	0.0177	2.4545	818.5638	0.0000	0.0002	1.9981	8.6129	3.0867	5.1709	0.0000	0.0000	0.0000	0.0000	0.0000	0.0000	0.0000	0.0000	0.0000	0.0005	0.0000	0.0005	0.0000	0.0000	0.0000	0.0004	0.0000	0.0004	0.1540	0.1361	0.0179	0.0512	0.0487	0.0025	0.1029	0.0875	0.0154	0.1369	0.0963	0.0405	0.0819	0.0667	0.0152	0.0549	0.0296	0.0253	0.0000	0.0083	0.0001	0.0009	0.0463	0.0000	0.0000	0.0000	0.0001	0.0034	0.0000	0.0113	0.0001	0.0000	0.0008	0.0081	0.0000	0.0177
60	114	0.4781	7	1	0	1	0	0	0	0	0	N	N	N	N	N	N	N	N	N	N	N	N	3.1492	2.9147	6.9359	9.2984	6.7892	28.7555	1.5446	14.8006	4.6234	0.4120	0.1294	2.2246	0.7893	0.4715	4.4307	0.2842	0.0034	1.8333	0.1308	0.0444	0.3207	0.0849	0.0694	0.1541	0.1840	0.0002	0.3965	2.6820	3.2905	0.0270	0.0113	1.9981	16.8607	3.0867	22.7724	0.0940	0.0255	0.0685	0.0456	0.0251	0.0205	0.0484	0.0005	0.0479	0.0365	0.0085	0.0280	0.0127	0.0085	0.0042	0.0238	0.0000	0.0238	0.2282	0.1974	0.0308	0.0578	0.0531	0.0046	0.1704	0.1443	0.0261	0.2787	0.1915	0.0872	0.1494	0.1222	0.0273	0.1293	0.0693	0.0599	3.1492	2.9147	6.9359	9.2984	6.7892	28.7555	1.5446	14.8006	4.6234	0.1308	0.0444	0.3207	0.0849	0.0694	0.1541	0.1840	0.0002	0.3965
60	115	0.1056	4	2	0	2	0	0	0	0	0	Y	N	Y	N	N	N	N	N	N	N	N	N	0.0000	0.0000	0.0000	0.0000	0.0000	0.0000	0.0000	0.0000	0.0000	0.0000	0.0000	0.0000	0.0000	0.0000	0.0000	0.0000	0.0000	0.0000	0.0000	0.0000	0.0000	0.0000	0.0000	0.0000	0.0000	0.2038	0.0000	-0.0000	1.9981	1.0009	3.0867	4.0038	0.0000	0.0000	0.0000	0.0000	0.0000	0.0000	0.0000	0.0000	0.0000	0.0000	0.0000	0.0000	0.0000	0.0000	0.0000	0.0000	0.0000	0.0000	0.0148	0.0126	0.0022	0.0012	0.0012	0.0001	0.0135	0.0114	0.0021	0.0641	0.0426	0.0215	0.0215	0.0198	0.0017	0.0426	0.0228	0.0198	0.0000	0.0000	0.0000	0.0000	0.0000	0.0000	0.0000	0.0000	0.0000	0.0000	0.0000	0.0000	0.0000	0.0000	0.0000	0.0000	0.0000	0.0000			
60	116	0.0773	3	2	0	2	0	0	0	0	0	Y	N	Y	N	N	N	N	N	N	N	N	N	0.0006	0.0006	0.0013	0.0012	0.0016	0.0000	0.0006	0.0005	0.0012	0.0006	0.0004	0.0020	0.0003	0.0004	0.0000	0.0007	0.0004	0.0020	0.9615	0.6048	1.5572	0.2809	0.2207	0.7009	1.1850	0.8077	1.6345	0.8369	1.5421	0.0000	0.0165	1.9981	1.8441	3.0867	10.4794	0.0000	0.0000	0.0000	0.0000	0.0000	0.0000	0.0000	0.0000	0.0000	0.1116	0.0439	0.0677	0.0081	0.0055	0.0025	0.1035	0.0383	0.0651	0.0375	0.0323	0.0052	0.0068	0.0067	0.0001	0.0307	0.0256	0.0051	0.1160	0.0726	0.0435	0.0287	0.0251	0.0036	0.0873	0.0475	0.0399	0.0006	0.0006	0.0013	0.0012	0.0016	0.0000	0.0006	0.0005	0.0012	0.9615	0.6048	1.5572	0.2809	0.2207	0.7009	1.1850	0.8077	1.6345
60	117	0.3653	5	1	1	1	1	0	0	0	0	N	N	N	N	N	N	N	N	N	N	N	N	0.0060	0.0015	11.0056	0.0050	0.0046	0.0830	0.0083	0.0000	142.5159	0.0151	0.0054	0.0803	0.0155	0.0165	0.0026	0.0149	0.0000	0.0960	2.5003	3.6555	0.0073	3.1262	3.5865	0.0311	1.7884	3.8006	0.0007	2.2284	0.0009	0.0007	-0.4240	1.9981	10.5071	3.0867	20.2622	0.0027	0.0008	0.0018	0.0008	0.0008	0.0000	0.0018	0.0000	0.0018	0.9270	0.9261	0.0009	0.6167	0.6159	0.0008	0.3102	0.3102	0.0001	0.1774	0.1544	0.0230	0.0540	0.0501	0.0039	0.1234	0.1043	0.0191	0.3707	0.2533	0.1174	0.1973	0.1717	0.0255	0.1735	0.0816	0.0919	0.0060	0.0015	11.0056	0.0050	0.0046	0.0830	0.0083	0.0000	142.5159	2.5003	3.6555	0.0073	3.1262	3.5865	0.0311	1.7884	3.8006	0.0007
60	118	0.1292	4	1	1	1	1	0	0	0	0	N	N	N	N	N	N	N	N	N	N	N	N	0.0109	0.0000	0.0455	0.0000	0.0000	0.0000	0.0090	0.0000	0.0427	0.0000	0.0000	0.0002	0.0000	0.0000	0.0000	0.0000	0.0000	0.0002	0.0025	0.0016	0.0038	0.0006	0.0005	0.0012	0.0031	0.0022	0.0042	inf	1.5984	0.0000	0.0001	1.9981	4.0036	3.0867	26.5072	0.0000	0.0000	0.0000	0.0000	0.0000	0.0000	0.0000	0.0000	0.0000	0.0005	0.0002	0.0003	0.0000	0.0000	0.0000	0.0005	0.0002	0.0003	0.0507	0.0429	0.0079	0.0021	0.0020	0.0002	0.0486	0.0409	0.0077	0.2080	0.1253	0.0827	0.0534	0.0438	0.0096	0.1545	0.0814	0.0731	0.0109	0.0000	0.0455	0.0000	0.0000	0.0000	0.0090	0.0000	0.0427	0.0025	0.0016	0.0038	0.0006	0.0005	0.0012	0.0031	0.0022	0.0042
60	119	0.1676	5	1	1	1	0	0	0	0	0	N	N	N	N	N	N	N	N	N	N	N	N	0.0001	0.0000	0.0005	0.0000	0.0000	0.0000	0.0002	0.0000	0.0005	0.0000	0.0000	0.0000	0.0000	0.0000	0.0000	0.0000	0.0000	0.0000	0.0404	0.0222	0.0703	0.0445	0.0500	0.0066	0.0386	0.0000	0.0777	inf	1.9282	0.0000	0.0017	1.9981	3.8169	3.0867	21.2433	0.0000	0.0000	0.0000	0.0000	0.0000	0.0000	0.0000	0.0000	0.0000	0.0087	0.0030	0.0057	0.0030	0.0030	0.0001	0.0057	0.0000	0.0057	0.0727	0.0627	0.0100	0.0162	0.0155	0.0007	0.0565	0.0472	0.0092	0.2153	0.1337	0.0816	0.0680	0.0595	0.0085	0.1472	0.0742	0.0731	0.0001	0.0000	0.0005	0.0000	0.0000	0.0000	0.0002	0.0000	0.0005	0.0404	0.0222	0.0703	0.0445	0.0500	0.0066	0.0386	0.0000	0.0777
60	120	0.5133	9	1	1	1	0	0	0	0	0	N	N	N	N	N	N	N	N	N	N	N	N	606.9720	1464.5959	0.0011	3517.7030	3150.0494	0.1438	0.0002	0.0017	0.0006	3.5864	4.1152	0.0000	12.5144	13.2485	0.0000	0.0000	0.0000	0.0000	0.0059	0.0028	0.0136	0.0036	0.0042	0.0003	0.0090	0.0000	0.0201	0.0000	1.9484	-0.3894	0.0005	1.9981	16.3276	3.0867	34.9199	0.8828	0.8828	0.0000	0.8828	0.8828	0.0000	0.0000	0.0000	0.0000	0.0024	0.0008	0.0016	0.0008	0.0008	0.0000	0.0016	0.0000	0.0016	0.2462	0.2145	0.0316	0.0705	0.0666	0.0039	0.1756	0.1479	0.0277	0.4096	0.2921	0.1174	0.2331	0.1947	0.0384	0.1765	0.0974	0.0790	606.9720	1464.5959	0.0011	3517.7030	3150.0494	0.1438	0.0002	0.0017	0.0006	0.0059	0.0028	0.0136	0.0036	0.0042	0.0003	0.0090	0.0000	0.0201
60	121	0.4959	8	1	1	1	0	0	0	0	0	N	N	N	N	N	N	N	N	N	N	N	N	1.1036	1.2412	0.1599	2.6908	2.9387	0.0000	0.1352	0.2033	0.2766	1.2525	1.4174	0.1784	4.5075	4.7547	0.0000	0.0525	0.0239	0.1994	1.1349	1.1420	1.1157	1.6751	1.6180	2.0230	0.3881	0.1175	0.7209	0.0193	0.3617	-0.0518	-0.0587	1.9981	6.1757	3.0867	14.5601	0.1228	0.1204	0.0023	0.1190	0.1190	0.0000	0.0038	0.0014	0.0023	0.3044	0.2236	0.0809	0.2607	0.2163	0.0444	0.0437	0.0073	0.0364	0.0980	0.0850	0.0130	0.0264	0.0250	0.0014	0.0716	0.0599	0.0117	0.2682	0.1958	0.0725	0.1556	0.1337	0.0220	0.1126	0.0621	0.0505	1.1036	1.2412	0.1599	2.6908	2.9387	0.0000	0.1352	0.2033	0.2766	1.1349	1.1420	1.1157	1.6751	1.6180	2.0230	0.3881	0.1175	0.7209
60	122	0.4429	7	1	0	1	0	0	0	0	0	N	N	N	N	N	N	N	N	N	N	N	N	0.0489	0.1143	0.0190	0.1866	0.2412	0.0014	0.0065	0.0171	0.0206	0.0874	0.0891	0.0764	0.2534	0.2699	0.0042	0.0149	0.0008	0.0887	1.7884	0.7790	4.0140	1.3577	1.1193	2.9840	2.2909	0.0471	4.3057	0.1291	2.3370	-0.0036	0.1486	1.9981	7.5400	3.0867	21.4192	0.0111	0.0098	0.0013	0.0098	0.0097	0.0000	0.0013	0.0001	0.0013	0.6142	0.1841	0.4301	0.2511	0.1805	0.0706	0.3631	0.0035	0.3596	0.1266	0.1101	0.0166	0.0385	0.0361	0.0024	0.0881	0.0740	0.0142	0.3434	0.2363	0.1072	0.1849	0.1613	0.0236	0.1585	0.0750	0.0835	0.0489	0.1143	0.0190	0.1866	0.2412	0.0014	0.0065	0.0171	0.0206	1.7884	0.7790	4.0140	1.3577	1.1193	2.9840	2.2909	0.0471	4.3057
60	123	0.0552	2	1	1	1	0	0	0	0	0	N	N	N	N	N	N	N	N	N	N	N	N	0.0000	0.0000	0.0000	0.0000	0.0000	0.0000	0.0000	0.0000	0.0000	0.0000	0.0000	0.0000	0.0000	0.0000	0.0000	0.0000	0.0000	6.3545	0.0005	28.7406	0.0080	0.0029	0.0608	6.0853	0.0000	24.7285	16998.0389	0.0000	0.5409	1.9981	4.0019	3.0867	19.5615	0.0000	0.0000	0.0000	0.0000	0.0000	0.0000	0.0000	0.0000	0.0000	0.9988	0.0001	0.9988	0.0002	0.0001	0.0001	0.9986	0.0000	0.9986	0.0557	0.0472	0.0085	0.0015	0.0014	0.0001	0.0542	0.0458	0.0084	0.1864	0.1101	0.0762	0.0222	0.0203	0.0020	0.1641	0.0898	0.0743	0.0000	0.0000	0.0000	0.0000	0.0000	0.0000	0.0000	0.0000	0.0000	5.3597	0.0005	13.1012	0.0080	0.0029	0.0608	6.0853	0.0000	13.4477		
60	126	0.1663	6	1	1	1	0	0	0	0	0	N	N	N	N	N	N	N	N	N	N	N	N	0.0166	0.0123	0.0000	0.0196	0.0174	0.0000	13.9239	18.8830	0.0000	0.0008	0.0009	0.0000	0.0029	0.0031	0.0000	0.0005	0.0006	0.0000	0.0473	0.0750	0.0000	0.1489	0.1785	0.0000	0.0000	0.0000	0.0000	0.0000	0.0003	-0.0000	-0.0038	1.9981	5.0407	3.0867	17.1705	0.0001	0.0001	0.0000	0.0000	0.0000	0.0000	0.0000	0.0000	0.0000	0.0083	0.0083	0.0000	0.0083	0.0083	0.0000	0.0000	0.0000	0.0000	0.0722	0.0614	0.0109	0.0093	0.0088	0.0006	0.0629	0.0526	0.0103	0.1759	0.1108	0.0651	0.0558	0.0466	0.0092	0.1201	0.0643	0.0558	0.0166	0.0123	0.0000	0.0196	0.0174	0.0000	13.9239	18.8830	0.0000	0.0473	0.0750	0.0000	0.1489	0.1785	0.0000	0.0000	0.0000	0.0000
60	127	0.1503	5	1	1	1	0	0	0	0	0	N	N	N	N	N	N	N	N	N	N	N	N	0.1110	0.2492	0.0020	4.5031	4.3464	0.0012	0.0006	0.0003	0.0018	0.0106	0.0125	0.0004	0.0726	0.0758	0.0000	0.0001	0.0000	0.0004	0.0958	0.0502	0.1919	0.0161	0.0174	0.0060	0.1402	0.0789	0.2193	0.0056	1.8122	-0.0001	0.0016	1.9981	1.9703	3.0867	6.2034	0.0003	0.0003	0.0000	0.0003	0.0003	0.0000	0.0000	0.0000	0.0000	0.0089	0.0031	0.0057	0.0005	0.0005	0.0000	0.0083	0.0026	0.0057	0.0313	0.0264	0.0049	0.0045	0.0044	0.0002	0.0267	0.0221	0.0047	0.0924	0.0627	0.0297	0.0331	0.0293	0.0038	0.0593	0.0334	0.0259	0.1110	0.2492	0.0020	4.5031	4.3464	0.0012	0.0006	0.0003	0.0018	0.0958	0.0502	0.1919	0.0161	0.0174	0.0060	0.1402	0.0789	0.2193
60	128	0.1292	4	1	0	1	0	0	0	0	0	N	N	N	N	N	N	N	N	N	N	N	N	0.2248	0.1934	0.4985	15.2806	22.0634	0.0000	0.0963	0.0000	0.4554	0.0039	0.0020	0.0140	0.0370	0.0400	0.0000	0.0023	0.0000	0.0143	0.0172	0.0104	0.0280	0.0024	0.0018	0.0055	0.0237	0.0165	0.0314	1.2831	1.7088	0.0000	0.0002	1.9981	1.1032	3.0867	7.8190	0.0001	0.0000	0.0000	0.0000	0.0000	0.0000	0.0000	0.0000	0.0000	0.0013	0.0005	0.0008	0.0001	0.0000	0.0000	0.0013	0.0005	0.0008	0.0143	0.0121	0.0022	0.0007	0.0006	0.0000	0.0137	0.0115	0.0022	0.0765	0.0468	0.0297	0.0233	0.0194	0.0038	0.0532	0.0274	0.0258	0.2248	0.1934	0.4985	15.2806	22.0634	0.0000	0.0963	0.0000	0.4554	0.0172	0.0104	0.0280	0.0024	0.0018	0.0055	0.0237	0.0165	0.0314
60	129	0.4722	8	1	1	1	0	0	0	0	0	N	N	N	N	N	N	N	N	N	N	N	N	0.0000	0.0000	0.0000	0.0000	0.0000	0.0000	0.0000	0.0000	0.0000	0.0000	0.0000	0.0000	0.0000	0.0000	0.0000	0.0000	0.0000	0.0000	0.0002	0.0003	0.0001	0.0004	0.0004	0.0011	0.0000	0.0000	0.0000	0.2138	0.0000	-0.0000	1.9981	1.0033	3.0867	0.8635	0.0000	0.0000	0.0000	0.0000	0.0000	0.0000	0.0000	0.0000	0.0000	0.0000	0.0000	0.0000	0.0000	0.0000	0.0000	0.0000	0.0000	0.0000	0.0437	0.0397	0.0040	0.0243	0.0231	0.0012	0.0194	0.0166	0.0028	0.1383	0.0955	0.0428	0.0745	0.0709	0.0036	0.0638	0.0246	0.0392	0.0000	0.0000	0.0000	0.0000	0.0000	0.0000	0.0000	0.0000	0.0000	0.0002	0.0003	0.0001	0.0004	0.0004	0.0011	0.0000	0.0000	0.0000	
60	130	0.4429	7	1	0	1	0	0	0	0	0	N	N	N	N	N	N	N	N	N	N	N	N	0.0000	0.0000	0.0000	0.0000	0.0000	0.0000	0.0000	0.0000	0.0000	0.0000	0.0000	0.0000	0.0000	0.0000	0.0000	0.0000	0.0000	0.0000	1.8151	1.7022	2.0739	2.1544	2.4063	0.0156	1.4026	0.0182	2.5576	0.0097	0.5317	-0.0000	-0.0574	1.9981	5.5514	3.0867	9.9598	0.0000	0.0000	0.0000	0.0000	0.0000	0.0000	0.0000	0.0000	0.0000	0.5160	0.3369	0.1791	0.3361	0.3358	0.0003	0.1799	0.0011	0.1789	0.1021	0.0890	0.0131	0.0340	0.0319	0.0020	0.0681	0.0570	0.0111	0.2843	0.1979	0.0864	0.1560	0.1396	0.0164	0.1283	0.0583	0.0699	0.0000	0.0000	0.0000	0.0000	0.0000	0.0000	0.0000	0.0000	0.0000	1.8151	1.7022	2.0739	2.1544	2.4063	0.0156	1.4026	0.0182	2.5576
60	131	0.4126	6	1	0	1	0	0	0	0	0	N	N	N	N	N	N	N	N	N	N	N	N	0.0549	0.0561	0.0936	0.1147	0.1290	0.0004	0.0337	0.1169	0.1055	0.1312	0.0976	0.3581	0.3084	0.3265	0.0016	0.0694	0.0084	0.4030	2.3922	1.7410	3.8253	2.6882	2.5319	3.8537	2.0596	0.0714	3.8182	0.5445	0.9985	-0.0017	0.0292	1.9981	9.1969	3.0867	13.4651	0.0193	0.0125	0.0068	0.0117	0.0117	0.0000	0.0076	0.0008	0.0068	0.7067	0.3536	0.3531	0.4202	0.3490	0.0712	0.2865	0.0047	0.2818	0.1473	0.1283	0.0190	0.0381	0.0360	0.0021	0.1092	0.0923	0.0169	0.2954	0.2031	0.0923	0.1563	0.1378	0.0185	0.1391	0.0653	0.0738	0.0549	0.0561	0.0936	0.1147	0.1290	0.0004	0.0337	0.1169	0.1055	2.3922	1.7410	3.8253	2.6882	2.5319	3.8537	2.0596	0.0714	3.8182
60	132	0.2261	8	2	1	1	1	0	0	0	0	Y	N	N	N	N	N	N	N	N	N	N	N	0.0000	0.0000	0.0000	0.0000	0.0000	0.0000	0.0000	0.0000	0.0000	0.0000	0.0000	0.0000	0.0000	0.0000	0.0000	0.0000	0.0000	0.0000	0.0000	0.0000	1.9981	1.0000	3.0867	3.0001	0.0000	0.0000	0.0000	0.0000	0.0000	0.0000	0.0000	0.0000	0.0000	0.0000	0.0000	0.0000	0.0000	0.0000	0.0000	0.0000	0.0000	0.0000	0.0136	0.0116	0.0020	0.0015	0.0013	0.0001	0.0122	0.0103	0.0019	0.0281	0.0169	0.0112	0.0079	0.0065	0.0014	0.0202	0.0104	0.0098	0.0000	0.0000	0.0000	0.0000	0.0000	0.0000	0.0000	0.0000	0.0000	0.0000	0.0000	0.0000	0.0000	0.0000	0.0000	0.0000	0.0000	0.0000											
60	133	0.6250	12	2	1	1	1	0	0	0	0	Y	N	N	N	N	N	N	N	N	N	N	N	inf	inf	inf	inf	23.6064	0.0000	193.2714	33.5180	0.0000	290.8335	0.0000	0.0000	0.0000	0.0000	0.0000	0.0000	0.0000	0.0000	0.0000	0.0000	0.0000	0.0000	inf	0.0003	0.0000	1.9981	0.0006	3.0867	1.9797	0.0005	0.0000	0.0005	0.0005	0.0000	0.0005	0.0000	0.0000	0.0000	0.0000	0.0000	0.0000	0.0000	0.0000	0.0000	0.0000	0.0000	0.0000	0.0000	0.0000	0.0000	0.0000	0.0000	0.0000	0.0000	0.0000	0.0000	0.0121	0.0083	0.0038	0.0067	0.0055	0.0012	0.0054	0.0029	0.0026	inf	0.0000	inf	inf	0.0000	inf	0.0000	0.0000	0.0000	0.0000	0.0000	0.0000	0.0000	0.0000	0.0000	0.0000	0.0000	0.0000						
60	134	0.6082	11	2	1	1	1	0	0	0	0	Y	N	N	N	N	N	N	N	N	N	N	N	25974.0107	20320.1352	49935.4216	43221.5899	0.0196	0.0226	0.0000	0.0693	0.0749	0.0000	0.0000	0.0000	0.0000	0.0000	0.0000	0.0000	0.0000	0.0000	0.0000	0.0000	0.0000	0.0000	0.0000	0.0000	-0.0002	-0.0000	1.9981	2.0077	3.0867	6.0321	0.0005	0.0005	0.0000	0.0005	0.0005	0.0000	0.0000	0.0000	0.0000	0.0000	0.0000	0.0000	0.0000	0.0000	0.0000	0.0000	0.0000	0.0000	0.0266	0.0230	0.0036	0.0075	0.0069	0.0006	0.0191	0.0160	0.0030	0.0444	0.0300	0.0144	0.0241	0.0193	0.0048	0.0203	0.0107	0.0095	25974.0107	20320.1352	0.0000	49935.4216	43221.5899	0.0000	0.0000	0.0000	0.0000	0.0000	0.0000	0.0000	0.0000	0.0000	0.0000	0.0000	0.0000	0.0000					
60	135	0.6035	11	1	1	1	1	0	0	0	0	N	N	N	N	N	N	N	N	N	N	N	N	1.9856	0.0000	4.6853	0.0830	0.0000	0.2272	4.1223	0.0000	11.9936	0.0845	0.0000	0.6005	0.0045	0.0000	0.0641	0.1138	0.0000	0.6842	0.0426	0.0028	0.1282	0.0547	0.0042	0.2819	0.0276	0.0000	0.0570	inf	21.4657	0.0019	0.0018	1.9981	3.0348	3.0867	9.3583	0.0035	0.0000	0.0035	0.0000	0.0000	0.0000	0.0034	0.0000	0.0034	0.0037	0.0002	0.0035	0.0026	0.0002	0.0024	0.0011	0.0000	0.0011	0.0410	0.0353	0.0058	0.0110	0.0102	0.0008	0.0300	0.0250	0.0050	0.0860	0.0587	0.0273	0.0474	0.0388	0.0086	0.0386	0.0199	0.0187	1.9856	0.0000	4.6853	0.0830	0.0000	0.2272	4.1223	0.0000	11.9936	0.0426	0.0028	0.1282	0.0547	0.0042	0.2819	0.0276	0.0000	0.0570
60	136	0.5892	10	1	0	1	1	0	0	0	0	N	N	N	N	N	N	N	N	N	N	N	N	2.2098	1.7368	0.0000	3.9463	3.3765	0.0000	0.0000	0.0000	0.0000	5.1118	6.0168	0.0000	17.0963	18.1397	0.0000	0.0000	0.0000	0.0000	2.3133	3.4643	0.0262	4.3322	5.3724	0.0000	0.0187	0.0000	0.0378	0.0000	0.0038	-0.0015	-0.0424	1.9981	0.0433	3.0867	6.6805	0.0035	0.0035	0.0000	0.0035	0.0035	0.0000	0.0000	0.0000	0.0000	0.0934	0.0930	0.0004	0.0930	0.0930	0.0000	0.0004	0.0000	0.0004	0.0007	0.0006	0.0001	0.0002	0.0002	0.0000	0.0005	0.0004	0.0001	0.0404	0.0269	0.0135	0.0215	0.0173	0.0042	0.0189	0.0095	0.0094	2.2098	1.7368	0.0000	3.9463	3.3765	0.0000	0.0000	0.0000	0.0000	2.3133	3.4643	0.0262	4.3322	5.3724	0.0000	0.0187	0.0000	0.0378
60	137	0.2557	10	1	1	1	1	0	0	0	0	N	N	N	N	N	N	N	N	N	N	N	N	0.0000	0.0000	0.0000	0.0000	0.0000	0.0000	0.0000	0.0000	0.0000	0.0000	0.0000	0.0000	0.0000	0.0000	0.0000	0.0000	0.0000	0.0000	0.0000	0.0000	1.9981	0.0000	3.0867	0.0000	0.0000	0.0000	0.0000	0.0000	0.0000	0.0000	0.0000	0.0000	0.0000	0.0000	0.0000	0.0000	0.0000	0.0000	0.0000	0.0000	0.0000	0.0000	0.0000	0.0000	0.0000	0.0000	0.0000	0.0000	0.0000	0.0000	0.0000	0.0000	0.0000	0.0000	0.0000	0.0000	0.0000	0.0000	0.0000	0.0000	0.0000	0.0000	0.0000	0.0000	0.0000	0.0000	0.0000	0.0000	0.0000	0.0000	0.0000	0.0000	0.0000	0.0000	0.0000	0.0000	0.0000	0.0000											
60	138	0.2506	9	1	1	1	1	0	0	0	0	N	N	N	N	N	N	N	N	N	N	N	N	0.0000	0.0000	0.0000	0.0000	0.0000	0.0000	0.0000	0.0000	0.0000	0.0000	0.0000	0.0000	0.0000	0.0000	0.0000	0.0000	0.0000	0.0000	0.0000	0.0000	0.0000	0.0000	inf	0.0000	0.0000	1.9981	0.0021	3.0867	2.0000	0.0000	0.0000	0.0000	0.0000	0.0000	0.0000	0.0000	0.0000	0.0000	0.0000	0.0000	0.0000	0.0000	0.0000	0.0000	0.0000	0.0000	0.0000	0.0001	0.0001	0.0000	0.0000	0.0000	0.0000	0.0000	0.0000	0.0000	0.0140	0.0083	0.0056	0.0039	0.0033	0.0006	0.0100	0.0050	0.0050	0.0000	0.0000	0.0000	0.0000	0.0000	0.0000	0.0000	0.0000	0.0000	0.0000	0.0000	0.0000	0.0000	0.0000	0.0000	0.0000	0.0000	0.0000						
60	139	0.2404	8	1	0	1	1	0	0	0	0	N	N	N	N	N	N	N	N	N	N	N	N	0.0000	0.0000	0.0000	0.0000	0.0000	0.0000	0.0000	0.0000	0.0000	0.0000	0.0000	0.0000	0.0000	0.0131	0.0000	0.0333	0.0000	0.0000	0.0000	0.0188	0.0000	0.0384	inf	0.0000	0.0002	1.9981	1.0020	3.0867	3.0181	0.0000	0.0000	0.0000	0.0000	0.0000	0.0000	0.0000	0.0000	0.0000	0.0004	0.0000	0.0004	0.0000	0.0000	0.0000	0.0004	0.0000	0.0004	0.0137	0.0116	0.0020	0.0015	0.0014	0.0001	0.0122	0.0103	0.0019	0.0282	0.0171	0.0111	0.0085	0.0071	0.0014	0.0197	0.0101	0.0096	0.0000	0.0000	0.0000	0.0000	0.0000	0.0000	0.0000	0.0000	0.0000	0.0131	0.0000	0.0333	0.0000	0.0000	0.0000	0.0188	0.0000	0.0384						
60	140	0.2261	8	1	1	1	0	0	0	0	0	N	N	N	N	N	N	N	N	N	N	N	N	0.0000	0.0000	0.0000	0.0000	0.0000	0.0000	0.0000	0.0000	0.0000	0.0000	0.0000	0.0000	0.0000	0.0000	0.0000	0.0000	0.0000	0.0000	0.0000	0.0000	1.9981	0.0000	3.0867	4.0001	0.0000	0.0000	0.0000	0.0000	0.0000	0.0000	0.0000	0.0000	0.0000	0.0000	0.0000	0.0000	0.0000	0.0000	0.0000	0.0000	0.0000	0.0000	0.0000	0.0000	0.0000	0.0000	0.0000	0.0000	0.0000	0.0000	0.0000	0.0281	0.0169	0.0112	0.0079	0.0065	0.0014	0.0202	0.0104	0.0098	0.0000	0.0000	0.0000	0.0000	0.0000	0.0000	0.0000	0.0000	0.0000	0.0000	0.0000	0.0000	0.0000	0.0000	0.0000	0.0000	0.0000	0.0000											
60	141	0.6037	10	1	1	1	0	0	0	0	0	N	N	N	N	N	N	N	N	N	N	N	N	0.0000	0.0000	0.0000	0.0000	0.0000	0.0000	0.0000	0.0000	0.0000	0.0000	0.0000	0.0000	0.0000	0.0000	0.0000	0.0000	0.0000	0.0000	0.0000	0.0000	0.0000	0.0000	0.0000	0.0000	0.0000	0.0000	0.4045	-0.0000	-0.0000	1.9981	1.0003	3.0867	5.0186	0.0000	0.0000	0.0000	0.0000	0.0000	0.0000	0.0000	0.0000	0.0000	0.0000	0.0000	0.0000	0.0000	0.0000	0.0000	0.0000	0.0000	0.0000	0.0132	0.0115	0.0018	0.0037	0.0035	0.0003	0.0095	0.0080	0.0015	0.0338	0.0229	0.0109	0.0184	0.0147	0.0036	0.0155	0.0082	0.0073	0.0000	0.0000	0.0000	0.0000	0.0000	0.0000	0.0000	0.0000	0.0000	0.0000	0.0000	0.0000	0.0000	0.0000	0.0000	0.0000	0.0000	0.0000		
60	142	0.2404	8	1	0	2	1	0	0	0	0	N	N	Y	N	N	N	N	N	N	N	N	N	0.0000	0.0000	0.0000	0.0000	0.0000	0.0000	0.0000	0.0000	0.0000	0.0000	0.0000	0.0000	0.0000	0.0000	0.0000	0.0000	0.0000	0.0000	0.0000	0.0000	0.0000	0.0000	0.0000	0.0000	-0.0000	1.9981	0.0001	3.0867	9.0026	0.0000	0.0000	0.0000	0.0000	0.0000	0.0000	0.0000	0.0000	0.0000	0.0000	0.0000	0.0000	0.0000	0.0000	0.0000	0.0000	0.0000	0.0000	0.0000	0.0000	0.0000	0.0000	0.0000	0.0000	0.0000	0.0000	0.0000	0.0618	0.0376	0.0243	0.0186	0.0154	0.0032	0.0433	0.0221	0.0211	0.0000	0.0000	0.0000	0.0000	0.0000	0.0000	0.0000	0.0000	0.0000	0.0000	0.0000	0.0000	0.0000	0.0000	0.0000	0.0000	0.0000	0.0000						
60	143	0.5892	10	1	0	2	1	0	0	0	0	N	N	Y	N	N	N	N	N	N	N	N	N	0.0000	0.0000	0.0000	0.0000	0.0000	0.0000	0.0000	0.0000	0.0000	0.0000	0.0000	0.0000	0.0000	0.0000	0.0000	0.0000	0.0000	0.0000	0.0093	0.0000	0.0278	0.0001	0.0000	0.0005	0.0197	0.0000	0.0404	3414.2956	0.0000	0.0003	1.9981	2.0061	3.0867	8.0425	0.0000	0.0000	0.0000	0.0000	0.0000	0.0000	0.0000	0.0000	0.0000	0.0005	0.0000	0.0005	0.0000	0.0000	0.0000	0.0005	0.0000	0.0005	0.0263	0.0226	0.0037	0.0068	0.0063	0.0005	0.0195	0.0163	0.0031	0.0582	0.0388	0.0194	0.0309	0.0248	0.0061	0.0273	0.0140	0.0133	0.0000	0.0000	0.0000	0.0000	0.0000	0.0000	0.0000	0.0000	0.0000	0.0093	0.0000	0.0278	0.0001	0.0000	0.0005	0.0197	0.0000	0.0404	
60	144	0.5801	9	1	0	1	1	0	0	0	0	N	N	N	N	N	N	N	N	N	N	N	N	0.0000	0.0000	0.0000	0.0000	0.0000	0.0000	0.0000	0.0000	0.0000	0.0000	0.0000	0.0000	0.0000	0.0000	0.0000	0.0000	0.0000	0.0000	0.0149	0.0205	0.0002	0.0287	0.0330	0.0004	0.0001	0.0000	0.0001	0.0040	0.0000	-0.0002	1.9981	1.9550	3.0867	2.1189	0.0000	0.0000	0.0000	0.0000	0.0000	0.0000	0.0000	0.0000	0.0000	0.0005	0.0005	0.0000	0.0005	0.0005	0.0000	0.0000	0.0000	0.0000	0.0276	0.0237	0.0039	0.0087	0.0079	0.0008	0.0189	0.0158	0.0031	0.0364	0.0263	0.0101	0.0188	0.0164	0.0025	0.0176	0.0100	0.0076	0.0000	0.0000	0.0000	0.0000	0.0000	0.0000	0.0000	0.0000	0.0000	0.0149	0.0205	0.0002	0.0287	0.0330	0.0004	0.0001	0.0000	0.0001	
60	145	0.5801	9	1	0	2	1	0	0	0	0	N	N	Y	N	N	N	N	N	N	N	N	N	0.0000	0.0000	0.0000	0.0000	0.0000	0.0000	0.0000	0.0000	0.0000	0.0000	0.0000	0.0000	0.0000	0.0000	0.0000	0.0000	0.0000	0.0000	0.0086	0.0126	0.0000	0.0166	0.0203	0.0000	0.0000	0.0000	0.0000	0.0009	0.0000	-0.0005	1.9981	2.1261	3.0867	18.6477	0.0000	0.0000	0.0000	0.0000	0.0000	0.0000	0.0000	0.0000	0.0000	0.0010	0.0010	0.0000	0.0010	0.0010	0.0000	0.0000	0.0000	0.0000	0.0298	0.0256	0.0042	0.0093	0.0084	0.0009	0.0205	0.0172	0.0033	0.1221	0.0835	0.0386	0.0631	0.0517	0.0113	0.0591	0.0318	0.0273	0.0000	0.0000	0.0000	0.0000	0.0000	0.0000	0.0000	0.0000	0.0000	0.0086	0.0126	0.0000	0.0166	0.0203	0.0000	0.0000	0.0000	0.0000	
60	146	0.2404	8	1	0	2	1	0	0	0	0	N	N	Y	N	N	N	N	N	N	N	N	N	0.0000	0.0000	0.0000	0.0000	0.0000	0.0000	0.0000	0.0000	0.0000	0.0000	0.0000	0.0000	0.0000	0.0000	0.0000	0.0000	0.0000	0.0000	0.0000	0.0000	0.0000	0.0000	0.0000	0.0000	-0.0000	1.9981	2.0001	3.0867	5.9880	0.0000	0.0000	0.0000	0.0000	0.0000	0.0000	0.0000	0.0000	0.0000	0.0000	0.0000	0.0000	0.0000	0.0000	0.0000	0.0000	0.0000	0.0000	0.0271	0.0231	0.0040	0.0030	0.0028	0.0002	0.0241	0.0204	0.0038	0.0551	0.0335	0.0216	0.0166	0.0137	0.0028	0.0385	0.0197	0.0188	0.0000	0.0000	0.0000	0.0000	0.0000	0.0000	0.0000	0.0000	0.0000	0.0000	0.0000	0.0000	0.0000	0.0000	0.0000	0.0000	0.0000	0.0000						
60	147	0.2404	8	1	0	2	1	0	0	0	0	N	N	Y	N	N	N	N	N	N	N	N	N	0.0000	0.0000	0.0000	0.0000	0.0000	0.0000	0.0000	0.0000	0.0000	0.0000	0.0000	0.0000	0.0000	0.0000	0.0000	0.0000	0.0000	0.0000	0.0000	0.0000	0.0000	0.0000	0.0000	0.0000	-0.0000	1.9981	9.0001	3.0867	23.0169	0.0000	0.0000	0.0000	0.0000	0.0000	0.0000	0.0000	0.0000	0.0000	0.0000	0.0000	0.0000	0.0000	0.0000	0.0000	0.0000	0.0000	0.0000	0.1182	0.1010	0.0172	0.0129	0.0120	0.0010	0.1052	0.0890	0.0162	0.2003	0.1221	0.0782	0.0590	0.0490	0.0099	0.1414	0.0731	0.0683	0.0000	0.0000	0.0000	0.0000	0.0000	0.0000	0.0000	0.0000	0.0000	0.0000	0.0000	0.0000	0.0000	0.0000	0.0000	0.0000	0.0000	0.0000						
60	148	0.2151	7	1	0	1	1	0	0	0	0	N	N	N	N	N	N	N	N	N	N	N	N	0.1482	1.6568	0.0000	3.6230	5.7895	0.0000	0.0000	0.0000	0.0000	0.0000	0.0000	0.0000	0.0002	0.0002	0.0000	0.0000	0.0000	0.0000	0.0002	0.0000	0.0004	0.0001	0.0000	0.0002	0.0002	0.0000	0.0004	0.0000	14.6788	-0.0000	0.0000	1.9981	1.9990	3.0867	7.9526	0.0000	0.0000	0.0000	0.0000	0.0000	0.0000	0.0000	0.0000	0.0000	0.0000	0.0000	0.0000	0.0000	0.0000	0.0000	0.0000	0.0000	0.0000	0.0273	0.0232	0.0040	0.0030	0.0028	0.0002	0.0243	0.0205	0.0038	0.0736	0.0447	0.0288	0.0216	0.0182	0.0035	0.0519	0.0266	0.0254	0.1482	1.6568	0.0000	3.6230	5.7895	0.0000	0.0000	0.0000	0.0000	0.0002	0.0000	0.0004	0.0001	0.0000	0.0002	0.0002	0.0000	0.0004
60	149	0.1832	6	2	1	1	0	0	0	0	0	Y	N	N	N	N	N	N	N	N	N	N	N	0.0468	0.0627	0.0131	0.7461	1.0407	0.0000	0.0023	0.0000	0.0133	0.0002	0.0003	0.0001	0.0016	0.0017	0.0000	0.0000	0.0000	0.0001	0.0053	0.0044	0.0069	0.0021	0.0016	0.0058	0.0067	0.0064	0.0070	0.0565	0.9116	-0.0000	0.0000	1.9981	5.3497	3.0867	17.2225	0.0000	0.0000	0.0000	0.0000	0.0000	0.0000	0.0000	0.0000	0.0000	0.0009	0.0005	0.0005	0.0001	0.0001	0.0000	0.0008	0.0004	0.0004	0.0853	0.0727	0.0126	0.0125	0.0120	0.0004	0.0728	0.0606	0.0122	0.1791	0.1132	0.0659	0.0546	0.0475	0.0071	0.1246	0.0657	0.0588	0.0468	0.0627	0.0131	0.7461	1.0407	0.0000	0.0023	0.0000	0.0133	0.0053	0.0044	0.0069	0.0021	0.0016	0.0058	0.0067	0.0064	0.0070
60	150	0.2140	7	1	1	1	0	0	0	0	0	N	N	N	N	N	N	N	N	N	N	N	N	7.0328	0.0000	16.0458	0.2425	0.0000	0.4284	9.2915	23.7467	15.7547	0.0000	112.2149	0.5178	0.0000	16.7752	21.3133	0.0000	118.1733	2.2402	0.0022	6.9934	2.1355	0.0048	39.1553	2.2939	0.0000	4.9764	inf	1531.1731	0.7161	0.2330	1.9981	3.6794	3.0867	17.4287	1.2814	0.0000	1.2814	0.0113	0.0000	0.0113	1.2701	0.0000	1.2701	0.4307	0.0003	0.4304	0.1392	0.0003	0.1389	0.2915	0.0000	0.2915	0.0813	0.0699	0.0114	0.0217	0.0211	0.0007	0.0596	0.0488	0.0107	0.1923	0.1271	0.0652	0.0652	0.0586	0.0066	0.1271	0.0685	0.0586	7.0328	0.0000	16.9983	0.2425	0.0000	0.8001	9.2915	0.0000	23.7467	2.2402	0.0022	6.6015	2.1355	0.0048	20.9669	2.2939	0.0000	4.9764	
60	151	0.1832	6	1	1	1	0	0	0	0	0	N	N	N	N	N	N	N	N	N	N	N	N	9.9938	0.3015	38.6835	0.0137	0.0172	0.0000	8.3953	0.2187	36.2985	12.0144	0.2182	80.4291	0.0013	0.0013	0.0000	14.5839	0.2728	83.1067	1.2022	0.7239	2.0792	0.0951	0.0782	0.2306	1.7371	1.2473	2.2895	63.5489	1.5666	0.3953	0.0227	1.9981	3.4464	3.0867	10.1316	0.7274	0.0113	0.7162	0.0000	0.0000	0.0000	0.7274	0.0113	0.7162	0.1493	0.0582	0.0911	0.0038	0.0028	0.0010	0.1455	0.0554	0.0901	0.0605	0.0516	0.0089	0.0107	0.0104	0.0003	0.0499	0.0413	0.0086	0.1242	0.0804	0.0438	0.0405	0.0360	0.0045	0.0837	0.0444	0.0394	9.9938	0.3015	38.6835	0.0137	0.0172	0.0000	8.3953	0.2187	36.2985	1.2022	0.7239	2.0792	0.0951	0.0782	0.2306	1.7371	1.2473	2.2895
60	152	0.6105	12	2	1	1	0	0	0	0	0	Y	N	N	N	N	N	N	N	N	N	N	N	0.0000	0.0000	0.0000	0.0000	0.0000	0.0000	0.0000	0.0000	0.0000	0.0000	0.0000	0.0000	0.0000	0.0052	0.0000	0.0162	0.0000	0.0000	0.0000	0.0114	0.0000	0.0243	inf	0.0000	0.0002	1.9981	1.0143	3.0867	12.0086	0.0000	0.0000	0.0000	0.0000	0.0000	0.0000	0.0000	0.0000	0.0000	0.0004	0.0000	0.0004	0.0000	0.0000	0.0000	0.0004	0.0000	0.0004	0.0137	0.0118	0.0019	0.0040	0.0037	0.0003	0.0097	0.0082	0.0016	0.0704	0.0476	0.0228	0.0381	0.0305	0.0076	0.0324	0.0172	0.0152	0.0000	0.0000	0.0000	0.0000	0.0000	0.0000	0.0000	0.0000	0.0000	0.0052	0.0000	0.0162	0.0000	0.0000	0.0000	0.0114	0.0000	0.0243						
60	153	0.6082	11	2	1	1	0	0	0	0	0	Y	N	N	N	N	N	N	N	N	N	N	N	0.0000	0.0000	0.0000	0.0000	0.0000	0.0000	0.0000	0.0000	0.0000	0.0000	0.0000	0.0000	0.0000	0.0000	0.0000	0.0000	0.0001	0.0000	0.0003	0.0000	0.0000	0.0000	0.0002	0.0000	0.0004	13.9356	0.0000	0.0000	1.9981	0.9811	3.0867	0.0216	0.0000	0.0000	0.0000	0.0000	0.0000	0.0000	0.0000	0.0000	0.0000	0.0000	0.0000	0.0000	0.0000	0.0000	0.0000	0.0000	0.0000	0.0000	0.0131	0.0113	0.0018	0.0037	0.0034	0.0003	0.0094	0.0079	0.0015	0.0058	0.0039	0.0019	0.0031	0.0025	0.0006	0.0026	0.0014	0.0012	0.0000	0.0000	0.0000	0.0000	0.0000	0.0000	0.0000	0.0000	0.0000	0.0001	0.0000	0.0003	0.0000	0.0000	0.0000	0.0002	0.0000	0.0004			
60	154	0.6037	10	2	1	1	0	0	0	0	0	Y	N	N	N	N	N	N	N	N	N	N	N	0.0000	0.0000	0.0000	0.0000	0.0000	0.0000	0.0000	0.0000	0.0000	0.0000	0.0000	0.0000	0.0000	0.0000	0.0000	0.0000	0.0000	0.0000	0.0000	0.0000	0.0000	0.0000	0.0000	0.0000	0.0000	0.0000	0.0000	1.9141	-0.0000	0.0000	1.9981	0.0083	3.0867	2.0001	0.0000	0.0000	0.0000	0.0000	0.0000	0.0000	0.0000	0.0000	0.0000	0.0000	0.0000	0.0000	0.0000	0.0000	0.0000	0.0000	0.0000	0.0000	0.0001	0.0001	0.0000	0.0000	0.0000	0.0000	0.0001	0.0001	0.0000	0.0118	0.0080	0.0038	0.0064	0.0052	0.0012	0.0054	0.0028	0.0025	0.0000	0.0000	0.0000	0.0000	0.0000	0.0000	0.0000	0.0000	0.0000	0.0000	0.0000	0.0000	0.0000	0.0000	0.0000	0.0000	0.0000	0.0000	
60	155	0.5801	9	1	1	1	0	0	0	0	0	N	N	N	N	N	N	N	N	N	N	N	N	1.4369	1.3935	0.0000	0.0000	0.0000	0.0000	12.3406	240.4490	0.0000	0.0002	0.0003	0.0000	0.0000	0.0000	0.0000	0.0004	0.0004	0.0000	0.0002	0.0002	0.0001	0.0003	0.0003	0.0002	0.0000	0.0000	0.0001	0.0000	0.2000	-0.0000	-0.0000	1.9981	2.9180	3.0867	7.4065	0.0000	0.0000	0.0000	0.0000	0.0000	0.0000	0.0000	0.0000	0.0000	0.0000	0.0000	0.0000	0.0000	0.0000	0.0000	0.0000	0.0000	0.0000	0.0400	0.0344	0.0056	0.0121	0.0110	0.0011	0.0279	0.0234	0.0045	0.0698	0.0486	0.0212	0.0362	0.0302	0.0060	0.0336	0.0184	0.0153	1.4369	1.3935	0.0000	0.0000	0.0000	0.0000	12.3406	240.4490	0.0000	0.0002	0.0002	0.0001	0.0003	0.0003	0.0002	0.0000	0.0000	0.0001
60	156	0.5142	8	1	0	1	0	0	0	0	0	N	N	N	N	N	N	N	N	N	N	N	N	4.5466	0.0024	10.7360	83.3698	0.0058	140.5559	1.4816	0.0000	4.5189	0.3510	0.0000	2.7071	0.5244	0.0000	5.4489	0.2307	0.0000	1.5093	0.0772	0.0000	0.2522	0.0063	0.0000	0.0388	0.1557	0.0000	0.3340	4591827.0661	3024.0068	0.0336	0.0084	1.9981	8.2479	3.0867	19.7214	0.0602	0.0000	0.0602	0.0368	0.0000	0.0368	0.0233	0.0000	0.0233	0.0155	0.0000	0.0155	0.0007	0.0000	0.0007	0.0148	0.0000	0.0148	0.1714	0.1492	0.0222	0.0702	0.0634	0.0068	0.1012	0.0857	0.0155	0.2008	0.1394	0.0615	0.1055	0.0885	0.0170	0.0953	0.0509	0.0444	4.5466	0.0024	10.7360	83.3698	0.0058	140.5559	1.4816	0.0000	4.5189	0.0772	0.0000	0.2522	0.0063	0.0000	0.0388	0.1557	0.0000	0.3340
60	157	0.4781	7	1	0	1	0	0	0	0	0	N	N	N	N	N	N	N	N	N	N	N	N	4.8434	5.1592	8.9615	11.8627	10.1918	28.2761	2.2073	157.1235	6.3304	1.0407	0.5632	4.1222	2.0938	1.6925	6.4434	0.5787	0.0259	3.5708	0.2149	0.1092	0.4600	0.1765	0.1661	0.2279	0.2622	0.0002	0.5641	1.1342	1.8171	0.0112	0.0080	1.9981	7.4725	3.0867	14.3153	0.1244	0.0583	0.0661	0.0763	0.0565	0.0198	0.0481	0.0018	0.0463	0.0428	0.0152	0.0276	0.0194	0.0152	0.0042	0.0234	0.0000	0.0234	0.1195	0.1035	0.0160	0.0364	0.0334	0.0031	0.0831	0.0701	0.0130	0.1991	0.1391	0.0600	0.1099	0.0914	0.0186	0.0891	0.0477	0.0414	4.8434	5.1592	8.9615	11.8627	10.1918	28.2761	2.2073	157.1235	6.3304	0.2149	0.1092	0.4600	0.1765	0.1661	0.2279	0.2622	0.0002	0.5641
60	158	0.4126	6	1	0	1	0	0	0	0	0	N	N	N	N	N	N	N	N	N	N	N	N	3.6302	1.5613	8.9609	0.0496	0.1432	0.0527	2.8838	48.9575	9.5361	5.3390	0.1414	39.8711	0.0291	0.0192	0.1890	7.0456	0.1851	44.7090	1.4707	0.0905	4.4495	0.5872	0.1340	3.5879	2.4431	0.0038	4.6884	42.4557	22.7712	0.5042	0.2444	1.9981	11.6653	3.0867	19.4910	0.9409	0.0217	0.9193	0.0012	0.0008	0.0005	0.9397	0.0209	0.9188	0.4892	0.0206	0.4686	0.1023	0.0203	0.0820	0.3868	0.0003	0.3865	0.1762	0.1532	0.0231	0.0429	0.0404	0.0025	0.1334	0.1128	0.0206	0.3326	0.2273	0.1053	0.1743	0.1514	0.0229	0.1583	0.0759	0.0824	3.6302	1.5613	8.9609	0.0496	0.1432	0.0527	2.8838	48.9575	9.5361	1.4707	0.0905	4.4495	0.5872	0.1340	3.5879	2.4431	0.0038	4.6884
60	159	0.3653	5	1	0	1	0	0	0	0	0	N	N	N	N	N	N	N	N	N	N	N	N	0.0223	0.0214	0.0291	0.0083	0.0328	0.0001	0.0250	0.0198	0.0667	0.0967	0.0135	0.6735	0.0237	0.0253	0.0031	0.1360	0.0066	0.8382	4.3413	0.6312	23.1293	2.8603	0.7698	28.3380	5.4335	0.3312	12.5654	7.1939	8.3753	0.0060	0.6336	1.9981	7.3933	3.0867	20.5306	0.0137	0.0017	0.0120	0.0012	0.0012	0.0000	0.0125	0.0005	0.0120	1.4566	0.1554	1.3012	0.5511	0.1296	0.4215	0.9055	0.0258	0.8798	0.1414	0.1235	0.0178	0.0494	0.0459	0.0035	0.0920	0.0777	0.0143	0.3593	0.2462	0.1132	0.1927	0.1683	0.0243	0.1667	0.0778	0.0888	0.0239	0.0214	0.0586	0.0083	0.0328	0.0002	0.0250	0.0198	0.0846	4.0538	0.6312	11.4995	2.8603	0.7698	17.3361	5.4335	0.3312	9.9023
60	160	0.1292	4	1	0	1	0	0	0	0	0	N	N	N	N	N	N	N	N	N	N	N	N	1.7023	0.0003	11.9438	0.0000	0.0000	0.0000	1.3901	0.0002	10.9059	3.1681	0.0005	21.2352	0.0000	0.0000	0.0000	3.3053	0.0005	21.7423	1.8611	1.9159	1.7779	0.1972	0.2403	0.0036	2.3778	2.7109	1.9936	7694.9705	0.6122	0.5576	-0.0647	1.9981	27.6416	3.0867	54.6365	0.9979	0.0001	0.9978	0.0000	0.0000	0.0000	0.9979	0.0001	0.9978	0.8230	0.5105	0.3125	0.0207	0.0206	0.0001	0.8023	0.4899	0.3124	0.3150	0.2680	0.0470	0.0131	0.0120	0.0011	0.3019	0.2560	0.0459	0.4422	0.2664	0.1758	0.1048	0.0857	0.0191	0.3374	0.1807	0.1567	1.7023	0.0003	11.9438	0.0000	0.0000	0.0000	1.3901	0.0002	10.9059	1.8611	1.9159	1.7779	0.1972	0.2403	0.0036	2.3778	2.7109	1.9936
60	161	0.2337	10	2	1	1	0	0	0	0	0	Y	N	N	N	N	N	N	N	N	N	N	N	0.0000	0.0000	0.0000	0.0000	0.0000	0.0000	0.0000	0.0000	0.0000	0.0000	0.0000	0.0000	0.0000	0.0000	0.0000	0.0000	0.0000	0.0000	0.0000	0.0000	1.9981	0.0002	3.0867	3.0099	0.0000	0.0000	0.0000	0.0000	0.0000	0.0000	0.0000	0.0000	0.0000	0.0000	0.0000	0.0000	0.0000	0.0000	0.0000	0.0000	0.0000	0.0000	0.0000	0.0000	0.0000	0.0000	0.0000	0.0000	0.0000	0.0000	0.0000	0.0217	0.0132	0.0085	0.0063	0.0052	0.0010	0.0155	0.0080	0.0075	0.0000	0.0000	0.0000	0.0000	0.0000	0.0000	0.0000	0.0000	0.0000	0.0000	0.0000	0.0000	0.0000	0.0000	0.0000	0.0000	0.0000	0.0000											
60	162	0.2261	9	2	1	1	0	0	0	0	0	Y	N	N	N	N	N	N	N	N	N	N	N	0.0000	0.0000	0.0000	0.0000	0.0000	0.0000	0.0000	0.0000	0.0000	0.0000	0.0000	0.0000	0.0000	0.0000	0.0000	0.0000	0.0000	0.0000	0.0000	-0.0000	1.9981	0.9998	3.0867	2.0118	0.0000	0.0000	0.0000	0.0000	0.0000	0.0000	0.0000	0.0000	0.0000	0.0000	0.0000	0.0000	0.0000	0.0000	0.0000	0.0000	0.0000	0.0000	0.0136	0.0116	0.0020	0.0015	0.0013	0.0001	0.0122	0.0103	0.0019	0.0213	0.0128	0.0085	0.0060	0.0049	0.0010	0.0153	0.0079	0.0074	0.0000	0.0000	0.0000	0.0000	0.0000	0.0000	0.0000	0.0000	0.0000	0.0000	0.0000	0.0000	0.0000	0.0000	0.0000	0.0000	0.0000	0.0000											
60	163	0.2261	8	2	1	1	0	0	0	0	0	Y	N	N	N	N	N	N	N	N	N	N	N	0.0000	0.0000	0.0000	0.0000	0.0000	0.0000	0.0000	0.0000	0.0000	0.0000	0.0000	0.0000	0.0000	0.0000	0.0000	0.0000	0.0000	0.0000	0.0000	0.0000	1.9981	0.0000	3.0867	0.0003	0.0000	0.0000	0.0000	0.0000	0.0000	0.0000	0.0000	0.0000	0.0000	0.0000	0.0000	0.0000	0.0000	0.0000	0.0000	0.0000	0.0000	0.0000	0.0000	0.0000	0.0000	0.0000	0.0000	0.0000	0.0000	0.0000	0.0000	0.0000	0.0000	0.0000	0.0000	0.0000	0.0000	0.0000	0.0000	0.0000	0.0000	0.0000	0.0000	0.0000	0.0000	0.0000	0.0000	0.0000	0.0000	0.0000	0.0000	0.0000	0.0000	0.0000	0.0000	0.0000	0.0000	0.0000											
60	164	0.2151	7	1	1	1	0	0	0	0	0	N	N	N	N	N	N	N	N	N	N	N	N	8.0009	91.2516	0.0000	61.1495	92.5337	0.0000	0.0000	0.0000	0.0000	0.0025	0.0030	0.0000	0.0067	0.0068	0.0000	0.0000	0.0000	0.0000	0.0003	0.0000	0.0008	0.0001	0.0001	0.0003	0.0004	0.0000	0.0008	0.0000	14.3229	-0.0000	0.0000	1.9981	0.0063	3.0867	4.3641	0.0000	0.0000	0.0000	0.0000	0.0000	0.0000	0.0000	0.0000	0.0000	0.0000	0.0000	0.0000	0.0000	0.0000	0.0000	0.0000	0.0000	0.0000	0.0003	0.0002	0.0000	0.0001	0.0001	0.0000	0.0002	0.0001	0.0000	0.0361	0.0222	0.0139	0.0115	0.0098	0.0017	0.0247	0.0125	0.0122	8.0009	91.2516	0.0000	61.1495	92.5337	0.0000	0.0000	0.0000	0.0000	0.0003	0.0000	0.0008	0.0001	0.0001	0.0003	0.0004	0.0000	0.0008
60	165	0.1832	6	1	0	1	0	0	0	0	0	N	N	N	N	N	N	N	N	N	N	N	N	0.9955	5.1047	0.0000	9.7787	10.9006	0.0000	0.0000	0.0000	0.0000	0.0082	0.0096	0.0000	0.0407	0.0416	0.0000	0.0000	0.0000	0.0000	0.0083	0.0019	0.0201	0.0042	0.0038	0.0070	0.0103	0.0003	0.0216	0.0000	5.7360	-0.0002	0.0004	1.9981	2.5207	3.0867	10.0226	0.0004	0.0004	0.0000	0.0004	0.0004	0.0000	0.0000	0.0000	0.0000	0.0010	0.0001	0.0008	0.0002	0.0001	0.0000	0.0008	0.0000	0.0008	0.0484	0.0413	0.0071	0.0098	0.0096	0.0002	0.0386	0.0317	0.0069	0.1176	0.0764	0.0412	0.0388	0.0346	0.0042	0.0789	0.0418	0.0370	0.9955	5.1047	0.0000	9.7787	10.9006	0.0000	0.0000	0.0000	0.0000	0.0083	0.0019	0.0201	0.0042	0.0038	0.0070	0.0103	0.0003	0.0216
60	166	0.1676	5	1	0	1	0	0	0	0	0	N	N	N	N	N	N	N	N	N	N	N	N	0.0004	0.0000	0.4702	0.0000	0.0000	0.0000	0.0069	0.0000	0.5833	0.0004	0.0000	0.0026	0.0001	0.0001	0.0000	0.0005	0.0000	0.0029	0.8601	1.3260	0.0056	2.0931	2.2666	0.0126	0.0690	0.1412	0.0049	18.0218	0.0023	0.0000	-0.0412	1.9981	2.6894	3.0867	4.6619	0.0000	0.0000	0.0000	0.0000	0.0000	0.0000	0.0000	0.0000	0.0000	0.0904	0.0902	0.0002	0.0860	0.0859	0.0000	0.0044	0.0042	0.0002	0.0579	0.0501	0.0078	0.0153	0.0146	0.0007	0.0426	0.0355	0.0071	0.1051	0.0680	0.0371	0.0411	0.0379	0.0032	0.0640	0.0301	0.0339	0.0004	0.0000	0.4702	0.0000	0.0000	0.0000	0.0069	0.0000	0.5833	0.8601	1.3260	0.0056	2.0931	2.2666	0.0126	0.0690	0.1412	0.0049
60	167	0.1292	4	1	0	1	0	0	0	0	0	N	N	N	N	N	N	N	N	N	N	N	N	0.0005	0.0001	0.2188	0.0010	0.0009	0.0000	0.0009	0.0000	0.2105	0.0000	0.0000	0.0002	0.0002	0.0002	0.0000	0.0000	0.0000	0.0003	0.0977	0.1598	0.0011	0.2252	0.2708	0.0006	0.0452	0.0863	0.0012	3.9667	0.0045	0.0000	-0.0041	1.9981	2.7966	3.0867	8.5340	0.0000	0.0000	0.0000	0.0000	0.0000	0.0000	0.0000	0.0000	0.0000	0.0090	0.0090	0.0000	0.0061	0.0061	0.0000	0.0030	0.0029	0.0000	0.0357	0.0302	0.0055	0.0015	0.0014	0.0001	0.0342	0.0288	0.0054	0.0925	0.0563	0.0361	0.0270	0.0224	0.0046	0.0655	0.0339	0.0316	0.0005	0.0001	0.2188	0.0010	0.0009	0.0000	0.0009	0.0000	0.2105	0.0977	0.1598	0.0011	0.2252	0.2708	0.0006	0.0452	0.0863	0.0012
61	62	0.0627	2	2	0	2	0	0	0	0	0	Y	N	Y	N	N	N	N	N	N	N	N	N	0.0000	0.0000	0.0000	0.0000	0.0000	0.0000	0.0000	0.0000	0.0000	0.0000	0.0000	0.0002	0.0000	0.0000	0.0000	0.0000	0.0000	0.0002	4.8235	0.3477	15.7356	1.7713	1.8346	0.1787	4.6318	0.0000	11.8702	inf	20.7322	0.0000	1.0467	4.0039	0.0060	14.0733	17.2393	0.0000	0.0000	0.0000	0.0000	0.0000	0.0000	0.0000	0.0000	0.0000	2.1120	0.0972	2.0148	0.0975	0.0972	0.0004	2.0144	0.0000	2.0144	0.0007	0.0006	0.0001	0.0003	0.0003	0.0000	0.0004	0.0003	0.0001	0.4900	0.2795	0.2105	0.0551	0.0530	0.0021	0.4349	0.2265	0.2084	0.0000	0.0000	0.0000	0.0000	0.0000	0.0000	0.0000	0.0000	0.0000	4.3103	0.3477	9.5725	1.7713	1.8346	0.1787	4.6318	0.0000	9.6674
61	63	0.1540	4	1	0	2	0	0	0	0	0	N	N	Y	N	N	N	N	N	N	N	N	N	0.0021	0.0000	0.0052	0.0000	0.0000	0.0000	0.0030	0.0000	0.0084	0.0033	0.0000	0.0261	0.0000	0.0000	0.0000	0.0045	0.0000	0.0279	1.6165	0.0356	5.0536	1.7286	0.0601	9.7115	1.5085	0.0001	3.3378	5509.7717	65.2056	0.0001	0.6645	4.0039	1.0230	14.0733	12.1924	0.0001	0.0000	0.0001	0.0000	0.0000	0.0000	0.0001	0.0000	0.0001	1.2621	0.0191	1.2430	0.6621	0.0190	0.6430	0.6000	0.0000	0.6000	0.0418	0.0365	0.0054	0.0107	0.0103	0.0003	0.0312	0.0262	0.0050	0.7808	0.5348	0.2460	0.3830	0.3168	0.0662	0.3977	0.2180	0.1797	0.0021	0.0000	0.0052	0.0000	0.0000	0.0000	0.0030	0.0000	0.0084	1.6165	0.0356	5.0536	1.7286	0.0601	9.7115	1.5085	0.0001	3.3378
61	64	0.1173	3	1	0	1	0	0	0	0	0	N	N	N	N	N	N	N	N	N	N	N	N	0.0160	0.0006	0.1400	0.0089	0.0084	0.0000	0.0184	0.0000	0.1274	0.0596	0.0026	0.3720	0.0475	0.0512	0.0000	0.0602	0.0000	0.3803	3.7340	4.3939	2.6571	5.3127	6.1124	0.3444	3.2788	3.5345	2.9850	25.7991	0.3706	0.0019	-0.3282	4.0039	2.4556	14.0733	12.4191	0.0037	0.0001	0.0036	0.0001	0.0001	0.0000	0.0036	0.0000	0.0036	1.7457	1.2737	0.4720	0.6495	0.6419	0.0076	1.0961	0.6317	0.4644	0.0627	0.0530	0.0097	0.0029	0.0027	0.0002	0.0598	0.0503	0.0095	0.4675	0.2899	0.1776	0.1332	0.1111	0.0221	0.3343	0.1787	0.1556	0.0160	0.0006	0.1400	0.0097	0.0089	0.0000	0.0184	0.0000	0.1274	3.7340	4.3939	2.6571	4.8765	5.7758	0.3444	3.2788	3.5345	2.9850
61	65	0.2396	5	1	1	1	0	0	0	0	0	N	N	N	N	N	N	N	N	N	N	N	N	0.3125	0.0108	21.2867	0.0191	0.0183	0.0000	13.0815	0.0000	37.3816	0.0213	0.0010	0.1479	0.0030	0.0033	0.0000	0.0291	0.0000	0.1815	0.0682	0.0965	0.0069	0.1569	0.1787	0.0164	0.0022	0.0001	0.0049	22.7951	0.0333	0.0006	-0.0116	4.0039	1.7555	14.0733	11.9300	0.0012	0.0001	0.0011	0.0001	0.0001	0.0000	0.0011	0.0000	0.0011	0.0271	0.0263	0.0009	0.0266	0.0263	0.0004	0.0005	0.0000	0.0005	0.0559	0.0481	0.0077	0.0167	0.0153	0.0014	0.0392	0.0329	0.0063	0.3981	0.2720	0.1261	0.1697	0.1469	0.0228	0.2284	0.1251	0.1033	0.3125	0.0108	21.2867	0.0191	0.0183	0.0000	13.0815	0.0000	37.3816	0.0682	0.0965	0.0069	0.1569	0.1787	0.0164	0.0022	0.0001	0.0049
61	66	0.1149	5	2	1	2	0	0	0	0	0	Y	N	Y	N	N	N	N	N	N	N	N	N	0.0000	0.0000	0.0000	0.0000	0.0000	0.0000	0.0000	0.0000	0.0000	0.0000	0.0000	0.0000	0.0000	0.0000	0.0000	0.0000	0.0000	0.0000	0.0000	0.0000	4.0039	0.0000	14.0733	0.0000	0.0000	0.0000	0.0000	0.0000	0.0000	0.0000	0.0000	0.0000	0.0000	0.0000	0.0000	0.0000	0.0000	0.0000	0.0000	0.0000	0.0000	0.0000	0.0000	0.0000	0.0000	0.0000	0.0000	0.0000	0.0000	0.0000	0.0000	0.0000	0.0000	0.0000	0.0000	0.0000	0.0000	0.0000	0.0000	0.0000	0.0000	0.0000	0.0000	0.0000	0.0000	0.0000	0.0000	0.0000	0.0000	0.0000	0.0000	0.0000	0.0000	0.0000	0.0000	0.0000	0.0000	0.0000											
61	67	0.7232	10	2	1	2	0	0	0	0	0	Y	N	Y	N	N	N	N	N	N	N	N	N	0.0000	0.0000	0.0000	0.0000	0.0000	0.0000	0.0000	0.0000	0.0000	0.0000	0.0000	0.0000	0.0000	0.0000	0.0000	0.0000	0.0000	0.0000	0.0000	0.0000	4.0039	1.0000	14.0733	3.0000	0.0000	0.0000	0.0000	0.0000	0.0000	0.0000	0.0000	0.0000	0.0000	0.0000	0.0000	0.0000	0.0000	0.0000	0.0000	0.0000	0.0000	0.0000	0.0224	0.0194	0.0030	0.0056	0.0052	0.0004	0.0168	0.0142	0.0026	0.0877	0.0604	0.0273	0.0580	0.0448	0.0133	0.0297	0.0156	0.0140	0.0000	0.0000	0.0000	0.0000	0.0000	0.0000	0.0000	0.0000	0.0000	0.0000	0.0000	0.0000	0.0000	0.0000	0.0000	0.0000	0.0000	0.0000											
61	68	0.1149	5	2	1	2	0	0	0	0	0	Y	N	Y	N	N	N	N	N	N	N	N	N	0.0000	0.0000	0.0000	0.0000	0.0000	0.0000	0.0000	0.0000	0.0000	0.0000	0.0000	0.0000	0.0000	0.0000	0.0000	0.0000	0.0000	0.0000	0.0000	0.0000	4.0039	1.0000	14.0733	0.0000	0.0000	0.0000	0.0000	0.0000	0.0000	0.0000	0.0000	0.0000	0.0000	0.0000	0.0000	0.0000	0.0000	0.0000	0.0000	0.0000	0.0000	0.0000	0.0277	0.0233	0.0043	0.0009	0.0008	0.0001	0.0268	0.0225	0.0043	0.0278	0.0165	0.0113	0.0060	0.0050	0.0010	0.0217	0.0114	0.0103	0.0000	0.0000	0.0000	0.0000	0.0000	0.0000	0.0000	0.0000	0.0000	0.0000	0.0000	0.0000	0.0000	0.0000	0.0000	0.0000	0.0000	0.0000											
61	69	0.0984	4	2	1	2	0	0	0	0	0	Y	N	Y	N	N	N	N	N	N	N	N	N	0.0566	0.3921	0.0000	3.1515	7.5468	0.0000	0.0000	0.0000	0.0000	0.0007	0.0008	0.0000	0.0117	0.0121	0.0000	0.0000	0.0000	0.0000	0.0119	0.0020	0.0285	0.0037	0.0016	0.0212	0.0140	0.0022	0.0289	0.0000	8.3583	-0.0000	0.0011	4.0039	1.0155	14.0733	5.9708	0.0000	0.0000	0.0000	0.0000	0.0000	0.0000	0.0000	0.0000	0.0000	0.0026	0.0003	0.0023	0.0002	0.0001	0.0001	0.0025	0.0002	0.0022	0.0298	0.0253	0.0045	0.0017	0.0016	0.0001	0.0281	0.0236	0.0045	0.2217	0.1392	0.0824	0.0472	0.0421	0.0051	0.1745	0.0972	0.0773	0.0566	0.3921	0.0000	3.1515	7.5468	0.0000	0.0000	0.0000	0.0000	0.0119	0.0020	0.0285	0.0037	0.0016	0.0212	0.0140	0.0022	0.0289
61	70	0.0937	3	2	0	2	0	0	0	0	0	Y	N	Y	N	N	N	N	N	N	N	N	N	25.1491	21.4952	13.2034	33.9493	32.8693	0.0000	2.6553	0.0000	13.0987	0.3368	0.3737	0.0581	1.0322	1.0352	0.0000	0.0100	0.0000	0.0586	0.0134	0.0174	0.0044	0.0304	0.0315	0.0029	0.0038	0.0032	0.0045	0.0206	0.1124	-0.0004	-0.0007	4.0039	0.0406	14.0733	2.3361	0.0010	0.0010	0.0000	0.0010	0.0010	0.0000	0.0000	0.0000	0.0000	0.0021	0.0019	0.0002	0.0017	0.0017	0.0000	0.0004	0.0002	0.0002	0.0029	0.0026	0.0003	0.0009	0.0009	0.0000	0.0020	0.0017	0.0003	0.1565	0.1084	0.0481	0.0566	0.0544	0.0022	0.0999	0.0540	0.0460	25.1491	21.4952	13.2034	33.9493	32.8693	0.0000	2.6553	0.0000	13.0987	0.0134	0.0174	0.0044	0.0304	0.0315	0.0029	0.0038	0.0032	0.0045
61	71	0.7232	10	2	1	2	0	0	0	0	0	Y	N	Y	N	N	N	N	N	N	N	N	N	0.0000	0.0000	0.0000	0.0000	0.0000	0.0000	0.0000	0.0000	0.0000	0.0000	0.0000	0.0000	0.0000	0.0000	0.0000	0.0000	0.0000	0.0000	0.0000	0.0000	4.0039	0.0000	14.0733	0.0000	0.0000	0.0000	0.0000	0.0000	0.0000	0.0000	0.0000	0.0000	0.0000	0.0000	0.0000	0.0000	0.0000	0.0000	0.0000	0.0000	0.0000	0.0000	0.0000	0.0000	0.0000	0.0000	0.0000	0.0000	0.0000	0.0000	0.0000	0.0000	0.0000	0.0000	0.0000	0.0000	0.0000	0.0000	0.0000	0.0000	0.0000	0.0000	0.0000	0.0000	0.0000	0.0000	0.0000	0.0000	0.0000	0.0000	0.0000	0.0000	0.0000	0.0000	0.0000	0.0000	0.0000	0.0000											
61	72	0.7051	9	2	1	2	0	0	0	0	0	Y	N	Y	N	N	N	N	N	N	N	N	N	0.0000	0.0000	0.0000	0.0000	0.0000	0.0000	0.0000	0.0000	0.0000	0.0000	0.0000	0.0000	0.0000	0.0000	0.0000	0.0000	0.0000	0.0000	0.0016	0.0009	0.0035	0.0011	0.0001	0.0043	0.0032	0.0041	0.0022	1.7396	0.0000	0.0000	4.0039	3.9057	14.0733	1.1104	0.0000	0.0000	0.0000	0.0000	0.0000	0.0000	0.0000	0.0000	0.0000	0.0003	0.0001	0.0002	0.0001	0.0000	0.0001	0.0001	0.0001	0.0000	0.0999	0.0868	0.0131	0.0279	0.0260	0.0019	0.0719	0.0608	0.0112	0.1539	0.1076	0.0463	0.1145	0.0868	0.0278	0.0393	0.0208	0.0185	0.0000	0.0000	0.0000	0.0000	0.0000	0.0000	0.0000	0.0000	0.0000	0.0016	0.0009	0.0035	0.0011	0.0001	0.0043	0.0032	0.0041	0.0022	
61	73	0.5023	7	2	1	1	0	0	0	0	0	Y	N	N	N	N	N	N	N	N	N	N	N	0.3113	1.6711	0.0253	0.6137	2.4464	0.0000	0.0297	140.1961	0.0587	0.0056	0.0062	0.0013	0.0121	0.0134	0.0000	0.0005	0.0002	0.0019	0.0179	0.0037	0.0502	0.0197	0.0055	0.0853	0.0154	0.0000	0.0325	0.0299	5.9429	-0.0007	0.0047	4.0039	6.9070	14.0733	16.5673	0.0017	0.0017	0.0000	0.0016	0.0016	0.0000	0.0001	0.0000	0.0000	0.0117	0.0017	0.0100	0.0074	0.0017	0.0057	0.0043	0.0000	0.0043	0.3098	0.2705	0.0393	0.1359	0.1227	0.0131	0.1740	0.1478	0.0262	0.6555	0.4556	0.1998	0.3750	0.3081	0.0669	0.2805	0.1475	0.1329	0.3113	1.6711	0.0253	0.6137	2.4464	0.0000	0.0297	140.1961	0.0587	0.0179	0.0037	0.0502	0.0197	0.0055	0.0853	0.0154	0.0000	0.0325
61	74	0.5662	9	1	1	1	1	0	0	0	0	N	N	N	N	N	N	N	N	N	N	N	N	0.0011	0.0000	0.0076	0.0000	0.0000	0.0000	0.0009	0.0000	0.0053	0.0001	0.0000	0.0008	0.0000	0.0000	0.0000	0.0001	0.0000	0.0009	0.1032	0.1016	0.1068	0.0623	0.0767	0.0003	0.1708	0.1678	0.1738	1035.8860	0.4582	0.0000	-0.0092	4.0039	6.4226	14.0733	19.3377	0.0000	0.0000	0.0000	0.0000	0.0000	0.0000	0.0000	0.0000	0.0000	0.0641	0.0439	0.0201	0.0241	0.0241	0.0000	0.0399	0.0198	0.0201	0.1776	0.1529	0.0247	0.0435	0.0406	0.0029	0.1341	0.1123	0.0219	0.6211	0.4325	0.1885	0.3872	0.3144	0.0728	0.2339	0.1182	0.1157	0.0011	0.0000	0.0076	0.0000	0.0000	0.0000	0.0009	0.0000	0.0053	0.1032	0.1016	0.1068	0.0623	0.0767	0.0003	0.1708	0.1678	0.1738
61	75	0.5210	8	1	0	1	1	0	0	0	0	N	N	N	N	N	N	N	N	N	N	N	N	0.0001	0.0000	0.0003	0.0002	0.0001	0.0000	0.0000	0.0000	0.0002	0.0002	0.0001	0.0009	0.0004	0.0004	0.0000	0.0002	0.0000	0.0011	3.3955	3.5955	2.9083	2.4298	2.8984	0.0059	4.7055	5.0787	4.2776	0.9996	0.3319	0.0000	-0.5740	4.0039	5.1932	14.0733	17.4397	0.0000	0.0000	0.0000	0.0000	0.0000	0.0000	0.0000	0.0000	0.0000	2.7443	2.0604	0.6839	1.1304	1.1300	0.0004	1.6139	0.9305	0.6835	0.1725	0.1514	0.0211	0.0498	0.0476	0.0023	0.1227	0.1038	0.0188	0.8082	0.5731	0.2352	0.4652	0.3899	0.0754	0.3430	0.1832	0.1598	0.0001	0.0000	0.0003	0.0002	0.0001	0.0000	0.0000	0.0000	0.0002	3.3955	3.5955	2.9083	2.4298	2.8984	0.0059	4.7055	5.0787	4.2776
61	76	0.4840	7	1	0	1	0	0	0	0	0	N	N	N	N	N	N	N	N	N	N	N	N	0.0009	0.0006	0.0039	0.0025	0.0020	0.1608	0.0004	0.0001	0.0025	0.0026	0.0019	0.0067	0.0052	0.0050	0.0091	0.0014	0.0004	0.0064	2.7377	3.1366	1.7010	2.0906	2.4862	0.0568	3.6754	4.5570	2.5738	0.5098	0.2087	-0.0000	-0.7382	4.0039	4.4918	14.0733	17.5337	0.0004	0.0003	0.0001	0.0002	0.0002	0.0000	0.0002	0.0000	0.0001	2.5837	2.1376	0.4461	1.1674	1.1622	0.0052	1.4163	0.9754	0.4409	0.1539	0.1341	0.0198	0.0465	0.0443	0.0022	0.1074	0.0897	0.0176	0.9438	0.6815	0.2623	0.5584	0.4675	0.0909	0.3854	0.2140	0.1713	0.0009	0.0006	0.0039	0.0025	0.0020	0.1608	0.0004	0.0001	0.0025	2.7377	3.1366	1.7010	2.0906	2.4862	0.0568	3.6754	4.5570	2.5738
61	77	0.2131	6	1	0	1	1	0	0	0	0	N	N	N	N	N	N	N	N	N	N	N	N	0.0000	0.0000	0.0000	0.0000	0.0000	0.0000	0.0000	0.0000	0.0000	0.0000	0.0000	0.0000	0.0000	0.0000	0.0000	0.0000	0.0000	0.0000	0.0052	0.0047	0.0062	0.0021	0.0003	0.0125	0.0074	0.0095	0.0048	0.6525	0.0000	-0.0001	4.0039	0.3745	14.0733	14.7996	0.0000	0.0000	0.0000	0.0000	0.0000	0.0000	0.0000	0.0000	0.0000	0.0023	0.0014	0.0009	0.0004	0.0001	0.0003	0.0019	0.0013	0.0006	0.0135	0.0120	0.0016	0.0031	0.0030	0.0001	0.0104	0.0090	0.0015	0.4360	0.2925	0.1436	0.1805	0.1542	0.0264	0.2555	0.1383	0.1172	0.0000	0.0000	0.0000	0.0000	0.0000	0.0000	0.0000	0.0000	0.0000	0.0052	0.0047	0.0062	0.0021	0.0003	0.0125	0.0074	0.0095	0.0048	
61	78	0.1909	5	1	0	1	1	0	0	0	0	N	N	N	N	N	N	N	N	N	N	N	N	0.0000	0.0000	0.0000	0.0000	0.0000	0.0000	0.0000	0.0000	0.0000	0.0000	0.0000	0.0000	0.0000	0.0000	0.0000	0.0000	0.0000	0.0000	0.1257	0.0035	0.3722	0.1234	0.0063	0.7344	0.1274	0.0001	0.2764	52.9177	0.0000	0.0277	4.0039	1.4595	14.0733	10.3922	0.0000	0.0000	0.0000	0.0000	0.0000	0.0000	0.0000	0.0000	0.0000	0.0529	0.0010	0.0520	0.0224	0.0010	0.0214	0.0305	0.0000	0.0305	0.0431	0.0371	0.0060	0.0062	0.0058	0.0004	0.0369	0.0313	0.0056	0.4211	0.2815	0.1396	0.1816	0.1524	0.0292	0.2396	0.1292	0.1104	0.0000	0.0000	0.0000	0.0000	0.0000	0.0000	0.0000	0.0000	0.0000	0.1257	0.0035	0.3722	0.1234	0.0063	0.7344	0.1274	0.0001	0.2764	
61	79	0.1767	4	1	0	1	1	0	0	0	0	N	N	N	N	N	N	N	N	N	N	N	N	0.0003	0.0000	0.0005	0.0000	0.0000	0.0000	0.0002	0.0000	0.0005	0.0011	0.0000	0.0070	0.0000	0.0000	0.0000	0.0012	0.0000	0.0075	3.0657	0.1991	14.0124	0.4077	0.3384	0.8049	5.2831	0.0097	16.0027	3148.4409	21.9101	0.0000	0.5038	4.0039	1.3861	14.0733	6.3168	0.0000	0.0000	0.0000	0.0000	0.0000	0.0000	0.0000	0.0000	0.0000	1.0117	0.0442	0.9675	0.0612	0.0432	0.0179	0.9505	0.0009	0.9496	0.0379	0.0322	0.0057	0.0043	0.0040	0.0003	0.0335	0.0282	0.0053	0.3300	0.2218	0.1082	0.1501	0.1278	0.0223	0.1799	0.0940	0.0859	0.0003	0.0000	0.0008	0.0000	0.0000	0.0000	0.0002	0.0000	0.0007	3.0657	0.1991	8.9387	0.4077	0.3384	0.8049	5.2831	0.0097	11.0484
61	80	0.1173	3	1	0	1	1	0	0	0	0	N	N	N	N	N	N	N	N	N	N	N	N	0.0112	0.0068	0.0192	0.0310	0.1906	0.0000	0.0088	0.0000	0.0232	0.0359	0.0005	0.2309	0.0085	0.0092	0.0000	0.0372	0.0000	0.2360	3.2063	0.0680	12.0132	0.2748	0.0483	1.4245	4.2163	0.0786	10.1958	90.2919	75.9932	0.0020	1.1257	4.0039	4.0043	14.0733	19.8631	0.0036	0.0000	0.0036	0.0000	0.0000	0.0000	0.0036	0.0000	0.0036	2.1295	0.0277	2.1018	0.0468	0.0069	0.0399	2.0827	0.0208	2.0619	0.1013	0.0858	0.0156	0.0047	0.0043	0.0003	0.0967	0.0814	0.0152	0.6642	0.4068	0.2574	0.1702	0.1422	0.0280	0.4940	0.2646	0.2293	0.0112	0.0068	0.0283	0.0310	0.1906	0.0000	0.0088	0.0000	0.0263	3.2063	0.0680	8.1672	0.2748	0.0483	1.4245	4.2163	0.0786	8.9907
61	81	0.6578	9	1	1	2	0	0	0	0	0	N	N	Y	N	N	N	N	N	N	N	N	N	0.0000	0.0000	0.0000	0.0000	0.0000	0.0000	0.0000	0.0000	0.0000	0.0000	0.0000	0.0000	0.0000	0.0000	0.0000	0.0000	0.0000	0.0000	0.0022	0.0000	0.0069	0.0022	0.0000	0.0098	0.0022	0.0000	0.0044	34628.6733	0.0000	0.0002	4.0039	2.0162	14.0733	4.5500	0.0000	0.0000	0.0000	0.0000	0.0000	0.0000	0.0000	0.0000	0.0000	0.0003	0.0000	0.0003	0.0002	0.0000	0.0002	0.0001	0.0000	0.0001	0.0624	0.0545	0.0079	0.0259	0.0242	0.0018	0.0365	0.0304	0.0061	0.1620	0.1113	0.0508	0.1064	0.0830	0.0234	0.0556	0.0283	0.0274	0.0000	0.0000	0.0000	0.0000	0.0000	0.0000	0.0000	0.0000	0.0000	0.0022	0.0000	0.0069	0.0022	0.0000	0.0098	0.0022	0.0000	0.0044	
61	82	0.0774	3	1	1	2	0	0	0	0	0	N	N	Y	N	N	N	N	N	N	N	N	N	0.0000	0.0000	0.0000	0.0000	0.0000	0.0000	0.0000	0.0000	0.0000	0.0000	0.0000	0.0000	0.0000	0.0000	0.0000	0.0000	0.0000	0.0000	0.1563	0.2616	0.0115	0.5545	0.5663	0.0202	0.0065	0.0000	0.0114	0.0320	0.0000	-0.0223	4.0039	3.0011	14.0733	3.7015	0.0000	0.0000	0.0000	0.0000	0.0000	0.0000	0.0000	0.0000	0.0000	0.0523	0.0506	0.0016	0.0507	0.0506	0.0000	0.0016	0.0000	0.0016	0.0832	0.0702	0.0131	0.0008	0.0008	0.0001	0.0824	0.0694	0.0130	0.3343	0.1936	0.1407	0.0914	0.0894	0.0020	0.2429	0.1042	0.1387	0.0000	0.0000	0.0000	0.0000	0.0000	0.0000	0.0000	0.0000	0.0000	0.1563	0.2616	0.0115	0.5545	0.5663	0.0202	0.0065	0.0000	0.0114	
61	83	0.0659	2	1	1	1	0	0	0	0	0	N	N	N	N	N	N	N	N	N	N	N	N	0.0186	0.0169	0.0000	1.2312	1.2882	0.0000	0.0000	0.0000	0.0000	0.0119	0.0142	0.0000	1.7173	1.8059	0.0000	0.0000	0.0000	0.0000	0.6430	0.8385	0.3666	1.3948	1.4019	0.3522	0.2339	0.0019	0.3667	0.0000	0.3093	-0.0003	-0.0720	4.0039	2.0032	14.0733	4.2039	0.0007	0.0007	0.0000	0.0007	0.0007	0.0000	0.0000	0.0000	0.0000	0.3243	0.2477	0.0766	0.2479	0.2475	0.0004	0.0764	0.0002	0.0762	0.0561	0.0473	0.0088	0.0004	0.0004	0.0000	0.0557	0.0469	0.0088	0.5043	0.2954	0.2090	0.1777	0.1765	0.0012	0.3266	0.1189	0.2077	0.0186	0.0169	0.0000	1.2312	1.2882	0.0000	0.0000	0.0000	0.0000	0.6430	0.8385	0.3666	1.3948	1.4019	0.3522	0.2339	0.0019	0.3667
61	84	0.0627	2	2	0	2	0	0	0	0	0	Y	N	Y	N	N	N	N	N	N	N	N	N	0.0000	0.0000	0.0000	0.0000	0.0000	0.0000	0.0000	0.0000	0.0000	0.0000	0.0000	0.0000	0.0000	0.0000	0.0000	0.0000	0.0000	0.0000	5.5015	0.1570	21.9944	0.5890	0.5951	0.3595	5.6034	0.0000	16.6653	inf	52.4223	0.0000	0.5044	4.0039	1.0052	14.0733	4.9545	0.0000	0.0000	0.0000	0.0000	0.0000	0.0000	0.0000	0.0000	0.0000	0.9645	0.0181	0.9465	0.0183	0.0181	0.0003	0.9462	0.0000	0.9462	0.0287	0.0242	0.0045	0.0007	0.0007	0.0000	0.0280	0.0235	0.0045	0.2000	0.1150	0.0850	0.0311	0.0303	0.0008	0.1689	0.0846	0.0842	0.0000	0.0000	0.0000	0.0000	0.0000	0.0000	0.0000	0.0000	0.0000	4.8227	0.1570	11.1327	0.5890	0.5951	0.3595	5.6034	0.0000	11.2347
61	86	0.2112	4	2	1	1	0	0	0	0	0	Y	N	N	N	N	N	N	N	N	N	N	N	0.0042	0.0032	0.1866	0.0120	0.0098	1.2267	0.1025	0.0000	58.7512	0.0001	0.0001	0.0000	0.0004	0.0004	0.0011	0.0000	0.0000	0.0000	0.0138	0.0195	0.0002	0.0335	0.0388	0.0009	0.0000	0.0000	0.0000	0.0965	0.0038	-0.0000	-0.0036	4.0039	5.8060	14.0733	6.1034	0.0000	0.0000	0.0000	0.0000	0.0000	0.0000	0.0000	0.0000	0.0000	0.0079	0.0078	0.0000	0.0079	0.0078	0.0000	0.0000	0.0000	0.0000	0.1881	0.1587	0.0294	0.0270	0.0262	0.0008	0.1611	0.1325	0.0286	0.5697	0.4008	0.1690	0.2348	0.2018	0.0330	0.3349	0.1990	0.1359	0.0042	0.0032	0.1866	0.0120	0.0098	1.2267	0.1025	0.0000	58.7512	0.0138	0.0195	0.0002	0.0335	0.0388	0.0009	0.0000	0.0000	0.0000
61	87	0.1173	3	2	1	1	0	0	0	0	0	Y	N	N	N	N	N	N	N	N	N	N	N	3.2140	2.3271	0.9227	17.3076	15.6322	0.0000	0.1626	0.0087	0.8501	2.5209	2.9686	0.0194	55.5564	60.0217	0.0000	0.0032	0.0001	0.0198	0.7844	1.2757	0.0210	3.2099	3.8396	0.0003	0.0197	0.0166	0.0233	0.0012	0.0106	-0.3315	-0.3049	4.0039	12.2869	14.0733	21.7146	0.7536	0.7527	0.0009	0.7527	0.7527	0.0000	0.0009	0.0000	0.0009	0.6808	0.6737	0.0071	0.6678	0.6678	0.0000	0.0130	0.0059	0.0071	0.2989	0.2536	0.0454	0.0135	0.0125	0.0010	0.2854	0.2410	0.0444	0.8680	0.5281	0.3399	0.2080	0.1739	0.0341	0.6599	0.3542	0.3058	3.2140	2.3271	0.9227	17.3076	15.6322	0.0000	0.1626	0.0087	0.8501	0.7844	1.2757	0.0210	3.2099	3.8396	0.0003	0.0197	0.0166	0.0233
61	88	0.0659	2	1	1	1	0	0	0	0	0	N	N	N	N	N	N	N	N	N	N	N	N	7.6997	0.0000	21.0694	0.2893	0.0000	3.6389	5.7859	0.0000	20.9544	18.0395	0.0000	115.0582	0.0711	0.0000	1.3130	18.1543	0.0000	115.3080	2.3429	0.1138	5.4609	0.2458	0.2443	0.3608	3.1377	0.0001	5.5028	inf	34.3135	1.1174	0.8092	4.0039	4.0005	14.0733	9.0093	1.9993	0.0000	1.9993	0.0000	0.0000	0.0000	1.9993	0.0000	1.9993	1.5764	0.0446	1.5317	0.0454	0.0446	0.0008	1.5309	0.0000	1.5309	0.1108	0.0935	0.0174	0.0007	0.0007	0.0000	0.1101	0.0928	0.0173	0.6728	0.3923	0.2805	0.1849	0.1826	0.0023	0.4879	0.2097	0.2782	7.6997	0.0000	21.0694	0.2893	0.0000	3.6389	5.7859	0.0000	20.9544	2.3429	0.1138	5.4609	0.2458	0.2443	0.3608	3.1377	0.0001	5.5028
61	90	0.2396	5	1	0	2	0	0	0	0	0	N	N	Y	N	N	N	N	N	N	N	N	N	0.0052	0.0349	0.0060	0.0611	0.0662	0.0000	0.0039	0.0000	0.0062	0.0166	0.0008	0.1146	0.0026	0.0028	0.0000	0.0219	0.0000	0.1371	3.1938	0.0233	19.0642	0.0420	0.0424	0.0398	5.6218	0.0001	22.1592	22.7951	196.2139	0.0006	0.5286	4.0039	2.3559	14.0733	7.1930	0.0012	0.0001	0.0011	0.0001	0.0001	0.0000	0.0011	0.0000	0.0011	0.9852	0.0050	0.9802	0.0056	0.0050	0.0007	0.9796	0.0000	0.9796	0.0716	0.0616	0.0099	0.0195	0.0178	0.0016	0.0521	0.0438	0.0083	0.3085	0.2147	0.0937	0.1342	0.1178	0.0164	0.1742	0.0969	0.0773	0.0052	0.0349	0.0110	0.0611	0.0662	0.0000	0.0039	0.0000	0.0108	3.1938	0.0233	10.4566	0.0420	0.0424	0.0398	5.6218	0.0001	12.6722
61	91	0.2068	4	1	0	1	0	0	0	0	0	N	N	N	N	N	N	N	N	N	N	N	N	7.3414	0.0370	94.2613	0.0772	0.0727	0.0696	30.3164	0.0068	101.1234	4.6249	0.0267	37.3625	0.0801	0.0823	0.0251	6.5096	0.0004	41.0658	0.6300	0.7233	0.3964	1.0382	1.1326	0.3611	0.2147	0.0573	0.4061	196.2844	0.2189	0.5500	-0.1514	4.0039	4.9284	14.0733	11.0439	0.9932	0.0050	0.9882	0.0050	0.0050	0.0001	0.9881	0.0000	0.9881	0.5432	0.4457	0.0976	0.4514	0.4322	0.0192	0.0918	0.0134	0.0784	0.2147	0.1883	0.0264	0.0629	0.0606	0.0024	0.1518	0.1277	0.0241	0.8623	0.6162	0.2462	0.4348	0.3816	0.0532	0.4275	0.2345	0.1930	7.3414	0.0370	94.2613	0.0772	0.0727	0.0696	30.3164	0.0068	101.1234	0.6300	0.7233	0.3964	1.0382	1.1326	0.3611	0.2147	0.0573	0.4061
61	92	0.1173	3	1	0	1	0	0	0	0	0	N	N	N	N	N	N	N	N	N	N	N	N	0.0741	0.0688	0.1743	0.0242	0.0241	0.0000	0.0722	0.3103	0.1639	0.1995	0.0627	0.9519	0.0523	0.0564	0.0000	0.2066	0.0630	0.9733	2.6918	0.9105	5.4624	2.1568	2.3424	1.2113	2.8614	0.2031	5.9397	2.7609	3.8568	0.0058	0.7691	4.0039	3.9161	14.0733	29.2065	0.0198	0.0053	0.0145	0.0002	0.0002	0.0000	0.0195	0.0050	0.0145	2.2907	0.4717	1.8191	0.4420	0.4013	0.0407	1.8487	0.0704	1.7783	0.0992	0.0839	0.0153	0.0046	0.0042	0.0003	0.0946	0.0797	0.0149	0.8510	0.5180	0.3330	0.2049	0.1713	0.0336	0.6461	0.3467	0.2994	0.0741	0.0688	0.1743	0.0242	0.0241	0.0000	0.0722	0.3103	0.1639	2.6918	0.9105	5.4624	2.1568	2.3424	1.2113	2.8614	0.2031	5.9397
61	93	0.6578	9	2	1	1	0	0	0	0	0	Y	N	N	N	N	N	N	N	N	N	N	N	0.0004	0.0004	0.0000	0.0023	0.0044	0.0000	0.0000	0.0000	0.0000	0.0000	0.0000	0.0000	0.0000	0.0000	0.0000	0.0000	0.0000	0.0000	0.0199	0.0227	0.0138	0.0087	0.0049	0.0214	0.0414	0.0734	0.0067	0.0000	0.2807	-0.0000	-0.0010	4.0039	2.5103	14.0733	7.4742	0.0000	0.0000	0.0000	0.0000	0.0000	0.0000	0.0000	0.0000	0.0000	0.0044	0.0034	0.0010	0.0013	0.0005	0.0007	0.0031	0.0029	0.0002	0.0742	0.0649	0.0093	0.0304	0.0283	0.0021	0.0438	0.0366	0.0072	0.2192	0.1500	0.0693	0.1445	0.1111	0.0334	0.0748	0.0389	0.0359	0.0004	0.0004	0.0000	0.0023	0.0044	0.0000	0.0000	0.0000	0.0000	0.0199	0.0227	0.0138	0.0087	0.0049	0.0214	0.0414	0.0734	0.0067
61	94	0.6216	8	1	1	1	0	0	0	0	0	N	N	N	N	N	N	N	N	N	N	N	N	0.0002	0.0001	0.0000	0.0003	0.0003	0.0000	0.0000	0.0000	0.0000	0.0000	0.0000	0.0000	0.0000	0.0000	0.0000	0.0000	0.0000	0.0000	0.0155	0.0214	0.0017	0.0223	0.0277	0.0032	0.0010	0.0017	0.0003	0.0000	0.0349	-0.0000	-0.0019	4.0039	7.1305	14.0733	3.2426	0.0000	0.0000	0.0000	0.0000	0.0000	0.0000	0.0000	0.0000	0.0000	0.0044	0.0043	0.0001	0.0043	0.0042	0.0001	0.0001	0.0001	0.0000	0.2352	0.2076	0.0276	0.0887	0.0838	0.0049	0.1465	0.1238	0.0227	0.2852	0.1989	0.0862	0.1939	0.1508	0.0431	0.0913	0.0482	0.0431	0.0002	0.0001	0.0000	0.0003	0.0003	0.0000	0.0000	0.0000	0.0000	0.0155	0.0214	0.0017	0.0223	0.0277	0.0032	0.0010	0.0017	0.0003
61	96	0.1173	3	1	0	1	0	0	0	0	0	N	N	N	N	N	N	N	N	N	N	N	N	2.3616	6.3077	0.0000	22.0764	21.2841	0.0000	1.3146	52125.9492	0.0000	6.8298	8.0526	0.0000	75.1848	81.2269	0.0000	3.5841	4.2442	0.0000	2.8921	1.2766	5.4127	3.4057	3.8163	1.3147	2.7264	0.0001	5.8808	0.0000	2.7173	-0.8805	0.6357	4.0039	11.9964	14.0733	18.8414	1.9960	1.9960	0.0000	0.9960	0.9960	0.0000	1.0000	1.0000	0.0000	2.3318	0.6273	1.7045	0.6697	0.6273	0.0424	1.6621	0.0000	1.6621	0.2922	0.2479	0.0444	0.0132	0.0123	0.0010	0.2790	0.2356	0.0434	0.8063	0.4914	0.3149	0.1966	0.1644	0.0323	0.6096	0.3270	0.2826	2.3616	6.3077	0.0000	22.0764	21.2841	0.0000	1.3146	52125.9492	0.0000	2.8921	1.2766	5.4127	3.4057	3.8163	1.3147	2.7264	0.0001	5.8808
61	98	0.0738	3	2	1	2	0	0	0	0	0	Y	N	Y	N	N	N	N	N	N	N	N	N	0.0020	0.0000	0.2181	0.0000	0.0000	0.0000	0.0137	0.0000	0.2250	0.0032	0.0000	0.0219	0.0000	0.0000	0.0000	0.0036	0.0000	0.0227	1.6184	2.6862	0.1006	17.9047	15.9275	0.0882	0.2646	0.4175	0.1008	inf	0.0263	0.0001	-0.3467	4.0039	0.9502	14.0733	16.1595	0.0001	0.0000	0.0001	0.0000	0.0000	0.0000	0.0001	0.0000	0.0001	0.8012	0.7806	0.0206	0.6916	0.6912	0.0004	0.1096	0.0894	0.0202	0.0317	0.0271	0.0046	0.0040	0.0039	0.0002	0.0276	0.0232	0.0044	0.4951	0.2906	0.2045	0.0809	0.0764	0.0044	0.4142	0.2142	0.2000	0.0020	0.0000	0.2181	0.0000	0.0000	0.0000	0.0137	0.0000	0.2250	1.6184	2.6862	0.1006	8.5536	9.0430	0.0882	0.2646	0.4175	0.1008
61	99	0.1173	3	1	1	1	0	0	0	0	0	N	N	N	N	N	N	N	N	N	N	N	N	3.6194	41.4234	0.0000	316.0447	285.3551	0.0000	0.0000	0.0000	0.0000	3.4082	4.0184	0.0000	75.1848	81.2269	0.0000	0.0000	0.0000	0.0000	0.9416	0.0970	2.2664	0.2379	0.2847	0.0001	1.1749	0.0001	2.5325	0.0000	14.8957	-0.4394	0.3346	4.0039	11.9964	14.0733	15.6499	0.9960	0.9960	0.0000	0.9960	0.9960	0.0000	0.0000	0.0000	0.0000	0.6990	0.0440	0.6550	0.0440	0.0440	0.0000	0.6550	0.0000	0.6550	0.2922	0.2479	0.0444	0.0132	0.0123	0.0010	0.2790	0.2356	0.0434	0.7423	0.4533	0.2890	0.1848	0.1544	0.0304	0.5575	0.2989	0.2586	3.6194	41.4234	0.0000	316.0447	285.3551	0.0000	0.0000	0.0000	0.0000	0.9416	0.0970	2.2664	0.2379	0.2847	0.0001	1.1749	0.0001	2.5325
61	100	0.0768	4	2	0	2	0	0	0	0	0	Y	N	Y	N	N	N	N	N	N	N	N	N	0.0000	0.0000	0.0000	0.0000	0.0000	0.0000	0.0000	0.0000	0.0000	0.0000	0.0000	0.0000	0.0000	0.0000	0.0000	0.0000	0.0000	0.0000	9.7744	0.0046	41.0533	0.0181	0.0168	0.0375	8.4284	0.0008	38.2964	2663.4725	0.0000	1.6206	4.0039	1.0008	14.0733	13.9255	0.0000	0.0000	0.0000	0.0000	0.0000	0.0000	0.0000	0.0000	0.0000	2.9942	0.0011	2.9931	0.0011	0.0010	0.0002	2.9931	0.0001	2.9930	0.0285	0.0241	0.0044	0.0019	0.0017	0.0002	0.0266	0.0224	0.0042	0.4177	0.2435	0.1742	0.0625	0.0585	0.0040	0.3551	0.1850	0.1702	0.0000	0.0000	0.0000	0.0000	0.0000	0.0000	0.0000	0.0000	0.0000	7.1691	0.0046	17.1839	0.0181	0.0168	0.0375	8.4284	0.0008	17.5896	
61	101	0.0738	3	2	0	2	0	0	0	0	0	Y	N	Y	N	N	N	N	N	N	N	N	N	0.0367	0.0000	0.1649	0.0000	0.0000	0.0000	0.0493	0.0000	0.1669	0.0161	0.0000	0.1598	0.0000	0.0000	0.0000	0.0265	0.0000	0.1624	0.4376	0.1210	0.9690	0.2369	0.2301	0.6898	0.5378	0.0009	0.9727	inf	4.7726	0.0001	0.0210	4.0039	0.0532	14.0733	2.0467	0.0001	0.0000	0.0001	0.0000	0.0000	0.0000	0.0001	0.0000	0.0001	0.0569	0.0099	0.0470	0.0103	0.0098	0.0004	0.0466	0.0000	0.0466	0.0062	0.0056	0.0006	0.0025	0.0024	0.0000	0.0038	0.0032	0.0006	0.1300	0.0815	0.0485	0.0433	0.0427	0.0006	0.0867	0.0388	0.0479	0.0367	0.0000	0.1649	0.0000	0.0000	0.0000	0.0493	0.0000	0.1669	0.4376	0.1210	0.9690	0.2369	0.2301	0.6898	0.5378	0.0009	0.9727
61	102	0.0642	2	2	0	2	0	0	0	0	0	Y	N	Y	N	N	N	N	N	N	N	N	N	1.1280	0.0002	2.0215	0.0005	0.0006	0.0000	1.4577	0.0000	2.3084	15.6526	0.0000	104.8865	0.0003	0.0003	0.0000	17.2732	0.0000	108.5768	13.8763	0.1652	51.8848	0.4764	0.4268	4.1938	11.8498	0.0057	47.0361	658003.2289	89.1105	0.5588	1.0456	4.0039	2.0948	14.0733	3.0326	0.9998	0.0000	0.9998	0.0000	0.0000	0.0000	0.9998	0.0000	0.9998	1.9708	0.0219	1.9489	0.0242	0.0214	0.0028	1.9466	0.0005	1.9461	0.0639	0.0543	0.0095	0.0060	0.0057	0.0003	0.0579	0.0487	0.0092	0.2151	0.1324	0.0827	0.0508	0.0501	0.0007	0.1643	0.0822	0.0820	1.7083	0.0002	4.4513	0.0005	0.0006	0.0000	1.4577	0.0000	4.5772	9.1627	0.1652	23.5634	0.4764	0.4268	4.1938	11.8498	0.0057	23.7214
61	104	0.1496	4	1	1	1	0	0	0	0	0	N	N	N	N	N	N	N	N	N	N	N	N	23.0714	22.5783	6.4907	37.3233	34.1716	230.1226	0.0000	0.0000	0.0001	0.2221	0.2518	0.0463	0.9929	1.0562	0.3388	0.0000	0.0000	0.0000	0.0096	0.0112	0.0071	0.0266	0.0309	0.0015	0.0036	0.0000	0.0078	0.0310	0.3912	-0.0263	-0.0017	4.0039	8.9557	14.0733	32.3127	0.0641	0.0621	0.0019	0.0641	0.0621	0.0019	0.0000	0.0000	0.0000	0.0098	0.0070	0.0027	0.0071	0.0070	0.0001	0.0027	0.0000	0.0027	0.2884	0.2468	0.0417	0.0645	0.0588	0.0057	0.2239	0.1879	0.0360	1.0150	0.6298	0.3852	0.2658	0.2269	0.0389	0.7492	0.4029	0.3463	23.0714	22.5783	6.4907	37.3233	34.1716	230.1226	0.0000	0.0000	0.0001	0.0096	0.0112	0.0071	0.0266	0.0309	0.0015	0.0036	0.0000	0.0078
61	105	0.1750	5	1	0	2	0	0	0	0	0	N	N	Y	N	N	N	N	N	N	N	N	N	0.1590	0.1731	0.0000	6632.7503	6234.2555	0.0000	0.0000	0.0000	0.0000	2.0671	2.4578	0.0000	14.9588	15.7798	0.0000	0.0000	0.0000	0.0000	13.0018	14.1989	10.7419	0.0023	0.0025	0.0007	12.4889	15.6018	9.9953	0.0000	0.5001	-0.1197	-0.3748	4.0039	4.2679	14.0733	7.8415	0.2713	0.2713	0.0000	0.2713	0.2713	0.0000	0.0000	0.0000	0.0000	2.9989	1.9991	0.9998	0.0002	0.0002	0.0000	2.9987	1.9989	0.9998	0.1312	0.1104	0.0209	0.0181	0.0172	0.0009	0.1131	0.0932	0.0199	0.3379	0.2113	0.1266	0.0978	0.0832	0.0146	0.2401	0.1281	0.1120	0.2329	0.2598	0.0000	6632.7503	6234.2555	0.0000	0.0000	0.0000	0.0000	8.8750	9.4605	7.8977	0.0023	0.0025	0.0007	12.4889	15.6018	8.9278
61	106	0.1496	4	1	0	1	0	0	0	0	0	N	N	N	N	N	N	N	N	N	N	N	N	9.7396	117.2573	0.9413	16.0074	19.5617	0.0014	11.3245	3665.1621	1.2847	3.0607	3.3997	0.7898	1.1144	1.2246	0.0002	4.9293	5.6844	1.1953	0.3143	0.0290	0.8390	0.0696	0.0626	0.1210	0.4353	0.0016	0.9304	0.0347	15.7311	-0.1325	0.0590	4.0039	1.9301	14.0733	9.0954	0.3251	0.3142	0.0109	0.0580	0.0580	0.0000	0.2671	0.2562	0.0109	0.1225	0.0073	0.1152	0.0090	0.0071	0.0019	0.1135	0.0002	0.1133	0.1062	0.0924	0.0138	0.0520	0.0473	0.0047	0.0542	0.0451	0.0091	0.3897	0.2525	0.1373	0.1290	0.1135	0.0155	0.2607	0.1390	0.1218	9.7396	117.2573	0.9413	16.0074	19.5617	0.0014	11.3245	3665.1621	1.2847	0.3143	0.0290	0.8390	0.0696	0.0626	0.1210	0.4353	0.0016	0.9304
61	107	0.1173	3	1	0	1	0	0	0	0	0	N	N	N	N	N	N	N	N	N	N	N	N	7.9183	25.8075	0.0045	232.0565	208.8981	0.0000	0.1095	4.1970	0.0040	9.7308	11.4978	0.0114	207.8336	224.2422	0.0000	0.1495	0.1753	0.0116	1.2289	0.4455	2.5172	0.8956	1.0735	0.0007	1.3662	0.0418	2.8863	0.0002	3.4356	-0.4242	0.1696	4.0039	3.9049	14.0733	9.6098	0.9622	0.9620	0.0002	0.9481	0.9481	0.0000	0.0141	0.0139	0.0002	0.5363	0.1209	0.4154	0.1140	0.1140	0.0000	0.4223	0.0069	0.4154	0.0989	0.0837	0.0152	0.0046	0.0042	0.0003	0.0943	0.0794	0.0149	0.4364	0.2714	0.1650	0.1273	0.1062	0.0211	0.3091	0.1652	0.1439	7.9183	25.8075	0.0045	232.0565	208.8981	0.0000	0.1095	4.1970	0.0040	1.2289	0.4455	2.5172	0.8956	1.0735	0.0007	1.3662	0.0418	2.8863
61	108	0.1384	5	1	1	1	0	0	0	0	0	N	N	N	N	N	N	N	N	N	N	N	N	0.1256	0.0001	0.6439	0.0011	0.0005	6.4300	0.1920	0.0000	0.5718	0.3090	0.0003	2.0566	0.0043	0.0023	0.0315	0.3450	0.0000	2.1599	2.4603	2.0049	3.1938	3.9825	4.9467	0.0049	1.7967	0.0750	3.7772	1345.5770	0.9893	0.0376	0.0792	4.0039	8.0392	14.0733	22.6195	0.0673	0.0000	0.0673	0.0001	0.0000	0.0000	0.0672	0.0000	0.0672	2.0348	1.0229	1.0119	1.0000	0.9998	0.0002	1.0348	0.0231	1.0117	0.2179	0.1852	0.0327	0.0230	0.0214	0.0016	0.1949	0.1637	0.0311	0.8270	0.5102	0.3168	0.2511	0.2021	0.0490	0.5759	0.3081	0.2678	0.1256	0.0001	0.6439	0.0011	0.0005	6.4300	0.1920	0.0000	0.5718	2.4603	2.0049	3.1938	3.9825	4.9467	0.0049	1.7967	0.0750	3.7772
61	109	0.1384	4	1	0	1	0	0	0	0	0	N	N	N	N	N	N	N	N	N	N	N	N	26.3172	14.3925	111.2640	36.1356	32.7895	42.1222	21.3676	0.0230	92.8812	9.2207	5.5283	27.8607	13.7247	13.8457	1.0715	6.9399	0.0077	28.3868	0.3504	0.3841	0.2504	0.3798	0.4223	0.0254	0.3248	0.3365	0.3056	0.9983	0.2200	0.0074	-0.0195	4.0039	0.2031	14.0733	2.0398	0.1264	0.0633	0.0631	0.0632	0.0632	0.0000	0.0632	0.0001	0.0631	0.0702	0.0575	0.0127	0.0354	0.0351	0.0003	0.0348	0.0224	0.0124	0.0137	0.0114	0.0023	0.0046	0.0046	0.0000	0.0091	0.0069	0.0022	0.2003	0.1497	0.0505	0.0931	0.0831	0.0100	0.1072	0.0666	0.0406	26.3172	14.3925	111.2640	36.1356	32.7895	42.1222	21.3676	0.0230	92.8812	0.3504	0.3841	0.2504	0.3798	0.4223	0.0254	0.3248	0.3365	0.3056
61	110	0.7190	10	2	0	2	0	0	0	0	0	Y	N	Y	N	N	N	N	N	N	N	N	N	0.0000	0.0000	0.0000	0.0000	0.0000	0.0000	0.0000	0.0000	0.0000	0.0000	0.0000	0.0000	0.0000	0.0000	0.0000	0.0000	0.0000	0.0000	0.0000	0.0000	4.0039	0.0001	14.0733	0.0001	0.0000	0.0000	0.0000	0.0000	0.0000	0.0000	0.0000	0.0000	0.0000	0.0000	0.0000	0.0000	0.0000	0.0000	0.0000	0.0000	0.0000	0.0000	0.0028	0.0022	0.0006	0.0014	0.0014	0.0000	0.0014	0.0008	0.0006	0.0001	0.0001	0.0000	0.0001	0.0001	0.0000	0.0001	0.0000	0.0000	0.0000	0.0000	0.0000	0.0000	0.0000	0.0000	0.0000	0.0000	0.0000	0.0000	0.0000	0.0000	0.0000	0.0000	0.0000	0.0000	0.0000	0.0000											
61	111	0.7051	9	2	0	2	0	0	0	0	0	Y	N	Y	N	N	N	N	N	N	N	N	N	0.0000	0.0000	0.0000	0.0000	0.0000	0.0000	0.0000	0.0000	0.0000	0.0000	0.0000	0.0000	0.0000	0.0000	0.0000	0.0000	0.0000	0.0000	0.0018	0.0010	0.0039	0.0012	0.0001	0.0045	0.0039	0.0048	0.0028	1.6769	0.0000	0.0000	4.0039	1.6718	14.0733	2.9223	0.0000	0.0000	0.0000	0.0000	0.0000	0.0000	0.0000	0.0000	0.0000	0.0003	0.0001	0.0002	0.0001	0.0000	0.0001	0.0001	0.0001	0.0000	0.0495	0.0431	0.0064	0.0153	0.0144	0.0009	0.0342	0.0287	0.0055	0.1453	0.1017	0.0436	0.1087	0.0823	0.0264	0.0365	0.0194	0.0172	0.0000	0.0000	0.0000	0.0000	0.0000	0.0000	0.0000	0.0000	0.0000	0.0018	0.0010	0.0039	0.0012	0.0001	0.0045	0.0039	0.0048	0.0028	
61	112	0.6216	8	2	0	2	0	0	0	0	0	Y	N	Y	N	N	N	N	N	N	N	N	N	0.0000	0.0000	0.0000	0.0000	0.0000	0.0000	0.0000	0.0000	0.0000	0.0000	0.0000	0.0000	0.0000	0.0000	0.0000	0.0000	0.0000	0.0000	0.0006	0.0009	0.0001	0.0008	0.0010	0.0001	0.0003	0.0005	0.0000	0.0350	0.0000	-0.0001	4.0039	14.0283	14.0733	7.1084	0.0000	0.0000	0.0000	0.0000	0.0000	0.0000	0.0000	0.0000	0.0000	0.0003	0.0003	0.0000	0.0003	0.0002	0.0000	0.0000	0.0000	0.0000	0.3808	0.3344	0.0464	0.1301	0.1220	0.0081	0.2508	0.2124	0.0383	0.4745	0.3287	0.1458	0.3135	0.2430	0.0706	0.1610	0.0857	0.0752	0.0000	0.0000	0.0000	0.0000	0.0000	0.0000	0.0000	0.0000	0.0000	0.0006	0.0009	0.0001	0.0008	0.0010	0.0001	0.0003	0.0005	0.0000	
61	113	0.5613	7	1	0	1	0	0	0	0	0	N	N	N	N	N	N	N	N	N	N	N	N	0.1592	0.1208	0.4151	0.2176	0.5774	0.0995	0.0955	0.0000	0.3292	0.0060	0.0008	0.0463	0.0023	0.0022	0.0037	0.0080	0.0000	0.0540	0.0377	0.0067	0.1115	0.0104	0.0038	0.0376	0.0835	0.0141	0.1639	7.3625	6.9794	0.0008	0.0075	4.0039	8.6129	14.0733	5.1709	0.0018	0.0002	0.0016	0.0002	0.0002	0.0000	0.0016	0.0000	0.0016	0.0181	0.0023	0.0158	0.0031	0.0009	0.0022	0.0150	0.0014	0.0136	0.3070	0.2720	0.0350	0.1063	0.1009	0.0054	0.2007	0.1710	0.0297	0.4802	0.3384	0.1419	0.3010	0.2422	0.0588	0.1792	0.0962	0.0830	0.1592	0.1208	0.4151	0.2176	0.5774	0.0995	0.0955	0.0000	0.3292	0.0377	0.0067	0.1115	0.0104	0.0038	0.0376	0.0835	0.0141	0.1639
61	114	0.4662	6	1	0	1	0	0	0	0	0	N	N	N	N	N	N	N	N	N	N	N	N	3.0635	0.8706	7.4702	2.6295	5.5347	0.0465	1.8160	0.0029	5.8105	2.2157	0.0393	16.4697	0.1268	0.1375	0.0066	2.9835	0.0002	19.7366	0.7233	0.0451	2.2047	0.0482	0.0248	0.1421	1.6429	0.0869	3.3967	63.9920	22.3572	0.5493	0.3610	4.0039	16.8607	14.0733	22.7724	1.0107	0.0156	0.9952	0.0155	0.0155	0.0001	0.9952	0.0001	0.9951	0.7238	0.0310	0.6928	0.0278	0.0115	0.0164	0.6960	0.0195	0.6765	0.4562	0.3957	0.0604	0.1226	0.1126	0.0100	0.3336	0.2831	0.0504	1.0007	0.6865	0.3142	0.5771	0.4620	0.1151	0.4236	0.2245	0.1992	3.0635	0.8706	7.4702	2.6295	5.5347	0.0465	1.8160	0.0029	5.8105	0.7233	0.0451	2.2047	0.0482	0.0248	0.1421	1.6429	0.0869	3.3967
61	115	0.0937	3	2	0	2	0	0	0	0	0	Y	N	Y	N	N	N	N	N	N	N	N	N	0.0000	0.0000	0.0000	0.0000	0.0000	0.0000	0.0000	0.0000	0.0000	0.0000	0.0000	0.0000	0.0000	0.0000	0.0000	0.0000	0.0000	0.0008	0.0010	0.0005	0.0022	0.0024	0.0000	0.0002	0.0000	0.0005	0.2629	0.0000	-0.0000	4.0039	1.0009	14.0733	4.0038	0.0000	0.0000	0.0000	0.0000	0.0000	0.0000	0.0000	0.0000	0.0000	0.0002	0.0002	0.0000	0.0002	0.0002	0.0000	0.0000	0.0000	0.0000	0.0295	0.0250	0.0045	0.0017	0.0017	0.0001	0.0277	0.0233	0.0044	0.2271	0.1496	0.0775	0.0675	0.0635	0.0040	0.1596	0.0861	0.0735	0.0000	0.0000	0.0000	0.0000	0.0000	0.0000	0.0000	0.0000	0.0000	0.0008	0.0010	0.0005	0.0022	0.0024	0.0000	0.0002	0.0000	0.0005		
61	116	0.0654	2	2	0	2	0	0	0	0	0	Y	N	Y	N	N	N	N	N	N	N	N	N	0.6673	0.7162	0.5677	1.3873	1.2848	0.1384	0.1976	0.1243	0.5511	0.0969	0.0981	0.0900	0.5175	0.5225	0.0067	0.0155	0.0002	0.0910	0.1453	0.1369	0.1586	0.3730	0.4067	0.0481	0.0784	0.0015	0.1651	0.1529	0.7236	-0.0022	-0.0025	4.0039	1.8441	14.0733	10.4794	0.0072	0.0063	0.0010	0.0063	0.0063	0.0000	0.0010	0.0000	0.0010	0.0650	0.0377	0.0273	0.0379	0.0374	0.0005	0.0271	0.0003	0.0268	0.0745	0.0638	0.0106	0.0121	0.0120	0.0001	0.0624	0.0519	0.0105	0.4474	0.2753	0.1720	0.1016	0.0920	0.0095	0.3458	0.1833	0.1625	0.6673	0.7162	0.5677	1.3873	1.2848	0.1384	0.1976	0.1243	0.5511	0.1453	0.1369	0.1586	0.3730	0.4067	0.0481	0.0784	0.0015	0.1651
61	117	0.3534	4	1	1	1	1	0	0	0	0	N	N	N	N	N	N	N	N	N	N	N	N	0.0402	0.0350	0.0226	0.0069	0.0061	0.0559	0.1748	0.3328	0.0187	0.0337	0.0377	0.0065	0.0091	0.0095	0.0038	0.0451	0.0521	0.0070	0.8396	1.0760	0.2859	1.3283	1.5720	0.0683	0.2582	0.1564	0.3766	0.0250	0.1134	-0.0050	-0.3391	4.0039	10.5071	14.0733	20.2622	0.0120	0.0117	0.0003	0.0010	0.0010	0.0000	0.0109	0.0107	0.0003	0.9511	0.8542	0.0969	0.8175	0.8107	0.0068	0.1336	0.0435	0.0901	0.3547	0.3096	0.0451	0.1123	0.1044	0.0079	0.2424	0.2052	0.0372	1.1328	0.7939	0.3389	0.6154	0.5157	0.0997	0.5173	0.2782	0.2391	0.0402	0.0350	0.0226	0.0069	0.0061	0.0559	0.1748	0.3328	0.0187	0.8396	1.0760	0.2859	1.3283	1.5720	0.0683	0.2582	0.1564	0.3766
61	118	0.1173	3	1	1	1	1	0	0	0	0	N	N	N	N	N	N	N	N	N	N	N	N	0.0274	0.0000	0.1939	0.0000	0.0000	0.0218	0.0000	0.1779	0.0356	0.0000	0.2314	0.0000	0.0000	0.0000	0.0373	0.0000	0.2366	1.2972	1.3639	1.1931	0.0076	0.0090	0.0000	1.7145	2.0470	1.3298	inf	0.5603	0.0020	-0.1028	4.0039	4.0036	14.0733	26.5072	0.0036	0.0000	0.0036	0.0000	0.0000	0.0000	0.0036	0.0000	0.0036	1.0358	0.6639	0.3720	0.0015	0.0015	0.0000	1.0344	0.6624	0.3720	0.1011	0.0856	0.0156	0.0047	0.0043	0.0003	0.0965	0.0812	0.0152	0.7985	0.4867	0.3118	0.1952	0.1632	0.0320	0.6033	0.3236	0.2797	0.0274	0.0000	0.1939	0.0000	0.0000	0.0000	0.0218	0.0000	0.1779	1.2972	1.3639	1.1931	0.0076	0.0090	0.0000	1.7145	2.0470	1.3298	
61	119	0.1557	4	1	1	1	0	0	0	0	0	N	N	N	N	N	N	N	N	N	N	N	N	0.0123	0.0465	0.0172	0.0663	0.0668	0.0000	0.0063	0.0000	0.0172	0.0131	0.0080	0.0442	0.0299	0.0314	0.0000	0.0080	0.0000	0.0479	1.0620	0.1727	2.5617	0.4517	0.4707	0.3192	1.2800	0.0001	2.7800	0.8976	8.7971	0.0001	0.3409	4.0039	3.8169	14.0733	21.2433	0.0019	0.0010	0.0009	0.0010	0.0010	0.0000	0.0009	0.0000	0.0009	0.7755	0.0792	0.6964	0.0868	0.0791	0.0077	0.6887	0.0000	0.6887	0.1469	0.1263	0.0206	0.0339	0.0322	0.0016	0.1130	0.0941	0.0190	0.7303	0.4584	0.2718	0.1923	0.1681	0.0241	0.5380	0.2903	0.2477	0.0123	0.0465	0.0172	0.0663	0.0668	0.0000	0.0063	0.0000	0.0172	1.0620	0.1727	2.5617	0.4517	0.4707	0.3192	1.2800	0.0001	2.7800
61	120	0.5014	8	1	1	1	0	0	0	0	0	N	N	N	N	N	N	N	N	N	N	N	N	0.0089	0.0055	0.1287	0.0141	0.0109	10.2349	0.0257	0.0853	0.0653	0.0094	0.0079	0.0202	0.0247	0.0233	0.0492	0.0029	0.0006	0.0158	1.0589	1.4429	0.1568	1.7478	2.1419	0.0048	0.1134	0.0065	0.2413	0.3646	0.0463	-0.0008	-0.6264	4.0039	16.3276	14.0733	34.9199	0.0046	0.0034	0.0012	0.0036	0.0032	0.0004	0.0010	0.0002	0.0008	1.5126	1.4457	0.0669	1.4443	1.4436	0.0007	0.0683	0.0021	0.0661	0.4912	0.4297	0.0614	0.1474	0.1393	0.0081	0.3438	0.2905	0.0533	1.4285	1.0019	0.4266	0.8264	0.6740	0.1524	0.6021	0.3279	0.2742	0.0089	0.0055	0.1287	0.0141	0.0109	10.2349	0.0257	0.0853	0.0653	1.0589	1.4429	0.1568	1.7478	2.1419	0.0048	0.1134	0.0065	0.2413
61	121	0.4840	7	1	1	1	0	0	0	0	0	N	N	N	N	N	N	N	N	N	N	N	N	0.0184	0.0287	0.0026	0.0623	0.0758	0.0035	0.0010	0.0010	0.0024	0.0212	0.0236	0.0052	0.0717	0.0752	0.0070	0.0012	0.0004	0.0050	1.1534	0.8218	2.0235	1.1516	0.9920	1.9826	1.1561	0.4482	2.0451	0.0329	0.9386	-0.0017	0.0275	4.0039	6.1757	14.0733	14.5601	0.0042	0.0040	0.0001	0.0040	0.0040	0.0000	0.0002	0.0001	0.0001	1.0643	0.5490	0.5153	0.6299	0.4552	0.1747	0.4344	0.0938	0.3406	0.1960	0.1705	0.0255	0.0557	0.0528	0.0029	0.1403	0.1177	0.0226	0.9227	0.6681	0.2546	0.5470	0.4589	0.0881	0.3757	0.2092	0.1666	0.0184	0.0287	0.0026	0.0623	0.0758	0.0035	0.0010	0.0010	0.0024	1.1534	0.8218	2.0235	1.1516	0.9920	1.9826	1.1561	0.4482	2.0451
61	122	0.4310	6	1	0	1	0	0	0	0	0	N	N	N	N	N	N	N	N	N	N	N	N	0.0048	0.0046	0.0088	0.0091	0.0063	0.6277	0.0029	0.0088	0.0049	0.0090	0.0063	0.0279	0.0147	0.0118	0.0586	0.0064	0.0034	0.0223	1.8837	1.3609	3.1823	1.6061	1.8873	0.0933	2.2229	0.3815	4.5078	0.6521	0.9415	-0.0001	0.0518	4.0039	7.5400	14.0733	21.4192	0.0023	0.0014	0.0009	0.0012	0.0009	0.0003	0.0011	0.0005	0.0006	1.9520	1.0054	0.9466	0.9152	0.9069	0.0083	1.0368	0.0985	0.9382	0.2532	0.2208	0.0323	0.0804	0.0755	0.0049	0.1728	0.1454	0.0274	1.0362	0.7388	0.2974	0.5698	0.4805	0.0893	0.4664	0.2583	0.2081	0.0048	0.0046	0.0088	0.0091	0.0063	0.6277	0.0029	0.0088	0.0049	1.8837	1.3609	3.1823	1.6061	1.8873	0.0933	2.2229	0.3815	4.5078
61	126	0.1544	5	1	1	1	0	0	0	0	0	N	N	N	N	N	N	N	N	N	N	N	N	315.1326	289.1778	0.1105	198.8665	181.0150	0.0000	330.0670	287.3796	0.1054	7.3562	8.7015	0.0014	4.6750	4.9694	0.0000	7.6786	9.2079	0.0014	0.0233	0.0301	0.0123	0.0235	0.0275	0.0062	0.0233	0.0320	0.0134	0.0000	0.2485	-0.4641	-0.0039	4.0039	5.0407	14.0733	17.1705	1.0522	1.0522	0.0000	0.0718	0.0718	0.0000	0.9804	0.9804	0.0000	0.0150	0.0120	0.0030	0.0049	0.0046	0.0002	0.0101	0.0073	0.0027	0.1430	0.1209	0.0221	0.0154	0.0144	0.0009	0.1277	0.1065	0.0212	0.6409	0.3983	0.2427	0.2079	0.1693	0.0386	0.4330	0.2290	0.2041	315.1326	289.1778	0.1105	198.8665	181.0150	0.0000	330.0670	287.3796	0.1054	0.0233	0.0301	0.0123	0.0235	0.0275	0.0062	0.0233	0.0320	0.0134
61	127	0.1384	4	1	1	1	0	0	0	0	0	N	N	N	N	N	N	N	N	N	N	N	N	102.7525	123.6704	5.4494	1370.6419	1257.0676	0.6903	2.8083	2.3667	4.7833	14.6701	17.1882	0.8208	97.7308	102.4012	0.0088	0.5230	0.4534	0.8574	0.1428	0.1390	0.1506	0.0713	0.0815	0.0128	0.1862	0.1916	0.1793	0.0087	0.5226	-0.3874	-0.0057	4.0039	1.9703	14.0733	6.2034	0.8958	0.8881	0.0077	0.8685	0.8685	0.0000	0.0273	0.0196	0.0077	0.0491	0.0323	0.0169	0.0093	0.0090	0.0002	0.0399	0.0232	0.0166	0.0611	0.0517	0.0094	0.0089	0.0085	0.0004	0.0522	0.0432	0.0090	0.3442	0.2322	0.1120	0.1302	0.1109	0.0193	0.2140	0.1213	0.0927	102.7525	123.6704	5.4494	1370.6419	1257.0676	0.6903	2.8083	2.3667	4.7833	0.1428	0.1390	0.1506	0.0713	0.0815	0.0128	0.1862	0.1916	0.1793
61	128	0.1173	3	1	0	1	0	0	0	0	0	N	N	N	N	N	N	N	N	N	N	N	N	4.7549	0.8473	10.1063	533.2506	476.9658	0.0000	4.0794	0.0004	9.5935	37.3531	2.6574	226.6839	45.6648	49.0126	0.0000	36.9235	0.0022	231.7058	7.8557	3.1365	22.4299	0.0856	0.1028	0.0001	9.0513	5.4194	24.1523	15.6321	2.1007	0.5308	0.4416	4.0039	1.1032	14.0733	7.8190	1.0642	0.0640	1.0002	0.0639	0.0639	0.0000	1.0003	0.0001	1.0002	2.0156	0.6500	1.3655	0.0091	0.0091	0.0000	2.0064	0.6409	1.3655	0.0285	0.0241	0.0044	0.0014	0.0013	0.0001	0.0271	0.0228	0.0043	0.3285	0.2073	0.1212	0.1068	0.0890	0.0178	0.2217	0.1183	0.1034	6.0874	0.8473	20.1233	533.2506	476.9658	0.0000	4.0794	0.0004	17.5475	6.1361	3.1365	11.2648	0.0856	0.1028	0.0001	9.0513	5.4194	13.2045
61	129	0.4603	7	1	1	1	0	0	0	0	0	N	N	N	N	N	N	N	N	N	N	N	N	0.0000	0.0000	0.0000	0.0000	0.0000	0.0000	0.0000	0.0000	0.0000	0.0000	0.0000	0.0000	0.0000	0.0000	0.0000	0.0000	0.0000	0.0000	0.4077	0.4857	0.1337	0.6986	0.7275	0.3494	0.0334	0.0000	0.0817	0.0784	0.0000	-0.0520	4.0039	1.0033	14.0733	0.8635	0.0000	0.0000	0.0000	0.0000	0.0000	0.0000	0.0000	0.0000	0.0000	0.1348	0.1250	0.0098	0.1299	0.1250	0.0050	0.0048	0.0000	0.0048	0.0876	0.0796	0.0080	0.0489	0.0464	0.0025	0.0387	0.0332	0.0056	0.3306	0.2573	0.0733	0.1860	0.1718	0.0142	0.1445	0.0855	0.0590	0.0000	0.0000	0.0000	0.0000	0.0000	0.0000	0.0000	0.0000	0.0000	0.4077	0.4857	0.1337	0.6986	0.7275	0.3494	0.0334	0.0000	0.0817	
61	130	0.4310	6	1	0	1	0	0	0	0	0	N	N	N	N	N	N	N	N	N	N	N	N	0.0355	0.0625	0.0014	0.0861	0.0958	0.0121	0.0086	0.2567	0.0000	0.0152	0.0173	0.0012	0.0372	0.0391	0.0071	0.0037	0.0044	0.0000	0.4288	0.2762	0.8524	0.4316	0.4076	0.5865	0.4252	0.0170	0.9585	0.0097	1.1115	-0.0013	0.0236	4.0039	5.5514	14.0733	9.9598	0.0031	0.0031	0.0000	0.0026	0.0026	0.0000	0.0005	0.0005	0.0000	0.3474	0.1645	0.1829	0.1970	0.1611	0.0359	0.1504	0.0034	0.1470	0.2041	0.1784	0.0257	0.0705	0.0663	0.0042	0.1336	0.1121	0.0215	0.8101	0.5956	0.2145	0.4565	0.3953	0.0612	0.3537	0.2004	0.1533	0.0355	0.0625	0.0014	0.0861	0.0958	0.0121	0.0086	0.2567	0.0000	0.4288	0.2762	0.8524	0.4316	0.4076	0.5865	0.4252	0.0170	0.9585
61	131	0.4007	5	1	0	1	0	0	0	0	0	N	N	N	N	N	N	N	N	N	N	N	N	0.0699	0.1393	0.0026	0.3244	0.3142	0.0000	0.0128	0.0629	0.0022	0.0347	0.0393	0.0026	0.1027	0.1088	0.0000	0.0091	0.0103	0.0030	0.4964	0.2824	1.0288	0.3165	0.3462	0.1512	0.7150	0.1631	1.3899	0.0097	1.4646	-0.0044	0.0596	4.0039	9.1969	14.0733	13.4651	0.0102	0.0101	0.0001	0.0083	0.0083	0.0000	0.0020	0.0019	0.0001	0.4389	0.1781	0.2608	0.1535	0.1423	0.0112	0.2855	0.0358	0.2497	0.2948	0.2575	0.0372	0.0806	0.0761	0.0045	0.2142	0.1815	0.0327	0.8842	0.6307	0.2535	0.4850	0.4110	0.0739	0.3992	0.2196	0.1796	0.0699	0.1393	0.0026	0.3244	0.3142	0.0000	0.0128	0.0629	0.0022	0.4964	0.2824	1.0288	0.3165	0.3462	0.1512	0.7150	0.1631	1.3899
61	132	0.2142	7	2	1	1	1	0	0	0	0	Y	N	N	N	N	N	N	N	N	N	N	N	0.0000	0.0000	0.0000	0.0000	0.0000	0.0000	0.0000	0.0000	0.0000	0.0000	0.0000	0.0000	0.0000	0.0000	0.0000	0.0000	0.0000	0.0000	0.0000	0.0000	4.0039	1.0000	14.0733	3.0001	0.0000	0.0000	0.0000	0.0000	0.0000	0.0000	0.0000	0.0000	0.0000	0.0000	0.0000	0.0000	0.0000	0.0000	0.0000	0.0000	0.0000	0.0000	0.0272	0.0231	0.0041	0.0022	0.0020	0.0002	0.0251	0.0211	0.0040	0.1036	0.0625	0.0411	0.0254	0.0217	0.0037	0.0782	0.0408	0.0374	0.0000	0.0000	0.0000	0.0000	0.0000	0.0000	0.0000	0.0000	0.0000	0.0000	0.0000	0.0000	0.0000	0.0000	0.0000	0.0000	0.0000	0.0000											
61	133	0.6131	11	2	1	1	1	0	0	0	0	Y	N	N	N	N	N	N	N	N	N	N	N	inf	inf	inf	inf	0.0148	0.0000	0.1397	0.0210	0.0000	0.2392	0.0000	0.0000	0.0000	0.0000	0.0000	0.0000	0.0000	0.0000	0.0000	0.0000	0.0000	0.0000	inf	0.0000	0.0000	4.0039	0.0006	14.0733	1.9797	0.0000	0.0000	0.0000	0.0000	0.0000	0.0000	0.0000	0.0000	0.0000	0.0000	0.0000	0.0000	0.0000	0.0000	0.0000	0.0000	0.0000	0.0000	0.0000	0.0000	0.0000	0.0000	0.0000	0.0000	0.0000	0.0000	0.0000	0.0440	0.0300	0.0139	0.0261	0.0209	0.0053	0.0178	0.0092	0.0086	inf	0.0000	inf	inf	0.0000	inf	0.0000	0.0000	0.0000	0.0000	0.0000	0.0000	0.0000	0.0000	0.0000	0.0000	0.0000	0.0000						
61	134	0.5964	10	2	1	1	1	0	0	0	0	Y	N	N	N	N	N	N	N	N	N	N	N	0.0198	0.0153	0.0389	0.0330	0.0000	0.0000	0.0000	0.0000	0.0000	0.0000	0.0000	0.0000	0.0000	0.0006	0.0008	0.0000	0.0009	0.0012	0.0000	0.0000	0.0000	0.0000	0.0000	0.0000	-0.0000	-0.0000	4.0039	2.0077	14.0733	6.0321	0.0000	0.0000	0.0000	0.0000	0.0000	0.0000	0.0000	0.0000	0.0000	0.0001	0.0001	0.0000	0.0001	0.0001	0.0000	0.0000	0.0000	0.0000	0.0530	0.0460	0.0070	0.0158	0.0146	0.0012	0.0372	0.0313	0.0058	0.1618	0.1089	0.0529	0.0952	0.0746	0.0206	0.0666	0.0343	0.0323	0.0198	0.0153	0.0000	0.0389	0.0330	0.0000	0.0000	0.0000	0.0000	0.0006	0.0008	0.0000	0.0009	0.0012	0.0000	0.0000	0.0000	0.0000					
61	135	0.5916	10	1	1	1	1	0	0	0	0	N	N	N	N	N	N	N	N	N	N	N	N	2.3006	0.0000	5.4479	3.8888	0.0000	11.5098	1.2844	0.0000	3.8978	0.3902	0.0000	2.8317	0.0009	0.0000	0.0119	0.5432	0.0000	3.3287	0.1696	0.0001	0.5198	0.0002	0.0000	0.0010	0.4229	0.0004	0.8540	inf	2144.2454	0.0178	0.0257	4.0039	3.0348	14.0733	9.3583	0.0318	0.0000	0.0318	0.0000	0.0000	0.0000	0.0318	0.0000	0.0318	0.0474	0.0000	0.0474	0.0000	0.0000	0.0000	0.0474	0.0000	0.0473	0.0814	0.0702	0.0112	0.0230	0.0213	0.0017	0.0585	0.0489	0.0095	0.2795	0.1883	0.0912	0.1675	0.1318	0.0357	0.1120	0.0566	0.0554	2.3006	0.0000	5.4479	3.8888	0.0000	11.5098	1.2844	0.0000	3.8978	0.1696	0.0001	0.5198	0.0002	0.0000	0.0010	0.4229	0.0004	0.8540
61	136	0.5773	9	1	0	1	1	0	0	0	0	N	N	N	N	N	N	N	N	N	N	N	N	2.3285	8233.2155	0.0000	23929.4562	20022.6816	0.0000	0.0000	0.0000	0.0000	23.4216	27.4864	0.0000	74.6198	79.3128	0.0000	0.0000	0.0000	0.0000	10.0585	0.0033	48.7586	0.0031	0.0040	0.0002	18.1550	0.0020	81.4569	0.0000	3295.3295	-0.0140	0.5640	4.0039	0.0433	14.0733	6.6805	0.0318	0.0318	0.0000	0.0318	0.0318	0.0000	0.0000	0.0000	0.0000	1.0419	0.0003	1.0416	0.0003	0.0003	0.0000	1.0417	0.0001	1.0416	0.0014	0.0012	0.0002	0.0004	0.0004	0.0000	0.0009	0.0008	0.0002	0.1414	0.0947	0.0467	0.0825	0.0642	0.0183	0.0589	0.0305	0.0284	3.1783	8233.2155	0.0000	23929.4562	20022.6816	0.0000	0.0000	0.0000	0.0000	7.3691	0.0033	22.2993	0.0031	0.0040	0.0002	17.6940	0.0020	36.6853
61	137	0.2438	9	1	1	1	1	0	0	0	0	N	N	N	N	N	N	N	N	N	N	N	N	0.0000	0.0000	0.0000	0.0000	0.0000	0.0000	0.0000	0.0000	0.0000	0.0000	0.0000	0.0000	0.0000	0.0000	0.0000	0.0000	0.0000	0.0000	0.0000	0.0000	4.0039	0.0000	14.0733	0.0000	0.0000	0.0000	0.0000	0.0000	0.0000	0.0000	0.0000	0.0000	0.0000	0.0000	0.0000	0.0000	0.0000	0.0000	0.0000	0.0000	0.0000	0.0000	0.0000	0.0000	0.0000	0.0000	0.0000	0.0000	0.0000	0.0000	0.0000	0.0000	0.0000	0.0000	0.0000	0.0000	0.0000	0.0000	0.0000	0.0000	0.0000	0.0000	0.0000	0.0000	0.0000	0.0000	0.0000	0.0000	0.0000	0.0000	0.0000	0.0000	0.0000	0.0000	0.0000	0.0000	0.0000	0.0000											
61	138	0.2387	8	1	1	1	1	0	0	0	0	N	N	N	N	N	N	N	N	N	N	N	N	0.0000	0.0000	0.0000	0.0000	0.0000	0.0000	0.0000	0.0000	0.0000	0.0000	0.0000	0.0000	0.0000	0.0084	0.0000	0.0217	0.0000	0.0000	0.0000	0.0115	0.0000	0.0241	inf	0.0000	0.0002	4.0039	0.0021	14.0733	2.0000	0.0000	0.0000	0.0000	0.0000	0.0000	0.0000	0.0000	0.0000	0.0000	0.0004	0.0000	0.0004	0.0000	0.0000	0.0000	0.0004	0.0000	0.0004	0.0002	0.0001	0.0000	0.0001	0.0001	0.0000	0.0001	0.0000	0.0000	0.0512	0.0314	0.0198	0.0140	0.0120	0.0020	0.0372	0.0194	0.0178	0.0000	0.0000	0.0000	0.0000	0.0000	0.0000	0.0000	0.0000	0.0000	0.0084	0.0000	0.0217	0.0000	0.0000	0.0000	0.0115	0.0000	0.0241						
61	139	0.2285	7	1	0	1	1	0	0	0	0	N	N	N	N	N	N	N	N	N	N	N	N	0.0000	0.0000	0.0000	0.0000	0.0000	0.0000	0.0000	0.0000	0.0000	0.0000	0.0000	0.0000	0.0000	0.0000	0.0000	0.0000	14.5118	0.0000	57.7178	0.0000	0.0000	0.0000	13.0699	0.0000	56.3913	3017004.9860	0.0000	0.5408	4.0039	1.0020	14.0733	3.0181	0.0000	0.0000	0.0000	0.0000	0.0000	0.0000	0.0000	0.0000	0.0000	0.9984	0.0000	0.9984	0.0000	0.0000	0.0000	0.9984	0.0000	0.9984	0.0273	0.0231	0.0041	0.0023	0.0021	0.0002	0.0250	0.0211	0.0040	0.1039	0.0632	0.0407	0.0274	0.0235	0.0040	0.0765	0.0397	0.0368	0.0000	0.0000	0.0000	0.0000	0.0000	0.0000	0.0000	0.0000	0.0000	9.6099	0.0000	24.5101	0.0000	0.0000	0.0000	13.0566	0.0000	27.1508			
61	140	0.2142	7	1	1	1	0	0	0	0	0	N	N	N	N	N	N	N	N	N	N	N	N	0.0000	0.0000	0.0000	0.0000	0.0000	0.0000	0.0000	0.0000	0.0000	0.0000	0.0000	0.0000	0.0000	0.0000	0.0000	0.0000	0.0000	0.0000	0.0000	0.0000	4.0039	0.0000	14.0733	4.0001	0.0000	0.0000	0.0000	0.0000	0.0000	0.0000	0.0000	0.0000	0.0000	0.0000	0.0000	0.0000	0.0000	0.0000	0.0000	0.0000	0.0000	0.0000	0.0000	0.0000	0.0000	0.0000	0.0000	0.0000	0.0000	0.0000	0.0000	0.1036	0.0625	0.0411	0.0254	0.0217	0.0037	0.0782	0.0408	0.0374	0.0000	0.0000	0.0000	0.0000	0.0000	0.0000	0.0000	0.0000	0.0000	0.0000	0.0000	0.0000	0.0000	0.0000	0.0000	0.0000	0.0000	0.0000											
61	141	0.5918	9	1	1	1	0	0	0	0	0	N	N	N	N	N	N	N	N	N	N	N	N	8.8146	9.3738	0.0000	0.0000	0.0000	0.0000	27.1131	16.5374	0.0026	0.0031	0.0000	0.0000	0.0000	0.0000	0.0038	0.0045	0.0000	0.0003	0.0003	0.0002	0.0004	0.0004	0.0006	0.0001	0.0003	0.0000	0.0000	0.3691	-0.0000	-0.0000	4.0039	1.0003	14.0733	5.0186	0.0001	0.0001	0.0000	0.0000	0.0000	0.0000	0.0001	0.0001	0.0000	0.0000	0.0000	0.0000	0.0000	0.0000	0.0000	0.0000	0.0000	0.0000	0.0264	0.0229	0.0035	0.0079	0.0073	0.0006	0.0185	0.0156	0.0029	0.1234	0.0832	0.0403	0.0726	0.0570	0.0156	0.0508	0.0262	0.0247	8.8146	9.3738	0.0000	0.0000	0.0000	0.0000	27.1131	16.5374	0.0000	0.0003	0.0003	0.0002	0.0004	0.0004	0.0006	0.0001	0.0003	0.0000	
61	142	0.2285	7	1	0	2	1	0	0	0	0	N	N	Y	N	N	N	N	N	N	N	N	N	0.0000	0.0000	0.0000	0.0000	0.0000	0.0000	0.0000	0.0000	0.0000	0.0000	0.0000	0.0000	0.0000	0.0031	0.0051	0.0000	0.0117	0.0137	0.0000	0.0000	0.0000	0.0000	0.0000	0.0000	-0.0003	4.0039	0.0001	14.0733	9.0026	0.0000	0.0000	0.0000	0.0000	0.0000	0.0000	0.0000	0.0000	0.0000	0.0007	0.0007	0.0000	0.0007	0.0007	0.0000	0.0000	0.0000	0.0000	0.0000	0.0000	0.0000	0.0000	0.0000	0.0000	0.0000	0.0000	0.0000	0.2275	0.1383	0.0892	0.0598	0.0511	0.0087	0.1677	0.0872	0.0805	0.0000	0.0000	0.0000	0.0000	0.0000	0.0000	0.0000	0.0000	0.0000	0.0031	0.0051	0.0000	0.0117	0.0137	0.0000	0.0000	0.0000	0.0000						
61	143	0.5773	9	1	0	2	1	0	0	0	0	N	N	Y	N	N	N	N	N	N	N	N	N	0.0000	0.0000	0.0000	0.0000	0.0000	0.0000	0.0000	0.0000	0.0000	0.0000	0.0000	0.0000	0.0000	0.0000	0.0000	0.0047	0.0070	0.0000	0.0079	0.0102	0.0000	0.0002	0.0005	0.0000	0.0000	0.0000	-0.0004	4.0039	2.0061	14.0733	8.0425	0.0000	0.0000	0.0000	0.0000	0.0000	0.0000	0.0000	0.0000	0.0000	0.0010	0.0010	0.0000	0.0010	0.0010	0.0000	0.0000	0.0000	0.0000	0.0526	0.0455	0.0072	0.0146	0.0135	0.0011	0.0381	0.0320	0.0061	0.2070	0.1384	0.0686	0.1206	0.0937	0.0269	0.0864	0.0446	0.0417	0.0000	0.0000	0.0000	0.0000	0.0000	0.0000	0.0000	0.0000	0.0000	0.0047	0.0070	0.0000	0.0079	0.0102	0.0000	0.0002	0.0005	0.0000				
61	144	0.5682	8	1	0	1	1	0	0	0	0	N	N	N	N	N	N	N	N	N	N	N	N	0.0000	0.0000	0.0000	0.0000	0.0000	0.0000	0.0000	0.0000	0.0000	0.0000	0.0000	0.0000	0.0000	0.0000	0.0000	0.0000	0.0000	0.0000	0.0210	0.0054	0.0608	0.0235	0.0066	0.1173	0.0178	0.0031	0.0366	4.3922	0.0000	0.0010	4.0039	1.9550	14.0733	2.1189	0.0000	0.0000	0.0000	0.0000	0.0000	0.0000	0.0000	0.0000	0.0000	0.0028	0.0005	0.0022	0.0017	0.0004	0.0013	0.0010	0.0001	0.0009	0.0551	0.0475	0.0076	0.0182	0.0165	0.0017	0.0369	0.0310	0.0059	0.1315	0.0945	0.0369	0.0727	0.0616	0.0111	0.0588	0.0329	0.0259	0.0000	0.0000	0.0000	0.0000	0.0000	0.0000	0.0000	0.0000	0.0000	0.0210	0.0054	0.0608	0.0235	0.0066	0.1173	0.0178	0.0031	0.0366	
61	145	0.5682	8	1	0	2	1	0	0	0	0	N	N	Y	N	N	N	N	N	N	N	N	N	0.0000	0.0000	0.0000	0.0000	0.0000	0.0000	0.0000	0.0000	0.0000	0.0000	0.0000	0.0000	0.0000	0.0000	0.0000	0.0000	0.0000	0.0000	3.8619	6.3553	0.0002	10.5526	13.8464	0.0006	0.0006	0.0011	0.0000	0.0000	0.0000	-0.7810	4.0039	2.1261	14.0733	18.6477	0.0000	0.0000	0.0000	0.0000	0.0000	0.0000	0.0000	0.0000	0.0000	1.7038	1.7038	0.0000	1.7037	1.7037	0.0000	0.0001	0.0001	0.0000	0.0596	0.0514	0.0082	0.0195	0.0177	0.0018	0.0400	0.0336	0.0064	0.4464	0.3035	0.1428	0.2513	0.2008	0.0505	0.1951	0.1028	0.0923	0.0000	0.0000	0.0000	0.0000	0.0000	0.0000	0.0000	0.0000	0.0000	3.8171	5.6135	0.0002	6.7806	8.4863	0.0006	0.0006	0.0011	0.0000	
61	146	0.2285	7	1	0	2	1	0	0	0	0	N	N	Y	N	N	N	N	N	N	N	N	N	0.0000	0.0000	0.0000	0.0000	0.0000	0.0000	0.0000	0.0000	0.0000	0.0000	0.0000	0.0000	0.0000	0.0035	0.0057	0.0000	0.0131	0.0153	0.0000	0.0000	0.0000	0.0000	0.0000	0.0000	-0.0003	4.0039	2.0001	14.0733	5.9880	0.0000	0.0000	0.0000	0.0000	0.0000	0.0000	0.0000	0.0000	0.0000	0.0007	0.0007	0.0000	0.0007	0.0007	0.0000	0.0000	0.0000	0.0000	0.0542	0.0460	0.0082	0.0045	0.0041	0.0003	0.0497	0.0419	0.0079	0.2028	0.1233	0.0795	0.0533	0.0456	0.0077	0.1494	0.0777	0.0718	0.0000	0.0000	0.0000	0.0000	0.0000	0.0000	0.0000	0.0000	0.0000	0.0035	0.0057	0.0000	0.0131	0.0153	0.0000	0.0000	0.0000	0.0000						
61	147	0.2285	7	1	0	2	1	0	0	0	0	N	N	Y	N	N	N	N	N	N	N	N	N	0.0000	0.0000	0.0000	0.0000	0.0000	0.0000	0.0000	0.0000	0.0000	0.0000	0.0000	0.0000	0.0000	0.0010	0.0016	0.0000	0.0037	0.0043	0.0000	0.0000	0.0000	0.0000	0.0000	0.0000	-0.0003	4.0039	9.0001	14.0733	23.0169	0.0000	0.0000	0.0000	0.0000	0.0000	0.0000	0.0000	0.0000	0.0000	0.0007	0.0007	0.0000	0.0007	0.0007	0.0000	0.0000	0.0000	0.0000	0.2362	0.2008	0.0354	0.0195	0.0180	0.0014	0.2167	0.1828	0.0339	0.7337	0.4461	0.2876	0.1889	0.1615	0.0275	0.5448	0.2846	0.2601	0.0000	0.0000	0.0000	0.0000	0.0000	0.0000	0.0000	0.0000	0.0000	0.0010	0.0016	0.0000	0.0037	0.0043	0.0000	0.0000	0.0000	0.0000						
61	148	0.2032	6	1	0	1	1	0	0	0	0	N	N	N	N	N	N	N	N	N	N	N	N	0.5075	1.8491	0.0001	7.6984	7.6745	0.0000	0.0000	0.0000	0.0001	0.0303	0.0357	0.0000	0.3709	0.4000	0.0000	0.0000	0.0000	0.0000	0.0597	0.0193	0.1225	0.0482	0.0521	0.0230	0.0638	0.0000	0.1324	0.0000	4.0748	-0.0007	0.0056	4.0039	1.9990	14.0733	7.9526	0.0016	0.0016	0.0000	0.0016	0.0016	0.0000	0.0000	0.0000	0.0000	0.0161	0.0032	0.0130	0.0034	0.0032	0.0002	0.0127	0.0000	0.0127	0.0545	0.0462	0.0083	0.0044	0.0041	0.0003	0.0500	0.0420	0.0080	0.2704	0.1646	0.1058	0.0706	0.0610	0.0095	0.1998	0.1036	0.0963	0.5075	1.8491	0.0001	7.6984	7.6745	0.0000	0.0000	0.0000	0.0001	0.0597	0.0193	0.1225	0.0482	0.0521	0.0230	0.0638	0.0000	0.1324
61	149	0.1713	5	2	1	1	0	0	0	0	0	Y	N	N	N	N	N	N	N	N	N	N	N	0.0039	0.0000	0.0151	0.0000	0.0000	0.0002	0.0037	0.0000	0.0165	0.0178	0.0000	0.1206	0.0000	0.0000	0.0000	0.0209	0.0000	0.1249	4.6053	2.6064	7.9649	0.1044	0.0979	0.1477	5.6665	4.0317	7.5667	126478.0460	1.5956	0.0017	0.4113	4.0039	5.3497	14.0733	17.2225	0.0030	0.0000	0.0030	0.0000	0.0000	0.0000	0.0030	0.0000	0.0030	2.6303	1.0134	1.6170	0.0169	0.0138	0.0031	2.6135	0.9996	1.6139	0.1702	0.1451	0.0251	0.0255	0.0246	0.0009	0.1447	0.1205	0.0242	0.6230	0.3888	0.2342	0.1618	0.1409	0.0209	0.4612	0.2479	0.2133	0.0042	0.0000	0.0175	0.0000	0.0000	0.0002	0.0037	0.0000	0.0165	4.2220	2.6064	6.9041	0.1044	0.0979	0.1477	5.6665	4.0317	7.5667
61	150	0.2021	6	1	1	1	0	0	0	0	0	N	N	N	N	N	N	N	N	N	N	N	N	0.0096	0.0000	0.0512	0.0015	0.0000	11.2724	0.0167	0.0000	0.0459	0.0288	0.0000	0.2204	0.0078	0.0000	0.2498	0.0364	0.0000	0.2184	2.9978	2.3011	4.3029	5.0405	5.3584	0.0222	2.1795	0.0003	4.7539	inf	0.9983	0.0025	0.0823	4.0039	3.6794	14.0733	17.4287	0.0046	0.0000	0.0046	0.0003	0.0000	0.0003	0.0042	0.0000	0.0042	1.9967	0.9992	0.9975	0.9996	0.9991	0.0005	0.9971	0.0001	0.9970	0.1579	0.1372	0.0207	0.0415	0.0402	0.0013	0.1164	0.0970	0.0194	0.6661	0.4342	0.2318	0.2086	0.1865	0.0221	0.4575	0.2478	0.2097	0.0096	0.0000	0.0512	0.0016	0.0000	11.2724	0.0167	0.0000	0.0459	2.9978	2.3011	4.3029	4.7930	5.3584	0.0222	2.1795	0.0003	4.7539
61	151	0.1713	5	1	1	1	0	0	0	0	0	N	N	N	N	N	N	N	N	N	N	N	N	0.0379	0.2147	0.0555	0.4674	0.4656	0.0001	0.0198	0.0065	0.0526	0.0571	0.0294	0.2183	0.1391	0.1428	0.0000	0.0392	0.0002	0.2254	1.5067	0.1367	3.9342	0.2976	0.3066	0.2251	1.9782	0.0280	4.2856	1.2790	16.2452	0.0008	0.3084	4.0039	3.4464	14.0733	10.1316	0.0069	0.0030	0.0039	0.0030	0.0030	0.0000	0.0039	0.0000	0.0039	0.6377	0.0370	0.6007	0.0353	0.0324	0.0030	0.6024	0.0046	0.5977	0.1208	0.1031	0.0177	0.0216	0.0211	0.0006	0.0991	0.0820	0.0172	0.4232	0.2706	0.1527	0.1187	0.1055	0.0132	0.3045	0.1650	0.1395	0.0379	0.2147	0.0555	0.4674	0.4656	0.0001	0.0198	0.0065	0.0526	1.5067	0.1367	3.9342	0.2976	0.3066	0.2251	1.9782	0.0280	4.2856
61	152	0.5986	11	2	1	1	0	0	0	0	0	Y	N	N	N	N	N	N	N	N	N	N	N	0.0000	0.0000	0.0000	0.0000	0.0000	0.0000	0.0000	0.0000	0.0000	0.0000	0.0000	0.0000	0.0000	0.0000	0.0000	0.0000	4.0266	0.0000	24.2852	0.0000	0.0000	0.0000	9.3746	0.0000	41.5419	33654740.2394	0.0000	0.5407	4.0039	1.0143	14.0733	12.0086	0.0000	0.0000	0.0000	0.0000	0.0000	0.0000	0.0000	0.0000	0.0000	0.9983	0.0000	0.9983	0.0000	0.0000	0.0000	0.9983	0.0000	0.9983	0.0273	0.0237	0.0036	0.0083	0.0077	0.0006	0.0190	0.0160	0.0030	0.2567	0.1727	0.0840	0.1502	0.1177	0.0325	0.1065	0.0550	0.0515	0.0000	0.0000	0.0000	0.0000	0.0000	0.0000	0.0000	0.0000	0.0000	3.8892	0.0000	11.8872	0.0000	0.0000	0.0000	9.3746	0.0000	19.3927			
61	153	0.5964	10	2	1	1	0	0	0	0	0	Y	N	N	N	N	N	N	N	N	N	N	N	0.0000	0.0000	0.0000	0.0000	0.0000	0.0000	0.0000	0.0000	0.0000	0.0000	0.0000	0.0000	0.0000	0.0000	0.0000	0.0000	0.0642	0.0063	0.1838	0.0072	0.0092	0.0000	0.1466	0.0000	0.3011	14.0164	0.0000	0.0006	4.0039	0.9811	14.0733	0.0216	0.0000	0.0000	0.0000	0.0000	0.0000	0.0000	0.0000	0.0000	0.0000	0.0013	0.0001	0.0013	0.0001	0.0001	0.0000	0.0013	0.0000	0.0013	0.0261	0.0227	0.0035	0.0078	0.0073	0.0006	0.0183	0.0154	0.0029	0.0210	0.0142	0.0069	0.0124	0.0097	0.0027	0.0086	0.0044	0.0042	0.0000	0.0000	0.0000	0.0000	0.0000	0.0000	0.0000	0.0000	0.0000	0.0642	0.0063	0.1838	0.0072	0.0092	0.0000	0.1466	0.0000	0.3011			
61	154	0.5918	9	2	1	1	0	0	0	0	0	Y	N	N	N	N	N	N	N	N	N	N	N	93.1712	342.3758	0.0000	0.0000	0.0000	0.0000	79.3878	666.2749	0.0000	0.2762	0.3201	0.0000	0.0000	0.0000	0.0000	0.4367	0.5203	0.0000	0.0030	0.0009	0.0072	0.0012	0.0010	0.0019	0.0055	0.0008	0.0105	0.0000	3.6929	-0.0000	0.0000	4.0039	0.0083	14.0733	2.0001	0.0001	0.0001	0.0000	0.0000	0.0000	0.0000	0.0001	0.0001	0.0000	0.0001	0.0000	0.0001	0.0000	0.0000	0.0000	0.0001	0.0000	0.0001	0.0003	0.0002	0.0000	0.0001	0.0001	0.0000	0.0002	0.0001	0.0000	0.0429	0.0289	0.0139	0.0252	0.0199	0.0053	0.0176	0.0091	0.0086	93.1712	342.3758	0.0000	0.0000	0.0000	0.0000	79.3878	666.2749	0.0000	0.0030	0.0009	0.0072	0.0012	0.0010	0.0019	0.0055	0.0008	0.0105
61	155	0.5682	8	1	1	1	0	0	0	0	0	N	N	N	N	N	N	N	N	N	N	N	N	1737.1075	5093.2145	0.0000	0.0000	0.0000	0.0000	14716.3703	11977.6584	0.0000	12.4932	14.4653	0.0000	0.0000	0.0000	0.0000	18.3397	21.8018	0.0000	0.0072	0.0028	0.0170	0.0118	0.0034	0.0487	0.0012	0.0018	0.0006	0.0000	2.6580	-0.4411	0.0005	4.0039	2.9180	14.0733	7.4065	0.9999	0.9999	0.0000	0.0000	0.0000	0.0000	0.9999	0.9999	0.0000	0.0018	0.0005	0.0013	0.0017	0.0004	0.0013	0.0001	0.0001	0.0000	0.0800	0.0691	0.0109	0.0255	0.0233	0.0023	0.0545	0.0459	0.0087	0.2543	0.1760	0.0783	0.1429	0.1162	0.0267	0.1114	0.0598	0.0516	1737.1075	5093.2145	0.0000	0.0000	0.0000	0.0000	14716.3703	11977.6584	0.0000	0.0072	0.0028	0.0170	0.0118	0.0034	0.0487	0.0012	0.0018	0.0006
61	156	0.5023	7	1	0	1	0	0	0	0	0	N	N	N	N	N	N	N	N	N	N	N	N	0.0754	0.0627	0.1563	0.1816	0.2458	0.0830	0.0150	0.0000	0.3853	0.0017	0.0015	0.0029	0.0035	0.0035	0.0034	0.0004	0.0000	0.0027	0.0225	0.0242	0.0186	0.0192	0.0142	0.0415	0.0268	0.0448	0.0069	0.2803	0.3430	-0.0001	-0.0033	4.0039	8.2479	14.0733	19.7214	0.0006	0.0005	0.0001	0.0005	0.0005	0.0000	0.0001	0.0000	0.0001	0.0164	0.0122	0.0042	0.0080	0.0048	0.0032	0.0084	0.0074	0.0010	0.3412	0.2977	0.0435	0.1429	0.1293	0.0136	0.1983	0.1684	0.0299	0.7295	0.5046	0.2249	0.4160	0.3399	0.0761	0.3135	0.1647	0.1488	0.0754	0.0627	0.1563	0.1816	0.2458	0.0830	0.0150	0.0000	0.3853	0.0225	0.0242	0.0186	0.0192	0.0142	0.0415	0.0268	0.0448	0.0069
61	157	0.4662	6	1	0	1	0	0	0	0	0	N	N	N	N	N	N	N	N	N	N	N	N	0.7067	1.2454	0.0353	1.9737	2.8591	0.0230	0.0138	0.0069	0.0435	0.0713	0.0812	0.0065	0.2209	0.2413	0.0054	0.0012	0.0002	0.0068	0.1009	0.0652	0.1839	0.1119	0.0844	0.2330	0.0852	0.0234	0.1561	0.0121	1.2162	-0.0073	0.0065	4.0039	7.4725	14.0733	14.3153	0.0170	0.0168	0.0002	0.0168	0.0168	0.0000	0.0002	0.0000	0.0002	0.0718	0.0324	0.0394	0.0468	0.0287	0.0181	0.0250	0.0037	0.0213	0.2386	0.2072	0.0314	0.0762	0.0696	0.0066	0.1624	0.1376	0.0249	0.7112	0.4970	0.2142	0.4178	0.3404	0.0775	0.2933	0.1566	0.1367	0.7067	1.2454	0.0353	1.9737	2.8591	0.0230	0.0138	0.0069	0.0435	0.1009	0.0652	0.1839	0.1119	0.0844	0.2330	0.0852	0.0234	0.1561
61	158	0.4007	5	1	0	1	0	0	0	0	0	N	N	N	N	N	N	N	N	N	N	N	N	2.7761	34.1601	0.0324	21.7620	98.5362	0.0000	0.0155	0.1635	0.0334	2.7950	3.1897	0.1026	10.7414	11.4055	0.0001	0.0250	0.0086	0.1163	1.0068	0.0934	3.1653	0.4936	0.1157	2.4217	1.6129	0.0528	3.4816	0.0047	14.3450	-0.4303	0.4917	4.0039	11.6653	14.0733	19.4910	0.9860	0.9814	0.0046	0.9794	0.9794	0.0000	0.0065	0.0019	0.0046	1.0321	0.0673	0.9648	0.2740	0.0537	0.2203	0.7581	0.0135	0.7446	0.3528	0.3077	0.0451	0.0912	0.0859	0.0053	0.2616	0.2218	0.0398	1.0251	0.7203	0.3048	0.5551	0.4641	0.0909	0.4700	0.2562	0.2139	2.7761	34.1601	0.0324	21.7620	98.5362	0.0000	0.0155	0.1635	0.0334	1.0068	0.0934	3.1653	0.4936	0.1157	2.4217	1.6129	0.0528	3.4816
61	159	0.3534	4	1	0	1	0	0	0	0	0	N	N	N	N	N	N	N	N	N	N	N	N	0.0527	0.2378	0.0023	0.1202	0.2263	0.0017	0.0290	0.4315	0.0023	0.0714	0.0803	0.0087	0.0910	0.0975	0.0042	0.0605	0.0697	0.0099	1.3563	0.3377	3.7830	0.7570	0.4305	2.4823	2.0842	0.1616	4.3277	0.0153	4.7023	-0.0086	0.5410	4.0039	7.3933	14.0733	20.5306	0.0202	0.0199	0.0003	0.0092	0.0092	0.0000	0.0109	0.0107	0.0003	1.4771	0.2590	1.2180	0.4521	0.2162	0.2359	1.0249	0.0428	0.9821	0.2824	0.2475	0.0350	0.1016	0.0945	0.0071	0.1808	0.1529	0.0279	1.0891	0.7671	0.3220	0.5973	0.5023	0.0950	0.4918	0.2648	0.2269	0.0527	0.2378	0.0023	0.1202	0.2263	0.0017	0.0290	0.4315	0.0023	1.3563	0.3377	3.7830	0.7570	0.4305	2.4823	2.0842	0.1616	4.3277
61	160	0.1173	3	1	0	1	0	0	0	0	0	N	N	N	N	N	N	N	N	N	N	N	N	0.8279	1.8720	0.0153	0.2797	0.2533	0.0000	0.6868	1.4101	0.0143	1.5817	1.8484	0.0507	0.0102	0.0110	0.0000	1.6559	1.9431	0.0518	1.9104	0.9874	3.3105	0.0364	0.0435	0.0004	2.4110	1.3780	3.6245	0.0048	2.2102	-0.4339	0.7163	4.0039	27.6416	14.0733	54.6365	0.9943	0.9895	0.0047	0.0003	0.0003	0.0000	0.9940	0.9893	0.0047	3.1126	0.9696	2.1430	0.0125	0.0125	0.0000	3.1001	0.9571	2.1430	0.6286	0.5354	0.0933	0.0283	0.0262	0.0021	0.6003	0.5091	0.0912	1.6293	0.9820	0.6473	0.3435	0.2874	0.0561	1.2858	0.6945	0.5912	0.8279	1.8720	0.0153	0.2797	0.2533	0.0000	0.6868	1.4101	0.0143	1.9104	0.9874	3.3105	0.0364	0.0435	0.0004	2.4110	1.3780	3.6245
61	161	0.2218	9	2	1	1	0	0	0	0	0	Y	N	N	N	N	N	N	N	N	N	N	N	0.0000	0.0000	0.0000	0.0000	0.0000	0.0000	0.0000	0.0000	0.0000	0.0000	0.0000	0.0000	0.0000	0.0000	0.0000	0.0000	0.0000	0.0000	0.0000	-0.0000	4.0039	0.0002	14.0733	3.0099	0.0000	0.0000	0.0000	0.0000	0.0000	0.0000	0.0000	0.0000	0.0000	0.0000	0.0000	0.0000	0.0000	0.0000	0.0000	0.0000	0.0000	0.0000	0.0000	0.0000	0.0000	0.0000	0.0000	0.0000	0.0000	0.0000	0.0000	0.0800	0.0487	0.0313	0.0202	0.0174	0.0028	0.0598	0.0313	0.0285	0.0000	0.0000	0.0000	0.0000	0.0000	0.0000	0.0000	0.0000	0.0000	0.0000	0.0000	0.0000	0.0000	0.0000	0.0000	0.0000	0.0000	0.0000											
61	162	0.2142	8	2	1	1	0	0	0	0	0	Y	N	N	N	N	N	N	N	N	N	N	N	0.0000	0.0000	0.0000	0.0000	0.0000	0.0000	0.0000	0.0000	0.0000	0.0000	0.0000	0.0000	0.0000	0.0000	0.0000	0.0000	0.0000	0.0000	0.0000	0.0000	4.0039	0.9998	14.0733	2.0118	0.0000	0.0000	0.0000	0.0000	0.0000	0.0000	0.0000	0.0000	0.0000	0.0000	0.0000	0.0000	0.0000	0.0000	0.0000	0.0000	0.0000	0.0000	0.0272	0.0231	0.0041	0.0022	0.0020	0.0002	0.0251	0.0211	0.0040	0.0784	0.0473	0.0311	0.0193	0.0164	0.0028	0.0591	0.0308	0.0283	0.0000	0.0000	0.0000	0.0000	0.0000	0.0000	0.0000	0.0000	0.0000	0.0000	0.0000	0.0000	0.0000	0.0000	0.0000	0.0000	0.0000	0.0000											
61	163	0.2142	7	2	1	1	0	0	0	0	0	Y	N	N	N	N	N	N	N	N	N	N	N	0.0000	0.0000	0.0000	0.0000	0.0000	0.0000	0.0000	0.0000	0.0000	0.0000	0.0000	0.0000	0.0000	0.0000	0.0000	0.0000	0.0000	0.0000	0.0000	0.0000	4.0039	0.0000	14.0733	0.0003	0.0000	0.0000	0.0000	0.0000	0.0000	0.0000	0.0000	0.0000	0.0000	0.0000	0.0000	0.0000	0.0000	0.0000	0.0000	0.0000	0.0000	0.0000	0.0000	0.0000	0.0000	0.0000	0.0000	0.0000	0.0000	0.0000	0.0000	0.0000	0.0000	0.0000	0.0000	0.0000	0.0000	0.0000	0.0000	0.0000	0.0000	0.0000	0.0000	0.0000	0.0000	0.0000	0.0000	0.0000	0.0000	0.0000	0.0000	0.0000	0.0000	0.0000	0.0000	0.0000	0.0000	0.0000											
61	164	0.2032	6	1	1	1	0	0	0	0	0	N	N	N	N	N	N	N	N	N	N	N	N	30.2270	110.9708	0.0029	114.3140	107.7643	0.0000	0.0015	0.0000	0.0027	3.5040	4.2445	0.0007	10.0739	10.1503	0.0000	0.0002	0.0000	0.0007	0.1159	0.0382	0.2409	0.0881	0.0942	0.0460	0.1271	0.0000	0.2611	0.0000	3.9147	-0.0007	0.0052	4.0039	0.0063	14.0733	4.3641	0.0016	0.0016	0.0000	0.0016	0.0016	0.0000	0.0000	0.0000	0.0000	0.0154	0.0031	0.0123	0.0034	0.0031	0.0002	0.0120	0.0000	0.0120	0.0005	0.0004	0.0001	0.0002	0.0002	0.0000	0.0003	0.0002	0.0001	0.1328	0.0819	0.0509	0.0380	0.0333	0.0048	0.0948	0.0486	0.0461	30.2270	110.9708	0.0029	114.3140	107.7643	0.0000	0.0015	0.0000	0.0027	0.1159	0.0382	0.2409	0.0881	0.0942	0.0460	0.1271	0.0000	0.2611
61	165	0.1713	5	1	0	1	0	0	0	0	0	N	N	N	N	N	N	N	N	N	N	N	N	3.0274	8.0303	0.0005	14.8452	13.5211	0.0212	0.0002	0.0000	0.0006	10.3186	12.0836	0.0042	50.3636	51.4321	0.0000	0.0008	0.0000	0.0043	3.4084	1.5047	7.8658	3.3926	3.8039	0.0022	3.4147	0.0042	7.4648	0.0001	2.5277	-0.4389	0.3513	4.0039	2.5207	14.0733	10.0226	0.9951	0.9950	0.0001	0.9950	0.9950	0.0000	0.0001	0.0000	0.0001	1.3608	0.3857	0.9751	0.3851	0.3851	0.0000	0.9757	0.0007	0.9750	0.0964	0.0823	0.0141	0.0198	0.0193	0.0004	0.0767	0.0630	0.0137	0.3993	0.2564	0.1429	0.1135	0.1012	0.0123	0.2857	0.1551	0.1306	3.0274	8.0303	0.0006	14.8452	13.5211	0.0212	0.0002	0.0000	0.0006	3.4084	1.5047	6.8235	3.3926	3.8039	0.0022	3.4147	0.0042	7.4648
61	166	0.1557	4	1	0	1	0	0	0	0	0	N	N	N	N	N	N	N	N	N	N	N	N	0.0256	0.0850	0.0286	0.1501	0.1377	0.6944	0.0096	0.0000	0.0257	0.0426	0.0296	0.1240	0.1006	0.0986	0.1415	0.0210	0.0000	0.1222	1.6627	0.3484	4.3411	0.6707	0.7161	0.2038	2.1813	0.0271	4.7631	0.6705	6.1134	-0.0002	0.2161	4.0039	2.6894	14.0733	4.6619	0.0050	0.0030	0.0020	0.0032	0.0030	0.0002	0.0018	0.0000	0.0018	0.5388	0.0757	0.4630	0.0746	0.0726	0.0020	0.4642	0.0031	0.4610	0.1174	0.1012	0.0162	0.0318	0.0304	0.0015	0.0855	0.0708	0.0147	0.3240	0.2174	0.1067	0.1112	0.1014	0.0099	0.2128	0.1160	0.0968	0.0256	0.0850	0.0286	0.1501	0.1377	0.6944	0.0096	0.0000	0.0257	1.6627	0.3484	4.3411	0.6707	0.7161	0.2038	2.1813	0.0271	4.7631
61	167	0.1173	3	1	0	1	0	0	0	0	0	N	N	N	N	N	N	N	N	N	N	N	N	0.0330	0.0054	0.6669	0.0371	0.0330	0.0000	0.1715	0.0000	0.5952	0.0632	0.0150	0.3273	0.2729	0.2942	0.0000	0.0529	0.0000	0.3346	1.9173	2.7714	0.4908	7.3476	8.9113	0.0345	0.3087	0.0874	0.5623	3.9667	0.1060	0.0016	-0.2680	4.0039	2.7966	14.0733	8.5340	0.0045	0.0009	0.0036	0.0009	0.0009	0.0000	0.0036	0.0000	0.0036	0.7394	0.6685	0.0709	0.6567	0.6560	0.0007	0.0827	0.0125	0.0702	0.0713	0.0603	0.0110	0.0033	0.0031	0.0002	0.0679	0.0572	0.0107	0.3856	0.2412	0.1444	0.1177	0.0981	0.0196	0.2679	0.1431	0.1249	0.0330	0.0054	0.6669	0.0489	0.0440	0.0000	0.1715	0.0000	0.5952	1.9173	2.7714	0.4908	5.5803	6.6856	0.0345	0.3087	0.0874	0.5623
62	63	0.1714	5	1	0	2	0	0	0	0	0	N	N	Y	N	N	N	N	N	N	N	N	N	0.0000	0.0000	0.0000	0.0000	0.0000	0.0000	0.0000	0.0000	0.0000	0.0000	0.0000	0.0000	0.0000	0.0000	0.0000	0.0000	0.0000	0.0000	1.8239	2.6448	0.0485	0.0265	0.0169	0.0803	3.3803	6.2226	0.0395	0.0085	0.0000	-0.4494	0.0060	1.0230	17.2393	12.1924	0.0000	0.0000	0.0000	0.0000	0.0000	0.0000	0.0000	0.0000	0.0000	0.9988	0.9904	0.0084	0.0067	0.0037	0.0031	0.9921	0.9868	0.0053	0.0002	0.0002	0.0000	0.0001	0.0001	0.0000	0.0001	0.0001	0.0000	0.5476	0.3745	0.1731	0.2541	0.2159	0.0382	0.2935	0.1586	0.1349	0.0000	0.0000	0.0000	0.0000	0.0000	0.0000	0.0000	0.0000	0.0000	1.8239	2.6448	0.0485	0.0265	0.0169	0.0803	3.3803	6.2226	0.0395	
62	64	0.1346	4	1	0	1	0	0	0	0	0	N	N	N	N	N	N	N	N	N	N	N	N	0.0000	0.0000	0.0000	0.0000	0.0000	0.0000	0.0000	0.0000	0.0000	0.0000	0.0000	0.0000	0.0000	0.0000	0.0000	0.0000	0.0000	0.0000	2.7211	4.6052	0.0248	0.0291	0.0320	0.0140	3.7208	7.4849	0.0261	0.0038	0.0000	-0.4619	0.0060	2.4556	17.2393	12.4191	0.0000	0.0000	0.0000	0.0000	0.0000	0.0000	0.0000	0.0000	0.0000	1.0159	1.0121	0.0038	0.0029	0.0027	0.0002	1.0130	1.0094	0.0036	0.0004	0.0004	0.0001	0.0002	0.0002	0.0000	0.0003	0.0002	0.0001	0.3734	0.2198	0.1535	0.1011	0.0850	0.0161	0.2722	0.1349	0.1374	0.0000	0.0000	0.0000	0.0000	0.0000	0.0000	0.0000	0.0000	0.0000	2.7211	4.6039	0.0248	0.0291	0.0320	0.0140	3.7208	7.4849	0.0261	
62	65	0.2570	6	1	1	1	0	0	0	0	0	N	N	N	N	N	N	N	N	N	N	N	N	0.0193	0.0000	819.4793	0.0002	0.0000	262.4208	5.2073	0.0000	1039.3893	0.0539	0.0000	0.2496	0.0025	0.0000	0.1508	0.0957	0.0000	0.2531	2.7844	4.1455	0.0003	10.3528	11.7927	0.0006	0.0184	0.0336	0.0002	15317.5000	0.0000	0.0000	-0.4565	0.0060	1.7555	17.2393	11.9300	0.0000	0.0000	0.0000	0.0000	0.0000	0.0000	0.0000	0.0000	0.0000	0.9961	0.9960	0.0000	0.9922	0.9922	0.0000	0.0039	0.0038	0.0000	0.0003	0.0003	0.0001	0.0002	0.0002	0.0000	0.0002	0.0001	0.0001	0.3577	0.2403	0.1175	0.1480	0.1263	0.0217	0.2098	0.1140	0.0958	0.0193	0.0000	819.4793	0.0004	0.0000	262.4208	5.2073	0.0000	1039.3893	2.7844	4.1455	0.0003	6.7052	7.8569	0.0006	0.0184	0.0336	0.0002
62	66	0.1322	6	2	1	2	0	0	0	0	0	Y	N	Y	N	N	N	N	N	N	N	N	N	0.0000	0.0000	0.0000	0.0000	0.0000	0.0000	0.0000	0.0000	0.0000	0.0000	0.0000	0.0000	0.0000	0.0000	0.0000	0.0000	0.0000	0.0000	0.0000	0.0000	0.0060	0.0000	17.2393	0.0000	0.0000	0.0000	0.0000	0.0000	0.0000	0.0000	0.0000	0.0000	0.0000	0.0000	0.0000	0.0000	0.0000	0.0000	0.0000	0.0000	0.0000	0.0000	0.0000	0.0000	0.0000	0.0000	0.0000	0.0000	0.0000	0.0000	0.0000	0.0000	0.0000	0.0000	0.0000	0.0000	0.0000	0.0000	0.0000	0.0000	0.0000	0.0000	0.0000	0.0000	0.0000	0.0000	0.0000	0.0000	0.0000	0.0000	0.0000	0.0000	0.0000	0.0000	0.0000	0.0000	0.0000	0.0000											
62	67	0.7405	11	2	1	2	0	0	0	0	0	Y	N	Y	N	N	N	N	N	N	N	N	N	0.0000	0.0000	0.0000	0.0000	0.0000	0.0000	0.0000	0.0000	0.0000	0.0000	0.0000	0.0000	0.0000	0.0000	0.0000	0.0000	0.0000	0.0000	0.0000	0.0000	0.0060	1.0000	17.2393	3.0000	0.0000	0.0000	0.0000	0.0000	0.0000	0.0000	0.0000	0.0000	0.0000	0.0000	0.0000	0.0000	0.0000	0.0000	0.0000	0.0000	0.0000	0.0000	0.0000	0.0000	0.0000	0.0000	0.0000	0.0000	0.0000	0.0000	0.0000	0.0712	0.0489	0.0222	0.0444	0.0346	0.0098	0.0267	0.0143	0.0124	0.0000	0.0000	0.0000	0.0000	0.0000	0.0000	0.0000	0.0000	0.0000	0.0000	0.0000	0.0000	0.0000	0.0000	0.0000	0.0000	0.0000	0.0000											
62	68	0.1322	6	2	1	2	0	0	0	0	0	Y	N	Y	N	N	N	N	N	N	N	N	N	0.0000	0.0000	0.0000	0.0000	0.0000	0.0000	0.0000	0.0000	0.0000	0.0000	0.0000	0.0000	0.0000	0.0000	0.0000	0.0000	0.0000	0.0000	0.0000	0.0000	0.0060	1.0000	17.2393	0.0000	0.0000	0.0000	0.0000	0.0000	0.0000	0.0000	0.0000	0.0000	0.0000	0.0000	0.0000	0.0000	0.0000	0.0000	0.0000	0.0000	0.0000	0.0000	0.0002	0.0002	0.0000	0.0001	0.0001	0.0000	0.0001	0.0001	0.0000	0.0240	0.0137	0.0103	0.0047	0.0038	0.0008	0.0193	0.0098	0.0095	0.0000	0.0000	0.0000	0.0000	0.0000	0.0000	0.0000	0.0000	0.0000	0.0000	0.0000	0.0000	0.0000	0.0000	0.0000	0.0000	0.0000	0.0000											
62	69	0.1158	5	2	1	2	0	0	0	0	0	Y	N	Y	N	N	N	N	N	N	N	N	N	1.2019	0.8965	0.0000	0.3508	0.3991	0.0000	1.0540	2511.5881	0.0000	0.1743	0.2233	0.0000	0.2736	0.3708	0.0000	0.0024	0.0029	0.0000	0.1451	0.2491	0.0057	0.7800	0.9291	0.0176	0.0023	0.0000	0.0048	0.0000	0.0170	-0.0000	-0.0109	0.0060	1.0155	17.2393	5.9708	0.0001	0.0001	0.0000	0.0001	0.0001	0.0000	0.0000	0.0000	0.0000	0.0246	0.0242	0.0004	0.0243	0.0242	0.0001	0.0003	0.0000	0.0003	0.0006	0.0004	0.0001	0.0004	0.0003	0.0001	0.0002	0.0002	0.0000	0.1698	0.0973	0.0726	0.0312	0.0261	0.0051	0.1387	0.0712	0.0675	1.2019	0.8965	0.0000	0.3508	0.3991	0.0000	1.0540	2511.5881	0.0000	0.1451	0.2491	0.0057	0.7800	0.9291	0.0176	0.0023	0.0000	0.0048
62	70	0.1111	4	2	0	2	0	0	0	0	0	Y	N	Y	N	N	N	N	N	N	N	N	N	1.1701	2.5168	0.0386	0.6185	0.9156	0.0011	2.6466	92.7514	0.5091	0.5282	0.6992	0.0300	0.3322	0.4897	0.0006	1.0732	1.1245	0.4002	0.4514	0.2778	0.7761	0.5372	0.5348	0.5827	0.4055	0.0121	0.7861	0.0147	1.4929	-0.0001	0.0077	0.0060	0.0406	17.2393	2.3361	0.0002	0.0002	0.0000	0.0001	0.0001	0.0000	0.0001	0.0001	0.0000	0.0546	0.0219	0.0327	0.0227	0.0214	0.0012	0.0320	0.0005	0.0315	0.0003	0.0003	0.0001	0.0003	0.0002	0.0001	0.0001	0.0001	0.0000	0.1210	0.0789	0.0422	0.0422	0.0401	0.0021	0.0789	0.0388	0.0401	1.1701	2.5168	0.0386	0.6185	0.9156	0.0011	2.6466	92.7514	0.5091	0.4514	0.2778	0.7761	0.5372	0.5348	0.5827	0.4055	0.0121	0.7861
62	71	0.7405	11	2	1	2	0	0	0	0	0	Y	N	Y	N	N	N	N	N	N	N	N	N	0.0000	0.0000	0.0000	0.0000	0.0000	0.0000	0.0000	0.0000	0.0000	0.0000	0.0000	0.0000	0.0000	0.0000	0.0000	0.0000	0.0000	0.0000	0.0000	0.0000	0.0060	0.0000	17.2393	0.0000	0.0000	0.0000	0.0000	0.0000	0.0000	0.0000	0.0000	0.0000	0.0000	0.0000	0.0000	0.0000	0.0000	0.0000	0.0000	0.0000	0.0000	0.0000	0.0000	0.0000	0.0000	0.0000	0.0000	0.0000	0.0000	0.0000	0.0000	0.0000	0.0000	0.0000	0.0000	0.0000	0.0000	0.0000	0.0000	0.0000	0.0000	0.0000	0.0000	0.0000	0.0000	0.0000	0.0000	0.0000	0.0000	0.0000	0.0000	0.0000	0.0000	0.0000	0.0000	0.0000	0.0000	0.0000											
62	72	0.7225	10	2	1	2	0	0	0	0	0	Y	N	Y	N	N	N	N	N	N	N	N	N	41.8813	47.3926	0.0000	80.2297	93.1769	0.0000	0.0000	0.0000	0.0000	0.0106	0.0120	0.0000	0.0268	0.0284	0.0000	0.0000	0.0000	0.0000	0.0003	0.0003	0.0003	0.0003	0.0003	0.0004	0.0000	0.0001	0.0000	0.0000	0.4290	-0.0000	-0.0000	0.0060	3.9057	17.2393	1.1104	0.0000	0.0000	0.0000	0.0000	0.0000	0.0000	0.0000	0.0000	0.0000	0.0000	0.0000	0.0000	0.0000	0.0000	0.0000	0.0000	0.0000	0.0000	0.0002	0.0002	0.0000	0.0001	0.0001	0.0000	0.0001	0.0001	0.0000	0.1316	0.0921	0.0395	0.0960	0.0729	0.0231	0.0356	0.0191	0.0165	41.8813	47.3926	0.0000	80.2297	93.1769	0.0000	0.0000	0.0000	0.0000	0.0003	0.0003	0.0003	0.0003	0.0003	0.0004	0.0000	0.0001	0.0000
62	73	0.5197	8	2	1	1	0	0	0	0	0	Y	N	N	N	N	N	N	N	N	N	N	N	0.0000	0.0000	0.0000	0.0000	0.0000	0.0000	0.0000	0.0000	0.0000	0.0000	0.0000	0.0000	0.0000	0.0000	0.0000	0.0000	0.0000	0.0000	3.4028	2.5020	5.3895	0.0383	0.0308	0.0782	7.3116	7.2354	7.3910	0.9767	0.0000	0.0706	0.0060	6.9070	17.2393	16.5673	0.0000	0.0000	0.0000	0.0000	0.0000	0.0000	0.0000	0.0000	0.0000	1.9742	0.9987	0.9755	0.0120	0.0081	0.0039	1.9622	0.9906	0.9716	0.0014	0.0012	0.0002	0.0007	0.0007	0.0000	0.0007	0.0006	0.0002	0.5802	0.3992	0.1810	0.3118	0.2623	0.0495	0.2684	0.1369	0.1315	0.0000	0.0000	0.0000	0.0000	0.0000	0.0000	0.0000	0.0000	0.0000	3.4028	2.5020	5.3895	0.0383	0.0308	0.0782	7.3116	7.2354	7.3910	
62	74	0.5836	10	1	1	1	1	0	0	0	0	N	N	N	N	N	N	N	N	N	N	N	N	0.0000	0.0000	0.0000	0.0000	0.0000	0.0000	0.0000	0.0000	0.0000	0.0000	0.0000	0.0000	0.0000	0.0000	0.0000	0.0000	0.0000	0.0000	2.1638	3.1120	0.0819	3.6369	4.3797	0.0026	0.0623	0.0015	0.1191	0.0120	-0.0000	-0.5387	0.0060	6.4226	17.2393	19.3377	0.0000	0.0000	0.0000	0.0000	0.0000	0.0000	0.0000	0.0000	0.0000	1.2065	1.1922	0.0143	1.1922	1.1920	0.0001	0.0143	0.0002	0.0142	0.0011	0.0010	0.0002	0.0005	0.0005	0.0000	0.0006	0.0005	0.0001	0.5576	0.3831	0.1745	0.3278	0.2722	0.0556	0.2298	0.1109	0.1188	0.0000	0.0000	0.0000	0.0000	0.0000	0.0000	0.0000	0.0000	0.0000	2.1638	3.1120	0.0819	3.6369	4.3797	0.0026	0.0623	0.0015	0.1191	
62	75	0.5384	9	1	0	1	1	0	0	0	0	N	N	N	N	N	N	N	N	N	N	N	N	0.0001	0.0001	0.0000	0.0003	0.0002	0.0000	0.0000	0.0000	0.0000	0.0002	0.0002	0.0000	0.0004	0.0004	0.0000	0.0000	0.0000	0.0000	2.1437	1.3639	3.8803	1.3443	1.5442	0.0810	3.0954	0.9807	5.0775	0.0000	1.2776	-0.0000	0.1762	0.0060	5.1932	17.2393	17.4397	0.0000	0.0000	0.0000	0.0000	0.0000	0.0000	0.0000	0.0000	0.0000	1.7176	0.7541	0.9635	0.5854	0.5806	0.0048	1.1322	0.1735	0.9586	0.0010	0.0008	0.0001	0.0004	0.0004	0.0000	0.0005	0.0004	0.0001	0.8012	0.5529	0.2483	0.4355	0.3760	0.0595	0.3658	0.1770	0.1888	0.0001	0.0001	0.0000	0.0003	0.0002	0.0000	0.0000	0.0000	0.0000	2.1437	1.3639	3.8803	1.3443	1.5442	0.0810	3.0954	0.9807	5.0775
62	76	0.5014	8	1	0	1	0	0	0	0	0	N	N	N	N	N	N	N	N	N	N	N	N	0.0181	0.0193	0.0005	0.0582	0.0529	0.0000	0.0002	0.0002	0.0004	0.0199	0.0234	0.0004	0.0418	0.0429	0.0000	0.0004	0.0003	0.0004	1.0954	1.2093	0.8255	0.7188	0.8114	0.1740	1.5824	2.0750	1.0741	0.0031	0.2878	-0.0000	-0.2319	0.0060	4.4918	17.2393	17.5337	0.0000	0.0000	0.0000	0.0000	0.0000	0.0000	0.0000	0.0000	0.0000	0.9874	0.7667	0.2207	0.3654	0.3525	0.0128	0.6220	0.4142	0.2078	0.0009	0.0008	0.0001	0.0004	0.0004	0.0000	0.0005	0.0004	0.0001	0.9014	0.6341	0.2673	0.5083	0.4344	0.0738	0.3931	0.1996	0.1935	0.0181	0.0193	0.0005	0.0582	0.0529	0.0000	0.0002	0.0002	0.0004	1.0954	1.2093	0.8255	0.7188	0.8114	0.1740	1.5824	2.0750	1.0741
62	77	0.2305	7	1	0	1	1	0	0	0	0	N	N	N	N	N	N	N	N	N	N	N	N	0.0000	0.0000	0.0000	0.0000	0.0000	0.0000	0.0000	0.0000	0.0000	0.0000	0.0000	0.0000	0.0000	0.0000	0.0000	0.0000	0.0000	0.0000	2.6551	4.0400	0.0018	0.0049	0.0050	0.0043	4.6014	8.8039	0.0012	0.0002	0.0000	-0.4550	0.0060	0.3745	17.2393	14.7996	0.0000	0.0000	0.0000	0.0000	0.0000	0.0000	0.0000	0.0000	0.0000	0.9933	0.9930	0.0002	0.0008	0.0007	0.0001	0.9925	0.9924	0.0001	0.0001	0.0001	0.0000	0.0000	0.0000	0.0000	0.0000	0.0000	0.0000	0.3741	0.2458	0.1283	0.1584	0.1331	0.0253	0.2157	0.1127	0.1030	0.0000	0.0000	0.0000	0.0000	0.0000	0.0000	0.0000	0.0000	0.0000	2.6551	4.0400	0.0018	0.0049	0.0050	0.0043	4.6014	8.8039	0.0012	
62	78	0.2082	6	1	0	1	1	0	0	0	0	N	N	N	N	N	N	N	N	N	N	N	N	0.0000	0.0000	0.0000	0.0000	0.0000	0.0000	0.0000	0.0000	0.0000	0.0000	0.0000	0.0000	0.0000	0.0000	0.0000	0.0000	0.0000	0.0000	0.2490	0.3229	0.1046	0.2394	0.2806	0.0214	0.2559	0.3710	0.1249	0.1658	0.0000	-0.0266	0.0060	1.4595	17.2393	10.3922	0.0000	0.0000	0.0000	0.0000	0.0000	0.0000	0.0000	0.0000	0.0000	0.0842	0.0722	0.0120	0.0338	0.0333	0.0005	0.0503	0.0388	0.0115	0.0003	0.0002	0.0000	0.0001	0.0001	0.0000	0.0002	0.0001	0.0000	0.3380	0.2235	0.1145	0.1413	0.1189	0.0224	0.1967	0.1047	0.0920	0.0000	0.0000	0.0000	0.0000	0.0000	0.0000	0.0000	0.0000	0.0000	0.2490	0.3229	0.1046	0.2394	0.2806	0.0214	0.2559	0.3710	0.1249	
62	79	0.1940	5	1	0	1	1	0	0	0	0	N	N	N	N	N	N	N	N	N	N	N	N	0.0000	0.0000	0.0000	0.0000	0.0000	0.0000	0.0000	0.0000	0.0000	0.0000	0.0000	0.0000	0.0000	0.0000	0.0000	0.0000	0.0000	0.0000	3.8705	0.4587	20.2643	0.4200	0.4815	0.0672	6.5293	0.4293	24.3943	11.3906	0.0000	0.4588	0.0060	1.3861	17.2393	6.3168	0.0000	0.0000	0.0000	0.0000	0.0000	0.0000	0.0000	0.0000	0.0000	0.9955	0.0803	0.9151	0.0486	0.0474	0.0012	0.9469	0.0329	0.9140	0.0002	0.0002	0.0000	0.0001	0.0001	0.0000	0.0001	0.0001	0.0000	0.2607	0.1752	0.0856	0.1157	0.0985	0.0172	0.1450	0.0766	0.0684	0.0000	0.0000	0.0000	0.0000	0.0000	0.0000	0.0000	0.0000	0.0000	3.8183	0.4587	10.6965	0.4200	0.4815	0.0672	6.5293	0.4293	13.3679	
62	80	0.1346	4	1	0	1	1	0	0	0	0	N	N	N	N	N	N	N	N	N	N	N	N	0.0000	0.0000	0.0000	0.0000	0.0000	0.0000	0.0000	0.0000	0.0000	0.0000	0.0000	0.0000	0.0000	0.0000	0.0000	0.0000	0.0000	0.0000	6.8950	7.4938	4.8209	11.8674	13.8906	0.0534	5.1207	4.8859	5.3561	0.5584	0.0000	-0.3045	0.0060	4.0043	17.2393	19.8631	0.0000	0.0000	0.0000	0.0000	0.0000	0.0000	0.0000	0.0000	0.0000	3.0427	1.9525	1.0902	0.9573	0.9561	0.0012	2.0854	0.9964	1.0890	0.0007	0.0006	0.0001	0.0003	0.0003	0.0000	0.0004	0.0003	0.0001	0.5426	0.3164	0.2261	0.1353	0.1125	0.0228	0.4073	0.2039	0.2033	0.0000	0.0000	0.0000	0.0000	0.0000	0.0000	0.0000	0.0000	0.0000	5.6081	6.1707	4.8209	7.0751	8.4999	0.0534	5.1207	4.8859	5.3561	
62	81	0.6752	10	1	1	2	0	0	0	0	0	N	N	Y	N	N	N	N	N	N	N	N	N	0.0000	0.0000	0.0000	0.0000	0.0000	0.0000	0.0000	0.0000	0.0000	0.0000	0.0000	0.0000	0.0000	0.0000	0.0000	0.0000	0.0000	0.0000	0.1593	0.2283	0.0067	0.2532	0.3149	0.0000	0.0058	0.0006	0.0110	0.0132	0.0000	-0.0102	0.0060	2.0162	17.2393	4.5500	0.0000	0.0000	0.0000	0.0000	0.0000	0.0000	0.0000	0.0000	0.0000	0.0228	0.0225	0.0003	0.0225	0.0225	0.0000	0.0003	0.0000	0.0003	0.0001	0.0001	0.0000	0.0001	0.0000	0.0000	0.0001	0.0000	0.0000	0.1433	0.0987	0.0446	0.0889	0.0715	0.0174	0.0544	0.0272	0.0272	0.0000	0.0000	0.0000	0.0000	0.0000	0.0000	0.0000	0.0000	0.0000	0.1593	0.2283	0.0067	0.2532	0.3149	0.0000	0.0058	0.0006	0.0110	
62	82	0.0947	4	1	1	2	0	0	0	0	0	N	N	Y	N	N	N	N	N	N	N	N	N	0.2684	16.3950	0.0000	11.3569	12.9517	0.0000	0.0000	0.0000	0.0000	0.0130	0.0154	0.0000	0.0327	0.0328	0.0000	0.0000	0.0000	0.0000	0.0483	0.0009	0.1139	0.0029	0.0025	0.0105	0.0615	0.0000	0.1164	0.0000	87.7488	-0.0000	0.0060	0.0060	3.0011	17.2393	3.7015	0.0000	0.0000	0.0000	0.0000	0.0000	0.0000	0.0000	0.0000	0.0000	0.0114	0.0001	0.0112	0.0002	0.0001	0.0000	0.0112	0.0000	0.0112	0.0006	0.0005	0.0001	0.0002	0.0002	0.0000	0.0003	0.0003	0.0001	0.2353	0.1366	0.0988	0.0528	0.0505	0.0023	0.1825	0.0860	0.0965	0.2684	16.3950	0.0000	11.3569	12.9517	0.0000	0.0000	0.0000	0.0000	0.0483	0.0009	0.1139	0.0029	0.0025	0.0105	0.0615	0.0000	0.1164
62	83	0.0833	3	1	1	1	0	0	0	0	0	N	N	N	N	N	N	N	N	N	N	N	N	0.2244	0.0028	1.0885	0.0045	0.0027	0.8051	0.4740	0.0000	1.0898	0.0205	0.0002	0.1457	0.0007	0.0004	0.0821	0.0332	0.0000	0.1463	0.0913	0.0648	0.1339	0.1485	0.1494	0.1019	0.0700	0.0001	0.1343	132.1758	1.2866	0.0000	0.0027	0.0060	2.0032	17.2393	4.2039	0.0000	0.0000	0.0000	0.0000	0.0000	0.0000	0.0000	0.0000	0.0000	0.0259	0.0113	0.0146	0.0115	0.0113	0.0001	0.0145	0.0000	0.0144	0.0004	0.0003	0.0001	0.0001	0.0001	0.0000	0.0002	0.0002	0.0000	0.2838	0.1748	0.1089	0.0771	0.0758	0.0014	0.2066	0.0991	0.1075	0.2244	0.0028	1.0885	0.0045	0.0027	0.8051	0.4740	0.0000	1.0898	0.0913	0.0648	0.1339	0.1485	0.1494	0.1019	0.0700	0.0001	0.1343
62	86	0.2286	5	2	1	1	0	0	0	0	0	Y	N	N	N	N	N	N	N	N	N	N	N	0.0000	0.0000	0.0000	0.0000	0.0000	0.4663	0.0000	0.0000	0.0000	0.0000	0.0000	0.0000	0.0000	0.0000	0.0008	0.0000	0.0000	0.0000	2.1443	0.1407	6.3890	0.2385	0.2829	0.0017	3.4190	0.0003	8.1592	inf	21.4397	0.0000	0.5028	0.0060	5.8060	17.2393	6.1034	0.0000	0.0000	0.0000	0.0000	0.0000	0.0000	0.0000	0.0000	0.0000	1.0116	0.0451	0.9665	0.0451	0.0450	0.0001	0.9665	0.0000	0.9664	0.0011	0.0009	0.0002	0.0005	0.0004	0.0000	0.0006	0.0005	0.0002	0.4717	0.3205	0.1513	0.1891	0.1592	0.0299	0.2827	0.1613	0.1214	0.0000	0.0000	0.0000	0.0000	0.0000	0.4663	0.0000	0.0000	0.0000	2.1443	0.1407	6.3890	0.2385	0.2829	0.0017	3.4190	0.0003	7.9605
62	87	0.1346	4	2	1	1	0	0	0	0	0	Y	N	N	N	N	N	N	N	N	N	N	N	0.0011	0.0003	0.1361	0.0000	0.0000	0.2660	0.0046	0.0013	0.1262	0.0040	0.0020	0.0170	0.0001	0.0000	0.0062	0.0067	0.0037	0.0172	3.5928	7.3460	0.1249	24.7327	28.8222	0.0231	1.4634	2.7673	0.1360	1.3548	0.0148	0.0000	-1.1465	0.0060	12.2869	17.2393	21.7146	0.0000	0.0000	0.0000	0.0000	0.0000	0.0000	0.0000	0.0000	0.0000	2.5834	2.5457	0.0377	1.7806	1.7799	0.0007	0.8028	0.7658	0.0370	0.0020	0.0018	0.0003	0.0008	0.0008	0.0000	0.0012	0.0009	0.0003	0.7190	0.4175	0.3015	0.1705	0.1408	0.0297	0.5486	0.2767	0.2718	0.0011	0.0003	0.1361	0.0000	0.0000	0.2660	0.0046	0.0013	0.1262	3.5928	6.0974	0.1249	10.4455	12.6439	0.0231	1.4634	2.7673	0.1360
62	88	0.0833	3	1	1	1	0	0	0	0	0	N	N	N	N	N	N	N	N	N	N	N	N	0.0008	0.0009	0.0000	0.0006	0.0006	0.0000	0.0000	0.0000	0.0000	0.0001	0.0001	0.0000	0.0002	0.0002	0.0000	0.0000	0.0000	0.0000	0.0950	0.1066	0.0781	0.3220	0.3283	0.1205	0.0388	0.0000	0.0775	0.0000	0.5048	-0.0000	-0.0051	0.0060	4.0005	17.2393	9.0093	0.0000	0.0000	0.0000	0.0000	0.0000	0.0000	0.0000	0.0000	0.0000	0.0415	0.0276	0.0139	0.0279	0.0276	0.0003	0.0136	0.0000	0.0136	0.0007	0.0006	0.0001	0.0003	0.0003	0.0000	0.0004	0.0003	0.0001	0.4373	0.2589	0.1783	0.0867	0.0841	0.0026	0.3505	0.1748	0.1757	0.0008	0.0009	0.0000	0.0006	0.0006	0.0000	0.0000	0.0000	0.0000	0.0950	0.1066	0.0781	0.3220	0.3283	0.1205	0.0388	0.0000	0.0775
62	89	0.0607	2	1	1	1	0	0	0	0	0	N	N	N	N	N	N	N	N	N	N	N	N	0.0001	0.0000	0.0003	0.0000	0.0000	0.0000	0.0002	0.0000	0.0004	0.0004	0.0000	0.0029	0.0000	0.0000	0.0000	0.0007	0.0000	0.0029	3.1129	0.0708	9.4801	0.2788	0.2840	0.0912	3.6043	0.0012	7.4505	inf	74.2945	0.0000	0.5208	0.0060	1.0051	17.2393	9.2650	0.0000	0.0000	0.0000	0.0000	0.0000	0.0000	0.0000	0.0000	0.0000	0.9857	0.0131	0.9726	0.0130	0.0129	0.0001	0.9727	0.0002	0.9725	0.0002	0.0002	0.0000	0.0001	0.0001	0.0000	0.0001	0.0001	0.0000	0.3167	0.1849	0.1318	0.0468	0.0455	0.0013	0.2699	0.1393	0.1305	0.0001	0.0000	0.0004	0.0000	0.0000	0.0000	0.0002	0.0000	0.0004	3.1129	0.0708	7.3799	0.2788	0.2840	0.0912	3.6043	0.0012	7.4505
62	90	0.2570	6	1	0	2	0	0	0	0	0	N	N	Y	N	N	N	N	N	N	N	N	N	0.0118	0.0001	0.0092	0.0557	0.0006	0.6603	0.0120	0.0000	0.0080	0.0430	0.0000	0.2145	0.0020	0.0000	0.1348	0.0753	0.0000	0.2172	3.6331	0.0255	23.2219	0.0359	0.0103	0.2041	6.2809	0.0432	27.1124	15317.5000	206.2536	0.0000	0.5436	0.0060	2.3559	17.2393	7.1930	0.0000	0.0000	0.0000	0.0000	0.0000	0.0000	0.0000	0.0000	0.0000	1.0126	0.0049	1.0078	0.0042	0.0011	0.0032	1.0084	0.0038	1.0046	0.0004	0.0003	0.0001	0.0002	0.0002	0.0000	0.0002	0.0002	0.0001	0.2787	0.1912	0.0875	0.1182	0.1025	0.0156	0.1605	0.0887	0.0718	0.0118	0.0001	0.0186	0.0557	0.0006	0.6603	0.0120	0.0000	0.0155	3.6331	0.0255	11.5200	0.0359	0.0103	0.2041	6.2809	0.0432	13.9833
62	91	0.2242	5	1	0	1	0	0	0	0	0	N	N	N	N	N	N	N	N	N	N	N	N	0.8708	0.0009	15.7536	0.1068	0.0080	16.8404	0.9095	0.0001	14.0335	1.0931	0.0016	2.6677	0.0226	0.0018	1.6206	2.1219	0.0005	2.6840	1.2554	1.6974	0.1693	0.2113	0.2287	0.0962	2.3331	4.1021	0.1913	1162.1473	0.0406	0.0025	-0.3943	0.0060	4.9284	17.2393	11.0439	0.0045	0.0000	0.0045	0.0000	0.0000	0.0000	0.0045	0.0000	0.0045	0.9402	0.9035	0.0367	0.0804	0.0756	0.0048	0.8598	0.8279	0.0319	0.0041	0.0024	0.0017	0.0020	0.0020	0.0000	0.0021	0.0004	0.0017	0.7489	0.5323	0.2167	0.3804	0.3304	0.0500	0.3685	0.2018	0.1667	0.8708	0.0009	15.7536	0.1068	0.0080	16.8404	0.9095	0.0001	14.0335	1.2554	1.6974	0.1693	0.2113	0.2287	0.0962	2.3331	4.1021	0.1913
62	92	0.1346	4	1	0	1	0	0	0	0	0	N	N	N	N	N	N	N	N	N	N	N	N	0.9109	0.0165	103.7892	0.5255	0.2930	145.5129	1.1695	0.0133	96.9333	1.5555	0.0471	10.9926	0.0560	0.0361	4.0225	2.5815	0.0569	11.0967	1.7076	2.8637	0.1059	0.1065	0.1231	0.0276	2.2074	4.2655	0.1145	37.2703	0.0267	0.0006	-0.5200	0.0060	3.9161	17.2393	29.2065	0.0011	0.0000	0.0010	0.0000	0.0000	0.0000	0.0010	0.0000	0.0010	1.2027	1.1714	0.0313	0.0179	0.0170	0.0008	1.1848	1.1543	0.0305	0.0007	0.0006	0.0001	0.0003	0.0003	0.0000	0.0004	0.0003	0.0001	0.7043	0.4090	0.2953	0.1675	0.1384	0.0291	0.5368	0.2706	0.2661	0.9109	0.0165	103.7892	0.5255	0.2930	145.5129	1.1695	0.0133	96.9333	1.7076	2.8637	0.1059	0.1065	0.1231	0.0276	2.2074	4.2655	0.1145
62	93	0.6752	10	2	1	1	0	0	0	0	0	Y	N	N	N	N	N	N	N	N	N	N	N	0.0000	0.0000	0.0084	0.0263	0.0277	0.0000	0.0000	0.0000	0.0098	0.0003	0.0003	0.0001	0.0005	0.0005	0.0000	0.0000	0.0000	0.0001	5.8989	9.3985	0.0150	0.0193	0.0193	0.0195	13.2595	25.8604	0.0119	0.0623	0.0009	-0.0000	-0.4478	0.0060	2.5103	17.2393	7.4742	0.0000	0.0000	0.0000	0.0000	0.0000	0.0000	0.0000	0.0000	0.0000	0.9789	0.9780	0.0009	0.0023	0.0018	0.0005	0.9766	0.9761	0.0004	0.0001	0.0001	0.0000	0.0001	0.0001	0.0000	0.0001	0.0001	0.0000	0.1940	0.1331	0.0608	0.1203	0.0954	0.0249	0.0736	0.0377	0.0359	0.0001	0.0000	0.0084	0.0263	0.0277	0.0000	0.0000	0.0000	0.0098	5.0469	7.3456	0.0150	0.0193	0.0193	0.0195	13.2595	25.8604	0.0119
62	94	0.6389	9	1	1	1	0	0	0	0	0	N	N	N	N	N	N	N	N	N	N	N	N	0.0005	0.0006	0.0000	0.0175	0.0150	0.0000	0.0000	0.0000	0.0000	0.0001	0.0001	0.0000	0.0002	0.0002	0.0000	0.0000	0.0000	0.0000	0.1721	0.1424	0.2406	0.0107	0.0132	0.0015	0.4822	0.5071	0.4539	0.0000	0.7328	-0.0000	-0.0015	0.0060	7.1305	17.2393	3.2426	0.0000	0.0000	0.0000	0.0000	0.0000	0.0000	0.0000	0.0000	0.0000	0.0423	0.0244	0.0179	0.0017	0.0017	0.0001	0.0406	0.0228	0.0179	0.0004	0.0004	0.0000	0.0002	0.0002	0.0000	0.0002	0.0002	0.0000	0.2460	0.1716	0.0744	0.1618	0.1267	0.0351	0.0842	0.0449	0.0393	0.0005	0.0006	0.0000	0.0175	0.0150	0.0000	0.0000	0.0000	0.0000	0.1721	0.1424	0.2406	0.0107	0.0132	0.0015	0.4822	0.5071	0.4539
62	95	0.0607	2	2	1	1	0	0	0	0	0	Y	N	N	N	N	N	N	N	N	N	N	N	0.4382	1.9490	0.0000	1.1140	1.1171	0.0000	0.8885	2.9824	0.0000	4.0170	4.6594	0.0000	0.0743	0.0746	0.0000	6.5084	8.3758	0.0000	9.1681	2.3906	25.4809	0.0667	0.0668	0.0661	7.3253	2.8084	20.1280	0.0000	3.9550	-0.0025	1.6863	0.0060	8.0000	17.2393	22.5660	0.0056	0.0056	0.0000	0.0000	0.0000	0.0000	0.0055	0.0055	0.0000	4.9623	1.0015	3.9608	0.0045	0.0043	0.0002	4.9578	0.9972	3.9606	0.0014	0.0012	0.0002	0.0005	0.0005	0.0000	0.0009	0.0007	0.0002	0.7440	0.4189	0.3250	0.0672	0.0638	0.0033	0.6768	0.3551	0.3217	0.6022	1.9490	0.0000	1.1140	1.1171	0.0000	0.8885	2.9824	0.0000	6.6701	2.3906	12.1856	0.0667	0.0668	0.0661	7.3253	2.8084	12.3107
62	96	0.1346	4	1	0	1	0	0	0	0	0	N	N	N	N	N	N	N	N	N	N	N	N	0.0000	0.0000	0.0000	0.0000	0.0000	0.0000	0.0000	0.0000	0.0000	0.0000	0.0000	0.0000	0.0000	0.0000	0.0000	0.0000	0.0000	0.0000	3.0137	5.6187	0.0354	33.7547	38.4098	0.0298	0.0179	0.0000	0.0360	0.0049	0.0000	-0.9094	0.0060	11.9964	17.2393	18.8414	0.0000	0.0000	0.0000	0.0000	0.0000	0.0000	0.0000	0.0000	0.0000	2.0056	1.9957	0.0099	1.9965	1.9957	0.0008	0.0090	0.0000	0.0090	0.0020	0.0017	0.0003	0.0008	0.0008	0.0000	0.0012	0.0009	0.0003	0.6655	0.3868	0.2787	0.1599	0.1322	0.0276	0.5056	0.2546	0.2511	0.0000	0.0000	0.0000	0.0000	0.0000	0.0000	0.0000	0.0000	0.0000	3.0137	5.1597	0.0354	12.4899	15.0925	0.0298	0.0179	0.0000	0.0360	
62	98	0.0912	4	2	1	2	0	0	0	0	0	Y	N	Y	N	N	N	N	N	N	N	N	N	0.7212	1.1208	0.0000	0.0589	0.1050	0.0000	0.0353	74.8577	0.0000	4.2976	5.7191	0.0000	5.7008	8.4231	0.0000	0.0925	0.0949	0.0000	5.9589	5.1028	5.3384	96.7451	80.2569	0.0000	2.6196	0.0013	5.4514	0.0000	0.8105	-0.0023	-0.0238	0.0060	0.9502	17.2393	16.1595	0.0053	0.0053	0.0000	0.0053	0.0053	0.0000	0.0000	0.0000	0.0000	2.2181	1.2252	0.9930	1.2249	1.2249	0.0000	0.9932	0.0002	0.9930	0.0012	0.0009	0.0003	0.0009	0.0006	0.0003	0.0003	0.0003	0.0000	0.4376	0.2516	0.1860	0.0585	0.0546	0.0039	0.3791	0.1970	0.1822	0.8478	1.1745	0.0000	0.2721	0.3755	0.0000	0.0353	74.8577	0.0000	5.0688	4.8696	5.3384	20.9537	22.4331	0.0000	2.6196	0.0013	5.4514
62	99	0.1346	4	1	1	1	0	0	0	0	0	N	N	N	N	N	N	N	N	N	N	N	N	0.0000	0.0000	0.0000	0.0000	0.0000	0.0000	0.0000	0.0000	0.0000	0.0000	0.0000	0.0000	0.0000	0.0000	0.0000	0.0000	0.0000	0.0000	3.2757	2.8145	3.9178	10.4016	12.6154	0.0310	2.1645	0.0001	4.3490	0.9999	0.0000	0.0831	0.0060	11.9964	17.2393	15.6499	0.0000	0.0000	0.0000	0.0000	0.0000	0.0000	0.0000	0.0000	0.0000	1.9984	0.9993	0.9991	1.0000	0.9992	0.0008	0.9984	0.0000	0.9983	0.0020	0.0017	0.0003	0.0008	0.0008	0.0000	0.0012	0.0009	0.0003	0.6101	0.3550	0.2550	0.1488	0.1234	0.0255	0.4612	0.2317	0.2296	0.0000	0.0000	0.0000	0.0000	0.0000	0.0000	0.0000	0.0000	0.0000	3.2757	2.8145	3.9178	6.7198	8.1007	0.0310	2.1645	0.0001	4.3490	
62	100	0.0942	5	2	0	2	0	0	0	0	0	Y	N	Y	N	N	N	N	N	N	N	N	N	0.0022	0.0064	0.0000	0.0001	0.0001	0.0000	0.0127	0.0304	0.0000	0.0255	0.0337	0.0000	0.0009	0.0013	0.0000	0.1028	0.1201	0.0000	11.4539	5.2830	25.6467	15.3881	15.3606	0.0203	8.1017	3.9518	21.7731	0.0000	1.8705	-0.0000	0.5937	0.0060	1.0008	17.2393	13.9255	0.0000	0.0000	0.0000	0.0000	0.0000	0.0000	0.0000	0.0000	0.0000	3.0719	1.0702	2.0018	0.3961	0.3960	0.0001	2.6759	0.6742	2.0017	0.0002	0.0001	0.0000	0.0001	0.0001	0.0000	0.0000	0.0000	0.0000	0.3787	0.2154	0.1633	0.0484	0.0448	0.0036	0.3303	0.1706	0.1597	0.0031	0.0068	0.0000	0.0001	0.0001	0.0000	0.0127	0.0304	0.0000	8.1119	4.9680	12.2597	8.1821	8.8361	0.0203	8.1017	3.9518	12.5349
62	101	0.0912	4	2	0	2	0	0	0	0	0	Y	N	Y	N	N	N	N	N	N	N	N	N	0.0477	0.1081	0.0000	0.0009	0.0015	0.0002	0.2441	2.3887	0.0016	0.2656	0.3542	0.0004	0.0080	0.0118	0.0004	1.0430	1.0449	0.0126	5.5647	3.2768	10.2643	9.2506	8.1075	1.6907	4.2725	0.4374	7.7177	0.0004	1.3637	-0.0001	0.0633	0.0060	0.0532	17.2393	2.0467	0.0003	0.0003	0.0000	0.0000	0.0000	0.0000	0.0003	0.0003	0.0000	0.5339	0.2259	0.3080	0.2112	0.2102	0.0010	0.3227	0.0156	0.3071	0.0011	0.0008	0.0003	0.0008	0.0005	0.0003	0.0003	0.0003	0.0000	0.1093	0.0689	0.0404	0.0338	0.0332	0.0006	0.0755	0.0357	0.0398	0.0544	0.1081	0.0001	0.0013	0.0019	0.0002	0.2441	2.3887	0.0016	4.8850	3.2768	7.6316	6.2548	6.3342	1.6907	4.2725	0.4374	7.7177
62	102	0.0815	3	2	0	2	0	0	0	0	0	Y	N	Y	N	N	N	N	N	N	N	N	N	0.1203	0.1927	0.0002	0.0184	0.0323	0.0014	0.3697	4.0270	0.0003	0.3814	0.5059	0.0010	0.2539	0.3696	0.0009	0.7602	0.7975	0.0011	3.1713	2.6253	4.0373	13.7779	11.4273	0.6764	2.0566	0.1980	4.0621	0.0006	0.9696	-0.0002	0.0197	0.0060	2.0948	17.2393	3.0326	0.0005	0.0005	0.0000	0.0003	0.0003	0.0000	0.0003	0.0003	0.0000	0.5808	0.2949	0.2859	0.2802	0.2798	0.0004	0.3006	0.0150	0.2856	0.0014	0.0011	0.0004	0.0011	0.0007	0.0003	0.0004	0.0003	0.0000	0.1831	0.1123	0.0708	0.0370	0.0365	0.0005	0.1462	0.0759	0.0703	0.1203	0.1927	0.0002	0.0335	0.0482	0.0014	0.3697	4.0270	0.0003	3.1713	2.6253	4.0373	7.5765	7.6746	0.6764	2.0566	0.1980	4.0621
62	103	0.0607	2	2	0	2	0	0	0	0	0	Y	N	Y	N	N	N	N	N	N	N	N	N	0.6943	1.2044	0.0004	0.4786	0.4792	0.0151	1.3385	1.9498	0.0005	7.5230	8.7364	0.0068	0.1408	0.1412	0.0041	12.2028	15.7451	0.0069	10.8354	7.2536	17.8623	0.2941	0.2947	0.2717	9.1171	8.0754	13.6528	0.0001	1.1776	-0.0023	0.1794	0.0060	3.9484	17.2393	4.8420	0.0053	0.0053	0.0000	0.0000	0.0000	0.0000	0.0053	0.0053	0.0000	2.1768	0.9996	1.1772	0.0133	0.0130	0.0003	2.1635	0.9866	1.1769	0.0007	0.0006	0.0001	0.0003	0.0003	0.0000	0.0004	0.0003	0.0001	0.2825	0.1662	0.1162	0.0452	0.0441	0.0011	0.2373	0.1222	0.1151	0.9762	1.4528	0.0007	0.4786	0.4792	0.0151	1.3385	1.9498	0.0007	7.7067	6.0133	10.1286	0.2941	0.2947	0.2717	9.1171	8.0754	10.2226
62	104	0.1669	5	1	1	1	0	0	0	0	0	N	N	N	N	N	N	N	N	N	N	N	N	0.0031	0.0000	0.0093	0.2578	0.0000	2.8707	0.0000	0.0000	0.0000	0.0062	0.0000	0.0457	0.0143	0.0000	0.9020	0.0000	0.0000	0.0000	1.9645	0.0025	4.9184	0.0555	0.0063	0.3142	2.7121	0.0000	5.5035	inf	1312.6748	0.0000	0.9307	0.0060	8.9557	17.2393	32.3127	0.0000	0.0000	0.0000	0.0000	0.0000	0.0000	0.0000	0.0000	0.0000	1.7208	0.0013	1.7195	0.0137	0.0013	0.0124	1.7072	0.0000	1.7071	0.0016	0.0014	0.0002	0.0007	0.0007	0.0000	0.0009	0.0007	0.0002	0.8760	0.5264	0.3496	0.2465	0.2071	0.0394	0.6295	0.3193	0.3102	0.0031	0.0000	0.0093	0.2578	0.0000	2.8707	0.0000	0.0000	0.0000	1.9645	0.0025	4.9184	0.0555	0.0063	0.3142	2.7121	0.0000	5.5035
62	105	0.1924	6	1	0	2	0	0	0	0	0	N	N	Y	N	N	N	N	N	N	N	N	N	0.0000	0.0000	0.0000	0.0000	0.0000	0.0000	0.0000	0.0000	0.0000	0.0000	0.0000	0.0000	0.0000	0.0000	0.0000	0.0000	0.0000	0.0000	0.0777	0.1282	0.0002	0.0175	0.0207	0.0013	0.1052	0.2102	0.0000	0.0009	0.0000	-0.0103	0.0060	4.2679	17.2393	7.8415	0.0000	0.0000	0.0000	0.0000	0.0000	0.0000	0.0000	0.0000	0.0000	0.0224	0.0224	0.0000	0.0016	0.0016	0.0000	0.0209	0.0209	0.0000	0.0008	0.0007	0.0001	0.0003	0.0003	0.0000	0.0005	0.0003	0.0001	0.2889	0.1750	0.1139	0.0907	0.0758	0.0149	0.1982	0.0992	0.0990	0.0000	0.0000	0.0000	0.0000	0.0000	0.0000	0.0000	0.0000	0.0000	0.0777	0.1282	0.0002	0.0175	0.0207	0.0013	0.1052	0.2102	0.0000	
62	106	0.1669	5	1	0	1	0	0	0	0	0	N	N	N	N	N	N	N	N	N	N	N	N	0.0000	0.0000	0.0000	0.0000	0.0000	0.0000	0.0000	0.0000	0.0000	0.0000	0.0000	0.0000	0.0000	0.0000	0.0000	0.0000	0.0000	0.0000	0.6299	0.9917	0.0112	1.7785	2.0255	0.0255	0.0058	0.0023	0.0093	0.0000	0.0066	-0.0000	-0.0974	0.0060	1.9301	17.2393	9.0954	0.0000	0.0000	0.0000	0.0000	0.0000	0.0000	0.0000	0.0000	0.0000	0.2155	0.2141	0.0014	0.2143	0.2139	0.0004	0.0013	0.0003	0.0010	0.0004	0.0004	0.0001	0.0002	0.0002	0.0000	0.0002	0.0002	0.0000	0.3422	0.2159	0.1263	0.1205	0.1056	0.0149	0.2217	0.1103	0.1114	0.0000	0.0000	0.0000	0.0000	0.0000	0.0000	0.0000	0.0000	0.0000	0.6299	0.9917	0.0112	1.7785	2.0255	0.0255	0.0058	0.0023	0.0093
62	107	0.1346	4	1	0	1	0	0	0	0	0	N	N	N	N	N	N	N	N	N	N	N	N	0.0000	0.0000	0.0000	0.0000	0.0000	0.0000	0.0000	0.0000	0.0000	0.0000	0.0000	0.0000	0.0000	0.0000	0.0000	0.0000	0.0000	0.0000	0.0126	0.0091	0.0176	0.0129	0.0152	0.0000	0.0125	0.0051	0.0197	1.3476	0.0000	0.0005	0.0060	3.9049	17.2393	9.6098	0.0000	0.0000	0.0000	0.0000	0.0000	0.0000	0.0000	0.0000	0.0000	0.0044	0.0019	0.0025	0.0012	0.0012	0.0000	0.0031	0.0006	0.0025	0.0007	0.0006	0.0001	0.0003	0.0003	0.0000	0.0004	0.0003	0.0001	0.3467	0.2046	0.1420	0.0957	0.0806	0.0151	0.2510	0.1240	0.1270	0.0000	0.0000	0.0000	0.0000	0.0000	0.0000	0.0000	0.0000	0.0000	0.0126	0.0091	0.0176	0.0129	0.0152	0.0000	0.0125	0.0051	0.0197	
62	108	0.1558	6	1	1	1	0	0	0	0	0	N	N	N	N	N	N	N	N	N	N	N	N	0.0000	0.0000	0.0000	0.0000	0.0000	0.0000	0.0000	0.0000	0.0000	0.0000	0.0000	0.0000	0.0000	0.0000	0.0000	0.0000	0.0000	0.0000	1.4348	0.1099	3.4428	0.1595	0.1893	0.0073	1.9418	0.0581	3.8991	20.6698	0.0000	0.5083	0.0060	8.0392	17.2393	22.6195	0.0000	0.0000	0.0000	0.0000	0.0000	0.0000	0.0000	0.0000	0.0000	1.0260	0.0473	0.9786	0.0324	0.0322	0.0002	0.9935	0.0151	0.9784	0.0014	0.0012	0.0002	0.0006	0.0006	0.0000	0.0008	0.0006	0.0002	0.7151	0.4308	0.2842	0.2034	0.1701	0.0333	0.5116	0.2607	0.2509	0.0000	0.0000	0.0000	0.0000	0.0000	0.0000	0.0000	0.0000	0.0000	1.4348	0.1099	3.4428	0.1595	0.1893	0.0073	1.9418	0.0581	3.8991	
62	109	0.1558	5	1	0	1	0	0	0	0	0	N	N	N	N	N	N	N	N	N	N	N	N	0.0000	0.0000	0.0000	0.0000	0.0000	0.0000	0.0000	0.0000	0.0000	0.0000	0.0000	0.0000	0.0000	0.0000	0.0000	0.0000	0.0000	0.0000	0.2697	0.1888	0.4868	0.3030	0.3205	0.0291	0.2427	0.0086	0.5373	0.9610	0.0000	0.0015	0.0060	0.2031	17.2393	2.0398	0.0000	0.0000	0.0000	0.0000	0.0000	0.0000	0.0000	0.0000	0.0000	0.0486	0.0248	0.0238	0.0244	0.0243	0.0001	0.0241	0.0005	0.0237	0.0000	0.0000	0.0000	0.0000	0.0000	0.0000	0.0000	0.0000	0.0000	0.1800	0.1311	0.0489	0.0806	0.0758	0.0049	0.0994	0.0554	0.0440	0.0000	0.0000	0.0000	0.0000	0.0000	0.0000	0.0000	0.0000	0.0000	0.2697	0.1888	0.4868	0.3030	0.3205	0.0291	0.2427	0.0086	0.5373	
62	110	0.7363	11	2	0	2	0	0	0	0	0	Y	N	Y	N	N	N	N	N	N	N	N	N	inf	inf	inf	inf	0.0046	0.0059	0.0000	0.0091	0.0091	0.0000	0.0000	0.0000	0.0000	0.0000	0.0000	0.0000	0.0000	0.0000	0.0000	0.0000	0.0000	0.0000	0.0000	-0.0000	0.0000	0.0060	0.0001	17.2393	0.0001	0.0000	0.0000	0.0000	0.0000	0.0000	0.0000	0.0000	0.0000	0.0000	0.0000	0.0000	0.0000	0.0000	0.0000	0.0000	0.0000	0.0000	0.0000	0.0000	0.0000	0.0000	0.0000	0.0000	0.0000	0.0000	0.0000	0.0000	0.0001	0.0001	0.0000	0.0000	0.0000	0.0000	0.0000	0.0000	0.0000	inf	inf	0.0000	inf	inf	0.0000	0.0000	0.0000	0.0000	0.0000	0.0000	0.0000	0.0000	0.0000	0.0000	0.0000	0.0000	0.0000						
62	111	0.7225	10	2	0	2	0	0	0	0	0	Y	N	Y	N	N	N	N	N	N	N	N	N	15532.6013	17418.4967	0.0000	27145.2468	31045.2422	0.0000	0.0000	0.0000	0.0000	4.1997	4.7211	0.0000	9.5940	10.0448	0.0000	0.0000	0.0000	0.0000	0.0003	0.0003	0.0003	0.0004	0.0003	0.0004	0.0000	0.0001	0.0000	0.0000	0.4246	-0.0002	-0.0000	0.0060	1.6718	17.2393	2.9223	0.0004	0.0004	0.0000	0.0004	0.0004	0.0000	0.0000	0.0000	0.0000	0.0000	0.0000	0.0000	0.0000	0.0000	0.0000	0.0000	0.0000	0.0000	0.0001	0.0001	0.0000	0.0000	0.0000	0.0000	0.0001	0.0000	0.0000	0.1245	0.0872	0.0373	0.0915	0.0694	0.0221	0.0330	0.0178	0.0153	15532.6013	17418.4967	0.0000	27145.2468	31045.2422	0.0000	0.0000	0.0000	0.0000	0.0003	0.0003	0.0003	0.0004	0.0003	0.0004	0.0000	0.0001	0.0000
62	112	0.6389	9	2	0	2	0	0	0	0	0	Y	N	Y	N	N	N	N	N	N	N	N	N	20.0259	16.3644	0.0000	61.1191	51.1961	0.0000	0.0000	0.0000	0.0000	0.0030	0.0033	0.0000	0.0071	0.0076	0.0000	0.0000	0.0000	0.0000	0.0001	0.0002	0.0000	0.0001	0.0001	0.0000	0.0002	0.0003	0.0000	0.0000	0.0467	-0.0000	-0.0000	0.0060	14.0283	17.2393	7.1084	0.0000	0.0000	0.0000	0.0000	0.0000	0.0000	0.0000	0.0000	0.0000	0.0001	0.0001	0.0000	0.0000	0.0000	0.0000	0.0000	0.0000	0.0000	0.0007	0.0006	0.0001	0.0003	0.0003	0.0000	0.0004	0.0003	0.0001	0.4015	0.2775	0.1239	0.2543	0.1982	0.0560	0.1472	0.0793	0.0679	20.0259	16.3644	0.0000	61.1191	51.1961	0.0000	0.0000	0.0000	0.0000	0.0001	0.0002	0.0000	0.0001	0.0001	0.0000	0.0002	0.0003	0.0000
62	113	0.5787	8	1	0	1	0	0	0	0	0	N	N	N	N	N	N	N	N	N	N	N	N	0.0000	0.0001	0.0000	0.0002	0.0002	0.0000	0.0000	0.0000	0.0000	0.0000	0.0000	0.0000	0.0000	0.0000	0.0000	0.0000	0.0000	0.0000	2.0710	0.0216	7.6190	0.0243	0.0288	0.0041	5.1359	0.0043	14.8449	0.1707	136.7071	-0.0000	0.4900	0.0060	8.6129	17.2393	5.1709	0.0000	0.0000	0.0000	0.0000	0.0000	0.0000	0.0000	0.0000	0.0000	0.9170	0.0067	0.9103	0.0065	0.0063	0.0002	0.9105	0.0004	0.9101	0.0016	0.0014	0.0002	0.0008	0.0008	0.0000	0.0009	0.0007	0.0002	0.4428	0.3082	0.1346	0.2655	0.2174	0.0481	0.1773	0.0908	0.0865	0.0000	0.0001	0.0000	0.0002	0.0002	0.0000	0.0000	0.0000	0.0000	2.0710	0.0216	6.7626	0.0243	0.0288	0.0041	5.1359	0.0043	10.5219
62	114	0.4836	7	1	0	1	0	0	0	0	0	N	N	N	N	N	N	N	N	N	N	N	N	0.0008	0.0052	0.0005	0.0010	0.0005	0.0255	0.0007	0.0091	0.0003	0.0007	0.0006	0.0015	0.0001	0.0001	0.0037	0.0013	0.0013	0.0013	0.9511	0.1224	2.6916	0.1195	0.1134	0.1468	1.9396	0.1396	3.8228	0.3410	10.4653	-0.0000	0.3889	0.0060	16.8607	17.2393	22.7724	0.0000	0.0000	0.0000	0.0000	0.0000	0.0000	0.0000	0.0000	0.0000	0.8558	0.0746	0.7812	0.0584	0.0453	0.0131	0.7974	0.0294	0.7681	0.0028	0.0025	0.0004	0.0013	0.0013	0.0000	0.0015	0.0012	0.0003	0.8999	0.6096	0.2902	0.4887	0.3994	0.0893	0.4111	0.2102	0.2009	0.0008	0.0052	0.0005	0.0010	0.0005	0.0255	0.0007	0.0091	0.0003	0.9511	0.1224	2.6916	0.1195	0.1134	0.1468	1.9396	0.1396	3.8228
62	115	0.1111	4	2	0	2	0	0	0	0	0	Y	N	Y	N	N	N	N	N	N	N	N	N	0.0000	0.0000	0.0000	0.0000	0.0000	0.0000	0.0000	0.0000	0.0000	0.0000	0.0000	0.0000	0.0000	0.0000	0.0000	0.0000	0.0000	0.0000	0.0008	0.0009	0.0006	0.0019	0.0021	0.0000	0.0003	0.0000	0.0006	0.4023	0.0000	-0.0000	0.0060	1.0009	17.2393	4.0038	0.0000	0.0000	0.0000	0.0000	0.0000	0.0000	0.0000	0.0000	0.0000	0.0001	0.0001	0.0000	0.0001	0.0001	0.0000	0.0000	0.0000	0.0000	0.0005	0.0004	0.0001	0.0003	0.0002	0.0001	0.0002	0.0002	0.0000	0.1817	0.1130	0.0687	0.0520	0.0481	0.0040	0.1296	0.0649	0.0647	0.0000	0.0000	0.0000	0.0000	0.0000	0.0000	0.0000	0.0000	0.0000	0.0008	0.0009	0.0006	0.0019	0.0021	0.0000	0.0003	0.0000	0.0006	
62	116	0.0827	3	2	0	2	0	0	0	0	0	Y	N	Y	N	N	N	N	N	N	N	N	N	0.6540	2.1096	0.0775	0.0148	0.0148	0.0549	1.0896	70.4027	0.0761	0.2303	0.2584	0.0542	0.0053	0.0052	0.0214	0.3822	0.4778	0.0548	0.3522	0.1225	0.6989	0.3570	0.3528	0.3906	0.3508	0.0068	0.7196	0.0334	3.7807	-0.0000	0.0441	0.0060	1.8441	17.2393	10.4794	0.0001	0.0001	0.0000	0.0000	0.0000	0.0000	0.0001	0.0001	0.0000	0.1327	0.0278	0.1049	0.0304	0.0267	0.0037	0.1023	0.0010	0.1012	0.0004	0.0003	0.0001	0.0001	0.0001	0.0000	0.0002	0.0002	0.0000	0.3768	0.2266	0.1501	0.0852	0.0758	0.0095	0.2915	0.1508	0.1407	0.6540	2.1096	0.0775	0.0148	0.0148	0.0549	1.0896	70.4027	0.0761	0.3522	0.1225	0.6989	0.3570	0.3528	0.3906	0.3508	0.0068	0.7196
62	117	0.3708	5	1	1	1	1	0	0	0	0	N	N	N	N	N	N	N	N	N	N	N	N	0.0006	0.0005	0.0000	0.0010	0.0009	0.0000	0.0000	0.0000	0.0000	0.0020	0.0023	0.0000	0.0043	0.0044	0.0000	0.0000	0.0000	0.0000	3.2116	4.7988	0.0390	4.3663	5.1137	0.0034	2.0347	4.0741	0.0495	0.0001	0.0040	-0.0000	-1.4080	0.0060	10.5071	17.2393	20.2622	0.0000	0.0000	0.0000	0.0000	0.0000	0.0000	0.0000	0.0000	0.0000	3.0984	3.0862	0.0122	2.1263	2.1260	0.0002	0.9721	0.9601	0.0120	0.0019	0.0017	0.0003	0.0009	0.0009	0.0000	0.0010	0.0008	0.0002	0.9647	0.6514	0.3133	0.4870	0.4158	0.0712	0.4778	0.2357	0.2421	0.0006	0.0005	0.0000	0.0010	0.0009	0.0000	0.0000	0.0000	0.0000	3.2116	4.7376	0.0390	4.3663	5.1137	0.0034	2.0347	4.0741	0.0495
62	118	0.1346	4	1	1	1	1	0	0	0	0	N	N	N	N	N	N	N	N	N	N	N	N	0.0000	0.0000	0.0000	0.0000	0.0000	0.0000	0.0000	0.0000	0.0000	0.0000	0.0000	0.0000	0.0000	0.0000	0.0000	0.0000	0.0000	0.0000	0.0145	0.0250	0.0001	0.0034	0.0041	0.0000	0.0181	0.0358	0.0001	0.0016	0.0000	-0.0044	0.0060	4.0036	17.2393	26.5072	0.0000	0.0000	0.0000	0.0000	0.0000	0.0000	0.0000	0.0000	0.0000	0.0096	0.0096	0.0000	0.0005	0.0005	0.0000	0.0090	0.0090	0.0000	0.0007	0.0006	0.0001	0.0003	0.0003	0.0000	0.0004	0.0003	0.0001	0.6588	0.3829	0.2758	0.1585	0.1312	0.0274	0.5002	0.2518	0.2485	0.0000	0.0000	0.0000	0.0000	0.0000	0.0000	0.0000	0.0000	0.0000	0.0145	0.0250	0.0001	0.0034	0.0041	0.0000	0.0181	0.0358	0.0001	
62	119	0.1730	5	1	1	1	0	0	0	0	0	N	N	N	N	N	N	N	N	N	N	N	N	0.0287	0.0484	0.0000	0.0257	0.0229	0.0000	0.0000	0.0000	0.0000	0.0941	0.1268	0.0000	0.2085	0.2105	0.0000	0.0000	0.0000	0.0000	3.2787	2.6172	4.3157	8.1125	9.1828	0.0309	2.3200	0.0057	4.7823	0.0000	1.0517	-0.0000	0.1107	0.0060	3.8169	17.2393	21.2433	0.0001	0.0001	0.0000	0.0001	0.0001	0.0000	0.0000	0.0000	0.0000	2.0416	0.9951	1.0465	0.9945	0.9937	0.0007	1.0471	0.0013	1.0458	0.0011	0.0008	0.0003	0.0005	0.0005	0.0000	0.0006	0.0003	0.0003	0.6227	0.3802	0.2425	0.1713	0.1475	0.0238	0.4514	0.2327	0.2187	0.0287	0.0484	0.0000	0.0359	0.0313	0.0000	0.0000	0.0000	0.0000	3.2787	2.6172	4.3157	5.8040	6.7358	0.0309	2.3200	0.0057	4.7823
62	120	0.5187	9	1	1	1	0	0	0	0	0	N	N	N	N	N	N	N	N	N	N	N	N	1.0400	0.0000	64.9511	0.0633	0.0000	19.2203	2.2939	0.0000	67.4910	1.1910	0.0000	5.0722	0.0789	0.0000	1.2109	2.3451	0.0000	5.7081	1.1452	1.6270	0.0781	1.2466	1.4900	0.0630	1.0223	1.8927	0.0846	inf	0.0217	0.0029	-0.6520	0.0060	16.3276	17.2393	34.9199	0.0052	0.0000	0.0052	0.0002	0.0000	0.0002	0.0050	0.0000	0.0050	1.4915	1.4598	0.0316	0.8897	0.8820	0.0077	0.6018	0.5778	0.0240	0.0044	0.0033	0.0010	0.0022	0.0021	0.0001	0.0021	0.0013	0.0009	1.3023	0.8972	0.4051	0.7137	0.5919	0.1217	0.5887	0.3053	0.2834	1.0400	0.0000	64.9511	0.0633	0.0000	19.2203	2.2939	0.0000	67.4910	1.1452	1.6270	0.0781	1.2466	1.4900	0.0630	1.0223	1.8927	0.0846
62	121	0.5014	8	1	1	1	0	0	0	0	0	N	N	N	N	N	N	N	N	N	N	N	N	0.4013	0.1205	3.2087	0.0334	0.0264	0.9233	0.6706	0.1930	2.7241	0.4578	0.1607	2.1816	0.0357	0.0320	0.2011	0.8269	0.3087	2.3294	1.1406	1.3336	0.6799	1.0695	1.2123	0.2179	1.2331	1.5996	0.8551	2.3406	0.2135	0.0001	-0.2848	0.0060	6.1757	17.2393	14.5601	0.0005	0.0002	0.0004	0.0000	0.0000	0.0000	0.0005	0.0001	0.0004	1.0082	0.8308	0.1774	0.5344	0.5188	0.0156	0.4738	0.3120	0.1617	0.0012	0.0010	0.0002	0.0006	0.0005	0.0000	0.0006	0.0005	0.0002	0.8839	0.6230	0.2609	0.4997	0.4279	0.0717	0.3842	0.1951	0.1891	0.4013	0.1205	3.2087	0.0334	0.0264	0.9233	0.6706	0.1930	2.7241	1.1406	1.3336	0.6799	1.0695	1.2123	0.2179	1.2331	1.5996	0.8551
62	122	0.4484	7	1	0	1	0	0	0	0	0	N	N	N	N	N	N	N	N	N	N	N	N	0.0220	0.0129	0.0863	0.0210	0.0196	0.0193	0.0215	0.0075	0.0774	0.0186	0.0115	0.0637	0.0129	0.0131	0.0054	0.0237	0.0098	0.0681	0.8481	0.8958	0.7376	0.6154	0.6694	0.2785	1.0985	1.2976	0.8805	0.8682	0.3554	0.0000	-0.1572	0.0060	7.5400	17.2393	21.4192	0.0000	0.0000	0.0000	0.0000	0.0000	0.0000	0.0000	0.0000	0.0000	0.8013	0.5912	0.2101	0.3014	0.2825	0.0188	0.4999	0.3087	0.1913	0.0014	0.0012	0.0002	0.0007	0.0007	0.0000	0.0008	0.0006	0.0002	0.9448	0.6600	0.2849	0.4897	0.4221	0.0676	0.4551	0.2379	0.2172	0.0220	0.0129	0.0863	0.0210	0.0196	0.0193	0.0215	0.0075	0.0774	0.8481	0.8958	0.7376	0.6154	0.6694	0.2785	1.0985	1.2976	0.8805
62	123	0.0607	2	1	1	1	0	0	0	0	0	N	N	N	N	N	N	N	N	N	N	N	N	0.0000	0.0000	0.0000	0.0000	0.0000	0.0000	0.0000	0.0000	0.0000	0.0000	0.0002	0.0000	0.0000	0.0000	0.0000	0.0000	0.0002	3.3304	0.1229	9.6026	0.6986	0.7271	0.0789	3.6231	0.0000	7.5924	inf	46.8659	0.0000	1.0491	0.0060	4.0019	17.2393	19.5615	0.0000	0.0000	0.0000	0.0000	0.0000	0.0000	0.0000	0.0000	0.0000	2.0147	0.0421	1.9726	0.0423	0.0421	0.0002	1.9724	0.0000	1.9724	0.0007	0.0006	0.0001	0.0003	0.0003	0.0000	0.0004	0.0003	0.0001	0.6049	0.3425	0.2624	0.0605	0.0579	0.0027	0.5444	0.2846	0.2598	0.0000	0.0000	0.0000	0.0000	0.0000	0.0000	0.0000	0.0000	0.0000	3.3304	0.1229	7.5164	0.6986	0.7271	0.0789	3.6231	0.0000	7.5924	
62	126	0.1718	6	1	1	1	0	0	0	0	0	N	N	N	N	N	N	N	N	N	N	N	N	0.0000	0.0000	0.0000	0.0000	0.0000	0.0000	0.0000	0.0000	0.0000	0.0000	0.0000	0.0000	0.0000	0.0000	0.0000	0.0000	0.0000	0.0000	6.3338	0.1112	29.8558	0.0073	0.0024	0.0336	7.7377	0.1939	29.6772	77.8406	0.0000	1.5915	0.0060	5.0407	17.2393	17.1705	0.0000	0.0000	0.0000	0.0000	0.0000	0.0000	0.0000	0.0000	0.0000	3.0088	0.0382	2.9706	0.0013	0.0004	0.0009	3.0075	0.0378	2.9697	0.0009	0.0008	0.0001	0.0004	0.0004	0.0000	0.0005	0.0004	0.0001	0.5646	0.3433	0.2213	0.1759	0.1483	0.0276	0.3887	0.1950	0.1936	0.0000	0.0000	0.0000	0.0000	0.0000	0.0000	0.0000	0.0000	0.0000	5.3291	0.1112	13.4254	0.0073	0.0024	0.0336	7.7377	0.1939	15.3355	
62	127	0.1558	5	1	1	1	0	0	0	0	0	N	N	N	N	N	N	N	N	N	N	N	N	0.0000	0.0000	0.0000	0.0000	0.0000	0.0000	0.0000	0.0000	0.0000	0.0000	0.0000	0.0000	0.0000	0.0000	0.0000	0.0000	0.0000	0.0000	0.1979	0.1287	0.3318	0.2239	0.2489	0.0123	0.1832	0.0132	0.3721	1.3330	-0.0000	0.0068	0.0060	1.9703	17.2393	6.2034	0.0000	0.0000	0.0000	0.0000	0.0000	0.0000	0.0000	0.0000	0.0000	0.0598	0.0256	0.0342	0.0244	0.0243	0.0001	0.0354	0.0013	0.0340	0.0004	0.0003	0.0001	0.0002	0.0002	0.0000	0.0002	0.0002	0.0000	0.3021	0.1991	0.1029	0.1091	0.0976	0.0115	0.1930	0.1016	0.0914	0.0000	0.0000	0.0000	0.0000	0.0000	0.0000	0.0000	0.0000	0.0000	0.1979	0.1287	0.3318	0.2239	0.2489	0.0123	0.1832	0.0132	0.3721	
62	128	0.1346	4	1	0	1	0	0	0	0	0	N	N	N	N	N	N	N	N	N	N	N	N	0.0000	0.0000	0.0000	0.0000	0.0000	0.0000	0.0000	0.0000	0.0000	0.0000	0.0000	0.0000	0.0000	0.0000	0.0000	0.0000	0.0000	0.0000	0.1342	0.0939	0.1942	0.0702	0.0823	0.0007	0.1619	0.1027	0.2184	1.3899	0.0000	0.0042	0.0060	1.1032	17.2393	7.8190	0.0000	0.0000	0.0000	0.0000	0.0000	0.0000	0.0000	0.0000	0.0000	0.0341	0.0143	0.0199	0.0054	0.0054	0.0000	0.0287	0.0089	0.0198	0.0002	0.0002	0.0000	0.0001	0.0001	0.0000	0.0001	0.0001	0.0000	0.2543	0.1521	0.1022	0.0768	0.0654	0.0114	0.1775	0.0867	0.0909	0.0000	0.0000	0.0000	0.0000	0.0000	0.0000	0.0000	0.0000	0.0000	0.1342	0.0939	0.1942	0.0702	0.0823	0.0007	0.1619	0.1027	0.2184	
62	129	0.4777	8	1	1	1	0	0	0	0	0	N	N	N	N	N	N	N	N	N	N	N	N	0.0000	0.0000	0.0000	0.0000	0.0000	0.0000	0.0000	0.0000	0.0000	0.0000	0.0000	0.0000	0.0000	0.0000	0.0000	0.0000	0.0000	0.0000	0.0044	0.0057	0.0000	0.0080	0.0086	0.0000	0.0000	0.0000	0.0000	0.0001	0.0000	-0.0006	0.0060	1.0033	17.2393	0.8635	0.0000	0.0000	0.0000	0.0000	0.0000	0.0000	0.0000	0.0000	0.0000	0.0014	0.0014	0.0000	0.0014	0.0014	0.0000	0.0000	0.0000	0.0000	0.0001	0.0001	0.0000	0.0001	0.0001	0.0000	0.0001	0.0001	0.0000	0.3098	0.2399	0.0700	0.1713	0.1604	0.0109	0.1386	0.0795	0.0591	0.0000	0.0000	0.0000	0.0000	0.0000	0.0000	0.0000	0.0000	0.0000	0.0044	0.0057	0.0000	0.0080	0.0086	0.0000	0.0000	0.0000	0.0000	
62	130	0.4484	7	1	0	1	0	0	0	0	0	N	N	N	N	N	N	N	N	N	N	N	N	0.0010	0.0012	0.0000	0.0019	0.0018	0.0000	0.0000	0.0000	0.0000	0.0000	0.0000	0.0000	0.0001	0.0001	0.0000	0.0000	0.0000	0.0000	0.0301	0.0280	0.0355	0.0311	0.0344	0.0060	0.0289	0.0155	0.0438	0.0032	0.5014	-0.0000	-0.0028	0.0060	5.5514	17.2393	9.9598	0.0000	0.0000	0.0000	0.0000	0.0000	0.0000	0.0000	0.0000	0.0000	0.0227	0.0151	0.0076	0.0125	0.0123	0.0003	0.0101	0.0028	0.0073	0.0011	0.0009	0.0002	0.0005	0.0005	0.0000	0.0006	0.0004	0.0001	0.7529	0.5397	0.2132	0.4032	0.3564	0.0469	0.3497	0.1833	0.1664	0.0010	0.0012	0.0000	0.0019	0.0018	0.0000	0.0000	0.0000	0.0000	0.0301	0.0280	0.0355	0.0311	0.0344	0.0060	0.0289	0.0155	0.0438
62	131	0.4181	6	1	0	1	0	0	0	0	0	N	N	N	N	N	N	N	N	N	N	N	N	0.0084	0.0057	0.0233	0.0037	0.0034	0.0088	0.0103	0.0078	0.0202	0.0060	0.0034	0.0230	0.0020	0.0019	0.0025	0.0094	0.0050	0.0241	0.7164	0.6003	0.9863	0.5351	0.5738	0.2823	0.9087	0.6470	1.1933	1.0005	0.7070	0.0000	-0.0251	0.0060	9.1969	17.2393	13.4651	0.0000	0.0000	0.0000	0.0000	0.0000	0.0000	0.0000	0.0000	0.0000	0.5689	0.3333	0.2356	0.2187	0.2033	0.0153	0.3503	0.1300	0.2203	0.0017	0.0015	0.0002	0.0008	0.0008	0.0000	0.0009	0.0007	0.0002	0.7941	0.5552	0.2389	0.4087	0.3544	0.0543	0.3855	0.2009	0.1846	0.0084	0.0057	0.0233	0.0037	0.0034	0.0088	0.0103	0.0078	0.0202	0.7164	0.6003	0.9863	0.5351	0.5738	0.2823	0.9087	0.6470	1.1933
62	132	0.2315	8	2	1	1	1	0	0	0	0	Y	N	N	N	N	N	N	N	N	N	N	N	0.0000	0.0000	0.0000	0.0000	0.0000	0.0000	0.0000	0.0000	0.0000	0.0000	0.0000	0.0000	0.0000	0.0000	0.0000	0.0011	0.0000	0.0026	0.0000	0.0000	0.0000	0.0014	0.0000	0.0029	inf	0.0000	0.0001	0.0060	1.0000	17.2393	3.0001	0.0000	0.0000	0.0000	0.0000	0.0000	0.0000	0.0000	0.0000	0.0000	0.0001	0.0000	0.0001	0.0000	0.0000	0.0000	0.0001	0.0000	0.0001	0.0001	0.0001	0.0000	0.0001	0.0001	0.0000	0.0001	0.0001	0.0000	0.0927	0.0541	0.0386	0.0232	0.0193	0.0039	0.0695	0.0348	0.0347	0.0000	0.0000	0.0000	0.0000	0.0000	0.0000	0.0000	0.0000	0.0000	0.0011	0.0000	0.0026	0.0000	0.0000	0.0000	0.0014	0.0000	0.0029				
62	133	0.6305	12	2	1	1	1	0	0	0	0	Y	N	N	N	N	N	N	N	N	N	N	N	0.0000	0.0000	0.0000	0.0000	0.0000	0.0000	0.0000	0.0000	0.0000	0.0000	0.0000	0.0000	0.0000	0.0000	0.0000	0.0005	0.0000	0.0017	0.0010	0.0000	0.0053	0.0000	0.0000	0.0000	1040.1596	0.0000	0.0000	0.0060	0.0006	17.2393	1.9797	0.0000	0.0000	0.0000	0.0000	0.0000	0.0000	0.0000	0.0000	0.0000	0.0000	0.0000	0.0000	0.0000	0.0000	0.0000	0.0000	0.0000	0.0000	0.0000	0.0000	0.0000	0.0000	0.0000	0.0000	0.0000	0.0000	0.0000	0.0369	0.0251	0.0118	0.0202	0.0165	0.0037	0.0167	0.0085	0.0081	0.0000	0.0000	0.0000	0.0000	0.0000	0.0000	0.0000	0.0000	0.0000	0.0005	0.0000	0.0017	0.0010	0.0000	0.0053	0.0000	0.0000	0.0000				
62	134	0.6137	11	2	1	1	1	0	0	0	0	Y	N	N	N	N	N	N	N	N	N	N	N	0.0000	0.0000	0.0000	0.0000	0.0000	0.0000	0.0000	0.0000	0.0000	0.0000	0.0000	0.0000	0.0000	0.0000	0.0000	0.0000	0.0000	0.0010	0.0014	0.0002	0.0018	0.0022	0.0000	0.0001	0.0000	0.0003	0.0702	0.0000	-0.0001	0.0060	2.0077	17.2393	6.0321	0.0000	0.0000	0.0000	0.0000	0.0000	0.0000	0.0000	0.0000	0.0000	0.0001	0.0001	0.0000	0.0001	0.0001	0.0000	0.0000	0.0000	0.0000	0.0004	0.0003	0.0000	0.0002	0.0002	0.0000	0.0002	0.0001	0.0000	0.1347	0.0898	0.0449	0.0724	0.0579	0.0145	0.0622	0.0319	0.0304	0.0000	0.0000	0.0000	0.0000	0.0000	0.0000	0.0000	0.0000	0.0000	0.0010	0.0014	0.0002	0.0018	0.0022	0.0000	0.0001	0.0000	0.0003		
62	135	0.6090	11	1	1	1	1	0	0	0	0	N	N	N	N	N	N	N	N	N	N	N	N	0.1883	0.1687	0.0000	0.2583	0.2164	0.0000	0.0005	0.0143	0.0000	0.0040	0.0047	0.0000	0.0086	0.0087	0.0000	0.0000	0.0000	0.0000	0.0214	0.0277	0.0101	0.0332	0.0404	0.0023	0.0075	0.0004	0.0132	0.0000	0.2015	-0.0000	-0.0016	0.0060	3.0348	17.2393	9.3583	0.0000	0.0000	0.0000	0.0000	0.0000	0.0000	0.0000	0.0000	0.0000	0.0055	0.0046	0.0009	0.0046	0.0046	0.0001	0.0009	0.0000	0.0009	0.0006	0.0005	0.0001	0.0003	0.0003	0.0000	0.0003	0.0002	0.0001	0.2584	0.1661	0.0923	0.1399	0.1136	0.0263	0.1185	0.0525	0.0661	0.1883	0.1687	0.0000	0.2583	0.2164	0.0000	0.0005	0.0143	0.0000	0.0214	0.0277	0.0101	0.0332	0.0404	0.0023	0.0075	0.0004	0.0132
62	136	0.5946	10	1	0	1	1	0	0	0	0	N	N	N	N	N	N	N	N	N	N	N	N	0.2726	0.1016	1.9687	0.0196	0.0147	88.7667	1.0747	165.6637	1.3870	0.2711	0.1186	1.2911	0.0283	0.0269	0.1357	0.5107	0.2368	1.3536	0.9948	1.1672	0.6558	1.4478	1.8261	0.0015	0.4752	0.0014	0.9759	1.6290	0.2859	0.0000	-0.0278	0.0060	0.0433	17.2393	6.6805	0.0000	0.0000	0.0000	0.0000	0.0000	0.0000	0.0000	0.0000	0.0000	0.1178	0.0916	0.0262	0.0916	0.0916	0.0000	0.0262	0.0000	0.0262	0.0000	0.0000	0.0000	0.0000	0.0000	0.0000	0.0000	0.0000	0.0000	0.1184	0.0785	0.0399	0.0632	0.0501	0.0131	0.0551	0.0283	0.0268	0.2726	0.1016	1.9687	0.0196	0.0147	88.7667	1.0747	165.6637	1.3870	0.9948	1.1672	0.6558	1.4478	1.8261	0.0015	0.4752	0.0014	0.9759
62	137	0.2612	10	1	1	1	1	0	0	0	0	N	N	N	N	N	N	N	N	N	N	N	N	0.0000	0.0000	0.0000	0.0000	0.0000	0.0000	0.0000	0.0000	0.0000	0.0000	0.0000	0.0000	0.0000	0.0000	0.0000	0.0000	0.0000	0.0000	0.0000	0.0000	0.0060	0.0000	17.2393	0.0000	0.0000	0.0000	0.0000	0.0000	0.0000	0.0000	0.0000	0.0000	0.0000	0.0000	0.0000	0.0000	0.0000	0.0000	0.0000	0.0000	0.0000	0.0000	0.0000	0.0000	0.0000	0.0000	0.0000	0.0000	0.0000	0.0000	0.0000	0.0000	0.0000	0.0000	0.0000	0.0000	0.0000	0.0000	0.0000	0.0000	0.0000	0.0000	0.0000	0.0000	0.0000	0.0000	0.0000	0.0000	0.0000	0.0000	0.0000	0.0000	0.0000	0.0000	0.0000	0.0000	0.0000	0.0000											
62	138	0.2561	9	1	1	1	1	0	0	0	0	N	N	N	N	N	N	N	N	N	N	N	N	0.0000	0.0000	0.0000	0.0000	0.0000	0.0000	0.0000	0.0000	0.0000	0.0000	0.0000	0.0000	0.0000	0.0009	0.0015	0.0000	0.0031	0.0037	0.0000	0.0000	0.0000	0.0000	0.0000	0.0000	-0.0000	0.0060	0.0021	17.2393	2.0000	0.0000	0.0000	0.0000	0.0000	0.0000	0.0000	0.0000	0.0000	0.0000	0.0000	0.0000	0.0000	0.0000	0.0000	0.0000	0.0000	0.0000	0.0000	0.0000	0.0000	0.0000	0.0000	0.0000	0.0000	0.0000	0.0000	0.0000	0.0467	0.0276	0.0191	0.0133	0.0112	0.0021	0.0335	0.0164	0.0170	0.0000	0.0000	0.0000	0.0000	0.0000	0.0000	0.0000	0.0000	0.0000	0.0009	0.0015	0.0000	0.0031	0.0037	0.0000	0.0000	0.0000	0.0000						
62	139	0.2459	8	1	0	1	1	0	0	0	0	N	N	N	N	N	N	N	N	N	N	N	N	0.0000	0.0000	0.0000	0.0000	0.0000	0.0000	0.0000	0.0000	0.0000	0.0000	0.0000	0.0000	0.0000	0.0000	0.0000	0.0000	1.0294	1.7489	0.0000	3.8028	4.5453	0.0000	0.0000	0.0000	0.0000	0.0000	0.0000	-0.0440	0.0060	1.0020	17.2393	3.0181	0.0000	0.0000	0.0000	0.0000	0.0000	0.0000	0.0000	0.0000	0.0000	0.0959	0.0959	0.0000	0.0959	0.0959	0.0000	0.0000	0.0000	0.0000	0.0001	0.0001	0.0000	0.0001	0.0001	0.0000	0.0001	0.0001	0.0000	0.0932	0.0549	0.0383	0.0252	0.0211	0.0041	0.0680	0.0337	0.0342	0.0000	0.0000	0.0000	0.0000	0.0000	0.0000	0.0000	0.0000	0.0000	1.0294	1.7489	0.0000	3.8028	4.5453	0.0000	0.0000	0.0000	0.0000			
62	140	0.2315	8	1	1	1	0	0	0	0	0	N	N	N	N	N	N	N	N	N	N	N	N	0.0000	0.0000	0.0000	0.0000	0.0000	0.0000	0.0000	0.0000	0.0000	0.0000	0.0000	0.0000	0.0000	0.0000	0.0000	0.0011	0.0000	0.0026	0.0000	0.0000	0.0000	0.0014	0.0000	0.0029	inf	0.0000	0.0001	0.0060	0.0000	17.2393	4.0001	0.0000	0.0000	0.0000	0.0000	0.0000	0.0000	0.0000	0.0000	0.0000	0.0001	0.0000	0.0001	0.0000	0.0000	0.0000	0.0001	0.0000	0.0001	0.0000	0.0000	0.0000	0.0000	0.0000	0.0000	0.0000	0.0000	0.0000	0.0927	0.0541	0.0386	0.0232	0.0193	0.0039	0.0695	0.0348	0.0347	0.0000	0.0000	0.0000	0.0000	0.0000	0.0000	0.0000	0.0000	0.0000	0.0011	0.0000	0.0026	0.0000	0.0000	0.0000	0.0014	0.0000	0.0029				
62	141	0.6092	10	1	1	1	0	0	0	0	0	N	N	N	N	N	N	N	N	N	N	N	N	0.0000	0.0000	0.0000	0.0000	0.0000	0.0000	0.0000	0.0000	0.0000	0.0000	0.0000	0.0000	0.0000	0.0000	0.0000	0.0000	0.0000	0.0000	0.0002	0.0001	0.0003	0.0004	0.0002	0.0009	0.0000	0.0000	0.0001	1.1785	0.0000	0.0000	0.0060	1.0003	17.2393	5.0186	0.0000	0.0000	0.0000	0.0000	0.0000	0.0000	0.0000	0.0000	0.0000	0.0000	0.0000	0.0000	0.0000	0.0000	0.0000	0.0000	0.0000	0.0000	0.0002	0.0002	0.0000	0.0001	0.0001	0.0000	0.0001	0.0001	0.0000	0.1028	0.0686	0.0342	0.0553	0.0443	0.0110	0.0475	0.0243	0.0232	0.0000	0.0000	0.0000	0.0000	0.0000	0.0000	0.0000	0.0000	0.0000	0.0002	0.0001	0.0003	0.0004	0.0002	0.0009	0.0000	0.0000	0.0001	
62	142	0.2459	8	1	0	2	1	0	0	0	0	N	N	Y	N	N	N	N	N	N	N	N	N	0.0000	0.0000	0.0000	0.0000	0.0000	0.0000	0.0000	0.0000	0.0000	0.0000	0.0000	0.0000	0.0000	0.0000	0.0000	0.0000	0.0004	0.0002	0.0008	0.0004	0.0005	0.0000	0.0005	0.0000	0.0009	2.9266	0.0000	0.0000	0.0060	0.0001	17.2393	9.0026	0.0000	0.0000	0.0000	0.0000	0.0000	0.0000	0.0000	0.0000	0.0000	0.0001	0.0000	0.0001	0.0000	0.0000	0.0000	0.0001	0.0000	0.0001	0.0000	0.0000	0.0000	0.0000	0.0000	0.0000	0.0000	0.0000	0.0000	0.2040	0.1201	0.0838	0.0549	0.0459	0.0090	0.1491	0.0743	0.0748	0.0000	0.0000	0.0000	0.0000	0.0000	0.0000	0.0000	0.0000	0.0000	0.0004	0.0002	0.0008	0.0004	0.0005	0.0000	0.0005	0.0000	0.0009			
62	143	0.5946	10	1	0	2	1	0	0	0	0	N	N	Y	N	N	N	N	N	N	N	N	N	0.1519	0.1034	0.0000	0.0885	0.0727	0.0000	0.0000	0.0000	0.0000	1.0827	1.2494	0.0000	2.3113	2.3472	0.0000	0.0000	0.0000	0.0000	7.1260	12.0838	0.0007	26.1242	32.2740	0.0000	0.0005	0.0000	0.0010	0.0000	0.0000	-0.0002	-0.4575	0.0060	2.0061	17.2393	8.0425	0.0004	0.0004	0.0000	0.0004	0.0004	0.0000	0.0000	0.0000	0.0000	0.9981	0.9981	0.0000	0.9981	0.9981	0.0000	0.0000	0.0000	0.0000	0.0004	0.0003	0.0000	0.0002	0.0002	0.0000	0.0002	0.0001	0.0000	0.1732	0.1146	0.0586	0.0924	0.0731	0.0193	0.0808	0.0415	0.0393	0.1879	0.1434	0.0000	0.2139	0.1719	0.0000	0.0000	0.0000	0.0000	5.7628	8.7115	0.0007	10.8051	13.6563	0.0000	0.0005	0.0000	0.0010
62	144	0.5855	9	1	0	1	1	0	0	0	0	N	N	N	N	N	N	N	N	N	N	N	N	0.3551	0.3676	0.0000	0.4332	0.4336	0.0000	0.0000	0.0000	0.0000	0.0003	0.0004	0.0000	0.0006	0.0007	0.0000	0.0000	0.0000	0.0000	0.0009	0.0010	0.0006	0.0015	0.0015	0.0013	0.0002	0.0000	0.0004	0.0000	0.2473	-0.0000	-0.0000	0.0060	1.9550	17.2393	2.1189	0.0000	0.0000	0.0000	0.0000	0.0000	0.0000	0.0000	0.0000	0.0000	0.0001	0.0001	0.0000	0.0001	0.0001	0.0000	0.0000	0.0000	0.0000	0.0004	0.0003	0.0000	0.0002	0.0002	0.0000	0.0002	0.0001	0.0000	0.1149	0.0826	0.0323	0.0595	0.0516	0.0079	0.0554	0.0309	0.0245	0.3551	0.3676	0.0000	0.4332	0.4336	0.0000	0.0000	0.0000	0.0000	0.0009	0.0010	0.0006	0.0015	0.0015	0.0013	0.0002	0.0000	0.0004
62	145	0.5855	9	1	0	2	1	0	0	0	0	N	N	Y	N	N	N	N	N	N	N	N	N	0.0000	0.0000	0.0000	0.0000	0.0000	0.0000	0.0000	0.0000	0.0000	0.0000	0.0000	0.0000	0.0000	0.0000	0.0000	0.0000	0.0000	0.0000	0.0263	0.0389	0.0001	0.0504	0.0617	0.0003	0.0005	0.0010	0.0000	0.0012	0.0000	-0.0045	0.0060	2.1261	17.2393	18.6477	0.0000	0.0000	0.0000	0.0000	0.0000	0.0000	0.0000	0.0000	0.0000	0.0099	0.0099	0.0000	0.0098	0.0098	0.0000	0.0001	0.0001	0.0000	0.0004	0.0003	0.0001	0.0002	0.0002	0.0000	0.0002	0.0002	0.0000	0.3783	0.2553	0.1230	0.1955	0.1595	0.0360	0.1828	0.0958	0.0870	0.0000	0.0000	0.0000	0.0000	0.0000	0.0000	0.0000	0.0000	0.0000	0.0263	0.0389	0.0001	0.0504	0.0617	0.0003	0.0005	0.0010	0.0000	
62	146	0.2459	8	1	0	2	1	0	0	0	0	N	N	Y	N	N	N	N	N	N	N	N	N	0.0000	0.0000	0.0000	0.0000	0.0000	0.0000	0.0000	0.0000	0.0000	0.0000	0.0000	0.0000	0.0000	0.0000	0.1490	0.0000	0.3624	0.0000	0.0000	0.0000	0.2039	0.0000	0.4060	inf	0.0000	0.0147	0.0060	2.0001	17.2393	5.9880	0.0000	0.0000	0.0000	0.0000	0.0000	0.0000	0.0000	0.0000	0.0000	0.0271	0.0000	0.0271	0.0000	0.0000	0.0000	0.0271	0.0000	0.0271	0.0003	0.0003	0.0000	0.0001	0.0001	0.0000	0.0002	0.0001	0.0000	0.1818	0.1071	0.0747	0.0490	0.0409	0.0080	0.1328	0.0661	0.0667	0.0000	0.0000	0.0000	0.0000	0.0000	0.0000	0.0000	0.0000	0.0000	0.1490	0.0000	0.3624	0.0000	0.0000	0.0000	0.2039	0.0000	0.4060					
62	147	0.2459	8	1	0	2	1	0	0	0	0	N	N	Y	N	N	N	N	N	N	N	N	N	0.0000	0.0000	0.0000	0.0000	0.0000	0.0000	0.0000	0.0000	0.0000	0.0000	0.0000	0.0000	0.0000	0.0000	0.0000	0.0000	0.0000	5.2129	10.3665	0.0002	54.8720	69.6999	0.0000	0.0002	0.0002	0.0003	0.0000	0.0000	-1.3715	0.0060	9.0001	17.2393	23.0169	0.0000	0.0000	0.0000	0.0000	0.0000	0.0000	0.0000	0.0000	0.0000	2.9923	2.9922	0.0001	2.9922	2.9922	0.0000	0.0001	0.0000	0.0001	0.0013	0.0011	0.0002	0.0005	0.0005	0.0000	0.0008	0.0006	0.0002	0.6601	0.3897	0.2704	0.1739	0.1453	0.0286	0.4862	0.2444	0.2418	0.0000	0.0000	0.0000	0.0000	0.0000	0.0000	0.0000	0.0000	0.0000	4.5332	7.6781	0.0002	17.2063	20.5921	0.0000	0.0002	0.0002	0.0003		
62	148	0.2206	7	1	0	1	1	0	0	0	0	N	N	N	N	N	N	N	N	N	N	N	N	0.4906	0.0000	3.4334	0.0106	0.0000	24.1948	1.6461	0.0000	3.1588	0.0119	0.0000	0.0735	0.0006	0.0000	0.1712	0.0190	0.0000	0.0727	0.0244	0.0264	0.0214	0.0596	0.0691	0.0071	0.0115	0.0000	0.0230	inf	0.5610	0.0000	-0.0006	0.0060	1.9990	17.2393	7.9526	0.0000	0.0000	0.0000	0.0000	0.0000	0.0000	0.0000	0.0000	0.0000	0.0059	0.0038	0.0021	0.0039	0.0038	0.0001	0.0021	0.0000	0.0021	0.0003	0.0003	0.0000	0.0001	0.0001	0.0000	0.0002	0.0001	0.0000	0.2435	0.1440	0.0995	0.0649	0.0549	0.0099	0.1786	0.0890	0.0896	0.4906	0.0000	3.4334	0.0106	0.0000	24.1948	1.6461	0.0000	3.1588	0.0244	0.0264	0.0214	0.0596	0.0691	0.0071	0.0115	0.0000	0.0230
62	149	0.1886	6	2	1	1	0	0	0	0	0	Y	N	N	N	N	N	N	N	N	N	N	N	8.1923	0.0000	49.8727	0.3639	0.0000	190.8476	12.4852	0.0000	46.7723	0.3877	0.0000	0.8712	0.0046	0.0000	1.4094	0.7497	0.0000	0.8692	0.0473	0.0665	0.0175	0.0126	0.0134	0.0074	0.0600	0.0984	0.0186	inf	0.1685	0.0013	-0.0083	0.0060	5.3497	17.2393	17.2225	0.0023	0.0000	0.0023	0.0000	0.0000	0.0000	0.0022	0.0000	0.0022	0.0264	0.0226	0.0038	0.0019	0.0017	0.0002	0.0245	0.0209	0.0036	0.0058	0.0032	0.0026	0.0028	0.0028	0.0000	0.0030	0.0004	0.0026	0.5573	0.3396	0.2177	0.1493	0.1276	0.0217	0.4080	0.2120	0.1960	8.1923	0.0000	49.8727	0.3639	0.0000	190.8476	12.4852	0.0000	46.7723	0.0473	0.0665	0.0175	0.0126	0.0134	0.0074	0.0600	0.0984	0.0186
62	150	0.2194	7	1	1	1	0	0	0	0	0	N	N	N	N	N	N	N	N	N	N	N	N	0.0959	0.2089	0.0000	0.0786	0.0784	0.0000	0.0001	195.4902	0.0000	0.3389	0.5889	0.0002	0.6486	0.6896	0.0000	0.0003	0.0007	0.0002	3.5336	2.8192	4.7306	8.2496	8.7915	0.1949	2.5226	0.0000	5.2051	0.0002	1.0015	-0.0008	0.0838	0.0060	3.6794	17.2393	17.4287	0.0019	0.0019	0.0000	0.0019	0.0019	0.0000	0.0000	0.0000	0.0000	1.9963	0.9974	0.9989	1.0013	0.9974	0.0039	0.9950	0.0000	0.9950	0.0057	0.0033	0.0024	0.0030	0.0028	0.0002	0.0027	0.0005	0.0022	0.5650	0.3538	0.2112	0.1705	0.1505	0.0200	0.3944	0.2033	0.1912	0.0959	0.2089	0.0000	0.1105	0.1041	0.0000	0.0001	195.4902	0.0000	3.5336	2.8192	4.7306	5.8720	6.6263	0.1949	2.5226	0.0000	5.2051
62	151	0.1886	6	1	1	1	0	0	0	0	0	N	N	N	N	N	N	N	N	N	N	N	N	7.6840	10.8138	3.9495	6.9780	6.1858	43.7777	5.2809	8.9431	3.6136	0.5386	0.7693	0.2699	0.8183	0.8195	0.4615	0.2687	0.2639	0.2692	0.0701	0.0711	0.0683	0.1173	0.1325	0.0105	0.0509	0.0295	0.0745	0.3012	0.5730	-0.0006	-0.0025	0.0060	3.4464	17.2393	10.1316	0.0031	0.0023	0.0007	0.0023	0.0023	0.0000	0.0008	0.0001	0.0007	0.0266	0.0169	0.0097	0.0129	0.0128	0.0001	0.0137	0.0042	0.0096	0.0057	0.0031	0.0026	0.0028	0.0028	0.0000	0.0029	0.0003	0.0026	0.3801	0.2380	0.1420	0.1100	0.0963	0.0137	0.2701	0.1418	0.1283	7.6840	10.8138	3.9495	6.9780	6.1858	43.7777	5.2809	8.9431	3.6136	0.0701	0.0711	0.0683	0.1173	0.1325	0.0105	0.0509	0.0295	0.0745
62	152	0.6160	12	2	1	1	0	0	0	0	0	Y	N	N	N	N	N	N	N	N	N	N	N	0.0000	0.0000	0.0000	0.0000	0.0000	0.0000	0.0000	0.0000	0.0000	0.0000	0.0000	0.0000	0.0000	0.0000	0.0000	0.0000	0.0000	0.0000	0.4717	0.7081	0.0001	0.8818	1.1025	0.0004	0.0001	0.0002	0.0000	0.0001	0.0000	-0.0463	0.0060	1.0143	17.2393	12.0086	0.0000	0.0000	0.0000	0.0000	0.0000	0.0000	0.0000	0.0000	0.0000	0.1011	0.1011	0.0000	0.1011	0.1010	0.0000	0.0000	0.0000	0.0000	0.0002	0.0002	0.0000	0.0001	0.0001	0.0000	0.0001	0.0001	0.0000	0.2143	0.1427	0.0716	0.1146	0.0917	0.0229	0.0997	0.0511	0.0486	0.0000	0.0000	0.0000	0.0000	0.0000	0.0000	0.0000	0.0000	0.0000	0.4717	0.7081	0.0001	0.8818	1.1025	0.0004	0.0001	0.0002	0.0000	
62	153	0.6137	11	2	1	1	0	0	0	0	0	Y	N	N	N	N	N	N	N	N	N	N	N	0.0000	0.0000	0.0000	0.0000	0.0000	0.0000	0.0000	0.0000	0.0000	0.0000	0.0000	0.0000	0.0000	0.0000	0.0000	0.0000	0.0000	0.0000	0.3067	0.0239	0.8742	0.0244	0.0303	0.0006	0.6383	0.0122	1.2874	18.1832	0.0000	0.0026	0.0060	0.9811	17.2393	0.0216	0.0000	0.0000	0.0000	0.0000	0.0000	0.0000	0.0000	0.0000	0.0000	0.0054	0.0003	0.0051	0.0002	0.0002	0.0000	0.0051	0.0000	0.0051	0.0002	0.0002	0.0000	0.0001	0.0001	0.0000	0.0001	0.0001	0.0000	0.0175	0.0117	0.0058	0.0095	0.0076	0.0019	0.0080	0.0041	0.0040	0.0000	0.0000	0.0000	0.0000	0.0000	0.0000	0.0000	0.0000	0.0000	0.3067	0.0239	0.8742	0.0244	0.0303	0.0006	0.6383	0.0122	1.2874	
62	154	0.6092	10	2	1	1	0	0	0	0	0	Y	N	N	N	N	N	N	N	N	N	N	N	0.0000	0.0000	0.0000	0.0000	0.0000	0.0000	0.0000	0.0000	0.0000	0.0000	0.0000	0.0000	0.0000	0.0000	0.0000	0.0000	0.0000	0.0000	0.0039	0.0008	0.0103	0.0015	0.0012	0.0027	0.0068	0.0000	0.0138	6.4561	0.0000	0.0001	0.0060	0.0083	17.2393	2.0001	0.0000	0.0000	0.0000	0.0000	0.0000	0.0000	0.0000	0.0000	0.0000	0.0001	0.0000	0.0001	0.0000	0.0000	0.0000	0.0001	0.0000	0.0001	0.0000	0.0000	0.0000	0.0000	0.0000	0.0000	0.0000	0.0000	0.0000	0.0358	0.0240	0.0118	0.0193	0.0155	0.0037	0.0165	0.0084	0.0081	0.0000	0.0000	0.0000	0.0000	0.0000	0.0000	0.0000	0.0000	0.0000	0.0039	0.0008	0.0103	0.0015	0.0012	0.0027	0.0068	0.0000	0.0138	
62	155	0.5855	9	1	1	1	0	0	0	0	0	N	N	N	N	N	N	N	N	N	N	N	N	0.0000	0.0000	0.0000	0.0000	0.0000	0.0000	0.0000	0.0000	0.0000	0.0000	0.0000	0.0000	0.0000	0.0000	0.0000	0.0000	0.0000	0.0000	0.0006	0.0006	0.0007	0.0011	0.0009	0.0020	0.0001	0.0000	0.0002	0.5464	0.0000	-0.0000	0.0060	2.9180	17.2393	7.4065	0.0000	0.0000	0.0000	0.0000	0.0000	0.0000	0.0000	0.0000	0.0000	0.0001	0.0001	0.0000	0.0001	0.0001	0.0000	0.0000	0.0000	0.0000	0.0005	0.0005	0.0001	0.0002	0.0002	0.0000	0.0003	0.0002	0.0001	0.2173	0.1498	0.0676	0.1127	0.0938	0.0189	0.1046	0.0559	0.0487	0.0000	0.0000	0.0000	0.0000	0.0000	0.0000	0.0000	0.0000	0.0000	0.0006	0.0006	0.0007	0.0011	0.0009	0.0020	0.0001	0.0000	0.0002	
62	156	0.5197	8	1	0	1	0	0	0	0	0	N	N	N	N	N	N	N	N	N	N	N	N	0.0547	0.0504	0.0000	0.0658	0.0602	0.0000	0.0060	0.0372	0.0000	0.0040	0.0046	0.0000	0.0080	0.0083	0.0000	0.0001	0.0001	0.0000	0.0727	0.0908	0.0333	0.1215	0.1373	0.0407	0.0167	0.0035	0.0305	0.0000	0.1690	-0.0000	-0.0147	0.0060	8.2479	17.2393	19.7214	0.0000	0.0000	0.0000	0.0000	0.0000	0.0000	0.0000	0.0000	0.0000	0.0467	0.0399	0.0068	0.0417	0.0394	0.0023	0.0050	0.0005	0.0045	0.0016	0.0014	0.0002	0.0008	0.0008	0.0000	0.0008	0.0006	0.0002	0.6425	0.4399	0.2026	0.3433	0.2870	0.0563	0.2991	0.1529	0.1463	0.0547	0.0504	0.0000	0.0658	0.0602	0.0000	0.0060	0.0372	0.0000	0.0727	0.0908	0.0333	0.1215	0.1373	0.0407	0.0167	0.0035	0.0305
62	157	0.4836	7	1	0	1	0	0	0	0	0	N	N	N	N	N	N	N	N	N	N	N	N	0.0191	0.0235	0.0018	0.0407	0.0364	0.0725	0.0001	0.0001	0.0002	0.0028	0.0031	0.0003	0.0059	0.0059	0.0038	0.0000	0.0000	0.0000	0.1443	0.1328	0.1699	0.1442	0.1625	0.0528	0.1445	0.0713	0.2199	0.0151	0.5775	-0.0000	-0.0087	0.0060	7.4725	17.2393	14.3153	0.0000	0.0000	0.0000	0.0000	0.0000	0.0000	0.0000	0.0000	0.0000	0.0945	0.0599	0.0346	0.0526	0.0494	0.0032	0.0418	0.0105	0.0314	0.0014	0.0012	0.0002	0.0006	0.0006	0.0000	0.0007	0.0006	0.0002	0.6545	0.4510	0.2035	0.3651	0.3042	0.0609	0.2895	0.1468	0.1426	0.0191	0.0235	0.0018	0.0407	0.0364	0.0725	0.0001	0.0001	0.0002	0.1443	0.1328	0.1699	0.1442	0.1625	0.0528	0.1445	0.0713	0.2199
62	158	0.4181	6	1	0	1	0	0	0	0	0	N	N	N	N	N	N	N	N	N	N	N	N	0.0022	0.0073	0.0000	0.0088	0.0094	0.0000	0.0001	0.0025	0.0000	0.0008	0.0009	0.0000	0.0016	0.0017	0.0000	0.0000	0.0001	0.0000	0.3574	0.1210	0.8835	0.1872	0.1778	0.2430	0.5318	0.0253	1.0819	0.0003	3.2820	-0.0000	0.1008	0.0060	11.6653	17.2393	19.4910	0.0000	0.0000	0.0000	0.0000	0.0000	0.0000	0.0000	0.0000	0.0000	0.3270	0.0764	0.2507	0.0867	0.0704	0.0163	0.2403	0.0059	0.2344	0.0021	0.0018	0.0003	0.0009	0.0009	0.0000	0.0011	0.0009	0.0003	0.9151	0.6314	0.2837	0.4632	0.3961	0.0671	0.4519	0.2353	0.2166	0.0022	0.0073	0.0000	0.0088	0.0094	0.0000	0.0001	0.0025	0.0000	0.3574	0.1210	0.8835	0.1872	0.1778	0.2430	0.5318	0.0253	1.0819
62	159	0.3708	5	1	0	1	0	0	0	0	0	N	N	N	N	N	N	N	N	N	N	N	N	0.0018	0.0167	0.0005	0.0165	0.0196	0.0003	0.0005	0.0148	0.0004	0.0037	0.0038	0.0030	0.0057	0.0058	0.0002	0.0019	0.0015	0.0032	2.0077	0.2284	5.7553	0.3460	0.2976	0.6357	3.7380	0.1028	7.2558	0.1167	11.9630	-0.0000	0.8632	0.0060	7.3933	17.2393	20.5306	0.0000	0.0000	0.0000	0.0000	0.0000	0.0000	0.0000	0.0000	0.0000	1.8584	0.1434	1.7150	0.1634	0.1204	0.0429	1.6950	0.0229	1.6721	0.0014	0.0012	0.0002	0.0007	0.0007	0.0000	0.0008	0.0006	0.0002	0.9256	0.6276	0.2980	0.4722	0.4046	0.0675	0.4535	0.2230	0.2304	0.0018	0.0167	0.0005	0.0165	0.0196	0.0003	0.0005	0.0148	0.0004	2.0077	0.2284	5.7553	0.3460	0.2976	0.6357	3.7380	0.1028	7.2558
62	160	0.1346	4	1	0	1	0	0	0	0	0	N	N	N	N	N	N	N	N	N	N	N	N	0.2427	0.3307	0.0039	0.3610	0.2966	0.3941	0.0047	0.0110	0.0035	0.0946	0.1087	0.0018	0.2332	0.2343	0.0007	0.0015	0.0014	0.0019	0.3899	0.3286	0.4743	0.6459	0.7901	0.0017	0.3200	0.1287	0.5229	0.0026	1.0475	-0.0002	0.0288	0.0060	27.6416	17.2393	54.6365	0.0004	0.0004	0.0000	0.0004	0.0004	0.0000	0.0000	0.0000	0.0000	0.5419	0.2647	0.2773	0.1924	0.1923	0.0001	0.3495	0.0723	0.2772	0.0042	0.0036	0.0005	0.0017	0.0017	0.0000	0.0025	0.0019	0.0005	1.3900	0.8055	0.5846	0.2979	0.2435	0.0545	1.0921	0.5620	0.5301	0.2427	0.3307	0.0039	0.3610	0.2966	0.3941	0.0047	0.0110	0.0035	0.3899	0.3286	0.4743	0.6459	0.7901	0.0017	0.3200	0.1287	0.5229
62	161	0.2391	10	2	1	1	0	0	0	0	0	Y	N	N	N	N	N	N	N	N	N	N	N	0.0000	0.0000	0.0000	0.0000	0.0000	0.0000	0.0000	0.0000	0.0000	0.0000	0.0000	0.0000	0.0000	0.0000	0.0000	0.0000	0.0000	0.0617	0.0000	0.1503	0.0065	0.0000	0.0406	0.0808	0.0000	0.1627	75195.9014	0.0000	0.0024	0.0060	0.0002	17.2393	3.0099	0.0000	0.0000	0.0000	0.0000	0.0000	0.0000	0.0000	0.0000	0.0000	0.0044	0.0000	0.0044	0.0001	0.0000	0.0001	0.0043	0.0000	0.0043	0.0000	0.0000	0.0000	0.0000	0.0000	0.0000	0.0000	0.0000	0.0000	0.0717	0.0423	0.0294	0.0185	0.0155	0.0030	0.0532	0.0268	0.0264	0.0000	0.0000	0.0000	0.0000	0.0000	0.0000	0.0000	0.0000	0.0000	0.0617	0.0000	0.1503	0.0065	0.0000	0.0406	0.0808	0.0000	0.1627		
62	162	0.2315	9	2	1	1	0	0	0	0	0	Y	N	N	N	N	N	N	N	N	N	N	N	0.0000	0.0000	0.0000	0.0000	0.0000	0.0000	0.0000	0.0000	0.0000	0.0000	0.0000	0.0000	0.0000	0.0000	0.0000	0.0000	0.0000	0.0000	0.0663	0.1082	0.0075	0.2522	0.3031	0.0000	0.0042	0.0000	0.0083	0.0493	0.0000	-0.0019	0.0060	0.9998	17.2393	2.0118	0.0000	0.0000	0.0000	0.0000	0.0000	0.0000	0.0000	0.0000	0.0000	0.0046	0.0044	0.0002	0.0044	0.0044	0.0000	0.0002	0.0000	0.0002	0.0001	0.0001	0.0000	0.0001	0.0001	0.0000	0.0001	0.0001	0.0000	0.0701	0.0409	0.0292	0.0176	0.0146	0.0029	0.0526	0.0263	0.0262	0.0000	0.0000	0.0000	0.0000	0.0000	0.0000	0.0000	0.0000	0.0000	0.0663	0.1082	0.0075	0.2522	0.3031	0.0000	0.0042	0.0000	0.0083	
62	163	0.2315	8	2	1	1	0	0	0	0	0	Y	N	N	N	N	N	N	N	N	N	N	N	0.0000	0.0000	0.0000	0.0000	0.0000	0.0000	0.0000	0.0000	0.0000	0.0000	0.0000	0.0000	0.0000	0.0000	0.0000	0.0000	0.0000	19.6893	20.3442	32.9563	97.7313	72.6722	0.0495	6.9913	0.0000	31.1736	0.4545	0.0000	-0.0000	0.0060	0.0000	17.2393	0.0003	0.0000	0.0000	0.0000	0.0000	0.0000	0.0000	0.0000	0.0000	0.0000	0.0003	0.0002	0.0001	0.0002	0.0002	0.0000	0.0001	0.0000	0.0001	0.0000	0.0000	0.0000	0.0000	0.0000	0.0000	0.0000	0.0000	0.0000	0.0000	0.0000	0.0000	0.0000	0.0000	0.0000	0.0000	0.0000	0.0000	0.0000	0.0000	0.0000	0.0000	0.0000	0.0000	0.0000	0.0000	0.0000	12.9293	12.2054	14.8700	21.0551	21.7701	0.0495	6.9913	0.0000	15.6690		
62	164	0.2206	7	1	1	1	0	0	0	0	0	N	N	N	N	N	N	N	N	N	N	N	N	4.6607	0.0000	11.1051	0.0856	0.0000	69.4156	18.5117	0.0000	10.1965	0.2302	0.0000	0.4934	0.0094	0.0000	0.9891	0.4487	0.0000	0.4883	0.0494	0.0527	0.0444	0.1101	0.1257	0.0142	0.0242	0.0000	0.0479	inf	0.5599	0.0000	-0.0006	0.0060	0.0063	17.2393	4.3641	0.0000	0.0000	0.0000	0.0000	0.0000	0.0000	0.0000	0.0000	0.0000	0.0059	0.0038	0.0021	0.0039	0.0038	0.0001	0.0021	0.0000	0.0021	0.0000	0.0000	0.0000	0.0000	0.0000	0.0000	0.0000	0.0000	0.0000	0.1201	0.0722	0.0479	0.0352	0.0302	0.0049	0.0849	0.0419	0.0430	4.6607	0.0000	11.1051	0.0856	0.0000	69.4156	18.5117	0.0000	10.1965	0.0494	0.0527	0.0444	0.1101	0.1257	0.0142	0.0242	0.0000	0.0479
62	165	0.1886	6	1	0	1	0	0	0	0	0	N	N	N	N	N	N	N	N	N	N	N	N	0.0343	0.0002	0.0259	0.0003	0.0000	48.5337	0.1010	0.2831	0.0260	0.4042	0.0007	0.8578	0.0055	0.0008	1.5096	0.7929	0.0001	0.8557	11.7722	4.3847	33.1305	20.0708	21.8051	0.0311	7.8475	0.0004	32.8803	1023.3674	2.0098	0.0013	0.6242	0.0060	2.5207	17.2393	10.0226	0.0023	0.0000	0.0023	0.0000	0.0000	0.0000	0.0022	0.0000	0.0022	2.9810	0.9904	1.9906	0.9908	0.9904	0.0004	1.9902	0.0001	1.9902	0.0056	0.0030	0.0026	0.0028	0.0028	0.0000	0.0028	0.0002	0.0026	0.3588	0.2259	0.1329	0.1052	0.0925	0.0127	0.2536	0.1334	0.1202	0.0486	0.0002	0.0573	0.0006	0.0001	48.5337	0.1010	0.2831	0.0517	8.3079	4.3847	14.9742	9.4177	10.7108	0.0311	7.8475	0.0004	16.5579
62	166	0.1730	5	1	0	1	0	0	0	0	0	N	N	N	N	N	N	N	N	N	N	N	N	74.6301	1.9480	157.7954	1.3187	1.4716	8.7473	395.1817	2.6508	372.2023	3.5475	0.0624	12.3048	0.1387	0.0960	4.3977	6.4612	0.0032	12.4339	0.0475	0.0320	0.0780	0.1052	0.0653	0.5027	0.0164	0.0012	0.0334	78.4781	1.2395	0.0018	0.0012	0.0060	2.6894	17.2393	4.6619	0.0033	0.0000	0.0033	0.0001	0.0000	0.0000	0.0032	0.0000	0.0032	0.0131	0.0058	0.0072	0.0101	0.0057	0.0044	0.0029	0.0001	0.0028	0.0009	0.0007	0.0003	0.0004	0.0004	0.0000	0.0005	0.0002	0.0003	0.2747	0.1820	0.0927	0.0964	0.0876	0.0088	0.1783	0.0944	0.0839	74.6301	1.9480	157.7954	1.3187	1.4716	8.7473	395.1817	2.6508	372.2023	0.0475	0.0320	0.0780	0.1052	0.0653	0.5027	0.0164	0.0012	0.0334
62	167	0.1346	4	1	0	1	0	0	0	0	0	N	N	N	N	N	N	N	N	N	N	N	N	6.6059	0.0089	133.0433	0.0356	0.0000	526.7125	26.7379	0.0558	120.9973	0.2037	0.0004	1.4719	0.0027	0.0000	0.5396	0.3413	0.0007	1.4858	0.0308	0.0444	0.0111	0.0759	0.0894	0.0010	0.0128	0.0133	0.0123	596.9761	0.1709	0.0001	-0.0029	0.0060	2.7966	17.2393	8.5340	0.0001	0.0000	0.0001	0.0000	0.0000	0.0000	0.0001	0.0000	0.0001	0.0093	0.0080	0.0014	0.0066	0.0066	0.0000	0.0028	0.0014	0.0014	0.0005	0.0004	0.0001	0.0002	0.0002	0.0000	0.0003	0.0002	0.0001	0.3032	0.1799	0.1233	0.0868	0.0735	0.0133	0.2164	0.1064	0.1100	6.6059	0.0089	133.0433	0.0356	0.0000	526.7125	26.7379	0.0558	120.9973	0.0308	0.0444	0.0111	0.0759	0.0894	0.0010	0.0128	0.0133	0.0123
63	65	0.1987	4	0	1	1	0	0	0	0	0	N	N	N	N	N	N	N	N	N	N	N	N	0.1394	0.1594	0.0000	0.3150	0.3063	0.0000	0.0004	0.2035	0.0000	0.0065	0.0075	0.0000	0.0252	0.0257	0.0000	0.0000	0.0000	0.0000	0.0469	0.0472	0.0463	0.0801	0.0838	0.0574	0.0190	0.0001	0.0433	0.0000	0.4266	-0.0001	-0.0040	1.0230	1.7555	12.1924	11.9300	0.0001	0.0001	0.0000	0.0001	0.0001	0.0000	0.0000	0.0000	0.0000	0.0251	0.0176	0.0075	0.0196	0.0176	0.0020	0.0055	0.0000	0.0055	0.0204	0.0177	0.0026	0.0053	0.0052	0.0001	0.0151	0.0126	0.0026	0.5350	0.3730	0.1620	0.2443	0.2098	0.0345	0.2907	0.1632	0.1274	0.1394	0.1594	0.0000	0.3150	0.3063	0.0000	0.0004	0.2035	0.0000	0.0469	0.0472	0.0463	0.0801	0.0838	0.0574	0.0190	0.0001	0.0433
63	66	0.1777	6	1	1	2	0	0	0	0	0	N	N	Y	N	N	N	N	N	N	N	N	N	0.0000	0.0000	0.0000	0.0000	0.0000	0.0000	0.0000	0.0000	0.0000	0.0000	0.0000	0.0000	0.0000	0.0000	0.0000	0.0000	0.0000	0.0000	0.0000	0.0000	1.0230	0.0000	12.1924	0.0000	0.0000	0.0000	0.0000	0.0000	0.0000	0.0000	0.0000	0.0000	0.0000	0.0000	0.0000	0.0000	0.0000	0.0000	0.0000	0.0000	0.0000	0.0000	0.0000	0.0000	0.0000	0.0000	0.0000	0.0000	0.0000	0.0000	0.0000	0.0000	0.0000	0.0000	0.0000	0.0000	0.0000	0.0000	0.0000	0.0000	0.0000	0.0000	0.0000	0.0000	0.0000	0.0000	0.0000	0.0000	0.0000	0.0000	0.0000	0.0000	0.0000	0.0000	0.0000	0.0000	0.0000	0.0000											
63	67	0.6823	9	1	1	2	0	0	0	0	0	N	N	Y	N	N	N	N	N	N	N	N	N	0.0000	0.0000	0.0000	0.0000	0.0000	0.0000	0.0000	0.0000	0.0000	0.0000	0.0000	0.0000	0.0000	0.0002	0.0003	0.0000	0.0004	0.0005	0.0000	0.0000	0.0000	0.0000	0.0000	0.0000	-0.0000	1.0230	1.0000	12.1924	3.0000	0.0000	0.0000	0.0000	0.0000	0.0000	0.0000	0.0000	0.0000	0.0000	0.0000	0.0000	0.0000	0.0000	0.0000	0.0000	0.0000	0.0000	0.0000	0.0111	0.0099	0.0012	0.0043	0.0042	0.0002	0.0068	0.0057	0.0011	0.1215	0.0888	0.0326	0.0734	0.0624	0.0109	0.0481	0.0264	0.0217	0.0000	0.0000	0.0000	0.0000	0.0000	0.0000	0.0000	0.0000	0.0000	0.0002	0.0003	0.0000	0.0004	0.0005	0.0000	0.0000	0.0000	0.0000						
63	68	0.1777	6	1	1	2	0	0	0	0	0	N	N	Y	N	N	N	N	N	N	N	N	N	0.0000	0.0000	0.0000	0.0000	0.0000	0.0000	0.0000	0.0000	0.0000	0.0000	0.0000	0.0000	0.0000	0.0000	0.0000	0.0000	0.0000	0.0000	0.0000	0.0000	1.0230	1.0000	12.1924	0.0000	0.0000	0.0000	0.0000	0.0000	0.0000	0.0000	0.0000	0.0000	0.0000	0.0000	0.0000	0.0000	0.0000	0.0000	0.0000	0.0000	0.0000	0.0000	0.0105	0.0091	0.0013	0.0026	0.0025	0.0001	0.0079	0.0066	0.0013	0.0329	0.0225	0.0105	0.0144	0.0126	0.0018	0.0185	0.0099	0.0087	0.0000	0.0000	0.0000	0.0000	0.0000	0.0000	0.0000	0.0000	0.0000	0.0000	0.0000	0.0000	0.0000	0.0000	0.0000	0.0000	0.0000	0.0000											
63	69	0.1613	5	1	1	2	0	0	0	0	0	N	N	Y	N	N	N	N	N	N	N	N	N	0.0000	0.0000	0.0000	0.0004	0.0003	0.0000	0.0000	0.0000	0.0000	0.0000	0.0000	0.0000	0.0000	0.0000	0.0000	0.0000	0.0000	0.0000	0.0274	0.0392	0.0001	0.0028	0.0030	0.0003	0.0446	0.0797	0.0001	0.0000	0.0011	-0.0000	-0.0031	1.0230	1.0155	12.1924	5.9708	0.0000	0.0000	0.0000	0.0000	0.0000	0.0000	0.0000	0.0000	0.0000	0.0068	0.0068	0.0000	0.0003	0.0003	0.0000	0.0065	0.0065	0.0000	0.0111	0.0097	0.0014	0.0028	0.0028	0.0001	0.0082	0.0069	0.0013	0.2486	0.1733	0.0753	0.1024	0.0916	0.0108	0.1462	0.0817	0.0645	0.0000	0.0000	0.0000	0.0004	0.0003	0.0000	0.0000	0.0000	0.0000	0.0274	0.0392	0.0001	0.0028	0.0030	0.0003	0.0446	0.0797	0.0001
63	70	0.1566	4	1	0	2	0	0	0	0	0	N	N	Y	N	N	N	N	N	N	N	N	N	0.0003	0.0002	0.0274	0.0075	0.0070	0.0552	0.0000	0.0000	0.0261	0.0003	0.0003	0.0001	0.0008	0.0008	0.0004	0.0000	0.0000	0.0001	0.9824	1.3610	0.0040	0.1030	0.1115	0.0066	1.7439	3.1701	0.0036	0.0398	0.0011	-0.0000	-0.0686	1.0230	0.0406	12.1924	2.3361	0.0000	0.0000	0.0000	0.0000	0.0000	0.0000	0.0000	0.0000	0.0000	0.1500	0.1498	0.0002	0.0073	0.0073	0.0000	0.1427	0.1425	0.0001	0.0009	0.0008	0.0001	0.0004	0.0003	0.0000	0.0005	0.0005	0.0001	0.1526	0.1101	0.0426	0.0708	0.0651	0.0057	0.0818	0.0450	0.0368	0.0003	0.0002	0.0274	0.0075	0.0070	0.0552	0.0000	0.0000	0.0261	0.9824	1.3610	0.0040	0.1030	0.1115	0.0066	1.7439	3.1701	0.0036
63	71	0.6823	9	1	1	2	0	0	0	0	0	N	N	Y	N	N	N	N	N	N	N	N	N	0.0000	0.0000	0.0000	0.0000	0.0000	0.0000	0.0000	0.0000	0.0000	0.0000	0.0000	0.0000	0.0000	0.0000	0.0000	0.0000	0.0000	0.0000	0.0000	0.0000	1.0230	0.0000	12.1924	0.0000	0.0000	0.0000	0.0000	0.0000	0.0000	0.0000	0.0000	0.0000	0.0000	0.0000	0.0000	0.0000	0.0000	0.0000	0.0000	0.0000	0.0000	0.0000	0.0000	0.0000	0.0000	0.0000	0.0000	0.0000	0.0000	0.0000	0.0000	0.0000	0.0000	0.0000	0.0000	0.0000	0.0000	0.0000	0.0000	0.0000	0.0000	0.0000	0.0000	0.0000	0.0000	0.0000	0.0000	0.0000	0.0000	0.0000	0.0000	0.0000	0.0000	0.0000	0.0000	0.0000	0.0000	0.0000											
63	72	0.6642	8	1	1	2	0	0	0	0	0	N	N	Y	N	N	N	N	N	N	N	N	N	0.0000	0.0000	0.0000	0.0000	0.0000	0.0000	0.0000	0.0000	0.0000	0.0000	0.0000	0.0000	0.0000	0.0000	0.0000	0.0000	0.0000	0.0000	0.0039	0.0051	0.0004	0.0054	0.0064	0.0005	0.0011	0.0016	0.0003	0.0278	0.0000	-0.0003	1.0230	3.9057	12.1924	1.1104	0.0000	0.0000	0.0000	0.0000	0.0000	0.0000	0.0000	0.0000	0.0000	0.0008	0.0008	0.0000	0.0007	0.0007	0.0000	0.0001	0.0001	0.0000	0.0461	0.0410	0.0051	0.0180	0.0173	0.0006	0.0281	0.0237	0.0044	0.2043	0.1520	0.0523	0.1318	0.1095	0.0224	0.0724	0.0425	0.0299	0.0000	0.0000	0.0000	0.0000	0.0000	0.0000	0.0000	0.0000	0.0000	0.0039	0.0051	0.0004	0.0054	0.0064	0.0005	0.0011	0.0016	0.0003	
63	73	0.4614	6	1	1	1	0	0	0	0	0	N	N	N	N	N	N	N	N	N	N	N	N	0.0109	0.0138	0.0075	0.0186	0.0206	0.0197	0.0000	0.0002	0.0001	0.0002	0.0002	0.0002	0.0005	0.0005	0.0011	0.0000	0.0000	0.0000	0.0196	0.0154	0.0299	0.0264	0.0223	0.0539	0.0108	0.0002	0.0217	0.1336	0.7883	-0.0000	-0.0003	1.0230	6.9070	12.1924	16.5673	0.0000	0.0000	0.0000	0.0000	0.0000	0.0000	0.0000	0.0000	0.0000	0.0153	0.0085	0.0067	0.0116	0.0085	0.0031	0.0037	0.0000	0.0036	0.1027	0.0912	0.0115	0.0445	0.0420	0.0024	0.0583	0.0492	0.0091	0.7804	0.5555	0.2249	0.4380	0.3808	0.0573	0.3424	0.1747	0.1677	0.0109	0.0138	0.0075	0.0186	0.0206	0.0197	0.0000	0.0002	0.0001	0.0196	0.0154	0.0299	0.0264	0.0223	0.0539	0.0108	0.0002	0.0217
63	74	0.5253	8	0	1	1	1	0	0	0	0	N	N	N	N	N	N	N	N	N	N	N	N	1.5928	1.4309	0.0012	3.3195	2.9792	0.0000	0.0001	0.0000	0.0010	0.0713	0.0833	0.0000	0.1944	0.2054	0.0000	0.0000	0.0000	0.0000	0.0447	0.0582	0.0109	0.0586	0.0689	0.0027	0.0219	0.0285	0.0152	0.0000	0.0749	-0.0023	-0.0140	1.0230	6.4226	12.1924	19.3377	0.0052	0.0052	0.0000	0.0052	0.0052	0.0000	0.0000	0.0000	0.0000	0.0360	0.0335	0.0025	0.0293	0.0291	0.0002	0.0066	0.0044	0.0023	0.0735	0.0629	0.0106	0.0269	0.0255	0.0014	0.0466	0.0374	0.0092	0.8042	0.5750	0.2292	0.5009	0.4224	0.0785	0.3033	0.1526	0.1507	1.5928	1.4309	0.0012	3.3195	2.9792	0.0000	0.0001	0.0000	0.0010	0.0447	0.0582	0.0109	0.0586	0.0689	0.0027	0.0219	0.0285	0.0152
63	75	0.4801	7	0	0	1	1	0	0	0	0	N	N	N	N	N	N	N	N	N	N	N	N	0.0948	0.0238	0.5328	0.3391	0.0612	260.6998	0.0002	0.0000	0.0009	0.0914	0.0210	0.6336	0.2458	0.0518	5.4326	0.0002	0.0000	0.0015	0.9648	0.8793	1.1893	0.7247	0.8460	0.0208	1.3386	0.9638	1.7509	3.9307	0.5149	0.0021	-0.1130	1.0230	5.1932	12.1924	17.4397	0.0058	0.0012	0.0046	0.0058	0.0012	0.0046	0.0000	0.0000	0.0000	0.9533	0.6293	0.3240	0.4361	0.4342	0.0018	0.5173	0.1951	0.3222	0.0630	0.0557	0.0072	0.0234	0.0226	0.0008	0.0396	0.0332	0.0064	0.9881	0.7157	0.2724	0.6017	0.5132	0.0884	0.3864	0.2024	0.1840	0.0948	0.0238	0.5328	0.3391	0.0612	260.6998	0.0002	0.0000	0.0009	0.9648	0.8793	1.1893	0.7247	0.8460	0.0208	1.3386	0.9638	1.7509
63	76	0.4431	6	0	0	1	0	0	0	0	0	N	N	N	N	N	N	N	N	N	N	N	N	0.0041	0.0026	0.0125	0.0121	0.0051	1.1430	0.0001	0.0000	0.0002	0.0019	0.0010	0.0086	0.0051	0.0025	0.0712	0.0000	0.0000	0.0002	0.4725	0.3947	0.6911	0.4188	0.4945	0.0623	0.5678	0.1435	1.1593	1.1364	0.6229	0.0000	-0.0455	1.0230	4.4918	12.1924	17.5337	0.0001	0.0001	0.0001	0.0001	0.0001	0.0001	0.0000	0.0000	0.0000	0.6103	0.3760	0.2342	0.3462	0.3372	0.0090	0.2641	0.0389	0.2252	0.0557	0.0490	0.0067	0.0211	0.0203	0.0008	0.0346	0.0287	0.0059	1.2917	0.9527	0.3389	0.8266	0.6819	0.1447	0.4651	0.2709	0.1943	0.0041	0.0026	0.0125	0.0121	0.0051	1.1430	0.0001	0.0000	0.0002	0.4725	0.3947	0.6911	0.4188	0.4945	0.0623	0.5678	0.1435	1.1593
63	77	0.1722	5	0	0	1	1	0	0	0	0	N	N	N	N	N	N	N	N	N	N	N	N	0.0000	0.0000	0.0000	0.0000	0.0000	0.0000	0.0000	0.0000	0.0000	0.0000	0.0000	0.0000	0.0000	0.0000	0.0000	0.0000	0.0000	0.0000	0.9106	0.0035	2.8143	0.8875	0.0060	6.9324	0.9298	0.0000	1.9123	379.9749	0.0000	0.2972	1.0230	0.3745	12.1924	14.7996	0.0000	0.0000	0.0000	0.0000	0.0000	0.0000	0.0000	0.0000	0.0000	0.5514	0.0014	0.5499	0.2448	0.0014	0.2434	0.3065	0.0000	0.3065	0.0048	0.0043	0.0005	0.0013	0.0013	0.0000	0.0035	0.0030	0.0005	0.6055	0.4101	0.1954	0.2759	0.2407	0.0351	0.3297	0.1694	0.1603	0.0000	0.0000	0.0000	0.0000	0.0000	0.0000	0.0000	0.0000	0.0000	0.9106	0.0035	2.8143	0.8875	0.0060	6.9324	0.9298	0.0000	1.9123	
63	78	0.1500	4	0	0	1	1	0	0	0	0	N	N	N	N	N	N	N	N	N	N	N	N	0.0001	0.0000	0.0002	0.0000	0.0000	0.0000	0.0001	0.0000	0.0002	0.0001	0.0000	0.0004	0.0000	0.0000	0.0000	0.0001	0.0000	0.0004	0.7621	0.1063	2.1140	0.2543	0.1758	0.7169	1.2207	0.0010	2.4871	31.0840	9.6483	0.0000	0.2080	1.0230	1.4595	12.1924	10.3922	0.0000	0.0000	0.0000	0.0000	0.0000	0.0000	0.0000	0.0000	0.0000	0.4646	0.0436	0.4209	0.0735	0.0435	0.0301	0.3910	0.0002	0.3908	0.0162	0.0142	0.0020	0.0036	0.0036	0.0001	0.0126	0.0106	0.0020	0.6096	0.4104	0.1991	0.2892	0.2473	0.0420	0.3203	0.1632	0.1571	0.0001	0.0000	0.0002	0.0000	0.0000	0.0000	0.0001	0.0000	0.0002	0.7621	0.1063	2.1140	0.2543	0.1758	0.7169	1.2207	0.0010	2.4871
63	79	0.1358	3	0	0	1	1	0	0	0	0	N	N	N	N	N	N	N	N	N	N	N	N	0.0030	0.0004	0.0134	0.0012	0.0012	0.0000	0.0038	0.0000	0.0118	0.0037	0.0004	0.0246	0.0016	0.0017	0.0000	0.0042	0.0000	0.0252	1.2163	0.9080	1.8391	1.3172	1.4104	0.7852	1.1151	0.0263	2.1459	9.6824	1.0024	0.0000	0.0263	1.0230	1.3861	12.1924	6.3168	0.0001	0.0000	0.0000	0.0000	0.0000	0.0000	0.0000	0.0000	0.0000	0.6226	0.3109	0.3117	0.3377	0.3077	0.0300	0.2850	0.0033	0.2817	0.0148	0.0128	0.0020	0.0031	0.0031	0.0001	0.0116	0.0097	0.0020	0.5119	0.3424	0.1695	0.2564	0.2181	0.0382	0.2555	0.1243	0.1313	0.0030	0.0004	0.0134	0.0012	0.0012	0.0000	0.0038	0.0000	0.0118	1.2163	0.9080	1.8391	1.3172	1.4104	0.7852	1.1151	0.0263	2.1459
63	80	0.0764	2	0	0	1	1	0	0	0	0	N	N	N	N	N	N	N	N	N	N	N	N	0.1511	0.7872	0.1709	0.4617	5.7517	0.0000	0.1160	0.0000	0.3323	0.5541	0.1045	3.1842	1.1580	1.1813	0.0000	0.5037	0.0000	3.2177	3.6667	0.1327	18.6375	2.5081	0.2054	50.7502	4.3411	0.0564	9.6832	5.2089	41.3218	0.0064	1.6361	1.0230	4.0043	12.1924	19.8631	0.0161	0.0026	0.0135	0.0026	0.0026	0.0000	0.0135	0.0000	0.0135	3.1586	0.0746	3.0839	0.7949	0.0592	0.7357	2.3636	0.0154	2.3482	0.0291	0.0248	0.0042	0.0022	0.0022	0.0000	0.0268	0.0226	0.0042	0.8614	0.5622	0.2992	0.3169	0.2882	0.0288	0.5445	0.2741	0.2704	0.1511	0.7872	0.3089	0.4617	5.7517	0.0000	0.1160	0.0000	0.3705	3.6667	0.1327	10.3073	2.5081	0.2054	25.5650	4.3411	0.0564	8.6835
63	81	0.6169	8	0	1	2	0	0	0	0	0	N	N	Y	N	N	N	N	N	N	N	N	N	0.0002	0.0001	0.0000	0.0002	0.0002	0.0000	0.0022	0.0006	0.0000	0.0000	0.0000	0.0000	0.0000	0.0000	0.0000	0.0000	0.0000	0.0000	0.0556	0.0913	0.0000	0.0998	0.1093	0.0002	0.0001	0.0006	0.0000	0.0000	0.0002	-0.0000	-0.0102	1.0230	2.0162	12.1924	4.5500	0.0000	0.0000	0.0000	0.0000	0.0000	0.0000	0.0000	0.0000	0.0000	0.0222	0.0222	0.0000	0.0221	0.0221	0.0000	0.0000	0.0000	0.0000	0.0270	0.0240	0.0030	0.0124	0.0118	0.0006	0.0146	0.0122	0.0024	0.3988	0.2428	0.1560	0.2218	0.2026	0.0193	0.1770	0.0403	0.1367	0.0002	0.0001	0.0000	0.0002	0.0002	0.0000	0.0022	0.0006	0.0000	0.0556	0.0913	0.0000	0.0998	0.1093	0.0002	0.0001	0.0006	0.0000
63	82	0.1844	6	0	1	2	0	0	0	0	0	N	N	Y	N	N	N	N	N	N	N	N	N	828.7997	0.0000	48879032.0734	0.0443	0.0000	5189.3193	108360.4920	0.0000	230186575.6090	31.7730	0.0000	248.9504	0.0036	0.0000	0.1112	43.0954	0.0000	266.8959	0.0383	0.0553	0.0000	0.0820	0.0941	0.0000	0.0004	0.0007	0.0000	inf	0.0000	0.5580	-0.0046	1.0230	3.0011	12.1924	3.7015	0.9984	0.0000	0.9984	0.0000	0.0000	0.0000	0.9984	0.0000	0.9984	0.0100	0.0100	0.0000	0.0099	0.0099	0.0000	0.0001	0.0001	0.0000	0.0314	0.0274	0.0040	0.0083	0.0080	0.0003	0.0232	0.0194	0.0037	0.2598	0.1801	0.0797	0.1208	0.1053	0.0155	0.1391	0.0748	0.0643	828.7997	0.0000	48879032.0734	0.0443	0.0000	5189.3193	108360.4920	0.0000	230186575.6090	0.0383	0.0553	0.0000	0.0820	0.0941	0.0000	0.0004	0.0007	0.0000
63	83	0.1729	5	0	1	1	0	0	0	0	0	N	N	N	N	N	N	N	N	N	N	N	N	0.0393	0.0000	3.2523	0.0000	0.0000	0.0023	1.0494	0.0000	3.2116	0.0204	0.0000	0.1593	0.0000	0.0000	0.0001	0.0275	0.0000	0.1701	0.5188	0.7278	0.0490	0.9168	1.1154	0.0410	0.0262	0.0033	0.0530	inf	0.0300	0.0002	-0.1067	1.0230	2.0032	12.1924	4.2039	0.0004	0.0000	0.0004	0.0000	0.0000	0.0000	0.0004	0.0000	0.0004	0.2486	0.2414	0.0072	0.2430	0.2410	0.0020	0.0056	0.0004	0.0052	0.0211	0.0184	0.0027	0.0054	0.0053	0.0002	0.0156	0.0131	0.0025	0.4792	0.3316	0.1476	0.2650	0.2161	0.0490	0.2141	0.1156	0.0986	0.0393	0.0000	3.2523	0.0000	0.0000	0.0023	1.0494	0.0000	3.2116	0.5188	0.7278	0.0490	0.9168	1.1154	0.0410	0.0262	0.0033	0.0530
63	84	0.1697	5	1	0	2	0	0	0	0	0	N	N	Y	N	N	N	N	N	N	N	N	N	0.0000	0.0000	0.0000	0.0000	0.0000	0.0000	0.0000	0.0000	0.0000	0.0000	0.0000	0.0000	0.0000	0.0000	0.0000	0.0000	0.0000	0.0000	0.0470	0.0131	0.1201	0.0461	0.0219	0.1848	0.0478	0.0002	0.1016	4.2566	0.0000	0.0036	1.0230	1.0052	12.1924	4.9545	0.0000	0.0000	0.0000	0.0000	0.0000	0.0000	0.0000	0.0000	0.0000	0.0102	0.0019	0.0082	0.0047	0.0019	0.0028	0.0054	0.0000	0.0054	0.0107	0.0094	0.0014	0.0029	0.0028	0.0001	0.0078	0.0066	0.0013	0.2162	0.1477	0.0684	0.1029	0.0876	0.0153	0.1133	0.0601	0.0532	0.0000	0.0000	0.0000	0.0000	0.0000	0.0000	0.0000	0.0000	0.0000	0.0470	0.0131	0.1201	0.0461	0.0219	0.1848	0.0478	0.0002	0.1016	
63	85	0.1503	4	1	0	2	0	0	0	0	0	N	N	Y	N	N	N	N	N	N	N	N	N	0.0000	0.0000	0.0000	0.0000	0.0000	0.0000	0.0000	0.0000	0.0000	0.0000	0.0000	0.0000	0.0000	0.0000	0.0000	0.0000	0.0000	0.0000	1.1147	0.0118	3.5241	0.7003	0.0113	3.6617	1.5858	0.0126	3.4594	136.9360	0.0000	0.3092	1.0230	0.9968	12.1924	7.6169	0.0000	0.0000	0.0000	0.0000	0.0000	0.0000	0.0000	0.0000	0.0000	0.5785	0.0042	0.5743	0.1934	0.0025	0.1908	0.3852	0.0017	0.3835	0.0106	0.0092	0.0014	0.0027	0.0026	0.0001	0.0079	0.0066	0.0013	0.5190	0.3560	0.1630	0.2761	0.2240	0.0521	0.2429	0.1320	0.1109	0.0000	0.0000	0.0000	0.0000	0.0000	0.0000	0.0000	0.0000	0.0000	1.1147	0.0118	3.5241	0.7003	0.0113	3.6617	1.5858	0.0126	3.4594	
63	86	0.1703	3	1	1	1	0	0	0	0	0	N	N	N	N	N	N	N	N	N	N	N	N	0.0000	0.0000	0.0000	0.0000	0.0000	0.0000	0.0000	0.0000	0.0000	0.0000	0.0000	0.0000	0.0000	0.0000	0.0000	0.0000	0.0000	0.0000	0.0162	0.0078	0.0382	0.0103	0.0106	0.0077	0.0220	0.0034	0.0447	1.8886	0.0000	0.0020	1.0230	5.8060	12.1924	6.1034	0.0000	0.0000	0.0000	0.0000	0.0000	0.0000	0.0000	0.0000	0.0000	0.0104	0.0036	0.0068	0.0033	0.0030	0.0002	0.0072	0.0006	0.0066	0.0810	0.0661	0.0149	0.0269	0.0259	0.0009	0.0542	0.0402	0.0140	0.6430	0.4643	0.1787	0.3156	0.2841	0.0315	0.3275	0.1803	0.1472	0.0000	0.0000	0.0000	0.0000	0.0000	0.0000	0.0000	0.0000	0.0000	0.0162	0.0078	0.0382	0.0103	0.0106	0.0077	0.0220	0.0034	0.0447	
63	87	0.0764	2	1	1	1	0	0	0	0	0	N	N	N	N	N	N	N	N	N	N	N	N	0.0005	0.0120	0.0000	0.1357	0.1309	0.0000	0.0000	0.0001	0.0000	0.0013	0.0014	0.0002	0.0159	0.0162	0.0000	0.0000	0.0000	0.0002	2.5566	0.1194	8.7826	0.1171	0.1238	0.0495	3.9074	0.1151	7.9135	0.0242	31.6867	-0.0000	1.4567	1.0230	12.2869	12.1924	21.7146	0.0001	0.0001	0.0000	0.0001	0.0001	0.0000	0.0000	0.0000	0.0000	2.8505	0.0872	2.7633	0.0465	0.0448	0.0018	2.8039	0.0424	2.7615	0.0861	0.0737	0.0124	0.0066	0.0065	0.0001	0.0795	0.0672	0.0123	1.1149	0.7302	0.3847	0.3973	0.3616	0.0358	0.7176	0.3686	0.3490	0.0005	0.0120	0.0000	0.1357	0.1309	0.0000	0.0000	0.0001	0.0000	2.5566	0.1194	7.1823	0.1171	0.1238	0.0495	3.9074	0.1151	7.9135
63	88	0.1729	5	0	1	1	0	0	0	0	0	N	N	N	N	N	N	N	N	N	N	N	N	0.0003	0.0659	0.0000	0.0016	0.1417	0.0000	0.0000	0.0000	0.0000	0.0002	0.0003	0.0000	0.0009	0.0010	0.0000	0.0000	0.0000	0.0000	0.8687	0.0042	2.7935	0.5658	0.0068	3.2451	1.1894	0.0000	2.6122	0.0000	301.0260	-0.0000	0.3139	1.0230	4.0005	12.1924	9.0093	0.0000	0.0000	0.0000	0.0000	0.0000	0.0000	0.0000	0.0000	0.0000	0.5831	0.0019	0.5812	0.1953	0.0019	0.1934	0.3878	0.0000	0.3878	0.0417	0.0364	0.0053	0.0108	0.0104	0.0003	0.0310	0.0260	0.0050	0.6713	0.4632	0.2081	0.3452	0.2856	0.0596	0.3260	0.1776	0.1485	0.0003	0.0659	0.0000	0.0016	0.1417	0.0000	0.0000	0.0000	0.0000	0.8687	0.0042	2.7935	0.5658	0.0068	3.2451	1.1894	0.0000	2.6122
63	89	0.1503	4	0	1	1	0	0	0	0	0	N	N	N	N	N	N	N	N	N	N	N	N	0.0000	0.0000	0.0000	0.0000	0.0000	0.0000	0.0000	0.0000	0.0000	0.0000	0.0000	0.0000	0.0000	0.0000	0.0000	0.0000	0.0000	0.0000	0.6344	0.4868	0.9565	0.8304	0.7830	1.0392	0.4206	0.0033	0.9199	0.0000	0.9004	-0.0000	0.0055	1.0230	1.0051	12.1924	9.2650	0.0000	0.0000	0.0000	0.0000	0.0000	0.0000	0.0000	0.0000	0.0000	0.3594	0.1891	0.1703	0.2455	0.1887	0.0568	0.1140	0.0005	0.1135	0.0107	0.0093	0.0014	0.0027	0.0026	0.0001	0.0079	0.0066	0.0013	0.5666	0.3885	0.1780	0.2956	0.2409	0.0547	0.2709	0.1476	0.1234	0.0000	0.0000	0.0000	0.0000	0.0000	0.0000	0.0000	0.0000	0.0000	0.6344	0.4868	0.9565	0.8304	0.7830	1.0392	0.4206	0.0033	0.9199
63	90	0.1987	4	0	0	2	0	0	0	0	0	N	N	Y	N	N	N	N	N	N	N	N	N	0.1138	7.1070	0.0000	0.3100	14.2467	0.0000	0.0002	2.2993	0.0000	0.0050	0.0058	0.0000	0.0199	0.0203	0.0000	0.0000	0.0000	0.0000	0.0442	0.0008	0.1473	0.0642	0.0014	0.4497	0.0266	0.0000	0.0617	0.0000	76.2311	-0.0001	0.0096	1.0230	2.3559	12.1924	7.1930	0.0001	0.0001	0.0000	0.0001	0.0001	0.0000	0.0000	0.0000	0.0000	0.0181	0.0002	0.0178	0.0123	0.0002	0.0120	0.0058	0.0000	0.0058	0.0265	0.0231	0.0034	0.0067	0.0066	0.0001	0.0198	0.0165	0.0033	0.4093	0.2882	0.1211	0.1908	0.1641	0.0267	0.2185	0.1241	0.0944	0.1138	7.1070	0.0000	0.3100	14.2467	0.0000	0.0002	2.2993	0.0000	0.0442	0.0008	0.1473	0.0642	0.0014	0.4497	0.0266	0.0000	0.0617
63	91	0.1659	3	0	0	1	0	0	0	0	0	N	N	N	N	N	N	N	N	N	N	N	N	0.2036	5.1214	0.0006	0.8043	9.6447	0.0003	0.0170	18.0008	0.0007	0.0663	0.0760	0.0006	0.2048	0.2108	0.0005	0.0070	0.0084	0.0006	0.3258	0.0148	1.0397	0.2547	0.0219	1.4970	0.4147	0.0005	0.8538	0.0011	30.5222	-0.0020	0.2349	1.0230	4.9284	12.1924	11.0439	0.0045	0.0045	0.0000	0.0042	0.0042	0.0000	0.0003	0.0003	0.0000	0.4606	0.0146	0.4460	0.2000	0.0145	0.1856	0.2605	0.0002	0.2604	0.0677	0.0590	0.0087	0.0203	0.0197	0.0006	0.0474	0.0393	0.0081	1.4138	0.9848	0.4290	0.7855	0.6615	0.1240	0.6283	0.3233	0.3050	0.2036	5.1214	0.0006	0.8043	9.6447	0.0003	0.0170	18.0008	0.0007	0.3258	0.0148	1.0397	0.2547	0.0219	1.4970	0.4147	0.0005	0.8538
63	92	0.0764	2	0	0	1	0	0	0	0	0	N	N	N	N	N	N	N	N	N	N	N	N	0.0286	0.7233	0.0003	0.0210	0.3371	0.0000	0.0283	1.0437	0.0005	0.0701	0.0817	0.0025	0.0479	0.0489	0.0000	0.0720	0.0849	0.0026	2.4496	0.1129	7.9130	2.2843	0.1450	43.2276	2.5414	0.0813	5.1328	0.0053	32.1328	-0.0009	1.3705	1.0230	3.9161	12.1924	29.2065	0.0020	0.0020	0.0000	0.0001	0.0001	0.0000	0.0019	0.0019	0.0000	2.6796	0.0809	2.5987	0.8925	0.0515	0.8410	1.7870	0.0293	1.7577	0.0285	0.0243	0.0042	0.0022	0.0022	0.0000	0.0263	0.0222	0.0041	1.0939	0.7163	0.3776	0.3907	0.3555	0.0352	0.7032	0.3607	0.3424	0.0286	0.7233	0.0004	0.0210	0.3371	0.0000	0.0283	1.0437	0.0005	2.4496	0.1129	6.8814	2.2843	0.1450	23.8931	2.5414	0.0813	5.1328
63	93	0.6169	8	1	1	1	0	0	0	0	0	N	N	N	N	N	N	N	N	N	N	N	N	0.0000	0.0000	0.0242	0.0017	0.0016	0.0133	0.0000	0.0000	0.0387	0.0000	0.0000	0.0000	0.0000	0.0000	0.0000	0.0000	0.0000	0.0000	2.0610	3.2825	0.0001	0.0126	0.0140	0.0006	4.7130	17.0703	0.0001	0.0394	0.0000	-0.0000	-0.4428	1.0230	2.5103	12.1924	7.4742	0.0000	0.0000	0.0000	0.0000	0.0000	0.0000	0.0000	0.0000	0.0000	0.9661	0.9660	0.0000	0.0033	0.0033	0.0000	0.9627	0.9627	0.0000	0.0327	0.0291	0.0036	0.0149	0.0143	0.0007	0.0178	0.0149	0.0029	0.4687	0.2943	0.1744	0.2645	0.2379	0.0266	0.2043	0.0564	0.1479	0.0000	0.0000	0.0242	0.0017	0.0016	0.0133	0.0000	0.0000	0.0387	2.0610	3.2825	0.0001	0.0126	0.0140	0.0006	4.7130	17.0703	0.0001
63	94	0.5807	7	0	1	1	0	0	0	0	0	N	N	N	N	N	N	N	N	N	N	N	N	0.0146	0.0110	0.0031	0.1821	0.1745	0.0165	0.0000	0.0000	0.0000	0.0008	0.0008	0.0000	0.0018	0.0018	0.0001	0.0000	0.0000	0.0000	0.0517	0.0771	0.0028	0.0097	0.0105	0.0035	0.1066	0.2914	0.0026	0.0012	0.0189	-0.0000	-0.0117	1.0230	7.1305	12.1924	3.2426	0.0001	0.0001	0.0000	0.0001	0.0001	0.0000	0.0000	0.0000	0.0000	0.0267	0.0262	0.0005	0.0028	0.0027	0.0001	0.0239	0.0235	0.0004	0.0960	0.0859	0.0101	0.0412	0.0397	0.0015	0.0548	0.0462	0.0086	0.5167	0.3399	0.1769	0.2927	0.2592	0.0334	0.2241	0.0806	0.1434	0.0146	0.0110	0.0031	0.1821	0.1745	0.0165	0.0000	0.0000	0.0000	0.0517	0.0771	0.0028	0.0097	0.0105	0.0035	0.1066	0.2914	0.0026
63	95	0.1503	4	1	1	1	0	0	0	0	0	N	N	N	N	N	N	N	N	N	N	N	N	0.1041	0.0816	0.0000	0.1913	0.1652	0.0000	0.0000	0.0000	0.0317	0.0363	0.0000	0.1247	0.1286	0.0000	0.0000	0.0000	0.0000	0.3046	0.4453	0.0000	0.6517	0.7785	0.0000	0.0021	0.0037	0.0000	0.0000	0.0000	-0.0012	-0.1524	1.0230	8.0000	12.1924	22.5660	0.0026	0.0026	0.0000	0.0026	0.0026	0.0000	0.0000	0.0000	0.0000	0.3326	0.3326	0.0000	0.3314	0.3314	0.0000	0.0012	0.0012	0.0000	0.0823	0.0718	0.0104	0.0209	0.0203	0.0006	0.0613	0.0515	0.0098	1.0917	0.7468	0.3449	0.5085	0.4256	0.0828	0.5832	0.3212	0.2620	0.1041	0.0816	0.0000	0.1913	0.1652	0.0000	0.0000	0.0000	0.0000	0.3046	0.4453	0.0000	0.6517	0.7785	0.0000	0.0021	0.0037	0.0000	
63	96	0.0764	2	0	0	1	0	0	0	0	0	N	N	N	N	N	N	N	N	N	N	N	N	0.0039	0.5961	0.0000	0.0266	0.7854	0.0000	0.0025	6296.4553	0.0000	0.0071	0.0083	0.0000	0.0215	0.0219	0.0000	0.0059	0.0070	0.0000	1.8161	0.0140	5.2277	0.8079	0.0279	8.6715	2.3817	0.0000	4.8710	0.0000	197.8692	-0.0003	1.0120	1.0230	11.9964	12.1924	18.8414	0.0006	0.0006	0.0000	0.0001	0.0001	0.0000	0.0005	0.0005	0.0000	1.8859	0.0095	1.8764	0.3015	0.0095	0.2921	1.5843	0.0000	1.5843	0.0842	0.0721	0.0121	0.0065	0.0064	0.0001	0.0777	0.0657	0.0120	1.0384	0.6795	0.3589	0.3732	0.3396	0.0337	0.6652	0.3399	0.3253	0.0039	0.5961	0.0000	0.0266	0.7854	0.0000	0.0025	6296.4553	0.0000	1.8161	0.0140	5.2277	0.8079	0.0279	8.6715	2.3817	0.0000	4.8710
63	98	0.1808	6	1	1	2	0	0	0	0	0	N	N	Y	N	N	N	N	N	N	N	N	N	0.0000	0.0000	0.0000	0.0000	0.0000	0.0000	0.0000	0.0000	0.0000	0.0000	0.0000	0.0000	0.0000	0.0000	0.0000	0.0000	0.0000	0.0000	1.4207	2.0644	0.0197	2.9287	3.4863	0.0531	0.0048	0.0016	0.0086	0.0044	0.0000	-0.3648	1.0230	0.9502	12.1924	16.1595	0.0000	0.0000	0.0000	0.0000	0.0000	0.0000	0.0000	0.0000	0.0000	0.8036	0.8001	0.0035	0.8022	0.7998	0.0024	0.0014	0.0003	0.0011	0.0113	0.0099	0.0014	0.0035	0.0034	0.0001	0.0078	0.0066	0.0013	0.5656	0.3876	0.1781	0.2739	0.2294	0.0445	0.2917	0.1581	0.1336	0.0000	0.0000	0.0000	0.0000	0.0000	0.0000	0.0000	0.0000	0.0000	1.4207	2.0644	0.0197	2.9287	3.4863	0.0531	0.0048	0.0016	0.0086	
63	99	0.0764	2	0	1	1	0	0	0	0	0	N	N	N	N	N	N	N	N	N	N	N	N	0.0008	0.0012	0.0000	0.0919	0.0888	0.0000	0.0000	0.0000	0.0000	0.0017	0.0019	0.0000	0.0215	0.0219	0.0000	0.0000	0.0000	0.0000	2.2094	1.6447	3.2751	0.2341	0.2469	0.1055	3.3347	3.0708	3.6071	0.0000	1.0551	-0.0001	0.1166	1.0230	11.9964	12.1924	15.6499	0.0001	0.0001	0.0000	0.0001	0.0001	0.0000	0.0000	0.0000	0.0000	2.1185	1.0309	1.0876	0.0815	0.0781	0.0033	2.0370	0.9527	1.0843	0.0842	0.0721	0.0121	0.0065	0.0064	0.0001	0.0777	0.0657	0.0120	0.9589	0.6268	0.3321	0.3480	0.3165	0.0315	0.6109	0.3103	0.3006	0.0008	0.0012	0.0000	0.0919	0.0888	0.0000	0.0000	0.0000	0.0000	2.2094	1.6447	3.2751	0.2341	0.2469	0.1055	3.3347	3.0708	3.6071
63	100	0.1838	7	1	0	2	0	0	0	0	0	N	N	Y	N	N	N	N	N	N	N	N	N	0.0000	0.0000	0.0000	0.0000	0.0000	0.0000	0.0000	0.0000	0.0000	0.0000	0.0000	0.0000	0.0000	0.0000	0.0000	0.0000	0.0000	0.0000	0.1410	0.1957	0.0236	0.2794	0.3247	0.0385	0.0139	0.0095	0.0189	0.0561	0.0000	-0.0273	1.0230	1.0008	12.1924	13.9255	0.0000	0.0000	0.0000	0.0000	0.0000	0.0000	0.0000	0.0000	0.0000	0.0673	0.0637	0.0036	0.0639	0.0625	0.0014	0.0035	0.0013	0.0022	0.0107	0.0093	0.0013	0.0031	0.0029	0.0001	0.0076	0.0064	0.0012	0.4774	0.3258	0.1516	0.2286	0.1924	0.0361	0.2488	0.1334	0.1154	0.0000	0.0000	0.0000	0.0000	0.0000	0.0000	0.0000	0.0000	0.0000	0.1410	0.1957	0.0236	0.2794	0.3247	0.0385	0.0139	0.0095	0.0189	
63	101	0.1808	6	1	0	2	0	0	0	0	0	N	N	Y	N	N	N	N	N	N	N	N	N	0.0000	0.0000	0.0000	0.0000	0.0000	0.0000	0.0000	0.0000	0.0000	0.0000	0.0000	0.0000	0.0000	0.0000	0.0000	0.0000	0.0000	0.0000	0.2191	0.0412	0.6313	0.1715	0.0572	0.6889	0.2835	0.0081	0.6008	6.6035	0.0000	0.0122	1.0230	0.0532	12.1924	2.0467	0.0000	0.0000	0.0000	0.0000	0.0000	0.0000	0.0000	0.0000	0.0000	0.0298	0.0039	0.0259	0.0134	0.0037	0.0098	0.0164	0.0002	0.0161	0.0018	0.0016	0.0002	0.0008	0.0008	0.0000	0.0010	0.0009	0.0002	0.1360	0.0950	0.0410	0.0783	0.0641	0.0142	0.0578	0.0309	0.0268	0.0000	0.0000	0.0000	0.0000	0.0000	0.0000	0.0000	0.0000	0.0000	0.2191	0.0412	0.6313	0.1715	0.0572	0.6889	0.2835	0.0081	0.6008	
63	102	0.1712	5	1	0	2	0	0	0	0	0	N	N	Y	N	N	N	N	N	N	N	N	N	0.0000	0.0000	0.0000	0.0000	0.0000	0.0000	0.0000	0.0000	0.0000	0.0000	0.0000	0.0000	0.0000	0.0000	0.0000	0.0000	0.0000	0.0000	2.5381	0.1969	11.1996	3.0164	0.2031	21.7757	1.9273	0.1856	4.2114	17.3507	0.0000	0.3390	1.0230	2.0948	12.1924	3.0326	0.0000	0.0000	0.0000	0.0000	0.0000	0.0000	0.0000	0.0000	0.0000	0.6960	0.0379	0.6581	0.4639	0.0252	0.4387	0.2321	0.0127	0.2194	0.0234	0.0205	0.0029	0.0069	0.0067	0.0002	0.0165	0.0138	0.0027	0.2742	0.1926	0.0816	0.1538	0.1243	0.0295	0.1204	0.0683	0.0521	0.0000	0.0000	0.0000	0.0000	0.0000	0.0000	0.0000	0.0000	0.0000	2.5381	0.1969	8.0678	3.0164	0.2031	14.8849	1.9273	0.1856	4.2114	
63	103	0.1503	4	1	0	2	0	0	0	0	0	N	N	Y	N	N	N	N	N	N	N	N	N	0.0000	0.0000	0.0000	0.0000	0.0000	0.0000	0.0000	0.0000	0.0000	0.0000	0.0000	0.0000	0.0000	0.0000	0.0000	0.0000	0.0000	0.0000	2.9970	2.7279	3.5847	0.7713	0.0430	3.9110	5.5150	7.2627	3.4324	0.6016	0.0000	-0.1300	1.0230	3.9484	12.1924	4.8420	0.0000	0.0000	0.0000	0.0000	0.0000	0.0000	0.0000	0.0000	0.0000	1.5708	0.9808	0.5900	0.2146	0.0097	0.2049	1.3562	0.9711	0.3851	0.0413	0.0360	0.0053	0.0105	0.0102	0.0003	0.0308	0.0258	0.0050	0.5241	0.3595	0.1646	0.2782	0.2258	0.0524	0.2459	0.1337	0.1122	0.0000	0.0000	0.0000	0.0000	0.0000	0.0000	0.0000	0.0000	0.0000	2.9970	2.7279	3.5847	0.7713	0.0430	3.9110	5.5150	7.2627	3.4324	
63	104	0.1087	3	0	1	1	0	0	0	0	0	N	N	N	N	N	N	N	N	N	N	N	N	1.2011	0.9288	0.0009	1.7699	1.6300	0.0000	0.0000	0.0000	0.0011	0.0628	0.0719	0.0000	0.2243	0.2321	0.0000	0.0000	0.0000	0.0000	0.0523	0.0775	0.0001	0.1267	0.1424	0.0002	0.0063	0.0115	0.0001	0.0000	0.0008	-0.0028	-0.0307	1.0230	8.9557	12.1924	32.3127	0.0064	0.0064	0.0000	0.0064	0.0064	0.0000	0.0000	0.0000	0.0000	0.0671	0.0671	0.0001	0.0621	0.0621	0.0000	0.0050	0.0049	0.0000	0.1018	0.0889	0.0129	0.0285	0.0276	0.0010	0.0733	0.0614	0.0119	1.2827	0.8657	0.4170	0.4903	0.4363	0.0540	0.7924	0.4295	0.3630	1.2011	0.9288	0.0009	1.7699	1.6300	0.0000	0.0000	0.0000	0.0011	0.0523	0.0775	0.0001	0.1267	0.1424	0.0002	0.0063	0.0115	0.0001
63	105	0.1341	4	0	0	2	0	0	0	0	0	N	N	Y	N	N	N	N	N	N	N	N	N	0.0070	0.0068	0.0000	0.0155	0.0131	0.0000	0.0000	0.0000	0.0000	0.0000	0.0000	0.0000	0.0001	0.0001	0.0000	0.0000	0.0000	0.0000	0.0048	0.0056	0.0029	0.0079	0.0097	0.0000	0.0018	0.0002	0.0039	0.0001	0.2287	-0.0000	-0.0006	1.0230	4.2679	12.1924	7.8415	0.0000	0.0000	0.0000	0.0000	0.0000	0.0000	0.0000	0.0000	0.0000	0.0023	0.0019	0.0004	0.0019	0.0019	0.0000	0.0005	0.0000	0.0004	0.0483	0.0418	0.0065	0.0130	0.0127	0.0003	0.0353	0.0291	0.0061	0.4885	0.3366	0.1519	0.2349	0.1927	0.0422	0.2536	0.1438	0.1098	0.0070	0.0068	0.0000	0.0155	0.0131	0.0000	0.0000	0.0000	0.0000	0.0048	0.0056	0.0029	0.0079	0.0097	0.0000	0.0018	0.0002	0.0039
63	106	0.1087	3	0	0	1	0	0	0	0	0	N	N	N	N	N	N	N	N	N	N	N	N	0.0003	0.0062	0.0005	0.0118	0.0113	0.0000	0.0002	0.0000	0.0005	0.0006	0.0002	0.0029	0.0006	0.0006	0.0000	0.0006	0.0000	0.0033	1.8518	0.0391	5.7539	0.0475	0.0522	0.0189	3.3234	0.0221	7.1968	1.6958	68.3086	0.0000	0.5006	1.0230	1.9301	12.1924	9.0954	0.0000	0.0000	0.0000	0.0000	0.0000	0.0000	0.0000	0.0000	0.0000	0.9495	0.0137	0.9358	0.0109	0.0103	0.0006	0.9385	0.0034	0.9352	0.0314	0.0274	0.0039	0.0119	0.0113	0.0005	0.0195	0.0161	0.0034	0.5127	0.3501	0.1626	0.2303	0.1976	0.0327	0.2824	0.1525	0.1299	0.0003	0.0062	0.0005	0.0118	0.0113	0.0000	0.0002	0.0000	0.0005	1.8518	0.0391	5.7539	0.0475	0.0522	0.0189	3.3234	0.0221	7.1968
63	107	0.0764	2	0	0	1	0	0	0	0	0	N	N	N	N	N	N	N	N	N	N	N	N	0.0197	0.0242	0.0000	0.2561	0.2378	0.0000	0.0000	0.0000	0.0000	0.0050	0.0059	0.0000	0.0652	0.0665	0.0000	0.0000	0.0000	0.0000	0.2549	0.2434	0.2760	0.2545	0.2796	0.0073	0.2552	0.1998	0.3066	0.0002	0.6162	-0.0001	-0.0113	1.0230	3.9049	12.1924	9.6098	0.0001	0.0001	0.0000	0.0001	0.0001	0.0000	0.0000	0.0000	0.0000	0.1466	0.0907	0.0559	0.0572	0.0570	0.0002	0.0895	0.0337	0.0558	0.0284	0.0242	0.0041	0.0022	0.0021	0.0000	0.0262	0.0221	0.0041	0.5753	0.3727	0.2026	0.2246	0.2039	0.0207	0.3507	0.1688	0.1819	0.0197	0.0242	0.0000	0.2561	0.2378	0.0000	0.0000	0.0000	0.0000	0.2549	0.2434	0.2760	0.2545	0.2796	0.0073	0.2552	0.1998	0.3066
63	108	0.0975	4	0	1	1	0	0	0	0	0	N	N	N	N	N	N	N	N	N	N	N	N	0.0373	0.0033	0.1197	0.0207	0.0189	0.4885	0.0303	0.0000	0.1101	0.0057	0.0001	0.0425	0.0006	0.0006	0.0004	0.0070	0.0000	0.0434	0.1527	0.0409	0.3555	0.0278	0.0305	0.0009	0.2315	0.0534	0.3945	47.8447	4.7924	0.0003	0.0645	1.0230	8.0392	12.1924	22.6195	0.0005	0.0000	0.0005	0.0000	0.0000	0.0000	0.0005	0.0000	0.0005	0.1747	0.0302	0.1446	0.0123	0.0122	0.0000	0.1625	0.0179	0.1445	0.0838	0.0728	0.0110	0.0172	0.0170	0.0002	0.0666	0.0559	0.0108	1.1440	0.7373	0.4067	0.4422	0.4019	0.0403	0.7017	0.3354	0.3663	0.0373	0.0033	0.1197	0.0207	0.0189	0.4885	0.0303	0.0000	0.1101	0.1527	0.0409	0.3555	0.0278	0.0305	0.0009	0.2315	0.0534	0.3945
63	109	0.0975	3	0	0	1	0	0	0	0	0	N	N	N	N	N	N	N	N	N	N	N	N	0.0058	0.0036	0.0175	0.0081	0.0076	0.2653	0.0046	0.0001	0.0163	0.0046	0.0027	0.0144	0.0064	0.0064	0.0014	0.0036	0.0000	0.0145	0.7843	0.7592	0.8228	0.7941	0.8444	0.0051	0.7747	0.4771	0.8892	0.9831	0.7060	0.0000	-0.0135	1.0230	0.2031	12.1924	2.0398	0.0000	0.0000	0.0000	0.0000	0.0000	0.0000	0.0000	0.0000	0.0000	0.3023	0.1772	0.1251	0.1514	0.1514	0.0001	0.1508	0.0258	0.1250	0.0045	0.0038	0.0007	0.0016	0.0016	0.0000	0.0029	0.0022	0.0007	0.3854	0.2334	0.1520	0.1907	0.1793	0.0114	0.1947	0.0541	0.1406	0.0058	0.0036	0.0175	0.0081	0.0076	0.2653	0.0046	0.0001	0.0163	0.7843	0.7592	0.8228	0.7941	0.8444	0.0051	0.7747	0.4771	0.8892
63	110	0.6781	9	1	0	2	0	0	0	0	0	N	N	Y	N	N	N	N	N	N	N	N	N	0.0000	0.0000	0.0000	0.0000	0.0000	0.0000	0.0000	0.0000	0.0000	0.0000	0.0000	0.0000	0.0000	0.0000	0.0000	0.0073	0.0112	0.0000	0.0000	0.0000	0.0000	0.0159	0.0513	0.0000	0.0000	0.0000	-0.0000	1.0230	0.0001	12.1924	0.0001	0.0000	0.0000	0.0000	0.0000	0.0000	0.0000	0.0000	0.0000	0.0000	0.0000	0.0000	0.0000	0.0000	0.0000	0.0000	0.0000	0.0000	0.0000	0.0007	0.0006	0.0002	0.0004	0.0004	0.0000	0.0004	0.0002	0.0002	0.0001	0.0001	0.0000	0.0001	0.0001	0.0000	0.0001	0.0000	0.0000	0.0000	0.0000	0.0000	0.0000	0.0000	0.0000	0.0000	0.0000	0.0000	0.0073	0.0112	0.0000	0.0000	0.0000	0.0000	0.0159	0.0513	0.0000				
63	111	0.6642	8	1	0	2	0	0	0	0	0	N	N	Y	N	N	N	N	N	N	N	N	N	0.0000	0.0000	0.0000	0.0000	0.0000	0.0000	0.0000	0.0000	0.0000	0.0000	0.0000	0.0000	0.0000	0.0000	0.0000	0.0000	0.0000	0.0000	0.0918	0.1231	0.0006	0.0012	0.0013	0.0006	0.2580	0.4372	0.0006	0.0016	0.0000	-0.0081	1.0230	1.6718	12.1924	2.9223	0.0000	0.0000	0.0000	0.0000	0.0000	0.0000	0.0000	0.0000	0.0000	0.0177	0.0177	0.0000	0.0001	0.0001	0.0000	0.0175	0.0175	0.0000	0.0216	0.0192	0.0024	0.0086	0.0083	0.0003	0.0130	0.0109	0.0021	0.1925	0.1434	0.0491	0.1246	0.1033	0.0212	0.0680	0.0401	0.0279	0.0000	0.0000	0.0000	0.0000	0.0000	0.0000	0.0000	0.0000	0.0000	0.0918	0.1231	0.0006	0.0012	0.0013	0.0006	0.2580	0.4372	0.0006	
63	112	0.5807	7	1	0	2	0	0	0	0	0	N	N	Y	N	N	N	N	N	N	N	N	N	0.0006	0.0000	0.0575	0.0008	0.0000	0.0947	0.0002	0.0000	0.0110	0.0000	0.0000	0.0003	0.0001	0.0000	0.0022	0.0000	0.0000	0.0000	0.0646	0.0921	0.0059	0.1093	0.1219	0.0235	0.0050	0.0109	0.0006	20.9130	0.0299	0.0000	-0.0206	1.0230	14.0283	12.1924	7.1084	0.0000	0.0000	0.0000	0.0000	0.0000	0.0000	0.0000	0.0000	0.0000	0.0479	0.0465	0.0014	0.0463	0.0451	0.0013	0.0016	0.0015	0.0001	0.1661	0.1484	0.0177	0.0689	0.0663	0.0026	0.0972	0.0822	0.0150	0.7416	0.5054	0.2362	0.4239	0.3696	0.0543	0.3177	0.1358	0.1819	0.0006	0.0000	0.0575	0.0008	0.0000	0.0947	0.0002	0.0000	0.0110	0.0646	0.0921	0.0059	0.1093	0.1219	0.0235	0.0050	0.0109	0.0006
63	113	0.5204	6	0	0	1	0	0	0	0	0	N	N	N	N	N	N	N	N	N	N	N	N	0.0025	0.0015	0.0155	0.0044	0.0030	0.0490	0.0000	0.0000	0.0001	0.0001	0.0001	0.0002	0.0002	0.0001	0.0017	0.0000	0.0000	0.0000	0.0297	0.0374	0.0139	0.0447	0.0461	0.0342	0.0088	0.0098	0.0081	0.4611	0.1804	-0.0000	-0.0063	1.0230	8.6129	12.1924	5.1709	0.0000	0.0000	0.0000	0.0000	0.0000	0.0000	0.0000	0.0000	0.0000	0.0205	0.0174	0.0031	0.0180	0.0163	0.0017	0.0025	0.0011	0.0014	0.1092	0.0973	0.0119	0.0414	0.0398	0.0015	0.0678	0.0575	0.0103	0.6904	0.4645	0.2259	0.4027	0.3528	0.0499	0.2876	0.1117	0.1760	0.0025	0.0015	0.0155	0.0044	0.0030	0.0490	0.0000	0.0000	0.0001	0.0297	0.0374	0.0139	0.0447	0.0461	0.0342	0.0088	0.0098	0.0081
63	114	0.4253	5	0	0	1	0	0	0	0	0	N	N	N	N	N	N	N	N	N	N	N	N	0.0020	0.0014	0.0069	0.0028	0.0026	0.0087	0.0023	0.0007	0.0096	0.0001	0.0001	0.0003	0.0002	0.0001	0.0007	0.0000	0.0000	0.0002	0.0409	0.0407	0.0413	0.0566	0.0518	0.0844	0.0196	0.0159	0.0235	0.7012	0.4118	-0.0000	-0.0083	1.0230	16.8607	12.1924	22.7724	0.0000	0.0000	0.0000	0.0000	0.0000	0.0000	0.0000	0.0000	0.0000	0.0498	0.0353	0.0145	0.0397	0.0310	0.0087	0.0101	0.0043	0.0058	0.1743	0.1536	0.0207	0.0570	0.0545	0.0024	0.1173	0.0990	0.0183	1.2184	0.8672	0.3512	0.7012	0.5983	0.1029	0.5172	0.2689	0.2483	0.0020	0.0014	0.0069	0.0028	0.0026	0.0087	0.0023	0.0007	0.0096	0.0409	0.0407	0.0413	0.0566	0.0518	0.0844	0.0196	0.0159	0.0235
63	115	0.1566	4	1	0	2	0	0	0	0	0	N	N	Y	N	N	N	N	N	N	N	N	N	0.0000	0.0000	0.0000	0.0000	0.0000	0.0000	0.0000	0.0000	0.0000	0.0000	0.0000	0.0000	0.0000	0.0000	0.0000	0.0000	0.0000	0.0000	0.0020	0.0028	0.0000	0.0043	0.0047	0.0000	0.0001	0.0002	0.0000	0.0005	0.0000	-0.0002	1.0230	1.0009	12.1924	4.0038	0.0000	0.0000	0.0000	0.0000	0.0000	0.0000	0.0000	0.0000	0.0000	0.0005	0.0005	0.0000	0.0004	0.0004	0.0000	0.0000	0.0000	0.0000	0.0109	0.0096	0.0014	0.0028	0.0027	0.0001	0.0081	0.0068	0.0013	0.2362	0.1667	0.0695	0.1040	0.0943	0.0097	0.1322	0.0723	0.0599	0.0000	0.0000	0.0000	0.0000	0.0000	0.0000	0.0000	0.0000	0.0000	0.0020	0.0028	0.0000	0.0043	0.0047	0.0000	0.0001	0.0002	0.0000	
63	116	0.1282	3	1	0	2	0	0	0	0	0	N	N	Y	N	N	N	N	N	N	N	N	N	0.0000	0.0000	0.0098	0.0006	0.0006	0.0000	0.0000	0.0000	0.0113	0.0000	0.0000	0.0001	0.0001	0.0001	0.0000	0.0000	0.0000	0.0001	1.7760	2.6156	0.0090	0.1554	0.1772	0.0037	2.9655	5.5496	0.0101	0.3057	0.0016	-0.0000	-0.3943	1.0230	1.8441	12.1924	10.4794	0.0000	0.0000	0.0000	0.0000	0.0000	0.0000	0.0000	0.0000	0.0000	0.8634	0.8620	0.0014	0.0320	0.0319	0.0001	0.8314	0.8301	0.0013	0.0242	0.0212	0.0031	0.0093	0.0087	0.0007	0.0149	0.0125	0.0024	0.4861	0.3296	0.1566	0.2058	0.1800	0.0258	0.2804	0.1496	0.1308	0.0000	0.0000	0.0098	0.0006	0.0006	0.0000	0.0000	0.0000	0.0113	1.7760	2.6156	0.0090	0.1554	0.1772	0.0037	2.9655	5.5496	0.0101
63	117	0.3125	3	0	1	1	1	0	0	0	0	N	N	N	N	N	N	N	N	N	N	N	N	0.2293	0.2338	0.1379	0.0393	0.0018	5.6961	0.3929	0.7451	0.0020	0.0251	0.0267	0.0133	0.0048	0.0003	0.1070	0.0355	0.0421	0.0003	0.1095	0.1142	0.0965	0.1221	0.1373	0.0188	0.0904	0.0565	0.1286	0.0668	0.3030	-0.0012	-0.0388	1.0230	10.5071	12.1924	20.2622	0.0032	0.0030	0.0002	0.0002	0.0000	0.0002	0.0030	0.0030	0.0000	0.1720	0.1320	0.0400	0.1156	0.1133	0.0023	0.0564	0.0187	0.0377	0.1265	0.1115	0.0149	0.0428	0.0410	0.0018	0.0836	0.0705	0.0131	1.5706	1.1560	0.4146	0.9470	0.8257	0.1214	0.6236	0.3303	0.2933	0.2293	0.2338	0.1379	0.0393	0.0018	5.6961	0.3929	0.7451	0.0020	0.1095	0.1142	0.0965	0.1221	0.1373	0.0188	0.0904	0.0565	0.1286
63	118	0.0764	2	0	1	1	1	0	0	0	0	N	N	N	N	N	N	N	N	N	N	N	N	0.0000	0.0000	0.0010	0.0000	0.0000	0.0000	0.0000	0.0000	0.0009	0.0000	0.0000	0.0001	0.0000	0.0000	0.0000	0.0000	0.0000	0.0001	2.3041	3.4598	0.1170	1.5919	1.7478	0.0215	2.7044	5.1741	0.1269	inf	0.0179	0.0000	-1.0449	1.0230	4.0036	12.1924	26.5072	0.0000	0.0000	0.0000	0.0000	0.0000	0.0000	0.0000	0.0000	0.0000	2.3705	2.3289	0.0416	0.5893	0.5886	0.0007	1.7812	1.7403	0.0409	0.0290	0.0248	0.0042	0.0022	0.0022	0.0000	0.0268	0.0226	0.0042	1.0288	0.6731	0.3557	0.3702	0.3368	0.0334	0.6586	0.3363	0.3223	0.0000	0.0000	0.0010	0.0000	0.0000	0.0000	0.0000	0.0000	0.0009	2.3041	3.4598	0.1170	1.5919	1.7478	0.0215	2.7044	5.1741	0.1269
63	119	0.1148	3	0	1	1	0	0	0	0	0	N	N	N	N	N	N	N	N	N	N	N	N	0.0000	0.0000	0.0000	0.0000	0.0000	0.0000	0.0000	0.0000	0.0000	0.0000	0.0000	0.0000	0.0000	0.0000	0.0000	0.0000	0.0000	0.0000	1.6082	1.2919	2.2920	0.6689	0.2057	2.8314	2.4449	2.7170	2.0997	inf	0.8208	0.0000	-0.0141	1.0230	3.8169	12.1924	21.2433	0.0000	0.0000	0.0000	0.0000	0.0000	0.0000	0.0000	0.0000	0.0000	1.8597	1.0214	0.8383	0.3644	0.0923	0.2721	1.4953	0.9291	0.5662	0.2443	0.2073	0.0370	0.1848	0.1529	0.0319	0.0595	0.0544	0.0051	1.1564	0.7906	0.3658	0.5448	0.4487	0.0961	0.6116	0.3420	0.2697	0.0000	0.0000	0.0000	0.0000	0.0000	0.0000	0.0000	0.0000	0.0000	1.6082	1.2919	2.2920	0.6689	0.2057	2.8314	2.4449	2.7170	2.0997
63	120	0.4605	7	0	1	1	0	0	0	0	0	N	N	N	N	N	N	N	N	N	N	N	N	0.0018	0.0060	0.0000	0.0075	0.0107	0.0000	0.0000	0.0015	0.0000	0.0025	0.0028	0.0000	0.0066	0.0069	0.0001	0.0001	0.0001	0.0000	1.4087	0.4705	3.9613	0.8903	0.6434	2.0898	2.2872	0.0404	5.2062	0.0008	3.0949	-0.0002	0.8497	1.0230	16.3276	12.1924	34.9199	0.0005	0.0005	0.0000	0.0004	0.0004	0.0000	0.0000	0.0000	0.0000	2.8568	0.6976	2.1591	1.1355	0.6805	0.4550	1.7213	0.0172	1.7041	0.1801	0.1592	0.0209	0.0673	0.0646	0.0027	0.1128	0.0946	0.0182	2.0279	1.4829	0.5451	1.2754	1.0576	0.2177	0.7526	0.4252	0.3273	0.0018	0.0060	0.0000	0.0075	0.0107	0.0000	0.0000	0.0015	0.0000	1.4087	0.4705	3.9613	0.8903	0.6434	2.0898	2.2872	0.0404	5.2062
63	121	0.4431	6	0	1	1	0	0	0	0	0	N	N	N	N	N	N	N	N	N	N	N	N	0.0036	0.0046	0.0043	0.0127	0.0090	0.1175	0.0001	0.0001	0.0002	0.0028	0.0023	0.0069	0.0075	0.0056	0.0551	0.0001	0.0000	0.0004	0.7811	0.4911	1.5994	0.5933	0.6197	0.4688	1.1167	0.1663	2.4499	0.4140	1.1543	-0.0000	0.0765	1.0230	6.1757	12.1924	14.5601	0.0002	0.0001	0.0001	0.0002	0.0001	0.0001	0.0000	0.0000	0.0000	0.9879	0.4586	0.5294	0.4811	0.4145	0.0666	0.5068	0.0441	0.4627	0.0724	0.0637	0.0087	0.0268	0.0258	0.0010	0.0456	0.0379	0.0077	1.2648	0.9338	0.3310	0.8110	0.6689	0.1421	0.4539	0.2650	0.1889	0.0036	0.0046	0.0043	0.0127	0.0090	0.1175	0.0001	0.0001	0.0002	0.7811	0.4911	1.5994	0.5933	0.6197	0.4688	1.1167	0.1663	2.4499
63	122	0.3901	5	0	0	1	0	0	0	0	0	N	N	N	N	N	N	N	N	N	N	N	N	0.0024	0.0013	0.0111	0.0051	0.0023	0.1038	0.0001	0.0000	0.0003	0.0010	0.0005	0.0042	0.0024	0.0012	0.0183	0.0000	0.0000	0.0001	0.3964	0.4041	0.3771	0.4672	0.5099	0.1763	0.2952	0.1334	0.4484	1.1614	0.3755	0.0000	-0.1087	1.0230	7.5400	12.1924	21.4192	0.0001	0.0000	0.0001	0.0001	0.0000	0.0000	0.0000	0.0000	0.0000	0.5862	0.4262	0.1600	0.4062	0.3866	0.0196	0.1800	0.0396	0.1404	0.0967	0.0847	0.0120	0.0392	0.0365	0.0027	0.0575	0.0482	0.0093	1.4790	1.0547	0.4243	0.8694	0.7583	0.1112	0.6096	0.2964	0.3132	0.0024	0.0013	0.0111	0.0051	0.0023	0.1038	0.0001	0.0000	0.0003	0.3964	0.4041	0.3771	0.4672	0.5099	0.1763	0.2952	0.1334	0.4484
63	123	0.1503	4	0	1	1	0	0	0	0	0	N	N	N	N	N	N	N	N	N	N	N	N	0.0000	0.0000	0.0000	0.0000	0.0000	0.0000	0.0000	0.0000	0.0000	0.0000	0.0000	0.0000	0.0000	0.0000	0.0000	0.0000	0.0000	0.0000	2.5012	3.6223	0.0683	0.7187	0.8622	0.0062	4.1300	7.4433	0.0894	0.0087	0.0000	-1.0371	1.0230	4.0019	12.1924	19.5615	0.0000	0.0000	0.0000	0.0000	0.0000	0.0000	0.0000	0.0000	0.0000	2.3060	2.2861	0.0199	0.3164	0.3159	0.0005	1.9896	1.9702	0.0194	0.0418	0.0365	0.0054	0.0107	0.0103	0.0003	0.0312	0.0262	0.0050	0.9219	0.6311	0.2908	0.4402	0.3664	0.0738	0.4817	0.2647	0.2170	0.0000	0.0000	0.0000	0.0000	0.0000	0.0000	0.0000	0.0000	0.0000	2.5012	3.6223	0.0683	0.7187	0.8622	0.0062	4.1300	7.4433	0.0894	
63	124	0.1282	3	0	0	1	0	0	0	0	0	N	N	N	N	N	N	N	N	N	N	N	N	0.0001	0.0002	0.0000	0.0002	0.0005	0.0000	0.0000	0.0000	0.0000	0.0000	0.0001	0.0000	0.0001	0.0001	0.0000	0.0000	0.0000	0.0000	0.8307	0.3623	1.8207	0.6709	0.2538	3.5378	0.9532	0.4992	1.4650	0.0015	2.3779	-0.0000	0.0819	1.0230	1.2223	12.1924	8.2281	0.0000	0.0000	0.0000	0.0000	0.0000	0.0000	0.0000	0.0000	0.0000	0.3336	0.0988	0.2348	0.1169	0.0386	0.0783	0.2167	0.0601	0.1565	0.0178	0.0155	0.0022	0.0078	0.0071	0.0006	0.0100	0.0084	0.0016	0.4016	0.2726	0.1290	0.1743	0.1522	0.0221	0.2273	0.1204	0.1068	0.0001	0.0002	0.0000	0.0002	0.0005	0.0000	0.0000	0.0000	0.0000	0.8307	0.3623	1.8207	0.6709	0.2538	3.5378	0.9532	0.4992	1.4650
63	125	0.0764	2	0	0	1	0	0	0	0	0	N	N	N	N	N	N	N	N	N	N	N	N	0.0146	0.0217	0.0000	0.2109	0.2361	0.0000	0.0000	0.0000	0.0000	0.0032	0.0038	0.0000	0.0418	0.0427	0.0000	0.0000	0.0000	0.0000	0.2201	0.1735	0.3069	0.1983	0.1807	0.3733	0.2334	0.1656	0.2996	0.0000	0.9495	-0.0001	0.0045	1.0230	5.9920	12.1924	12.2976	0.0001	0.0001	0.0000	0.0001	0.0001	0.0000	0.0000	0.0000	0.0000	0.1565	0.0803	0.0762	0.0533	0.0441	0.0092	0.1032	0.0362	0.0670	0.0431	0.0369	0.0063	0.0033	0.0032	0.0001	0.0398	0.0336	0.0062	0.7109	0.4625	0.2484	0.2685	0.2440	0.0245	0.4423	0.2185	0.2238	0.0146	0.0217	0.0000	0.2109	0.2361	0.0000	0.0000	0.0000	0.0000	0.2201	0.1735	0.3069	0.1983	0.1807	0.3733	0.2334	0.1656	0.2996
63	126	0.1135	4	0	1	1	0	0	0	0	0	N	N	N	N	N	N	N	N	N	N	N	N	0.0235	0.0385	0.0000	0.0937	0.0874	0.0000	0.0000	0.0003	0.0000	0.0480	0.0553	0.0000	0.2160	0.2192	0.0000	0.0000	0.0000	0.0000	2.0391	1.4382	3.1165	2.3048	2.5085	0.0669	1.8625	0.0184	3.4293	0.0000	1.2088	-0.0012	0.1672	1.0230	5.0407	12.1924	17.1705	0.0026	0.0026	0.0000	0.0026	0.0026	0.0000	0.0000	0.0000	0.0000	1.8811	0.8516	1.0294	0.8490	0.8469	0.0021	1.0321	0.0047	1.0274	0.0545	0.0473	0.0072	0.0121	0.0119	0.0002	0.0424	0.0354	0.0070	0.9225	0.5922	0.3303	0.3684	0.3376	0.0307	0.5541	0.2545	0.2996	0.0235	0.0385	0.0000	0.0937	0.0874	0.0000	0.0000	0.0003	0.0000	2.0391	1.4382	3.1165	2.3048	2.5085	0.0669	1.8625	0.0184	3.4293
63	127	0.0975	3	0	1	1	0	0	0	0	0	N	N	N	N	N	N	N	N	N	N	N	N	0.0108	0.0139	0.0005	0.0430	0.0404	0.0159	0.0001	0.0000	0.0004	0.0056	0.0064	0.0003	0.0245	0.0248	0.0000	0.0000	0.0000	0.0003	0.5203	0.4638	0.6139	0.5687	0.6134	0.0029	0.4813	0.1709	0.6719	0.0069	0.7980	-0.0001	-0.0042	1.0230	1.9703	12.1924	6.2034	0.0001	0.0001	0.0000	0.0001	0.0001	0.0000	0.0000	0.0000	0.0000	0.2919	0.1623	0.1296	0.1422	0.1421	0.0001	0.1497	0.0202	0.1295	0.0228	0.0197	0.0031	0.0052	0.0051	0.0001	0.0176	0.0146	0.0031	0.5611	0.3500	0.2110	0.2500	0.2317	0.0183	0.3110	0.1183	0.1927	0.0108	0.0139	0.0005	0.0430	0.0404	0.0159	0.0001	0.0000	0.0004	0.5203	0.4638	0.6139	0.5687	0.6134	0.0029	0.4813	0.1709	0.6719
63	128	0.0764	2	0	0	1	0	0	0	0	0	N	N	N	N	N	N	N	N	N	N	N	N	0.0004	0.0005	0.0003	0.0086	0.0079	0.0000	0.0001	0.0000	0.0003	0.0014	0.0013	0.0017	0.0140	0.0143	0.0000	0.0003	0.0000	0.0017	3.7469	2.8057	5.4460	1.6362	1.8035	0.0089	5.2151	4.1789	6.0990	0.2190	1.0753	-0.0000	0.0983	1.0230	1.1032	12.1924	7.8190	0.0000	0.0000	0.0000	0.0000	0.0000	0.0000	0.0000	0.0000	0.0000	1.6442	0.7923	0.8519	0.2946	0.2944	0.0001	1.3496	0.4979	0.8518	0.0082	0.0070	0.0012	0.0007	0.0006	0.0000	0.0075	0.0063	0.0012	0.4388	0.2824	0.1564	0.1800	0.1632	0.0168	0.2588	0.1191	0.1397	0.0004	0.0005	0.0003	0.0086	0.0079	0.0000	0.0001	0.0000	0.0003	3.7469	2.8057	5.4460	1.6362	1.8035	0.0089	5.2151	4.1789	6.0990
63	129	0.4194	6	0	1	1	0	0	0	0	0	N	N	N	N	N	N	N	N	N	N	N	N	0.0000	0.0000	0.0000	0.0000	0.0000	0.0000	0.0000	0.0000	0.0000	0.0000	0.0000	0.0000	0.0000	0.0000	0.0000	0.0000	0.0000	0.0000	0.0023	0.0035	0.0000	0.0033	0.0036	0.0000	0.0009	0.0029	0.0000	0.0010	0.0000	-0.0006	1.0230	1.0033	12.1924	0.8635	0.0000	0.0000	0.0000	0.0000	0.0000	0.0000	0.0000	0.0000	0.0000	0.0014	0.0014	0.0000	0.0011	0.0011	0.0000	0.0002	0.0002	0.0000	0.0327	0.0292	0.0036	0.0195	0.0178	0.0017	0.0132	0.0113	0.0019	0.6020	0.4017	0.2003	0.3469	0.3180	0.0289	0.2552	0.0837	0.1714	0.0000	0.0000	0.0000	0.0000	0.0000	0.0000	0.0000	0.0000	0.0000	0.0023	0.0035	0.0000	0.0033	0.0036	0.0000	0.0009	0.0029	0.0000	
63	130	0.3901	5	0	0	1	0	0	0	0	0	N	N	N	N	N	N	N	N	N	N	N	N	0.0820	0.0664	0.1963	0.1804	0.1642	0.4006	0.0000	0.0000	0.0000	0.0027	0.0027	0.0031	0.0064	0.0059	0.0122	0.0000	0.0000	0.0000	0.0331	0.0402	0.0157	0.0355	0.0362	0.0305	0.0296	0.0514	0.0108	0.1644	0.1570	-0.0001	-0.0127	1.0230	5.5514	12.1924	9.9598	0.0002	0.0002	0.0000	0.0002	0.0002	0.0000	0.0000	0.0000	0.0000	0.0393	0.0340	0.0053	0.0252	0.0226	0.0026	0.0141	0.0114	0.0028	0.0772	0.0676	0.0096	0.0327	0.0303	0.0024	0.0445	0.0373	0.0072	1.1870	0.8462	0.3408	0.7094	0.6248	0.0846	0.4776	0.2215	0.2562	0.0820	0.0664	0.1963	0.1804	0.1642	0.4006	0.0000	0.0000	0.0000	0.0331	0.0402	0.0157	0.0355	0.0362	0.0305	0.0296	0.0514	0.0108
63	131	0.3598	4	0	0	1	0	0	0	0	0	N	N	N	N	N	N	N	N	N	N	N	N	0.0320	0.0314	0.0180	0.0775	0.0710	0.2724	0.0027	0.0039	0.0011	0.0076	0.0082	0.0031	0.0219	0.0219	0.0210	0.0005	0.0005	0.0002	0.2382	0.2630	0.1734	0.2821	0.3083	0.0772	0.1691	0.1274	0.2058	0.0514	0.2515	-0.0003	-0.0834	1.0230	9.1969	12.1924	13.4651	0.0008	0.0008	0.0000	0.0008	0.0008	0.0000	0.0000	0.0000	0.0000	0.3242	0.2590	0.0651	0.2348	0.2275	0.0073	0.0893	0.0315	0.0578	0.1102	0.0970	0.0132	0.0370	0.0351	0.0018	0.0732	0.0619	0.0114	1.3608	0.9851	0.3757	0.8326	0.7380	0.0946	0.5282	0.2471	0.2811	0.0320	0.0314	0.0180	0.0775	0.0710	0.2724	0.0027	0.0039	0.0011	0.2382	0.2630	0.1734	0.2821	0.3083	0.0772	0.1691	0.1274	0.2058
63	132	0.1733	6	1	1	1	1	0	0	0	0	N	N	N	N	N	N	N	N	N	N	N	N	0.0000	0.0000	0.0000	0.0000	0.0000	0.0000	0.0000	0.0000	0.0000	0.0000	0.0000	0.0000	0.0000	0.0000	0.0000	0.0000	0.0000	0.0791	0.1176	0.0000	0.1852	0.2090	0.0000	0.0000	0.0000	0.0000	0.0000	0.0000	-0.0048	1.0230	1.0000	12.1924	3.0001	0.0000	0.0000	0.0000	0.0000	0.0000	0.0000	0.0000	0.0000	0.0000	0.0104	0.0104	0.0000	0.0104	0.0104	0.0000	0.0000	0.0000	0.0000	0.0102	0.0090	0.0012	0.0038	0.0036	0.0002	0.0064	0.0054	0.0010	0.1316	0.0885	0.0430	0.0562	0.0498	0.0064	0.0754	0.0387	0.0366	0.0000	0.0000	0.0000	0.0000	0.0000	0.0000	0.0000	0.0000	0.0000	0.0791	0.1176	0.0000	0.1852	0.2090	0.0000	0.0000	0.0000	0.0000		
63	133	0.5722	10	1	1	1	1	0	0	0	0	N	N	N	N	N	N	N	N	N	N	N	N	0.0000	0.0000	0.0000	0.0000	0.0000	0.0000	0.0000	0.0000	0.0000	0.0000	0.0000	0.0000	0.0000	0.0000	0.0000	0.0000	0.0000	0.0000	0.0026	0.0006	0.0076	0.0040	0.0009	0.0230	0.0009	0.0000	0.0019	5.4175	0.0000	0.0000	1.0230	0.0006	12.1924	1.9797	0.0000	0.0000	0.0000	0.0000	0.0000	0.0000	0.0000	0.0000	0.0000	0.0001	0.0000	0.0001	0.0001	0.0000	0.0001	0.0000	0.0000	0.0000	0.0000	0.0000	0.0000	0.0000	0.0000	0.0000	0.0000	0.0000	0.0000	0.0489	0.0347	0.0142	0.0268	0.0229	0.0038	0.0221	0.0118	0.0103	0.0000	0.0000	0.0000	0.0000	0.0000	0.0000	0.0000	0.0000	0.0000	0.0026	0.0006	0.0076	0.0040	0.0009	0.0230	0.0009	0.0000	0.0019	
63	134	0.5555	9	1	1	1	1	0	0	0	0	N	N	N	N	N	N	N	N	N	N	N	N	0.0000	0.0000	0.0000	0.0000	0.0000	0.0000	0.0000	0.0000	0.0000	0.0000	0.0000	0.0000	0.0000	0.0000	0.0000	0.0000	0.0000	0.0000	0.0001	0.0000	0.0002	0.0000	0.0000	0.0001	0.0001	0.0000	0.0003	77.8633	0.0000	0.0000	1.0230	2.0077	12.1924	6.0321	0.0000	0.0000	0.0000	0.0000	0.0000	0.0000	0.0000	0.0000	0.0000	0.0000	0.0000	0.0000	0.0000	0.0000	0.0000	0.0000	0.0000	0.0000	0.0207	0.0182	0.0025	0.0074	0.0070	0.0004	0.0134	0.0112	0.0022	0.1836	0.1297	0.0539	0.0997	0.0848	0.0149	0.0839	0.0449	0.0390	0.0000	0.0000	0.0000	0.0000	0.0000	0.0000	0.0000	0.0000	0.0000	0.0001	0.0000	0.0002	0.0000	0.0000	0.0001	0.0001	0.0000	0.0003	
63	135	0.5507	9	0	1	1	1	0	0	0	0	N	N	N	N	N	N	N	N	N	N	N	N	0.0007	0.0000	23.0021	0.0000	0.0000	0.0365	1.4986	0.0000	184.8307	0.0001	0.0000	0.0011	0.0000	0.0000	0.0000	0.0002	0.0000	0.0013	0.1924	0.2695	0.0000	0.3496	0.4101	0.0002	0.0001	0.0003	0.0000	95.0684	0.0001	0.0000	-0.0280	1.0230	3.0348	12.1924	9.3583	0.0000	0.0000	0.0000	0.0000	0.0000	0.0000	0.0000	0.0000	0.0000	0.0611	0.0611	0.0000	0.0611	0.0611	0.0000	0.0000	0.0000	0.0000	0.0318	0.0278	0.0040	0.0110	0.0105	0.0005	0.0208	0.0173	0.0035	0.3175	0.2266	0.0908	0.1747	0.1489	0.0258	0.1428	0.0777	0.0651	0.0007	0.0000	23.0021	0.0000	0.0000	0.0365	1.4986	0.0000	184.8307	0.1924	0.2695	0.0000	0.3496	0.4101	0.0002	0.0001	0.0003	0.0000
63	136	0.5364	8	0	0	1	1	0	0	0	0	N	N	N	N	N	N	N	N	N	N	N	N	0.5168	0.4227	0.6583	0.7908	0.6948	9.5348	0.0000	0.0000	0.0000	0.0089	0.0102	0.0007	0.0249	0.0257	0.0062	0.0000	0.0000	0.0000	0.0173	0.0242	0.0011	0.0315	0.0369	0.0007	0.0009	0.0006	0.0012	0.0104	0.0183	-0.0000	-0.0012	1.0230	0.0433	12.1924	6.6805	0.0000	0.0000	0.0000	0.0000	0.0000	0.0000	0.0000	0.0000	0.0000	0.0027	0.0027	0.0000	0.0027	0.0027	0.0000	0.0001	0.0000	0.0000	0.0005	0.0004	0.0001	0.0002	0.0002	0.0000	0.0003	0.0003	0.0001	0.1583	0.1114	0.0469	0.0851	0.0722	0.0129	0.0733	0.0392	0.0340	0.5168	0.4227	0.6583	0.7908	0.6948	9.5348	0.0000	0.0000	0.0000	0.0173	0.0242	0.0011	0.0315	0.0369	0.0007	0.0009	0.0006	0.0012
63	137	0.2029	8	0	1	1	1	0	0	0	0	N	N	N	N	N	N	N	N	N	N	N	N	0.0000	0.0000	0.0000	0.0000	0.0000	0.0000	0.0000	0.0000	0.0000	0.0000	0.0000	0.0000	0.0000	0.0000	0.0000	0.0000	0.0000	0.0000	0.0000	0.0000	1.0230	0.0000	12.1924	0.0000	0.0000	0.0000	0.0000	0.0000	0.0000	0.0000	0.0000	0.0000	0.0000	0.0000	0.0000	0.0000	0.0000	0.0000	0.0000	0.0000	0.0000	0.0000	0.0000	0.0000	0.0000	0.0000	0.0000	0.0000	0.0000	0.0000	0.0000	0.0000	0.0000	0.0000	0.0000	0.0000	0.0000	0.0000	0.0000	0.0000	0.0000	0.0000	0.0000	0.0000	0.0000	0.0000	0.0000	0.0000	0.0000	0.0000	0.0000	0.0000	0.0000	0.0000	0.0000	0.0000	0.0000	0.0000											
63	138	0.1978	7	0	1	1	1	0	0	0	0	N	N	N	N	N	N	N	N	N	N	N	N	0.0000	0.0000	0.0000	0.0000	0.0000	0.0000	0.0000	0.0000	0.0000	0.0000	0.0000	0.0000	0.0000	0.0000	0.0000	0.0000	0.0000	0.0000	0.0000	0.0000	0.0000	0.0000	0.0000	-0.0000	-0.0000	1.0230	0.0021	12.1924	2.0000	0.0000	0.0000	0.0000	0.0000	0.0000	0.0000	0.0000	0.0000	0.0000	0.0000	0.0000	0.0000	0.0000	0.0000	0.0000	0.0000	0.0000	0.0000	0.0021	0.0021	0.0000	0.0020	0.0020	0.0000	0.0000	0.0000	0.0000	0.0592	0.0387	0.0204	0.0238	0.0212	0.0026	0.0353	0.0175	0.0178	0.0000	0.0000	0.0000	0.0000	0.0000	0.0000	0.0000	0.0000	0.0000	0.0000	0.0000	0.0000	0.0000	0.0000	0.0000	0.0000	0.0000	0.0000						
63	139	0.1876	6	0	0	1	1	0	0	0	0	N	N	N	N	N	N	N	N	N	N	N	N	0.7986	0.6196	0.0000	0.9322	0.8840	0.0000	0.0000	0.0000	0.0010	0.0011	0.0000	0.0026	0.0028	0.0000	0.0000	0.0000	0.0000	0.0012	0.0018	0.0000	0.0028	0.0031	0.0003	0.0000	0.0000	0.0000	0.0000	0.0121	-0.0000	-0.0001	1.0230	1.0020	12.1924	3.0181	0.0000	0.0000	0.0000	0.0000	0.0000	0.0000	0.0000	0.0000	0.0000	0.0002	0.0002	0.0000	0.0002	0.0002	0.0000	0.0000	0.0000	0.0000	0.0102	0.0090	0.0012	0.0038	0.0036	0.0002	0.0064	0.0054	0.0010	0.1321	0.0892	0.0428	0.0579	0.0513	0.0066	0.0742	0.0379	0.0362	0.7986	0.6196	0.0000	0.9322	0.8840	0.0000	0.0000	0.0000	0.0000	0.0012	0.0018	0.0000	0.0028	0.0031	0.0003	0.0000	0.0000	0.0000	
63	140	0.1733	6	0	1	1	0	0	0	0	0	N	N	N	N	N	N	N	N	N	N	N	N	0.0000	0.0000	0.0000	0.0000	0.0000	0.0000	0.0000	0.0000	0.0000	0.0000	0.0000	0.0000	0.0000	0.0000	0.0000	0.0000	0.0000	0.0000	0.0000	0.0000	0.0000	0.0000	0.0000	0.0000	inf	0.0000	0.0000	1.0230	0.0000	12.1924	4.0001	0.0000	0.0000	0.0000	0.0000	0.0000	0.0000	0.0000	0.0000	0.0000	0.0000	0.0000	0.0000	0.0000	0.0000	0.0000	0.0000	0.0000	0.0000	0.0000	0.0000	0.0000	0.0000	0.0000	0.0000	0.0000	0.0000	0.0000	0.1316	0.0885	0.0430	0.0562	0.0498	0.0064	0.0754	0.0387	0.0366	0.0000	0.0000	0.0000	0.0000	0.0000	0.0000	0.0000	0.0000	0.0000	0.0000	0.0000	0.0000	0.0000	0.0000	0.0000	0.0000	0.0000	0.0000				
63	141	0.5509	8	0	1	1	0	0	0	0	0	N	N	N	N	N	N	N	N	N	N	N	N	0.0000	0.0000	0.0000	0.0000	0.0000	0.0000	0.0000	0.0000	0.0000	0.0000	0.0000	0.0000	0.0000	0.0000	0.0000	0.0000	0.0000	0.0000	0.1294	0.1832	0.0000	0.2382	0.2798	0.0000	0.0001	0.0002	0.0000	0.0000	-0.0000	-0.0083	1.0230	1.0003	12.1924	5.0186	0.0000	0.0000	0.0000	0.0000	0.0000	0.0000	0.0000	0.0000	0.0000	0.0181	0.0181	0.0000	0.0181	0.0181	0.0000	0.0000	0.0000	0.0000	0.0103	0.0091	0.0012	0.0037	0.0035	0.0002	0.0067	0.0056	0.0011	0.1400	0.0988	0.0411	0.0760	0.0647	0.0113	0.0640	0.0341	0.0299	0.0000	0.0000	0.0000	0.0000	0.0000	0.0000	0.0000	0.0000	0.0000	0.1294	0.1832	0.0000	0.2382	0.2798	0.0000	0.0001	0.0002	0.0000	
63	142	0.1876	6	0	0	2	1	0	0	0	0	N	N	Y	N	N	N	N	N	N	N	N	N	0.0000	0.0000	0.0000	0.0000	0.0000	0.0000	0.0000	0.0000	0.0000	0.0000	0.0000	0.0000	0.0000	0.0000	0.0000	0.0000	0.1128	0.1668	0.0000	0.2578	0.2910	0.0000	0.0000	0.0000	0.0000	0.0000	0.0000	-0.0149	1.0230	0.0001	12.1924	9.0026	0.0000	0.0000	0.0000	0.0000	0.0000	0.0000	0.0000	0.0000	0.0000	0.0325	0.0325	0.0000	0.0325	0.0325	0.0000	0.0000	0.0000	0.0000	0.0000	0.0000	0.0000	0.0000	0.0000	0.0000	0.0000	0.0000	0.0000	0.2886	0.1950	0.0935	0.1262	0.1118	0.0144	0.1624	0.0832	0.0791	0.0000	0.0000	0.0000	0.0000	0.0000	0.0000	0.0000	0.0000	0.0000	0.1128	0.1668	0.0000	0.2578	0.2910	0.0000	0.0000	0.0000	0.0000			
63	143	0.5364	8	0	0	2	1	0	0	0	0	N	N	Y	N	N	N	N	N	N	N	N	N	0.0000	0.0000	0.0000	0.0000	0.0000	0.0000	0.0000	0.0000	0.0000	0.0000	0.0000	0.0000	0.0000	0.0000	0.0000	0.0000	0.0000	0.0000	4.6227	7.2722	0.0000	15.0296	16.6732	0.0000	0.0002	0.0003	0.0000	0.0000	0.0000	-0.4527	1.0230	2.0061	12.1924	8.0425	0.0000	0.0000	0.0000	0.0000	0.0000	0.0000	0.0000	0.0000	0.0000	0.9876	0.9876	0.0000	0.9876	0.9876	0.0000	0.0000	0.0000	0.0000	0.0206	0.0181	0.0025	0.0070	0.0067	0.0003	0.0136	0.0114	0.0022	0.2321	0.1632	0.0689	0.1246	0.1057	0.0189	0.1075	0.0575	0.0500	0.0000	0.0000	0.0000	0.0000	0.0000	0.0000	0.0000	0.0000	0.0000	4.2558	6.0517	0.0000	7.9276	9.3453	0.0000	0.0002	0.0003	0.0000	
63	144	0.5273	7	0	0	1	1	0	0	0	0	N	N	N	N	N	N	N	N	N	N	N	N	0.0925	0.0000	2.2417	0.0000	0.0000	0.0000	0.3255	0.0000	2.5033	0.0005	0.0000	0.0038	0.0000	0.0000	0.0000	0.0008	0.0000	0.0046	0.0051	0.0064	0.0017	0.0076	0.0084	0.0012	0.0023	0.0027	0.0018	inf	0.0972	0.0000	-0.0002	1.0230	1.9550	12.1924	2.1189	0.0000	0.0000	0.0000	0.0000	0.0000	0.0000	0.0000	0.0000	0.0000	0.0007	0.0006	0.0001	0.0005	0.0005	0.0000	0.0001	0.0001	0.0001	0.0211	0.0184	0.0026	0.0079	0.0074	0.0005	0.0132	0.0110	0.0022	0.1315	0.0961	0.0354	0.0697	0.0615	0.0082	0.0618	0.0347	0.0271	0.0925	0.0000	2.2417	0.0000	0.0000	0.0000	0.3255	0.0000	2.5033	0.0051	0.0064	0.0017	0.0076	0.0084	0.0012	0.0023	0.0027	0.0018
63	145	0.5273	7	0	0	2	1	0	0	0	0	N	N	Y	N	N	N	N	N	N	N	N	N	0.0000	0.0000	0.0000	0.0000	0.0000	0.0000	0.0000	0.0000	0.0000	0.0000	0.0000	0.0000	0.0000	0.0000	0.0000	0.0000	0.0000	0.0000	1.8021	2.5413	0.0004	2.2989	2.6820	0.0003	1.2403	2.2896	0.0005	0.0000	0.0001	-0.0000	-0.4022	1.0230	2.1261	12.1924	18.6477	0.0000	0.0000	0.0000	0.0000	0.0000	0.0000	0.0000	0.0000	0.0000	0.8776	0.8775	0.0001	0.5942	0.5941	0.0000	0.2834	0.2834	0.0000	0.0228	0.0200	0.0028	0.0085	0.0080	0.0005	0.0143	0.0120	0.0023	0.4870	0.3453	0.1417	0.2585	0.2215	0.0369	0.2285	0.1238	0.1047	0.0000	0.0000	0.0000	0.0000	0.0000	0.0000	0.0000	0.0000	0.0000	1.8021	2.5413	0.0004	2.2989	2.6820	0.0003	1.2403	2.2896	0.0005
63	146	0.1876	6	0	0	2	1	0	0	0	0	N	N	Y	N	N	N	N	N	N	N	N	N	0.0000	0.0000	0.0000	0.0000	0.0000	0.0000	0.0000	0.0000	0.0000	0.0000	0.0000	0.0000	0.0000	0.0000	0.0000	0.0000	0.0000	0.0000	0.0001	0.0000	0.0001	0.0001	0.0001	0.0000	0.0000	0.0000	0.2053	0.0000	-0.0000	1.0230	2.0001	12.1924	5.9880	0.0000	0.0000	0.0000	0.0000	0.0000	0.0000	0.0000	0.0000	0.0000	0.0000	0.0000	0.0000	0.0000	0.0000	0.0000	0.0000	0.0000	0.0000	0.0203	0.0179	0.0024	0.0076	0.0072	0.0004	0.0127	0.0107	0.0020	0.2573	0.1739	0.0834	0.1126	0.0997	0.0128	0.1447	0.0741	0.0706	0.0000	0.0000	0.0000	0.0000	0.0000	0.0000	0.0000	0.0000	0.0000	0.0000	0.0001	0.0000	0.0001	0.0001	0.0001	0.0000	0.0000	0.0000		
63	147	0.1876	6	0	0	2	1	0	0	0	0	N	N	Y	N	N	N	N	N	N	N	N	N	0.0047	0.0000	0.0134	0.0000	0.0000	0.0000	0.0043	0.0000	0.0138	0.0052	0.0000	0.0442	0.0000	0.0000	0.0000	0.0083	0.0000	0.0537	1.0952	0.0347	3.3071	0.0203	0.0207	0.0175	1.9145	0.0529	3.9034	inf	45.7559	0.0003	0.5249	1.0230	9.0001	12.1924	23.0169	0.0005	0.0000	0.0005	0.0000	0.0000	0.0000	0.0005	0.0000	0.0005	1.0090	0.0216	0.9874	0.0081	0.0073	0.0008	1.0009	0.0143	0.9866	0.0891	0.0787	0.0104	0.0336	0.0318	0.0018	0.0554	0.0469	0.0086	0.9212	0.6227	0.2986	0.3985	0.3527	0.0458	0.5228	0.2700	0.2528	0.0047	0.0000	0.0134	0.0000	0.0000	0.0000	0.0043	0.0000	0.0138	1.0952	0.0347	3.3071	0.0203	0.0207	0.0175	1.9145	0.0529	3.9034
63	148	0.1623	5	0	0	1	1	0	0	0	0	N	N	N	N	N	N	N	N	N	N	N	N	0.0015	0.0012	0.0000	0.0018	0.0017	0.0000	0.0000	0.0000	0.0000	0.0000	0.0000	0.0000	0.0000	0.0000	0.0000	0.0000	0.0000	0.0000	0.0075	0.0111	0.0000	0.0168	0.0189	0.0001	0.0005	0.0009	0.0000	0.0000	0.0014	-0.0000	-0.0012	1.0230	1.9990	12.1924	7.9526	0.0000	0.0000	0.0000	0.0000	0.0000	0.0000	0.0000	0.0000	0.0000	0.0025	0.0025	0.0000	0.0024	0.0024	0.0000	0.0001	0.0001	0.0000	0.0204	0.0180	0.0024	0.0076	0.0072	0.0004	0.0128	0.0107	0.0020	0.3363	0.2263	0.1100	0.1451	0.1286	0.0165	0.1912	0.0977	0.0935	0.0015	0.0012	0.0000	0.0018	0.0017	0.0000	0.0000	0.0000	0.0000	0.0075	0.0111	0.0000	0.0168	0.0189	0.0001	0.0005	0.0009	0.0000
63	149	0.1304	4	1	1	1	0	0	0	0	0	N	N	N	N	N	N	N	N	N	N	N	N	0.0000	0.0000	0.0000	0.0000	0.0000	0.0000	0.0000	0.0000	0.0001	0.0000	0.0000	0.0001	0.0000	0.0000	0.0000	0.0000	0.0000	0.0001	0.4817	0.0958	1.2932	0.6046	0.0080	3.6317	0.3714	0.2186	0.5480	inf	6.4169	0.0000	0.1927	1.0230	5.3497	12.1924	17.2225	0.0000	0.0000	0.0000	0.0000	0.0000	0.0000	0.0000	0.0000	0.0000	0.4737	0.0639	0.4098	0.2812	0.0031	0.2781	0.1924	0.0607	0.1317	0.0608	0.0534	0.0075	0.0229	0.0218	0.0012	0.0379	0.0316	0.0063	0.9833	0.6664	0.3169	0.4651	0.3886	0.0766	0.5181	0.2778	0.2403	0.0000	0.0000	0.0000	0.0000	0.0000	0.0000	0.0000	0.0000	0.0001	0.4817	0.0958	1.2932	0.6046	0.0080	3.6317	0.3714	0.2186	0.5480
63	150	0.1612	5	0	1	1	0	0	0	0	0	N	N	N	N	N	N	N	N	N	N	N	N	0.0877	0.0737	0.0481	0.0964	0.0932	0.0153	0.0176	0.0017	0.0687	0.0005	0.0005	0.0001	0.0011	0.0012	0.0001	0.0000	0.0000	0.0001	0.0055	0.0072	0.0016	0.0115	0.0124	0.0039	0.0008	0.0005	0.0012	0.0190	0.1015	-0.0000	-0.0016	1.0230	3.6794	12.1924	17.4287	0.0000	0.0000	0.0000	0.0000	0.0000	0.0000	0.0000	0.0000	0.0000	0.0044	0.0040	0.0004	0.0040	0.0039	0.0002	0.0004	0.0001	0.0002	0.0525	0.0464	0.0061	0.0224	0.0213	0.0011	0.0301	0.0251	0.0050	0.7979	0.5488	0.2491	0.3492	0.3097	0.0394	0.4487	0.2390	0.2097	0.0877	0.0737	0.0481	0.0964	0.0932	0.0153	0.0176	0.0017	0.0687	0.0055	0.0072	0.0016	0.0115	0.0124	0.0039	0.0008	0.0005	0.0012
63	151	0.1304	4	0	1	1	0	0	0	0	0	N	N	N	N	N	N	N	N	N	N	N	N	0.0004	0.0083	0.0002	0.0007	0.0142	0.0000	0.0003	0.0015	0.0006	0.0002	0.0002	0.0004	0.0005	0.0005	0.0000	0.0001	0.0000	0.0004	0.5485	0.0269	1.6756	0.7305	0.0357	3.8704	0.3595	0.0131	0.7718	0.2308	28.8504	-0.0000	0.2090	1.0230	3.4464	12.1924	10.1316	0.0000	0.0000	0.0000	0.0000	0.0000	0.0000	0.0000	0.0000	0.0000	0.4113	0.0138	0.3975	0.2790	0.0112	0.2678	0.1323	0.0026	0.1297	0.0421	0.0369	0.0053	0.0163	0.0155	0.0008	0.0259	0.0214	0.0045	0.7498	0.5126	0.2372	0.3819	0.3127	0.0692	0.3680	0.1999	0.1680	0.0004	0.0083	0.0002	0.0007	0.0142	0.0000	0.0003	0.0015	0.0006	0.5485	0.0269	1.6756	0.7305	0.0357	3.8704	0.3595	0.0131	0.7718
63	152	0.5577	10	1	1	1	0	0	0	0	0	N	N	N	N	N	N	N	N	N	N	N	N	6908.4634	5683.3160	0.2807	10533.7522	9600.7585	0.0000	10.0065	8.3868	2.1360	94.2477	107.2711	0.0003	262.7854	275.8856	0.0000	0.0030	0.0035	0.0003	0.0136	0.0189	0.0011	0.0249	0.0287	0.0034	0.0003	0.0004	0.0002	0.0000	0.0233	-0.4406	-0.0017	1.0230	1.0143	12.1924	12.0086	0.9987	0.9987	0.0000	0.9987	0.9987	0.0000	0.0000	0.0000	0.0000	0.0040	0.0039	0.0001	0.0039	0.0038	0.0001	0.0000	0.0000	0.0000	0.0106	0.0093	0.0013	0.0038	0.0036	0.0002	0.0068	0.0057	0.0011	0.2910	0.2055	0.0855	0.1575	0.1340	0.0236	0.1335	0.0716	0.0619	6908.4634	5683.3160	0.2807	10533.7522	9600.7585	0.0000	10.0065	8.3868	2.1360	0.0136	0.0189	0.0011	0.0249	0.0287	0.0034	0.0003	0.0004	0.0002
63	153	0.5555	9	1	1	1	0	0	0	0	0	N	N	N	N	N	N	N	N	N	N	N	N	186.8196	243.5120	0.0000	459.7972	417.3620	0.0000	0.0069	0.2804	0.0000	0.0118	0.0134	0.0000	0.0330	0.0347	0.0000	0.0000	0.0000	0.0000	0.0001	0.0001	0.0001	0.0001	0.0001	0.0000	0.0001	0.0000	0.0001	0.0000	0.6208	-0.0001	-0.0000	1.0230	0.9811	12.1924	0.0216	0.0001	0.0001	0.0000	0.0001	0.0001	0.0000	0.0000	0.0000	0.0000	0.0000	0.0000	0.0000	0.0000	0.0000	0.0000	0.0000	0.0000	0.0000	0.0102	0.0090	0.0012	0.0036	0.0035	0.0002	0.0066	0.0055	0.0011	0.0238	0.0168	0.0070	0.0129	0.0110	0.0019	0.0108	0.0058	0.0051	186.8196	243.5120	0.0000	459.7972	417.3620	0.0000	0.0069	0.2804	0.0000	0.0001	0.0001	0.0001	0.0001	0.0001	0.0000	0.0001	0.0000	0.0001
63	154	0.5509	8	1	1	1	0	0	0	0	0	N	N	N	N	N	N	N	N	N	N	N	N	0.0000	0.0000	0.0000	0.0000	0.0000	0.0000	0.0000	0.0000	0.0000	0.0000	0.0000	0.0000	0.0000	0.0000	0.0000	0.0000	0.0000	0.0000	0.0019	0.0003	0.0058	0.0002	0.0002	0.0002	0.0040	0.0005	0.0079	8.7087	-0.0000	0.0000	1.0230	0.0083	12.1924	2.0001	0.0000	0.0000	0.0000	0.0000	0.0000	0.0000	0.0000	0.0000	0.0000	0.0001	0.0000	0.0001	0.0000	0.0000	0.0000	0.0001	0.0000	0.0001	0.0001	0.0001	0.0000	0.0000	0.0000	0.0000	0.0001	0.0000	0.0000	0.0485	0.0342	0.0143	0.0263	0.0225	0.0038	0.0222	0.0117	0.0104	0.0000	0.0000	0.0000	0.0000	0.0000	0.0000	0.0000	0.0000	0.0000	0.0019	0.0003	0.0058	0.0002	0.0002	0.0002	0.0040	0.0005	0.0079	
63	155	0.5273	7	0	1	1	0	0	0	0	0	N	N	N	N	N	N	N	N	N	N	N	N	0.0003	0.0003	0.0000	0.0004	0.0005	0.0000	0.0000	0.0000	0.0000	0.0000	0.0000	0.0000	0.0000	0.0000	0.0000	0.0000	0.0000	0.0000	0.0050	0.0056	0.0036	0.0084	0.0080	0.0106	0.0012	0.0012	0.0012	0.0024	0.2559	-0.0000	-0.0003	1.0230	2.9180	12.1924	7.4065	0.0000	0.0000	0.0000	0.0000	0.0000	0.0000	0.0000	0.0000	0.0000	0.0014	0.0011	0.0003	0.0012	0.0010	0.0002	0.0002	0.0001	0.0001	0.0308	0.0270	0.0038	0.0113	0.0107	0.0006	0.0195	0.0163	0.0032	0.2705	0.1936	0.0770	0.1438	0.1242	0.0195	0.1268	0.0693	0.0575	0.0003	0.0003	0.0000	0.0004	0.0005	0.0000	0.0000	0.0000	0.0000	0.0050	0.0056	0.0036	0.0084	0.0080	0.0106	0.0012	0.0012	0.0012
63	156	0.4614	6	0	0	1	0	0	0	0	0	N	N	N	N	N	N	N	N	N	N	N	N	0.0001	0.0062	0.0000	0.0179	0.0168	0.0089	0.0000	0.0002	0.0000	0.0001	0.0001	0.0000	0.0003	0.0003	0.0000	0.0000	0.0000	0.0000	1.1471	0.0211	3.9240	0.0150	0.0168	0.0039	2.5803	0.0303	5.2883	0.0174	75.3963	-0.0000	0.5272	1.0230	8.2479	12.1924	19.7214	0.0000	0.0000	0.0000	0.0000	0.0000	0.0000	0.0000	0.0000	0.0000	0.9975	0.0131	0.9845	0.0073	0.0071	0.0002	0.9902	0.0060	0.9842	0.1154	0.1023	0.0130	0.0484	0.0458	0.0026	0.0670	0.0565	0.0105	0.8697	0.6188	0.2509	0.4859	0.4211	0.0648	0.3838	0.1976	0.1861	0.0001	0.0062	0.0000	0.0179	0.0168	0.0089	0.0000	0.0002	0.0000	1.1471	0.0211	3.9240	0.0150	0.0168	0.0039	2.5803	0.0303	5.2883
63	157	0.4253	5	0	0	1	0	0	0	0	0	N	N	N	N	N	N	N	N	N	N	N	N	0.0027	0.0035	0.0035	0.0086	0.0097	0.0174	0.0000	0.0000	0.0001	0.0002	0.0001	0.0004	0.0004	0.0003	0.0028	0.0000	0.0000	0.0000	0.0557	0.0343	0.1089	0.0502	0.0326	0.1596	0.0635	0.0387	0.0886	0.4323	1.2698	-0.0000	0.0049	1.0230	7.4725	12.1924	14.3153	0.0000	0.0000	0.0000	0.0000	0.0000	0.0000	0.0000	0.0000	0.0000	0.0483	0.0213	0.0270	0.0256	0.0143	0.0113	0.0227	0.0070	0.0157	0.0871	0.0766	0.0104	0.0304	0.0290	0.0014	0.0566	0.0476	0.0090	0.8678	0.6197	0.2482	0.5103	0.4396	0.0708	0.3575	0.1801	0.1774	0.0027	0.0035	0.0035	0.0086	0.0097	0.0174	0.0000	0.0000	0.0001	0.0557	0.0343	0.1089	0.0502	0.0326	0.1596	0.0635	0.0387	0.0886
63	158	0.3598	4	0	0	1	0	0	0	0	0	N	N	N	N	N	N	N	N	N	N	N	N	0.0030	0.0209	0.0012	0.0069	0.0556	0.0036	0.0010	0.0051	0.0001	0.0011	0.0010	0.0013	0.0026	0.0022	0.0101	0.0003	0.0004	0.0000	0.3603	0.0497	1.1669	0.3745	0.0399	2.8518	0.3390	0.0768	0.5829	0.1756	9.0363	-0.0000	0.2442	1.0230	11.6653	12.1924	19.4910	0.0001	0.0001	0.0000	0.0001	0.0001	0.0000	0.0000	0.0000	0.0000	0.5526	0.0551	0.4975	0.3454	0.0324	0.3129	0.2072	0.0226	0.1846	0.1334	0.1174	0.0160	0.0435	0.0415	0.0021	0.0899	0.0760	0.0139	1.5336	1.1072	0.4264	0.9223	0.8126	0.1097	0.6113	0.2946	0.3167	0.0030	0.0209	0.0012	0.0069	0.0556	0.0036	0.0010	0.0051	0.0001	0.3603	0.0497	1.1669	0.3745	0.0399	2.8518	0.3390	0.0768	0.5829
63	159	0.3125	3	0	0	1	0	0	0	0	0	N	N	N	N	N	N	N	N	N	N	N	N	0.2586	0.2448	0.0035	0.5553	0.5358	0.0238	0.1090	0.0844	0.0008	0.0945	0.1069	0.0006	0.1765	0.1848	0.0031	0.0478	0.0567	0.0001	0.3653	0.4365	0.1651	0.3179	0.3450	0.1320	0.4391	0.6719	0.1790	0.0007	0.1345	-0.0040	-0.1882	1.0230	7.3933	12.1924	20.5306	0.0092	0.0092	0.0000	0.0062	0.0062	0.0000	0.0030	0.0030	0.0000	0.5539	0.4882	0.0657	0.2932	0.2777	0.0155	0.2607	0.2105	0.0502	0.0973	0.0860	0.0114	0.0353	0.0336	0.0016	0.0621	0.0523	0.0097	1.5162	1.1184	0.3978	0.9225	0.8051	0.1174	0.5937	0.3133	0.2804	0.2586	0.2448	0.0035	0.5553	0.5358	0.0238	0.1090	0.0844	0.0008	0.3653	0.4365	0.1651	0.3179	0.3450	0.1320	0.4391	0.6719	0.1790
63	160	0.0764	2	0	0	1	0	0	0	0	0	N	N	N	N	N	N	N	N	N	N	N	N	5.7562	9.6604	0.0119	0.0326	0.0310	0.0000	5.0333	9.0382	0.0111	5.4654	6.3528	0.0180	0.0159	0.0162	0.0000	5.9289	6.9762	0.0182	0.9495	0.6576	1.5129	0.4882	0.5227	0.1303	1.1779	0.7719	1.6420	0.0005	1.1917	-0.4391	0.1650	1.0230	27.6416	12.1924	54.6365	0.9965	0.9961	0.0005	0.0002	0.0002	0.0000	0.9963	0.9959	0.0005	1.9325	0.8817	1.0507	0.3292	0.3214	0.0077	1.6033	0.5603	1.0430	0.1823	0.1568	0.0255	0.0143	0.0140	0.0002	0.1680	0.1427	0.0253	2.0353	1.3408	0.6945	0.6742	0.6149	0.0593	1.3611	0.7259	0.6352	5.7562	9.6604	0.0119	0.0326	0.0310	0.0000	5.0333	9.0382	0.0111	0.9495	0.6576	1.5129	0.4882	0.5227	0.1303	1.1779	0.7719	1.6420
63	161	0.1809	8	1	1	1	0	0	0	0	0	N	N	N	N	N	N	N	N	N	N	N	N	0.0000	0.0000	0.0000	0.0000	0.0000	0.0000	0.0000	0.0000	0.0000	0.0000	0.0000	0.0000	0.0000	0.0000	0.0000	0.0000	0.0000	0.0002	0.0003	0.0000	0.0005	0.0005	0.0002	0.0000	0.0000	0.0000	0.0604	0.0000	-0.0000	1.0230	0.0002	12.1924	3.0099	0.0000	0.0000	0.0000	0.0000	0.0000	0.0000	0.0000	0.0000	0.0000	0.0000	0.0000	0.0000	0.0000	0.0000	0.0000	0.0000	0.0000	0.0000	0.0000	0.0000	0.0000	0.0000	0.0000	0.0000	0.0000	0.0000	0.0000	0.1007	0.0681	0.0327	0.0432	0.0384	0.0049	0.0575	0.0297	0.0278	0.0000	0.0000	0.0000	0.0000	0.0000	0.0000	0.0000	0.0000	0.0000	0.0002	0.0003	0.0000	0.0005	0.0005	0.0002	0.0000	0.0000	0.0000		
63	162	0.1733	7	1	1	1	0	0	0	0	0	N	N	N	N	N	N	N	N	N	N	N	N	0.0000	0.0000	0.0000	0.0000	0.0000	0.0000	0.0000	0.0000	0.0000	0.0000	0.0000	0.0000	0.0000	0.0000	0.0000	0.0000	0.0000	0.0000	0.0000	0.0000	0.0000	0.0000	0.0000	0.0000	0.0000	0.0000	0.0468	0.0000	-0.0000	1.0230	0.9998	12.1924	2.0118	0.0000	0.0000	0.0000	0.0000	0.0000	0.0000	0.0000	0.0000	0.0000	0.0000	0.0000	0.0000	0.0000	0.0000	0.0000	0.0000	0.0000	0.0000	0.0102	0.0090	0.0012	0.0038	0.0036	0.0002	0.0064	0.0054	0.0010	0.0995	0.0670	0.0326	0.0425	0.0377	0.0048	0.0570	0.0293	0.0277	0.0000	0.0000	0.0000	0.0000	0.0000	0.0000	0.0000	0.0000	0.0000	0.0000	0.0000	0.0000	0.0000	0.0000	0.0000	0.0000	0.0000	0.0000		
63	163	0.1733	6	1	1	1	0	0	0	0	0	N	N	N	N	N	N	N	N	N	N	N	N	0.0000	0.0000	0.0000	0.0000	0.0000	0.0000	0.0000	0.0000	0.0000	0.0000	0.0000	0.0000	0.0000	0.0000	0.0000	0.0000	0.0000	0.0038	0.0033	0.0058	0.0079	0.0059	0.0445	0.0002	0.0000	0.0005	0.4545	0.0000	-0.0000	1.0230	0.0000	12.1924	0.0003	0.0000	0.0000	0.0000	0.0000	0.0000	0.0000	0.0000	0.0000	0.0000	0.0000	0.0000	0.0000	0.0000	0.0000	0.0000	0.0000	0.0000	0.0000	0.0000	0.0000	0.0000	0.0000	0.0000	0.0000	0.0000	0.0000	0.0000	0.0000	0.0000	0.0000	0.0000	0.0000	0.0000	0.0000	0.0000	0.0000	0.0000	0.0000	0.0000	0.0000	0.0000	0.0000	0.0000	0.0000	0.0000	0.0038	0.0033	0.0058	0.0079	0.0059	0.0445	0.0002	0.0000	0.0005		
63	164	0.1623	5	0	1	1	0	0	0	0	0	N	N	N	N	N	N	N	N	N	N	N	N	0.1043	0.0837	0.0000	0.1073	0.0973	0.0000	0.0000	0.0000	0.0000	0.0015	0.0018	0.0000	0.0034	0.0035	0.0000	0.0000	0.0000	0.0000	0.0147	0.0218	0.0001	0.0319	0.0360	0.0001	0.0011	0.0020	0.0002	0.0000	0.0033	-0.0000	-0.0011	1.0230	0.0063	12.1924	4.3641	0.0000	0.0000	0.0000	0.0000	0.0000	0.0000	0.0000	0.0000	0.0000	0.0024	0.0024	0.0000	0.0023	0.0023	0.0000	0.0001	0.0001	0.0000	0.0002	0.0001	0.0000	0.0001	0.0001	0.0000	0.0001	0.0001	0.0000	0.1624	0.1095	0.0529	0.0719	0.0637	0.0082	0.0905	0.0458	0.0447	0.1043	0.0837	0.0000	0.1073	0.0973	0.0000	0.0000	0.0000	0.0000	0.0147	0.0218	0.0001	0.0319	0.0360	0.0001	0.0011	0.0020	0.0002
63	165	0.1304	4	0	0	1	0	0	0	0	0	N	N	N	N	N	N	N	N	N	N	N	N	0.0111	0.0088	0.0000	0.0146	0.0125	0.0000	0.0000	0.0000	0.0000	0.0042	0.0048	0.0000	0.0107	0.0112	0.0000	0.0000	0.0000	0.0000	0.3799	0.5527	0.0047	0.7342	0.8972	0.0100	0.0034	0.0041	0.0025	0.0000	0.0040	-0.0001	-0.1246	1.0230	2.5207	12.1924	10.0226	0.0001	0.0001	0.0000	0.0001	0.0001	0.0000	0.0000	0.0000	0.0000	0.2741	0.2731	0.0011	0.2730	0.2723	0.0007	0.0012	0.0008	0.0004	0.0329	0.0288	0.0041	0.0130	0.0124	0.0006	0.0199	0.0164	0.0035	0.7217	0.4941	0.2276	0.3717	0.3035	0.0683	0.3499	0.1906	0.1593	0.0111	0.0088	0.0000	0.0146	0.0125	0.0000	0.0000	0.0000	0.0000	0.3799	0.5527	0.0047	0.7342	0.8972	0.0100	0.0034	0.0041	0.0025
63	166	0.1148	3	0	0	1	0	0	0	0	0	N	N	N	N	N	N	N	N	N	N	N	N	0.0000	0.0000	0.0000	0.0000	0.0000	0.0000	0.0000	0.0000	0.0000	0.0000	0.0000	0.0000	0.0000	0.0000	0.0000	0.0000	0.0000	0.0000	0.4669	0.1147	1.2896	0.5612	0.1669	1.9875	0.3423	0.0232	0.8021	0.3073	4.8114	-0.0000	0.1162	1.0230	2.6894	12.1924	4.6619	0.0000	0.0000	0.0000	0.0000	0.0000	0.0000	0.0000	0.0000	0.0000	0.3144	0.0541	0.2603	0.2151	0.0501	0.1650	0.0993	0.0040	0.0953	0.2342	0.1984	0.0358	0.1822	0.1503	0.0319	0.0521	0.0481	0.0039	0.6733	0.4715	0.2018	0.3833	0.3003	0.0830	0.2900	0.1712	0.1188	0.0000	0.0000	0.0000	0.0000	0.0000	0.0000	0.0000	0.0000	0.0000	0.4669	0.1147	1.2896	0.5612	0.1669	1.9875	0.3423	0.0232	0.8021
63	167	0.0764	2	0	0	1	0	0	0	0	0	N	N	N	N	N	N	N	N	N	N	N	N	0.0000	0.0000	0.0000	0.0002	0.0003	0.0000	0.0000	0.0000	0.0000	0.0000	0.0000	0.0002	0.0001	0.0001	0.0000	0.0000	0.0000	0.0002	2.2466	0.2378	5.9145	0.3695	0.2647	1.3961	3.4902	0.2035	6.4404	3.9450	13.6243	0.0000	0.5435	1.0230	2.7966	12.1924	8.5340	0.0000	0.0000	0.0000	0.0000	0.0000	0.0000	0.0000	0.0000	0.0000	1.1484	0.0785	1.0699	0.0753	0.0489	0.0263	1.0731	0.0296	1.0435	0.0204	0.0174	0.0030	0.0016	0.0016	0.0000	0.0189	0.0159	0.0030	0.5112	0.3303	0.1809	0.2037	0.1848	0.0189	0.3075	0.1454	0.1620	0.0000	0.0000	0.0000	0.0002	0.0003	0.0000	0.0000	0.0000	0.0000	2.2466	0.2378	5.9145	0.3695	0.2647	1.3961	3.4902	0.2035	6.4404
64	65	0.1591	3	0	1	0	0	0	0	0	0	N	N	N	N	N	N	N	N	N	N	N	N	0.1806	0.1819	0.2795	0.5134	4.3595	0.0007	0.1327	0.0933	0.3235	0.0176	0.0147	0.0357	0.0149	0.0155	0.0002	0.0180	0.0146	0.0371	0.0974	0.0809	0.1276	0.0291	0.0035	0.2240	0.1360	0.1563	0.1146	0.3831	0.8587	-0.0001	0.0001	2.4556	1.7555	12.4191	11.9300	0.0006	0.0004	0.0002	0.0001	0.0001	0.0000	0.0005	0.0003	0.0002	0.0353	0.0190	0.0163	0.0038	0.0004	0.0034	0.0315	0.0186	0.0129	0.0314	0.0272	0.0043	0.0047	0.0045	0.0002	0.0268	0.0226	0.0041	0.3624	0.2346	0.1278	0.1309	0.1158	0.0151	0.2315	0.1188	0.1126	0.1806	0.1819	0.2795	0.5134	4.3595	0.0007	0.1327	0.0933	0.3235	0.0974	0.0809	0.1276	0.0291	0.0035	0.2240	0.1360	0.1563	0.1146
64	66	0.1381	5	1	1	1	0	0	0	0	0	N	N	N	N	N	N	N	N	N	N	N	N	0.0000	0.0000	0.0000	0.0000	0.0000	0.0000	0.0000	0.0000	0.0000	0.0000	0.0000	0.0000	0.0000	0.0000	0.0000	0.0000	0.0000	0.0000	0.0000	0.0000	2.4556	0.0000	12.4191	0.0000	0.0000	0.0000	0.0000	0.0000	0.0000	0.0000	0.0000	0.0000	0.0000	0.0000	0.0000	0.0000	0.0000	0.0000	0.0000	0.0000	0.0000	0.0000	0.0000	0.0000	0.0000	0.0000	0.0000	0.0000	0.0000	0.0000	0.0000	0.0000	0.0000	0.0000	0.0000	0.0000	0.0000	0.0000	0.0000	0.0000	0.0000	0.0000	0.0000	0.0000	0.0000	0.0000	0.0000	0.0000	0.0000	0.0000	0.0000	0.0000	0.0000	0.0000	0.0000	0.0000	0.0000	0.0000											
64	67	0.6427	8	1	1	1	0	0	0	0	0	N	N	N	N	N	N	N	N	N	N	N	N	0.0000	0.0000	0.0000	0.0000	0.0000	0.0000	0.0000	0.0000	0.0000	0.0000	0.0000	0.0000	0.0000	0.0000	0.0000	0.0036	0.0027	0.0055	0.0062	0.0039	0.0182	0.0000	0.0000	0.0000	0.9231	0.0000	0.0000	2.4556	1.0000	12.4191	3.0000	0.0000	0.0000	0.0000	0.0000	0.0000	0.0000	0.0000	0.0000	0.0000	0.0003	0.0001	0.0001	0.0003	0.0001	0.0001	0.0000	0.0000	0.0000	0.0124	0.0107	0.0017	0.0027	0.0025	0.0002	0.0097	0.0082	0.0015	0.0700	0.0483	0.0217	0.0402	0.0336	0.0066	0.0298	0.0146	0.0152	0.0000	0.0000	0.0000	0.0000	0.0000	0.0000	0.0000	0.0000	0.0000	0.0036	0.0027	0.0055	0.0062	0.0039	0.0182	0.0000	0.0000	0.0000				
64	68	0.1381	5	1	1	1	0	0	0	0	0	N	N	N	N	N	N	N	N	N	N	N	N	inf	inf	inf	inf	0.0025	0.0030	0.0000	0.0000	0.0000	0.0000	0.0027	0.0032	0.0000	0.0000	0.0000	0.0000	0.0000	0.0000	0.0000	0.0000	0.0000	0.0000	0.0000	-0.0000	0.0000	2.4556	1.0000	12.4191	0.0000	0.0000	0.0000	0.0000	0.0000	0.0000	0.0000	0.0000	0.0000	0.0000	0.0000	0.0000	0.0000	0.0000	0.0000	0.0000	0.0000	0.0000	0.0000	0.0159	0.0134	0.0025	0.0008	0.0007	0.0001	0.0151	0.0127	0.0024	0.0225	0.0130	0.0095	0.0050	0.0045	0.0005	0.0175	0.0085	0.0089	inf	inf	0.0000	0.0000	0.0000	0.0000	inf	inf	0.0000	0.0000	0.0000	0.0000	0.0000	0.0000	0.0000	0.0000	0.0000	0.0000						
64	69	0.1217	4	1	1	1	0	0	0	0	0	N	N	N	N	N	N	N	N	N	N	N	N	0.0004	0.0006	0.0001	0.0115	0.0113	0.0000	0.0000	0.0000	0.0001	0.0000	0.0000	0.0000	0.0001	0.0001	0.0000	0.0000	0.0000	0.0000	0.0098	0.0078	0.0130	0.0048	0.0051	0.0002	0.0111	0.0091	0.0135	0.0388	1.0355	-0.0000	0.0001	2.4556	1.0155	12.4191	5.9708	0.0000	0.0000	0.0000	0.0000	0.0000	0.0000	0.0000	0.0000	0.0000	0.0018	0.0009	0.0009	0.0002	0.0002	0.0000	0.0016	0.0007	0.0009	0.0172	0.0146	0.0026	0.0013	0.0012	0.0001	0.0159	0.0134	0.0025	0.1808	0.1118	0.0690	0.0396	0.0373	0.0023	0.1413	0.0746	0.0667	0.0004	0.0006	0.0001	0.0115	0.0113	0.0000	0.0000	0.0000	0.0001	0.0098	0.0078	0.0130	0.0048	0.0051	0.0002	0.0111	0.0091	0.0135
64	70	0.1170	3	1	0	1	0	0	0	0	0	N	N	N	N	N	N	N	N	N	N	N	N	0.1055	0.1046	0.0189	0.1949	0.1971	0.0035	0.0037	0.0000	0.0200	0.0078	0.0088	0.0010	0.0233	0.0234	0.0005	0.0002	0.0000	0.0010	0.0743	0.0838	0.0536	0.1197	0.1189	0.1569	0.0483	0.0458	0.0510	0.0155	0.2911	-0.0000	-0.0022	2.4556	0.0406	12.4191	2.3361	0.0000	0.0000	0.0000	0.0000	0.0000	0.0000	0.0000	0.0000	0.0000	0.0096	0.0074	0.0022	0.0056	0.0055	0.0002	0.0040	0.0020	0.0020	0.0017	0.0015	0.0002	0.0006	0.0006	0.0000	0.0012	0.0010	0.0002	0.1292	0.0888	0.0404	0.0471	0.0461	0.0010	0.0821	0.0427	0.0394	0.1055	0.1046	0.0189	0.1949	0.1971	0.0035	0.0037	0.0000	0.0200	0.0743	0.0838	0.0536	0.1197	0.1189	0.1569	0.0483	0.0458	0.0510
64	71	0.6427	8	1	1	1	0	0	0	0	0	N	N	N	N	N	N	N	N	N	N	N	N	0.0000	0.0000	0.0000	0.0000	0.0000	0.0000	0.0000	0.0000	0.0000	0.0000	0.0000	0.0000	0.0000	0.0000	0.0000	0.0000	0.0000	0.0000	0.0000	0.0000	2.4556	0.0000	12.4191	0.0000	0.0000	0.0000	0.0000	0.0000	0.0000	0.0000	0.0000	0.0000	0.0000	0.0000	0.0000	0.0000	0.0000	0.0000	0.0000	0.0000	0.0000	0.0000	0.0000	0.0000	0.0000	0.0000	0.0000	0.0000	0.0000	0.0000	0.0000	0.0000	0.0000	0.0000	0.0000	0.0000	0.0000	0.0000	0.0000	0.0000	0.0000	0.0000	0.0000	0.0000	0.0000	0.0000	0.0000	0.0000	0.0000	0.0000	0.0000	0.0000	0.0000	0.0000	0.0000	0.0000	0.0000	0.0000											
64	72	0.6246	7	1	1	1	0	0	0	0	0	N	N	N	N	N	N	N	N	N	N	N	N	0.0000	0.0000	0.0000	0.0000	0.0001	0.0000	0.0000	0.0000	0.0000	0.0000	0.0000	0.0000	0.0000	0.0000	0.0000	0.0000	0.0000	0.0000	0.0105	0.0027	0.0286	0.0114	0.0032	0.0471	0.0089	0.0013	0.0157	0.0000	4.5178	-0.0000	0.0004	2.4556	3.9057	12.4191	1.1104	0.0000	0.0000	0.0000	0.0000	0.0000	0.0000	0.0000	0.0000	0.0000	0.0012	0.0002	0.0010	0.0009	0.0002	0.0007	0.0003	0.0000	0.0003	0.0543	0.0470	0.0074	0.0125	0.0117	0.0008	0.0418	0.0353	0.0066	0.1153	0.0805	0.0348	0.0765	0.0623	0.0143	0.0388	0.0183	0.0206	0.0000	0.0000	0.0000	0.0000	0.0001	0.0000	0.0000	0.0000	0.0000	0.0105	0.0027	0.0286	0.0114	0.0032	0.0471	0.0089	0.0013	0.0157
64	73	0.4218	5	1	1	0	0	0	0	0	0	N	N	N	N	N	N	N	N	N	N	N	N	0.0013	0.0072	0.0000	0.0126	0.0167	0.0000	0.0000	0.0003	0.0000	0.0001	0.0002	0.0000	0.0004	0.0004	0.0000	0.0000	0.0000	0.0000	0.0994	0.0210	0.2581	0.0298	0.0239	0.0719	0.1703	0.0152	0.3014	0.0093	6.0952	-0.0000	0.0239	2.4556	6.9070	12.4191	16.5673	0.0000	0.0000	0.0000	0.0000	0.0000	0.0000	0.0000	0.0000	0.0000	0.0597	0.0084	0.0513	0.0090	0.0063	0.0027	0.0506	0.0021	0.0486	0.1648	0.1448	0.0200	0.0568	0.0536	0.0032	0.1080	0.0912	0.0168	0.5999	0.4013	0.1986	0.3026	0.2651	0.0375	0.2973	0.1362	0.1611	0.0013	0.0072	0.0000	0.0126	0.0167	0.0000	0.0000	0.0003	0.0000	0.0994	0.0210	0.2581	0.0298	0.0239	0.0719	0.1703	0.0152	0.3014
64	74	0.4857	7	0	1	0	1	0	0	0	0	N	N	N	N	N	N	N	N	N	N	N	N	0.0565	0.0000	5.7886	0.0223	0.0000	25.7553	0.3602	0.0000	4.1414	0.0515	0.0000	0.3487	0.0328	0.0000	0.4976	0.0558	0.0000	0.3353	0.9118	1.3284	0.0602	1.4711	1.8164	0.0193	0.1548	0.2327	0.0810	34236.4516	0.0222	0.0029	-0.2145	2.4556	6.4226	12.4191	19.3377	0.0052	0.0000	0.0052	0.0006	0.0000	0.0006	0.0046	0.0000	0.0046	0.4913	0.4807	0.0107	0.4559	0.4547	0.0012	0.0355	0.0259	0.0095	0.1016	0.0866	0.0150	0.0187	0.0175	0.0012	0.0829	0.0691	0.0138	0.5388	0.3618	0.1770	0.3099	0.2503	0.0595	0.2289	0.1115	0.1174	0.0565	0.0000	5.7886	0.0223	0.0000	25.7553	0.3602	0.0000	4.1414	0.9118	1.3284	0.0602	1.4711	1.8164	0.0193	0.1548	0.2327	0.0810
64	75	0.4405	6	0	0	0	1	0	0	0	0	N	N	N	N	N	N	N	N	N	N	N	N	0.0296	0.0271	0.0467	0.1453	0.1031	5.7273	0.0001	0.0000	0.0003	0.0576	0.0527	0.0905	0.2376	0.1978	1.2038	0.0002	0.0001	0.0009	1.9441	1.9459	1.9400	1.6349	1.9192	0.2102	2.3145	1.9978	2.6497	0.2527	0.4515	-0.0014	-0.2022	2.4556	5.1932	12.4191	17.4397	0.0058	0.0046	0.0012	0.0057	0.0046	0.0012	0.0000	0.0000	0.0000	1.3727	0.9457	0.4270	0.6292	0.6158	0.0135	0.7435	0.3300	0.4135	0.1000	0.0872	0.0128	0.0242	0.0232	0.0010	0.0759	0.0640	0.0119	0.7061	0.4860	0.2201	0.3849	0.3208	0.0640	0.3212	0.1652	0.1561	0.0296	0.0271	0.0467	0.1453	0.1031	5.7273	0.0001	0.0000	0.0003	1.9441	1.9459	1.9400	1.6349	1.9192	0.2102	2.3145	1.9978	2.6497
64	76	0.4035	5	0	0	0	0	0	0	0	0	N	N	N	N	N	N	N	N	N	N	N	N	0.0061	0.0013	0.0250	0.0126	0.0024	0.1068	0.0043	0.0009	0.0211	0.0113	0.0018	0.0723	0.0287	0.0035	0.6003	0.0053	0.0011	0.0263	1.8420	1.3923	2.8992	2.2702	1.4826	5.6198	1.2186	1.1967	1.2446	6.4156	0.8857	0.0004	0.0201	2.4556	4.4918	12.4191	17.5337	0.0010	0.0001	0.0009	0.0007	0.0001	0.0006	0.0003	0.0001	0.0003	1.7746	0.9411	0.8335	1.2966	0.6855	0.6110	0.4781	0.2555	0.2225	0.0893	0.0773	0.0121	0.0230	0.0220	0.0010	0.0664	0.0553	0.0111	0.9634	0.6759	0.2875	0.5711	0.4624	0.1087	0.3923	0.2135	0.1788	0.0061	0.0013	0.0250	0.0126	0.0024	0.1068	0.0043	0.0009	0.0211	1.8420	1.3923	2.8992	2.2702	1.4826	5.6198	1.2186	1.1967	1.2446
64	77	0.1326	4	0	0	0	1	0	0	0	0	N	N	N	N	N	N	N	N	N	N	N	N	0.0000	0.0000	0.0000	0.0000	0.0000	0.0000	0.0000	0.0000	0.0000	0.0000	0.0000	0.0000	0.0000	0.0000	0.0000	0.0000	0.0000	0.0000	5.1396	1.0408	15.9114	0.3804	0.4141	0.0375	6.8991	1.8593	14.4823	6.1738	-0.0000	0.9118	2.4556	0.3745	12.4191	14.7996	0.0000	0.0000	0.0000	0.0000	0.0000	0.0000	0.0000	0.0000	0.0000	2.2670	0.3160	1.9510	0.0718	0.0712	0.0006	2.1951	0.2448	1.9503	0.0080	0.0071	0.0010	0.0014	0.0013	0.0000	0.0067	0.0057	0.0009	0.5070	0.3036	0.2034	0.1889	0.1720	0.0169	0.3182	0.1317	0.1865	0.0000	0.0000	0.0000	0.0000	0.0000	0.0000	0.0000	0.0000	0.0000	4.4711	1.0408	9.5915	0.3804	0.4141	0.0375	6.8991	1.8593	10.4566	
64	78	0.1104	3	0	0	0	1	0	0	0	0	N	N	N	N	N	N	N	N	N	N	N	N	0.0009	0.0000	0.0149	0.0000	0.0000	0.0000	0.0035	0.0000	0.0147	0.0023	0.0000	0.0161	0.0000	0.0000	0.0000	0.0025	0.0000	0.0162	2.5460	3.5181	1.0815	6.6146	6.6053	0.8937	0.7211	0.1748	1.1025	inf	0.2040	0.0000	-0.3503	2.4556	1.4595	12.4191	10.3922	0.0001	0.0000	0.0001	0.0000	0.0000	0.0000	0.0001	0.0000	0.0001	1.2126	1.0071	0.2055	1.0033	0.9862	0.0171	0.2092	0.0209	0.1884	0.0253	0.0217	0.0037	0.0017	0.0016	0.0000	0.0237	0.0200	0.0036	0.4763	0.2863	0.1900	0.1861	0.1670	0.0191	0.2902	0.1193	0.1709	0.0009	0.0000	0.0149	0.0000	0.0000	0.0000	0.0035	0.0000	0.0147	2.5460	3.5181	1.0815	5.3915	5.9067	0.8937	0.7211	0.1748	1.1025
64	79	0.0962	2	0	0	0	1	0	0	0	0	N	N	N	N	N	N	N	N	N	N	N	N	0.1030	0.0062	0.5681	0.1061	0.1351	0.0000	0.1828	0.0000	0.8206	0.1703	0.0096	1.0302	0.2823	0.2994	0.0000	0.1670	0.0000	1.0410	1.6539	1.5450	1.8133	2.6590	2.2159	7.5870	0.9133	0.2696	1.2686	20.0862	0.8021	0.0019	-0.0093	2.4556	1.3861	12.4191	6.3168	0.0038	0.0002	0.0036	0.0002	0.0002	0.0000	0.0036	0.0000	0.0036	0.7018	0.3894	0.3124	0.4787	0.3660	0.1127	0.2231	0.0234	0.1997	0.0222	0.0187	0.0035	0.0006	0.0006	0.0000	0.0215	0.0181	0.0035	0.4243	0.2521	0.1723	0.1800	0.1652	0.0149	0.2443	0.0869	0.1574	0.1030	0.0062	0.5681	0.1061	0.1351	0.0000	0.1828	0.0000	0.8206	1.6539	1.5450	1.8133	2.6590	2.2159	7.5870	0.9133	0.2696	1.2686
64	81	0.5773	7	0	1	1	0	0	0	0	0	N	N	N	N	N	N	N	N	N	N	N	N	0.0018	0.0014	0.0000	0.0002	0.0002	0.0000	0.6443	14.1994	0.0000	0.0000	0.0000	0.0000	0.0000	0.0000	0.0000	0.0000	0.0000	0.0000	0.0041	0.0058	0.0000	0.0069	0.0081	0.0001	0.0000	0.0000	0.0000	0.0000	0.0036	-0.0000	-0.0002	2.4556	2.0162	12.4191	4.5500	0.0000	0.0000	0.0000	0.0000	0.0000	0.0000	0.0000	0.0000	0.0000	0.0005	0.0005	0.0000	0.0005	0.0005	0.0000	0.0000	0.0000	0.0000	0.0344	0.0299	0.0045	0.0131	0.0122	0.0009	0.0213	0.0177	0.0036	0.1335	0.0932	0.0404	0.0792	0.0670	0.0121	0.0544	0.0261	0.0282	0.0018	0.0014	0.0000	0.0002	0.0002	0.0000	0.6443	14.1994	0.0000	0.0041	0.0058	0.0000	0.0069	0.0081	0.0001	0.0000	0.0000	0.0000
64	82	0.1448	5	0	1	1	0	0	0	0	0	N	N	N	N	N	N	N	N	N	N	N	N	0.7861	0.0248	27.2308	0.0593	0.0602	0.0000	40.7438	2.3885	167.1124	0.0253	0.0012	0.1580	0.0067	0.0072	0.0000	0.0265	0.0008	0.1623	0.0322	0.0487	0.0058	0.1124	0.1191	0.0594	0.0006	0.0003	0.0010	23.7380	0.0745	0.0006	-0.0023	2.4556	3.0011	12.4191	3.7015	0.0012	0.0000	0.0011	0.0000	0.0000	0.0000	0.0012	0.0000	0.0011	0.0058	0.0054	0.0004	0.0057	0.0054	0.0003	0.0001	0.0000	0.0001	0.0469	0.0397	0.0072	0.0027	0.0025	0.0002	0.0442	0.0372	0.0070	0.1801	0.1108	0.0693	0.0509	0.0451	0.0057	0.1292	0.0656	0.0636	0.7861	0.0248	27.2308	0.0593	0.0602	0.0000	40.7438	2.3885	167.1124	0.0322	0.0487	0.0058	0.1124	0.1191	0.0594	0.0006	0.0003	0.0010
64	83	0.1333	4	0	1	0	0	0	0	0	0	N	N	N	N	N	N	N	N	N	N	N	N	0.0010	0.0008	0.0010	0.0000	0.0000	0.0000	0.0163	0.0177	0.0038	0.0006	0.0007	0.0001	0.0000	0.0000	0.0000	0.0006	0.0007	0.0001	0.5895	0.8167	0.1368	1.4450	1.5735	0.6532	0.0380	0.0400	0.0356	0.0363	0.0840	-0.0000	-0.0605	2.4556	2.0032	12.4191	4.2039	0.0000	0.0000	0.0000	0.0000	0.0000	0.0000	0.0000	0.0000	0.0000	0.1588	0.1465	0.0123	0.1526	0.1430	0.0096	0.0062	0.0035	0.0027	0.0316	0.0268	0.0049	0.0017	0.0016	0.0001	0.0299	0.0252	0.0048	0.2694	0.1794	0.0900	0.1056	0.0909	0.0147	0.1638	0.0885	0.0753	0.0010	0.0008	0.0010	0.0000	0.0000	0.0000	0.0163	0.0177	0.0038	0.5895	0.8167	0.1368	1.4450	1.5735	0.6532	0.0380	0.0400	0.0356
64	84	0.1301	4	1	0	1	0	0	0	0	0	N	N	N	N	N	N	N	N	N	N	N	N	0.0000	0.0000	0.0000	0.0000	0.0000	0.0000	0.0000	0.0000	0.0000	0.0000	0.0000	0.0000	0.0000	0.0000	0.0000	0.0000	0.0000	0.0000	0.0611	0.0798	0.0335	0.1073	0.1211	0.0252	0.0418	0.0495	0.0345	0.2839	0.0000	-0.0021	2.4556	1.0052	12.4191	4.9545	0.0000	0.0000	0.0000	0.0000	0.0000	0.0000	0.0000	0.0000	0.0000	0.0090	0.0070	0.0020	0.0047	0.0045	0.0002	0.0044	0.0025	0.0018	0.0162	0.0137	0.0025	0.0012	0.0011	0.0001	0.0150	0.0126	0.0024	0.1478	0.0882	0.0596	0.0436	0.0373	0.0063	0.1042	0.0508	0.0534	0.0000	0.0000	0.0000	0.0000	0.0000	0.0000	0.0000	0.0000	0.0000	0.0611	0.0798	0.0335	0.1073	0.1211	0.0252	0.0418	0.0495	0.0345	
64	85	0.1107	3	1	0	1	0	0	0	0	0	N	N	N	N	N	N	N	N	N	N	N	N	0.0000	0.0000	0.0000	0.0000	0.0000	0.0000	0.0000	0.0000	0.0000	0.0000	0.0000	0.0000	0.0000	0.0000	0.0000	0.0000	0.0000	0.0000	1.2021	1.1572	1.2850	0.3527	0.3284	0.4704	1.6404	1.7953	1.4468	0.6019	0.0000	-0.0276	2.4556	0.9968	12.4191	7.6169	0.0000	0.0000	0.0000	0.0000	0.0000	0.0000	0.0000	0.0000	0.0000	0.3346	0.2089	0.1257	0.0334	0.0258	0.0076	0.3012	0.1831	0.1181	0.0158	0.0134	0.0025	0.0007	0.0007	0.0001	0.0151	0.0127	0.0024	0.2784	0.1805	0.0979	0.0947	0.0785	0.0162	0.1836	0.1020	0.0816	0.0000	0.0000	0.0000	0.0000	0.0000	0.0000	0.0000	0.0000	0.0000	1.2021	1.1572	1.2850	0.3527	0.3284	0.4704	1.6404	1.7953	1.4468	
64	86	0.1307	2	1	1	0	0	0	0	0	0	N	N	N	N	N	N	N	N	N	N	N	N	0.0072	0.0066	0.0076	0.0000	0.0000	0.0001	0.0198	0.0506	0.0072	0.0008	0.0009	0.0006	0.0000	0.0000	0.0000	0.0010	0.0010	0.0006	0.1121	0.1287	0.0750	0.1990	0.2195	0.0352	0.0484	0.0206	0.0821	0.1246	0.2594	-0.0000	-0.0162	2.4556	5.8060	12.4191	6.1034	0.0001	0.0001	0.0000	0.0000	0.0000	0.0000	0.0001	0.0001	0.0000	0.0643	0.0510	0.0132	0.0483	0.0473	0.0009	0.0160	0.0037	0.0123	0.1112	0.0936	0.0176	0.0175	0.0167	0.0008	0.0937	0.0769	0.0168	0.5731	0.3966	0.1765	0.2425	0.2156	0.0269	0.3306	0.1810	0.1496	0.0072	0.0066	0.0076	0.0000	0.0000	0.0001	0.0198	0.0506	0.0072	0.1121	0.1287	0.0750	0.1990	0.2195	0.0352	0.0484	0.0206	0.0821
64	88	0.1333	4	0	1	0	0	0	0	0	0	N	N	N	N	N	N	N	N	N	N	N	N	0.0002	0.0002	0.0000	0.0000	0.0000	0.0000	0.0002	0.0002	0.0000	0.0002	0.0002	0.0000	0.0000	0.0000	0.0000	0.0002	0.0002	0.0000	0.8709	0.8700	0.8725	0.3655	0.3591	0.4027	1.1133	1.2636	0.9432	0.0000	0.5758	-0.0000	-0.0324	2.4556	4.0005	12.4191	9.0093	0.0000	0.0000	0.0000	0.0000	0.0000	0.0000	0.0000	0.0000	0.0000	0.3487	0.2213	0.1274	0.0474	0.0398	0.0077	0.3013	0.1816	0.1197	0.0625	0.0529	0.0096	0.0033	0.0031	0.0002	0.0592	0.0498	0.0094	0.4004	0.2544	0.1461	0.1298	0.1107	0.0191	0.2706	0.1437	0.1270	0.0002	0.0002	0.0000	0.0000	0.0000	0.0000	0.0002	0.0002	0.0000	0.8709	0.8700	0.8725	0.3655	0.3591	0.4027	1.1133	1.2636	0.9432
64	89	0.1107	3	0	1	0	0	0	0	0	0	N	N	N	N	N	N	N	N	N	N	N	N	0.0000	0.0000	0.0000	0.0000	0.0000	0.0000	0.0000	0.0000	0.0000	0.0000	0.0000	0.0000	0.0000	0.0000	0.0000	0.0000	0.0000	0.0000	2.5803	3.7722	0.4547	11.5240	13.2573	0.5263	0.4585	0.4722	0.4417	0.3636	0.0676	-0.0000	-0.3187	2.4556	1.0051	12.4191	9.2650	0.0000	0.0000	0.0000	0.0000	0.0000	0.0000	0.0000	0.0000	0.0000	0.8066	0.7556	0.0511	0.7100	0.7009	0.0091	0.0967	0.0547	0.0420	0.0160	0.0135	0.0025	0.0007	0.0007	0.0001	0.0152	0.0128	0.0024	0.3126	0.2003	0.1123	0.1017	0.0845	0.0173	0.2109	0.1158	0.0950	0.0000	0.0000	0.0000	0.0000	0.0000	0.0000	0.0000	0.0000	0.0000	2.5803	3.7722	0.4547	6.9782	8.2980	0.5263	0.4585	0.4722	0.4417
64	90	0.1591	3	0	0	1	0	0	0	0	0	N	N	N	N	N	N	N	N	N	N	N	N	0.1202	0.1582	0.1296	0.0938	0.1152	0.0004	0.1493	0.5587	0.1517	0.0121	0.0106	0.0217	0.0127	0.0132	0.0001	0.0121	0.0101	0.0226	0.1010	0.0669	0.1677	0.1348	0.1143	0.3112	0.0808	0.0181	0.1490	0.3330	1.2824	-0.0001	0.0029	2.4556	2.3559	12.4191	7.1930	0.0005	0.0004	0.0001	0.0001	0.0001	0.0000	0.0004	0.0003	0.0001	0.0283	0.0124	0.0159	0.0141	0.0107	0.0034	0.0141	0.0017	0.0125	0.0406	0.0350	0.0057	0.0056	0.0053	0.0002	0.0351	0.0296	0.0054	0.2798	0.1851	0.0947	0.1048	0.0939	0.0109	0.1750	0.0912	0.0838	0.1202	0.1582	0.1296	0.0938	0.1152	0.0004	0.1493	0.5587	0.1517	0.1010	0.0669	0.1677	0.1348	0.1143	0.3112	0.0808	0.0181	0.1490
64	91	0.1263	2	0	0	0	0	0	0	0	0	N	N	N	N	N	N	N	N	N	N	N	N	2.4974	19.8543	0.0244	2.2830	13.8405	0.0001	1.9183	11.7812	0.0258	5.8516	6.6645	0.1506	1.7055	1.7286	0.0004	7.0709	8.3645	0.1544	2.3431	0.3357	6.1801	0.7471	0.1249	7.8238	3.6861	0.7100	5.9821	0.0032	9.6325	-0.3256	0.9641	2.4556	4.9284	12.4191	11.0439	0.7435	0.7411	0.0024	0.0492	0.0492	0.0000	0.6942	0.6918	0.0024	2.1540	0.2026	1.9515	0.3138	0.0482	0.2656	1.8402	0.1544	1.6859	0.1271	0.1112	0.0159	0.0289	0.0285	0.0004	0.0982	0.0827	0.0155	0.9193	0.6035	0.3158	0.4201	0.3861	0.0339	0.4992	0.2174	0.2818	2.4974	19.8543	0.0244	2.2830	13.8405	0.0001	1.9183	11.7812	0.0258	2.3431	0.3357	6.1801	0.7471	0.1249	7.8238	3.6861	0.7100	5.9821
64	93	0.5773	7	1	1	0	0	0	0	0	0	N	N	N	N	N	N	N	N	N	N	N	N	0.0007	0.0006	0.0000	0.0012	0.0011	0.0000	0.0000	0.0000	0.0000	0.0007	0.0008	0.0000	0.0018	0.0020	0.0000	0.0000	0.0000	0.0000	0.9970	1.3970	0.0762	1.5074	1.7800	0.0820	0.2624	0.4571	0.0736	0.0000	0.0237	-0.0000	-0.0788	2.4556	2.5103	12.4191	7.4742	0.0000	0.0000	0.0000	0.0000	0.0000	0.0000	0.0000	0.0000	0.0000	0.1811	0.1769	0.0042	0.1615	0.1601	0.0014	0.0195	0.0168	0.0028	0.0408	0.0355	0.0053	0.0152	0.0142	0.0010	0.0256	0.0213	0.0043	0.1816	0.1266	0.0550	0.1072	0.0900	0.0172	0.0745	0.0367	0.0378	0.0007	0.0006	0.0000	0.0012	0.0011	0.0000	0.0000	0.0000	0.0000	0.9970	1.3970	0.0762	1.5074	1.7800	0.0820	0.2624	0.4571	0.0736
64	94	0.5411	6	0	1	0	0	0	0	0	0	N	N	N	N	N	N	N	N	N	N	N	N	0.0007	0.0006	0.0001	0.0000	0.0000	0.0000	0.0023	0.0530	0.0001	0.0008	0.0009	0.0000	0.0000	0.0000	0.0000	0.0012	0.0014	0.0001	1.1621	1.3907	0.6406	1.6010	1.9267	0.0144	0.4991	0.0257	0.9577	0.0075	0.2020	-0.0000	-0.0745	2.4556	7.1305	12.4191	3.2426	0.0001	0.0001	0.0000	0.0000	0.0000	0.0000	0.0001	0.0001	0.0000	0.2565	0.2134	0.0431	0.2126	0.2123	0.0003	0.0439	0.0011	0.0428	0.1324	0.1165	0.0159	0.0457	0.0433	0.0024	0.0867	0.0731	0.0135	0.2207	0.1534	0.0673	0.1328	0.1102	0.0226	0.0879	0.0433	0.0447	0.0007	0.0006	0.0001	0.0000	0.0000	0.0000	0.0023	0.0530	0.0001	1.1621	1.3907	0.6406	1.6010	1.9267	0.0144	0.4991	0.0257	0.9577
64	95	0.1107	3	1	1	0	0	0	0	0	0	N	N	N	N	N	N	N	N	N	N	N	N	0.0068	0.0000	0.0807	0.0000	0.0000	0.0000	0.0249	0.0069	0.0753	0.0212	0.0001	0.1379	0.0000	0.0000	0.0000	0.0223	0.0001	0.1410	3.1052	4.0092	1.7095	20.4785	24.0641	0.3367	0.8939	0.0147	1.8724	260.0000	0.2762	0.0014	-0.5217	2.4556	8.0000	12.4191	22.5660	0.0026	0.0000	0.0026	0.0000	0.0000	0.0000	0.0026	0.0000	0.0026	2.1561	1.6895	0.4666	1.6952	1.6855	0.0098	0.4609	0.0040	0.4569	0.1230	0.1041	0.0189	0.0058	0.0053	0.0004	0.1172	0.0988	0.0184	0.6944	0.4214	0.2730	0.1788	0.1498	0.0290	0.5156	0.2716	0.2440	0.0068	0.0000	0.0807	0.0000	0.0000	0.0000	0.0249	0.0069	0.0753	3.1052	4.0092	1.7095	9.4830	11.2513	0.3367	0.8939	0.0147	1.8724
64	98	0.1412	5	1	1	1	0	0	0	0	0	N	N	N	N	N	N	N	N	N	N	N	N	0.0000	0.0000	0.0000	0.0000	0.0000	0.0000	0.0000	0.0000	0.0000	0.0000	0.0000	0.0000	0.0000	0.0000	0.0000	0.0000	0.0000	0.0000	1.2167	1.8351	0.2444	3.6269	4.0767	1.4774	0.0272	0.0227	0.0317	0.0847	0.0000	-0.1765	2.4556	0.9502	12.4191	16.1595	0.0000	0.0000	0.0000	0.0000	0.0000	0.0000	0.0000	0.0000	0.0000	0.4641	0.4279	0.0362	0.4572	0.4249	0.0322	0.0069	0.0029	0.0040	0.0179	0.0154	0.0025	0.0028	0.0027	0.0001	0.0152	0.0127	0.0024	0.3814	0.2332	0.1483	0.1260	0.1042	0.0218	0.2554	0.1289	0.1265	0.0000	0.0000	0.0000	0.0000	0.0000	0.0000	0.0000	0.0000	0.0000	1.2167	1.8351	0.2444	3.6269	4.0767	1.4774	0.0272	0.0227	0.0317	
64	100	0.1442	6	1	0	1	0	0	0	0	0	N	N	N	N	N	N	N	N	N	N	N	N	0.0000	0.0000	0.0000	0.0000	0.0000	0.0000	0.0000	0.0000	0.0000	0.0000	0.0000	0.0000	0.0000	0.0000	0.0000	0.0000	0.0000	0.0000	4.5526	4.7669	3.3261	17.7854	20.1148	0.0044	1.9995	0.0471	3.8842	0.4635	0.0000	-0.1973	2.4556	1.0008	12.4191	13.9255	0.0000	0.0000	0.0000	0.0000	0.0000	0.0000	0.0000	0.0000	0.0000	1.3929	0.9517	0.4412	0.9466	0.9465	0.0001	0.4462	0.0052	0.4411	0.0159	0.0135	0.0024	0.0014	0.0013	0.0001	0.0145	0.0122	0.0023	0.3343	0.2016	0.1326	0.1111	0.0920	0.0191	0.2232	0.1096	0.1136	0.0000	0.0000	0.0000	0.0000	0.0000	0.0000	0.0000	0.0000	0.0000	4.1668	4.7198	3.3261	8.5200	10.2856	0.0044	1.9995	0.0471	3.8842	
64	101	0.1412	5	1	0	1	0	0	0	0	0	N	N	N	N	N	N	N	N	N	N	N	N	0.0000	0.0000	0.0000	0.0000	0.0000	0.0000	0.0000	0.0000	0.0000	0.0000	0.0000	0.0000	0.0000	0.0000	0.0000	0.0000	0.0000	0.0000	0.3121	0.2425	0.4565	0.1457	0.1543	0.1023	0.4711	0.3778	0.5726	0.9066	0.0000	0.0005	2.4556	0.0532	12.4191	2.0467	0.0000	0.0000	0.0000	0.0000	0.0000	0.0000	0.0000	0.0000	0.0000	0.0285	0.0149	0.0136	0.0065	0.0058	0.0007	0.0220	0.0092	0.0128	0.0038	0.0034	0.0004	0.0015	0.0015	0.0000	0.0022	0.0019	0.0004	0.0913	0.0616	0.0297	0.0446	0.0373	0.0073	0.0467	0.0243	0.0224	0.0000	0.0000	0.0000	0.0000	0.0000	0.0000	0.0000	0.0000	0.0000	0.3121	0.2425	0.4565	0.1457	0.1543	0.1023	0.4711	0.3778	0.5726	
64	102	0.1316	4	1	0	1	0	0	0	0	0	N	N	N	N	N	N	N	N	N	N	N	N	0.0000	0.0000	0.0000	0.0000	0.0000	0.0000	0.0000	0.0000	0.0000	0.0000	0.0000	0.0000	0.0000	0.0000	0.0000	0.0000	0.0000	0.0000	5.8957	4.4459	6.1422	0.2783	0.2901	0.2190	8.0198	8.4715	7.4872	0.7304	0.0000	-0.0284	2.4556	2.0948	12.4191	3.0326	0.0000	0.0000	0.0000	0.0000	0.0000	0.0000	0.0000	0.0000	0.0000	0.7821	0.4520	0.3301	0.0167	0.0145	0.0022	0.7654	0.4375	0.3279	0.0359	0.0306	0.0053	0.0043	0.0040	0.0003	0.0316	0.0266	0.0050	0.1554	0.1017	0.0537	0.0600	0.0500	0.0099	0.0954	0.0516	0.0438	0.0000	0.0000	0.0000	0.0000	0.0000	0.0000	0.0000	0.0000	0.0000	5.0325	4.4459	6.1422	0.2783	0.2901	0.2190	8.0198	8.4715	7.4872	
64	103	0.1107	3	1	0	1	0	0	0	0	0	N	N	N	N	N	N	N	N	N	N	N	N	0.0000	0.0000	0.0000	0.0000	0.0000	0.0000	0.0000	0.0000	0.0000	0.0000	0.0000	0.0000	0.0000	0.0000	0.0000	0.0000	0.0000	0.0000	1.3374	1.3111	1.3857	0.3750	0.3553	0.4703	1.8301	2.0425	1.5656	0.5752	0.0000	-0.0352	2.4556	3.9484	12.4191	4.8420	0.0000	0.0000	0.0000	0.0000	0.0000	0.0000	0.0000	0.0000	0.0000	0.3772	0.2395	0.1377	0.0358	0.0281	0.0077	0.3414	0.2113	0.1301	0.0618	0.0523	0.0095	0.0029	0.0027	0.0002	0.0589	0.0496	0.0093	0.2820	0.1826	0.0994	0.0955	0.0792	0.0163	0.1865	0.1035	0.0831	0.0000	0.0000	0.0000	0.0000	0.0000	0.0000	0.0000	0.0000	0.0000	1.3374	1.3111	1.3857	0.3750	0.3553	0.4703	1.8301	2.0425	1.5656	
64	104	0.0691	2	0	1	0	0	0	0	0	0	N	N	N	N	N	N	N	N	N	N	N	N	0.1867	0.0034	50.8212	0.0249	0.0251	0.0026	0.3003	0.0000	52.4201	0.0457	0.0014	0.2881	0.0152	0.0162	0.0000	0.0483	0.0000	0.2976	0.2446	0.4213	0.0057	0.6099	0.6448	0.0053	0.1609	0.3225	0.0057	36.8450	0.0100	0.0035	-0.1052	2.4556	8.9557	12.4191	32.3127	0.0066	0.0002	0.0064	0.0002	0.0002	0.0000	0.0064	0.0000	0.0064	0.2345	0.2322	0.0023	0.1090	0.1090	0.0001	0.1255	0.1233	0.0023	0.1439	0.1217	0.0222	0.0114	0.0107	0.0007	0.1324	0.1109	0.0215	0.9590	0.5512	0.4078	0.1787	0.1690	0.0098	0.7803	0.3823	0.3980	0.1867	0.0034	50.8212	0.0249	0.0251	0.0026	0.3003	0.0000	52.4201	0.2446	0.4213	0.0057	0.6099	0.6448	0.0053	0.1609	0.3225	0.0057
64	105	0.0945	3	0	0	1	0	0	0	0	0	N	N	N	N	N	N	N	N	N	N	N	N	0.0034	0.0025	0.0072	0.0214	0.0205	0.0000	0.0002	0.0000	0.0083	0.0006	0.0006	0.0001	0.0044	0.0046	0.0000	0.0000	0.0000	0.0001	0.1625	0.2609	0.0180	0.2037	0.2225	0.0503	0.1526	0.2766	0.0162	0.0388	0.0469	-0.0000	-0.0189	2.4556	4.2679	12.4191	7.8415	0.0000	0.0000	0.0000	0.0000	0.0000	0.0000	0.0000	0.0000	0.0000	0.0456	0.0436	0.0020	0.0111	0.0108	0.0003	0.0345	0.0328	0.0017	0.0767	0.0644	0.0123	0.0095	0.0090	0.0004	0.0672	0.0553	0.0119	0.2805	0.1669	0.1136	0.0544	0.0485	0.0059	0.2261	0.1185	0.1076	0.0034	0.0025	0.0072	0.0214	0.0205	0.0000	0.0002	0.0000	0.0083	0.1625	0.2609	0.0180	0.2037	0.2225	0.0503	0.1526	0.2766	0.0162
64	106	0.0691	2	0	0	0	0	0	0	0	0	N	N	N	N	N	N	N	N	N	N	N	N	0.0018	0.0028	0.0015	0.0397	0.0397	0.0004	0.0003	0.0000	0.0015	0.0062	0.0059	0.0078	0.0368	0.0381	0.0001	0.0014	0.0000	0.0080	3.4181	2.1484	5.1956	0.9247	0.9597	0.1686	4.5749	3.4321	5.3709	0.2508	1.7276	-0.0001	0.2820	2.4556	1.9301	12.4191	9.0954	0.0002	0.0002	0.0000	0.0002	0.0002	0.0000	0.0000	0.0000	0.0000	1.6115	0.5908	1.0207	0.1382	0.1370	0.0011	1.4734	0.4538	1.0196	0.0367	0.0309	0.0059	0.0050	0.0048	0.0002	0.0318	0.0261	0.0057	0.4715	0.2750	0.1965	0.1494	0.1428	0.0066	0.3221	0.1322	0.1898	0.0018	0.0028	0.0015	0.0397	0.0397	0.0004	0.0003	0.0000	0.0015	3.4181	2.1484	5.1956	0.9247	0.9597	0.1686	4.5749	3.4321	5.3709
64	108	0.0579	3	0	1	0	0	0	0	0	0	N	N	N	N	N	N	N	N	N	N	N	N	15.8683	0.0223	45.2556	0.8145	0.0366	88.1451	13.7066	0.0213	44.4750	7.7261	0.0016	48.6068	0.0528	0.0024	3.8905	7.9569	0.0015	48.7136	0.4869	0.0700	1.0741	0.0649	0.0659	0.0441	0.5805	0.0717	1.0953	5897.3643	10.8972	0.5568	0.1641	2.4556	8.0392	12.4191	22.6195	0.9966	0.0002	0.9964	0.0002	0.0000	0.0002	0.9964	0.0002	0.9962	0.3587	0.0301	0.3285	0.0087	0.0084	0.0003	0.3500	0.0217	0.3283	0.1290	0.1085	0.0205	0.0038	0.0037	0.0000	0.1252	0.1048	0.0205	0.7367	0.4308	0.3059	0.1338	0.1276	0.0062	0.6029	0.3032	0.2997	15.8683	0.0223	45.2556	0.8145	0.0366	88.1451	13.7066	0.0213	44.4750	0.4869	0.0700	1.0741	0.0649	0.0659	0.0441	0.5805	0.0717	1.0953
64	109	0.0579	2	0	0	0	0	0	0	0	0	N	N	N	N	N	N	N	N	N	N	N	N	0.5651	0.4642	0.9594	0.6682	0.6628	2.1226	0.5128	0.2103	0.9499	0.7748	0.5042	1.9048	1.1480	1.1484	0.4478	0.5847	0.0412	1.9062	1.3711	1.0861	1.9853	1.7181	1.7325	0.2110	1.1403	0.1960	2.0067	0.9049	0.8482	0.0003	0.0001	2.4556	0.2031	12.4191	2.0398	0.0076	0.0040	0.0036	0.0038	0.0038	0.0000	0.0038	0.0002	0.0036	0.2586	0.1399	0.1187	0.1295	0.1293	0.0002	0.1292	0.0106	0.1185	0.0098	0.0079	0.0019	0.0033	0.0033	0.0000	0.0065	0.0046	0.0019	0.1886	0.1288	0.0598	0.0753	0.0746	0.0007	0.1133	0.0542	0.0591	0.5651	0.4642	0.9594	0.6682	0.6628	2.1226	0.5128	0.2103	0.9499	1.3711	1.0861	1.9853	1.7181	1.7325	0.2110	1.1403	0.1960	2.0067
64	110	0.6385	8	1	0	1	0	0	0	0	0	N	N	N	N	N	N	N	N	N	N	N	N	0.0000	0.0000	0.0000	0.0000	0.0000	0.0000	0.0000	0.0000	0.0000	0.0000	0.0000	0.0000	0.0000	0.0000	0.0000	0.0000	0.0000	0.0000	0.0034	0.0059	0.0001	0.0066	0.0066	0.0009	0.0001	0.0001	0.0001	0.0105	0.0000	-0.0000	2.4556	0.0001	12.4191	0.0001	0.0000	0.0000	0.0000	0.0000	0.0000	0.0000	0.0000	0.0000	0.0000	0.0000	0.0000	0.0000	0.0000	0.0000	0.0000	0.0000	0.0000	0.0000	0.0017	0.0013	0.0004	0.0008	0.0008	0.0000	0.0008	0.0005	0.0004	0.0003	0.0002	0.0001	0.0001	0.0001	0.0000	0.0001	0.0000	0.0001	0.0000	0.0000	0.0000	0.0000	0.0000	0.0000	0.0000	0.0000	0.0000	0.0034	0.0059	0.0001	0.0066	0.0066	0.0009	0.0001	0.0001	0.0001	
64	111	0.6246	7	1	0	1	0	0	0	0	0	N	N	N	N	N	N	N	N	N	N	N	N	0.0000	0.0000	0.0000	0.0000	0.0000	0.0000	0.0000	0.0000	0.0000	0.0000	0.0000	0.0000	0.0000	0.0000	0.0000	0.0000	0.0000	0.0000	0.1703	0.2338	0.0233	0.2438	0.2990	0.0047	0.0223	0.0060	0.0366	0.0000	0.0430	-0.0000	-0.0077	2.4556	1.6718	12.4191	2.9223	0.0000	0.0000	0.0000	0.0000	0.0000	0.0000	0.0000	0.0000	0.0000	0.0185	0.0177	0.0008	0.0177	0.0176	0.0001	0.0008	0.0001	0.0007	0.0272	0.0236	0.0036	0.0073	0.0069	0.0004	0.0200	0.0167	0.0032	0.1086	0.0759	0.0327	0.0726	0.0590	0.0136	0.0360	0.0169	0.0191	0.0000	0.0000	0.0000	0.0000	0.0000	0.0000	0.0000	0.0000	0.0000	0.1703	0.2338	0.0233	0.2438	0.2990	0.0047	0.0223	0.0060	0.0366
64	112	0.5411	6	1	0	1	0	0	0	0	0	N	N	N	N	N	N	N	N	N	N	N	N	0.0001	0.0001	0.0000	0.0001	0.0001	0.0000	0.0000	0.0000	0.0000	0.0001	0.0001	0.0000	0.0004	0.0004	0.0000	0.0000	0.0000	0.0000	2.2073	2.6537	1.2140	3.2022	3.7489	0.5458	0.8426	0.1557	1.5262	0.0010	0.2056	-0.0000	-0.2368	2.4556	14.0283	12.4191	7.1084	0.0000	0.0000	0.0000	0.0000	0.0000	0.0000	0.0000	0.0000	0.0000	0.8228	0.6825	0.1403	0.6904	0.6703	0.0201	0.1324	0.0122	0.1202	0.2116	0.1849	0.0267	0.0639	0.0600	0.0039	0.1477	0.1249	0.0228	0.3728	0.2572	0.1156	0.2156	0.1788	0.0368	0.1572	0.0784	0.0788	0.0001	0.0001	0.0000	0.0001	0.0001	0.0000	0.0000	0.0000	0.0000	2.2073	2.6537	1.2140	3.2022	3.7489	0.5458	0.8426	0.1557	1.5262
64	113	0.4808	5	0	0	0	0	0	0	0	0	N	N	N	N	N	N	N	N	N	N	N	N	0.0002	0.0002	0.0000	0.0002	0.0002	0.0000	0.0003	0.0075	0.0000	0.0002	0.0002	0.0000	0.0002	0.0002	0.0000	0.0002	0.0002	0.0000	1.0133	0.9590	1.1318	1.2325	1.3645	0.5120	0.7295	0.0326	1.3705	0.0065	0.5410	-0.0000	-0.0464	2.4556	8.6129	12.4191	5.1709	0.0000	0.0000	0.0000	0.0000	0.0000	0.0000	0.0000	0.0000	0.0000	0.4327	0.2808	0.1519	0.2970	0.2779	0.0191	0.1357	0.0029	0.1328	0.1806	0.1592	0.0214	0.0563	0.0536	0.0027	0.1243	0.1056	0.0187	0.4270	0.2928	0.1342	0.2409	0.2036	0.0373	0.1860	0.0891	0.0969	0.0002	0.0002	0.0000	0.0002	0.0002	0.0000	0.0003	0.0075	0.0000	1.0133	0.9590	1.1318	1.2325	1.3645	0.5120	0.7295	0.0326	1.3705
64	114	0.3857	4	0	0	0	0	0	0	0	0	N	N	N	N	N	N	N	N	N	N	N	N	0.0055	0.0085	0.0071	0.0206	0.0200	0.0140	0.0026	0.0098	0.0061	0.0033	0.0024	0.0088	0.0075	0.0079	0.0027	0.0022	0.0009	0.0096	0.6035	0.2836	1.2444	0.3620	0.3920	0.1963	0.8527	0.0869	1.5634	0.5841	2.1900	-0.0001	0.1222	2.4556	16.8607	12.4191	22.7724	0.0009	0.0005	0.0003	0.0004	0.0004	0.0000	0.0005	0.0002	0.0003	0.5358	0.1680	0.3678	0.1632	0.1497	0.0135	0.3726	0.0183	0.3543	0.2632	0.2267	0.0365	0.0548	0.0507	0.0041	0.2084	0.1760	0.0324	0.8877	0.5921	0.2956	0.4508	0.3818	0.0690	0.4369	0.2103	0.2266	0.0055	0.0085	0.0071	0.0206	0.0200	0.0140	0.0026	0.0098	0.0061	0.6035	0.2836	1.2444	0.3620	0.3920	0.1963	0.8527	0.0869	1.5634
64	115	0.1170	3	1	0	1	0	0	0	0	0	N	N	N	N	N	N	N	N	N	N	N	N	0.0000	0.0000	0.0000	0.0000	0.0000	0.0000	0.0000	0.0000	0.0000	0.0000	0.0000	0.0000	0.0000	0.0000	0.0000	0.0000	0.0000	0.0000	0.0025	0.0027	0.0020	0.0017	0.0016	0.0048	0.0028	0.0036	0.0019	0.3933	0.0000	-0.0001	2.4556	1.0009	12.4191	4.0038	0.0000	0.0000	0.0000	0.0000	0.0000	0.0000	0.0000	0.0000	0.0000	0.0005	0.0003	0.0001	0.0001	0.0001	0.0000	0.0004	0.0002	0.0001	0.0169	0.0144	0.0026	0.0013	0.0012	0.0001	0.0157	0.0132	0.0025	0.1865	0.1216	0.0649	0.0563	0.0545	0.0018	0.1302	0.0670	0.0632	0.0000	0.0000	0.0000	0.0000	0.0000	0.0000	0.0000	0.0000	0.0000	0.0025	0.0027	0.0020	0.0017	0.0016	0.0048	0.0028	0.0036	0.0019	
64	116	0.0886	2	1	0	1	0	0	0	0	0	N	N	N	N	N	N	N	N	N	N	N	N	0.0046	0.0028	0.0157	0.0198	0.0203	0.0000	0.0032	0.0000	0.0166	0.0012	0.0009	0.0030	0.0133	0.0141	0.0000	0.0005	0.0000	0.0031	0.2660	0.3145	0.1936	0.6727	0.6925	0.3768	0.1558	0.1253	0.1873	0.6249	0.4117	-0.0000	-0.0148	2.4556	1.8441	12.4191	10.4794	0.0000	0.0000	0.0000	0.0000	0.0000	0.0000	0.0000	0.0000	0.0000	0.0887	0.0628	0.0259	0.0478	0.0461	0.0017	0.0409	0.0167	0.0242	0.0300	0.0253	0.0047	0.0017	0.0016	0.0001	0.0283	0.0237	0.0046	0.3333	0.1997	0.1336	0.0711	0.0666	0.0044	0.2623	0.1331	0.1291	0.0046	0.0028	0.0157	0.0198	0.0203	0.0000	0.0032	0.0000	0.0166	0.2660	0.3145	0.1936	0.6727	0.6925	0.3768	0.1558	0.1253	0.1873
64	117	0.2729	2	0	1	0	1	0	0	0	0	N	N	N	N	N	N	N	N	N	N	N	N	0.0293	0.0040	0.4192	0.0187	0.0109	0.3855	0.0865	0.0038	0.4608	0.0131	0.0023	0.0823	0.0144	0.0091	0.1168	0.0128	0.0005	0.0797	0.4484	0.5676	0.1963	0.7674	0.8299	0.3030	0.1484	0.1225	0.1731	5.7023	0.1637	0.0010	-0.1425	2.4556	10.5071	12.4191	20.2622	0.0024	0.0004	0.0021	0.0005	0.0003	0.0002	0.0019	0.0001	0.0019	0.4486	0.3855	0.0631	0.3720	0.3546	0.0174	0.0765	0.0308	0.0457	0.1861	0.1608	0.0253	0.0354	0.0337	0.0017	0.1506	0.1271	0.0235	1.0005	0.6791	0.3214	0.4848	0.4273	0.0575	0.5156	0.2517	0.2639	0.0293	0.0040	0.4192	0.0187	0.0109	0.3855	0.0865	0.0038	0.4608	0.4484	0.5676	0.1963	0.7674	0.8299	0.3030	0.1484	0.1225	0.1731
64	119	0.0752	2	0	1	0	0	0	0	0	0	N	N	N	N	N	N	N	N	N	N	N	N	0.0001	0.0003	0.0001	0.0000	0.0000	0.0000	0.0001	0.0003	0.0001	0.0004	0.0004	0.0003	0.0000	0.0000	0.0000	0.0004	0.0004	0.0003	3.2418	1.1916	6.2324	2.9814	1.0135	82.9510	3.3033	1.2708	5.3978	0.1628	3.5856	-0.0000	0.6735	2.4556	3.8169	12.4191	21.2433	0.0000	0.0000	0.0000	0.0000	0.0000	0.0000	0.0000	0.0000	0.0000	2.0816	0.4539	1.6277	0.3656	0.1189	0.2467	1.7160	0.3351	1.3810	0.0657	0.0554	0.0103	0.0040	0.0040	0.0001	0.0617	0.0514	0.0102	0.6421	0.3810	0.2612	0.1226	0.1173	0.0053	0.5195	0.2637	0.2558	0.0001	0.0003	0.0001	0.0000	0.0000	0.0000	0.0001	0.0003	0.0001	3.2418	1.1916	6.2324	2.9814	1.0135	46.3665	3.3033	1.2708	5.3978
64	120	0.4209	6	0	1	0	0	0	0	0	0	N	N	N	N	N	N	N	N	N	N	N	N	0.8035	2.2270	0.0001	2.2468	5.7521	0.0000	0.0246	0.1445	0.0002	2.9855	3.4322	0.0007	11.3426	11.9746	0.0004	0.0582	0.0690	0.0007	3.7156	1.5412	12.0894	5.0483	2.0818	25.7800	2.3705	0.4773	4.3434	0.0000	2.5742	-0.3752	1.3540	2.4556	16.3276	12.4191	34.9199	0.8506	0.8506	0.0000	0.8383	0.8383	0.0000	0.0123	0.0123	0.0000	5.1710	1.4468	3.7242	3.7017	1.2958	2.4059	1.4693	0.1510	1.3183	0.2849	0.2478	0.0371	0.0739	0.0700	0.0039	0.2110	0.1778	0.0332	1.3917	0.9387	0.4530	0.7719	0.6224	0.1495	0.6198	0.3163	0.3035	0.8035	2.2270	0.0001	2.3652	5.7521	0.0000	0.0246	0.1445	0.0002	3.7156	1.5412	8.2216	4.7956	2.0818	16.0974	2.3705	0.4773	4.3434
64	121	0.4035	5	0	1	0	0	0	0	0	0	N	N	N	N	N	N	N	N	N	N	N	N	0.7150	1.0584	0.0140	2.4166	3.3729	0.0556	0.0039	0.0020	0.0122	1.8169	2.0961	0.0543	7.7329	8.0976	0.3680	0.0061	0.0021	0.0267	2.5412	1.9806	3.8704	3.1999	2.4008	6.6156	1.5720	1.0622	2.1844	0.0041	0.8243	-0.0900	-0.0157	2.4556	6.1757	12.4191	14.5601	0.2058	0.2050	0.0008	0.2053	0.2049	0.0005	0.0005	0.0002	0.0004	2.4057	1.3187	1.0870	1.8036	1.0966	0.7069	0.6021	0.2220	0.3801	0.1133	0.0978	0.0155	0.0266	0.0253	0.0013	0.0867	0.0725	0.0142	0.9467	0.6658	0.2808	0.5636	0.4568	0.1069	0.3830	0.2090	0.1740	0.7150	1.0584	0.0140	2.4166	3.3729	0.0556	0.0039	0.0020	0.0122	2.5412	1.9806	3.8704	3.1999	2.4008	6.6156	1.5720	1.0622	2.1844
64	122	0.3505	4	0	0	0	0	0	0	0	0	N	N	N	N	N	N	N	N	N	N	N	N	0.0104	0.0118	0.0074	0.0151	0.0180	0.0169	0.0087	0.0081	0.0056	0.0281	0.0286	0.0250	0.0414	0.0363	0.1306	0.0234	0.0256	0.0123	2.7112	2.4183	3.3649	2.7375	2.0158	7.7213	2.6841	3.1410	2.2240	0.1340	0.6236	-0.0013	-0.1929	2.4556	7.5400	12.4191	21.4192	0.0041	0.0036	0.0005	0.0016	0.0013	0.0003	0.0025	0.0023	0.0002	2.5959	1.5989	0.9970	1.3309	0.8561	0.4748	1.2650	0.7429	0.5222	0.1458	0.1264	0.0194	0.0382	0.0361	0.0021	0.1076	0.0903	0.0173	0.9575	0.6612	0.2963	0.4862	0.4247	0.0615	0.4713	0.2365	0.2348	0.0104	0.0118	0.0074	0.0151	0.0180	0.0169	0.0087	0.0081	0.0056	2.7112	2.4183	3.3649	2.7375	2.0158	7.7213	2.6841	3.1410	2.2240
64	123	0.1107	3	0	1	0	0	0	0	0	0	N	N	N	N	N	N	N	N	N	N	N	N	0.0000	0.0000	0.0000	0.0000	0.0000	0.0000	0.0000	0.0000	0.0000	0.0000	0.0000	0.0000	0.0000	0.0000	0.0000	0.0000	0.0000	0.0000	3.6872	3.1785	4.4920	11.7580	13.2486	0.3843	2.4616	0.1923	5.0209	0.8933	0.0000	0.0283	2.4556	4.0019	12.4191	19.5615	0.0000	0.0000	0.0000	0.0000	0.0000	0.0000	0.0000	0.0000	0.0000	2.1024	1.1104	0.9920	1.0777	1.0680	0.0097	1.0247	0.0424	0.9823	0.0627	0.0530	0.0097	0.0029	0.0027	0.0002	0.0597	0.0503	0.0095	0.5702	0.3494	0.2208	0.1539	0.1287	0.0252	0.4163	0.2206	0.1956	0.0000	0.0000	0.0000	0.0000	0.0000	0.0000	0.0000	0.0000	0.0000	3.6872	3.1785	4.4920	7.0022	8.2976	0.3843	2.4616	0.1923	5.0209	
64	124	0.0886	2	0	0	0	0	0	0	0	0	N	N	N	N	N	N	N	N	N	N	N	N	0.0003	0.0002	0.0004	0.0324	0.0371	0.0000	0.0000	0.0000	0.0004	0.0012	0.0013	0.0003	0.0178	0.0188	0.0000	0.0000	0.0000	0.0003	4.2367	7.4146	0.6981	0.5494	0.5056	1.2320	5.0310	9.2762	0.6786	0.0388	0.0738	-0.0000	-0.4269	2.4556	1.2223	12.4191	8.2281	0.0000	0.0000	0.0000	0.0000	0.0000	0.0000	0.0000	0.0000	0.0000	1.0959	1.0205	0.0754	0.0347	0.0300	0.0047	1.0611	0.9904	0.0707	0.0202	0.0170	0.0031	0.0013	0.0012	0.0001	0.0189	0.0158	0.0031	0.2741	0.1662	0.1080	0.0632	0.0594	0.0038	0.2109	0.1068	0.1041	0.0003	0.0002	0.0004	0.0324	0.0371	0.0000	0.0000	0.0000	0.0004	3.9975	6.1407	0.6981	0.5494	0.5056	1.2320	5.0310	9.2762	0.6786
64	126	0.0739	3	0	1	0	0	0	0	0	0	N	N	N	N	N	N	N	N	N	N	N	N	0.0076	0.0325	0.0112	0.2433	0.2477	0.0003	0.0064	0.0035	0.0141	0.0340	0.0040	0.1914	0.0497	0.0507	0.0001	0.0330	0.0003	0.1929	4.4753	0.1238	17.0294	0.2044	0.2048	0.1973	5.1404	0.0843	13.6638	9.0772	55.1112	0.0013	1.2156	2.4556	5.0407	12.4191	17.1705	0.0029	0.0003	0.0026	0.0003	0.0003	0.0000	0.0026	0.0000	0.0026	2.3208	0.0414	2.2794	0.0238	0.0224	0.0014	2.2970	0.0189	2.2780	0.0854	0.0717	0.0137	0.0054	0.0053	0.0001	0.0800	0.0664	0.0136	0.5632	0.3340	0.2292	0.1163	0.1095	0.0068	0.4469	0.2245	0.2224	0.0083	0.0325	0.0192	0.2433	0.2477	0.0003	0.0064	0.0035	0.0188	4.1207	0.1238	9.9435	0.2044	0.2048	0.1973	5.1404	0.0843	10.2436
64	127	0.0579	2	0	1	0	0	0	0	0	0	N	N	N	N	N	N	N	N	N	N	N	N	0.2315	0.3403	0.0228	1.5471	1.5195	0.0271	0.0074	0.0000	0.0225	0.1832	0.2150	0.0242	1.9670	1.9744	0.0017	0.0044	0.0000	0.0242	0.7913	0.6319	1.0619	1.2714	1.2994	0.0617	0.6015	0.1073	1.0794	0.0225	0.9900	-0.0029	0.0097	2.4556	1.9703	12.4191	6.2034	0.0069	0.0067	0.0002	0.0067	0.0067	0.0000	0.0002	0.0000	0.0002	0.2488	0.1250	0.1238	0.1133	0.1131	0.0001	0.1355	0.0119	0.1237	0.0374	0.0312	0.0062	0.0034	0.0034	0.0000	0.0340	0.0278	0.0062	0.3144	0.1979	0.1166	0.0891	0.0871	0.0020	0.2253	0.1108	0.1146	0.2315	0.3403	0.0228	1.5471	1.5195	0.0271	0.0074	0.0000	0.0225	0.7913	0.6319	1.0619	1.2714	1.2994	0.0617	0.6015	0.1073	1.0794
64	129	0.3798	5	0	1	0	0	0	0	0	0	N	N	N	N	N	N	N	N	N	N	N	N	0.0000	0.0000	0.0000	0.0000	0.0000	0.0000	0.0000	0.0000	0.0000	0.0000	0.0000	0.0000	0.0000	0.0000	0.0000	0.0000	0.0000	0.0000	0.0162	0.0211	0.0005	0.0285	0.0306	0.0026	0.0001	0.0001	0.0000	0.0072	0.0000	-0.0021	2.4556	1.0033	12.4191	0.8635	0.0000	0.0000	0.0000	0.0000	0.0000	0.0000	0.0000	0.0000	0.0000	0.0046	0.0046	0.0000	0.0046	0.0046	0.0000	0.0000	0.0000	0.0000	0.0510	0.0463	0.0046	0.0276	0.0263	0.0013	0.0234	0.0200	0.0034	0.2829	0.2163	0.0666	0.1610	0.1488	0.0122	0.1219	0.0676	0.0544	0.0000	0.0000	0.0000	0.0000	0.0000	0.0000	0.0000	0.0000	0.0000	0.0162	0.0211	0.0005	0.0285	0.0306	0.0026	0.0001	0.0001	0.0000	
64	130	0.3505	4	0	0	0	0	0	0	0	0	N	N	N	N	N	N	N	N	N	N	N	N	0.0234	0.0258	0.0009	0.0263	0.0324	0.0014	0.0379	0.0346	0.0011	0.0376	0.0430	0.0013	0.0625	0.0655	0.0072	0.0273	0.0325	0.0005	1.6064	1.6663	1.4620	2.3803	2.0242	5.1690	0.7185	0.9387	0.4980	0.0045	0.3639	-0.0019	-0.2387	2.4556	5.5514	12.4191	9.9598	0.0044	0.0044	0.0000	0.0022	0.0021	0.0000	0.0023	0.0023	0.0000	1.2463	0.9138	0.3326	0.9867	0.7441	0.2427	0.2596	0.1697	0.0899	0.1178	0.1025	0.0154	0.0344	0.0327	0.0018	0.0834	0.0698	0.0136	0.7758	0.5484	0.2275	0.4145	0.3676	0.0469	0.3613	0.1808	0.1805	0.0234	0.0258	0.0009	0.0263	0.0324	0.0014	0.0379	0.0346	0.0011	1.6064	1.6663	1.4620	2.3803	2.0242	5.1690	0.7185	0.9387	0.4980
64	131	0.3202	3	0	0	0	0	0	0	0	0	N	N	N	N	N	N	N	N	N	N	N	N	0.9894	0.9452	0.0104	0.0069	0.0067	0.0039	1.3867	1.1701	0.0107	2.6169	3.0111	0.0151	0.0198	0.0206	0.0050	3.3587	3.9725	0.0160	2.6450	3.1857	1.4580	2.8665	3.0712	1.2800	2.4221	3.3951	1.4979	0.0008	0.2085	-0.1976	-0.6120	2.4556	9.1969	12.4191	13.4651	0.4487	0.4484	0.0003	0.0008	0.0007	0.0000	0.4480	0.4476	0.0003	2.1409	1.7716	0.3694	1.1635	1.1042	0.0594	0.9774	0.6674	0.3100	0.1715	0.1489	0.0226	0.0381	0.0362	0.0019	0.1334	0.1127	0.0207	0.8094	0.5561	0.2533	0.4059	0.3595	0.0464	0.4035	0.1966	0.2069	0.9894	0.9452	0.0104	0.0069	0.0067	0.0039	1.3867	1.1701	0.0107	2.6450	3.1857	1.4580	2.8665	3.0712	1.2800	2.4221	3.3951	1.4979
64	132	0.1337	5	1	1	0	1	0	0	0	0	N	N	N	N	N	N	N	N	N	N	N	N	0.0000	0.0000	0.0000	0.0000	0.0000	0.0000	0.0000	0.0000	0.0000	0.0000	0.0000	0.0000	0.0000	0.0000	0.0000	0.0000	0.0000	0.1264	0.0002	0.2887	0.0000	0.0000	0.0000	0.1487	0.0003	0.2985	1037.1996	0.0000	0.0056	2.4556	1.0000	12.4191	3.0001	0.0000	0.0000	0.0000	0.0000	0.0000	0.0000	0.0000	0.0000	0.0000	0.0104	0.0000	0.0104	0.0000	0.0000	0.0000	0.0104	0.0000	0.0104	0.0158	0.0134	0.0024	0.0010	0.0009	0.0001	0.0148	0.0124	0.0024	0.0824	0.0464	0.0360	0.0124	0.0112	0.0012	0.0700	0.0351	0.0348	0.0000	0.0000	0.0000	0.0000	0.0000	0.0000	0.0000	0.0000	0.0000	0.1264	0.0002	0.2887	0.0000	0.0000	0.0000	0.1487	0.0003	0.2985		
64	133	0.5326	9	1	1	0	1	0	0	0	0	N	N	N	N	N	N	N	N	N	N	N	N	0.0000	0.0000	0.0000	0.0000	0.0000	0.0000	0.0000	0.0000	0.0000	0.0000	0.0000	0.0000	0.0000	0.0000	0.0000	0.0000	0.0000	0.0035	0.0052	0.0001	0.0058	0.0068	0.0000	0.0012	0.0024	0.0001	0.0103	0.0000	-0.0001	2.4556	0.0006	12.4191	1.9797	0.0000	0.0000	0.0000	0.0000	0.0000	0.0000	0.0000	0.0000	0.0000	0.0001	0.0001	0.0000	0.0001	0.0001	0.0000	0.0000	0.0000	0.0000	0.0000	0.0000	0.0000	0.0000	0.0000	0.0000	0.0000	0.0000	0.0000	0.0369	0.0249	0.0120	0.0185	0.0158	0.0027	0.0184	0.0090	0.0093	0.0000	0.0000	0.0000	0.0000	0.0000	0.0000	0.0000	0.0000	0.0000	0.0035	0.0052	0.0001	0.0058	0.0068	0.0000	0.0012	0.0024	0.0001		
64	134	0.5159	8	1	1	0	1	0	0	0	0	N	N	N	N	N	N	N	N	N	N	N	N	0.0000	0.0000	0.0000	0.0000	0.0000	0.0000	0.0000	0.0000	0.0000	0.0000	0.0000	0.0000	0.0000	0.0000	0.0000	0.0000	0.0000	0.0000	0.0262	0.0228	0.0329	0.0061	0.0072	0.0000	0.0458	0.0487	0.0429	0.7254	0.0000	-0.0001	2.4556	2.0077	12.4191	6.0321	0.0000	0.0000	0.0000	0.0000	0.0000	0.0000	0.0000	0.0000	0.0000	0.0035	0.0020	0.0015	0.0004	0.0004	0.0000	0.0031	0.0016	0.0015	0.0305	0.0262	0.0043	0.0075	0.0069	0.0006	0.0231	0.0194	0.0037	0.1349	0.0898	0.0452	0.0665	0.0560	0.0105	0.0684	0.0338	0.0346	0.0000	0.0000	0.0000	0.0000	0.0000	0.0000	0.0000	0.0000	0.0000	0.0262	0.0228	0.0329	0.0061	0.0072	0.0000	0.0458	0.0487	0.0429	
64	135	0.5111	8	0	1	0	1	0	0	0	0	N	N	N	N	N	N	N	N	N	N	N	N	0.0007	0.0000	4.7251	0.0000	0.0000	0.0067	2.8955	0.0009	39.9405	0.0025	0.0001	0.0161	0.0004	0.0004	0.0001	0.0031	0.0000	0.0182	3.7519	6.1517	0.0034	12.8622	14.5047	0.0127	0.0011	0.0017	0.0005	25.5343	0.0003	0.0001	-0.4154	2.4556	3.0348	12.4191	9.3583	0.0001	0.0000	0.0001	0.0000	0.0000	0.0000	0.0001	0.0000	0.0001	0.9069	0.9066	0.0003	0.9067	0.9065	0.0002	0.0001	0.0001	0.0000	0.0477	0.0406	0.0071	0.0111	0.0103	0.0008	0.0366	0.0303	0.0063	0.2417	0.1642	0.0775	0.1239	0.1052	0.0187	0.1179	0.0590	0.0589	0.0007	0.0000	4.7251	0.0001	0.0001	0.0067	2.8955	0.0009	39.9405	3.7519	5.5226	0.0034	7.3207	8.6180	0.0127	0.0011	0.0017	0.0005
64	136	0.4968	7	0	0	0	1	0	0	0	0	N	N	N	N	N	N	N	N	N	N	N	N	0.5209	0.3973	4.9825	0.9195	0.8230	0.0000	0.9987	0.0007	5.4757	0.1506	0.1718	0.0359	0.5394	0.5737	0.0000	0.0077	0.0000	0.0400	0.2891	0.4323	0.0072	0.5866	0.6970	0.0069	0.0077	0.0081	0.0073	0.0387	0.0085	-0.0000	-0.0153	2.4556	0.0433	12.4191	6.6805	0.0001	0.0001	0.0000	0.0001	0.0001	0.0000	0.0000	0.0000	0.0000	0.0340	0.0337	0.0003	0.0335	0.0335	0.0001	0.0005	0.0002	0.0002	0.0008	0.0007	0.0001	0.0002	0.0002	0.0000	0.0006	0.0005	0.0001	0.1176	0.0780	0.0396	0.0572	0.0480	0.0091	0.0604	0.0300	0.0305	0.5209	0.3973	4.9825	0.9195	0.8230	0.0000	0.9987	0.0007	5.4757	0.2891	0.4323	0.0072	0.5866	0.6970	0.0069	0.0077	0.0081	0.0073
64	137	0.1633	7	0	1	0	1	0	0	0	0	N	N	N	N	N	N	N	N	N	N	N	N	0.0000	0.0000	0.0000	0.0000	0.0000	0.0000	0.0000	0.0000	0.0000	0.0000	0.0000	0.0000	0.0000	0.0000	0.0000	0.0000	0.0000	0.0000	0.0000	0.0000	2.4556	0.0000	12.4191	0.0000	0.0000	0.0000	0.0000	0.0000	0.0000	0.0000	0.0000	0.0000	0.0000	0.0000	0.0000	0.0000	0.0000	0.0000	0.0000	0.0000	0.0000	0.0000	0.0000	0.0000	0.0000	0.0000	0.0000	0.0000	0.0000	0.0000	0.0000	0.0000	0.0000	0.0000	0.0000	0.0000	0.0000	0.0000	0.0000	0.0000	0.0000	0.0000	0.0000	0.0000	0.0000	0.0000	0.0000	0.0000	0.0000	0.0000	0.0000	0.0000	0.0000	0.0000	0.0000	0.0000	0.0000	0.0000											
64	138	0.1582	6	0	1	0	1	0	0	0	0	N	N	N	N	N	N	N	N	N	N	N	N	0.0000	0.0000	0.0000	0.0000	0.0000	0.0000	0.0000	0.0000	0.0000	0.0000	0.0000	0.0000	0.0000	0.0000	0.0000	0.0143	0.0185	0.0086	0.0000	0.0000	0.0000	0.0173	0.0257	0.0090	0.3490	-0.0000	-0.0001	2.4556	0.0021	12.4191	2.0000	0.0000	0.0000	0.0000	0.0000	0.0000	0.0000	0.0000	0.0000	0.0000	0.0006	0.0004	0.0002	0.0000	0.0000	0.0000	0.0006	0.0004	0.0002	0.0000	0.0000	0.0000	0.0000	0.0000	0.0000	0.0000	0.0000	0.0000	0.0407	0.0233	0.0174	0.0072	0.0065	0.0007	0.0335	0.0167	0.0167	0.0000	0.0000	0.0000	0.0000	0.0000	0.0000	0.0000	0.0000	0.0000	0.0143	0.0185	0.0086	0.0000	0.0000	0.0000	0.0173	0.0257	0.0090				
64	139	0.1480	5	0	0	0	1	0	0	0	0	N	N	N	N	N	N	N	N	N	N	N	N	0.3216	16.9541	0.0000	0.0000	0.0000	0.2898	228.8306	0.0000	0.0006	0.0007	0.0000	0.0000	0.0000	0.0000	0.0007	0.0008	0.0000	0.0020	0.0000	0.0045	0.0001	0.0002	0.0000	0.0023	0.0000	0.0047	0.0000	77.6664	-0.0000	0.0001	2.4556	1.0020	12.4191	3.0181	0.0000	0.0000	0.0000	0.0000	0.0000	0.0000	0.0000	0.0000	0.0000	0.0002	0.0000	0.0002	0.0000	0.0000	0.0000	0.0002	0.0000	0.0002	0.0158	0.0134	0.0024	0.0011	0.0010	0.0001	0.0148	0.0124	0.0023	0.0826	0.0469	0.0357	0.0140	0.0127	0.0014	0.0686	0.0342	0.0343	0.3216	16.9541	0.0000	0.0000	0.0000	0.0000	0.2898	228.8306	0.0000	0.0020	0.0000	0.0045	0.0001	0.0002	0.0000	0.0023	0.0000	0.0047	
64	140	0.1337	5	0	1	0	0	0	0	0	0	N	N	N	N	N	N	N	N	N	N	N	N	0.0000	0.0000	0.0000	0.0000	0.0000	0.0000	0.0000	0.0000	0.0000	0.0000	0.0000	0.0000	0.0000	0.0000	0.0000	0.0000	0.0000	0.0007	0.0006	0.0008	0.0000	0.0000	0.0000	0.0009	0.0009	0.0009	0.9991	0.0000	0.0000	2.4556	0.0000	12.4191	4.0001	0.0000	0.0000	0.0000	0.0000	0.0000	0.0000	0.0000	0.0000	0.0000	0.0001	0.0000	0.0000	0.0000	0.0000	0.0000	0.0001	0.0000	0.0000	0.0000	0.0000	0.0000	0.0000	0.0000	0.0000	0.0000	0.0000	0.0000	0.0824	0.0464	0.0360	0.0124	0.0112	0.0012	0.0700	0.0351	0.0348	0.0000	0.0000	0.0000	0.0000	0.0000	0.0000	0.0000	0.0000	0.0000	0.0007	0.0006	0.0008	0.0000	0.0000	0.0000	0.0009	0.0009	0.0009		
64	141	0.5113	7	0	1	0	0	0	0	0	0	N	N	N	N	N	N	N	N	N	N	N	N	0.1021	1.9593	0.0798	8.9774	5.6064	32299.8596	0.0000	0.0000	0.0000	0.0184	0.0145	0.0418	0.0752	0.0557	0.2896	0.0000	0.0000	0.0000	0.1800	0.0074	0.5241	0.0084	0.0099	0.0000	0.3474	0.0032	0.6821	0.4737	35.4746	-0.0000	0.0095	2.4556	1.0003	12.4191	5.0186	0.0003	0.0002	0.0001	0.0003	0.0002	0.0001	0.0000	0.0000	0.0000	0.0185	0.0005	0.0180	0.0004	0.0004	0.0000	0.0181	0.0001	0.0180	0.0152	0.0131	0.0022	0.0037	0.0034	0.0003	0.0115	0.0097	0.0018	0.1029	0.0685	0.0344	0.0508	0.0429	0.0080	0.0521	0.0257	0.0264	0.1021	1.9593	0.0798	8.9774	5.6064	32299.8596	0.0000	0.0000	0.0000	0.1800	0.0074	0.5241	0.0084	0.0099	0.0000	0.3474	0.0032	0.6821
64	142	0.1480	5	0	0	1	1	0	0	0	0	N	N	N	N	N	N	N	N	N	N	N	N	0.0000	0.0000	0.0000	0.0000	0.0000	0.0000	0.0000	0.0000	0.0000	0.0000	0.0000	0.0000	0.0000	0.0000	0.0000	0.0000	0.0000	0.1798	0.2569	0.0785	0.0000	0.0000	0.0000	0.2165	0.3512	0.0816	0.2321	0.0000	-0.0088	2.4556	0.0001	12.4191	9.0026	0.0000	0.0000	0.0000	0.0000	0.0000	0.0000	0.0000	0.0000	0.0000	0.0325	0.0264	0.0061	0.0000	0.0000	0.0000	0.0325	0.0264	0.0061	0.0000	0.0000	0.0000	0.0000	0.0000	0.0000	0.0000	0.0000	0.0000	0.1809	0.1028	0.0781	0.0306	0.0276	0.0030	0.1503	0.0752	0.0751	0.0000	0.0000	0.0000	0.0000	0.0000	0.0000	0.0000	0.0000	0.0000	0.1798	0.2569	0.0785	0.0000	0.0000	0.0000	0.2165	0.3512	0.0816		
64	143	0.4968	7	0	0	1	1	0	0	0	0	N	N	N	N	N	N	N	N	N	N	N	N	0.0000	0.0000	0.0000	0.0000	0.0000	0.0000	0.0000	0.0000	0.0000	0.0000	0.0000	0.0000	0.0000	0.0000	0.0000	0.0000	0.0000	0.0000	0.0834	0.1244	0.0031	0.1607	0.1913	0.0011	0.0106	0.0177	0.0037	0.0128	-0.0000	-0.0064	2.4556	2.0061	12.4191	8.0425	0.0000	0.0000	0.0000	0.0000	0.0000	0.0000	0.0000	0.0000	0.0000	0.0144	0.0142	0.0002	0.0134	0.0134	0.0000	0.0009	0.0008	0.0002	0.0303	0.0259	0.0044	0.0067	0.0061	0.0006	0.0236	0.0198	0.0038	0.1722	0.1140	0.0582	0.0835	0.0700	0.0135	0.0887	0.0439	0.0448	0.0000	0.0000	0.0000	0.0000	0.0000	0.0000	0.0000	0.0000	0.0000	0.0834	0.1244	0.0031	0.1607	0.1913	0.0011	0.0106	0.0177	0.0037	
64	144	0.4877	6	0	0	0	1	0	0	0	0	N	N	N	N	N	N	N	N	N	N	N	N	0.0113	0.0103	0.0000	0.0406	0.0443	0.0000	0.0000	0.0000	0.0000	0.0003	0.0004	0.0000	0.0011	0.0012	0.0000	0.0000	0.0000	0.0000	0.0276	0.0357	0.0075	0.0273	0.0278	0.0228	0.0279	0.0481	0.0039	0.0000	0.0842	-0.0000	-0.0012	2.4556	1.9550	12.4191	2.1189	0.0000	0.0000	0.0000	0.0000	0.0000	0.0000	0.0000	0.0000	0.0000	0.0030	0.0028	0.0002	0.0015	0.0013	0.0001	0.0016	0.0015	0.0001	0.0319	0.0272	0.0047	0.0090	0.0081	0.0009	0.0229	0.0191	0.0038	0.1101	0.0786	0.0315	0.0543	0.0483	0.0060	0.0558	0.0303	0.0255	0.0113	0.0103	0.0000	0.0406	0.0443	0.0000	0.0000	0.0000	0.0000	0.0276	0.0357	0.0075	0.0273	0.0278	0.0228	0.0279	0.0481	0.0039
64	145	0.4877	6	0	0	1	1	0	0	0	0	N	N	N	N	N	N	N	N	N	N	N	N	0.0002	0.0002	0.0001	0.0000	0.0000	0.0000	0.0002	0.0001	0.0004	0.0006	0.0007	0.0000	0.0000	0.0000	0.0000	0.0008	0.0010	0.0000	3.0703	4.5232	0.0720	2.4705	2.8576	0.2350	3.6239	7.0995	0.0268	0.0021	0.0077	-0.0000	-0.5159	2.4556	2.1261	12.4191	18.6477	0.0000	0.0000	0.0000	0.0000	0.0000	0.0000	0.0000	0.0000	0.0000	1.1447	1.1359	0.0088	0.4421	0.4358	0.0062	0.7026	0.7001	0.0026	0.0345	0.0294	0.0050	0.0096	0.0086	0.0010	0.0249	0.0208	0.0041	0.3728	0.2511	0.1217	0.1789	0.1525	0.0264	0.1939	0.0986	0.0953	0.0002	0.0002	0.0001	0.0000	0.0000	0.0000	0.0002	0.0001	0.0004	3.0703	4.5232	0.0720	2.4705	2.8576	0.2350	3.6239	7.0995	0.0268
64	146	0.1480	5	0	0	1	1	0	0	0	0	N	N	N	N	N	N	N	N	N	N	N	N	0.4426	0.3409	0.0000	0.0000	0.0000	0.7613	0.6035	0.0000	0.0006	0.0008	0.0000	0.0000	0.0000	0.0000	0.0007	0.0008	0.0000	0.0014	0.0022	0.0004	0.0041	0.0045	0.0000	0.0009	0.0013	0.0004	0.0000	0.1487	-0.0000	-0.0001	2.4556	2.0001	12.4191	5.9880	0.0000	0.0000	0.0000	0.0000	0.0000	0.0000	0.0000	0.0000	0.0000	0.0002	0.0002	0.0000	0.0001	0.0001	0.0000	0.0001	0.0001	0.0000	0.0314	0.0266	0.0048	0.0021	0.0020	0.0001	0.0293	0.0247	0.0047	0.1613	0.0916	0.0697	0.0273	0.0246	0.0027	0.1339	0.0670	0.0670	0.4426	0.3409	0.0000	0.0000	0.0000	0.0000	0.7613	0.6035	0.0000	0.0014	0.0022	0.0004	0.0041	0.0045	0.0000	0.0009	0.0013	0.0004	
64	147	0.1480	5	0	0	1	1	0	0	0	0	N	N	N	N	N	N	N	N	N	N	N	N	2.9608	0.0000	610.7825	0.0000	0.0000	0.0000	2.6417	0.0000	606.2469	7.2957	0.0000	48.2821	0.0000	0.0000	0.0000	7.8216	0.0000	49.7989	2.4641	4.2540	0.0790	0.0046	0.0047	0.0041	2.9608	5.7811	0.0821	inf	0.0139	0.5586	-0.6411	2.4556	9.0001	12.4191	23.0169	0.9995	0.0000	0.9995	0.0000	0.0000	0.0000	0.9995	0.0000	0.9995	1.4418	1.4220	0.0198	0.0005	0.0004	0.0000	1.4414	1.4216	0.0198	0.1370	0.1163	0.0207	0.0092	0.0086	0.0006	0.1278	0.1077	0.0201	0.5851	0.3343	0.2509	0.0983	0.0884	0.0099	0.4868	0.2459	0.2409	2.9608	0.0000	610.7825	0.0000	0.0000	0.0000	2.6417	0.0000	606.2469	2.4641	4.2540	0.0790	0.0046	0.0047	0.0041	2.9608	5.7811	0.0821
64	148	0.1227	4	0	0	0	1	0	0	0	0	N	N	N	N	N	N	N	N	N	N	N	N	0.0042	0.0028	0.0126	0.0118	0.0116	0.0000	0.0037	0.0000	0.0125	0.0002	0.0002	0.0000	0.0028	0.0030	0.0000	0.0000	0.0000	0.0000	0.0464	0.0787	0.0038	0.2372	0.2578	0.0006	0.0021	0.0003	0.0039	0.0388	0.0363	-0.0000	-0.0044	2.4556	1.9990	12.4191	7.9526	0.0000	0.0000	0.0000	0.0000	0.0000	0.0000	0.0000	0.0000	0.0000	0.0104	0.0101	0.0004	0.0101	0.0100	0.0000	0.0004	0.0000	0.0004	0.0316	0.0268	0.0049	0.0021	0.0020	0.0001	0.0295	0.0248	0.0047	0.2251	0.1281	0.0970	0.0424	0.0390	0.0034	0.1827	0.0891	0.0936	0.0042	0.0028	0.0126	0.0118	0.0116	0.0000	0.0037	0.0000	0.0125	0.0464	0.0787	0.0038	0.2372	0.2578	0.0006	0.0021	0.0003	0.0039
64	149	0.0908	3	1	1	0	0	0	0	0	0	N	N	N	N	N	N	N	N	N	N	N	N	0.0003	0.0003	0.0002	0.0013	0.0019	0.0000	0.0002	0.0002	0.0002	0.0009	0.0010	0.0007	0.0000	0.0000	0.0000	0.0010	0.0011	0.0007	3.4298	3.7231	2.9878	0.0292	0.0207	0.1977	4.2845	5.4497	3.0573	0.1329	0.5326	-0.0000	-0.2104	2.4556	5.3497	12.4191	17.2225	0.0001	0.0001	0.0000	0.0000	0.0000	0.0000	0.0001	0.0001	0.0000	1.8976	1.2382	0.6594	0.0032	0.0022	0.0011	1.8944	1.2360	0.6584	0.0986	0.0835	0.0151	0.0106	0.0104	0.0002	0.0880	0.0730	0.0149	0.5533	0.3326	0.2207	0.1111	0.1058	0.0054	0.4422	0.2268	0.2153	0.0003	0.0003	0.0002	0.0013	0.0019	0.0000	0.0002	0.0002	0.0002	3.4298	3.7231	2.9878	0.0292	0.0207	0.1977	4.2845	5.4497	3.0573
64	150	0.1216	4	0	1	0	0	0	0	0	0	N	N	N	N	N	N	N	N	N	N	N	N	0.0993	0.0864	0.0699	0.1152	0.1196	0.0226	0.0848	0.1569	0.0941	0.0022	0.0024	0.0009	0.0077	0.0079	0.0018	0.0005	0.0004	0.0008	0.0221	0.0278	0.0123	0.0669	0.0658	0.0814	0.0054	0.0025	0.0086	0.0555	0.2572	-0.0001	-0.0032	2.4556	3.6794	12.4191	17.4287	0.0002	0.0002	0.0000	0.0002	0.0002	0.0000	0.0000	0.0000	0.0000	0.0127	0.0101	0.0026	0.0104	0.0095	0.0009	0.0023	0.0005	0.0017	0.0921	0.0797	0.0123	0.0220	0.0214	0.0006	0.0700	0.0583	0.0117	0.5727	0.3622	0.2105	0.1554	0.1448	0.0107	0.4173	0.2175	0.1998	0.0993	0.0864	0.0699	0.1152	0.1196	0.0226	0.0848	0.1569	0.0941	0.0221	0.0278	0.0123	0.0669	0.0658	0.0814	0.0054	0.0025	0.0086
64	151	0.0908	3	0	1	0	0	0	0	0	0	N	N	N	N	N	N	N	N	N	N	N	N	0.0022	0.0011	0.0077	0.0062	0.0066	0.0000	0.0019	0.0008	0.0076	0.0028	0.0013	0.0112	0.0011	0.0011	0.0000	0.0031	0.0014	0.0114	1.3070	1.2120	1.4618	0.1822	0.1718	0.4445	1.6477	1.7994	1.4861	1.5332	0.7409	0.0000	-0.0165	2.4556	3.4464	12.4191	10.1316	0.0002	0.0001	0.0001	0.0000	0.0000	0.0000	0.0002	0.0001	0.0001	0.5037	0.2893	0.2144	0.0163	0.0148	0.0015	0.4874	0.2745	0.2128	0.0699	0.0592	0.0107	0.0098	0.0097	0.0001	0.0601	0.0495	0.0105	0.3854	0.2387	0.1466	0.0896	0.0862	0.0034	0.2958	0.1526	0.1432	0.0022	0.0011	0.0077	0.0062	0.0066	0.0000	0.0019	0.0008	0.0076	1.3070	1.2120	1.4618	0.1822	0.1718	0.4445	1.6477	1.7994	1.4861
64	152	0.5181	9	1	1	0	0	0	0	0	0	N	N	N	N	N	N	N	N	N	N	N	N	6.8368	71.9189	7.0296	255.3951	233.4285	1.9936	0.0000	6.2886	0.1268	0.0864	0.3725	0.2945	0.3199	0.0000	0.0703	0.0000	0.4340	0.0185	0.0012	0.0530	0.0012	0.0014	0.0000	0.0353	0.0009	0.0690	0.7092	22.2167	-0.0001	0.0020	2.4556	1.0143	12.4191	12.0086	0.0020	0.0012	0.0008	0.0012	0.0012	0.0000	0.0008	0.0000	0.0008	0.0040	0.0002	0.0038	0.0001	0.0001	0.0000	0.0038	0.0000	0.0038	0.0158	0.0135	0.0022	0.0040	0.0037	0.0003	0.0118	0.0099	0.0019	0.2141	0.1424	0.0717	0.1050	0.0883	0.0167	0.1091	0.0541	0.0551	6.8368	71.9189	7.0296	255.3951	233.4285	0.0000	1.9936	0.0000	6.2886	0.0185	0.0012	0.0530	0.0012	0.0014	0.0000	0.0353	0.0009	0.0690	
64	153	0.5159	8	1	1	0	0	0	0	0	0	N	N	N	N	N	N	N	N	N	N	N	N	140.6684	124.2292	0.0000	374.1200	343.8276	0.0000	0.0000	0.0000	0.0000	0.0551	0.0642	0.0000	0.2239	0.2438	0.0000	0.0000	0.0000	0.0000	0.0004	0.0005	0.0001	0.0006	0.0007	0.0000	0.0002	0.0002	0.0002	0.0000	0.1375	-0.0004	-0.0000	2.4556	0.9811	12.4191	0.0216	0.0008	0.0008	0.0000	0.0008	0.0008	0.0000	0.0000	0.0000	0.0000	0.0000	0.0000	0.0000	0.0000	0.0000	0.0000	0.0000	0.0000	0.0000	0.0151	0.0129	0.0021	0.0037	0.0034	0.0003	0.0114	0.0095	0.0018	0.0175	0.0117	0.0058	0.0087	0.0073	0.0014	0.0088	0.0043	0.0045	140.6684	124.2292	0.0000	374.1200	343.8276	0.0000	0.0000	0.0000	0.0000	0.0004	0.0005	0.0001	0.0006	0.0007	0.0000	0.0002	0.0002	0.0002
64	154	0.5113	7	1	1	0	0	0	0	0	0	N	N	N	N	N	N	N	N	N	N	N	N	0.2152	0.1621	0.7119	0.3753	0.3175	67.9817	0.0000	0.0000	0.0000	0.0006	0.0007	0.0005	0.0019	0.0019	0.0020	0.0000	0.0000	0.0000	0.0029	0.0040	0.0007	0.0052	0.0061	0.0000	0.0007	0.0006	0.0008	0.1212	0.0808	-0.0000	-0.0000	2.4556	0.0083	12.4191	2.0001	0.0000	0.0000	0.0000	0.0000	0.0000	0.0000	0.0000	0.0000	0.0000	0.0001	0.0001	0.0000	0.0001	0.0001	0.0000	0.0000	0.0000	0.0000	0.0001	0.0001	0.0000	0.0000	0.0000	0.0000	0.0001	0.0001	0.0000	0.0358	0.0239	0.0119	0.0177	0.0150	0.0027	0.0180	0.0089	0.0092	0.2152	0.1621	0.7119	0.3753	0.3175	67.9817	0.0000	0.0000	0.0000	0.0029	0.0040	0.0007	0.0052	0.0061	0.0000	0.0007	0.0006	0.0008
64	155	0.4877	6	0	1	0	0	0	0	0	0	N	N	N	N	N	N	N	N	N	N	N	N	0.0003	0.0001	0.0015	0.0006	0.0004	0.0025	0.0001	0.0000	0.0012	0.0000	0.0000	0.0000	0.0000	0.0000	0.0000	0.0000	0.0000	0.0000	0.0107	0.0123	0.0072	0.0127	0.0131	0.0097	0.0089	0.0110	0.0066	1.1465	0.2681	0.0000	-0.0006	2.4556	2.9180	12.4191	7.4065	0.0000	0.0000	0.0000	0.0000	0.0000	0.0000	0.0000	0.0000	0.0000	0.0023	0.0018	0.0005	0.0013	0.0012	0.0001	0.0010	0.0006	0.0003	0.0462	0.0396	0.0067	0.0124	0.0112	0.0012	0.0338	0.0283	0.0055	0.2125	0.1459	0.0666	0.1032	0.0892	0.0140	0.1093	0.0566	0.0527	0.0003	0.0001	0.0015	0.0006	0.0004	0.0025	0.0001	0.0000	0.0012	0.0107	0.0123	0.0072	0.0127	0.0131	0.0097	0.0089	0.0110	0.0066
64	156	0.4218	5	0	0	0	0	0	0	0	0	N	N	N	N	N	N	N	N	N	N	N	N	0.0158	0.0174	0.0083	0.0127	0.0129	0.0077	0.0228	0.0724	0.0084	0.0018	0.0019	0.0010	0.0019	0.0020	0.0010	0.0017	0.0018	0.0010	0.1124	0.1084	0.1206	0.1497	0.1524	0.1311	0.0752	0.0255	0.1181	0.0745	0.5541	-0.0001	-0.0076	2.4556	8.2479	12.4191	19.7214	0.0003	0.0003	0.0000	0.0001	0.0001	0.0000	0.0002	0.0002	0.0000	0.0743	0.0478	0.0265	0.0495	0.0439	0.0056	0.0248	0.0039	0.0209	0.1831	0.1605	0.0226	0.0600	0.0566	0.0035	0.1231	0.1039	0.0191	0.6607	0.4412	0.2196	0.3305	0.2881	0.0424	0.3303	0.1531	0.1771	0.0158	0.0174	0.0083	0.0127	0.0129	0.0077	0.0228	0.0724	0.0084	0.1124	0.1084	0.1206	0.1497	0.1524	0.1311	0.0752	0.0255	0.1181
64	157	0.3857	4	0	0	0	0	0	0	0	0	N	N	N	N	N	N	N	N	N	N	N	N	0.0083	0.0095	0.0038	0.0115	0.0113	0.0118	0.0081	0.0192	0.0027	0.0021	0.0023	0.0011	0.0035	0.0035	0.0028	0.0017	0.0018	0.0008	0.2583	0.2424	0.2911	0.3028	0.3136	0.2365	0.2085	0.0959	0.3071	0.0752	0.5802	-0.0001	-0.0153	2.4556	7.4725	12.4191	14.3153	0.0003	0.0003	0.0000	0.0001	0.0001	0.0000	0.0002	0.0002	0.0000	0.1680	0.1063	0.0617	0.1039	0.0926	0.0114	0.0641	0.0138	0.0503	0.1378	0.1190	0.0188	0.0352	0.0327	0.0025	0.1025	0.0863	0.0163	0.6505	0.4386	0.2119	0.3431	0.2951	0.0480	0.3074	0.1435	0.1639	0.0083	0.0095	0.0038	0.0115	0.0113	0.0118	0.0081	0.0192	0.0027	0.2583	0.2424	0.2911	0.3028	0.3136	0.2365	0.2085	0.0959	0.3071
64	158	0.3202	3	0	0	0	0	0	0	0	0	N	N	N	N	N	N	N	N	N	N	N	N	0.0064	0.0086	0.0021	0.0664	0.0726	0.0061	0.0007	0.0005	0.0018	0.0068	0.0073	0.0031	0.0284	0.0298	0.0034	0.0012	0.0008	0.0031	1.0567	0.8517	1.4914	0.4273	0.4104	0.5487	1.6545	1.5999	1.7072	0.0659	0.8261	-0.0005	-0.0058	2.4556	11.6653	12.4191	19.4910	0.0014	0.0013	0.0001	0.0012	0.0012	0.0000	0.0002	0.0001	0.0001	0.9768	0.5349	0.4419	0.1924	0.1621	0.0303	0.7844	0.3728	0.4116	0.2049	0.1775	0.0274	0.0422	0.0400	0.0022	0.1627	0.1376	0.0252	0.9244	0.6281	0.2963	0.4503	0.3951	0.0552	0.4741	0.2330	0.2411	0.0064	0.0086	0.0021	0.0664	0.0726	0.0061	0.0007	0.0005	0.0018	1.0567	0.8517	1.4914	0.4273	0.4104	0.5487	1.6545	1.5999	1.7072
64	159	0.2729	2	0	0	0	0	0	0	0	0	N	N	N	N	N	N	N	N	N	N	N	N	0.0423	0.0360	0.0804	0.0223	0.0116	0.2932	0.0325	0.0219	0.0687	0.0663	0.0596	0.1107	0.0136	0.0072	0.1512	0.0809	0.0760	0.1075	1.5667	1.6555	1.3766	0.6098	0.6222	0.5156	2.4921	3.4700	1.5655	0.2828	0.3883	-0.0021	-0.2700	2.4556	7.3933	12.4191	20.5306	0.0095	0.0074	0.0021	0.0004	0.0002	0.0002	0.0091	0.0072	0.0019	1.5112	1.0885	0.4227	0.2892	0.2607	0.0285	1.2220	0.8279	0.3942	0.1436	0.1246	0.0190	0.0311	0.0297	0.0014	0.1125	0.0949	0.0176	0.9646	0.6575	0.3070	0.4742	0.4190	0.0552	0.4904	0.2386	0.2518	0.0423	0.0360	0.0804	0.0223	0.0116	0.2932	0.0325	0.0219	0.0687	1.5667	1.6555	1.3766	0.6098	0.6222	0.5156	2.4921	3.4700	1.5655
64	161	0.1413	7	1	1	0	0	0	0	0	0	N	N	N	N	N	N	N	N	N	N	N	N	0.0000	0.0000	0.0000	0.0000	0.0000	0.0000	0.0000	0.0000	0.0000	0.0000	0.0000	0.0000	0.0000	0.0000	0.0000	0.0000	0.0000	0.0005	0.0007	0.0003	0.0005	0.0006	0.0000	0.0005	0.0007	0.0003	0.2748	0.0000	-0.0000	2.4556	0.0002	12.4191	3.0099	0.0000	0.0000	0.0000	0.0000	0.0000	0.0000	0.0000	0.0000	0.0000	0.0000	0.0000	0.0000	0.0000	0.0000	0.0000	0.0000	0.0000	0.0000	0.0000	0.0000	0.0000	0.0000	0.0000	0.0000	0.0000	0.0000	0.0000	0.0636	0.0362	0.0274	0.0101	0.0092	0.0009	0.0534	0.0270	0.0265	0.0000	0.0000	0.0000	0.0000	0.0000	0.0000	0.0000	0.0000	0.0000	0.0005	0.0007	0.0003	0.0005	0.0006	0.0000	0.0005	0.0007	0.0003		
64	162	0.1337	6	1	1	0	0	0	0	0	0	N	N	N	N	N	N	N	N	N	N	N	N	0.0000	0.0000	0.0000	0.0000	0.0000	0.0000	0.0000	0.0000	0.0000	0.0000	0.0000	0.0000	0.0000	0.0000	0.0000	0.0000	0.0000	0.0212	0.0039	0.0434	0.0139	0.0153	0.0000	0.0225	0.0002	0.0449	8.7584	0.0000	0.0006	2.4556	0.9998	12.4191	2.0118	0.0000	0.0000	0.0000	0.0000	0.0000	0.0000	0.0000	0.0000	0.0000	0.0013	0.0001	0.0012	0.0001	0.0001	0.0000	0.0012	0.0000	0.0012	0.0158	0.0134	0.0024	0.0010	0.0009	0.0001	0.0148	0.0124	0.0024	0.0623	0.0351	0.0273	0.0094	0.0085	0.0009	0.0529	0.0266	0.0264	0.0000	0.0000	0.0000	0.0000	0.0000	0.0000	0.0000	0.0000	0.0000	0.0212	0.0039	0.0434	0.0139	0.0153	0.0000	0.0225	0.0002	0.0449		
64	163	0.1337	5	1	1	0	0	0	0	0	0	N	N	N	N	N	N	N	N	N	N	N	N	0.0000	0.0000	0.0000	0.0000	0.0000	0.0000	0.0000	0.0000	0.0000	0.0000	0.0000	0.0000	0.0000	0.0000	0.0000	0.0000	0.0000	0.0049	0.0052	0.0039	0.0036	0.0036	0.0000	0.0058	0.0067	0.0040	0.1988	0.0000	-0.0000	2.4556	0.0000	12.4191	0.0003	0.0000	0.0000	0.0000	0.0000	0.0000	0.0000	0.0000	0.0000	0.0000	0.0000	0.0000	0.0000	0.0000	0.0000	0.0000	0.0000	0.0000	0.0000	0.0000	0.0000	0.0000	0.0000	0.0000	0.0000	0.0000	0.0000	0.0000	0.0000	0.0000	0.0000	0.0000	0.0000	0.0000	0.0000	0.0000	0.0000	0.0000	0.0000	0.0000	0.0000	0.0000	0.0000	0.0000	0.0000	0.0000	0.0049	0.0052	0.0039	0.0036	0.0036	0.0000	0.0058	0.0067	0.0040		
64	164	0.1227	4	0	1	0	0	0	0	0	0	N	N	N	N	N	N	N	N	N	N	N	N	0.2167	0.1507	1.7671	0.1338	0.1249	0.0000	0.7076	0.0000	1.7463	0.0191	0.0228	0.0036	0.0500	0.0503	0.0000	0.0011	0.0000	0.0037	0.0880	0.1514	0.0021	0.3739	0.4027	0.0010	0.0016	0.0010	0.0021	0.0388	0.0100	-0.0000	-0.0046	2.4556	0.0063	12.4191	4.3641	0.0000	0.0000	0.0000	0.0000	0.0000	0.0000	0.0000	0.0000	0.0000	0.0102	0.0101	0.0001	0.0101	0.0101	0.0000	0.0001	0.0000	0.0001	0.0003	0.0003	0.0001	0.0001	0.0001	0.0000	0.0002	0.0001	0.0001	0.1158	0.0667	0.0492	0.0269	0.0250	0.0019	0.0889	0.0417	0.0472	0.2167	0.1507	1.7671	0.1338	0.1249	0.0000	0.7076	0.0000	1.7463	0.0880	0.1514	0.0021	0.3739	0.4027	0.0010	0.0016	0.0010	0.0021
64	165	0.0908	3	0	0	0	0	0	0	0	0	N	N	N	N	N	N	N	N	N	N	N	N	0.0267	0.0190	0.3024	0.0156	0.0170	0.0000	0.0948	0.0000	0.3002	0.0668	0.0758	0.0165	0.3811	0.3849	0.0000	0.0030	0.0000	0.0166	2.5013	3.9827	0.0544	24.3624	22.6247	0.0114	0.0316	0.0093	0.0554	0.0388	0.0083	-0.0015	-0.4112	2.4556	2.5207	12.4191	10.0226	0.0037	0.0036	0.0001	0.0036	0.0036	0.0000	0.0001	0.0000	0.0001	0.9135	0.9060	0.0075	0.9047	0.9047	0.0000	0.0088	0.0013	0.0075	0.0557	0.0473	0.0084	0.0094	0.0093	0.0001	0.0463	0.0380	0.0083	0.3652	0.2275	0.1377	0.0870	0.0838	0.0032	0.2782	0.1437	0.1345	0.0267	0.0190	0.3024	0.0366	0.0357	0.0000	0.0948	0.0000	0.3002	2.5013	3.9827	0.0544	10.4023	10.7966	0.0114	0.0316	0.0093	0.0554
64	166	0.0752	2	0	0	0	0	0	0	0	0	N	N	N	N	N	N	N	N	N	N	N	N	0.0000	0.0001	0.0000	0.0023	0.0023	0.0000	0.0000	0.0000	0.0000	0.0003	0.0003	0.0005	0.0029	0.0029	0.0000	0.0001	0.0000	0.0005	6.4235	2.3808	19.3945	1.2432	1.2628	0.7190	7.1144	3.2969	15.2728	0.3403	2.5988	-0.0000	0.4167	2.4556	2.6894	12.4191	4.6619	0.0000	0.0000	0.0000	0.0000	0.0000	0.0000	0.0000	0.0000	0.0000	1.5798	0.4390	1.1408	0.1071	0.1049	0.0022	1.4727	0.3341	1.1386	0.0483	0.0407	0.0076	0.0037	0.0037	0.0000	0.0446	0.0370	0.0075	0.2932	0.1844	0.1088	0.0861	0.0830	0.0031	0.2070	0.1013	0.1057	0.0001	0.0001	0.0000	0.0023	0.0023	0.0000	0.0000	0.0000	0.0000	5.3890	2.3808	10.4887	1.2432	1.2628	0.7190	7.1144	3.2969	10.7756
65	66	0.2560	7	1	2	1	0	0	0	0	0	N	Y	N	N	N	N	N	N	N	N	N	N	0.0000	0.0000	0.0000	0.0000	0.0000	0.0000	0.0000	0.0000	0.0000	0.0000	0.0000	0.0000	0.0000	0.0000	0.0000	0.0000	0.0000	0.0000	0.0000	0.0000	1.7555	0.0000	11.9300	0.0000	0.0000	0.0000	0.0000	0.0000	0.0000	0.0000	0.0000	0.0000	0.0000	0.0000	0.0000	0.0000	0.0000	0.0000	0.0000	0.0000	0.0000	0.0000	0.0000	0.0000	0.0000	0.0000	0.0000	0.0000	0.0000	0.0000	0.0000	0.0000	0.0000	0.0000	0.0000	0.0000	0.0000	0.0000	0.0000	0.0000	0.0000	0.0000	0.0000	0.0000	0.0000	0.0000	0.0000	0.0000	0.0000	0.0000	0.0000	0.0000	0.0000	0.0000	0.0000	0.0000	0.0000	0.0000											
65	67	0.7605	10	1	2	1	0	0	0	0	0	N	Y	N	N	N	N	N	N	N	N	N	N	0.0000	0.0000	0.0000	0.0000	0.0000	0.0000	0.0000	0.0000	0.0000	0.0000	0.0000	0.0000	0.0000	0.0003	0.0004	0.0000	0.0006	0.0007	0.0000	0.0000	0.0000	0.0000	0.0000	0.0000	-0.0000	1.7555	1.0000	11.9300	3.0000	0.0000	0.0000	0.0000	0.0000	0.0000	0.0000	0.0000	0.0000	0.0000	0.0000	0.0000	0.0000	0.0000	0.0000	0.0000	0.0000	0.0000	0.0000	0.0117	0.0104	0.0013	0.0038	0.0036	0.0002	0.0079	0.0068	0.0011	0.0632	0.0455	0.0177	0.0356	0.0305	0.0051	0.0276	0.0150	0.0126	0.0000	0.0000	0.0000	0.0000	0.0000	0.0000	0.0000	0.0000	0.0000	0.0003	0.0004	0.0000	0.0006	0.0007	0.0000	0.0000	0.0000	0.0000						
65	68	0.2560	7	1	2	1	0	0	0	0	0	N	Y	N	N	N	N	N	N	N	N	N	N	0.0000	0.0000	0.0000	0.0000	0.0000	0.0000	0.0000	0.0000	0.0000	0.0000	0.0000	0.0000	0.0000	0.0000	0.0000	0.0000	0.0000	0.0000	0.0000	0.0000	1.7555	1.0000	11.9300	0.0000	0.0000	0.0000	0.0000	0.0000	0.0000	0.0000	0.0000	0.0000	0.0000	0.0000	0.0000	0.0000	0.0000	0.0000	0.0000	0.0000	0.0000	0.0000	0.0140	0.0120	0.0019	0.0041	0.0038	0.0004	0.0099	0.0083	0.0016	0.0207	0.0138	0.0069	0.0084	0.0072	0.0012	0.0124	0.0066	0.0058	0.0000	0.0000	0.0000	0.0000	0.0000	0.0000	0.0000	0.0000	0.0000	0.0000	0.0000	0.0000	0.0000	0.0000	0.0000	0.0000	0.0000	0.0000											
65	69	0.2396	6	1	2	1	0	0	0	0	0	N	Y	N	N	N	N	N	N	N	N	N	N	0.1929	0.2513	0.0000	0.4627	0.4737	0.0000	0.0041	0.0117	0.0000	0.0039	0.0046	0.0000	0.0118	0.0135	0.0000	0.0001	0.0001	0.0000	0.0202	0.0182	0.0241	0.0256	0.0285	0.0075	0.0165	0.0068	0.0275	0.0000	0.6653	-0.0000	-0.0002	1.7555	1.0155	11.9300	5.9708	0.0001	0.0001	0.0000	0.0001	0.0001	0.0000	0.0000	0.0000	0.0000	0.0030	0.0018	0.0012	0.0015	0.0015	0.0001	0.0014	0.0003	0.0011	0.0150	0.0128	0.0022	0.0049	0.0043	0.0006	0.0101	0.0085	0.0016	0.1480	0.0986	0.0494	0.0600	0.0517	0.0083	0.0879	0.0469	0.0410	0.1929	0.2513	0.0000	0.4627	0.4737	0.0000	0.0041	0.0117	0.0000	0.0202	0.0182	0.0241	0.0256	0.0285	0.0075	0.0165	0.0068	0.0275
65	70	0.2348	5	1	1	1	0	0	0	0	0	N	N	N	N	N	N	N	N	N	N	N	N	0.0906	0.9623	0.0025	0.3406	0.5581	0.0003	0.0747	37.5802	0.0086	0.0761	0.0967	0.0052	0.0563	0.0761	0.0002	0.1095	0.1276	0.0186	0.8399	0.1005	2.0639	0.1655	0.1364	0.6640	1.4665	0.0034	2.1699	0.0157	12.4062	-0.0000	0.0653	1.7555	0.0406	11.9300	2.3361	0.0001	0.0001	0.0000	0.0000	0.0000	0.0000	0.0001	0.0001	0.0000	0.1398	0.0104	0.1294	0.0133	0.0103	0.0029	0.1266	0.0001	0.1265	0.0014	0.0011	0.0003	0.0009	0.0007	0.0002	0.0005	0.0004	0.0001	0.1665	0.1038	0.0627	0.0802	0.0758	0.0044	0.0863	0.0280	0.0583	0.0906	0.9623	0.0025	0.3406	0.5581	0.0003	0.0747	37.5802	0.0086	0.8399	0.1005	2.0639	0.1655	0.1364	0.6640	1.4665	0.0034	2.1699
65	71	0.7605	10	1	2	1	0	0	0	0	0	N	Y	N	N	N	N	N	N	N	N	N	N	0.0000	0.0000	0.0000	0.0000	0.0000	0.0000	0.0000	0.0000	0.0000	0.0000	0.0000	0.0000	0.0000	0.0000	0.0000	0.0000	0.0000	0.0000	0.0000	0.0000	1.7555	0.0000	11.9300	0.0000	0.0000	0.0000	0.0000	0.0000	0.0000	0.0000	0.0000	0.0000	0.0000	0.0000	0.0000	0.0000	0.0000	0.0000	0.0000	0.0000	0.0000	0.0000	0.0000	0.0000	0.0000	0.0000	0.0000	0.0000	0.0000	0.0000	0.0000	0.0000	0.0000	0.0000	0.0000	0.0000	0.0000	0.0000	0.0000	0.0000	0.0000	0.0000	0.0000	0.0000	0.0000	0.0000	0.0000	0.0000	0.0000	0.0000	0.0000	0.0000	0.0000	0.0000	0.0000	0.0000	0.0000	0.0000											
65	72	0.7425	9	1	2	1	0	0	0	0	0	N	Y	N	N	N	N	N	N	N	N	N	N	0.0000	0.0000	0.0000	0.0000	0.0000	0.0000	0.0000	0.0000	0.0000	0.0000	0.0000	0.0000	0.0000	0.0000	0.0000	0.0000	0.0000	0.0000	0.0003	0.0003	0.0005	0.0004	0.0004	0.0007	0.0002	0.0000	0.0004	0.7047	0.0000	-0.0000	1.7555	3.9057	11.9300	1.1104	0.0000	0.0000	0.0000	0.0000	0.0000	0.0000	0.0000	0.0000	0.0000	0.0000	0.0000	0.0000	0.0000	0.0000	0.0000	0.0000	0.0000	0.0000	0.0507	0.0450	0.0058	0.0170	0.0161	0.0009	0.0337	0.0288	0.0049	0.1022	0.0756	0.0266	0.0606	0.0519	0.0086	0.0416	0.0236	0.0180	0.0000	0.0000	0.0000	0.0000	0.0000	0.0000	0.0000	0.0000	0.0000	0.0003	0.0003	0.0005	0.0004	0.0004	0.0007	0.0002	0.0000	0.0004	
65	73	0.5397	7	1	2	0	0	0	0	0	0	N	Y	N	N	N	N	N	N	N	N	N	N	1.8823	4.9015	0.0001	6.5337	6.2666	0.0000	0.0230	145.0171	0.0001	4.2444	4.9529	0.0003	8.9381	9.9262	0.0000	0.0751	0.0916	0.0005	2.2549	1.0105	5.4838	1.3680	1.5840	0.0039	3.2683	0.0006	7.4296	0.0000	2.0916	-0.3005	0.2826	1.7555	6.9070	11.9300	16.5673	0.6814	0.6814	0.0000	0.6750	0.6750	0.0000	0.0064	0.0064	0.0000	1.2952	0.4189	0.8763	0.4190	0.4189	0.0002	0.8762	0.0001	0.8761	0.1605	0.1376	0.0230	0.0755	0.0680	0.0075	0.0850	0.0696	0.0154	0.5744	0.4146	0.1598	0.3063	0.2644	0.0419	0.2681	0.1502	0.1179	1.8823	4.9015	0.0001	6.5337	6.2666	0.0000	0.0230	145.0171	0.0001	2.2549	1.0105	5.4838	1.3680	1.5840	0.0039	3.2683	0.0006	7.4296
65	74	0.6036	9	0	2	0	1	0	0	0	0	N	Y	N	N	N	N	N	N	N	N	N	N	0.0006	0.2654	0.0000	0.1547	0.6226	0.0000	0.0000	0.0001	0.0000	0.0010	0.0012	0.0000	0.0037	0.0039	0.0000	0.0000	0.0000	0.0000	1.7431	0.0045	6.2824	0.0239	0.0062	0.1049	4.3329	0.0008	13.5304	0.0000	531.4413	-0.0000	0.5172	1.7555	6.4226	11.9300	19.3377	0.0001	0.0001	0.0000	0.0001	0.0001	0.0000	0.0000	0.0000	0.0000	0.9581	0.0018	0.9563	0.0079	0.0017	0.0062	0.9503	0.0001	0.9501	0.0885	0.0773	0.0113	0.0251	0.0239	0.0012	0.0634	0.0534	0.0100	0.5497	0.3975	0.1522	0.3304	0.2713	0.0591	0.2193	0.1262	0.0931	0.0006	0.2654	0.0000	0.1547	0.6226	0.0000	0.0000	0.0001	0.0000	1.7431	0.0045	6.2824	0.0239	0.0062	0.1049	4.3329	0.0008	10.2004
65	75	0.5584	8	0	1	0	1	0	0	0	0	N	N	N	N	N	N	N	N	N	N	N	N	0.4156	5.7928	0.0002	21.9134	20.2112	0.0001	0.0004	0.0080	0.0002	0.2323	0.2650	0.0004	0.6937	0.7222	0.0000	0.0005	0.0006	0.0005	0.5588	0.0457	1.7497	0.0317	0.0357	0.0080	1.2821	0.0697	2.4366	0.0002	16.4814	-0.0087	0.2178	1.7555	5.1932	11.9300	17.4397	0.0198	0.0198	0.0000	0.0198	0.0198	0.0000	0.0000	0.0000	0.0000	0.4496	0.0257	0.4239	0.0147	0.0142	0.0006	0.4348	0.0115	0.4233	0.0853	0.0747	0.0105	0.0285	0.0274	0.0011	0.0568	0.0474	0.0094	0.8045	0.5622	0.2422	0.4653	0.3968	0.0685	0.3392	0.1654	0.1737	0.4156	5.7928	0.0002	21.9134	20.2112	0.0001	0.0004	0.0080	0.0002	0.5588	0.0457	1.7497	0.0317	0.0357	0.0080	1.2821	0.0697	2.4366
65	76	0.5214	7	0	1	0	0	0	0	0	0	N	N	N	N	N	N	N	N	N	N	N	N	0.7322	1.5428	0.0251	4.1479	3.6515	0.0093	0.0081	0.0166	0.0185	0.4000	0.4541	0.0293	1.2128	1.2603	0.0001	0.0077	0.0026	0.0324	0.5463	0.2944	1.1641	0.2924	0.3451	0.0134	0.9495	0.1595	1.7490	0.0094	1.6122	-0.0132	0.0811	1.7555	4.4918	11.9300	17.5337	0.0307	0.0304	0.0003	0.0303	0.0303	0.0000	0.0004	0.0001	0.0003	0.5108	0.1956	0.3153	0.1678	0.1666	0.0012	0.3430	0.0290	0.3141	0.0767	0.0669	0.0098	0.0250	0.0240	0.0009	0.0517	0.0429	0.0088	0.9352	0.6643	0.2708	0.5739	0.4826	0.0913	0.3613	0.1817	0.1796	0.7322	1.5428	0.0251	4.1479	3.6515	0.0093	0.0081	0.0166	0.0185	0.5463	0.2944	1.1641	0.2924	0.3451	0.0134	0.9495	0.1595	1.7490
65	77	0.2505	6	0	1	0	1	0	0	0	0	N	N	N	N	N	N	N	N	N	N	N	N	0.0002	0.0003	0.0000	0.0004	0.0005	0.0000	0.0000	0.0000	0.0000	0.0000	0.0000	0.0000	0.0000	0.0000	0.0000	0.0000	0.0000	0.0000	0.0346	0.0225	0.0590	0.0548	0.0502	0.1111	0.0249	0.0000	0.0549	0.0027	1.3023	-0.0000	0.0014	1.7555	0.3745	11.9300	14.7996	0.0000	0.0000	0.0000	0.0000	0.0000	0.0000	0.0000	0.0000	0.0000	0.0134	0.0058	0.0076	0.0069	0.0058	0.0011	0.0065	0.0000	0.0065	0.0065	0.0058	0.0007	0.0015	0.0015	0.0000	0.0049	0.0043	0.0007	0.3879	0.2592	0.1286	0.1256	0.1161	0.0095	0.2623	0.1431	0.1192	0.0002	0.0003	0.0000	0.0004	0.0005	0.0000	0.0000	0.0000	0.0000	0.0346	0.0225	0.0590	0.0548	0.0502	0.1111	0.0249	0.0000	0.0549
65	78	0.2282	5	0	1	0	1	0	0	0	0	N	N	N	N	N	N	N	N	N	N	N	N	0.0595	0.0509	0.0481	0.1288	0.1302	0.0000	0.0153	0.0000	0.0636	0.0005	0.0005	0.0002	0.0029	0.0030	0.0000	0.0000	0.0000	0.0002	0.0083	0.0106	0.0037	0.0225	0.0229	0.0173	0.0018	0.0008	0.0029	0.0478	0.1745	-0.0000	-0.0009	1.7555	1.4595	11.9300	10.3922	0.0000	0.0000	0.0000	0.0000	0.0000	0.0000	0.0000	0.0000	0.0000	0.0029	0.0025	0.0004	0.0025	0.0024	0.0001	0.0004	0.0001	0.0003	0.0210	0.0183	0.0027	0.0034	0.0033	0.0001	0.0176	0.0150	0.0026	0.3468	0.2310	0.1158	0.1095	0.1030	0.0065	0.2373	0.1280	0.1092	0.0595	0.0509	0.0481	0.1288	0.1302	0.0000	0.0153	0.0000	0.0636	0.0083	0.0106	0.0037	0.0225	0.0229	0.0173	0.0018	0.0008	0.0029
65	79	0.2141	4	0	1	0	1	0	0	0	0	N	N	N	N	N	N	N	N	N	N	N	N	0.0535	0.0003	3.7968	0.0010	0.0009	0.0060	1.3765	0.0000	4.8417	0.0041	0.0000	0.0290	0.0002	0.0002	0.0002	0.0048	0.0000	0.0299	0.0771	0.1119	0.0076	0.2180	0.2277	0.0346	0.0035	0.0010	0.0062	138.8700	0.0341	0.0000	-0.0089	1.7555	1.3861	11.9300	6.3168	0.0001	0.0000	0.0001	0.0000	0.0000	0.0000	0.0001	0.0000	0.0001	0.0209	0.0202	0.0007	0.0203	0.0201	0.0002	0.0006	0.0001	0.0005	0.0189	0.0162	0.0027	0.0027	0.0026	0.0001	0.0162	0.0136	0.0026	0.2706	0.1804	0.0903	0.0929	0.0883	0.0046	0.1777	0.0921	0.0856	0.0535	0.0003	3.7968	0.0010	0.0009	0.0060	1.3765	0.0000	4.8417	0.0771	0.1119	0.0076	0.2180	0.2277	0.0346	0.0035	0.0010	0.0062
65	80	0.1546	3	0	1	0	1	0	0	0	0	N	N	N	N	N	N	N	N	N	N	N	N	18.3809	0.0001	58.5274	0.0204	0.0002	0.1023	25.3537	0.0001	85.3218	0.9307	0.0000	6.8349	0.0013	0.0000	0.0375	1.0928	0.0000	7.1066	0.0506	0.0148	0.1168	0.0649	0.0236	0.3669	0.0431	0.0070	0.0833	681884.2881	4.2728	0.0264	0.0093	1.7555	4.0043	11.9300	19.8631	0.0473	0.0000	0.0473	0.0000	0.0000	0.0000	0.0473	0.0000	0.0473	0.0266	0.0050	0.0215	0.0117	0.0038	0.0080	0.0148	0.0013	0.0135	0.0508	0.0439	0.0069	0.0076	0.0073	0.0003	0.0433	0.0366	0.0067	0.5244	0.3402	0.1843	0.1808	0.1591	0.0218	0.3436	0.1811	0.1625	18.3809	0.0001	58.5274	0.0204	0.0002	0.1023	25.3537	0.0001	85.3218	0.0506	0.0148	0.1168	0.0649	0.0236	0.3669	0.0431	0.0070	0.0833
65	81	0.6952	9	0	2	1	0	0	0	0	0	N	Y	N	N	N	N	N	N	N	N	N	N	0.0000	0.0000	0.0000	0.0000	0.0000	0.0000	0.0000	0.0000	0.0000	0.0000	0.0000	0.0000	0.0000	0.0000	0.0000	0.0000	0.0000	0.0000	0.0222	0.0311	0.0000	0.0048	0.0056	0.0000	0.0507	0.1041	0.0000	0.0002	0.0000	-0.0013	1.7555	2.0162	11.9300	4.5500	0.0000	0.0000	0.0000	0.0000	0.0000	0.0000	0.0000	0.0000	0.0000	0.0027	0.0027	0.0000	0.0004	0.0004	0.0000	0.0024	0.0024	0.0000	0.0309	0.0275	0.0035	0.0137	0.0129	0.0008	0.0173	0.0146	0.0027	0.1233	0.0881	0.0352	0.0764	0.0652	0.0112	0.0469	0.0228	0.0241	0.0000	0.0000	0.0000	0.0000	0.0000	0.0000	0.0000	0.0000	0.0000	0.0222	0.0311	0.0000	0.0048	0.0056	0.0000	0.0507	0.1041	0.0000	
65	82	0.2626	7	0	2	1	0	0	0	0	0	N	Y	N	N	N	N	N	N	N	N	N	N	0.3687	0.3691	0.0000	0.5819	0.6687	0.0000	0.0000	0.0000	0.0000	0.0003	0.0004	0.0000	0.0011	0.0012	0.0000	0.0000	0.0000	0.0000	0.0009	0.0011	0.0006	0.0019	0.0018	0.0025	0.0000	0.0000	0.0001	0.0000	0.2432	-0.0000	-0.0000	1.7555	3.0011	11.9300	3.7015	0.0000	0.0000	0.0000	0.0000	0.0000	0.0000	0.0000	0.0000	0.0000	0.0001	0.0001	0.0000	0.0001	0.0001	0.0000	0.0000	0.0000	0.0000	0.0415	0.0358	0.0057	0.0128	0.0117	0.0011	0.0287	0.0241	0.0046	0.1587	0.1102	0.0484	0.0749	0.0649	0.0100	0.0837	0.0453	0.0384	0.3687	0.3691	0.0000	0.5819	0.6687	0.0000	0.0000	0.0000	0.0000	0.0009	0.0011	0.0006	0.0019	0.0018	0.0025	0.0000	0.0000	0.0001
65	83	0.2512	6	0	2	0	0	0	0	0	0	N	Y	N	N	N	N	N	N	N	N	N	N	0.0096	0.0001	0.0634	0.0005	0.0002	0.0013	0.3106	0.0000	1.0532	0.0002	0.0000	0.0011	0.0000	0.0000	0.0001	0.0002	0.0000	0.0014	0.0163	0.0157	0.0179	0.0344	0.0267	0.1003	0.0007	0.0002	0.0013	117.4746	0.4600	0.0000	-0.0005	1.7555	2.0032	11.9300	4.2039	0.0000	0.0000	0.0000	0.0000	0.0000	0.0000	0.0000	0.0000	0.0000	0.0032	0.0022	0.0010	0.0031	0.0022	0.0009	0.0001	0.0000	0.0001	0.0281	0.0243	0.0039	0.0086	0.0078	0.0007	0.0196	0.0164	0.0032	0.1960	0.1395	0.0565	0.0909	0.0815	0.0094	0.1051	0.0581	0.0470	0.0096	0.0001	0.0634	0.0005	0.0002	0.0013	0.3106	0.0000	1.0532	0.0163	0.0157	0.0179	0.0344	0.0267	0.1003	0.0007	0.0002	0.0013
65	84	0.2480	6	1	1	1	0	0	0	0	0	N	N	N	N	N	N	N	N	N	N	N	N	0.0741	0.0000	0.1949	0.0115	0.0001	0.0508	0.0728	0.0000	0.2056	0.0013	0.0000	0.0090	0.0001	0.0000	0.0011	0.0018	0.0000	0.0106	0.0173	0.0031	0.0461	0.0079	0.0057	0.0217	0.0242	0.0000	0.0513	15317.5000	7.2316	0.0000	0.0010	1.7555	1.0052	11.9300	4.9545	0.0000	0.0000	0.0000	0.0000	0.0000	0.0000	0.0000	0.0000	0.0000	0.0024	0.0003	0.0021	0.0005	0.0003	0.0002	0.0019	0.0000	0.0019	0.0144	0.0123	0.0020	0.0041	0.0038	0.0003	0.0102	0.0085	0.0017	0.1385	0.0929	0.0456	0.0588	0.0507	0.0081	0.0797	0.0422	0.0375	0.0741	0.0000	0.1949	0.0115	0.0001	0.0508	0.0728	0.0000	0.2056	0.0173	0.0031	0.0461	0.0079	0.0057	0.0217	0.0242	0.0000	0.0513
65	85	0.2286	5	1	1	1	0	0	0	0	0	N	N	N	N	N	N	N	N	N	N	N	N	16.2330	0.0004	323.1202	0.3910	0.0000	18.0556	144.0322	0.0524	429.9203	0.2320	0.0000	1.6710	0.0116	0.0000	0.1335	0.3273	0.0000	2.0308	0.0143	0.0183	0.0052	0.0298	0.0328	0.0074	0.0023	0.0002	0.0047	33147.3455	0.1254	0.0018	-0.0011	1.7555	0.9968	11.9300	7.6169	0.0033	0.0000	0.0033	0.0000	0.0000	0.0000	0.0032	0.0000	0.0032	0.0032	0.0028	0.0004	0.0029	0.0028	0.0001	0.0003	0.0000	0.0003	0.0141	0.0122	0.0020	0.0043	0.0039	0.0004	0.0099	0.0083	0.0016	0.2206	0.1527	0.0679	0.0964	0.0850	0.0114	0.1242	0.0677	0.0565	16.2330	0.0004	323.1202	0.3910	0.0000	18.0556	144.0322	0.0524	429.9203	0.0143	0.0183	0.0052	0.0298	0.0328	0.0074	0.0023	0.0002	0.0047
65	86	0.2486	4	1	2	0	0	0	0	0	0	N	Y	N	N	N	N	N	N	N	N	N	N	0.0200	0.0171	0.0000	0.0000	0.0000	0.0000	3.9679	3.0801	0.0000	0.0050	0.0058	0.0000	0.0000	0.0000	0.0000	0.0075	0.0091	0.0000	0.2507	0.3407	0.0002	0.4894	0.5707	0.0001	0.0019	0.0029	0.0003	0.0000	0.0002	-0.0002	-0.0526	1.7555	5.8060	11.9300	6.1034	0.0005	0.0005	0.0000	0.0000	0.0000	0.0000	0.0005	0.0005	0.0000	0.1148	0.1148	0.0000	0.1144	0.1144	0.0000	0.0004	0.0004	0.0000	0.0939	0.0808	0.0130	0.0314	0.0290	0.0024	0.0625	0.0518	0.0106	0.4580	0.3369	0.1210	0.2337	0.2004	0.0333	0.2242	0.1365	0.0877	0.0200	0.0171	0.0000	0.0000	0.0000	0.0000	3.9679	3.0801	0.0000	0.2507	0.3407	0.0002	0.4894	0.5707	0.0001	0.0019	0.0029	0.0003
65	87	0.1546	3	1	2	0	0	0	0	0	0	N	Y	N	N	N	N	N	N	N	N	N	N	4.0618	3.1525	0.0023	0.1230	0.1133	0.0100	3.2151	2.0974	0.0021	4.5946	5.3073	0.0002	0.0060	0.0062	0.0001	5.3866	6.3481	0.0003	1.1312	1.6835	0.1069	0.0486	0.0546	0.0054	1.6754	3.0266	0.1203	0.0000	0.0342	-0.3048	-0.3342	1.7555	12.2869	11.9300	21.7146	0.6910	0.6910	0.0000	0.0001	0.0001	0.0000	0.6909	0.6909	0.0000	0.7859	0.7599	0.0260	0.0113	0.0111	0.0002	0.7746	0.7488	0.0259	0.1504	0.1302	0.0202	0.0221	0.0214	0.0008	0.1283	0.1088	0.0194	0.6948	0.4514	0.2434	0.2324	0.2040	0.0284	0.4623	0.2474	0.2150	4.0618	3.1525	0.0023	0.1230	0.1133	0.0100	3.2151	2.0974	0.0021	1.1312	1.6835	0.1069	0.0486	0.0546	0.0054	1.6754	3.0266	0.1203
65	88	0.2512	6	0	2	0	0	0	0	0	0	N	Y	N	N	N	N	N	N	N	N	N	N	0.0024	0.0020	0.0105	0.0036	0.0034	0.0000	0.0056	0.0001	0.0179	0.0009	0.0010	0.0001	0.0030	0.0032	0.0000	0.0000	0.0000	0.0001	0.3725	0.5320	0.0051	0.8254	0.9401	0.0115	0.0019	0.0004	0.0037	0.0083	0.0042	-0.0000	-0.0550	1.7555	4.0005	11.9300	9.0093	0.0001	0.0001	0.0000	0.0001	0.0001	0.0000	0.0000	0.0000	0.0000	0.1210	0.1205	0.0005	0.1207	0.1205	0.0002	0.0003	0.0000	0.0003	0.0557	0.0480	0.0077	0.0169	0.0155	0.0014	0.0388	0.0325	0.0062	0.3249	0.2266	0.0983	0.1462	0.1282	0.0181	0.1787	0.0984	0.0803	0.0024	0.0020	0.0105	0.0036	0.0034	0.0000	0.0056	0.0001	0.0179	0.3725	0.5320	0.0051	0.8254	0.9401	0.0115	0.0019	0.0004	0.0037
65	89	0.2286	5	0	2	0	0	0	0	0	0	N	Y	N	N	N	N	N	N	N	N	N	N	0.0014	0.0011	0.0110	0.0019	0.0018	0.0000	0.0052	0.0000	0.0158	0.0000	0.0000	0.0000	0.0001	0.0001	0.0000	0.0000	0.0000	0.0000	0.0240	0.0341	0.0015	0.0545	0.0617	0.0026	0.0006	0.0001	0.0013	0.0741	0.0199	-0.0000	-0.0027	1.7555	1.0051	11.9300	9.2650	0.0000	0.0000	0.0000	0.0000	0.0000	0.0000	0.0000	0.0000	0.0000	0.0061	0.0059	0.0001	0.0060	0.0059	0.0000	0.0001	0.0000	0.0001	0.0143	0.0123	0.0020	0.0043	0.0039	0.0004	0.0100	0.0084	0.0016	0.2526	0.1742	0.0784	0.1097	0.0962	0.0135	0.1429	0.0780	0.0649	0.0014	0.0011	0.0110	0.0019	0.0018	0.0000	0.0052	0.0000	0.0158	0.0240	0.0341	0.0015	0.0545	0.0617	0.0026	0.0006	0.0001	0.0013
65	93	0.6952	9	1	2	0	0	0	0	0	0	N	Y	N	N	N	N	N	N	N	N	N	N	0.3632	0.2942	0.0773	0.5172	0.4668	0.2102	0.0021	0.0000	0.0143	0.0011	0.0012	0.0000	0.0025	0.0026	0.0000	0.0000	0.0000	0.0000	0.0030	0.0041	0.0001	0.0048	0.0056	0.0001	0.0001	0.0001	0.0001	0.0006	0.0067	-0.0000	-0.0002	1.7555	2.5103	11.9300	7.4742	0.0000	0.0000	0.0000	0.0000	0.0000	0.0000	0.0000	0.0000	0.0000	0.0005	0.0005	0.0000	0.0005	0.0005	0.0000	0.0000	0.0000	0.0000	0.0370	0.0329	0.0041	0.0162	0.0153	0.0009	0.0208	0.0176	0.0032	0.1664	0.1190	0.0474	0.1029	0.0872	0.0157	0.0634	0.0317	0.0317	0.3632	0.2942	0.0773	0.5172	0.4668	0.2102	0.0021	0.0000	0.0143	0.0030	0.0041	0.0001	0.0048	0.0056	0.0001	0.0001	0.0001	0.0001
65	94	0.6589	8	0	2	0	0	0	0	0	0	N	Y	N	N	N	N	N	N	N	N	N	N	0.0986	0.0493	0.6844	0.0001	0.0001	0.0000	0.2553	0.2228	0.6122	0.0003	0.0002	0.0016	0.0000	0.0000	0.0000	0.0006	0.0003	0.0020	0.0035	0.0039	0.0024	0.0045	0.0052	0.0001	0.0023	0.0015	0.0032	0.9993	0.2233	0.0000	-0.0002	1.7555	7.1305	11.9300	3.2426	0.0000	0.0000	0.0000	0.0000	0.0000	0.0000	0.0000	0.0000	0.0000	0.0007	0.0006	0.0001	0.0005	0.0005	0.0000	0.0002	0.0001	0.0001	0.1153	0.1030	0.0123	0.0466	0.0444	0.0022	0.0687	0.0587	0.0101	0.1997	0.1459	0.0538	0.1107	0.0958	0.0149	0.0890	0.0501	0.0389	0.0986	0.0493	0.6844	0.0001	0.0001	0.0000	0.2553	0.2228	0.6122	0.0035	0.0039	0.0024	0.0045	0.0052	0.0001	0.0023	0.0015	0.0032
65	95	0.2286	5	1	2	0	0	0	0	0	0	N	Y	N	N	N	N	N	N	N	N	N	N	0.2879	0.0145	235.1243	0.0504	0.0407	0.4357	0.2402	0.0099	264.5328	0.4728	0.0349	3.2246	0.0018	0.0017	0.0036	0.6728	0.0503	3.9548	1.6422	2.4098	0.0137	0.0365	0.0411	0.0083	2.8014	5.0800	0.0149	14.7030	0.0027	0.0257	-0.4598	1.7555	8.0000	11.9300	22.5660	0.0518	0.0033	0.0485	0.0001	0.0001	0.0000	0.0518	0.0032	0.0485	1.0091	1.0064	0.0027	0.0094	0.0091	0.0003	0.9997	0.9973	0.0024	0.1096	0.0946	0.0150	0.0327	0.0299	0.0028	0.0769	0.0647	0.0123	0.6145	0.4176	0.1969	0.2576	0.2213	0.0363	0.3569	0.1963	0.1605	0.2879	0.0145	235.1243	0.0504	0.0407	0.4357	0.2402	0.0099	264.5328	1.6422	2.4098	0.0137	0.0365	0.0411	0.0083	2.8014	5.0800	0.0149
65	96	0.1546	3	0	1	0	0	0	0	0	0	N	N	N	N	N	N	N	N	N	N	N	N	0.0018	1.1359	0.0000	0.2717	1.0005	0.0000	0.0010	15250.3902	0.0000	0.0028	0.0032	0.0000	0.0060	0.0062	0.0000	0.0022	0.0026	0.0000	1.5244	0.0028	4.3425	0.0221	0.0062	0.1365	2.2888	0.0000	4.9014	0.0000	826.7229	-0.0002	0.5297	1.7555	11.9964	11.9300	18.8414	0.0004	0.0004	0.0000	0.0001	0.0001	0.0000	0.0003	0.0003	0.0000	0.9801	0.0012	0.9789	0.0048	0.0012	0.0036	0.9753	0.0000	0.9753	0.1470	0.1273	0.0198	0.0216	0.0209	0.0008	0.1254	0.1064	0.0190	0.6429	0.4175	0.2254	0.2168	0.1904	0.0264	0.4261	0.2271	0.1990	0.0018	1.1359	0.0000	0.2717	1.0005	0.0000	0.0010	15250.3902	0.0000	1.5244	0.0028	4.3425	0.0221	0.0062	0.1365	2.2888	0.0000	4.9014
65	98	0.2591	7	1	2	1	0	0	0	0	0	N	Y	N	N	N	N	N	N	N	N	N	N	10.6954	30.1905	0.0000	18.0227	39.8728	0.0000	0.3310	6009.0556	0.0000	0.1993	0.2380	0.0000	0.4836	0.5811	0.0000	0.0041	0.0048	0.0000	0.0186	0.0079	0.0425	0.0268	0.0146	0.0995	0.0123	0.0000	0.0280	0.0000	2.4308	-0.0014	0.0017	1.7555	0.9502	11.9300	16.1595	0.0031	0.0031	0.0000	0.0031	0.0031	0.0000	0.0000	0.0000	0.0000	0.0067	0.0019	0.0047	0.0042	0.0019	0.0022	0.0025	0.0000	0.0025	0.0157	0.0132	0.0026	0.0064	0.0053	0.0011	0.0093	0.0078	0.0015	0.3579	0.2467	0.1113	0.1559	0.1334	0.0225	0.2020	0.1132	0.0888	10.6954	30.1905	0.0000	18.0227	39.8728	0.0000	0.3310	6009.0556	0.0000	0.0186	0.0079	0.0425	0.0268	0.0146	0.0995	0.0123	0.0000	0.0280
65	99	0.1546	3	0	2	0	0	0	0	0	0	N	Y	N	N	N	N	N	N	N	N	N	N	10.6318	252.9609	16.6124	0.4513	0.5260	0.6206	8.2656	224.5166	15.2643	11.4856	5.4331	50.4802	0.0074	0.0067	0.0265	13.4672	6.4988	52.4831	1.0803	0.0215	3.0387	0.0164	0.0127	0.0427	1.6293	0.0289	3.4383	1.4421	76.4912	0.2523	0.3367	1.7555	11.9964	11.9300	15.6499	1.6887	0.6915	0.9972	0.0002	0.0001	0.0000	1.6885	0.6913	0.9972	0.6367	0.0082	0.6285	0.0033	0.0022	0.0010	0.6335	0.0060	0.6275	0.1470	0.1273	0.0198	0.0216	0.0209	0.0008	0.1254	0.1064	0.0190	0.5894	0.3826	0.2068	0.2006	0.1763	0.0243	0.3888	0.2063	0.1825	10.6318	252.9609	16.6124	0.4513	0.5260	0.6206	8.2656	224.5166	15.2643	1.0803	0.0215	3.0387	0.0164	0.0127	0.0427	1.6293	0.0289	3.4383
65	100	0.2621	8	1	1	1	0	0	0	0	0	N	N	N	N	N	N	N	N	N	N	N	N	0.0037	0.0137	0.0000	0.0010	0.0010	0.0000	0.0036	0.0557	0.0000	0.0002	0.0002	0.0000	0.0000	0.0000	0.0000	0.0003	0.0003	0.0000	0.0557	0.0174	0.1388	0.0230	0.0267	0.0015	0.0812	0.0063	0.1747	0.0000	3.6663	-0.0000	0.0057	1.7555	1.0008	11.9300	13.9255	0.0000	0.0000	0.0000	0.0000	0.0000	0.0000	0.0000	0.0000	0.0000	0.0174	0.0037	0.0136	0.0031	0.0031	0.0000	0.0142	0.0006	0.0136	0.0143	0.0123	0.0020	0.0046	0.0042	0.0004	0.0096	0.0081	0.0016	0.3121	0.2137	0.0983	0.1368	0.1164	0.0204	0.1753	0.0973	0.0780	0.0037	0.0137	0.0000	0.0010	0.0010	0.0000	0.0036	0.0557	0.0000	0.0557	0.0174	0.1388	0.0230	0.0267	0.0015	0.0812	0.0063	0.1747
65	101	0.2591	7	1	1	1	0	0	0	0	0	N	N	N	N	N	N	N	N	N	N	N	N	8.6614	18.3678	0.0064	0.4239	0.5457	0.0658	31.3288	430.6937	0.0028	0.0574	0.0793	0.0001	0.0024	0.0035	0.0001	0.2442	0.2795	0.0000	0.0066	0.0043	0.0126	0.0056	0.0064	0.0013	0.0078	0.0006	0.0170	0.0004	1.1273	-0.0001	0.0000	1.7555	0.0532	11.9300	2.0467	0.0002	0.0002	0.0000	0.0000	0.0000	0.0000	0.0002	0.0002	0.0000	0.0005	0.0002	0.0003	0.0002	0.0002	0.0000	0.0003	0.0000	0.0003	0.0030	0.0022	0.0008	0.0023	0.0016	0.0007	0.0007	0.0006	0.0001	0.0776	0.0559	0.0216	0.0419	0.0359	0.0061	0.0356	0.0201	0.0155	8.6614	18.3678	0.0064	0.4239	0.5457	0.0658	31.3288	430.6937	0.0028	0.0066	0.0043	0.0126	0.0056	0.0064	0.0013	0.0078	0.0006	0.0170
65	102	0.2494	6	1	1	1	0	0	0	0	0	N	N	N	N	N	N	N	N	N	N	N	N	1.7047	10.3927	0.0024	2.5966	9.6787	0.0046	1.2256	22.4028	0.0003	0.0101	0.0118	0.0000	0.0139	0.0159	0.0001	0.0079	0.0094	0.0000	0.0059	0.0011	0.0177	0.0053	0.0016	0.0266	0.0065	0.0004	0.0147	0.0006	6.3025	-0.0001	0.0003	1.7555	2.0948	11.9300	3.0326	0.0003	0.0003	0.0000	0.0002	0.0002	0.0000	0.0002	0.0002	0.0000	0.0008	0.0001	0.0007	0.0004	0.0001	0.0003	0.0005	0.0000	0.0005	0.0318	0.0271	0.0047	0.0116	0.0101	0.0015	0.0203	0.0170	0.0032	0.1417	0.1008	0.0410	0.0694	0.0591	0.0103	0.0723	0.0416	0.0307	1.7047	10.3927	0.0024	2.5966	9.6787	0.0046	1.2256	22.4028	0.0003	0.0059	0.0011	0.0177	0.0053	0.0016	0.0266	0.0065	0.0004	0.0147
65	103	0.2286	5	1	1	1	0	0	0	0	0	N	N	N	N	N	N	N	N	N	N	N	N	30.2312	178.8249	0.0099	1.9622	5.4836	0.0005	36.3059	857.8792	0.0134	0.0568	0.0659	0.0001	0.0029	0.0031	0.0000	0.0798	0.0950	0.0001	0.0019	0.0004	0.0053	0.0015	0.0006	0.0081	0.0022	0.0001	0.0047	0.0001	6.3713	-0.0014	0.0002	1.7555	3.9484	11.9300	4.8420	0.0031	0.0031	0.0000	0.0000	0.0000	0.0000	0.0031	0.0031	0.0000	0.0004	0.0001	0.0004	0.0001	0.0000	0.0001	0.0003	0.0000	0.0003	0.0551	0.0475	0.0076	0.0165	0.0151	0.0014	0.0386	0.0324	0.0062	0.2241	0.1550	0.0691	0.0978	0.0862	0.0116	0.1262	0.0688	0.0574	30.2312	178.8249	0.0099	1.9622	5.4836	0.0005	36.3059	857.8792	0.0134	0.0019	0.0004	0.0053	0.0015	0.0006	0.0081	0.0022	0.0001	0.0047
65	104	0.1869	4	0	2	0	0	0	0	0	0	N	Y	N	N	N	N	N	N	N	N	N	N	0.0002	0.0000	0.2741	0.0000	0.0000	0.0000	0.0050	0.0002	0.4553	0.0000	0.0000	0.0000	0.0000	0.0000	0.0000	0.0000	0.0000	0.0000	0.0324	0.0483	0.0002	0.0850	0.0979	0.0005	0.0015	0.0026	0.0001	10.6902	0.0016	0.0000	-0.0124	1.7555	8.9557	11.9300	32.3127	0.0000	0.0000	0.0000	0.0000	0.0000	0.0000	0.0000	0.0000	0.0000	0.0272	0.0271	0.0000	0.0264	0.0264	0.0000	0.0008	0.0007	0.0000	0.1310	0.1147	0.0163	0.0309	0.0296	0.0013	0.1002	0.0851	0.0151	0.8388	0.5614	0.2774	0.3107	0.2695	0.0411	0.5281	0.2919	0.2362	0.0002	0.0000	0.2741	0.0000	0.0000	0.0000	0.0050	0.0002	0.4553	0.0324	0.0483	0.0002	0.0850	0.0979	0.0005	0.0015	0.0026	0.0001
65	105	0.2124	5	0	1	1	0	0	0	0	0	N	N	N	N	N	N	N	N	N	N	N	N	0.0403	0.0000	24.4845	0.0000	0.0000	0.0000	21.5726	0.0000	72.7440	0.0002	0.0000	0.0015	0.0000	0.0000	0.0000	0.0003	0.0000	0.0016	0.0051	0.0075	0.0001	0.0121	0.0139	0.0002	0.0000	0.0000	0.0000	inf	0.0038	0.0000	-0.0006	1.7555	4.2679	11.9300	7.8415	0.0000	0.0000	0.0000	0.0000	0.0000	0.0000	0.0000	0.0000	0.0000	0.0014	0.0014	0.0000	0.0014	0.0014	0.0000	0.0000	0.0000	0.0000	0.0633	0.0544	0.0088	0.0146	0.0140	0.0006	0.0486	0.0404	0.0083	0.2799	0.1905	0.0894	0.1181	0.1019	0.0162	0.1618	0.0886	0.0732	0.0403	0.0000	24.4845	0.0000	0.0000	0.0000	21.5726	0.0000	72.7440	0.0051	0.0075	0.0001	0.0121	0.0139	0.0002	0.0000	0.0000	0.0000
65	106	0.1869	4	0	1	0	0	0	0	0	0	N	N	N	N	N	N	N	N	N	N	N	N	0.0001	0.0529	0.0000	0.0820	0.0769	0.0000	0.0000	0.0030	0.0000	0.0003	0.0003	0.0001	0.0009	0.0009	0.0000	0.0000	0.0000	0.0001	3.1252	0.0066	16.4857	0.0107	0.0118	0.0034	5.4084	0.0005	18.2583	0.0401	695.7404	-0.0000	0.5282	1.7555	1.9301	11.9300	9.0954	0.0000	0.0000	0.0000	0.0000	0.0000	0.0000	0.0000	0.0000	0.0000	0.9777	0.0014	0.9763	0.0014	0.0014	0.0001	0.9763	0.0000	0.9763	0.0415	0.0370	0.0045	0.0147	0.0142	0.0005	0.0268	0.0228	0.0040	0.3129	0.2131	0.0998	0.1323	0.1151	0.0173	0.1805	0.0980	0.0825	0.0001	0.0529	0.0000	0.0820	0.0769	0.0000	0.0000	0.0030	0.0000	3.1252	0.0066	9.7836	0.0107	0.0118	0.0034	5.4084	0.0005	11.8311
65	107	0.1546	3	0	1	0	0	0	0	0	0	N	N	N	N	N	N	N	N	N	N	N	N	0.0054	0.0179	0.0000	0.0022	0.0021	0.0000	0.0048	0.0874	0.0000	0.0004	0.0005	0.0000	0.0001	0.0001	0.0000	0.0005	0.0006	0.0000	0.0778	0.0270	0.1709	0.0422	0.0476	0.0009	0.0982	0.0064	0.1938	0.0015	3.4573	-0.0000	0.0083	1.7555	3.9049	11.9300	9.6098	0.0000	0.0000	0.0000	0.0000	0.0000	0.0000	0.0000	0.0000	0.0000	0.0262	0.0059	0.0203	0.0052	0.0052	0.0000	0.0210	0.0007	0.0203	0.0496	0.0429	0.0068	0.0074	0.0071	0.0003	0.0422	0.0357	0.0065	0.3370	0.2181	0.1189	0.1230	0.1089	0.0141	0.2139	0.1091	0.1048	0.0054	0.0179	0.0000	0.0022	0.0021	0.0000	0.0048	0.0874	0.0000	0.0778	0.0270	0.1709	0.0422	0.0476	0.0009	0.0982	0.0064	0.1938
65	108	0.1758	5	0	2	0	0	0	0	0	0	N	Y	N	N	N	N	N	N	N	N	N	N	0.0193	0.0061	0.0557	0.0048	0.0040	1.3215	0.0172	22.1057	0.0435	0.0322	0.0038	0.2114	0.0048	0.0049	0.0014	0.0372	0.0036	0.2190	1.6690	0.6302	3.7986	0.9970	1.2292	0.0010	2.1654	0.0002	5.0310	8.7235	2.9400	0.0016	0.3840	1.7555	8.0392	11.9300	22.6195	0.0035	0.0004	0.0031	0.0001	0.0001	0.0000	0.0034	0.0003	0.0031	1.3342	0.3386	0.9956	0.3386	0.3386	0.0001	0.9955	0.0000	0.9955	0.1082	0.0934	0.0148	0.0166	0.0161	0.0005	0.0916	0.0773	0.0143	0.7994	0.5373	0.2621	0.3397	0.2754	0.0642	0.4597	0.2619	0.1979	0.0193	0.0061	0.0557	0.0048	0.0040	1.3215	0.0172	22.1057	0.0435	1.6690	0.6302	3.7986	0.9970	1.2292	0.0010	2.1654	0.0002	5.0310
65	109	0.1758	4	0	1	0	0	0	0	0	0	N	N	N	N	N	N	N	N	N	N	N	N	0.0445	0.0400	0.0692	0.0373	0.0568	0.0027	1.5125	0.2120	2.1106	0.0215	0.0133	0.0614	0.0288	0.0290	0.0043	0.0172	0.0005	0.0625	0.4839	0.3332	0.8877	0.7724	0.5108	1.6146	0.0114	0.0024	0.0296	0.9513	0.9948	0.0000	0.0055	1.7555	0.2031	11.9300	2.0398	0.0002	0.0001	0.0001	0.0001	0.0001	0.0000	0.0001	0.0000	0.0001	0.1363	0.0683	0.0680	0.1351	0.0682	0.0669	0.0012	0.0002	0.0010	0.0072	0.0060	0.0012	0.0027	0.0027	0.0000	0.0045	0.0033	0.0012	0.2817	0.2051	0.0766	0.1749	0.1334	0.0415	0.1068	0.0717	0.0351	0.0445	0.0400	0.0692	0.0373	0.0568	0.0027	1.5125	0.2120	2.1106	0.4839	0.3332	0.8877	0.7724	0.5108	1.6146	0.0114	0.0024	0.0296
65	110	0.7563	10	1	1	1	0	0	0	0	0	N	N	N	N	N	N	N	N	N	N	N	N	0.0000	0.0000	0.0000	0.0000	0.0000	0.0000	0.0000	0.0000	0.0000	0.0000	0.0000	0.0000	0.0000	0.0000	0.0000	0.0000	0.0000	0.0000	0.0000	-0.0000	1.7555	0.0001	11.9300	0.0001	0.0000	0.0000	0.0000	0.0000	0.0000	0.0000	0.0000	0.0000	0.0000	0.0000	0.0000	0.0000	0.0000	0.0000	0.0000	0.0000	0.0000	0.0000	0.0012	0.0010	0.0003	0.0006	0.0006	0.0000	0.0006	0.0003	0.0003	0.0002	0.0002	0.0001	0.0001	0.0001	0.0000	0.0001	0.0000	0.0001	0.0000	0.0000	0.0000	0.0000	0.0000	0.0000	0.0000	0.0000	0.0000	0.0000	0.0000	0.0000	0.0000	0.0000	0.0000	0.0000	0.0000	0.0000											
65	111	0.7425	9	1	1	1	0	0	0	0	0	N	N	N	N	N	N	N	N	N	N	N	N	0.0000	0.0000	0.0000	0.0000	0.0000	0.0000	0.0000	0.0000	0.0000	0.0000	0.0000	0.0000	0.0000	0.0000	0.0000	0.0000	0.0000	0.0000	0.0009	0.0011	0.0006	0.0013	0.0013	0.0008	0.0005	0.0004	0.0005	0.1893	0.0000	-0.0000	1.7555	1.6718	11.9300	2.9223	0.0000	0.0000	0.0000	0.0000	0.0000	0.0000	0.0000	0.0000	0.0000	0.0001	0.0001	0.0000	0.0001	0.0001	0.0000	0.0000	0.0000	0.0000	0.0247	0.0219	0.0028	0.0088	0.0084	0.0004	0.0159	0.0135	0.0024	0.0961	0.0711	0.0249	0.0570	0.0489	0.0081	0.0390	0.0222	0.0168	0.0000	0.0000	0.0000	0.0000	0.0000	0.0000	0.0000	0.0000	0.0000	0.0009	0.0011	0.0006	0.0013	0.0013	0.0008	0.0005	0.0004	0.0005	
65	112	0.6589	8	1	1	1	0	0	0	0	0	N	N	N	N	N	N	N	N	N	N	N	N	0.0000	0.0000	0.0000	0.0000	0.0000	0.0000	0.0000	0.0000	0.0000	0.0000	0.0000	0.0000	0.0000	0.0000	0.0000	0.0000	0.0000	0.0000	0.0084	0.0097	0.0050	0.0130	0.0145	0.0042	0.0027	0.0006	0.0053	0.1985	0.0000	-0.0008	1.7555	14.0283	11.9300	7.1084	0.0000	0.0000	0.0000	0.0000	0.0000	0.0000	0.0000	0.0000	0.0000	0.0029	0.0024	0.0005	0.0024	0.0023	0.0001	0.0004	0.0001	0.0004	0.1907	0.1700	0.0207	0.0720	0.0683	0.0037	0.1187	0.1017	0.0170	0.3393	0.2452	0.0941	0.1879	0.1604	0.0274	0.1514	0.0848	0.0667	0.0000	0.0000	0.0000	0.0000	0.0000	0.0000	0.0000	0.0000	0.0000	0.0084	0.0097	0.0050	0.0130	0.0145	0.0042	0.0027	0.0006	0.0053	
65	113	0.5987	7	0	1	0	0	0	0	0	0	N	N	N	N	N	N	N	N	N	N	N	N	0.7861	0.7898	0.0000	1.5684	1.4772	0.0000	0.0001	0.0002	0.0000	0.0035	0.0039	0.0000	0.0096	0.0101	0.0000	0.0000	0.0000	0.0000	0.0044	0.0049	0.0031	0.0061	0.0068	0.0026	0.0019	0.0007	0.0033	0.0000	0.2545	-0.0002	-0.0005	1.7555	8.6129	11.9300	5.1709	0.0005	0.0005	0.0000	0.0005	0.0005	0.0000	0.0000	0.0000	0.0000	0.0019	0.0015	0.0004	0.0015	0.0014	0.0001	0.0003	0.0001	0.0003	0.1478	0.1312	0.0166	0.0533	0.0509	0.0024	0.0945	0.0803	0.0142	0.4296	0.3054	0.1242	0.2527	0.2112	0.0415	0.1769	0.0942	0.0827	0.7861	0.7898	0.0000	1.5684	1.4772	0.0000	0.0001	0.0002	0.0000	0.0044	0.0049	0.0031	0.0061	0.0068	0.0026	0.0019	0.0007	0.0033
65	114	0.5036	6	0	1	0	0	0	0	0	0	N	N	N	N	N	N	N	N	N	N	N	N	2.5881	20.7837	0.0004	48.6068	44.3575	0.0059	0.0002	0.0004	0.0004	2.1366	2.6973	0.0011	6.3445	6.6044	0.0001	0.0004	0.0000	0.0012	0.8256	0.1298	2.5797	0.1305	0.1489	0.0181	1.5818	0.0978	3.4684	0.0001	7.8845	-0.2775	0.3027	1.7555	16.8607	11.9300	22.7724	0.6292	0.6292	0.0001	0.6292	0.6292	0.0000	0.0001	0.0000	0.0001	0.7055	0.0794	0.6261	0.0581	0.0570	0.0011	0.6473	0.0224	0.6249	0.2945	0.2333	0.0612	0.0992	0.0953	0.0039	0.1953	0.1380	0.0573	0.8545	0.6118	0.2427	0.4453	0.3828	0.0625	0.4092	0.2291	0.1802	2.5881	20.7837	0.0004	48.6068	44.3575	0.0059	0.0002	0.0004	0.0004	0.8256	0.1298	2.5797	0.1305	0.1489	0.0181	1.5818	0.0978	3.4684
65	115	0.2348	5	1	1	1	0	0	0	0	0	N	N	N	N	N	N	N	N	N	N	N	N	0.0000	0.0000	0.0000	0.0000	0.0000	0.0000	0.0000	0.0000	0.0000	0.0000	0.0000	0.0000	0.0000	0.0000	0.0000	0.0000	0.0000	0.0000	0.5522	0.8717	0.0000	1.1963	1.2923	0.0000	0.0010	0.0027	0.0000	0.0000	0.0000	-0.0553	1.7555	1.0009	11.9300	4.0038	0.0000	0.0000	0.0000	0.0000	0.0000	0.0000	0.0000	0.0000	0.0000	0.1206	0.1206	0.0000	0.1205	0.1205	0.0000	0.0001	0.0001	0.0000	0.0148	0.0126	0.0022	0.0048	0.0042	0.0006	0.0100	0.0084	0.0016	0.2184	0.1384	0.0801	0.1007	0.0932	0.0075	0.1177	0.0451	0.0726	0.0000	0.0000	0.0000	0.0000	0.0000	0.0000	0.0000	0.0000	0.0000	0.5522	0.8717	0.0000	1.1963	1.2923	0.0000	0.0010	0.0027	0.0000	
65	116	0.2065	4	1	1	1	0	0	0	0	0	N	N	N	N	N	N	N	N	N	N	N	N	0.0049	0.0495	0.0000	0.0002	0.0002	0.0009	0.0055	0.8162	0.0001	0.0135	0.0155	0.0004	0.0001	0.0001	0.0000	0.0238	0.0283	0.0006	2.7627	0.3124	10.5177	0.4910	0.5566	0.0213	4.3226	0.0346	10.7757	0.0039	12.1721	-0.0002	0.3817	1.7555	1.8441	11.9300	10.4794	0.0004	0.0004	0.0000	0.0000	0.0000	0.0000	0.0004	0.0004	0.0000	0.8197	0.0622	0.7575	0.0593	0.0590	0.0003	0.7604	0.0032	0.7571	0.0330	0.0287	0.0043	0.0143	0.0130	0.0013	0.0186	0.0156	0.0030	0.2967	0.1992	0.0975	0.1208	0.1060	0.0148	0.1759	0.0932	0.0827	0.0049	0.0495	0.0001	0.0002	0.0002	0.0009	0.0055	0.8162	0.0001	2.7627	0.3124	7.7698	0.4910	0.5566	0.0213	4.3226	0.0346	9.1566
65	117	0.3908	4	0	2	0	1	0	0	0	0	N	Y	N	N	N	N	N	N	N	N	N	N	2.8038	116.4049	0.3309	2.1573	4.8825	0.0453	2.1701	6710.0648	0.2689	2.8126	3.2962	1.1575	0.2078	0.2145	0.0194	4.4002	6.0580	1.2266	1.0031	0.0283	3.4978	0.0963	0.0439	0.4285	2.0277	0.0009	4.5610	0.1026	48.2671	-0.2342	0.4593	1.7555	10.5071	11.9300	20.2622	0.6729	0.6103	0.0626	0.0188	0.0188	0.0001	0.6540	0.5915	0.0626	0.8810	0.0179	0.8631	0.0449	0.0177	0.0272	0.8361	0.0002	0.8359	0.2392	0.1851	0.0541	0.0906	0.0875	0.0031	0.1486	0.0976	0.0510	0.8782	0.6315	0.2467	0.4659	0.4024	0.0635	0.4123	0.2291	0.1833	2.8038	116.4049	0.3309	2.1573	4.8825	0.0453	2.1701	6710.0648	0.2689	1.0031	0.0283	3.4978	0.0963	0.0439	0.4285	2.0277	0.0009	4.5610
65	118	0.1546	3	0	2	0	1	0	0	0	0	N	Y	N	N	N	N	N	N	N	N	N	N	0.0004	0.0003	0.0000	0.0000	0.0000	0.0000	0.0003	0.0002	0.0000	0.0004	0.0005	0.0000	0.0000	0.0000	0.0000	0.0005	0.0005	0.0000	0.9971	1.5355	0.0000	0.0215	0.0244	0.0000	1.4943	2.8049	0.0000	0.0000	0.0000	-0.0000	-0.2909	1.7555	4.0036	11.9300	26.5072	0.0000	0.0000	0.0000	0.0000	0.0000	0.0000	0.0000	0.0000	0.0000	0.6346	0.6346	0.0000	0.0046	0.0046	0.0000	0.6299	0.6299	0.0000	0.0507	0.0438	0.0069	0.0075	0.0073	0.0003	0.0432	0.0366	0.0066	0.6364	0.4133	0.2232	0.2149	0.1887	0.0262	0.4216	0.2246	0.1970	0.0004	0.0003	0.0000	0.0000	0.0000	0.0000	0.0003	0.0002	0.0000	0.9971	1.5355	0.0000	0.0215	0.0244	0.0000	1.4943	2.8049	0.0000
65	119	0.1931	4	0	2	0	0	0	0	0	0	N	Y	N	N	N	N	N	N	N	N	N	N	0.1261	0.1008	0.0000	0.0085	0.0084	0.0000	1.5196	1.1267	0.0000	0.0127	0.0148	0.0000	0.0021	0.0023	0.0000	0.0197	0.0237	0.0000	0.1008	0.1472	0.0033	0.2418	0.2747	0.0050	0.0130	0.0210	0.0030	0.0000	0.0107	-0.0004	-0.0254	1.7555	3.8169	11.9300	21.2433	0.0009	0.0009	0.0000	0.0001	0.0001	0.0000	0.0009	0.0009	0.0000	0.0567	0.0561	0.0006	0.0522	0.0521	0.0001	0.0045	0.0040	0.0005	0.0727	0.0623	0.0104	0.0288	0.0258	0.0031	0.0438	0.0365	0.0074	0.5625	0.3811	0.1814	0.2159	0.1895	0.0264	0.3466	0.1916	0.1550	0.1261	0.1008	0.0000	0.0085	0.0084	0.0000	1.5196	1.1267	0.0000	0.1008	0.1472	0.0033	0.2418	0.2747	0.0050	0.0130	0.0210	0.0030
65	120	0.5388	8	0	2	0	0	0	0	0	0	N	Y	N	N	N	N	N	N	N	N	N	N	0.0689	0.0118	3.0136	0.0425	0.0261	2.0504	0.3237	0.0000	3.8266	0.0191	0.0044	0.1259	0.0183	0.0131	0.1212	0.0194	0.0000	0.1266	0.2769	0.3743	0.0418	0.4299	0.5043	0.0591	0.0601	0.0841	0.0331	3.9194	0.0462	0.0016	-0.1574	1.7555	16.3276	11.9300	34.9199	0.0046	0.0009	0.0037	0.0014	0.0009	0.0004	0.0032	0.0000	0.0032	0.3799	0.3631	0.0168	0.3458	0.3379	0.0079	0.0341	0.0253	0.0088	0.2417	0.2125	0.0292	0.0748	0.0713	0.0035	0.1669	0.1412	0.0256	1.3722	0.9703	0.4019	0.8044	0.6700	0.1345	0.5677	0.3003	0.2674	0.0689	0.0118	3.0136	0.0425	0.0261	2.0504	0.3237	0.0000	3.8266	0.2769	0.3743	0.0418	0.4299	0.5043	0.0591	0.0601	0.0841	0.0331
65	121	0.5214	7	0	2	0	0	0	0	0	0	N	Y	N	N	N	N	N	N	N	N	N	N	0.2947	0.3610	0.0698	0.9860	0.8676	2.2168	0.0176	0.0164	0.0469	0.1577	0.1739	0.0465	0.4860	0.5046	0.0455	0.0106	0.0035	0.0466	0.5352	0.4816	0.6667	0.4929	0.5816	0.0205	0.6028	0.2127	0.9940	0.0389	0.5636	-0.0062	-0.0480	1.7555	6.1757	11.9300	14.5601	0.0154	0.0149	0.0006	0.0147	0.0147	0.0001	0.0007	0.0002	0.0005	0.4907	0.3138	0.1769	0.2781	0.2763	0.0018	0.2126	0.0376	0.1750	0.0979	0.0854	0.0124	0.0303	0.0290	0.0012	0.0676	0.0564	0.0112	0.9169	0.6516	0.2653	0.5642	0.4750	0.0892	0.3527	0.1766	0.1761	0.2947	0.3610	0.0698	0.9860	0.8676	2.2168	0.0176	0.0164	0.0469	0.5352	0.4816	0.6667	0.4929	0.5816	0.0205	0.6028	0.2127	0.9940
65	122	0.4684	6	0	1	0	0	0	0	0	0	N	N	N	N	N	N	N	N	N	N	N	N	3.1829	3.4329	1.8088	10.7742	9.6303	0.3090	1.3306	1.2256	1.3698	3.1453	3.7880	1.2663	4.3391	4.4735	0.0116	2.3524	3.0470	1.3284	0.9882	1.1034	0.7001	0.4027	0.4645	0.0375	1.7680	2.4860	0.9697	0.1143	0.2538	-0.2095	-0.2539	1.7555	7.5400	11.9300	21.4192	0.6189	0.5554	0.0635	0.3407	0.3407	0.0000	0.2782	0.2147	0.0635	0.9919	0.7911	0.2008	0.2309	0.2278	0.0031	0.7610	0.5633	0.1977	0.1968	0.1466	0.0501	0.0785	0.0762	0.0024	0.1182	0.0705	0.0478	1.0037	0.7169	0.2868	0.5733	0.4903	0.0830	0.4304	0.2266	0.2038	3.1829	3.4329	1.8088	10.7742	9.6303	0.3090	1.3306	1.2256	1.3698	0.9882	1.1034	0.7001	0.4027	0.4645	0.0375	1.7680	2.4860	0.9697
65	123	0.2286	5	0	2	0	0	0	0	0	0	N	Y	N	N	N	N	N	N	N	N	N	N	0.0000	0.0000	0.0000	0.0001	0.0001	0.0000	0.0000	0.0000	0.0000	0.0002	0.0002	0.0000	0.0006	0.0007	0.0000	0.0000	0.0000	0.0000	7.6322	12.1085	0.0126	4.7987	5.4021	0.0045	6.9424	12.6349	0.0144	0.0000	0.0007	-0.0000	-1.3554	1.7555	4.0019	11.9300	19.5615	0.0000	0.0000	0.0000	0.0000	0.0000	0.0000	0.0000	0.0000	0.0000	2.9613	2.9593	0.0020	0.9757	0.9755	0.0001	1.9856	1.9838	0.0019	0.0558	0.0481	0.0077	0.0167	0.0153	0.0014	0.0391	0.0329	0.0063	0.4956	0.3376	0.1580	0.2095	0.1806	0.0290	0.2860	0.1570	0.1290	0.0000	0.0000	0.0000	0.0001	0.0001	0.0000	0.0000	0.0000	0.0000	5.9757	8.7660	0.0126	4.6563	5.4021	0.0045	6.9424	12.6349	0.0144
65	124	0.2065	4	0	1	0	0	0	0	0	0	N	N	N	N	N	N	N	N	N	N	N	N	0.0042	0.4469	0.0000	0.0003	0.0007	0.0000	0.0049	1.0650	0.0000	0.0162	0.0186	0.0000	0.0000	0.0000	0.0000	0.0315	0.0375	0.0000	3.8794	0.0416	23.4922	0.1004	0.0469	0.5024	6.4569	0.0352	25.1729	0.0000	135.5570	-0.0002	0.4943	1.7555	1.2223	11.9300	8.2281	0.0004	0.0004	0.0000	0.0000	0.0000	0.0000	0.0004	0.0004	0.0000	0.9251	0.0068	0.9183	0.0101	0.0042	0.0059	0.9150	0.0026	0.9124	0.0244	0.0212	0.0031	0.0118	0.0107	0.0011	0.0125	0.0105	0.0020	0.2421	0.1630	0.0791	0.1004	0.0886	0.0118	0.1417	0.0744	0.0673	0.0042	0.4469	0.0000	0.0003	0.0007	0.0000	0.0049	1.0650	0.0000	3.8212	0.0416	11.6115	0.1004	0.0469	0.5024	6.4569	0.0352	13.5608
65	125	0.1546	3	0	1	0	0	0	0	0	0	N	N	N	N	N	N	N	N	N	N	N	N	60.5735	774.3976	0.0000	2.5342	3.6499	0.0000	46.4457	544.2535	0.0000	9.1681	10.6073	0.0000	0.0116	0.0121	0.0000	10.7592	12.7048	0.0000	0.1514	0.0137	0.4047	0.0046	0.0033	0.0142	0.2317	0.0233	0.4572	0.0000	16.0536	-0.3048	0.0311	1.7555	5.9920	11.9300	12.2976	0.6911	0.6911	0.0000	0.0001	0.0001	0.0000	0.6909	0.6909	0.0000	0.0644	0.0038	0.0606	0.0007	0.0004	0.0003	0.0637	0.0033	0.0603	0.0754	0.0652	0.0102	0.0112	0.0108	0.0004	0.0642	0.0544	0.0098	0.4252	0.2755	0.1497	0.1504	0.1326	0.0177	0.2748	0.1429	0.1320	60.5735	774.3976	0.0000	2.5342	3.6499	0.0000	46.4457	544.2535	0.0000	0.1514	0.0137	0.4047	0.0046	0.0033	0.0142	0.2317	0.0233	0.4572
65	126	0.1918	5	0	2	0	0	0	0	0	0	N	Y	N	N	N	N	N	N	N	N	N	N	0.4259	2.4582	0.9304	0.0342	0.3449	0.0168	0.3121	5.3799	0.7653	0.7083	0.0529	4.7767	0.0108	0.0104	0.0251	0.8615	0.0638	4.9759	1.6631	0.0215	5.1340	0.3161	0.0301	1.4938	2.7602	0.0118	6.5020	14.5353	112.7557	0.0250	0.5815	1.7555	5.0407	11.9300	17.1705	0.0506	0.0033	0.0473	0.0001	0.0001	0.0000	0.0504	0.0031	0.0473	1.0913	0.0096	1.0817	0.0931	0.0071	0.0860	0.9982	0.0025	0.9958	0.0714	0.0615	0.0099	0.0129	0.0125	0.0004	0.0585	0.0490	0.0095	0.6562	0.4455	0.2107	0.2945	0.2370	0.0576	0.3616	0.2085	0.1531	0.4259	2.4582	0.9304	0.0342	0.3449	0.0168	0.3121	5.3799	0.7653	1.6631	0.0215	5.1340	0.3161	0.0301	1.4938	2.7602	0.0118	6.5020
65	127	0.1758	4	0	2	0	0	0	0	0	0	N	Y	N	N	N	N	N	N	N	N	N	N	0.0195	0.0120	0.0501	0.0198	0.0310	0.0005	0.2095	0.0289	0.5312	0.0069	0.0030	0.0299	0.0127	0.0130	0.0008	0.0055	0.0002	0.0308	0.3534	0.2503	0.5968	0.6392	0.4180	1.4233	0.0262	0.0061	0.0581	1.6716	1.0105	0.0000	0.0062	1.7555	1.9703	11.9300	6.2034	0.0002	0.0001	0.0001	0.0001	0.0001	0.0000	0.0001	0.0000	0.0001	0.1410	0.0701	0.0708	0.1361	0.0694	0.0667	0.0049	0.0007	0.0042	0.0306	0.0262	0.0044	0.0059	0.0058	0.0001	0.0246	0.0204	0.0043	0.3988	0.2801	0.1187	0.2129	0.1661	0.0468	0.1859	0.1140	0.0719	0.0195	0.0120	0.0501	0.0198	0.0310	0.0005	0.2095	0.0289	0.5312	0.3534	0.2503	0.5968	0.6392	0.4180	1.4233	0.0262	0.0061	0.0581
65	128	0.1546	3	0	1	0	0	0	0	0	0	N	N	N	N	N	N	N	N	N	N	N	N	0.2387	0.0003	20.9098	0.0002	0.0002	0.0000	7.2159	0.0257	30.5203	0.0848	0.0002	0.6172	0.0002	0.0002	0.0000	0.0999	0.0002	0.6417	0.3553	0.5339	0.0295	0.9037	1.0027	0.0931	0.0138	0.0065	0.0210	585.9159	0.0303	0.0007	-0.0380	1.7555	1.1032	11.9300	7.8190	0.0012	0.0000	0.0012	0.0000	0.0000	0.0000	0.0012	0.0000	0.0012	0.0885	0.0859	0.0026	0.0864	0.0854	0.0010	0.0021	0.0005	0.0016	0.0143	0.0123	0.0020	0.0022	0.0021	0.0001	0.0121	0.0102	0.0019	0.2492	0.1609	0.0882	0.0956	0.0852	0.0104	0.1536	0.0757	0.0778	0.2387	0.0003	20.9098	0.0002	0.0002	0.0000	7.2159	0.0257	30.5203	0.3553	0.5339	0.0295	0.9037	1.0027	0.0931	0.0138	0.0065	0.0210
65	129	0.4977	7	0	2	0	0	0	0	0	0	N	Y	N	N	N	N	N	N	N	N	N	N	346.4701	290.5463	0.0000	441.1663	369.2888	0.0000	0.0128	0.0115	0.0000	0.0290	0.0323	0.0000	0.0498	0.0525	0.0000	0.0000	0.0000	0.0000	0.0001	0.0001	0.0000	0.0001	0.0001	0.0000	0.0000	0.0000	0.0000	0.0000	0.0101	-0.0006	-0.0000	1.7555	1.0033	11.9300	0.8635	0.0013	0.0013	0.0000	0.0013	0.0013	0.0000	0.0000	0.0000	0.0000	0.0000	0.0000	0.0000	0.0000	0.0000	0.0000	0.0000	0.0000	0.0000	0.0453	0.0407	0.0046	0.0264	0.0250	0.0014	0.0189	0.0157	0.0032	0.3970	0.2958	0.1011	0.2741	0.2173	0.0568	0.1229	0.0786	0.0443	346.4701	290.5463	0.0000	441.1663	369.2888	0.0000	0.0128	0.0115	0.0000	0.0001	0.0001	0.0000	0.0001	0.0001	0.0000	0.0000	0.0000	0.0000
65	130	0.4684	6	0	1	0	0	0	0	0	0	N	N	N	N	N	N	N	N	N	N	N	N	57.2892	58.9083	1.3583	102.7606	92.5153	19.5420	16.6595	16.9870	0.4298	7.8607	10.8169	0.0286	16.1503	16.6042	0.4727	1.8022	3.2920	0.0085	0.1372	0.1836	0.0211	0.1572	0.1795	0.0242	0.1082	0.1938	0.0197	0.0010	0.0458	-0.5973	-0.0462	1.7555	5.5514	11.9300	9.9598	1.3572	1.3558	0.0014	1.1774	1.1764	0.0010	0.1798	0.1794	0.0004	0.1114	0.1065	0.0049	0.0756	0.0740	0.0017	0.0358	0.0326	0.0032	0.1727	0.1253	0.0473	0.0729	0.0709	0.0021	0.0998	0.0545	0.0453	0.8121	0.5802	0.2319	0.4813	0.4122	0.0692	0.3308	0.1681	0.1627	57.2892	58.9083	1.3583	102.7606	92.5153	19.5420	16.6595	16.9870	0.4298	0.1372	0.1836	0.0211	0.1572	0.1795	0.0242	0.1082	0.1938	0.0197
65	131	0.4381	5	0	1	0	0	0	0	0	0	N	N	N	N	N	N	N	N	N	N	N	N	6.2274	9.3486	1.2779	7.2434	6.5272	5.1101	5.2467	17.6081	1.0132	3.7278	4.5626	1.1025	3.6291	3.7436	0.0819	3.7849	5.2819	1.1534	0.5986	0.4881	0.8627	0.5010	0.5735	0.0160	0.7214	0.3000	1.1384	0.0768	0.7400	-0.2996	-0.0161	1.7555	9.1969	11.9300	13.4651	0.8102	0.7523	0.0578	0.2889	0.2886	0.0002	0.5213	0.4637	0.0576	0.4863	0.2795	0.2068	0.2267	0.2258	0.0009	0.2595	0.0537	0.2059	0.2173	0.1649	0.0524	0.0796	0.0771	0.0025	0.1377	0.0878	0.0499	0.8123	0.5726	0.2397	0.4526	0.3937	0.0589	0.3598	0.1789	0.1808	6.2274	9.3486	1.2779	7.2434	6.5272	5.1101	5.2467	17.6081	1.0132	0.5986	0.4881	0.8627	0.5010	0.5735	0.0160	0.7214	0.3000	1.1384
65	132	0.2515	7	1	2	0	1	0	0	0	0	N	Y	N	N	N	N	N	N	N	N	N	N	0.0000	0.0000	0.0000	0.0000	0.0000	0.0000	0.0000	0.0000	0.0000	0.0000	0.0000	0.0000	0.0000	0.0013	0.0019	0.0000	0.0034	0.0039	0.0000	0.0000	0.0000	0.0000	0.0000	0.0000	-0.0000	1.7555	1.0000	11.9300	3.0001	0.0000	0.0000	0.0000	0.0000	0.0000	0.0000	0.0000	0.0000	0.0000	0.0001	0.0001	0.0000	0.0001	0.0001	0.0000	0.0000	0.0000	0.0000	0.0139	0.0120	0.0020	0.0039	0.0036	0.0003	0.0100	0.0084	0.0016	0.0827	0.0550	0.0276	0.0317	0.0273	0.0044	0.0510	0.0277	0.0233	0.0000	0.0000	0.0000	0.0000	0.0000	0.0000	0.0000	0.0000	0.0000	0.0013	0.0019	0.0000	0.0034	0.0039	0.0000	0.0000	0.0000	0.0000						
65	133	0.6505	11	1	2	0	1	0	0	0	0	N	Y	N	N	N	N	N	N	N	N	N	N	0.0063	96.4458	0.0000	0.0243	87.8609	0.0000	0.0000	0.0000	0.0003	0.0003	0.0000	0.0004	0.0005	0.0000	0.0000	0.0000	0.0000	0.0453	0.0000	0.1660	0.0170	0.0000	0.1322	0.0777	0.0000	0.1774	0.0000	18999.1585	-0.0000	0.0010	1.7555	0.0006	11.9300	1.9797	0.0000	0.0000	0.0000	0.0000	0.0000	0.0000	0.0000	0.0000	0.0000	0.0018	0.0000	0.0018	0.0004	0.0000	0.0004	0.0014	0.0000	0.0014	0.0000	0.0000	0.0000	0.0000	0.0000	0.0000	0.0000	0.0000	0.0000	0.0394	0.0286	0.0108	0.0210	0.0183	0.0027	0.0184	0.0103	0.0081	0.0063	96.4458	0.0000	0.0243	87.8609	0.0000	0.0000	0.0000	0.0000	0.0453	0.0000	0.1660	0.0170	0.0000	0.1322	0.0777	0.0000	0.1774	
65	134	0.6337	10	1	2	0	1	0	0	0	0	N	Y	N	N	N	N	N	N	N	N	N	N	0.0001	0.0002	0.0000	0.0000	0.0000	0.0000	0.0002	0.0743	0.0000	0.0000	0.0000	0.0000	0.0000	0.0000	0.0000	0.0000	0.0000	0.0000	0.0014	0.0010	0.0023	0.0015	0.0016	0.0003	0.0013	0.0000	0.0031	0.0000	0.8567	-0.0000	0.0000	1.7555	2.0077	11.9300	6.0321	0.0000	0.0000	0.0000	0.0000	0.0000	0.0000	0.0000	0.0000	0.0000	0.0002	0.0001	0.0001	0.0001	0.0001	0.0000	0.0001	0.0000	0.0001	0.0268	0.0234	0.0034	0.0081	0.0076	0.0005	0.0186	0.0158	0.0029	0.1462	0.1057	0.0404	0.0777	0.0668	0.0108	0.0685	0.0389	0.0296	0.0001	0.0002	0.0000	0.0000	0.0000	0.0000	0.0002	0.0743	0.0000	0.0014	0.0010	0.0023	0.0015	0.0016	0.0003	0.0013	0.0000	0.0031
65	135	0.6290	10	0	2	0	1	0	0	0	0	N	Y	N	N	N	N	N	N	N	N	N	N	0.0024	0.0021	0.0000	0.0040	0.0038	0.0000	0.0001	0.0024	0.0000	0.0000	0.0000	0.0000	0.0001	0.0001	0.0000	0.0000	0.0000	0.0000	0.0134	0.0174	0.0032	0.0253	0.0281	0.0060	0.0010	0.0000	0.0023	0.0000	0.0707	-0.0000	-0.0013	1.7555	3.0348	11.9300	9.3583	0.0000	0.0000	0.0000	0.0000	0.0000	0.0000	0.0000	0.0000	0.0000	0.0034	0.0032	0.0002	0.0033	0.0032	0.0001	0.0001	0.0000	0.0001	0.0412	0.0361	0.0052	0.0132	0.0124	0.0008	0.0281	0.0237	0.0044	0.2542	0.1833	0.0709	0.1298	0.1132	0.0166	0.1244	0.0701	0.0543	0.0024	0.0021	0.0000	0.0040	0.0038	0.0000	0.0001	0.0024	0.0000	0.0134	0.0174	0.0032	0.0253	0.0281	0.0060	0.0010	0.0000	0.0023
65	136	0.6146	9	0	1	0	1	0	0	0	0	N	N	N	N	N	N	N	N	N	N	N	N	0.0832	0.0349	0.5188	0.0157	0.0139	0.0553	0.3053	0.3235	0.6140	0.0022	0.0010	0.0095	0.0006	0.0006	0.0012	0.0030	0.0013	0.0107	0.0261	0.0292	0.0183	0.0411	0.0445	0.0208	0.0097	0.0039	0.0174	1.4732	0.2460	0.0000	-0.0009	1.7555	0.0433	11.9300	6.6805	0.0000	0.0000	0.0000	0.0000	0.0000	0.0000	0.0000	0.0000	0.0000	0.0033	0.0026	0.0006	0.0027	0.0025	0.0002	0.0006	0.0001	0.0004	0.0007	0.0006	0.0001	0.0002	0.0002	0.0000	0.0004	0.0004	0.0001	0.1250	0.0898	0.0352	0.0654	0.0559	0.0095	0.0596	0.0339	0.0257	0.0832	0.0349	0.5188	0.0157	0.0139	0.0553	0.3053	0.3235	0.6140	0.0261	0.0292	0.0183	0.0411	0.0445	0.0208	0.0097	0.0039	0.0174
65	137	0.2812	9	0	2	0	1	0	0	0	0	N	Y	N	N	N	N	N	N	N	N	N	N	0.0000	0.0000	0.0000	0.0000	0.0000	0.0000	0.0000	0.0000	0.0000	0.0000	0.0000	0.0000	0.0000	0.0000	0.0000	0.0000	0.0000	0.0000	0.0000	0.0000	1.7555	0.0000	11.9300	0.0000	0.0000	0.0000	0.0000	0.0000	0.0000	0.0000	0.0000	0.0000	0.0000	0.0000	0.0000	0.0000	0.0000	0.0000	0.0000	0.0000	0.0000	0.0000	0.0000	0.0000	0.0000	0.0000	0.0000	0.0000	0.0000	0.0000	0.0000	0.0000	0.0000	0.0000	0.0000	0.0000	0.0000	0.0000	0.0000	0.0000	0.0000	0.0000	0.0000	0.0000	0.0000	0.0000	0.0000	0.0000	0.0000	0.0000	0.0000	0.0000	0.0000	0.0000	0.0000	0.0000	0.0000	0.0000											
65	138	0.2761	8	0	2	0	1	0	0	0	0	N	Y	N	N	N	N	N	N	N	N	N	N	0.0000	0.0000	0.0000	0.0000	0.0000	0.0000	0.0000	0.0000	0.0000	0.0000	0.0000	0.0000	0.0000	0.0000	0.0000	0.0000	0.0010	0.0000	0.0029	0.0000	0.0000	0.0000	0.0015	0.0000	0.0033	701.4667	0.0000	0.0000	1.7555	0.0021	11.9300	2.0000	0.0000	0.0000	0.0000	0.0000	0.0000	0.0000	0.0000	0.0000	0.0000	0.0000	0.0000	0.0000	0.0000	0.0000	0.0000	0.0000	0.0000	0.0000	0.0001	0.0001	0.0000	0.0000	0.0000	0.0000	0.0000	0.0000	0.0000	0.0409	0.0272	0.0137	0.0150	0.0132	0.0017	0.0260	0.0140	0.0120	0.0000	0.0000	0.0000	0.0000	0.0000	0.0000	0.0000	0.0000	0.0000	0.0010	0.0000	0.0029	0.0000	0.0000	0.0000	0.0015	0.0000	0.0033			
65	139	0.2659	7	0	1	0	1	0	0	0	0	N	N	N	N	N	N	N	N	N	N	N	N	0.0000	0.0000	0.0000	0.0000	0.0000	0.0000	0.0000	0.0000	0.0000	0.0000	0.0000	0.0000	0.0000	0.0000	0.0000	0.0000	0.0000	0.0022	0.0033	0.0000	0.0059	0.0068	0.0000	0.0000	0.0000	0.0000	0.0007	0.0000	-0.0001	1.7555	1.0020	11.9300	3.0181	0.0000	0.0000	0.0000	0.0000	0.0000	0.0000	0.0000	0.0000	0.0000	0.0002	0.0002	0.0000	0.0002	0.0002	0.0000	0.0000	0.0000	0.0000	0.0139	0.0120	0.0020	0.0040	0.0036	0.0003	0.0100	0.0084	0.0016	0.0830	0.0551	0.0280	0.0311	0.0271	0.0039	0.0520	0.0279	0.0240	0.0000	0.0000	0.0000	0.0000	0.0000	0.0000	0.0000	0.0000	0.0000	0.0022	0.0033	0.0000	0.0059	0.0068	0.0000	0.0000	0.0000	0.0000		
65	140	0.2515	7	0	2	0	0	0	0	0	0	N	Y	N	N	N	N	N	N	N	N	N	N	0.0000	0.0000	0.0000	0.0000	0.0000	0.0000	0.0000	0.0000	0.0000	0.0000	0.0000	0.0000	0.0000	0.0012	0.0018	0.0000	0.0031	0.0036	0.0000	0.0000	0.0000	0.0000	0.0000	0.0000	-0.0000	1.7555	0.0000	11.9300	4.0001	0.0000	0.0000	0.0000	0.0000	0.0000	0.0000	0.0000	0.0000	0.0000	0.0001	0.0001	0.0000	0.0001	0.0001	0.0000	0.0000	0.0000	0.0000	0.0000	0.0000	0.0000	0.0000	0.0000	0.0000	0.0000	0.0000	0.0000	0.0827	0.0550	0.0276	0.0317	0.0273	0.0044	0.0510	0.0277	0.0233	0.0000	0.0000	0.0000	0.0000	0.0000	0.0000	0.0000	0.0000	0.0000	0.0012	0.0018	0.0000	0.0031	0.0036	0.0000	0.0000	0.0000	0.0000						
65	141	0.6292	9	0	2	0	0	0	0	0	0	N	Y	N	N	N	N	N	N	N	N	N	N	0.0085	0.0000	1.9041	0.0000	0.0000	0.0000	1.6870	0.0000	7.2579	0.0000	0.0000	0.0000	0.0000	0.0000	0.0000	0.0000	0.0000	0.0000	0.0003	0.0004	0.0000	0.0005	0.0006	0.0000	0.0000	0.0000	0.0000	inf	0.0099	0.0000	-0.0000	1.7555	1.0003	11.9300	5.0186	0.0000	0.0000	0.0000	0.0000	0.0000	0.0000	0.0000	0.0000	0.0000	0.0000	0.0000	0.0000	0.0000	0.0000	0.0000	0.0000	0.0000	0.0000	0.0134	0.0117	0.0017	0.0041	0.0038	0.0002	0.0093	0.0079	0.0014	0.1113	0.0805	0.0308	0.0592	0.0509	0.0082	0.0521	0.0296	0.0226	0.0085	0.0000	1.9041	0.0000	0.0000	0.0000	1.6870	0.0000	7.2579	0.0003	0.0004	0.0000	0.0005	0.0006	0.0000	0.0000	0.0000	0.0000
65	142	0.2659	7	0	1	1	1	0	0	0	0	N	N	N	N	N	N	N	N	N	N	N	N	0.0000	0.0000	0.0000	0.0000	0.0000	0.0000	0.0000	0.0000	0.0000	0.0000	0.0000	0.0000	0.0000	0.0000	0.0000	0.0000	0.0000	3.4302	5.6321	0.0000	0.0076	0.0088	0.0000	5.4650	10.1475	0.0000	0.0000	0.0000	-0.2867	1.7555	0.0001	11.9300	9.0026	0.0000	0.0000	0.0000	0.0000	0.0000	0.0000	0.0000	0.0000	0.0000	0.6256	0.6256	0.0000	0.0005	0.0005	0.0000	0.6250	0.6250	0.0000	0.0000	0.0000	0.0000	0.0000	0.0000	0.0000	0.0000	0.0000	0.0000	0.1824	0.1210	0.0613	0.0680	0.0594	0.0086	0.1144	0.0616	0.0528	0.0000	0.0000	0.0000	0.0000	0.0000	0.0000	0.0000	0.0000	0.0000	3.4302	5.1690	0.0000	0.0076	0.0088	0.0000	5.4650	10.1475	0.0000		
65	143	0.6146	9	0	1	1	1	0	0	0	0	N	N	N	N	N	N	N	N	N	N	N	N	0.0000	0.0000	0.0000	0.0005	0.0005	0.0000	0.0000	0.0000	0.0000	0.0000	0.0000	0.0000	0.0000	0.0000	0.0000	0.0000	0.0000	0.0000	6.3188	9.5784	0.0002	0.0303	0.0353	0.0007	11.0486	19.4355	0.0000	0.0000	0.0000	-0.0000	-0.4457	1.7555	2.0061	11.9300	8.0425	0.0000	0.0000	0.0000	0.0000	0.0000	0.0000	0.0000	0.0000	0.0000	0.9723	0.9723	0.0000	0.0029	0.0029	0.0000	0.9694	0.9694	0.0000	0.0266	0.0233	0.0033	0.0083	0.0078	0.0005	0.0182	0.0155	0.0028	0.1832	0.1316	0.0517	0.0955	0.0817	0.0138	0.0877	0.0499	0.0379	0.0000	0.0000	0.0000	0.0005	0.0005	0.0000	0.0000	0.0000	0.0000	5.3066	7.3907	0.0002	0.0303	0.0353	0.0007	11.0486	19.4355	0.0000
65	144	0.6055	8	0	1	0	1	0	0	0	0	N	N	N	N	N	N	N	N	N	N	N	N	96.7269	82.7596	0.0000	317.2733	296.8359	0.0000	0.0000	0.0000	0.0000	0.1150	0.1324	0.0000	0.3461	0.3751	0.0000	0.0000	0.0000	0.0000	0.0012	0.0016	0.0001	0.0011	0.0013	0.0001	0.0013	0.0022	0.0001	0.0000	0.0164	-0.0014	-0.0001	1.7555	1.9550	11.9300	2.1189	0.0032	0.0032	0.0000	0.0032	0.0032	0.0000	0.0000	0.0000	0.0000	0.0001	0.0001	0.0000	0.0001	0.0001	0.0000	0.0001	0.0001	0.0000	0.0277	0.0241	0.0036	0.0092	0.0085	0.0007	0.0185	0.0156	0.0029	0.1144	0.0836	0.0308	0.0630	0.0535	0.0094	0.0514	0.0301	0.0214	96.7269	82.7596	0.0000	317.2733	296.8359	0.0000	0.0000	0.0000	0.0000	0.0012	0.0016	0.0001	0.0011	0.0013	0.0001	0.0013	0.0022	0.0001
65	145	0.6055	8	0	1	1	1	0	0	0	0	N	N	N	N	N	N	N	N	N	N	N	N	0.0002	0.0000	0.0002	0.0000	0.0000	0.0000	0.0001	0.0000	0.0002	0.0005	0.0000	0.0034	0.0000	0.0000	0.0000	0.0007	0.0000	0.0043	2.5044	0.0197	13.9658	0.0076	0.0064	0.0148	5.2597	0.0416	19.9133	inf	175.7368	0.0000	0.5375	1.7555	2.1261	11.9300	18.6477	0.0000	0.0000	0.0000	0.0000	0.0000	0.0000	0.0000	0.0000	0.0000	1.0028	0.0057	0.9971	0.0016	0.0012	0.0005	1.0012	0.0045	0.9967	0.0300	0.0260	0.0039	0.0099	0.0091	0.0008	0.0201	0.0169	0.0032	0.4004	0.2883	0.1121	0.2101	0.1796	0.0305	0.1904	0.1087	0.0816	0.0002	0.0000	0.0004	0.0000	0.0000	0.0000	0.0001	0.0000	0.0003	2.5044	0.0197	8.8931	0.0076	0.0064	0.0148	5.2597	0.0416	12.2104
65	146	0.2659	7	0	1	1	1	0	0	0	0	N	N	N	N	N	N	N	N	N	N	N	N	0.0000	0.0000	0.0000	0.0000	0.0000	0.0000	0.0000	0.0000	0.0000	0.0000	0.0000	0.0000	0.0000	0.0000	0.0000	0.0000	0.0000	0.0000	7.8255	0.0007	43.0304	0.0014	0.0010	0.0039	9.7849	0.0004	43.9802	13470.6716	0.0000	0.5397	1.7555	2.0001	11.9300	5.9880	0.0000	0.0000	0.0000	0.0000	0.0000	0.0000	0.0000	0.0000	0.0000	0.9965	0.0001	0.9964	0.0001	0.0001	0.0000	0.9964	0.0000	0.9964	0.0277	0.0238	0.0039	0.0079	0.0072	0.0007	0.0199	0.0166	0.0032	0.1624	0.1078	0.0547	0.0606	0.0530	0.0076	0.1018	0.0548	0.0470	0.0000	0.0000	0.0000	0.0000	0.0000	0.0000	0.0000	0.0000	0.0000	6.1347	0.0007	18.2326	0.0014	0.0010	0.0039	9.7849	0.0004	21.1967	
65	147	0.2659	7	0	1	1	1	0	0	0	0	N	N	N	N	N	N	N	N	N	N	N	N	0.0019	0.4629	0.0000	0.1413	0.3801	0.0000	0.0013	0.5181	0.0000	0.0031	0.0036	0.0000	0.0029	0.0032	0.0000	0.0032	0.0038	0.0000	1.6335	0.0079	4.8544	0.0206	0.0083	0.1061	2.5727	0.0074	5.6108	0.0000	311.2611	-0.0002	0.5252	1.7555	9.0001	11.9300	23.0169	0.0004	0.0004	0.0000	0.0001	0.0001	0.0000	0.0003	0.0003	0.0000	0.9755	0.0031	0.9724	0.0045	0.0016	0.0029	0.9710	0.0015	0.9695	0.1211	0.1043	0.0168	0.0344	0.0315	0.0029	0.0867	0.0727	0.0140	0.5972	0.3969	0.2003	0.2198	0.1923	0.0275	0.3774	0.2046	0.1728	0.0019	0.4629	0.0000	0.1413	0.3801	0.0000	0.0013	0.5181	0.0000	1.6335	0.0079	4.8544	0.0206	0.0083	0.1061	2.5727	0.0074	5.6108
65	148	0.2406	6	0	1	0	1	0	0	0	0	N	N	N	N	N	N	N	N	N	N	N	N	0.0010	0.0000	0.0035	0.0002	0.0000	0.4674	0.0011	0.0000	0.0034	0.0001	0.0000	0.0006	0.0000	0.0000	0.0001	0.0001	0.0000	0.0006	0.0786	0.0372	0.1608	0.0543	0.0626	0.0002	0.0949	0.0094	0.1908	inf	2.1786	0.0000	0.0040	1.7555	1.9990	11.9300	7.9526	0.0000	0.0000	0.0000	0.0000	0.0000	0.0000	0.0000	0.0000	0.0000	0.0174	0.0055	0.0119	0.0048	0.0048	0.0000	0.0126	0.0007	0.0119	0.0278	0.0239	0.0039	0.0079	0.0072	0.0006	0.0200	0.0167	0.0033	0.2216	0.1473	0.0743	0.0888	0.0771	0.0117	0.1328	0.0702	0.0626	0.0010	0.0000	0.0035	0.0002	0.0000	0.4674	0.0011	0.0000	0.0034	0.0786	0.0372	0.1608	0.0543	0.0626	0.0002	0.0949	0.0094	0.1908
65	149	0.2086	5	1	2	0	0	0	0	0	0	N	Y	N	N	N	N	N	N	N	N	N	N	757.0945	923.6306	6.1530	0.0969	0.0572	0.3743	1118.1116	1340.7172	8.0035	11.6234	13.7329	0.1007	0.0015	0.0008	0.0109	16.7838	20.7342	0.1157	0.0154	0.0149	0.0164	0.0159	0.0143	0.0292	0.0150	0.0155	0.0145	0.0013	0.5224	-0.4391	-0.0009	1.7555	5.3497	11.9300	17.2225	0.9985	0.9972	0.0013	0.0000	0.0000	0.0000	0.9985	0.9972	0.0013	0.0079	0.0052	0.0027	0.0031	0.0025	0.0006	0.0048	0.0027	0.0021	0.0859	0.0726	0.0133	0.0264	0.0245	0.0019	0.0595	0.0481	0.0114	0.5149	0.3493	0.1657	0.1938	0.1723	0.0215	0.3212	0.1770	0.1442	757.0945	923.6306	6.1530	0.0969	0.0572	0.3743	1118.1116	1340.7172	8.0035	0.0154	0.0149	0.0164	0.0159	0.0143	0.0292	0.0150	0.0155	0.0145
65	150	0.2395	6	0	2	0	0	0	0	0	0	N	Y	N	N	N	N	N	N	N	N	N	N	0.3130	1.1661	0.0011	0.4804	1.5009	0.0003	0.0015	0.0838	0.0024	0.0149	0.0173	0.0001	0.0393	0.0419	0.0001	0.0000	0.0000	0.0001	0.0476	0.0149	0.1160	0.0817	0.0279	0.4685	0.0241	0.0002	0.0519	0.0012	3.7305	-0.0005	0.0089	1.7555	3.6794	11.9300	17.4287	0.0011	0.0011	0.0000	0.0011	0.0011	0.0000	0.0000	0.0000	0.0000	0.0270	0.0057	0.0213	0.0189	0.0057	0.0132	0.0081	0.0000	0.0081	0.0771	0.0662	0.0110	0.0292	0.0273	0.0019	0.0479	0.0388	0.0091	0.5680	0.3843	0.1837	0.2313	0.2031	0.0282	0.3367	0.1812	0.1555	0.3130	1.1661	0.0011	0.4804	1.5009	0.0003	0.0015	0.0838	0.0024	0.0476	0.0149	0.1160	0.0817	0.0279	0.4685	0.0241	0.0002	0.0519
65	151	0.2086	5	0	2	0	0	0	0	0	0	N	Y	N	N	N	N	N	N	N	N	N	N	0.5119	0.4423	0.8457	0.8822	0.8679	0.2289	0.2495	0.0489	0.8851	0.0303	0.0279	0.0431	0.0690	0.0736	0.0049	0.0117	0.0019	0.0490	0.0593	0.0631	0.0510	0.0782	0.0848	0.0216	0.0468	0.0397	0.0554	0.2966	0.3689	-0.0004	-0.0039	1.7555	3.4464	11.9300	10.1316	0.0018	0.0014	0.0004	0.0014	0.0014	0.0000	0.0005	0.0001	0.0004	0.0209	0.0152	0.0056	0.0109	0.0106	0.0003	0.0099	0.0046	0.0053	0.0605	0.0508	0.0097	0.0197	0.0184	0.0013	0.0408	0.0324	0.0084	0.3520	0.2417	0.1103	0.1397	0.1252	0.0145	0.2123	0.1165	0.0958	0.5119	0.4423	0.8457	0.8822	0.8679	0.2289	0.2495	0.0489	0.8851	0.0593	0.0631	0.0510	0.0782	0.0848	0.0216	0.0468	0.0397	0.0554
65	152	0.6360	11	1	2	0	0	0	0	0	0	N	Y	N	N	N	N	N	N	N	N	N	N	0.0002	0.0193	0.0002	0.0003	0.0096	0.0000	0.0001	0.0361	0.0002	0.0007	0.0000	0.0058	0.0000	0.0000	0.0000	0.0011	0.0000	0.0068	4.6458	0.0012	34.2867	0.0528	0.0015	0.3686	9.0218	0.0008	42.7882	34.4193	4732.4131	0.0000	0.5377	1.7555	1.0143	11.9300	12.0086	0.0000	0.0000	0.0000	0.0000	0.0000	0.0000	0.0000	0.0000	0.0000	0.9932	0.0002	0.9930	0.0065	0.0002	0.0063	0.9867	0.0000	0.9867	0.0138	0.0120	0.0017	0.0043	0.0040	0.0003	0.0095	0.0080	0.0015	0.2323	0.1681	0.0643	0.1230	0.1058	0.0172	0.1094	0.0623	0.0471	0.0002	0.0193	0.0004	0.0003	0.0096	0.0000	0.0001	0.0361	0.0003	4.2749	0.0012	15.4482	0.0528	0.0015	0.3686	9.0218	0.0008	20.9447
65	153	0.6337	10	1	2	0	0	0	0	0	0	N	Y	N	N	N	N	N	N	N	N	N	N	0.0012	0.0334	0.0000	0.0665	0.0647	0.0000	0.0000	0.0000	0.0000	0.0000	0.0000	0.0000	0.0001	0.0001	0.0000	0.0000	0.0000	0.0000	0.0188	0.0008	0.0661	0.0011	0.0012	0.0004	0.0391	0.0000	0.0900	0.0041	33.4997	-0.0000	0.0002	1.7555	0.9811	11.9300	0.0216	0.0000	0.0000	0.0000	0.0000	0.0000	0.0000	0.0000	0.0000	0.0000	0.0004	0.0000	0.0003	0.0000	0.0000	0.0000	0.0003	0.0000	0.0003	0.0132	0.0115	0.0017	0.0040	0.0038	0.0002	0.0092	0.0077	0.0014	0.0189	0.0137	0.0052	0.0101	0.0087	0.0014	0.0088	0.0050	0.0038	0.0012	0.0334	0.0000	0.0665	0.0647	0.0000	0.0000	0.0000	0.0000	0.0188	0.0008	0.0661	0.0011	0.0012	0.0004	0.0391	0.0000	0.0900
65	154	0.6292	9	1	2	0	0	0	0	0	0	N	Y	N	N	N	N	N	N	N	N	N	N	0.4527	0.0000	2.0071	0.0000	0.0000	0.0000	0.7153	0.0000	1.9731	0.0003	0.0000	0.0019	0.0000	0.0000	0.0000	0.0004	0.0000	0.0025	0.0006	0.0004	0.0010	0.0006	0.0006	0.0001	0.0006	0.0000	0.0013	inf	0.9084	0.0000	0.0000	1.7555	0.0083	11.9300	2.0001	0.0000	0.0000	0.0000	0.0000	0.0000	0.0000	0.0000	0.0000	0.0000	0.0000	0.0000	0.0000	0.0000	0.0000	0.0000	0.0000	0.0000	0.0000	0.0001	0.0001	0.0000	0.0000	0.0000	0.0000	0.0001	0.0001	0.0000	0.0385	0.0278	0.0106	0.0205	0.0177	0.0028	0.0180	0.0102	0.0078	0.4527	0.0000	2.0071	0.0000	0.0000	0.0000	0.7153	0.0000	1.9731	0.0006	0.0004	0.0010	0.0006	0.0006	0.0001	0.0006	0.0000	0.0013
65	155	0.6055	8	0	2	0	0	0	0	0	0	N	Y	N	N	N	N	N	N	N	N	N	N	0.0591	0.0001	1.0361	0.0002	0.0002	0.0000	1.7823	0.0000	7.3689	0.0003	0.0000	0.0026	0.0000	0.0000	0.0000	0.0005	0.0000	0.0032	0.0057	0.0069	0.0025	0.0104	0.0109	0.0078	0.0003	0.0002	0.0004	424.7926	0.1384	0.0000	-0.0004	1.7555	2.9180	11.9300	7.4065	0.0000	0.0000	0.0000	0.0000	0.0000	0.0000	0.0000	0.0000	0.0000	0.0013	0.0011	0.0002	0.0013	0.0011	0.0001	0.0000	0.0000	0.0000	0.0403	0.0351	0.0052	0.0130	0.0120	0.0009	0.0273	0.0231	0.0043	0.2256	0.1631	0.0624	0.1204	0.1027	0.0177	0.1052	0.0604	0.0448	0.0591	0.0001	1.0361	0.0002	0.0002	0.0000	1.7823	0.0000	7.3689	0.0057	0.0069	0.0025	0.0104	0.0109	0.0078	0.0003	0.0002	0.0004
65	156	0.5397	7	0	1	0	0	0	0	0	0	N	N	N	N	N	N	N	N	N	N	N	N	0.5069	0.0215	22.4587	0.3832	0.0260	13.5275	17.2493	0.3711	70.8290	0.1009	0.0057	0.6793	0.1428	0.0108	1.3700	0.0665	0.0010	0.3698	0.1990	0.2642	0.0302	0.3725	0.4157	0.1013	0.0039	0.0028	0.0052	19.7094	0.0442	0.0091	-0.0532	1.7555	8.2479	11.9300	19.7214	0.0178	0.0009	0.0170	0.0114	0.0008	0.0106	0.0065	0.0001	0.0064	0.1278	0.1224	0.0054	0.1266	0.1219	0.0047	0.0012	0.0005	0.0007	0.1766	0.1517	0.0250	0.0796	0.0718	0.0077	0.0971	0.0798	0.0172	0.6421	0.4631	0.1790	0.3399	0.2932	0.0466	0.3022	0.1699	0.1324	0.5069	0.0215	22.4587	0.3832	0.0260	13.5275	17.2493	0.3711	70.8290	0.1990	0.2642	0.0302	0.3725	0.4157	0.1013	0.0039	0.0028	0.0052
65	157	0.5036	6	0	1	0	0	0	0	0	0	N	N	N	N	N	N	N	N	N	N	N	N	1.1198	0.4858	1.8849	0.6490	0.5682	7.8816	1.3381	2.2221	1.4588	0.4294	0.1308	1.2697	0.2314	0.2334	0.1755	0.5552	0.0245	1.3258	0.3835	0.2693	0.6736	0.3566	0.4107	0.0223	0.4149	0.0110	0.9088	3.4493	0.9849	0.0266	0.0087	1.7555	7.4725	11.9300	14.3153	0.0797	0.0179	0.0618	0.0167	0.0163	0.0004	0.0630	0.0016	0.0613	0.2294	0.1156	0.1139	0.1149	0.1139	0.0010	0.1145	0.0017	0.1129	0.1855	0.1369	0.0486	0.0721	0.0697	0.0024	0.1135	0.0672	0.0463	0.5983	0.4293	0.1690	0.3223	0.2774	0.0448	0.2760	0.1519	0.1242	1.1198	0.4858	1.8849	0.6490	0.5682	7.8816	1.3381	2.2221	1.4588	0.3835	0.2693	0.6736	0.3566	0.4107	0.0223	0.4149	0.0110	0.9088
65	158	0.4381	5	0	1	0	0	0	0	0	0	N	N	N	N	N	N	N	N	N	N	N	N	2.6876	43.7822	0.4041	80.8483	76.5739	0.4496	0.2190	0.2534	0.3224	2.1166	2.4353	1.0292	5.3830	5.5665	0.0118	0.3619	0.0053	1.0837	0.7875	0.0556	2.5466	0.0666	0.0727	0.0263	1.6526	0.0209	3.3619	0.1239	19.0498	-0.1725	0.3622	1.7555	11.6653	11.9300	19.4910	0.5212	0.4637	0.0574	0.4632	0.4632	0.0000	0.0580	0.0006	0.0574	0.7365	0.0367	0.6997	0.0340	0.0322	0.0018	0.7025	0.0045	0.6980	0.2462	0.1904	0.0558	0.0860	0.0832	0.0028	0.1602	0.1072	0.0530	0.9351	0.6604	0.2748	0.5101	0.4429	0.0672	0.4251	0.2175	0.2076	2.6876	43.7822	0.4041	80.8483	76.5739	0.4496	0.2190	0.2534	0.3224	0.7875	0.0556	2.5466	0.0666	0.0727	0.0263	1.6526	0.0209	3.3619
65	159	0.3908	4	0	1	0	0	0	0	0	0	N	N	N	N	N	N	N	N	N	N	N	N	5.4204	12.9241	0.9383	11.1483	10.0153	1.9108	3.0829	41.3628	0.7340	3.0241	3.6200	1.1938	3.7954	3.9209	0.0329	2.4945	3.2911	1.2595	0.5579	0.2801	1.2724	0.3405	0.3915	0.0172	0.8091	0.0796	1.7159	0.1074	1.7664	-0.2112	0.0842	1.7555	7.3933	11.9300	20.5306	0.6137	0.5542	0.0595	0.3136	0.3135	0.0001	0.3001	0.2407	0.0594	0.4676	0.1690	0.2986	0.1529	0.1519	0.0011	0.3147	0.0171	0.2975	0.2029	0.1531	0.0498	0.0826	0.0800	0.0027	0.1203	0.0731	0.0472	0.8381	0.6035	0.2346	0.4492	0.3880	0.0613	0.3889	0.2155	0.1734	5.4204	12.9241	0.9383	11.1483	10.0153	1.9108	3.0829	41.3628	0.7340	0.5579	0.2801	1.2724	0.3405	0.3915	0.0172	0.8091	0.0796	1.7159
65	160	0.1546	3	0	1	0	0	0	0	0	0	N	N	N	N	N	N	N	N	N	N	N	N	24.2136	27.4457	52.6426	0.1193	0.0709	1.7321	22.1651	32.4374	49.5164	3.2569	1.4703	15.0909	0.0062	0.0037	0.0755	3.8122	1.7544	15.6768	0.1345	0.0536	0.2867	0.0517	0.0529	0.0436	0.1720	0.0541	0.3166	1.5494	2.8461	0.1725	0.0514	1.7555	27.6416	11.9300	54.6365	1.0354	0.4061	0.6292	0.0003	0.0002	0.0001	1.0351	0.4059	0.6291	0.1825	0.0474	0.1350	0.0219	0.0196	0.0023	0.1606	0.0278	0.1328	0.3179	0.2762	0.0417	0.0464	0.0448	0.0016	0.2715	0.2314	0.0401	1.3566	0.8856	0.4710	0.4228	0.3712	0.0516	0.9337	0.5143	0.4194	24.2136	27.4457	52.6426	0.1193	0.0709	1.7321	22.1651	32.4374	49.5164	0.1345	0.0536	0.2867	0.0517	0.0529	0.0436	0.1720	0.0541	0.3166
65	161	0.2592	9	1	2	0	0	0	0	0	0	N	Y	N	N	N	N	N	N	N	N	N	N	0.0000	0.0000	0.0000	0.0000	0.0000	0.0000	0.0000	0.0000	0.0000	0.0000	0.0000	0.0000	0.0000	0.0000	0.0000	0.0000	0.0000	0.0000	0.0940	0.1002	0.0813	0.1848	0.1994	0.0901	0.0363	0.0000	0.0797	0.4005	0.0000	-0.0010	1.7555	0.0002	11.9300	3.0099	0.0000	0.0000	0.0000	0.0000	0.0000	0.0000	0.0000	0.0000	0.0000	0.0060	0.0043	0.0017	0.0046	0.0043	0.0003	0.0014	0.0000	0.0014	0.0000	0.0000	0.0000	0.0000	0.0000	0.0000	0.0000	0.0000	0.0000	0.0642	0.0430	0.0212	0.0249	0.0216	0.0033	0.0393	0.0214	0.0179	0.0000	0.0000	0.0000	0.0000	0.0000	0.0000	0.0000	0.0000	0.0000	0.0940	0.1002	0.0813	0.1848	0.1994	0.0901	0.0363	0.0000	0.0797	
65	162	0.2515	8	1	2	0	0	0	0	0	0	N	Y	N	N	N	N	N	N	N	N	N	N	0.0000	0.0000	0.0000	0.0000	0.0000	0.0000	0.0000	0.0000	0.0000	0.0000	0.0000	0.0000	0.0000	0.0000	0.0000	0.0000	0.0000	0.0000	0.0730	0.0089	0.2009	0.0111	0.0123	0.0040	0.1115	0.0056	0.2377	11.3494	0.0000	0.0021	1.7555	0.9998	11.9300	2.0118	0.0000	0.0000	0.0000	0.0000	0.0000	0.0000	0.0000	0.0000	0.0000	0.0046	0.0004	0.0042	0.0003	0.0003	0.0000	0.0043	0.0001	0.0042	0.0139	0.0120	0.0020	0.0039	0.0036	0.0003	0.0100	0.0084	0.0016	0.0625	0.0416	0.0209	0.0239	0.0207	0.0033	0.0385	0.0209	0.0176	0.0000	0.0000	0.0000	0.0000	0.0000	0.0000	0.0000	0.0000	0.0000	0.0730	0.0089	0.2009	0.0111	0.0123	0.0040	0.1115	0.0056	0.2377	
65	163	0.2515	7	1	2	0	0	0	0	0	0	N	Y	N	N	N	N	N	N	N	N	N	N	0.0000	0.0000	0.0000	0.0000	0.0000	0.0000	0.0000	0.0000	0.0000	0.0000	0.0000	0.0000	0.0000	0.0000	0.0000	0.0000	0.0000	15.9614	4.6617	59.6384	11.2501	10.5076	1.0058	14.1193	0.0000	58.0869	2.2003	0.0000	0.0001	1.7555	0.0000	11.9300	0.0003	0.0000	0.0000	0.0000	0.0000	0.0000	0.0000	0.0000	0.0000	0.0000	0.0003	0.0001	0.0002	0.0001	0.0001	0.0000	0.0002	0.0000	0.0002	0.0000	0.0000	0.0000	0.0000	0.0000	0.0000	0.0000	0.0000	0.0000	0.0000	0.0000	0.0000	0.0000	0.0000	0.0000	0.0000	0.0000	0.0000	0.0000	0.0000	0.0000	0.0000	0.0000	0.0000	0.0000	0.0000	0.0000	10.5700	4.6271	25.3931	6.9032	7.1745	1.0058	13.9758	0.0000	27.3421		
65	164	0.2406	6	0	2	0	0	0	0	0	0	N	Y	N	N	N	N	N	N	N	N	N	N	0.1224	0.0000	0.2568	0.0524	0.0000	104.3549	0.1270	0.0000	0.2205	0.0093	0.0000	0.0515	0.0007	0.0000	0.0275	0.0155	0.0000	0.0529	0.0757	0.0119	0.2005	0.0126	0.0144	0.0003	0.1224	0.0088	0.2398	inf	8.5955	0.0000	0.0037	1.7555	0.0063	11.9300	4.3641	0.0000	0.0000	0.0000	0.0000	0.0000	0.0000	0.0000	0.0000	0.0000	0.0084	0.0009	0.0076	0.0006	0.0006	0.0000	0.0078	0.0003	0.0076	0.0002	0.0002	0.0000	0.0001	0.0001	0.0000	0.0001	0.0001	0.0000	0.1113	0.0736	0.0377	0.0472	0.0411	0.0062	0.0641	0.0326	0.0315	0.1224	0.0000	0.2568	0.0524	0.0000	104.3549	0.1270	0.0000	0.2205	0.0757	0.0119	0.2005	0.0126	0.0144	0.0003	0.1224	0.0088	0.2398
65	165	0.2086	5	0	1	0	0	0	0	0	0	N	N	N	N	N	N	N	N	N	N	N	N	0.0094	0.0014	0.0109	0.0345	0.0020	6.7253	0.0085	0.0006	0.0122	0.0279	0.0000	0.1674	0.0013	0.0001	0.0201	0.0417	0.0000	0.1891	2.9700	0.0229	15.3032	0.0389	0.0430	0.0030	4.9293	0.0009	15.5435	1023.3761	187.5780	0.0007	0.5298	1.7555	2.5207	11.9300	10.0226	0.0013	0.0000	0.0013	0.0000	0.0000	0.0000	0.0013	0.0000	0.0013	0.9878	0.0052	0.9826	0.0052	0.0051	0.0000	0.9826	0.0001	0.9825	0.0480	0.0400	0.0080	0.0164	0.0154	0.0010	0.0316	0.0247	0.0070	0.3326	0.2289	0.1037	0.1332	0.1196	0.0137	0.1993	0.1093	0.0900	0.0094	0.0014	0.0177	0.0345	0.0020	6.7253	0.0085	0.0006	0.0173	2.9700	0.0229	9.4746	0.0389	0.0430	0.0030	4.9293	0.0009	10.9135
65	166	0.1931	4	0	1	0	0	0	0	0	0	N	N	N	N	N	N	N	N	N	N	N	N	2.6611	0.9914	12.3306	0.0765	0.0365	0.8115	8.2812	14.5026	17.0484	0.0489	0.0181	0.2316	0.0022	0.0011	0.0106	0.0846	0.0319	0.3411	0.0184	0.0182	0.0188	0.0281	0.0300	0.0131	0.0102	0.0022	0.0200	2.1665	0.4340	0.0007	-0.0007	1.7555	2.6894	11.9300	4.6619	0.0028	0.0009	0.0019	0.0001	0.0000	0.0000	0.0028	0.0009	0.0019	0.0043	0.0030	0.0013	0.0030	0.0029	0.0002	0.0013	0.0002	0.0011	0.0575	0.0492	0.0083	0.0248	0.0221	0.0028	0.0326	0.0271	0.0056	0.2354	0.1657	0.0698	0.1077	0.0954	0.0123	0.1277	0.0703	0.0575	2.6611	0.9914	12.3306	0.0765	0.0365	0.8115	8.2812	14.5026	17.0484	0.0184	0.0182	0.0188	0.0281	0.0300	0.0131	0.0102	0.0022	0.0200
65	167	0.1546	3	0	1	0	0	0	0	0	0	N	N	N	N	N	N	N	N	N	N	N	N	1001.2188	1571.0944	0.4245	1.1561	1.1070	0.5539	1250.4275	5100.8297	0.3976	19.3239	22.3764	0.0121	0.0245	0.0253	0.0048	22.7050	26.8435	0.0124	0.0193	0.0142	0.0286	0.0212	0.0228	0.0086	0.0182	0.0053	0.0312	0.0001	1.0957	-0.3046	0.0004	1.7555	2.7966	11.9300	8.5340	0.6907	0.6906	0.0001	0.0001	0.0001	0.0000	0.6905	0.6905	0.0001	0.0057	0.0027	0.0030	0.0023	0.0022	0.0001	0.0034	0.0005	0.0029	0.0357	0.0309	0.0049	0.0053	0.0051	0.0002	0.0304	0.0257	0.0047	0.2956	0.1911	0.1045	0.1101	0.0978	0.0124	0.1855	0.0934	0.0921	1001.2188	1571.0944	0.4245	1.1561	1.1070	0.5539	1250.4275	5100.8297	0.3976	0.0193	0.0142	0.0286	0.0212	0.0228	0.0086	0.0182	0.0053	0.0312
66	67	0.7073	12	2	2	2	0	0	0	0	0	Y	Y	Y	N	N	N	N	N	N	N	N	N	0.0000	0.0000	0.0000	0.0000	0.0000	0.0000	0.0000	0.0000	0.0000	0.0000	0.0000	0.0000	0.0000	0.0000	0.0000	0.0000	0.0000	0.0000	0.0000	0.0000	0.0000	1.0000	0.0000	3.0000	0.0000	0.0000	0.0000	0.0000	0.0000	0.0000	0.0000	0.0000	0.0000	0.0000	0.0000	0.0000	0.0000	0.0000	0.0000	0.0000	0.0000	0.0000	0.0000	0.0000	0.0000	0.0000	0.0000	0.0000	0.0000	0.0000	0.0000	0.0000	0.0000	0.0000	0.0000	0.0000	0.0000	0.0000	0.0000	0.0000	0.0000	0.0000	0.0000	0.0000	0.0000	0.0000	0.0000	0.0000	0.0000	0.0000	0.0000	0.0000	0.0000	0.0000	0.0000	0.0000	0.0000	0.0000											
66	71	0.7073	12	2	2	2	0	0	0	0	0	Y	Y	Y	N	N	N	N	N	N	N	N	N	0.0000	0.0000	0.0000	0.0000	0.0000	0.0000	0.0000	0.0000	0.0000	0.0000	0.0000	0.0000	0.0000	0.0000	0.0000	0.0000	0.0000	0.0000	0.0000	0.0000	0.0000	0.0000	0.0000	0.0000	0.0000	0.0000	0.0000	0.0000	0.0000	0.0000	0.0000	0.0000	0.0000	0.0000	0.0000	0.0000	0.0000	0.0000	0.0000	0.0000	0.0000	0.0000	0.0000	0.0000	0.0000	0.0000	0.0000	0.0000	0.0000	0.0000	0.0000	0.0000	0.0000	0.0000	0.0000	0.0000	0.0000	0.0000	0.0000	0.0000	0.0000	0.0000	0.0000	0.0000	0.0000	0.0000	0.0000	0.0000	0.0000	0.0000	0.0000	0.0000	0.0000	0.0000	0.0000	0.0000	0.0000	0.0000											
66	72	0.6892	11	2	2	2	0	0	0	0	0	Y	Y	Y	N	N	N	N	N	N	N	N	N	0.0000	0.0000	0.0000	0.0000	0.0000	0.0000	0.0000	0.0000	0.0000	0.0000	0.0000	0.0000	0.0000	0.0000	0.0000	0.0000	0.0000	0.0000	0.0000	0.0000	0.0000	3.9057	0.0000	1.1104	0.0000	0.0000	0.0000	0.0000	0.0000	0.0000	0.0000	0.0000	0.0000	0.0000	0.0000	0.0000	0.0000	0.0000	0.0000	0.0000	0.0000	0.0000	0.0000	0.0000	0.0000	0.0000	0.0000	0.0000	0.0000	0.0000	0.0000	0.0000	0.0000	0.0000	0.0000	0.0000	0.0000	0.0000	0.0000	0.0000	0.0000	0.0000	0.0000	0.0000	0.0000	0.0000	0.0000	0.0000	0.0000	0.0000	0.0000	0.0000	0.0000	0.0000	0.0000	0.0000	0.0000	0.0000											
66	73	0.4865	9	2	2	1	0	0	0	0	0	Y	Y	N	N	N	N	N	N	N	N	N	N	0.0000	0.0000	0.0000	0.0000	0.0000	0.0000	0.0000	0.0000	0.0000	0.0000	0.0000	0.0000	0.0000	0.0000	0.0000	0.0000	0.0000	0.0000	0.0000	0.0000	0.0000	6.9070	0.0000	16.5673	0.0000	0.0000	0.0000	0.0000	0.0000	0.0000	0.0000	0.0000	0.0000	0.0000	0.0000	0.0000	0.0000	0.0000	0.0000	0.0000	0.0000	0.0000	0.0000	0.0000	0.0000	0.0000	0.0000	0.0000	0.0000	0.0000	0.0000	0.0000	0.0000	0.0000	0.0000	0.0000	0.0000	0.0000	0.0000	0.0000	0.0000	0.0000	0.0000	0.0000	0.0000	0.0000	0.0000	0.0000	0.0000	0.0000	0.0000	0.0000	0.0000	0.0000	0.0000	0.0000	0.0000	0.0000											
66	74	0.5503	11	1	2	1	1	0	0	0	0	N	Y	N	N	N	N	N	N	N	N	N	N	0.0000	0.0000	0.0000	0.0000	0.0000	0.0000	0.0000	0.0000	0.0000	0.0000	0.0000	0.0000	0.0000	0.0000	0.0000	0.0000	0.0000	0.0000	0.0000	0.0000	0.0000	6.4226	0.0000	19.3377	0.0000	0.0000	0.0000	0.0000	0.0000	0.0000	0.0000	0.0000	0.0000	0.0000	0.0000	0.0000	0.0000	0.0000	0.0000	0.0000	0.0000	0.0000	0.0000	0.0000	0.0000	0.0000	0.0000	0.0000	0.0000	0.0000	0.0000	0.0000	0.0000	0.0000	0.0000	0.0000	0.0000	0.0000	0.0000	0.0000	0.0000	0.0000	0.0000	0.0000	0.0000	0.0000	0.0000	0.0000	0.0000	0.0000	0.0000	0.0000	0.0000	0.0000	0.0000	0.0000	0.0000	0.0000											
66	75	0.5051	10	1	1	1	1	0	0	0	0	N	N	N	N	N	N	N	N	N	N	N	N	0.0000	0.0000	0.0000	0.0000	0.0000	0.0000	0.0000	0.0000	0.0000	0.0000	0.0000	0.0000	0.0000	0.0000	0.0000	0.0000	0.0000	0.0000	0.0000	0.0000	0.0000	5.1932	0.0000	17.4397	0.0000	0.0000	0.0000	0.0000	0.0000	0.0000	0.0000	0.0000	0.0000	0.0000	0.0000	0.0000	0.0000	0.0000	0.0000	0.0000	0.0000	0.0000	0.0000	0.0000	0.0000	0.0000	0.0000	0.0000	0.0000	0.0000	0.0000	0.0000	0.0000	0.0000	0.0000	0.0000	0.0000	0.0000	0.0000	0.0000	0.0000	0.0000	0.0000	0.0000	0.0000	0.0000	0.0000	0.0000	0.0000	0.0000	0.0000	0.0000	0.0000	0.0000	0.0000	0.0000	0.0000	0.0000											
66	76	0.4681	9	1	1	1	0	0	0	0	0	N	N	N	N	N	N	N	N	N	N	N	N	0.0000	0.0000	0.0000	0.0000	0.0000	0.0000	0.0000	0.0000	0.0000	0.0000	0.0000	0.0000	0.0000	0.0000	0.0000	0.0000	0.0000	0.0000	0.0000	0.0000	0.0000	4.4918	0.0000	17.5337	0.0000	0.0000	0.0000	0.0000	0.0000	0.0000	0.0000	0.0000	0.0000	0.0000	0.0000	0.0000	0.0000	0.0000	0.0000	0.0000	0.0000	0.0000	0.0000	0.0000	0.0000	0.0000	0.0000	0.0000	0.0000	0.0000	0.0000	0.0000	0.0000	0.0000	0.0000	0.0000	0.0000	0.0000	0.0000	0.0000	0.0000	0.0000	0.0000	0.0000	0.0000	0.0000	0.0000	0.0000	0.0000	0.0000	0.0000	0.0000	0.0000	0.0000	0.0000	0.0000	0.0000	0.0000											
66	77	0.1972	8	1	1	1	1	0	0	0	0	N	N	N	N	N	N	N	N	N	N	N	N	0.0000	0.0000	0.0000	0.0000	0.0000	0.0000	0.0000	0.0000	0.0000	0.0000	0.0000	0.0000	0.0000	0.0000	0.0000	0.0000	0.0000	0.0000	0.0000	0.0000	0.0000	0.3745	0.0000	14.7996	0.0000	0.0000	0.0000	0.0000	0.0000	0.0000	0.0000	0.0000	0.0000	0.0000	0.0000	0.0000	0.0000	0.0000	0.0000	0.0000	0.0000	0.0000	0.0000	0.0000	0.0000	0.0000	0.0000	0.0000	0.0000	0.0000	0.0000	0.0000	0.0000	0.0000	0.0000	0.0000	0.0000	0.0000	0.0000	0.0000	0.0000	0.0000	0.0000	0.0000	0.0000	0.0000	0.0000	0.0000	0.0000	0.0000	0.0000	0.0000	0.0000	0.0000	0.0000	0.0000	0.0000	0.0000											
66	78	0.1750	7	1	1	1	1	0	0	0	0	N	N	N	N	N	N	N	N	N	N	N	N	0.0000	0.0000	0.0000	0.0000	0.0000	0.0000	0.0000	0.0000	0.0000	0.0000	0.0000	0.0000	0.0000	0.0000	0.0000	0.0000	0.0000	0.0000	0.0000	0.0000	0.0000	1.4595	0.0000	10.3922	0.0000	0.0000	0.0000	0.0000	0.0000	0.0000	0.0000	0.0000	0.0000	0.0000	0.0000	0.0000	0.0000	0.0000	0.0000	0.0000	0.0000	0.0000	0.0000	0.0000	0.0000	0.0000	0.0000	0.0000	0.0000	0.0000	0.0000	0.0000	0.0000	0.0000	0.0000	0.0000	0.0000	0.0000	0.0000	0.0000	0.0000	0.0000	0.0000	0.0000	0.0000	0.0000	0.0000	0.0000	0.0000	0.0000	0.0000	0.0000	0.0000	0.0000	0.0000	0.0000	0.0000	0.0000											
66	79	0.1608	6	1	1	1	1	0	0	0	0	N	N	N	N	N	N	N	N	N	N	N	N	0.0000	0.0000	0.0000	0.0000	0.0000	0.0000	0.0000	0.0000	0.0000	0.0000	0.0000	0.0000	0.0000	0.0000	0.0000	0.0000	0.0000	0.0000	0.0000	0.0000	0.0000	1.3861	0.0000	6.3168	0.0000	0.0000	0.0000	0.0000	0.0000	0.0000	0.0000	0.0000	0.0000	0.0000	0.0000	0.0000	0.0000	0.0000	0.0000	0.0000	0.0000	0.0000	0.0000	0.0000	0.0000	0.0000	0.0000	0.0000	0.0000	0.0000	0.0000	0.0000	0.0000	0.0000	0.0000	0.0000	0.0000	0.0000	0.0000	0.0000	0.0000	0.0000	0.0000	0.0000	0.0000	0.0000	0.0000	0.0000	0.0000	0.0000	0.0000	0.0000	0.0000	0.0000	0.0000	0.0000	0.0000	0.0000											
66	80	0.1014	5	1	1	1	1	0	0	0	0	N	N	N	N	N	N	N	N	N	N	N	N	0.0000	0.0000	0.0000	0.0000	0.0000	0.0000	0.0000	0.0000	0.0000	0.0000	0.0000	0.0000	0.0000	0.0000	0.0000	0.0000	0.0000	0.0000	0.0000	0.0000	0.0000	4.0043	0.0000	19.8631	0.0000	0.0000	0.0000	0.0000	0.0000	0.0000	0.0000	0.0000	0.0000	0.0000	0.0000	0.0000	0.0000	0.0000	0.0000	0.0000	0.0000	0.0000	0.0000	0.0000	0.0000	0.0000	0.0000	0.0000	0.0000	0.0000	0.0000	0.0000	0.0000	0.0000	0.0000	0.0000	0.0000	0.0000	0.0000	0.0000	0.0000	0.0000	0.0000	0.0000	0.0000	0.0000	0.0000	0.0000	0.0000	0.0000	0.0000	0.0000	0.0000	0.0000	0.0000	0.0000	0.0000	0.0000											
66	81	0.6419	11	1	2	2	0	0	0	0	0	N	Y	Y	N	N	N	N	N	N	N	N	N	0.0000	0.0000	0.0000	0.0000	0.0000	0.0000	0.0000	0.0000	0.0000	0.0000	0.0000	0.0000	0.0000	0.0000	0.0000	0.0000	0.0000	0.0000	0.0000	0.0000	0.0000	2.0162	0.0000	4.5500	0.0000	0.0000	0.0000	0.0000	0.0000	0.0000	0.0000	0.0000	0.0000	0.0000	0.0000	0.0000	0.0000	0.0000	0.0000	0.0000	0.0000	0.0000	0.0000	0.0000	0.0000	0.0000	0.0000	0.0000	0.0000	0.0000	0.0000	0.0000	0.0000	0.0000	0.0000	0.0000	0.0000	0.0000	0.0000	0.0000	0.0000	0.0000	0.0000	0.0000	0.0000	0.0000	0.0000	0.0000	0.0000	0.0000	0.0000	0.0000	0.0000	0.0000	0.0000	0.0000	0.0000	0.0000											
66	82	0.1056	7	1	2	2	0	0	0	0	0	N	Y	Y	N	N	N	N	N	N	N	N	N	0.0000	0.0000	0.0000	0.0000	0.0000	0.0000	0.0000	0.0000	0.0000	0.0000	0.0000	0.0000	0.0000	0.0000	0.0000	0.0000	0.0000	0.0000	0.0000	0.0000	0.0000	3.0011	0.0000	3.7015	0.0000	0.0000	0.0000	0.0000	0.0000	0.0000	0.0000	0.0000	0.0000	0.0000	0.0000	0.0000	0.0000	0.0000	0.0000	0.0000	0.0000	0.0000	0.0000	0.0000	0.0000	0.0000	0.0000	0.0000	0.0000	0.0000	0.0000	0.0000	0.0000	0.0000	0.0000	0.0000	0.0000	0.0000	0.0000	0.0000	0.0000	0.0000	0.0000	0.0000	0.0000	0.0000	0.0000	0.0000	0.0000	0.0000	0.0000	0.0000	0.0000	0.0000	0.0000	0.0000	0.0000	0.0000											
66	83	0.0941	6	1	2	1	0	0	0	0	0	N	Y	N	N	N	N	N	N	N	N	N	N	0.0000	0.0000	0.0000	0.0000	0.0000	0.0000	0.0000	0.0000	0.0000	0.0000	0.0000	0.0000	0.0000	0.0000	0.0000	0.0000	0.0000	0.0000	0.0000	0.0000	0.0000	2.0032	0.0000	4.2039	0.0000	0.0000	0.0000	0.0000	0.0000	0.0000	0.0000	0.0000	0.0000	0.0000	0.0000	0.0000	0.0000	0.0000	0.0000	0.0000	0.0000	0.0000	0.0000	0.0000	0.0000	0.0000	0.0000	0.0000	0.0000	0.0000	0.0000	0.0000	0.0000	0.0000	0.0000	0.0000	0.0000	0.0000	0.0000	0.0000	0.0000	0.0000	0.0000	0.0000	0.0000	0.0000	0.0000	0.0000	0.0000	0.0000	0.0000	0.0000	0.0000	0.0000	0.0000	0.0000	0.0000	0.0000											
66	84	0.0909	6	2	1	2	0	0	0	0	0	Y	N	Y	N	N	N	N	N	N	N	N	N	0.0000	0.0000	0.0000	0.0000	0.0000	0.0000	0.0000	0.0000	0.0000	0.0000	0.0000	0.0000	0.0000	0.0000	0.0000	0.0000	0.0000	0.0000	0.0000	0.0000	0.0000	1.0052	0.0000	4.9545	0.0000	0.0000	0.0000	0.0000	0.0000	0.0000	0.0000	0.0000	0.0000	0.0000	0.0000	0.0000	0.0000	0.0000	0.0000	0.0000	0.0000	0.0000	0.0000	0.0000	0.0000	0.0000	0.0000	0.0000	0.0000	0.0000	0.0000	0.0000	0.0000	0.0000	0.0000	0.0000	0.0000	0.0000	0.0000	0.0000	0.0000	0.0000	0.0000	0.0000	0.0000	0.0000	0.0000	0.0000	0.0000	0.0000	0.0000	0.0000	0.0000	0.0000	0.0000	0.0000	0.0000	0.0000											
66	85	0.0716	5	2	1	2	0	0	0	0	0	Y	N	Y	N	N	N	N	N	N	N	N	N	0.0000	0.0000	0.0000	0.0000	0.0000	0.0000	0.0000	0.0000	0.0000	0.0000	0.0000	0.0000	0.0000	0.0000	0.0000	0.0000	0.0000	0.0000	0.0000	0.0000	0.0000	0.9968	0.0000	7.6169	0.0000	0.0000	0.0000	0.0000	0.0000	0.0000	0.0000	0.0000	0.0000	0.0000	0.0000	0.0000	0.0000	0.0000	0.0000	0.0000	0.0000	0.0000	0.0000	0.0000	0.0000	0.0000	0.0000	0.0000	0.0000	0.0000	0.0000	0.0000	0.0000	0.0000	0.0000	0.0000	0.0000	0.0000	0.0000	0.0000	0.0000	0.0000	0.0000	0.0000	0.0000	0.0000	0.0000	0.0000	0.0000	0.0000	0.0000	0.0000	0.0000	0.0000	0.0000	0.0000	0.0000	0.0000											
66	86	0.1953	6	2	2	1	0	0	0	0	0	Y	Y	N	N	N	N	N	N	N	N	N	N	0.0000	0.0000	0.0000	0.0000	0.0000	0.0000	0.0000	0.0000	0.0000	0.0000	0.0000	0.0000	0.0000	0.0000	0.0000	0.0000	0.0000	0.0000	0.0000	0.0000	0.0000	5.8060	0.0000	6.1034	0.0000	0.0000	0.0000	0.0000	0.0000	0.0000	0.0000	0.0000	0.0000	0.0000	0.0000	0.0000	0.0000	0.0000	0.0000	0.0000	0.0000	0.0000	0.0000	0.0000	0.0000	0.0000	0.0000	0.0000	0.0000	0.0000	0.0000	0.0000	0.0000	0.0000	0.0000	0.0000	0.0000	0.0000	0.0000	0.0000	0.0000	0.0000	0.0000	0.0000	0.0000	0.0000	0.0000	0.0000	0.0000	0.0000	0.0000	0.0000	0.0000	0.0000	0.0000	0.0000	0.0000	0.0000											
66	87	0.1014	5	2	2	1	0	0	0	0	0	Y	Y	N	N	N	N	N	N	N	N	N	N	0.0000	0.0000	0.0000	0.0000	0.0000	0.0000	0.0000	0.0000	0.0000	0.0000	0.0000	0.0000	0.0000	0.0000	0.0000	0.0000	0.0000	0.0000	0.0000	0.0000	0.0000	12.2869	0.0000	21.7146	0.0000	0.0000	0.0000	0.0000	0.0000	0.0000	0.0000	0.0000	0.0000	0.0000	0.0000	0.0000	0.0000	0.0000	0.0000	0.0000	0.0000	0.0000	0.0000	0.0000	0.0000	0.0000	0.0000	0.0000	0.0000	0.0000	0.0000	0.0000	0.0000	0.0000	0.0000	0.0000	0.0000	0.0000	0.0000	0.0000	0.0000	0.0000	0.0000	0.0000	0.0000	0.0000	0.0000	0.0000	0.0000	0.0000	0.0000	0.0000	0.0000	0.0000	0.0000	0.0000	0.0000	0.0000											
66	88	0.0941	6	1	2	1	0	0	0	0	0	N	Y	N	N	N	N	N	N	N	N	N	N	0.0000	0.0000	0.0000	0.0000	0.0000	0.0000	0.0000	0.0000	0.0000	0.0000	0.0000	0.0000	0.0000	0.0000	0.0000	0.0000	0.0000	0.0000	0.0000	0.0000	0.0000	4.0005	0.0000	9.0093	0.0000	0.0000	0.0000	0.0000	0.0000	0.0000	0.0000	0.0000	0.0000	0.0000	0.0000	0.0000	0.0000	0.0000	0.0000	0.0000	0.0000	0.0000	0.0000	0.0000	0.0000	0.0000	0.0000	0.0000	0.0000	0.0000	0.0000	0.0000	0.0000	0.0000	0.0000	0.0000	0.0000	0.0000	0.0000	0.0000	0.0000	0.0000	0.0000	0.0000	0.0000	0.0000	0.0000	0.0000	0.0000	0.0000	0.0000	0.0000	0.0000	0.0000	0.0000	0.0000	0.0000	0.0000											
66	89	0.0716	5	1	2	1	0	0	0	0	0	N	Y	N	N	N	N	N	N	N	N	N	N	0.0000	0.0000	0.0000	0.0000	0.0000	0.0000	0.0000	0.0000	0.0000	0.0000	0.0000	0.0000	0.0000	0.0000	0.0000	0.0000	0.0000	0.0000	0.0000	0.0000	0.0000	1.0051	0.0000	9.2650	0.0000	0.0000	0.0000	0.0000	0.0000	0.0000	0.0000	0.0000	0.0000	0.0000	0.0000	0.0000	0.0000	0.0000	0.0000	0.0000	0.0000	0.0000	0.0000	0.0000	0.0000	0.0000	0.0000	0.0000	0.0000	0.0000	0.0000	0.0000	0.0000	0.0000	0.0000	0.0000	0.0000	0.0000	0.0000	0.0000	0.0000	0.0000	0.0000	0.0000	0.0000	0.0000	0.0000	0.0000	0.0000	0.0000	0.0000	0.0000	0.0000	0.0000	0.0000	0.0000	0.0000	0.0000											
66	90	0.2237	7	1	1	2	0	0	0	0	0	N	N	Y	N	N	N	N	N	N	N	N	N	0.0000	0.0000	0.0000	0.0000	0.0000	0.0000	0.0000	0.0000	0.0000	0.0000	0.0000	0.0000	0.0000	0.0000	0.0000	0.0000	0.0000	0.0000	0.0000	0.0000	0.0000	2.3559	0.0000	7.1930	0.0000	0.0000	0.0000	0.0000	0.0000	0.0000	0.0000	0.0000	0.0000	0.0000	0.0000	0.0000	0.0000	0.0000	0.0000	0.0000	0.0000	0.0000	0.0000	0.0000	0.0000	0.0000	0.0000	0.0000	0.0000	0.0000	0.0000	0.0000	0.0000	0.0000	0.0000	0.0000	0.0000	0.0000	0.0000	0.0000	0.0000	0.0000	0.0000	0.0000	0.0000	0.0000	0.0000	0.0000	0.0000	0.0000	0.0000	0.0000	0.0000	0.0000	0.0000	0.0000	0.0000	0.0000											
66	91	0.1909	6	1	1	1	0	0	0	0	0	N	N	N	N	N	N	N	N	N	N	N	N	0.0000	0.0000	0.0000	0.0000	0.0000	0.0000	0.0000	0.0000	0.0000	0.0000	0.0000	0.0000	0.0000	0.0000	0.0000	0.0000	0.0000	0.0000	0.0000	0.0000	0.0000	4.9284	0.0000	11.0439	0.0000	0.0000	0.0000	0.0000	0.0000	0.0000	0.0000	0.0000	0.0000	0.0000	0.0000	0.0000	0.0000	0.0000	0.0000	0.0000	0.0000	0.0000	0.0000	0.0000	0.0000	0.0000	0.0000	0.0000	0.0000	0.0000	0.0000	0.0000	0.0000	0.0000	0.0000	0.0000	0.0000	0.0000	0.0000	0.0000	0.0000	0.0000	0.0000	0.0000	0.0000	0.0000	0.0000	0.0000	0.0000	0.0000	0.0000	0.0000	0.0000	0.0000	0.0000	0.0000	0.0000	0.0000											
66	92	0.1014	5	1	1	1	0	0	0	0	0	N	N	N	N	N	N	N	N	N	N	N	N	0.0000	0.0000	0.0000	0.0000	0.0000	0.0000	0.0000	0.0000	0.0000	0.0000	0.0000	0.0000	0.0000	0.0000	0.0000	0.0000	0.0000	0.0000	0.0000	0.0000	0.0000	3.9161	0.0000	29.2065	0.0000	0.0000	0.0000	0.0000	0.0000	0.0000	0.0000	0.0000	0.0000	0.0000	0.0000	0.0000	0.0000	0.0000	0.0000	0.0000	0.0000	0.0000	0.0000	0.0000	0.0000	0.0000	0.0000	0.0000	0.0000	0.0000	0.0000	0.0000	0.0000	0.0000	0.0000	0.0000	0.0000	0.0000	0.0000	0.0000	0.0000	0.0000	0.0000	0.0000	0.0000	0.0000	0.0000	0.0000	0.0000	0.0000	0.0000	0.0000	0.0000	0.0000	0.0000	0.0000	0.0000	0.0000											
66	93	0.6419	11	2	2	1	0	0	0	0	0	Y	Y	N	N	N	N	N	N	N	N	N	N	0.0000	0.0000	0.0000	0.0000	0.0000	0.0000	0.0000	0.0000	0.0000	0.0000	0.0000	0.0000	0.0000	0.0000	0.0000	0.0000	0.0000	0.0000	0.0000	0.0000	0.0000	2.5103	0.0000	7.4742	0.0000	0.0000	0.0000	0.0000	0.0000	0.0000	0.0000	0.0000	0.0000	0.0000	0.0000	0.0000	0.0000	0.0000	0.0000	0.0000	0.0000	0.0000	0.0000	0.0000	0.0000	0.0000	0.0000	0.0000	0.0000	0.0000	0.0000	0.0000	0.0000	0.0000	0.0000	0.0000	0.0000	0.0000	0.0000	0.0000	0.0000	0.0000	0.0000	0.0000	0.0000	0.0000	0.0000	0.0000	0.0000	0.0000	0.0000	0.0000	0.0000	0.0000	0.0000	0.0000	0.0000	0.0000											
66	94	0.6057	10	1	2	1	0	0	0	0	0	N	Y	N	N	N	N	N	N	N	N	N	N	0.0000	0.0000	0.0000	0.0000	0.0000	0.0000	0.0000	0.0000	0.0000	0.0000	0.0000	0.0000	0.0000	0.0000	0.0000	0.0000	0.0000	0.0000	0.0000	0.0000	0.0000	7.1305	0.0000	3.2426	0.0000	0.0000	0.0000	0.0000	0.0000	0.0000	0.0000	0.0000	0.0000	0.0000	0.0000	0.0000	0.0000	0.0000	0.0000	0.0000	0.0000	0.0000	0.0000	0.0000	0.0000	0.0000	0.0000	0.0000	0.0000	0.0000	0.0000	0.0000	0.0000	0.0000	0.0000	0.0000	0.0000	0.0000	0.0000	0.0000	0.0000	0.0000	0.0000	0.0000	0.0000	0.0000	0.0000	0.0000	0.0000	0.0000	0.0000	0.0000	0.0000	0.0000	0.0000	0.0000	0.0000	0.0000											
66	95	0.0716	5	2	2	1	0	0	0	0	0	Y	Y	N	N	N	N	N	N	N	N	N	N	0.0000	0.0000	0.0000	0.0000	0.0000	0.0000	0.0000	0.0000	0.0000	0.0000	0.0000	0.0000	0.0000	0.0000	0.0000	0.0000	0.0000	0.0000	0.0000	0.0000	0.0000	8.0000	0.0000	22.5660	0.0000	0.0000	0.0000	0.0000	0.0000	0.0000	0.0000	0.0000	0.0000	0.0000	0.0000	0.0000	0.0000	0.0000	0.0000	0.0000	0.0000	0.0000	0.0000	0.0000	0.0000	0.0000	0.0000	0.0000	0.0000	0.0000	0.0000	0.0000	0.0000	0.0000	0.0000	0.0000	0.0000	0.0000	0.0000	0.0000	0.0000	0.0000	0.0000	0.0000	0.0000	0.0000	0.0000	0.0000	0.0000	0.0000	0.0000	0.0000	0.0000	0.0000	0.0000	0.0000	0.0000	0.0000											
66	96	0.1014	5	1	1	1	0	0	0	0	0	N	N	N	N	N	N	N	N	N	N	N	N	0.0000	0.0000	0.0000	0.0000	0.0000	0.0000	0.0000	0.0000	0.0000	0.0000	0.0000	0.0000	0.0000	0.0000	0.0000	0.0000	0.0000	0.0000	0.0000	0.0000	0.0000	11.9964	0.0000	18.8414	0.0000	0.0000	0.0000	0.0000	0.0000	0.0000	0.0000	0.0000	0.0000	0.0000	0.0000	0.0000	0.0000	0.0000	0.0000	0.0000	0.0000	0.0000	0.0000	0.0000	0.0000	0.0000	0.0000	0.0000	0.0000	0.0000	0.0000	0.0000	0.0000	0.0000	0.0000	0.0000	0.0000	0.0000	0.0000	0.0000	0.0000	0.0000	0.0000	0.0000	0.0000	0.0000	0.0000	0.0000	0.0000	0.0000	0.0000	0.0000	0.0000	0.0000	0.0000	0.0000	0.0000	0.0000											
66	98	0.1021	7	2	2	2	0	0	0	0	0	Y	Y	Y	N	N	N	N	N	N	N	N	N	0.0000	0.0000	0.0000	0.0000	0.0000	0.0000	0.0000	0.0000	0.0000	0.0000	0.0000	0.0000	0.0000	0.0000	0.0000	0.0000	0.0000	0.0000	0.0000	0.0000	0.0000	0.9502	0.0000	16.1595	0.0000	0.0000	0.0000	0.0000	0.0000	0.0000	0.0000	0.0000	0.0000	0.0000	0.0000	0.0000	0.0000	0.0000	0.0000	0.0000	0.0000	0.0000	0.0000	0.0000	0.0000	0.0000	0.0000	0.0000	0.0000	0.0000	0.0000	0.0000	0.0000	0.0000	0.0000	0.0000	0.0000	0.0000	0.0000	0.0000	0.0000	0.0000	0.0000	0.0000	0.0000	0.0000	0.0000	0.0000	0.0000	0.0000	0.0000	0.0000	0.0000	0.0000	0.0000	0.0000	0.0000	0.0000											
66	99	0.1014	5	1	2	1	0	0	0	0	0	N	Y	N	N	N	N	N	N	N	N	N	N	0.0000	0.0000	0.0000	0.0000	0.0000	0.0000	0.0000	0.0000	0.0000	0.0000	0.0000	0.0000	0.0000	0.0000	0.0000	0.0000	0.0000	0.0000	0.0000	0.0000	0.0000	11.9964	0.0000	15.6499	0.0000	0.0000	0.0000	0.0000	0.0000	0.0000	0.0000	0.0000	0.0000	0.0000	0.0000	0.0000	0.0000	0.0000	0.0000	0.0000	0.0000	0.0000	0.0000	0.0000	0.0000	0.0000	0.0000	0.0000	0.0000	0.0000	0.0000	0.0000	0.0000	0.0000	0.0000	0.0000	0.0000	0.0000	0.0000	0.0000	0.0000	0.0000	0.0000	0.0000	0.0000	0.0000	0.0000	0.0000	0.0000	0.0000	0.0000	0.0000	0.0000	0.0000	0.0000	0.0000	0.0000	0.0000											
66	100	0.1050	8	2	1	2	0	0	0	0	0	Y	N	Y	N	N	N	N	N	N	N	N	N	0.0000	0.0000	0.0000	0.0000	0.0000	0.0000	0.0000	0.0000	0.0000	0.0000	0.0000	0.0000	0.0000	0.0000	0.0000	0.0000	0.0000	0.0000	0.0000	0.0000	0.0000	1.0008	0.0000	13.9255	0.0000	0.0000	0.0000	0.0000	0.0000	0.0000	0.0000	0.0000	0.0000	0.0000	0.0000	0.0000	0.0000	0.0000	0.0000	0.0000	0.0000	0.0000	0.0000	0.0000	0.0000	0.0000	0.0000	0.0000	0.0000	0.0000	0.0000	0.0000	0.0000	0.0000	0.0000	0.0000	0.0000	0.0000	0.0000	0.0000	0.0000	0.0000	0.0000	0.0000	0.0000	0.0000	0.0000	0.0000	0.0000	0.0000	0.0000	0.0000	0.0000	0.0000	0.0000	0.0000	0.0000	0.0000											
66	101	0.1021	7	2	1	2	0	0	0	0	0	Y	N	Y	N	N	N	N	N	N	N	N	N	0.0000	0.0000	0.0000	0.0000	0.0000	0.0000	0.0000	0.0000	0.0000	0.0000	0.0000	0.0000	0.0000	0.0000	0.0000	0.0000	0.0000	0.0000	0.0000	0.0000	0.0000	0.0532	0.0000	2.0467	0.0000	0.0000	0.0000	0.0000	0.0000	0.0000	0.0000	0.0000	0.0000	0.0000	0.0000	0.0000	0.0000	0.0000	0.0000	0.0000	0.0000	0.0000	0.0000	0.0000	0.0000	0.0000	0.0000	0.0000	0.0000	0.0000	0.0000	0.0000	0.0000	0.0000	0.0000	0.0000	0.0000	0.0000	0.0000	0.0000	0.0000	0.0000	0.0000	0.0000	0.0000	0.0000	0.0000	0.0000	0.0000	0.0000	0.0000	0.0000	0.0000	0.0000	0.0000	0.0000	0.0000	0.0000											
66	102	0.0924	6	2	1	2	0	0	0	0	0	Y	N	Y	N	N	N	N	N	N	N	N	N	0.0000	0.0000	0.0000	0.0000	0.0000	0.0000	0.0000	0.0000	0.0000	0.0000	0.0000	0.0000	0.0000	0.0000	0.0000	0.0000	0.0000	0.0000	0.0000	0.0000	0.0000	2.0948	0.0000	3.0326	0.0000	0.0000	0.0000	0.0000	0.0000	0.0000	0.0000	0.0000	0.0000	0.0000	0.0000	0.0000	0.0000	0.0000	0.0000	0.0000	0.0000	0.0000	0.0000	0.0000	0.0000	0.0000	0.0000	0.0000	0.0000	0.0000	0.0000	0.0000	0.0000	0.0000	0.0000	0.0000	0.0000	0.0000	0.0000	0.0000	0.0000	0.0000	0.0000	0.0000	0.0000	0.0000	0.0000	0.0000	0.0000	0.0000	0.0000	0.0000	0.0000	0.0000	0.0000	0.0000	0.0000	0.0000											
66	103	0.0716	5	2	1	2	0	0	0	0	0	Y	N	Y	N	N	N	N	N	N	N	N	N	0.0000	0.0000	0.0000	0.0000	0.0000	0.0000	0.0000	0.0000	0.0000	0.0000	0.0000	0.0000	0.0000	0.0000	0.0000	0.0000	0.0000	0.0000	0.0000	0.0000	0.0000	3.9484	0.0000	4.8420	0.0000	0.0000	0.0000	0.0000	0.0000	0.0000	0.0000	0.0000	0.0000	0.0000	0.0000	0.0000	0.0000	0.0000	0.0000	0.0000	0.0000	0.0000	0.0000	0.0000	0.0000	0.0000	0.0000	0.0000	0.0000	0.0000	0.0000	0.0000	0.0000	0.0000	0.0000	0.0000	0.0000	0.0000	0.0000	0.0000	0.0000	0.0000	0.0000	0.0000	0.0000	0.0000	0.0000	0.0000	0.0000	0.0000	0.0000	0.0000	0.0000	0.0000	0.0000	0.0000	0.0000	0.0000											
66	104	0.1337	6	1	2	1	0	0	0	0	0	N	Y	N	N	N	N	N	N	N	N	N	N	0.0000	0.0000	0.0000	0.0000	0.0000	0.0000	0.0000	0.0000	0.0000	0.0000	0.0000	0.0000	0.0000	0.0000	0.0000	0.0000	0.0000	0.0000	0.0000	0.0000	0.0000	8.9557	0.0000	32.3127	0.0000	0.0000	0.0000	0.0000	0.0000	0.0000	0.0000	0.0000	0.0000	0.0000	0.0000	0.0000	0.0000	0.0000	0.0000	0.0000	0.0000	0.0000	0.0000	0.0000	0.0000	0.0000	0.0000	0.0000	0.0000	0.0000	0.0000	0.0000	0.0000	0.0000	0.0000	0.0000	0.0000	0.0000	0.0000	0.0000	0.0000	0.0000	0.0000	0.0000	0.0000	0.0000	0.0000	0.0000	0.0000	0.0000	0.0000	0.0000	0.0000	0.0000	0.0000	0.0000	0.0000	0.0000											
66	105	0.1591	7	1	1	2	0	0	0	0	0	N	N	Y	N	N	N	N	N	N	N	N	N	0.0000	0.0000	0.0000	0.0000	0.0000	0.0000	0.0000	0.0000	0.0000	0.0000	0.0000	0.0000	0.0000	0.0000	0.0000	0.0000	0.0000	0.0000	0.0000	0.0000	0.0000	4.2679	0.0000	7.8415	0.0000	0.0000	0.0000	0.0000	0.0000	0.0000	0.0000	0.0000	0.0000	0.0000	0.0000	0.0000	0.0000	0.0000	0.0000	0.0000	0.0000	0.0000	0.0000	0.0000	0.0000	0.0000	0.0000	0.0000	0.0000	0.0000	0.0000	0.0000	0.0000	0.0000	0.0000	0.0000	0.0000	0.0000	0.0000	0.0000	0.0000	0.0000	0.0000	0.0000	0.0000	0.0000	0.0000	0.0000	0.0000	0.0000	0.0000	0.0000	0.0000	0.0000	0.0000	0.0000	0.0000	0.0000											
66	106	0.1337	6	1	1	1	0	0	0	0	0	N	N	N	N	N	N	N	N	N	N	N	N	0.0000	0.0000	0.0000	0.0000	0.0000	0.0000	0.0000	0.0000	0.0000	0.0000	0.0000	0.0000	0.0000	0.0000	0.0000	0.0000	0.0000	0.0000	0.0000	0.0000	0.0000	1.9301	0.0000	9.0954	0.0000	0.0000	0.0000	0.0000	0.0000	0.0000	0.0000	0.0000	0.0000	0.0000	0.0000	0.0000	0.0000	0.0000	0.0000	0.0000	0.0000	0.0000	0.0000	0.0000	0.0000	0.0000	0.0000	0.0000	0.0000	0.0000	0.0000	0.0000	0.0000	0.0000	0.0000	0.0000	0.0000	0.0000	0.0000	0.0000	0.0000	0.0000	0.0000	0.0000	0.0000	0.0000	0.0000	0.0000	0.0000	0.0000	0.0000	0.0000	0.0000	0.0000	0.0000	0.0000	0.0000	0.0000											
66	107	0.1014	5	1	1	1	0	0	0	0	0	N	N	N	N	N	N	N	N	N	N	N	N	0.0000	0.0000	0.0000	0.0000	0.0000	0.0000	0.0000	0.0000	0.0000	0.0000	0.0000	0.0000	0.0000	0.0000	0.0000	0.0000	0.0000	0.0000	0.0000	0.0000	0.0000	3.9049	0.0000	9.6098	0.0000	0.0000	0.0000	0.0000	0.0000	0.0000	0.0000	0.0000	0.0000	0.0000	0.0000	0.0000	0.0000	0.0000	0.0000	0.0000	0.0000	0.0000	0.0000	0.0000	0.0000	0.0000	0.0000	0.0000	0.0000	0.0000	0.0000	0.0000	0.0000	0.0000	0.0000	0.0000	0.0000	0.0000	0.0000	0.0000	0.0000	0.0000	0.0000	0.0000	0.0000	0.0000	0.0000	0.0000	0.0000	0.0000	0.0000	0.0000	0.0000	0.0000	0.0000	0.0000	0.0000	0.0000											
66	108	0.1225	7	1	2	1	0	0	0	0	0	N	Y	N	N	N	N	N	N	N	N	N	N	0.0000	0.0000	0.0000	0.0000	0.0000	0.0000	0.0000	0.0000	0.0000	0.0000	0.0000	0.0000	0.0000	0.0000	0.0000	0.0000	0.0000	0.0000	0.0000	0.0000	0.0000	8.0392	0.0000	22.6195	0.0000	0.0000	0.0000	0.0000	0.0000	0.0000	0.0000	0.0000	0.0000	0.0000	0.0000	0.0000	0.0000	0.0000	0.0000	0.0000	0.0000	0.0000	0.0000	0.0000	0.0000	0.0000	0.0000	0.0000	0.0000	0.0000	0.0000	0.0000	0.0000	0.0000	0.0000	0.0000	0.0000	0.0000	0.0000	0.0000	0.0000	0.0000	0.0000	0.0000	0.0000	0.0000	0.0000	0.0000	0.0000	0.0000	0.0000	0.0000	0.0000	0.0000	0.0000	0.0000	0.0000	0.0000											
66	109	0.1225	6	1	1	1	0	0	0	0	0	N	N	N	N	N	N	N	N	N	N	N	N	0.0000	0.0000	0.0000	0.0000	0.0000	0.0000	0.0000	0.0000	0.0000	0.0000	0.0000	0.0000	0.0000	0.0000	0.0000	0.0000	0.0000	0.0000	0.0000	0.0000	0.0000	0.2031	0.0000	2.0398	0.0000	0.0000	0.0000	0.0000	0.0000	0.0000	0.0000	0.0000	0.0000	0.0000	0.0000	0.0000	0.0000	0.0000	0.0000	0.0000	0.0000	0.0000	0.0000	0.0000	0.0000	0.0000	0.0000	0.0000	0.0000	0.0000	0.0000	0.0000	0.0000	0.0000	0.0000	0.0000	0.0000	0.0000	0.0000	0.0000	0.0000	0.0000	0.0000	0.0000	0.0000	0.0000	0.0000	0.0000	0.0000	0.0000	0.0000	0.0000	0.0000	0.0000	0.0000	0.0000	0.0000	0.0000											
66	110	0.7031	12	2	1	2	0	0	0	0	0	Y	N	Y	N	N	N	N	N	N	N	N	N	0.0000	0.0000	0.0000	0.0000	0.0000	0.0000	0.0000	0.0000	0.0000	0.0000	0.0000	0.0000	0.0000	0.0000	0.0000	0.0000	0.0000	0.0000	0.0000	0.0000	0.0000	0.0001	0.0000	0.0001	0.0000	0.0000	0.0000	0.0000	0.0000	0.0000	0.0000	0.0000	0.0000	0.0000	0.0000	0.0000	0.0000	0.0000	0.0000	0.0000	0.0000	0.0000	0.0000	0.0000	0.0000	0.0000	0.0000	0.0000	0.0000	0.0000	0.0000	0.0000	0.0000	0.0000	0.0000	0.0000	0.0000	0.0000	0.0000	0.0000	0.0000	0.0000	0.0000	0.0000	0.0000	0.0000	0.0000	0.0000	0.0000	0.0000	0.0000	0.0000	0.0000	0.0000	0.0000	0.0000	0.0000	0.0000											
66	111	0.6892	11	2	1	2	0	0	0	0	0	Y	N	Y	N	N	N	N	N	N	N	N	N	0.0000	0.0000	0.0000	0.0000	0.0000	0.0000	0.0000	0.0000	0.0000	0.0000	0.0000	0.0000	0.0000	0.0000	0.0000	0.0000	0.0000	0.0000	0.0000	0.0000	0.0000	1.6718	0.0000	2.9223	0.0000	0.0000	0.0000	0.0000	0.0000	0.0000	0.0000	0.0000	0.0000	0.0000	0.0000	0.0000	0.0000	0.0000	0.0000	0.0000	0.0000	0.0000	0.0000	0.0000	0.0000	0.0000	0.0000	0.0000	0.0000	0.0000	0.0000	0.0000	0.0000	0.0000	0.0000	0.0000	0.0000	0.0000	0.0000	0.0000	0.0000	0.0000	0.0000	0.0000	0.0000	0.0000	0.0000	0.0000	0.0000	0.0000	0.0000	0.0000	0.0000	0.0000	0.0000	0.0000	0.0000	0.0000											
66	112	0.6057	10	2	1	2	0	0	0	0	0	Y	N	Y	N	N	N	N	N	N	N	N	N	0.0000	0.0000	0.0000	0.0000	0.0000	0.0000	0.0000	0.0000	0.0000	0.0000	0.0000	0.0000	0.0000	0.0000	0.0000	0.0000	0.0000	0.0000	0.0000	0.0000	0.0000	14.0283	0.0000	7.1084	0.0000	0.0000	0.0000	0.0000	0.0000	0.0000	0.0000	0.0000	0.0000	0.0000	0.0000	0.0000	0.0000	0.0000	0.0000	0.0000	0.0000	0.0000	0.0000	0.0000	0.0000	0.0000	0.0000	0.0000	0.0000	0.0000	0.0000	0.0000	0.0000	0.0000	0.0000	0.0000	0.0000	0.0000	0.0000	0.0000	0.0000	0.0000	0.0000	0.0000	0.0000	0.0000	0.0000	0.0000	0.0000	0.0000	0.0000	0.0000	0.0000	0.0000	0.0000	0.0000	0.0000	0.0000											
66	113	0.5454	9	1	1	1	0	0	0	0	0	N	N	N	N	N	N	N	N	N	N	N	N	0.0000	0.0000	0.0000	0.0000	0.0000	0.0000	0.0000	0.0000	0.0000	0.0000	0.0000	0.0000	0.0000	0.0000	0.0000	0.0000	0.0000	0.0000	0.0000	0.0000	0.0000	8.6129	0.0000	5.1709	0.0000	0.0000	0.0000	0.0000	0.0000	0.0000	0.0000	0.0000	0.0000	0.0000	0.0000	0.0000	0.0000	0.0000	0.0000	0.0000	0.0000	0.0000	0.0000	0.0000	0.0000	0.0000	0.0000	0.0000	0.0000	0.0000	0.0000	0.0000	0.0000	0.0000	0.0000	0.0000	0.0000	0.0000	0.0000	0.0000	0.0000	0.0000	0.0000	0.0000	0.0000	0.0000	0.0000	0.0000	0.0000	0.0000	0.0000	0.0000	0.0000	0.0000	0.0000	0.0000	0.0000	0.0000											
66	114	0.4503	8	1	1	1	0	0	0	0	0	N	N	N	N	N	N	N	N	N	N	N	N	0.0000	0.0000	0.0000	0.0000	0.0000	0.0000	0.0000	0.0000	0.0000	0.0000	0.0000	0.0000	0.0000	0.0000	0.0000	0.0000	0.0000	0.0000	0.0000	0.0000	0.0000	16.8607	0.0000	22.7724	0.0000	0.0000	0.0000	0.0000	0.0000	0.0000	0.0000	0.0000	0.0000	0.0000	0.0000	0.0000	0.0000	0.0000	0.0000	0.0000	0.0000	0.0000	0.0000	0.0000	0.0000	0.0000	0.0000	0.0000	0.0000	0.0000	0.0000	0.0000	0.0000	0.0000	0.0000	0.0000	0.0000	0.0000	0.0000	0.0000	0.0000	0.0000	0.0000	0.0000	0.0000	0.0000	0.0000	0.0000	0.0000	0.0000	0.0000	0.0000	0.0000	0.0000	0.0000	0.0000	0.0000	0.0000											
66	115	0.0212	3	2	1	2	0	0	0	0	0	Y	N	Y	N	N	N	N	N	N	N	N	N	0.0000	0.0000	0.0000	0.0000	0.0000	0.0000	0.0000	0.0000	0.0000	0.0000	0.0000	0.0000	0.0000	0.0000	0.0000	0.0000	0.0000	0.0000	0.0000	0.0000	0.0000	1.0009	0.0000	4.0038	0.0000	0.0000	0.0000	0.0000	0.0000	0.0000	0.0000	0.0000	0.0000	0.0000	0.0000	0.0000	0.0000	0.0000	0.0000	0.0000	0.0000	0.0000	0.0000	0.0000	0.0000	0.0000	0.0000	0.0000	0.0000	0.0000	0.0000	0.0000	0.0000	0.0000	0.0000	0.0000	0.0000	0.0000	0.0000	0.0000	0.0000	0.0000	0.0000	0.0000	0.0000	0.0000	0.0000	0.0000	0.0000	0.0000	0.0000	0.0000	0.0000	0.0000	0.0000	0.0000	0.0000	0.0000											
66	117	0.3376	6	1	2	1	1	0	0	0	0	N	Y	N	N	N	N	N	N	N	N	N	N	0.0000	0.0000	0.0000	0.0000	0.0000	0.0000	0.0000	0.0000	0.0000	0.0000	0.0000	0.0000	0.0000	0.0000	0.0000	0.0000	0.0000	0.0000	0.0000	0.0000	0.0000	10.5071	0.0000	20.2622	0.0000	0.0000	0.0000	0.0000	0.0000	0.0000	0.0000	0.0000	0.0000	0.0000	0.0000	0.0000	0.0000	0.0000	0.0000	0.0000	0.0000	0.0000	0.0000	0.0000	0.0000	0.0000	0.0000	0.0000	0.0000	0.0000	0.0000	0.0000	0.0000	0.0000	0.0000	0.0000	0.0000	0.0000	0.0000	0.0000	0.0000	0.0000	0.0000	0.0000	0.0000	0.0000	0.0000	0.0000	0.0000	0.0000	0.0000	0.0000	0.0000	0.0000	0.0000	0.0000	0.0000	0.0000											
66	118	0.1014	5	1	2	1	1	0	0	0	0	N	Y	N	N	N	N	N	N	N	N	N	N	0.0000	0.0000	0.0000	0.0000	0.0000	0.0000	0.0000	0.0000	0.0000	0.0000	0.0000	0.0000	0.0000	0.0000	0.0000	0.0000	0.0000	0.0000	0.0000	0.0000	0.0000	4.0036	0.0000	26.5072	0.0000	0.0000	0.0000	0.0000	0.0000	0.0000	0.0000	0.0000	0.0000	0.0000	0.0000	0.0000	0.0000	0.0000	0.0000	0.0000	0.0000	0.0000	0.0000	0.0000	0.0000	0.0000	0.0000	0.0000	0.0000	0.0000	0.0000	0.0000	0.0000	0.0000	0.0000	0.0000	0.0000	0.0000	0.0000	0.0000	0.0000	0.0000	0.0000	0.0000	0.0000	0.0000	0.0000	0.0000	0.0000	0.0000	0.0000	0.0000	0.0000	0.0000	0.0000	0.0000	0.0000	0.0000											
66	119	0.1398	6	1	2	1	0	0	0	0	0	N	Y	N	N	N	N	N	N	N	N	N	N	0.0000	0.0000	0.0000	0.0000	0.0000	0.0000	0.0000	0.0000	0.0000	0.0000	0.0000	0.0000	0.0000	0.0000	0.0000	0.0000	0.0000	0.0000	0.0000	0.0000	0.0000	3.8169	0.0000	21.2433	0.0000	0.0000	0.0000	0.0000	0.0000	0.0000	0.0000	0.0000	0.0000	0.0000	0.0000	0.0000	0.0000	0.0000	0.0000	0.0000	0.0000	0.0000	0.0000	0.0000	0.0000	0.0000	0.0000	0.0000	0.0000	0.0000	0.0000	0.0000	0.0000	0.0000	0.0000	0.0000	0.0000	0.0000	0.0000	0.0000	0.0000	0.0000	0.0000	0.0000	0.0000	0.0000	0.0000	0.0000	0.0000	0.0000	0.0000	0.0000	0.0000	0.0000	0.0000	0.0000	0.0000	0.0000											
66	120	0.4855	10	1	2	1	0	0	0	0	0	N	Y	N	N	N	N	N	N	N	N	N	N	0.0000	0.0000	0.0000	0.0000	0.0000	0.0000	0.0000	0.0000	0.0000	0.0000	0.0000	0.0000	0.0000	0.0000	0.0000	0.0000	0.0000	0.0000	0.0000	0.0000	0.0000	16.3276	0.0000	34.9199	0.0000	0.0000	0.0000	0.0000	0.0000	0.0000	0.0000	0.0000	0.0000	0.0000	0.0000	0.0000	0.0000	0.0000	0.0000	0.0000	0.0000	0.0000	0.0000	0.0000	0.0000	0.0000	0.0000	0.0000	0.0000	0.0000	0.0000	0.0000	0.0000	0.0000	0.0000	0.0000	0.0000	0.0000	0.0000	0.0000	0.0000	0.0000	0.0000	0.0000	0.0000	0.0000	0.0000	0.0000	0.0000	0.0000	0.0000	0.0000	0.0000	0.0000	0.0000	0.0000	0.0000	0.0000											
66	121	0.4681	9	1	2	1	0	0	0	0	0	N	Y	N	N	N	N	N	N	N	N	N	N	0.0000	0.0000	0.0000	0.0000	0.0000	0.0000	0.0000	0.0000	0.0000	0.0000	0.0000	0.0000	0.0000	0.0000	0.0000	0.0000	0.0000	0.0000	0.0000	0.0000	0.0000	6.1757	0.0000	14.5601	0.0000	0.0000	0.0000	0.0000	0.0000	0.0000	0.0000	0.0000	0.0000	0.0000	0.0000	0.0000	0.0000	0.0000	0.0000	0.0000	0.0000	0.0000	0.0000	0.0000	0.0000	0.0000	0.0000	0.0000	0.0000	0.0000	0.0000	0.0000	0.0000	0.0000	0.0000	0.0000	0.0000	0.0000	0.0000	0.0000	0.0000	0.0000	0.0000	0.0000	0.0000	0.0000	0.0000	0.0000	0.0000	0.0000	0.0000	0.0000	0.0000	0.0000	0.0000	0.0000	0.0000	0.0000											
66	122	0.4151	8	1	1	1	0	0	0	0	0	N	N	N	N	N	N	N	N	N	N	N	N	0.0000	0.0000	0.0000	0.0000	0.0000	0.0000	0.0000	0.0000	0.0000	0.0000	0.0000	0.0000	0.0000	0.0000	0.0000	0.0000	0.0000	0.0000	0.0000	0.0000	0.0000	7.5400	0.0000	21.4192	0.0000	0.0000	0.0000	0.0000	0.0000	0.0000	0.0000	0.0000	0.0000	0.0000	0.0000	0.0000	0.0000	0.0000	0.0000	0.0000	0.0000	0.0000	0.0000	0.0000	0.0000	0.0000	0.0000	0.0000	0.0000	0.0000	0.0000	0.0000	0.0000	0.0000	0.0000	0.0000	0.0000	0.0000	0.0000	0.0000	0.0000	0.0000	0.0000	0.0000	0.0000	0.0000	0.0000	0.0000	0.0000	0.0000	0.0000	0.0000	0.0000	0.0000	0.0000	0.0000	0.0000	0.0000											
66	123	0.0716	5	1	2	1	0	0	0	0	0	N	Y	N	N	N	N	N	N	N	N	N	N	0.0000	0.0000	0.0000	0.0000	0.0000	0.0000	0.0000	0.0000	0.0000	0.0000	0.0000	0.0000	0.0000	0.0000	0.0000	0.0000	0.0000	0.0000	0.0000	0.0000	0.0000	4.0019	0.0000	19.5615	0.0000	0.0000	0.0000	0.0000	0.0000	0.0000	0.0000	0.0000	0.0000	0.0000	0.0000	0.0000	0.0000	0.0000	0.0000	0.0000	0.0000	0.0000	0.0000	0.0000	0.0000	0.0000	0.0000	0.0000	0.0000	0.0000	0.0000	0.0000	0.0000	0.0000	0.0000	0.0000	0.0000	0.0000	0.0000	0.0000	0.0000	0.0000	0.0000	0.0000	0.0000	0.0000	0.0000	0.0000	0.0000	0.0000	0.0000	0.0000	0.0000	0.0000	0.0000	0.0000	0.0000	0.0000											
66	124	0.0495	4	1	1	1	0	0	0	0	0	N	N	N	N	N	N	N	N	N	N	N	N	0.0000	0.0000	0.0000	0.0000	0.0000	0.0000	0.0000	0.0000	0.0000	0.0000	0.0000	0.0000	0.0000	0.0000	0.0000	0.0000	0.0000	0.0000	0.0000	0.0000	0.0000	1.2223	0.0000	8.2281	0.0000	0.0000	0.0000	0.0000	0.0000	0.0000	0.0000	0.0000	0.0000	0.0000	0.0000	0.0000	0.0000	0.0000	0.0000	0.0000	0.0000	0.0000	0.0000	0.0000	0.0000	0.0000	0.0000	0.0000	0.0000	0.0000	0.0000	0.0000	0.0000	0.0000	0.0000	0.0000	0.0000	0.0000	0.0000	0.0000	0.0000	0.0000	0.0000	0.0000	0.0000	0.0000	0.0000	0.0000	0.0000	0.0000	0.0000	0.0000	0.0000	0.0000	0.0000	0.0000	0.0000	0.0000											
66	126	0.1385	7	1	2	1	0	0	0	0	0	N	Y	N	N	N	N	N	N	N	N	N	N	0.0000	0.0000	0.0000	0.0000	0.0000	0.0000	0.0000	0.0000	0.0000	0.0000	0.0000	0.0000	0.0000	0.0000	0.0000	0.0000	0.0000	0.0000	0.0000	0.0000	0.0000	5.0407	0.0000	17.1705	0.0000	0.0000	0.0000	0.0000	0.0000	0.0000	0.0000	0.0000	0.0000	0.0000	0.0000	0.0000	0.0000	0.0000	0.0000	0.0000	0.0000	0.0000	0.0000	0.0000	0.0000	0.0000	0.0000	0.0000	0.0000	0.0000	0.0000	0.0000	0.0000	0.0000	0.0000	0.0000	0.0000	0.0000	0.0000	0.0000	0.0000	0.0000	0.0000	0.0000	0.0000	0.0000	0.0000	0.0000	0.0000	0.0000	0.0000	0.0000	0.0000	0.0000	0.0000	0.0000	0.0000	0.0000											
66	127	0.1225	6	1	2	1	0	0	0	0	0	N	Y	N	N	N	N	N	N	N	N	N	N	0.0000	0.0000	0.0000	0.0000	0.0000	0.0000	0.0000	0.0000	0.0000	0.0000	0.0000	0.0000	0.0000	0.0000	0.0000	0.0000	0.0000	0.0000	0.0000	0.0000	0.0000	1.9703	0.0000	6.2034	0.0000	0.0000	0.0000	0.0000	0.0000	0.0000	0.0000	0.0000	0.0000	0.0000	0.0000	0.0000	0.0000	0.0000	0.0000	0.0000	0.0000	0.0000	0.0000	0.0000	0.0000	0.0000	0.0000	0.0000	0.0000	0.0000	0.0000	0.0000	0.0000	0.0000	0.0000	0.0000	0.0000	0.0000	0.0000	0.0000	0.0000	0.0000	0.0000	0.0000	0.0000	0.0000	0.0000	0.0000	0.0000	0.0000	0.0000	0.0000	0.0000	0.0000	0.0000	0.0000	0.0000	0.0000											
66	128	0.1014	5	1	1	1	0	0	0	0	0	N	N	N	N	N	N	N	N	N	N	N	N	0.0000	0.0000	0.0000	0.0000	0.0000	0.0000	0.0000	0.0000	0.0000	0.0000	0.0000	0.0000	0.0000	0.0000	0.0000	0.0000	0.0000	0.0000	0.0000	0.0000	0.0000	1.1032	0.0000	7.8190	0.0000	0.0000	0.0000	0.0000	0.0000	0.0000	0.0000	0.0000	0.0000	0.0000	0.0000	0.0000	0.0000	0.0000	0.0000	0.0000	0.0000	0.0000	0.0000	0.0000	0.0000	0.0000	0.0000	0.0000	0.0000	0.0000	0.0000	0.0000	0.0000	0.0000	0.0000	0.0000	0.0000	0.0000	0.0000	0.0000	0.0000	0.0000	0.0000	0.0000	0.0000	0.0000	0.0000	0.0000	0.0000	0.0000	0.0000	0.0000	0.0000	0.0000	0.0000	0.0000	0.0000	0.0000											
66	129	0.4444	9	1	2	1	0	0	0	0	0	N	Y	N	N	N	N	N	N	N	N	N	N	0.0000	0.0000	0.0000	0.0000	0.0000	0.0000	0.0000	0.0000	0.0000	0.0000	0.0000	0.0000	0.0000	0.0000	0.0000	0.0000	0.0000	0.0000	0.0000	0.0000	0.0000	1.0033	0.0000	0.8635	0.0000	0.0000	0.0000	0.0000	0.0000	0.0000	0.0000	0.0000	0.0000	0.0000	0.0000	0.0000	0.0000	0.0000	0.0000	0.0000	0.0000	0.0000	0.0000	0.0000	0.0000	0.0000	0.0000	0.0000	0.0000	0.0000	0.0000	0.0000	0.0000	0.0000	0.0000	0.0000	0.0000	0.0000	0.0000	0.0000	0.0000	0.0000	0.0000	0.0000	0.0000	0.0000	0.0000	0.0000	0.0000	0.0000	0.0000	0.0000	0.0000	0.0000	0.0000	0.0000	0.0000	0.0000											
66	130	0.4151	8	1	1	1	0	0	0	0	0	N	N	N	N	N	N	N	N	N	N	N	N	0.0000	0.0000	0.0000	0.0000	0.0000	0.0000	0.0000	0.0000	0.0000	0.0000	0.0000	0.0000	0.0000	0.0000	0.0000	0.0000	0.0000	0.0000	0.0000	0.0000	0.0000	5.5514	0.0000	9.9598	0.0000	0.0000	0.0000	0.0000	0.0000	0.0000	0.0000	0.0000	0.0000	0.0000	0.0000	0.0000	0.0000	0.0000	0.0000	0.0000	0.0000	0.0000	0.0000	0.0000	0.0000	0.0000	0.0000	0.0000	0.0000	0.0000	0.0000	0.0000	0.0000	0.0000	0.0000	0.0000	0.0000	0.0000	0.0000	0.0000	0.0000	0.0000	0.0000	0.0000	0.0000	0.0000	0.0000	0.0000	0.0000	0.0000	0.0000	0.0000	0.0000	0.0000	0.0000	0.0000	0.0000	0.0000											
66	131	0.3848	7	1	1	1	0	0	0	0	0	N	N	N	N	N	N	N	N	N	N	N	N	0.0000	0.0000	0.0000	0.0000	0.0000	0.0000	0.0000	0.0000	0.0000	0.0000	0.0000	0.0000	0.0000	0.0000	0.0000	0.0000	0.0000	0.0000	0.0000	0.0000	0.0000	9.1969	0.0000	13.4651	0.0000	0.0000	0.0000	0.0000	0.0000	0.0000	0.0000	0.0000	0.0000	0.0000	0.0000	0.0000	0.0000	0.0000	0.0000	0.0000	0.0000	0.0000	0.0000	0.0000	0.0000	0.0000	0.0000	0.0000	0.0000	0.0000	0.0000	0.0000	0.0000	0.0000	0.0000	0.0000	0.0000	0.0000	0.0000	0.0000	0.0000	0.0000	0.0000	0.0000	0.0000	0.0000	0.0000	0.0000	0.0000	0.0000	0.0000	0.0000	0.0000	0.0000	0.0000	0.0000	0.0000	0.0000											
66	132	0.1983	9	2	2	1	1	0	0	0	0	Y	Y	N	N	N	N	N	N	N	N	N	N	0.0000	0.0000	0.0000	0.0000	0.0000	0.0000	0.0000	0.0000	0.0000	0.0000	0.0000	0.0000	0.0000	0.0000	0.0000	0.0000	0.0000	0.0000	0.0000	0.0000	0.0000	1.0000	0.0000	3.0001	0.0000	0.0000	0.0000	0.0000	0.0000	0.0000	0.0000	0.0000	0.0000	0.0000	0.0000	0.0000	0.0000	0.0000	0.0000	0.0000	0.0000	0.0000	0.0000	0.0000	0.0000	0.0000	0.0000	0.0000	0.0000	0.0000	0.0000	0.0000	0.0000	0.0000	0.0000	0.0000	0.0000	0.0000	0.0000	0.0000	0.0000	0.0000	0.0000	0.0000	0.0000	0.0000	0.0000	0.0000	0.0000	0.0000	0.0000	0.0000	0.0000	0.0000	0.0000	0.0000	0.0000	0.0000											
66	133	0.5972	13	2	2	1	1	0	0	0	0	Y	Y	N	N	N	N	N	N	N	N	N	N	0.0000	0.0000	0.0000	0.0000	0.0000	0.0000	0.0000	0.0000	0.0000	0.0000	0.0000	0.0000	0.0000	0.0000	0.0000	0.0000	0.0000	0.0000	0.0000	0.0000	0.0000	0.0006	0.0000	1.9797	0.0000	0.0000	0.0000	0.0000	0.0000	0.0000	0.0000	0.0000	0.0000	0.0000	0.0000	0.0000	0.0000	0.0000	0.0000	0.0000	0.0000	0.0000	0.0000	0.0000	0.0000	0.0000	0.0000	0.0000	0.0000	0.0000	0.0000	0.0000	0.0000	0.0000	0.0000	0.0000	0.0000	0.0000	0.0000	0.0000	0.0000	0.0000	0.0000	0.0000	0.0000	0.0000	0.0000	0.0000	0.0000	0.0000	0.0000	0.0000	0.0000	0.0000	0.0000	0.0000	0.0000	0.0000											
66	134	0.5805	12	2	2	1	1	0	0	0	0	Y	Y	N	N	N	N	N	N	N	N	N	N	0.0000	0.0000	0.0000	0.0000	0.0000	0.0000	0.0000	0.0000	0.0000	0.0000	0.0000	0.0000	0.0000	0.0000	0.0000	0.0000	0.0000	0.0000	0.0000	0.0000	0.0000	2.0077	0.0000	6.0321	0.0000	0.0000	0.0000	0.0000	0.0000	0.0000	0.0000	0.0000	0.0000	0.0000	0.0000	0.0000	0.0000	0.0000	0.0000	0.0000	0.0000	0.0000	0.0000	0.0000	0.0000	0.0000	0.0000	0.0000	0.0000	0.0000	0.0000	0.0000	0.0000	0.0000	0.0000	0.0000	0.0000	0.0000	0.0000	0.0000	0.0000	0.0000	0.0000	0.0000	0.0000	0.0000	0.0000	0.0000	0.0000	0.0000	0.0000	0.0000	0.0000	0.0000	0.0000	0.0000	0.0000	0.0000											
66	135	0.5757	12	1	2	1	1	0	0	0	0	N	Y	N	N	N	N	N	N	N	N	N	N	0.0000	0.0000	0.0000	0.0000	0.0000	0.0000	0.0000	0.0000	0.0000	0.0000	0.0000	0.0000	0.0000	0.0000	0.0000	0.0000	0.0000	0.0000	0.0000	0.0000	0.0000	3.0348	0.0000	9.3583	0.0000	0.0000	0.0000	0.0000	0.0000	0.0000	0.0000	0.0000	0.0000	0.0000	0.0000	0.0000	0.0000	0.0000	0.0000	0.0000	0.0000	0.0000	0.0000	0.0000	0.0000	0.0000	0.0000	0.0000	0.0000	0.0000	0.0000	0.0000	0.0000	0.0000	0.0000	0.0000	0.0000	0.0000	0.0000	0.0000	0.0000	0.0000	0.0000	0.0000	0.0000	0.0000	0.0000	0.0000	0.0000	0.0000	0.0000	0.0000	0.0000	0.0000	0.0000	0.0000	0.0000	0.0000											
66	136	0.5614	11	1	1	1	1	0	0	0	0	N	N	N	N	N	N	N	N	N	N	N	N	0.0000	0.0000	0.0000	0.0000	0.0000	0.0000	0.0000	0.0000	0.0000	0.0000	0.0000	0.0000	0.0000	0.0000	0.0000	0.0000	0.0000	0.0000	0.0000	0.0000	0.0000	0.0433	0.0000	6.6805	0.0000	0.0000	0.0000	0.0000	0.0000	0.0000	0.0000	0.0000	0.0000	0.0000	0.0000	0.0000	0.0000	0.0000	0.0000	0.0000	0.0000	0.0000	0.0000	0.0000	0.0000	0.0000	0.0000	0.0000	0.0000	0.0000	0.0000	0.0000	0.0000	0.0000	0.0000	0.0000	0.0000	0.0000	0.0000	0.0000	0.0000	0.0000	0.0000	0.0000	0.0000	0.0000	0.0000	0.0000	0.0000	0.0000	0.0000	0.0000	0.0000	0.0000	0.0000	0.0000	0.0000	0.0000											
66	137	0.2279	11	1	2	1	1	0	0	0	0	N	Y	N	N	N	N	N	N	N	N	N	N	0.0000	0.0000	0.0000	0.0000	0.0000	0.0000	0.0000	0.0000	0.0000	0.0000	0.0000	0.0000	0.0000	0.0000	0.0000	0.0000	0.0000	0.0000	0.0000	0.0000	0.0000	0.0000	0.0000	0.0000	0.0000	0.0000	0.0000	0.0000	0.0000	0.0000	0.0000	0.0000	0.0000	0.0000	0.0000	0.0000	0.0000	0.0000	0.0000	0.0000	0.0000	0.0000	0.0000	0.0000	0.0000	0.0000	0.0000	0.0000	0.0000	0.0000	0.0000	0.0000	0.0000	0.0000	0.0000	0.0000	0.0000	0.0000	0.0000	0.0000	0.0000	0.0000	0.0000	0.0000	0.0000	0.0000	0.0000	0.0000	0.0000	0.0000	0.0000	0.0000	0.0000	0.0000	0.0000	0.0000	0.0000	0.0000											
66	138	0.2228	10	1	2	1	1	0	0	0	0	N	Y	N	N	N	N	N	N	N	N	N	N	0.0000	0.0000	0.0000	0.0000	0.0000	0.0000	0.0000	0.0000	0.0000	0.0000	0.0000	0.0000	0.0000	0.0000	0.0000	0.0000	0.0000	0.0000	0.0000	0.0000	0.0000	0.0021	0.0000	2.0000	0.0000	0.0000	0.0000	0.0000	0.0000	0.0000	0.0000	0.0000	0.0000	0.0000	0.0000	0.0000	0.0000	0.0000	0.0000	0.0000	0.0000	0.0000	0.0000	0.0000	0.0000	0.0000	0.0000	0.0000	0.0000	0.0000	0.0000	0.0000	0.0000	0.0000	0.0000	0.0000	0.0000	0.0000	0.0000	0.0000	0.0000	0.0000	0.0000	0.0000	0.0000	0.0000	0.0000	0.0000	0.0000	0.0000	0.0000	0.0000	0.0000	0.0000	0.0000	0.0000	0.0000	0.0000											
66	139	0.2126	9	1	1	1	1	0	0	0	0	N	N	N	N	N	N	N	N	N	N	N	N	0.0000	0.0000	0.0000	0.0000	0.0000	0.0000	0.0000	0.0000	0.0000	0.0000	0.0000	0.0000	0.0000	0.0000	0.0000	0.0000	0.0000	0.0000	0.0000	0.0000	0.0000	1.0020	0.0000	3.0181	0.0000	0.0000	0.0000	0.0000	0.0000	0.0000	0.0000	0.0000	0.0000	0.0000	0.0000	0.0000	0.0000	0.0000	0.0000	0.0000	0.0000	0.0000	0.0000	0.0000	0.0000	0.0000	0.0000	0.0000	0.0000	0.0000	0.0000	0.0000	0.0000	0.0000	0.0000	0.0000	0.0000	0.0000	0.0000	0.0000	0.0000	0.0000	0.0000	0.0000	0.0000	0.0000	0.0000	0.0000	0.0000	0.0000	0.0000	0.0000	0.0000	0.0000	0.0000	0.0000	0.0000	0.0000											
66	140	0.1983	9	1	2	1	0	0	0	0	0	N	Y	N	N	N	N	N	N	N	N	N	N	0.0000	0.0000	0.0000	0.0000	0.0000	0.0000	0.0000	0.0000	0.0000	0.0000	0.0000	0.0000	0.0000	0.0000	0.0000	0.0000	0.0000	0.0000	0.0000	0.0000	0.0000	0.0000	0.0000	4.0001	0.0000	0.0000	0.0000	0.0000	0.0000	0.0000	0.0000	0.0000	0.0000	0.0000	0.0000	0.0000	0.0000	0.0000	0.0000	0.0000	0.0000	0.0000	0.0000	0.0000	0.0000	0.0000	0.0000	0.0000	0.0000	0.0000	0.0000	0.0000	0.0000	0.0000	0.0000	0.0000	0.0000	0.0000	0.0000	0.0000	0.0000	0.0000	0.0000	0.0000	0.0000	0.0000	0.0000	0.0000	0.0000	0.0000	0.0000	0.0000	0.0000	0.0000	0.0000	0.0000	0.0000	0.0000											
66	141	0.5759	11	1	2	1	0	0	0	0	0	N	Y	N	N	N	N	N	N	N	N	N	N	0.0000	0.0000	0.0000	0.0000	0.0000	0.0000	0.0000	0.0000	0.0000	0.0000	0.0000	0.0000	0.0000	0.0000	0.0000	0.0000	0.0000	0.0000	0.0000	0.0000	0.0000	1.0003	0.0000	5.0186	0.0000	0.0000	0.0000	0.0000	0.0000	0.0000	0.0000	0.0000	0.0000	0.0000	0.0000	0.0000	0.0000	0.0000	0.0000	0.0000	0.0000	0.0000	0.0000	0.0000	0.0000	0.0000	0.0000	0.0000	0.0000	0.0000	0.0000	0.0000	0.0000	0.0000	0.0000	0.0000	0.0000	0.0000	0.0000	0.0000	0.0000	0.0000	0.0000	0.0000	0.0000	0.0000	0.0000	0.0000	0.0000	0.0000	0.0000	0.0000	0.0000	0.0000	0.0000	0.0000	0.0000	0.0000											
66	142	0.2126	9	1	1	2	1	0	0	0	0	N	N	Y	N	N	N	N	N	N	N	N	N	0.0000	0.0000	0.0000	0.0000	0.0000	0.0000	0.0000	0.0000	0.0000	0.0000	0.0000	0.0000	0.0000	0.0000	0.0000	0.0000	0.0000	0.0000	0.0000	0.0000	0.0000	0.0001	0.0000	9.0026	0.0000	0.0000	0.0000	0.0000	0.0000	0.0000	0.0000	0.0000	0.0000	0.0000	0.0000	0.0000	0.0000	0.0000	0.0000	0.0000	0.0000	0.0000	0.0000	0.0000	0.0000	0.0000	0.0000	0.0000	0.0000	0.0000	0.0000	0.0000	0.0000	0.0000	0.0000	0.0000	0.0000	0.0000	0.0000	0.0000	0.0000	0.0000	0.0000	0.0000	0.0000	0.0000	0.0000	0.0000	0.0000	0.0000	0.0000	0.0000	0.0000	0.0000	0.0000	0.0000	0.0000	0.0000											
66	143	0.5614	11	1	1	2	1	0	0	0	0	N	N	Y	N	N	N	N	N	N	N	N	N	0.0000	0.0000	0.0000	0.0000	0.0000	0.0000	0.0000	0.0000	0.0000	0.0000	0.0000	0.0000	0.0000	0.0000	0.0000	0.0000	0.0000	0.0000	0.0000	0.0000	0.0000	2.0061	0.0000	8.0425	0.0000	0.0000	0.0000	0.0000	0.0000	0.0000	0.0000	0.0000	0.0000	0.0000	0.0000	0.0000	0.0000	0.0000	0.0000	0.0000	0.0000	0.0000	0.0000	0.0000	0.0000	0.0000	0.0000	0.0000	0.0000	0.0000	0.0000	0.0000	0.0000	0.0000	0.0000	0.0000	0.0000	0.0000	0.0000	0.0000	0.0000	0.0000	0.0000	0.0000	0.0000	0.0000	0.0000	0.0000	0.0000	0.0000	0.0000	0.0000	0.0000	0.0000	0.0000	0.0000	0.0000	0.0000											
66	144	0.5523	10	1	1	1	1	0	0	0	0	N	N	N	N	N	N	N	N	N	N	N	N	0.0000	0.0000	0.0000	0.0000	0.0000	0.0000	0.0000	0.0000	0.0000	0.0000	0.0000	0.0000	0.0000	0.0000	0.0000	0.0000	0.0000	0.0000	0.0000	0.0000	0.0000	1.9550	0.0000	2.1189	0.0000	0.0000	0.0000	0.0000	0.0000	0.0000	0.0000	0.0000	0.0000	0.0000	0.0000	0.0000	0.0000	0.0000	0.0000	0.0000	0.0000	0.0000	0.0000	0.0000	0.0000	0.0000	0.0000	0.0000	0.0000	0.0000	0.0000	0.0000	0.0000	0.0000	0.0000	0.0000	0.0000	0.0000	0.0000	0.0000	0.0000	0.0000	0.0000	0.0000	0.0000	0.0000	0.0000	0.0000	0.0000	0.0000	0.0000	0.0000	0.0000	0.0000	0.0000	0.0000	0.0000	0.0000											
66	145	0.5523	10	1	1	2	1	0	0	0	0	N	N	Y	N	N	N	N	N	N	N	N	N	0.0000	0.0000	0.0000	0.0000	0.0000	0.0000	0.0000	0.0000	0.0000	0.0000	0.0000	0.0000	0.0000	0.0000	0.0000	0.0000	0.0000	0.0000	0.0000	0.0000	0.0000	2.1261	0.0000	18.6477	0.0000	0.0000	0.0000	0.0000	0.0000	0.0000	0.0000	0.0000	0.0000	0.0000	0.0000	0.0000	0.0000	0.0000	0.0000	0.0000	0.0000	0.0000	0.0000	0.0000	0.0000	0.0000	0.0000	0.0000	0.0000	0.0000	0.0000	0.0000	0.0000	0.0000	0.0000	0.0000	0.0000	0.0000	0.0000	0.0000	0.0000	0.0000	0.0000	0.0000	0.0000	0.0000	0.0000	0.0000	0.0000	0.0000	0.0000	0.0000	0.0000	0.0000	0.0000	0.0000	0.0000	0.0000											
66	146	0.2126	9	1	1	2	1	0	0	0	0	N	N	Y	N	N	N	N	N	N	N	N	N	0.0000	0.0000	0.0000	0.0000	0.0000	0.0000	0.0000	0.0000	0.0000	0.0000	0.0000	0.0000	0.0000	0.0000	0.0000	0.0000	0.0000	0.0000	0.0000	0.0000	0.0000	2.0001	0.0000	5.9880	0.0000	0.0000	0.0000	0.0000	0.0000	0.0000	0.0000	0.0000	0.0000	0.0000	0.0000	0.0000	0.0000	0.0000	0.0000	0.0000	0.0000	0.0000	0.0000	0.0000	0.0000	0.0000	0.0000	0.0000	0.0000	0.0000	0.0000	0.0000	0.0000	0.0000	0.0000	0.0000	0.0000	0.0000	0.0000	0.0000	0.0000	0.0000	0.0000	0.0000	0.0000	0.0000	0.0000	0.0000	0.0000	0.0000	0.0000	0.0000	0.0000	0.0000	0.0000	0.0000	0.0000	0.0000											
66	147	0.2126	9	1	1	2	1	0	0	0	0	N	N	Y	N	N	N	N	N	N	N	N	N	0.0000	0.0000	0.0000	0.0000	0.0000	0.0000	0.0000	0.0000	0.0000	0.0000	0.0000	0.0000	0.0000	0.0000	0.0000	0.0000	0.0000	0.0000	0.0000	0.0000	0.0000	9.0001	0.0000	23.0169	0.0000	0.0000	0.0000	0.0000	0.0000	0.0000	0.0000	0.0000	0.0000	0.0000	0.0000	0.0000	0.0000	0.0000	0.0000	0.0000	0.0000	0.0000	0.0000	0.0000	0.0000	0.0000	0.0000	0.0000	0.0000	0.0000	0.0000	0.0000	0.0000	0.0000	0.0000	0.0000	0.0000	0.0000	0.0000	0.0000	0.0000	0.0000	0.0000	0.0000	0.0000	0.0000	0.0000	0.0000	0.0000	0.0000	0.0000	0.0000	0.0000	0.0000	0.0000	0.0000	0.0000	0.0000											
66	148	0.1873	8	1	1	1	1	0	0	0	0	N	N	N	N	N	N	N	N	N	N	N	N	0.0000	0.0000	0.0000	0.0000	0.0000	0.0000	0.0000	0.0000	0.0000	0.0000	0.0000	0.0000	0.0000	0.0000	0.0000	0.0000	0.0000	0.0000	0.0000	0.0000	0.0000	1.9990	0.0000	7.9526	0.0000	0.0000	0.0000	0.0000	0.0000	0.0000	0.0000	0.0000	0.0000	0.0000	0.0000	0.0000	0.0000	0.0000	0.0000	0.0000	0.0000	0.0000	0.0000	0.0000	0.0000	0.0000	0.0000	0.0000	0.0000	0.0000	0.0000	0.0000	0.0000	0.0000	0.0000	0.0000	0.0000	0.0000	0.0000	0.0000	0.0000	0.0000	0.0000	0.0000	0.0000	0.0000	0.0000	0.0000	0.0000	0.0000	0.0000	0.0000	0.0000	0.0000	0.0000	0.0000	0.0000	0.0000											
66	149	0.1554	7	2	2	1	0	0	0	0	0	Y	Y	N	N	N	N	N	N	N	N	N	N	0.0000	0.0000	0.0000	0.0000	0.0000	0.0000	0.0000	0.0000	0.0000	0.0000	0.0000	0.0000	0.0000	0.0000	0.0000	0.0000	0.0000	0.0000	0.0000	0.0000	0.0000	5.3497	0.0000	17.2225	0.0000	0.0000	0.0000	0.0000	0.0000	0.0000	0.0000	0.0000	0.0000	0.0000	0.0000	0.0000	0.0000	0.0000	0.0000	0.0000	0.0000	0.0000	0.0000	0.0000	0.0000	0.0000	0.0000	0.0000	0.0000	0.0000	0.0000	0.0000	0.0000	0.0000	0.0000	0.0000	0.0000	0.0000	0.0000	0.0000	0.0000	0.0000	0.0000	0.0000	0.0000	0.0000	0.0000	0.0000	0.0000	0.0000	0.0000	0.0000	0.0000	0.0000	0.0000	0.0000	0.0000	0.0000											
66	150	0.1862	8	1	2	1	0	0	0	0	0	N	Y	N	N	N	N	N	N	N	N	N	N	0.0000	0.0000	0.0000	0.0000	0.0000	0.0000	0.0000	0.0000	0.0000	0.0000	0.0000	0.0000	0.0000	0.0000	0.0000	0.0000	0.0000	0.0000	0.0000	0.0000	0.0000	3.6794	0.0000	17.4287	0.0000	0.0000	0.0000	0.0000	0.0000	0.0000	0.0000	0.0000	0.0000	0.0000	0.0000	0.0000	0.0000	0.0000	0.0000	0.0000	0.0000	0.0000	0.0000	0.0000	0.0000	0.0000	0.0000	0.0000	0.0000	0.0000	0.0000	0.0000	0.0000	0.0000	0.0000	0.0000	0.0000	0.0000	0.0000	0.0000	0.0000	0.0000	0.0000	0.0000	0.0000	0.0000	0.0000	0.0000	0.0000	0.0000	0.0000	0.0000	0.0000	0.0000	0.0000	0.0000	0.0000	0.0000											
66	151	0.1554	7	1	2	1	0	0	0	0	0	N	Y	N	N	N	N	N	N	N	N	N	N	0.0000	0.0000	0.0000	0.0000	0.0000	0.0000	0.0000	0.0000	0.0000	0.0000	0.0000	0.0000	0.0000	0.0000	0.0000	0.0000	0.0000	0.0000	0.0000	0.0000	0.0000	3.4464	0.0000	10.1316	0.0000	0.0000	0.0000	0.0000	0.0000	0.0000	0.0000	0.0000	0.0000	0.0000	0.0000	0.0000	0.0000	0.0000	0.0000	0.0000	0.0000	0.0000	0.0000	0.0000	0.0000	0.0000	0.0000	0.0000	0.0000	0.0000	0.0000	0.0000	0.0000	0.0000	0.0000	0.0000	0.0000	0.0000	0.0000	0.0000	0.0000	0.0000	0.0000	0.0000	0.0000	0.0000	0.0000	0.0000	0.0000	0.0000	0.0000	0.0000	0.0000	0.0000	0.0000	0.0000	0.0000	0.0000											
66	152	0.5827	13	2	2	1	0	0	0	0	0	Y	Y	N	N	N	N	N	N	N	N	N	N	0.0000	0.0000	0.0000	0.0000	0.0000	0.0000	0.0000	0.0000	0.0000	0.0000	0.0000	0.0000	0.0000	0.0000	0.0000	0.0000	0.0000	0.0000	0.0000	0.0000	0.0000	1.0143	0.0000	12.0086	0.0000	0.0000	0.0000	0.0000	0.0000	0.0000	0.0000	0.0000	0.0000	0.0000	0.0000	0.0000	0.0000	0.0000	0.0000	0.0000	0.0000	0.0000	0.0000	0.0000	0.0000	0.0000	0.0000	0.0000	0.0000	0.0000	0.0000	0.0000	0.0000	0.0000	0.0000	0.0000	0.0000	0.0000	0.0000	0.0000	0.0000	0.0000	0.0000	0.0000	0.0000	0.0000	0.0000	0.0000	0.0000	0.0000	0.0000	0.0000	0.0000	0.0000	0.0000	0.0000	0.0000	0.0000											
66	153	0.5805	12	2	2	1	0	0	0	0	0	Y	Y	N	N	N	N	N	N	N	N	N	N	0.0000	0.0000	0.0000	0.0000	0.0000	0.0000	0.0000	0.0000	0.0000	0.0000	0.0000	0.0000	0.0000	0.0000	0.0000	0.0000	0.0000	0.0000	0.0000	0.0000	0.0000	0.9811	0.0000	0.0216	0.0000	0.0000	0.0000	0.0000	0.0000	0.0000	0.0000	0.0000	0.0000	0.0000	0.0000	0.0000	0.0000	0.0000	0.0000	0.0000	0.0000	0.0000	0.0000	0.0000	0.0000	0.0000	0.0000	0.0000	0.0000	0.0000	0.0000	0.0000	0.0000	0.0000	0.0000	0.0000	0.0000	0.0000	0.0000	0.0000	0.0000	0.0000	0.0000	0.0000	0.0000	0.0000	0.0000	0.0000	0.0000	0.0000	0.0000	0.0000	0.0000	0.0000	0.0000	0.0000	0.0000	0.0000											
66	154	0.5759	11	2	2	1	0	0	0	0	0	Y	Y	N	N	N	N	N	N	N	N	N	N	0.0000	0.0000	0.0000	0.0000	0.0000	0.0000	0.0000	0.0000	0.0000	0.0000	0.0000	0.0000	0.0000	0.0000	0.0000	0.0000	0.0000	0.0000	0.0000	0.0000	0.0000	0.0083	0.0000	2.0001	0.0000	0.0000	0.0000	0.0000	0.0000	0.0000	0.0000	0.0000	0.0000	0.0000	0.0000	0.0000	0.0000	0.0000	0.0000	0.0000	0.0000	0.0000	0.0000	0.0000	0.0000	0.0000	0.0000	0.0000	0.0000	0.0000	0.0000	0.0000	0.0000	0.0000	0.0000	0.0000	0.0000	0.0000	0.0000	0.0000	0.0000	0.0000	0.0000	0.0000	0.0000	0.0000	0.0000	0.0000	0.0000	0.0000	0.0000	0.0000	0.0000	0.0000	0.0000	0.0000	0.0000	0.0000											
66	155	0.5523	10	1	2	1	0	0	0	0	0	N	Y	N	N	N	N	N	N	N	N	N	N	0.0000	0.0000	0.0000	0.0000	0.0000	0.0000	0.0000	0.0000	0.0000	0.0000	0.0000	0.0000	0.0000	0.0000	0.0000	0.0000	0.0000	0.0000	0.0000	0.0000	0.0000	2.9180	0.0000	7.4065	0.0000	0.0000	0.0000	0.0000	0.0000	0.0000	0.0000	0.0000	0.0000	0.0000	0.0000	0.0000	0.0000	0.0000	0.0000	0.0000	0.0000	0.0000	0.0000	0.0000	0.0000	0.0000	0.0000	0.0000	0.0000	0.0000	0.0000	0.0000	0.0000	0.0000	0.0000	0.0000	0.0000	0.0000	0.0000	0.0000	0.0000	0.0000	0.0000	0.0000	0.0000	0.0000	0.0000	0.0000	0.0000	0.0000	0.0000	0.0000	0.0000	0.0000	0.0000	0.0000	0.0000	0.0000											
66	156	0.4865	9	1	1	1	0	0	0	0	0	N	N	N	N	N	N	N	N	N	N	N	N	0.0000	0.0000	0.0000	0.0000	0.0000	0.0000	0.0000	0.0000	0.0000	0.0000	0.0000	0.0000	0.0000	0.0000	0.0000	0.0000	0.0000	0.0000	0.0000	0.0000	0.0000	8.2479	0.0000	19.7214	0.0000	0.0000	0.0000	0.0000	0.0000	0.0000	0.0000	0.0000	0.0000	0.0000	0.0000	0.0000	0.0000	0.0000	0.0000	0.0000	0.0000	0.0000	0.0000	0.0000	0.0000	0.0000	0.0000	0.0000	0.0000	0.0000	0.0000	0.0000	0.0000	0.0000	0.0000	0.0000	0.0000	0.0000	0.0000	0.0000	0.0000	0.0000	0.0000	0.0000	0.0000	0.0000	0.0000	0.0000	0.0000	0.0000	0.0000	0.0000	0.0000	0.0000	0.0000	0.0000	0.0000	0.0000											
66	157	0.4503	8	1	1	1	0	0	0	0	0	N	N	N	N	N	N	N	N	N	N	N	N	0.0000	0.0000	0.0000	0.0000	0.0000	0.0000	0.0000	0.0000	0.0000	0.0000	0.0000	0.0000	0.0000	0.0000	0.0000	0.0000	0.0000	0.0000	0.0000	0.0000	0.0000	7.4725	0.0000	14.3153	0.0000	0.0000	0.0000	0.0000	0.0000	0.0000	0.0000	0.0000	0.0000	0.0000	0.0000	0.0000	0.0000	0.0000	0.0000	0.0000	0.0000	0.0000	0.0000	0.0000	0.0000	0.0000	0.0000	0.0000	0.0000	0.0000	0.0000	0.0000	0.0000	0.0000	0.0000	0.0000	0.0000	0.0000	0.0000	0.0000	0.0000	0.0000	0.0000	0.0000	0.0000	0.0000	0.0000	0.0000	0.0000	0.0000	0.0000	0.0000	0.0000	0.0000	0.0000	0.0000	0.0000	0.0000											
66	158	0.3848	7	1	1	1	0	0	0	0	0	N	N	N	N	N	N	N	N	N	N	N	N	0.0000	0.0000	0.0000	0.0000	0.0000	0.0000	0.0000	0.0000	0.0000	0.0000	0.0000	0.0000	0.0000	0.0000	0.0000	0.0000	0.0000	0.0000	0.0000	0.0000	0.0000	11.6653	0.0000	19.4910	0.0000	0.0000	0.0000	0.0000	0.0000	0.0000	0.0000	0.0000	0.0000	0.0000	0.0000	0.0000	0.0000	0.0000	0.0000	0.0000	0.0000	0.0000	0.0000	0.0000	0.0000	0.0000	0.0000	0.0000	0.0000	0.0000	0.0000	0.0000	0.0000	0.0000	0.0000	0.0000	0.0000	0.0000	0.0000	0.0000	0.0000	0.0000	0.0000	0.0000	0.0000	0.0000	0.0000	0.0000	0.0000	0.0000	0.0000	0.0000	0.0000	0.0000	0.0000	0.0000	0.0000	0.0000											
66	159	0.3376	6	1	1	1	0	0	0	0	0	N	N	N	N	N	N	N	N	N	N	N	N	0.0000	0.0000	0.0000	0.0000	0.0000	0.0000	0.0000	0.0000	0.0000	0.0000	0.0000	0.0000	0.0000	0.0000	0.0000	0.0000	0.0000	0.0000	0.0000	0.0000	0.0000	7.3933	0.0000	20.5306	0.0000	0.0000	0.0000	0.0000	0.0000	0.0000	0.0000	0.0000	0.0000	0.0000	0.0000	0.0000	0.0000	0.0000	0.0000	0.0000	0.0000	0.0000	0.0000	0.0000	0.0000	0.0000	0.0000	0.0000	0.0000	0.0000	0.0000	0.0000	0.0000	0.0000	0.0000	0.0000	0.0000	0.0000	0.0000	0.0000	0.0000	0.0000	0.0000	0.0000	0.0000	0.0000	0.0000	0.0000	0.0000	0.0000	0.0000	0.0000	0.0000	0.0000	0.0000	0.0000	0.0000	0.0000											
66	160	0.1014	5	1	1	1	0	0	0	0	0	N	N	N	N	N	N	N	N	N	N	N	N	0.0000	0.0000	0.0000	0.0000	0.0000	0.0000	0.0000	0.0000	0.0000	0.0000	0.0000	0.0000	0.0000	0.0000	0.0000	0.0000	0.0000	0.0000	0.0000	0.0000	0.0000	27.6416	0.0000	54.6365	0.0000	0.0000	0.0000	0.0000	0.0000	0.0000	0.0000	0.0000	0.0000	0.0000	0.0000	0.0000	0.0000	0.0000	0.0000	0.0000	0.0000	0.0000	0.0000	0.0000	0.0000	0.0000	0.0000	0.0000	0.0000	0.0000	0.0000	0.0000	0.0000	0.0000	0.0000	0.0000	0.0000	0.0000	0.0000	0.0000	0.0000	0.0000	0.0000	0.0000	0.0000	0.0000	0.0000	0.0000	0.0000	0.0000	0.0000	0.0000	0.0000	0.0000	0.0000	0.0000	0.0000	0.0000											
66	161	0.2059	11	2	2	1	0	0	0	0	0	Y	Y	N	N	N	N	N	N	N	N	N	N	0.0000	0.0000	0.0000	0.0000	0.0000	0.0000	0.0000	0.0000	0.0000	0.0000	0.0000	0.0000	0.0000	0.0000	0.0000	0.0000	0.0000	0.0000	0.0000	0.0000	0.0000	0.0002	0.0000	3.0099	0.0000	0.0000	0.0000	0.0000	0.0000	0.0000	0.0000	0.0000	0.0000	0.0000	0.0000	0.0000	0.0000	0.0000	0.0000	0.0000	0.0000	0.0000	0.0000	0.0000	0.0000	0.0000	0.0000	0.0000	0.0000	0.0000	0.0000	0.0000	0.0000	0.0000	0.0000	0.0000	0.0000	0.0000	0.0000	0.0000	0.0000	0.0000	0.0000	0.0000	0.0000	0.0000	0.0000	0.0000	0.0000	0.0000	0.0000	0.0000	0.0000	0.0000	0.0000	0.0000	0.0000	0.0000											
66	162	0.1983	10	2	2	1	0	0	0	0	0	Y	Y	N	N	N	N	N	N	N	N	N	N	0.0000	0.0000	0.0000	0.0000	0.0000	0.0000	0.0000	0.0000	0.0000	0.0000	0.0000	0.0000	0.0000	0.0000	0.0000	0.0000	0.0000	0.0000	0.0000	0.0000	0.0000	0.9998	0.0000	2.0118	0.0000	0.0000	0.0000	0.0000	0.0000	0.0000	0.0000	0.0000	0.0000	0.0000	0.0000	0.0000	0.0000	0.0000	0.0000	0.0000	0.0000	0.0000	0.0000	0.0000	0.0000	0.0000	0.0000	0.0000	0.0000	0.0000	0.0000	0.0000	0.0000	0.0000	0.0000	0.0000	0.0000	0.0000	0.0000	0.0000	0.0000	0.0000	0.0000	0.0000	0.0000	0.0000	0.0000	0.0000	0.0000	0.0000	0.0000	0.0000	0.0000	0.0000	0.0000	0.0000	0.0000	0.0000											
66	163	0.1983	9	2	2	1	0	0	0	0	0	Y	Y	N	N	N	N	N	N	N	N	N	N	0.0000	0.0000	0.0000	0.0000	0.0000	0.0000	0.0000	0.0000	0.0000	0.0000	0.0000	0.0000	0.0000	0.0000	0.0000	0.0000	0.0000	0.0000	0.0000	0.0000	0.0000	0.0000	0.0000	0.0003	0.0000	0.0000	0.0000	0.0000	0.0000	0.0000	0.0000	0.0000	0.0000	0.0000	0.0000	0.0000	0.0000	0.0000	0.0000	0.0000	0.0000	0.0000	0.0000	0.0000	0.0000	0.0000	0.0000	0.0000	0.0000	0.0000	0.0000	0.0000	0.0000	0.0000	0.0000	0.0000	0.0000	0.0000	0.0000	0.0000	0.0000	0.0000	0.0000	0.0000	0.0000	0.0000	0.0000	0.0000	0.0000	0.0000	0.0000	0.0000	0.0000	0.0000	0.0000	0.0000	0.0000	0.0000											
66	164	0.1873	8	1	2	1	0	0	0	0	0	N	Y	N	N	N	N	N	N	N	N	N	N	0.0000	0.0000	0.0000	0.0000	0.0000	0.0000	0.0000	0.0000	0.0000	0.0000	0.0000	0.0000	0.0000	0.0000	0.0000	0.0000	0.0000	0.0000	0.0000	0.0000	0.0000	0.0063	0.0000	4.3641	0.0000	0.0000	0.0000	0.0000	0.0000	0.0000	0.0000	0.0000	0.0000	0.0000	0.0000	0.0000	0.0000	0.0000	0.0000	0.0000	0.0000	0.0000	0.0000	0.0000	0.0000	0.0000	0.0000	0.0000	0.0000	0.0000	0.0000	0.0000	0.0000	0.0000	0.0000	0.0000	0.0000	0.0000	0.0000	0.0000	0.0000	0.0000	0.0000	0.0000	0.0000	0.0000	0.0000	0.0000	0.0000	0.0000	0.0000	0.0000	0.0000	0.0000	0.0000	0.0000	0.0000	0.0000											
66	165	0.1554	7	1	1	1	0	0	0	0	0	N	N	N	N	N	N	N	N	N	N	N	N	0.0000	0.0000	0.0000	0.0000	0.0000	0.0000	0.0000	0.0000	0.0000	0.0000	0.0000	0.0000	0.0000	0.0000	0.0000	0.0000	0.0000	0.0000	0.0000	0.0000	0.0000	2.5207	0.0000	10.0226	0.0000	0.0000	0.0000	0.0000	0.0000	0.0000	0.0000	0.0000	0.0000	0.0000	0.0000	0.0000	0.0000	0.0000	0.0000	0.0000	0.0000	0.0000	0.0000	0.0000	0.0000	0.0000	0.0000	0.0000	0.0000	0.0000	0.0000	0.0000	0.0000	0.0000	0.0000	0.0000	0.0000	0.0000	0.0000	0.0000	0.0000	0.0000	0.0000	0.0000	0.0000	0.0000	0.0000	0.0000	0.0000	0.0000	0.0000	0.0000	0.0000	0.0000	0.0000	0.0000	0.0000	0.0000											
66	166	0.1398	6	1	1	1	0	0	0	0	0	N	N	N	N	N	N	N	N	N	N	N	N	0.0000	0.0000	0.0000	0.0000	0.0000	0.0000	0.0000	0.0000	0.0000	0.0000	0.0000	0.0000	0.0000	0.0000	0.0000	0.0000	0.0000	0.0000	0.0000	0.0000	0.0000	2.6894	0.0000	4.6619	0.0000	0.0000	0.0000	0.0000	0.0000	0.0000	0.0000	0.0000	0.0000	0.0000	0.0000	0.0000	0.0000	0.0000	0.0000	0.0000	0.0000	0.0000	0.0000	0.0000	0.0000	0.0000	0.0000	0.0000	0.0000	0.0000	0.0000	0.0000	0.0000	0.0000	0.0000	0.0000	0.0000	0.0000	0.0000	0.0000	0.0000	0.0000	0.0000	0.0000	0.0000	0.0000	0.0000	0.0000	0.0000	0.0000	0.0000	0.0000	0.0000	0.0000	0.0000	0.0000	0.0000	0.0000											
66	167	0.1014	5	1	1	1	0	0	0	0	0	N	N	N	N	N	N	N	N	N	N	N	N	0.0000	0.0000	0.0000	0.0000	0.0000	0.0000	0.0000	0.0000	0.0000	0.0000	0.0000	0.0000	0.0000	0.0000	0.0000	0.0000	0.0000	0.0000	0.0000	0.0000	0.0000	2.7966	0.0000	8.5340	0.0000	0.0000	0.0000	0.0000	0.0000	0.0000	0.0000	0.0000	0.0000	0.0000	0.0000	0.0000	0.0000	0.0000	0.0000	0.0000	0.0000	0.0000	0.0000	0.0000	0.0000	0.0000	0.0000	0.0000	0.0000	0.0000	0.0000	0.0000	0.0000	0.0000	0.0000	0.0000	0.0000	0.0000	0.0000	0.0000	0.0000	0.0000	0.0000	0.0000	0.0000	0.0000	0.0000	0.0000	0.0000	0.0000	0.0000	0.0000	0.0000	0.0000	0.0000	0.0000	0.0000	0.0000											
67	68	0.7217	12	2	2	2	0	0	0	0	0	Y	Y	Y	N	N	N	N	N	N	N	N	N	0.0000	0.0000	0.0000	0.0000	0.0000	0.0000	0.0000	0.0000	0.0000	0.0000	0.0000	0.0000	0.0000	0.0000	0.0000	0.0000	0.0000	0.0000	0.0000	0.0000	1.0000	1.0000	3.0000	0.0000	0.0000	0.0000	0.0000	0.0000	0.0000	0.0000	0.0000	0.0000	0.0000	0.0000	0.0000	0.0000	0.0000	0.0000	0.0000	0.0000	0.0000	0.0000	0.0056	0.0048	0.0008	0.0014	0.0013	0.0001	0.0042	0.0036	0.0006	0.0041	0.0028	0.0013	0.0024	0.0019	0.0005	0.0017	0.0009	0.0008	0.0000	0.0000	0.0000	0.0000	0.0000	0.0000	0.0000	0.0000	0.0000	0.0000	0.0000	0.0000	0.0000	0.0000	0.0000	0.0000	0.0000	0.0000											
67	69	0.7052	11	2	2	2	0	0	0	0	0	Y	Y	Y	N	N	N	N	N	N	N	N	N	0.0000	0.0000	0.0000	0.0000	0.0000	0.0000	0.0000	0.0000	0.0000	0.0000	0.0000	0.0000	0.0000	0.0000	0.0000	0.0000	0.0000	0.0000	0.0000	0.0000	1.0000	1.0155	3.0000	5.9708	0.0000	0.0000	0.0000	0.0000	0.0000	0.0000	0.0000	0.0000	0.0000	0.0000	0.0000	0.0000	0.0000	0.0000	0.0000	0.0000	0.0000	0.0000	0.0057	0.0049	0.0008	0.0014	0.0013	0.0001	0.0043	0.0036	0.0007	0.0286	0.0196	0.0090	0.0167	0.0133	0.0034	0.0120	0.0063	0.0056	0.0000	0.0000	0.0000	0.0000	0.0000	0.0000	0.0000	0.0000	0.0000	0.0000	0.0000	0.0000	0.0000	0.0000	0.0000	0.0000	0.0000	0.0000											
67	70	0.7005	10	2	1	2	0	0	0	0	0	Y	N	Y	N	N	N	N	N	N	N	N	N	0.0000	0.0000	0.0000	0.0000	0.0000	0.0000	0.0000	0.0000	0.0000	0.0000	0.0000	0.0000	0.0000	0.0000	0.0000	0.0000	0.0000	0.0000	0.0000	0.0000	1.0000	0.0406	3.0000	2.3361	0.0000	0.0000	0.0000	0.0000	0.0000	0.0000	0.0000	0.0000	0.0000	0.0000	0.0000	0.0000	0.0000	0.0000	0.0000	0.0000	0.0000	0.0000	0.0002	0.0002	0.0000	0.0001	0.0001	0.0000	0.0002	0.0001	0.0000	0.0111	0.0077	0.0034	0.0066	0.0053	0.0013	0.0046	0.0025	0.0021	0.0000	0.0000	0.0000	0.0000	0.0000	0.0000	0.0000	0.0000	0.0000	0.0000	0.0000	0.0000	0.0000	0.0000	0.0000	0.0000	0.0000	0.0000											
67	73	0.3075	6	2	2	1	0	0	0	0	0	Y	Y	N	N	N	N	N	N	N	N	N	N	0.0000	0.0000	0.0000	0.0000	0.0000	0.0000	0.0000	0.0000	0.0000	0.0000	0.0000	0.0000	0.0000	0.0000	0.0000	0.1037	0.1552	0.0000	0.0331	0.0356	0.0000	0.1332	0.2384	0.0000	0.0000	0.0000	-0.0071	1.0000	6.9070	3.0000	16.5673	0.0000	0.0000	0.0000	0.0000	0.0000	0.0000	0.0000	0.0000	0.0000	0.0154	0.0154	0.0000	0.0014	0.0014	0.0000	0.0140	0.0140	0.0000	0.0746	0.0658	0.0088	0.0290	0.0274	0.0016	0.0456	0.0384	0.0071	0.1486	0.0993	0.0493	0.0439	0.0407	0.0031	0.1048	0.0586	0.0462	0.0000	0.0000	0.0000	0.0000	0.0000	0.0000	0.0000	0.0000	0.0000	0.1037	0.1552	0.0000	0.0331	0.0356	0.0000	0.1332	0.2384	0.0000				
67	74	0.5024	10	1	2	1	1	0	0	0	0	N	Y	N	N	N	N	N	N	N	N	N	N	0.0000	0.0000	0.0000	0.0000	0.0000	0.0000	0.0000	0.0000	0.0000	0.0000	0.0000	0.0000	0.0000	0.0000	0.0000	0.0012	0.0018	0.0000	0.0027	0.0031	0.0000	0.0001	0.0003	0.0000	0.0000	0.0000	-0.0001	1.0000	6.4226	3.0000	19.3377	0.0000	0.0000	0.0000	0.0000	0.0000	0.0000	0.0000	0.0000	0.0000	0.0002	0.0002	0.0000	0.0001	0.0001	0.0000	0.0000	0.0000	0.0000	0.0406	0.0351	0.0055	0.0126	0.0116	0.0010	0.0280	0.0235	0.0044	0.1260	0.0827	0.0433	0.0519	0.0459	0.0060	0.0741	0.0368	0.0373	0.0000	0.0000	0.0000	0.0000	0.0000	0.0000	0.0000	0.0000	0.0000	0.0012	0.0018	0.0000	0.0027	0.0031	0.0000	0.0001	0.0003	0.0000				
67	75	0.4572	9	1	1	1	1	0	0	0	0	N	N	N	N	N	N	N	N	N	N	N	N	0.1056	0.0000	5.5429	0.0000	0.0000	0.0000	0.7745	0.0000	16.5755	0.0008	0.0000	0.0070	0.0000	0.0000	0.0000	0.0012	0.0000	0.0078	0.0074	0.0104	0.0013	0.0164	0.0173	0.0074	0.0015	0.0024	0.0005	inf	0.0600	0.0000	-0.0004	1.0000	5.1932	3.0000	17.4397	0.0000	0.0000	0.0000	0.0000	0.0000	0.0000	0.0000	0.0000	0.0000	0.0011	0.0010	0.0001	0.0009	0.0009	0.0000	0.0001	0.0001	0.0000	0.0386	0.0343	0.0043	0.0126	0.0121	0.0005	0.0260	0.0222	0.0038	0.1441	0.0963	0.0478	0.0568	0.0513	0.0054	0.0873	0.0450	0.0423	0.1056	0.0000	5.5429	0.0000	0.0000	0.0000	0.7745	0.0000	16.5755	0.0074	0.0104	0.0013	0.0164	0.0173	0.0074	0.0015	0.0024	0.0005
67	76	0.4202	8	1	1	1	0	0	0	0	0	N	N	N	N	N	N	N	N	N	N	N	N	2.2525	0.0301	263.7012	0.1524	0.1101	4.3463	3.3362	0.0000	416.1623	0.0529	0.0010	0.4643	0.0038	0.0029	0.0269	0.0758	0.0000	0.5128	0.0235	0.0337	0.0018	0.0248	0.0267	0.0062	0.0227	0.0406	0.0012	57.7649	0.0245	0.0010	-0.0015	1.0000	4.4918	3.0000	17.5337	0.0018	0.0000	0.0017	0.0000	0.0000	0.0000	0.0017	0.0000	0.0017	0.0033	0.0033	0.0001	0.0013	0.0013	0.0000	0.0020	0.0020	0.0000	0.0333	0.0295	0.0037	0.0106	0.0102	0.0004	0.0227	0.0193	0.0034	0.1421	0.0967	0.0454	0.0528	0.0480	0.0048	0.0893	0.0487	0.0406	2.2525	0.0301	263.7012	0.1524	0.1101	4.3463	3.3362	0.0000	416.1623	0.0235	0.0337	0.0018	0.0248	0.0267	0.0062	0.0227	0.0406	0.0012
67	77	0.7162	11	1	1	1	1	0	0	0	0	N	N	N	N	N	N	N	N	N	N	N	N	0.0000	0.0000	0.0000	0.0000	0.0000	0.0000	0.0000	0.0000	0.0000	0.0000	0.0000	0.0000	0.0000	0.0001	0.0002	0.0000	0.0003	0.0003	0.0000	0.0000	0.0000	0.0000	0.0000	0.0000	-0.0000	1.0000	0.3745	3.0000	14.7996	0.0000	0.0000	0.0000	0.0000	0.0000	0.0000	0.0000	0.0000	0.0000	0.0000	0.0000	0.0000	0.0000	0.0000	0.0000	0.0000	0.0000	0.0000	0.0020	0.0018	0.0003	0.0006	0.0005	0.0000	0.0015	0.0012	0.0002	0.0668	0.0460	0.0208	0.0356	0.0306	0.0050	0.0312	0.0154	0.0158	0.0000	0.0000	0.0000	0.0000	0.0000	0.0000	0.0000	0.0000	0.0000	0.0001	0.0002	0.0000	0.0003	0.0003	0.0000	0.0000	0.0000	0.0000						
67	78	0.6939	10	1	1	1	1	0	0	0	0	N	N	N	N	N	N	N	N	N	N	N	N	0.0000	0.0000	0.0000	0.0000	0.0000	0.0000	0.0000	0.0000	0.0000	0.0000	0.0000	0.0000	0.0000	0.0000	0.0000	0.0003	0.0002	0.0006	0.0006	0.0004	0.0022	0.0000	0.0000	0.0000	1.0000	0.0000	0.0000	1.0000	1.4595	3.0000	10.3922	0.0000	0.0000	0.0000	0.0000	0.0000	0.0000	0.0000	0.0000	0.0000	0.0000	0.0000	0.0000	0.0000	0.0000	0.0000	0.0000	0.0000	0.0000	0.0079	0.0068	0.0011	0.0022	0.0020	0.0002	0.0057	0.0048	0.0009	0.0606	0.0426	0.0181	0.0327	0.0282	0.0045	0.0279	0.0144	0.0135	0.0000	0.0000	0.0000	0.0000	0.0000	0.0000	0.0000	0.0000	0.0000	0.0003	0.0002	0.0006	0.0006	0.0004	0.0022	0.0000	0.0000	0.0000				
67	79	0.6797	9	1	1	1	1	0	0	0	0	N	N	N	N	N	N	N	N	N	N	N	N	0.0000	0.0000	0.0000	0.0000	0.0000	0.0000	0.0000	0.0000	0.0000	0.0000	0.0000	0.0000	0.0000	0.0000	0.0000	0.0006	0.0005	0.0007	0.0011	0.0008	0.0028	0.0000	0.0000	0.0000	0.5000	0.0000	-0.0000	1.0000	1.3861	3.0000	6.3168	0.0000	0.0000	0.0000	0.0000	0.0000	0.0000	0.0000	0.0000	0.0000	0.0000	0.0000	0.0000	0.0000	0.0000	0.0000	0.0000	0.0000	0.0000	0.0075	0.0065	0.0010	0.0021	0.0019	0.0002	0.0054	0.0046	0.0008	0.0508	0.0365	0.0143	0.0278	0.0242	0.0036	0.0231	0.0123	0.0108	0.0000	0.0000	0.0000	0.0000	0.0000	0.0000	0.0000	0.0000	0.0000	0.0006	0.0005	0.0007	0.0011	0.0008	0.0028	0.0000	0.0000	0.0000				
67	80	0.6203	8	1	1	1	1	0	0	0	0	N	N	N	N	N	N	N	N	N	N	N	N	0.0000	0.0000	0.0000	0.0000	0.0000	0.0000	0.0000	0.0000	0.0000	0.0000	0.0000	0.0000	0.0000	0.0002	0.0000	0.0006	0.0003	0.0000	0.0020	0.0000	0.0000	0.0000	inf	0.0000	0.0000	1.0000	4.0043	3.0000	19.8631	0.0000	0.0000	0.0000	0.0000	0.0000	0.0000	0.0000	0.0000	0.0000	0.0000	0.0000	0.0000	0.0000	0.0000	0.0000	0.0000	0.0000	0.0000	0.0200	0.0173	0.0027	0.0043	0.0040	0.0003	0.0157	0.0133	0.0024	0.1007	0.0694	0.0313	0.0579	0.0479	0.0100	0.0429	0.0215	0.0213	0.0000	0.0000	0.0000	0.0000	0.0000	0.0000	0.0000	0.0000	0.0000	0.0002	0.0000	0.0006	0.0003	0.0000	0.0020	0.0000	0.0000	0.0000						
67	81	0.1522	4	1	2	2	0	0	0	0	0	N	Y	Y	N	N	N	N	N	N	N	N	N	0.0000	0.0000	0.0000	0.0000	0.0000	0.0000	0.0000	0.0000	0.0000	0.0000	0.0000	0.0000	0.0000	0.0004	0.0007	0.0000	0.0024	0.0025	0.0000	0.0000	0.0000	0.0000	0.0000	0.0000	-0.0000	1.0000	2.0162	3.0000	4.5500	0.0000	0.0000	0.0000	0.0000	0.0000	0.0000	0.0000	0.0000	0.0000	0.0000	0.0000	0.0000	0.0000	0.0000	0.0000	0.0000	0.0000	0.0000	0.0250	0.0220	0.0031	0.0080	0.0078	0.0003	0.0170	0.0142	0.0028	0.0678	0.0422	0.0256	0.0125	0.0122	0.0003	0.0553	0.0300	0.0253	0.0000	0.0000	0.0000	0.0000	0.0000	0.0000	0.0000	0.0000	0.0000	0.0004	0.0007	0.0000	0.0024	0.0025	0.0000	0.0000	0.0000	0.0000						
67	82	0.7283	12	1	2	2	0	0	0	0	0	N	Y	Y	N	N	N	N	N	N	N	N	N	0.0000	0.0000	0.0000	0.0000	0.0000	0.0000	0.0000	0.0000	0.0000	0.0000	0.0000	0.0000	0.0000	0.0000	0.0000	0.0000	0.0000	0.0000	0.0000	0.0000	1.0000	3.0011	3.0000	3.7015	0.0000	0.0000	0.0000	0.0000	0.0000	0.0000	0.0000	0.0000	0.0000	0.0000	0.0000	0.0000	0.0000	0.0000	0.0000	0.0000	0.0000	0.0000	0.0168	0.0146	0.0023	0.0041	0.0038	0.0003	0.0127	0.0108	0.0019	0.0395	0.0277	0.0118	0.0234	0.0196	0.0039	0.0161	0.0081	0.0080	0.0000	0.0000	0.0000	0.0000	0.0000	0.0000	0.0000	0.0000	0.0000	0.0000	0.0000	0.0000	0.0000	0.0000	0.0000	0.0000	0.0000	0.0000											
67	83	0.7168	11	1	2	1	0	0	0	0	0	N	Y	N	N	N	N	N	N	N	N	N	N	0.0000	0.0000	0.0000	0.0000	0.0000	0.0000	0.0000	0.0000	0.0000	0.0000	0.0000	0.0000	0.0000	0.0000	0.0000	0.0000	0.0000	0.0000	0.0000	0.0000	1.0000	2.0032	3.0000	4.2039	0.0000	0.0000	0.0000	0.0000	0.0000	0.0000	0.0000	0.0000	0.0000	0.0000	0.0000	0.0000	0.0000	0.0000	0.0000	0.0000	0.0000	0.0000	0.0113	0.0098	0.0015	0.0029	0.0026	0.0002	0.0085	0.0072	0.0013	0.0497	0.0339	0.0159	0.0335	0.0255	0.0080	0.0162	0.0083	0.0079	0.0000	0.0000	0.0000	0.0000	0.0000	0.0000	0.0000	0.0000	0.0000	0.0000	0.0000	0.0000	0.0000	0.0000	0.0000	0.0000	0.0000	0.0000											
67	84	0.7136	11	2	1	2	0	0	0	0	0	Y	N	Y	N	N	N	N	N	N	N	N	N	0.0000	0.0000	0.0000	0.0000	0.0000	0.0000	0.0000	0.0000	0.0000	0.0000	0.0000	0.0000	0.0000	0.0000	0.0000	0.0000	0.0000	0.0000	0.0000	0.0000	1.0000	1.0052	3.0000	4.9545	0.0000	0.0000	0.0000	0.0000	0.0000	0.0000	0.0000	0.0000	0.0000	0.0000	0.0000	0.0000	0.0000	0.0000	0.0000	0.0000	0.0000	0.0000	0.0057	0.0049	0.0008	0.0014	0.0013	0.0001	0.0043	0.0036	0.0007	0.0281	0.0192	0.0088	0.0176	0.0138	0.0038	0.0105	0.0054	0.0050	0.0000	0.0000	0.0000	0.0000	0.0000	0.0000	0.0000	0.0000	0.0000	0.0000	0.0000	0.0000	0.0000	0.0000	0.0000	0.0000	0.0000	0.0000											
67	85	0.6942	10	2	1	2	0	0	0	0	0	Y	N	Y	N	N	N	N	N	N	N	N	N	0.0000	0.0000	0.0000	0.0000	0.0000	0.0000	0.0000	0.0000	0.0000	0.0000	0.0000	0.0000	0.0000	0.0000	0.0000	0.0000	0.0000	0.0000	0.0000	0.0000	1.0000	0.9968	3.0000	7.6169	0.0000	0.0000	0.0000	0.0000	0.0000	0.0000	0.0000	0.0000	0.0000	0.0000	0.0000	0.0000	0.0000	0.0000	0.0000	0.0000	0.0000	0.0000	0.0057	0.0049	0.0008	0.0015	0.0014	0.0001	0.0042	0.0036	0.0006	0.0537	0.0366	0.0171	0.0370	0.0279	0.0091	0.0167	0.0086	0.0080	0.0000	0.0000	0.0000	0.0000	0.0000	0.0000	0.0000	0.0000	0.0000	0.0000	0.0000	0.0000	0.0000	0.0000	0.0000	0.0000	0.0000	0.0000											
67	86	0.7142	9	2	2	1	0	0	0	0	0	Y	Y	N	N	N	N	N	N	N	N	N	N	0.0000	0.0000	0.0000	0.0000	0.0000	0.0000	0.0000	0.0000	0.0000	0.0000	0.0000	0.0000	0.0000	0.0000	0.0000	0.1735	0.0000	0.6252	0.3062	0.0000	2.3396	0.0007	0.0000	0.0015	inf	0.0000	0.0061	1.0000	5.8060	3.0000	6.1034	0.0000	0.0000	0.0000	0.0000	0.0000	0.0000	0.0000	0.0000	0.0000	0.0113	0.0000	0.0113	0.0113	0.0000	0.0113	0.0000	0.0000	0.0000	0.0383	0.0335	0.0048	0.0145	0.0133	0.0011	0.0238	0.0202	0.0037	0.0652	0.0471	0.0181	0.0369	0.0320	0.0048	0.0283	0.0151	0.0133	0.0000	0.0000	0.0000	0.0000	0.0000	0.0000	0.0000	0.0000	0.0000	0.1735	0.0000	0.6252	0.3062	0.0000	2.3396	0.0007	0.0000	0.0015				
67	87	0.6203	8	2	2	1	0	0	0	0	0	Y	Y	N	N	N	N	N	N	N	N	N	N	0.0000	0.0000	0.0000	0.0000	0.0000	0.0000	0.0000	0.0000	0.0000	0.0000	0.0000	0.0000	0.0000	0.0000	0.0000	10.4046	0.0007	55.5514	37.3980	0.0010	190.3889	0.0000	0.0000	0.0000	16478.0000	0.0000	0.5355	1.0000	12.2869	3.0000	21.7146	0.0000	0.0000	0.0000	0.0000	0.0000	0.0000	0.0000	0.0000	0.0000	0.9887	0.0001	0.9887	0.9887	0.0001	0.9887	0.0000	0.0000	0.0000	0.0597	0.0516	0.0081	0.0129	0.0120	0.0010	0.0467	0.0396	0.0071	0.1328	0.0915	0.0413	0.0759	0.0625	0.0134	0.0569	0.0290	0.0280	0.0000	0.0000	0.0000	0.0000	0.0000	0.0000	0.0000	0.0000	0.0000	7.4454	0.0007	23.9293	13.0315	0.0010	74.0457	0.0000	0.0000	0.0000				
67	88	0.7168	11	1	2	1	0	0	0	0	0	N	Y	N	N	N	N	N	N	N	N	N	N	0.0000	0.0000	0.0000	0.0000	0.0000	0.0000	0.0000	0.0000	0.0000	0.0000	0.0000	0.0000	0.0000	0.0000	0.0000	0.0000	0.0000	0.0000	0.0000	0.0000	1.0000	4.0005	3.0000	9.0093	0.0000	0.0000	0.0000	0.0000	0.0000	0.0000	0.0000	0.0000	0.0000	0.0000	0.0000	0.0000	0.0000	0.0000	0.0000	0.0000	0.0000	0.0000	0.0224	0.0194	0.0030	0.0056	0.0052	0.0004	0.0168	0.0142	0.0026	0.0747	0.0511	0.0235	0.0486	0.0375	0.0111	0.0261	0.0137	0.0124	0.0000	0.0000	0.0000	0.0000	0.0000	0.0000	0.0000	0.0000	0.0000	0.0000	0.0000	0.0000	0.0000	0.0000	0.0000	0.0000	0.0000	0.0000											
67	89	0.6942	10	1	2	1	0	0	0	0	0	N	Y	N	N	N	N	N	N	N	N	N	N	0.0000	0.0000	0.0000	0.0000	0.0000	0.0000	0.0000	0.0000	0.0000	0.0000	0.0000	0.0000	0.0000	0.0000	0.0000	0.0000	0.0000	0.0000	0.0000	0.0000	1.0000	1.0051	3.0000	9.2650	0.0000	0.0000	0.0000	0.0000	0.0000	0.0000	0.0000	0.0000	0.0000	0.0000	0.0000	0.0000	0.0000	0.0000	0.0000	0.0000	0.0000	0.0000	0.0057	0.0050	0.0008	0.0015	0.0014	0.0001	0.0043	0.0036	0.0007	0.0598	0.0409	0.0189	0.0408	0.0310	0.0098	0.0190	0.0099	0.0091	0.0000	0.0000	0.0000	0.0000	0.0000	0.0000	0.0000	0.0000	0.0000	0.0000	0.0000	0.0000	0.0000	0.0000	0.0000	0.0000	0.0000	0.0000											
67	90	0.7427	10	1	1	2	0	0	0	0	0	N	N	Y	N	N	N	N	N	N	N	N	N	0.0000	0.0000	0.0000	0.0000	0.0000	0.0000	0.0000	0.0000	0.0000	0.0000	0.0000	0.0000	0.0000	0.0004	0.0006	0.0000	0.0007	0.0008	0.0000	0.0000	0.0000	0.0000	0.0000	0.0000	-0.0000	1.0000	2.3559	3.0000	7.1930	0.0000	0.0000	0.0000	0.0000	0.0000	0.0000	0.0000	0.0000	0.0000	0.0000	0.0000	0.0000	0.0000	0.0000	0.0000	0.0000	0.0000	0.0000	0.0150	0.0132	0.0017	0.0047	0.0045	0.0003	0.0102	0.0087	0.0015	0.0486	0.0353	0.0133	0.0272	0.0235	0.0036	0.0214	0.0117	0.0097	0.0000	0.0000	0.0000	0.0000	0.0000	0.0000	0.0000	0.0000	0.0000	0.0004	0.0006	0.0000	0.0007	0.0008	0.0000	0.0000	0.0000	0.0000						
67	91	0.7098	9	1	1	1	0	0	0	0	0	N	N	N	N	N	N	N	N	N	N	N	N	21.6210	60.0956	0.0000	50.4759	132.2087	0.0000	0.0000	0.0000	0.0000	0.2094	0.2339	0.0000	0.6190	0.6508	0.0000	0.0000	0.0000	0.0000	0.0097	0.0039	0.0261	0.0123	0.0049	0.0590	0.0057	0.0014	0.0110	0.0000	2.3684	-0.0033	0.0003	1.0000	4.9284	3.0000	11.0439	0.0074	0.0074	0.0000	0.0074	0.0074	0.0000	0.0000	0.0000	0.0000	0.0013	0.0004	0.0009	0.0010	0.0003	0.0006	0.0003	0.0000	0.0003	0.0353	0.0316	0.0037	0.0120	0.0114	0.0006	0.0234	0.0203	0.0031	0.1321	0.0976	0.0345	0.0799	0.0691	0.0108	0.0522	0.0286	0.0236	21.6210	60.0956	0.0000	50.4759	132.2087	0.0000	0.0000	0.0000	0.0000	0.0097	0.0039	0.0261	0.0123	0.0049	0.0590	0.0057	0.0014	0.0110
67	92	0.6203	8	1	1	1	0	0	0	0	0	N	N	N	N	N	N	N	N	N	N	N	N	38.9769	1.0704	340.4346	0.0000	0.0000	0.0000	inf	inf	inf	0.3774	0.0112	2.6912	0.0000	0.0000	0.0000	0.4814	0.0146	3.0554	0.0097	0.0105	0.0079	0.0169	0.0153	0.0245	0.0000	0.0000	0.0000	37.9474	0.3404	0.0039	-0.0003	1.0000	3.9161	3.0000	29.2065	0.0074	0.0002	0.0072	0.0000	0.0000	0.0000	0.0074	0.0002	0.0072	0.0013	0.0009	0.0003	0.0013	0.0009	0.0003	0.0000	0.0000	0.0000	0.0196	0.0169	0.0027	0.0042	0.0039	0.0003	0.0154	0.0130	0.0024	0.1301	0.0896	0.0405	0.0744	0.0613	0.0131	0.0557	0.0283	0.0274	38.9769	1.0704	340.4346	0.0000	0.0000	0.0000	inf	inf	inf	0.0097	0.0105	0.0079	0.0169	0.0153	0.0245	0.0000	0.0000	0.0000
67	93	0.1522	4	2	2	1	0	0	0	0	0	Y	Y	N	N	N	N	N	N	N	N	N	N	0.0000	0.0000	0.0000	0.0000	0.0000	0.0000	0.0000	0.0000	0.0000	0.0000	0.0000	0.0000	0.0000	0.0052	0.0086	0.0000	0.0356	0.0366	0.0000	0.0000	0.0000	0.0000	0.0000	0.0000	-0.0002	1.0000	2.5103	3.0000	7.4742	0.0000	0.0000	0.0000	0.0000	0.0000	0.0000	0.0000	0.0000	0.0000	0.0005	0.0005	0.0000	0.0005	0.0005	0.0000	0.0000	0.0000	0.0000	0.0293	0.0256	0.0037	0.0087	0.0084	0.0003	0.0206	0.0172	0.0033	0.0901	0.0545	0.0356	0.0132	0.0128	0.0004	0.0769	0.0417	0.0352	0.0000	0.0000	0.0000	0.0000	0.0000	0.0000	0.0000	0.0000	0.0000	0.0052	0.0086	0.0000	0.0356	0.0366	0.0000	0.0000	0.0000	0.0000						
67	94	0.1160	3	1	2	1	0	0	0	0	0	N	Y	N	N	N	N	N	N	N	N	N	N	0.0000	0.0000	0.0000	0.0000	0.0000	0.0000	0.0000	0.0000	0.0000	0.0000	0.0000	0.0000	0.0000	0.0000	0.0000	0.0059	0.0020	0.0109	0.0000	0.0000	0.0000	0.0064	0.0023	0.0110	4.2222	0.0000	0.0002	1.0000	7.1305	3.0000	3.2426	0.0000	0.0000	0.0000	0.0000	0.0000	0.0000	0.0000	0.0000	0.0000	0.0005	0.0001	0.0004	0.0000	0.0000	0.0000	0.0005	0.0001	0.0004	0.0763	0.0668	0.0095	0.0189	0.0182	0.0007	0.0575	0.0486	0.0089	0.0792	0.0444	0.0348	0.0055	0.0053	0.0002	0.0737	0.0391	0.0346	0.0000	0.0000	0.0000	0.0000	0.0000	0.0000	0.0000	0.0000	0.0000	0.0059	0.0020	0.0109	0.0000	0.0000	0.0000	0.0064	0.0023	0.0110				
67	95	0.6942	10	2	2	1	0	0	0	0	0	Y	Y	N	N	N	N	N	N	N	N	N	N	0.0000	0.0000	0.0000	0.0000	0.0000	0.0000	0.0000	0.0000	0.0000	0.0000	0.0000	0.0000	0.0000	10.8614	17.4727	0.0000	32.1286	39.4193	0.0000	0.0000	0.0000	0.0000	0.0000	0.0000	-0.4584	1.0000	8.0000	3.0000	22.5660	0.0000	0.0000	0.0000	0.0000	0.0000	0.0000	0.0000	0.0000	0.0000	1.0000	1.0000	0.0000	1.0000	1.0000	0.0000	0.0000	0.0000	0.0000	0.0441	0.0382	0.0059	0.0110	0.0102	0.0009	0.0331	0.0281	0.0050	0.1288	0.0892	0.0396	0.0830	0.0649	0.0181	0.0458	0.0243	0.0215	0.0000	0.0000	0.0000	0.0000	0.0000	0.0000	0.0000	0.0000	0.0000	7.7618	11.2066	0.0000	12.0417	15.4030	0.0000	0.0000	0.0000	0.0000						
67	96	0.6203	8	1	1	1	0	0	0	0	0	N	N	N	N	N	N	N	N	N	N	N	N	0.0000	0.0000	0.0000	0.0000	0.0000	0.0000	0.0000	0.0000	0.0000	0.0000	0.0000	0.0000	0.0000	11.4856	0.0000	61.6227	41.8368	0.0000	229.2856	0.0000	0.0000	0.0000	inf	0.0000	0.5416	1.0000	11.9964	3.0000	18.8414	0.0000	0.0000	0.0000	0.0000	0.0000	0.0000	0.0000	0.0000	0.0000	1.0000	0.0000	1.0000	1.0000	0.0000	1.0000	0.0000	0.0000	0.0000	0.0583	0.0504	0.0079	0.0126	0.0117	0.0009	0.0457	0.0387	0.0069	0.1231	0.0848	0.0383	0.0705	0.0581	0.0123	0.0526	0.0267	0.0259	0.0000	0.0000	0.0000	0.0000	0.0000	0.0000	0.0000	0.0000	0.0000	8.1255	0.0000	26.1267	14.1920	0.0000	81.0275	0.0000	0.0000	0.0000						
67	98	0.7248	12	2	2	2	0	0	0	0	0	Y	Y	Y	N	N	N	N	N	N	N	N	N	0.0012	0.0007	0.0000	0.0000	inf	inf	0.0218	0.0251	0.0000	0.0000	0.0000	0.0000	0.0296	0.0350	0.0000	18.8316	34.9944	0.0000	75.2309	122.5421	0.0000	0.0000	0.0000	0.0000	0.0000	0.0000	-0.0001	-0.4582	1.0000	0.9502	3.0000	16.1595	0.0001	0.0001	0.0000	0.0000	0.0000	0.0000	0.0001	0.0001	0.0000	0.9996	0.9996	0.0000	0.9996	0.9996	0.0000	0.0000	0.0000	0.0000	0.0055	0.0048	0.0007	0.0015	0.0014	0.0001	0.0041	0.0034	0.0006	0.0791	0.0558	0.0232	0.0496	0.0388	0.0107	0.0295	0.0170	0.0125	0.0017	0.0014	0.0000	0.0000	0.0000	0.0000	inf	inf	0.0000	12.6393	17.8985	0.0000	20.1725	25.7295	0.0000	0.0000	0.0000	0.0000			
67	99	0.6203	8	1	2	1	0	0	0	0	0	N	Y	N	N	N	N	N	N	N	N	N	N	0.0000	0.0000	0.0000	0.0000	0.0000	0.0000	0.0000	0.0000	0.0000	0.0000	0.0000	0.0000	0.0000	0.0000	0.0000	0.0000	0.0000	0.0000	0.0000	0.0000	1.0000	11.9964	3.0000	15.6499	0.0000	0.0000	0.0000	0.0000	0.0000	0.0000	0.0000	0.0000	0.0000	0.0000	0.0000	0.0000	0.0000	0.0000	0.0000	0.0000	0.0000	0.0000	0.0583	0.0504	0.0079	0.0126	0.0117	0.0009	0.0457	0.0387	0.0069	0.1130	0.0779	0.0351	0.0648	0.0535	0.0113	0.0482	0.0243	0.0239	0.0000	0.0000	0.0000	0.0000	0.0000	0.0000	0.0000	0.0000	0.0000	0.0000	0.0000	0.0000	0.0000	0.0000	0.0000	0.0000	0.0000	0.0000											
67	100	0.7277	13	2	1	2	0	0	0	0	0	Y	N	Y	N	N	N	N	N	N	N	N	N	196171.3277	158328.8005	inf	inf	0.0000	0.0000	172.5251	198.6125	0.0000	652.4492	702.2985	0.0000	0.0000	0.0000	0.0000	0.0009	0.0013	0.0000	0.0000	0.0000	0.0000	0.0024	0.0042	0.0000	0.0000	0.0000	-0.4410	-0.0000	1.0000	1.0008	3.0000	13.9255	0.9998	0.9998	0.0000	0.9998	0.9998	0.0000	0.0000	0.0000	0.0000	0.0001	0.0001	0.0000	0.0000	0.0000	0.0000	0.0001	0.0001	0.0000	0.0058	0.0050	0.0008	0.0015	0.0014	0.0001	0.0043	0.0036	0.0007	0.0682	0.0478	0.0204	0.0431	0.0337	0.0094	0.0252	0.0142	0.0110	196171.3277	158328.8005	0.0000	inf	inf	0.0000	0.0000	0.0000	0.0000	0.0009	0.0013	0.0000	0.0000	0.0000	0.0000	0.0024	0.0042	0.0000			
67	101	0.7248	12	2	1	2	0	0	0	0	0	Y	N	Y	N	N	N	N	N	N	N	N	N	42.2994	35.6128	441.4990	371.4735	8.5280	6.0961	0.8818	1.0151	0.0000	1.8623	1.9975	0.0000	0.5181	0.6130	0.0000	0.0208	0.0285	0.0000	0.0042	0.0054	0.0000	0.0608	0.1006	0.0000	0.0000	0.0000	-0.0001	-0.0002	1.0000	0.0532	3.0000	2.0467	0.0003	0.0003	0.0000	0.0002	0.0002	0.0000	0.0001	0.0001	0.0000	0.0005	0.0005	0.0000	0.0001	0.0001	0.0000	0.0004	0.0004	0.0000	0.0003	0.0003	0.0000	0.0001	0.0001	0.0000	0.0002	0.0002	0.0000	0.0235	0.0172	0.0063	0.0166	0.0130	0.0036	0.0069	0.0042	0.0027	42.2994	35.6128	0.0000	441.4990	371.4735	0.0000	8.5280	6.0961	0.0000	0.0208	0.0285	0.0000	0.0042	0.0054	0.0000	0.0608	0.1006	0.0000			
67	102	0.7151	11	2	1	2	0	0	0	0	0	Y	N	Y	N	N	N	N	N	N	N	N	N	2.8335	2.4373	0.0000	2.2398	1.9359	0.0000	37.1922	26.8304	0.0332	0.0382	0.0000	0.0373	0.0401	0.0000	0.0317	0.0374	0.0000	0.0117	0.0157	0.0010	0.0166	0.0207	0.0018	0.0009	0.0014	0.0000	0.0000	0.0233	-0.0002	-0.0002	1.0000	2.0948	3.0000	3.0326	0.0004	0.0004	0.0000	0.0001	0.0001	0.0000	0.0003	0.0003	0.0000	0.0004	0.0004	0.0000	0.0004	0.0004	0.0000	0.0000	0.0000	0.0000	0.0121	0.0105	0.0016	0.0032	0.0030	0.0002	0.0088	0.0075	0.0014	0.0376	0.0275	0.0101	0.0259	0.0203	0.0056	0.0117	0.0072	0.0046	2.8335	2.4373	0.0000	2.2398	1.9359	0.0000	37.1922	26.8304	0.0000	0.0117	0.0157	0.0010	0.0166	0.0207	0.0018	0.0009	0.0014	0.0000	
67	103	0.6942	10	2	1	2	0	0	0	0	0	Y	N	Y	N	N	N	N	N	N	N	N	N	245248.2104	192927.2773	0.0000	0.0000	inf	inf	45.1483	52.1221	0.0000	0.0000	0.0000	0.0000	60.3145	71.1660	0.0000	0.0002	0.0003	0.0000	0.0003	0.0004	0.0000	0.0000	0.0000	0.0000	0.0000	0.0000	-0.4410	-0.0000	1.0000	3.9484	3.0000	4.8420	0.9997	0.9997	0.0000	0.0000	0.0000	0.0000	0.9997	0.9997	0.0000	0.0000	0.0000	0.0000	0.0000	0.0000	0.0000	0.0000	0.0000	0.0000	0.0221	0.0192	0.0030	0.0056	0.0051	0.0004	0.0166	0.0140	0.0025	0.0543	0.0370	0.0173	0.0374	0.0282	0.0092	0.0169	0.0088	0.0081	245248.2104	192927.2773	0.0000	0.0000	0.0000	0.0000	inf	inf	0.0000	0.0002	0.0003	0.0000	0.0003	0.0004	0.0000	0.0000	0.0000	0.0000			
67	104	0.6526	9	1	2	1	0	0	0	0	0	N	Y	N	N	N	N	N	N	N	N	N	N	0.0000	0.0000	0.0000	0.0000	0.0000	0.0000	0.0000	0.0000	0.0000	0.0000	0.0000	0.0000	0.0000	0.0000	0.0000	9.1130	14.5056	0.0000	33.1395	36.6462	0.0000	0.0012	0.0023	0.0000	0.0000	0.0000	-0.4583	1.0000	8.9557	3.0000	32.3127	0.0000	0.0000	0.0000	0.0000	0.0000	0.0000	0.0000	0.0000	0.0000	0.9997	0.9997	0.0000	0.9997	0.9997	0.0000	0.0001	0.0001	0.0000	0.0562	0.0490	0.0072	0.0205	0.0188	0.0017	0.0357	0.0302	0.0055	0.1510	0.1044	0.0466	0.0822	0.0696	0.0126	0.0688	0.0348	0.0340	0.0000	0.0000	0.0000	0.0000	0.0000	0.0000	0.0000	0.0000	0.0000	6.6219	9.5780	0.0000	12.1636	14.3600	0.0000	0.0012	0.0023	0.0000				
67	105	0.6781	10	1	1	2	0	0	0	0	0	N	N	Y	N	N	N	N	N	N	N	N	N	0.0000	0.0000	0.0000	0.0000	0.0000	0.0000	0.0000	0.0000	0.0000	0.0000	0.0000	0.0000	0.0000	0.0000	0.0000	0.0000	0.0000	0.0000	0.0000	0.0000	1.0000	4.2679	3.0000	7.8415	0.0000	0.0000	0.0000	0.0000	0.0000	0.0000	0.0000	0.0000	0.0000	0.0000	0.0000	0.0000	0.0000	0.0000	0.0000	0.0000	0.0000	0.0000	0.0300	0.0263	0.0038	0.0127	0.0116	0.0011	0.0174	0.0147	0.0027	0.0577	0.0397	0.0179	0.0329	0.0280	0.0049	0.0248	0.0117	0.0131	0.0000	0.0000	0.0000	0.0000	0.0000	0.0000	0.0000	0.0000	0.0000	0.0000	0.0000	0.0000	0.0000	0.0000	0.0000	0.0000	0.0000	0.0000											
67	106	0.6526	9	1	1	1	0	0	0	0	0	N	N	N	N	N	N	N	N	N	N	N	N	0.0000	0.0000	0.0000	0.0000	0.0000	0.0000	0.0000	0.0000	0.0000	0.0000	0.0000	0.0000	0.0000	0.0000	0.0000	0.0000	0.0000	0.0082	0.0010	0.0249	0.0118	0.0014	0.0737	0.0033	0.0000	0.0065	10.5000	0.0000	0.0002	1.0000	1.9301	3.0000	9.0954	0.0000	0.0000	0.0000	0.0000	0.0000	0.0000	0.0000	0.0000	0.0000	0.0005	0.0000	0.0004	0.0004	0.0000	0.0003	0.0001	0.0000	0.0001	0.0181	0.0160	0.0021	0.0100	0.0091	0.0009	0.0082	0.0069	0.0013	0.0564	0.0395	0.0168	0.0323	0.0277	0.0046	0.0240	0.0118	0.0122	0.0000	0.0000	0.0000	0.0000	0.0000	0.0000	0.0000	0.0000	0.0000	0.0082	0.0010	0.0249	0.0118	0.0014	0.0737	0.0033	0.0000	0.0065		
67	107	0.6203	8	1	1	1	0	0	0	0	0	N	N	N	N	N	N	N	N	N	N	N	N	0.0000	0.0000	0.0000	0.0000	0.0000	0.0000	0.0000	0.0000	0.0000	0.0000	0.0000	0.0000	0.0000	0.0000	0.0000	0.0071	0.0093	0.0020	0.0123	0.0134	0.0066	0.0000	0.0000	0.0000	0.0952	0.0000	-0.0002	1.0000	3.9049	3.0000	9.6098	0.0000	0.0000	0.0000	0.0000	0.0000	0.0000	0.0000	0.0000	0.0000	0.0005	0.0004	0.0000	0.0005	0.0004	0.0000	0.0000	0.0000	0.0000	0.0196	0.0169	0.0027	0.0042	0.0039	0.0003	0.0153	0.0130	0.0024	0.0652	0.0449	0.0202	0.0374	0.0314	0.0060	0.0278	0.0136	0.0142	0.0000	0.0000	0.0000	0.0000	0.0000	0.0000	0.0000	0.0000	0.0000	0.0071	0.0093	0.0020	0.0123	0.0134	0.0066	0.0000	0.0000	0.0000				
67	108	0.6415	10	1	2	1	0	0	0	0	0	N	Y	N	N	N	N	N	N	N	N	N	N	0.0000	0.0000	0.0000	0.0000	0.0000	0.0000	0.0000	0.0000	0.0000	0.0000	0.0000	0.0000	0.0000	0.0010	0.0014	0.0000	0.0019	0.0023	0.0000	0.0000	0.0000	0.0000	0.0000	0.0000	-0.0001	1.0000	8.0392	3.0000	22.6195	0.0000	0.0000	0.0000	0.0000	0.0000	0.0000	0.0000	0.0000	0.0000	0.0001	0.0001	0.0000	0.0001	0.0001	0.0000	0.0000	0.0000	0.0000	0.0427	0.0370	0.0057	0.0105	0.0098	0.0008	0.0321	0.0272	0.0049	0.1236	0.0843	0.0393	0.0616	0.0511	0.0104	0.0620	0.0332	0.0289	0.0000	0.0000	0.0000	0.0000	0.0000	0.0000	0.0000	0.0000	0.0000	0.0010	0.0014	0.0000	0.0019	0.0023	0.0000	0.0000	0.0000	0.0000						
67	109	0.6415	9	1	1	1	0	0	0	0	0	N	N	N	N	N	N	N	N	N	N	N	N	0.0000	0.0000	0.0000	0.0000	0.0000	0.0000	0.0000	0.0000	0.0000	0.0000	0.0000	0.0000	0.0000	0.0000	0.0000	0.0097	0.0062	0.0223	0.0192	0.0104	0.1289	0.0000	0.0000	0.0000	1.0000	0.0000	0.0000	1.0000	0.2031	3.0000	2.0398	0.0000	0.0000	0.0000	0.0000	0.0000	0.0000	0.0000	0.0000	0.0000	0.0002	0.0001	0.0001	0.0002	0.0001	0.0001	0.0000	0.0000	0.0000	0.0011	0.0010	0.0001	0.0003	0.0003	0.0000	0.0008	0.0007	0.0001	0.0247	0.0193	0.0054	0.0125	0.0116	0.0009	0.0122	0.0078	0.0045	0.0000	0.0000	0.0000	0.0000	0.0000	0.0000	0.0000	0.0000	0.0000	0.0097	0.0062	0.0223	0.0192	0.0104	0.1289	0.0000	0.0000	0.0000				
67	110	0.0463	3	2	1	2	0	0	0	0	0	Y	N	Y	N	N	N	N	N	N	N	N	N	0.0000	0.0000	0.0000	0.0000	0.0000	0.0000	0.0000	0.0000	0.0000	0.0000	0.0000	0.0000	0.0000	0.0000	0.0000	0.0000	0.0000	0.0000	0.0000	0.0000	1.0000	0.0001	3.0000	0.0001	0.0000	0.0000	0.0000	0.0000	0.0000	0.0000	0.0000	0.0000	0.0000	0.0000	0.0000	0.0000	0.0000	0.0000	0.0000	0.0000	0.0000	0.0000	0.0011	0.0008	0.0002	0.0005	0.0005	0.0000	0.0005	0.0003	0.0002	0.0000	0.0000	0.0000	0.0000	0.0000	0.0000	0.0000	0.0000	0.0000	0.0000	0.0000	0.0000	0.0000	0.0000	0.0000	0.0000	0.0000	0.0000	0.0000	0.0000	0.0000	0.0000	0.0000	0.0000	0.0000	0.0000	0.0000											
67	111	0.0325	2	2	1	2	0	0	0	0	0	Y	N	Y	N	N	N	N	N	N	N	N	N	0.0000	0.0000	0.0000	0.0000	0.0000	0.0000	0.0000	0.0000	0.0000	0.0000	0.0000	0.0000	0.0000	0.0002	0.0004	0.0000	0.0071	0.0071	0.0000	0.0000	0.0000	0.0000	0.0000	0.0000	-0.0000	1.0000	1.6718	3.0000	2.9223	0.0000	0.0000	0.0000	0.0000	0.0000	0.0000	0.0000	0.0000	0.0000	0.0000	0.0000	0.0000	0.0000	0.0000	0.0000	0.0000	0.0000	0.0000	0.0228	0.0203	0.0025	0.0055	0.0054	0.0001	0.0173	0.0149	0.0024	0.0414	0.0226	0.0188	0.0014	0.0014	0.0000	0.0400	0.0212	0.0188	0.0000	0.0000	0.0000	0.0000	0.0000	0.0000	0.0000	0.0000	0.0000	0.0002	0.0004	0.0000	0.0071	0.0071	0.0000	0.0000	0.0000	0.0000						
67	115	0.7005	10	2	1	2	0	0	0	0	0	Y	N	Y	N	N	N	N	N	N	N	N	N	0.0000	0.0000	0.0000	0.0000	0.0000	0.0000	0.0000	0.0000	0.0000	0.0000	0.0000	0.0000	0.0000	0.0000	0.0000	0.0000	0.0000	0.0000	0.0000	0.0000	1.0000	1.0009	3.0000	4.0038	0.0000	0.0000	0.0000	0.0000	0.0000	0.0000	0.0000	0.0000	0.0000	0.0000	0.0000	0.0000	0.0000	0.0000	0.0000	0.0000	0.0000	0.0000	0.0056	0.0049	0.0008	0.0014	0.0013	0.0001	0.0042	0.0036	0.0006	0.0217	0.0150	0.0068	0.0127	0.0102	0.0026	0.0090	0.0048	0.0042	0.0000	0.0000	0.0000	0.0000	0.0000	0.0000	0.0000	0.0000	0.0000	0.0000	0.0000	0.0000	0.0000	0.0000	0.0000	0.0000	0.0000	0.0000											
67	116	0.6722	9	2	1	2	0	0	0	0	0	Y	N	Y	N	N	N	N	N	N	N	N	N	0.0000	0.0000	0.0000	0.0000	0.0000	0.0000	0.0000	0.0000	0.0000	0.0000	0.0000	0.0000	0.0000	0.0407	0.0583	0.0000	0.0689	0.0851	0.0000	0.0000	0.0000	0.0000	0.0000	0.0000	-0.0011	1.0000	1.8441	3.0000	10.4794	0.0000	0.0000	0.0000	0.0000	0.0000	0.0000	0.0000	0.0000	0.0000	0.0023	0.0023	0.0000	0.0023	0.0023	0.0000	0.0000	0.0000	0.0000	0.0127	0.0111	0.0016	0.0048	0.0044	0.0004	0.0079	0.0067	0.0012	0.0573	0.0400	0.0173	0.0338	0.0274	0.0064	0.0235	0.0126	0.0109	0.0000	0.0000	0.0000	0.0000	0.0000	0.0000	0.0000	0.0000	0.0000	0.0407	0.0583	0.0000	0.0689	0.0851	0.0000	0.0000	0.0000	0.0000						
67	117	0.3841	7	1	2	1	1	0	0	0	0	N	Y	N	N	N	N	N	N	N	N	N	N	0.0027	0.0021	0.0038	0.0036	0.0000	0.0000	0.0003	0.0003	0.0000	0.0008	0.0009	0.0000	0.0000	0.0000	0.0000	0.0947	0.1396	0.0000	0.2204	0.2395	0.0000	0.0195	0.0365	0.0000	0.0000	0.0000	-0.0000	-0.0093	1.0000	10.5071	3.0000	20.2622	0.0000	0.0000	0.0000	0.0000	0.0000	0.0000	0.0000	0.0000	0.0000	0.0202	0.0202	0.0000	0.0176	0.0176	0.0000	0.0026	0.0026	0.0000	0.0781	0.0691	0.0090	0.0240	0.0229	0.0012	0.0541	0.0462	0.0079	0.2133	0.1448	0.0685	0.0799	0.0735	0.0064	0.1334	0.0713	0.0622	0.0027	0.0021	0.0000	0.0038	0.0036	0.0000	0.0000	0.0000	0.0000	0.0947	0.1396	0.0000	0.2204	0.2395	0.0000	0.0195	0.0365	0.0000			
67	118	0.6203	8	1	2	1	1	0	0	0	0	N	Y	N	N	N	N	N	N	N	N	N	N	0.0000	0.0000	0.0000	0.0000	0.0000	0.0000	0.0000	0.0000	0.0000	0.0000	0.0000	0.0000	0.0000	0.0000	0.0000	0.0000	0.0000	0.0000	0.0000	0.0000	1.0000	4.0036	3.0000	26.5072	0.0000	0.0000	0.0000	0.0000	0.0000	0.0000	0.0000	0.0000	0.0000	0.0000	0.0000	0.0000	0.0000	0.0000	0.0000	0.0000	0.0000	0.0000	0.0200	0.0173	0.0027	0.0043	0.0040	0.0003	0.0157	0.0133	0.0024	0.1218	0.0840	0.0379	0.0698	0.0576	0.0122	0.0521	0.0264	0.0257	0.0000	0.0000	0.0000	0.0000	0.0000	0.0000	0.0000	0.0000	0.0000	0.0000	0.0000	0.0000	0.0000	0.0000	0.0000	0.0000	0.0000	0.0000											
67	119	0.6587	9	1	2	1	0	0	0	0	0	N	Y	N	N	N	N	N	N	N	N	N	N	0.0000	0.0000	0.0000	0.0000	0.0000	0.0000	0.0000	0.0000	0.0000	0.0000	0.0000	0.0000	0.0000	0.0000	0.0000	0.0080	0.0111	0.0000	0.0012	0.0014	0.0000	0.0210	0.0407	0.0000	0.0000	0.0000	-0.0004	1.0000	3.8169	3.0000	21.2433	0.0000	0.0000	0.0000	0.0000	0.0000	0.0000	0.0000	0.0000	0.0000	0.0009	0.0009	0.0000	0.0001	0.0001	0.0000	0.0008	0.0008	0.0000	0.0348	0.0314	0.0034	0.0168	0.0161	0.0006	0.0181	0.0152	0.0028	0.1155	0.0836	0.0319	0.0755	0.0630	0.0125	0.0400	0.0206	0.0194	0.0000	0.0000	0.0000	0.0000	0.0000	0.0000	0.0000	0.0000	0.0000	0.0080	0.0111	0.0000	0.0012	0.0014	0.0000	0.0210	0.0407	0.0000				
67	120	0.4376	9	1	2	1	0	0	0	0	0	N	Y	N	N	N	N	N	N	N	N	N	N	0.0233	0.0000	inf	0.0000	0.0000	0.0464	0.0000	inf	0.0020	0.0000	0.0170	0.0000	0.0000	0.0000	0.0028	0.0000	0.0188	0.0855	0.1306	0.0000	0.1344	0.1517	0.0000	0.0607	0.1129	0.0000	inf	0.0000	0.0001	-0.0096	1.0000	16.3276	3.0000	34.9199	0.0002	0.0000	0.0002	0.0000	0.0000	0.0000	0.0002	0.0000	0.0002	0.0210	0.0210	0.0000	0.0111	0.0111	0.0000	0.0099	0.0099	0.0000	0.1052	0.0928	0.0124	0.0307	0.0295	0.0012	0.0745	0.0634	0.0111	0.2460	0.1612	0.0849	0.0828	0.0734	0.0094	0.1632	0.0878	0.0755	0.0233	0.0000	inf	0.0000	0.0000	0.0000	0.0464	0.0000	inf	0.0855	0.1306	0.0000	0.1344	0.1517	0.0000	0.0607	0.1129	0.0000	
67	121	0.4202	8	1	2	1	0	0	0	0	0	N	Y	N	N	N	N	N	N	N	N	N	N	0.2680	0.0380	1.5860	0.0739	0.0711	0.1264	0.4371	0.0000	1.6972	0.0456	0.0056	0.3491	0.0173	0.0172	0.0199	0.0577	0.0000	0.3862	0.1702	0.1470	0.2201	0.2337	0.2413	0.1573	0.1320	0.0527	0.2276	8.2507	0.6946	0.0009	-0.0011	1.0000	6.1757	3.0000	14.5601	0.0019	0.0002	0.0017	0.0002	0.0002	0.0000	0.0017	0.0000	0.0017	0.0234	0.0138	0.0096	0.0121	0.0113	0.0007	0.0113	0.0025	0.0089	0.0425	0.0376	0.0050	0.0127	0.0122	0.0005	0.0298	0.0253	0.0045	0.1376	0.0940	0.0436	0.0517	0.0470	0.0046	0.0860	0.0470	0.0390	0.2680	0.0380	1.5860	0.0739	0.0711	0.1264	0.4371	0.0000	1.6972	0.1702	0.1470	0.2201	0.2337	0.2413	0.1573	0.1320	0.0527	0.2276
67	122	0.3672	7	1	1	1	0	0	0	0	0	N	N	N	N	N	N	N	N	N	N	N	N	603.0043	0.0174	8357.1312	0.1022	0.0202	4.9750	1346.9707	0.0153	9631.7815	16.4969	0.0006	151.1727	0.0048	0.0010	0.0953	25.2439	0.0003	173.4373	0.0274	0.0323	0.0181	0.0471	0.0496	0.0191	0.0187	0.0194	0.0180	33060.2881	0.2968	0.5515	-0.0011	1.0000	7.5400	3.0000	21.4192	0.9868	0.0000	0.9868	0.0001	0.0000	0.0001	0.9867	0.0000	0.9867	0.0046	0.0035	0.0010	0.0024	0.0023	0.0001	0.0022	0.0012	0.0010	0.0598	0.0533	0.0065	0.0207	0.0199	0.0008	0.0391	0.0334	0.0057	0.1676	0.1096	0.0580	0.0509	0.0467	0.0042	0.1167	0.0629	0.0538	603.0043	0.0174	8357.1312	0.1022	0.0202	4.9750	1346.9707	0.0153	9631.7815	0.0274	0.0323	0.0181	0.0471	0.0496	0.0191	0.0187	0.0194	0.0180
67	123	0.6942	10	1	2	1	0	0	0	0	0	N	Y	N	N	N	N	N	N	N	N	N	N	0.0000	0.0000	0.0000	0.0000	0.0000	0.0000	0.0000	0.0000	0.0000	0.0000	0.0000	0.0000	0.0000	14.2057	24.6383	0.0000	42.3903	59.4760	0.0000	0.0000	0.0000	0.0000	0.0000	0.0000	-0.4584	1.0000	4.0019	3.0000	19.5615	0.0000	0.0000	0.0000	0.0000	0.0000	0.0000	0.0000	0.0000	0.0000	1.0000	1.0000	0.0000	1.0000	1.0000	0.0000	0.0000	0.0000	0.0000	0.0224	0.0194	0.0030	0.0056	0.0052	0.0004	0.0168	0.0142	0.0026	0.1063	0.0734	0.0329	0.0694	0.0539	0.0155	0.0369	0.0195	0.0174	0.0000	0.0000	0.0000	0.0000	0.0000	0.0000	0.0000	0.0000	0.0000	9.4097	13.6201	0.0000	14.4115	18.5494	0.0000	0.0000	0.0000	0.0000						
67	124	0.6722	9	1	1	1	0	0	0	0	0	N	N	N	N	N	N	N	N	N	N	N	N	0.0000	0.0000	0.0000	0.0000	0.0000	0.0000	0.0000	0.0000	0.0000	0.0000	0.0000	0.0000	0.0000	0.0502	0.0717	0.0000	0.0849	0.1045	0.0000	0.0000	0.0000	0.0000	0.0000	0.0000	-0.0011	1.0000	1.2223	3.0000	8.2281	0.0000	0.0000	0.0000	0.0000	0.0000	0.0000	0.0000	0.0000	0.0000	0.0023	0.0023	0.0000	0.0023	0.0023	0.0000	0.0000	0.0000	0.0000	0.0092	0.0081	0.0011	0.0039	0.0037	0.0003	0.0053	0.0045	0.0008	0.0464	0.0325	0.0139	0.0275	0.0223	0.0052	0.0189	0.0102	0.0087	0.0000	0.0000	0.0000	0.0000	0.0000	0.0000	0.0000	0.0000	0.0000	0.0502	0.0717	0.0000	0.0849	0.1045	0.0000	0.0000	0.0000	0.0000						
67	125	0.6203	8	1	1	1	0	0	0	0	0	N	N	N	N	N	N	N	N	N	N	N	N	0.0000	0.0000	0.0000	0.0000	0.0000	0.0000	0.0000	0.0000	0.0000	0.0000	0.0000	0.0000	0.0000	0.0000	0.0000	18.0409	34.6453	0.0165	98.0112	122.4785	0.0531	0.0000	0.0000	0.0000	0.0004	0.0000	-0.4571	1.0000	5.9920	3.0000	12.2976	0.0000	0.0000	0.0000	0.0000	0.0000	0.0000	0.0000	0.0000	0.0000	0.9982	0.9978	0.0004	0.9982	0.9978	0.0004	0.0000	0.0000	0.0000	0.0298	0.0257	0.0041	0.0064	0.0060	0.0005	0.0233	0.0198	0.0036	0.0819	0.0565	0.0254	0.0471	0.0392	0.0079	0.0348	0.0173	0.0175	0.0000	0.0000	0.0000	0.0000	0.0000	0.0000	0.0000	0.0000	0.0000	12.1805	17.6583	0.0165	21.1804	25.4420	0.0531	0.0000	0.0000	0.0000				
67	126	0.6574	10	1	2	1	0	0	0	0	0	N	Y	N	N	N	N	N	N	N	N	N	N	0.0000	0.0000	0.0000	0.0000	0.0000	0.0000	0.0000	0.0000	0.0000	0.0000	0.0000	0.0000	0.0000	0.0004	0.0006	0.0000	0.0008	0.0010	0.0000	0.0000	0.0000	0.0000	0.0000	0.0000	-0.0000	1.0000	5.0407	3.0000	17.1705	0.0000	0.0000	0.0000	0.0000	0.0000	0.0000	0.0000	0.0000	0.0000	0.0000	0.0000	0.0000	0.0000	0.0000	0.0000	0.0000	0.0000	0.0000	0.0277	0.0240	0.0037	0.0073	0.0067	0.0006	0.0204	0.0173	0.0031	0.0987	0.0683	0.0304	0.0498	0.0418	0.0081	0.0488	0.0266	0.0223	0.0000	0.0000	0.0000	0.0000	0.0000	0.0000	0.0000	0.0000	0.0000	0.0004	0.0006	0.0000	0.0008	0.0010	0.0000	0.0000	0.0000	0.0000						
67	127	0.6415	9	1	2	1	0	0	0	0	0	N	Y	N	N	N	N	N	N	N	N	N	N	0.0000	0.0000	0.0000	0.0000	0.0000	0.0000	0.0000	0.0000	0.0000	0.0000	0.0000	0.0000	0.0000	0.0000	0.0000	0.0034	0.0035	0.0030	0.0067	0.0058	0.0125	0.0000	0.0000	0.0000	0.3333	0.0000	-0.0000	1.0000	1.9703	3.0000	6.2034	0.0000	0.0000	0.0000	0.0000	0.0000	0.0000	0.0000	0.0000	0.0000	0.0002	0.0001	0.0000	0.0002	0.0001	0.0000	0.0000	0.0000	0.0000	0.0107	0.0093	0.0014	0.0026	0.0024	0.0002	0.0081	0.0068	0.0012	0.0473	0.0341	0.0132	0.0239	0.0207	0.0032	0.0233	0.0134	0.0099	0.0000	0.0000	0.0000	0.0000	0.0000	0.0000	0.0000	0.0000	0.0000	0.0034	0.0035	0.0030	0.0067	0.0058	0.0125	0.0000	0.0000	0.0000				
67	128	0.6203	8	1	1	1	0	0	0	0	0	N	N	N	N	N	N	N	N	N	N	N	N	0.0000	0.0000	0.0000	0.0000	0.0000	0.0000	0.0000	0.0000	0.0000	0.0000	0.0000	0.0000	0.0000	0.0025	0.0000	0.0080	0.0044	0.0000	0.0292	0.0000	0.0000	0.0000	inf	0.0000	0.0001	1.0000	1.1032	3.0000	7.8190	0.0000	0.0000	0.0000	0.0000	0.0000	0.0000	0.0000	0.0000	0.0000	0.0001	0.0000	0.0001	0.0001	0.0000	0.0001	0.0000	0.0000	0.0000	0.0056	0.0048	0.0008	0.0012	0.0011	0.0001	0.0044	0.0037	0.0007	0.0484	0.0334	0.0150	0.0276	0.0235	0.0041	0.0208	0.0099	0.0109	0.0000	0.0000	0.0000	0.0000	0.0000	0.0000	0.0000	0.0000	0.0000	0.0025	0.0000	0.0080	0.0044	0.0000	0.0292	0.0000	0.0000	0.0000						
67	129	0.3965	8	1	2	1	0	0	0	0	0	N	Y	N	N	N	N	N	N	N	N	N	N	0.0000	0.0000	0.0000	0.0000	0.0000	0.0000	0.0000	0.0000	0.0000	0.0000	0.0000	0.0000	0.0000	0.0000	0.0000	0.0010	0.0014	0.0000	0.0010	0.0010	0.0000	0.0011	0.0020	0.0000	0.0000	0.0000	-0.0000	1.0000	1.0033	3.0000	0.8635	0.0000	0.0000	0.0000	0.0000	0.0000	0.0000	0.0000	0.0000	0.0000	0.0001	0.0001	0.0000	0.0000	0.0000	0.0000	0.0001	0.0001	0.0000	0.0455	0.0424	0.0031	0.0252	0.0245	0.0007	0.0203	0.0179	0.0024	0.0875	0.0650	0.0225	0.0421	0.0406	0.0015	0.0455	0.0244	0.0211	0.0000	0.0000	0.0000	0.0000	0.0000	0.0000	0.0000	0.0000	0.0000	0.0010	0.0014	0.0000	0.0010	0.0010	0.0000	0.0011	0.0020	0.0000				
67	130	0.3672	7	1	1	1	0	0	0	0	0	N	N	N	N	N	N	N	N	N	N	N	N	7.3600	4.1138	43.4674	21.4444	21.6402	0.0649	4.1100	0.1119	48.2296	0.4162	0.2664	1.7102	0.6230	0.6472	0.0010	0.2928	0.0109	1.9772	0.0566	0.0647	0.0393	0.0291	0.0299	0.0158	0.0712	0.0973	0.0410	0.7436	0.2894	-0.0003	-0.0016	1.0000	5.5514	3.0000	9.9598	0.0204	0.0117	0.0087	0.0114	0.0114	0.0000	0.0090	0.0003	0.0087	0.0068	0.0053	0.0015	0.0012	0.0012	0.0000	0.0056	0.0041	0.0015	0.0491	0.0440	0.0051	0.0184	0.0177	0.0007	0.0308	0.0263	0.0044	0.1205	0.0816	0.0389	0.0420	0.0394	0.0025	0.0786	0.0422	0.0363	7.3600	4.1138	43.4674	21.4444	21.6402	0.0649	4.1100	0.1119	48.2296	0.0566	0.0647	0.0393	0.0291	0.0299	0.0158	0.0712	0.0973	0.0410
67	131	0.3369	6	1	1	1	0	0	0	0	0	N	N	N	N	N	N	N	N	N	N	N	N	1.2860	0.0238	102.6260	0.0901	0.0883	0.0000	1.6432	0.0075	113.5289	0.1729	0.0046	1.4852	0.0103	0.0108	0.0000	0.2365	0.0019	1.6391	0.1344	0.1936	0.0145	0.1148	0.1218	0.0150	0.1440	0.2539	0.0144	41.2611	0.0369	0.0063	-0.0090	1.0000	9.1969	3.0000	13.4651	0.0117	0.0003	0.0115	0.0002	0.0002	0.0000	0.0115	0.0001	0.0115	0.0213	0.0206	0.0008	0.0060	0.0059	0.0001	0.0154	0.0147	0.0007	0.0679	0.0602	0.0077	0.0191	0.0184	0.0007	0.0488	0.0418	0.0070	0.1588	0.1063	0.0524	0.0519	0.0485	0.0034	0.1068	0.0578	0.0490	1.2860	0.0238	102.6260	0.0901	0.0883	0.0000	1.6432	0.0075	113.5289	0.1344	0.1936	0.0145	0.1148	0.1218	0.0150	0.1440	0.2539	0.0144
67	132	0.7172	12	2	2	1	1	0	0	0	0	Y	Y	N	N	N	N	N	N	N	N	N	N	0.0000	0.0000	0.0000	0.0000	0.0000	0.0000	0.0000	0.0000	0.0000	0.0000	0.0000	0.0000	0.0000	0.0000	0.0000	0.0000	0.0000	0.0000	0.0000	0.0000	1.0000	1.0000	3.0000	3.0001	0.0000	0.0000	0.0000	0.0000	0.0000	0.0000	0.0000	0.0000	0.0000	0.0000	0.0000	0.0000	0.0000	0.0000	0.0000	0.0000	0.0000	0.0000	0.0055	0.0048	0.0007	0.0014	0.0013	0.0001	0.0041	0.0035	0.0006	0.0161	0.0114	0.0047	0.0105	0.0086	0.0020	0.0056	0.0028	0.0028	0.0000	0.0000	0.0000	0.0000	0.0000	0.0000	0.0000	0.0000	0.0000	0.0000	0.0000	0.0000	0.0000	0.0000	0.0000	0.0000	0.0000	0.0000											
67	133	0.4183	10	2	2	1	1	0	0	0	0	Y	Y	N	N	N	N	N	N	N	N	N	N	0.0000	0.0000	0.0000	0.0000	0.0000	0.0000	0.0000	0.0000	0.0000	0.0000	0.0000	0.0000	0.0000	0.0000	0.0000	0.0000	0.0000	0.0000	0.0000	0.0000	1.0000	0.0006	3.0000	1.9797	0.0000	0.0000	0.0000	0.0000	0.0000	0.0000	0.0000	0.0000	0.0000	0.0000	0.0000	0.0000	0.0000	0.0000	0.0000	0.0000	0.0000	0.0000	0.0000	0.0000	0.0000	0.0000	0.0000	0.0000	0.0000	0.0000	0.0000	0.0079	0.0048	0.0031	0.0016	0.0013	0.0002	0.0064	0.0035	0.0029	0.0000	0.0000	0.0000	0.0000	0.0000	0.0000	0.0000	0.0000	0.0000	0.0000	0.0000	0.0000	0.0000	0.0000	0.0000	0.0000	0.0000	0.0000											
67	134	0.4015	9	2	2	1	1	0	0	0	0	Y	Y	N	N	N	N	N	N	N	N	N	N	0.0000	0.0000	0.0000	0.0000	0.0000	0.0000	0.0000	0.0000	0.0000	0.0000	0.0000	0.0000	0.0000	0.0000	0.0000	0.0000	0.0000	0.0000	0.0000	0.0000	1.0000	2.0077	3.0000	6.0321	0.0000	0.0000	0.0000	0.0000	0.0000	0.0000	0.0000	0.0000	0.0000	0.0000	0.0000	0.0000	0.0000	0.0000	0.0000	0.0000	0.0000	0.0000	0.0118	0.0102	0.0016	0.0030	0.0027	0.0002	0.0088	0.0074	0.0014	0.0314	0.0186	0.0128	0.0054	0.0045	0.0009	0.0260	0.0141	0.0119	0.0000	0.0000	0.0000	0.0000	0.0000	0.0000	0.0000	0.0000	0.0000	0.0000	0.0000	0.0000	0.0000	0.0000	0.0000	0.0000	0.0000	0.0000											
67	135	0.3968	9	1	2	1	1	0	0	0	0	N	Y	N	N	N	N	N	N	N	N	N	N	0.0000	0.0000	0.0000	0.0000	0.0000	0.0000	0.0000	0.0000	0.0000	0.0000	0.0000	0.0000	0.0000	0.0000	0.0000	0.0000	0.0000	0.0000	0.0000	0.0000	1.0000	3.0348	3.0000	9.3583	0.0000	0.0000	0.0000	0.0000	0.0000	0.0000	0.0000	0.0000	0.0000	0.0000	0.0000	0.0000	0.0000	0.0000	0.0000	0.0000	0.0000	0.0000	0.0176	0.0151	0.0024	0.0044	0.0040	0.0003	0.0132	0.0111	0.0021	0.0537	0.0330	0.0206	0.0123	0.0108	0.0015	0.0413	0.0222	0.0191	0.0000	0.0000	0.0000	0.0000	0.0000	0.0000	0.0000	0.0000	0.0000	0.0000	0.0000	0.0000	0.0000	0.0000	0.0000	0.0000	0.0000	0.0000											
67	136	0.3824	8	1	1	1	1	0	0	0	0	N	N	N	N	N	N	N	N	N	N	N	N	0.0000	0.0000	0.0000	0.0000	0.0000	0.0000	0.0000	0.0000	0.0000	0.0000	0.0000	0.0000	0.0000	0.0000	0.0000	0.0000	0.0000	0.0000	0.0000	0.0000	1.0000	0.0433	3.0000	6.6805	0.0000	0.0000	0.0000	0.0000	0.0000	0.0000	0.0000	0.0000	0.0000	0.0000	0.0000	0.0000	0.0000	0.0000	0.0000	0.0000	0.0000	0.0000	0.0003	0.0003	0.0000	0.0002	0.0001	0.0000	0.0002	0.0002	0.0000	0.0270	0.0161	0.0109	0.0051	0.0043	0.0008	0.0220	0.0119	0.0101	0.0000	0.0000	0.0000	0.0000	0.0000	0.0000	0.0000	0.0000	0.0000	0.0000	0.0000	0.0000	0.0000	0.0000	0.0000	0.0000	0.0000	0.0000											
67	137	0.7468	14	1	2	1	1	0	0	0	0	N	Y	N	N	N	N	N	N	N	N	N	N	0.0000	0.0000	0.0000	0.0000	0.0000	0.0000	0.0000	0.0000	0.0000	0.0000	0.0000	0.0000	0.0000	0.0000	0.0000	0.0000	0.0000	0.0000	0.0000	0.0000	1.0000	0.0000	3.0000	0.0000	0.0000	0.0000	0.0000	0.0000	0.0000	0.0000	0.0000	0.0000	0.0000	0.0000	0.0000	0.0000	0.0000	0.0000	0.0000	0.0000	0.0000	0.0000	0.0000	0.0000	0.0000	0.0000	0.0000	0.0000	0.0000	0.0000	0.0000	0.0000	0.0000	0.0000	0.0000	0.0000	0.0000	0.0000	0.0000	0.0000	0.0000	0.0000	0.0000	0.0000	0.0000	0.0000	0.0000	0.0000	0.0000	0.0000	0.0000	0.0000	0.0000	0.0000	0.0000	0.0000	0.0000	0.0000											
67	138	0.7418	13	1	2	1	1	0	0	0	0	N	Y	N	N	N	N	N	N	N	N	N	N	0.0000	0.0000	0.0000	0.0000	0.0000	0.0000	0.0000	0.0000	0.0000	0.0000	0.0000	0.0000	0.0000	0.0000	0.0000	0.0000	0.0000	0.0000	0.0000	0.0000	1.0000	0.0021	3.0000	2.0000	0.0000	0.0000	0.0000	0.0000	0.0000	0.0000	0.0000	0.0000	0.0000	0.0000	0.0000	0.0000	0.0000	0.0000	0.0000	0.0000	0.0000	0.0000	0.0000	0.0000	0.0000	0.0000	0.0000	0.0000	0.0000	0.0000	0.0000	0.0077	0.0054	0.0023	0.0048	0.0039	0.0008	0.0029	0.0015	0.0014	0.0000	0.0000	0.0000	0.0000	0.0000	0.0000	0.0000	0.0000	0.0000	0.0000	0.0000	0.0000	0.0000	0.0000	0.0000	0.0000	0.0000	0.0000											
67	139	0.7316	12	1	1	1	1	0	0	0	0	N	N	N	N	N	N	N	N	N	N	N	N	0.0000	0.0000	0.0000	0.0000	0.0000	0.0000	0.0000	0.0000	0.0000	0.0000	0.0000	0.0000	0.0000	0.0000	0.0000	0.0000	0.0000	0.0000	0.0000	0.0000	1.0000	1.0020	3.0000	3.0181	0.0000	0.0000	0.0000	0.0000	0.0000	0.0000	0.0000	0.0000	0.0000	0.0000	0.0000	0.0000	0.0000	0.0000	0.0000	0.0000	0.0000	0.0000	0.0055	0.0048	0.0007	0.0014	0.0013	0.0001	0.0041	0.0035	0.0006	0.0160	0.0112	0.0047	0.0102	0.0083	0.0019	0.0058	0.0029	0.0029	0.0000	0.0000	0.0000	0.0000	0.0000	0.0000	0.0000	0.0000	0.0000	0.0000	0.0000	0.0000	0.0000	0.0000	0.0000	0.0000	0.0000	0.0000											
67	140	0.7172	12	1	2	1	0	0	0	0	0	N	Y	N	N	N	N	N	N	N	N	N	N	0.0000	0.0000	0.0000	0.0000	0.0000	0.0000	0.0000	0.0000	0.0000	0.0000	0.0000	0.0000	0.0000	0.0000	0.0000	0.0000	0.0000	0.0000	0.0000	0.0000	1.0000	0.0000	3.0000	4.0001	0.0000	0.0000	0.0000	0.0000	0.0000	0.0000	0.0000	0.0000	0.0000	0.0000	0.0000	0.0000	0.0000	0.0000	0.0000	0.0000	0.0000	0.0000	0.0000	0.0000	0.0000	0.0000	0.0000	0.0000	0.0000	0.0000	0.0000	0.0161	0.0114	0.0047	0.0105	0.0086	0.0020	0.0056	0.0028	0.0028	0.0000	0.0000	0.0000	0.0000	0.0000	0.0000	0.0000	0.0000	0.0000	0.0000	0.0000	0.0000	0.0000	0.0000	0.0000	0.0000	0.0000	0.0000											
67	141	0.3970	8	1	2	1	0	0	0	0	0	N	Y	N	N	N	N	N	N	N	N	N	N	0.0000	0.0000	0.0000	0.0000	0.0000	0.0000	0.0000	0.0000	0.0000	0.0000	0.0000	0.0000	0.0000	0.0000	0.0000	0.0000	0.0000	0.0000	0.0000	0.0000	1.0000	1.0003	3.0000	5.0186	0.0000	0.0000	0.0000	0.0000	0.0000	0.0000	0.0000	0.0000	0.0000	0.0000	0.0000	0.0000	0.0000	0.0000	0.0000	0.0000	0.0000	0.0000	0.0059	0.0051	0.0008	0.0015	0.0014	0.0001	0.0044	0.0037	0.0007	0.0245	0.0146	0.0099	0.0044	0.0037	0.0007	0.0201	0.0109	0.0092	0.0000	0.0000	0.0000	0.0000	0.0000	0.0000	0.0000	0.0000	0.0000	0.0000	0.0000	0.0000	0.0000	0.0000	0.0000	0.0000	0.0000	0.0000											
67	142	0.7316	12	1	1	2	1	0	0	0	0	N	N	Y	N	N	N	N	N	N	N	N	N	0.0000	0.0000	0.0000	0.0000	0.0000	0.0000	0.0000	0.0000	0.0000	0.0000	0.0000	0.0000	0.0000	0.0000	0.0000	0.0000	0.0000	0.0000	0.0000	0.0000	1.0000	0.0001	3.0000	9.0026	0.0000	0.0000	0.0000	0.0000	0.0000	0.0000	0.0000	0.0000	0.0000	0.0000	0.0000	0.0000	0.0000	0.0000	0.0000	0.0000	0.0000	0.0000	0.0000	0.0000	0.0000	0.0000	0.0000	0.0000	0.0000	0.0000	0.0000	0.0350	0.0246	0.0104	0.0222	0.0182	0.0040	0.0128	0.0064	0.0063	0.0000	0.0000	0.0000	0.0000	0.0000	0.0000	0.0000	0.0000	0.0000	0.0000	0.0000	0.0000	0.0000	0.0000	0.0000	0.0000	0.0000	0.0000											
67	143	0.3824	8	1	1	2	1	0	0	0	0	N	N	Y	N	N	N	N	N	N	N	N	N	inf	inf	inf	inf	85.1516	0.0000	619.5120	0.0000	0.0000	0.0000	114.2680	0.0000	727.7455	0.0000	0.0000	0.0000	0.0000	0.0000	0.0000	0.0000	0.0000	0.0000	inf	0.5589	0.0000	1.0000	2.0061	3.0000	8.0425	1.0000	0.0000	1.0000	0.0000	0.0000	0.0000	1.0000	0.0000	1.0000	0.0000	0.0000	0.0000	0.0000	0.0000	0.0000	0.0000	0.0000	0.0000	0.0117	0.0101	0.0016	0.0030	0.0028	0.0002	0.0088	0.0074	0.0014	0.0395	0.0236	0.0160	0.0073	0.0061	0.0012	0.0322	0.0174	0.0148	inf	0.0000	inf	0.0000	0.0000	0.0000	inf	0.0000	inf	0.0000	0.0000	0.0000	0.0000	0.0000	0.0000	0.0000	0.0000	0.0000						
67	144	0.3734	7	1	1	1	1	0	0	0	0	N	N	N	N	N	N	N	N	N	N	N	N	0.0000	0.0000	0.0000	0.0000	0.0000	0.0000	0.0000	0.0000	0.0000	0.0000	0.0000	0.0000	0.0000	0.0000	0.0000	0.0000	0.0000	0.0000	0.0000	0.0000	1.0000	1.9550	3.0000	2.1189	0.0000	0.0000	0.0000	0.0000	0.0000	0.0000	0.0000	0.0000	0.0000	0.0000	0.0000	0.0000	0.0000	0.0000	0.0000	0.0000	0.0000	0.0000	0.0129	0.0112	0.0017	0.0038	0.0036	0.0003	0.0091	0.0077	0.0014	0.0274	0.0190	0.0084	0.0086	0.0081	0.0005	0.0189	0.0110	0.0079	0.0000	0.0000	0.0000	0.0000	0.0000	0.0000	0.0000	0.0000	0.0000	0.0000	0.0000	0.0000	0.0000	0.0000	0.0000	0.0000	0.0000	0.0000											
67	145	0.3734	7	1	1	2	1	0	0	0	0	N	N	Y	N	N	N	N	N	N	N	N	N	0.0000	0.0000	0.0000	0.0000	0.0000	0.0000	0.0000	0.0000	0.0000	0.0000	0.0000	0.0000	0.0000	0.0000	0.0000	0.0000	0.0000	0.0000	0.0000	0.0000	1.0000	2.1261	3.0000	18.6477	0.0000	0.0000	0.0000	0.0000	0.0000	0.0000	0.0000	0.0000	0.0000	0.0000	0.0000	0.0000	0.0000	0.0000	0.0000	0.0000	0.0000	0.0000	0.0139	0.0121	0.0018	0.0041	0.0038	0.0003	0.0098	0.0083	0.0015	0.0879	0.0548	0.0331	0.0194	0.0170	0.0024	0.0685	0.0377	0.0307	0.0000	0.0000	0.0000	0.0000	0.0000	0.0000	0.0000	0.0000	0.0000	0.0000	0.0000	0.0000	0.0000	0.0000	0.0000	0.0000	0.0000	0.0000											
67	146	0.7316	12	1	1	2	1	0	0	0	0	N	N	Y	N	N	N	N	N	N	N	N	N	0.0000	0.0000	0.0000	0.0000	0.0000	0.0000	0.0000	0.0000	0.0000	0.0000	0.0000	0.0000	0.0000	0.0000	0.0000	0.0000	0.0000	0.0000	0.0000	0.0000	1.0000	2.0001	3.0000	5.9880	0.0000	0.0000	0.0000	0.0000	0.0000	0.0000	0.0000	0.0000	0.0000	0.0000	0.0000	0.0000	0.0000	0.0000	0.0000	0.0000	0.0000	0.0000	0.0110	0.0095	0.0015	0.0028	0.0026	0.0002	0.0082	0.0069	0.0013	0.0312	0.0219	0.0092	0.0198	0.0162	0.0036	0.0114	0.0057	0.0056	0.0000	0.0000	0.0000	0.0000	0.0000	0.0000	0.0000	0.0000	0.0000	0.0000	0.0000	0.0000	0.0000	0.0000	0.0000	0.0000	0.0000	0.0000											
67	147	0.7316	12	1	1	2	1	0	0	0	0	N	N	Y	N	N	N	N	N	N	N	N	N	0.0000	0.0000	0.0000	0.0000	0.0000	0.0000	0.0000	0.0000	0.0000	0.0000	0.0000	0.0000	0.0000	0.0000	0.0000	0.0000	0.0000	0.0000	0.0000	0.0000	1.0000	9.0001	3.0000	23.0169	0.0000	0.0000	0.0000	0.0000	0.0000	0.0000	0.0000	0.0000	0.0000	0.0000	0.0000	0.0000	0.0000	0.0000	0.0000	0.0000	0.0000	0.0000	0.0482	0.0418	0.0064	0.0123	0.0114	0.0009	0.0359	0.0304	0.0055	0.1134	0.0797	0.0337	0.0705	0.0579	0.0126	0.0429	0.0218	0.0211	0.0000	0.0000	0.0000	0.0000	0.0000	0.0000	0.0000	0.0000	0.0000	0.0000	0.0000	0.0000	0.0000	0.0000	0.0000	0.0000	0.0000	0.0000											
67	148	0.7062	11	1	1	1	1	0	0	0	0	N	N	N	N	N	N	N	N	N	N	N	N	0.0000	0.0000	0.0000	0.0000	0.0000	0.0000	0.0000	0.0000	0.0000	0.0000	0.0000	0.0000	0.0000	0.0009	0.0013	0.0000	0.0000	0.0000	0.0000	0.0025	0.0049	0.0000	0.0000	0.0000	-0.0000	1.0000	1.9990	3.0000	7.9526	0.0000	0.0000	0.0000	0.0000	0.0000	0.0000	0.0000	0.0000	0.0000	0.0000	0.0000	0.0000	0.0000	0.0000	0.0000	0.0000	0.0000	0.0000	0.0110	0.0095	0.0015	0.0028	0.0026	0.0002	0.0082	0.0069	0.0013	0.0447	0.0316	0.0131	0.0285	0.0234	0.0050	0.0163	0.0082	0.0081	0.0000	0.0000	0.0000	0.0000	0.0000	0.0000	0.0000	0.0000	0.0000	0.0009	0.0013	0.0000	0.0000	0.0000	0.0000	0.0025	0.0049	0.0000						
67	149	0.6743	10	2	2	1	0	0	0	0	0	Y	Y	N	N	N	N	N	N	N	N	N	N	0.0000	0.0000	0.0000	0.0000	0.0000	0.0000	0.0000	0.0000	0.0000	0.0000	0.0000	0.0000	0.0000	31.3830	56.3979	0.0000	212.3328	271.3844	0.0000	0.0000	0.0000	0.0000	0.0000	0.0000	-0.8758	1.0000	5.3497	3.0000	17.2225	0.0000	0.0000	0.0000	0.0000	0.0000	0.0000	0.0000	0.0000	0.0000	1.9106	1.9106	0.0000	1.9106	1.9106	0.0000	0.0000	0.0000	0.0000	0.0307	0.0267	0.0040	0.0083	0.0078	0.0006	0.0224	0.0189	0.0035	0.1043	0.0761	0.0283	0.0641	0.0542	0.0098	0.0402	0.0218	0.0184	0.0000	0.0000	0.0000	0.0000	0.0000	0.0000	0.0000	0.0000	0.0000	18.3161	25.1215	0.0000	29.8150	35.2300	0.0000	0.0000	0.0000	0.0000						
67	150	0.7051	11	1	2	1	0	0	0	0	0	N	Y	N	N	N	N	N	N	N	N	N	N	0.0000	0.0000	0.0000	0.0000	0.0000	0.0000	0.0000	0.0000	0.0000	0.0000	0.0000	0.0000	0.0000	0.0706	0.0984	0.0000	0.1243	0.1448	0.0000	0.0000	0.0000	0.0000	0.0000	0.0000	-0.0028	1.0000	3.6794	3.0000	17.4287	0.0000	0.0000	0.0000	0.0000	0.0000	0.0000	0.0000	0.0000	0.0000	0.0061	0.0061	0.0000	0.0061	0.0061	0.0000	0.0000	0.0000	0.0000	0.0225	0.0196	0.0028	0.0078	0.0072	0.0006	0.0147	0.0124	0.0023	0.0867	0.0622	0.0246	0.0492	0.0423	0.0070	0.0375	0.0199	0.0176	0.0000	0.0000	0.0000	0.0000	0.0000	0.0000	0.0000	0.0000	0.0000	0.0706	0.0984	0.0000	0.1243	0.1448	0.0000	0.0000	0.0000	0.0000						
67	151	0.6743	10	1	2	1	0	0	0	0	0	N	Y	N	N	N	N	N	N	N	N	N	N	0.0000	0.0000	0.0000	0.0000	0.0000	0.0000	0.0000	0.0000	0.0000	0.0000	0.0000	0.0000	0.0000	0.0000	0.0000	0.0000	0.0000	0.0000	18.7021	32.9679	0.0376	71.8655	102.3809	0.0975	0.0221	0.0355	0.0050	0.0008	0.0000	-0.4148	1.0000	3.4464	3.0000	10.1316	0.0000	0.0000	0.0000	0.0000	0.0000	0.0000	0.0000	0.0000	0.0000	0.9065	0.9058	0.0007	0.9059	0.9053	0.0006	0.0006	0.0006	0.0001	0.0206	0.0179	0.0027	0.0059	0.0055	0.0004	0.0147	0.0124	0.0023	0.0734	0.0545	0.0189	0.0456	0.0390	0.0066	0.0278	0.0156	0.0123	0.0000	0.0000	0.0000	0.0000	0.0000	0.0000	0.0000	0.0000	0.0000	12.3473	16.6151	0.0376	19.8666	23.2398	0.0975	0.0221	0.0355	0.0050	
67	152	0.4038	10	2	2	1	0	0	0	0	0	Y	Y	N	N	N	N	N	N	N	N	N	N	0.0000	0.0000	0.0000	0.0000	0.0000	0.0000	0.0000	0.0000	0.0000	0.0000	0.0000	0.0000	0.0000	0.0000	0.0000	0.0000	0.0000	0.0000	0.0000	0.0000	1.0000	1.0143	3.0000	12.0086	0.0000	0.0000	0.0000	0.0000	0.0000	0.0000	0.0000	0.0000	0.0000	0.0000	0.0000	0.0000	0.0000	0.0000	0.0000	0.0000	0.0000	0.0000	0.0060	0.0052	0.0008	0.0015	0.0014	0.0001	0.0045	0.0038	0.0007	0.0499	0.0296	0.0203	0.0086	0.0072	0.0015	0.0412	0.0224	0.0189	0.0000	0.0000	0.0000	0.0000	0.0000	0.0000	0.0000	0.0000	0.0000	0.0000	0.0000	0.0000	0.0000	0.0000	0.0000	0.0000	0.0000	0.0000											
67	153	0.4015	9	2	2	1	0	0	0	0	0	Y	Y	N	N	N	N	N	N	N	N	N	N	0.0000	0.0000	0.0000	0.0000	0.0000	0.0000	0.0000	0.0000	0.0000	0.0000	0.0000	0.0000	0.0000	0.0000	0.0000	0.0000	0.0000	0.0000	0.0000	0.0000	1.0000	0.9811	3.0000	0.0216	0.0000	0.0000	0.0000	0.0000	0.0000	0.0000	0.0000	0.0000	0.0000	0.0000	0.0000	0.0000	0.0000	0.0000	0.0000	0.0000	0.0000	0.0000	0.0058	0.0050	0.0008	0.0015	0.0013	0.0001	0.0043	0.0036	0.0007	0.0041	0.0025	0.0017	0.0007	0.0006	0.0001	0.0034	0.0018	0.0015	0.0000	0.0000	0.0000	0.0000	0.0000	0.0000	0.0000	0.0000	0.0000	0.0000	0.0000	0.0000	0.0000	0.0000	0.0000	0.0000	0.0000	0.0000											
67	154	0.3970	8	2	2	1	0	0	0	0	0	Y	Y	N	N	N	N	N	N	N	N	N	N	0.0000	0.0000	0.0000	0.0000	0.0000	0.0000	0.0000	0.0000	0.0000	0.0000	0.0000	0.0000	0.0000	0.0000	0.0000	0.0000	0.0000	0.0000	0.0000	0.0000	1.0000	0.0083	3.0000	2.0001	0.0000	0.0000	0.0000	0.0000	0.0000	0.0000	0.0000	0.0000	0.0000	0.0000	0.0000	0.0000	0.0000	0.0000	0.0000	0.0000	0.0000	0.0000	0.0001	0.0001	0.0000	0.0000	0.0000	0.0000	0.0000	0.0000	0.0000	0.0088	0.0054	0.0034	0.0017	0.0015	0.0002	0.0071	0.0039	0.0032	0.0000	0.0000	0.0000	0.0000	0.0000	0.0000	0.0000	0.0000	0.0000	0.0000	0.0000	0.0000	0.0000	0.0000	0.0000	0.0000	0.0000	0.0000											
67	155	0.3734	7	1	2	1	0	0	0	0	0	N	Y	N	N	N	N	N	N	N	N	N	N	0.0000	0.0000	0.0000	0.0000	0.0000	0.0000	0.0000	0.0000	0.0000	0.0000	0.0000	0.0000	0.0000	0.0000	0.0000	0.0000	0.0000	0.0000	0.0000	0.0000	1.0000	2.9180	3.0000	7.4065	0.0000	0.0000	0.0000	0.0000	0.0000	0.0000	0.0000	0.0000	0.0000	0.0000	0.0000	0.0000	0.0000	0.0000	0.0000	0.0000	0.0000	0.0000	0.0184	0.0160	0.0025	0.0052	0.0048	0.0004	0.0132	0.0112	0.0021	0.0509	0.0329	0.0180	0.0127	0.0115	0.0012	0.0382	0.0214	0.0168	0.0000	0.0000	0.0000	0.0000	0.0000	0.0000	0.0000	0.0000	0.0000	0.0000	0.0000	0.0000	0.0000	0.0000	0.0000	0.0000	0.0000	0.0000											
67	156	0.3075	6	1	1	1	0	0	0	0	0	N	N	N	N	N	N	N	N	N	N	N	N	0.0233	0.0175	0.1215	0.1189	0.0000	0.0000	0.0023	0.0027	0.0000	0.0063	0.0067	0.0000	0.0000	0.0000	0.0000	0.1001	0.1517	0.0000	0.0519	0.0563	0.0000	0.1188	0.2130	0.0000	0.0000	0.0000	-0.0001	-0.0075	1.0000	8.2479	3.0000	19.7214	0.0002	0.0002	0.0000	0.0002	0.0002	0.0000	0.0000	0.0000	0.0000	0.0163	0.0163	0.0000	0.0024	0.0024	0.0000	0.0140	0.0140	0.0000	0.0814	0.0717	0.0097	0.0301	0.0284	0.0017	0.0513	0.0433	0.0080	0.1632	0.1077	0.0555	0.0456	0.0421	0.0035	0.1175	0.0655	0.0520	0.0233	0.0175	0.0000	0.1215	0.1189	0.0000	0.0000	0.0000	0.0000	0.1001	0.1517	0.0000	0.0519	0.0563	0.0000	0.1188	0.2130	0.0000			
67	157	0.2714	5	1	1	1	0	0	0	0	0	N	N	N	N	N	N	N	N	N	N	N	N	0.0004	0.0002	0.3300	0.0013	0.0013	0.0000	0.0005	0.0002	0.3616	0.0034	0.0029	0.0068	0.0006	0.0006	0.0000	0.0045	0.0039	0.0078	8.3846	14.9584	0.0205	0.4652	0.5019	0.0052	8.6302	15.6802	0.0215	0.3333	0.0011	-0.0000	-0.4311	1.0000	7.4725	3.0000	14.3153	0.0002	0.0001	0.0000	0.0000	0.0000	0.0000	0.0002	0.0001	0.0000	0.9429	0.9419	0.0010	0.0193	0.0193	0.0000	0.9236	0.9226	0.0010	0.0589	0.0515	0.0074	0.0165	0.0156	0.0010	0.0423	0.0359	0.0064	0.1484	0.0972	0.0512	0.0414	0.0384	0.0031	0.1070	0.0588	0.0482	0.0005	0.0003	0.3300	0.0013	0.0013	0.0000	0.0005	0.0002	0.3616	6.3519	9.6903	0.0205	0.4652	0.5019	0.0052	8.6302	15.6802	0.0215
67	161	0.7248	14	2	2	1	0	0	0	0	0	Y	Y	N	N	N	N	N	N	N	N	N	N	0.0000	0.0000	0.0000	0.0000	0.0000	0.0000	0.0000	0.0000	0.0000	0.0000	0.0000	0.0000	0.0000	0.0000	0.0000	0.0000	0.0000	0.0000	0.0000	0.0000	1.0000	0.0002	3.0000	3.0099	0.0000	0.0000	0.0000	0.0000	0.0000	0.0000	0.0000	0.0000	0.0000	0.0000	0.0000	0.0000	0.0000	0.0000	0.0000	0.0000	0.0000	0.0000	0.0000	0.0000	0.0000	0.0000	0.0000	0.0000	0.0000	0.0000	0.0000	0.0123	0.0087	0.0036	0.0080	0.0065	0.0015	0.0043	0.0022	0.0021	0.0000	0.0000	0.0000	0.0000	0.0000	0.0000	0.0000	0.0000	0.0000	0.0000	0.0000	0.0000	0.0000	0.0000	0.0000	0.0000	0.0000	0.0000											
67	162	0.7172	13	2	2	1	0	0	0	0	0	Y	Y	N	N	N	N	N	N	N	N	N	N	0.0000	0.0000	0.0000	0.0000	0.0000	0.0000	0.0000	0.0000	0.0000	0.0000	0.0000	0.0000	0.0000	0.0000	0.0000	0.0000	0.0000	0.0000	0.0000	0.0000	1.0000	0.9998	3.0000	2.0118	0.0000	0.0000	0.0000	0.0000	0.0000	0.0000	0.0000	0.0000	0.0000	0.0000	0.0000	0.0000	0.0000	0.0000	0.0000	0.0000	0.0000	0.0000	0.0055	0.0048	0.0007	0.0014	0.0013	0.0001	0.0041	0.0035	0.0006	0.0122	0.0086	0.0036	0.0080	0.0065	0.0015	0.0042	0.0021	0.0021	0.0000	0.0000	0.0000	0.0000	0.0000	0.0000	0.0000	0.0000	0.0000	0.0000	0.0000	0.0000	0.0000	0.0000	0.0000	0.0000	0.0000	0.0000											
67	163	0.7172	12	2	2	1	0	0	0	0	0	Y	Y	N	N	N	N	N	N	N	N	N	N	0.0000	0.0000	0.0000	0.0000	0.0000	0.0000	0.0000	0.0000	0.0000	0.0000	0.0000	0.0000	0.0000	0.0000	0.0000	0.0000	0.0000	0.0000	0.0000	0.0000	1.0000	0.0000	3.0000	0.0003	0.0000	0.0000	0.0000	0.0000	0.0000	0.0000	0.0000	0.0000	0.0000	0.0000	0.0000	0.0000	0.0000	0.0000	0.0000	0.0000	0.0000	0.0000	0.0000	0.0000	0.0000	0.0000	0.0000	0.0000	0.0000	0.0000	0.0000	0.0000	0.0000	0.0000	0.0000	0.0000	0.0000	0.0000	0.0000	0.0000	0.0000	0.0000	0.0000	0.0000	0.0000	0.0000	0.0000	0.0000	0.0000	0.0000	0.0000	0.0000	0.0000	0.0000	0.0000	0.0000	0.0000	0.0000											
67	164	0.7062	11	1	2	1	0	0	0	0	0	N	Y	N	N	N	N	N	N	N	N	N	N	0.0000	0.0000	0.0000	0.0000	0.0000	0.0000	0.0000	0.0000	0.0000	0.0000	0.0000	0.0000	0.0000	0.0017	0.0024	0.0000	0.0000	0.0000	0.0000	0.0047	0.0094	0.0000	0.0000	0.0000	-0.0000	1.0000	0.0063	3.0000	4.3641	0.0000	0.0000	0.0000	0.0000	0.0000	0.0000	0.0000	0.0000	0.0000	0.0000	0.0000	0.0000	0.0000	0.0000	0.0000	0.0000	0.0000	0.0000	0.0001	0.0001	0.0000	0.0001	0.0000	0.0000	0.0000	0.0000	0.0000	0.0233	0.0167	0.0067	0.0149	0.0124	0.0025	0.0084	0.0042	0.0042	0.0000	0.0000	0.0000	0.0000	0.0000	0.0000	0.0000	0.0000	0.0000	0.0017	0.0024	0.0000	0.0000	0.0000	0.0000	0.0047	0.0094	0.0000						
67	165	0.6743	10	1	1	1	0	0	0	0	0	N	N	N	N	N	N	N	N	N	N	N	N	0.0000	0.0000	0.0000	0.0000	0.0000	0.0000	0.0000	0.0000	0.0000	0.0000	0.0000	0.0000	0.0000	0.0000	0.0000	1.2872	1.7279	0.0000	0.0084	0.0099	0.0000	3.3912	6.0272	0.0000	0.0000	0.0000	-0.0411	1.0000	2.5207	3.0000	10.0226	0.0000	0.0000	0.0000	0.0000	0.0000	0.0000	0.0000	0.0000	0.0000	0.0897	0.0897	0.0000	0.0004	0.0004	0.0000	0.0894	0.0894	0.0000	0.0156	0.0136	0.0020	0.0047	0.0044	0.0003	0.0110	0.0092	0.0018	0.0697	0.0519	0.0178	0.0434	0.0371	0.0063	0.0264	0.0148	0.0115	0.0000	0.0000	0.0000	0.0000	0.0000	0.0000	0.0000	0.0000	0.0000	1.2872	1.7279	0.0000	0.0084	0.0099	0.0000	3.3912	6.0272	0.0000				
67	166	0.6587	9	1	1	1	0	0	0	0	0	N	N	N	N	N	N	N	N	N	N	N	N	0.0000	0.0000	0.0000	0.0000	0.0000	0.0000	0.0000	0.0000	0.0000	0.0000	0.0000	0.0000	0.0000	0.0000	0.0000	0.0000	0.0000	0.0000	1.6894	2.2345	0.0190	2.3297	2.7539	0.0415	0.0509	0.0970	0.0000	0.0028	0.0000	-0.0412	1.0000	2.6894	3.0000	4.6619	0.0000	0.0000	0.0000	0.0000	0.0000	0.0000	0.0000	0.0000	0.0000	0.0905	0.0902	0.0002	0.0897	0.0895	0.0002	0.0008	0.0008	0.0000	0.0289	0.0263	0.0026	0.0154	0.0149	0.0005	0.0135	0.0114	0.0021	0.0536	0.0404	0.0132	0.0385	0.0325	0.0060	0.0150	0.0079	0.0072	0.0000	0.0000	0.0000	0.0000	0.0000	0.0000	0.0000	0.0000	0.0000	1.6894	2.2345	0.0190	2.3297	2.7539	0.0415	0.0509	0.0970	0.0000	
67	167	0.6203	8	1	1	1	0	0	0	0	0	N	N	N	N	N	N	N	N	N	N	N	N	0.0000	0.0000	0.0000	0.0000	0.0000	0.0000	0.0000	0.0000	0.0000	0.0000	0.0000	0.0000	0.0000	0.0000	0.0000	0.0162	0.0220	0.0034	0.0284	0.0315	0.0117	0.0000	0.0000	0.0000	0.0690	0.0000	-0.0004	1.0000	2.7966	3.0000	8.5340	0.0000	0.0000	0.0000	0.0000	0.0000	0.0000	0.0000	0.0000	0.0000	0.0009	0.0009	0.0001	0.0009	0.0009	0.0001	0.0000	0.0000	0.0000	0.0141	0.0121	0.0019	0.0030	0.0028	0.0002	0.0110	0.0093	0.0017	0.0573	0.0395	0.0178	0.0328	0.0276	0.0051	0.0245	0.0119	0.0126	0.0000	0.0000	0.0000	0.0000	0.0000	0.0000	0.0000	0.0000	0.0000	0.0162	0.0220	0.0034	0.0284	0.0315	0.0117	0.0000	0.0000	0.0000				
68	71	0.7096	12	2	2	2	0	0	0	0	0	Y	Y	Y	N	N	N	N	N	N	N	N	N	0.0000	0.0000	0.0000	0.0000	0.0000	0.0000	0.0000	0.0000	0.0000	0.0000	0.0000	0.0000	0.0000	0.0000	0.0000	0.0000	0.0000	0.0000	0.0000	0.0000	1.0000	0.0000	0.0000	0.0000	0.0000	0.0000	0.0000	0.0000	0.0000	0.0000	0.0000	0.0000	0.0000	0.0000	0.0000	0.0000	0.0000	0.0000	0.0000	0.0000	0.0000	0.0000	0.0000	0.0000	0.0000	0.0000	0.0000	0.0000	0.0000	0.0000	0.0000	0.0000	0.0000	0.0000	0.0000	0.0000	0.0000	0.0000	0.0000	0.0000	0.0000	0.0000	0.0000	0.0000	0.0000	0.0000	0.0000	0.0000	0.0000	0.0000	0.0000	0.0000	0.0000	0.0000	0.0000	0.0000	0.0000	0.0000											
68	72	0.6915	11	2	2	2	0	0	0	0	0	Y	Y	Y	N	N	N	N	N	N	N	N	N	0.0000	0.0000	0.0000	0.0000	0.0000	0.0000	0.0000	0.0000	0.0000	0.0000	0.0000	0.0000	0.0000	0.0000	0.0000	0.0000	0.0000	0.0000	0.0000	0.0000	1.0000	3.9057	0.0000	1.1104	0.0000	0.0000	0.0000	0.0000	0.0000	0.0000	0.0000	0.0000	0.0000	0.0000	0.0000	0.0000	0.0000	0.0000	0.0000	0.0000	0.0000	0.0000	0.0247	0.0214	0.0033	0.0060	0.0056	0.0004	0.0187	0.0158	0.0029	0.0071	0.0050	0.0021	0.0050	0.0039	0.0011	0.0022	0.0011	0.0011	0.0000	0.0000	0.0000	0.0000	0.0000	0.0000	0.0000	0.0000	0.0000	0.0000	0.0000	0.0000	0.0000	0.0000	0.0000	0.0000	0.0000	0.0000											
68	73	0.4888	9	2	2	1	0	0	0	0	0	Y	Y	N	N	N	N	N	N	N	N	N	N	0.0000	0.0000	0.0000	0.0000	0.0000	0.0000	0.0000	0.0000	0.0000	0.0000	0.0000	0.0000	0.0000	0.0000	0.0000	0.0000	0.0000	0.0000	0.0000	0.0000	1.0000	6.9070	0.0000	16.5673	0.0000	0.0000	0.0000	0.0000	0.0000	0.0000	0.0000	0.0000	0.0000	0.0000	0.0000	0.0000	0.0000	0.0000	0.0000	0.0000	0.0000	0.0000	0.0750	0.0663	0.0087	0.0290	0.0271	0.0018	0.0460	0.0392	0.0069	0.0343	0.0235	0.0108	0.0168	0.0143	0.0025	0.0175	0.0092	0.0083	0.0000	0.0000	0.0000	0.0000	0.0000	0.0000	0.0000	0.0000	0.0000	0.0000	0.0000	0.0000	0.0000	0.0000	0.0000	0.0000	0.0000	0.0000											
68	74	0.5526	11	1	2	1	1	0	0	0	0	N	Y	N	N	N	N	N	N	N	N	N	N	0.0000	0.0000	0.0000	0.0000	0.0000	0.0000	0.0000	0.0000	0.0000	0.0000	0.0000	0.0000	0.0000	0.0000	0.0000	0.0000	0.0000	0.0000	0.0000	0.0000	1.0000	6.4226	0.0000	19.3377	0.0000	0.0000	0.0000	0.0000	0.0000	0.0000	0.0000	0.0000	0.0000	0.0000	0.0000	0.0000	0.0000	0.0000	0.0000	0.0000	0.0000	0.0000	0.0444	0.0381	0.0063	0.0100	0.0093	0.0007	0.0344	0.0288	0.0056	0.0323	0.0221	0.0102	0.0176	0.0147	0.0029	0.0148	0.0075	0.0073	0.0000	0.0000	0.0000	0.0000	0.0000	0.0000	0.0000	0.0000	0.0000	0.0000	0.0000	0.0000	0.0000	0.0000	0.0000	0.0000	0.0000	0.0000											
68	75	0.5074	10	1	1	1	1	0	0	0	0	N	N	N	N	N	N	N	N	N	N	N	N	inf	inf	inf	inf	0.0062	0.0071	0.0000	0.0000	0.0000	0.0000	0.0086	0.0101	0.0000	0.0000	0.0000	0.0000	0.0000	0.0000	0.0000	0.0000	0.0000	0.0000	0.0000	-0.0001	0.0000	1.0000	5.1932	0.0000	17.4397	0.0003	0.0003	0.0000	0.0000	0.0000	0.0000	0.0003	0.0003	0.0000	0.0000	0.0000	0.0000	0.0000	0.0000	0.0000	0.0000	0.0000	0.0000	0.0433	0.0379	0.0054	0.0118	0.0113	0.0005	0.0315	0.0266	0.0048	0.0442	0.0304	0.0138	0.0238	0.0199	0.0039	0.0204	0.0105	0.0099	inf	inf	0.0000	0.0000	0.0000	0.0000	inf	inf	0.0000	0.0000	0.0000	0.0000	0.0000	0.0000	0.0000	0.0000	0.0000	0.0000						
68	76	0.4705	9	1	1	1	0	0	0	0	0	N	N	N	N	N	N	N	N	N	N	N	N	inf	inf	inf	inf	inf	inf	6.3075	7.2533	0.0000	0.0547	0.0574	0.0000	8.8159	10.5465	0.0000	0.0000	0.0000	0.0000	0.0000	0.0000	0.0000	0.0000	0.0000	0.0000	0.0000	-0.1073	0.0000	1.0000	4.4918	0.0000	17.5337	0.2433	0.2433	0.0000	0.0006	0.0006	0.0000	0.2427	0.2427	0.0000	0.0000	0.0000	0.0000	0.0000	0.0000	0.0000	0.0000	0.0000	0.0000	0.0386	0.0335	0.0050	0.0110	0.0105	0.0005	0.0275	0.0230	0.0045	0.0516	0.0364	0.0152	0.0288	0.0241	0.0048	0.0228	0.0124	0.0104	inf	inf	0.0000	inf	inf	0.0000	inf	inf	0.0000	0.0000	0.0000	0.0000	0.0000	0.0000	0.0000	0.0000	0.0000	0.0000				
68	77	0.1996	8	1	1	1	1	0	0	0	0	N	N	N	N	N	N	N	N	N	N	N	N	0.0000	0.0000	0.0000	0.0000	0.0000	0.0000	0.0000	0.0000	0.0000	0.0000	0.0000	0.0000	0.0000	0.0000	0.0000	0.0000	0.0000	0.0000	0.0000	0.0000	1.0000	0.3745	0.0000	14.7996	0.0000	0.0000	0.0000	0.0000	0.0000	0.0000	0.0000	0.0000	0.0000	0.0000	0.0000	0.0000	0.0000	0.0000	0.0000	0.0000	0.0000	0.0000	0.0034	0.0030	0.0004	0.0008	0.0007	0.0000	0.0026	0.0023	0.0004	0.0224	0.0146	0.0078	0.0096	0.0080	0.0016	0.0128	0.0066	0.0062	0.0000	0.0000	0.0000	0.0000	0.0000	0.0000	0.0000	0.0000	0.0000	0.0000	0.0000	0.0000	0.0000	0.0000	0.0000	0.0000	0.0000	0.0000											
68	78	0.1773	7	1	1	1	1	0	0	0	0	N	N	N	N	N	N	N	N	N	N	N	N	0.0000	0.0000	0.0000	0.0000	0.0000	0.0000	0.0000	0.0000	0.0000	0.0000	0.0000	0.0000	0.0000	0.0000	0.0000	0.0000	0.0000	0.0000	0.0000	0.0000	1.0000	1.4595	0.0000	10.3922	0.0000	0.0000	0.0000	0.0000	0.0000	0.0000	0.0000	0.0000	0.0000	0.0000	0.0000	0.0000	0.0000	0.0000	0.0000	0.0000	0.0000	0.0000	0.0108	0.0093	0.0015	0.0015	0.0014	0.0001	0.0093	0.0079	0.0014	0.0203	0.0134	0.0069	0.0089	0.0074	0.0015	0.0114	0.0060	0.0054	0.0000	0.0000	0.0000	0.0000	0.0000	0.0000	0.0000	0.0000	0.0000	0.0000	0.0000	0.0000	0.0000	0.0000	0.0000	0.0000	0.0000	0.0000											
68	79	0.1631	6	1	1	1	1	0	0	0	0	N	N	N	N	N	N	N	N	N	N	N	N	0.0000	0.0000	0.0000	0.0000	0.0000	0.0000	0.0000	0.0000	0.0000	0.0000	0.0000	0.0000	0.0000	0.0000	0.0000	0.0000	0.0000	0.0000	0.0000	0.0000	1.0000	1.3861	0.0000	6.3168	0.0000	0.0000	0.0000	0.0000	0.0000	0.0000	0.0000	0.0000	0.0000	0.0000	0.0000	0.0000	0.0000	0.0000	0.0000	0.0000	0.0000	0.0000	0.0095	0.0080	0.0014	0.0010	0.0009	0.0001	0.0085	0.0071	0.0014	0.0153	0.0103	0.0051	0.0069	0.0058	0.0011	0.0084	0.0044	0.0040	0.0000	0.0000	0.0000	0.0000	0.0000	0.0000	0.0000	0.0000	0.0000	0.0000	0.0000	0.0000	0.0000	0.0000	0.0000	0.0000	0.0000	0.0000											
68	80	0.1037	5	1	1	1	1	0	0	0	0	N	N	N	N	N	N	N	N	N	N	N	N	0.0000	0.0000	0.0000	0.0000	0.0000	0.0000	0.0000	0.0000	0.0000	0.0000	0.0000	0.0000	0.0000	0.0000	0.0000	0.0000	0.0000	0.0000	0.0000	0.0000	1.0000	4.0043	0.0000	19.8631	0.0000	0.0000	0.0000	0.0000	0.0000	0.0000	0.0000	0.0000	0.0000	0.0000	0.0000	0.0000	0.0000	0.0000	0.0000	0.0000	0.0000	0.0000	0.0256	0.0217	0.0040	0.0013	0.0012	0.0001	0.0244	0.0205	0.0039	0.0326	0.0187	0.0139	0.0067	0.0058	0.0008	0.0260	0.0129	0.0131	0.0000	0.0000	0.0000	0.0000	0.0000	0.0000	0.0000	0.0000	0.0000	0.0000	0.0000	0.0000	0.0000	0.0000	0.0000	0.0000	0.0000	0.0000											
68	81	0.6442	11	1	2	2	0	0	0	0	0	N	Y	Y	N	N	N	N	N	N	N	N	N	0.0000	0.0000	0.0000	0.0000	0.0000	0.0000	0.0000	0.0000	0.0000	0.0000	0.0000	0.0000	0.0000	0.0000	0.0000	0.0000	0.0000	0.0000	0.0000	0.0000	1.0000	2.0162	0.0000	4.5500	0.0000	0.0000	0.0000	0.0000	0.0000	0.0000	0.0000	0.0000	0.0000	0.0000	0.0000	0.0000	0.0000	0.0000	0.0000	0.0000	0.0000	0.0000	0.0155	0.0135	0.0020	0.0060	0.0056	0.0004	0.0095	0.0079	0.0016	0.0084	0.0058	0.0026	0.0051	0.0042	0.0009	0.0033	0.0016	0.0017	0.0000	0.0000	0.0000	0.0000	0.0000	0.0000	0.0000	0.0000	0.0000	0.0000	0.0000	0.0000	0.0000	0.0000	0.0000	0.0000	0.0000	0.0000											
68	82	0.1079	7	1	2	2	0	0	0	0	0	N	Y	Y	N	N	N	N	N	N	N	N	N	0.0000	0.0000	0.0000	0.0000	0.0000	0.0000	0.0000	0.0000	0.0000	0.0000	0.0000	0.0000	0.0000	0.0000	0.0000	0.0000	0.0000	0.0000	0.0000	0.0000	1.0000	3.0011	0.0000	3.7015	0.0000	0.0000	0.0000	0.0000	0.0000	0.0000	0.0000	0.0000	0.0000	0.0000	0.0000	0.0000	0.0000	0.0000	0.0000	0.0000	0.0000	0.0000	0.0207	0.0175	0.0032	0.0009	0.0008	0.0001	0.0198	0.0167	0.0032	0.0119	0.0070	0.0049	0.0030	0.0026	0.0004	0.0088	0.0044	0.0044	0.0000	0.0000	0.0000	0.0000	0.0000	0.0000	0.0000	0.0000	0.0000	0.0000	0.0000	0.0000	0.0000	0.0000	0.0000	0.0000	0.0000	0.0000											
68	83	0.0965	6	1	2	1	0	0	0	0	0	N	Y	N	N	N	N	N	N	N	N	N	N	0.0000	0.0000	0.0000	0.0000	0.0000	0.0000	0.0000	0.0000	0.0000	0.0000	0.0000	0.0000	0.0000	0.0000	0.0000	0.0000	0.0000	0.0000	0.0000	0.0000	1.0000	2.0032	0.0000	4.2039	0.0000	0.0000	0.0000	0.0000	0.0000	0.0000	0.0000	0.0000	0.0000	0.0000	0.0000	0.0000	0.0000	0.0000	0.0000	0.0000	0.0000	0.0000	0.0139	0.0118	0.0022	0.0005	0.0005	0.0000	0.0134	0.0113	0.0021	0.0148	0.0098	0.0050	0.0047	0.0044	0.0004	0.0101	0.0055	0.0046	0.0000	0.0000	0.0000	0.0000	0.0000	0.0000	0.0000	0.0000	0.0000	0.0000	0.0000	0.0000	0.0000	0.0000	0.0000	0.0000	0.0000	0.0000											
68	84	0.0933	6	2	1	2	0	0	0	0	0	Y	N	Y	N	N	N	N	N	N	N	N	N	0.0000	0.0000	0.0000	0.0000	0.0000	0.0000	0.0000	0.0000	0.0000	0.0000	0.0000	0.0000	0.0000	0.0000	0.0000	0.0000	0.0000	0.0000	0.0000	0.0000	1.0000	1.0052	0.0000	4.9545	0.0000	0.0000	0.0000	0.0000	0.0000	0.0000	0.0000	0.0000	0.0000	0.0000	0.0000	0.0000	0.0000	0.0000	0.0000	0.0000	0.0000	0.0000	0.0071	0.0060	0.0011	0.0004	0.0004	0.0000	0.0067	0.0056	0.0011	0.0096	0.0055	0.0040	0.0022	0.0018	0.0003	0.0074	0.0037	0.0037	0.0000	0.0000	0.0000	0.0000	0.0000	0.0000	0.0000	0.0000	0.0000	0.0000	0.0000	0.0000	0.0000	0.0000	0.0000	0.0000	0.0000	0.0000											
68	85	0.0739	5	2	1	2	0	0	0	0	0	Y	N	Y	N	N	N	N	N	N	N	N	N	0.0000	0.0000	0.0000	0.0000	0.0000	0.0000	0.0000	0.0000	0.0000	0.0000	0.0000	0.0000	0.0000	0.0000	0.0000	0.0000	0.0000	0.0000	0.0000	0.0000	1.0000	0.9968	0.0000	7.6169	0.0000	0.0000	0.0000	0.0000	0.0000	0.0000	0.0000	0.0000	0.0000	0.0000	0.0000	0.0000	0.0000	0.0000	0.0000	0.0000	0.0000	0.0000	0.0070	0.0059	0.0011	0.0002	0.0002	0.0000	0.0068	0.0057	0.0011	0.0157	0.0098	0.0059	0.0040	0.0035	0.0005	0.0117	0.0063	0.0054	0.0000	0.0000	0.0000	0.0000	0.0000	0.0000	0.0000	0.0000	0.0000	0.0000	0.0000	0.0000	0.0000	0.0000	0.0000	0.0000	0.0000	0.0000											
68	86	0.1976	6	2	2	1	0	0	0	0	0	Y	Y	N	N	N	N	N	N	N	N	N	N	0.0000	0.0000	0.0000	0.0000	0.0000	0.0000	0.0000	0.0000	0.0000	0.0000	0.0000	0.0000	0.0000	0.0000	0.0000	0.0000	0.0000	0.0000	0.0000	0.0000	1.0000	5.8060	0.0000	6.1034	0.0000	0.0000	0.0000	0.0000	0.0000	0.0000	0.0000	0.0000	0.0000	0.0000	0.0000	0.0000	0.0000	0.0000	0.0000	0.0000	0.0000	0.0000	0.0480	0.0406	0.0075	0.0064	0.0063	0.0002	0.0416	0.0343	0.0073	0.0301	0.0205	0.0096	0.0130	0.0108	0.0022	0.0171	0.0097	0.0074	0.0000	0.0000	0.0000	0.0000	0.0000	0.0000	0.0000	0.0000	0.0000	0.0000	0.0000	0.0000	0.0000	0.0000	0.0000	0.0000	0.0000	0.0000											
68	87	0.1037	5	2	2	1	0	0	0	0	0	Y	Y	N	N	N	N	N	N	N	N	N	N	0.0000	0.0000	0.0000	0.0000	0.0000	0.0000	0.0000	0.0000	0.0000	0.0000	0.0000	0.0000	0.0000	0.0000	0.0000	0.0000	0.0000	0.0000	0.0000	0.0000	1.0000	12.2869	0.0000	21.7146	0.0000	0.0000	0.0000	0.0000	0.0000	0.0000	0.0000	0.0000	0.0000	0.0000	0.0000	0.0000	0.0000	0.0000	0.0000	0.0000	0.0000	0.0000	0.0756	0.0641	0.0115	0.0037	0.0034	0.0003	0.0719	0.0607	0.0112	0.0432	0.0246	0.0185	0.0083	0.0072	0.0011	0.0348	0.0174	0.0174	0.0000	0.0000	0.0000	0.0000	0.0000	0.0000	0.0000	0.0000	0.0000	0.0000	0.0000	0.0000	0.0000	0.0000	0.0000	0.0000	0.0000	0.0000											
68	88	0.0965	6	1	2	1	0	0	0	0	0	N	Y	N	N	N	N	N	N	N	N	N	N	0.0000	0.0000	0.0000	0.0000	0.0000	0.0000	0.0000	0.0000	0.0000	0.0000	0.0000	0.0000	0.0000	0.0000	0.0000	0.0000	0.0000	0.0000	0.0000	0.0000	1.0000	4.0005	0.0000	9.0093	0.0000	0.0000	0.0000	0.0000	0.0000	0.0000	0.0000	0.0000	0.0000	0.0000	0.0000	0.0000	0.0000	0.0000	0.0000	0.0000	0.0000	0.0000	0.0275	0.0233	0.0043	0.0010	0.0010	0.0001	0.0265	0.0223	0.0042	0.0236	0.0147	0.0089	0.0064	0.0056	0.0008	0.0172	0.0091	0.0081	0.0000	0.0000	0.0000	0.0000	0.0000	0.0000	0.0000	0.0000	0.0000	0.0000	0.0000	0.0000	0.0000	0.0000	0.0000	0.0000	0.0000	0.0000											
68	89	0.0739	5	1	2	1	0	0	0	0	0	N	Y	N	N	N	N	N	N	N	N	N	N	0.0000	0.0000	0.0000	0.0000	0.0000	0.0000	0.0000	0.0000	0.0000	0.0000	0.0000	0.0000	0.0000	0.0000	0.0000	0.0000	0.0000	0.0000	0.0000	0.0000	1.0000	1.0051	0.0000	9.2650	0.0000	0.0000	0.0000	0.0000	0.0000	0.0000	0.0000	0.0000	0.0000	0.0000	0.0000	0.0000	0.0000	0.0000	0.0000	0.0000	0.0000	0.0000	0.0071	0.0060	0.0011	0.0002	0.0002	0.0000	0.0068	0.0057	0.0011	0.0179	0.0110	0.0069	0.0044	0.0038	0.0006	0.0135	0.0072	0.0063	0.0000	0.0000	0.0000	0.0000	0.0000	0.0000	0.0000	0.0000	0.0000	0.0000	0.0000	0.0000	0.0000	0.0000	0.0000	0.0000	0.0000	0.0000											
68	90	0.2261	7	1	1	2	0	0	0	0	0	N	N	Y	N	N	N	N	N	N	N	N	N	0.0000	0.0000	0.0000	0.0000	0.0000	0.0000	0.0000	0.0000	0.0000	0.0000	0.0000	0.0000	0.0000	0.0000	0.0000	0.0000	0.0000	0.0000	0.0000	0.0000	1.0000	2.3559	0.0000	7.1930	0.0000	0.0000	0.0000	0.0000	0.0000	0.0000	0.0000	0.0000	0.0000	0.0000	0.0000	0.0000	0.0000	0.0000	0.0000	0.0000	0.0000	0.0000	0.0179	0.0154	0.0025	0.0048	0.0044	0.0004	0.0131	0.0110	0.0021	0.0162	0.0110	0.0051	0.0067	0.0059	0.0008	0.0095	0.0052	0.0043	0.0000	0.0000	0.0000	0.0000	0.0000	0.0000	0.0000	0.0000	0.0000	0.0000	0.0000	0.0000	0.0000	0.0000	0.0000	0.0000	0.0000	0.0000											
68	91	0.1932	6	1	1	1	0	0	0	0	0	N	N	N	N	N	N	N	N	N	N	N	N	0.0000	0.0000	0.0000	0.0000	0.0000	0.0000	0.0000	0.0000	0.0000	0.0000	0.0000	0.0000	0.0000	0.0000	0.0000	0.0000	0.0000	0.0000	0.0000	0.0000	1.0000	4.9284	0.0000	11.0439	0.0000	0.0000	0.0000	0.0000	0.0000	0.0000	0.0000	0.0000	0.0000	0.0000	0.0000	0.0000	0.0000	0.0000	0.0000	0.0000	0.0000	0.0000	0.0541	0.0474	0.0067	0.0157	0.0152	0.0006	0.0384	0.0323	0.0061	0.0460	0.0326	0.0134	0.0231	0.0204	0.0027	0.0229	0.0122	0.0107	0.0000	0.0000	0.0000	0.0000	0.0000	0.0000	0.0000	0.0000	0.0000	0.0000	0.0000	0.0000	0.0000	0.0000	0.0000	0.0000	0.0000	0.0000											
68	92	0.1037	5	1	1	1	0	0	0	0	0	N	N	N	N	N	N	N	N	N	N	N	N	0.0000	0.0000	0.0000	0.0000	0.0000	0.0000	0.0000	0.0000	0.0000	0.0000	0.0000	0.0000	0.0000	0.0000	0.0000	0.0000	0.0000	0.0000	0.0000	0.0000	1.0000	3.9161	0.0000	29.2065	0.0000	0.0000	0.0000	0.0000	0.0000	0.0000	0.0000	0.0000	0.0000	0.0000	0.0000	0.0000	0.0000	0.0000	0.0000	0.0000	0.0000	0.0000	0.0251	0.0212	0.0039	0.0012	0.0011	0.0001	0.0238	0.0201	0.0038	0.0423	0.0241	0.0181	0.0082	0.0071	0.0011	0.0341	0.0171	0.0170	0.0000	0.0000	0.0000	0.0000	0.0000	0.0000	0.0000	0.0000	0.0000	0.0000	0.0000	0.0000	0.0000	0.0000	0.0000	0.0000	0.0000	0.0000											
68	93	0.6442	11	2	2	1	0	0	0	0	0	Y	Y	N	N	N	N	N	N	N	N	N	N	inf	inf	inf	inf	0.0011	0.0012	0.0000	0.0029	0.0031	0.0000	0.0000	0.0000	0.0000	0.0000	0.0000	0.0000	0.0000	0.0000	0.0000	0.0000	0.0000	0.0000	0.0000	-0.0000	0.0000	1.0000	2.5103	0.0000	7.4742	0.0000	0.0000	0.0000	0.0000	0.0000	0.0000	0.0000	0.0000	0.0000	0.0000	0.0000	0.0000	0.0000	0.0000	0.0000	0.0000	0.0000	0.0000	0.0184	0.0160	0.0024	0.0070	0.0065	0.0005	0.0114	0.0095	0.0019	0.0114	0.0078	0.0036	0.0069	0.0056	0.0013	0.0045	0.0022	0.0023	inf	inf	0.0000	inf	inf	0.0000	0.0000	0.0000	0.0000	0.0000	0.0000	0.0000	0.0000	0.0000	0.0000	0.0000	0.0000	0.0000						
68	94	0.6080	10	1	2	1	0	0	0	0	0	N	Y	N	N	N	N	N	N	N	N	N	N	inf	inf	inf	inf	0.0003	0.0004	0.0000	0.0000	0.0000	0.0000	0.0005	0.0006	0.0000	0.0000	0.0000	0.0000	0.0000	0.0000	0.0000	0.0000	0.0000	0.0000	0.0000	-0.0000	0.0000	1.0000	7.1305	0.0000	3.2426	0.0000	0.0000	0.0000	0.0000	0.0000	0.0000	0.0000	0.0000	0.0000	0.0000	0.0000	0.0000	0.0000	0.0000	0.0000	0.0000	0.0000	0.0000	0.0585	0.0515	0.0070	0.0207	0.0195	0.0011	0.0379	0.0320	0.0059	0.0135	0.0094	0.0041	0.0086	0.0069	0.0017	0.0050	0.0026	0.0024	inf	inf	0.0000	0.0000	0.0000	0.0000	inf	inf	0.0000	0.0000	0.0000	0.0000	0.0000	0.0000	0.0000	0.0000	0.0000	0.0000						
68	95	0.0739	5	2	2	1	0	0	0	0	0	Y	Y	N	N	N	N	N	N	N	N	N	N	0.0000	0.0000	0.0000	0.0000	0.0000	0.0000	0.0000	0.0000	0.0000	0.0000	0.0000	0.0000	0.0000	0.0000	0.0000	0.0000	0.0000	0.0000	0.0000	0.0000	1.0000	8.0000	0.0000	22.5660	0.0000	0.0000	0.0000	0.0000	0.0000	0.0000	0.0000	0.0000	0.0000	0.0000	0.0000	0.0000	0.0000	0.0000	0.0000	0.0000	0.0000	0.0000	0.0542	0.0458	0.0084	0.0017	0.0016	0.0001	0.0525	0.0442	0.0083	0.0423	0.0245	0.0178	0.0084	0.0068	0.0016	0.0338	0.0177	0.0162	0.0000	0.0000	0.0000	0.0000	0.0000	0.0000	0.0000	0.0000	0.0000	0.0000	0.0000	0.0000	0.0000	0.0000	0.0000	0.0000	0.0000	0.0000											
68	96	0.1037	5	1	1	1	0	0	0	0	0	N	N	N	N	N	N	N	N	N	N	N	N	0.0000	0.0000	0.0000	0.0000	0.0000	0.0000	0.0000	0.0000	0.0000	0.0000	0.0000	0.0000	0.0000	0.0000	0.0000	0.0000	0.0000	0.0000	0.0000	0.0000	1.0000	11.9964	0.0000	18.8414	0.0000	0.0000	0.0000	0.0000	0.0000	0.0000	0.0000	0.0000	0.0000	0.0000	0.0000	0.0000	0.0000	0.0000	0.0000	0.0000	0.0000	0.0000	0.0739	0.0627	0.0113	0.0036	0.0033	0.0003	0.0703	0.0594	0.0110	0.0400	0.0228	0.0171	0.0078	0.0068	0.0011	0.0321	0.0161	0.0161	0.0000	0.0000	0.0000	0.0000	0.0000	0.0000	0.0000	0.0000	0.0000	0.0000	0.0000	0.0000	0.0000	0.0000	0.0000	0.0000	0.0000	0.0000											
68	98	0.1044	7	2	2	2	0	0	0	0	0	Y	Y	Y	N	N	N	N	N	N	N	N	N	0.0000	0.0000	0.0000	0.0000	0.0000	0.0000	0.0000	0.0000	0.0000	0.0000	0.0000	0.0000	0.0000	0.0000	0.0000	0.0000	0.0000	0.0000	0.0000	0.0000	1.0000	0.9502	0.0000	16.1595	0.0000	0.0000	0.0000	0.0000	0.0000	0.0000	0.0000	0.0000	0.0000	0.0000	0.0000	0.0000	0.0000	0.0000	0.0000	0.0000	0.0000	0.0000	0.0079	0.0068	0.0011	0.0012	0.0012	0.0001	0.0067	0.0056	0.0011	0.0239	0.0142	0.0097	0.0060	0.0050	0.0010	0.0179	0.0092	0.0088	0.0000	0.0000	0.0000	0.0000	0.0000	0.0000	0.0000	0.0000	0.0000	0.0000	0.0000	0.0000	0.0000	0.0000	0.0000	0.0000	0.0000	0.0000											
68	99	0.1037	5	1	2	1	0	0	0	0	0	N	Y	N	N	N	N	N	N	N	N	N	N	0.0000	0.0000	0.0000	0.0000	0.0000	0.0000	0.0000	0.0000	0.0000	0.0000	0.0000	0.0000	0.0000	0.0000	0.0000	0.0000	0.0000	0.0000	0.0000	0.0000	1.0000	11.9964	0.0000	15.6499	0.0000	0.0000	0.0000	0.0000	0.0000	0.0000	0.0000	0.0000	0.0000	0.0000	0.0000	0.0000	0.0000	0.0000	0.0000	0.0000	0.0000	0.0000	0.0739	0.0627	0.0113	0.0036	0.0033	0.0003	0.0703	0.0594	0.0110	0.0367	0.0210	0.0157	0.0073	0.0064	0.0010	0.0294	0.0146	0.0147	0.0000	0.0000	0.0000	0.0000	0.0000	0.0000	0.0000	0.0000	0.0000	0.0000	0.0000	0.0000	0.0000	0.0000	0.0000	0.0000	0.0000	0.0000											
68	100	0.1074	8	2	1	2	0	0	0	0	0	Y	N	Y	N	N	N	N	N	N	N	N	N	0.0000	0.0000	0.0000	0.0000	0.0000	0.0000	0.0000	0.0000	0.0000	0.0000	0.0000	0.0000	0.0000	0.0000	0.0000	0.0000	0.0000	0.0000	0.0000	0.0000	1.0000	1.0008	0.0000	13.9255	0.0000	0.0000	0.0000	0.0000	0.0000	0.0000	0.0000	0.0000	0.0000	0.0000	0.0000	0.0000	0.0000	0.0000	0.0000	0.0000	0.0000	0.0000	0.0071	0.0060	0.0011	0.0007	0.0006	0.0001	0.0064	0.0054	0.0010	0.0205	0.0120	0.0085	0.0051	0.0042	0.0009	0.0154	0.0078	0.0077	0.0000	0.0000	0.0000	0.0000	0.0000	0.0000	0.0000	0.0000	0.0000	0.0000	0.0000	0.0000	0.0000	0.0000	0.0000	0.0000	0.0000	0.0000											
68	101	0.1044	7	2	1	2	0	0	0	0	0	Y	N	Y	N	N	N	N	N	N	N	N	N	0.0000	0.0000	0.0000	0.0000	0.0000	0.0000	0.0000	0.0000	0.0000	0.0000	0.0000	0.0000	0.0000	0.0000	0.0000	0.0000	0.0000	0.0000	0.0000	0.0000	1.0000	0.0532	0.0000	2.0467	0.0000	0.0000	0.0000	0.0000	0.0000	0.0000	0.0000	0.0000	0.0000	0.0000	0.0000	0.0000	0.0000	0.0000	0.0000	0.0000	0.0000	0.0000	0.0016	0.0014	0.0002	0.0006	0.0006	0.0000	0.0009	0.0008	0.0002	0.0061	0.0040	0.0020	0.0023	0.0021	0.0001	0.0038	0.0019	0.0019	0.0000	0.0000	0.0000	0.0000	0.0000	0.0000	0.0000	0.0000	0.0000	0.0000	0.0000	0.0000	0.0000	0.0000	0.0000	0.0000	0.0000	0.0000											
68	102	0.0947	6	2	1	2	0	0	0	0	0	Y	N	Y	N	N	N	N	N	N	N	N	N	0.0000	0.0000	0.0000	0.0000	0.0000	0.0000	0.0000	0.0000	0.0000	0.0000	0.0000	0.0000	0.0000	0.0000	0.0000	0.0000	0.0000	0.0000	0.0000	0.0000	1.0000	2.0948	0.0000	3.0326	0.0000	0.0000	0.0000	0.0000	0.0000	0.0000	0.0000	0.0000	0.0000	0.0000	0.0000	0.0000	0.0000	0.0000	0.0000	0.0000	0.0000	0.0000	0.0159	0.0135	0.0024	0.0020	0.0019	0.0001	0.0139	0.0117	0.0022	0.0101	0.0065	0.0036	0.0029	0.0027	0.0003	0.0072	0.0038	0.0034	0.0000	0.0000	0.0000	0.0000	0.0000	0.0000	0.0000	0.0000	0.0000	0.0000	0.0000	0.0000	0.0000	0.0000	0.0000	0.0000	0.0000	0.0000											
68	103	0.0739	5	2	1	2	0	0	0	0	0	Y	N	Y	N	N	N	N	N	N	N	N	N	0.0000	0.0000	0.0000	0.0000	0.0000	0.0000	0.0000	0.0000	0.0000	0.0000	0.0000	0.0000	0.0000	0.0000	0.0000	0.0000	0.0000	0.0000	0.0000	0.0000	1.0000	3.9484	0.0000	4.8420	0.0000	0.0000	0.0000	0.0000	0.0000	0.0000	0.0000	0.0000	0.0000	0.0000	0.0000	0.0000	0.0000	0.0000	0.0000	0.0000	0.0000	0.0000	0.0273	0.0230	0.0043	0.0009	0.0008	0.0001	0.0264	0.0222	0.0042	0.0159	0.0099	0.0060	0.0040	0.0035	0.0005	0.0119	0.0064	0.0055	0.0000	0.0000	0.0000	0.0000	0.0000	0.0000	0.0000	0.0000	0.0000	0.0000	0.0000	0.0000	0.0000	0.0000	0.0000	0.0000	0.0000	0.0000											
68	104	0.1360	6	1	2	1	0	0	0	0	0	N	Y	N	N	N	N	N	N	N	N	N	N	0.0000	0.0000	0.0000	0.0000	0.0000	0.0000	0.0000	0.0000	0.0000	0.0000	0.0000	0.0000	0.0000	0.0000	0.0000	0.0000	0.0000	0.0000	0.0000	0.0000	1.0000	8.9557	0.0000	32.3127	0.0000	0.0000	0.0000	0.0000	0.0000	0.0000	0.0000	0.0000	0.0000	0.0000	0.0000	0.0000	0.0000	0.0000	0.0000	0.0000	0.0000	0.0000	0.0686	0.0589	0.0096	0.0093	0.0089	0.0004	0.0593	0.0501	0.0092	0.0521	0.0303	0.0217	0.0122	0.0102	0.0021	0.0399	0.0202	0.0197	0.0000	0.0000	0.0000	0.0000	0.0000	0.0000	0.0000	0.0000	0.0000	0.0000	0.0000	0.0000	0.0000	0.0000	0.0000	0.0000	0.0000	0.0000											
68	105	0.1615	7	1	1	2	0	0	0	0	0	N	N	Y	N	N	N	N	N	N	N	N	N	0.0000	0.0000	0.0000	0.0000	0.0000	0.0000	0.0000	0.0000	0.0000	0.0000	0.0000	0.0000	0.0000	0.0000	0.0000	0.0000	0.0000	0.0000	0.0000	0.0000	1.0000	4.2679	0.0000	7.8415	0.0000	0.0000	0.0000	0.0000	0.0000	0.0000	0.0000	0.0000	0.0000	0.0000	0.0000	0.0000	0.0000	0.0000	0.0000	0.0000	0.0000	0.0000	0.0329	0.0276	0.0053	0.0039	0.0037	0.0002	0.0290	0.0239	0.0051	0.0175	0.0103	0.0072	0.0048	0.0039	0.0008	0.0127	0.0063	0.0064	0.0000	0.0000	0.0000	0.0000	0.0000	0.0000	0.0000	0.0000	0.0000	0.0000	0.0000	0.0000	0.0000	0.0000	0.0000	0.0000	0.0000	0.0000											
68	106	0.1360	6	1	1	1	0	0	0	0	0	N	N	N	N	N	N	N	N	N	N	N	N	0.0000	0.0000	0.0000	0.0000	0.0000	0.0000	0.0000	0.0000	0.0000	0.0000	0.0000	0.0000	0.0000	0.0000	0.0000	0.0000	0.0000	0.0000	0.0000	0.0000	1.0000	1.9301	0.0000	9.0954	0.0000	0.0000	0.0000	0.0000	0.0000	0.0000	0.0000	0.0000	0.0000	0.0000	0.0000	0.0000	0.0000	0.0000	0.0000	0.0000	0.0000	0.0000	0.0227	0.0202	0.0025	0.0064	0.0062	0.0001	0.0163	0.0139	0.0024	0.0204	0.0126	0.0079	0.0066	0.0057	0.0009	0.0138	0.0069	0.0070	0.0000	0.0000	0.0000	0.0000	0.0000	0.0000	0.0000	0.0000	0.0000	0.0000	0.0000	0.0000	0.0000	0.0000	0.0000	0.0000	0.0000	0.0000											
68	107	0.1037	5	1	1	1	0	0	0	0	0	N	N	N	N	N	N	N	N	N	N	N	N	0.0000	0.0000	0.0000	0.0000	0.0000	0.0000	0.0000	0.0000	0.0000	0.0000	0.0000	0.0000	0.0000	0.0000	0.0000	0.0000	0.0000	0.0000	0.0000	0.0000	1.0000	3.9049	0.0000	9.6098	0.0000	0.0000	0.0000	0.0000	0.0000	0.0000	0.0000	0.0000	0.0000	0.0000	0.0000	0.0000	0.0000	0.0000	0.0000	0.0000	0.0000	0.0000	0.0250	0.0212	0.0039	0.0012	0.0011	0.0001	0.0238	0.0200	0.0038	0.0209	0.0121	0.0088	0.0048	0.0043	0.0005	0.0161	0.0079	0.0083	0.0000	0.0000	0.0000	0.0000	0.0000	0.0000	0.0000	0.0000	0.0000	0.0000	0.0000	0.0000	0.0000	0.0000	0.0000	0.0000	0.0000	0.0000											
68	108	0.1249	7	1	2	1	0	0	0	0	0	N	Y	N	N	N	N	N	N	N	N	N	N	0.0000	0.0000	0.0000	0.0000	0.0000	0.0000	0.0000	0.0000	0.0000	0.0000	0.0000	0.0000	0.0000	0.0000	0.0000	0.0000	0.0000	0.0000	0.0000	0.0000	1.0000	8.0392	0.0000	22.6195	0.0000	0.0000	0.0000	0.0000	0.0000	0.0000	0.0000	0.0000	0.0000	0.0000	0.0000	0.0000	0.0000	0.0000	0.0000	0.0000	0.0000	0.0000	0.0545	0.0463	0.0083	0.0054	0.0050	0.0004	0.0491	0.0413	0.0079	0.0424	0.0257	0.0167	0.0103	0.0091	0.0012	0.0321	0.0166	0.0155	0.0000	0.0000	0.0000	0.0000	0.0000	0.0000	0.0000	0.0000	0.0000	0.0000	0.0000	0.0000	0.0000	0.0000	0.0000	0.0000	0.0000	0.0000											
68	109	0.1249	6	1	1	1	0	0	0	0	0	N	N	N	N	N	N	N	N	N	N	N	N	0.0000	0.0000	0.0000	0.0000	0.0000	0.0000	0.0000	0.0000	0.0000	0.0000	0.0000	0.0000	0.0000	0.0000	0.0000	0.0000	0.0000	0.0000	0.0000	0.0000	1.0000	0.2031	0.0000	2.0398	0.0000	0.0000	0.0000	0.0000	0.0000	0.0000	0.0000	0.0000	0.0000	0.0000	0.0000	0.0000	0.0000	0.0000	0.0000	0.0000	0.0000	0.0000	0.0035	0.0029	0.0006	0.0012	0.0012	0.0000	0.0023	0.0017	0.0006	0.0102	0.0076	0.0026	0.0043	0.0041	0.0002	0.0059	0.0035	0.0024	0.0000	0.0000	0.0000	0.0000	0.0000	0.0000	0.0000	0.0000	0.0000	0.0000	0.0000	0.0000	0.0000	0.0000	0.0000	0.0000	0.0000	0.0000											
68	110	0.7054	12	2	1	2	0	0	0	0	0	Y	N	Y	N	N	N	N	N	N	N	N	N	0.0000	0.0000	0.0000	0.0000	0.0000	0.0000	0.0000	0.0000	0.0000	0.0000	0.0000	0.0000	0.0000	0.0000	0.0000	0.0000	0.0000	0.0000	0.0000	0.0000	1.0000	0.0001	0.0000	0.0001	0.0000	0.0000	0.0000	0.0000	0.0000	0.0000	0.0000	0.0000	0.0000	0.0000	0.0000	0.0000	0.0000	0.0000	0.0000	0.0000	0.0000	0.0000	0.0007	0.0005	0.0001	0.0003	0.0003	0.0000	0.0003	0.0002	0.0001	0.0000	0.0000	0.0000	0.0000	0.0000	0.0000	0.0000	0.0000	0.0000	0.0000	0.0000	0.0000	0.0000	0.0000	0.0000	0.0000	0.0000	0.0000	0.0000	0.0000	0.0000	0.0000	0.0000	0.0000	0.0000	0.0000	0.0000											
68	111	0.6915	11	2	1	2	0	0	0	0	0	Y	N	Y	N	N	N	N	N	N	N	N	N	0.0000	0.0000	0.0000	0.0000	0.0000	0.0000	0.0000	0.0000	0.0000	0.0000	0.0000	0.0000	0.0000	0.0000	0.0000	0.0000	0.0000	0.0000	0.0000	0.0000	1.0000	1.6718	0.0000	2.9223	0.0000	0.0000	0.0000	0.0000	0.0000	0.0000	0.0000	0.0000	0.0000	0.0000	0.0000	0.0000	0.0000	0.0000	0.0000	0.0000	0.0000	0.0000	0.0122	0.0106	0.0016	0.0034	0.0032	0.0002	0.0089	0.0074	0.0014	0.0067	0.0047	0.0020	0.0047	0.0037	0.0010	0.0020	0.0010	0.0010	0.0000	0.0000	0.0000	0.0000	0.0000	0.0000	0.0000	0.0000	0.0000	0.0000	0.0000	0.0000	0.0000	0.0000	0.0000	0.0000	0.0000	0.0000											
68	112	0.6080	10	2	1	2	0	0	0	0	0	Y	N	Y	N	N	N	N	N	N	N	N	N	0.0000	0.0000	0.0000	0.0000	0.0000	0.0000	0.0000	0.0000	0.0000	0.0000	0.0000	0.0000	0.0000	0.0000	0.0000	0.0000	0.0000	0.0000	0.0000	0.0000	1.0000	14.0283	0.0000	7.1084	0.0000	0.0000	0.0000	0.0000	0.0000	0.0000	0.0000	0.0000	0.0000	0.0000	0.0000	0.0000	0.0000	0.0000	0.0000	0.0000	0.0000	0.0000	0.0945	0.0828	0.0117	0.0296	0.0278	0.0018	0.0649	0.0550	0.0099	0.0227	0.0156	0.0071	0.0138	0.0110	0.0028	0.0088	0.0046	0.0042	0.0000	0.0000	0.0000	0.0000	0.0000	0.0000	0.0000	0.0000	0.0000	0.0000	0.0000	0.0000	0.0000	0.0000	0.0000	0.0000	0.0000	0.0000											
68	113	0.5477	9	1	1	1	0	0	0	0	0	N	N	N	N	N	N	N	N	N	N	N	N	inf	inf	inf	inf	0.0001	0.0001	0.0000	0.0004	0.0004	0.0000	0.0000	0.0000	0.0000	0.0000	0.0000	0.0000	0.0000	0.0000	0.0000	0.0000	0.0000	0.0000	0.0000	-0.0000	0.0000	1.0000	8.6129	0.0000	5.1709	0.0000	0.0000	0.0000	0.0000	0.0000	0.0000	0.0000	0.0000	0.0000	0.0000	0.0000	0.0000	0.0000	0.0000	0.0000	0.0000	0.0000	0.0000	0.0770	0.0681	0.0089	0.0256	0.0243	0.0013	0.0514	0.0438	0.0076	0.0254	0.0181	0.0073	0.0135	0.0116	0.0020	0.0119	0.0066	0.0053	inf	inf	0.0000	inf	inf	0.0000	0.0000	0.0000	0.0000	0.0000	0.0000	0.0000	0.0000	0.0000	0.0000	0.0000	0.0000	0.0000						
68	114	0.4526	8	1	1	1	0	0	0	0	0	N	N	N	N	N	N	N	N	N	N	N	N	inf	inf	inf	inf	inf	inf	inf	inf	0.1864	0.2152	0.0006	0.7473	0.8150	0.0000	0.0001	0.0000	0.0008	0.0000	0.0000	0.0000	0.0000	0.0000	0.0000	0.0000	0.0000	0.0000	0.0005	-0.0094	0.0000	1.0000	16.8607	0.0000	22.7724	0.0213	0.0212	0.0000	0.0212	0.0212	0.0000	0.0000	0.0000	0.0000	0.0000	0.0000	0.0000	0.0000	0.0000	0.0000	0.0000	0.0000	0.0000	0.1141	0.0988	0.0153	0.0284	0.0261	0.0024	0.0856	0.0727	0.0129	0.0516	0.0345	0.0171	0.0258	0.0209	0.0048	0.0258	0.0136	0.0123	inf	inf	inf	inf	inf	inf	inf	0.0000	inf	0.0000	0.0000	0.0000	0.0000	0.0000	0.0000	0.0000	0.0000	0.0000		
68	115	0.0235	3	2	1	2	0	0	0	0	0	Y	N	Y	N	N	N	N	N	N	N	N	N	0.0000	0.0000	0.0000	0.0000	0.0000	0.0000	0.0000	0.0000	0.0000	0.0000	0.0000	0.0000	0.0000	0.0000	0.0000	0.0000	0.0000	0.0000	0.0000	0.0000	1.0000	1.0009	0.0000	4.0038	0.0000	0.0000	0.0000	0.0000	0.0000	0.0000	0.0000	0.0000	0.0000	0.0000	0.0000	0.0000	0.0000	0.0000	0.0000	0.0000	0.0000	0.0000	0.0074	0.0062	0.0011	0.0002	0.0002	0.0000	0.0071	0.0060	0.0011	0.0122	0.0074	0.0048	0.0031	0.0030	0.0002	0.0091	0.0045	0.0046	0.0000	0.0000	0.0000	0.0000	0.0000	0.0000	0.0000	0.0000	0.0000	0.0000	0.0000	0.0000	0.0000	0.0000	0.0000	0.0000	0.0000	0.0000											
68	117	0.3399	6	1	2	1	1	0	0	0	0	N	Y	N	N	N	N	N	N	N	N	N	N	inf	inf	inf	inf	0.0087	0.0099	0.0000	0.0338	0.0355	0.0000	0.0000	0.0000	0.0000	0.0000	0.0000	0.0000	0.0000	0.0000	0.0000	0.0000	0.0000	0.0000	0.0000	-0.0003	0.0000	1.0000	10.5071	0.0000	20.2622	0.0007	0.0007	0.0000	0.0007	0.0007	0.0000	0.0000	0.0000	0.0000	0.0000	0.0000	0.0000	0.0000	0.0000	0.0000	0.0000	0.0000	0.0000	0.0855	0.0749	0.0106	0.0219	0.0208	0.0011	0.0636	0.0541	0.0095	0.0589	0.0406	0.0183	0.0298	0.0254	0.0044	0.0290	0.0151	0.0139	inf	inf	0.0000	inf	inf	0.0000	0.0000	0.0000	0.0000	0.0000	0.0000	0.0000	0.0000	0.0000	0.0000	0.0000	0.0000	0.0000						
68	118	0.1037	5	1	2	1	1	0	0	0	0	N	Y	N	N	N	N	N	N	N	N	N	N	0.0000	0.0000	0.0000	0.0000	0.0000	0.0000	0.0000	0.0000	0.0000	0.0000	0.0000	0.0000	0.0000	0.0000	0.0000	0.0000	0.0000	0.0000	0.0000	0.0000	1.0000	4.0036	0.0000	26.5072	0.0000	0.0000	0.0000	0.0000	0.0000	0.0000	0.0000	0.0000	0.0000	0.0000	0.0000	0.0000	0.0000	0.0000	0.0000	0.0000	0.0000	0.0000	0.0256	0.0216	0.0039	0.0013	0.0012	0.0001	0.0243	0.0205	0.0039	0.0396	0.0226	0.0170	0.0078	0.0067	0.0010	0.0318	0.0159	0.0159	0.0000	0.0000	0.0000	0.0000	0.0000	0.0000	0.0000	0.0000	0.0000	0.0000	0.0000	0.0000	0.0000	0.0000	0.0000	0.0000	0.0000	0.0000											
68	119	0.1421	6	1	2	1	0	0	0	0	0	N	Y	N	N	N	N	N	N	N	N	N	N	0.0000	0.0000	0.0000	0.0000	0.0000	0.0000	0.0000	0.0000	0.0000	0.0000	0.0000	0.0000	0.0000	0.0000	0.0000	0.0000	0.0000	0.0000	0.0000	0.0000	1.0000	3.8169	0.0000	21.2433	0.0000	0.0000	0.0000	0.0000	0.0000	0.0000	0.0000	0.0000	0.0000	0.0000	0.0000	0.0000	0.0000	0.0000	0.0000	0.0000	0.0000	0.0000	0.0363	0.0313	0.0050	0.0076	0.0073	0.0003	0.0287	0.0240	0.0047	0.0376	0.0221	0.0155	0.0070	0.0062	0.0008	0.0306	0.0159	0.0147	0.0000	0.0000	0.0000	0.0000	0.0000	0.0000	0.0000	0.0000	0.0000	0.0000	0.0000	0.0000	0.0000	0.0000	0.0000	0.0000	0.0000	0.0000											
68	120	0.4878	10	1	2	1	0	0	0	0	0	N	Y	N	N	N	N	N	N	N	N	N	N	inf	inf	inf	inf	inf	inf	1.9692	2.2534	0.0000	0.0102	0.0108	0.0000	2.7504	3.2533	0.0000	0.0000	0.0000	0.0000	0.0000	0.0000	0.0000	0.0000	0.0000	0.0000	0.0000	-0.1074	0.0000	1.0000	16.3276	0.0000	34.9199	0.2434	0.2434	0.0000	0.0004	0.0004	0.0000	0.2430	0.2430	0.0000	0.0000	0.0000	0.0000	0.0000	0.0000	0.0000	0.0000	0.0000	0.0000	0.1236	0.1080	0.0156	0.0352	0.0333	0.0019	0.0884	0.0747	0.0137	0.0762	0.0523	0.0240	0.0409	0.0333	0.0076	0.0354	0.0190	0.0164	inf	inf	0.0000	inf	inf	0.0000	inf	inf	0.0000	0.0000	0.0000	0.0000	0.0000	0.0000	0.0000	0.0000	0.0000	0.0000				
68	121	0.4705	9	1	2	1	0	0	0	0	0	N	Y	N	N	N	N	N	N	N	N	N	N	inf	inf	inf	inf	inf	inf	inf	inf	inf	7.5029	8.6370	0.0340	14.0940	14.8418	0.2481	5.1046	6.0834	0.0092	0.0000	0.0000	0.0000	0.0000	0.0000	0.0000	0.0000	0.0000	0.0000	0.0006	-0.1623	0.0000	1.0000	6.1757	0.0000	14.5601	0.3684	0.3681	0.0002	0.1846	0.1844	0.0002	0.1837	0.1837	0.0001	0.0000	0.0000	0.0000	0.0000	0.0000	0.0000	0.0000	0.0000	0.0000	0.0491	0.0426	0.0065	0.0131	0.0124	0.0007	0.0360	0.0302	0.0058	0.0505	0.0358	0.0148	0.0284	0.0237	0.0047	0.0221	0.0121	0.0101	inf	inf	inf	inf	inf	inf	inf	inf	inf	0.0000	0.0000	0.0000	0.0000	0.0000	0.0000	0.0000	0.0000	0.0000	
68	122	0.4175	8	1	1	1	0	0	0	0	0	N	N	N	N	N	N	N	N	N	N	N	N	inf	inf	inf	inf	inf	inf	inf	inf	inf	9.5371	10.9514	0.0306	10.1746	10.8404	0.0843	9.2618	11.0048	0.0216	0.0000	0.0000	0.0000	0.0000	0.0000	0.0000	0.0000	0.0000	0.0000	0.0004	-0.2665	0.0000	1.0000	7.5400	0.0000	21.4192	0.6048	0.6045	0.0003	0.1946	0.1945	0.0001	0.4102	0.4100	0.0002	0.0000	0.0000	0.0000	0.0000	0.0000	0.0000	0.0000	0.0000	0.0000	0.0634	0.0552	0.0082	0.0191	0.0179	0.0012	0.0443	0.0373	0.0070	0.0558	0.0391	0.0167	0.0276	0.0236	0.0040	0.0281	0.0154	0.0127	inf	inf	inf	inf	inf	inf	inf	inf	inf	0.0000	0.0000	0.0000	0.0000	0.0000	0.0000	0.0000	0.0000	0.0000	
68	123	0.0739	5	1	2	1	0	0	0	0	0	N	Y	N	N	N	N	N	N	N	N	N	N	0.0000	0.0000	0.0000	0.0000	0.0000	0.0000	0.0000	0.0000	0.0000	0.0000	0.0000	0.0000	0.0000	0.0000	0.0000	0.0000	0.0000	0.0000	0.0000	0.0000	1.0000	4.0019	0.0000	19.5615	0.0000	0.0000	0.0000	0.0000	0.0000	0.0000	0.0000	0.0000	0.0000	0.0000	0.0000	0.0000	0.0000	0.0000	0.0000	0.0000	0.0000	0.0000	0.0276	0.0233	0.0043	0.0009	0.0008	0.0001	0.0267	0.0225	0.0043	0.0343	0.0201	0.0143	0.0071	0.0059	0.0013	0.0272	0.0142	0.0130	0.0000	0.0000	0.0000	0.0000	0.0000	0.0000	0.0000	0.0000	0.0000	0.0000	0.0000	0.0000	0.0000	0.0000	0.0000	0.0000	0.0000	0.0000											
68	124	0.0518	4	1	1	1	0	0	0	0	0	N	N	N	N	N	N	N	N	N	N	N	N	0.0000	0.0000	0.0000	0.0000	0.0000	0.0000	0.0000	0.0000	0.0000	0.0000	0.0000	0.0000	0.0000	0.0000	0.0000	0.0000	0.0000	0.0000	0.0000	0.0000	1.0000	1.2223	0.0000	8.2281	0.0000	0.0000	0.0000	0.0000	0.0000	0.0000	0.0000	0.0000	0.0000	0.0000	0.0000	0.0000	0.0000	0.0000	0.0000	0.0000	0.0000	0.0000	0.0123	0.0105	0.0018	0.0022	0.0022	0.0001	0.0101	0.0083	0.0017	0.0167	0.0099	0.0069	0.0030	0.0028	0.0002	0.0137	0.0071	0.0066	0.0000	0.0000	0.0000	0.0000	0.0000	0.0000	0.0000	0.0000	0.0000	0.0000	0.0000	0.0000	0.0000	0.0000	0.0000	0.0000	0.0000	0.0000											
68	126	0.1408	7	1	2	1	0	0	0	0	0	N	Y	N	N	N	N	N	N	N	N	N	N	0.0000	0.0000	0.0000	0.0000	0.0000	0.0000	0.0000	0.0000	0.0000	0.0000	0.0000	0.0000	0.0000	0.0000	0.0000	0.0000	0.0000	0.0000	0.0000	0.0000	1.0000	5.0407	0.0000	17.1705	0.0000	0.0000	0.0000	0.0000	0.0000	0.0000	0.0000	0.0000	0.0000	0.0000	0.0000	0.0000	0.0000	0.0000	0.0000	0.0000	0.0000	0.0000	0.0358	0.0302	0.0056	0.0036	0.0034	0.0002	0.0322	0.0268	0.0054	0.0333	0.0204	0.0129	0.0091	0.0079	0.0011	0.0243	0.0124	0.0118	0.0000	0.0000	0.0000	0.0000	0.0000	0.0000	0.0000	0.0000	0.0000	0.0000	0.0000	0.0000	0.0000	0.0000	0.0000	0.0000	0.0000	0.0000											
68	127	0.1249	6	1	2	1	0	0	0	0	0	N	Y	N	N	N	N	N	N	N	N	N	N	0.0000	0.0000	0.0000	0.0000	0.0000	0.0000	0.0000	0.0000	0.0000	0.0000	0.0000	0.0000	0.0000	0.0000	0.0000	0.0000	0.0000	0.0000	0.0000	0.0000	1.0000	1.9703	0.0000	6.2034	0.0000	0.0000	0.0000	0.0000	0.0000	0.0000	0.0000	0.0000	0.0000	0.0000	0.0000	0.0000	0.0000	0.0000	0.0000	0.0000	0.0000	0.0000	0.0153	0.0129	0.0024	0.0021	0.0020	0.0001	0.0132	0.0109	0.0023	0.0176	0.0117	0.0058	0.0057	0.0053	0.0004	0.0119	0.0065	0.0054	0.0000	0.0000	0.0000	0.0000	0.0000	0.0000	0.0000	0.0000	0.0000	0.0000	0.0000	0.0000	0.0000	0.0000	0.0000	0.0000	0.0000	0.0000											
68	128	0.1037	5	1	1	1	0	0	0	0	0	N	N	N	N	N	N	N	N	N	N	N	N	0.0000	0.0000	0.0000	0.0000	0.0000	0.0000	0.0000	0.0000	0.0000	0.0000	0.0000	0.0000	0.0000	0.0000	0.0000	0.0000	0.0000	0.0000	0.0000	0.0000	1.0000	1.1032	0.0000	7.8190	0.0000	0.0000	0.0000	0.0000	0.0000	0.0000	0.0000	0.0000	0.0000	0.0000	0.0000	0.0000	0.0000	0.0000	0.0000	0.0000	0.0000	0.0000	0.0072	0.0061	0.0011	0.0004	0.0004	0.0000	0.0068	0.0057	0.0011	0.0154	0.0091	0.0063	0.0039	0.0035	0.0003	0.0115	0.0055	0.0060	0.0000	0.0000	0.0000	0.0000	0.0000	0.0000	0.0000	0.0000	0.0000	0.0000	0.0000	0.0000	0.0000	0.0000	0.0000	0.0000	0.0000	0.0000											
68	129	0.4468	9	1	2	1	0	0	0	0	0	N	Y	N	N	N	N	N	N	N	N	N	N	0.0000	0.0000	0.0000	0.0000	0.0000	0.0000	0.0000	0.0000	0.0000	0.0000	0.0000	0.0000	0.0000	0.0000	0.0000	0.0000	0.0000	0.0000	0.0000	0.0000	1.0000	1.0033	0.0000	0.8635	0.0000	0.0000	0.0000	0.0000	0.0000	0.0000	0.0000	0.0000	0.0000	0.0000	0.0000	0.0000	0.0000	0.0000	0.0000	0.0000	0.0000	0.0000	0.0219	0.0199	0.0020	0.0120	0.0114	0.0006	0.0099	0.0085	0.0014	0.0187	0.0145	0.0042	0.0103	0.0097	0.0007	0.0084	0.0048	0.0035	0.0000	0.0000	0.0000	0.0000	0.0000	0.0000	0.0000	0.0000	0.0000	0.0000	0.0000	0.0000	0.0000	0.0000	0.0000	0.0000	0.0000	0.0000											
68	130	0.4175	8	1	1	1	0	0	0	0	0	N	N	N	N	N	N	N	N	N	N	N	N	inf	inf	inf	inf	inf	inf	inf	inf	inf	12.7839	8.5471	41.7460	19.7362	14.1951	106.6568	9.3484	5.4197	29.8115	0.0000	0.0000	0.0000	0.0000	0.0000	0.0000	0.0000	0.0000	0.0000	0.7145	-0.0159	0.0000	1.0000	5.5514	0.0000	9.9598	0.6538	0.3813	0.2725	0.3338	0.2257	0.1081	0.3200	0.1556	0.1644	0.0000	0.0000	0.0000	0.0000	0.0000	0.0000	0.0000	0.0000	0.0000	0.0511	0.0446	0.0065	0.0169	0.0159	0.0010	0.0342	0.0287	0.0055	0.0443	0.0320	0.0122	0.0232	0.0202	0.0029	0.0211	0.0118	0.0093	inf	inf	inf	inf	inf	inf	inf	inf	inf	0.0000	0.0000	0.0000	0.0000	0.0000	0.0000	0.0000	0.0000	0.0000	
68	131	0.3871	7	1	1	1	0	0	0	0	0	N	N	N	N	N	N	N	N	N	N	N	N	inf	inf	inf	inf	inf	inf	inf	inf	inf	6.3286	5.6996	10.6140	0.9590	0.9964	0.3210	8.1723	7.5008	11.8913	0.0000	0.0000	0.0000	0.0000	0.0000	0.0000	0.0000	0.0000	0.0000	0.2733	-0.1057	0.0000	1.0000	9.1969	0.0000	13.4651	0.4668	0.3666	0.1002	0.0181	0.0177	0.0003	0.4487	0.3488	0.0999	0.0000	0.0000	0.0000	0.0000	0.0000	0.0000	0.0000	0.0000	0.0000	0.0738	0.0643	0.0094	0.0189	0.0178	0.0010	0.0549	0.0465	0.0084	0.0473	0.0332	0.0141	0.0234	0.0202	0.0032	0.0240	0.0131	0.0109	inf	inf	inf	inf	inf	inf	inf	inf	inf	0.0000	0.0000	0.0000	0.0000	0.0000	0.0000	0.0000	0.0000	0.0000	
68	132	0.2006	9	2	2	1	1	0	0	0	0	Y	Y	N	N	N	N	N	N	N	N	N	N	0.0000	0.0000	0.0000	0.0000	0.0000	0.0000	0.0000	0.0000	0.0000	0.0000	0.0000	0.0000	0.0000	0.0000	0.0000	0.0000	0.0000	0.0000	0.0000	0.0000	1.0000	1.0000	0.0000	3.0001	0.0000	0.0000	0.0000	0.0000	0.0000	0.0000	0.0000	0.0000	0.0000	0.0000	0.0000	0.0000	0.0000	0.0000	0.0000	0.0000	0.0000	0.0000	0.0068	0.0058	0.0011	0.0004	0.0004	0.0000	0.0064	0.0054	0.0010	0.0054	0.0029	0.0025	0.0006	0.0005	0.0001	0.0048	0.0024	0.0024	0.0000	0.0000	0.0000	0.0000	0.0000	0.0000	0.0000	0.0000	0.0000	0.0000	0.0000	0.0000	0.0000	0.0000	0.0000	0.0000	0.0000	0.0000											
68	133	0.5995	13	2	2	1	1	0	0	0	0	Y	Y	N	N	N	N	N	N	N	N	N	N	0.0000	0.0000	0.0000	0.0000	0.0000	0.0000	0.0000	0.0000	0.0000	0.0000	0.0000	0.0000	0.0000	0.0000	0.0000	0.0000	0.0000	0.0000	0.0000	0.0000	1.0000	0.0006	0.0000	1.9797	0.0000	0.0000	0.0000	0.0000	0.0000	0.0000	0.0000	0.0000	0.0000	0.0000	0.0000	0.0000	0.0000	0.0000	0.0000	0.0000	0.0000	0.0000	0.0000	0.0000	0.0000	0.0000	0.0000	0.0000	0.0000	0.0000	0.0000	0.0022	0.0015	0.0007	0.0010	0.0009	0.0002	0.0011	0.0006	0.0006	0.0000	0.0000	0.0000	0.0000	0.0000	0.0000	0.0000	0.0000	0.0000	0.0000	0.0000	0.0000	0.0000	0.0000	0.0000	0.0000	0.0000	0.0000											
68	134	0.5828	12	2	2	1	1	0	0	0	0	Y	Y	N	N	N	N	N	N	N	N	N	N	0.0000	0.0000	0.0000	0.0000	0.0000	0.0000	0.0000	0.0000	0.0000	0.0000	0.0000	0.0000	0.0000	0.0000	0.0000	0.0000	0.0000	0.0000	0.0000	0.0000	1.0000	2.0077	0.0000	6.0321	0.0000	0.0000	0.0000	0.0000	0.0000	0.0000	0.0000	0.0000	0.0000	0.0000	0.0000	0.0000	0.0000	0.0000	0.0000	0.0000	0.0000	0.0000	0.0132	0.0115	0.0018	0.0039	0.0036	0.0003	0.0093	0.0079	0.0015	0.0079	0.0052	0.0027	0.0037	0.0030	0.0007	0.0043	0.0022	0.0021	0.0000	0.0000	0.0000	0.0000	0.0000	0.0000	0.0000	0.0000	0.0000	0.0000	0.0000	0.0000	0.0000	0.0000	0.0000	0.0000	0.0000	0.0000											
68	135	0.5780	12	1	2	1	1	0	0	0	0	N	Y	N	N	N	N	N	N	N	N	N	N	0.0000	0.0000	0.0000	0.0000	0.0000	0.0000	0.0000	0.0000	0.0000	0.0000	0.0000	0.0000	0.0000	0.0000	0.0000	0.0000	0.0000	0.0000	0.0000	0.0000	1.0000	3.0348	0.0000	9.3583	0.0000	0.0000	0.0000	0.0000	0.0000	0.0000	0.0000	0.0000	0.0000	0.0000	0.0000	0.0000	0.0000	0.0000	0.0000	0.0000	0.0000	0.0000	0.0203	0.0175	0.0029	0.0057	0.0052	0.0004	0.0147	0.0123	0.0024	0.0138	0.0091	0.0047	0.0066	0.0055	0.0011	0.0072	0.0037	0.0036	0.0000	0.0000	0.0000	0.0000	0.0000	0.0000	0.0000	0.0000	0.0000	0.0000	0.0000	0.0000	0.0000	0.0000	0.0000	0.0000	0.0000	0.0000											
68	136	0.5637	11	1	1	1	1	0	0	0	0	N	N	N	N	N	N	N	N	N	N	N	N	0.0000	0.0000	0.0000	0.0000	0.0000	0.0000	0.0000	0.0000	0.0000	0.0000	0.0000	0.0000	0.0000	0.0000	0.0000	0.0000	0.0000	0.0000	0.0000	0.0000	1.0000	0.0433	0.0000	6.6805	0.0000	0.0000	0.0000	0.0000	0.0000	0.0000	0.0000	0.0000	0.0000	0.0000	0.0000	0.0000	0.0000	0.0000	0.0000	0.0000	0.0000	0.0000	0.0003	0.0003	0.0001	0.0001	0.0001	0.0000	0.0002	0.0002	0.0000	0.0070	0.0046	0.0024	0.0031	0.0026	0.0006	0.0038	0.0020	0.0018	0.0000	0.0000	0.0000	0.0000	0.0000	0.0000	0.0000	0.0000	0.0000	0.0000	0.0000	0.0000	0.0000	0.0000	0.0000	0.0000	0.0000	0.0000											
68	137	0.2302	11	1	2	1	1	0	0	0	0	N	Y	N	N	N	N	N	N	N	N	N	N	0.0000	0.0000	0.0000	0.0000	0.0000	0.0000	0.0000	0.0000	0.0000	0.0000	0.0000	0.0000	0.0000	0.0000	0.0000	0.0000	0.0000	0.0000	0.0000	0.0000	1.0000	0.0000	0.0000	0.0000	0.0000	0.0000	0.0000	0.0000	0.0000	0.0000	0.0000	0.0000	0.0000	0.0000	0.0000	0.0000	0.0000	0.0000	0.0000	0.0000	0.0000	0.0000	0.0000	0.0000	0.0000	0.0000	0.0000	0.0000	0.0000	0.0000	0.0000	0.0000	0.0000	0.0000	0.0000	0.0000	0.0000	0.0000	0.0000	0.0000	0.0000	0.0000	0.0000	0.0000	0.0000	0.0000	0.0000	0.0000	0.0000	0.0000	0.0000	0.0000	0.0000	0.0000	0.0000	0.0000	0.0000	0.0000											
68	138	0.2252	10	1	2	1	1	0	0	0	0	N	Y	N	N	N	N	N	N	N	N	N	N	0.0000	0.0000	0.0000	0.0000	0.0000	0.0000	0.0000	0.0000	0.0000	0.0000	0.0000	0.0000	0.0000	0.0000	0.0000	0.0000	0.0000	0.0000	0.0000	0.0000	1.0000	0.0021	0.0000	2.0000	0.0000	0.0000	0.0000	0.0000	0.0000	0.0000	0.0000	0.0000	0.0000	0.0000	0.0000	0.0000	0.0000	0.0000	0.0000	0.0000	0.0000	0.0000	0.0000	0.0000	0.0000	0.0000	0.0000	0.0000	0.0000	0.0000	0.0000	0.0027	0.0014	0.0012	0.0004	0.0003	0.0001	0.0023	0.0011	0.0012	0.0000	0.0000	0.0000	0.0000	0.0000	0.0000	0.0000	0.0000	0.0000	0.0000	0.0000	0.0000	0.0000	0.0000	0.0000	0.0000	0.0000	0.0000											
68	139	0.2149	9	1	1	1	1	0	0	0	0	N	N	N	N	N	N	N	N	N	N	N	N	0.0000	0.0000	0.0000	0.0000	0.0000	0.0000	0.0000	0.0000	0.0000	0.0000	0.0000	0.0000	0.0000	0.0000	0.0000	0.0000	0.0000	0.0000	0.0000	0.0000	1.0000	1.0020	0.0000	3.0181	0.0000	0.0000	0.0000	0.0000	0.0000	0.0000	0.0000	0.0000	0.0000	0.0000	0.0000	0.0000	0.0000	0.0000	0.0000	0.0000	0.0000	0.0000	0.0068	0.0058	0.0011	0.0004	0.0004	0.0000	0.0064	0.0054	0.0010	0.0054	0.0029	0.0025	0.0007	0.0006	0.0001	0.0047	0.0023	0.0024	0.0000	0.0000	0.0000	0.0000	0.0000	0.0000	0.0000	0.0000	0.0000	0.0000	0.0000	0.0000	0.0000	0.0000	0.0000	0.0000	0.0000	0.0000											
68	140	0.2006	9	1	2	1	0	0	0	0	0	N	Y	N	N	N	N	N	N	N	N	N	N	0.0000	0.0000	0.0000	0.0000	0.0000	0.0000	0.0000	0.0000	0.0000	0.0000	0.0000	0.0000	0.0000	0.0000	0.0000	0.0000	0.0000	0.0000	0.0000	0.0000	1.0000	0.0000	0.0000	4.0001	0.0000	0.0000	0.0000	0.0000	0.0000	0.0000	0.0000	0.0000	0.0000	0.0000	0.0000	0.0000	0.0000	0.0000	0.0000	0.0000	0.0000	0.0000	0.0000	0.0000	0.0000	0.0000	0.0000	0.0000	0.0000	0.0000	0.0000	0.0054	0.0029	0.0025	0.0006	0.0005	0.0001	0.0048	0.0024	0.0024	0.0000	0.0000	0.0000	0.0000	0.0000	0.0000	0.0000	0.0000	0.0000	0.0000	0.0000	0.0000	0.0000	0.0000	0.0000	0.0000	0.0000	0.0000											
68	141	0.5782	11	1	2	1	0	0	0	0	0	N	Y	N	N	N	N	N	N	N	N	N	N	0.0000	0.0000	0.0000	0.0000	0.0000	0.0000	0.0000	0.0000	0.0000	0.0000	0.0000	0.0000	0.0000	0.0000	0.0000	0.0000	0.0000	0.0000	0.0000	0.0000	1.0000	1.0003	0.0000	5.0186	0.0000	0.0000	0.0000	0.0000	0.0000	0.0000	0.0000	0.0000	0.0000	0.0000	0.0000	0.0000	0.0000	0.0000	0.0000	0.0000	0.0000	0.0000	0.0066	0.0057	0.0009	0.0019	0.0018	0.0002	0.0047	0.0039	0.0007	0.0061	0.0040	0.0021	0.0028	0.0023	0.0005	0.0033	0.0017	0.0016	0.0000	0.0000	0.0000	0.0000	0.0000	0.0000	0.0000	0.0000	0.0000	0.0000	0.0000	0.0000	0.0000	0.0000	0.0000	0.0000	0.0000	0.0000											
68	142	0.2149	9	1	1	2	1	0	0	0	0	N	N	Y	N	N	N	N	N	N	N	N	N	0.0000	0.0000	0.0000	0.0000	0.0000	0.0000	0.0000	0.0000	0.0000	0.0000	0.0000	0.0000	0.0000	0.0000	0.0000	0.0000	0.0000	0.0000	0.0000	0.0000	1.0000	0.0001	0.0000	9.0026	0.0000	0.0000	0.0000	0.0000	0.0000	0.0000	0.0000	0.0000	0.0000	0.0000	0.0000	0.0000	0.0000	0.0000	0.0000	0.0000	0.0000	0.0000	0.0000	0.0000	0.0000	0.0000	0.0000	0.0000	0.0000	0.0000	0.0000	0.0119	0.0064	0.0055	0.0015	0.0013	0.0002	0.0104	0.0051	0.0052	0.0000	0.0000	0.0000	0.0000	0.0000	0.0000	0.0000	0.0000	0.0000	0.0000	0.0000	0.0000	0.0000	0.0000	0.0000	0.0000	0.0000	0.0000											
68	143	0.5637	11	1	1	2	1	0	0	0	0	N	N	Y	N	N	N	N	N	N	N	N	N	0.0000	0.0000	0.0000	0.0000	0.0000	0.0000	0.0000	0.0000	0.0000	0.0000	0.0000	0.0000	0.0000	0.0000	0.0000	0.0000	0.0000	0.0000	0.0000	0.0000	1.0000	2.0061	0.0000	8.0425	0.0000	0.0000	0.0000	0.0000	0.0000	0.0000	0.0000	0.0000	0.0000	0.0000	0.0000	0.0000	0.0000	0.0000	0.0000	0.0000	0.0000	0.0000	0.0131	0.0113	0.0018	0.0036	0.0033	0.0003	0.0096	0.0080	0.0015	0.0102	0.0066	0.0036	0.0046	0.0037	0.0008	0.0056	0.0029	0.0027	0.0000	0.0000	0.0000	0.0000	0.0000	0.0000	0.0000	0.0000	0.0000	0.0000	0.0000	0.0000	0.0000	0.0000	0.0000	0.0000	0.0000	0.0000											
68	144	0.5546	10	1	1	1	1	0	0	0	0	N	N	N	N	N	N	N	N	N	N	N	N	0.0000	0.0000	0.0000	0.0000	0.0000	0.0000	0.0000	0.0000	0.0000	0.0000	0.0000	0.0000	0.0000	0.0000	0.0000	0.0000	0.0000	0.0000	0.0000	0.0000	1.0000	1.9550	0.0000	2.1189	0.0000	0.0000	0.0000	0.0000	0.0000	0.0000	0.0000	0.0000	0.0000	0.0000	0.0000	0.0000	0.0000	0.0000	0.0000	0.0000	0.0000	0.0000	0.0138	0.0118	0.0019	0.0045	0.0041	0.0004	0.0093	0.0078	0.0015	0.0068	0.0049	0.0020	0.0032	0.0029	0.0004	0.0036	0.0020	0.0016	0.0000	0.0000	0.0000	0.0000	0.0000	0.0000	0.0000	0.0000	0.0000	0.0000	0.0000	0.0000	0.0000	0.0000	0.0000	0.0000	0.0000	0.0000											
68	145	0.5546	10	1	1	2	1	0	0	0	0	N	N	Y	N	N	N	N	N	N	N	N	N	0.0000	0.0000	0.0000	0.0000	0.0000	0.0000	0.0000	0.0000	0.0000	0.0000	0.0000	0.0000	0.0000	0.0000	0.0000	0.0000	0.0000	0.0000	0.0000	0.0000	1.0000	2.1261	0.0000	18.6477	0.0000	0.0000	0.0000	0.0000	0.0000	0.0000	0.0000	0.0000	0.0000	0.0000	0.0000	0.0000	0.0000	0.0000	0.0000	0.0000	0.0000	0.0000	0.0149	0.0128	0.0021	0.0048	0.0044	0.0005	0.0101	0.0084	0.0016	0.0224	0.0149	0.0075	0.0100	0.0084	0.0016	0.0124	0.0065	0.0058	0.0000	0.0000	0.0000	0.0000	0.0000	0.0000	0.0000	0.0000	0.0000	0.0000	0.0000	0.0000	0.0000	0.0000	0.0000	0.0000	0.0000	0.0000											
68	146	0.2149	9	1	1	2	1	0	0	0	0	N	N	Y	N	N	N	N	N	N	N	N	N	0.0000	0.0000	0.0000	0.0000	0.0000	0.0000	0.0000	0.0000	0.0000	0.0000	0.0000	0.0000	0.0000	0.0000	0.0000	0.0000	0.0000	0.0000	0.0000	0.0000	1.0000	2.0001	0.0000	5.9880	0.0000	0.0000	0.0000	0.0000	0.0000	0.0000	0.0000	0.0000	0.0000	0.0000	0.0000	0.0000	0.0000	0.0000	0.0000	0.0000	0.0000	0.0000	0.0136	0.0115	0.0021	0.0008	0.0007	0.0001	0.0128	0.0107	0.0020	0.0106	0.0057	0.0049	0.0014	0.0011	0.0002	0.0092	0.0046	0.0047	0.0000	0.0000	0.0000	0.0000	0.0000	0.0000	0.0000	0.0000	0.0000	0.0000	0.0000	0.0000	0.0000	0.0000	0.0000	0.0000	0.0000	0.0000											
68	147	0.2149	9	1	1	2	1	0	0	0	0	N	N	Y	N	N	N	N	N	N	N	N	N	0.0000	0.0000	0.0000	0.0000	0.0000	0.0000	0.0000	0.0000	0.0000	0.0000	0.0000	0.0000	0.0000	0.0000	0.0000	0.0000	0.0000	0.0000	0.0000	0.0000	1.0000	9.0001	0.0000	23.0169	0.0000	0.0000	0.0000	0.0000	0.0000	0.0000	0.0000	0.0000	0.0000	0.0000	0.0000	0.0000	0.0000	0.0000	0.0000	0.0000	0.0000	0.0000	0.0591	0.0501	0.0090	0.0035	0.0032	0.0003	0.0556	0.0469	0.0087	0.0384	0.0209	0.0175	0.0049	0.0041	0.0007	0.0336	0.0168	0.0168	0.0000	0.0000	0.0000	0.0000	0.0000	0.0000	0.0000	0.0000	0.0000	0.0000	0.0000	0.0000	0.0000	0.0000	0.0000	0.0000	0.0000	0.0000											
68	148	0.1896	8	1	1	1	1	0	0	0	0	N	N	N	N	N	N	N	N	N	N	N	N	0.0000	0.0000	0.0000	0.0000	0.0000	0.0000	0.0000	0.0000	0.0000	0.0000	0.0000	0.0000	0.0000	0.0000	0.0000	0.0000	0.0000	0.0000	0.0000	0.0000	1.0000	1.9990	0.0000	7.9526	0.0000	0.0000	0.0000	0.0000	0.0000	0.0000	0.0000	0.0000	0.0000	0.0000	0.0000	0.0000	0.0000	0.0000	0.0000	0.0000	0.0000	0.0000	0.0136	0.0115	0.0021	0.0008	0.0007	0.0001	0.0128	0.0108	0.0020	0.0143	0.0080	0.0064	0.0020	0.0018	0.0002	0.0124	0.0062	0.0062	0.0000	0.0000	0.0000	0.0000	0.0000	0.0000	0.0000	0.0000	0.0000	0.0000	0.0000	0.0000	0.0000	0.0000	0.0000	0.0000	0.0000	0.0000											
68	149	0.1577	7	2	2	1	0	0	0	0	0	Y	Y	N	N	N	N	N	N	N	N	N	N	0.0000	0.0000	0.0000	0.0000	0.0000	0.0000	0.0000	0.0000	0.0000	0.0000	0.0000	0.0000	0.0000	0.0000	0.0000	0.0000	0.0000	0.0000	0.0000	0.0000	1.0000	5.3497	0.0000	17.2225	0.0000	0.0000	0.0000	0.0000	0.0000	0.0000	0.0000	0.0000	0.0000	0.0000	0.0000	0.0000	0.0000	0.0000	0.0000	0.0000	0.0000	0.0000	0.0426	0.0363	0.0064	0.0056	0.0054	0.0002	0.0371	0.0309	0.0062	0.0329	0.0192	0.0137	0.0052	0.0046	0.0005	0.0277	0.0145	0.0132	0.0000	0.0000	0.0000	0.0000	0.0000	0.0000	0.0000	0.0000	0.0000	0.0000	0.0000	0.0000	0.0000	0.0000	0.0000	0.0000	0.0000	0.0000											
68	150	0.1885	8	1	2	1	0	0	0	0	0	N	Y	N	N	N	N	N	N	N	N	N	N	0.0000	0.0000	0.0000	0.0000	0.0000	0.0000	0.0000	0.0000	0.0000	0.0000	0.0000	0.0000	0.0000	0.0000	0.0000	0.0000	0.0000	0.0000	0.0000	0.0000	1.0000	3.6794	0.0000	17.4287	0.0000	0.0000	0.0000	0.0000	0.0000	0.0000	0.0000	0.0000	0.0000	0.0000	0.0000	0.0000	0.0000	0.0000	0.0000	0.0000	0.0000	0.0000	0.0397	0.0344	0.0052	0.0099	0.0096	0.0003	0.0297	0.0248	0.0049	0.0357	0.0219	0.0138	0.0097	0.0087	0.0010	0.0260	0.0133	0.0128	0.0000	0.0000	0.0000	0.0000	0.0000	0.0000	0.0000	0.0000	0.0000	0.0000	0.0000	0.0000	0.0000	0.0000	0.0000	0.0000	0.0000	0.0000											
68	151	0.1577	7	1	2	1	0	0	0	0	0	N	Y	N	N	N	N	N	N	N	N	N	N	0.0000	0.0000	0.0000	0.0000	0.0000	0.0000	0.0000	0.0000	0.0000	0.0000	0.0000	0.0000	0.0000	0.0000	0.0000	0.0000	0.0000	0.0000	0.0000	0.0000	1.0000	3.4464	0.0000	10.1316	0.0000	0.0000	0.0000	0.0000	0.0000	0.0000	0.0000	0.0000	0.0000	0.0000	0.0000	0.0000	0.0000	0.0000	0.0000	0.0000	0.0000	0.0000	0.0303	0.0258	0.0045	0.0049	0.0048	0.0001	0.0254	0.0210	0.0044	0.0226	0.0136	0.0089	0.0043	0.0039	0.0003	0.0183	0.0097	0.0086	0.0000	0.0000	0.0000	0.0000	0.0000	0.0000	0.0000	0.0000	0.0000	0.0000	0.0000	0.0000	0.0000	0.0000	0.0000	0.0000	0.0000	0.0000											
68	152	0.5850	13	2	2	1	0	0	0	0	0	Y	Y	N	N	N	N	N	N	N	N	N	N	0.0000	0.0000	0.0000	0.0000	0.0000	0.0000	0.0000	0.0000	0.0000	0.0000	0.0000	0.0000	0.0000	0.0000	0.0000	0.0000	0.0000	0.0000	0.0000	0.0000	1.0000	1.0143	0.0000	12.0086	0.0000	0.0000	0.0000	0.0000	0.0000	0.0000	0.0000	0.0000	0.0000	0.0000	0.0000	0.0000	0.0000	0.0000	0.0000	0.0000	0.0000	0.0000	0.0068	0.0059	0.0009	0.0021	0.0019	0.0002	0.0048	0.0040	0.0008	0.0126	0.0083	0.0043	0.0058	0.0047	0.0010	0.0068	0.0036	0.0033	0.0000	0.0000	0.0000	0.0000	0.0000	0.0000	0.0000	0.0000	0.0000	0.0000	0.0000	0.0000	0.0000	0.0000	0.0000	0.0000	0.0000	0.0000											
68	153	0.5828	12	2	2	1	0	0	0	0	0	Y	Y	N	N	N	N	N	N	N	N	N	N	0.0000	0.0000	0.0000	0.0000	0.0000	0.0000	0.0000	0.0000	0.0000	0.0000	0.0000	0.0000	0.0000	0.0000	0.0000	0.0000	0.0000	0.0000	0.0000	0.0000	1.0000	0.9811	0.0000	0.0216	0.0000	0.0000	0.0000	0.0000	0.0000	0.0000	0.0000	0.0000	0.0000	0.0000	0.0000	0.0000	0.0000	0.0000	0.0000	0.0000	0.0000	0.0000	0.0065	0.0056	0.0009	0.0019	0.0018	0.0002	0.0046	0.0039	0.0007	0.0010	0.0007	0.0004	0.0005	0.0004	0.0001	0.0006	0.0003	0.0003	0.0000	0.0000	0.0000	0.0000	0.0000	0.0000	0.0000	0.0000	0.0000	0.0000	0.0000	0.0000	0.0000	0.0000	0.0000	0.0000	0.0000	0.0000											
68	154	0.5782	11	2	2	1	0	0	0	0	0	Y	Y	N	N	N	N	N	N	N	N	N	N	0.0000	0.0000	0.0000	0.0000	0.0000	0.0000	0.0000	0.0000	0.0000	0.0000	0.0000	0.0000	0.0000	0.0000	0.0000	0.0000	0.0000	0.0000	0.0000	0.0000	1.0000	0.0083	0.0000	2.0001	0.0000	0.0000	0.0000	0.0000	0.0000	0.0000	0.0000	0.0000	0.0000	0.0000	0.0000	0.0000	0.0000	0.0000	0.0000	0.0000	0.0000	0.0000	0.0001	0.0001	0.0000	0.0000	0.0000	0.0000	0.0000	0.0000	0.0000	0.0021	0.0014	0.0007	0.0010	0.0008	0.0002	0.0011	0.0006	0.0005	0.0000	0.0000	0.0000	0.0000	0.0000	0.0000	0.0000	0.0000	0.0000	0.0000	0.0000	0.0000	0.0000	0.0000	0.0000	0.0000	0.0000	0.0000											
68	155	0.5546	10	1	2	1	0	0	0	0	0	N	Y	N	N	N	N	N	N	N	N	N	N	0.0000	0.0000	0.0000	0.0000	0.0000	0.0000	0.0000	0.0000	0.0000	0.0000	0.0000	0.0000	0.0000	0.0000	0.0000	0.0000	0.0000	0.0000	0.0000	0.0000	1.0000	2.9180	0.0000	7.4065	0.0000	0.0000	0.0000	0.0000	0.0000	0.0000	0.0000	0.0000	0.0000	0.0000	0.0000	0.0000	0.0000	0.0000	0.0000	0.0000	0.0000	0.0000	0.0200	0.0172	0.0028	0.0063	0.0057	0.0006	0.0137	0.0115	0.0022	0.0129	0.0088	0.0041	0.0059	0.0050	0.0009	0.0070	0.0038	0.0032	0.0000	0.0000	0.0000	0.0000	0.0000	0.0000	0.0000	0.0000	0.0000	0.0000	0.0000	0.0000	0.0000	0.0000	0.0000	0.0000	0.0000	0.0000											
68	156	0.4888	9	1	1	1	0	0	0	0	0	N	N	N	N	N	N	N	N	N	N	N	N	inf	inf	inf	inf	inf	inf	7.8556	0.0000	66.6386	0.5287	0.0000	8.2094	12.1617	0.0000	81.4501	0.0000	0.0000	0.0000	0.0000	0.0000	0.0000	0.0000	0.0000	0.0000	inf	0.3639	0.0000	1.0000	8.2479	0.0000	19.7214	0.6510	0.0000	0.6510	0.0162	0.0000	0.0162	0.6348	0.0000	0.6348	0.0000	0.0000	0.0000	0.0000	0.0000	0.0000	0.0000	0.0000	0.0000	0.0829	0.0731	0.0098	0.0307	0.0287	0.0020	0.0522	0.0444	0.0078	0.0380	0.0259	0.0121	0.0184	0.0155	0.0029	0.0196	0.0103	0.0093	inf	0.0000	inf	inf	0.0000	inf	inf	0.0000	inf	0.0000	0.0000	0.0000	0.0000	0.0000	0.0000	0.0000	0.0000	0.0000				
68	157	0.4526	8	1	1	1	0	0	0	0	0	N	N	N	N	N	N	N	N	N	N	N	N	inf	inf	inf	inf	inf	inf	inf	inf	inf	6.2273	0.5740	43.0292	0.7993	0.8421	0.3498	8.5688	0.4494	53.4988	0.0000	0.0000	0.0000	0.0000	0.0000	0.0000	0.0000	0.0000	0.0000	11.5147	0.1781	0.0000	1.0000	7.4725	0.0000	14.3153	0.3718	0.0297	0.3421	0.0144	0.0138	0.0005	0.3574	0.0159	0.3415	0.0000	0.0000	0.0000	0.0000	0.0000	0.0000	0.0000	0.0000	0.0000	0.0597	0.0518	0.0079	0.0180	0.0164	0.0016	0.0417	0.0353	0.0064	0.0368	0.0251	0.0117	0.0192	0.0158	0.0033	0.0176	0.0092	0.0083	inf	inf	inf	inf	inf	inf	inf	inf	inf	0.0000	0.0000	0.0000	0.0000	0.0000	0.0000	0.0000	0.0000	0.0000	
68	158	0.3871	7	1	1	1	0	0	0	0	0	N	N	N	N	N	N	N	N	N	N	N	N	inf	inf	inf	inf	inf	inf	inf	inf	inf	0.4692	0.2873	1.6907	0.9724	1.0289	0.0527	0.3102	0.0270	1.8873	0.0000	0.0000	0.0000	0.0000	0.0000	0.0000	0.0000	0.0000	0.0000	0.8759	0.0011	0.0000	1.0000	11.6653	0.0000	19.4910	0.0414	0.0221	0.0193	0.0206	0.0205	0.0001	0.0208	0.0015	0.0193	0.0000	0.0000	0.0000	0.0000	0.0000	0.0000	0.0000	0.0000	0.0000	0.0882	0.0768	0.0114	0.0212	0.0200	0.0012	0.0671	0.0569	0.0102	0.0545	0.0377	0.0169	0.0263	0.0224	0.0039	0.0283	0.0153	0.0130	inf	inf	inf	inf	inf	inf	inf	inf	inf	0.0000	0.0000	0.0000	0.0000	0.0000	0.0000	0.0000	0.0000	0.0000	
68	159	0.3399	6	1	1	1	0	0	0	0	0	N	N	N	N	N	N	N	N	N	N	N	N	inf	inf	inf	inf	inf	inf	inf	inf	inf	0.3217	0.0675	2.2080	0.0379	0.0395	0.0043	0.4354	0.0800	2.4770	0.0000	0.0000	0.0000	0.0000	0.0000	0.0000	0.0000	0.0000	0.0000	4.4108	0.0081	0.0000	1.0000	7.3933	0.0000	20.5306	0.0217	0.0040	0.0177	0.0007	0.0007	0.0000	0.0209	0.0033	0.0177	0.0000	0.0000	0.0000	0.0000	0.0000	0.0000	0.0000	0.0000	0.0000	0.0673	0.0593	0.0080	0.0193	0.0184	0.0009	0.0481	0.0410	0.0071	0.0566	0.0393	0.0174	0.0291	0.0249	0.0042	0.0276	0.0144	0.0132	inf	inf	inf	inf	inf	inf	inf	inf	inf	0.0000	0.0000	0.0000	0.0000	0.0000	0.0000	0.0000	0.0000	0.0000	
68	160	0.1037	5	1	1	1	0	0	0	0	0	N	N	N	N	N	N	N	N	N	N	N	N	inf	inf	inf	inf	inf	inf	0.0047	0.0016	0.0224	0.0000	0.0000	0.0000	0.0049	0.0016	0.0230	0.0000	0.0000	0.0000	0.0000	0.0000	0.0000	0.0000	0.0000	0.0000	2.5238	0.0002	0.0000	1.0000	27.6416	0.0000	54.6365	0.0007	0.0002	0.0005	0.0000	0.0000	0.0000	0.0007	0.0002	0.0005	0.0000	0.0000	0.0000	0.0000	0.0000	0.0000	0.0000	0.0000	0.0000	0.1590	0.1353	0.0236	0.0077	0.0071	0.0006	0.1513	0.1282	0.0230	0.0828	0.0472	0.0356	0.0143	0.0120	0.0023	0.0685	0.0352	0.0333	inf	inf	inf	0.0000	0.0000	0.0000	inf	inf	inf	0.0000	0.0000	0.0000	0.0000	0.0000	0.0000	0.0000	0.0000	0.0000				
68	161	0.2082	11	2	2	1	0	0	0	0	0	Y	Y	N	N	N	N	N	N	N	N	N	N	0.0000	0.0000	0.0000	0.0000	0.0000	0.0000	0.0000	0.0000	0.0000	0.0000	0.0000	0.0000	0.0000	0.0000	0.0000	0.0000	0.0000	0.0000	0.0000	0.0000	1.0000	0.0002	0.0000	3.0099	0.0000	0.0000	0.0000	0.0000	0.0000	0.0000	0.0000	0.0000	0.0000	0.0000	0.0000	0.0000	0.0000	0.0000	0.0000	0.0000	0.0000	0.0000	0.0000	0.0000	0.0000	0.0000	0.0000	0.0000	0.0000	0.0000	0.0000	0.0042	0.0023	0.0019	0.0005	0.0004	0.0001	0.0037	0.0019	0.0018	0.0000	0.0000	0.0000	0.0000	0.0000	0.0000	0.0000	0.0000	0.0000	0.0000	0.0000	0.0000	0.0000	0.0000	0.0000	0.0000	0.0000	0.0000											
68	162	0.2006	10	2	2	1	0	0	0	0	0	Y	Y	N	N	N	N	N	N	N	N	N	N	0.0000	0.0000	0.0000	0.0000	0.0000	0.0000	0.0000	0.0000	0.0000	0.0000	0.0000	0.0000	0.0000	0.0000	0.0000	0.0000	0.0000	0.0000	0.0000	0.0000	1.0000	0.9998	0.0000	2.0118	0.0000	0.0000	0.0000	0.0000	0.0000	0.0000	0.0000	0.0000	0.0000	0.0000	0.0000	0.0000	0.0000	0.0000	0.0000	0.0000	0.0000	0.0000	0.0068	0.0058	0.0011	0.0004	0.0004	0.0000	0.0064	0.0054	0.0010	0.0041	0.0022	0.0019	0.0004	0.0004	0.0000	0.0036	0.0018	0.0018	0.0000	0.0000	0.0000	0.0000	0.0000	0.0000	0.0000	0.0000	0.0000	0.0000	0.0000	0.0000	0.0000	0.0000	0.0000	0.0000	0.0000	0.0000											
68	163	0.2006	9	2	2	1	0	0	0	0	0	Y	Y	N	N	N	N	N	N	N	N	N	N	0.0000	0.0000	0.0000	0.0000	0.0000	0.0000	0.0000	0.0000	0.0000	0.0000	0.0000	0.0000	0.0000	0.0000	0.0000	0.0000	0.0000	0.0000	0.0000	0.0000	1.0000	0.0000	0.0000	0.0003	0.0000	0.0000	0.0000	0.0000	0.0000	0.0000	0.0000	0.0000	0.0000	0.0000	0.0000	0.0000	0.0000	0.0000	0.0000	0.0000	0.0000	0.0000	0.0000	0.0000	0.0000	0.0000	0.0000	0.0000	0.0000	0.0000	0.0000	0.0000	0.0000	0.0000	0.0000	0.0000	0.0000	0.0000	0.0000	0.0000	0.0000	0.0000	0.0000	0.0000	0.0000	0.0000	0.0000	0.0000	0.0000	0.0000	0.0000	0.0000	0.0000	0.0000	0.0000	0.0000	0.0000	0.0000											
68	164	0.1896	8	1	2	1	0	0	0	0	0	N	Y	N	N	N	N	N	N	N	N	N	N	0.0000	0.0000	0.0000	0.0000	0.0000	0.0000	0.0000	0.0000	0.0000	0.0000	0.0000	0.0000	0.0000	0.0000	0.0000	0.0000	0.0000	0.0000	0.0000	0.0000	1.0000	0.0063	0.0000	4.3641	0.0000	0.0000	0.0000	0.0000	0.0000	0.0000	0.0000	0.0000	0.0000	0.0000	0.0000	0.0000	0.0000	0.0000	0.0000	0.0000	0.0000	0.0000	0.0001	0.0001	0.0000	0.0000	0.0000	0.0000	0.0001	0.0001	0.0000	0.0072	0.0041	0.0031	0.0013	0.0012	0.0001	0.0059	0.0029	0.0030	0.0000	0.0000	0.0000	0.0000	0.0000	0.0000	0.0000	0.0000	0.0000	0.0000	0.0000	0.0000	0.0000	0.0000	0.0000	0.0000	0.0000	0.0000											
68	165	0.1577	7	1	1	1	0	0	0	0	0	N	N	N	N	N	N	N	N	N	N	N	N	0.0000	0.0000	0.0000	0.0000	0.0000	0.0000	0.0000	0.0000	0.0000	0.0000	0.0000	0.0000	0.0000	0.0000	0.0000	0.0000	0.0000	0.0000	0.0000	0.0000	1.0000	2.5207	0.0000	10.0226	0.0000	0.0000	0.0000	0.0000	0.0000	0.0000	0.0000	0.0000	0.0000	0.0000	0.0000	0.0000	0.0000	0.0000	0.0000	0.0000	0.0000	0.0000	0.0242	0.0206	0.0036	0.0046	0.0045	0.0001	0.0196	0.0161	0.0035	0.0213	0.0130	0.0084	0.0041	0.0038	0.0003	0.0172	0.0091	0.0080	0.0000	0.0000	0.0000	0.0000	0.0000	0.0000	0.0000	0.0000	0.0000	0.0000	0.0000	0.0000	0.0000	0.0000	0.0000	0.0000	0.0000	0.0000											
68	166	0.1421	6	1	1	1	0	0	0	0	0	N	N	N	N	N	N	N	N	N	N	N	N	0.0000	0.0000	0.0000	0.0000	0.0000	0.0000	0.0000	0.0000	0.0000	0.0000	0.0000	0.0000	0.0000	0.0000	0.0000	0.0000	0.0000	0.0000	0.0000	0.0000	1.0000	2.6894	0.0000	4.6619	0.0000	0.0000	0.0000	0.0000	0.0000	0.0000	0.0000	0.0000	0.0000	0.0000	0.0000	0.0000	0.0000	0.0000	0.0000	0.0000	0.0000	0.0000	0.0289	0.0250	0.0039	0.0073	0.0070	0.0003	0.0216	0.0180	0.0036	0.0167	0.0109	0.0058	0.0048	0.0045	0.0003	0.0119	0.0064	0.0055	0.0000	0.0000	0.0000	0.0000	0.0000	0.0000	0.0000	0.0000	0.0000	0.0000	0.0000	0.0000	0.0000	0.0000	0.0000	0.0000	0.0000	0.0000											
68	167	0.1037	5	1	1	1	0	0	0	0	0	N	N	N	N	N	N	N	N	N	N	N	N	0.0000	0.0000	0.0000	0.0000	0.0000	0.0000	0.0000	0.0000	0.0000	0.0000	0.0000	0.0000	0.0000	0.0000	0.0000	0.0000	0.0000	0.0000	0.0000	0.0000	1.0000	2.7966	0.0000	8.5340	0.0000	0.0000	0.0000	0.0000	0.0000	0.0000	0.0000	0.0000	0.0000	0.0000	0.0000	0.0000	0.0000	0.0000	0.0000	0.0000	0.0000	0.0000	0.0180	0.0152	0.0028	0.0009	0.0008	0.0001	0.0171	0.0144	0.0027	0.0183	0.0107	0.0076	0.0044	0.0039	0.0004	0.0140	0.0068	0.0072	0.0000	0.0000	0.0000	0.0000	0.0000	0.0000	0.0000	0.0000	0.0000	0.0000	0.0000	0.0000	0.0000	0.0000	0.0000	0.0000	0.0000	0.0000											
69	71	0.7073	11	2	2	2	0	0	0	0	0	Y	Y	Y	N	N	N	N	N	N	N	N	N	0.0000	0.0000	0.0000	0.0000	0.0000	0.0000	0.0000	0.0000	0.0000	0.0000	0.0000	0.0000	0.0000	0.0000	0.0000	0.0000	0.0000	0.0000	0.0000	0.0000	1.0155	0.0000	5.9708	0.0000	0.0000	0.0000	0.0000	0.0000	0.0000	0.0000	0.0000	0.0000	0.0000	0.0000	0.0000	0.0000	0.0000	0.0000	0.0000	0.0000	0.0000	0.0000	0.0000	0.0000	0.0000	0.0000	0.0000	0.0000	0.0000	0.0000	0.0000	0.0000	0.0000	0.0000	0.0000	0.0000	0.0000	0.0000	0.0000	0.0000	0.0000	0.0000	0.0000	0.0000	0.0000	0.0000	0.0000	0.0000	0.0000	0.0000	0.0000	0.0000	0.0000	0.0000	0.0000	0.0000	0.0000	0.0000											
69	72	0.6892	10	2	2	2	0	0	0	0	0	Y	Y	Y	N	N	N	N	N	N	N	N	N	0.3287	0.2664	0.0000	0.9391	0.7879	0.0000	0.0000	0.0000	0.0004	0.0005	0.0000	0.0016	0.0018	0.0000	0.0000	0.0000	0.0000	0.0012	0.0017	0.0000	0.0017	0.0022	0.0000	0.0000	0.0000	0.0000	0.0000	0.0012	-0.0000	-0.0000	1.0155	3.9057	5.9708	1.1104	0.0000	0.0000	0.0000	0.0000	0.0000	0.0000	0.0000	0.0000	0.0000	0.0001	0.0001	0.0000	0.0001	0.0001	0.0000	0.0000	0.0000	0.0000	0.0250	0.0217	0.0034	0.0061	0.0057	0.0004	0.0190	0.0160	0.0029	0.0493	0.0346	0.0147	0.0342	0.0267	0.0075	0.0152	0.0079	0.0073	0.3287	0.2664	0.0000	0.9391	0.7879	0.0000	0.0000	0.0000	0.0000	0.0012	0.0017	0.0000	0.0017	0.0022	0.0000	0.0000	0.0000	0.0000	
69	73	0.4865	8	2	2	1	0	0	0	0	0	Y	Y	N	N	N	N	N	N	N	N	N	N	0.0000	0.0000	0.0000	0.0000	0.0000	0.0000	0.0000	0.0000	0.0000	0.0000	0.0000	0.0000	0.0000	0.0000	0.0000	0.0000	0.0000	0.0000	3.7877	5.9264	0.0054	0.1708	0.1996	0.0151	7.9691	14.7838	0.0016	0.0000	0.0004	-0.0000	-0.4658	1.0155	6.9070	5.9708	16.5673	0.0000	0.0000	0.0000	0.0000	0.0000	0.0000	0.0000	0.0000	0.0000	1.0171	1.0167	0.0004	0.0246	0.0243	0.0003	0.9925	0.9924	0.0001	0.0791	0.0700	0.0091	0.0308	0.0289	0.0019	0.0483	0.0411	0.0072	0.2685	0.1887	0.0799	0.1440	0.1215	0.0224	0.1245	0.0671	0.0574	0.0000	0.0000	0.0000	0.0000	0.0000	0.0000	0.0000	0.0000	0.0000	3.7877	5.3889	0.0054	0.1708	0.1996	0.0151	7.9691	14.7838	0.0016
69	74	0.5503	10	1	2	1	1	0	0	0	0	N	Y	N	N	N	N	N	N	N	N	N	N	0.0000	0.0000	0.0000	0.0000	0.0000	0.0000	0.0000	0.0000	0.0000	0.0000	0.0000	0.0000	0.0000	0.0000	0.0000	0.0000	0.0000	0.0000	0.0037	0.0041	0.0029	0.0057	0.0053	0.0075	0.0010	0.0013	0.0006	0.2916	-0.0000	-0.0002	1.0155	6.4226	5.9708	19.3377	0.0000	0.0000	0.0000	0.0000	0.0000	0.0000	0.0000	0.0000	0.0000	0.0009	0.0007	0.0002	0.0008	0.0007	0.0002	0.0001	0.0001	0.0000	0.0478	0.0412	0.0066	0.0114	0.0107	0.0007	0.0365	0.0305	0.0059	0.2537	0.1792	0.0745	0.1484	0.1239	0.0246	0.1053	0.0554	0.0499	0.0000	0.0000	0.0000	0.0000	0.0000	0.0000	0.0000	0.0000	0.0000	0.0037	0.0041	0.0029	0.0057	0.0053	0.0075	0.0010	0.0013	0.0006	
69	75	0.5051	9	1	1	1	1	0	0	0	0	N	N	N	N	N	N	N	N	N	N	N	N	0.0003	0.0000	0.0011	0.0006	0.0000	0.0032	0.0001	0.0000	0.0012	0.0000	0.0000	0.0001	0.0000	0.0000	0.0007	0.0000	0.0000	0.0000	0.0425	0.0230	0.0891	0.0450	0.0114	0.2098	0.0393	0.0474	0.0299	inf	1.6195	0.0000	0.0023	1.0155	5.1932	5.9708	17.4397	0.0000	0.0000	0.0000	0.0000	0.0000	0.0000	0.0000	0.0000	0.0000	0.0146	0.0056	0.0090	0.0088	0.0019	0.0070	0.0057	0.0037	0.0020	0.0462	0.0405	0.0056	0.0130	0.0125	0.0005	0.0332	0.0281	0.0051	0.3429	0.2417	0.1012	0.1967	0.1634	0.0333	0.1462	0.0783	0.0679	0.0003	0.0000	0.0011	0.0006	0.0000	0.0032	0.0001	0.0000	0.0012	0.0425	0.0230	0.0891	0.0450	0.0114	0.2098	0.0393	0.0474	0.0299
69	76	0.4681	8	1	1	1	0	0	0	0	0	N	N	N	N	N	N	N	N	N	N	N	N	0.0037	0.0001	0.0120	0.0126	0.0004	0.0661	0.0004	0.0000	0.0018	0.0014	0.0000	0.0108	0.0043	0.0000	0.0931	0.0002	0.0000	0.0011	0.3809	0.1802	0.8959	0.3422	0.1178	1.4081	0.4384	0.3164	0.5946	107.5891	1.9387	0.0000	0.0323	1.0155	4.4918	5.9708	17.5337	0.0001	0.0000	0.0001	0.0001	0.0000	0.0001	0.0000	0.0000	0.0000	0.1602	0.0545	0.1057	0.0860	0.0244	0.0615	0.0742	0.0301	0.0442	0.0413	0.0360	0.0053	0.0123	0.0117	0.0006	0.0291	0.0243	0.0048	0.4206	0.3026	0.1180	0.2512	0.2075	0.0437	0.1694	0.0951	0.0743	0.0037	0.0001	0.0120	0.0126	0.0004	0.0661	0.0004	0.0000	0.0018	0.3809	0.1802	0.8959	0.3422	0.1178	1.4081	0.4384	0.3164	0.5946
69	77	0.1972	7	1	1	1	1	0	0	0	0	N	N	N	N	N	N	N	N	N	N	N	N	0.0000	0.0000	0.0000	0.0000	0.0000	0.0000	0.0000	0.0000	0.0000	0.0000	0.0000	0.0000	0.0000	0.0000	0.0000	0.0000	0.0000	0.0000	0.0025	0.0030	0.0014	0.0026	0.0030	0.0000	0.0024	0.0029	0.0017	0.2191	0.0000	-0.0001	1.0155	0.3745	5.9708	14.7996	0.0000	0.0000	0.0000	0.0000	0.0000	0.0000	0.0000	0.0000	0.0000	0.0004	0.0004	0.0001	0.0002	0.0002	0.0000	0.0003	0.0002	0.0001	0.0036	0.0032	0.0004	0.0008	0.0008	0.0000	0.0028	0.0024	0.0004	0.1817	0.1239	0.0578	0.0748	0.0641	0.0107	0.1069	0.0597	0.0471	0.0000	0.0000	0.0000	0.0000	0.0000	0.0000	0.0000	0.0000	0.0000	0.0025	0.0030	0.0014	0.0026	0.0030	0.0000	0.0024	0.0029	0.0017	
69	78	0.1750	6	1	1	1	1	0	0	0	0	N	N	N	N	N	N	N	N	N	N	N	N	0.0000	0.0000	0.0000	0.0000	0.0000	0.0000	0.0000	0.0000	0.0000	0.0000	0.0000	0.0000	0.0000	0.0000	0.0000	0.0000	0.0000	0.0000	0.0533	0.0776	0.0007	0.0070	0.0080	0.0010	0.0868	0.1534	0.0006	0.0043	0.0000	-0.0039	1.0155	1.4595	5.9708	10.3922	0.0000	0.0000	0.0000	0.0000	0.0000	0.0000	0.0000	0.0000	0.0000	0.0086	0.0086	0.0000	0.0005	0.0005	0.0000	0.0082	0.0081	0.0000	0.0116	0.0100	0.0016	0.0018	0.0017	0.0001	0.0098	0.0083	0.0015	0.1618	0.1108	0.0510	0.0678	0.0578	0.0100	0.0939	0.0530	0.0409	0.0000	0.0000	0.0000	0.0000	0.0000	0.0000	0.0000	0.0000	0.0000	0.0533	0.0776	0.0007	0.0070	0.0080	0.0010	0.0868	0.1534	0.0006	
69	79	0.1608	5	1	1	1	1	0	0	0	0	N	N	N	N	N	N	N	N	N	N	N	N	0.0000	0.0000	0.0000	0.0000	0.0000	0.0000	0.0000	0.0000	0.0000	0.0000	0.0000	0.0000	0.0000	0.0000	0.0000	0.0000	0.0000	0.0000	0.0739	0.1054	0.0027	0.0762	0.0865	0.0089	0.0722	0.1276	0.0013	0.0112	-0.0000	-0.0040	1.0155	1.3861	5.9708	6.3168	0.0000	0.0000	0.0000	0.0000	0.0000	0.0000	0.0000	0.0000	0.0000	0.0090	0.0089	0.0001	0.0040	0.0039	0.0001	0.0050	0.0049	0.0000	0.0102	0.0087	0.0015	0.0013	0.0012	0.0001	0.0089	0.0075	0.0014	0.1213	0.0841	0.0372	0.0523	0.0454	0.0069	0.0690	0.0387	0.0303	0.0000	0.0000	0.0000	0.0000	0.0000	0.0000	0.0000	0.0000	0.0000	0.0739	0.1054	0.0027	0.0762	0.0865	0.0089	0.0722	0.1276	0.0013	
69	80	0.1014	4	1	1	1	1	0	0	0	0	N	N	N	N	N	N	N	N	N	N	N	N	0.0000	0.0000	0.0000	0.0072	0.0070	0.0000	0.0000	0.0000	0.0000	0.0000	0.0000	0.0000	0.0000	0.0000	0.0000	0.0000	0.0000	0.0000	3.7642	7.3583	0.0106	0.0048	0.0052	0.0000	4.7175	8.8236	0.0110	0.0111	0.0011	-0.0000	-0.4545	1.0155	4.0043	5.9708	19.8631	0.0000	0.0000	0.0000	0.0000	0.0000	0.0000	0.0000	0.0000	0.0000	0.9939	0.9928	0.0011	0.0003	0.0003	0.0000	0.9936	0.9925	0.0011	0.0278	0.0236	0.0042	0.0021	0.0020	0.0001	0.0257	0.0216	0.0041	0.2640	0.1624	0.1017	0.0534	0.0499	0.0035	0.2106	0.1125	0.0981	0.0000	0.0000	0.0000	0.0072	0.0070	0.0000	0.0000	0.0000	0.0000	3.7642	6.1138	0.0106	0.0048	0.0052	0.0000	4.7175	8.8236	0.0110
69	81	0.6419	10	1	2	2	0	0	0	0	0	N	Y	Y	N	N	N	N	N	N	N	N	N	0.0000	0.0000	0.0000	0.0000	0.0000	0.0000	0.0000	0.0000	0.0000	0.0000	0.0000	0.0000	0.0000	0.0000	0.0000	0.0000	0.0000	0.0000	0.0005	0.0003	0.0010	0.0003	0.0003	0.0000	0.0008	0.0000	0.0016	1.9173	0.0000	0.0000	1.0155	2.0162	5.9708	4.5500	0.0000	0.0000	0.0000	0.0000	0.0000	0.0000	0.0000	0.0000	0.0000	0.0000	0.0000	0.0000	0.0000	0.0000	0.0000	0.0000	0.0000	0.0000	0.0157	0.0137	0.0020	0.0061	0.0057	0.0004	0.0096	0.0080	0.0016	0.0581	0.0398	0.0183	0.0354	0.0288	0.0065	0.0227	0.0110	0.0118	0.0000	0.0000	0.0000	0.0000	0.0000	0.0000	0.0000	0.0000	0.0000	0.0005	0.0003	0.0010	0.0003	0.0003	0.0000	0.0008	0.0000	0.0016	
69	82	0.1056	6	1	2	2	0	0	0	0	0	N	Y	Y	N	N	N	N	N	N	N	N	N	0.1822	0.0000	0.8461	1.3785	0.0000	235.3182	0.0073	0.0000	0.0218	0.0010	0.0000	0.0069	0.0147	0.0000	0.2998	0.0000	0.0000	0.0002	0.0057	0.0043	0.0081	0.0107	0.0117	0.0013	0.0041	0.0001	0.0086	inf	1.1402	0.0000	0.0000	1.0155	3.0011	5.9708	3.7015	0.0000	0.0000	0.0000	0.0000	0.0000	0.0000	0.0000	0.0000	0.0000	0.0005	0.0003	0.0003	0.0003	0.0003	0.0000	0.0003	0.0000	0.0003	0.0224	0.0190	0.0034	0.0015	0.0015	0.0001	0.0209	0.0175	0.0033	0.0952	0.0594	0.0358	0.0238	0.0216	0.0022	0.0714	0.0378	0.0335	0.1822	0.0000	0.8461	1.3785	0.0000	235.3182	0.0073	0.0000	0.0218	0.0057	0.0043	0.0081	0.0107	0.0117	0.0013	0.0041	0.0001	0.0086
69	83	0.0941	5	1	2	1	0	0	0	0	0	N	Y	N	N	N	N	N	N	N	N	N	N	0.0230	0.3306	0.0004	3.5854	4.5382	0.1838	0.0000	0.0000	0.0000	0.0016	0.0018	0.0001	0.0249	0.0256	0.0052	0.0000	0.0000	0.0000	0.0682	0.0055	0.1993	0.0069	0.0056	0.0284	0.0957	0.0055	0.2092	0.0076	17.1867	-0.0000	0.0038	1.0155	2.0032	5.9708	4.2039	0.0000	0.0000	0.0000	0.0000	0.0000	0.0000	0.0000	0.0000	0.0000	0.0078	0.0004	0.0074	0.0002	0.0002	0.0001	0.0076	0.0002	0.0074	0.0150	0.0128	0.0023	0.0009	0.0009	0.0000	0.0141	0.0118	0.0023	0.1150	0.0778	0.0372	0.0357	0.0336	0.0020	0.0793	0.0442	0.0351	0.0230	0.3306	0.0004	3.5854	4.5382	0.1838	0.0000	0.0000	0.0000	0.0682	0.0055	0.1993	0.0069	0.0056	0.0284	0.0957	0.0055	0.2092
69	84	0.0909	5	2	1	2	0	0	0	0	0	Y	N	Y	N	N	N	N	N	N	N	N	N	6.4233	29.7277	0.0000	54.2929	81.5160	0.0000	0.0370	248.4390	0.0000	0.0124	0.0149	0.0000	0.0978	0.1264	0.0000	0.0001	0.0001	0.0000	0.0019	0.0005	0.0039	0.0018	0.0016	0.0035	0.0020	0.0000	0.0039	0.0000	5.6274	-0.0000	0.0001	1.0155	1.0052	5.9708	4.9545	0.0001	0.0001	0.0000	0.0001	0.0001	0.0000	0.0000	0.0000	0.0000	0.0001	0.0000	0.0001	0.0000	0.0000	0.0000	0.0001	0.0000	0.0001	0.0080	0.0066	0.0013	0.0010	0.0008	0.0002	0.0070	0.0059	0.0011	0.0679	0.0395	0.0284	0.0146	0.0127	0.0019	0.0533	0.0267	0.0266	6.4233	29.7277	0.0000	54.2929	81.5160	0.0000	0.0370	248.4390	0.0000	0.0019	0.0005	0.0039	0.0018	0.0016	0.0035	0.0020	0.0000	0.0039
69	85	0.0716	4	2	1	2	0	0	0	0	0	Y	N	Y	N	N	N	N	N	N	N	N	N	1115.1479	887.1356	0.0000	9506.7211	8995.7618	0.0000	0.0000	0.0000	0.0000	2.3262	2.7445	0.0000	39.1324	40.3920	0.0000	0.0000	0.0000	0.0000	0.0021	0.0031	0.0002	0.0041	0.0045	0.0001	0.0014	0.0024	0.0002	0.0000	0.0358	-0.0078	-0.0001	1.0155	0.9968	5.9708	7.6169	0.0176	0.0176	0.0000	0.0176	0.0176	0.0000	0.0000	0.0000	0.0000	0.0003	0.0002	0.0000	0.0001	0.0001	0.0000	0.0001	0.0001	0.0000	0.0076	0.0064	0.0012	0.0004	0.0004	0.0000	0.0071	0.0060	0.0011	0.1232	0.0802	0.0430	0.0301	0.0275	0.0026	0.0931	0.0527	0.0405	1115.1479	887.1356	0.0000	9506.7211	8995.7618	0.0000	0.0000	0.0000	0.0000	0.0021	0.0031	0.0002	0.0041	0.0045	0.0001	0.0014	0.0024	0.0002
69	86	0.1953	5	2	2	1	0	0	0	0	0	Y	Y	N	N	N	N	N	N	N	N	N	N	0.0000	0.0000	0.0794	0.0001	0.0000	4.7379	0.0000	0.0000	0.0000	0.0000	0.0000	0.0000	0.0000	0.0000	0.0000	0.0000	0.0000	0.0000	0.0019	0.0027	0.0000	0.0038	0.0048	0.0000	0.0000	0.0000	0.0000	inf	0.0007	0.0000	-0.0003	1.0155	5.8060	5.9708	6.1034	0.0000	0.0000	0.0000	0.0000	0.0000	0.0000	0.0000	0.0000	0.0000	0.0006	0.0006	0.0000	0.0006	0.0006	0.0000	0.0000	0.0000	0.0000	0.0514	0.0435	0.0078	0.0078	0.0076	0.0002	0.0436	0.0359	0.0077	0.2979	0.2119	0.0860	0.1504	0.1204	0.0300	0.1475	0.0914	0.0561	0.0000	0.0000	0.0794	0.0001	0.0000	4.7379	0.0000	0.0000	0.0000	0.0019	0.0027	0.0000	0.0038	0.0048	0.0000	0.0000	0.0000	0.0000
69	87	0.1014	4	2	2	1	0	0	0	0	0	Y	Y	N	N	N	N	N	N	N	N	N	N	0.0008	0.0005	0.1082	0.0085	0.0083	0.0000	0.0006	0.0003	0.1099	0.0017	0.0017	0.0021	0.0043	0.0045	0.0000	0.0015	0.0014	0.0021	2.1250	3.4539	0.0191	0.5053	0.5430	0.0159	2.5120	4.6545	0.0192	0.2157	0.0035	-0.0000	-0.3382	1.0155	12.2869	5.9708	21.7146	0.0001	0.0001	0.0000	0.0000	0.0000	0.0000	0.0001	0.0001	0.0000	0.7434	0.7409	0.0026	0.0341	0.0340	0.0001	0.7094	0.7069	0.0025	0.0818	0.0697	0.0121	0.0060	0.0058	0.0003	0.0758	0.0640	0.0118	0.3499	0.2145	0.1354	0.0675	0.0626	0.0048	0.2824	0.1519	0.1305	0.0008	0.0005	0.1082	0.0085	0.0083	0.0000	0.0006	0.0003	0.1099	2.1250	3.4539	0.0191	0.5053	0.5430	0.0159	2.5120	4.6545	0.0192
69	88	0.0941	5	1	2	1	0	0	0	0	0	N	Y	N	N	N	N	N	N	N	N	N	N	0.0010	0.0000	0.1509	0.0041	0.0000	1.3964	0.0024	0.0000	0.0070	0.0000	0.0000	0.0000	0.0001	0.0000	0.0027	0.0000	0.0000	0.0000	0.0061	0.0093	0.0003	0.0231	0.0250	0.0019	0.0001	0.0000	0.0002	inf	0.0153	0.0000	-0.0005	1.0155	4.0005	5.9708	9.0093	0.0000	0.0000	0.0000	0.0000	0.0000	0.0000	0.0000	0.0000	0.0000	0.0011	0.0011	0.0000	0.0011	0.0011	0.0000	0.0000	0.0000	0.0000	0.0297	0.0252	0.0045	0.0018	0.0018	0.0001	0.0279	0.0234	0.0044	0.1869	0.1210	0.0659	0.0489	0.0448	0.0041	0.1380	0.0762	0.0618	0.0010	0.0000	0.1509	0.0041	0.0000	1.3964	0.0024	0.0000	0.0070	0.0061	0.0093	0.0003	0.0231	0.0250	0.0019	0.0001	0.0000	0.0002
69	89	0.0716	4	1	2	1	0	0	0	0	0	N	Y	N	N	N	N	N	N	N	N	N	N	0.0040	0.0455	0.0000	0.5195	0.6961	0.0000	0.0000	0.0000	0.0000	0.0000	0.0000	0.0000	0.0004	0.0004	0.0000	0.0000	0.0000	0.0000	0.0059	0.0006	0.0154	0.0008	0.0006	0.0025	0.0074	0.0006	0.0162	0.0000	14.1028	-0.0000	0.0004	1.0155	1.0051	5.9708	9.2650	0.0000	0.0000	0.0000	0.0000	0.0000	0.0000	0.0000	0.0000	0.0000	0.0008	0.0001	0.0008	0.0000	0.0000	0.0000	0.0008	0.0000	0.0008	0.0076	0.0065	0.0012	0.0005	0.0004	0.0000	0.0072	0.0060	0.0011	0.1411	0.0909	0.0502	0.0332	0.0302	0.0030	0.1079	0.0607	0.0472	0.0040	0.0455	0.0000	0.5195	0.6961	0.0000	0.0000	0.0000	0.0000	0.0059	0.0006	0.0154	0.0008	0.0006	0.0025	0.0074	0.0006	0.0162
69	90	0.2237	6	1	1	2	0	0	0	0	0	N	N	Y	N	N	N	N	N	N	N	N	N	0.1842	0.1539	0.0000	0.3198	0.3208	0.0000	0.0086	0.0069	0.0000	0.0030	0.0036	0.0000	0.0101	0.0115	0.0000	0.0001	0.0001	0.0000	0.0165	0.0232	0.0021	0.0314	0.0358	0.0007	0.0058	0.0087	0.0024	0.0000	0.0432	-0.0000	-0.0008	1.0155	2.3559	5.9708	7.1930	0.0001	0.0001	0.0000	0.0001	0.0001	0.0000	0.0000	0.0000	0.0000	0.0019	0.0018	0.0001	0.0015	0.0015	0.0000	0.0004	0.0003	0.0001	0.0192	0.0163	0.0029	0.0057	0.0050	0.0007	0.0135	0.0113	0.0021	0.1155	0.0787	0.0368	0.0481	0.0421	0.0060	0.0674	0.0366	0.0308	0.1842	0.1539	0.0000	0.3198	0.3208	0.0000	0.0086	0.0069	0.0000	0.0165	0.0232	0.0021	0.0314	0.0358	0.0007	0.0058	0.0087	0.0024
69	91	0.1909	5	1	1	1	0	0	0	0	0	N	N	N	N	N	N	N	N	N	N	N	N	1.0692	0.9392	0.0321	2.9431	2.9853	0.2874	0.0019	0.0013	0.0012	0.2152	0.2509	0.0011	0.5885	0.6717	0.0035	0.0004	0.0004	0.0001	0.2012	0.2672	0.0354	0.2000	0.2250	0.0121	0.2025	0.3348	0.0415	0.0008	0.0527	-0.0063	-0.0300	1.0155	4.9284	5.9708	11.0439	0.0144	0.0144	0.0000	0.0144	0.0144	0.0000	0.0000	0.0000	0.0000	0.0734	0.0698	0.0037	0.0364	0.0362	0.0003	0.0370	0.0336	0.0034	0.0668	0.0573	0.0096	0.0244	0.0214	0.0030	0.0424	0.0359	0.0065	0.3649	0.2611	0.1038	0.1823	0.1608	0.0214	0.1827	0.1003	0.0824	1.0692	0.9392	0.0321	2.9431	2.9853	0.2874	0.0019	0.0013	0.0012	0.2012	0.2672	0.0354	0.2000	0.2250	0.0121	0.2025	0.3348	0.0415
69	92	0.1014	4	1	1	1	0	0	0	0	0	N	N	N	N	N	N	N	N	N	N	N	N	0.0392	0.0271	0.0000	20.8489	21.6338	0.0000	0.0000	0.0000	0.0000	0.1230	0.1447	0.0000	1.6410	1.7150	0.0000	0.0000	0.0000	0.0000	3.1360	5.3402	0.1472	0.0787	0.0793	0.0713	3.8693	7.0693	0.1500	0.0000	0.0185	-0.0015	-0.4731	1.0155	3.9161	5.9708	29.2065	0.0033	0.0033	0.0000	0.0033	0.0033	0.0000	0.0000	0.0000	0.0000	1.0748	1.0553	0.0195	0.0052	0.0049	0.0003	1.0695	1.0504	0.0192	0.0272	0.0231	0.0041	0.0020	0.0019	0.0001	0.0251	0.0212	0.0040	0.3427	0.2102	0.1326	0.0663	0.0616	0.0047	0.2764	0.1486	0.1278	0.0392	0.0288	0.0000	20.8489	21.6338	0.0000	0.0000	0.0000	0.0000	3.1360	5.0209	0.1472	0.0787	0.0793	0.0713	3.8693	7.0693	0.1500
69	93	0.6419	10	2	2	1	0	0	0	0	0	Y	Y	N	N	N	N	N	N	N	N	N	N	0.0000	0.0000	0.0000	0.0000	0.0000	0.0000	0.0000	0.0000	0.0000	0.0000	0.0000	0.0000	0.0000	0.0000	0.0000	0.0000	0.0000	0.0000	0.0271	0.0397	0.0000	0.0434	0.0539	0.0000	0.0019	0.0039	0.0000	0.0001	0.0000	-0.0010	1.0155	2.5103	5.9708	7.4742	0.0000	0.0000	0.0000	0.0000	0.0000	0.0000	0.0000	0.0000	0.0000	0.0021	0.0021	0.0000	0.0021	0.0021	0.0000	0.0001	0.0001	0.0000	0.0187	0.0163	0.0024	0.0071	0.0066	0.0005	0.0116	0.0097	0.0019	0.0788	0.0538	0.0250	0.0479	0.0385	0.0094	0.0309	0.0153	0.0156	0.0000	0.0000	0.0000	0.0000	0.0000	0.0000	0.0000	0.0000	0.0000	0.0271	0.0397	0.0000	0.0434	0.0539	0.0000	0.0019	0.0039	0.0000	
69	94	0.6057	9	1	2	1	0	0	0	0	0	N	Y	N	N	N	N	N	N	N	N	N	N	0.0000	0.0000	0.0000	0.0000	0.0000	0.0000	0.0000	0.0000	0.0000	0.0000	0.0000	0.0000	0.0000	0.0000	0.0000	0.0000	0.0000	0.0000	0.0231	0.0269	0.0146	0.0364	0.0368	0.0348	0.0003	0.0006	0.0000	0.2405	-0.0000	-0.0006	1.0155	7.1305	5.9708	3.2426	0.0000	0.0000	0.0000	0.0000	0.0000	0.0000	0.0000	0.0000	0.0000	0.0022	0.0017	0.0004	0.0022	0.0017	0.0004	0.0000	0.0000	0.0000	0.0594	0.0523	0.0071	0.0210	0.0198	0.0011	0.0384	0.0325	0.0060	0.0938	0.0650	0.0288	0.0593	0.0472	0.0121	0.0345	0.0178	0.0167	0.0000	0.0000	0.0000	0.0000	0.0000	0.0000	0.0000	0.0000	0.0000	0.0231	0.0269	0.0146	0.0364	0.0368	0.0348	0.0003	0.0006	0.0000	
69	95	0.0716	4	2	2	1	0	0	0	0	0	Y	Y	N	N	N	N	N	N	N	N	N	N	9.0603	26.2089	0.0000	4191.6389	104104.1768	0.0000	0.0000	0.0000	0.0000	0.3031	0.3570	0.0000	5.3896	5.5693	0.0000	0.0000	0.0000	0.0000	0.0335	0.0136	0.0655	0.0013	0.0001	0.0102	0.0414	0.0189	0.0692	0.0000	2.9742	-0.0078	0.0033	1.0155	8.0000	5.9708	22.5660	0.0177	0.0177	0.0000	0.0177	0.0177	0.0000	0.0000	0.0000	0.0000	0.0113	0.0029	0.0085	0.0001	0.0000	0.0001	0.0113	0.0029	0.0084	0.0584	0.0496	0.0088	0.0033	0.0032	0.0001	0.0551	0.0464	0.0087	0.3389	0.2095	0.1295	0.0669	0.0588	0.0081	0.2720	0.1506	0.1214	9.0603	26.2089	0.0000	4191.6389	104104.1768	0.0000	0.0000	0.0000	0.0000	0.0335	0.0136	0.0655	0.0013	0.0001	0.0102	0.0414	0.0189	0.0692
69	96	0.1014	4	1	1	1	0	0	0	0	0	N	N	N	N	N	N	N	N	N	N	N	N	0.1314	0.0000	1.8458	0.0000	0.0000	0.0000	0.6111	0.0000	1.8203	0.0002	0.0000	0.0017	0.0000	0.0000	0.0000	0.0003	0.0000	0.0017	0.0019	0.0025	0.0009	0.0079	0.0085	0.0000	0.0004	0.0000	0.0009	inf	0.2283	0.0000	-0.0002	1.0155	11.9964	5.9708	18.8414	0.0000	0.0000	0.0000	0.0000	0.0000	0.0000	0.0000	0.0000	0.0000	0.0006	0.0005	0.0001	0.0005	0.0005	0.0000	0.0001	0.0000	0.0001	0.0800	0.0682	0.0118	0.0059	0.0056	0.0003	0.0741	0.0625	0.0116	0.3239	0.1988	0.1252	0.0632	0.0588	0.0044	0.2607	0.1399	0.1207	0.1314	0.0000	1.8458	0.0000	0.0000	0.0000	0.6111	0.0000	1.8203	0.0019	0.0025	0.0009	0.0079	0.0085	0.0000	0.0004	0.0000	0.0009
69	98	0.1021	6	2	2	2	0	0	0	0	0	Y	Y	Y	N	N	N	N	N	N	N	N	N	24.4991	0.0000	13943.9062	1.0395	0.0000	5159.8220	11520.6784	0.0000	18649.4726	1.4368	0.0000	6.0481	0.2558	0.0000	8.2740	1.8670	0.0000	5.9680	0.0586	0.0981	0.0004	0.2460	0.2893	0.0016	0.0002	0.0000	0.0003	inf	0.0030	0.0094	-0.0045	1.0155	0.9502	5.9708	16.1595	0.0168	0.0000	0.0168	0.0008	0.0000	0.0008	0.0160	0.0000	0.0160	0.0099	0.0099	0.0000	0.0099	0.0099	0.0000	0.0000	0.0000	0.0000	0.0117	0.0089	0.0028	0.0031	0.0030	0.0001	0.0086	0.0059	0.0027	0.1695	0.1010	0.0685	0.0403	0.0342	0.0061	0.1292	0.0668	0.0624	24.4991	0.0000	13943.9062	1.0395	0.0000	5159.8220	11520.6784	0.0000	18649.4726	0.0586	0.0981	0.0004	0.2460	0.2893	0.0016	0.0002	0.0000	0.0003
69	99	0.1014	4	1	2	1	0	0	0	0	0	N	Y	N	N	N	N	N	N	N	N	N	N	0.2423	0.0000	0.9871	0.0000	0.0000	0.0000	0.3289	0.9769	0.0002	0.0000	0.0017	0.0000	0.0000	0.0000	0.0003	0.0000	0.0017	0.0010	0.0006	0.0017	0.0019	0.0020	0.0002	0.0008	0.0000	0.0018	inf	1.7760	0.0000	0.0001	1.0155	11.9964	5.9708	15.6499	0.0000	0.0000	0.0000	0.0000	0.0000	0.0000	0.0000	0.0000	0.0000	0.0003	0.0001	0.0002	0.0001	0.0001	0.0000	0.0002	0.0000	0.0002	0.0800	0.0682	0.0118	0.0059	0.0056	0.0003	0.0741	0.0625	0.0116	0.2970	0.1824	0.1146	0.0588	0.0548	0.0040	0.2381	0.1276	0.1106	0.2423	0.0000	0.9871	0.0000	0.0000	0.0000	0.3289	0.0000	0.9769	0.0010	0.0006	0.0017	0.0019	0.0020	0.0002	0.0008	0.0000	0.0018	
69	100	0.1050	7	2	1	2	0	0	0	0	0	Y	N	Y	N	N	N	N	N	N	N	N	N	0.0129	0.0121	0.0000	3.2168	4.0025	0.0000	0.0000	0.0000	0.0000	0.0021	0.0024	0.0000	0.0169	0.0180	0.0000	0.0000	0.0000	0.0000	0.1595	0.1997	0.1023	0.0052	0.0045	0.0091	0.2069	0.2984	0.1117	0.0000	0.3600	-0.0000	-0.0045	1.0155	1.0008	5.9708	13.9255	0.0000	0.0000	0.0000	0.0000	0.0000	0.0000	0.0000	0.0000	0.0000	0.0232	0.0171	0.0062	0.0002	0.0001	0.0001	0.0231	0.0170	0.0061	0.0077	0.0065	0.0012	0.0009	0.0009	0.0001	0.0067	0.0056	0.0011	0.1457	0.0856	0.0601	0.0342	0.0287	0.0055	0.1115	0.0569	0.0546	0.0129	0.0121	0.0000	3.2168	4.0025	0.0000	0.0000	0.0000	0.0000	0.1595	0.1997	0.1023	0.0052	0.0045	0.0091	0.2069	0.2984	0.1117
69	101	0.1021	6	2	1	2	0	0	0	0	0	Y	N	Y	N	N	N	N	N	N	N	N	N	0.0052	0.0032	0.8437	26.5805	25.7019	11.3783	0.0002	0.0000	0.7809	0.1856	0.2855	0.0082	0.3830	0.3900	0.0156	0.0055	0.0004	0.0080	35.4775	88.0186	0.0097	0.0144	0.0152	0.0014	36.1442	71.9791	0.0103	0.0162	0.0001	-0.0004	-0.4439	1.0155	0.0532	5.9708	2.0467	0.0009	0.0009	0.0000	0.0009	0.0009	0.0000	0.0000	0.0000	0.0000	0.9688	0.9686	0.0001	0.0002	0.0002	0.0000	0.9686	0.9684	0.0001	0.0049	0.0032	0.0018	0.0024	0.0023	0.0000	0.0026	0.0008	0.0017	0.0423	0.0281	0.0142	0.0155	0.0146	0.0009	0.0268	0.0135	0.0133	0.0081	0.0083	0.8437	26.5805	25.7019	11.3783	0.0002	0.0000	0.7809	22.9240	34.5235	0.0097	0.0144	0.0152	0.0014	36.1442	71.9791	0.0103
69	102	0.0924	5	2	1	2	0	0	0	0	0	Y	N	Y	N	N	N	N	N	N	N	N	N	0.6170	0.2506	95.5296	66.3924	61.1787	780.0873	0.2653	0.0002	89.6216	0.0850	0.0535	0.2111	0.2223	0.2210	0.2537	0.0504	0.0001	0.2093	0.1378	0.2136	0.0022	0.0033	0.0036	0.0003	0.1900	0.3539	0.0023	0.9855	0.0058	0.0001	-0.0044	1.0155	2.0948	5.9708	3.0326	0.0017	0.0009	0.0009	0.0009	0.0009	0.0000	0.0008	0.0000	0.0008	0.0098	0.0097	0.0001	0.0001	0.0001	0.0000	0.0097	0.0096	0.0001	0.0203	0.0162	0.0041	0.0041	0.0039	0.0002	0.0162	0.0123	0.0039	0.0709	0.0455	0.0254	0.0198	0.0182	0.0016	0.0511	0.0273	0.0238	0.6170	0.2506	95.5296	66.3924	61.1787	780.0873	0.2653	0.0002	89.6216	0.1378	0.2136	0.0022	0.0033	0.0036	0.0003	0.1900	0.3539	0.0023
69	103	0.0716	4	2	1	2	0	0	0	0	0	Y	N	Y	N	N	N	N	N	N	N	N	N	431.0527	347.2943	0.0000	15831.9216	15031.2817	0.0000	0.0000	0.0000	0.0000	0.5707	0.6729	0.0000	9.9814	10.3134	0.0000	0.0000	0.0000	0.0000	0.0013	0.0019	0.0002	0.0006	0.0007	0.0000	0.0015	0.0026	0.0002	0.0000	0.0510	-0.0074	-0.0001	1.0155	3.9484	5.9708	4.8420	0.0168	0.0168	0.0000	0.0168	0.0168	0.0000	0.0000	0.0000	0.0000	0.0002	0.0002	0.0000	0.0000	0.0000	0.0000	0.0001	0.0001	0.0000	0.0294	0.0249	0.0045	0.0017	0.0016	0.0001	0.0277	0.0233	0.0044	0.1252	0.0814	0.0438	0.0304	0.0278	0.0026	0.0947	0.0535	0.0412	431.0527	347.2943	0.0000	15831.9216	15031.2817	0.0000	0.0000	0.0000	0.0000	0.0013	0.0019	0.0002	0.0006	0.0007	0.0000	0.0015	0.0026	0.0002
69	104	0.1337	5	1	2	1	0	0	0	0	0	N	Y	N	N	N	N	N	N	N	N	N	N	0.0149	0.0384	0.0058	0.1505	0.1417	0.0030	0.0017	0.0002	0.0056	0.0001	0.0001	0.0001	0.0007	0.0008	0.0000	0.0000	0.0000	0.0001	0.0083	0.0034	0.0165	0.0048	0.0053	0.0011	0.0094	0.0024	0.0178	0.1181	2.9992	-0.0000	0.0010	1.0155	8.9557	5.9708	32.3127	0.0000	0.0000	0.0000	0.0000	0.0000	0.0000	0.0000	0.0000	0.0000	0.0035	0.0009	0.0026	0.0005	0.0005	0.0000	0.0030	0.0004	0.0026	0.0734	0.0633	0.0101	0.0112	0.0108	0.0004	0.0622	0.0526	0.0097	0.4215	0.2620	0.1594	0.0977	0.0862	0.0115	0.3238	0.1759	0.1479	0.0149	0.0384	0.0058	0.1505	0.1417	0.0030	0.0017	0.0002	0.0056	0.0083	0.0034	0.0165	0.0048	0.0053	0.0011	0.0094	0.0024	0.0178
69	105	0.1591	6	1	1	2	0	0	0	0	0	N	N	Y	N	N	N	N	N	N	N	N	N	0.0771	0.0000	10.1666	0.0000	0.0000	0.0000	0.6002	0.0000	10.6533	0.0000	0.0000	0.0000	0.0000	0.0000	0.0000	0.0000	0.0000	0.0000	0.0001	0.0001	0.0000	0.0003	0.0003	0.0000	0.0000	0.0000	0.0000	inf	0.0183	0.0000	-0.0000	1.0155	4.2679	5.9708	7.8415	0.0000	0.0000	0.0000	0.0000	0.0000	0.0000	0.0000	0.0000	0.0000	0.0000	0.0000	0.0000	0.0000	0.0000	0.0000	0.0000	0.0000	0.0000	0.0353	0.0297	0.0055	0.0048	0.0046	0.0002	0.0305	0.0251	0.0054	0.1420	0.0892	0.0529	0.0372	0.0326	0.0046	0.1048	0.0566	0.0482	0.0771	0.0000	10.1666	0.0000	0.0000	0.0000	0.6002	0.0000	10.6533	0.0001	0.0001	0.0000	0.0003	0.0003	0.0000	0.0000	0.0000	0.0000
69	106	0.1337	5	1	1	1	0	0	0	0	0	N	N	N	N	N	N	N	N	N	N	N	N	0.0556	0.0015	3.0749	0.1150	0.0043	27.4743	0.0148	0.0000	0.5687	0.0003	0.0000	0.0024	0.0008	0.0000	0.0399	0.0001	0.0000	0.0004	0.0048	0.0070	0.0008	0.0068	0.0075	0.0015	0.0039	0.0067	0.0007	28.3205	0.0602	0.0000	-0.0003	1.0155	1.9301	5.9708	9.0954	0.0000	0.0000	0.0000	0.0000	0.0000	0.0000	0.0000	0.0000	0.0000	0.0008	0.0007	0.0000	0.0003	0.0003	0.0000	0.0004	0.0004	0.0000	0.0239	0.0213	0.0026	0.0069	0.0067	0.0001	0.0170	0.0145	0.0025	0.1617	0.1042	0.0575	0.0502	0.0445	0.0056	0.1115	0.0597	0.0518	0.0556	0.0015	3.0749	0.1150	0.0043	27.4743	0.0148	0.0000	0.5687	0.0048	0.0070	0.0008	0.0068	0.0075	0.0015	0.0039	0.0067	0.0007
69	107	0.1014	4	1	1	1	0	0	0	0	0	N	N	N	N	N	N	N	N	N	N	N	N	0.0139	0.0000	2.1001	0.0007	0.0007	0.0000	0.0118	0.0000	2.0877	0.0007	0.0000	0.0047	0.0000	0.0000	0.0000	0.0008	0.0000	0.0048	0.0504	0.0800	0.0022	0.0023	0.0024	0.0004	0.0642	0.1199	0.0023	3896.6193	0.0171	0.0000	-0.0037	1.0155	3.9049	5.9708	9.6098	0.0000	0.0000	0.0000	0.0000	0.0000	0.0000	0.0000	0.0000	0.0000	0.0084	0.0083	0.0001	0.0001	0.0001	0.0000	0.0084	0.0082	0.0001	0.0271	0.0230	0.0041	0.0020	0.0019	0.0001	0.0251	0.0211	0.0040	0.1676	0.1038	0.0638	0.0373	0.0353	0.0021	0.1303	0.0686	0.0617	0.0139	0.0000	2.1001	0.0007	0.0007	0.0000	0.0118	0.0000	2.0877	0.0504	0.0800	0.0022	0.0023	0.0024	0.0004	0.0642	0.1199	0.0023
69	108	0.1225	6	1	2	1	0	0	0	0	0	N	Y	N	N	N	N	N	N	N	N	N	N	0.0019	0.0014	0.0000	0.0080	0.0077	0.0000	0.0000	0.0000	0.0000	0.0000	0.0000	0.0000	0.0002	0.0002	0.0000	0.0000	0.0000	0.0000	0.0116	0.0180	0.0001	0.0229	0.0250	0.0001	0.0078	0.0141	0.0001	0.0000	0.0045	-0.0000	-0.0018	1.0155	8.0392	5.9708	22.6195	0.0000	0.0000	0.0000	0.0000	0.0000	0.0000	0.0000	0.0000	0.0000	0.0039	0.0039	0.0000	0.0020	0.0020	0.0000	0.0020	0.0020	0.0000	0.0588	0.0501	0.0087	0.0070	0.0067	0.0004	0.0517	0.0434	0.0083	0.3404	0.2183	0.1222	0.0855	0.0782	0.0073	0.2549	0.1401	0.1149	0.0019	0.0014	0.0000	0.0080	0.0077	0.0000	0.0000	0.0000	0.0000	0.0116	0.0180	0.0001	0.0229	0.0250	0.0001	0.0078	0.0141	0.0001
69	109	0.1225	5	1	1	1	0	0	0	0	0	N	N	N	N	N	N	N	N	N	N	N	N	0.0064	0.0031	0.0737	0.0059	0.0061	0.0000	0.0085	0.0000	0.1586	0.0007	0.0004	0.0020	0.0010	0.0010	0.0000	0.0005	0.0000	0.0020	0.1037	0.1288	0.0273	0.1663	0.1631	0.2506	0.0594	0.0900	0.0129	0.9984	0.0695	0.0000	-0.0030	1.0155	0.2031	5.9708	2.0398	0.0000	0.0000	0.0000	0.0000	0.0000	0.0000	0.0000	0.0000	0.0000	0.0077	0.0072	0.0005	0.0051	0.0049	0.0003	0.0026	0.0024	0.0002	0.0036	0.0030	0.0006	0.0012	0.0012	0.0000	0.0024	0.0018	0.0006	0.0745	0.0561	0.0184	0.0309	0.0297	0.0011	0.0436	0.0263	0.0173	0.0064	0.0031	0.0737	0.0059	0.0061	0.0000	0.0085	0.0000	0.1586	0.1037	0.1288	0.0273	0.1663	0.1631	0.2506	0.0594	0.0900	0.0129
69	110	0.7031	11	2	1	2	0	0	0	0	0	Y	N	Y	N	N	N	N	N	N	N	N	N	0.0000	0.0000	0.0000	0.0000	0.0000	0.0000	0.0000	0.0000	0.0000	0.0000	0.0000	0.0000	0.0000	0.0000	0.0000	0.0000	0.0000	0.0000	0.0000	0.0000	1.0155	0.0001	5.9708	0.0001	0.0000	0.0000	0.0000	0.0000	0.0000	0.0000	0.0000	0.0000	0.0000	0.0000	0.0000	0.0000	0.0000	0.0000	0.0000	0.0000	0.0000	0.0000	0.0007	0.0006	0.0001	0.0004	0.0004	0.0000	0.0004	0.0002	0.0001	0.0000	0.0000	0.0000	0.0000	0.0000	0.0000	0.0000	0.0000	0.0000	0.0000	0.0000	0.0000	0.0000	0.0000	0.0000	0.0000	0.0000	0.0000	0.0000	0.0000	0.0000	0.0000	0.0000	0.0000	0.0000	0.0000	0.0000											
69	111	0.6892	10	2	1	2	0	0	0	0	0	Y	N	Y	N	N	N	N	N	N	N	N	N	0.0006	0.0000	0.0052	0.0028	0.0000	19.4588	0.0000	0.0000	0.0000	0.0000	0.0000	0.0000	0.0000	0.0000	0.0001	0.0000	0.0000	0.0000	0.0026	0.0027	0.0021	0.0018	0.0024	0.0000	0.0042	0.0040	0.0044	inf	0.3307	0.0000	-0.0000	1.0155	1.6718	5.9708	2.9223	0.0000	0.0000	0.0000	0.0000	0.0000	0.0000	0.0000	0.0000	0.0000	0.0001	0.0001	0.0000	0.0001	0.0001	0.0000	0.0001	0.0000	0.0000	0.0124	0.0108	0.0016	0.0034	0.0032	0.0002	0.0090	0.0076	0.0014	0.0464	0.0326	0.0138	0.0324	0.0253	0.0071	0.0140	0.0073	0.0067	0.0006	0.0000	0.0052	0.0028	0.0000	19.4588	0.0000	0.0000	0.0000	0.0026	0.0027	0.0021	0.0018	0.0024	0.0000	0.0042	0.0040	0.0044
69	112	0.6057	9	2	1	2	0	0	0	0	0	Y	N	Y	N	N	N	N	N	N	N	N	N	0.0001	0.0001	0.0000	0.0003	0.0002	0.0000	0.0000	0.0000	0.0000	0.0000	0.0000	0.0000	0.0000	0.0000	0.0000	0.0000	0.0000	0.0000	0.0016	0.0019	0.0008	0.0022	0.0026	0.0005	0.0006	0.0002	0.0010	0.0000	0.1912	-0.0000	-0.0001	1.0155	14.0283	5.9708	7.1084	0.0000	0.0000	0.0000	0.0000	0.0000	0.0000	0.0000	0.0000	0.0000	0.0002	0.0002	0.0000	0.0002	0.0002	0.0000	0.0000	0.0000	0.0000	0.0960	0.0840	0.0119	0.0301	0.0282	0.0019	0.0659	0.0558	0.0100	0.1573	0.1080	0.0493	0.0960	0.0759	0.0201	0.0613	0.0321	0.0292	0.0001	0.0001	0.0000	0.0003	0.0002	0.0000	0.0000	0.0000	0.0000	0.0016	0.0019	0.0008	0.0022	0.0026	0.0005	0.0006	0.0002	0.0010
69	113	0.5454	8	1	1	1	0	0	0	0	0	N	N	N	N	N	N	N	N	N	N	N	N	0.0000	0.0000	0.0000	0.0000	0.0000	0.0000	0.0000	0.0000	0.0000	0.0000	0.0000	0.0000	0.0000	0.0000	0.0000	0.0000	0.0000	0.0000	0.0335	0.0456	0.0013	0.0572	0.0678	0.0001	0.0016	0.0014	0.0018	0.0103	0.0000	-0.0031	1.0155	8.6129	5.9708	5.1709	0.0000	0.0000	0.0000	0.0000	0.0000	0.0000	0.0000	0.0000	0.0000	0.0069	0.0069	0.0001	0.0068	0.0068	0.0000	0.0001	0.0001	0.0001	0.0819	0.0725	0.0093	0.0276	0.0263	0.0013	0.0542	0.0462	0.0080	0.2076	0.1508	0.0568	0.1190	0.1004	0.0187	0.0885	0.0504	0.0381	0.0000	0.0000	0.0000	0.0000	0.0000	0.0000	0.0000	0.0000	0.0000	0.0335	0.0456	0.0013	0.0572	0.0678	0.0001	0.0016	0.0014	0.0018	
69	114	0.4503	7	1	1	1	0	0	0	0	0	N	N	N	N	N	N	N	N	N	N	N	N	0.0092	0.0070	0.0350	0.0003	0.0002	0.0004	0.3393	0.7790	0.1454	0.0039	0.0040	0.0031	0.0002	0.0002	0.0001	0.0052	0.0055	0.0036	0.4218	0.5713	0.0890	0.7606	0.8840	0.2204	0.0153	0.0070	0.0250	0.1179	0.0699	-0.0002	-0.0669	1.0155	16.8607	5.9708	22.7724	0.0005	0.0004	0.0001	0.0000	0.0000	0.0000	0.0005	0.0004	0.0000	0.1702	0.1591	0.0111	0.1674	0.1584	0.0090	0.0028	0.0007	0.0021	0.1226	0.1065	0.0161	0.0319	0.0296	0.0024	0.0906	0.0769	0.0137	0.4035	0.2785	0.1250	0.2201	0.1792	0.0409	0.1834	0.0993	0.0841	0.0092	0.0070	0.0350	0.0003	0.0002	0.0004	0.3393	0.7790	0.1454	0.4218	0.5713	0.0890	0.7606	0.8840	0.2204	0.0153	0.0070	0.0250
69	115	0.0212	2	2	1	2	0	0	0	0	0	Y	N	Y	N	N	N	N	N	N	N	N	N	0.0001	0.0000	2.0611	0.0000	0.0000	0.0000	0.7378	0.0000	1.9529	0.0000	0.0000	0.0000	0.0000	0.0000	0.0000	0.0000	0.0000	0.0000	0.0093	0.0148	0.0000	0.0266	0.0289	0.0000	0.0000	0.0000	0.0000	inf	0.0001	0.0000	-0.0006	1.0155	1.0009	5.9708	4.0038	0.0000	0.0000	0.0000	0.0000	0.0000	0.0000	0.0000	0.0000	0.0000	0.0012	0.0012	0.0000	0.0012	0.0012	0.0000	0.0000	0.0000	0.0000	0.0090	0.0073	0.0017	0.0010	0.0010	0.0000	0.0080	0.0063	0.0017	0.1337	0.0839	0.0499	0.0466	0.0428	0.0038	0.0872	0.0411	0.0461	0.0001	0.0000	2.0611	0.0000	0.0000	0.0000	0.7378	0.0000	1.9529	0.0093	0.0148	0.0000	0.0266	0.0289	0.0000	0.0000	0.0000	0.0000
69	117	0.3376	5	1	2	1	1	0	0	0	0	N	Y	N	N	N	N	N	N	N	N	N	N	0.0001	0.0000	0.0203	0.0005	0.0001	0.9843	0.0000	0.0000	0.0008	0.0002	0.0001	0.0011	0.0007	0.0002	0.0104	0.0000	0.0000	0.0001	1.3517	1.8673	0.0533	1.4094	1.6739	0.0106	1.2770	2.2473	0.0730	2.3699	0.0113	0.0000	-0.3293	1.0155	10.5071	5.9708	20.2622	0.0000	0.0000	0.0000	0.0000	0.0000	0.0000	0.0000	0.0000	0.0000	0.7365	0.7282	0.0082	0.4332	0.4327	0.0005	0.3033	0.2956	0.0077	0.0913	0.0801	0.0111	0.0243	0.0232	0.0011	0.0670	0.0570	0.0100	0.5449	0.3900	0.1549	0.3074	0.2585	0.0489	0.2375	0.1315	0.1060	0.0001	0.0000	0.0203	0.0005	0.0001	0.9843	0.0000	0.0000	0.0008	1.3517	1.8673	0.0533	1.4094	1.6739	0.0106	1.2770	2.2473	0.0730
69	118	0.1014	4	1	2	1	1	0	0	0	0	N	Y	N	N	N	N	N	N	N	N	N	N	0.0000	0.0000	0.0000	0.0276	0.0360	0.0000	0.0000	0.0000	0.0000	0.0000	0.0000	0.0000	0.0000	0.0000	0.0000	0.0000	0.0000	0.0000	3.0866	5.3337	0.0550	0.0013	0.0010	0.0046	3.8368	7.0997	0.0569	0.0000	0.0069	-0.0000	-0.4468	1.0155	4.0036	5.9708	26.5072	0.0000	0.0000	0.0000	0.0000	0.0000	0.0000	0.0000	0.0000	0.0000	0.9897	0.9829	0.0068	0.0001	0.0001	0.0000	0.9897	0.9829	0.0068	0.0277	0.0236	0.0042	0.0021	0.0020	0.0001	0.0256	0.0216	0.0041	0.3207	0.1968	0.1239	0.0627	0.0583	0.0044	0.2579	0.1384	0.1195	0.0000	0.0000	0.0000	0.0276	0.0360	0.0000	0.0000	0.0000	0.0000	3.0866	4.9953	0.0550	0.0013	0.0010	0.0046	3.8368	7.0997	0.0569
69	119	0.1398	5	1	2	1	0	0	0	0	0	N	Y	N	N	N	N	N	N	N	N	N	N	0.0020	0.0000	0.0032	0.7051	0.0000	10.0352	0.0001	0.0000	0.0001	0.0080	0.0000	0.0573	0.0330	0.0000	0.5053	0.0003	0.0000	0.0018	3.9062	0.0150	18.0391	0.0468	0.0466	0.0503	4.8590	0.0002	15.1170	17458.8242	408.0525	0.0002	0.6259	1.0155	3.8169	5.9708	21.2433	0.0003	0.0000	0.0003	0.0003	0.0000	0.0003	0.0000	0.0000	0.0000	1.1609	0.0028	1.1581	0.0030	0.0028	0.0002	1.1579	0.0000	1.1578	0.0397	0.0341	0.0055	0.0094	0.0087	0.0006	0.0303	0.0254	0.0049	0.3031	0.1896	0.1135	0.0648	0.0603	0.0045	0.2383	0.1293	0.1090	0.0021	0.0000	0.0056	0.7051	0.0000	10.0352	0.0001	0.0000	0.0002	3.8297	0.0150	10.2037	0.0468	0.0466	0.0503	4.8590	0.0002	10.6262
69	120	0.4855	9	1	2	1	0	0	0	0	0	N	Y	N	N	N	N	N	N	N	N	N	N	1.2965	1.0545	0.0000	5.8163	5.1522	0.0000	0.0135	0.0089	0.0000	0.1210	0.1390	0.0000	0.3859	0.4159	0.0000	0.0018	0.0021	0.0000	0.0933	0.1319	0.0014	0.0664	0.0807	0.0037	0.1300	0.2333	0.0002	0.0000	0.0046	-0.0073	-0.0263	1.0155	16.3276	5.9708	34.9199	0.0166	0.0166	0.0000	0.0164	0.0164	0.0000	0.0002	0.0002	0.0000	0.0579	0.0577	0.0003	0.0237	0.0235	0.0002	0.0342	0.0342	0.0000	0.1368	0.1191	0.0178	0.0425	0.0394	0.0031	0.0943	0.0797	0.0147	0.6207	0.4373	0.1834	0.3575	0.2908	0.0667	0.2632	0.1465	0.1167	1.2965	1.0545	0.0000	5.8163	5.1522	0.0000	0.0135	0.0089	0.0000	0.0933	0.1319	0.0014	0.0664	0.0807	0.0037	0.1300	0.2333	0.0002
69	121	0.4681	8	1	2	1	0	0	0	0	0	N	Y	N	N	N	N	N	N	N	N	N	N	0.0390	0.0400	0.0129	0.0975	0.0988	0.0563	0.0056	0.0059	0.0056	0.0346	0.0385	0.0090	0.1187	0.1214	0.0658	0.0022	0.0022	0.0024	0.8889	0.9615	0.7015	1.2181	1.2284	1.1687	0.3959	0.3737	0.4245	0.0351	0.2826	-0.0007	-0.0872	1.0155	6.1757	5.9708	14.5601	0.0018	0.0018	0.0001	0.0017	0.0017	0.0000	0.0001	0.0001	0.0000	0.3665	0.2858	0.0808	0.3012	0.2511	0.0501	0.0654	0.0347	0.0307	0.0527	0.0459	0.0068	0.0147	0.0139	0.0007	0.0380	0.0319	0.0061	0.4123	0.2972	0.1151	0.2472	0.2044	0.0428	0.1651	0.0928	0.0723	0.0390	0.0400	0.0129	0.0975	0.0988	0.0563	0.0056	0.0059	0.0056	0.8889	0.9615	0.7015	1.2181	1.2284	1.1687	0.3959	0.3737	0.4245
69	122	0.4151	7	1	1	1	0	0	0	0	0	N	N	N	N	N	N	N	N	N	N	N	N	0.0008	0.0006	0.0037	0.0014	0.0011	0.0119	0.0002	0.0000	0.0008	0.0021	0.0020	0.0031	0.0067	0.0059	0.0200	0.0001	0.0000	0.0004	2.6508	3.3652	0.8489	4.6752	5.1857	1.6843	0.2549	0.0769	0.4846	0.2319	0.1000	-0.0000	-0.4444	1.0155	7.5400	5.9708	21.4192	0.0001	0.0001	0.0000	0.0001	0.0001	0.0000	0.0000	0.0000	0.0000	1.2095	1.0995	0.1100	1.1568	1.0906	0.0663	0.0527	0.0090	0.0437	0.0677	0.0591	0.0086	0.0210	0.0197	0.0012	0.0467	0.0393	0.0074	0.4563	0.3267	0.1295	0.2496	0.2103	0.0393	0.2066	0.1164	0.0902	0.0008	0.0006	0.0037	0.0015	0.0011	0.0119	0.0002	0.0000	0.0008	2.6508	3.3652	0.8489	4.6339	5.1857	1.6843	0.2549	0.0769	0.4846
69	123	0.0716	4	1	2	1	0	0	0	0	0	N	Y	N	N	N	N	N	N	N	N	N	N	0.0000	0.0000	0.0000	0.0000	0.0000	0.0000	0.0000	0.0000	0.0000	0.0000	0.0000	0.0000	0.0000	0.0000	0.0000	0.0000	0.0000	0.0262	0.0000	0.0692	0.0030	0.0001	0.0252	0.0321	0.0000	0.0722	2292.2138	0.0000	0.0039	1.0155	4.0019	5.9708	19.5615	0.0000	0.0000	0.0000	0.0000	0.0000	0.0000	0.0000	0.0000	0.0000	0.0072	0.0000	0.0072	0.0002	0.0000	0.0002	0.0070	0.0000	0.0070	0.0298	0.0253	0.0045	0.0017	0.0016	0.0001	0.0281	0.0236	0.0045	0.2749	0.1711	0.1038	0.0562	0.0497	0.0065	0.2187	0.1213	0.0973	0.0000	0.0000	0.0000	0.0000	0.0000	0.0000	0.0000	0.0000	0.0000	0.0262	0.0000	0.0692	0.0030	0.0001	0.0252	0.0321	0.0000	0.0722		
69	124	0.0495	3	1	1	1	0	0	0	0	0	N	N	N	N	N	N	N	N	N	N	N	N	0.0357	0.0237	1.7196	0.0332	0.0324	1.3096	0.2123	0.0000	1.6204	0.0010	0.0011	0.0006	0.0049	0.0049	0.0040	0.0001	0.0000	0.0005	0.0285	0.0455	0.0004	0.1474	0.1516	0.0030	0.0004	0.0005	0.0003	0.0988	0.0050	-0.0000	-0.0018	1.0155	1.2223	5.9708	8.2281	0.0000	0.0000	0.0000	0.0000	0.0000	0.0000	0.0000	0.0000	0.0000	0.0039	0.0038	0.0000	0.0038	0.0038	0.0000	0.0000	0.0000	0.0000	0.0130	0.0112	0.0019	0.0025	0.0024	0.0001	0.0105	0.0087	0.0018	0.1358	0.0845	0.0514	0.0259	0.0252	0.0007	0.1099	0.0593	0.0506	0.0357	0.0237	1.7196	0.0332	0.0324	1.3096	0.2123	0.0000	1.6204	0.0285	0.0455	0.0004	0.1474	0.1516	0.0030	0.0004	0.0005	0.0003
69	126	0.1385	6	1	2	1	0	0	0	0	0	N	Y	N	N	N	N	N	N	N	N	N	N	0.0006	0.0000	0.2641	0.0000	0.0000	0.0000	0.0178	0.0000	0.2570	0.0000	0.0000	0.0002	0.0000	0.0000	0.0000	0.0000	0.0000	0.0003	0.0584	0.0900	0.0009	0.2027	0.2243	0.0002	0.0024	0.0035	0.0010	inf	0.0057	0.0000	-0.0071	1.0155	5.0407	5.9708	17.1705	0.0000	0.0000	0.0000	0.0000	0.0000	0.0000	0.0000	0.0000	0.0000	0.0157	0.0156	0.0001	0.0152	0.0152	0.0000	0.0005	0.0004	0.0001	0.0385	0.0327	0.0059	0.0047	0.0045	0.0002	0.0339	0.0282	0.0057	0.2686	0.1734	0.0952	0.0752	0.0679	0.0072	0.1934	0.1055	0.0879	0.0006	0.0000	0.2641	0.0000	0.0000	0.0000	0.0178	0.0000	0.2570	0.0584	0.0900	0.0009	0.2027	0.2243	0.0002	0.0024	0.0035	0.0010
69	127	0.1225	5	1	2	1	0	0	0	0	0	N	Y	N	N	N	N	N	N	N	N	N	N	0.0067	0.0001	0.0238	0.0006	0.0006	0.0000	0.0061	0.0000	0.0238	0.0011	0.0000	0.0070	0.0000	0.0000	0.0000	0.0013	0.0000	0.0073	0.1587	0.0978	0.2933	0.0625	0.0587	0.1245	0.2043	0.1285	0.3041	186.6948	1.3579	0.0000	0.0025	1.0155	1.9703	5.9708	6.2034	0.0000	0.0000	0.0000	0.0000	0.0000	0.0000	0.0000	0.0000	0.0000	0.0216	0.0091	0.0124	0.0027	0.0024	0.0003	0.0188	0.0067	0.0121	0.0164	0.0139	0.0025	0.0026	0.0025	0.0001	0.0138	0.0114	0.0024	0.1359	0.0936	0.0423	0.0437	0.0412	0.0025	0.0922	0.0524	0.0398	0.0067	0.0001	0.0238	0.0006	0.0006	0.0000	0.0061	0.0000	0.0238	0.1587	0.0978	0.2933	0.0625	0.0587	0.1245	0.2043	0.1285	0.3041
69	128	0.1014	4	1	1	1	0	0	0	0	0	N	N	N	N	N	N	N	N	N	N	N	N	0.0000	0.0000	0.0993	0.0242	0.0262	0.0000	0.0000	0.0000	0.1002	0.0002	0.0000	0.0011	0.0001	0.0001	0.0000	0.0002	0.0000	0.0011	11.5254	22.1570	0.0109	0.0046	0.0045	0.0065	10.8145	20.8609	0.0111	18.6926	0.0005	0.0000	-0.4565	1.0155	1.1032	5.9708	7.8190	0.0000	0.0000	0.0000	0.0000	0.0000	0.0000	0.0000	0.0000	0.0000	0.9969	0.9964	0.0005	0.0001	0.0001	0.0000	0.9968	0.9963	0.0005	0.0078	0.0066	0.0012	0.0006	0.0006	0.0000	0.0072	0.0060	0.0012	0.1218	0.0760	0.0458	0.0296	0.0282	0.0014	0.0922	0.0478	0.0444	0.0000	0.0000	0.0993	0.0242	0.0262	0.0000	0.0000	0.0000	0.1002	8.1862	13.1145	0.0109	0.0046	0.0045	0.0065	10.8145	20.8609	0.0111
69	129	0.4444	8	1	2	1	0	0	0	0	0	N	Y	N	N	N	N	N	N	N	N	N	N	0.0000	0.0000	0.0000	0.0000	0.0000	0.0000	0.0000	0.0000	0.0000	0.0000	0.0000	0.0000	0.0000	0.0000	0.0000	0.0000	0.0000	6.3393	0.0000	56.3332	2.1304	0.0000	64.2182	9.3308	0.0000	46.3448	20200378.1516	0.0000	0.3764	1.0155	1.0033	5.9708	0.8635	0.0000	0.0000	0.0000	0.0000	0.0000	0.0000	0.0000	0.0000	0.0000	0.6949	0.0000	0.6949	0.1539	0.0000	0.1539	0.5410	0.0000	0.5410	0.0222	0.0202	0.0021	0.0122	0.0116	0.0006	0.0101	0.0086	0.0014	0.1302	0.1013	0.0289	0.0722	0.0676	0.0046	0.0580	0.0337	0.0243	0.0000	0.0000	0.0000	0.0000	0.0000	0.0000	0.0000	0.0000	0.0000	5.3369	0.0000	24.0070	2.1304	0.0000	33.3442	9.3308	0.0000	22.2362		
69	130	0.4151	7	1	1	1	0	0	0	0	0	N	N	N	N	N	N	N	N	N	N	N	N	0.0000	0.0000	0.0000	0.0000	0.0000	0.0000	0.0000	0.0000	0.0000	0.0000	0.0000	0.0000	0.0000	0.0000	0.0000	0.0000	0.0000	0.0000	1.3911	0.7108	3.2606	0.2540	0.2156	0.4789	2.9105	1.6990	4.5287	0.3636	1.6690	-0.0000	0.0853	1.0155	5.5514	5.9708	9.9598	0.0000	0.0000	0.0000	0.0000	0.0000	0.0000	0.0000	0.0000	0.0000	0.5109	0.1914	0.3195	0.0534	0.0387	0.0147	0.4575	0.1527	0.3048	0.0544	0.0476	0.0069	0.0183	0.0173	0.0010	0.0361	0.0303	0.0058	0.3672	0.2693	0.0980	0.2101	0.1794	0.0307	0.1572	0.0899	0.0673	0.0000	0.0000	0.0000	0.0000	0.0000	0.0000	0.0000	0.0000	0.0000	1.3911	0.7108	3.2606	0.2540	0.2156	0.4789	2.9105	1.6990	4.5287
69	131	0.3848	6	1	1	1	0	0	0	0	0	N	N	N	N	N	N	N	N	N	N	N	N	0.0015	0.0016	0.0014	0.0013	0.0014	0.0020	0.0028	0.0082	0.0017	0.0012	0.0011	0.0015	0.0015	0.0014	0.0042	0.0010	0.0010	0.0012	0.8016	0.6886	1.0888	1.1579	0.9936	2.0788	0.3678	0.1246	0.6754	0.1895	0.6221	-0.0000	-0.0236	1.0155	9.1969	5.9708	13.4651	0.0001	0.0001	0.0000	0.0000	0.0000	0.0000	0.0001	0.0000	0.0000	0.3149	0.1942	0.1208	0.2497	0.1818	0.0679	0.0652	0.0123	0.0529	0.0788	0.0689	0.0099	0.0209	0.0199	0.0010	0.0579	0.0490	0.0089	0.3929	0.2820	0.1109	0.2157	0.1830	0.0327	0.1772	0.0990	0.0783	0.0015	0.0016	0.0014	0.0013	0.0014	0.0020	0.0028	0.0082	0.0017	0.8016	0.6886	1.0888	1.1579	0.9936	2.0788	0.3678	0.1246	0.6754
69	132	0.1983	8	2	2	1	1	0	0	0	0	Y	Y	N	N	N	N	N	N	N	N	N	N	0.0000	0.0000	0.0000	0.0000	0.0000	0.0000	0.0000	0.0000	0.0000	0.0000	0.0000	0.0000	0.0000	0.0000	0.0000	0.0000	0.0000	0.0000	0.0000	0.0000	0.0000	0.0000	0.0000	0.0000	inf	0.0000	0.0000	1.0155	1.0000	5.9708	3.0001	0.0000	0.0000	0.0000	0.0000	0.0000	0.0000	0.0000	0.0000	0.0000	0.0000	0.0000	0.0000	0.0000	0.0000	0.0000	0.0000	0.0000	0.0000	0.0073	0.0061	0.0012	0.0007	0.0006	0.0001	0.0066	0.0055	0.0010	0.0382	0.0211	0.0170	0.0051	0.0045	0.0006	0.0331	0.0166	0.0165	0.0000	0.0000	0.0000	0.0000	0.0000	0.0000	0.0000	0.0000	0.0000	0.0000	0.0000	0.0000	0.0000	0.0000	0.0000	0.0000	0.0000	0.0000				
69	133	0.5972	12	2	2	1	1	0	0	0	0	Y	Y	N	N	N	N	N	N	N	N	N	N	0.0000	0.0000	0.0000	0.0000	0.0000	0.0000	0.0000	0.0000	0.0000	0.0000	0.0000	0.0000	0.0000	0.0006	0.0000	0.0018	0.0010	0.0000	0.0060	0.0000	0.0000	0.0000	inf	0.0000	0.0000	1.0155	0.0006	5.9708	1.9797	0.0000	0.0000	0.0000	0.0000	0.0000	0.0000	0.0000	0.0000	0.0000	0.0000	0.0000	0.0000	0.0000	0.0000	0.0000	0.0000	0.0000	0.0000	0.0000	0.0000	0.0000	0.0000	0.0000	0.0000	0.0000	0.0000	0.0000	0.0177	0.0123	0.0054	0.0096	0.0079	0.0016	0.0081	0.0044	0.0038	0.0000	0.0000	0.0000	0.0000	0.0000	0.0000	0.0000	0.0000	0.0000	0.0006	0.0000	0.0018	0.0010	0.0000	0.0060	0.0000	0.0000	0.0000						
69	134	0.5805	11	2	2	1	1	0	0	0	0	Y	Y	N	N	N	N	N	N	N	N	N	N	0.0000	0.0000	0.0000	0.0000	0.0000	0.0000	0.0000	0.0000	0.0000	0.0000	0.0000	0.0000	0.0000	0.0000	0.0000	0.0000	0.0000	0.0000	0.0000	0.0001	0.0000	0.0000	0.0000	0.0001	0.0000	0.0002	2072.8267	0.0000	0.0000	1.0155	2.0077	5.9708	6.0321	0.0000	0.0000	0.0000	0.0000	0.0000	0.0000	0.0000	0.0000	0.0000	0.0000	0.0000	0.0000	0.0000	0.0000	0.0000	0.0000	0.0000	0.0000	0.0143	0.0124	0.0019	0.0044	0.0040	0.0003	0.0100	0.0084	0.0016	0.0652	0.0447	0.0205	0.0346	0.0282	0.0064	0.0306	0.0166	0.0140	0.0000	0.0000	0.0000	0.0000	0.0000	0.0000	0.0000	0.0000	0.0000	0.0000	0.0000	0.0001	0.0000	0.0000	0.0000	0.0001	0.0000	0.0002		
69	135	0.5757	11	1	2	1	1	0	0	0	0	N	Y	N	N	N	N	N	N	N	N	N	N	0.0118	0.0372	0.0254	0.0284	0.0897	0.0671	0.0027	0.0000	0.0079	0.0004	0.0000	0.0023	0.0011	0.0001	0.0138	0.0001	0.0000	0.0003	0.0296	0.0009	0.0923	0.0380	0.0012	0.2059	0.0197	0.0004	0.0413	11.1391	46.9902	0.0000	0.0017	1.0155	3.0348	5.9708	9.3583	0.0000	0.0000	0.0000	0.0000	0.0000	0.0000	0.0000	0.0000	0.0000	0.0033	0.0001	0.0033	0.0023	0.0001	0.0022	0.0010	0.0000	0.0010	0.0220	0.0190	0.0030	0.0064	0.0059	0.0005	0.0157	0.0131	0.0026	0.1122	0.0769	0.0352	0.0606	0.0497	0.0109	0.0516	0.0272	0.0243	0.0118	0.0372	0.0254	0.0284	0.0897	0.0671	0.0027	0.0000	0.0079	0.0296	0.0009	0.0923	0.0380	0.0012	0.2059	0.0197	0.0004	0.0413
69	136	0.5614	10	1	1	1	1	0	0	0	0	N	N	N	N	N	N	N	N	N	N	N	N	0.3662	0.2685	841.5839	0.5505	0.4748	0.0000	116.3690	0.0000	700.5412	0.0212	0.0228	0.0119	0.0612	0.0649	0.0000	0.0026	0.0000	0.0136	0.0579	0.0849	0.0000	0.1111	0.1368	0.0000	0.0000	0.0000	0.0000	0.0897	0.0001	-0.0000	-0.0015	1.0155	0.0433	5.9708	6.6805	0.0000	0.0000	0.0000	0.0000	0.0000	0.0000	0.0000	0.0000	0.0000	0.0033	0.0033	0.0000	0.0033	0.0033	0.0000	0.0000	0.0000	0.0000	0.0004	0.0003	0.0001	0.0001	0.0001	0.0000	0.0002	0.0002	0.0000	0.0569	0.0388	0.0181	0.0296	0.0241	0.0056	0.0272	0.0147	0.0125	0.3662	0.2685	841.5839	0.5505	0.4748	0.0000	116.3690	0.0000	700.5412	0.0579	0.0849	0.0000	0.1111	0.1368	0.0000	0.0000	0.0000	0.0000
69	137	0.2279	10	1	2	1	1	0	0	0	0	N	Y	N	N	N	N	N	N	N	N	N	N	0.0000	0.0000	0.0000	0.0000	0.0000	0.0000	0.0000	0.0000	0.0000	0.0000	0.0000	0.0000	0.0000	0.0000	0.0000	0.0000	0.0000	0.0000	0.0000	0.0000	1.0155	0.0000	5.9708	0.0000	0.0000	0.0000	0.0000	0.0000	0.0000	0.0000	0.0000	0.0000	0.0000	0.0000	0.0000	0.0000	0.0000	0.0000	0.0000	0.0000	0.0000	0.0000	0.0000	0.0000	0.0000	0.0000	0.0000	0.0000	0.0000	0.0000	0.0000	0.0000	0.0000	0.0000	0.0000	0.0000	0.0000	0.0000	0.0000	0.0000	0.0000	0.0000	0.0000	0.0000	0.0000	0.0000	0.0000	0.0000	0.0000	0.0000	0.0000	0.0000	0.0000	0.0000	0.0000	0.0000	0.0000	0.0000											
69	138	0.2228	9	1	2	1	1	0	0	0	0	N	Y	N	N	N	N	N	N	N	N	N	N	0.0000	0.0000	0.0000	0.0000	0.0000	0.0000	0.0000	0.0000	0.0000	0.0000	0.0000	0.0000	0.0000	0.0000	0.0000	0.0000	0.0000	0.0000	0.0000	0.0000	0.0000	0.0000	0.0000	0.0000	-0.0000	1.0155	0.0021	5.9708	2.0000	0.0000	0.0000	0.0000	0.0000	0.0000	0.0000	0.0000	0.0000	0.0000	0.0000	0.0000	0.0000	0.0000	0.0000	0.0000	0.0000	0.0000	0.0000	0.0000	0.0000	0.0000	0.0000	0.0000	0.0000	0.0000	0.0000	0.0000	0.0190	0.0105	0.0085	0.0031	0.0027	0.0004	0.0159	0.0078	0.0081	0.0000	0.0000	0.0000	0.0000	0.0000	0.0000	0.0000	0.0000	0.0000	0.0000	0.0000	0.0000	0.0000	0.0000	0.0000	0.0000	0.0000	0.0000						
69	139	0.2126	8	1	1	1	1	0	0	0	0	N	N	N	N	N	N	N	N	N	N	N	N	0.0000	0.0000	0.0000	0.0000	0.0000	0.0000	0.0000	0.0000	0.0000	0.0000	0.0000	0.0000	0.0000	0.0000	0.0000	0.0000	0.0005	0.0009	0.0000	0.0033	0.0038	0.0000	0.0000	0.0000	0.0000	0.0030	0.0000	-0.0000	1.0155	1.0020	5.9708	3.0181	0.0000	0.0000	0.0000	0.0000	0.0000	0.0000	0.0000	0.0000	0.0000	0.0000	0.0000	0.0000	0.0000	0.0000	0.0000	0.0000	0.0000	0.0000	0.0073	0.0061	0.0012	0.0007	0.0006	0.0001	0.0066	0.0055	0.0010	0.0386	0.0212	0.0174	0.0060	0.0052	0.0008	0.0326	0.0160	0.0166	0.0000	0.0000	0.0000	0.0000	0.0000	0.0000	0.0000	0.0000	0.0000	0.0005	0.0009	0.0000	0.0033	0.0038	0.0000	0.0000	0.0000	0.0000			
69	140	0.1983	8	1	2	1	0	0	0	0	0	N	Y	N	N	N	N	N	N	N	N	N	N	0.0000	0.0000	0.0000	0.0000	0.0000	0.0000	0.0000	0.0000	0.0000	0.0000	0.0000	0.0000	0.0000	0.0000	0.0000	0.0000	0.0000	0.0000	0.0000	0.0000	0.0000	0.0000	0.0000	0.0000	inf	0.0000	0.0000	1.0155	0.0000	5.9708	4.0001	0.0000	0.0000	0.0000	0.0000	0.0000	0.0000	0.0000	0.0000	0.0000	0.0000	0.0000	0.0000	0.0000	0.0000	0.0000	0.0000	0.0000	0.0000	0.0000	0.0000	0.0000	0.0000	0.0000	0.0000	0.0000	0.0000	0.0000	0.0382	0.0211	0.0170	0.0051	0.0045	0.0006	0.0331	0.0166	0.0165	0.0000	0.0000	0.0000	0.0000	0.0000	0.0000	0.0000	0.0000	0.0000	0.0000	0.0000	0.0000	0.0000	0.0000	0.0000	0.0000	0.0000	0.0000				
69	141	0.5759	10	1	2	1	0	0	0	0	0	N	Y	N	N	N	N	N	N	N	N	N	N	0.0000	0.0000	0.0000	0.0000	0.0000	0.0000	0.0000	0.0000	0.0000	0.0000	0.0000	0.0000	0.0000	0.0000	0.0000	0.0000	0.0000	0.0000	0.0000	0.0000	0.0000	0.0000	0.0000	0.0000	0.0000	0.0000	19.3437	0.0000	0.0000	1.0155	1.0003	5.9708	5.0186	0.0000	0.0000	0.0000	0.0000	0.0000	0.0000	0.0000	0.0000	0.0000	0.0000	0.0000	0.0000	0.0000	0.0000	0.0000	0.0000	0.0000	0.0000	0.0072	0.0062	0.0009	0.0022	0.0020	0.0002	0.0050	0.0042	0.0008	0.0497	0.0341	0.0156	0.0264	0.0215	0.0049	0.0233	0.0126	0.0107	0.0000	0.0000	0.0000	0.0000	0.0000	0.0000	0.0000	0.0000	0.0000	0.0000	0.0000	0.0000	0.0000	0.0000	0.0000	0.0000	0.0000	0.0000		
69	142	0.2126	8	1	1	2	1	0	0	0	0	N	N	Y	N	N	N	N	N	N	N	N	N	0.0000	0.0000	0.0000	0.0000	0.0000	0.0000	0.0000	0.0000	0.0000	0.0000	0.0000	0.0000	0.0000	0.0000	0.0000	0.0000	0.0000	0.0000	0.0000	0.0000	0.0000	0.0000	inf	0.0000	0.0000	1.0155	0.0001	5.9708	9.0026	0.0000	0.0000	0.0000	0.0000	0.0000	0.0000	0.0000	0.0000	0.0000	0.0000	0.0000	0.0000	0.0000	0.0000	0.0000	0.0000	0.0000	0.0000	0.0000	0.0000	0.0000	0.0000	0.0000	0.0000	0.0000	0.0000	0.0000	0.0846	0.0465	0.0381	0.0132	0.0114	0.0018	0.0714	0.0351	0.0363	0.0000	0.0000	0.0000	0.0000	0.0000	0.0000	0.0000	0.0000	0.0000	0.0000	0.0000	0.0000	0.0000	0.0000	0.0000	0.0000	0.0000	0.0000						
69	143	0.5614	10	1	1	2	1	0	0	0	0	N	N	Y	N	N	N	N	N	N	N	N	N	0.0000	0.0000	0.0000	0.0000	0.0000	0.0000	0.0000	0.0000	0.0000	0.0000	0.0000	0.0000	0.0000	0.0000	0.0000	0.0000	0.0000	0.0000	0.0846	0.1243	0.0000	0.1624	0.2002	0.0000	0.0003	0.0005	0.0000	0.0000	0.0000	-0.0032	1.0155	2.0061	5.9708	8.0425	0.0000	0.0000	0.0000	0.0000	0.0000	0.0000	0.0000	0.0000	0.0000	0.0070	0.0070	0.0000	0.0070	0.0070	0.0000	0.0000	0.0000	0.0000	0.0142	0.0123	0.0019	0.0040	0.0037	0.0003	0.0102	0.0086	0.0016	0.0832	0.0567	0.0266	0.0433	0.0351	0.0082	0.0399	0.0215	0.0184	0.0000	0.0000	0.0000	0.0000	0.0000	0.0000	0.0000	0.0000	0.0000	0.0846	0.1243	0.0000	0.1624	0.2002	0.0000	0.0003	0.0005	0.0000	
69	144	0.5523	9	1	1	1	1	0	0	0	0	N	N	N	N	N	N	N	N	N	N	N	N	0.0000	0.0000	0.0000	0.0000	0.0000	0.0000	0.0000	0.0000	0.0000	0.0000	0.0000	0.0000	0.0000	0.0000	0.0000	0.0000	0.0000	0.0008	0.0010	0.0000	0.0015	0.0017	0.0000	0.0000	0.0000	0.0000	0.0015	0.0000	-0.0000	1.0155	1.9550	5.9708	2.1189	0.0000	0.0000	0.0000	0.0000	0.0000	0.0000	0.0000	0.0000	0.0000	0.0000	0.0000	0.0000	0.0000	0.0000	0.0000	0.0000	0.0000	0.0000	0.0149	0.0128	0.0020	0.0050	0.0045	0.0004	0.0099	0.0083	0.0016	0.0525	0.0381	0.0144	0.0270	0.0235	0.0035	0.0255	0.0146	0.0109	0.0000	0.0000	0.0000	0.0000	0.0000	0.0000	0.0000	0.0000	0.0000	0.0008	0.0010	0.0000	0.0015	0.0017	0.0000	0.0000	0.0000	0.0000		
69	145	0.5523	9	1	1	2	1	0	0	0	0	N	N	Y	N	N	N	N	N	N	N	N	N	0.0000	0.0000	0.0000	0.0000	0.0000	0.0000	0.0000	0.0000	0.0000	0.0000	0.0000	0.0000	0.0000	0.0000	0.0000	0.0000	0.0000	0.0000	0.0003	0.0005	0.0000	0.0005	0.0007	0.0000	0.0001	0.0002	0.0000	0.0009	0.0000	-0.0000	1.0155	2.1261	5.9708	18.6477	0.0000	0.0000	0.0000	0.0000	0.0000	0.0000	0.0000	0.0000	0.0000	0.0001	0.0001	0.0000	0.0000	0.0000	0.0000	0.0000	0.0000	0.0000	0.0161	0.0139	0.0022	0.0053	0.0049	0.0005	0.0107	0.0090	0.0017	0.1794	0.1239	0.0556	0.0918	0.0759	0.0159	0.0876	0.0480	0.0397	0.0000	0.0000	0.0000	0.0000	0.0000	0.0000	0.0000	0.0000	0.0000	0.0003	0.0005	0.0000	0.0005	0.0007	0.0000	0.0001	0.0002	0.0000	
69	146	0.2126	8	1	1	2	1	0	0	0	0	N	N	Y	N	N	N	N	N	N	N	N	N	0.0000	0.0000	0.0000	0.0000	0.0000	0.0000	0.0000	0.0000	0.0000	0.0000	0.0000	0.0000	0.0000	0.0000	0.0000	0.0000	0.0000	0.0000	0.0000	0.0000	0.0000	0.0000	inf	0.0000	0.0000	1.0155	2.0001	5.9708	5.9880	0.0000	0.0000	0.0000	0.0000	0.0000	0.0000	0.0000	0.0000	0.0000	0.0000	0.0000	0.0000	0.0000	0.0000	0.0000	0.0000	0.0000	0.0000	0.0145	0.0121	0.0023	0.0014	0.0011	0.0003	0.0130	0.0110	0.0021	0.0754	0.0414	0.0340	0.0118	0.0102	0.0016	0.0636	0.0313	0.0323	0.0000	0.0000	0.0000	0.0000	0.0000	0.0000	0.0000	0.0000	0.0000	0.0000	0.0000	0.0000	0.0000	0.0000	0.0000	0.0000	0.0000	0.0000						
69	147	0.2126	8	1	1	2	1	0	0	0	0	N	N	Y	N	N	N	N	N	N	N	N	N	0.0000	0.0000	0.0000	0.0000	0.0000	0.0000	0.0000	0.0000	0.0000	0.0000	0.0000	0.0000	0.0000	0.0000	0.0000	0.0000	0.0000	0.0000	0.1453	0.1022	0.1988	0.2193	0.2431	0.0714	0.1318	0.0574	0.2052	1.5698	0.0000	0.0061	1.0155	9.0001	5.9708	23.0169	0.0000	0.0000	0.0000	0.0000	0.0000	0.0000	0.0000	0.0000	0.0000	0.0398	0.0155	0.0243	0.0093	0.0089	0.0004	0.0305	0.0066	0.0239	0.0629	0.0528	0.0101	0.0062	0.0050	0.0012	0.0567	0.0478	0.0089	0.2737	0.1514	0.1223	0.0424	0.0365	0.0059	0.2313	0.1149	0.1164	0.0000	0.0000	0.0000	0.0000	0.0000	0.0000	0.0000	0.0000	0.0000	0.1453	0.1022	0.1988	0.2193	0.2431	0.0714	0.1318	0.0574	0.2052	
69	148	0.1873	7	1	1	1	1	0	0	0	0	N	N	N	N	N	N	N	N	N	N	N	N	0.0115	1.0323	0.0001	1.8286	2.8412	0.0000	0.0002	36.6660	0.0001	0.0008	0.0010	0.0000	0.0079	0.0099	0.0000	0.0000	0.0000	0.0000	0.0700	0.0009	0.1596	0.0043	0.0035	0.0125	0.0831	0.0000	0.1651	0.0028	132.4146	-0.0000	0.0038	1.0155	1.9990	5.9708	7.9526	0.0000	0.0000	0.0000	0.0000	0.0000	0.0000	0.0000	0.0000	0.0000	0.0072	0.0001	0.0071	0.0001	0.0001	0.0000	0.0071	0.0000	0.0071	0.0146	0.0122	0.0024	0.0015	0.0012	0.0003	0.0131	0.0110	0.0021	0.1024	0.0578	0.0446	0.0170	0.0154	0.0016	0.0854	0.0424	0.0430	0.0115	1.0323	0.0001	1.8286	2.8412	0.0000	0.0002	36.6660	0.0001	0.0700	0.0009	0.1596	0.0043	0.0035	0.0125	0.0831	0.0000	0.1651
69	149	0.1554	6	2	2	1	0	0	0	0	0	Y	Y	N	N	N	N	N	N	N	N	N	N	0.0218	126.1182	0.0000	90.2516	122.3607	0.0000	0.0000	178.5844	0.0000	0.1184	0.1441	0.0000	0.3875	0.5007	0.0000	0.0000	0.0000	0.0000	5.4269	0.0011	23.7568	0.0043	0.0041	0.0064	5.7750	0.0000	19.5250	0.0000	6946.6337	-0.0032	0.6178	1.0155	5.3497	5.9708	17.2225	0.0072	0.0072	0.0000	0.0072	0.0072	0.0000	0.0000	0.0000	0.0000	1.1410	0.0002	1.1408	0.0002	0.0002	0.0000	1.1408	0.0000	1.1408	0.0607	0.0498	0.0108	0.0185	0.0143	0.0042	0.0421	0.0355	0.0066	0.2416	0.1437	0.0979	0.0441	0.0401	0.0039	0.1975	0.1036	0.0939	0.0251	126.1182	0.0000	90.2516	122.3607	0.0000	0.0000	178.5844	0.0000	4.7227	0.0011	11.6564	0.0043	0.0041	0.0064	5.7750	0.0000	12.1431
69	150	0.1862	7	1	2	1	0	0	0	0	0	N	Y	N	N	N	N	N	N	N	N	N	N	0.0799	0.0129	0.1831	0.1738	0.0155	0.1325	0.0075	0.0000	0.0231	0.1079	0.0013	0.6451	0.2598	0.0032	1.4650	0.0096	0.0000	0.0601	1.3502	0.0975	3.5241	1.4950	0.2087	11.0551	1.2768	0.0000	2.6029	101.9386	20.8383	0.0034	0.2101	1.0155	3.6794	5.9708	17.4287	0.0062	0.0001	0.0061	0.0058	0.0001	0.0058	0.0003	0.0000	0.0003	0.4237	0.0194	0.4043	0.1577	0.0194	0.1383	0.2659	0.0000	0.2659	0.0572	0.0477	0.0095	0.0225	0.0185	0.0039	0.0347	0.0292	0.0055	0.3138	0.1991	0.1147	0.1055	0.0930	0.0126	0.2083	0.1061	0.1022	0.0799	0.0129	0.1831	0.1738	0.0155	0.1329	0.0075	0.0000	0.0231	1.3502	0.0975	3.5241	1.4950	0.2087	11.0208	1.2768	0.0000	2.6029
69	151	0.1554	6	1	2	1	0	0	0	0	0	N	Y	N	N	N	N	N	N	N	N	N	N	0.0272	0.0059	0.5588	0.0044	0.0017	0.8530	0.0082	0.0032	0.0298	0.2042	0.0737	0.7769	0.5383	0.2076	1.6197	0.0084	0.0023	0.0408	7.5098	12.5509	1.3904	123.3524	124.3924	1.8988	1.0268	0.7188	1.3698	2.4046	0.0995	0.0026	-0.3645	1.0155	3.4464	5.9708	10.1316	0.0098	0.0029	0.0069	0.0095	0.0028	0.0067	0.0003	0.0001	0.0002	0.9909	0.9012	0.0897	0.8564	0.8516	0.0048	0.1345	0.0496	0.0849	0.0478	0.0389	0.0089	0.0177	0.0135	0.0041	0.0301	0.0254	0.0047	0.1664	0.1019	0.0645	0.0354	0.0329	0.0025	0.1310	0.0690	0.0620	0.0343	0.0083	0.5588	0.0222	0.0080	0.8530	0.0082	0.0032	0.0298	5.9561	8.8468	1.3904	24.2117	25.9162	1.8988	1.0268	0.7188	1.3698
69	152	0.5827	12	2	2	1	0	0	0	0	0	Y	Y	N	N	N	N	N	N	N	N	N	N	0.0000	0.0000	0.0000	0.0000	0.0000	0.0000	0.0000	0.0000	0.0000	0.0000	0.0000	0.0000	0.0000	0.0000	0.0000	0.0000	0.0000	0.0014	0.0003	0.0038	0.0004	0.0004	0.0003	0.0025	0.0000	0.0054	6.2651	0.0000	0.0001	1.0155	1.0143	5.9708	12.0086	0.0000	0.0000	0.0000	0.0000	0.0000	0.0000	0.0000	0.0000	0.0000	0.0001	0.0000	0.0001	0.0000	0.0000	0.0000	0.0001	0.0000	0.0001	0.0074	0.0064	0.0010	0.0023	0.0021	0.0002	0.0051	0.0043	0.0008	0.1038	0.0712	0.0326	0.0548	0.0447	0.0101	0.0490	0.0265	0.0226	0.0000	0.0000	0.0000	0.0000	0.0000	0.0000	0.0000	0.0000	0.0000	0.0014	0.0003	0.0038	0.0004	0.0004	0.0003	0.0025	0.0000	0.0054		
69	153	0.5805	11	2	2	1	0	0	0	0	0	Y	Y	N	N	N	N	N	N	N	N	N	N	0.0000	0.0000	0.0000	0.0000	0.0000	0.0000	0.0000	0.0000	0.0000	0.0000	0.0000	0.0000	0.0000	0.0000	0.0000	0.0000	0.0000	0.0151	0.0215	0.0010	0.0277	0.0340	0.0001	0.0007	0.0000	0.0014	0.0213	0.0000	-0.0001	1.0155	0.9811	5.9708	0.0216	0.0000	0.0000	0.0000	0.0000	0.0000	0.0000	0.0000	0.0000	0.0000	0.0001	0.0001	0.0000	0.0001	0.0001	0.0000	0.0000	0.0000	0.0000	0.0071	0.0061	0.0009	0.0022	0.0020	0.0002	0.0049	0.0041	0.0008	0.0085	0.0058	0.0027	0.0045	0.0037	0.0008	0.0040	0.0021	0.0018	0.0000	0.0000	0.0000	0.0000	0.0000	0.0000	0.0000	0.0000	0.0000	0.0151	0.0215	0.0010	0.0277	0.0340	0.0001	0.0007	0.0000	0.0014		
69	154	0.5759	10	2	2	1	0	0	0	0	0	Y	Y	N	N	N	N	N	N	N	N	N	N	0.0000	0.0000	0.0000	0.0000	0.0000	0.0000	0.0000	0.0000	0.0000	0.0000	0.0000	0.0000	0.0000	0.0000	0.0000	0.0000	0.0000	0.0002	0.0002	0.0000	0.0003	0.0004	0.0000	0.0000	0.0000	0.0001	0.0922	0.0000	-0.0000	1.0155	0.0083	5.9708	2.0001	0.0000	0.0000	0.0000	0.0000	0.0000	0.0000	0.0000	0.0000	0.0000	0.0000	0.0000	0.0000	0.0000	0.0000	0.0000	0.0000	0.0000	0.0000	0.0001	0.0001	0.0000	0.0000	0.0000	0.0000	0.0000	0.0000	0.0000	0.0173	0.0119	0.0054	0.0092	0.0075	0.0017	0.0081	0.0044	0.0037	0.0000	0.0000	0.0000	0.0000	0.0000	0.0000	0.0000	0.0000	0.0000	0.0002	0.0002	0.0000	0.0003	0.0004	0.0000	0.0000	0.0000	0.0001		
69	155	0.5523	9	1	2	1	0	0	0	0	0	N	Y	N	N	N	N	N	N	N	N	N	N	0.0000	0.0000	0.0000	0.0000	0.0000	0.0000	0.0000	0.0000	0.0000	0.0000	0.0000	0.0000	0.0000	0.0000	0.0000	0.0000	0.0000	0.0004	0.0006	0.0000	0.0008	0.0009	0.0000	0.0000	0.0000	0.0000	0.0009	0.0000	-0.0000	1.0155	2.9180	5.9708	7.4065	0.0000	0.0000	0.0000	0.0000	0.0000	0.0000	0.0000	0.0000	0.0000	0.0000	0.0000	0.0000	0.0000	0.0000	0.0000	0.0000	0.0000	0.0000	0.0216	0.0187	0.0029	0.0070	0.0064	0.0006	0.0146	0.0123	0.0023	0.1020	0.0716	0.0304	0.0524	0.0441	0.0083	0.0496	0.0275	0.0221	0.0000	0.0000	0.0000	0.0000	0.0000	0.0000	0.0000	0.0000	0.0000	0.0004	0.0006	0.0000	0.0008	0.0009	0.0000	0.0000	0.0000	0.0000		
69	156	0.4865	8	1	1	1	0	0	0	0	0	N	N	N	N	N	N	N	N	N	N	N	N	0.0002	0.0002	0.0000	0.0003	0.0003	0.0000	0.0005	0.0006	0.0000	0.0001	0.0001	0.0000	0.0002	0.0002	0.0000	0.0000	0.0000	0.0000	0.3390	0.4792	0.0126	0.6276	0.7438	0.0187	0.0100	0.0099	0.0102	0.0000	0.0113	-0.0000	-0.0452	1.0155	8.2479	5.9708	19.7214	0.0000	0.0000	0.0000	0.0000	0.0000	0.0000	0.0000	0.0000	0.0000	0.1012	0.1000	0.0011	0.0998	0.0993	0.0005	0.0014	0.0007	0.0007	0.0876	0.0774	0.0102	0.0327	0.0308	0.0020	0.0549	0.0467	0.0082	0.2985	0.2088	0.0897	0.1590	0.1335	0.0255	0.1395	0.0752	0.0642	0.0002	0.0002	0.0000	0.0003	0.0003	0.0000	0.0005	0.0006	0.0000	0.3390	0.4792	0.0126	0.6276	0.7438	0.0187	0.0100	0.0099	0.0102
69	157	0.4503	7	1	1	1	0	0	0	0	0	N	N	N	N	N	N	N	N	N	N	N	N	0.0001	0.0001	0.0003	0.0001	0.0001	0.0006	0.0000	0.0000	0.0000	0.0001	0.0001	0.0000	0.0002	0.0002	0.0001	0.0000	0.0000	0.0000	0.7938	1.0913	0.0972	1.3744	1.6175	0.2241	0.0489	0.0604	0.0353	0.0618	0.0380	-0.0000	-0.0953	1.0155	7.4725	5.9708	14.3153	0.0000	0.0000	0.0000	0.0000	0.0000	0.0000	0.0000	0.0000	0.0000	0.2259	0.2177	0.0083	0.2198	0.2136	0.0063	0.0061	0.0041	0.0020	0.0638	0.0555	0.0083	0.0197	0.0181	0.0016	0.0441	0.0373	0.0068	0.2846	0.1995	0.0852	0.1600	0.1321	0.0279	0.1247	0.0674	0.0573	0.0001	0.0001	0.0003	0.0001	0.0001	0.0006	0.0000	0.0000	0.0000	0.7938	1.0913	0.0972	1.3744	1.6175	0.2241	0.0489	0.0604	0.0353
69	158	0.3848	6	1	1	1	0	0	0	0	0	N	N	N	N	N	N	N	N	N	N	N	N	0.0000	0.0000	0.0004	0.0001	0.0000	0.0017	0.0000	0.0000	0.0000	0.0001	0.0000	0.0004	0.0002	0.0000	0.0036	0.0000	0.0000	0.0000	2.1545	2.6164	1.0297	3.7715	4.0897	2.0802	0.2802	0.0267	0.5965	20.4541	0.1616	0.0000	-0.3084	1.0155	11.6653	5.9708	19.4910	0.0000	0.0000	0.0000	0.0000	0.0000	0.0000	0.0000	0.0000	0.0000	0.9659	0.8316	0.1344	0.9078	0.8285	0.0793	0.0582	0.0031	0.0551	0.0944	0.0824	0.0120	0.0237	0.0225	0.0012	0.0707	0.0599	0.0108	0.4483	0.3178	0.1305	0.2407	0.2026	0.0381	0.2076	0.1152	0.0924	0.0000	0.0000	0.0004	0.0001	0.0000	0.0017	0.0000	0.0000	0.0000	2.1545	2.6164	1.0297	3.7715	4.0897	2.0802	0.2802	0.0267	0.5965
69	159	0.3376	5	1	1	1	0	0	0	0	0	N	N	N	N	N	N	N	N	N	N	N	N	0.0002	0.0002	0.0005	0.0006	0.0004	0.0024	0.0000	0.0000	0.0000	0.0003	0.0001	0.0022	0.0010	0.0002	0.0198	0.0000	0.0000	0.0001	1.5685	0.4708	4.3757	1.7892	0.5589	8.3484	1.2746	0.2928	2.4989	3.8991	3.6343	0.0000	0.2705	1.0155	7.3933	5.9708	20.5306	0.0000	0.0000	0.0000	0.0000	0.0000	0.0000	0.0000	0.0000	0.0000	0.8302	0.1792	0.6511	0.5408	0.1423	0.3986	0.2894	0.0369	0.2525	0.0716	0.0632	0.0084	0.0210	0.0201	0.0009	0.0505	0.0430	0.0075	0.5293	0.3805	0.1488	0.3023	0.2545	0.0477	0.2271	0.1260	0.1011	0.0002	0.0002	0.0005	0.0006	0.0004	0.0024	0.0000	0.0000	0.0000	1.5685	0.4708	4.3757	1.7892	0.5589	8.3484	1.2746	0.2928	2.4989
69	160	0.1014	4	1	1	1	0	0	0	0	0	N	N	N	N	N	N	N	N	N	N	N	N	0.0000	0.0000	0.0000	0.0038	0.0051	0.0000	0.0000	0.0000	0.0000	0.0001	0.0001	0.0000	0.0010	0.0010	0.0000	0.0000	0.0000	0.0000	4.1358	3.5882	4.5356	0.2569	0.2008	0.8590	4.7425	4.7931	4.6818	0.0004	0.8080	-0.0000	-0.0302	1.0155	27.6416	5.9708	54.6365	0.0000	0.0000	0.0000	0.0000	0.0000	0.0000	0.0000	0.0000	0.0000	2.6350	1.4574	1.1776	0.0299	0.0214	0.0085	2.6051	1.4360	1.1691	0.1717	0.1469	0.0248	0.0125	0.0119	0.0006	0.1592	0.1349	0.0243	0.6658	0.4062	0.2596	0.1165	0.1066	0.0099	0.5493	0.2996	0.2497	0.0000	0.0000	0.0000	0.0038	0.0051	0.0000	0.0000	0.0000	0.0000	3.9576	3.5882	4.5356	0.2569	0.2008	0.8590	4.7425	4.7931	4.6818
69	161	0.2059	10	2	2	1	0	0	0	0	0	Y	Y	N	N	N	N	N	N	N	N	N	N	0.0000	0.0000	0.0000	0.0000	0.0000	0.0000	0.0000	0.0000	0.0000	0.0000	0.0000	0.0000	0.0000	0.0000	0.0000	0.0007	0.0000	0.0017	0.0001	0.0000	0.0010	0.0008	0.0000	0.0017	inf	0.0000	0.0000	1.0155	0.0002	5.9708	3.0099	0.0000	0.0000	0.0000	0.0000	0.0000	0.0000	0.0000	0.0000	0.0000	0.0000	0.0000	0.0000	0.0000	0.0000	0.0000	0.0000	0.0000	0.0000	0.0000	0.0000	0.0000	0.0000	0.0000	0.0000	0.0000	0.0000	0.0000	0.0295	0.0165	0.0129	0.0042	0.0038	0.0004	0.0253	0.0128	0.0125	0.0000	0.0000	0.0000	0.0000	0.0000	0.0000	0.0000	0.0000	0.0000	0.0007	0.0000	0.0017	0.0001	0.0000	0.0010	0.0008	0.0000	0.0017				
69	162	0.1983	9	2	2	1	0	0	0	0	0	Y	Y	N	N	N	N	N	N	N	N	N	N	0.0000	0.0000	0.0000	0.0000	0.0000	0.0000	0.0000	0.0000	0.0000	0.0000	0.0000	0.0000	0.0000	0.0000	0.0000	0.0000	0.0000	0.0001	0.0001	0.0000	0.0005	0.0005	0.0000	0.0000	0.0000	0.0000	0.0823	0.0000	-0.0000	1.0155	0.9998	5.9708	2.0118	0.0000	0.0000	0.0000	0.0000	0.0000	0.0000	0.0000	0.0000	0.0000	0.0000	0.0000	0.0000	0.0000	0.0000	0.0000	0.0000	0.0000	0.0000	0.0073	0.0061	0.0012	0.0007	0.0006	0.0001	0.0066	0.0055	0.0010	0.0289	0.0160	0.0129	0.0038	0.0034	0.0004	0.0250	0.0126	0.0125	0.0000	0.0000	0.0000	0.0000	0.0000	0.0000	0.0000	0.0000	0.0000	0.0001	0.0001	0.0000	0.0005	0.0005	0.0000	0.0000	0.0000	0.0000		
69	163	0.1983	8	2	2	1	0	0	0	0	0	Y	Y	N	N	N	N	N	N	N	N	N	N	0.0000	0.0000	0.0000	0.0000	0.0000	0.0000	0.0000	0.0000	0.0000	0.0000	0.0000	0.0000	0.0000	0.0000	0.0000	0.0000	0.0000	0.0134	0.0117	0.0198	0.0265	0.0245	0.1603	0.0053	0.0000	0.0159	0.4545	0.0000	-0.0000	1.0155	0.0000	5.9708	0.0003	0.0000	0.0000	0.0000	0.0000	0.0000	0.0000	0.0000	0.0000	0.0000	0.0000	0.0000	0.0000	0.0000	0.0000	0.0000	0.0000	0.0000	0.0000	0.0000	0.0000	0.0000	0.0000	0.0000	0.0000	0.0000	0.0000	0.0000	0.0000	0.0000	0.0000	0.0000	0.0000	0.0000	0.0000	0.0000	0.0000	0.0000	0.0000	0.0000	0.0000	0.0000	0.0000	0.0000	0.0000	0.0000	0.0134	0.0117	0.0198	0.0265	0.0245	0.1603	0.0053	0.0000	0.0159		
69	164	0.1873	7	1	2	1	0	0	0	0	0	N	Y	N	N	N	N	N	N	N	N	N	N	2.3188	9.8502	0.0166	5.6666	6.6227	0.0000	0.0713	5915.8230	0.0251	0.0697	0.0869	0.0010	0.1498	0.1776	0.0000	0.0022	0.0024	0.0015	0.0301	0.0088	0.0590	0.0264	0.0268	0.0224	0.0310	0.0000	0.0606	0.0028	4.9045	-0.0000	0.0006	1.0155	0.0063	5.9708	4.3641	0.0000	0.0000	0.0000	0.0000	0.0000	0.0000	0.0000	0.0000	0.0000	0.0016	0.0003	0.0013	0.0003	0.0003	0.0000	0.0013	0.0000	0.0013	0.0002	0.0001	0.0000	0.0001	0.0001	0.0000	0.0001	0.0001	0.0000	0.0517	0.0298	0.0219	0.0107	0.0098	0.0009	0.0410	0.0200	0.0210	2.3188	9.8502	0.0166	5.6666	6.6227	0.0000	0.0713	5915.8230	0.0251	0.0301	0.0088	0.0590	0.0264	0.0268	0.0224	0.0310	0.0000	0.0606
69	165	0.1554	6	1	1	1	0	0	0	0	0	N	N	N	N	N	N	N	N	N	N	N	N	0.1534	0.6798	0.0014	0.4692	0.5739	0.2335	0.0007	0.2413	0.0021	0.1736	0.2138	0.0034	0.4164	0.5463	0.0016	0.0009	0.0001	0.0053	1.1322	0.3145	2.4417	0.8875	0.9520	0.0069	1.2004	0.0002	2.5397	0.0037	4.8475	-0.0032	0.0660	1.0155	2.5207	5.9708	10.0226	0.0072	0.0072	0.0000	0.0072	0.0072	0.0000	0.0000	0.0000	0.0000	0.1781	0.0305	0.1477	0.0305	0.0304	0.0000	0.1477	0.0000	0.1477	0.0415	0.0336	0.0079	0.0173	0.0131	0.0041	0.0242	0.0204	0.0038	0.1573	0.0969	0.0605	0.0343	0.0320	0.0023	0.1230	0.0649	0.0581	0.1534	0.6798	0.0014	0.4692	0.5739	0.2335	0.0007	0.2413	0.0021	1.1322	0.3145	2.4417	0.8875	0.9520	0.0069	1.2004	0.0002	2.5397
69	166	0.1398	5	1	1	1	0	0	0	0	0	N	N	N	N	N	N	N	N	N	N	N	N	0.1546	0.2452	0.0089	0.3564	0.3602	2.6578	0.0001	0.0001	0.0003	0.3298	0.3777	0.0296	1.1872	1.2570	0.2129	0.0002	0.0000	0.0010	2.1336	1.5403	3.3334	3.3314	3.4899	0.0801	1.6174	0.0747	3.4770	0.0125	1.0701	-0.0045	0.0166	1.0155	2.6894	5.9708	4.6619	0.0105	0.0103	0.0001	0.0105	0.0103	0.0001	0.0000	0.0000	0.0000	0.2840	0.1372	0.1468	0.1335	0.1334	0.0001	0.1504	0.0038	0.1466	0.0317	0.0274	0.0044	0.0088	0.0082	0.0006	0.0229	0.0191	0.0038	0.1331	0.0891	0.0440	0.0401	0.0382	0.0019	0.0930	0.0508	0.0422	0.1546	0.2452	0.0089	0.3564	0.3602	2.6578	0.0001	0.0001	0.0003	2.1336	1.5403	3.3334	3.3314	3.4899	0.0801	1.6174	0.0747	3.4770
69	167	0.1014	4	1	1	1	0	0	0	0	0	N	N	N	N	N	N	N	N	N	N	N	N	0.0022	0.5913	0.0000	38.3903	54.4676	0.0000	0.0000	0.0000	0.0000	0.0163	0.0191	0.0000	0.2157	0.2254	0.0000	0.0000	0.0000	0.0000	7.3167	0.0324	34.0784	0.0056	0.0041	0.0327	7.5854	0.0477	31.3360	0.0001	289.1465	-0.0001	0.4588	1.0155	2.7966	5.9708	8.5340	0.0003	0.0003	0.0000	0.0003	0.0003	0.0000	0.0000	0.0000	0.0000	0.8525	0.0029	0.8495	0.0002	0.0001	0.0001	0.8523	0.0028	0.8495	0.0195	0.0166	0.0029	0.0015	0.0014	0.0001	0.0181	0.0152	0.0029	0.1461	0.0907	0.0553	0.0337	0.0320	0.0017	0.1124	0.0588	0.0536	0.0028	0.5913	0.0000	38.3903	54.4676	0.0000	0.0000	0.0000	0.0000	5.8359	0.0324	15.3514	0.0056	0.0041	0.0327	7.5854	0.0477	15.8512
70	71	0.6908	10	2	1	2	0	0	0	0	0	Y	N	Y	N	N	N	N	N	N	N	N	N	0.0000	0.0000	0.0000	0.0000	0.0000	0.0000	0.0000	0.0000	0.0000	0.0000	0.0000	0.0000	0.0000	0.0000	0.0000	0.0000	0.0000	0.0000	0.0000	0.0000	0.0406	0.0000	2.3361	0.0000	0.0000	0.0000	0.0000	0.0000	0.0000	0.0000	0.0000	0.0000	0.0000	0.0000	0.0000	0.0000	0.0000	0.0000	0.0000	0.0000	0.0000	0.0000	0.0000	0.0000	0.0000	0.0000	0.0000	0.0000	0.0000	0.0000	0.0000	0.0000	0.0000	0.0000	0.0000	0.0000	0.0000	0.0000	0.0000	0.0000	0.0000	0.0000	0.0000	0.0000	0.0000	0.0000	0.0000	0.0000	0.0000	0.0000	0.0000	0.0000	0.0000	0.0000	0.0000	0.0000	0.0000	0.0000											
70	72	0.6728	9	2	1	2	0	0	0	0	0	Y	N	Y	N	N	N	N	N	N	N	N	N	4891.4888	26616.5787	0.0000	24750.4914	64680.4689	0.0000	45.1398	7579.0202	0.0000	0.6618	0.7716	0.0000	2.1222	2.3447	0.0000	0.0118	0.0141	0.0000	0.0001	0.0000	0.0004	0.0001	0.0000	0.0003	0.0003	0.0000	0.0006	0.0000	5.4200	-0.0004	0.0000	0.0406	3.9057	2.3361	1.1104	0.0008	0.0008	0.0000	0.0008	0.0008	0.0000	0.0000	0.0000	0.0000	0.0000	0.0000	0.0000	0.0000	0.0000	0.0000	0.0000	0.0000	0.0000	0.0012	0.0010	0.0002	0.0004	0.0003	0.0000	0.0008	0.0007	0.0001	0.0209	0.0152	0.0057	0.0150	0.0120	0.0030	0.0059	0.0032	0.0027	4891.4888	26616.5787	0.0000	24750.4914	64680.4689	0.0000	45.1398	7579.0202	0.0000	0.0001	0.0000	0.0004	0.0001	0.0000	0.0003	0.0003	0.0000	0.0006
70	73	0.4700	7	2	1	1	0	0	0	0	0	Y	N	N	N	N	N	N	N	N	N	N	N	0.0102	0.0137	0.0000	0.0164	0.0141	0.0041	0.0056	0.0134	0.0000	0.0029	0.0033	0.0000	0.0031	0.0034	0.0000	0.0026	0.0032	0.0000	0.2816	0.2378	0.3944	0.1893	0.2387	0.0037	0.4677	0.2353	0.7889	0.0008	0.6440	-0.0000	-0.0039	0.0406	6.9070	2.3361	16.5673	0.0000	0.0000	0.0000	0.0000	0.0000	0.0000	0.0000	0.0000	0.0000	0.0588	0.0358	0.0230	0.0264	0.0263	0.0001	0.0324	0.0095	0.0229	0.0068	0.0060	0.0008	0.0032	0.0030	0.0002	0.0036	0.0030	0.0006	0.2089	0.1504	0.0584	0.1396	0.1102	0.0294	0.0693	0.0402	0.0291	0.0102	0.0137	0.0000	0.0164	0.0141	0.0041	0.0056	0.0134	0.0000	0.2816	0.2378	0.3944	0.1893	0.2387	0.0037	0.4677	0.2353	0.7889
70	74	0.5339	9	1	1	1	1	0	0	0	0	N	N	N	N	N	N	N	N	N	N	N	N	0.0021	0.0001	0.0849	0.0010	0.0001	2.5845	0.0072	0.0000	0.0360	0.0002	0.0000	0.0013	0.0001	0.0000	0.0048	0.0002	0.0000	0.0011	0.0738	0.0964	0.0155	0.0951	0.1206	0.0019	0.0268	0.0239	0.0308	20.9295	0.0619	0.0000	-0.0062	0.0406	6.4226	2.3361	19.3377	0.0000	0.0000	0.0000	0.0000	0.0000	0.0000	0.0000	0.0000	0.0000	0.0155	0.0146	0.0009	0.0138	0.0137	0.0001	0.0018	0.0009	0.0008	0.0046	0.0041	0.0005	0.0018	0.0018	0.0000	0.0028	0.0023	0.0005	0.2102	0.1517	0.0586	0.1447	0.1136	0.0311	0.0655	0.0380	0.0275	0.0021	0.0001	0.0849	0.0010	0.0001	2.5845	0.0072	0.0000	0.0360	0.0738	0.0964	0.0155	0.0951	0.1206	0.0019	0.0268	0.0239	0.0308
70	75	0.4887	8	1	0	1	1	0	0	0	0	N	N	N	N	N	N	N	N	N	N	N	N	0.0373	0.0041	0.2292	0.1665	0.0446	13.3652	0.0181	0.0000	0.1155	0.0118	0.0010	0.1011	0.0079	0.0024	0.3479	0.0145	0.0000	0.0855	0.3169	0.2578	0.4410	0.0472	0.0528	0.0260	0.8009	0.8681	0.7400	11.6637	0.8153	0.0000	-0.0014	0.0406	5.1932	2.3361	17.4397	0.0000	0.0000	0.0000	0.0000	0.0000	0.0000	0.0000	0.0000	0.0000	0.1519	0.0837	0.0682	0.0145	0.0128	0.0017	0.1374	0.0708	0.0665	0.0041	0.0037	0.0004	0.0017	0.0016	0.0000	0.0024	0.0020	0.0004	0.4793	0.3246	0.1547	0.3078	0.2430	0.0648	0.1715	0.0816	0.0899	0.0373	0.0041	0.2292	0.1665	0.0446	13.3652	0.0181	0.0000	0.1155	0.3169	0.2578	0.4410	0.0472	0.0528	0.0260	0.8009	0.8681	0.7400
70	76	0.4517	7	1	0	1	0	0	0	0	0	N	N	N	N	N	N	N	N	N	N	N	N	0.0794	0.0475	0.3195	0.2353	0.1213	5.9208	0.0070	0.0004	0.0376	0.0321	0.0194	0.1259	0.0700	0.0419	0.7111	0.0042	0.0002	0.0232	0.4045	0.4093	0.3940	0.2975	0.3457	0.1201	0.6046	0.5929	0.6166	0.8758	0.4337	0.0000	-0.0322	0.0406	4.4918	2.3361	17.5337	0.0001	0.0001	0.0001	0.0001	0.0001	0.0000	0.0000	0.0000	0.0000	0.2067	0.1442	0.0625	0.0990	0.0905	0.0085	0.1077	0.0537	0.0540	0.0038	0.0033	0.0005	0.0016	0.0015	0.0001	0.0022	0.0018	0.0004	0.5110	0.3523	0.1587	0.3329	0.2618	0.0712	0.1781	0.0905	0.0876	0.0794	0.0475	0.3195	0.2353	0.1213	5.9208	0.0070	0.0004	0.0376	0.4045	0.4093	0.3940	0.2975	0.3457	0.1201	0.6046	0.5929	0.6166
70	77	0.1808	6	1	0	1	1	0	0	0	0	N	N	N	N	N	N	N	N	N	N	N	N	0.0127	0.0143	0.0030	0.0601	0.0572	0.0422	0.0003	0.0000	0.0018	0.0006	0.0007	0.0002	0.0015	0.0016	0.0007	0.0000	0.0000	0.0001	0.0478	0.0463	0.0517	0.0256	0.0271	0.0169	0.0731	0.0786	0.0659	0.0266	0.4426	-0.0000	-0.0010	0.0406	0.3745	2.3361	14.7996	0.0000	0.0000	0.0000	0.0000	0.0000	0.0000	0.0000	0.0000	0.0000	0.0067	0.0047	0.0021	0.0019	0.0017	0.0002	0.0048	0.0029	0.0019	0.0003	0.0003	0.0000	0.0001	0.0001	0.0000	0.0002	0.0002	0.0000	0.1405	0.1006	0.0399	0.0748	0.0633	0.0115	0.0657	0.0374	0.0283	0.0127	0.0143	0.0030	0.0601	0.0572	0.0422	0.0003	0.0000	0.0018	0.0478	0.0463	0.0517	0.0256	0.0271	0.0169	0.0731	0.0786	0.0659
70	78	0.1585	5	1	0	1	1	0	0	0	0	N	N	N	N	N	N	N	N	N	N	N	N	0.0372	0.0302	0.0035	0.7490	0.6816	0.0326	0.0000	0.0000	0.0023	0.0449	0.0504	0.0000	0.1224	0.1242	0.0003	0.0000	0.0000	0.0000	1.2064	1.6720	0.0131	0.1634	0.1822	0.0106	2.2026	3.9503	0.0137	0.0001	0.0031	-0.0000	-0.0661	0.0406	1.4595	2.3361	10.3922	0.0000	0.0000	0.0000	0.0000	0.0000	0.0000	0.0000	0.0000	0.0000	0.1451	0.1447	0.0004	0.0096	0.0095	0.0001	0.1355	0.1351	0.0004	0.0011	0.0010	0.0001	0.0004	0.0004	0.0000	0.0007	0.0006	0.0001	0.1203	0.0865	0.0338	0.0588	0.0523	0.0064	0.0615	0.0342	0.0273	0.0372	0.0302	0.0035	0.7490	0.6816	0.0326	0.0000	0.0000	0.0023	1.2064	1.6720	0.0131	0.1634	0.1822	0.0106	2.2026	3.9503	0.0137
70	79	0.1444	4	1	0	1	1	0	0	0	0	N	N	N	N	N	N	N	N	N	N	N	N	0.0038	0.0033	0.0055	0.0134	0.0123	0.0855	0.0001	0.0000	0.0020	0.0003	0.0003	0.0001	0.0008	0.0008	0.0020	0.0000	0.0000	0.0001	0.0773	0.0972	0.0263	0.0602	0.0640	0.0237	0.0933	0.1490	0.0268	0.0587	0.1057	-0.0000	-0.0023	0.0406	1.3861	2.3361	6.3168	0.0000	0.0000	0.0000	0.0000	0.0000	0.0000	0.0000	0.0000	0.0000	0.0064	0.0058	0.0006	0.0024	0.0023	0.0001	0.0040	0.0035	0.0005	0.0010	0.0009	0.0001	0.0004	0.0004	0.0000	0.0007	0.0005	0.0001	0.0832	0.0598	0.0234	0.0403	0.0365	0.0038	0.0430	0.0234	0.0196	0.0038	0.0033	0.0055	0.0134	0.0123	0.0855	0.0001	0.0000	0.0020	0.0773	0.0972	0.0263	0.0602	0.0640	0.0237	0.0933	0.1490	0.0268
70	80	0.0849	3	1	0	1	1	0	0	0	0	N	N	N	N	N	N	N	N	N	N	N	N	0.0751	0.0605	0.0400	0.1173	0.1153	0.0000	0.0019	0.0000	0.0396	0.0049	0.0055	0.0003	0.0147	0.0147	0.0000	0.0001	0.0000	0.0003	0.0649	0.0905	0.0085	0.1249	0.1276	0.0021	0.0312	0.0516	0.0087	0.0082	0.0424	-0.0000	-0.0052	0.0406	4.0043	2.3361	19.8631	0.0000	0.0000	0.0000	0.0000	0.0000	0.0000	0.0000	0.0000	0.0000	0.0126	0.0120	0.0005	0.0087	0.0087	0.0000	0.0039	0.0034	0.0005	0.0028	0.0025	0.0003	0.0009	0.0009	0.0000	0.0019	0.0015	0.0003	0.1933	0.1331	0.0602	0.0696	0.0681	0.0015	0.1237	0.0651	0.0587	0.0751	0.0605	0.0400	0.1173	0.1153	0.0000	0.0019	0.0000	0.0396	0.0649	0.0905	0.0085	0.1249	0.1276	0.0021	0.0312	0.0516	0.0087
70	81	0.6255	9	1	1	2	0	0	0	0	0	N	N	Y	N	N	N	N	N	N	N	N	N	0.0030	0.1173	0.0001	0.2764	0.2180	1.8587	0.0000	0.0111	0.0000	0.0001	0.0001	0.0000	0.0003	0.0003	0.0001	0.0000	0.0000	0.0000	0.0446	0.0013	0.1283	0.0012	0.0016	0.0000	0.1331	0.0004	0.2583	0.0176	52.4737	-0.0000	0.0006	0.0406	2.0162	2.3361	4.5500	0.0000	0.0000	0.0000	0.0000	0.0000	0.0000	0.0000	0.0000	0.0000	0.0011	0.0000	0.0011	0.0000	0.0000	0.0000	0.0011	0.0000	0.0011	0.0007	0.0006	0.0001	0.0003	0.0003	0.0000	0.0004	0.0003	0.0001	0.0248	0.0163	0.0085	0.0166	0.0124	0.0043	0.0082	0.0040	0.0042	0.0030	0.1173	0.0001	0.2764	0.2180	1.8587	0.0000	0.0111	0.0000	0.0446	0.0013	0.1283	0.0012	0.0016	0.0000	0.1331	0.0004	0.2583
70	82	0.0892	5	1	1	2	0	0	0	0	0	N	N	Y	N	N	N	N	N	N	N	N	N	0.2733	1.7275	0.3860	4.0366	2.7565	10.2479	0.0041	0.1926	0.0133	0.0187	0.0115	0.0709	0.0543	0.0305	0.9039	0.0004	0.0000	0.0025	0.0683	0.0066	0.1838	0.0135	0.0111	0.0882	0.1052	0.0000	0.1873	0.8566	14.8205	0.0000	0.0026	0.0406	3.0011	2.3361	3.7015	0.0000	0.0000	0.0000	0.0000	0.0000	0.0000	0.0000	0.0000	0.0000	0.0055	0.0003	0.0052	0.0004	0.0003	0.0001	0.0051	0.0000	0.0051	0.0023	0.0020	0.0003	0.0008	0.0008	0.0000	0.0015	0.0013	0.0003	0.0805	0.0525	0.0280	0.0323	0.0313	0.0010	0.0482	0.0211	0.0271	0.2733	1.7275	0.3860	4.0366	2.7565	10.2479	0.0041	0.1926	0.0133	0.0683	0.0066	0.1838	0.0135	0.0111	0.0882	0.1052	0.0000	0.1873
70	83	0.0777	4	1	1	1	0	0	0	0	0	N	N	N	N	N	N	N	N	N	N	N	N	0.0229	0.2720	0.0014	0.2080	0.2373	0.0705	0.0110	3.9671	0.0011	0.0290	0.0322	0.0045	0.0419	0.0417	0.0915	0.0229	0.0268	0.0037	1.2640	0.1185	3.2790	0.2012	0.1756	1.2975	2.0719	0.0068	3.3344	0.0186	15.7278	-0.0000	0.0646	0.0406	2.0032	2.3361	4.2039	0.0000	0.0000	0.0000	0.0000	0.0000	0.0000	0.0000	0.0000	0.0000	0.1340	0.0080	0.1260	0.0092	0.0079	0.0014	0.1248	0.0002	0.1247	0.0015	0.0013	0.0002	0.0005	0.0005	0.0000	0.0010	0.0008	0.0002	0.1060	0.0676	0.0384	0.0458	0.0447	0.0010	0.0602	0.0229	0.0374	0.0229	0.2720	0.0014	0.2080	0.2373	0.0705	0.0110	3.9671	0.0011	1.2640	0.1185	3.2790	0.2012	0.1756	1.2975	2.0719	0.0068	3.3344
70	84	0.0745	4	2	0	2	0	0	0	0	0	Y	N	Y	N	N	N	N	N	N	N	N	N	11.3881	15.6982	0.6187	5.1581	7.1761	0.0281	25.1838	8943.3349	2.2654	0.1816	0.2357	0.0109	0.1433	0.2053	0.0003	0.2360	0.2712	0.0409	0.0159	0.0150	0.0177	0.0278	0.0286	0.0105	0.0094	0.0000	0.0180	0.0147	0.6339	-0.0001	-0.0001	0.0406	1.0052	2.3361	4.9545	0.0002	0.0002	0.0000	0.0001	0.0001	0.0000	0.0001	0.0001	0.0000	0.0007	0.0005	0.0003	0.0005	0.0005	0.0000	0.0003	0.0000	0.0003	0.0010	0.0008	0.0002	0.0006	0.0004	0.0002	0.0004	0.0003	0.0001	0.0463	0.0301	0.0162	0.0165	0.0158	0.0008	0.0297	0.0143	0.0154	11.3881	15.6982	0.6187	5.1581	7.1761	0.0281	25.1838	8943.3349	2.2654	0.0159	0.0150	0.0177	0.0278	0.0286	0.0105	0.0094	0.0000	0.0180
70	85	0.0551	3	2	0	2	0	0	0	0	0	Y	N	Y	N	N	N	N	N	N	N	N	N	2250.8271	7453.8210	109.5730	4959.6915	5324.5964	279.4167	1480.3335	41364.6925	107.4714	43.1904	48.2267	5.3371	62.2212	62.3748	9.8354	34.2020	40.1848	5.3009	0.0192	0.0065	0.0487	0.0125	0.0117	0.0352	0.0231	0.0010	0.0493	0.0147	3.2436	-0.0137	0.0005	0.0406	0.9968	2.3361	7.6169	0.0322	0.0318	0.0005	0.0149	0.0149	0.0000	0.0173	0.0169	0.0005	0.0016	0.0004	0.0012	0.0004	0.0003	0.0000	0.0012	0.0000	0.0012	0.0007	0.0007	0.0001	0.0002	0.0002	0.0000	0.0005	0.0004	0.0001	0.0830	0.0580	0.0250	0.0308	0.0297	0.0011	0.0522	0.0283	0.0239	2250.8271	7453.8210	109.5730	4959.6915	5324.5964	279.4167	1480.3335	41364.6925	107.4714	0.0192	0.0065	0.0487	0.0125	0.0117	0.0352	0.0231	0.0010	0.0493
70	86	0.1789	4	2	1	1	0	0	0	0	0	Y	N	N	N	N	N	N	N	N	N	N	N	0.0016	0.0004	0.0414	0.0028	0.0005	124.7100	0.0011	0.0000	0.0011	0.0001	0.0000	0.0002	0.0001	0.0000	0.0062	0.0000	0.0000	0.0000	0.0330	0.0428	0.0051	0.0469	0.0632	0.0001	0.0042	0.0003	0.0153	3.1655	0.0414	0.0000	-0.0052	0.0406	5.8060	2.3361	6.1034	0.0000	0.0000	0.0000	0.0000	0.0000	0.0000	0.0000	0.0000	0.0000	0.0125	0.0120	0.0005	0.0120	0.0120	0.0000	0.0005	0.0000	0.0005	0.0055	0.0045	0.0010	0.0021	0.0020	0.0000	0.0035	0.0025	0.0010	0.3783	0.2801	0.0982	0.2552	0.1891	0.0660	0.1231	0.0909	0.0322	0.0016	0.0004	0.0414	0.0028	0.0005	124.7100	0.0011	0.0000	0.0011	0.0330	0.0428	0.0051	0.0469	0.0632	0.0001	0.0042	0.0003	0.0153
70	87	0.0849	3	2	1	1	0	0	0	0	0	Y	N	N	N	N	N	N	N	N	N	N	N	0.1084	0.0368	4.9954	0.2198	0.2142	2.3030	0.0787	0.0019	5.1070	0.1553	0.0739	0.7851	0.1926	0.1906	0.6257	0.1372	0.0059	0.7872	1.4333	2.0074	0.1572	0.8761	0.8899	0.2717	1.7432	3.1549	0.1541	1.3722	0.0352	0.0002	-0.1579	0.0406	12.2869	2.3361	21.7146	0.0013	0.0005	0.0007	0.0005	0.0005	0.0000	0.0007	0.0000	0.0007	0.3720	0.3594	0.0127	0.0813	0.0807	0.0006	0.2908	0.2787	0.0121	0.0081	0.0072	0.0009	0.0027	0.0026	0.0000	0.0055	0.0045	0.0009	0.2596	0.1790	0.0805	0.0928	0.0907	0.0021	0.1668	0.0883	0.0785	0.1084	0.0368	4.9954	0.2198	0.2142	2.3030	0.0787	0.0019	5.1070	1.4333	2.0074	0.1572	0.8761	0.8899	0.2717	1.7432	3.1549	0.1541
70	88	0.0777	4	1	1	1	0	0	0	0	0	N	N	N	N	N	N	N	N	N	N	N	N	0.0009	0.0003	0.0193	0.0011	0.0006	1.2864	0.0007	0.0000	0.0023	0.0001	0.0001	0.0005	0.0003	0.0002	0.0459	0.0000	0.0000	0.0001	0.1353	0.1927	0.0257	0.3127	0.3211	0.0357	0.0146	0.0010	0.0253	0.9710	0.0698	0.0000	-0.0084	0.0406	4.0005	2.3361	9.0093	0.0000	0.0000	0.0000	0.0000	0.0000	0.0000	0.0000	0.0000	0.0000	0.0213	0.0200	0.0014	0.0200	0.0199	0.0001	0.0014	0.0000	0.0013	0.0029	0.0026	0.0003	0.0009	0.0009	0.0000	0.0020	0.0016	0.0003	0.1578	0.1035	0.0542	0.0639	0.0620	0.0019	0.0939	0.0415	0.0523	0.0009	0.0003	0.0193	0.0011	0.0006	1.2864	0.0007	0.0000	0.0023	0.1353	0.1927	0.0257	0.3127	0.3211	0.0357	0.0146	0.0010	0.0253
70	89	0.0551	3	1	1	1	0	0	0	0	0	N	N	N	N	N	N	N	N	N	N	N	N	0.0029	0.0329	0.0001	0.0213	0.0242	0.0000	0.0015	0.2989	0.0001	0.0005	0.0005	0.0001	0.0007	0.0007	0.0000	0.0003	0.0004	0.0001	0.1555	0.0155	0.4772	0.0330	0.0292	0.1355	0.2268	0.0013	0.4929	0.0138	13.3697	-0.0000	0.0071	0.0406	1.0051	2.3361	9.2650	0.0000	0.0000	0.0000	0.0000	0.0000	0.0000	0.0000	0.0000	0.0000	0.0150	0.0010	0.0139	0.0012	0.0010	0.0002	0.0138	0.0000	0.0138	0.0008	0.0007	0.0001	0.0002	0.0002	0.0000	0.0005	0.0004	0.0001	0.0963	0.0671	0.0292	0.0355	0.0342	0.0013	0.0609	0.0330	0.0279	0.0029	0.0329	0.0001	0.0213	0.0242	0.0000	0.0015	0.2989	0.0001	0.1555	0.0155	0.4772	0.0330	0.0292	0.1355	0.2268	0.0013	0.4929
70	90	0.2073	5	1	0	2	0	0	0	0	0	N	N	Y	N	N	N	N	N	N	N	N	N	0.3350	0.2826	0.1056	0.1466	0.1889	0.0086	2.7375	6.9860	0.3512	0.0655	0.0835	0.0039	0.0541	0.0732	0.0002	0.0841	0.0984	0.0132	0.1957	0.2956	0.0365	0.3691	0.3878	0.0192	0.0307	0.0141	0.0377	0.0135	0.0776	-0.0001	-0.0106	0.0406	2.3559	2.3361	7.1930	0.0001	0.0001	0.0000	0.0001	0.0001	0.0000	0.0001	0.0001	0.0000	0.0275	0.0255	0.0020	0.0253	0.0252	0.0001	0.0022	0.0003	0.0019	0.0018	0.0014	0.0004	0.0011	0.0008	0.0003	0.0007	0.0006	0.0001	0.1407	0.0864	0.0543	0.0686	0.0651	0.0035	0.0721	0.0213	0.0508	0.3350	0.2826	0.1056	0.1466	0.1889	0.0086	2.7375	6.9860	0.3512	0.1957	0.2956	0.0365	0.3691	0.3878	0.0192	0.0307	0.0141	0.0377
70	91	0.1745	4	1	0	1	0	0	0	0	0	N	N	N	N	N	N	N	N	N	N	N	N	6.4169	23.2197	0.2117	10.8820	14.0944	0.1230	5.8747	695.3444	0.8390	2.0317	2.5426	0.1418	1.4794	1.9970	0.0076	3.0068	3.3610	0.6192	0.3166	0.1095	0.6700	0.1359	0.1417	0.0615	0.5118	0.0048	0.7380	0.0151	3.5861	-0.0112	0.0387	0.0406	4.9284	2.3361	11.0439	0.0264	0.0260	0.0004	0.0123	0.0122	0.0000	0.0141	0.0137	0.0004	0.1195	0.0261	0.0935	0.0267	0.0258	0.0009	0.0929	0.0003	0.0926	0.0130	0.0102	0.0028	0.0083	0.0061	0.0022	0.0047	0.0041	0.0006	0.3775	0.2380	0.1395	0.1961	0.1820	0.0140	0.1814	0.0560	0.1255	6.4169	23.2197	0.2117	10.8820	14.0944	0.1230	5.8747	695.3444	0.8390	0.3166	0.1095	0.6700	0.1359	0.1417	0.0615	0.5118	0.0048	0.7380
70	92	0.0849	3	1	0	1	0	0	0	0	0	N	N	N	N	N	N	N	N	N	N	N	N	4.5828	11.4523	0.2948	10.8434	10.8206	1.5296	2.9917	14.8465	0.2887	2.2511	2.5063	0.3232	3.1634	3.1761	0.3261	1.8017	2.1095	0.3232	0.4912	0.2189	1.0964	0.2917	0.2935	0.2132	0.6022	0.1421	1.1197	0.0171	2.2546	-0.0026	0.0292	0.0406	3.9161	2.3361	29.2065	0.0061	0.0060	0.0001	0.0028	0.0028	0.0000	0.0033	0.0032	0.0001	0.1248	0.0383	0.0865	0.0265	0.0261	0.0004	0.0983	0.0123	0.0860	0.0027	0.0024	0.0003	0.0009	0.0009	0.0000	0.0018	0.0015	0.0003	0.2541	0.1752	0.0789	0.0908	0.0888	0.0020	0.1632	0.0864	0.0768	4.5828	11.4523	0.2948	10.8434	10.8206	1.5296	2.9917	14.8465	0.2887	0.4912	0.2189	1.0964	0.2917	0.2935	0.2132	0.6022	0.1421	1.1197
70	93	0.6255	9	2	1	1	0	0	0	0	0	Y	N	N	N	N	N	N	N	N	N	N	N	0.0716	0.0430	1.8823	0.1185	0.0779	15.5250	0.0610	0.0080	0.4585	0.0001	0.0001	0.0002	0.0003	0.0003	0.0008	0.0000	0.0000	0.0001	0.0019	0.0029	0.0001	0.0027	0.0037	0.0001	0.0003	0.0004	0.0002	0.2801	0.0231	-0.0000	-0.0000	0.0406	2.5103	2.3361	7.4742	0.0000	0.0000	0.0000	0.0000	0.0000	0.0000	0.0000	0.0000	0.0000	0.0001	0.0001	0.0000	0.0001	0.0001	0.0000	0.0000	0.0000	0.0000	0.0008	0.0007	0.0001	0.0003	0.0003	0.0000	0.0005	0.0004	0.0001	0.0342	0.0224	0.0118	0.0231	0.0169	0.0062	0.0111	0.0056	0.0055	0.0716	0.0430	1.8823	0.1185	0.0779	15.5250	0.0610	0.0080	0.4585	0.0019	0.0029	0.0001	0.0027	0.0037	0.0001	0.0003	0.0004	0.0002
70	94	0.5893	8	1	1	1	0	0	0	0	0	N	N	N	N	N	N	N	N	N	N	N	N	3.4002	4.3830	0.2360	12.3797	11.6023	3.2997	0.0128	0.0110	0.0311	0.0111	0.0124	0.0010	0.0300	0.0313	0.0052	0.0001	0.0000	0.0002	0.0033	0.0028	0.0042	0.0024	0.0027	0.0016	0.0051	0.0033	0.0072	0.0107	0.6741	-0.0000	-0.0000	0.0406	7.1305	2.3361	3.2426	0.0000	0.0000	0.0000	0.0000	0.0000	0.0000	0.0000	0.0000	0.0000	0.0001	0.0001	0.0001	0.0001	0.0001	0.0000	0.0001	0.0000	0.0000	0.0026	0.0023	0.0003	0.0010	0.0009	0.0000	0.0017	0.0014	0.0003	0.0432	0.0296	0.0136	0.0300	0.0226	0.0074	0.0132	0.0070	0.0062	3.4002	4.3830	0.2360	12.3797	11.6023	3.2997	0.0128	0.0110	0.0311	0.0033	0.0028	0.0042	0.0024	0.0027	0.0016	0.0051	0.0033	0.0072
70	95	0.0551	3	2	1	1	0	0	0	0	0	Y	N	N	N	N	N	N	N	N	N	N	N	1.0630	0.4439	12.8228	68.5652	86.2977	3.7385	0.6262	0.0222	12.5407	5.6554	3.1185	24.9137	8.2033	8.2193	2.6869	4.4640	0.2551	25.0908	5.3203	7.0257	1.9429	0.1196	0.0952	0.7187	7.1288	11.4979	2.0007	1.0524	0.1495	0.0023	-0.3709	0.0406	8.0000	2.3361	22.5660	0.0324	0.0158	0.0166	0.0150	0.0150	0.0000	0.0174	0.0008	0.0166	1.1299	0.9829	0.1470	0.0104	0.0080	0.0025	1.1194	0.9749	0.1445	0.0057	0.0051	0.0007	0.0018	0.0018	0.0000	0.0039	0.0032	0.0007	0.2442	0.1686	0.0757	0.0872	0.0838	0.0034	0.1570	0.0848	0.0722	1.2224	0.5348	12.8228	68.5652	86.2977	3.7385	0.6262	0.0222	12.5407	4.6266	5.8312	1.9429	0.1196	0.0952	0.7187	7.1288	11.4979	2.0007
70	96	0.0849	3	1	0	1	0	0	0	0	0	N	N	N	N	N	N	N	N	N	N	N	N	1.9060	0.1177	32.1641	0.1904	0.1642	33.4931	10.7114	0.0000	32.0528	0.1306	0.0099	1.0635	0.0307	0.0270	0.8501	0.1792	0.0000	1.0663	0.0685	0.0845	0.0331	0.1613	0.1644	0.0254	0.0167	0.0020	0.0333	13.8251	0.1764	0.0005	-0.0051	0.0406	11.9964	2.3361	18.8414	0.0010	0.0001	0.0010	0.0001	0.0001	0.0000	0.0010	0.0000	0.0010	0.0164	0.0139	0.0025	0.0138	0.0138	0.0000	0.0026	0.0002	0.0024	0.0079	0.0070	0.0009	0.0026	0.0026	0.0000	0.0053	0.0044	0.0009	0.2395	0.1651	0.0744	0.0858	0.0839	0.0019	0.1538	0.0813	0.0725	1.9060	0.1177	32.1641	0.1904	0.1642	33.4931	10.7114	0.0000	32.0528	0.0685	0.0845	0.0331	0.1613	0.1644	0.0254	0.0167	0.0020	0.0333
70	98	0.0856	5	2	1	2	0	0	0	0	0	Y	N	Y	N	N	N	N	N	N	N	N	N	574.5192	512.6205	677.0891	342.5832	347.2106	370.7897	1137.8066	97.1201	768.2189	8.5268	7.7805	9.6023	9.9549	9.7661	16.8244	7.1931	0.0264	9.3671	0.0148	0.0152	0.0142	0.0291	0.0281	0.0454	0.0063	0.0003	0.0122	0.8564	0.4761	0.0006	-0.0002	0.0406	0.9502	2.3361	16.1595	0.0308	0.0166	0.0142	0.0173	0.0166	0.0008	0.0134	0.0000	0.0134	0.0018	0.0012	0.0006	0.0013	0.0012	0.0001	0.0005	0.0000	0.0005	0.0036	0.0021	0.0015	0.0017	0.0017	0.0000	0.0019	0.0004	0.0014	0.1203	0.0797	0.0406	0.0451	0.0426	0.0024	0.0752	0.0370	0.0382	574.5192	512.6205	677.0891	342.5832	347.2106	370.7897	1137.8066	97.1201	768.2189	0.0148	0.0152	0.0142	0.0291	0.0281	0.0454	0.0063	0.0003	0.0122
70	99	0.0849	3	1	1	1	0	0	0	0	0	N	N	N	N	N	N	N	N	N	N	N	N	2.7662	0.2411	17.6130	0.3806	0.3382	7.1825	6.2973	0.0000	18.1128	0.1306	0.0099	1.0635	0.0307	0.0270	0.8501	0.1792	0.0000	1.0663	0.0472	0.0413	0.0604	0.0807	0.0798	0.1184	0.0285	0.0012	0.0589	13.8251	0.6604	0.0005	-0.0006	0.0406	11.9964	2.3361	15.6499	0.0010	0.0001	0.0010	0.0001	0.0001	0.0000	0.0010	0.0000	0.0010	0.0103	0.0062	0.0041	0.0063	0.0061	0.0002	0.0040	0.0001	0.0039	0.0079	0.0070	0.0009	0.0026	0.0026	0.0000	0.0053	0.0044	0.0009	0.2187	0.1507	0.0680	0.0785	0.0768	0.0017	0.1403	0.0740	0.0663	2.7662	0.2411	17.6130	0.3806	0.3382	7.1825	6.2973	0.0000	18.1128	0.0472	0.0413	0.0604	0.0807	0.0798	0.1184	0.0285	0.0012	0.0589
70	100	0.0886	6	2	0	2	0	0	0	0	0	Y	N	Y	N	N	N	N	N	N	N	N	N	0.0254	0.2579	0.0326	0.2674	0.3254	0.0662	0.0137	0.6958	0.0323	0.0369	0.0209	0.1325	0.0480	0.0480	0.0476	0.0305	0.0019	0.1384	1.4505	0.0812	4.0643	0.1793	0.1474	0.7194	2.2204	0.0027	4.2825	1.0524	26.2208	0.0000	0.0779	0.0406	1.0008	2.3361	13.9255	0.0000	0.0000	0.0000	0.0000	0.0000	0.0000	0.0000	0.0000	0.0000	0.1542	0.0057	0.1486	0.0072	0.0056	0.0016	0.1470	0.0001	0.1469	0.0008	0.0007	0.0001	0.0003	0.0003	0.0000	0.0005	0.0004	0.0001	0.1063	0.0698	0.0366	0.0401	0.0379	0.0022	0.0662	0.0319	0.0343	0.0254	0.2579	0.0326	0.2674	0.3254	0.0662	0.0137	0.6958	0.0323	1.4505	0.0812	4.0643	0.1793	0.1474	0.7194	2.2204	0.0027	4.2825
70	101	0.0856	5	2	0	2	0	0	0	0	0	Y	N	Y	N	N	N	N	N	N	N	N	N	1.3269	0.9022	6.6174	1.1421	1.1276	3.2634	1.5150	0.6887	6.5218	0.5617	0.5217	0.6061	0.5096	0.5222	0.0577	0.6165	0.5125	0.6227	0.4233	0.5783	0.0916	0.4462	0.4631	0.0177	0.4069	0.7442	0.0955	1.0481	0.0740	0.0001	-0.0038	0.0406	0.0532	2.3361	2.0467	0.0017	0.0008	0.0009	0.0008	0.0008	0.0000	0.0009	0.0000	0.0009	0.0098	0.0091	0.0007	0.0043	0.0043	0.0000	0.0055	0.0048	0.0007	0.0030	0.0016	0.0014	0.0015	0.0015	0.0000	0.0015	0.0001	0.0014	0.0232	0.0158	0.0074	0.0097	0.0093	0.0004	0.0135	0.0065	0.0070	1.3269	0.9022	6.6174	1.1421	1.1276	3.2634	1.5150	0.6887	6.5218	0.4233	0.5783	0.0916	0.4462	0.4631	0.0177	0.4069	0.7442	0.0955
70	102	0.0760	4	2	0	2	0	0	0	0	0	Y	N	Y	N	N	N	N	N	N	N	N	N	100.5493	103.5306	93.2464	118.2610	121.7219	69.2422	87.7797	11.2775	94.2826	0.7144	0.5681	0.9805	0.8003	0.8005	0.7912	0.6418	0.0476	0.9872	0.0071	0.0055	0.0105	0.0068	0.0066	0.0114	0.0073	0.0042	0.0105	0.9490	0.9092	0.0001	0.0000	0.0406	2.0948	2.3361	3.0326	0.0032	0.0016	0.0015	0.0016	0.0016	0.0000	0.0015	0.0000	0.0015	0.0003	0.0002	0.0001	0.0001	0.0001	0.0000	0.0002	0.0001	0.0001	0.0044	0.0029	0.0016	0.0020	0.0020	0.0001	0.0024	0.0009	0.0015	0.0439	0.0298	0.0141	0.0167	0.0160	0.0007	0.0273	0.0138	0.0135	100.5493	103.5306	93.2464	118.2610	121.7219	69.2422	87.7797	11.2775	94.2826	0.0071	0.0055	0.0105	0.0068	0.0066	0.0114	0.0073	0.0042	0.0105
70	103	0.0551	3	2	0	2	0	0	0	0	0	Y	N	Y	N	N	N	N	N	N	N	N	N	699.2501	1979.9980	1069.0173	2456.1404	2914.8714	152.3890	410.6263	901.8484	1064.5976	10.6053	5.8527	46.4760	15.3297	15.3599	4.9773	8.3849	0.4810	46.8089	0.0152	0.0030	0.0435	0.0062	0.0053	0.0327	0.0204	0.0005	0.0440	1.0521	6.3442	0.0022	0.0005	0.0406	3.9484	2.3361	4.8420	0.0307	0.0150	0.0158	0.0142	0.0142	0.0000	0.0165	0.0008	0.0157	0.0013	0.0002	0.0011	0.0002	0.0002	0.0000	0.0011	0.0000	0.0011	0.0029	0.0026	0.0003	0.0009	0.0009	0.0000	0.0020	0.0016	0.0003	0.0844	0.0590	0.0254	0.0313	0.0302	0.0011	0.0532	0.0288	0.0243	699.2501	1979.9980	1069.0173	2456.1404	2914.8714	152.3890	410.6263	901.8484	1064.5976	0.0152	0.0030	0.0435	0.0062	0.0053	0.0327	0.0204	0.0005	0.0440
70	104	0.1173	4	1	1	1	0	0	0	0	0	N	N	N	N	N	N	N	N	N	N	N	N	0.1901	1.5092	0.0330	3.7327	3.7001	0.0928	0.0141	0.0256	0.0329	0.0918	0.0985	0.0468	0.2080	0.2223	0.0027	0.0116	0.0018	0.0582	0.4830	0.0653	1.4166	0.0557	0.0601	0.0290	0.8257	0.0717	1.7685	0.0706	9.7091	-0.0003	0.0714	0.0406	8.9557	2.3361	32.3127	0.0007	0.0007	0.0000	0.0007	0.0007	0.0000	0.0001	0.0000	0.0000	0.1594	0.0149	0.1445	0.0082	0.0076	0.0006	0.1512	0.0073	0.1439	0.0077	0.0067	0.0010	0.0032	0.0029	0.0002	0.0046	0.0038	0.0008	0.3300	0.2280	0.1020	0.1469	0.1262	0.0206	0.1831	0.1017	0.0814	0.1901	1.5092	0.0330	3.7327	3.7001	0.0928	0.0141	0.0256	0.0329	0.4830	0.0653	1.4166	0.0557	0.0601	0.0290	0.8257	0.0717	1.7685
70	105	0.1427	5	1	0	2	0	0	0	0	0	N	N	Y	N	N	N	N	N	N	N	N	N	2.7961	0.0500	62.0145	0.1412	0.0826	126.4302	10.5863	0.0000	53.2725	0.0035	0.0001	0.0270	0.0003	0.0002	0.0147	0.0051	0.0000	0.0273	0.0012	0.0016	0.0004	0.0022	0.0025	0.0001	0.0005	0.0005	0.0005	48.5497	0.1220	0.0000	-0.0000	0.0406	4.2679	2.3361	7.8415	0.0000	0.0000	0.0000	0.0000	0.0000	0.0000	0.0000	0.0000	0.0000	0.0001	0.0001	0.0000	0.0001	0.0001	0.0000	0.0000	0.0000	0.0000	0.0033	0.0029	0.0004	0.0011	0.0011	0.0000	0.0022	0.0017	0.0004	0.1043	0.0721	0.0322	0.0467	0.0405	0.0062	0.0576	0.0316	0.0260	2.7961	0.0500	62.0145	0.1412	0.0826	126.4302	10.5863	0.0000	53.2725	0.0012	0.0016	0.0004	0.0022	0.0025	0.0001	0.0005	0.0005	0.0005
70	106	0.1173	4	1	0	1	0	0	0	0	0	N	N	N	N	N	N	N	N	N	N	N	N	2.3382	0.0747	44.7337	10.5801	0.4342	132.7572	0.3098	0.0000	7.3538	0.1620	0.0067	0.9989	0.2719	0.0121	2.0518	0.0350	0.0000	0.1837	0.0693	0.0896	0.0223	0.0257	0.0278	0.0155	0.1128	0.1803	0.0250	27.7203	0.1075	0.0003	-0.0033	0.0406	1.9301	2.3361	9.0954	0.0005	0.0000	0.0005	0.0004	0.0000	0.0004	0.0000	0.0000	0.0000	0.0090	0.0081	0.0009	0.0017	0.0015	0.0002	0.0073	0.0066	0.0007	0.0030	0.0025	0.0005	0.0016	0.0014	0.0002	0.0014	0.0011	0.0003	0.1299	0.0908	0.0391	0.0649	0.0540	0.0109	0.0650	0.0368	0.0282	2.3382	0.0747	44.7337	10.5801	0.4342	132.7572	0.3098	0.0000	7.3538	0.0693	0.0896	0.0223	0.0257	0.0278	0.0155	0.1128	0.1803	0.0250
70	107	0.0849	3	1	0	1	0	0	0	0	0	N	N	N	N	N	N	N	N	N	N	N	N	0.2819	0.0046	50.1921	0.1571	0.1042	29.1590	0.2755	0.0000	50.8207	0.3454	0.0080	2.8932	0.0319	0.0214	2.3648	0.4998	0.0000	2.9000	1.2251	1.7572	0.0576	0.2030	0.2056	0.0811	1.8139	3.4458	0.0571	47.8863	0.0150	0.0005	-0.0647	0.0406	3.9049	2.3361	9.6098	0.0009	0.0000	0.0009	0.0000	0.0000	0.0000	0.0009	0.0000	0.0009	0.1458	0.1437	0.0021	0.0088	0.0088	0.0001	0.1370	0.1349	0.0021	0.0027	0.0024	0.0003	0.0009	0.0009	0.0000	0.0018	0.0015	0.0003	0.1190	0.0818	0.0373	0.0435	0.0426	0.0009	0.0755	0.0392	0.0364	0.2819	0.0046	50.1921	0.1571	0.1042	29.1590	0.2755	0.0000	50.8207	1.2251	1.7572	0.0576	0.2030	0.2056	0.0811	1.8139	3.4458	0.0571
70	108	0.1061	5	1	1	1	0	0	0	0	0	N	N	N	N	N	N	N	N	N	N	N	N	0.6132	0.5288	0.1599	0.7370	0.6990	0.0058	0.0770	0.0533	0.1788	0.0273	0.0310	0.0017	0.0751	0.0761	0.0001	0.0004	0.0000	0.0018	0.0445	0.0587	0.0106	0.1019	0.1088	0.0172	0.0047	0.0005	0.0098	0.0080	0.0758	-0.0001	-0.0046	0.0406	8.0392	2.3361	22.6195	0.0002	0.0002	0.0000	0.0002	0.0002	0.0000	0.0000	0.0000	0.0000	0.0118	0.0109	0.0008	0.0110	0.0109	0.0001	0.0007	0.0000	0.0007	0.0059	0.0052	0.0008	0.0021	0.0021	0.0000	0.0038	0.0031	0.0007	0.2641	0.1862	0.0780	0.1083	0.1000	0.0082	0.1559	0.0861	0.0697	0.6132	0.5288	0.1599	0.7370	0.6990	0.0058	0.0770	0.0533	0.1788	0.0445	0.0587	0.0106	0.1019	0.1088	0.0172	0.0047	0.0005	0.0098
70	109	0.1061	4	1	0	1	0	0	0	0	0	N	N	N	N	N	N	N	N	N	N	N	N	1.0935	0.6148	19.5591	1.3322	1.1009	23.7221	0.8922	0.0011	23.7547	0.2581	0.1892	0.4066	0.2884	0.2851	0.6236	0.2327	0.0004	0.4036	0.2361	0.3077	0.0208	0.2165	0.2590	0.0263	0.2608	0.3830	0.0170	0.9985	0.0225	0.0000	-0.0061	0.0406	0.2031	2.3361	2.0398	0.0001	0.0001	0.0001	0.0001	0.0001	0.0000	0.0001	0.0000	0.0001	0.0140	0.0137	0.0003	0.0071	0.0070	0.0002	0.0068	0.0067	0.0001	0.0005	0.0003	0.0002	0.0002	0.0002	0.0000	0.0003	0.0001	0.0001	0.0592	0.0444	0.0148	0.0330	0.0270	0.0060	0.0262	0.0174	0.0087	1.0935	0.6148	19.5591	1.3322	1.1009	23.7221	0.8922	0.0011	23.7547	0.2361	0.3077	0.0208	0.2165	0.2590	0.0263	0.2608	0.3830	0.0170
70	110	0.6866	10	2	0	2	0	0	0	0	0	Y	N	Y	N	N	N	N	N	N	N	N	N	0.0000	0.0000	0.0000	0.0000	0.0000	0.0000	0.0000	0.0000	0.0000	0.0000	0.0000	0.0000	0.0000	0.0000	0.0000	0.0000	0.0000	0.0000	0.0000	0.0000	0.0406	0.0001	2.3361	0.0001	0.0000	0.0000	0.0000	0.0000	0.0000	0.0000	0.0000	0.0000	0.0000	0.0000	0.0000	0.0000	0.0000	0.0000	0.0000	0.0000	0.0000	0.0000	0.0000	0.0000	0.0000	0.0000	0.0000	0.0000	0.0000	0.0000	0.0000	0.0000	0.0000	0.0000	0.0000	0.0000	0.0000	0.0000	0.0000	0.0000	0.0000	0.0000	0.0000	0.0000	0.0000	0.0000	0.0000	0.0000	0.0000	0.0000	0.0000	0.0000	0.0000	0.0000	0.0000	0.0000	0.0000	0.0000											
70	111	0.6728	9	2	0	2	0	0	0	0	0	Y	N	Y	N	N	N	N	N	N	N	N	N	5.4744	0.1659	26.4837	16.7791	0.4050	185.9697	0.0370	0.0000	0.1293	0.0023	0.0001	0.0150	0.0064	0.0002	0.0555	0.0000	0.0000	0.0001	0.0004	0.0004	0.0006	0.0004	0.0004	0.0003	0.0005	0.0002	0.0009	43.5015	0.5712	0.0000	-0.0000	0.0406	1.6718	2.3361	2.9223	0.0000	0.0000	0.0000	0.0000	0.0000	0.0000	0.0000	0.0000	0.0000	0.0000	0.0000	0.0000	0.0000	0.0000	0.0000	0.0000	0.0000	0.0000	0.0006	0.0005	0.0001	0.0002	0.0002	0.0000	0.0004	0.0003	0.0001	0.0198	0.0144	0.0054	0.0143	0.0114	0.0029	0.0055	0.0030	0.0025	5.4744	0.1659	26.4837	16.7791	0.4050	185.9697	0.0370	0.0000	0.1293	0.0004	0.0004	0.0006	0.0004	0.0004	0.0003	0.0005	0.0002	0.0009
70	112	0.5893	8	2	0	2	0	0	0	0	0	Y	N	Y	N	N	N	N	N	N	N	N	N	1.1543	1.1874	0.0246	3.6447	2.8655	3.2063	0.0003	0.0002	0.0010	0.0697	0.0792	0.0012	0.2093	0.2207	0.0074	0.0000	0.0000	0.0001	0.0604	0.0667	0.0473	0.0574	0.0770	0.0023	0.0666	0.0366	0.1012	0.0020	0.3442	-0.0001	-0.0009	0.0406	14.0283	2.3361	7.1084	0.0003	0.0003	0.0000	0.0003	0.0003	0.0000	0.0000	0.0000	0.0000	0.0044	0.0033	0.0011	0.0028	0.0028	0.0000	0.0016	0.0005	0.0011	0.0043	0.0038	0.0005	0.0014	0.0014	0.0001	0.0029	0.0024	0.0004	0.0729	0.0491	0.0238	0.0495	0.0365	0.0130	0.0234	0.0125	0.0108	1.1543	1.1874	0.0246	3.6447	2.8655	3.2063	0.0003	0.0002	0.0010	0.0604	0.0667	0.0473	0.0574	0.0770	0.0023	0.0666	0.0366	0.1012
70	113	0.5290	7	1	0	1	0	0	0	0	0	N	N	N	N	N	N	N	N	N	N	N	N	0.0101	0.0082	0.0246	0.0170	0.0134	0.2613	0.0002	0.0000	0.0033	0.0002	0.0003	0.0000	0.0005	0.0006	0.0004	0.0000	0.0000	0.0000	0.0231	0.0314	0.0015	0.0322	0.0411	0.0014	0.0048	0.0067	0.0016	0.0168	0.0182	-0.0000	-0.0026	0.0406	8.6129	2.3361	5.1709	0.0000	0.0000	0.0000	0.0000	0.0000	0.0000	0.0000	0.0000	0.0000	0.0059	0.0058	0.0001	0.0055	0.0055	0.0001	0.0004	0.0004	0.0001	0.0069	0.0062	0.0007	0.0030	0.0029	0.0001	0.0040	0.0033	0.0007	0.2566	0.1859	0.0706	0.1721	0.1332	0.0389	0.0844	0.0527	0.0317	0.0101	0.0082	0.0246	0.0170	0.0134	0.2613	0.0002	0.0000	0.0033	0.0231	0.0314	0.0015	0.0322	0.0411	0.0014	0.0048	0.0067	0.0016
70	114	0.4339	6	1	0	1	0	0	0	0	0	N	N	N	N	N	N	N	N	N	N	N	N	0.0074	0.0186	0.0063	0.0088	0.0252	0.0199	0.0198	0.0237	0.0304	0.0027	0.0023	0.0063	0.0046	0.0039	0.0369	0.0015	0.0011	0.0036	0.3729	0.1244	0.9966	0.5246	0.1545	1.8516	0.0751	0.0452	0.1170	0.3310	3.1923	-0.0000	0.0366	0.0406	16.8607	2.3361	22.7724	0.0000	0.0000	0.0000	0.0000	0.0000	0.0000	0.0000	0.0000	0.0000	0.1208	0.0288	0.0920	0.1126	0.0259	0.0867	0.0082	0.0029	0.0053	0.0116	0.0103	0.0013	0.0046	0.0045	0.0001	0.0070	0.0058	0.0012	0.3240	0.2317	0.0923	0.2147	0.1679	0.0468	0.1094	0.0638	0.0455	0.0074	0.0186	0.0063	0.0088	0.0252	0.0199	0.0198	0.0237	0.0304	0.3729	0.1244	0.9966	0.5246	0.1545	1.8516	0.0751	0.0452	0.1170
70	117	0.3211	4	1	1	1	1	0	0	0	0	N	N	N	N	N	N	N	N	N	N	N	N	0.1375	0.1125	0.3673	0.3137	0.2650	1.2695	0.0064	0.0029	0.1289	0.0495	0.0540	0.0149	0.1100	0.1141	0.0457	0.0024	0.0018	0.0058	0.3599	0.4800	0.0406	0.3506	0.4306	0.0360	0.3782	0.6116	0.0451	0.0362	0.0318	-0.0002	-0.0647	0.0406	10.5071	2.3361	20.2622	0.0004	0.0004	0.0000	0.0004	0.0004	0.0000	0.0000	0.0000	0.0000	0.1513	0.1466	0.0047	0.0977	0.0956	0.0020	0.0536	0.0510	0.0026	0.0089	0.0078	0.0010	0.0039	0.0036	0.0002	0.0050	0.0042	0.0008	0.4204	0.3055	0.1149	0.2786	0.2221	0.0565	0.1418	0.0834	0.0584	0.1375	0.1125	0.3673	0.3137	0.2650	1.2695	0.0064	0.0029	0.1289	0.3599	0.4800	0.0406	0.3506	0.4306	0.0360	0.3782	0.6116	0.0451
70	118	0.0849	3	1	1	1	1	0	0	0	0	N	N	N	N	N	N	N	N	N	N	N	N	0.0016	0.0061	0.0001	0.0147	0.0150	0.0000	0.0000	0.0000	0.0001	0.0013	0.0014	0.0002	0.0038	0.0038	0.0000	0.0000	0.0000	0.0002	0.7896	0.2328	2.0252	0.2586	0.2548	0.4266	1.0858	0.2101	2.0671	0.0206	3.9197	-0.0000	0.0633	0.0406	4.0036	2.3361	26.5072	0.0000	0.0000	0.0000	0.0000	0.0000	0.0000	0.0000	0.0000	0.0000	0.1871	0.0380	0.1491	0.0220	0.0211	0.0008	0.1652	0.0169	0.1483	0.0028	0.0025	0.0003	0.0009	0.0009	0.0000	0.0019	0.0015	0.0003	0.2370	0.1634	0.0736	0.0849	0.0830	0.0019	0.1521	0.0804	0.0717	0.0016	0.0061	0.0001	0.0147	0.0150	0.0000	0.0000	0.0000	0.0001	0.7896	0.2328	2.0252	0.2586	0.2548	0.4266	1.0858	0.2101	2.0671
70	119	0.1234	4	1	1	1	0	0	0	0	0	N	N	N	N	N	N	N	N	N	N	N	N	0.2076	2.9838	0.2176	4.8546	3.5817	2.2391	0.0046	0.0774	0.0145	0.1392	0.0879	0.4297	0.2987	0.1888	1.0004	0.0048	0.0001	0.0291	0.6707	0.0295	1.9748	0.0615	0.0527	0.4468	1.0398	0.0010	2.0149	0.8631	32.9478	0.0000	0.0825	0.0406	3.8169	2.3361	21.2433	0.0006	0.0003	0.0003	0.0006	0.0003	0.0003	0.0000	0.0000	0.0000	0.1611	0.0047	0.1563	0.0056	0.0047	0.0009	0.1555	0.0001	0.1554	0.0042	0.0036	0.0006	0.0019	0.0017	0.0003	0.0023	0.0019	0.0004	0.2401	0.1610	0.0792	0.0906	0.0886	0.0020	0.1495	0.0724	0.0771	0.2076	2.9838	0.2176	4.8546	3.5817	2.2391	0.0046	0.0774	0.0145	0.6707	0.0295	1.9748	0.0615	0.0527	0.4468	1.0398	0.0010	2.0149
70	120	0.4691	8	1	1	1	0	0	0	0	0	N	N	N	N	N	N	N	N	N	N	N	N	3.5000	3.0013	2.5361	2.1920	2.0311	0.4112	172.9229	206.1220	24.7125	1.8908	2.2112	0.1879	1.7978	2.0626	0.0571	1.9854	2.3724	0.2828	0.5402	0.7367	0.0741	0.8202	1.0155	0.1389	0.0115	0.0115	0.0114	0.0160	0.0424	-0.0130	-0.1607	0.0406	16.3276	2.3361	34.9199	0.0306	0.0301	0.0005	0.0147	0.0146	0.0001	0.0159	0.0155	0.0004	0.3848	0.3691	0.0157	0.3820	0.3675	0.0144	0.0028	0.0016	0.0012	0.0162	0.0136	0.0026	0.0082	0.0071	0.0011	0.0080	0.0065	0.0015	0.7123	0.5011	0.2112	0.4657	0.3619	0.1038	0.2466	0.1391	0.1075	3.5000	3.0013	2.5361	2.1920	2.0311	0.4112	172.9229	206.1220	24.7125	0.5402	0.7367	0.0741	0.8202	1.0155	0.1389	0.0115	0.0115	0.0114
70	121	0.4517	7	1	1	1	0	0	0	0	0	N	N	N	N	N	N	N	N	N	N	N	N	1.2912	1.1571	1.3499	1.4943	1.3061	2.8699	1.1651	1.0385	1.0142	0.6627	0.6922	0.4385	0.7792	0.7832	0.6713	0.5802	0.6170	0.4045	0.5132	0.5982	0.3249	0.5214	0.5996	0.2339	0.4979	0.5942	0.3988	0.0835	0.2450	-0.0012	-0.0678	0.0406	6.1757	2.3361	14.5601	0.0033	0.0030	0.0003	0.0016	0.0015	0.0000	0.0017	0.0015	0.0002	0.2593	0.2083	0.0510	0.1717	0.1552	0.0165	0.0876	0.0530	0.0345	0.0049	0.0044	0.0006	0.0020	0.0020	0.0001	0.0029	0.0024	0.0005	0.5052	0.3481	0.1571	0.3293	0.2589	0.0704	0.1759	0.0892	0.0866	1.2912	1.1571	1.3499	1.4943	1.3061	2.8699	1.1651	1.0385	1.0142	0.5132	0.5982	0.3249	0.5214	0.5996	0.2339	0.4979	0.5942	0.3988
70	122	0.3987	6	1	0	1	0	0	0	0	0	N	N	N	N	N	N	N	N	N	N	N	N	0.0688	0.0552	0.1687	0.0980	0.0691	1.6861	0.0486	0.0510	0.0492	0.0286	0.0254	0.0541	0.0433	0.0343	0.3479	0.0180	0.0178	0.0192	0.4154	0.4591	0.3207	0.4415	0.4969	0.2063	0.3710	0.3487	0.3909	0.2698	0.3218	-0.0000	-0.0432	0.0406	7.5400	2.3361	21.4192	0.0002	0.0001	0.0000	0.0001	0.0001	0.0000	0.0001	0.0001	0.0000	0.2010	0.1521	0.0489	0.1346	0.1226	0.0120	0.0664	0.0294	0.0370	0.0060	0.0053	0.0007	0.0025	0.0024	0.0001	0.0035	0.0029	0.0006	0.4838	0.3312	0.1526	0.3049	0.2468	0.0581	0.1789	0.0844	0.0945	0.0688	0.0552	0.1687	0.0980	0.0691	1.6861	0.0486	0.0510	0.0492	0.4154	0.4591	0.3207	0.4415	0.4969	0.2063	0.3710	0.3487	0.3909
70	123	0.0551	3	1	1	1	0	0	0	0	0	N	N	N	N	N	N	N	N	N	N	N	N	0.0198	0.3882	0.0000	0.3696	0.5373	0.0000	0.0000	0.0000	0.0000	0.0170	0.0193	0.0000	0.0533	0.0534	0.0000	0.0000	0.0000	0.0000	0.8614	0.0497	2.6774	0.1441	0.0994	1.2535	1.2632	0.0001	2.7445	0.0000	24.0953	-0.0000	0.0848	0.0406	4.0019	2.3361	19.5615	0.0001	0.0001	0.0000	0.0001	0.0001	0.0000	0.0000	0.0000	0.0000	0.1690	0.0067	0.1623	0.0102	0.0067	0.0034	0.1589	0.0000	0.1589	0.0029	0.0026	0.0003	0.0009	0.0009	0.0000	0.0020	0.0017	0.0003	0.1963	0.1356	0.0606	0.0705	0.0677	0.0027	0.1258	0.0679	0.0579	0.0198	0.3882	0.0000	0.3696	0.5373	0.0000	0.0000	0.0000	0.0000	0.8614	0.0497	2.6774	0.1441	0.0994	1.2535	1.2632	0.0001	2.7445
70	124	0.0331	2	1	0	1	0	0	0	0	0	N	N	N	N	N	N	N	N	N	N	N	N	1.2510	1.0173	0.9742	1.2805	1.2997	0.1753	0.5576	0.0318	1.0350	0.3545	0.4589	0.0234	0.8529	0.8735	0.0264	0.0091	0.0001	0.0232	0.2833	0.4511	0.0240	0.6660	0.6720	0.1506	0.0164	0.0046	0.0224	0.0161	0.0344	-0.0002	-0.0191	0.0406	1.2223	2.3361	8.2281	0.0006	0.0006	0.0000	0.0006	0.0006	0.0000	0.0000	0.0000	0.0000	0.0449	0.0434	0.0015	0.0434	0.0433	0.0001	0.0015	0.0001	0.0014	0.0016	0.0012	0.0004	0.0007	0.0006	0.0000	0.0010	0.0006	0.0004	0.1586	0.0963	0.0623	0.0652	0.0644	0.0007	0.0934	0.0319	0.0615	1.2510	1.0173	0.9742	1.2805	1.2997	0.1753	0.5576	0.0318	1.0350	0.2833	0.4511	0.0240	0.6660	0.6720	0.1506	0.0164	0.0046	0.0224
70	126	0.1221	5	1	1	1	0	0	0	0	0	N	N	N	N	N	N	N	N	N	N	N	N	0.7893	0.4913	3.0406	3.4977	4.1959	1.0304	0.3349	0.0038	3.1266	0.0433	0.0298	0.1262	0.0706	0.0710	0.0440	0.0278	0.0004	0.1288	0.0549	0.0606	0.0415	0.0202	0.0169	0.0427	0.0830	0.1160	0.0412	0.6916	0.2944	-0.0000	-0.0027	0.0406	5.0407	2.3361	17.1705	0.0002	0.0001	0.0001	0.0001	0.0001	0.0000	0.0001	0.0000	0.0001	0.0116	0.0090	0.0026	0.0019	0.0014	0.0005	0.0097	0.0076	0.0021	0.0039	0.0034	0.0006	0.0014	0.0014	0.0000	0.0025	0.0020	0.0005	0.2113	0.1478	0.0636	0.0946	0.0826	0.0120	0.1167	0.0652	0.0515	0.7893	0.4913	3.0406	3.4977	4.1959	1.0304	0.3349	0.0038	3.1266	0.0549	0.0606	0.0415	0.0202	0.0169	0.0427	0.0830	0.1160	0.0412
70	127	0.1061	4	1	1	1	0	0	0	0	0	N	N	N	N	N	N	N	N	N	N	N	N	0.3933	0.0094	161.4843	0.6534	0.4198	109.9110	0.3312	0.0000	146.8683	0.4956	0.0163	2.8746	0.0496	0.0360	1.1469	0.7704	0.0001	2.9242	1.2599	1.7338	0.0178	0.0759	0.0857	0.0104	2.3264	3.9169	0.0199	35.4948	0.0039	0.0005	-0.0610	0.0406	1.9703	2.3361	6.2034	0.0009	0.0000	0.0008	0.0000	0.0000	0.0000	0.0008	0.0000	0.0008	0.1341	0.1336	0.0005	0.0038	0.0038	0.0001	0.1303	0.1298	0.0005	0.0018	0.0015	0.0003	0.0007	0.0007	0.0000	0.0011	0.0008	0.0003	0.1065	0.0771	0.0294	0.0505	0.0439	0.0065	0.0560	0.0331	0.0229	0.3933	0.0094	161.4843	0.6534	0.4198	109.9110	0.3312	0.0000	146.8683	1.2599	1.7338	0.0178	0.0759	0.0857	0.0104	2.3264	3.9169	0.0199
70	128	0.0849	3	1	0	1	0	0	0	0	0	N	N	N	N	N	N	N	N	N	N	N	N	0.6673	0.0489	80.8956	0.4619	0.4140	60.7458	0.6752	0.0003	81.2969	0.0862	0.0090	0.6400	0.0261	0.0237	0.5434	0.1163	0.0001	0.6412	0.1292	0.1848	0.0079	0.0564	0.0574	0.0089	0.1722	0.3294	0.0079	9.8610	0.0196	0.0000	-0.0048	0.0406	1.1032	2.3361	7.8190	0.0001	0.0000	0.0001	0.0000	0.0000	0.0000	0.0001	0.0000	0.0001	0.0108	0.0106	0.0002	0.0018	0.0018	0.0000	0.0091	0.0089	0.0002	0.0008	0.0007	0.0001	0.0003	0.0003	0.0000	0.0005	0.0004	0.0001	0.0838	0.0574	0.0264	0.0311	0.0305	0.0006	0.0527	0.0269	0.0257	0.6673	0.0489	80.8956	0.4619	0.4140	60.7458	0.6752	0.0003	81.2969	0.1292	0.1848	0.0079	0.0564	0.0574	0.0089	0.1722	0.3294	0.0079
70	129	0.4280	7	1	1	1	0	0	0	0	0	N	N	N	N	N	N	N	N	N	N	N	N	0.0000	0.0000	0.0000	0.0000	0.0000	0.0000	0.0000	0.0000	0.0000	0.0000	0.0000	0.0000	0.0000	0.0000	0.0000	0.0000	0.0000	0.0000	0.0142	0.0010	0.0514	0.0064	0.0013	0.0555	0.0246	0.0004	0.0503	18.0017	0.0000	0.0004	0.0406	1.0033	2.3361	0.8635	0.0000	0.0000	0.0000	0.0000	0.0000	0.0000	0.0000	0.0000	0.0000	0.0009	0.0000	0.0008	0.0002	0.0000	0.0002	0.0006	0.0000	0.0006	0.0009	0.0008	0.0001	0.0005	0.0005	0.0000	0.0004	0.0004	0.0001	0.0598	0.0441	0.0157	0.0340	0.0308	0.0032	0.0258	0.0133	0.0125	0.0000	0.0000	0.0000	0.0000	0.0000	0.0000	0.0000	0.0000	0.0000	0.0142	0.0010	0.0514	0.0064	0.0013	0.0555	0.0246	0.0004	0.0503	
70	130	0.3987	6	1	0	1	0	0	0	0	0	N	N	N	N	N	N	N	N	N	N	N	N	0.0015	0.0012	0.0039	0.0022	0.0021	0.0092	0.0010	0.0002	0.0046	0.0000	0.0000	0.0001	0.0001	0.0000	0.0004	0.0000	0.0000	0.0000	0.0184	0.0178	0.0196	0.0250	0.0215	0.0404	0.0071	0.0065	0.0077	0.4368	0.5171	-0.0000	-0.0009	0.0406	5.5514	2.3361	9.9598	0.0000	0.0000	0.0000	0.0000	0.0000	0.0000	0.0000	0.0000	0.0000	0.0077	0.0051	0.0026	0.0066	0.0046	0.0020	0.0011	0.0004	0.0006	0.0047	0.0041	0.0005	0.0020	0.0019	0.0001	0.0027	0.0022	0.0005	0.4180	0.2844	0.1336	0.2642	0.2152	0.0490	0.1539	0.0692	0.0847	0.0015	0.0012	0.0039	0.0022	0.0021	0.0092	0.0010	0.0002	0.0046	0.0184	0.0178	0.0196	0.0250	0.0215	0.0404	0.0071	0.0065	0.0077
70	131	0.3684	5	1	0	1	0	0	0	0	0	N	N	N	N	N	N	N	N	N	N	N	N	0.0270	0.0230	0.0578	0.0366	0.0281	0.5704	0.0213	0.0257	0.0273	0.0109	0.0095	0.0223	0.0157	0.0128	0.1715	0.0077	0.0069	0.0116	0.4032	0.4115	0.3863	0.4297	0.4557	0.3007	0.3609	0.2684	0.4255	0.2877	0.4611	-0.0000	-0.0225	0.0406	9.1969	2.3361	13.4651	0.0001	0.0001	0.0000	0.0000	0.0000	0.0000	0.0000	0.0000	0.0000	0.1578	0.1080	0.0498	0.1036	0.0914	0.0122	0.0543	0.0166	0.0377	0.0070	0.0063	0.0008	0.0028	0.0027	0.0001	0.0042	0.0035	0.0007	0.3914	0.2625	0.1289	0.2411	0.2006	0.0404	0.1504	0.0619	0.0885	0.0270	0.0230	0.0578	0.0366	0.0281	0.5704	0.0213	0.0257	0.0273	0.4032	0.4115	0.3863	0.4297	0.4557	0.3007	0.3609	0.2684	0.4255
70	132	0.1819	7	2	1	1	1	0	0	0	0	Y	N	N	N	N	N	N	N	N	N	N	N	0.0000	0.0000	0.0000	0.0000	0.0000	0.0000	0.0000	0.0000	0.0000	0.0000	0.0000	0.0000	0.0000	0.0000	0.0000	0.0000	0.0000	0.0028	0.0043	0.0001	0.0082	0.0084	0.0005	0.0000	0.0000	0.0001	0.0117	0.0000	-0.0000	0.0406	1.0000	2.3361	3.0001	0.0000	0.0000	0.0000	0.0000	0.0000	0.0000	0.0000	0.0000	0.0000	0.0001	0.0001	0.0000	0.0001	0.0001	0.0000	0.0000	0.0000	0.0000	0.0006	0.0005	0.0002	0.0003	0.0002	0.0001	0.0003	0.0003	0.0001	0.0292	0.0188	0.0104	0.0098	0.0096	0.0002	0.0194	0.0092	0.0102	0.0000	0.0000	0.0000	0.0000	0.0000	0.0000	0.0000	0.0000	0.0000	0.0028	0.0043	0.0001	0.0082	0.0084	0.0005	0.0000	0.0000	0.0001		
70	133	0.5808	11	2	1	1	1	0	0	0	0	Y	N	N	N	N	N	N	N	N	N	N	N	0.0000	0.0000	0.0000	0.0000	0.0000	0.0000	0.0000	0.0000	0.0000	0.0000	0.0000	0.0000	0.0000	0.0000	0.0000	0.0000	0.0000	0.0000	0.0205	0.0074	0.0541	0.0222	0.0099	0.0687	0.0167	0.0000	0.0387	2.8373	0.0000	0.0001	0.0406	0.0006	2.3361	1.9797	0.0000	0.0000	0.0000	0.0000	0.0000	0.0000	0.0000	0.0000	0.0000	0.0003	0.0001	0.0002	0.0002	0.0001	0.0001	0.0001	0.0000	0.0001	0.0000	0.0000	0.0000	0.0000	0.0000	0.0000	0.0000	0.0000	0.0000	0.0149	0.0107	0.0042	0.0102	0.0080	0.0021	0.0047	0.0027	0.0020	0.0000	0.0000	0.0000	0.0000	0.0000	0.0000	0.0000	0.0000	0.0000	0.0205	0.0074	0.0541	0.0222	0.0099	0.0687	0.0167	0.0000	0.0387	
70	134	0.5640	10	2	1	1	1	0	0	0	0	Y	N	N	N	N	N	N	N	N	N	N	N	4.2336	0.0000	15.6429	3.3053	0.0000	42.3842	4.3801	0.0000	10.9449	0.0008	0.0000	0.0072	0.0006	0.0000	0.0171	0.0010	0.0000	0.0057	0.0002	0.0001	0.0005	0.0002	0.0001	0.0004	0.0002	0.0000	0.0005	inf	2.1641	0.0000	0.0000	0.0406	2.0077	2.3361	6.0321	0.0000	0.0000	0.0000	0.0000	0.0000	0.0000	0.0000	0.0000	0.0000	0.0000	0.0000	0.0000	0.0000	0.0000	0.0000	0.0000	0.0000	0.0000	0.0015	0.0013	0.0002	0.0006	0.0006	0.0000	0.0008	0.0007	0.0001	0.0570	0.0409	0.0161	0.0391	0.0307	0.0084	0.0180	0.0103	0.0077	4.2336	0.0000	15.6429	3.3053	0.0000	42.3842	4.3801	0.0000	10.9449	0.0002	0.0001	0.0005	0.0002	0.0001	0.0004	0.0002	0.0000	0.0005
70	135	0.5593	10	1	1	1	1	0	0	0	0	N	N	N	N	N	N	N	N	N	N	N	N	0.3986	0.2922	3.2483	0.7228	0.5361	16.8375	0.0428	0.0001	1.1823	0.0191	0.0187	0.0213	0.0425	0.0387	0.1491	0.0010	0.0000	0.0049	0.0478	0.0641	0.0066	0.0589	0.0722	0.0089	0.0241	0.0395	0.0042	0.1747	0.0403	-0.0000	-0.0019	0.0406	3.0348	2.3361	9.3583	0.0000	0.0000	0.0000	0.0000	0.0000	0.0000	0.0000	0.0000	0.0000	0.0044	0.0042	0.0002	0.0037	0.0036	0.0001	0.0007	0.0007	0.0001	0.0023	0.0020	0.0003	0.0010	0.0010	0.0000	0.0013	0.0010	0.0003	0.0924	0.0663	0.0261	0.0631	0.0498	0.0133	0.0293	0.0165	0.0128	0.3986	0.2922	3.2483	0.7228	0.5361	16.8375	0.0428	0.0001	1.1823	0.0478	0.0641	0.0066	0.0589	0.0722	0.0089	0.0241	0.0395	0.0042
70	136	0.5449	9	1	0	1	1	0	0	0	0	N	N	N	N	N	N	N	N	N	N	N	N	67.2385	18.9125	677.4579	20.5252	17.9872	58.7851	163.9448	29.6907	870.1248	1.3177	0.4301	7.9126	0.4764	0.4671	0.7735	1.9608	0.3964	8.8042	0.0196	0.0227	0.0117	0.0232	0.0260	0.0132	0.0120	0.0134	0.0101	2.4756	0.2041	0.0000	-0.0003	0.0406	0.0433	2.3361	6.6805	0.0000	0.0000	0.0000	0.0000	0.0000	0.0000	0.0000	0.0000	0.0000	0.0010	0.0008	0.0002	0.0008	0.0007	0.0001	0.0002	0.0001	0.0001	0.0000	0.0000	0.0000	0.0000	0.0000	0.0000	0.0000	0.0000	0.0000	0.0488	0.0349	0.0139	0.0331	0.0260	0.0071	0.0157	0.0089	0.0068	67.2385	18.9125	677.4579	20.5252	17.9872	58.7851	163.9448	29.6907	870.1248	0.0196	0.0227	0.0117	0.0232	0.0260	0.0132	0.0120	0.0134	0.0101
70	137	0.2115	9	1	1	1	1	0	0	0	0	N	N	N	N	N	N	N	N	N	N	N	N	0.0000	0.0000	0.0000	0.0000	0.0000	0.0000	0.0000	0.0000	0.0000	0.0000	0.0000	0.0000	0.0000	0.0000	0.0000	0.0000	0.0000	0.0000	0.0000	0.0000	0.0406	0.0000	2.3361	0.0000	0.0000	0.0000	0.0000	0.0000	0.0000	0.0000	0.0000	0.0000	0.0000	0.0000	0.0000	0.0000	0.0000	0.0000	0.0000	0.0000	0.0000	0.0000	0.0000	0.0000	0.0000	0.0000	0.0000	0.0000	0.0000	0.0000	0.0000	0.0000	0.0000	0.0000	0.0000	0.0000	0.0000	0.0000	0.0000	0.0000	0.0000	0.0000	0.0000	0.0000	0.0000	0.0000	0.0000	0.0000	0.0000	0.0000	0.0000	0.0000	0.0000	0.0000	0.0000	0.0000	0.0000	0.0000											
70	138	0.2064	8	1	1	1	1	0	0	0	0	N	N	N	N	N	N	N	N	N	N	N	N	0.0000	0.0000	0.0000	0.0000	0.0000	0.0000	0.0000	0.0000	0.0000	0.0000	0.0000	0.0000	0.0000	0.0000	0.0000	0.0000	0.0000	0.0000	0.0000	0.0000	0.0000	0.0000	0.0000	0.0000	0.0000	0.1052	0.0000	-0.0000	0.0406	0.0021	2.3361	2.0000	0.0000	0.0000	0.0000	0.0000	0.0000	0.0000	0.0000	0.0000	0.0000	0.0000	0.0000	0.0000	0.0000	0.0000	0.0000	0.0000	0.0000	0.0000	0.0000	0.0000	0.0000	0.0000	0.0000	0.0000	0.0000	0.0000	0.0000	0.0154	0.0098	0.0056	0.0055	0.0054	0.0002	0.0099	0.0044	0.0054	0.0000	0.0000	0.0000	0.0000	0.0000	0.0000	0.0000	0.0000	0.0000	0.0000	0.0000	0.0000	0.0000	0.0000	0.0000	0.0000	0.0000	0.0000			
70	139	0.1962	7	1	0	1	1	0	0	0	0	N	N	N	N	N	N	N	N	N	N	N	N	0.0000	0.0000	0.0000	0.0000	0.0000	0.0000	0.0000	0.0000	0.0000	0.0000	0.0000	0.0000	0.0000	0.0000	0.0000	0.0000	0.0068	0.0097	0.0019	0.0173	0.0179	0.0000	0.0011	0.0000	0.0019	0.1127	0.0000	-0.0001	0.0406	1.0020	2.3361	3.0181	0.0000	0.0000	0.0000	0.0000	0.0000	0.0000	0.0000	0.0000	0.0000	0.0002	0.0002	0.0000	0.0002	0.0002	0.0000	0.0000	0.0000	0.0000	0.0006	0.0005	0.0002	0.0003	0.0002	0.0001	0.0003	0.0003	0.0001	0.0309	0.0196	0.0113	0.0109	0.0106	0.0003	0.0200	0.0090	0.0110	0.0000	0.0000	0.0000	0.0000	0.0000	0.0000	0.0000	0.0000	0.0000	0.0068	0.0097	0.0019	0.0173	0.0179	0.0000	0.0011	0.0000	0.0019			
70	140	0.1819	7	1	1	1	0	0	0	0	0	N	N	N	N	N	N	N	N	N	N	N	N	0.0000	0.0000	0.0000	0.0000	0.0000	0.0000	0.0000	0.0000	0.0000	0.0000	0.0000	0.0000	0.0000	0.0000	0.0000	0.0000	0.0000	0.0014	0.0021	0.0001	0.0041	0.0042	0.0005	0.0000	0.0000	0.0001	0.0234	0.0000	-0.0000	0.0406	0.0000	2.3361	4.0001	0.0000	0.0000	0.0000	0.0000	0.0000	0.0000	0.0000	0.0000	0.0000	0.0000	0.0000	0.0000	0.0000	0.0000	0.0000	0.0000	0.0000	0.0000	0.0000	0.0000	0.0000	0.0000	0.0000	0.0000	0.0000	0.0000	0.0000	0.0292	0.0188	0.0104	0.0098	0.0096	0.0002	0.0194	0.0092	0.0102	0.0000	0.0000	0.0000	0.0000	0.0000	0.0000	0.0000	0.0000	0.0000	0.0014	0.0021	0.0001	0.0041	0.0042	0.0005	0.0000	0.0000	0.0001		
70	141	0.5595	9	1	1	1	0	0	0	0	0	N	N	N	N	N	N	N	N	N	N	N	N	0.1107	0.0000	9.1420	0.0587	0.0000	34.9216	1.9244	0.0000	5.1317	0.0000	0.0000	0.0002	0.0000	0.0000	0.0006	0.0000	0.0000	0.0002	0.0002	0.0003	0.0000	0.0004	0.0004	0.0000	0.0000	0.0000	0.0000	inf	0.0310	0.0000	-0.0000	0.0406	1.0003	2.3361	5.0186	0.0000	0.0000	0.0000	0.0000	0.0000	0.0000	0.0000	0.0000	0.0000	0.0000	0.0000	0.0000	0.0000	0.0000	0.0000	0.0000	0.0000	0.0000	0.0007	0.0006	0.0001	0.0003	0.0003	0.0000	0.0004	0.0003	0.0001	0.0432	0.0310	0.0122	0.0296	0.0233	0.0064	0.0136	0.0078	0.0059	0.1107	0.0000	9.1420	0.0587	0.0000	34.9216	1.9244	0.0000	5.1317	0.0002	0.0003	0.0000	0.0004	0.0004	0.0000	0.0000	0.0000	0.0000
70	142	0.1962	7	1	0	2	1	0	0	0	0	N	N	Y	N	N	N	N	N	N	N	N	N	0.0000	0.0000	0.0000	0.0000	0.0000	0.0000	0.0000	0.0000	0.0000	0.0000	0.0000	0.0000	0.0000	0.0000	0.0000	0.0000	0.0012	0.0019	0.0001	0.0033	0.0034	0.0000	0.0000	0.0000	0.0001	0.0194	0.0000	-0.0000	0.0406	0.0001	2.3361	9.0026	0.0000	0.0000	0.0000	0.0000	0.0000	0.0000	0.0000	0.0000	0.0000	0.0001	0.0001	0.0000	0.0001	0.0001	0.0000	0.0000	0.0000	0.0000	0.0000	0.0000	0.0000	0.0000	0.0000	0.0000	0.0000	0.0000	0.0000	0.0678	0.0431	0.0247	0.0240	0.0233	0.0007	0.0438	0.0198	0.0240	0.0000	0.0000	0.0000	0.0000	0.0000	0.0000	0.0000	0.0000	0.0000	0.0012	0.0019	0.0001	0.0033	0.0034	0.0000	0.0000	0.0000	0.0001			
70	143	0.5449	9	1	0	2	1	0	0	0	0	N	N	Y	N	N	N	N	N	N	N	N	N	0.0000	0.0000	0.0000	0.0000	0.0000	0.0000	0.0001	0.0000	0.0697	0.0000	0.0000	0.0000	0.0000	0.0000	0.0000	0.0000	0.0000	0.0000	2.2368	3.0173	0.2760	3.2826	4.0380	0.5365	0.0276	0.0483	0.0002	inf	0.0364	0.0000	-0.0679	0.0406	2.0061	2.3361	8.0425	0.0000	0.0000	0.0000	0.0000	0.0000	0.0000	0.0000	0.0000	0.0000	0.1605	0.1549	0.0056	0.1599	0.1543	0.0056	0.0006	0.0006	0.0000	0.0014	0.0013	0.0002	0.0006	0.0006	0.0000	0.0008	0.0007	0.0001	0.0718	0.0513	0.0204	0.0487	0.0382	0.0105	0.0231	0.0131	0.0099	0.0000	0.0000	0.0000	0.0000	0.0000	0.0000	0.0001	0.0000	0.0697	2.2368	3.0173	0.2760	3.2826	4.0380	0.5365	0.0276	0.0483	0.0002
70	144	0.5359	8	1	0	1	1	0	0	0	0	N	N	N	N	N	N	N	N	N	N	N	N	193.4063	0.0000	3548.1724	58.1406	0.0000	2574.3699	3373.6472	0.0000	9203.3209	0.0343	0.0000	0.3021	0.0154	0.0000	0.3856	0.0495	0.0000	0.2866	0.0002	0.0002	0.0001	0.0003	0.0003	0.0001	0.0000	0.0000	0.0000	inf	0.1477	0.0000	-0.0000	0.0406	1.9550	2.3361	2.1189	0.0000	0.0000	0.0000	0.0000	0.0000	0.0000	0.0000	0.0000	0.0000	0.0000	0.0000	0.0000	0.0000	0.0000	0.0000	0.0000	0.0000	0.0000	0.0014	0.0013	0.0002	0.0006	0.0006	0.0000	0.0008	0.0007	0.0001	0.0359	0.0263	0.0096	0.0233	0.0189	0.0044	0.0126	0.0074	0.0053	193.4063	0.0000	3548.1724	58.1406	0.0000	2574.3699	3373.6472	0.0000	9203.3209	0.0002	0.0002	0.0001	0.0003	0.0003	0.0001	0.0000	0.0000	0.0000
70	145	0.5359	8	1	0	2	1	0	0	0	0	N	N	Y	N	N	N	N	N	N	N	N	N	0.0368	0.0326	0.0000	0.0650	0.0583	0.0000	0.0000	0.0000	0.0000	0.0001	0.0002	0.0000	0.0003	0.0003	0.0000	0.0000	0.0000	0.0000	0.0037	0.0047	0.0011	0.0047	0.0054	0.0019	0.0016	0.0025	0.0004	0.0000	0.0955	-0.0000	-0.0002	0.0406	2.1261	2.3361	18.6477	0.0000	0.0000	0.0000	0.0000	0.0000	0.0000	0.0000	0.0000	0.0000	0.0005	0.0005	0.0000	0.0005	0.0004	0.0000	0.0001	0.0001	0.0000	0.0016	0.0014	0.0002	0.0007	0.0007	0.0000	0.0009	0.0007	0.0002	0.1469	0.1055	0.0414	0.0984	0.0777	0.0207	0.0485	0.0278	0.0207	0.0368	0.0326	0.0000	0.0650	0.0583	0.0000	0.0000	0.0000	0.0000	0.0037	0.0047	0.0011	0.0047	0.0054	0.0019	0.0016	0.0025	0.0004
70	146	0.1962	7	1	0	2	1	0	0	0	0	N	N	Y	N	N	N	N	N	N	N	N	N	0.0000	0.0000	0.0000	0.0000	0.0000	0.0000	0.0000	0.0000	0.0000	0.0000	0.0000	0.0000	0.0000	0.0000	0.0000	0.0000	0.0005	0.0008	0.0001	0.0014	0.0014	0.0000	0.0000	0.0000	0.0001	0.0515	0.0000	-0.0000	0.0406	2.0001	2.3361	5.9880	0.0000	0.0000	0.0000	0.0000	0.0000	0.0000	0.0000	0.0000	0.0000	0.0000	0.0000	0.0000	0.0000	0.0000	0.0000	0.0000	0.0000	0.0000	0.0013	0.0010	0.0003	0.0007	0.0005	0.0002	0.0006	0.0005	0.0001	0.0604	0.0384	0.0221	0.0214	0.0208	0.0006	0.0391	0.0176	0.0214	0.0000	0.0000	0.0000	0.0000	0.0000	0.0000	0.0000	0.0000	0.0000	0.0005	0.0008	0.0001	0.0014	0.0014	0.0000	0.0000	0.0000	0.0001			
70	147	0.1962	7	1	0	2	1	0	0	0	0	N	N	Y	N	N	N	N	N	N	N	N	N	0.0056	0.0049	0.0000	0.0074	0.0100	0.0000	0.0000	0.0000	0.0000	0.0090	0.0117	0.0000	0.0174	0.0244	0.0000	0.0000	0.0000	0.0000	1.6218	2.3857	0.2657	2.3718	2.4347	0.2790	1.2120	2.3289	0.2653	0.0000	0.0627	-0.0000	-0.1422	0.0406	9.0001	2.3361	23.0169	0.0001	0.0001	0.0000	0.0001	0.0001	0.0000	0.0000	0.0000	0.0000	0.3562	0.3352	0.0210	0.1841	0.1834	0.0006	0.1721	0.1517	0.0204	0.0055	0.0043	0.0013	0.0029	0.0020	0.0008	0.0027	0.0022	0.0005	0.2196	0.1405	0.0791	0.0776	0.0753	0.0023	0.1420	0.0652	0.0769	0.0056	0.0049	0.0000	0.0074	0.0100	0.0000	0.0000	0.0000	0.0000	1.6218	2.3857	0.2657	2.3718	2.4347	0.2790	1.2120	2.3289	0.2653
70	148	0.1709	6	1	0	1	1	0	0	0	0	N	N	N	N	N	N	N	N	N	N	N	N	0.0110	0.2237	0.0015	0.0918	0.1267	0.0414	0.0086	47.9040	0.0042	0.0174	0.0209	0.0061	0.0143	0.0202	0.0001	0.0207	0.0215	0.0170	1.5775	0.0934	3.9950	0.1564	0.1594	0.0031	2.4095	0.0004	4.0697	0.0905	26.2701	-0.0000	0.0715	0.0406	1.9990	2.3361	7.9526	0.0000	0.0000	0.0000	0.0000	0.0000	0.0000	0.0000	0.0000	0.0000	0.1416	0.0052	0.1364	0.0052	0.0052	0.0000	0.1365	0.0000	0.1364	0.0013	0.0010	0.0003	0.0007	0.0005	0.0002	0.0006	0.0005	0.0001	0.0898	0.0556	0.0342	0.0332	0.0325	0.0006	0.0566	0.0231	0.0335	0.0110	0.2237	0.0015	0.0918	0.1267	0.0414	0.0086	47.9040	0.0042	1.5775	0.0934	3.9950	0.1564	0.1594	0.0031	2.4095	0.0004	4.0697
70	149	0.1390	5	2	1	1	0	0	0	0	0	Y	N	N	N	N	N	N	N	N	N	N	N	9.8518	16.6488	0.4182	5.1792	7.2822	0.0192	19.7152	169.8812	2.6411	0.7614	0.9858	0.0462	0.5205	0.7420	0.0008	1.2648	1.3887	0.2963	0.0773	0.0592	0.1105	0.1005	0.1019	0.0429	0.0642	0.0082	0.1122	0.0147	1.0152	-0.0056	0.0007	0.0406	5.3497	2.3361	17.2225	0.0132	0.0130	0.0002	0.0061	0.0061	0.0000	0.0071	0.0069	0.0002	0.0146	0.0073	0.0074	0.0069	0.0068	0.0001	0.0078	0.0005	0.0073	0.0173	0.0132	0.0041	0.0117	0.0082	0.0035	0.0056	0.0050	0.0006	0.1892	0.1225	0.0667	0.0683	0.0667	0.0016	0.1208	0.0558	0.0650	9.8518	16.6488	0.4182	5.1792	7.2822	0.0192	19.7152	169.8812	2.6411	0.0773	0.0592	0.1105	0.1005	0.1019	0.0429	0.0642	0.0082	0.1122
70	150	0.1698	6	1	1	1	0	0	0	0	0	N	N	N	N	N	N	N	N	N	N	N	N	1.0450	0.8038	1.8259	1.3416	1.0364	1.9596	0.1011	0.0028	0.5852	0.6719	0.4731	1.3221	0.9565	0.7352	1.5285	0.0586	0.0006	0.4217	0.6429	0.5885	0.7241	0.7130	0.7094	0.7800	0.5803	0.2273	0.7205	0.8544	0.8248	0.0002	-0.0016	0.0406	3.6794	2.3361	17.4287	0.0112	0.0060	0.0052	0.0109	0.0060	0.0049	0.0003	0.0000	0.0003	0.2580	0.1414	0.1166	0.1351	0.1277	0.0074	0.1229	0.0137	0.1092	0.0167	0.0128	0.0039	0.0114	0.0082	0.0032	0.0053	0.0046	0.0007	0.4014	0.2403	0.1611	0.1895	0.1800	0.0095	0.2118	0.0602	0.1516	1.0450	0.8038	1.8259	1.3416	1.0364	1.9596	0.1011	0.0028	0.5852	0.6429	0.5885	0.7241	0.7130	0.7094	0.7800	0.5803	0.2273	0.7205
70	151	0.1390	5	1	1	1	0	0	0	0	0	N	N	N	N	N	N	N	N	N	N	N	N	1.0189	1.0271	1.1442	0.9280	0.8176	4.1958	0.6281	2.5277	0.4704	1.0845	0.9459	1.5136	1.3275	1.1885	1.6424	0.5295	0.5177	0.6325	1.0644	0.9209	1.3228	1.4306	1.4536	0.3914	0.8429	0.2048	1.3446	0.5171	0.7977	-0.0018	-0.0021	0.0406	3.4464	2.3361	10.1316	0.0178	0.0117	0.0061	0.0151	0.0094	0.0057	0.0026	0.0023	0.0003	0.1409	0.0784	0.0625	0.0714	0.0709	0.0004	0.0695	0.0074	0.0621	0.0164	0.0124	0.0040	0.0114	0.0079	0.0035	0.0050	0.0045	0.0005	0.1324	0.0851	0.0473	0.0499	0.0488	0.0011	0.0825	0.0363	0.0462	1.0189	1.0271	1.1442	0.9280	0.8176	4.1958	0.6281	2.5277	0.4704	1.0644	0.9209	1.3228	1.4306	1.4536	0.3914	0.8429	0.2048	1.3446
70	152	0.5663	11	2	1	1	0	0	0	0	0	Y	N	N	N	N	N	N	N	N	N	N	N	0.4279	0.4516	0.0000	1.0385	0.8776	0.0000	0.0000	0.0000	0.0000	0.0028	0.0032	0.0000	0.0064	0.0066	0.0000	0.0000	0.0000	0.0000	0.0066	0.0070	0.0053	0.0062	0.0075	0.0003	0.0074	0.0055	0.0098	0.0000	0.2844	-0.0000	-0.0001	0.0406	1.0143	2.3361	12.0086	0.0000	0.0000	0.0000	0.0000	0.0000	0.0000	0.0000	0.0000	0.0000	0.0006	0.0004	0.0001	0.0004	0.0004	0.0000	0.0002	0.0001	0.0001	0.0008	0.0007	0.0001	0.0003	0.0003	0.0000	0.0004	0.0003	0.0001	0.0866	0.0630	0.0236	0.0578	0.0467	0.0112	0.0288	0.0164	0.0124	0.4279	0.4516	0.0000	1.0385	0.8776	0.0000	0.0000	0.0000	0.0000	0.0066	0.0070	0.0053	0.0062	0.0075	0.0003	0.0074	0.0055	0.0098
70	153	0.5640	10	2	1	1	0	0	0	0	0	Y	N	N	N	N	N	N	N	N	N	N	N	6.8662	11.5835	0.0032	23.1262	18.8398	3.8335	0.0005	0.0000	0.0012	0.2180	0.2458	0.0002	0.4991	0.5167	0.0004	0.0000	0.0000	0.0001	0.0317	0.0212	0.0585	0.0216	0.0274	0.0001	0.0539	0.0025	0.1216	0.0001	1.0856	-0.0001	0.0000	0.0406	0.9811	2.3361	0.0216	0.0002	0.0002	0.0000	0.0002	0.0002	0.0000	0.0000	0.0000	0.0000	0.0002	0.0001	0.0001	0.0001	0.0001	0.0000	0.0001	0.0000	0.0001	0.0007	0.0006	0.0001	0.0003	0.0003	0.0000	0.0004	0.0003	0.0001	0.0074	0.0053	0.0021	0.0050	0.0040	0.0011	0.0023	0.0013	0.0010	6.8662	11.5835	0.0032	23.1262	18.8398	3.8335	0.0005	0.0000	0.0012	0.0317	0.0212	0.0585	0.0216	0.0274	0.0001	0.0539	0.0025	0.1216
70	154	0.5595	9	2	1	1	0	0	0	0	0	Y	N	N	N	N	N	N	N	N	N	N	N	491.4203	830.9000	35.9267	1500.7233	1285.4238	841.0802	6.1233	0.0000	15.0927	0.1830	0.2041	0.0250	0.3951	0.4119	0.0440	0.0037	0.0000	0.0209	0.0004	0.0002	0.0007	0.0003	0.0003	0.0001	0.0006	0.0000	0.0014	0.0163	1.1119	-0.0000	0.0000	0.0406	0.0083	2.3361	2.0001	0.0000	0.0000	0.0000	0.0000	0.0000	0.0000	0.0000	0.0000	0.0000	0.0000	0.0000	0.0000	0.0000	0.0000	0.0000	0.0000	0.0000	0.0000	0.0000	0.0000	0.0000	0.0000	0.0000	0.0000	0.0000	0.0000	0.0000	0.0148	0.0106	0.0042	0.0101	0.0080	0.0022	0.0047	0.0027	0.0020	491.4203	830.9000	35.9267	1500.7233	1285.4238	841.0802	6.1233	0.0000	15.0927	0.0004	0.0002	0.0007	0.0003	0.0003	0.0001	0.0006	0.0000	0.0014
70	155	0.5359	8	1	1	1	0	0	0	0	0	N	N	N	N	N	N	N	N	N	N	N	N	0.1937	0.2030	0.0000	0.3806	0.4385	0.0000	0.0000	0.0000	0.0000	0.0001	0.0001	0.0000	0.0002	0.0003	0.0000	0.0000	0.0000	0.0000	0.0006	0.0006	0.0005	0.0006	0.0006	0.0009	0.0004	0.0007	0.0000	0.0022	0.2910	-0.0000	-0.0000	0.0406	2.9180	2.3361	7.4065	0.0000	0.0000	0.0000	0.0000	0.0000	0.0000	0.0000	0.0000	0.0000	0.0000	0.0000	0.0000	0.0000	0.0000	0.0000	0.0000	0.0000	0.0000	0.0021	0.0019	0.0002	0.0009	0.0009	0.0000	0.0012	0.0010	0.0002	0.0792	0.0572	0.0220	0.0527	0.0419	0.0108	0.0265	0.0153	0.0113	0.1937	0.2030	0.0000	0.3806	0.4385	0.0000	0.0000	0.0000	0.0000	0.0006	0.0006	0.0005	0.0006	0.0006	0.0009	0.0004	0.0007	0.0000
70	156	0.4700	7	1	0	1	0	0	0	0	0	N	N	N	N	N	N	N	N	N	N	N	N	2.0740	2.5038	0.0060	7.6406	12.7980	0.0041	0.1009	0.0895	0.0074	0.0743	0.0843	0.0002	0.1514	0.1625	0.0002	0.0069	0.0082	0.0003	0.0358	0.0337	0.0413	0.0198	0.0127	0.0463	0.0682	0.0914	0.0362	0.0004	0.4784	-0.0003	-0.0011	0.0406	8.2479	2.3361	19.7214	0.0006	0.0006	0.0000	0.0005	0.0005	0.0000	0.0000	0.0000	0.0000	0.0084	0.0057	0.0027	0.0031	0.0016	0.0015	0.0053	0.0041	0.0012	0.0077	0.0067	0.0009	0.0036	0.0033	0.0002	0.0041	0.0034	0.0007	0.2352	0.1692	0.0660	0.1573	0.1240	0.0333	0.0778	0.0451	0.0327	2.0740	2.5038	0.0060	7.6406	12.7980	0.0041	0.1009	0.0895	0.0074	0.0358	0.0337	0.0413	0.0198	0.0127	0.0463	0.0682	0.0914	0.0362
70	157	0.4339	6	1	0	1	0	0	0	0	0	N	N	N	N	N	N	N	N	N	N	N	N	0.0718	0.0590	0.0780	1.5638	1.5802	0.5390	0.0007	0.0004	0.0221	0.0491	0.0544	0.0057	0.1160	0.1183	0.0386	0.0014	0.0013	0.0017	0.6832	0.9225	0.0737	0.0742	0.0749	0.0717	1.9000	3.1802	0.0758	0.0131	0.0314	-0.0001	-0.0656	0.0406	7.4725	2.3361	14.3153	0.0003	0.0003	0.0000	0.0003	0.0003	0.0000	0.0000	0.0000	0.0000	0.1534	0.1487	0.0047	0.0111	0.0088	0.0023	0.1423	0.1400	0.0023	0.0057	0.0051	0.0006	0.0024	0.0023	0.0001	0.0033	0.0028	0.0006	0.2245	0.1612	0.0633	0.1496	0.1172	0.0324	0.0749	0.0440	0.0309	0.0718	0.0590	0.0780	1.5638	1.5802	0.5390	0.0007	0.0004	0.0221	0.6832	0.9225	0.0737	0.0742	0.0749	0.0717	1.9000	3.1802	0.0758
70	158	0.3684	5	1	0	1	0	0	0	0	0	N	N	N	N	N	N	N	N	N	N	N	N	0.0141	0.0325	0.0100	0.0969	0.0996	0.4851	0.0003	0.0002	0.0009	0.0049	0.0046	0.0078	0.0122	0.0105	0.1085	0.0002	0.0001	0.0010	0.3469	0.1401	0.7762	0.1259	0.1052	0.2237	0.7042	0.2481	1.0495	0.2073	2.6685	-0.0000	0.0405	0.0406	11.6653	2.3361	19.4910	0.0000	0.0000	0.0000	0.0000	0.0000	0.0000	0.0000	0.0000	0.0000	0.1507	0.0411	0.1096	0.0338	0.0233	0.0105	0.1169	0.0177	0.0991	0.0086	0.0077	0.0009	0.0034	0.0033	0.0001	0.0052	0.0044	0.0009	0.4344	0.2932	0.1412	0.2684	0.2217	0.0467	0.1660	0.0715	0.0945	0.0141	0.0325	0.0100	0.0969	0.0996	0.4851	0.0003	0.0002	0.0009	0.3469	0.1401	0.7762	0.1259	0.1052	0.2237	0.7042	0.2481	1.0495
70	159	0.3211	4	1	0	1	0	0	0	0	0	N	N	N	N	N	N	N	N	N	N	N	N	0.1563	0.0272	0.7406	0.3960	0.0512	4.1554	0.0036	0.0036	0.0076	0.0815	0.0112	0.6064	0.1751	0.0217	2.1356	0.0025	0.0014	0.0084	0.5216	0.4106	0.8188	0.4423	0.4241	0.5139	0.6794	0.3743	1.1176	7.2889	0.7450	0.0002	-0.0067	0.0406	7.3933	2.3361	20.5306	0.0006	0.0001	0.0005	0.0006	0.0001	0.0005	0.0000	0.0000	0.0000	0.2124	0.1217	0.0907	0.1198	0.0916	0.0282	0.0926	0.0301	0.0625	0.0069	0.0061	0.0008	0.0032	0.0029	0.0002	0.0037	0.0032	0.0006	0.4071	0.2964	0.1107	0.2709	0.2161	0.0548	0.1362	0.0803	0.0559	0.1563	0.0272	0.7406	0.3960	0.0512	4.1554	0.0036	0.0036	0.0076	0.5216	0.4106	0.8188	0.4423	0.4241	0.5139	0.6794	0.3743	1.1176
70	160	0.0849	3	1	0	1	0	0	0	0	0	N	N	N	N	N	N	N	N	N	N	N	N	0.0043	0.0035	0.0032	0.0278	0.0276	0.0011	0.0007	0.0005	0.0032	0.0048	0.0054	0.0005	0.0126	0.0127	0.0003	0.0011	0.0012	0.0005	1.1178	1.5453	0.1517	0.4537	0.4590	0.2341	1.4791	2.6159	0.1494	0.0113	0.0434	-0.0000	-0.2351	0.0406	27.6416	2.3361	54.6365	0.0001	0.0001	0.0000	0.0001	0.0001	0.0000	0.0000	0.0000	0.0000	0.5641	0.5406	0.0235	0.0807	0.0797	0.0010	0.4834	0.4609	0.0225	0.0167	0.0149	0.0019	0.0054	0.0054	0.0000	0.0113	0.0095	0.0019	0.5046	0.3498	0.1548	0.1778	0.1736	0.0042	0.3268	0.1762	0.1506	0.0043	0.0035	0.0032	0.0278	0.0276	0.0011	0.0007	0.0005	0.0032	1.1178	1.5453	0.1517	0.4537	0.4590	0.2341	1.4791	2.6159	0.1494
70	161	0.1895	9	2	1	1	0	0	0	0	0	Y	N	N	N	N	N	N	N	N	N	N	N	0.0000	0.0000	0.0000	0.0000	0.0000	0.0000	0.0000	0.0000	0.0000	0.0000	0.0000	0.0000	0.0000	0.0000	0.0000	0.0000	0.0000	0.0000	0.0562	0.0063	0.1463	0.0128	0.0123	0.0342	0.0784	0.0000	0.1489	12.7635	0.0000	0.0006	0.0406	0.0002	2.3361	3.0099	0.0000	0.0000	0.0000	0.0000	0.0000	0.0000	0.0000	0.0000	0.0000	0.0013	0.0001	0.0012	0.0001	0.0001	0.0000	0.0012	0.0000	0.0012	0.0000	0.0000	0.0000	0.0000	0.0000	0.0000	0.0000	0.0000	0.0000	0.0224	0.0144	0.0080	0.0076	0.0074	0.0002	0.0148	0.0070	0.0078	0.0000	0.0000	0.0000	0.0000	0.0000	0.0000	0.0000	0.0000	0.0000	0.0562	0.0063	0.1463	0.0128	0.0123	0.0342	0.0784	0.0000	0.1489	
70	162	0.1819	8	2	1	1	0	0	0	0	0	Y	N	N	N	N	N	N	N	N	N	N	N	0.0000	0.0000	0.0000	0.0000	0.0000	0.0000	0.0000	0.0000	0.0000	0.0000	0.0000	0.0000	0.0000	0.0000	0.0000	0.0000	0.0000	0.0000	0.0022	0.0030	0.0009	0.0057	0.0058	0.0015	0.0005	0.0001	0.0008	0.1609	0.0000	-0.0000	0.0406	0.9998	2.3361	2.0118	0.0000	0.0000	0.0000	0.0000	0.0000	0.0000	0.0000	0.0000	0.0000	0.0000	0.0000	0.0000	0.0000	0.0000	0.0000	0.0000	0.0000	0.0000	0.0006	0.0005	0.0002	0.0003	0.0002	0.0001	0.0003	0.0003	0.0001	0.0221	0.0142	0.0079	0.0074	0.0072	0.0002	0.0147	0.0070	0.0077	0.0000	0.0000	0.0000	0.0000	0.0000	0.0000	0.0000	0.0000	0.0000	0.0022	0.0030	0.0009	0.0057	0.0058	0.0015	0.0005	0.0001	0.0008	
70	163	0.1819	7	2	1	1	0	0	0	0	0	Y	N	N	N	N	N	N	N	N	N	N	N	0.0000	0.0000	0.0000	0.0000	0.0000	0.0000	0.0000	0.0000	0.0000	0.0000	0.0000	0.0000	0.0000	0.0000	0.0000	0.0000	0.0000	0.0000	0.3743	0.3805	0.3619	0.5707	0.5596	0.8770	0.2032	0.0108	0.3354	0.4744	0.0000	-0.0000	0.0406	0.0000	2.3361	0.0003	0.0000	0.0000	0.0000	0.0000	0.0000	0.0000	0.0000	0.0000	0.0000	0.0000	0.0000	0.0000	0.0000	0.0000	0.0000	0.0000	0.0000	0.0000	0.0000	0.0000	0.0000	0.0000	0.0000	0.0000	0.0000	0.0000	0.0000	0.0000	0.0000	0.0000	0.0000	0.0000	0.0000	0.0000	0.0000	0.0000	0.0000	0.0000	0.0000	0.0000	0.0000	0.0000	0.0000	0.0000	0.0000	0.3743	0.3805	0.3619	0.5707	0.5596	0.8770	0.2032	0.0108	0.3354	
70	164	0.1709	6	1	1	1	0	0	0	0	0	N	N	N	N	N	N	N	N	N	N	N	N	4.1072	3.3101	9.5919	1.0948	1.4957	0.2507	88.0750	23710.2606	29.8641	0.4338	0.5532	0.1281	0.2752	0.3822	0.0025	0.7746	0.9195	0.4007	0.1056	0.1671	0.0134	0.2514	0.2555	0.0100	0.0088	0.0000	0.0134	0.0905	0.0533	-0.0000	-0.0022	0.0406	0.0063	2.3361	4.3641	0.0000	0.0000	0.0000	0.0000	0.0000	0.0000	0.0000	0.0000	0.0000	0.0054	0.0052	0.0003	0.0052	0.0052	0.0000	0.0003	0.0000	0.0003	0.0001	0.0000	0.0000	0.0000	0.0000	0.0000	0.0000	0.0000	0.0000	0.0515	0.0309	0.0206	0.0206	0.0202	0.0003	0.0310	0.0107	0.0203	4.1072	3.3101	9.5919	1.0948	1.4957	0.2507	88.0750	23710.2606	29.8641	0.1056	0.1671	0.0134	0.2514	0.2555	0.0100	0.0088	0.0000	0.0134
70	165	0.1390	5	1	0	1	0	0	0	0	0	N	N	N	N	N	N	N	N	N	N	N	N	1.9295	3.6600	0.3909	1.1035	1.5663	0.0669	3.8911	133.3764	3.3051	0.8855	1.0794	0.2945	0.5428	0.7845	0.0053	1.7072	1.6189	2.5410	0.4589	0.2949	0.7532	0.4919	0.5009	0.0791	0.4387	0.0121	0.7688	0.0895	1.4230	-0.0051	0.0074	0.0406	2.5207	2.3361	10.0226	0.0141	0.0130	0.0012	0.0061	0.0061	0.0000	0.0080	0.0069	0.0011	0.0576	0.0238	0.0338	0.0235	0.0234	0.0001	0.0342	0.0004	0.0338	0.0160	0.0120	0.0039	0.0113	0.0078	0.0035	0.0047	0.0042	0.0004	0.1256	0.0806	0.0449	0.0477	0.0467	0.0010	0.0779	0.0340	0.0439	1.9295	3.6600	0.3909	1.1035	1.5663	0.0669	3.8911	133.3764	3.3051	0.4589	0.2949	0.7532	0.4919	0.5009	0.0791	0.4387	0.0121	0.7688
70	166	0.1234	4	1	0	1	0	0	0	0	0	N	N	N	N	N	N	N	N	N	N	N	N	31.7746	64.0561	2.2868	34.6696	41.0817	1.7536	30.3378	553.1747	3.1489	5.5949	6.5141	0.7178	5.3684	6.2876	0.4212	5.8110	6.7313	0.9942	0.1761	0.1017	0.3139	0.1548	0.1531	0.2402	0.1915	0.0122	0.3157	0.0208	1.6662	-0.0081	0.0033	0.0406	2.6894	2.3361	4.6619	0.0192	0.0188	0.0004	0.0090	0.0089	0.0001	0.0102	0.0099	0.0003	0.0197	0.0074	0.0123	0.0073	0.0071	0.0002	0.0124	0.0003	0.0121	0.0034	0.0029	0.0005	0.0017	0.0014	0.0003	0.0018	0.0015	0.0003	0.1119	0.0727	0.0392	0.0472	0.0462	0.0010	0.0648	0.0265	0.0383	31.7746	64.0561	2.2868	34.6696	41.0817	1.7536	30.3378	553.1747	3.1489	0.1761	0.1017	0.3139	0.1548	0.1531	0.2402	0.1915	0.0122	0.3157
70	167	0.0849	3	1	0	1	0	0	0	0	0	N	N	N	N	N	N	N	N	N	N	N	N	0.2069	3.0742	0.0096	1.7726	2.1205	0.0222	0.1114	33.4604	0.0095	0.2983	0.3326	0.0419	0.4192	0.4209	0.0460	0.2386	0.2801	0.0419	1.4417	0.1082	4.3593	0.2365	0.1985	2.0763	2.1430	0.0084	4.4148	0.0168	18.4156	-0.0002	0.0724	0.0406	2.7966	2.3361	8.5340	0.0006	0.0006	0.0000	0.0003	0.0003	0.0000	0.0003	0.0003	0.0000	0.1477	0.0076	0.1401	0.0089	0.0073	0.0016	0.1388	0.0003	0.1385	0.0020	0.0017	0.0002	0.0006	0.0006	0.0000	0.0013	0.0011	0.0002	0.1025	0.0703	0.0321	0.0377	0.0369	0.0008	0.0648	0.0334	0.0314	0.2069	3.0742	0.0096	1.7726	2.1205	0.0222	0.1114	33.4604	0.0095	1.4417	0.1082	4.3593	0.2365	0.1985	2.0763	2.1430	0.0084	4.4148
71	73	0.2931	6	2	2	1	0	0	0	0	0	Y	Y	N	N	N	N	N	N	N	N	N	N	0.0000	0.0000	0.0000	0.0000	0.0000	0.0000	0.0000	0.0000	0.0000	0.0000	0.0000	0.0000	0.0000	0.0000	0.0000	0.0000	0.0000	0.0000	0.0000	0.0000	0.0000	6.9070	0.0000	16.5673	0.0000	0.0000	0.0000	0.0000	0.0000	0.0000	0.0000	0.0000	0.0000	0.0000	0.0000	0.0000	0.0000	0.0000	0.0000	0.0000	0.0000	0.0000	0.0000	0.0000	0.0000	0.0000	0.0000	0.0000	0.0000	0.0000	0.0000	0.0000	0.0000	0.0000	0.0000	0.0000	0.0000	0.0000	0.0000	0.0000	0.0000	0.0000	0.0000	0.0000	0.0000	0.0000	0.0000	0.0000	0.0000	0.0000	0.0000	0.0000	0.0000	0.0000	0.0000	0.0000	0.0000	0.0000											
71	74	0.4880	10	1	2	1	1	0	0	0	0	N	Y	N	N	N	N	N	N	N	N	N	N	0.0000	0.0000	0.0000	0.0000	0.0000	0.0000	0.0000	0.0000	0.0000	0.0000	0.0000	0.0000	0.0000	0.0000	0.0000	0.0000	0.0000	0.0000	0.0000	0.0000	0.0000	6.4226	0.0000	19.3377	0.0000	0.0000	0.0000	0.0000	0.0000	0.0000	0.0000	0.0000	0.0000	0.0000	0.0000	0.0000	0.0000	0.0000	0.0000	0.0000	0.0000	0.0000	0.0000	0.0000	0.0000	0.0000	0.0000	0.0000	0.0000	0.0000	0.0000	0.0000	0.0000	0.0000	0.0000	0.0000	0.0000	0.0000	0.0000	0.0000	0.0000	0.0000	0.0000	0.0000	0.0000	0.0000	0.0000	0.0000	0.0000	0.0000	0.0000	0.0000	0.0000	0.0000	0.0000	0.0000	0.0000	0.0000											
71	75	0.4428	9	1	1	1	1	0	0	0	0	N	N	N	N	N	N	N	N	N	N	N	N	0.0000	0.0000	0.0000	0.0000	0.0000	0.0000	0.0000	0.0000	0.0000	0.0000	0.0000	0.0000	0.0000	0.0000	0.0000	0.0000	0.0000	0.0000	0.0000	0.0000	0.0000	5.1932	0.0000	17.4397	0.0000	0.0000	0.0000	0.0000	0.0000	0.0000	0.0000	0.0000	0.0000	0.0000	0.0000	0.0000	0.0000	0.0000	0.0000	0.0000	0.0000	0.0000	0.0000	0.0000	0.0000	0.0000	0.0000	0.0000	0.0000	0.0000	0.0000	0.0000	0.0000	0.0000	0.0000	0.0000	0.0000	0.0000	0.0000	0.0000	0.0000	0.0000	0.0000	0.0000	0.0000	0.0000	0.0000	0.0000	0.0000	0.0000	0.0000	0.0000	0.0000	0.0000	0.0000	0.0000	0.0000	0.0000											
71	76	0.4058	8	1	1	1	0	0	0	0	0	N	N	N	N	N	N	N	N	N	N	N	N	0.0000	0.0000	0.0000	0.0000	0.0000	0.0000	0.0000	0.0000	0.0000	0.0000	0.0000	0.0000	0.0000	0.0000	0.0000	0.0000	0.0000	0.0000	0.0000	0.0000	0.0000	4.4918	0.0000	17.5337	0.0000	0.0000	0.0000	0.0000	0.0000	0.0000	0.0000	0.0000	0.0000	0.0000	0.0000	0.0000	0.0000	0.0000	0.0000	0.0000	0.0000	0.0000	0.0000	0.0000	0.0000	0.0000	0.0000	0.0000	0.0000	0.0000	0.0000	0.0000	0.0000	0.0000	0.0000	0.0000	0.0000	0.0000	0.0000	0.0000	0.0000	0.0000	0.0000	0.0000	0.0000	0.0000	0.0000	0.0000	0.0000	0.0000	0.0000	0.0000	0.0000	0.0000	0.0000	0.0000	0.0000	0.0000											
71	77	0.7018	11	1	1	1	1	0	0	0	0	N	N	N	N	N	N	N	N	N	N	N	N	0.0000	0.0000	0.0000	0.0000	0.0000	0.0000	0.0000	0.0000	0.0000	0.0000	0.0000	0.0000	0.0000	0.0000	0.0000	0.0000	0.0000	0.0000	0.0000	0.0000	0.0000	0.3745	0.0000	14.7996	0.0000	0.0000	0.0000	0.0000	0.0000	0.0000	0.0000	0.0000	0.0000	0.0000	0.0000	0.0000	0.0000	0.0000	0.0000	0.0000	0.0000	0.0000	0.0000	0.0000	0.0000	0.0000	0.0000	0.0000	0.0000	0.0000	0.0000	0.0000	0.0000	0.0000	0.0000	0.0000	0.0000	0.0000	0.0000	0.0000	0.0000	0.0000	0.0000	0.0000	0.0000	0.0000	0.0000	0.0000	0.0000	0.0000	0.0000	0.0000	0.0000	0.0000	0.0000	0.0000	0.0000	0.0000											
71	78	0.6795	10	1	1	1	1	0	0	0	0	N	N	N	N	N	N	N	N	N	N	N	N	0.0000	0.0000	0.0000	0.0000	0.0000	0.0000	0.0000	0.0000	0.0000	0.0000	0.0000	0.0000	0.0000	0.0000	0.0000	0.0000	0.0000	0.0000	0.0000	0.0000	0.0000	1.4595	0.0000	10.3922	0.0000	0.0000	0.0000	0.0000	0.0000	0.0000	0.0000	0.0000	0.0000	0.0000	0.0000	0.0000	0.0000	0.0000	0.0000	0.0000	0.0000	0.0000	0.0000	0.0000	0.0000	0.0000	0.0000	0.0000	0.0000	0.0000	0.0000	0.0000	0.0000	0.0000	0.0000	0.0000	0.0000	0.0000	0.0000	0.0000	0.0000	0.0000	0.0000	0.0000	0.0000	0.0000	0.0000	0.0000	0.0000	0.0000	0.0000	0.0000	0.0000	0.0000	0.0000	0.0000	0.0000	0.0000											
71	79	0.6653	9	1	1	1	1	0	0	0	0	N	N	N	N	N	N	N	N	N	N	N	N	0.0000	0.0000	0.0000	0.0000	0.0000	0.0000	0.0000	0.0000	0.0000	0.0000	0.0000	0.0000	0.0000	0.0000	0.0000	0.0000	0.0000	0.0000	0.0000	0.0000	0.0000	1.3861	0.0000	6.3168	0.0000	0.0000	0.0000	0.0000	0.0000	0.0000	0.0000	0.0000	0.0000	0.0000	0.0000	0.0000	0.0000	0.0000	0.0000	0.0000	0.0000	0.0000	0.0000	0.0000	0.0000	0.0000	0.0000	0.0000	0.0000	0.0000	0.0000	0.0000	0.0000	0.0000	0.0000	0.0000	0.0000	0.0000	0.0000	0.0000	0.0000	0.0000	0.0000	0.0000	0.0000	0.0000	0.0000	0.0000	0.0000	0.0000	0.0000	0.0000	0.0000	0.0000	0.0000	0.0000	0.0000	0.0000											
71	80	0.6059	8	1	1	1	1	0	0	0	0	N	N	N	N	N	N	N	N	N	N	N	N	0.0000	0.0000	0.0000	0.0000	0.0000	0.0000	0.0000	0.0000	0.0000	0.0000	0.0000	0.0000	0.0000	0.0000	0.0000	0.0000	0.0000	0.0000	0.0000	0.0000	0.0000	4.0043	0.0000	19.8631	0.0000	0.0000	0.0000	0.0000	0.0000	0.0000	0.0000	0.0000	0.0000	0.0000	0.0000	0.0000	0.0000	0.0000	0.0000	0.0000	0.0000	0.0000	0.0000	0.0000	0.0000	0.0000	0.0000	0.0000	0.0000	0.0000	0.0000	0.0000	0.0000	0.0000	0.0000	0.0000	0.0000	0.0000	0.0000	0.0000	0.0000	0.0000	0.0000	0.0000	0.0000	0.0000	0.0000	0.0000	0.0000	0.0000	0.0000	0.0000	0.0000	0.0000	0.0000	0.0000	0.0000	0.0000											
71	81	0.1378	4	1	2	2	0	0	0	0	0	N	Y	Y	N	N	N	N	N	N	N	N	N	0.0000	0.0000	0.0000	0.0000	0.0000	0.0000	0.0000	0.0000	0.0000	0.0000	0.0000	0.0000	0.0000	0.0000	0.0000	0.0000	0.0000	0.0000	0.0000	0.0000	0.0000	2.0162	0.0000	4.5500	0.0000	0.0000	0.0000	0.0000	0.0000	0.0000	0.0000	0.0000	0.0000	0.0000	0.0000	0.0000	0.0000	0.0000	0.0000	0.0000	0.0000	0.0000	0.0000	0.0000	0.0000	0.0000	0.0000	0.0000	0.0000	0.0000	0.0000	0.0000	0.0000	0.0000	0.0000	0.0000	0.0000	0.0000	0.0000	0.0000	0.0000	0.0000	0.0000	0.0000	0.0000	0.0000	0.0000	0.0000	0.0000	0.0000	0.0000	0.0000	0.0000	0.0000	0.0000	0.0000	0.0000	0.0000											
71	82	0.7139	12	1	2	2	0	0	0	0	0	N	Y	Y	N	N	N	N	N	N	N	N	N	0.0000	0.0000	0.0000	0.0000	0.0000	0.0000	0.0000	0.0000	0.0000	0.0000	0.0000	0.0000	0.0000	0.0000	0.0000	0.0000	0.0000	0.0000	0.0000	0.0000	0.0000	3.0011	0.0000	3.7015	0.0000	0.0000	0.0000	0.0000	0.0000	0.0000	0.0000	0.0000	0.0000	0.0000	0.0000	0.0000	0.0000	0.0000	0.0000	0.0000	0.0000	0.0000	0.0000	0.0000	0.0000	0.0000	0.0000	0.0000	0.0000	0.0000	0.0000	0.0000	0.0000	0.0000	0.0000	0.0000	0.0000	0.0000	0.0000	0.0000	0.0000	0.0000	0.0000	0.0000	0.0000	0.0000	0.0000	0.0000	0.0000	0.0000	0.0000	0.0000	0.0000	0.0000	0.0000	0.0000	0.0000	0.0000											
71	83	0.7024	11	1	2	1	0	0	0	0	0	N	Y	N	N	N	N	N	N	N	N	N	N	0.0000	0.0000	0.0000	0.0000	0.0000	0.0000	0.0000	0.0000	0.0000	0.0000	0.0000	0.0000	0.0000	0.0000	0.0000	0.0000	0.0000	0.0000	0.0000	0.0000	0.0000	2.0032	0.0000	4.2039	0.0000	0.0000	0.0000	0.0000	0.0000	0.0000	0.0000	0.0000	0.0000	0.0000	0.0000	0.0000	0.0000	0.0000	0.0000	0.0000	0.0000	0.0000	0.0000	0.0000	0.0000	0.0000	0.0000	0.0000	0.0000	0.0000	0.0000	0.0000	0.0000	0.0000	0.0000	0.0000	0.0000	0.0000	0.0000	0.0000	0.0000	0.0000	0.0000	0.0000	0.0000	0.0000	0.0000	0.0000	0.0000	0.0000	0.0000	0.0000	0.0000	0.0000	0.0000	0.0000	0.0000	0.0000											
71	84	0.6992	11	2	1	2	0	0	0	0	0	Y	N	Y	N	N	N	N	N	N	N	N	N	0.0000	0.0000	0.0000	0.0000	0.0000	0.0000	0.0000	0.0000	0.0000	0.0000	0.0000	0.0000	0.0000	0.0000	0.0000	0.0000	0.0000	0.0000	0.0000	0.0000	0.0000	1.0052	0.0000	4.9545	0.0000	0.0000	0.0000	0.0000	0.0000	0.0000	0.0000	0.0000	0.0000	0.0000	0.0000	0.0000	0.0000	0.0000	0.0000	0.0000	0.0000	0.0000	0.0000	0.0000	0.0000	0.0000	0.0000	0.0000	0.0000	0.0000	0.0000	0.0000	0.0000	0.0000	0.0000	0.0000	0.0000	0.0000	0.0000	0.0000	0.0000	0.0000	0.0000	0.0000	0.0000	0.0000	0.0000	0.0000	0.0000	0.0000	0.0000	0.0000	0.0000	0.0000	0.0000	0.0000	0.0000	0.0000											
71	85	0.6798	10	2	1	2	0	0	0	0	0	Y	N	Y	N	N	N	N	N	N	N	N	N	0.0000	0.0000	0.0000	0.0000	0.0000	0.0000	0.0000	0.0000	0.0000	0.0000	0.0000	0.0000	0.0000	0.0000	0.0000	0.0000	0.0000	0.0000	0.0000	0.0000	0.0000	0.9968	0.0000	7.6169	0.0000	0.0000	0.0000	0.0000	0.0000	0.0000	0.0000	0.0000	0.0000	0.0000	0.0000	0.0000	0.0000	0.0000	0.0000	0.0000	0.0000	0.0000	0.0000	0.0000	0.0000	0.0000	0.0000	0.0000	0.0000	0.0000	0.0000	0.0000	0.0000	0.0000	0.0000	0.0000	0.0000	0.0000	0.0000	0.0000	0.0000	0.0000	0.0000	0.0000	0.0000	0.0000	0.0000	0.0000	0.0000	0.0000	0.0000	0.0000	0.0000	0.0000	0.0000	0.0000	0.0000	0.0000											
71	86	0.6998	9	2	2	1	0	0	0	0	0	Y	Y	N	N	N	N	N	N	N	N	N	N	0.0000	0.0000	0.0000	0.0000	0.0000	0.0000	0.0000	0.0000	0.0000	0.0000	0.0000	0.0000	0.0000	0.0000	0.0000	0.0000	0.0000	0.0000	0.0000	0.0000	0.0000	5.8060	0.0000	6.1034	0.0000	0.0000	0.0000	0.0000	0.0000	0.0000	0.0000	0.0000	0.0000	0.0000	0.0000	0.0000	0.0000	0.0000	0.0000	0.0000	0.0000	0.0000	0.0000	0.0000	0.0000	0.0000	0.0000	0.0000	0.0000	0.0000	0.0000	0.0000	0.0000	0.0000	0.0000	0.0000	0.0000	0.0000	0.0000	0.0000	0.0000	0.0000	0.0000	0.0000	0.0000	0.0000	0.0000	0.0000	0.0000	0.0000	0.0000	0.0000	0.0000	0.0000	0.0000	0.0000	0.0000	0.0000											
71	87	0.6059	8	2	2	1	0	0	0	0	0	Y	Y	N	N	N	N	N	N	N	N	N	N	0.0000	0.0000	0.0000	0.0000	0.0000	0.0000	0.0000	0.0000	0.0000	0.0000	0.0000	0.0000	0.0000	0.0000	0.0000	0.0000	0.0000	0.0000	0.0000	0.0000	0.0000	12.2869	0.0000	21.7146	0.0000	0.0000	0.0000	0.0000	0.0000	0.0000	0.0000	0.0000	0.0000	0.0000	0.0000	0.0000	0.0000	0.0000	0.0000	0.0000	0.0000	0.0000	0.0000	0.0000	0.0000	0.0000	0.0000	0.0000	0.0000	0.0000	0.0000	0.0000	0.0000	0.0000	0.0000	0.0000	0.0000	0.0000	0.0000	0.0000	0.0000	0.0000	0.0000	0.0000	0.0000	0.0000	0.0000	0.0000	0.0000	0.0000	0.0000	0.0000	0.0000	0.0000	0.0000	0.0000	0.0000	0.0000											
71	88	0.7024	11	1	2	1	0	0	0	0	0	N	Y	N	N	N	N	N	N	N	N	N	N	0.0000	0.0000	0.0000	0.0000	0.0000	0.0000	0.0000	0.0000	0.0000	0.0000	0.0000	0.0000	0.0000	0.0000	0.0000	0.0000	0.0000	0.0000	0.0000	0.0000	0.0000	4.0005	0.0000	9.0093	0.0000	0.0000	0.0000	0.0000	0.0000	0.0000	0.0000	0.0000	0.0000	0.0000	0.0000	0.0000	0.0000	0.0000	0.0000	0.0000	0.0000	0.0000	0.0000	0.0000	0.0000	0.0000	0.0000	0.0000	0.0000	0.0000	0.0000	0.0000	0.0000	0.0000	0.0000	0.0000	0.0000	0.0000	0.0000	0.0000	0.0000	0.0000	0.0000	0.0000	0.0000	0.0000	0.0000	0.0000	0.0000	0.0000	0.0000	0.0000	0.0000	0.0000	0.0000	0.0000	0.0000	0.0000											
71	89	0.6798	10	1	2	1	0	0	0	0	0	N	Y	N	N	N	N	N	N	N	N	N	N	0.0000	0.0000	0.0000	0.0000	0.0000	0.0000	0.0000	0.0000	0.0000	0.0000	0.0000	0.0000	0.0000	0.0000	0.0000	0.0000	0.0000	0.0000	0.0000	0.0000	0.0000	1.0051	0.0000	9.2650	0.0000	0.0000	0.0000	0.0000	0.0000	0.0000	0.0000	0.0000	0.0000	0.0000	0.0000	0.0000	0.0000	0.0000	0.0000	0.0000	0.0000	0.0000	0.0000	0.0000	0.0000	0.0000	0.0000	0.0000	0.0000	0.0000	0.0000	0.0000	0.0000	0.0000	0.0000	0.0000	0.0000	0.0000	0.0000	0.0000	0.0000	0.0000	0.0000	0.0000	0.0000	0.0000	0.0000	0.0000	0.0000	0.0000	0.0000	0.0000	0.0000	0.0000	0.0000	0.0000	0.0000	0.0000											
71	90	0.7283	10	1	1	2	0	0	0	0	0	N	N	Y	N	N	N	N	N	N	N	N	N	0.0000	0.0000	0.0000	0.0000	0.0000	0.0000	0.0000	0.0000	0.0000	0.0000	0.0000	0.0000	0.0000	0.0000	0.0000	0.0000	0.0000	0.0000	0.0000	0.0000	0.0000	2.3559	0.0000	7.1930	0.0000	0.0000	0.0000	0.0000	0.0000	0.0000	0.0000	0.0000	0.0000	0.0000	0.0000	0.0000	0.0000	0.0000	0.0000	0.0000	0.0000	0.0000	0.0000	0.0000	0.0000	0.0000	0.0000	0.0000	0.0000	0.0000	0.0000	0.0000	0.0000	0.0000	0.0000	0.0000	0.0000	0.0000	0.0000	0.0000	0.0000	0.0000	0.0000	0.0000	0.0000	0.0000	0.0000	0.0000	0.0000	0.0000	0.0000	0.0000	0.0000	0.0000	0.0000	0.0000	0.0000	0.0000											
71	91	0.6954	9	1	1	1	0	0	0	0	0	N	N	N	N	N	N	N	N	N	N	N	N	0.0000	0.0000	0.0000	0.0000	0.0000	0.0000	0.0000	0.0000	0.0000	0.0000	0.0000	0.0000	0.0000	0.0000	0.0000	0.0000	0.0000	0.0000	0.0000	0.0000	0.0000	4.9284	0.0000	11.0439	0.0000	0.0000	0.0000	0.0000	0.0000	0.0000	0.0000	0.0000	0.0000	0.0000	0.0000	0.0000	0.0000	0.0000	0.0000	0.0000	0.0000	0.0000	0.0000	0.0000	0.0000	0.0000	0.0000	0.0000	0.0000	0.0000	0.0000	0.0000	0.0000	0.0000	0.0000	0.0000	0.0000	0.0000	0.0000	0.0000	0.0000	0.0000	0.0000	0.0000	0.0000	0.0000	0.0000	0.0000	0.0000	0.0000	0.0000	0.0000	0.0000	0.0000	0.0000	0.0000	0.0000	0.0000											
71	92	0.6059	8	1	1	1	0	0	0	0	0	N	N	N	N	N	N	N	N	N	N	N	N	0.0000	0.0000	0.0000	0.0000	0.0000	0.0000	0.0000	0.0000	0.0000	0.0000	0.0000	0.0000	0.0000	0.0000	0.0000	0.0000	0.0000	0.0000	0.0000	0.0000	0.0000	3.9161	0.0000	29.2065	0.0000	0.0000	0.0000	0.0000	0.0000	0.0000	0.0000	0.0000	0.0000	0.0000	0.0000	0.0000	0.0000	0.0000	0.0000	0.0000	0.0000	0.0000	0.0000	0.0000	0.0000	0.0000	0.0000	0.0000	0.0000	0.0000	0.0000	0.0000	0.0000	0.0000	0.0000	0.0000	0.0000	0.0000	0.0000	0.0000	0.0000	0.0000	0.0000	0.0000	0.0000	0.0000	0.0000	0.0000	0.0000	0.0000	0.0000	0.0000	0.0000	0.0000	0.0000	0.0000	0.0000	0.0000											
71	93	0.1378	4	2	2	1	0	0	0	0	0	Y	Y	N	N	N	N	N	N	N	N	N	N	0.0000	0.0000	0.0000	0.0000	0.0000	0.0000	0.0000	0.0000	0.0000	0.0000	0.0000	0.0000	0.0000	0.0000	0.0000	0.0000	0.0000	0.0000	0.0000	0.0000	0.0000	2.5103	0.0000	7.4742	0.0000	0.0000	0.0000	0.0000	0.0000	0.0000	0.0000	0.0000	0.0000	0.0000	0.0000	0.0000	0.0000	0.0000	0.0000	0.0000	0.0000	0.0000	0.0000	0.0000	0.0000	0.0000	0.0000	0.0000	0.0000	0.0000	0.0000	0.0000	0.0000	0.0000	0.0000	0.0000	0.0000	0.0000	0.0000	0.0000	0.0000	0.0000	0.0000	0.0000	0.0000	0.0000	0.0000	0.0000	0.0000	0.0000	0.0000	0.0000	0.0000	0.0000	0.0000	0.0000	0.0000	0.0000											
71	94	0.1016	3	1	2	1	0	0	0	0	0	N	Y	N	N	N	N	N	N	N	N	N	N	0.0000	0.0000	0.0000	0.0000	0.0000	0.0000	0.0000	0.0000	0.0000	0.0000	0.0000	0.0000	0.0000	0.0000	0.0000	0.0000	0.0000	0.0000	0.0000	0.0000	0.0000	7.1305	0.0000	3.2426	0.0000	0.0000	0.0000	0.0000	0.0000	0.0000	0.0000	0.0000	0.0000	0.0000	0.0000	0.0000	0.0000	0.0000	0.0000	0.0000	0.0000	0.0000	0.0000	0.0000	0.0000	0.0000	0.0000	0.0000	0.0000	0.0000	0.0000	0.0000	0.0000	0.0000	0.0000	0.0000	0.0000	0.0000	0.0000	0.0000	0.0000	0.0000	0.0000	0.0000	0.0000	0.0000	0.0000	0.0000	0.0000	0.0000	0.0000	0.0000	0.0000	0.0000	0.0000	0.0000	0.0000	0.0000											
71	95	0.6798	10	2	2	1	0	0	0	0	0	Y	Y	N	N	N	N	N	N	N	N	N	N	0.0000	0.0000	0.0000	0.0000	0.0000	0.0000	0.0000	0.0000	0.0000	0.0000	0.0000	0.0000	0.0000	0.0000	0.0000	0.0000	0.0000	0.0000	0.0000	0.0000	0.0000	8.0000	0.0000	22.5660	0.0000	0.0000	0.0000	0.0000	0.0000	0.0000	0.0000	0.0000	0.0000	0.0000	0.0000	0.0000	0.0000	0.0000	0.0000	0.0000	0.0000	0.0000	0.0000	0.0000	0.0000	0.0000	0.0000	0.0000	0.0000	0.0000	0.0000	0.0000	0.0000	0.0000	0.0000	0.0000	0.0000	0.0000	0.0000	0.0000	0.0000	0.0000	0.0000	0.0000	0.0000	0.0000	0.0000	0.0000	0.0000	0.0000	0.0000	0.0000	0.0000	0.0000	0.0000	0.0000	0.0000	0.0000											
71	96	0.6059	8	1	1	1	0	0	0	0	0	N	N	N	N	N	N	N	N	N	N	N	N	0.0000	0.0000	0.0000	0.0000	0.0000	0.0000	0.0000	0.0000	0.0000	0.0000	0.0000	0.0000	0.0000	0.0000	0.0000	0.0000	0.0000	0.0000	0.0000	0.0000	0.0000	11.9964	0.0000	18.8414	0.0000	0.0000	0.0000	0.0000	0.0000	0.0000	0.0000	0.0000	0.0000	0.0000	0.0000	0.0000	0.0000	0.0000	0.0000	0.0000	0.0000	0.0000	0.0000	0.0000	0.0000	0.0000	0.0000	0.0000	0.0000	0.0000	0.0000	0.0000	0.0000	0.0000	0.0000	0.0000	0.0000	0.0000	0.0000	0.0000	0.0000	0.0000	0.0000	0.0000	0.0000	0.0000	0.0000	0.0000	0.0000	0.0000	0.0000	0.0000	0.0000	0.0000	0.0000	0.0000	0.0000	0.0000											
71	98	0.7104	12	2	2	2	0	0	0	0	0	Y	Y	Y	N	N	N	N	N	N	N	N	N	0.0000	0.0000	0.0000	0.0000	0.0000	0.0000	0.0000	0.0000	0.0000	0.0000	0.0000	0.0000	0.0000	0.0000	0.0000	0.0000	0.0000	0.0000	0.0000	0.0000	0.0000	0.9502	0.0000	16.1595	0.0000	0.0000	0.0000	0.0000	0.0000	0.0000	0.0000	0.0000	0.0000	0.0000	0.0000	0.0000	0.0000	0.0000	0.0000	0.0000	0.0000	0.0000	0.0000	0.0000	0.0000	0.0000	0.0000	0.0000	0.0000	0.0000	0.0000	0.0000	0.0000	0.0000	0.0000	0.0000	0.0000	0.0000	0.0000	0.0000	0.0000	0.0000	0.0000	0.0000	0.0000	0.0000	0.0000	0.0000	0.0000	0.0000	0.0000	0.0000	0.0000	0.0000	0.0000	0.0000	0.0000	0.0000											
71	99	0.6059	8	1	2	1	0	0	0	0	0	N	Y	N	N	N	N	N	N	N	N	N	N	0.0000	0.0000	0.0000	0.0000	0.0000	0.0000	0.0000	0.0000	0.0000	0.0000	0.0000	0.0000	0.0000	0.0000	0.0000	0.0000	0.0000	0.0000	0.0000	0.0000	0.0000	11.9964	0.0000	15.6499	0.0000	0.0000	0.0000	0.0000	0.0000	0.0000	0.0000	0.0000	0.0000	0.0000	0.0000	0.0000	0.0000	0.0000	0.0000	0.0000	0.0000	0.0000	0.0000	0.0000	0.0000	0.0000	0.0000	0.0000	0.0000	0.0000	0.0000	0.0000	0.0000	0.0000	0.0000	0.0000	0.0000	0.0000	0.0000	0.0000	0.0000	0.0000	0.0000	0.0000	0.0000	0.0000	0.0000	0.0000	0.0000	0.0000	0.0000	0.0000	0.0000	0.0000	0.0000	0.0000	0.0000	0.0000											
71	100	0.7133	13	2	1	2	0	0	0	0	0	Y	N	Y	N	N	N	N	N	N	N	N	N	0.0000	0.0000	0.0000	0.0000	0.0000	0.0000	0.0000	0.0000	0.0000	0.0000	0.0000	0.0000	0.0000	0.0000	0.0000	0.0000	0.0000	0.0000	0.0000	0.0000	0.0000	1.0008	0.0000	13.9255	0.0000	0.0000	0.0000	0.0000	0.0000	0.0000	0.0000	0.0000	0.0000	0.0000	0.0000	0.0000	0.0000	0.0000	0.0000	0.0000	0.0000	0.0000	0.0000	0.0000	0.0000	0.0000	0.0000	0.0000	0.0000	0.0000	0.0000	0.0000	0.0000	0.0000	0.0000	0.0000	0.0000	0.0000	0.0000	0.0000	0.0000	0.0000	0.0000	0.0000	0.0000	0.0000	0.0000	0.0000	0.0000	0.0000	0.0000	0.0000	0.0000	0.0000	0.0000	0.0000	0.0000	0.0000											
71	101	0.7104	12	2	1	2	0	0	0	0	0	Y	N	Y	N	N	N	N	N	N	N	N	N	0.0000	0.0000	0.0000	0.0000	0.0000	0.0000	0.0000	0.0000	0.0000	0.0000	0.0000	0.0000	0.0000	0.0000	0.0000	0.0000	0.0000	0.0000	0.0000	0.0000	0.0000	0.0532	0.0000	2.0467	0.0000	0.0000	0.0000	0.0000	0.0000	0.0000	0.0000	0.0000	0.0000	0.0000	0.0000	0.0000	0.0000	0.0000	0.0000	0.0000	0.0000	0.0000	0.0000	0.0000	0.0000	0.0000	0.0000	0.0000	0.0000	0.0000	0.0000	0.0000	0.0000	0.0000	0.0000	0.0000	0.0000	0.0000	0.0000	0.0000	0.0000	0.0000	0.0000	0.0000	0.0000	0.0000	0.0000	0.0000	0.0000	0.0000	0.0000	0.0000	0.0000	0.0000	0.0000	0.0000	0.0000	0.0000											
71	102	0.7007	11	2	1	2	0	0	0	0	0	Y	N	Y	N	N	N	N	N	N	N	N	N	0.0000	0.0000	0.0000	0.0000	0.0000	0.0000	0.0000	0.0000	0.0000	0.0000	0.0000	0.0000	0.0000	0.0000	0.0000	0.0000	0.0000	0.0000	0.0000	0.0000	0.0000	2.0948	0.0000	3.0326	0.0000	0.0000	0.0000	0.0000	0.0000	0.0000	0.0000	0.0000	0.0000	0.0000	0.0000	0.0000	0.0000	0.0000	0.0000	0.0000	0.0000	0.0000	0.0000	0.0000	0.0000	0.0000	0.0000	0.0000	0.0000	0.0000	0.0000	0.0000	0.0000	0.0000	0.0000	0.0000	0.0000	0.0000	0.0000	0.0000	0.0000	0.0000	0.0000	0.0000	0.0000	0.0000	0.0000	0.0000	0.0000	0.0000	0.0000	0.0000	0.0000	0.0000	0.0000	0.0000	0.0000	0.0000											
71	103	0.6798	10	2	1	2	0	0	0	0	0	Y	N	Y	N	N	N	N	N	N	N	N	N	0.0000	0.0000	0.0000	0.0000	0.0000	0.0000	0.0000	0.0000	0.0000	0.0000	0.0000	0.0000	0.0000	0.0000	0.0000	0.0000	0.0000	0.0000	0.0000	0.0000	0.0000	3.9484	0.0000	4.8420	0.0000	0.0000	0.0000	0.0000	0.0000	0.0000	0.0000	0.0000	0.0000	0.0000	0.0000	0.0000	0.0000	0.0000	0.0000	0.0000	0.0000	0.0000	0.0000	0.0000	0.0000	0.0000	0.0000	0.0000	0.0000	0.0000	0.0000	0.0000	0.0000	0.0000	0.0000	0.0000	0.0000	0.0000	0.0000	0.0000	0.0000	0.0000	0.0000	0.0000	0.0000	0.0000	0.0000	0.0000	0.0000	0.0000	0.0000	0.0000	0.0000	0.0000	0.0000	0.0000	0.0000	0.0000											
71	104	0.6382	9	1	2	1	0	0	0	0	0	N	Y	N	N	N	N	N	N	N	N	N	N	0.0000	0.0000	0.0000	0.0000	0.0000	0.0000	0.0000	0.0000	0.0000	0.0000	0.0000	0.0000	0.0000	0.0000	0.0000	0.0000	0.0000	0.0000	0.0000	0.0000	0.0000	8.9557	0.0000	32.3127	0.0000	0.0000	0.0000	0.0000	0.0000	0.0000	0.0000	0.0000	0.0000	0.0000	0.0000	0.0000	0.0000	0.0000	0.0000	0.0000	0.0000	0.0000	0.0000	0.0000	0.0000	0.0000	0.0000	0.0000	0.0000	0.0000	0.0000	0.0000	0.0000	0.0000	0.0000	0.0000	0.0000	0.0000	0.0000	0.0000	0.0000	0.0000	0.0000	0.0000	0.0000	0.0000	0.0000	0.0000	0.0000	0.0000	0.0000	0.0000	0.0000	0.0000	0.0000	0.0000	0.0000	0.0000											
71	105	0.6637	10	1	1	2	0	0	0	0	0	N	N	Y	N	N	N	N	N	N	N	N	N	0.0000	0.0000	0.0000	0.0000	0.0000	0.0000	0.0000	0.0000	0.0000	0.0000	0.0000	0.0000	0.0000	0.0000	0.0000	0.0000	0.0000	0.0000	0.0000	0.0000	0.0000	4.2679	0.0000	7.8415	0.0000	0.0000	0.0000	0.0000	0.0000	0.0000	0.0000	0.0000	0.0000	0.0000	0.0000	0.0000	0.0000	0.0000	0.0000	0.0000	0.0000	0.0000	0.0000	0.0000	0.0000	0.0000	0.0000	0.0000	0.0000	0.0000	0.0000	0.0000	0.0000	0.0000	0.0000	0.0000	0.0000	0.0000	0.0000	0.0000	0.0000	0.0000	0.0000	0.0000	0.0000	0.0000	0.0000	0.0000	0.0000	0.0000	0.0000	0.0000	0.0000	0.0000	0.0000	0.0000	0.0000	0.0000											
71	106	0.6382	9	1	1	1	0	0	0	0	0	N	N	N	N	N	N	N	N	N	N	N	N	0.0000	0.0000	0.0000	0.0000	0.0000	0.0000	0.0000	0.0000	0.0000	0.0000	0.0000	0.0000	0.0000	0.0000	0.0000	0.0000	0.0000	0.0000	0.0000	0.0000	0.0000	1.9301	0.0000	9.0954	0.0000	0.0000	0.0000	0.0000	0.0000	0.0000	0.0000	0.0000	0.0000	0.0000	0.0000	0.0000	0.0000	0.0000	0.0000	0.0000	0.0000	0.0000	0.0000	0.0000	0.0000	0.0000	0.0000	0.0000	0.0000	0.0000	0.0000	0.0000	0.0000	0.0000	0.0000	0.0000	0.0000	0.0000	0.0000	0.0000	0.0000	0.0000	0.0000	0.0000	0.0000	0.0000	0.0000	0.0000	0.0000	0.0000	0.0000	0.0000	0.0000	0.0000	0.0000	0.0000	0.0000	0.0000											
71	107	0.6059	8	1	1	1	0	0	0	0	0	N	N	N	N	N	N	N	N	N	N	N	N	0.0000	0.0000	0.0000	0.0000	0.0000	0.0000	0.0000	0.0000	0.0000	0.0000	0.0000	0.0000	0.0000	0.0000	0.0000	0.0000	0.0000	0.0000	0.0000	0.0000	0.0000	3.9049	0.0000	9.6098	0.0000	0.0000	0.0000	0.0000	0.0000	0.0000	0.0000	0.0000	0.0000	0.0000	0.0000	0.0000	0.0000	0.0000	0.0000	0.0000	0.0000	0.0000	0.0000	0.0000	0.0000	0.0000	0.0000	0.0000	0.0000	0.0000	0.0000	0.0000	0.0000	0.0000	0.0000	0.0000	0.0000	0.0000	0.0000	0.0000	0.0000	0.0000	0.0000	0.0000	0.0000	0.0000	0.0000	0.0000	0.0000	0.0000	0.0000	0.0000	0.0000	0.0000	0.0000	0.0000	0.0000	0.0000											
71	108	0.6271	10	1	2	1	0	0	0	0	0	N	Y	N	N	N	N	N	N	N	N	N	N	0.0000	0.0000	0.0000	0.0000	0.0000	0.0000	0.0000	0.0000	0.0000	0.0000	0.0000	0.0000	0.0000	0.0000	0.0000	0.0000	0.0000	0.0000	0.0000	0.0000	0.0000	8.0392	0.0000	22.6195	0.0000	0.0000	0.0000	0.0000	0.0000	0.0000	0.0000	0.0000	0.0000	0.0000	0.0000	0.0000	0.0000	0.0000	0.0000	0.0000	0.0000	0.0000	0.0000	0.0000	0.0000	0.0000	0.0000	0.0000	0.0000	0.0000	0.0000	0.0000	0.0000	0.0000	0.0000	0.0000	0.0000	0.0000	0.0000	0.0000	0.0000	0.0000	0.0000	0.0000	0.0000	0.0000	0.0000	0.0000	0.0000	0.0000	0.0000	0.0000	0.0000	0.0000	0.0000	0.0000	0.0000	0.0000											
71	109	0.6271	9	1	1	1	0	0	0	0	0	N	N	N	N	N	N	N	N	N	N	N	N	0.0000	0.0000	0.0000	0.0000	0.0000	0.0000	0.0000	0.0000	0.0000	0.0000	0.0000	0.0000	0.0000	0.0000	0.0000	0.0000	0.0000	0.0000	0.0000	0.0000	0.0000	0.2031	0.0000	2.0398	0.0000	0.0000	0.0000	0.0000	0.0000	0.0000	0.0000	0.0000	0.0000	0.0000	0.0000	0.0000	0.0000	0.0000	0.0000	0.0000	0.0000	0.0000	0.0000	0.0000	0.0000	0.0000	0.0000	0.0000	0.0000	0.0000	0.0000	0.0000	0.0000	0.0000	0.0000	0.0000	0.0000	0.0000	0.0000	0.0000	0.0000	0.0000	0.0000	0.0000	0.0000	0.0000	0.0000	0.0000	0.0000	0.0000	0.0000	0.0000	0.0000	0.0000	0.0000	0.0000	0.0000	0.0000											
71	110	0.0319	3	2	1	2	0	0	0	0	0	Y	N	Y	N	N	N	N	N	N	N	N	N	0.0000	0.0000	0.0000	0.0000	0.0000	0.0000	0.0000	0.0000	0.0000	0.0000	0.0000	0.0000	0.0000	0.0000	0.0000	0.0000	0.0000	0.0000	0.0000	0.0000	0.0000	0.0001	0.0000	0.0001	0.0000	0.0000	0.0000	0.0000	0.0000	0.0000	0.0000	0.0000	0.0000	0.0000	0.0000	0.0000	0.0000	0.0000	0.0000	0.0000	0.0000	0.0000	0.0000	0.0000	0.0000	0.0000	0.0000	0.0000	0.0000	0.0000	0.0000	0.0000	0.0000	0.0000	0.0000	0.0000	0.0000	0.0000	0.0000	0.0000	0.0000	0.0000	0.0000	0.0000	0.0000	0.0000	0.0000	0.0000	0.0000	0.0000	0.0000	0.0000	0.0000	0.0000	0.0000	0.0000	0.0000	0.0000											
71	111	0.0181	2	2	1	2	0	0	0	0	0	Y	N	Y	N	N	N	N	N	N	N	N	N	0.0000	0.0000	0.0000	0.0000	0.0000	0.0000	0.0000	0.0000	0.0000	0.0000	0.0000	0.0000	0.0000	0.0000	0.0000	0.0000	0.0000	0.0000	0.0000	0.0000	0.0000	1.6718	0.0000	2.9223	0.0000	0.0000	0.0000	0.0000	0.0000	0.0000	0.0000	0.0000	0.0000	0.0000	0.0000	0.0000	0.0000	0.0000	0.0000	0.0000	0.0000	0.0000	0.0000	0.0000	0.0000	0.0000	0.0000	0.0000	0.0000	0.0000	0.0000	0.0000	0.0000	0.0000	0.0000	0.0000	0.0000	0.0000	0.0000	0.0000	0.0000	0.0000	0.0000	0.0000	0.0000	0.0000	0.0000	0.0000	0.0000	0.0000	0.0000	0.0000	0.0000	0.0000	0.0000	0.0000	0.0000	0.0000											
71	115	0.6861	10	2	1	2	0	0	0	0	0	Y	N	Y	N	N	N	N	N	N	N	N	N	0.0000	0.0000	0.0000	0.0000	0.0000	0.0000	0.0000	0.0000	0.0000	0.0000	0.0000	0.0000	0.0000	0.0000	0.0000	0.0000	0.0000	0.0000	0.0000	0.0000	0.0000	1.0009	0.0000	4.0038	0.0000	0.0000	0.0000	0.0000	0.0000	0.0000	0.0000	0.0000	0.0000	0.0000	0.0000	0.0000	0.0000	0.0000	0.0000	0.0000	0.0000	0.0000	0.0000	0.0000	0.0000	0.0000	0.0000	0.0000	0.0000	0.0000	0.0000	0.0000	0.0000	0.0000	0.0000	0.0000	0.0000	0.0000	0.0000	0.0000	0.0000	0.0000	0.0000	0.0000	0.0000	0.0000	0.0000	0.0000	0.0000	0.0000	0.0000	0.0000	0.0000	0.0000	0.0000	0.0000	0.0000	0.0000											
71	116	0.6578	9	2	1	2	0	0	0	0	0	Y	N	Y	N	N	N	N	N	N	N	N	N	0.0000	0.0000	0.0000	0.0000	0.0000	0.0000	0.0000	0.0000	0.0000	0.0000	0.0000	0.0000	0.0000	0.0000	0.0000	0.0000	0.0000	0.0000	0.0000	0.0000	0.0000	1.8441	0.0000	10.4794	0.0000	0.0000	0.0000	0.0000	0.0000	0.0000	0.0000	0.0000	0.0000	0.0000	0.0000	0.0000	0.0000	0.0000	0.0000	0.0000	0.0000	0.0000	0.0000	0.0000	0.0000	0.0000	0.0000	0.0000	0.0000	0.0000	0.0000	0.0000	0.0000	0.0000	0.0000	0.0000	0.0000	0.0000	0.0000	0.0000	0.0000	0.0000	0.0000	0.0000	0.0000	0.0000	0.0000	0.0000	0.0000	0.0000	0.0000	0.0000	0.0000	0.0000	0.0000	0.0000	0.0000	0.0000											
71	117	0.3697	7	1	2	1	1	0	0	0	0	N	Y	N	N	N	N	N	N	N	N	N	N	0.0000	0.0000	0.0000	0.0000	0.0000	0.0000	0.0000	0.0000	0.0000	0.0000	0.0000	0.0000	0.0000	0.0000	0.0000	0.0000	0.0000	0.0000	0.0000	0.0000	0.0000	10.5071	0.0000	20.2622	0.0000	0.0000	0.0000	0.0000	0.0000	0.0000	0.0000	0.0000	0.0000	0.0000	0.0000	0.0000	0.0000	0.0000	0.0000	0.0000	0.0000	0.0000	0.0000	0.0000	0.0000	0.0000	0.0000	0.0000	0.0000	0.0000	0.0000	0.0000	0.0000	0.0000	0.0000	0.0000	0.0000	0.0000	0.0000	0.0000	0.0000	0.0000	0.0000	0.0000	0.0000	0.0000	0.0000	0.0000	0.0000	0.0000	0.0000	0.0000	0.0000	0.0000	0.0000	0.0000	0.0000	0.0000											
71	118	0.6059	8	1	2	1	1	0	0	0	0	N	Y	N	N	N	N	N	N	N	N	N	N	0.0000	0.0000	0.0000	0.0000	0.0000	0.0000	0.0000	0.0000	0.0000	0.0000	0.0000	0.0000	0.0000	0.0000	0.0000	0.0000	0.0000	0.0000	0.0000	0.0000	0.0000	4.0036	0.0000	26.5072	0.0000	0.0000	0.0000	0.0000	0.0000	0.0000	0.0000	0.0000	0.0000	0.0000	0.0000	0.0000	0.0000	0.0000	0.0000	0.0000	0.0000	0.0000	0.0000	0.0000	0.0000	0.0000	0.0000	0.0000	0.0000	0.0000	0.0000	0.0000	0.0000	0.0000	0.0000	0.0000	0.0000	0.0000	0.0000	0.0000	0.0000	0.0000	0.0000	0.0000	0.0000	0.0000	0.0000	0.0000	0.0000	0.0000	0.0000	0.0000	0.0000	0.0000	0.0000	0.0000	0.0000	0.0000											
71	119	0.6443	9	1	2	1	0	0	0	0	0	N	Y	N	N	N	N	N	N	N	N	N	N	0.0000	0.0000	0.0000	0.0000	0.0000	0.0000	0.0000	0.0000	0.0000	0.0000	0.0000	0.0000	0.0000	0.0000	0.0000	0.0000	0.0000	0.0000	0.0000	0.0000	0.0000	3.8169	0.0000	21.2433	0.0000	0.0000	0.0000	0.0000	0.0000	0.0000	0.0000	0.0000	0.0000	0.0000	0.0000	0.0000	0.0000	0.0000	0.0000	0.0000	0.0000	0.0000	0.0000	0.0000	0.0000	0.0000	0.0000	0.0000	0.0000	0.0000	0.0000	0.0000	0.0000	0.0000	0.0000	0.0000	0.0000	0.0000	0.0000	0.0000	0.0000	0.0000	0.0000	0.0000	0.0000	0.0000	0.0000	0.0000	0.0000	0.0000	0.0000	0.0000	0.0000	0.0000	0.0000	0.0000	0.0000	0.0000											
71	120	0.4232	9	1	2	1	0	0	0	0	0	N	Y	N	N	N	N	N	N	N	N	N	N	0.0000	0.0000	0.0000	0.0000	0.0000	0.0000	0.0000	0.0000	0.0000	0.0000	0.0000	0.0000	0.0000	0.0000	0.0000	0.0000	0.0000	0.0000	0.0000	0.0000	0.0000	16.3276	0.0000	34.9199	0.0000	0.0000	0.0000	0.0000	0.0000	0.0000	0.0000	0.0000	0.0000	0.0000	0.0000	0.0000	0.0000	0.0000	0.0000	0.0000	0.0000	0.0000	0.0000	0.0000	0.0000	0.0000	0.0000	0.0000	0.0000	0.0000	0.0000	0.0000	0.0000	0.0000	0.0000	0.0000	0.0000	0.0000	0.0000	0.0000	0.0000	0.0000	0.0000	0.0000	0.0000	0.0000	0.0000	0.0000	0.0000	0.0000	0.0000	0.0000	0.0000	0.0000	0.0000	0.0000	0.0000	0.0000											
71	121	0.4058	8	1	2	1	0	0	0	0	0	N	Y	N	N	N	N	N	N	N	N	N	N	0.0000	0.0000	0.0000	0.0000	0.0000	0.0000	0.0000	0.0000	0.0000	0.0000	0.0000	0.0000	0.0000	0.0000	0.0000	0.0000	0.0000	0.0000	0.0000	0.0000	0.0000	6.1757	0.0000	14.5601	0.0000	0.0000	0.0000	0.0000	0.0000	0.0000	0.0000	0.0000	0.0000	0.0000	0.0000	0.0000	0.0000	0.0000	0.0000	0.0000	0.0000	0.0000	0.0000	0.0000	0.0000	0.0000	0.0000	0.0000	0.0000	0.0000	0.0000	0.0000	0.0000	0.0000	0.0000	0.0000	0.0000	0.0000	0.0000	0.0000	0.0000	0.0000	0.0000	0.0000	0.0000	0.0000	0.0000	0.0000	0.0000	0.0000	0.0000	0.0000	0.0000	0.0000	0.0000	0.0000	0.0000	0.0000											
71	122	0.3528	7	1	1	1	0	0	0	0	0	N	N	N	N	N	N	N	N	N	N	N	N	0.0000	0.0000	0.0000	0.0000	0.0000	0.0000	0.0000	0.0000	0.0000	0.0000	0.0000	0.0000	0.0000	0.0000	0.0000	0.0000	0.0000	0.0000	0.0000	0.0000	0.0000	7.5400	0.0000	21.4192	0.0000	0.0000	0.0000	0.0000	0.0000	0.0000	0.0000	0.0000	0.0000	0.0000	0.0000	0.0000	0.0000	0.0000	0.0000	0.0000	0.0000	0.0000	0.0000	0.0000	0.0000	0.0000	0.0000	0.0000	0.0000	0.0000	0.0000	0.0000	0.0000	0.0000	0.0000	0.0000	0.0000	0.0000	0.0000	0.0000	0.0000	0.0000	0.0000	0.0000	0.0000	0.0000	0.0000	0.0000	0.0000	0.0000	0.0000	0.0000	0.0000	0.0000	0.0000	0.0000	0.0000	0.0000											
71	123	0.6798	10	1	2	1	0	0	0	0	0	N	Y	N	N	N	N	N	N	N	N	N	N	0.0000	0.0000	0.0000	0.0000	0.0000	0.0000	0.0000	0.0000	0.0000	0.0000	0.0000	0.0000	0.0000	0.0000	0.0000	0.0000	0.0000	0.0000	0.0000	0.0000	0.0000	4.0019	0.0000	19.5615	0.0000	0.0000	0.0000	0.0000	0.0000	0.0000	0.0000	0.0000	0.0000	0.0000	0.0000	0.0000	0.0000	0.0000	0.0000	0.0000	0.0000	0.0000	0.0000	0.0000	0.0000	0.0000	0.0000	0.0000	0.0000	0.0000	0.0000	0.0000	0.0000	0.0000	0.0000	0.0000	0.0000	0.0000	0.0000	0.0000	0.0000	0.0000	0.0000	0.0000	0.0000	0.0000	0.0000	0.0000	0.0000	0.0000	0.0000	0.0000	0.0000	0.0000	0.0000	0.0000	0.0000	0.0000											
71	124	0.6578	9	1	1	1	0	0	0	0	0	N	N	N	N	N	N	N	N	N	N	N	N	0.0000	0.0000	0.0000	0.0000	0.0000	0.0000	0.0000	0.0000	0.0000	0.0000	0.0000	0.0000	0.0000	0.0000	0.0000	0.0000	0.0000	0.0000	0.0000	0.0000	0.0000	1.2223	0.0000	8.2281	0.0000	0.0000	0.0000	0.0000	0.0000	0.0000	0.0000	0.0000	0.0000	0.0000	0.0000	0.0000	0.0000	0.0000	0.0000	0.0000	0.0000	0.0000	0.0000	0.0000	0.0000	0.0000	0.0000	0.0000	0.0000	0.0000	0.0000	0.0000	0.0000	0.0000	0.0000	0.0000	0.0000	0.0000	0.0000	0.0000	0.0000	0.0000	0.0000	0.0000	0.0000	0.0000	0.0000	0.0000	0.0000	0.0000	0.0000	0.0000	0.0000	0.0000	0.0000	0.0000	0.0000	0.0000											
71	125	0.6059	8	1	1	1	0	0	0	0	0	N	N	N	N	N	N	N	N	N	N	N	N	0.0000	0.0000	0.0000	0.0000	0.0000	0.0000	0.0000	0.0000	0.0000	0.0000	0.0000	0.0000	0.0000	0.0000	0.0000	0.0000	0.0000	0.0000	0.0000	0.0000	0.0000	5.9920	0.0000	12.2976	0.0000	0.0000	0.0000	0.0000	0.0000	0.0000	0.0000	0.0000	0.0000	0.0000	0.0000	0.0000	0.0000	0.0000	0.0000	0.0000	0.0000	0.0000	0.0000	0.0000	0.0000	0.0000	0.0000	0.0000	0.0000	0.0000	0.0000	0.0000	0.0000	0.0000	0.0000	0.0000	0.0000	0.0000	0.0000	0.0000	0.0000	0.0000	0.0000	0.0000	0.0000	0.0000	0.0000	0.0000	0.0000	0.0000	0.0000	0.0000	0.0000	0.0000	0.0000	0.0000	0.0000	0.0000											
71	126	0.6430	10	1	2	1	0	0	0	0	0	N	Y	N	N	N	N	N	N	N	N	N	N	0.0000	0.0000	0.0000	0.0000	0.0000	0.0000	0.0000	0.0000	0.0000	0.0000	0.0000	0.0000	0.0000	0.0000	0.0000	0.0000	0.0000	0.0000	0.0000	0.0000	0.0000	5.0407	0.0000	17.1705	0.0000	0.0000	0.0000	0.0000	0.0000	0.0000	0.0000	0.0000	0.0000	0.0000	0.0000	0.0000	0.0000	0.0000	0.0000	0.0000	0.0000	0.0000	0.0000	0.0000	0.0000	0.0000	0.0000	0.0000	0.0000	0.0000	0.0000	0.0000	0.0000	0.0000	0.0000	0.0000	0.0000	0.0000	0.0000	0.0000	0.0000	0.0000	0.0000	0.0000	0.0000	0.0000	0.0000	0.0000	0.0000	0.0000	0.0000	0.0000	0.0000	0.0000	0.0000	0.0000	0.0000	0.0000											
71	127	0.6271	9	1	2	1	0	0	0	0	0	N	Y	N	N	N	N	N	N	N	N	N	N	0.0000	0.0000	0.0000	0.0000	0.0000	0.0000	0.0000	0.0000	0.0000	0.0000	0.0000	0.0000	0.0000	0.0000	0.0000	0.0000	0.0000	0.0000	0.0000	0.0000	0.0000	1.9703	0.0000	6.2034	0.0000	0.0000	0.0000	0.0000	0.0000	0.0000	0.0000	0.0000	0.0000	0.0000	0.0000	0.0000	0.0000	0.0000	0.0000	0.0000	0.0000	0.0000	0.0000	0.0000	0.0000	0.0000	0.0000	0.0000	0.0000	0.0000	0.0000	0.0000	0.0000	0.0000	0.0000	0.0000	0.0000	0.0000	0.0000	0.0000	0.0000	0.0000	0.0000	0.0000	0.0000	0.0000	0.0000	0.0000	0.0000	0.0000	0.0000	0.0000	0.0000	0.0000	0.0000	0.0000	0.0000	0.0000											
71	128	0.6059	8	1	1	1	0	0	0	0	0	N	N	N	N	N	N	N	N	N	N	N	N	0.0000	0.0000	0.0000	0.0000	0.0000	0.0000	0.0000	0.0000	0.0000	0.0000	0.0000	0.0000	0.0000	0.0000	0.0000	0.0000	0.0000	0.0000	0.0000	0.0000	0.0000	1.1032	0.0000	7.8190	0.0000	0.0000	0.0000	0.0000	0.0000	0.0000	0.0000	0.0000	0.0000	0.0000	0.0000	0.0000	0.0000	0.0000	0.0000	0.0000	0.0000	0.0000	0.0000	0.0000	0.0000	0.0000	0.0000	0.0000	0.0000	0.0000	0.0000	0.0000	0.0000	0.0000	0.0000	0.0000	0.0000	0.0000	0.0000	0.0000	0.0000	0.0000	0.0000	0.0000	0.0000	0.0000	0.0000	0.0000	0.0000	0.0000	0.0000	0.0000	0.0000	0.0000	0.0000	0.0000	0.0000	0.0000											
71	129	0.3821	8	1	2	1	0	0	0	0	0	N	Y	N	N	N	N	N	N	N	N	N	N	0.0000	0.0000	0.0000	0.0000	0.0000	0.0000	0.0000	0.0000	0.0000	0.0000	0.0000	0.0000	0.0000	0.0000	0.0000	0.0000	0.0000	0.0000	0.0000	0.0000	0.0000	1.0033	0.0000	0.8635	0.0000	0.0000	0.0000	0.0000	0.0000	0.0000	0.0000	0.0000	0.0000	0.0000	0.0000	0.0000	0.0000	0.0000	0.0000	0.0000	0.0000	0.0000	0.0000	0.0000	0.0000	0.0000	0.0000	0.0000	0.0000	0.0000	0.0000	0.0000	0.0000	0.0000	0.0000	0.0000	0.0000	0.0000	0.0000	0.0000	0.0000	0.0000	0.0000	0.0000	0.0000	0.0000	0.0000	0.0000	0.0000	0.0000	0.0000	0.0000	0.0000	0.0000	0.0000	0.0000	0.0000	0.0000											
71	130	0.3528	7	1	1	1	0	0	0	0	0	N	N	N	N	N	N	N	N	N	N	N	N	0.0000	0.0000	0.0000	0.0000	0.0000	0.0000	0.0000	0.0000	0.0000	0.0000	0.0000	0.0000	0.0000	0.0000	0.0000	0.0000	0.0000	0.0000	0.0000	0.0000	0.0000	5.5514	0.0000	9.9598	0.0000	0.0000	0.0000	0.0000	0.0000	0.0000	0.0000	0.0000	0.0000	0.0000	0.0000	0.0000	0.0000	0.0000	0.0000	0.0000	0.0000	0.0000	0.0000	0.0000	0.0000	0.0000	0.0000	0.0000	0.0000	0.0000	0.0000	0.0000	0.0000	0.0000	0.0000	0.0000	0.0000	0.0000	0.0000	0.0000	0.0000	0.0000	0.0000	0.0000	0.0000	0.0000	0.0000	0.0000	0.0000	0.0000	0.0000	0.0000	0.0000	0.0000	0.0000	0.0000	0.0000	0.0000											
71	131	0.3225	6	1	1	1	0	0	0	0	0	N	N	N	N	N	N	N	N	N	N	N	N	0.0000	0.0000	0.0000	0.0000	0.0000	0.0000	0.0000	0.0000	0.0000	0.0000	0.0000	0.0000	0.0000	0.0000	0.0000	0.0000	0.0000	0.0000	0.0000	0.0000	0.0000	9.1969	0.0000	13.4651	0.0000	0.0000	0.0000	0.0000	0.0000	0.0000	0.0000	0.0000	0.0000	0.0000	0.0000	0.0000	0.0000	0.0000	0.0000	0.0000	0.0000	0.0000	0.0000	0.0000	0.0000	0.0000	0.0000	0.0000	0.0000	0.0000	0.0000	0.0000	0.0000	0.0000	0.0000	0.0000	0.0000	0.0000	0.0000	0.0000	0.0000	0.0000	0.0000	0.0000	0.0000	0.0000	0.0000	0.0000	0.0000	0.0000	0.0000	0.0000	0.0000	0.0000	0.0000	0.0000	0.0000	0.0000											
71	132	0.7028	12	2	2	1	1	0	0	0	0	Y	Y	N	N	N	N	N	N	N	N	N	N	0.0000	0.0000	0.0000	0.0000	0.0000	0.0000	0.0000	0.0000	0.0000	0.0000	0.0000	0.0000	0.0000	0.0000	0.0000	0.0000	0.0000	0.0000	0.0000	0.0000	0.0000	1.0000	0.0000	3.0001	0.0000	0.0000	0.0000	0.0000	0.0000	0.0000	0.0000	0.0000	0.0000	0.0000	0.0000	0.0000	0.0000	0.0000	0.0000	0.0000	0.0000	0.0000	0.0000	0.0000	0.0000	0.0000	0.0000	0.0000	0.0000	0.0000	0.0000	0.0000	0.0000	0.0000	0.0000	0.0000	0.0000	0.0000	0.0000	0.0000	0.0000	0.0000	0.0000	0.0000	0.0000	0.0000	0.0000	0.0000	0.0000	0.0000	0.0000	0.0000	0.0000	0.0000	0.0000	0.0000	0.0000	0.0000											
71	133	0.4039	10	2	2	1	1	0	0	0	0	Y	Y	N	N	N	N	N	N	N	N	N	N	0.0000	0.0000	0.0000	0.0000	0.0000	0.0000	0.0000	0.0000	0.0000	0.0000	0.0000	0.0000	0.0000	0.0000	0.0000	0.0000	0.0000	0.0000	0.0000	0.0000	0.0000	0.0006	0.0000	1.9797	0.0000	0.0000	0.0000	0.0000	0.0000	0.0000	0.0000	0.0000	0.0000	0.0000	0.0000	0.0000	0.0000	0.0000	0.0000	0.0000	0.0000	0.0000	0.0000	0.0000	0.0000	0.0000	0.0000	0.0000	0.0000	0.0000	0.0000	0.0000	0.0000	0.0000	0.0000	0.0000	0.0000	0.0000	0.0000	0.0000	0.0000	0.0000	0.0000	0.0000	0.0000	0.0000	0.0000	0.0000	0.0000	0.0000	0.0000	0.0000	0.0000	0.0000	0.0000	0.0000	0.0000	0.0000											
71	134	0.3871	9	2	2	1	1	0	0	0	0	Y	Y	N	N	N	N	N	N	N	N	N	N	0.0000	0.0000	0.0000	0.0000	0.0000	0.0000	0.0000	0.0000	0.0000	0.0000	0.0000	0.0000	0.0000	0.0000	0.0000	0.0000	0.0000	0.0000	0.0000	0.0000	0.0000	2.0077	0.0000	6.0321	0.0000	0.0000	0.0000	0.0000	0.0000	0.0000	0.0000	0.0000	0.0000	0.0000	0.0000	0.0000	0.0000	0.0000	0.0000	0.0000	0.0000	0.0000	0.0000	0.0000	0.0000	0.0000	0.0000	0.0000	0.0000	0.0000	0.0000	0.0000	0.0000	0.0000	0.0000	0.0000	0.0000	0.0000	0.0000	0.0000	0.0000	0.0000	0.0000	0.0000	0.0000	0.0000	0.0000	0.0000	0.0000	0.0000	0.0000	0.0000	0.0000	0.0000	0.0000	0.0000	0.0000	0.0000											
71	135	0.3824	9	1	2	1	1	0	0	0	0	N	Y	N	N	N	N	N	N	N	N	N	N	0.0000	0.0000	0.0000	0.0000	0.0000	0.0000	0.0000	0.0000	0.0000	0.0000	0.0000	0.0000	0.0000	0.0000	0.0000	0.0000	0.0000	0.0000	0.0000	0.0000	0.0000	3.0348	0.0000	9.3583	0.0000	0.0000	0.0000	0.0000	0.0000	0.0000	0.0000	0.0000	0.0000	0.0000	0.0000	0.0000	0.0000	0.0000	0.0000	0.0000	0.0000	0.0000	0.0000	0.0000	0.0000	0.0000	0.0000	0.0000	0.0000	0.0000	0.0000	0.0000	0.0000	0.0000	0.0000	0.0000	0.0000	0.0000	0.0000	0.0000	0.0000	0.0000	0.0000	0.0000	0.0000	0.0000	0.0000	0.0000	0.0000	0.0000	0.0000	0.0000	0.0000	0.0000	0.0000	0.0000	0.0000	0.0000											
71	136	0.3680	8	1	1	1	1	0	0	0	0	N	N	N	N	N	N	N	N	N	N	N	N	0.0000	0.0000	0.0000	0.0000	0.0000	0.0000	0.0000	0.0000	0.0000	0.0000	0.0000	0.0000	0.0000	0.0000	0.0000	0.0000	0.0000	0.0000	0.0000	0.0000	0.0000	0.0433	0.0000	6.6805	0.0000	0.0000	0.0000	0.0000	0.0000	0.0000	0.0000	0.0000	0.0000	0.0000	0.0000	0.0000	0.0000	0.0000	0.0000	0.0000	0.0000	0.0000	0.0000	0.0000	0.0000	0.0000	0.0000	0.0000	0.0000	0.0000	0.0000	0.0000	0.0000	0.0000	0.0000	0.0000	0.0000	0.0000	0.0000	0.0000	0.0000	0.0000	0.0000	0.0000	0.0000	0.0000	0.0000	0.0000	0.0000	0.0000	0.0000	0.0000	0.0000	0.0000	0.0000	0.0000	0.0000	0.0000											
71	137	0.7324	14	1	2	1	1	0	0	0	0	N	Y	N	N	N	N	N	N	N	N	N	N	0.0000	0.0000	0.0000	0.0000	0.0000	0.0000	0.0000	0.0000	0.0000	0.0000	0.0000	0.0000	0.0000	0.0000	0.0000	0.0000	0.0000	0.0000	0.0000	0.0000	0.0000	0.0000	0.0000	0.0000	0.0000	0.0000	0.0000	0.0000	0.0000	0.0000	0.0000	0.0000	0.0000	0.0000	0.0000	0.0000	0.0000	0.0000	0.0000	0.0000	0.0000	0.0000	0.0000	0.0000	0.0000	0.0000	0.0000	0.0000	0.0000	0.0000	0.0000	0.0000	0.0000	0.0000	0.0000	0.0000	0.0000	0.0000	0.0000	0.0000	0.0000	0.0000	0.0000	0.0000	0.0000	0.0000	0.0000	0.0000	0.0000	0.0000	0.0000	0.0000	0.0000	0.0000	0.0000	0.0000	0.0000	0.0000											
71	138	0.7274	13	1	2	1	1	0	0	0	0	N	Y	N	N	N	N	N	N	N	N	N	N	0.0000	0.0000	0.0000	0.0000	0.0000	0.0000	0.0000	0.0000	0.0000	0.0000	0.0000	0.0000	0.0000	0.0000	0.0000	0.0000	0.0000	0.0000	0.0000	0.0000	0.0000	0.0021	0.0000	2.0000	0.0000	0.0000	0.0000	0.0000	0.0000	0.0000	0.0000	0.0000	0.0000	0.0000	0.0000	0.0000	0.0000	0.0000	0.0000	0.0000	0.0000	0.0000	0.0000	0.0000	0.0000	0.0000	0.0000	0.0000	0.0000	0.0000	0.0000	0.0000	0.0000	0.0000	0.0000	0.0000	0.0000	0.0000	0.0000	0.0000	0.0000	0.0000	0.0000	0.0000	0.0000	0.0000	0.0000	0.0000	0.0000	0.0000	0.0000	0.0000	0.0000	0.0000	0.0000	0.0000	0.0000	0.0000											
71	139	0.7172	12	1	1	1	1	0	0	0	0	N	N	N	N	N	N	N	N	N	N	N	N	0.0000	0.0000	0.0000	0.0000	0.0000	0.0000	0.0000	0.0000	0.0000	0.0000	0.0000	0.0000	0.0000	0.0000	0.0000	0.0000	0.0000	0.0000	0.0000	0.0000	0.0000	1.0020	0.0000	3.0181	0.0000	0.0000	0.0000	0.0000	0.0000	0.0000	0.0000	0.0000	0.0000	0.0000	0.0000	0.0000	0.0000	0.0000	0.0000	0.0000	0.0000	0.0000	0.0000	0.0000	0.0000	0.0000	0.0000	0.0000	0.0000	0.0000	0.0000	0.0000	0.0000	0.0000	0.0000	0.0000	0.0000	0.0000	0.0000	0.0000	0.0000	0.0000	0.0000	0.0000	0.0000	0.0000	0.0000	0.0000	0.0000	0.0000	0.0000	0.0000	0.0000	0.0000	0.0000	0.0000	0.0000	0.0000											
71	140	0.7028	12	1	2	1	0	0	0	0	0	N	Y	N	N	N	N	N	N	N	N	N	N	0.0000	0.0000	0.0000	0.0000	0.0000	0.0000	0.0000	0.0000	0.0000	0.0000	0.0000	0.0000	0.0000	0.0000	0.0000	0.0000	0.0000	0.0000	0.0000	0.0000	0.0000	0.0000	0.0000	4.0001	0.0000	0.0000	0.0000	0.0000	0.0000	0.0000	0.0000	0.0000	0.0000	0.0000	0.0000	0.0000	0.0000	0.0000	0.0000	0.0000	0.0000	0.0000	0.0000	0.0000	0.0000	0.0000	0.0000	0.0000	0.0000	0.0000	0.0000	0.0000	0.0000	0.0000	0.0000	0.0000	0.0000	0.0000	0.0000	0.0000	0.0000	0.0000	0.0000	0.0000	0.0000	0.0000	0.0000	0.0000	0.0000	0.0000	0.0000	0.0000	0.0000	0.0000	0.0000	0.0000	0.0000	0.0000											
71	141	0.3826	8	1	2	1	0	0	0	0	0	N	Y	N	N	N	N	N	N	N	N	N	N	0.0000	0.0000	0.0000	0.0000	0.0000	0.0000	0.0000	0.0000	0.0000	0.0000	0.0000	0.0000	0.0000	0.0000	0.0000	0.0000	0.0000	0.0000	0.0000	0.0000	0.0000	1.0003	0.0000	5.0186	0.0000	0.0000	0.0000	0.0000	0.0000	0.0000	0.0000	0.0000	0.0000	0.0000	0.0000	0.0000	0.0000	0.0000	0.0000	0.0000	0.0000	0.0000	0.0000	0.0000	0.0000	0.0000	0.0000	0.0000	0.0000	0.0000	0.0000	0.0000	0.0000	0.0000	0.0000	0.0000	0.0000	0.0000	0.0000	0.0000	0.0000	0.0000	0.0000	0.0000	0.0000	0.0000	0.0000	0.0000	0.0000	0.0000	0.0000	0.0000	0.0000	0.0000	0.0000	0.0000	0.0000	0.0000											
71	142	0.7172	12	1	1	2	1	0	0	0	0	N	N	Y	N	N	N	N	N	N	N	N	N	0.0000	0.0000	0.0000	0.0000	0.0000	0.0000	0.0000	0.0000	0.0000	0.0000	0.0000	0.0000	0.0000	0.0000	0.0000	0.0000	0.0000	0.0000	0.0000	0.0000	0.0000	0.0001	0.0000	9.0026	0.0000	0.0000	0.0000	0.0000	0.0000	0.0000	0.0000	0.0000	0.0000	0.0000	0.0000	0.0000	0.0000	0.0000	0.0000	0.0000	0.0000	0.0000	0.0000	0.0000	0.0000	0.0000	0.0000	0.0000	0.0000	0.0000	0.0000	0.0000	0.0000	0.0000	0.0000	0.0000	0.0000	0.0000	0.0000	0.0000	0.0000	0.0000	0.0000	0.0000	0.0000	0.0000	0.0000	0.0000	0.0000	0.0000	0.0000	0.0000	0.0000	0.0000	0.0000	0.0000	0.0000	0.0000											
71	143	0.3680	8	1	1	2	1	0	0	0	0	N	N	Y	N	N	N	N	N	N	N	N	N	0.0000	0.0000	0.0000	0.0000	0.0000	0.0000	0.0000	0.0000	0.0000	0.0000	0.0000	0.0000	0.0000	0.0000	0.0000	0.0000	0.0000	0.0000	0.0000	0.0000	0.0000	2.0061	0.0000	8.0425	0.0000	0.0000	0.0000	0.0000	0.0000	0.0000	0.0000	0.0000	0.0000	0.0000	0.0000	0.0000	0.0000	0.0000	0.0000	0.0000	0.0000	0.0000	0.0000	0.0000	0.0000	0.0000	0.0000	0.0000	0.0000	0.0000	0.0000	0.0000	0.0000	0.0000	0.0000	0.0000	0.0000	0.0000	0.0000	0.0000	0.0000	0.0000	0.0000	0.0000	0.0000	0.0000	0.0000	0.0000	0.0000	0.0000	0.0000	0.0000	0.0000	0.0000	0.0000	0.0000	0.0000	0.0000											
71	144	0.3590	7	1	1	1	1	0	0	0	0	N	N	N	N	N	N	N	N	N	N	N	N	0.0000	0.0000	0.0000	0.0000	0.0000	0.0000	0.0000	0.0000	0.0000	0.0000	0.0000	0.0000	0.0000	0.0000	0.0000	0.0000	0.0000	0.0000	0.0000	0.0000	0.0000	1.9550	0.0000	2.1189	0.0000	0.0000	0.0000	0.0000	0.0000	0.0000	0.0000	0.0000	0.0000	0.0000	0.0000	0.0000	0.0000	0.0000	0.0000	0.0000	0.0000	0.0000	0.0000	0.0000	0.0000	0.0000	0.0000	0.0000	0.0000	0.0000	0.0000	0.0000	0.0000	0.0000	0.0000	0.0000	0.0000	0.0000	0.0000	0.0000	0.0000	0.0000	0.0000	0.0000	0.0000	0.0000	0.0000	0.0000	0.0000	0.0000	0.0000	0.0000	0.0000	0.0000	0.0000	0.0000	0.0000	0.0000											
71	145	0.3590	7	1	1	2	1	0	0	0	0	N	N	Y	N	N	N	N	N	N	N	N	N	0.0000	0.0000	0.0000	0.0000	0.0000	0.0000	0.0000	0.0000	0.0000	0.0000	0.0000	0.0000	0.0000	0.0000	0.0000	0.0000	0.0000	0.0000	0.0000	0.0000	0.0000	2.1261	0.0000	18.6477	0.0000	0.0000	0.0000	0.0000	0.0000	0.0000	0.0000	0.0000	0.0000	0.0000	0.0000	0.0000	0.0000	0.0000	0.0000	0.0000	0.0000	0.0000	0.0000	0.0000	0.0000	0.0000	0.0000	0.0000	0.0000	0.0000	0.0000	0.0000	0.0000	0.0000	0.0000	0.0000	0.0000	0.0000	0.0000	0.0000	0.0000	0.0000	0.0000	0.0000	0.0000	0.0000	0.0000	0.0000	0.0000	0.0000	0.0000	0.0000	0.0000	0.0000	0.0000	0.0000	0.0000	0.0000											
71	146	0.7172	12	1	1	2	1	0	0	0	0	N	N	Y	N	N	N	N	N	N	N	N	N	0.0000	0.0000	0.0000	0.0000	0.0000	0.0000	0.0000	0.0000	0.0000	0.0000	0.0000	0.0000	0.0000	0.0000	0.0000	0.0000	0.0000	0.0000	0.0000	0.0000	0.0000	2.0001	0.0000	5.9880	0.0000	0.0000	0.0000	0.0000	0.0000	0.0000	0.0000	0.0000	0.0000	0.0000	0.0000	0.0000	0.0000	0.0000	0.0000	0.0000	0.0000	0.0000	0.0000	0.0000	0.0000	0.0000	0.0000	0.0000	0.0000	0.0000	0.0000	0.0000	0.0000	0.0000	0.0000	0.0000	0.0000	0.0000	0.0000	0.0000	0.0000	0.0000	0.0000	0.0000	0.0000	0.0000	0.0000	0.0000	0.0000	0.0000	0.0000	0.0000	0.0000	0.0000	0.0000	0.0000	0.0000	0.0000											
71	147	0.7172	12	1	1	2	1	0	0	0	0	N	N	Y	N	N	N	N	N	N	N	N	N	0.0000	0.0000	0.0000	0.0000	0.0000	0.0000	0.0000	0.0000	0.0000	0.0000	0.0000	0.0000	0.0000	0.0000	0.0000	0.0000	0.0000	0.0000	0.0000	0.0000	0.0000	9.0001	0.0000	23.0169	0.0000	0.0000	0.0000	0.0000	0.0000	0.0000	0.0000	0.0000	0.0000	0.0000	0.0000	0.0000	0.0000	0.0000	0.0000	0.0000	0.0000	0.0000	0.0000	0.0000	0.0000	0.0000	0.0000	0.0000	0.0000	0.0000	0.0000	0.0000	0.0000	0.0000	0.0000	0.0000	0.0000	0.0000	0.0000	0.0000	0.0000	0.0000	0.0000	0.0000	0.0000	0.0000	0.0000	0.0000	0.0000	0.0000	0.0000	0.0000	0.0000	0.0000	0.0000	0.0000	0.0000	0.0000											
71	148	0.6918	11	1	1	1	1	0	0	0	0	N	N	N	N	N	N	N	N	N	N	N	N	0.0000	0.0000	0.0000	0.0000	0.0000	0.0000	0.0000	0.0000	0.0000	0.0000	0.0000	0.0000	0.0000	0.0000	0.0000	0.0000	0.0000	0.0000	0.0000	0.0000	0.0000	1.9990	0.0000	7.9526	0.0000	0.0000	0.0000	0.0000	0.0000	0.0000	0.0000	0.0000	0.0000	0.0000	0.0000	0.0000	0.0000	0.0000	0.0000	0.0000	0.0000	0.0000	0.0000	0.0000	0.0000	0.0000	0.0000	0.0000	0.0000	0.0000	0.0000	0.0000	0.0000	0.0000	0.0000	0.0000	0.0000	0.0000	0.0000	0.0000	0.0000	0.0000	0.0000	0.0000	0.0000	0.0000	0.0000	0.0000	0.0000	0.0000	0.0000	0.0000	0.0000	0.0000	0.0000	0.0000	0.0000	0.0000											
71	149	0.6599	10	2	2	1	0	0	0	0	0	Y	Y	N	N	N	N	N	N	N	N	N	N	0.0000	0.0000	0.0000	0.0000	0.0000	0.0000	0.0000	0.0000	0.0000	0.0000	0.0000	0.0000	0.0000	0.0000	0.0000	0.0000	0.0000	0.0000	0.0000	0.0000	0.0000	5.3497	0.0000	17.2225	0.0000	0.0000	0.0000	0.0000	0.0000	0.0000	0.0000	0.0000	0.0000	0.0000	0.0000	0.0000	0.0000	0.0000	0.0000	0.0000	0.0000	0.0000	0.0000	0.0000	0.0000	0.0000	0.0000	0.0000	0.0000	0.0000	0.0000	0.0000	0.0000	0.0000	0.0000	0.0000	0.0000	0.0000	0.0000	0.0000	0.0000	0.0000	0.0000	0.0000	0.0000	0.0000	0.0000	0.0000	0.0000	0.0000	0.0000	0.0000	0.0000	0.0000	0.0000	0.0000	0.0000	0.0000											
71	150	0.6907	11	1	2	1	0	0	0	0	0	N	Y	N	N	N	N	N	N	N	N	N	N	0.0000	0.0000	0.0000	0.0000	0.0000	0.0000	0.0000	0.0000	0.0000	0.0000	0.0000	0.0000	0.0000	0.0000	0.0000	0.0000	0.0000	0.0000	0.0000	0.0000	0.0000	3.6794	0.0000	17.4287	0.0000	0.0000	0.0000	0.0000	0.0000	0.0000	0.0000	0.0000	0.0000	0.0000	0.0000	0.0000	0.0000	0.0000	0.0000	0.0000	0.0000	0.0000	0.0000	0.0000	0.0000	0.0000	0.0000	0.0000	0.0000	0.0000	0.0000	0.0000	0.0000	0.0000	0.0000	0.0000	0.0000	0.0000	0.0000	0.0000	0.0000	0.0000	0.0000	0.0000	0.0000	0.0000	0.0000	0.0000	0.0000	0.0000	0.0000	0.0000	0.0000	0.0000	0.0000	0.0000	0.0000	0.0000											
71	151	0.6599	10	1	2	1	0	0	0	0	0	N	Y	N	N	N	N	N	N	N	N	N	N	0.0000	0.0000	0.0000	0.0000	0.0000	0.0000	0.0000	0.0000	0.0000	0.0000	0.0000	0.0000	0.0000	0.0000	0.0000	0.0000	0.0000	0.0000	0.0000	0.0000	0.0000	3.4464	0.0000	10.1316	0.0000	0.0000	0.0000	0.0000	0.0000	0.0000	0.0000	0.0000	0.0000	0.0000	0.0000	0.0000	0.0000	0.0000	0.0000	0.0000	0.0000	0.0000	0.0000	0.0000	0.0000	0.0000	0.0000	0.0000	0.0000	0.0000	0.0000	0.0000	0.0000	0.0000	0.0000	0.0000	0.0000	0.0000	0.0000	0.0000	0.0000	0.0000	0.0000	0.0000	0.0000	0.0000	0.0000	0.0000	0.0000	0.0000	0.0000	0.0000	0.0000	0.0000	0.0000	0.0000	0.0000	0.0000											
71	152	0.3894	10	2	2	1	0	0	0	0	0	Y	Y	N	N	N	N	N	N	N	N	N	N	0.0000	0.0000	0.0000	0.0000	0.0000	0.0000	0.0000	0.0000	0.0000	0.0000	0.0000	0.0000	0.0000	0.0000	0.0000	0.0000	0.0000	0.0000	0.0000	0.0000	0.0000	1.0143	0.0000	12.0086	0.0000	0.0000	0.0000	0.0000	0.0000	0.0000	0.0000	0.0000	0.0000	0.0000	0.0000	0.0000	0.0000	0.0000	0.0000	0.0000	0.0000	0.0000	0.0000	0.0000	0.0000	0.0000	0.0000	0.0000	0.0000	0.0000	0.0000	0.0000	0.0000	0.0000	0.0000	0.0000	0.0000	0.0000	0.0000	0.0000	0.0000	0.0000	0.0000	0.0000	0.0000	0.0000	0.0000	0.0000	0.0000	0.0000	0.0000	0.0000	0.0000	0.0000	0.0000	0.0000	0.0000	0.0000											
71	153	0.3871	9	2	2	1	0	0	0	0	0	Y	Y	N	N	N	N	N	N	N	N	N	N	0.0000	0.0000	0.0000	0.0000	0.0000	0.0000	0.0000	0.0000	0.0000	0.0000	0.0000	0.0000	0.0000	0.0000	0.0000	0.0000	0.0000	0.0000	0.0000	0.0000	0.0000	0.9811	0.0000	0.0216	0.0000	0.0000	0.0000	0.0000	0.0000	0.0000	0.0000	0.0000	0.0000	0.0000	0.0000	0.0000	0.0000	0.0000	0.0000	0.0000	0.0000	0.0000	0.0000	0.0000	0.0000	0.0000	0.0000	0.0000	0.0000	0.0000	0.0000	0.0000	0.0000	0.0000	0.0000	0.0000	0.0000	0.0000	0.0000	0.0000	0.0000	0.0000	0.0000	0.0000	0.0000	0.0000	0.0000	0.0000	0.0000	0.0000	0.0000	0.0000	0.0000	0.0000	0.0000	0.0000	0.0000	0.0000											
71	154	0.3826	8	2	2	1	0	0	0	0	0	Y	Y	N	N	N	N	N	N	N	N	N	N	0.0000	0.0000	0.0000	0.0000	0.0000	0.0000	0.0000	0.0000	0.0000	0.0000	0.0000	0.0000	0.0000	0.0000	0.0000	0.0000	0.0000	0.0000	0.0000	0.0000	0.0000	0.0083	0.0000	2.0001	0.0000	0.0000	0.0000	0.0000	0.0000	0.0000	0.0000	0.0000	0.0000	0.0000	0.0000	0.0000	0.0000	0.0000	0.0000	0.0000	0.0000	0.0000	0.0000	0.0000	0.0000	0.0000	0.0000	0.0000	0.0000	0.0000	0.0000	0.0000	0.0000	0.0000	0.0000	0.0000	0.0000	0.0000	0.0000	0.0000	0.0000	0.0000	0.0000	0.0000	0.0000	0.0000	0.0000	0.0000	0.0000	0.0000	0.0000	0.0000	0.0000	0.0000	0.0000	0.0000	0.0000	0.0000											
71	155	0.3590	7	1	2	1	0	0	0	0	0	N	Y	N	N	N	N	N	N	N	N	N	N	0.0000	0.0000	0.0000	0.0000	0.0000	0.0000	0.0000	0.0000	0.0000	0.0000	0.0000	0.0000	0.0000	0.0000	0.0000	0.0000	0.0000	0.0000	0.0000	0.0000	0.0000	2.9180	0.0000	7.4065	0.0000	0.0000	0.0000	0.0000	0.0000	0.0000	0.0000	0.0000	0.0000	0.0000	0.0000	0.0000	0.0000	0.0000	0.0000	0.0000	0.0000	0.0000	0.0000	0.0000	0.0000	0.0000	0.0000	0.0000	0.0000	0.0000	0.0000	0.0000	0.0000	0.0000	0.0000	0.0000	0.0000	0.0000	0.0000	0.0000	0.0000	0.0000	0.0000	0.0000	0.0000	0.0000	0.0000	0.0000	0.0000	0.0000	0.0000	0.0000	0.0000	0.0000	0.0000	0.0000	0.0000	0.0000											
71	156	0.2931	6	1	1	1	0	0	0	0	0	N	N	N	N	N	N	N	N	N	N	N	N	0.0000	0.0000	0.0000	0.0000	0.0000	0.0000	0.0000	0.0000	0.0000	0.0000	0.0000	0.0000	0.0000	0.0000	0.0000	0.0000	0.0000	0.0000	0.0000	0.0000	0.0000	8.2479	0.0000	19.7214	0.0000	0.0000	0.0000	0.0000	0.0000	0.0000	0.0000	0.0000	0.0000	0.0000	0.0000	0.0000	0.0000	0.0000	0.0000	0.0000	0.0000	0.0000	0.0000	0.0000	0.0000	0.0000	0.0000	0.0000	0.0000	0.0000	0.0000	0.0000	0.0000	0.0000	0.0000	0.0000	0.0000	0.0000	0.0000	0.0000	0.0000	0.0000	0.0000	0.0000	0.0000	0.0000	0.0000	0.0000	0.0000	0.0000	0.0000	0.0000	0.0000	0.0000	0.0000	0.0000	0.0000	0.0000											
71	157	0.2570	5	1	1	1	0	0	0	0	0	N	N	N	N	N	N	N	N	N	N	N	N	0.0000	0.0000	0.0000	0.0000	0.0000	0.0000	0.0000	0.0000	0.0000	0.0000	0.0000	0.0000	0.0000	0.0000	0.0000	0.0000	0.0000	0.0000	0.0000	0.0000	0.0000	7.4725	0.0000	14.3153	0.0000	0.0000	0.0000	0.0000	0.0000	0.0000	0.0000	0.0000	0.0000	0.0000	0.0000	0.0000	0.0000	0.0000	0.0000	0.0000	0.0000	0.0000	0.0000	0.0000	0.0000	0.0000	0.0000	0.0000	0.0000	0.0000	0.0000	0.0000	0.0000	0.0000	0.0000	0.0000	0.0000	0.0000	0.0000	0.0000	0.0000	0.0000	0.0000	0.0000	0.0000	0.0000	0.0000	0.0000	0.0000	0.0000	0.0000	0.0000	0.0000	0.0000	0.0000	0.0000	0.0000	0.0000											
71	161	0.7104	14	2	2	1	0	0	0	0	0	Y	Y	N	N	N	N	N	N	N	N	N	N	0.0000	0.0000	0.0000	0.0000	0.0000	0.0000	0.0000	0.0000	0.0000	0.0000	0.0000	0.0000	0.0000	0.0000	0.0000	0.0000	0.0000	0.0000	0.0000	0.0000	0.0000	0.0002	0.0000	3.0099	0.0000	0.0000	0.0000	0.0000	0.0000	0.0000	0.0000	0.0000	0.0000	0.0000	0.0000	0.0000	0.0000	0.0000	0.0000	0.0000	0.0000	0.0000	0.0000	0.0000	0.0000	0.0000	0.0000	0.0000	0.0000	0.0000	0.0000	0.0000	0.0000	0.0000	0.0000	0.0000	0.0000	0.0000	0.0000	0.0000	0.0000	0.0000	0.0000	0.0000	0.0000	0.0000	0.0000	0.0000	0.0000	0.0000	0.0000	0.0000	0.0000	0.0000	0.0000	0.0000	0.0000	0.0000											
71	162	0.7028	13	2	2	1	0	0	0	0	0	Y	Y	N	N	N	N	N	N	N	N	N	N	0.0000	0.0000	0.0000	0.0000	0.0000	0.0000	0.0000	0.0000	0.0000	0.0000	0.0000	0.0000	0.0000	0.0000	0.0000	0.0000	0.0000	0.0000	0.0000	0.0000	0.0000	0.9998	0.0000	2.0118	0.0000	0.0000	0.0000	0.0000	0.0000	0.0000	0.0000	0.0000	0.0000	0.0000	0.0000	0.0000	0.0000	0.0000	0.0000	0.0000	0.0000	0.0000	0.0000	0.0000	0.0000	0.0000	0.0000	0.0000	0.0000	0.0000	0.0000	0.0000	0.0000	0.0000	0.0000	0.0000	0.0000	0.0000	0.0000	0.0000	0.0000	0.0000	0.0000	0.0000	0.0000	0.0000	0.0000	0.0000	0.0000	0.0000	0.0000	0.0000	0.0000	0.0000	0.0000	0.0000	0.0000	0.0000											
71	163	0.7028	12	2	2	1	0	0	0	0	0	Y	Y	N	N	N	N	N	N	N	N	N	N	0.0000	0.0000	0.0000	0.0000	0.0000	0.0000	0.0000	0.0000	0.0000	0.0000	0.0000	0.0000	0.0000	0.0000	0.0000	0.0000	0.0000	0.0000	0.0000	0.0000	0.0000	0.0000	0.0000	0.0003	0.0000	0.0000	0.0000	0.0000	0.0000	0.0000	0.0000	0.0000	0.0000	0.0000	0.0000	0.0000	0.0000	0.0000	0.0000	0.0000	0.0000	0.0000	0.0000	0.0000	0.0000	0.0000	0.0000	0.0000	0.0000	0.0000	0.0000	0.0000	0.0000	0.0000	0.0000	0.0000	0.0000	0.0000	0.0000	0.0000	0.0000	0.0000	0.0000	0.0000	0.0000	0.0000	0.0000	0.0000	0.0000	0.0000	0.0000	0.0000	0.0000	0.0000	0.0000	0.0000	0.0000	0.0000											
71	164	0.6918	11	1	2	1	0	0	0	0	0	N	Y	N	N	N	N	N	N	N	N	N	N	0.0000	0.0000	0.0000	0.0000	0.0000	0.0000	0.0000	0.0000	0.0000	0.0000	0.0000	0.0000	0.0000	0.0000	0.0000	0.0000	0.0000	0.0000	0.0000	0.0000	0.0000	0.0063	0.0000	4.3641	0.0000	0.0000	0.0000	0.0000	0.0000	0.0000	0.0000	0.0000	0.0000	0.0000	0.0000	0.0000	0.0000	0.0000	0.0000	0.0000	0.0000	0.0000	0.0000	0.0000	0.0000	0.0000	0.0000	0.0000	0.0000	0.0000	0.0000	0.0000	0.0000	0.0000	0.0000	0.0000	0.0000	0.0000	0.0000	0.0000	0.0000	0.0000	0.0000	0.0000	0.0000	0.0000	0.0000	0.0000	0.0000	0.0000	0.0000	0.0000	0.0000	0.0000	0.0000	0.0000	0.0000	0.0000											
71	165	0.6599	10	1	1	1	0	0	0	0	0	N	N	N	N	N	N	N	N	N	N	N	N	0.0000	0.0000	0.0000	0.0000	0.0000	0.0000	0.0000	0.0000	0.0000	0.0000	0.0000	0.0000	0.0000	0.0000	0.0000	0.0000	0.0000	0.0000	0.0000	0.0000	0.0000	2.5207	0.0000	10.0226	0.0000	0.0000	0.0000	0.0000	0.0000	0.0000	0.0000	0.0000	0.0000	0.0000	0.0000	0.0000	0.0000	0.0000	0.0000	0.0000	0.0000	0.0000	0.0000	0.0000	0.0000	0.0000	0.0000	0.0000	0.0000	0.0000	0.0000	0.0000	0.0000	0.0000	0.0000	0.0000	0.0000	0.0000	0.0000	0.0000	0.0000	0.0000	0.0000	0.0000	0.0000	0.0000	0.0000	0.0000	0.0000	0.0000	0.0000	0.0000	0.0000	0.0000	0.0000	0.0000	0.0000	0.0000											
71	166	0.6443	9	1	1	1	0	0	0	0	0	N	N	N	N	N	N	N	N	N	N	N	N	0.0000	0.0000	0.0000	0.0000	0.0000	0.0000	0.0000	0.0000	0.0000	0.0000	0.0000	0.0000	0.0000	0.0000	0.0000	0.0000	0.0000	0.0000	0.0000	0.0000	0.0000	2.6894	0.0000	4.6619	0.0000	0.0000	0.0000	0.0000	0.0000	0.0000	0.0000	0.0000	0.0000	0.0000	0.0000	0.0000	0.0000	0.0000	0.0000	0.0000	0.0000	0.0000	0.0000	0.0000	0.0000	0.0000	0.0000	0.0000	0.0000	0.0000	0.0000	0.0000	0.0000	0.0000	0.0000	0.0000	0.0000	0.0000	0.0000	0.0000	0.0000	0.0000	0.0000	0.0000	0.0000	0.0000	0.0000	0.0000	0.0000	0.0000	0.0000	0.0000	0.0000	0.0000	0.0000	0.0000	0.0000	0.0000											
71	167	0.6059	8	1	1	1	0	0	0	0	0	N	N	N	N	N	N	N	N	N	N	N	N	0.0000	0.0000	0.0000	0.0000	0.0000	0.0000	0.0000	0.0000	0.0000	0.0000	0.0000	0.0000	0.0000	0.0000	0.0000	0.0000	0.0000	0.0000	0.0000	0.0000	0.0000	2.7966	0.0000	8.5340	0.0000	0.0000	0.0000	0.0000	0.0000	0.0000	0.0000	0.0000	0.0000	0.0000	0.0000	0.0000	0.0000	0.0000	0.0000	0.0000	0.0000	0.0000	0.0000	0.0000	0.0000	0.0000	0.0000	0.0000	0.0000	0.0000	0.0000	0.0000	0.0000	0.0000	0.0000	0.0000	0.0000	0.0000	0.0000	0.0000	0.0000	0.0000	0.0000	0.0000	0.0000	0.0000	0.0000	0.0000	0.0000	0.0000	0.0000	0.0000	0.0000	0.0000	0.0000	0.0000	0.0000	0.0000											
72	73	0.2931	5	2	2	1	0	0	0	0	0	Y	Y	N	N	N	N	N	N	N	N	N	N	0.6441	0.3180	12.1829	0.2854	0.2842	0.0191	13.5588	9.0000	37.2902	0.0002	0.0001	0.0006	0.0002	0.0002	0.0000	0.0002	0.0000	0.0007	0.0003	0.0004	0.0000	0.0007	0.0008	0.0003	0.0000	0.0000	0.0000	0.6931	0.0595	-0.0000	-0.0000	3.9057	6.9070	1.1104	16.5673	0.0001	0.0000	0.0000	0.0000	0.0000	0.0000	0.0000	0.0000	0.0000	0.0001	0.0001	0.0000	0.0001	0.0001	0.0000	0.0000	0.0000	0.0000	0.3254	0.2874	0.0380	0.1219	0.1157	0.0062	0.2035	0.1717	0.0318	0.2297	0.1600	0.0697	0.0836	0.0762	0.0075	0.1461	0.0839	0.0622	0.6441	0.3180	12.1829	0.2854	0.2842	0.0191	13.5588	9.0000	37.2902	0.0003	0.0004	0.0000	0.0007	0.0008	0.0003	0.0000	0.0000	0.0000
72	74	0.4880	9	1	2	1	1	0	0	0	0	N	Y	N	N	N	N	N	N	N	N	N	N	0.0000	0.0000	0.0007	0.0000	0.0000	0.0000	0.0002	0.0000	0.0007	0.0000	0.0000	0.0000	0.0000	0.0000	0.0000	0.0000	0.0000	0.0000	0.1863	0.2652	0.0163	0.3951	0.4489	0.0002	0.0144	0.0096	0.0196	5.8238	0.0285	0.0000	-0.0157	3.9057	6.4226	1.1104	19.3377	0.0000	0.0000	0.0000	0.0000	0.0000	0.0000	0.0000	0.0000	0.0000	0.0365	0.0354	0.0010	0.0349	0.0349	0.0000	0.0015	0.0005	0.0010	0.1714	0.1481	0.0232	0.0501	0.0463	0.0038	0.1212	0.1018	0.0194	0.1956	0.1337	0.0620	0.0883	0.0778	0.0106	0.1073	0.0559	0.0514	0.0000	0.0000	0.0007	0.0000	0.0000	0.0000	0.0002	0.0000	0.0007	0.1863	0.2652	0.0163	0.3951	0.4489	0.0002	0.0144	0.0096	0.0196
72	75	0.4428	8	1	1	1	1	0	0	0	0	N	N	N	N	N	N	N	N	N	N	N	N	0.2813	0.0049	6.3921	0.0088	0.0083	0.0107	1.8473	0.0010	7.4572	0.0007	0.0000	0.0063	0.0000	0.0000	0.0000	0.0010	0.0000	0.0069	0.0026	0.0034	0.0010	0.0054	0.0058	0.0013	0.0006	0.0002	0.0009	49.3239	0.1330	0.0001	-0.0002	3.9057	5.1932	1.1104	17.4397	0.0001	0.0000	0.0001	0.0000	0.0000	0.0000	0.0001	0.0000	0.0001	0.0006	0.0005	0.0001	0.0005	0.0005	0.0000	0.0001	0.0000	0.0001	0.1598	0.1414	0.0184	0.0493	0.0475	0.0018	0.1105	0.0939	0.0166	0.2121	0.1456	0.0664	0.0904	0.0809	0.0095	0.1217	0.0647	0.0569	0.2813	0.0049	6.3921	0.0088	0.0083	0.0107	1.8473	0.0010	7.4572	0.0026	0.0034	0.0010	0.0054	0.0058	0.0013	0.0006	0.0002	0.0009
72	76	0.4058	7	1	1	1	0	0	0	0	0	N	N	N	N	N	N	N	N	N	N	N	N	1.1840	0.2245	7.5046	0.5085	0.3214	9.6572	2.4354	0.8706	7.2555	0.0007	0.0001	0.0051	0.0005	0.0003	0.0054	0.0008	0.0000	0.0050	0.0006	0.0005	0.0007	0.0010	0.0010	0.0006	0.0003	0.0000	0.0007	5.4116	0.5406	0.0000	-0.0000	3.9057	4.4918	1.1104	17.5337	0.0001	0.0000	0.0001	0.0000	0.0000	0.0000	0.0001	0.0000	0.0001	0.0001	0.0001	0.0000	0.0001	0.0001	0.0000	0.0000	0.0000	0.0000	0.1419	0.1257	0.0162	0.0435	0.0421	0.0014	0.0984	0.0836	0.0148	0.2133	0.1491	0.0642	0.0880	0.0789	0.0090	0.1254	0.0702	0.0552	1.1840	0.2245	7.5046	0.5085	0.3214	9.6572	2.4354	0.8706	7.2555	0.0006	0.0005	0.0007	0.0010	0.0010	0.0006	0.0003	0.0000	0.0007
72	77	0.7018	10	1	1	1	1	0	0	0	0	N	N	N	N	N	N	N	N	N	N	N	N	0.0000	0.0000	0.0000	0.0000	0.0000	0.0000	0.0000	0.0000	0.0000	0.0000	0.0000	0.0000	0.0000	0.0000	0.0000	0.0000	0.0000	0.0000	0.0017	0.0018	0.0016	0.0027	0.0026	0.0035	0.0004	0.0000	0.0009	0.3527	0.0000	-0.0000	3.9057	0.3745	1.1104	14.7996	0.0000	0.0000	0.0000	0.0000	0.0000	0.0000	0.0000	0.0000	0.0000	0.0002	0.0001	0.0000	0.0002	0.0001	0.0000	0.0000	0.0000	0.0000	0.0090	0.0078	0.0012	0.0026	0.0024	0.0002	0.0064	0.0054	0.0010	0.1086	0.0774	0.0312	0.0616	0.0532	0.0084	0.0471	0.0243	0.0228	0.0000	0.0000	0.0000	0.0000	0.0000	0.0000	0.0000	0.0000	0.0000	0.0017	0.0018	0.0016	0.0027	0.0026	0.0035	0.0004	0.0000	0.0009	
72	78	0.6795	9	1	1	1	1	0	0	0	0	N	N	N	N	N	N	N	N	N	N	N	N	0.0000	0.0000	0.0000	0.0000	0.0000	0.0000	0.0000	0.0000	0.0000	0.0000	0.0000	0.0000	0.0000	0.0000	0.0000	0.0000	0.0000	0.0000	0.0007	0.0007	0.0008	0.0007	0.0008	0.0001	0.0007	0.0004	0.0011	0.4791	0.0000	-0.0000	3.9057	1.4595	1.1104	10.3922	0.0000	0.0000	0.0000	0.0000	0.0000	0.0000	0.0000	0.0000	0.0000	0.0001	0.0000	0.0000	0.0000	0.0000	0.0000	0.0000	0.0000	0.0000	0.0349	0.0303	0.0046	0.0102	0.0095	0.0007	0.0247	0.0208	0.0039	0.0963	0.0695	0.0268	0.0549	0.0474	0.0075	0.0414	0.0221	0.0193	0.0000	0.0000	0.0000	0.0000	0.0000	0.0000	0.0000	0.0000	0.0000	0.0007	0.0007	0.0008	0.0007	0.0008	0.0001	0.0007	0.0004	0.0011	
72	79	0.6653	8	1	1	1	1	0	0	0	0	N	N	N	N	N	N	N	N	N	N	N	N	0.0000	0.0000	0.0000	0.0000	0.0000	0.0000	0.0000	0.0000	0.0000	0.0000	0.0000	0.0000	0.0000	0.0000	0.0000	0.0000	0.0000	0.0000	0.0017	0.0017	0.0018	0.0021	0.0021	0.0018	0.0011	0.0006	0.0018	0.3852	0.0000	-0.0000	3.9057	1.3861	1.1104	6.3168	0.0000	0.0000	0.0000	0.0000	0.0000	0.0000	0.0000	0.0000	0.0000	0.0001	0.0001	0.0000	0.0001	0.0001	0.0000	0.0000	0.0000	0.0000	0.0333	0.0289	0.0044	0.0098	0.0091	0.0007	0.0235	0.0198	0.0037	0.0859	0.0633	0.0227	0.0513	0.0437	0.0076	0.0346	0.0196	0.0151	0.0000	0.0000	0.0000	0.0000	0.0000	0.0000	0.0000	0.0000	0.0000	0.0017	0.0017	0.0018	0.0021	0.0021	0.0018	0.0011	0.0006	0.0018	
72	80	0.6059	7	1	1	1	1	0	0	0	0	N	N	N	N	N	N	N	N	N	N	N	N	0.0000	0.0000	0.0000	0.0000	0.0000	0.0000	0.0000	0.0000	0.0000	0.0000	0.0000	0.0000	0.0000	0.0000	0.0000	0.0000	0.0000	0.0000	0.0059	0.0071	0.0032	0.0021	0.0015	0.0047	0.0135	0.0261	0.0020	0.1915	0.0000	-0.0003	3.9057	4.0043	1.1104	19.8631	0.0000	0.0000	0.0000	0.0000	0.0000	0.0000	0.0000	0.0000	0.0000	0.0010	0.0008	0.0002	0.0002	0.0001	0.0001	0.0008	0.0007	0.0001	0.0880	0.0762	0.0119	0.0203	0.0190	0.0013	0.0678	0.0572	0.0106	0.1687	0.1177	0.0509	0.1126	0.0909	0.0217	0.0560	0.0268	0.0292	0.0000	0.0000	0.0000	0.0000	0.0000	0.0000	0.0000	0.0000	0.0000	0.0059	0.0071	0.0032	0.0021	0.0015	0.0047	0.0135	0.0261	0.0020	
72	81	0.1378	3	1	2	2	0	0	0	0	0	N	Y	Y	N	N	N	N	N	N	N	N	N	0.0003	0.0155	0.0000	0.0032	0.0117	0.0000	0.0000	0.0000	0.0000	0.0000	0.0000	0.0000	0.0000	0.0000	0.0000	0.0000	0.0000	0.0108	0.0002	0.0283	0.0024	0.0008	0.0884	0.0128	0.0000	0.0277	0.0000	71.3956	-0.0000	0.0005	3.9057	2.0162	1.1104	4.5500	0.0000	0.0000	0.0000	0.0000	0.0000	0.0000	0.0000	0.0000	0.0000	0.0010	0.0000	0.0010	0.0000	0.0000	0.0000	0.0009	0.0000	0.0009	0.1363	0.1117	0.0246	0.0536	0.0462	0.0074	0.0827	0.0655	0.0172	0.0915	0.0571	0.0344	0.0181	0.0178	0.0003	0.0734	0.0394	0.0340	0.0003	0.0155	0.0000	0.0032	0.0117	0.0000	0.0000	0.0000	0.0000	0.0108	0.0002	0.0283	0.0024	0.0008	0.0884	0.0128	0.0000	0.0277	
72	82	0.7139	11	1	2	2	0	0	0	0	0	N	Y	Y	N	N	N	N	N	N	N	N	N	0.0000	0.0000	0.0000	0.0000	0.0000	0.0000	0.0000	0.0000	0.0000	0.0000	0.0000	0.0000	0.0000	0.0000	0.0000	0.0000	0.0000	0.0000	0.0002	0.0003	0.0000	0.0003	0.0004	0.0000	0.0000	0.0000	0.0000	0.0098	0.0000	-0.0000	3.9057	3.0011	1.1104	3.7015	0.0000	0.0000	0.0000	0.0000	0.0000	0.0000	0.0000	0.0000	0.0000	0.0000	0.0000	0.0000	0.0000	0.0000	0.0000	0.0000	0.0000	0.0000	0.0750	0.0651	0.0099	0.0206	0.0192	0.0014	0.0544	0.0459	0.0085	0.0671	0.0475	0.0197	0.0461	0.0368	0.0093	0.0210	0.0107	0.0103	0.0000	0.0000	0.0000	0.0000	0.0000	0.0000	0.0000	0.0000	0.0000	0.0002	0.0003	0.0000	0.0003	0.0004	0.0000	0.0000	0.0000	0.0000	
72	83	0.7024	10	1	2	1	0	0	0	0	0	N	Y	N	N	N	N	N	N	N	N	N	N	0.0026	0.0000	0.0301	0.0007	0.0000	0.0329	0.0058	0.0000	0.0199	0.0000	0.0000	0.0000	0.0000	0.0000	0.0000	0.0000	0.0000	0.0000	0.0008	0.0009	0.0005	0.0009	0.0011	0.0003	0.0004	0.0001	0.0008	inf	0.2561	0.0000	-0.0000	3.9057	2.0032	1.1104	4.2039	0.0000	0.0000	0.0000	0.0000	0.0000	0.0000	0.0000	0.0000	0.0000	0.0001	0.0000	0.0000	0.0001	0.0000	0.0000	0.0000	0.0000	0.0000	0.0504	0.0438	0.0066	0.0141	0.0132	0.0010	0.0363	0.0307	0.0057	0.0784	0.0542	0.0243	0.0573	0.0432	0.0141	0.0211	0.0109	0.0102	0.0026	0.0000	0.0301	0.0007	0.0000	0.0329	0.0058	0.0000	0.0199	0.0008	0.0009	0.0005	0.0009	0.0011	0.0003	0.0004	0.0001	0.0008
72	84	0.6992	10	2	1	2	0	0	0	0	0	Y	N	Y	N	N	N	N	N	N	N	N	N	447.1975	2872.9143	0.0000	15716.7603	13077.3326	0.0000	0.0000	0.0000	0.0000	0.1950	0.2246	0.0000	0.6978	0.7491	0.0000	0.0000	0.0000	0.0000	0.0004	0.0001	0.0013	0.0000	0.0001	0.0000	0.0015	0.0002	0.0029	0.0000	6.9967	-0.0022	0.0000	3.9057	1.0052	1.1104	4.9545	0.0049	0.0049	0.0000	0.0049	0.0049	0.0000	0.0000	0.0000	0.0000	0.0000	0.0000	0.0000	0.0000	0.0000	0.0000	0.0000	0.0000	0.0000	0.0254	0.0220	0.0033	0.0071	0.0066	0.0005	0.0183	0.0154	0.0029	0.0509	0.0355	0.0154	0.0371	0.0283	0.0088	0.0139	0.0072	0.0066	447.1975	2872.9143	0.0000	15716.7603	13077.3326	0.0000	0.0000	0.0000	0.0000	0.0004	0.0001	0.0013	0.0000	0.0001	0.0000	0.0015	0.0002	0.0029
72	85	0.6798	9	2	1	2	0	0	0	0	0	Y	N	Y	N	N	N	N	N	N	N	N	N	0.0451	0.0387	0.0000	0.3204	0.2575	0.0000	0.0000	0.0000	0.0000	0.0001	0.0001	0.0000	0.0003	0.0003	0.0000	0.0000	0.0000	0.0000	0.0017	0.0023	0.0004	0.0008	0.0011	0.0000	0.0043	0.0073	0.0010	0.0000	0.0768	-0.0000	-0.0001	3.9057	0.9968	1.1104	7.6169	0.0000	0.0000	0.0000	0.0000	0.0000	0.0000	0.0000	0.0000	0.0000	0.0002	0.0001	0.0000	0.0001	0.0001	0.0000	0.0001	0.0001	0.0000	0.0253	0.0220	0.0033	0.0072	0.0067	0.0005	0.0181	0.0153	0.0028	0.0894	0.0619	0.0275	0.0674	0.0504	0.0170	0.0220	0.0115	0.0105	0.0451	0.0387	0.0000	0.3204	0.2575	0.0000	0.0000	0.0000	0.0000	0.0017	0.0023	0.0004	0.0008	0.0011	0.0000	0.0043	0.0073	0.0010
72	86	0.6998	8	2	2	1	0	0	0	0	0	Y	Y	N	N	N	N	N	N	N	N	N	N	0.0810	0.0669	0.0190	0.1464	0.1312	0.0000	0.0005	0.0001	0.0210	0.0033	0.0037	0.0000	0.0091	0.0098	0.0000	0.0000	0.0000	0.0000	0.0401	0.0556	0.0001	0.0621	0.0747	0.0001	0.0009	0.0016	0.0001	0.0001	0.0007	-0.0002	-0.0019	3.9057	5.8060	1.1104	6.1034	0.0005	0.0005	0.0000	0.0005	0.0005	0.0000	0.0000	0.0000	0.0000	0.0041	0.0041	0.0000	0.0041	0.0041	0.0000	0.0000	0.0000	0.0000	0.1651	0.1443	0.0208	0.0591	0.0548	0.0043	0.1060	0.0895	0.0165	0.1023	0.0738	0.0286	0.0657	0.0545	0.0112	0.0366	0.0192	0.0174	0.0810	0.0669	0.0190	0.1464	0.1312	0.0000	0.0005	0.0001	0.0210	0.0401	0.0556	0.0001	0.0621	0.0747	0.0001	0.0009	0.0016	0.0001
72	87	0.6059	7	2	2	1	0	0	0	0	0	Y	Y	N	N	N	N	N	N	N	N	N	N	1.6458	1.8513	1.4218	4.8471	5.6120	0.0046	0.6455	4.2462	1.9814	0.0023	0.0023	0.0026	0.0083	0.0089	0.0000	0.0005	0.0000	0.0029	0.0014	0.0012	0.0018	0.0017	0.0016	0.0023	0.0008	0.0000	0.0015	0.1754	0.6416	-0.0002	-0.0000	3.9057	12.2869	1.1104	21.7146	0.0006	0.0005	0.0001	0.0005	0.0005	0.0000	0.0001	0.0000	0.0001	0.0003	0.0002	0.0001	0.0003	0.0002	0.0001	0.0001	0.0000	0.0001	0.2620	0.2270	0.0350	0.0606	0.0568	0.0038	0.2014	0.1702	0.0312	0.2240	0.1563	0.0677	0.1494	0.1202	0.0292	0.0746	0.0361	0.0385	1.6458	1.8513	1.4218	4.8471	5.6120	0.0046	0.6455	4.2462	1.9814	0.0014	0.0012	0.0018	0.0017	0.0016	0.0023	0.0008	0.0000	0.0015
72	88	0.7024	10	1	2	1	0	0	0	0	0	N	Y	N	N	N	N	N	N	N	N	N	N	1.1917	1.1675	0.0000	5.4779	5.2369	0.0000	0.0000	0.0000	0.0000	0.0024	0.0028	0.0000	0.0086	0.0093	0.0000	0.0000	0.0000	0.0000	0.0020	0.0024	0.0012	0.0016	0.0018	0.0010	0.0032	0.0047	0.0015	0.0000	0.2239	-0.0001	-0.0001	3.9057	4.0005	1.1104	9.0093	0.0002	0.0002	0.0000	0.0002	0.0002	0.0000	0.0000	0.0000	0.0000	0.0003	0.0002	0.0000	0.0001	0.0001	0.0000	0.0001	0.0001	0.0000	0.0997	0.0867	0.0131	0.0278	0.0259	0.0019	0.0719	0.0607	0.0112	0.1262	0.0878	0.0384	0.0919	0.0697	0.0222	0.0343	0.0180	0.0162	1.1917	1.1675	0.0000	5.4779	5.2369	0.0000	0.0000	0.0000	0.0000	0.0020	0.0024	0.0012	0.0016	0.0018	0.0010	0.0032	0.0047	0.0015
72	89	0.6798	9	1	2	1	0	0	0	0	0	N	Y	N	N	N	N	N	N	N	N	N	N	0.0022	0.0041	0.0000	0.0087	0.0161	0.0000	0.0000	0.0000	0.0000	0.0000	0.0000	0.0000	0.0000	0.0000	0.0000	0.0000	0.0000	0.0000	0.0018	0.0011	0.0033	0.0016	0.0009	0.0036	0.0024	0.0019	0.0029	0.0000	1.3261	-0.0000	0.0000	3.9057	1.0051	1.1104	9.2650	0.0000	0.0000	0.0000	0.0000	0.0000	0.0000	0.0000	0.0000	0.0000	0.0002	0.0001	0.0001	0.0001	0.0001	0.0001	0.0001	0.0000	0.0000	0.0255	0.0222	0.0033	0.0073	0.0068	0.0005	0.0183	0.0154	0.0029	0.1011	0.0702	0.0309	0.0760	0.0571	0.0190	0.0251	0.0131	0.0119	0.0022	0.0041	0.0000	0.0087	0.0161	0.0000	0.0000	0.0000	0.0000	0.0018	0.0011	0.0033	0.0016	0.0009	0.0036	0.0024	0.0019	0.0029
72	90	0.7283	9	1	1	2	0	0	0	0	0	N	N	Y	N	N	N	N	N	N	N	N	N	0.0000	0.0000	0.0000	0.0000	0.0000	0.0000	0.0000	0.0000	0.0000	0.0000	0.0000	0.0000	0.0000	0.0000	0.0000	0.0000	0.0000	0.0000	0.0015	0.0017	0.0008	0.0023	0.0025	0.0012	0.0003	0.0000	0.0006	0.1639	0.0000	-0.0000	3.9057	2.3559	1.1104	7.1930	0.0000	0.0000	0.0000	0.0000	0.0000	0.0000	0.0000	0.0000	0.0000	0.0001	0.0001	0.0000	0.0001	0.0001	0.0000	0.0000	0.0000	0.0000	0.0649	0.0573	0.0076	0.0213	0.0201	0.0012	0.0437	0.0372	0.0065	0.0777	0.0578	0.0200	0.0459	0.0396	0.0063	0.0319	0.0182	0.0137	0.0000	0.0000	0.0000	0.0000	0.0000	0.0000	0.0000	0.0000	0.0000	0.0015	0.0017	0.0008	0.0023	0.0025	0.0012	0.0003	0.0000	0.0006	
72	91	0.6954	8	1	1	1	0	0	0	0	0	N	N	N	N	N	N	N	N	N	N	N	N	0.3428	0.4935	0.0000	1.0520	1.0371	0.0000	0.0005	0.0034	0.0000	0.0002	0.0003	0.0000	0.0007	0.0008	0.0000	0.0000	0.0000	0.0000	0.0007	0.0006	0.0012	0.0007	0.0007	0.0005	0.0008	0.0001	0.0018	0.0000	0.7088	-0.0000	-0.0000	3.9057	4.9284	1.1104	11.0439	0.0000	0.0000	0.0000	0.0000	0.0000	0.0000	0.0000	0.0000	0.0000	0.0002	0.0001	0.0001	0.0001	0.0001	0.0000	0.0001	0.0000	0.0001	0.1509	0.1348	0.0161	0.0521	0.0497	0.0025	0.0987	0.0851	0.0136	0.2341	0.1762	0.0579	0.1539	0.1282	0.0257	0.0801	0.0480	0.0321	0.3428	0.4935	0.0000	1.0520	1.0371	0.0000	0.0005	0.0034	0.0000	0.0007	0.0006	0.0012	0.0007	0.0007	0.0005	0.0008	0.0001	0.0018
72	92	0.6059	7	1	1	1	0	0	0	0	0	N	N	N	N	N	N	N	N	N	N	N	N	0.0685	0.1657	0.0053	0.0591	0.0546	0.1514	0.0387	0.1337	0.0000	0.0003	0.0004	0.0001	0.0001	0.0001	0.0005	0.0004	0.0005	0.0000	0.0047	0.0022	0.0105	0.0021	0.0018	0.0034	0.0098	0.0034	0.0159	0.0240	2.0700	-0.0000	0.0002	3.9057	3.9161	1.1104	29.2065	0.0000	0.0000	0.0000	0.0000	0.0000	0.0000	0.0000	0.0000	0.0000	0.0010	0.0003	0.0007	0.0003	0.0002	0.0001	0.0007	0.0001	0.0006	0.0861	0.0745	0.0116	0.0198	0.0186	0.0013	0.0663	0.0559	0.0104	0.2194	0.1531	0.0663	0.1464	0.1178	0.0286	0.0730	0.0353	0.0377	0.0685	0.1657	0.0053	0.0591	0.0546	0.1514	0.0387	0.1337	0.0000	0.0047	0.0022	0.0105	0.0021	0.0018	0.0034	0.0098	0.0034	0.0159
72	93	0.1378	3	2	2	1	0	0	0	0	0	Y	Y	N	N	N	N	N	N	N	N	N	N	34.8917	83.8800	0.0966	9.9324	11.9969	0.0009	54.5583	1313293.3391	0.1366	0.4044	0.4896	0.0020	0.2312	0.2665	0.0001	0.5076	0.6336	0.0027	0.0116	0.0058	0.0205	0.0233	0.0222	0.0689	0.0093	0.0000	0.0201	0.0009	2.2622	-0.0277	0.0003	3.9057	2.5103	1.1104	7.4742	0.0630	0.0629	0.0001	0.0134	0.0134	0.0000	0.0495	0.0495	0.0001	0.0014	0.0004	0.0010	0.0005	0.0004	0.0000	0.0010	0.0000	0.0010	0.1557	0.1285	0.0272	0.0581	0.0504	0.0077	0.0976	0.0781	0.0195	0.1224	0.0745	0.0479	0.0200	0.0196	0.0005	0.1023	0.0549	0.0474	34.8917	83.8800	0.0966	9.9324	11.9969	0.0009	54.5583	1313293.3391	0.1366	0.0116	0.0058	0.0205	0.0233	0.0222	0.0689	0.0093	0.0000	0.0201
72	94	0.1016	2	1	2	1	0	0	0	0	0	N	Y	N	N	N	N	N	N	N	N	N	N	143.7063	129.8249	74.5021	128.8022	114.2245	2880.6370	169.6606	190.9963	14.7480	0.4417	0.5027	0.1281	0.6240	0.6426	0.4809	0.3597	0.4344	0.0289	0.0031	0.0039	0.0017	0.0048	0.0056	0.0002	0.0021	0.0023	0.0020	0.0495	0.2617	-0.0680	-0.0002	3.9057	7.1305	1.1104	3.2426	0.1726	0.1644	0.0081	0.0757	0.0689	0.0067	0.0969	0.0955	0.0014	0.0006	0.0005	0.0001	0.0003	0.0003	0.0000	0.0003	0.0001	0.0001	0.3907	0.3272	0.0636	0.1212	0.1073	0.0139	0.2695	0.2199	0.0496	0.1995	0.1255	0.0740	0.0698	0.0598	0.0100	0.1297	0.0657	0.0640	143.7063	129.8249	74.5021	128.8022	114.2245	2880.6370	169.6606	190.9963	14.7480	0.0031	0.0039	0.0017	0.0048	0.0056	0.0002	0.0021	0.0023	0.0020
72	95	0.6798	9	2	2	1	0	0	0	0	0	Y	Y	N	N	N	N	N	N	N	N	N	N	0.6287	1.2516	0.0000	2.0235	3.3547	0.0000	0.0000	0.0000	0.0005	0.0005	0.0000	0.0016	0.0018	0.0000	0.0000	0.0000	0.0000	0.0007	0.0004	0.0015	0.0008	0.0005	0.0017	0.0005	0.0000	0.0011	0.0000	1.4645	-0.0000	0.0000	3.9057	8.0000	1.1104	22.5660	0.0001	0.0001	0.0000	0.0001	0.0001	0.0000	0.0000	0.0000	0.0000	0.0002	0.0001	0.0001	0.0001	0.0001	0.0001	0.0000	0.0000	0.0000	0.1961	0.1705	0.0256	0.0546	0.0509	0.0037	0.1415	0.1196	0.0219	0.2302	0.1617	0.0685	0.1694	0.1293	0.0401	0.0608	0.0324	0.0284	0.6287	1.2516	0.0000	2.0235	3.3547	0.0000	0.0000	0.0000	0.0000	0.0007	0.0004	0.0015	0.0008	0.0005	0.0017	0.0005	0.0000	0.0011	
72	96	0.6059	7	1	1	1	0	0	0	0	0	N	N	N	N	N	N	N	N	N	N	N	N	3253.1420	3153.4803	0.0000	1727.5444	1685.2075	0.0000	2090.5055	1490.6606	0.0000	3.5180	4.0605	0.0000	1.0450	1.1152	0.0000	4.2615	5.0424	0.0000	0.0011	0.0013	0.0006	0.0006	0.0007	0.0004	0.0020	0.0034	0.0008	0.0000	0.2034	-0.3973	-0.0001	3.9057	11.9964	1.1104	18.8414	0.9008	0.9008	0.0000	0.0619	0.0619	0.0000	0.8389	0.8389	0.0000	0.0002	0.0002	0.0000	0.0001	0.0001	0.0000	0.0001	0.0001	0.0000	0.2560	0.2218	0.0342	0.0592	0.0555	0.0037	0.1969	0.1664	0.0305	0.2073	0.1446	0.0626	0.1384	0.1114	0.0270	0.0689	0.0333	0.0356	3253.1420	3153.4803	0.0000	1727.5444	1685.2075	0.0000	2090.5055	1490.6606	0.0000	0.0011	0.0013	0.0006	0.0006	0.0007	0.0004	0.0020	0.0034	0.0008
72	98	0.7104	11	2	2	2	0	0	0	0	0	Y	Y	Y	N	N	N	N	N	N	N	N	N	0.0041	0.0044	0.0000	0.0125	0.0109	0.0000	0.0000	0.0000	0.0000	0.0000	0.0000	0.0000	0.0000	0.0000	0.0000	0.0000	0.0000	0.0014	0.0015	0.0012	0.0016	0.0019	0.0004	0.0010	0.0000	0.0023	0.0000	0.3229	-0.0000	-0.0000	3.9057	0.9502	1.1104	16.1595	0.0000	0.0000	0.0000	0.0000	0.0000	0.0000	0.0000	0.0000	0.0000	0.0002	0.0002	0.0000	0.0002	0.0002	0.0000	0.0000	0.0000	0.0000	0.0244	0.0213	0.0032	0.0071	0.0067	0.0004	0.0173	0.0146	0.0027	0.1412	0.1005	0.0407	0.1021	0.0780	0.0241	0.0390	0.0224	0.0166	0.0041	0.0044	0.0000	0.0125	0.0109	0.0000	0.0000	0.0000	0.0000	0.0014	0.0015	0.0012	0.0016	0.0019	0.0004	0.0010	0.0000	0.0023	
72	99	0.6059	7	1	2	1	0	0	0	0	0	N	Y	N	N	N	N	N	N	N	N	N	N	2.7096	4.9696	0.0000	11.8657	14.9413	0.0000	0.0820	inf	0.0000	0.0016	0.0018	0.0000	0.0066	0.0070	0.0000	0.0001	0.0001	0.0000	0.0006	0.0004	0.0011	0.0006	0.0005	0.0009	0.0006	0.0000	0.0012	0.0000	1.2766	-0.0002	0.0000	3.9057	11.9964	1.1104	15.6499	0.0004	0.0004	0.0000	0.0004	0.0004	0.0000	0.0000	0.0000	0.0000	0.0001	0.0000	0.0001	0.0001	0.0000	0.0000	0.0000	0.0000	0.0000	0.2560	0.2218	0.0342	0.0592	0.0555	0.0037	0.1969	0.1664	0.0305	0.1899	0.1325	0.0573	0.1268	0.1022	0.0246	0.0631	0.0304	0.0327	2.7096	4.9696	0.0000	11.8657	14.9413	0.0000	0.0820	inf	0.0000	0.0006	0.0004	0.0011	0.0006	0.0005	0.0009	0.0006	0.0000	0.0012
72	100	0.7133	12	2	1	2	0	0	0	0	0	Y	N	Y	N	N	N	N	N	N	N	N	N	0.0002	0.0005	0.0000	0.0008	0.0012	0.0000	0.0000	0.0000	0.0000	0.0000	0.0000	0.0000	0.0000	0.0000	0.0000	0.0000	0.0000	0.0000	0.0005	0.0003	0.0011	0.0005	0.0004	0.0009	0.0006	0.0000	0.0013	0.0000	1.5322	-0.0000	0.0000	3.9057	1.0008	1.1104	13.9255	0.0000	0.0000	0.0000	0.0000	0.0000	0.0000	0.0000	0.0000	0.0000	0.0001	0.0000	0.0000	0.0000	0.0000	0.0000	0.0000	0.0000	0.0000	0.0257	0.0224	0.0033	0.0075	0.0070	0.0005	0.0182	0.0154	0.0028	0.1232	0.0873	0.0358	0.0898	0.0685	0.0213	0.0334	0.0188	0.0146	0.0002	0.0005	0.0000	0.0008	0.0012	0.0000	0.0000	0.0000	0.0000	0.0005	0.0003	0.0011	0.0005	0.0004	0.0009	0.0006	0.0000	0.0013
72	101	0.7104	11	2	1	2	0	0	0	0	0	Y	N	Y	N	N	N	N	N	N	N	N	N	0.0625	0.0534	0.0697	0.3223	0.2691	0.0000	0.0009	0.0000	0.0362	0.0001	0.0001	0.0000	0.0003	0.0004	0.0000	0.0000	0.0000	0.0000	0.0016	0.0021	0.0002	0.0010	0.0013	0.0001	0.0033	0.0052	0.0005	0.0215	0.0410	-0.0000	-0.0000	3.9057	0.0532	1.1104	2.0467	0.0000	0.0000	0.0000	0.0000	0.0000	0.0000	0.0000	0.0000	0.0000	0.0001	0.0001	0.0000	0.0000	0.0000	0.0000	0.0000	0.0000	0.0000	0.0014	0.0012	0.0002	0.0004	0.0004	0.0000	0.0010	0.0008	0.0002	0.0350	0.0256	0.0094	0.0261	0.0202	0.0059	0.0089	0.0054	0.0035	0.0625	0.0534	0.0697	0.3223	0.2691	0.0000	0.0009	0.0000	0.0362	0.0016	0.0021	0.0002	0.0010	0.0013	0.0001	0.0033	0.0052	0.0005
72	102	0.7007	10	2	1	2	0	0	0	0	0	Y	N	Y	N	N	N	N	N	N	N	N	N	1.5735	2.4706	0.0000	6.2125	11.5703	0.0000	0.0000	0.0000	0.0000	0.0028	0.0032	0.0000	0.0095	0.0102	0.0000	0.0000	0.0000	0.0000	0.0018	0.0013	0.0031	0.0015	0.0009	0.0037	0.0025	0.0029	0.0019	0.0000	0.8763	-0.0001	0.0000	3.9057	2.0948	1.1104	3.0326	0.0001	0.0001	0.0000	0.0001	0.0001	0.0000	0.0000	0.0000	0.0000	0.0001	0.0001	0.0001	0.0001	0.0000	0.0000	0.0000	0.0000	0.0000	0.0535	0.0466	0.0069	0.0157	0.0147	0.0010	0.0379	0.0319	0.0059	0.0606	0.0442	0.0164	0.0453	0.0348	0.0104	0.0153	0.0093	0.0060	1.5735	2.4706	0.0000	6.2125	11.5703	0.0000	0.0000	0.0000	0.0000	0.0018	0.0013	0.0031	0.0015	0.0009	0.0037	0.0025	0.0029	0.0019
72	103	0.6798	9	2	1	2	0	0	0	0	0	Y	N	Y	N	N	N	N	N	N	N	N	N	0.0031	0.0025	0.0000	0.0532	0.0472	0.0000	0.0000	0.0000	0.0000	0.0000	0.0000	0.0000	0.0000	0.0000	0.0000	0.0000	0.0000	0.0000	0.0014	0.0020	0.0001	0.0003	0.0004	0.0001	0.0049	0.0093	0.0000	0.0000	0.0170	-0.0000	-0.0001	3.9057	3.9484	1.1104	4.8420	0.0000	0.0000	0.0000	0.0000	0.0000	0.0000	0.0000	0.0000	0.0000	0.0001	0.0001	0.0000	0.0000	0.0000	0.0000	0.0001	0.0001	0.0000	0.0985	0.0856	0.0129	0.0276	0.0257	0.0019	0.0710	0.0599	0.0110	0.0906	0.0628	0.0279	0.0683	0.0511	0.0172	0.0223	0.0117	0.0106	0.0031	0.0025	0.0000	0.0532	0.0472	0.0000	0.0000	0.0000	0.0000	0.0014	0.0020	0.0001	0.0003	0.0004	0.0001	0.0049	0.0093	0.0000
72	104	0.6382	8	1	2	1	0	0	0	0	0	N	Y	N	N	N	N	N	N	N	N	N	N	126.5775	120.6136	0.0000	113.1000	98.8293	0.0000	239.2979	4649.6756	0.0000	3.0654	3.4541	0.0000	3.5162	3.7296	0.0000	2.8099	3.2822	0.0000	0.0242	0.0286	0.0140	0.0311	0.0377	0.0013	0.0117	0.0007	0.0221	0.0000	0.2101	-0.3597	-0.0018	3.9057	8.9557	1.1104	32.3127	0.8155	0.8155	0.0000	0.3383	0.3383	0.0000	0.4772	0.4772	0.0000	0.0063	0.0052	0.0011	0.0052	0.0051	0.0000	0.0011	0.0000	0.0010	0.2660	0.2361	0.0299	0.0962	0.0907	0.0055	0.1698	0.1454	0.0244	0.2589	0.1809	0.0780	0.1669	0.1365	0.0305	0.0920	0.0445	0.0475	126.5775	120.6136	0.0000	113.1000	98.8293	0.0000	239.2979	4649.6756	0.0000	0.0242	0.0286	0.0140	0.0311	0.0377	0.0013	0.0117	0.0007	0.0221
72	105	0.6637	9	1	1	2	0	0	0	0	0	N	N	Y	N	N	N	N	N	N	N	N	N	0.0000	0.0000	0.0000	0.0000	0.0000	0.0000	0.0000	0.0000	0.0000	0.0000	0.0000	0.0000	0.0000	0.0000	0.0000	0.0000	0.0000	0.0000	0.0004	0.0004	0.0003	0.0004	0.0003	0.0009	0.0003	0.0007	0.0000	0.3830	-0.0000	-0.0000	3.9057	4.2679	1.1104	7.8415	0.0000	0.0000	0.0000	0.0000	0.0000	0.0000	0.0000	0.0000	0.0000	0.0000	0.0000	0.0000	0.0000	0.0000	0.0000	0.0000	0.0000	0.0000	0.1283	0.1121	0.0161	0.0509	0.0468	0.0041	0.0774	0.0653	0.0120	0.0977	0.0678	0.0299	0.0627	0.0516	0.0111	0.0350	0.0162	0.0188	0.0000	0.0000	0.0000	0.0000	0.0000	0.0000	0.0000	0.0000	0.0000	0.0004	0.0004	0.0003	0.0004	0.0003	0.0009	0.0003	0.0007	0.0000	
72	106	0.6382	8	1	1	1	0	0	0	0	0	N	N	N	N	N	N	N	N	N	N	N	N	3644.8774	4861.1346	0.0000	11509.1306	11685.0733	0.0000	0.0029	0.0041	0.0000	5.1864	5.6321	0.0000	10.4409	10.8945	0.0000	0.0000	0.0000	0.0000	0.0014	0.0012	0.0021	0.0009	0.0009	0.0008	0.0024	0.0019	0.0028	0.0000	0.7407	-0.2298	-0.0000	3.9057	1.9301	1.1104	9.0954	0.5210	0.5210	0.0000	0.5210	0.5210	0.0000	0.0000	0.0000	0.0000	0.0001	0.0001	0.0001	0.0001	0.0000	0.0000	0.0001	0.0000	0.0000	0.1005	0.0925	0.0080	0.0499	0.0478	0.0021	0.0506	0.0447	0.0059	0.0922	0.0650	0.0271	0.0603	0.0500	0.0104	0.0319	0.0151	0.0168	3644.8774	4861.1346	0.0000	11509.1306	11685.0733	0.0000	0.0029	0.0041	0.0000	0.0014	0.0012	0.0021	0.0009	0.0009	0.0008	0.0024	0.0019	0.0028
72	107	0.6059	7	1	1	1	0	0	0	0	0	N	N	N	N	N	N	N	N	N	N	N	N	0.3173	9.9518	0.0000	19.6090	33.3289	0.0000	0.0000	0.0000	0.0000	0.0036	0.0041	0.0000	0.0155	0.0166	0.0000	0.0000	0.0000	0.0000	0.0113	0.0004	0.0363	0.0008	0.0005	0.0021	0.0317	0.0001	0.0596	0.0000	37.8631	-0.0001	0.0006	3.9057	3.9049	1.1104	9.6098	0.0003	0.0003	0.0000	0.0003	0.0003	0.0000	0.0000	0.0000	0.0000	0.0012	0.0000	0.0012	0.0001	0.0000	0.0000	0.0011	0.0000	0.0011	0.0859	0.0743	0.0116	0.0198	0.0185	0.0013	0.0661	0.0558	0.0104	0.1069	0.0746	0.0323	0.0708	0.0577	0.0131	0.0361	0.0169	0.0192	0.3173	9.9518	0.0000	19.6090	33.3289	0.0000	0.0000	0.0000	0.0000	0.0113	0.0004	0.0363	0.0008	0.0005	0.0021	0.0317	0.0001	0.0596
72	108	0.6271	9	1	2	1	0	0	0	0	0	N	Y	N	N	N	N	N	N	N	N	N	N	0.0000	0.0000	0.0000	0.0000	0.0000	0.0000	0.0000	0.0000	0.0000	0.0000	0.0000	0.0000	0.0000	0.0000	0.0000	0.0000	0.0000	0.0000	0.0005	0.0002	0.0012	0.0005	0.0002	0.0016	0.0006	0.0002	0.0009	2.4076	0.0000	0.0000	3.9057	8.0392	1.1104	22.6195	0.0000	0.0000	0.0000	0.0000	0.0000	0.0000	0.0000	0.0000	0.0000	0.0001	0.0000	0.0001	0.0001	0.0000	0.0000	0.0000	0.0000	0.0000	0.1889	0.1641	0.0248	0.0509	0.0475	0.0034	0.1379	0.1166	0.0214	0.2076	0.1438	0.0638	0.1271	0.1025	0.0246	0.0805	0.0413	0.0392	0.0000	0.0000	0.0000	0.0000	0.0000	0.0000	0.0000	0.0000	0.0000	0.0005	0.0002	0.0012	0.0005	0.0002	0.0016	0.0006	0.0002	0.0009	
72	109	0.6271	8	1	1	1	0	0	0	0	0	N	N	N	N	N	N	N	N	N	N	N	N	0.0000	0.0000	0.0000	0.0000	0.0000	0.0000	0.0000	0.0000	0.0000	0.0000	0.0000	0.0000	0.0000	0.0000	0.0000	0.0000	0.0000	0.0000	0.0012	0.0008	0.0026	0.0015	0.0012	0.0044	0.0007	0.0000	0.0019	0.9948	0.0000	0.0000	3.9057	0.2031	1.1104	2.0398	0.0000	0.0000	0.0000	0.0000	0.0000	0.0000	0.0000	0.0000	0.0000	0.0000	0.0000	0.0000	0.0000	0.0000	0.0000	0.0000	0.0000	0.0000	0.0049	0.0043	0.0007	0.0013	0.0012	0.0001	0.0036	0.0030	0.0006	0.0352	0.0273	0.0080	0.0198	0.0177	0.0021	0.0154	0.0096	0.0058	0.0000	0.0000	0.0000	0.0000	0.0000	0.0000	0.0000	0.0000	0.0000	0.0012	0.0008	0.0026	0.0015	0.0012	0.0044	0.0007	0.0000	0.0019	
72	110	0.0319	2	2	1	2	0	0	0	0	0	Y	N	Y	N	N	N	N	N	N	N	N	N	0.0008	0.0007	0.0007	0.0007	0.0000	0.0001	0.0000	0.0001	0.0001	0.0000	0.0000	0.0000	0.0000	0.0543	0.0798	0.0000	0.1117	0.1119	0.0000	0.0000	0.0000	0.0000	0.0000	0.0000	-0.0000	-0.0000	3.9057	0.0001	1.1104	0.0001	0.0000	0.0000	0.0000	0.0000	0.0000	0.0000	0.0000	0.0000	0.0000	0.0000	0.0000	0.0000	0.0000	0.0000	0.0000	0.0000	0.0000	0.0000	0.0060	0.0042	0.0018	0.0030	0.0030	0.0000	0.0030	0.0012	0.0018	0.0001	0.0000	0.0000	0.0000	0.0000	0.0000	0.0000	0.0000	0.0000	0.0008	0.0007	0.0000	0.0007	0.0007	0.0000	0.0000	0.0000	0.0000	0.0543	0.0798	0.0000	0.1117	0.1119	0.0000	0.0000	0.0000	0.0000					
72	115	0.6861	9	2	1	2	0	0	0	0	0	Y	N	Y	N	N	N	N	N	N	N	N	N	7.7606	6.4429	0.0000	21.3390	18.1252	0.0000	4.9912	3.5002	0.0000	0.0357	0.0412	0.0000	0.1305	0.1404	0.0000	0.0048	0.0057	0.0000	0.0046	0.0064	0.0001	0.0061	0.0077	0.0000	0.0010	0.0016	0.0002	0.0000	0.0065	-0.0004	-0.0001	3.9057	1.0009	1.1104	4.0038	0.0009	0.0009	0.0000	0.0008	0.0008	0.0000	0.0001	0.0001	0.0000	0.0002	0.0002	0.0000	0.0002	0.0002	0.0000	0.0000	0.0000	0.0000	0.0249	0.0215	0.0033	0.0061	0.0057	0.0004	0.0188	0.0159	0.0029	0.0392	0.0280	0.0112	0.0277	0.0218	0.0058	0.0115	0.0061	0.0054	7.7606	6.4429	0.0000	21.3390	18.1252	0.0000	4.9912	3.5002	0.0000	0.0046	0.0064	0.0001	0.0061	0.0077	0.0000	0.0010	0.0016	0.0002
72	116	0.6578	8	2	1	2	0	0	0	0	0	Y	N	Y	N	N	N	N	N	N	N	N	N	1250.4869	160594.5390	0.0001	66208.0607	329201.1573	0.0078	0.1143	721.9129	0.0000	11.9694	13.7147	0.0000	33.1370	35.0624	0.0000	0.0037	0.0044	0.0000	0.0096	0.0001	0.0358	0.0005	0.0001	0.0022	0.0320	0.0000	0.0691	0.0000	151.6551	-0.3572	0.0005	3.9057	1.8441	1.1104	10.4794	0.8099	0.8099	0.0000	0.8097	0.8097	0.0000	0.0002	0.0002	0.0000	0.0010	0.0000	0.0010	0.0000	0.0000	0.0000	0.0010	0.0000	0.0010	0.0677	0.0591	0.0086	0.0244	0.0231	0.0013	0.0432	0.0360	0.0073	0.1052	0.0773	0.0280	0.0750	0.0610	0.0139	0.0303	0.0162	0.0140	1250.4869	160594.5390	0.0001	66208.0607	329201.1573	0.0078	0.1143	721.9129	0.0000	0.0096	0.0001	0.0358	0.0005	0.0001	0.0022	0.0320	0.0000	0.0691
72	117	0.3697	6	1	2	1	1	0	0	0	0	N	Y	N	N	N	N	N	N	N	N	N	N	3435.6470	3155.0637	0.1364	1204.7658	1175.9274	0.7127	17516.8348	111866.5025	0.0051	1.4376	1.6133	0.0000	1.0148	1.0553	0.0002	1.6312	1.8995	0.0000	0.0004	0.0005	0.0002	0.0008	0.0009	0.0003	0.0001	0.0000	0.0002	0.0000	0.1754	-0.2236	-0.0000	3.9057	10.5071	1.1104	20.2622	0.5069	0.5069	0.0000	0.1124	0.1124	0.0000	0.3945	0.3945	0.0000	0.0001	0.0001	0.0000	0.0001	0.0001	0.0000	0.0000	0.0000	0.0000	0.3526	0.3142	0.0384	0.1108	0.1065	0.0043	0.2418	0.2077	0.0342	0.3300	0.2297	0.1003	0.1433	0.1290	0.0143	0.1867	0.1007	0.0860	3435.6470	3155.0637	0.1364	1204.7658	1175.9274	0.7127	17516.8348	111866.5025	0.0051	0.0004	0.0005	0.0002	0.0008	0.0009	0.0003	0.0001	0.0000	0.0002
72	118	0.6059	7	1	2	1	1	0	0	0	0	N	Y	N	N	N	N	N	N	N	N	N	N	0.0000	0.0000	0.0000	0.0000	0.0000	0.0000	0.0000	0.0000	0.0000	0.0000	0.0000	0.0000	0.0000	0.0000	0.0000	0.0000	0.0000	0.0016	0.0009	0.0031	0.0012	0.0012	0.0012	0.0024	0.0000	0.0046	1.4889	0.0000	0.0000	3.9057	4.0036	1.1104	26.5072	0.0000	0.0000	0.0000	0.0000	0.0000	0.0000	0.0000	0.0000	0.0000	0.0003	0.0001	0.0002	0.0002	0.0001	0.0000	0.0002	0.0000	0.0002	0.0879	0.0760	0.0119	0.0202	0.0189	0.0013	0.0676	0.0570	0.0106	0.2051	0.1432	0.0620	0.1370	0.1103	0.0267	0.0682	0.0329	0.0353	0.0000	0.0000	0.0000	0.0000	0.0000	0.0000	0.0000	0.0000	0.0000	0.0016	0.0009	0.0031	0.0012	0.0012	0.0012	0.0024	0.0000	0.0046		
72	119	0.6443	8	1	2	1	0	0	0	0	0	N	Y	N	N	N	N	N	N	N	N	N	N	0.1264	0.1054	0.0000	0.2117	0.1778	0.0000	0.0000	0.0000	0.0000	0.0245	0.0272	0.0000	0.0536	0.0556	0.0000	0.0000	0.0000	0.0000	0.1935	0.2583	0.0195	0.2533	0.3126	0.0011	0.0318	0.0250	0.0389	0.0000	0.0281	-0.0016	-0.0159	3.9057	3.8169	1.1104	21.2433	0.0036	0.0036	0.0000	0.0036	0.0036	0.0000	0.0000	0.0000	0.0000	0.0369	0.0358	0.0010	0.0352	0.0352	0.0000	0.0016	0.0007	0.0010	0.1453	0.1306	0.0148	0.0663	0.0639	0.0023	0.0791	0.0666	0.0124	0.1905	0.1388	0.0517	0.1390	0.1126	0.0265	0.0514	0.0262	0.0252	0.1264	0.1054	0.0000	0.2117	0.1778	0.0000	0.0000	0.0000	0.0000	0.1935	0.2583	0.0195	0.2533	0.3126	0.0011	0.0318	0.0250	0.0389
72	120	0.4232	8	1	2	1	0	0	0	0	0	N	Y	N	N	N	N	N	N	N	N	N	N	0.0168	0.0029	0.6244	0.0707	0.0654	0.2309	0.0109	0.0000	1.4036	0.0002	0.0000	0.0013	0.0002	0.0002	0.0021	0.0002	0.0000	0.0012	0.0117	0.0162	0.0021	0.0031	0.0023	0.0091	0.0172	0.0304	0.0009	3.7738	0.0606	0.0000	-0.0018	3.9057	16.3276	1.1104	34.9199	0.0001	0.0000	0.0001	0.0000	0.0000	0.0000	0.0001	0.0000	0.0001	0.0045	0.0042	0.0003	0.0005	0.0003	0.0002	0.0040	0.0039	0.0001	0.4533	0.3994	0.0539	0.1282	0.1236	0.0046	0.3251	0.2758	0.0492	0.3836	0.2615	0.1221	0.1502	0.1321	0.0181	0.2334	0.1294	0.1040	0.0168	0.0029	0.6244	0.0707	0.0654	0.2309	0.0109	0.0000	1.4036	0.0117	0.0162	0.0021	0.0031	0.0023	0.0091	0.0172	0.0304	0.0009
72	121	0.4058	7	1	2	1	0	0	0	0	0	N	Y	N	N	N	N	N	N	N	N	N	N	1.2630	0.7058	4.5194	1.5679	1.3725	5.0541	1.2257	0.3293	5.2585	0.0010	0.0005	0.0050	0.0017	0.0011	0.0174	0.0007	0.0002	0.0039	0.0008	0.0007	0.0011	0.0011	0.0008	0.0034	0.0006	0.0005	0.0007	1.4445	0.7192	0.0000	-0.0000	3.9057	6.1757	1.1104	14.5601	0.0002	0.0001	0.0001	0.0001	0.0001	0.0000	0.0001	0.0000	0.0001	0.0002	0.0001	0.0001	0.0001	0.0001	0.0000	0.0001	0.0000	0.0000	0.1827	0.1611	0.0216	0.0529	0.0510	0.0019	0.1298	0.1101	0.0197	0.2058	0.1442	0.0616	0.0854	0.0767	0.0087	0.1205	0.0675	0.0530	1.2630	0.7058	4.5194	1.5679	1.3725	5.0541	1.2257	0.3293	5.2585	0.0008	0.0007	0.0011	0.0011	0.0008	0.0034	0.0006	0.0005	0.0007
72	122	0.3528	6	1	1	1	0	0	0	0	0	N	N	N	N	N	N	N	N	N	N	N	N	1.0924	1.2554	0.6390	1.1743	1.6737	0.1527	1.3566	0.7945	4.0849	0.0043	0.0044	0.0030	0.0119	0.0122	0.0054	0.0004	0.0000	0.0027	0.0039	0.0035	0.0047	0.0102	0.0073	0.0355	0.0003	0.0000	0.0007	0.0856	0.6299	-0.0004	-0.0001	3.9057	7.5400	1.1104	21.4192	0.0011	0.0010	0.0001	0.0010	0.0010	0.0000	0.0001	0.0000	0.0001	0.0010	0.0006	0.0004	0.0010	0.0006	0.0003	0.0001	0.0000	0.0000	0.2536	0.2253	0.0283	0.0848	0.0815	0.0032	0.1688	0.1438	0.0251	0.2596	0.1765	0.0831	0.0947	0.0851	0.0096	0.1648	0.0914	0.0734	1.0924	1.2554	0.6390	1.1743	1.6737	0.1527	1.3566	0.7945	4.0849	0.0039	0.0035	0.0047	0.0102	0.0073	0.0355	0.0003	0.0000	0.0007
72	123	0.6798	9	1	2	1	0	0	0	0	0	N	Y	N	N	N	N	N	N	N	N	N	N	0.0000	0.0000	0.0000	0.0000	0.0000	0.0000	0.0000	0.0000	0.0000	0.0000	0.0000	0.0000	0.0000	0.0000	0.0000	0.0000	0.0000	0.0007	0.0005	0.0012	0.0006	0.0006	0.0006	0.0010	0.0000	0.0022	1.0246	0.0000	0.0000	3.9057	4.0019	1.1104	19.5615	0.0000	0.0000	0.0000	0.0000	0.0000	0.0000	0.0000	0.0000	0.0000	0.0001	0.0001	0.0001	0.0001	0.0001	0.0000	0.0000	0.0000	0.0000	0.0998	0.0868	0.0131	0.0279	0.0260	0.0019	0.0719	0.0607	0.0112	0.1886	0.1322	0.0564	0.1396	0.1062	0.0334	0.0490	0.0260	0.0229	0.0000	0.0000	0.0000	0.0000	0.0000	0.0000	0.0000	0.0000	0.0000	0.0007	0.0005	0.0012	0.0006	0.0006	0.0006	0.0010	0.0000	0.0022		
72	124	0.6578	8	1	1	1	0	0	0	0	0	N	N	N	N	N	N	N	N	N	N	N	N	3604.4497	3135.1267	0.0470	823.2055	721.8422	0.3277	4036.6084	2758.3442	0.0105	3.8814	4.4406	0.0000	0.7654	0.8074	0.0000	5.8644	7.0906	0.0000	0.0011	0.0014	0.0001	0.0009	0.0011	0.0001	0.0015	0.0026	0.0001	0.0000	0.0247	-0.0897	-0.0000	3.9057	1.2223	1.1104	8.2281	0.2034	0.2034	0.0000	0.0156	0.0156	0.0000	0.1878	0.1878	0.0000	0.0001	0.0001	0.0000	0.0001	0.0001	0.0000	0.0000	0.0000	0.0000	0.0524	0.0458	0.0066	0.0204	0.0193	0.0011	0.0320	0.0265	0.0055	0.0871	0.0646	0.0225	0.0626	0.0514	0.0112	0.0245	0.0133	0.0112	3604.4497	3135.1267	0.0470	823.2055	721.8422	0.3277	4036.6084	2758.3442	0.0105	0.0011	0.0014	0.0001	0.0009	0.0011	0.0001	0.0015	0.0026	0.0001
72	125	0.6059	7	1	1	1	0	0	0	0	0	N	N	N	N	N	N	N	N	N	N	N	N	2.1380	3.9425	0.8498	10.1130	12.8392	6.7386	0.0619	0.0000	0.2185	0.0028	0.0029	0.0023	0.0119	0.0117	0.0157	0.0001	0.0000	0.0006	0.0013	0.0007	0.0027	0.0012	0.0009	0.0023	0.0016	0.0002	0.0029	0.1212	1.5629	-0.0001	0.0000	3.9057	5.9920	1.1104	12.2976	0.0004	0.0003	0.0000	0.0004	0.0003	0.0000	0.0000	0.0000	0.0000	0.0002	0.0001	0.0001	0.0001	0.0001	0.0000	0.0001	0.0000	0.0001	0.1308	0.1132	0.0176	0.0301	0.0282	0.0019	0.1006	0.0849	0.0157	0.1361	0.0950	0.0411	0.0906	0.0734	0.0172	0.0454	0.0216	0.0239	2.1380	3.9425	0.8498	10.1130	12.8392	6.7386	0.0619	0.0000	0.2185	0.0013	0.0007	0.0027	0.0012	0.0009	0.0023	0.0016	0.0002	0.0029
72	126	0.6430	9	1	2	1	0	0	0	0	0	N	Y	N	N	N	N	N	N	N	N	N	N	0.0000	0.0000	0.0000	0.0000	0.0000	0.0000	0.0000	0.0000	0.0000	0.0000	0.0000	0.0000	0.0000	0.0000	0.0000	0.0000	0.0000	0.0000	0.0008	0.0003	0.0019	0.0010	0.0004	0.0037	0.0004	0.0000	0.0008	3.0589	0.0000	0.0000	3.9057	5.0407	1.1104	17.1705	0.0000	0.0000	0.0000	0.0000	0.0000	0.0000	0.0000	0.0000	0.0000	0.0001	0.0000	0.0001	0.0001	0.0000	0.0001	0.0000	0.0000	0.0000	0.1221	0.1061	0.0160	0.0346	0.0322	0.0024	0.0875	0.0739	0.0136	0.1633	0.1143	0.0490	0.1001	0.0813	0.0188	0.0632	0.0330	0.0302	0.0000	0.0000	0.0000	0.0000	0.0000	0.0000	0.0000	0.0000	0.0000	0.0008	0.0003	0.0019	0.0010	0.0004	0.0037	0.0004	0.0000	0.0008	
72	127	0.6271	8	1	2	1	0	0	0	0	0	N	Y	N	N	N	N	N	N	N	N	N	N	0.0000	0.0000	0.0000	0.0000	0.0000	0.0000	0.0000	0.0000	0.0000	0.0000	0.0000	0.0000	0.0000	0.0000	0.0000	0.0000	0.0000	0.0000	0.0005	0.0004	0.0010	0.0007	0.0005	0.0013	0.0004	0.0000	0.0008	1.0399	0.0000	0.0000	3.9057	1.9703	1.1104	6.2034	0.0000	0.0000	0.0000	0.0000	0.0000	0.0000	0.0000	0.0000	0.0000	0.0000	0.0000	0.0000	0.0000	0.0000	0.0000	0.0000	0.0000	0.0000	0.0474	0.0411	0.0063	0.0128	0.0119	0.0009	0.0346	0.0292	0.0054	0.0748	0.0540	0.0208	0.0448	0.0374	0.0075	0.0299	0.0166	0.0133	0.0000	0.0000	0.0000	0.0000	0.0000	0.0000	0.0000	0.0000	0.0000	0.0005	0.0004	0.0010	0.0007	0.0005	0.0013	0.0004	0.0000	0.0008	
72	128	0.6059	7	1	1	1	0	0	0	0	0	N	N	N	N	N	N	N	N	N	N	N	N	0.0000	0.0000	0.0000	0.0000	0.0000	0.0000	0.0000	0.0000	0.0000	0.0000	0.0000	0.0000	0.0000	0.0000	0.0000	0.0000	0.0000	0.0000	0.0039	0.0013	0.0099	0.0035	0.0017	0.0116	0.0048	0.0000	0.0089	3.2073	0.0000	0.0001	3.9057	1.1032	1.1104	7.8190	0.0000	0.0000	0.0000	0.0000	0.0000	0.0000	0.0000	0.0000	0.0000	0.0003	0.0001	0.0002	0.0002	0.0001	0.0001	0.0001	0.0000	0.0001	0.0245	0.0212	0.0033	0.0056	0.0053	0.0004	0.0189	0.0159	0.0030	0.0777	0.0542	0.0235	0.0507	0.0418	0.0089	0.0270	0.0124	0.0146	0.0000	0.0000	0.0000	0.0000	0.0000	0.0000	0.0000	0.0000	0.0000	0.0039	0.0013	0.0099	0.0035	0.0017	0.0116	0.0048	0.0000	0.0089	
72	129	0.3821	7	1	2	1	0	0	0	0	0	N	Y	N	N	N	N	N	N	N	N	N	N	0.0436	0.9707	0.0000	0.6107	1.0060	0.0000	0.0000	0.0000	0.0000	0.0000	0.0000	0.0000	0.0000	0.0000	0.0000	0.0000	0.0000	0.0000	0.0001	0.0000	0.0003	0.0000	0.0000	0.0001	0.0001	0.0000	0.0003	0.0000	23.2638	-0.0000	0.0000	3.9057	1.0033	1.1104	0.8635	0.0000	0.0000	0.0000	0.0000	0.0000	0.0000	0.0000	0.0000	0.0000	0.0000	0.0000	0.0000	0.0000	0.0000	0.0000	0.0000	0.0000	0.0000	0.2480	0.2001	0.0479	0.1433	0.1297	0.0136	0.1047	0.0704	0.0343	0.1115	0.0826	0.0289	0.0538	0.0516	0.0021	0.0577	0.0309	0.0268	0.0436	0.9707	0.0000	0.6107	1.0060	0.0000	0.0000	0.0000	0.0000	0.0001	0.0000	0.0003	0.0000	0.0000	0.0001	0.0001	0.0000	0.0003
72	130	0.3528	6	1	1	1	0	0	0	0	0	N	N	N	N	N	N	N	N	N	N	N	N	115.7439	11.3391	861.0179	16.8642	2.6288	140.5226	221.0481	21.1786	1320.6877	0.9999	0.0913	8.5996	0.1989	0.0254	4.8439	1.4510	0.1332	9.1188	0.0086	0.0080	0.0100	0.0118	0.0097	0.0345	0.0066	0.0063	0.0069	11.2668	0.5436	0.0985	-0.0002	3.9057	5.5514	1.1104	9.9598	0.2064	0.0168	0.1896	0.0148	0.0018	0.0130	0.1916	0.0150	0.1766	0.0016	0.0010	0.0006	0.0008	0.0006	0.0002	0.0007	0.0004	0.0003	0.2064	0.1844	0.0220	0.0744	0.0717	0.0027	0.1321	0.1127	0.0194	0.1816	0.1263	0.0553	0.0720	0.0659	0.0062	0.1095	0.0604	0.0491	115.7439	11.3391	861.0179	16.8642	2.6288	140.5226	221.0481	21.1786	1320.6877	0.0086	0.0080	0.0100	0.0118	0.0097	0.0345	0.0066	0.0063	0.0069
72	131	0.3225	5	1	1	1	0	0	0	0	0	N	N	N	N	N	N	N	N	N	N	N	N	0.4880	0.3449	3.4868	0.5784	0.5439	3.2479	1.4051	2.2245	3.5008	0.0162	0.0156	0.0201	0.0480	0.0491	0.0176	0.0041	0.0013	0.0203	0.0331	0.0454	0.0058	0.0830	0.0903	0.0054	0.0029	0.0006	0.0058	0.1666	0.0569	-0.0014	-0.0032	3.9057	9.1969	1.1104	13.4651	0.0047	0.0040	0.0007	0.0038	0.0038	0.0000	0.0009	0.0002	0.0006	0.0079	0.0075	0.0004	0.0075	0.0074	0.0000	0.0004	0.0000	0.0004	0.2893	0.2560	0.0333	0.0794	0.0767	0.0027	0.2099	0.1793	0.0306	0.2392	0.1651	0.0741	0.0901	0.0824	0.0077	0.1491	0.0827	0.0664	0.4880	0.3449	3.4868	0.5784	0.5439	3.2479	1.4051	2.2245	3.5008	0.0331	0.0454	0.0058	0.0830	0.0903	0.0054	0.0029	0.0006	0.0058
72	132	0.7028	11	2	2	1	1	0	0	0	0	Y	Y	N	N	N	N	N	N	N	N	N	N	0.0000	0.0000	0.0000	0.0000	0.0000	0.0000	0.0000	0.0000	0.0000	0.0000	0.0000	0.0000	0.0000	0.0000	0.0000	0.0000	0.0000	0.0000	0.0000	0.0000	3.9057	1.0000	1.1104	3.0001	0.0000	0.0000	0.0000	0.0000	0.0000	0.0000	0.0000	0.0000	0.0000	0.0000	0.0000	0.0000	0.0000	0.0000	0.0000	0.0000	0.0000	0.0000	0.0244	0.0211	0.0033	0.0060	0.0056	0.0004	0.0183	0.0155	0.0029	0.0280	0.0200	0.0080	0.0209	0.0165	0.0044	0.0071	0.0035	0.0036	0.0000	0.0000	0.0000	0.0000	0.0000	0.0000	0.0000	0.0000	0.0000	0.0000	0.0000	0.0000	0.0000	0.0000	0.0000	0.0000	0.0000	0.0000											
72	133	0.4039	9	2	2	1	1	0	0	0	0	Y	Y	N	N	N	N	N	N	N	N	N	N	0.0000	0.0000	0.0000	0.0000	0.0000	0.0000	0.0000	0.0000	0.0000	0.0000	0.0000	0.0000	0.0000	0.0000	0.0000	0.0000	0.0000	0.0000	0.0000	0.0000	0.0000	0.0000	0.0000	0.0000	-0.0000	3.9057	0.0006	1.1104	1.9797	0.0000	0.0000	0.0000	0.0000	0.0000	0.0000	0.0000	0.0000	0.0000	0.0000	0.0000	0.0000	0.0000	0.0000	0.0000	0.0000	0.0000	0.0000	0.0000	0.0000	0.0000	0.0000	0.0000	0.0000	0.0000	0.0000	0.0000	0.0131	0.0086	0.0045	0.0042	0.0036	0.0006	0.0089	0.0050	0.0039	0.0000	0.0000	0.0000	0.0000	0.0000	0.0000	0.0000	0.0000	0.0000	0.0000	0.0000	0.0000	0.0000	0.0000	0.0000	0.0000	0.0000	0.0000						
72	134	0.3871	8	2	2	1	1	0	0	0	0	Y	Y	N	N	N	N	N	N	N	N	N	N	0.0000	0.0000	0.0000	0.0000	0.0000	0.0000	0.0000	0.0000	0.0000	0.0000	0.0000	0.0000	0.0000	0.0012	0.0018	0.0000	0.0039	0.0046	0.0000	0.0000	0.0000	0.0000	0.0000	0.0000	-0.0000	3.9057	2.0077	1.1104	6.0321	0.0000	0.0000	0.0000	0.0000	0.0000	0.0000	0.0000	0.0000	0.0000	0.0001	0.0001	0.0000	0.0001	0.0001	0.0000	0.0000	0.0000	0.0000	0.0556	0.0476	0.0080	0.0171	0.0151	0.0020	0.0385	0.0325	0.0060	0.0519	0.0338	0.0182	0.0155	0.0133	0.0022	0.0364	0.0204	0.0159	0.0000	0.0000	0.0000	0.0000	0.0000	0.0000	0.0000	0.0000	0.0000	0.0012	0.0018	0.0000	0.0039	0.0046	0.0000	0.0000	0.0000	0.0000						
72	135	0.3824	8	1	2	1	1	0	0	0	0	N	Y	N	N	N	N	N	N	N	N	N	N	3.7936	2.8601	0.0000	5.1588	4.9346	0.0000	0.0000	0.0000	0.0000	0.0012	0.0014	0.0000	0.0043	0.0047	0.0000	0.0000	0.0000	0.0000	0.0003	0.0005	0.0000	0.0008	0.0009	0.0000	0.0000	0.0000	0.0000	0.0000	0.0012	-0.0000	-0.0000	3.9057	3.0348	1.1104	9.3583	0.0001	0.0001	0.0000	0.0001	0.0001	0.0000	0.0000	0.0000	0.0000	0.0000	0.0000	0.0000	0.0000	0.0000	0.0000	0.0000	0.0000	0.0000	0.0771	0.0666	0.0105	0.0207	0.0192	0.0015	0.0563	0.0474	0.0090	0.1025	0.0667	0.0358	0.0375	0.0332	0.0042	0.0650	0.0335	0.0316	3.7936	2.8601	0.0000	5.1588	4.9346	0.0000	0.0000	0.0000	0.0000	0.0003	0.0005	0.0000	0.0008	0.0009	0.0000	0.0000	0.0000	0.0000
72	136	0.3680	7	1	1	1	1	0	0	0	0	N	N	N	N	N	N	N	N	N	N	N	N	0.8232	0.0008	2316.5583	0.5745	0.0007	1652.0748	0.0000	0.0000	0.0009	0.0000	0.0074	0.0021	0.0000	0.0248	0.0000	0.0000	0.0000	0.0011	0.0017	0.0000	0.0037	0.0043	0.0000	0.0000	0.0000	0.0000	770.0000	0.0010	0.0000	-0.0000	3.9057	0.0433	1.1104	6.6805	0.0000	0.0000	0.0000	0.0000	0.0000	0.0000	0.0000	0.0000	0.0000	0.0001	0.0001	0.0000	0.0001	0.0001	0.0000	0.0000	0.0000	0.0000	0.0015	0.0013	0.0002	0.0007	0.0006	0.0001	0.0008	0.0007	0.0001	0.0444	0.0290	0.0154	0.0137	0.0118	0.0019	0.0307	0.0172	0.0135	0.8232	0.0008	2316.5583	0.5745	0.0007	1652.0748	0.0000	0.0000	0.0000	0.0011	0.0017	0.0000	0.0037	0.0043	0.0000	0.0000	0.0000	0.0000	
72	137	0.7324	13	1	2	1	1	0	0	0	0	N	Y	N	N	N	N	N	N	N	N	N	N	0.0000	0.0000	0.0000	0.0000	0.0000	0.0000	0.0000	0.0000	0.0000	0.0000	0.0000	0.0000	0.0000	0.0000	0.0000	0.0000	0.0000	0.0000	0.0000	0.0000	3.9057	0.0000	1.1104	0.0000	0.0000	0.0000	0.0000	0.0000	0.0000	0.0000	0.0000	0.0000	0.0000	0.0000	0.0000	0.0000	0.0000	0.0000	0.0000	0.0000	0.0000	0.0000	0.0000	0.0000	0.0000	0.0000	0.0000	0.0000	0.0000	0.0000	0.0000	0.0000	0.0000	0.0000	0.0000	0.0000	0.0000	0.0000	0.0000	0.0000	0.0000	0.0000	0.0000	0.0000	0.0000	0.0000	0.0000	0.0000	0.0000	0.0000	0.0000	0.0000	0.0000	0.0000	0.0000	0.0000	0.0000	0.0000											
72	138	0.7274	12	1	2	1	1	0	0	0	0	N	Y	N	N	N	N	N	N	N	N	N	N	inf	inf	inf	inf	0.0000	0.0000	0.0000	0.0001	0.0001	0.0000	0.0000	0.0000	0.0000	0.0000	0.0000	0.0000	0.0000	0.0000	0.0000	0.0000	0.0000	0.0000	0.0000	-0.0000	0.0000	3.9057	0.0021	1.1104	2.0000	0.0000	0.0000	0.0000	0.0000	0.0000	0.0000	0.0000	0.0000	0.0000	0.0000	0.0000	0.0000	0.0000	0.0000	0.0000	0.0000	0.0000	0.0000	0.0002	0.0002	0.0000	0.0001	0.0001	0.0000	0.0000	0.0000	0.0000	0.0137	0.0098	0.0040	0.0096	0.0077	0.0019	0.0042	0.0021	0.0021	inf	inf	0.0000	inf	inf	0.0000	0.0000	0.0000	0.0000	0.0000	0.0000	0.0000	0.0000	0.0000	0.0000	0.0000	0.0000	0.0000						
72	139	0.7172	11	1	1	1	1	0	0	0	0	N	N	N	N	N	N	N	N	N	N	N	N	12985.5336	inf	0.0000	267775.0742	inf	0.0000	0.0000	0.0037	0.0042	0.0000	0.0148	0.0159	0.0000	0.0000	0.0000	0.0000	0.0000	0.0000	0.0000	0.0000	0.0000	0.0000	0.0000	0.0000	0.0000	0.0000	inf	-0.0000	0.0000	3.9057	1.0020	1.1104	3.0181	0.0001	0.0001	0.0000	0.0001	0.0001	0.0000	0.0000	0.0000	0.0000	0.0000	0.0000	0.0000	0.0000	0.0000	0.0000	0.0000	0.0000	0.0000	0.0244	0.0212	0.0033	0.0061	0.0057	0.0004	0.0184	0.0155	0.0029	0.0282	0.0200	0.0082	0.0199	0.0158	0.0040	0.0083	0.0042	0.0041	12985.5336	inf	0.0000	267775.0742	inf	0.0000	0.0000	0.0000	0.0000	0.0000	0.0000	0.0000	0.0000	0.0000	0.0000	0.0000	0.0000	0.0000		
72	140	0.7028	11	1	2	1	0	0	0	0	0	N	Y	N	N	N	N	N	N	N	N	N	N	0.0000	0.0000	0.0000	0.0000	0.0000	0.0000	0.0000	0.0000	0.0000	0.0000	0.0000	0.0000	0.0000	0.0000	0.0000	0.0000	0.0000	0.0000	0.0000	0.0000	3.9057	0.0000	1.1104	4.0001	0.0000	0.0000	0.0000	0.0000	0.0000	0.0000	0.0000	0.0000	0.0000	0.0000	0.0000	0.0000	0.0000	0.0000	0.0000	0.0000	0.0000	0.0000	0.0000	0.0000	0.0000	0.0000	0.0000	0.0000	0.0000	0.0000	0.0000	0.0280	0.0200	0.0080	0.0209	0.0165	0.0044	0.0071	0.0035	0.0036	0.0000	0.0000	0.0000	0.0000	0.0000	0.0000	0.0000	0.0000	0.0000	0.0000	0.0000	0.0000	0.0000	0.0000	0.0000	0.0000	0.0000	0.0000											
72	141	0.3826	7	1	2	1	0	0	0	0	0	N	Y	N	N	N	N	N	N	N	N	N	N	0.0000	0.0000	0.0000	0.0000	0.0000	0.0000	0.0000	0.0000	0.0000	0.0000	0.0000	0.0000	0.0000	0.0000	0.0000	0.0000	0.0000	0.8757	0.0004	2.5278	2.8117	0.0009	34.0638	0.0190	0.0000	0.0436	3569.6486	0.0000	0.0193	3.9057	1.0003	1.1104	5.0186	0.0000	0.0000	0.0000	0.0000	0.0000	0.0000	0.0000	0.0000	0.0000	0.0356	0.0000	0.0356	0.0351	0.0000	0.0351	0.0005	0.0000	0.0005	0.0260	0.0225	0.0035	0.0072	0.0066	0.0005	0.0189	0.0159	0.0030	0.0407	0.0266	0.0141	0.0125	0.0107	0.0018	0.0282	0.0159	0.0123	0.0000	0.0000	0.0000	0.0000	0.0000	0.0000	0.0000	0.0000	0.0000	0.8757	0.0004	2.5278	2.8117	0.0009	19.7371	0.0190	0.0000	0.0436		
72	142	0.7172	11	1	1	2	1	0	0	0	0	N	N	Y	N	N	N	N	N	N	N	N	N	0.0000	0.0000	0.0000	0.0000	0.0000	0.0000	0.0000	0.0000	0.0000	0.0000	0.0000	0.0000	0.0000	0.0000	0.0000	0.0000	0.0005	0.0007	0.0000	0.0007	0.0009	0.0000	0.0000	0.0000	0.0000	0.0002	0.0000	-0.0000	3.9057	0.0001	1.1104	9.0026	0.0000	0.0000	0.0000	0.0000	0.0000	0.0000	0.0000	0.0000	0.0000	0.0000	0.0000	0.0000	0.0000	0.0000	0.0000	0.0000	0.0000	0.0000	0.0000	0.0000	0.0000	0.0000	0.0000	0.0000	0.0000	0.0000	0.0000	0.0618	0.0438	0.0179	0.0434	0.0346	0.0088	0.0184	0.0093	0.0091	0.0000	0.0000	0.0000	0.0000	0.0000	0.0000	0.0000	0.0000	0.0000	0.0005	0.0007	0.0000	0.0007	0.0009	0.0000	0.0000	0.0000	0.0000			
72	143	0.3680	7	1	1	2	1	0	0	0	0	N	N	Y	N	N	N	N	N	N	N	N	N	3.0632	2.3102	0.0000	7.0507	6.5338	0.0000	0.0000	0.0000	0.0000	0.0960	0.1111	0.0000	0.3501	0.3779	0.0000	0.0000	0.0000	0.0000	0.0313	0.0481	0.0000	0.0497	0.0578	0.0000	0.0232	0.0415	0.0000	0.0000	0.0000	-0.0022	-0.0009	3.9057	2.0061	1.1104	8.0425	0.0049	0.0049	0.0000	0.0049	0.0049	0.0000	0.0000	0.0000	0.0000	0.0020	0.0020	0.0000	0.0010	0.0010	0.0000	0.0010	0.0010	0.0000	0.0515	0.0445	0.0070	0.0141	0.0131	0.0010	0.0374	0.0314	0.0060	0.0650	0.0424	0.0226	0.0199	0.0171	0.0028	0.0451	0.0253	0.0198	3.0632	2.3102	0.0000	7.0507	6.5338	0.0000	0.0000	0.0000	0.0000	0.0313	0.0481	0.0000	0.0497	0.0578	0.0000	0.0232	0.0415	0.0000
72	144	0.3590	6	1	1	1	1	0	0	0	0	N	N	N	N	N	N	N	N	N	N	N	N	0.1141	0.0977	0.0000	0.1857	0.1881	0.0000	0.0000	0.0000	0.0000	0.0000	0.0000	0.0000	0.0001	0.0001	0.0000	0.0000	0.0000	0.0000	0.0002	0.0003	0.0000	0.0004	0.0005	0.0001	0.0001	0.0001	0.0000	0.0000	0.0400	-0.0000	-0.0000	3.9057	1.9550	1.1104	2.1189	0.0000	0.0000	0.0000	0.0000	0.0000	0.0000	0.0000	0.0000	0.0000	0.0000	0.0000	0.0000	0.0000	0.0000	0.0000	0.0000	0.0000	0.0000	0.0558	0.0485	0.0073	0.0172	0.0161	0.0011	0.0386	0.0324	0.0061	0.0407	0.0291	0.0116	0.0152	0.0140	0.0012	0.0255	0.0151	0.0104	0.1141	0.0977	0.0000	0.1857	0.1881	0.0000	0.0000	0.0000	0.0000	0.0002	0.0003	0.0000	0.0004	0.0005	0.0001	0.0001	0.0001	0.0000
72	145	0.3590	6	1	1	2	1	0	0	0	0	N	N	Y	N	N	N	N	N	N	N	N	N	3.6572	2.8086	0.0000	0.0000	0.0000	31531.9283	24162.9163	0.0000	0.0080	0.0092	0.0000	0.0000	0.0000	0.0000	0.0115	0.0137	0.0000	0.0022	0.0033	0.0000	0.0068	0.0077	0.0000	0.0000	0.0000	0.0000	0.0000	0.0000	-0.0002	-0.0001	3.9057	2.1261	1.1104	18.6477	0.0005	0.0005	0.0000	0.0000	0.0000	0.0000	0.0005	0.0005	0.0000	0.0003	0.0003	0.0000	0.0003	0.0003	0.0000	0.0000	0.0000	0.0000	0.0601	0.0522	0.0079	0.0184	0.0172	0.0012	0.0417	0.0351	0.0067	0.1402	0.0936	0.0466	0.0453	0.0397	0.0056	0.0948	0.0539	0.0410	3.6572	2.8086	0.0000	0.0000	0.0000	0.0000	31531.9283	24162.9163	0.0000	0.0022	0.0033	0.0000	0.0068	0.0077	0.0000	0.0000	0.0000	0.0000	
72	146	0.7172	11	1	1	2	1	0	0	0	0	N	N	Y	N	N	N	N	N	N	N	N	N	0.0000	0.0000	0.0000	0.0000	0.0000	0.0000	0.0000	0.0000	0.0000	0.0000	0.0000	0.0000	0.0000	0.0000	0.0000	0.0000	0.0009	0.0013	0.0000	0.0013	0.0016	0.0000	0.0000	0.0000	0.0000	0.0000	0.0000	-0.0000	3.9057	2.0001	1.1104	5.9880	0.0000	0.0000	0.0000	0.0000	0.0000	0.0000	0.0000	0.0000	0.0000	0.0000	0.0000	0.0000	0.0000	0.0000	0.0000	0.0000	0.0000	0.0000	0.0486	0.0421	0.0065	0.0121	0.0113	0.0008	0.0365	0.0308	0.0057	0.0550	0.0391	0.0160	0.0387	0.0308	0.0078	0.0164	0.0083	0.0081	0.0000	0.0000	0.0000	0.0000	0.0000	0.0000	0.0000	0.0000	0.0000	0.0009	0.0013	0.0000	0.0013	0.0016	0.0000	0.0000	0.0000	0.0000			
72	147	0.7172	11	1	1	2	1	0	0	0	0	N	N	Y	N	N	N	N	N	N	N	N	N	0.0000	0.0000	0.0000	0.0000	0.0000	0.0000	0.0000	0.0000	0.0000	0.0000	0.0000	0.0000	0.0000	0.0000	0.0000	0.0000	0.0000	0.0033	0.0046	0.0000	0.0003	0.0004	0.0000	0.0100	0.0196	0.0000	0.0000	0.0000	-0.0003	3.9057	9.0001	1.1104	23.0169	0.0000	0.0000	0.0000	0.0000	0.0000	0.0000	0.0000	0.0000	0.0000	0.0007	0.0007	0.0000	0.0000	0.0000	0.0000	0.0006	0.0006	0.0000	0.2128	0.1847	0.0280	0.0530	0.0496	0.0034	0.1597	0.1352	0.0246	0.1989	0.1410	0.0579	0.1376	0.1099	0.0277	0.0613	0.0311	0.0302	0.0000	0.0000	0.0000	0.0000	0.0000	0.0000	0.0000	0.0000	0.0000	0.0033	0.0046	0.0000	0.0003	0.0004	0.0000	0.0100	0.0196	0.0000		
72	148	0.6918	10	1	1	1	1	0	0	0	0	N	N	N	N	N	N	N	N	N	N	N	N	0.0013	0.0011	0.0000	0.0039	0.0034	0.0000	0.0000	0.0000	0.0000	0.0000	0.0000	0.0000	0.0000	0.0000	0.0000	0.0000	0.0000	0.0000	0.0005	0.0007	0.0001	0.0007	0.0009	0.0001	0.0000	0.0000	0.0001	0.0000	0.0420	-0.0000	-0.0000	3.9057	1.9990	1.1104	7.9526	0.0000	0.0000	0.0000	0.0000	0.0000	0.0000	0.0000	0.0000	0.0000	0.0000	0.0000	0.0000	0.0000	0.0000	0.0000	0.0000	0.0000	0.0000	0.0487	0.0422	0.0065	0.0122	0.0113	0.0008	0.0365	0.0309	0.0057	0.0757	0.0543	0.0214	0.0547	0.0438	0.0109	0.0211	0.0106	0.0105	0.0013	0.0011	0.0000	0.0039	0.0034	0.0000	0.0000	0.0000	0.0000	0.0005	0.0007	0.0001	0.0007	0.0009	0.0001	0.0000	0.0000	0.0001
72	149	0.6599	9	2	2	1	0	0	0	0	0	Y	Y	N	N	N	N	N	N	N	N	N	N	0.3213	3.3299	0.0000	1.2969	9.1335	0.0000	0.0000	0.0000	0.0000	0.0002	0.0003	0.0000	0.0008	0.0009	0.0000	0.0000	0.0000	0.0000	0.0007	0.0001	0.0024	0.0007	0.0001	0.0031	0.0008	0.0000	0.0017	0.0000	11.3081	-0.0000	0.0001	3.9057	5.3497	1.1104	17.2225	0.0000	0.0000	0.0000	0.0000	0.0000	0.0000	0.0000	0.0000	0.0000	0.0001	0.0000	0.0001	0.0001	0.0000	0.0001	0.0000	0.0000	0.0000	0.1347	0.1170	0.0177	0.0354	0.0334	0.0021	0.0993	0.0837	0.0156	0.1705	0.1247	0.0458	0.1196	0.0975	0.0221	0.0510	0.0272	0.0237	0.3213	3.3299	0.0000	1.2969	9.1335	0.0000	0.0000	0.0000	0.0000	0.0007	0.0001	0.0024	0.0007	0.0001	0.0031	0.0008	0.0000	0.0017
72	150	0.6907	10	1	2	1	0	0	0	0	0	N	Y	N	N	N	N	N	N	N	N	N	N	0.6954	3.0136	0.0022	1.5456	6.6164	0.0040	0.0023	0.0182	0.0063	0.0010	0.0012	0.0000	0.0031	0.0033	0.0000	0.0000	0.0000	0.0000	0.0015	0.0004	0.0042	0.0020	0.0005	0.0089	0.0003	0.0000	0.0007	0.0012	4.2461	-0.0000	0.0001	3.9057	3.6794	1.1104	17.4287	0.0001	0.0001	0.0000	0.0001	0.0001	0.0000	0.0000	0.0000	0.0000	0.0002	0.0000	0.0002	0.0002	0.0000	0.0002	0.0000	0.0000	0.0000	0.0979	0.0855	0.0124	0.0320	0.0300	0.0021	0.0658	0.0555	0.0103	0.1492	0.1078	0.0414	0.1007	0.0827	0.0180	0.0486	0.0251	0.0234	0.6954	3.0136	0.0022	1.5456	6.6164	0.0040	0.0023	0.0182	0.0063	0.0015	0.0004	0.0042	0.0020	0.0005	0.0089	0.0003	0.0000	0.0007
72	151	0.6599	9	1	2	1	0	0	0	0	0	N	Y	N	N	N	N	N	N	N	N	N	N	0.0161	0.1556	0.0263	0.0259	0.0461	0.0821	0.2637	0.3523	0.5189	0.0005	0.0001	0.0034	0.0012	0.0000	0.0220	0.0003	0.0002	0.0010	0.0339	0.0008	0.1292	0.0481	0.0009	0.2682	0.0011	0.0004	0.0018	4.2825	58.7640	0.0000	0.0021	3.9057	3.4464	1.1104	10.1316	0.0000	0.0000	0.0000	0.0000	0.0000	0.0000	0.0000	0.0000	0.0000	0.0040	0.0001	0.0039	0.0039	0.0001	0.0039	0.0000	0.0000	0.0000	0.0900	0.0782	0.0118	0.0248	0.0234	0.0014	0.0652	0.0548	0.0104	0.1170	0.0868	0.0302	0.0818	0.0674	0.0144	0.0352	0.0194	0.0158	0.0161	0.1556	0.0263	0.0259	0.0461	0.0821	0.2637	0.3523	0.5189	0.0339	0.0008	0.1292	0.0481	0.0009	0.2682	0.0011	0.0004	0.0018
72	152	0.3894	9	2	2	1	0	0	0	0	0	Y	Y	N	N	N	N	N	N	N	N	N	N	0.0000	0.0000	0.0000	0.0000	0.0000	0.0000	0.0000	0.0000	0.0000	0.0000	0.0000	0.0000	0.0000	0.0000	0.0000	0.0004	0.0000	0.0010	0.0012	0.0000	0.0085	0.0000	0.0000	0.0000	inf	0.0000	0.0000	3.9057	1.0143	1.1104	12.0086	0.0000	0.0000	0.0000	0.0000	0.0000	0.0000	0.0000	0.0000	0.0000	0.0000	0.0000	0.0000	0.0000	0.0000	0.0000	0.0000	0.0000	0.0000	0.0335	0.0280	0.0055	0.0133	0.0107	0.0026	0.0202	0.0173	0.0029	0.0822	0.0534	0.0288	0.0246	0.0211	0.0035	0.0576	0.0324	0.0253	0.0000	0.0000	0.0000	0.0000	0.0000	0.0000	0.0000	0.0000	0.0000	0.0004	0.0000	0.0010	0.0012	0.0000	0.0085	0.0000	0.0000	0.0000				
72	153	0.3871	8	2	2	1	0	0	0	0	0	Y	Y	N	N	N	N	N	N	N	N	N	N	0.0000	0.0000	0.0000	0.0000	0.0000	0.0000	0.0000	0.0000	0.0000	0.0000	0.0000	0.0000	0.0000	0.0000	0.0000	0.0000	0.0000	0.0002	0.0002	0.0000	0.0005	0.0006	0.0001	0.0000	0.0000	0.0000	0.0814	0.0000	-0.0000	3.9057	0.9811	1.1104	0.0216	0.0000	0.0000	0.0000	0.0000	0.0000	0.0000	0.0000	0.0000	0.0000	0.0000	0.0000	0.0000	0.0000	0.0000	0.0000	0.0000	0.0000	0.0000	0.0293	0.0249	0.0044	0.0099	0.0085	0.0015	0.0194	0.0164	0.0030	0.0068	0.0044	0.0024	0.0021	0.0018	0.0003	0.0047	0.0027	0.0021	0.0000	0.0000	0.0000	0.0000	0.0000	0.0000	0.0000	0.0000	0.0000	0.0002	0.0002	0.0000	0.0005	0.0006	0.0001	0.0000	0.0000	0.0000		
72	154	0.3826	7	2	2	1	0	0	0	0	0	Y	Y	N	N	N	N	N	N	N	N	N	N	0.0000	0.0000	0.0000	0.0000	0.0000	0.0000	0.0000	0.0000	0.0000	0.0000	0.0000	0.0000	0.0000	0.0000	0.0000	0.0000	0.0000	0.0110	0.0165	0.0002	0.0337	0.0391	0.0017	0.0000	0.0000	0.0000	0.0074	0.0000	-0.0001	3.9057	0.0083	1.1104	2.0001	0.0000	0.0000	0.0000	0.0000	0.0000	0.0000	0.0000	0.0000	0.0000	0.0002	0.0002	0.0000	0.0002	0.0002	0.0000	0.0000	0.0000	0.0000	0.0003	0.0003	0.0001	0.0002	0.0001	0.0000	0.0002	0.0002	0.0000	0.0149	0.0099	0.0050	0.0049	0.0042	0.0007	0.0100	0.0057	0.0043	0.0000	0.0000	0.0000	0.0000	0.0000	0.0000	0.0000	0.0000	0.0000	0.0110	0.0165	0.0002	0.0337	0.0391	0.0017	0.0000	0.0000	0.0000		
72	155	0.3590	6	1	2	1	0	0	0	0	0	N	Y	N	N	N	N	N	N	N	N	N	N	0.0000	0.0000	0.0000	0.0000	0.0000	0.0000	0.0000	0.0000	0.0000	0.0000	0.0000	0.0000	0.0000	0.0000	0.0000	0.0000	0.0000	0.0027	0.0000	0.0086	0.0080	0.0000	0.0740	0.0000	0.0000	0.0001	520.0335	0.0000	0.0001	3.9057	2.9180	1.1104	7.4065	0.0000	0.0000	0.0000	0.0000	0.0000	0.0000	0.0000	0.0000	0.0000	0.0002	0.0000	0.0002	0.0002	0.0000	0.0002	0.0000	0.0000	0.0000	0.0800	0.0695	0.0106	0.0237	0.0221	0.0016	0.0563	0.0473	0.0090	0.0795	0.0543	0.0252	0.0269	0.0240	0.0029	0.0526	0.0302	0.0223	0.0000	0.0000	0.0000	0.0000	0.0000	0.0000	0.0000	0.0000	0.0000	0.0027	0.0000	0.0086	0.0080	0.0000	0.0740	0.0000	0.0000	0.0001		
72	156	0.2931	5	1	1	1	0	0	0	0	0	N	N	N	N	N	N	N	N	N	N	N	N	701.8186	563.1786	4.2685	44.3223	42.5178	10.2332	20920.1863	33635.1223	1.3213	1.9757	2.2413	0.0009	0.3416	0.3598	0.0046	2.8864	3.4199	0.0002	0.0028	0.0040	0.0002	0.0077	0.0085	0.0004	0.0001	0.0001	0.0002	0.0001	0.0242	-0.3097	-0.0003	3.9057	8.2479	1.1104	19.7214	0.7022	0.7022	0.0000	0.0434	0.0434	0.0000	0.6588	0.6588	0.0000	0.0007	0.0007	0.0000	0.0007	0.0007	0.0000	0.0000	0.0000	0.0000	0.3554	0.3133	0.0421	0.1272	0.1207	0.0065	0.2282	0.1926	0.0356	0.2534	0.1750	0.0784	0.0896	0.0812	0.0085	0.1638	0.0938	0.0699	701.8186	563.1786	4.2685	44.3223	42.5178	10.2332	20920.1863	33635.1223	1.3213	0.0028	0.0040	0.0002	0.0077	0.0085	0.0004	0.0001	0.0001	0.0002
72	157	0.2570	4	1	1	1	0	0	0	0	0	N	N	N	N	N	N	N	N	N	N	N	N	193.9743	184.3862	6.9366	8.4089	8.5428	1.4599	490.5492	548.0682	8.5804	1.3892	1.5891	0.0282	0.1146	0.1208	0.0128	1.8753	2.2143	0.0304	0.0072	0.0086	0.0041	0.0136	0.0141	0.0088	0.0038	0.0040	0.0035	0.0026	0.2227	-0.1530	-0.0004	3.9057	7.4725	1.1104	14.3153	0.3489	0.3480	0.0009	0.0079	0.0079	0.0001	0.3409	0.3401	0.0009	0.0016	0.0013	0.0003	0.0011	0.0010	0.0001	0.0006	0.0003	0.0002	0.2512	0.2190	0.0322	0.0693	0.0654	0.0040	0.1818	0.1536	0.0282	0.2265	0.1539	0.0726	0.0771	0.0698	0.0073	0.1494	0.0841	0.0653	193.9743	184.3862	6.9366	8.4089	8.5428	1.4599	490.5492	548.0682	8.5804	0.0072	0.0086	0.0041	0.0136	0.0141	0.0088	0.0038	0.0040	0.0035
72	161	0.7104	13	2	2	1	0	0	0	0	0	Y	Y	N	N	N	N	N	N	N	N	N	N	0.0000	0.0000	0.0000	0.0000	0.0000	0.0000	0.0000	0.0000	0.0000	0.0000	0.0000	0.0000	0.0000	0.0000	0.0000	0.0473	0.0000	0.1666	0.0019	0.0000	0.0090	0.1798	0.0000	0.3581	inf	0.0000	0.0005	3.9057	0.0002	1.1104	3.0099	0.0000	0.0000	0.0000	0.0000	0.0000	0.0000	0.0000	0.0000	0.0000	0.0010	0.0000	0.0010	0.0000	0.0000	0.0000	0.0010	0.0000	0.0010	0.0000	0.0000	0.0000	0.0000	0.0000	0.0000	0.0000	0.0000	0.0000	0.0213	0.0153	0.0060	0.0159	0.0125	0.0033	0.0054	0.0027	0.0027	0.0000	0.0000	0.0000	0.0000	0.0000	0.0000	0.0000	0.0000	0.0000	0.0473	0.0000	0.1666	0.0019	0.0000	0.0090	0.1798	0.0000	0.3581				
72	162	0.7028	12	2	2	1	0	0	0	0	0	Y	Y	N	N	N	N	N	N	N	N	N	N	0.0000	0.0000	0.0000	0.0000	0.0000	0.0000	0.0000	0.0000	0.0000	0.0000	0.0000	0.0000	0.0000	0.0000	0.0000	0.0000	0.0000	0.0001	0.0000	0.0005	0.0000	0.0000	0.0000	0.0005	0.0000	0.0011	299.0000	0.0000	0.0000	3.9057	0.9998	1.1104	2.0118	0.0000	0.0000	0.0000	0.0000	0.0000	0.0000	0.0000	0.0000	0.0000	0.0000	0.0000	0.0000	0.0000	0.0000	0.0000	0.0000	0.0000	0.0000	0.0244	0.0211	0.0033	0.0060	0.0056	0.0004	0.0183	0.0155	0.0029	0.0212	0.0151	0.0060	0.0158	0.0125	0.0033	0.0054	0.0027	0.0027	0.0000	0.0000	0.0000	0.0000	0.0000	0.0000	0.0000	0.0000	0.0000	0.0001	0.0000	0.0005	0.0000	0.0000	0.0000	0.0005	0.0000	0.0011		
72	163	0.7028	11	2	2	1	0	0	0	0	0	Y	Y	N	N	N	N	N	N	N	N	N	N	0.0000	0.0000	0.0000	0.0000	0.0000	0.0000	0.0000	0.0000	0.0000	0.0000	0.0000	0.0000	0.0000	0.0000	0.0000	0.0000	0.0000	0.0000	0.0000	0.0000	3.9057	0.0000	1.1104	0.0003	0.0000	0.0000	0.0000	0.0000	0.0000	0.0000	0.0000	0.0000	0.0000	0.0000	0.0000	0.0000	0.0000	0.0000	0.0000	0.0000	0.0000	0.0000	0.0000	0.0000	0.0000	0.0000	0.0000	0.0000	0.0000	0.0000	0.0000	0.0000	0.0000	0.0000	0.0000	0.0000	0.0000	0.0000	0.0000	0.0000	0.0000	0.0000	0.0000	0.0000	0.0000	0.0000	0.0000	0.0000	0.0000	0.0000	0.0000	0.0000	0.0000	0.0000	0.0000	0.0000	0.0000	0.0000											
72	164	0.6918	10	1	2	1	0	0	0	0	0	N	Y	N	N	N	N	N	N	N	N	N	N	0.3666	0.3329	0.0000	0.4477	0.4243	0.0000	0.0000	0.0000	0.0000	0.0001	0.0001	0.0000	0.0002	0.0002	0.0000	0.0000	0.0000	0.0000	0.0003	0.0004	0.0001	0.0004	0.0004	0.0001	0.0000	0.0000	0.0001	0.0000	0.1127	-0.0000	-0.0000	3.9057	0.0063	1.1104	4.3641	0.0000	0.0000	0.0000	0.0000	0.0000	0.0000	0.0000	0.0000	0.0000	0.0000	0.0000	0.0000	0.0000	0.0000	0.0000	0.0000	0.0000	0.0000	0.0003	0.0003	0.0000	0.0002	0.0002	0.0000	0.0001	0.0001	0.0000	0.0387	0.0280	0.0107	0.0275	0.0223	0.0052	0.0111	0.0056	0.0055	0.3666	0.3329	0.0000	0.4477	0.4243	0.0000	0.0000	0.0000	0.0000	0.0003	0.0004	0.0001	0.0004	0.0004	0.0001	0.0000	0.0000	0.0001
72	165	0.6599	9	1	1	1	0	0	0	0	0	N	N	N	N	N	N	N	N	N	N	N	N	1.9431	8.6506	0.0000	6.4733	21.4759	0.0000	0.0000	0.0000	0.0000	0.0019	0.0022	0.0000	0.0066	0.0070	0.0000	0.0000	0.0000	0.0000	0.0010	0.0003	0.0031	0.0010	0.0003	0.0043	0.0009	0.0000	0.0020	0.0000	4.2090	-0.0001	0.0000	3.9057	2.5207	1.1104	10.0226	0.0001	0.0001	0.0000	0.0001	0.0001	0.0000	0.0000	0.0000	0.0000	0.0001	0.0000	0.0001	0.0001	0.0000	0.0001	0.0000	0.0000	0.0000	0.0680	0.0592	0.0088	0.0196	0.0185	0.0010	0.0485	0.0407	0.0078	0.1106	0.0822	0.0283	0.0772	0.0637	0.0135	0.0333	0.0185	0.0148	1.9431	8.6506	0.0000	6.4733	21.4759	0.0000	0.0000	0.0000	0.0000	0.0010	0.0003	0.0031	0.0010	0.0003	0.0043	0.0009	0.0000	0.0020
72	166	0.6443	8	1	1	1	0	0	0	0	0	N	N	N	N	N	N	N	N	N	N	N	N	14.1358	12.8790	0.0000	21.8999	20.1722	0.0000	0.0019	0.0023	0.0000	0.0298	0.0329	0.0000	0.0588	0.0608	0.0000	0.0000	0.0000	0.0000	0.0021	0.0026	0.0007	0.0027	0.0030	0.0011	0.0003	0.0002	0.0003	0.0000	0.0941	-0.0016	-0.0001	3.9057	2.6894	1.1104	4.6619	0.0036	0.0036	0.0000	0.0036	0.0036	0.0000	0.0000	0.0000	0.0000	0.0002	0.0002	0.0000	0.0002	0.0002	0.0000	0.0000	0.0000	0.0000	0.1191	0.1079	0.0113	0.0604	0.0584	0.0019	0.0587	0.0494	0.0093	0.0833	0.0628	0.0205	0.0636	0.0524	0.0111	0.0197	0.0104	0.0093	14.1358	12.8790	0.0000	21.8999	20.1722	0.0000	0.0019	0.0023	0.0000	0.0021	0.0026	0.0007	0.0027	0.0030	0.0011	0.0003	0.0002	0.0003
72	167	0.6059	7	1	1	1	0	0	0	0	0	N	N	N	N	N	N	N	N	N	N	N	N	0.0000	0.0000	0.0000	0.0000	0.0000	0.0000	0.0000	0.0000	0.0000	0.0000	0.0000	0.0000	0.0000	0.0000	0.0000	0.0000	0.0000	0.0000	0.0030	0.0037	0.0014	0.0040	0.0047	0.0006	0.0011	0.0003	0.0019	0.1574	0.0000	-0.0001	3.9057	2.7966	1.1104	8.5340	0.0000	0.0000	0.0000	0.0000	0.0000	0.0000	0.0000	0.0000	0.0000	0.0003	0.0002	0.0000	0.0002	0.0002	0.0000	0.0000	0.0000	0.0000	0.0618	0.0534	0.0084	0.0142	0.0133	0.0009	0.0476	0.0401	0.0075	0.0932	0.0650	0.0281	0.0613	0.0502	0.0111	0.0318	0.0148	0.0170	0.0000	0.0000	0.0000	0.0000	0.0000	0.0000	0.0000	0.0000	0.0000	0.0030	0.0037	0.0014	0.0040	0.0047	0.0006	0.0011	0.0003	0.0019	
73	74	0.3452	7	1	2	0	1	0	0	0	0	N	Y	N	N	N	N	N	N	N	N	N	N	4.3262	0.0074	15.8255	0.0031	0.1238	0.0015	10.9489	0.0014	67.7354	1.2915	0.0006	11.0172	0.0014	0.0012	0.0068	2.0416	0.0003	12.9813	0.2985	0.0834	0.6962	0.4609	0.0093	4.6272	0.1865	0.1807	0.1916	2381.1793	4.5163	0.3609	0.1315	6.9070	6.4226	16.5673	19.3377	0.6463	0.0003	0.6460	0.0003	0.0002	0.0001	0.6460	0.0001	0.6460	0.3649	0.0661	0.2987	0.2300	0.0042	0.2258	0.1348	0.0620	0.0729	0.5004	0.4418	0.0586	0.1840	0.1751	0.0089	0.3164	0.2667	0.0498	1.2222	0.7931	0.4291	0.4991	0.4503	0.0488	0.7231	0.3428	0.3803	4.3262	0.0074	15.8255	0.0031	0.1238	0.0015	10.9489	0.0014	67.7354	0.2985	0.0834	0.6962	0.4609	0.0093	4.6272	0.1865	0.1807	0.1916
73	75	0.3000	6	1	1	0	1	0	0	0	0	N	N	N	N	N	N	N	N	N	N	N	N	4.3982	6.1869	3.6105	8.1285	9.1815	0.0019	2.7878	3.3825	5.8263	2.0191	1.8988	2.7724	2.5118	2.8577	0.0005	1.5824	1.0173	4.7228	0.4591	0.3069	0.7679	0.3090	0.3112	0.2758	0.5676	0.3007	0.8106	0.2332	1.2329	-0.3045	0.0657	6.9070	5.1932	16.5673	17.4397	1.2082	0.9797	0.2285	0.7063	0.7062	0.0000	0.5019	0.2735	0.2284	0.7002	0.3136	0.3866	0.1978	0.1867	0.0111	0.5024	0.1269	0.3755	0.5984	0.5160	0.0824	0.2812	0.2471	0.0340	0.3172	0.2688	0.0484	1.5252	1.0217	0.5035	0.6401	0.5999	0.0402	0.8851	0.4218	0.4633	4.3982	6.1869	3.6105	8.1285	9.1815	0.0019	2.7878	3.3825	5.8263	0.4591	0.3069	0.7679	0.3090	0.3112	0.2758	0.5676	0.3007	0.8106
73	76	0.2630	5	1	1	0	0	0	0	0	0	N	N	N	N	N	N	N	N	N	N	N	N	2.1411	2.5701	3.7857	2.4270	2.8605	0.0019	2.1689	2.6525	6.8371	0.8812	0.3297	3.8184	0.3778	0.4543	0.0002	1.3338	0.2203	7.7056	0.4116	0.1283	1.0086	0.1557	0.1588	0.1221	0.6150	0.0831	1.1270	2.1743	3.7300	0.1259	0.2298	6.9070	4.4918	16.5673	17.5337	0.5162	0.1626	0.3536	0.1048	0.1048	0.0000	0.4114	0.0578	0.3535	0.6958	0.1471	0.5487	0.1166	0.1087	0.0078	0.5793	0.0384	0.5409	0.5858	0.4932	0.0926	0.2773	0.2306	0.0467	0.3084	0.2625	0.0459	1.6907	1.1466	0.5440	0.7487	0.6847	0.0641	0.9419	0.4620	0.4799	2.1411	2.5701	3.7857	2.4270	2.8605	0.0019	2.1689	2.6525	6.8371	0.4116	0.1283	1.0086	0.1557	0.1588	0.1221	0.6150	0.0831	1.1270
73	77	0.5589	8	1	1	0	1	0	0	0	0	N	N	N	N	N	N	N	N	N	N	N	N	0.0000	0.0000	0.0000	0.0000	0.0000	0.0000	0.0000	0.0000	0.0000	0.0000	0.0000	0.0000	0.0000	0.0000	0.0000	0.0000	0.0000	0.0000	0.0329	0.0401	0.0165	0.0633	0.0650	0.0525	0.0035	0.0009	0.0064	0.1833	0.0000	-0.0061	6.9070	0.3745	16.5673	14.7996	0.0000	0.0000	0.0000	0.0000	0.0000	0.0000	0.0000	0.0000	0.0000	0.0202	0.0171	0.0031	0.0191	0.0169	0.0022	0.0011	0.0001	0.0010	0.0329	0.0297	0.0033	0.0143	0.0136	0.0007	0.0187	0.0161	0.0026	0.6150	0.4259	0.1891	0.3018	0.2603	0.0415	0.3132	0.1656	0.1476	0.0000	0.0000	0.0000	0.0000	0.0000	0.0000	0.0000	0.0000	0.0000	0.0329	0.0401	0.0165	0.0633	0.0650	0.0525	0.0035	0.0009	0.0064	
73	78	0.5367	7	1	1	0	1	0	0	0	0	N	N	N	N	N	N	N	N	N	N	N	N	0.0000	0.0000	0.0000	0.0000	0.0000	0.0000	0.0000	0.0000	0.0000	0.0000	0.0000	0.0000	0.0000	0.0000	0.0000	0.0000	0.0000	0.0000	1.8731	2.5617	0.2015	3.5117	3.9979	0.4210	0.0867	0.0488	0.1310	0.0324	0.0000	-0.4274	6.9070	1.4595	16.5673	10.3922	0.0000	0.0000	0.0000	0.0000	0.0000	0.0000	0.0000	0.0000	0.0000	1.0009	0.9695	0.0314	0.9787	0.9628	0.0159	0.0222	0.0067	0.0155	0.1118	0.0995	0.0123	0.0480	0.0452	0.0027	0.0638	0.0543	0.0095	0.5343	0.3785	0.1559	0.2787	0.2408	0.0379	0.2556	0.1376	0.1180	0.0000	0.0000	0.0000	0.0000	0.0000	0.0000	0.0000	0.0000	0.0000	1.8731	2.5617	0.2015	3.5117	3.9979	0.4210	0.0867	0.0488	0.1310	
73	79	0.5225	6	1	1	0	1	0	0	0	0	N	N	N	N	N	N	N	N	N	N	N	N	0.0039	0.0034	0.0000	0.0037	0.0034	0.0000	0.0118	0.1814	0.0000	0.0005	0.0006	0.0000	0.0009	0.0009	0.0000	0.0003	0.0003	0.0000	0.1402	0.1804	0.0411	0.2412	0.2787	0.0148	0.0240	0.0019	0.0505	0.0000	0.0922	-0.0000	-0.0212	6.9070	1.3861	16.5673	6.3168	0.0001	0.0001	0.0000	0.0000	0.0000	0.0000	0.0000	0.0000	0.0000	0.0567	0.0519	0.0048	0.0522	0.0518	0.0005	0.0045	0.0002	0.0043	0.1015	0.0898	0.0116	0.0432	0.0406	0.0026	0.0583	0.0493	0.0090	0.4045	0.2879	0.1166	0.2164	0.1857	0.0307	0.1881	0.1023	0.0859	0.0039	0.0034	0.0000	0.0037	0.0034	0.0000	0.0118	0.1814	0.0000	0.1402	0.1804	0.0411	0.2412	0.2787	0.0148	0.0240	0.0019	0.0505
73	80	0.4631	5	1	1	0	1	0	0	0	0	N	N	N	N	N	N	N	N	N	N	N	N	43.6815	222.6829	0.0000	176.2344	254.6601	0.0000	15.7172	1539.2728	0.0000	3.4022	3.8707	0.0000	6.2741	6.6464	0.0000	1.8944	2.2424	0.0000	0.0779	0.0174	0.2033	0.0356	0.0261	0.0982	0.1205	0.0015	0.2302	0.0000	5.6419	-0.4001	0.0265	6.9070	4.0043	16.5673	19.8631	0.9070	0.9070	0.0000	0.5758	0.5758	0.0000	0.3312	0.3312	0.0000	0.0677	0.0102	0.0575	0.0155	0.0099	0.0056	0.0522	0.0003	0.0519	0.2666	0.2343	0.0323	0.0918	0.0866	0.0051	0.1748	0.1477	0.0271	0.8693	0.5864	0.2828	0.4365	0.3790	0.0575	0.4328	0.2074	0.2253	43.6815	222.6829	0.0000	176.2344	254.6601	0.0000	15.7172	1539.2728	0.0000	0.0779	0.0174	0.2033	0.0356	0.0261	0.0982	0.1205	0.0015	0.2302
73	81	0.3058	5	1	2	1	0	0	0	0	0	N	Y	N	N	N	N	N	N	N	N	N	N	5.0605	4.1938	0.0194	6.6953	5.5184	0.0000	0.0155	0.0097	0.0360	0.0047	0.0054	0.0000	0.0114	0.0119	0.0000	0.0000	0.0000	0.0000	0.0009	0.0013	0.0001	0.0017	0.0021	0.0001	0.0000	0.0000	0.0000	0.0000	0.0181	-0.0004	-0.0003	6.9070	2.0162	16.5673	4.5500	0.0009	0.0009	0.0000	0.0009	0.0009	0.0000	0.0000	0.0000	0.0000	0.0006	0.0006	0.0000	0.0006	0.0006	0.0000	0.0000	0.0000	0.0000	0.1950	0.1693	0.0257	0.0797	0.0766	0.0031	0.1154	0.0928	0.0226	0.6250	0.4418	0.1833	0.3333	0.2610	0.0723	0.2917	0.1807	0.1110	5.0605	4.1938	0.0194	6.6953	5.5184	0.0000	0.0155	0.0097	0.0360	0.0009	0.0013	0.0001	0.0017	0.0021	0.0001	0.0000	0.0000	0.0000
73	82	0.5711	9	1	2	1	0	0	0	0	0	N	Y	N	N	N	N	N	N	N	N	N	N	0.0000	0.0000	0.0000	0.0000	0.0000	0.0000	0.0000	0.0000	0.0000	0.0000	0.0000	0.0000	0.0000	0.0000	0.0000	0.0000	0.0000	0.0000	0.1003	0.1380	0.0001	0.0594	0.0734	0.0001	0.1777	0.3119	0.0000	0.0001	0.0000	-0.0171	6.9070	3.0011	16.5673	3.7015	0.0000	0.0000	0.0000	0.0000	0.0000	0.0000	0.0000	0.0000	0.0000	0.0374	0.0374	0.0000	0.0145	0.0145	0.0000	0.0229	0.0229	0.0000	0.2277	0.1980	0.0298	0.1001	0.0900	0.0100	0.1277	0.1079	0.0197	0.3732	0.2711	0.1021	0.2443	0.1976	0.0466	0.1289	0.0734	0.0555	0.0000	0.0000	0.0000	0.0000	0.0000	0.0000	0.0000	0.0000	0.0000	0.1003	0.1380	0.0001	0.0594	0.0734	0.0001	0.1777	0.3119	0.0000	
73	83	0.5596	8	1	2	0	0	0	0	0	0	N	Y	N	N	N	N	N	N	N	N	N	N	0.0078	0.0028	10.5953	0.0059	0.0028	6.8889	0.0084	0.0023	14.1404	0.0012	0.0006	0.0052	0.0009	0.0005	0.0038	0.0015	0.0007	0.0059	0.1575	0.2191	0.0005	0.1474	0.1893	0.0006	0.1804	0.3089	0.0004	1.2691	0.0009	0.0000	-0.0302	6.9070	2.0032	16.5673	4.2039	0.0002	0.0001	0.0001	0.0001	0.0000	0.0000	0.0001	0.0001	0.0001	0.0659	0.0659	0.0001	0.0428	0.0428	0.0000	0.0231	0.0231	0.0000	0.1535	0.1333	0.0202	0.0674	0.0607	0.0068	0.0861	0.0726	0.0134	0.4187	0.3007	0.1180	0.2905	0.2259	0.0646	0.1282	0.0748	0.0534	0.0078	0.0028	10.5953	0.0059	0.0028	6.8889	0.0084	0.0023	14.1404	0.1575	0.2191	0.0005	0.1474	0.1893	0.0006	0.1804	0.3089	0.0004
73	84	0.5564	8	2	1	1	0	0	0	0	0	Y	N	N	N	N	N	N	N	N	N	N	N	0.0000	0.0000	0.0000	0.0000	0.0000	0.0000	0.0000	0.0000	0.0000	0.0000	0.0000	0.0000	0.0000	0.0000	0.0000	0.0000	0.0000	0.0000	0.4751	0.0455	1.3836	0.0598	0.0672	0.0178	0.9634	0.0000	1.8430	14.3811	0.0000	0.0525	6.9070	1.0052	16.5673	4.9545	0.0000	0.0000	0.0000	0.0000	0.0000	0.0000	0.0000	0.0000	0.0000	0.1101	0.0072	0.1029	0.0075	0.0072	0.0003	0.1026	0.0000	0.1026	0.0796	0.0694	0.0101	0.0359	0.0324	0.0035	0.0437	0.0370	0.0067	0.2317	0.1573	0.0744	0.1252	0.1065	0.0187	0.1065	0.0508	0.0557	0.0000	0.0000	0.0000	0.0000	0.0000	0.0000	0.0000	0.0000	0.0000	0.4751	0.0455	1.3836	0.0598	0.0672	0.0178	0.9634	0.0000	1.8430	
73	85	0.5370	7	2	1	1	0	0	0	0	0	Y	N	N	N	N	N	N	N	N	N	N	N	0.0000	0.0000	0.0000	0.0000	0.0000	0.0000	0.0000	0.0000	0.0000	0.0000	0.0000	0.0000	0.0000	0.0000	0.0000	0.0000	0.0000	0.0000	0.0325	0.0157	0.0701	0.0079	0.0096	0.0008	0.0689	0.0295	0.1124	1.9839	0.0000	0.0024	6.9070	0.9968	16.5673	7.6169	0.0000	0.0000	0.0000	0.0000	0.0000	0.0000	0.0000	0.0000	0.0000	0.0118	0.0039	0.0078	0.0017	0.0017	0.0000	0.0101	0.0023	0.0078	0.0785	0.0685	0.0100	0.0346	0.0312	0.0034	0.0439	0.0372	0.0066	0.3623	0.2508	0.1115	0.2163	0.1741	0.0422	0.1460	0.0767	0.0693	0.0000	0.0000	0.0000	0.0000	0.0000	0.0000	0.0000	0.0000	0.0000	0.0325	0.0157	0.0701	0.0079	0.0096	0.0008	0.0689	0.0295	0.1124	
73	86	0.5570	6	2	2	0	0	0	0	0	0	Y	Y	N	N	N	N	N	N	N	N	N	N	0.0126	0.0108	0.0090	1.2475	1.2797	0.1139	0.0003	0.0002	0.0000	0.0015	0.0017	0.0000	0.0035	0.0036	0.0003	0.0001	0.0001	0.0000	0.1156	0.1534	0.0048	0.0028	0.0028	0.0026	0.2871	0.4582	0.0064	0.0036	0.0108	-0.0003	-0.0473	6.9070	5.8060	16.5673	6.1034	0.0007	0.0007	0.0000	0.0007	0.0007	0.0000	0.0000	0.0000	0.0000	0.1056	0.1045	0.0011	0.0015	0.0013	0.0002	0.1041	0.1032	0.0009	0.4978	0.4386	0.0593	0.2022	0.1934	0.0088	0.2957	0.2452	0.0505	0.9139	0.6815	0.2324	0.5513	0.4562	0.0951	0.3626	0.2253	0.1373	0.0126	0.0108	0.0090	1.2475	1.2797	0.1139	0.0003	0.0002	0.0000	0.1156	0.1534	0.0048	0.0028	0.0028	0.0026	0.2871	0.4582	0.0064
73	87	0.4631	5	2	2	0	0	0	0	0	0	Y	Y	N	N	N	N	N	N	N	N	N	N	4.8778	3.8573	0.0261	6.4781	5.9460	0.3016	6.5606	4.9509	0.0012	2.3981	2.7237	0.0010	5.7265	6.0617	0.0063	0.6571	0.7759	0.0001	0.4916	0.7061	0.0402	0.8840	1.0194	0.0209	0.1002	0.1567	0.0454	0.0001	0.0271	-0.8347	-0.2451	6.9070	12.2869	16.5673	21.7146	1.8925	1.8924	0.0001	1.5520	1.5519	0.0001	0.3405	0.3404	0.0000	0.5674	0.5524	0.0150	0.5095	0.5079	0.0016	0.0579	0.0445	0.0133	0.7892	0.6948	0.0944	0.2710	0.2560	0.0150	0.5181	0.4388	0.0794	1.1540	0.7823	0.3717	0.5764	0.4982	0.0782	0.5777	0.2841	0.2935	4.8778	3.8573	0.0261	6.4781	5.9460	0.3016	6.5606	4.9509	0.0012	0.4916	0.7061	0.0402	0.8840	1.0194	0.0209	0.1002	0.1567	0.0454
73	88	0.5596	8	1	2	0	0	0	0	0	0	N	Y	N	N	N	N	N	N	N	N	N	N	0.5317	10.5445	0.0000	46.2829	45.1463	0.0000	0.0001	0.0017	0.0000	0.8499	0.9778	0.0000	1.9401	2.1554	0.0000	0.0003	0.0004	0.0000	1.5983	0.0927	5.2642	0.0419	0.0477	0.0198	4.4260	0.2087	12.1523	0.0000	23.3130	-0.1136	0.5073	6.9070	4.0005	16.5673	9.0093	0.2575	0.2575	0.0000	0.2574	0.2574	0.0000	0.0001	0.0001	0.0000	1.0136	0.0417	0.9719	0.0171	0.0155	0.0017	0.9965	0.0262	0.9702	0.3029	0.2633	0.0396	0.1327	0.1194	0.0133	0.1703	0.1439	0.0264	0.6342	0.4496	0.1846	0.4091	0.3239	0.0852	0.2251	0.1257	0.0995	0.5317	10.5445	0.0000	46.2829	45.1463	0.0000	0.0001	0.0017	0.0000	1.5983	0.0927	5.2642	0.0419	0.0477	0.0198	4.4260	0.2087	9.7552
73	89	0.5370	7	1	2	0	0	0	0	0	0	N	Y	N	N	N	N	N	N	N	N	N	N	4.6881	3.7364	0.0000	44.1491	40.4622	0.0000	2.2260	1.3810	0.0000	10.4617	11.9892	0.0000	9.2029	10.1933	0.0000	11.4547	13.4964	0.0000	2.2315	3.2088	0.0252	0.2085	0.2519	0.0238	5.1460	9.7729	0.0260	0.0000	0.0035	-0.3650	-0.4212	6.9070	1.0051	16.5673	9.2650	0.8275	0.8275	0.0000	0.3210	0.3210	0.0000	0.5065	0.5065	0.0000	0.9259	0.9227	0.0032	0.0511	0.0499	0.0011	0.8749	0.8728	0.0021	0.0791	0.0690	0.0101	0.0349	0.0315	0.0034	0.0442	0.0375	0.0067	0.4149	0.2876	0.1274	0.2449	0.1983	0.0467	0.1700	0.0893	0.0807	4.6881	3.7364	0.0000	44.1491	40.4622	0.0000	2.2260	1.3810	0.0000	2.2315	3.2088	0.0252	0.2085	0.2519	0.0238	5.1460	9.7729	0.0260
73	90	0.5854	7	1	1	1	0	0	0	0	0	N	N	N	N	N	N	N	N	N	N	N	N	1.1455	0.9721	0.0584	1.2621	1.2550	0.0000	0.9957	0.6891	0.1015	1.4975	1.7383	0.0003	0.0338	0.0374	0.0000	2.7605	3.3487	0.0004	1.3073	1.7882	0.0046	0.0268	0.0298	0.0067	2.7723	4.8594	0.0039	0.0000	0.0009	-0.1342	-0.2648	6.9070	2.3559	16.5673	7.1930	0.3042	0.3042	0.0000	0.0032	0.0032	0.0000	0.3010	0.3010	0.0000	0.5789	0.5783	0.0005	0.0063	0.0061	0.0002	0.5725	0.5722	0.0003	0.2031	0.1750	0.0281	0.0941	0.0851	0.0090	0.1090	0.0899	0.0192	0.4428	0.3234	0.1194	0.2363	0.2057	0.0306	0.2065	0.1177	0.0888	1.1455	0.9721	0.0584	1.2621	1.2550	0.0000	0.9957	0.6891	0.1015	1.3073	1.7882	0.0046	0.0268	0.0298	0.0067	2.7723	4.8594	0.0039
73	91	0.5526	6	1	1	0	0	0	0	0	0	N	N	N	N	N	N	N	N	N	N	N	N	1.9809	1.7538	0.2410	2.2213	2.2578	0.0066	1.7549	1.1898	0.4153	0.9485	1.1142	0.0155	0.8953	1.0496	0.0001	1.0232	1.2060	0.0359	0.4788	0.6353	0.0643	0.4031	0.4649	0.0094	0.5831	1.0136	0.0864	0.0025	0.0382	-0.2922	-0.2162	6.9070	4.9284	16.5673	11.0439	0.6662	0.6646	0.0016	0.3672	0.3672	0.0000	0.2991	0.2974	0.0016	0.5129	0.4940	0.0189	0.2500	0.2492	0.0008	0.2629	0.2448	0.0181	0.7024	0.5964	0.1059	0.4101	0.3498	0.0603	0.2923	0.2466	0.0457	1.0711	0.7776	0.2936	0.6202	0.5360	0.0842	0.4509	0.2416	0.2094	1.9809	1.7538	0.2410	2.2213	2.2578	0.0066	1.7549	1.1898	0.4153	0.4788	0.6353	0.0643	0.4031	0.4649	0.0094	0.5831	1.0136	0.0864
73	92	0.4631	5	1	1	0	0	0	0	0	0	N	N	N	N	N	N	N	N	N	N	N	N	8.2153	7.1542	0.5259	101.2980	106.2162	3.3940	1.7481	1.1427	0.2897	3.7302	4.2320	0.0868	8.0785	8.5427	0.2560	1.4473	1.7031	0.0547	0.4541	0.5915	0.1650	0.0797	0.0804	0.0754	0.8279	1.4904	0.1888	0.0028	0.1327	-0.4264	-0.1751	6.9070	3.9161	16.5673	29.2065	0.9730	0.9702	0.0027	0.7254	0.7241	0.0013	0.2475	0.2461	0.0015	0.5131	0.4530	0.0601	0.0450	0.0393	0.0058	0.4681	0.4138	0.0543	0.2608	0.2293	0.0316	0.0898	0.0848	0.0050	0.1710	0.1445	0.0265	1.1301	0.7658	0.3643	0.5647	0.4882	0.0765	0.5654	0.2776	0.2878	8.2153	7.1542	0.5259	101.2980	106.2162	3.3940	1.7481	1.1427	0.2897	0.4541	0.5915	0.1650	0.0797	0.0804	0.0754	0.8279	1.4904	0.1888
73	93	0.3058	5	2	2	0	0	0	0	0	0	Y	Y	N	N	N	N	N	N	N	N	N	N	0.1674	20.0073	0.0000	0.2368	25.4268	0.0000	0.0000	0.1673	0.0000	0.0039	0.0045	0.0000	0.0097	0.0101	0.0000	0.0000	0.0000	0.0000	0.0234	0.0002	0.0777	0.0409	0.0004	0.2022	0.0062	0.0000	0.0157	0.0000	147.7237	-0.0004	0.0094	6.9070	2.5103	16.5673	7.4742	0.0009	0.0009	0.0000	0.0009	0.0009	0.0000	0.0000	0.0000	0.0000	0.0176	0.0001	0.0175	0.0153	0.0001	0.0152	0.0024	0.0000	0.0024	0.2340	0.2040	0.0300	0.0946	0.0909	0.0038	0.1393	0.1131	0.0263	0.7536	0.5279	0.2257	0.3733	0.2983	0.0750	0.3803	0.2296	0.1507	0.1674	20.0073	0.0000	0.2368	25.4268	0.0000	0.0000	0.1673	0.0000	0.0234	0.0002	0.0777	0.0409	0.0004	0.2022	0.0062	0.0000	0.0157
73	94	0.2695	4	1	2	0	0	0	0	0	0	N	Y	N	N	N	N	N	N	N	N	N	N	170.1936	1303.0682	0.8773	919.4651	1746.3760	0.0195	0.5939	0.1458	0.9547	0.1789	0.2183	0.0026	0.4290	0.4419	0.0001	0.0008	0.0000	0.0027	0.0011	0.0002	0.0029	0.0005	0.0003	0.0036	0.0014	0.0001	0.0029	0.0026	8.2473	-0.0645	0.0002	6.9070	7.1305	16.5673	3.2426	0.1470	0.1466	0.0004	0.1466	0.1466	0.0000	0.0004	0.0000	0.0004	0.0005	0.0001	0.0005	0.0001	0.0000	0.0000	0.0005	0.0000	0.0004	0.8214	0.6714	0.1500	0.3417	0.3317	0.0099	0.4797	0.3397	0.1400	0.5126	0.3479	0.1648	0.1773	0.1660	0.0112	0.3354	0.1819	0.1535	170.1936	1303.0682	0.8773	919.4651	1746.3760	0.0195	0.5939	0.1458	0.9547	0.0011	0.0002	0.0029	0.0005	0.0003	0.0036	0.0014	0.0001	0.0029
73	95	0.5370	7	2	2	0	0	0	0	0	0	Y	Y	N	N	N	N	N	N	N	N	N	N	0.8404	1.2447	0.0000	18.1513	16.9284	0.0000	0.3174	0.3762	0.0000	1.7866	2.0442	0.0000	2.1800	2.4100	0.0000	1.4815	1.7425	0.0000	2.1259	1.6423	3.2353	0.1201	0.1424	0.0116	4.6670	4.6314	4.7066	0.0000	0.8588	-0.4784	0.0079	6.9070	8.0000	16.5673	22.5660	1.0846	1.0846	0.0000	0.5780	0.5780	0.0000	0.5066	0.5066	0.0000	2.1581	1.1610	0.9971	0.0681	0.0670	0.0011	2.0899	1.0940	0.9959	0.6071	0.5305	0.0765	0.2651	0.2398	0.0253	0.3419	0.2907	0.0512	1.0151	0.7069	0.3082	0.5673	0.4707	0.0966	0.4478	0.2362	0.2116	0.8404	1.2447	0.0000	18.1513	16.9284	0.0000	0.3174	0.3762	0.0000	2.1259	1.6423	3.2353	0.1201	0.1424	0.0116	4.6670	4.6314	4.7066
73	96	0.4631	5	1	1	0	0	0	0	0	0	N	N	N	N	N	N	N	N	N	N	N	N	0.0013	0.0010	0.0000	0.0020	0.0018	0.0000	0.0000	0.0000	0.0000	0.0008	0.0009	0.0000	0.0023	0.0024	0.0000	0.0000	0.0000	0.0000	0.5963	0.8776	0.0066	1.1481	1.3232	0.0235	0.0440	0.0877	0.0022	0.0000	0.0036	-0.0003	-0.2894	6.9070	11.9964	16.5673	18.8414	0.0006	0.0006	0.0000	0.0006	0.0006	0.0000	0.0000	0.0000	0.0000	0.6364	0.6341	0.0023	0.6130	0.6113	0.0017	0.0234	0.0229	0.0006	0.7714	0.6791	0.0923	0.2650	0.2503	0.0147	0.5065	0.4289	0.0776	1.0672	0.7225	0.3446	0.5339	0.4620	0.0719	0.5333	0.2606	0.2727	0.0013	0.0010	0.0000	0.0020	0.0018	0.0000	0.0000	0.0000	0.0000	0.5963	0.8776	0.0066	1.1481	1.3232	0.0235	0.0440	0.0877	0.0022
73	98	0.5675	9	2	2	1	0	0	0	0	0	Y	Y	N	N	N	N	N	N	N	N	N	N	0.0000	0.0000	0.0000	0.0000	0.0000	0.0000	0.0000	0.0000	0.0000	0.0000	0.0000	0.0000	0.0000	0.0000	0.0000	0.0000	0.0000	0.0000	0.0211	0.0271	0.0066	0.0346	0.0409	0.0028	0.0039	0.0000	0.0084	0.0000	0.1014	-0.0000	-0.0044	6.9070	0.9502	16.5673	16.1595	0.0000	0.0000	0.0000	0.0000	0.0000	0.0000	0.0000	0.0000	0.0000	0.0121	0.0110	0.0011	0.0112	0.0110	0.0001	0.0010	0.0000	0.0010	0.0828	0.0727	0.0101	0.0388	0.0354	0.0034	0.0440	0.0372	0.0067	0.5752	0.4062	0.1690	0.3229	0.2695	0.0534	0.2523	0.1367	0.1156	0.0000	0.0000	0.0000	0.0000	0.0000	0.0000	0.0000	0.0000	0.0000	0.0211	0.0271	0.0066	0.0346	0.0409	0.0028	0.0039	0.0000	0.0084
73	99	0.4631	5	1	2	0	0	0	0	0	0	N	Y	N	N	N	N	N	N	N	N	N	N	1.6551	2.9912	0.0002	3.0351	2.7968	0.0161	1.0170	3194146.5367	0.0001	2.3590	2.6795	0.0004	3.6850	3.9010	0.0007	1.6653	1.9666	0.0004	1.4253	0.8958	2.5304	1.2141	1.3948	0.0423	1.6374	0.0000	3.1785	0.0000	1.3535	-0.8027	0.1627	6.9070	11.9964	16.5673	15.6499	1.8198	1.8197	0.0000	0.9764	0.9763	0.0000	0.8434	0.8434	0.0000	1.3935	0.5921	0.8014	0.5949	0.5921	0.0028	0.7986	0.0000	0.7986	0.7714	0.6791	0.0923	0.2650	0.2503	0.0147	0.5065	0.4289	0.0776	0.9777	0.6610	0.3167	0.4900	0.4245	0.0654	0.4877	0.2365	0.2513	1.6551	2.9912	0.0002	3.0351	2.7968	0.0161	1.0170	3194146.5367	0.0001	1.4253	0.8958	2.5304	1.2141	1.3948	0.0423	1.6374	0.0000	3.1785
73	100	0.5705	10	2	1	1	0	0	0	0	0	Y	N	N	N	N	N	N	N	N	N	N	N	0.0000	0.0000	0.0000	0.0000	0.0000	0.0000	0.0000	0.0000	0.0000	0.0000	0.0000	0.0000	0.0000	0.0000	0.0000	0.0000	0.0000	0.0000	0.0576	0.0221	0.1416	0.0134	0.0149	0.0056	0.1148	0.0366	0.2041	2.7096	-0.0000	0.0079	6.9070	1.0008	16.5673	13.9255	0.0000	0.0000	0.0000	0.0000	0.0000	0.0000	0.0000	0.0000	0.0000	0.0290	0.0078	0.0212	0.0038	0.0035	0.0003	0.0252	0.0043	0.0209	0.0790	0.0691	0.0099	0.0368	0.0333	0.0035	0.0422	0.0358	0.0064	0.5032	0.3538	0.1494	0.2839	0.2369	0.0470	0.2193	0.1169	0.1024	0.0000	0.0000	0.0000	0.0000	0.0000	0.0000	0.0000	0.0000	0.0000	0.0576	0.0221	0.1416	0.0134	0.0149	0.0056	0.1148	0.0366	0.2041	
73	101	0.5675	9	2	1	1	0	0	0	0	0	Y	N	N	N	N	N	N	N	N	N	N	N	0.0000	0.0000	0.0000	0.0000	0.0000	0.0000	0.0000	0.0000	0.0000	0.0000	0.0000	0.0000	0.0000	0.0000	0.0000	0.0000	0.0000	0.0000	10.8313	0.0483	73.6132	0.0523	0.0588	0.0249	23.0962	0.0177	119.1510	0.0177	218.8703	-0.0000	0.5243	6.9070	0.0532	16.5673	2.0467	0.0000	0.0000	0.0000	0.0000	0.0000	0.0000	0.0000	0.0000	0.0000	0.9761	0.0044	0.9717	0.0044	0.0040	0.0004	0.9717	0.0004	0.9713	0.0122	0.0110	0.0012	0.0059	0.0058	0.0002	0.0062	0.0052	0.0010	0.1268	0.0919	0.0349	0.0848	0.0685	0.0162	0.0421	0.0234	0.0187	0.0000	0.0000	0.0000	0.0000	0.0000	0.0000	0.0000	0.0000	0.0000	7.6968	0.0483	27.8391	0.0523	0.0588	0.0249	23.0962	0.0177	52.0079
73	102	0.5579	8	2	1	1	0	0	0	0	0	Y	N	N	N	N	N	N	N	N	N	N	N	0.0021	0.0294	0.0000	0.0105	0.0611	0.0000	0.0000	0.0000	0.0000	0.0002	0.0002	0.0000	0.0004	0.0004	0.0000	0.0000	0.0000	0.0000	0.0819	0.0068	0.2740	0.0356	0.0067	0.1648	0.1580	0.0068	0.3482	0.0000	15.8547	-0.0000	0.0090	6.9070	2.0948	16.5673	3.0326	0.0000	0.0000	0.0000	0.0000	0.0000	0.0000	0.0000	0.0000	0.0000	0.0187	0.0011	0.0176	0.0051	0.0008	0.0043	0.0136	0.0003	0.0133	0.1721	0.1508	0.0213	0.0802	0.0728	0.0073	0.0919	0.0779	0.0140	0.2280	0.1639	0.0641	0.1419	0.1160	0.0260	0.0861	0.0480	0.0381	0.0021	0.0294	0.0000	0.0105	0.0611	0.0000	0.0000	0.0000	0.0000	0.0819	0.0068	0.2740	0.0356	0.0067	0.1648	0.1580	0.0068	0.3482
73	103	0.5370	7	2	1	1	0	0	0	0	0	Y	N	N	N	N	N	N	N	N	N	N	N	0.0707	0.1001	0.0000	0.2679	0.5297	0.0000	0.0000	0.0000	0.0000	0.0002	0.0002	0.0000	0.0004	0.0004	0.0000	0.0000	0.0000	0.0000	0.0023	0.0019	0.0033	0.0014	0.0008	0.0039	0.0037	0.0043	0.0029	0.0000	0.7854	-0.0000	-0.0000	6.9070	3.9484	16.5673	4.8420	0.0001	0.0001	0.0000	0.0001	0.0001	0.0000	0.0000	0.0000	0.0000	0.0009	0.0005	0.0004	0.0003	0.0001	0.0002	0.0005	0.0003	0.0002	0.3056	0.2668	0.0388	0.1340	0.1211	0.0130	0.1716	0.1457	0.0258	0.3679	0.2547	0.1132	0.2194	0.1767	0.0427	0.1485	0.0780	0.0705	0.0707	0.1001	0.0000	0.2679	0.5297	0.0000	0.0000	0.0000	0.0000	0.0023	0.0019	0.0033	0.0014	0.0008	0.0039	0.0037	0.0043	0.0029
73	104	0.4954	6	1	2	0	0	0	0	0	0	N	Y	N	N	N	N	N	N	N	N	N	N	0.0033	0.0025	0.0005	0.0053	0.0052	0.0003	0.0020	0.0011	0.0004	0.0015	0.0017	0.0000	0.0019	0.0021	0.0000	0.0011	0.0013	0.0000	0.4647	0.6911	0.0008	0.3519	0.4108	0.0019	0.5819	1.2097	0.0005	0.0000	0.0006	-0.0007	-0.3339	6.9070	8.9557	16.5673	32.3127	0.0015	0.0015	0.0000	0.0010	0.0010	0.0000	0.0006	0.0006	0.0000	0.7295	0.7291	0.0004	0.2815	0.2813	0.0002	0.4480	0.4477	0.0002	1.0038	0.8765	0.1273	0.5176	0.4535	0.0641	0.4862	0.4230	0.0632	1.5698	1.0549	0.5149	0.7999	0.6848	0.1152	0.7699	0.3701	0.3997	0.0033	0.0025	0.0005	0.0053	0.0052	0.0003	0.0020	0.0011	0.0004	0.4647	0.6911	0.0008	0.3519	0.4108	0.0019	0.5819	1.2097	0.0005
73	105	0.5208	7	1	1	1	0	0	0	0	0	N	N	N	N	N	N	N	N	N	N	N	N	0.0196	0.0160	0.0000	0.0028	0.0026	0.0000	0.1853	0.2651	0.0000	0.0003	0.0004	0.0000	0.0001	0.0001	0.0000	0.0005	0.0006	0.0000	0.0170	0.0234	0.0034	0.0302	0.0348	0.0038	0.0028	0.0023	0.0033	0.0000	0.0681	-0.0001	-0.0032	6.9070	4.2679	16.5673	7.8415	0.0001	0.0001	0.0000	0.0000	0.0000	0.0000	0.0001	0.0001	0.0000	0.0081	0.0076	0.0005	0.0075	0.0074	0.0001	0.0006	0.0003	0.0004	0.3646	0.3253	0.0393	0.1522	0.1435	0.0086	0.2124	0.1817	0.0307	0.4775	0.3251	0.1524	0.2481	0.2112	0.0368	0.2294	0.1139	0.1156	0.0196	0.0160	0.0000	0.0028	0.0026	0.0000	0.1853	0.2651	0.0000	0.0170	0.0234	0.0034	0.0302	0.0348	0.0038	0.0028	0.0023	0.0033
73	106	0.4954	6	1	1	0	0	0	0	0	0	N	N	N	N	N	N	N	N	N	N	N	N	0.0075	0.0057	0.0304	0.0048	0.0050	0.0201	0.0198	0.0091	0.0145	0.0033	0.0039	0.0001	0.0032	0.0039	0.0002	0.0034	0.0038	0.0001	0.4422	0.6732	0.0046	0.6709	0.7755	0.0082	0.1726	0.4180	0.0036	0.0064	0.0036	-0.0007	-0.1436	6.9070	1.9301	16.5673	9.0954	0.0016	0.0016	0.0000	0.0011	0.0011	0.0000	0.0006	0.0006	0.0000	0.3158	0.3146	0.0011	0.2592	0.2587	0.0004	0.0566	0.0559	0.0007	0.4950	0.4209	0.0741	0.3325	0.2750	0.0575	0.1625	0.1459	0.0166	0.7141	0.4674	0.2467	0.3863	0.3337	0.0527	0.3278	0.1337	0.1941	0.0075	0.0057	0.0304	0.0048	0.0050	0.0201	0.0198	0.0091	0.0145	0.4422	0.6732	0.0046	0.6709	0.7755	0.0082	0.1726	0.4180	0.0036
73	107	0.4631	5	1	1	0	0	0	0	0	0	N	N	N	N	N	N	N	N	N	N	N	N	1.4595	1.1269	0.0027	4.6087	4.3230	0.0209	0.5707	0.3122	0.0000	3.4817	3.9612	0.0003	6.4207	6.8016	0.0020	1.9386	2.2948	0.0000	2.3855	3.5151	0.1168	1.3932	1.5734	0.0947	3.3968	7.3515	0.1218	0.0000	0.0165	-0.3995	-0.5882	6.9070	3.9049	16.5673	9.6098	0.9056	0.9056	0.0000	0.5750	0.5749	0.0000	0.3306	0.3306	0.0000	1.3305	1.3088	0.0217	0.3922	0.3890	0.0032	0.9383	0.9199	0.0184	0.2601	0.2286	0.0315	0.0895	0.0845	0.0050	0.1706	0.1441	0.0265	0.5577	0.3723	0.1854	0.2815	0.2472	0.0343	0.2762	0.1251	0.1511	1.4595	1.1269	0.0027	4.6087	4.3230	0.0209	0.5707	0.3122	0.0000	2.3855	3.5151	0.1168	1.3932	1.5734	0.0947	3.3968	7.3515	0.1218
73	108	0.4842	7	1	2	0	0	0	0	0	0	N	Y	N	N	N	N	N	N	N	N	N	N	0.0011	0.0000	0.0031	0.0002	0.0000	0.0013	0.0010	0.0000	0.0035	0.0039	0.0000	0.0332	0.0000	0.0000	0.0000	0.0066	0.0000	0.0416	3.4308	1.3285	10.7590	0.0105	0.0080	0.0290	6.4816	3.3771	11.8488	107387.7302	2.7848	0.0013	1.0375	6.9070	8.0392	16.5673	22.6195	0.0023	0.0000	0.0023	0.0000	0.0000	0.0000	0.0023	0.0000	0.0023	3.7399	0.9881	2.7518	0.0054	0.0036	0.0018	3.7345	0.9845	2.7500	0.5889	0.5193	0.0696	0.2366	0.2226	0.0140	0.3523	0.2967	0.0555	1.0901	0.7438	0.3463	0.5139	0.4523	0.0617	0.5762	0.2915	0.2846	0.0011	0.0000	0.0042	0.0002	0.0000	0.0013	0.0010	0.0000	0.0043	3.4308	1.3285	7.9457	0.0105	0.0080	0.0290	6.4816	3.3771	9.6612
73	109	0.4842	6	1	1	0	0	0	0	0	0	N	N	N	N	N	N	N	N	N	N	N	N	0.0022	0.0016	0.0050	0.0024	0.0024	0.0012	0.0021	0.0001	0.0051	0.0039	0.0023	0.0125	0.0042	0.0043	0.0000	0.0036	0.0000	0.0140	1.7385	1.4238	2.4783	1.7441	1.8477	0.0249	1.7329	0.5606	2.7358	0.9815	0.7405	0.0000	-0.0135	6.9070	0.2031	16.5673	2.0398	0.0001	0.0001	0.0001	0.0001	0.0001	0.0000	0.0001	0.0000	0.0001	0.4103	0.2357	0.1745	0.2053	0.2052	0.0002	0.2049	0.0306	0.1744	0.0294	0.0249	0.0045	0.0135	0.0130	0.0005	0.0159	0.0119	0.0040	0.2360	0.1656	0.0704	0.1177	0.1110	0.0067	0.1183	0.0545	0.0637	0.0022	0.0016	0.0050	0.0024	0.0024	0.0012	0.0021	0.0001	0.0051	1.7385	1.4238	2.4783	1.7441	1.8477	0.0249	1.7329	0.5606	2.7358
73	110	0.3669	6	2	1	1	0	0	0	0	0	Y	N	N	N	N	N	N	N	N	N	N	N	0.0000	0.0000	0.0000	0.0000	0.0000	0.0000	0.0000	0.0000	0.0000	0.0000	0.0000	0.0000	0.0000	0.0005	0.0008	0.0000	0.0000	0.0000	0.0000	0.0011	0.0024	0.0000	0.0000	0.0000	-0.0000	6.9070	0.0001	16.5673	0.0001	0.0000	0.0000	0.0000	0.0000	0.0000	0.0000	0.0000	0.0000	0.0000	0.0000	0.0000	0.0000	0.0000	0.0000	0.0000	0.0000	0.0000	0.0000	0.0047	0.0037	0.0010	0.0024	0.0024	0.0000	0.0024	0.0014	0.0010	0.0001	0.0001	0.0000	0.0001	0.0001	0.0000	0.0001	0.0000	0.0000	0.0000	0.0000	0.0000	0.0000	0.0000	0.0000	0.0000	0.0000	0.0000	0.0005	0.0008	0.0000	0.0000	0.0000	0.0000	0.0011	0.0024	0.0000						
73	111	0.3530	5	2	1	1	0	0	0	0	0	Y	N	N	N	N	N	N	N	N	N	N	N	0.0523	0.0247	6.2115	1.1790	1.2313	0.0354	0.0307	0.0056	8.0743	0.0004	0.0002	0.0013	0.0004	0.0004	0.0000	0.0003	0.0001	0.0015	0.0070	0.0100	0.0002	0.0004	0.0004	0.0003	0.0109	0.0188	0.0002	0.6931	0.0089	-0.0000	-0.0007	6.9070	1.6718	16.5673	2.9223	0.0001	0.0000	0.0000	0.0000	0.0000	0.0000	0.0000	0.0000	0.0000	0.0015	0.0015	0.0000	0.0000	0.0000	0.0000	0.0015	0.0015	0.0000	0.1542	0.1359	0.0183	0.0599	0.0567	0.0032	0.0943	0.0792	0.0151	0.2147	0.1499	0.0648	0.0788	0.0717	0.0071	0.1359	0.0781	0.0577	0.0523	0.0247	6.2115	1.1790	1.2313	0.0354	0.0307	0.0056	8.0743	0.0070	0.0100	0.0002	0.0004	0.0004	0.0003	0.0109	0.0188	0.0002
73	112	0.2695	4	2	1	1	0	0	0	0	0	Y	N	N	N	N	N	N	N	N	N	N	N	323.3949	321.7988	275.0504	333.8077	343.2447	2.2750	145.1182	0.8884	328.9678	0.7345	0.7649	0.5645	1.6554	1.7124	0.0103	0.1406	0.0002	0.6171	0.0023	0.0024	0.0021	0.0050	0.0050	0.0045	0.0010	0.0002	0.0019	0.1318	0.4165	-0.3066	-0.0003	6.9070	14.0283	16.5673	7.1084	0.9443	0.8344	0.1099	0.8344	0.8342	0.0002	0.1099	0.0001	0.1098	0.0020	0.0014	0.0006	0.0014	0.0014	0.0001	0.0006	0.0001	0.0005	1.2856	1.0908	0.1948	0.5041	0.4872	0.0169	0.7815	0.6036	0.1779	0.8951	0.6038	0.2913	0.2921	0.2728	0.0193	0.6029	0.3310	0.2720	323.3949	321.7988	275.0504	333.8077	343.2447	2.2750	145.1182	0.8884	328.9678	0.0023	0.0024	0.0021	0.0050	0.0050	0.0045	0.0010	0.0002	0.0019
73	113	0.2093	3	1	1	0	0	0	0	0	0	N	N	N	N	N	N	N	N	N	N	N	N	8.7124	3.6719	84.4773	15.4171	15.8801	0.8669	5.9009	0.0450	101.4165	0.1276	0.0770	0.3603	0.1611	0.1689	0.0068	0.1064	0.0019	0.4015	0.0146	0.0210	0.0043	0.0105	0.0106	0.0078	0.0180	0.0419	0.0040	1.0191	0.1237	0.0081	-0.0077	6.9070	8.6129	16.5673	5.1709	0.1281	0.0634	0.0646	0.0627	0.0626	0.0001	0.0654	0.0009	0.0645	0.0221	0.0197	0.0024	0.0070	0.0067	0.0004	0.0151	0.0130	0.0021	1.0036	0.8242	0.1794	0.3891	0.3704	0.0187	0.6145	0.4539	0.1607	1.5088	0.9383	0.5705	0.6733	0.6283	0.0450	0.8355	0.3100	0.5255	8.7124	3.6719	84.4773	15.4171	15.8801	0.8669	5.9009	0.0450	101.4165	0.0146	0.0210	0.0043	0.0105	0.0106	0.0078	0.0180	0.0419	0.0040
73	114	0.1141	2	1	1	0	0	0	0	0	0	N	N	N	N	N	N	N	N	N	N	N	N	0.7608	1.0166	0.0862	0.7034	0.7318	0.1307	0.7822	0.9198	0.0933	0.9332	1.1914	0.1131	0.3732	0.4040	0.0117	1.2891	1.8919	0.1279	1.2266	1.1719	1.3128	0.5305	0.5520	0.0892	1.6480	2.0568	1.3705	0.0299	0.7119	-0.8096	-0.1534	6.9070	16.8607	16.5673	22.7724	1.9648	1.9077	0.0570	0.3053	0.3045	0.0007	1.6595	1.6032	0.0563	3.6092	2.1083	1.5010	0.5886	0.5840	0.0046	3.0207	1.5243	1.4964	2.1053	1.6012	0.5041	0.8180	0.7538	0.0642	1.2874	0.8474	0.4399	2.9423	1.7990	1.1434	1.1094	1.0579	0.0515	1.8330	0.7411	1.0919	0.7608	1.0166	0.0862	0.7034	0.7318	0.1307	0.7822	0.9198	0.0933	1.2266	1.1719	1.3128	0.5305	0.5520	0.0892	1.6480	2.0568	1.3705
73	115	0.5433	7	2	1	1	0	0	0	0	0	Y	N	N	N	N	N	N	N	N	N	N	N	0.0000	0.0000	0.0000	0.0000	0.0000	0.0000	0.0000	0.0000	0.0000	0.0000	0.0000	0.0000	0.0000	0.0000	0.0000	0.0000	0.0000	0.0000	0.0027	0.0038	0.0000	0.0043	0.0054	0.0000	0.0000	0.0000	0.0000	0.0006	0.0000	-0.0004	6.9070	1.0009	16.5673	4.0038	0.0000	0.0000	0.0000	0.0000	0.0000	0.0000	0.0000	0.0000	0.0000	0.0008	0.0008	0.0000	0.0008	0.0008	0.0000	0.0000	0.0000	0.0000	0.0787	0.0696	0.0092	0.0309	0.0289	0.0020	0.0479	0.0407	0.0072	0.2965	0.2107	0.0858	0.1841	0.1479	0.0362	0.1124	0.0628	0.0496	0.0000	0.0000	0.0000	0.0000	0.0000	0.0000	0.0000	0.0000	0.0000	0.0027	0.0038	0.0000	0.0043	0.0054	0.0000	0.0000	0.0000	0.0000	
73	116	0.5150	6	2	1	1	0	0	0	0	0	Y	N	N	N	N	N	N	N	N	N	N	N	0.0315	0.0412	0.0000	0.0741	0.0804	0.0000	0.0234	0.0249	0.0000	0.0040	0.0049	0.0000	0.0032	0.0040	0.0000	0.0052	0.0062	0.0000	0.1271	0.1193	0.1446	0.0428	0.0497	0.0046	0.2223	0.2477	0.1951	0.0001	0.5398	-0.0005	-0.0067	6.9070	1.8441	16.5673	10.4794	0.0012	0.0012	0.0000	0.0006	0.0006	0.0000	0.0007	0.0007	0.0000	0.0618	0.0401	0.0217	0.0110	0.0109	0.0002	0.0508	0.0293	0.0215	0.3079	0.2505	0.0574	0.1816	0.1439	0.0376	0.1263	0.1066	0.0197	0.4863	0.3364	0.1499	0.2580	0.2183	0.0398	0.2283	0.1182	0.1101	0.0315	0.0412	0.0000	0.0741	0.0804	0.0000	0.0234	0.0249	0.0000	0.1271	0.1193	0.1446	0.0428	0.0497	0.0046	0.2223	0.2477	0.1951
73	117	0.2269	4	1	2	0	1	0	0	0	0	N	Y	N	N	N	N	N	N	N	N	N	N	1.2105	0.9650	0.0096	2.6043	2.7141	0.0077	0.6010	0.3522	0.0042	0.7332	0.8914	0.0001	1.0504	1.1753	0.0004	0.4569	0.6008	0.0000	0.6057	0.9238	0.0147	0.4033	0.4330	0.0497	0.7601	1.7058	0.0109	0.0000	0.0085	-0.4369	-0.5840	6.9070	10.5071	16.5673	20.2622	0.9905	0.9904	0.0000	0.6606	0.6606	0.0000	0.3298	0.3298	0.0000	1.2980	1.2870	0.0110	0.3742	0.3706	0.0036	0.9238	0.9164	0.0074	1.3509	1.1111	0.2398	0.6289	0.5621	0.0668	0.7220	0.5490	0.1730	2.1431	1.3932	0.7499	0.9278	0.8560	0.0718	1.2153	0.5372	0.6781	1.2105	0.9650	0.0096	2.6043	2.7141	0.0077	0.6010	0.3522	0.0042	0.6057	0.9238	0.0147	0.4033	0.4330	0.0497	0.7601	1.7058	0.0109
73	118	0.4631	5	1	2	0	1	0	0	0	0	N	Y	N	N	N	N	N	N	N	N	N	N	4.2462	4.0592	0.0000	4.5878	4.6119	0.0000	8.0964	25.5098	0.0000	3.4101	3.8797	0.0000	6.2887	6.6619	0.0000	1.8988	2.2476	0.0000	0.8031	0.9558	0.4831	1.3707	1.4445	0.8966	0.2345	0.0881	0.3742	0.0000	0.2412	-0.4001	-0.2240	6.9070	4.0036	16.5673	26.5072	0.9071	0.9071	0.0000	0.5759	0.5759	0.0000	0.3312	0.3312	0.0000	0.8483	0.6834	0.1649	0.7245	0.6607	0.0638	0.1238	0.0227	0.1011	0.2660	0.2338	0.0322	0.0916	0.0864	0.0051	0.1744	0.1474	0.0271	1.0563	0.7151	0.3412	0.5286	0.4574	0.0712	0.5277	0.2576	0.2701	4.2462	4.0592	0.0000	4.5878	4.6119	0.0000	8.0964	25.5098	0.0000	0.8031	0.9558	0.4831	1.3707	1.4445	0.8966	0.2345	0.0881	0.3742
73	119	0.5015	6	1	2	0	0	0	0	0	0	N	Y	N	N	N	N	N	N	N	N	N	N	0.2206	0.1761	0.0029	0.2776	0.2512	0.0018	0.1123	0.1127	0.0038	0.0038	0.0043	0.0000	0.0085	0.0089	0.0000	0.0001	0.0001	0.0000	0.0174	0.0244	0.0006	0.0305	0.0353	0.0009	0.0005	0.0006	0.0004	0.0000	0.0096	-0.0006	-0.0076	6.9070	3.8169	16.5673	21.2433	0.0013	0.0013	0.0000	0.0013	0.0013	0.0000	0.0000	0.0000	0.0000	0.0169	0.0168	0.0002	0.0167	0.0167	0.0001	0.0002	0.0001	0.0001	0.3517	0.3141	0.0376	0.1577	0.1506	0.0072	0.1940	0.1635	0.0304	0.9759	0.6890	0.2869	0.5480	0.4713	0.0766	0.4279	0.2177	0.2102	0.2206	0.1761	0.0029	0.2776	0.2512	0.0018	0.1123	0.1127	0.0038	0.0174	0.0244	0.0006	0.0305	0.0353	0.0009	0.0005	0.0006	0.0004
73	120	0.2803	6	1	2	0	0	0	0	0	0	N	Y	N	N	N	N	N	N	N	N	N	N	0.1864	0.3051	0.0011	1.3871	1.4011	0.0213	0.0666	0.0954	0.0013	0.1137	0.1310	0.0011	0.1852	0.2086	0.0001	0.0639	0.0747	0.0015	0.6101	0.4293	0.9877	0.1336	0.1489	0.0066	0.9593	0.7834	1.1482	0.0012	1.1016	-0.0753	0.1062	6.9070	16.3276	16.5673	34.9199	0.1712	0.1710	0.0002	0.1145	0.1145	0.0000	0.0567	0.0565	0.0002	1.6142	0.7681	0.8461	0.1494	0.1486	0.0008	1.4648	0.6195	0.8453	1.5053	1.3055	0.1998	0.6179	0.5488	0.0691	0.8874	0.7567	0.1307	2.6459	1.7893	0.8566	1.1189	0.9986	0.1204	1.5270	0.7908	0.7362	0.1864	0.3051	0.0011	1.3871	1.4011	0.0213	0.0666	0.0954	0.0013	0.6101	0.4293	0.9877	0.1336	0.1489	0.0066	0.9593	0.7834	1.1482
73	121	0.2630	5	1	2	0	0	0	0	0	0	N	Y	N	N	N	N	N	N	N	N	N	N	3.3038	4.8219	0.0333	0.0576	0.0604	0.0694	5.0390	9.1485	0.0467	1.1039	1.2974	0.0157	0.0150	0.0169	0.0049	1.9803	2.3255	0.0246	0.3341	0.2691	0.4718	0.2611	0.2789	0.0705	0.3930	0.2542	0.5258	0.0022	0.8286	-0.3433	-0.0029	6.9070	6.1757	16.5673	14.5601	0.7821	0.7804	0.0017	0.0047	0.0045	0.0002	0.7773	0.7759	0.0014	0.5516	0.3016	0.2499	0.1925	0.1881	0.0044	0.3591	0.1136	0.2455	0.7085	0.6015	0.1070	0.3159	0.2678	0.0481	0.3925	0.3336	0.0589	1.6508	1.1210	0.5298	0.7371	0.6742	0.0629	0.9137	0.4468	0.4669	3.3038	4.8219	0.0333	0.0576	0.0604	0.0694	5.0390	9.1485	0.0467	0.3341	0.2691	0.4718	0.2611	0.2789	0.0705	0.3930	0.2542	0.5258
73	122	0.2100	4	1	1	0	0	0	0	0	0	N	N	N	N	N	N	N	N	N	N	N	N	0.2921	0.7116	0.0135	0.6765	0.9101	0.0050	0.0558	0.2974	0.0165	0.0892	0.1117	0.0078	0.1676	0.1907	0.0040	0.0193	0.0236	0.0093	0.3053	0.1569	0.5797	0.2478	0.2095	0.8000	0.3459	0.0793	0.5615	0.0194	1.9986	-0.0439	0.1406	6.9070	7.5400	16.5673	21.4192	0.1041	0.1021	0.0020	0.0922	0.0919	0.0003	0.0119	0.0102	0.0017	0.6753	0.2252	0.4501	0.2266	0.1792	0.0474	0.4487	0.0460	0.4027	1.1672	0.9146	0.2526	0.5500	0.4821	0.0678	0.6172	0.4325	0.1847	2.2118	1.4353	0.7765	0.9147	0.8554	0.0593	1.2971	0.5799	0.7172	0.2921	0.7116	0.0135	0.6765	0.9101	0.0050	0.0558	0.2974	0.0165	0.3053	0.1569	0.5797	0.2478	0.2095	0.8000	0.3459	0.0793	0.5615
73	123	0.5370	7	1	2	0	0	0	0	0	0	N	Y	N	N	N	N	N	N	N	N	N	N	0.0000	0.0000	0.0000	0.0000	0.0000	0.0000	0.0000	0.0000	0.0000	0.0000	0.0000	0.0000	0.0000	0.0000	0.0000	0.0000	0.0000	0.0000	0.0288	0.0388	0.0060	0.0488	0.0558	0.0157	0.0028	0.0042	0.0013	0.0670	0.0000	-0.0093	6.9070	4.0019	16.5673	19.5615	0.0000	0.0000	0.0000	0.0000	0.0000	0.0000	0.0000	0.0000	0.0000	0.0236	0.0221	0.0015	0.0226	0.0213	0.0013	0.0010	0.0008	0.0002	0.3097	0.2704	0.0393	0.1358	0.1227	0.0131	0.1739	0.1477	0.0262	0.8171	0.5686	0.2485	0.4618	0.3814	0.0803	0.3554	0.1872	0.1682	0.0000	0.0000	0.0000	0.0000	0.0000	0.0000	0.0000	0.0000	0.0000	0.0288	0.0388	0.0060	0.0488	0.0558	0.0157	0.0028	0.0042	0.0013	
73	124	0.5150	6	1	1	0	0	0	0	0	0	N	N	N	N	N	N	N	N	N	N	N	N	0.1546	0.1343	0.0004	0.0633	0.0689	0.0013	3.3991	2.4978	0.0004	0.0046	0.0058	0.0000	0.0034	0.0044	0.0000	0.0066	0.0078	0.0000	0.0300	0.0430	0.0005	0.0541	0.0640	0.0001	0.0019	0.0031	0.0007	0.0000	0.0054	-0.0005	-0.0054	6.9070	1.2223	16.5673	8.2281	0.0012	0.0012	0.0000	0.0006	0.0006	0.0000	0.0007	0.0007	0.0000	0.0119	0.0118	0.0001	0.0115	0.0115	0.0000	0.0004	0.0003	0.0001	0.2617	0.2099	0.0518	0.1625	0.1263	0.0361	0.0992	0.0836	0.0156	0.3957	0.2742	0.1215	0.2126	0.1797	0.0328	0.1832	0.0945	0.0887	0.1546	0.1343	0.0004	0.0633	0.0689	0.0013	3.3991	2.4978	0.0004	0.0300	0.0430	0.0005	0.0541	0.0640	0.0001	0.0019	0.0031	0.0007
73	125	0.4631	5	1	1	0	0	0	0	0	0	N	N	N	N	N	N	N	N	N	N	N	N	5.5134	4.2204	0.0375	4.3427	4.0124	6.1169	696.1987	1822.7986	0.0002	4.5999	5.2311	0.0002	7.1750	7.5997	0.0013	3.2495	3.8439	0.0000	0.8343	1.2395	0.0056	1.6522	1.8940	0.0002	0.0047	0.0021	0.0069	0.0000	0.0022	-0.8022	-0.2680	6.9070	5.9920	16.5673	12.2976	1.8185	1.8185	0.0000	0.9758	0.9758	0.0000	0.8427	0.8427	0.0000	0.5875	0.5862	0.0013	0.5858	0.5858	0.0000	0.0016	0.0003	0.0013	0.3953	0.3476	0.0477	0.1360	0.1284	0.0076	0.2593	0.2192	0.0401	0.7041	0.4729	0.2312	0.3546	0.3093	0.0453	0.3495	0.1636	0.1859	5.5134	4.2204	0.0375	4.3427	4.0124	6.1169	696.1987	1822.7986	0.0002	0.8343	1.2395	0.0056	1.6522	1.8940	0.0002	0.0047	0.0021	0.0069
73	126	0.5002	7	1	2	0	0	0	0	0	0	N	Y	N	N	N	N	N	N	N	N	N	N	0.0050	0.0039	0.0001	0.0053	0.0050	0.0000	0.0045	0.0027	0.0002	0.0073	0.0083	0.0000	0.0030	0.0032	0.0000	0.0104	0.0123	0.0000	1.4565	2.1226	0.0063	0.5644	0.6369	0.0138	2.2815	4.5428	0.0047	0.0000	0.0014	-0.0012	-0.5711	6.9070	5.0407	16.5673	17.1705	0.0028	0.0028	0.0000	0.0005	0.0005	0.0000	0.0023	0.0023	0.0000	1.2496	1.2479	0.0017	0.2327	0.2320	0.0007	1.0169	1.0159	0.0011	0.3820	0.3368	0.0452	0.1597	0.1501	0.0096	0.2224	0.1867	0.0356	0.8580	0.5879	0.2700	0.4122	0.3643	0.0479	0.4457	0.2236	0.2221	0.0050	0.0039	0.0001	0.0053	0.0050	0.0000	0.0045	0.0027	0.0002	1.4565	2.1226	0.0063	0.5644	0.6369	0.0138	2.2815	4.5428	0.0047
73	127	0.4842	6	1	2	0	0	0	0	0	0	N	Y	N	N	N	N	N	N	N	N	N	N	0.0010	0.0010	0.0019	0.0016	0.0016	0.0003	0.0006	0.0001	0.0020	0.0010	0.0008	0.0026	0.0016	0.0017	0.0000	0.0006	0.0000	0.0032	0.9891	0.8158	1.3746	0.9895	1.0899	0.0109	0.9888	0.3333	1.6065	0.4677	0.7580	-0.0000	-0.0115	6.9070	1.9703	16.5673	6.2034	0.0002	0.0001	0.0001	0.0001	0.0001	0.0000	0.0001	0.0000	0.0001	0.4231	0.2407	0.1824	0.2053	0.2051	0.0002	0.2178	0.0356	0.1822	0.1589	0.1393	0.0197	0.0653	0.0616	0.0037	0.0937	0.0776	0.0160	0.4278	0.2950	0.1327	0.2074	0.1882	0.0193	0.2203	0.1069	0.1134	0.0010	0.0010	0.0019	0.0016	0.0016	0.0003	0.0006	0.0001	0.0020	0.9891	0.8158	1.3746	0.9895	1.0899	0.0109	0.9888	0.3333	1.6065
73	128	0.4631	5	1	1	0	0	0	0	0	0	N	N	N	N	N	N	N	N	N	N	N	N	0.0003	0.0000	0.0032	0.0067	0.0076	0.0000	0.0002	0.0000	0.0032	0.0008	0.0001	0.0060	0.0001	0.0001	0.0000	0.0011	0.0000	0.0071	3.0752	3.6970	1.8638	0.0187	0.0173	0.0300	6.2027	11.5111	2.2303	14.5783	0.2588	0.0000	-0.3206	6.9070	1.1032	16.5673	7.8190	0.0001	0.0000	0.0001	0.0000	0.0000	0.0000	0.0001	0.0000	0.0001	1.2683	1.0076	0.2607	0.0039	0.0032	0.0007	1.2644	1.0044	0.2600	0.0748	0.0656	0.0091	0.0258	0.0244	0.0014	0.0489	0.0413	0.0077	0.4124	0.2725	0.1399	0.2086	0.1853	0.0233	0.2038	0.0873	0.1166	0.0003	0.0000	0.0032	0.0067	0.0076	0.0000	0.0002	0.0000	0.0032	3.0752	3.6970	1.8638	0.0187	0.0173	0.0300	6.2027	11.5111	2.2303
73	129	0.2393	5	1	2	0	0	0	0	0	0	N	Y	N	N	N	N	N	N	N	N	N	N	25.4361	29.0398	0.0000	1.0966	1.4800	0.0000	151.4458	183.9095	0.0000	0.0023	0.0032	0.0000	0.0002	0.0002	0.0000	0.0060	0.0104	0.0000	0.0001	0.0001	0.0001	0.0001	0.0001	0.0003	0.0000	0.0001	0.0000	0.0000	0.3163	-0.0008	-0.0000	6.9070	1.0033	16.5673	0.8635	0.0019	0.0019	0.0000	0.0001	0.0001	0.0000	0.0018	0.0018	0.0000	0.0001	0.0001	0.0000	0.0001	0.0001	0.0000	0.0000	0.0000	0.0000	0.8014	0.5872	0.2142	0.5037	0.4141	0.0897	0.2977	0.1731	0.1245	0.9971	0.6337	0.3634	0.5186	0.4857	0.0329	0.4785	0.1480	0.3305	25.4361	29.0398	0.0000	1.0966	1.4800	0.0000	151.4458	183.9095	0.0000	0.0001	0.0001	0.0001	0.0001	0.0001	0.0003	0.0000	0.0001	0.0000
73	130	0.2100	4	1	1	0	0	0	0	0	0	N	N	N	N	N	N	N	N	N	N	N	N	16.8877	23.7467	0.0285	0.2477	0.3198	0.0170	67.7351	2277.8713	0.0149	0.8722	1.1337	0.0017	0.0208	0.0232	0.0044	1.7060	2.5419	0.0006	0.0516	0.0477	0.0589	0.0838	0.0726	0.2584	0.0252	0.0011	0.0421	0.0004	0.6630	-0.3948	-0.0056	6.9070	5.5514	16.5673	9.9598	0.8960	0.8956	0.0004	0.0106	0.0103	0.0003	0.8854	0.8853	0.0001	0.0933	0.0561	0.0372	0.0683	0.0556	0.0127	0.0250	0.0005	0.0245	1.0273	0.7900	0.2372	0.5082	0.4417	0.0665	0.5190	0.3483	0.1707	1.8065	1.1752	0.6313	0.8151	0.7660	0.0491	0.9914	0.4092	0.5822	16.8877	23.7467	0.0285	0.2477	0.3198	0.0170	67.7351	2277.8713	0.0149	0.0516	0.0477	0.0589	0.0838	0.0726	0.2584	0.0252	0.0011	0.0421
73	131	0.1796	3	1	1	0	0	0	0	0	0	N	N	N	N	N	N	N	N	N	N	N	N	0.7375	1.4602	0.0146	0.8380	0.9389	0.0300	0.6709	8.9917	0.0120	0.2118	0.2645	0.0069	0.2349	0.2548	0.0130	0.1960	0.2730	0.0057	0.2872	0.1811	0.4716	0.2804	0.2714	0.4322	0.2922	0.0304	0.4743	0.0067	1.4984	-0.1061	0.0836	6.9070	9.1969	16.5673	13.4651	0.2442	0.2425	0.0016	0.1101	0.1096	0.0005	0.1341	0.1330	0.0011	0.5915	0.2368	0.3548	0.2427	0.2219	0.0208	0.3488	0.0149	0.3339	1.1526	0.9171	0.2355	0.4685	0.4300	0.0386	0.6841	0.4871	0.1969	2.0595	1.3072	0.7523	0.8658	0.8176	0.0482	1.1937	0.4897	0.7041	0.7375	1.4602	0.0146	0.8380	0.9389	0.0300	0.6709	8.9917	0.0120	0.2872	0.1811	0.4716	0.2804	0.2714	0.4322	0.2922	0.0304	0.4743
73	132	0.5600	9	2	2	0	1	0	0	0	0	Y	Y	N	N	N	N	N	N	N	N	N	N	2226.0002	1747.2006	0.0000	5.8569	5.2737	0.0000	6888952.1939	inf	0.0000	1.5023	1.6988	0.0000	0.0074	0.0079	0.0000	2.4192	2.8541	0.0000	0.0007	0.0010	0.0000	0.0013	0.0015	0.0000	0.0000	0.0000	0.0000	0.0000	0.0016	-0.0492	-0.0000	6.9070	1.0000	16.5673	3.0001	0.1115	0.1115	0.0000	0.0002	0.0002	0.0000	0.1113	0.1113	0.0000	0.0001	0.0001	0.0000	0.0001	0.0001	0.0000	0.0000	0.0000	0.0000	0.0742	0.0656	0.0086	0.0282	0.0266	0.0016	0.0460	0.0390	0.0070	0.1336	0.0926	0.0410	0.0709	0.0602	0.0107	0.0626	0.0324	0.0303	2226.0002	1747.2006	0.0000	5.8569	5.2737	0.0000	6888952.1939	inf	0.0000	0.0007	0.0010	0.0000	0.0013	0.0015	0.0000	0.0000	0.0000	0.0000
73	133	0.1888	5	2	2	0	1	0	0	0	0	Y	Y	N	N	N	N	N	N	N	N	N	N	0.0000	0.0000	0.0000	0.0000	0.0000	0.0000	0.0000	0.0000	0.0000	0.0000	0.0000	0.0000	0.0000	0.0000	0.0000	0.0000	0.0000	0.2935	0.4537	0.0000	1.1081	1.1804	0.0001	0.0000	0.0000	0.0000	0.0000	0.0000	-0.0117	6.9070	0.0006	16.5673	1.9797	0.0000	0.0000	0.0000	0.0000	0.0000	0.0000	0.0000	0.0000	0.0000	0.0256	0.0256	0.0000	0.0256	0.0256	0.0000	0.0000	0.0000	0.0000	0.0001	0.0001	0.0000	0.0000	0.0000	0.0000	0.0000	0.0000	0.0000	0.0873	0.0565	0.0308	0.0231	0.0217	0.0014	0.0642	0.0348	0.0294	0.0000	0.0000	0.0000	0.0000	0.0000	0.0000	0.0000	0.0000	0.0000	0.2935	0.4537	0.0000	1.1081	1.1804	0.0001	0.0000	0.0000	0.0000		
73	134	0.1720	4	2	2	0	1	0	0	0	0	Y	Y	N	N	N	N	N	N	N	N	N	N	0.0000	0.0000	0.0000	0.0000	0.0000	0.0000	0.0000	0.0000	0.0000	0.0000	0.0000	0.0000	0.0000	0.0000	0.0000	0.0000	0.0000	0.0022	0.0034	0.0000	0.0094	0.0099	0.0001	0.0000	0.0000	0.0000	0.0013	0.0000	-0.0003	6.9070	2.0077	16.5673	6.0321	0.0000	0.0000	0.0000	0.0000	0.0000	0.0000	0.0000	0.0000	0.0000	0.0007	0.0007	0.0000	0.0007	0.0007	0.0000	0.0000	0.0000	0.0000	0.1640	0.1448	0.0192	0.0459	0.0445	0.0014	0.1181	0.1003	0.0178	0.3231	0.2050	0.1180	0.0748	0.0710	0.0038	0.2482	0.1340	0.1143	0.0000	0.0000	0.0000	0.0000	0.0000	0.0000	0.0000	0.0000	0.0000	0.0022	0.0034	0.0000	0.0094	0.0099	0.0001	0.0000	0.0000	0.0000		
73	135	0.1672	4	1	2	0	1	0	0	0	0	N	Y	N	N	N	N	N	N	N	N	N	N	0.2907	0.2115	0.1248	0.2647	0.2642	0.0001	2.5207	17.9122	0.2504	0.0090	0.0102	0.0001	0.0298	0.0310	0.0000	0.0003	0.0004	0.0001	0.0310	0.0483	0.0004	0.1127	0.1172	0.0066	0.0001	0.0000	0.0002	0.0007	0.0050	-0.0010	-0.0081	6.9070	3.0348	16.5673	9.3583	0.0023	0.0023	0.0000	0.0022	0.0022	0.0000	0.0001	0.0001	0.0000	0.0178	0.0177	0.0001	0.0178	0.0177	0.0000	0.0001	0.0000	0.0000	0.2503	0.2207	0.0296	0.0738	0.0711	0.0027	0.1766	0.1496	0.0270	0.5744	0.3670	0.2074	0.1576	0.1512	0.0064	0.4168	0.2158	0.2011	0.2907	0.2115	0.1248	0.2647	0.2642	0.0001	2.5207	17.9122	0.2504	0.0310	0.0483	0.0004	0.1127	0.1172	0.0066	0.0001	0.0000	0.0002
73	136	0.1529	3	1	1	0	1	0	0	0	0	N	N	N	N	N	N	N	N	N	N	N	N	2.8085	2.1645	4.3973	0.0351	0.0411	0.0300	800.6260	4599.3167	9.8719	0.3544	0.4327	0.0082	0.0195	0.0239	0.0004	0.6457	0.7869	0.0151	0.1262	0.1999	0.0019	0.5559	0.5802	0.0145	0.0008	0.0002	0.0015	0.0043	0.0055	-0.0010	-0.0160	6.9070	0.0433	16.5673	6.6805	0.0023	0.0022	0.0000	0.0001	0.0001	0.0000	0.0022	0.0022	0.0000	0.0353	0.0351	0.0002	0.0351	0.0351	0.0000	0.0002	0.0000	0.0002	0.0064	0.0052	0.0012	0.0030	0.0024	0.0006	0.0034	0.0028	0.0006	0.2795	0.1755	0.1040	0.0631	0.0604	0.0027	0.2164	0.1150	0.1013	2.8085	2.1645	4.3973	0.0351	0.0411	0.0300	800.6260	4599.3167	9.8719	0.1262	0.1999	0.0019	0.5559	0.5802	0.0145	0.0008	0.0002	0.0015
73	137	0.5896	11	1	2	0	1	0	0	0	0	N	Y	N	N	N	N	N	N	N	N	N	N	0.0000	0.0000	0.0000	0.0000	0.0000	0.0000	0.0000	0.0000	0.0000	0.0000	0.0000	0.0000	0.0000	0.0000	0.0000	0.0000	0.0000	0.0000	0.0000	0.0000	6.9070	0.0000	16.5673	0.0000	0.0000	0.0000	0.0000	0.0000	0.0000	0.0000	0.0000	0.0000	0.0000	0.0000	0.0000	0.0000	0.0000	0.0000	0.0000	0.0000	0.0000	0.0000	0.0000	0.0000	0.0000	0.0000	0.0000	0.0000	0.0000	0.0000	0.0000	0.0000	0.0000	0.0000	0.0000	0.0000	0.0000	0.0000	0.0000	0.0000	0.0000	0.0000	0.0000	0.0000	0.0000	0.0000	0.0000	0.0000	0.0000	0.0000	0.0000	0.0000	0.0000	0.0000	0.0000	0.0000	0.0000	0.0000											
73	138	0.5845	10	1	2	0	1	0	0	0	0	N	Y	N	N	N	N	N	N	N	N	N	N	8790.2031	7137.4517	7049.3458	6234.7824	0.0608	0.0707	0.0000	0.0939	0.0964	0.0000	0.0000	0.0000	0.0000	0.0000	0.0000	0.0000	0.0000	0.0000	0.0000	0.0000	0.0000	0.0000	0.0000	0.0000	-0.0000	-0.0000	6.9070	0.0021	16.5673	2.0000	0.0000	0.0000	0.0000	0.0000	0.0000	0.0000	0.0000	0.0000	0.0000	0.0000	0.0000	0.0000	0.0000	0.0000	0.0000	0.0000	0.0000	0.0000	0.0004	0.0003	0.0001	0.0002	0.0002	0.0000	0.0001	0.0001	0.0000	0.0676	0.0472	0.0204	0.0351	0.0302	0.0049	0.0325	0.0170	0.0156	8790.2031	7137.4517	0.0000	7049.3458	6234.7824	0.0000	0.0000	0.0000	0.0000	0.0000	0.0000	0.0000	0.0000	0.0000	0.0000	0.0000	0.0000	0.0000					
73	139	0.5743	9	1	1	0	1	0	0	0	0	N	N	N	N	N	N	N	N	N	N	N	N	428.6854	340.3073	0.0000	599.9484	544.0311	0.0000	0.0000	0.0000	3.4433	3.8896	0.0000	9.1844	9.6842	0.0000	0.0000	0.0000	0.0000	0.0080	0.0114	0.0003	0.0153	0.0178	0.0002	0.0001	0.0000	0.0003	0.0000	0.0102	-0.1134	-0.0005	6.9070	1.0020	16.5673	3.0181	0.2570	0.2570	0.0000	0.2570	0.2570	0.0000	0.0000	0.0000	0.0000	0.0011	0.0011	0.0000	0.0011	0.0011	0.0000	0.0000	0.0000	0.0000	0.0746	0.0661	0.0086	0.0280	0.0265	0.0014	0.0466	0.0395	0.0071	0.1369	0.0953	0.0417	0.0713	0.0612	0.0101	0.0657	0.0341	0.0316	428.6854	340.3073	0.0000	599.9484	544.0311	0.0000	0.0000	0.0000	0.0000	0.0080	0.0114	0.0003	0.0153	0.0178	0.0002	0.0001	0.0000	0.0003	
73	140	0.5600	9	1	2	0	0	0	0	0	0	N	Y	N	N	N	N	N	N	N	N	N	N	0.0000	0.0000	0.0000	0.0000	0.0000	0.0000	0.0000	0.0000	0.0000	0.0000	0.0000	0.0000	0.0000	0.0000	0.0000	0.0000	0.0000	9.7861	0.0001	51.8297	0.0155	0.0002	0.1017	15.4268	0.0000	64.7006	95856.0148	0.0000	0.5192	6.9070	0.0000	16.5673	4.0001	0.0000	0.0000	0.0000	0.0000	0.0000	0.0000	0.0000	0.0000	0.0000	0.9586	0.0000	0.9586	0.0011	0.0000	0.0011	0.9575	0.0000	0.9575	0.0000	0.0000	0.0000	0.0000	0.0000	0.0000	0.0000	0.0000	0.0000	0.1336	0.0926	0.0410	0.0709	0.0602	0.0107	0.0626	0.0324	0.0303	0.0000	0.0000	0.0000	0.0000	0.0000	0.0000	0.0000	0.0000	0.0000	7.1763	0.0001	23.3729	0.0155	0.0002	0.1017	15.2837	0.0000	31.6043		
73	141	0.1675	3	1	2	0	0	0	0	0	0	N	Y	N	N	N	N	N	N	N	N	N	N	0.0000	0.0000	0.0004	0.0000	0.0000	0.0000	0.0001	0.0000	0.0004	0.0000	0.0000	0.0000	0.0000	0.0000	0.0000	0.0000	0.0000	0.0000	0.0085	0.0098	0.0062	0.0262	0.0272	0.0050	0.0029	0.0000	0.0062	16.8571	0.3659	0.0000	-0.0004	6.9070	1.0003	16.5673	5.0186	0.0000	0.0000	0.0000	0.0000	0.0000	0.0000	0.0000	0.0000	0.0000	0.0022	0.0016	0.0006	0.0016	0.0016	0.0000	0.0006	0.0000	0.0006	0.0824	0.0727	0.0097	0.0232	0.0225	0.0008	0.0592	0.0503	0.0089	0.2531	0.1601	0.0929	0.0607	0.0579	0.0028	0.1924	0.1023	0.0901	0.0000	0.0000	0.0004	0.0000	0.0000	0.0000	0.0001	0.0000	0.0004	0.0085	0.0098	0.0062	0.0262	0.0272	0.0050	0.0029	0.0000	0.0062
73	142	0.5743	9	1	1	1	1	0	0	0	0	N	N	N	N	N	N	N	N	N	N	N	N	0.0000	0.0000	0.0000	0.0000	0.0000	0.0000	0.0000	0.0000	0.0000	0.0000	0.0000	0.0000	0.0000	0.0000	0.0000	0.0000	0.0000	0.0000	3.3444	4.9629	0.0006	0.3537	0.4123	0.0005	6.5774	12.6274	0.0006	0.0001	0.0000	-0.4602	6.9070	0.0001	16.5673	9.0026	0.0000	0.0000	0.0000	0.0000	0.0000	0.0000	0.0000	0.0000	0.0000	1.0042	1.0041	0.0001	0.0552	0.0552	0.0000	0.9490	0.9490	0.0000	0.0001	0.0000	0.0000	0.0000	0.0000	0.0000	0.0000	0.0000	0.0000	0.3003	0.2089	0.0913	0.1560	0.1338	0.0222	0.1443	0.0752	0.0691	0.0000	0.0000	0.0000	0.0000	0.0000	0.0000	0.0000	0.0000	0.0000	3.3444	4.8057	0.0006	0.3537	0.4123	0.0005	6.5774	12.6274	0.0006	
73	143	0.1529	3	1	1	1	1	0	0	0	0	N	N	N	N	N	N	N	N	N	N	N	N	0.0000	0.0000	0.0000	0.0000	0.0000	0.0000	0.0000	0.0000	0.0000	0.0000	0.0000	0.0000	0.0000	0.0000	0.0000	0.0000	0.0000	0.0000	2.4204	3.8533	0.0000	0.4026	0.4209	0.0001	2.9974	5.6109	0.0000	0.0000	0.0000	-0.0000	-0.4517	6.9070	2.0061	16.5673	8.0425	0.0000	0.0000	0.0000	0.0000	0.0000	0.0000	0.0000	0.0000	0.0000	0.9854	0.9854	0.0000	0.0364	0.0364	0.0000	0.9490	0.9490	0.0000	0.1655	0.1457	0.0198	0.0490	0.0468	0.0022	0.1165	0.0989	0.0175	0.4071	0.2557	0.1514	0.0905	0.0866	0.0039	0.3166	0.1691	0.1475	0.0000	0.0000	0.0000	0.0000	0.0000	0.0000	0.0000	0.0000	0.0000	2.4204	3.8533	0.0000	0.4026	0.4209	0.0001	2.9974	5.6109	0.0000
73	144	0.1438	2	1	1	0	1	0	0	0	0	N	N	N	N	N	N	N	N	N	N	N	N	0.1935	0.1428	0.0000	0.2185	0.2298	0.0000	0.0000	0.0000	0.0000	0.0113	0.0137	0.0000	0.0325	0.0351	0.0000	0.0000	0.0000	0.0000	0.0584	0.0958	0.0012	0.1488	0.1526	0.0112	0.0006	0.0000	0.0010	0.0000	0.0084	-0.0010	-0.0109	6.9070	1.9550	16.5673	2.1189	0.0023	0.0023	0.0000	0.0023	0.0023	0.0000	0.0000	0.0000	0.0000	0.0243	0.0241	0.0002	0.0241	0.0241	0.0000	0.0002	0.0000	0.0002	0.2079	0.1719	0.0360	0.0723	0.0670	0.0053	0.1356	0.1049	0.0307	0.4156	0.2515	0.1641	0.1622	0.1578	0.0045	0.2534	0.0937	0.1597	0.1935	0.1428	0.0000	0.2185	0.2298	0.0000	0.0000	0.0000	0.0000	0.0584	0.0958	0.0012	0.1488	0.1526	0.0112	0.0006	0.0000	0.0010
73	145	0.1438	2	1	1	1	1	0	0	0	0	N	N	N	N	N	N	N	N	N	N	N	N	0.0011	0.0000	0.0059	0.0000	0.0000	0.0000	0.0030	0.0000	0.0071	0.0000	0.0000	0.0003	0.0000	0.0000	0.0000	0.0001	0.0000	0.0003	0.0412	0.0390	0.0449	0.0895	0.0899	0.0804	0.0226	0.0000	0.0440	inf	0.7068	0.0000	-0.0019	6.9070	2.1261	16.5673	18.6477	0.0000	0.0000	0.0000	0.0000	0.0000	0.0000	0.0000	0.0000	0.0000	0.0426	0.0249	0.0176	0.0257	0.0249	0.0008	0.0169	0.0000	0.0169	0.2216	0.1840	0.0376	0.0761	0.0707	0.0054	0.1455	0.1134	0.0322	1.0329	0.6398	0.3931	0.2870	0.2776	0.0094	0.7459	0.3622	0.3837	0.0011	0.0000	0.0059	0.0000	0.0000	0.0000	0.0030	0.0000	0.0071	0.0412	0.0390	0.0449	0.0895	0.0899	0.0804	0.0226	0.0000	0.0440
73	146	0.5743	9	1	1	1	1	0	0	0	0	N	N	N	N	N	N	N	N	N	N	N	N	0.0578	0.0457	0.0000	0.0806	0.0730	0.0000	0.0000	0.0000	0.0003	0.0004	0.0000	0.0009	0.0009	0.0000	0.0000	0.0000	0.0000	0.0058	0.0083	0.0001	0.0112	0.0130	0.0001	0.0001	0.0000	0.0002	0.0000	0.0076	-0.0000	-0.0007	6.9070	2.0001	16.5673	5.9880	0.0001	0.0001	0.0000	0.0001	0.0001	0.0000	0.0000	0.0000	0.0000	0.0016	0.0015	0.0000	0.0016	0.0015	0.0000	0.0000	0.0000	0.0000	0.1483	0.1313	0.0170	0.0555	0.0527	0.0029	0.0927	0.0786	0.0141	0.2674	0.1861	0.0813	0.1390	0.1192	0.0198	0.1285	0.0669	0.0616	0.0578	0.0457	0.0000	0.0806	0.0730	0.0000	0.0000	0.0000	0.0000	0.0058	0.0083	0.0001	0.0112	0.0130	0.0001	0.0001	0.0000	0.0002	
73	147	0.5743	9	1	1	1	1	0	0	0	0	N	N	N	N	N	N	N	N	N	N	N	N	0.6283	0.5011	0.1499	0.3454	0.3151	0.0000	39.0916	inf	0.2957	1.2994	1.4636	0.0166	1.3776	1.4511	0.0000	1.2527	1.4720	0.0199	2.0680	2.9211	0.1108	3.9883	4.6047	0.2484	0.0320	0.0000	0.0674	0.0015	0.0165	-0.3696	-0.9040	6.9070	9.0001	16.5673	23.0169	0.8407	0.8395	0.0012	0.3329	0.3329	0.0000	0.5078	0.5066	0.0012	2.0449	2.0116	0.0333	2.0295	2.0116	0.0179	0.0154	0.0000	0.0154	0.6470	0.5736	0.0734	0.2417	0.2295	0.0122	0.4053	0.3441	0.0612	0.9888	0.6887	0.3001	0.5089	0.4369	0.0720	0.4799	0.2518	0.2281	0.6283	0.5011	0.1499	0.3454	0.3151	0.0000	39.0916	inf	0.2957	2.0680	2.9211	0.1108	3.9883	4.6047	0.2484	0.0320	0.0000	0.0674
73	148	0.5490	8	1	1	0	1	0	0	0	0	N	N	N	N	N	N	N	N	N	N	N	N	0.0001	0.0001	0.0000	0.0002	0.0002	0.0000	0.0000	0.0000	0.0000	0.0000	0.0000	0.0000	0.0000	0.0000	0.0000	0.0000	0.0000	0.0000	0.0083	0.0054	0.0147	0.0081	0.0081	0.0077	0.0085	0.0002	0.0170	0.0000	1.2105	-0.0000	0.0003	6.9070	1.9990	16.5673	7.9526	0.0000	0.0000	0.0000	0.0000	0.0000	0.0000	0.0000	0.0000	0.0000	0.0030	0.0013	0.0016	0.0015	0.0013	0.0002	0.0014	0.0000	0.0014	0.1493	0.1318	0.0175	0.0571	0.0538	0.0033	0.0921	0.0780	0.0141	0.3590	0.2482	0.1108	0.1908	0.1632	0.0277	0.1681	0.0850	0.0831	0.0001	0.0001	0.0000	0.0002	0.0002	0.0000	0.0000	0.0000	0.0000	0.0083	0.0054	0.0147	0.0081	0.0081	0.0077	0.0085	0.0002	0.0170
73	149	0.5171	7	2	2	0	0	0	0	0	0	Y	Y	N	N	N	N	N	N	N	N	N	N	0.0120	0.0169	0.0106	0.0121	0.0174	0.0000	0.0143	0.0603	0.0174	0.0001	0.0001	0.0002	0.0002	0.0002	0.0000	0.0001	0.0001	0.0003	0.0114	0.0074	0.0212	0.0142	0.0104	0.0397	0.0080	0.0014	0.0153	0.2418	1.1764	-0.0000	0.0008	6.9070	5.3497	16.5673	17.2225	0.0001	0.0000	0.0000	0.0000	0.0000	0.0000	0.0000	0.0000	0.0000	0.0097	0.0045	0.0052	0.0065	0.0042	0.0024	0.0032	0.0003	0.0029	0.4355	0.3840	0.0515	0.1654	0.1576	0.0078	0.2701	0.2264	0.0437	0.8514	0.6037	0.2477	0.4588	0.3990	0.0597	0.3926	0.2046	0.1879	0.0120	0.0169	0.0106	0.0121	0.0174	0.0000	0.0143	0.0603	0.0174	0.0114	0.0074	0.0212	0.0142	0.0104	0.0397	0.0080	0.0014	0.0153
73	150	0.5479	8	1	2	0	0	0	0	0	0	N	Y	N	N	N	N	N	N	N	N	N	N	1.7955	1.5180	0.0828	89.8346	164.1293	0.1107	0.0319	0.0207	0.0540	1.9374	2.2488	0.0083	3.8352	4.2104	0.0164	0.0745	0.0906	0.0045	1.0791	1.4814	0.0998	0.0427	0.0257	0.1481	2.3374	4.3843	0.0827	0.0006	0.0277	-0.3867	-0.4440	6.9070	3.6794	16.5673	17.4287	0.8779	0.8774	0.0005	0.8608	0.8605	0.0003	0.0170	0.0168	0.0002	1.0291	1.0014	0.0277	0.0223	0.0115	0.0108	1.0067	0.9898	0.0169	0.4531	0.3901	0.0630	0.2245	0.2044	0.0201	0.2287	0.1858	0.0429	0.9537	0.6759	0.2777	0.5230	0.4502	0.0728	0.4307	0.2258	0.2049	1.7955	1.5180	0.0828	89.8346	164.1293	0.1107	0.0319	0.0207	0.0540	1.0791	1.4814	0.0998	0.0427	0.0257	0.1481	2.3374	4.3843	0.0827
73	151	0.5171	7	1	2	0	0	0	0	0	0	N	Y	N	N	N	N	N	N	N	N	N	N	129.6488	145.0853	225.6390	252.7076	216.2492	744.0884	77.6755	83.2942	108.1254	6.9794	4.4791	25.4785	7.9030	3.0743	113.3725	6.3919	5.5049	10.8171	0.0538	0.0309	0.1129	0.0313	0.0142	0.1524	0.0823	0.0661	0.1000	0.7688	1.4214	-0.0135	0.0040	6.9070	3.4464	16.5673	10.1316	2.0935	1.1835	0.9099	0.9217	0.3429	0.5789	1.1718	0.8407	0.3311	0.0314	0.0130	0.0184	0.0102	0.0041	0.0061	0.0212	0.0089	0.0123	0.2999	0.2642	0.0357	0.1166	0.1115	0.0051	0.1833	0.1527	0.0306	0.5836	0.4203	0.1633	0.3255	0.2853	0.0402	0.2581	0.1349	0.1231	129.6488	145.0853	225.6390	252.7076	216.2492	744.0884	77.6755	83.2942	108.1254	0.0538	0.0309	0.1129	0.0313	0.0142	0.1524	0.0823	0.0661	0.1000
73	152	0.1743	5	2	2	0	0	0	0	0	0	Y	Y	N	N	N	N	N	N	N	N	N	N	0.0000	0.0000	0.0000	0.0000	0.0000	0.0000	0.0000	0.0000	0.0000	0.0000	0.0000	0.0000	0.0000	0.0000	0.0000	0.0000	0.0000	0.0000	2.2606	3.5533	0.0000	1.3109	1.3803	0.0007	2.5485	4.7091	0.0000	0.0000	0.0000	-0.5324	6.9070	1.0143	16.5673	12.0086	0.0000	0.0000	0.0000	0.0000	0.0000	0.0000	0.0000	0.0000	0.0000	1.1615	1.1615	0.0000	0.1567	0.1567	0.0000	1.0048	1.0048	0.0000	0.0839	0.0741	0.0099	0.0238	0.0231	0.0007	0.0602	0.0510	0.0091	0.5138	0.3269	0.1869	0.1195	0.1135	0.0060	0.3943	0.2134	0.1809	0.0000	0.0000	0.0000	0.0000	0.0000	0.0000	0.0000	0.0000	0.0000	2.2606	3.5533	0.0000	1.3109	1.3803	0.0007	2.5485	4.7091	0.0000	
73	153	0.1720	4	2	2	0	0	0	0	0	0	Y	Y	N	N	N	N	N	N	N	N	N	N	0.0000	0.0000	0.0000	0.0000	0.0000	0.0000	0.0000	0.0000	0.0000	0.0000	0.0000	0.0000	0.0000	0.0000	0.0000	0.0000	0.0000	0.0000	0.1249	0.0100	0.3239	0.0139	0.0130	0.0322	0.1592	0.0084	0.3335	18.6384	0.0000	0.0026	6.9070	0.9811	16.5673	0.0216	0.0000	0.0000	0.0000	0.0000	0.0000	0.0000	0.0000	0.0000	0.0000	0.0053	0.0003	0.0050	0.0001	0.0001	0.0000	0.0051	0.0001	0.0050	0.0808	0.0713	0.0095	0.0227	0.0220	0.0007	0.0581	0.0493	0.0088	0.0421	0.0267	0.0154	0.0099	0.0095	0.0005	0.0322	0.0173	0.0149	0.0000	0.0000	0.0000	0.0000	0.0000	0.0000	0.0000	0.0000	0.0000	0.1249	0.0100	0.3239	0.0139	0.0130	0.0322	0.1592	0.0084	0.3335	
73	154	0.1675	3	2	2	0	0	0	0	0	0	Y	Y	N	N	N	N	N	N	N	N	N	N	0.0028	0.0035	0.0057	0.0017	0.0031	0.0000	0.0038	0.0000	0.0097	0.0000	0.0000	0.0001	0.0000	0.0000	0.0000	0.0000	0.0000	0.0002	0.0078	0.0004	0.0203	0.0016	0.0011	0.0148	0.0099	0.0000	0.0205	16.8571	27.9306	0.0000	0.0004	6.9070	0.0083	16.5673	2.0001	0.0000	0.0000	0.0000	0.0000	0.0000	0.0000	0.0000	0.0000	0.0000	0.0007	0.0000	0.0007	0.0000	0.0000	0.0000	0.0007	0.0000	0.0007	0.0011	0.0009	0.0002	0.0005	0.0004	0.0001	0.0006	0.0005	0.0001	0.0924	0.0583	0.0341	0.0239	0.0229	0.0010	0.0685	0.0354	0.0331	0.0028	0.0035	0.0057	0.0017	0.0031	0.0000	0.0038	0.0000	0.0097	0.0078	0.0004	0.0203	0.0016	0.0011	0.0148	0.0099	0.0000	0.0205
73	155	0.1438	2	1	2	0	0	0	0	0	0	N	Y	N	N	N	N	N	N	N	N	N	N	0.0001	0.0030	0.0001	0.0023	0.0042	0.0000	0.0000	0.0000	0.0001	0.0001	0.0001	0.0002	0.0002	0.0002	0.0000	0.0001	0.0000	0.0003	1.5779	0.0278	4.0358	0.0930	0.0547	1.3237	2.2797	0.0000	4.1055	0.4986	91.6244	-0.0000	0.5492	6.9070	2.9180	16.5673	7.4065	0.0000	0.0000	0.0000	0.0000	0.0000	0.0000	0.0000	0.0000	0.0000	1.0346	0.0112	1.0235	0.0196	0.0112	0.0084	1.0151	0.0000	1.0151	0.2849	0.2399	0.0449	0.0934	0.0875	0.0059	0.1915	0.1525	0.0390	0.6557	0.4021	0.2536	0.2104	0.2041	0.0064	0.4453	0.1980	0.2472	0.0001	0.0030	0.0001	0.0023	0.0042	0.0000	0.0000	0.0000	0.0001	1.5779	0.0278	4.0358	0.0930	0.0547	1.3237	2.2797	0.0000	4.1055
73	161	0.5676	11	2	2	0	0	0	0	0	0	Y	Y	N	N	N	N	N	N	N	N	N	N	0.0000	0.0000	0.0000	0.0000	0.0000	0.0000	0.0000	0.0000	0.0000	0.0000	0.0000	0.0000	0.0000	0.0000	0.0000	0.0000	0.0000	0.0000	0.0013	0.0018	0.0002	0.0025	0.0028	0.0007	0.0000	0.0000	0.0000	0.0508	0.0000	-0.0001	6.9070	0.0002	16.5673	3.0099	0.0000	0.0000	0.0000	0.0000	0.0000	0.0000	0.0000	0.0000	0.0000	0.0001	0.0001	0.0000	0.0001	0.0001	0.0000	0.0000	0.0000	0.0000	0.0000	0.0000	0.0000	0.0000	0.0000	0.0000	0.0000	0.0000	0.0000	0.1029	0.0717	0.0312	0.0546	0.0465	0.0081	0.0482	0.0252	0.0230	0.0000	0.0000	0.0000	0.0000	0.0000	0.0000	0.0000	0.0000	0.0000	0.0013	0.0018	0.0002	0.0025	0.0028	0.0007	0.0000	0.0000	0.0000	
73	162	0.5600	10	2	2	0	0	0	0	0	0	Y	Y	N	N	N	N	N	N	N	N	N	N	0.0000	0.0000	0.0000	0.0000	0.0000	0.0000	0.0000	0.0000	0.0000	0.0000	0.0000	0.0000	0.0000	0.0000	0.0000	0.0000	0.0000	0.0001	0.0001	0.0000	0.0001	0.0002	0.0000	0.0000	0.0000	0.0000	0.0466	0.0000	-0.0000	6.9070	0.9998	16.5673	2.0118	0.0000	0.0000	0.0000	0.0000	0.0000	0.0000	0.0000	0.0000	0.0000	0.0000	0.0000	0.0000	0.0000	0.0000	0.0000	0.0000	0.0000	0.0000	0.0742	0.0656	0.0086	0.0282	0.0266	0.0016	0.0460	0.0390	0.0070	0.1009	0.0699	0.0310	0.0536	0.0455	0.0081	0.0473	0.0244	0.0229	0.0000	0.0000	0.0000	0.0000	0.0000	0.0000	0.0000	0.0000	0.0000	0.0001	0.0001	0.0000	0.0001	0.0002	0.0000	0.0000	0.0000	0.0000		
73	163	0.5600	9	2	2	0	0	0	0	0	0	Y	Y	N	N	N	N	N	N	N	N	N	N	0.0000	0.0000	0.0000	0.0000	0.0000	0.0000	0.0000	0.0000	0.0000	0.0000	0.0000	0.0000	0.0000	0.0000	0.0000	0.0000	0.0000	0.0153	0.0127	0.0278	0.0284	0.0219	0.1253	0.0015	0.0000	0.0051	0.4545	0.0000	-0.0000	6.9070	0.0000	16.5673	0.0003	0.0000	0.0000	0.0000	0.0000	0.0000	0.0000	0.0000	0.0000	0.0000	0.0000	0.0000	0.0000	0.0000	0.0000	0.0000	0.0000	0.0000	0.0000	0.0000	0.0000	0.0000	0.0000	0.0000	0.0000	0.0000	0.0000	0.0000	0.0000	0.0000	0.0000	0.0000	0.0000	0.0000	0.0000	0.0000	0.0000	0.0000	0.0000	0.0000	0.0000	0.0000	0.0000	0.0000	0.0000	0.0000	0.0153	0.0127	0.0278	0.0284	0.0219	0.1253	0.0015	0.0000	0.0051		
73	164	0.5490	8	1	2	0	0	0	0	0	0	N	Y	N	N	N	N	N	N	N	N	N	N	0.0003	0.0003	0.0000	0.0003	0.0003	0.0000	0.0000	0.0000	0.0000	0.0000	0.0001	0.0000	0.0001	0.0001	0.0000	0.0000	0.0000	0.0000	0.1322	0.1832	0.0180	0.2344	0.2721	0.0033	0.0116	0.0001	0.0228	0.0000	0.0440	-0.0000	-0.0099	6.9070	0.0063	16.5673	4.3641	0.0000	0.0000	0.0000	0.0000	0.0000	0.0000	0.0000	0.0000	0.0000	0.0238	0.0228	0.0010	0.0228	0.0228	0.0000	0.0010	0.0000	0.0010	0.0021	0.0016	0.0004	0.0012	0.0010	0.0002	0.0009	0.0006	0.0002	0.1799	0.1244	0.0555	0.0974	0.0837	0.0137	0.0825	0.0406	0.0419	0.0003	0.0003	0.0000	0.0003	0.0003	0.0000	0.0000	0.0000	0.0000	0.1322	0.1832	0.0180	0.2344	0.2721	0.0033	0.0116	0.0001	0.0228
73	165	0.5171	7	1	1	0	0	0	0	0	0	N	N	N	N	N	N	N	N	N	N	N	N	0.0002	0.0331	0.0000	0.0264	0.0461	0.0000	0.0000	0.1077	0.0000	0.0003	0.0003	0.0001	0.0006	0.0007	0.0000	0.0001	0.0001	0.0001	1.7784	0.0101	6.3751	0.0243	0.0145	0.0946	4.0210	0.0007	9.1289	0.0339	242.7658	-0.0000	0.5274	6.9070	2.5207	16.5673	10.0226	0.0001	0.0001	0.0000	0.0001	0.0001	0.0000	0.0000	0.0000	0.0000	0.9812	0.0040	0.9772	0.0075	0.0039	0.0036	0.9737	0.0001	0.9736	0.2332	0.2053	0.0279	0.0926	0.0888	0.0038	0.1406	0.1165	0.0241	0.5517	0.3985	0.1533	0.3096	0.2717	0.0378	0.2421	0.1267	0.1154	0.0002	0.0331	0.0000	0.0264	0.0461	0.0000	0.0000	0.1077	0.0000	1.7784	0.0101	6.3751	0.0243	0.0145	0.0946	4.0210	0.0007	8.4340
73	166	0.5015	6	1	1	0	0	0	0	0	0	N	N	N	N	N	N	N	N	N	N	N	N	0.5031	0.1067	4.9728	0.1596	0.1585	0.0003	1.8688	0.0521	6.5478	0.0225	0.0052	0.1721	0.0095	0.0100	0.0000	0.0343	0.0002	0.2151	0.0447	0.0484	0.0346	0.0598	0.0630	0.0386	0.0183	0.0032	0.0329	3.8613	0.2615	0.0021	-0.0049	6.9070	2.6894	16.5673	4.6619	0.0061	0.0013	0.0048	0.0012	0.0012	0.0000	0.0049	0.0000	0.0048	0.0194	0.0153	0.0040	0.0165	0.0151	0.0014	0.0029	0.0003	0.0026	0.2707	0.2426	0.0281	0.1291	0.1235	0.0056	0.1416	0.1191	0.0225	0.4329	0.3170	0.1159	0.2751	0.2397	0.0354	0.1578	0.0773	0.0805	0.5031	0.1067	4.9728	0.1596	0.1585	0.0003	1.8688	0.0521	6.5478	0.0447	0.0484	0.0346	0.0598	0.0630	0.0386	0.0183	0.0032	0.0329
73	167	0.4631	5	1	1	0	0	0	0	0	0	N	N	N	N	N	N	N	N	N	N	N	N	4.3925	3.3330	0.5243	6.4157	5.9976	0.4558	5.8709	5.9434	0.5259	5.2543	5.9790	0.0054	15.1084	16.0056	0.0028	0.0758	0.0887	0.0060	1.1962	1.7939	0.0104	2.3549	2.6687	0.0061	0.0129	0.0149	0.0113	0.0001	0.0029	-0.4340	-0.2665	6.9070	2.7966	16.5673	8.5340	0.9842	0.9841	0.0001	0.9749	0.9749	0.0000	0.0093	0.0092	0.0001	0.5852	0.5835	0.0017	0.5821	0.5819	0.0002	0.0031	0.0016	0.0015	0.1873	0.1646	0.0227	0.0645	0.0609	0.0036	0.1228	0.1037	0.0191	0.4892	0.3253	0.1639	0.2472	0.2180	0.0291	0.2420	0.1072	0.1348	4.3925	3.3330	0.5243	6.4157	5.9976	0.4558	5.8709	5.9434	0.5259	1.1962	1.7939	0.0104	2.3549	2.6687	0.0061	0.0129	0.0149	0.0113
74	77	0.6050	10	0	1	0	2	0	0	0	0	N	N	N	Y	N	N	N	N	N	N	N	N	0.0000	0.0000	0.0001	0.0001	0.0000	0.0005	0.0000	0.0000	0.0000	0.0000	0.0000	0.0004	0.0000	0.0000	0.0000	0.0001	0.0000	0.0004	1.8227	0.0017	5.9031	0.0131	0.0026	0.0689	3.8868	0.0001	8.6265	inf	1536.5264	0.0000	0.5965	6.4226	0.3745	19.3377	14.7996	0.0000	0.0000	0.0000	0.0000	0.0000	0.0000	0.0000	0.0000	0.0000	1.1027	0.0007	1.1020	0.0042	0.0007	0.0035	1.0985	0.0000	1.0984	0.0215	0.0190	0.0025	0.0058	0.0056	0.0002	0.0157	0.0134	0.0023	0.6050	0.4183	0.1867	0.3224	0.2713	0.0511	0.2826	0.1470	0.1356	0.0000	0.0000	0.0001	0.0001	0.0000	0.0005	0.0000	0.0000	0.0001	1.8227	0.0017	5.9031	0.0131	0.0026	0.0689	3.8868	0.0001	8.1013
74	78	0.5827	9	0	1	0	2	0	0	0	0	N	N	N	Y	N	N	N	N	N	N	N	N	0.0443	0.0000	0.1021	0.0001	0.0000	0.0003	0.0304	0.0001	0.0892	0.0038	0.0000	0.0277	0.0000	0.0000	0.0000	0.0049	0.0000	0.0307	0.0851	0.0092	0.2718	0.0284	0.0126	0.1126	0.1608	0.0020	0.3440	21864.5255	12.0778	0.0001	0.0208	6.4226	1.4595	19.3377	10.3922	0.0003	0.0000	0.0003	0.0000	0.0000	0.0000	0.0003	0.0000	0.0003	0.0447	0.0034	0.0413	0.0085	0.0032	0.0053	0.0362	0.0002	0.0360	0.0685	0.0592	0.0093	0.0157	0.0148	0.0009	0.0528	0.0443	0.0084	0.5254	0.3734	0.1520	0.3003	0.2528	0.0475	0.2252	0.1206	0.1046	0.0443	0.0000	0.1021	0.0001	0.0000	0.0003	0.0304	0.0001	0.0892	0.0851	0.0092	0.2718	0.0284	0.0126	0.1126	0.1608	0.0020	0.3440
74	79	0.5686	8	0	1	0	2	0	0	0	0	N	N	N	Y	N	N	N	N	N	N	N	N	0.0020	0.0016	0.0040	0.0051	0.0049	0.0000	0.0011	0.0003	0.0033	0.0000	0.0000	0.0001	0.0001	0.0001	0.0000	0.0000	0.0000	0.0001	0.0160	0.0106	0.0295	0.0127	0.0140	0.0047	0.0205	0.0033	0.0400	1.2154	1.1076	0.0000	0.0004	6.4226	1.3861	19.3377	6.3168	0.0000	0.0000	0.0000	0.0000	0.0000	0.0000	0.0000	0.0000	0.0000	0.0063	0.0030	0.0033	0.0028	0.0027	0.0002	0.0034	0.0003	0.0032	0.0604	0.0517	0.0088	0.0126	0.0118	0.0009	0.0478	0.0399	0.0079	0.3927	0.2808	0.1119	0.2246	0.1913	0.0332	0.1681	0.0894	0.0787	0.0020	0.0016	0.0040	0.0051	0.0049	0.0000	0.0011	0.0003	0.0033	0.0160	0.0106	0.0295	0.0127	0.0140	0.0047	0.0205	0.0033	0.0400
74	80	0.5092	7	0	1	0	2	0	0	0	0	N	N	N	Y	N	N	N	N	N	N	N	N	0.0009	0.0081	0.0000	0.0000	0.0000	0.0011	0.0005	0.0166	0.0000	0.0013	0.0015	0.0000	0.0000	0.0000	0.0000	0.0016	0.0019	0.0000	1.4456	0.1856	4.0800	0.1888	0.2204	0.0453	3.0287	0.1133	5.9039	0.0040	10.5127	-0.0001	0.5172	6.4226	4.0043	19.3377	19.8631	0.0002	0.0002	0.0000	0.0000	0.0000	0.0000	0.0002	0.0002	0.0000	1.1372	0.0988	1.0385	0.0828	0.0792	0.0036	1.0545	0.0196	1.0349	0.1643	0.1401	0.0242	0.0302	0.0282	0.0020	0.1341	0.1119	0.0222	0.7867	0.5322	0.2545	0.4386	0.3593	0.0792	0.3482	0.1729	0.1753	0.0009	0.0081	0.0000	0.0000	0.0000	0.0011	0.0005	0.0166	0.0000	1.4456	0.1856	4.0800	0.1888	0.2204	0.0453	3.0287	0.1133	5.9039
74	81	0.4828	9	0	2	1	1	0	0	0	0	N	Y	N	N	N	N	N	N	N	N	N	N	115.0390	74.2144	351.1762	178.3490	192.4082	134.5096	75.5005	0.6759	413.7289	0.0296	0.0175	0.1030	0.0445	0.0408	0.0909	0.0198	0.0002	0.1062	0.0003	0.0002	0.0003	0.0002	0.0002	0.0007	0.0003	0.0003	0.0003	0.9619	0.7051	0.0002	-0.0000	6.4226	2.0162	19.3377	4.5500	0.0032	0.0017	0.0016	0.0019	0.0016	0.0003	0.0013	0.0000	0.0013	0.0001	0.0000	0.0000	0.0000	0.0000	0.0000	0.0000	0.0000	0.0000	0.1095	0.0941	0.0154	0.0434	0.0402	0.0032	0.0662	0.0539	0.0122	0.2679	0.1709	0.0970	0.1055	0.0970	0.0085	0.1624	0.0738	0.0885	115.0390	74.2144	351.1762	178.3490	192.4082	134.5096	75.5005	0.6759	413.7289	0.0003	0.0002	0.0003	0.0002	0.0002	0.0007	0.0003	0.0003	0.0003
74	82	0.6171	11	0	2	1	1	0	0	0	0	N	Y	N	N	N	N	N	N	N	N	N	N	0.0000	0.0000	0.0000	0.0000	0.0000	0.0000	0.0000	0.0000	0.0000	0.0000	0.0000	0.0000	0.0000	0.0000	0.0000	0.0000	0.0000	0.0000	0.0007	0.0010	0.0000	0.0005	0.0006	0.0000	0.0012	0.0024	0.0000	0.0011	0.0000	-0.0001	6.4226	3.0011	19.3377	3.7015	0.0000	0.0000	0.0000	0.0000	0.0000	0.0000	0.0000	0.0000	0.0000	0.0002	0.0002	0.0000	0.0001	0.0001	0.0000	0.0001	0.0001	0.0000	0.1327	0.1142	0.0185	0.0328	0.0306	0.0021	0.0999	0.0836	0.0163	0.2795	0.1962	0.0833	0.1775	0.1464	0.0312	0.1020	0.0499	0.0521	0.0000	0.0000	0.0000	0.0000	0.0000	0.0000	0.0000	0.0000	0.0000	0.0007	0.0010	0.0000	0.0005	0.0006	0.0000	0.0012	0.0024	0.0000	
74	83	0.6057	10	0	2	0	1	0	0	0	0	N	Y	N	N	N	N	N	N	N	N	N	N	0.0000	0.0000	0.0000	0.0000	0.0000	0.0000	0.0000	0.0000	0.0000	0.0000	0.0000	0.0000	0.0000	0.0000	0.0000	0.0000	0.0000	0.0000	0.0129	0.0186	0.0002	0.0054	0.0069	0.0001	0.0299	0.0602	0.0003	0.0055	0.0000	-0.0019	6.4226	2.0032	19.3377	4.2039	0.0000	0.0000	0.0000	0.0000	0.0000	0.0000	0.0000	0.0000	0.0000	0.0042	0.0041	0.0000	0.0012	0.0012	0.0000	0.0030	0.0029	0.0000	0.0895	0.0771	0.0125	0.0226	0.0211	0.0015	0.0670	0.0560	0.0110	0.3237	0.2225	0.1012	0.2248	0.1736	0.0512	0.0989	0.0489	0.0500	0.0000	0.0000	0.0000	0.0000	0.0000	0.0000	0.0000	0.0000	0.0000	0.0129	0.0186	0.0002	0.0054	0.0069	0.0001	0.0299	0.0602	0.0003	
74	84	0.6025	10	1	1	1	1	0	0	0	0	N	N	N	N	N	N	N	N	N	N	N	N	0.0000	0.0000	0.0000	0.0000	0.0000	0.0000	0.0000	0.0000	0.0000	0.0000	0.0000	0.0000	0.0000	0.0000	0.0000	0.0000	0.0000	0.0000	0.0995	0.0024	0.3023	0.0060	0.0031	0.0214	0.2326	0.0005	0.4131	60.0150	-0.0000	0.0121	6.4226	1.0052	19.3377	4.9545	0.0000	0.0000	0.0000	0.0000	0.0000	0.0000	0.0000	0.0000	0.0000	0.0230	0.0004	0.0227	0.0008	0.0004	0.0005	0.0222	0.0000	0.0222	0.0458	0.0394	0.0064	0.0122	0.0114	0.0008	0.0336	0.0280	0.0055	0.2315	0.1565	0.0750	0.1359	0.1147	0.0212	0.0956	0.0418	0.0538	0.0000	0.0000	0.0000	0.0000	0.0000	0.0000	0.0000	0.0000	0.0000	0.0995	0.0024	0.3023	0.0060	0.0031	0.0214	0.2326	0.0005	0.4131	
74	85	0.5831	9	1	1	1	1	0	0	0	0	N	N	N	N	N	N	N	N	N	N	N	N	0.0000	0.0000	0.0000	0.0000	0.0000	0.0000	0.0000	0.0000	0.0000	0.0000	0.0000	0.0000	0.0000	0.0000	0.0000	0.0000	0.0000	0.0000	0.1624	0.2186	0.0361	0.2380	0.2889	0.0372	0.0257	0.0163	0.0352	0.0000	0.0734	-0.0000	-0.0219	6.4226	0.9968	19.3377	7.6169	0.0000	0.0000	0.0000	0.0000	0.0000	0.0000	0.0000	0.0000	0.0000	0.0562	0.0523	0.0038	0.0530	0.0513	0.0017	0.0032	0.0010	0.0022	0.0450	0.0387	0.0063	0.0112	0.0104	0.0007	0.0338	0.0283	0.0055	0.3459	0.2395	0.1064	0.2227	0.1777	0.0450	0.1232	0.0617	0.0614	0.0000	0.0000	0.0000	0.0000	0.0000	0.0000	0.0000	0.0000	0.0000	0.1624	0.2186	0.0361	0.2380	0.2889	0.0372	0.0257	0.0163	0.0352
74	86	0.6031	8	1	2	0	1	0	0	0	0	N	Y	N	N	N	N	N	N	N	N	N	N	0.0515	0.0067	1.5749	0.0491	0.0426	0.2328	0.0399	0.0000	2.4098	0.0002	0.0000	0.0012	0.0001	0.0001	0.0004	0.0002	0.0000	0.0013	0.0040	0.0054	0.0008	0.0027	0.0028	0.0016	0.0059	0.0123	0.0005	5.6873	0.0595	0.0000	-0.0014	6.4226	5.8060	19.3377	6.1034	0.0001	0.0000	0.0001	0.0000	0.0000	0.0000	0.0001	0.0000	0.0001	0.0036	0.0034	0.0002	0.0014	0.0013	0.0001	0.0022	0.0021	0.0001	0.3160	0.2699	0.0461	0.0851	0.0812	0.0039	0.2309	0.1887	0.0421	0.8948	0.6312	0.2636	0.5206	0.4614	0.0592	0.3742	0.1698	0.2044	0.0515	0.0067	1.5749	0.0491	0.0426	0.2328	0.0399	0.0000	2.4098	0.0040	0.0054	0.0008	0.0027	0.0028	0.0016	0.0059	0.0123	0.0005
74	87	0.5092	7	1	2	0	1	0	0	0	0	N	Y	N	N	N	N	N	N	N	N	N	N	0.0005	0.0008	0.0001	0.1884	0.1718	0.3953	0.0002	0.0002	0.0000	0.0008	0.0009	0.0004	0.0016	0.0016	0.0026	0.0006	0.0007	0.0002	1.7298	1.0756	3.1133	0.0086	0.0090	0.0066	3.8006	3.1837	4.4237	0.0684	1.3688	-0.0001	0.2163	6.4226	12.2869	19.3377	21.7146	0.0004	0.0004	0.0000	0.0001	0.0001	0.0000	0.0002	0.0002	0.0000	1.8103	0.7642	1.0460	0.0049	0.0043	0.0007	1.8053	0.7599	1.0454	0.4863	0.4155	0.0707	0.0889	0.0830	0.0059	0.3974	0.3325	0.0649	1.0465	0.7105	0.3360	0.5715	0.4718	0.0997	0.4750	0.2387	0.2363	0.0005	0.0008	0.0001	0.1884	0.1718	0.3953	0.0002	0.0002	0.0000	1.7298	1.0756	3.1133	0.0086	0.0090	0.0066	3.8006	3.1837	4.4237
74	88	0.6057	10	0	2	0	1	0	0	0	0	N	Y	N	N	N	N	N	N	N	N	N	N	0.0000	0.0001	0.0000	0.0000	0.0003	0.0000	0.0000	0.0000	0.0000	0.0000	0.0000	0.0000	0.0000	0.0000	0.0000	0.0000	0.0000	0.0000	0.5826	0.0030	1.9018	0.6745	0.0024	3.3004	0.4061	0.0048	0.8077	0.0159	281.8771	-0.0000	0.1642	6.4226	4.0005	19.3377	9.0093	0.0000	0.0000	0.0000	0.0000	0.0000	0.0000	0.0000	0.0000	0.0000	0.3051	0.0011	0.3040	0.2322	0.0006	0.2316	0.0729	0.0004	0.0724	0.1770	0.1524	0.0246	0.0444	0.0414	0.0030	0.1326	0.1110	0.0216	0.5237	0.3639	0.1599	0.3443	0.2741	0.0702	0.1794	0.0897	0.0897	0.0000	0.0001	0.0000	0.0000	0.0003	0.0000	0.0000	0.0000	0.0000	0.5826	0.0030	1.9018	0.6745	0.0024	3.3004	0.4061	0.0048	0.8077
74	89	0.5831	9	0	2	0	1	0	0	0	0	N	Y	N	N	N	N	N	N	N	N	N	N	0.0002	0.0003	0.0000	0.0005	0.0008	0.0000	0.0001	0.0001	0.0000	0.0000	0.0000	0.0000	0.0000	0.0000	0.0000	0.0000	0.0000	0.0000	0.0042	0.0039	0.0049	0.0040	0.0029	0.0086	0.0045	0.0067	0.0022	0.0000	0.5545	-0.0000	-0.0002	6.4226	1.0051	19.3377	9.2650	0.0000	0.0000	0.0000	0.0000	0.0000	0.0000	0.0000	0.0000	0.0000	0.0017	0.0011	0.0006	0.0010	0.0006	0.0004	0.0006	0.0005	0.0002	0.0453	0.0390	0.0063	0.0113	0.0105	0.0007	0.0341	0.0285	0.0056	0.3955	0.2743	0.1212	0.2525	0.2025	0.0501	0.1430	0.0718	0.0712	0.0002	0.0003	0.0000	0.0005	0.0008	0.0000	0.0001	0.0001	0.0000	0.0042	0.0039	0.0049	0.0040	0.0029	0.0086	0.0045	0.0067	0.0022
74	90	0.6315	9	0	1	1	1	0	0	0	0	N	N	N	N	N	N	N	N	N	N	N	N	0.0044	0.0043	0.0000	0.0112	0.0097	0.0000	0.0000	0.0003	0.0000	0.0004	0.0004	0.0000	0.0014	0.0015	0.0000	0.0000	0.0000	0.0000	0.0861	0.1024	0.0425	0.1227	0.1493	0.0011	0.0293	0.0002	0.0701	0.0000	0.1550	-0.0000	-0.0120	6.4226	2.3559	19.3377	7.1930	0.0000	0.0000	0.0000	0.0000	0.0000	0.0000	0.0000	0.0000	0.0000	0.0370	0.0321	0.0050	0.0321	0.0320	0.0001	0.0049	0.0000	0.0049	0.1139	0.0991	0.0148	0.0313	0.0296	0.0017	0.0826	0.0695	0.0131	0.4301	0.3131	0.1170	0.2615	0.2146	0.0469	0.1686	0.0985	0.0701	0.0044	0.0043	0.0000	0.0112	0.0097	0.0000	0.0000	0.0003	0.0000	0.0861	0.1024	0.0425	0.1227	0.1493	0.0011	0.0293	0.0002	0.0701
74	91	0.5987	8	0	1	0	1	0	0	0	0	N	N	N	N	N	N	N	N	N	N	N	N	0.2664	0.3009	0.0029	0.6163	0.5621	0.0009	0.0045	0.0188	0.0023	0.0300	0.0351	0.0003	0.0818	0.0861	0.0000	0.0003	0.0003	0.0003	0.1125	0.1165	0.1020	0.1327	0.1532	0.0410	0.0762	0.0184	0.1462	0.0015	0.3383	-0.0041	-0.0283	6.4226	4.9284	19.3377	11.0439	0.0094	0.0094	0.0000	0.0094	0.0094	0.0000	0.0001	0.0001	0.0000	0.1377	0.1029	0.0348	0.1044	0.0985	0.0059	0.0334	0.0044	0.0289	0.3149	0.2687	0.0462	0.1145	0.1088	0.0057	0.2004	0.1599	0.0404	1.2243	0.8831	0.3412	0.7863	0.6430	0.1434	0.4380	0.2401	0.1979	0.2664	0.3009	0.0029	0.6163	0.5621	0.0009	0.0045	0.0188	0.0023	0.1125	0.1165	0.1020	0.1327	0.1532	0.0410	0.0762	0.0184	0.1462
74	92	0.5092	7	0	1	0	1	0	0	0	0	N	N	N	N	N	N	N	N	N	N	N	N	0.0213	0.0171	0.0250	0.0629	0.0560	0.0000	0.0149	0.0099	0.0331	0.0266	0.0309	0.0017	0.1383	0.1481	0.0000	0.0015	0.0014	0.0018	1.2474	1.8057	0.0675	2.1984	2.6438	0.0959	0.0996	0.1433	0.0555	0.0094	0.0177	-0.0018	-0.5637	6.4226	3.9161	19.3377	29.2065	0.0043	0.0042	0.0000	0.0041	0.0041	0.0000	0.0002	0.0002	0.0000	1.2783	1.2561	0.0222	1.2321	1.2227	0.0094	0.0462	0.0334	0.0128	0.1608	0.1371	0.0237	0.0295	0.0276	0.0020	0.1312	0.1095	0.0217	1.0248	0.6956	0.3292	0.5605	0.4625	0.0980	0.4643	0.2331	0.2312	0.0213	0.0171	0.0250	0.0629	0.0560	0.0000	0.0149	0.0099	0.0331	1.2474	1.8057	0.0675	2.1984	2.6438	0.0959	0.0996	0.1433	0.0555
74	93	0.4828	9	1	2	0	1	0	0	0	0	N	Y	N	N	N	N	N	N	N	N	N	N	1.1311	1.1165	1.9966	1.3589	1.4413	0.0480	0.8445	1.3308	2.4815	0.0194	0.0148	0.0476	0.0324	0.0350	0.0009	0.0111	0.0003	0.0604	0.0172	0.0133	0.0239	0.0238	0.0243	0.0190	0.0132	0.0002	0.0243	0.5242	1.0477	-0.0002	0.0003	6.4226	2.5103	19.3377	7.4742	0.0025	0.0017	0.0009	0.0016	0.0016	0.0000	0.0009	0.0000	0.0009	0.0062	0.0030	0.0032	0.0032	0.0030	0.0002	0.0030	0.0000	0.0029	0.1303	0.1120	0.0183	0.0509	0.0470	0.0039	0.0794	0.0651	0.0144	0.3602	0.2276	0.1327	0.1352	0.1236	0.0116	0.2251	0.1040	0.1211	1.1311	1.1165	1.9966	1.3589	1.4413	0.0480	0.8445	1.3308	2.4815	0.0172	0.0133	0.0239	0.0238	0.0243	0.0190	0.0132	0.0002	0.0243
74	94	0.4466	8	0	2	0	1	0	0	0	0	N	Y	N	N	N	N	N	N	N	N	N	N	99.4267	167.9056	0.5981	256.5399	250.3593	5.6192	0.1859	0.1034	0.5734	2.3842	2.7172	0.0234	6.4848	6.8868	0.0168	0.0043	0.0004	0.0248	0.0240	0.0162	0.0391	0.0253	0.0275	0.0030	0.0232	0.0036	0.0432	0.0012	1.2469	-0.4298	0.0009	6.4226	7.1305	19.3377	3.2426	0.9770	0.9758	0.0012	0.9759	0.9757	0.0001	0.0011	0.0001	0.0010	0.0096	0.0043	0.0054	0.0039	0.0038	0.0000	0.0058	0.0005	0.0053	0.4098	0.3591	0.0507	0.1505	0.1417	0.0088	0.2593	0.2174	0.0418	0.4023	0.2653	0.1370	0.1535	0.1395	0.0140	0.2489	0.1258	0.1230	99.4267	167.9056	0.5981	256.5399	250.3593	5.6192	0.1859	0.1034	0.5734	0.0240	0.0162	0.0391	0.0253	0.0275	0.0030	0.0232	0.0036	0.0432
74	95	0.5831	9	1	2	0	1	0	0	0	0	N	Y	N	N	N	N	N	N	N	N	N	N	2.6992	2.1865	0.0000	0.0009	0.0008	0.0000	384.8415	235.5278	0.0000	2.8026	3.2535	0.0000	0.0015	0.0016	0.0000	3.7041	4.4201	0.0000	1.0383	1.4880	0.0002	1.6922	2.0687	0.0002	0.0096	0.0188	0.0002	0.0000	0.0001	-0.4308	-0.4545	6.4226	8.0000	19.3377	22.5660	0.9767	0.9767	0.0000	0.0001	0.0001	0.0000	0.9766	0.9766	0.0000	0.9917	0.9917	0.0000	0.9882	0.9881	0.0000	0.0036	0.0035	0.0000	0.3485	0.3002	0.0483	0.0849	0.0793	0.0056	0.2637	0.2209	0.0427	0.9552	0.6664	0.2887	0.5839	0.4777	0.1063	0.3712	0.1888	0.1824	2.6992	2.1865	0.0000	0.0009	0.0008	0.0000	384.8415	235.5278	0.0000	1.0383	1.4880	0.0002	1.6922	2.0687	0.0002	0.0096	0.0188	0.0002
74	96	0.5092	7	0	1	0	1	0	0	0	0	N	N	N	N	N	N	N	N	N	N	N	N	0.0025	0.8065	0.0006	1.9039	3.6573	0.0000	0.0001	0.0000	0.0004	0.0052	0.0054	0.0038	0.0253	0.0271	0.0000	0.0007	0.0000	0.0041	2.0460	0.0067	6.3467	0.0133	0.0074	0.0409	4.5216	0.0053	10.4796	0.1182	448.1081	-0.0008	1.0678	6.4226	11.9964	19.3377	18.8414	0.0025	0.0022	0.0003	0.0022	0.0022	0.0000	0.0003	0.0000	0.0003	1.9795	0.0044	1.9751	0.0071	0.0032	0.0038	1.9725	0.0012	1.9713	0.4753	0.4062	0.0692	0.0869	0.0812	0.0057	0.3885	0.3250	0.0635	0.9675	0.6563	0.3112	0.5313	0.4378	0.0935	0.4362	0.2185	0.2177	0.0025	0.8065	0.0006	1.9039	3.6573	0.0000	0.0001	0.0000	0.0005	2.0460	0.0067	6.3467	0.0133	0.0074	0.0409	4.5216	0.0053	9.0545
74	98	0.6136	11	1	2	1	1	0	0	0	0	N	Y	N	N	N	N	N	N	N	N	N	N	0.0000	0.0000	0.0000	0.0000	0.0000	0.0000	0.0000	0.0000	0.0000	0.0000	0.0000	0.0000	0.0000	0.0000	0.0000	0.0000	0.0000	0.0000	0.0692	0.0604	0.0896	0.0676	0.0835	0.0007	0.0718	0.0010	0.1482	0.6412	0.0000	-0.0025	6.4226	0.9502	19.3377	16.1595	0.0000	0.0000	0.0000	0.0000	0.0000	0.0000	0.0000	0.0000	0.0000	0.0370	0.0225	0.0144	0.0225	0.0224	0.0000	0.0145	0.0001	0.0144	0.0503	0.0438	0.0064	0.0162	0.0153	0.0009	0.0341	0.0285	0.0056	0.5345	0.3732	0.1613	0.3325	0.2684	0.0641	0.2020	0.1049	0.0972	0.0000	0.0000	0.0000	0.0000	0.0000	0.0000	0.0000	0.0000	0.0000	0.0692	0.0604	0.0896	0.0676	0.0835	0.0007	0.0718	0.0010	0.1482	
74	99	0.5092	7	0	2	0	1	0	0	0	0	N	Y	N	N	N	N	N	N	N	N	N	N	0.0037	0.0010	1.5070	0.0039	0.0034	0.0000	0.7145	0.0000	3.6792	0.0008	0.0003	0.0038	0.0016	0.0017	0.0000	0.0007	0.0000	0.0041	0.2303	0.3387	0.0025	0.4161	0.5049	0.0056	0.0009	0.0008	0.0011	1.8581	0.0035	0.0001	-0.0928	6.4226	11.9964	19.3377	15.6499	0.0004	0.0001	0.0003	0.0001	0.0001	0.0000	0.0003	0.0000	0.0003	0.2041	0.2034	0.0007	0.2037	0.2032	0.0005	0.0004	0.0002	0.0002	0.4753	0.4062	0.0692	0.0869	0.0812	0.0057	0.3885	0.3250	0.0635	0.8859	0.6003	0.2856	0.4896	0.4025	0.0871	0.3964	0.1978	0.1985	0.0037	0.0010	1.5070	0.0039	0.0034	0.0000	0.7145	0.0000	3.6792	0.2303	0.3387	0.0025	0.4161	0.5049	0.0056	0.0009	0.0008	0.0011
74	100	0.6166	12	1	1	1	1	0	0	0	0	N	N	N	N	N	N	N	N	N	N	N	N	0.0000	0.0000	0.0000	0.0000	0.0000	0.0000	0.0000	0.0000	0.0000	0.0000	0.0000	0.0000	0.0000	0.0000	0.0000	0.0000	0.0000	0.0000	2.2413	3.1613	0.1420	3.5154	4.3541	0.0024	0.1158	0.0022	0.2334	0.0197	0.0000	-0.4608	6.4226	1.0008	19.3377	13.9255	0.0000	0.0000	0.0000	0.0000	0.0000	0.0000	0.0000	0.0000	0.0000	1.0494	1.0291	0.0203	1.0291	1.0289	0.0001	0.0203	0.0002	0.0201	0.0453	0.0392	0.0062	0.0133	0.0124	0.0009	0.0321	0.0268	0.0052	0.4682	0.3255	0.1427	0.2927	0.2363	0.0564	0.1755	0.0892	0.0862	0.0000	0.0000	0.0000	0.0000	0.0000	0.0000	0.0000	0.0000	0.0000	2.2413	3.1613	0.1420	3.5154	4.3541	0.0024	0.1158	0.0022	0.2334	
74	101	0.6136	11	1	1	1	1	0	0	0	0	N	N	N	N	N	N	N	N	N	N	N	N	0.0000	0.0000	0.0000	0.0000	0.0000	0.0000	0.0000	0.0000	0.0000	0.0000	0.0000	0.0000	0.0000	0.0000	0.0000	0.0000	0.0000	0.0000	0.3582	0.4962	0.0071	0.2491	0.3162	0.0001	0.6343	1.1609	0.0153	0.0057	0.0000	-0.0205	6.4226	0.0532	19.3377	2.0467	0.0000	0.0000	0.0000	0.0000	0.0000	0.0000	0.0000	0.0000	0.0000	0.0453	0.0450	0.0003	0.0226	0.0226	0.0000	0.0227	0.0224	0.0003	0.0099	0.0089	0.0009	0.0044	0.0044	0.0001	0.0054	0.0045	0.0009	0.1264	0.0907	0.0357	0.0906	0.0714	0.0192	0.0358	0.0193	0.0165	0.0000	0.0000	0.0000	0.0000	0.0000	0.0000	0.0000	0.0000	0.0000	0.3582	0.4962	0.0071	0.2491	0.3162	0.0001	0.6343	1.1609	0.0153	
74	102	0.6040	10	1	1	1	1	0	0	0	0	N	N	N	N	N	N	N	N	N	N	N	N	0.0095	0.0078	0.0000	0.0193	0.0161	0.0000	0.0046	0.0031	0.0000	0.0027	0.0031	0.0000	0.0032	0.0034	0.0000	0.0025	0.0030	0.0000	0.2834	0.3983	0.0010	0.1638	0.2081	0.0001	0.5370	0.9764	0.0018	0.0000	0.0010	-0.0001	-0.0294	6.4226	2.0948	19.3377	3.0326	0.0003	0.0003	0.0000	0.0001	0.0001	0.0000	0.0002	0.0002	0.0000	0.0643	0.0643	0.0001	0.0253	0.0253	0.0000	0.0391	0.0390	0.0001	0.1015	0.0881	0.0134	0.0310	0.0291	0.0019	0.0705	0.0590	0.0115	0.2270	0.1614	0.0656	0.1542	0.1214	0.0328	0.0727	0.0399	0.0328	0.0095	0.0078	0.0000	0.0193	0.0161	0.0000	0.0046	0.0031	0.0000	0.2834	0.3983	0.0010	0.1638	0.2081	0.0001	0.5370	0.9764	0.0018
74	103	0.5831	9	1	1	1	1	0	0	0	0	N	N	N	N	N	N	N	N	N	N	N	N	76.4596	61.6413	0.0000	3.9422	3.4418	0.0000	36.3618	21.8298	0.0000	5.5744	6.4762	0.0000	0.0030	0.0032	0.0000	7.3816	8.8191	0.0000	0.0729	0.1051	0.0005	0.0008	0.0009	0.0001	0.2030	0.4040	0.0008	0.0000	0.0022	-0.4308	-0.0117	6.4226	3.9484	19.3377	4.8420	0.9766	0.9766	0.0000	0.0001	0.0001	0.0000	0.9764	0.9764	0.0000	0.0256	0.0256	0.0001	0.0002	0.0002	0.0000	0.0254	0.0254	0.0001	0.1752	0.1508	0.0244	0.0429	0.0401	0.0028	0.1323	0.1107	0.0216	0.3512	0.2432	0.1080	0.2259	0.1804	0.0456	0.1253	0.0628	0.0625	76.4596	61.6413	0.0000	3.9422	3.4418	0.0000	36.3618	21.8298	0.0000	0.0729	0.1051	0.0005	0.0008	0.0009	0.0001	0.2030	0.4040	0.0008
74	104	0.5415	8	0	2	0	1	0	0	0	0	N	Y	N	N	N	N	N	N	N	N	N	N	13.9856	0.0003	126.6233	4.7132	0.0007	1405.2956	24.1820	0.0000	96.0460	1.8535	0.0000	14.0123	0.7888	0.0001	12.4351	2.2582	0.0000	14.2522	0.1325	0.1425	0.1107	0.1674	0.1976	0.0088	0.0934	0.0414	0.1484	49956.8263	0.3547	0.4567	-0.0341	6.4226	8.9557	19.3377	32.3127	0.8172	0.0000	0.8172	0.0958	0.0000	0.0958	0.7214	0.0000	0.7214	0.1734	0.1280	0.0454	0.1159	0.1149	0.0010	0.0575	0.0131	0.0444	0.4409	0.3826	0.0583	0.1214	0.1137	0.0077	0.3195	0.2688	0.0506	1.3085	0.8982	0.4103	0.6924	0.5815	0.1109	0.6161	0.3167	0.2994	13.9856	0.0003	126.6233	4.7132	0.0007	1405.2956	24.1820	0.0000	96.0460	0.1325	0.1425	0.1107	0.1674	0.1976	0.0088	0.0934	0.0414	0.1484
74	105	0.5669	9	0	1	1	1	0	0	0	0	N	N	N	N	N	N	N	N	N	N	N	N	0.6045	0.0001	3.4486	0.3946	0.0003	23.3715	0.7595	0.0000	2.5358	0.0074	0.0000	0.0499	0.0054	0.0000	0.1104	0.0081	0.0000	0.0444	0.0122	0.0112	0.0145	0.0137	0.0153	0.0047	0.0106	0.0033	0.0175	6847.5039	0.6130	0.0009	-0.0004	6.4226	4.2679	19.3377	7.8415	0.0016	0.0000	0.0016	0.0003	0.0000	0.0003	0.0013	0.0000	0.0013	0.0054	0.0033	0.0021	0.0032	0.0030	0.0002	0.0022	0.0003	0.0019	0.2143	0.1825	0.0318	0.0535	0.0509	0.0026	0.1608	0.1317	0.0292	0.4412	0.2993	0.1419	0.2319	0.1980	0.0340	0.2093	0.1013	0.1080	0.6045	0.0001	3.4486	0.3946	0.0003	23.3715	0.7595	0.0000	2.5358	0.0122	0.0112	0.0145	0.0137	0.0153	0.0047	0.0106	0.0033	0.0175
74	106	0.5415	8	0	1	0	1	0	0	0	0	N	N	N	N	N	N	N	N	N	N	N	N	0.0099	0.0079	0.0004	0.9226	0.8384	0.0003	0.0000	0.0000	0.0004	0.0192	0.0217	0.0000	0.0476	0.0507	0.0000	0.0000	0.0000	0.0000	1.9465	2.7347	0.0544	0.0516	0.0604	0.0051	4.7363	9.2438	0.0781	0.0001	0.0083	-0.0012	-0.4590	6.4226	1.9301	19.3377	9.0954	0.0028	0.0028	0.0000	0.0028	0.0028	0.0000	0.0000	0.0000	0.0000	1.0198	1.0114	0.0084	0.0161	0.0158	0.0003	1.0037	0.9955	0.0081	0.1478	0.1308	0.0170	0.0595	0.0559	0.0036	0.0882	0.0749	0.0134	0.5239	0.3698	0.1541	0.3120	0.2621	0.0498	0.2119	0.1077	0.1042	0.0099	0.0079	0.0004	0.9226	0.8384	0.0003	0.0000	0.0000	0.0004	1.9465	2.7347	0.0544	0.0516	0.0604	0.0051	4.7363	9.2438	0.0781
74	107	0.5092	7	0	1	0	1	0	0	0	0	N	N	N	N	N	N	N	N	N	N	N	N	0.0037	0.0025	0.0088	0.0108	0.0037	2.8603	0.0020	0.0023	0.0048	0.0097	0.0022	0.0530	0.0082	0.0035	0.0754	0.0100	0.0019	0.0510	2.5937	0.9080	6.0205	0.7630	0.9413	0.0264	5.1134	0.8318	10.7201	4.1113	3.2618	0.0006	0.3980	6.4226	3.9049	19.3377	9.6098	0.0016	0.0003	0.0013	0.0002	0.0001	0.0001	0.0013	0.0002	0.0011	1.2964	0.3042	0.9922	0.2209	0.2194	0.0015	1.0755	0.0848	0.9907	0.1603	0.1367	0.0236	0.0294	0.0275	0.0019	0.1309	0.1092	0.0217	0.4998	0.3350	0.1648	0.2895	0.2331	0.0564	0.2103	0.1020	0.1084	0.0037	0.0025	0.0088	0.0108	0.0037	2.8603	0.0020	0.0023	0.0056	2.5937	0.9080	6.0205	0.7630	0.9413	0.0264	5.1134	0.8318	9.1409
74	108	0.5303	9	0	2	0	1	0	0	0	0	N	Y	N	N	N	N	N	N	N	N	N	N	5.2190	5.2896	0.8204	43.7820	40.5975	0.9771	0.0674	0.0000	0.6849	0.0474	0.0547	0.0051	0.2094	0.2237	0.0004	0.0010	0.0000	0.0056	0.0091	0.0103	0.0062	0.0048	0.0055	0.0004	0.0141	0.0199	0.0082	0.0160	0.2629	-0.0070	-0.0022	6.4226	8.0392	19.3377	22.6195	0.0166	0.0163	0.0003	0.0163	0.0163	0.0000	0.0003	0.0000	0.0003	0.0089	0.0070	0.0019	0.0025	0.0025	0.0000	0.0064	0.0046	0.0018	0.3492	0.2982	0.0510	0.0779	0.0729	0.0050	0.2713	0.2254	0.0460	0.9798	0.6823	0.2975	0.5289	0.4534	0.0755	0.4509	0.2288	0.2221	5.2190	5.2896	0.8204	43.7820	40.5975	0.9771	0.0674	0.0000	0.6849	0.0091	0.0103	0.0062	0.0048	0.0055	0.0004	0.0141	0.0199	0.0082
74	109	0.5303	8	0	1	0	1	0	0	0	0	N	N	N	N	N	N	N	N	N	N	N	N	4.4677	3.0096	9.5823	6.4505	5.9977	8.7002	3.0083	0.0439	7.5206	0.0274	0.0170	0.0731	0.0347	0.0352	0.0141	0.0226	0.0002	0.0767	0.0061	0.0056	0.0076	0.0054	0.0059	0.0016	0.0075	0.0049	0.0102	0.9867	0.4554	0.0000	-0.0002	6.4226	0.2031	19.3377	2.0398	0.0006	0.0003	0.0003	0.0003	0.0003	0.0000	0.0003	0.0000	0.0003	0.0011	0.0008	0.0004	0.0006	0.0006	0.0000	0.0005	0.0002	0.0003	0.0225	0.0183	0.0042	0.0090	0.0088	0.0002	0.0135	0.0095	0.0040	0.1839	0.1376	0.0463	0.1181	0.1043	0.0138	0.0658	0.0333	0.0325	4.4677	3.0096	9.5823	6.4505	5.9977	8.7002	3.0083	0.0439	7.5206	0.0061	0.0056	0.0076	0.0054	0.0059	0.0016	0.0075	0.0049	0.0102
74	110	0.5440	10	1	1	1	1	0	0	0	0	N	N	N	N	N	N	N	N	N	N	N	N	0.0000	0.0000	0.0000	0.0000	0.0000	0.0000	0.0000	0.0000	0.0000	0.0000	0.0000	0.0000	0.0000	0.0000	0.0000	0.2603	0.3385	0.0000	0.4110	0.4436	0.0000	0.0002	0.0004	0.0000	0.0000	0.0000	-0.0000	6.4226	0.0001	19.3377	0.0001	0.0000	0.0000	0.0000	0.0000	0.0000	0.0000	0.0000	0.0000	0.0000	0.0000	0.0000	0.0000	0.0000	0.0000	0.0000	0.0000	0.0000	0.0000	0.0044	0.0035	0.0009	0.0022	0.0022	0.0000	0.0022	0.0013	0.0009	0.0002	0.0001	0.0000	0.0001	0.0001	0.0000	0.0001	0.0000	0.0000	0.0000	0.0000	0.0000	0.0000	0.0000	0.0000	0.0000	0.0000	0.0000	0.2603	0.3385	0.0000	0.4110	0.4436	0.0000	0.0002	0.0004	0.0000				
74	111	0.5301	9	1	1	1	1	0	0	0	0	N	N	N	N	N	N	N	N	N	N	N	N	0.0000	0.0000	0.0014	0.0000	0.0000	0.0000	0.0003	0.0000	0.0014	0.0000	0.0000	0.0000	0.0000	0.0000	0.0000	0.0000	0.0000	0.0000	6.1583	9.9516	0.0176	29.4055	30.7616	0.0005	0.0184	0.0160	0.0211	5.7747	0.0011	0.0000	-0.4371	6.4226	1.6718	19.3377	2.9223	0.0000	0.0000	0.0000	0.0000	0.0000	0.0000	0.0000	0.0000	0.0000	0.9559	0.9548	0.0010	0.9540	0.9540	0.0000	0.0018	0.0008	0.0010	0.0842	0.0730	0.0111	0.0267	0.0250	0.0017	0.0575	0.0481	0.0094	0.1835	0.1258	0.0577	0.0834	0.0734	0.0100	0.1001	0.0524	0.0477	0.0000	0.0000	0.0014	0.0000	0.0000	0.0000	0.0003	0.0000	0.0014	5.2093	7.5928	0.0176	11.4408	12.9978	0.0005	0.0184	0.0160	0.0211
74	112	0.4466	8	1	1	1	1	0	0	0	0	N	N	N	N	N	N	N	N	N	N	N	N	0.0020	0.0026	0.0053	0.0038	0.0037	0.0000	0.0018	0.0000	0.0058	0.0028	0.0002	0.0204	0.0005	0.0006	0.0000	0.0039	0.0000	0.0248	1.4083	0.0788	3.8561	0.1403	0.1547	0.0111	2.1427	0.0001	4.3049	14.6563	26.5766	0.0009	0.4998	6.4226	14.0283	19.3377	7.1084	0.0019	0.0001	0.0018	0.0001	0.0001	0.0000	0.0018	0.0000	0.0018	0.9890	0.0359	0.9531	0.0361	0.0358	0.0003	0.9528	0.0000	0.9528	0.6726	0.5863	0.0863	0.2259	0.2105	0.0154	0.4466	0.3757	0.0709	0.7023	0.4551	0.2472	0.2576	0.2317	0.0258	0.4447	0.2234	0.2213	0.0020	0.0026	0.0053	0.0038	0.0037	0.0000	0.0018	0.0000	0.0058	1.4083	0.0788	3.8561	0.1403	0.1547	0.0111	2.1427	0.0001	4.3049
74	113	0.3863	7	0	1	0	1	0	0	0	0	N	N	N	N	N	N	N	N	N	N	N	N	12.4049	20.1273	0.0495	83.4960	92.0798	0.2557	8.9011	11.4346	0.0502	0.7292	0.8338	0.0047	0.4052	0.4359	0.0015	0.8855	1.0445	0.0054	0.0588	0.0414	0.0950	0.0049	0.0047	0.0060	0.0995	0.0913	0.1077	0.0008	1.0982	-0.1735	0.0029	6.4226	8.6129	19.3377	5.1709	0.3941	0.3938	0.0003	0.0713	0.0713	0.0000	0.3228	0.3225	0.0003	0.0451	0.0215	0.0236	0.0016	0.0014	0.0002	0.0435	0.0201	0.0234	0.5404	0.4723	0.0682	0.1759	0.1635	0.0124	0.3645	0.3088	0.0558	0.7676	0.5191	0.2485	0.3302	0.2992	0.0310	0.4374	0.2199	0.2175	12.4049	20.1273	0.0495	83.4960	92.0798	0.2557	8.9011	11.4346	0.0502	0.0588	0.0414	0.0950	0.0049	0.0047	0.0060	0.0995	0.0913	0.1077
74	114	0.2912	6	0	1	0	1	0	0	0	0	N	N	N	N	N	N	N	N	N	N	N	N	1.2252	0.9366	2.2460	0.2773	0.2718	0.1390	1.0399	0.6311	2.3022	0.8350	0.9412	0.1767	0.0282	0.0301	0.0022	1.0561	1.2179	0.1970	0.6815	1.0048	0.0787	0.1017	0.1107	0.0159	1.0155	1.9296	0.0856	0.0303	0.0420	-0.2708	-0.4701	6.4226	16.8607	19.3377	22.7724	0.6578	0.6385	0.0193	0.0048	0.0048	0.0000	0.6531	0.6338	0.0193	1.1246	1.0792	0.0453	0.0614	0.0605	0.0009	1.0632	1.0188	0.0444	0.7879	0.6784	0.1094	0.1695	0.1580	0.0114	0.6184	0.5204	0.0980	1.6501	1.0740	0.5760	0.6032	0.5461	0.0571	1.0469	0.5280	0.5189	1.2252	0.9366	2.2460	0.2773	0.2718	0.1390	1.0399	0.6311	2.3022	0.6815	1.0048	0.0787	0.1017	0.1107	0.0159	1.0155	1.9296	0.0856
74	115	0.5894	9	1	1	1	1	0	0	0	0	N	N	N	N	N	N	N	N	N	N	N	N	0.0000	0.0000	0.0000	0.0000	0.0000	0.0000	0.0000	0.0000	0.0000	0.0000	0.0000	0.0000	0.0000	0.0000	0.0000	0.0000	0.0000	0.0000	0.1596	0.2241	0.0000	0.0055	0.0068	0.0000	0.4491	0.8138	0.0000	0.0000	0.0000	-0.0214	6.4226	1.0009	19.3377	4.0038	0.0000	0.0000	0.0000	0.0000	0.0000	0.0000	0.0000	0.0000	0.0000	0.0466	0.0466	0.0000	0.0010	0.0010	0.0000	0.0456	0.0456	0.0000	0.0472	0.0407	0.0065	0.0113	0.0106	0.0007	0.0360	0.0301	0.0059	0.2923	0.2082	0.0841	0.1907	0.1521	0.0386	0.1016	0.0560	0.0455	0.0000	0.0000	0.0000	0.0000	0.0000	0.0000	0.0000	0.0000	0.0000	0.1596	0.2241	0.0000	0.0055	0.0068	0.0000	0.4491	0.8138	0.0000	
74	116	0.5610	8	1	1	1	1	0	0	0	0	N	N	N	N	N	N	N	N	N	N	N	N	0.0001	0.0000	0.0003	0.0001	0.0001	0.0000	0.0000	0.0000	0.0002	0.0000	0.0000	0.0000	0.0000	0.0000	0.0000	0.0000	0.0000	0.0000	0.2170	0.2766	0.0793	0.3114	0.3717	0.0055	0.0867	0.0608	0.1133	0.3147	0.1240	-0.0000	-0.0346	6.4226	1.8441	19.3377	10.4794	0.0000	0.0000	0.0000	0.0000	0.0000	0.0000	0.0000	0.0000	0.0000	0.0995	0.0885	0.0110	0.0828	0.0825	0.0002	0.0167	0.0059	0.0107	0.1060	0.0918	0.0142	0.0327	0.0311	0.0016	0.0734	0.0608	0.0126	0.4583	0.3199	0.1385	0.2658	0.2221	0.0438	0.1925	0.0978	0.0947	0.0001	0.0000	0.0003	0.0001	0.0001	0.0000	0.0000	0.0000	0.0002	0.2170	0.2766	0.0793	0.3114	0.3717	0.0055	0.0867	0.0608	0.1133
74	117	0.2730	6	0	2	0	2	0	0	0	0	N	Y	N	Y	N	N	N	N	N	N	N	N	1.8454	3.8785	0.0095	0.3593	0.3654	0.0122	1.8640	8.5497	0.0091	1.6363	1.9082	0.0161	0.2195	0.2328	0.0046	2.0498	2.4620	0.0173	0.8867	0.4920	1.6935	0.6108	0.6370	0.3725	1.0997	0.2880	1.8937	0.0014	1.6839	-0.4318	0.2661	6.4226	10.5071	19.3377	20.2622	0.9821	0.9807	0.0014	0.0298	0.0297	0.0000	0.9524	0.9510	0.0014	1.5742	0.5865	0.9877	0.4725	0.4439	0.0286	1.1017	0.1427	0.9591	0.6002	0.5140	0.0862	0.1356	0.1277	0.0079	0.4646	0.3863	0.0783	1.7754	1.1922	0.5832	0.7735	0.6968	0.0768	1.0018	0.4954	0.5065	1.8454	3.8785	0.0095	0.3593	0.3654	0.0122	1.8640	8.5497	0.0091	0.8867	0.4920	1.6935	0.6108	0.6370	0.3725	1.0997	0.2880	1.8937
74	118	0.5092	7	0	2	0	2	0	0	0	0	N	Y	N	Y	N	N	N	N	N	N	N	N	0.0012	0.2274	0.0000	0.0000	0.0000	0.0000	0.0007	0.1758	0.0000	0.0013	0.0015	0.0000	0.0000	0.0000	0.0000	0.0016	0.0019	0.0000	1.0453	0.0066	3.2352	0.0043	0.0046	0.0028	2.3153	0.0107	4.6265	0.0003	232.3026	-0.0001	0.5379	6.4226	4.0036	19.3377	26.5072	0.0002	0.0002	0.0000	0.0000	0.0000	0.0000	0.0002	0.0002	0.0000	1.0010	0.0043	0.9967	0.0022	0.0020	0.0003	0.9988	0.0023	0.9965	0.1639	0.1398	0.0242	0.0301	0.0281	0.0020	0.1338	0.1117	0.0222	0.9576	0.6495	0.3081	0.5262	0.4335	0.0927	0.4314	0.2160	0.2154	0.0012	0.2274	0.0000	0.0000	0.0000	0.0000	0.0007	0.1758	0.0000	1.0453	0.0066	3.2352	0.0043	0.0046	0.0028	2.3153	0.0107	4.6265
74	119	0.5476	8	0	2	0	1	0	0	0	0	N	Y	N	N	N	N	N	N	N	N	N	N	0.0000	0.0045	0.0000	0.0098	0.0102	0.0000	0.0000	0.0000	0.0000	0.0000	0.0000	0.0001	0.0001	0.0001	0.0000	0.0000	0.0000	0.0001	1.0869	0.0059	3.6072	0.0066	0.0066	0.0066	2.5427	0.0043	5.3305	0.2658	264.1370	-0.0000	0.5324	6.4226	3.8169	19.3377	21.2433	0.0000	0.0000	0.0000	0.0000	0.0000	0.0000	0.0000	0.0000	0.0000	0.9899	0.0037	0.9861	0.0035	0.0029	0.0006	0.9864	0.0009	0.9856	0.2265	0.1992	0.0273	0.0811	0.0780	0.0031	0.1454	0.1212	0.0242	0.9107	0.6373	0.2734	0.5228	0.4343	0.0885	0.3879	0.2031	0.1849	0.0000	0.0045	0.0000	0.0098	0.0102	0.0000	0.0000	0.0000	0.0000	1.0869	0.0059	3.6072	0.0066	0.0066	0.0066	2.5427	0.0043	5.3305
74	120	0.1597	4	0	2	0	1	0	0	0	0	N	Y	N	N	N	N	N	N	N	N	N	N	0.0758	0.0188	4.3851	0.0635	0.0621	0.2521	0.0764	0.0102	4.7042	0.0415	0.0156	0.1936	0.0318	0.0332	0.0106	0.0436	0.0113	0.2084	0.5471	0.8265	0.0442	0.5008	0.5345	0.0421	0.5704	1.1029	0.0443	2.1188	0.0297	0.0082	-0.6204	6.4226	16.3276	19.3377	34.9199	0.0346	0.0111	0.0235	0.0047	0.0046	0.0001	0.0299	0.0065	0.0234	1.4444	1.4028	0.0416	0.4438	0.4413	0.0026	1.0006	0.9615	0.0391	0.8335	0.7122	0.1213	0.1481	0.1390	0.0091	0.6854	0.5732	0.1122	2.6403	1.6973	0.9429	0.8862	0.8255	0.0607	1.7540	0.8718	0.8823	0.0758	0.0188	4.3851	0.0635	0.0621	0.2521	0.0764	0.0102	4.7042	0.5471	0.8265	0.0442	0.5008	0.5345	0.0421	0.5704	1.1029	0.0443
74	121	0.1424	3	0	2	0	1	0	0	0	0	N	Y	N	N	N	N	N	N	N	N	N	N	0.7045	0.5973	1.4063	1.3353	1.4289	0.0169	0.5728	0.8117	1.5275	0.1830	0.1264	0.4913	0.4639	0.4898	0.0075	0.1161	0.0267	0.5258	0.2597	0.2116	0.3493	0.3474	0.3428	0.4415	0.2027	0.0329	0.3442	0.7134	0.8862	-0.0016	0.0056	6.4226	6.1757	19.3377	14.5601	0.0663	0.0387	0.0276	0.0323	0.0323	0.0000	0.0340	0.0064	0.0276	0.4862	0.2578	0.2284	0.2561	0.2408	0.0153	0.2301	0.0170	0.2132	0.3626	0.3064	0.0562	0.0697	0.0659	0.0037	0.2929	0.2404	0.0525	1.8721	1.2182	0.6539	0.7370	0.7024	0.0346	1.1351	0.5158	0.6193	0.7045	0.5973	1.4063	1.3353	1.4289	0.0169	0.5728	0.8117	1.5275	0.2597	0.2116	0.3493	0.3474	0.3428	0.4415	0.2027	0.0329	0.3442
74	123	0.5831	9	0	2	0	1	0	0	0	0	N	Y	N	N	N	N	N	N	N	N	N	N	0.0011	0.0000	5.2326	0.0000	0.0000	0.0000	0.2097	0.0000	6.6707	0.0015	0.0000	0.0105	0.0000	0.0000	0.0000	0.0019	0.0000	0.0119	1.2750	1.8277	0.0020	2.0599	2.5259	0.0024	0.0093	0.0165	0.0018	13471.5026	0.0005	0.0001	-0.4505	6.4226	4.0019	19.3377	19.5615	0.0003	0.0000	0.0003	0.0000	0.0000	0.0000	0.0003	0.0000	0.0003	0.9839	0.9835	0.0005	0.9812	0.9810	0.0002	0.0027	0.0025	0.0003	0.1775	0.1528	0.0247	0.0435	0.0406	0.0029	0.1340	0.1122	0.0218	0.7717	0.5381	0.2336	0.4763	0.3884	0.0880	0.2954	0.1497	0.1457	0.0011	0.0000	5.2326	0.0000	0.0000	0.0000	0.2097	0.0000	6.6707	1.2750	1.8277	0.0020	2.0599	2.5259	0.0024	0.0093	0.0165	0.0018
74	124	0.5610	8	0	1	0	1	0	0	0	0	N	N	N	N	N	N	N	N	N	N	N	N	0.0000	0.0007	0.0000	0.0003	0.0017	0.0000	0.0000	0.0000	0.0000	0.0000	0.0000	0.0000	0.0000	0.0000	0.0000	0.0000	0.0000	0.0000	2.4806	0.0049	12.2527	0.0347	0.0056	0.1814	5.9465	0.0031	18.9689	1.0990	727.2812	0.0000	0.5008	6.4226	1.2223	19.3377	8.2281	0.0000	0.0000	0.0000	0.0000	0.0000	0.0000	0.0000	0.0000	0.0000	0.9269	0.0013	0.9257	0.0076	0.0010	0.0066	0.9193	0.0002	0.9191	0.0786	0.0683	0.0104	0.0263	0.0251	0.0012	0.0524	0.0432	0.0092	0.3737	0.2615	0.1122	0.2191	0.1828	0.0362	0.1546	0.0786	0.0760	0.0000	0.0007	0.0000	0.0003	0.0017	0.0000	0.0000	0.0000	0.0000	2.4806	0.0049	8.2516	0.0347	0.0056	0.1814	5.9465	0.0031	12.1006
74	125	0.5092	7	0	1	0	1	0	0	0	0	N	N	N	N	N	N	N	N	N	N	N	N	0.0040	0.0422	0.0000	0.7255	0.8192	0.0003	0.0000	0.0000	0.0000	0.0004	0.0004	0.0000	0.0020	0.0022	0.0000	0.0000	0.0000	0.0000	0.0934	0.0103	0.2651	0.0028	0.0026	0.0034	0.2120	0.0268	0.3909	0.0000	12.4862	-0.0000	0.0277	6.4226	5.9920	19.3377	12.2976	0.0001	0.0001	0.0000	0.0001	0.0001	0.0000	0.0000	0.0000	0.0000	0.0593	0.0044	0.0549	0.0010	0.0008	0.0002	0.0583	0.0036	0.0547	0.2436	0.2078	0.0358	0.0446	0.0417	0.0030	0.1990	0.1661	0.0328	0.6350	0.4279	0.2070	0.3600	0.2928	0.0672	0.2750	0.1351	0.1398	0.0040	0.0422	0.0000	0.7255	0.8192	0.0003	0.0000	0.0000	0.0000	0.0934	0.0103	0.2651	0.0028	0.0026	0.0034	0.2120	0.0268	0.3909
74	126	0.5463	9	0	2	0	1	0	0	0	0	N	Y	N	N	N	N	N	N	N	N	N	N	0.0435	5.4810	0.0000	1.3920	14.2599	0.0000	0.0011	1.1596	0.0000	0.0610	0.0715	0.0000	0.2369	0.2524	0.0000	0.0032	0.0039	0.0000	1.4022	0.0130	4.6784	0.1702	0.0177	1.1145	2.9186	0.0033	5.9154	0.0000	152.0333	-0.0062	0.5748	6.4226	5.0407	19.3377	17.1705	0.0140	0.0140	0.0000	0.0135	0.0135	0.0000	0.0005	0.0005	0.0000	1.0743	0.0070	1.0673	0.0720	0.0064	0.0655	1.0023	0.0006	1.0017	0.2295	0.1958	0.0337	0.0568	0.0533	0.0035	0.1727	0.1425	0.0302	0.7661	0.5380	0.2281	0.4227	0.3639	0.0588	0.3434	0.1741	0.1693	0.0435	5.4810	0.0000	1.3920	14.2599	0.0000	0.0011	1.1596	0.0000	1.4022	0.0130	4.6784	0.1702	0.0177	1.1145	2.9186	0.0033	5.9154
74	127	0.5303	8	0	2	0	1	0	0	0	0	N	Y	N	N	N	N	N	N	N	N	N	N	0.2681	0.1033	1.2794	0.2797	0.2611	0.2598	0.3859	0.0176	1.1061	0.0098	0.0039	0.0420	0.0130	0.0136	0.0025	0.0087	0.0001	0.0459	0.0365	0.0380	0.0329	0.0466	0.0522	0.0096	0.0225	0.0039	0.0415	1.9498	0.3417	0.0002	-0.0027	6.4226	1.9703	19.3377	6.2034	0.0010	0.0003	0.0006	0.0003	0.0003	0.0000	0.0006	0.0000	0.0006	0.0133	0.0099	0.0034	0.0099	0.0096	0.0003	0.0034	0.0003	0.0031	0.0981	0.0830	0.0151	0.0250	0.0236	0.0013	0.0731	0.0594	0.0138	0.3645	0.2612	0.1033	0.2125	0.1846	0.0279	0.1520	0.0766	0.0753	0.2681	0.1033	1.2794	0.2797	0.2611	0.2598	0.3859	0.0176	1.1061	0.0365	0.0380	0.0329	0.0466	0.0522	0.0096	0.0225	0.0039	0.0415
74	128	0.5092	7	0	1	0	1	0	0	0	0	N	N	N	N	N	N	N	N	N	N	N	N	0.5084	0.4824	0.0162	2.0329	1.7481	0.0000	0.0110	0.0262	0.0119	0.0068	0.0080	0.0001	0.0364	0.0390	0.0000	0.0001	0.0001	0.0001	0.0135	0.0166	0.0072	0.0179	0.0223	0.0014	0.0068	0.0025	0.0107	0.0025	0.2206	-0.0001	-0.0014	6.4226	1.1032	19.3377	7.8190	0.0003	0.0003	0.0000	0.0003	0.0003	0.0000	0.0000	0.0000	0.0000	0.0049	0.0040	0.0009	0.0039	0.0039	0.0001	0.0010	0.0002	0.0008	0.0462	0.0393	0.0069	0.0086	0.0080	0.0006	0.0376	0.0313	0.0063	0.3651	0.2423	0.1228	0.2187	0.1731	0.0456	0.1464	0.0692	0.0771	0.5084	0.4824	0.0162	2.0329	1.7481	0.0000	0.0110	0.0262	0.0119	0.0135	0.0166	0.0072	0.0179	0.0223	0.0014	0.0068	0.0025	0.0107
74	129	0.2247	5	0	2	0	1	0	0	0	0	N	Y	N	N	N	N	N	N	N	N	N	N	0.0001	0.0000	0.0006	0.0000	0.0000	0.0000	0.0002	0.0000	0.0008	0.0000	0.0000	0.0000	0.0000	0.0000	0.0000	0.0000	0.0000	0.0000	0.0048	0.0030	0.0087	0.0042	0.0042	0.0020	0.0055	0.0001	0.0091	inf	1.3687	0.0000	0.0004	6.4226	1.0033	19.3377	0.8635	0.0000	0.0000	0.0000	0.0000	0.0000	0.0000	0.0000	0.0000	0.0000	0.0033	0.0014	0.0019	0.0014	0.0014	0.0000	0.0019	0.0000	0.0019	0.1593	0.1437	0.0156	0.0763	0.0731	0.0032	0.0830	0.0706	0.0125	0.6744	0.4573	0.2171	0.3356	0.3238	0.0117	0.3388	0.1334	0.2054	0.0001	0.0000	0.0006	0.0000	0.0000	0.0000	0.0002	0.0000	0.0008	0.0048	0.0030	0.0087	0.0042	0.0042	0.0020	0.0055	0.0001	0.0091
74	130	0.1954	4	0	1	0	1	0	0	0	0	N	N	N	N	N	N	N	N	N	N	N	N	0.0508	0.0694	0.0222	0.0901	0.0893	0.0775	0.0383	0.0975	0.0221	0.0287	0.0304	0.0183	0.0492	0.0513	0.0041	0.0221	0.0227	0.0195	0.5641	0.4376	0.8238	0.5455	0.5746	0.0526	0.5780	0.2326	0.8844	0.1007	0.9174	-0.0037	0.0168	6.4226	5.5514	19.3377	9.9598	0.0105	0.0095	0.0010	0.0044	0.0043	0.0000	0.0061	0.0052	0.0009	0.8367	0.4364	0.4003	0.3453	0.3435	0.0019	0.4914	0.0929	0.3985	0.3660	0.3136	0.0524	0.0885	0.0845	0.0040	0.2775	0.2291	0.0484	1.4832	0.9972	0.4859	0.6331	0.5977	0.0354	0.8501	0.3995	0.4506	0.0508	0.0694	0.0222	0.0901	0.0893	0.0775	0.0383	0.0975	0.0221	0.5641	0.4376	0.8238	0.5455	0.5746	0.0526	0.5780	0.2326	0.8844
74	132	0.6061	11	1	2	0	2	0	0	0	0	N	Y	N	Y	N	N	N	N	N	N	N	N	0.0000	0.0000	0.0000	0.0000	0.0000	0.0000	0.0000	0.0000	0.0000	0.0000	0.0000	0.0000	0.0000	0.0010	0.0015	0.0000	0.0019	0.0022	0.0000	0.0000	0.0000	0.0000	0.0000	0.0000	-0.0001	6.4226	1.0000	19.3377	3.0001	0.0000	0.0000	0.0000	0.0000	0.0000	0.0000	0.0000	0.0000	0.0000	0.0001	0.0001	0.0000	0.0001	0.0001	0.0000	0.0000	0.0000	0.0000	0.0434	0.0372	0.0062	0.0101	0.0094	0.0007	0.0333	0.0278	0.0055	0.1238	0.0858	0.0380	0.0692	0.0582	0.0110	0.0546	0.0276	0.0270	0.0000	0.0000	0.0000	0.0000	0.0000	0.0000	0.0000	0.0000	0.0000	0.0010	0.0015	0.0000	0.0019	0.0022	0.0000	0.0000	0.0000	0.0000						
74	133	0.4381	11	1	2	0	2	0	0	0	0	N	Y	N	Y	N	N	N	N	N	N	N	N	0.0000	0.0000	0.0000	0.0000	0.0000	0.0000	0.0000	0.0000	0.0000	0.0000	0.0000	0.0000	0.0000	0.0000	0.0000	0.0000	0.0000	0.1787	0.2779	0.0000	0.5062	0.5742	0.0000	0.0000	0.0000	0.0000	0.0000	0.0000	-0.0057	6.4226	0.0006	19.3377	1.9797	0.0000	0.0000	0.0000	0.0000	0.0000	0.0000	0.0000	0.0000	0.0000	0.0124	0.0124	0.0000	0.0124	0.0124	0.0000	0.0000	0.0000	0.0000	0.0000	0.0000	0.0000	0.0000	0.0000	0.0000	0.0000	0.0000	0.0000	0.0695	0.0446	0.0248	0.0245	0.0216	0.0029	0.0449	0.0230	0.0219	0.0000	0.0000	0.0000	0.0000	0.0000	0.0000	0.0000	0.0000	0.0000	0.1787	0.2779	0.0000	0.5062	0.5742	0.0000	0.0000	0.0000	0.0000		
74	134	0.4214	10	1	2	0	2	0	0	0	0	N	Y	N	Y	N	N	N	N	N	N	N	N	0.0000	0.0000	0.0000	0.0000	0.0000	0.0000	0.0000	0.0000	0.0000	0.0000	0.0000	0.0000	0.0000	0.0000	0.0000	0.0000	0.0000	0.0000	0.0015	0.0023	0.0002	0.0043	0.0048	0.0009	0.0000	0.0000	0.0001	0.0403	0.0000	-0.0002	6.4226	2.0077	19.3377	6.0321	0.0000	0.0000	0.0000	0.0000	0.0000	0.0000	0.0000	0.0000	0.0000	0.0004	0.0004	0.0000	0.0004	0.0004	0.0000	0.0000	0.0000	0.0000	0.0902	0.0773	0.0130	0.0221	0.0203	0.0019	0.0681	0.0570	0.0111	0.2571	0.1617	0.0954	0.0865	0.0753	0.0112	0.1706	0.0864	0.0842	0.0000	0.0000	0.0000	0.0000	0.0000	0.0000	0.0000	0.0000	0.0000	0.0015	0.0023	0.0002	0.0043	0.0048	0.0009	0.0000	0.0000	0.0001	
74	135	0.4166	10	0	2	0	2	0	0	0	0	N	Y	N	Y	N	N	N	N	N	N	N	N	0.0012	0.0000	0.0055	0.0000	0.0000	0.0000	0.0018	0.0000	0.0055	0.0000	0.0000	0.0000	0.0000	0.0000	0.0000	0.0000	0.0000	0.0000	0.0040	0.0030	0.0057	0.0052	0.0059	0.0001	0.0032	0.0000	0.0065	inf	1.0534	0.0000	0.0001	6.4226	3.0348	19.3377	9.3583	0.0000	0.0000	0.0000	0.0000	0.0000	0.0000	0.0000	0.0000	0.0000	0.0019	0.0009	0.0010	0.0009	0.0009	0.0000	0.0010	0.0000	0.0009	0.1390	0.1185	0.0205	0.0328	0.0301	0.0026	0.1062	0.0884	0.0178	0.4667	0.2984	0.1682	0.1738	0.1513	0.0225	0.2929	0.1471	0.1457	0.0012	0.0000	0.0055	0.0000	0.0000	0.0000	0.0018	0.0000	0.0055	0.0040	0.0030	0.0057	0.0052	0.0059	0.0001	0.0032	0.0000	0.0065
74	136	0.4023	9	0	1	0	2	0	0	0	0	N	N	N	Y	N	N	N	N	N	N	N	N	0.0049	0.0142	0.0062	0.0232	0.0221	0.0000	0.0024	0.0000	0.0063	0.0005	0.0003	0.0015	0.0010	0.0010	0.0000	0.0003	0.0000	0.0016	0.1001	0.0223	0.2345	0.0418	0.0467	0.0013	0.1291	0.0008	0.2594	0.8452	6.0923	0.0000	0.0089	6.4226	0.0433	19.3377	6.6805	0.0000	0.0000	0.0000	0.0000	0.0000	0.0000	0.0000	0.0000	0.0000	0.0223	0.0031	0.0192	0.0031	0.0031	0.0000	0.0192	0.0001	0.0192	0.0024	0.0020	0.0004	0.0007	0.0006	0.0000	0.0017	0.0014	0.0003	0.2228	0.1411	0.0817	0.0740	0.0661	0.0079	0.1488	0.0750	0.0738	0.0049	0.0142	0.0062	0.0232	0.0221	0.0000	0.0024	0.0000	0.0063	0.1001	0.0223	0.2345	0.0418	0.0467	0.0013	0.1291	0.0008	0.2594
74	137	0.6357	13	0	2	0	2	0	0	0	0	N	Y	N	Y	N	N	N	N	N	N	N	N	0.0000	0.0000	0.0000	0.0000	0.0000	0.0000	0.0000	0.0000	0.0000	0.0000	0.0000	0.0000	0.0000	0.0000	0.0000	0.0000	0.0000	0.0000	0.0000	0.0000	6.4226	0.0000	19.3377	0.0000	0.0000	0.0000	0.0000	0.0000	0.0000	0.0000	0.0000	0.0000	0.0000	0.0000	0.0000	0.0000	0.0000	0.0000	0.0000	0.0000	0.0000	0.0000	0.0000	0.0000	0.0000	0.0000	0.0000	0.0000	0.0000	0.0000	0.0000	0.0000	0.0000	0.0000	0.0000	0.0000	0.0000	0.0000	0.0000	0.0000	0.0000	0.0000	0.0000	0.0000	0.0000	0.0000	0.0000	0.0000	0.0000	0.0000	0.0000	0.0000	0.0000	0.0000	0.0000	0.0000	0.0000	0.0000											
74	138	0.6306	12	0	2	0	2	0	0	0	0	N	Y	N	Y	N	N	N	N	N	N	N	N	0.0000	0.0000	0.0000	0.0000	0.0000	0.0000	0.0000	0.0000	0.0000	0.0000	0.0000	0.0000	0.0000	0.0001	0.0000	0.0004	0.0000	0.0000	0.0000	0.0003	0.0000	0.0006	inf	0.0000	0.0000	6.4226	0.0021	19.3377	2.0000	0.0000	0.0000	0.0000	0.0000	0.0000	0.0000	0.0000	0.0000	0.0000	0.0000	0.0000	0.0000	0.0000	0.0000	0.0000	0.0000	0.0000	0.0000	0.0002	0.0002	0.0000	0.0002	0.0002	0.0000	0.0001	0.0001	0.0000	0.0617	0.0419	0.0198	0.0319	0.0272	0.0048	0.0297	0.0147	0.0150	0.0000	0.0000	0.0000	0.0000	0.0000	0.0000	0.0000	0.0000	0.0000	0.0001	0.0000	0.0004	0.0000	0.0000	0.0000	0.0003	0.0000	0.0006						
74	139	0.6204	11	0	1	0	2	0	0	0	0	N	N	N	Y	N	N	N	N	N	N	N	N	0.0000	0.0000	0.0000	0.0000	0.0000	0.0000	0.0000	0.0000	0.0000	0.0000	0.0000	0.0000	0.0000	0.0000	0.0000	0.0000	0.0000	0.0000	0.1589	0.0000	0.5163	0.0000	0.0000	0.0000	0.3418	0.0000	0.6972	29544.3428	0.0000	0.0109	6.4226	1.0020	19.3377	3.0181	0.0000	0.0000	0.0000	0.0000	0.0000	0.0000	0.0000	0.0000	0.0000	0.0201	0.0000	0.0201	0.0000	0.0000	0.0000	0.0201	0.0000	0.0201	0.0435	0.0373	0.0062	0.0100	0.0093	0.0007	0.0335	0.0280	0.0055	0.1263	0.0874	0.0389	0.0676	0.0575	0.0101	0.0587	0.0299	0.0288	0.0000	0.0000	0.0000	0.0000	0.0000	0.0000	0.0000	0.0000	0.0000	0.1589	0.0000	0.5163	0.0000	0.0000	0.0000	0.3418	0.0000	0.6972	
74	140	0.6061	11	0	2	0	1	0	0	0	0	N	Y	N	N	N	N	N	N	N	N	N	N	0.0000	0.0000	0.0000	0.0000	0.0000	0.0000	0.0000	0.0000	0.0000	0.0000	0.0000	0.0000	0.0000	0.0008	0.0011	0.0000	0.0014	0.0017	0.0000	0.0000	0.0000	0.0000	0.0000	0.0000	-0.0000	6.4226	0.0000	19.3377	4.0001	0.0000	0.0000	0.0000	0.0000	0.0000	0.0000	0.0000	0.0000	0.0000	0.0001	0.0001	0.0000	0.0001	0.0001	0.0000	0.0000	0.0000	0.0000	0.0000	0.0000	0.0000	0.0000	0.0000	0.0000	0.0000	0.0000	0.0000	0.1238	0.0858	0.0380	0.0692	0.0582	0.0110	0.0546	0.0276	0.0270	0.0000	0.0000	0.0000	0.0000	0.0000	0.0000	0.0000	0.0000	0.0000	0.0008	0.0011	0.0000	0.0014	0.0017	0.0000	0.0000	0.0000	0.0000						
74	141	0.4168	9	0	2	0	1	0	0	0	0	N	Y	N	N	N	N	N	N	N	N	N	N	0.0000	0.0000	0.0000	0.0003	0.0003	0.0000	0.0000	0.0000	0.0000	0.0000	0.0000	0.0000	0.0000	0.0000	0.0000	0.0000	0.0000	0.0000	14.9978	10.8178	30.1264	0.0509	0.0577	0.0056	15.4204	15.0068	30.8051	0.0000	1.0073	-0.0000	0.0863	6.4226	1.0003	19.3377	5.0186	0.0000	0.0000	0.0000	0.0000	0.0000	0.0000	0.0000	0.0000	0.0000	1.9873	0.9900	0.9973	0.0035	0.0034	0.0001	1.9838	0.9866	0.9972	0.0450	0.0386	0.0065	0.0110	0.0101	0.0009	0.0340	0.0285	0.0055	0.1981	0.1249	0.0732	0.0682	0.0592	0.0090	0.1299	0.0657	0.0642	0.0000	0.0000	0.0000	0.0003	0.0003	0.0000	0.0000	0.0000	0.0000	10.0317	7.9258	13.6259	0.0509	0.0577	0.0056	15.2683	15.0068	15.5361
74	142	0.6204	11	0	1	1	2	0	0	0	0	N	N	N	Y	N	N	N	N	N	N	N	N	0.0000	0.0000	0.0000	0.0000	0.0000	0.0000	0.0000	0.0000	0.0000	0.0000	0.0000	0.0000	0.0000	0.0000	0.0000	0.0000	0.0000	0.0013	0.0017	0.0004	0.0009	0.0011	0.0000	0.0017	0.0029	0.0005	0.0927	0.0000	-0.0001	6.4226	0.0001	19.3377	9.0026	0.0000	0.0000	0.0000	0.0000	0.0000	0.0000	0.0000	0.0000	0.0000	0.0004	0.0003	0.0000	0.0001	0.0001	0.0000	0.0002	0.0002	0.0000	0.0000	0.0000	0.0000	0.0000	0.0000	0.0000	0.0000	0.0000	0.0000	0.2758	0.1910	0.0849	0.1473	0.1251	0.0221	0.1286	0.0658	0.0627	0.0000	0.0000	0.0000	0.0000	0.0000	0.0000	0.0000	0.0000	0.0000	0.0013	0.0017	0.0004	0.0009	0.0011	0.0000	0.0017	0.0029	0.0005		
74	143	0.4023	9	0	1	1	2	0	0	0	0	N	N	N	Y	N	N	N	N	N	N	N	N	0.0000	0.0000	10.9453	0.0000	0.0000	0.0000	0.0000	0.0000	18.9982	0.0000	0.0000	0.0000	0.0000	0.0000	0.0000	0.0000	0.0000	0.0000	7.4522	13.7147	0.0000	0.0587	0.0657	0.0000	8.8260	17.5057	0.0000	inf	0.0000	0.0000	-0.8884	6.4226	2.0061	19.3377	8.0425	0.0000	0.0000	0.0000	0.0000	0.0000	0.0000	0.0000	0.0000	0.0000	1.9381	1.9381	0.0000	0.0064	0.0064	0.0000	1.9317	1.9317	0.0000	0.0896	0.0765	0.0131	0.0204	0.0186	0.0018	0.0692	0.0578	0.0114	0.3272	0.2071	0.1201	0.1084	0.0968	0.0116	0.2189	0.1103	0.1085	0.0000	0.0000	10.9453	0.0000	0.0000	0.0000	0.0000	0.0000	18.9982	5.9225	9.3580	0.0000	0.0587	0.0657	0.0000	8.8260	17.5057	0.0000
74	144	0.3932	8	0	1	0	2	0	0	0	0	N	N	N	Y	N	N	N	N	N	N	N	N	11.2492	0.0000	1720.4000	0.2308	0.0000	63.5377	10.6430	0.0000	1858.5271	0.1408	0.0000	0.9858	0.0008	0.0000	0.0109	0.1899	0.0000	1.1377	0.0125	0.0184	0.0006	0.0035	0.0038	0.0002	0.0178	0.0335	0.0006	5884930.4708	0.0153	0.0075	-0.0010	6.4226	1.9550	19.3377	2.1189	0.0134	0.0000	0.0134	0.0000	0.0000	0.0000	0.0134	0.0000	0.0134	0.0022	0.0022	0.0000	0.0002	0.0002	0.0000	0.0020	0.0019	0.0000	0.0950	0.0814	0.0136	0.0247	0.0229	0.0018	0.0703	0.0586	0.0117	0.1757	0.1180	0.0577	0.0653	0.0602	0.0051	0.1104	0.0578	0.0526	11.2492	0.0000	1720.4000	0.2308	0.0000	63.5377	10.6430	0.0000	1858.5271	0.0125	0.0184	0.0006	0.0035	0.0038	0.0002	0.0178	0.0335	0.0006
74	145	0.3932	8	0	1	1	2	0	0	0	0	N	N	N	Y	N	N	N	N	N	N	N	N	0.0007	0.4736	0.0000	0.8115	0.8090	0.0000	0.0000	0.0000	0.0000	0.0010	0.0012	0.0000	0.0040	0.0044	0.0000	0.0000	0.0000	0.0000	1.4548	0.0026	4.0621	0.0050	0.0054	0.0013	2.1983	0.0000	4.4947	0.0000	881.9935	-0.0000	0.5352	6.4226	2.1261	19.3377	18.6477	0.0001	0.0001	0.0000	0.0001	0.0001	0.0000	0.0000	0.0000	0.0000	0.9901	0.0011	0.9890	0.0011	0.0011	0.0000	0.9890	0.0000	0.9890	0.1026	0.0879	0.0147	0.0265	0.0245	0.0020	0.0761	0.0634	0.0127	0.6806	0.4371	0.2435	0.2307	0.2073	0.0234	0.4499	0.2298	0.2200	0.0007	0.4736	0.0000	0.8115	0.8090	0.0000	0.0000	0.0000	0.0000	1.4548	0.0026	4.0621	0.0050	0.0054	0.0013	2.1983	0.0000	4.4947
74	146	0.6204	11	0	1	1	2	0	0	0	0	N	N	N	Y	N	N	N	N	N	N	N	N	3287.4648	2654.0273	0.0000	0.9387	0.8576	0.0000	409407866.3284	250629149.7908	11.2904	13.1648	0.0000	0.0060	0.0065	0.0000	14.6579	17.5345	0.0000	0.0034	0.0050	0.0000	0.0064	0.0076	0.0000	0.0000	0.0000	0.0000	0.0000	0.0000	-0.4308	-0.0004	6.4226	2.0001	19.3377	5.9880	0.9767	0.9767	0.0000	0.0001	0.0001	0.0000	0.9766	0.9766	0.0000	0.0008	0.0008	0.0000	0.0008	0.0008	0.0000	0.0000	0.0000	0.0000	0.0865	0.0742	0.0123	0.0199	0.0185	0.0014	0.0666	0.0557	0.0109	0.2458	0.1702	0.0756	0.1313	0.1116	0.0197	0.1145	0.0586	0.0559	3287.4648	2654.0273	0.0000	0.9387	0.8576	0.0000	409407866.3284	250629149.7908	0.0000	0.0034	0.0050	0.0000	0.0064	0.0076	0.0000	0.0000	0.0000	0.0000	
74	147	0.6204	11	0	1	1	2	0	0	0	0	N	N	N	Y	N	N	N	N	N	N	N	N	0.0008	0.0000	0.0017	0.0000	0.0000	0.0000	0.0005	0.0000	0.0014	0.0009	0.0000	0.0062	0.0000	0.0000	0.0000	0.0011	0.0000	0.0070	1.1270	0.0013	3.6617	0.0272	0.0015	0.1713	2.3578	0.0009	4.8843	inf	1258.2643	0.0002	0.5481	6.4226	9.0001	19.3377	23.0169	0.0003	0.0000	0.0003	0.0000	0.0000	0.0000	0.0003	0.0000	0.0003	1.0134	0.0008	1.0126	0.0129	0.0006	0.0123	1.0005	0.0002	1.0003	0.3781	0.3248	0.0533	0.0866	0.0806	0.0060	0.2915	0.2442	0.0473	0.8992	0.6226	0.2765	0.4749	0.4031	0.0717	0.4243	0.2195	0.2048	0.0008	0.0000	0.0017	0.0000	0.0000	0.0000	0.0005	0.0000	0.0014	1.1270	0.0013	3.6617	0.0272	0.0015	0.1713	2.3578	0.0009	4.8843
74	148	0.5951	10	0	1	0	2	0	0	0	0	N	N	N	Y	N	N	N	N	N	N	N	N	0.0000	0.0000	0.0000	0.0001	0.0001	0.0000	0.0000	0.0000	0.0000	0.0000	0.0000	0.0000	0.0000	0.0000	0.0000	0.0000	0.0000	0.0000	0.2949	0.3407	0.1906	0.5170	0.4960	0.6268	0.0033	0.0010	0.0056	0.0000	0.2457	-0.0000	-0.0256	6.4226	1.9990	19.3377	7.9526	0.0000	0.0000	0.0000	0.0000	0.0000	0.0000	0.0000	0.0000	0.0000	0.0980	0.0787	0.0193	0.0975	0.0786	0.0189	0.0005	0.0001	0.0004	0.0870	0.0746	0.0124	0.0204	0.0190	0.0014	0.0666	0.0556	0.0110	0.3323	0.2309	0.1014	0.1887	0.1585	0.0302	0.1437	0.0724	0.0712	0.0000	0.0000	0.0000	0.0001	0.0001	0.0000	0.0000	0.0000	0.0000	0.2949	0.3407	0.1906	0.5170	0.4960	0.6268	0.0033	0.0010	0.0056
74	149	0.5632	9	1	2	0	1	0	0	0	0	N	Y	N	N	N	N	N	N	N	N	N	N	0.0023	0.0072	0.0000	0.0529	0.0579	0.0000	0.0000	0.0000	0.0000	0.0002	0.0002	0.0000	0.0007	0.0008	0.0000	0.0000	0.0000	0.0000	0.0807	0.0300	0.1922	0.0137	0.0131	0.0162	0.1710	0.0658	0.2835	0.0012	2.9182	-0.0000	0.0188	6.4226	5.3497	19.3377	17.2225	0.0001	0.0001	0.0000	0.0001	0.0001	0.0000	0.0000	0.0000	0.0000	0.0656	0.0167	0.0489	0.0064	0.0050	0.0014	0.0592	0.0118	0.0475	0.2710	0.2326	0.0385	0.0694	0.0661	0.0033	0.2016	0.1665	0.0352	0.8128	0.5585	0.2543	0.4665	0.3796	0.0869	0.3463	0.1789	0.1675	0.0023	0.0072	0.0000	0.0529	0.0579	0.0000	0.0000	0.0000	0.0000	0.0807	0.0300	0.1922	0.0137	0.0131	0.0162	0.1710	0.0658	0.2835
74	150	0.5940	10	0	2	0	1	0	0	0	0	N	Y	N	N	N	N	N	N	N	N	N	N	0.0001	0.0007	0.0001	0.0025	0.0013	1.0583	0.0000	0.0004	0.0000	0.0002	0.0001	0.0008	0.0004	0.0002	0.0035	0.0001	0.0000	0.0005	2.2941	0.1190	9.5319	0.1421	0.1705	0.0034	5.3448	0.0024	16.2601	1.5037	26.4664	0.0000	1.0354	6.4226	3.6794	19.3377	17.4287	0.0000	0.0000	0.0000	0.0000	0.0000	0.0000	0.0000	0.0000	0.0000	2.0495	0.0746	1.9749	0.0745	0.0742	0.0003	1.9750	0.0005	1.9746	0.2386	0.2076	0.0310	0.0783	0.0752	0.0031	0.1603	0.1324	0.0279	0.8934	0.6270	0.2663	0.5238	0.4348	0.0890	0.3695	0.1922	0.1773	0.0001	0.0007	0.0001	0.0025	0.0013	1.0583	0.0000	0.0004	0.0000	2.2941	0.1190	7.4156	0.1421	0.1705	0.0034	5.3448	0.0024	11.1368
74	151	0.5632	9	0	2	0	1	0	0	0	0	N	Y	N	N	N	N	N	N	N	N	N	N	0.0259	0.0319	0.0001	0.0467	0.0414	0.0000	0.0146	0.0151	0.0000	0.0013	0.0015	0.0000	0.0005	0.0005	0.0000	0.0016	0.0020	0.0000	0.0509	0.0482	0.0570	0.0106	0.0125	0.0030	0.1120	0.1324	0.0902	0.0004	0.5310	-0.0001	-0.0032	6.4226	3.4464	19.3377	10.1316	0.0003	0.0003	0.0000	0.0000	0.0000	0.0000	0.0002	0.0002	0.0000	0.0289	0.0189	0.0100	0.0036	0.0034	0.0002	0.0253	0.0155	0.0098	0.1919	0.1648	0.0271	0.0536	0.0514	0.0022	0.1383	0.1134	0.0249	0.5686	0.3924	0.1762	0.3427	0.2756	0.0672	0.2259	0.1168	0.1090	0.0259	0.0319	0.0001	0.0467	0.0414	0.0000	0.0146	0.0151	0.0000	0.0509	0.0482	0.0570	0.0106	0.0125	0.0030	0.1120	0.1324	0.0902
74	152	0.4236	11	1	2	0	1	0	0	0	0	N	Y	N	N	N	N	N	N	N	N	N	N	0.0000	0.0000	0.0000	0.0000	0.0000	0.0000	0.0000	0.0000	0.0000	0.0000	0.0000	0.0000	0.0000	0.0000	0.0000	0.0000	0.0000	0.0000	0.0817	0.0443	0.1454	0.0830	0.0950	0.0024	0.0810	0.0001	0.1646	1.9242	0.0000	0.0067	6.4226	1.0143	19.3377	12.0086	0.0000	0.0000	0.0000	0.0000	0.0000	0.0000	0.0000	0.0000	0.0000	0.0334	0.0114	0.0220	0.0115	0.0114	0.0000	0.0220	0.0000	0.0219	0.0464	0.0397	0.0067	0.0117	0.0107	0.0010	0.0347	0.0290	0.0057	0.4092	0.2579	0.1512	0.1381	0.1202	0.0179	0.2711	0.1377	0.1333	0.0000	0.0000	0.0000	0.0000	0.0000	0.0000	0.0000	0.0000	0.0000	0.0817	0.0443	0.1454	0.0830	0.0950	0.0024	0.0810	0.0001	0.1646	
74	153	0.4214	10	1	2	0	1	0	0	0	0	N	Y	N	N	N	N	N	N	N	N	N	N	0.0000	0.0000	0.0000	0.0000	0.0000	0.0000	0.0000	0.0000	0.0000	0.0000	0.0000	0.0000	0.0000	0.0000	0.0000	0.0000	0.0000	0.0000	0.0020	0.0018	0.0025	0.0034	0.0038	0.0001	0.0014	0.0000	0.0028	0.8015	0.0000	-0.0000	6.4226	0.9811	19.3377	0.0216	0.0000	0.0000	0.0000	0.0000	0.0000	0.0000	0.0000	0.0000	0.0000	0.0001	0.0000	0.0000	0.0000	0.0000	0.0000	0.0000	0.0000	0.0000	0.0445	0.0381	0.0064	0.0110	0.0101	0.0009	0.0335	0.0280	0.0055	0.0332	0.0209	0.0123	0.0112	0.0098	0.0014	0.0220	0.0111	0.0109	0.0000	0.0000	0.0000	0.0000	0.0000	0.0000	0.0000	0.0000	0.0000	0.0020	0.0018	0.0025	0.0034	0.0038	0.0001	0.0014	0.0000	0.0028	
74	154	0.4168	9	1	2	0	1	0	0	0	0	N	Y	N	N	N	N	N	N	N	N	N	N	0.0025	0.0035	0.0000	0.0056	0.0054	0.0000	0.0000	0.0000	0.0000	0.0004	0.0004	0.0000	0.0012	0.0013	0.0000	0.0000	0.0000	0.0000	0.1438	0.1178	0.1888	0.2108	0.2403	0.0208	0.1068	0.0021	0.2139	0.0000	0.9272	-0.0000	0.0002	6.4226	0.0083	19.3377	2.0001	0.0000	0.0000	0.0000	0.0000	0.0000	0.0000	0.0000	0.0000	0.0000	0.0101	0.0052	0.0048	0.0052	0.0052	0.0001	0.0048	0.0000	0.0048	0.0004	0.0004	0.0001	0.0001	0.0001	0.0000	0.0003	0.0003	0.0000	0.0700	0.0443	0.0257	0.0249	0.0215	0.0033	0.0451	0.0228	0.0223	0.0025	0.0035	0.0000	0.0056	0.0054	0.0000	0.0000	0.0000	0.0000	0.1438	0.1178	0.1888	0.2108	0.2403	0.0208	0.1068	0.0021	0.2139
74	155	0.3932	8	0	2	0	1	0	0	0	0	N	Y	N	N	N	N	N	N	N	N	N	N	0.0691	0.0634	0.0009	1.1426	2.2780	0.0000	0.0001	0.0000	0.0012	0.0011	0.0012	0.0000	0.0042	0.0046	0.0000	0.0000	0.0000	0.0000	0.0155	0.0197	0.0077	0.0037	0.0020	0.0200	0.0218	0.0363	0.0064	0.0009	0.2091	-0.0001	-0.0016	6.4226	2.9180	19.3377	7.4065	0.0001	0.0001	0.0000	0.0001	0.0001	0.0000	0.0000	0.0000	0.0000	0.0058	0.0048	0.0010	0.0005	0.0002	0.0002	0.0053	0.0045	0.0008	0.1374	0.1178	0.0197	0.0348	0.0321	0.0027	0.1027	0.0857	0.0170	0.3724	0.2422	0.1302	0.1297	0.1176	0.0122	0.2427	0.1247	0.1180	0.0691	0.0634	0.0009	1.1426	2.2780	0.0000	0.0001	0.0000	0.0012	0.0155	0.0197	0.0077	0.0037	0.0020	0.0200	0.0218	0.0363	0.0064
74	156	0.3274	7	0	1	0	1	0	0	0	0	N	N	N	N	N	N	N	N	N	N	N	N	0.0015	0.0017	0.0008	0.0020	0.0019	0.0003	0.0011	0.1747	0.0008	0.0019	0.0021	0.0011	0.0039	0.0042	0.0000	0.0009	0.0008	0.0013	1.2718	1.2270	1.3537	1.9980	2.2110	0.0876	0.7911	0.0046	1.5151	0.0719	0.6027	-0.0004	-0.1400	6.4226	8.2479	19.3377	19.7214	0.0011	0.0010	0.0001	0.0008	0.0008	0.0000	0.0003	0.0002	0.0001	1.7014	1.0616	0.6398	1.0645	1.0598	0.0047	0.6369	0.0018	0.6351	0.5546	0.4881	0.0666	0.1935	0.1837	0.0098	0.3611	0.3043	0.0568	1.3378	0.8652	0.4726	0.5328	0.4793	0.0534	0.8050	0.3858	0.4192	0.0015	0.0017	0.0008	0.0020	0.0019	0.0003	0.0011	0.1747	0.0008	1.2718	1.2270	1.3537	1.9980	2.2110	0.0876	0.7911	0.0046	1.5151
74	157	0.2912	6	0	1	0	1	0	0	0	0	N	N	N	N	N	N	N	N	N	N	N	N	0.0147	0.0273	0.0066	0.0611	0.0609	0.0353	0.0036	0.0094	0.0059	0.0081	0.0083	0.0069	0.0246	0.0256	0.0074	0.0024	0.0015	0.0068	0.5536	0.3046	1.0456	0.4018	0.4199	0.2095	0.6547	0.1635	1.1407	0.1282	1.7383	-0.0011	0.1165	6.4226	7.4725	19.3377	14.3153	0.0034	0.0030	0.0004	0.0026	0.0026	0.0000	0.0007	0.0004	0.0003	0.6603	0.2411	0.4192	0.1915	0.1829	0.0086	0.4688	0.0582	0.4106	0.4150	0.3592	0.0559	0.1072	0.1014	0.0059	0.3078	0.2578	0.0500	1.1927	0.7918	0.4009	0.4766	0.4356	0.0410	0.7161	0.3562	0.3599	0.0147	0.0273	0.0066	0.0611	0.0609	0.0353	0.0036	0.0094	0.0059	0.5536	0.3046	1.0456	0.4018	0.4199	0.2095	0.6547	0.1635	1.1407
74	158	0.2257	5	0	1	0	1	0	0	0	0	N	N	N	N	N	N	N	N	N	N	N	N	0.0245	0.0454	0.0074	0.0408	0.0406	0.0004	0.0201	0.1005	0.0074	0.0199	0.0214	0.0109	0.0281	0.0298	0.0001	0.0178	0.0189	0.0119	0.8114	0.4714	1.4756	0.6885	0.7349	0.1472	0.8842	0.1883	1.6018	0.0845	1.6022	-0.0045	0.2115	6.4226	11.6653	19.3377	19.4910	0.0125	0.0115	0.0010	0.0037	0.0037	0.0000	0.0088	0.0078	0.0010	1.3445	0.5167	0.8278	0.4244	0.4172	0.0072	0.9201	0.0995	0.8207	0.6260	0.5370	0.0890	0.1299	0.1224	0.0075	0.4961	0.4146	0.0814	1.6570	1.0960	0.5610	0.6163	0.5677	0.0487	1.0406	0.5283	0.5123	0.0245	0.0454	0.0074	0.0408	0.0406	0.0004	0.0201	0.1005	0.0074	0.8114	0.4714	1.4756	0.6885	0.7349	0.1472	0.8842	0.1883	1.6018
74	161	0.6137	13	1	2	0	1	0	0	0	0	N	Y	N	N	N	N	N	N	N	N	N	N	0.0000	0.0000	0.0000	0.0000	0.0000	0.0000	0.0000	0.0000	0.0000	0.0000	0.0000	0.0000	0.0000	0.0000	0.0000	0.0000	0.0000	0.0462	0.0664	0.0000	0.0827	0.0981	0.0000	0.0000	0.0000	0.0000	0.0000	0.0000	-0.0020	6.4226	0.0002	19.3377	3.0099	0.0000	0.0000	0.0000	0.0000	0.0000	0.0000	0.0000	0.0000	0.0000	0.0044	0.0044	0.0000	0.0044	0.0044	0.0000	0.0000	0.0000	0.0000	0.0000	0.0000	0.0000	0.0000	0.0000	0.0000	0.0000	0.0000	0.0000	0.0951	0.0661	0.0290	0.0531	0.0448	0.0083	0.0420	0.0213	0.0206	0.0000	0.0000	0.0000	0.0000	0.0000	0.0000	0.0000	0.0000	0.0000	0.0462	0.0664	0.0000	0.0827	0.0981	0.0000	0.0000	0.0000	0.0000		
74	162	0.6061	12	1	2	0	1	0	0	0	0	N	Y	N	N	N	N	N	N	N	N	N	N	0.0000	0.0000	0.0000	0.0000	0.0000	0.0000	0.0000	0.0000	0.0000	0.0000	0.0000	0.0000	0.0000	0.0000	0.0000	0.0000	0.0000	0.0000	0.0487	0.0051	0.1471	0.0044	0.0049	0.0017	0.1048	0.0056	0.2061	12.7038	0.0000	0.0021	6.4226	0.9998	19.3377	2.0118	0.0000	0.0000	0.0000	0.0000	0.0000	0.0000	0.0000	0.0000	0.0000	0.0046	0.0003	0.0042	0.0002	0.0002	0.0000	0.0043	0.0001	0.0042	0.0434	0.0372	0.0062	0.0101	0.0094	0.0007	0.0333	0.0278	0.0055	0.0936	0.0649	0.0287	0.0523	0.0440	0.0083	0.0413	0.0208	0.0204	0.0000	0.0000	0.0000	0.0000	0.0000	0.0000	0.0000	0.0000	0.0000	0.0487	0.0051	0.1471	0.0044	0.0049	0.0017	0.1048	0.0056	0.2061	
74	163	0.6061	11	1	2	0	1	0	0	0	0	N	Y	N	N	N	N	N	N	N	N	N	N	0.0000	0.0000	0.0000	0.0000	0.0000	0.0000	0.0000	0.0000	0.0000	0.0000	0.0000	0.0000	0.0000	0.0000	0.0000	0.0000	0.0000	11.4908	3.2785	60.1659	5.4139	5.1862	0.6127	11.7542	0.0000	60.7629	2.2003	0.0000	0.0001	6.4226	0.0000	19.3377	0.0003	0.0000	0.0000	0.0000	0.0000	0.0000	0.0000	0.0000	0.0000	0.0000	0.0003	0.0001	0.0002	0.0001	0.0001	0.0000	0.0002	0.0000	0.0002	0.0000	0.0000	0.0000	0.0000	0.0000	0.0000	0.0000	0.0000	0.0000	0.0000	0.0000	0.0000	0.0000	0.0000	0.0000	0.0000	0.0000	0.0000	0.0000	0.0000	0.0000	0.0000	0.0000	0.0000	0.0000	0.0000	0.0000	8.1728	3.2785	25.4185	4.9140	5.1862	0.6127	11.7542	0.0000	29.4893		
74	164	0.5951	10	0	2	0	1	0	0	0	0	N	Y	N	N	N	N	N	N	N	N	N	N	0.0000	0.0001	0.0000	0.0001	0.0001	0.0000	0.0000	0.0000	0.0000	0.0007	0.0009	0.0000	0.0018	0.0018	0.0000	0.0000	0.0000	0.0000	17.3850	11.4984	45.2365	21.6156	24.4122	0.0124	14.1762	0.0112	59.3566	0.0000	1.0268	-0.0000	0.0935	6.4226	0.0063	19.3377	4.3641	0.0000	0.0000	0.0000	0.0000	0.0000	0.0000	0.0000	0.0000	0.0000	1.9390	0.9567	0.9823	0.9565	0.9563	0.0002	0.9825	0.0004	0.9821	0.0008	0.0007	0.0001	0.0003	0.0003	0.0000	0.0005	0.0004	0.0001	0.1670	0.1164	0.0506	0.0976	0.0817	0.0160	0.0694	0.0347	0.0347	0.0001	0.0001	0.0000	0.0002	0.0002	0.0000	0.0000	0.0000	0.0000	11.6094	8.2183	19.4098	9.7981	11.7095	0.0124	14.1575	0.0112	28.3386
74	165	0.5632	9	0	1	0	1	0	0	0	0	N	N	N	N	N	N	N	N	N	N	N	N	0.1807	0.2122	0.0000	0.5488	0.4564	0.0000	0.0000	0.0000	0.0000	0.0139	0.0162	0.0000	0.0465	0.0482	0.0000	0.0000	0.0000	0.0000	0.0771	0.0763	0.0787	0.0847	0.1056	0.0001	0.0652	0.0060	0.1287	0.0000	0.4622	-0.0009	-0.0059	6.4226	2.5207	19.3377	10.0226	0.0021	0.0021	0.0000	0.0021	0.0021	0.0000	0.0000	0.0000	0.0000	0.0416	0.0284	0.0131	0.0278	0.0278	0.0000	0.0138	0.0007	0.0131	0.1530	0.1315	0.0214	0.0458	0.0442	0.0016	0.1072	0.0873	0.0198	0.5394	0.3725	0.1669	0.3278	0.2630	0.0648	0.2116	0.1095	0.1021	0.1807	0.2122	0.0000	0.5488	0.4564	0.0000	0.0000	0.0000	0.0000	0.0771	0.0763	0.0787	0.0847	0.1056	0.0001	0.0652	0.0060	0.1287
74	166	0.5476	8	0	1	0	1	0	0	0	0	N	N	N	N	N	N	N	N	N	N	N	N	0.0113	0.0094	0.0005	0.0395	0.0346	0.0000	0.0000	0.0000	0.0006	0.0004	0.0004	0.0000	0.0009	0.0009	0.0000	0.0000	0.0000	0.0000	0.0318	0.0432	0.0019	0.0225	0.0266	0.0022	0.0472	0.0846	0.0018	0.0003	0.0169	-0.0000	-0.0057	6.4226	2.6894	19.3377	4.6619	0.0001	0.0001	0.0000	0.0001	0.0001	0.0000	0.0000	0.0000	0.0000	0.0129	0.0127	0.0002	0.0057	0.0056	0.0001	0.0073	0.0071	0.0001	0.1792	0.1588	0.0204	0.0727	0.0702	0.0025	0.1065	0.0887	0.0179	0.4058	0.2939	0.1119	0.2520	0.2095	0.0425	0.1539	0.0844	0.0694	0.0113	0.0094	0.0005	0.0395	0.0346	0.0000	0.0000	0.0000	0.0006	0.0318	0.0432	0.0019	0.0225	0.0266	0.0022	0.0472	0.0846	0.0018
74	167	0.5092	7	0	1	0	1	0	0	0	0	N	N	N	N	N	N	N	N	N	N	N	N	0.0006	0.0008	0.0002	0.0194	0.0169	0.0000	0.0000	0.0000	0.0001	0.0000	0.0000	0.0000	0.0001	0.0001	0.0000	0.0000	0.0000	0.0000	0.0213	0.0185	0.0269	0.0034	0.0042	0.0003	0.0468	0.0526	0.0415	0.0515	0.7229	-0.0000	-0.0004	6.4226	2.7966	19.3377	8.5340	0.0000	0.0000	0.0000	0.0000	0.0000	0.0000	0.0000	0.0000	0.0000	0.0093	0.0054	0.0039	0.0009	0.0009	0.0000	0.0084	0.0045	0.0039	0.1155	0.0984	0.0171	0.0213	0.0199	0.0014	0.0942	0.0786	0.0157	0.4363	0.2914	0.1450	0.2562	0.2049	0.0513	0.1801	0.0865	0.0936	0.0006	0.0008	0.0002	0.0194	0.0169	0.0000	0.0000	0.0000	0.0001	0.0213	0.0185	0.0269	0.0034	0.0042	0.0003	0.0468	0.0526	0.0415
75	77	0.5448	9	0	0	0	2	0	0	0	0	N	N	N	Y	N	N	N	N	N	N	N	N	0.0620	0.0003	0.5758	0.0017	0.0005	0.1409	0.1838	0.0000	0.5246	0.0117	0.0001	0.0929	0.0005	0.0001	0.0101	0.0174	0.0000	0.1006	0.1891	0.2007	0.1614	0.2682	0.2994	0.0716	0.0947	0.0039	0.1918	263.7485	0.3365	0.0001	-0.0321	5.1932	0.3745	17.4397	14.7996	0.0002	0.0000	0.0002	0.0000	0.0000	0.0000	0.0002	0.0000	0.0002	0.1552	0.1162	0.0391	0.1198	0.1154	0.0044	0.0354	0.0007	0.0347	0.0202	0.0177	0.0025	0.0068	0.0066	0.0002	0.0134	0.0111	0.0023	0.8211	0.5789	0.2422	0.4467	0.3855	0.0613	0.3744	0.1934	0.1809	0.0620	0.0003	0.5758	0.0017	0.0005	0.1409	0.1838	0.0000	0.5246	0.1891	0.2007	0.1614	0.2682	0.2994	0.0716	0.0947	0.0039	0.1918
75	78	0.5225	8	0	0	0	2	0	0	0	0	N	N	N	Y	N	N	N	N	N	N	N	N	0.2936	0.0624	0.3382	0.0517	0.1457	0.0520	0.1951	0.0016	0.2940	0.9665	0.0042	7.5421	0.0155	0.0123	0.0834	1.3955	0.0001	8.4422	3.2918	0.0679	22.2993	0.2992	0.0847	1.6026	7.1517	0.0322	28.7140	260.6508	67.2199	0.0355	1.1858	5.1932	1.4595	17.4397	10.3922	0.0639	0.0002	0.0637	0.0003	0.0002	0.0001	0.0636	0.0000	0.0636	2.2502	0.0330	2.2172	0.1152	0.0280	0.0872	2.1350	0.0050	2.1300	0.0662	0.0577	0.0084	0.0206	0.0197	0.0009	0.0456	0.0381	0.0075	0.6836	0.4858	0.1978	0.3850	0.3306	0.0544	0.2985	0.1551	0.1434	0.2936	0.0624	0.6729	0.0517	0.1457	0.0520	0.1951	0.0016	0.5684	3.2918	0.0679	11.2082	0.2992	0.0847	1.6026	7.1517	0.0322	14.8537
75	79	0.5084	7	0	0	0	2	0	0	0	0	N	N	N	Y	N	N	N	N	N	N	N	N	0.1375	0.2037	0.1436	0.6647	0.7562	0.0044	0.0393	0.0151	0.1305	0.0153	0.0125	0.0338	0.0340	0.0358	0.0003	0.0074	0.0014	0.0381	0.1113	0.0615	0.2351	0.0511	0.0473	0.0758	0.1888	0.0921	0.2918	0.4050	1.5390	-0.0001	0.0081	5.1932	1.3861	17.4397	6.3168	0.0009	0.0006	0.0003	0.0006	0.0006	0.0000	0.0003	0.0000	0.0003	0.0547	0.0216	0.0332	0.0141	0.0113	0.0028	0.0406	0.0102	0.0304	0.0584	0.0508	0.0076	0.0173	0.0164	0.0009	0.0411	0.0343	0.0068	0.4918	0.3507	0.1411	0.2769	0.2398	0.0370	0.2149	0.1109	0.1041	0.1375	0.2037	0.1436	0.6647	0.7562	0.0044	0.0393	0.0151	0.1305	0.1113	0.0615	0.2351	0.0511	0.0473	0.0758	0.1888	0.0921	0.2918
75	80	0.4489	6	0	0	0	2	0	0	0	0	N	N	N	Y	N	N	N	N	N	N	N	N	1.7420	3.2676	0.0048	0.0012	0.0012	0.0005	1.2610	2.2309	0.0039	5.1087	5.8545	0.0264	0.0010	0.0010	0.0004	6.7315	7.9707	0.0285	2.9327	1.7917	5.5098	0.8143	0.8223	0.7706	5.3381	3.5728	7.2631	0.0007	1.3616	-0.3639	0.3629	5.1932	4.0043	17.4397	19.8631	0.8261	0.8256	0.0005	0.0000	0.0000	0.0000	0.8261	0.8256	0.0005	3.0707	1.3003	1.7704	0.4533	0.3865	0.0669	2.6174	0.9138	1.7035	0.1617	0.1410	0.0207	0.0390	0.0374	0.0015	0.1227	0.1036	0.0191	1.0471	0.7257	0.3213	0.5567	0.4700	0.0868	0.4903	0.2558	0.2345	1.7420	3.2676	0.0048	0.0012	0.0012	0.0005	1.2610	2.2309	0.0039	2.9327	1.7917	5.5098	0.8143	0.8223	0.7706	5.3381	3.5728	7.2631
75	81	0.4226	8	0	1	1	1	0	0	0	0	N	N	N	N	N	N	N	N	N	N	N	N	6.6330	59.3912	0.0010	35.6667	53.6368	0.0349	0.0067	3.0764	0.0000	0.0083	0.0118	0.0000	0.0187	0.0192	0.0001	0.0000	0.0000	0.0000	0.0013	0.0002	0.0033	0.0005	0.0004	0.0028	0.0017	0.0000	0.0034	0.0001	8.4781	-0.0007	0.0002	5.1932	2.0162	17.4397	4.5500	0.0016	0.0016	0.0000	0.0016	0.0016	0.0000	0.0000	0.0000	0.0000	0.0003	0.0000	0.0003	0.0001	0.0000	0.0000	0.0003	0.0000	0.0003	0.1975	0.1389	0.0585	0.0874	0.0854	0.0020	0.1101	0.0535	0.0566	0.2791	0.1855	0.0936	0.1087	0.1013	0.0073	0.1704	0.0842	0.0862	6.6330	59.3912	0.0010	35.6667	53.6368	0.0349	0.0067	3.0764	0.0000	0.0013	0.0002	0.0033	0.0005	0.0004	0.0028	0.0017	0.0000	0.0034
75	82	0.5569	10	0	1	1	1	0	0	0	0	N	N	N	N	N	N	N	N	N	N	N	N	0.0000	0.0000	0.0079	0.0004	0.0000	0.0161	0.0000	0.0000	0.0088	0.0000	0.0000	0.0000	0.0000	0.0000	0.0000	0.0000	0.0000	0.0000	0.0145	0.0203	0.0006	0.0020	0.0022	0.0009	0.0333	0.0636	0.0004	4.4359	0.0115	0.0000	-0.0023	5.1932	3.0011	17.4397	3.7015	0.0000	0.0000	0.0000	0.0000	0.0000	0.0000	0.0000	0.0000	0.0000	0.0051	0.0051	0.0001	0.0004	0.0004	0.0000	0.0047	0.0047	0.0000	0.1285	0.1128	0.0157	0.0377	0.0360	0.0017	0.0908	0.0768	0.0140	0.3539	0.2497	0.1042	0.2130	0.1761	0.0368	0.1409	0.0735	0.0674	0.0000	0.0000	0.0079	0.0004	0.0000	0.0161	0.0000	0.0000	0.0088	0.0145	0.0203	0.0006	0.0020	0.0022	0.0009	0.0333	0.0636	0.0004
75	83	0.5455	9	0	1	0	1	0	0	0	0	N	N	N	N	N	N	N	N	N	N	N	N	0.0018	0.0015	0.0000	0.0001	0.0001	0.0000	0.0010	0.0006	0.0000	0.0006	0.0007	0.0000	0.0000	0.0000	0.0000	0.0008	0.0010	0.0000	0.3147	0.4467	0.0040	0.0358	0.0438	0.0060	0.8230	1.5084	0.0023	0.0000	0.0038	-0.0000	-0.0588	5.1932	2.0032	17.4397	4.2039	0.0000	0.0000	0.0000	0.0000	0.0000	0.0000	0.0000	0.0000	0.0000	0.1293	0.1289	0.0005	0.0095	0.0092	0.0003	0.1198	0.1197	0.0002	0.0871	0.0764	0.0107	0.0257	0.0245	0.0012	0.0614	0.0519	0.0095	0.4110	0.2884	0.1226	0.2654	0.2091	0.0563	0.1456	0.0794	0.0663	0.0018	0.0015	0.0000	0.0001	0.0001	0.0000	0.0010	0.0006	0.0000	0.3147	0.4467	0.0040	0.0358	0.0438	0.0060	0.8230	1.5084	0.0023
75	84	0.5423	9	1	0	1	1	0	0	0	0	N	N	N	N	N	N	N	N	N	N	N	N	0.0000	0.0000	0.0000	0.0001	0.0001	0.0000	0.0000	0.0000	0.0000	0.0000	0.0000	0.0000	0.0000	0.0000	0.0000	0.0000	0.0000	0.0000	1.8751	0.1067	5.3570	0.1414	0.1450	0.1163	3.9551	0.0075	6.6528	0.0000	25.4992	-0.0000	0.3409	5.1932	1.0052	17.4397	4.9545	0.0000	0.0000	0.0000	0.0000	0.0000	0.0000	0.0000	0.0000	0.0000	0.6764	0.0255	0.6509	0.0278	0.0250	0.0028	0.6486	0.0005	0.6481	0.0444	0.0390	0.0054	0.0136	0.0130	0.0006	0.0308	0.0260	0.0048	0.3608	0.2392	0.1215	0.1968	0.1727	0.0241	0.1640	0.0666	0.0974	0.0000	0.0000	0.0000	0.0001	0.0001	0.0000	0.0000	0.0000	0.0000	1.8751	0.1067	5.3570	0.1414	0.1450	0.1163	3.9551	0.0075	6.6528
75	85	0.5229	8	1	0	1	1	0	0	0	0	N	N	N	N	N	N	N	N	N	N	N	N	0.0001	0.0001	0.0000	0.0002	0.0002	0.0000	0.0000	0.0000	0.0000	0.0007	0.0008	0.0000	0.0023	0.0025	0.0000	0.0000	0.0000	0.0000	5.1170	6.9033	1.2660	11.9721	12.9679	1.8981	0.5546	0.2304	0.9195	0.0000	0.0917	-0.0000	-0.7248	5.1932	0.9968	17.4397	7.6169	0.0000	0.0000	0.0000	0.0000	0.0000	0.0000	0.0000	0.0000	0.0000	1.9361	1.7735	0.1626	1.8383	1.7519	0.0863	0.0978	0.0215	0.0763	0.0437	0.0384	0.0054	0.0128	0.0122	0.0006	0.0309	0.0262	0.0048	0.4344	0.3060	0.1285	0.2581	0.2126	0.0455	0.1764	0.0934	0.0830	0.0002	0.0001	0.0000	0.0003	0.0003	0.0000	0.0000	0.0000	0.0000	4.4566	5.7962	1.2660	7.1234	8.2412	1.8981	0.5546	0.2304	0.9195
75	86	0.5429	7	1	1	0	1	0	0	0	0	N	N	N	N	N	N	N	N	N	N	N	N	0.0395	0.0084	4.9162	0.0801	0.0775	0.0850	0.0254	0.0018	8.5568	0.0013	0.0004	0.0073	0.0006	0.0006	0.0003	0.0017	0.0003	0.0080	0.0339	0.0495	0.0015	0.0074	0.0078	0.0041	0.0671	0.1686	0.0009	2.7211	0.0144	0.0001	-0.0183	5.1932	5.8060	17.4397	6.1034	0.0004	0.0001	0.0003	0.0001	0.0001	0.0000	0.0003	0.0000	0.0003	0.0413	0.0407	0.0006	0.0050	0.0048	0.0003	0.0362	0.0359	0.0003	0.2940	0.2544	0.0396	0.0969	0.0932	0.0037	0.1971	0.1612	0.0359	1.2173	0.8225	0.3948	0.6773	0.6093	0.0680	0.5400	0.2132	0.3268	0.0395	0.0084	4.9162	0.0801	0.0775	0.0850	0.0254	0.0018	8.5568	0.0339	0.0495	0.0015	0.0074	0.0078	0.0041	0.0671	0.1686	0.0009
75	87	0.4489	6	1	1	0	1	0	0	0	0	N	N	N	N	N	N	N	N	N	N	N	N	3.1496	7.8696	0.0013	0.0691	0.0602	0.4970	2.6849	21.5604	0.0002	1.7347	1.9856	0.0016	0.0194	0.0195	0.0167	2.2756	2.6893	0.0004	0.5508	0.2523	1.2339	0.2807	0.3242	0.0335	0.8475	0.1247	1.6516	0.0001	2.1366	-0.3651	0.1723	5.1932	12.2869	17.4397	21.7146	0.8279	0.8278	0.0001	0.0022	0.0021	0.0001	0.8257	0.8257	0.0000	0.7732	0.2465	0.5267	0.2063	0.2026	0.0037	0.5669	0.0439	0.5230	0.4773	0.4169	0.0604	0.1144	0.1099	0.0045	0.3628	0.3070	0.0558	1.4038	0.9770	0.4268	0.7349	0.6247	0.1102	0.6689	0.3522	0.3167	3.1496	7.8696	0.0013	0.0691	0.0602	0.4970	2.6849	21.5604	0.0002	0.5508	0.2523	1.2339	0.2807	0.3242	0.0335	0.8475	0.1247	1.6516
75	88	0.5455	9	0	1	0	1	0	0	0	0	N	N	N	N	N	N	N	N	N	N	N	N	0.0001	0.0002	0.0000	0.0010	0.0009	0.0000	0.0000	0.0000	0.0000	0.0001	0.0001	0.0000	0.0004	0.0004	0.0000	0.0000	0.0000	0.0000	0.9655	0.5745	1.9121	0.3769	0.4468	0.0685	1.8810	0.8742	3.0650	0.0001	1.3746	-0.0000	0.0794	5.1932	4.0005	17.4397	9.0093	0.0000	0.0000	0.0000	0.0000	0.0000	0.0000	0.0000	0.0000	0.0000	0.6589	0.2775	0.3814	0.1566	0.1513	0.0053	0.5023	0.1262	0.3761	0.1720	0.1510	0.0210	0.0505	0.0482	0.0023	0.1215	0.1028	0.0187	0.6824	0.4829	0.1995	0.4154	0.3386	0.0767	0.2670	0.1443	0.1227	0.0001	0.0002	0.0000	0.0010	0.0009	0.0000	0.0000	0.0000	0.0000	0.9655	0.5745	1.9121	0.3769	0.4468	0.0685	1.8810	0.8742	3.0650
75	89	0.5229	8	0	1	0	1	0	0	0	0	N	N	N	N	N	N	N	N	N	N	N	N	0.0093	0.0080	0.0000	0.0001	0.0001	0.0000	0.0082	0.0056	0.0000	0.0004	0.0005	0.0000	0.0000	0.0000	0.0000	0.0006	0.0007	0.0000	0.0479	0.0633	0.0111	0.0280	0.0319	0.0091	0.0765	0.1335	0.0121	0.0000	0.0730	-0.0000	-0.0094	5.1932	1.0051	17.4397	9.2650	0.0000	0.0000	0.0000	0.0000	0.0000	0.0000	0.0000	0.0000	0.0000	0.0241	0.0224	0.0016	0.0083	0.0078	0.0005	0.0158	0.0146	0.0012	0.0441	0.0387	0.0054	0.0129	0.0123	0.0006	0.0312	0.0264	0.0048	0.5019	0.3541	0.1477	0.2956	0.2447	0.0509	0.2063	0.1095	0.0968	0.0093	0.0080	0.0000	0.0001	0.0001	0.0000	0.0082	0.0056	0.0000	0.0479	0.0633	0.0111	0.0280	0.0319	0.0091	0.0765	0.1335	0.0121
75	90	0.5713	8	0	0	1	1	0	0	0	0	N	N	N	N	N	N	N	N	N	N	N	N	0.0159	0.1891	0.0001	0.4217	0.3780	0.0002	0.0001	0.0687	0.0001	0.0263	0.0301	0.0003	0.0798	0.0833	0.0000	0.0003	0.0003	0.0004	1.6544	0.1589	5.0513	0.1893	0.2204	0.0054	3.6886	0.0039	6.9681	0.0016	13.9907	-0.0013	0.5028	5.1932	2.3559	17.4397	7.1930	0.0029	0.0029	0.0000	0.0029	0.0029	0.0000	0.0000	0.0000	0.0000	1.0588	0.0706	0.9881	0.0704	0.0701	0.0003	0.9883	0.0005	0.9879	0.1100	0.0963	0.0137	0.0360	0.0345	0.0015	0.0740	0.0617	0.0122	0.6400	0.4444	0.1956	0.3720	0.3182	0.0539	0.2679	0.1262	0.1418	0.0159	0.1891	0.0001	0.4217	0.3780	0.0002	0.0001	0.0687	0.0001	1.6544	0.1589	5.0513	0.1893	0.2204	0.0054	3.6886	0.0039	6.9681
75	91	0.5385	7	0	0	0	1	0	0	0	0	N	N	N	N	N	N	N	N	N	N	N	N	4.9434	5.2137	0.0942	6.0876	5.9835	0.0041	4.2388	8.1901	0.1017	1.8162	2.2819	0.0194	2.7963	3.2274	0.0003	0.9131	1.2445	0.0280	0.3674	0.4377	0.2059	0.4593	0.5394	0.0825	0.2154	0.1520	0.2753	0.0022	0.2047	-0.3677	-0.1909	5.1932	4.9284	17.4397	11.0439	0.8378	0.8359	0.0018	0.6186	0.6185	0.0000	0.2192	0.2174	0.0018	0.6616	0.5492	0.1124	0.5153	0.4991	0.0162	0.1462	0.0501	0.0962	0.4613	0.3663	0.0950	0.2212	0.1917	0.0296	0.2401	0.1747	0.0654	1.8007	1.2548	0.5460	1.1219	0.9254	0.1965	0.6788	0.3294	0.3494	4.9434	5.2137	0.0942	6.0876	5.9835	0.0041	4.2388	8.1901	0.1017	0.3674	0.4377	0.2059	0.4593	0.5394	0.0825	0.2154	0.1520	0.2753
75	92	0.4489	6	0	0	0	1	0	0	0	0	N	N	N	N	N	N	N	N	N	N	N	N	3.4457	3.2444	0.0423	9.7998	10.4116	0.0003	1.9573	1.4326	0.0454	5.5460	6.3549	0.0343	7.0397	7.3304	0.0002	5.0714	6.0022	0.0370	1.6096	1.9587	0.8111	0.7183	0.7041	0.7991	2.5910	4.1897	0.8153	0.0008	0.1811	-0.3864	-0.6746	5.1932	3.9161	17.4397	29.2065	0.8775	0.8768	0.0007	0.2686	0.2686	0.0000	0.6089	0.6082	0.0007	2.2115	1.8725	0.3391	0.5173	0.4308	0.0865	1.6943	1.4417	0.2526	0.1582	0.1380	0.0202	0.0382	0.0366	0.0015	0.1201	0.1013	0.0187	1.3740	0.9560	0.4180	0.7201	0.6118	0.1082	0.6539	0.3441	0.3098	3.4457	3.2444	0.0423	9.7998	10.4116	0.0003	1.9573	1.4326	0.0454	1.6096	1.9587	0.8111	0.7183	0.7041	0.7991	2.5910	4.1897	0.8153
75	93	0.4226	8	1	1	0	1	0	0	0	0	N	N	N	N	N	N	N	N	N	N	N	N	1.2919	0.1280	1.5835	0.2699	0.1164	0.9155	1.4504	0.0558	1.5334	1.6849	0.0011	6.0165	0.0152	0.0019	0.5369	2.9657	0.0000	6.2365	1.3042	0.0086	3.7995	0.0563	0.0160	0.5864	2.0448	0.0005	4.0671	2111.9188	228.0930	0.2034	0.2651	5.1932	2.5103	17.4397	7.4742	0.3643	0.0002	0.3642	0.0014	0.0002	0.0013	0.3629	0.0000	0.3629	0.4935	0.0022	0.4913	0.0079	0.0021	0.0058	0.4856	0.0001	0.4855	0.2162	0.1557	0.0605	0.0939	0.0915	0.0023	0.1224	0.0642	0.0582	0.3784	0.2491	0.1293	0.1409	0.1310	0.0099	0.2375	0.1181	0.1194	1.2919	0.1280	1.5835	0.2699	0.1164	0.9155	1.4504	0.0558	1.5334	1.3042	0.0086	3.7995	0.0563	0.0160	0.5864	2.0448	0.0005	4.0671
75	94	0.3864	7	0	1	0	1	0	0	0	0	N	N	N	N	N	N	N	N	N	N	N	N	0.9944	9.3837	1.7365	40.3969	45.5671	0.7904	0.8334	0.1230	1.7030	1.2434	0.2574	6.5800	0.5760	0.5919	0.0236	1.6407	0.0052	7.0483	1.2505	0.0274	3.7893	0.0143	0.0130	0.0299	1.9686	0.0421	4.1388	4.7242	66.5589	0.2015	0.2767	5.1932	7.1305	17.4397	3.2426	0.5245	0.0916	0.4329	0.0907	0.0906	0.0001	0.4338	0.0011	0.4328	0.5253	0.0078	0.5175	0.0022	0.0019	0.0003	0.5231	0.0059	0.5172	0.4218	0.3561	0.0658	0.1574	0.1530	0.0044	0.2644	0.2030	0.0614	0.4201	0.2835	0.1366	0.1544	0.1428	0.0116	0.2657	0.1408	0.1250	0.9944	9.3837	1.7365	40.3969	45.5671	0.7904	0.8334	0.1230	1.7030	1.2505	0.0274	3.7893	0.0143	0.0130	0.0299	1.9686	0.0421	4.1388
75	95	0.5229	8	1	1	0	1	0	0	0	0	N	N	N	N	N	N	N	N	N	N	N	N	0.6795	0.5575	0.3348	1.8778	1.7059	0.0245	0.3810	0.2442	0.3562	0.0893	0.1013	0.0024	0.0717	0.0751	0.0002	0.0964	0.1132	0.0027	0.1314	0.1817	0.0073	0.0382	0.0440	0.0065	0.2529	0.4637	0.0076	0.0033	0.0162	-0.0132	-0.0733	5.1932	8.0000	17.4397	22.5660	0.0302	0.0301	0.0001	0.0070	0.0070	0.0000	0.0232	0.0231	0.0001	0.1656	0.1630	0.0026	0.0272	0.0265	0.0007	0.1384	0.1365	0.0019	0.3381	0.2969	0.0412	0.0972	0.0928	0.0044	0.2409	0.2041	0.0368	1.2610	0.8970	0.3640	0.7138	0.6027	0.1111	0.5472	0.2943	0.2529	0.6795	0.5575	0.3348	1.8778	1.7059	0.0245	0.3810	0.2442	0.3562	0.1314	0.1817	0.0073	0.0382	0.0440	0.0065	0.2529	0.4637	0.0076
75	96	0.4489	6	0	0	0	1	0	0	0	0	N	N	N	N	N	N	N	N	N	N	N	N	3.4921	2.6967	14.5083	14.2020	12.5715	4.3596	0.2974	0.0000	11.8625	2.0319	2.1679	1.0930	7.8984	8.2230	0.0316	0.1815	0.0000	1.1791	0.5818	0.8039	0.0753	0.5561	0.6541	0.0072	0.6103	1.0721	0.0994	0.0730	0.0411	-0.3537	-0.3157	5.1932	11.9964	17.4397	18.8414	0.9480	0.8835	0.0645	0.8837	0.8835	0.0001	0.0644	0.0000	0.0644	0.7537	0.7240	0.0297	0.3787	0.3780	0.0007	0.3750	0.3460	0.0290	0.4666	0.4076	0.0590	0.1119	0.1074	0.0044	0.3547	0.3001	0.0546	1.2954	0.9006	0.3948	0.6810	0.5779	0.1031	0.6145	0.3227	0.2917	3.4921	2.6967	14.5083	14.2020	12.5715	4.3596	0.2974	0.0000	11.8625	0.5818	0.8039	0.0753	0.5561	0.6541	0.0072	0.6103	1.0721	0.0994
75	98	0.5534	10	1	1	1	1	0	0	0	0	N	N	N	N	N	N	N	N	N	N	N	N	0.0004	0.0000	0.0010	0.0774	0.0000	1.6753	0.0001	0.0000	0.0002	0.0006	0.0000	0.0052	0.0011	0.0000	0.0281	0.0003	0.0000	0.0020	1.4132	0.0192	4.9781	0.0148	0.0144	0.0167	3.4903	0.0299	7.9090	7908.5833	101.1479	0.0000	0.5111	5.1932	0.9502	17.4397	16.1595	0.0000	0.0000	0.0000	0.0000	0.0000	0.0000	0.0000	0.0000	0.0000	0.9611	0.0094	0.9517	0.0060	0.0048	0.0012	0.9551	0.0046	0.9505	0.0477	0.0422	0.0055	0.0166	0.0159	0.0007	0.0311	0.0263	0.0048	0.6800	0.4889	0.1912	0.4064	0.3354	0.0710	0.2736	0.1535	0.1202	0.0004	0.0000	0.0010	0.0774	0.0000	1.6753	0.0001	0.0000	0.0002	1.4132	0.0192	4.9781	0.0148	0.0144	0.0167	3.4903	0.0299	7.9090
75	99	0.4489	6	0	1	0	1	0	0	0	0	N	N	N	N	N	N	N	N	N	N	N	N	0.6184	0.1049	176.2541	0.6389	0.5604	5.2759	0.5547	0.0001	202.9194	0.1749	0.0425	1.0894	0.1561	0.1609	0.0383	0.1808	0.0000	1.1747	0.2828	0.4046	0.0062	0.2443	0.2872	0.0073	0.3260	0.6172	0.0058	3.7166	0.0067	0.0283	-0.1512	5.1932	11.9964	17.4397	15.6499	0.0816	0.0173	0.0643	0.0175	0.0173	0.0002	0.0641	0.0000	0.0641	0.3347	0.3325	0.0022	0.1527	0.1520	0.0007	0.1820	0.1805	0.0015	0.4666	0.4076	0.0590	0.1119	0.1074	0.0044	0.3547	0.3001	0.0546	1.1834	0.8217	0.3617	0.6250	0.5293	0.0958	0.5584	0.2924	0.2659	0.6184	0.1049	176.2541	0.6389	0.5604	5.2759	0.5547	0.0001	202.9194	0.2828	0.4046	0.0062	0.2443	0.2872	0.0073	0.3260	0.6172	0.0058
75	100	0.5564	11	1	0	1	1	0	0	0	0	N	N	N	N	N	N	N	N	N	N	N	N	0.0004	0.0010	0.0000	0.0022	0.0019	0.0000	0.0000	0.0000	0.0000	0.0007	0.0008	0.0000	0.0021	0.0022	0.0000	0.0000	0.0000	0.0000	1.7259	0.7888	4.0810	0.9409	1.1367	0.0143	2.9028	0.0061	6.4444	0.0000	2.0586	-0.0000	0.2220	5.1932	1.0008	17.4397	13.9255	0.0000	0.0000	0.0000	0.0000	0.0000	0.0000	0.0000	0.0000	0.0000	1.0341	0.3381	0.6960	0.3382	0.3373	0.0009	0.6959	0.0008	0.6951	0.0441	0.0388	0.0053	0.0144	0.0137	0.0007	0.0296	0.0251	0.0046	0.5991	0.4286	0.1705	0.3594	0.2967	0.0627	0.2397	0.1319	0.1079	0.0004	0.0010	0.0000	0.0022	0.0019	0.0000	0.0000	0.0000	0.0000	1.7259	0.7888	4.0810	0.9409	1.1367	0.0143	2.9028	0.0061	6.4444
75	101	0.5534	10	1	0	1	1	0	0	0	0	N	N	N	N	N	N	N	N	N	N	N	N	0.0018	0.0020	0.0002	0.0074	0.0067	0.0119	0.0000	0.0000	0.0001	0.0002	0.0002	0.0000	0.0004	0.0004	0.0004	0.0000	0.0000	0.0000	0.1061	0.0986	0.1262	0.0554	0.0606	0.0338	0.2139	0.2131	0.2149	0.0161	0.4799	-0.0000	-0.0020	5.1932	0.0532	17.4397	2.0467	0.0000	0.0000	0.0000	0.0000	0.0000	0.0000	0.0000	0.0000	0.0000	0.0148	0.0100	0.0048	0.0053	0.0046	0.0006	0.0096	0.0054	0.0042	0.0084	0.0076	0.0008	0.0038	0.0038	0.0000	0.0046	0.0039	0.0007	0.1398	0.1017	0.0381	0.0950	0.0764	0.0187	0.0448	0.0253	0.0195	0.0018	0.0020	0.0002	0.0074	0.0067	0.0119	0.0000	0.0000	0.0001	0.1061	0.0986	0.1262	0.0554	0.0606	0.0338	0.2139	0.2131	0.2149
75	102	0.5437	9	1	0	1	1	0	0	0	0	N	N	N	N	N	N	N	N	N	N	N	N	0.0000	0.0000	0.0026	0.0025	0.0020	0.0271	0.0000	0.0000	0.0007	0.0001	0.0001	0.0001	0.0002	0.0002	0.0007	0.0001	0.0001	0.0000	3.1976	4.3721	0.0483	0.0810	0.0935	0.0243	8.1935	14.0521	0.0649	0.1460	0.0041	-0.0000	-0.4016	5.1932	2.0948	17.4397	3.0326	0.0000	0.0000	0.0000	0.0000	0.0000	0.0000	0.0000	0.0000	0.0000	0.8840	0.8804	0.0036	0.0138	0.0131	0.0007	0.8702	0.8674	0.0029	0.0975	0.0860	0.0115	0.0327	0.0312	0.0015	0.0648	0.0548	0.0100	0.2765	0.2014	0.0751	0.1703	0.1396	0.0306	0.1062	0.0617	0.0445	0.0000	0.0000	0.0026	0.0025	0.0020	0.0271	0.0000	0.0000	0.0007	3.1976	4.3721	0.0483	0.0810	0.0935	0.0243	8.1935	14.0521	0.0649
75	103	0.5229	8	1	0	1	1	0	0	0	0	N	N	N	N	N	N	N	N	N	N	N	N	1.8133	1.4901	0.0000	14.5445	12.6678	0.0000	0.8478	0.5436	0.0000	0.1775	0.2022	0.0000	0.1417	0.1484	0.0000	0.1921	0.2269	0.0000	0.0979	0.1357	0.0077	0.0097	0.0117	0.0005	0.2265	0.4174	0.0116	0.0000	0.0238	-0.0133	-0.0188	5.1932	3.9484	17.4397	4.8420	0.0302	0.0302	0.0000	0.0070	0.0070	0.0000	0.0232	0.0232	0.0000	0.0432	0.0422	0.0010	0.0026	0.0025	0.0000	0.0407	0.0397	0.0010	0.1702	0.1493	0.0208	0.0492	0.0469	0.0022	0.1210	0.1024	0.0186	0.4417	0.3111	0.1305	0.2621	0.2160	0.0461	0.1796	0.0951	0.0845	1.8133	1.4901	0.0000	14.5445	12.6678	0.0000	0.8478	0.5436	0.0000	0.0979	0.1357	0.0077	0.0097	0.0117	0.0005	0.2265	0.4174	0.0116
75	104	0.4813	7	0	1	0	1	0	0	0	0	N	N	N	N	N	N	N	N	N	N	N	N	2.2204	2.5122	2.6610	14.3724	10.4343	499.6341	0.0093	0.0077	0.0212	2.0391	1.8389	3.5828	5.3248	4.4768	21.6356	0.0141	0.0096	0.0383	0.9184	0.7320	1.3464	0.3705	0.4290	0.0433	1.5106	1.2532	1.8041	0.2527	0.8011	-0.2151	-0.0221	5.1932	8.9557	17.4397	32.3127	0.8986	0.7173	0.1813	0.8948	0.7151	0.1797	0.0038	0.0022	0.0016	1.6236	0.9015	0.7221	0.3402	0.3342	0.0060	1.2834	0.5673	0.7161	0.4407	0.3901	0.0506	0.1680	0.1597	0.0083	0.2727	0.2304	0.0423	1.7679	1.2316	0.5363	0.9183	0.7789	0.1394	0.8496	0.4527	0.3969	2.2204	2.5122	2.6610	14.3724	10.4343	499.6341	0.0093	0.0077	0.0212	0.9184	0.7320	1.3464	0.3705	0.4290	0.0433	1.5106	1.2532	1.8041
75	105	0.5067	8	0	0	1	1	0	0	0	0	N	N	N	N	N	N	N	N	N	N	N	N	0.0059	0.0090	0.0000	0.0167	0.0149	0.0000	0.0000	0.0000	0.0000	0.0074	0.0084	0.0000	0.0203	0.0211	0.0000	0.0000	0.0000	0.0000	1.2408	0.9407	1.9236	1.2172	1.4146	0.0391	1.2672	0.0540	2.5463	0.0001	0.8988	-0.0007	0.0109	5.1932	4.2679	17.4397	7.8415	0.0016	0.0016	0.0000	0.0016	0.0016	0.0000	0.0000	0.0000	0.0000	0.7243	0.3815	0.3429	0.3756	0.3738	0.0017	0.3488	0.0076	0.3411	0.2154	0.1878	0.0275	0.0781	0.0751	0.0031	0.1372	0.1128	0.0245	0.5838	0.4055	0.1782	0.3085	0.2643	0.0443	0.2752	0.1413	0.1340	0.0059	0.0090	0.0000	0.0167	0.0149	0.0000	0.0000	0.0000	0.0000	1.2408	0.9407	1.9236	1.2172	1.4146	0.0391	1.2672	0.0540	2.5463
75	106	0.4813	7	0	0	0	1	0	0	0	0	N	N	N	N	N	N	N	N	N	N	N	N	0.0614	0.0223	2.5261	0.2309	0.0488	3.7150	0.0374	0.0136	2.1127	0.0312	0.0156	0.1665	0.0214	0.0046	0.3130	0.0396	0.0260	0.1192	0.5084	0.6983	0.0659	0.0928	0.0947	0.0843	1.0604	1.9191	0.0564	1.2369	0.0405	0.0005	-0.1522	5.1932	1.9301	17.4397	9.0954	0.0043	0.0019	0.0024	0.0014	0.0003	0.0011	0.0030	0.0017	0.0013	0.3629	0.3488	0.0141	0.0378	0.0317	0.0062	0.3251	0.3171	0.0080	0.1391	0.1247	0.0144	0.0645	0.0610	0.0035	0.0746	0.0637	0.0109	0.7138	0.4994	0.2144	0.4072	0.3342	0.0730	0.3066	0.1652	0.1413	0.0614	0.0223	2.5261	0.2309	0.0488	3.7150	0.0374	0.0136	2.1127	0.5084	0.6983	0.0659	0.0928	0.0947	0.0843	1.0604	1.9191	0.0564
75	107	0.4489	6	0	0	0	1	0	0	0	0	N	N	N	N	N	N	N	N	N	N	N	N	4.2721	4.1762	0.0254	0.0911	0.0661	1.0279	3.1634	2.4633	0.0016	5.2335	5.9988	0.0193	0.0402	0.0320	0.2387	6.8838	8.1563	0.0016	1.2250	1.4364	0.7608	0.4414	0.4839	0.2322	2.1761	3.3111	0.9830	0.0005	0.2412	-0.3639	-0.2111	5.1932	3.9049	17.4397	9.6098	0.8258	0.8254	0.0004	0.0015	0.0012	0.0004	0.8242	0.8242	0.0000	0.7992	0.6439	0.1553	0.1579	0.1438	0.0140	0.6414	0.5001	0.1413	0.1578	0.1376	0.0202	0.0380	0.0365	0.0015	0.1197	0.1010	0.0187	0.6524	0.4483	0.2041	0.3577	0.2973	0.0604	0.2947	0.1510	0.1437	4.2721	4.1762	0.0254	0.0911	0.0661	1.0279	3.1634	2.4633	0.0016	1.2250	1.4364	0.7608	0.4414	0.4839	0.2322	2.1761	3.3111	0.9830
75	108	0.4701	8	0	1	0	1	0	0	0	0	N	N	N	N	N	N	N	N	N	N	N	N	3.2748	2.5720	16.6858	65.6727	60.0722	81.1823	0.1691	0.0051	14.1787	2.7664	2.9832	1.3863	9.2838	9.7094	0.1325	0.2704	0.0148	1.5113	0.8447	1.1599	0.0831	0.1414	0.1616	0.0016	1.5990	2.9263	0.1066	0.0730	0.0296	-0.3588	-0.4775	5.1932	8.0392	17.4397	22.6195	0.9618	0.8963	0.0655	0.8938	0.8932	0.0006	0.0680	0.0031	0.0649	1.1114	1.0794	0.0320	0.0962	0.0961	0.0001	1.0152	0.9833	0.0319	0.3477	0.3005	0.0472	0.0963	0.0920	0.0043	0.2514	0.2085	0.0429	1.3157	0.9306	0.3851	0.6808	0.5946	0.0862	0.6349	0.3360	0.2988	3.2748	2.5720	16.6858	65.6727	60.0722	81.1823	0.1691	0.0051	14.1787	0.8447	1.1599	0.0831	0.1414	0.1616	0.0016	1.5990	2.9263	0.1066
75	109	0.4701	7	0	0	0	1	0	0	0	0	N	N	N	N	N	N	N	N	N	N	N	N	17.1162	12.5987	27.6584	21.7139	20.4904	24.3127	13.0363	0.7657	23.2942	1.4037	0.9724	2.6251	1.5594	1.6208	0.3081	1.2741	0.0549	2.8307	0.0820	0.0772	0.0949	0.0718	0.0791	0.0127	0.0977	0.0717	0.1215	0.9533	0.4600	0.0020	-0.0026	5.1932	0.2031	17.4397	2.0398	0.0416	0.0213	0.0203	0.0210	0.0208	0.0002	0.0206	0.0005	0.0201	0.0180	0.0123	0.0057	0.0095	0.0094	0.0002	0.0084	0.0029	0.0055	0.0296	0.0219	0.0077	0.0135	0.0128	0.0006	0.0162	0.0091	0.0071	0.2192	0.1595	0.0597	0.1330	0.1184	0.0146	0.0862	0.0411	0.0451	17.1162	12.5987	27.6584	21.7139	20.4904	24.3127	13.0363	0.7657	23.2942	0.0820	0.0772	0.0949	0.0718	0.0791	0.0127	0.0977	0.0717	0.1215
75	110	0.4838	9	1	0	1	1	0	0	0	0	N	N	N	N	N	N	N	N	N	N	N	N	0.0000	0.0000	0.0000	0.0000	0.0000	0.0000	0.0000	0.0000	0.0000	0.0000	0.0000	0.0000	0.0000	0.0000	0.0000	0.0000	0.0000	0.0030	0.0041	0.0001	0.0051	0.0058	0.0003	0.0000	0.0000	0.0000	0.0084	0.0000	-0.0000	5.1932	0.0001	17.4397	0.0001	0.0000	0.0000	0.0000	0.0000	0.0000	0.0000	0.0000	0.0000	0.0000	0.0000	0.0000	0.0000	0.0000	0.0000	0.0000	0.0000	0.0000	0.0000	0.0036	0.0028	0.0008	0.0018	0.0018	0.0000	0.0018	0.0010	0.0008	0.0002	0.0001	0.0001	0.0001	0.0001	0.0000	0.0001	0.0000	0.0000	0.0000	0.0000	0.0000	0.0000	0.0000	0.0000	0.0000	0.0000	0.0000	0.0030	0.0041	0.0001	0.0051	0.0058	0.0003	0.0000	0.0000	0.0000		
75	111	0.4699	8	1	0	1	1	0	0	0	0	N	N	N	N	N	N	N	N	N	N	N	N	0.0282	0.0004	5.5474	0.0007	0.0007	0.0031	2.1237	0.0005	13.3078	0.0015	0.0000	0.0130	0.0001	0.0001	0.0000	0.0022	0.0000	0.0143	0.0538	0.0770	0.0023	0.1240	0.1375	0.0098	0.0010	0.0010	0.0011	49.3220	0.0138	0.0001	-0.0047	5.1932	1.6718	17.4397	2.9223	0.0001	0.0000	0.0001	0.0000	0.0000	0.0000	0.0001	0.0000	0.0001	0.0107	0.0105	0.0001	0.0105	0.0105	0.0001	0.0001	0.0001	0.0001	0.0774	0.0686	0.0089	0.0254	0.0246	0.0008	0.0520	0.0440	0.0080	0.1983	0.1365	0.0618	0.0850	0.0760	0.0090	0.1133	0.0605	0.0528	0.0282	0.0004	5.5474	0.0007	0.0007	0.0031	2.1237	0.0005	13.3078	0.0538	0.0770	0.0023	0.1240	0.1375	0.0098	0.0010	0.0010	0.0011
75	112	0.3864	7	1	0	1	1	0	0	0	0	N	N	N	N	N	N	N	N	N	N	N	N	11.8493	0.1602	46.1531	0.2148	0.2047	0.4440	18.9336	0.1612	46.2126	1.1202	0.0089	7.9668	0.0226	0.0231	0.0069	1.6809	0.0002	8.6450	0.0945	0.0556	0.1726	0.1051	0.1128	0.0155	0.0888	0.0012	0.1871	145.2355	1.5486	0.4098	0.0105	5.1932	14.0283	17.4397	7.1084	0.7424	0.0051	0.7373	0.0051	0.0050	0.0000	0.7373	0.0001	0.7372	0.0702	0.0275	0.0426	0.0275	0.0272	0.0003	0.0426	0.0003	0.0423	0.6627	0.5702	0.0925	0.2241	0.2168	0.0073	0.4387	0.3534	0.0853	0.7423	0.4953	0.2470	0.2621	0.2413	0.0208	0.4801	0.2539	0.2262	11.8493	0.1602	46.1531	0.2148	0.2047	0.4440	18.9336	0.1612	46.2126	0.0945	0.0556	0.1726	0.1051	0.1128	0.0155	0.0888	0.0012	0.1871
75	113	0.3261	6	0	0	0	1	0	0	0	0	N	N	N	N	N	N	N	N	N	N	N	N	0.4682	18.9619	0.4833	47.1499	46.9079	0.0417	0.1831	1.8427	0.4228	0.4767	0.2941	1.4710	0.7077	0.7291	0.0005	0.3629	0.0285	1.5688	1.0183	0.0155	3.0436	0.0150	0.0155	0.0112	1.9822	0.0155	3.7101	0.9184	97.1420	0.0097	0.6588	5.1932	8.6129	17.4397	5.1709	0.2582	0.1346	0.1236	0.1265	0.1265	0.0000	0.1317	0.0081	0.1236	1.2397	0.0126	1.2271	0.0090	0.0081	0.0008	1.2308	0.0045	1.2263	0.5416	0.4576	0.0840	0.1788	0.1735	0.0052	0.3629	0.2841	0.0788	1.2175	0.8143	0.4032	0.5966	0.5239	0.0726	0.6209	0.2904	0.3305	0.4682	18.9619	0.4833	47.1499	46.9079	0.0417	0.1831	1.8427	0.4228	1.0183	0.0155	3.0436	0.0150	0.0155	0.0112	1.9822	0.0155	3.7101
75	114	0.2310	5	0	0	0	1	0	0	0	0	N	N	N	N	N	N	N	N	N	N	N	N	3.0246	3.2324	0.2258	8.1791	7.8756	0.0140	0.1903	0.3829	0.2212	1.0743	1.2321	0.0686	4.6905	4.8296	0.0012	0.0397	0.0333	0.0720	0.3552	0.3812	0.3039	0.5735	0.6132	0.0875	0.2089	0.0871	0.3254	0.0087	0.4040	-0.3442	-0.1369	5.1932	16.8607	17.4397	22.7724	0.7960	0.7891	0.0069	0.7731	0.7731	0.0000	0.0229	0.0160	0.0069	0.8023	0.5714	0.2309	0.5198	0.5138	0.0060	0.2824	0.0576	0.2249	0.7409	0.6405	0.1005	0.1648	0.1601	0.0047	0.5761	0.4804	0.0957	2.2587	1.4991	0.7596	0.9065	0.8379	0.0686	1.3522	0.6612	0.6911	3.0246	3.2324	0.2258	8.1791	7.8756	0.0140	0.1903	0.3829	0.2212	0.3552	0.3812	0.3039	0.5735	0.6132	0.0875	0.2089	0.0871	0.3254
75	115	0.5291	8	1	0	1	1	0	0	0	0	N	N	N	N	N	N	N	N	N	N	N	N	0.0000	0.0000	0.0000	0.0000	0.0000	0.0000	0.0000	0.0000	0.0000	0.0000	0.0000	0.0000	0.0000	0.0000	0.0000	0.0000	0.0000	0.0000	2.1493	3.1582	0.0017	0.0410	0.0511	0.0010	5.6511	11.6621	0.0022	0.0003	0.0000	-0.5792	5.1932	1.0009	17.4397	4.0038	0.0000	0.0000	0.0000	0.0000	0.0000	0.0000	0.0000	0.0000	0.0000	1.2643	1.2640	0.0003	0.0151	0.0150	0.0001	1.2492	1.2490	0.0002	0.0456	0.0400	0.0056	0.0129	0.0123	0.0005	0.0327	0.0277	0.0051	0.5882	0.4002	0.1880	0.3672	0.2931	0.0741	0.2211	0.1071	0.1140	0.0000	0.0000	0.0000	0.0000	0.0000	0.0000	0.0000	0.0000	0.0000	2.1493	3.1582	0.0017	0.0410	0.0511	0.0010	5.6511	11.6621	0.0022	
75	116	0.5008	7	1	0	1	1	0	0	0	0	N	N	N	N	N	N	N	N	N	N	N	N	0.0005	0.0006	0.0007	0.0320	0.0298	0.0048	0.0001	0.0000	0.0006	0.0007	0.0006	0.0015	0.0013	0.0014	0.0001	0.0003	0.0001	0.0017	1.2943	0.9570	2.0920	0.0421	0.0470	0.0152	2.8556	2.7827	2.9363	0.3737	0.9241	-0.0000	0.0181	5.1932	1.8441	17.4397	10.4794	0.0001	0.0000	0.0000	0.0000	0.0000	0.0000	0.0000	0.0000	0.0000	0.8254	0.4290	0.3964	0.0149	0.0141	0.0008	0.8105	0.4149	0.3956	0.0994	0.0873	0.0120	0.0333	0.0321	0.0013	0.0660	0.0553	0.0108	0.6377	0.4483	0.1895	0.3539	0.2991	0.0548	0.2838	0.1491	0.1347	0.0005	0.0006	0.0007	0.0320	0.0298	0.0048	0.0001	0.0000	0.0006	1.2943	0.9570	2.0920	0.0421	0.0470	0.0152	2.8556	2.7827	2.9363
75	117	0.2128	5	0	1	0	2	0	0	0	0	N	N	N	Y	N	N	N	N	N	N	N	N	1.9604	1.9783	1.6976	0.6440	0.7068	0.9725	1.6291	1.1195	1.8770	1.7004	1.7501	1.4157	0.1538	0.0893	1.4320	2.2756	2.4726	1.4141	0.8674	0.8846	0.8339	0.2388	0.1263	1.4726	1.3968	2.2087	0.7534	0.1413	0.4878	-0.3112	-0.2833	5.1932	10.5071	17.4397	20.2622	0.9809	0.8594	0.1214	0.0240	0.0133	0.0108	0.9568	0.8461	0.1107	2.1704	1.4588	0.7116	0.2732	0.1324	0.1407	1.8972	1.3264	0.5708	0.5768	0.4911	0.0858	0.1564	0.1489	0.0075	0.4205	0.3422	0.0783	2.5023	1.6491	0.8533	1.1441	1.0485	0.0956	1.3582	0.6005	0.7577	1.9604	1.9783	1.6976	0.6440	0.7068	0.9725	1.6291	1.1195	1.8770	0.8674	0.8846	0.8339	0.2388	0.1263	1.4726	1.3968	2.2087	0.7534
75	118	0.4489	6	0	1	0	2	0	0	0	0	N	N	N	Y	N	N	N	N	N	N	N	N	7.8941	6.6300	0.0000	0.0067	0.0061	0.0000	5.9792	3.9497	0.0000	5.1170	5.8679	0.0000	0.0015	0.0015	0.0000	6.7423	7.9887	0.0000	0.6482	0.8851	0.1082	0.2161	0.2505	0.0236	1.1276	2.0226	0.1382	0.0000	0.0536	-0.3642	-0.3386	5.1932	4.0036	17.4397	26.5072	0.8256	0.8256	0.0000	0.0001	0.0001	0.0000	0.8256	0.8256	0.0000	0.8309	0.7886	0.0423	0.1457	0.1433	0.0024	0.6852	0.6453	0.0399	0.1613	0.1407	0.0206	0.0389	0.0374	0.0015	0.1224	0.1033	0.0191	1.2818	0.8910	0.3908	0.6742	0.5720	0.1022	0.6076	0.3191	0.2886	7.8941	6.6300	0.0000	0.0067	0.0061	0.0000	5.9792	3.9497	0.0000	0.6482	0.8851	0.1082	0.2161	0.2505	0.0236	1.1276	2.0226	0.1382
75	119	0.4874	7	0	1	0	1	0	0	0	0	N	N	N	N	N	N	N	N	N	N	N	N	0.0313	0.0004	0.5986	0.0010	0.0008	0.1953	0.0798	0.0000	0.4695	0.0021	0.0000	0.0187	0.0001	0.0001	0.0002	0.0034	0.0000	0.0208	0.0682	0.0835	0.0312	0.0889	0.1056	0.0012	0.0424	0.0409	0.0442	67.5535	0.1546	0.0002	-0.0265	5.1932	3.8169	17.4397	21.2433	0.0005	0.0000	0.0004	0.0000	0.0000	0.0000	0.0004	0.0000	0.0004	0.0816	0.0707	0.0109	0.0590	0.0588	0.0001	0.0226	0.0118	0.0108	0.2125	0.1886	0.0239	0.0805	0.0781	0.0024	0.1320	0.1105	0.0215	1.1966	0.8465	0.3501	0.6635	0.5574	0.1061	0.5332	0.2891	0.2441	0.0313	0.0004	0.5986	0.0010	0.0008	0.1953	0.0798	0.0000	0.4695	0.0682	0.0835	0.0312	0.0889	0.1056	0.0012	0.0424	0.0409	0.0442
75	120	0.0995	3	0	1	0	1	0	0	0	0	N	N	N	N	N	N	N	N	N	N	N	N	0.2551	0.2854	0.0355	0.7518	0.7257	0.3263	0.0119	0.0053	0.0339	0.1911	0.2250	0.0243	0.8697	0.8861	0.0151	0.0056	0.0006	0.0245	0.7492	0.7883	0.6836	1.1568	1.2211	0.0463	0.4721	0.1086	0.7237	0.0219	0.5180	-0.0689	-0.3817	5.1932	16.3276	17.4397	34.9199	0.1643	0.1608	0.0035	0.1605	0.1605	0.0001	0.0038	0.0003	0.0035	3.2595	2.1472	1.1123	2.0365	2.0321	0.0045	1.2230	0.1151	1.1079	0.8596	0.7145	0.1451	0.1846	0.1811	0.0035	0.6750	0.5334	0.1416	4.3507	2.7237	1.6270	1.7604	1.6642	0.0962	2.5903	1.0595	1.5308	0.2551	0.2854	0.0355	0.7518	0.7257	0.3263	0.0119	0.0053	0.0339	0.7492	0.7883	0.6836	1.1568	1.2211	0.0463	0.4721	0.1086	0.7237
75	121	0.0822	2	0	1	0	1	0	0	0	0	N	N	N	N	N	N	N	N	N	N	N	N	1.1642	1.0861	1.4520	2.4745	2.4831	0.2136	0.5951	0.0872	1.4799	0.7359	0.6828	0.9254	2.0432	2.0530	0.1713	0.2804	0.0106	0.9301	0.6321	0.6287	0.6373	0.8257	0.8268	0.8020	0.4712	0.1216	0.6285	0.3800	0.6672	-0.0515	-0.1332	5.1932	6.1757	17.4397	14.5601	0.3107	0.2252	0.0856	0.2229	0.2228	0.0001	0.0878	0.0023	0.0855	2.2894	1.3732	0.9162	1.3574	1.2986	0.0588	0.9321	0.0746	0.8574	0.4223	0.3298	0.0925	0.1091	0.1085	0.0006	0.3132	0.2213	0.0919	3.6219	2.1844	1.4376	1.6439	1.5706	0.0733	1.9781	0.6138	1.3643	1.1642	1.0861	1.4520	2.4745	2.4831	0.2136	0.5951	0.0872	1.4799	0.6321	0.6287	0.6373	0.8257	0.8268	0.8020	0.4712	0.1216	0.6285
75	123	0.5229	8	0	1	0	1	0	0	0	0	N	N	N	N	N	N	N	N	N	N	N	N	1.0597	0.0033	218.1224	0.1231	0.0906	1.3674	0.6942	0.0000	340.2854	0.3736	0.0016	3.0425	0.0063	0.0051	0.0310	0.5229	0.0000	3.4039	0.3526	0.4907	0.0139	0.0511	0.0565	0.0226	0.7532	1.3967	0.0100	263.7568	0.0116	0.0358	-0.1596	5.1932	4.0019	17.4397	19.5615	0.0644	0.0002	0.0642	0.0003	0.0002	0.0001	0.0641	0.0000	0.0641	0.3570	0.3529	0.0041	0.0295	0.0274	0.0021	0.3275	0.3255	0.0020	0.1724	0.1513	0.0211	0.0498	0.0476	0.0023	0.1226	0.1038	0.0188	1.0126	0.7192	0.2934	0.5777	0.4862	0.0916	0.4348	0.2330	0.2018	1.0597	0.0033	218.1224	0.1231	0.0906	1.3674	0.6942	0.0000	340.2854	0.3526	0.4907	0.0139	0.0511	0.0565	0.0226	0.7532	1.3967	0.0100
75	124	0.5008	7	0	0	0	1	0	0	0	0	N	N	N	N	N	N	N	N	N	N	N	N	0.0031	0.0001	0.0162	0.0002	0.0001	0.0096	0.0038	0.0000	0.0130	0.0002	0.0000	0.0020	0.0000	0.0000	0.0001	0.0004	0.0000	0.0023	0.0812	0.0622	0.1261	0.0671	0.0778	0.0103	0.0992	0.0300	0.1755	81.2198	0.8572	0.0000	0.0001	5.1932	1.2223	17.4397	8.2281	0.0000	0.0000	0.0000	0.0000	0.0000	0.0000	0.0000	0.0000	0.0000	0.0424	0.0228	0.0196	0.0197	0.0192	0.0005	0.0227	0.0036	0.0191	0.0727	0.0639	0.0088	0.0259	0.0249	0.0009	0.0468	0.0390	0.0078	0.5219	0.3669	0.1550	0.2932	0.2469	0.0463	0.2287	0.1200	0.1087	0.0031	0.0001	0.0162	0.0002	0.0001	0.0096	0.0038	0.0000	0.0130	0.0812	0.0622	0.1261	0.0671	0.0778	0.0103	0.0992	0.0300	0.1755
75	125	0.4489	6	0	0	0	1	0	0	0	0	N	N	N	N	N	N	N	N	N	N	N	N	0.0218	0.0078	0.2143	0.1842	0.0700	29.5065	0.0019	0.0000	0.0308	0.0007	0.0003	0.0036	0.0027	0.0012	0.0393	0.0001	0.0000	0.0007	0.0339	0.0416	0.0168	0.0148	0.0174	0.0013	0.0562	0.0873	0.0228	1.6265	0.1806	0.0000	-0.0087	5.1932	5.9920	17.4397	12.2976	0.0002	0.0001	0.0001	0.0002	0.0001	0.0001	0.0000	0.0000	0.0000	0.0284	0.0241	0.0043	0.0067	0.0066	0.0001	0.0217	0.0175	0.0042	0.2396	0.2090	0.0306	0.0577	0.0554	0.0023	0.1819	0.1537	0.0283	0.8384	0.5790	0.2594	0.4517	0.3788	0.0729	0.3867	0.2001	0.1865	0.0218	0.0078	0.2143	0.1842	0.0700	29.5065	0.0019	0.0000	0.0308	0.0339	0.0416	0.0168	0.0148	0.0174	0.0013	0.0562	0.0873	0.0228
75	126	0.4861	8	0	1	0	1	0	0	0	0	N	N	N	N	N	N	N	N	N	N	N	N	11.3962	10.2792	0.0018	19.8156	18.5893	0.0000	7.8175	21.4145	0.0020	4.0861	4.7575	0.0002	12.3095	12.9677	0.0000	0.5180	0.6320	0.0002	0.3586	0.4628	0.1033	0.6212	0.6976	0.0899	0.0663	0.0295	0.1072	0.0000	0.0912	-0.4180	-0.1371	5.1932	5.0407	17.4397	17.1705	0.9476	0.9476	0.0000	0.8638	0.8638	0.0000	0.0838	0.0838	0.0000	0.3657	0.3352	0.0306	0.3338	0.3277	0.0061	0.0320	0.0075	0.0245	0.2319	0.1992	0.0327	0.0702	0.0666	0.0036	0.1617	0.1326	0.0292	1.0201	0.7242	0.2958	0.5373	0.4697	0.0675	0.4828	0.2545	0.2283	11.3962	10.2792	0.0018	19.8156	18.5893	0.0000	7.8175	21.4145	0.0020	0.3586	0.4628	0.1033	0.6212	0.6976	0.0899	0.0663	0.0295	0.1072
75	127	0.4701	7	0	1	0	1	0	0	0	0	N	N	N	N	N	N	N	N	N	N	N	N	10.5930	6.7111	28.5818	14.3713	13.4813	13.1553	9.5150	1.4168	25.1501	0.4132	0.2491	1.2491	0.6348	0.6588	0.1304	0.3105	0.0172	1.3562	0.0390	0.0371	0.0437	0.0442	0.0489	0.0099	0.0326	0.0121	0.0539	0.9841	0.4721	0.0023	-0.0025	5.1932	1.9703	17.4397	6.2034	0.0427	0.0215	0.0212	0.0208	0.0206	0.0002	0.0219	0.0009	0.0210	0.0183	0.0124	0.0059	0.0114	0.0111	0.0003	0.0069	0.0013	0.0056	0.1033	0.0864	0.0170	0.0327	0.0312	0.0015	0.0706	0.0552	0.0155	0.4686	0.3345	0.1341	0.2586	0.2275	0.0311	0.2100	0.1070	0.1030	10.5930	6.7111	28.5818	14.3713	13.4813	13.1553	9.5150	1.4168	25.1501	0.0390	0.0371	0.0437	0.0442	0.0489	0.0099	0.0326	0.0121	0.0539
75	128	0.4489	6	0	0	0	1	0	0	0	0	N	N	N	N	N	N	N	N	N	N	N	N	0.6683	0.5308	0.6562	1.5474	1.3197	0.0495	0.4093	0.7351	0.5084	0.4678	0.5315	0.0370	1.8590	1.9348	0.0005	0.0207	0.0172	0.0399	0.7000	1.0013	0.0563	1.2014	1.4661	0.0097	0.0507	0.0233	0.0784	0.0103	0.0263	-0.0092	-0.1414	5.1932	1.1032	17.4397	7.8190	0.0213	0.0210	0.0002	0.0205	0.0205	0.0000	0.0007	0.0005	0.0002	0.3268	0.3184	0.0084	0.3165	0.3160	0.0005	0.0103	0.0024	0.0079	0.0455	0.0396	0.0059	0.0111	0.0106	0.0004	0.0344	0.0290	0.0054	0.4668	0.3180	0.1488	0.2634	0.2156	0.0479	0.2034	0.1025	0.1010	0.6683	0.5308	0.6562	1.5474	1.3197	0.0495	0.4093	0.7351	0.5084	0.7000	1.0013	0.0563	1.2014	1.4661	0.0097	0.0507	0.0233	0.0784
75	129	0.1645	4	0	1	0	1	0	0	0	0	N	N	N	N	N	N	N	N	N	N	N	N	0.0005	0.0001	0.0017	0.0002	0.0002	0.0000	0.0005	0.0000	0.0023	0.0001	0.0000	0.0005	0.0000	0.0000	0.0000	0.0001	0.0000	0.0007	0.1004	0.0049	0.2659	0.0058	0.0061	0.0019	0.2026	0.0012	0.2940	95.0448	31.0013	0.0000	0.0519	5.1932	1.0033	17.4397	0.8635	0.0000	0.0000	0.0000	0.0000	0.0000	0.0000	0.0000	0.0000	0.0000	0.1016	0.0032	0.0984	0.0031	0.0030	0.0001	0.0985	0.0002	0.0984	0.1587	0.1412	0.0175	0.0827	0.0772	0.0055	0.0760	0.0640	0.0120	1.0119	0.6418	0.3701	0.5255	0.4899	0.0356	0.4865	0.1519	0.3345	0.0005	0.0001	0.0017	0.0002	0.0002	0.0000	0.0005	0.0000	0.0023	0.1004	0.0049	0.2659	0.0058	0.0061	0.0019	0.2026	0.0012	0.2940
75	130	0.1352	3	0	0	0	1	0	0	0	0	N	N	N	N	N	N	N	N	N	N	N	N	0.3566	0.2931	0.6655	0.6048	0.5707	1.2670	0.2361	0.2318	0.6055	0.1020	0.0734	0.2301	0.2121	0.1949	0.6022	0.0536	0.0056	0.2018	0.2862	0.2503	0.3458	0.3508	0.3416	0.4753	0.2270	0.0240	0.3333	0.7020	0.8300	-0.0012	-0.0038	5.1932	5.5514	17.4397	9.9598	0.0408	0.0240	0.0168	0.0259	0.0228	0.0031	0.0149	0.0012	0.0137	0.7943	0.4340	0.3602	0.4656	0.4221	0.0434	0.3287	0.0119	0.3168	0.4003	0.3271	0.0732	0.1223	0.1171	0.0052	0.2780	0.2100	0.0680	2.7756	1.7338	1.0418	1.3273	1.2359	0.0914	1.4484	0.4979	0.9504	0.3566	0.2931	0.6655	0.6048	0.5707	1.2670	0.2361	0.2318	0.6055	0.2862	0.2503	0.3458	0.3508	0.3416	0.4753	0.2270	0.0240	0.3333
75	132	0.5459	10	1	1	0	2	0	0	0	0	N	N	N	Y	N	N	N	N	N	N	N	N	0.0000	0.0000	0.0000	0.0000	0.0000	0.0000	0.0000	0.0000	0.0000	0.0000	0.0000	0.0000	0.0000	0.0000	0.0000	0.0000	0.0000	0.0000	0.0004	0.0004	0.0004	0.0003	0.0004	0.0000	0.0004	0.0002	0.0005	0.4783	0.0000	-0.0000	5.1932	1.0000	17.4397	3.0001	0.0000	0.0000	0.0000	0.0000	0.0000	0.0000	0.0000	0.0000	0.0000	0.0001	0.0000	0.0000	0.0000	0.0000	0.0000	0.0000	0.0000	0.0000	0.0432	0.0378	0.0054	0.0119	0.0114	0.0005	0.0312	0.0264	0.0048	0.1730	0.1207	0.0523	0.0927	0.0787	0.0140	0.0803	0.0420	0.0383	0.0000	0.0000	0.0000	0.0000	0.0000	0.0000	0.0000	0.0000	0.0000	0.0004	0.0004	0.0004	0.0003	0.0004	0.0000	0.0004	0.0002	0.0005	
75	133	0.3779	10	1	1	0	2	0	0	0	0	N	N	N	Y	N	N	N	N	N	N	N	N	0.0000	0.0000	0.0068	0.0000	0.0000	0.0808	0.0000	0.0000	0.0000	0.0001	0.0000	0.0014	0.0004	0.0000	0.0120	0.0000	0.0000	0.0000	2.8789	4.2183	0.1991	9.5966	10.7110	0.1486	0.1480	0.0880	0.2080	inf	0.0236	0.0000	-0.1301	5.1932	0.0006	17.4397	1.9797	0.0000	0.0000	0.0000	0.0000	0.0000	0.0000	0.0000	0.0000	0.0000	0.2989	0.2920	0.0069	0.2902	0.2894	0.0008	0.0087	0.0026	0.0061	0.0000	0.0000	0.0000	0.0000	0.0000	0.0000	0.0000	0.0000	0.0000	0.1038	0.0692	0.0346	0.0450	0.0398	0.0052	0.0589	0.0294	0.0294	0.0000	0.0000	0.0068	0.0001	0.0000	0.0808	0.0000	0.0000	0.0000	2.8789	4.2183	0.1991	6.4544	7.2751	0.1486	0.1480	0.0880	0.2080
75	134	0.3612	9	1	1	0	2	0	0	0	0	N	N	N	Y	N	N	N	N	N	N	N	N	0.0000	0.0000	0.0000	0.0000	0.0000	0.0000	0.0000	0.0000	0.0000	0.0000	0.0000	0.0000	0.0000	0.0000	0.0000	0.0000	0.0000	0.0000	0.0241	0.0307	0.0105	0.0520	0.0580	0.0034	0.0060	0.0010	0.0116	0.0000	0.1656	-0.0000	-0.0025	5.1932	2.0077	17.4397	6.0321	0.0000	0.0000	0.0000	0.0000	0.0000	0.0000	0.0000	0.0000	0.0000	0.0080	0.0069	0.0011	0.0068	0.0068	0.0000	0.0012	0.0001	0.0011	0.0907	0.0790	0.0117	0.0305	0.0291	0.0014	0.0602	0.0499	0.0103	0.3328	0.2244	0.1084	0.1311	0.1169	0.0143	0.2016	0.1075	0.0941	0.0000	0.0000	0.0000	0.0000	0.0000	0.0000	0.0000	0.0000	0.0000	0.0241	0.0307	0.0105	0.0520	0.0580	0.0034	0.0060	0.0010	0.0116
75	135	0.3564	9	0	1	0	2	0	0	0	0	N	N	N	Y	N	N	N	N	N	N	N	N	0.0026	0.0006	0.0072	0.0012	0.0011	0.0016	0.0025	0.0000	0.0073	0.0002	0.0000	0.0012	0.0000	0.0000	0.0000	0.0002	0.0000	0.0013	0.0589	0.0085	0.1612	0.0117	0.0126	0.0024	0.0915	0.0034	0.1808	32.5053	9.3439	0.0000	0.0159	5.1932	3.0348	17.4397	9.3583	0.0000	0.0000	0.0000	0.0000	0.0000	0.0000	0.0000	0.0000	0.0000	0.0357	0.0034	0.0322	0.0029	0.0028	0.0001	0.0328	0.0006	0.0322	0.1377	0.1199	0.0178	0.0472	0.0450	0.0022	0.0905	0.0748	0.0157	0.6056	0.4057	0.1999	0.2475	0.2256	0.0219	0.3581	0.1802	0.1780	0.0026	0.0006	0.0072	0.0012	0.0011	0.0016	0.0025	0.0000	0.0073	0.0589	0.0085	0.1612	0.0117	0.0126	0.0024	0.0915	0.0034	0.1808
75	136	0.3421	8	0	0	0	2	0	0	0	0	N	N	N	Y	N	N	N	N	N	N	N	N	0.0068	0.0041	0.0137	0.0053	0.0052	0.0028	0.0068	0.0003	0.0162	0.0159	0.0004	0.1117	0.0009	0.0009	0.0000	0.0246	0.0000	0.1241	2.3429	0.0892	8.1662	0.1595	0.1710	0.0132	3.6364	0.0037	7.6575	50.1375	37.9289	0.0000	0.3425	5.1932	0.0433	17.4397	6.6805	0.0000	0.0000	0.0000	0.0000	0.0000	0.0000	0.0000	0.0000	0.0000	0.6639	0.0171	0.6469	0.0168	0.0167	0.0001	0.6471	0.0003	0.6468	0.0023	0.0020	0.0003	0.0008	0.0008	0.0000	0.0015	0.0012	0.0003	0.2834	0.1912	0.0922	0.1054	0.0977	0.0077	0.1780	0.0935	0.0845	0.0068	0.0041	0.0159	0.0053	0.0052	0.0028	0.0068	0.0003	0.0162	2.3429	0.0892	7.0192	0.1595	0.1710	0.0132	3.6364	0.0037	7.6575
75	137	0.5755	12	0	1	0	2	0	0	0	0	N	N	N	Y	N	N	N	N	N	N	N	N	0.0000	0.0000	0.0000	0.0000	0.0000	0.0000	0.0000	0.0000	0.0000	0.0000	0.0000	0.0000	0.0000	0.0000	0.0000	0.0000	0.0000	0.0000	0.0000	0.0000	5.1932	0.0000	17.4397	0.0000	0.0000	0.0000	0.0000	0.0000	0.0000	0.0000	0.0000	0.0000	0.0000	0.0000	0.0000	0.0000	0.0000	0.0000	0.0000	0.0000	0.0000	0.0000	0.0000	0.0000	0.0000	0.0000	0.0000	0.0000	0.0000	0.0000	0.0000	0.0000	0.0000	0.0000	0.0000	0.0000	0.0000	0.0000	0.0000	0.0000	0.0000	0.0000	0.0000	0.0000	0.0000	0.0000	0.0000	0.0000	0.0000	0.0000	0.0000	0.0000	0.0000	0.0000	0.0000	0.0000	0.0000	0.0000											
75	138	0.5704	11	0	1	0	2	0	0	0	0	N	N	N	Y	N	N	N	N	N	N	N	N	0.0000	0.0000	0.0000	0.0000	0.0000	0.0000	0.0000	0.0000	0.0000	0.0000	0.0000	0.0000	0.0000	0.0000	0.0000	0.0000	0.0034	0.0000	0.0108	0.0001	0.0001	0.0000	0.0071	0.0000	0.0143	109.4597	0.0000	0.0002	5.1932	0.0021	17.4397	2.0000	0.0000	0.0000	0.0000	0.0000	0.0000	0.0000	0.0000	0.0000	0.0000	0.0003	0.0000	0.0003	0.0000	0.0000	0.0000	0.0003	0.0000	0.0003	0.0002	0.0002	0.0000	0.0001	0.0001	0.0000	0.0001	0.0001	0.0000	0.0877	0.0608	0.0269	0.0464	0.0398	0.0066	0.0413	0.0209	0.0203	0.0000	0.0000	0.0000	0.0000	0.0000	0.0000	0.0000	0.0000	0.0000	0.0034	0.0000	0.0108	0.0001	0.0001	0.0000	0.0071	0.0000	0.0143			
75	139	0.5602	10	0	0	0	2	0	0	0	0	N	N	N	Y	N	N	N	N	N	N	N	N	0.0000	0.0000	0.0000	0.0000	0.0000	0.0000	0.0000	0.0000	0.0000	0.0000	0.0000	0.0000	0.0000	0.0000	0.0000	0.0000	0.0000	0.0000	3.9935	0.0503	26.8940	0.0672	0.0784	0.0000	8.0443	0.0000	34.6473	109.4296	0.0000	0.3639	5.1932	1.0020	17.4397	3.0181	0.0000	0.0000	0.0000	0.0000	0.0000	0.0000	0.0000	0.0000	0.0000	0.6833	0.0062	0.6771	0.0062	0.0062	0.0000	0.6771	0.0000	0.6771	0.0433	0.0379	0.0054	0.0118	0.0113	0.0005	0.0314	0.0265	0.0049	0.1763	0.1230	0.0532	0.0921	0.0789	0.0132	0.0842	0.0441	0.0401	0.0000	0.0000	0.0000	0.0000	0.0000	0.0000	0.0000	0.0000	0.0000	3.8764	0.0503	12.7201	0.0672	0.0784	0.0000	8.0443	0.0000	16.9034	
75	140	0.5459	10	0	1	0	1	0	0	0	0	N	N	N	N	N	N	N	N	N	N	N	N	0.0000	0.0000	0.0000	0.0000	0.0000	0.0000	0.0000	0.0000	0.0000	0.0000	0.0000	0.0000	0.0000	0.0000	0.0000	0.0000	0.0000	0.0000	0.0000	0.0000	0.0000	0.0000	0.0000	0.0000	0.0000	0.0000	0.1046	0.0000	-0.0000	5.1932	0.0000	17.4397	4.0001	0.0000	0.0000	0.0000	0.0000	0.0000	0.0000	0.0000	0.0000	0.0000	0.0000	0.0000	0.0000	0.0000	0.0000	0.0000	0.0000	0.0000	0.0000	0.0000	0.0000	0.0000	0.0000	0.0000	0.0000	0.0000	0.0000	0.0000	0.1730	0.1207	0.0523	0.0927	0.0787	0.0140	0.0803	0.0420	0.0383	0.0000	0.0000	0.0000	0.0000	0.0000	0.0000	0.0000	0.0000	0.0000	0.0000	0.0000	0.0000	0.0000	0.0000	0.0000	0.0000	0.0000	0.0000		
75	141	0.3566	8	0	1	0	1	0	0	0	0	N	N	N	N	N	N	N	N	N	N	N	N	0.0001	0.0001	0.0001	0.0000	0.0000	0.0000	0.0000	0.0000	0.0001	0.0003	0.0004	0.0000	0.0010	0.0011	0.0000	0.0000	0.0000	0.0000	4.2358	7.0963	0.0291	22.1444	23.8508	0.0005	0.0926	0.1443	0.0335	0.0009	0.0024	-0.0000	-0.4651	5.1932	1.0003	17.4397	5.0186	0.0000	0.0000	0.0000	0.0000	0.0000	0.0000	0.0000	0.0000	0.0000	1.0199	1.0175	0.0024	1.0056	1.0056	0.0000	0.0143	0.0119	0.0024	0.0454	0.0395	0.0059	0.0153	0.0146	0.0007	0.0301	0.0249	0.0051	0.2553	0.1724	0.0830	0.1009	0.0900	0.0109	0.1544	0.0824	0.0720	0.0001	0.0001	0.0001	0.0001	0.0001	0.0000	0.0000	0.0000	0.0001	3.9942	5.9027	0.0291	9.9616	11.1730	0.0005	0.0926	0.1443	0.0335
75	142	0.5602	10	0	0	1	2	0	0	0	0	N	N	N	Y	N	N	N	N	N	N	N	N	0.0000	0.0000	0.0000	0.0000	0.0000	0.0000	0.0000	0.0000	0.0000	0.0000	0.0000	0.0000	0.0000	0.0000	0.0000	0.0000	0.0000	0.0000	0.0543	0.0758	0.0045	0.0143	0.0165	0.0017	0.0979	0.1809	0.0055	0.0257	0.0000	-0.0091	5.1932	0.0001	17.4397	9.0026	0.0000	0.0000	0.0000	0.0000	0.0000	0.0000	0.0000	0.0000	0.0000	0.0209	0.0204	0.0005	0.0029	0.0028	0.0000	0.0180	0.0176	0.0005	0.0000	0.0000	0.0000	0.0000	0.0000	0.0000	0.0000	0.0000	0.0000	0.3852	0.2692	0.1160	0.2009	0.1721	0.0288	0.1843	0.0971	0.0872	0.0000	0.0000	0.0000	0.0000	0.0000	0.0000	0.0000	0.0000	0.0000	0.0543	0.0758	0.0045	0.0143	0.0165	0.0017	0.0979	0.1809	0.0055	
75	143	0.3421	8	0	0	1	2	0	0	0	0	N	N	N	Y	N	N	N	N	N	N	N	N	0.0007	0.0000	0.4015	0.0000	0.0000	0.0021	0.0043	0.0000	0.4214	0.0007	0.0000	0.0057	0.0000	0.0000	0.0000	0.0011	0.0000	0.0065	1.0173	1.5006	0.0142	2.3040	2.4863	0.0004	0.2564	0.4737	0.0154	1150.0746	0.0046	0.0000	-0.1924	5.1932	2.0061	17.4397	8.0425	0.0001	0.0000	0.0001	0.0000	0.0000	0.0000	0.0001	0.0000	0.0001	0.4240	0.4221	0.0019	0.3568	0.3568	0.0000	0.0672	0.0652	0.0019	0.0893	0.0779	0.0115	0.0303	0.0289	0.0014	0.0590	0.0490	0.0100	0.4168	0.2813	0.1355	0.1549	0.1435	0.0114	0.2619	0.1378	0.1242	0.0007	0.0000	0.4015	0.0000	0.0000	0.0021	0.0043	0.0000	0.4214	1.0173	1.5006	0.0142	2.3040	2.4863	0.0004	0.2564	0.4737	0.0154
75	144	0.3330	7	0	0	0	2	0	0	0	0	N	N	N	Y	N	N	N	N	N	N	N	N	598.1028	0.9005	9402.5698	3.4814	3.8250	0.8388	809.5423	0.0127	13514.2621	9.2442	0.0172	68.4586	0.0438	0.0447	0.0216	14.0248	0.0003	76.6804	0.0155	0.0190	0.0073	0.0126	0.0117	0.0257	0.0173	0.0273	0.0057	621.9907	0.1679	0.4911	-0.0010	5.1932	1.9550	17.4397	2.1189	0.8812	0.0014	0.8798	0.0014	0.0014	0.0000	0.8798	0.0000	0.8798	0.0033	0.0028	0.0005	0.0010	0.0009	0.0001	0.0022	0.0019	0.0003	0.0953	0.0825	0.0129	0.0326	0.0312	0.0014	0.0627	0.0513	0.0115	0.2107	0.1464	0.0643	0.0828	0.0777	0.0051	0.1279	0.0688	0.0592	598.1028	0.9005	9402.5698	3.4814	3.8250	0.8388	809.5423	0.0127	13514.2621	0.0155	0.0190	0.0073	0.0126	0.0117	0.0257	0.0173	0.0273	0.0057
75	145	0.3330	7	0	0	1	2	0	0	0	0	N	N	N	Y	N	N	N	N	N	N	N	N	3.0004	8.7986	0.0071	20.0136	20.4632	0.0230	0.0223	0.0959	0.0071	0.0828	0.0956	0.0004	0.2415	0.2522	0.0002	0.0008	0.0009	0.0005	0.0276	0.0109	0.0630	0.0121	0.0123	0.0087	0.0368	0.0093	0.0679	0.0007	2.7419	-0.0038	0.0065	5.1932	2.1261	17.4397	18.6477	0.0085	0.0085	0.0000	0.0085	0.0085	0.0000	0.0001	0.0000	0.0000	0.0238	0.0064	0.0175	0.0039	0.0037	0.0002	0.0200	0.0027	0.0173	0.1029	0.0891	0.0138	0.0351	0.0336	0.0015	0.0678	0.0555	0.0123	0.8636	0.5862	0.2774	0.3221	0.2990	0.0231	0.5415	0.2872	0.2543	3.0004	8.7986	0.0071	20.0136	20.4632	0.0230	0.0223	0.0959	0.0071	0.0276	0.0109	0.0630	0.0121	0.0123	0.0087	0.0368	0.0093	0.0679
75	146	0.5602	10	0	0	1	2	0	0	0	0	N	N	N	Y	N	N	N	N	N	N	N	N	12.6895	11.0719	0.0000	6.0925	5.4635	0.0000	73.7525	1888.1151	0.0000	0.3506	0.4006	0.0000	0.2945	0.3083	0.0000	0.3718	0.4399	0.0000	0.0276	0.0362	0.0078	0.0483	0.0564	0.0000	0.0050	0.0002	0.0104	0.0000	0.0930	-0.0133	-0.0035	5.1932	2.0001	17.4397	5.9880	0.0301	0.0301	0.0000	0.0069	0.0069	0.0000	0.0232	0.0232	0.0000	0.0095	0.0087	0.0008	0.0087	0.0087	0.0000	0.0008	0.0000	0.0008	0.0860	0.0752	0.0107	0.0235	0.0225	0.0011	0.0624	0.0528	0.0097	0.3433	0.2399	0.1034	0.1791	0.1534	0.0257	0.1642	0.0864	0.0777	12.6895	11.0719	0.0000	6.0925	5.4635	0.0000	73.7525	1888.1151	0.0000	0.0276	0.0362	0.0078	0.0483	0.0564	0.0000	0.0050	0.0002	0.0104
75	147	0.5602	10	0	0	1	2	0	0	0	0	N	N	N	Y	N	N	N	N	N	N	N	N	0.2132	0.0172	0.5348	0.0085	0.0460	0.0058	0.1836	0.0000	0.5652	0.2079	0.0010	1.6752	0.0037	0.0032	0.0154	0.2843	0.0000	1.8557	0.9749	0.0553	3.1325	0.4393	0.0696	2.6710	1.5488	0.0305	3.2830	248.2654	24.1621	0.0432	0.6130	5.1932	9.0001	17.4397	23.0169	0.0779	0.0003	0.0776	0.0004	0.0003	0.0001	0.0775	0.0000	0.0775	1.2214	0.0485	1.1728	0.2847	0.0387	0.2460	0.9367	0.0098	0.9268	0.3746	0.3283	0.0463	0.1021	0.0975	0.0045	0.2726	0.2308	0.0418	1.2529	0.8785	0.3744	0.6481	0.5560	0.0921	0.6048	0.3225	0.2823	0.2132	0.0172	0.5348	0.0085	0.0460	0.0058	0.1836	0.0000	0.5652	0.9749	0.0553	3.1325	0.4393	0.0696	2.6710	1.5488	0.0305	3.2830
75	148	0.5349	9	0	0	0	2	0	0	0	0	N	N	N	Y	N	N	N	N	N	N	N	N	0.0172	0.0141	0.0008	0.0340	0.0306	0.0000	0.0004	0.0000	0.0013	0.0028	0.0032	0.0000	0.0099	0.0104	0.0000	0.0000	0.0000	0.0000	0.1603	0.2241	0.0122	0.2921	0.3403	0.0244	0.0041	0.0010	0.0075	0.0004	0.0234	-0.0001	-0.0312	5.1932	1.9990	17.4397	7.9526	0.0002	0.0002	0.0000	0.0002	0.0002	0.0000	0.0000	0.0000	0.0000	0.0717	0.0700	0.0016	0.0708	0.0699	0.0009	0.0008	0.0001	0.0007	0.0864	0.0756	0.0108	0.0240	0.0229	0.0011	0.0624	0.0527	0.0097	0.4471	0.3125	0.1347	0.2425	0.2055	0.0370	0.2047	0.1070	0.0976	0.0172	0.0141	0.0008	0.0340	0.0306	0.0000	0.0004	0.0000	0.0013	0.1603	0.2241	0.0122	0.2921	0.3403	0.0244	0.0041	0.0010	0.0075
75	149	0.5030	8	1	1	0	1	0	0	0	0	N	N	N	N	N	N	N	N	N	N	N	N	0.0369	0.0625	0.0004	0.3638	0.3170	0.7090	0.0000	0.0000	0.0000	0.0660	0.0754	0.0012	0.2246	0.2319	0.0152	0.0001	0.0001	0.0000	1.7888	1.2063	3.2030	0.6173	0.7316	0.0215	3.2015	2.0789	4.5768	0.0023	1.0935	-0.0075	0.1247	5.1932	5.3497	17.4397	17.2225	0.0170	0.0170	0.0000	0.0170	0.0170	0.0000	0.0000	0.0000	0.0000	1.9499	0.9314	1.0185	0.3679	0.3658	0.0021	1.5820	0.5656	1.0164	0.2582	0.2255	0.0327	0.0758	0.0733	0.0026	0.1823	0.1522	0.0301	1.0901	0.7721	0.3180	0.5959	0.5000	0.0959	0.4942	0.2721	0.2221	0.0369	0.0625	0.0004	0.3638	0.3170	0.7090	0.0000	0.0000	0.0000	1.7888	1.2063	3.2030	0.6173	0.7316	0.0215	3.2015	2.0789	4.5768
75	150	0.5338	9	0	1	0	1	0	0	0	0	N	N	N	N	N	N	N	N	N	N	N	N	0.0221	0.0158	0.0668	0.0065	0.0043	0.0429	0.0929	0.0843	0.1808	0.0042	0.0026	0.0165	0.0018	0.0010	0.0244	0.0061	0.0042	0.0151	0.1901	0.1666	0.2470	0.2814	0.2225	0.5703	0.0651	0.0494	0.0837	0.7972	0.6103	0.0000	-0.0182	5.1932	3.6794	17.4397	17.4287	0.0010	0.0006	0.0005	0.0002	0.0001	0.0001	0.0008	0.0005	0.0004	0.2295	0.1425	0.0870	0.1963	0.1289	0.0674	0.0332	0.0136	0.0196	0.2432	0.2157	0.0275	0.1068	0.1028	0.0040	0.1364	0.1129	0.0235	1.2074	0.8552	0.3522	0.6975	0.5793	0.1182	0.5099	0.2759	0.2340	0.0221	0.0158	0.0668	0.0065	0.0043	0.0429	0.0929	0.0843	0.1808	0.1901	0.1666	0.2470	0.2814	0.2225	0.5703	0.0651	0.0494	0.0837
75	151	0.5030	8	0	1	0	1	0	0	0	0	N	N	N	N	N	N	N	N	N	N	N	N	5.1736	4.5193	0.0060	0.0501	0.0449	0.0812	3.7277	2.6951	0.0034	4.5692	5.2336	0.0011	0.0092	0.0093	0.0046	6.6295	7.9939	0.0009	0.8832	1.1581	0.1888	0.1827	0.2074	0.0564	1.7785	2.9661	0.2519	0.0000	0.0646	-0.3642	-0.2649	5.1932	3.4464	17.4397	10.1316	0.8257	0.8257	0.0000	0.0005	0.0005	0.0000	0.8252	0.8252	0.0000	0.6661	0.6257	0.0404	0.0773	0.0734	0.0039	0.5887	0.5523	0.0365	0.1807	0.1578	0.0229	0.0562	0.0545	0.0017	0.1245	0.1032	0.0212	0.7542	0.5403	0.2139	0.4231	0.3541	0.0690	0.3310	0.1862	0.1449	5.1736	4.5193	0.0060	0.0501	0.0449	0.0812	3.7277	2.6951	0.0034	0.8832	1.1581	0.1888	0.1827	0.2074	0.0564	1.7785	2.9661	0.2519
75	152	0.3634	10	1	1	0	1	0	0	0	0	N	N	N	N	N	N	N	N	N	N	N	N	0.0000	0.0000	0.0000	0.0000	0.0000	0.0000	0.0000	0.0000	0.0000	0.0000	0.0000	0.0000	0.0000	0.0000	0.0000	0.0000	0.0000	0.0000	2.7845	0.9136	7.2204	1.5256	1.7104	0.0049	3.6060	0.0455	7.6866	inf	3.5135	0.0000	0.4728	5.1932	1.0143	17.4397	12.0086	0.0000	0.0000	0.0000	0.0000	0.0000	0.0000	0.0000	0.0000	0.0000	1.4772	0.3273	1.1499	0.3196	0.3195	0.0001	1.1576	0.0078	1.1498	0.0466	0.0405	0.0060	0.0159	0.0151	0.0007	0.0307	0.0254	0.0053	0.5305	0.3582	0.1723	0.2095	0.1868	0.0227	0.3210	0.1714	0.1496	0.0000	0.0000	0.0000	0.0000	0.0000	0.0000	0.0000	0.0000	0.0000	2.7845	0.9136	6.6743	1.5256	1.7104	0.0049	3.6060	0.0455	7.6866
75	153	0.3612	9	1	1	0	1	0	0	0	0	N	N	N	N	N	N	N	N	N	N	N	N	0.0000	0.0001	0.0000	0.0001	0.0001	0.0000	0.0000	0.0000	0.0000	0.0000	0.0000	0.0000	0.0000	0.0000	0.0000	0.0000	0.0000	0.0000	0.0472	0.0077	0.1287	0.0104	0.0116	0.0006	0.0712	0.0034	0.1480	0.0000	8.0848	-0.0000	0.0009	5.1932	0.9811	17.4397	0.0216	0.0000	0.0000	0.0000	0.0000	0.0000	0.0000	0.0000	0.0000	0.0000	0.0020	0.0002	0.0018	0.0002	0.0002	0.0000	0.0018	0.0000	0.0018	0.0447	0.0389	0.0058	0.0151	0.0144	0.0007	0.0296	0.0245	0.0051	0.0429	0.0289	0.0140	0.0169	0.0151	0.0018	0.0260	0.0138	0.0122	0.0000	0.0001	0.0000	0.0001	0.0001	0.0000	0.0000	0.0000	0.0000	0.0472	0.0077	0.1287	0.0104	0.0116	0.0006	0.0712	0.0034	0.1480
75	154	0.3566	8	1	1	0	1	0	0	0	0	N	N	N	N	N	N	N	N	N	N	N	N	0.0021	0.3467	0.0000	6.8680	10.7207	0.0000	0.0000	0.0004	0.0000	0.0341	0.0396	0.0002	0.0856	0.0934	0.0000	0.0001	0.0001	0.0003	16.5780	0.1141	91.2198	0.0125	0.0087	0.0432	18.5357	0.2318	86.1828	0.0009	140.3102	-0.0000	0.5227	5.1932	0.0083	17.4397	2.0001	0.0000	0.0000	0.0000	0.0000	0.0000	0.0000	0.0000	0.0000	0.0000	0.9779	0.0069	0.9710	0.0004	0.0003	0.0002	0.9774	0.0066	0.9708	0.0005	0.0004	0.0001	0.0002	0.0002	0.0000	0.0003	0.0002	0.0000	0.0895	0.0607	0.0288	0.0359	0.0320	0.0039	0.0536	0.0286	0.0249	0.0031	0.3467	0.0000	6.8680	10.7207	0.0000	0.0000	0.0004	0.0000	10.9256	0.1141	33.6628	0.0125	0.0087	0.0432	18.2399	0.2318	38.9252
75	155	0.3330	7	0	1	0	1	0	0	0	0	N	N	N	N	N	N	N	N	N	N	N	N	0.2777	0.2285	0.0067	1.7873	1.7510	0.0000	0.0010	0.0006	0.0071	0.2438	0.2811	0.0008	0.7218	0.7547	0.0000	0.0011	0.0012	0.0009	0.8777	1.2299	0.1196	0.4038	0.4310	0.0351	1.1662	2.0825	0.1271	0.0004	0.0452	-0.0148	-0.1694	5.1932	2.9180	17.4397	7.4065	0.0336	0.0336	0.0000	0.0335	0.0335	0.0000	0.0001	0.0001	0.0000	0.4080	0.3904	0.0176	0.0710	0.0706	0.0004	0.3370	0.3198	0.0172	0.1378	0.1195	0.0184	0.0464	0.0444	0.0020	0.0914	0.0751	0.0163	0.4649	0.3174	0.1475	0.1759	0.1639	0.0121	0.2890	0.1535	0.1354	0.2777	0.2285	0.0067	1.7873	1.7510	0.0000	0.0010	0.0006	0.0071	0.8777	1.2299	0.1196	0.4038	0.4310	0.0351	1.1662	2.0825	0.1271
75	156	0.2672	6	0	0	0	1	0	0	0	0	N	N	N	N	N	N	N	N	N	N	N	N	0.9512	0.8115	0.5609	0.7584	0.8271	0.0071	1.0603	0.6832	0.8894	0.5613	0.6323	0.1156	0.2747	0.3109	0.0012	0.7953	0.9059	0.1867	0.5901	0.7791	0.2060	0.3621	0.3759	0.1620	0.7501	1.3260	0.2099	0.0291	0.1301	-0.1502	-0.3395	5.1932	8.2479	17.4397	19.7214	0.3639	0.3536	0.0103	0.0800	0.0800	0.0000	0.2838	0.2736	0.0102	0.9893	0.8753	0.1139	0.2503	0.2431	0.0072	0.7389	0.6322	0.1067	0.6482	0.5592	0.0890	0.2913	0.2572	0.0341	0.3569	0.3020	0.0549	1.6764	1.1235	0.5529	0.6913	0.6467	0.0446	0.9851	0.4768	0.5083	0.9512	0.8115	0.5609	0.7584	0.8271	0.0071	1.0603	0.6832	0.8894	0.5901	0.7791	0.2060	0.3621	0.3759	0.1620	0.7501	1.3260	0.2099
75	157	0.2310	5	0	0	0	1	0	0	0	0	N	N	N	N	N	N	N	N	N	N	N	N	2.8781	3.0267	0.5127	0.8835	0.9807	0.0220	3.0068	2.5243	0.5759	1.5295	1.7379	0.2297	0.3301	0.3391	0.0156	1.9601	2.3319	0.2417	0.5314	0.5742	0.4481	0.3736	0.3457	0.7088	0.6519	0.9238	0.4197	0.0212	0.4004	-0.2513	-0.1539	5.1932	7.4725	17.4397	14.3153	0.5978	0.5854	0.0124	0.0341	0.0340	0.0000	0.5637	0.5514	0.0124	0.8923	0.6372	0.2551	0.2716	0.2320	0.0396	0.6207	0.4051	0.2156	0.3909	0.3369	0.0540	0.1033	0.1004	0.0029	0.2876	0.2364	0.0512	1.6791	1.1097	0.5694	0.7269	0.6711	0.0558	0.9522	0.4386	0.5136	2.8781	3.0267	0.5127	0.8835	0.9807	0.0220	3.0068	2.5243	0.5759	0.5314	0.5742	0.4481	0.3736	0.3457	0.7088	0.6519	0.9238	0.4197
75	158	0.1655	4	0	0	0	1	0	0	0	0	N	N	N	N	N	N	N	N	N	N	N	N	0.4443	0.4918	0.2689	2.9121	3.0618	0.0046	0.0510	0.0057	0.2734	0.2684	0.2866	0.1728	0.9758	1.0131	0.0018	0.0412	0.0056	0.1829	0.6041	0.5828	0.6427	0.3351	0.3309	0.3856	0.8066	0.9841	0.6691	0.1154	0.6052	-0.0568	-0.1316	5.1932	11.6653	17.4397	19.4910	0.1684	0.1509	0.0174	0.1488	0.1488	0.0000	0.0195	0.0021	0.0174	1.6179	1.0079	0.6100	0.3856	0.3515	0.0341	1.2323	0.6564	0.5759	0.6274	0.5266	0.1008	0.1525	0.1469	0.0056	0.4749	0.3797	0.0952	2.6784	1.7294	0.9491	1.1508	1.0623	0.0884	1.5277	0.6670	0.8606	0.4443	0.4918	0.2689	2.9121	3.0618	0.0046	0.0510	0.0057	0.2734	0.6041	0.5828	0.6427	0.3351	0.3309	0.3856	0.8066	0.9841	0.6691
75	161	0.5535	12	1	1	0	1	0	0	0	0	N	N	N	N	N	N	N	N	N	N	N	N	0.0000	0.0000	0.0000	0.0000	0.0000	0.0000	0.0000	0.0000	0.0000	0.0000	0.0000	0.0000	0.0000	0.0000	0.0000	0.0000	0.0000	0.0000	0.0015	0.0020	0.0003	0.0019	0.0022	0.0004	0.0009	0.0016	0.0002	0.0590	0.0000	-0.0001	5.1932	0.0002	17.4397	3.0099	0.0000	0.0000	0.0000	0.0000	0.0000	0.0000	0.0000	0.0000	0.0000	0.0002	0.0002	0.0000	0.0001	0.0001	0.0000	0.0001	0.0000	0.0000	0.0000	0.0000	0.0000	0.0000	0.0000	0.0000	0.0000	0.0000	0.0000	0.1319	0.0922	0.0397	0.0707	0.0601	0.0106	0.0612	0.0321	0.0290	0.0000	0.0000	0.0000	0.0000	0.0000	0.0000	0.0000	0.0000	0.0000	0.0015	0.0020	0.0003	0.0019	0.0022	0.0004	0.0009	0.0016	0.0002	
75	162	0.5459	11	1	1	0	1	0	0	0	0	N	N	N	N	N	N	N	N	N	N	N	N	0.0000	0.0000	0.0000	0.0000	0.0000	0.0000	0.0000	0.0000	0.0000	0.0000	0.0000	0.0000	0.0000	0.0000	0.0000	0.0000	0.0000	0.0000	0.0009	0.0004	0.0022	0.0002	0.0003	0.0000	0.0017	0.0005	0.0030	2.6332	0.0000	0.0000	5.1932	0.9998	17.4397	2.0118	0.0000	0.0000	0.0000	0.0000	0.0000	0.0000	0.0000	0.0000	0.0000	0.0001	0.0000	0.0001	0.0000	0.0000	0.0000	0.0001	0.0000	0.0001	0.0431	0.0378	0.0054	0.0119	0.0114	0.0005	0.0312	0.0264	0.0048	0.1308	0.0912	0.0395	0.0701	0.0595	0.0106	0.0607	0.0317	0.0290	0.0000	0.0000	0.0000	0.0000	0.0000	0.0000	0.0000	0.0000	0.0000	0.0009	0.0004	0.0022	0.0002	0.0003	0.0000	0.0017	0.0005	0.0030	
75	163	0.5459	10	1	1	0	1	0	0	0	0	N	N	N	N	N	N	N	N	N	N	N	N	0.0000	0.0000	0.0000	0.0000	0.0000	0.0000	0.0000	0.0000	0.0000	0.0000	0.0000	0.0000	0.0000	0.0000	0.0000	0.0000	0.0000	0.0000	0.2419	0.1304	0.7198	0.1675	0.1750	0.0694	0.3218	0.0653	0.8769	1.2878	0.0000	0.0000	5.1932	0.0000	17.4397	0.0003	0.0000	0.0000	0.0000	0.0000	0.0000	0.0000	0.0000	0.0000	0.0000	0.0000	0.0000	0.0000	0.0000	0.0000	0.0000	0.0000	0.0000	0.0000	0.0000	0.0000	0.0000	0.0000	0.0000	0.0000	0.0000	0.0000	0.0000	0.0000	0.0000	0.0000	0.0000	0.0000	0.0000	0.0000	0.0000	0.0000	0.0000	0.0000	0.0000	0.0000	0.0000	0.0000	0.0000	0.0000	0.0000	0.2419	0.1304	0.7198	0.1675	0.1750	0.0694	0.3218	0.0653	0.8769	
75	164	0.5349	9	0	1	0	1	0	0	0	0	N	N	N	N	N	N	N	N	N	N	N	N	1.4661	1.4434	0.0081	2.6017	2.2272	0.0000	0.0017	0.0000	0.0060	0.2860	0.3571	0.0006	0.6656	0.6725	0.0000	0.0002	0.0000	0.0006	0.1951	0.2474	0.0735	0.2558	0.3020	0.0059	0.1197	0.1373	0.1007	0.0004	0.1277	-0.0001	-0.0145	5.1932	0.0063	17.4397	4.3641	0.0002	0.0002	0.0000	0.0002	0.0002	0.0000	0.0000	0.0000	0.0000	0.0421	0.0374	0.0048	0.0306	0.0305	0.0001	0.0115	0.0069	0.0047	0.0008	0.0007	0.0002	0.0004	0.0004	0.0000	0.0005	0.0003	0.0002	0.2159	0.1510	0.0649	0.1196	0.1010	0.0186	0.0963	0.0500	0.0463	1.4661	1.4434	0.0081	2.6017	2.2272	0.0000	0.0017	0.0000	0.0060	0.1951	0.2474	0.0735	0.2558	0.3020	0.0059	0.1197	0.1373	0.1007
75	165	0.5030	8	0	0	0	1	0	0	0	0	N	N	N	N	N	N	N	N	N	N	N	N	11.9393	9.8514	2.2851	21.0931	18.1794	0.0005	0.0960	0.0000	5.0274	6.1955	7.0963	0.0145	18.9576	19.4866	0.0000	0.0027	0.0000	0.0156	0.5189	0.7203	0.0063	0.8988	1.0719	0.0130	0.0285	0.0481	0.0031	0.0003	0.0035	-0.3893	-0.1686	5.1932	2.5207	17.4397	10.0226	0.8831	0.8829	0.0003	0.8829	0.8829	0.0000	0.0003	0.0000	0.0003	0.3705	0.3692	0.0013	0.3616	0.3608	0.0009	0.0089	0.0085	0.0004	0.1425	0.1244	0.0181	0.0466	0.0453	0.0013	0.0960	0.0791	0.0169	0.7140	0.5126	0.2014	0.4024	0.3366	0.0658	0.3117	0.1760	0.1356	11.9393	9.8514	2.2851	21.0931	18.1794	0.0005	0.0960	0.0000	5.0274	0.5189	0.7203	0.0063	0.8988	1.0719	0.0130	0.0285	0.0481	0.0031
75	166	0.4874	7	0	0	0	1	0	0	0	0	N	N	N	N	N	N	N	N	N	N	N	N	0.1497	0.1238	0.0698	1.8376	1.7427	0.0010	0.0004	0.0000	0.1456	0.1148	0.1284	0.0032	0.2733	0.2813	0.0001	0.0006	0.0000	0.0036	0.7670	1.0369	0.0460	0.1487	0.1614	0.0842	1.6689	2.9093	0.0247	0.0030	0.0166	-0.0084	-0.1713	5.1932	2.6894	17.4397	4.6619	0.0191	0.0190	0.0001	0.0190	0.0190	0.0000	0.0001	0.0000	0.0001	0.3875	0.3812	0.0063	0.0446	0.0404	0.0041	0.3429	0.3408	0.0022	0.1663	0.1482	0.0180	0.0696	0.0676	0.0020	0.0966	0.0806	0.0161	0.5053	0.3676	0.1376	0.2998	0.2505	0.0493	0.2055	0.1171	0.0884	0.1497	0.1238	0.0698	1.8376	1.7427	0.0010	0.0004	0.0000	0.1456	0.7670	1.0369	0.0460	0.1487	0.1614	0.0842	1.6689	2.9093	0.0247
75	167	0.4489	6	0	0	0	1	0	0	0	0	N	N	N	N	N	N	N	N	N	N	N	N	0.0125	0.0095	0.0792	0.6730	0.5722	3.9953	0.0000	0.0000	0.0043	0.0041	0.0045	0.0015	0.0170	0.0170	0.0184	0.0000	0.0000	0.0001	0.3303	0.4737	0.0186	0.0253	0.0296	0.0046	0.7100	1.3710	0.0247	0.0479	0.0180	-0.0002	-0.0822	5.1932	2.7966	17.4397	8.5340	0.0005	0.0004	0.0000	0.0005	0.0004	0.0000	0.0000	0.0000	0.0000	0.1866	0.1833	0.0033	0.0079	0.0077	0.0003	0.1787	0.1756	0.0031	0.1137	0.0991	0.0146	0.0275	0.0264	0.0011	0.0862	0.0727	0.0135	0.5650	0.3869	0.1781	0.3133	0.2588	0.0545	0.2517	0.1281	0.1236	0.0125	0.0095	0.0792	0.6730	0.5722	3.9953	0.0000	0.0000	0.0043	0.3303	0.4737	0.0186	0.0253	0.0296	0.0046	0.7100	1.3710	0.0247
76	77	0.4996	8	0	0	0	1	0	0	0	0	N	N	N	N	N	N	N	N	N	N	N	N	0.0420	0.0179	0.9988	0.0415	0.0356	0.3253	0.1378	0.0000	0.8427	0.0245	0.0140	0.0938	0.0375	0.0382	0.0144	0.0182	0.0000	0.1002	0.5842	0.7827	0.0939	0.9045	1.0744	0.0442	0.1318	0.1429	0.1189	1.0150	0.0486	0.0000	-0.2621	4.4918	0.3745	17.5337	14.7996	0.0004	0.0002	0.0002	0.0002	0.0002	0.0000	0.0002	0.0000	0.0002	0.6362	0.6067	0.0295	0.5767	0.5721	0.0046	0.0595	0.0347	0.0248	0.0182	0.0158	0.0024	0.0060	0.0058	0.0002	0.0122	0.0100	0.0022	1.0891	0.7752	0.3139	0.6376	0.5324	0.1051	0.4515	0.2427	0.2088	0.0420	0.0179	0.9988	0.0415	0.0356	0.3253	0.1378	0.0000	0.8427	0.5842	0.7827	0.0939	0.9045	1.0744	0.0442	0.1318	0.1429	0.1189
76	78	0.4773	7	0	0	0	1	0	0	0	0	N	N	N	N	N	N	N	N	N	N	N	N	0.8965	0.8134	1.7726	2.2792	2.1223	0.4505	0.4228	0.0002	1.3250	2.0107	1.1493	7.6846	3.3066	3.4388	0.2781	1.4478	0.0002	8.4722	2.2428	1.4131	4.3351	1.4508	1.6203	0.6173	3.4242	0.9416	6.3942	1.0149	1.2166	0.0075	0.1918	4.4918	1.4595	17.5337	10.3922	0.1201	0.0596	0.0605	0.0598	0.0596	0.0002	0.0603	0.0000	0.0603	2.1195	0.9562	1.1633	0.8207	0.7617	0.0590	1.2987	0.1945	1.1042	0.0597	0.0518	0.0079	0.0181	0.0173	0.0008	0.0416	0.0345	0.0071	0.9450	0.6767	0.2683	0.5657	0.4701	0.0956	0.3793	0.2066	0.1727	0.8965	0.8134	1.7726	2.2792	2.1223	0.4505	0.4228	0.0002	1.3250	2.2428	1.4131	4.3351	1.4508	1.6203	0.6173	3.4242	0.9416	6.3942
76	79	0.4632	6	0	0	0	1	0	0	0	0	N	N	N	N	N	N	N	N	N	N	N	N	0.0155	0.0087	0.1745	0.1530	0.1401	0.0711	0.0040	0.0002	0.1411	0.0134	0.0098	0.0360	0.0283	0.0296	0.0029	0.0073	0.0005	0.0396	0.8642	1.1324	0.2062	0.1850	0.2109	0.0405	1.8377	3.3131	0.2804	0.5837	0.0742	-0.0001	-0.2209	4.4918	1.3861	17.5337	6.3168	0.0007	0.0005	0.0003	0.0004	0.0004	0.0000	0.0003	0.0000	0.0003	0.5675	0.5283	0.0392	0.0715	0.0692	0.0024	0.4960	0.4591	0.0368	0.0532	0.0459	0.0073	0.0154	0.0147	0.0007	0.0378	0.0312	0.0066	0.6567	0.4665	0.1902	0.3868	0.3279	0.0589	0.2699	0.1386	0.1313	0.0155	0.0087	0.1745	0.1530	0.1401	0.0711	0.0040	0.0002	0.1411	0.8642	1.1324	0.2062	0.1850	0.2109	0.0405	1.8377	3.3131	0.2804
76	80	0.4037	5	0	0	0	1	0	0	0	0	N	N	N	N	N	N	N	N	N	N	N	N	1.3904	1.9692	0.0076	0.0378	0.0349	0.0005	1.4115	3.1580	0.0058	1.2170	1.4047	0.0095	0.0254	0.0265	0.0001	1.6283	1.9513	0.0104	0.8753	0.7133	1.2629	0.6726	0.7594	0.2726	1.1537	0.6179	1.7966	0.0011	0.7398	-0.0774	-0.0394	4.4918	4.0043	17.5337	19.8631	0.1758	0.1756	0.0002	0.0009	0.0009	0.0000	0.1749	0.1747	0.0002	1.1886	0.6832	0.5054	0.5286	0.4904	0.0382	0.6600	0.1928	0.4672	0.1445	0.1250	0.0194	0.0371	0.0355	0.0016	0.1074	0.0895	0.0179	1.3580	0.9578	0.4002	0.7859	0.6457	0.1401	0.5721	0.3121	0.2601	1.3904	1.9692	0.0076	0.0378	0.0349	0.0005	1.4115	3.1580	0.0058	0.8753	0.7133	1.2629	0.6726	0.7594	0.2726	1.1537	0.6179	1.7966
76	81	0.3774	7	0	1	1	0	0	0	0	0	N	N	N	N	N	N	N	N	N	N	N	N	2.2780	2.9722	0.2825	2.2076	2.4559	1.4436	0.1001	1.0627	0.0088	0.0012	0.0017	0.0001	0.0027	0.0027	0.0045	0.0000	0.0000	0.0000	0.0005	0.0006	0.0004	0.0012	0.0011	0.0031	0.0001	0.0000	0.0002	0.0330	0.3424	-0.0001	-0.0000	4.4918	2.0162	17.5337	4.5500	0.0002	0.0002	0.0000	0.0002	0.0002	0.0000	0.0000	0.0000	0.0000	0.0002	0.0001	0.0000	0.0001	0.0001	0.0000	0.0000	0.0000	0.0000	0.1823	0.1248	0.0575	0.0812	0.0796	0.0016	0.1011	0.0452	0.0559	0.2894	0.1989	0.0905	0.1115	0.1037	0.0078	0.1779	0.0953	0.0826	2.2780	2.9722	0.2825	2.2076	2.4559	1.4436	0.1001	1.0627	0.0088	0.0005	0.0006	0.0004	0.0012	0.0011	0.0031	0.0001	0.0000	0.0002
76	82	0.5117	9	0	1	1	0	0	0	0	0	N	N	N	N	N	N	N	N	N	N	N	N	0.0062	0.0024	0.5685	0.0020	0.0001	0.3555	0.0063	0.0021	1.2635	0.0001	0.0001	0.0006	0.0000	0.0000	0.0008	0.0002	0.0001	0.0006	0.0242	0.0331	0.0011	0.0194	0.0229	0.0022	0.0315	0.0569	0.0005	1.1625	0.0129	0.0000	-0.0044	4.4918	3.0011	17.5337	3.7015	0.0000	0.0000	0.0000	0.0000	0.0000	0.0000	0.0000	0.0000	0.0000	0.0099	0.0098	0.0001	0.0048	0.0047	0.0001	0.0051	0.0051	0.0000	0.1156	0.1008	0.0148	0.0361	0.0344	0.0017	0.0795	0.0665	0.0131	0.4092	0.2950	0.1142	0.2474	0.2060	0.0414	0.1618	0.0890	0.0728	0.0062	0.0024	0.5685	0.0020	0.0001	0.3555	0.0063	0.0021	1.2635	0.0242	0.0331	0.0011	0.0194	0.0229	0.0022	0.0315	0.0569	0.0005
76	83	0.5003	8	0	1	0	0	0	0	0	0	N	N	N	N	N	N	N	N	N	N	N	N	0.6784	0.5637	0.0004	0.0073	0.0062	0.0002	0.7241	0.5010	0.0013	0.3288	0.3775	0.0000	0.0028	0.0030	0.0000	0.4744	0.5679	0.0000	0.4847	0.6697	0.0196	0.3906	0.4837	0.0351	0.6552	1.1336	0.0059	0.0000	0.0117	-0.0113	-0.1016	4.4918	2.0032	17.5337	4.2039	0.0256	0.0256	0.0000	0.0001	0.0001	0.0000	0.0255	0.0255	0.0000	0.2274	0.2247	0.0026	0.1181	0.1159	0.0022	0.1093	0.1088	0.0004	0.0777	0.0677	0.0100	0.0240	0.0228	0.0012	0.0537	0.0449	0.0088	0.4691	0.3356	0.1335	0.3023	0.2396	0.0628	0.1668	0.0960	0.0707	0.6784	0.5637	0.0004	0.0073	0.0062	0.0002	0.7241	0.5010	0.0013	0.4847	0.6697	0.0196	0.3906	0.4837	0.0351	0.6552	1.1336	0.0059
76	84	0.4971	8	1	0	1	0	0	0	0	0	N	N	N	N	N	N	N	N	N	N	N	N	0.0002	0.0013	0.0000	0.0034	0.0031	0.0000	0.0000	0.0000	0.0000	0.0005	0.0005	0.0000	0.0014	0.0015	0.0000	0.0000	0.0000	0.0000	2.5197	0.4136	8.1139	0.4240	0.4775	0.0768	5.2081	0.2524	10.6448	0.0031	7.9625	-0.0000	0.4249	4.4918	1.0052	17.5337	4.9545	0.0000	0.0000	0.0000	0.0000	0.0000	0.0000	0.0000	0.0000	0.0000	0.9880	0.1102	0.8777	0.0934	0.0912	0.0023	0.8946	0.0191	0.8755	0.0396	0.0345	0.0051	0.0127	0.0121	0.0006	0.0269	0.0224	0.0045	0.3921	0.2665	0.1256	0.2203	0.1909	0.0295	0.1718	0.0756	0.0962	0.0002	0.0013	0.0000	0.0034	0.0031	0.0000	0.0000	0.0000	0.0000	2.5197	0.4136	6.9880	0.4240	0.4775	0.0768	5.2081	0.2524	9.1049
76	85	0.4777	7	1	0	1	0	0	0	0	0	N	N	N	N	N	N	N	N	N	N	N	N	0.0291	0.0294	0.0010	0.2502	0.2678	0.0000	0.0002	0.0001	0.0009	0.0835	0.0955	0.0020	0.2713	0.2846	0.0000	0.0011	0.0009	0.0022	2.8691	3.2454	1.9141	1.0846	1.0628	1.1877	5.6171	8.2781	2.3493	0.0031	0.2323	-0.0014	-0.3883	4.4918	0.9968	17.5337	7.6169	0.0033	0.0032	0.0000	0.0032	0.0032	0.0000	0.0000	0.0000	0.0000	1.4389	1.1676	0.2713	0.3298	0.2667	0.0631	1.1091	0.9009	0.2082	0.0389	0.0339	0.0050	0.0119	0.0113	0.0006	0.0271	0.0226	0.0045	0.5015	0.3598	0.1417	0.3040	0.2509	0.0531	0.1975	0.1088	0.0886	0.0291	0.0294	0.0010	0.2502	0.2678	0.0000	0.0002	0.0001	0.0009	2.8691	3.2454	1.9141	1.0846	1.0628	1.1877	5.6171	8.2781	2.3493
76	86	0.4977	6	1	1	0	0	0	0	0	0	N	N	N	N	N	N	N	N	N	N	N	N	0.0068	0.0034	2.8950	0.1270	0.1138	0.1648	0.0017	0.0000	4.3493	0.0030	0.0021	0.0086	0.0057	0.0059	0.0008	0.0018	0.0001	0.0092	0.4471	0.6310	0.0030	0.0447	0.0514	0.0049	1.0498	2.1581	0.0021	0.6446	0.0019	-0.0000	-0.3078	4.4918	5.8060	17.5337	6.1034	0.0008	0.0005	0.0003	0.0005	0.0005	0.0000	0.0003	0.0000	0.0003	0.6743	0.6730	0.0013	0.0404	0.0398	0.0006	0.6339	0.6333	0.0007	0.2683	0.2313	0.0371	0.0854	0.0825	0.0030	0.1829	0.1488	0.0341	1.5082	1.0666	0.4416	0.9043	0.7731	0.1312	0.6039	0.2934	0.3104	0.0068	0.0034	2.8950	0.1270	0.1138	0.1648	0.0017	0.0000	4.3493	0.4471	0.6310	0.0030	0.0447	0.0514	0.0049	1.0498	2.1581	0.0021
76	87	0.4037	5	1	1	0	0	0	0	0	0	N	N	N	N	N	N	N	N	N	N	N	N	1.1804	1.5213	0.0190	3.9242	3.4473	2.3259	0.3908	0.7779	0.0050	1.3329	1.5329	0.0270	3.6073	3.7568	0.2151	0.5499	0.6556	0.0104	1.1292	1.0076	1.4236	0.9192	1.0898	0.0925	1.4069	0.8429	2.0882	0.0027	0.5838	-0.2497	-0.1793	4.4918	12.2869	17.5337	21.7146	0.5695	0.5680	0.0015	0.3947	0.3937	0.0010	0.1748	0.1742	0.0005	1.9972	1.2610	0.7362	0.9258	0.9099	0.0159	1.0714	0.3511	0.7203	0.4272	0.3705	0.0567	0.1094	0.1048	0.0046	0.3178	0.2657	0.0521	1.7686	1.2515	0.5171	1.0072	0.8349	0.1722	0.7615	0.4166	0.3449	1.1804	1.5213	0.0190	3.9242	3.4473	2.3259	0.3908	0.7779	0.0050	1.1292	1.0076	1.4236	0.9192	1.0898	0.0925	1.4069	0.8429	2.0882
76	88	0.5003	8	0	1	0	0	0	0	0	0	N	N	N	N	N	N	N	N	N	N	N	N	0.0029	0.0183	0.0000	0.0357	0.0374	0.0003	0.0003	0.0090	0.0000	0.0018	0.0021	0.0000	0.0050	0.0053	0.0000	0.0004	0.0004	0.0000	0.6332	0.1134	1.9803	0.1410	0.1414	0.1394	1.4057	0.0500	3.1833	0.0004	6.7379	-0.0001	0.2055	4.4918	4.0005	17.5337	9.0093	0.0003	0.0003	0.0000	0.0002	0.0002	0.0000	0.0000	0.0000	0.0000	0.4983	0.0644	0.4339	0.0678	0.0557	0.0121	0.4305	0.0087	0.4219	0.1535	0.1338	0.0197	0.0472	0.0449	0.0023	0.1063	0.0889	0.0175	0.7870	0.5679	0.2191	0.4807	0.3941	0.0866	0.3063	0.1738	0.1325	0.0029	0.0183	0.0000	0.0357	0.0374	0.0003	0.0003	0.0090	0.0000	0.6332	0.1134	1.9803	0.1410	0.1414	0.1394	1.4057	0.0500	3.1833
76	89	0.4777	7	0	1	0	0	0	0	0	0	N	N	N	N	N	N	N	N	N	N	N	N	0.0023	0.0019	0.0015	0.0000	0.0000	0.0001	0.0190	0.0133	0.0058	0.0010	0.0011	0.0001	0.0000	0.0000	0.0000	0.0014	0.0016	0.0001	0.4211	0.5717	0.0360	0.6515	0.7694	0.0810	0.0723	0.1228	0.0100	0.0071	0.0247	-0.0000	-0.1063	4.4918	1.0051	17.5337	9.2650	0.0000	0.0000	0.0000	0.0000	0.0000	0.0000	0.0000	0.0000	0.0000	0.2448	0.2389	0.0059	0.2281	0.2233	0.0049	0.0167	0.0157	0.0010	0.0393	0.0342	0.0051	0.0120	0.0114	0.0006	0.0273	0.0228	0.0045	0.5814	0.4179	0.1635	0.3502	0.2902	0.0600	0.2313	0.1277	0.1035	0.0023	0.0019	0.0015	0.0000	0.0000	0.0001	0.0190	0.0133	0.0058	0.4211	0.5717	0.0360	0.6515	0.7694	0.0810	0.0723	0.1228	0.0100
76	90	0.5261	7	0	0	1	0	0	0	0	0	N	N	N	N	N	N	N	N	N	N	N	N	0.0447	0.0304	0.1539	0.0691	0.0641	0.0015	0.0441	0.0056	0.1386	0.0075	0.0055	0.0213	0.0148	0.0154	0.0001	0.0041	0.0001	0.0237	0.1677	0.1797	0.1386	0.2143	0.2404	0.0741	0.0925	0.0116	0.1706	0.5769	0.3176	-0.0001	-0.0271	4.4918	2.3559	17.5337	7.1930	0.0007	0.0005	0.0003	0.0005	0.0005	0.0000	0.0003	0.0000	0.0003	0.1246	0.0946	0.0300	0.0983	0.0930	0.0053	0.0263	0.0016	0.0247	0.0990	0.0863	0.0127	0.0316	0.0303	0.0013	0.0675	0.0560	0.0115	0.7433	0.5265	0.2168	0.4587	0.3868	0.0719	0.2846	0.1397	0.1449	0.0447	0.0304	0.1539	0.0691	0.0641	0.0015	0.0441	0.0056	0.1386	0.1677	0.1797	0.1386	0.2143	0.2404	0.0741	0.0925	0.0116	0.1706
76	91	0.4933	6	0	0	0	0	0	0	0	0	N	N	N	N	N	N	N	N	N	N	N	N	1.2400	1.1407	1.6718	1.4392	1.4500	0.0747	1.0028	0.8469	1.4202	0.5392	0.4495	0.8930	0.5495	0.5674	0.0254	0.5324	0.3401	0.9531	0.4349	0.3940	0.5341	0.3818	0.3913	0.3405	0.5309	0.4016	0.6711	0.5041	0.5577	-0.0187	-0.0926	4.4918	4.9284	17.5337	11.0439	0.1764	0.1173	0.0591	0.0713	0.0712	0.0001	0.1051	0.0461	0.0590	0.9229	0.5925	0.3305	0.5220	0.4347	0.0873	0.4009	0.1578	0.2432	0.3271	0.2609	0.0662	0.1298	0.1255	0.0043	0.1973	0.1354	0.0619	2.1224	1.5037	0.6187	1.3673	1.1109	0.2563	0.7552	0.3928	0.3623	1.2400	1.1407	1.6718	1.4392	1.4500	0.0747	1.0028	0.8469	1.4202	0.4349	0.3940	0.5341	0.3818	0.3913	0.3405	0.5309	0.4016	0.6711
76	92	0.4037	5	0	0	0	0	0	0	0	0	N	N	N	N	N	N	N	N	N	N	N	N	1.4032	1.3560	1.5915	0.9771	1.0287	0.0192	1.4229	1.2508	1.7437	1.3129	1.2987	1.4038	0.8390	0.8753	0.0172	1.4765	1.4667	1.5252	0.9356	0.9578	0.8820	0.8587	0.8508	0.8966	1.0376	1.1726	0.8747	0.1680	0.3808	-0.0552	-0.2963	4.4918	3.9161	17.5337	29.2065	0.1856	0.1589	0.0267	0.0304	0.0304	0.0000	0.1551	0.1285	0.0267	1.6227	1.1752	0.4475	0.8490	0.6970	0.1520	0.7736	0.4781	0.2955	0.1413	0.1223	0.0190	0.0363	0.0347	0.0015	0.1051	0.0876	0.0175	1.7344	1.2270	0.5074	0.9888	0.8192	0.1696	0.7456	0.4078	0.3378	1.4032	1.3560	1.5915	0.9771	1.0287	0.0192	1.4229	1.2508	1.7437	0.9356	0.9578	0.8820	0.8587	0.8508	0.8966	1.0376	1.1726	0.8747
76	93	0.3774	7	1	1	0	0	0	0	0	0	N	N	N	N	N	N	N	N	N	N	N	N	67.6170	109.1892	23.8972	24.8141	25.4502	3.3317	105.4834	441.1280	24.0959	1.2986	1.5465	0.7170	0.5287	0.5388	0.0768	1.8960	3.1199	0.7382	0.0192	0.0142	0.0300	0.0213	0.0212	0.0231	0.0180	0.0071	0.0306	0.1977	0.9888	-0.0710	0.0003	4.4918	2.5103	17.5337	7.4742	0.2572	0.2147	0.0425	0.0458	0.0456	0.0001	0.2114	0.1691	0.0423	0.0076	0.0038	0.0038	0.0031	0.0029	0.0002	0.0045	0.0010	0.0035	0.1981	0.1389	0.0592	0.0865	0.0846	0.0019	0.1115	0.0542	0.0573	0.3966	0.2704	0.1262	0.1465	0.1360	0.0105	0.2501	0.1344	0.1157	67.6170	109.1892	23.8972	24.8141	25.4502	3.3317	105.4834	441.1280	24.0959	0.0192	0.0142	0.0300	0.0213	0.0212	0.0231	0.0180	0.0071	0.0306
76	94	0.3412	6	0	1	0	0	0	0	0	0	N	N	N	N	N	N	N	N	N	N	N	N	20.9597	27.8644	26.5123	56.1061	58.0980	1.9108	11.8858	0.2775	26.1187	0.3522	0.2342	0.9300	0.5208	0.5351	0.0192	0.2523	0.0021	0.9889	0.0168	0.0084	0.0351	0.0093	0.0092	0.0101	0.0212	0.0076	0.0379	0.8105	1.9173	0.0008	0.0015	4.4918	7.1305	17.5337	3.2426	0.1277	0.0705	0.0572	0.0702	0.0702	0.0001	0.0575	0.0004	0.0571	0.0074	0.0025	0.0049	0.0015	0.0014	0.0001	0.0059	0.0012	0.0047	0.3626	0.3011	0.0615	0.1349	0.1311	0.0037	0.2277	0.1700	0.0577	0.4420	0.3028	0.1391	0.1637	0.1498	0.0139	0.2783	0.1531	0.1252	20.9597	27.8644	26.5123	56.1061	58.0980	1.9108	11.8858	0.2775	26.1187	0.0168	0.0084	0.0351	0.0093	0.0092	0.0101	0.0212	0.0076	0.0379
76	95	0.4777	7	1	1	0	0	0	0	0	0	N	N	N	N	N	N	N	N	N	N	N	N	0.1578	0.1364	0.0385	0.2400	0.2161	0.0020	0.1438	0.1062	0.0410	0.0530	0.0605	0.0021	0.0981	0.1030	0.0001	0.0336	0.0396	0.0023	0.3359	0.4434	0.0538	0.4089	0.4764	0.0484	0.2334	0.3735	0.0565	0.0050	0.0462	-0.0070	-0.2055	4.4918	8.0000	17.5337	22.5660	0.0160	0.0159	0.0001	0.0089	0.0089	0.0000	0.0071	0.0070	0.0001	0.4962	0.4743	0.0219	0.3527	0.3462	0.0066	0.1434	0.1281	0.0153	0.3019	0.2632	0.0386	0.0909	0.0867	0.0043	0.2109	0.1766	0.0344	1.4771	1.0697	0.4074	0.8626	0.7266	0.1360	0.6144	0.3430	0.2714	0.1578	0.1364	0.0385	0.2400	0.2161	0.0020	0.1438	0.1062	0.0410	0.3359	0.4434	0.0538	0.4089	0.4764	0.0484	0.2334	0.3735	0.0565
76	96	0.4037	5	0	0	0	0	0	0	0	0	N	N	N	N	N	N	N	N	N	N	N	N	0.6500	0.2849	44.5894	1.8509	1.6006	4.6620	0.3008	0.0004	35.6913	0.8290	0.5062	2.9362	1.7151	1.7866	0.0921	0.5239	0.0011	3.1882	1.2754	1.7766	0.0659	0.9266	1.1162	0.0198	1.7413	3.1120	0.0893	0.8884	0.0154	0.0102	-0.9294	4.4918	11.9964	17.5337	18.8414	0.3462	0.1833	0.1629	0.1835	0.1831	0.0004	0.1628	0.0003	0.1625	2.0969	2.0651	0.0317	0.8713	0.8681	0.0032	1.2256	1.1970	0.0285	0.4177	0.3622	0.0555	0.1070	0.1025	0.0045	0.3107	0.2597	0.0510	1.6441	1.1624	0.4817	0.9403	0.7777	0.1626	0.7038	0.3847	0.3192	0.6500	0.2849	44.5894	1.8509	1.6006	4.6620	0.3008	0.0004	35.6913	1.2754	1.7766	0.0659	0.9266	1.1162	0.0198	1.7413	3.1120	0.0893
76	98	0.5082	9	1	1	1	0	0	0	0	0	N	N	N	N	N	N	N	N	N	N	N	N	0.8205	0.0128	3.5090	3.1159	0.0274	516.2224	0.0604	0.0003	0.1849	0.0722	0.0008	0.5799	0.1845	0.0019	3.6079	0.0080	0.0000	0.0484	0.0880	0.0592	0.1653	0.0592	0.0699	0.0070	0.1325	0.0354	0.2618	107.3188	1.0402	0.0017	0.0036	4.4918	0.9502	17.5337	16.1595	0.0031	0.0000	0.0031	0.0029	0.0000	0.0029	0.0002	0.0000	0.0002	0.0708	0.0347	0.0361	0.0289	0.0283	0.0006	0.0419	0.0064	0.0355	0.0430	0.0377	0.0053	0.0156	0.0148	0.0008	0.0273	0.0228	0.0045	0.8041	0.5857	0.2184	0.4878	0.4051	0.0828	0.3163	0.1806	0.1356	0.8205	0.0128	3.5090	3.1159	0.0274	516.2224	0.0604	0.0003	0.1849	0.0880	0.0592	0.1653	0.0592	0.0699	0.0070	0.1325	0.0354	0.2618
76	99	0.4037	5	0	1	0	0	0	0	0	0	N	N	N	N	N	N	N	N	N	N	N	N	1.2419	0.6305	26.1850	3.4843	2.9917	16.5123	0.5404	0.0010	23.7952	0.3747	0.2579	1.1368	0.8930	0.9102	0.5042	0.1962	0.0006	1.1928	0.3017	0.4091	0.0434	0.2563	0.3042	0.0305	0.3630	0.6231	0.0501	0.6750	0.0441	-0.0060	-0.1902	4.4918	11.9964	17.5337	15.6499	0.1565	0.0934	0.0631	0.0955	0.0933	0.0023	0.0609	0.0002	0.0608	0.4571	0.4378	0.0193	0.2232	0.2185	0.0047	0.2339	0.2192	0.0147	0.4177	0.3622	0.0555	0.1070	0.1025	0.0045	0.3107	0.2597	0.0510	1.5151	1.0701	0.4450	0.8708	0.7183	0.1525	0.6443	0.3518	0.2925	1.2419	0.6305	26.1850	3.4843	2.9917	16.5123	0.5404	0.0010	23.7952	0.3017	0.4091	0.0434	0.2563	0.3042	0.0305	0.3630	0.6231	0.0501
76	100	0.5112	10	1	0	1	0	0	0	0	0	N	N	N	N	N	N	N	N	N	N	N	N	0.0299	0.0338	0.0040	0.0742	0.0639	7.4422	0.0000	0.0001	0.0000	0.0449	0.0505	0.0060	0.1318	0.1367	0.0430	0.0000	0.0000	0.0000	1.5012	1.4954	1.5164	1.7770	2.1393	0.0058	1.0721	0.0193	2.4304	0.0173	0.3831	-0.0007	-0.1928	4.4918	1.0008	17.5337	13.9255	0.0018	0.0017	0.0000	0.0018	0.0017	0.0000	0.0000	0.0000	0.0000	1.0631	0.7687	0.2945	0.7661	0.7657	0.0004	0.2971	0.0030	0.2941	0.0393	0.0343	0.0050	0.0134	0.0127	0.0007	0.0259	0.0216	0.0043	0.7082	0.5140	0.1942	0.4311	0.3579	0.0732	0.2771	0.1561	0.1210	0.0299	0.0338	0.0040	0.0742	0.0639	7.4422	0.0000	0.0001	0.0000	1.5012	1.4954	1.5164	1.7770	2.1393	0.0058	1.0721	0.0193	2.4304
76	101	0.5082	9	1	0	1	0	0	0	0	0	N	N	N	N	N	N	N	N	N	N	N	N	0.1086	0.0940	0.0743	0.3140	0.2637	3.7204	0.0016	0.0008	0.0109	0.0214	0.0236	0.0037	0.0444	0.0459	0.0141	0.0005	0.0004	0.0010	0.1972	0.2508	0.0498	0.1414	0.1740	0.0038	0.3130	0.4743	0.0932	0.0191	0.0724	-0.0001	-0.0120	4.4918	0.0532	17.5337	2.0467	0.0002	0.0002	0.0000	0.0002	0.0002	0.0000	0.0000	0.0000	0.0000	0.0308	0.0287	0.0021	0.0149	0.0148	0.0001	0.0159	0.0139	0.0020	0.0079	0.0071	0.0009	0.0038	0.0036	0.0002	0.0042	0.0035	0.0007	0.1560	0.1144	0.0417	0.1054	0.0852	0.0202	0.0507	0.0292	0.0215	0.1086	0.0940	0.0743	0.3140	0.2637	3.7204	0.0016	0.0008	0.0109	0.1972	0.2508	0.0498	0.1414	0.1740	0.0038	0.3130	0.4743	0.0932
76	102	0.4985	8	1	0	1	0	0	0	0	0	N	N	N	N	N	N	N	N	N	N	N	N	0.0085	0.0038	0.2373	0.0355	0.0163	13.9465	0.0004	0.0001	0.0126	0.0037	0.0022	0.0144	0.0101	0.0056	0.0933	0.0003	0.0001	0.0012	0.4326	0.5669	0.0606	0.2840	0.3436	0.0067	0.6764	1.0782	0.0988	0.9487	0.0386	0.0000	-0.0561	4.4918	2.0948	17.5337	3.0326	0.0003	0.0002	0.0002	0.0003	0.0002	0.0001	0.0000	0.0000	0.0000	0.1331	0.1281	0.0050	0.0543	0.0541	0.0002	0.0788	0.0741	0.0047	0.0873	0.0764	0.0109	0.0306	0.0290	0.0016	0.0568	0.0474	0.0094	0.3077	0.2260	0.0816	0.1911	0.1573	0.0338	0.1165	0.0687	0.0478	0.0085	0.0038	0.2373	0.0355	0.0163	13.9465	0.0004	0.0001	0.0126	0.4326	0.5669	0.0606	0.2840	0.3436	0.0067	0.6764	1.0782	0.0988
76	103	0.4777	7	1	0	1	0	0	0	0	0	N	N	N	N	N	N	N	N	N	N	N	N	2.6069	2.1951	0.1371	17.5484	15.3750	0.0192	0.8657	0.5846	0.1037	0.1158	0.1329	0.0005	0.1915	0.2010	0.0000	0.0831	0.0993	0.0005	0.0444	0.0605	0.0035	0.0109	0.0131	0.0007	0.0960	0.1698	0.0052	0.0005	0.0230	-0.0077	-0.0099	4.4918	3.9484	17.5337	4.8420	0.0176	0.0176	0.0000	0.0088	0.0088	0.0000	0.0088	0.0088	0.0000	0.0227	0.0222	0.0005	0.0034	0.0033	0.0000	0.0193	0.0188	0.0005	0.1518	0.1322	0.0195	0.0459	0.0437	0.0022	0.1059	0.0885	0.0174	0.5101	0.3660	0.1441	0.3090	0.2552	0.0538	0.2011	0.1109	0.0902	2.6069	2.1951	0.1371	17.5484	15.3750	0.0192	0.8657	0.5846	0.1037	0.0444	0.0605	0.0035	0.0109	0.0131	0.0007	0.0960	0.1698	0.0052
76	104	0.4361	6	0	1	0	0	0	0	0	0	N	N	N	N	N	N	N	N	N	N	N	N	0.0620	0.0662	0.0057	0.1382	0.1394	0.0570	0.0322	0.0309	0.0001	0.0451	0.0510	0.0035	0.0716	0.0741	0.0255	0.0318	0.0378	0.0001	0.7281	0.7697	0.6240	0.5183	0.5311	0.4468	0.9879	1.2247	0.6981	0.0098	0.3233	-0.0073	-0.3293	4.4918	8.9557	17.5337	32.3127	0.0169	0.0167	0.0002	0.0090	0.0088	0.0002	0.0079	0.0079	0.0000	1.5385	1.1626	0.3759	0.6057	0.5263	0.0794	0.9327	0.6363	0.2965	0.3736	0.3276	0.0460	0.1251	0.1188	0.0063	0.2485	0.2088	0.0397	2.1129	1.5105	0.6024	1.1687	0.9910	0.1777	0.9442	0.5196	0.4247	0.0620	0.0662	0.0057	0.1382	0.1394	0.0570	0.0322	0.0309	0.0001	0.7281	0.7697	0.6240	0.5183	0.5311	0.4468	0.9879	1.2247	0.6981
76	105	0.4615	7	0	0	1	0	0	0	0	0	N	N	N	N	N	N	N	N	N	N	N	N	0.0001	0.0003	0.0000	0.0005	0.0005	0.0000	0.0000	0.0013	0.0000	0.0004	0.0005	0.0000	0.0011	0.0012	0.0000	0.0001	0.0001	0.0000	2.9538	1.6436	6.4190	2.0622	2.3755	0.1202	4.1567	0.0775	10.3574	0.0112	1.4766	-0.0000	0.2953	4.4918	4.2679	17.5337	7.8415	0.0001	0.0001	0.0000	0.0001	0.0001	0.0000	0.0000	0.0000	0.0000	2.1424	0.8651	1.2774	0.8590	0.8521	0.0070	1.2834	0.0130	1.2704	0.1823	0.1572	0.0250	0.0573	0.0550	0.0023	0.1250	0.1022	0.0227	0.7253	0.5263	0.1990	0.4166	0.3587	0.0579	0.3088	0.1676	0.1411	0.0001	0.0003	0.0000	0.0005	0.0005	0.0000	0.0000	0.0013	0.0000	2.9538	1.6436	6.4190	2.0622	2.3755	0.1202	4.1567	0.0775	9.0026
76	106	0.4361	6	0	0	0	0	0	0	0	0	N	N	N	N	N	N	N	N	N	N	N	N	0.0026	0.0026	0.0038	0.0011	0.0005	0.0057	0.0067	0.0044	0.0221	0.0033	0.0030	0.0063	0.0018	0.0005	0.0246	0.0045	0.0051	0.0014	1.2710	1.1324	1.6289	1.6616	1.1202	4.3169	0.6680	1.1607	0.0625	0.2561	0.5570	-0.0001	-0.1143	4.4918	1.9301	17.5337	9.0954	0.0004	0.0003	0.0001	0.0001	0.0000	0.0001	0.0003	0.0003	0.0000	1.1364	0.7298	0.4065	0.9015	0.5048	0.3967	0.2348	0.2250	0.0099	0.1176	0.1048	0.0128	0.0504	0.0477	0.0027	0.0672	0.0571	0.0101	0.8941	0.6445	0.2496	0.5426	0.4507	0.0919	0.3515	0.1938	0.1577	0.0026	0.0026	0.0038	0.0011	0.0005	0.0057	0.0067	0.0044	0.0221	1.2710	1.1324	1.6289	1.6616	1.1202	4.3169	0.6680	1.1607	0.0625
76	107	0.4037	5	0	0	0	0	0	0	0	0	N	N	N	N	N	N	N	N	N	N	N	N	1.2130	1.2453	0.0024	0.0465	0.0463	0.0150	1.0425	0.8957	0.0014	1.2408	1.4334	0.0017	0.0297	0.0306	0.0081	1.6589	1.9899	0.0012	1.0230	1.1510	0.7231	0.6376	0.6615	0.5375	1.5914	2.2216	0.8391	0.0002	0.2683	-0.0771	-0.2275	4.4918	3.9049	17.5337	9.6098	0.1749	0.1749	0.0000	0.0011	0.0011	0.0000	0.1738	0.1738	0.0000	0.9218	0.7268	0.1950	0.3424	0.2867	0.0557	0.5794	0.4401	0.1393	0.1409	0.1220	0.0190	0.0362	0.0346	0.0015	0.1048	0.0873	0.0174	0.9011	0.6314	0.2697	0.5370	0.4333	0.1037	0.3641	0.1981	0.1660	1.2130	1.2453	0.0024	0.0465	0.0463	0.0150	1.0425	0.8957	0.0014	1.0230	1.1510	0.7231	0.6376	0.6615	0.5375	1.5914	2.2216	0.8391
76	108	0.4249	7	0	1	0	0	0	0	0	0	N	N	N	N	N	N	N	N	N	N	N	N	1.5576	2.0490	2.2647	4.9774	4.4507	19.2710	0.6797	0.0026	1.7937	1.1602	0.7019	3.9259	2.0860	2.1675	0.4215	0.7796	0.0001	4.2962	0.7449	0.3425	1.7335	0.4191	0.4870	0.0219	1.1470	0.0572	2.3952	0.9271	2.0596	0.0144	0.2719	4.4918	8.0392	17.5337	22.6195	0.3607	0.1872	0.1735	0.1889	0.1872	0.0018	0.1718	0.0000	0.1718	1.2660	0.4138	0.8522	0.3935	0.3905	0.0030	0.8725	0.0232	0.8492	0.3109	0.2667	0.0442	0.0906	0.0864	0.0042	0.2203	0.1804	0.0400	1.6996	1.2080	0.4916	0.9390	0.8019	0.1371	0.7606	0.4061	0.3546	1.5576	2.0490	2.2647	4.9774	4.4507	19.2710	0.6797	0.0026	1.7937	0.7449	0.3425	1.7335	0.4191	0.4870	0.0219	1.1470	0.0572	2.3952
76	109	0.4249	6	0	0	0	0	0	0	0	0	N	N	N	N	N	N	N	N	N	N	N	N	0.7839	0.5604	1.4440	1.1162	0.9095	51.0965	0.5140	0.0859	0.9296	0.4940	0.3618	0.8571	0.5752	0.5645	0.7741	0.4245	0.0616	0.8651	0.6301	0.6456	0.5935	0.5153	0.6207	0.0151	0.8259	0.7173	0.9306	0.8625	0.3901	0.0003	-0.0518	4.4918	0.2031	17.5337	2.0398	0.0132	0.0071	0.0061	0.0071	0.0066	0.0005	0.0061	0.0005	0.0056	0.2913	0.2096	0.0818	0.1502	0.1494	0.0008	0.1412	0.0602	0.0810	0.0268	0.0196	0.0071	0.0124	0.0117	0.0006	0.0144	0.0079	0.0065	0.4624	0.3246	0.1378	0.2914	0.2407	0.0507	0.1709	0.0839	0.0870	0.7839	0.5604	1.4440	1.1162	0.9095	51.0965	0.5140	0.0859	0.9296	0.6301	0.6456	0.5935	0.5153	0.6207	0.0151	0.8259	0.7173	0.9306
76	110	0.4386	8	1	0	1	0	0	0	0	0	N	N	N	N	N	N	N	N	N	N	N	N	0.0000	0.0000	0.0000	0.0000	0.0000	0.0000	0.0000	0.0000	0.0000	0.0000	0.0000	0.0000	0.0000	0.0000	0.0000	0.0001	0.0001	0.0000	0.0001	0.0001	0.0000	0.0000	0.0000	0.0000	0.0000	0.0000	-0.0000	4.4918	0.0001	17.5337	0.0001	0.0000	0.0000	0.0000	0.0000	0.0000	0.0000	0.0000	0.0000	0.0000	0.0000	0.0000	0.0000	0.0000	0.0000	0.0000	0.0000	0.0000	0.0000	0.0031	0.0024	0.0007	0.0015	0.0015	0.0000	0.0015	0.0009	0.0007	0.0002	0.0001	0.0001	0.0001	0.0001	0.0000	0.0001	0.0000	0.0001	0.0000	0.0000	0.0000	0.0000	0.0000	0.0000	0.0000	0.0000	0.0000	0.0001	0.0001	0.0000	0.0001	0.0001	0.0000	0.0000	0.0000	0.0000				
76	111	0.4247	7	1	0	1	0	0	0	0	0	N	N	N	N	N	N	N	N	N	N	N	N	0.8106	0.1148	13.8476	0.3062	0.1825	50.5994	2.0221	0.0547	12.2724	0.0014	0.0003	0.0105	0.0009	0.0006	0.0119	0.0017	0.0000	0.0104	0.0018	0.0022	0.0008	0.0031	0.0034	0.0002	0.0008	0.0008	0.0008	5.4111	0.1489	0.0000	-0.0001	4.4918	1.6718	17.5337	2.9223	0.0001	0.0000	0.0001	0.0000	0.0000	0.0000	0.0001	0.0000	0.0001	0.0003	0.0003	0.0000	0.0003	0.0003	0.0000	0.0001	0.0001	0.0000	0.0686	0.0608	0.0078	0.0224	0.0218	0.0006	0.0462	0.0390	0.0072	0.1995	0.1397	0.0598	0.0828	0.0742	0.0086	0.1167	0.0655	0.0513	0.8106	0.1148	13.8476	0.3062	0.1825	50.5994	2.0221	0.0547	12.2724	0.0018	0.0022	0.0008	0.0031	0.0034	0.0002	0.0008	0.0008	0.0008
76	112	0.3412	6	1	0	1	0	0	0	0	0	N	N	N	N	N	N	N	N	N	N	N	N	30.2641	61.5995	48.2607	30.0767	29.5564	19.0054	29.7837	381.5051	47.5633	1.2849	0.5474	5.4397	0.4942	0.5050	0.1768	1.6819	0.5734	5.8538	0.0425	0.0089	0.1127	0.0164	0.0171	0.0093	0.0565	0.0015	0.1231	1.7641	6.0608	0.1423	0.0131	4.4918	14.0283	17.5337	7.1084	0.7220	0.2612	0.4608	0.0928	0.0917	0.0011	0.6292	0.1695	0.4597	0.0326	0.0046	0.0280	0.0044	0.0042	0.0002	0.0282	0.0004	0.0278	0.5619	0.4772	0.0847	0.1878	0.1817	0.0062	0.3741	0.2955	0.0785	0.7685	0.5200	0.2485	0.2690	0.2464	0.0226	0.4995	0.2737	0.2258	30.2641	61.5995	48.2607	30.0767	29.5564	19.0054	29.7837	381.5051	47.5633	0.0425	0.0089	0.1127	0.0164	0.0171	0.0093	0.0565	0.0015	0.1231
76	113	0.2809	5	0	0	0	0	0	0	0	0	N	N	N	N	N	N	N	N	N	N	N	N	0.3930	0.3056	0.8357	0.7024	0.6336	0.0855	0.2528	0.0497	0.7213	0.1247	0.0801	0.3582	0.1830	0.1881	0.0007	0.0947	0.0097	0.3800	0.3174	0.2621	0.4286	0.2606	0.2969	0.0080	0.3745	0.1957	0.5268	0.8552	0.8142	0.0012	-0.0044	4.4918	8.6129	17.5337	5.1709	0.0622	0.0335	0.0287	0.0311	0.0311	0.0000	0.0311	0.0025	0.0287	0.4616	0.2544	0.2071	0.1898	0.1891	0.0007	0.2718	0.0653	0.2064	0.4985	0.4185	0.0800	0.1697	0.1651	0.0046	0.3288	0.2534	0.0754	1.4540	0.9708	0.4832	0.7283	0.6369	0.0914	0.7257	0.3339	0.3918	0.3930	0.3056	0.8357	0.7024	0.6336	0.0855	0.2528	0.0497	0.7213	0.3174	0.2621	0.4286	0.2606	0.2969	0.0080	0.3745	0.1957	0.5268
76	114	0.1858	4	0	0	0	0	0	0	0	0	N	N	N	N	N	N	N	N	N	N	N	N	0.7247	0.4949	2.3241	1.0915	1.0860	0.0199	0.6494	0.2454	2.4825	0.3669	0.2817	0.8852	0.7729	0.8082	0.0067	0.2331	0.0810	0.9589	0.5063	0.5691	0.3809	0.7081	0.7442	0.3385	0.3589	0.3302	0.3863	0.5168	0.3352	-0.0257	-0.2805	4.4918	16.8607	17.5337	22.7724	0.2561	0.1688	0.0872	0.1337	0.1336	0.0001	0.1224	0.0352	0.0872	1.3532	1.0135	0.3397	0.7988	0.7648	0.0340	0.5544	0.2487	0.3057	0.6979	0.5993	0.0985	0.1730	0.1654	0.0076	0.5249	0.4340	0.0909	2.6727	1.7807	0.8919	1.1280	1.0276	0.1004	1.5447	0.7532	0.7915	0.7247	0.4949	2.3241	1.0915	1.0860	0.0199	0.6494	0.2454	2.4825	0.5063	0.5691	0.3809	0.7081	0.7442	0.3385	0.3589	0.3302	0.3863
76	115	0.4839	7	1	0	1	0	0	0	0	0	N	N	N	N	N	N	N	N	N	N	N	N	0.0002	0.0002	0.0000	0.0013	0.0011	0.0000	0.0000	0.0000	0.0000	0.0002	0.0003	0.0000	0.0008	0.0009	0.0000	0.0000	0.0000	0.0000	1.1870	1.7095	0.0022	0.6163	0.7741	0.0005	2.1778	4.2106	0.0035	0.0000	0.0006	-0.0000	-0.3474	4.4918	1.0009	17.5337	4.0038	0.0000	0.0000	0.0000	0.0000	0.0000	0.0000	0.0000	0.0000	0.0000	0.7588	0.7583	0.0004	0.2500	0.2499	0.0000	0.5088	0.5084	0.0004	0.0408	0.0355	0.0053	0.0121	0.0116	0.0006	0.0287	0.0239	0.0047	0.6393	0.4436	0.1956	0.4056	0.3229	0.0828	0.2336	0.1207	0.1129	0.0002	0.0002	0.0000	0.0013	0.0011	0.0000	0.0000	0.0000	0.0000	1.1870	1.7095	0.0022	0.6163	0.7741	0.0005	2.1778	4.2106	0.0035
76	116	0.4556	6	1	0	1	0	0	0	0	0	N	N	N	N	N	N	N	N	N	N	N	N	0.0006	0.0006	0.0005	0.0019	0.0017	0.0015	0.0001	0.0001	0.0003	0.0008	0.0009	0.0007	0.0021	0.0021	0.0002	0.0002	0.0001	0.0008	1.4351	1.3930	1.5438	1.0605	1.2469	0.1039	1.9437	1.6879	2.2728	0.1206	0.4297	-0.0000	-0.1660	4.4918	1.8441	17.5337	10.4794	0.0001	0.0001	0.0000	0.0001	0.0001	0.0000	0.0000	0.0000	0.0000	1.0519	0.7357	0.3162	0.4476	0.4404	0.0072	0.6043	0.2953	0.3090	0.0882	0.0770	0.0111	0.0304	0.0292	0.0012	0.0577	0.0478	0.0099	0.7330	0.5282	0.2048	0.4221	0.3532	0.0688	0.3109	0.1749	0.1360	0.0006	0.0006	0.0005	0.0019	0.0017	0.0015	0.0001	0.0001	0.0003	1.4351	1.3930	1.5438	1.0605	1.2469	0.1039	1.9437	1.6879	2.2728
76	117	0.1676	4	0	1	0	1	0	0	0	0	N	N	N	N	N	N	N	N	N	N	N	N	1.0708	1.0742	0.5764	1.0111	0.8801	6.1668	1.0437	0.9538	0.3370	0.4562	0.5216	0.1771	0.3872	0.3510	1.3936	0.4851	0.6143	0.1076	0.4260	0.4856	0.3072	0.3830	0.3988	0.2260	0.4648	0.6441	0.3194	0.0796	0.3172	-0.0956	-0.2742	4.4918	10.5071	17.5337	20.2622	0.2603	0.2411	0.0192	0.0652	0.0571	0.0082	0.1950	0.1840	0.0110	1.2605	0.9569	0.3036	0.5368	0.5078	0.0290	0.7236	0.4491	0.2745	0.5705	0.4622	0.1083	0.1685	0.1626	0.0059	0.4020	0.2995	0.1025	2.9586	1.9706	0.9881	1.4018	1.2732	0.1285	1.5569	0.6973	0.8595	1.0708	1.0742	0.5764	1.0111	0.8801	6.1668	1.0437	0.9538	0.3370	0.4260	0.4856	0.3072	0.3830	0.3988	0.2260	0.4648	0.6441	0.3194
76	118	0.4037	5	0	1	0	1	0	0	0	0	N	N	N	N	N	N	N	N	N	N	N	N	0.9372	1.3057	0.0006	0.0352	0.0310	0.0747	0.7813	1.2300	0.0000	1.2141	1.4026	0.0011	0.0250	0.0255	0.0128	1.6246	1.9488	0.0000	1.2955	1.0742	1.8293	0.7096	0.8221	0.1721	2.0793	1.5844	2.6756	0.0001	0.7060	-0.0772	-0.0940	4.4918	4.0036	17.5337	26.5072	0.1750	0.1750	0.0000	0.0009	0.0009	0.0000	0.1741	0.1741	0.0000	2.1096	1.2366	0.8730	0.6612	0.6335	0.0278	1.4484	0.6031	0.8453	0.1441	0.1248	0.0194	0.0370	0.0354	0.0016	0.1072	0.0893	0.0178	1.6285	1.1512	0.4773	0.9319	0.7705	0.1613	0.6966	0.3807	0.3159	0.9372	1.3057	0.0006	0.0352	0.0310	0.0747	0.7813	1.2300	0.0000	1.2955	1.0742	1.8293	0.7096	0.8221	0.1721	2.0793	1.5844	2.6756
76	119	0.4422	6	0	1	0	0	0	0	0	0	N	N	N	N	N	N	N	N	N	N	N	N	0.0338	0.0159	1.1687	0.0462	0.0384	0.6584	0.0271	0.0000	1.1702	0.0042	0.0027	0.0156	0.0063	0.0063	0.0079	0.0028	0.0000	0.0165	0.1234	0.1672	0.0133	0.1366	0.1631	0.0120	0.1040	0.1761	0.0141	0.7787	0.0317	-0.0000	-0.0747	4.4918	3.8169	17.5337	21.2433	0.0008	0.0004	0.0003	0.0005	0.0004	0.0000	0.0003	0.0000	0.0003	0.1748	0.1694	0.0054	0.1149	0.1132	0.0018	0.0598	0.0562	0.0036	0.1882	0.1661	0.0221	0.0729	0.0706	0.0023	0.1153	0.0956	0.0198	1.4163	1.0134	0.4030	0.8411	0.6940	0.1471	0.5752	0.3193	0.2559	0.0338	0.0159	1.1687	0.0462	0.0384	0.6584	0.0271	0.0000	1.1702	0.1234	0.1672	0.0133	0.1366	0.1631	0.0120	0.1040	0.1761	0.0141
76	120	0.0543	2	0	1	0	0	0	0	0	0	N	N	N	N	N	N	N	N	N	N	N	N	0.5966	0.4596	1.0107	0.7035	0.6727	1.6404	0.5830	0.0007	0.9835	0.5111	0.4676	0.6055	0.9164	0.9186	0.6628	0.2917	0.0002	0.6049	0.8567	1.0173	0.5991	1.3026	1.3656	0.4040	0.5003	0.2974	0.6151	0.5976	0.3671	-0.0489	-0.9668	4.4918	16.3276	17.5337	34.9199	0.7297	0.4567	0.2729	0.4595	0.4566	0.0029	0.2701	0.0001	0.2700	5.0922	3.7249	1.3673	3.4397	3.3698	0.0699	1.6524	0.3551	1.2973	1.4276	0.9768	0.4508	0.5015	0.4971	0.0044	0.9261	0.4797	0.4464	5.9438	3.6615	2.2823	2.6406	2.4676	0.1730	3.3032	1.1939	2.1093	0.5966	0.4596	1.0107	0.7035	0.6727	1.6404	0.5830	0.0007	0.9835	0.8567	1.0173	0.5991	1.3026	1.3656	0.4040	0.5003	0.2974	0.6151
76	123	0.4777	7	0	1	0	0	0	0	0	0	N	N	N	N	N	N	N	N	N	N	N	N	2.0417	0.8577	113.8559	3.8544	3.4501	2.4075	1.2434	0.0001	165.5053	0.7866	0.4480	3.0803	1.2959	1.3552	0.0941	0.5660	0.0001	3.4514	0.3853	0.5224	0.0271	0.3362	0.3928	0.0391	0.4552	0.8009	0.0209	1.0150	0.0198	0.0076	-0.2004	4.4918	4.0019	17.5337	19.5615	0.1210	0.0600	0.0609	0.0602	0.0600	0.0002	0.0607	0.0000	0.0607	0.4565	0.4476	0.0089	0.2341	0.2297	0.0044	0.2224	0.2179	0.0045	0.1538	0.1340	0.0198	0.0465	0.0443	0.0022	0.1073	0.0897	0.0176	1.1848	0.8569	0.3279	0.6963	0.5849	0.1114	0.4885	0.2720	0.2165	2.0417	0.8577	113.8559	3.8544	3.4501	2.4075	1.2434	0.0001	165.5053	0.3853	0.5224	0.0271	0.3362	0.3928	0.0391	0.4552	0.8009	0.0209
76	124	0.4556	6	0	0	0	0	0	0	0	0	N	N	N	N	N	N	N	N	N	N	N	N	0.0203	0.0923	0.0002	0.1898	0.2021	0.0010	0.0000	0.0000	0.0001	0.0120	0.0137	0.0003	0.0330	0.0342	0.0002	0.0001	0.0000	0.0003	0.5936	0.1487	1.7438	0.1737	0.1694	0.1948	1.1784	0.1061	2.5717	0.0029	4.5363	-0.0003	0.1280	4.4918	1.2223	17.5337	8.2281	0.0008	0.0008	0.0000	0.0008	0.0008	0.0000	0.0000	0.0000	0.0000	0.3544	0.0640	0.2904	0.0604	0.0491	0.0113	0.2941	0.0150	0.2791	0.0644	0.0563	0.0081	0.0234	0.0226	0.0009	0.0409	0.0337	0.0072	0.5971	0.4305	0.1666	0.3475	0.2895	0.0580	0.2496	0.1410	0.1085	0.0203	0.0923	0.0002	0.1898	0.2021	0.0010	0.0000	0.0000	0.0001	0.5936	0.1487	1.7438	0.1737	0.1694	0.1948	1.1784	0.1061	2.5717
76	125	0.4037	5	0	0	0	0	0	0	0	0	N	N	N	N	N	N	N	N	N	N	N	N	0.0329	0.0276	0.0246	0.1096	0.0936	0.2201	0.0012	0.0004	0.0152	0.0150	0.0171	0.0018	0.0574	0.0597	0.0043	0.0004	0.0002	0.0016	0.4575	0.6199	0.0728	0.5235	0.6378	0.0196	0.3640	0.5819	0.1034	0.0162	0.0495	-0.0014	-0.2101	4.4918	5.9920	17.5337	12.2976	0.0032	0.0032	0.0001	0.0032	0.0031	0.0000	0.0001	0.0000	0.0000	0.5110	0.4868	0.0241	0.3428	0.3404	0.0024	0.1681	0.1464	0.0217	0.2142	0.1854	0.0287	0.0549	0.0526	0.0023	0.1593	0.1329	0.0264	1.1167	0.7854	0.3313	0.6548	0.5338	0.1210	0.4619	0.2516	0.2103	0.0329	0.0276	0.0246	0.1096	0.0936	0.2201	0.0012	0.0004	0.0152	0.4575	0.6199	0.0728	0.5235	0.6378	0.0196	0.3640	0.5819	0.1034
76	126	0.4409	7	0	1	0	0	0	0	0	0	N	N	N	N	N	N	N	N	N	N	N	N	1.4405	3.3198	0.0746	2.6794	3.3790	0.0406	0.8812	28.8311	0.0732	1.4621	1.6862	0.1681	2.3404	2.4685	0.0690	1.0547	1.2615	0.1810	1.0150	0.5079	2.2523	0.8735	0.7305	1.6987	1.1970	0.0438	2.4736	0.0173	1.8174	-0.1287	0.2607	4.4918	5.0407	17.5337	17.1705	0.3034	0.2982	0.0052	0.1539	0.1536	0.0002	0.1495	0.1446	0.0049	1.3967	0.4957	0.9009	0.6760	0.4819	0.1941	0.7207	0.0138	0.7068	0.2075	0.1769	0.0306	0.0657	0.0622	0.0035	0.1417	0.1146	0.0271	1.3760	0.9760	0.4000	0.7739	0.6596	0.1143	0.6021	0.3163	0.2858	1.4405	3.3198	0.0746	2.6794	3.3790	0.0406	0.8812	28.8311	0.0732	1.0150	0.5079	2.2523	0.8735	0.7305	1.6987	1.1970	0.0438	2.4736
76	127	0.4249	6	0	1	0	0	0	0	0	0	N	N	N	N	N	N	N	N	N	N	N	N	25.9086	0.2210	135.1469	0.5972	0.4908	11.7450	30.6261	0.0538	102.8313	10.8048	0.0877	62.8553	0.2055	0.1985	0.3443	16.0069	0.0204	69.2419	0.4170	0.3970	0.4651	0.3441	0.4044	0.0293	0.5227	0.3796	0.6734	147.5291	0.4878	0.5522	-0.0405	4.4918	1.9703	17.5337	6.2034	1.0001	0.0067	0.9933	0.0063	0.0058	0.0005	0.9938	0.0010	0.9928	0.3107	0.2088	0.1019	0.1516	0.1496	0.0021	0.1590	0.0592	0.0998	0.0926	0.0768	0.0158	0.0305	0.0290	0.0015	0.0621	0.0477	0.0143	0.7450	0.5260	0.2190	0.4407	0.3699	0.0708	0.3043	0.1561	0.1482	25.9086	0.2210	135.1469	0.5972	0.4908	11.7450	30.6261	0.0538	102.8313	0.4170	0.3970	0.4651	0.3441	0.4044	0.0293	0.5227	0.3796	0.6734
76	128	0.4037	5	0	0	0	0	0	0	0	0	N	N	N	N	N	N	N	N	N	N	N	N	0.1140	0.0511	1.1770	0.1280	0.1063	0.2629	0.3182	1.4797	0.7677	0.1658	0.0950	0.6169	0.2718	0.2833	0.0088	0.1288	0.0196	0.6696	1.4546	1.8597	0.5242	2.1234	2.6657	0.0333	0.4049	0.0132	0.8721	1.0173	0.1227	0.0004	-0.3480	4.4918	1.1032	17.5337	7.8190	0.0067	0.0033	0.0034	0.0028	0.0028	0.0000	0.0039	0.0005	0.0034	0.9971	0.8881	0.1090	0.8891	0.8862	0.0029	0.1080	0.0019	0.1061	0.0406	0.0351	0.0055	0.0105	0.0100	0.0004	0.0301	0.0250	0.0051	0.6855	0.4776	0.2079	0.4187	0.3324	0.0863	0.2668	0.1451	0.1217	0.1140	0.0511	1.1770	0.1280	0.1063	0.2629	0.3182	1.4797	0.7677	1.4546	1.8597	0.5242	2.1234	2.6657	0.0333	0.4049	0.0132	0.8721
76	129	0.1193	3	0	1	0	0	0	0	0	0	N	N	N	N	N	N	N	N	N	N	N	N	0.0004	0.0006	0.0000	0.0006	0.0007	0.0000	0.0000	0.0000	0.0000	0.0000	0.0000	0.0000	0.0000	0.0000	0.0000	0.0000	0.0000	0.0000	0.0302	0.0264	0.0360	0.0302	0.0321	0.0015	0.0302	0.0034	0.0391	0.0105	0.8808	-0.0000	0.0004	4.4918	1.0033	17.5337	0.8635	0.0000	0.0000	0.0000	0.0000	0.0000	0.0000	0.0000	0.0000	0.0000	0.0408	0.0217	0.0191	0.0212	0.0211	0.0001	0.0196	0.0006	0.0190	0.6848	0.4860	0.1988	0.4362	0.3439	0.0924	0.2486	0.1421	0.1064	1.3500	0.8198	0.5302	0.7010	0.6578	0.0432	0.6489	0.1620	0.4870	0.0004	0.0006	0.0000	0.0006	0.0007	0.0000	0.0000	0.0000	0.0000	0.0302	0.0264	0.0360	0.0302	0.0321	0.0015	0.0302	0.0034	0.0391
76	130	0.0900	2	0	0	0	0	0	0	0	0	N	N	N	N	N	N	N	N	N	N	N	N	1.4960	1.8211	0.9723	1.3527	1.3408	1.5437	1.7112	7.9528	0.9124	0.4003	0.4708	0.2739	0.4269	0.4293	0.3997	0.3769	0.5552	0.2592	0.2676	0.2585	0.2817	0.3156	0.3202	0.2589	0.2203	0.0698	0.2841	0.3244	0.6989	-0.0813	-0.0484	4.4918	5.5514	17.5337	9.9598	0.4144	0.3129	0.1015	0.2067	0.1912	0.0155	0.2076	0.1217	0.0860	1.0296	0.6060	0.4235	0.6026	0.5657	0.0369	0.4269	0.0403	0.3866	1.0351	0.6645	0.3706	0.4842	0.4454	0.0388	0.5509	0.2192	0.3318	3.8477	2.3441	1.5036	1.9094	1.7669	0.1425	1.9383	0.5772	1.3611	1.4960	1.8211	0.9723	1.3527	1.3408	1.5437	1.7112	7.9528	0.9124	0.2676	0.2585	0.2817	0.3156	0.3202	0.2589	0.2203	0.0698	0.2841
76	132	0.5007	9	1	1	0	1	0	0	0	0	N	N	N	N	N	N	N	N	N	N	N	N	13.5188	0.0000	332.7202	30.1785	0.0000	69956.6722	0.0000	0.0000	0.0000	0.0153	0.0000	0.1171	0.0528	0.0000	1.1241	0.0000	0.0000	0.0000	0.0011	0.0015	0.0004	0.0017	0.0021	0.0000	0.0004	0.0002	0.0005	inf	0.1024	0.0003	-0.0001	4.4918	1.0000	17.5337	3.0001	0.0006	0.0000	0.0006	0.0006	0.0000	0.0006	0.0000	0.0000	0.0000	0.0002	0.0002	0.0000	0.0002	0.0002	0.0000	0.0000	0.0000	0.0000	0.0385	0.0335	0.0050	0.0112	0.0107	0.0005	0.0273	0.0228	0.0045	0.1948	0.1365	0.0582	0.1089	0.0908	0.0181	0.0858	0.0457	0.0401	13.5188	0.0000	332.7202	30.1785	0.0000	69956.6722	0.0000	0.0000	0.0000	0.0011	0.0015	0.0004	0.0017	0.0021	0.0000	0.0004	0.0002	0.0005
76	133	0.3327	9	1	1	0	1	0	0	0	0	N	N	N	N	N	N	N	N	N	N	N	N	0.0074	0.0000	0.0626	0.0127	0.0001	0.3135	0.0000	0.0000	0.0000	0.0334	0.0002	0.2649	0.0805	0.0004	0.8055	0.0000	0.0000	0.0000	4.4929	4.0711	4.2321	6.3451	5.7590	2.5691	3.1551	1.8107	4.5737	243.5944	0.4942	0.0000	-0.0590	4.4918	0.0006	17.5337	1.9797	0.0000	0.0000	0.0000	0.0000	0.0000	0.0000	0.0000	0.0000	0.0000	0.4626	0.3096	0.1530	0.2681	0.2523	0.0158	0.1945	0.0573	0.1372	0.0000	0.0000	0.0000	0.0000	0.0000	0.0000	0.0000	0.0000	0.0000	0.1122	0.0760	0.0362	0.0506	0.0444	0.0062	0.0616	0.0316	0.0300	0.0081	0.0000	0.0626	0.0152	0.0001	0.3135	0.0000	0.0000	0.0000	4.1229	4.0711	4.2321	5.3031	5.6825	2.5691	3.1551	1.8107	4.5737
76	134	0.3160	8	1	1	0	1	0	0	0	0	N	N	N	N	N	N	N	N	N	N	N	N	0.0006	0.0006	0.0003	0.0011	0.0012	0.0000	0.0001	0.0000	0.0004	0.0000	0.0000	0.0000	0.0001	0.0001	0.0000	0.0000	0.0000	0.0000	0.0318	0.0288	0.0385	0.0456	0.0441	0.0567	0.0217	0.0114	0.0348	0.1151	0.5981	-0.0000	-0.0010	4.4918	2.0077	17.5337	6.0321	0.0000	0.0000	0.0000	0.0000	0.0000	0.0000	0.0000	0.0000	0.0000	0.0115	0.0072	0.0043	0.0069	0.0059	0.0011	0.0046	0.0013	0.0032	0.0808	0.0699	0.0108	0.0246	0.0235	0.0011	0.0562	0.0464	0.0098	0.3616	0.2498	0.1117	0.1519	0.1330	0.0189	0.2097	0.1168	0.0928	0.0006	0.0006	0.0003	0.0011	0.0012	0.0000	0.0001	0.0000	0.0004	0.0318	0.0288	0.0385	0.0456	0.0441	0.0567	0.0217	0.0114	0.0348
76	135	0.3112	8	0	1	0	1	0	0	0	0	N	N	N	N	N	N	N	N	N	N	N	N	0.0026	0.0010	0.0273	0.0021	0.0017	0.0489	0.0083	0.0000	0.0223	0.0004	0.0002	0.0017	0.0006	0.0006	0.0008	0.0003	0.0000	0.0018	0.1573	0.1968	0.0628	0.2818	0.3370	0.0164	0.0384	0.0082	0.0812	1.3338	0.1335	0.0000	-0.0424	4.4918	3.0348	17.5337	9.3583	0.0000	0.0000	0.0000	0.0000	0.0000	0.0000	0.0000	0.0000	0.0000	0.1244	0.1097	0.0146	0.1089	0.1078	0.0011	0.0155	0.0020	0.0136	0.1226	0.1061	0.0164	0.0381	0.0365	0.0016	0.0845	0.0696	0.0148	0.7908	0.5575	0.2334	0.3862	0.3198	0.0664	0.4046	0.2377	0.1670	0.0026	0.0010	0.0273	0.0021	0.0017	0.0489	0.0083	0.0000	0.0223	0.1573	0.1968	0.0628	0.2818	0.3370	0.0164	0.0384	0.0082	0.0812
76	136	0.2969	7	0	0	0	1	0	0	0	0	N	N	N	N	N	N	N	N	N	N	N	N	0.0045	0.0050	0.0058	0.0073	0.0069	0.0349	0.0024	0.0038	0.0054	0.0081	0.0066	0.0166	0.0171	0.0175	0.0058	0.0035	0.0000	0.0175	1.8052	1.3277	2.8662	2.3257	2.5489	0.1663	1.4642	0.0039	3.2324	0.4214	0.9715	-0.0000	0.0191	4.4918	0.0433	17.5337	6.6805	0.0000	0.0000	0.0000	0.0000	0.0000	0.0000	0.0000	0.0000	0.0000	0.5549	0.2815	0.2735	0.2830	0.2811	0.0019	0.2720	0.0004	0.2716	0.0020	0.0017	0.0003	0.0007	0.0007	0.0000	0.0014	0.0011	0.0003	0.3074	0.2120	0.0954	0.1217	0.1103	0.0114	0.1857	0.1017	0.0840	0.0045	0.0050	0.0058	0.0073	0.0069	0.0349	0.0024	0.0038	0.0054	1.8052	1.3277	2.8662	2.3257	2.5489	0.1663	1.4642	0.0039	3.2324
76	137	0.5303	11	0	1	0	1	0	0	0	0	N	N	N	N	N	N	N	N	N	N	N	N	0.0000	0.0000	0.0000	0.0000	0.0000	0.0000	0.0000	0.0000	0.0000	0.0000	0.0000	0.0000	0.0000	0.0000	0.0000	0.0000	0.0000	0.0000	0.0000	0.0000	4.4918	0.0000	17.5337	0.0000	0.0000	0.0000	0.0000	0.0000	0.0000	0.0000	0.0000	0.0000	0.0000	0.0000	0.0000	0.0000	0.0000	0.0000	0.0000	0.0000	0.0000	0.0000	0.0000	0.0000	0.0000	0.0000	0.0000	0.0000	0.0000	0.0000	0.0000	0.0000	0.0000	0.0000	0.0000	0.0000	0.0000	0.0000	0.0000	0.0000	0.0000	0.0000	0.0000	0.0000	0.0000	0.0000	0.0000	0.0000	0.0000	0.0000	0.0000	0.0000	0.0000	0.0000	0.0000	0.0000	0.0000	0.0000											
76	138	0.5252	10	0	1	0	1	0	0	0	0	N	N	N	N	N	N	N	N	N	N	N	N	0.0000	0.0000	0.0000	0.0000	0.0000	0.0000	0.0000	0.0000	0.0000	0.0000	0.0000	0.0000	0.0000	0.0000	0.0000	0.0000	0.0016	0.0005	0.0040	0.0007	0.0008	0.0000	0.0027	0.0000	0.0057	3.2915	0.0000	0.0000	4.4918	0.0021	17.5337	2.0000	0.0000	0.0000	0.0000	0.0000	0.0000	0.0000	0.0000	0.0000	0.0000	0.0002	0.0000	0.0001	0.0000	0.0000	0.0000	0.0001	0.0000	0.0001	0.0002	0.0002	0.0000	0.0001	0.0001	0.0000	0.0001	0.0001	0.0000	0.0980	0.0687	0.0293	0.0544	0.0457	0.0087	0.0436	0.0230	0.0206	0.0000	0.0000	0.0000	0.0000	0.0000	0.0000	0.0000	0.0000	0.0000	0.0016	0.0005	0.0040	0.0007	0.0008	0.0000	0.0027	0.0000	0.0057			
76	139	0.5150	9	0	0	0	1	0	0	0	0	N	N	N	N	N	N	N	N	N	N	N	N	0.0000	0.0000	0.0000	0.0000	0.0000	0.0000	0.0000	0.0000	0.0000	0.0000	0.0000	0.0000	0.0000	0.0000	0.0000	0.0000	0.0000	0.0000	1.7870	0.5936	4.5911	0.7608	0.9058	0.0001	3.0278	0.0000	6.4981	3.2913	0.0000	0.1091	4.4918	1.0020	17.5337	3.0181	0.0000	0.0000	0.0000	0.0000	0.0000	0.0000	0.0000	0.0000	0.0000	0.3535	0.0824	0.2712	0.0824	0.0824	0.0000	0.2712	0.0000	0.2712	0.0386	0.0335	0.0051	0.0111	0.0106	0.0005	0.0275	0.0229	0.0045	0.1978	0.1388	0.0591	0.1083	0.0910	0.0173	0.0896	0.0478	0.0417	0.0000	0.0000	0.0000	0.0000	0.0000	0.0000	0.0000	0.0000	0.0000	1.7870	0.5936	4.5911	0.7608	0.9058	0.0001	3.0278	0.0000	6.4981	
76	140	0.5007	9	0	1	0	0	0	0	0	0	N	N	N	N	N	N	N	N	N	N	N	N	0.0000	0.0000	0.0000	0.0000	0.0000	0.0000	0.0000	0.0000	0.0000	0.0000	0.0000	0.0000	0.0000	0.0000	0.0000	0.0000	0.0000	0.0004	0.0005	0.0000	0.0006	0.0008	0.0000	0.0000	0.0000	0.0000	0.0071	0.0000	-0.0000	4.4918	0.0000	17.5337	4.0001	0.0000	0.0000	0.0000	0.0000	0.0000	0.0000	0.0000	0.0000	0.0000	0.0001	0.0001	0.0000	0.0001	0.0001	0.0000	0.0000	0.0000	0.0000	0.0000	0.0000	0.0000	0.0000	0.0000	0.0000	0.0000	0.0000	0.0000	0.1948	0.1365	0.0582	0.1089	0.0908	0.0181	0.0858	0.0457	0.0401	0.0000	0.0000	0.0000	0.0000	0.0000	0.0000	0.0000	0.0000	0.0000	0.0004	0.0005	0.0000	0.0006	0.0008	0.0000	0.0000	0.0000	0.0000		
76	141	0.3114	7	0	1	0	0	0	0	0	0	N	N	N	N	N	N	N	N	N	N	N	N	0.0238	0.0184	0.1264	0.0209	0.0192	0.0000	0.0610	0.0415	0.1478	0.0004	0.0004	0.0002	0.0007	0.0007	0.0000	0.0003	0.0003	0.0002	0.0161	0.0228	0.0012	0.0326	0.0370	0.0015	0.0042	0.0066	0.0012	0.0579	0.0243	-0.0000	-0.0019	4.4918	1.0003	17.5337	5.0186	0.0000	0.0000	0.0000	0.0000	0.0000	0.0000	0.0000	0.0000	0.0000	0.0045	0.0044	0.0001	0.0038	0.0038	0.0000	0.0007	0.0006	0.0001	0.0404	0.0349	0.0054	0.0123	0.0117	0.0005	0.0281	0.0232	0.0049	0.2767	0.1914	0.0853	0.1164	0.1020	0.0144	0.1603	0.0894	0.0709	0.0238	0.0184	0.1264	0.0209	0.0192	0.0000	0.0610	0.0415	0.1478	0.0161	0.0228	0.0012	0.0326	0.0370	0.0015	0.0042	0.0066	0.0012
76	142	0.5150	9	0	0	1	1	0	0	0	0	N	N	N	N	N	N	N	N	N	N	N	N	0.0000	0.0000	0.0000	0.0000	0.0000	0.0000	0.0000	0.0000	0.0000	0.0000	0.0000	0.0000	0.0000	0.0000	0.0000	0.0000	0.0000	0.0000	2.3363	3.2850	0.1000	0.1750	0.1993	0.0476	4.9384	9.1020	0.1218	0.0129	0.0000	-0.4503	4.4918	0.0001	17.5337	9.0026	0.0000	0.0000	0.0000	0.0000	0.0000	0.0000	0.0000	0.0000	0.0000	1.0104	0.9975	0.0129	0.0414	0.0396	0.0018	0.9691	0.9580	0.0111	0.0000	0.0000	0.0000	0.0000	0.0000	0.0000	0.0000	0.0000	0.0000	0.4325	0.3037	0.1288	0.2363	0.1984	0.0378	0.1962	0.1053	0.0910	0.0000	0.0000	0.0000	0.0000	0.0000	0.0000	0.0000	0.0000	0.0000	2.3363	3.2850	0.1000	0.1750	0.1993	0.0476	4.9384	9.1020	0.1218	
76	143	0.2969	7	0	0	1	1	0	0	0	0	N	N	N	N	N	N	N	N	N	N	N	N	0.0209	0.0006	0.1039	0.0014	0.0010	0.2585	0.0338	0.0000	0.1012	0.0222	0.0005	0.1637	0.0018	0.0014	0.0095	0.0312	0.0000	0.1808	1.0628	0.8320	1.5755	1.2752	1.4040	0.0367	0.9239	0.2137	1.7855	52.0082	0.8523	0.0010	0.0008	4.4918	2.0061	17.5337	8.0425	0.0018	0.0000	0.0017	0.0000	0.0000	0.0000	0.0017	0.0000	0.0017	0.4806	0.2595	0.2211	0.2281	0.2274	0.0006	0.2525	0.0320	0.2205	0.0795	0.0689	0.0106	0.0243	0.0232	0.0011	0.0552	0.0456	0.0095	0.4522	0.3118	0.1404	0.1788	0.1620	0.0169	0.2733	0.1498	0.1235	0.0209	0.0006	0.1039	0.0014	0.0010	0.2585	0.0338	0.0000	0.1012	1.0628	0.8320	1.5755	1.2752	1.4040	0.0367	0.9239	0.2137	1.7855
76	144	0.2878	6	0	0	0	1	0	0	0	0	N	N	N	N	N	N	N	N	N	N	N	N	221.6316	118.3867	898.2508	165.1069	195.1032	0.0979	629.8481	0.4336	2111.9601	2.1066	1.1568	7.9648	3.1983	3.3256	0.0044	1.6134	0.0006	8.7090	0.0095	0.0098	0.0089	0.0194	0.0170	0.0454	0.0026	0.0013	0.0041	1.1163	0.3792	0.0154	-0.0004	4.4918	1.9550	17.5337	2.1189	0.1785	0.0843	0.0941	0.0843	0.0843	0.0000	0.0942	0.0000	0.0941	0.0022	0.0016	0.0006	0.0018	0.0015	0.0003	0.0003	0.0001	0.0002	0.0847	0.0729	0.0118	0.0264	0.0253	0.0010	0.0584	0.0475	0.0108	0.2265	0.1598	0.0668	0.0936	0.0859	0.0077	0.1330	0.0739	0.0591	221.6316	118.3867	898.2508	165.1069	195.1032	0.0979	629.8481	0.4336	2111.9601	0.0095	0.0098	0.0089	0.0194	0.0170	0.0454	0.0026	0.0013	0.0041
76	145	0.2878	6	0	0	1	1	0	0	0	0	N	N	N	N	N	N	N	N	N	N	N	N	0.2250	1.2754	0.0372	0.1784	0.1760	0.0104	0.2081	15.6594	0.0360	0.0605	0.0658	0.0282	0.0159	0.0165	0.0004	0.0806	0.0918	0.0308	0.2690	0.0516	0.7582	0.0891	0.0938	0.0429	0.3872	0.0059	0.8553	0.0692	6.5356	-0.0021	0.1027	4.4918	2.1261	17.5337	18.6477	0.0055	0.0052	0.0004	0.0005	0.0005	0.0000	0.0051	0.0047	0.0004	0.2512	0.0333	0.2179	0.0330	0.0315	0.0015	0.2182	0.0018	0.2164	0.0915	0.0788	0.0127	0.0283	0.0273	0.0011	0.0631	0.0515	0.0116	0.9339	0.6465	0.2874	0.3702	0.3358	0.0344	0.5637	0.3106	0.2530	0.2250	1.2754	0.0372	0.1784	0.1760	0.0104	0.2081	15.6594	0.0360	0.2690	0.0516	0.7582	0.0891	0.0938	0.0429	0.3872	0.0059	0.8553
76	146	0.5150	9	0	0	1	1	0	0	0	0	N	N	N	N	N	N	N	N	N	N	N	N	6.1990	24.7205	0.0000	26.0330	22.9557	0.0000	2.7394	1243.1699	0.0000	0.1658	0.1909	0.0000	0.2570	0.2696	0.0000	0.1290	0.1545	0.0000	0.0268	0.0077	0.0716	0.0099	0.0117	0.0001	0.0471	0.0001	0.1014	0.0000	3.9359	-0.0056	0.0035	4.4918	2.0001	17.5337	5.9880	0.0127	0.0127	0.0000	0.0057	0.0057	0.0000	0.0070	0.0070	0.0000	0.0103	0.0021	0.0082	0.0021	0.0021	0.0000	0.0082	0.0000	0.0082	0.0767	0.0667	0.0101	0.0221	0.0210	0.0010	0.0546	0.0456	0.0090	0.3855	0.2706	0.1149	0.2107	0.1769	0.0337	0.1748	0.0937	0.0811	6.1990	24.7205	0.0000	26.0330	22.9557	0.0000	2.7394	1243.1699	0.0000	0.0268	0.0077	0.0716	0.0099	0.0117	0.0001	0.0471	0.0001	0.1014
76	147	0.5150	9	0	0	1	1	0	0	0	0	N	N	N	N	N	N	N	N	N	N	N	N	1.0099	0.1708	4.3865	0.3993	0.4188	0.0920	1.2482	0.0000	4.3023	1.8961	0.2431	12.9777	0.7452	0.7727	0.1823	2.3598	0.0000	14.4466	1.8775	1.4235	2.9585	1.8663	1.8449	1.9801	1.8906	0.6539	3.3579	7.9614	0.8728	0.2840	0.0201	4.4918	9.0001	17.5337	23.0169	0.6350	0.0709	0.5641	0.0717	0.0709	0.0008	0.5633	0.0000	0.5633	2.6311	1.4050	1.2262	1.4145	1.1766	0.2379	1.2166	0.2283	0.9883	0.3349	0.2914	0.0435	0.0962	0.0917	0.0045	0.2387	0.1997	0.0390	1.4014	0.9870	0.4145	0.7579	0.6378	0.1201	0.6435	0.3492	0.2943	1.0099	0.1708	4.3865	0.3993	0.4188	0.0920	1.2482	0.0000	4.3023	1.8775	1.4235	2.9585	1.8663	1.8449	1.9801	1.8906	0.6539	3.3579
76	148	0.4897	8	0	0	0	1	0	0	0	0	N	N	N	N	N	N	N	N	N	N	N	N	0.0422	0.0198	0.4438	0.0471	0.0433	0.0000	0.1296	0.0001	0.6050	0.0007	0.0004	0.0027	0.0013	0.0014	0.0000	0.0005	0.0000	0.0030	0.0176	0.0225	0.0061	0.0282	0.0322	0.0085	0.0039	0.0029	0.0050	0.9190	0.1151	0.0000	-0.0032	4.4918	1.9990	17.5337	7.9526	0.0001	0.0000	0.0000	0.0000	0.0000	0.0000	0.0000	0.0000	0.0000	0.0089	0.0080	0.0009	0.0080	0.0076	0.0004	0.0009	0.0003	0.0005	0.0771	0.0670	0.0101	0.0225	0.0214	0.0010	0.0547	0.0456	0.0091	0.5053	0.3549	0.1504	0.2855	0.2373	0.0482	0.2198	0.1176	0.1022	0.0422	0.0198	0.4438	0.0471	0.0433	0.0000	0.1296	0.0001	0.6050	0.0176	0.0225	0.0061	0.0282	0.0322	0.0085	0.0039	0.0029	0.0050
76	149	0.4578	7	1	1	0	0	0	0	0	0	N	N	N	N	N	N	N	N	N	N	N	N	0.0869	0.0712	0.1868	0.3200	0.1475	119.6086	0.0005	0.0042	0.0001	0.1448	0.0897	0.4959	0.4666	0.2592	5.6348	0.0010	0.0011	0.0005	1.6666	1.2606	2.6540	1.4581	1.7568	0.0471	1.9462	0.2665	4.0177	0.8662	0.8657	0.0008	0.0114	4.4918	5.3497	17.5337	17.2225	0.0336	0.0180	0.0156	0.0334	0.0179	0.0156	0.0002	0.0001	0.0000	2.0235	1.0845	0.9389	1.0139	1.0082	0.0057	1.0095	0.0764	0.9332	0.2321	0.2007	0.0315	0.0717	0.0689	0.0028	0.1605	0.1318	0.0287	1.2141	0.8603	0.3538	0.6954	0.5739	0.1215	0.5187	0.2865	0.2323	0.0869	0.0712	0.1868	0.3200	0.1475	119.6086	0.0005	0.0042	0.0001	1.6666	1.2606	2.6540	1.4581	1.7568	0.0471	1.9462	0.2665	4.0177
76	150	0.4886	8	0	1	0	0	0	0	0	0	N	N	N	N	N	N	N	N	N	N	N	N	0.0324	0.0039	0.3431	0.0356	0.0191	0.2679	0.0235	0.0007	1.0515	0.0156	0.0021	0.1044	0.0097	0.0038	0.1563	0.0192	0.0010	0.0979	0.4814	0.5500	0.3044	0.2724	0.1967	0.5834	0.8154	1.3227	0.0931	7.4462	0.2144	0.0014	-0.2023	4.4918	3.6794	17.5337	17.4287	0.0031	0.0004	0.0028	0.0007	0.0003	0.0005	0.0024	0.0001	0.0023	0.7178	0.5911	0.1267	0.2497	0.1451	0.1046	0.4681	0.4460	0.0221	0.2013	0.1748	0.0266	0.0758	0.0728	0.0030	0.1256	0.1020	0.0236	1.4910	1.0748	0.4162	0.9170	0.7376	0.1794	0.5741	0.3372	0.2369	0.0324	0.0039	0.3431	0.0356	0.0191	0.2679	0.0235	0.0007	1.0515	0.4814	0.5500	0.3044	0.2724	0.1967	0.5834	0.8154	1.3227	0.0931
76	151	0.4578	7	0	1	0	0	0	0	0	0	N	N	N	N	N	N	N	N	N	N	N	N	1.9047	1.8902	0.2773	0.3172	0.3905	0.3444	1.6259	1.2272	0.4023	1.1093	1.2697	0.0994	0.0930	0.0887	0.2096	1.6011	1.9471	0.0892	0.5824	0.6717	0.3584	0.2932	0.2272	0.6085	0.9848	1.5866	0.2217	0.0124	0.2129	-0.0776	-0.1367	4.4918	3.4464	17.5337	10.1316	0.1809	0.1786	0.0022	0.0049	0.0045	0.0004	0.1759	0.1741	0.0018	0.4832	0.3984	0.0848	0.1416	0.0907	0.0509	0.3416	0.3077	0.0339	0.1630	0.1407	0.0224	0.0532	0.0513	0.0019	0.1099	0.0894	0.0205	0.8296	0.5930	0.2366	0.4827	0.3991	0.0836	0.3469	0.1939	0.1530	1.9047	1.8902	0.2773	0.3172	0.3905	0.3444	1.6259	1.2272	0.4023	0.5824	0.6717	0.3584	0.2932	0.2272	0.6085	0.9848	1.5866	0.2217
76	152	0.3182	9	1	1	0	0	0	0	0	0	N	N	N	N	N	N	N	N	N	N	N	N	0.0001	0.0000	0.0004	0.0000	0.0000	0.1140	0.0001	0.0000	0.0004	0.0003	0.0000	0.0019	0.0001	0.0000	0.0009	0.0004	0.0000	0.0020	2.2894	1.3311	4.4401	1.3012	1.4850	0.0078	3.0070	1.1557	5.3470	37.8673	1.4863	0.0000	0.1836	4.4918	1.0143	17.5337	12.0086	0.0000	0.0000	0.0000	0.0000	0.0000	0.0000	0.0000	0.0000	0.0000	1.3169	0.5297	0.7872	0.3149	0.3147	0.0002	1.0020	0.2150	0.7870	0.0414	0.0358	0.0056	0.0128	0.0122	0.0005	0.0287	0.0236	0.0050	0.5752	0.3979	0.1773	0.2420	0.2119	0.0301	0.3332	0.1860	0.1472	0.0001	0.0000	0.0004	0.0000	0.0000	0.1140	0.0001	0.0000	0.0004	2.2894	1.3311	4.4401	1.3012	1.4850	0.0078	3.0070	1.1557	5.3470
76	153	0.3160	8	1	1	0	0	0	0	0	0	N	N	N	N	N	N	N	N	N	N	N	N	0.0521	0.1013	0.0001	0.2274	0.2093	0.0000	0.0000	0.0000	0.0001	0.0008	0.0009	0.0000	0.0025	0.0026	0.0000	0.0000	0.0000	0.0000	0.0146	0.0087	0.0279	0.0110	0.0125	0.0005	0.0173	0.0044	0.0335	0.0007	1.4368	-0.0000	0.0001	4.4918	0.9811	17.5337	0.0216	0.0000	0.0000	0.0000	0.0000	0.0000	0.0000	0.0000	0.0000	0.0000	0.0007	0.0003	0.0004	0.0002	0.0002	0.0000	0.0005	0.0001	0.0004	0.0398	0.0344	0.0054	0.0121	0.0116	0.0005	0.0277	0.0228	0.0048	0.0466	0.0322	0.0144	0.0196	0.0172	0.0024	0.0270	0.0150	0.0120	0.0521	0.1013	0.0001	0.2274	0.2093	0.0000	0.0000	0.0000	0.0001	0.0146	0.0087	0.0279	0.0110	0.0125	0.0005	0.0173	0.0044	0.0335
76	154	0.3114	7	1	1	0	0	0	0	0	0	N	N	N	N	N	N	N	N	N	N	N	N	0.5216	3.2276	0.0680	7.1512	7.0195	0.0000	0.2300	1.6446	0.0741	0.0384	0.0425	0.0144	0.0556	0.0612	0.0000	0.0282	0.0301	0.0189	0.0737	0.0132	0.2112	0.0078	0.0087	0.0010	0.1224	0.0183	0.2549	0.0573	7.0540	-0.0000	0.0030	4.4918	0.0083	17.5337	2.0001	0.0000	0.0000	0.0000	0.0000	0.0000	0.0000	0.0000	0.0000	0.0000	0.0071	0.0009	0.0062	0.0003	0.0003	0.0000	0.0068	0.0006	0.0062	0.0004	0.0003	0.0001	0.0002	0.0001	0.0000	0.0003	0.0002	0.0000	0.0965	0.0670	0.0295	0.0410	0.0359	0.0051	0.0555	0.0311	0.0244	0.5216	3.2276	0.0680	7.1512	7.0195	0.0000	0.2300	1.6446	0.0741	0.0737	0.0132	0.2112	0.0078	0.0087	0.0010	0.1224	0.0183	0.2549
76	155	0.2878	6	0	1	0	0	0	0	0	0	N	N	N	N	N	N	N	N	N	N	N	N	0.4998	0.4029	1.2600	1.0845	1.0407	0.0009	0.2948	0.1964	5.4933	0.5148	0.5936	0.0212	0.9079	0.9452	0.0001	0.3416	0.4120	0.0233	1.0299	1.4733	0.0169	0.8372	0.9083	0.1116	1.1589	2.0976	0.0042	0.0057	0.0050	-0.0275	-0.2346	4.4918	2.9180	17.5337	7.4065	0.0631	0.0628	0.0004	0.0341	0.0341	0.0000	0.0291	0.0287	0.0004	0.5173	0.5148	0.0026	0.1686	0.1666	0.0020	0.3487	0.3482	0.0006	0.1227	0.1058	0.0169	0.0375	0.0360	0.0015	0.0852	0.0697	0.0154	0.5023	0.3494	0.1529	0.2014	0.1834	0.0180	0.3009	0.1660	0.1349	0.4998	0.4029	1.2600	1.0845	1.0407	0.0009	0.2948	0.1964	5.4933	1.0299	1.4733	0.0169	0.8372	0.9083	0.1116	1.1589	2.0976	0.0042
76	156	0.2220	5	0	0	0	0	0	0	0	0	N	N	N	N	N	N	N	N	N	N	N	N	1.5018	1.9021	0.0690	0.3243	0.3606	0.0932	2.5124	3.9968	0.0906	0.3743	0.4400	0.0198	0.0824	0.0964	0.0106	0.6172	0.7217	0.0281	0.2492	0.2313	0.2871	0.2539	0.2672	0.1137	0.2457	0.1806	0.3103	0.0083	0.5866	-0.1025	-0.0409	4.4918	8.2479	17.5337	19.7214	0.2369	0.2349	0.0020	0.0237	0.0232	0.0005	0.2132	0.2118	0.0015	0.4619	0.2911	0.1708	0.2050	0.1970	0.0080	0.2569	0.0941	0.1628	0.6329	0.5339	0.0990	0.2874	0.2405	0.0469	0.3455	0.2934	0.0520	1.8530	1.2583	0.5947	0.8073	0.7371	0.0702	1.0458	0.5212	0.5246	1.5018	1.9021	0.0690	0.3243	0.3606	0.0932	2.5124	3.9968	0.0906	0.2492	0.2313	0.2871	0.2539	0.2672	0.1137	0.2457	0.1806	0.3103
76	157	0.1858	4	0	0	0	0	0	0	0	0	N	N	N	N	N	N	N	N	N	N	N	N	0.7447	0.8071	0.4501	0.5284	0.5572	0.1808	0.6446	0.5427	0.4609	0.6561	0.6986	0.4098	0.1859	0.1924	0.0753	0.8524	0.9437	0.4515	0.8810	0.8656	0.9106	0.3518	0.3453	0.4165	1.3222	1.7389	0.9796	0.1013	0.5443	-0.0856	-0.1918	4.4918	7.4725	17.5337	14.3153	0.2452	0.2226	0.0226	0.0205	0.0200	0.0005	0.2247	0.2026	0.0221	1.8108	1.1726	0.6382	0.3289	0.2931	0.0358	1.4820	0.8795	0.6024	0.3737	0.3186	0.0550	0.1101	0.1040	0.0061	0.2636	0.2147	0.0489	2.0555	1.3546	0.7009	0.9347	0.8488	0.0859	1.1208	0.5058	0.6150	0.7447	0.8071	0.4501	0.5284	0.5572	0.1808	0.6446	0.5427	0.4609	0.8810	0.8656	0.9106	0.3518	0.3453	0.4165	1.3222	1.7389	0.9796
76	158	0.1203	3	0	0	0	0	0	0	0	0	N	N	N	N	N	N	N	N	N	N	N	N	0.4095	0.1776	0.8326	0.2322	0.2351	0.0168	0.4913	0.1594	0.8270	0.2197	0.0744	0.6206	0.1214	0.1248	0.0071	0.2691	0.0344	0.6442	0.5366	0.4187	0.7455	0.5227	0.5310	0.4209	0.5478	0.2157	0.7790	3.0255	1.0053	0.0566	0.0758	4.4918	11.6653	17.5337	19.4910	0.1823	0.0453	0.1370	0.0337	0.0336	0.0001	0.1487	0.0117	0.1370	1.7663	0.8809	0.8855	0.7659	0.7192	0.0467	1.0004	0.1617	0.8388	0.8298	0.6090	0.2208	0.2774	0.2692	0.0082	0.5524	0.3398	0.2126	3.2918	2.1040	1.1878	1.4654	1.3544	0.1110	1.8264	0.7496	1.0768	0.4095	0.1776	0.8326	0.2322	0.2351	0.0168	0.4913	0.1594	0.8270	0.5366	0.4187	0.7455	0.5227	0.5310	0.4209	0.5478	0.2157	0.7790
76	161	0.5083	11	1	1	0	0	0	0	0	0	N	N	N	N	N	N	N	N	N	N	N	N	0.0000	0.0000	0.0000	0.0000	0.0000	0.0000	0.0000	0.0000	0.0000	0.0000	0.0000	0.0000	0.0000	0.0000	0.0000	0.0000	0.0000	0.0000	0.0017	0.0022	0.0005	0.0026	0.0029	0.0009	0.0006	0.0009	0.0003	0.0966	0.0000	-0.0001	4.4918	0.0002	17.5337	3.0099	0.0000	0.0000	0.0000	0.0000	0.0000	0.0000	0.0000	0.0000	0.0000	0.0003	0.0002	0.0000	0.0002	0.0002	0.0000	0.0000	0.0000	0.0000	0.0000	0.0000	0.0000	0.0000	0.0000	0.0000	0.0000	0.0000	0.0000	0.1483	0.1042	0.0442	0.0830	0.0692	0.0137	0.0654	0.0350	0.0304	0.0000	0.0000	0.0000	0.0000	0.0000	0.0000	0.0000	0.0000	0.0000	0.0017	0.0022	0.0005	0.0026	0.0029	0.0009	0.0006	0.0009	0.0003	
76	162	0.5007	10	1	1	0	0	0	0	0	0	N	N	N	N	N	N	N	N	N	N	N	N	0.0000	0.0000	0.0000	0.0000	0.0000	0.0000	0.0000	0.0000	0.0000	0.0000	0.0000	0.0000	0.0000	0.0000	0.0000	0.0000	0.0000	0.0000	0.0002	0.0003	0.0002	0.0003	0.0003	0.0000	0.0002	0.0001	0.0002	0.3017	0.0000	-0.0000	4.4918	0.9998	17.5337	2.0118	0.0000	0.0000	0.0000	0.0000	0.0000	0.0000	0.0000	0.0000	0.0000	0.0000	0.0000	0.0000	0.0000	0.0000	0.0000	0.0000	0.0000	0.0000	0.0385	0.0335	0.0050	0.0112	0.0106	0.0005	0.0273	0.0228	0.0045	0.1473	0.1032	0.0440	0.0824	0.0687	0.0137	0.0649	0.0345	0.0303	0.0000	0.0000	0.0000	0.0000	0.0000	0.0000	0.0000	0.0000	0.0000	0.0002	0.0003	0.0002	0.0003	0.0003	0.0000	0.0002	0.0001	0.0002	
76	163	0.5007	9	1	1	0	0	0	0	0	0	N	N	N	N	N	N	N	N	N	N	N	N	0.0000	0.0000	0.0000	0.0000	0.0000	0.0000	0.0000	0.0000	0.0000	0.0000	0.0000	0.0000	0.0000	0.0000	0.0000	0.0000	0.0000	0.0000	0.0663	0.0529	0.1206	0.0850	0.0770	0.1646	0.0448	0.0162	0.1060	0.5602	0.0000	-0.0000	4.4918	0.0000	17.5337	0.0003	0.0000	0.0000	0.0000	0.0000	0.0000	0.0000	0.0000	0.0000	0.0000	0.0000	0.0000	0.0000	0.0000	0.0000	0.0000	0.0000	0.0000	0.0000	0.0000	0.0000	0.0000	0.0000	0.0000	0.0000	0.0000	0.0000	0.0000	0.0000	0.0000	0.0000	0.0000	0.0000	0.0000	0.0000	0.0000	0.0000	0.0000	0.0000	0.0000	0.0000	0.0000	0.0000	0.0000	0.0000	0.0000	0.0663	0.0529	0.1206	0.0850	0.0770	0.1646	0.0448	0.0162	0.1060	
76	164	0.4897	8	0	1	0	0	0	0	0	0	N	N	N	N	N	N	N	N	N	N	N	N	0.8418	0.3982	27.5429	0.8057	0.6846	0.0000	1.0796	0.0005	35.8500	0.0761	0.0501	0.1742	0.0909	0.0921	0.0000	0.0646	0.0001	0.1790	0.0904	0.1259	0.0063	0.1128	0.1345	0.0090	0.0598	0.1076	0.0050	0.9190	0.0212	0.0000	-0.0097	4.4918	0.0063	17.5337	4.3641	0.0001	0.0000	0.0000	0.0000	0.0000	0.0000	0.0000	0.0000	0.0000	0.0222	0.0217	0.0005	0.0160	0.0157	0.0002	0.0062	0.0060	0.0002	0.0008	0.0006	0.0002	0.0003	0.0003	0.0000	0.0004	0.0003	0.0002	0.2457	0.1727	0.0730	0.1415	0.1171	0.0245	0.1042	0.0557	0.0485	0.8418	0.3982	27.5429	0.8057	0.6846	0.0000	1.0796	0.0005	35.8500	0.0904	0.1259	0.0063	0.1128	0.1345	0.0090	0.0598	0.1076	0.0050
76	165	0.4578	7	0	0	0	0	0	0	0	0	N	N	N	N	N	N	N	N	N	N	N	N	4.2924	1.9460	57.7629	3.8551	3.4961	0.0014	32.9477	0.0039	143.6761	1.5873	0.9290	5.6862	2.3438	2.4245	0.0003	1.1949	0.0001	6.1953	0.3698	0.4774	0.0984	0.6080	0.6935	0.1989	0.0363	0.0309	0.0431	0.9829	0.0818	0.0112	-0.1109	4.4918	2.5207	17.5337	10.0226	0.2048	0.1033	0.1015	0.1033	0.1033	0.0000	0.1015	0.0000	0.1015	0.2897	0.2678	0.0219	0.2779	0.2622	0.0157	0.0118	0.0057	0.0062	0.1290	0.1112	0.0179	0.0441	0.0426	0.0015	0.0850	0.0686	0.0164	0.7835	0.5610	0.2225	0.4571	0.3781	0.0790	0.3264	0.1830	0.1435	4.2924	1.9460	57.7629	3.8551	3.4961	0.0014	32.9477	0.0039	143.6761	0.3698	0.4774	0.0984	0.6080	0.6935	0.1989	0.0363	0.0309	0.0431
76	166	0.4422	6	0	0	0	0	0	0	0	0	N	N	N	N	N	N	N	N	N	N	N	N	0.2780	0.6024	0.4546	0.1922	1.7183	0.0007	1.0871	0.0006	13.0143	0.2236	0.1078	1.1344	0.2247	0.2315	0.0041	0.2228	0.0002	1.2792	0.8044	0.1790	2.4955	1.1686	0.1347	5.9186	0.2050	0.2823	0.0983	1.3371	5.1552	0.0043	0.1821	4.4918	2.6894	17.5337	4.6619	0.0328	0.0141	0.0188	0.0141	0.0140	0.0000	0.0188	0.0000	0.0188	0.4802	0.0780	0.4022	0.4339	0.0411	0.3928	0.0462	0.0369	0.0093	0.1469	0.1303	0.0166	0.0625	0.0607	0.0019	0.0844	0.0697	0.0147	0.5969	0.4358	0.1612	0.3713	0.3049	0.0664	0.2256	0.1308	0.0948	0.2780	0.6024	0.4546	0.1922	1.7183	0.0007	1.0871	0.0006	13.0143	0.8044	0.1790	2.4955	1.1686	0.1347	5.9186	0.2050	0.2823	0.0983
76	167	0.4037	5	0	0	0	0	0	0	0	0	N	N	N	N	N	N	N	N	N	N	N	N	0.0154	0.0061	0.3433	0.0432	0.0381	0.0009	0.0073	0.0002	0.3443	0.0081	0.0044	0.0322	0.0140	0.0146	0.0001	0.0061	0.0003	0.0351	0.5268	0.7131	0.0939	0.3227	0.3823	0.0819	0.8355	1.4505	0.1018	1.1483	0.0567	0.0001	-0.1705	4.4918	2.7966	17.5337	8.5340	0.0008	0.0004	0.0004	0.0004	0.0004	0.0000	0.0005	0.0000	0.0004	0.4212	0.3986	0.0226	0.1554	0.1475	0.0078	0.2659	0.2511	0.0148	0.1015	0.0878	0.0137	0.0261	0.0250	0.0011	0.0755	0.0629	0.0126	0.7996	0.5590	0.2406	0.4814	0.3859	0.0955	0.3182	0.1731	0.1451	0.0154	0.0061	0.3433	0.0432	0.0381	0.0009	0.0073	0.0002	0.3443	0.5268	0.7131	0.0939	0.3227	0.3823	0.0819	0.8355	1.4505	0.1018
77	81	0.6730	10	0	1	1	1	0	0	0	0	N	N	N	N	N	N	N	N	N	N	N	N	0.0000	0.0000	0.0000	0.0000	0.0000	0.0000	0.0000	0.0000	0.0000	0.0000	0.0000	0.0000	0.0000	0.0000	0.0000	0.0000	0.0000	0.0000	0.0012	0.0000	0.0038	0.0010	0.0000	0.0051	0.0015	0.0000	0.0029	361.8697	0.0000	0.0001	0.3745	2.0162	14.7996	4.5500	0.0000	0.0000	0.0000	0.0000	0.0000	0.0000	0.0000	0.0000	0.0000	0.0002	0.0000	0.0001	0.0001	0.0000	0.0001	0.0001	0.0000	0.0001	0.0056	0.0049	0.0007	0.0024	0.0022	0.0002	0.0032	0.0027	0.0006	0.1302	0.0907	0.0396	0.0829	0.0670	0.0159	0.0473	0.0237	0.0237	0.0000	0.0000	0.0000	0.0000	0.0000	0.0000	0.0000	0.0000	0.0000	0.0012	0.0000	0.0038	0.0010	0.0000	0.0051	0.0015	0.0000	0.0029	
77	82	0.2405	8	0	1	1	1	0	0	0	0	N	N	N	N	N	N	N	N	N	N	N	N	0.0000	0.0000	0.0000	0.0000	0.0000	0.0000	0.0000	0.0000	0.0000	0.0000	0.0000	0.0000	0.0000	0.0000	0.0000	0.0000	0.0000	0.0000	1.4392	2.1448	0.0000	0.0023	0.0028	0.0000	2.6281	4.8857	0.0000	0.0000	0.0000	-0.1268	0.3745	3.0011	14.7996	3.7015	0.0000	0.0000	0.0000	0.0000	0.0000	0.0000	0.0000	0.0000	0.0000	0.2767	0.2767	0.0000	0.0002	0.0002	0.0000	0.2765	0.2765	0.0000	0.0101	0.0090	0.0012	0.0024	0.0023	0.0001	0.0077	0.0067	0.0011	0.1923	0.1290	0.0633	0.0870	0.0724	0.0146	0.1052	0.0566	0.0486	0.0000	0.0000	0.0000	0.0000	0.0000	0.0000	0.0000	0.0000	0.0000	1.4392	2.1448	0.0000	0.0023	0.0028	0.0000	2.6281	4.8857	0.0000	
77	83	0.2290	7	0	1	0	1	0	0	0	0	N	N	N	N	N	N	N	N	N	N	N	N	0.0000	0.0000	0.0000	0.0000	0.0000	0.0000	0.0000	0.0000	0.0000	0.0000	0.0000	0.0000	0.0000	0.0000	0.0000	0.0000	0.0000	0.0000	1.8566	2.6886	0.0009	1.8782	2.2105	0.0013	1.8372	3.3572	0.0008	0.0002	0.0000	-0.1914	0.3745	2.0032	14.7996	4.2039	0.0000	0.0000	0.0000	0.0000	0.0000	0.0000	0.0000	0.0000	0.0000	0.4178	0.4177	0.0001	0.2003	0.2002	0.0000	0.2175	0.2175	0.0000	0.0068	0.0060	0.0008	0.0016	0.0015	0.0001	0.0052	0.0045	0.0007	0.2250	0.1554	0.0697	0.1066	0.0906	0.0160	0.1184	0.0648	0.0536	0.0000	0.0000	0.0000	0.0000	0.0000	0.0000	0.0000	0.0000	0.0000	1.8566	2.6886	0.0009	1.8782	2.2105	0.0013	1.8372	3.3572	0.0008	
77	84	0.2258	7	1	0	1	1	0	0	0	0	N	N	N	N	N	N	N	N	N	N	N	N	0.0000	0.0000	0.0000	0.0000	0.0000	0.0000	0.0000	0.0000	0.0000	0.0000	0.0000	0.0000	0.0000	0.0000	0.0000	0.0000	0.0000	0.0000	8.7071	15.6452	0.0003	44.6380	54.0165	0.0011	0.0034	0.0066	0.0001	0.0000	0.0000	-0.4401	0.3745	1.0052	14.7996	4.9545	0.0000	0.0000	0.0000	0.0000	0.0000	0.0000	0.0000	0.0000	0.0000	0.9601	0.9601	0.0000	0.9598	0.9598	0.0000	0.0003	0.0003	0.0000	0.0035	0.0031	0.0004	0.0009	0.0008	0.0000	0.0026	0.0023	0.0004	0.1476	0.0973	0.0503	0.0645	0.0548	0.0096	0.0831	0.0424	0.0407	0.0000	0.0000	0.0000	0.0000	0.0000	0.0000	0.0000	0.0000	0.0000	6.5060	9.8722	0.0003	14.8918	17.5074	0.0011	0.0034	0.0066	0.0001	
77	85	0.2064	6	1	0	1	1	0	0	0	0	N	N	N	N	N	N	N	N	N	N	N	N	0.0000	0.0000	0.0000	0.0000	0.0000	0.0000	0.0000	0.0000	0.0000	0.0000	0.0000	0.0000	0.0000	0.0000	0.0000	0.0000	0.0000	0.0000	0.1853	0.2676	0.0091	0.3681	0.4189	0.0210	0.0495	0.0860	0.0066	0.0159	0.0000	-0.0199	0.3745	0.9968	14.7996	7.6169	0.0000	0.0000	0.0000	0.0000	0.0000	0.0000	0.0000	0.0000	0.0000	0.0449	0.0442	0.0007	0.0380	0.0378	0.0003	0.0069	0.0065	0.0004	0.0034	0.0030	0.0004	0.0008	0.0008	0.0000	0.0026	0.0023	0.0004	0.2424	0.1652	0.0772	0.1033	0.0901	0.0132	0.1390	0.0751	0.0640	0.0000	0.0000	0.0000	0.0000	0.0000	0.0000	0.0000	0.0000	0.0000	0.1853	0.2676	0.0091	0.3681	0.4189	0.0210	0.0495	0.0860	0.0066	
77	86	0.2264	5	1	1	0	1	0	0	0	0	N	N	N	N	N	N	N	N	N	N	N	N	0.0000	0.0000	0.0000	0.0000	0.0000	0.0000	0.0000	0.0000	0.0000	0.0000	0.0000	0.0000	0.0000	0.0000	0.0000	0.0000	0.0000	0.0000	0.0171	0.0239	0.0003	0.0354	0.0390	0.0007	0.0001	0.0000	0.0003	0.0057	0.0000	-0.0044	0.3745	5.8060	14.7996	6.1034	0.0000	0.0000	0.0000	0.0000	0.0000	0.0000	0.0000	0.0000	0.0000	0.0096	0.0096	0.0001	0.0096	0.0096	0.0000	0.0000	0.0000	0.0000	0.0224	0.0198	0.0026	0.0060	0.0058	0.0002	0.0164	0.0140	0.0024	0.5615	0.4005	0.1611	0.2710	0.2452	0.0258	0.2905	0.1552	0.1353	0.0000	0.0000	0.0000	0.0000	0.0000	0.0000	0.0000	0.0000	0.0000	0.0171	0.0239	0.0003	0.0354	0.0390	0.0007	0.0001	0.0000	0.0003	
77	87	0.1325	4	1	1	0	1	0	0	0	0	N	N	N	N	N	N	N	N	N	N	N	N	0.0000	0.0001	0.0000	0.0000	0.0000	0.0008	0.0001	0.0018	0.0000	0.0001	0.0001	0.0000	0.0000	0.0000	0.0000	0.0001	0.0002	0.0000	3.1665	2.1994	4.7045	4.0154	4.5196	0.0264	2.7487	0.0831	5.2007	0.0514	1.3452	-0.0000	0.3132	0.3745	12.2869	14.7996	21.7146	0.0000	0.0000	0.0000	0.0000	0.0000	0.0000	0.0000	0.0000	0.0000	2.7181	1.1590	1.5591	1.1369	1.1361	0.0008	1.5812	0.0229	1.5582	0.0386	0.0341	0.0045	0.0066	0.0065	0.0001	0.0320	0.0276	0.0044	0.8584	0.5270	0.3314	0.2832	0.2514	0.0318	0.5752	0.2756	0.2996	0.0000	0.0001	0.0000	0.0000	0.0000	0.0008	0.0001	0.0018	0.0000	3.1665	2.1994	4.7045	4.0154	4.5196	0.0264	2.7487	0.0831	5.2007
77	88	0.2290	7	0	1	0	1	0	0	0	0	N	N	N	N	N	N	N	N	N	N	N	N	0.0000	0.0000	0.0000	0.0000	0.0000	0.0000	0.0000	0.0000	0.0000	0.0000	0.0000	0.0000	0.0000	0.0000	0.0000	0.0000	0.0000	0.0000	1.9638	2.8992	0.0053	4.4428	5.2693	0.0099	0.0031	0.0022	0.0041	0.0009	0.0000	-0.3291	0.3745	4.0005	14.7996	9.0093	0.0000	0.0000	0.0000	0.0000	0.0000	0.0000	0.0000	0.0000	0.0000	0.7193	0.7186	0.0006	0.7186	0.7184	0.0003	0.0006	0.0002	0.0004	0.0135	0.0120	0.0015	0.0031	0.0030	0.0001	0.0104	0.0089	0.0014	0.3663	0.2479	0.1184	0.1618	0.1363	0.0254	0.2045	0.1115	0.0930	0.0000	0.0000	0.0000	0.0000	0.0000	0.0000	0.0000	0.0000	0.0000	1.9638	2.8992	0.0053	4.4428	5.2693	0.0099	0.0031	0.0022	0.0041	
77	89	0.2064	6	0	1	0	1	0	0	0	0	N	N	N	N	N	N	N	N	N	N	N	N	0.0000	0.0000	0.0000	0.0000	0.0000	0.0000	0.0000	0.0000	0.0000	0.0000	0.0000	0.0000	0.0000	0.0000	0.0000	0.0000	0.0000	0.0000	1.0067	1.4816	0.0043	2.3521	2.7113	0.0102	0.0196	0.0337	0.0031	0.0014	-0.0000	-0.1276	0.3745	1.0051	14.7996	9.2650	0.0000	0.0000	0.0000	0.0000	0.0000	0.0000	0.0000	0.0000	0.0000	0.2792	0.2788	0.0004	0.2760	0.2759	0.0002	0.0031	0.0029	0.0002	0.0035	0.0031	0.0004	0.0008	0.0008	0.0000	0.0027	0.0023	0.0004	0.2773	0.1882	0.0891	0.1173	0.1017	0.0156	0.1600	0.0864	0.0735	0.0000	0.0000	0.0000	0.0000	0.0000	0.0000	0.0000	0.0000	0.0000	1.0067	1.4816	0.0043	2.3521	2.7113	0.0102	0.0196	0.0337	0.0031	
77	90	0.2548	6	0	0	1	1	0	0	0	0	N	N	N	N	N	N	N	N	N	N	N	N	0.0001	0.0002	0.0000	0.0003	0.0003	0.0000	0.0000	0.0000	0.0000	0.0000	0.0000	0.0000	0.0000	0.0000	0.0000	0.0000	0.0000	0.0000	0.0453	0.0285	0.0809	0.0680	0.0615	0.1574	0.0337	0.0000	0.0751	0.0027	1.3341	-0.0000	0.0015	0.3745	2.3559	14.7996	7.1930	0.0000	0.0000	0.0000	0.0000	0.0000	0.0000	0.0000	0.0000	0.0000	0.0135	0.0058	0.0077	0.0069	0.0058	0.0011	0.0067	0.0000	0.0066	0.0085	0.0075	0.0009	0.0020	0.0019	0.0000	0.0065	0.0056	0.0009	0.2982	0.2028	0.0954	0.1009	0.0941	0.0068	0.1973	0.1088	0.0886	0.0001	0.0002	0.0000	0.0003	0.0003	0.0000	0.0000	0.0000	0.0000	0.0453	0.0285	0.0809	0.0680	0.0615	0.1574	0.0337	0.0000	0.0751
77	91	0.2220	5	0	0	0	1	0	0	0	0	N	N	N	N	N	N	N	N	N	N	N	N	0.0002	0.0009	0.0000	0.0015	0.0017	0.0000	0.0000	0.0001	0.0000	0.0005	0.0005	0.0000	0.0017	0.0017	0.0000	0.0000	0.0000	0.0000	1.9920	0.5680	5.3230	1.1481	0.9903	2.7957	2.6473	0.0094	5.6927	0.0035	4.0064	-0.0000	0.5762	0.3745	4.9284	14.7996	11.0439	0.0000	0.0000	0.0000	0.0000	0.0000	0.0000	0.0000	0.0000	0.0000	1.6855	0.3367	1.3488	0.4247	0.3343	0.0904	1.2608	0.0024	1.2584	0.0239	0.0214	0.0025	0.0067	0.0066	0.0001	0.0172	0.0148	0.0025	0.8462	0.5928	0.2534	0.3699	0.3376	0.0323	0.4763	0.2552	0.2211	0.0002	0.0009	0.0000	0.0015	0.0017	0.0000	0.0000	0.0001	0.0000	1.9920	0.5680	5.3230	1.1481	0.9903	2.7957	2.6473	0.0094	5.6927
77	92	0.1325	4	0	0	0	1	0	0	0	0	N	N	N	N	N	N	N	N	N	N	N	N	0.0002	0.0001	0.0007	0.0000	0.0000	0.0007	0.0003	0.0005	0.0008	0.0009	0.0002	0.0061	0.0000	0.0000	0.0026	0.0011	0.0002	0.0061	3.8472	1.8291	8.0820	3.3865	3.3195	3.9200	4.0094	0.4568	7.2561	3.9939	2.3890	0.0000	0.7908	0.3745	3.9161	14.7996	29.2065	0.0000	0.0000	0.0000	0.0000	0.0000	0.0000	0.0000	0.0000	0.0000	3.2074	0.9464	2.2610	0.9455	0.8234	0.1222	2.2619	0.1231	2.1388	0.0127	0.0112	0.0015	0.0021	0.0021	0.0000	0.0106	0.0091	0.0015	0.8433	0.5174	0.3259	0.2792	0.2480	0.0312	0.5641	0.2694	0.2948	0.0002	0.0001	0.0009	0.0000	0.0000	0.0007	0.0003	0.0005	0.0008	3.8032	1.8291	6.9371	3.3865	3.3195	3.9200	4.0094	0.4568	7.2561
77	93	0.6730	10	1	1	0	1	0	0	0	0	N	N	N	N	N	N	N	N	N	N	N	N	0.0000	0.0000	0.0000	0.0000	0.0000	0.0000	0.0000	0.0000	0.0000	0.0000	0.0000	0.0000	0.0000	0.0000	0.0000	0.0000	0.0000	0.0000	0.0243	0.0268	0.0187	0.0354	0.0367	0.0301	0.0065	0.0011	0.0118	0.3063	0.0000	-0.0010	0.3745	2.5103	14.7996	7.4742	0.0000	0.0000	0.0000	0.0000	0.0000	0.0000	0.0000	0.0000	0.0000	0.0043	0.0033	0.0010	0.0039	0.0032	0.0006	0.0004	0.0000	0.0004	0.0067	0.0058	0.0009	0.0028	0.0026	0.0002	0.0039	0.0032	0.0007	0.1762	0.1223	0.0539	0.1087	0.0885	0.0202	0.0675	0.0338	0.0337	0.0000	0.0000	0.0000	0.0000	0.0000	0.0000	0.0000	0.0000	0.0000	0.0243	0.0268	0.0187	0.0354	0.0367	0.0301	0.0065	0.0011	0.0118	
77	94	0.6368	9	0	1	0	1	0	0	0	0	N	N	N	N	N	N	N	N	N	N	N	N	0.0000	0.0000	0.0000	0.0000	0.0000	0.0000	0.0000	0.0000	0.0000	0.0000	0.0000	0.0000	0.0000	0.0000	0.0000	0.0000	0.0000	0.0000	0.0188	0.0190	0.0181	0.0080	0.0098	0.0001	0.0333	0.0379	0.0277	0.4002	0.0000	-0.0007	0.3745	7.1305	14.7996	3.2426	0.0000	0.0000	0.0000	0.0000	0.0000	0.0000	0.0000	0.0000	0.0000	0.0043	0.0031	0.0012	0.0011	0.0011	0.0000	0.0033	0.0020	0.0012	0.0215	0.0189	0.0025	0.0082	0.0078	0.0005	0.0132	0.0111	0.0021	0.2317	0.1629	0.0688	0.1333	0.1093	0.0240	0.0984	0.0537	0.0447	0.0000	0.0000	0.0000	0.0000	0.0000	0.0000	0.0000	0.0000	0.0000	0.0188	0.0190	0.0181	0.0080	0.0098	0.0001	0.0333	0.0379	0.0277	
77	95	0.2064	6	1	1	0	1	0	0	0	0	N	N	N	N	N	N	N	N	N	N	N	N	0.0000	0.0000	0.0000	0.0000	0.0000	0.0000	0.0000	0.0000	0.0000	0.0000	0.0000	0.0000	0.0000	0.0000	0.0000	0.0000	0.0000	0.0000	1.4760	2.2173	0.0007	0.0310	0.0364	0.0017	2.4631	4.5416	0.0004	0.0002	0.0000	-0.4538	0.3745	8.0000	14.7996	22.5660	0.0000	0.0000	0.0000	0.0000	0.0000	0.0000	0.0000	0.0000	0.0000	0.9903	0.9902	0.0001	0.0084	0.0084	0.0001	0.9819	0.9818	0.0001	0.0266	0.0236	0.0030	0.0061	0.0059	0.0002	0.0205	0.0177	0.0028	0.6710	0.4466	0.2244	0.2723	0.2304	0.0419	0.3987	0.2162	0.1825	0.0000	0.0000	0.0000	0.0000	0.0000	0.0000	0.0000	0.0000	0.0000	1.4760	2.2173	0.0007	0.0310	0.0364	0.0017	2.4631	4.5416	0.0004	
77	96	0.1325	4	0	0	0	1	0	0	0	0	N	N	N	N	N	N	N	N	N	N	N	N	0.0930	0.0000	42.2116	0.0064	0.0000	21.2873	0.0963	0.0000	42.0676	0.0976	0.0000	0.8372	0.0047	0.0000	0.3649	0.1166	0.0000	0.8462	1.0504	1.7025	0.0198	0.7308	0.8189	0.0171	1.2109	2.5378	0.0201	inf	0.0074	0.0021	-0.3808	0.3745	11.9964	14.7996	18.8414	0.0037	0.0000	0.0037	0.0000	0.0000	0.0000	0.0037	0.0000	0.0037	0.8443	0.8381	0.0062	0.1964	0.1959	0.0005	0.6478	0.6422	0.0057	0.0377	0.0333	0.0044	0.0064	0.0063	0.0001	0.0313	0.0270	0.0043	0.8038	0.4923	0.3115	0.2688	0.2392	0.0295	0.5350	0.2530	0.2820	0.0930	0.0000	42.2116	0.0064	0.0000	21.2873	0.0963	0.0000	42.0676	1.0504	1.7025	0.0198	0.7308	0.8189	0.0171	1.2109	2.5378	0.0201
77	98	0.2369	8	1	1	1	1	0	0	0	0	N	N	N	N	N	N	N	N	N	N	N	N	0.0000	0.0000	0.0000	0.0000	0.0000	0.0000	0.0000	0.0000	0.0000	0.0000	0.0000	0.0000	0.0000	0.0000	0.0000	0.0000	0.0000	0.0000	3.0649	4.4859	0.1074	10.2286	12.5712	0.1494	0.0436	0.0029	0.0937	0.0115	0.0000	-0.5683	0.3745	0.9502	14.7996	16.1595	0.0000	0.0000	0.0000	0.0000	0.0000	0.0000	0.0000	0.0000	0.0000	1.2713	1.2569	0.0145	1.2615	1.2565	0.0050	0.0099	0.0004	0.0095	0.0037	0.0033	0.0004	0.0011	0.0011	0.0000	0.0026	0.0023	0.0004	0.4148	0.2802	0.1346	0.1887	0.1555	0.0332	0.2261	0.1247	0.1015	0.0000	0.0000	0.0000	0.0000	0.0000	0.0000	0.0000	0.0000	0.0000	3.0649	4.4859	0.1074	6.6865	8.0806	0.1494	0.0436	0.0029	0.0937	
77	99	0.1325	4	0	1	0	1	0	0	0	0	N	N	N	N	N	N	N	N	N	N	N	N	0.0261	0.0000	0.2435	0.0010	0.0000	37.8017	0.0351	0.0000	0.2232	0.0976	0.0000	0.8372	0.0047	0.0000	0.3649	0.1166	0.0000	0.8462	3.7443	3.9399	3.4374	4.5552	5.1003	0.0097	3.3273	2.7955	3.7906	inf	0.5562	0.0021	-0.2825	0.3745	11.9964	14.7996	15.6499	0.0037	0.0000	0.0037	0.0000	0.0000	0.0000	0.0037	0.0000	0.0037	2.7982	1.7981	1.0001	1.1560	1.1558	0.0003	1.6422	0.6424	0.9998	0.0377	0.0333	0.0044	0.0064	0.0063	0.0001	0.0313	0.0270	0.0043	0.7473	0.4564	0.2909	0.2538	0.2266	0.0272	0.4936	0.2298	0.2638	0.0261	0.0000	0.2435	0.0010	0.0000	37.8017	0.0351	0.0000	0.2232	3.7443	3.9399	3.4374	4.5552	5.1003	0.0097	3.3273	2.7955	3.7906
77	100	0.2399	9	1	0	1	1	0	0	0	0	N	N	N	N	N	N	N	N	N	N	N	N	0.0000	0.0000	0.0000	0.0000	0.0000	0.0000	0.0000	0.0000	0.0000	0.0000	0.0000	0.0000	0.0000	0.0000	0.0000	0.0000	0.0000	0.0000	2.6912	0.2761	9.8383	2.0669	0.4862	9.2552	3.2296	0.0017	7.0371	13.5436	0.0000	0.4776	0.3745	1.0008	14.7996	13.9255	0.0000	0.0000	0.0000	0.0000	0.0000	0.0000	0.0000	0.0000	0.0000	1.0100	0.0694	0.9406	0.3592	0.0693	0.2899	0.6508	0.0002	0.6506	0.0035	0.0031	0.0004	0.0009	0.0009	0.0000	0.0025	0.0022	0.0004	0.3753	0.2515	0.1238	0.1738	0.1425	0.0313	0.2015	0.1091	0.0925	0.0000	0.0000	0.0000	0.0000	0.0000	0.0000	0.0000	0.0000	0.0000	2.6912	0.2761	7.5985	2.0669	0.4862	9.2552	3.2296	0.0017	7.0371	
77	101	0.2369	8	1	0	1	1	0	0	0	0	N	N	N	N	N	N	N	N	N	N	N	N	0.0000	0.0000	0.0000	0.0000	0.0000	0.0000	0.0000	0.0000	0.0000	0.0000	0.0000	0.0000	0.0000	0.0000	0.0000	0.0000	0.0000	0.0000	3.3914	4.4027	0.8461	2.7548	3.2797	0.6904	4.2132	6.2964	0.9507	0.0764	0.0000	-0.1653	0.3745	0.0532	14.7996	2.0467	0.0000	0.0000	0.0000	0.0000	0.0000	0.0000	0.0000	0.0000	0.0000	0.4268	0.3965	0.0303	0.1953	0.1854	0.0099	0.2314	0.2111	0.0204	0.0006	0.0006	0.0001	0.0003	0.0003	0.0000	0.0004	0.0003	0.0001	0.1258	0.0901	0.0358	0.0709	0.0565	0.0144	0.0549	0.0335	0.0214	0.0000	0.0000	0.0000	0.0000	0.0000	0.0000	0.0000	0.0000	0.0000	3.3914	4.4027	0.8461	2.7548	3.2797	0.6904	4.2132	6.2964	0.9507	
77	102	0.2273	7	1	0	1	1	0	0	0	0	N	N	N	N	N	N	N	N	N	N	N	N	0.0000	0.0000	0.0000	0.0000	0.0000	0.0000	0.0000	0.0000	0.0000	0.0000	0.0000	0.0000	0.0000	0.0000	0.0000	0.0000	0.0000	0.0000	2.0322	2.8193	0.1579	2.0028	2.4067	0.2951	2.0642	3.4358	0.0880	0.0235	0.0000	-0.1724	0.3745	2.0948	14.7996	3.0326	0.0000	0.0000	0.0000	0.0000	0.0000	0.0000	0.0000	0.0000	0.0000	0.3960	0.3869	0.0091	0.2036	0.1979	0.0057	0.1924	0.1890	0.0034	0.0076	0.0068	0.0008	0.0021	0.0020	0.0001	0.0055	0.0047	0.0008	0.1948	0.1372	0.0576	0.1017	0.0822	0.0194	0.0932	0.0550	0.0382	0.0000	0.0000	0.0000	0.0000	0.0000	0.0000	0.0000	0.0000	0.0000	2.0322	2.8193	0.1579	2.0028	2.4067	0.2951	2.0642	3.4358	0.0880	
77	103	0.2064	6	1	0	1	1	0	0	0	0	N	N	N	N	N	N	N	N	N	N	N	N	0.0000	0.0000	0.0000	0.0000	0.0000	0.0000	0.0000	0.0000	0.0000	0.0000	0.0000	0.0000	0.0000	0.0000	0.0000	0.0000	0.0000	0.0000	1.1036	1.6030	0.0367	0.0563	0.0620	0.0174	1.8808	3.4487	0.0407	0.0107	0.0000	-0.1216	0.3745	3.9484	14.7996	4.8420	0.0000	0.0000	0.0000	0.0000	0.0000	0.0000	0.0000	0.0000	0.0000	0.2716	0.2687	0.0029	0.0059	0.0057	0.0002	0.2657	0.2631	0.0026	0.0134	0.0118	0.0015	0.0031	0.0030	0.0001	0.0103	0.0089	0.0014	0.2461	0.1677	0.0785	0.1048	0.0914	0.0135	0.1413	0.0763	0.0650	0.0000	0.0000	0.0000	0.0000	0.0000	0.0000	0.0000	0.0000	0.0000	1.1036	1.6030	0.0367	0.0563	0.0620	0.0174	1.8808	3.4487	0.0407	
77	104	0.1648	5	0	1	0	1	0	0	0	0	N	N	N	N	N	N	N	N	N	N	N	N	0.0000	0.0000	0.0000	0.0000	0.0000	0.0000	0.0000	0.0000	0.0000	0.0000	0.0000	0.0000	0.0000	0.0000	0.0000	0.0000	0.0000	0.0000	2.1821	3.3238	0.1556	3.4744	4.0057	0.1139	1.6035	2.8350	0.1611	0.0136	0.0264	-0.0000	-0.8952	0.3745	8.9557	14.7996	32.3127	0.0000	0.0000	0.0000	0.0000	0.0000	0.0000	0.0000	0.0000	0.0000	2.0689	2.0157	0.0531	1.0188	1.0142	0.0046	1.0501	1.0015	0.0486	0.0327	0.0291	0.0036	0.0079	0.0077	0.0002	0.0248	0.0214	0.0034	0.9481	0.6065	0.3417	0.2932	0.2532	0.0400	0.6549	0.3533	0.3016	0.0000	0.0000	0.0000	0.0000	0.0000	0.0000	0.0000	0.0000	0.0000	2.1821	3.3238	0.1556	3.4744	4.0057	0.1139	1.6035	2.8350	0.1611
77	105	0.1902	6	0	0	1	1	0	0	0	0	N	N	N	N	N	N	N	N	N	N	N	N	0.0002	0.0002	0.0000	0.0005	0.0004	0.0000	0.0000	0.0000	0.0000	0.0000	0.0000	0.0000	0.0000	0.0000	0.0000	0.0000	0.0000	0.0000	0.0136	0.0145	0.0119	0.0206	0.0243	0.0008	0.0098	0.0065	0.0139	0.0000	0.4416	-0.0000	-0.0006	0.3745	4.2679	14.7996	7.8415	0.0000	0.0000	0.0000	0.0000	0.0000	0.0000	0.0000	0.0000	0.0000	0.0042	0.0029	0.0013	0.0022	0.0022	0.0000	0.0020	0.0007	0.0013	0.0158	0.0138	0.0020	0.0037	0.0037	0.0001	0.0120	0.0102	0.0019	0.3110	0.2019	0.1091	0.1082	0.0915	0.0167	0.2029	0.1105	0.0924	0.0002	0.0002	0.0000	0.0005	0.0004	0.0000	0.0000	0.0000	0.0000	0.0136	0.0145	0.0119	0.0206	0.0243	0.0008	0.0098	0.0065	0.0139
77	106	0.1648	5	0	0	0	1	0	0	0	0	N	N	N	N	N	N	N	N	N	N	N	N	0.0000	0.0000	0.0002	0.0000	0.0000	0.0000	0.0000	0.0000	0.0003	0.0000	0.0000	0.0000	0.0000	0.0000	0.0000	0.0000	0.0000	0.0000	0.2375	0.2829	0.1517	0.3169	0.3281	0.2421	0.1884	0.2363	0.1365	1.0136	0.2837	0.0000	-0.0215	0.3745	1.9301	14.7996	9.0954	0.0000	0.0000	0.0000	0.0000	0.0000	0.0000	0.0000	0.0000	0.0000	0.0905	0.0705	0.0200	0.0461	0.0415	0.0046	0.0444	0.0290	0.0154	0.0099	0.0089	0.0010	0.0034	0.0033	0.0001	0.0065	0.0056	0.0009	0.3809	0.2490	0.1318	0.1454	0.1265	0.0189	0.2354	0.1225	0.1129	0.0000	0.0000	0.0002	0.0000	0.0000	0.0000	0.0000	0.0000	0.0003	0.2375	0.2829	0.1517	0.3169	0.3281	0.2421	0.1884	0.2363	0.1365
77	107	0.1325	4	0	0	0	1	0	0	0	0	N	N	N	N	N	N	N	N	N	N	N	N	0.0000	0.0000	0.0000	0.0000	0.0000	0.0000	0.0000	0.0000	0.0000	0.0000	0.0000	0.0000	0.0000	0.0000	0.0000	0.0000	0.0000	0.0000	2.6776	0.7100	5.5894	1.3477	1.1570	3.3598	3.4858	0.0961	5.7863	0.0000	5.3198	-0.0000	0.4928	0.3745	3.9049	14.7996	9.6098	0.0000	0.0000	0.0000	0.0000	0.0000	0.0000	0.0000	0.0000	0.0000	1.2853	0.2034	1.0819	0.2445	0.1918	0.0528	1.0407	0.0116	1.0291	0.0127	0.0112	0.0015	0.0021	0.0021	0.0000	0.0105	0.0091	0.0015	0.4800	0.2864	0.1936	0.1814	0.1657	0.0157	0.2986	0.1207	0.1779	0.0000	0.0000	0.0000	0.0000	0.0000	0.0000	0.0000	0.0000	0.0000	2.6776	0.7100	5.5894	1.3477	1.1570	3.3598	3.4858	0.0961	5.7863
77	108	0.1537	6	0	1	0	1	0	0	0	0	N	N	N	N	N	N	N	N	N	N	N	N	16.2987	0.0000	54.8395	4.4718	0.0000	1277.4232	14.8052	0.0000	49.8971	0.1345	0.0000	1.1208	0.0119	0.0000	0.6230	0.1610	0.0000	1.1354	0.0083	0.0014	0.0204	0.0027	0.0030	0.0005	0.0109	0.0001	0.0228	inf	8.3319	0.0021	0.0028	0.3745	8.0392	14.7996	22.6195	0.0037	0.0000	0.0037	0.0001	0.0000	0.0001	0.0036	0.0000	0.0036	0.0065	0.0007	0.0058	0.0007	0.0007	0.0000	0.0058	0.0000	0.0057	0.0273	0.0240	0.0033	0.0049	0.0048	0.0001	0.0224	0.0192	0.0032	0.7819	0.5001	0.2818	0.2503	0.2209	0.0293	0.5317	0.2792	0.2525	16.2987	0.0000	54.8395	4.4718	0.0000	1277.4232	14.8052	0.0000	49.8971	0.0083	0.0014	0.0204	0.0027	0.0030	0.0005	0.0109	0.0001	0.0228
77	109	0.1536	5	0	0	0	1	0	0	0	0	N	N	N	N	N	N	N	N	N	N	N	N	0.6854	0.9693	0.3269	0.7552	0.7759	0.1211	0.6535	24.8865	0.3495	0.0472	0.0491	0.0378	0.0615	0.0650	0.0046	0.0382	0.0368	0.0427	0.0689	0.0507	0.1155	0.0815	0.0837	0.0381	0.0585	0.0015	0.1222	0.1559	0.8896	-0.0000	0.0002	0.3745	0.2031	14.7996	2.0398	0.0001	0.0001	0.0000	0.0000	0.0000	0.0000	0.0000	0.0000	0.0000	0.0126	0.0067	0.0059	0.0068	0.0066	0.0002	0.0059	0.0001	0.0058	0.0016	0.0014	0.0003	0.0006	0.0006	0.0000	0.0010	0.0008	0.0002	0.1834	0.1319	0.0515	0.0830	0.0789	0.0041	0.1004	0.0530	0.0474	0.6854	0.9693	0.3269	0.7552	0.7759	0.1211	0.6535	24.8865	0.3495	0.0689	0.0507	0.1155	0.0815	0.0837	0.0381	0.0585	0.0015	0.1222
77	110	0.7342	11	1	0	1	1	0	0	0	0	N	N	N	N	N	N	N	N	N	N	N	N	0.0000	0.0000	0.0000	0.0000	0.0000	0.0000	0.0000	0.0000	0.0000	0.0000	0.0000	0.0000	0.0000	0.0000	0.0000	0.0000	0.0000	0.0000	0.0000	-0.0000	0.3745	0.0001	14.7996	0.0001	0.0000	0.0000	0.0000	0.0000	0.0000	0.0000	0.0000	0.0000	0.0000	0.0000	0.0000	0.0000	0.0000	0.0000	0.0000	0.0000	0.0000	0.0000	0.0003	0.0002	0.0001	0.0001	0.0001	0.0000	0.0001	0.0001	0.0001	0.0003	0.0002	0.0001	0.0001	0.0001	0.0000	0.0001	0.0000	0.0001	0.0000	0.0000	0.0000	0.0000	0.0000	0.0000	0.0000	0.0000	0.0000	0.0000	0.0000	0.0000	0.0000	0.0000	0.0000	0.0000	0.0000	0.0000											
77	111	0.7203	10	1	0	1	1	0	0	0	0	N	N	N	N	N	N	N	N	N	N	N	N	0.0000	0.0000	0.0000	0.0000	0.0000	0.0000	0.0000	0.0000	0.0000	0.0000	0.0000	0.0000	0.0000	0.0000	0.0000	0.0000	0.0000	0.0000	0.0045	0.0026	0.0093	0.0029	0.0028	0.0037	0.0066	0.0022	0.0113	1.4382	0.0000	0.0001	0.3745	1.6718	14.7996	2.9223	0.0000	0.0000	0.0000	0.0000	0.0000	0.0000	0.0000	0.0000	0.0000	0.0005	0.0002	0.0003	0.0002	0.0001	0.0000	0.0003	0.0000	0.0002	0.0045	0.0039	0.0006	0.0014	0.0014	0.0001	0.0030	0.0025	0.0005	0.1022	0.0730	0.0292	0.0580	0.0501	0.0079	0.0442	0.0228	0.0213	0.0000	0.0000	0.0000	0.0000	0.0000	0.0000	0.0000	0.0000	0.0000	0.0045	0.0026	0.0093	0.0029	0.0028	0.0037	0.0066	0.0022	0.0113	
77	112	0.6368	9	1	0	1	1	0	0	0	0	N	N	N	N	N	N	N	N	N	N	N	N	0.0000	0.0000	0.0000	0.0000	0.0000	0.0000	0.0000	0.0000	0.0000	0.0000	0.0000	0.0000	0.0000	0.0000	0.0000	0.0000	0.0000	0.0000	0.0027	0.0034	0.0009	0.0041	0.0049	0.0001	0.0009	0.0006	0.0012	0.1138	0.0000	-0.0004	0.3745	14.0283	14.7996	7.1084	0.0000	0.0000	0.0000	0.0000	0.0000	0.0000	0.0000	0.0000	0.0000	0.0010	0.0009	0.0001	0.0009	0.0008	0.0000	0.0002	0.0001	0.0001	0.0346	0.0303	0.0043	0.0120	0.0113	0.0008	0.0225	0.0190	0.0035	0.3798	0.2632	0.1166	0.2092	0.1732	0.0360	0.1706	0.0900	0.0806	0.0000	0.0000	0.0000	0.0000	0.0000	0.0000	0.0000	0.0000	0.0000	0.0027	0.0034	0.0009	0.0041	0.0049	0.0001	0.0009	0.0006	0.0012	
77	113	0.5765	8	0	0	0	1	0	0	0	0	N	N	N	N	N	N	N	N	N	N	N	N	0.0000	0.0000	0.0000	0.0000	0.0000	0.0000	0.0000	0.0000	0.0000	0.0000	0.0000	0.0000	0.0000	0.0000	0.0000	0.0000	0.0000	0.0000	1.9388	2.6797	0.1133	0.0161	0.0165	0.0144	4.4886	7.8949	0.1652	0.0172	0.0000	-0.4598	0.3745	8.6129	14.7996	5.1709	0.0000	0.0000	0.0000	0.0000	0.0000	0.0000	0.0000	0.0000	0.0000	1.0414	1.0238	0.0176	0.0049	0.0042	0.0008	1.0365	1.0196	0.0168	0.0356	0.0321	0.0035	0.0129	0.0125	0.0005	0.0227	0.0196	0.0030	0.5371	0.3821	0.1551	0.3062	0.2529	0.0533	0.2309	0.1292	0.1018	0.0000	0.0000	0.0000	0.0000	0.0000	0.0000	0.0000	0.0000	0.0000	1.9388	2.6797	0.1133	0.0161	0.0165	0.0144	4.4886	7.8949	0.1652	
77	114	0.4814	7	0	0	0	1	0	0	0	0	N	N	N	N	N	N	N	N	N	N	N	N	0.0004	0.0005	0.0001	0.0011	0.0011	0.0000	0.0000	0.0000	0.0001	0.0001	0.0001	0.0000	0.0003	0.0003	0.0000	0.0000	0.0000	0.0000	0.2091	0.1930	0.2443	0.2486	0.2638	0.1533	0.1728	0.0863	0.2686	0.0319	0.5768	-0.0000	-0.0185	0.3745	16.8607	14.7996	22.7724	0.0000	0.0000	0.0000	0.0000	0.0000	0.0000	0.0000	0.0000	0.0000	0.2004	0.1271	0.0733	0.1141	0.1044	0.0097	0.0863	0.0227	0.0636	0.0555	0.0495	0.0060	0.0169	0.0161	0.0008	0.0386	0.0333	0.0053	0.9584	0.6584	0.3000	0.4589	0.3959	0.0630	0.4995	0.2625	0.2370	0.0004	0.0005	0.0001	0.0011	0.0011	0.0000	0.0000	0.0000	0.0001	0.2091	0.1930	0.2443	0.2486	0.2638	0.1533	0.1728	0.0863	0.2686
77	115	0.2127	6	1	0	1	1	0	0	0	0	N	N	N	N	N	N	N	N	N	N	N	N	0.0000	0.0000	0.0000	0.0000	0.0000	0.0000	0.0000	0.0000	0.0000	0.0000	0.0000	0.0000	0.0000	0.0000	0.0000	0.0000	0.0000	0.0000	0.0018	0.0026	0.0000	0.0032	0.0038	0.0000	0.0005	0.0009	0.0000	0.0000	0.0000	-0.0002	0.3745	1.0009	14.7996	4.0038	0.0000	0.0000	0.0000	0.0000	0.0000	0.0000	0.0000	0.0000	0.0000	0.0004	0.0004	0.0000	0.0003	0.0003	0.0000	0.0000	0.0000	0.0000	0.0036	0.0032	0.0004	0.0008	0.0008	0.0000	0.0027	0.0023	0.0004	0.1974	0.1375	0.0599	0.0964	0.0813	0.0150	0.1010	0.0561	0.0449	0.0000	0.0000	0.0000	0.0000	0.0000	0.0000	0.0000	0.0000	0.0000	0.0018	0.0026	0.0000	0.0032	0.0038	0.0000	0.0005	0.0009	0.0000	
77	116	0.1844	5	1	0	1	1	0	0	0	0	N	N	N	N	N	N	N	N	N	N	N	N	0.0001	0.0001	0.0000	0.0000	0.0000	0.0000	0.0002	0.0003	0.0000	0.0000	0.0000	0.0000	0.0000	0.0000	0.0000	0.0000	0.0000	0.0000	0.3015	0.3946	0.1183	0.5232	0.6093	0.0169	0.1521	0.1631	0.1396	0.0037	0.1525	-0.0000	-0.0323	0.3745	1.8441	14.7996	10.4794	0.0000	0.0000	0.0000	0.0000	0.0000	0.0000	0.0000	0.0000	0.0000	0.0991	0.0860	0.0131	0.0692	0.0689	0.0003	0.0299	0.0171	0.0128	0.0077	0.0068	0.0009	0.0028	0.0026	0.0002	0.0049	0.0042	0.0007	0.3288	0.2180	0.1109	0.1323	0.1131	0.0192	0.1965	0.1049	0.0916	0.0001	0.0001	0.0000	0.0000	0.0000	0.0000	0.0002	0.0003	0.0000	0.3015	0.3946	0.1183	0.5232	0.6093	0.0169	0.1521	0.1631	0.1396
77	117	0.3687	5	0	1	0	2	0	0	0	0	N	N	N	Y	N	N	N	N	N	N	N	N	0.0007	0.0000	0.0392	0.0000	0.0000	0.0121	0.0123	0.0000	0.0421	0.0006	0.0000	0.0056	0.0001	0.0000	0.0017	0.0008	0.0000	0.0060	0.8359	1.1366	0.1417	1.6477	1.8471	0.1383	0.0682	0.0002	0.1425	inf	0.0540	0.0000	-0.3697	0.3745	10.5071	14.7996	20.2622	0.0000	0.0000	0.0000	0.0000	0.0000	0.0000	0.0000	0.0000	0.0000	0.9082	0.8616	0.0465	0.8701	0.8616	0.0085	0.0381	0.0000	0.0380	0.0401	0.0359	0.0043	0.0126	0.0122	0.0004	0.0275	0.0237	0.0038	1.0865	0.7581	0.3285	0.5281	0.4665	0.0616	0.5584	0.2916	0.2668	0.0007	0.0000	0.0392	0.0000	0.0000	0.0121	0.0123	0.0000	0.0421	0.8359	1.1366	0.1417	1.6477	1.8471	0.1383	0.0682	0.0002	0.1425
77	118	0.1325	4	0	1	0	2	0	0	0	0	N	N	N	Y	N	N	N	N	N	N	N	N	0.0000	0.0000	0.0000	0.0000	0.0000	0.0000	0.0000	0.0000	0.0000	0.0000	0.0000	0.0000	0.0000	0.0000	0.0000	0.0000	0.0000	0.0000	2.7336	2.4066	3.2498	0.7349	0.8248	0.0038	3.7403	3.9093	3.5891	0.8553	0.0000	0.0057	0.3745	4.0036	14.7996	26.5072	0.0000	0.0000	0.0000	0.0000	0.0000	0.0000	0.0000	0.0000	0.0000	2.1784	1.1742	1.0042	0.1962	0.1961	0.0001	1.9822	0.9781	1.0041	0.0130	0.0114	0.0015	0.0022	0.0022	0.0000	0.0108	0.0093	0.0015	0.7969	0.4879	0.3090	0.2670	0.2377	0.0292	0.5300	0.2502	0.2798	0.0000	0.0000	0.0000	0.0000	0.0000	0.0000	0.0000	0.0000	0.0000	2.7336	2.4066	3.2498	0.7349	0.8248	0.0038	3.7403	3.9093	3.5891	
77	119	0.1709	5	0	1	0	1	0	0	0	0	N	N	N	N	N	N	N	N	N	N	N	N	0.0000	0.0000	0.0000	0.0000	0.0000	0.0000	0.0000	0.0000	0.0000	0.0000	0.0000	0.0000	0.0000	0.0000	0.0000	0.0000	0.0000	0.0000	1.6390	2.4571	0.1082	0.0505	0.0550	0.0242	2.5042	4.5195	0.1228	0.0235	0.0000	-0.4440	0.3745	3.8169	14.7996	21.2433	0.0000	0.0000	0.0000	0.0000	0.0000	0.0000	0.0000	0.0000	0.0000	1.0197	0.9963	0.0235	0.0111	0.0103	0.0008	1.0087	0.9860	0.0227	0.0169	0.0148	0.0021	0.0056	0.0052	0.0004	0.0113	0.0096	0.0017	0.6222	0.4055	0.2167	0.2194	0.1873	0.0321	0.4028	0.2182	0.1846	0.0000	0.0000	0.0000	0.0000	0.0000	0.0000	0.0000	0.0000	0.0000	1.6390	2.4571	0.1082	0.0505	0.0550	0.0242	2.5042	4.5195	0.1228	
77	120	0.5166	9	0	1	0	1	0	0	0	0	N	N	N	N	N	N	N	N	N	N	N	N	0.0223	0.0313	0.0000	0.0443	0.0570	0.0000	0.0000	0.0007	0.0000	0.0521	0.0590	0.0000	0.1554	0.1612	0.0000	0.0000	0.0000	0.0000	2.3343	1.8850	3.3556	3.5059	2.8264	7.1617	0.9097	0.0051	1.8646	0.0000	0.7833	-0.0014	-0.0704	0.3745	16.3276	14.7996	34.9199	0.0031	0.0031	0.0000	0.0031	0.0031	0.0000	0.0000	0.0000	0.0000	3.6790	2.0630	1.6159	3.0319	2.0612	0.9707	0.6470	0.0019	0.6452	0.0593	0.0524	0.0069	0.0199	0.0192	0.0007	0.0394	0.0332	0.0062	1.5760	1.0945	0.4816	0.8648	0.7293	0.1355	0.7112	0.3652	0.3460	0.0223	0.0313	0.0000	0.0443	0.0570	0.0000	0.0000	0.0007	0.0000	2.3343	1.8850	3.3556	3.5059	2.8264	7.1617	0.9097	0.0051	1.8646
77	121	0.4992	8	0	1	0	1	0	0	0	0	N	N	N	N	N	N	N	N	N	N	N	N	0.0547	0.0695	0.0604	0.1001	0.1526	0.0046	0.0352	0.0013	0.1196	0.0337	0.0288	0.0673	0.0801	0.0824	0.0098	0.0124	0.0002	0.0723	0.6159	0.4147	1.1146	0.8003	0.5401	2.1199	0.3530	0.1369	0.6042	0.3382	1.0843	-0.0001	0.0408	0.3745	6.1757	14.7996	14.5601	0.0008	0.0006	0.0002	0.0006	0.0006	0.0000	0.0002	0.0000	0.0002	0.6595	0.3164	0.3431	0.5037	0.2839	0.2197	0.1558	0.0325	0.1233	0.0234	0.0204	0.0030	0.0073	0.0071	0.0002	0.0160	0.0133	0.0027	1.0707	0.7629	0.3078	0.6293	0.5257	0.1037	0.4413	0.2372	0.2041	0.0547	0.0695	0.0604	0.1001	0.1526	0.0046	0.0352	0.0013	0.1196	0.6159	0.4147	1.1146	0.8003	0.5401	2.1199	0.3530	0.1369	0.6042
77	122	0.4462	7	0	0	0	1	0	0	0	0	N	N	N	N	N	N	N	N	N	N	N	N	0.0301	0.0236	0.0804	0.0462	0.0516	0.0119	0.0231	0.0000	0.1569	0.0112	0.0090	0.0275	0.0242	0.0248	0.0093	0.0046	0.0000	0.0301	0.3707	0.3823	0.3424	0.5233	0.4813	0.7829	0.1973	0.2018	0.1921	0.3948	0.3673	-0.0001	-0.0740	0.3745	7.5400	14.7996	21.4192	0.0003	0.0002	0.0001	0.0002	0.0002	0.0000	0.0001	0.0000	0.0001	0.3902	0.2853	0.1048	0.2930	0.2320	0.0610	0.0972	0.0533	0.0438	0.0292	0.0259	0.0033	0.0098	0.0094	0.0004	0.0194	0.0165	0.0029	1.0525	0.7464	0.3061	0.5599	0.4820	0.0779	0.4926	0.2644	0.2283	0.0301	0.0236	0.0804	0.0462	0.0516	0.0119	0.0231	0.0000	0.1569	0.3707	0.3823	0.3424	0.5233	0.4813	0.7829	0.1973	0.2018	0.1921
77	123	0.2064	6	0	1	0	1	0	0	0	0	N	N	N	N	N	N	N	N	N	N	N	N	0.1477	0.0000	4264.8908	0.0022	0.0000	96.1647	20.6251	0.0000	56734979.0995	0.2718	0.0000	2.3670	0.0097	0.0000	0.2872	0.3495	0.0000	2.5168	1.8395	2.7537	0.0006	4.4627	5.2530	0.0030	0.0169	0.0313	0.0000	inf	0.0001	0.0021	-0.4569	0.3745	4.0019	14.7996	19.5615	0.0037	0.0000	0.0037	0.0000	0.0000	0.0000	0.0037	0.0000	0.0037	0.9970	0.9969	0.0001	0.9916	0.9915	0.0001	0.0054	0.0054	0.0000	0.0135	0.0120	0.0016	0.0031	0.0030	0.0001	0.0104	0.0090	0.0015	0.5420	0.3620	0.1800	0.2222	0.1888	0.0334	0.3198	0.1733	0.1465	0.1477	0.0000	4264.8908	0.0022	0.0000	96.1647	20.6251	0.0000	56734979.0995	1.8395	2.7537	0.0006	4.4627	5.2530	0.0030	0.0169	0.0313	0.0000
77	124	0.1844	5	0	0	0	1	0	0	0	0	N	N	N	N	N	N	N	N	N	N	N	N	0.0000	0.0000	0.0000	0.0000	0.0000	0.0000	0.0000	0.0000	0.0000	0.0000	0.0000	0.0000	0.0000	0.0000	0.0000	0.0000	0.0000	0.0000	3.5829	5.8425	0.1381	0.1336	0.1517	0.0257	6.0187	11.1596	0.1625	0.0130	0.0000	-0.4297	0.3745	1.2223	14.7996	8.2281	0.0000	0.0000	0.0000	0.0000	0.0000	0.0000	0.0000	0.0000	0.0000	0.9645	0.9521	0.0124	0.0149	0.0145	0.0004	0.9496	0.9376	0.0120	0.0056	0.0050	0.0006	0.0023	0.0022	0.0001	0.0033	0.0028	0.0005	0.2692	0.1794	0.0898	0.1114	0.0954	0.0160	0.1578	0.0840	0.0738	0.0000	0.0000	0.0000	0.0000	0.0000	0.0000	0.0000	0.0000	0.0000	3.5829	5.3062	0.1381	0.1336	0.1517	0.0257	6.0187	11.1596	0.1625	
77	125	0.1325	4	0	0	0	1	0	0	0	0	N	N	N	N	N	N	N	N	N	N	N	N	0.0000	0.0000	0.0000	0.0000	0.0000	0.0000	0.0000	0.0000	0.0000	0.0000	0.0000	0.0000	0.0000	0.0000	0.0000	0.0000	0.0000	0.0000	3.8561	3.4751	4.3332	7.1528	7.3311	0.0051	2.8403	0.3455	4.7451	0.8205	-0.0000	-0.0168	0.3745	5.9920	14.7996	12.2976	0.0000	0.0000	0.0000	0.0000	0.0000	0.0000	0.0000	0.0000	0.0000	2.1888	1.2023	0.9865	1.1475	1.1474	0.0001	1.0413	0.0548	0.9864	0.0193	0.0170	0.0023	0.0033	0.0032	0.0000	0.0160	0.0138	0.0022	0.5736	0.3460	0.2277	0.2070	0.1872	0.0198	0.3666	0.1587	0.2079	0.0000	0.0000	0.0000	0.0000	0.0000	0.0000	0.0000	0.0000	0.0000	3.8157	3.4751	4.3332	5.5428	6.1278	0.0051	2.8403	0.3455	4.7451	
77	126	0.1696	6	0	1	0	1	0	0	0	0	N	N	N	N	N	N	N	N	N	N	N	N	0.0360	312.8127	0.0000	0.0020	6.4453	0.0000	0.0504	13049.5059	0.0000	0.2034	0.2316	0.0000	0.0097	0.0100	0.0000	0.2523	0.2950	0.0000	5.6566	0.0007	30.5580	4.9253	0.0016	70.8439	5.0066	0.0000	14.4476	0.0000	10297.1765	-0.0016	1.6040	0.3745	5.0407	14.7996	17.1705	0.0036	0.0036	0.0000	0.0000	0.0000	0.0000	0.0036	0.0036	0.0000	2.9620	0.0003	2.9617	0.9812	0.0003	0.9809	1.9808	0.0000	1.9808	0.0178	0.0157	0.0022	0.0036	0.0035	0.0001	0.0142	0.0122	0.0021	0.6020	0.3884	0.2136	0.2064	0.1823	0.0241	0.3956	0.2061	0.1895	0.0413	312.8127	0.0000	0.0020	6.4453	0.0000	0.0504	13049.5059	0.0000	4.9201	0.0007	13.8644	4.7541	0.0016	40.7266	5.0066	0.0000	10.4509
77	127	0.1536	5	0	1	0	1	0	0	0	0	N	N	N	N	N	N	N	N	N	N	N	N	0.1650	0.8573	0.0236	0.4486	1.0146	0.0039	0.1054	1.4589	0.0270	0.0127	0.0139	0.0048	0.0242	0.0250	0.0015	0.0096	0.0105	0.0050	0.0771	0.0162	0.2035	0.0540	0.0246	0.3828	0.0913	0.0072	0.1844	0.0513	6.0496	-0.0000	0.0098	0.3745	1.9703	14.7996	6.2034	0.0001	0.0001	0.0000	0.0000	0.0000	0.0000	0.0001	0.0001	0.0000	0.0246	0.0035	0.0211	0.0066	0.0027	0.0038	0.0181	0.0007	0.0173	0.0076	0.0066	0.0010	0.0016	0.0016	0.0000	0.0060	0.0050	0.0009	0.3194	0.2155	0.1039	0.1217	0.1117	0.0100	0.1977	0.1038	0.0939	0.1650	0.8573	0.0236	0.4486	1.0146	0.0039	0.1054	1.4589	0.0270	0.0771	0.0162	0.2035	0.0540	0.0246	0.3828	0.0913	0.0072	0.1844
77	128	0.1325	4	0	0	0	1	0	0	0	0	N	N	N	N	N	N	N	N	N	N	N	N	0.0082	0.7002	0.0076	0.0310	0.0233	0.5347	0.0059	1.6654	0.0071	0.0107	0.0089	0.0239	0.0005	0.0004	0.0102	0.0128	0.0109	0.0241	1.3043	0.0127	3.1425	0.0165	0.0163	0.0190	2.1723	0.0066	3.3869	0.3652	173.7527	-0.0000	0.2702	0.3745	1.1032	14.7996	7.8190	0.0000	0.0000	0.0000	0.0000	0.0000	0.0000	0.0000	0.0000	0.0000	0.5043	0.0029	0.5014	0.0026	0.0023	0.0002	0.5017	0.0005	0.5012	0.0036	0.0032	0.0004	0.0006	0.0006	0.0000	0.0030	0.0026	0.0004	0.3866	0.2271	0.1595	0.1557	0.1441	0.0116	0.2310	0.0830	0.1480	0.0082	0.7002	0.0076	0.0310	0.0233	0.5347	0.0059	1.6654	0.0071	1.3043	0.0127	3.1425	0.0165	0.0163	0.0190	2.1723	0.0066	3.3869
77	129	0.4755	8	0	1	0	1	0	0	0	0	N	N	N	N	N	N	N	N	N	N	N	N	0.0000	0.0000	0.0000	0.0000	0.0000	0.0000	0.0000	0.0000	0.0000	0.0000	0.0000	0.0000	0.0000	0.0000	0.0000	0.0000	0.0000	0.0000	0.0010	0.0000	0.0040	0.0008	0.0000	0.0106	0.0012	0.0000	0.0024	773.3099	0.0000	0.0001	0.3745	1.0033	14.7996	0.8635	0.0000	0.0000	0.0000	0.0000	0.0000	0.0000	0.0000	0.0000	0.0000	0.0003	0.0000	0.0003	0.0001	0.0000	0.0001	0.0001	0.0000	0.0001	0.0079	0.0071	0.0007	0.0045	0.0042	0.0002	0.0034	0.0029	0.0005	0.2619	0.1975	0.0644	0.1526	0.1405	0.0121	0.1093	0.0570	0.0523	0.0000	0.0000	0.0000	0.0000	0.0000	0.0000	0.0000	0.0000	0.0000	0.0010	0.0000	0.0040	0.0008	0.0000	0.0106	0.0012	0.0000	0.0024	
77	130	0.4462	7	0	0	0	1	0	0	0	0	N	N	N	N	N	N	N	N	N	N	N	N	0.0000	0.0000	0.0000	0.0000	0.0000	0.0000	0.0000	0.0000	0.0000	0.0000	0.0000	0.0000	0.0000	0.0000	0.0000	0.0000	0.0000	0.0000	0.0627	0.0794	0.0198	0.0574	0.0652	0.0063	0.0694	0.1082	0.0247	0.0969	0.0000	-0.0197	0.3745	5.5514	14.7996	9.9598	0.0000	0.0000	0.0000	0.0000	0.0000	0.0000	0.0000	0.0000	0.0000	0.0532	0.0485	0.0047	0.0271	0.0267	0.0004	0.0261	0.0218	0.0043	0.0231	0.0204	0.0027	0.0082	0.0079	0.0004	0.0149	0.0126	0.0023	0.8474	0.6106	0.2368	0.4713	0.4090	0.0623	0.3761	0.2016	0.1745	0.0000	0.0000	0.0000	0.0000	0.0000	0.0000	0.0000	0.0000	0.0000	0.0627	0.0794	0.0198	0.0574	0.0652	0.0063	0.0694	0.1082	0.0247	
77	131	0.4159	6	0	0	0	1	0	0	0	0	N	N	N	N	N	N	N	N	N	N	N	N	0.0095	0.0078	0.0215	0.0226	0.0236	0.0017	0.0026	0.0000	0.0298	0.0034	0.0032	0.0052	0.0093	0.0096	0.0007	0.0008	0.0000	0.0057	0.3581	0.4053	0.2436	0.4117	0.4072	0.4464	0.3019	0.4020	0.1920	0.1990	0.2476	-0.0000	-0.0805	0.3745	9.1969	14.7996	13.4651	0.0001	0.0001	0.0000	0.0001	0.0001	0.0000	0.0000	0.0000	0.0000	0.3099	0.2484	0.0615	0.1824	0.1596	0.0228	0.1275	0.0888	0.0386	0.0347	0.0309	0.0037	0.0106	0.0102	0.0004	0.0241	0.0207	0.0034	0.8653	0.6128	0.2525	0.4430	0.3919	0.0512	0.4222	0.2209	0.2013	0.0095	0.0078	0.0215	0.0226	0.0236	0.0017	0.0026	0.0000	0.0298	0.3581	0.4053	0.2436	0.4117	0.4072	0.4464	0.3019	0.4020	0.1920
77	132	0.2294	8	1	1	0	2	0	0	0	0	N	N	N	Y	N	N	N	N	N	N	N	N	0.0000	0.0000	0.0000	0.0000	0.0000	0.0000	0.0000	0.0000	0.0000	0.0000	0.0000	0.0000	0.0000	0.0000	0.0000	0.0000	0.0000	10.4213	0.0002	46.3176	0.0052	0.0004	0.0300	11.6857	0.0000	49.3060	64230.0008	0.0000	0.3479	0.3745	1.0000	14.7996	3.0001	0.0000	0.0000	0.0000	0.0000	0.0000	0.0000	0.0000	0.0000	0.0000	0.6423	0.0000	0.6423	0.0002	0.0000	0.0002	0.6421	0.0000	0.6421	0.0034	0.0030	0.0004	0.0008	0.0008	0.0000	0.0026	0.0022	0.0004	0.0860	0.0549	0.0311	0.0310	0.0260	0.0050	0.0550	0.0289	0.0261	0.0000	0.0000	0.0000	0.0000	0.0000	0.0000	0.0000	0.0000	0.0000	7.4698	0.0002	20.6577	0.0052	0.0004	0.0300	11.6857	0.0000	24.6074		
77	133	0.6283	12	1	1	0	2	0	0	0	0	N	N	N	Y	N	N	N	N	N	N	N	N	0.0000	0.0000	0.0000	0.0000	0.0000	0.0000	0.0000	0.0000	0.0000	0.0000	0.0000	0.0000	0.0000	0.0000	0.0000	0.0000	0.0000	0.0000	34.0349	1.1251	200.9304	1.5999	1.8049	0.2469	41.2822	0.0000	212.5478	28.1148	0.0000	0.5079	0.3745	0.0006	14.7996	1.9797	0.0000	0.0000	0.0000	0.0000	0.0000	0.0000	0.0000	0.0000	0.0000	1.0012	0.0344	0.9668	0.0351	0.0344	0.0007	0.9661	0.0000	0.9661	0.0000	0.0000	0.0000	0.0000	0.0000	0.0000	0.0000	0.0000	0.0000	0.0453	0.0306	0.0148	0.0219	0.0191	0.0029	0.0234	0.0115	0.0119	0.0000	0.0000	0.0000	0.0000	0.0000	0.0000	0.0000	0.0000	0.0000	22.0814	1.1251	65.4324	1.5999	1.8049	0.2469	41.2822	0.0000	81.2547	
77	134	0.6116	11	1	1	0	2	0	0	0	0	N	N	N	Y	N	N	N	N	N	N	N	N	0.0000	0.0000	0.0000	0.0000	0.0000	0.0000	0.0000	0.0000	0.0000	0.0000	0.0000	0.0000	0.0000	0.0000	0.0000	0.0000	0.0000	0.0000	8.1612	0.0085	45.8002	0.0130	0.0125	0.0160	12.0289	0.0027	51.9936	1084.8428	0.0000	0.5313	0.3745	2.0077	14.7996	6.0321	0.0000	0.0000	0.0000	0.0000	0.0000	0.0000	0.0000	0.0000	0.0000	0.9827	0.0009	0.9818	0.0010	0.0008	0.0002	0.9817	0.0001	0.9816	0.0065	0.0058	0.0007	0.0021	0.0020	0.0001	0.0044	0.0038	0.0006	0.1563	0.1062	0.0501	0.0747	0.0631	0.0115	0.0816	0.0430	0.0386	0.0000	0.0000	0.0000	0.0000	0.0000	0.0000	0.0000	0.0000	0.0000	6.2882	0.0085	19.5944	0.0130	0.0125	0.0160	12.0289	0.0027	25.4438	
77	135	0.6068	11	0	1	0	2	0	0	0	0	N	N	N	Y	N	N	N	N	N	N	N	N	0.0000	0.0000	0.0000	0.0000	0.0000	0.0000	0.0000	0.0000	0.0000	0.0000	0.0000	0.0000	0.0000	0.0000	0.0000	0.0000	0.0000	0.0000	0.1450	0.2101	0.0008	0.0021	0.0021	0.0016	0.2770	0.5230	0.0006	0.0018	0.0000	-0.0183	0.3745	3.0348	14.7996	9.3583	0.0000	0.0000	0.0000	0.0000	0.0000	0.0000	0.0000	0.0000	0.0000	0.0400	0.0399	0.0001	0.0003	0.0002	0.0000	0.0397	0.0397	0.0000	0.0100	0.0089	0.0011	0.0031	0.0030	0.0001	0.0069	0.0059	0.0010	0.2758	0.1900	0.0859	0.1325	0.1141	0.0183	0.1434	0.0759	0.0675	0.0000	0.0000	0.0000	0.0000	0.0000	0.0000	0.0000	0.0000	0.0000	0.1450	0.2101	0.0008	0.0021	0.0021	0.0016	0.2770	0.5230	0.0006	
77	136	0.5925	10	0	0	0	2	0	0	0	0	N	N	N	Y	N	N	N	N	N	N	N	N	0.0000	0.0000	0.0000	0.0000	0.0000	0.0000	0.0000	0.0000	0.0000	0.0000	0.0000	0.0000	0.0000	0.0000	0.0000	0.0000	0.0000	0.0000	0.0025	0.0033	0.0010	0.0047	0.0055	0.0003	0.0007	0.0002	0.0012	0.1443	0.0000	-0.0001	0.3745	0.0433	14.7996	6.6805	0.0000	0.0000	0.0000	0.0000	0.0000	0.0000	0.0000	0.0000	0.0000	0.0003	0.0003	0.0000	0.0003	0.0003	0.0000	0.0000	0.0000	0.0000	0.0002	0.0001	0.0000	0.0001	0.0001	0.0000	0.0001	0.0001	0.0000	0.1358	0.0913	0.0446	0.0627	0.0531	0.0096	0.0732	0.0382	0.0350	0.0000	0.0000	0.0000	0.0000	0.0000	0.0000	0.0000	0.0000	0.0000	0.0025	0.0033	0.0010	0.0047	0.0055	0.0003	0.0007	0.0002	0.0012	
77	137	0.2590	10	0	1	0	2	0	0	0	0	N	N	N	Y	N	N	N	N	N	N	N	N	0.0000	0.0000	0.0000	0.0000	0.0000	0.0000	0.0000	0.0000	0.0000	0.0000	0.0000	0.0000	0.0000	0.0000	0.0000	0.0000	0.0000	0.0000	0.0000	0.0000	0.3745	0.0000	14.7996	0.0000	0.0000	0.0000	0.0000	0.0000	0.0000	0.0000	0.0000	0.0000	0.0000	0.0000	0.0000	0.0000	0.0000	0.0000	0.0000	0.0000	0.0000	0.0000	0.0000	0.0000	0.0000	0.0000	0.0000	0.0000	0.0000	0.0000	0.0000	0.0000	0.0000	0.0000	0.0000	0.0000	0.0000	0.0000	0.0000	0.0000	0.0000	0.0000	0.0000	0.0000	0.0000	0.0000	0.0000	0.0000	0.0000	0.0000	0.0000	0.0000	0.0000	0.0000	0.0000	0.0000	0.0000	0.0000											
77	138	0.2539	9	0	1	0	2	0	0	0	0	N	N	N	Y	N	N	N	N	N	N	N	N	0.0000	0.0000	0.0000	0.0000	0.0000	0.0000	0.0000	0.0000	0.0000	0.0000	0.0000	0.0000	0.0000	0.0000	0.0000	0.0000	36.7789	0.0000	204.3576	0.0000	0.0000	0.0000	36.0555	0.0000	175.9327	46391669.2828	0.0000	0.5402	0.3745	0.0021	14.7996	2.0000	0.0000	0.0000	0.0000	0.0000	0.0000	0.0000	0.0000	0.0000	0.0000	0.9974	0.0000	0.9974	0.0000	0.0000	0.0000	0.9974	0.0000	0.9974	0.0000	0.0000	0.0000	0.0000	0.0000	0.0000	0.0000	0.0000	0.0000	0.0424	0.0273	0.0151	0.0147	0.0127	0.0021	0.0277	0.0146	0.0131	0.0000	0.0000	0.0000	0.0000	0.0000	0.0000	0.0000	0.0000	0.0000	23.5250	0.0000	65.9581	0.0000	0.0000	0.0000	36.0555	0.0000	76.3267			
77	139	0.2437	8	0	0	0	2	0	0	0	0	N	N	N	Y	N	N	N	N	N	N	N	N	0.0000	0.0000	0.0000	0.0000	0.0000	0.0000	0.0000	0.0000	0.0000	0.0000	0.0000	0.0000	0.0000	0.0000	0.0000	0.0000	0.0000	0.0055	0.0011	0.0133	0.0020	0.0023	0.0000	0.0074	0.0000	0.0156	6.8458	0.0000	0.0002	0.3745	1.0020	14.7996	3.0181	0.0000	0.0000	0.0000	0.0000	0.0000	0.0000	0.0000	0.0000	0.0000	0.0005	0.0001	0.0004	0.0001	0.0001	0.0000	0.0004	0.0000	0.0004	0.0034	0.0030	0.0004	0.0008	0.0008	0.0000	0.0026	0.0022	0.0004	0.0860	0.0552	0.0308	0.0307	0.0260	0.0046	0.0554	0.0292	0.0262	0.0000	0.0000	0.0000	0.0000	0.0000	0.0000	0.0000	0.0000	0.0000	0.0055	0.0011	0.0133	0.0020	0.0023	0.0000	0.0074	0.0000	0.0156		
77	140	0.2294	8	0	1	0	1	0	0	0	0	N	N	N	N	N	N	N	N	N	N	N	N	0.0000	0.0000	0.0000	0.0000	0.0000	0.0000	0.0000	0.0000	0.0000	0.0000	0.0000	0.0000	0.0000	0.0000	0.0000	0.0000	0.0000	0.0000	0.0000	0.0000	0.0000	0.0000	inf	0.0000	0.0000	0.3745	0.0000	14.7996	4.0001	0.0000	0.0000	0.0000	0.0000	0.0000	0.0000	0.0000	0.0000	0.0000	0.0000	0.0000	0.0000	0.0000	0.0000	0.0000	0.0000	0.0000	0.0000	0.0000	0.0000	0.0000	0.0000	0.0000	0.0000	0.0000	0.0000	0.0000	0.0860	0.0549	0.0311	0.0310	0.0260	0.0050	0.0550	0.0289	0.0261	0.0000	0.0000	0.0000	0.0000	0.0000	0.0000	0.0000	0.0000	0.0000	0.0000	0.0000	0.0000	0.0000	0.0000	0.0000	0.0000	0.0000	0.0000						
77	141	0.6070	10	0	1	0	1	0	0	0	0	N	N	N	N	N	N	N	N	N	N	N	N	0.0000	0.0000	0.0000	0.0000	0.0000	0.0000	0.0000	0.0000	0.0000	0.0000	0.0000	0.0000	0.0000	0.0000	0.0000	0.0000	0.0000	0.0000	0.0274	0.0062	0.0723	0.0089	0.0103	0.0015	0.0444	0.0000	0.0936	5.5502	0.0000	0.0013	0.3745	1.0003	14.7996	5.0186	0.0000	0.0000	0.0000	0.0000	0.0000	0.0000	0.0000	0.0000	0.0000	0.0033	0.0005	0.0028	0.0005	0.0005	0.0000	0.0028	0.0000	0.0028	0.0032	0.0029	0.0004	0.0010	0.0010	0.0001	0.0022	0.0019	0.0003	0.1194	0.0811	0.0383	0.0573	0.0484	0.0089	0.0621	0.0326	0.0294	0.0000	0.0000	0.0000	0.0000	0.0000	0.0000	0.0000	0.0000	0.0000	0.0274	0.0062	0.0723	0.0089	0.0103	0.0015	0.0444	0.0000	0.0936	
77	142	0.2437	8	0	0	1	2	0	0	0	0	N	N	N	Y	N	N	N	N	N	N	N	N	0.0000	0.0000	0.0000	0.0000	0.0000	0.0000	0.0000	0.0000	0.0000	0.0000	0.0000	0.0000	0.0000	0.0000	0.0000	0.0000	0.0017	0.0026	0.0000	0.0048	0.0056	0.0000	0.0000	0.0000	0.0000	0.0001	0.0000	-0.0001	0.3745	0.0001	14.7996	9.0026	0.0000	0.0000	0.0000	0.0000	0.0000	0.0000	0.0000	0.0000	0.0000	0.0003	0.0003	0.0000	0.0003	0.0003	0.0000	0.0000	0.0000	0.0000	0.0000	0.0000	0.0000	0.0000	0.0000	0.0000	0.0000	0.0000	0.0000	0.1890	0.1213	0.0677	0.0670	0.0569	0.0101	0.1219	0.0643	0.0576	0.0000	0.0000	0.0000	0.0000	0.0000	0.0000	0.0000	0.0000	0.0000	0.0017	0.0026	0.0000	0.0048	0.0056	0.0000	0.0000	0.0000	0.0000			
77	143	0.5925	10	0	0	1	2	0	0	0	0	N	N	N	Y	N	N	N	N	N	N	N	N	0.0000	0.0000	0.0000	0.0000	0.0000	0.0000	0.0000	0.0000	0.0000	0.0000	0.0000	0.0000	0.0000	0.0000	0.0000	0.0000	0.0000	0.0000	0.0029	0.0043	0.0002	0.0063	0.0074	0.0007	0.0000	0.0000	0.0000	0.0175	0.0000	-0.0003	0.3745	2.0061	14.7996	8.0425	0.0000	0.0000	0.0000	0.0000	0.0000	0.0000	0.0000	0.0000	0.0000	0.0006	0.0006	0.0000	0.0006	0.0006	0.0000	0.0000	0.0000	0.0000	0.0065	0.0057	0.0007	0.0020	0.0019	0.0001	0.0045	0.0039	0.0006	0.1995	0.1340	0.0655	0.0919	0.0778	0.0141	0.1076	0.0562	0.0514	0.0000	0.0000	0.0000	0.0000	0.0000	0.0000	0.0000	0.0000	0.0000	0.0029	0.0043	0.0002	0.0063	0.0074	0.0007	0.0000	0.0000	0.0000	
77	144	0.5834	9	0	0	0	2	0	0	0	0	N	N	N	Y	N	N	N	N	N	N	N	N	0.0000	0.0000	0.0000	0.0000	0.0000	0.0000	0.0000	0.0000	0.0000	0.0000	0.0000	0.0000	0.0000	0.0000	0.0000	0.0000	0.0000	0.0000	0.0151	0.0200	0.0029	0.0282	0.0323	0.0004	0.0017	0.0001	0.0036	0.0592	0.0000	-0.0007	0.3745	1.9550	14.7996	2.1189	0.0000	0.0000	0.0000	0.0000	0.0000	0.0000	0.0000	0.0000	0.0000	0.0018	0.0017	0.0001	0.0017	0.0017	0.0000	0.0001	0.0000	0.0001	0.0067	0.0059	0.0008	0.0023	0.0021	0.0001	0.0044	0.0038	0.0006	0.1221	0.0866	0.0355	0.0616	0.0536	0.0079	0.0605	0.0330	0.0276	0.0000	0.0000	0.0000	0.0000	0.0000	0.0000	0.0000	0.0000	0.0000	0.0151	0.0200	0.0029	0.0282	0.0323	0.0004	0.0017	0.0001	0.0036	
77	145	0.5834	9	0	0	1	2	0	0	0	0	N	N	N	Y	N	N	N	N	N	N	N	N	0.0000	0.0000	0.0000	0.0000	0.0000	0.0000	0.0000	0.0000	0.0000	0.0000	0.0000	0.0000	0.0000	0.0000	0.0000	0.0000	0.0000	0.0000	3.7766	2.1973	8.7777	0.0058	0.0058	0.0060	7.1601	5.3561	10.8279	1.5162	0.0000	0.2335	0.3745	2.1261	14.7996	18.6477	0.0000	0.0000	0.0000	0.0000	0.0000	0.0000	0.0000	0.0000	0.0000	1.6189	0.6434	0.9755	0.0012	0.0010	0.0002	1.6178	0.6424	0.9753	0.0072	0.0064	0.0008	0.0025	0.0023	0.0002	0.0047	0.0041	0.0007	0.4287	0.2928	0.1359	0.2027	0.1729	0.0299	0.2259	0.1199	0.1060	0.0000	0.0000	0.0000	0.0000	0.0000	0.0000	0.0000	0.0000	0.0000	3.7766	2.1973	7.1807	0.0058	0.0058	0.0060	7.1601	5.3561	9.2012	
77	146	0.2437	8	0	0	1	2	0	0	0	0	N	N	N	Y	N	N	N	N	N	N	N	N	0.0000	0.0000	0.0000	0.0000	0.0000	0.0000	0.0000	0.0000	0.0000	0.0000	0.0000	0.0000	0.0000	0.0000	0.0000	0.0000	0.0000	0.0000	0.2358	0.3675	0.0000	0.0005	0.0006	0.0000	0.3654	0.6929	0.0000	0.0000	0.0000	-0.0182	0.3745	2.0001	14.7996	5.9880	0.0000	0.0000	0.0000	0.0000	0.0000	0.0000	0.0000	0.0000	0.0000	0.0397	0.0397	0.0000	0.0000	0.0000	0.0000	0.0397	0.0397	0.0000	0.0067	0.0060	0.0008	0.0016	0.0016	0.0001	0.0051	0.0044	0.0007	0.1683	0.1080	0.0603	0.0598	0.0508	0.0090	0.1086	0.0572	0.0513	0.0000	0.0000	0.0000	0.0000	0.0000	0.0000	0.0000	0.0000	0.0000	0.2358	0.3675	0.0000	0.0005	0.0006	0.0000	0.3654	0.6929	0.0000	
77	147	0.2437	8	0	0	1	2	0	0	0	0	N	N	N	Y	N	N	N	N	N	N	N	N	0.4620	0.0000	1.4749	0.0116	0.0000	0.0518	0.7415	2.5353	0.1248	0.0000	1.1109	0.0042	0.0000	0.1262	0.1630	0.0000	1.1870	0.2701	0.0004	0.7532	0.3643	0.0009	2.4349	0.2199	0.0000	0.4682	inf	982.4673	0.0021	0.0903	0.3745	9.0001	14.7996	23.0169	0.0037	0.0000	0.0037	0.0000	0.0000	0.0000	0.0037	0.0000	0.0037	0.1670	0.0002	0.1669	0.0783	0.0002	0.0782	0.0887	0.0000	0.0887	0.0295	0.0262	0.0033	0.0071	0.0069	0.0002	0.0224	0.0193	0.0031	0.6184	0.3968	0.2215	0.2150	0.1829	0.0321	0.4034	0.2139	0.1894	0.4620	0.0000	1.4749	0.0116	0.0000	0.0518	0.7415	0.0000	2.5353	0.2701	0.0004	0.7532	0.3643	0.0009	2.4349	0.2199	0.0000	0.4682	
77	148	0.2184	7	0	0	0	2	0	0	0	0	N	N	N	Y	N	N	N	N	N	N	N	N	0.0000	0.0000	0.0000	0.0000	0.0000	0.0000	0.0000	0.0000	0.0000	0.0000	0.0000	0.0000	0.0000	0.0000	0.0000	0.0000	0.0000	0.0000	4.8796	8.2435	0.0001	30.1428	32.6073	0.0007	0.0004	0.0007	0.0000	0.0000	0.0000	-0.4480	0.3745	1.9990	14.7996	7.9526	0.0000	0.0000	0.0000	0.0000	0.0000	0.0000	0.0000	0.0000	0.0000	0.9774	0.9774	0.0000	0.9773	0.9773	0.0000	0.0000	0.0000	0.0000	0.0068	0.0060	0.0008	0.0016	0.0016	0.0001	0.0051	0.0044	0.0007	0.2255	0.1447	0.0808	0.0838	0.0710	0.0128	0.1417	0.0737	0.0680	0.0000	0.0000	0.0000	0.0000	0.0000	0.0000	0.0000	0.0000	0.0000	4.3352	6.7562	0.0001	11.6676	13.7654	0.0007	0.0004	0.0007	0.0000	
77	149	0.1865	6	1	1	0	1	0	0	0	0	N	N	N	N	N	N	N	N	N	N	N	N	0.0000	0.0000	0.0000	0.0000	0.0000	0.0000	0.0000	0.0000	0.0000	0.0000	0.0000	0.0000	0.0000	0.0000	0.0000	0.0000	0.0000	0.0000	3.6129	0.0040	19.8078	0.0093	0.0038	0.0450	5.6583	0.0043	20.0751	1361.1381	0.0000	1.0581	0.3745	5.3497	14.7996	17.2225	0.0000	0.0000	0.0000	0.0000	0.0000	0.0000	0.0000	0.0000	0.0000	1.9562	0.0014	1.9548	0.0018	0.0006	0.0012	1.9544	0.0008	1.9536	0.0204	0.0180	0.0024	0.0053	0.0051	0.0002	0.0151	0.0129	0.0023	0.5415	0.3555	0.1860	0.1961	0.1697	0.0264	0.3454	0.1858	0.1596	0.0000	0.0000	0.0000	0.0000	0.0000	0.0000	0.0000	0.0000	0.0000	3.6129	0.0040	10.5120	0.0093	0.0038	0.0450	5.6583	0.0043	12.2413	
77	150	0.2173	7	0	1	0	1	0	0	0	0	N	N	N	N	N	N	N	N	N	N	N	N	0.0001	0.0001	0.0013	0.0001	0.0001	0.0012	0.0000	0.0000	0.0021	0.0001	0.0002	0.0000	0.0004	0.0004	0.0000	0.0000	0.0000	0.0000	1.7131	2.5303	0.0108	3.9321	4.6235	0.0350	0.1148	0.2045	0.0049	0.0108	0.0020	-0.0000	-0.4755	0.3745	3.6794	14.7996	17.4287	0.0000	0.0000	0.0000	0.0000	0.0000	0.0000	0.0000	0.0000	0.0000	1.0421	1.0400	0.0021	1.0015	1.0001	0.0013	0.0406	0.0398	0.0008	0.0179	0.0159	0.0020	0.0058	0.0056	0.0002	0.0120	0.0102	0.0018	0.6083	0.4110	0.1973	0.2547	0.2163	0.0384	0.3536	0.1947	0.1589	0.0001	0.0001	0.0013	0.0001	0.0001	0.0012	0.0000	0.0000	0.0021	1.7131	2.5303	0.0108	3.9321	4.6235	0.0350	0.1148	0.2045	0.0049
77	151	0.1865	6	0	1	0	1	0	0	0	0	N	N	N	N	N	N	N	N	N	N	N	N	0.0032	0.0028	0.0026	0.0001	0.0001	0.0000	0.0096	0.0109	0.0026	0.0002	0.0002	0.0001	0.0000	0.0000	0.0000	0.0002	0.0003	0.0001	0.0556	0.0708	0.0248	0.1031	0.1154	0.0193	0.0256	0.0254	0.0258	0.0449	0.1734	-0.0000	-0.0064	0.3745	3.4464	14.7996	10.1316	0.0000	0.0000	0.0000	0.0000	0.0000	0.0000	0.0000	0.0000	0.0000	0.0206	0.0176	0.0030	0.0148	0.0144	0.0004	0.0058	0.0031	0.0027	0.0142	0.0125	0.0017	0.0039	0.0038	0.0001	0.0103	0.0087	0.0016	0.3708	0.2481	0.1227	0.1436	0.1252	0.0184	0.2272	0.1229	0.1043	0.0032	0.0028	0.0026	0.0001	0.0001	0.0000	0.0096	0.0109	0.0026	0.0556	0.0708	0.0248	0.1031	0.1154	0.0193	0.0256	0.0254	0.0258
77	152	0.6138	12	1	1	0	1	0	0	0	0	N	N	N	N	N	N	N	N	N	N	N	N	0.0000	0.0000	0.0000	0.0000	0.0000	0.0000	0.0000	0.0000	0.0000	0.0000	0.0000	0.0000	0.0000	0.0000	0.0000	0.0000	0.0000	0.0000	0.1671	0.2252	0.0437	0.3221	0.3802	0.0034	0.0262	0.0000	0.0557	0.0912	0.0000	-0.0156	0.3745	1.0143	14.7996	12.0086	0.0000	0.0000	0.0000	0.0000	0.0000	0.0000	0.0000	0.0000	0.0000	0.0415	0.0381	0.0035	0.0381	0.0381	0.0001	0.0034	0.0000	0.0034	0.0033	0.0030	0.0004	0.0011	0.0010	0.0001	0.0023	0.0019	0.0003	0.2485	0.1690	0.0795	0.1183	0.1001	0.0182	0.1302	0.0689	0.0612	0.0000	0.0000	0.0000	0.0000	0.0000	0.0000	0.0000	0.0000	0.0000	0.1671	0.2252	0.0437	0.3221	0.3802	0.0034	0.0262	0.0000	0.0557	
77	153	0.6116	11	1	1	0	1	0	0	0	0	N	N	N	N	N	N	N	N	N	N	N	N	0.0000	0.0000	0.0000	0.0000	0.0000	0.0000	0.0000	0.0000	0.0000	0.0000	0.0000	0.0000	0.0000	0.0000	0.0000	0.0000	0.0000	0.0894	0.1147	0.0360	0.1624	0.1915	0.0001	0.0222	0.0000	0.0465	0.1486	0.0000	-0.0006	0.3745	0.9811	14.7996	0.0216	0.0000	0.0000	0.0000	0.0000	0.0000	0.0000	0.0000	0.0000	0.0000	0.0018	0.0016	0.0002	0.0016	0.0016	0.0000	0.0002	0.0000	0.0002	0.0032	0.0029	0.0004	0.0010	0.0010	0.0000	0.0022	0.0019	0.0003	0.0204	0.0138	0.0065	0.0098	0.0083	0.0015	0.0106	0.0055	0.0051	0.0000	0.0000	0.0000	0.0000	0.0000	0.0000	0.0000	0.0000	0.0000	0.0894	0.1147	0.0360	0.1624	0.1915	0.0001	0.0222	0.0000	0.0465		
77	154	0.6070	10	1	1	0	1	0	0	0	0	N	N	N	N	N	N	N	N	N	N	N	N	0.0000	0.0000	0.0000	0.0000	0.0000	0.0000	0.0000	0.0000	0.0000	0.0000	0.0000	0.0000	0.0000	0.0000	0.0000	0.0000	0.0000	0.0000	0.0516	0.0170	0.1245	0.0240	0.0282	0.0011	0.0774	0.0000	0.1619	3.4582	0.0000	0.0007	0.3745	0.0083	14.7996	2.0001	0.0000	0.0000	0.0000	0.0000	0.0000	0.0000	0.0000	0.0000	0.0000	0.0021	0.0005	0.0017	0.0005	0.0005	0.0000	0.0017	0.0000	0.0017	0.0000	0.0000	0.0000	0.0000	0.0000	0.0000	0.0000	0.0000	0.0000	0.0416	0.0282	0.0134	0.0202	0.0170	0.0031	0.0215	0.0112	0.0103	0.0000	0.0000	0.0000	0.0000	0.0000	0.0000	0.0000	0.0000	0.0000	0.0516	0.0170	0.1245	0.0240	0.0282	0.0011	0.0774	0.0000	0.1619	
77	155	0.5834	9	0	1	0	1	0	0	0	0	N	N	N	N	N	N	N	N	N	N	N	N	0.0000	0.0000	0.0000	0.0000	0.0000	0.0000	0.0000	0.0000	0.0000	0.0000	0.0000	0.0000	0.0000	0.0000	0.0000	0.0000	0.0000	0.0000	0.2919	0.0110	0.9198	0.0224	0.0182	0.0482	0.5439	0.0003	1.1675	37.3426	0.0000	0.0363	0.3745	2.9180	14.7996	7.4065	0.0000	0.0000	0.0000	0.0000	0.0000	0.0000	0.0000	0.0000	0.0000	0.0705	0.0018	0.0686	0.0026	0.0018	0.0008	0.0679	0.0000	0.0678	0.0097	0.0086	0.0011	0.0033	0.0031	0.0002	0.0065	0.0056	0.0009	0.2414	0.1668	0.0746	0.1166	0.1001	0.0165	0.1248	0.0666	0.0581	0.0000	0.0000	0.0000	0.0000	0.0000	0.0000	0.0000	0.0000	0.0000	0.2919	0.0110	0.9198	0.0224	0.0182	0.0482	0.5439	0.0003	1.1675	
77	156	0.5176	8	0	0	0	1	0	0	0	0	N	N	N	N	N	N	N	N	N	N	N	N	0.0000	0.0000	0.0000	0.0000	0.0000	0.0000	0.0000	0.0000	0.0000	0.0000	0.0000	0.0000	0.0000	0.0000	0.0000	0.0000	0.0000	0.0000	0.0206	0.0157	0.0315	0.0316	0.0251	0.0715	0.0102	0.0012	0.0203	0.8998	0.0000	0.0002	0.3745	8.2479	14.7996	19.7214	0.0000	0.0000	0.0000	0.0000	0.0000	0.0000	0.0000	0.0000	0.0000	0.0142	0.0075	0.0067	0.0106	0.0072	0.0033	0.0036	0.0002	0.0034	0.0369	0.0332	0.0037	0.0154	0.0146	0.0007	0.0216	0.0186	0.0030	0.6875	0.4746	0.2129	0.3342	0.2875	0.0467	0.3533	0.1871	0.1662	0.0000	0.0000	0.0000	0.0000	0.0000	0.0000	0.0000	0.0000	0.0000	0.0206	0.0157	0.0315	0.0316	0.0251	0.0715	0.0102	0.0012	0.0203	
77	157	0.4814	7	0	0	0	1	0	0	0	0	N	N	N	N	N	N	N	N	N	N	N	N	0.0001	0.0000	0.0004	0.0000	0.0000	0.0000	0.0001	0.0000	0.0010	0.0000	0.0000	0.0000	0.0000	0.0000	0.0000	0.0000	0.0000	0.0001	0.0721	0.0549	0.1115	0.0905	0.0575	0.3190	0.0541	0.0507	0.0578	inf	0.8900	0.0000	0.0006	0.3745	7.4725	14.7996	14.3153	0.0000	0.0000	0.0000	0.0000	0.0000	0.0000	0.0000	0.0000	0.0000	0.0496	0.0263	0.0234	0.0309	0.0171	0.0137	0.0188	0.0091	0.0096	0.0279	0.0249	0.0031	0.0093	0.0088	0.0005	0.0187	0.0160	0.0026	0.6881	0.4785	0.2097	0.3415	0.2984	0.0431	0.3467	0.1801	0.1666	0.0001	0.0000	0.0004	0.0000	0.0000	0.0000	0.0001	0.0000	0.0010	0.0721	0.0549	0.1115	0.0905	0.0575	0.3190	0.0541	0.0507	0.0578
77	158	0.4159	6	0	0	0	1	0	0	0	0	N	N	N	N	N	N	N	N	N	N	N	N	0.0030	0.0000	0.0267	0.0003	0.0001	0.0019	0.0034	0.0000	0.0398	0.0005	0.0000	0.0044	0.0000	0.0000	0.0006	0.0007	0.0000	0.0048	0.1626	0.1611	0.1661	0.1274	0.0979	0.3404	0.1978	0.2665	0.1214	135.7875	0.4372	0.0000	-0.0250	0.3745	11.6653	14.7996	19.4910	0.0000	0.0000	0.0000	0.0000	0.0000	0.0000	0.0000	0.0000	0.0000	0.1618	0.1126	0.0492	0.0634	0.0428	0.0206	0.0985	0.0698	0.0286	0.0420	0.0375	0.0045	0.0124	0.0120	0.0004	0.0296	0.0255	0.0041	0.9953	0.6990	0.2963	0.4975	0.4371	0.0605	0.4978	0.2619	0.2358	0.0030	0.0000	0.0267	0.0003	0.0001	0.0019	0.0034	0.0000	0.0398	0.1626	0.1611	0.1661	0.1274	0.0979	0.3404	0.1978	0.2665	0.1214
77	159	0.3687	5	0	0	0	1	0	0	0	0	N	N	N	N	N	N	N	N	N	N	N	N	0.0011	0.0006	0.0054	0.0047	0.0074	0.0012	0.0005	0.0000	0.0061	0.0014	0.0007	0.0073	0.0020	0.0020	0.0020	0.0011	0.0000	0.0080	1.2528	1.2067	1.3605	0.4214	0.2642	1.6274	2.0573	2.7551	1.2983	1.1882	0.4835	0.0000	-0.1736	0.3745	7.3933	14.7996	20.5306	0.0000	0.0000	0.0000	0.0000	0.0000	0.0000	0.0000	0.0000	0.0000	1.3108	0.8835	0.4272	0.2168	0.1203	0.0965	1.0939	0.7633	0.3307	0.0309	0.0277	0.0033	0.0105	0.0101	0.0004	0.0204	0.0175	0.0029	1.0462	0.7322	0.3140	0.5145	0.4552	0.0593	0.5317	0.2770	0.2547	0.0011	0.0006	0.0054	0.0047	0.0074	0.0012	0.0005	0.0000	0.0061	1.2528	1.2067	1.3605	0.4214	0.2642	1.6274	2.0573	2.7551	1.2983
77	160	0.1325	4	0	0	0	1	0	0	0	0	N	N	N	N	N	N	N	N	N	N	N	N	0.0281	0.0000	0.1340	0.0008	0.0000	0.0141	0.0473	0.0000	0.1958	0.0446	0.0000	0.3939	0.0021	0.0000	0.1798	0.0534	0.0000	0.3978	1.5885	0.7727	2.9398	2.6950	1.4572	12.7576	1.1287	0.2951	2.0314	6597.1071	2.2971	0.0020	0.5859	0.3745	27.6416	14.7996	54.6365	0.0037	0.0000	0.0037	0.0000	0.0000	0.0000	0.0036	0.0000	0.0036	2.4583	0.7456	1.7127	1.2244	0.5778	0.6466	1.2338	0.1677	1.0661	0.0821	0.0728	0.0093	0.0141	0.0140	0.0002	0.0679	0.0588	0.0091	1.5475	0.9649	0.5826	0.4543	0.3965	0.0578	1.0932	0.5684	0.5248	0.0281	0.0000	0.1340	0.0008	0.0000	0.0161	0.0473	0.0000	0.1958	1.5885	0.7727	2.9398	2.6950	1.4572	11.1859	1.1287	0.2951	2.0314
77	161	0.2370	10	1	1	0	1	0	0	0	0	N	N	N	N	N	N	N	N	N	N	N	N	0.0000	0.0000	0.0000	0.0000	0.0000	0.0000	0.0000	0.0000	0.0000	0.0000	0.0000	0.0000	0.0000	0.0000	0.0000	0.0000	0.0000	24.1499	0.0000	114.7735	0.0274	0.0000	0.1754	23.0354	0.0000	118.1734	8249562.0776	0.0000	0.5255	0.3745	0.0002	14.7996	3.0099	0.0000	0.0000	0.0000	0.0000	0.0000	0.0000	0.0000	0.0000	0.0000	0.9701	0.0000	0.9701	0.0007	0.0000	0.0007	0.9695	0.0000	0.9695	0.0000	0.0000	0.0000	0.0000	0.0000	0.0000	0.0000	0.0000	0.0000	0.0664	0.0426	0.0238	0.0243	0.0205	0.0038	0.0421	0.0221	0.0200	0.0000	0.0000	0.0000	0.0000	0.0000	0.0000	0.0000	0.0000	0.0000	14.6148	0.0000	40.8330	0.0274	0.0000	0.1754	23.0354	0.0000	48.5746		
77	162	0.2294	9	1	1	0	1	0	0	0	0	N	N	N	N	N	N	N	N	N	N	N	N	0.0000	0.0000	0.0000	0.0000	0.0000	0.0000	0.0000	0.0000	0.0000	0.0000	0.0000	0.0000	0.0000	0.0000	0.0000	0.0000	0.0000	0.0000	0.0445	0.0021	0.1193	0.0009	0.0010	0.0005	0.0691	0.0031	0.1420	31.7186	0.0000	0.0015	0.3745	0.9998	14.7996	2.0118	0.0000	0.0000	0.0000	0.0000	0.0000	0.0000	0.0000	0.0000	0.0000	0.0029	0.0001	0.0028	0.0000	0.0000	0.0000	0.0029	0.0001	0.0028	0.0034	0.0030	0.0004	0.0008	0.0008	0.0000	0.0026	0.0022	0.0004	0.0650	0.0415	0.0235	0.0235	0.0197	0.0038	0.0415	0.0218	0.0197	0.0000	0.0000	0.0000	0.0000	0.0000	0.0000	0.0000	0.0000	0.0000	0.0445	0.0021	0.1193	0.0009	0.0010	0.0005	0.0691	0.0031	0.1420	
77	163	0.2294	8	1	1	0	1	0	0	0	0	N	N	N	N	N	N	N	N	N	N	N	N	0.0000	0.0000	0.0000	0.0000	0.0000	0.0000	0.0000	0.0000	0.0000	0.0000	0.0000	0.0000	0.0000	0.0000	0.0000	0.0013	0.0011	0.0021	0.0028	0.0020	0.0187	0.0000	0.0000	0.0000	0.4494	0.0000	-0.0000	0.3745	0.0000	14.7996	0.0003	0.0000	0.0000	0.0000	0.0000	0.0000	0.0000	0.0000	0.0000	0.0000	0.0000	0.0000	0.0000	0.0000	0.0000	0.0000	0.0000	0.0000	0.0000	0.0000	0.0000	0.0000	0.0000	0.0000	0.0000	0.0000	0.0000	0.0000	0.0000	0.0000	0.0000	0.0000	0.0000	0.0000	0.0000	0.0000	0.0000	0.0000	0.0000	0.0000	0.0000	0.0000	0.0000	0.0000	0.0000	0.0000	0.0013	0.0011	0.0021	0.0028	0.0020	0.0187	0.0000	0.0000	0.0000				
77	164	0.2184	7	0	1	0	1	0	0	0	0	N	N	N	N	N	N	N	N	N	N	N	N	0.0000	0.0000	0.0000	0.0000	0.0000	0.0000	0.0000	0.0000	0.0000	0.0000	0.0000	0.0000	0.0000	0.0000	0.0000	0.0000	0.0000	0.0000	0.0634	0.0979	0.0001	0.1607	0.1880	0.0001	0.0003	0.0006	0.0001	0.0005	0.0000	-0.0032	0.3745	0.0063	14.7996	4.3641	0.0000	0.0000	0.0000	0.0000	0.0000	0.0000	0.0000	0.0000	0.0000	0.0070	0.0070	0.0000	0.0070	0.0070	0.0000	0.0000	0.0000	0.0000	0.0001	0.0000	0.0000	0.0000	0.0000	0.0000	0.0000	0.0000	0.0000	0.1105	0.0715	0.0390	0.0435	0.0371	0.0063	0.0670	0.0344	0.0326	0.0000	0.0000	0.0000	0.0000	0.0000	0.0000	0.0000	0.0000	0.0000	0.0634	0.0979	0.0001	0.1607	0.1880	0.0001	0.0003	0.0006	0.0001	
77	165	0.1865	6	0	0	0	1	0	0	0	0	N	N	N	N	N	N	N	N	N	N	N	N	0.0000	0.0000	0.0000	0.0000	0.0000	0.0000	0.0000	0.0000	0.0000	0.0000	0.0000	0.0000	0.0000	0.0000	0.0000	0.0000	0.0000	0.0000	0.0647	0.0946	0.0036	0.1573	0.1796	0.0045	0.0051	0.0065	0.0035	0.0187	0.0000	-0.0100	0.3745	2.5207	14.7996	10.0226	0.0000	0.0000	0.0000	0.0000	0.0000	0.0000	0.0000	0.0000	0.0000	0.0227	0.0223	0.0004	0.0216	0.0215	0.0001	0.0011	0.0007	0.0003	0.0112	0.0098	0.0014	0.0033	0.0032	0.0001	0.0079	0.0066	0.0013	0.3504	0.2353	0.1151	0.1373	0.1198	0.0174	0.2132	0.1155	0.0977	0.0000	0.0000	0.0000	0.0000	0.0000	0.0000	0.0000	0.0000	0.0000	0.0647	0.0946	0.0036	0.1573	0.1796	0.0045	0.0051	0.0065	0.0035	
77	166	0.1709	5	0	0	0	1	0	0	0	0	N	N	N	N	N	N	N	N	N	N	N	N	0.0000	0.0000	0.0000	0.0000	0.0000	0.0000	0.0000	0.0000	0.0000	0.0000	0.0000	0.0000	0.0000	0.0000	0.0000	0.0000	0.0000	0.0000	0.1646	0.1106	0.2789	0.1626	0.1852	0.0264	0.1661	0.0176	0.3403	1.1903	0.0000	0.0037	0.3745	2.6894	14.7996	4.6619	0.0000	0.0000	0.0000	0.0000	0.0000	0.0000	0.0000	0.0000	0.0000	0.0439	0.0200	0.0239	0.0191	0.0186	0.0004	0.0248	0.0014	0.0234	0.0132	0.0115	0.0016	0.0048	0.0044	0.0004	0.0083	0.0071	0.0012	0.2667	0.1812	0.0855	0.1173	0.1005	0.0167	0.1494	0.0806	0.0688	0.0000	0.0000	0.0000	0.0000	0.0000	0.0000	0.0000	0.0000	0.0000	0.1646	0.1106	0.2789	0.1626	0.1852	0.0264	0.1661	0.0176	0.3403	
77	167	0.1325	4	0	0	0	1	0	0	0	0	N	N	N	N	N	N	N	N	N	N	N	N	0.0000	0.0000	0.0000	0.0000	0.0000	0.0000	0.0000	0.0000	0.0000	0.0000	0.0000	0.0000	0.0000	0.0000	0.0000	0.0000	0.0000	0.0000	2.7653	0.8560	5.5451	1.1446	1.2450	0.0105	3.7944	0.2680	6.0104	4.4496	-0.0000	0.4318	0.3745	2.7966	14.7996	8.5340	0.0000	0.0000	0.0000	0.0000	0.0000	0.0000	0.0000	0.0000	0.0000	1.2057	0.2213	0.9845	0.1938	0.1937	0.0001	1.0119	0.0276	0.9843	0.0091	0.0080	0.0011	0.0015	0.0015	0.0000	0.0076	0.0065	0.0011	0.4360	0.2585	0.1775	0.1693	0.1556	0.0138	0.2667	0.1029	0.1638	0.0000	0.0000	0.0000	0.0000	0.0000	0.0000	0.0000	0.0000	0.0000	2.7653	0.8560	5.5451	1.1446	1.2450	0.0105	3.7944	0.2680	6.0104	
78	81	0.6364	9	0	1	1	1	0	0	0	0	N	N	N	N	N	N	N	N	N	N	N	N	0.0000	0.0000	0.0000	0.0000	0.0000	0.0000	0.0000	0.0000	0.0000	0.0000	0.0000	0.0000	0.0000	0.0000	0.0000	0.0000	0.0000	0.0000	0.0005	0.0000	0.0016	0.0005	0.0001	0.0021	0.0005	0.0000	0.0011	14.7626	0.0000	0.0000	1.4595	2.0162	10.3922	4.5500	0.0000	0.0000	0.0000	0.0000	0.0000	0.0000	0.0000	0.0000	0.0000	0.0001	0.0000	0.0001	0.0000	0.0000	0.0000	0.0000	0.0000	0.0000	0.0219	0.0191	0.0028	0.0093	0.0087	0.0006	0.0126	0.0104	0.0022	0.1354	0.0968	0.0386	0.0879	0.0694	0.0185	0.0475	0.0274	0.0202	0.0000	0.0000	0.0000	0.0000	0.0000	0.0000	0.0000	0.0000	0.0000	0.0005	0.0000	0.0016	0.0005	0.0001	0.0021	0.0005	0.0000	0.0011	
78	82	0.2039	7	0	1	1	1	0	0	0	0	N	N	N	N	N	N	N	N	N	N	N	N	0.0000	0.0000	0.0000	0.0001	0.0001	0.0000	0.0000	0.0000	0.0000	0.0000	0.0000	0.0000	0.0000	0.0000	0.0000	0.0000	0.0000	0.0000	0.2121	0.3129	0.0020	0.0102	0.0122	0.0001	0.3804	0.7044	0.0025	0.0313	0.0030	-0.0000	-0.0162	1.4595	3.0011	10.3922	3.7015	0.0000	0.0000	0.0000	0.0000	0.0000	0.0000	0.0000	0.0000	0.0000	0.0356	0.0355	0.0001	0.0008	0.0008	0.0000	0.0348	0.0347	0.0001	0.0323	0.0278	0.0045	0.0049	0.0047	0.0003	0.0273	0.0232	0.0042	0.1678	0.1134	0.0544	0.0763	0.0641	0.0121	0.0915	0.0493	0.0423	0.0000	0.0000	0.0000	0.0001	0.0001	0.0000	0.0000	0.0000	0.0000	0.2121	0.3129	0.0020	0.0102	0.0122	0.0001	0.3804	0.7044	0.0025
78	83	0.1924	6	0	1	0	1	0	0	0	0	N	N	N	N	N	N	N	N	N	N	N	N	0.0001	0.0001	0.0000	0.0152	0.0139	0.0000	0.0000	0.0000	0.0000	0.0005	0.0005	0.0000	0.0031	0.0033	0.0000	0.0000	0.0000	0.0000	3.6883	5.8684	0.0149	0.2034	0.2348	0.0162	6.8996	12.9393	0.0146	0.0001	0.0013	-0.0000	-0.3949	1.4595	2.0032	10.3922	4.2039	0.0000	0.0000	0.0000	0.0000	0.0000	0.0000	0.0000	0.0000	0.0000	0.8639	0.8629	0.0011	0.0228	0.0226	0.0003	0.8411	0.8403	0.0008	0.0217	0.0187	0.0030	0.0032	0.0031	0.0002	0.0185	0.0157	0.0028	0.2342	0.1611	0.0731	0.1123	0.0962	0.0161	0.1219	0.0649	0.0570	0.0001	0.0001	0.0000	0.0152	0.0139	0.0000	0.0000	0.0000	0.0000	3.6883	5.3549	0.0149	0.2034	0.2348	0.0162	6.8996	12.9393	0.0146
78	84	0.1892	6	1	0	1	1	0	0	0	0	N	N	N	N	N	N	N	N	N	N	N	N	0.0000	0.0000	0.0000	0.0000	0.0000	0.0000	0.0000	0.0000	0.0000	0.0000	0.0000	0.0000	0.0000	0.0000	0.0000	0.0000	0.0000	0.0000	0.0657	0.0890	0.0201	0.1466	0.1608	0.0660	0.0045	0.0000	0.0093	0.1155	0.0000	-0.0031	1.4595	1.0052	10.3922	4.9545	0.0000	0.0000	0.0000	0.0000	0.0000	0.0000	0.0000	0.0000	0.0000	0.0087	0.0078	0.0009	0.0084	0.0078	0.0006	0.0003	0.0000	0.0003	0.0111	0.0096	0.0015	0.0018	0.0017	0.0001	0.0093	0.0078	0.0014	0.1328	0.0878	0.0449	0.0572	0.0486	0.0085	0.0756	0.0392	0.0364	0.0000	0.0000	0.0000	0.0000	0.0000	0.0000	0.0000	0.0000	0.0000	0.0657	0.0890	0.0201	0.1466	0.1608	0.0660	0.0045	0.0000	0.0093	
78	85	0.1698	5	1	0	1	1	0	0	0	0	N	N	N	N	N	N	N	N	N	N	N	N	0.0000	0.0000	0.0000	0.0000	0.0000	0.0000	0.0000	0.0000	0.0000	0.0000	0.0000	0.0000	0.0000	0.0000	0.0000	0.0000	0.0000	0.0000	0.1651	0.0095	0.4868	0.1958	0.0134	1.2032	0.1394	0.0042	0.2913	24.8180	0.0000	0.0207	1.4595	0.9968	10.3922	7.6169	0.0000	0.0000	0.0000	0.0000	0.0000	0.0000	0.0000	0.0000	0.0000	0.0412	0.0016	0.0396	0.0223	0.0013	0.0210	0.0189	0.0003	0.0186	0.0109	0.0094	0.0015	0.0016	0.0015	0.0001	0.0093	0.0079	0.0014	0.2496	0.1682	0.0814	0.1139	0.0964	0.0175	0.1357	0.0718	0.0639	0.0000	0.0000	0.0000	0.0000	0.0000	0.0000	0.0000	0.0000	0.0000	0.1651	0.0095	0.4868	0.1958	0.0134	1.2032	0.1394	0.0042	0.2913	
78	86	0.1898	4	1	1	0	1	0	0	0	0	N	N	N	N	N	N	N	N	N	N	N	N	0.0000	0.0000	0.0000	0.0001	0.0002	0.0000	0.0000	0.0000	0.0000	0.0000	0.0000	0.0000	0.0000	0.0000	0.0000	0.0000	0.0000	0.0000	0.0071	0.0019	0.0198	0.0046	0.0025	0.0231	0.0095	0.0010	0.0191	0.0000	4.2808	-0.0000	0.0012	1.4595	5.8060	10.3922	6.1034	0.0000	0.0000	0.0000	0.0000	0.0000	0.0000	0.0000	0.0000	0.0000	0.0035	0.0007	0.0029	0.0011	0.0005	0.0006	0.0024	0.0001	0.0023	0.0736	0.0633	0.0103	0.0151	0.0144	0.0007	0.0585	0.0489	0.0096	0.4980	0.3535	0.1445	0.2450	0.2193	0.0257	0.2530	0.1342	0.1188	0.0000	0.0000	0.0000	0.0001	0.0002	0.0000	0.0000	0.0000	0.0000	0.0071	0.0019	0.0198	0.0046	0.0025	0.0231	0.0095	0.0010	0.0191
78	87	0.0959	3	1	1	0	1	0	0	0	0	N	N	N	N	N	N	N	N	N	N	N	N	0.0076	0.0356	0.0058	0.0000	0.0000	0.0003	0.0058	0.0814	0.0052	0.0127	0.0111	0.0225	0.0000	0.0000	0.0000	0.0136	0.0120	0.0228	1.6801	0.3118	3.8873	0.4340	0.4808	0.1051	2.3442	0.1475	4.3704	0.3378	7.7275	-0.0003	0.5660	1.4595	12.2869	10.3922	21.7146	0.0015	0.0012	0.0004	0.0000	0.0000	0.0000	0.0015	0.0012	0.0004	1.3254	0.1519	1.1736	0.1190	0.1154	0.0036	1.2064	0.0364	1.1700	0.1210	0.1037	0.0173	0.0080	0.0078	0.0002	0.1131	0.0960	0.0171	0.7889	0.4870	0.3019	0.2743	0.2401	0.0342	0.5146	0.2469	0.2677	0.0076	0.0356	0.0058	0.0000	0.0000	0.0003	0.0058	0.0814	0.0052	1.6801	0.3118	3.8873	0.4340	0.4808	0.1051	2.3442	0.1475	4.3704
78	88	0.1924	6	0	1	0	1	0	0	0	0	N	N	N	N	N	N	N	N	N	N	N	N	0.0000	0.0000	0.0000	0.0000	0.0000	0.0000	0.0000	0.0000	0.0000	0.0000	0.0000	0.0000	0.0000	0.0000	0.0000	0.0000	0.0000	0.0000	0.3696	0.3806	0.3467	0.7063	0.6782	0.8606	0.0958	0.0014	0.2066	inf	0.4338	0.0000	-0.0207	1.4595	4.0005	10.3922	9.0093	0.0000	0.0000	0.0000	0.0000	0.0000	0.0000	0.0000	0.0000	0.0000	0.1328	0.0926	0.0402	0.1138	0.0925	0.0214	0.0190	0.0002	0.0188	0.0430	0.0370	0.0059	0.0064	0.0060	0.0004	0.0366	0.0310	0.0056	0.3593	0.2434	0.1159	0.1612	0.1364	0.0248	0.1981	0.1070	0.0911	0.0000	0.0000	0.0000	0.0000	0.0000	0.0000	0.0000	0.0000	0.0000	0.3696	0.3806	0.3467	0.7063	0.6782	0.8606	0.0958	0.0014	0.2066
78	89	0.1698	5	0	1	0	1	0	0	0	0	N	N	N	N	N	N	N	N	N	N	N	N	0.0000	0.0000	0.0000	0.0001	0.0001	0.0000	0.0000	0.0000	0.0000	0.0000	0.0000	0.0000	0.0000	0.0000	0.0000	0.0000	0.0000	0.0000	0.4039	0.5330	0.1388	0.1642	0.1351	0.3219	0.5998	1.0496	0.0892	0.0268	0.1269	-0.0000	-0.0392	1.4595	1.0051	10.3922	9.2650	0.0000	0.0000	0.0000	0.0000	0.0000	0.0000	0.0000	0.0000	0.0000	0.1133	0.1005	0.0128	0.0207	0.0144	0.0063	0.0926	0.0861	0.0065	0.0110	0.0095	0.0015	0.0016	0.0015	0.0001	0.0094	0.0080	0.0014	0.2805	0.1886	0.0919	0.1262	0.1066	0.0196	0.1544	0.0821	0.0723	0.0000	0.0000	0.0000	0.0001	0.0001	0.0000	0.0000	0.0000	0.0000	0.4039	0.5330	0.1388	0.1642	0.1351	0.3219	0.5998	1.0496	0.0892
78	90	0.2182	5	0	0	1	1	0	0	0	0	N	N	N	N	N	N	N	N	N	N	N	N	0.0074	0.0336	0.0010	0.0861	0.0922	0.0000	0.0003	0.0000	0.0010	0.0004	0.0004	0.0001	0.0024	0.0025	0.0000	0.0000	0.0000	0.0001	0.0512	0.0124	0.1322	0.0278	0.0266	0.0472	0.0627	0.0003	0.1371	0.0478	5.0837	-0.0000	0.0051	1.4595	2.3559	10.3922	7.1930	0.0000	0.0000	0.0000	0.0000	0.0000	0.0000	0.0000	0.0000	0.0000	0.0135	0.0022	0.0113	0.0024	0.0022	0.0002	0.0111	0.0000	0.0111	0.0273	0.0238	0.0035	0.0042	0.0040	0.0001	0.0231	0.0197	0.0034	0.2646	0.1790	0.0856	0.0872	0.0825	0.0047	0.1775	0.0966	0.0809	0.0074	0.0336	0.0010	0.0861	0.0922	0.0000	0.0003	0.0000	0.0010	0.0512	0.0124	0.1322	0.0278	0.0266	0.0472	0.0627	0.0003	0.1371
78	91	0.1854	4	0	0	0	1	0	0	0	0	N	N	N	N	N	N	N	N	N	N	N	N	0.1565	0.1699	0.0089	0.3848	0.3751	0.0003	0.0029	0.0001	0.0092	0.0381	0.0431	0.0020	0.1633	0.1652	0.0001	0.0003	0.0000	0.0020	0.2436	0.2535	0.2208	0.4244	0.4405	0.2496	0.1066	0.0094	0.2169	0.0062	0.3782	-0.0013	-0.0332	1.4595	4.9284	10.3922	11.0439	0.0031	0.0031	0.0000	0.0031	0.0031	0.0000	0.0000	0.0000	0.0000	0.1807	0.1311	0.0496	0.1357	0.1290	0.0067	0.0450	0.0021	0.0429	0.0812	0.0714	0.0098	0.0188	0.0186	0.0002	0.0624	0.0528	0.0095	0.7416	0.5170	0.2245	0.3197	0.2928	0.0269	0.4219	0.2242	0.1977	0.1565	0.1699	0.0089	0.3848	0.3751	0.0003	0.0029	0.0001	0.0092	0.2436	0.2535	0.2208	0.4244	0.4405	0.2496	0.1066	0.0094	0.2169
78	92	0.0959	3	0	0	0	1	0	0	0	0	N	N	N	N	N	N	N	N	N	N	N	N	0.0444	0.0081	0.4506	0.0000	0.0000	0.0023	0.1524	0.0931	0.5084	0.0767	0.0180	0.4235	0.0001	0.0001	0.0039	0.0822	0.0194	0.4281	1.7291	2.2192	0.9399	3.9497	4.2672	1.7083	0.5391	0.2084	0.8421	3.9996	0.2630	0.0011	-0.3354	1.4595	3.9161	10.3922	29.2065	0.0031	0.0006	0.0025	0.0000	0.0000	0.0000	0.0031	0.0006	0.0025	1.3410	1.0617	0.2793	1.0687	1.0114	0.0573	0.2722	0.0503	0.2219	0.0401	0.0343	0.0058	0.0026	0.0026	0.0001	0.0374	0.0317	0.0057	0.7755	0.4784	0.2971	0.2706	0.2370	0.0336	0.5050	0.2414	0.2636	0.0444	0.0081	0.4506	0.0000	0.0000	0.0023	0.1524	0.0931	0.5084	1.7291	2.2192	0.9399	3.9497	4.2672	1.7083	0.5391	0.2084	0.8421
78	93	0.6364	9	1	1	0	1	0	0	0	0	N	N	N	N	N	N	N	N	N	N	N	N	0.0000	0.0000	0.0000	0.0000	0.0000	0.0000	0.0000	0.0000	0.0000	0.0000	0.0000	0.0000	0.0000	0.0000	0.0000	0.0000	0.0000	0.0000	0.0681	0.0945	0.0027	0.0560	0.0694	0.0022	0.0886	0.1549	0.0031	0.0114	0.0000	-0.0054	1.4595	2.5103	10.3922	7.4742	0.0000	0.0000	0.0000	0.0000	0.0000	0.0000	0.0000	0.0000	0.0000	0.0121	0.0119	0.0001	0.0062	0.0062	0.0000	0.0058	0.0057	0.0001	0.0260	0.0227	0.0033	0.0109	0.0101	0.0008	0.0151	0.0126	0.0025	0.1770	0.1261	0.0509	0.1113	0.0891	0.0222	0.0657	0.0370	0.0287	0.0000	0.0000	0.0000	0.0000	0.0000	0.0000	0.0000	0.0000	0.0000	0.0681	0.0945	0.0027	0.0560	0.0694	0.0022	0.0886	0.1549	0.0031	
78	94	0.6002	8	0	1	0	1	0	0	0	0	N	N	N	N	N	N	N	N	N	N	N	N	0.0000	0.0000	0.0000	0.0000	0.0000	0.0000	0.0000	0.0000	0.0000	0.0000	0.0000	0.0000	0.0000	0.0000	0.0000	0.0000	0.0000	0.0000	0.0650	0.0884	0.0064	0.0440	0.0539	0.0022	0.0955	0.1581	0.0091	0.0288	0.0000	-0.0063	1.4595	7.1305	10.3922	3.2426	0.0000	0.0000	0.0000	0.0000	0.0000	0.0000	0.0000	0.0000	0.0000	0.0145	0.0141	0.0004	0.0058	0.0058	0.0001	0.0087	0.0084	0.0004	0.0832	0.0734	0.0099	0.0319	0.0301	0.0018	0.0513	0.0433	0.0081	0.2237	0.1600	0.0637	0.1323	0.1070	0.0253	0.0914	0.0529	0.0384	0.0000	0.0000	0.0000	0.0000	0.0000	0.0000	0.0000	0.0000	0.0000	0.0650	0.0884	0.0064	0.0440	0.0539	0.0022	0.0955	0.1581	0.0091	
78	95	0.1698	5	1	1	0	1	0	0	0	0	N	N	N	N	N	N	N	N	N	N	N	N	0.0001	0.0000	0.0215	0.0000	0.0000	0.0000	0.0001	0.0000	0.0185	0.0001	0.0000	0.0009	0.0000	0.0000	0.0000	0.0001	0.0000	0.0009	1.6726	2.4921	0.0399	0.1920	0.2289	0.0040	2.7311	4.9774	0.0491	inf	0.0080	0.0000	-0.4739	1.4595	8.0000	10.3922	22.5660	0.0000	0.0000	0.0000	0.0000	0.0000	0.0000	0.0000	0.0000	0.0000	1.0521	1.0437	0.0084	0.0504	0.0502	0.0002	1.0018	0.9936	0.0082	0.0846	0.0729	0.0117	0.0121	0.0114	0.0007	0.0725	0.0615	0.0110	0.6290	0.4188	0.2102	0.2622	0.2192	0.0430	0.3668	0.1996	0.1672	0.0001	0.0000	0.0215	0.0000	0.0000	0.0000	0.0001	0.0000	0.0185	1.6726	2.4921	0.0399	0.1920	0.2289	0.0040	2.7311	4.9774	0.0491
78	96	0.0959	3	0	0	0	1	0	0	0	0	N	N	N	N	N	N	N	N	N	N	N	N	6.2236	0.0004	35.2858	0.0119	0.0015	0.5834	6.3900	0.0003	33.8151	8.3878	0.0004	58.7227	0.0147	0.0020	0.5507	8.9779	0.0003	59.3523	1.3477	1.1502	1.6642	1.2425	1.2841	0.9440	1.4050	1.0151	1.7552	22051.3909	0.9033	0.5546	0.0162	1.4595	11.9964	10.3922	18.8414	0.9924	0.0000	0.9923	0.0001	0.0000	0.0001	0.9922	0.0000	0.9922	0.9978	0.5243	0.4736	0.3240	0.2939	0.0301	0.6738	0.2304	0.4434	0.1183	0.1014	0.0169	0.0078	0.0076	0.0002	0.1105	0.0938	0.0167	0.7404	0.4558	0.2846	0.2608	0.2289	0.0319	0.4796	0.2269	0.2526	6.2236	0.0004	35.2858	0.0119	0.0015	0.5834	6.3900	0.0003	33.8151	1.3477	1.1502	1.6642	1.2425	1.2841	0.9440	1.4050	1.0151	1.7552
78	98	0.2003	7	1	1	1	1	0	0	0	0	N	N	N	N	N	N	N	N	N	N	N	N	0.0000	0.0000	0.0000	0.0000	0.0000	0.0000	0.0000	0.0000	0.0000	0.0000	0.0000	0.0000	0.0000	0.0000	0.0000	0.0000	0.0000	0.0000	2.8698	0.3134	12.1957	0.5412	0.5701	0.4043	4.7662	0.0028	15.2090	12.5285	0.0000	0.5022	1.4595	0.9502	10.3922	16.1595	0.0000	0.0000	0.0000	0.0000	0.0000	0.0000	0.0000	0.0000	0.0000	1.0738	0.0794	0.9944	0.0909	0.0790	0.0118	0.9829	0.0003	0.9826	0.0122	0.0106	0.0016	0.0028	0.0027	0.0001	0.0094	0.0079	0.0014	0.3742	0.2533	0.1209	0.1679	0.1387	0.0293	0.2062	0.1146	0.0916	0.0000	0.0000	0.0000	0.0000	0.0000	0.0000	0.0000	0.0000	0.0000	2.8698	0.3134	8.2250	0.5412	0.5701	0.4043	4.7662	0.0028	10.7256	
78	99	0.0959	3	0	1	0	1	0	0	0	0	N	N	N	N	N	N	N	N	N	N	N	N	5.6667	0.0003	34.5732	0.0108	0.0013	36.7164	5.8028	0.0003	31.1017	8.3878	0.0004	58.7227	0.0147	0.0020	0.5507	8.9779	0.0003	59.3523	1.4802	1.3428	1.6985	1.3599	1.5428	0.0150	1.5472	1.1322	1.9083	22051.3909	0.7962	0.5546	-0.0154	1.4595	11.9964	10.3922	15.6499	0.9924	0.0000	0.9923	0.0001	0.0000	0.0001	0.9922	0.0000	0.9922	1.0216	0.5688	0.4529	0.3356	0.3352	0.0004	0.6860	0.2336	0.4524	0.1183	0.1014	0.0169	0.0078	0.0076	0.0002	0.1105	0.0938	0.0167	0.6902	0.4236	0.2666	0.2468	0.2172	0.0295	0.4434	0.2063	0.2371	5.6667	0.0003	34.5732	0.0108	0.0013	36.7164	5.8028	0.0003	31.1017	1.4802	1.3428	1.6985	1.3599	1.5428	0.0150	1.5472	1.1322	1.9083
78	100	0.2033	8	1	0	1	1	0	0	0	0	N	N	N	N	N	N	N	N	N	N	N	N	0.0000	0.0000	0.0000	0.0000	0.0000	0.0000	0.0000	0.0000	0.0000	0.0000	0.0000	0.0000	0.0000	0.0000	0.0000	0.0000	0.0000	0.0000	0.5440	0.6272	0.3735	0.6117	0.6492	0.4379	0.4875	0.5996	0.3525	0.2907	0.0000	-0.0425	1.4595	1.0008	10.3922	13.9255	0.0000	0.0000	0.0000	0.0000	0.0000	0.0000	0.0000	0.0000	0.0000	0.1824	0.1413	0.0411	0.0932	0.0814	0.0118	0.0892	0.0599	0.0292	0.0110	0.0095	0.0015	0.0021	0.0020	0.0001	0.0090	0.0076	0.0014	0.3353	0.2253	0.1100	0.1524	0.1254	0.0270	0.1829	0.1000	0.0830	0.0000	0.0000	0.0000	0.0000	0.0000	0.0000	0.0000	0.0000	0.0000	0.5440	0.6272	0.3735	0.6117	0.6492	0.4379	0.4875	0.5996	0.3525	
78	101	0.2003	7	1	0	1	1	0	0	0	0	N	N	N	N	N	N	N	N	N	N	N	N	0.0000	0.0000	0.0000	0.0000	0.0000	0.0000	0.0000	0.0000	0.0000	0.0000	0.0000	0.0000	0.0000	0.0000	0.0000	0.0000	0.0000	0.0000	0.4988	0.4872	0.5274	0.5697	0.5138	0.7919	0.4096	0.4422	0.3613	0.4428	0.0000	-0.0084	1.4595	0.0532	10.3922	2.0467	0.0000	0.0000	0.0000	0.0000	0.0000	0.0000	0.0000	0.0000	0.0000	0.0554	0.0384	0.0170	0.0353	0.0254	0.0099	0.0201	0.0130	0.0072	0.0023	0.0021	0.0002	0.0010	0.0010	0.0000	0.0013	0.0011	0.0002	0.1111	0.0788	0.0323	0.0619	0.0495	0.0124	0.0492	0.0293	0.0198	0.0000	0.0000	0.0000	0.0000	0.0000	0.0000	0.0000	0.0000	0.0000	0.4988	0.4872	0.5274	0.5697	0.5138	0.7919	0.4096	0.4422	0.3613	
78	102	0.1907	6	1	0	1	1	0	0	0	0	N	N	N	N	N	N	N	N	N	N	N	N	0.0000	0.0000	0.0000	0.0000	0.0000	0.0000	0.0000	0.0000	0.0000	0.0000	0.0000	0.0000	0.0000	0.0000	0.0000	0.0000	0.0000	0.0000	0.2857	0.2984	0.2560	0.3902	0.3361	0.6201	0.1748	0.2432	0.0784	0.3663	0.0000	-0.0094	1.4595	2.0948	10.3922	3.0326	0.0000	0.0000	0.0000	0.0000	0.0000	0.0000	0.0000	0.0000	0.0000	0.0495	0.0362	0.0133	0.0348	0.0243	0.0105	0.0147	0.0120	0.0027	0.0247	0.0214	0.0033	0.0051	0.0049	0.0003	0.0195	0.0165	0.0030	0.1732	0.1214	0.0518	0.0892	0.0722	0.0170	0.0840	0.0492	0.0348	0.0000	0.0000	0.0000	0.0000	0.0000	0.0000	0.0000	0.0000	0.0000	0.2857	0.2984	0.2560	0.3902	0.3361	0.6201	0.1748	0.2432	0.0784	
78	103	0.1698	5	1	0	1	1	0	0	0	0	N	N	N	N	N	N	N	N	N	N	N	N	0.0000	0.0000	0.0000	0.0000	0.0000	0.0000	0.0000	0.0000	0.0000	0.0000	0.0000	0.0000	0.0000	0.0000	0.0000	0.0000	0.0000	0.0000	0.2818	0.1872	0.4772	0.3192	0.1663	1.1628	0.2506	0.2153	0.2902	1.2343	0.0000	0.0067	1.4595	3.9484	10.3922	4.8420	0.0000	0.0000	0.0000	0.0000	0.0000	0.0000	0.0000	0.0000	0.0000	0.0713	0.0319	0.0394	0.0368	0.0162	0.0206	0.0345	0.0157	0.0188	0.0426	0.0366	0.0059	0.0061	0.0058	0.0003	0.0364	0.0309	0.0056	0.2529	0.1704	0.0825	0.1152	0.0975	0.0177	0.1377	0.0729	0.0648	0.0000	0.0000	0.0000	0.0000	0.0000	0.0000	0.0000	0.0000	0.0000	0.2818	0.1872	0.4772	0.3192	0.1663	1.1628	0.2506	0.2153	0.2902	
78	104	0.1282	4	0	1	0	1	0	0	0	0	N	N	N	N	N	N	N	N	N	N	N	N	0.0001	0.0001	0.0000	0.0008	0.0010	0.0000	0.0000	0.0000	0.0000	0.0001	0.0001	0.0000	0.0006	0.0006	0.0000	0.0000	0.0000	0.0000	1.4101	1.9342	0.4539	0.7051	0.5680	1.6026	1.7844	3.1254	0.2826	0.0001	0.1286	-0.0000	-0.4347	1.4595	8.9557	10.3922	32.3127	0.0000	0.0000	0.0000	0.0000	0.0000	0.0000	0.0000	0.0000	0.0000	1.2622	1.1184	0.1439	0.2189	0.1530	0.0659	1.0433	0.9654	0.0779	0.1060	0.0921	0.0140	0.0179	0.0172	0.0007	0.0881	0.0749	0.0132	0.8952	0.5782	0.3169	0.3105	0.2693	0.0411	0.5847	0.3089	0.2758	0.0001	0.0001	0.0000	0.0008	0.0010	0.0000	0.0000	0.0000	0.0000	1.4101	1.9342	0.4539	0.7051	0.5680	1.6026	1.7844	3.1254	0.2826
78	105	0.1536	5	0	0	1	1	0	0	0	0	N	N	N	N	N	N	N	N	N	N	N	N	0.0022	0.0017	0.0000	0.0419	0.0402	0.0000	0.0000	0.0000	0.0000	0.0002	0.0002	0.0000	0.0012	0.0012	0.0000	0.0000	0.0000	0.0000	0.0899	0.1313	0.0070	0.0284	0.0307	0.0138	0.1265	0.2244	0.0057	0.0000	0.0264	-0.0000	-0.0109	1.4595	4.2679	10.3922	7.8415	0.0000	0.0000	0.0000	0.0000	0.0000	0.0000	0.0000	0.0000	0.0000	0.0252	0.0246	0.0006	0.0030	0.0028	0.0002	0.0223	0.0218	0.0005	0.0512	0.0437	0.0075	0.0083	0.0080	0.0003	0.0429	0.0356	0.0072	0.2807	0.1873	0.0934	0.1045	0.0900	0.0145	0.1761	0.0973	0.0789	0.0022	0.0017	0.0000	0.0419	0.0402	0.0000	0.0000	0.0000	0.0000	0.0899	0.1313	0.0070	0.0284	0.0307	0.0138	0.1265	0.2244	0.0057
78	106	0.1282	4	0	0	0	1	0	0	0	0	N	N	N	N	N	N	N	N	N	N	N	N	0.0002	0.0001	0.0008	0.0017	0.0052	0.0000	0.0001	0.0000	0.0008	0.0006	0.0003	0.0026	0.0009	0.0010	0.0000	0.0004	0.0000	0.0028	3.4287	3.5070	3.2863	0.5565	0.1892	2.9675	5.5571	7.9530	3.3463	1.0000	0.5158	0.0000	-0.1602	1.4595	1.9301	10.3922	9.0954	0.0000	0.0000	0.0000	0.0000	0.0000	0.0000	0.0000	0.0000	0.0000	1.3561	0.8947	0.4614	0.0937	0.0276	0.0661	1.2624	0.8670	0.3954	0.0339	0.0300	0.0038	0.0105	0.0101	0.0003	0.0234	0.0199	0.0035	0.3955	0.2551	0.1404	0.1683	0.1461	0.0223	0.2272	0.1090	0.1182	0.0002	0.0001	0.0008	0.0017	0.0052	0.0000	0.0001	0.0000	0.0008	3.4287	3.5070	3.2863	0.5565	0.1892	2.9675	5.5571	7.9530	3.3463
78	107	0.0959	3	0	0	0	1	0	0	0	0	N	N	N	N	N	N	N	N	N	N	N	N	0.0001	0.0005	0.0000	0.0000	0.0000	0.0000	0.0001	0.0004	0.0000	0.0002	0.0003	0.0000	0.0000	0.0000	0.0000	0.0003	0.0003	0.0000	4.5948	0.5705	16.0871	4.6909	0.4661	73.3634	3.9343	0.7240	6.0864	0.0001	11.3332	-0.0000	0.8775	1.4595	3.9049	10.3922	9.6098	0.0000	0.0000	0.0000	0.0000	0.0000	0.0000	0.0000	0.0000	0.0000	1.9054	0.1545	1.7509	0.8313	0.0752	0.7561	1.0741	0.0793	0.9948	0.0400	0.0342	0.0058	0.0026	0.0026	0.0001	0.0373	0.0316	0.0057	0.4522	0.2708	0.1814	0.1792	0.1613	0.0179	0.2730	0.1096	0.1634	0.0001	0.0005	0.0000	0.0000	0.0000	0.0000	0.0001	0.0004	0.0000	4.2138	0.5705	9.6540	4.6395	0.4661	42.1854	3.9343	0.7240	6.0864
78	108	0.1170	5	0	1	0	1	0	0	0	0	N	N	N	N	N	N	N	N	N	N	N	N	636.2197	0.0253	10910.5409	44.8405	0.0787	91176.1419	835.0861	0.0213	9732.5156	11.3743	0.0006	79.1530	1.0851	0.0022	43.2169	12.3015	0.0004	79.6787	0.0179	0.0238	0.0073	0.0242	0.0277	0.0005	0.0147	0.0205	0.0082	22051.3418	0.1694	0.5530	-0.0039	1.4595	8.0392	10.3922	22.6195	0.9895	0.0000	0.9895	0.0078	0.0000	0.0078	0.9817	0.0000	0.9817	0.0125	0.0107	0.0018	0.0056	0.0056	0.0000	0.0069	0.0051	0.0018	0.0870	0.0745	0.0125	0.0072	0.0070	0.0002	0.0798	0.0675	0.0123	0.6971	0.4483	0.2488	0.2317	0.2016	0.0301	0.4654	0.2466	0.2188	636.2197	0.0253	10910.5409	44.8405	0.0787	91176.1419	835.0861	0.0213	9732.5156	0.0179	0.0238	0.0073	0.0242	0.0277	0.0005	0.0147	0.0205	0.0082
78	109	0.1170	4	0	0	0	1	0	0	0	0	N	N	N	N	N	N	N	N	N	N	N	N	51.3001	55.8657	37.5026	67.8057	64.6825	62.5489	42.9530	62.2962	34.7671	3.5971	3.7219	2.9605	5.2820	5.3657	0.6360	2.7248	2.6225	3.0494	0.0701	0.0666	0.0789	0.0779	0.0830	0.0102	0.0634	0.0421	0.0877	0.1560	0.4695	-0.0064	-0.0015	1.4595	0.2031	10.3922	2.0398	0.0208	0.0180	0.0028	0.0104	0.0104	0.0000	0.0104	0.0076	0.0028	0.0111	0.0076	0.0036	0.0057	0.0057	0.0001	0.0054	0.0019	0.0035	0.0058	0.0048	0.0009	0.0020	0.0019	0.0000	0.0038	0.0029	0.0009	0.1590	0.1139	0.0451	0.0735	0.0684	0.0051	0.0855	0.0455	0.0400	51.3001	55.8657	37.5026	67.8057	64.6825	62.5489	42.9530	62.2962	34.7671	0.0701	0.0666	0.0789	0.0779	0.0830	0.0102	0.0634	0.0421	0.0877
78	110	0.6976	10	1	0	1	1	0	0	0	0	N	N	N	N	N	N	N	N	N	N	N	N	0.0000	0.0000	0.0000	0.0000	0.0000	0.0000	0.0000	0.0000	0.0000	0.0000	0.0000	0.0000	0.0000	0.0000	0.0000	0.0000	0.0000	0.0000	0.0000	-0.0000	1.4595	0.0001	10.3922	0.0001	0.0000	0.0000	0.0000	0.0000	0.0000	0.0000	0.0000	0.0000	0.0000	0.0000	0.0000	0.0000	0.0000	0.0000	0.0000	0.0000	0.0000	0.0000	0.0010	0.0008	0.0002	0.0005	0.0005	0.0000	0.0005	0.0003	0.0002	0.0003	0.0001	0.0001	0.0001	0.0001	0.0000	0.0001	0.0000	0.0001	0.0000	0.0000	0.0000	0.0000	0.0000	0.0000	0.0000	0.0000	0.0000	0.0000	0.0000	0.0000	0.0000	0.0000	0.0000	0.0000	0.0000	0.0000											
78	111	0.6837	9	1	0	1	1	0	0	0	0	N	N	N	N	N	N	N	N	N	N	N	N	0.0000	0.0000	0.0000	0.0000	0.0000	0.0000	0.0000	0.0000	0.0000	0.0000	0.0000	0.0000	0.0000	0.0000	0.0000	0.0000	0.0000	0.0000	0.0020	0.0017	0.0031	0.0019	0.0022	0.0001	0.0022	0.0004	0.0042	0.7140	0.0000	-0.0000	1.4595	1.6718	10.3922	2.9223	0.0000	0.0000	0.0000	0.0000	0.0000	0.0000	0.0000	0.0000	0.0000	0.0002	0.0001	0.0001	0.0001	0.0001	0.0000	0.0001	0.0000	0.0001	0.0174	0.0151	0.0022	0.0056	0.0053	0.0003	0.0118	0.0099	0.0019	0.0905	0.0654	0.0251	0.0517	0.0446	0.0070	0.0388	0.0207	0.0181	0.0000	0.0000	0.0000	0.0000	0.0000	0.0000	0.0000	0.0000	0.0000	0.0020	0.0017	0.0031	0.0019	0.0022	0.0001	0.0022	0.0004	0.0042	
78	112	0.6002	8	1	0	1	1	0	0	0	0	N	N	N	N	N	N	N	N	N	N	N	N	0.0000	0.0000	0.0000	0.0000	0.0000	0.0000	0.0000	0.0000	0.0000	0.0000	0.0000	0.0000	0.0000	0.0000	0.0000	0.0000	0.0000	0.0000	0.0225	0.0307	0.0027	0.0274	0.0329	0.0018	0.0161	0.0264	0.0032	0.0369	0.0000	-0.0034	1.4595	14.0283	10.3922	7.1084	0.0000	0.0000	0.0000	0.0000	0.0000	0.0000	0.0000	0.0000	0.0000	0.0080	0.0077	0.0003	0.0055	0.0055	0.0001	0.0025	0.0023	0.0002	0.1341	0.1175	0.0166	0.0467	0.0437	0.0030	0.0874	0.0738	0.0136	0.3569	0.2522	0.1047	0.2013	0.1658	0.0355	0.1556	0.0864	0.0692	0.0000	0.0000	0.0000	0.0000	0.0000	0.0000	0.0000	0.0000	0.0000	0.0225	0.0307	0.0027	0.0274	0.0329	0.0018	0.0161	0.0264	0.0032	
78	113	0.5399	7	0	0	0	1	0	0	0	0	N	N	N	N	N	N	N	N	N	N	N	N	0.0000	0.0000	0.0000	0.0000	0.0000	0.0000	0.0000	0.0000	0.0000	0.0000	0.0000	0.0000	0.0000	0.0000	0.0000	0.0000	0.0000	0.0000	0.1261	0.1629	0.0375	0.1059	0.1298	0.0062	0.1563	0.2349	0.0580	0.0000	0.0959	-0.0000	-0.0232	1.4595	8.6129	10.3922	5.1709	0.0000	0.0000	0.0000	0.0000	0.0000	0.0000	0.0000	0.0000	0.0000	0.0625	0.0570	0.0055	0.0315	0.0311	0.0004	0.0310	0.0259	0.0051	0.1182	0.1050	0.0132	0.0410	0.0391	0.0019	0.0772	0.0660	0.0112	0.4956	0.3500	0.1457	0.2971	0.2397	0.0575	0.1985	0.1103	0.0882	0.0000	0.0000	0.0000	0.0000	0.0000	0.0000	0.0000	0.0000	0.0000	0.1261	0.1629	0.0375	0.1059	0.1298	0.0062	0.1563	0.2349	0.0580
78	114	0.4448	6	0	0	0	1	0	0	0	0	N	N	N	N	N	N	N	N	N	N	N	N	0.0008	0.0006	0.0047	0.0014	0.0013	0.0000	0.0009	0.0002	0.0051	0.0016	0.0016	0.0018	0.0048	0.0052	0.0000	0.0004	0.0001	0.0021	2.0410	2.7520	0.3734	3.5553	4.0775	0.2882	0.4662	0.5245	0.3996	0.1635	0.0579	-0.0001	-0.6815	1.4595	16.8607	10.3922	22.7724	0.0003	0.0002	0.0000	0.0002	0.0002	0.0000	0.0001	0.0000	0.0000	1.6883	1.5960	0.0923	1.4993	1.4825	0.0167	0.1891	0.1135	0.0756	0.1767	0.1542	0.0224	0.0478	0.0447	0.0031	0.1289	0.1096	0.0193	0.8272	0.5799	0.2473	0.4217	0.3636	0.0581	0.4055	0.2164	0.1892	0.0008	0.0006	0.0047	0.0014	0.0013	0.0000	0.0009	0.0002	0.0051	2.0410	2.7520	0.3734	3.5553	4.0775	0.2882	0.4662	0.5245	0.3996
78	115	0.1761	5	1	0	1	1	0	0	0	0	N	N	N	N	N	N	N	N	N	N	N	N	0.0000	0.0000	0.0000	0.0000	0.0000	0.0000	0.0000	0.0000	0.0000	0.0000	0.0000	0.0000	0.0000	0.0000	0.0000	0.0000	0.0000	0.0000	0.0068	0.0096	0.0002	0.0023	0.0026	0.0000	0.0107	0.0192	0.0003	0.0092	0.0000	-0.0005	1.4595	1.0009	10.3922	4.0038	0.0000	0.0000	0.0000	0.0000	0.0000	0.0000	0.0000	0.0000	0.0000	0.0012	0.0012	0.0000	0.0002	0.0002	0.0000	0.0010	0.0010	0.0000	0.0115	0.0099	0.0016	0.0018	0.0017	0.0001	0.0097	0.0082	0.0015	0.1718	0.1202	0.0516	0.0791	0.0691	0.0100	0.0927	0.0511	0.0416	0.0000	0.0000	0.0000	0.0000	0.0000	0.0000	0.0000	0.0000	0.0000	0.0068	0.0096	0.0002	0.0023	0.0026	0.0000	0.0107	0.0192	0.0003	
78	116	0.1477	4	1	0	1	1	0	0	0	0	N	N	N	N	N	N	N	N	N	N	N	N	0.0007	0.0006	0.0000	0.0000	0.0000	0.0000	0.0006	0.0004	0.0000	0.0019	0.0022	0.0000	0.0000	0.0000	0.0000	0.0028	0.0034	0.0000	2.6649	3.9970	0.0375	0.1191	0.1380	0.0098	4.3774	8.1254	0.0435	0.0001	0.0048	-0.0000	-0.3589	1.4595	1.8441	10.3922	10.4794	0.0000	0.0000	0.0000	0.0000	0.0000	0.0000	0.0000	0.0000	0.0000	0.7912	0.7875	0.0037	0.0142	0.0140	0.0002	0.7770	0.7734	0.0036	0.0255	0.0222	0.0033	0.0081	0.0075	0.0006	0.0174	0.0148	0.0027	0.2969	0.1970	0.0999	0.1194	0.1018	0.0176	0.1775	0.0952	0.0823	0.0007	0.0006	0.0000	0.0000	0.0000	0.0000	0.0006	0.0004	0.0000	2.6649	3.9970	0.0375	0.1191	0.1380	0.0098	4.3774	8.1254	0.0435
78	117	0.3320	4	0	1	0	2	0	0	0	0	N	N	N	Y	N	N	N	N	N	N	N	N	0.0332	0.0000	0.0825	0.0157	0.0000	0.0582	0.0246	0.0005	0.0768	0.0488	0.0000	0.4019	0.0040	0.0000	0.0813	0.0669	0.0000	0.4436	1.4702	0.0634	4.8740	0.2519	0.0977	1.3961	2.7244	0.0045	5.7761	19282.9761	31.7893	0.0036	0.6906	1.4595	10.5071	10.3922	20.2622	0.0064	0.0000	0.0064	0.0001	0.0000	0.0001	0.0063	0.0000	0.0063	1.3510	0.0412	1.3098	0.1174	0.0401	0.0773	1.2336	0.0011	1.2326	0.1316	0.1156	0.0160	0.0379	0.0360	0.0018	0.0937	0.0796	0.0141	0.9189	0.6502	0.2687	0.4661	0.4108	0.0553	0.4528	0.2394	0.2134	0.0332	0.0000	0.0825	0.0157	0.0000	0.0582	0.0246	0.0005	0.0768	1.4702	0.0634	4.8740	0.2519	0.0977	1.3961	2.7244	0.0045	5.7761
78	118	0.0959	3	0	1	0	2	0	0	0	0	N	N	N	Y	N	N	N	N	N	N	N	N	0.0000	0.0000	0.0000	0.0000	0.0000	0.0000	0.0000	0.0000	0.0000	0.0000	0.0000	0.0000	0.0000	0.0000	0.0000	0.0000	0.0000	0.0000	1.6381	0.3532	3.6944	0.4100	0.4658	0.0086	2.3078	0.2390	4.1594	6.5366	0.0000	0.4919	1.4595	4.0036	10.3922	26.5072	0.0000	0.0000	0.0000	0.0000	0.0000	0.0000	0.0000	0.0000	0.0000	1.2029	0.1596	1.0433	0.1062	0.1060	0.0003	1.0966	0.0536	1.0430	0.0409	0.0350	0.0059	0.0027	0.0026	0.0001	0.0382	0.0323	0.0059	0.7343	0.4519	0.2824	0.2591	0.2275	0.0316	0.4752	0.2244	0.2507	0.0000	0.0000	0.0000	0.0000	0.0000	0.0000	0.0000	0.0000	0.0000	1.6381	0.3532	3.6944	0.4100	0.4658	0.0086	2.3078	0.2390	4.1594	
78	119	0.1343	4	0	1	0	1	0	0	0	0	N	N	N	N	N	N	N	N	N	N	N	N	0.0000	0.0000	0.0000	0.0000	0.0000	0.0000	0.0000	0.0000	0.0000	0.0000	0.0000	0.0000	0.0000	0.0000	0.0000	0.0000	0.0000	0.0000	0.2496	0.2128	0.3213	0.1778	0.0461	0.9648	0.2923	0.3689	0.2010	0.7759	0.0000	-0.0031	1.4595	3.8169	10.3922	21.2433	0.0000	0.0000	0.0000	0.0000	0.0000	0.0000	0.0000	0.0000	0.0000	0.1433	0.0807	0.0626	0.0381	0.0084	0.0296	0.1052	0.0722	0.0330	0.0564	0.0484	0.0080	0.0160	0.0145	0.0015	0.0404	0.0339	0.0064	0.5740	0.3792	0.1948	0.2140	0.1833	0.0307	0.3600	0.1958	0.1641	0.0000	0.0000	0.0000	0.0000	0.0000	0.0000	0.0000	0.0000	0.0000	0.2496	0.2128	0.3213	0.1778	0.0461	0.9648	0.2923	0.3689	0.2010	
78	120	0.4800	8	0	1	0	1	0	0	0	0	N	N	N	N	N	N	N	N	N	N	N	N	1.5180	1.2962	0.0020	2.7033	2.6219	0.0003	0.0007	0.0005	0.0022	4.3496	4.9663	0.0013	14.1471	14.8912	0.0002	0.0002	0.0000	0.0014	2.8653	3.8313	0.6174	5.2333	5.6796	0.5424	0.3190	0.0078	0.6478	0.0000	0.0692	-0.3676	-1.5729	1.4595	16.3276	10.3922	34.9199	0.8333	0.8333	0.0000	0.8333	0.8333	0.0000	0.0000	0.0000	0.0000	3.9960	3.7372	0.2588	3.8003	3.7348	0.0655	0.1957	0.0024	0.1933	0.1916	0.1678	0.0238	0.0589	0.0560	0.0029	0.1327	0.1118	0.0209	1.3946	0.9754	0.4192	0.7810	0.6602	0.1208	0.6136	0.3152	0.2984	1.5180	1.2962	0.0020	2.9075	2.6325	0.0003	0.0007	0.0005	0.0022	2.8653	3.8313	0.6174	4.8657	5.6567	0.5424	0.3190	0.0078	0.6478
78	121	0.4626	7	0	1	0	1	0	0	0	0	N	N	N	N	N	N	N	N	N	N	N	N	1.3775	1.2932	2.1870	3.2167	3.0179	0.1923	0.5998	0.0464	1.8117	2.7913	2.4016	5.3660	7.3050	7.6451	0.1891	0.9946	0.0141	5.9335	2.0263	1.8572	2.4537	2.2710	2.5332	0.9832	1.6583	0.3049	3.2752	0.3382	0.5229	-0.0400	-0.2163	1.4595	6.1757	10.3922	14.5601	0.2122	0.1586	0.0536	0.1581	0.1579	0.0002	0.0541	0.0006	0.0534	1.8812	1.2353	0.6460	1.2665	1.1737	0.0928	0.6147	0.0615	0.5532	0.0760	0.0660	0.0100	0.0216	0.0207	0.0010	0.0544	0.0454	0.0090	0.9284	0.6651	0.2633	0.5577	0.4633	0.0944	0.3707	0.2018	0.1689	1.3775	1.2932	2.1870	3.2167	3.0179	0.1923	0.5998	0.0464	1.8117	2.0263	1.8572	2.4537	2.2710	2.5332	0.9832	1.6583	0.3049	3.2752
78	122	0.4096	6	0	0	0	1	0	0	0	0	N	N	N	N	N	N	N	N	N	N	N	N	0.6263	0.5572	1.1714	1.1926	1.1769	0.4416	0.3408	0.0009	1.1615	0.9169	0.7527	2.0489	2.1278	2.2266	0.4992	0.3650	0.0003	2.3040	1.4639	1.3509	1.7491	1.7841	1.8920	1.1303	1.0709	0.2987	1.9837	0.3947	0.5129	-0.0139	-0.1579	1.4595	7.5400	10.3922	21.4192	0.0878	0.0630	0.0249	0.0638	0.0629	0.0009	0.0240	0.0000	0.0240	1.3231	0.8745	0.4486	0.8886	0.8089	0.0797	0.4345	0.0657	0.3689	0.0958	0.0837	0.0121	0.0300	0.0283	0.0017	0.0658	0.0554	0.0104	0.9038	0.6474	0.2565	0.4980	0.4275	0.0705	0.4058	0.2198	0.1859	0.6263	0.5572	1.1714	1.1926	1.1769	0.4416	0.3408	0.0009	1.1615	1.4639	1.3509	1.7491	1.7841	1.8920	1.1303	1.0709	0.2987	1.9837
78	123	0.1698	5	0	1	0	1	0	0	0	0	N	N	N	N	N	N	N	N	N	N	N	N	30.1588	0.0011	56753.4693	0.1216	0.0143	40.9724	22.1714	0.0004	93265.4564	23.0123	0.0012	165.5483	0.0185	0.0026	0.2812	26.8737	0.0010	175.9295	0.7630	1.1425	0.0029	0.1522	0.1805	0.0069	1.2121	2.2352	0.0019	22051.3909	0.0013	0.5546	-0.1796	1.4595	4.0019	10.3922	19.5615	0.9924	0.0000	0.9923	0.0001	0.0000	0.0001	0.9922	0.0000	0.9922	0.3929	0.3924	0.0005	0.0332	0.0330	0.0002	0.3597	0.3595	0.0003	0.0431	0.0371	0.0060	0.0062	0.0058	0.0004	0.0369	0.0313	0.0056	0.5150	0.3435	0.1715	0.2182	0.1827	0.0355	0.2968	0.1608	0.1360	30.1588	0.0011	56753.4693	0.1216	0.0143	40.9724	22.1714	0.0004	93265.4564	0.7630	1.1425	0.0029	0.1522	0.1805	0.0069	1.2121	2.2352	0.0019
78	124	0.1477	4	0	0	0	1	0	0	0	0	N	N	N	N	N	N	N	N	N	N	N	N	0.0000	0.0000	0.0000	0.0000	0.0000	0.0000	0.0000	0.0000	0.0000	0.0000	0.0000	0.0000	0.0000	0.0000	0.0000	0.0000	0.0000	0.0000	0.3366	0.3923	0.2252	0.6380	0.6438	0.6034	0.1258	0.1100	0.1439	0.2870	0.0000	-0.0193	1.4595	1.2223	10.3922	8.2281	0.0000	0.0000	0.0000	0.0000	0.0000	0.0000	0.0000	0.0000	0.0000	0.0819	0.0636	0.0183	0.0639	0.0552	0.0087	0.0180	0.0084	0.0096	0.0189	0.0165	0.0024	0.0072	0.0066	0.0006	0.0117	0.0099	0.0018	0.2432	0.1621	0.0811	0.1001	0.0857	0.0143	0.1431	0.0764	0.0667	0.0000	0.0000	0.0000	0.0000	0.0000	0.0000	0.0000	0.0000	0.0000	0.3366	0.3923	0.2252	0.6380	0.6438	0.6034	0.1258	0.1100	0.1439	
78	125	0.0959	3	0	0	0	1	0	0	0	0	N	N	N	N	N	N	N	N	N	N	N	N	0.0000	0.0000	0.0000	0.0000	0.0000	0.0000	0.0000	0.0000	0.0000	0.0000	0.0000	0.0000	0.0000	0.0000	0.0000	0.0000	0.0000	0.0000	0.4687	0.4832	0.4464	0.5132	0.5703	0.0446	0.4415	0.3732	0.4932	0.6018	0.0000	-0.0208	1.4595	5.9920	10.3922	12.2976	0.0000	0.0000	0.0000	0.0000	0.0000	0.0000	0.0000	0.0000	0.0000	0.2510	0.1567	0.0943	0.1042	0.1032	0.0010	0.1468	0.0535	0.0933	0.0607	0.0520	0.0088	0.0040	0.0039	0.0001	0.0567	0.0481	0.0087	0.5356	0.3243	0.2113	0.2031	0.1810	0.0221	0.3325	0.1433	0.1892	0.0000	0.0000	0.0000	0.0000	0.0000	0.0000	0.0000	0.0000	0.0000	0.4687	0.4832	0.4464	0.5132	0.5703	0.0446	0.4415	0.3732	0.4932	
78	126	0.1330	5	0	1	0	1	0	0	0	0	N	N	N	N	N	N	N	N	N	N	N	N	23.1862	691.8881	0.0018	1.7933	4.4756	0.0008	18.0395	5272.4413	0.0017	17.0867	19.9648	0.0036	0.2422	0.2499	0.0006	19.1947	22.8060	0.0037	0.7369	0.0289	2.0302	0.1350	0.0558	0.6851	1.0640	0.0043	2.2229	0.0000	38.5211	-0.4314	0.2045	1.4595	5.0407	10.3922	17.1705	0.9781	0.9780	0.0000	0.0015	0.0015	0.0000	0.9765	0.9765	0.0000	0.3960	0.0100	0.3860	0.0256	0.0092	0.0163	0.3705	0.0008	0.3697	0.0572	0.0490	0.0083	0.0064	0.0062	0.0002	0.0509	0.0428	0.0081	0.5374	0.3472	0.1901	0.1892	0.1654	0.0238	0.3482	0.1819	0.1663	23.1862	691.8881	0.0018	1.7933	4.4756	0.0008	18.0395	5272.4413	0.0017	0.7369	0.0289	2.0302	0.1350	0.0558	0.6851	1.0640	0.0043	2.2229
78	127	0.1170	4	0	1	0	1	0	0	0	0	N	N	N	N	N	N	N	N	N	N	N	N	31.0868	44.5545	7.0163	97.0745	91.8966	14.9563	21.3222	51.4117	6.3957	1.0542	1.1776	0.3467	3.2740	3.3437	0.1459	0.7256	0.8009	0.3505	0.0339	0.0264	0.0494	0.0337	0.0364	0.0098	0.0340	0.0156	0.0548	0.0514	0.9023	-0.0102	0.0002	1.4595	1.9703	10.3922	6.2034	0.0259	0.0247	0.0013	0.0104	0.0104	0.0000	0.0156	0.0143	0.0013	0.0095	0.0050	0.0045	0.0037	0.0036	0.0001	0.0058	0.0014	0.0044	0.0246	0.0210	0.0037	0.0032	0.0031	0.0001	0.0214	0.0178	0.0036	0.2815	0.1899	0.0916	0.1100	0.0990	0.0110	0.1715	0.0908	0.0807	31.0868	44.5545	7.0163	97.0745	91.8966	14.9563	21.3222	51.4117	6.3957	0.0339	0.0264	0.0494	0.0337	0.0364	0.0098	0.0340	0.0156	0.0548
78	128	0.0959	3	0	0	0	1	0	0	0	0	N	N	N	N	N	N	N	N	N	N	N	N	0.9555	0.8600	1.6395	0.0014	0.0010	0.4093	1.1747	2.6407	1.5122	0.9110	0.7815	1.6687	0.0015	0.0012	0.0157	0.9785	0.8484	1.6866	0.9535	0.9087	1.0178	1.1196	1.2246	0.0383	0.8329	0.3213	1.1154	0.3652	0.7803	-0.0018	-0.0071	1.4595	1.1032	10.3922	7.8190	0.0105	0.0077	0.0028	0.0000	0.0000	0.0000	0.0105	0.0077	0.0028	0.3518	0.1976	0.1542	0.1737	0.1732	0.0005	0.1781	0.0244	0.1536	0.0115	0.0098	0.0017	0.0008	0.0008	0.0000	0.0107	0.0091	0.0017	0.3689	0.2174	0.1515	0.1551	0.1414	0.0137	0.2138	0.0760	0.1377	0.9555	0.8600	1.6395	0.0014	0.0010	0.4093	1.1747	2.6407	1.5122	0.9535	0.9087	1.0178	1.1196	1.2246	0.0383	0.8329	0.3213	1.1154
78	129	0.4389	7	0	1	0	1	0	0	0	0	N	N	N	N	N	N	N	N	N	N	N	N	0.0000	0.0000	0.0000	0.0000	0.0000	0.0000	0.0000	0.0000	0.0000	0.0000	0.0000	0.0000	0.0000	0.0000	0.0000	0.0000	0.0000	0.0000	0.0001	0.0000	0.0001	0.0001	0.0000	0.0005	0.0000	0.0000	0.0001	2.2328	0.0000	0.0000	1.4595	1.0033	10.3922	0.8635	0.0000	0.0000	0.0000	0.0000	0.0000	0.0000	0.0000	0.0000	0.0000	0.0000	0.0000	0.0000	0.0000	0.0000	0.0000	0.0000	0.0000	0.0000	0.0306	0.0277	0.0029	0.0174	0.0165	0.0010	0.0132	0.0113	0.0019	0.2203	0.1644	0.0559	0.1283	0.1178	0.0105	0.0920	0.0466	0.0454	0.0000	0.0000	0.0000	0.0000	0.0000	0.0000	0.0000	0.0000	0.0000	0.0001	0.0000	0.0001	0.0001	0.0000	0.0005	0.0000	0.0000	0.0001	
78	130	0.4096	6	0	0	0	1	0	0	0	0	N	N	N	N	N	N	N	N	N	N	N	N	0.0012	0.0014	0.0001	0.0020	0.0019	0.0000	0.0008	0.0013	0.0001	0.0000	0.0000	0.0000	0.0000	0.0000	0.0000	0.0000	0.0000	0.0000	0.0132	0.0130	0.0135	0.0130	0.0147	0.0021	0.0134	0.0095	0.0180	0.0105	0.3948	-0.0000	-0.0017	1.4595	5.5514	10.3922	9.9598	0.0000	0.0000	0.0000	0.0000	0.0000	0.0000	0.0000	0.0000	0.0000	0.0095	0.0068	0.0027	0.0053	0.0052	0.0001	0.0041	0.0016	0.0026	0.0768	0.0671	0.0097	0.0260	0.0245	0.0015	0.0508	0.0426	0.0082	0.7202	0.5208	0.1994	0.4117	0.3547	0.0569	0.3085	0.1661	0.1425	0.0012	0.0014	0.0001	0.0020	0.0019	0.0000	0.0008	0.0013	0.0001	0.0132	0.0130	0.0135	0.0130	0.0147	0.0021	0.0134	0.0095	0.0180
78	131	0.3793	5	0	0	0	1	0	0	0	0	N	N	N	N	N	N	N	N	N	N	N	N	0.2326	0.2445	0.2539	0.5520	0.5740	0.0138	0.0773	0.0004	0.2798	0.2798	0.2659	0.3792	0.8477	0.8894	0.0197	0.0638	0.0001	0.4226	1.2031	1.0879	1.4932	1.5356	1.5494	1.4328	0.8258	0.2115	1.5104	0.1990	0.5453	-0.0087	-0.0926	1.4595	9.1969	10.3922	13.4651	0.0317	0.0264	0.0053	0.0265	0.0264	0.0000	0.0052	0.0000	0.0052	0.8775	0.5678	0.3096	0.5954	0.5297	0.0656	0.2821	0.0381	0.2440	0.1133	0.0994	0.0139	0.0312	0.0297	0.0015	0.0821	0.0697	0.0124	0.7293	0.5220	0.2074	0.3877	0.3419	0.0458	0.3416	0.1801	0.1616	0.2326	0.2445	0.2539	0.5520	0.5740	0.0138	0.0773	0.0004	0.2798	1.2031	1.0879	1.4932	1.5356	1.5494	1.4328	0.8258	0.2115	1.5104
78	132	0.1928	7	1	1	0	2	0	0	0	0	N	N	N	Y	N	N	N	N	N	N	N	N	0.0000	0.0000	0.0000	0.0000	0.0000	0.0000	0.0000	0.0000	0.0000	0.0000	0.0000	0.0000	0.0000	0.0000	0.0000	0.0000	0.0000	0.0000	7.0459	4.4000	12.4003	13.5736	15.5450	0.0085	4.6836	0.0036	13.4234	1.0020	0.0000	0.0194	1.4595	1.0000	10.3922	3.0001	0.0000	0.0000	0.0000	0.0000	0.0000	0.0000	0.0000	0.0000	0.0000	0.4595	0.2295	0.2300	0.2295	0.2294	0.0000	0.2300	0.0001	0.2299	0.0107	0.0093	0.0015	0.0017	0.0016	0.0001	0.0091	0.0077	0.0014	0.0799	0.0522	0.0277	0.0307	0.0257	0.0051	0.0491	0.0265	0.0226	0.0000	0.0000	0.0000	0.0000	0.0000	0.0000	0.0000	0.0000	0.0000	5.7541	4.4000	8.3049	7.4642	8.9369	0.0085	4.6836	0.0036	10.1647	
78	133	0.5917	11	1	1	0	2	0	0	0	0	N	N	N	Y	N	N	N	N	N	N	N	N	0.0000	0.0000	0.0000	0.0000	0.0000	0.0000	0.0000	0.0000	0.0000	0.0000	0.0000	0.0000	0.0000	0.0000	0.0000	0.0000	0.0000	0.0000	43.1926	90.8565	2.2862	652.4682	702.3163	0.0087	1.4669	0.0623	2.9441	0.0279	0.0000	-0.4233	1.4595	0.0006	10.3922	1.9797	0.0000	0.0000	0.0000	0.0000	0.0000	0.0000	0.0000	0.0000	0.0000	0.9818	0.9551	0.0267	0.9545	0.9545	0.0000	0.0273	0.0006	0.0267	0.0000	0.0000	0.0000	0.0000	0.0000	0.0000	0.0000	0.0000	0.0000	0.0388	0.0271	0.0117	0.0202	0.0176	0.0026	0.0186	0.0095	0.0091	0.0000	0.0000	0.0000	0.0000	0.0000	0.0000	0.0000	0.0000	0.0000	25.3099	35.2241	2.2862	47.2456	54.2742	0.0087	1.4669	0.0623	2.9441	
78	134	0.5749	10	1	1	0	2	0	0	0	0	N	N	N	Y	N	N	N	N	N	N	N	N	0.0000	0.0000	0.0000	0.0000	0.0000	0.0000	0.0000	0.0000	0.0000	0.0000	0.0000	0.0000	0.0000	0.0000	0.0000	0.0000	0.0000	0.0000	0.3281	0.2315	0.5574	0.3110	0.3636	0.0001	0.3466	0.0052	0.7464	1.0149	0.0000	0.0021	1.4595	2.0077	10.3922	6.0321	0.0000	0.0000	0.0000	0.0000	0.0000	0.0000	0.0000	0.0000	0.0000	0.0456	0.0227	0.0230	0.0225	0.0225	0.0000	0.0232	0.0002	0.0230	0.0206	0.0179	0.0027	0.0060	0.0055	0.0004	0.0146	0.0124	0.0022	0.1391	0.0979	0.0413	0.0722	0.0618	0.0104	0.0669	0.0361	0.0308	0.0000	0.0000	0.0000	0.0000	0.0000	0.0000	0.0000	0.0000	0.0000	0.3281	0.2315	0.5574	0.3110	0.3636	0.0001	0.3466	0.0052	0.7464	
78	135	0.5702	10	0	1	0	2	0	0	0	0	N	N	N	Y	N	N	N	N	N	N	N	N	0.0000	0.0000	0.0000	0.0000	0.0000	0.0000	0.0000	0.0000	0.0000	0.0000	0.0000	0.0000	0.0000	0.0000	0.0000	0.0000	0.0000	0.0000	0.2613	0.3679	0.0025	0.3203	0.3692	0.0041	0.1982	0.3657	0.0021	0.0028	0.0000	-0.0289	1.4595	3.0348	10.3922	9.3583	0.0000	0.0000	0.0000	0.0000	0.0000	0.0000	0.0000	0.0000	0.0000	0.0633	0.0632	0.0002	0.0402	0.0401	0.0001	0.0232	0.0231	0.0001	0.0318	0.0275	0.0043	0.0088	0.0082	0.0006	0.0230	0.0193	0.0037	0.2424	0.1717	0.0707	0.1254	0.1086	0.0168	0.1169	0.0631	0.0539	0.0000	0.0000	0.0000	0.0000	0.0000	0.0000	0.0000	0.0000	0.0000	0.2613	0.3679	0.0025	0.3203	0.3692	0.0041	0.1982	0.3657	0.0021	
78	136	0.5559	9	0	0	0	2	0	0	0	0	N	N	N	Y	N	N	N	N	N	N	N	N	0.0000	0.0000	0.0000	0.0000	0.0000	0.0000	0.0000	0.0000	0.0000	0.0000	0.0000	0.0000	0.0000	0.0000	0.0000	0.0000	0.0000	0.0000	0.0049	0.0053	0.0041	0.0073	0.0070	0.0088	0.0025	0.0023	0.0026	0.3444	0.0000	-0.0001	1.4595	0.0433	10.3922	6.6805	0.0000	0.0000	0.0000	0.0000	0.0000	0.0000	0.0000	0.0000	0.0000	0.0006	0.0004	0.0002	0.0004	0.0004	0.0001	0.0001	0.0001	0.0001	0.0005	0.0004	0.0001	0.0002	0.0002	0.0000	0.0004	0.0003	0.0001	0.1209	0.0841	0.0368	0.0611	0.0522	0.0089	0.0598	0.0319	0.0279	0.0000	0.0000	0.0000	0.0000	0.0000	0.0000	0.0000	0.0000	0.0000	0.0049	0.0053	0.0041	0.0073	0.0070	0.0088	0.0025	0.0023	0.0026	
78	137	0.2224	9	0	1	0	2	0	0	0	0	N	N	N	Y	N	N	N	N	N	N	N	N	0.0000	0.0000	0.0000	0.0000	0.0000	0.0000	0.0000	0.0000	0.0000	0.0000	0.0000	0.0000	0.0000	0.0000	0.0000	0.0000	0.0000	0.0000	0.0000	0.0000	1.4595	0.0000	10.3922	0.0000	0.0000	0.0000	0.0000	0.0000	0.0000	0.0000	0.0000	0.0000	0.0000	0.0000	0.0000	0.0000	0.0000	0.0000	0.0000	0.0000	0.0000	0.0000	0.0000	0.0000	0.0000	0.0000	0.0000	0.0000	0.0000	0.0000	0.0000	0.0000	0.0000	0.0000	0.0000	0.0000	0.0000	0.0000	0.0000	0.0000	0.0000	0.0000	0.0000	0.0000	0.0000	0.0000	0.0000	0.0000	0.0000	0.0000	0.0000	0.0000	0.0000	0.0000	0.0000	0.0000	0.0000	0.0000											
78	138	0.2173	8	0	1	0	2	0	0	0	0	N	N	N	Y	N	N	N	N	N	N	N	N	0.0000	0.0000	0.0000	0.0000	0.0000	0.0000	0.0000	0.0000	0.0000	0.0000	0.0000	0.0000	0.0000	0.0000	0.0000	0.0000	0.0551	0.0004	0.1607	0.0007	0.0008	0.0000	0.0876	0.0000	0.1911	217.0975	0.0000	0.0012	1.4595	0.0021	10.3922	2.0000	0.0000	0.0000	0.0000	0.0000	0.0000	0.0000	0.0000	0.0000	0.0000	0.0022	0.0000	0.0022	0.0000	0.0000	0.0000	0.0022	0.0000	0.0022	0.0001	0.0001	0.0000	0.0000	0.0000	0.0000	0.0000	0.0000	0.0000	0.0395	0.0260	0.0135	0.0148	0.0126	0.0021	0.0248	0.0134	0.0113	0.0000	0.0000	0.0000	0.0000	0.0000	0.0000	0.0000	0.0000	0.0000	0.0551	0.0004	0.1607	0.0007	0.0008	0.0000	0.0876	0.0000	0.1911			
78	139	0.2071	7	0	0	0	2	0	0	0	0	N	N	N	Y	N	N	N	N	N	N	N	N	0.0000	0.0000	0.0000	0.0000	0.0000	0.0000	0.0000	0.0000	0.0000	0.0000	0.0000	0.0000	0.0000	0.0000	0.0000	0.0000	0.0000	0.0000	0.0012	0.0008	0.0020	0.0015	0.0016	0.0010	0.0010	0.0000	0.0022	1.3757	0.0000	0.0000	1.4595	1.0020	10.3922	3.0181	0.0000	0.0000	0.0000	0.0000	0.0000	0.0000	0.0000	0.0000	0.0000	0.0001	0.0000	0.0001	0.0000	0.0000	0.0000	0.0001	0.0000	0.0001	0.0108	0.0093	0.0015	0.0017	0.0016	0.0001	0.0091	0.0077	0.0014	0.0800	0.0526	0.0274	0.0305	0.0258	0.0047	0.0495	0.0268	0.0227	0.0000	0.0000	0.0000	0.0000	0.0000	0.0000	0.0000	0.0000	0.0000	0.0012	0.0008	0.0020	0.0015	0.0016	0.0010	0.0010	0.0000	0.0022	
78	140	0.1928	7	0	1	0	1	0	0	0	0	N	N	N	N	N	N	N	N	N	N	N	N	0.0000	0.0000	0.0000	0.0000	0.0000	0.0000	0.0000	0.0000	0.0000	0.0000	0.0000	0.0000	0.0000	0.0000	0.0000	0.0000	0.0000	0.0000	0.0000	0.0000	0.0000	0.0000	0.0000	0.0000	0.7500	0.0000	-0.0000	1.4595	0.0000	10.3922	4.0001	0.0000	0.0000	0.0000	0.0000	0.0000	0.0000	0.0000	0.0000	0.0000	0.0000	0.0000	0.0000	0.0000	0.0000	0.0000	0.0000	0.0000	0.0000	0.0000	0.0000	0.0000	0.0000	0.0000	0.0000	0.0000	0.0000	0.0000	0.0799	0.0522	0.0277	0.0307	0.0257	0.0051	0.0491	0.0265	0.0226	0.0000	0.0000	0.0000	0.0000	0.0000	0.0000	0.0000	0.0000	0.0000	0.0000	0.0000	0.0000	0.0000	0.0000	0.0000	0.0000	0.0000	0.0000				
78	141	0.5704	9	0	1	0	1	0	0	0	0	N	N	N	N	N	N	N	N	N	N	N	N	0.0000	0.0000	0.0000	0.0000	0.0000	0.0000	0.0000	0.0000	0.0000	0.0000	0.0000	0.0000	0.0000	0.0000	0.0000	0.0000	0.0000	0.0000	0.0379	0.0377	0.0383	0.0505	0.0588	0.0012	0.0242	0.0011	0.0510	0.4294	0.0000	-0.0006	1.4595	1.0003	10.3922	5.0186	0.0000	0.0000	0.0000	0.0000	0.0000	0.0000	0.0000	0.0000	0.0000	0.0040	0.0028	0.0012	0.0028	0.0028	0.0000	0.0012	0.0000	0.0012	0.0103	0.0089	0.0013	0.0030	0.0028	0.0002	0.0073	0.0062	0.0011	0.1062	0.0747	0.0316	0.0554	0.0473	0.0080	0.0509	0.0273	0.0235	0.0000	0.0000	0.0000	0.0000	0.0000	0.0000	0.0000	0.0000	0.0000	0.0379	0.0377	0.0383	0.0505	0.0588	0.0012	0.0242	0.0011	0.0510	
78	142	0.2071	7	0	0	1	2	0	0	0	0	N	N	N	Y	N	N	N	N	N	N	N	N	0.0000	0.0000	0.0000	0.0000	0.0000	0.0000	0.0000	0.0000	0.0000	0.0000	0.0000	0.0000	0.0000	0.0000	0.0000	0.0000	0.0000	0.0000	0.0531	0.0805	0.0005	0.1352	0.1598	0.0000	0.0028	0.0047	0.0006	0.0032	0.0000	-0.0042	1.4595	0.0001	10.3922	9.0026	0.0000	0.0000	0.0000	0.0000	0.0000	0.0000	0.0000	0.0000	0.0000	0.0093	0.0093	0.0000	0.0090	0.0090	0.0000	0.0003	0.0003	0.0000	0.0000	0.0000	0.0000	0.0000	0.0000	0.0000	0.0000	0.0000	0.0000	0.1757	0.1155	0.0602	0.0667	0.0565	0.0103	0.1090	0.0590	0.0500	0.0000	0.0000	0.0000	0.0000	0.0000	0.0000	0.0000	0.0000	0.0000	0.0531	0.0805	0.0005	0.1352	0.1598	0.0000	0.0028	0.0047	0.0006	
78	143	0.5559	9	0	0	1	2	0	0	0	0	N	N	N	Y	N	N	N	N	N	N	N	N	0.0000	0.0000	0.0000	0.0000	0.0000	0.0000	0.0000	0.0000	0.0000	0.0000	0.0000	0.0000	0.0000	0.0000	0.0000	0.0000	0.0000	0.0000	0.0021	0.0022	0.0019	0.0022	0.0023	0.0015	0.0020	0.0020	0.0020	0.3757	0.0000	-0.0001	1.4595	2.0061	10.3922	8.0425	0.0000	0.0000	0.0000	0.0000	0.0000	0.0000	0.0000	0.0000	0.0000	0.0004	0.0003	0.0001	0.0002	0.0002	0.0000	0.0002	0.0001	0.0001	0.0205	0.0177	0.0027	0.0055	0.0051	0.0004	0.0150	0.0126	0.0023	0.1775	0.1235	0.0541	0.0896	0.0765	0.0130	0.0880	0.0469	0.0410	0.0000	0.0000	0.0000	0.0000	0.0000	0.0000	0.0000	0.0000	0.0000	0.0021	0.0022	0.0019	0.0022	0.0023	0.0015	0.0020	0.0020	0.0020	
78	144	0.5468	8	0	0	0	2	0	0	0	0	N	N	N	Y	N	N	N	N	N	N	N	N	0.0000	0.0000	0.0000	0.0000	0.0000	0.0000	0.0000	0.0000	0.0000	0.0000	0.0000	0.0000	0.0000	0.0000	0.0000	0.0000	0.0000	0.0000	0.0224	0.0292	0.0047	0.0292	0.0322	0.0115	0.0143	0.0237	0.0020	0.0607	0.0000	-0.0010	1.4595	1.9550	10.3922	2.1189	0.0000	0.0000	0.0000	0.0000	0.0000	0.0000	0.0000	0.0000	0.0000	0.0025	0.0024	0.0001	0.0018	0.0017	0.0001	0.0007	0.0007	0.0000	0.0213	0.0185	0.0029	0.0068	0.0062	0.0006	0.0145	0.0122	0.0023	0.1114	0.0808	0.0306	0.0609	0.0521	0.0087	0.0506	0.0287	0.0219	0.0000	0.0000	0.0000	0.0000	0.0000	0.0000	0.0000	0.0000	0.0000	0.0224	0.0292	0.0047	0.0292	0.0322	0.0115	0.0143	0.0237	0.0020	
78	145	0.5468	8	0	0	1	2	0	0	0	0	N	N	N	Y	N	N	N	N	N	N	N	N	0.0000	0.0000	0.0000	0.0000	0.0000	0.0000	0.0000	0.0000	0.0000	0.0000	0.0000	0.0000	0.0000	0.0000	0.0000	0.0000	0.0000	0.0000	1.4179	1.9259	0.2039	1.3220	1.5451	0.0047	1.5198	2.5615	0.2714	0.0443	0.0000	-0.2264	1.4595	2.1261	10.3922	18.6477	0.0000	0.0000	0.0000	0.0000	0.0000	0.0000	0.0000	0.0000	0.0000	0.5443	0.5212	0.0231	0.2616	0.2615	0.0001	0.2827	0.2597	0.0230	0.0231	0.0200	0.0031	0.0073	0.0067	0.0006	0.0157	0.0133	0.0025	0.3839	0.2706	0.1133	0.1979	0.1692	0.0287	0.1860	0.1014	0.0846	0.0000	0.0000	0.0000	0.0000	0.0000	0.0000	0.0000	0.0000	0.0000	1.4179	1.9259	0.2039	1.3220	1.5451	0.0047	1.5198	2.5615	0.2714	
78	146	0.2071	7	0	0	1	2	0	0	0	0	N	N	N	Y	N	N	N	N	N	N	N	N	0.0000	0.0000	0.0000	0.0000	0.0000	0.0000	0.0000	0.0000	0.0000	0.0000	0.0000	0.0000	0.0000	0.0000	0.0000	0.0000	0.0000	0.0000	0.3939	0.5992	0.0003	0.6513	0.7694	0.0016	0.2361	0.4362	0.0000	0.0002	0.0000	-0.0282	1.4595	2.0001	10.3922	5.9880	0.0000	0.0000	0.0000	0.0000	0.0000	0.0000	0.0000	0.0000	0.0000	0.0617	0.0616	0.0000	0.0387	0.0387	0.0000	0.0229	0.0229	0.0000	0.0214	0.0184	0.0030	0.0034	0.0032	0.0002	0.0180	0.0153	0.0028	0.1565	0.1029	0.0537	0.0595	0.0503	0.0091	0.0970	0.0525	0.0445	0.0000	0.0000	0.0000	0.0000	0.0000	0.0000	0.0000	0.0000	0.0000	0.3939	0.5992	0.0003	0.6513	0.7694	0.0016	0.2361	0.4362	0.0000	
78	147	0.2071	7	0	0	1	2	0	0	0	0	N	N	N	Y	N	N	N	N	N	N	N	N	0.9192	0.0107	1.4180	0.0005	0.0170	0.0011	1.5679	0.0643	2.1651	10.6277	0.0008	77.8410	0.0092	0.0025	0.1225	12.6027	0.0004	83.1363	11.5614	0.0754	54.8963	17.7531	0.1492	109.8347	8.0380	0.0070	38.3983	15266.3580	164.5471	0.5546	2.5214	1.4595	9.0001	10.3922	23.0169	0.9924	0.0001	0.9923	0.0001	0.0000	0.0001	0.9922	0.0000	0.9922	4.7077	0.0284	4.6793	1.8181	0.0271	1.7911	2.8896	0.0014	2.8882	0.0934	0.0806	0.0127	0.0146	0.0138	0.0008	0.0787	0.0668	0.0119	0.5735	0.3772	0.1963	0.2140	0.1815	0.0325	0.3595	0.1957	0.1638	1.2946	0.0107	3.2658	0.0011	0.0170	0.0022	1.5679	0.0643	4.7157	8.2090	0.0754	23.8349	8.4961	0.1492	55.1209	8.0380	0.0070	17.6296
78	148	0.1818	6	0	0	0	2	0	0	0	0	N	N	N	Y	N	N	N	N	N	N	N	N	0.0000	0.0000	0.0000	0.0000	0.0000	0.0000	0.0000	0.0000	0.0000	0.0000	0.0000	0.0000	0.0000	0.0000	0.0000	0.0000	0.0000	0.0000	0.0971	0.1442	0.0075	0.2400	0.2787	0.0345	0.0047	0.0075	0.0016	0.0275	0.0000	-0.0087	1.4595	1.9990	10.3922	7.9526	0.0000	0.0000	0.0000	0.0000	0.0000	0.0000	0.0000	0.0000	0.0000	0.0202	0.0196	0.0005	0.0196	0.0191	0.0004	0.0006	0.0005	0.0001	0.0215	0.0185	0.0030	0.0033	0.0032	0.0002	0.0182	0.0154	0.0028	0.2076	0.1361	0.0715	0.0815	0.0686	0.0129	0.1261	0.0675	0.0586	0.0000	0.0000	0.0000	0.0000	0.0000	0.0000	0.0000	0.0000	0.0000	0.0971	0.1442	0.0075	0.2400	0.2787	0.0345	0.0047	0.0075	0.0016	
78	149	0.1499	5	1	1	0	1	0	0	0	0	N	N	N	N	N	N	N	N	N	N	N	N	0.0000	0.0000	0.0000	0.0000	0.0000	0.0000	0.0000	0.0000	0.0000	0.0000	0.0000	0.0000	0.0000	0.0000	0.0000	0.0000	0.0000	0.0000	2.2439	0.1843	6.3818	0.1336	0.1523	0.0164	3.5347	0.2151	7.5671	17.2340	0.0000	0.5364	1.4595	5.3497	10.3922	17.2225	0.0000	0.0000	0.0000	0.0000	0.0000	0.0000	0.0000	0.0000	0.0000	1.1019	0.0604	1.0415	0.0249	0.0245	0.0004	1.0770	0.0360	1.0411	0.0666	0.0572	0.0094	0.0126	0.0121	0.0006	0.0539	0.0451	0.0089	0.4911	0.3279	0.1632	0.1864	0.1608	0.0256	0.3047	0.1671	0.1376	0.0000	0.0000	0.0000	0.0000	0.0000	0.0000	0.0000	0.0000	0.0000	2.2439	0.1843	6.3818	0.1336	0.1523	0.0164	3.5347	0.2151	7.5671	
78	150	0.1807	6	0	1	0	1	0	0	0	0	N	N	N	N	N	N	N	N	N	N	N	N	0.0090	0.0071	0.0002	0.0136	0.0123	0.0003	0.0000	0.0000	0.0006	0.0113	0.0129	0.0000	0.0397	0.0414	0.0000	0.0000	0.0000	0.0000	1.2507	1.8203	0.0221	2.9165	3.3561	0.1017	0.0762	0.1332	0.0051	0.0001	0.0056	-0.0003	-0.3083	1.4595	3.6794	10.3922	17.4287	0.0007	0.0007	0.0000	0.0007	0.0007	0.0000	0.0000	0.0000	0.0000	0.6810	0.6772	0.0038	0.6567	0.6536	0.0031	0.0243	0.0236	0.0007	0.0606	0.0529	0.0077	0.0172	0.0166	0.0007	0.0434	0.0364	0.0070	0.5445	0.3720	0.1725	0.2252	0.1947	0.0304	0.3194	0.1773	0.1421	0.0090	0.0071	0.0002	0.0136	0.0123	0.0003	0.0000	0.0000	0.0006	1.2507	1.8203	0.0221	2.9165	3.3561	0.1017	0.0762	0.1332	0.0051
78	151	0.1499	5	0	1	0	1	0	0	0	0	N	N	N	N	N	N	N	N	N	N	N	N	0.0125	0.0097	0.0525	0.0000	0.0000	0.0000	0.1373	0.0992	0.1292	0.0146	0.0162	0.0045	0.0000	0.0000	0.0000	0.0186	0.0215	0.0048	1.1631	1.6752	0.0849	2.7102	3.0641	0.3356	0.1355	0.2161	0.0369	0.0455	0.0241	-0.0003	-0.1685	1.4595	3.4464	10.3922	10.1316	0.0007	0.0007	0.0000	0.0000	0.0000	0.0000	0.0007	0.0007	0.0000	0.3874	0.3783	0.0091	0.3603	0.3545	0.0058	0.0271	0.0238	0.0033	0.0470	0.0403	0.0067	0.0102	0.0098	0.0004	0.0368	0.0305	0.0063	0.3331	0.2258	0.1072	0.1329	0.1157	0.0172	0.2001	0.1101	0.0900	0.0125	0.0097	0.0525	0.0000	0.0000	0.0000	0.1373	0.0992	0.1292	1.1631	1.6752	0.0849	2.7102	3.0641	0.3356	0.1355	0.2161	0.0369
78	152	0.5772	11	1	1	0	1	0	0	0	0	N	N	N	N	N	N	N	N	N	N	N	N	0.0000	0.0000	0.0000	0.0000	0.0000	0.0000	0.0000	0.0000	0.0000	0.0000	0.0000	0.0000	0.0000	0.0000	0.0000	0.0000	0.0000	0.0000	12.7478	7.3928	33.9302	16.3211	18.1409	0.0042	9.3916	0.0098	42.6049	0.0000	1.0503	-0.0000	0.1053	1.4595	1.0143	10.3922	12.0086	0.0000	0.0000	0.0000	0.0000	0.0000	0.0000	0.0000	0.0000	0.0000	1.9536	0.9528	1.0007	0.9523	0.9523	0.0001	1.0012	0.0006	1.0007	0.0106	0.0092	0.0014	0.0031	0.0029	0.0002	0.0075	0.0063	0.0012	0.2209	0.1554	0.0655	0.1143	0.0978	0.0165	0.1066	0.0576	0.0490	0.0000	0.0000	0.0000	0.0000	0.0000	0.0000	0.0000	0.0000	0.0000	8.8419	6.1297	15.2783	8.3293	9.7353	0.0042	9.3916	0.0098	20.4299
78	153	0.5749	10	1	1	0	1	0	0	0	0	N	N	N	N	N	N	N	N	N	N	N	N	0.0000	0.0000	0.0002	0.0000	0.0000	0.0000	0.0001	0.0000	0.0002	0.0000	0.0000	0.0000	0.0000	0.0000	0.0000	0.0000	0.0000	0.0000	0.0213	0.0234	0.0164	0.0315	0.0368	0.0000	0.0102	0.0001	0.0219	inf	0.2960	0.0000	-0.0001	1.4595	0.9811	10.3922	0.0216	0.0000	0.0000	0.0000	0.0000	0.0000	0.0000	0.0000	0.0000	0.0000	0.0004	0.0003	0.0001	0.0003	0.0003	0.0000	0.0001	0.0000	0.0001	0.0101	0.0088	0.0013	0.0029	0.0027	0.0002	0.0072	0.0061	0.0011	0.0180	0.0127	0.0053	0.0094	0.0080	0.0013	0.0086	0.0046	0.0040	0.0000	0.0000	0.0002	0.0000	0.0000	0.0000	0.0001	0.0000	0.0002	0.0213	0.0234	0.0164	0.0315	0.0368	0.0000	0.0102	0.0001	0.0219
78	154	0.5704	9	1	1	0	1	0	0	0	0	N	N	N	N	N	N	N	N	N	N	N	N	0.0000	0.0000	0.0000	0.0000	0.0000	0.0000	0.0000	0.0000	0.0000	0.0000	0.0000	0.0000	0.0000	0.0000	0.0000	0.0000	0.0000	0.0000	0.0064	0.0048	0.0102	0.0068	0.0074	0.0033	0.0059	0.0002	0.0126	0.9081	0.0000	0.0000	1.4595	0.0083	10.3922	2.0001	0.0000	0.0000	0.0000	0.0000	0.0000	0.0000	0.0000	0.0000	0.0000	0.0002	0.0001	0.0001	0.0001	0.0001	0.0000	0.0001	0.0000	0.0001	0.0001	0.0001	0.0000	0.0000	0.0000	0.0000	0.0001	0.0001	0.0000	0.0369	0.0259	0.0110	0.0194	0.0166	0.0028	0.0176	0.0094	0.0082	0.0000	0.0000	0.0000	0.0000	0.0000	0.0000	0.0000	0.0000	0.0000	0.0064	0.0048	0.0102	0.0068	0.0074	0.0033	0.0059	0.0002	0.0126	
78	155	0.5468	8	0	1	0	1	0	0	0	0	N	N	N	N	N	N	N	N	N	N	N	N	0.0000	0.0000	0.0000	0.0000	0.0000	0.0000	0.0000	0.0000	0.0000	0.0000	0.0000	0.0000	0.0000	0.0000	0.0000	0.0000	0.0000	0.0000	0.5868	0.4642	0.8886	0.6901	0.7280	0.4663	0.4721	0.0097	1.0395	0.7776	0.0000	-0.0027	1.4595	2.9180	10.3922	7.4065	0.0000	0.0000	0.0000	0.0000	0.0000	0.0000	0.0000	0.0000	0.0000	0.1276	0.0718	0.0558	0.0790	0.0712	0.0077	0.0487	0.0006	0.0481	0.0310	0.0269	0.0041	0.0096	0.0088	0.0008	0.0215	0.0181	0.0033	0.2175	0.1547	0.0628	0.1144	0.0979	0.0165	0.1031	0.0568	0.0463	0.0000	0.0000	0.0000	0.0000	0.0000	0.0000	0.0000	0.0000	0.0000	0.5868	0.4642	0.8886	0.6901	0.7280	0.4663	0.4721	0.0097	1.0395	
78	156	0.4809	7	0	0	0	1	0	0	0	0	N	N	N	N	N	N	N	N	N	N	N	N	0.0000	0.0000	0.0000	0.0000	0.0000	0.0000	0.0000	0.0000	0.0000	0.0000	0.0000	0.0000	0.0000	0.0000	0.0000	0.0000	0.0000	0.0000	0.0986	0.0424	0.2342	0.0881	0.0427	0.3743	0.1099	0.0420	0.1894	0.0056	2.2870	-0.0000	0.0140	1.4595	8.2479	10.3922	19.7214	0.0000	0.0000	0.0000	0.0000	0.0000	0.0000	0.0000	0.0000	0.0000	0.0591	0.0180	0.0411	0.0273	0.0114	0.0159	0.0317	0.0065	0.0252	0.1242	0.1103	0.0139	0.0508	0.0479	0.0029	0.0734	0.0624	0.0110	0.5988	0.4234	0.1754	0.3101	0.2676	0.0425	0.2887	0.1558	0.1329	0.0000	0.0000	0.0000	0.0000	0.0000	0.0000	0.0000	0.0000	0.0000	0.0986	0.0424	0.2342	0.0881	0.0427	0.3743	0.1099	0.0420	0.1894
78	157	0.4448	6	0	0	0	1	0	0	0	0	N	N	N	N	N	N	N	N	N	N	N	N	0.0008	0.0000	0.0023	0.0000	0.0000	0.0000	0.0014	0.0000	0.0044	0.0004	0.0000	0.0034	0.0000	0.0000	0.0000	0.0006	0.0000	0.0041	0.5265	0.1270	1.4786	0.5941	0.1822	3.2783	0.4519	0.0262	0.9218	432.6529	4.8850	0.0000	0.1146	1.4595	7.4725	10.3922	14.3153	0.0000	0.0000	0.0000	0.0000	0.0000	0.0000	0.0000	0.0000	0.0000	0.3084	0.0524	0.2560	0.1827	0.0486	0.1341	0.1257	0.0038	0.1219	0.0911	0.0796	0.0115	0.0280	0.0262	0.0018	0.0631	0.0534	0.0097	0.5858	0.4127	0.1732	0.3076	0.2667	0.0409	0.2782	0.1460	0.1322	0.0008	0.0000	0.0023	0.0000	0.0000	0.0000	0.0014	0.0000	0.0044	0.5265	0.1270	1.4786	0.5941	0.1822	3.2783	0.4519	0.0262	0.9218
78	158	0.3793	5	0	0	0	1	0	0	0	0	N	N	N	N	N	N	N	N	N	N	N	N	0.0572	0.0008	0.2370	0.0028	0.0019	0.0130	0.0763	0.0000	0.2610	0.0400	0.0003	0.3211	0.0020	0.0012	0.0169	0.0536	0.0000	0.3573	0.7002	0.4356	1.3549	0.6982	0.6137	1.3049	0.7024	0.1148	1.3692	135.0183	1.2573	0.0030	0.0584	1.4595	11.6653	10.3922	19.4910	0.0054	0.0000	0.0054	0.0001	0.0000	0.0000	0.0054	0.0000	0.0054	0.5922	0.2624	0.3299	0.3081	0.2377	0.0704	0.2841	0.0247	0.2595	0.1361	0.1193	0.0168	0.0358	0.0340	0.0018	0.1003	0.0853	0.0151	0.8458	0.6023	0.2435	0.4412	0.3873	0.0539	0.4045	0.2150	0.1895	0.0572	0.0008	0.2370	0.0028	0.0019	0.0130	0.0763	0.0000	0.2610	0.7002	0.4356	1.3549	0.6982	0.6137	1.3049	0.7024	0.1148	1.3692
78	159	0.3320	4	0	0	0	1	0	0	0	0	N	N	N	N	N	N	N	N	N	N	N	N	0.1186	0.0787	0.3567	0.1523	0.1573	0.0812	0.1090	0.0000	0.3801	0.1142	0.0592	0.5266	0.1679	0.1713	0.0977	0.0890	0.0000	0.5881	0.9630	0.7523	1.4763	1.1026	1.0890	1.2044	0.8164	0.1612	1.5475	1.1877	0.8053	0.0012	-0.0105	1.4595	7.3933	10.3922	20.5306	0.0118	0.0054	0.0064	0.0055	0.0054	0.0001	0.0062	0.0000	0.0062	0.8499	0.4708	0.3791	0.4984	0.4342	0.0642	0.3515	0.0366	0.3150	0.1030	0.0908	0.0121	0.0329	0.0314	0.0015	0.0701	0.0595	0.0106	0.8826	0.6258	0.2568	0.4520	0.3987	0.0533	0.4306	0.2271	0.2035	0.1186	0.0787	0.3567	0.1523	0.1573	0.0812	0.1090	0.0000	0.3801	0.9630	0.7523	1.4763	1.1026	1.0890	1.2044	0.8164	0.1612	1.5475
78	160	0.0959	3	0	0	0	1	0	0	0	0	N	N	N	N	N	N	N	N	N	N	N	N	1.1567	0.0038	2.1554	0.0036	0.0055	0.0135	1.0708	0.0050	3.4513	3.8640	0.0010	27.7773	0.0077	0.0020	0.2646	4.1409	0.0009	28.0704	3.3405	0.2559	12.8876	2.1753	0.3619	19.5799	3.8672	0.1771	8.1332	4659.5324	19.7391	0.5509	2.3057	1.4595	27.6416	10.3922	54.6365	0.9861	0.0002	0.9859	0.0001	0.0000	0.0001	0.9860	0.0002	0.9858	4.6730	0.2253	4.4477	0.9472	0.1359	0.8113	3.7258	0.0894	3.6363	0.2552	0.2197	0.0355	0.0171	0.0167	0.0004	0.2381	0.2030	0.0351	1.3989	0.8803	0.5185	0.4354	0.3754	0.0600	0.9634	0.5049	0.4585	1.1567	0.0038	3.2384	0.0036	0.0055	0.0196	1.0708	0.0050	3.5393	3.3405	0.2559	8.5776	2.1753	0.3619	13.5149	3.8672	0.1771	7.9311
78	161	0.2004	9	1	1	0	1	0	0	0	0	N	N	N	N	N	N	N	N	N	N	N	N	0.0000	0.0000	0.0000	0.0000	0.0000	0.0000	0.0000	0.0000	0.0000	0.0000	0.0000	0.0000	0.0000	0.0000	0.0000	0.0000	0.0000	0.0000	0.8044	0.5730	1.2456	0.9425	1.1232	0.0016	0.7165	0.0288	1.5226	1.1397	0.0000	0.0037	1.4595	0.0002	10.3922	3.0099	0.0000	0.0000	0.0000	0.0000	0.0000	0.0000	0.0000	0.0000	0.0000	0.0495	0.0231	0.0263	0.0225	0.0225	0.0000	0.0269	0.0006	0.0263	0.0000	0.0000	0.0000	0.0000	0.0000	0.0000	0.0000	0.0000	0.0000	0.0615	0.0403	0.0211	0.0239	0.0201	0.0039	0.0376	0.0203	0.0173	0.0000	0.0000	0.0000	0.0000	0.0000	0.0000	0.0000	0.0000	0.0000	0.8044	0.5730	1.2456	0.9425	1.1232	0.0016	0.7165	0.0288	1.5226	
78	162	0.1928	8	1	1	0	1	0	0	0	0	N	N	N	N	N	N	N	N	N	N	N	N	0.0000	0.0000	0.0000	0.0000	0.0000	0.0000	0.0000	0.0000	0.0000	0.0000	0.0000	0.0000	0.0000	0.0000	0.0000	0.0000	0.0000	0.0000	0.0029	0.0020	0.0046	0.0033	0.0040	0.0000	0.0027	0.0002	0.0056	1.1886	0.0000	0.0000	1.4595	0.9998	10.3922	2.0118	0.0000	0.0000	0.0000	0.0000	0.0000	0.0000	0.0000	0.0000	0.0000	0.0002	0.0001	0.0001	0.0001	0.0001	0.0000	0.0001	0.0000	0.0001	0.0107	0.0093	0.0015	0.0017	0.0016	0.0001	0.0091	0.0077	0.0014	0.0604	0.0394	0.0209	0.0233	0.0194	0.0038	0.0371	0.0200	0.0171	0.0000	0.0000	0.0000	0.0000	0.0000	0.0000	0.0000	0.0000	0.0000	0.0029	0.0020	0.0046	0.0033	0.0040	0.0000	0.0027	0.0002	0.0056	
78	163	0.1928	7	1	1	0	1	0	0	0	0	N	N	N	N	N	N	N	N	N	N	N	N	0.0000	0.0000	0.0000	0.0000	0.0000	0.0000	0.0000	0.0000	0.0000	0.0000	0.0000	0.0000	0.0000	0.0000	0.0000	0.0000	0.0000	0.0026	0.0028	0.0019	0.0035	0.0029	0.0139	0.0019	0.0027	0.0000	0.1594	0.0000	-0.0000	1.4595	0.0000	10.3922	0.0003	0.0000	0.0000	0.0000	0.0000	0.0000	0.0000	0.0000	0.0000	0.0000	0.0000	0.0000	0.0000	0.0000	0.0000	0.0000	0.0000	0.0000	0.0000	0.0000	0.0000	0.0000	0.0000	0.0000	0.0000	0.0000	0.0000	0.0000	0.0000	0.0000	0.0000	0.0000	0.0000	0.0000	0.0000	0.0000	0.0000	0.0000	0.0000	0.0000	0.0000	0.0000	0.0000	0.0000	0.0000	0.0000	0.0026	0.0028	0.0019	0.0035	0.0029	0.0139	0.0019	0.0027	0.0000		
78	164	0.1818	6	0	1	0	1	0	0	0	0	N	N	N	N	N	N	N	N	N	N	N	N	0.0000	0.0000	0.0000	0.0000	0.0000	0.0000	0.0000	0.0000	0.0000	0.0000	0.0000	0.0000	0.0000	0.0000	0.0000	0.0000	0.0000	0.0000	0.0953	0.1437	0.0017	0.2146	0.2538	0.0003	0.0120	0.0209	0.0020	0.0060	0.0000	-0.0044	1.4595	0.0063	10.3922	4.3641	0.0000	0.0000	0.0000	0.0000	0.0000	0.0000	0.0000	0.0000	0.0000	0.0096	0.0096	0.0001	0.0089	0.0089	0.0000	0.0007	0.0007	0.0001	0.0002	0.0002	0.0000	0.0001	0.0001	0.0000	0.0001	0.0001	0.0000	0.1009	0.0665	0.0344	0.0415	0.0351	0.0064	0.0594	0.0314	0.0280	0.0000	0.0000	0.0000	0.0000	0.0000	0.0000	0.0000	0.0000	0.0000	0.0953	0.1437	0.0017	0.2146	0.2538	0.0003	0.0120	0.0209	0.0020	
78	165	0.1499	5	0	0	0	1	0	0	0	0	N	N	N	N	N	N	N	N	N	N	N	N	0.0000	0.0000	0.0000	0.0000	0.0000	0.0000	0.0000	0.0000	0.0000	0.0000	0.0000	0.0000	0.0000	0.0000	0.0000	0.0000	0.0000	0.0000	0.1573	0.1650	0.1409	0.0119	0.0129	0.0051	0.2552	0.3272	0.1670	0.4019	0.0000	-0.0085	1.4595	2.5207	10.3922	10.0226	0.0000	0.0000	0.0000	0.0000	0.0000	0.0000	0.0000	0.0000	0.0000	0.0494	0.0352	0.0142	0.0015	0.0014	0.0001	0.0479	0.0338	0.0141	0.0374	0.0321	0.0053	0.0091	0.0087	0.0004	0.0283	0.0234	0.0050	0.3142	0.2137	0.1006	0.1265	0.1103	0.0162	0.1877	0.1034	0.0843	0.0000	0.0000	0.0000	0.0000	0.0000	0.0000	0.0000	0.0000	0.0000	0.1573	0.1650	0.1409	0.0119	0.0129	0.0051	0.2552	0.3272	0.1670	
78	166	0.1343	4	0	0	0	1	0	0	0	0	N	N	N	N	N	N	N	N	N	N	N	N	0.0000	0.0000	0.0000	0.0000	0.0000	0.0000	0.0000	0.0000	0.0000	0.0000	0.0000	0.0000	0.0000	0.0000	0.0000	0.0000	0.0000	0.0000	0.4245	0.5862	0.0829	0.3404	0.3900	0.0099	0.4916	0.8451	0.0990	0.0670	0.0000	-0.0417	1.4595	2.6894	10.3922	4.6619	0.0000	0.0000	0.0000	0.0000	0.0000	0.0000	0.0000	0.0000	0.0000	0.1054	0.0988	0.0066	0.0375	0.0374	0.0001	0.0679	0.0614	0.0065	0.0447	0.0384	0.0063	0.0148	0.0133	0.0015	0.0299	0.0250	0.0048	0.2483	0.1685	0.0798	0.1102	0.0958	0.0144	0.1380	0.0726	0.0654	0.0000	0.0000	0.0000	0.0000	0.0000	0.0000	0.0000	0.0000	0.0000	0.4245	0.5862	0.0829	0.3404	0.3900	0.0099	0.4916	0.8451	0.0990	
78	167	0.0959	3	0	0	0	1	0	0	0	0	N	N	N	N	N	N	N	N	N	N	N	N	0.0000	0.0000	0.0000	0.0000	0.0000	0.0000	0.0000	0.0000	0.0000	0.0000	0.0000	0.0000	0.0000	0.0000	0.0000	0.0000	0.0000	0.0000	3.3513	3.9231	2.5115	0.4210	0.4610	0.0403	5.3583	9.5330	2.7721	0.4359	0.0000	-0.2142	1.4595	2.7966	10.3922	8.5340	0.0000	0.0000	0.0000	0.0000	0.0000	0.0000	0.0000	0.0000	0.0000	1.3839	0.9638	0.4202	0.0707	0.0700	0.0006	1.3133	0.8938	0.4195	0.0288	0.0246	0.0042	0.0019	0.0019	0.0000	0.0269	0.0228	0.0041	0.4130	0.2457	0.1673	0.1679	0.1519	0.0160	0.2451	0.0938	0.1513	0.0000	0.0000	0.0000	0.0000	0.0000	0.0000	0.0000	0.0000	0.0000	3.3513	3.9231	2.5115	0.4210	0.4610	0.0403	5.3583	9.5330	2.7721	
79	81	0.6141	8	0	1	1	1	0	0	0	0	N	N	N	N	N	N	N	N	N	N	N	N	0.0015	0.0013	0.0000	0.0023	0.0020	0.0000	0.0006	0.0019	0.0000	0.0000	0.0000	0.0000	0.0000	0.0000	0.0000	0.0000	0.0000	0.0000	0.0020	0.0026	0.0003	0.0030	0.0037	0.0003	0.0002	0.0001	0.0003	0.0000	0.0443	-0.0000	-0.0001	1.3861	2.0162	6.3168	4.5500	0.0000	0.0000	0.0000	0.0000	0.0000	0.0000	0.0000	0.0000	0.0000	0.0002	0.0002	0.0000	0.0002	0.0002	0.0000	0.0000	0.0000	0.0000	0.0208	0.0182	0.0027	0.0089	0.0082	0.0006	0.0120	0.0099	0.0020	0.1109	0.0813	0.0296	0.0719	0.0570	0.0150	0.0390	0.0244	0.0146	0.0015	0.0013	0.0000	0.0023	0.0020	0.0000	0.0006	0.0019	0.0000	0.0020	0.0026	0.0003	0.0030	0.0037	0.0003	0.0002	0.0001	0.0003
79	82	0.1816	6	0	1	1	1	0	0	0	0	N	N	N	N	N	N	N	N	N	N	N	N	0.0011	0.0011	0.0000	0.0114	0.0107	0.0000	0.0000	0.0000	0.0000	0.0000	0.0000	0.0000	0.0002	0.0002	0.0000	0.0000	0.0000	0.0000	0.0183	0.0230	0.0082	0.0144	0.0166	0.0016	0.0218	0.0320	0.0100	0.0002	0.1651	-0.0000	-0.0007	1.3861	3.0011	6.3168	3.7015	0.0000	0.0000	0.0000	0.0000	0.0000	0.0000	0.0000	0.0000	0.0000	0.0023	0.0020	0.0003	0.0008	0.0008	0.0000	0.0014	0.0011	0.0003	0.0283	0.0241	0.0042	0.0035	0.0033	0.0003	0.0248	0.0208	0.0040	0.1247	0.0853	0.0394	0.0583	0.0498	0.0085	0.0664	0.0355	0.0309	0.0011	0.0011	0.0000	0.0114	0.0107	0.0000	0.0000	0.0000	0.0000	0.0183	0.0230	0.0082	0.0144	0.0166	0.0016	0.0218	0.0320	0.0100
79	83	0.1701	5	0	1	0	1	0	0	0	0	N	N	N	N	N	N	N	N	N	N	N	N	0.2941	0.2750	0.0000	3.1912	3.0611	0.0000	0.0014	0.0011	0.0000	0.0988	0.1162	0.0000	0.8201	0.8873	0.0000	0.0006	0.0007	0.0000	0.3359	0.4224	0.1533	0.2570	0.2899	0.0341	0.4116	0.6473	0.1823	0.0000	0.1720	-0.0008	-0.0191	1.3861	2.0032	6.3168	4.2039	0.0019	0.0019	0.0000	0.0019	0.0019	0.0000	0.0000	0.0000	0.0000	0.0613	0.0523	0.0090	0.0230	0.0226	0.0004	0.0383	0.0297	0.0086	0.0191	0.0162	0.0029	0.0023	0.0021	0.0002	0.0168	0.0141	0.0027	0.1825	0.1238	0.0587	0.0894	0.0779	0.0115	0.0931	0.0459	0.0472	0.2941	0.2750	0.0000	3.1912	3.0611	0.0000	0.0014	0.0011	0.0000	0.3359	0.4224	0.1533	0.2570	0.2899	0.0341	0.4116	0.6473	0.1823
79	84	0.1669	5	1	0	1	1	0	0	0	0	N	N	N	N	N	N	N	N	N	N	N	N	0.0000	0.0000	0.0000	0.0000	0.0000	0.0000	0.0000	0.0000	0.0000	0.0000	0.0000	0.0000	0.0000	0.0000	0.0000	0.0000	0.0000	0.0000	0.0403	0.0471	0.0264	0.0787	0.0805	0.0680	0.0081	0.0005	0.0162	0.2750	0.0000	-0.0010	1.3861	1.0052	6.3168	4.9545	0.0000	0.0000	0.0000	0.0000	0.0000	0.0000	0.0000	0.0000	0.0000	0.0041	0.0032	0.0009	0.0037	0.0032	0.0005	0.0005	0.0000	0.0004	0.0098	0.0083	0.0015	0.0013	0.0012	0.0001	0.0084	0.0071	0.0014	0.1028	0.0689	0.0339	0.0468	0.0401	0.0066	0.0560	0.0288	0.0272	0.0000	0.0000	0.0000	0.0000	0.0000	0.0000	0.0000	0.0000	0.0000	0.0403	0.0471	0.0264	0.0787	0.0805	0.0680	0.0081	0.0005	0.0162	
79	85	0.1475	4	1	0	1	1	0	0	0	0	N	N	N	N	N	N	N	N	N	N	N	N	0.0000	0.0000	0.0000	0.0000	0.0000	0.0000	0.0000	0.0000	0.0000	0.0000	0.0000	0.0000	0.0000	0.0000	0.0000	0.0000	0.0000	0.0000	0.4219	0.3180	0.6335	0.5964	0.5070	1.1409	0.2630	0.0220	0.5033	0.9785	0.0000	0.0030	1.3861	0.9968	6.3168	7.6169	0.0000	0.0000	0.0000	0.0000	0.0000	0.0000	0.0000	0.0000	0.0000	0.0842	0.0425	0.0416	0.0567	0.0414	0.0153	0.0275	0.0011	0.0263	0.0096	0.0082	0.0014	0.0011	0.0010	0.0001	0.0085	0.0071	0.0014	0.1995	0.1338	0.0657	0.0951	0.0816	0.0134	0.1044	0.0521	0.0523	0.0000	0.0000	0.0000	0.0000	0.0000	0.0000	0.0000	0.0000	0.0000	0.4219	0.3180	0.6335	0.5964	0.5070	1.1409	0.2630	0.0220	0.5033	
79	86	0.1675	3	1	1	0	1	0	0	0	0	N	N	N	N	N	N	N	N	N	N	N	N	0.0008	0.0017	0.0000	0.0035	0.0055	0.0001	0.0000	0.0001	0.0000	0.0000	0.0000	0.0000	0.0001	0.0001	0.0000	0.0000	0.0000	0.0000	0.0200	0.0103	0.0425	0.0232	0.0155	0.0914	0.0168	0.0010	0.0326	0.0061	1.7604	-0.0000	0.0014	1.3861	5.8060	6.3168	6.1034	0.0000	0.0000	0.0000	0.0000	0.0000	0.0000	0.0000	0.0000	0.0000	0.0077	0.0028	0.0049	0.0045	0.0027	0.0018	0.0032	0.0001	0.0031	0.0654	0.0555	0.0099	0.0121	0.0115	0.0006	0.0534	0.0440	0.0093	0.3845	0.2693	0.1153	0.1931	0.1736	0.0195	0.1915	0.0957	0.0958	0.0008	0.0017	0.0000	0.0035	0.0055	0.0001	0.0000	0.0001	0.0000	0.0200	0.0103	0.0425	0.0232	0.0155	0.0914	0.0168	0.0010	0.0326
79	87	0.0736	2	1	1	0	1	0	0	0	0	N	N	N	N	N	N	N	N	N	N	N	N	2.8669	0.0532	9.0687	0.0075	0.0075	0.0000	2.3478	1.0402	8.3153	7.1333	0.0478	45.8000	0.0111	0.0118	0.0000	7.3282	0.0489	46.2766	2.4882	0.8985	5.0503	1.4706	1.5742	0.5668	3.1213	0.0470	5.5653	175.7049	3.4871	0.4165	0.5192	1.3861	12.2869	6.3168	21.7146	0.7529	0.0043	0.7487	0.0000	0.0000	0.0000	0.7529	0.0042	0.7487	1.6288	0.3630	1.2658	0.3692	0.3546	0.0146	1.2596	0.0084	1.2512	0.1056	0.0892	0.0163	0.0028	0.0026	0.0002	0.1027	0.0866	0.0162	0.6546	0.4040	0.2506	0.2511	0.2253	0.0258	0.4035	0.1787	0.2248	2.8669	0.0532	9.0687	0.0075	0.0075	0.0000	2.3478	1.0402	8.3153	2.4882	0.8985	5.0503	1.4706	1.5742	0.5668	3.1213	0.0470	5.5653
79	88	0.1701	5	0	1	0	1	0	0	0	0	N	N	N	N	N	N	N	N	N	N	N	N	0.0002	0.0000	0.0011	0.0014	0.0000	0.0091	0.0000	0.0000	0.0000	0.0001	0.0000	0.0005	0.0006	0.0000	0.0080	0.0000	0.0000	0.0000	0.2958	0.2210	0.4522	0.4384	0.3659	0.8847	0.1716	0.0106	0.3433	184.0934	0.9794	0.0000	0.0030	1.3861	4.0005	6.3168	9.0093	0.0000	0.0000	0.0000	0.0000	0.0000	0.0000	0.0000	0.0000	0.0000	0.0822	0.0415	0.0407	0.0567	0.0407	0.0160	0.0255	0.0008	0.0247	0.0377	0.0321	0.0056	0.0045	0.0041	0.0003	0.0332	0.0279	0.0053	0.2778	0.1879	0.0899	0.1293	0.1113	0.0181	0.1485	0.0766	0.0718	0.0002	0.0000	0.0011	0.0014	0.0000	0.0091	0.0000	0.0000	0.0000	0.2958	0.2210	0.4522	0.4384	0.3659	0.8847	0.1716	0.0106	0.3433
79	89	0.1475	4	0	1	0	1	0	0	0	0	N	N	N	N	N	N	N	N	N	N	N	N	0.0011	0.0015	0.0000	0.0085	0.0096	0.0000	0.0000	0.0000	0.0000	0.0003	0.0003	0.0000	0.0024	0.0026	0.0000	0.0000	0.0000	0.0000	0.2592	0.2190	0.3411	0.2810	0.2717	0.3365	0.2398	0.1395	0.3423	0.0002	0.7637	-0.0000	-0.0015	1.3861	1.0051	6.3168	9.2650	0.0000	0.0000	0.0000	0.0000	0.0000	0.0000	0.0000	0.0000	0.0000	0.0578	0.0328	0.0250	0.0295	0.0245	0.0051	0.0283	0.0083	0.0200	0.0097	0.0082	0.0015	0.0011	0.0011	0.0001	0.0085	0.0072	0.0014	0.2231	0.1497	0.0734	0.1051	0.0900	0.0150	0.1180	0.0597	0.0584	0.0011	0.0015	0.0000	0.0085	0.0096	0.0000	0.0000	0.0000	0.0000	0.2592	0.2190	0.3411	0.2810	0.2717	0.3365	0.2398	0.1395	0.3423
79	90	0.1959	4	0	0	1	1	0	0	0	0	N	N	N	N	N	N	N	N	N	N	N	N	0.0007	0.0019	0.0008	0.0047	0.0069	0.0005	0.0005	0.0000	0.0008	0.0032	0.0000	0.0222	0.0002	0.0002	0.0002	0.0036	0.0000	0.0229	4.9106	0.0142	29.3189	0.0389	0.0265	0.2938	6.7219	0.0017	27.1524	138.8700	454.6754	0.0000	0.4843	1.3861	2.3559	6.3168	7.1930	0.0001	0.0000	0.0001	0.0000	0.0000	0.0000	0.0001	0.0000	0.0001	0.8977	0.0020	0.8958	0.0028	0.0019	0.0010	0.8949	0.0001	0.8948	0.0244	0.0209	0.0035	0.0032	0.0031	0.0001	0.0212	0.0178	0.0034	0.2064	0.1391	0.0673	0.0732	0.0699	0.0034	0.1331	0.0692	0.0639	0.0007	0.0019	0.0017	0.0047	0.0069	0.0005	0.0005	0.0000	0.0016	4.3501	0.0142	13.3062	0.0389	0.0265	0.2938	6.7219	0.0017	13.9937
79	91	0.1631	3	0	0	0	1	0	0	0	0	N	N	N	N	N	N	N	N	N	N	N	N	0.0894	0.0097	0.4190	0.0224	0.0239	0.0056	0.1345	0.0042	0.4468	0.0221	0.0018	0.1608	0.0069	0.0070	0.0028	0.0264	0.0001	0.1647	0.2472	0.1830	0.3839	0.3095	0.2924	0.5001	0.1959	0.0123	0.3686	13.2823	0.9858	0.0008	0.0057	1.3861	4.9284	6.3168	11.0439	0.0016	0.0001	0.0015	0.0001	0.0001	0.0000	0.0015	0.0000	0.0015	0.1499	0.0755	0.0744	0.0848	0.0735	0.0113	0.0651	0.0020	0.0631	0.0737	0.0643	0.0094	0.0162	0.0159	0.0002	0.0575	0.0483	0.0092	0.6065	0.4126	0.1939	0.2741	0.2515	0.0226	0.3323	0.1611	0.1713	0.0894	0.0097	0.4190	0.0224	0.0239	0.0056	0.1345	0.0042	0.4468	0.2472	0.1830	0.3839	0.3095	0.2924	0.5001	0.1959	0.0123	0.3686
79	92	0.0736	2	0	0	0	1	0	0	0	0	N	N	N	N	N	N	N	N	N	N	N	N	0.0034	0.0014	0.0125	0.0211	0.0267	0.0000	0.0042	0.0003	0.0172	0.0045	0.0016	0.0201	0.0470	0.0499	0.0000	0.0033	0.0001	0.0203	1.3492	1.1868	1.6102	2.2260	1.8654	5.3919	0.8008	0.3218	1.1779	2.2676	0.8441	0.0000	-0.0006	1.3861	3.9161	6.3168	29.2065	0.0002	0.0000	0.0001	0.0000	0.0000	0.0000	0.0001	0.0000	0.0001	0.8700	0.4718	0.3982	0.5523	0.4155	0.1368	0.3177	0.0562	0.2614	0.0350	0.0295	0.0055	0.0010	0.0009	0.0001	0.0341	0.0286	0.0054	0.6448	0.3975	0.2473	0.2481	0.2227	0.0254	0.3967	0.1748	0.2219	0.0034	0.0014	0.0125	0.0211	0.0267	0.0000	0.0042	0.0003	0.0172	1.3492	1.1868	1.6102	2.2260	1.8654	5.3919	0.8008	0.3218	1.1779
79	93	0.6141	8	1	1	0	1	0	0	0	0	N	N	N	N	N	N	N	N	N	N	N	N	0.0000	0.0000	0.0000	0.0000	0.0000	0.0000	0.0000	0.0000	0.0000	0.0000	0.0000	0.0000	0.0000	0.0000	0.0000	0.0000	0.0000	0.0000	0.1463	0.1612	0.1053	0.1590	0.1561	0.1710	0.1247	0.1726	0.0495	0.1226	0.2380	-0.0000	-0.0056	1.3861	2.5103	6.3168	7.4742	0.0000	0.0000	0.0000	0.0000	0.0000	0.0000	0.0000	0.0000	0.0000	0.0212	0.0171	0.0041	0.0145	0.0114	0.0030	0.0067	0.0057	0.0010	0.0248	0.0216	0.0032	0.0104	0.0097	0.0007	0.0144	0.0119	0.0024	0.1447	0.1060	0.0386	0.0910	0.0732	0.0177	0.0537	0.0328	0.0209	0.0000	0.0000	0.0000	0.0000	0.0000	0.0000	0.0000	0.0000	0.0000	0.1463	0.1612	0.1053	0.1590	0.1561	0.1710	0.1247	0.1726	0.0495
79	94	0.5779	7	0	1	0	1	0	0	0	0	N	N	N	N	N	N	N	N	N	N	N	N	0.0015	0.0016	0.0000	0.0031	0.0036	0.0000	0.0000	0.0000	0.0000	0.0002	0.0003	0.0000	0.0006	0.0007	0.0000	0.0000	0.0000	0.0000	0.1589	0.1756	0.1145	0.1999	0.1840	0.2708	0.0988	0.1585	0.0106	0.0001	0.2441	-0.0000	-0.0074	1.3861	7.1305	6.3168	3.2426	0.0000	0.0000	0.0000	0.0000	0.0000	0.0000	0.0000	0.0000	0.0000	0.0284	0.0228	0.0056	0.0213	0.0160	0.0053	0.0072	0.0068	0.0003	0.0792	0.0698	0.0094	0.0304	0.0287	0.0017	0.0488	0.0411	0.0077	0.1788	0.1301	0.0487	0.1063	0.0869	0.0194	0.0725	0.0432	0.0293	0.0015	0.0016	0.0000	0.0031	0.0036	0.0000	0.0000	0.0000	0.0000	0.1589	0.1756	0.1145	0.1999	0.1840	0.2708	0.0988	0.1585	0.0106
79	95	0.1475	4	1	1	0	1	0	0	0	0	N	N	N	N	N	N	N	N	N	N	N	N	0.0673	0.0004	1.3136	0.0032	0.0030	0.0000	0.0852	0.0000	1.2256	0.0221	0.0002	0.1475	0.0012	0.0013	0.0000	0.0248	0.0000	0.1565	0.3284	0.4336	0.1123	0.3759	0.4338	0.0525	0.2907	0.4333	0.1277	163.2629	0.1261	0.0009	-0.0554	1.3861	8.0000	6.3168	22.5660	0.0016	0.0000	0.0016	0.0000	0.0000	0.0000	0.0016	0.0000	0.0016	0.1601	0.1421	0.0179	0.0810	0.0792	0.0017	0.0791	0.0629	0.0162	0.0742	0.0631	0.0111	0.0084	0.0077	0.0006	0.0658	0.0554	0.0104	0.4875	0.3278	0.1596	0.2153	0.1826	0.0327	0.2721	0.1452	0.1269	0.0673	0.0004	1.3136	0.0032	0.0030	0.0000	0.0852	0.0000	1.2256	0.3284	0.4336	0.1123	0.3759	0.4338	0.0525	0.2907	0.4333	0.1277
79	96	0.0736	2	0	0	0	1	0	0	0	0	N	N	N	N	N	N	N	N	N	N	N	N	0.0247	0.0028	0.1585	0.0826	0.0843	0.0005	0.0220	0.0006	0.1537	0.0433	0.0053	0.2508	0.1306	0.1389	0.0005	0.0409	0.0012	0.2534	1.7531	1.8604	1.5819	1.5822	1.6482	0.9921	1.8615	2.1395	1.6484	8.7342	0.5331	0.0020	-0.1201	1.3861	11.9964	6.3168	18.8414	0.0045	0.0005	0.0040	0.0004	0.0004	0.0000	0.0041	0.0001	0.0040	1.0852	0.7078	0.3773	0.3801	0.3562	0.0240	0.7050	0.3517	0.3534	0.1032	0.0872	0.0160	0.0027	0.0026	0.0002	0.1004	0.0846	0.0158	0.6190	0.3805	0.2385	0.2403	0.2161	0.0242	0.3787	0.1644	0.2144	0.0247	0.0028	0.1585	0.0826	0.0843	0.0005	0.0220	0.0006	0.1537	1.7531	1.8604	1.5819	1.5822	1.6482	0.9921	1.8615	2.1395	1.6484
79	98	0.1780	6	1	1	1	1	0	0	0	0	N	N	N	N	N	N	N	N	N	N	N	N	0.0000	0.0000	0.0000	0.0000	0.0000	0.0000	0.0000	0.0000	0.0000	0.0000	0.0000	0.0000	0.0000	0.0000	0.0000	0.0000	0.0000	0.0000	0.5394	0.4723	0.6853	0.5825	0.5846	0.5727	0.4987	0.3151	0.7274	0.6669	0.0000	-0.0096	1.3861	0.9502	6.3168	16.1595	0.0000	0.0000	0.0000	0.0000	0.0000	0.0000	0.0000	0.0000	0.0000	0.1650	0.0990	0.0660	0.0865	0.0715	0.0150	0.0785	0.0275	0.0510	0.0108	0.0093	0.0015	0.0023	0.0022	0.0001	0.0085	0.0071	0.0014	0.3058	0.2095	0.0963	0.1484	0.1222	0.0262	0.1574	0.0873	0.0701	0.0000	0.0000	0.0000	0.0000	0.0000	0.0000	0.0000	0.0000	0.0000	0.5394	0.4723	0.6853	0.5825	0.5846	0.5727	0.4987	0.3151	0.7274	
79	99	0.0736	2	0	1	0	1	0	0	0	0	N	N	N	N	N	N	N	N	N	N	N	N	0.0228	0.0019	0.1552	0.0581	0.0563	0.0031	0.0197	0.0005	0.1426	0.0421	0.0039	0.2508	0.0870	0.0925	0.0005	0.0409	0.0012	0.2534	1.8489	1.9966	1.6161	1.4960	1.6413	0.1585	2.0777	2.4872	1.7768	11.8257	0.5137	0.0021	-0.1281	1.3861	11.9964	6.3168	15.6499	0.0043	0.0003	0.0040	0.0002	0.0002	0.0000	0.0041	0.0001	0.0040	1.0762	0.7110	0.3652	0.3426	0.3390	0.0036	0.7337	0.3720	0.3617	0.1032	0.0872	0.0160	0.0027	0.0026	0.0002	0.1004	0.0846	0.0158	0.5821	0.3561	0.2260	0.2290	0.2065	0.0224	0.3531	0.1496	0.2036	0.0228	0.0019	0.1552	0.0581	0.0563	0.0031	0.0197	0.0005	0.1426	1.8489	1.9966	1.6161	1.4960	1.6413	0.1585	2.0777	2.4872	1.7768
79	100	0.1810	7	1	0	1	1	0	0	0	0	N	N	N	N	N	N	N	N	N	N	N	N	0.0000	0.0000	0.0000	0.0000	0.0000	0.0000	0.0000	0.0000	0.0000	0.0000	0.0000	0.0000	0.0000	0.0000	0.0000	0.0000	0.0000	0.0000	0.7371	0.8263	0.5474	0.8830	0.9842	0.4210	0.5955	0.5953	0.5957	0.3115	0.0000	-0.0454	1.3861	1.0008	6.3168	13.9255	0.0000	0.0000	0.0000	0.0000	0.0000	0.0000	0.0000	0.0000	0.0000	0.2055	0.1567	0.0488	0.1213	0.1109	0.0104	0.0843	0.0458	0.0384	0.0097	0.0083	0.0014	0.0016	0.0015	0.0001	0.0081	0.0068	0.0013	0.2788	0.1897	0.0892	0.1373	0.1126	0.0247	0.1415	0.0770	0.0645	0.0000	0.0000	0.0000	0.0000	0.0000	0.0000	0.0000	0.0000	0.0000	0.7371	0.8263	0.5474	0.8830	0.9842	0.4210	0.5955	0.5953	0.5957	
79	101	0.1780	6	1	0	1	1	0	0	0	0	N	N	N	N	N	N	N	N	N	N	N	N	0.0000	0.0000	0.0000	0.0000	0.0000	0.0000	0.0000	0.0000	0.0000	0.0000	0.0000	0.0000	0.0000	0.0000	0.0000	0.0000	0.0000	0.0000	0.5176	0.5102	0.5350	0.6276	0.5657	0.8505	0.3574	0.4033	0.2911	0.4399	0.0000	-0.0083	1.3861	0.0532	6.3168	2.0467	0.0000	0.0000	0.0000	0.0000	0.0000	0.0000	0.0000	0.0000	0.0000	0.0544	0.0378	0.0166	0.0391	0.0276	0.0115	0.0153	0.0102	0.0051	0.0022	0.0020	0.0002	0.0009	0.0009	0.0000	0.0013	0.0011	0.0002	0.1052	0.0741	0.0311	0.0623	0.0488	0.0135	0.0428	0.0253	0.0175	0.0000	0.0000	0.0000	0.0000	0.0000	0.0000	0.0000	0.0000	0.0000	0.5176	0.5102	0.5350	0.6276	0.5657	0.8505	0.3574	0.4033	0.2911	
79	102	0.1684	5	1	0	1	1	0	0	0	0	N	N	N	N	N	N	N	N	N	N	N	N	0.0000	0.0000	0.0000	0.0000	0.0000	0.0000	0.0000	0.0000	0.0000	0.0000	0.0000	0.0000	0.0000	0.0000	0.0000	0.0000	0.0000	0.0000	0.3862	0.3403	0.4973	0.4797	0.3940	0.8055	0.2699	0.2525	0.2964	0.6035	0.0000	-0.0047	1.3861	2.0948	6.3168	3.0326	0.0000	0.0000	0.0000	0.0000	0.0000	0.0000	0.0000	0.0000	0.0000	0.0572	0.0357	0.0215	0.0394	0.0256	0.0138	0.0178	0.0101	0.0078	0.0218	0.0187	0.0031	0.0040	0.0038	0.0002	0.0177	0.0149	0.0028	0.1482	0.1049	0.0433	0.0821	0.0650	0.0171	0.0661	0.0398	0.0262	0.0000	0.0000	0.0000	0.0000	0.0000	0.0000	0.0000	0.0000	0.0000	0.3862	0.3403	0.4973	0.4797	0.3940	0.8055	0.2699	0.2525	0.2964	
79	103	0.1475	4	1	0	1	1	0	0	0	0	N	N	N	N	N	N	N	N	N	N	N	N	0.0000	0.0000	0.0000	0.0000	0.0000	0.0000	0.0000	0.0000	0.0000	0.0000	0.0000	0.0000	0.0000	0.0000	0.0000	0.0000	0.0000	0.0000	0.5354	0.4974	0.6126	0.7042	0.6378	1.1074	0.3821	0.2786	0.4856	0.6048	0.0000	-0.0088	1.3861	3.9484	6.3168	4.8420	0.0000	0.0000	0.0000	0.0000	0.0000	0.0000	0.0000	0.0000	0.0000	0.1082	0.0674	0.0408	0.0677	0.0527	0.0151	0.0405	0.0147	0.0257	0.0373	0.0318	0.0056	0.0043	0.0039	0.0003	0.0331	0.0278	0.0053	0.2020	0.1355	0.0665	0.0961	0.0826	0.0136	0.1059	0.0529	0.0529	0.0000	0.0000	0.0000	0.0000	0.0000	0.0000	0.0000	0.0000	0.0000	0.5354	0.4974	0.6126	0.7042	0.6378	1.1074	0.3821	0.2786	0.4856	
79	104	0.1059	3	0	1	0	1	0	0	0	0	N	N	N	N	N	N	N	N	N	N	N	N	0.0001	0.0001	0.0000	0.0005	0.0005	0.0000	0.0000	0.0000	0.0000	0.0000	0.0000	0.0000	0.0001	0.0002	0.0000	0.0000	0.0000	0.0000	0.2323	0.1840	0.3227	0.2862	0.2809	0.3258	0.2001	0.0843	0.3222	0.0013	0.9392	-0.0000	0.0042	1.3861	8.9557	6.3168	32.3127	0.0000	0.0000	0.0000	0.0000	0.0000	0.0000	0.0000	0.0000	0.0000	0.1618	0.0835	0.0784	0.0747	0.0646	0.0101	0.0872	0.0189	0.0683	0.0938	0.0806	0.0132	0.0135	0.0129	0.0007	0.0803	0.0677	0.0125	0.6966	0.4536	0.2429	0.2609	0.2300	0.0309	0.4356	0.2236	0.2120	0.0001	0.0001	0.0000	0.0005	0.0005	0.0000	0.0000	0.0000	0.0000	0.2323	0.1840	0.3227	0.2862	0.2809	0.3258	0.2001	0.0843	0.3222
79	105	0.1313	4	0	0	1	1	0	0	0	0	N	N	N	N	N	N	N	N	N	N	N	N	0.0004	0.0004	0.0005	0.0015	0.0014	0.0000	0.0001	0.0000	0.0005	0.0000	0.0000	0.0000	0.0001	0.0001	0.0000	0.0000	0.0000	0.0000	0.0256	0.0352	0.0056	0.0538	0.0613	0.0029	0.0073	0.0082	0.0061	0.0433	0.0752	-0.0000	-0.0021	1.3861	4.2679	6.3168	7.8415	0.0000	0.0000	0.0000	0.0000	0.0000	0.0000	0.0000	0.0000	0.0000	0.0055	0.0051	0.0004	0.0045	0.0045	0.0000	0.0009	0.0006	0.0004	0.0453	0.0382	0.0071	0.0062	0.0060	0.0003	0.0391	0.0322	0.0068	0.2135	0.1447	0.0688	0.0843	0.0735	0.0108	0.1292	0.0712	0.0580	0.0004	0.0004	0.0005	0.0015	0.0014	0.0000	0.0001	0.0000	0.0005	0.0256	0.0352	0.0056	0.0538	0.0613	0.0029	0.0073	0.0082	0.0061
79	106	0.1059	3	0	0	0	1	0	0	0	0	N	N	N	N	N	N	N	N	N	N	N	N	0.0001	0.0001	0.0001	0.0001	0.0001	0.0000	0.0000	0.0000	0.0001	0.0001	0.0001	0.0001	0.0002	0.0002	0.0000	0.0000	0.0000	0.0001	1.5507	1.2573	2.0742	1.7431	1.9113	0.5251	1.3940	0.2112	2.3513	0.2330	0.9244	-0.0000	0.0110	1.3861	1.9301	6.3168	9.0954	0.0000	0.0000	0.0000	0.0000	0.0000	0.0000	0.0000	0.0000	0.0000	0.5012	0.2605	0.2408	0.2529	0.2436	0.0092	0.2483	0.0168	0.2315	0.0307	0.0270	0.0036	0.0092	0.0089	0.0003	0.0215	0.0182	0.0033	0.3232	0.2071	0.1161	0.1451	0.1275	0.0176	0.1781	0.0797	0.0985	0.0001	0.0001	0.0001	0.0001	0.0001	0.0000	0.0000	0.0000	0.0001	1.5507	1.2573	2.0742	1.7431	1.9113	0.5251	1.3940	0.2112	2.3513
79	107	0.0736	2	0	0	0	1	0	0	0	0	N	N	N	N	N	N	N	N	N	N	N	N	0.0025	0.0038	0.0000	0.0248	0.0392	0.0000	0.0027	0.0089	0.0000	0.0025	0.0030	0.0000	0.0392	0.0417	0.0000	0.0015	0.0018	0.0000	0.9941	0.7753	1.3103	1.5808	1.0634	7.5214	0.5531	0.1967	0.7401	0.0001	1.1687	-0.0000	0.0325	1.3861	3.9049	6.3168	9.6098	0.0001	0.0001	0.0000	0.0000	0.0000	0.0000	0.0000	0.0000	0.0000	0.4041	0.1863	0.2178	0.2757	0.1706	0.1051	0.1284	0.0157	0.1127	0.0349	0.0295	0.0055	0.0010	0.0009	0.0001	0.0340	0.0285	0.0054	0.4065	0.2403	0.1662	0.1744	0.1605	0.0140	0.2321	0.0799	0.1522	0.0025	0.0038	0.0000	0.0248	0.0392	0.0000	0.0027	0.0089	0.0000	0.9941	0.7753	1.3103	1.5808	1.0634	7.5214	0.5531	0.1967	0.7401
79	108	0.0948	4	0	1	0	1	0	0	0	0	N	N	N	N	N	N	N	N	N	N	N	N	0.0320	0.0023	21.5760	1.7720	1.6119	5.7822	0.0199	0.0003	27.1408	0.0579	0.0065	0.3391	0.0971	0.0921	0.2192	0.0560	0.0016	0.3406	1.8101	2.7949	0.0157	0.0548	0.0571	0.0379	2.8180	5.4931	0.0125	9.5724	0.0031	0.0021	-0.4453	1.3861	8.0392	6.3168	22.6195	0.0044	0.0004	0.0040	0.0004	0.0003	0.0000	0.0041	0.0001	0.0040	0.9781	0.9751	0.0030	0.0108	0.0099	0.0009	0.9673	0.9652	0.0021	0.0763	0.0645	0.0118	0.0036	0.0035	0.0001	0.0727	0.0611	0.0117	0.5404	0.3489	0.1915	0.1971	0.1732	0.0239	0.3433	0.1757	0.1676	0.0320	0.0023	21.5760	1.7720	1.6119	5.7822	0.0199	0.0003	27.1408	1.8101	2.7949	0.0157	0.0548	0.0571	0.0379	2.8180	5.4931	0.0125
79	109	0.0948	3	0	0	0	1	0	0	0	0	N	N	N	N	N	N	N	N	N	N	N	N	0.1180	0.1362	0.0932	0.1448	0.1586	0.6435	0.1158	0.2061	0.1034	0.0185	0.0183	0.0194	0.0293	0.0284	0.3004	0.0132	0.0118	0.0176	0.1565	0.1343	0.2080	0.2020	0.1789	0.4667	0.1144	0.0575	0.1700	0.2096	0.6679	-0.0000	-0.0011	1.3861	0.2031	6.3168	2.0398	0.0001	0.0001	0.0000	0.0000	0.0000	0.0000	0.0000	0.0000	0.0000	0.0196	0.0118	0.0079	0.0122	0.0099	0.0023	0.0075	0.0019	0.0056	0.0052	0.0043	0.0009	0.0017	0.0017	0.0000	0.0035	0.0027	0.0009	0.1255	0.0877	0.0378	0.0603	0.0555	0.0048	0.0652	0.0323	0.0330	0.1180	0.1362	0.0932	0.1448	0.1586	0.6435	0.1158	0.2061	0.1034	0.1565	0.1343	0.2080	0.2020	0.1789	0.4667	0.1144	0.0575	0.1700
79	110	0.6753	9	1	0	1	1	0	0	0	0	N	N	N	N	N	N	N	N	N	N	N	N	0.0000	0.0000	0.0000	0.0000	0.0000	0.0000	0.0000	0.0000	0.0000	0.0000	0.0000	0.0000	0.0000	0.0000	0.0000	0.0000	0.0000	0.0000	0.0000	-0.0000	1.3861	0.0001	6.3168	0.0001	0.0000	0.0000	0.0000	0.0000	0.0000	0.0000	0.0000	0.0000	0.0000	0.0000	0.0000	0.0000	0.0000	0.0000	0.0000	0.0000	0.0000	0.0000	0.0010	0.0008	0.0002	0.0005	0.0005	0.0000	0.0005	0.0003	0.0002	0.0003	0.0001	0.0001	0.0001	0.0001	0.0000	0.0001	0.0000	0.0001	0.0000	0.0000	0.0000	0.0000	0.0000	0.0000	0.0000	0.0000	0.0000	0.0000	0.0000	0.0000	0.0000	0.0000	0.0000	0.0000	0.0000	0.0000											
79	111	0.6614	8	1	0	1	1	0	0	0	0	N	N	N	N	N	N	N	N	N	N	N	N	0.0000	0.0000	0.0000	0.0000	0.0000	0.0000	0.0000	0.0000	0.0000	0.0000	0.0000	0.0000	0.0000	0.0000	0.0000	0.0000	0.0000	0.0000	0.0035	0.0032	0.0042	0.0038	0.0041	0.0019	0.0030	0.0012	0.0053	0.4631	0.0000	-0.0000	1.3861	1.6718	6.3168	2.9223	0.0000	0.0000	0.0000	0.0000	0.0000	0.0000	0.0000	0.0000	0.0000	0.0003	0.0002	0.0001	0.0002	0.0002	0.0000	0.0001	0.0000	0.0001	0.0165	0.0144	0.0021	0.0053	0.0050	0.0003	0.0112	0.0094	0.0018	0.0810	0.0597	0.0213	0.0485	0.0413	0.0072	0.0325	0.0184	0.0140	0.0000	0.0000	0.0000	0.0000	0.0000	0.0000	0.0000	0.0000	0.0000	0.0035	0.0032	0.0042	0.0038	0.0041	0.0019	0.0030	0.0012	0.0053	
79	112	0.5779	7	1	0	1	1	0	0	0	0	N	N	N	N	N	N	N	N	N	N	N	N	0.0001	0.0000	0.0006	0.0001	0.0000	0.0011	0.0000	0.0000	0.0004	0.0000	0.0000	0.0000	0.0000	0.0000	0.0002	0.0000	0.0000	0.0000	0.0980	0.1124	0.0605	0.1422	0.1374	0.1665	0.0397	0.0643	0.0065	5.9396	0.2070	0.0000	-0.0081	1.3861	14.0283	6.3168	7.1084	0.0000	0.0000	0.0000	0.0000	0.0000	0.0000	0.0000	0.0000	0.0000	0.0282	0.0234	0.0048	0.0233	0.0188	0.0045	0.0049	0.0046	0.0003	0.1277	0.1119	0.0158	0.0446	0.0417	0.0029	0.0831	0.0702	0.0129	0.2884	0.2083	0.0801	0.1640	0.1369	0.0270	0.1244	0.0713	0.0531	0.0001	0.0000	0.0006	0.0001	0.0000	0.0011	0.0000	0.0000	0.0004	0.0980	0.1124	0.0605	0.1422	0.1374	0.1665	0.0397	0.0643	0.0065
79	113	0.5176	6	0	0	0	1	0	0	0	0	N	N	N	N	N	N	N	N	N	N	N	N	0.0001	0.0001	0.0000	0.0002	0.0002	0.0000	0.0001	0.0001	0.0000	0.0000	0.0000	0.0000	0.0000	0.0000	0.0000	0.0000	0.0000	0.0000	0.1823	0.2181	0.1054	0.1208	0.1172	0.1391	0.2677	0.4691	0.0910	0.0053	0.2250	-0.0000	-0.0193	1.3861	8.6129	6.3168	5.1709	0.0000	0.0000	0.0000	0.0000	0.0000	0.0000	0.0000	0.0000	0.0000	0.0702	0.0573	0.0129	0.0271	0.0220	0.0051	0.0431	0.0353	0.0078	0.1061	0.0937	0.0125	0.0359	0.0340	0.0019	0.0702	0.0596	0.0106	0.3851	0.2627	0.1223	0.2239	0.1874	0.0365	0.1611	0.0753	0.0858	0.0001	0.0001	0.0000	0.0002	0.0002	0.0000	0.0001	0.0001	0.0000	0.1823	0.2181	0.1054	0.1208	0.1172	0.1391	0.2677	0.4691	0.0910
79	114	0.4225	5	0	0	0	1	0	0	0	0	N	N	N	N	N	N	N	N	N	N	N	N	0.0078	0.0307	0.0000	0.0009	0.0010	0.0002	0.0058	0.0399	0.0000	0.0108	0.0124	0.0001	0.0004	0.0004	0.0001	0.0143	0.0169	0.0001	1.3832	0.4042	3.6903	0.3888	0.3930	0.3621	2.4493	0.4241	4.6987	0.0014	3.8739	-0.0007	0.2860	1.3861	16.8607	6.3168	22.7724	0.0017	0.0017	0.0000	0.0000	0.0000	0.0000	0.0017	0.0017	0.0000	0.8501	0.1744	0.6757	0.1236	0.1082	0.0154	0.7264	0.0662	0.6603	0.1563	0.1350	0.0212	0.0396	0.0366	0.0030	0.1167	0.0984	0.0183	0.6146	0.4315	0.1831	0.3180	0.2754	0.0426	0.2966	0.1561	0.1405	0.0078	0.0307	0.0000	0.0009	0.0010	0.0002	0.0058	0.0399	0.0000	1.3832	0.4042	3.6903	0.3888	0.3930	0.3621	2.4493	0.4241	4.6987
79	115	0.1538	4	1	0	1	1	0	0	0	0	N	N	N	N	N	N	N	N	N	N	N	N	0.0000	0.0000	0.0000	0.0000	0.0000	0.0000	0.0000	0.0000	0.0000	0.0000	0.0000	0.0000	0.0000	0.0000	0.0000	0.0000	0.0000	0.0000	0.1395	0.1983	0.0007	0.0271	0.0303	0.0018	0.2356	0.4334	0.0005	0.0015	0.0000	-0.0078	1.3861	1.0009	6.3168	4.0038	0.0000	0.0000	0.0000	0.0000	0.0000	0.0000	0.0000	0.0000	0.0000	0.0171	0.0171	0.0000	0.0015	0.0015	0.0000	0.0156	0.0156	0.0000	0.0101	0.0086	0.0015	0.0013	0.0012	0.0001	0.0088	0.0074	0.0014	0.1228	0.0862	0.0365	0.0566	0.0503	0.0063	0.0662	0.0359	0.0302	0.0000	0.0000	0.0000	0.0000	0.0000	0.0000	0.0000	0.0000	0.0000	0.1395	0.1983	0.0007	0.0271	0.0303	0.0018	0.2356	0.4334	0.0005	
79	116	0.1255	3	1	0	1	1	0	0	0	0	N	N	N	N	N	N	N	N	N	N	N	N	0.0001	0.0001	0.0004	0.0003	0.0003	0.0000	0.0001	0.0001	0.0005	0.0000	0.0000	0.0000	0.0000	0.0000	0.0000	0.0000	0.0000	0.0000	0.1692	0.2241	0.0582	0.1429	0.1615	0.0219	0.1883	0.2991	0.0656	0.1710	0.1284	-0.0000	-0.0133	1.3861	1.8441	6.3168	10.4794	0.0000	0.0000	0.0000	0.0000	0.0000	0.0000	0.0000	0.0000	0.0000	0.0385	0.0341	0.0044	0.0137	0.0134	0.0003	0.0248	0.0207	0.0041	0.0228	0.0197	0.0031	0.0069	0.0064	0.0006	0.0159	0.0133	0.0026	0.2274	0.1522	0.0752	0.0956	0.0829	0.0127	0.1317	0.0692	0.0625	0.0001	0.0001	0.0004	0.0003	0.0003	0.0000	0.0001	0.0001	0.0005	0.1692	0.2241	0.0582	0.1429	0.1615	0.0219	0.1883	0.2991	0.0656
79	117	0.3098	3	0	1	0	2	0	0	0	0	N	N	N	Y	N	N	N	N	N	N	N	N	0.0079	0.0082	0.0142	0.0024	0.0029	0.0012	0.0101	0.0526	0.0166	0.0010	0.0006	0.0036	0.0003	0.0003	0.0004	0.0012	0.0007	0.0041	0.1245	0.0700	0.2563	0.1262	0.1014	0.3018	0.1228	0.0132	0.2436	0.9632	1.5174	0.0000	0.0124	1.3861	10.5071	6.3168	20.2622	0.0001	0.0001	0.0001	0.0000	0.0000	0.0000	0.0001	0.0001	0.0001	0.0857	0.0341	0.0517	0.0451	0.0318	0.0133	0.0407	0.0023	0.0384	0.1189	0.1032	0.0157	0.0329	0.0311	0.0018	0.0860	0.0720	0.0139	0.6883	0.4867	0.2016	0.3571	0.3130	0.0441	0.3312	0.1737	0.1575	0.0079	0.0082	0.0142	0.0024	0.0029	0.0012	0.0101	0.0526	0.0166	0.1245	0.0700	0.2563	0.1262	0.1014	0.3018	0.1228	0.0132	0.2436
79	118	0.0736	2	0	1	0	2	0	0	0	0	N	N	N	Y	N	N	N	N	N	N	N	N	0.0007	0.0006	0.0001	0.0000	0.0000	0.0000	0.0005	0.0003	0.0001	0.0014	0.0017	0.0000	0.0000	0.0000	0.0000	0.0014	0.0017	0.0000	1.9622	2.8768	0.5056	0.7218	0.6835	1.0648	2.7512	5.7766	0.4427	0.0029	0.1103	-0.0000	-0.4329	1.3861	4.0036	6.3168	26.5072	0.0001	0.0001	0.0000	0.0000	0.0000	0.0000	0.0001	0.0001	0.0000	1.2058	1.0860	0.1198	0.1724	0.1469	0.0255	1.0334	0.9391	0.0943	0.0357	0.0301	0.0056	0.0010	0.0009	0.0001	0.0347	0.0292	0.0056	0.6145	0.3775	0.2370	0.2389	0.2149	0.0240	0.3756	0.1626	0.2131	0.0007	0.0006	0.0001	0.0000	0.0000	0.0000	0.0005	0.0003	0.0001	1.9622	2.8768	0.5056	0.7218	0.6835	1.0648	2.7512	5.7766	0.4427
79	119	0.1120	3	0	1	0	1	0	0	0	0	N	N	N	N	N	N	N	N	N	N	N	N	0.0000	0.0000	0.0000	0.0000	0.0000	0.0000	0.0000	0.0000	0.0000	0.0000	0.0000	0.0000	0.0000	0.0000	0.0000	0.0000	0.0000	0.0000	0.3649	0.2947	0.5047	0.4853	0.4116	0.9813	0.2860	0.1690	0.4185	inf	0.8609	0.0000	0.0007	1.3861	3.8169	6.3168	21.2433	0.0000	0.0000	0.0000	0.0000	0.0000	0.0000	0.0000	0.0000	0.0000	0.1591	0.0855	0.0736	0.0838	0.0619	0.0219	0.0753	0.0236	0.0517	0.0506	0.0430	0.0076	0.0137	0.0123	0.0015	0.0369	0.0308	0.0061	0.4361	0.2902	0.1459	0.1727	0.1504	0.0223	0.2634	0.1399	0.1235	0.0000	0.0000	0.0000	0.0000	0.0000	0.0000	0.0000	0.0000	0.0000	0.3649	0.2947	0.5047	0.4853	0.4116	0.9813	0.2860	0.1690	0.4185
79	120	0.4577	7	0	1	0	1	0	0	0	0	N	N	N	N	N	N	N	N	N	N	N	N	0.0528	0.0320	0.1721	0.0701	0.0676	0.0197	0.0530	0.0561	0.1636	0.0438	0.0241	0.1718	0.0698	0.0734	0.0086	0.0329	0.0009	0.1947	0.8298	0.7554	0.9982	0.9957	1.0869	0.4382	0.6209	0.0156	1.1907	1.0914	0.5837	0.0006	-0.0771	1.3861	16.3276	6.3168	34.9199	0.0075	0.0036	0.0039	0.0035	0.0035	0.0000	0.0040	0.0001	0.0039	0.8585	0.5421	0.3164	0.5742	0.5387	0.0355	0.2843	0.0035	0.2809	0.1706	0.1479	0.0227	0.0502	0.0474	0.0028	0.1203	0.1005	0.0199	1.0347	0.7177	0.3170	0.5767	0.4956	0.0811	0.4580	0.2221	0.2359	0.0528	0.0320	0.1721	0.0701	0.0676	0.0197	0.0530	0.0561	0.1636	0.8298	0.7554	0.9982	0.9957	1.0869	0.4382	0.6209	0.0156	1.1907
79	121	0.4404	6	0	1	0	1	0	0	0	0	N	N	N	N	N	N	N	N	N	N	N	N	0.0395	0.0204	0.1944	0.0715	0.0678	0.0178	0.0273	0.0012	0.1770	0.0252	0.0143	0.0935	0.0439	0.0461	0.0045	0.0183	0.0009	0.1035	0.6382	0.7022	0.4810	0.6139	0.6791	0.2508	0.6732	0.7574	0.5847	1.0463	0.2790	0.0001	-0.0987	1.3861	6.1757	6.3168	14.5601	0.0017	0.0008	0.0009	0.0008	0.0008	0.0000	0.0009	0.0000	0.0009	0.4108	0.3212	0.0896	0.2335	0.2190	0.0145	0.1773	0.1022	0.0751	0.0675	0.0582	0.0093	0.0182	0.0173	0.0009	0.0493	0.0409	0.0084	0.6438	0.4574	0.1863	0.3803	0.3224	0.0579	0.2634	0.1350	0.1285	0.0395	0.0204	0.1944	0.0715	0.0678	0.0178	0.0273	0.0012	0.1770	0.6382	0.7022	0.4810	0.6139	0.6791	0.2508	0.6732	0.7574	0.5847
79	122	0.3873	5	0	0	0	1	0	0	0	0	N	N	N	N	N	N	N	N	N	N	N	N	0.0580	0.0497	0.0966	0.0496	0.0485	0.0184	0.0510	0.0347	0.1002	0.0258	0.0264	0.0219	0.0162	0.0171	0.0028	0.0300	0.0310	0.0251	0.4447	0.5322	0.2263	0.3265	0.3528	0.1535	0.5885	0.8926	0.2510	0.1294	0.1705	-0.0007	-0.0897	1.3861	7.5400	6.3168	21.4192	0.0022	0.0020	0.0003	0.0004	0.0004	0.0000	0.0018	0.0016	0.0003	0.2869	0.2451	0.0418	0.1157	0.1085	0.0072	0.1712	0.1366	0.0346	0.0863	0.0746	0.0117	0.0262	0.0245	0.0017	0.0601	0.0501	0.0100	0.6453	0.4607	0.1846	0.3544	0.3076	0.0468	0.2909	0.1531	0.1379	0.0580	0.0497	0.0966	0.0496	0.0485	0.0184	0.0510	0.0347	0.1002	0.4447	0.5322	0.2263	0.3265	0.3528	0.1535	0.5885	0.8926	0.2510
79	123	0.1475	4	0	1	0	1	0	0	0	0	N	N	N	N	N	N	N	N	N	N	N	N	0.0872	0.0049	7.3547	0.0304	0.0282	0.0042	0.1080	0.0017	7.0671	0.1138	0.0093	0.7067	0.0462	0.0501	0.0002	0.1225	0.0035	0.7509	1.3062	1.8960	0.0961	1.5173	1.7759	0.0568	1.1348	2.0527	0.1062	13.4011	0.0247	0.0021	-0.2275	1.3861	4.0019	6.3168	19.5615	0.0043	0.0003	0.0040	0.0002	0.0002	0.0000	0.0041	0.0001	0.0040	0.5240	0.5114	0.0126	0.2727	0.2712	0.0015	0.2513	0.2402	0.0111	0.0378	0.0322	0.0057	0.0043	0.0040	0.0003	0.0335	0.0282	0.0053	0.4012	0.2697	0.1315	0.1797	0.1527	0.0270	0.2214	0.1170	0.1044	0.0872	0.0049	7.3547	0.0304	0.0282	0.0042	0.1080	0.0017	7.0671	1.3062	1.8960	0.0961	1.5173	1.7759	0.0568	1.1348	2.0527	0.1062
79	124	0.1255	3	0	0	0	1	0	0	0	0	N	N	N	N	N	N	N	N	N	N	N	N	0.0000	0.0001	0.0000	0.0001	0.0001	0.0000	0.0000	0.0000	0.0000	0.0000	0.0000	0.0000	0.0000	0.0000	0.0000	0.0000	0.0000	0.0000	0.3239	0.3287	0.3141	0.3729	0.3310	0.6538	0.2871	0.3258	0.2451	0.0032	0.4697	-0.0000	-0.0084	1.3861	1.2223	6.3168	8.2281	0.0000	0.0000	0.0000	0.0000	0.0000	0.0000	0.0000	0.0000	0.0000	0.0604	0.0411	0.0193	0.0298	0.0230	0.0068	0.0306	0.0181	0.0125	0.0170	0.0147	0.0022	0.0063	0.0058	0.0005	0.0106	0.0089	0.0017	0.1865	0.1250	0.0614	0.0800	0.0696	0.0104	0.1065	0.0554	0.0511	0.0000	0.0001	0.0000	0.0001	0.0001	0.0000	0.0000	0.0000	0.0000	0.3239	0.3287	0.3141	0.3729	0.3310	0.6538	0.2871	0.3258	0.2451
79	125	0.0736	2	0	0	0	1	0	0	0	0	N	N	N	N	N	N	N	N	N	N	N	N	0.0015	0.0022	0.0000	0.0481	0.0479	0.0000	0.0000	0.0000	0.0000	0.0007	0.0009	0.0000	0.0275	0.0292	0.0000	0.0000	0.0000	0.0000	0.4831	0.3960	0.6138	0.5714	0.6104	0.1655	0.4208	0.0322	0.6586	0.0000	1.0330	-0.0000	0.0112	1.3861	5.9920	6.3168	12.2976	0.0000	0.0000	0.0000	0.0000	0.0000	0.0000	0.0000	0.0000	0.0000	0.2262	0.1112	0.1149	0.1107	0.1079	0.0028	0.1155	0.0034	0.1121	0.0530	0.0447	0.0083	0.0014	0.0014	0.0001	0.0516	0.0434	0.0082	0.4682	0.2809	0.1872	0.1937	0.1767	0.0170	0.2744	0.1042	0.1702	0.0015	0.0022	0.0000	0.0481	0.0479	0.0000	0.0000	0.0000	0.0000	0.4831	0.3960	0.6138	0.5714	0.6104	0.1655	0.4208	0.0322	0.6586
79	126	0.1107	4	0	1	0	1	0	0	0	0	N	N	N	N	N	N	N	N	N	N	N	N	0.1000	0.1061	0.1344	0.0347	0.0320	0.0041	0.1331	3.6431	0.1207	0.1171	0.0990	0.2159	0.0548	0.0567	0.0006	0.1224	0.1032	0.2198	1.1707	0.9331	1.6071	1.5785	1.7707	0.1456	0.9195	0.0283	1.8214	0.3984	0.9380	-0.0009	0.0125	1.3861	5.0407	6.3168	17.1705	0.0059	0.0042	0.0017	0.0002	0.0002	0.0000	0.0057	0.0040	0.0017	0.4863	0.2509	0.2354	0.2500	0.2473	0.0027	0.2363	0.0037	0.2326	0.0503	0.0425	0.0078	0.0039	0.0038	0.0001	0.0464	0.0387	0.0076	0.4154	0.2689	0.1465	0.1584	0.1397	0.0187	0.2570	0.1293	0.1277	0.1000	0.1061	0.1344	0.0347	0.0320	0.0041	0.1331	3.6431	0.1207	1.1707	0.9331	1.6071	1.5785	1.7707	0.1456	0.9195	0.0283	1.8214
79	127	0.0948	3	0	1	0	1	0	0	0	0	N	N	N	N	N	N	N	N	N	N	N	N	0.0841	0.0969	0.0347	0.3124	0.3157	0.3101	0.0656	0.1535	0.0323	0.0069	0.0076	0.0031	0.0385	0.0385	0.0424	0.0035	0.0036	0.0027	0.0822	0.0787	0.0891	0.1234	0.1218	0.1367	0.0527	0.0236	0.0822	0.0758	0.5614	-0.0001	-0.0018	1.3861	1.9703	6.3168	6.2034	0.0002	0.0001	0.0000	0.0001	0.0001	0.0000	0.0001	0.0001	0.0000	0.0181	0.0116	0.0065	0.0113	0.0101	0.0013	0.0068	0.0015	0.0052	0.0217	0.0183	0.0034	0.0021	0.0021	0.0000	0.0196	0.0162	0.0034	0.2203	0.1473	0.0730	0.0920	0.0827	0.0094	0.1283	0.0646	0.0637	0.0841	0.0969	0.0347	0.3124	0.3157	0.3101	0.0656	0.1535	0.0323	0.0822	0.0787	0.0891	0.1234	0.1218	0.1367	0.0527	0.0236	0.0822
79	128	0.0736	2	0	0	0	1	0	0	0	0	N	N	N	N	N	N	N	N	N	N	N	N	0.0038	0.0033	0.0061	0.0096	0.0105	0.0000	0.0047	0.0068	0.0068	0.0048	0.0043	0.0074	0.0160	0.0169	0.0000	0.0045	0.0039	0.0075	1.2742	1.3120	1.2222	1.6685	1.6001	2.5713	0.9525	0.5668	1.1126	0.3221	0.6770	-0.0000	-0.0240	1.3861	1.1032	6.3168	7.8190	0.0000	0.0000	0.0000	0.0000	0.0000	0.0000	0.0000	0.0000	0.0000	0.4395	0.2620	0.1774	0.2585	0.2305	0.0281	0.1809	0.0316	0.1493	0.0101	0.0085	0.0016	0.0003	0.0003	0.0000	0.0098	0.0082	0.0016	0.3449	0.1997	0.1452	0.1550	0.1440	0.0109	0.1899	0.0557	0.1342	0.0038	0.0033	0.0061	0.0096	0.0105	0.0000	0.0047	0.0068	0.0068	1.2742	1.3120	1.2222	1.6685	1.6001	2.5713	0.9525	0.5668	1.1126
79	129	0.4166	6	0	1	0	1	0	0	0	0	N	N	N	N	N	N	N	N	N	N	N	N	0.0000	0.0000	0.0000	0.0000	0.0000	0.0000	0.0000	0.0000	0.0000	0.0000	0.0000	0.0000	0.0000	0.0000	0.0000	0.0000	0.0000	0.0000	0.0018	0.0020	0.0012	0.0029	0.0027	0.0050	0.0002	0.0001	0.0002	0.1958	0.0000	-0.0001	1.3861	1.0033	6.3168	0.8635	0.0000	0.0000	0.0000	0.0000	0.0000	0.0000	0.0000	0.0000	0.0000	0.0003	0.0002	0.0000	0.0003	0.0002	0.0000	0.0000	0.0000	0.0000	0.0295	0.0267	0.0028	0.0168	0.0158	0.0010	0.0127	0.0108	0.0018	0.1498	0.1127	0.0370	0.0879	0.0801	0.0078	0.0618	0.0326	0.0292	0.0000	0.0000	0.0000	0.0000	0.0000	0.0000	0.0000	0.0000	0.0000	0.0018	0.0020	0.0012	0.0029	0.0027	0.0050	0.0002	0.0001	0.0002	
79	130	0.3873	5	0	0	0	1	0	0	0	0	N	N	N	N	N	N	N	N	N	N	N	N	0.1332	0.1994	0.0084	0.2507	0.2820	0.0199	0.0771	0.1832	0.0066	0.0029	0.0033	0.0003	0.0049	0.0052	0.0005	0.0019	0.0022	0.0002	0.0217	0.0165	0.0350	0.0197	0.0186	0.0273	0.0244	0.0121	0.0377	0.0139	0.8299	-0.0001	-0.0001	1.3861	5.5514	6.3168	9.9598	0.0002	0.0002	0.0000	0.0001	0.0001	0.0000	0.0001	0.0001	0.0000	0.0109	0.0060	0.0050	0.0056	0.0046	0.0010	0.0053	0.0014	0.0040	0.0696	0.0603	0.0093	0.0231	0.0216	0.0015	0.0465	0.0387	0.0079	0.5032	0.3616	0.1416	0.2850	0.2486	0.0363	0.2182	0.1129	0.1053	0.1332	0.1994	0.0084	0.2507	0.2820	0.0199	0.0771	0.1832	0.0066	0.0217	0.0165	0.0350	0.0197	0.0186	0.0273	0.0244	0.0121	0.0377
79	131	0.3570	4	0	0	0	1	0	0	0	0	N	N	N	N	N	N	N	N	N	N	N	N	0.0193	0.0138	0.0624	0.0462	0.0468	0.0038	0.0108	0.0039	0.0644	0.0053	0.0042	0.0126	0.0095	0.0100	0.0006	0.0038	0.0019	0.0140	0.2738	0.3031	0.2017	0.2046	0.2126	0.1440	0.3540	0.4837	0.2177	0.4554	0.2700	-0.0001	-0.0361	1.3861	9.1969	6.3168	13.4651	0.0005	0.0004	0.0002	0.0003	0.0003	0.0000	0.0003	0.0001	0.0002	0.1470	0.1157	0.0313	0.0589	0.0541	0.0048	0.0881	0.0617	0.0264	0.1017	0.0884	0.0134	0.0267	0.0253	0.0014	0.0751	0.0631	0.0119	0.5368	0.3819	0.1549	0.2879	0.2543	0.0336	0.2489	0.1275	0.1213	0.0193	0.0138	0.0624	0.0462	0.0468	0.0038	0.0108	0.0039	0.0644	0.2738	0.3031	0.2017	0.2046	0.2126	0.1440	0.3540	0.4837	0.2177
79	132	0.1705	6	1	1	0	2	0	0	0	0	N	N	N	Y	N	N	N	N	N	N	N	N	0.0000	0.0000	0.0000	0.0000	0.0000	0.0000	0.0000	0.0000	0.0000	0.0000	0.0000	0.0000	0.0000	0.0000	0.0000	0.0000	0.0000	0.0000	7.6914	0.3101	41.3131	0.5075	0.5908	0.0259	9.7842	0.0062	42.9739	28.3721	0.0000	0.1841	1.3861	1.0000	6.3168	3.0001	0.0000	0.0000	0.0000	0.0000	0.0000	0.0000	0.0000	0.0000	0.0000	0.3627	0.0123	0.3504	0.0123	0.0122	0.0001	0.3504	0.0001	0.3503	0.0094	0.0080	0.0014	0.0012	0.0011	0.0001	0.0082	0.0069	0.0013	0.0601	0.0398	0.0203	0.0243	0.0207	0.0036	0.0358	0.0191	0.0167	0.0000	0.0000	0.0000	0.0000	0.0000	0.0000	0.0000	0.0000	0.0000	6.0356	0.3101	17.2775	0.5075	0.5908	0.0259	9.7842	0.0062	20.9784	
79	133	0.5694	10	1	1	0	2	0	0	0	0	N	N	N	Y	N	N	N	N	N	N	N	N	0.0000	0.0000	0.0000	0.0000	0.0000	0.0000	0.0000	0.0000	0.0000	0.0000	0.0000	0.0000	0.0000	0.0000	0.0000	0.0000	0.0000	0.0000	2.2483	2.0056	2.8275	2.6676	3.0523	0.1042	1.7745	0.0208	3.6613	0.5910	0.0000	-0.0056	1.3861	0.0006	6.3168	1.9797	0.0000	0.0000	0.0000	0.0000	0.0000	0.0000	0.0000	0.0000	0.0000	0.0646	0.0406	0.0240	0.0406	0.0404	0.0002	0.0239	0.0001	0.0238	0.0000	0.0000	0.0000	0.0000	0.0000	0.0000	0.0000	0.0000	0.0000	0.0287	0.0202	0.0085	0.0152	0.0132	0.0020	0.0135	0.0070	0.0065	0.0000	0.0000	0.0000	0.0000	0.0000	0.0000	0.0000	0.0000	0.0000	2.2483	2.0056	2.8275	2.6676	3.0523	0.1042	1.7745	0.0208	3.6613	
79	134	0.5527	9	1	1	0	2	0	0	0	0	N	N	N	Y	N	N	N	N	N	N	N	N	0.0000	0.0000	0.0000	0.0000	0.0000	0.0000	0.0000	0.0000	0.0000	0.0000	0.0000	0.0000	0.0000	0.0000	0.0000	0.0000	0.0000	0.0000	0.0200	0.0122	0.0388	0.0159	0.0185	0.0006	0.0245	0.0009	0.0521	1.3145	0.0000	0.0002	1.3861	2.0077	6.3168	6.0321	0.0000	0.0000	0.0000	0.0000	0.0000	0.0000	0.0000	0.0000	0.0000	0.0021	0.0009	0.0012	0.0009	0.0009	0.0000	0.0012	0.0000	0.0012	0.0182	0.0156	0.0025	0.0050	0.0046	0.0004	0.0132	0.0111	0.0021	0.1049	0.0743	0.0307	0.0556	0.0477	0.0079	0.0494	0.0266	0.0228	0.0000	0.0000	0.0000	0.0000	0.0000	0.0000	0.0000	0.0000	0.0000	0.0200	0.0122	0.0388	0.0159	0.0185	0.0006	0.0245	0.0009	0.0521	
79	135	0.5479	9	0	1	0	2	0	0	0	0	N	N	N	Y	N	N	N	N	N	N	N	N	0.0001	0.0000	0.2490	0.0000	0.0000	0.0000	0.0002	0.0000	0.2244	0.0000	0.0000	0.0003	0.0000	0.0000	0.0000	0.0001	0.0000	0.0004	0.3926	0.5557	0.0013	0.4156	0.4883	0.0003	0.3653	0.6834	0.0016	54.3248	0.0010	0.0000	-0.0328	1.3861	3.0348	6.3168	9.3583	0.0000	0.0000	0.0000	0.0000	0.0000	0.0000	0.0000	0.0000	0.0000	0.0717	0.0716	0.0001	0.0412	0.0412	0.0000	0.0305	0.0304	0.0001	0.0281	0.0241	0.0040	0.0073	0.0067	0.0006	0.0208	0.0173	0.0035	0.1826	0.1289	0.0537	0.0991	0.0843	0.0148	0.0835	0.0445	0.0389	0.0001	0.0000	0.2490	0.0000	0.0000	0.0000	0.0002	0.0000	0.2244	0.3926	0.5557	0.0013	0.4156	0.4883	0.0003	0.3653	0.6834	0.0016
79	136	0.5336	8	0	0	0	2	0	0	0	0	N	N	N	Y	N	N	N	N	N	N	N	N	0.1893	0.1624	0.1083	0.4268	0.3817	1.3942	0.0000	0.0000	0.0000	0.0028	0.0032	0.0003	0.0095	0.0100	0.0028	0.0000	0.0000	0.0000	0.0147	0.0199	0.0030	0.0223	0.0261	0.0020	0.0060	0.0085	0.0033	0.0180	0.0659	-0.0000	-0.0005	1.3861	0.0433	6.3168	6.6805	0.0000	0.0000	0.0000	0.0000	0.0000	0.0000	0.0000	0.0000	0.0000	0.0013	0.0013	0.0001	0.0011	0.0011	0.0000	0.0003	0.0002	0.0001	0.0005	0.0004	0.0001	0.0001	0.0001	0.0000	0.0003	0.0003	0.0001	0.0911	0.0632	0.0279	0.0484	0.0408	0.0076	0.0427	0.0224	0.0203	0.1893	0.1624	0.1083	0.4268	0.3817	1.3942	0.0000	0.0000	0.0000	0.0147	0.0199	0.0030	0.0223	0.0261	0.0020	0.0060	0.0085	0.0033
79	137	0.2001	8	0	1	0	2	0	0	0	0	N	N	N	Y	N	N	N	N	N	N	N	N	0.0000	0.0000	0.0000	0.0000	0.0000	0.0000	0.0000	0.0000	0.0000	0.0000	0.0000	0.0000	0.0000	0.0000	0.0000	0.0000	0.0000	0.0000	0.0000	0.0000	1.3861	0.0000	6.3168	0.0000	0.0000	0.0000	0.0000	0.0000	0.0000	0.0000	0.0000	0.0000	0.0000	0.0000	0.0000	0.0000	0.0000	0.0000	0.0000	0.0000	0.0000	0.0000	0.0000	0.0000	0.0000	0.0000	0.0000	0.0000	0.0000	0.0000	0.0000	0.0000	0.0000	0.0000	0.0000	0.0000	0.0000	0.0000	0.0000	0.0000	0.0000	0.0000	0.0000	0.0000	0.0000	0.0000	0.0000	0.0000	0.0000	0.0000	0.0000	0.0000	0.0000	0.0000	0.0000	0.0000	0.0000	0.0000											
79	138	0.1951	7	0	1	0	2	0	0	0	0	N	N	N	Y	N	N	N	N	N	N	N	N	0.0000	0.0000	0.0000	0.0000	0.0000	0.0000	0.0000	0.0000	0.0000	0.0000	0.0000	0.0000	0.0000	0.0000	0.0000	0.0000	0.0003	0.0000	0.0010	0.0000	0.0000	0.0000	0.0006	0.0000	0.0012	194.0600	0.0000	0.0000	1.3861	0.0021	6.3168	2.0000	0.0000	0.0000	0.0000	0.0000	0.0000	0.0000	0.0000	0.0000	0.0000	0.0000	0.0000	0.0000	0.0000	0.0000	0.0000	0.0000	0.0000	0.0000	0.0001	0.0000	0.0000	0.0000	0.0000	0.0000	0.0000	0.0000	0.0000	0.0297	0.0198	0.0099	0.0117	0.0102	0.0015	0.0180	0.0096	0.0084	0.0000	0.0000	0.0000	0.0000	0.0000	0.0000	0.0000	0.0000	0.0000	0.0003	0.0000	0.0010	0.0000	0.0000	0.0000	0.0006	0.0000	0.0012			
79	139	0.1848	6	0	0	0	2	0	0	0	0	N	N	N	Y	N	N	N	N	N	N	N	N	0.0000	0.0000	0.0000	0.0000	0.0000	0.0000	0.0000	0.0000	0.0000	0.0000	0.0000	0.0000	0.0000	0.0000	0.0000	0.0000	0.0000	0.0000	0.0027	0.0031	0.0020	0.0052	0.0060	0.0002	0.0011	0.0000	0.0024	0.3263	0.0000	-0.0000	1.3861	1.0020	6.3168	3.0181	0.0000	0.0000	0.0000	0.0000	0.0000	0.0000	0.0000	0.0000	0.0000	0.0002	0.0001	0.0000	0.0001	0.0001	0.0000	0.0000	0.0000	0.0000	0.0094	0.0080	0.0014	0.0012	0.0011	0.0001	0.0082	0.0069	0.0013	0.0602	0.0400	0.0202	0.0242	0.0208	0.0034	0.0360	0.0192	0.0168	0.0000	0.0000	0.0000	0.0000	0.0000	0.0000	0.0000	0.0000	0.0000	0.0027	0.0031	0.0020	0.0052	0.0060	0.0002	0.0011	0.0000	0.0024	
79	140	0.1705	6	0	1	0	1	0	0	0	0	N	N	N	N	N	N	N	N	N	N	N	N	0.0000	0.0000	0.0000	0.0000	0.0000	0.0000	0.0000	0.0000	0.0000	0.0000	0.0000	0.0000	0.0000	0.0000	0.0000	0.0000	0.0000	0.0000	0.0000	0.0000	0.0000	0.0000	0.0000	0.0000	0.0000	3.1671	0.0000	0.0000	1.3861	0.0000	6.3168	4.0001	0.0000	0.0000	0.0000	0.0000	0.0000	0.0000	0.0000	0.0000	0.0000	0.0000	0.0000	0.0000	0.0000	0.0000	0.0000	0.0000	0.0000	0.0000	0.0000	0.0000	0.0000	0.0000	0.0000	0.0000	0.0000	0.0000	0.0000	0.0601	0.0398	0.0203	0.0243	0.0207	0.0036	0.0358	0.0191	0.0167	0.0000	0.0000	0.0000	0.0000	0.0000	0.0000	0.0000	0.0000	0.0000	0.0000	0.0000	0.0000	0.0000	0.0000	0.0000	0.0000	0.0000	0.0000			
79	141	0.5481	8	0	1	0	1	0	0	0	0	N	N	N	N	N	N	N	N	N	N	N	N	0.0000	0.0000	0.0000	0.0000	0.0000	0.0000	0.0000	0.0000	0.0000	0.0000	0.0000	0.0000	0.0000	0.0000	0.0000	0.0000	0.0000	0.0000	0.0736	0.0727	0.0760	0.0808	0.0940	0.0024	0.0655	0.0340	0.1021	0.4330	0.0000	-0.0009	1.3861	1.0003	6.3168	5.0186	0.0000	0.0000	0.0000	0.0000	0.0000	0.0000	0.0000	0.0000	0.0000	0.0059	0.0041	0.0018	0.0035	0.0035	0.0000	0.0025	0.0007	0.0018	0.0091	0.0078	0.0013	0.0025	0.0023	0.0002	0.0066	0.0055	0.0011	0.0807	0.0571	0.0236	0.0429	0.0367	0.0062	0.0377	0.0203	0.0174	0.0000	0.0000	0.0000	0.0000	0.0000	0.0000	0.0000	0.0000	0.0000	0.0736	0.0727	0.0760	0.0808	0.0940	0.0024	0.0655	0.0340	0.1021	
79	142	0.1848	6	0	0	1	2	0	0	0	0	N	N	N	Y	N	N	N	N	N	N	N	N	0.0000	0.0000	0.0000	0.0000	0.0000	0.0000	0.0000	0.0000	0.0000	0.0000	0.0000	0.0000	0.0000	0.0000	0.0000	0.0000	0.0000	0.0000	0.0793	0.1189	0.0007	0.0276	0.0321	0.0000	0.1138	0.2119	0.0008	0.0029	0.0000	-0.0048	1.3861	0.0001	6.3168	9.0026	0.0000	0.0000	0.0000	0.0000	0.0000	0.0000	0.0000	0.0000	0.0000	0.0105	0.0104	0.0000	0.0015	0.0015	0.0000	0.0090	0.0090	0.0000	0.0000	0.0000	0.0000	0.0000	0.0000	0.0000	0.0000	0.0000	0.0000	0.1320	0.0878	0.0442	0.0528	0.0454	0.0074	0.0792	0.0424	0.0368	0.0000	0.0000	0.0000	0.0000	0.0000	0.0000	0.0000	0.0000	0.0000	0.0793	0.1189	0.0007	0.0276	0.0321	0.0000	0.1138	0.2119	0.0008	
79	143	0.5336	8	0	0	1	2	0	0	0	0	N	N	N	Y	N	N	N	N	N	N	N	N	0.0000	0.0000	0.0000	0.0000	0.0000	0.0000	0.0000	0.0000	0.0000	0.0000	0.0000	0.0000	0.0000	0.0000	0.0000	0.0000	0.0000	0.0000	0.0410	0.0052	0.1220	0.0099	0.0055	0.0333	0.0762	0.0046	0.1551	10.4177	0.0000	0.0025	1.3861	2.0061	6.3168	8.0425	0.0000	0.0000	0.0000	0.0000	0.0000	0.0000	0.0000	0.0000	0.0000	0.0055	0.0005	0.0050	0.0007	0.0003	0.0004	0.0048	0.0002	0.0046	0.0180	0.0155	0.0026	0.0045	0.0041	0.0004	0.0135	0.0113	0.0022	0.1339	0.0928	0.0410	0.0710	0.0599	0.0112	0.0628	0.0330	0.0299	0.0000	0.0000	0.0000	0.0000	0.0000	0.0000	0.0000	0.0000	0.0000	0.0410	0.0052	0.1220	0.0099	0.0055	0.0333	0.0762	0.0046	0.1551	
79	144	0.5245	7	0	0	0	2	0	0	0	0	N	N	N	Y	N	N	N	N	N	N	N	N	0.0000	0.0000	0.0000	0.0000	0.0000	0.0000	0.0000	0.0000	0.0000	0.0000	0.0000	0.0000	0.0000	0.0000	0.0000	0.0000	0.0000	0.0000	0.8549	1.1651	0.0043	0.0306	0.0372	0.0037	2.0633	3.2753	0.0048	0.0014	0.0000	-0.0422	1.3861	1.9550	6.3168	2.1189	0.0000	0.0000	0.0000	0.0000	0.0000	0.0000	0.0000	0.0000	0.0000	0.0923	0.0922	0.0001	0.0020	0.0019	0.0000	0.0904	0.0903	0.0001	0.0189	0.0162	0.0027	0.0058	0.0052	0.0006	0.0131	0.0110	0.0021	0.1080	0.0791	0.0289	0.0642	0.0516	0.0126	0.0438	0.0276	0.0162	0.0000	0.0000	0.0000	0.0000	0.0000	0.0000	0.0000	0.0000	0.0000	0.8549	1.1651	0.0043	0.0306	0.0372	0.0037	2.0633	3.2753	0.0048	
79	145	0.5245	7	0	0	1	2	0	0	0	0	N	N	N	Y	N	N	N	N	N	N	N	N	0.0000	0.0000	0.0000	0.0000	0.0000	0.0000	0.0000	0.0000	0.0000	0.0000	0.0000	0.0000	0.0000	0.0000	0.0000	0.0000	0.0000	0.0000	1.8729	2.6328	0.0290	0.6586	0.7831	0.0486	3.3584	5.9975	0.0198	0.0045	0.0000	-0.2653	1.3861	2.1261	6.3168	18.6477	0.0000	0.0000	0.0000	0.0000	0.0000	0.0000	0.0000	0.0000	0.0000	0.5845	0.5819	0.0026	0.1131	0.1117	0.0014	0.4714	0.4702	0.0012	0.0204	0.0175	0.0029	0.0062	0.0056	0.0006	0.0142	0.0119	0.0023	0.3121	0.2210	0.0911	0.1717	0.1426	0.0291	0.1404	0.0784	0.0620	0.0000	0.0000	0.0000	0.0000	0.0000	0.0000	0.0000	0.0000	0.0000	1.8729	2.6328	0.0290	0.6586	0.7831	0.0486	3.3584	5.9975	0.0198	
79	146	0.1848	6	0	0	1	2	0	0	0	0	N	N	N	Y	N	N	N	N	N	N	N	N	0.0000	0.0000	0.0000	0.0000	0.0000	0.0000	0.0000	0.0000	0.0000	0.0000	0.0000	0.0000	0.0000	0.0000	0.0000	0.0000	0.0000	0.0000	0.4445	0.6682	0.0000	0.4922	0.5720	0.0001	0.4127	0.7715	0.0000	0.0000	0.0000	-0.0240	1.3861	2.0001	6.3168	5.9880	0.0000	0.0000	0.0000	0.0000	0.0000	0.0000	0.0000	0.0000	0.0000	0.0523	0.0523	0.0000	0.0232	0.0232	0.0000	0.0291	0.0291	0.0000	0.0188	0.0160	0.0028	0.0024	0.0022	0.0002	0.0164	0.0138	0.0026	0.1176	0.0783	0.0394	0.0471	0.0405	0.0066	0.0706	0.0377	0.0328	0.0000	0.0000	0.0000	0.0000	0.0000	0.0000	0.0000	0.0000	0.0000	0.4445	0.6682	0.0000	0.4922	0.5720	0.0001	0.4127	0.7715	0.0000	
79	147	0.1848	6	0	0	1	2	0	0	0	0	N	N	N	Y	N	N	N	N	N	N	N	N	0.1235	0.1196	0.2273	0.2595	0.4811	0.0000	0.1857	0.0138	0.6679	0.1081	0.0690	0.3340	0.4527	0.4888	0.0001	0.0579	0.0017	0.3567	0.8755	0.5768	1.4698	1.7445	1.0159	6.2911	0.3116	0.1207	0.5341	0.8378	1.2802	0.0001	0.0387	1.3861	9.0001	6.3168	23.0169	0.0088	0.0048	0.0040	0.0047	0.0047	0.0000	0.0041	0.0001	0.0040	0.3758	0.1648	0.2110	0.2947	0.1479	0.1468	0.0811	0.0169	0.0642	0.0818	0.0697	0.0121	0.0104	0.0096	0.0008	0.0714	0.0601	0.0113	0.4293	0.2857	0.1436	0.1689	0.1456	0.0233	0.2604	0.1401	0.1202	0.1235	0.1196	0.2273	0.2595	0.4811	0.0000	0.1857	0.0138	0.6679	0.8755	0.5768	1.4698	1.7445	1.0159	6.2911	0.3116	0.1207	0.5341
79	148	0.1595	5	0	0	0	2	0	0	0	0	N	N	N	Y	N	N	N	N	N	N	N	N	0.0000	0.0000	0.0000	0.0002	0.0002	0.0000	0.0000	0.0000	0.0000	0.0000	0.0000	0.0000	0.0000	0.0000	0.0000	0.0000	0.0000	0.0000	0.0782	0.1148	0.0061	0.1368	0.1563	0.0193	0.0375	0.0680	0.0033	0.0000	0.0269	-0.0000	-0.0052	1.3861	1.9990	6.3168	7.9526	0.0000	0.0000	0.0000	0.0000	0.0000	0.0000	0.0000	0.0000	0.0000	0.0121	0.0118	0.0003	0.0087	0.0085	0.0002	0.0034	0.0033	0.0001	0.0189	0.0160	0.0028	0.0024	0.0022	0.0002	0.0165	0.0138	0.0027	0.1550	0.1028	0.0522	0.0635	0.0545	0.0091	0.0915	0.0484	0.0431	0.0000	0.0000	0.0000	0.0002	0.0002	0.0000	0.0000	0.0000	0.0000	0.0782	0.1148	0.0061	0.1368	0.1563	0.0193	0.0375	0.0680	0.0033
79	149	0.1276	4	1	1	0	1	0	0	0	0	N	N	N	N	N	N	N	N	N	N	N	N	0.0000	0.0000	0.0001	0.0000	0.0000	0.0000	0.0000	0.0000	0.0000	0.0000	0.0000	0.0000	0.0000	0.0000	0.0000	0.0000	0.0000	0.0000	0.2495	0.2494	0.2495	0.2943	0.3291	0.0540	0.2193	0.1629	0.2855	inf	0.4844	0.0000	-0.0122	1.3861	5.3497	6.3168	17.2225	0.0000	0.0000	0.0000	0.0000	0.0000	0.0000	0.0000	0.0000	0.0000	0.0923	0.0622	0.0301	0.0437	0.0427	0.0010	0.0486	0.0195	0.0291	0.0591	0.0502	0.0089	0.0099	0.0094	0.0005	0.0492	0.0408	0.0084	0.3699	0.2492	0.1207	0.1485	0.1297	0.0188	0.2214	0.1195	0.1019	0.0000	0.0000	0.0001	0.0000	0.0000	0.0000	0.0000	0.0000	0.0000	0.2495	0.2494	0.2495	0.2943	0.3291	0.0540	0.2193	0.1629	0.2855
79	150	0.1584	5	0	1	0	1	0	0	0	0	N	N	N	N	N	N	N	N	N	N	N	N	0.0009	0.0008	0.0007	0.0021	0.0022	0.0008	0.0001	0.0000	0.0010	0.0002	0.0002	0.0001	0.0007	0.0007	0.0004	0.0000	0.0000	0.0000	0.2207	0.2743	0.1041	0.3215	0.3063	0.4334	0.1476	0.2366	0.0416	0.0506	0.1745	-0.0000	-0.0268	1.3861	3.6794	6.3168	17.4287	0.0000	0.0000	0.0000	0.0000	0.0000	0.0000	0.0000	0.0000	0.0000	0.0865	0.0737	0.0128	0.0530	0.0445	0.0085	0.0335	0.0292	0.0043	0.0548	0.0474	0.0073	0.0149	0.0143	0.0006	0.0398	0.0331	0.0067	0.3919	0.2685	0.1234	0.1649	0.1452	0.0197	0.2270	0.1233	0.1037	0.0009	0.0008	0.0007	0.0021	0.0022	0.0008	0.0001	0.0000	0.0010	0.2207	0.2743	0.1041	0.3215	0.3063	0.4334	0.1476	0.2366	0.0416
79	151	0.1276	4	0	1	0	1	0	0	0	0	N	N	N	N	N	N	N	N	N	N	N	N	0.0125	0.0137	0.0011	0.0026	0.0028	0.0000	0.0317	0.0552	0.0017	0.0014	0.0016	0.0001	0.0005	0.0005	0.0000	0.0016	0.0019	0.0001	0.1094	0.1164	0.0943	0.1911	0.1857	0.2297	0.0502	0.0345	0.0685	0.0120	0.3774	-0.0000	-0.0051	1.3861	3.4464	6.3168	10.1316	0.0001	0.0001	0.0000	0.0000	0.0000	0.0000	0.0001	0.0001	0.0000	0.0276	0.0200	0.0075	0.0202	0.0173	0.0029	0.0073	0.0027	0.0046	0.0420	0.0357	0.0063	0.0084	0.0080	0.0004	0.0336	0.0277	0.0059	0.2519	0.1718	0.0800	0.1058	0.0930	0.0128	0.1460	0.0788	0.0672	0.0125	0.0137	0.0011	0.0026	0.0028	0.0000	0.0317	0.0552	0.0017	0.1094	0.1164	0.0943	0.1911	0.1857	0.2297	0.0502	0.0345	0.0685
79	152	0.5549	10	1	1	0	1	0	0	0	0	N	N	N	N	N	N	N	N	N	N	N	N	0.0007	0.0006	0.0001	0.0016	0.0015	0.0000	0.0000	0.0000	0.0001	0.0001	0.0001	0.0000	0.0003	0.0003	0.0000	0.0000	0.0000	0.0000	0.1339	0.1670	0.0537	0.1959	0.2273	0.0056	0.0647	0.0599	0.0702	0.0047	0.1326	-0.0000	-0.0076	1.3861	1.0143	6.3168	12.0086	0.0000	0.0000	0.0000	0.0000	0.0000	0.0000	0.0000	0.0000	0.0000	0.0223	0.0197	0.0026	0.0172	0.0171	0.0001	0.0051	0.0025	0.0025	0.0094	0.0081	0.0013	0.0026	0.0024	0.0002	0.0068	0.0057	0.0011	0.1665	0.1179	0.0486	0.0879	0.0754	0.0125	0.0786	0.0425	0.0362	0.0007	0.0006	0.0001	0.0016	0.0015	0.0000	0.0000	0.0000	0.0001	0.1339	0.1670	0.0537	0.1959	0.2273	0.0056	0.0647	0.0599	0.0702
79	153	0.5527	9	1	1	0	1	0	0	0	0	N	N	N	N	N	N	N	N	N	N	N	N	0.0671	0.0003	1.4686	0.0022	0.0007	0.4196	0.3230	0.0000	1.3581	0.0001	0.0000	0.0007	0.0000	0.0000	0.0000	0.0001	0.0000	0.0008	0.0014	0.0018	0.0005	0.0023	0.0026	0.0001	0.0004	0.0002	0.0006	213.9388	0.1057	0.0000	-0.0000	1.3861	0.9811	6.3168	0.0216	0.0000	0.0000	0.0000	0.0000	0.0000	0.0000	0.0000	0.0000	0.0000	0.0000	0.0000	0.0000	0.0000	0.0000	0.0000	0.0000	0.0000	0.0000	0.0090	0.0077	0.0012	0.0025	0.0023	0.0002	0.0065	0.0055	0.0011	0.0136	0.0096	0.0040	0.0072	0.0062	0.0010	0.0064	0.0034	0.0029	0.0671	0.0003	1.4686	0.0022	0.0007	0.4196	0.3230	0.0000	1.3581	0.0014	0.0018	0.0005	0.0023	0.0026	0.0001	0.0004	0.0002	0.0006
79	154	0.5481	8	1	1	0	1	0	0	0	0	N	N	N	N	N	N	N	N	N	N	N	N	0.0000	0.0000	0.0000	0.0000	0.0000	0.0000	0.0000	0.0000	0.0000	0.0000	0.0000	0.0000	0.0000	0.0000	0.0000	0.0000	0.0000	0.0000	0.0556	0.0746	0.0097	0.0973	0.1137	0.0023	0.0071	0.0025	0.0125	0.0541	0.0000	-0.0006	1.3861	0.0083	6.3168	2.0001	0.0000	0.0000	0.0000	0.0000	0.0000	0.0000	0.0000	0.0000	0.0000	0.0016	0.0015	0.0001	0.0015	0.0015	0.0000	0.0001	0.0000	0.0001	0.0001	0.0001	0.0000	0.0000	0.0000	0.0000	0.0001	0.0000	0.0000	0.0284	0.0201	0.0083	0.0153	0.0130	0.0022	0.0131	0.0071	0.0061	0.0000	0.0000	0.0000	0.0000	0.0000	0.0000	0.0000	0.0000	0.0000	0.0556	0.0746	0.0097	0.0973	0.1137	0.0023	0.0071	0.0025	0.0125	
79	155	0.5245	7	0	1	0	1	0	0	0	0	N	N	N	N	N	N	N	N	N	N	N	N	0.0000	0.0000	0.0000	0.0000	0.0000	0.0000	0.0000	0.0000	0.0000	0.0000	0.0000	0.0000	0.0000	0.0000	0.0000	0.0000	0.0000	0.0000	5.7186	7.9975	1.0899	15.4852	19.2170	0.1220	0.7113	0.0471	1.6329	0.0665	0.0000	-0.3676	1.3861	2.9180	6.3168	7.4065	0.0000	0.0000	0.0000	0.0000	0.0000	0.0000	0.0000	0.0000	0.0000	0.9284	0.8705	0.0579	0.8706	0.8683	0.0023	0.0578	0.0022	0.0556	0.0274	0.0235	0.0039	0.0081	0.0073	0.0008	0.0194	0.0162	0.0031	0.1875	0.1344	0.0531	0.1063	0.0872	0.0191	0.0813	0.0472	0.0340	0.0000	0.0000	0.0000	0.0000	0.0000	0.0000	0.0000	0.0000	0.0000	4.9504	6.4771	1.0899	8.1929	9.9615	0.1220	0.7113	0.0471	1.6329	
79	156	0.4587	6	0	0	0	1	0	0	0	0	N	N	N	N	N	N	N	N	N	N	N	N	0.0001	0.0001	0.0002	0.0022	0.0022	0.0003	0.0001	0.0000	0.0001	0.0002	0.0003	0.0000	0.0002	0.0003	0.0000	0.0002	0.0003	0.0000	1.7971	2.5176	0.0265	0.1114	0.1216	0.0497	3.7060	6.7988	0.0184	0.0023	0.0043	-0.0000	-0.3696	1.3861	8.2479	6.3168	19.7214	0.0000	0.0000	0.0000	0.0000	0.0000	0.0000	0.0000	0.0000	0.0000	0.8139	0.8104	0.0035	0.0268	0.0251	0.0017	0.7871	0.7853	0.0018	0.1123	0.0992	0.0132	0.0455	0.0427	0.0028	0.0669	0.0565	0.0104	0.4529	0.3219	0.1310	0.2405	0.2064	0.0341	0.2124	0.1155	0.0969	0.0001	0.0001	0.0002	0.0022	0.0022	0.0003	0.0001	0.0000	0.0001	1.7971	2.5176	0.0265	0.1114	0.1216	0.0497	3.7060	6.7988	0.0184
79	157	0.4225	5	0	0	0	1	0	0	0	0	N	N	N	N	N	N	N	N	N	N	N	N	0.0033	0.0033	0.0005	0.0029	0.0030	0.0010	0.0033	0.0026	0.0004	0.0006	0.0007	0.0001	0.0005	0.0005	0.0002	0.0007	0.0008	0.0000	0.1870	0.2178	0.1144	0.1661	0.1671	0.1592	0.2107	0.3148	0.1009	0.0129	0.2221	-0.0000	-0.0224	1.3861	7.4725	6.3168	14.3153	0.0001	0.0001	0.0000	0.0000	0.0000	0.0000	0.0000	0.0000	0.0000	0.0809	0.0662	0.0147	0.0381	0.0334	0.0047	0.0428	0.0328	0.0100	0.0814	0.0705	0.0109	0.0240	0.0223	0.0018	0.0574	0.0482	0.0092	0.4327	0.3041	0.1286	0.2295	0.1997	0.0298	0.2032	0.1043	0.0988	0.0033	0.0033	0.0005	0.0029	0.0030	0.0010	0.0033	0.0026	0.0004	0.1870	0.2178	0.1144	0.1661	0.1671	0.1592	0.2107	0.3148	0.1009
79	158	0.3570	4	0	0	0	1	0	0	0	0	N	N	N	N	N	N	N	N	N	N	N	N	0.0105	0.0125	0.0066	0.0370	0.0421	0.0004	0.0021	0.0010	0.0075	0.0017	0.0017	0.0014	0.0057	0.0061	0.0001	0.0004	0.0001	0.0016	0.1616	0.1383	0.2185	0.1549	0.1443	0.2320	0.1691	0.1268	0.2147	0.1284	0.6473	-0.0001	-0.0066	1.3861	11.6653	6.3168	19.4910	0.0002	0.0002	0.0000	0.0002	0.0002	0.0000	0.0000	0.0000	0.0000	0.1011	0.0614	0.0397	0.0512	0.0419	0.0092	0.0499	0.0194	0.0305	0.1216	0.1055	0.0161	0.0302	0.0285	0.0017	0.0915	0.0770	0.0145	0.6258	0.4439	0.1819	0.3304	0.2906	0.0398	0.2954	0.1533	0.1421	0.0105	0.0125	0.0066	0.0370	0.0421	0.0004	0.0021	0.0010	0.0075	0.1616	0.1383	0.2185	0.1549	0.1443	0.2320	0.1691	0.1268	0.2147
79	159	0.3098	3	0	0	0	1	0	0	0	0	N	N	N	N	N	N	N	N	N	N	N	N	0.0327	0.0354	0.0201	0.0876	0.0853	0.0060	0.0045	0.0002	0.0195	0.0096	0.0101	0.0063	0.0281	0.0296	0.0008	0.0012	0.0000	0.0071	0.2933	0.2845	0.3145	0.3210	0.3465	0.1393	0.2628	0.1703	0.3642	0.0927	0.4556	-0.0003	-0.0282	1.3861	7.3933	6.3168	20.5306	0.0009	0.0008	0.0001	0.0008	0.0008	0.0000	0.0001	0.0000	0.0001	0.1938	0.1331	0.0607	0.1110	0.1051	0.0059	0.0828	0.0280	0.0547	0.0939	0.0818	0.0121	0.0293	0.0278	0.0015	0.0646	0.0540	0.0106	0.6608	0.4679	0.1928	0.3458	0.3033	0.0426	0.3149	0.1647	0.1503	0.0327	0.0354	0.0201	0.0876	0.0853	0.0060	0.0045	0.0002	0.0195	0.2933	0.2845	0.3145	0.3210	0.3465	0.1393	0.2628	0.1703	0.3642
79	160	0.0736	2	0	0	0	1	0	0	0	0	N	N	N	N	N	N	N	N	N	N	N	N	0.0601	0.0462	0.1415	0.6358	0.9272	0.0001	0.0521	0.0031	0.2161	0.0356	0.0207	0.1192	0.6521	0.6924	0.0002	0.0190	0.0005	0.1205	0.5928	0.4494	0.8425	1.0256	0.7468	3.1196	0.3646	0.1755	0.5575	1.0242	1.0759	0.0005	0.0390	1.3861	27.6416	6.3168	54.6365	0.0079	0.0039	0.0040	0.0038	0.0038	0.0000	0.0041	0.0001	0.0040	0.6512	0.3137	0.3375	0.3889	0.2499	0.1390	0.2622	0.0638	0.1985	0.2219	0.1883	0.0336	0.0058	0.0055	0.0003	0.2160	0.1828	0.0332	1.0985	0.6979	0.4006	0.3792	0.3347	0.0446	0.7193	0.3633	0.3560	0.0601	0.0462	0.1415	0.6358	0.9272	0.0001	0.0521	0.0031	0.2161	0.5928	0.4494	0.8425	1.0256	0.7468	3.1196	0.3646	0.1755	0.5575
79	161	0.1781	8	1	1	0	1	0	0	0	0	N	N	N	N	N	N	N	N	N	N	N	N	0.0000	0.0000	0.0000	0.0000	0.0000	0.0000	0.0000	0.0000	0.0000	0.0000	0.0000	0.0000	0.0000	0.0000	0.0000	0.0000	0.0000	0.0000	1.0797	0.8979	1.4397	1.4572	1.7014	0.0086	0.8199	0.0099	1.7437	0.8097	0.0000	-0.0005	1.3861	0.0002	6.3168	3.0099	0.0000	0.0000	0.0000	0.0000	0.0000	0.0000	0.0000	0.0000	0.0000	0.0500	0.0276	0.0224	0.0275	0.0275	0.0000	0.0225	0.0001	0.0224	0.0000	0.0000	0.0000	0.0000	0.0000	0.0000	0.0000	0.0000	0.0000	0.0463	0.0308	0.0155	0.0189	0.0162	0.0027	0.0274	0.0146	0.0128	0.0000	0.0000	0.0000	0.0000	0.0000	0.0000	0.0000	0.0000	0.0000	1.0797	0.8979	1.4397	1.4572	1.7014	0.0086	0.8199	0.0099	1.7437	
79	162	0.1705	7	1	1	0	1	0	0	0	0	N	N	N	N	N	N	N	N	N	N	N	N	0.0000	0.0000	0.0000	0.0000	0.0000	0.0000	0.0000	0.0000	0.0000	0.0000	0.0000	0.0000	0.0000	0.0000	0.0000	0.0000	0.0000	0.0000	0.0046	0.0045	0.0049	0.0072	0.0084	0.0000	0.0028	0.0002	0.0059	0.5562	0.0000	-0.0000	1.3861	0.9998	6.3168	2.0118	0.0000	0.0000	0.0000	0.0000	0.0000	0.0000	0.0000	0.0000	0.0000	0.0002	0.0001	0.0001	0.0001	0.0001	0.0000	0.0001	0.0000	0.0001	0.0094	0.0080	0.0014	0.0012	0.0011	0.0001	0.0082	0.0069	0.0013	0.0454	0.0301	0.0153	0.0184	0.0157	0.0027	0.0271	0.0144	0.0126	0.0000	0.0000	0.0000	0.0000	0.0000	0.0000	0.0000	0.0000	0.0000	0.0046	0.0045	0.0049	0.0072	0.0084	0.0000	0.0028	0.0002	0.0059	
79	163	0.1705	6	1	1	0	1	0	0	0	0	N	N	N	N	N	N	N	N	N	N	N	N	0.0000	0.0000	0.0000	0.0000	0.0000	0.0000	0.0000	0.0000	0.0000	0.0000	0.0000	0.0000	0.0000	0.0000	0.0000	0.0000	0.0000	0.0000	0.0066	0.0062	0.0081	0.0118	0.0091	0.0565	0.0022	0.0029	0.0005	0.3105	0.0000	-0.0000	1.3861	0.0000	6.3168	0.0003	0.0000	0.0000	0.0000	0.0000	0.0000	0.0000	0.0000	0.0000	0.0000	0.0000	0.0000	0.0000	0.0000	0.0000	0.0000	0.0000	0.0000	0.0000	0.0000	0.0000	0.0000	0.0000	0.0000	0.0000	0.0000	0.0000	0.0000	0.0000	0.0000	0.0000	0.0000	0.0000	0.0000	0.0000	0.0000	0.0000	0.0000	0.0000	0.0000	0.0000	0.0000	0.0000	0.0000	0.0000	0.0000	0.0066	0.0062	0.0081	0.0118	0.0091	0.0565	0.0022	0.0029	0.0005	
79	164	0.1595	5	0	1	0	1	0	0	0	0	N	N	N	N	N	N	N	N	N	N	N	N	0.0027	0.0022	0.0000	0.0218	0.0191	0.0000	0.0000	0.0000	0.0000	0.0004	0.0005	0.0000	0.0010	0.0010	0.0000	0.0000	0.0000	0.0000	0.1381	0.2049	0.0050	0.0460	0.0531	0.0020	0.2062	0.3901	0.0057	0.0000	0.0123	-0.0000	-0.0046	1.3861	0.0063	6.3168	4.3641	0.0000	0.0000	0.0000	0.0000	0.0000	0.0000	0.0000	0.0000	0.0000	0.0103	0.0102	0.0001	0.0015	0.0015	0.0000	0.0089	0.0088	0.0001	0.0002	0.0001	0.0000	0.0001	0.0001	0.0000	0.0001	0.0001	0.0000	0.0748	0.0498	0.0250	0.0318	0.0274	0.0044	0.0430	0.0224	0.0206	0.0027	0.0022	0.0000	0.0218	0.0191	0.0000	0.0000	0.0000	0.0000	0.1381	0.2049	0.0050	0.0460	0.0531	0.0020	0.2062	0.3901	0.0057
79	165	0.1276	4	0	0	0	1	0	0	0	0	N	N	N	N	N	N	N	N	N	N	N	N	0.0199	0.0384	0.0000	0.1182	0.1200	0.0000	0.0000	0.0000	0.0000	0.0012	0.0014	0.0000	0.0052	0.0055	0.0000	0.0000	0.0000	0.0000	0.0597	0.0364	0.1101	0.0442	0.0456	0.0340	0.0710	0.0252	0.1247	0.0000	1.4007	-0.0000	0.0018	1.3861	2.5207	6.3168	10.0226	0.0000	0.0000	0.0000	0.0000	0.0000	0.0000	0.0000	0.0000	0.0000	0.0142	0.0059	0.0083	0.0045	0.0040	0.0004	0.0097	0.0019	0.0079	0.0335	0.0285	0.0050	0.0076	0.0073	0.0003	0.0259	0.0212	0.0047	0.2377	0.1626	0.0752	0.1007	0.0886	0.0121	0.1370	0.0739	0.0631	0.0199	0.0384	0.0000	0.1182	0.1200	0.0000	0.0000	0.0000	0.0000	0.0597	0.0364	0.1101	0.0442	0.0456	0.0340	0.0710	0.0252	0.1247
79	166	0.1120	3	0	0	0	1	0	0	0	0	N	N	N	N	N	N	N	N	N	N	N	N	0.0000	0.0000	0.0000	0.0001	0.0001	0.0000	0.0000	0.0000	0.0000	0.0000	0.0000	0.0000	0.0000	0.0000	0.0000	0.0000	0.0000	0.0000	0.1233	0.1061	0.1592	0.1329	0.1372	0.1014	0.1151	0.0591	0.1711	0.3098	0.7209	-0.0000	-0.0009	1.3861	2.6894	6.3168	4.6619	0.0000	0.0000	0.0000	0.0000	0.0000	0.0000	0.0000	0.0000	0.0000	0.0238	0.0138	0.0100	0.0118	0.0108	0.0011	0.0120	0.0031	0.0089	0.0404	0.0344	0.0060	0.0130	0.0116	0.0014	0.0273	0.0228	0.0046	0.1930	0.1304	0.0626	0.0892	0.0785	0.0107	0.1039	0.0519	0.0519	0.0000	0.0000	0.0000	0.0001	0.0001	0.0000	0.0000	0.0000	0.0000	0.1233	0.1061	0.1592	0.1329	0.1372	0.1014	0.1151	0.0591	0.1711
79	167	0.0736	2	0	0	0	1	0	0	0	0	N	N	N	N	N	N	N	N	N	N	N	N	0.0000	0.0000	0.0000	0.0000	0.0000	0.0000	0.0000	0.0000	0.0000	0.0000	0.0000	0.0000	0.0001	0.0001	0.0000	0.0000	0.0000	0.0000	1.7193	1.5445	1.9667	1.8679	2.0059	0.1864	1.6036	0.5152	2.1220	3.9103	0.8996	0.0000	0.0099	1.3861	2.7966	6.3168	8.5340	0.0000	0.0000	0.0000	0.0000	0.0000	0.0000	0.0000	0.0000	0.0000	0.6490	0.3417	0.3074	0.3087	0.3064	0.0023	0.3403	0.0353	0.3050	0.0252	0.0212	0.0040	0.0007	0.0007	0.0000	0.0245	0.0205	0.0039	0.3775	0.2212	0.1563	0.1653	0.1527	0.0125	0.2122	0.0685	0.1437	0.0000	0.0000	0.0000	0.0000	0.0000	0.0000	0.0000	0.0000	0.0000	1.7193	1.5445	1.9667	1.8679	2.0059	0.1864	1.6036	0.5152	2.1220
80	81	0.6000	7	0	1	1	1	0	0	0	0	N	N	N	N	N	N	N	N	N	N	N	N	0.0007	0.0011	0.0000	0.0001	0.0002	0.0000	0.0015	5.3259	0.0000	0.0000	0.0000	0.0000	0.0000	0.0000	0.0000	0.0000	0.0000	0.0000	0.0015	0.0011	0.0025	0.0018	0.0016	0.0032	0.0011	0.0000	0.0021	0.0000	0.9638	-0.0000	0.0000	4.0043	2.0162	19.8631	4.5500	0.0000	0.0000	0.0000	0.0000	0.0000	0.0000	0.0000	0.0000	0.0000	0.0003	0.0002	0.0001	0.0002	0.0002	0.0001	0.0001	0.0000	0.0001	0.0558	0.0486	0.0072	0.0212	0.0198	0.0014	0.0346	0.0287	0.0058	0.1973	0.1373	0.0600	0.1171	0.0986	0.0185	0.0802	0.0386	0.0415	0.0007	0.0011	0.0000	0.0001	0.0002	0.0000	0.0015	5.3259	0.0000	0.0015	0.0011	0.0025	0.0018	0.0016	0.0032	0.0011	0.0000	0.0021
80	82	0.1674	5	0	1	1	1	0	0	0	0	N	N	N	N	N	N	N	N	N	N	N	N	0.0002	0.0001	0.0000	0.0000	0.0000	0.0000	0.0026	0.0054	0.0000	0.0000	0.0000	0.0000	0.0000	0.0000	0.0000	0.0000	0.0000	0.0000	0.0408	0.0637	0.0047	0.1419	0.1600	0.0056	0.0032	0.0018	0.0046	0.0000	0.0465	-0.0000	-0.0045	4.0043	3.0011	19.8631	3.7015	0.0000	0.0000	0.0000	0.0000	0.0000	0.0000	0.0000	0.0000	0.0000	0.0109	0.0104	0.0005	0.0103	0.0102	0.0000	0.0006	0.0002	0.0004	0.0758	0.0642	0.0116	0.0043	0.0040	0.0003	0.0715	0.0602	0.0113	0.2670	0.1636	0.1035	0.0724	0.0640	0.0085	0.1946	0.0996	0.0950	0.0002	0.0001	0.0000	0.0000	0.0000	0.0000	0.0026	0.0054	0.0000	0.0408	0.0637	0.0047	0.1419	0.1600	0.0056	0.0032	0.0018	0.0046
80	83	0.1560	4	0	1	0	1	0	0	0	0	N	N	N	N	N	N	N	N	N	N	N	N	0.0447	0.0371	0.0000	0.0000	0.0000	0.0000	0.4362	1.1094	0.0000	0.0367	0.0433	0.0000	0.0000	0.0000	0.0000	0.0387	0.0460	0.0000	0.8209	1.1671	0.1355	2.1162	2.4043	0.0711	0.0888	0.0415	0.1454	0.0000	0.0587	-0.0008	-0.1224	4.0043	2.0032	19.8631	4.2039	0.0019	0.0019	0.0000	0.0000	0.0000	0.0000	0.0019	0.0019	0.0000	0.3036	0.2868	0.0168	0.2826	0.2815	0.0012	0.0210	0.0053	0.0156	0.0512	0.0433	0.0079	0.0027	0.0025	0.0002	0.0484	0.0408	0.0077	0.3699	0.2457	0.1241	0.1336	0.1171	0.0165	0.2363	0.1287	0.1076	0.0447	0.0371	0.0000	0.0000	0.0000	0.0000	0.4362	1.1094	0.0000	0.8209	1.1671	0.1355	2.1162	2.4043	0.0711	0.0888	0.0415	0.1454
80	84	0.1527	4	1	0	1	1	0	0	0	0	N	N	N	N	N	N	N	N	N	N	N	N	0.0000	0.0000	0.0000	0.0000	0.0000	0.0000	0.0000	0.0000	0.0000	0.0000	0.0000	0.0000	0.0000	0.0000	0.0000	0.0000	0.0000	0.0000	0.0918	0.0406	0.1659	0.1830	0.0970	0.6815	0.0572	0.0036	0.1092	2.8213	0.0000	0.0055	4.0043	1.0052	19.8631	4.9545	0.0000	0.0000	0.0000	0.0000	0.0000	0.0000	0.0000	0.0000	0.0000	0.0198	0.0052	0.0146	0.0108	0.0049	0.0059	0.0089	0.0003	0.0086	0.0262	0.0222	0.0040	0.0019	0.0018	0.0001	0.0243	0.0204	0.0039	0.2151	0.1272	0.0879	0.0592	0.0505	0.0087	0.1559	0.0767	0.0792	0.0000	0.0000	0.0000	0.0000	0.0000	0.0000	0.0000	0.0000	0.0000	0.0918	0.0406	0.1659	0.1830	0.0970	0.6815	0.0572	0.0036	0.1092	
80	85	0.1334	3	1	0	1	1	0	0	0	0	N	N	N	N	N	N	N	N	N	N	N	N	0.0000	0.0000	0.0000	0.0000	0.0000	0.0000	0.0000	0.0000	0.0000	0.0000	0.0000	0.0000	0.0000	0.0000	0.0000	0.0000	0.0000	0.0000	1.7797	0.1294	4.7222	0.4149	0.0970	2.0992	2.3822	0.1512	5.1326	20.4644	0.0000	0.3413	4.0043	0.9968	19.8631	7.6169	0.0000	0.0000	0.0000	0.0000	0.0000	0.0000	0.0000	0.0000	0.0000	0.6894	0.0321	0.6573	0.0492	0.0097	0.0395	0.6402	0.0224	0.6177	0.0256	0.0216	0.0040	0.0012	0.0011	0.0001	0.0244	0.0205	0.0039	0.3874	0.2482	0.1392	0.1186	0.0998	0.0188	0.2687	0.1484	0.1204	0.0000	0.0000	0.0000	0.0000	0.0000	0.0000	0.0000	0.0000	0.0000	1.7797	0.1294	4.7222	0.4149	0.0970	2.0992	2.3822	0.1512	5.1326	
80	86	0.1534	2	1	1	0	1	0	0	0	0	N	N	N	N	N	N	N	N	N	N	N	N	0.1561	0.4051	0.0000	1.0065	1.1565	0.0000	0.0161	0.4338	0.0000	0.0036	0.0043	0.0000	0.0215	0.0225	0.0000	0.0004	0.0005	0.0000	0.0233	0.0106	0.0525	0.0213	0.0195	0.0374	0.0247	0.0011	0.0550	0.0000	2.1473	-0.0003	0.0042	4.0043	5.8060	19.8631	6.1034	0.0006	0.0006	0.0000	0.0006	0.0006	0.0000	0.0001	0.0001	0.0000	0.0187	0.0060	0.0128	0.0069	0.0057	0.0013	0.0118	0.0003	0.0115	0.1782	0.1507	0.0275	0.0274	0.0262	0.0012	0.1508	0.1245	0.0263	0.8037	0.5601	0.2436	0.3248	0.2907	0.0341	0.4789	0.2694	0.2095	0.1561	0.4051	0.0000	1.0065	1.1565	0.0000	0.0161	0.4338	0.0000	0.0233	0.0106	0.0525	0.0213	0.0195	0.0374	0.0247	0.0011	0.0550
80	88	0.1560	4	0	1	0	1	0	0	0	0	N	N	N	N	N	N	N	N	N	N	N	N	0.0000	0.0006	0.0000	0.0020	0.0317	0.0000	0.0000	0.0000	0.0000	0.0000	0.0000	0.0000	0.0005	0.0006	0.0000	0.0000	0.0000	0.0000	1.2223	0.0506	3.2272	0.2572	0.0176	1.7357	1.6282	0.0729	3.4153	0.0000	37.2995	-0.0000	0.3562	4.0043	4.0005	19.8631	9.0093	0.0000	0.0000	0.0000	0.0000	0.0000	0.0000	0.0000	0.0000	0.0000	0.6909	0.0180	0.6729	0.0430	0.0025	0.0405	0.6479	0.0155	0.6324	0.1011	0.0856	0.0155	0.0053	0.0049	0.0004	0.0958	0.0807	0.0151	0.5653	0.3568	0.2085	0.1674	0.1440	0.0233	0.3979	0.2128	0.1852	0.0000	0.0006	0.0000	0.0020	0.0317	0.0000	0.0000	0.0000	0.0000	1.2223	0.0506	3.2272	0.2572	0.0176	1.7357	1.6282	0.0729	3.4153
80	89	0.1334	3	0	1	0	1	0	0	0	0	N	N	N	N	N	N	N	N	N	N	N	N	0.0001	0.0002	0.0000	0.0000	0.0000	0.0000	0.0001	0.0032	0.0000	0.0001	0.0001	0.0000	0.0000	0.0000	0.0000	0.0001	0.0001	0.0000	1.7558	0.7660	3.4620	1.6972	1.9080	0.5918	1.7801	0.0412	3.8820	0.0071	2.6218	-0.0000	0.2039	4.0043	1.0051	19.8631	9.2650	0.0000	0.0000	0.0000	0.0000	0.0000	0.0000	0.0000	0.0000	0.0000	0.7681	0.2121	0.5560	0.2172	0.2051	0.0121	0.5509	0.0070	0.5439	0.0258	0.0218	0.0040	0.0012	0.0011	0.0001	0.0246	0.0207	0.0039	0.4375	0.2768	0.1606	0.1280	0.1075	0.0205	0.3095	0.1694	0.1401	0.0001	0.0002	0.0000	0.0000	0.0000	0.0000	0.0001	0.0032	0.0000	1.7558	0.7660	3.4620	1.6972	1.9080	0.5918	1.7801	0.0412	3.8820
80	90	0.1818	3	0	0	1	1	0	0	0	0	N	N	N	N	N	N	N	N	N	N	N	N	2.9342	0.0001	7.3726	0.0161	0.0002	0.0550	2.4198	0.0001	7.4079	0.7204	0.0000	5.1793	0.0011	0.0000	0.0281	0.8334	0.0000	5.3876	0.2455	0.0143	0.7025	0.0697	0.0168	0.5111	0.3444	0.0119	0.7273	681884.2881	24.8883	0.0264	0.0502	4.0043	2.3559	19.8631	7.1930	0.0473	0.0000	0.0473	0.0000	0.0000	0.0000	0.0473	0.0000	0.0473	0.0998	0.0039	0.0960	0.0102	0.0022	0.0080	0.0896	0.0017	0.0880	0.0657	0.0566	0.0091	0.0089	0.0086	0.0004	0.0568	0.0480	0.0088	0.4066	0.2700	0.1366	0.1464	0.1307	0.0157	0.2602	0.1393	0.1209	2.9342	0.0001	7.3726	0.0161	0.0002	0.0550	2.4198	0.0001	7.4079	0.2455	0.0143	0.7025	0.0697	0.0168	0.5111	0.3444	0.0119	0.7273
80	91	0.1490	2	0	0	0	1	0	0	0	0	N	N	N	N	N	N	N	N	N	N	N	N	3.0802	0.0368	9.0937	0.1391	0.1177	0.9393	3.0224	0.0031	10.5285	5.7749	0.0110	46.3169	0.1609	0.0412	9.0124	7.4181	0.0007	47.2451	1.8749	0.2998	5.0933	1.1570	0.3503	9.5949	2.4544	0.2217	4.4874	596.8997	8.3149	0.6602	1.0238	4.0043	4.9284	19.8631	11.0439	1.1848	0.0020	1.1828	0.0075	0.0019	0.0056	1.1773	0.0001	1.1772	2.3574	0.2531	2.1044	0.6499	0.1796	0.4703	1.7076	0.0735	1.6341	0.2052	0.1796	0.0255	0.0465	0.0458	0.0006	0.1587	0.1338	0.0249	1.2574	0.8442	0.4132	0.5617	0.5127	0.0490	0.6957	0.3316	0.3641	3.0802	0.0368	9.0937	0.1391	0.1177	0.9393	3.0224	0.0031	10.5285	1.8749	0.2998	5.0933	1.1570	0.3503	9.5949	2.4544	0.2217	4.4874
80	93	0.6000	7	1	1	0	1	0	0	0	0	N	N	N	N	N	N	N	N	N	N	N	N	0.0000	0.0000	0.0000	0.0000	0.0000	0.0000	0.0000	0.0000	0.0000	0.0000	0.0000	0.0000	0.0000	0.0000	0.0000	0.0000	0.0000	0.0000	1.3650	1.9518	0.0307	2.2853	2.7243	0.0817	0.0367	0.0676	0.0066	0.0000	0.0069	-0.0000	-0.1647	4.0043	2.5103	19.8631	7.4742	0.0000	0.0000	0.0000	0.0000	0.0000	0.0000	0.0000	0.0000	0.0000	0.3648	0.3623	0.0025	0.3608	0.3587	0.0021	0.0040	0.0036	0.0004	0.0661	0.0576	0.0086	0.0247	0.0230	0.0017	0.0415	0.0346	0.0069	0.2673	0.1856	0.0816	0.1579	0.1317	0.0262	0.1094	0.0540	0.0554	0.0000	0.0000	0.0000	0.0000	0.0000	0.0000	0.0000	0.0000	0.0000	1.3650	1.9518	0.0307	2.2853	2.7243	0.0817	0.0367	0.0676	0.0066
80	94	0.5637	6	0	1	0	1	0	0	0	0	N	N	N	N	N	N	N	N	N	N	N	N	0.0001	0.0000	0.0000	0.0000	0.0000	0.0000	0.0002	0.0001	0.0000	0.0001	0.0001	0.0000	0.0000	0.0000	0.0000	0.0001	0.0002	0.0000	1.7701	2.5295	0.0358	2.4269	2.9411	0.0355	0.7725	1.5039	0.0360	0.0003	0.0062	-0.0000	-0.2572	4.0043	7.1305	19.8631	3.2426	0.0000	0.0000	0.0000	0.0000	0.0000	0.0000	0.0000	0.0000	0.0000	0.5688	0.5653	0.0035	0.4703	0.4691	0.0012	0.0985	0.0963	0.0023	0.2145	0.1888	0.0257	0.0741	0.0702	0.0038	0.1405	0.1186	0.0219	0.3214	0.2235	0.0979	0.1938	0.1595	0.0343	0.1276	0.0640	0.0636	0.0001	0.0000	0.0000	0.0000	0.0000	0.0000	0.0002	0.0001	0.0000	1.7701	2.5295	0.0358	2.4269	2.9411	0.0355	0.7725	1.5039	0.0360
80	95	0.1334	3	1	1	0	1	0	0	0	0	N	N	N	N	N	N	N	N	N	N	N	N	1.9209	0.0000	35.3199	0.0000	0.0000	0.0000	10.7535	0.0000	32.6828	5.0222	0.0000	32.8547	0.0000	0.0000	0.0000	5.2646	0.0000	33.5928	2.6145	3.7378	0.9302	21.2921	24.3152	0.0267	0.4896	0.0118	1.0278	inf	0.1660	0.5580	-0.8235	4.0043	8.0000	19.8631	22.5660	0.9984	0.0000	0.9984	0.0000	0.0000	0.0000	0.9984	0.0000	0.9984	2.6059	2.2349	0.3709	2.2312	2.2301	0.0010	0.3747	0.0048	0.3699	0.1988	0.1684	0.0304	0.0092	0.0085	0.0007	0.1896	0.1599	0.0297	0.9967	0.5979	0.3988	0.2313	0.1925	0.0389	0.7654	0.4055	0.3599	1.9209	0.0000	35.3199	0.0000	0.0000	0.0000	10.7535	0.0000	32.6828	2.6145	3.7378	0.9302	9.6445	11.5881	0.0267	0.4896	0.0118	1.0278
80	98	0.1639	5	1	1	1	1	0	0	0	0	N	N	N	N	N	N	N	N	N	N	N	N	0.0000	0.0000	0.0000	0.0000	0.0000	0.0000	0.0000	0.0000	0.0000	0.0000	0.0000	0.0000	0.0000	0.0000	0.0000	0.0000	0.0000	0.0000	3.8948	2.7992	5.4138	11.4222	8.8524	8.4178	2.4041	0.0008	4.9112	1.2540	0.0000	0.2074	4.0043	0.9502	19.8631	16.1595	0.0000	0.0000	0.0000	0.0000	0.0000	0.0000	0.0000	0.0000	0.0000	2.1174	0.9394	1.1780	1.2018	0.9392	0.2625	0.9156	0.0002	0.9154	0.0290	0.0249	0.0041	0.0045	0.0043	0.0002	0.0245	0.0206	0.0039	0.5532	0.3356	0.2176	0.1723	0.1411	0.0312	0.3809	0.1945	0.1864	0.0000	0.0000	0.0000	0.0000	0.0000	0.0000	0.0000	0.0000	0.0000	3.8276	2.7992	5.4138	6.9736	6.6545	8.4178	2.4041	0.0008	4.9112	
80	100	0.1668	6	1	0	1	1	0	0	0	0	N	N	N	N	N	N	N	N	N	N	N	N	0.0000	0.0000	0.0000	0.0000	0.0000	0.0000	0.0000	0.0000	0.0000	0.0000	0.0000	0.0000	0.0000	0.0000	0.0000	0.0000	0.0000	0.0000	7.5801	8.5478	4.6963	35.9673	42.7319	0.0112	2.9080	0.3308	5.4789	0.4600	0.0000	-0.4143	4.0043	1.0008	19.8631	13.9255	0.0000	0.0000	0.0000	0.0000	0.0000	0.0000	0.0000	0.0000	0.0000	2.8909	1.9801	0.9108	1.9256	1.9253	0.0003	0.9653	0.0548	0.9105	0.0257	0.0218	0.0039	0.0023	0.0021	0.0002	0.0234	0.0197	0.0037	0.4840	0.2901	0.1939	0.1521	0.1243	0.0278	0.3319	0.1658	0.1662	0.0000	0.0000	0.0000	0.0000	0.0000	0.0000	0.0000	0.0000	0.0000	5.9725	6.8256	4.6963	12.6607	15.4847	0.0112	2.9080	0.3308	5.4789	
80	101	0.1639	5	1	0	1	1	0	0	0	0	N	N	N	N	N	N	N	N	N	N	N	N	0.0000	0.0000	0.0000	0.0000	0.0000	0.0000	0.0000	0.0000	0.0000	0.0000	0.0000	0.0000	0.0000	0.0000	0.0000	0.0000	0.0000	0.0000	5.2033	3.5531	6.7693	14.1538	6.3910	28.1890	1.6020	0.1536	3.1959	0.8905	0.0000	0.0076	4.0043	0.0532	19.8631	2.0467	0.0000	0.0000	0.0000	0.0000	0.0000	0.0000	0.0000	0.0000	0.0000	0.6023	0.3186	0.2837	0.4914	0.3130	0.1784	0.1109	0.0056	0.1053	0.0061	0.0055	0.0006	0.0025	0.0025	0.0000	0.0036	0.0030	0.0006	0.1330	0.0897	0.0433	0.0638	0.0534	0.0104	0.0692	0.0363	0.0329	0.0000	0.0000	0.0000	0.0000	0.0000	0.0000	0.0000	0.0000	0.0000	4.5287	3.5531	6.5478	7.7044	5.8612	17.1876	1.6020	0.1536	3.1959	
80	102	0.1542	4	1	0	1	1	0	0	0	0	N	N	N	N	N	N	N	N	N	N	N	N	0.0000	0.0000	0.0000	0.0000	0.0000	0.0000	0.0000	0.0000	0.0000	0.0000	0.0000	0.0000	0.0000	0.0000	0.0000	0.0000	0.0000	0.0000	9.0369	1.5685	37.1900	5.5125	3.2155	19.8921	7.4363	0.0854	31.8251	5.3939	0.0000	0.5692	4.0043	2.0948	19.8631	3.0326	0.0000	0.0000	0.0000	0.0000	0.0000	0.0000	0.0000	0.0000	0.0000	1.4776	0.2311	1.2465	0.4192	0.2245	0.1947	1.0584	0.0066	1.0517	0.0580	0.0495	0.0085	0.0069	0.0065	0.0004	0.0511	0.0430	0.0081	0.2262	0.1473	0.0788	0.0838	0.0698	0.0140	0.1423	0.0775	0.0648	0.0000	0.0000	0.0000	0.0000	0.0000	0.0000	0.0000	0.0000	0.0000	6.5334	1.5685	15.8131	5.0006	3.2155	13.8874	7.4363	0.0854	16.2298	
80	103	0.1334	3	1	0	1	1	0	0	0	0	N	N	N	N	N	N	N	N	N	N	N	N	0.0000	0.0000	0.0000	0.0000	0.0000	0.0000	0.0000	0.0000	0.0000	0.0000	0.0000	0.0000	0.0000	0.0000	0.0000	0.0000	0.0000	0.0000	2.4973	1.1766	4.8424	2.6084	2.7155	2.0416	2.4486	0.1487	5.2772	2.3177	0.0000	0.2356	4.0043	3.9484	19.8631	4.8420	0.0000	0.0000	0.0000	0.0000	0.0000	0.0000	0.0000	0.0000	0.0000	0.9808	0.2956	0.6852	0.3120	0.2732	0.0388	0.6687	0.0224	0.6463	0.1000	0.0846	0.0154	0.0046	0.0043	0.0003	0.0954	0.0803	0.0150	0.3927	0.2512	0.1415	0.1196	0.1006	0.0190	0.2731	0.1506	0.1225	0.0000	0.0000	0.0000	0.0000	0.0000	0.0000	0.0000	0.0000	0.0000	2.4973	1.1766	4.8424	2.6084	2.7155	2.0416	2.4486	0.1487	5.2772	
80	104	0.0917	2	0	1	0	1	0	0	0	0	N	N	N	N	N	N	N	N	N	N	N	N	0.0034	0.0060	0.0000	0.0223	0.0225	0.0001	0.0029	0.0048	0.0000	0.0079	0.0093	0.0001	0.0096	0.0102	0.0000	0.0078	0.0092	0.0001	2.3411	1.5445	3.4129	0.4283	0.4545	0.0358	2.6850	1.9058	3.4903	0.0010	1.6425	-0.0008	0.5153	4.0043	8.9557	19.8631	32.3127	0.0018	0.0018	0.0000	0.0002	0.0002	0.0000	0.0017	0.0017	0.0000	3.1575	1.1949	1.9626	0.0880	0.0876	0.0005	3.0694	1.1073	1.9621	0.2322	0.1966	0.0356	0.0181	0.0170	0.0011	0.2141	0.1796	0.0345	1.3487	0.7736	0.5750	0.2055	0.1926	0.0129	1.1432	0.5810	0.5622	0.0034	0.0060	0.0000	0.0223	0.0225	0.0001	0.0029	0.0048	0.0000	2.3411	1.5445	3.4129	0.4283	0.4545	0.0358	2.6850	1.9058	3.4903
80	105	0.1172	3	0	0	1	1	0	0	0	0	N	N	N	N	N	N	N	N	N	N	N	N	0.0251	0.0562	0.0010	0.2819	0.2658	0.0000	0.0003	0.0000	0.0010	0.0003	0.0004	0.0000	0.0027	0.0028	0.0000	0.0000	0.0000	0.0000	0.0134	0.0070	0.0226	0.0097	0.0107	0.0019	0.0142	0.0057	0.0238	0.0111	2.2165	-0.0000	0.0013	4.0043	4.2679	19.8631	7.8415	0.0000	0.0000	0.0000	0.0000	0.0000	0.0000	0.0000	0.0000	0.0000	0.0056	0.0017	0.0039	0.0007	0.0007	0.0000	0.0049	0.0010	0.0038	0.1238	0.1041	0.0197	0.0151	0.0145	0.0007	0.1087	0.0896	0.0191	0.4167	0.2465	0.1702	0.0750	0.0660	0.0090	0.3417	0.1805	0.1612	0.0251	0.0562	0.0010	0.2819	0.2658	0.0000	0.0003	0.0000	0.0010	0.0134	0.0070	0.0226	0.0097	0.0107	0.0019	0.0142	0.0057	0.0238
80	106	0.0917	2	0	0	0	1	0	0	0	0	N	N	N	N	N	N	N	N	N	N	N	N	0.0243	0.0944	0.0017	0.0566	0.0572	0.0001	0.0200	0.1028	0.0017	0.0318	0.0369	0.0044	0.0220	0.0229	0.0000	0.0332	0.0394	0.0046	1.3096	0.3905	2.6359	0.3890	0.3998	0.1687	1.6640	0.3829	2.7163	0.0225	4.6782	-0.0008	0.2934	4.0043	1.9301	19.8631	9.0954	0.0019	0.0018	0.0000	0.0002	0.0002	0.0000	0.0017	0.0017	0.0000	0.8026	0.1414	0.6613	0.0663	0.0649	0.0013	0.7364	0.0764	0.6599	0.0590	0.0497	0.0093	0.0078	0.0075	0.0003	0.0512	0.0422	0.0090	0.6129	0.3620	0.2509	0.1703	0.1624	0.0079	0.4425	0.1996	0.2430	0.0243	0.0944	0.0017	0.0566	0.0572	0.0001	0.0200	0.1028	0.0017	1.3096	0.3905	2.6359	0.3890	0.3998	0.1687	1.6640	0.3829	2.7163
80	108	0.0806	3	0	1	0	1	0	0	0	0	N	N	N	N	N	N	N	N	N	N	N	N	0.0238	0.0017	0.1376	0.0224	0.0178	0.1342	0.0214	0.0013	0.1385	0.0027	0.0002	0.0159	0.0008	0.0005	0.0203	0.0027	0.0002	0.0159	0.1116	0.1091	0.1153	0.0340	0.0274	0.1511	0.1265	0.1378	0.1145	16.0216	0.7541	0.0003	-0.0034	4.0043	8.0392	19.8631	22.6195	0.0006	0.0000	0.0005	0.0000	0.0000	0.0000	0.0005	0.0000	0.0005	0.1197	0.0682	0.0515	0.0059	0.0045	0.0014	0.1138	0.0638	0.0501	0.2079	0.1751	0.0328	0.0056	0.0056	0.0001	0.2023	0.1696	0.0327	1.0723	0.6258	0.4465	0.1723	0.1630	0.0093	0.8999	0.4627	0.4372	0.0238	0.0017	0.1376	0.0224	0.0178	0.1342	0.0214	0.0013	0.1385	0.1116	0.1091	0.1153	0.0340	0.0274	0.1511	0.1265	0.1378	0.1145
80	109	0.0806	2	0	0	0	1	0	0	0	0	N	N	N	N	N	N	N	N	N	N	N	N	0.0497	0.0305	0.1365	0.0578	0.0582	0.0442	0.0460	0.0006	0.1389	0.0290	0.0178	0.0790	0.0438	0.0438	0.0614	0.0217	0.0002	0.0790	0.5829	0.5847	0.5790	0.7577	0.7516	1.3885	0.4704	0.3727	0.5690	0.9858	0.4376	0.0000	-0.0244	4.0043	0.2031	19.8631	2.0398	0.0004	0.0002	0.0002	0.0002	0.0002	0.0000	0.0002	0.0000	0.0002	0.1584	0.1102	0.0482	0.0806	0.0792	0.0014	0.0778	0.0310	0.0468	0.0153	0.0125	0.0028	0.0051	0.0051	0.0000	0.0102	0.0074	0.0028	0.2717	0.1884	0.0833	0.1064	0.1054	0.0010	0.1653	0.0830	0.0823	0.0497	0.0305	0.1365	0.0578	0.0582	0.0442	0.0460	0.0006	0.1389	0.5829	0.5847	0.5790	0.7577	0.7516	1.3885	0.4704	0.3727	0.5690
80	110	0.6611	8	1	0	1	1	0	0	0	0	N	N	N	N	N	N	N	N	N	N	N	N	0.0000	0.0000	0.0000	0.0000	0.0000	0.0000	0.0000	0.0000	0.0000	0.0000	0.0000	0.0000	0.0000	0.0000	0.0000	0.0000	0.0000	0.0000	0.0000	-0.0000	4.0043	0.0001	19.8631	0.0001	0.0000	0.0000	0.0000	0.0000	0.0000	0.0000	0.0000	0.0000	0.0000	0.0000	0.0000	0.0000	0.0000	0.0000	0.0000	0.0000	0.0000	0.0000	0.0028	0.0022	0.0006	0.0014	0.0014	0.0000	0.0014	0.0008	0.0006	0.0003	0.0002	0.0001	0.0002	0.0002	0.0000	0.0002	0.0000	0.0001	0.0000	0.0000	0.0000	0.0000	0.0000	0.0000	0.0000	0.0000	0.0000	0.0000	0.0000	0.0000	0.0000	0.0000	0.0000	0.0000	0.0000	0.0000											
80	111	0.6473	7	1	0	1	1	0	0	0	0	N	N	N	N	N	N	N	N	N	N	N	N	0.0000	0.0000	0.0000	0.0000	0.0000	0.0000	0.0000	0.0000	0.0000	0.0000	0.0000	0.0000	0.0000	0.0000	0.0000	0.0000	0.0000	0.0000	0.0071	0.0081	0.0049	0.0028	0.0023	0.0049	0.0161	0.0282	0.0050	0.2646	0.0000	-0.0003	4.0043	1.6718	19.8631	2.9223	0.0000	0.0000	0.0000	0.0000	0.0000	0.0000	0.0000	0.0000	0.0000	0.0011	0.0009	0.0002	0.0003	0.0002	0.0001	0.0008	0.0007	0.0001	0.0441	0.0383	0.0058	0.0118	0.0112	0.0006	0.0323	0.0271	0.0052	0.1589	0.1110	0.0479	0.1069	0.0862	0.0207	0.0520	0.0248	0.0272	0.0000	0.0000	0.0000	0.0000	0.0000	0.0000	0.0000	0.0000	0.0000	0.0071	0.0081	0.0049	0.0028	0.0023	0.0049	0.0161	0.0282	0.0050	
80	112	0.5637	6	1	0	1	1	0	0	0	0	N	N	N	N	N	N	N	N	N	N	N	N	0.0000	0.0000	0.0000	0.0000	0.0000	0.0000	0.0000	0.0000	0.0000	0.0000	0.0000	0.0000	0.0000	0.0000	0.0000	0.0000	0.0000	0.0000	1.8480	2.6140	0.1474	2.3013	2.7240	0.3588	1.2253	2.3701	0.0419	0.0133	0.0254	-0.0000	-0.4335	4.0043	14.0283	19.8631	7.1084	0.0000	0.0000	0.0000	0.0000	0.0000	0.0000	0.0000	0.0000	0.0000	0.9998	0.9750	0.0248	0.7204	0.7004	0.0201	0.2793	0.2746	0.0047	0.3429	0.2997	0.0432	0.1036	0.0972	0.0064	0.2393	0.2025	0.0368	0.5410	0.3730	0.1680	0.3131	0.2571	0.0559	0.2280	0.1159	0.1121	0.0000	0.0000	0.0000	0.0000	0.0000	0.0000	0.0000	0.0000	0.0000	1.8480	2.6140	0.1474	2.3013	2.7240	0.3588	1.2253	2.3701	0.0419
80	113	0.5035	5	0	0	0	1	0	0	0	0	N	N	N	N	N	N	N	N	N	N	N	N	0.0029	0.0025	0.0000	0.0000	0.0000	0.0000	0.0048	0.0033	0.0000	0.0032	0.0036	0.0000	0.0000	0.0000	0.0000	0.0046	0.0054	0.0000	1.0937	1.4279	0.3476	1.1875	1.3263	0.4601	0.9723	1.6500	0.3012	0.0000	0.1091	-0.0004	-0.2469	4.0043	8.6129	19.8631	5.1709	0.0009	0.0009	0.0000	0.0000	0.0000	0.0000	0.0009	0.0009	0.0000	0.6858	0.6183	0.0674	0.4202	0.3941	0.0261	0.2656	0.2243	0.0413	0.2921	0.2576	0.0345	0.0910	0.0866	0.0044	0.2011	0.1710	0.0301	0.6270	0.4330	0.1940	0.3538	0.2971	0.0567	0.2732	0.1359	0.1373	0.0029	0.0025	0.0000	0.0000	0.0000	0.0000	0.0048	0.0033	0.0000	1.0937	1.4279	0.3476	1.1875	1.3263	0.4601	0.9723	1.6500	0.3012
80	114	0.4084	4	0	0	0	1	0	0	0	0	N	N	N	N	N	N	N	N	N	N	N	N	2.6956	2.6728	0.0090	0.0580	0.1015	0.0000	2.3741	1.5632	0.0219	2.3380	2.7122	0.0051	0.0292	0.0315	0.0000	2.9425	3.4802	0.0058	0.8674	1.0147	0.5683	0.5023	0.3105	1.5043	1.2394	2.2264	0.2633	0.0003	0.2760	-0.4386	-0.2727	4.0043	16.8607	19.8631	22.7724	0.9951	0.9948	0.0003	0.0026	0.0026	0.0000	0.9925	0.9922	0.0003	1.1263	0.8827	0.2436	0.3293	0.1708	0.1585	0.7971	0.7119	0.0851	0.4256	0.3668	0.0588	0.0883	0.0817	0.0066	0.3373	0.2851	0.0522	1.2986	0.8699	0.4287	0.6555	0.5502	0.1053	0.6431	0.3198	0.3233	2.6956	2.6728	0.0090	0.0580	0.1015	0.0000	2.3741	1.5632	0.0219	0.8674	1.0147	0.5683	0.5023	0.3105	1.5043	1.2394	2.2264	0.2633
80	115	0.1396	3	1	0	1	1	0	0	0	0	N	N	N	N	N	N	N	N	N	N	N	N	0.0000	0.0000	0.0000	0.0000	0.0000	0.0000	0.0000	0.0000	0.0000	0.0000	0.0000	0.0000	0.0000	0.0000	0.0000	0.0000	0.0000	0.0000	3.5536	5.9988	0.0022	0.0047	0.0049	0.0001	5.0262	9.6418	0.0022	0.0002	0.0000	-0.4500	4.0043	1.0009	19.8631	4.0038	0.0000	0.0000	0.0000	0.0000	0.0000	0.0000	0.0000	0.0000	0.0000	0.9821	0.9819	0.0002	0.0004	0.0004	0.0000	0.9817	0.9815	0.0002	0.0274	0.0233	0.0041	0.0020	0.0020	0.0001	0.0253	0.0213	0.0040	0.2764	0.1801	0.0963	0.0811	0.0783	0.0027	0.1953	0.1018	0.0935	0.0000	0.0000	0.0000	0.0000	0.0000	0.0000	0.0000	0.0000	0.0000	3.5536	5.4515	0.0022	0.0047	0.0049	0.0001	5.0262	9.6418	0.0022	
80	116	0.1113	2	1	0	1	1	0	0	0	0	N	N	N	N	N	N	N	N	N	N	N	N	0.0041	0.0021	0.0306	0.0123	0.0122	0.0000	0.0045	0.0000	0.0317	0.0007	0.0006	0.0018	0.0084	0.0089	0.0000	0.0003	0.0000	0.0019	0.1835	0.2674	0.0597	0.6832	0.7258	0.0864	0.0662	0.0731	0.0588	0.6041	0.1514	-0.0000	-0.0288	4.0043	1.8441	19.8631	10.4794	0.0000	0.0000	0.0000	0.0000	0.0000	0.0000	0.0000	0.0000	0.0000	0.0880	0.0764	0.0116	0.0623	0.0617	0.0005	0.0257	0.0147	0.0110	0.0484	0.0409	0.0075	0.0027	0.0025	0.0002	0.0457	0.0384	0.0073	0.4795	0.2857	0.1938	0.0911	0.0851	0.0061	0.3884	0.2007	0.1877	0.0041	0.0021	0.0306	0.0123	0.0122	0.0000	0.0045	0.0000	0.0317	0.1835	0.2674	0.0597	0.6832	0.7258	0.0864	0.0662	0.0731	0.0588
80	117	0.2956	2	0	1	0	2	0	0	0	0	N	N	N	Y	N	N	N	N	N	N	N	N	2.5375	3.3106	0.0002	0.0111	0.0625	0.0000	2.8149	1.8132	0.0012	3.2952	3.8108	0.0002	0.0126	0.0133	0.0001	4.0642	4.8122	0.0003	1.2986	1.1511	1.6169	1.1414	0.2123	7.6993	1.4438	2.6540	0.2072	0.0000	0.6510	-0.4375	-0.1214	4.0043	10.5071	19.8631	20.2622	0.9918	0.9917	0.0000	0.0007	0.0007	0.0000	0.9910	0.9910	0.0000	1.8961	1.1484	0.7477	0.8002	0.1304	0.6699	1.0959	1.0181	0.0778	0.3010	0.2602	0.0407	0.0571	0.0543	0.0028	0.2438	0.2059	0.0379	1.4601	0.9977	0.4624	0.7011	0.6141	0.0870	0.7590	0.3836	0.3754	2.5375	3.3106	0.0002	0.0111	0.0625	0.0000	2.8149	1.8132	0.0012	1.2986	1.1511	1.6169	1.1414	0.2123	7.6993	1.4438	2.6540	0.2072
80	119	0.0978	2	0	1	0	1	0	0	0	0	N	N	N	N	N	N	N	N	N	N	N	N	0.0000	0.0000	0.0000	0.0000	0.0000	0.0000	0.0000	0.0000	0.0000	0.0000	0.0000	0.0002	0.0000	0.0000	0.0000	0.0000	0.0000	0.0002	5.1181	2.2438	10.3337	0.8632	0.4671	8.3786	5.1805	2.8984	7.6404	88.8508	2.3615	0.0000	1.0062	4.0043	3.8169	19.8631	21.2433	0.0000	0.0000	0.0000	0.0000	0.0000	0.0000	0.0000	0.0000	0.0000	4.1214	1.2261	2.8953	0.1337	0.0687	0.0650	3.9877	1.1574	2.8304	0.1062	0.0896	0.0166	0.0064	0.0063	0.0001	0.0997	0.0832	0.0165	0.9246	0.5464	0.3782	0.1549	0.1471	0.0078	0.7698	0.3993	0.3704	0.0000	0.0000	0.0000	0.0000	0.0000	0.0000	0.0000	0.0000	0.0000	4.4574	2.2438	7.6555	0.8632	0.4671	8.3786	5.1805	2.8984	7.6404
80	120	0.4435	6	0	1	0	1	0	0	0	0	N	N	N	N	N	N	N	N	N	N	N	N	0.0040	0.0103	0.0000	0.0169	0.0233	0.0001	0.0001	0.0305	0.0000	0.0096	0.0110	0.0001	0.0364	0.0384	0.0002	0.0002	0.0003	0.0001	2.4189	1.0689	5.2792	2.1532	1.6498	4.3619	2.7293	0.0093	5.6950	0.0010	2.3308	-0.0019	1.1517	4.0043	16.3276	19.8631	34.9199	0.0044	0.0044	0.0000	0.0043	0.0043	0.0000	0.0001	0.0001	0.0000	4.7709	1.4323	3.3386	2.2885	1.4280	0.8605	2.4824	0.0044	2.4781	0.4606	0.4008	0.0598	0.1191	0.1128	0.0063	0.3415	0.2880	0.0535	1.9724	1.3400	0.6324	1.0628	0.8655	0.1973	0.9096	0.4744	0.4351	0.0040	0.0103	0.0000	0.0169	0.0233	0.0001	0.0001	0.0305	0.0000	2.4189	1.0689	5.2792	2.1532	1.6498	4.3619	2.7293	0.0093	5.6950
80	121	0.4262	5	0	1	0	1	0	0	0	0	N	N	N	N	N	N	N	N	N	N	N	N	0.0145	0.0240	0.0056	0.0430	0.0528	0.0001	0.0063	0.0182	0.0055	0.0157	0.0164	0.0114	0.0417	0.0438	0.0002	0.0078	0.0069	0.0124	1.0826	0.6837	2.0456	0.9714	0.8290	1.6317	1.2370	0.3799	2.2708	0.1097	1.2391	-0.0010	0.1371	4.0043	6.1757	19.8631	14.5601	0.0029	0.0026	0.0003	0.0018	0.0018	0.0000	0.0011	0.0008	0.0003	1.4432	0.6445	0.7986	0.7531	0.5287	0.2244	0.6900	0.1158	0.5742	0.1832	0.1582	0.0250	0.0428	0.0408	0.0020	0.1404	0.1174	0.0230	1.3331	0.9427	0.3904	0.7753	0.6377	0.1376	0.5578	0.3050	0.2529	0.0145	0.0240	0.0056	0.0430	0.0528	0.0001	0.0063	0.0182	0.0055	1.0826	0.6837	2.0456	0.9714	0.8290	1.6317	1.2370	0.3799	2.2708
80	122	0.3732	4	0	0	0	1	0	0	0	0	N	N	N	N	N	N	N	N	N	N	N	N	5.2750	7.1381	0.0054	0.0468	0.0488	0.0008	7.7688	19.4641	0.0056	3.9433	4.5448	0.0054	0.0378	0.0400	0.0006	5.3281	6.3432	0.0060	0.7475	0.6367	1.0009	0.8085	0.8191	0.7364	0.6858	0.3259	1.0723	0.0002	0.6878	-0.4101	-0.0530	4.0043	7.5400	19.8631	21.4192	0.9301	0.9300	0.0002	0.0023	0.0023	0.0000	0.9278	0.9276	0.0002	1.0416	0.6171	0.4244	0.5667	0.5003	0.0664	0.4749	0.1168	0.3580	0.2359	0.2046	0.0313	0.0617	0.0584	0.0034	0.1741	0.1462	0.0279	1.3933	0.9693	0.4241	0.7009	0.6107	0.0902	0.6924	0.3585	0.3339	5.2750	7.1381	0.0054	0.0468	0.0488	0.0008	7.7688	19.4641	0.0056	0.7475	0.6367	1.0009	0.8085	0.8191	0.7364	0.6858	0.3259	1.0723
80	123	0.1334	3	0	1	0	1	0	0	0	0	N	N	N	N	N	N	N	N	N	N	N	N	0.0008	0.0001	2.8802	0.0000	0.0000	0.0000	0.0020	0.0001	5.3111	0.0020	0.0002	0.0116	0.0000	0.0000	0.0000	0.0021	0.0002	0.0118	2.3432	3.8676	0.0040	9.4397	11.4060	0.0197	1.0435	1.9587	0.0022	9.0000	0.0007	0.0001	-0.8736	4.0043	4.0019	19.8631	19.5615	0.0002	0.0000	0.0002	0.0000	0.0000	0.0000	0.0002	0.0000	0.0002	1.9088	1.9075	0.0013	1.2653	1.2647	0.0006	0.6435	0.6428	0.0006	0.1013	0.0857	0.0156	0.0047	0.0043	0.0003	0.0966	0.0814	0.0152	0.8146	0.4932	0.3214	0.1980	0.1650	0.0330	0.6166	0.3282	0.2885	0.0008	0.0001	2.8802	0.0000	0.0000	0.0000	0.0020	0.0001	5.3111	2.3432	3.8676	0.0040	6.3914	7.6638	0.0197	1.0435	1.9587	0.0022
80	124	0.1113	2	0	0	0	1	0	0	0	0	N	N	N	N	N	N	N	N	N	N	N	N	0.0002	0.0002	0.0000	0.0186	0.0288	0.0000	0.0000	0.0000	0.0000	0.0007	0.0008	0.0000	0.0113	0.0119	0.0000	0.0000	0.0000	0.0001	3.2381	4.1953	1.7799	0.6073	0.4144	3.5295	3.9275	5.9964	1.7212	0.0111	0.2785	-0.0000	-0.3063	4.0043	1.2223	19.8631	8.2281	0.0000	0.0000	0.0000	0.0000	0.0000	0.0000	0.0000	0.0000	0.0000	1.2734	0.9961	0.2774	0.0496	0.0317	0.0178	1.2238	0.9643	0.2595	0.0326	0.0275	0.0050	0.0020	0.0019	0.0001	0.0306	0.0256	0.0049	0.3933	0.2374	0.1558	0.0817	0.0766	0.0051	0.3116	0.1608	0.1508	0.0002	0.0002	0.0000	0.0186	0.0288	0.0000	0.0000	0.0000	0.0000	3.2381	4.1953	1.7799	0.6073	0.4144	3.5295	3.9275	5.9964	1.7212
80	126	0.0966	3	0	1	0	1	0	0	0	0	N	N	N	N	N	N	N	N	N	N	N	N	2.2611	0.0019	9.3577	1.1697	1.3564	0.0013	1.9532	0.0006	9.1469	7.2585	0.0039	45.8243	0.0310	0.0317	0.0001	7.7251	0.0017	46.1906	3.2102	2.0470	4.8970	0.0265	0.0234	0.0713	3.9551	2.9109	5.0499	2237.7566	1.6498	0.5571	0.4355	4.0043	5.0407	19.8631	17.1705	0.9976	0.0004	0.9971	0.0003	0.0003	0.0000	0.9973	0.0002	0.9971	2.6517	1.0007	1.6510	0.0042	0.0034	0.0007	2.6475	0.9973	1.6502	0.1374	0.1157	0.0218	0.0083	0.0082	0.0002	0.1291	0.1075	0.0216	0.8260	0.4889	0.3371	0.1566	0.1463	0.0104	0.6694	0.3426	0.3268	2.2611	0.0019	9.3577	1.1697	1.3564	0.0013	1.9532	0.0006	9.1469	3.2102	2.0470	4.8970	0.0265	0.0234	0.0713	3.9551	2.9109	5.0499
80	127	0.0806	2	0	1	0	1	0	0	0	0	N	N	N	N	N	N	N	N	N	N	N	N	0.3064	0.3191	0.4154	3.5864	3.7720	0.0018	0.0891	0.0003	0.4199	0.0741	0.0625	0.1335	0.6029	0.6053	0.0008	0.0240	0.0001	0.1338	0.2419	0.1958	0.3214	0.1681	0.1605	0.4734	0.2689	0.2207	0.3187	0.4180	0.9505	-0.0007	0.0032	4.0043	1.9703	19.8631	6.2034	0.0044	0.0031	0.0013	0.0031	0.0031	0.0000	0.0013	0.0000	0.0013	0.1101	0.0564	0.0537	0.0205	0.0191	0.0014	0.0896	0.0373	0.0522	0.0599	0.0501	0.0098	0.0052	0.0052	0.0000	0.0548	0.0450	0.0098	0.4552	0.2882	0.1669	0.1220	0.1190	0.0030	0.3332	0.1692	0.1639	0.3064	0.3191	0.4154	3.5864	3.7720	0.0018	0.0891	0.0003	0.4199	0.2419	0.1958	0.3214	0.1681	0.1605	0.4734	0.2689	0.2207	0.3187
80	129	0.4025	5	0	1	0	1	0	0	0	0	N	N	N	N	N	N	N	N	N	N	N	N	0.0000	0.0000	0.0000	0.0000	0.0000	0.0000	0.0000	0.0000	0.0000	0.0000	0.0000	0.0000	0.0000	0.0000	0.0000	0.0000	0.0000	0.0000	0.0093	0.0062	0.0195	0.0158	0.0091	0.1000	0.0009	0.0001	0.0019	0.9495	0.0000	0.0001	4.0043	1.0033	19.8631	0.8635	0.0000	0.0000	0.0000	0.0000	0.0000	0.0000	0.0000	0.0000	0.0000	0.0040	0.0021	0.0020	0.0039	0.0021	0.0018	0.0002	0.0000	0.0002	0.0828	0.0753	0.0075	0.0448	0.0427	0.0021	0.0380	0.0325	0.0055	0.4337	0.3324	0.1013	0.2464	0.2282	0.0181	0.1873	0.1042	0.0832	0.0000	0.0000	0.0000	0.0000	0.0000	0.0000	0.0000	0.0000	0.0000	0.0093	0.0062	0.0195	0.0158	0.0091	0.1000	0.0009	0.0001	0.0019	
80	130	0.3732	4	0	0	0	1	0	0	0	0	N	N	N	N	N	N	N	N	N	N	N	N	8.6892	10.7189	0.5823	11.1896	16.5401	0.0847	12.2571	9.7265	3.4208	0.6283	0.7146	0.0503	1.2106	1.2749	0.0297	0.3880	0.4529	0.0530	0.0723	0.0667	0.0865	0.1082	0.0771	0.3511	0.0317	0.0466	0.0155	0.0105	0.5176	-0.0516	-0.0095	4.0043	5.5514	19.8631	9.9598	0.1198	0.1186	0.0012	0.0674	0.0673	0.0001	0.0524	0.0512	0.0012	0.0813	0.0535	0.0277	0.0646	0.0408	0.0238	0.0167	0.0128	0.0039	0.1907	0.1659	0.0248	0.0557	0.0528	0.0029	0.1350	0.1131	0.0219	1.1237	0.8031	0.3206	0.5969	0.5291	0.0678	0.5268	0.2740	0.2528	8.6892	10.7189	0.5823	11.1896	16.5401	0.0847	12.2571	9.7265	3.4208	0.0723	0.0667	0.0865	0.1082	0.0771	0.3511	0.0317	0.0466	0.0155
80	131	0.3429	3	0	0	0	1	0	0	0	0	N	N	N	N	N	N	N	N	N	N	N	N	0.6404	0.9262	0.0569	0.0389	0.0433	0.0004	0.7842	1.6804	0.0608	0.2605	0.2947	0.0346	0.0153	0.0160	0.0002	0.3304	0.3839	0.0377	0.4068	0.3181	0.6072	0.3922	0.3700	0.5568	0.4214	0.2285	0.6193	0.0177	0.8447	-0.0306	-0.0002	4.0043	9.1969	19.8631	13.4651	0.0723	0.0710	0.0013	0.0009	0.0009	0.0000	0.0713	0.0701	0.0013	0.4804	0.2604	0.2200	0.2308	0.1919	0.0389	0.2497	0.0686	0.1811	0.2774	0.2410	0.0364	0.0615	0.0585	0.0030	0.2159	0.1825	0.0334	1.1809	0.8187	0.3623	0.5884	0.5186	0.0699	0.5925	0.3001	0.2924	0.6404	0.9262	0.0569	0.0389	0.0433	0.0004	0.7842	1.6804	0.0608	0.4068	0.3181	0.6072	0.3922	0.3700	0.5568	0.4214	0.2285	0.6193
80	132	0.1563	5	1	1	0	2	0	0	0	0	N	N	N	Y	N	N	N	N	N	N	N	N	0.0000	0.0000	0.0000	0.0000	0.0000	0.0000	0.0000	0.0000	0.0000	0.0000	0.0000	0.0000	0.0000	0.0000	0.0000	0.0000	0.0000	0.1566	0.0038	0.3491	0.0000	0.0000	0.0000	0.1807	0.0049	0.3615	72.1486	0.0000	0.0100	4.0043	1.0000	19.8631	3.0001	0.0000	0.0000	0.0000	0.0000	0.0000	0.0000	0.0000	0.0000	0.0000	0.0190	0.0003	0.0188	0.0000	0.0000	0.0000	0.0190	0.0003	0.0188	0.0255	0.0216	0.0039	0.0016	0.0015	0.0001	0.0239	0.0201	0.0038	0.1215	0.0677	0.0537	0.0162	0.0144	0.0019	0.1053	0.0534	0.0519	0.0000	0.0000	0.0000	0.0000	0.0000	0.0000	0.0000	0.0000	0.0000	0.1566	0.0038	0.3491	0.0000	0.0000	0.0000	0.1807	0.0049	0.3615		
80	133	0.5553	9	1	1	0	2	0	0	0	0	N	N	N	Y	N	N	N	N	N	N	N	N	0.0000	0.0000	0.0000	0.0000	0.0000	0.0000	0.0000	0.0000	0.0000	0.0000	0.0000	0.0000	0.0000	0.0000	0.0000	0.0000	0.0000	0.0000	0.5475	0.0723	1.5246	0.0640	0.0754	0.0008	1.0286	0.0672	1.9869	10.2503	0.0000	0.0135	4.0043	0.0006	19.8631	1.9797	0.0000	0.0000	0.0000	0.0000	0.0000	0.0000	0.0000	0.0000	0.0000	0.0297	0.0026	0.0271	0.0017	0.0017	0.0000	0.0280	0.0009	0.0271	0.0000	0.0000	0.0000	0.0000	0.0000	0.0000	0.0000	0.0000	0.0000	0.0543	0.0365	0.0178	0.0271	0.0230	0.0041	0.0272	0.0136	0.0136	0.0000	0.0000	0.0000	0.0000	0.0000	0.0000	0.0000	0.0000	0.0000	0.5475	0.0723	1.5246	0.0640	0.0754	0.0008	1.0286	0.0672	1.9869	
80	134	0.5385	8	1	1	0	2	0	0	0	0	N	N	N	Y	N	N	N	N	N	N	N	N	0.0000	0.0000	0.0000	0.0000	0.0000	0.0000	0.0000	0.0000	0.0000	0.0000	0.0000	0.0000	0.0000	0.0000	0.0000	0.0000	0.0000	0.0000	0.0034	0.0011	0.0078	0.0005	0.0006	0.0000	0.0061	0.0020	0.0103	3.4312	0.0000	0.0002	4.0043	2.0077	19.8631	6.0321	0.0000	0.0000	0.0000	0.0000	0.0000	0.0000	0.0000	0.0000	0.0000	0.0007	0.0002	0.0005	0.0001	0.0001	0.0000	0.0006	0.0001	0.0005	0.0494	0.0424	0.0070	0.0120	0.0110	0.0010	0.0373	0.0314	0.0060	0.1981	0.1314	0.0667	0.0968	0.0806	0.0162	0.1013	0.0508	0.0505	0.0000	0.0000	0.0000	0.0000	0.0000	0.0000	0.0000	0.0000	0.0000	0.0034	0.0011	0.0078	0.0005	0.0006	0.0000	0.0061	0.0020	0.0103	
80	135	0.5337	8	0	1	0	2	0	0	0	0	N	N	N	Y	N	N	N	N	N	N	N	N	0.0002	0.0000	3.3668	0.0000	0.0000	0.0096	0.0003	0.0000	5.2873	0.0015	0.0000	0.0101	0.0001	0.0001	0.0001	0.0019	0.0000	0.0115	6.3644	10.8094	0.0030	5.8920	7.5454	0.0055	5.5371	10.9222	0.0022	88.6823	0.0002	0.0001	-0.8792	4.0043	3.0348	19.8631	9.3583	0.0001	0.0000	0.0001	0.0000	0.0000	0.0000	0.0001	0.0000	0.0001	1.9189	1.9185	0.0003	0.9486	0.9485	0.0002	0.9703	0.9701	0.0002	0.0769	0.0655	0.0113	0.0178	0.0164	0.0014	0.0591	0.0491	0.0100	0.3577	0.2425	0.1152	0.1824	0.1537	0.0288	0.1752	0.0888	0.0864	0.0003	0.0000	3.3668	0.0000	0.0000	0.0096	0.0003	0.0000	5.2873	5.3651	7.9117	0.0030	5.2000	6.1718	0.0055	5.5371	10.9222	0.0022
80	136	0.5194	7	0	0	0	2	0	0	0	0	N	N	N	Y	N	N	N	N	N	N	N	N	0.4364	0.3404	1.4952	0.7900	0.6996	0.0000	0.1950	0.0000	1.7627	0.0906	0.1061	0.0064	0.3341	0.3553	0.0000	0.0014	0.0000	0.0071	0.2076	0.3118	0.0043	0.4229	0.5078	0.0050	0.0069	0.0098	0.0040	0.0111	0.0070	-0.0000	-0.0162	4.0043	0.0433	19.8631	6.6805	0.0001	0.0001	0.0000	0.0001	0.0001	0.0000	0.0000	0.0000	0.0000	0.0359	0.0357	0.0002	0.0353	0.0352	0.0001	0.0006	0.0004	0.0002	0.0013	0.0011	0.0002	0.0003	0.0003	0.0000	0.0009	0.0008	0.0002	0.1730	0.1144	0.0586	0.0835	0.0694	0.0141	0.0896	0.0450	0.0445	0.4364	0.3404	1.4952	0.7900	0.6996	0.0000	0.1950	0.0000	1.7627	0.2076	0.3118	0.0043	0.4229	0.5078	0.0050	0.0069	0.0098	0.0040
80	137	0.1860	7	0	1	0	2	0	0	0	0	N	N	N	Y	N	N	N	N	N	N	N	N	0.0000	0.0000	0.0000	0.0000	0.0000	0.0000	0.0000	0.0000	0.0000	0.0000	0.0000	0.0000	0.0000	0.0000	0.0000	0.0000	0.0000	0.0000	0.0000	0.0000	4.0043	0.0000	19.8631	0.0000	0.0000	0.0000	0.0000	0.0000	0.0000	0.0000	0.0000	0.0000	0.0000	0.0000	0.0000	0.0000	0.0000	0.0000	0.0000	0.0000	0.0000	0.0000	0.0000	0.0000	0.0000	0.0000	0.0000	0.0000	0.0000	0.0000	0.0000	0.0000	0.0000	0.0000	0.0000	0.0000	0.0000	0.0000	0.0000	0.0000	0.0000	0.0000	0.0000	0.0000	0.0000	0.0000	0.0000	0.0000	0.0000	0.0000	0.0000	0.0000	0.0000	0.0000	0.0000	0.0000	0.0000	0.0000											
80	138	0.1809	6	0	1	0	2	0	0	0	0	N	N	N	Y	N	N	N	N	N	N	N	N	0.0000	0.0000	0.0000	0.0000	0.0000	0.0000	0.0000	0.0000	0.0000	0.0000	0.0000	0.0000	0.0000	0.0000	0.0000	0.0000	0.0000	0.0000	0.0000	0.0000	0.0000	0.0000	inf	0.0000	0.0000	4.0043	0.0021	19.8631	2.0000	0.0000	0.0000	0.0000	0.0000	0.0000	0.0000	0.0000	0.0000	0.0000	0.0000	0.0000	0.0000	0.0000	0.0000	0.0000	0.0000	0.0000	0.0000	0.0001	0.0001	0.0000	0.0000	0.0000	0.0000	0.0001	0.0000	0.0000	0.0599	0.0340	0.0260	0.0096	0.0086	0.0011	0.0503	0.0254	0.0249	0.0000	0.0000	0.0000	0.0000	0.0000	0.0000	0.0000	0.0000	0.0000	0.0000	0.0000	0.0000	0.0000	0.0000	0.0000	0.0000	0.0000	0.0000						
80	139	0.1707	5	0	0	0	2	0	0	0	0	N	N	N	Y	N	N	N	N	N	N	N	N	0.0000	0.0000	0.0000	0.0000	0.0000	0.0000	0.0000	0.0000	0.0000	0.0000	0.0000	0.0000	0.0000	0.0000	0.0000	0.0000	0.0000	0.0011	0.0002	0.0023	0.0000	0.0000	0.0000	0.0013	0.0002	0.0023	11.2549	0.0000	0.0001	4.0043	1.0020	19.8631	3.0181	0.0000	0.0000	0.0000	0.0000	0.0000	0.0000	0.0000	0.0000	0.0000	0.0001	0.0000	0.0001	0.0000	0.0000	0.0000	0.0001	0.0000	0.0001	0.0256	0.0217	0.0039	0.0017	0.0016	0.0001	0.0239	0.0201	0.0038	0.1218	0.0685	0.0533	0.0187	0.0166	0.0021	0.1031	0.0520	0.0511	0.0000	0.0000	0.0000	0.0000	0.0000	0.0000	0.0000	0.0000	0.0000	0.0011	0.0002	0.0023	0.0000	0.0000	0.0000	0.0013	0.0002	0.0023		
80	140	0.1563	5	0	1	0	1	0	0	0	0	N	N	N	N	N	N	N	N	N	N	N	N	0.0000	0.0000	0.0000	0.0000	0.0000	0.0000	0.0000	0.0000	0.0000	0.0000	0.0000	0.0000	0.0000	0.0000	0.0000	0.0000	0.0000	0.0000	0.0000	0.0000	0.0000	0.0000	0.0000	0.0000	-0.0000	4.0043	0.0000	19.8631	4.0001	0.0000	0.0000	0.0000	0.0000	0.0000	0.0000	0.0000	0.0000	0.0000	0.0000	0.0000	0.0000	0.0000	0.0000	0.0000	0.0000	0.0000	0.0000	0.0000	0.0000	0.0000	0.0000	0.0000	0.0000	0.0000	0.0000	0.0000	0.1215	0.0677	0.0537	0.0162	0.0144	0.0019	0.1053	0.0534	0.0519	0.0000	0.0000	0.0000	0.0000	0.0000	0.0000	0.0000	0.0000	0.0000	0.0000	0.0000	0.0000	0.0000	0.0000	0.0000	0.0000	0.0000	0.0000						
80	141	0.5340	7	0	1	0	1	0	0	0	0	N	N	N	N	N	N	N	N	N	N	N	N	0.0000	0.0000	0.0000	0.0000	0.0000	0.0000	0.0000	0.0000	0.0000	0.0000	0.0000	0.0000	0.0000	0.0000	0.0000	0.0000	0.0000	0.0000	21.2748	15.7350	45.8257	38.8646	43.4923	0.0003	12.9253	0.0008	53.0476	1.0043	0.0000	0.0850	4.0043	1.0003	19.8631	5.0186	0.0000	0.0000	0.0000	0.0000	0.0000	0.0000	0.0000	0.0000	0.0000	1.9910	0.9933	0.9976	0.9933	0.9933	0.0000	0.9977	0.0000	0.9976	0.0246	0.0212	0.0035	0.0060	0.0055	0.0005	0.0186	0.0157	0.0030	0.1512	0.1004	0.0508	0.0740	0.0618	0.0122	0.0772	0.0386	0.0386	0.0000	0.0000	0.0000	0.0000	0.0000	0.0000	0.0000	0.0000	0.0000	13.1689	9.8949	19.6391	13.4231	16.0829	0.0003	12.9253	0.0008	25.8723	
80	142	0.1707	5	0	0	1	2	0	0	0	0	N	N	N	Y	N	N	N	N	N	N	N	N	0.0000	0.0000	0.0000	0.0000	0.0000	0.0000	0.0000	0.0000	0.0000	0.0000	0.0000	0.0000	0.0000	0.0000	0.0000	0.0000	0.0000	0.0055	0.0094	0.0006	0.0000	0.0000	0.0000	0.0065	0.0123	0.0006	0.0497	0.0000	-0.0006	4.0043	0.0001	19.8631	9.0026	0.0000	0.0000	0.0000	0.0000	0.0000	0.0000	0.0000	0.0000	0.0000	0.0015	0.0014	0.0001	0.0000	0.0000	0.0000	0.0015	0.0014	0.0001	0.0000	0.0000	0.0000	0.0000	0.0000	0.0000	0.0000	0.0000	0.0000	0.2669	0.1504	0.1166	0.0409	0.0361	0.0047	0.2261	0.1142	0.1119	0.0000	0.0000	0.0000	0.0000	0.0000	0.0000	0.0000	0.0000	0.0000	0.0055	0.0094	0.0006	0.0000	0.0000	0.0000	0.0065	0.0123	0.0006		
80	143	0.5194	7	0	0	1	2	0	0	0	0	N	N	N	Y	N	N	N	N	N	N	N	N	0.0000	0.0000	0.0000	0.0000	0.0000	0.0000	0.0000	0.0000	0.0000	0.0000	0.0000	0.0000	0.0000	0.0000	0.0000	0.0000	0.0000	0.0000	0.0211	0.0318	0.0003	0.0414	0.0496	0.0010	0.0023	0.0046	0.0000	0.0042	0.0000	-0.0024	4.0043	2.0061	19.8631	8.0425	0.0000	0.0000	0.0000	0.0000	0.0000	0.0000	0.0000	0.0000	0.0000	0.0053	0.0053	0.0000	0.0050	0.0050	0.0000	0.0003	0.0003	0.0000	0.0490	0.0419	0.0071	0.0108	0.0099	0.0009	0.0382	0.0320	0.0062	0.2533	0.1672	0.0861	0.1219	0.1011	0.0208	0.1314	0.0660	0.0654	0.0000	0.0000	0.0000	0.0000	0.0000	0.0000	0.0000	0.0000	0.0000	0.0211	0.0318	0.0003	0.0414	0.0496	0.0010	0.0023	0.0046	0.0000	
80	144	0.5103	6	0	0	0	2	0	0	0	0	N	N	N	Y	N	N	N	N	N	N	N	N	0.0000	0.0000	0.0000	0.0000	0.0000	0.0000	0.0000	0.0000	0.0000	0.0000	0.0000	0.0000	0.0000	0.0000	0.0000	0.0000	0.0000	0.0000	0.0832	0.1097	0.0167	0.0172	0.0121	0.0577	0.1466	0.2613	0.0069	0.0606	0.0000	-0.0055	4.0043	1.9550	19.8631	2.1189	0.0000	0.0000	0.0000	0.0000	0.0000	0.0000	0.0000	0.0000	0.0000	0.0137	0.0129	0.0008	0.0014	0.0009	0.0005	0.0123	0.0121	0.0003	0.0516	0.0440	0.0075	0.0145	0.0130	0.0015	0.0371	0.0310	0.0061	0.1649	0.1179	0.0470	0.0808	0.0717	0.0090	0.0841	0.0462	0.0379	0.0000	0.0000	0.0000	0.0000	0.0000	0.0000	0.0000	0.0000	0.0000	0.0832	0.1097	0.0167	0.0172	0.0121	0.0577	0.1466	0.2613	0.0069	
80	145	0.5103	6	0	0	1	2	0	0	0	0	N	N	N	Y	N	N	N	N	N	N	N	N	0.0000	0.0000	0.0000	0.0000	0.0000	0.0000	0.0000	0.0000	0.0000	0.0000	0.0000	0.0000	0.0000	0.0000	0.0000	0.0000	0.0000	0.0000	4.6251	7.7776	0.0146	5.1258	5.9202	0.0372	3.7285	7.2248	0.0081	0.0011	0.0000	-1.0742	4.0043	2.1261	19.8631	18.6477	0.0000	0.0000	0.0000	0.0000	0.0000	0.0000	0.0000	0.0000	0.0000	2.3494	2.3467	0.0026	1.2722	1.2707	0.0015	1.0771	1.0760	0.0011	0.0557	0.0476	0.0081	0.0155	0.0139	0.0016	0.0402	0.0337	0.0066	0.5513	0.3708	0.1805	0.2624	0.2218	0.0406	0.2889	0.1489	0.1400	0.0000	0.0000	0.0000	0.0000	0.0000	0.0000	0.0000	0.0000	0.0000	4.2614	6.3292	0.0146	4.8480	5.7279	0.0372	3.7285	7.2248	0.0081	
80	146	0.1707	5	0	0	1	2	0	0	0	0	N	N	N	Y	N	N	N	N	N	N	N	N	0.0000	0.0000	0.0000	0.0000	0.0000	0.0000	0.0000	0.0000	0.0000	0.0000	0.0000	0.0000	0.0000	0.0000	0.0000	0.0000	0.0000	4.4035	9.2302	0.0001	0.0000	0.0000	0.0000	4.8161	9.5380	0.0001	0.0000	0.0000	-0.4447	4.0043	2.0001	19.8631	5.9880	0.0000	0.0000	0.0000	0.0000	0.0000	0.0000	0.0000	0.0000	0.0000	0.9702	0.9702	0.0000	0.0000	0.0000	0.0000	0.9702	0.9702	0.0000	0.0508	0.0431	0.0077	0.0034	0.0032	0.0002	0.0474	0.0399	0.0075	0.2379	0.1339	0.1039	0.0364	0.0322	0.0042	0.2014	0.1017	0.0997	0.0000	0.0000	0.0000	0.0000	0.0000	0.0000	0.0000	0.0000	0.0000	4.0786	7.2430	0.0001	0.0000	0.0000	0.0000	4.8161	9.5380	0.0001		
80	147	0.1707	5	0	0	1	2	0	0	0	0	N	N	N	Y	N	N	N	N	N	N	N	N	0.0092	0.0001	0.0477	0.0000	0.0000	0.0000	0.0084	0.0001	0.0474	0.0213	0.0002	0.1403	0.0000	0.0000	0.0000	0.0228	0.0002	0.1447	2.3116	1.8314	2.9386	0.0403	0.0063	0.2948	2.7184	2.3973	3.0522	156.0000	1.2287	0.0026	0.1858	4.0043	9.0001	19.8631	23.0169	0.0047	0.0000	0.0047	0.0000	0.0000	0.0000	0.0047	0.0000	0.0047	1.9991	0.8970	1.1022	0.0053	0.0007	0.0046	1.9938	0.8962	1.0976	0.2215	0.1881	0.0334	0.0147	0.0137	0.0010	0.2067	0.1744	0.0323	0.8648	0.4898	0.3751	0.1314	0.1159	0.0155	0.7335	0.3739	0.3596	0.0092	0.0001	0.0477	0.0000	0.0000	0.0000	0.0084	0.0001	0.0474	2.3116	1.8314	2.9386	0.0403	0.0063	0.2948	2.7184	2.3973	3.0522
80	148	0.1454	4	0	0	0	2	0	0	0	0	N	N	N	Y	N	N	N	N	N	N	N	N	0.0000	0.0000	0.0002	0.0279	0.0278	0.0000	0.0000	0.0000	0.0002	0.0001	0.0001	0.0000	0.0018	0.0019	0.0000	0.0000	0.0000	0.0000	3.0444	5.8548	0.0441	0.0628	0.0678	0.0155	3.6524	7.3072	0.0452	0.0111	0.0063	-0.0000	-0.4518	4.0043	1.9990	19.8631	7.9526	0.0000	0.0000	0.0000	0.0000	0.0000	0.0000	0.0000	0.0000	0.0000	0.9993	0.9931	0.0063	0.0035	0.0034	0.0001	0.9959	0.9897	0.0062	0.0511	0.0433	0.0078	0.0034	0.0032	0.0002	0.0477	0.0401	0.0076	0.3283	0.1858	0.1425	0.0556	0.0503	0.0053	0.2727	0.1354	0.1372	0.0000	0.0000	0.0002	0.0279	0.0278	0.0000	0.0000	0.0000	0.0002	3.0444	5.3458	0.0441	0.0628	0.0678	0.0155	3.6524	7.3072	0.0452
80	149	0.1134	3	1	1	0	1	0	0	0	0	N	N	N	N	N	N	N	N	N	N	N	N	0.0000	0.0000	0.0002	0.0001	0.0002	0.0000	0.0000	0.0000	0.0002	0.0001	0.0000	0.0004	0.0000	0.0000	0.0000	0.0001	0.0000	0.0004	2.2258	2.3680	2.0147	0.0629	0.0443	0.3738	2.7043	3.2994	2.0574	90.2444	0.5732	0.0000	-0.1683	4.0043	5.3497	19.8631	17.2225	0.0000	0.0000	0.0000	0.0000	0.0000	0.0000	0.0000	0.0000	0.0000	1.7901	1.1379	0.6522	0.0092	0.0061	0.0031	1.7809	1.1318	0.6491	0.1593	0.1349	0.0243	0.0170	0.0167	0.0003	0.1422	0.1182	0.0240	0.8043	0.4805	0.3237	0.1457	0.1375	0.0082	0.6585	0.3430	0.3155	0.0000	0.0000	0.0002	0.0001	0.0002	0.0000	0.0000	0.0000	0.0002	2.2258	2.3680	2.0147	0.0629	0.0443	0.3738	2.7043	3.2994	2.0574
80	150	0.1442	4	0	1	0	1	0	0	0	0	N	N	N	N	N	N	N	N	N	N	N	N	0.0020	0.0028	0.0002	0.0122	0.0118	0.0116	0.0017	0.0021	0.0002	0.0049	0.0056	0.0005	0.0040	0.0041	0.0011	0.0052	0.0061	0.0005	2.4072	1.9577	3.1742	0.3253	0.3436	0.0981	3.1341	2.9461	3.3442	0.0148	0.9501	-0.0003	0.0586	4.0043	3.6794	19.8631	17.4287	0.0007	0.0007	0.0000	0.0001	0.0001	0.0000	0.0006	0.0006	0.0000	2.0318	1.0419	0.9899	0.0711	0.0695	0.0016	1.9607	0.9724	0.9883	0.1488	0.1289	0.0199	0.0355	0.0345	0.0010	0.1132	0.0943	0.0189	0.8441	0.5322	0.3119	0.2185	0.2021	0.0163	0.6256	0.3301	0.2955	0.0020	0.0028	0.0002	0.0122	0.0118	0.0116	0.0017	0.0021	0.0002	2.4072	1.9577	3.1742	0.3253	0.3436	0.0981	3.1341	2.9461	3.3442
80	151	0.1134	3	0	1	0	1	0	0	0	0	N	N	N	N	N	N	N	N	N	N	N	N	3.2674	4.1159	0.0024	0.0001	0.0001	0.0000	6.8945	154.6494	0.0023	8.8577	10.4429	0.0070	0.0007	0.0007	0.0000	10.2938	12.4667	0.0071	2.7110	2.5372	2.9914	12.2954	11.1678	0.5735	1.4930	0.0806	3.0519	0.0001	0.7306	-0.4408	-0.0549	4.0043	3.4464	19.8631	10.1316	0.9995	0.9994	0.0001	0.0000	0.0000	0.0000	0.9995	0.9994	0.0001	1.5177	0.8770	0.6407	0.8614	0.8584	0.0030	0.6563	0.0186	0.6377	0.1128	0.0957	0.0171	0.0157	0.0155	0.0002	0.0971	0.0802	0.0169	0.5598	0.3456	0.2142	0.1202	0.1150	0.0052	0.4396	0.2306	0.2090	3.2674	4.1159	0.0024	0.0001	0.0001	0.0000	6.8945	154.6494	0.0023	2.7110	2.5372	2.9914	7.1632	7.4629	0.5735	1.4930	0.0806	3.0519
80	152	0.5408	9	1	1	0	1	0	0	0	0	N	N	N	N	N	N	N	N	N	N	N	N	0.0036	0.0000	0.1282	0.0000	0.0000	0.0372	1.6342	0.1133	0.0000	0.0000	0.0002	0.0000	0.0000	0.0000	0.0000	0.0000	0.0003	0.0090	0.0127	0.0018	0.0174	0.0208	0.0000	0.0012	0.0000	0.0024	99.3373	0.0716	0.0000	-0.0011	4.0043	1.0143	19.8631	12.0086	0.0000	0.0000	0.0000	0.0000	0.0000	0.0000	0.0000	0.0000	0.0000	0.0028	0.0026	0.0002	0.0026	0.0026	0.0000	0.0002	0.0000	0.0002	0.0255	0.0219	0.0036	0.0064	0.0059	0.0005	0.0191	0.0160	0.0031	0.3144	0.2084	0.1060	0.1527	0.1271	0.0256	0.1617	0.0813	0.0804	0.0036	0.0000	0.1282	0.0000	0.0000	0.0000	0.0372	1.6342	0.1133	0.0090	0.0127	0.0018	0.0174	0.0208	0.0000	0.0012	0.0000	0.0024	
80	153	0.5385	8	1	1	0	1	0	0	0	0	N	N	N	N	N	N	N	N	N	N	N	N	0.0202	0.0158	0.0000	0.6024	0.5481	0.0000	0.0000	0.0000	0.0000	0.0000	0.0000	0.0000	0.0001	0.0002	0.0000	0.0000	0.0000	0.0000	0.0017	0.0025	0.0000	0.0002	0.0003	0.0000	0.0031	0.0062	0.0000	0.0000	0.0066	-0.0000	-0.0000	4.0043	0.9811	19.8631	0.0216	0.0000	0.0000	0.0000	0.0000	0.0000	0.0000	0.0000	0.0000	0.0000	0.0000	0.0000	0.0000	0.0000	0.0000	0.0000	0.0000	0.0000	0.0000	0.0244	0.0209	0.0034	0.0060	0.0055	0.0005	0.0184	0.0154	0.0030	0.0257	0.0171	0.0086	0.0126	0.0106	0.0021	0.0131	0.0065	0.0065	0.0202	0.0158	0.0000	0.6024	0.5481	0.0000	0.0000	0.0000	0.0000	0.0017	0.0025	0.0000	0.0002	0.0003	0.0000	0.0031	0.0062	0.0000
80	154	0.5340	7	1	1	0	1	0	0	0	0	N	N	N	N	N	N	N	N	N	N	N	N	0.0000	0.0000	0.0000	0.0000	0.0000	0.0000	0.0000	0.0000	0.0000	0.0000	0.0000	0.0000	0.0000	0.0000	0.0000	0.0000	0.0000	0.0000	0.1367	0.2050	0.0005	0.0368	0.0437	0.0009	0.2333	0.4670	0.0004	0.0013	0.0000	-0.0033	4.0043	0.0083	19.8631	2.0001	0.0000	0.0000	0.0000	0.0000	0.0000	0.0000	0.0000	0.0000	0.0000	0.0072	0.0072	0.0000	0.0010	0.0009	0.0000	0.0062	0.0062	0.0000	0.0002	0.0002	0.0000	0.0001	0.0001	0.0000	0.0002	0.0001	0.0000	0.0526	0.0350	0.0176	0.0258	0.0217	0.0042	0.0267	0.0133	0.0134	0.0000	0.0000	0.0000	0.0000	0.0000	0.0000	0.0000	0.0000	0.0000	0.1367	0.2050	0.0005	0.0368	0.0437	0.0009	0.2333	0.4670	0.0004	
80	155	0.5103	6	0	1	0	1	0	0	0	0	N	N	N	N	N	N	N	N	N	N	N	N	0.0000	0.0000	0.0000	0.0000	0.0000	0.0000	0.0000	0.0000	0.0000	0.0000	0.0000	0.0000	0.0000	0.0000	0.0000	0.0000	0.0000	0.0000	0.5142	0.7436	0.0124	1.0477	1.2150	0.0249	0.0177	0.0256	0.0089	0.0076	0.0000	-0.0731	4.0043	2.9180	19.8631	7.4065	0.0000	0.0000	0.0000	0.0000	0.0000	0.0000	0.0000	0.0000	0.0000	0.1622	0.1609	0.0012	0.1593	0.1587	0.0005	0.0029	0.0022	0.0007	0.0748	0.0640	0.0108	0.0200	0.0181	0.0019	0.0548	0.0459	0.0089	0.3154	0.2164	0.0990	0.1520	0.1306	0.0214	0.1634	0.0858	0.0776	0.0000	0.0000	0.0000	0.0000	0.0000	0.0000	0.0000	0.0000	0.0000	0.5142	0.7436	0.0124	1.0477	1.2150	0.0249	0.0177	0.0256	0.0089	
80	156	0.4445	5	0	0	0	1	0	0	0	0	N	N	N	N	N	N	N	N	N	N	N	N	1.5419	1.3350	0.0000	2.8350	6.2405	0.0000	1.0965	0.6312	0.0003	1.4449	1.6477	0.0000	0.9981	1.0590	0.0000	1.6626	1.9676	0.0000	0.9371	1.2343	0.3270	0.3521	0.1697	1.5062	1.5162	3.1175	0.0188	0.0000	0.1291	-0.1888	-0.3093	4.0043	8.2479	19.8631	19.7214	0.4280	0.4280	0.0000	0.0968	0.0968	0.0000	0.3312	0.3312	0.0000	0.8990	0.7962	0.1028	0.1680	0.0699	0.0981	0.7310	0.7263	0.0047	0.2962	0.2598	0.0365	0.0970	0.0915	0.0056	0.1992	0.1683	0.0309	0.9593	0.6451	0.3142	0.4772	0.4121	0.0651	0.4821	0.2330	0.2491	1.5419	1.3350	0.0000	2.8350	6.2405	0.0000	1.0965	0.6312	0.0003	0.9371	1.2343	0.3270	0.3521	0.1697	1.5062	1.5162	3.1175	0.0188
80	157	0.4084	4	0	0	0	1	0	0	0	0	N	N	N	N	N	N	N	N	N	N	N	N	3.7364	3.9055	0.0059	0.1833	0.3013	0.0001	4.0737	2.6375	0.0207	3.0410	3.5195	0.0037	0.1198	0.1290	0.0001	4.0414	4.7994	0.0042	0.8139	0.9012	0.6285	0.6534	0.4282	1.9598	0.9921	1.8197	0.2044	0.0002	0.3284	-0.2987	-0.1628	4.0043	7.4725	19.8631	14.3153	0.6775	0.6774	0.0001	0.0068	0.0068	0.0000	0.6707	0.6706	0.0001	0.7709	0.5803	0.1906	0.3256	0.1820	0.1436	0.4453	0.3983	0.0470	0.2228	0.1925	0.0303	0.0568	0.0527	0.0041	0.1660	0.1397	0.0262	0.9472	0.6439	0.3032	0.4984	0.4251	0.0733	0.4488	0.2189	0.2300	3.7364	3.9055	0.0059	0.1833	0.3013	0.0001	4.0737	2.6375	0.0207	0.8139	0.9012	0.6285	0.6534	0.4282	1.9598	0.9921	1.8197	0.2044
80	158	0.3429	3	0	0	0	1	0	0	0	0	N	N	N	N	N	N	N	N	N	N	N	N	0.0203	0.1471	0.0015	0.0083	0.0714	0.0000	0.0261	0.1452	0.0029	0.0259	0.0291	0.0055	0.0119	0.0125	0.0000	0.0296	0.0339	0.0060	1.2774	0.1977	3.6158	1.4303	0.1755	9.9981	1.1346	0.2332	2.0668	0.0290	8.4469	-0.0036	0.7523	4.0043	11.6653	19.8631	19.4910	0.0086	0.0084	0.0002	0.0008	0.0008	0.0000	0.0078	0.0075	0.0002	1.7262	0.1827	1.5435	0.9334	0.0999	0.8335	0.7928	0.0828	0.7100	0.3314	0.2873	0.0441	0.0680	0.0645	0.0036	0.2634	0.2229	0.0406	1.3514	0.9245	0.4269	0.6526	0.5693	0.0834	0.6988	0.3552	0.3435	0.0203	0.1471	0.0015	0.0083	0.0714	0.0000	0.0261	0.1452	0.0029	1.2774	0.1977	3.6158	1.4303	0.1755	9.9981	1.1346	0.2332	2.0668
80	159	0.2956	2	0	0	0	1	0	0	0	0	N	N	N	N	N	N	N	N	N	N	N	N	0.0725	0.0713	0.0528	0.2075	0.2145	0.0059	0.0216	0.0140	0.0641	0.0456	0.0483	0.0275	0.1790	0.1870	0.0046	0.0088	0.0050	0.0292	0.6284	0.6778	0.5199	0.8625	0.8721	0.7933	0.4056	0.3560	0.4560	0.0862	0.3499	-0.0038	-0.1760	4.0043	7.3933	19.8631	20.5306	0.0106	0.0097	0.0008	0.0090	0.0090	0.0000	0.0016	0.0008	0.0008	0.8839	0.6548	0.2291	0.5916	0.5253	0.0663	0.2923	0.1295	0.1628	0.2323	0.2017	0.0306	0.0502	0.0480	0.0022	0.1821	0.1537	0.0284	1.4067	0.9660	0.4407	0.6860	0.6024	0.0836	0.7207	0.3636	0.3571	0.0725	0.0713	0.0528	0.2075	0.2145	0.0059	0.0216	0.0140	0.0641	0.6284	0.6778	0.5199	0.8625	0.8721	0.7933	0.4056	0.3560	0.4560
80	161	0.1639	7	1	1	0	1	0	0	0	0	N	N	N	N	N	N	N	N	N	N	N	N	0.0000	0.0000	0.0000	0.0000	0.0000	0.0000	0.0000	0.0000	0.0000	0.0000	0.0000	0.0000	0.0000	0.0000	0.0000	0.0000	0.0000	0.0000	0.2998	0.0173	0.6667	0.0002	0.0001	0.0013	0.3500	0.0224	0.6908	29.6425	0.0000	0.0143	4.0043	0.0002	19.8631	3.0099	0.0000	0.0000	0.0000	0.0000	0.0000	0.0000	0.0000	0.0000	0.0000	0.0281	0.0009	0.0272	0.0000	0.0000	0.0000	0.0281	0.0009	0.0272	0.0000	0.0000	0.0000	0.0000	0.0000	0.0000	0.0000	0.0000	0.0000	0.0939	0.0530	0.0408	0.0135	0.0120	0.0014	0.0804	0.0410	0.0394	0.0000	0.0000	0.0000	0.0000	0.0000	0.0000	0.0000	0.0000	0.0000	0.2998	0.0173	0.6667	0.0002	0.0001	0.0013	0.3500	0.0224	0.6908	
80	162	0.1563	6	1	1	0	1	0	0	0	0	N	N	N	N	N	N	N	N	N	N	N	N	0.0000	0.0000	0.0000	0.0000	0.0000	0.0000	0.0000	0.0000	0.0000	0.0000	0.0000	0.0000	0.0000	0.0000	0.0000	0.0000	0.0000	0.0015	0.0001	0.0032	0.0000	0.0000	0.0000	0.0017	0.0001	0.0033	23.1696	0.0000	0.0001	4.0043	0.9998	19.8631	2.0118	0.0000	0.0000	0.0000	0.0000	0.0000	0.0000	0.0000	0.0000	0.0000	0.0001	0.0000	0.0001	0.0000	0.0000	0.0000	0.0001	0.0000	0.0001	0.0255	0.0216	0.0039	0.0016	0.0015	0.0001	0.0239	0.0201	0.0038	0.0919	0.0512	0.0406	0.0123	0.0109	0.0014	0.0796	0.0403	0.0392	0.0000	0.0000	0.0000	0.0000	0.0000	0.0000	0.0000	0.0000	0.0000	0.0015	0.0001	0.0032	0.0000	0.0000	0.0000	0.0017	0.0001	0.0033		
80	163	0.1563	5	1	1	0	1	0	0	0	0	N	N	N	N	N	N	N	N	N	N	N	N	0.0000	0.0000	0.0000	0.0000	0.0000	0.0000	0.0000	0.0000	0.0000	0.0000	0.0000	0.0000	0.0000	0.0000	0.0000	0.0000	0.0000	0.0021	0.0025	0.0004	0.0017	0.0017	0.0000	0.0023	0.0032	0.0004	0.0461	0.0000	-0.0000	4.0043	0.0000	19.8631	0.0003	0.0000	0.0000	0.0000	0.0000	0.0000	0.0000	0.0000	0.0000	0.0000	0.0000	0.0000	0.0000	0.0000	0.0000	0.0000	0.0000	0.0000	0.0000	0.0000	0.0000	0.0000	0.0000	0.0000	0.0000	0.0000	0.0000	0.0000	0.0000	0.0000	0.0000	0.0000	0.0000	0.0000	0.0000	0.0000	0.0000	0.0000	0.0000	0.0000	0.0000	0.0000	0.0000	0.0000	0.0000	0.0000	0.0021	0.0025	0.0004	0.0017	0.0017	0.0000	0.0023	0.0032	0.0004		
80	164	0.1454	4	0	1	0	1	0	0	0	0	N	N	N	N	N	N	N	N	N	N	N	N	0.1151	0.1095	0.0108	0.1136	0.1054	0.0000	0.0038	0.0000	0.0107	0.0118	0.0144	0.0007	0.0322	0.0324	0.0000	0.0002	0.0000	0.0007	0.1027	0.1311	0.0642	0.2835	0.3071	0.0272	0.0538	0.0410	0.0659	0.0111	0.3624	-0.0000	-0.0033	4.0043	0.0063	19.8631	4.3641	0.0000	0.0000	0.0000	0.0000	0.0000	0.0000	0.0000	0.0000	0.0000	0.0171	0.0126	0.0046	0.0101	0.0100	0.0001	0.0071	0.0026	0.0045	0.0005	0.0004	0.0001	0.0002	0.0002	0.0000	0.0003	0.0002	0.0001	0.1669	0.0959	0.0710	0.0355	0.0325	0.0030	0.1314	0.0635	0.0680	0.1151	0.1095	0.0108	0.1136	0.1054	0.0000	0.0038	0.0000	0.0107	0.1027	0.1311	0.0642	0.2835	0.3071	0.0272	0.0538	0.0410	0.0659
80	165	0.1134	3	0	0	0	1	0	0	0	0	N	N	N	N	N	N	N	N	N	N	N	N	0.0236	0.0284	0.0016	0.0712	0.0690	0.0000	0.0004	0.0000	0.0016	0.0403	0.0469	0.0029	0.2372	0.2396	0.0000	0.0005	0.0000	0.0030	1.7076	1.6517	1.7992	3.3292	3.4733	0.0050	1.2479	0.7099	1.8437	0.0111	0.6645	-0.0016	-0.0536	4.0043	2.5207	19.8631	10.0226	0.0036	0.0036	0.0000	0.0036	0.0036	0.0000	0.0000	0.0000	0.0000	0.9059	0.5443	0.3617	0.3901	0.3901	0.0000	0.5158	0.1542	0.3616	0.0900	0.0764	0.0136	0.0151	0.0150	0.0002	0.0749	0.0614	0.0134	0.5305	0.3295	0.2010	0.1172	0.1123	0.0049	0.4134	0.2172	0.1961	0.0236	0.0284	0.0016	0.0712	0.0690	0.0000	0.0004	0.0000	0.0016	1.7076	1.6517	1.7992	3.3292	3.4733	0.0050	1.2479	0.7099	1.8437
80	166	0.0978	2	0	0	0	1	0	0	0	0	N	N	N	N	N	N	N	N	N	N	N	N	0.0001	0.0001	0.0001	0.0009	0.0009	0.0000	0.0000	0.0000	0.0001	0.0002	0.0002	0.0003	0.0018	0.0018	0.0000	0.0000	0.0000	0.0003	1.7923	1.3916	2.4852	1.9626	2.0204	0.4931	1.7283	0.9449	2.5432	0.3157	1.0328	-0.0000	0.0369	4.0043	2.6894	19.8631	4.6619	0.0000	0.0000	0.0000	0.0000	0.0000	0.0000	0.0000	0.0000	0.0000	0.7430	0.3655	0.3775	0.2226	0.2204	0.0021	0.5205	0.1451	0.3754	0.0781	0.0659	0.0122	0.0060	0.0059	0.0001	0.0721	0.0600	0.0121	0.4146	0.2627	0.1519	0.1134	0.1091	0.0043	0.3012	0.1535	0.1476	0.0001	0.0001	0.0001	0.0009	0.0009	0.0000	0.0000	0.0000	0.0001	1.7923	1.3916	2.4852	1.9626	2.0204	0.4931	1.7283	0.9449	2.5432
81	82	0.6920	11	0	2	2	0	0	0	0	0	N	Y	Y	N	N	N	N	N	N	N	N	N	0.0000	0.0000	0.0000	0.0000	0.0000	0.0000	0.0000	0.0000	0.0000	0.0000	0.0000	0.0000	0.0000	0.0000	0.0000	0.0000	0.0000	0.0004	0.0005	0.0000	0.0006	0.0007	0.0000	0.0000	0.0000	0.0000	0.0115	0.0000	-0.0000	2.0162	3.0011	4.5500	3.7015	0.0000	0.0000	0.0000	0.0000	0.0000	0.0000	0.0000	0.0000	0.0000	0.0000	0.0000	0.0000	0.0000	0.0000	0.0000	0.0000	0.0000	0.0000	0.0469	0.0409	0.0059	0.0193	0.0180	0.0013	0.0276	0.0229	0.0046	0.0680	0.0472	0.0208	0.0409	0.0341	0.0068	0.0272	0.0131	0.0140	0.0000	0.0000	0.0000	0.0000	0.0000	0.0000	0.0000	0.0000	0.0000	0.0004	0.0005	0.0000	0.0006	0.0007	0.0000	0.0000	0.0000	0.0000		
81	83	0.6806	10	0	2	1	0	0	0	0	0	N	Y	N	N	N	N	N	N	N	N	N	N	0.1453	0.2775	0.0000	0.3527	0.4767	0.0000	0.0003	0.4355	0.0000	0.0000	0.0001	0.0000	0.0001	0.0001	0.0000	0.0000	0.0000	0.0000	0.0003	0.0002	0.0006	0.0003	0.0002	0.0005	0.0003	0.0000	0.0007	0.0000	1.4568	-0.0000	0.0000	2.0162	2.0032	4.5500	4.2039	0.0000	0.0000	0.0000	0.0000	0.0000	0.0000	0.0000	0.0000	0.0000	0.0000	0.0000	0.0000	0.0000	0.0000	0.0000	0.0000	0.0000	0.0000	0.0315	0.0275	0.0040	0.0131	0.0122	0.0009	0.0184	0.0153	0.0031	0.0861	0.0585	0.0276	0.0587	0.0446	0.0140	0.0274	0.0138	0.0136	0.1453	0.2775	0.0000	0.3527	0.4767	0.0000	0.0003	0.4355	0.0000	0.0003	0.0002	0.0006	0.0003	0.0002	0.0005	0.0003	0.0000	0.0007
81	84	0.6774	10	1	1	2	0	0	0	0	0	N	N	Y	N	N	N	N	N	N	N	N	N	0.0000	0.0000	0.0000	0.0000	0.0000	0.0000	0.0000	0.0000	0.0000	0.0000	0.0000	0.0000	0.0000	0.0000	0.0000	0.0000	0.0000	0.0000	0.0008	0.0001	0.0021	0.0008	0.0002	0.0033	0.0007	0.0000	0.0014	6.5704	0.0000	0.0000	2.0162	1.0052	4.5500	4.9545	0.0000	0.0000	0.0000	0.0000	0.0000	0.0000	0.0000	0.0000	0.0000	0.0000	0.0000	0.0000	0.0000	0.0000	0.0000	0.0000	0.0000	0.0000	0.0158	0.0138	0.0020	0.0066	0.0061	0.0005	0.0093	0.0077	0.0016	0.0557	0.0382	0.0175	0.0347	0.0280	0.0067	0.0210	0.0102	0.0108	0.0000	0.0000	0.0000	0.0000	0.0000	0.0000	0.0000	0.0000	0.0000	0.0008	0.0001	0.0021	0.0008	0.0002	0.0033	0.0007	0.0000	0.0014	
81	85	0.6580	9	1	1	2	0	0	0	0	0	N	N	Y	N	N	N	N	N	N	N	N	N	0.0000	0.0000	0.0000	0.0000	0.0000	0.0000	0.0000	0.0000	0.0000	0.0000	0.0000	0.0000	0.0000	0.0000	0.0000	0.0000	0.0000	0.0000	0.0020	0.0030	0.0001	0.0027	0.0036	0.0000	0.0004	0.0007	0.0001	0.0101	0.0000	-0.0001	2.0162	0.9968	4.5500	7.6169	0.0000	0.0000	0.0000	0.0000	0.0000	0.0000	0.0000	0.0000	0.0000	0.0002	0.0002	0.0000	0.0002	0.0002	0.0000	0.0000	0.0000	0.0000	0.0158	0.0138	0.0020	0.0066	0.0062	0.0004	0.0092	0.0076	0.0015	0.0915	0.0621	0.0294	0.0638	0.0478	0.0160	0.0277	0.0143	0.0134	0.0000	0.0000	0.0000	0.0000	0.0000	0.0000	0.0000	0.0000	0.0000	0.0020	0.0030	0.0001	0.0027	0.0036	0.0000	0.0004	0.0007	0.0001	
81	86	0.6780	8	1	2	1	0	0	0	0	0	N	Y	N	N	N	N	N	N	N	N	N	N	138.1710	128.0971	0.0000	196.3140	190.0024	0.0000	6.9917	47.2904	0.0000	0.0318	0.0369	0.0000	0.0728	0.0793	0.0000	0.0003	0.0004	0.0000	0.0002	0.0003	0.0001	0.0004	0.0004	0.0001	0.0000	0.0000	0.0001	0.0000	0.1250	-0.0015	-0.0000	2.0162	5.8060	4.5500	6.1034	0.0034	0.0034	0.0000	0.0034	0.0034	0.0000	0.0000	0.0000	0.0000	0.0000	0.0000	0.0000	0.0000	0.0000	0.0000	0.0000	0.0000	0.0000	0.1079	0.0929	0.0150	0.0468	0.0430	0.0038	0.0611	0.0499	0.0112	0.1084	0.0769	0.0315	0.0612	0.0526	0.0086	0.0472	0.0243	0.0229	138.1710	128.0971	0.0000	196.3140	190.0024	0.0000	6.9917	47.2904	0.0000	0.0002	0.0003	0.0001	0.0004	0.0004	0.0001	0.0000	0.0000	0.0001
81	87	0.5840	7	1	2	1	0	0	0	0	0	N	Y	N	N	N	N	N	N	N	N	N	N	0.0217	0.0168	0.6660	0.0315	0.0281	0.3769	0.0313	0.0150	0.8070	0.0000	0.0000	0.0000	0.0001	0.0001	0.0000	0.0000	0.0000	0.0000	0.0014	0.0020	0.0000	0.0022	0.0026	0.0000	0.0002	0.0004	0.0000	0.0281	0.0021	-0.0000	-0.0002	2.0162	12.2869	4.5500	21.7146	0.0000	0.0000	0.0000	0.0000	0.0000	0.0000	0.0000	0.0000	0.0000	0.0004	0.0004	0.0000	0.0003	0.0003	0.0000	0.0000	0.0000	0.0000	0.1660	0.1448	0.0212	0.0630	0.0589	0.0040	0.1030	0.0858	0.0172	0.2645	0.1837	0.0807	0.1566	0.1316	0.0250	0.1079	0.0522	0.0557	0.0217	0.0168	0.6660	0.0315	0.0281	0.3769	0.0313	0.0150	0.8070	0.0014	0.0020	0.0000	0.0022	0.0026	0.0000	0.0002	0.0004	0.0000
81	88	0.6806	10	0	2	1	0	0	0	0	0	N	Y	N	N	N	N	N	N	N	N	N	N	78.5324	0.0000	228.4496	1.8003	0.0000	7.0489	210.2737	624.5724	0.0568	0.0000	0.4506	0.0016	0.0000	0.0229	0.0960	0.0000	0.5741	0.0007	0.0001	0.0020	0.0009	0.0002	0.0033	0.0005	0.0000	0.0009	inf	6.2277	0.0020	0.0000	2.0162	4.0005	4.5500	9.0093	0.0035	0.0000	0.0035	0.0000	0.0000	0.0000	0.0035	0.0000	0.0035	0.0001	0.0000	0.0001	0.0001	0.0000	0.0001	0.0000	0.0000	0.0000	0.0623	0.0545	0.0079	0.0259	0.0241	0.0018	0.0365	0.0304	0.0061	0.1374	0.0940	0.0434	0.0894	0.0698	0.0196	0.0479	0.0241	0.0238	78.5324	0.0000	228.4496	1.8003	0.0000	7.0489	210.2737	0.0000	624.5724	0.0007	0.0001	0.0020	0.0009	0.0002	0.0033	0.0005	0.0000	0.0009	
81	89	0.6580	9	0	2	1	0	0	0	0	0	N	Y	N	N	N	N	N	N	N	N	N	N	0.0338	0.0388	0.0777	0.0009	0.0007	0.0030	0.0649	30.1815	0.1426	0.0001	0.0000	0.0005	0.0000	0.0000	0.0000	0.0002	0.0000	0.0007	0.0027	0.0007	0.0070	0.0028	0.0009	0.0090	0.0024	0.0000	0.0049	3.1122	5.0592	0.0000	0.0001	2.0162	1.0051	4.5500	9.2650	0.0000	0.0000	0.0000	0.0000	0.0000	0.0000	0.0000	0.0000	0.0000	0.0003	0.0000	0.0002	0.0002	0.0000	0.0002	0.0001	0.0000	0.0001	0.0159	0.0139	0.0020	0.0067	0.0062	0.0005	0.0093	0.0077	0.0016	0.1042	0.0709	0.0333	0.0715	0.0542	0.0173	0.0327	0.0168	0.0159	0.0338	0.0388	0.0777	0.0009	0.0007	0.0030	0.0649	30.1815	0.1426	0.0027	0.0007	0.0070	0.0028	0.0009	0.0090	0.0024	0.0000	0.0049
81	90	0.7064	9	0	1	2	0	0	0	0	0	N	N	Y	N	N	N	N	N	N	N	N	N	0.0000	0.0000	0.0000	0.0000	0.0000	0.0000	0.0000	0.0000	0.0000	0.0000	0.0000	0.0000	0.0000	0.0000	0.0000	0.0000	0.0000	0.0000	0.0294	0.0403	0.0017	0.0056	0.0059	0.0038	0.0675	0.1367	0.0009	0.0171	0.0000	-0.0012	2.0162	2.3559	4.5500	7.1930	0.0000	0.0000	0.0000	0.0000	0.0000	0.0000	0.0000	0.0000	0.0000	0.0027	0.0027	0.0000	0.0003	0.0003	0.0000	0.0024	0.0024	0.0000	0.0399	0.0353	0.0046	0.0175	0.0165	0.0010	0.0224	0.0188	0.0036	0.0921	0.0661	0.0260	0.0567	0.0487	0.0080	0.0354	0.0174	0.0181	0.0000	0.0000	0.0000	0.0000	0.0000	0.0000	0.0000	0.0000	0.0000	0.0294	0.0403	0.0017	0.0056	0.0059	0.0038	0.0675	0.1367	0.0009	
81	91	0.6736	8	0	1	1	0	0	0	0	0	N	N	N	N	N	N	N	N	N	N	N	N	0.0013	0.0000	54.8143	0.0171	0.0012	13.7417	0.0008	0.0000	77.2199	0.0041	0.0000	0.0384	0.0008	0.0001	0.0141	0.0067	0.0000	0.0454	3.0563	4.3777	0.0007	0.0475	0.0542	0.0010	7.8639	18.8373	0.0006	148.3146	0.0001	0.0002	-0.4026	2.0162	4.9284	4.5500	11.0439	0.0004	0.0000	0.0004	0.0000	0.0000	0.0000	0.0003	0.0000	0.0003	0.8785	0.8784	0.0001	0.0084	0.0084	0.0000	0.8701	0.8701	0.0000	0.0914	0.0818	0.0096	0.0406	0.0384	0.0022	0.0508	0.0433	0.0075	0.2874	0.2007	0.0868	0.1768	0.1545	0.0223	0.1106	0.0462	0.0645	0.0013	0.0000	54.8143	0.0171	0.0012	13.7417	0.0008	0.0000	77.2199	3.0563	4.3777	0.0007	0.0475	0.0542	0.0010	7.8639	18.8373	0.0006
81	92	0.5840	7	0	1	1	0	0	0	0	0	N	N	N	N	N	N	N	N	N	N	N	N	0.0149	0.0120	0.0136	8.1741	8.2594	0.0023	0.0001	0.0000	0.0119	0.0068	0.0078	0.0002	0.0178	0.0191	0.0000	0.0001	0.0000	0.0003	0.4588	0.6528	0.0173	0.0022	0.0023	0.0015	1.1220	2.2955	0.0244	0.0045	0.0117	-0.0002	-0.0531	2.0162	3.9161	4.5500	29.2065	0.0004	0.0004	0.0000	0.0004	0.0004	0.0000	0.0000	0.0000	0.0000	0.1188	0.1174	0.0014	0.0003	0.0003	0.0000	0.1184	0.1171	0.0013	0.0546	0.0475	0.0071	0.0208	0.0194	0.0014	0.0338	0.0281	0.0057	0.2588	0.1798	0.0790	0.1533	0.1288	0.0245	0.1056	0.0510	0.0545	0.0149	0.0120	0.0136	8.1741	8.2594	0.0023	0.0001	0.0000	0.0119	0.4588	0.6528	0.0173	0.0022	0.0023	0.0015	1.1220	2.2955	0.0244
81	95	0.6580	9	1	2	1	0	0	0	0	0	N	Y	N	N	N	N	N	N	N	N	N	N	0.0101	0.0048	35.2250	16.7392	0.6647	98.8032	0.0044	0.0027	0.4673	0.0426	0.0329	0.1101	0.0339	0.0008	0.4909	0.0487	0.0583	0.0008	4.1997	6.8145	0.0031	0.0020	0.0013	0.0050	10.9634	21.6575	0.0018	0.4788	0.0002	-0.0006	-0.4537	2.0162	8.0000	4.5500	22.5660	0.0052	0.0035	0.0017	0.0017	0.0000	0.0017	0.0035	0.0035	0.0000	0.9903	0.9901	0.0002	0.0003	0.0002	0.0002	0.9900	0.9899	0.0001	0.1225	0.1072	0.0154	0.0507	0.0473	0.0034	0.0718	0.0599	0.0119	0.2483	0.1715	0.0768	0.1580	0.1258	0.0322	0.0903	0.0457	0.0446	0.0107	0.0057	35.2250	16.7392	0.6647	98.8032	0.0044	0.0027	0.4673	3.9887	5.7734	0.0031	0.0020	0.0013	0.0050	10.9634	21.6575	0.0018
81	96	0.5840	7	0	1	1	0	0	0	0	0	N	N	N	N	N	N	N	N	N	N	N	N	0.0000	0.0000	0.0000	0.0000	0.0000	0.0000	0.0000	0.0000	0.0000	0.0000	0.0000	0.0000	0.0000	0.0000	0.0000	0.0000	0.0000	4.3813	7.0932	0.0004	0.0013	0.0013	0.0013	10.0036	20.7134	0.0000	0.0000	0.0000	-0.4558	2.0162	11.9964	4.5500	18.8414	0.0000	0.0000	0.0000	0.0000	0.0000	0.0000	0.0000	0.0000	0.0000	0.9944	0.9944	0.0000	0.0002	0.0002	0.0000	0.9942	0.9942	0.0000	0.1622	0.1415	0.0208	0.0616	0.0576	0.0040	0.1007	0.0839	0.0168	0.2440	0.1696	0.0744	0.1446	0.1216	0.0230	0.0994	0.0480	0.0514	0.0000	0.0000	0.0000	0.0000	0.0000	0.0000	0.0000	0.0000	0.0000	4.0755	5.8640	0.0004	0.0013	0.0013	0.0013	10.0036	20.7134	0.0000		
81	98	0.6885	11	1	2	2	0	0	0	0	0	N	Y	Y	N	N	N	N	N	N	N	N	N	0.0003	0.0000	0.0006	0.0000	0.0000	0.0000	0.0002	0.0005	0.0000	0.0000	0.0000	0.0000	0.0000	0.0000	0.0000	0.0000	0.0000	0.0024	0.0001	0.0081	0.0003	0.0001	0.0010	0.0063	0.0000	0.0134	inf	66.8524	0.0000	0.0002	2.0162	0.9502	4.5500	16.1595	0.0000	0.0000	0.0000	0.0000	0.0000	0.0000	0.0000	0.0000	0.0000	0.0004	0.0000	0.0004	0.0000	0.0000	0.0000	0.0004	0.0000	0.0004	0.0152	0.0133	0.0019	0.0064	0.0059	0.0004	0.0089	0.0074	0.0015	0.1580	0.1114	0.0466	0.1011	0.0811	0.0200	0.0569	0.0303	0.0266	0.0003	0.0000	0.0006	0.0000	0.0000	0.0000	0.0002	0.0000	0.0005	0.0024	0.0001	0.0081	0.0003	0.0001	0.0010	0.0063	0.0000	0.0134	
81	99	0.5840	7	0	2	1	0	0	0	0	0	N	Y	N	N	N	N	N	N	N	N	N	N	16.6521	0.3912	100.0005	0.5381	0.6895	0.0000	82.5486	256.0237	0.0171	0.0004	0.1316	0.0008	0.0009	0.0000	0.0271	0.0000	0.1625	0.0010	0.0009	0.0013	0.0015	0.0013	0.0028	0.0003	0.0000	0.0006	54.6000	0.6382	0.0015	-0.0000	2.0162	11.9964	4.5500	15.6499	0.0028	0.0001	0.0027	0.0001	0.0001	0.0000	0.0027	0.0000	0.0027	0.0002	0.0001	0.0001	0.0002	0.0001	0.0001	0.0000	0.0000	0.0000	0.1622	0.1415	0.0208	0.0616	0.0576	0.0040	0.1007	0.0839	0.0168	0.2229	0.1550	0.0679	0.1322	0.1112	0.0210	0.0907	0.0437	0.0469	16.6521	0.3912	100.0005	0.5381	0.6895	0.0000	82.5486	0.0000	256.0237	0.0010	0.0009	0.0013	0.0015	0.0013	0.0028	0.0003	0.0000	0.0006	
81	100	0.6915	12	1	1	2	0	0	0	0	0	N	N	Y	N	N	N	N	N	N	N	N	N	0.0000	0.0000	0.0000	0.0000	0.0000	0.0000	0.0000	0.0000	0.0000	0.0000	0.0000	0.0000	0.0000	0.0000	0.0000	0.0000	0.0000	0.0000	0.0008	0.0002	0.0021	0.0006	0.0003	0.0017	0.0011	0.0000	0.0024	4.1654	0.0000	0.0000	2.0162	1.0008	4.5500	13.9255	0.0000	0.0000	0.0000	0.0000	0.0000	0.0000	0.0000	0.0000	0.0000	0.0001	0.0000	0.0001	0.0001	0.0000	0.0000	0.0001	0.0000	0.0001	0.0160	0.0140	0.0020	0.0067	0.0062	0.0004	0.0093	0.0078	0.0016	0.1366	0.0958	0.0407	0.0879	0.0704	0.0174	0.0487	0.0254	0.0233	0.0000	0.0000	0.0000	0.0000	0.0000	0.0000	0.0000	0.0000	0.0000	0.0008	0.0002	0.0021	0.0006	0.0003	0.0017	0.0011	0.0000	0.0024	
81	101	0.6885	11	1	1	2	0	0	0	0	0	N	N	Y	N	N	N	N	N	N	N	N	N	0.0209	0.0000	0.1131	0.0000	0.0000	0.0000	0.0315	0.0000	0.0810	0.0000	0.0000	0.0001	0.0000	0.0000	0.0000	0.0000	0.0000	0.0001	0.0005	0.0004	0.0008	0.0005	0.0005	0.0002	0.0006	0.0000	0.0013	inf	0.6391	0.0000	-0.0000	2.0162	0.0532	4.5500	2.0467	0.0000	0.0000	0.0000	0.0000	0.0000	0.0000	0.0000	0.0000	0.0000	0.0000	0.0000	0.0000	0.0000	0.0000	0.0000	0.0000	0.0000	0.0000	0.0009	0.0008	0.0001	0.0004	0.0003	0.0000	0.0005	0.0004	0.0001	0.0424	0.0312	0.0113	0.0298	0.0238	0.0060	0.0126	0.0073	0.0053	0.0209	0.0000	0.1131	0.0000	0.0000	0.0000	0.0315	0.0000	0.0810	0.0005	0.0004	0.0008	0.0005	0.0005	0.0002	0.0006	0.0000	0.0013
81	102	0.6788	10	1	1	2	0	0	0	0	0	N	N	Y	N	N	N	N	N	N	N	N	N	0.0577	0.0027	0.6293	0.0042	0.0041	0.0000	0.3648	3.1587	0.9508	0.0003	0.0000	0.0024	0.0000	0.0000	0.0000	0.0005	0.0000	0.0031	0.0054	0.0060	0.0038	0.0073	0.0080	0.0044	0.0014	0.0000	0.0033	21.0511	0.2429	0.0000	-0.0001	2.0162	2.0948	4.5500	3.0326	0.0000	0.0000	0.0000	0.0000	0.0000	0.0000	0.0000	0.0000	0.0000	0.0004	0.0003	0.0001	0.0003	0.0003	0.0000	0.0000	0.0000	0.0000	0.0333	0.0292	0.0041	0.0141	0.0132	0.0009	0.0192	0.0160	0.0032	0.0673	0.0487	0.0186	0.0458	0.0366	0.0092	0.0215	0.0121	0.0094	0.0577	0.0027	0.6293	0.0042	0.0041	0.0000	0.3648	3.1587	0.9508	0.0054	0.0060	0.0038	0.0073	0.0080	0.0044	0.0014	0.0000	0.0033
81	103	0.6580	9	1	1	2	0	0	0	0	0	N	N	Y	N	N	N	N	N	N	N	N	N	0.1148	0.0891	0.0513	0.1909	0.1537	0.0000	18.0551	2208.4408	0.1507	0.0275	0.0314	0.0000	0.0657	0.0704	0.0000	0.0003	0.0003	0.0000	0.2393	0.3525	0.0001	0.3439	0.4582	0.0001	0.0000	0.0000	0.0000	0.0000	0.0001	-0.0007	-0.0102	2.0162	3.9484	4.5500	4.8420	0.0017	0.0017	0.0000	0.0017	0.0017	0.0000	0.0000	0.0000	0.0000	0.0222	0.0222	0.0000	0.0222	0.0222	0.0000	0.0000	0.0000	0.0000	0.0615	0.0538	0.0077	0.0256	0.0238	0.0017	0.0360	0.0300	0.0060	0.0929	0.0631	0.0298	0.0646	0.0485	0.0161	0.0283	0.0146	0.0137	0.1148	0.0891	0.0513	0.1909	0.1537	0.0000	18.0551	2208.4408	0.1507	0.2393	0.3525	0.0001	0.3439	0.4582	0.0001	0.0000	0.0000	0.0000
81	104	0.6164	8	0	2	1	0	0	0	0	0	N	Y	N	N	N	N	N	N	N	N	N	N	0.0133	0.0000	0.0204	0.0161	0.0000	0.4821	0.0109	0.0000	0.0196	0.0415	0.0000	0.3652	0.0004	0.0000	0.0058	0.0775	0.0000	0.5023	3.1286	0.0184	17.9394	0.0243	0.0263	0.0121	7.1169	0.0002	25.6566	233340.4811	244.3604	0.0038	0.5244	2.0162	8.9557	4.5500	32.3127	0.0068	0.0000	0.0068	0.0000	0.0000	0.0000	0.0068	0.0000	0.0068	0.9755	0.0040	0.9716	0.0043	0.0040	0.0003	0.9713	0.0000	0.9713	0.1637	0.1451	0.0186	0.0766	0.0714	0.0051	0.0872	0.0737	0.0135	0.3118	0.2160	0.0958	0.1753	0.1508	0.0245	0.1365	0.0652	0.0713	0.0133	0.0000	0.0360	0.0161	0.0000	0.4821	0.0109	0.0000	0.0369	3.1286	0.0184	10.1382	0.0243	0.0263	0.0121	7.1169	0.0002	13.6215
81	105	0.6418	9	0	1	2	0	0	0	0	0	N	N	Y	N	N	N	N	N	N	N	N	N	16784.6069	0.0000	128481.3026	0.0000	0.0000	0.0000	65002.9080	0.0000	301065073.1099	12.7009	0.0000	103.6159	0.0000	0.0000	0.0000	25.1612	0.0000	150.1472	0.0008	0.0007	0.0008	0.0010	0.0007	0.0033	0.0004	0.0008	0.0000	inf	0.5005	0.5566	-0.0000	2.0162	4.2679	4.5500	7.8415	0.9960	0.0000	0.9960	0.0000	0.0000	0.0000	0.9960	0.0000	0.9960	0.0001	0.0001	0.0000	0.0001	0.0000	0.0000	0.0000	0.0000	0.0000	0.0784	0.0688	0.0096	0.0388	0.0359	0.0030	0.0396	0.0330	0.0066	0.1190	0.0817	0.0372	0.0673	0.0581	0.0092	0.0517	0.0236	0.0281	16784.6069	0.0000	128481.3026	0.0000	0.0000	0.0000	65002.9080	0.0000	301065073.1099	0.0008	0.0007	0.0008	0.0010	0.0007	0.0033	0.0004	0.0008	0.0000
81	106	0.6164	8	0	1	1	0	0	0	0	0	N	N	N	N	N	N	N	N	N	N	N	N	772.5820	604.7453	3.0695	806.4646	750.8120	0.0145	2.3415	0.0000	10.0270	16.5595	18.1961	0.0033	29.4356	31.4302	0.0000	0.0007	0.0000	0.0054	0.0214	0.0301	0.0011	0.0365	0.0419	0.0025	0.0003	0.0000	0.0005	0.0000	0.0151	-0.4363	-0.0010	2.0162	1.9301	4.5500	9.0954	0.9892	0.9892	0.0000	0.9892	0.9892	0.0000	0.0000	0.0000	0.0000	0.0023	0.0023	0.0000	0.0023	0.0023	0.0000	0.0000	0.0000	0.0000	0.0597	0.0544	0.0054	0.0336	0.0315	0.0021	0.0261	0.0229	0.0032	0.1094	0.0768	0.0326	0.0639	0.0552	0.0087	0.0455	0.0216	0.0239	772.5820	604.7453	3.0695	806.4646	750.8120	0.0145	2.3415	0.0000	10.0270	0.0214	0.0301	0.0011	0.0365	0.0419	0.0025	0.0003	0.0000	0.0005
81	107	0.5840	7	0	1	1	0	0	0	0	0	N	N	N	N	N	N	N	N	N	N	N	N	6.3896	103.0399	0.0000	318.0161	966.8999	0.0000	0.0000	0.0003	0.0000	0.1248	0.1433	0.0000	0.3282	0.3510	0.0000	0.0000	0.0000	0.0000	0.0195	0.0014	0.0615	0.0010	0.0004	0.0048	0.0464	0.0040	0.0856	0.0000	19.1026	-0.0030	0.0012	2.0162	3.9049	4.5500	9.6098	0.0068	0.0068	0.0000	0.0068	0.0068	0.0000	0.0000	0.0000	0.0000	0.0024	0.0001	0.0023	0.0001	0.0000	0.0001	0.0023	0.0001	0.0022	0.0544	0.0474	0.0070	0.0207	0.0193	0.0013	0.0337	0.0280	0.0057	0.1235	0.0863	0.0373	0.0731	0.0620	0.0111	0.0504	0.0242	0.0262	6.3896	103.0399	0.0000	318.0161	966.8999	0.0000	0.0000	0.0003	0.0000	0.0195	0.0014	0.0615	0.0010	0.0004	0.0048	0.0464	0.0040	0.0856
81	108	0.6052	9	0	2	1	0	0	0	0	0	N	Y	N	N	N	N	N	N	N	N	N	N	0.2264	0.7279	0.0000	0.3791	1.1093	0.0000	0.0000	0.0000	0.0000	0.0001	0.0001	0.0000	0.0002	0.0002	0.0000	0.0000	0.0000	0.0000	0.0004	0.0001	0.0009	0.0006	0.0002	0.0026	0.0002	0.0000	0.0003	0.0000	3.0991	-0.0000	0.0000	2.0162	8.0392	4.5500	22.6195	0.0000	0.0000	0.0000	0.0000	0.0000	0.0000	0.0000	0.0000	0.0000	0.0001	0.0000	0.0001	0.0001	0.0000	0.0001	0.0000	0.0000	0.0000	0.1182	0.1033	0.0149	0.0476	0.0445	0.0032	0.0706	0.0588	0.0118	0.2543	0.1742	0.0800	0.1342	0.1143	0.0200	0.1200	0.0600	0.0601	0.2264	0.7279	0.0000	0.3791	1.1093	0.0000	0.0000	0.0000	0.0000	0.0004	0.0001	0.0009	0.0006	0.0002	0.0026	0.0002	0.0000	0.0003
81	109	0.6052	8	0	1	1	0	0	0	0	0	N	N	N	N	N	N	N	N	N	N	N	N	0.2523	0.4379	0.0000	0.2116	0.3231	0.0000	0.4496	67.1051	0.0000	0.0001	0.0001	0.0000	0.0001	0.0001	0.0000	0.0000	0.0001	0.0000	0.0002	0.0001	0.0005	0.0003	0.0002	0.0015	0.0001	0.0000	0.0003	0.0006	0.9874	-0.0000	0.0000	2.0162	0.2031	4.5500	2.0398	0.0000	0.0000	0.0000	0.0000	0.0000	0.0000	0.0000	0.0000	0.0000	0.0000	0.0000	0.0000	0.0000	0.0000	0.0000	0.0000	0.0000	0.0000	0.0031	0.0027	0.0004	0.0012	0.0012	0.0001	0.0018	0.0015	0.0003	0.0513	0.0391	0.0122	0.0268	0.0247	0.0021	0.0245	0.0144	0.0101	0.2523	0.4379	0.0000	0.2116	0.3231	0.0000	0.4496	67.1051	0.0000	0.0002	0.0001	0.0005	0.0003	0.0002	0.0015	0.0001	0.0000	0.0003
81	110	0.1771	4	1	1	2	0	0	0	0	0	N	N	Y	N	N	N	N	N	N	N	N	N	0.0000	0.0000	0.0000	0.0000	0.0000	0.0000	0.0000	0.0000	0.0000	0.0000	0.0000	0.0000	0.0000	0.0002	0.0002	0.0000	0.0005	0.0005	0.0000	0.0000	0.0000	0.0000	0.0000	0.0000	-0.0000	2.0162	0.0001	4.5500	0.0001	0.0000	0.0000	0.0000	0.0000	0.0000	0.0000	0.0000	0.0000	0.0000	0.0000	0.0000	0.0000	0.0000	0.0000	0.0000	0.0000	0.0000	0.0000	0.0000	0.0000	0.0000	0.0000	0.0000	0.0000	0.0000	0.0000	0.0000	0.0000	0.0000	0.0000	0.0000	0.0000	0.0000	0.0000	0.0000	0.0000	0.0000	0.0000	0.0000	0.0000	0.0000	0.0000	0.0000	0.0000	0.0000	0.0002	0.0002	0.0000	0.0005	0.0005	0.0000	0.0000	0.0000	0.0000						
81	111	0.1633	3	1	1	2	0	0	0	0	0	N	N	Y	N	N	N	N	N	N	N	N	N	0.0004	0.0074	0.0000	0.0023	0.0045	0.0000	0.0000	0.0000	0.0000	0.0000	0.0000	0.0000	0.0000	0.0000	0.0000	0.0000	0.0000	0.0000	0.0119	0.0008	0.0304	0.0042	0.0026	0.0932	0.0138	0.0000	0.0298	0.0000	22.8786	-0.0000	0.0005	2.0162	1.6718	4.5500	2.9223	0.0000	0.0000	0.0000	0.0000	0.0000	0.0000	0.0000	0.0000	0.0000	0.0010	0.0000	0.0010	0.0001	0.0000	0.0000	0.0009	0.0000	0.0009	0.0880	0.0699	0.0182	0.0431	0.0360	0.0070	0.0450	0.0339	0.0111	0.0849	0.0531	0.0319	0.0169	0.0166	0.0003	0.0680	0.0364	0.0316	0.0004	0.0074	0.0000	0.0023	0.0045	0.0000	0.0000	0.0000	0.0000	0.0119	0.0008	0.0304	0.0042	0.0026	0.0932	0.0138	0.0000	0.0298
81	112	0.0797	2	1	1	2	0	0	0	0	0	N	N	Y	N	N	N	N	N	N	N	N	N	0.0088	0.4759	0.0001	0.6765	0.6372	0.1214	0.0000	0.1244	0.0001	0.0115	0.0147	0.0002	0.0347	0.0357	0.0007	0.0001	0.0000	0.0002	1.3153	0.0309	3.3917	0.0512	0.0561	0.0056	2.0760	0.0001	3.7437	0.0043	67.9068	-0.0028	0.4966	2.0162	14.0283	4.5500	7.1084	0.0064	0.0063	0.0000	0.0063	0.0063	0.0000	0.0000	0.0000	0.0000	0.9421	0.0137	0.9284	0.0138	0.0136	0.0001	0.9283	0.0000	0.9283	0.5517	0.4311	0.1206	0.1828	0.1772	0.0056	0.3689	0.2538	0.1150	0.7163	0.4425	0.2737	0.2691	0.2433	0.0258	0.4472	0.1992	0.2480	0.0088	0.4759	0.0001	0.6765	0.6372	0.1214	0.0000	0.1244	0.0001	1.3153	0.0309	3.3917	0.0512	0.0561	0.0056	2.0760	0.0001	3.7437
81	115	0.6642	9	1	1	2	0	0	0	0	0	N	N	Y	N	N	N	N	N	N	N	N	N	0.0000	0.0000	0.0000	0.0000	0.0000	0.0000	0.0000	0.0000	0.0000	0.0000	0.0000	0.0000	0.0000	0.0000	0.0000	0.0000	0.0000	0.0234	0.0000	0.0710	0.0000	0.0000	0.0000	0.0650	0.0000	0.1259	452021.8333	0.0000	0.0006	2.0162	1.0009	4.5500	4.0038	0.0000	0.0000	0.0000	0.0000	0.0000	0.0000	0.0000	0.0000	0.0000	0.0011	0.0000	0.0011	0.0000	0.0000	0.0000	0.0011	0.0000	0.0011	0.0156	0.0136	0.0020	0.0060	0.0056	0.0004	0.0095	0.0079	0.0016	0.0464	0.0312	0.0153	0.0297	0.0231	0.0067	0.0167	0.0081	0.0086	0.0000	0.0000	0.0000	0.0000	0.0000	0.0000	0.0000	0.0000	0.0000	0.0234	0.0000	0.0710	0.0000	0.0000	0.0000	0.0650	0.0000	0.1259		
81	116	0.6359	8	1	1	2	0	0	0	0	0	N	N	Y	N	N	N	N	N	N	N	N	N	0.0000	0.0126	0.0000	0.0005	0.0090	0.0000	0.0000	0.0134	0.0000	0.0000	0.0000	0.0000	0.0000	0.0000	0.0000	0.0000	0.0000	0.0000	11.6209	0.0003	62.8697	0.0042	0.0003	0.0233	20.4367	0.0004	87.0880	0.0000	41687.2804	-0.0000	0.5131	2.0162	1.8441	4.5500	10.4794	0.0000	0.0000	0.0000	0.0000	0.0000	0.0000	0.0000	0.0000	0.0000	0.9474	0.0000	0.9474	0.0003	0.0000	0.0003	0.9472	0.0000	0.9471	0.0399	0.0350	0.0049	0.0178	0.0169	0.0010	0.0221	0.0181	0.0040	0.1150	0.0799	0.0352	0.0681	0.0564	0.0117	0.0469	0.0235	0.0234	0.0000	0.0126	0.0000	0.0005	0.0090	0.0000	0.0000	0.0134	0.0000	8.2373	0.0003	26.9420	0.0042	0.0003	0.0233	20.1904	0.0004	40.4098
81	117	0.3479	6	0	2	1	1	0	0	0	0	N	Y	N	N	N	N	N	N	N	N	N	N	0.0040	0.0000	190.1379	0.8698	0.0054	289.6874	0.0000	0.0000	6.1104	0.0078	0.0001	0.0707	0.0203	0.0001	0.4752	0.0001	0.0000	0.0008	1.9595	2.7981	0.0004	0.0234	0.0261	0.0016	3.4626	6.2476	0.0001	150.0970	0.0001	0.0009	-0.4410	2.0162	10.5071	4.5500	20.2622	0.0017	0.0000	0.0017	0.0017	0.0000	0.0016	0.0000	0.0000	0.0000	0.9622	0.9622	0.0001	0.0050	0.0050	0.0000	0.9572	0.9572	0.0000	0.2132	0.1897	0.0235	0.0814	0.0779	0.0035	0.1318	0.1118	0.0200	0.4911	0.3439	0.1472	0.2146	0.1907	0.0240	0.2764	0.1532	0.1232	0.0040	0.0000	190.1379	0.8698	0.0054	289.6874	0.0000	0.0000	6.1104	1.9595	2.7981	0.0004	0.0234	0.0261	0.0016	3.4626	6.2476	0.0001
81	118	0.5840	7	0	2	1	1	0	0	0	0	N	Y	N	N	N	N	N	N	N	N	N	N	0.0000	0.0000	0.0000	0.0000	0.0000	0.0000	0.0000	0.0000	0.0000	0.0000	0.0000	0.0000	0.0000	0.0000	0.0000	0.0000	0.0000	0.0019	0.0021	0.0012	0.0029	0.0030	0.0026	0.0003	0.0000	0.0006	0.2482	0.0000	-0.0001	2.0162	4.0036	4.5500	26.5072	0.0000	0.0000	0.0000	0.0000	0.0000	0.0000	0.0000	0.0000	0.0000	0.0004	0.0004	0.0001	0.0004	0.0004	0.0001	0.0000	0.0000	0.0000	0.0557	0.0485	0.0072	0.0212	0.0198	0.0014	0.0345	0.0287	0.0058	0.2414	0.1678	0.0736	0.1431	0.1203	0.0228	0.0983	0.0475	0.0508	0.0000	0.0000	0.0000	0.0000	0.0000	0.0000	0.0000	0.0000	0.0000	0.0019	0.0021	0.0012	0.0029	0.0030	0.0026	0.0003	0.0000	0.0006		
81	119	0.6225	8	0	2	1	0	0	0	0	0	N	Y	N	N	N	N	N	N	N	N	N	N	0.0000	0.7516	0.0000	0.1852	6.7000	0.0000	0.0000	0.0005	0.0000	0.0001	0.0002	0.0000	0.0003	0.0003	0.0000	0.0000	0.0000	0.0000	4.5051	0.0002	32.0941	0.0015	0.0000	0.0089	12.0667	0.0008	46.6522	0.0000	27130.6543	-0.0000	0.5185	2.0162	3.8169	4.5500	21.2433	0.0000	0.0000	0.0000	0.0000	0.0000	0.0000	0.0000	0.0000	0.0000	0.9574	0.0000	0.9574	0.0002	0.0000	0.0002	0.9572	0.0000	0.9572	0.0866	0.0778	0.0087	0.0459	0.0439	0.0019	0.0407	0.0339	0.0068	0.2321	0.1665	0.0655	0.1527	0.1283	0.0244	0.0793	0.0382	0.0411	0.0000	0.7516	0.0000	0.1852	6.7000	0.0000	0.0000	0.0005	0.0000	4.1259	0.0002	14.6111	0.0015	0.0000	0.0089	12.0667	0.0008	23.2820
81	120	0.4013	8	0	2	1	0	0	0	0	0	N	Y	N	N	N	N	N	N	N	N	N	N	3619.9977	4682.2910	0.0517	3876.7364	5886.9842	0.0481	0.0172	0.0397	0.0022	3.4612	3.9528	0.0001	9.0735	9.4480	0.0005	0.0000	0.0000	0.0000	0.0010	0.0008	0.0012	0.0023	0.0016	0.0104	0.0001	0.0001	0.0002	0.0000	0.6830	-0.4403	-0.0000	2.0162	16.3276	4.5500	34.9199	0.9982	0.9982	0.0000	0.9982	0.9982	0.0000	0.0000	0.0000	0.0000	0.0005	0.0003	0.0002	0.0004	0.0003	0.0002	0.0000	0.0000	0.0000	0.2884	0.2525	0.0359	0.1100	0.1057	0.0044	0.1784	0.1469	0.0315	0.5173	0.3481	0.1692	0.1911	0.1752	0.0159	0.3261	0.1729	0.1532	3619.9977	4682.2910	0.0517	3876.7364	5886.9842	0.0481	0.0172	0.0397	0.0022	0.0010	0.0008	0.0012	0.0023	0.0016	0.0104	0.0001	0.0001	0.0002
81	121	0.3840	7	0	2	1	0	0	0	0	0	N	Y	N	N	N	N	N	N	N	N	N	N	11.2764	14.6300	0.0655	12.2540	13.4874	0.1561	0.1930	0.7508	0.0650	0.0152	0.0213	0.0001	0.0350	0.0358	0.0009	0.0001	0.0001	0.0000	0.0013	0.0015	0.0011	0.0029	0.0027	0.0056	0.0004	0.0001	0.0007	0.0014	0.3392	-0.0014	-0.0001	2.0162	6.1757	4.5500	14.5601	0.0032	0.0032	0.0000	0.0032	0.0032	0.0000	0.0000	0.0000	0.0000	0.0004	0.0003	0.0001	0.0003	0.0003	0.0000	0.0001	0.0000	0.0001	0.2086	0.1482	0.0604	0.0900	0.0880	0.0021	0.1186	0.0602	0.0584	0.2786	0.1920	0.0866	0.1080	0.1005	0.0075	0.1706	0.0915	0.0791	11.2764	14.6300	0.0655	12.2540	13.4874	0.1561	0.1930	0.7508	0.0650	0.0013	0.0015	0.0011	0.0029	0.0027	0.0056	0.0004	0.0001	0.0007
81	122	0.3309	6	0	1	1	0	0	0	0	0	N	N	N	N	N	N	N	N	N	N	N	N	0.1097	0.0864	0.1723	0.0925	0.0900	0.2570	0.1327	0.4796	0.0392	0.0001	0.0002	0.0000	0.0003	0.0003	0.0001	0.0000	0.0000	0.0000	0.0012	0.0018	0.0001	0.0035	0.0037	0.0005	0.0000	0.0000	0.0001	0.0191	0.0285	-0.0000	-0.0002	2.0162	7.5400	4.5500	21.4192	0.0000	0.0000	0.0000	0.0000	0.0000	0.0000	0.0000	0.0000	0.0000	0.0004	0.0004	0.0000	0.0004	0.0004	0.0000	0.0000	0.0000	0.0000	0.1596	0.1370	0.0226	0.0644	0.0616	0.0028	0.0952	0.0754	0.0198	0.3547	0.2375	0.1172	0.1209	0.1134	0.0075	0.2338	0.1241	0.1097	0.1097	0.0864	0.1723	0.0925	0.0900	0.2570	0.1327	0.4796	0.0392	0.0012	0.0018	0.0001	0.0035	0.0037	0.0005	0.0000	0.0000	0.0001
81	123	0.6580	9	0	2	1	0	0	0	0	0	N	Y	N	N	N	N	N	N	N	N	N	N	0.0000	0.0000	0.0000	0.0000	0.0000	0.0000	0.0000	0.0000	0.0000	0.0000	0.0000	0.0000	0.0000	0.0000	0.0000	0.0001	0.0000	0.0005	0.0002	0.0000	0.0011	0.0000	0.0000	0.0000	15000.0000	0.0000	0.0000	2.0162	4.0019	4.5500	19.5615	0.0000	0.0000	0.0000	0.0000	0.0000	0.0000	0.0000	0.0000	0.0000	0.0000	0.0000	0.0000	0.0000	0.0000	0.0000	0.0000	0.0000	0.0000	0.0624	0.0545	0.0079	0.0259	0.0242	0.0018	0.0364	0.0304	0.0061	0.2008	0.1384	0.0625	0.1297	0.1023	0.0274	0.0711	0.0361	0.0351	0.0000	0.0000	0.0000	0.0000	0.0000	0.0000	0.0000	0.0000	0.0000	0.0001	0.0000	0.0005	0.0002	0.0000	0.0011	0.0000	0.0000	0.0000				
81	124	0.6359	8	0	1	1	0	0	0	0	0	N	N	N	N	N	N	N	N	N	N	N	N	0.0000	0.0000	0.0000	0.0000	0.0000	0.0000	0.0028	0.0125	0.0000	0.0000	0.0000	0.0000	0.0000	0.0000	0.0000	0.0000	0.0000	0.0000	0.1258	0.1808	0.0000	0.2117	0.2556	0.0000	0.0000	0.0000	0.0000	0.0000	0.0001	-0.0000	-0.0054	2.0162	1.2223	4.5500	8.2281	0.0000	0.0000	0.0000	0.0000	0.0000	0.0000	0.0000	0.0000	0.0000	0.0117	0.0117	0.0000	0.0117	0.0117	0.0000	0.0000	0.0000	0.0000	0.0303	0.0266	0.0037	0.0139	0.0133	0.0007	0.0164	0.0134	0.0030	0.0928	0.0646	0.0283	0.0551	0.0457	0.0095	0.0377	0.0189	0.0188	0.0000	0.0000	0.0000	0.0000	0.0000	0.0000	0.0028	0.0125	0.0000	0.1258	0.1808	0.0000	0.2117	0.2556	0.0000	0.0000	0.0000	0.0000
81	125	0.5840	7	0	1	1	0	0	0	0	0	N	N	N	N	N	N	N	N	N	N	N	N	0.0000	0.0002	0.0000	0.0001	0.0001	0.0000	0.0000	0.0002	0.0000	0.0000	0.0000	0.0000	0.0000	0.0000	0.0000	0.0000	0.0000	0.0000	0.0747	0.0026	0.2404	0.0017	0.0020	0.0002	0.1812	0.0040	0.3457	0.0000	40.2669	-0.0000	0.0061	2.0162	5.9920	4.5500	12.2976	0.0000	0.0000	0.0000	0.0000	0.0000	0.0000	0.0000	0.0000	0.0000	0.0118	0.0003	0.0115	0.0002	0.0002	0.0000	0.0117	0.0001	0.0115	0.0829	0.0722	0.0107	0.0315	0.0294	0.0020	0.0514	0.0427	0.0087	0.1582	0.1102	0.0480	0.0939	0.0793	0.0146	0.0643	0.0309	0.0334	0.0000	0.0002	0.0000	0.0001	0.0001	0.0000	0.0000	0.0002	0.0000	0.0747	0.0026	0.2404	0.0017	0.0020	0.0002	0.1812	0.0040	0.3457
81	126	0.6212	9	0	2	1	0	0	0	0	0	N	Y	N	N	N	N	N	N	N	N	N	N	0.0000	0.0001	0.0000	0.0000	0.0001	0.0000	0.0000	0.0000	0.0000	0.0000	0.0000	0.0000	0.0000	0.0000	0.0000	0.0000	0.0000	0.0000	0.0209	0.0079	0.0504	0.0369	0.0120	0.1809	0.0027	0.0000	0.0055	0.0034	2.8334	-0.0000	0.0012	2.0162	5.0407	4.5500	17.1705	0.0000	0.0000	0.0000	0.0000	0.0000	0.0000	0.0000	0.0000	0.0000	0.0043	0.0011	0.0032	0.0040	0.0011	0.0029	0.0003	0.0000	0.0003	0.0762	0.0666	0.0096	0.0315	0.0293	0.0021	0.0447	0.0372	0.0075	0.2047	0.1418	0.0629	0.1091	0.0930	0.0161	0.0956	0.0488	0.0468	0.0000	0.0001	0.0000	0.0000	0.0001	0.0000	0.0000	0.0000	0.0000	0.0209	0.0079	0.0504	0.0369	0.0120	0.1809	0.0027	0.0000	0.0055
81	127	0.6052	8	0	2	1	0	0	0	0	0	N	Y	N	N	N	N	N	N	N	N	N	N	0.0003	0.0003	0.0000	0.0104	0.0257	0.0000	0.0001	0.0000	0.0000	0.0000	0.0000	0.0000	0.0000	0.0000	0.0000	0.0000	0.0000	0.0000	0.0119	0.0159	0.0020	0.0007	0.0003	0.0035	0.0245	0.0445	0.0015	0.0009	0.0500	-0.0000	-0.0005	2.0162	1.9703	4.5500	6.2034	0.0000	0.0000	0.0000	0.0000	0.0000	0.0000	0.0000	0.0000	0.0000	0.0012	0.0011	0.0001	0.0000	0.0000	0.0000	0.0011	0.0011	0.0000	0.0297	0.0259	0.0038	0.0120	0.0112	0.0008	0.0177	0.0147	0.0030	0.0970	0.0694	0.0276	0.0513	0.0450	0.0063	0.0457	0.0244	0.0213	0.0003	0.0003	0.0000	0.0104	0.0257	0.0000	0.0001	0.0000	0.0000	0.0119	0.0159	0.0020	0.0007	0.0003	0.0035	0.0245	0.0445	0.0015
81	128	0.5840	7	0	1	1	0	0	0	0	0	N	N	N	N	N	N	N	N	N	N	N	N	0.0036	0.0215	0.0000	0.0001	0.0005	0.0000	0.0110	30.4074	0.0000	0.0000	0.0000	0.0000	0.0000	0.0000	0.0000	0.0000	0.0000	0.0000	0.0015	0.0003	0.0045	0.0021	0.0004	0.0118	0.0008	0.0000	0.0016	0.0000	6.3223	-0.0000	0.0001	2.0162	1.1032	4.5500	7.8190	0.0000	0.0000	0.0000	0.0000	0.0000	0.0000	0.0000	0.0000	0.0000	0.0001	0.0000	0.0001	0.0001	0.0000	0.0001	0.0000	0.0000	0.0000	0.0155	0.0135	0.0020	0.0059	0.0055	0.0004	0.0096	0.0080	0.0016	0.0890	0.0624	0.0266	0.0524	0.0448	0.0076	0.0367	0.0176	0.0191	0.0036	0.0215	0.0000	0.0001	0.0005	0.0000	0.0110	30.4074	0.0000	0.0015	0.0003	0.0045	0.0021	0.0004	0.0118	0.0008	0.0000	0.0016
81	129	0.3602	7	0	2	1	0	0	0	0	0	N	Y	N	N	N	N	N	N	N	N	N	N	54.6205	56.8059	0.0000	56.5213	68.8545	0.0000	0.0000	0.0000	0.0000	0.0032	0.0039	0.0000	0.0050	0.0059	0.0000	0.0000	0.0000	0.0000	0.0001	0.0001	0.0000	0.0001	0.0001	0.0002	0.0000	0.0000	0.0000	0.0000	0.1961	-0.0002	-0.0000	2.0162	1.0033	4.5500	0.8635	0.0005	0.0005	0.0000	0.0005	0.0005	0.0000	0.0000	0.0000	0.0000	0.0000	0.0000	0.0000	0.0000	0.0000	0.0000	0.0000	0.0000	0.0000	0.1418	0.1185	0.0234	0.0912	0.0778	0.0134	0.0506	0.0406	0.0100	0.1524	0.1107	0.0417	0.0734	0.0701	0.0033	0.0790	0.0406	0.0384	54.6205	56.8059	0.0000	56.5213	68.8545	0.0000	0.0000	0.0000	0.0000	0.0001	0.0001	0.0000	0.0001	0.0001	0.0002	0.0000	0.0000	0.0000
81	130	0.3309	6	0	1	1	0	0	0	0	0	N	N	N	N	N	N	N	N	N	N	N	N	0.6919	0.0679	3.3857	0.0321	0.0341	0.0208	0.8714	0.0715	3.7900	0.0036	0.0003	0.0228	0.0001	0.0001	0.0001	0.0061	0.0005	0.0259	0.0051	0.0044	0.0067	0.0020	0.0018	0.0052	0.0070	0.0071	0.0068	12.9154	0.7077	0.0002	-0.0001	2.0162	5.5514	4.5500	9.9598	0.0005	0.0000	0.0004	0.0000	0.0000	0.0000	0.0005	0.0000	0.0004	0.0012	0.0007	0.0005	0.0002	0.0002	0.0000	0.0011	0.0006	0.0005	0.1301	0.1113	0.0188	0.0548	0.0525	0.0023	0.0753	0.0588	0.0166	0.2425	0.1658	0.0767	0.0898	0.0851	0.0047	0.1527	0.0807	0.0720	0.6919	0.0679	3.3857	0.0321	0.0341	0.0208	0.8714	0.0715	3.7900	0.0051	0.0044	0.0067	0.0020	0.0018	0.0052	0.0070	0.0071	0.0068
81	131	0.3006	5	0	1	1	0	0	0	0	0	N	N	N	N	N	N	N	N	N	N	N	N	0.0244	0.0197	0.0476	0.0225	0.0217	0.0234	0.0378	0.0308	0.0572	0.0000	0.0000	0.0000	0.0001	0.0001	0.0000	0.0000	0.0000	0.0000	0.0015	0.0020	0.0005	0.0032	0.0034	0.0011	0.0005	0.0006	0.0004	0.0839	0.1044	-0.0000	-0.0002	2.0162	9.1969	4.5500	13.4651	0.0000	0.0000	0.0000	0.0000	0.0000	0.0000	0.0000	0.0000	0.0000	0.0006	0.0005	0.0001	0.0004	0.0004	0.0000	0.0001	0.0001	0.0000	0.1827	0.1587	0.0240	0.0655	0.0628	0.0027	0.1172	0.0959	0.0213	0.3626	0.2494	0.1132	0.1402	0.1271	0.0132	0.2224	0.1223	0.1000	0.0244	0.0197	0.0476	0.0225	0.0217	0.0234	0.0378	0.0308	0.0572	0.0015	0.0020	0.0005	0.0032	0.0034	0.0011	0.0005	0.0006	0.0004
81	132	0.6810	11	1	2	1	1	0	0	0	0	N	Y	N	N	N	N	N	N	N	N	N	N	0.0000	0.0000	0.0000	0.0000	0.0000	0.0000	0.0000	0.0000	0.0000	0.0000	0.0000	0.0000	0.0000	0.0000	0.0000	0.0000	0.0000	0.0000	0.0000	0.0000	2.0162	1.0000	4.5500	3.0001	0.0000	0.0000	0.0000	0.0000	0.0000	0.0000	0.0000	0.0000	0.0000	0.0000	0.0000	0.0000	0.0000	0.0000	0.0000	0.0000	0.0000	0.0000	0.0166	0.0145	0.0021	0.0065	0.0061	0.0004	0.0102	0.0084	0.0017	0.0338	0.0237	0.0101	0.0219	0.0181	0.0038	0.0119	0.0056	0.0063	0.0000	0.0000	0.0000	0.0000	0.0000	0.0000	0.0000	0.0000	0.0000	0.0000	0.0000	0.0000	0.0000	0.0000	0.0000	0.0000	0.0000	0.0000											
81	133	0.3820	9	1	2	1	1	0	0	0	0	N	Y	N	N	N	N	N	N	N	N	N	N	0.0000	0.0000	0.0000	0.0000	0.0000	0.0000	0.0000	0.0000	0.0000	0.0000	0.0000	0.0000	0.0000	0.0000	0.0000	0.0000	0.0000	0.0000	0.0000	0.0000	2.0162	0.0006	4.5500	1.9797	0.0000	0.0000	0.0000	0.0000	0.0000	0.0000	0.0000	0.0000	0.0000	0.0000	0.0000	0.0000	0.0000	0.0000	0.0000	0.0000	0.0000	0.0000	0.0000	0.0000	0.0000	0.0000	0.0000	0.0000	0.0000	0.0000	0.0000	0.0191	0.0123	0.0068	0.0064	0.0056	0.0008	0.0127	0.0067	0.0060	0.0000	0.0000	0.0000	0.0000	0.0000	0.0000	0.0000	0.0000	0.0000	0.0000	0.0000	0.0000	0.0000	0.0000	0.0000	0.0000	0.0000	0.0000											
81	134	0.3653	8	1	2	1	1	0	0	0	0	N	Y	N	N	N	N	N	N	N	N	N	N	63.7149	243.6838	64.5179	177.9620	0.0000	0.0000	0.0000	0.0000	0.0000	0.0001	0.0000	0.0000	0.0000	0.0000	0.0000	0.0000	0.0000	0.0000	0.0000	0.0000	0.0000	0.0000	inf	inf	0.0000	0.0000	2.0162	2.0077	4.5500	6.0321	0.0000	0.0000	0.0000	0.0000	0.0000	0.0000	0.0000	0.0000	0.0000	0.0000	0.0000	0.0000	0.0000	0.0000	0.0000	0.0000	0.0000	0.0000	0.0326	0.0281	0.0044	0.0105	0.0098	0.0007	0.0221	0.0183	0.0038	0.0768	0.0486	0.0282	0.0242	0.0212	0.0030	0.0526	0.0274	0.0252	63.7149	0.0000	243.6838	64.5179	0.0000	177.9620	0.0000	0.0000	0.0000	0.0000	0.0000	0.0000	0.0000	0.0000	0.0000	0.0000	0.0000	0.0000					
81	135	0.3605	8	0	2	1	1	0	0	0	0	N	Y	N	N	N	N	N	N	N	N	N	N	0.0000	0.0000	0.0000	0.0000	0.0000	0.0000	0.0000	0.0000	0.0000	0.0000	0.0000	0.0000	0.0000	0.0000	0.0000	0.0000	0.0000	0.0000	0.0021	0.0031	0.0000	0.0059	0.0066	0.0000	0.0000	0.0000	0.0000	0.0002	0.0000	-0.0001	2.0162	3.0348	4.5500	9.3583	0.0000	0.0000	0.0000	0.0000	0.0000	0.0000	0.0000	0.0000	0.0000	0.0003	0.0003	0.0000	0.0003	0.0003	0.0000	0.0000	0.0000	0.0000	0.0483	0.0418	0.0066	0.0155	0.0145	0.0010	0.0329	0.0273	0.0056	0.1274	0.0844	0.0429	0.0444	0.0394	0.0049	0.0830	0.0450	0.0380	0.0000	0.0000	0.0000	0.0000	0.0000	0.0000	0.0000	0.0000	0.0000	0.0021	0.0031	0.0000	0.0059	0.0066	0.0000	0.0000	0.0000	0.0000	
81	136	0.3462	7	0	1	1	1	0	0	0	0	N	N	N	N	N	N	N	N	N	N	N	N	0.0000	0.0000	0.0000	0.0000	0.0000	0.0000	0.0000	0.0000	0.0000	0.0000	0.0000	0.0000	0.0000	0.0000	0.0000	0.0000	0.0000	0.0000	0.0058	0.0089	0.0000	0.0063	0.0072	0.0000	0.0056	0.0102	0.0000	0.0003	0.0000	-0.0002	2.0162	0.0433	4.5500	6.6805	0.0000	0.0000	0.0000	0.0000	0.0000	0.0000	0.0000	0.0000	0.0000	0.0004	0.0004	0.0000	0.0001	0.0001	0.0000	0.0002	0.0002	0.0000	0.0009	0.0008	0.0001	0.0004	0.0004	0.0000	0.0005	0.0004	0.0001	0.0660	0.0431	0.0228	0.0215	0.0189	0.0026	0.0445	0.0243	0.0202	0.0000	0.0000	0.0000	0.0000	0.0000	0.0000	0.0000	0.0000	0.0000	0.0058	0.0089	0.0000	0.0063	0.0072	0.0000	0.0056	0.0102	0.0000	
81	137	0.7106	13	0	2	1	1	0	0	0	0	N	Y	N	N	N	N	N	N	N	N	N	N	0.0000	0.0000	0.0000	0.0000	0.0000	0.0000	0.0000	0.0000	0.0000	0.0000	0.0000	0.0000	0.0000	0.0000	0.0000	0.0000	0.0000	0.0000	0.0000	0.0000	2.0162	0.0000	4.5500	0.0000	0.0000	0.0000	0.0000	0.0000	0.0000	0.0000	0.0000	0.0000	0.0000	0.0000	0.0000	0.0000	0.0000	0.0000	0.0000	0.0000	0.0000	0.0000	0.0000	0.0000	0.0000	0.0000	0.0000	0.0000	0.0000	0.0000	0.0000	0.0000	0.0000	0.0000	0.0000	0.0000	0.0000	0.0000	0.0000	0.0000	0.0000	0.0000	0.0000	0.0000	0.0000	0.0000	0.0000	0.0000	0.0000	0.0000	0.0000	0.0000	0.0000	0.0000	0.0000	0.0000	0.0000	0.0000											
81	138	0.7055	12	0	2	1	1	0	0	0	0	N	Y	N	N	N	N	N	N	N	N	N	N	inf	inf	inf	inf	inf	inf	0.0029	0.0000	0.0459	0.0000	0.0000	0.0016	0.0123	0.0000	0.0676	0.0000	0.0000	0.0000	0.0000	0.0000	0.0000	0.0000	0.0000	0.0000	inf	0.0000	0.0000	2.0162	0.0021	4.5500	2.0000	0.0000	0.0000	0.0000	0.0000	0.0000	0.0000	0.0000	0.0000	0.0000	0.0000	0.0000	0.0000	0.0000	0.0000	0.0000	0.0000	0.0000	0.0000	0.0001	0.0001	0.0000	0.0001	0.0001	0.0000	0.0000	0.0000	0.0000	0.0175	0.0121	0.0053	0.0107	0.0089	0.0018	0.0068	0.0033	0.0035	inf	0.0000	inf	inf	0.0000	inf	inf	0.0000	inf	0.0000	0.0000	0.0000	0.0000	0.0000	0.0000	0.0000	0.0000	0.0000				
81	139	0.6953	11	0	1	1	1	0	0	0	0	N	N	N	N	N	N	N	N	N	N	N	N	239972.2281	0.0000	599037.9049	12904.3977	0.0000	39920.9558	229195.8464	700643.9573	0.2116	0.0000	1.6692	0.0061	0.0000	0.1029	0.3430	0.0000	2.0222	0.0000	0.0000	0.0000	0.0000	0.0000	0.0000	0.0000	0.0000	0.0000	inf	24.0833	0.0020	0.0000	2.0162	1.0020	4.5500	3.0181	0.0035	0.0000	0.0035	0.0000	0.0000	0.0000	0.0035	0.0000	0.0035	0.0000	0.0000	0.0000	0.0000	0.0000	0.0000	0.0000	0.0000	0.0000	0.0167	0.0146	0.0021	0.0065	0.0061	0.0004	0.0102	0.0084	0.0017	0.0341	0.0238	0.0104	0.0206	0.0172	0.0033	0.0136	0.0065	0.0070	239972.2281	0.0000	599037.9049	12904.3977	0.0000	39920.9558	229195.8464	0.0000	700643.9573	0.0000	0.0000	0.0000	0.0000	0.0000	0.0000	0.0000	0.0000	0.0000	
81	140	0.6810	11	0	2	1	0	0	0	0	0	N	Y	N	N	N	N	N	N	N	N	N	N	0.0000	0.0000	0.0000	0.0000	0.0000	0.0000	0.0000	0.0000	0.0000	0.0000	0.0000	0.0000	0.0000	0.0000	0.0000	0.0000	0.0000	0.0000	0.0000	0.0000	2.0162	0.0000	4.5500	4.0001	0.0000	0.0000	0.0000	0.0000	0.0000	0.0000	0.0000	0.0000	0.0000	0.0000	0.0000	0.0000	0.0000	0.0000	0.0000	0.0000	0.0000	0.0000	0.0000	0.0000	0.0000	0.0000	0.0000	0.0000	0.0000	0.0000	0.0000	0.0338	0.0237	0.0101	0.0219	0.0181	0.0038	0.0119	0.0056	0.0063	0.0000	0.0000	0.0000	0.0000	0.0000	0.0000	0.0000	0.0000	0.0000	0.0000	0.0000	0.0000	0.0000	0.0000	0.0000	0.0000	0.0000	0.0000											
81	141	0.3607	7	0	2	1	0	0	0	0	0	N	Y	N	N	N	N	N	N	N	N	N	N	0.0005	0.0007	0.0008	0.0017	0.0011	0.0304	0.0000	0.0000	0.0000	0.0000	0.0000	0.0000	0.0000	0.0000	0.0000	0.0000	0.0000	0.0004	0.0002	0.0007	0.0004	0.0004	0.0001	0.0004	0.0000	0.0008	0.5455	1.9775	-0.0000	0.0000	2.0162	1.0003	4.5500	5.0186	0.0000	0.0000	0.0000	0.0000	0.0000	0.0000	0.0000	0.0000	0.0000	0.0000	0.0000	0.0000	0.0000	0.0000	0.0000	0.0000	0.0000	0.0000	0.0162	0.0140	0.0022	0.0053	0.0049	0.0003	0.0110	0.0091	0.0019	0.0759	0.0471	0.0288	0.0273	0.0249	0.0024	0.0486	0.0222	0.0264	0.0005	0.0007	0.0008	0.0017	0.0011	0.0304	0.0000	0.0000	0.0000	0.0004	0.0002	0.0007	0.0004	0.0004	0.0001	0.0004	0.0000	0.0008	
81	142	0.6953	11	0	1	2	1	0	0	0	0	N	N	Y	N	N	N	N	N	N	N	N	N	0.0000	0.0000	0.0000	0.0000	0.0000	0.0000	0.0000	0.0000	0.0000	0.0000	0.0000	0.0000	0.0000	0.0000	0.0000	0.0000	0.0017	0.0025	0.0000	0.0029	0.0034	0.0000	0.0000	0.0000	0.0000	0.0001	0.0000	-0.0001	2.0162	0.0001	4.5500	9.0026	0.0000	0.0000	0.0000	0.0000	0.0000	0.0000	0.0000	0.0000	0.0000	0.0001	0.0001	0.0000	0.0001	0.0001	0.0000	0.0000	0.0000	0.0000	0.0000	0.0000	0.0000	0.0000	0.0000	0.0000	0.0000	0.0000	0.0000	0.0750	0.0522	0.0228	0.0451	0.0378	0.0073	0.0299	0.0144	0.0155	0.0000	0.0000	0.0000	0.0000	0.0000	0.0000	0.0000	0.0000	0.0000	0.0017	0.0025	0.0000	0.0029	0.0034	0.0000	0.0000	0.0000	0.0000			
81	143	0.3462	7	0	1	2	1	0	0	0	0	N	N	Y	N	N	N	N	N	N	N	N	N	0.0000	0.0000	0.0000	0.0000	0.0000	0.0000	0.0000	0.0000	0.0000	0.0000	0.0000	0.0000	0.0000	0.0000	0.0000	0.0000	0.0000	0.1418	0.0000	0.4089	0.0013	0.0000	0.0102	0.2097	0.0000	0.4614	134969.5825	0.0000	0.0074	2.0162	2.0061	4.5500	8.0425	0.0000	0.0000	0.0000	0.0000	0.0000	0.0000	0.0000	0.0000	0.0000	0.0137	0.0000	0.0137	0.0000	0.0000	0.0000	0.0137	0.0000	0.0137	0.0323	0.0279	0.0044	0.0105	0.0098	0.0007	0.0218	0.0181	0.0037	0.0969	0.0633	0.0336	0.0316	0.0277	0.0039	0.0653	0.0357	0.0297	0.0000	0.0000	0.0000	0.0000	0.0000	0.0000	0.0000	0.0000	0.0000	0.1418	0.0000	0.4089	0.0013	0.0000	0.0102	0.2097	0.0000	0.4614		
81	144	0.3371	6	0	1	1	1	0	0	0	0	N	N	N	N	N	N	N	N	N	N	N	N	0.0000	0.0000	0.0000	0.0000	0.0000	0.0000	0.0000	0.0000	0.0000	0.0000	0.0000	0.0000	0.0000	0.0000	0.0000	0.0000	0.0000	0.0000	0.0004	0.0004	0.0004	0.0008	0.0009	0.0001	0.0002	0.0000	0.0004	0.3718	-0.0000	-0.0000	2.0162	1.9550	4.5500	2.1189	0.0000	0.0000	0.0000	0.0000	0.0000	0.0000	0.0000	0.0000	0.0000	0.0000	0.0000	0.0000	0.0000	0.0000	0.0000	0.0000	0.0000	0.0000	0.0344	0.0299	0.0045	0.0120	0.0113	0.0007	0.0224	0.0186	0.0038	0.0591	0.0420	0.0171	0.0227	0.0210	0.0017	0.0365	0.0210	0.0154	0.0000	0.0000	0.0000	0.0000	0.0000	0.0000	0.0000	0.0000	0.0000	0.0004	0.0004	0.0004	0.0008	0.0009	0.0001	0.0002	0.0000	0.0004	
81	145	0.3371	6	0	1	2	1	0	0	0	0	N	N	Y	N	N	N	N	N	N	N	N	N	0.0000	0.0000	0.0000	0.0000	0.0000	0.0000	0.0000	0.0000	0.0000	0.0000	0.0000	0.0000	0.0000	0.0000	0.0000	0.0000	0.0000	0.0013	0.0018	0.0001	0.0036	0.0040	0.0000	0.0000	0.0000	0.0001	0.0247	-0.0000	-0.0001	2.0162	2.1261	4.5500	18.6477	0.0000	0.0000	0.0000	0.0000	0.0000	0.0000	0.0000	0.0000	0.0000	0.0003	0.0003	0.0000	0.0003	0.0003	0.0000	0.0000	0.0000	0.0000	0.0371	0.0323	0.0049	0.0129	0.0121	0.0008	0.0242	0.0201	0.0041	0.2095	0.1400	0.0695	0.0719	0.0638	0.0081	0.1375	0.0762	0.0614	0.0000	0.0000	0.0000	0.0000	0.0000	0.0000	0.0000	0.0000	0.0000	0.0013	0.0018	0.0001	0.0036	0.0040	0.0000	0.0000	0.0000	0.0001		
81	146	0.6953	11	0	1	2	1	0	0	0	0	N	N	Y	N	N	N	N	N	N	N	N	N	22.6998	18.0938	0.0000	34.8054	31.0203	0.0000	2686.9247	inf	0.0000	0.0510	0.0584	0.0000	0.1300	0.1382	0.0000	0.0005	0.0006	0.0000	0.0022	0.0032	0.0000	0.0037	0.0045	0.0000	0.0000	0.0000	0.0000	0.0000	0.0001	-0.0007	-0.0001	2.0162	2.0001	4.5500	5.9880	0.0017	0.0017	0.0000	0.0017	0.0017	0.0000	0.0000	0.0000	0.0000	0.0001	0.0001	0.0000	0.0001	0.0001	0.0000	0.0000	0.0000	0.0000	0.0331	0.0290	0.0042	0.0129	0.0122	0.0008	0.0202	0.0168	0.0034	0.0668	0.0465	0.0203	0.0402	0.0337	0.0065	0.0266	0.0128	0.0138	22.6998	18.0938	0.0000	34.8054	31.0203	0.0000	2686.9247	inf	0.0000	0.0022	0.0032	0.0000	0.0037	0.0045	0.0000	0.0000	0.0000	0.0000
81	147	0.6953	11	0	1	2	1	0	0	0	0	N	N	Y	N	N	N	N	N	N	N	N	N	0.0000	0.0000	0.0000	0.0000	0.0000	0.0000	0.0000	0.0000	0.0000	0.0000	0.0000	0.0000	0.0000	0.0000	0.0000	0.0000	0.0000	0.0000	0.0001	0.0000	0.0001	0.0001	0.0000	0.0000	0.0000	0.0000	0.0029	0.0000	-0.0000	2.0162	9.0001	4.5500	23.0169	0.0000	0.0000	0.0000	0.0000	0.0000	0.0000	0.0000	0.0000	0.0000	0.0000	0.0000	0.0000	0.0000	0.0000	0.0000	0.0000	0.0000	0.0000	0.1450	0.1268	0.0182	0.0564	0.0531	0.0033	0.0886	0.0737	0.0149	0.2457	0.1711	0.0747	0.1459	0.1226	0.0233	0.0998	0.0485	0.0513	0.0000	0.0000	0.0000	0.0000	0.0000	0.0000	0.0000	0.0000	0.0000	0.0000	0.0001	0.0000	0.0001	0.0001	0.0000	0.0000	0.0000	0.0000		
81	148	0.6700	10	0	1	1	1	0	0	0	0	N	N	N	N	N	N	N	N	N	N	N	N	0.0001	0.0001	0.0000	0.0001	0.0001	0.0000	0.0000	0.0000	0.0000	0.0000	0.0000	0.0000	0.0000	0.0000	0.0000	0.0000	0.0000	0.0000	0.0014	0.0020	0.0002	0.0022	0.0026	0.0003	0.0001	0.0000	0.0001	0.0000	0.0353	-0.0000	-0.0001	2.0162	1.9990	4.5500	7.9526	0.0000	0.0000	0.0000	0.0000	0.0000	0.0000	0.0000	0.0000	0.0000	0.0001	0.0001	0.0000	0.0001	0.0001	0.0000	0.0000	0.0000	0.0000	0.0335	0.0291	0.0043	0.0131	0.0123	0.0008	0.0204	0.0168	0.0036	0.0927	0.0654	0.0273	0.0588	0.0491	0.0096	0.0339	0.0163	0.0177	0.0001	0.0001	0.0000	0.0001	0.0001	0.0000	0.0000	0.0000	0.0000	0.0014	0.0020	0.0002	0.0022	0.0026	0.0003	0.0001	0.0000	0.0001
81	149	0.6381	9	1	2	1	0	0	0	0	0	N	Y	N	N	N	N	N	N	N	N	N	N	100.8262	1559.5771	3.9932	5.1853	0.0000	15.0501	122.2907	1319943.7750	0.0000	0.0332	0.0374	0.0043	0.0014	0.0000	0.0225	0.0537	0.0646	0.0000	0.0003	0.0000	0.0011	0.0003	0.0000	0.0015	0.0004	0.0000	0.0008	0.0167	18.3423	-0.0012	0.0000	2.0162	5.3497	4.5500	17.2225	0.0028	0.0027	0.0000	0.0000	0.0000	0.0000	0.0027	0.0027	0.0000	0.0001	0.0000	0.0001	0.0000	0.0000	0.0000	0.0000	0.0000	0.0000	0.0836	0.0730	0.0106	0.0328	0.0307	0.0020	0.0509	0.0423	0.0086	0.1923	0.1365	0.0558	0.1239	0.1038	0.0201	0.0684	0.0327	0.0357	100.8262	1559.5771	3.9932	5.1853	0.0000	15.0501	122.2907	1319943.7750	0.0000	0.0003	0.0000	0.0011	0.0003	0.0000	0.0015	0.0004	0.0000	0.0008
81	150	0.6689	10	0	2	1	0	0	0	0	0	N	Y	N	N	N	N	N	N	N	N	N	N	47.0235	0.0222	388.5855	0.8608	0.0342	8.9000	343.3394	0.5747	1026.2089	0.0584	0.0000	0.4750	0.0016	0.0001	0.0227	0.1045	0.0000	0.6185	0.0012	0.0012	0.0012	0.0018	0.0017	0.0025	0.0003	0.0000	0.0006	2398.6006	0.3752	0.0020	-0.0000	2.0162	3.6794	4.5500	17.4287	0.0035	0.0000	0.0035	0.0000	0.0000	0.0000	0.0035	0.0000	0.0035	0.0002	0.0002	0.0001	0.0002	0.0002	0.0000	0.0000	0.0000	0.0000	0.0603	0.0529	0.0074	0.0270	0.0252	0.0018	0.0333	0.0277	0.0056	0.1773	0.1282	0.0492	0.1109	0.0953	0.0157	0.0664	0.0329	0.0335	47.0235	0.0222	388.5855	0.8608	0.0342	8.9000	343.3394	0.5747	1026.2089	0.0012	0.0012	0.0012	0.0018	0.0017	0.0025	0.0003	0.0000	0.0006
81	151	0.6381	9	0	2	1	0	0	0	0	0	N	Y	N	N	N	N	N	N	N	N	N	N	1.6016	0.4681	118.0077	0.7230	0.6283	7.8595	53.2434	77.5204	149.6052	0.0003	0.0001	0.0016	0.0002	0.0002	0.0001	0.0004	0.0001	0.0020	0.0002	0.0003	0.0000	0.0003	0.0003	0.0000	0.0000	0.0000	0.0000	1.8587	0.0202	0.0000	-0.0000	2.0162	3.4464	4.5500	10.1316	0.0000	0.0000	0.0000	0.0000	0.0000	0.0000	0.0000	0.0000	0.0000	0.0000	0.0000	0.0000	0.0000	0.0000	0.0000	0.0000	0.0000	0.0000	0.0557	0.0486	0.0071	0.0223	0.0209	0.0013	0.0334	0.0277	0.0057	0.1247	0.0892	0.0355	0.0821	0.0687	0.0133	0.0426	0.0205	0.0222	1.6016	0.4681	118.0077	0.7230	0.6283	7.8595	53.2434	77.5204	149.6052	0.0002	0.0003	0.0000	0.0003	0.0003	0.0000	0.0000	0.0000	0.0000
81	152	0.3675	9	1	2	1	0	0	0	0	0	N	Y	N	N	N	N	N	N	N	N	N	N	0.0001	0.0001	0.0000	0.0001	0.0001	0.0000	0.0000	0.0000	0.0000	0.0000	0.0000	0.0000	0.0000	0.0000	0.0000	0.0000	0.0000	0.0985	0.1540	0.0016	0.3130	0.3566	0.0125	0.0001	0.0000	0.0003	0.0000	0.0059	-0.0000	-0.0054	2.0162	1.0143	4.5500	12.0086	0.0000	0.0000	0.0000	0.0000	0.0000	0.0000	0.0000	0.0000	0.0000	0.0119	0.0118	0.0001	0.0118	0.0118	0.0001	0.0000	0.0000	0.0000	0.0168	0.0145	0.0023	0.0055	0.0052	0.0004	0.0113	0.0093	0.0019	0.1204	0.0765	0.0439	0.0379	0.0331	0.0048	0.0826	0.0435	0.0391	0.0001	0.0001	0.0000	0.0001	0.0001	0.0000	0.0000	0.0000	0.0000	0.0985	0.1540	0.0016	0.3130	0.3566	0.0125	0.0001	0.0000	0.0003	
81	153	0.3653	8	1	2	1	0	0	0	0	0	N	Y	N	N	N	N	N	N	N	N	N	N	5.5121	4.0112	0.0000	5.6294	5.3812	0.0000	0.0000	0.0000	0.0006	0.0007	0.0000	0.0019	0.0020	0.0000	0.0000	0.0000	0.0000	0.0001	0.0002	0.0000	0.0003	0.0004	0.0000	0.0000	0.0000	0.0000	0.0001	0.0052	-0.0000	-0.0000	2.0162	0.9811	4.5500	0.0216	0.0000	0.0000	0.0000	0.0000	0.0000	0.0000	0.0000	0.0000	0.0000	0.0000	0.0000	0.0000	0.0000	0.0000	0.0000	0.0000	0.0000	0.0000	0.0161	0.0139	0.0022	0.0052	0.0049	0.0003	0.0109	0.0090	0.0019	0.0108	0.0067	0.0040	0.0036	0.0032	0.0004	0.0072	0.0036	0.0037	5.5121	4.0112	0.0000	5.6294	5.3812	0.0000	0.0000	0.0000	0.0000	0.0001	0.0002	0.0000	0.0003	0.0004	0.0000	0.0000	0.0000	0.0000	
81	154	0.3607	7	1	2	1	0	0	0	0	0	N	Y	N	N	N	N	N	N	N	N	N	N	25.3434	33.1824	2.6035	24.2237	45.2318	0.6828	0.0000	0.0000	0.0004	0.0005	0.0001	0.0010	0.0010	0.0002	0.0000	0.0000	0.0000	0.0000	0.0000	0.0000	0.0000	0.0000	0.0003	0.0000	0.0000	0.0000	0.0158	0.9694	-0.0000	0.0000	2.0162	0.0083	4.5500	2.0001	0.0000	0.0000	0.0000	0.0000	0.0000	0.0000	0.0000	0.0000	0.0000	0.0000	0.0000	0.0000	0.0000	0.0000	0.0000	0.0000	0.0000	0.0000	0.0002	0.0002	0.0000	0.0001	0.0001	0.0000	0.0001	0.0001	0.0000	0.0376	0.0222	0.0154	0.0152	0.0144	0.0009	0.0223	0.0078	0.0145	25.3434	33.1824	2.6035	24.2237	45.2318	0.6828	0.0000	0.0000	0.0000	0.0000	0.0000	0.0000	0.0000	0.0000	0.0003	0.0000	0.0000	0.0000	
81	155	0.3371	6	0	2	1	0	0	0	0	0	N	Y	N	N	N	N	N	N	N	N	N	N	0.0378	0.0418	0.0000	0.0400	0.0533	0.0000	0.0000	0.0000	0.0000	0.0002	0.0002	0.0000	0.0006	0.0006	0.0000	0.0000	0.0000	0.0000	0.0053	0.0056	0.0048	0.0148	0.0118	0.0415	0.0001	0.0000	0.0003	0.0000	0.4095	-0.0000	-0.0001	2.0162	2.9180	4.5500	7.4065	0.0000	0.0000	0.0000	0.0000	0.0000	0.0000	0.0000	0.0000	0.0000	0.0006	0.0004	0.0002	0.0006	0.0004	0.0002	0.0000	0.0000	0.0000	0.0496	0.0431	0.0066	0.0169	0.0159	0.0010	0.0327	0.0272	0.0055	0.1174	0.0799	0.0375	0.0416	0.0374	0.0041	0.0758	0.0424	0.0333	0.0378	0.0418	0.0000	0.0400	0.0533	0.0000	0.0000	0.0000	0.0000	0.0053	0.0056	0.0048	0.0148	0.0118	0.0415	0.0001	0.0000	0.0003
81	156	0.2713	5	0	1	1	0	0	0	0	0	N	N	N	N	N	N	N	N	N	N	N	N	23.1904	1.5274	970.3622	2.9739	2.1447	358.4168	166.9625	0.0012	757.7416	0.0133	0.0012	0.0930	0.0030	0.0027	0.0091	0.0201	0.0000	0.1045	0.0006	0.0008	0.0001	0.0010	0.0013	0.0000	0.0001	0.0001	0.0001	11.9423	0.0522	0.0014	-0.0002	2.0162	8.2479	4.5500	19.7214	0.0028	0.0002	0.0026	0.0003	0.0002	0.0000	0.0026	0.0000	0.0026	0.0004	0.0004	0.0000	0.0003	0.0003	0.0000	0.0000	0.0000	0.0000	0.2140	0.1858	0.0282	0.0850	0.0815	0.0034	0.1291	0.1043	0.0248	0.6578	0.4626	0.1952	0.3413	0.2682	0.0731	0.3165	0.1944	0.1221	23.1904	1.5274	970.3622	2.9739	2.1447	358.4168	166.9625	0.0012	757.7416	0.0006	0.0008	0.0001	0.0010	0.0013	0.0000	0.0001	0.0001	0.0001
81	157	0.2351	4	0	1	1	0	0	0	0	0	N	N	N	N	N	N	N	N	N	N	N	N	1.7620	0.7861	70.4920	1.0189	0.9228	7.5030	9.8548	1.7136	79.9310	0.0100	0.0065	0.0295	0.0130	0.0133	0.0040	0.0085	0.0022	0.0318	0.0057	0.0083	0.0004	0.0128	0.0145	0.0005	0.0009	0.0013	0.0004	0.8193	0.0249	0.0000	-0.0010	2.0162	7.4725	4.5500	14.3153	0.0016	0.0009	0.0007	0.0007	0.0007	0.0000	0.0009	0.0002	0.0007	0.0023	0.0023	0.0001	0.0021	0.0021	0.0000	0.0002	0.0002	0.0000	0.1608	0.1362	0.0245	0.0547	0.0527	0.0020	0.1061	0.0835	0.0225	0.4132	0.2773	0.1359	0.1674	0.1470	0.0204	0.2457	0.1303	0.1155	1.7620	0.7861	70.4920	1.0189	0.9228	7.5030	9.8548	1.7136	79.9310	0.0057	0.0083	0.0004	0.0128	0.0145	0.0005	0.0009	0.0013	0.0004
81	161	0.6886	13	1	2	1	0	0	0	0	0	N	Y	N	N	N	N	N	N	N	N	N	N	0.0000	0.0000	0.0000	0.0000	0.0000	0.0000	0.0000	0.0000	0.0000	0.0000	0.0000	0.0000	0.0000	0.0000	0.0000	85.1544	0.0000	248.0530	0.0094	0.0000	0.0552	102.8951	0.0000	301.2910	inf	0.0000	0.5184	2.0162	0.0002	4.5500	3.0099	0.0000	0.0000	0.0000	0.0000	0.0000	0.0000	0.0000	0.0000	0.0000	0.9572	0.0000	0.9572	0.0002	0.0000	0.0002	0.9570	0.0000	0.9570	0.0000	0.0000	0.0000	0.0000	0.0000	0.0000	0.0000	0.0000	0.0000	0.0262	0.0184	0.0079	0.0169	0.0140	0.0029	0.0093	0.0043	0.0050	0.0000	0.0000	0.0000	0.0000	0.0000	0.0000	0.0000	0.0000	0.0000	36.5047	0.0000	121.7061	0.0094	0.0000	0.0552	102.8951	0.0000	192.1800				
81	162	0.6810	12	1	2	1	0	0	0	0	0	N	Y	N	N	N	N	N	N	N	N	N	N	0.0000	0.0000	0.0000	0.0000	0.0000	0.0000	0.0000	0.0000	0.0000	0.0000	0.0000	0.0000	0.0000	0.0000	0.0000	0.0000	0.0000	0.0000	0.1127	0.0005	0.3770	0.0000	0.0000	0.0002	0.3209	0.0023	0.6056	299.0000	0.0000	0.0016	2.0162	0.9998	4.5500	2.0118	0.0000	0.0000	0.0000	0.0000	0.0000	0.0000	0.0000	0.0000	0.0000	0.0029	0.0000	0.0029	0.0000	0.0000	0.0000	0.0029	0.0000	0.0029	0.0166	0.0145	0.0021	0.0065	0.0061	0.0004	0.0102	0.0084	0.0017	0.0256	0.0179	0.0076	0.0166	0.0137	0.0029	0.0090	0.0042	0.0047	0.0000	0.0000	0.0000	0.0000	0.0000	0.0000	0.0000	0.0000	0.0000	0.1127	0.0005	0.3770	0.0000	0.0000	0.0002	0.3209	0.0023	0.6056	
81	163	0.6810	11	1	2	1	0	0	0	0	0	N	Y	N	N	N	N	N	N	N	N	N	N	0.0000	0.0000	0.0000	0.0000	0.0000	0.0000	0.0000	0.0000	0.0000	0.0000	0.0000	0.0000	0.0000	0.0000	0.0000	0.0000	0.0000	0.0000	0.0000	0.0000	2.0162	0.0000	4.5500	0.0003	0.0000	0.0000	0.0000	0.0000	0.0000	0.0000	0.0000	0.0000	0.0000	0.0000	0.0000	0.0000	0.0000	0.0000	0.0000	0.0000	0.0000	0.0000	0.0000	0.0000	0.0000	0.0000	0.0000	0.0000	0.0000	0.0000	0.0000	0.0000	0.0000	0.0000	0.0000	0.0000	0.0000	0.0000	0.0000	0.0000	0.0000	0.0000	0.0000	0.0000	0.0000	0.0000	0.0000	0.0000	0.0000	0.0000	0.0000	0.0000	0.0000	0.0000	0.0000	0.0000	0.0000	0.0000											
81	164	0.6700	10	0	2	1	0	0	0	0	0	N	Y	N	N	N	N	N	N	N	N	N	N	0.0098	0.0111	0.0000	0.0113	0.0104	0.0000	0.0000	0.0000	0.0000	0.0000	0.0000	0.0000	0.0000	0.0000	0.0000	0.0000	0.0000	0.0000	0.0009	0.0012	0.0002	0.0014	0.0015	0.0004	0.0001	0.0000	0.0001	0.0000	0.0764	-0.0000	-0.0000	2.0162	0.0063	4.5500	4.3641	0.0000	0.0000	0.0000	0.0000	0.0000	0.0000	0.0000	0.0000	0.0000	0.0000	0.0000	0.0000	0.0000	0.0000	0.0000	0.0000	0.0000	0.0000	0.0005	0.0003	0.0002	0.0003	0.0002	0.0000	0.0002	0.0001	0.0001	0.0476	0.0339	0.0137	0.0302	0.0255	0.0047	0.0174	0.0084	0.0090	0.0098	0.0111	0.0000	0.0113	0.0104	0.0000	0.0000	0.0000	0.0000	0.0009	0.0012	0.0002	0.0014	0.0015	0.0004	0.0001	0.0000	0.0001
81	165	0.6381	9	0	1	1	0	0	0	0	0	N	N	N	N	N	N	N	N	N	N	N	N	0.0515	3.8630	0.0001	0.1246	6.8407	0.0003	0.0000	0.0000	0.0000	0.0001	0.0001	0.0000	0.0003	0.0003	0.0000	0.0000	0.0000	0.0000	0.0020	0.0000	0.0071	0.0021	0.0000	0.0124	0.0020	0.0000	0.0038	0.0008	90.6043	-0.0000	0.0001	2.0162	2.5207	4.5500	10.0226	0.0000	0.0000	0.0000	0.0000	0.0000	0.0000	0.0000	0.0000	0.0000	0.0002	0.0000	0.0002	0.0002	0.0000	0.0002	0.0001	0.0000	0.0001	0.0419	0.0367	0.0053	0.0171	0.0161	0.0010	0.0249	0.0206	0.0043	0.1166	0.0835	0.0331	0.0771	0.0645	0.0125	0.0396	0.0190	0.0206	0.0515	3.8630	0.0001	0.1246	6.8407	0.0003	0.0000	0.0000	0.0000	0.0020	0.0000	0.0071	0.0021	0.0000	0.0124	0.0020	0.0000	0.0038
81	166	0.6225	8	0	1	1	0	0	0	0	0	N	N	N	N	N	N	N	N	N	N	N	N	0.0077	0.0049	2.7339	0.0097	0.0066	11.1543	0.0053	0.4082	0.0014	0.0002	0.0002	0.0005	0.0004	0.0003	0.0022	0.0000	0.0000	0.0000	0.0272	0.0365	0.0002	0.0377	0.0446	0.0002	0.0001	0.0000	0.0002	0.2912	0.0017	-0.0000	-0.0012	2.0162	2.6894	4.5500	4.6619	0.0000	0.0000	0.0000	0.0000	0.0000	0.0000	0.0000	0.0000	0.0000	0.0027	0.0027	0.0000	0.0027	0.0027	0.0000	0.0000	0.0000	0.0000	0.0701	0.0635	0.0066	0.0399	0.0383	0.0015	0.0303	0.0252	0.0051	0.0998	0.0744	0.0254	0.0721	0.0608	0.0113	0.0278	0.0136	0.0142	0.0077	0.0049	2.7339	0.0097	0.0066	11.1543	0.0053	0.4082	0.0014	0.0272	0.0365	0.0002	0.0377	0.0446	0.0002	0.0001	0.0000	0.0002
81	167	0.5840	7	0	1	1	0	0	0	0	0	N	N	N	N	N	N	N	N	N	N	N	N	0.0361	0.4014	0.0000	1.0630	0.9792	0.0000	0.0000	0.0005	0.0000	0.0010	0.0011	0.0000	0.0025	0.0027	0.0000	0.0000	0.0000	0.0000	0.0267	0.0028	0.0822	0.0024	0.0028	0.0002	0.0617	0.0027	0.1162	0.0000	12.8263	-0.0000	0.0013	2.0162	2.7966	4.5500	8.5340	0.0000	0.0000	0.0000	0.0000	0.0000	0.0000	0.0000	0.0000	0.0000	0.0029	0.0002	0.0027	0.0002	0.0001	0.0000	0.0027	0.0001	0.0026	0.0391	0.0341	0.0051	0.0149	0.0139	0.0010	0.0243	0.0202	0.0041	0.1073	0.0750	0.0322	0.0634	0.0539	0.0094	0.0439	0.0211	0.0228	0.0361	0.4014	0.0000	1.0630	0.9792	0.0000	0.0000	0.0005	0.0000	0.0267	0.0028	0.0822	0.0024	0.0028	0.0002	0.0617	0.0027	0.1162
82	84	0.0690	4	1	1	2	0	0	0	0	0	N	N	Y	N	N	N	N	N	N	N	N	N	0.0001	0.0001	0.0000	0.0006	0.0007	0.0000	0.0000	0.0000	0.0000	0.0003	0.0004	0.0000	0.0097	0.0104	0.0000	0.0000	0.0000	0.0000	2.4264	4.2513	0.0121	16.7557	14.6650	0.0073	0.0073	0.0000	0.0122	0.0000	0.0022	-0.0000	-0.1223	3.0011	1.0052	3.7015	4.9545	0.0000	0.0000	0.0000	0.0000	0.0000	0.0000	0.0000	0.0000	0.0000	0.2681	0.2675	0.0006	0.2675	0.2675	0.0000	0.0006	0.0000	0.0006	0.0215	0.0181	0.0034	0.0008	0.0007	0.0000	0.0207	0.0174	0.0033	0.1105	0.0629	0.0476	0.0318	0.0309	0.0009	0.0787	0.0320	0.0467	0.0001	0.0001	0.0000	0.0012	0.0012	0.0000	0.0000	0.0000	0.0000	2.4264	4.2513	0.0121	8.4192	8.6541	0.0073	0.0073	0.0000	0.0122
82	85	0.0497	3	1	1	2	0	0	0	0	0	N	N	Y	N	N	N	N	N	N	N	N	N	0.1143	0.5474	0.0000	22.3819	23.2815	0.0000	0.0000	0.0000	0.0000	0.0622	0.0738	0.0000	5.1146	5.3793	0.0000	0.0000	0.0000	0.0000	0.5439	0.1348	1.0953	0.2285	0.2311	0.0354	0.7058	0.0001	1.1063	0.0000	6.0305	-0.0006	0.0508	3.0011	0.9968	3.7015	7.6169	0.0013	0.0013	0.0000	0.0013	0.0013	0.0000	0.0000	0.0000	0.0000	0.1272	0.0181	0.1091	0.0181	0.0181	0.0000	0.1091	0.0000	0.1091	0.0211	0.0178	0.0033	0.0003	0.0002	0.0000	0.0209	0.0175	0.0033	0.2339	0.1343	0.0996	0.0793	0.0783	0.0010	0.1546	0.0560	0.0986	0.1143	0.5474	0.0000	22.3819	23.2815	0.0000	0.0000	0.0000	0.0000	0.5439	0.1348	1.0953	0.2285	0.2311	0.0354	0.7058	0.0001	1.1063
82	86	0.2175	6	1	2	1	0	0	0	0	0	N	Y	N	N	N	N	N	N	N	N	N	N	0.0000	0.0000	0.0000	0.0000	0.0000	0.0000	0.0000	0.0000	0.0000	0.0000	0.0000	0.0000	0.0000	0.0000	0.0000	0.0000	0.0000	0.0000	0.0087	0.0124	0.0003	0.0027	0.0032	0.0009	0.0143	0.0243	0.0000	0.0110	0.0000	-0.0010	3.0011	5.8060	3.7015	6.1034	0.0000	0.0000	0.0000	0.0000	0.0000	0.0000	0.0000	0.0000	0.0000	0.0023	0.0022	0.0000	0.0003	0.0003	0.0000	0.0019	0.0019	0.0000	0.1409	0.1189	0.0220	0.0215	0.0208	0.0007	0.1195	0.0982	0.0213	0.2585	0.1799	0.0787	0.1255	0.1015	0.0240	0.1330	0.0784	0.0547	0.0000	0.0000	0.0000	0.0000	0.0000	0.0000	0.0000	0.0000	0.0000	0.0087	0.0124	0.0003	0.0027	0.0032	0.0009	0.0143	0.0243	0.0000	
82	87	0.1236	5	1	2	1	0	0	0	0	0	N	Y	N	N	N	N	N	N	N	N	N	N	0.0000	0.0000	0.0237	0.0089	0.0138	0.0000	0.0000	0.0000	0.0352	0.0001	0.0000	0.0003	0.0002	0.0002	0.0000	0.0000	0.0000	0.0003	2.8641	4.7214	0.0125	0.0174	0.0122	0.0561	3.8906	7.5527	0.0086	5.0813	0.0017	0.0000	-0.4677	3.0011	12.2869	3.7015	21.7146	0.0000	0.0000	0.0000	0.0000	0.0000	0.0000	0.0000	0.0000	0.0000	1.0241	1.0224	0.0017	0.0016	0.0010	0.0006	1.0225	1.0214	0.0011	0.2236	0.1897	0.0338	0.0126	0.0117	0.0009	0.2110	0.1781	0.0329	0.3576	0.2187	0.1388	0.0948	0.0835	0.0113	0.2628	0.1352	0.1276	0.0000	0.0000	0.0237	0.0089	0.0138	0.0000	0.0000	0.0000	0.0352	2.8641	4.6739	0.0125	0.0174	0.0122	0.0561	3.8906	7.5527	0.0086
82	88	0.0271	2	0	2	1	0	0	0	0	0	N	Y	N	N	N	N	N	N	N	N	N	N	0.0000	0.0000	0.0000	0.0011	0.0012	0.0000	0.0000	0.0000	0.0000	0.0000	0.0000	0.0000	0.0011	0.0012	0.0000	0.0000	0.0000	0.0000	0.5305	0.7202	0.3043	1.0008	1.0068	0.0212	0.2280	0.0000	0.3058	0.0288	0.3543	-0.0000	-0.0565	3.0011	4.0005	3.7015	9.0093	0.0000	0.0000	0.0000	0.0000	0.0000	0.0000	0.0000	0.0000	0.0000	0.2873	0.2122	0.0752	0.2122	0.2122	0.0000	0.0751	0.0000	0.0751	0.0830	0.0700	0.0130	0.0004	0.0004	0.0000	0.0826	0.0696	0.0130	0.5416	0.2946	0.2470	0.2120	0.2107	0.0013	0.3296	0.0839	0.2457	0.0000	0.0000	0.0000	0.0011	0.0012	0.0000	0.0000	0.0000	0.0000	0.5305	0.7202	0.3043	1.0008	1.0068	0.0212	0.2280	0.0000	0.3058
82	90	0.2459	7	0	1	2	0	0	0	0	0	N	N	Y	N	N	N	N	N	N	N	N	N	0.1007	0.0834	0.0000	0.1714	0.1658	0.0000	0.0000	0.0000	0.0000	0.0003	0.0003	0.0000	0.0010	0.0010	0.0000	0.0000	0.0000	0.0000	0.0027	0.0037	0.0001	0.0056	0.0063	0.0005	0.0000	0.0000	0.0000	0.0000	0.0117	-0.0000	-0.0001	3.0011	2.3559	3.7015	7.1930	0.0000	0.0000	0.0000	0.0000	0.0000	0.0000	0.0000	0.0000	0.0000	0.0003	0.0003	0.0000	0.0003	0.0003	0.0000	0.0000	0.0000	0.0000	0.0532	0.0459	0.0074	0.0150	0.0137	0.0012	0.0383	0.0322	0.0061	0.1226	0.0866	0.0360	0.0586	0.0513	0.0072	0.0641	0.0353	0.0288	0.1007	0.0834	0.0000	0.1714	0.1658	0.0000	0.0000	0.0000	0.0000	0.0027	0.0037	0.0001	0.0056	0.0063	0.0005	0.0000	0.0000	0.0000
82	91	0.2131	6	0	1	1	0	0	0	0	0	N	N	N	N	N	N	N	N	N	N	N	N	0.8482	0.7056	0.0847	1.5203	1.3678	0.0109	0.1249	0.1077	0.1009	0.0175	0.0199	0.0000	0.0577	0.0600	0.0000	0.0001	0.0001	0.0001	0.0206	0.0283	0.0006	0.0380	0.0439	0.0007	0.0008	0.0010	0.0005	0.0003	0.0076	-0.0012	-0.0031	3.0011	4.9284	3.7015	11.0439	0.0028	0.0028	0.0000	0.0028	0.0028	0.0000	0.0000	0.0000	0.0000	0.0070	0.0069	0.0001	0.0068	0.0068	0.0000	0.0001	0.0001	0.0000	0.1621	0.1419	0.0201	0.0489	0.0470	0.0018	0.1132	0.0949	0.0183	0.3376	0.2442	0.0934	0.1800	0.1554	0.0246	0.1576	0.0888	0.0688	0.8482	0.7056	0.0847	1.5203	1.3678	0.0109	0.1249	0.1077	0.1009	0.0206	0.0283	0.0006	0.0380	0.0439	0.0007	0.0008	0.0010	0.0005
82	92	0.1236	5	0	1	1	0	0	0	0	0	N	N	N	N	N	N	N	N	N	N	N	N	0.5564	0.4228	0.0000	0.5088	0.4843	0.0000	1.0418	0.7322	0.0000	0.0270	0.0318	0.0000	0.0590	0.0636	0.0000	0.0250	0.0297	0.0000	0.0484	0.0753	0.0061	0.1161	0.1313	0.0025	0.0240	0.0406	0.0065	0.0000	0.0517	-0.0009	-0.0069	3.0011	3.9161	3.7015	29.2065	0.0020	0.0020	0.0000	0.0002	0.0002	0.0000	0.0017	0.0017	0.0000	0.0170	0.0161	0.0008	0.0108	0.0108	0.0000	0.0062	0.0054	0.0008	0.0742	0.0628	0.0114	0.0042	0.0039	0.0003	0.0700	0.0589	0.0111	0.3500	0.2141	0.1359	0.0929	0.0819	0.0110	0.2571	0.1322	0.1249	0.5564	0.4228	0.0000	0.5088	0.4843	0.0000	1.0418	0.7322	0.0000	0.0484	0.0753	0.0061	0.1161	0.1313	0.0025	0.0240	0.0406	0.0065
82	93	0.6641	11	1	2	1	0	0	0	0	0	N	Y	N	N	N	N	N	N	N	N	N	N	0.0000	0.0000	0.0445	0.0000	0.0000	0.0337	0.0027	0.0000	0.0606	0.0000	0.0000	0.0000	0.0000	0.0000	0.0000	0.0000	0.0000	0.0000	0.0040	0.0058	0.0000	0.0067	0.0081	0.0000	0.0001	0.0001	0.0000	inf	0.0018	0.0000	-0.0002	3.0011	2.5103	3.7015	7.4742	0.0000	0.0000	0.0000	0.0000	0.0000	0.0000	0.0000	0.0000	0.0000	0.0004	0.0004	0.0000	0.0004	0.0004	0.0000	0.0000	0.0000	0.0000	0.0558	0.0487	0.0071	0.0226	0.0211	0.0016	0.0331	0.0277	0.0055	0.0932	0.0646	0.0286	0.0559	0.0462	0.0097	0.0373	0.0185	0.0188	0.0000	0.0000	0.0445	0.0000	0.0000	0.0337	0.0027	0.0000	0.0606	0.0040	0.0058	0.0000	0.0067	0.0081	0.0000	0.0001	0.0001	0.0000
82	94	0.6279	10	0	2	1	0	0	0	0	0	N	Y	N	N	N	N	N	N	N	N	N	N	0.0000	0.0001	0.0000	0.0001	0.0009	0.0000	0.0000	0.0000	0.0000	0.0000	0.0000	0.0000	0.0000	0.0000	0.0000	0.0000	0.0000	0.0000	0.0030	0.0009	0.0080	0.0008	0.0001	0.0037	0.0068	0.0030	0.0106	0.0000	3.6639	-0.0000	0.0001	3.0011	7.1305	3.7015	3.2426	0.0000	0.0000	0.0000	0.0000	0.0000	0.0000	0.0000	0.0000	0.0000	0.0004	0.0001	0.0003	0.0001	0.0000	0.0001	0.0003	0.0001	0.0002	0.1769	0.1561	0.0208	0.0662	0.0625	0.0036	0.1108	0.0936	0.0172	0.1251	0.0883	0.0368	0.0784	0.0646	0.0139	0.0466	0.0238	0.0229	0.0000	0.0001	0.0000	0.0001	0.0009	0.0000	0.0000	0.0000	0.0000	0.0030	0.0009	0.0080	0.0008	0.0001	0.0037	0.0068	0.0030	0.0106
82	95	0.0497	3	1	2	1	0	0	0	0	0	N	Y	N	N	N	N	N	N	N	N	N	N	0.0119	0.0590	0.0000	2.0238	2.1046	0.0000	0.0000	0.0000	0.0081	0.0096	0.0000	0.8273	0.8818	0.0000	0.0000	0.0000	0.0000	0.6790	0.1626	1.4015	0.4088	0.4190	0.0666	0.7611	0.0000	1.4235	0.0000	6.1622	-0.0006	0.1241	3.0011	8.0000	3.7015	22.5660	0.0013	0.0013	0.0000	0.0013	0.0013	0.0000	0.0000	0.0000	0.0000	0.3087	0.0431	0.2656	0.0433	0.0431	0.0002	0.2654	0.0000	0.2654	0.1630	0.1376	0.0254	0.0016	0.0015	0.0001	0.1614	0.1361	0.0253	0.4546	0.2651	0.1895	0.1059	0.1029	0.0031	0.3487	0.1623	0.1864	0.0119	0.0590	0.0000	2.0238	2.1046	0.0000	0.0000	0.0000	0.0000	0.6790	0.1626	1.4015	0.4088	0.4190	0.0666	0.7611	0.0000	1.4235	
82	96	0.1236	5	0	1	1	0	0	0	0	0	N	N	N	N	N	N	N	N	N	N	N	N	0.0000	0.0000	0.0000	0.0000	0.0000	0.0000	0.0000	0.0000	0.0000	0.0000	0.0000	0.0000	0.0000	0.0000	0.0000	0.0000	0.0000	0.0000	0.0343	0.0561	0.0000	0.1287	0.1460	0.0000	0.0001	0.0001	0.0000	0.0002	0.0000	-0.0052	3.0011	11.9964	3.7015	18.8414	0.0000	0.0000	0.0000	0.0000	0.0000	0.0000	0.0000	0.0000	0.0000	0.0113	0.0113	0.0000	0.0113	0.0113	0.0000	0.0000	0.0000	0.0000	0.2186	0.1855	0.0331	0.0123	0.0114	0.0009	0.2063	0.1741	0.0322	0.3301	0.2020	0.1281	0.0880	0.0776	0.0104	0.2421	0.1244	0.1177	0.0000	0.0000	0.0000	0.0000	0.0000	0.0000	0.0000	0.0000	0.0000	0.0343	0.0561	0.0000	0.1287	0.1460	0.0000	0.0001	0.0001	0.0000	
82	98	0.0802	5	1	2	2	0	0	0	0	0	N	Y	Y	N	N	N	N	N	N	N	N	N	0.0375	0.0000	2.7983	0.0471	0.0000	102.3427	0.0000	0.0000	0.0002	0.0523	0.0000	0.3610	0.3657	0.0000	6.3786	0.0000	0.0000	0.0000	1.3966	2.2145	0.1290	7.7629	7.1405	0.0623	0.0825	0.0346	0.1319	inf	0.0376	0.0007	-0.1230	3.0011	0.9502	3.7015	16.1595	0.0013	0.0000	0.0013	0.0013	0.0000	0.0013	0.0000	0.0000	0.0000	0.2915	0.2809	0.0106	0.2783	0.2781	0.0002	0.0131	0.0028	0.0103	0.0239	0.0205	0.0035	0.0034	0.0032	0.0002	0.0205	0.0172	0.0033	0.2087	0.1269	0.0818	0.0494	0.0460	0.0034	0.1593	0.0809	0.0784	0.0375	0.0000	2.7983	0.0650	0.0000	102.3427	0.0000	0.0000	0.0002	1.3966	2.2145	0.1290	5.6297	6.0471	0.0623	0.0825	0.0346	0.1319
82	99	0.1236	5	0	2	1	0	0	0	0	0	N	Y	N	N	N	N	N	N	N	N	N	N	0.0000	0.0000	0.0000	0.0000	0.0000	0.0000	0.0000	0.0000	0.0000	0.0000	0.0000	0.0000	0.0000	0.0000	0.0000	0.0000	0.0000	0.0000	0.5084	0.8248	0.0092	1.8882	2.1313	0.0677	0.0021	0.0003	0.0040	0.0071	0.0000	-0.0692	3.0011	11.9964	3.7015	15.6499	0.0000	0.0000	0.0000	0.0000	0.0000	0.0000	0.0000	0.0000	0.0000	0.1534	0.1523	0.0011	0.1529	0.1523	0.0006	0.0005	0.0000	0.0004	0.2186	0.1855	0.0331	0.0123	0.0114	0.0009	0.2063	0.1741	0.0322	0.3017	0.1846	0.1170	0.0810	0.0714	0.0095	0.2207	0.1132	0.1075	0.0000	0.0000	0.0000	0.0000	0.0000	0.0000	0.0000	0.0000	0.0000	0.5084	0.8248	0.0092	1.8882	2.1313	0.0677	0.0021	0.0003	0.0040	
82	100	0.0831	6	1	1	2	0	0	0	0	0	N	N	Y	N	N	N	N	N	N	N	N	N	0.0152	0.0904	0.0000	0.3892	0.4055	0.0000	0.0003	0.0314	0.0000	0.0001	0.0001	0.0000	0.0007	0.0008	0.0000	0.0000	0.0000	0.0000	0.0036	0.0007	0.0080	0.0018	0.0019	0.0005	0.0042	0.0001	0.0083	0.0000	7.3220	-0.0000	0.0003	3.0011	1.0008	3.7015	13.9255	0.0000	0.0000	0.0000	0.0000	0.0000	0.0000	0.0000	0.0000	0.0000	0.0007	0.0001	0.0006	0.0001	0.0001	0.0000	0.0006	0.0000	0.0006	0.0213	0.0180	0.0033	0.0016	0.0015	0.0001	0.0197	0.0166	0.0031	0.1801	0.1085	0.0716	0.0419	0.0388	0.0031	0.1382	0.0697	0.0685	0.0152	0.0904	0.0000	0.3892	0.4055	0.0000	0.0003	0.0314	0.0000	0.0036	0.0007	0.0080	0.0018	0.0019	0.0005	0.0042	0.0001	0.0083
82	101	0.0802	5	1	1	2	0	0	0	0	0	N	N	Y	N	N	N	N	N	N	N	N	N	0.4846	0.5972	0.0599	0.7216	0.7105	9.2764	0.0015	0.0524	0.0000	0.0138	0.0153	0.0020	0.0333	0.0339	0.0155	0.0000	0.0000	0.0000	0.0285	0.0256	0.0341	0.0461	0.0477	0.0017	0.0188	0.0006	0.0353	0.0162	0.7206	-0.0000	-0.0001	3.0011	0.0532	3.7015	2.0467	0.0001	0.0001	0.0000	0.0001	0.0001	0.0000	0.0000	0.0000	0.0000	0.0014	0.0008	0.0006	0.0008	0.0008	0.0000	0.0006	0.0000	0.0006	0.0049	0.0044	0.0005	0.0021	0.0020	0.0001	0.0029	0.0024	0.0005	0.0484	0.0314	0.0170	0.0172	0.0166	0.0006	0.0312	0.0148	0.0164	0.4846	0.5972	0.0599	0.7216	0.7105	9.2764	0.0015	0.0524	0.0000	0.0285	0.0256	0.0341	0.0461	0.0477	0.0017	0.0188	0.0006	0.0353
82	102	0.0705	4	1	1	2	0	0	0	0	0	N	N	Y	N	N	N	N	N	N	N	N	N	0.1197	0.0849	0.3081	0.5853	0.3081	15.8403	0.0003	0.0093	0.0000	0.0027	0.0016	0.0089	0.0251	0.0136	0.1833	0.0000	0.0000	0.0000	0.0224	0.0187	0.0288	0.0429	0.0440	0.0116	0.0146	0.0004	0.0293	0.9855	0.8820	0.0000	0.0000	3.0011	2.0948	3.7015	3.0326	0.0001	0.0001	0.0001	0.0001	0.0001	0.0001	0.0000	0.0000	0.0000	0.0019	0.0010	0.0009	0.0010	0.0010	0.0000	0.0009	0.0000	0.0009	0.0480	0.0408	0.0072	0.0051	0.0048	0.0003	0.0429	0.0361	0.0068	0.0845	0.0538	0.0307	0.0233	0.0225	0.0008	0.0612	0.0313	0.0299	0.1197	0.0849	0.3081	0.5853	0.3081	15.8403	0.0003	0.0093	0.0000	0.0224	0.0187	0.0288	0.0429	0.0440	0.0116	0.0146	0.0004	0.0293
82	103	0.0497	3	1	1	2	0	0	0	0	0	N	N	Y	N	N	N	N	N	N	N	N	N	0.0308	0.3309	0.0000	16.1583	17.0436	0.0000	0.0000	0.0000	0.0000	0.0153	0.0181	0.0000	1.5103	1.6062	0.0000	0.0000	0.0000	0.0000	0.4944	0.0547	1.0873	0.0935	0.0942	0.0360	0.6985	0.0001	1.0984	0.0000	14.7521	-0.0006	0.0558	3.0011	3.9484	3.7015	4.8420	0.0013	0.0013	0.0000	0.0013	0.0013	0.0000	0.0000	0.0000	0.0000	0.1166	0.0074	0.1092	0.0074	0.0074	0.0000	0.1092	0.0000	0.1092	0.0821	0.0692	0.0129	0.0008	0.0008	0.0000	0.0813	0.0684	0.0128	0.2358	0.1354	0.1004	0.0796	0.0785	0.0010	0.1563	0.0569	0.0994	0.0308	0.3309	0.0000	16.1583	17.0436	0.0000	0.0000	0.0000	0.0000	0.4944	0.0547	1.0873	0.0935	0.0942	0.0360	0.6985	0.0001	1.0984
82	104	0.1559	6	0	2	1	0	0	0	0	0	N	Y	N	N	N	N	N	N	N	N	N	N	0.0000	0.0000	0.0000	0.0000	0.0000	0.0000	0.0000	0.0000	0.0000	0.0000	0.0000	0.0000	0.0000	0.0000	0.0000	0.0000	0.0000	0.0000	0.0046	0.0071	0.0005	0.0031	0.0030	0.0040	0.0052	0.0100	0.0000	0.0477	0.0000	-0.0008	3.0011	8.9557	3.7015	32.3127	0.0000	0.0000	0.0000	0.0000	0.0000	0.0000	0.0000	0.0000	0.0000	0.0020	0.0019	0.0001	0.0004	0.0003	0.0001	0.0016	0.0016	0.0000	0.2162	0.1851	0.0311	0.0504	0.0460	0.0044	0.1658	0.1391	0.0267	0.4375	0.2713	0.1661	0.1356	0.1140	0.0216	0.3019	0.1573	0.1446	0.0000	0.0000	0.0000	0.0000	0.0000	0.0000	0.0000	0.0000	0.0000	0.0046	0.0071	0.0005	0.0031	0.0030	0.0040	0.0052	0.0100	0.0000	
82	105	0.1813	7	0	1	2	0	0	0	0	0	N	N	Y	N	N	N	N	N	N	N	N	N	0.0000	0.0000	0.0000	0.0000	0.0000	0.0000	0.0000	0.0000	0.0000	0.0000	0.0000	0.0000	0.0000	0.0000	0.0000	0.0000	0.0000	0.0000	0.0003	0.0005	0.0000	0.0009	0.0010	0.0001	0.0000	0.0000	0.0000	0.0282	0.0000	-0.0000	3.0011	4.2679	3.7015	7.8415	0.0000	0.0000	0.0000	0.0000	0.0000	0.0000	0.0000	0.0000	0.0000	0.0000	0.0000	0.0000	0.0000	0.0000	0.0000	0.0000	0.0000	0.0000	0.0983	0.0827	0.0156	0.0144	0.0137	0.0007	0.0838	0.0690	0.0148	0.1440	0.0895	0.0545	0.0473	0.0398	0.0075	0.0967	0.0497	0.0470	0.0000	0.0000	0.0000	0.0000	0.0000	0.0000	0.0000	0.0000	0.0000	0.0003	0.0005	0.0000	0.0009	0.0010	0.0001	0.0000	0.0000	0.0000	
82	106	0.1559	6	0	1	1	0	0	0	0	0	N	N	N	N	N	N	N	N	N	N	N	N	0.0000	0.0000	0.0000	0.0000	0.0000	0.0000	0.0000	0.0000	0.0000	0.0000	0.0000	0.0000	0.0000	0.0000	0.0000	0.0000	0.0000	0.0000	0.0119	0.0164	0.0037	0.0039	0.0029	0.0097	0.0166	0.0296	0.0025	0.1252	0.0000	-0.0007	3.0011	1.9301	3.7015	9.0954	0.0000	0.0000	0.0000	0.0000	0.0000	0.0000	0.0000	0.0000	0.0000	0.0020	0.0017	0.0002	0.0002	0.0002	0.0001	0.0017	0.0016	0.0001	0.0800	0.0697	0.0104	0.0398	0.0362	0.0036	0.0402	0.0334	0.0068	0.1648	0.1058	0.0590	0.0618	0.0523	0.0095	0.1030	0.0536	0.0494	0.0000	0.0000	0.0000	0.0000	0.0000	0.0000	0.0000	0.0000	0.0000	0.0119	0.0164	0.0037	0.0039	0.0029	0.0097	0.0166	0.0296	0.0025	
82	107	0.1236	5	0	1	1	0	0	0	0	0	N	N	N	N	N	N	N	N	N	N	N	N	0.0000	0.0000	0.0000	0.0000	0.0000	0.0000	0.0000	0.0000	0.0000	0.0000	0.0000	0.0000	0.0000	0.0000	0.0000	0.0000	0.0000	0.0000	0.2040	0.3206	0.0171	0.0187	0.0062	0.1188	0.2779	0.5405	0.0079	0.0333	-0.0000	-0.0145	3.0011	3.9049	3.7015	9.6098	0.0000	0.0000	0.0000	0.0000	0.0000	0.0000	0.0000	0.0000	0.0000	0.0339	0.0328	0.0011	0.0009	0.0003	0.0006	0.0330	0.0326	0.0005	0.0740	0.0626	0.0113	0.0042	0.0039	0.0003	0.0698	0.0587	0.0110	0.1664	0.1024	0.0639	0.0474	0.0422	0.0053	0.1189	0.0603	0.0586	0.0000	0.0000	0.0000	0.0000	0.0000	0.0000	0.0000	0.0000	0.0000	0.2040	0.3206	0.0171	0.0187	0.0062	0.1188	0.2779	0.5405	0.0079	
82	108	0.1448	7	0	2	1	0	0	0	0	0	N	Y	N	N	N	N	N	N	N	N	N	N	0.0000	0.0000	0.0000	0.0000	0.0000	0.0000	0.0000	0.0000	0.0000	0.0000	0.0000	0.0000	0.0000	0.0000	0.0000	0.0000	0.0000	0.0000	0.0012	0.0018	0.0001	0.0036	0.0040	0.0001	0.0001	0.0000	0.0002	0.0463	0.0000	-0.0002	3.0011	8.0392	3.7015	22.6195	0.0000	0.0000	0.0000	0.0000	0.0000	0.0000	0.0000	0.0000	0.0000	0.0004	0.0004	0.0000	0.0004	0.0004	0.0000	0.0000	0.0000	0.0000	0.1629	0.1385	0.0244	0.0187	0.0175	0.0013	0.1442	0.1211	0.0231	0.3502	0.2223	0.1278	0.1098	0.0966	0.0132	0.2404	0.1257	0.1146	0.0000	0.0000	0.0000	0.0000	0.0000	0.0000	0.0000	0.0000	0.0000	0.0012	0.0018	0.0001	0.0036	0.0040	0.0001	0.0001	0.0000	0.0002	
82	109	0.1448	6	0	1	1	0	0	0	0	0	N	N	N	N	N	N	N	N	N	N	N	N	0.0000	0.0000	0.0000	0.0000	0.0000	0.0000	0.0000	0.0000	0.0000	0.0000	0.0000	0.0000	0.0000	0.0000	0.0000	0.0000	0.0000	0.0000	0.0102	0.0071	0.0193	0.0220	0.0123	0.2188	0.0011	0.0007	0.0018	0.9052	0.0000	0.0000	3.0011	0.2031	3.7015	2.0398	0.0000	0.0000	0.0000	0.0000	0.0000	0.0000	0.0000	0.0000	0.0000	0.0008	0.0004	0.0004	0.0007	0.0004	0.0003	0.0000	0.0000	0.0000	0.0103	0.0086	0.0017	0.0035	0.0035	0.0000	0.0068	0.0051	0.0017	0.0737	0.0553	0.0185	0.0320	0.0305	0.0015	0.0417	0.0247	0.0170	0.0000	0.0000	0.0000	0.0000	0.0000	0.0000	0.0000	0.0000	0.0000	0.0102	0.0071	0.0193	0.0220	0.0123	0.2188	0.0011	0.0007	0.0018	
82	110	0.7253	12	1	1	2	0	0	0	0	0	N	N	Y	N	N	N	N	N	N	N	N	N	0.0000	0.0000	0.0000	0.0000	0.0000	0.0000	0.0000	0.0000	0.0000	0.0000	0.0000	0.0000	0.0000	0.0000	0.0000	0.0000	0.0000	0.0000	0.0000	0.0000	3.0011	0.0001	3.7015	0.0001	0.0000	0.0000	0.0000	0.0000	0.0000	0.0000	0.0000	0.0000	0.0000	0.0000	0.0000	0.0000	0.0000	0.0000	0.0000	0.0000	0.0000	0.0000	0.0021	0.0016	0.0004	0.0010	0.0010	0.0000	0.0010	0.0006	0.0004	0.0001	0.0000	0.0000	0.0000	0.0000	0.0000	0.0000	0.0000	0.0000	0.0000	0.0000	0.0000	0.0000	0.0000	0.0000	0.0000	0.0000	0.0000	0.0000	0.0000	0.0000	0.0000	0.0000	0.0000	0.0000	0.0000	0.0000											
82	111	0.7114	11	1	1	2	0	0	0	0	0	N	N	Y	N	N	N	N	N	N	N	N	N	0.0000	0.0000	0.0000	0.0000	0.0000	0.0000	0.0000	0.0000	0.0000	0.0000	0.0000	0.0000	0.0000	0.0000	0.0000	0.0000	0.0000	0.0000	0.0004	0.0005	0.0000	0.0005	0.0007	0.0000	0.0000	0.0000	0.0000	0.0059	0.0000	-0.0000	3.0011	1.6718	3.7015	2.9223	0.0000	0.0000	0.0000	0.0000	0.0000	0.0000	0.0000	0.0000	0.0000	0.0000	0.0000	0.0000	0.0000	0.0000	0.0000	0.0000	0.0000	0.0000	0.0372	0.0324	0.0048	0.0113	0.0107	0.0007	0.0258	0.0217	0.0041	0.0633	0.0448	0.0185	0.0438	0.0348	0.0089	0.0195	0.0099	0.0096	0.0000	0.0000	0.0000	0.0000	0.0000	0.0000	0.0000	0.0000	0.0000	0.0004	0.0005	0.0000	0.0005	0.0007	0.0000	0.0000	0.0000	0.0000	
82	112	0.6279	10	1	1	2	0	0	0	0	0	N	N	Y	N	N	N	N	N	N	N	N	N	0.0000	0.0000	0.0000	0.0000	0.0000	0.0000	0.0000	0.0000	0.0000	0.0000	0.0000	0.0000	0.0000	0.0000	0.0000	0.0000	0.0000	0.0000	0.0001	0.0000	0.0002	0.0000	0.0000	0.0001	0.0002	0.0001	0.0003	4.6703	0.0000	0.0000	3.0011	14.0283	3.7015	7.1084	0.0000	0.0000	0.0000	0.0000	0.0000	0.0000	0.0000	0.0000	0.0000	0.0000	0.0000	0.0000	0.0000	0.0000	0.0000	0.0000	0.0000	0.0000	0.2862	0.2512	0.0350	0.0967	0.0906	0.0060	0.1895	0.1605	0.0290	0.2126	0.1494	0.0632	0.1283	0.1062	0.0221	0.0843	0.0432	0.0410	0.0000	0.0000	0.0000	0.0000	0.0000	0.0000	0.0000	0.0000	0.0000	0.0001	0.0000	0.0002	0.0000	0.0000	0.0001	0.0002	0.0001	0.0003	
82	113	0.5676	9	0	1	1	0	0	0	0	0	N	N	N	N	N	N	N	N	N	N	N	N	0.0000	0.0000	0.0000	0.0000	0.0000	0.0000	0.0000	0.0000	0.0000	0.0000	0.0000	0.0000	0.0000	0.0000	0.0000	0.0000	0.0000	0.0000	0.0116	0.0161	0.0001	0.0188	0.0231	0.0001	0.0001	0.0002	0.0001	0.0022	0.0000	-0.0013	3.0011	8.6129	3.7015	5.1709	0.0000	0.0000	0.0000	0.0000	0.0000	0.0000	0.0000	0.0000	0.0000	0.0028	0.0028	0.0000	0.0028	0.0028	0.0000	0.0000	0.0000	0.0000	0.2300	0.2039	0.0261	0.0810	0.0769	0.0041	0.1490	0.1270	0.0220	0.2427	0.1742	0.0685	0.1489	0.1213	0.0275	0.0938	0.0529	0.0409	0.0000	0.0000	0.0000	0.0000	0.0000	0.0000	0.0000	0.0000	0.0000	0.0116	0.0161	0.0001	0.0188	0.0231	0.0001	0.0001	0.0002	0.0001	
82	114	0.4725	8	0	1	1	0	0	0	0	0	N	N	N	N	N	N	N	N	N	N	N	N	0.0000	0.0000	0.0000	0.0000	0.0000	0.0000	0.0000	0.0000	0.0000	0.0000	0.0000	0.0000	0.0000	0.0000	0.0000	0.0000	0.0000	0.0000	0.1967	0.2287	0.1214	0.3049	0.3271	0.2335	0.0151	0.0181	0.0108	0.0227	0.2258	-0.0000	-0.0318	3.0011	16.8607	3.7015	22.7724	0.0000	0.0000	0.0000	0.0000	0.0000	0.0000	0.0000	0.0000	0.0000	0.1161	0.0947	0.0214	0.1127	0.0923	0.0204	0.0033	0.0024	0.0010	0.3409	0.2958	0.0451	0.0938	0.0862	0.0077	0.2471	0.2097	0.0374	0.5902	0.4141	0.1761	0.3696	0.2822	0.0874	0.2205	0.1319	0.0886	0.0000	0.0000	0.0000	0.0000	0.0000	0.0000	0.0000	0.0000	0.0000	0.1967	0.2287	0.1214	0.3049	0.3271	0.2335	0.0151	0.0181	0.0108
82	115	0.1000	5	1	1	2	0	0	0	0	0	N	N	Y	N	N	N	N	N	N	N	N	N	0.0000	0.0000	0.0000	0.0000	0.0000	0.0000	0.0000	0.0000	0.0000	0.0000	0.0000	0.0000	0.0000	0.0000	0.0000	0.0000	0.0000	0.0000	0.0026	0.0041	0.0000	0.0076	0.0079	0.0003	0.0000	0.0000	0.0000	0.0062	0.0000	-0.0001	3.0011	1.0009	3.7015	4.0038	0.0000	0.0000	0.0000	0.0000	0.0000	0.0000	0.0000	0.0000	0.0000	0.0003	0.0003	0.0000	0.0003	0.0003	0.0000	0.0000	0.0000	0.0000	0.0221	0.0188	0.0034	0.0015	0.0015	0.0001	0.0206	0.0173	0.0033	0.1103	0.0700	0.0404	0.0382	0.0364	0.0018	0.0721	0.0336	0.0386	0.0000	0.0000	0.0000	0.0000	0.0000	0.0000	0.0000	0.0000	0.0000	0.0026	0.0041	0.0000	0.0076	0.0079	0.0003	0.0000	0.0000	0.0000	
82	116	0.0717	4	1	1	2	0	0	0	0	0	N	N	Y	N	N	N	N	N	N	N	N	N	0.0018	0.0036	0.0000	0.0094	0.0090	0.0155	0.0000	0.0000	0.0000	0.0004	0.0004	0.0000	0.0021	0.0021	0.0006	0.0000	0.0000	0.0000	0.2011	0.1154	0.3294	0.2259	0.2377	0.0374	0.1900	0.0009	0.3433	0.0039	1.9050	-0.0000	0.0089	3.0011	1.8441	3.7015	10.4794	0.0000	0.0000	0.0000	0.0000	0.0000	0.0000	0.0000	0.0000	0.0000	0.0453	0.0156	0.0297	0.0157	0.0155	0.0002	0.0296	0.0001	0.0295	0.0560	0.0480	0.0080	0.0095	0.0094	0.0001	0.0465	0.0386	0.0079	0.2251	0.1350	0.0901	0.0694	0.0653	0.0041	0.1557	0.0697	0.0860	0.0018	0.0036	0.0000	0.0094	0.0090	0.0155	0.0000	0.0000	0.0000	0.2011	0.1154	0.3294	0.2259	0.2377	0.0374	0.1900	0.0009	0.3433
82	117	0.3598	6	0	2	1	1	0	0	0	0	N	Y	N	N	N	N	N	N	N	N	N	N	0.2141	0.1730	0.1414	0.0017	0.0014	0.3743	0.6297	0.4104	0.0647	0.0111	0.0127	0.0000	0.0001	0.0001	0.0001	0.0166	0.0196	0.0000	0.0519	0.0735	0.0002	0.0719	0.0868	0.0003	0.0264	0.0479	0.0002	0.0003	0.0011	-0.0013	-0.0125	3.0011	10.5071	3.7015	20.2622	0.0030	0.0030	0.0000	0.0000	0.0000	0.0000	0.0030	0.0030	0.0000	0.0273	0.0273	0.0000	0.0212	0.0212	0.0000	0.0061	0.0061	0.0000	0.2682	0.2344	0.0337	0.0895	0.0833	0.0062	0.1786	0.1511	0.0275	0.5259	0.3710	0.1548	0.2945	0.2438	0.0507	0.2313	0.1272	0.1041	0.2141	0.1730	0.1414	0.0017	0.0014	0.3743	0.6297	0.4104	0.0647	0.0519	0.0735	0.0002	0.0719	0.0868	0.0003	0.0264	0.0479	0.0002
82	118	0.1236	5	0	2	1	1	0	0	0	0	N	Y	N	N	N	N	N	N	N	N	N	N	0.0000	0.0000	0.0000	0.0000	0.0000	0.0000	0.0000	0.0000	0.0000	0.0000	0.0000	0.0000	0.0000	0.0000	0.0000	0.0000	0.0000	0.0000	0.7260	1.1844	0.0033	0.1155	0.1308	0.0014	0.9482	1.8425	0.0034	0.0018	0.0000	-0.1083	3.0011	4.0036	3.7015	26.5072	0.0000	0.0000	0.0000	0.0000	0.0000	0.0000	0.0000	0.0000	0.0000	0.2372	0.2367	0.0004	0.0101	0.0100	0.0000	0.2271	0.2267	0.0004	0.0756	0.0640	0.0116	0.0043	0.0040	0.0003	0.0713	0.0600	0.0113	0.3266	0.1999	0.1268	0.0871	0.0768	0.0103	0.2395	0.1230	0.1165	0.0000	0.0000	0.0000	0.0000	0.0000	0.0000	0.0000	0.0000	0.0000	0.7260	1.1844	0.0033	0.1155	0.1308	0.0014	0.9482	1.8425	0.0034	
82	119	0.1620	6	0	2	1	0	0	0	0	0	N	Y	N	N	N	N	N	N	N	N	N	N	0.0001	0.0000	0.0007	0.0000	0.0000	0.0050	0.0000	0.0000	0.0007	0.0002	0.0000	0.0016	0.0000	0.0000	0.0000	0.0003	0.0000	0.0017	4.3122	5.4545	2.3225	0.1119	0.1238	0.0069	5.7215	8.8488	2.5249	inf	0.2763	0.0000	-0.3107	3.0011	3.8169	3.7015	21.2433	0.0000	0.0000	0.0000	0.0000	0.0000	0.0000	0.0000	0.0000	0.0000	1.2846	1.0065	0.2781	0.0106	0.0105	0.0001	1.2740	0.9960	0.2780	0.1087	0.0939	0.0148	0.0254	0.0243	0.0012	0.0833	0.0696	0.0137	0.3173	0.1976	0.1197	0.0946	0.0850	0.0096	0.2227	0.1126	0.1101	0.0001	0.0000	0.0007	0.0000	0.0000	0.0050	0.0000	0.0000	0.0007	4.0485	5.0947	2.3225	0.1119	0.1238	0.0069	5.7215	8.8488	2.5249
82	120	0.5077	10	0	2	1	0	0	0	0	0	N	Y	N	N	N	N	N	N	N	N	N	N	0.1088	0.0879	0.0006	0.2110	0.1831	0.0006	0.0000	0.0000	0.0007	0.0054	0.0061	0.0000	0.0171	0.0181	0.0000	0.0000	0.0000	0.0000	0.0492	0.0695	0.0008	0.0810	0.0989	0.0010	0.0016	0.0025	0.0006	0.0000	0.0046	-0.0009	-0.0143	3.0011	16.3276	3.7015	34.9199	0.0020	0.0020	0.0000	0.0020	0.0020	0.0000	0.0000	0.0000	0.0000	0.0314	0.0313	0.0001	0.0310	0.0309	0.0001	0.0004	0.0003	0.0001	0.3697	0.3237	0.0460	0.1157	0.1093	0.0064	0.2540	0.2144	0.0396	0.6387	0.4496	0.1892	0.3826	0.3127	0.0698	0.2561	0.1368	0.1193	0.1088	0.0879	0.0006	0.2110	0.1831	0.0006	0.0000	0.0000	0.0007	0.0492	0.0695	0.0008	0.0810	0.0989	0.0010	0.0016	0.0025	0.0006
82	121	0.4904	9	0	2	1	0	0	0	0	0	N	Y	N	N	N	N	N	N	N	N	N	N	0.0307	0.0314	0.0135	0.1098	0.1053	0.0271	0.0028	0.0014	0.0106	0.0013	0.0014	0.0005	0.0041	0.0043	0.0005	0.0001	0.0001	0.0005	0.0424	0.0455	0.0344	0.0374	0.0409	0.0201	0.0501	0.0562	0.0426	0.0483	0.2905	-0.0001	-0.0040	3.0011	6.1757	3.7015	14.5601	0.0002	0.0002	0.0000	0.0002	0.0002	0.0000	0.0000	0.0000	0.0000	0.0170	0.0131	0.0038	0.0091	0.0082	0.0008	0.0079	0.0049	0.0030	0.1471	0.1280	0.0190	0.0431	0.0409	0.0022	0.1040	0.0872	0.0168	0.3993	0.2885	0.1108	0.2417	0.2016	0.0402	0.1576	0.0870	0.0706	0.0307	0.0314	0.0135	0.1098	0.1053	0.0271	0.0028	0.0014	0.0106	0.0424	0.0455	0.0344	0.0374	0.0409	0.0201	0.0501	0.0562	0.0426
82	122	0.4373	8	0	1	1	0	0	0	0	0	N	N	N	N	N	N	N	N	N	N	N	N	0.0007	0.0004	0.2109	0.0145	0.0120	0.0744	0.0002	0.0001	0.3090	0.0002	0.0001	0.0005	0.0003	0.0003	0.0002	0.0001	0.0001	0.0005	0.2574	0.3566	0.0023	0.0200	0.0246	0.0030	0.6231	1.0098	0.0017	0.4713	0.0025	-0.0000	-0.0695	3.0011	7.5400	3.7015	21.4192	0.0000	0.0000	0.0000	0.0000	0.0000	0.0000	0.0000	0.0000	0.0000	0.1526	0.1522	0.0004	0.0072	0.0070	0.0002	0.1454	0.1452	0.0002	0.1900	0.1658	0.0242	0.0619	0.0581	0.0038	0.1281	0.1077	0.0204	0.5928	0.4267	0.1661	0.3595	0.2829	0.0766	0.2333	0.1438	0.0895	0.0007	0.0004	0.2109	0.0145	0.0120	0.0744	0.0002	0.0001	0.3090	0.2574	0.3566	0.0023	0.0200	0.0246	0.0030	0.6231	1.0098	0.0017
82	123	0.0497	3	0	2	1	0	0	0	0	0	N	Y	N	N	N	N	N	N	N	N	N	N	0.0000	0.0000	0.0000	0.0000	0.0000	0.0000	0.0000	0.0000	0.0000	0.0000	0.0000	0.0000	0.0000	0.0000	0.0000	0.0000	0.0000	0.8329	1.4193	0.0194	3.2737	3.3581	0.0260	0.0106	0.0000	0.0193	0.0099	0.0000	-0.1453	3.0011	4.0019	3.7015	19.5615	0.0000	0.0000	0.0000	0.0000	0.0000	0.0000	0.0000	0.0000	0.0000	0.3238	0.3207	0.0032	0.3207	0.3207	0.0001	0.0031	0.0000	0.0031	0.0832	0.0701	0.0130	0.0008	0.0008	0.0001	0.0823	0.0693	0.0130	0.3888	0.2259	0.1629	0.0980	0.0955	0.0025	0.2908	0.1304	0.1604	0.0000	0.0000	0.0000	0.0000	0.0000	0.0000	0.0000	0.0000	0.0000	0.8329	1.4193	0.0194	3.2737	3.3581	0.0260	0.0106	0.0000	0.0193		
82	126	0.1607	7	0	2	1	0	0	0	0	0	N	Y	N	N	N	N	N	N	N	N	N	N	0.0000	0.0000	0.0000	0.0000	0.0000	0.0000	0.0000	0.0000	0.0000	0.0000	0.0000	0.0000	0.0000	0.0000	0.0000	0.0000	0.0000	0.0000	0.9911	1.5439	0.0001	0.0030	0.0034	0.0002	1.5093	2.8882	0.0001	0.0000	0.0000	-0.1265	3.0011	5.0407	3.7015	17.1705	0.0000	0.0000	0.0000	0.0000	0.0000	0.0000	0.0000	0.0000	0.0000	0.2759	0.2759	0.0000	0.0003	0.0003	0.0000	0.2757	0.2756	0.0000	0.1070	0.0905	0.0165	0.0125	0.0117	0.0007	0.0945	0.0788	0.0158	0.2784	0.1787	0.0997	0.0958	0.0833	0.0125	0.1826	0.0954	0.0872	0.0000	0.0000	0.0000	0.0000	0.0000	0.0000	0.0000	0.0000	0.0000	0.9911	1.5439	0.0001	0.0030	0.0034	0.0002	1.5093	2.8882	0.0001	
82	127	0.1448	6	0	2	1	0	0	0	0	0	N	Y	N	N	N	N	N	N	N	N	N	N	0.0000	0.0000	0.0000	0.0000	0.0000	0.0000	0.0000	0.0000	0.0000	0.0000	0.0000	0.0000	0.0000	0.0000	0.0000	0.0000	0.0000	0.0000	0.0204	0.0273	0.0056	0.0093	0.0083	0.0202	0.0267	0.0455	0.0040	0.0955	0.0000	-0.0010	3.0011	1.9703	3.7015	6.2034	0.0000	0.0000	0.0000	0.0000	0.0000	0.0000	0.0000	0.0000	0.0000	0.0028	0.0025	0.0002	0.0005	0.0004	0.0001	0.0023	0.0022	0.0002	0.0457	0.0387	0.0070	0.0071	0.0067	0.0003	0.0387	0.0320	0.0067	0.1369	0.0933	0.0436	0.0500	0.0457	0.0042	0.0869	0.0476	0.0393	0.0000	0.0000	0.0000	0.0000	0.0000	0.0000	0.0000	0.0000	0.0000	0.0204	0.0273	0.0056	0.0093	0.0083	0.0202	0.0267	0.0455	0.0040	
82	128	0.1236	5	0	1	1	0	0	0	0	0	N	N	N	N	N	N	N	N	N	N	N	N	0.0000	0.0000	0.0000	0.0000	0.0000	0.0000	0.0000	0.0000	0.0000	0.0000	0.0000	0.0000	0.0000	0.0000	0.0000	0.0000	0.0000	0.0000	0.0842	0.1299	0.0099	0.2686	0.2992	0.0093	0.0054	0.0009	0.0099	0.0466	-0.0000	-0.0041	3.0011	1.1032	3.7015	7.8190	0.0000	0.0000	0.0000	0.0000	0.0000	0.0000	0.0000	0.0000	0.0000	0.0100	0.0096	0.0004	0.0096	0.0095	0.0000	0.0004	0.0000	0.0004	0.0213	0.0180	0.0033	0.0013	0.0012	0.0001	0.0200	0.0168	0.0032	0.1189	0.0737	0.0452	0.0356	0.0319	0.0038	0.0833	0.0418	0.0414	0.0000	0.0000	0.0000	0.0000	0.0000	0.0000	0.0000	0.0000	0.0000	0.0842	0.1299	0.0099	0.2686	0.2992	0.0093	0.0054	0.0009	0.0099	
82	129	0.4666	9	0	2	1	0	0	0	0	0	N	Y	N	N	N	N	N	N	N	N	N	N	0.0000	0.0000	0.0000	0.0000	0.0000	0.0000	0.0000	0.0000	0.0000	0.0000	0.0000	0.0000	0.0000	0.0000	0.0000	0.0000	0.0000	0.0001	0.0000	0.0000	0.0001	0.0000	0.0000	0.0001	inf	0.0000	0.0000	3.0011	1.0033	3.7015	0.8635	0.0000	0.0000	0.0000	0.0000	0.0000	0.0000	0.0000	0.0000	0.0000	0.0000	0.0000	0.0000	0.0000	0.0000	0.0000	0.0000	0.0000	0.0000	0.0663	0.0601	0.0062	0.0369	0.0351	0.0019	0.0294	0.0250	0.0044	0.2693	0.2038	0.0654	0.1778	0.1373	0.0405	0.0915	0.0666	0.0249	0.0000	0.0000	0.0000	0.0000	0.0000	0.0000	0.0000	0.0000	0.0000	0.0000	0.0000	0.0001	0.0000	0.0000	0.0001	0.0000	0.0000	0.0001				
82	130	0.4373	8	0	1	1	0	0	0	0	0	N	N	N	N	N	N	N	N	N	N	N	N	0.0084	0.0070	0.0236	0.0242	0.0206	0.0027	0.0003	0.0000	0.0290	0.0017	0.0019	0.0004	0.0048	0.0051	0.0000	0.0001	0.0000	0.0005	0.2072	0.2759	0.0165	0.1975	0.2469	0.0171	0.2238	0.3353	0.0159	0.0290	0.0215	-0.0001	-0.0449	3.0011	5.5514	3.7015	9.9598	0.0003	0.0003	0.0000	0.0003	0.0003	0.0000	0.0000	0.0000	0.0000	0.1028	0.1006	0.0022	0.0616	0.0605	0.0011	0.0411	0.0401	0.0010	0.1533	0.1341	0.0192	0.0543	0.0510	0.0033	0.0990	0.0831	0.0160	0.4960	0.3647	0.1313	0.3121	0.2450	0.0671	0.1838	0.1197	0.0642	0.0084	0.0070	0.0236	0.0242	0.0206	0.0027	0.0003	0.0000	0.0290	0.2072	0.2759	0.0165	0.1975	0.2469	0.0171	0.2238	0.3353	0.0159
82	131	0.4070	7	0	1	1	0	0	0	0	0	N	N	N	N	N	N	N	N	N	N	N	N	0.0021	0.0017	0.0036	0.0059	0.0049	0.0097	0.0008	0.0006	0.0030	0.0004	0.0005	0.0000	0.0010	0.0010	0.0001	0.0002	0.0003	0.0000	0.2093	0.2882	0.0053	0.1623	0.2051	0.0062	0.2828	0.4522	0.0045	0.0056	0.0072	-0.0000	-0.0491	3.0011	9.1969	3.7015	13.4651	0.0001	0.0001	0.0000	0.0001	0.0001	0.0000	0.0000	0.0000	0.0000	0.1088	0.1080	0.0008	0.0514	0.0510	0.0004	0.0573	0.0570	0.0003	0.2210	0.1932	0.0278	0.0621	0.0586	0.0035	0.1589	0.1345	0.0243	0.5197	0.3747	0.1449	0.3169	0.2487	0.0682	0.2028	0.1260	0.0768	0.0021	0.0017	0.0036	0.0059	0.0049	0.0097	0.0008	0.0006	0.0030	0.2093	0.2882	0.0053	0.1623	0.2051	0.0062	0.2828	0.4522	0.0045
82	132	0.2205	9	1	2	1	1	0	0	0	0	N	Y	N	N	N	N	N	N	N	N	N	N	0.0000	0.0000	0.0000	0.0000	0.0000	0.0000	0.0000	0.0000	0.0000	0.0000	0.0000	0.0000	0.0000	0.0034	0.0056	0.0000	0.0126	0.0145	0.0000	0.0000	0.0000	0.0000	0.0000	0.0000	-0.0001	3.0011	1.0000	3.7015	3.0001	0.0000	0.0000	0.0000	0.0000	0.0000	0.0000	0.0000	0.0000	0.0000	0.0001	0.0001	0.0000	0.0001	0.0001	0.0000	0.0000	0.0000	0.0000	0.0203	0.0173	0.0031	0.0018	0.0017	0.0001	0.0185	0.0156	0.0030	0.0447	0.0266	0.0181	0.0119	0.0104	0.0015	0.0328	0.0163	0.0165	0.0000	0.0000	0.0000	0.0000	0.0000	0.0000	0.0000	0.0000	0.0000	0.0034	0.0056	0.0000	0.0126	0.0145	0.0000	0.0000	0.0000	0.0000						
82	133	0.6194	13	1	2	1	1	0	0	0	0	N	Y	N	N	N	N	N	N	N	N	N	N	0.0000	0.0000	0.0000	0.0000	0.0000	0.0000	0.0000	0.0000	0.0000	0.0000	0.0000	0.0000	0.0000	0.0000	0.0000	0.0005	0.0000	0.0018	0.0009	0.0000	0.0050	0.0000	0.0000	0.0000	1040.1596	0.0000	0.0000	3.0011	0.0006	3.7015	1.9797	0.0000	0.0000	0.0000	0.0000	0.0000	0.0000	0.0000	0.0000	0.0000	0.0000	0.0000	0.0000	0.0000	0.0000	0.0000	0.0000	0.0000	0.0000	0.0000	0.0000	0.0000	0.0000	0.0000	0.0000	0.0000	0.0000	0.0000	0.0178	0.0123	0.0055	0.0106	0.0087	0.0020	0.0072	0.0037	0.0035	0.0000	0.0000	0.0000	0.0000	0.0000	0.0000	0.0000	0.0000	0.0000	0.0005	0.0000	0.0018	0.0009	0.0000	0.0050	0.0000	0.0000	0.0000				
82	134	0.6027	12	1	2	1	1	0	0	0	0	N	Y	N	N	N	N	N	N	N	N	N	N	0.0000	0.0000	0.0000	0.0000	0.0000	0.0000	0.0000	0.0000	0.0000	0.0000	0.0000	0.0000	0.0000	0.0000	0.0000	0.0002	0.0002	0.0000	0.0003	0.0003	0.0000	0.0000	0.0000	0.0000	0.0224	0.0000	-0.0000	3.0011	2.0077	3.7015	6.0321	0.0000	0.0000	0.0000	0.0000	0.0000	0.0000	0.0000	0.0000	0.0000	0.0000	0.0000	0.0000	0.0000	0.0000	0.0000	0.0000	0.0000	0.0000	0.0396	0.0344	0.0053	0.0117	0.0108	0.0009	0.0279	0.0236	0.0044	0.0658	0.0450	0.0208	0.0389	0.0312	0.0077	0.0269	0.0138	0.0131	0.0000	0.0000	0.0000	0.0000	0.0000	0.0000	0.0000	0.0000	0.0000	0.0002	0.0002	0.0000	0.0003	0.0003	0.0000	0.0000	0.0000	0.0000				
82	135	0.5979	12	0	2	1	1	0	0	0	0	N	Y	N	N	N	N	N	N	N	N	N	N	0.0008	0.0000	11.5013	0.0006	0.0000	38.4866	1.3878	0.0000	7.4564	0.0000	0.0000	0.0001	0.0000	0.0000	0.0001	0.0000	0.0000	0.0000	0.0108	0.0158	0.0000	0.0179	0.0224	0.0000	0.0000	0.0000	0.0000	inf	0.0002	0.0000	-0.0006	3.0011	3.0348	3.7015	9.3583	0.0000	0.0000	0.0000	0.0000	0.0000	0.0000	0.0000	0.0000	0.0000	0.0012	0.0012	0.0000	0.0012	0.0012	0.0000	0.0000	0.0000	0.0000	0.0609	0.0525	0.0084	0.0170	0.0157	0.0013	0.0439	0.0368	0.0072	0.1132	0.0773	0.0359	0.0681	0.0546	0.0135	0.0452	0.0227	0.0225	0.0008	0.0000	11.5013	0.0006	0.0000	38.4866	1.3878	0.0000	7.4564	0.0108	0.0158	0.0000	0.0179	0.0224	0.0000	0.0000	0.0000	0.0000
82	136	0.5836	11	0	1	1	1	0	0	0	0	N	N	N	N	N	N	N	N	N	N	N	N	1.3619	1.1172	0.0000	2.5640	2.2312	0.0000	0.0000	0.0000	0.0000	0.0005	0.0006	0.0000	0.0017	0.0018	0.0000	0.0000	0.0000	0.0000	0.0004	0.0005	0.0000	0.0007	0.0008	0.0001	0.0000	0.0000	0.0000	0.0000	0.0283	-0.0000	-0.0000	3.0011	0.0433	3.7015	6.6805	0.0000	0.0000	0.0000	0.0000	0.0000	0.0000	0.0000	0.0000	0.0000	0.0000	0.0000	0.0000	0.0000	0.0000	0.0000	0.0000	0.0000	0.0000	0.0010	0.0009	0.0002	0.0003	0.0003	0.0000	0.0007	0.0006	0.0001	0.0574	0.0390	0.0184	0.0336	0.0267	0.0068	0.0238	0.0122	0.0116	1.3619	1.1172	0.0000	2.5640	2.2312	0.0000	0.0000	0.0000	0.0000	0.0004	0.0005	0.0000	0.0007	0.0008	0.0001	0.0000	0.0000	0.0000
82	137	0.2501	11	0	2	1	1	0	0	0	0	N	Y	N	N	N	N	N	N	N	N	N	N	0.0000	0.0000	0.0000	0.0000	0.0000	0.0000	0.0000	0.0000	0.0000	0.0000	0.0000	0.0000	0.0000	0.0000	0.0000	0.0000	0.0000	0.0000	0.0000	0.0000	3.0011	0.0000	3.7015	0.0000	0.0000	0.0000	0.0000	0.0000	0.0000	0.0000	0.0000	0.0000	0.0000	0.0000	0.0000	0.0000	0.0000	0.0000	0.0000	0.0000	0.0000	0.0000	0.0000	0.0000	0.0000	0.0000	0.0000	0.0000	0.0000	0.0000	0.0000	0.0000	0.0000	0.0000	0.0000	0.0000	0.0000	0.0000	0.0000	0.0000	0.0000	0.0000	0.0000	0.0000	0.0000	0.0000	0.0000	0.0000	0.0000	0.0000	0.0000	0.0000	0.0000	0.0000	0.0000	0.0000	0.0000	0.0000											
82	138	0.2451	10	0	2	1	1	0	0	0	0	N	Y	N	N	N	N	N	N	N	N	N	N	0.0000	0.0000	0.0000	0.0000	0.0000	0.0000	0.0000	0.0000	0.0000	0.0000	0.0000	0.0000	0.0000	0.0285	0.0471	0.0000	0.0975	0.1118	0.0000	0.0000	0.0000	0.0000	0.0000	0.0000	-0.0003	3.0011	0.0021	3.7015	2.0000	0.0000	0.0000	0.0000	0.0000	0.0000	0.0000	0.0000	0.0000	0.0000	0.0006	0.0006	0.0000	0.0006	0.0006	0.0000	0.0000	0.0000	0.0000	0.0001	0.0001	0.0000	0.0001	0.0001	0.0000	0.0000	0.0000	0.0000	0.0221	0.0134	0.0087	0.0065	0.0056	0.0008	0.0157	0.0077	0.0079	0.0000	0.0000	0.0000	0.0000	0.0000	0.0000	0.0000	0.0000	0.0000	0.0285	0.0471	0.0000	0.0975	0.1118	0.0000	0.0000	0.0000	0.0000						
82	139	0.2348	9	0	1	1	1	0	0	0	0	N	N	N	N	N	N	N	N	N	N	N	N	0.0000	0.0000	0.0000	0.0000	0.0000	0.0000	0.0000	0.0000	0.0000	0.0000	0.0000	0.0000	0.0000	0.0000	0.0000	0.0000	0.0002	0.0004	0.0000	0.0008	0.0009	0.0000	0.0000	0.0000	0.0000	0.0002	0.0000	-0.0000	3.0011	1.0020	3.7015	3.0181	0.0000	0.0000	0.0000	0.0000	0.0000	0.0000	0.0000	0.0000	0.0000	0.0000	0.0000	0.0000	0.0000	0.0000	0.0000	0.0000	0.0000	0.0000	0.0204	0.0173	0.0031	0.0019	0.0017	0.0001	0.0185	0.0156	0.0029	0.0448	0.0269	0.0179	0.0127	0.0111	0.0016	0.0321	0.0158	0.0163	0.0000	0.0000	0.0000	0.0000	0.0000	0.0000	0.0000	0.0000	0.0000	0.0002	0.0004	0.0000	0.0008	0.0009	0.0000	0.0000	0.0000	0.0000			
82	140	0.2205	9	0	2	1	0	0	0	0	0	N	Y	N	N	N	N	N	N	N	N	N	N	0.0000	0.0000	0.0000	0.0000	0.0000	0.0000	0.0000	0.0000	0.0000	0.0000	0.0000	0.0000	0.0000	0.0000	0.0000	0.0000	0.0000	0.0000	0.0000	0.0000	3.0011	0.0000	3.7015	4.0001	0.0000	0.0000	0.0000	0.0000	0.0000	0.0000	0.0000	0.0000	0.0000	0.0000	0.0000	0.0000	0.0000	0.0000	0.0000	0.0000	0.0000	0.0000	0.0000	0.0000	0.0000	0.0000	0.0000	0.0000	0.0000	0.0000	0.0000	0.0447	0.0266	0.0181	0.0119	0.0104	0.0015	0.0328	0.0163	0.0165	0.0000	0.0000	0.0000	0.0000	0.0000	0.0000	0.0000	0.0000	0.0000	0.0000	0.0000	0.0000	0.0000	0.0000	0.0000	0.0000	0.0000	0.0000											
82	141	0.5981	11	0	2	1	0	0	0	0	0	N	Y	N	N	N	N	N	N	N	N	N	N	0.0000	0.0000	0.0000	0.0000	0.0000	0.0000	0.0000	0.0000	0.0000	0.0000	0.0000	0.0000	0.0000	0.0000	0.0000	0.0000	0.0000	0.0000	0.0000	0.0000	0.0000	0.0000	0.0000	0.0000	0.0000	0.0000	0.2460	0.0000	-0.0000	3.0011	1.0003	3.7015	5.0186	0.0000	0.0000	0.0000	0.0000	0.0000	0.0000	0.0000	0.0000	0.0000	0.0000	0.0000	0.0000	0.0000	0.0000	0.0000	0.0000	0.0000	0.0000	0.0198	0.0171	0.0026	0.0058	0.0054	0.0005	0.0139	0.0118	0.0022	0.0501	0.0343	0.0158	0.0296	0.0238	0.0058	0.0205	0.0105	0.0100	0.0000	0.0000	0.0000	0.0000	0.0000	0.0000	0.0000	0.0000	0.0000	0.0000	0.0000	0.0000	0.0000	0.0000	0.0000	0.0000	0.0000	0.0000		
82	142	0.2348	9	0	1	2	1	0	0	0	0	N	N	Y	N	N	N	N	N	N	N	N	N	0.0000	0.0000	0.0000	0.0000	0.0000	0.0000	0.0000	0.0000	0.0000	0.0000	0.0000	0.0000	0.0000	0.0000	0.0000	0.0000	0.0001	0.0002	0.0000	0.0004	0.0004	0.0000	0.0000	0.0000	0.0000	0.0008	0.0000	-0.0000	3.0011	0.0001	3.7015	9.0026	0.0000	0.0000	0.0000	0.0000	0.0000	0.0000	0.0000	0.0000	0.0000	0.0000	0.0000	0.0000	0.0000	0.0000	0.0000	0.0000	0.0000	0.0000	0.0000	0.0000	0.0000	0.0000	0.0000	0.0000	0.0000	0.0000	0.0000	0.0983	0.0591	0.0392	0.0278	0.0242	0.0036	0.0705	0.0348	0.0357	0.0000	0.0000	0.0000	0.0000	0.0000	0.0000	0.0000	0.0000	0.0000	0.0001	0.0002	0.0000	0.0004	0.0004	0.0000	0.0000	0.0000	0.0000			
82	143	0.5836	11	0	1	2	1	0	0	0	0	N	N	Y	N	N	N	N	N	N	N	N	N	0.0000	0.0000	0.0000	0.0000	0.0000	0.0000	0.0000	0.0000	0.0000	0.0000	0.0000	0.0000	0.0000	0.0000	0.0000	0.0000	0.0000	0.0000	0.0000	0.0000	0.0000	0.0000	0.0000	0.0000	0.0000	0.0000	0.0162	0.0000	-0.0000	3.0011	2.0061	3.7015	8.0425	0.0000	0.0000	0.0000	0.0000	0.0000	0.0000	0.0000	0.0000	0.0000	0.0000	0.0000	0.0000	0.0000	0.0000	0.0000	0.0000	0.0000	0.0000	0.0394	0.0340	0.0054	0.0108	0.0099	0.0008	0.0286	0.0241	0.0046	0.0841	0.0570	0.0270	0.0492	0.0391	0.0101	0.0349	0.0179	0.0170	0.0000	0.0000	0.0000	0.0000	0.0000	0.0000	0.0000	0.0000	0.0000	0.0000	0.0000	0.0000	0.0000	0.0000	0.0000	0.0000	0.0000	0.0000		
82	144	0.5745	10	0	1	1	1	0	0	0	0	N	N	N	N	N	N	N	N	N	N	N	N	0.0000	0.0000	0.0000	0.0000	0.0000	0.0000	0.0000	0.0000	0.0000	0.0000	0.0000	0.0000	0.0000	0.0000	0.0000	0.0000	0.0000	0.0000	0.0003	0.0003	0.0001	0.0005	0.0005	0.0004	0.0000	0.0000	0.0000	0.1468	0.0000	-0.0000	3.0011	1.9550	3.7015	2.1189	0.0000	0.0000	0.0000	0.0000	0.0000	0.0000	0.0000	0.0000	0.0000	0.0000	0.0000	0.0000	0.0000	0.0000	0.0000	0.0000	0.0000	0.0000	0.0412	0.0355	0.0057	0.0135	0.0122	0.0013	0.0277	0.0233	0.0044	0.0526	0.0380	0.0146	0.0291	0.0250	0.0041	0.0235	0.0130	0.0105	0.0000	0.0000	0.0000	0.0000	0.0000	0.0000	0.0000	0.0000	0.0000	0.0003	0.0003	0.0001	0.0005	0.0005	0.0004	0.0000	0.0000	0.0000	
82	145	0.5745	10	0	1	2	1	0	0	0	0	N	N	Y	N	N	N	N	N	N	N	N	N	0.0000	0.0000	0.0000	0.0000	0.0000	0.0000	0.0000	0.0000	0.0000	0.0000	0.0000	0.0000	0.0000	0.0000	0.0000	0.0000	0.0000	0.0000	0.0642	0.0933	0.0000	0.1117	0.1371	0.0000	0.0022	0.0041	0.0000	0.0000	0.0000	-0.0053	3.0011	2.1261	3.7015	18.6477	0.0000	0.0000	0.0000	0.0000	0.0000	0.0000	0.0000	0.0000	0.0000	0.0116	0.0116	0.0000	0.0115	0.0115	0.0000	0.0002	0.0002	0.0000	0.0446	0.0384	0.0062	0.0145	0.0131	0.0013	0.0301	0.0253	0.0048	0.1812	0.1247	0.0565	0.1026	0.0836	0.0190	0.0786	0.0411	0.0375	0.0000	0.0000	0.0000	0.0000	0.0000	0.0000	0.0000	0.0000	0.0000	0.0642	0.0933	0.0000	0.1117	0.1371	0.0000	0.0022	0.0041	0.0000	
82	146	0.2348	9	0	1	2	1	0	0	0	0	N	N	Y	N	N	N	N	N	N	N	N	N	0.0000	0.0000	0.0000	0.0000	0.0000	0.0000	0.0000	0.0000	0.0000	0.0000	0.0000	0.0000	0.0000	0.0000	0.0000	0.0000	0.0001	0.0002	0.0000	0.0004	0.0005	0.0000	0.0000	0.0000	0.0000	0.0008	0.0000	-0.0000	3.0011	2.0001	3.7015	5.9880	0.0000	0.0000	0.0000	0.0000	0.0000	0.0000	0.0000	0.0000	0.0000	0.0000	0.0000	0.0000	0.0000	0.0000	0.0000	0.0000	0.0000	0.0000	0.0405	0.0344	0.0061	0.0037	0.0035	0.0003	0.0368	0.0309	0.0058	0.0876	0.0526	0.0350	0.0248	0.0216	0.0032	0.0628	0.0310	0.0318	0.0000	0.0000	0.0000	0.0000	0.0000	0.0000	0.0000	0.0000	0.0000	0.0001	0.0002	0.0000	0.0004	0.0005	0.0000	0.0000	0.0000	0.0000			
82	147	0.2348	9	0	1	2	1	0	0	0	0	N	N	Y	N	N	N	N	N	N	N	N	N	0.0163	0.0116	0.0000	0.0000	0.0000	50504.5212	inf	0.0000	0.0018	0.0021	0.0000	0.0000	0.0000	0.0000	0.0019	0.0023	0.0000	0.1075	0.1779	0.0000	0.3837	0.4388	0.0000	0.0000	0.0000	0.0000	0.0000	0.0000	-0.0001	-0.0157	3.0011	9.0001	3.7015	23.0169	0.0003	0.0003	0.0000	0.0000	0.0000	0.0000	0.0003	0.0003	0.0000	0.0343	0.0343	0.0000	0.0343	0.0343	0.0000	0.0000	0.0000	0.0000	0.1765	0.1501	0.0264	0.0163	0.0151	0.0012	0.1602	0.1350	0.0252	0.3190	0.1926	0.1264	0.0893	0.0781	0.0112	0.2297	0.1145	0.1151	0.0163	0.0116	0.0000	0.0000	0.0000	0.0000	50504.5212	inf	0.0000	0.1075	0.1779	0.0000	0.3837	0.4388	0.0000	0.0000	0.0000	0.0000	
82	148	0.2095	8	0	1	1	1	0	0	0	0	N	N	N	N	N	N	N	N	N	N	N	N	0.0566	0.1164	0.0000	0.4549	0.4750	0.0000	0.0000	0.0000	0.0000	0.0000	0.0000	0.0000	0.0002	0.0003	0.0000	0.0000	0.0000	0.0000	0.0004	0.0002	0.0006	0.0005	0.0005	0.0004	0.0003	0.0000	0.0006	0.0000	1.8990	-0.0000	0.0000	3.0011	1.9990	3.7015	7.9526	0.0000	0.0000	0.0000	0.0000	0.0000	0.0000	0.0000	0.0000	0.0000	0.0000	0.0000	0.0000	0.0000	0.0000	0.0000	0.0000	0.0000	0.0000	0.0407	0.0345	0.0062	0.0037	0.0035	0.0003	0.0370	0.0311	0.0059	0.1157	0.0696	0.0460	0.0323	0.0284	0.0039	0.0834	0.0413	0.0421	0.0566	0.1164	0.0000	0.4549	0.4750	0.0000	0.0000	0.0000	0.0000	0.0004	0.0002	0.0006	0.0005	0.0005	0.0004	0.0003	0.0000	0.0006
82	149	0.1776	7	1	2	1	0	0	0	0	0	N	Y	N	N	N	N	N	N	N	N	N	N	0.8459	7.4241	0.0000	17.8694	17.2396	0.0000	0.0000	0.0000	0.0000	0.0042	0.0049	0.0000	0.0258	0.0268	0.0000	0.0000	0.0000	0.0000	0.0049	0.0007	0.0119	0.0014	0.0016	0.0006	0.0064	0.0000	0.0130	0.0000	11.0062	-0.0002	0.0006	3.0011	5.3497	3.7015	17.2225	0.0005	0.0005	0.0000	0.0005	0.0005	0.0000	0.0000	0.0000	0.0000	0.0013	0.0001	0.0012	0.0001	0.0001	0.0000	0.0012	0.0000	0.0012	0.1285	0.1092	0.0192	0.0207	0.0200	0.0007	0.1077	0.0892	0.0185	0.2698	0.1677	0.1021	0.0801	0.0712	0.0088	0.1897	0.0965	0.0932	0.8459	7.4241	0.0000	17.8694	17.2396	0.0000	0.0000	0.0000	0.0000	0.0049	0.0007	0.0119	0.0014	0.0016	0.0006	0.0064	0.0000	0.0130
82	150	0.2084	8	0	2	1	0	0	0	0	0	N	Y	N	N	N	N	N	N	N	N	N	N	0.0536	0.0000	32.7818	0.0067	0.0000	9.6507	14.2289	0.0000	50.3440	0.0038	0.0000	0.0286	0.0013	0.0000	0.0400	0.0048	0.0000	0.0278	0.0711	0.1106	0.0009	0.1963	0.2150	0.0041	0.0003	0.0001	0.0006	73479.7581	0.0044	0.0003	-0.0099	3.0011	3.6794	3.7015	17.4287	0.0005	0.0000	0.0005	0.0000	0.0000	0.0000	0.0004	0.0000	0.0004	0.0218	0.0217	0.0001	0.0217	0.0217	0.0000	0.0001	0.0000	0.0001	0.1195	0.1036	0.0159	0.0326	0.0315	0.0011	0.0869	0.0721	0.0148	0.3066	0.1963	0.1103	0.1108	0.1009	0.0098	0.1958	0.0954	0.1004	0.0536	0.0000	32.7818	0.0067	0.0000	9.6507	14.2289	0.0000	50.3440	0.0711	0.1106	0.0009	0.1963	0.2150	0.0041	0.0003	0.0001	0.0006
82	151	0.1776	7	0	2	1	0	0	0	0	0	N	Y	N	N	N	N	N	N	N	N	N	N	0.1021	0.0237	2.7042	0.0468	0.0434	0.2906	0.7788	0.1056	2.5785	0.0079	0.0027	0.0373	0.0106	0.0108	0.0003	0.0073	0.0004	0.0386	0.0774	0.1141	0.0138	0.2258	0.2499	0.0009	0.0093	0.0040	0.0150	2.4432	0.0698	0.0002	-0.0056	3.0011	3.4464	3.7015	10.1316	0.0007	0.0002	0.0005	0.0002	0.0002	0.0000	0.0005	0.0000	0.0005	0.0142	0.0133	0.0009	0.0130	0.0130	0.0000	0.0012	0.0003	0.0009	0.0916	0.0778	0.0138	0.0175	0.0170	0.0005	0.0741	0.0608	0.0133	0.1834	0.1163	0.0671	0.0577	0.0521	0.0056	0.1257	0.0642	0.0615	0.1021	0.0237	2.7042	0.0468	0.0434	0.2906	0.7788	0.1056	2.5785	0.0774	0.1141	0.0138	0.2258	0.2499	0.0009	0.0093	0.0040	0.0150
82	152	0.6049	13	1	2	1	0	0	0	0	0	N	Y	N	N	N	N	N	N	N	N	N	N	2.7586	1.7001	0.0000	2.2390	1.4693	0.0091	0.0056	0.0000	48.8729	56.3734	0.0000	161.8682	174.9694	0.0000	0.0000	0.0000	0.0000	17.7163	33.1587	0.0000	72.2938	119.0868	0.0000	0.0009	0.0018	0.0000	0.0000	0.0000	-0.4409	-0.5611	3.0011	1.0143	3.7015	12.0086	0.9994	0.9994	0.0000	0.9994	0.9994	0.0000	0.0000	0.0000	0.0000	1.2242	1.2242	0.0000	1.2241	1.2241	0.0000	0.0000	0.0000	0.0000	0.0204	0.0177	0.0027	0.0062	0.0057	0.0005	0.0143	0.0120	0.0023	0.1046	0.0715	0.0331	0.0616	0.0494	0.0122	0.0430	0.0221	0.0209	4.1757	3.2913	0.0000	8.1392	7.0559	0.0000	0.0091	0.0056	0.0000	11.7041	17.1281	0.0000	19.8874	24.7977	0.0000	0.0009	0.0018	0.0000	
82	153	0.6027	12	1	2	1	0	0	0	0	0	N	Y	N	N	N	N	N	N	N	N	N	N	0.2455	0.1960	0.0000	0.4908	0.4317	0.0000	0.0000	0.0000	0.0000	0.0061	0.0071	0.0000	0.0207	0.0224	0.0000	0.0000	0.0000	0.0000	0.0250	0.0362	0.0008	0.0422	0.0520	0.0023	0.0000	0.0000	0.0000	0.0000	0.0108	-0.0001	-0.0001	3.0011	0.9811	3.7015	0.0216	0.0001	0.0001	0.0000	0.0001	0.0001	0.0000	0.0000	0.0000	0.0000	0.0002	0.0002	0.0000	0.0002	0.0002	0.0000	0.0000	0.0000	0.0000	0.0195	0.0169	0.0026	0.0058	0.0054	0.0004	0.0138	0.0116	0.0022	0.0085	0.0058	0.0027	0.0051	0.0041	0.0010	0.0035	0.0018	0.0017	0.2455	0.1960	0.0000	0.4908	0.4317	0.0000	0.0000	0.0000	0.0000	0.0250	0.0362	0.0008	0.0422	0.0520	0.0023	0.0000	0.0000	0.0000
82	154	0.5981	11	1	2	1	0	0	0	0	0	N	Y	N	N	N	N	N	N	N	N	N	N	0.0000	0.0000	0.0000	0.0000	0.0000	0.0000	0.0000	0.0000	0.0000	0.0000	0.0000	0.0000	0.0000	0.0000	0.0000	0.0000	0.0000	0.0000	0.0000	0.0000	0.0000	0.0000	0.0000	0.0000	0.0000	0.0000	0.2189	0.0000	-0.0000	3.0011	0.0083	3.7015	2.0001	0.0000	0.0000	0.0000	0.0000	0.0000	0.0000	0.0000	0.0000	0.0000	0.0000	0.0000	0.0000	0.0000	0.0000	0.0000	0.0000	0.0000	0.0000	0.0002	0.0002	0.0000	0.0001	0.0001	0.0000	0.0001	0.0001	0.0000	0.0174	0.0119	0.0055	0.0103	0.0083	0.0020	0.0071	0.0036	0.0035	0.0000	0.0000	0.0000	0.0000	0.0000	0.0000	0.0000	0.0000	0.0000	0.0000	0.0000	0.0000	0.0000	0.0000	0.0000	0.0000	0.0000	0.0000		
82	155	0.5745	10	0	2	1	0	0	0	0	0	N	Y	N	N	N	N	N	N	N	N	N	N	0.0000	0.0000	0.0000	0.0000	0.0000	0.0000	0.0000	0.0000	0.0000	0.0000	0.0000	0.0000	0.0000	0.0000	0.0000	0.0000	0.0000	0.0000	0.0004	0.0004	0.0003	0.0007	0.0007	0.0011	0.0000	0.0000	0.0000	0.3387	0.0000	-0.0000	3.0011	2.9180	3.7015	7.4065	0.0000	0.0000	0.0000	0.0000	0.0000	0.0000	0.0000	0.0000	0.0000	0.0000	0.0000	0.0000	0.0000	0.0000	0.0000	0.0000	0.0000	0.0000	0.0599	0.0517	0.0082	0.0189	0.0172	0.0017	0.0410	0.0345	0.0065	0.1026	0.0717	0.0309	0.0578	0.0479	0.0099	0.0448	0.0238	0.0210	0.0000	0.0000	0.0000	0.0000	0.0000	0.0000	0.0000	0.0000	0.0000	0.0004	0.0004	0.0003	0.0007	0.0007	0.0011	0.0000	0.0000	0.0000	
82	156	0.5087	9	0	1	1	0	0	0	0	0	N	N	N	N	N	N	N	N	N	N	N	N	0.0000	0.0000	0.0086	0.0000	0.0000	0.0041	0.0000	0.0000	0.0144	0.0000	0.0000	0.0000	0.0000	0.0000	0.0000	0.0000	0.0000	0.0000	0.5290	0.7335	0.0001	0.7295	0.9040	0.0001	0.1605	0.2847	0.0000	inf	0.0000	0.0000	-0.0982	3.0011	8.2479	3.7015	19.7214	0.0000	0.0000	0.0000	0.0000	0.0000	0.0000	0.0000	0.0000	0.0000	0.2144	0.2143	0.0000	0.1915	0.1914	0.0000	0.0229	0.0229	0.0000	0.2512	0.2183	0.0329	0.1054	0.0950	0.0104	0.1458	0.1233	0.0225	0.4052	0.2922	0.1130	0.2624	0.2118	0.0507	0.1427	0.0804	0.0623	0.0000	0.0000	0.0086	0.0000	0.0000	0.0041	0.0000	0.0000	0.0144	0.5290	0.7335	0.0001	0.7295	0.9040	0.0001	0.1605	0.2847	0.0000
82	157	0.4725	8	0	1	1	0	0	0	0	0	N	N	N	N	N	N	N	N	N	N	N	N	0.0000	0.0000	0.0000	0.0000	0.0000	0.0003	0.0000	0.0000	0.0000	0.0000	0.0000	0.0000	0.0000	0.0000	0.0000	0.0000	0.0000	0.0000	0.3056	0.4214	0.0175	0.0566	0.0723	0.0081	0.7687	1.1935	0.0293	0.2962	0.0167	-0.0000	-0.0629	3.0011	7.4725	3.7015	14.3153	0.0000	0.0000	0.0000	0.0000	0.0000	0.0000	0.0000	0.0000	0.0000	0.1424	0.1400	0.0023	0.0171	0.0165	0.0006	0.1252	0.1235	0.0017	0.1786	0.1551	0.0235	0.0581	0.0531	0.0050	0.1205	0.1020	0.0185	0.4658	0.3323	0.1336	0.3029	0.2288	0.0741	0.1629	0.1035	0.0594	0.0000	0.0000	0.0000	0.0000	0.0000	0.0003	0.0000	0.0000	0.0000	0.3056	0.4214	0.0175	0.0566	0.0723	0.0081	0.7687	1.1935	0.0293
82	158	0.4070	7	0	1	1	0	0	0	0	0	N	N	N	N	N	N	N	N	N	N	N	N	0.0008	0.0006	0.0019	0.0000	0.0000	0.0060	0.0007	0.0005	0.0014	0.0001	0.0002	0.0000	0.0000	0.0000	0.0001	0.0002	0.0002	0.0000	0.1891	0.2612	0.0100	0.1388	0.1732	0.0121	0.2636	0.4308	0.0082	0.0167	0.0153	-0.0000	-0.0486	3.0011	11.6653	3.7015	19.4910	0.0000	0.0000	0.0000	0.0000	0.0000	0.0000	0.0000	0.0000	0.0000	0.1097	0.1081	0.0017	0.0481	0.0472	0.0009	0.0616	0.0609	0.0008	0.2642	0.2306	0.0337	0.0703	0.0662	0.0041	0.1939	0.1644	0.0295	0.5803	0.4138	0.1666	0.3465	0.2724	0.0740	0.2339	0.1413	0.0925	0.0008	0.0006	0.0019	0.0000	0.0000	0.0060	0.0007	0.0005	0.0014	0.1891	0.2612	0.0100	0.1388	0.1732	0.0121	0.2636	0.4308	0.0082
82	159	0.3598	6	0	1	1	0	0	0	0	0	N	N	N	N	N	N	N	N	N	N	N	N	0.0792	0.0643	0.0090	0.0104	0.0093	0.0173	0.0667	0.0437	0.0053	0.0144	0.0164	0.0000	0.0006	0.0006	0.0001	0.0228	0.0269	0.0000	0.1813	0.2543	0.0039	0.0582	0.0689	0.0068	0.3415	0.6165	0.0025	0.0003	0.0064	-0.0014	-0.0415	3.0011	7.3933	3.7015	20.5306	0.0031	0.0031	0.0000	0.0000	0.0000	0.0000	0.0030	0.0030	0.0000	0.0918	0.0912	0.0006	0.0167	0.0163	0.0003	0.0751	0.0749	0.0002	0.2143	0.1881	0.0262	0.0813	0.0757	0.0056	0.1330	0.1124	0.0206	0.5063	0.3587	0.1476	0.2863	0.2373	0.0490	0.2199	0.1214	0.0985	0.0792	0.0643	0.0090	0.0104	0.0093	0.0173	0.0667	0.0437	0.0053	0.1813	0.2543	0.0039	0.0582	0.0689	0.0068	0.3415	0.6165	0.0025
82	160	0.1236	5	0	1	1	0	0	0	0	0	N	N	N	N	N	N	N	N	N	N	N	N	1.4086	1.0161	0.0000	0.0006	0.0006	0.0000	1.1243	0.6940	0.0000	2.1212	2.4892	0.0000	0.0000	0.0000	0.0000	2.2475	2.6514	0.0000	1.5059	2.4498	0.0075	0.0563	0.0636	0.0016	1.9991	3.8202	0.0080	0.0000	0.0019	-0.4398	-0.4818	3.0011	27.6416	3.7015	54.6365	0.9969	0.9969	0.0000	0.0000	0.0000	0.0000	0.9969	0.9969	0.0000	1.0556	1.0535	0.0020	0.0100	0.0100	0.0000	1.0455	1.0435	0.0020	0.4700	0.4005	0.0695	0.0264	0.0245	0.0019	0.4436	0.3760	0.0676	0.7009	0.4300	0.2709	0.1779	0.1569	0.0211	0.5230	0.2732	0.2498	1.4086	1.0161	0.0000	0.0006	0.0006	0.0000	1.1243	0.6940	0.0000	1.5059	2.4498	0.0075	0.0563	0.0636	0.0016	1.9991	3.8202	0.0080
82	161	0.2281	11	1	2	1	0	0	0	0	0	N	Y	N	N	N	N	N	N	N	N	N	N	47.8457	32.4086	0.0000	0.0000	61439.3718	36389.0438	0.0037	0.0042	0.0000	0.0000	0.0000	0.0000	0.0059	0.0070	0.0000	0.0001	0.0001	0.0000	0.0003	0.0003	0.0000	0.0000	0.0000	0.0000	0.0000	0.0000	-0.0000	-0.0000	3.0011	0.0002	3.7015	3.0099	0.0000	0.0000	0.0000	0.0000	0.0000	0.0000	0.0000	0.0000	0.0000	0.0000	0.0000	0.0000	0.0000	0.0000	0.0000	0.0000	0.0000	0.0000	0.0000	0.0000	0.0000	0.0000	0.0000	0.0000	0.0000	0.0000	0.0000	0.0345	0.0207	0.0138	0.0094	0.0082	0.0012	0.0251	0.0125	0.0126	47.8457	32.4086	0.0000	0.0000	0.0000	0.0000	61439.3718	36389.0438	0.0000	0.0001	0.0001	0.0000	0.0003	0.0003	0.0000	0.0000	0.0000	0.0000			
82	162	0.2205	10	1	2	1	0	0	0	0	0	N	Y	N	N	N	N	N	N	N	N	N	N	68.8810	1987.6872	0.0000	0.0000	0.0000	0.0000	56.2015	1421.3972	0.0000	0.0054	0.0064	0.0000	0.0000	0.0000	0.0000	0.0059	0.0071	0.0000	0.0001	0.0000	0.0002	0.0000	0.0000	0.0000	0.0001	0.0000	0.0002	0.0000	40.0697	-0.0000	0.0000	3.0011	0.9998	3.7015	2.0118	0.0001	0.0001	0.0000	0.0000	0.0000	0.0000	0.0001	0.0001	0.0000	0.0000	0.0000	0.0000	0.0000	0.0000	0.0000	0.0000	0.0000	0.0000	0.0203	0.0172	0.0031	0.0018	0.0017	0.0001	0.0185	0.0156	0.0030	0.0338	0.0201	0.0137	0.0090	0.0078	0.0012	0.0248	0.0123	0.0125	68.8810	1987.6872	0.0000	0.0000	0.0000	0.0000	56.2015	1421.3972	0.0000	0.0001	0.0000	0.0002	0.0000	0.0000	0.0000	0.0001	0.0000	0.0002
82	163	0.2205	9	1	2	1	0	0	0	0	0	N	Y	N	N	N	N	N	N	N	N	N	N	0.0000	0.0000	0.0000	0.0000	0.0000	0.0000	0.0000	0.0000	0.0000	0.0000	0.0000	0.0000	0.0000	0.0000	0.0000	0.0000	0.0000	0.0000	0.0000	0.0000	3.0011	0.0000	3.7015	0.0003	0.0000	0.0000	0.0000	0.0000	0.0000	0.0000	0.0000	0.0000	0.0000	0.0000	0.0000	0.0000	0.0000	0.0000	0.0000	0.0000	0.0000	0.0000	0.0000	0.0000	0.0000	0.0000	0.0000	0.0000	0.0000	0.0000	0.0000	0.0000	0.0000	0.0000	0.0000	0.0000	0.0000	0.0000	0.0000	0.0000	0.0000	0.0000	0.0000	0.0000	0.0000	0.0000	0.0000	0.0000	0.0000	0.0000	0.0000	0.0000	0.0000	0.0000	0.0000	0.0000	0.0000	0.0000											
82	164	0.2095	8	0	2	1	0	0	0	0	0	N	Y	N	N	N	N	N	N	N	N	N	N	3.9618	18.5490	0.0000	16.6262	19.0185	0.0000	0.0000	0.0000	0.0000	0.0024	0.0030	0.0000	0.0069	0.0069	0.0000	0.0000	0.0000	0.0000	0.0006	0.0002	0.0013	0.0004	0.0004	0.0008	0.0007	0.0000	0.0014	0.0000	5.3253	-0.0000	0.0000	3.0011	0.0063	3.7015	4.3641	0.0000	0.0000	0.0000	0.0000	0.0000	0.0000	0.0000	0.0000	0.0000	0.0000	0.0000	0.0000	0.0000	0.0000	0.0000	0.0000	0.0000	0.0000	0.0004	0.0003	0.0001	0.0001	0.0001	0.0000	0.0002	0.0002	0.0001	0.0561	0.0341	0.0219	0.0168	0.0149	0.0019	0.0393	0.0193	0.0200	3.9618	18.5490	0.0000	16.6262	19.0185	0.0000	0.0000	0.0000	0.0000	0.0006	0.0002	0.0013	0.0004	0.0004	0.0008	0.0007	0.0000	0.0014
82	165	0.1776	7	0	1	1	0	0	0	0	0	N	N	N	N	N	N	N	N	N	N	N	N	0.5335	34.7830	0.0012	17.5455	64.3583	0.0000	0.0005	0.0159	0.0012	0.0073	0.0086	0.0000	0.0336	0.0343	0.0000	0.0000	0.0000	0.0000	0.0137	0.0002	0.0372	0.0019	0.0005	0.0151	0.0192	0.0000	0.0392	0.0010	86.0741	-0.0002	0.0013	3.0011	2.5207	3.7015	10.0226	0.0005	0.0005	0.0000	0.0005	0.0005	0.0000	0.0000	0.0000	0.0000	0.0024	0.0000	0.0023	0.0001	0.0000	0.0001	0.0023	0.0000	0.0023	0.0734	0.0623	0.0111	0.0159	0.0156	0.0003	0.0575	0.0467	0.0107	0.1731	0.1101	0.0629	0.0550	0.0498	0.0052	0.1181	0.0604	0.0577	0.5335	34.7830	0.0012	17.5455	64.3583	0.0000	0.0005	0.0159	0.0012	0.0137	0.0002	0.0372	0.0019	0.0005	0.0151	0.0192	0.0000	0.0392
82	166	0.1620	6	0	1	1	0	0	0	0	0	N	N	N	N	N	N	N	N	N	N	N	N	0.1692	0.1887	0.0163	0.3250	0.3252	0.0004	0.0058	0.0035	0.0176	0.0090	0.0103	0.0008	0.0325	0.0340	0.0000	0.0002	0.0000	0.0009	0.0532	0.0544	0.0510	0.1001	0.1045	0.0384	0.0263	0.0000	0.0520	0.0125	0.4974	-0.0003	-0.0010	3.0011	2.6894	3.7015	4.6619	0.0008	0.0008	0.0000	0.0008	0.0008	0.0000	0.0000	0.0000	0.0000	0.0076	0.0050	0.0025	0.0052	0.0050	0.0001	0.0024	0.0000	0.0024	0.0866	0.0751	0.0115	0.0237	0.0227	0.0010	0.0629	0.0524	0.0105	0.1419	0.0927	0.0492	0.0517	0.0482	0.0035	0.0902	0.0445	0.0457	0.1692	0.1887	0.0163	0.3250	0.3252	0.0004	0.0058	0.0035	0.0176	0.0532	0.0544	0.0510	0.1001	0.1045	0.0384	0.0263	0.0000	0.0520
82	167	0.1236	5	0	1	1	0	0	0	0	0	N	N	N	N	N	N	N	N	N	N	N	N	0.0017	0.0180	0.0000	0.1977	0.3235	0.0000	0.0000	0.0000	0.0000	0.0004	0.0005	0.0000	0.0077	0.0083	0.0000	0.0000	0.0000	0.0000	0.2600	0.0293	0.6320	0.0392	0.0258	0.1485	0.3505	0.0318	0.6758	0.0000	13.3967	-0.0000	0.0177	3.0011	2.7966	3.7015	8.5340	0.0000	0.0000	0.0000	0.0000	0.0000	0.0000	0.0000	0.0000	0.0000	0.0374	0.0026	0.0348	0.0016	0.0010	0.0007	0.0358	0.0016	0.0342	0.0533	0.0451	0.0082	0.0031	0.0028	0.0002	0.0502	0.0423	0.0080	0.1440	0.0889	0.0551	0.0419	0.0373	0.0046	0.1021	0.0516	0.0506	0.0017	0.0180	0.0000	0.1977	0.3235	0.0000	0.0000	0.0000	0.0000	0.2600	0.0293	0.6320	0.0392	0.0258	0.1485	0.3505	0.0318	0.6758
83	84	0.0534	3	1	1	1	0	0	0	0	0	N	N	N	N	N	N	N	N	N	N	N	N	0.0002	0.0000	0.0009	0.0000	0.0000	0.0283	0.0002	0.0000	0.0009	0.0005	0.0000	0.0032	0.0002	0.0001	0.0014	0.0005	0.0000	0.0033	2.9294	2.4746	3.6028	4.5584	4.6164	0.0508	2.1487	0.0006	3.6395	132.1758	0.9835	0.0000	0.0146	2.0032	1.0052	4.2039	4.9545	0.0000	0.0000	0.0000	0.0000	0.0000	0.0000	0.0000	0.0000	0.0000	0.3904	0.1968	0.1936	0.1968	0.1968	0.0000	0.1936	0.0000	0.1936	0.0145	0.0122	0.0023	0.0005	0.0004	0.0000	0.0140	0.0118	0.0022	0.1333	0.0795	0.0537	0.0432	0.0426	0.0005	0.0901	0.0369	0.0532	0.0002	0.0000	0.0009	0.0000	0.0000	0.0283	0.0002	0.0000	0.0009	2.9294	2.4746	3.6028	4.5584	4.6164	0.0508	2.1487	0.0006	3.6395
83	85	0.0341	2	1	1	1	0	0	0	0	0	N	N	N	N	N	N	N	N	N	N	N	N	0.0896	0.0006	0.9465	0.0409	0.0423	0.0000	0.2046	0.0007	0.9453	0.0929	0.0008	0.5843	0.0772	0.0802	0.0000	0.0930	0.0000	0.5856	1.0364	1.3605	0.6173	1.8860	1.8935	0.0657	0.4546	0.0048	0.6194	131.6469	0.3508	0.0007	-0.0814	2.0032	0.9968	4.2039	7.6169	0.0013	0.0000	0.0013	0.0000	0.0000	0.0000	0.0013	0.0000	0.0013	0.4098	0.3034	0.1064	0.3031	0.3030	0.0000	0.1067	0.0003	0.1064	0.0142	0.0120	0.0022	0.0001	0.0001	0.0000	0.0141	0.0119	0.0022	0.3954	0.2230	0.1724	0.1607	0.1601	0.0007	0.2347	0.0629	0.1717	0.0896	0.0006	0.9465	0.0409	0.0423	0.0000	0.2046	0.0007	0.9453	1.0364	1.3605	0.6173	1.8860	1.8935	0.0657	0.4546	0.0048	0.6194
83	86	0.2019	5	1	2	0	0	0	0	0	0	N	Y	N	N	N	N	N	N	N	N	N	N	0.0000	0.0000	0.0001	0.0000	0.0000	0.0010	0.0000	0.0000	0.0000	0.0000	0.0000	0.0000	0.0000	0.0000	0.0000	0.0000	0.0000	0.0000	0.0269	0.0331	0.0105	0.0506	0.0569	0.0219	0.0024	0.0010	0.0047	inf	0.1186	0.0000	-0.0030	2.0032	5.8060	4.2039	6.1034	0.0000	0.0000	0.0000	0.0000	0.0000	0.0000	0.0000	0.0000	0.0000	0.0086	0.0077	0.0009	0.0082	0.0076	0.0006	0.0004	0.0001	0.0003	0.0949	0.0801	0.0148	0.0141	0.0137	0.0004	0.0808	0.0664	0.0144	0.3195	0.2324	0.0871	0.1623	0.1332	0.0291	0.1572	0.0992	0.0580	0.0000	0.0000	0.0001	0.0000	0.0000	0.0010	0.0000	0.0000	0.0000	0.0269	0.0331	0.0105	0.0506	0.0569	0.0219	0.0024	0.0010	0.0047
83	87	0.1080	4	1	2	0	0	0	0	0	0	N	Y	N	N	N	N	N	N	N	N	N	N	0.0002	0.0001	0.0002	0.0001	0.0001	0.0000	0.0001	0.0001	0.0003	0.0003	0.0003	0.0000	0.0000	0.0000	0.0000	0.0003	0.0003	0.0001	1.5503	2.2060	0.2585	0.2262	0.1340	0.9506	2.2397	3.9564	0.1688	0.0278	0.0595	-0.0000	-0.2951	2.0032	12.2869	4.2039	21.7146	0.0000	0.0000	0.0000	0.0000	0.0000	0.0000	0.0000	0.0000	0.0000	0.7337	0.6925	0.0412	0.0367	0.0193	0.0174	0.6970	0.6732	0.0238	0.1509	0.1280	0.0229	0.0079	0.0073	0.0006	0.1430	0.1207	0.0223	0.4732	0.3139	0.1593	0.1620	0.1437	0.0183	0.3112	0.1702	0.1411	0.0002	0.0001	0.0002	0.0001	0.0001	0.0000	0.0001	0.0001	0.0003	1.5503	2.2060	0.2585	0.2262	0.1340	0.9506	2.2397	3.9564	0.1688
83	90	0.2303	6	0	1	1	0	0	0	0	0	N	N	N	N	N	N	N	N	N	N	N	N	0.0020	0.0000	0.3792	0.0001	0.0000	0.0165	0.0545	0.0000	0.7595	0.0001	0.0000	0.0009	0.0000	0.0000	0.0001	0.0002	0.0000	0.0010	0.0620	0.0853	0.0023	0.1284	0.1419	0.0071	0.0030	0.0043	0.0014	117.4746	0.0106	0.0000	-0.0042	2.0032	2.3559	4.2039	7.1930	0.0000	0.0000	0.0000	0.0000	0.0000	0.0000	0.0000	0.0000	0.0000	0.0093	0.0092	0.0001	0.0090	0.0090	0.0000	0.0002	0.0002	0.0000	0.0361	0.0311	0.0050	0.0100	0.0092	0.0008	0.0261	0.0219	0.0042	0.1498	0.1078	0.0420	0.0705	0.0634	0.0071	0.0794	0.0444	0.0350	0.0020	0.0000	0.3792	0.0001	0.0000	0.0165	0.0545	0.0000	0.7595	0.0620	0.0853	0.0023	0.1284	0.1419	0.0071	0.0030	0.0043	0.0014
83	91	0.1975	5	0	1	0	0	0	0	0	0	N	N	N	N	N	N	N	N	N	N	N	N	0.1548	0.0785	2.6515	0.1692	0.1611	0.0624	0.9199	0.0001	6.4974	0.0242	0.0164	0.0805	0.0485	0.0502	0.0060	0.0140	0.0000	0.0880	0.1566	0.2084	0.0304	0.2867	0.3113	0.0955	0.0152	0.0168	0.0135	0.6901	0.0597	-0.0001	-0.0262	2.0032	4.9284	4.2039	11.0439	0.0026	0.0016	0.0011	0.0016	0.0016	0.0000	0.0011	0.0000	0.0011	0.0652	0.0616	0.0037	0.0622	0.0598	0.0024	0.0030	0.0017	0.0013	0.1085	0.0952	0.0134	0.0323	0.0310	0.0012	0.0763	0.0642	0.0121	0.4164	0.2954	0.1210	0.2170	0.1922	0.0248	0.1995	0.1033	0.0962	0.1548	0.0785	2.6515	0.1692	0.1611	0.0624	0.9199	0.0001	6.4974	0.1566	0.2084	0.0304	0.2867	0.3113	0.0955	0.0152	0.0168	0.0135
83	92	0.1080	4	0	1	0	0	0	0	0	0	N	N	N	N	N	N	N	N	N	N	N	N	0.0487	0.0347	0.2908	0.0010	0.0010	0.0000	0.2385	0.2001	0.2812	0.0360	0.0368	0.0319	0.0019	0.0021	0.0000	0.0379	0.0389	0.0327	0.7393	1.0588	0.1096	1.8475	2.0767	0.0594	0.1590	0.1945	0.1162	0.1574	0.0525	-0.0005	-0.1403	2.0032	3.9161	4.2039	29.2065	0.0018	0.0016	0.0002	0.0000	0.0000	0.0000	0.0018	0.0016	0.0002	0.3435	0.3264	0.0171	0.2950	0.2939	0.0011	0.0485	0.0324	0.0161	0.0500	0.0424	0.0077	0.0027	0.0025	0.0002	0.0474	0.0399	0.0075	0.4647	0.3082	0.1564	0.1597	0.1415	0.0181	0.3050	0.1667	0.1383	0.0487	0.0347	0.2908	0.0010	0.0010	0.0000	0.2385	0.2001	0.2812	0.7393	1.0588	0.1096	1.8475	2.0767	0.0594	0.1590	0.1945	0.1162
83	93	0.6485	10	1	2	0	0	0	0	0	0	N	Y	N	N	N	N	N	N	N	N	N	N	0.0020	0.0018	0.0000	0.0038	0.0032	0.0000	0.0000	0.0000	0.0000	0.0000	0.0000	0.0000	0.0001	0.0001	0.0000	0.0000	0.0000	0.0000	0.0190	0.0252	0.0062	0.0247	0.0317	0.0030	0.0069	0.0043	0.0098	0.0000	0.1178	-0.0000	-0.0008	2.0032	2.5103	4.2039	7.4742	0.0000	0.0000	0.0000	0.0000	0.0000	0.0000	0.0000	0.0000	0.0000	0.0023	0.0020	0.0002	0.0020	0.0019	0.0001	0.0003	0.0001	0.0002	0.0375	0.0328	0.0047	0.0154	0.0143	0.0011	0.0221	0.0185	0.0037	0.1186	0.0803	0.0383	0.0810	0.0610	0.0199	0.0376	0.0192	0.0184	0.0020	0.0018	0.0000	0.0038	0.0032	0.0000	0.0000	0.0000	0.0000	0.0190	0.0252	0.0062	0.0247	0.0317	0.0030	0.0069	0.0043	0.0098
83	94	0.6123	9	0	2	0	0	0	0	0	0	N	Y	N	N	N	N	N	N	N	N	N	N	0.1274	0.2491	0.0015	0.3145	0.8669	0.0012	0.0005	0.0000	0.0046	0.0020	0.0022	0.0000	0.0052	0.0055	0.0001	0.0000	0.0000	0.0000	0.0155	0.0090	0.0301	0.0166	0.0064	0.0510	0.0132	0.0174	0.0088	0.0026	1.5073	-0.0001	0.0003	2.0032	7.1305	4.2039	3.2426	0.0002	0.0002	0.0000	0.0002	0.0002	0.0000	0.0000	0.0000	0.0000	0.0023	0.0009	0.0014	0.0017	0.0005	0.0012	0.0006	0.0004	0.0002	0.1192	0.1051	0.0141	0.0450	0.0426	0.0025	0.0741	0.0625	0.0116	0.1465	0.1010	0.0455	0.1000	0.0771	0.0230	0.0464	0.0239	0.0225	0.1274	0.2491	0.0015	0.3145	0.8669	0.0012	0.0005	0.0000	0.0046	0.0155	0.0090	0.0301	0.0166	0.0064	0.0510	0.0132	0.0174	0.0088
83	95	0.0341	2	1	2	0	0	0	0	0	0	N	Y	N	N	N	N	N	N	N	N	N	N	0.0074	0.0328	0.0012	0.5210	0.5462	0.0000	0.0047	24.3677	0.0012	0.0167	0.0188	0.0058	0.5774	0.6089	0.0000	0.0130	0.0143	0.0058	2.2512	0.5725	4.7882	1.1081	1.1147	0.4178	2.7692	0.0006	4.8205	0.0575	5.5333	-0.0007	0.5541	2.0032	8.0000	4.2039	22.5660	0.0018	0.0017	0.0001	0.0004	0.0004	0.0000	0.0014	0.0013	0.0001	1.4260	0.2183	1.2077	0.2189	0.2182	0.0008	1.2070	0.0001	1.2069	0.1099	0.0927	0.0172	0.0007	0.0007	0.0000	0.1092	0.0920	0.0171	0.6334	0.3812	0.2522	0.1976	0.1957	0.0018	0.4359	0.1855	0.2504	0.0074	0.0328	0.0012	0.5210	0.5462	0.0000	0.0047	24.3677	0.0012	2.2512	0.5725	4.7882	1.1081	1.1147	0.4178	2.7692	0.0006	4.8205
83	96	0.1080	4	0	1	0	0	0	0	0	0	N	N	N	N	N	N	N	N	N	N	N	N	0.0060	0.0048	0.0000	0.0410	0.0391	0.0000	0.0000	0.0000	0.0000	0.0043	0.0051	0.0000	0.0830	0.0895	0.0000	0.0000	0.0000	0.0000	0.7204	1.0581	0.0543	2.0239	2.2853	0.0249	0.0272	0.0013	0.0583	0.0000	0.0260	-0.0003	-0.1379	2.0032	11.9964	4.2039	18.8414	0.0006	0.0006	0.0000	0.0006	0.0006	0.0000	0.0000	0.0000	0.0000	0.3185	0.3104	0.0081	0.3106	0.3102	0.0004	0.0078	0.0002	0.0076	0.1475	0.1251	0.0224	0.0077	0.0072	0.0006	0.1398	0.1180	0.0218	0.4420	0.2933	0.1487	0.1535	0.1357	0.0177	0.2886	0.1576	0.1309	0.0060	0.0048	0.0000	0.0410	0.0391	0.0000	0.0000	0.0000	0.0000	0.7204	1.0581	0.0543	2.0239	2.2853	0.0249	0.0272	0.0013	0.0583
83	98	0.0646	4	1	2	1	0	0	0	0	0	N	Y	N	N	N	N	N	N	N	N	N	N	0.0102	0.0112	0.0008	0.2119	0.2123	0.5462	0.0000	0.0000	0.0000	0.0790	0.0917	0.0041	0.5944	0.6139	0.1143	0.0000	0.0000	0.0000	7.7237	8.1816	4.9662	2.8057	2.8917	0.2093	7.4298	9.7861	5.0910	0.0076	0.4246	-0.0005	-0.2610	2.0032	0.9502	4.2039	16.1595	0.0013	0.0013	0.0000	0.0013	0.0013	0.0000	0.0000	0.0000	0.0000	1.6281	1.1429	0.4852	0.2186	0.2181	0.0005	1.4095	0.9248	0.4847	0.0160	0.0137	0.0023	0.0021	0.0020	0.0001	0.0138	0.0116	0.0022	0.2676	0.1699	0.0977	0.0779	0.0754	0.0025	0.1897	0.0945	0.0952	0.0130	0.0136	0.0008	0.2119	0.2123	0.5462	0.0000	0.0000	0.0000	6.0835	6.7260	4.9662	2.8057	2.8917	0.2093	7.4298	9.7861	5.0910
83	99	0.1080	4	0	2	0	0	0	0	0	0	N	Y	N	N	N	N	N	N	N	N	N	N	0.0000	0.0000	0.0000	0.0000	0.0000	0.0000	0.0000	0.0000	0.0000	0.0000	0.0000	0.0000	0.0000	0.0000	0.0000	0.0000	0.0000	0.0000	0.7082	0.4937	1.1322	1.0230	1.0234	1.0197	0.5366	0.0271	1.1482	1.1607	0.0000	0.0229	2.0032	11.9964	4.2039	15.6499	0.0000	0.0000	0.0000	0.0000	0.0000	0.0000	0.0000	0.0000	0.0000	0.2901	0.1342	0.1558	0.1479	0.1303	0.0175	0.1422	0.0039	0.1383	0.1475	0.1251	0.0224	0.0077	0.0072	0.0006	0.1398	0.1180	0.0218	0.4096	0.2719	0.1376	0.1445	0.1274	0.0172	0.2650	0.1446	0.1204	0.0000	0.0000	0.0000	0.0000	0.0000	0.0000	0.0000	0.0000	0.0000	0.7082	0.4937	1.1322	1.0230	1.0234	1.0197	0.5366	0.0271	1.1482	
83	100	0.0675	5	1	1	1	0	0	0	0	0	N	N	N	N	N	N	N	N	N	N	N	N	0.0016	0.0030	0.0000	0.0005	0.0006	0.0000	0.0020	0.3492	0.0000	0.0001	0.0001	0.0000	0.0000	0.0000	0.0000	0.0001	0.0001	0.0000	0.0527	0.0331	0.0872	0.0783	0.0791	0.0569	0.0429	0.0003	0.0881	0.0000	1.4881	-0.0000	0.0016	2.0032	1.0008	4.2039	13.9255	0.0000	0.0000	0.0000	0.0000	0.0000	0.0000	0.0000	0.0000	0.0000	0.0116	0.0046	0.0069	0.0047	0.0046	0.0001	0.0068	0.0000	0.0068	0.0144	0.0122	0.0022	0.0010	0.0009	0.0001	0.0134	0.0112	0.0021	0.2195	0.1402	0.0793	0.0606	0.0584	0.0022	0.1589	0.0818	0.0771	0.0016	0.0030	0.0000	0.0005	0.0006	0.0000	0.0020	0.3492	0.0000	0.0527	0.0331	0.0872	0.0783	0.0791	0.0569	0.0429	0.0003	0.0881
83	101	0.0646	4	1	1	1	0	0	0	0	0	N	N	N	N	N	N	N	N	N	N	N	N	0.0877	0.0692	0.0016	0.0038	0.0037	0.3798	0.2935	0.2351	0.0004	0.0220	0.0244	0.0001	0.0017	0.0017	0.0058	0.0353	0.0422	0.0000	0.2507	0.3532	0.0827	0.4430	0.4519	0.0154	0.1202	0.1795	0.0842	0.0006	0.1430	-0.0000	-0.0061	2.0032	0.0532	4.2039	2.0467	0.0001	0.0001	0.0000	0.0000	0.0000	0.0000	0.0001	0.0001	0.0000	0.0184	0.0161	0.0023	0.0131	0.0131	0.0000	0.0053	0.0030	0.0023	0.0032	0.0028	0.0003	0.0012	0.0012	0.0000	0.0019	0.0016	0.0003	0.0734	0.0456	0.0278	0.0297	0.0291	0.0006	0.0437	0.0165	0.0272	0.0877	0.0692	0.0016	0.0038	0.0037	0.3798	0.2935	0.2351	0.0004	0.2507	0.3532	0.0827	0.4430	0.4519	0.0154	0.1202	0.1795	0.0842
83	102	0.0549	3	1	1	1	0	0	0	0	0	N	N	N	N	N	N	N	N	N	N	N	N	0.0757	0.0819	0.0006	0.4336	0.4528	0.0721	0.0130	0.0210	0.0000	0.0183	0.0214	0.0001	0.1639	0.1732	0.0032	0.0022	0.0026	0.0000	0.2412	0.2616	0.2062	0.3780	0.3826	0.0442	0.1712	0.1258	0.2082	0.0010	0.4603	-0.0003	-0.0041	2.0032	2.0948	4.2039	3.0326	0.0006	0.0006	0.0000	0.0005	0.0005	0.0000	0.0001	0.0001	0.0000	0.0286	0.0196	0.0090	0.0152	0.0151	0.0000	0.0134	0.0044	0.0090	0.0322	0.0274	0.0048	0.0032	0.0030	0.0002	0.0290	0.0244	0.0046	0.1186	0.0748	0.0437	0.0401	0.0396	0.0005	0.0784	0.0353	0.0432	0.0757	0.0819	0.0006	0.4336	0.4528	0.0721	0.0130	0.0210	0.0000	0.2412	0.2616	0.2062	0.3780	0.3826	0.0442	0.1712	0.1258	0.2082
83	103	0.0341	2	1	1	1	0	0	0	0	0	N	N	N	N	N	N	N	N	N	N	N	N	0.0231	0.0208	0.0000	0.0153	0.0161	0.0000	0.0533	2.2118	0.0000	0.0228	0.0271	0.0000	0.0278	0.0292	0.0000	0.0228	0.0270	0.0000	0.9880	1.3028	0.5800	1.8107	1.8180	0.0661	0.4277	0.0122	0.5820	0.0001	0.3434	-0.0006	-0.0796	2.0032	3.9484	4.2039	4.8420	0.0013	0.0013	0.0000	0.0000	0.0000	0.0000	0.0013	0.0013	0.0000	0.3927	0.2923	0.1004	0.2916	0.2916	0.0000	0.1011	0.0008	0.1004	0.0554	0.0466	0.0087	0.0004	0.0004	0.0000	0.0550	0.0463	0.0087	0.3975	0.2244	0.1731	0.1610	0.1604	0.0007	0.2365	0.0640	0.1724	0.0231	0.0208	0.0000	0.0153	0.0161	0.0000	0.0533	2.2118	0.0000	0.9880	1.3028	0.5800	1.8107	1.8180	0.0661	0.4277	0.0122	0.5820
83	104	0.1403	5	0	2	0	0	0	0	0	0	N	Y	N	N	N	N	N	N	N	N	N	N	0.0006	0.0000	0.0276	0.0041	0.0000	0.0316	0.0000	0.0000	0.0126	0.0001	0.0000	0.0004	0.0003	0.0000	0.0029	0.0000	0.0000	0.0000	0.0988	0.1394	0.0154	0.0618	0.0571	0.0919	0.1203	0.2132	0.0018	inf	0.0536	0.0000	-0.0216	2.0032	8.9557	4.2039	32.3127	0.0000	0.0000	0.0000	0.0000	0.0000	0.0000	0.0000	0.0000	0.0000	0.0530	0.0503	0.0027	0.0122	0.0097	0.0024	0.0409	0.0406	0.0003	0.1457	0.1247	0.0210	0.0334	0.0305	0.0029	0.1123	0.0942	0.0181	0.5366	0.3609	0.1757	0.1969	0.1706	0.0264	0.3397	0.1903	0.1494	0.0006	0.0000	0.0276	0.0041	0.0000	0.0316	0.0000	0.0000	0.0126	0.0988	0.1394	0.0154	0.0618	0.0571	0.0919	0.1203	0.2132	0.0018
83	105	0.1657	6	0	1	1	0	0	0	0	0	N	N	N	N	N	N	N	N	N	N	N	N	0.1705	0.0000	16.7436	0.4305	0.0000	76.7037	0.1680	0.0000	1.6096	0.0025	0.0000	0.0156	0.0161	0.0000	0.2664	0.0001	0.0000	0.0008	0.0146	0.0211	0.0009	0.0375	0.0425	0.0035	0.0008	0.0011	0.0005	inf	0.0209	0.0001	-0.0011	2.0032	4.2679	4.2039	7.8415	0.0002	0.0000	0.0002	0.0002	0.0000	0.0002	0.0000	0.0000	0.0000	0.0025	0.0025	0.0001	0.0025	0.0024	0.0000	0.0001	0.0001	0.0000	0.0667	0.0560	0.0106	0.0098	0.0092	0.0006	0.0568	0.0468	0.0101	0.1742	0.1182	0.0561	0.0656	0.0572	0.0085	0.1086	0.0610	0.0476	0.1705	0.0000	16.7436	0.4305	0.0000	76.7037	0.1680	0.0000	1.6096	0.0146	0.0211	0.0009	0.0375	0.0425	0.0035	0.0008	0.0011	0.0005
83	106	0.1403	5	0	1	0	0	0	0	0	0	N	N	N	N	N	N	N	N	N	N	N	N	0.0135	0.0114	0.0120	0.0912	0.1369	0.0134	0.0000	0.0000	0.0013	0.0032	0.0035	0.0009	0.0064	0.0068	0.0026	0.0000	0.0000	0.0001	0.2351	0.3068	0.0788	0.0700	0.0494	0.1949	0.3584	0.6033	0.0510	0.0403	0.1178	-0.0001	-0.0176	2.0032	1.9301	4.2039	9.0954	0.0002	0.0002	0.0000	0.0002	0.0002	0.0000	0.0000	0.0000	0.0000	0.0498	0.0445	0.0052	0.0063	0.0038	0.0025	0.0434	0.0407	0.0027	0.0538	0.0468	0.0070	0.0267	0.0242	0.0024	0.0272	0.0226	0.0046	0.2118	0.1452	0.0666	0.0905	0.0777	0.0128	0.1212	0.0675	0.0538	0.0135	0.0114	0.0120	0.0912	0.1369	0.0134	0.0000	0.0000	0.0013	0.2351	0.3068	0.0788	0.0700	0.0494	0.1949	0.3584	0.6033	0.0510
83	107	0.1080	4	0	1	0	0	0	0	0	0	N	N	N	N	N	N	N	N	N	N	N	N	0.0001	0.0000	0.0000	0.0126	0.0322	0.0000	0.0000	0.0000	0.0000	0.0002	0.0002	0.0000	0.0034	0.0036	0.0000	0.0000	0.0000	0.0000	3.4515	5.3479	0.3186	0.2681	0.1127	1.1989	5.5657	10.2007	0.1370	0.0000	0.0318	-0.0000	-0.3740	2.0032	3.9049	4.2039	9.6098	0.0000	0.0000	0.0000	0.0000	0.0000	0.0000	0.0000	0.0000	0.0000	0.8748	0.8478	0.0270	0.0271	0.0098	0.0173	0.8476	0.8380	0.0096	0.0499	0.0422	0.0077	0.0026	0.0025	0.0002	0.0473	0.0398	0.0075	0.2534	0.1688	0.0846	0.1011	0.0867	0.0145	0.1523	0.0822	0.0701	0.0001	0.0000	0.0000	0.0126	0.0322	0.0000	0.0000	0.0000	0.0000	3.4515	5.0216	0.3186	0.2681	0.1127	1.1989	5.5657	10.2007	0.1370
83	108	0.1292	6	0	2	0	0	0	0	0	0	N	Y	N	N	N	N	N	N	N	N	N	N	0.0000	0.0000	0.0010	0.0000	0.0000	0.0467	0.0000	0.0000	0.0001	0.0000	0.0000	0.0000	0.0000	0.0000	0.0000	0.0000	0.0000	0.0000	0.0293	0.0443	0.0019	0.0698	0.0864	0.0008	0.0020	0.0018	0.0023	inf	0.0239	0.0000	-0.0054	2.0032	8.0392	4.2039	22.6195	0.0000	0.0000	0.0000	0.0000	0.0000	0.0000	0.0000	0.0000	0.0000	0.0124	0.0121	0.0003	0.0119	0.0119	0.0000	0.0005	0.0002	0.0003	0.1099	0.0934	0.0165	0.0122	0.0114	0.0008	0.0977	0.0820	0.0157	0.4228	0.2733	0.1495	0.1704	0.1373	0.0331	0.2524	0.1360	0.1164	0.0000	0.0000	0.0010	0.0000	0.0000	0.0467	0.0000	0.0000	0.0001	0.0293	0.0443	0.0019	0.0698	0.0864	0.0008	0.0020	0.0018	0.0023
83	109	0.1292	5	0	1	0	0	0	0	0	0	N	N	N	N	N	N	N	N	N	N	N	N	0.0000	0.0000	0.0001	0.0001	0.0001	0.0013	0.0000	0.0000	0.0001	0.0000	0.0000	0.0000	0.0000	0.0000	0.0014	0.0000	0.0000	0.0000	0.2187	0.1652	0.3731	0.3811	0.2487	1.0332	0.0359	0.0436	0.0222	1.0000	0.7831	0.0000	-0.0004	2.0032	0.2031	4.2039	2.0398	0.0000	0.0000	0.0000	0.0000	0.0000	0.0000	0.0000	0.0000	0.0000	0.0217	0.0122	0.0095	0.0201	0.0109	0.0092	0.0017	0.0013	0.0004	0.0069	0.0058	0.0012	0.0024	0.0023	0.0000	0.0046	0.0035	0.0011	0.0994	0.0738	0.0256	0.0526	0.0437	0.0089	0.0467	0.0300	0.0167	0.0000	0.0000	0.0001	0.0001	0.0001	0.0013	0.0000	0.0000	0.0001	0.2187	0.1652	0.3731	0.3811	0.2487	1.0332	0.0359	0.0436	0.0222
83	110	0.7097	11	1	1	1	0	0	0	0	0	N	N	N	N	N	N	N	N	N	N	N	N	0.0000	0.0000	0.0000	0.0000	0.0000	0.0000	0.0000	0.0000	0.0000	0.0000	0.0000	0.0000	0.0000	0.0000	0.0000	0.0000	0.0000	0.0000	0.0000	0.0000	2.0032	0.0001	4.2039	0.0001	0.0000	0.0000	0.0000	0.0000	0.0000	0.0000	0.0000	0.0000	0.0000	0.0000	0.0000	0.0000	0.0000	0.0000	0.0000	0.0000	0.0000	0.0000	0.0014	0.0011	0.0003	0.0007	0.0007	0.0000	0.0007	0.0004	0.0003	0.0001	0.0001	0.0000	0.0000	0.0000	0.0000	0.0000	0.0000	0.0000	0.0000	0.0000	0.0000	0.0000	0.0000	0.0000	0.0000	0.0000	0.0000	0.0000	0.0000	0.0000	0.0000	0.0000	0.0000	0.0000	0.0000	0.0000											
83	111	0.6958	10	1	1	1	0	0	0	0	0	N	N	N	N	N	N	N	N	N	N	N	N	0.0038	0.0000	0.0442	0.0010	0.0000	0.0666	0.0061	0.0000	0.0258	0.0000	0.0000	0.0000	0.0000	0.0000	0.0000	0.0000	0.0000	0.0000	0.0011	0.0012	0.0007	0.0012	0.0014	0.0003	0.0009	0.0005	0.0013	inf	0.2577	0.0000	-0.0000	2.0032	1.6718	4.2039	2.9223	0.0000	0.0000	0.0000	0.0000	0.0000	0.0000	0.0000	0.0000	0.0000	0.0001	0.0001	0.0000	0.0001	0.0001	0.0000	0.0000	0.0000	0.0000	0.0250	0.0218	0.0032	0.0077	0.0073	0.0004	0.0172	0.0145	0.0028	0.0736	0.0509	0.0228	0.0541	0.0408	0.0133	0.0196	0.0101	0.0095	0.0038	0.0000	0.0442	0.0010	0.0000	0.0666	0.0061	0.0000	0.0258	0.0011	0.0012	0.0007	0.0012	0.0014	0.0003	0.0009	0.0005	0.0013
83	112	0.6123	9	1	1	1	0	0	0	0	0	N	N	N	N	N	N	N	N	N	N	N	N	6.9522	0.0004	38.0442	1.1544	0.0009	9.3241	19.4200	0.0000	116.1750	0.0031	0.0000	0.0256	0.0006	0.0000	0.0104	0.0044	0.0000	0.0288	0.0005	0.0003	0.0007	0.0006	0.0004	0.0011	0.0002	0.0002	0.0002	28306.7468	0.8754	0.0003	0.0000	2.0032	14.0283	4.2039	7.1084	0.0006	0.0000	0.0006	0.0000	0.0000	0.0000	0.0006	0.0000	0.0006	0.0001	0.0001	0.0001	0.0001	0.0001	0.0000	0.0000	0.0000	0.0000	0.1927	0.1691	0.0236	0.0660	0.0619	0.0041	0.1267	0.1072	0.0195	0.2532	0.1739	0.0793	0.1689	0.1302	0.0388	0.0842	0.0437	0.0405	6.9522	0.0004	38.0442	1.1544	0.0009	9.3241	19.4200	0.0000	116.1750	0.0005	0.0003	0.0007	0.0006	0.0004	0.0011	0.0002	0.0002	0.0002
83	113	0.5520	8	0	1	0	0	0	0	0	0	N	N	N	N	N	N	N	N	N	N	N	N	0.0805	0.0558	0.2429	0.0992	0.1089	0.2227	0.3166	0.0003	1.0013	0.0013	0.0007	0.0059	0.0023	0.0019	0.0090	0.0008	0.0000	0.0053	0.0164	0.0132	0.0242	0.0232	0.0179	0.0406	0.0025	0.0005	0.0053	1.0362	0.7802	0.0000	-0.0001	2.0032	8.6129	4.2039	5.1709	0.0002	0.0001	0.0001	0.0001	0.0001	0.0000	0.0001	0.0000	0.0001	0.0050	0.0028	0.0022	0.0048	0.0028	0.0020	0.0003	0.0000	0.0002	0.1552	0.1374	0.0178	0.0547	0.0519	0.0028	0.1005	0.0855	0.0150	0.3070	0.2156	0.0915	0.2064	0.1574	0.0490	0.1006	0.0581	0.0425	0.0805	0.0558	0.2429	0.0992	0.1089	0.2227	0.3166	0.0003	1.0013	0.0164	0.0132	0.0242	0.0232	0.0179	0.0406	0.0025	0.0005	0.0053
83	114	0.4569	7	0	1	0	0	0	0	0	0	N	N	N	N	N	N	N	N	N	N	N	N	0.0041	0.0146	0.0006	0.0089	0.0337	0.0005	0.0094	0.0106	0.0132	0.0049	0.0053	0.0019	0.0153	0.0164	0.0028	0.0009	0.0007	0.0018	1.1722	0.3643	3.0208	1.7153	0.4870	5.2145	0.0929	0.0672	0.1327	0.0556	3.6244	-0.0004	0.2496	2.0032	16.8607	4.2039	22.7724	0.0011	0.0011	0.0001	0.0010	0.0010	0.0000	0.0001	0.0001	0.0000	0.7672	0.1659	0.6013	0.7468	0.1570	0.5899	0.0203	0.0089	0.0114	0.2302	0.1997	0.0305	0.0636	0.0584	0.0052	0.1667	0.1413	0.0254	0.6545	0.4554	0.1990	0.4354	0.3223	0.1131	0.2191	0.1332	0.0859	0.0041	0.0146	0.0006	0.0089	0.0337	0.0005	0.0094	0.0106	0.0132	1.1722	0.3643	3.0208	1.7153	0.4870	5.2145	0.0929	0.0672	0.1327
83	115	0.0844	4	1	1	1	0	0	0	0	0	N	N	N	N	N	N	N	N	N	N	N	N	0.0000	0.0000	0.0000	0.0000	0.0000	0.0000	0.0000	0.0000	0.0000	0.0000	0.0000	0.0000	0.0000	0.0000	0.0000	0.0000	0.0000	0.0000	0.0573	0.0860	0.0056	0.1412	0.1456	0.0084	0.0035	0.0010	0.0055	0.0359	0.0000	-0.0035	2.0032	1.0009	4.2039	4.0038	0.0000	0.0000	0.0000	0.0000	0.0000	0.0000	0.0000	0.0000	0.0000	0.0082	0.0079	0.0003	0.0079	0.0078	0.0000	0.0003	0.0000	0.0003	0.0149	0.0126	0.0023	0.0009	0.0009	0.0000	0.0139	0.0117	0.0022	0.1425	0.0917	0.0508	0.0557	0.0539	0.0018	0.0868	0.0378	0.0490	0.0000	0.0000	0.0000	0.0000	0.0000	0.0000	0.0000	0.0000	0.0000	0.0573	0.0860	0.0056	0.1412	0.1456	0.0084	0.0035	0.0010	0.0055	
83	116	0.0561	3	1	1	1	0	0	0	0	0	N	N	N	N	N	N	N	N	N	N	N	N	0.0002	0.0044	0.0000	0.0002	0.0002	0.0000	0.0002	0.0289	0.0000	0.0005	0.0006	0.0001	0.0000	0.0000	0.0000	0.0006	0.0007	0.0001	2.6595	0.1388	7.9694	0.2433	0.2344	0.4335	3.9931	0.0258	7.1958	0.0332	29.5385	-0.0000	0.3860	2.0032	1.8441	4.2039	10.4794	0.0000	0.0000	0.0000	0.0000	0.0000	0.0000	0.0000	0.0000	0.0000	0.7586	0.0248	0.7337	0.0247	0.0227	0.0020	0.7339	0.0021	0.7318	0.0377	0.0323	0.0054	0.0063	0.0062	0.0001	0.0314	0.0261	0.0053	0.2852	0.1790	0.1062	0.1014	0.0969	0.0045	0.1838	0.0821	0.1017	0.0002	0.0044	0.0000	0.0002	0.0002	0.0000	0.0002	0.0289	0.0000	2.6595	0.1388	6.9078	0.2433	0.2344	0.4335	3.9931	0.0258	7.1958
83	117	0.3442	5	0	2	0	1	0	0	0	0	N	Y	N	N	N	N	N	N	N	N	N	N	0.0043	0.0042	0.0000	0.0010	0.0012	0.0000	0.0054	0.0037	0.0002	0.0007	0.0008	0.0000	0.0001	0.0002	0.0000	0.0009	0.0011	0.0000	0.1550	0.1833	0.0886	0.1456	0.1318	0.1975	0.1696	0.2944	0.0076	0.0006	0.2056	-0.0001	-0.0262	2.0032	10.5071	4.2039	20.2622	0.0001	0.0001	0.0000	0.0000	0.0000	0.0000	0.0001	0.0001	0.0000	0.0910	0.0755	0.0155	0.0518	0.0371	0.0148	0.0392	0.0384	0.0008	0.1799	0.1569	0.0230	0.0585	0.0542	0.0043	0.1214	0.1027	0.0187	0.5868	0.4117	0.1752	0.3560	0.2813	0.0747	0.2308	0.1304	0.1004	0.0043	0.0042	0.0000	0.0010	0.0012	0.0000	0.0054	0.0037	0.0002	0.1550	0.1833	0.0886	0.1456	0.1318	0.1975	0.1696	0.2944	0.0076
83	118	0.1080	4	0	2	0	1	0	0	0	0	N	Y	N	N	N	N	N	N	N	N	N	N	0.0000	0.0000	0.0000	0.0000	0.0000	0.0000	0.0000	0.0000	0.0000	0.0000	0.0000	0.0000	0.0000	0.0000	0.0000	0.0000	0.0000	0.0000	1.4763	2.1930	0.0622	2.9742	3.3632	0.0098	0.6774	1.1827	0.0694	0.0144	0.0000	-0.2873	2.0032	4.0036	4.2039	26.5072	0.0000	0.0000	0.0000	0.0000	0.0000	0.0000	0.0000	0.0000	0.0000	0.6468	0.6376	0.0092	0.4532	0.4531	0.0002	0.1935	0.1845	0.0090	0.0510	0.0432	0.0078	0.0027	0.0025	0.0002	0.0483	0.0407	0.0076	0.4381	0.2907	0.1473	0.1524	0.1347	0.0177	0.2857	0.1560	0.1297	0.0000	0.0000	0.0000	0.0000	0.0000	0.0000	0.0000	0.0000	0.0000	1.4763	2.1930	0.0622	2.9742	3.3632	0.0098	0.6774	1.1827	0.0694	
83	119	0.1464	5	0	2	0	0	0	0	0	0	N	Y	N	N	N	N	N	N	N	N	N	N	0.0002	0.0002	0.0000	0.0004	0.0004	0.0000	0.0000	0.0000	0.0000	0.0003	0.0004	0.0000	0.0014	0.0015	0.0000	0.0000	0.0000	0.0000	1.8905	1.8299	2.0118	3.4019	3.6705	0.0466	1.0508	0.0190	2.1814	0.0076	0.5494	-0.0000	-0.0785	2.0032	3.8169	4.2039	21.2433	0.0000	0.0000	0.0000	0.0000	0.0000	0.0000	0.0000	0.0000	0.0000	0.7565	0.4882	0.2683	0.4862	0.4857	0.0005	0.2703	0.0026	0.2678	0.0731	0.0631	0.0100	0.0168	0.0160	0.0008	0.0563	0.0470	0.0092	0.4002	0.2668	0.1333	0.1429	0.1323	0.0106	0.2572	0.1345	0.1228	0.0002	0.0002	0.0000	0.0004	0.0004	0.0000	0.0000	0.0000	0.0000	1.8905	1.8299	2.0118	3.4019	3.6705	0.0466	1.0508	0.0190	2.1814
83	120	0.4921	9	0	2	0	0	0	0	0	0	N	Y	N	N	N	N	N	N	N	N	N	N	3.6936	2.9542	4.1865	7.7400	6.4111	0.3342	1.2207	0.0050	19.3088	3.4534	3.9406	0.0550	11.1932	11.8781	0.0080	0.0098	0.0001	0.0627	0.9350	1.3339	0.0131	1.4461	1.8527	0.0241	0.0080	0.0119	0.0032	0.0020	0.0043	-0.3768	-0.3122	2.0032	16.3276	4.2039	34.9199	0.8581	0.8564	0.0017	0.8564	0.8564	0.0000	0.0017	0.0000	0.0017	0.6875	0.6846	0.0029	0.6854	0.6829	0.0025	0.0021	0.0017	0.0004	0.2485	0.2173	0.0312	0.0765	0.0721	0.0044	0.1720	0.1452	0.0267	0.7353	0.5132	0.2221	0.4740	0.3686	0.1054	0.2614	0.1447	0.1167	3.6936	2.9542	4.1865	7.7400	6.4111	0.3342	1.2207	0.0050	19.3088	0.9350	1.3339	0.0131	1.4461	1.8527	0.0241	0.0080	0.0119	0.0032
83	121	0.4748	8	0	2	0	0	0	0	0	0	N	Y	N	N	N	N	N	N	N	N	N	N	2.4328	2.1511	0.0610	6.8139	6.2639	0.0628	0.5232	0.3688	0.2360	1.6393	1.8833	0.0099	4.8724	5.1469	0.0191	0.3135	0.3723	0.0087	0.6738	0.8755	0.1624	0.7151	0.8217	0.3045	0.5991	1.0094	0.0367	0.0008	0.0732	-0.0714	-0.1203	2.0032	6.1757	4.2039	14.5601	0.1623	0.1621	0.0001	0.1403	0.1402	0.0000	0.0220	0.0219	0.0001	0.3083	0.2873	0.0210	0.2108	0.1923	0.0185	0.0975	0.0950	0.0025	0.0990	0.0861	0.0129	0.0288	0.0272	0.0015	0.0702	0.0588	0.0114	0.4575	0.3281	0.1294	0.2948	0.2341	0.0608	0.1627	0.0941	0.0686	2.4328	2.1511	0.0610	6.8139	6.2639	0.0628	0.5232	0.3688	0.2360	0.6738	0.8755	0.1624	0.7151	0.8217	0.3045	0.5991	1.0094	0.0367
83	122	0.4217	7	0	1	0	0	0	0	0	0	N	N	N	N	N	N	N	N	N	N	N	N	0.5823	0.4829	0.0162	0.9521	0.7901	0.0004	0.3923	0.2934	0.0766	0.3895	0.4466	0.0005	0.6025	0.6429	0.0000	0.2875	0.3419	0.0006	0.6689	0.9248	0.0299	0.6328	0.8137	0.0498	0.7329	1.1652	0.0075	0.0002	0.0130	-0.0219	-0.1922	2.0032	7.5400	4.2039	21.4192	0.0498	0.0498	0.0000	0.0249	0.0249	0.0000	0.0248	0.0248	0.0000	0.4314	0.4259	0.0055	0.2611	0.2563	0.0049	0.1703	0.1697	0.0006	0.1278	0.1114	0.0164	0.0414	0.0388	0.0026	0.0864	0.0726	0.0138	0.6450	0.4606	0.1845	0.4127	0.3149	0.0977	0.2324	0.1456	0.0868	0.5823	0.4829	0.0162	0.9521	0.7901	0.0004	0.3923	0.2934	0.0766	0.6689	0.9248	0.0299	0.6328	0.8137	0.0498	0.7329	1.1652	0.0075
83	123	0.0341	2	0	2	0	0	0	0	0	0	N	Y	N	N	N	N	N	N	N	N	N	N	0.0000	0.0000	0.0000	0.0000	0.0000	0.0000	0.0000	0.0000	0.0000	0.0000	0.0000	0.0000	0.0000	0.0000	0.0000	0.0000	0.0000	0.0000	1.0086	0.7163	1.4361	1.2835	1.2924	0.1816	0.8721	0.0004	1.4444	1.3708	0.0000	0.0680	2.0032	4.0019	4.2039	19.5615	0.0000	0.0000	0.0000	0.0000	0.0000	0.0000	0.0000	0.0000	0.0000	0.5678	0.2395	0.3283	0.2397	0.2395	0.0003	0.3281	0.0001	0.3280	0.0561	0.0473	0.0088	0.0004	0.0004	0.0000	0.0557	0.0469	0.0088	0.5630	0.3344	0.2286	0.1868	0.1853	0.0015	0.3762	0.1491	0.2271	0.0000	0.0000	0.0000	0.0000	0.0000	0.0000	0.0000	0.0000	0.0000	1.0086	0.7163	1.4361	1.2835	1.2924	0.1816	0.8721	0.0004	1.4444	
83	126	0.1451	6	0	2	0	0	0	0	0	0	N	Y	N	N	N	N	N	N	N	N	N	N	0.0071	0.0054	0.0000	0.0519	0.0445	0.0000	0.0000	0.0000	0.0000	0.0087	0.0103	0.0000	0.0769	0.0817	0.0000	0.0000	0.0000	0.0000	1.2317	1.9003	0.0010	1.4821	1.8349	0.0013	1.0519	1.9714	0.0009	0.0000	0.0003	-0.0003	-0.1838	2.0032	5.0407	4.2039	17.1705	0.0006	0.0006	0.0000	0.0006	0.0006	0.0000	0.0000	0.0000	0.0000	0.4013	0.4011	0.0001	0.2019	0.2018	0.0000	0.1994	0.1993	0.0001	0.0722	0.0610	0.0112	0.0082	0.0077	0.0005	0.0640	0.0533	0.0107	0.3258	0.2111	0.1147	0.1362	0.1100	0.0262	0.1895	0.1011	0.0885	0.0071	0.0054	0.0000	0.0519	0.0445	0.0000	0.0000	0.0000	0.0000	1.2317	1.9003	0.0010	1.4821	1.8349	0.0013	1.0519	1.9714	0.0009
83	127	0.1292	5	0	2	0	0	0	0	0	0	N	Y	N	N	N	N	N	N	N	N	N	N	0.0037	0.0036	0.0001	0.0147	0.0149	0.0009	0.0000	0.0000	0.0000	0.0004	0.0005	0.0000	0.0027	0.0028	0.0001	0.0000	0.0000	0.0000	0.1092	0.1343	0.0539	0.1844	0.1892	0.1630	0.0447	0.0677	0.0132	0.0025	0.1821	-0.0000	-0.0058	2.0032	1.9703	4.2039	6.2034	0.0000	0.0000	0.0000	0.0000	0.0000	0.0000	0.0000	0.0000	0.0000	0.0190	0.0161	0.0029	0.0148	0.0124	0.0024	0.0042	0.0037	0.0005	0.0308	0.0261	0.0047	0.0046	0.0044	0.0002	0.0262	0.0216	0.0045	0.1742	0.1198	0.0544	0.0804	0.0656	0.0148	0.0938	0.0541	0.0396	0.0037	0.0036	0.0001	0.0147	0.0149	0.0009	0.0000	0.0000	0.0000	0.1092	0.1343	0.0539	0.1844	0.1892	0.1630	0.0447	0.0677	0.0132
83	128	0.1080	4	0	1	0	0	0	0	0	0	N	N	N	N	N	N	N	N	N	N	N	N	0.0000	0.0000	0.0000	0.0000	0.0000	0.0000	0.0000	0.0000	0.0000	0.0000	0.0000	0.0000	0.0000	0.0000	0.0000	0.0000	0.0000	0.0000	1.4212	2.0566	0.1460	3.0874	3.6556	0.0539	0.1526	0.1376	0.1697	0.0031	0.0354	-0.0000	-0.1194	2.0032	1.1032	4.2039	7.8190	0.0000	0.0000	0.0000	0.0000	0.0000	0.0000	0.0000	0.0000	0.0000	0.2814	0.2718	0.0096	0.2642	0.2635	0.0007	0.0171	0.0083	0.0089	0.0144	0.0122	0.0022	0.0008	0.0008	0.0001	0.0136	0.0114	0.0022	0.1980	0.1321	0.0658	0.0856	0.0721	0.0135	0.1124	0.0601	0.0523	0.0000	0.0000	0.0000	0.0000	0.0000	0.0000	0.0000	0.0000	0.0000	1.4212	2.0566	0.1460	3.0874	3.6556	0.0539	0.1526	0.1376	0.1697
83	129	0.4510	8	0	2	0	0	0	0	0	0	N	Y	N	N	N	N	N	N	N	N	N	N	0.0000	0.0000	0.0000	0.0000	0.0000	0.0000	0.0000	0.0000	0.0000	0.0000	0.0000	0.0000	0.0000	0.0000	0.0000	0.0000	0.0000	0.0000	0.0008	0.0000	0.0031	0.0007	0.0000	0.0027	0.0010	0.0000	0.0037	31.3956	0.0000	0.0001	2.0032	1.0033	4.2039	0.8635	0.0000	0.0000	0.0000	0.0000	0.0000	0.0000	0.0000	0.0000	0.0000	0.0002	0.0000	0.0002	0.0001	0.0000	0.0001	0.0001	0.0000	0.0001	0.0441	0.0400	0.0041	0.0246	0.0233	0.0013	0.0195	0.0167	0.0028	0.2824	0.2117	0.0707	0.1895	0.1445	0.0450	0.0929	0.0671	0.0257	0.0000	0.0000	0.0000	0.0000	0.0000	0.0000	0.0000	0.0000	0.0000	0.0008	0.0000	0.0031	0.0007	0.0000	0.0027	0.0010	0.0000	0.0037	
83	130	0.4217	7	0	1	0	0	0	0	0	0	N	N	N	N	N	N	N	N	N	N	N	N	0.0039	0.0004	0.0242	0.0007	0.0008	0.0006	0.0091	0.0000	0.1706	0.0012	0.0001	0.0092	0.0003	0.0003	0.0004	0.0018	0.0000	0.0110	0.3189	0.2966	0.3793	0.3839	0.3115	0.6214	0.1969	0.2644	0.0643	12.7280	0.4719	0.0001	-0.0233	2.0032	5.5514	4.2039	9.9598	0.0001	0.0000	0.0001	0.0000	0.0000	0.0000	0.0001	0.0000	0.0001	0.1690	0.1148	0.0542	0.1328	0.0826	0.0502	0.0362	0.0323	0.0040	0.1030	0.0900	0.0130	0.0362	0.0340	0.0022	0.0668	0.0560	0.0108	0.5300	0.3871	0.1429	0.3459	0.2651	0.0808	0.1841	0.1220	0.0621	0.0039	0.0004	0.0242	0.0007	0.0008	0.0006	0.0091	0.0000	0.1706	0.3189	0.2966	0.3793	0.3839	0.3115	0.6214	0.1969	0.2644	0.0643
83	131	0.3914	6	0	1	0	0	0	0	0	0	N	N	N	N	N	N	N	N	N	N	N	N	0.6753	0.6615	0.0021	1.0669	1.1083	0.0003	0.6141	0.4629	0.0615	0.3346	0.3830	0.0006	0.5987	0.6352	0.0002	0.2320	0.2739	0.0007	0.4955	0.5790	0.2859	0.5612	0.5731	0.5230	0.3778	0.5918	0.0110	0.0002	0.1966	-0.0219	-0.0815	2.0032	9.1969	4.2039	13.4651	0.0498	0.0498	0.0000	0.0249	0.0249	0.0000	0.0249	0.0248	0.0000	0.2772	0.2316	0.0455	0.2015	0.1568	0.0447	0.0757	0.0749	0.0008	0.1488	0.1299	0.0188	0.0416	0.0392	0.0024	0.1071	0.0907	0.0164	0.5594	0.4001	0.1593	0.3591	0.2735	0.0855	0.2003	0.1265	0.0738	0.6753	0.6615	0.0021	1.0669	1.1083	0.0003	0.6141	0.4629	0.0615	0.4955	0.5790	0.2859	0.5612	0.5731	0.5230	0.3778	0.5918	0.0110
83	132	0.2049	8	1	2	0	1	0	0	0	0	N	Y	N	N	N	N	N	N	N	N	N	N	0.0000	0.0000	0.0000	0.0000	0.0000	0.0000	0.0000	0.0000	0.0000	0.0000	0.0000	0.0000	0.0000	0.0000	0.0000	0.0000	0.1099	0.1604	0.0081	0.3259	0.3529	0.0000	0.0040	0.0000	0.0087	0.0249	0.0000	-0.0027	2.0032	1.0000	4.2039	3.0001	0.0000	0.0000	0.0000	0.0000	0.0000	0.0000	0.0000	0.0000	0.0000	0.0061	0.0060	0.0001	0.0060	0.0060	0.0000	0.0001	0.0000	0.0001	0.0137	0.0116	0.0021	0.0012	0.0011	0.0001	0.0126	0.0105	0.0020	0.0558	0.0373	0.0185	0.0184	0.0170	0.0014	0.0375	0.0204	0.0171	0.0000	0.0000	0.0000	0.0000	0.0000	0.0000	0.0000	0.0000	0.0000	0.1099	0.1604	0.0081	0.3259	0.3529	0.0000	0.0040	0.0000	0.0087			
83	133	0.6038	12	1	2	0	1	0	0	0	0	N	Y	N	N	N	N	N	N	N	N	N	N	0.0000	0.0000	0.0000	0.0000	0.0000	0.0000	0.0000	0.0000	0.0000	0.0000	0.0000	0.0000	0.0000	0.0000	0.0000	0.0000	0.0000	0.0009	0.0007	0.0014	0.0013	0.0009	0.0027	0.0000	0.0000	0.0000	0.9990	0.0000	0.0000	2.0032	0.0006	4.2039	1.9797	0.0000	0.0000	0.0000	0.0000	0.0000	0.0000	0.0000	0.0000	0.0000	0.0000	0.0000	0.0000	0.0000	0.0000	0.0000	0.0000	0.0000	0.0000	0.0000	0.0000	0.0000	0.0000	0.0000	0.0000	0.0000	0.0000	0.0000	0.0217	0.0147	0.0070	0.0146	0.0111	0.0036	0.0071	0.0037	0.0034	0.0000	0.0000	0.0000	0.0000	0.0000	0.0000	0.0000	0.0000	0.0000	0.0009	0.0007	0.0014	0.0013	0.0009	0.0027	0.0000	0.0000	0.0000		
83	134	0.5871	11	1	2	0	1	0	0	0	0	N	Y	N	N	N	N	N	N	N	N	N	N	0.0000	0.0000	0.0000	0.0000	0.0000	0.0000	0.0000	0.0000	0.0000	0.0000	0.0000	0.0000	0.0000	0.0000	0.0000	0.0000	0.0000	0.0004	0.0004	0.0004	0.0004	0.0005	0.0000	0.0004	0.0000	0.0008	0.5056	0.0000	-0.0000	2.0032	2.0077	4.2039	6.0321	0.0000	0.0000	0.0000	0.0000	0.0000	0.0000	0.0000	0.0000	0.0000	0.0000	0.0000	0.0000	0.0000	0.0000	0.0000	0.0000	0.0000	0.0000	0.0268	0.0232	0.0036	0.0079	0.0073	0.0006	0.0188	0.0159	0.0030	0.0813	0.0546	0.0267	0.0547	0.0408	0.0139	0.0266	0.0139	0.0128	0.0000	0.0000	0.0000	0.0000	0.0000	0.0000	0.0000	0.0000	0.0000	0.0004	0.0004	0.0004	0.0004	0.0005	0.0000	0.0004	0.0000	0.0008		
83	135	0.5823	11	0	2	0	1	0	0	0	0	N	Y	N	N	N	N	N	N	N	N	N	N	0.0005	0.0004	0.0010	0.0020	0.0016	0.0465	0.0000	0.0000	0.0004	0.0000	0.0000	0.0000	0.0000	0.0000	0.0000	0.0000	0.0000	0.0000	0.0247	0.0364	0.0007	0.0232	0.0308	0.0000	0.0279	0.0534	0.0014	0.0076	0.0097	-0.0000	-0.0015	2.0032	3.0348	4.2039	9.3583	0.0000	0.0000	0.0000	0.0000	0.0000	0.0000	0.0000	0.0000	0.0000	0.0034	0.0033	0.0000	0.0021	0.0021	0.0000	0.0012	0.0012	0.0000	0.0411	0.0354	0.0057	0.0115	0.0106	0.0008	0.0296	0.0248	0.0048	0.1355	0.0911	0.0444	0.0911	0.0684	0.0226	0.0445	0.0227	0.0218	0.0005	0.0004	0.0010	0.0020	0.0016	0.0465	0.0000	0.0000	0.0004	0.0247	0.0364	0.0007	0.0232	0.0308	0.0000	0.0279	0.0534	0.0014
83	136	0.5680	10	0	1	0	1	0	0	0	0	N	N	N	N	N	N	N	N	N	N	N	N	0.5234	0.2006	2.7612	0.0105	0.0093	0.0000	1.2778	6.2733	2.2076	0.0008	0.0003	0.0034	0.0000	0.0000	0.0000	0.0011	0.0005	0.0039	0.0015	0.0016	0.0012	0.0018	0.0022	0.0007	0.0009	0.0001	0.0017	1.8178	0.3754	0.0000	-0.0000	2.0032	0.0433	4.2039	6.6805	0.0000	0.0000	0.0000	0.0000	0.0000	0.0000	0.0000	0.0000	0.0000	0.0001	0.0001	0.0000	0.0001	0.0001	0.0000	0.0000	0.0000	0.0000	0.0007	0.0006	0.0001	0.0002	0.0002	0.0000	0.0005	0.0004	0.0001	0.0704	0.0471	0.0233	0.0469	0.0348	0.0121	0.0235	0.0123	0.0112	0.5234	0.2006	2.7612	0.0105	0.0093	0.0000	1.2778	6.2733	2.2076	0.0015	0.0016	0.0012	0.0018	0.0022	0.0007	0.0009	0.0001	0.0017
83	137	0.2345	10	0	2	0	1	0	0	0	0	N	Y	N	N	N	N	N	N	N	N	N	N	0.0000	0.0000	0.0000	0.0000	0.0000	0.0000	0.0000	0.0000	0.0000	0.0000	0.0000	0.0000	0.0000	0.0000	0.0000	0.0000	0.0000	0.0000	0.0000	0.0000	2.0032	0.0000	4.2039	0.0000	0.0000	0.0000	0.0000	0.0000	0.0000	0.0000	0.0000	0.0000	0.0000	0.0000	0.0000	0.0000	0.0000	0.0000	0.0000	0.0000	0.0000	0.0000	0.0000	0.0000	0.0000	0.0000	0.0000	0.0000	0.0000	0.0000	0.0000	0.0000	0.0000	0.0000	0.0000	0.0000	0.0000	0.0000	0.0000	0.0000	0.0000	0.0000	0.0000	0.0000	0.0000	0.0000	0.0000	0.0000	0.0000	0.0000	0.0000	0.0000	0.0000	0.0000	0.0000	0.0000	0.0000	0.0000											
83	138	0.2295	9	0	2	0	1	0	0	0	0	N	Y	N	N	N	N	N	N	N	N	N	N	0.0210	0.0192	0.0000	0.7343	0.6950	0.0000	0.0000	0.0000	0.0000	0.0005	0.0005	0.0000	0.0008	0.0008	0.0000	0.0000	0.0000	0.0000	0.0231	0.0272	0.0145	0.0010	0.0011	0.0000	0.0348	0.0508	0.0158	0.0000	0.2549	-0.0000	-0.0002	2.0032	0.0021	4.2039	2.0000	0.0000	0.0000	0.0000	0.0000	0.0000	0.0000	0.0000	0.0000	0.0000	0.0006	0.0005	0.0001	0.0000	0.0000	0.0000	0.0006	0.0005	0.0001	0.0001	0.0001	0.0000	0.0000	0.0000	0.0000	0.0000	0.0000	0.0000	0.0278	0.0188	0.0090	0.0097	0.0089	0.0008	0.0181	0.0098	0.0082	0.0210	0.0192	0.0000	0.7343	0.6950	0.0000	0.0000	0.0000	0.0000	0.0231	0.0272	0.0145	0.0010	0.0011	0.0000	0.0348	0.0508	0.0158
83	139	0.2192	8	0	1	0	1	0	0	0	0	N	N	N	N	N	N	N	N	N	N	N	N	55.3752	65.7111	0.0000	322.2370	320.8155	0.0000	0.0000	0.0000	0.0298	0.0351	0.0000	0.3361	0.3629	0.0000	0.0000	0.0000	0.0000	0.0005	0.0005	0.0005	0.0010	0.0011	0.0000	0.0003	0.0000	0.0006	0.0000	0.4984	-0.0002	-0.0000	2.0032	1.0020	4.2039	3.0181	0.0004	0.0004	0.0000	0.0004	0.0004	0.0000	0.0000	0.0000	0.0000	0.0000	0.0000	0.0000	0.0000	0.0000	0.0000	0.0000	0.0000	0.0000	0.0138	0.0117	0.0021	0.0012	0.0011	0.0001	0.0125	0.0105	0.0020	0.0560	0.0376	0.0184	0.0192	0.0177	0.0015	0.0369	0.0200	0.0169	55.3752	65.7111	0.0000	322.2370	320.8155	0.0000	0.0000	0.0000	0.0000	0.0005	0.0005	0.0005	0.0010	0.0011	0.0000	0.0003	0.0000	0.0006	
83	140	0.2049	8	0	2	0	0	0	0	0	0	N	Y	N	N	N	N	N	N	N	N	N	N	0.0000	0.0000	0.0000	0.0000	0.0000	0.0000	0.0000	0.0000	0.0000	0.0000	0.0000	0.0000	0.0000	0.0000	0.0000	0.0000	0.0000	0.0000	0.0000	0.0000	2.0032	0.0000	4.2039	4.0001	0.0000	0.0000	0.0000	0.0000	0.0000	0.0000	0.0000	0.0000	0.0000	0.0000	0.0000	0.0000	0.0000	0.0000	0.0000	0.0000	0.0000	0.0000	0.0000	0.0000	0.0000	0.0000	0.0000	0.0000	0.0000	0.0000	0.0000	0.0558	0.0373	0.0185	0.0184	0.0170	0.0014	0.0375	0.0204	0.0171	0.0000	0.0000	0.0000	0.0000	0.0000	0.0000	0.0000	0.0000	0.0000	0.0000	0.0000	0.0000	0.0000	0.0000	0.0000	0.0000	0.0000	0.0000											
83	141	0.5825	10	0	2	0	0	0	0	0	0	N	Y	N	N	N	N	N	N	N	N	N	N	0.0029	0.0024	0.0000	0.0068	0.0060	0.0000	0.0000	0.0000	0.0000	0.0000	0.0000	0.0000	0.0000	0.0000	0.0000	0.0000	0.0000	0.0000	0.0001	0.0001	0.0000	0.0001	0.0001	0.0000	0.0000	0.0000	0.0000	0.0000	0.0904	-0.0000	-0.0000	2.0032	1.0003	4.2039	5.0186	0.0000	0.0000	0.0000	0.0000	0.0000	0.0000	0.0000	0.0000	0.0000	0.0000	0.0000	0.0000	0.0000	0.0000	0.0000	0.0000	0.0000	0.0000	0.0134	0.0116	0.0018	0.0039	0.0036	0.0003	0.0094	0.0079	0.0015	0.0619	0.0416	0.0203	0.0416	0.0311	0.0105	0.0203	0.0105	0.0098	0.0029	0.0024	0.0000	0.0068	0.0060	0.0000	0.0000	0.0000	0.0000	0.0001	0.0001	0.0000	0.0001	0.0001	0.0000	0.0000	0.0000	0.0000
83	142	0.2192	8	0	1	1	1	0	0	0	0	N	N	N	N	N	N	N	N	N	N	N	N	0.0000	0.0000	0.0000	0.0000	0.0000	0.0000	0.0000	0.0000	0.0000	0.0000	0.0000	0.0000	0.0000	0.0000	0.0000	0.0000	0.0002	0.0002	0.0002	0.0005	0.0005	0.0000	0.0001	0.0000	0.0003	0.5006	0.0000	-0.0000	2.0032	0.0001	4.2039	9.0026	0.0000	0.0000	0.0000	0.0000	0.0000	0.0000	0.0000	0.0000	0.0000	0.0000	0.0000	0.0000	0.0000	0.0000	0.0000	0.0000	0.0000	0.0000	0.0000	0.0000	0.0000	0.0000	0.0000	0.0000	0.0000	0.0000	0.0000	0.1224	0.0822	0.0402	0.0417	0.0385	0.0033	0.0807	0.0437	0.0370	0.0000	0.0000	0.0000	0.0000	0.0000	0.0000	0.0000	0.0000	0.0000	0.0002	0.0002	0.0002	0.0005	0.0005	0.0000	0.0001	0.0000	0.0003			
83	143	0.5680	10	0	1	1	1	0	0	0	0	N	N	N	N	N	N	N	N	N	N	N	N	0.0000	0.0000	0.0000	0.0000	0.0000	0.0000	0.0000	0.0000	0.0000	0.0000	0.0000	0.0000	0.0000	0.0000	0.0000	0.0000	0.0000	0.0000	0.0001	0.0002	0.0000	0.0002	0.0003	0.0000	0.0000	0.0000	0.0000	0.0017	0.0000	-0.0000	2.0032	2.0061	4.2039	8.0425	0.0000	0.0000	0.0000	0.0000	0.0000	0.0000	0.0000	0.0000	0.0000	0.0000	0.0000	0.0000	0.0000	0.0000	0.0000	0.0000	0.0000	0.0000	0.0266	0.0229	0.0036	0.0073	0.0067	0.0006	0.0193	0.0162	0.0031	0.1031	0.0689	0.0342	0.0686	0.0509	0.0177	0.0345	0.0180	0.0165	0.0000	0.0000	0.0000	0.0000	0.0000	0.0000	0.0000	0.0000	0.0000	0.0001	0.0002	0.0000	0.0002	0.0003	0.0000	0.0000	0.0000	0.0000	
83	144	0.5589	9	0	1	0	1	0	0	0	0	N	N	N	N	N	N	N	N	N	N	N	N	0.0000	0.0000	0.0000	0.0000	0.0000	0.0000	0.0000	0.0000	0.0000	0.0000	0.0000	0.0000	0.0000	0.0000	0.0000	0.0000	0.0000	0.0000	0.0041	0.0049	0.0023	0.0066	0.0069	0.0053	0.0001	0.0002	0.0001	0.1925	0.0000	-0.0001	2.0032	1.9550	4.2039	2.1189	0.0000	0.0000	0.0000	0.0000	0.0000	0.0000	0.0000	0.0000	0.0000	0.0002	0.0002	0.0000	0.0002	0.0002	0.0000	0.0000	0.0000	0.0000	0.0278	0.0240	0.0039	0.0091	0.0083	0.0009	0.0187	0.0157	0.0030	0.0598	0.0424	0.0174	0.0371	0.0297	0.0074	0.0227	0.0126	0.0100	0.0000	0.0000	0.0000	0.0000	0.0000	0.0000	0.0000	0.0000	0.0000	0.0041	0.0049	0.0023	0.0066	0.0069	0.0053	0.0001	0.0002	0.0001	
83	145	0.5589	9	0	1	1	1	0	0	0	0	N	N	N	N	N	N	N	N	N	N	N	N	0.0000	0.0000	0.0000	0.0000	0.0000	0.0000	0.0000	0.0000	0.0000	0.0000	0.0000	0.0000	0.0000	0.0000	0.0000	0.0000	0.0000	0.0000	1.4936	2.2038	0.0019	2.3070	3.0375	0.0015	0.0190	0.0339	0.0022	0.0004	0.0000	-0.1484	2.0032	2.1261	4.2039	18.6477	0.0000	0.0000	0.0000	0.0000	0.0000	0.0000	0.0000	0.0000	0.0000	0.3240	0.3239	0.0001	0.3225	0.3225	0.0001	0.0015	0.0014	0.0001	0.0301	0.0259	0.0042	0.0098	0.0089	0.0009	0.0203	0.0170	0.0033	0.2169	0.1470	0.0700	0.1398	0.1062	0.0336	0.0771	0.0408	0.0363	0.0000	0.0000	0.0000	0.0000	0.0000	0.0000	0.0000	0.0000	0.0000	1.4936	2.2038	0.0019	2.3070	3.0375	0.0015	0.0190	0.0339	0.0022	
83	146	0.2192	8	0	1	1	1	0	0	0	0	N	N	N	N	N	N	N	N	N	N	N	N	0.0000	0.0000	0.0000	0.0000	0.0000	0.0000	0.0000	0.0000	0.0000	0.0000	0.0000	0.0000	0.0000	0.0000	0.0000	0.0000	0.0003	0.0003	0.0003	0.0005	0.0006	0.0000	0.0001	0.0000	0.0003	0.5006	0.0000	-0.0000	2.0032	2.0001	4.2039	5.9880	0.0000	0.0000	0.0000	0.0000	0.0000	0.0000	0.0000	0.0000	0.0000	0.0000	0.0000	0.0000	0.0000	0.0000	0.0000	0.0000	0.0000	0.0000	0.0273	0.0232	0.0041	0.0024	0.0022	0.0002	0.0249	0.0210	0.0040	0.1092	0.0733	0.0359	0.0372	0.0343	0.0029	0.0719	0.0390	0.0330	0.0000	0.0000	0.0000	0.0000	0.0000	0.0000	0.0000	0.0000	0.0000	0.0003	0.0003	0.0003	0.0005	0.0006	0.0000	0.0001	0.0000	0.0003			
83	147	0.2192	8	0	1	1	1	0	0	0	0	N	N	N	N	N	N	N	N	N	N	N	N	3.7190	2.9292	12.0769	0.0001	0.0001	0.0000	768.9157	495.2964	154.1935	8.3845	9.8598	0.0056	0.0010	0.0011	0.0000	9.1991	10.9126	0.0059	2.2545	3.3660	0.0005	10.2222	10.6329	0.0054	0.0120	0.0220	0.0000	0.0001	0.0001	-0.4403	-0.4042	2.0032	9.0001	4.2039	23.0169	0.9983	0.9982	0.0001	0.0000	0.0000	0.0000	0.9983	0.9982	0.0001	0.8819	0.8819	0.0001	0.8788	0.8788	0.0001	0.0031	0.0031	0.0000	0.1191	0.1012	0.0178	0.0105	0.0098	0.0008	0.1085	0.0915	0.0170	0.3912	0.2620	0.1292	0.1315	0.1212	0.0103	0.2597	0.1408	0.1189	3.7190	2.9292	12.0769	0.0001	0.0001	0.0000	768.9157	495.2964	154.1935	2.2545	3.3660	0.0005	6.6821	7.2508	0.0054	0.0120	0.0220	0.0000
83	148	0.1939	7	0	1	0	1	0	0	0	0	N	N	N	N	N	N	N	N	N	N	N	N	0.0054	0.0002	0.0144	0.0021	0.0008	0.0098	0.0049	0.0000	0.0142	0.0000	0.0000	0.0002	0.0000	0.0000	0.0001	0.0000	0.0000	0.0002	0.0060	0.0017	0.0145	0.0039	0.0036	0.0078	0.0070	0.0000	0.0151	132.1758	4.3049	0.0000	0.0003	2.0032	1.9990	4.2039	7.9526	0.0000	0.0000	0.0000	0.0000	0.0000	0.0000	0.0000	0.0000	0.0000	0.0008	0.0002	0.0007	0.0002	0.0002	0.0000	0.0007	0.0000	0.0007	0.0275	0.0233	0.0042	0.0024	0.0022	0.0002	0.0250	0.0210	0.0040	0.1427	0.0953	0.0475	0.0480	0.0444	0.0036	0.0947	0.0508	0.0439	0.0054	0.0002	0.0144	0.0021	0.0008	0.0098	0.0049	0.0000	0.0142	0.0060	0.0017	0.0145	0.0039	0.0036	0.0078	0.0070	0.0000	0.0151
83	149	0.1620	6	1	2	0	0	0	0	0	0	N	Y	N	N	N	N	N	N	N	N	N	N	0.0626	0.0056	0.1477	0.0165	0.0158	0.0417	0.0513	0.0000	0.1417	0.0063	0.0001	0.0425	0.0003	0.0003	0.0004	0.0074	0.0000	0.0441	0.1005	0.0099	0.2877	0.0193	0.0201	0.0096	0.1440	0.0005	0.3112	132.1758	14.0454	0.0003	0.0158	2.0032	5.3497	4.2039	17.2225	0.0005	0.0000	0.0005	0.0000	0.0000	0.0000	0.0005	0.0000	0.0005	0.0333	0.0022	0.0311	0.0022	0.0022	0.0001	0.0311	0.0001	0.0310	0.0858	0.0732	0.0126	0.0133	0.0128	0.0005	0.0725	0.0604	0.0121	0.3315	0.2234	0.1080	0.1157	0.1073	0.0084	0.2157	0.1161	0.0996	0.0626	0.0056	0.1477	0.0165	0.0158	0.0417	0.0513	0.0000	0.1417	0.1005	0.0099	0.2877	0.0193	0.0201	0.0096	0.1440	0.0005	0.3112
83	150	0.1928	7	0	2	0	0	0	0	0	0	N	Y	N	N	N	N	N	N	N	N	N	N	0.0078	0.0060	0.0166	0.0117	0.0113	0.0281	0.0049	0.0002	0.0159	0.0112	0.0128	0.0003	0.0416	0.0430	0.0005	0.0001	0.0000	0.0003	1.4227	2.1249	0.0206	3.5519	3.7868	0.0186	0.0112	0.0011	0.0208	0.0040	0.0049	-0.0004	-0.2526	2.0032	3.6794	4.2039	17.4287	0.0009	0.0009	0.0000	0.0009	0.0009	0.0000	0.0000	0.0000	0.0000	0.5570	0.5543	0.0027	0.5544	0.5542	0.0002	0.0026	0.0001	0.0025	0.0796	0.0692	0.0104	0.0213	0.0206	0.0007	0.0584	0.0487	0.0097	0.3915	0.2609	0.1306	0.1561	0.1463	0.0097	0.2354	0.1145	0.1209	0.0078	0.0060	0.0166	0.0117	0.0113	0.0281	0.0049	0.0002	0.0159	1.4227	2.1249	0.0206	3.5519	3.7868	0.0186	0.0112	0.0011	0.0208
83	151	0.1620	6	0	2	0	0	0	0	0	0	N	Y	N	N	N	N	N	N	N	N	N	N	0.0077	0.0050	0.0593	0.0120	0.0115	0.0068	0.0191	0.0084	0.0571	0.0123	0.0111	0.0193	0.0484	0.0498	0.0002	0.0042	0.0009	0.0199	1.6071	2.2132	0.3249	4.0411	4.3275	0.0289	0.2203	0.1081	0.3490	0.2959	0.0694	-0.0002	-0.1426	2.0032	3.4464	4.2039	10.1316	0.0008	0.0006	0.0002	0.0005	0.0005	0.0000	0.0002	0.0000	0.0002	0.3623	0.3388	0.0235	0.3307	0.3305	0.0002	0.0316	0.0083	0.0234	0.0609	0.0520	0.0089	0.0112	0.0109	0.0003	0.0497	0.0411	0.0086	0.2255	0.1531	0.0724	0.0818	0.0764	0.0055	0.1436	0.0767	0.0669	0.0077	0.0050	0.0593	0.0120	0.0115	0.0068	0.0191	0.0084	0.0571	1.6071	2.2132	0.3249	4.0411	4.3275	0.0289	0.2203	0.1081	0.3490
83	152	0.5893	12	1	2	0	0	0	0	0	0	N	Y	N	N	N	N	N	N	N	N	N	N	0.0216	0.0330	0.0000	0.0251	0.0400	0.0000	146.6046	inf	0.0000	0.0594	0.0685	0.0000	0.1031	0.1114	0.0000	0.0404	0.0480	0.0000	2.7497	2.0739	4.1332	4.1069	2.7888	7.9820	0.0003	0.0000	0.0006	0.0000	0.9736	-0.0004	0.0124	2.0032	1.0143	4.2039	12.0086	0.0008	0.0008	0.0000	0.0004	0.0004	0.0000	0.0004	0.0004	0.0000	0.3543	0.1795	0.1748	0.3543	0.1795	0.1748	0.0000	0.0000	0.0000	0.0138	0.0120	0.0018	0.0042	0.0039	0.0003	0.0096	0.0081	0.0015	0.1289	0.0866	0.0423	0.0863	0.0644	0.0219	0.0426	0.0222	0.0204	0.0216	0.0330	0.0000	0.0251	0.0400	0.0000	146.6046	inf	0.0000	2.7497	2.0739	4.1332	4.1069	2.7888	7.9820	0.0003	0.0000	0.0006
83	153	0.5871	11	1	2	0	0	0	0	0	0	N	Y	N	N	N	N	N	N	N	N	N	N	14.3117	14.6928	0.0000	32.5557	34.7431	0.0000	0.0425	inf	0.0000	0.0295	0.0341	0.0000	0.0993	0.1075	0.0000	0.0000	0.0000	0.0000	0.0021	0.0023	0.0015	0.0031	0.0031	0.0029	0.0000	0.0000	0.0000	0.0000	0.3240	-0.0002	-0.0000	2.0032	0.9811	4.2039	0.0216	0.0004	0.0004	0.0000	0.0004	0.0004	0.0000	0.0000	0.0000	0.0000	0.0000	0.0000	0.0000	0.0000	0.0000	0.0000	0.0000	0.0000	0.0000	0.0132	0.0114	0.0018	0.0039	0.0036	0.0003	0.0093	0.0078	0.0015	0.0106	0.0071	0.0035	0.0071	0.0053	0.0018	0.0034	0.0018	0.0017	14.3117	14.6928	0.0000	32.5557	34.7431	0.0000	0.0425	inf	0.0000	0.0021	0.0023	0.0015	0.0031	0.0031	0.0029	0.0000	0.0000	0.0000
83	154	0.5825	10	1	2	0	0	0	0	0	0	N	Y	N	N	N	N	N	N	N	N	N	N	0.1021	0.0873	0.0000	0.1951	0.1763	0.0000	0.0000	0.0000	0.0000	0.0000	0.0000	0.0000	0.0000	0.0000	0.0000	0.0000	0.0000	0.0000	0.0002	0.0002	0.0000	0.0002	0.0003	0.0001	0.0000	0.0000	0.0000	0.0000	0.0951	-0.0000	-0.0000	2.0032	0.0083	4.2039	2.0001	0.0000	0.0000	0.0000	0.0000	0.0000	0.0000	0.0000	0.0000	0.0000	0.0000	0.0000	0.0000	0.0000	0.0000	0.0000	0.0000	0.0000	0.0000	0.0001	0.0001	0.0000	0.0000	0.0000	0.0000	0.0001	0.0001	0.0000	0.0214	0.0144	0.0070	0.0144	0.0108	0.0036	0.0070	0.0036	0.0034	0.1021	0.0873	0.0000	0.1951	0.1763	0.0000	0.0000	0.0000	0.0000	0.0002	0.0002	0.0000	0.0002	0.0003	0.0001	0.0000	0.0000	0.0000
83	155	0.5589	9	0	2	0	0	0	0	0	0	N	Y	N	N	N	N	N	N	N	N	N	N	0.2650	0.2489	0.0000	0.5733	0.5783	0.0000	0.0000	0.0000	0.0000	0.0007	0.0009	0.0000	0.0024	0.0026	0.0000	0.0000	0.0000	0.0000	0.0028	0.0035	0.0014	0.0041	0.0045	0.0029	0.0005	0.0009	0.0000	0.0000	0.1810	-0.0000	-0.0001	2.0032	2.9180	4.2039	7.4065	0.0000	0.0000	0.0000	0.0000	0.0000	0.0000	0.0000	0.0000	0.0000	0.0003	0.0003	0.0001	0.0003	0.0003	0.0001	0.0000	0.0000	0.0000	0.0404	0.0349	0.0055	0.0128	0.0116	0.0011	0.0276	0.0232	0.0044	0.1213	0.0833	0.0380	0.0776	0.0598	0.0178	0.0437	0.0235	0.0202	0.2650	0.2489	0.0000	0.5733	0.5783	0.0000	0.0000	0.0000	0.0000	0.0028	0.0035	0.0014	0.0041	0.0045	0.0029	0.0005	0.0009	0.0000
83	156	0.4931	8	0	1	0	0	0	0	0	0	N	N	N	N	N	N	N	N	N	N	N	N	0.0030	0.0020	2.5473	0.0045	0.0036	2.0521	0.0036	0.0000	2.8559	0.0022	0.0021	0.0031	0.0045	0.0048	0.0026	0.0005	0.0000	0.0033	0.7467	1.0468	0.0012	1.0185	1.3145	0.0012	0.1434	0.2479	0.0012	0.2250	0.0005	-0.0001	-0.1562	2.0032	8.2479	4.2039	19.7214	0.0004	0.0003	0.0001	0.0003	0.0003	0.0000	0.0001	0.0000	0.0001	0.3410	0.3409	0.0002	0.3207	0.3206	0.0001	0.0203	0.0203	0.0001	0.1693	0.1470	0.0223	0.0710	0.0640	0.0070	0.0983	0.0830	0.0153	0.4567	0.3256	0.1311	0.3149	0.2439	0.0710	0.1418	0.0818	0.0601	0.0030	0.0020	2.5473	0.0045	0.0036	2.0521	0.0036	0.0000	2.8559	0.7467	1.0468	0.0012	1.0185	1.3145	0.0012	0.1434	0.2479	0.0012
83	157	0.4569	7	0	1	0	0	0	0	0	0	N	N	N	N	N	N	N	N	N	N	N	N	0.0050	0.0028	0.0787	0.0063	0.0045	0.0452	0.0036	0.0016	0.2569	0.0026	0.0020	0.0069	0.0027	0.0024	0.0056	0.0026	0.0017	0.0072	0.5208	0.6998	0.0875	0.4291	0.5380	0.1249	0.7164	1.0925	0.0281	0.5362	0.0516	-0.0000	-0.1084	2.0032	7.4725	4.2039	14.3153	0.0003	0.0002	0.0001	0.0001	0.0001	0.0000	0.0002	0.0001	0.0001	0.2648	0.2518	0.0130	0.1485	0.1371	0.0114	0.1163	0.1147	0.0016	0.1206	0.1046	0.0160	0.0393	0.0359	0.0034	0.0813	0.0687	0.0126	0.5084	0.3598	0.1486	0.3461	0.2548	0.0912	0.1624	0.1050	0.0574	0.0050	0.0028	0.0787	0.0063	0.0045	0.0452	0.0036	0.0016	0.2569	0.5208	0.6998	0.0875	0.4291	0.5380	0.1249	0.7164	1.0925	0.0281
83	158	0.3914	6	0	1	0	0	0	0	0	0	N	N	N	N	N	N	N	N	N	N	N	N	0.3773	0.3901	0.0000	0.0422	0.0498	0.0001	0.5490	0.4046	0.0006	0.1478	0.1695	0.0000	0.0174	0.0185	0.0000	0.1948	0.2299	0.0000	0.3917	0.4345	0.2886	0.4129	0.3723	0.5423	0.3549	0.5683	0.0159	0.0000	0.2754	-0.0116	-0.0599	2.0032	11.6653	4.2039	19.4910	0.0263	0.0263	0.0000	0.0008	0.0008	0.0000	0.0255	0.0255	0.0000	0.2472	0.1938	0.0534	0.1653	0.1134	0.0520	0.0819	0.0805	0.0014	0.1780	0.1552	0.0228	0.0472	0.0444	0.0028	0.1308	0.1108	0.0200	0.6311	0.4461	0.1850	0.4003	0.3045	0.0958	0.2307	0.1416	0.0891	0.3773	0.3901	0.0000	0.0422	0.0498	0.0001	0.5490	0.4046	0.0006	0.3917	0.4345	0.2886	0.4129	0.3723	0.5423	0.3549	0.5683	0.0159
83	159	0.3442	5	0	1	0	0	0	0	0	0	N	N	N	N	N	N	N	N	N	N	N	N	3.7947	3.3194	0.0008	1.2806	1.2513	0.0013	5.0500	3.4385	0.0022	1.4978	1.7112	0.0001	0.4907	0.5296	0.0003	2.0846	2.4656	0.0000	0.3947	0.5155	0.1068	0.3831	0.4233	0.2308	0.4128	0.7171	0.0131	0.0000	0.0870	-0.0948	-0.0842	2.0032	7.3933	4.2039	20.5306	0.2149	0.2149	0.0000	0.0259	0.0259	0.0000	0.1890	0.1890	0.0000	0.2226	0.2048	0.0178	0.1319	0.1154	0.0166	0.0907	0.0895	0.0012	0.1435	0.1256	0.0179	0.0528	0.0489	0.0039	0.0907	0.0767	0.0140	0.5641	0.3973	0.1668	0.3443	0.2726	0.0718	0.2198	0.1248	0.0950	3.7947	3.3194	0.0008	1.2806	1.2513	0.0013	5.0500	3.4385	0.0022	0.3947	0.5155	0.1068	0.3831	0.4233	0.2308	0.4128	0.7171	0.0131
83	160	0.1080	4	0	1	0	0	0	0	0	0	N	N	N	N	N	N	N	N	N	N	N	N	4.1689	3.2725	0.0324	0.0357	0.0349	0.0000	4.0328	2.6618	0.0318	5.6906	6.6800	0.0017	0.0389	0.0419	0.0000	6.0011	7.0793	0.0017	1.3650	2.0413	0.0527	1.0892	1.1994	0.0272	1.4881	2.6596	0.0551	0.0000	0.0133	-0.7961	-0.5174	2.0032	27.6416	4.2039	54.6365	1.8050	1.8049	0.0001	0.0006	0.0006	0.0000	1.8044	1.8043	0.0001	1.1620	1.1468	0.0153	0.2860	0.2853	0.0007	0.8760	0.8614	0.0146	0.3172	0.2702	0.0470	0.0165	0.0153	0.0012	0.3007	0.2549	0.0458	0.8513	0.5618	0.2895	0.2626	0.2379	0.0247	0.5887	0.3239	0.2648	4.1689	3.2725	0.0324	0.0357	0.0349	0.0000	4.0328	2.6618	0.0318	1.3650	2.0413	0.0527	1.0892	1.1994	0.0272	1.4881	2.6596	0.0551
83	161	0.2125	10	1	2	0	0	0	0	0	0	N	Y	N	N	N	N	N	N	N	N	N	N	833.7913	612.3175	0.0000	0.0000	0.0000	0.0000	12229782.9454	12719648.7079	0.0000	30.1158	32.9675	0.0000	0.0000	0.0000	0.0000	45.2700	51.2716	0.0000	0.0361	0.0538	0.0000	0.1084	0.1172	0.0000	0.0000	0.0000	0.0000	0.0000	0.0000	-0.0001	-0.0007	2.0032	0.0002	4.2039	3.0099	0.0002	0.0002	0.0000	0.0000	0.0000	0.0000	0.0002	0.0002	0.0000	0.0016	0.0016	0.0000	0.0016	0.0016	0.0000	0.0000	0.0000	0.0000	0.0000	0.0000	0.0000	0.0000	0.0000	0.0000	0.0000	0.0000	0.0000	0.0429	0.0288	0.0141	0.0143	0.0132	0.0011	0.0286	0.0156	0.0131	833.7913	612.3175	0.0000	0.0000	0.0000	0.0000	12229782.9454	12719648.7079	0.0000	0.0361	0.0538	0.0000	0.1084	0.1172	0.0000	0.0000	0.0000	0.0000
83	162	0.2049	9	1	2	0	0	0	0	0	0	N	Y	N	N	N	N	N	N	N	N	N	N	1972.3683	62225.6132	0.0000	0.0251	0.0259	0.0000	1456.1792	50407.1783	0.0000	72.8435	85.9204	0.0000	0.0000	0.0000	0.0000	79.6526	94.7668	0.0000	0.0369	0.0014	0.1087	0.0007	0.0008	0.0003	0.0547	0.0019	0.1176	0.0000	39.0039	-0.4409	0.0008	2.0032	0.9998	4.2039	2.0118	0.9995	0.9995	0.0000	0.0000	0.0000	0.0000	0.9995	0.9995	0.0000	0.0016	0.0000	0.0015	0.0000	0.0000	0.0000	0.0015	0.0000	0.0015	0.0137	0.0116	0.0021	0.0012	0.0011	0.0001	0.0125	0.0105	0.0020	0.0423	0.0282	0.0140	0.0139	0.0129	0.0011	0.0283	0.0154	0.0129	1972.3683	62225.6132	0.0000	0.0251	0.0259	0.0000	1456.1792	50407.1783	0.0000	0.0369	0.0014	0.1087	0.0007	0.0008	0.0003	0.0547	0.0019	0.1176
83	163	0.2049	8	1	2	0	0	0	0	0	0	N	Y	N	N	N	N	N	N	N	N	N	N	0.0000	0.0000	0.0000	0.0000	0.0000	0.0000	0.0000	0.0000	0.0000	0.0000	0.0000	0.0000	0.0000	0.0000	0.0000	0.0000	0.0000	0.0000	0.0000	-0.0000	2.0032	0.0000	4.2039	0.0003	0.0000	0.0000	0.0000	0.0000	0.0000	0.0000	0.0000	0.0000	0.0000	0.0000	0.0000	0.0000	0.0000	0.0000	0.0000	0.0000	0.0000	0.0000	0.0000	0.0000	0.0000	0.0000	0.0000	0.0000	0.0000	0.0000	0.0000	0.0000	0.0000	0.0000	0.0000	0.0000	0.0000	0.0000	0.0000	0.0000	0.0000	0.0000	0.0000	0.0000	0.0000	0.0000	0.0000	0.0000	0.0000	0.0000	0.0000	0.0000	0.0000	0.0000	0.0000	0.0000	0.0000	0.0000											
83	164	0.1939	7	0	2	0	0	0	0	0	0	N	Y	N	N	N	N	N	N	N	N	N	N	0.3095	0.0110	0.7029	0.0341	0.0127	1.2999	0.3798	0.0000	0.6755	0.0037	0.0000	0.0210	0.0002	0.0001	0.0201	0.0056	0.0000	0.0210	0.0119	0.0031	0.0298	0.0070	0.0063	0.0155	0.0146	0.0000	0.0310	132.1758	4.8186	0.0000	0.0003	2.0032	0.0063	4.2039	4.3641	0.0000	0.0000	0.0000	0.0000	0.0000	0.0000	0.0000	0.0000	0.0000	0.0008	0.0001	0.0007	0.0002	0.0001	0.0000	0.0007	0.0000	0.0007	0.0002	0.0002	0.0000	0.0001	0.0001	0.0000	0.0002	0.0001	0.0000	0.0689	0.0460	0.0228	0.0242	0.0224	0.0018	0.0447	0.0236	0.0210	0.3095	0.0110	0.7029	0.0341	0.0127	1.2999	0.3798	0.0000	0.6755	0.0119	0.0031	0.0298	0.0070	0.0063	0.0155	0.0146	0.0000	0.0310
83	165	0.1620	6	0	1	0	0	0	0	0	0	N	N	N	N	N	N	N	N	N	N	N	N	0.0415	0.0085	0.0935	0.0137	0.0192	0.0047	0.0346	0.0001	0.0908	0.0111	0.0001	0.0756	0.0005	0.0005	0.0008	0.0139	0.0000	0.0781	0.2677	0.0129	0.8089	0.0340	0.0240	0.1773	0.4023	0.0018	0.8599	117.0554	29.4058	0.0003	0.0290	2.0032	2.5207	4.2039	10.0226	0.0005	0.0000	0.0005	0.0000	0.0000	0.0000	0.0005	0.0000	0.0005	0.0569	0.0019	0.0551	0.0026	0.0017	0.0009	0.0543	0.0001	0.0542	0.0486	0.0415	0.0071	0.0102	0.0099	0.0002	0.0384	0.0316	0.0069	0.2127	0.1446	0.0681	0.0777	0.0726	0.0051	0.1350	0.0720	0.0630	0.0415	0.0085	0.0935	0.0137	0.0192	0.0047	0.0346	0.0001	0.0908	0.2677	0.0129	0.8089	0.0340	0.0240	0.1773	0.4023	0.0018	0.8599
83	166	0.1464	5	0	1	0	0	0	0	0	0	N	N	N	N	N	N	N	N	N	N	N	N	0.0257	0.0012	0.0942	0.0021	0.0023	0.0001	0.0317	0.0015	0.0998	0.0135	0.0003	0.0993	0.0010	0.0010	0.0000	0.0181	0.0000	0.1089	0.5257	0.2626	1.0547	0.4619	0.4476	0.6624	0.5714	0.0034	1.0904	49.2962	1.9979	0.0004	0.0207	2.0032	2.6894	4.2039	4.6619	0.0008	0.0000	0.0008	0.0000	0.0000	0.0000	0.0008	0.0000	0.0008	0.0994	0.0332	0.0662	0.0364	0.0330	0.0035	0.0629	0.0002	0.0628	0.0582	0.0504	0.0078	0.0157	0.0150	0.0007	0.0425	0.0354	0.0071	0.1890	0.1262	0.0628	0.0789	0.0737	0.0052	0.1101	0.0526	0.0576	0.0257	0.0012	0.0942	0.0021	0.0023	0.0001	0.0317	0.0015	0.0998	0.5257	0.2626	1.0547	0.4619	0.4476	0.6624	0.5714	0.0034	1.0904
83	167	0.1080	4	0	1	0	0	0	0	0	0	N	N	N	N	N	N	N	N	N	N	N	N	0.0002	0.0000	0.0002	0.0002	0.0003	0.0000	0.0001	0.0001	0.0002	0.0007	0.0000	0.0043	0.0001	0.0001	0.0000	0.0007	0.0000	0.0044	3.8736	0.1857	21.2406	0.4719	0.3403	1.2216	6.1719	0.0138	24.2909	107.4914	29.8495	0.0000	0.4422	2.0032	2.7966	4.2039	8.5340	0.0000	0.0000	0.0000	0.0000	0.0000	0.0000	0.0000	0.0000	0.0000	0.8685	0.0282	0.8403	0.0443	0.0272	0.0171	0.8242	0.0010	0.8232	0.0360	0.0304	0.0055	0.0019	0.0018	0.0001	0.0340	0.0286	0.0054	0.2274	0.1516	0.0758	0.0938	0.0798	0.0140	0.1335	0.0718	0.0618	0.0002	0.0000	0.0004	0.0002	0.0003	0.0000	0.0001	0.0001	0.0003	3.8195	0.1857	11.0878	0.4719	0.3403	1.2216	6.1719	0.0138	13.3260
84	86	0.2011	5	2	1	1	0	0	0	0	0	Y	N	N	N	N	N	N	N	N	N	N	N	0.0000	0.0000	0.0002	0.0000	0.0000	0.0030	0.0000	0.0000	0.0000	0.0000	0.0000	0.0000	0.0000	0.0000	0.0000	0.0000	0.0000	0.0000	5.8692	9.7078	0.0029	0.0601	0.0701	0.0055	8.5897	15.3859	0.0023	inf	0.0002	0.0000	-0.4299	1.0052	5.8060	4.9545	6.1034	0.0000	0.0000	0.0000	0.0000	0.0000	0.0000	0.0000	0.0000	0.0000	0.9384	0.9382	0.0002	0.0047	0.0046	0.0001	0.9337	0.9336	0.0001	0.0485	0.0409	0.0076	0.0079	0.0076	0.0003	0.0405	0.0332	0.0073	0.1867	0.1266	0.0601	0.0780	0.0659	0.0120	0.1087	0.0607	0.0480	0.0000	0.0000	0.0002	0.0000	0.0000	0.0030	0.0000	0.0000	0.0000	5.0269	7.4100	0.0029	0.0601	0.0701	0.0055	8.5897	15.3859	0.0023
84	87	0.1071	4	2	1	1	0	0	0	0	0	Y	N	N	N	N	N	N	N	N	N	N	N	0.0007	0.0003	0.0049	0.0001	0.0001	0.0001	0.0007	0.0002	0.0103	0.0001	0.0001	0.0004	0.0000	0.0000	0.0001	0.0001	0.0001	0.0004	0.1471	0.1925	0.0820	0.0991	0.0328	0.4764	0.1643	0.2909	0.0401	1.3548	0.2970	0.0000	-0.0096	1.0052	12.2869	4.9545	21.7146	0.0000	0.0000	0.0000	0.0000	0.0000	0.0000	0.0000	0.0000	0.0000	0.0420	0.0323	0.0096	0.0075	0.0021	0.0054	0.0345	0.0302	0.0043	0.0772	0.0656	0.0117	0.0056	0.0052	0.0004	0.0717	0.0604	0.0113	0.2852	0.1680	0.1172	0.0753	0.0640	0.0112	0.2099	0.1040	0.1060	0.0007	0.0003	0.0049	0.0001	0.0001	0.0001	0.0007	0.0002	0.0103	0.1471	0.1925	0.0820	0.0991	0.0328	0.4764	0.1643	0.2909	0.0401
84	88	0.0558	3	1	1	1	0	0	0	0	0	N	N	N	N	N	N	N	N	N	N	N	N	0.0000	0.0018	0.0000	0.0075	0.0224	0.0000	0.0000	0.0000	0.0000	0.0000	0.0000	0.0000	0.0001	0.0001	0.0000	0.0000	0.0000	0.0000	3.6234	0.0013	13.6020	0.0085	0.0030	0.2697	4.8489	0.0000	9.8533	0.0000	4864.3651	-0.0000	0.3802	1.0052	4.0005	4.9545	9.0093	0.0000	0.0000	0.0000	0.0000	0.0000	0.0000	0.0000	0.0000	0.0000	0.7022	0.0001	0.7020	0.0004	0.0001	0.0003	0.7018	0.0000	0.7018	0.0286	0.0241	0.0045	0.0009	0.0008	0.0001	0.0277	0.0233	0.0044	0.1938	0.1134	0.0804	0.0491	0.0481	0.0010	0.1447	0.0653	0.0794	0.0000	0.0018	0.0000	0.0075	0.0224	0.0000	0.0000	0.0000	0.0000	3.6234	0.0013	8.7294	0.0085	0.0030	0.2697	4.8489	0.0000	8.8363
84	89	0.0332	2	1	1	1	0	0	0	0	0	N	N	N	N	N	N	N	N	N	N	N	N	0.0000	0.0000	0.0000	0.0000	0.0000	0.0000	0.0000	0.0000	0.0000	0.0000	0.0000	0.0001	0.0000	0.0000	0.0000	0.0000	0.0000	0.0001	2.1958	0.2148	4.9812	0.6573	0.6668	0.1873	2.5604	0.0007	5.0251	inf	16.4954	0.0000	0.1395	1.0052	1.0051	4.9545	9.2650	0.0000	0.0000	0.0000	0.0000	0.0000	0.0000	0.0000	0.0000	0.0000	0.2880	0.0165	0.2715	0.0165	0.0164	0.0001	0.2715	0.0000	0.2714	0.0073	0.0062	0.0012	0.0002	0.0002	0.0000	0.0071	0.0060	0.0011	0.1311	0.0766	0.0545	0.0251	0.0246	0.0005	0.1060	0.0520	0.0540	0.0000	0.0000	0.0000	0.0000	0.0000	0.0000	0.0000	0.0000	0.0000	2.1958	0.2148	4.9812	0.6573	0.6668	0.1873	2.5604	0.0007	5.0251
84	90	0.2295	6	1	0	2	0	0	0	0	0	N	N	Y	N	N	N	N	N	N	N	N	N	0.0399	0.0000	17.6184	0.0014	0.0000	1.0181	7.9930	0.0000	28.6264	0.0010	0.0000	0.0070	0.0001	0.0000	0.0010	0.0013	0.0000	0.0080	0.0250	0.0364	0.0004	0.0575	0.0656	0.0010	0.0002	0.0001	0.0003	15317.5000	0.0050	0.0000	-0.0012	1.0052	2.3559	4.9545	7.1930	0.0000	0.0000	0.0000	0.0000	0.0000	0.0000	0.0000	0.0000	0.0000	0.0027	0.0027	0.0000	0.0027	0.0027	0.0000	0.0000	0.0000	0.0000	0.0184	0.0158	0.0026	0.0048	0.0044	0.0004	0.0136	0.0114	0.0022	0.1073	0.0734	0.0339	0.0465	0.0407	0.0058	0.0608	0.0328	0.0281	0.0399	0.0000	17.6184	0.0014	0.0000	1.0181	7.9930	0.0000	28.6264	0.0250	0.0364	0.0004	0.0575	0.0656	0.0010	0.0002	0.0001	0.0003
84	91	0.1967	5	1	0	1	0	0	0	0	0	N	N	N	N	N	N	N	N	N	N	N	N	1.5812	0.0398	56.4644	0.1038	0.0720	11.4309	20.3606	0.0075	54.0322	0.0809	0.0027	0.5465	0.0098	0.0078	0.0630	0.1130	0.0000	0.5889	0.0512	0.0683	0.0097	0.0945	0.1077	0.0055	0.0056	0.0009	0.0109	33.7814	0.0585	0.0025	-0.0059	1.0052	4.9284	4.9545	11.0439	0.0047	0.0001	0.0045	0.0002	0.0001	0.0000	0.0045	0.0000	0.0045	0.0146	0.0138	0.0008	0.0139	0.0138	0.0001	0.0008	0.0001	0.0007	0.0575	0.0493	0.0083	0.0179	0.0172	0.0007	0.0396	0.0320	0.0076	0.2860	0.2025	0.0835	0.1466	0.1277	0.0189	0.1394	0.0748	0.0646	1.5812	0.0398	56.4644	0.1038	0.0720	11.4309	20.3606	0.0075	54.0322	0.0512	0.0683	0.0097	0.0945	0.1077	0.0055	0.0056	0.0009	0.0109
84	92	0.1071	4	1	0	1	0	0	0	0	0	N	N	N	N	N	N	N	N	N	N	N	N	0.5582	0.3419	1.5295	0.1533	0.1120	0.5993	0.5273	2.4376	1.4813	0.0465	0.0073	0.2634	0.0083	0.0057	0.0430	0.0495	0.0074	0.2709	0.0833	0.0212	0.1722	0.0538	0.0507	0.0718	0.0939	0.0030	0.1829	6.5578	5.6529	0.0005	0.0091	1.0052	3.9161	4.9545	29.2065	0.0012	0.0002	0.0010	0.0000	0.0000	0.0000	0.0012	0.0001	0.0010	0.0233	0.0035	0.0198	0.0040	0.0032	0.0008	0.0193	0.0003	0.0190	0.0256	0.0217	0.0039	0.0019	0.0017	0.0001	0.0238	0.0200	0.0038	0.2794	0.1646	0.1148	0.0739	0.0629	0.0110	0.2054	0.1017	0.1037	0.5582	0.3419	1.5295	0.1533	0.1120	0.5993	0.5273	2.4376	1.4813	0.0833	0.0212	0.1722	0.0538	0.0507	0.0718	0.0939	0.0030	0.1829
84	93	0.6477	10	2	1	1	0	0	0	0	0	Y	N	N	N	N	N	N	N	N	N	N	N	0.1013	0.1275	0.0000	0.2226	0.2170	0.0000	0.0000	0.0000	0.0000	0.0037	0.0042	0.0000	0.0091	0.0097	0.0000	0.0000	0.0000	0.0000	0.0366	0.0333	0.0438	0.0407	0.0449	0.0242	0.0300	0.0028	0.0570	0.0000	0.6087	-0.0000	-0.0002	1.0052	2.5103	4.9545	7.4742	0.0001	0.0001	0.0000	0.0001	0.0001	0.0000	0.0000	0.0000	0.0000	0.0028	0.0017	0.0011	0.0019	0.0017	0.0002	0.0009	0.0000	0.0008	0.0189	0.0165	0.0024	0.0077	0.0072	0.0005	0.0111	0.0093	0.0018	0.0759	0.0519	0.0240	0.0472	0.0376	0.0096	0.0286	0.0142	0.0144	0.1013	0.1275	0.0000	0.2226	0.2170	0.0000	0.0000	0.0000	0.0000	0.0366	0.0333	0.0438	0.0407	0.0449	0.0242	0.0300	0.0028	0.0570
84	94	0.6115	9	1	1	1	0	0	0	0	0	N	N	N	N	N	N	N	N	N	N	N	N	0.0853	0.0685	0.0000	0.1580	0.1318	0.0000	0.0000	0.0000	0.0000	0.0012	0.0013	0.0000	0.0031	0.0033	0.0000	0.0000	0.0000	0.0000	0.0137	0.0194	0.0008	0.0196	0.0249	0.0002	0.0022	0.0030	0.0014	0.0000	0.0190	-0.0000	-0.0006	1.0052	7.1305	4.9545	3.2426	0.0001	0.0001	0.0000	0.0001	0.0001	0.0000	0.0000	0.0000	0.0000	0.0013	0.0013	0.0000	0.0013	0.0013	0.0000	0.0001	0.0001	0.0000	0.0598	0.0527	0.0070	0.0225	0.0213	0.0012	0.0372	0.0314	0.0058	0.0972	0.0676	0.0295	0.0642	0.0504	0.0137	0.0330	0.0172	0.0158	0.0853	0.0685	0.0000	0.1580	0.1318	0.0000	0.0000	0.0000	0.0000	0.0137	0.0194	0.0008	0.0196	0.0249	0.0002	0.0022	0.0030	0.0014
84	95	0.0332	2	2	1	1	0	0	0	0	0	Y	N	N	N	N	N	N	N	N	N	N	N	0.8447	0.5701	0.0000	0.0316	0.0326	13192424.7085	inf	0.0000	0.0993	0.1176	0.0000	0.0280	0.0298	0.0000	0.1011	0.1201	0.0000	0.1175	0.2062	0.0000	0.8848	0.9130	0.0000	0.0000	0.0000	0.0000	0.0000	0.0000	-0.0025	-0.0162	1.0052	8.0000	4.9545	22.5660	0.0056	0.0056	0.0000	0.0000	0.0000	0.0000	0.0055	0.0055	0.0000	0.0354	0.0354	0.0000	0.0354	0.0354	0.0000	0.0000	0.0000	0.0000	0.0562	0.0475	0.0087	0.0014	0.0013	0.0001	0.0548	0.0461	0.0087	0.3008	0.1714	0.1294	0.0400	0.0387	0.0012	0.2609	0.1327	0.1282	0.8447	0.5701	0.0000	0.0316	0.0326	0.0000	13192424.7085	inf	0.0000	0.1175	0.2062	0.0000	0.8848	0.9130	0.0000	0.0000	0.0000	0.0000	
84	96	0.1071	4	1	0	1	0	0	0	0	0	N	N	N	N	N	N	N	N	N	N	N	N	0.0000	0.0000	0.0000	0.0000	0.0000	0.0000	0.0000	0.0000	0.0000	0.0000	0.0000	0.0000	0.0000	0.0000	0.0000	0.0000	0.0000	0.0563	0.0007	0.1363	0.0184	0.0018	0.1130	0.0702	0.0000	0.1388	134.1981	0.0000	0.0079	1.0052	11.9964	4.9545	18.8414	0.0000	0.0000	0.0000	0.0000	0.0000	0.0000	0.0000	0.0000	0.0000	0.0149	0.0001	0.0148	0.0013	0.0001	0.0012	0.0136	0.0000	0.0136	0.0755	0.0641	0.0114	0.0054	0.0051	0.0004	0.0701	0.0590	0.0110	0.2639	0.1556	0.1083	0.0704	0.0599	0.0105	0.1935	0.0957	0.0978	0.0000	0.0000	0.0000	0.0000	0.0000	0.0000	0.0000	0.0000	0.0000	0.0563	0.0007	0.1363	0.0184	0.0018	0.1130	0.0702	0.0000	0.1388		
84	98	0.0637	4	2	1	2	0	0	0	0	0	Y	N	Y	N	N	N	N	N	N	N	N	N	0.0880	4.4134	0.0000	4.2717	5.7842	0.0000	0.0006	19438.2880	0.0000	0.5933	0.7302	0.0000	2.3775	3.3464	0.0000	0.0043	0.0050	0.0000	6.7414	0.1654	27.8707	0.5566	0.5785	0.1189	6.5900	0.0000	24.1426	0.0000	56.8487	-0.0023	0.5168	1.0052	0.9502	4.9545	16.1595	0.0053	0.0053	0.0000	0.0053	0.0053	0.0000	0.0000	0.0000	0.0000	0.9856	0.0170	0.9686	0.0172	0.0170	0.0002	0.9684	0.0000	0.9684	0.0089	0.0072	0.0017	0.0022	0.0016	0.0006	0.0067	0.0057	0.0010	0.1779	0.1030	0.0749	0.0309	0.0295	0.0015	0.1470	0.0735	0.0734	0.1071	4.4134	0.0000	4.2717	5.7842	0.0000	0.0006	19438.2880	0.0000	5.5409	0.1654	12.9324	0.5566	0.5785	0.1189	6.5900	0.0000	13.1905
84	99	0.1071	4	1	1	1	0	0	0	0	0	N	N	N	N	N	N	N	N	N	N	N	N	0.0000	0.0000	0.0000	0.0000	0.0000	0.0000	0.0000	0.0000	0.0000	0.0000	0.0000	0.0000	0.0000	0.0000	0.0000	0.0000	0.0000	0.0000	0.0479	0.0433	0.0545	0.1769	0.1110	0.5554	0.0002	0.0000	0.0003	0.8737	0.0000	0.0001	1.0052	11.9964	4.9545	15.6499	0.0000	0.0000	0.0000	0.0000	0.0000	0.0000	0.0000	0.0000	0.0000	0.0116	0.0062	0.0054	0.0116	0.0062	0.0054	0.0000	0.0000	0.0000	0.0755	0.0641	0.0114	0.0054	0.0051	0.0004	0.0701	0.0590	0.0110	0.2419	0.1428	0.0991	0.0654	0.0557	0.0097	0.1765	0.0871	0.0894	0.0000	0.0000	0.0000	0.0000	0.0000	0.0000	0.0000	0.0000	0.0000	0.0479	0.0433	0.0545	0.1769	0.1110	0.5554	0.0002	0.0000	0.0003	
84	100	0.0667	5	2	0	2	0	0	0	0	0	Y	N	Y	N	N	N	N	N	N	N	N	N	0.0001	0.0032	0.0000	0.0003	0.0003	0.0000	0.0001	0.0335	0.0000	0.0007	0.0008	0.0000	0.0002	0.0003	0.0000	0.0007	0.0008	0.0000	7.5241	0.2501	30.1335	0.7806	0.8253	0.0010	7.0239	0.0253	26.6740	0.0000	40.5498	-0.0000	0.4768	1.0052	1.0008	4.9545	13.9255	0.0000	0.0000	0.0000	0.0000	0.0000	0.0000	0.0000	0.0000	0.0000	0.9212	0.0222	0.8990	0.0206	0.0206	0.0000	0.9006	0.0016	0.8990	0.0074	0.0062	0.0012	0.0006	0.0005	0.0001	0.0068	0.0057	0.0011	0.1546	0.0887	0.0659	0.0263	0.0249	0.0014	0.1282	0.0638	0.0645	0.0001	0.0032	0.0000	0.0003	0.0003	0.0000	0.0001	0.0335	0.0000	5.9600	0.2501	13.6424	0.7806	0.8253	0.0010	7.0239	0.0253	13.9444
84	101	0.0637	4	2	0	2	0	0	0	0	0	Y	N	Y	N	N	N	N	N	N	N	N	N	0.5551	1.3013	0.0005	0.0160	0.0237	0.0016	2.1112	210.5810	0.0003	0.1219	0.1680	0.0002	0.0038	0.0056	0.0002	0.4463	0.4930	0.0001	0.2195	0.1291	0.3652	0.2355	0.2375	0.1084	0.2114	0.0023	0.3687	0.0004	1.7555	-0.0001	0.0018	1.0052	0.0532	4.9545	2.0467	0.0003	0.0003	0.0000	0.0000	0.0000	0.0000	0.0003	0.0003	0.0000	0.0102	0.0037	0.0065	0.0037	0.0037	0.0000	0.0065	0.0000	0.0065	0.0024	0.0017	0.0007	0.0017	0.0011	0.0006	0.0006	0.0006	0.0001	0.0465	0.0287	0.0178	0.0157	0.0155	0.0002	0.0308	0.0132	0.0176	0.5551	1.3013	0.0005	0.0160	0.0237	0.0016	2.1112	210.5810	0.0003	0.2195	0.1291	0.3652	0.2355	0.2375	0.1084	0.2114	0.0023	0.3687
84	102	0.0541	3	2	0	2	0	0	0	0	0	Y	N	Y	N	N	N	N	N	N	N	N	N	0.4000	0.7650	0.0009	0.7551	1.0070	0.0036	0.2979	130.8980	0.0001	0.0315	0.0381	0.0001	0.0963	0.1285	0.0004	0.0189	0.0224	0.0000	0.0788	0.0498	0.1240	0.1276	0.1276	0.1240	0.0635	0.0002	0.1240	0.0006	1.6049	-0.0002	0.0009	1.0052	2.0948	4.9545	3.0326	0.0005	0.0005	0.0000	0.0003	0.0003	0.0000	0.0003	0.0003	0.0000	0.0060	0.0023	0.0037	0.0023	0.0023	0.0000	0.0037	0.0000	0.0037	0.0172	0.0142	0.0030	0.0028	0.0021	0.0007	0.0144	0.0121	0.0023	0.0759	0.0462	0.0297	0.0182	0.0180	0.0002	0.0577	0.0282	0.0295	0.4000	0.7650	0.0009	0.7551	1.0070	0.0036	0.2979	130.8980	0.0001	0.0788	0.0498	0.1240	0.1276	0.1276	0.1240	0.0635	0.0002	0.1240
84	103	0.0332	2	2	0	2	0	0	0	0	0	Y	N	Y	N	N	N	N	N	N	N	N	N	1.0845	1.4790	0.0007	0.1186	0.1263	0.0002	1.8367	9625.8056	0.0007	0.1869	0.2217	0.0002	0.0523	0.0556	0.0001	0.1905	0.2266	0.0002	0.1724	0.1499	0.2045	0.4408	0.4404	0.4610	0.1037	0.0000	0.2022	0.0001	0.9571	-0.0023	0.0006	1.0052	3.9484	4.9545	4.8420	0.0053	0.0053	0.0000	0.0000	0.0000	0.0000	0.0053	0.0053	0.0000	0.0203	0.0104	0.0099	0.0106	0.0104	0.0002	0.0097	0.0000	0.0097	0.0283	0.0239	0.0044	0.0007	0.0007	0.0000	0.0276	0.0232	0.0044	0.1176	0.0691	0.0485	0.0239	0.0235	0.0004	0.0936	0.0456	0.0480	1.0845	1.4790	0.0007	0.1186	0.1263	0.0002	1.8367	9625.8056	0.0007	0.1724	0.1499	0.2045	0.4408	0.4404	0.4610	0.1037	0.0000	0.2022
84	104	0.1395	5	1	1	1	0	0	0	0	0	N	N	N	N	N	N	N	N	N	N	N	N	0.0060	0.0000	1.6005	0.0077	0.0000	8.1788	0.0000	0.0000	0.0000	0.0001	0.0000	0.0009	0.0006	0.0000	0.0064	0.0000	0.0000	0.0000	0.0223	0.0364	0.0006	0.0720	0.0832	0.0008	0.0003	0.0001	0.0006	inf	0.0104	0.0000	-0.0035	1.0052	8.9557	4.9545	32.3127	0.0000	0.0000	0.0000	0.0000	0.0000	0.0000	0.0000	0.0000	0.0000	0.0078	0.0077	0.0001	0.0077	0.0077	0.0000	0.0001	0.0000	0.0001	0.0744	0.0637	0.0107	0.0181	0.0165	0.0016	0.0563	0.0471	0.0092	0.3506	0.2126	0.1380	0.1075	0.0929	0.0146	0.2431	0.1197	0.1233	0.0060	0.0000	1.6005	0.0077	0.0000	8.1788	0.0000	0.0000	0.0000	0.0223	0.0364	0.0006	0.0720	0.0832	0.0008	0.0003	0.0001	0.0006
84	105	0.1649	6	1	0	2	0	0	0	0	0	N	N	Y	N	N	N	N	N	N	N	N	N	0.0000	0.0000	0.0000	0.0000	0.0000	0.0000	0.0000	0.0000	0.0000	0.0000	0.0000	0.0000	0.0000	0.0000	0.0000	0.0000	0.0000	0.0000	0.1832	0.2995	0.0001	0.0041	0.0047	0.0001	0.2732	0.5591	0.0001	0.0003	0.0000	-0.0096	1.0052	4.2679	4.9545	7.8415	0.0000	0.0000	0.0000	0.0000	0.0000	0.0000	0.0000	0.0000	0.0000	0.0210	0.0210	0.0000	0.0002	0.0002	0.0000	0.0209	0.0209	0.0000	0.0338	0.0285	0.0054	0.0054	0.0051	0.0003	0.0284	0.0234	0.0051	0.1147	0.0701	0.0446	0.0384	0.0328	0.0055	0.0764	0.0373	0.0391	0.0000	0.0000	0.0000	0.0000	0.0000	0.0000	0.0000	0.0000	0.0000	0.1832	0.2995	0.0001	0.0041	0.0047	0.0001	0.2732	0.5591	0.0001	
84	106	0.1395	5	1	0	1	0	0	0	0	0	N	N	N	N	N	N	N	N	N	N	N	N	0.0000	0.0000	0.0000	0.0000	0.0000	0.0000	0.0000	0.0000	0.0000	0.0000	0.0000	0.0000	0.0000	0.0000	0.0000	0.0000	0.0000	0.0000	0.0176	0.0106	0.0297	0.0199	0.0200	0.0193	0.0163	0.0003	0.0310	0.0000	1.6439	-0.0000	0.0004	1.0052	1.9301	4.9545	9.0954	0.0000	0.0000	0.0000	0.0000	0.0000	0.0000	0.0000	0.0000	0.0000	0.0024	0.0009	0.0015	0.0010	0.0009	0.0001	0.0014	0.0000	0.0014	0.0274	0.0238	0.0036	0.0137	0.0125	0.0012	0.0136	0.0113	0.0023	0.1370	0.0864	0.0506	0.0507	0.0451	0.0056	0.0863	0.0413	0.0450	0.0000	0.0000	0.0000	0.0000	0.0000	0.0000	0.0000	0.0000	0.0000	0.0176	0.0106	0.0297	0.0199	0.0200	0.0193	0.0163	0.0003	0.0310
84	107	0.1071	4	1	0	1	0	0	0	0	0	N	N	N	N	N	N	N	N	N	N	N	N	0.0000	0.0000	0.0000	0.0000	0.0000	0.0000	0.0000	0.0000	0.0000	0.0000	0.0000	0.0000	0.0000	0.0000	0.0000	0.0000	0.0000	0.0000	0.0082	0.0107	0.0045	0.0193	0.0225	0.0001	0.0034	0.0018	0.0050	0.2815	0.0000	-0.0003	1.0052	3.9049	4.9545	9.6098	0.0000	0.0000	0.0000	0.0000	0.0000	0.0000	0.0000	0.0000	0.0000	0.0011	0.0009	0.0002	0.0008	0.0008	0.0000	0.0003	0.0001	0.0002	0.0256	0.0216	0.0039	0.0019	0.0017	0.0001	0.0237	0.0199	0.0038	0.1372	0.0820	0.0552	0.0411	0.0353	0.0059	0.0961	0.0468	0.0493	0.0000	0.0000	0.0000	0.0000	0.0000	0.0000	0.0000	0.0000	0.0000	0.0082	0.0107	0.0045	0.0193	0.0225	0.0001	0.0034	0.0018	0.0050	
84	108	0.1283	6	1	1	1	0	0	0	0	0	N	N	N	N	N	N	N	N	N	N	N	N	0.0000	0.0000	0.0000	0.0000	0.0000	0.0000	0.0000	0.0000	0.0000	0.0000	0.0000	0.0000	0.0000	0.0000	0.0000	0.0000	0.0000	0.0000	2.9498	0.0990	9.0419	0.0252	0.0277	0.0097	4.2826	0.1559	8.8056	48.3775	0.0000	0.4453	1.0052	8.0392	4.9545	22.6195	0.0000	0.0000	0.0000	0.0000	0.0000	0.0000	0.0000	0.0000	0.0000	0.8541	0.0173	0.8368	0.0023	0.0022	0.0001	0.8518	0.0151	0.8367	0.0562	0.0478	0.0084	0.0072	0.0068	0.0005	0.0490	0.0410	0.0079	0.2895	0.1747	0.1148	0.0906	0.0776	0.0131	0.1989	0.0971	0.1018	0.0000	0.0000	0.0000	0.0000	0.0000	0.0000	0.0000	0.0000	0.0000	2.9498	0.0990	7.2881	0.0252	0.0277	0.0097	4.2826	0.1559	8.2218	
84	109	0.1283	5	1	0	1	0	0	0	0	0	N	N	N	N	N	N	N	N	N	N	N	N	0.0000	0.0000	0.0000	0.0000	0.0000	0.0000	0.0000	0.0000	0.0000	0.0000	0.0000	0.0000	0.0000	0.0000	0.0000	0.0000	0.0000	0.0000	2.8235	2.0316	4.6464	3.0641	3.2461	0.0310	2.6178	0.0170	5.0814	0.9937	0.0000	0.0089	1.0052	0.2031	4.9545	2.0398	0.0000	0.0000	0.0000	0.0000	0.0000	0.0000	0.0000	0.0000	0.0000	0.2213	0.1110	0.1103	0.1107	0.1106	0.0001	0.1106	0.0003	0.1102	0.0035	0.0029	0.0006	0.0012	0.0012	0.0000	0.0023	0.0017	0.0006	0.0784	0.0546	0.0237	0.0361	0.0341	0.0020	0.0422	0.0205	0.0217	0.0000	0.0000	0.0000	0.0000	0.0000	0.0000	0.0000	0.0000	0.0000	2.8235	2.0316	4.6464	3.0641	3.2461	0.0310	2.6178	0.0170	5.0814	
84	110	0.7088	11	2	0	2	0	0	0	0	0	Y	N	Y	N	N	N	N	N	N	N	N	N	inf	inf	inf	inf	0.0720	0.0916	0.0000	0.1440	0.1440	0.0000	0.0000	0.0000	0.0000	0.0000	0.0000	0.0000	0.0000	0.0000	0.0000	0.0000	0.0000	0.0000	0.0000	-0.0000	0.0000	1.0052	0.0001	4.9545	0.0001	0.0000	0.0000	0.0000	0.0000	0.0000	0.0000	0.0000	0.0000	0.0000	0.0000	0.0000	0.0000	0.0000	0.0000	0.0000	0.0000	0.0000	0.0000	0.0007	0.0005	0.0001	0.0003	0.0003	0.0000	0.0003	0.0002	0.0001	0.0000	0.0000	0.0000	0.0000	0.0000	0.0000	0.0000	0.0000	0.0000	inf	inf	0.0000	inf	inf	0.0000	0.0000	0.0000	0.0000	0.0000	0.0000	0.0000	0.0000	0.0000	0.0000	0.0000	0.0000	0.0000						
84	111	0.6950	10	2	0	2	0	0	0	0	0	Y	N	Y	N	N	N	N	N	N	N	N	N	169680.6485	1010580.5999	0.0000	4768578.5620	3911264.0001	0.0000	0.0000	0.0000	0.0000	79.1317	90.8502	0.0000	255.5696	271.3820	0.0000	0.0000	0.0000	0.0000	0.0005	0.0001	0.0013	0.0001	0.0001	0.0000	0.0016	0.0002	0.0032	0.0000	6.4291	-0.4388	0.0000	1.0052	1.6718	4.9545	2.9223	0.9947	0.9947	0.0000	0.9947	0.9947	0.0000	0.0000	0.0000	0.0000	0.0000	0.0000	0.0000	0.0000	0.0000	0.0000	0.0000	0.0000	0.0000	0.0126	0.0109	0.0016	0.0039	0.0037	0.0002	0.0087	0.0073	0.0014	0.0482	0.0336	0.0145	0.0353	0.0269	0.0084	0.0129	0.0067	0.0061	169680.6485	1010580.5999	0.0000	4768578.5620	3911264.0001	0.0000	0.0000	0.0000	0.0000	0.0005	0.0001	0.0013	0.0001	0.0001	0.0000	0.0016	0.0002	0.0032
84	112	0.6115	9	2	0	2	0	0	0	0	0	Y	N	Y	N	N	N	N	N	N	N	N	N	139.7633	113.4601	0.0000	308.9007	260.0454	0.0000	0.0000	0.0000	0.0000	0.0511	0.0583	0.0000	0.1497	0.1597	0.0000	0.0000	0.0000	0.0000	0.0004	0.0005	0.0000	0.0005	0.0006	0.0000	0.0002	0.0002	0.0001	0.0000	0.0329	-0.0022	-0.0000	1.0052	14.0283	4.9545	7.1084	0.0049	0.0049	0.0000	0.0049	0.0049	0.0000	0.0000	0.0000	0.0000	0.0001	0.0001	0.0000	0.0000	0.0000	0.0000	0.0000	0.0000	0.0000	0.0968	0.0849	0.0118	0.0331	0.0310	0.0021	0.0637	0.0539	0.0098	0.1586	0.1094	0.0492	0.1009	0.0792	0.0218	0.0576	0.0302	0.0274	139.7633	113.4601	0.0000	308.9007	260.0454	0.0000	0.0000	0.0000	0.0000	0.0004	0.0005	0.0000	0.0005	0.0006	0.0000	0.0002	0.0002	0.0001
84	113	0.5512	8	1	0	1	0	0	0	0	0	N	N	N	N	N	N	N	N	N	N	N	N	0.0002	0.0001	0.0000	0.0014	0.0012	0.0000	0.0000	0.0000	0.0000	0.0001	0.0001	0.0000	0.0003	0.0004	0.0000	0.0000	0.0000	0.0000	0.7579	0.9883	0.2635	0.2591	0.3088	0.0186	1.4957	2.7794	0.3794	0.0001	0.1242	-0.0000	-0.0481	1.0052	8.6129	4.9545	5.1709	0.0000	0.0000	0.0000	0.0000	0.0000	0.0000	0.0000	0.0000	0.0000	0.1383	0.1230	0.0153	0.0282	0.0279	0.0003	0.1101	0.0951	0.0149	0.0789	0.0699	0.0090	0.0286	0.0271	0.0015	0.0503	0.0428	0.0075	0.1824	0.1244	0.0580	0.1088	0.0902	0.0186	0.0736	0.0342	0.0394	0.0002	0.0001	0.0000	0.0014	0.0012	0.0000	0.0000	0.0000	0.0000	0.7579	0.9883	0.2635	0.2591	0.3088	0.0186	1.4957	2.7794	0.3794
84	114	0.4561	7	1	0	1	0	0	0	0	0	N	N	N	N	N	N	N	N	N	N	N	N	0.0001	0.0001	0.0001	0.0002	0.0002	0.0036	0.0000	0.0001	0.0000	0.0001	0.0001	0.0000	0.0003	0.0003	0.0000	0.0000	0.0000	0.0000	0.9180	1.1003	0.5514	1.2807	1.5385	0.0083	0.4830	0.1736	0.7592	0.0462	0.2491	-0.0000	-0.0872	1.0052	16.8607	4.9545	22.7724	0.0000	0.0000	0.0000	0.0000	0.0000	0.0000	0.0000	0.0000	0.0000	0.3370	0.2697	0.0672	0.2564	0.2561	0.0003	0.0806	0.0137	0.0669	0.1175	0.1020	0.0155	0.0340	0.0313	0.0027	0.0835	0.0707	0.0128	0.3670	0.2452	0.1219	0.2002	0.1664	0.0337	0.1669	0.0787	0.0881	0.0001	0.0001	0.0001	0.0002	0.0002	0.0036	0.0000	0.0001	0.0000	0.9180	1.1003	0.5514	1.2807	1.5385	0.0083	0.4830	0.1736	0.7592
84	115	0.0836	4	2	0	2	0	0	0	0	0	Y	N	Y	N	N	N	N	N	N	N	N	N	0.0000	0.0000	0.0000	0.0000	0.0000	0.0000	0.0000	0.0000	0.0000	0.0000	0.0000	0.0000	0.0000	0.0000	0.0000	0.0000	0.0000	0.0000	0.0033	0.0014	0.0065	0.0029	0.0031	0.0001	0.0035	0.0000	0.0069	2.7780	0.0000	0.0001	1.0052	1.0009	4.9545	4.0038	0.0000	0.0000	0.0000	0.0000	0.0000	0.0000	0.0000	0.0000	0.0000	0.0002	0.0001	0.0002	0.0001	0.0001	0.0000	0.0002	0.0000	0.0002	0.0078	0.0065	0.0013	0.0009	0.0008	0.0002	0.0069	0.0058	0.0011	0.0705	0.0440	0.0266	0.0213	0.0198	0.0015	0.0492	0.0241	0.0251	0.0000	0.0000	0.0000	0.0000	0.0000	0.0000	0.0000	0.0000	0.0000	0.0033	0.0014	0.0065	0.0029	0.0031	0.0001	0.0035	0.0000	0.0069	
84	116	0.0553	3	2	0	2	0	0	0	0	0	Y	N	Y	N	N	N	N	N	N	N	N	N	0.0115	0.0644	0.0012	0.0012	0.0012	0.0072	0.0118	26.3298	0.0011	0.0044	0.0050	0.0010	0.0002	0.0002	0.0004	0.0053	0.0062	0.0010	0.3840	0.0777	0.8481	0.1837	0.1966	0.0505	0.4546	0.0002	0.8970	0.0334	7.2101	-0.0000	0.0250	1.0052	1.8441	4.9545	10.4794	0.0001	0.0001	0.0000	0.0000	0.0000	0.0000	0.0001	0.0001	0.0000	0.0595	0.0072	0.0523	0.0074	0.0072	0.0002	0.0521	0.0000	0.0521	0.0192	0.0165	0.0027	0.0034	0.0034	0.0001	0.0158	0.0131	0.0027	0.1550	0.0933	0.0616	0.0404	0.0368	0.0036	0.1146	0.0565	0.0581	0.0115	0.0644	0.0012	0.0012	0.0012	0.0072	0.0118	26.3298	0.0011	0.3840	0.0777	0.8481	0.1837	0.1966	0.0505	0.4546	0.0002	0.8970
84	117	0.3433	5	1	1	1	1	0	0	0	0	N	N	N	N	N	N	N	N	N	N	N	N	0.0145	0.0150	0.0000	0.0075	0.0071	0.0000	0.0305	0.9246	0.0000	0.0023	0.0027	0.0000	0.0018	0.0019	0.0000	0.0026	0.0031	0.0000	0.1616	0.1783	0.1286	0.2340	0.2669	0.0237	0.0862	0.0034	0.1558	0.0000	0.3632	-0.0001	-0.0122	1.0052	10.5071	4.9545	20.2622	0.0002	0.0002	0.0000	0.0001	0.0001	0.0000	0.0002	0.0002	0.0000	0.0634	0.0465	0.0169	0.0469	0.0462	0.0006	0.0166	0.0003	0.0163	0.0913	0.0797	0.0116	0.0305	0.0284	0.0021	0.0608	0.0513	0.0095	0.3926	0.2611	0.1315	0.2004	0.1733	0.0271	0.1922	0.0878	0.1044	0.0145	0.0150	0.0000	0.0075	0.0071	0.0000	0.0305	0.9246	0.0000	0.1616	0.1783	0.1286	0.2340	0.2669	0.0237	0.0862	0.0034	0.1558
84	118	0.1071	4	1	1	1	1	0	0	0	0	N	N	N	N	N	N	N	N	N	N	N	N	0.0000	0.0000	0.0000	0.0000	0.0000	0.0000	0.0000	0.0000	0.0000	0.0000	0.0000	0.0000	0.0000	0.0000	0.0000	0.0000	0.0000	0.0000	0.0362	0.0613	0.0001	0.0060	0.0070	0.0000	0.0472	0.0953	0.0002	0.0016	0.0000	-0.0043	1.0052	4.0036	4.9545	26.5072	0.0000	0.0000	0.0000	0.0000	0.0000	0.0000	0.0000	0.0000	0.0000	0.0095	0.0094	0.0000	0.0004	0.0004	0.0000	0.0090	0.0090	0.0000	0.0261	0.0221	0.0040	0.0019	0.0018	0.0001	0.0242	0.0204	0.0039	0.2613	0.1540	0.1072	0.0698	0.0594	0.0104	0.1915	0.0946	0.0968	0.0000	0.0000	0.0000	0.0000	0.0000	0.0000	0.0000	0.0000	0.0000	0.0362	0.0613	0.0001	0.0060	0.0070	0.0000	0.0472	0.0953	0.0002	
84	119	0.1456	5	1	1	1	0	0	0	0	0	N	N	N	N	N	N	N	N	N	N	N	N	0.0007	0.0004	0.0000	0.0003	0.0003	0.0000	0.0000	0.0000	0.0000	0.0028	0.0033	0.0000	0.0115	0.0121	0.0000	0.0000	0.0000	0.0000	4.0786	7.6334	0.1021	37.1659	38.0452	0.0402	0.0689	0.0297	0.1084	0.0000	0.0101	-0.0000	-0.4339	1.0052	3.8169	4.9545	21.2433	0.0001	0.0001	0.0000	0.0001	0.0001	0.0000	0.0000	0.0000	0.0000	0.9678	0.9581	0.0097	0.9558	0.9555	0.0004	0.0120	0.0026	0.0094	0.0375	0.0323	0.0053	0.0091	0.0087	0.0004	0.0284	0.0235	0.0048	0.2469	0.1517	0.0952	0.0736	0.0647	0.0089	0.1734	0.0870	0.0864	0.0007	0.0005	0.0000	0.0009	0.0008	0.0000	0.0000	0.0000	0.0000	3.9191	6.3157	0.1021	12.9897	14.7627	0.0402	0.0689	0.0297	0.1084
84	120	0.4913	9	1	1	1	0	0	0	0	0	N	N	N	N	N	N	N	N	N	N	N	N	0.0554	0.0000	18.1509	0.0032	0.0000	6.9697	5.1906	0.0000	17.8871	0.0406	0.0000	0.3150	0.0043	0.0000	0.0721	0.0578	0.0000	0.3571	0.7332	1.0756	0.0174	1.3214	1.5695	0.0103	0.0111	0.0013	0.0200	inf	0.0077	0.0029	-0.1790	1.0052	16.3276	4.9545	34.9199	0.0052	0.0000	0.0052	0.0002	0.0000	0.0002	0.0050	0.0000	0.0050	0.3973	0.3942	0.0030	0.3945	0.3941	0.0005	0.0027	0.0002	0.0026	0.1275	0.1111	0.0165	0.0409	0.0384	0.0024	0.0867	0.0727	0.0140	0.5418	0.3665	0.1753	0.2986	0.2511	0.0475	0.2433	0.1154	0.1278	0.0554	0.0000	18.1509	0.0032	0.0000	6.9697	5.1906	0.0000	17.8871	0.7332	1.0756	0.0174	1.3214	1.5695	0.0103	0.0111	0.0013	0.0200
84	121	0.4739	8	1	1	1	0	0	0	0	0	N	N	N	N	N	N	N	N	N	N	N	N	0.0070	0.0030	0.0261	0.0009	0.0007	0.0443	0.0092	0.1760	0.0229	0.0109	0.0037	0.0586	0.0013	0.0012	0.0030	0.0150	0.0050	0.0664	1.5622	1.2415	2.2448	1.4998	1.7176	0.0685	1.6426	0.0284	2.9047	2.3406	0.8494	0.0001	0.0005	1.0052	6.1757	4.9545	14.5601	0.0005	0.0002	0.0004	0.0000	0.0000	0.0000	0.0005	0.0001	0.0004	0.6019	0.3255	0.2764	0.3253	0.3234	0.0020	0.2766	0.0021	0.2745	0.0505	0.0439	0.0066	0.0153	0.0145	0.0008	0.0352	0.0294	0.0058	0.3853	0.2621	0.1231	0.2169	0.1883	0.0287	0.1684	0.0739	0.0945	0.0070	0.0030	0.0261	0.0009	0.0007	0.0443	0.0092	0.1760	0.0229	1.5622	1.2415	2.2448	1.4998	1.7176	0.0685	1.6426	0.0284	2.9047
84	122	0.4209	7	1	0	1	0	0	0	0	0	N	N	N	N	N	N	N	N	N	N	N	N	0.0003	0.0003	0.0005	0.0004	0.0004	0.0019	0.0002	0.0078	0.0005	0.0004	0.0003	0.0015	0.0004	0.0004	0.0001	0.0004	0.0002	0.0018	1.4074	0.7540	2.8089	0.9795	1.1191	0.0287	1.8753	0.0200	3.5491	0.8682	1.7369	0.0000	0.0969	1.0052	7.5400	4.9545	21.4192	0.0000	0.0000	0.0000	0.0000	0.0000	0.0000	0.0000	0.0000	0.0000	0.5500	0.2010	0.3491	0.1999	0.1992	0.0007	0.3501	0.0018	0.3483	0.0651	0.0568	0.0083	0.0218	0.0204	0.0014	0.0433	0.0363	0.0070	0.3908	0.2666	0.1243	0.2041	0.1780	0.0261	0.1867	0.0885	0.0981	0.0003	0.0003	0.0005	0.0004	0.0004	0.0019	0.0002	0.0078	0.0005	1.4074	0.7540	2.8089	0.9795	1.1191	0.0287	1.8753	0.0200	3.5491
84	123	0.0332	2	1	1	1	0	0	0	0	0	N	N	N	N	N	N	N	N	N	N	N	N	0.0000	0.0000	0.0000	0.0000	0.0000	0.0000	0.0000	0.0000	0.0000	0.0000	0.0000	0.0000	0.0000	0.0000	0.0000	0.0000	0.0000	4.2009	0.1385	14.4598	0.5556	0.5701	0.0601	4.5631	0.0000	10.8772	inf	49.3703	0.0000	0.5114	1.0052	4.0019	4.9545	19.5615	0.0000	0.0000	0.0000	0.0000	0.0000	0.0000	0.0000	0.0000	0.0000	0.9801	0.0195	0.9607	0.0195	0.0195	0.0001	0.9606	0.0000	0.9606	0.0287	0.0242	0.0045	0.0007	0.0007	0.0000	0.0279	0.0235	0.0044	0.2456	0.1405	0.1052	0.0351	0.0341	0.0010	0.2105	0.1064	0.1042	0.0000	0.0000	0.0000	0.0000	0.0000	0.0000	0.0000	0.0000	0.0000	3.9900	0.1385	9.1359	0.5556	0.5701	0.0601	4.5631	0.0000	9.2227	
84	126	0.1443	6	1	1	1	0	0	0	0	0	N	N	N	N	N	N	N	N	N	N	N	N	0.0000	0.0000	0.0000	0.0000	0.0000	0.0000	0.0000	0.0000	0.0000	0.0000	0.0000	0.0000	0.0000	0.0000	0.0000	0.0000	0.0000	0.0000	5.4336	10.4572	0.0003	39.7259	44.3804	0.0014	0.0035	0.0072	0.0001	0.0000	0.0000	-0.5009	1.0052	5.0407	4.9545	17.1705	0.0000	0.0000	0.0000	0.0000	0.0000	0.0000	0.0000	0.0000	0.0000	1.0929	1.0928	0.0000	1.0923	1.0923	0.0000	0.0005	0.0005	0.0000	0.0369	0.0312	0.0057	0.0048	0.0045	0.0003	0.0321	0.0267	0.0054	0.2308	0.1401	0.0907	0.0783	0.0674	0.0109	0.1525	0.0727	0.0798	0.0000	0.0000	0.0000	0.0000	0.0000	0.0000	0.0000	0.0000	0.0000	4.7349	7.8005	0.0003	13.9566	16.2099	0.0014	0.0035	0.0072	0.0001	
84	127	0.1283	5	1	1	1	0	0	0	0	0	N	N	N	N	N	N	N	N	N	N	N	N	0.0000	0.0000	0.0000	0.0000	0.0000	0.0000	0.0000	0.0000	0.0000	0.0000	0.0000	0.0000	0.0000	0.0000	0.0000	0.0000	0.0000	0.0000	1.8479	1.4379	2.5992	2.4098	2.6613	0.0136	1.4961	0.0096	2.8981	0.9865	-0.0000	0.0089	1.0052	1.9703	4.9545	6.2034	0.0000	0.0000	0.0000	0.0000	0.0000	0.0000	0.0000	0.0000	0.0000	0.2339	0.1177	0.1161	0.1174	0.1174	0.0001	0.1164	0.0004	0.1161	0.0157	0.0133	0.0024	0.0026	0.0025	0.0001	0.0131	0.0108	0.0023	0.1266	0.0819	0.0447	0.0487	0.0441	0.0046	0.0778	0.0378	0.0401	0.0000	0.0000	0.0000	0.0000	0.0000	0.0000	0.0000	0.0000	0.0000	1.8479	1.4379	2.5992	2.4098	2.6613	0.0136	1.4961	0.0096	2.8981	
84	128	0.1071	4	1	0	1	0	0	0	0	0	N	N	N	N	N	N	N	N	N	N	N	N	0.0000	0.0000	0.0000	0.0000	0.0000	0.0000	0.0000	0.0000	0.0000	0.0000	0.0000	0.0000	0.0000	0.0000	0.0000	0.0000	0.0000	0.0000	1.3540	0.1512	3.1968	0.0130	0.0147	0.0023	1.9971	0.2681	3.6067	13.8038	0.0000	0.0645	1.0052	1.1032	4.9545	7.8190	0.0000	0.0000	0.0000	0.0000	0.0000	0.0000	0.0000	0.0000	0.0000	0.1360	0.0092	0.1268	0.0004	0.0004	0.0000	0.1356	0.0088	0.1268	0.0074	0.0062	0.0011	0.0006	0.0005	0.0000	0.0068	0.0057	0.0011	0.1005	0.0608	0.0397	0.0326	0.0280	0.0045	0.0679	0.0327	0.0352	0.0000	0.0000	0.0000	0.0000	0.0000	0.0000	0.0000	0.0000	0.0000	1.3540	0.1512	3.1968	0.0130	0.0147	0.0023	1.9971	0.2681	3.6067	
84	129	0.4502	8	1	1	1	0	0	0	0	0	N	N	N	N	N	N	N	N	N	N	N	N	0.0000	0.0000	0.0000	0.0000	0.0000	0.0000	0.0000	0.0000	0.0000	0.0000	0.0000	0.0000	0.0000	0.0000	0.0000	0.0000	0.0000	0.0000	0.0115	0.0150	0.0000	0.0208	0.0222	0.0000	0.0000	0.0000	0.0000	0.0002	0.0000	-0.0006	1.0052	1.0033	4.9545	0.8635	0.0000	0.0000	0.0000	0.0000	0.0000	0.0000	0.0000	0.0000	0.0000	0.0013	0.0013	0.0000	0.0013	0.0013	0.0000	0.0000	0.0000	0.0000	0.0222	0.0201	0.0020	0.0124	0.0117	0.0006	0.0098	0.0084	0.0014	0.1160	0.0887	0.0273	0.0642	0.0600	0.0042	0.0519	0.0287	0.0232	0.0000	0.0000	0.0000	0.0000	0.0000	0.0000	0.0000	0.0000	0.0000	0.0115	0.0150	0.0000	0.0208	0.0222	0.0000	0.0000	0.0000	0.0000	
84	130	0.4209	7	1	0	1	0	0	0	0	0	N	N	N	N	N	N	N	N	N	N	N	N	0.0532	0.0578	0.0000	0.1089	0.1056	0.0000	0.0000	0.0000	0.0000	0.0010	0.0011	0.0000	0.0026	0.0028	0.0000	0.0000	0.0000	0.0000	0.0179	0.0189	0.0158	0.0243	0.0266	0.0047	0.0106	0.0017	0.0184	0.0000	0.3688	-0.0000	-0.0011	1.0052	5.5514	4.9545	9.9598	0.0000	0.0000	0.0000	0.0000	0.0000	0.0000	0.0000	0.0000	0.0000	0.0056	0.0041	0.0015	0.0041	0.0040	0.0001	0.0016	0.0001	0.0014	0.0524	0.0458	0.0066	0.0189	0.0178	0.0011	0.0335	0.0280	0.0055	0.3148	0.2184	0.0964	0.1688	0.1506	0.0182	0.1460	0.0679	0.0782	0.0532	0.0578	0.0000	0.1089	0.1056	0.0000	0.0000	0.0000	0.0000	0.0179	0.0189	0.0158	0.0243	0.0266	0.0047	0.0106	0.0017	0.0184
84	131	0.3906	6	1	0	1	0	0	0	0	0	N	N	N	N	N	N	N	N	N	N	N	N	0.0001	0.0001	0.0002	0.0001	0.0001	0.0023	0.0001	0.0044	0.0002	0.0001	0.0001	0.0005	0.0001	0.0001	0.0000	0.0002	0.0001	0.0006	1.1941	0.6819	2.3063	0.8945	1.0191	0.0099	1.5162	0.0177	2.8907	1.0005	1.5579	0.0000	0.0579	1.0052	9.1969	4.9545	13.4651	0.0000	0.0000	0.0000	0.0000	0.0000	0.0000	0.0000	0.0000	0.0000	0.3841	0.1502	0.2339	0.1491	0.1489	0.0002	0.2350	0.0013	0.2337	0.0758	0.0662	0.0096	0.0221	0.0208	0.0013	0.0537	0.0454	0.0083	0.3217	0.2202	0.1014	0.1666	0.1461	0.0206	0.1550	0.0742	0.0809	0.0001	0.0001	0.0002	0.0001	0.0001	0.0023	0.0001	0.0044	0.0002	1.1941	0.6819	2.3063	0.8945	1.0191	0.0099	1.5162	0.0177	2.8907
84	132	0.2041	8	2	1	1	1	0	0	0	0	Y	N	N	N	N	N	N	N	N	N	N	N	0.0000	0.0000	0.0000	0.0000	0.0000	0.0000	0.0000	0.0000	0.0000	0.0000	0.0000	0.0000	0.0000	0.0000	0.0000	0.0000	0.0000	0.0000	0.0000	0.0000	0.0000	0.0000	0.0000	0.0000	-0.0000	1.0052	1.0000	4.9545	3.0001	0.0000	0.0000	0.0000	0.0000	0.0000	0.0000	0.0000	0.0000	0.0000	0.0000	0.0000	0.0000	0.0000	0.0000	0.0000	0.0000	0.0000	0.0000	0.0070	0.0059	0.0011	0.0005	0.0005	0.0000	0.0065	0.0055	0.0011	0.0370	0.0219	0.0152	0.0102	0.0088	0.0014	0.0268	0.0131	0.0137	0.0000	0.0000	0.0000	0.0000	0.0000	0.0000	0.0000	0.0000	0.0000	0.0000	0.0000	0.0000	0.0000	0.0000	0.0000	0.0000	0.0000	0.0000						
84	133	0.6030	12	2	1	1	1	0	0	0	0	Y	N	N	N	N	N	N	N	N	N	N	N	0.0000	0.0000	0.0000	0.0000	0.0000	0.0000	0.0000	0.0000	0.0000	0.0000	0.0000	0.0000	0.0000	0.0000	0.0000	0.0013	0.0000	0.0041	0.0024	0.0000	0.0139	0.0000	0.0000	0.0000	1040.1596	0.0000	0.0000	1.0052	0.0006	4.9545	1.9797	0.0000	0.0000	0.0000	0.0000	0.0000	0.0000	0.0000	0.0000	0.0000	0.0000	0.0000	0.0000	0.0000	0.0000	0.0000	0.0000	0.0000	0.0000	0.0000	0.0000	0.0000	0.0000	0.0000	0.0000	0.0000	0.0000	0.0000	0.0146	0.0099	0.0047	0.0081	0.0067	0.0014	0.0065	0.0032	0.0033	0.0000	0.0000	0.0000	0.0000	0.0000	0.0000	0.0000	0.0000	0.0000	0.0013	0.0000	0.0041	0.0024	0.0000	0.0139	0.0000	0.0000	0.0000				
84	134	0.5862	11	2	1	1	1	0	0	0	0	Y	N	N	N	N	N	N	N	N	N	N	N	0.0000	0.0000	0.0000	0.0000	0.0000	0.0000	0.0000	0.0000	0.0000	0.0000	0.0000	0.0000	0.0000	0.0000	0.0000	0.0000	0.0000	0.0019	0.0028	0.0001	0.0035	0.0043	0.0001	0.0000	0.0000	0.0000	0.0089	0.0000	-0.0000	1.0052	2.0077	4.9545	6.0321	0.0000	0.0000	0.0000	0.0000	0.0000	0.0000	0.0000	0.0000	0.0000	0.0001	0.0001	0.0000	0.0001	0.0001	0.0000	0.0000	0.0000	0.0000	0.0137	0.0119	0.0018	0.0044	0.0041	0.0003	0.0093	0.0078	0.0015	0.0536	0.0357	0.0179	0.0292	0.0237	0.0055	0.0244	0.0120	0.0124	0.0000	0.0000	0.0000	0.0000	0.0000	0.0000	0.0000	0.0000	0.0000	0.0019	0.0028	0.0001	0.0035	0.0043	0.0001	0.0000	0.0000	0.0000		
84	135	0.5815	11	1	1	1	1	0	0	0	0	N	N	N	N	N	N	N	N	N	N	N	N	0.0003	0.2251	0.0000	1.1012	1.0073	0.0000	0.0000	0.0001	0.0000	0.0001	0.0001	0.0000	0.0003	0.0004	0.0000	0.0000	0.0000	0.0000	0.3754	0.0005	0.9998	0.0003	0.0004	0.0000	0.8154	0.0010	1.2958	0.0000	1099.2093	-0.0000	0.0235	1.0052	3.0348	4.9545	9.3583	0.0000	0.0000	0.0000	0.0000	0.0000	0.0000	0.0000	0.0000	0.0000	0.0434	0.0000	0.0434	0.0000	0.0000	0.0000	0.0434	0.0000	0.0434	0.0210	0.0181	0.0029	0.0064	0.0059	0.0005	0.0146	0.0122	0.0024	0.1157	0.0723	0.0434	0.0625	0.0526	0.0099	0.0533	0.0198	0.0335	0.0003	0.2251	0.0000	1.1012	1.0073	0.0000	0.0000	0.0001	0.0000	0.3754	0.0005	0.9998	0.0003	0.0004	0.0000	0.8154	0.0010	1.2958
84	136	0.5671	10	1	0	1	1	0	0	0	0	N	N	N	N	N	N	N	N	N	N	N	N	0.0248	752.9145	0.0002	1592.6121	1365.5262	65.5489	0.0002	55.9937	0.0002	0.8073	0.9418	0.0281	2.3973	2.5492	0.0011	0.0095	0.0041	0.0324	32.5704	0.0013	151.1792	0.0015	0.0019	0.0000	40.9629	0.0001	206.2150	0.0052	22806.6691	-0.0001	0.4805	1.0052	0.0433	4.9545	6.6805	0.0003	0.0003	0.0000	0.0003	0.0003	0.0000	0.0000	0.0000	0.0000	0.8873	0.0000	0.8872	0.0000	0.0000	0.0000	0.8872	0.0000	0.8872	0.0003	0.0003	0.0001	0.0001	0.0001	0.0000	0.0002	0.0002	0.0000	0.0470	0.0311	0.0159	0.0254	0.0204	0.0050	0.0217	0.0107	0.0110	0.0428	752.9145	0.0005	1592.6121	1365.5262	65.5489	0.0002	55.9937	0.0004	18.8629	0.0013	55.6707	0.0015	0.0019	0.0000	40.9629	0.0001	80.8287
84	137	0.2337	10	1	1	1	1	0	0	0	0	N	N	N	N	N	N	N	N	N	N	N	N	0.0000	0.0000	0.0000	0.0000	0.0000	0.0000	0.0000	0.0000	0.0000	0.0000	0.0000	0.0000	0.0000	0.0000	0.0000	0.0000	0.0000	0.0000	0.0000	0.0000	1.0052	0.0000	4.9545	0.0000	0.0000	0.0000	0.0000	0.0000	0.0000	0.0000	0.0000	0.0000	0.0000	0.0000	0.0000	0.0000	0.0000	0.0000	0.0000	0.0000	0.0000	0.0000	0.0000	0.0000	0.0000	0.0000	0.0000	0.0000	0.0000	0.0000	0.0000	0.0000	0.0000	0.0000	0.0000	0.0000	0.0000	0.0000	0.0000	0.0000	0.0000	0.0000	0.0000	0.0000	0.0000	0.0000	0.0000	0.0000	0.0000	0.0000	0.0000	0.0000	0.0000	0.0000	0.0000	0.0000	0.0000	0.0000											
84	138	0.2286	9	1	1	1	1	0	0	0	0	N	N	N	N	N	N	N	N	N	N	N	N	0.0000	0.0000	0.0000	0.0000	0.0000	0.0000	0.0000	0.0000	0.0000	0.0000	0.0000	0.0000	0.0000	0.0201	0.0000	0.0495	0.0000	0.0000	0.0000	0.0293	0.0000	0.0548	inf	0.0000	0.0002	1.0052	0.0021	4.9545	2.0000	0.0000	0.0000	0.0000	0.0000	0.0000	0.0000	0.0000	0.0000	0.0000	0.0004	0.0000	0.0004	0.0000	0.0000	0.0000	0.0004	0.0000	0.0004	0.0000	0.0000	0.0000	0.0000	0.0000	0.0000	0.0000	0.0000	0.0000	0.0193	0.0115	0.0079	0.0061	0.0053	0.0008	0.0133	0.0062	0.0071	0.0000	0.0000	0.0000	0.0000	0.0000	0.0000	0.0000	0.0000	0.0000	0.0201	0.0000	0.0495	0.0000	0.0000	0.0000	0.0293	0.0000	0.0548						
84	139	0.2184	8	1	0	1	1	0	0	0	0	N	N	N	N	N	N	N	N	N	N	N	N	0.0000	0.0000	0.0000	0.0000	0.0000	0.0000	0.0000	0.0000	0.0000	0.0000	0.0000	0.0000	0.0000	0.0000	0.0000	0.0000	36.9724	0.0001	186.7083	0.0003	0.0003	0.0000	34.3313	0.0000	146.3671	278287.5809	0.0000	0.4891	1.0052	1.0020	4.9545	3.0181	0.0000	0.0000	0.0000	0.0000	0.0000	0.0000	0.0000	0.0000	0.0000	0.9029	0.0000	0.9029	0.0000	0.0000	0.0000	0.9029	0.0000	0.9029	0.0070	0.0059	0.0011	0.0005	0.0005	0.0000	0.0065	0.0055	0.0011	0.0374	0.0222	0.0152	0.0111	0.0095	0.0015	0.0263	0.0127	0.0136	0.0000	0.0000	0.0000	0.0000	0.0000	0.0000	0.0000	0.0000	0.0000	24.1641	0.0001	59.5968	0.0003	0.0003	0.0000	34.3313	0.0000	66.2550			
84	140	0.2041	8	1	1	1	0	0	0	0	0	N	N	N	N	N	N	N	N	N	N	N	N	0.0000	0.0000	0.0000	0.0000	0.0000	0.0000	0.0000	0.0000	0.0000	0.0000	0.0000	0.0000	0.0000	0.0000	0.0000	0.0000	0.0000	0.0000	0.0000	0.0000	0.0000	0.0000	0.0000	0.0000	-0.0000	1.0052	0.0000	4.9545	4.0001	0.0000	0.0000	0.0000	0.0000	0.0000	0.0000	0.0000	0.0000	0.0000	0.0000	0.0000	0.0000	0.0000	0.0000	0.0000	0.0000	0.0000	0.0000	0.0000	0.0000	0.0000	0.0000	0.0000	0.0000	0.0000	0.0000	0.0000	0.0370	0.0219	0.0152	0.0102	0.0088	0.0014	0.0268	0.0131	0.0137	0.0000	0.0000	0.0000	0.0000	0.0000	0.0000	0.0000	0.0000	0.0000	0.0000	0.0000	0.0000	0.0000	0.0000	0.0000	0.0000	0.0000	0.0000						
84	141	0.5817	10	1	1	1	0	0	0	0	0	N	N	N	N	N	N	N	N	N	N	N	N	0.0000	0.0000	0.0000	0.0000	0.0000	0.0000	0.0000	0.0000	0.0000	0.0000	0.0000	0.0000	0.0000	0.0000	0.0000	0.0000	0.0000	0.0000	0.0004	0.0007	0.0000	0.0008	0.0010	0.0000	0.0000	0.0000	0.0000	0.0054	0.0000	-0.0000	1.0052	1.0003	4.9545	5.0186	0.0000	0.0000	0.0000	0.0000	0.0000	0.0000	0.0000	0.0000	0.0000	0.0000	0.0000	0.0000	0.0000	0.0000	0.0000	0.0000	0.0000	0.0000	0.0068	0.0059	0.0009	0.0022	0.0020	0.0002	0.0046	0.0039	0.0007	0.0409	0.0272	0.0136	0.0223	0.0181	0.0042	0.0186	0.0092	0.0095	0.0000	0.0000	0.0000	0.0000	0.0000	0.0000	0.0000	0.0000	0.0000	0.0004	0.0007	0.0000	0.0008	0.0010	0.0000	0.0000	0.0000	0.0000	
84	142	0.2184	8	1	0	2	1	0	0	0	0	N	N	Y	N	N	N	N	N	N	N	N	N	0.0000	0.0000	0.0000	0.0000	0.0000	0.0000	0.0000	0.0000	0.0000	0.0000	0.0000	0.0000	0.0000	0.0080	0.0135	0.0000	0.0273	0.0317	0.0000	0.0000	0.0000	0.0000	0.0000	0.0000	-0.0003	1.0052	0.0001	4.9545	9.0026	0.0000	0.0000	0.0000	0.0000	0.0000	0.0000	0.0000	0.0000	0.0000	0.0007	0.0007	0.0000	0.0007	0.0007	0.0000	0.0000	0.0000	0.0000	0.0000	0.0000	0.0000	0.0000	0.0000	0.0000	0.0000	0.0000	0.0000	0.0816	0.0486	0.0330	0.0240	0.0207	0.0033	0.0576	0.0279	0.0297	0.0000	0.0000	0.0000	0.0000	0.0000	0.0000	0.0000	0.0000	0.0000	0.0080	0.0135	0.0000	0.0273	0.0317	0.0000	0.0000	0.0000	0.0000						
84	143	0.5671	10	1	0	2	1	0	0	0	0	N	N	Y	N	N	N	N	N	N	N	N	N	2049.4735	1565.7969	0.0000	16818.5484	14620.6429	0.0000	0.0000	0.0000	0.0000	73.5625	85.1315	0.0000	244.7507	264.8740	0.0000	0.0000	0.0000	0.0000	0.0359	0.0544	0.0000	0.0146	0.0181	0.0000	0.0608	0.1234	0.0000	0.0000	0.0000	-0.4408	-0.0011	1.0052	2.0061	4.9545	8.0425	0.9993	0.9993	0.0000	0.9993	0.9993	0.0000	0.0000	0.0000	0.0000	0.0025	0.0025	0.0000	0.0005	0.0005	0.0000	0.0019	0.0019	0.0000	0.0136	0.0117	0.0018	0.0041	0.0038	0.0003	0.0095	0.0080	0.0015	0.0688	0.0454	0.0234	0.0371	0.0298	0.0073	0.0317	0.0156	0.0161	2049.4735	1565.7969	0.0000	16818.5484	14620.6429	0.0000	0.0000	0.0000	0.0000	0.0359	0.0544	0.0000	0.0146	0.0181	0.0000	0.0608	0.1234	0.0000
84	144	0.5581	9	1	0	1	1	0	0	0	0	N	N	N	N	N	N	N	N	N	N	N	N	1.9796	18.7525	0.0000	34.8853	33.5430	0.0000	0.0000	0.0000	0.0000	0.0197	0.0229	0.0000	0.0560	0.0617	0.0000	0.0000	0.0000	0.0000	0.0100	0.0012	0.0318	0.0016	0.0018	0.0000	0.0191	0.0001	0.0416	0.0000	10.4406	-0.0001	0.0002	1.0052	1.9550	4.9545	2.1189	0.0003	0.0003	0.0000	0.0003	0.0003	0.0000	0.0000	0.0000	0.0000	0.0004	0.0000	0.0004	0.0000	0.0000	0.0000	0.0004	0.0000	0.0004	0.0142	0.0122	0.0020	0.0050	0.0045	0.0005	0.0092	0.0077	0.0015	0.0438	0.0313	0.0125	0.0229	0.0199	0.0030	0.0209	0.0114	0.0096	1.9796	18.7525	0.0000	34.8853	33.5430	0.0000	0.0000	0.0000	0.0000	0.0100	0.0012	0.0318	0.0016	0.0018	0.0000	0.0191	0.0001	0.0416
84	145	0.5581	9	1	0	2	1	0	0	0	0	N	N	Y	N	N	N	N	N	N	N	N	N	0.0000	0.0000	0.0000	0.0000	0.0000	0.0000	0.0000	0.0000	0.0000	0.0000	0.0000	0.0000	0.0000	0.0000	0.0000	0.0000	0.0000	0.0000	0.0671	0.0995	0.0006	0.1268	0.1538	0.0000	0.0017	0.0025	0.0008	0.0029	0.0000	-0.0045	1.0052	2.1261	4.9545	18.6477	0.0000	0.0000	0.0000	0.0000	0.0000	0.0000	0.0000	0.0000	0.0000	0.0100	0.0099	0.0000	0.0099	0.0099	0.0000	0.0001	0.0001	0.0000	0.0154	0.0132	0.0021	0.0054	0.0049	0.0005	0.0100	0.0084	0.0016	0.1486	0.0999	0.0486	0.0777	0.0641	0.0136	0.0709	0.0359	0.0350	0.0000	0.0000	0.0000	0.0000	0.0000	0.0000	0.0000	0.0000	0.0000	0.0671	0.0995	0.0006	0.1268	0.1538	0.0000	0.0017	0.0025	0.0008	
84	146	0.2184	8	1	0	2	1	0	0	0	0	N	N	Y	N	N	N	N	N	N	N	N	N	0.0000	0.0000	0.0000	0.0000	0.0000	0.0000	0.0000	0.0000	0.0000	0.0000	0.0000	0.0000	0.0000	0.0000	0.0000	0.0000	0.3801	0.0146	0.9173	0.0295	0.0343	0.0000	0.5265	0.0000	1.0200	42.6968	0.0000	0.0143	1.0052	2.0001	4.9545	5.9880	0.0000	0.0000	0.0000	0.0000	0.0000	0.0000	0.0000	0.0000	0.0000	0.0276	0.0006	0.0270	0.0006	0.0006	0.0000	0.0270	0.0000	0.0270	0.0139	0.0118	0.0022	0.0010	0.0009	0.0001	0.0129	0.0108	0.0021	0.0727	0.0433	0.0295	0.0214	0.0185	0.0030	0.0513	0.0248	0.0265	0.0000	0.0000	0.0000	0.0000	0.0000	0.0000	0.0000	0.0000	0.0000	0.3801	0.0146	0.9173	0.0295	0.0343	0.0000	0.5265	0.0000	1.0200			
84	147	0.2184	8	1	0	2	1	0	0	0	0	N	N	Y	N	N	N	N	N	N	N	N	N	0.0000	0.0000	0.0000	0.0000	0.0000	0.0000	0.0000	0.0000	0.0000	0.0000	0.0000	0.0000	0.0000	0.0000	0.0000	0.0000	0.0000	0.0000	0.0345	0.0048	0.0784	0.0149	0.0109	0.0397	0.0424	0.0004	0.0827	11.0223	0.0000	0.0042	1.0052	9.0001	4.9545	23.0169	0.0000	0.0000	0.0000	0.0000	0.0000	0.0000	0.0000	0.0000	0.0000	0.0091	0.0008	0.0083	0.0011	0.0007	0.0004	0.0080	0.0000	0.0079	0.0607	0.0514	0.0093	0.0044	0.0041	0.0003	0.0563	0.0473	0.0090	0.2635	0.1573	0.1062	0.0762	0.0657	0.0106	0.1873	0.0917	0.0957	0.0000	0.0000	0.0000	0.0000	0.0000	0.0000	0.0000	0.0000	0.0000	0.0345	0.0048	0.0784	0.0149	0.0109	0.0397	0.0424	0.0004	0.0827	
84	148	0.1931	7	1	0	1	1	0	0	0	0	N	N	N	N	N	N	N	N	N	N	N	N	0.0347	0.0000	0.0999	0.0279	0.0000	3.2532	0.0290	0.0000	0.0914	0.0003	0.0000	0.0017	0.0001	0.0000	0.0012	0.0003	0.0000	0.0017	0.0076	0.0013	0.0169	0.0027	0.0030	0.0004	0.0095	0.0000	0.0186	inf	8.9771	0.0000	0.0003	1.0052	1.9990	4.9545	7.9526	0.0000	0.0000	0.0000	0.0000	0.0000	0.0000	0.0000	0.0000	0.0000	0.0007	0.0001	0.0007	0.0001	0.0001	0.0000	0.0007	0.0000	0.0007	0.0140	0.0118	0.0022	0.0010	0.0009	0.0001	0.0130	0.0109	0.0021	0.0965	0.0576	0.0389	0.0279	0.0243	0.0037	0.0686	0.0333	0.0352	0.0347	0.0000	0.0999	0.0279	0.0000	3.2532	0.0290	0.0000	0.0914	0.0076	0.0013	0.0169	0.0027	0.0030	0.0004	0.0095	0.0000	0.0186
84	149	0.1612	6	2	1	1	0	0	0	0	0	Y	N	N	N	N	N	N	N	N	N	N	N	0.4986	0.0000	291.6840	0.4722	0.0000	22.7337	0.4321	0.0000	371.8456	0.0478	0.0000	0.2575	0.0015	0.0000	0.0584	0.0578	0.0000	0.2627	0.0959	0.1555	0.0009	0.0033	0.0034	0.0026	0.1338	0.2626	0.0007	inf	0.0036	0.0013	-0.0096	1.0052	5.3497	4.9545	17.2225	0.0023	0.0000	0.0023	0.0000	0.0000	0.0000	0.0022	0.0000	0.0022	0.0211	0.0210	0.0001	0.0002	0.0002	0.0000	0.0209	0.0209	0.0001	0.0473	0.0385	0.0088	0.0084	0.0082	0.0002	0.0389	0.0303	0.0086	0.2203	0.1354	0.0850	0.0640	0.0560	0.0081	0.1563	0.0794	0.0769	0.4986	0.0000	291.6840	0.4722	0.0000	22.7337	0.4321	0.0000	371.8456	0.0959	0.1555	0.0009	0.0033	0.0034	0.0026	0.1338	0.2626	0.0007
84	150	0.1920	7	1	1	1	0	0	0	0	0	N	N	N	N	N	N	N	N	N	N	N	N	1.1559	1.3315	0.0014	1.8489	1.7967	0.0000	0.0013	1.8673	0.0015	0.0436	0.0525	0.0000	0.1483	0.1551	0.0000	0.0000	0.0000	0.0001	0.0377	0.0394	0.0348	0.0802	0.0863	0.0285	0.0176	0.0000	0.0355	0.0002	0.5216	-0.0008	-0.0010	1.0052	3.6794	4.9545	17.4287	0.0019	0.0019	0.0000	0.0019	0.0019	0.0000	0.0000	0.0000	0.0000	0.0084	0.0055	0.0029	0.0057	0.0055	0.0002	0.0027	0.0000	0.0027	0.0441	0.0366	0.0075	0.0130	0.0124	0.0006	0.0311	0.0242	0.0069	0.2214	0.1392	0.0822	0.0711	0.0636	0.0075	0.1503	0.0756	0.0747	1.1559	1.3315	0.0014	1.8489	1.7967	0.0000	0.0013	1.8673	0.0015	0.0377	0.0394	0.0348	0.0802	0.0863	0.0285	0.0176	0.0000	0.0355
84	151	0.1612	6	1	1	1	0	0	0	0	0	N	N	N	N	N	N	N	N	N	N	N	N	3.6018	21.8413	1.7130	82.3833	77.5956	21.5063	0.8446	0.9442	1.5832	0.0881	0.0846	0.1020	0.3063	0.3119	0.0275	0.0285	0.0036	0.1036	0.0245	0.0039	0.0595	0.0037	0.0040	0.0013	0.0337	0.0038	0.0654	0.3012	9.0182	-0.0006	0.0016	1.0052	3.4464	4.9545	10.1316	0.0031	0.0023	0.0007	0.0023	0.0023	0.0000	0.0008	0.0001	0.0007	0.0037	0.0004	0.0033	0.0002	0.0002	0.0000	0.0035	0.0002	0.0033	0.0347	0.0277	0.0069	0.0074	0.0073	0.0001	0.0272	0.0204	0.0068	0.1495	0.0942	0.0553	0.0462	0.0411	0.0051	0.1033	0.0531	0.0502	3.6018	21.8413	1.7130	82.3833	77.5956	21.5063	0.8446	0.9442	1.5832	0.0245	0.0039	0.0595	0.0037	0.0040	0.0013	0.0337	0.0038	0.0654
84	152	0.5885	12	2	1	1	0	0	0	0	0	Y	N	N	N	N	N	N	N	N	N	N	N	0.0000	0.0000	0.0000	0.0000	0.0000	0.0000	0.0000	0.0000	0.0000	0.0000	0.0000	0.0000	0.0000	0.0000	0.0000	0.0000	0.0000	15.7882	0.0002	84.3753	0.0002	0.0000	0.0013	22.9990	0.0005	108.5773	90307.7304	0.0000	0.4890	1.0052	1.0143	4.9545	12.0086	0.0000	0.0000	0.0000	0.0000	0.0000	0.0000	0.0000	0.0000	0.0000	0.9029	0.0000	0.9028	0.0000	0.0000	0.0000	0.9028	0.0000	0.9028	0.0071	0.0061	0.0009	0.0023	0.0021	0.0002	0.0047	0.0040	0.0008	0.0856	0.0569	0.0287	0.0463	0.0376	0.0087	0.0393	0.0193	0.0200	0.0000	0.0000	0.0000	0.0000	0.0000	0.0000	0.0000	0.0000	0.0000	10.5483	0.0002	31.4334	0.0002	0.0000	0.0013	22.9990	0.0005	45.1395		
84	153	0.5862	11	2	1	1	0	0	0	0	0	Y	N	N	N	N	N	N	N	N	N	N	N	0.0000	0.0000	0.0000	0.0000	0.0000	0.0000	0.0000	0.0000	0.0000	0.0000	0.0000	0.0000	0.0000	0.0000	0.0000	0.0000	0.0000	0.0000	0.1779	0.0221	0.4881	0.0269	0.0331	0.0001	0.3597	0.0000	0.7020	11.0903	0.0000	0.0006	1.0052	0.9811	4.9545	0.0216	0.0000	0.0000	0.0000	0.0000	0.0000	0.0000	0.0000	0.0000	0.0000	0.0012	0.0001	0.0011	0.0001	0.0001	0.0000	0.0011	0.0000	0.0011	0.0067	0.0058	0.0009	0.0022	0.0020	0.0002	0.0046	0.0038	0.0007	0.0070	0.0046	0.0023	0.0038	0.0031	0.0007	0.0032	0.0015	0.0016	0.0000	0.0000	0.0000	0.0000	0.0000	0.0000	0.0000	0.0000	0.0000	0.1779	0.0221	0.4881	0.0269	0.0331	0.0001	0.3597	0.0000	0.7020	
84	154	0.5817	10	2	1	1	0	0	0	0	0	Y	N	N	N	N	N	N	N	N	N	N	N	0.0000	0.0000	0.0000	0.0000	0.0000	0.0000	0.0000	0.0000	0.0000	0.0000	0.0000	0.0000	0.0000	0.0000	0.0000	0.0000	0.0000	0.0000	0.0071	0.0020	0.0173	0.0024	0.0030	0.0000	0.0126	0.0000	0.0247	4.3379	0.0000	0.0000	1.0052	0.0083	4.9545	2.0001	0.0000	0.0000	0.0000	0.0000	0.0000	0.0000	0.0000	0.0000	0.0000	0.0001	0.0000	0.0001	0.0000	0.0000	0.0000	0.0001	0.0000	0.0001	0.0001	0.0001	0.0000	0.0000	0.0000	0.0000	0.0000	0.0000	0.0000	0.0142	0.0095	0.0047	0.0077	0.0063	0.0014	0.0065	0.0032	0.0033	0.0000	0.0000	0.0000	0.0000	0.0000	0.0000	0.0000	0.0000	0.0000	0.0071	0.0020	0.0173	0.0024	0.0030	0.0000	0.0126	0.0000	0.0247	
84	155	0.5581	9	1	1	1	0	0	0	0	0	N	N	N	N	N	N	N	N	N	N	N	N	0.0000	0.0000	0.0000	0.0000	0.0000	0.0000	0.0000	0.0000	0.0000	0.0000	0.0000	0.0000	0.0000	0.0000	0.0000	0.0000	0.0000	0.0000	0.0020	0.0016	0.0028	0.0027	0.0025	0.0038	0.0012	0.0001	0.0024	0.7819	0.0000	-0.0000	1.0052	2.9180	4.9545	7.4065	0.0000	0.0000	0.0000	0.0000	0.0000	0.0000	0.0000	0.0000	0.0000	0.0002	0.0001	0.0001	0.0001	0.0001	0.0000	0.0000	0.0000	0.0000	0.0206	0.0178	0.0028	0.0070	0.0064	0.0006	0.0136	0.0114	0.0022	0.0846	0.0580	0.0266	0.0444	0.0372	0.0072	0.0402	0.0208	0.0194	0.0000	0.0000	0.0000	0.0000	0.0000	0.0000	0.0000	0.0000	0.0000	0.0020	0.0016	0.0028	0.0027	0.0025	0.0038	0.0012	0.0001	0.0024	
84	156	0.4922	8	1	0	1	0	0	0	0	0	N	N	N	N	N	N	N	N	N	N	N	N	0.0013	0.0793	0.0000	0.1058	0.1284	0.0000	0.0000	0.0011	0.0000	0.0005	0.0006	0.0000	0.0012	0.0014	0.0000	0.0000	0.0000	0.0000	0.4072	0.0077	1.2433	0.0116	0.0105	0.0173	0.8677	0.0018	1.6667	0.0000	77.5411	-0.0000	0.0552	1.0052	8.2479	4.9545	19.7214	0.0000	0.0000	0.0000	0.0000	0.0000	0.0000	0.0000	0.0000	0.0000	0.1044	0.0013	0.1031	0.0016	0.0012	0.0004	0.1028	0.0001	0.1027	0.0877	0.0765	0.0112	0.0379	0.0343	0.0036	0.0497	0.0422	0.0076	0.2565	0.1735	0.0829	0.1379	0.1167	0.0213	0.1185	0.0569	0.0616	0.0013	0.0793	0.0000	0.1058	0.1284	0.0000	0.0000	0.0011	0.0000	0.4072	0.0077	1.2433	0.0116	0.0105	0.0173	0.8677	0.0018	1.6667
84	157	0.4561	7	1	0	1	0	0	0	0	0	N	N	N	N	N	N	N	N	N	N	N	N	0.0003	0.0040	0.0000	0.0082	0.0079	0.0004	0.0000	0.0000	0.0000	0.0007	0.0008	0.0000	0.0021	0.0023	0.0000	0.0000	0.0000	0.0000	2.4325	0.2058	8.4900	0.2568	0.2914	0.0654	5.1675	0.0066	11.5303	0.0013	16.5297	-0.0000	0.3175	1.0052	7.4725	4.9545	14.3153	0.0000	0.0000	0.0000	0.0000	0.0000	0.0000	0.0000	0.0000	0.0000	0.6552	0.0374	0.6178	0.0385	0.0370	0.0015	0.6167	0.0004	0.6163	0.0614	0.0533	0.0081	0.0207	0.0189	0.0018	0.0407	0.0344	0.0063	0.2694	0.1816	0.0877	0.1500	0.1270	0.0230	0.1193	0.0546	0.0648	0.0003	0.0040	0.0000	0.0082	0.0079	0.0004	0.0000	0.0000	0.0000	2.4325	0.2058	7.0420	0.2568	0.2914	0.0654	5.1675	0.0066	9.5174
84	158	0.3906	6	1	0	1	0	0	0	0	0	N	N	N	N	N	N	N	N	N	N	N	N	0.0000	0.0000	0.0000	0.0001	0.0001	0.0000	0.0000	0.0001	0.0000	0.0000	0.0000	0.0000	0.0001	0.0001	0.0000	0.0000	0.0000	0.0000	1.0009	0.5687	1.9118	0.7482	0.8635	0.0067	1.2651	0.0155	2.4296	0.0003	1.5952	-0.0000	0.0579	1.0052	11.6653	4.9545	19.4910	0.0000	0.0000	0.0000	0.0000	0.0000	0.0000	0.0000	0.0000	0.0000	0.3702	0.1426	0.2276	0.1415	0.1413	0.0002	0.2287	0.0014	0.2274	0.0907	0.0791	0.0116	0.0252	0.0237	0.0015	0.0655	0.0554	0.0101	0.3699	0.2508	0.1190	0.1891	0.1636	0.0254	0.1808	0.0872	0.0936	0.0000	0.0000	0.0000	0.0001	0.0001	0.0000	0.0000	0.0001	0.0000	1.0009	0.5687	1.9118	0.7482	0.8635	0.0067	1.2651	0.0155	2.4296
84	159	0.3433	5	1	0	1	0	0	0	0	0	N	N	N	N	N	N	N	N	N	N	N	N	0.0046	0.0143	0.0000	0.0065	0.0061	0.0002	0.0036	0.6026	0.0000	0.0030	0.0034	0.0001	0.0020	0.0021	0.0000	0.0036	0.0042	0.0001	0.6410	0.2365	1.4518	0.3048	0.3496	0.0114	0.9981	0.0070	1.8232	0.0026	3.0629	-0.0001	0.0714	1.0052	7.3933	4.9545	20.5306	0.0002	0.0002	0.0000	0.0001	0.0001	0.0000	0.0002	0.0002	0.0000	0.2416	0.0595	0.1821	0.0592	0.0589	0.0003	0.1824	0.0006	0.1818	0.0726	0.0636	0.0090	0.0273	0.0254	0.0019	0.0453	0.0383	0.0071	0.3769	0.2514	0.1254	0.1941	0.1684	0.0257	0.1827	0.0830	0.0997	0.0046	0.0143	0.0000	0.0065	0.0061	0.0002	0.0036	0.6026	0.0000	0.6410	0.2365	1.4518	0.3048	0.3496	0.0114	0.9981	0.0070	1.8232
84	160	0.1071	4	1	0	1	0	0	0	0	0	N	N	N	N	N	N	N	N	N	N	N	N	46.0232	160.7812	0.0002	0.0001	0.0001	0.0020	39.2629	146.1050	0.0002	6.1580	7.2244	0.0000	0.0000	0.0000	0.0000	6.6272	7.8296	0.0000	0.1338	0.0449	0.2609	0.0251	0.0289	0.0034	0.1688	0.0536	0.2863	0.0000	4.0601	-0.4409	0.0254	1.0052	27.6416	4.9545	54.6365	0.9995	0.9995	0.0000	0.0000	0.0000	0.0000	0.9995	0.9995	0.0000	0.0738	0.0146	0.0592	0.0034	0.0033	0.0001	0.0704	0.0113	0.0591	0.1623	0.1383	0.0240	0.0115	0.0107	0.0008	0.1508	0.1277	0.0232	0.5513	0.3244	0.2269	0.1342	0.1139	0.0203	0.4171	0.2106	0.2065	46.0232	160.7812	0.0002	0.0001	0.0001	0.0020	39.2629	146.1050	0.0002	0.1338	0.0449	0.2609	0.0251	0.0289	0.0034	0.1688	0.0536	0.2863
84	161	0.2117	10	2	1	1	0	0	0	0	0	Y	N	N	N	N	N	N	N	N	N	N	N	0.0000	0.0000	0.0000	0.0000	0.0000	0.0000	0.0000	0.0000	0.0000	0.0000	0.0000	0.0000	0.0000	0.0000	0.0000	0.0000	0.0000	0.0000	0.0003	0.0005	0.0000	0.0012	0.0013	0.0000	0.0000	0.0000	0.0000	0.0026	0.0000	-0.0000	1.0052	0.0002	4.9545	3.0099	0.0000	0.0000	0.0000	0.0000	0.0000	0.0000	0.0000	0.0000	0.0000	0.0000	0.0000	0.0000	0.0000	0.0000	0.0000	0.0000	0.0000	0.0000	0.0000	0.0000	0.0000	0.0000	0.0000	0.0000	0.0000	0.0000	0.0000	0.0286	0.0170	0.0116	0.0081	0.0070	0.0011	0.0205	0.0100	0.0105	0.0000	0.0000	0.0000	0.0000	0.0000	0.0000	0.0000	0.0000	0.0000	0.0003	0.0005	0.0000	0.0012	0.0013	0.0000	0.0000	0.0000	0.0000	
84	162	0.2041	9	2	1	1	0	0	0	0	0	Y	N	N	N	N	N	N	N	N	N	N	N	0.0000	0.0000	0.0000	0.0000	0.0000	0.0000	0.0000	0.0000	0.0000	0.0000	0.0000	0.0000	0.0000	0.0000	0.0000	0.0000	0.0000	0.0000	0.0007	0.0006	0.0008	0.0014	0.0016	0.0007	0.0004	0.0000	0.0008	0.8475	0.0000	0.0000	1.0052	0.9998	4.9545	2.0118	0.0000	0.0000	0.0000	0.0000	0.0000	0.0000	0.0000	0.0000	0.0000	0.0000	0.0000	0.0000	0.0000	0.0000	0.0000	0.0000	0.0000	0.0000	0.0070	0.0059	0.0011	0.0005	0.0005	0.0000	0.0065	0.0055	0.0011	0.0280	0.0165	0.0115	0.0077	0.0067	0.0011	0.0203	0.0099	0.0104	0.0000	0.0000	0.0000	0.0000	0.0000	0.0000	0.0000	0.0000	0.0000	0.0007	0.0006	0.0008	0.0014	0.0016	0.0007	0.0004	0.0000	0.0008	
84	163	0.2041	8	2	1	1	0	0	0	0	0	Y	N	N	N	N	N	N	N	N	N	N	N	0.0000	0.0000	0.0000	0.0000	0.0000	0.0000	0.0000	0.0000	0.0000	0.0000	0.0000	0.0000	0.0000	0.0000	0.0000	0.0000	0.0000	0.0681	0.0297	0.1647	0.0581	0.0510	0.2719	0.0757	0.0000	0.1591	2.1992	0.0000	0.0000	1.0052	0.0000	4.9545	0.0003	0.0000	0.0000	0.0000	0.0000	0.0000	0.0000	0.0000	0.0000	0.0000	0.0000	0.0000	0.0000	0.0000	0.0000	0.0000	0.0000	0.0000	0.0000	0.0000	0.0000	0.0000	0.0000	0.0000	0.0000	0.0000	0.0000	0.0000	0.0000	0.0000	0.0000	0.0000	0.0000	0.0000	0.0000	0.0000	0.0000	0.0000	0.0000	0.0000	0.0000	0.0000	0.0000	0.0000	0.0000	0.0000	0.0681	0.0297	0.1647	0.0581	0.0510	0.2719	0.0757	0.0000	0.1591		
84	164	0.1931	7	1	1	1	0	0	0	0	0	N	N	N	N	N	N	N	N	N	N	N	N	20.1953	0.0000	114.0264	0.5201	0.0000	362.4835	68.9601	0.0000	108.9697	0.0281	0.0000	0.1316	0.0016	0.0000	0.2825	0.0427	0.0000	0.1302	0.0014	0.0015	0.0012	0.0031	0.0034	0.0008	0.0006	0.0000	0.0012	inf	0.4873	0.0000	-0.0000	1.0052	0.0063	4.9545	4.3641	0.0000	0.0000	0.0000	0.0000	0.0000	0.0000	0.0000	0.0000	0.0000	0.0001	0.0000	0.0000	0.0000	0.0000	0.0000	0.0000	0.0000	0.0000	0.0001	0.0001	0.0000	0.0000	0.0000	0.0000	0.0001	0.0001	0.0000	0.0472	0.0286	0.0187	0.0147	0.0129	0.0018	0.0325	0.0157	0.0168	20.1953	0.0000	114.0264	0.5201	0.0000	362.4835	68.9601	0.0000	108.9697	0.0014	0.0015	0.0012	0.0031	0.0034	0.0008	0.0006	0.0000	0.0012
84	165	0.1612	6	1	0	1	0	0	0	0	0	N	N	N	N	N	N	N	N	N	N	N	N	1.2267	0.0014	6.7579	0.0148	0.0020	2.5689	3.8144	0.0679	6.7243	0.0795	0.0001	0.3752	0.0022	0.0003	0.1172	0.1045	0.0000	0.3800	0.0648	0.0702	0.0555	0.1472	0.1594	0.0456	0.0274	0.0000	0.0565	1023.3674	0.4585	0.0013	-0.0013	1.0052	2.5207	4.9545	10.0226	0.0023	0.0000	0.0023	0.0000	0.0000	0.0000	0.0022	0.0000	0.0022	0.0091	0.0063	0.0029	0.0065	0.0063	0.0002	0.0027	0.0000	0.0027	0.0285	0.0224	0.0060	0.0070	0.0069	0.0001	0.0215	0.0156	0.0059	0.1410	0.0893	0.0517	0.0440	0.0393	0.0047	0.0970	0.0500	0.0470	1.2267	0.0014	6.7579	0.0148	0.0020	2.5689	3.8144	0.0679	6.7243	0.0648	0.0702	0.0555	0.1472	0.1594	0.0456	0.0274	0.0000	0.0565
84	166	0.1456	5	1	0	1	0	0	0	0	0	N	N	N	N	N	N	N	N	N	N	N	N	1.4350	0.1744	3.7868	0.3880	0.2790	2.6982	1.3631	0.4426	3.7897	0.1103	0.0016	0.7890	0.0071	0.0051	0.0509	0.1508	0.0000	0.8611	0.0769	0.0092	0.2083	0.0182	0.0181	0.0188	0.1106	0.0001	0.2272	78.4781	11.6134	0.0018	0.0038	1.0052	2.6894	4.9545	4.6619	0.0033	0.0000	0.0033	0.0001	0.0000	0.0000	0.0032	0.0000	0.0032	0.0083	0.0007	0.0076	0.0007	0.0007	0.0001	0.0076	0.0000	0.0076	0.0299	0.0258	0.0041	0.0084	0.0080	0.0004	0.0215	0.0177	0.0038	0.1078	0.0711	0.0366	0.0393	0.0360	0.0033	0.0684	0.0351	0.0333	1.4350	0.1744	3.7868	0.3880	0.2790	2.6982	1.3631	0.4426	3.7897	0.0769	0.0092	0.2083	0.0182	0.0181	0.0188	0.1106	0.0001	0.2272
84	167	0.1071	4	1	0	1	0	0	0	0	0	N	N	N	N	N	N	N	N	N	N	N	N	0.0753	0.0001	6.0020	0.0018	0.0000	2.1856	1.2636	0.0041	5.7822	0.0054	0.0000	0.0353	0.0004	0.0000	0.0058	0.0058	0.0000	0.0363	0.0720	0.1160	0.0059	0.2225	0.2586	0.0026	0.0046	0.0028	0.0063	596.9761	0.0337	0.0001	-0.0037	1.0052	2.7966	4.9545	8.5340	0.0001	0.0000	0.0001	0.0000	0.0000	0.0000	0.0001	0.0000	0.0001	0.0086	0.0084	0.0003	0.0083	0.0082	0.0000	0.0004	0.0001	0.0003	0.0184	0.0156	0.0028	0.0014	0.0013	0.0001	0.0171	0.0143	0.0027	0.1199	0.0720	0.0479	0.0371	0.0319	0.0052	0.0828	0.0401	0.0426	0.0753	0.0001	6.0020	0.0018	0.0000	2.1856	1.2636	0.0041	5.7822	0.0720	0.1160	0.0059	0.2225	0.2586	0.0026	0.0046	0.0028	0.0063
85	86	0.1872	4	2	1	1	0	0	0	0	0	Y	N	N	N	N	N	N	N	N	N	N	N	0.0001	0.0000	0.0037	0.0017	0.0000	9.9644	0.0000	0.0000	0.0003	0.0000	0.0000	0.0001	0.0001	0.0000	0.0043	0.0000	0.0000	0.0000	0.1567	0.2057	0.0350	0.0721	0.0829	0.0004	0.2181	0.3350	0.0431	189.5725	0.0684	0.0000	-0.0188	0.9968	5.8060	7.6169	6.1034	0.0000	0.0000	0.0000	0.0000	0.0000	0.0000	0.0000	0.0000	0.0000	0.0478	0.0447	0.0031	0.0092	0.0092	0.0000	0.0385	0.0355	0.0030	0.0477	0.0402	0.0075	0.0069	0.0067	0.0002	0.0408	0.0335	0.0073	0.3047	0.2173	0.0874	0.1282	0.1114	0.0167	0.1766	0.1059	0.0707	0.0001	0.0000	0.0037	0.0017	0.0000	9.9644	0.0000	0.0000	0.0003	0.1567	0.2057	0.0350	0.0721	0.0829	0.0004	0.2181	0.3350	0.0431
85	87	0.0933	3	2	1	1	0	0	0	0	0	Y	N	N	N	N	N	N	N	N	N	N	N	0.1613	0.0558	2.7829	0.0000	0.0000	0.0000	0.7956	0.4394	2.6438	0.0192	0.0096	0.0726	0.0000	0.0000	0.0000	0.0202	0.0101	0.0743	0.1193	0.1726	0.0261	0.3539	0.4146	0.0112	0.0253	0.0231	0.0281	1.3548	0.0865	0.0002	-0.0226	0.9968	12.2869	7.6169	21.7146	0.0015	0.0006	0.0008	0.0000	0.0000	0.0000	0.0015	0.0006	0.0008	0.0596	0.0549	0.0047	0.0506	0.0504	0.0002	0.0090	0.0045	0.0045	0.0755	0.0640	0.0115	0.0034	0.0032	0.0003	0.0720	0.0608	0.0112	0.4999	0.3180	0.1819	0.1430	0.1214	0.0215	0.3570	0.1965	0.1604	0.1613	0.0558	2.7829	0.0000	0.0000	0.0000	0.7956	0.4394	2.6438	0.1193	0.1726	0.0261	0.3539	0.4146	0.0112	0.0253	0.0231	0.0281
85	88	0.0420	2	1	1	1	0	0	0	0	0	N	N	N	N	N	N	N	N	N	N	N	N	0.0003	0.0300	0.0000	1.7175	1.9650	0.0000	0.0000	0.0000	0.0000	0.0004	0.0004	0.0000	0.0419	0.0437	0.0000	0.0000	0.0000	0.0000	1.3141	0.0140	3.0581	0.0244	0.0222	0.3250	1.9912	0.0018	3.0741	0.0000	162.8133	-0.0000	0.3402	0.9968	4.0005	7.6169	9.0093	0.0000	0.0000	0.0000	0.0000	0.0000	0.0000	0.0000	0.0000	0.0000	0.6353	0.0039	0.6314	0.0041	0.0037	0.0004	0.6312	0.0002	0.6310	0.0281	0.0237	0.0044	0.0002	0.0002	0.0000	0.0279	0.0235	0.0044	0.4834	0.2770	0.2065	0.1664	0.1652	0.0012	0.3170	0.1117	0.2053	0.0003	0.0300	0.0000	1.7175	1.9650	0.0000	0.0000	0.0000	0.0000	1.3141	0.0140	3.0581	0.0244	0.0222	0.3250	1.9912	0.0018	3.0741
85	90	0.2157	5	1	0	2	0	0	0	0	0	N	N	Y	N	N	N	N	N	N	N	N	N	10.3027	0.0026	24.2942	2.4105	0.0001	10.5498	8.6924	0.0064	24.9362	0.1810	0.0000	1.2947	0.0100	0.0000	0.1161	0.2459	0.0000	1.5344	0.0176	0.0025	0.0533	0.0041	0.0033	0.0110	0.0283	0.0014	0.0615	33147.3455	9.1963	0.0018	0.0013	0.9968	2.3559	7.6169	7.1930	0.0033	0.0000	0.0033	0.0000	0.0000	0.0000	0.0032	0.0000	0.0032	0.0030	0.0003	0.0027	0.0003	0.0002	0.0001	0.0027	0.0001	0.0026	0.0181	0.0156	0.0025	0.0050	0.0046	0.0004	0.0131	0.0110	0.0021	0.1694	0.1191	0.0504	0.0752	0.0670	0.0082	0.0942	0.0520	0.0422	10.3027	0.0026	24.2942	2.4105	0.0001	10.5498	8.6924	0.0064	24.9362	0.0176	0.0025	0.0533	0.0041	0.0033	0.0110	0.0283	0.0014	0.0615
85	91	0.1829	4	1	0	1	0	0	0	0	0	N	N	N	N	N	N	N	N	N	N	N	N	143.0254	0.2544	541.3870	2.7519	0.5451	27.5933	171.5375	0.0735	569.3742	14.8164	0.0143	119.5621	0.2356	0.0400	4.9822	20.9457	0.0020	131.5321	0.1036	0.0563	0.2208	0.0856	0.0734	0.1806	0.1221	0.0272	0.2310	1179.6209	1.5822	0.4508	0.0075	0.9968	4.9284	7.6169	11.0439	0.8079	0.0007	0.8072	0.0038	0.0006	0.0032	0.8041	0.0001	0.8040	0.0486	0.0188	0.0298	0.0204	0.0155	0.0049	0.0283	0.0034	0.0249	0.0545	0.0478	0.0068	0.0161	0.0155	0.0006	0.0384	0.0323	0.0061	0.4695	0.3346	0.1349	0.2381	0.2109	0.0272	0.2314	0.1237	0.1077	143.0254	0.2544	541.3870	2.7519	0.5451	27.5933	171.5375	0.0735	569.3742	0.1036	0.0563	0.2208	0.0856	0.0734	0.1806	0.1221	0.0272	0.2310
85	92	0.0933	3	1	0	1	0	0	0	0	0	N	N	N	N	N	N	N	N	N	N	N	N	5.2888	1.9320	12.6768	0.0000	0.0000	0.0000	4.2243	1.5483	12.1424	7.5001	0.1511	47.7009	0.0000	0.0000	0.0000	7.8632	0.1591	48.7702	1.4181	0.0782	3.7628	0.3186	0.0387	1.8914	1.8614	0.1028	4.0165	57.7164	27.4976	0.1017	0.3524	0.9968	3.9161	7.6169	29.2065	0.1878	0.0032	0.1846	0.0000	0.0000	0.0000	0.1878	0.0032	0.1846	0.6957	0.0244	0.6713	0.0449	0.0046	0.0403	0.6508	0.0198	0.6310	0.0250	0.0212	0.0039	0.0012	0.0011	0.0001	0.0239	0.0201	0.0038	0.4906	0.3122	0.1784	0.1410	0.1197	0.0213	0.3496	0.1925	0.1571	5.2888	1.9320	12.6768	0.0000	0.0000	0.0000	4.2243	1.5483	12.1424	1.4181	0.0782	3.7628	0.3186	0.0387	1.8914	1.8614	0.1028	4.0165
85	93	0.6339	9	2	1	1	0	0	0	0	0	Y	N	N	N	N	N	N	N	N	N	N	N	0.0007	0.0007	0.0000	0.0087	0.0082	0.0000	0.0000	0.0000	0.0000	0.0000	0.0000	0.0000	0.0001	0.0001	0.0000	0.0000	0.0000	0.0000	0.0466	0.0535	0.0321	0.0096	0.0109	0.0059	0.1333	0.1942	0.0659	0.0000	0.2889	-0.0000	-0.0014	0.9968	2.5103	7.6169	7.4742	0.0000	0.0000	0.0000	0.0000	0.0000	0.0000	0.0000	0.0000	0.0000	0.0058	0.0045	0.0013	0.0008	0.0007	0.0001	0.0049	0.0038	0.0012	0.0188	0.0165	0.0024	0.0078	0.0072	0.0005	0.0110	0.0092	0.0018	0.1243	0.0839	0.0404	0.0872	0.0644	0.0227	0.0371	0.0195	0.0176	0.0007	0.0007	0.0000	0.0087	0.0082	0.0000	0.0000	0.0000	0.0000	0.0466	0.0535	0.0321	0.0096	0.0109	0.0059	0.1333	0.1942	0.0659
85	94	0.5976	8	1	1	1	0	0	0	0	0	N	N	N	N	N	N	N	N	N	N	N	N	0.0004	0.0004	0.0000	0.0008	0.0007	0.0000	0.0000	0.0000	0.0000	0.0000	0.0000	0.0000	0.0000	0.0000	0.0000	0.0000	0.0000	0.0000	0.0263	0.0345	0.0081	0.0344	0.0434	0.0050	0.0077	0.0042	0.0115	0.0020	0.1045	-0.0000	-0.0016	0.9968	7.1305	7.6169	3.2426	0.0000	0.0000	0.0000	0.0000	0.0000	0.0000	0.0000	0.0000	0.0000	0.0044	0.0040	0.0004	0.0040	0.0038	0.0001	0.0004	0.0001	0.0003	0.0596	0.0526	0.0070	0.0227	0.0214	0.0012	0.0369	0.0312	0.0057	0.1659	0.1146	0.0512	0.1159	0.0886	0.0273	0.0500	0.0261	0.0240	0.0004	0.0004	0.0000	0.0008	0.0007	0.0000	0.0000	0.0000	0.0000	0.0263	0.0345	0.0081	0.0344	0.0434	0.0050	0.0077	0.0042	0.0115
85	96	0.0933	3	1	0	1	0	0	0	0	0	N	N	N	N	N	N	N	N	N	N	N	N	0.0000	0.0000	0.0000	0.0000	0.0000	0.0000	0.0000	0.0000	0.0000	0.0000	0.0000	0.0000	0.0000	0.0000	0.0000	0.0000	0.0000	0.0000	1.5155	0.0272	4.1298	0.3677	0.0682	2.0299	1.9870	0.0013	4.4231	86.4880	0.0000	0.3744	0.9968	11.9964	7.6169	18.8414	0.0000	0.0000	0.0000	0.0000	0.0000	0.0000	0.0000	0.0000	0.0000	0.7061	0.0081	0.6980	0.0499	0.0078	0.0420	0.6562	0.0002	0.6560	0.0738	0.0625	0.0113	0.0033	0.0031	0.0002	0.0704	0.0594	0.0110	0.4659	0.2969	0.1690	0.1356	0.1149	0.0207	0.3302	0.1819	0.1483	0.0000	0.0000	0.0000	0.0000	0.0000	0.0000	0.0000	0.0000	0.0000	1.5155	0.0272	4.1298	0.3677	0.0682	2.0299	1.9870	0.0013	4.4231	
85	98	0.0499	3	2	1	2	0	0	0	0	0	Y	N	Y	N	N	N	N	N	N	N	N	N	45.3034	34.1167	0.0000	30.4673	36.9999	0.0000	0.0000	0.0000	0.0000	117.1966	136.9810	0.0000	897.9375	932.5180	0.0000	0.0000	0.0000	0.0000	2.5869	4.0151	0.4282	29.4722	25.2033	0.0001	0.2166	0.0012	0.4368	0.0000	0.0705	-0.4163	-0.2897	0.9968	0.9502	7.6169	16.1595	0.9438	0.9438	0.0000	0.9438	0.9438	0.0000	0.0000	0.0000	0.0000	0.7382	0.6896	0.0486	0.6894	0.6894	0.0000	0.0488	0.0001	0.0486	0.0081	0.0069	0.0012	0.0011	0.0010	0.0000	0.0070	0.0059	0.0011	0.2854	0.1717	0.1136	0.0602	0.0579	0.0023	0.2252	0.1138	0.1114	45.3034	34.1167	0.0000	78.3457	78.3182	0.0000	0.0000	0.0000	0.0000	2.5869	4.0151	0.4282	11.4612	11.9068	0.0001	0.2166	0.0012	0.4368
85	99	0.0933	3	1	1	1	0	0	0	0	0	N	N	N	N	N	N	N	N	N	N	N	N	0.0000	0.0000	0.0000	0.0000	0.0000	0.0000	0.0000	0.0000	0.0000	0.0000	0.0000	0.0000	0.0000	0.0000	0.0000	0.0000	0.0000	0.0000	1.7795	2.7786	0.0138	8.4840	10.0471	0.0090	0.0094	0.0052	0.0145	0.0028	0.0000	-0.3490	0.9968	11.9964	7.6169	15.6499	0.0000	0.0000	0.0000	0.0000	0.0000	0.0000	0.0000	0.0000	0.0000	0.7662	0.7640	0.0022	0.7633	0.7631	0.0002	0.0028	0.0009	0.0020	0.0738	0.0625	0.0113	0.0033	0.0031	0.0002	0.0704	0.0594	0.0110	0.4305	0.2750	0.1556	0.1280	0.1081	0.0199	0.3025	0.1668	0.1357	0.0000	0.0000	0.0000	0.0000	0.0000	0.0000	0.0000	0.0000	0.0000	1.7795	2.7786	0.0138	5.9634	7.0573	0.0090	0.0094	0.0052	0.0145	
85	100	0.0529	4	2	0	2	0	0	0	0	0	Y	N	Y	N	N	N	N	N	N	N	N	N	0.2139	1.1613	0.0000	0.1291	0.1347	0.0000	0.2023	4.0224	0.0000	0.1219	0.1442	0.0000	0.0395	0.0431	0.0000	0.1281	0.1524	0.0000	0.5700	0.1242	1.2426	0.3062	0.3199	0.0154	0.6330	0.0379	1.2699	0.0000	6.6330	-0.0004	0.0552	0.9968	1.0008	7.6169	13.9255	0.0009	0.0009	0.0000	0.0000	0.0000	0.0000	0.0009	0.0009	0.0000	0.1344	0.0176	0.1168	0.0139	0.0139	0.0000	0.1205	0.0037	0.1167	0.0073	0.0061	0.0011	0.0005	0.0005	0.0000	0.0068	0.0057	0.0011	0.2357	0.1418	0.0940	0.0454	0.0434	0.0020	0.1903	0.0984	0.0919	0.2139	1.1613	0.0000	0.1291	0.1347	0.0000	0.2023	4.0224	0.0000	0.5700	0.1242	1.2426	0.3062	0.3199	0.0154	0.6330	0.0379	1.2699
85	101	0.0499	3	2	0	2	0	0	0	0	0	Y	N	Y	N	N	N	N	N	N	N	N	N	89.9025	288.8342	0.1815	6.9009	6.7665	46.3573	117.2591	12160.3640	0.0217	32.5703	36.2079	0.1342	1.4408	1.4162	7.5871	52.8627	63.2279	0.0162	0.3623	0.1254	0.7396	0.2088	0.2093	0.1637	0.4508	0.0052	0.7459	0.0004	3.7045	-0.0227	0.0095	0.9968	0.0532	7.6169	2.0467	0.0515	0.0515	0.0000	0.0009	0.0009	0.0000	0.0506	0.0506	0.0000	0.0290	0.0062	0.0228	0.0061	0.0061	0.0001	0.0229	0.0001	0.0228	0.0016	0.0014	0.0002	0.0006	0.0006	0.0000	0.0010	0.0008	0.0002	0.0801	0.0492	0.0309	0.0293	0.0290	0.0003	0.0508	0.0202	0.0306	89.9025	288.8342	0.1815	6.9009	6.7665	46.3573	117.2591	12160.3640	0.0217	0.3623	0.1254	0.7396	0.2088	0.2093	0.1637	0.4508	0.0052	0.7459
85	102	0.0402	2	2	0	2	0	0	0	0	0	Y	N	Y	N	N	N	N	N	N	N	N	N	16.3368	25.4438	0.0495	51.1945	53.7234	2.0566	12.1409	1483.1718	0.0038	5.9586	7.0034	0.0251	30.6223	32.2735	0.6872	3.3114	3.9427	0.0019	0.3647	0.2753	0.5072	0.5982	0.6007	0.3341	0.2728	0.0027	0.5084	0.0006	1.1575	-0.0427	0.0037	0.9968	2.0948	7.6169	3.0326	0.0968	0.0968	0.0001	0.0482	0.0482	0.0001	0.0486	0.0486	0.0000	0.0472	0.0219	0.0253	0.0219	0.0218	0.0001	0.0253	0.0001	0.0252	0.0163	0.0138	0.0024	0.0016	0.0015	0.0001	0.0147	0.0123	0.0024	0.1294	0.0795	0.0499	0.0366	0.0362	0.0004	0.0928	0.0432	0.0496	16.3368	25.4438	0.0495	51.1945	53.7234	2.0566	12.1409	1483.1718	0.0038	0.3647	0.2753	0.5072	0.5982	0.6007	0.3341	0.2728	0.0027	0.5084
85	104	0.1256	4	1	1	1	0	0	0	0	0	N	N	N	N	N	N	N	N	N	N	N	N	0.4574	0.0022	5.4529	0.7358	0.0037	251.6179	0.0000	0.0000	0.0001	0.0265	0.0002	0.1812	0.1158	0.0007	1.2681	0.0000	0.0000	0.0000	0.0579	0.0714	0.0332	0.1574	0.1784	0.0050	0.0169	0.0009	0.0363	193.3713	0.2562	0.0011	-0.0084	0.9968	8.9557	7.6169	32.3127	0.0019	0.0000	0.0019	0.0019	0.0000	0.0019	0.0000	0.0000	0.0000	0.0328	0.0261	0.0067	0.0260	0.0259	0.0001	0.0068	0.0002	0.0066	0.0733	0.0626	0.0106	0.0167	0.0152	0.0015	0.0565	0.0474	0.0091	0.5672	0.3658	0.2014	0.1653	0.1454	0.0200	0.4019	0.2205	0.1814	0.4574	0.0022	5.4529	0.7358	0.0037	251.6179	0.0000	0.0000	0.0001	0.0579	0.0714	0.0332	0.1574	0.1784	0.0050	0.0169	0.0009	0.0363
85	105	0.1511	5	1	0	2	0	0	0	0	0	N	N	Y	N	N	N	N	N	N	N	N	N	0.0000	0.0000	0.0000	0.0000	0.0000	0.0000	0.0000	0.0000	0.0000	0.0000	0.0000	0.0000	0.0000	0.0000	0.0000	0.0000	0.0000	0.0000	6.1432	10.8894	0.0014	0.0148	0.0168	0.0001	7.5601	13.8397	0.0015	0.0001	0.0000	-0.4491	0.9968	4.2679	7.6169	7.8415	0.0000	0.0000	0.0000	0.0000	0.0000	0.0000	0.0000	0.0000	0.0000	0.9799	0.9799	0.0001	0.0009	0.0009	0.0000	0.9791	0.9790	0.0001	0.0333	0.0280	0.0053	0.0047	0.0045	0.0003	0.0286	0.0235	0.0051	0.1890	0.1229	0.0661	0.0595	0.0522	0.0073	0.1295	0.0707	0.0588	0.0000	0.0000	0.0000	0.0000	0.0000	0.0000	0.0000	0.0000	0.0000	5.1854	7.9719	0.0014	0.0148	0.0168	0.0001	7.5601	13.8397	0.0015	
85	106	0.1256	4	1	0	1	0	0	0	0	0	N	N	N	N	N	N	N	N	N	N	N	N	0.0002	0.0002	0.0000	0.0001	0.0001	0.0000	0.0004	0.0013	0.0000	0.0000	0.0000	0.0000	0.0000	0.0001	0.0000	0.0000	0.0000	0.0000	0.1312	0.1908	0.0118	0.3575	0.4018	0.0039	0.0073	0.0028	0.0128	0.0000	0.0308	-0.0000	-0.0121	0.9968	1.9301	7.6169	9.0954	0.0000	0.0000	0.0000	0.0000	0.0000	0.0000	0.0000	0.0000	0.0000	0.0283	0.0275	0.0008	0.0273	0.0273	0.0000	0.0010	0.0002	0.0008	0.0271	0.0235	0.0035	0.0134	0.0121	0.0012	0.0137	0.0114	0.0023	0.2161	0.1441	0.0720	0.0764	0.0679	0.0085	0.1397	0.0762	0.0634	0.0002	0.0002	0.0000	0.0001	0.0001	0.0000	0.0004	0.0013	0.0000	0.1312	0.1908	0.0118	0.3575	0.4018	0.0039	0.0073	0.0028	0.0128
85	107	0.0933	3	1	0	1	0	0	0	0	0	N	N	N	N	N	N	N	N	N	N	N	N	0.0000	0.0000	0.0000	0.0000	0.0000	0.0000	0.0000	0.0000	0.0000	0.0000	0.0000	0.0000	0.0000	0.0000	0.0000	0.0000	0.0000	0.0000	0.1886	0.2868	0.0060	0.4762	0.5740	0.0115	0.0349	0.0588	0.0048	0.0112	0.0000	-0.0220	0.9968	3.9049	7.6169	9.6098	0.0000	0.0000	0.0000	0.0000	0.0000	0.0000	0.0000	0.0000	0.0000	0.0492	0.0487	0.0005	0.0433	0.0431	0.0002	0.0059	0.0056	0.0004	0.0250	0.0211	0.0039	0.0012	0.0011	0.0001	0.0238	0.0200	0.0038	0.2611	0.1698	0.0913	0.0909	0.0751	0.0158	0.1701	0.0946	0.0755	0.0000	0.0000	0.0000	0.0000	0.0000	0.0000	0.0000	0.0000	0.0000	0.1886	0.2868	0.0060	0.4762	0.5740	0.0115	0.0349	0.0588	0.0048	
85	108	0.1145	5	1	1	1	0	0	0	0	0	N	N	N	N	N	N	N	N	N	N	N	N	0.0000	0.0000	0.0000	0.0000	0.0000	0.0000	0.0000	0.0000	0.0000	0.0000	0.0000	0.0000	0.0000	0.0000	0.0000	0.0000	0.0000	0.0000	2.2434	3.4800	0.1933	0.0094	0.0120	0.0001	3.4918	6.3033	0.2443	0.0335	0.0000	-0.4436	0.9968	8.0392	7.6169	22.6195	0.0000	0.0000	0.0000	0.0000	0.0000	0.0000	0.0000	0.0000	0.0000	1.0415	1.0077	0.0338	0.0016	0.0016	0.0000	1.0399	1.0061	0.0338	0.0553	0.0469	0.0084	0.0061	0.0056	0.0005	0.0492	0.0413	0.0079	0.4642	0.2896	0.1747	0.1664	0.1299	0.0365	0.2978	0.1596	0.1382	0.0000	0.0000	0.0000	0.0000	0.0000	0.0000	0.0000	0.0000	0.0000	2.2434	3.4800	0.1933	0.0094	0.0120	0.0001	3.4918	6.3033	0.2443	
85	109	0.1145	4	1	0	1	0	0	0	0	0	N	N	N	N	N	N	N	N	N	N	N	N	0.0000	0.0000	0.0000	0.0000	0.0000	0.0000	0.0000	0.0000	0.0000	0.0000	0.0000	0.0000	0.0000	0.0000	0.0000	0.0000	0.0000	0.0000	0.4895	0.5913	0.1923	0.4846	0.5702	0.0118	0.4946	0.6200	0.2716	0.1114	0.0000	-0.0204	0.9968	0.2031	7.6169	2.0398	0.0000	0.0000	0.0000	0.0000	0.0000	0.0000	0.0000	0.0000	0.0000	0.0570	0.0513	0.0057	0.0286	0.0285	0.0001	0.0284	0.0227	0.0056	0.0035	0.0029	0.0006	0.0012	0.0012	0.0000	0.0023	0.0017	0.0006	0.1164	0.0867	0.0297	0.0590	0.0500	0.0091	0.0573	0.0367	0.0206	0.0000	0.0000	0.0000	0.0000	0.0000	0.0000	0.0000	0.0000	0.0000	0.4895	0.5913	0.1923	0.4846	0.5702	0.0118	0.4946	0.6200	0.2716	
85	110	0.6950	10	2	0	2	0	0	0	0	0	Y	N	Y	N	N	N	N	N	N	N	N	N	inf	inf	inf	inf	0.0000	0.0000	0.0000	0.0001	0.0001	0.0000	0.0000	0.0000	0.0000	0.0000	0.0000	0.0000	0.0000	0.0000	0.0000	0.0000	0.0000	0.0000	0.0000	-0.0000	0.0000	0.9968	0.0001	7.6169	0.0001	0.0000	0.0000	0.0000	0.0000	0.0000	0.0000	0.0000	0.0000	0.0000	0.0000	0.0000	0.0000	0.0000	0.0000	0.0000	0.0000	0.0000	0.0000	0.0007	0.0005	0.0001	0.0003	0.0003	0.0000	0.0003	0.0002	0.0001	0.0001	0.0001	0.0000	0.0001	0.0000	0.0000	0.0000	0.0000	0.0000	inf	inf	0.0000	inf	inf	0.0000	0.0000	0.0000	0.0000	0.0000	0.0000	0.0000	0.0000	0.0000	0.0000	0.0000	0.0000	0.0000						
85	111	0.6811	9	2	0	2	0	0	0	0	0	Y	N	Y	N	N	N	N	N	N	N	N	N	13.4385	11.3148	0.0000	63.4385	50.3709	0.0000	0.0000	0.0000	0.0000	0.0310	0.0355	0.0000	0.0987	0.1047	0.0000	0.0000	0.0000	0.0000	0.0023	0.0031	0.0004	0.0016	0.0021	0.0000	0.0046	0.0079	0.0011	0.0000	0.0590	-0.0002	-0.0001	0.9968	1.6718	7.6169	2.9223	0.0004	0.0004	0.0000	0.0004	0.0004	0.0000	0.0000	0.0000	0.0000	0.0002	0.0002	0.0000	0.0001	0.0001	0.0000	0.0001	0.0001	0.0000	0.0125	0.0109	0.0016	0.0039	0.0037	0.0002	0.0086	0.0072	0.0014	0.0842	0.0583	0.0258	0.0638	0.0477	0.0161	0.0204	0.0107	0.0097	13.4385	11.3148	0.0000	63.4385	50.3709	0.0000	0.0000	0.0000	0.0000	0.0023	0.0031	0.0004	0.0016	0.0021	0.0000	0.0046	0.0079	0.0011
85	112	0.5976	8	2	0	2	0	0	0	0	0	Y	N	Y	N	N	N	N	N	N	N	N	N	0.0241	0.0276	0.0000	0.0845	0.0772	0.0000	0.0000	0.0000	0.0000	0.0000	0.0000	0.0000	0.0001	0.0001	0.0000	0.0000	0.0000	0.0000	0.0008	0.0008	0.0008	0.0007	0.0008	0.0003	0.0011	0.0009	0.0014	0.0000	0.4607	-0.0000	-0.0000	0.9968	14.0283	7.6169	7.1084	0.0000	0.0000	0.0000	0.0000	0.0000	0.0000	0.0000	0.0000	0.0000	0.0002	0.0002	0.0001	0.0001	0.0001	0.0000	0.0001	0.0000	0.0001	0.0965	0.0848	0.0117	0.0334	0.0313	0.0021	0.0632	0.0535	0.0097	0.2806	0.1928	0.0878	0.1915	0.1460	0.0456	0.0891	0.0468	0.0423	0.0241	0.0276	0.0000	0.0845	0.0772	0.0000	0.0000	0.0000	0.0000	0.0008	0.0008	0.0008	0.0007	0.0008	0.0003	0.0011	0.0009	0.0014
85	113	0.5374	7	1	0	1	0	0	0	0	0	N	N	N	N	N	N	N	N	N	N	N	N	0.0000	0.0000	0.0000	0.0001	0.0001	0.0000	0.0000	0.0000	0.0000	0.0000	0.0000	0.0000	0.0000	0.0000	0.0000	0.0000	0.0000	0.0000	0.0513	0.0384	0.0813	0.0121	0.0151	0.0010	0.1221	0.1012	0.1460	0.0000	0.9072	-0.0000	0.0002	0.9968	8.6129	7.6169	5.1709	0.0000	0.0000	0.0000	0.0000	0.0000	0.0000	0.0000	0.0000	0.0000	0.0133	0.0070	0.0063	0.0020	0.0020	0.0000	0.0113	0.0050	0.0063	0.0777	0.0688	0.0089	0.0271	0.0257	0.0014	0.0506	0.0431	0.0075	0.2601	0.1820	0.0781	0.1675	0.1327	0.0348	0.0926	0.0493	0.0432	0.0000	0.0000	0.0000	0.0001	0.0001	0.0000	0.0000	0.0000	0.0000	0.0513	0.0384	0.0813	0.0121	0.0151	0.0010	0.1221	0.1012	0.1460
85	114	0.4422	6	1	0	1	0	0	0	0	0	N	N	N	N	N	N	N	N	N	N	N	N	0.0511	0.0403	0.1220	0.0060	0.0052	0.0000	0.0584	0.0522	0.0896	0.0031	0.0028	0.0052	0.0003	0.0004	0.0000	0.0041	0.0038	0.0062	0.0607	0.0690	0.0426	0.0538	0.0676	0.0023	0.0709	0.0721	0.0696	0.2855	0.2860	-0.0001	-0.0079	0.9968	16.8607	7.6169	22.7724	0.0004	0.0003	0.0001	0.0000	0.0000	0.0000	0.0003	0.0003	0.0001	0.0334	0.0260	0.0074	0.0178	0.0176	0.0002	0.0156	0.0084	0.0073	0.1155	0.1002	0.0153	0.0314	0.0289	0.0025	0.0841	0.0713	0.0128	0.5511	0.3767	0.1744	0.3306	0.2606	0.0700	0.2205	0.1161	0.1044	0.0511	0.0403	0.1220	0.0060	0.0052	0.0000	0.0584	0.0522	0.0896	0.0607	0.0690	0.0426	0.0538	0.0676	0.0023	0.0709	0.0721	0.0696
85	115	0.0697	3	2	0	2	0	0	0	0	0	Y	N	Y	N	N	N	N	N	N	N	N	N	0.0000	0.0000	0.0000	0.0000	0.0000	0.0000	0.0000	0.0000	0.0000	0.0000	0.0000	0.0000	0.0000	0.0000	0.0000	0.0000	0.0000	0.0000	0.0017	0.0023	0.0004	0.0039	0.0041	0.0001	0.0007	0.0009	0.0005	0.0940	0.0000	-0.0001	0.9968	1.0009	7.6169	4.0038	0.0000	0.0000	0.0000	0.0000	0.0000	0.0000	0.0000	0.0000	0.0000	0.0002	0.0002	0.0000	0.0001	0.0001	0.0000	0.0001	0.0000	0.0000	0.0075	0.0063	0.0011	0.0005	0.0004	0.0000	0.0070	0.0059	0.0011	0.1229	0.0826	0.0403	0.0386	0.0366	0.0020	0.0842	0.0459	0.0383	0.0000	0.0000	0.0000	0.0000	0.0000	0.0000	0.0000	0.0000	0.0000	0.0017	0.0023	0.0004	0.0039	0.0041	0.0001	0.0007	0.0009	0.0005	
85	116	0.0414	2	2	0	2	0	0	0	0	0	Y	N	Y	N	N	N	N	N	N	N	N	N	5.2824	5.0350	1.7350	0.0456	0.0422	1.1593	18.1015	1129.6226	1.6761	0.8016	0.9057	0.1806	0.0191	0.0190	0.0259	0.9561	1.1146	0.1823	0.1517	0.1799	0.1041	0.4187	0.4508	0.0223	0.0528	0.0010	0.1088	0.0334	0.3413	-0.0062	-0.0081	0.9968	1.8441	7.6169	10.4794	0.0152	0.0147	0.0005	0.0001	0.0001	0.0000	0.0151	0.0146	0.0005	0.0397	0.0296	0.0101	0.0296	0.0295	0.0001	0.0101	0.0001	0.0100	0.0190	0.0162	0.0027	0.0031	0.0031	0.0000	0.0158	0.0131	0.0027	0.2613	0.1643	0.0970	0.0706	0.0654	0.0053	0.1906	0.0990	0.0917	5.2824	5.0350	1.7350	0.0456	0.0422	1.1593	18.1015	1129.6226	1.6761	0.1517	0.1799	0.1041	0.4187	0.4508	0.0223	0.0528	0.0010	0.1088
85	117	0.3295	4	1	1	1	1	0	0	0	0	N	N	N	N	N	N	N	N	N	N	N	N	0.0117	0.0967	0.0000	0.7970	0.7267	0.0000	0.0000	0.0000	0.0000	0.0076	0.0087	0.0000	0.0236	0.0254	0.0000	0.0000	0.0000	0.0000	0.6440	0.0896	1.9322	0.0296	0.0350	0.0050	1.4431	0.1983	2.8961	0.0000	9.2753	-0.0003	0.1761	0.9968	10.5071	7.6169	20.2622	0.0007	0.0007	0.0000	0.0007	0.0007	0.0000	0.0000	0.0000	0.0000	0.3963	0.0386	0.3578	0.0103	0.0100	0.0003	0.3860	0.0286	0.3574	0.0899	0.0784	0.0114	0.0288	0.0268	0.0020	0.0611	0.0517	0.0094	0.6154	0.4302	0.1852	0.3479	0.2862	0.0617	0.2675	0.1441	0.1234	0.0117	0.0967	0.0000	0.7970	0.7267	0.0000	0.0000	0.0000	0.0000	0.6440	0.0896	1.9322	0.0296	0.0350	0.0050	1.4431	0.1983	2.8961
85	118	0.0933	3	1	1	1	1	0	0	0	0	N	N	N	N	N	N	N	N	N	N	N	N	0.0000	0.0000	0.0000	0.0000	0.0000	0.0000	0.0000	0.0000	0.0000	0.0000	0.0000	0.0000	0.0000	0.0000	0.0000	0.0000	0.0000	0.0000	1.4307	2.2443	0.0006	0.0307	0.0361	0.0009	2.0077	3.6434	0.0005	0.0002	0.0000	-0.3026	0.9968	4.0036	7.6169	26.5072	0.0000	0.0000	0.0000	0.0000	0.0000	0.0000	0.0000	0.0000	0.0000	0.6604	0.6603	0.0001	0.0041	0.0041	0.0000	0.6563	0.6562	0.0001	0.0255	0.0216	0.0039	0.0012	0.0011	0.0001	0.0244	0.0205	0.0039	0.4616	0.2942	0.1674	0.1347	0.1141	0.0206	0.3269	0.1801	0.1468	0.0000	0.0000	0.0000	0.0000	0.0000	0.0000	0.0000	0.0000	0.0000	1.4307	2.2443	0.0006	0.0307	0.0361	0.0009	2.0077	3.6434	0.0005	
85	119	0.1317	4	1	1	1	0	0	0	0	0	N	N	N	N	N	N	N	N	N	N	N	N	0.2702	3.0054	0.0002	4.1134	4.4886	0.0034	0.0001	0.0000	0.0001	0.4856	0.5727	0.0009	1.9687	2.0891	0.0020	0.0001	0.0000	0.0008	1.7975	0.1905	4.7580	0.4786	0.4654	0.5894	2.3501	0.0018	5.1664	0.0003	13.5540	-0.0083	0.3504	0.9968	3.8169	7.6169	21.2433	0.0189	0.0189	0.0000	0.0189	0.0189	0.0000	0.0000	0.0000	0.0000	0.7410	0.0509	0.6901	0.0583	0.0506	0.0076	0.6827	0.0003	0.6825	0.0389	0.0329	0.0059	0.0096	0.0090	0.0006	0.0293	0.0239	0.0054	0.4122	0.2672	0.1450	0.1217	0.1088	0.0129	0.2905	0.1584	0.1321	0.2702	3.0054	0.0002	4.1134	4.4886	0.0034	0.0001	0.0000	0.0001	1.7975	0.1905	4.7580	0.4786	0.4654	0.5894	2.3501	0.0018	5.1664
85	120	0.4774	8	1	1	1	0	0	0	0	0	N	N	N	N	N	N	N	N	N	N	N	N	2.8323	0.0001	271.3437	0.1638	0.0000	3380.1352	58.6791	0.0148	187.5360	7.4389	0.0003	59.4769	0.7004	0.0000	12.7549	10.3759	0.0004	66.6606	2.6264	3.6674	0.2192	4.2763	5.3162	0.0038	0.1768	0.0250	0.3555	33101.1017	0.0258	0.5173	-0.8818	0.9968	16.3276	7.6169	34.9199	0.9256	0.0000	0.9256	0.0265	0.0000	0.0265	0.8991	0.0000	0.8991	2.0355	1.9843	0.0513	1.9804	1.9801	0.0003	0.0552	0.0042	0.0509	0.1244	0.1089	0.0156	0.0378	0.0357	0.0021	0.0867	0.0732	0.0135	0.7750	0.5411	0.2340	0.4631	0.3725	0.0907	0.3119	0.1686	0.1433	2.8323	0.0001	271.3437	0.1638	0.0000	3380.1352	58.6791	0.0148	187.5360	2.6264	3.6674	0.2192	4.2763	5.3162	0.0038	0.1768	0.0250	0.3555
85	121	0.4601	7	1	1	1	0	0	0	0	0	N	N	N	N	N	N	N	N	N	N	N	N	1.7911	0.8564	5.6137	0.2283	0.2525	0.0768	1.9815	1.4671	5.2579	1.9761	0.6801	10.6400	0.2146	0.2210	0.0961	2.6849	0.8891	11.9864	1.1033	0.7941	1.8954	0.9402	0.8755	1.2504	1.3550	0.6060	2.2797	2.3404	0.9315	0.0254	0.0129	0.9968	6.1757	7.6169	14.5601	0.0981	0.0294	0.0687	0.0031	0.0030	0.0001	0.0950	0.0264	0.0686	0.5399	0.2795	0.2604	0.2793	0.2151	0.0641	0.2606	0.0644	0.1962	0.0496	0.0432	0.0065	0.0142	0.0135	0.0007	0.0354	0.0297	0.0057	0.4893	0.3520	0.1374	0.2970	0.2457	0.0513	0.1923	0.1063	0.0861	1.7911	0.8564	5.6137	0.2283	0.2525	0.0768	1.9815	1.4671	5.2579	1.1033	0.7941	1.8954	0.9402	0.8755	1.2504	1.3550	0.6060	2.2797
85	122	0.4071	6	1	0	1	0	0	0	0	0	N	N	N	N	N	N	N	N	N	N	N	N	0.0438	0.0854	0.0596	0.1629	0.1463	0.0235	0.0222	0.0539	0.0469	0.0741	0.0455	0.2692	0.0746	0.0794	0.0011	0.0739	0.0277	0.3177	1.6934	0.5329	4.5129	0.4579	0.5429	0.0478	3.3299	0.5130	6.7691	0.8682	3.4856	0.0001	0.3001	0.9968	7.5400	7.6169	21.4192	0.0047	0.0025	0.0022	0.0015	0.0015	0.0000	0.0032	0.0010	0.0022	0.9417	0.2099	0.7318	0.1451	0.1425	0.0026	0.7966	0.0675	0.7292	0.0640	0.0558	0.0082	0.0205	0.0192	0.0013	0.0435	0.0366	0.0069	0.5561	0.3939	0.1622	0.3169	0.2624	0.0544	0.2392	0.1315	0.1077	0.0438	0.0854	0.0596	0.1629	0.1463	0.0235	0.0222	0.0539	0.0469	1.6934	0.5329	4.5129	0.4579	0.5429	0.0478	3.3299	0.5130	6.7691
85	126	0.1305	5	1	1	1	0	0	0	0	0	N	N	N	N	N	N	N	N	N	N	N	N	0.0000	0.0000	0.0000	0.0000	0.0000	0.0000	0.0000	0.0000	0.0000	0.0000	0.0000	0.0000	0.0000	0.0000	0.0000	0.0000	0.0000	0.0000	0.1550	0.2278	0.0336	0.3266	0.4128	0.0015	0.0532	0.0632	0.0420	0.0883	-0.0000	-0.0207	0.9968	5.0407	7.6169	17.1705	0.0000	0.0000	0.0000	0.0000	0.0000	0.0000	0.0000	0.0000	0.0000	0.0550	0.0505	0.0045	0.0431	0.0431	0.0000	0.0118	0.0074	0.0044	0.0363	0.0306	0.0057	0.0041	0.0038	0.0003	0.0322	0.0269	0.0054	0.3546	0.2218	0.1329	0.1321	0.1044	0.0277	0.2225	0.1174	0.1052	0.0000	0.0000	0.0000	0.0000	0.0000	0.0000	0.0000	0.0000	0.0000	0.1550	0.2278	0.0336	0.3266	0.4128	0.0015	0.0532	0.0632	0.0420	
85	127	0.1145	4	1	1	1	0	0	0	0	0	N	N	N	N	N	N	N	N	N	N	N	N	0.0000	0.0000	0.0000	0.0000	0.0000	0.0000	0.0000	0.0000	0.0000	0.0000	0.0000	0.0000	0.0000	0.0000	0.0000	0.0000	0.0000	0.0000	0.2029	0.2641	0.0740	0.1477	0.1809	0.0021	0.2444	0.3526	0.0977	0.1332	0.0000	-0.0136	0.9968	1.9703	7.6169	6.2034	0.0000	0.0000	0.0000	0.0000	0.0000	0.0000	0.0000	0.0000	0.0000	0.0399	0.0352	0.0047	0.0125	0.0124	0.0000	0.0274	0.0228	0.0047	0.0155	0.0131	0.0024	0.0023	0.0022	0.0001	0.0132	0.0109	0.0023	0.1965	0.1332	0.0633	0.0844	0.0687	0.0157	0.1121	0.0645	0.0476	0.0000	0.0000	0.0000	0.0000	0.0000	0.0000	0.0000	0.0000	0.0000	0.2029	0.2641	0.0740	0.1477	0.1809	0.0021	0.2444	0.3526	0.0977	
85	128	0.0933	3	1	0	1	0	0	0	0	0	N	N	N	N	N	N	N	N	N	N	N	N	0.0000	0.0000	0.0000	0.0000	0.0000	0.0000	0.0000	0.0000	0.0000	0.0000	0.0000	0.0000	0.0000	0.0000	0.0000	0.0000	0.0000	0.0000	3.2171	5.0293	0.0924	0.0699	0.0854	0.0018	5.1975	9.1788	0.1164	0.0099	0.0000	-0.2902	0.9968	1.1032	7.6169	7.8190	0.0000	0.0000	0.0000	0.0000	0.0000	0.0000	0.0000	0.0000	0.0000	0.6470	0.6406	0.0063	0.0054	0.0054	0.0000	0.6415	0.6352	0.0063	0.0072	0.0061	0.0011	0.0004	0.0003	0.0000	0.0068	0.0057	0.0011	0.2011	0.1325	0.0686	0.0777	0.0633	0.0144	0.1234	0.0692	0.0542	0.0000	0.0000	0.0000	0.0000	0.0000	0.0000	0.0000	0.0000	0.0000	3.2171	4.8340	0.0924	0.0699	0.0854	0.0018	5.1975	9.1788	0.1164	
85	129	0.4364	7	1	1	1	0	0	0	0	0	N	N	N	N	N	N	N	N	N	N	N	N	0.0000	0.0000	0.0000	0.0000	0.0000	0.0000	0.0000	0.0000	0.0000	0.0000	0.0000	0.0000	0.0000	0.0000	0.0000	0.0000	0.0000	0.0000	0.7193	0.9290	0.0001	1.2474	1.3788	0.0000	0.0002	0.0002	0.0001	0.0000	0.0000	-0.0562	0.9968	1.0033	7.6169	0.8635	0.0000	0.0000	0.0000	0.0000	0.0000	0.0000	0.0000	0.0000	0.0000	0.1227	0.1227	0.0000	0.1227	0.1227	0.0000	0.0000	0.0000	0.0000	0.0220	0.0200	0.0020	0.0123	0.0117	0.0006	0.0097	0.0083	0.0014	0.1705	0.1320	0.0385	0.0983	0.0890	0.0094	0.0722	0.0431	0.0291	0.0000	0.0000	0.0000	0.0000	0.0000	0.0000	0.0000	0.0000	0.0000	0.7193	0.9290	0.0001	1.2474	1.3788	0.0000	0.0002	0.0002	0.0001	
85	130	0.4071	6	1	0	1	0	0	0	0	0	N	N	N	N	N	N	N	N	N	N	N	N	0.0001	0.0001	0.0000	0.0002	0.0001	0.0000	0.0000	0.0000	0.0000	0.0000	0.0000	0.0000	0.0001	0.0001	0.0000	0.0000	0.0000	0.0000	0.5593	0.4112	0.9599	0.5219	0.5994	0.0761	0.6105	0.0205	1.3705	0.0019	0.8631	-0.0000	0.0012	0.9968	5.5514	7.6169	9.9598	0.0000	0.0000	0.0000	0.0000	0.0000	0.0000	0.0000	0.0000	0.0000	0.2383	0.1279	0.1104	0.1286	0.1259	0.0028	0.1097	0.0021	0.1076	0.0516	0.0451	0.0065	0.0179	0.0169	0.0011	0.0337	0.0282	0.0054	0.4262	0.3111	0.1150	0.2465	0.2100	0.0365	0.1797	0.1012	0.0785	0.0001	0.0001	0.0000	0.0002	0.0001	0.0000	0.0000	0.0000	0.0000	0.5593	0.4112	0.9599	0.5219	0.5994	0.0761	0.6105	0.0205	1.3705
85	131	0.3767	5	1	0	1	0	0	0	0	0	N	N	N	N	N	N	N	N	N	N	N	N	0.0477	0.0487	0.0910	0.0510	0.0452	0.0182	0.0337	0.0539	0.0697	0.0240	0.0137	0.0948	0.0126	0.0133	0.0001	0.0284	0.0139	0.1080	0.5036	0.2822	1.0428	0.2459	0.2942	0.0069	0.8428	0.2583	1.5481	1.0003	1.5170	0.0001	0.0344	0.9968	9.1969	7.6169	13.4651	0.0018	0.0009	0.0009	0.0003	0.0003	0.0000	0.0015	0.0006	0.0009	0.2383	0.0947	0.1436	0.0661	0.0658	0.0003	0.1722	0.0289	0.1433	0.0746	0.0651	0.0094	0.0206	0.0194	0.0011	0.0540	0.0457	0.0083	0.4732	0.3355	0.1377	0.2689	0.2237	0.0452	0.2043	0.1117	0.0926	0.0477	0.0487	0.0910	0.0510	0.0452	0.0182	0.0337	0.0539	0.0697	0.5036	0.2822	1.0428	0.2459	0.2942	0.0069	0.8428	0.2583	1.5481
85	132	0.1902	7	2	1	1	1	0	0	0	0	Y	N	N	N	N	N	N	N	N	N	N	N	0.0000	0.0000	0.0000	0.0000	0.0000	0.0000	0.0000	0.0000	0.0000	0.0000	0.0000	0.0000	0.0000	0.0000	0.0000	0.0000	0.0000	0.0000	0.0000	0.0000	0.0000	0.0000	0.0000	0.0000	11.3529	0.0000	0.0000	0.9968	1.0000	7.6169	3.0001	0.0000	0.0000	0.0000	0.0000	0.0000	0.0000	0.0000	0.0000	0.0000	0.0000	0.0000	0.0000	0.0000	0.0000	0.0000	0.0000	0.0000	0.0000	0.0069	0.0059	0.0011	0.0006	0.0005	0.0000	0.0063	0.0053	0.0010	0.0589	0.0373	0.0216	0.0164	0.0146	0.0019	0.0424	0.0227	0.0197	0.0000	0.0000	0.0000	0.0000	0.0000	0.0000	0.0000	0.0000	0.0000	0.0000	0.0000	0.0000	0.0000	0.0000	0.0000	0.0000	0.0000	0.0000				
85	133	0.5892	11	2	1	1	1	0	0	0	0	Y	N	N	N	N	N	N	N	N	N	N	N	0.0000	0.0000	0.0000	0.0000	0.0000	0.0000	0.0000	0.0000	0.0000	0.0000	0.0000	0.0000	0.0000	0.0000	0.0000	0.0000	0.0000	0.0008	0.0011	0.0000	0.0012	0.0016	0.0000	0.0000	0.0000	0.0000	0.0005	0.0000	-0.0000	0.9968	0.0006	7.6169	1.9797	0.0000	0.0000	0.0000	0.0000	0.0000	0.0000	0.0000	0.0000	0.0000	0.0000	0.0000	0.0000	0.0000	0.0000	0.0000	0.0000	0.0000	0.0000	0.0000	0.0000	0.0000	0.0000	0.0000	0.0000	0.0000	0.0000	0.0000	0.0251	0.0171	0.0081	0.0157	0.0122	0.0034	0.0094	0.0048	0.0046	0.0000	0.0000	0.0000	0.0000	0.0000	0.0000	0.0000	0.0000	0.0000	0.0008	0.0011	0.0000	0.0012	0.0016	0.0000	0.0000	0.0000	0.0000		
85	134	0.5724	10	2	1	1	1	0	0	0	0	Y	N	N	N	N	N	N	N	N	N	N	N	0.0000	0.0000	0.0000	0.0000	0.0000	0.0000	0.0000	0.0000	0.0000	0.0000	0.0000	0.0000	0.0000	0.0000	0.0000	0.0000	0.0000	0.0003	0.0003	0.0003	0.0002	0.0002	0.0000	0.0006	0.0006	0.0006	0.5113	0.0000	-0.0000	0.9968	2.0077	7.6169	6.0321	0.0000	0.0000	0.0000	0.0000	0.0000	0.0000	0.0000	0.0000	0.0000	0.0000	0.0000	0.0000	0.0000	0.0000	0.0000	0.0000	0.0000	0.0000	0.0134	0.0116	0.0018	0.0041	0.0038	0.0003	0.0094	0.0079	0.0015	0.0932	0.0625	0.0307	0.0578	0.0444	0.0134	0.0354	0.0181	0.0173	0.0000	0.0000	0.0000	0.0000	0.0000	0.0000	0.0000	0.0000	0.0000	0.0003	0.0003	0.0003	0.0002	0.0002	0.0000	0.0006	0.0006	0.0006		
85	135	0.5676	10	1	1	1	1	0	0	0	0	N	N	N	N	N	N	N	N	N	N	N	N	0.0858	36.7715	0.0000	154.7076	166.6876	0.0000	0.0000	0.0000	0.0000	0.0193	0.0224	0.0000	0.0674	0.0727	0.0000	0.0000	0.0000	0.0000	0.2247	0.0006	0.6824	0.0004	0.0004	0.0004	0.5997	0.0011	1.2020	0.0000	549.3982	-0.0002	0.0192	0.9968	3.0348	7.6169	9.3583	0.0004	0.0004	0.0000	0.0004	0.0004	0.0000	0.0000	0.0000	0.0000	0.0355	0.0001	0.0355	0.0000	0.0000	0.0000	0.0355	0.0000	0.0355	0.0206	0.0178	0.0028	0.0059	0.0055	0.0004	0.0147	0.0123	0.0024	0.1581	0.1061	0.0520	0.0989	0.0765	0.0225	0.0592	0.0297	0.0295	0.0858	36.7715	0.0000	154.7076	166.6876	0.0000	0.0000	0.0000	0.0000	0.2247	0.0006	0.6824	0.0004	0.0004	0.0004	0.5997	0.0011	1.2020
85	136	0.5533	9	1	0	1	1	0	0	0	0	N	N	N	N	N	N	N	N	N	N	N	N	0.0612	174.1823	0.0474	0.3932	0.3205	0.0000	0.0513	552.7153	0.0389	1.1592	0.4764	5.0911	0.0010	0.0011	0.0000	1.6965	0.7324	5.8280	18.9267	0.0027	107.5098	0.0026	0.0033	0.0000	33.1005	0.0013	149.8177	1.8556	6988.2143	0.0001	0.5595	0.9968	0.0433	7.6169	6.6805	0.0004	0.0001	0.0003	0.0000	0.0000	0.0000	0.0004	0.0001	0.0003	1.0333	0.0001	1.0332	0.0001	0.0001	0.0000	1.0332	0.0000	1.0332	0.0003	0.0003	0.0001	0.0001	0.0001	0.0000	0.0002	0.0002	0.0000	0.0810	0.0541	0.0270	0.0498	0.0380	0.0118	0.0312	0.0160	0.0152	0.0909	174.1823	0.1329	0.3932	0.3205	0.0000	0.0513	552.7153	0.0857	12.7546	0.0027	38.3201	0.0026	0.0033	0.0000	33.1005	0.0013	67.9713
85	137	0.2199	9	1	1	1	1	0	0	0	0	N	N	N	N	N	N	N	N	N	N	N	N	0.0000	0.0000	0.0000	0.0000	0.0000	0.0000	0.0000	0.0000	0.0000	0.0000	0.0000	0.0000	0.0000	0.0000	0.0000	0.0000	0.0000	0.0000	0.0000	0.0000	0.9968	0.0000	7.6169	0.0000	0.0000	0.0000	0.0000	0.0000	0.0000	0.0000	0.0000	0.0000	0.0000	0.0000	0.0000	0.0000	0.0000	0.0000	0.0000	0.0000	0.0000	0.0000	0.0000	0.0000	0.0000	0.0000	0.0000	0.0000	0.0000	0.0000	0.0000	0.0000	0.0000	0.0000	0.0000	0.0000	0.0000	0.0000	0.0000	0.0000	0.0000	0.0000	0.0000	0.0000	0.0000	0.0000	0.0000	0.0000	0.0000	0.0000	0.0000	0.0000	0.0000	0.0000	0.0000	0.0000	0.0000	0.0000											
85	138	0.2148	8	1	1	1	1	0	0	0	0	N	N	N	N	N	N	N	N	N	N	N	N	0.0000	0.0000	0.0000	0.0000	0.0000	0.0000	0.0000	0.0000	0.0000	0.0000	0.0000	0.0000	0.0000	0.0000	0.0000	0.0000	0.0014	0.0000	0.0040	0.0000	0.0000	0.0000	0.0020	0.0000	0.0044	1327.9539	0.0000	0.0000	0.9968	0.0021	7.6169	2.0000	0.0000	0.0000	0.0000	0.0000	0.0000	0.0000	0.0000	0.0000	0.0000	0.0000	0.0000	0.0000	0.0000	0.0000	0.0000	0.0000	0.0000	0.0000	0.0000	0.0000	0.0000	0.0000	0.0000	0.0000	0.0000	0.0000	0.0000	0.0292	0.0188	0.0104	0.0089	0.0079	0.0010	0.0203	0.0109	0.0094	0.0000	0.0000	0.0000	0.0000	0.0000	0.0000	0.0000	0.0000	0.0000	0.0014	0.0000	0.0040	0.0000	0.0000	0.0000	0.0020	0.0000	0.0044			
85	139	0.2046	7	1	0	1	1	0	0	0	0	N	N	N	N	N	N	N	N	N	N	N	N	0.0000	0.0000	0.0000	0.0000	0.0000	0.0000	0.0000	0.0000	0.0000	0.0000	0.0000	0.0000	0.0000	0.0000	0.0000	0.0000	1.6271	0.0048	4.4840	0.0103	0.0116	0.0000	2.3058	0.0000	4.9406	535.0118	0.0000	0.0519	0.9968	1.0020	7.6169	3.0181	0.0000	0.0000	0.0000	0.0000	0.0000	0.0000	0.0000	0.0000	0.0000	0.0961	0.0002	0.0959	0.0002	0.0002	0.0000	0.0959	0.0000	0.0959	0.0069	0.0059	0.0011	0.0006	0.0005	0.0000	0.0063	0.0053	0.0010	0.0591	0.0377	0.0214	0.0175	0.0155	0.0020	0.0416	0.0222	0.0194	0.0000	0.0000	0.0000	0.0000	0.0000	0.0000	0.0000	0.0000	0.0000	1.6271	0.0048	4.4840	0.0103	0.0116	0.0000	2.3058	0.0000	4.9406			
85	140	0.1902	7	1	1	1	0	0	0	0	0	N	N	N	N	N	N	N	N	N	N	N	N	0.0000	0.0000	0.0000	0.0000	0.0000	0.0000	0.0000	0.0000	0.0000	0.0000	0.0000	0.0000	0.0000	0.0000	0.0000	0.0000	0.0000	0.0000	0.0000	0.0000	0.0000	0.0000	0.0000	0.0000	11.3529	0.0000	0.0000	0.9968	0.0000	7.6169	4.0001	0.0000	0.0000	0.0000	0.0000	0.0000	0.0000	0.0000	0.0000	0.0000	0.0000	0.0000	0.0000	0.0000	0.0000	0.0000	0.0000	0.0000	0.0000	0.0000	0.0000	0.0000	0.0000	0.0000	0.0000	0.0000	0.0000	0.0000	0.0589	0.0373	0.0216	0.0164	0.0146	0.0019	0.0424	0.0227	0.0197	0.0000	0.0000	0.0000	0.0000	0.0000	0.0000	0.0000	0.0000	0.0000	0.0000	0.0000	0.0000	0.0000	0.0000	0.0000	0.0000	0.0000	0.0000				
85	141	0.5679	9	1	1	1	0	0	0	0	0	N	N	N	N	N	N	N	N	N	N	N	N	0.0000	0.0000	0.0000	0.0000	0.0000	0.0000	0.0000	0.0000	0.0000	0.0000	0.0000	0.0000	0.0000	0.0000	0.0000	0.0000	0.0000	0.0000	0.0001	0.0002	0.0000	0.0000	0.0001	0.0000	0.0003	0.0005	0.0000	0.0037	0.0000	-0.0000	0.9968	1.0003	7.6169	5.0186	0.0000	0.0000	0.0000	0.0000	0.0000	0.0000	0.0000	0.0000	0.0000	0.0000	0.0000	0.0000	0.0000	0.0000	0.0000	0.0000	0.0000	0.0000	0.0067	0.0058	0.0009	0.0020	0.0019	0.0002	0.0047	0.0039	0.0007	0.0710	0.0476	0.0234	0.0440	0.0339	0.0102	0.0270	0.0138	0.0132	0.0000	0.0000	0.0000	0.0000	0.0000	0.0000	0.0000	0.0000	0.0000	0.0001	0.0002	0.0000	0.0000	0.0001	0.0000	0.0003	0.0005	0.0000	
85	142	0.2046	7	1	0	2	1	0	0	0	0	N	N	Y	N	N	N	N	N	N	N	N	N	0.0000	0.0000	0.0000	0.0000	0.0000	0.0000	0.0000	0.0000	0.0000	0.0000	0.0000	0.0000	0.0000	0.0000	0.0000	0.0000	0.0000	0.0015	0.0022	0.0002	0.0046	0.0052	0.0000	0.0002	0.0002	0.0002	0.0545	0.0000	-0.0001	0.9968	0.0001	7.6169	9.0026	0.0000	0.0000	0.0000	0.0000	0.0000	0.0000	0.0000	0.0000	0.0000	0.0002	0.0002	0.0000	0.0002	0.0002	0.0000	0.0000	0.0000	0.0000	0.0000	0.0000	0.0000	0.0000	0.0000	0.0000	0.0000	0.0000	0.0000	0.1292	0.0824	0.0468	0.0380	0.0337	0.0043	0.0912	0.0486	0.0425	0.0000	0.0000	0.0000	0.0000	0.0000	0.0000	0.0000	0.0000	0.0000	0.0015	0.0022	0.0002	0.0046	0.0052	0.0000	0.0002	0.0002	0.0002		
85	143	0.5533	9	1	0	2	1	0	0	0	0	N	N	Y	N	N	N	N	N	N	N	N	N	1.4173	1.1306	0.0000	3.1221	2.6679	0.0000	0.0000	0.0000	0.0000	0.0292	0.0338	0.0000	0.1040	0.1126	0.0000	0.0000	0.0000	0.0000	0.0206	0.0299	0.0020	0.0333	0.0422	0.0046	0.0005	0.0009	0.0000	0.0000	0.0338	-0.0002	-0.0010	0.9968	2.0061	7.6169	8.0425	0.0004	0.0004	0.0000	0.0004	0.0004	0.0000	0.0000	0.0000	0.0000	0.0024	0.0024	0.0001	0.0024	0.0023	0.0001	0.0000	0.0000	0.0000	0.0133	0.0115	0.0018	0.0037	0.0035	0.0003	0.0096	0.0081	0.0015	0.1186	0.0790	0.0396	0.0728	0.0556	0.0172	0.0458	0.0235	0.0223	1.4173	1.1306	0.0000	3.1221	2.6679	0.0000	0.0000	0.0000	0.0000	0.0206	0.0299	0.0020	0.0333	0.0422	0.0046	0.0005	0.0009	0.0000
85	144	0.5442	8	1	0	1	1	0	0	0	0	N	N	N	N	N	N	N	N	N	N	N	N	0.0007	0.0009	0.0000	0.0024	0.0022	0.0000	0.0000	0.0000	0.0000	0.0000	0.0000	0.0000	0.0000	0.0000	0.0000	0.0000	0.0000	0.0000	0.0114	0.0100	0.0151	0.0096	0.0116	0.0000	0.0140	0.0066	0.0232	0.0000	0.6128	-0.0000	-0.0001	0.9968	1.9550	7.6169	2.1189	0.0000	0.0000	0.0000	0.0000	0.0000	0.0000	0.0000	0.0000	0.0000	0.0008	0.0005	0.0003	0.0004	0.0004	0.0000	0.0004	0.0001	0.0003	0.0140	0.0120	0.0019	0.0047	0.0042	0.0004	0.0093	0.0078	0.0015	0.0718	0.0512	0.0206	0.0416	0.0344	0.0072	0.0302	0.0168	0.0135	0.0007	0.0009	0.0000	0.0024	0.0022	0.0000	0.0000	0.0000	0.0000	0.0114	0.0100	0.0151	0.0096	0.0116	0.0000	0.0140	0.0066	0.0232
85	145	0.5442	8	1	0	2	1	0	0	0	0	N	N	Y	N	N	N	N	N	N	N	N	N	0.0000	0.0000	0.0000	0.0000	0.0000	0.0000	0.0000	0.0000	0.0000	0.0000	0.0000	0.0000	0.0000	0.0000	0.0000	0.0000	0.0000	0.0000	2.7823	4.1084	0.0025	4.8494	6.8070	0.0055	0.0014	0.0023	0.0004	0.0003	0.0000	-0.3217	0.9968	2.1261	7.6169	18.6477	0.0000	0.0000	0.0000	0.0000	0.0000	0.0000	0.0000	0.0000	0.0000	0.7022	0.7020	0.0002	0.7020	0.7019	0.0002	0.0001	0.0001	0.0000	0.0151	0.0130	0.0021	0.0050	0.0045	0.0005	0.0101	0.0085	0.0016	0.2524	0.1709	0.0815	0.1498	0.1173	0.0325	0.1026	0.0535	0.0491	0.0000	0.0000	0.0000	0.0000	0.0000	0.0000	0.0000	0.0000	0.0000	2.7823	4.1084	0.0025	4.6869	5.9823	0.0055	0.0014	0.0023	0.0004	
85	146	0.2046	7	1	0	2	1	0	0	0	0	N	N	Y	N	N	N	N	N	N	N	N	N	0.0000	0.0000	0.0000	0.0000	0.0000	0.0000	0.0000	0.0000	0.0000	0.0000	0.0000	0.0000	0.0000	0.0000	0.0000	0.0000	12.2462	0.0009	50.4820	0.0020	0.0022	0.0000	11.9754	0.0000	52.4875	14471.9962	0.0000	0.5269	0.9968	2.0001	7.6169	5.9880	0.0000	0.0000	0.0000	0.0000	0.0000	0.0000	0.0000	0.0000	0.0000	0.9729	0.0001	0.9729	0.0001	0.0001	0.0000	0.9729	0.0000	0.9729	0.0138	0.0117	0.0021	0.0012	0.0011	0.0001	0.0126	0.0106	0.0020	0.1152	0.0734	0.0417	0.0339	0.0301	0.0039	0.0812	0.0433	0.0379	0.0000	0.0000	0.0000	0.0000	0.0000	0.0000	0.0000	0.0000	0.0000	8.4472	0.0009	23.3073	0.0020	0.0022	0.0000	11.9754	0.0000	25.6755			
85	147	0.2046	7	1	0	2	1	0	0	0	0	N	N	Y	N	N	N	N	N	N	N	N	N	0.0000	0.0000	0.0000	0.0000	0.0000	0.0000	0.0000	0.0000	0.0000	0.0000	0.0000	0.0000	0.0000	0.0000	0.0000	0.0000	0.0000	0.0000	0.0208	0.0326	0.0001	0.0713	0.0804	0.0007	0.0002	0.0004	0.0001	0.0023	0.0000	-0.0039	0.9968	9.0001	7.6169	23.0169	0.0000	0.0000	0.0000	0.0000	0.0000	0.0000	0.0000	0.0000	0.0000	0.0086	0.0086	0.0000	0.0086	0.0085	0.0000	0.0001	0.0001	0.0000	0.0599	0.0509	0.0090	0.0051	0.0047	0.0004	0.0548	0.0462	0.0086	0.4147	0.2639	0.1508	0.1199	0.1062	0.0137	0.2948	0.1577	0.1371	0.0000	0.0000	0.0000	0.0000	0.0000	0.0000	0.0000	0.0000	0.0000	0.0208	0.0326	0.0001	0.0713	0.0804	0.0007	0.0002	0.0004	0.0001	
85	148	0.1792	6	1	0	1	1	0	0	0	0	N	N	N	N	N	N	N	N	N	N	N	N	20.9872	0.0012	81.9035	2.8243	0.0000	1686.6557	26.2401	0.4159	76.8377	0.0475	0.0000	0.3110	0.0086	0.0000	0.1212	0.0511	0.0000	0.3187	0.0023	0.0014	0.0038	0.0030	0.0034	0.0001	0.0019	0.0000	0.0041	32656.4183	1.5663	0.0004	0.0001	0.9968	1.9990	7.6169	7.9526	0.0007	0.0000	0.0007	0.0000	0.0000	0.0000	0.0006	0.0000	0.0006	0.0003	0.0001	0.0002	0.0001	0.0001	0.0000	0.0002	0.0000	0.0002	0.0138	0.0117	0.0021	0.0012	0.0011	0.0001	0.0127	0.0106	0.0020	0.1520	0.0967	0.0553	0.0442	0.0394	0.0048	0.1079	0.0573	0.0506	20.9872	0.0012	81.9035	2.8243	0.0000	1686.6557	26.2401	0.4159	76.8377	0.0023	0.0014	0.0038	0.0030	0.0034	0.0001	0.0019	0.0000	0.0041
85	149	0.1473	5	2	1	1	0	0	0	0	0	Y	N	N	N	N	N	N	N	N	N	N	N	3.3064	0.0001	103137.3924	7.0082	0.0137	624.2046	2.7787	0.0001	114058.2418	9.3169	0.0003	62.5376	0.0211	0.0000	0.6394	10.9922	0.0004	64.6991	2.8179	4.3472	0.0006	0.0030	0.0032	0.0010	3.9558	7.2158	0.0006	32409.4384	0.0001	0.2256	-0.4489	0.9968	5.3497	7.6169	17.2225	0.4036	0.0000	0.4036	0.0001	0.0000	0.0001	0.4035	0.0000	0.4035	0.9795	0.9794	0.0001	0.0003	0.0003	0.0000	0.9792	0.9791	0.0001	0.0433	0.0369	0.0065	0.0066	0.0064	0.0002	0.0367	0.0305	0.0062	0.3476	0.2253	0.1223	0.1001	0.0896	0.0105	0.2475	0.1357	0.1118	3.3064	0.0001	103137.3924	7.0082	0.0137	624.2046	2.7787	0.0001	114058.2418	2.8179	4.3472	0.0006	0.0030	0.0032	0.0010	3.9558	7.2158	0.0006
85	150	0.1781	6	1	1	1	0	0	0	0	0	N	N	N	N	N	N	N	N	N	N	N	N	464.1972	553.6349	0.6831	888.1722	866.6250	0.0038	0.2565	0.0000	0.7123	8.5310	9.8395	0.0134	32.1249	33.1469	0.0001	0.0024	0.0000	0.0143	0.0184	0.0178	0.0196	0.0362	0.0382	0.0155	0.0095	0.0009	0.0200	0.0002	0.5419	-0.1513	-0.0007	0.9968	3.6794	7.6169	17.4287	0.3433	0.3432	0.0001	0.3432	0.3432	0.0000	0.0001	0.0000	0.0001	0.0067	0.0044	0.0024	0.0044	0.0042	0.0002	0.0023	0.0001	0.0022	0.0402	0.0349	0.0054	0.0107	0.0104	0.0003	0.0296	0.0245	0.0050	0.3659	0.2454	0.1205	0.1221	0.1110	0.0111	0.2438	0.1344	0.1094	464.1972	553.6349	0.6831	888.1722	866.6250	0.0038	0.2565	0.0000	0.7123	0.0184	0.0178	0.0196	0.0362	0.0382	0.0155	0.0095	0.0009	0.0200
85	151	0.1473	5	1	1	1	0	0	0	0	0	N	N	N	N	N	N	N	N	N	N	N	N	1821.6043	1991.0836	2114.0683	7420.3936	6920.7294	1626.8584	569.3478	103.1482	2001.9374	17.7155	15.9989	27.5176	72.2876	74.1513	0.3085	5.5329	0.6295	28.3853	0.0097	0.0080	0.0130	0.0097	0.0107	0.0002	0.0097	0.0061	0.0142	0.3012	0.8318	-0.1144	-0.0000	0.9968	3.4464	7.6169	10.1316	0.5455	0.4192	0.1263	0.4062	0.4062	0.0000	0.1393	0.0130	0.1262	0.0023	0.0012	0.0010	0.0007	0.0007	0.0000	0.0016	0.0005	0.0010	0.0308	0.0262	0.0046	0.0056	0.0055	0.0001	0.0252	0.0207	0.0044	0.2348	0.1551	0.0796	0.0716	0.0650	0.0066	0.1631	0.0901	0.0730	1821.6043	1991.0836	2114.0683	7420.3936	6920.7294	1626.8584	569.3478	103.1482	2001.9374	0.0097	0.0080	0.0130	0.0097	0.0107	0.0002	0.0097	0.0061	0.0142
85	152	0.5747	11	2	1	1	0	0	0	0	0	Y	N	N	N	N	N	N	N	N	N	N	N	0.0000	0.0000	0.0000	0.0000	0.0000	0.0000	0.0000	0.0000	0.0000	0.0000	0.0000	0.0000	0.0000	0.0000	0.0000	0.0000	0.6501	0.0011	1.9704	0.0012	0.0016	0.0000	1.6960	0.0000	3.4752	843.5251	0.0000	0.0519	0.9968	1.0143	7.6169	12.0086	0.0000	0.0000	0.0000	0.0000	0.0000	0.0000	0.0000	0.0000	0.0000	0.0960	0.0001	0.0959	0.0001	0.0001	0.0000	0.0959	0.0000	0.0959	0.0069	0.0060	0.0009	0.0021	0.0020	0.0002	0.0048	0.0040	0.0008	0.1477	0.0990	0.0487	0.0911	0.0701	0.0211	0.0566	0.0290	0.0276	0.0000	0.0000	0.0000	0.0000	0.0000	0.0000	0.0000	0.0000	0.0000	0.6501	0.0011	1.9704	0.0012	0.0016	0.0000	1.6960	0.0000	3.4752			
85	153	0.5724	10	2	1	1	0	0	0	0	0	Y	N	N	N	N	N	N	N	N	N	N	N	0.0000	0.0000	0.0000	0.0000	0.0000	0.0000	0.0000	0.0000	0.0000	0.0000	0.0000	0.0000	0.0000	0.0000	0.0000	0.0000	0.0000	0.0125	0.0013	0.0355	0.0012	0.0016	0.0000	0.0313	0.0005	0.0631	13.5329	0.0000	0.0001	0.9968	0.9811	7.6169	0.0216	0.0000	0.0000	0.0000	0.0000	0.0000	0.0000	0.0000	0.0000	0.0000	0.0002	0.0000	0.0001	0.0000	0.0000	0.0000	0.0001	0.0000	0.0001	0.0066	0.0057	0.0009	0.0020	0.0019	0.0002	0.0046	0.0039	0.0007	0.0121	0.0081	0.0040	0.0075	0.0058	0.0017	0.0046	0.0023	0.0022	0.0000	0.0000	0.0000	0.0000	0.0000	0.0000	0.0000	0.0000	0.0000	0.0125	0.0013	0.0355	0.0012	0.0016	0.0000	0.0313	0.0005	0.0631		
85	154	0.5679	9	2	1	1	0	0	0	0	0	Y	N	N	N	N	N	N	N	N	N	N	N	0.0000	0.0000	0.0000	0.0000	0.0000	0.0000	0.0000	0.0000	0.0000	0.0000	0.0000	0.0000	0.0000	0.0000	0.0000	0.0000	0.0000	0.0000	0.0007	0.0006	0.0011	0.0001	0.0002	0.0000	0.0017	0.0015	0.0020	0.9961	0.0000	0.0000	0.9968	0.0083	7.6169	2.0001	0.0000	0.0000	0.0000	0.0000	0.0000	0.0000	0.0000	0.0000	0.0000	0.0000	0.0000	0.0000	0.0000	0.0000	0.0000	0.0000	0.0000	0.0000	0.0001	0.0001	0.0000	0.0000	0.0000	0.0000	0.0000	0.0000	0.0000	0.0246	0.0165	0.0081	0.0153	0.0118	0.0035	0.0093	0.0048	0.0046	0.0000	0.0000	0.0000	0.0000	0.0000	0.0000	0.0000	0.0000	0.0000	0.0007	0.0006	0.0011	0.0001	0.0002	0.0000	0.0017	0.0015	0.0020	
85	155	0.5442	8	1	1	1	0	0	0	0	0	N	N	N	N	N	N	N	N	N	N	N	N	0.0000	0.0000	0.0000	0.0000	0.0000	0.0000	0.0000	0.0000	0.0000	0.0000	0.0000	0.0000	0.0000	0.0000	0.0000	0.0000	0.0000	0.0000	0.0040	0.0057	0.0003	0.0047	0.0059	0.0000	0.0029	0.0051	0.0005	0.0237	0.0000	-0.0002	0.9968	2.9180	7.6169	7.4065	0.0000	0.0000	0.0000	0.0000	0.0000	0.0000	0.0000	0.0000	0.0000	0.0006	0.0006	0.0000	0.0004	0.0004	0.0000	0.0002	0.0002	0.0000	0.0203	0.0175	0.0028	0.0065	0.0060	0.0006	0.0137	0.0115	0.0022	0.1424	0.0979	0.0445	0.0842	0.0670	0.0172	0.0582	0.0309	0.0272	0.0000	0.0000	0.0000	0.0000	0.0000	0.0000	0.0000	0.0000	0.0000	0.0040	0.0057	0.0003	0.0047	0.0059	0.0000	0.0029	0.0051	0.0005	
85	156	0.4784	7	1	0	1	0	0	0	0	0	N	N	N	N	N	N	N	N	N	N	N	N	0.0022	0.0026	0.0000	0.0023	0.0022	0.0000	0.0017	0.0017	0.0000	0.0001	0.0001	0.0000	0.0000	0.0000	0.0000	0.0001	0.0001	0.0000	0.0402	0.0397	0.0414	0.0165	0.0191	0.0061	0.0751	0.0861	0.0631	0.0000	0.4710	-0.0000	-0.0022	0.9968	8.2479	7.6169	19.7214	0.0000	0.0000	0.0000	0.0000	0.0000	0.0000	0.0000	0.0000	0.0000	0.0163	0.0111	0.0052	0.0040	0.0037	0.0003	0.0123	0.0074	0.0049	0.0864	0.0754	0.0110	0.0364	0.0329	0.0035	0.0500	0.0424	0.0076	0.4044	0.2787	0.1258	0.2410	0.1930	0.0479	0.1635	0.0857	0.0778	0.0022	0.0026	0.0000	0.0023	0.0022	0.0000	0.0017	0.0017	0.0000	0.0402	0.0397	0.0414	0.0165	0.0191	0.0061	0.0751	0.0861	0.0631
85	157	0.4422	6	1	0	1	0	0	0	0	0	N	N	N	N	N	N	N	N	N	N	N	N	0.0021	0.0037	0.0000	0.0077	0.0069	0.0000	0.0005	0.0023	0.0000	0.0002	0.0003	0.0000	0.0006	0.0006	0.0000	0.0001	0.0001	0.0000	0.1208	0.0778	0.2189	0.0757	0.0921	0.0096	0.1908	0.0445	0.3567	0.0056	1.2338	-0.0000	0.0044	0.9968	7.4725	7.6169	14.3153	0.0000	0.0000	0.0000	0.0000	0.0000	0.0000	0.0000	0.0000	0.0000	0.0467	0.0209	0.0258	0.0178	0.0173	0.0005	0.0289	0.0036	0.0253	0.0604	0.0524	0.0080	0.0194	0.0178	0.0017	0.0409	0.0347	0.0063	0.3863	0.2685	0.1177	0.2348	0.1881	0.0467	0.1515	0.0805	0.0710	0.0021	0.0037	0.0000	0.0077	0.0069	0.0000	0.0005	0.0023	0.0000	0.1208	0.0778	0.2189	0.0757	0.0921	0.0096	0.1908	0.0445	0.3567
85	158	0.3767	5	1	0	1	0	0	0	0	0	N	N	N	N	N	N	N	N	N	N	N	N	0.0198	0.0195	0.0000	0.0529	0.0464	0.0000	0.0020	0.0065	0.0000	0.0030	0.0035	0.0000	0.0111	0.0118	0.0000	0.0002	0.0002	0.0000	0.1519	0.1773	0.0929	0.2094	0.2537	0.0063	0.0776	0.0276	0.1367	0.0000	0.2258	-0.0001	-0.0231	0.9968	11.6653	7.6169	19.4910	0.0003	0.0003	0.0000	0.0003	0.0003	0.0000	0.0000	0.0000	0.0000	0.0841	0.0686	0.0155	0.0653	0.0650	0.0004	0.0188	0.0036	0.0151	0.0893	0.0778	0.0114	0.0233	0.0220	0.0014	0.0659	0.0558	0.0101	0.5537	0.3870	0.1667	0.3121	0.2561	0.0559	0.2416	0.1308	0.1108	0.0198	0.0195	0.0000	0.0529	0.0464	0.0000	0.0020	0.0065	0.0000	0.1519	0.1773	0.0929	0.2094	0.2537	0.0063	0.0776	0.0276	0.1367
85	159	0.3295	4	1	0	1	0	0	0	0	0	N	N	N	N	N	N	N	N	N	N	N	N	0.0116	0.0089	0.0445	0.0147	0.0131	0.0041	0.0202	0.0205	0.0375	0.0131	0.0134	0.0112	0.0261	0.0281	0.0000	0.0057	0.0041	0.0141	1.1327	1.5059	0.2517	1.7758	2.1501	0.0067	0.2814	0.2017	0.3747	0.1185	0.0708	-0.0003	-0.2624	0.9968	7.3933	7.6169	20.5306	0.0009	0.0008	0.0001	0.0007	0.0007	0.0000	0.0003	0.0002	0.0001	0.6689	0.6247	0.0442	0.5974	0.5970	0.0004	0.0715	0.0277	0.0438	0.0716	0.0627	0.0089	0.0260	0.0242	0.0018	0.0456	0.0385	0.0071	0.5906	0.4149	0.1757	0.3364	0.2777	0.0587	0.2541	0.1372	0.1170	0.0116	0.0089	0.0445	0.0147	0.0131	0.0041	0.0202	0.0205	0.0375	1.1327	1.5059	0.2517	1.7758	2.1501	0.0067	0.2814	0.2017	0.3747
85	160	0.0933	3	1	0	1	0	0	0	0	0	N	N	N	N	N	N	N	N	N	N	N	N	0.0024	0.0023	0.0026	0.0000	0.0000	0.0000	0.0019	0.0016	0.0024	0.0067	0.0066	0.0076	0.0000	0.0000	0.0000	0.0070	0.0069	0.0077	2.8560	2.8421	2.8796	0.0258	0.0296	0.0018	3.8007	4.3191	3.1693	0.2018	0.6003	-0.0003	-0.2178	0.9968	27.6416	7.6169	54.6365	0.0011	0.0009	0.0002	0.0000	0.0000	0.0000	0.0011	0.0009	0.0002	2.6159	1.6346	0.9813	0.0059	0.0059	0.0001	2.6100	1.6288	0.9812	0.1586	0.1350	0.0236	0.0072	0.0066	0.0005	0.1515	0.1284	0.0231	0.9159	0.5752	0.3408	0.2292	0.1981	0.0312	0.6867	0.3771	0.3096	0.0024	0.0023	0.0026	0.0000	0.0000	0.0000	0.0019	0.0016	0.0024	2.8560	2.8421	2.8796	0.0258	0.0296	0.0018	3.8007	4.3191	3.1693
85	161	0.1978	9	2	1	1	0	0	0	0	0	Y	N	N	N	N	N	N	N	N	N	N	N	0.0000	0.0000	0.0000	0.0000	0.0000	0.0000	0.0000	0.0000	0.0000	0.0000	0.0000	0.0000	0.0000	0.0000	0.0000	0.0000	0.0000	0.0000	0.0002	0.0000	0.0005	0.0000	0.0000	0.0002	0.0003	0.0000	0.0006	11.0694	0.0000	0.0000	0.9968	0.0002	7.6169	3.0099	0.0000	0.0000	0.0000	0.0000	0.0000	0.0000	0.0000	0.0000	0.0000	0.0000	0.0000	0.0000	0.0000	0.0000	0.0000	0.0000	0.0000	0.0000	0.0000	0.0000	0.0000	0.0000	0.0000	0.0000	0.0000	0.0000	0.0000	0.0453	0.0289	0.0164	0.0129	0.0115	0.0014	0.0324	0.0174	0.0150	0.0000	0.0000	0.0000	0.0000	0.0000	0.0000	0.0000	0.0000	0.0000	0.0002	0.0000	0.0005	0.0000	0.0000	0.0002	0.0003	0.0000	0.0006	
85	162	0.1902	8	2	1	1	0	0	0	0	0	Y	N	N	N	N	N	N	N	N	N	N	N	0.0000	0.0000	0.0000	0.0000	0.0000	0.0000	0.0000	0.0000	0.0000	0.0000	0.0000	0.0000	0.0000	0.0000	0.0000	0.0000	0.0000	0.0000	0.0004	0.0003	0.0006	0.0007	0.0008	0.0000	0.0003	0.0000	0.0007	1.1097	0.0000	0.0000	0.9968	0.9998	7.6169	2.0118	0.0000	0.0000	0.0000	0.0000	0.0000	0.0000	0.0000	0.0000	0.0000	0.0000	0.0000	0.0000	0.0000	0.0000	0.0000	0.0000	0.0000	0.0000	0.0069	0.0058	0.0011	0.0006	0.0005	0.0000	0.0063	0.0053	0.0010	0.0446	0.0282	0.0163	0.0124	0.0110	0.0014	0.0321	0.0172	0.0149	0.0000	0.0000	0.0000	0.0000	0.0000	0.0000	0.0000	0.0000	0.0000	0.0004	0.0003	0.0006	0.0007	0.0008	0.0000	0.0003	0.0000	0.0007	
85	163	0.1902	7	2	1	1	0	0	0	0	0	Y	N	N	N	N	N	N	N	N	N	N	N	0.0000	0.0000	0.0000	0.0000	0.0000	0.0000	0.0000	0.0000	0.0000	0.0000	0.0000	0.0000	0.0000	0.0000	0.0000	0.0000	0.0000	0.0500	0.0479	0.0559	0.0820	0.0843	0.0000	0.0269	0.0038	0.0586	0.4031	0.0000	-0.0000	0.9968	0.0000	7.6169	0.0003	0.0000	0.0000	0.0000	0.0000	0.0000	0.0000	0.0000	0.0000	0.0000	0.0000	0.0000	0.0000	0.0000	0.0000	0.0000	0.0000	0.0000	0.0000	0.0000	0.0000	0.0000	0.0000	0.0000	0.0000	0.0000	0.0000	0.0000	0.0000	0.0000	0.0000	0.0000	0.0000	0.0000	0.0000	0.0000	0.0000	0.0000	0.0000	0.0000	0.0000	0.0000	0.0000	0.0000	0.0000	0.0000	0.0500	0.0479	0.0559	0.0820	0.0843	0.0000	0.0269	0.0038	0.0586		
85	164	0.1792	6	1	1	1	0	0	0	0	0	N	N	N	N	N	N	N	N	N	N	N	N	4241.9134	0.1112	94978.8689	63.0078	0.0000	220933.8087	49063.9067	36.3634	89961.9841	5.5019	0.0002	31.2584	0.2392	0.0000	31.7278	8.3167	0.0003	31.2513	0.0013	0.0018	0.0003	0.0038	0.0042	0.0001	0.0002	0.0000	0.0003	32656.4183	0.1001	0.0004	-0.0000	0.9968	0.0063	7.6169	4.3641	0.0007	0.0000	0.0007	0.0000	0.0000	0.0000	0.0006	0.0000	0.0006	0.0001	0.0001	0.0000	0.0001	0.0001	0.0000	0.0000	0.0000	0.0000	0.0001	0.0001	0.0000	0.0000	0.0000	0.0000	0.0001	0.0001	0.0000	0.0740	0.0474	0.0265	0.0230	0.0206	0.0024	0.0510	0.0268	0.0241	4241.9134	0.1112	94978.8689	63.0078	0.0000	220933.8087	49063.9067	36.3634	89961.9841	0.0013	0.0018	0.0003	0.0038	0.0042	0.0001	0.0002	0.0000	0.0003
85	165	0.1473	5	1	0	1	0	0	0	0	0	N	N	N	N	N	N	N	N	N	N	N	N	386.6005	0.8475	1360.9632	2.2897	1.5680	9844.8471	501.7723	0.3018	1284.9222	16.4001	0.0194	110.0273	0.1033	0.0777	1.3335	20.6883	0.0010	113.2119	0.0424	0.0229	0.0808	0.0451	0.0496	0.0001	0.0412	0.0034	0.0881	992.0131	1.7940	0.2252	0.0017	0.9968	2.5207	7.6169	10.0226	0.4038	0.0004	0.4033	0.0005	0.0004	0.0001	0.4032	0.0000	0.4032	0.0094	0.0034	0.0060	0.0031	0.0031	0.0000	0.0063	0.0003	0.0060	0.0246	0.0210	0.0037	0.0051	0.0050	0.0001	0.0195	0.0159	0.0036	0.2212	0.1467	0.0745	0.0682	0.0620	0.0062	0.1530	0.0846	0.0684	386.6005	0.8475	1360.9632	2.2897	1.5680	9844.8471	501.7723	0.3018	1284.9222	0.0424	0.0229	0.0808	0.0451	0.0496	0.0001	0.0412	0.0034	0.0881
85	166	0.1317	4	1	0	1	0	0	0	0	0	N	N	N	N	N	N	N	N	N	N	N	N	129.9347	1.3426	13258.0390	2.1743	2.0437	58.0745	4648.2282	3.4424	14572.7564	18.7631	0.2797	120.9701	0.8283	0.8518	0.4403	26.0448	0.0086	135.4876	0.1444	0.2083	0.0091	0.3810	0.4168	0.0076	0.0056	0.0025	0.0093	78.2195	0.0207	0.3216	-0.0117	0.9968	2.6894	7.6169	4.6619	0.5888	0.0074	0.5814	0.0075	0.0073	0.0002	0.5813	0.0002	0.5811	0.0266	0.0261	0.0005	0.0260	0.0260	0.0000	0.0007	0.0002	0.0005	0.0314	0.0266	0.0048	0.0091	0.0085	0.0005	0.0223	0.0180	0.0043	0.1845	0.1253	0.0592	0.0682	0.0623	0.0060	0.1163	0.0631	0.0532	129.9347	1.3426	13258.0390	2.1743	2.0437	58.0745	4648.2282	3.4424	14572.7564	0.1444	0.2083	0.0091	0.3810	0.4168	0.0076	0.0056	0.0025	0.0093
85	167	0.0933	3	1	0	1	0	0	0	0	0	N	N	N	N	N	N	N	N	N	N	N	N	3.7763	0.0061	45.7086	0.0000	0.0000	0.0000	8.7503	0.0243	40.9808	0.9922	0.0020	6.3951	0.0000	0.0000	0.0000	1.0408	0.0021	6.5381	0.2627	0.3278	0.1399	0.5143	0.6141	0.0549	0.1189	0.0868	0.1595	586.7538	0.2260	0.0099	-0.0168	0.9968	2.7966	7.6169	8.5340	0.0179	0.0000	0.0178	0.0000	0.0000	0.0000	0.0179	0.0000	0.0178	0.0612	0.0499	0.0113	0.0436	0.0427	0.0008	0.0176	0.0072	0.0104	0.0180	0.0152	0.0028	0.0008	0.0008	0.0001	0.0172	0.0144	0.0027	0.2329	0.1523	0.0806	0.0847	0.0696	0.0151	0.1482	0.0827	0.0655	3.7763	0.0061	45.7086	0.0000	0.0000	0.0000	8.7503	0.0243	40.9808	0.2627	0.3278	0.1399	0.5143	0.6141	0.0549	0.1189	0.0868	0.1595
86	88	0.2340	5	1	2	0	0	0	0	0	0	N	Y	N	N	N	N	N	N	N	N	N	N	0.0001	0.0021	0.0000	0.0064	0.0069	0.0000	0.0000	0.0000	0.0000	0.0001	0.0001	0.0000	0.0007	0.0007	0.0000	0.0000	0.0000	0.0000	1.8805	0.0594	6.4283	0.1122	0.1076	0.1347	3.4491	0.0014	9.8596	0.0000	43.3196	-0.0000	0.4979	5.8060	4.0005	6.1034	9.0093	0.0000	0.0000	0.0000	0.0000	0.0000	0.0000	0.0000	0.0000	0.0000	0.9593	0.0216	0.9376	0.0269	0.0214	0.0055	0.9324	0.0002	0.9321	0.1874	0.1582	0.0292	0.0277	0.0269	0.0008	0.1597	0.1313	0.0284	0.5101	0.3643	0.1459	0.2398	0.1990	0.0408	0.2703	0.1652	0.1051	0.0001	0.0021	0.0000	0.0064	0.0069	0.0000	0.0000	0.0000	0.0000	1.8805	0.0594	6.4283	0.1122	0.1076	0.1347	3.4491	0.0014	8.8717
86	89	0.2114	4	1	2	0	0	0	0	0	0	N	Y	N	N	N	N	N	N	N	N	N	N	0.0005	0.0000	0.0014	0.0029	0.0000	0.1635	0.0001	0.0000	0.0001	0.0000	0.0000	0.0001	0.0001	0.0000	0.0043	0.0000	0.0000	0.0000	0.0449	0.0254	0.0926	0.0434	0.0461	0.0263	0.0459	0.0039	0.1084	91.9048	1.4846	0.0000	0.0022	5.8060	1.0051	6.1034	9.2650	0.0000	0.0000	0.0000	0.0000	0.0000	0.0000	0.0000	0.0000	0.0000	0.0158	0.0064	0.0095	0.0064	0.0059	0.0005	0.0094	0.0005	0.0089	0.0481	0.0405	0.0075	0.0070	0.0068	0.0002	0.0411	0.0338	0.0073	0.3527	0.2505	0.1022	0.1475	0.1278	0.0197	0.2052	0.1227	0.0825	0.0005	0.0000	0.0014	0.0029	0.0000	0.1635	0.0001	0.0000	0.0001	0.0449	0.0254	0.0926	0.0434	0.0461	0.0263	0.0459	0.0039	0.1084
86	90	0.2598	4	1	1	1	0	0	0	0	0	N	N	N	N	N	N	N	N	N	N	N	N	0.0007	0.0006	0.0000	0.1998	0.1864	0.0000	0.0000	0.0000	0.0000	0.0017	0.0020	0.0000	0.0056	0.0060	0.0000	0.0000	0.0000	0.0000	2.3295	3.1428	0.0013	0.0279	0.0322	0.0024	4.8455	7.8504	0.0008	0.0000	0.0001	-0.0001	-0.3807	5.8060	2.3559	6.1034	7.1930	0.0002	0.0002	0.0000	0.0002	0.0002	0.0000	0.0000	0.0000	0.0000	0.8308	0.8307	0.0001	0.0052	0.0051	0.0001	0.8256	0.8256	0.0001	0.1208	0.1040	0.0168	0.0377	0.0350	0.0027	0.0831	0.0690	0.0141	0.3566	0.2643	0.0923	0.1863	0.1592	0.0271	0.1704	0.1052	0.0652	0.0007	0.0006	0.0000	0.1998	0.1864	0.0000	0.0000	0.0000	0.0000	2.3295	3.1428	0.0013	0.0279	0.0322	0.0024	4.8455	7.8504	0.0008
86	91	0.2270	3	1	1	0	0	0	0	0	0	N	N	N	N	N	N	N	N	N	N	N	N	0.0048	0.0041	0.0003	0.0104	0.0095	0.0013	0.0026	0.0019	0.0002	0.0009	0.0011	0.0000	0.0013	0.0014	0.0000	0.0007	0.0009	0.0000	0.1949	0.2592	0.0105	0.1273	0.1459	0.0036	0.2768	0.4631	0.0132	0.0004	0.0142	-0.0001	-0.0759	5.8060	4.9284	6.1034	11.0439	0.0003	0.0003	0.0000	0.0002	0.0002	0.0000	0.0002	0.0002	0.0000	0.1707	0.1683	0.0024	0.0611	0.0609	0.0002	0.1096	0.1074	0.0022	0.3398	0.2955	0.0444	0.1163	0.1111	0.0052	0.2235	0.1843	0.0392	0.8760	0.6494	0.2267	0.4801	0.4174	0.0627	0.3959	0.2320	0.1640	0.0048	0.0041	0.0003	0.0104	0.0095	0.0013	0.0026	0.0019	0.0002	0.1949	0.2592	0.0105	0.1273	0.1459	0.0036	0.2768	0.4631	0.0132
86	92	0.1375	2	1	1	0	0	0	0	0	0	N	N	N	N	N	N	N	N	N	N	N	N	0.0131	0.0111	0.0015	0.0049	0.0046	0.0351	0.0160	0.0115	0.0009	0.0016	0.0018	0.0000	0.0007	0.0007	0.0001	0.0017	0.0021	0.0000	0.1190	0.1661	0.0092	0.1364	0.1515	0.0028	0.1076	0.1811	0.0101	0.0013	0.0237	-0.0001	-0.0530	5.8060	3.9161	6.1034	29.2065	0.0003	0.0003	0.0000	0.0000	0.0000	0.0000	0.0003	0.0003	0.0000	0.1217	0.1189	0.0028	0.0549	0.0548	0.0001	0.0668	0.0641	0.0027	0.1744	0.1474	0.0270	0.0269	0.0256	0.0012	0.1476	0.1218	0.0258	1.0231	0.7157	0.3074	0.4023	0.3616	0.0407	0.6208	0.3541	0.2667	0.0131	0.0111	0.0015	0.0049	0.0046	0.0351	0.0160	0.0115	0.0009	0.1190	0.1661	0.0092	0.1364	0.1515	0.0028	0.1076	0.1811	0.0101
86	93	0.6780	8	2	2	0	0	0	0	0	0	Y	Y	N	N	N	N	N	N	N	N	N	N	5.1729	20.2002	7.6092	7.9529	31.3838	10.4504	0.2886	1.3247	0.6280	0.0774	0.0314	0.3630	0.1797	0.0686	1.4686	0.0015	0.0003	0.0067	0.0150	0.0016	0.0477	0.0226	0.0022	0.1405	0.0052	0.0003	0.0107	1.8622	12.5690	0.0021	0.0010	5.8060	2.5103	6.1034	7.4742	0.0099	0.0035	0.0064	0.0098	0.0034	0.0064	0.0001	0.0000	0.0001	0.0022	0.0002	0.0020	0.0019	0.0002	0.0017	0.0003	0.0000	0.0003	0.1279	0.1102	0.0178	0.0545	0.0502	0.0043	0.0734	0.0600	0.0134	0.1476	0.1047	0.0429	0.0828	0.0706	0.0122	0.0648	0.0341	0.0307	5.1729	20.2002	7.6092	7.9529	31.3838	10.4504	0.2886	1.3247	0.6280	0.0150	0.0016	0.0477	0.0226	0.0022	0.1405	0.0052	0.0003	0.0107
86	94	0.6418	7	1	2	0	0	0	0	0	0	N	Y	N	N	N	N	N	N	N	N	N	N	64.3352	53.7116	117.1927	91.2638	81.3906	352.3133	88.1711	162.4587	0.0328	0.6816	0.7444	0.2525	1.5930	1.6113	1.3176	0.0920	0.1108	0.0000	0.0106	0.0139	0.0022	0.0175	0.0198	0.0037	0.0010	0.0007	0.0015	0.0496	0.0601	-0.1044	-0.0009	5.8060	7.1305	6.1034	3.2426	0.2651	0.2525	0.0125	0.2433	0.2308	0.0125	0.0217	0.0217	0.0000	0.0022	0.0021	0.0001	0.0021	0.0021	0.0001	0.0001	0.0000	0.0001	0.3889	0.3392	0.0496	0.1528	0.1432	0.0095	0.2361	0.1960	0.0401	0.2087	0.1505	0.0582	0.1214	0.1037	0.0177	0.0872	0.0467	0.0405	64.3352	53.7116	117.1927	91.2638	81.3906	352.3133	88.1711	162.4587	0.0328	0.0106	0.0139	0.0022	0.0175	0.0198	0.0037	0.0010	0.0007	0.0015
86	95	0.2114	4	2	2	0	0	0	0	0	0	Y	Y	N	N	N	N	N	N	N	N	N	N	0.0467	0.0397	0.0000	0.2298	0.2114	0.0000	0.0000	0.0000	0.0000	0.0014	0.0017	0.0000	0.0099	0.0102	0.0000	0.0000	0.0000	0.0000	0.0302	0.0421	0.0026	0.0430	0.0482	0.0126	0.0214	0.0360	0.0002	0.0000	0.0267	-0.0002	-0.0116	5.8060	8.0000	6.1034	22.5660	0.0005	0.0005	0.0000	0.0005	0.0005	0.0000	0.0000	0.0000	0.0000	0.0269	0.0262	0.0007	0.0156	0.0149	0.0007	0.0113	0.0113	0.0000	0.3685	0.3114	0.0571	0.0526	0.0510	0.0015	0.3159	0.2603	0.0556	0.8883	0.6216	0.2667	0.3617	0.3095	0.0522	0.5266	0.3121	0.2145	0.0467	0.0397	0.0000	0.2298	0.2114	0.0000	0.0000	0.0000	0.0000	0.0302	0.0421	0.0026	0.0430	0.0482	0.0126	0.0214	0.0360	0.0002
86	96	0.1375	2	1	1	0	0	0	0	0	0	N	N	N	N	N	N	N	N	N	N	N	N	53.2099	389.8501	0.2780	1013.1920	1197.2011	0.2816	1.1110	133.3737	0.2579	1.5430	1.8098	0.0238	10.0049	10.5023	0.0055	0.0461	0.0504	0.0247	0.0290	0.0046	0.0856	0.0099	0.0088	0.0196	0.0415	0.0004	0.0958	0.0023	7.9362	-0.3449	0.0121	5.8060	11.9964	6.1034	18.8414	0.7860	0.7842	0.0018	0.7660	0.7660	0.0000	0.0200	0.0182	0.0018	0.0281	0.0031	0.0250	0.0038	0.0030	0.0008	0.0244	0.0001	0.0242	0.5094	0.4333	0.0761	0.0766	0.0729	0.0036	0.4328	0.3603	0.0725	0.9705	0.6784	0.2921	0.3838	0.3446	0.0391	0.5867	0.3338	0.2530	53.2099	389.8501	0.2780	1013.1920	1197.2011	0.2816	1.1110	133.3737	0.2579	0.0290	0.0046	0.0856	0.0099	0.0088	0.0196	0.0415	0.0004	0.0958
86	98	0.2419	6	2	2	1	0	0	0	0	0	Y	Y	N	N	N	N	N	N	N	N	N	N	0.0000	0.0000	0.0000	0.0000	0.0000	0.0000	0.0000	0.0000	0.0000	0.0000	0.0000	0.0000	0.0000	0.0000	0.0000	0.0000	0.0000	0.0000	0.0836	0.0997	0.0475	0.1128	0.1093	0.1305	0.0608	0.0889	0.0223	0.2135	0.0000	-0.0111	5.8060	0.9502	6.1034	16.1595	0.0000	0.0000	0.0000	0.0000	0.0000	0.0000	0.0000	0.0000	0.0000	0.0393	0.0324	0.0069	0.0232	0.0188	0.0044	0.0161	0.0136	0.0025	0.0525	0.0448	0.0077	0.0125	0.0120	0.0005	0.0400	0.0329	0.0072	0.4701	0.3247	0.1454	0.2061	0.1721	0.0340	0.2641	0.1526	0.1115	0.0000	0.0000	0.0000	0.0000	0.0000	0.0000	0.0000	0.0000	0.0000	0.0836	0.0997	0.0475	0.1128	0.1093	0.1305	0.0608	0.0889	0.0223	
86	99	0.1375	2	1	2	0	0	0	0	0	0	N	Y	N	N	N	N	N	N	N	N	N	N	1.3700	492.7724	0.0069	841.3757	1466.4603	3.9497	0.0234	inf	0.0039	1.5408	1.8068	0.0258	10.0044	10.4916	0.2095	0.0436	0.0490	0.0166	1.1246	0.0037	3.7176	0.0119	0.0072	0.0530	1.8634	0.0000	4.2966	0.0025	438.3182	-0.3442	0.5431	5.8060	11.9964	6.1034	15.6499	0.7848	0.7829	0.0020	0.7660	0.7652	0.0008	0.0188	0.0176	0.0012	1.0070	0.0023	1.0047	0.0042	0.0023	0.0020	1.0027	0.0000	1.0027	0.5094	0.4333	0.0761	0.0766	0.0729	0.0036	0.4328	0.3603	0.0725	0.8954	0.6251	0.2703	0.3573	0.3204	0.0369	0.5381	0.3047	0.2334	1.3700	492.7724	0.0069	841.3757	1466.4603	3.9497	0.0234	inf	0.0039	1.1246	0.0037	3.7176	0.0119	0.0072	0.0530	1.8634	0.0000	4.2966
86	100	0.2449	7	2	1	1	0	0	0	0	0	Y	N	N	N	N	N	N	N	N	N	N	N	0.0000	0.0000	0.0000	0.0000	0.0000	0.0000	0.0000	0.0000	0.0000	0.0000	0.0000	0.0000	0.0000	0.0000	0.0000	0.0000	0.0000	0.0000	2.3929	0.0335	9.7286	0.0514	0.0611	0.0011	4.1896	0.0024	12.3860	102.8751	0.0000	0.5202	5.8060	1.0008	6.1034	13.9255	0.0000	0.0000	0.0000	0.0000	0.0000	0.0000	0.0000	0.0000	0.0000	0.9778	0.0094	0.9683	0.0091	0.0091	0.0000	0.9686	0.0003	0.9683	0.0481	0.0407	0.0074	0.0095	0.0091	0.0004	0.0386	0.0316	0.0070	0.4086	0.2809	0.1277	0.1774	0.1488	0.0286	0.2312	0.1321	0.0991	0.0000	0.0000	0.0000	0.0000	0.0000	0.0000	0.0000	0.0000	0.0000	2.3929	0.0335	7.5841	0.0514	0.0611	0.0011	4.1896	0.0024	9.7745	
86	101	0.2419	6	2	1	1	0	0	0	0	0	Y	N	N	N	N	N	N	N	N	N	N	N	0.0000	0.0000	0.0000	0.0000	0.0000	0.0000	0.0000	0.0000	0.0000	0.0000	0.0000	0.0000	0.0000	0.0000	0.0000	0.0000	0.0000	0.0000	0.0628	0.0498	0.0928	0.0777	0.0565	0.1906	0.0473	0.0392	0.0572	0.8012	0.0000	-0.0001	5.8060	0.0532	6.1034	2.0467	0.0000	0.0000	0.0000	0.0000	0.0000	0.0000	0.0000	0.0000	0.0000	0.0065	0.0036	0.0029	0.0041	0.0025	0.0016	0.0024	0.0011	0.0013	0.0096	0.0085	0.0010	0.0041	0.0040	0.0001	0.0055	0.0046	0.0009	0.1038	0.0726	0.0312	0.0528	0.0444	0.0083	0.0510	0.0281	0.0229	0.0000	0.0000	0.0000	0.0000	0.0000	0.0000	0.0000	0.0000	0.0000	0.0628	0.0498	0.0928	0.0777	0.0565	0.1906	0.0473	0.0392	0.0572	
86	102	0.2323	5	2	1	1	0	0	0	0	0	Y	N	N	N	N	N	N	N	N	N	N	N	0.0001	0.0001	0.0000	0.0003	0.0003	0.0000	0.0000	0.0000	0.0000	0.0000	0.0000	0.0000	0.0000	0.0000	0.0000	0.0000	0.0000	0.0000	0.0374	0.0379	0.0362	0.0662	0.0539	0.1314	0.0132	0.0187	0.0054	0.0000	0.4058	-0.0000	-0.0012	5.8060	2.0948	6.1034	3.0326	0.0000	0.0000	0.0000	0.0000	0.0000	0.0000	0.0000	0.0000	0.0000	0.0069	0.0049	0.0020	0.0056	0.0038	0.0018	0.0013	0.0011	0.0002	0.1068	0.0908	0.0160	0.0229	0.0220	0.0010	0.0839	0.0688	0.0151	0.1838	0.1291	0.0548	0.0839	0.0705	0.0134	0.1000	0.0586	0.0413	0.0001	0.0001	0.0000	0.0003	0.0003	0.0000	0.0000	0.0000	0.0000	0.0374	0.0379	0.0362	0.0662	0.0539	0.1314	0.0132	0.0187	0.0054
86	103	0.2114	4	2	1	1	0	0	0	0	0	Y	N	N	N	N	N	N	N	N	N	N	N	0.1579	0.1339	0.0000	0.4651	0.4180	0.0000	0.0000	0.0000	0.0000	0.0027	0.0032	0.0000	0.0191	0.0197	0.0000	0.0000	0.0000	0.0000	0.0174	0.0243	0.0002	0.0411	0.0471	0.0012	0.0001	0.0002	0.0000	0.0000	0.0041	-0.0002	-0.0024	5.8060	3.9484	6.1034	4.8420	0.0005	0.0005	0.0000	0.0005	0.0005	0.0000	0.0000	0.0000	0.0000	0.0054	0.0054	0.0000	0.0054	0.0053	0.0000	0.0000	0.0000	0.0000	0.1855	0.1566	0.0290	0.0266	0.0258	0.0008	0.1589	0.1307	0.0282	0.3099	0.2209	0.0890	0.1302	0.1132	0.0170	0.1796	0.1077	0.0720	0.1579	0.1339	0.0000	0.4651	0.4180	0.0000	0.0000	0.0000	0.0000	0.0174	0.0243	0.0002	0.0411	0.0471	0.0012	0.0001	0.0002	0.0000
86	104	0.1698	3	1	2	0	0	0	0	0	0	N	Y	N	N	N	N	N	N	N	N	N	N	0.1462	10.0242	0.0023	11.0745	18.4048	0.0440	0.0046	30.2578	0.0019	0.1078	0.1287	0.0056	0.4006	0.4412	0.0050	0.0059	0.0059	0.0057	0.7377	0.0128	2.4399	0.0362	0.0240	0.1133	1.2713	0.0002	3.0132	0.0088	80.9239	-0.0250	0.5399	5.8060	8.9557	6.1034	32.3127	0.0578	0.0573	0.0005	0.0554	0.0554	0.0001	0.0023	0.0019	0.0004	1.0197	0.0124	1.0073	0.0216	0.0124	0.0092	0.9981	0.0001	0.9981	0.5357	0.4448	0.0909	0.1383	0.1255	0.0129	0.3974	0.3194	0.0780	1.3823	0.9695	0.4128	0.5972	0.5156	0.0816	0.7851	0.4539	0.3312	0.1462	10.0242	0.0023	11.0745	18.4048	0.0440	0.0046	30.2578	0.0019	0.7377	0.0128	2.4399	0.0362	0.0240	0.1133	1.2713	0.0002	3.0132
86	105	0.1952	4	1	1	1	0	0	0	0	0	N	N	N	N	N	N	N	N	N	N	N	N	0.0003	0.0000	2.3354	0.0000	0.0000	0.0000	0.0025	0.0000	2.3101	0.0000	0.0000	0.0001	0.0000	0.0000	0.0000	0.0000	0.0000	0.0001	0.0348	0.0497	0.0000	0.0782	0.0879	0.0000	0.0055	0.0096	0.0000	inf	0.0002	0.0000	-0.0064	5.8060	4.2679	6.1034	7.8415	0.0000	0.0000	0.0000	0.0000	0.0000	0.0000	0.0000	0.0000	0.0000	0.0139	0.0139	0.0000	0.0126	0.0126	0.0000	0.0013	0.0013	0.0000	0.2311	0.1921	0.0391	0.0448	0.0437	0.0010	0.1864	0.1483	0.0380	0.3996	0.2803	0.1193	0.1613	0.1434	0.0179	0.2383	0.1369	0.1014	0.0003	0.0000	2.3354	0.0000	0.0000	0.0000	0.0025	0.0000	2.3101	0.0348	0.0497	0.0000	0.0782	0.0879	0.0000	0.0055	0.0096	0.0000
86	106	0.1698	3	1	1	0	0	0	0	0	0	N	N	N	N	N	N	N	N	N	N	N	N	6.1638	6.9747	0.1058	35.8494	35.3984	1.4863	0.1492	0.1503	0.0438	0.2549	0.3179	0.0033	0.5844	0.6659	0.0073	0.0103	0.0131	0.0019	0.0414	0.0456	0.0314	0.0163	0.0188	0.0049	0.0687	0.0874	0.0436	0.0026	0.2924	-0.0248	-0.0063	5.8060	1.9301	6.1034	9.0954	0.0566	0.0564	0.0001	0.0553	0.0552	0.0001	0.0013	0.0012	0.0001	0.0272	0.0211	0.0062	0.0056	0.0053	0.0003	0.0216	0.0158	0.0059	0.2219	0.1775	0.0445	0.0946	0.0829	0.0117	0.1274	0.0946	0.0328	0.6582	0.4620	0.1962	0.3437	0.2817	0.0620	0.3146	0.1803	0.1342	6.1638	6.9747	0.1058	35.8494	35.3984	1.4863	0.1492	0.1503	0.0438	0.0414	0.0456	0.0314	0.0163	0.0188	0.0049	0.0687	0.0874	0.0436
86	107	0.1375	2	1	1	0	0	0	0	0	0	N	N	N	N	N	N	N	N	N	N	N	N	318.5121	347.7402	6.8941	3044.2852	2911.6027	524.4235	7.0104	6.7997	1.6827	4.1916	4.9452	0.0744	26.5845	27.7939	1.2048	0.1154	0.1355	0.0208	0.0132	0.0142	0.0108	0.0087	0.0095	0.0023	0.0165	0.0199	0.0123	0.0028	0.3396	-0.3196	-0.0014	5.8060	3.9049	6.1034	9.6098	0.7291	0.7271	0.0020	0.7122	0.7107	0.0015	0.0170	0.0165	0.0005	0.0071	0.0053	0.0018	0.0020	0.0019	0.0001	0.0051	0.0033	0.0017	0.1740	0.1470	0.0269	0.0268	0.0256	0.0012	0.1472	0.1215	0.0257	0.5366	0.3707	0.1659	0.2294	0.2037	0.0257	0.3073	0.1671	0.1402	318.5121	347.7402	6.8941	3044.2852	2911.6027	524.4235	7.0104	6.7997	1.6827	0.0132	0.0142	0.0108	0.0087	0.0095	0.0023	0.0165	0.0199	0.0123
86	108	0.1586	4	1	2	0	0	0	0	0	0	N	Y	N	N	N	N	N	N	N	N	N	N	0.0276	0.0226	0.2077	15.3672	26.0792	0.4724	0.0015	0.0000	0.1921	0.0251	0.0282	0.0111	0.1085	0.1125	0.0162	0.0023	0.0000	0.0109	0.9091	1.2451	0.0536	0.0071	0.0043	0.0344	1.5343	2.5792	0.0565	0.0860	0.0169	-0.0037	-0.3787	5.8060	8.0392	6.1034	22.6195	0.0102	0.0094	0.0008	0.0095	0.0094	0.0001	0.0008	0.0000	0.0008	0.8573	0.8430	0.0143	0.0027	0.0015	0.0012	0.8545	0.8415	0.0130	0.4071	0.3344	0.0728	0.0874	0.0837	0.0037	0.3197	0.2507	0.0691	0.9430	0.6770	0.2659	0.3860	0.3508	0.0352	0.5570	0.3263	0.2307	0.0276	0.0226	0.2077	15.3672	26.0792	0.4724	0.0015	0.0000	0.1921	0.9091	1.2451	0.0536	0.0071	0.0043	0.0344	1.5343	2.5792	0.0565
86	109	0.1586	3	1	1	0	0	0	0	0	0	N	N	N	N	N	N	N	N	N	N	N	N	0.0000	0.0000	0.0001	0.0000	0.0000	0.0000	0.0000	0.0000	0.0001	0.0000	0.0000	0.0000	0.0000	0.0000	0.0000	0.0000	0.0000	0.0000	1.2367	1.6242	0.0945	1.2678	1.3757	0.0513	1.2070	2.0002	0.1026	1.0000	0.0197	0.0000	-0.1014	5.8060	0.2031	6.1034	2.0398	0.0000	0.0000	0.0000	0.0000	0.0000	0.0000	0.0000	0.0000	0.0000	0.2309	0.2264	0.0045	0.1158	0.1154	0.0004	0.1150	0.1109	0.0041	0.0629	0.0389	0.0239	0.0286	0.0283	0.0003	0.0342	0.0106	0.0236	0.1867	0.1394	0.0473	0.0914	0.0839	0.0074	0.0953	0.0555	0.0398	0.0000	0.0000	0.0001	0.0000	0.0000	0.0000	0.0000	0.0000	0.0001	1.2367	1.6242	0.0945	1.2678	1.3757	0.0513	1.2070	2.0002	0.1026
86	110	0.7392	9	2	1	1	0	0	0	0	0	Y	N	N	N	N	N	N	N	N	N	N	N	0.0000	0.0000	0.0000	0.0000	0.0000	0.0000	0.0000	0.0000	0.0000	0.0000	0.0000	0.0000	0.0000	0.0000	0.0000	0.0000	0.0000	0.0000	0.0000	0.0000	0.0001	0.0000	0.0000	0.0000	-0.0000	5.8060	0.0001	6.1034	0.0001	0.0000	0.0000	0.0000	0.0000	0.0000	0.0000	0.0000	0.0000	0.0000	0.0000	0.0000	0.0000	0.0000	0.0000	0.0000	0.0000	0.0000	0.0000	0.0040	0.0031	0.0009	0.0020	0.0020	0.0000	0.0020	0.0011	0.0009	0.0003	0.0002	0.0001	0.0002	0.0001	0.0000	0.0001	0.0000	0.0001	0.0000	0.0000	0.0000	0.0000	0.0000	0.0000	0.0000	0.0000	0.0000	0.0000	0.0000	0.0000	0.0000	0.0000	0.0000	0.0000	0.0001	0.0000						
86	111	0.7253	8	2	1	1	0	0	0	0	0	Y	N	N	N	N	N	N	N	N	N	N	N	0.0683	0.0570	0.0646	0.1309	0.1153	9.6282	0.0001	0.0000	0.0018	0.0032	0.0037	0.0002	0.0086	0.0091	0.0010	0.0000	0.0000	0.0000	0.0472	0.0642	0.0033	0.0655	0.0790	0.0001	0.0137	0.0213	0.0054	0.0083	0.0198	-0.0001	-0.0020	5.8060	1.6718	6.1034	2.9223	0.0003	0.0003	0.0000	0.0003	0.0003	0.0000	0.0000	0.0000	0.0000	0.0045	0.0045	0.0001	0.0041	0.0041	0.0000	0.0005	0.0004	0.0001	0.0807	0.0707	0.0100	0.0304	0.0284	0.0020	0.0504	0.0423	0.0080	0.0961	0.0694	0.0268	0.0622	0.0516	0.0106	0.0339	0.0178	0.0161	0.0683	0.0570	0.0646	0.1309	0.1153	9.6282	0.0001	0.0000	0.0018	0.0472	0.0642	0.0033	0.0655	0.0790	0.0001	0.0137	0.0213	0.0054
86	112	0.6418	7	2	1	1	0	0	0	0	0	Y	N	N	N	N	N	N	N	N	N	N	N	0.4451	0.3683	10.9821	0.6369	0.6289	1.2613	1.3255	0.0000	19.4128	1.2217	1.4053	0.0051	3.4147	3.6431	0.0011	0.0010	0.0000	0.0060	2.7445	3.8157	0.0005	5.3617	5.7930	0.0009	0.0008	0.0011	0.0003	0.0006	0.0000	-0.3396	-0.4524	5.8060	14.0283	6.1034	7.1084	0.7708	0.7704	0.0004	0.7704	0.7704	0.0000	0.0004	0.0000	0.0004	0.9871	0.9870	0.0000	0.9870	0.9869	0.0000	0.0001	0.0001	0.0000	0.6309	0.5482	0.0827	0.2256	0.2115	0.0142	0.4053	0.3367	0.0686	0.3597	0.2587	0.1010	0.2017	0.1731	0.0287	0.1579	0.0856	0.0723	0.4451	0.3683	10.9821	0.6979	0.6388	1.2613	1.3255	0.0000	19.4128	2.7445	3.8157	0.0005	4.8931	5.7030	0.0009	0.0008	0.0011	0.0003
86	113	0.5815	6	1	1	0	0	0	0	0	0	N	N	N	N	N	N	N	N	N	N	N	N	10.4942	19.1629	0.0139	1.6877	1.9640	0.3590	6.9289	13.0670	0.0030	1.8705	2.1319	0.0052	0.0857	0.0884	0.0266	2.8973	3.4859	0.0021	0.1782	0.1113	0.3743	0.0508	0.0450	0.0740	0.4182	0.2668	0.6893	0.0003	1.1498	-0.4366	0.0107	5.8060	8.6129	6.1034	5.1709	0.9907	0.9903	0.0003	0.0166	0.0164	0.0002	0.9741	0.9740	0.0001	0.1398	0.0650	0.0748	0.0260	0.0184	0.0076	0.1138	0.0466	0.0672	0.5296	0.4645	0.0651	0.1934	0.1851	0.0083	0.3362	0.2794	0.0568	0.7842	0.5844	0.1997	0.5121	0.4098	0.1023	0.2720	0.1746	0.0975	10.4942	19.1629	0.0139	1.6877	1.9640	0.3590	6.9289	13.0670	0.0030	0.1782	0.1113	0.3743	0.0508	0.0450	0.0740	0.4182	0.2668	0.6893
86	114	0.4864	5	1	1	0	0	0	0	0	0	N	N	N	N	N	N	N	N	N	N	N	N	0.0719	0.0560	0.1747	0.1266	0.1087	0.8622	0.0492	0.0315	0.1203	0.0250	0.0198	0.0582	0.0465	0.0467	0.0427	0.0158	0.0065	0.0602	0.3477	0.3527	0.3332	0.3669	0.4293	0.0495	0.3209	0.2066	0.5005	0.4662	0.3286	-0.0025	-0.0958	5.8060	16.8607	6.1034	22.7724	0.0205	0.0140	0.0065	0.0114	0.0109	0.0005	0.0091	0.0031	0.0060	0.4538	0.3416	0.1122	0.2789	0.2728	0.0062	0.1749	0.0688	0.1061	0.8205	0.7084	0.1120	0.2464	0.2337	0.0126	0.5741	0.4747	0.0994	1.3052	0.9684	0.3368	0.7603	0.6354	0.1249	0.5450	0.3331	0.2119	0.0719	0.0560	0.1747	0.1266	0.1087	0.8622	0.0492	0.0315	0.1203	0.3477	0.3527	0.3332	0.3669	0.4293	0.0495	0.3209	0.2066	0.5005
86	115	0.2177	4	2	1	1	0	0	0	0	0	Y	N	N	N	N	N	N	N	N	N	N	N	0.0017	12.0346	0.0000	0.0013	0.0004	0.0157	0.0009	43132.0207	0.0000	0.0079	0.0094	0.0000	0.0000	0.0000	0.0012	0.0094	0.0116	0.0000	4.5565	0.0008	35.1780	0.0197	0.0012	0.0759	11.0420	0.0000	81.0200	0.0005	7274.7798	-0.0002	1.0214	5.8060	1.0009	6.1034	4.0038	0.0004	0.0004	0.0000	0.0000	0.0000	0.0000	0.0004	0.0004	0.0000	1.8862	0.0003	1.8859	0.0055	0.0003	0.0053	1.8806	0.0000	1.8806	0.0516	0.0434	0.0082	0.0081	0.0080	0.0002	0.0435	0.0354	0.0080	0.4522	0.3303	0.1218	0.2818	0.2121	0.0697	0.1703	0.1182	0.0522	0.0019	12.0346	0.0000	0.0013	0.0004	0.0157	0.0009	43132.0207	0.0000	4.1716	0.0008	15.4775	0.0197	0.0012	0.0759	11.0420	0.0000	36.0554
86	116	0.1894	3	2	1	1	0	0	0	0	0	Y	N	N	N	N	N	N	N	N	N	N	N	0.2138	2.1979	0.0782	6.0551	5.5927	26.4548	0.0052	0.1127	0.0048	0.0097	0.0093	0.0114	0.0392	0.0328	0.2503	0.0004	0.0003	0.0009	0.0452	0.0042	0.1460	0.0065	0.0059	0.0095	0.0776	0.0024	0.1947	0.2437	14.0039	-0.0003	0.0110	5.8060	1.8441	6.1034	10.4794	0.0011	0.0009	0.0002	0.0011	0.0009	0.0002	0.0000	0.0000	0.0000	0.0232	0.0015	0.0217	0.0015	0.0011	0.0004	0.0217	0.0004	0.0213	0.1168	0.0974	0.0194	0.0279	0.0271	0.0008	0.0889	0.0703	0.0186	0.5129	0.3646	0.1483	0.2333	0.1943	0.0390	0.2796	0.1703	0.1093	0.2138	2.1979	0.0782	6.0551	5.5927	26.4548	0.0052	0.1127	0.0048	0.0452	0.0042	0.1460	0.0065	0.0059	0.0095	0.0776	0.0024	0.1947
86	117	0.3736	3	1	2	0	1	0	0	0	0	N	Y	N	N	N	N	N	N	N	N	N	N	5.0031	0.0060	264.1843	0.0485	0.0092	5.7384	308.7908	0.9355	788.0464	0.7461	0.0012	5.6764	0.0117	0.0026	0.2497	1.0763	0.0004	6.1959	0.1491	0.1933	0.0215	0.2415	0.2793	0.0435	0.0035	0.0005	0.0079	735.9177	0.0385	0.2574	-0.1040	5.8060	10.5071	6.1034	20.2622	0.4617	0.0006	0.4610	0.0022	0.0005	0.0018	0.4594	0.0001	0.4593	0.2469	0.2378	0.0091	0.2447	0.2376	0.0071	0.0022	0.0002	0.0021	0.6188	0.5376	0.0812	0.1920	0.1849	0.0071	0.4268	0.3527	0.0741	1.6557	1.2300	0.4257	1.0132	0.8506	0.1626	0.6425	0.3795	0.2630	5.0031	0.0060	264.1843	0.0485	0.0092	5.7384	308.7908	0.9355	788.0464	0.1491	0.1933	0.0215	0.2415	0.2793	0.0435	0.0035	0.0005	0.0079
86	118	0.1375	2	1	2	0	1	0	0	0	0	N	Y	N	N	N	N	N	N	N	N	N	N	0.7856	0.6494	1.4223	1.3380	1.2506	0.8613	0.0075	0.0089	0.0000	0.0278	0.0291	0.0000	0.0039	0.0047	0.0000	0.0096	0.0137	0.0000	0.0195	0.0217	0.0000	0.0031	0.0054	0.0000	0.0000	0.0000	-0.0006	-0.0042	5.8060	4.0036	6.1034	26.5072	0.0013	0.0013	0.0000	0.0008	0.0008	0.0000	0.0006	0.0006	0.0000	0.0092	0.0092	0.0000	0.0074	0.0074	0.0000	0.0018	0.0018	0.0000	0.1778	0.1503	0.0275	0.0274	0.0261	0.0012	0.1505	0.1242	0.0262	0.9614	0.6720	0.2895	0.3806	0.3417	0.0389	0.5808	0.3303	0.2506	0.7856	0.6494	0.0000	1.4223	1.3380	0.0000	1.2506	0.8613	0.0000	0.0096	0.0137	0.0000	0.0195	0.0217	0.0000	0.0031	0.0054	0.0000			
86	119	0.1759	3	1	2	0	0	0	0	0	0	N	Y	N	N	N	N	N	N	N	N	N	N	0.8959	0.7373	0.0463	1.3925	1.2567	0.5813	0.1590	0.1467	0.0195	0.0567	0.0658	0.0001	0.1949	0.2074	0.0005	0.0008	0.0009	0.0001	0.0633	0.0892	0.0024	0.1400	0.1650	0.0009	0.0049	0.0063	0.0028	0.0003	0.0115	-0.0062	-0.0242	5.8060	3.8169	6.1034	21.2433	0.0140	0.0140	0.0000	0.0139	0.0139	0.0000	0.0001	0.0001	0.0000	0.0542	0.0536	0.0006	0.0518	0.0518	0.0000	0.0024	0.0018	0.0006	0.2470	0.2126	0.0343	0.0711	0.0668	0.0043	0.1759	0.1458	0.0301	0.8568	0.6003	0.2565	0.3702	0.3137	0.0565	0.4866	0.2865	0.2000	0.8959	0.7373	0.0463	1.3925	1.2567	0.5813	0.1590	0.1467	0.0195	0.0633	0.0892	0.0024	0.1400	0.1650	0.0009	0.0049	0.0063	0.0028
86	120	0.5216	7	1	2	0	0	0	0	0	0	N	Y	N	N	N	N	N	N	N	N	N	N	0.0064	0.0055	0.0020	0.0108	0.0098	0.0002	0.0047	0.0000	0.0396	0.0040	0.0048	0.0001	0.0117	0.0121	0.0000	0.0000	0.0000	0.0001	0.6278	0.8663	0.0263	1.0792	1.2401	0.0887	0.0027	0.0039	0.0014	0.0021	0.0121	-0.0016	-0.5900	5.8060	16.3276	6.1034	34.9199	0.0037	0.0037	0.0000	0.0037	0.0037	0.0000	0.0000	0.0000	0.0000	1.3216	1.3059	0.0157	1.3192	1.3041	0.0152	0.0024	0.0018	0.0006	0.9345	0.7822	0.1523	0.3191	0.3064	0.0127	0.6154	0.4759	0.1395	2.1050	1.5074	0.5976	1.2224	1.0515	0.1709	0.8826	0.4559	0.4268	0.0064	0.0055	0.0020	0.0108	0.0098	0.0002	0.0047	0.0000	0.0396	0.6278	0.8663	0.0263	1.0792	1.2401	0.0887	0.0027	0.0039	0.0014
86	121	0.5042	6	1	2	0	0	0	0	0	0	N	Y	N	N	N	N	N	N	N	N	N	N	0.0676	0.0571	0.0709	0.2216	0.1978	0.6274	0.0076	0.0041	0.0376	0.0218	0.0246	0.0045	0.0650	0.0666	0.0233	0.0028	0.0028	0.0028	0.3229	0.4307	0.0633	0.2934	0.3370	0.0371	0.3674	0.6807	0.0745	0.0295	0.0611	-0.0031	-0.1922	5.8060	6.1757	6.1034	14.5601	0.0075	0.0073	0.0002	0.0068	0.0068	0.0001	0.0007	0.0005	0.0001	0.4796	0.4520	0.0276	0.2619	0.2571	0.0048	0.2177	0.1949	0.0228	0.3443	0.2964	0.0478	0.1053	0.1013	0.0040	0.2390	0.1951	0.0439	1.4852	1.0492	0.4360	0.8928	0.7630	0.1298	0.5924	0.2863	0.3062	0.0676	0.0571	0.0709	0.2216	0.1978	0.6274	0.0076	0.0041	0.0376	0.3229	0.4307	0.0633	0.2934	0.3370	0.0371	0.3674	0.6807	0.0745
86	122	0.4512	5	1	1	0	0	0	0	0	0	N	N	N	N	N	N	N	N	N	N	N	N	0.0595	0.0498	0.1278	0.1985	0.1695	1.7804	0.0010	0.0005	0.0110	0.0211	0.0231	0.0086	0.0629	0.0623	0.0789	0.0004	0.0003	0.0009	0.3551	0.4630	0.0674	0.3171	0.3672	0.0443	0.4102	0.6727	0.0791	0.0570	0.0546	-0.0037	-0.2309	5.8060	7.5400	6.1034	21.4192	0.0095	0.0090	0.0005	0.0094	0.0089	0.0005	0.0001	0.0001	0.0000	0.5678	0.5384	0.0294	0.2998	0.2932	0.0065	0.2681	0.2452	0.0229	0.4503	0.3906	0.0596	0.1492	0.1433	0.0059	0.3010	0.2473	0.0537	1.5989	1.1630	0.4359	0.9454	0.7985	0.1469	0.6535	0.3645	0.2890	0.0595	0.0498	0.1278	0.1985	0.1695	1.7804	0.0010	0.0005	0.0110	0.3551	0.4630	0.0674	0.3171	0.3672	0.0443	0.4102	0.6727	0.0791
86	123	0.2114	4	1	2	0	0	0	0	0	0	N	Y	N	N	N	N	N	N	N	N	N	N	0.0307	0.0341	0.0004	0.0043	0.0037	0.0586	0.0663	0.2191	0.0000	0.0032	0.0038	0.0000	0.0008	0.0008	0.0011	0.0037	0.0045	0.0000	0.1058	0.1129	0.0891	0.1786	0.2052	0.0189	0.0553	0.0203	0.1062	0.0016	0.3362	-0.0003	-0.0156	5.8060	4.0019	6.1034	19.5615	0.0006	0.0006	0.0000	0.0000	0.0000	0.0000	0.0006	0.0006	0.0000	0.0755	0.0565	0.0190	0.0522	0.0514	0.0008	0.0233	0.0051	0.0182	0.1880	0.1587	0.0294	0.0270	0.0262	0.0008	0.1611	0.1325	0.0286	0.7139	0.5007	0.2132	0.2924	0.2506	0.0418	0.4215	0.2500	0.1714	0.0307	0.0341	0.0004	0.0043	0.0037	0.0586	0.0663	0.2191	0.0000	0.1058	0.1129	0.0891	0.1786	0.2052	0.0189	0.0553	0.0203	0.1062
86	124	0.1894	3	1	1	0	0	0	0	0	0	N	N	N	N	N	N	N	N	N	N	N	N	0.1563	0.1993	0.0020	3.9876	3.9882	0.2241	0.0025	0.0029	0.0006	0.0111	0.0133	0.0002	0.0399	0.0411	0.0019	0.0003	0.0004	0.0001	0.0709	0.0668	0.0809	0.0100	0.0103	0.0087	0.1263	0.1360	0.1109	0.0024	0.4864	-0.0004	-0.0040	5.8060	1.2223	6.1034	8.2281	0.0010	0.0010	0.0000	0.0009	0.0009	0.0000	0.0000	0.0000	0.0000	0.0308	0.0207	0.0101	0.0021	0.0018	0.0003	0.0287	0.0189	0.0097	0.0873	0.0724	0.0149	0.0237	0.0230	0.0007	0.0636	0.0494	0.0142	0.4340	0.3096	0.1243	0.2068	0.1704	0.0364	0.2271	0.1392	0.0879	0.1563	0.1993	0.0020	3.9876	3.9882	0.2241	0.0025	0.0029	0.0006	0.0709	0.0668	0.0809	0.0100	0.0103	0.0087	0.1263	0.1360	0.1109
86	125	0.1375	2	1	1	0	0	0	0	0	0	N	N	N	N	N	N	N	N	N	N	N	N	1.9482	1569.0751	0.0099	1415.9682	36735.0303	3.5431	0.0324	22.9473	0.0054	2.9824	3.5101	0.0496	19.1427	20.0515	0.4268	0.0845	0.0955	0.0314	1.5309	0.0022	5.0027	0.0135	0.0005	0.1205	2.6041	0.0042	5.8415	0.0025	984.6455	-0.3438	0.5485	5.8060	5.9920	6.1034	12.2976	0.7840	0.7820	0.0020	0.7652	0.7644	0.0008	0.0188	0.0176	0.0012	1.0146	0.0010	1.0136	0.0037	0.0001	0.0036	1.0109	0.0009	1.0100	0.2629	0.2228	0.0401	0.0400	0.0381	0.0019	0.2229	0.1847	0.0382	0.6628	0.4602	0.2026	0.2746	0.2449	0.0297	0.3882	0.2153	0.1729	1.9482	1569.0751	0.0099	1415.9682	36735.0303	3.5431	0.0324	22.9473	0.0054	1.5309	0.0022	5.0027	0.0135	0.0005	0.1205	2.6041	0.0042	5.8415
86	126	0.1746	4	1	2	0	0	0	0	0	0	N	Y	N	N	N	N	N	N	N	N	N	N	0.0002	0.0002	0.0000	0.0003	0.0003	0.0000	0.0000	0.0000	0.0000	0.0000	0.0000	0.0000	0.0001	0.0002	0.0000	0.0000	0.0000	0.0000	0.2104	0.2554	0.0952	0.4348	0.4761	0.0495	0.0434	0.0007	0.1031	0.0000	0.1455	-0.0000	-0.0513	5.8060	5.0407	6.1034	17.1705	0.0000	0.0000	0.0000	0.0000	0.0000	0.0000	0.0000	0.0000	0.0000	0.1547	0.1350	0.0196	0.1364	0.1349	0.0015	0.0183	0.0002	0.0181	0.2815	0.2244	0.0571	0.0659	0.0636	0.0023	0.2156	0.1608	0.0547	0.7351	0.5287	0.2064	0.3137	0.2833	0.0304	0.4214	0.2454	0.1760	0.0002	0.0002	0.0000	0.0003	0.0003	0.0000	0.0000	0.0000	0.0000	0.2104	0.2554	0.0952	0.4348	0.4761	0.0495	0.0434	0.0007	0.1031
86	127	0.1586	3	1	2	0	0	0	0	0	0	N	Y	N	N	N	N	N	N	N	N	N	N	0.0000	0.0000	0.0001	0.0000	0.0000	0.0000	0.0000	0.0000	0.0001	0.0000	0.0000	0.0000	0.0000	0.0000	0.0000	0.0000	0.0000	0.0000	0.6554	0.8813	0.0455	0.7199	0.7864	0.0267	0.6039	0.9994	0.0486	1.0373	0.0191	0.0000	-0.1037	5.8060	1.9703	6.1034	6.2034	0.0000	0.0000	0.0000	0.0000	0.0000	0.0000	0.0000	0.0000	0.0000	0.2360	0.2315	0.0044	0.1150	0.1146	0.0004	0.1210	0.1169	0.0041	0.1427	0.1073	0.0354	0.0423	0.0411	0.0011	0.1004	0.0662	0.0342	0.3601	0.2627	0.0973	0.1598	0.1458	0.0140	0.2003	0.1170	0.0833	0.0000	0.0000	0.0001	0.0000	0.0000	0.0000	0.0000	0.0000	0.0001	0.6554	0.8813	0.0455	0.7199	0.7864	0.0267	0.6039	0.9994	0.0486
86	128	0.1375	2	1	1	0	0	0	0	0	0	N	N	N	N	N	N	N	N	N	N	N	N	0.0000	0.0000	0.0000	0.0008	0.0008	0.0000	0.0000	0.0000	0.0000	0.0000	0.0000	0.0000	0.0000	0.0000	0.0000	0.0000	0.0000	0.0000	0.3374	0.4703	0.0482	0.0279	0.0284	0.0240	0.5887	1.0729	0.0531	0.0000	0.0471	-0.0000	-0.0572	5.8060	1.1032	6.1034	7.8190	0.0000	0.0000	0.0000	0.0000	0.0000	0.0000	0.0000	0.0000	0.0000	0.1384	0.1322	0.0062	0.0051	0.0046	0.0005	0.1333	0.1276	0.0057	0.0518	0.0432	0.0087	0.0087	0.0083	0.0004	0.0431	0.0348	0.0083	0.4103	0.2811	0.1292	0.1839	0.1622	0.0217	0.2264	0.1189	0.1075	0.0000	0.0000	0.0000	0.0008	0.0008	0.0000	0.0000	0.0000	0.0000	0.3374	0.4703	0.0482	0.0279	0.0284	0.0240	0.5887	1.0729	0.0531
86	129	0.4805	6	1	2	0	0	0	0	0	0	N	Y	N	N	N	N	N	N	N	N	N	N	0.0046	0.0036	0.0000	0.0477	0.0453	0.0000	0.0000	0.0000	0.0000	0.0000	0.0000	0.0000	0.0000	0.0000	0.0000	0.0000	0.0000	0.0000	0.0017	0.0024	0.0001	0.0003	0.0003	0.0001	0.0037	0.0077	0.0001	0.0000	0.0161	-0.0000	-0.0003	5.8060	1.0033	6.1034	0.8635	0.0000	0.0000	0.0000	0.0000	0.0000	0.0000	0.0000	0.0000	0.0000	0.0006	0.0006	0.0000	0.0001	0.0001	0.0000	0.0006	0.0006	0.0000	0.1619	0.1470	0.0149	0.0842	0.0816	0.0026	0.0777	0.0654	0.0123	0.3653	0.2593	0.1059	0.2092	0.1863	0.0229	0.1560	0.0730	0.0830	0.0046	0.0036	0.0000	0.0477	0.0453	0.0000	0.0000	0.0000	0.0000	0.0017	0.0024	0.0001	0.0003	0.0003	0.0001	0.0037	0.0077	0.0001
86	130	0.4512	5	1	1	0	0	0	0	0	0	N	N	N	N	N	N	N	N	N	N	N	N	0.0660	0.1694	0.0699	0.5011	0.4575	0.8046	0.0182	0.0039	0.0483	0.0435	0.0297	0.1355	0.0744	0.0752	0.0528	0.0267	0.0008	0.1449	0.6589	0.1753	1.9371	0.1484	0.1644	0.0656	1.4724	0.2017	3.0028	0.6829	4.1826	-0.0006	0.3108	5.8060	5.5514	6.1034	9.9598	0.0157	0.0093	0.0064	0.0094	0.0092	0.0003	0.0063	0.0002	0.0061	0.8914	0.1720	0.7194	0.1233	0.1145	0.0088	0.7681	0.0575	0.7106	0.3619	0.3148	0.0471	0.1271	0.1222	0.0048	0.2348	0.1925	0.0423	1.3528	0.9814	0.3714	0.8311	0.6964	0.1348	0.5217	0.2850	0.2366	0.0660	0.1694	0.0699	0.5011	0.4575	0.8046	0.0182	0.0039	0.0483	0.6589	0.1753	1.9371	0.1484	0.1644	0.0656	1.4724	0.2017	3.0028
86	131	0.4209	4	1	1	0	0	0	0	0	0	N	N	N	N	N	N	N	N	N	N	N	N	2.1213	2.4455	0.1112	9.4970	8.6435	0.4472	0.0157	0.0014	0.0775	1.0077	1.1555	0.0536	3.2623	3.3859	0.0380	0.0105	0.0009	0.0551	0.4750	0.4725	0.4822	0.3435	0.3917	0.0851	0.6715	0.6444	0.7107	0.0072	0.3546	-0.2322	-0.1169	5.8060	9.1969	6.1034	13.4651	0.5351	0.5313	0.0038	0.5312	0.5310	0.0002	0.0039	0.0003	0.0036	0.5948	0.4391	0.1557	0.2576	0.2476	0.0100	0.3372	0.1915	0.1457	0.5310	0.4598	0.0713	0.1628	0.1568	0.0060	0.3682	0.3029	0.0653	1.2521	0.9292	0.3229	0.7500	0.6320	0.1179	0.5021	0.2972	0.2050	2.1213	2.4455	0.1112	9.4970	8.6435	0.4472	0.0157	0.0014	0.0775	0.4750	0.4725	0.4822	0.3435	0.3917	0.0851	0.6715	0.6444	0.7107
86	132	0.2344	6	2	2	0	1	0	0	0	0	Y	Y	N	N	N	N	N	N	N	N	N	N	0.0000	0.0000	0.0000	0.0000	0.0000	0.0000	0.0000	0.0000	0.0000	0.0000	0.0000	0.0000	0.0000	0.0000	0.0000	0.0000	0.0000	0.0000	0.0000	0.0000	5.8060	1.0000	6.1034	3.0001	0.0000	0.0000	0.0000	0.0000	0.0000	0.0000	0.0000	0.0000	0.0000	0.0000	0.0000	0.0000	0.0000	0.0000	0.0000	0.0000	0.0000	0.0000	0.0457	0.0388	0.0068	0.0070	0.0066	0.0004	0.0387	0.0322	0.0065	0.1093	0.0741	0.0352	0.0433	0.0362	0.0071	0.0660	0.0379	0.0281	0.0000	0.0000	0.0000	0.0000	0.0000	0.0000	0.0000	0.0000	0.0000	0.0000	0.0000	0.0000	0.0000	0.0000	0.0000	0.0000	0.0000	0.0000											
86	133	0.6333	10	2	2	0	1	0	0	0	0	Y	Y	N	N	N	N	N	N	N	N	N	N	1129.2846	1089.9526	0.0000	1062.6474	1051.5278	0.0000	0.0000	0.0000	0.0064	0.0073	0.0000	0.0094	0.0103	0.0000	0.0000	0.0000	0.0000	0.0000	0.0000	0.0000	0.0000	0.0000	0.0000	0.0000	0.0000	0.0000	0.0000	0.1446	-0.0000	-0.0000	5.8060	0.0006	6.1034	1.9797	0.0000	0.0000	0.0000	0.0000	0.0000	0.0000	0.0000	0.0000	0.0000	0.0000	0.0000	0.0000	0.0000	0.0000	0.0000	0.0000	0.0000	0.0000	0.0001	0.0001	0.0000	0.0000	0.0000	0.0000	0.0000	0.0000	0.0000	0.0538	0.0401	0.0137	0.0316	0.0273	0.0043	0.0222	0.0128	0.0094	1129.2846	1089.9526	0.0000	1062.6474	1051.5278	0.0000	0.0000	0.0000	0.0000	0.0000	0.0000	0.0000	0.0000	0.0000	0.0000	0.0000	0.0000	0.0000	
86	134	0.6166	9	2	2	0	1	0	0	0	0	Y	Y	N	N	N	N	N	N	N	N	N	N	83.4697	84.2101	0.0000	160.5359	156.2274	0.0000	0.0000	0.0000	0.0000	0.1433	0.1667	0.0000	0.4316	0.4580	0.0000	0.0000	0.0000	0.0000	0.0017	0.0020	0.0010	0.0027	0.0029	0.0012	0.0004	0.0000	0.0008	0.0000	0.1668	-0.0061	-0.0001	5.8060	2.0077	6.1034	6.0321	0.0138	0.0138	0.0000	0.0138	0.0138	0.0000	0.0000	0.0000	0.0000	0.0003	0.0003	0.0000	0.0003	0.0003	0.0000	0.0000	0.0000	0.0000	0.0961	0.0826	0.0135	0.0319	0.0301	0.0018	0.0642	0.0526	0.0117	0.2034	0.1512	0.0522	0.1188	0.1021	0.0167	0.0846	0.0491	0.0356	83.4697	84.2101	0.0000	160.5359	156.2274	0.0000	0.0000	0.0000	0.0000	0.0017	0.0020	0.0010	0.0027	0.0029	0.0012	0.0004	0.0000	0.0008
86	135	0.6118	9	1	2	0	1	0	0	0	0	N	Y	N	N	N	N	N	N	N	N	N	N	0.0000	0.0000	0.0389	0.0000	0.0000	0.2185	0.0013	0.0000	0.0148	0.0000	0.0000	0.0000	0.0000	0.0000	0.0000	0.0000	0.0000	0.0000	0.0565	0.0765	0.0001	0.0961	0.1116	0.0001	0.0002	0.0003	0.0001	inf	0.0004	0.0000	-0.0087	5.8060	3.0348	6.1034	9.3583	0.0000	0.0000	0.0000	0.0000	0.0000	0.0000	0.0000	0.0000	0.0000	0.0191	0.0191	0.0000	0.0190	0.0190	0.0000	0.0000	0.0000	0.0000	0.1672	0.1360	0.0312	0.0569	0.0543	0.0027	0.1103	0.0818	0.0285	0.3377	0.2492	0.0884	0.1981	0.1706	0.0275	0.1396	0.0787	0.0609	0.0000	0.0000	0.0389	0.0000	0.0000	0.2185	0.0013	0.0000	0.0148	0.0565	0.0765	0.0001	0.0961	0.1116	0.0001	0.0002	0.0003	0.0001
86	136	0.5975	8	1	1	0	1	0	0	0	0	N	N	N	N	N	N	N	N	N	N	N	N	0.0009	0.0008	0.0000	0.0016	0.0014	0.0000	0.0000	0.0000	0.0000	0.0000	0.0001	0.0000	0.0001	0.0001	0.0000	0.0000	0.0000	0.0000	0.0495	0.0624	0.0132	0.0800	0.0924	0.0035	0.0080	0.0009	0.0175	0.0000	0.0755	-0.0000	-0.0034	5.8060	0.0433	6.1034	6.6805	0.0000	0.0000	0.0000	0.0000	0.0000	0.0000	0.0000	0.0000	0.0000	0.0087	0.0081	0.0006	0.0081	0.0081	0.0000	0.0006	0.0000	0.0006	0.0024	0.0020	0.0004	0.0008	0.0008	0.0000	0.0016	0.0013	0.0003	0.1766	0.1301	0.0464	0.1017	0.0875	0.0142	0.0749	0.0426	0.0323	0.0009	0.0008	0.0000	0.0016	0.0014	0.0000	0.0000	0.0000	0.0000	0.0495	0.0624	0.0132	0.0800	0.0924	0.0035	0.0080	0.0009	0.0175
86	137	0.2640	8	1	2	0	1	0	0	0	0	N	Y	N	N	N	N	N	N	N	N	N	N	0.0000	0.0000	0.0000	0.0000	0.0000	0.0000	0.0000	0.0000	0.0000	0.0000	0.0000	0.0000	0.0000	0.0000	0.0000	0.0000	0.0000	0.0000	0.0000	0.0000	5.8060	0.0000	6.1034	0.0000	0.0000	0.0000	0.0000	0.0000	0.0000	0.0000	0.0000	0.0000	0.0000	0.0000	0.0000	0.0000	0.0000	0.0000	0.0000	0.0000	0.0000	0.0000	0.0000	0.0000	0.0000	0.0000	0.0000	0.0000	0.0000	0.0000	0.0000	0.0000	0.0000	0.0000	0.0000	0.0000	0.0000	0.0000	0.0000	0.0000	0.0000	0.0000	0.0000	0.0000	0.0000	0.0000	0.0000	0.0000	0.0000	0.0000	0.0000	0.0000	0.0000	0.0000	0.0000	0.0000	0.0000	0.0000											
86	138	0.2589	7	1	2	0	1	0	0	0	0	N	Y	N	N	N	N	N	N	N	N	N	N	inf	inf	inf	inf	inf	inf	0.0817	0.0863	0.0000	0.1092	0.1109	0.0000	0.0002	0.0003	0.0000	0.0000	0.0000	0.0000	0.0000	0.0000	0.0000	0.0000	0.0000	0.0000	0.0000	-0.0000	0.0000	5.8060	0.0021	6.1034	2.0000	0.0000	0.0000	0.0000	0.0000	0.0000	0.0000	0.0000	0.0000	0.0000	0.0000	0.0000	0.0000	0.0000	0.0000	0.0000	0.0000	0.0000	0.0000	0.0003	0.0003	0.0000	0.0003	0.0002	0.0000	0.0001	0.0001	0.0000	0.0547	0.0374	0.0173	0.0221	0.0186	0.0035	0.0325	0.0187	0.0138	inf	inf	0.0000	inf	inf	0.0000	inf	inf	0.0000	0.0000	0.0000	0.0000	0.0000	0.0000	0.0000	0.0000	0.0000	0.0000				
86	139	0.2487	6	1	1	0	1	0	0	0	0	N	N	N	N	N	N	N	N	N	N	N	N	3.3106	7827.8463	0.0000	529.3652	22203.9280	0.0000	0.0000	0.0000	0.0008	0.0010	0.0000	0.0052	0.0055	0.0000	0.0000	0.0000	0.0000	0.0002	0.0000	0.0008	0.0000	0.0000	0.0001	0.0004	0.0000	0.0009	0.0000	2958.1630	-0.0000	0.0000	5.8060	1.0020	6.1034	3.0181	0.0000	0.0000	0.0000	0.0000	0.0000	0.0000	0.0000	0.0000	0.0000	0.0000	0.0000	0.0000	0.0000	0.0000	0.0000	0.0000	0.0000	0.0000	0.0458	0.0390	0.0068	0.0071	0.0068	0.0004	0.0387	0.0322	0.0065	0.1103	0.0750	0.0353	0.0439	0.0369	0.0070	0.0664	0.0381	0.0284	3.3106	7827.8463	0.0000	529.3652	22203.9280	0.0000	0.0000	0.0000	0.0000	0.0002	0.0000	0.0008	0.0000	0.0000	0.0001	0.0004	0.0000	0.0009	
86	140	0.2344	6	1	2	0	0	0	0	0	0	N	Y	N	N	N	N	N	N	N	N	N	N	0.0000	0.0000	0.0000	0.0000	0.0000	0.0000	0.0000	0.0000	0.0000	0.0000	0.0000	0.0000	0.0000	0.0000	0.0000	0.0000	0.0000	0.0000	0.0000	0.0000	5.8060	0.0000	6.1034	4.0001	0.0000	0.0000	0.0000	0.0000	0.0000	0.0000	0.0000	0.0000	0.0000	0.0000	0.0000	0.0000	0.0000	0.0000	0.0000	0.0000	0.0000	0.0000	0.0000	0.0000	0.0000	0.0000	0.0000	0.0000	0.0000	0.0000	0.0000	0.1093	0.0741	0.0352	0.0433	0.0362	0.0071	0.0660	0.0379	0.0281	0.0000	0.0000	0.0000	0.0000	0.0000	0.0000	0.0000	0.0000	0.0000	0.0000	0.0000	0.0000	0.0000	0.0000	0.0000	0.0000	0.0000	0.0000											
86	141	0.6120	8	1	2	0	0	0	0	0	0	N	Y	N	N	N	N	N	N	N	N	N	N	0.0474	0.0668	0.0000	0.1357	0.1258	0.0000	0.0000	0.0000	0.0000	0.0000	0.0001	0.0000	0.0001	0.0001	0.0000	0.0000	0.0000	0.0000	0.0009	0.0008	0.0014	0.0010	0.0011	0.0001	0.0008	0.0000	0.0020	0.0000	0.6325	-0.0000	-0.0000	5.8060	1.0003	6.1034	5.0186	0.0000	0.0000	0.0000	0.0000	0.0000	0.0000	0.0000	0.0000	0.0000	0.0001	0.0001	0.0001	0.0001	0.0001	0.0000	0.0001	0.0000	0.0001	0.0480	0.0413	0.0067	0.0160	0.0150	0.0009	0.0321	0.0262	0.0058	0.1547	0.1149	0.0398	0.0904	0.0777	0.0127	0.0643	0.0372	0.0271	0.0474	0.0668	0.0000	0.1357	0.1258	0.0000	0.0000	0.0000	0.0000	0.0009	0.0008	0.0014	0.0010	0.0011	0.0001	0.0008	0.0000	0.0020
86	142	0.2487	6	1	1	1	1	0	0	0	0	N	N	N	N	N	N	N	N	N	N	N	N	0.0000	0.0000	0.0000	0.0000	0.0000	0.0000	0.0000	0.0000	0.0000	0.0000	0.0000	0.0000	0.0000	0.0000	0.0000	0.0000	0.0000	0.2146	0.3154	0.0001	0.5409	0.6425	0.0007	0.0000	0.0000	0.0000	0.0002	0.0000	-0.0238	5.8060	0.0001	6.1034	9.0026	0.0000	0.0000	0.0000	0.0000	0.0000	0.0000	0.0000	0.0000	0.0000	0.0519	0.0519	0.0000	0.0519	0.0519	0.0000	0.0000	0.0000	0.0000	0.0000	0.0000	0.0000	0.0000	0.0000	0.0000	0.0000	0.0000	0.0000	0.2419	0.1646	0.0773	0.0960	0.0808	0.0152	0.1459	0.0838	0.0622	0.0000	0.0000	0.0000	0.0000	0.0000	0.0000	0.0000	0.0000	0.0000	0.2146	0.3154	0.0001	0.5409	0.6425	0.0007	0.0000	0.0000	0.0000		
86	143	0.5975	8	1	1	1	1	0	0	0	0	N	N	N	N	N	N	N	N	N	N	N	N	0.0000	0.0000	0.0000	0.0000	0.0000	0.0000	0.0000	0.0000	0.0000	0.0000	0.0000	0.0000	0.0000	0.0000	0.0000	0.0000	0.0000	0.0000	0.0025	0.0034	0.0003	0.0044	0.0050	0.0007	0.0000	0.0000	0.0001	0.0267	0.0000	-0.0003	5.8060	2.0061	6.1034	8.0425	0.0000	0.0000	0.0000	0.0000	0.0000	0.0000	0.0000	0.0000	0.0000	0.0007	0.0006	0.0000	0.0007	0.0006	0.0000	0.0000	0.0000	0.0000	0.0955	0.0818	0.0137	0.0300	0.0283	0.0017	0.0655	0.0535	0.0120	0.2584	0.1906	0.0679	0.1488	0.1279	0.0209	0.1096	0.0626	0.0470	0.0000	0.0000	0.0000	0.0000	0.0000	0.0000	0.0000	0.0000	0.0000	0.0025	0.0034	0.0003	0.0044	0.0050	0.0007	0.0000	0.0000	0.0001	
86	144	0.5884	7	1	1	0	1	0	0	0	0	N	N	N	N	N	N	N	N	N	N	N	N	0.0000	0.0000	0.0010	0.0000	0.0000	0.0442	0.0000	0.0000	0.0000	0.0000	0.0000	0.0000	0.0000	0.0000	0.0000	0.0000	0.0000	0.0000	0.0548	0.0726	0.0065	0.0796	0.1005	0.0008	0.0070	0.0036	0.0124	inf	0.0329	0.0000	-0.0065	5.8060	1.9550	6.1034	2.1189	0.0000	0.0000	0.0000	0.0000	0.0000	0.0000	0.0000	0.0000	0.0000	0.0152	0.0147	0.0005	0.0145	0.0145	0.0000	0.0007	0.0002	0.0005	0.0986	0.0844	0.0143	0.0350	0.0325	0.0025	0.0636	0.0519	0.0117	0.2776	0.2027	0.0749	0.1826	0.1443	0.0384	0.0950	0.0584	0.0365	0.0000	0.0000	0.0010	0.0000	0.0000	0.0442	0.0000	0.0000	0.0000	0.0548	0.0726	0.0065	0.0796	0.1005	0.0008	0.0070	0.0036	0.0124
86	145	0.5884	7	1	1	1	1	0	0	0	0	N	N	N	N	N	N	N	N	N	N	N	N	0.0000	0.0000	0.0228	0.0000	0.0000	0.0735	0.0000	0.0000	0.0000	0.0000	0.0000	0.0000	0.0000	0.0000	0.0000	0.0000	0.0000	0.0000	0.0528	0.0718	0.0003	0.0692	0.0832	0.0005	0.0280	0.0473	0.0001	inf	0.0014	0.0000	-0.0161	5.8060	2.1261	6.1034	18.6477	0.0000	0.0000	0.0000	0.0000	0.0000	0.0000	0.0000	0.0000	0.0000	0.0352	0.0351	0.0000	0.0278	0.0277	0.0000	0.0074	0.0074	0.0000	0.1067	0.0913	0.0154	0.0377	0.0350	0.0027	0.0690	0.0563	0.0127	0.6652	0.4889	0.1763	0.4015	0.3334	0.0680	0.2637	0.1555	0.1083	0.0000	0.0000	0.0228	0.0000	0.0000	0.0735	0.0000	0.0000	0.0000	0.0528	0.0718	0.0003	0.0692	0.0832	0.0005	0.0280	0.0473	0.0001
86	146	0.2487	6	1	1	1	1	0	0	0	0	N	N	N	N	N	N	N	N	N	N	N	N	0.0031	0.0025	0.0000	0.0078	0.0070	0.0000	0.0000	0.0000	0.0001	0.0001	0.0000	0.0007	0.0007	0.0000	0.0000	0.0000	0.0000	0.0359	0.0526	0.0004	0.0901	0.1071	0.0000	0.0002	0.0000	0.0005	0.0000	0.0034	-0.0000	-0.0035	5.8060	2.0001	6.1034	5.9880	0.0000	0.0000	0.0000	0.0000	0.0000	0.0000	0.0000	0.0000	0.0000	0.0077	0.0077	0.0000	0.0077	0.0077	0.0000	0.0000	0.0000	0.0000	0.0910	0.0774	0.0136	0.0142	0.0134	0.0008	0.0768	0.0640	0.0128	0.2155	0.1466	0.0689	0.0855	0.0720	0.0135	0.1300	0.0746	0.0554	0.0031	0.0025	0.0000	0.0078	0.0070	0.0000	0.0000	0.0000	0.0000	0.0359	0.0526	0.0004	0.0901	0.1071	0.0000	0.0002	0.0000	0.0005	
86	147	0.2487	6	1	1	1	1	0	0	0	0	N	N	N	N	N	N	N	N	N	N	N	N	0.0000	0.0000	0.0000	0.0000	0.0000	0.0000	0.0000	0.0000	0.0000	0.0000	0.0000	0.0000	0.0000	0.0000	0.0000	0.0000	0.0000	1.2535	1.8379	0.0001	3.1902	3.7767	0.0000	0.0001	0.0000	0.0001	0.0000	0.0000	-0.4515	5.8060	9.0001	6.1034	23.0169	0.0000	0.0000	0.0000	0.0000	0.0000	0.0000	0.0000	0.0000	0.0000	0.9851	0.9851	0.0000	0.9851	0.9851	0.0000	0.0000	0.0000	0.0000	0.3967	0.3384	0.0584	0.0621	0.0588	0.0033	0.3347	0.2796	0.0550	0.7858	0.5360	0.2499	0.3088	0.2608	0.0480	0.4771	0.2752	0.2019	0.0000	0.0000	0.0000	0.0000	0.0000	0.0000	0.0000	0.0000	0.0000	1.2535	1.8379	0.0001	3.1902	3.7767	0.0000	0.0001	0.0000	0.0001		
86	148	0.2234	5	1	1	0	1	0	0	0	0	N	N	N	N	N	N	N	N	N	N	N	N	0.0000	0.0000	0.0000	0.0002	0.0000	0.0012	0.0000	0.0000	0.0000	0.0000	0.0000	0.0000	0.0000	0.0000	0.0000	0.0000	0.0000	0.0000	0.0304	0.0011	0.0915	0.0041	0.0022	0.0150	0.0481	0.0001	0.1093	inf	39.1726	0.0000	0.0045	5.8060	1.9990	6.1034	7.9526	0.0000	0.0000	0.0000	0.0000	0.0000	0.0000	0.0000	0.0000	0.0000	0.0087	0.0002	0.0085	0.0005	0.0002	0.0003	0.0082	0.0000	0.0082	0.0925	0.0782	0.0142	0.0147	0.0140	0.0007	0.0777	0.0643	0.0135	0.2864	0.1935	0.0928	0.1151	0.0976	0.0176	0.1712	0.0959	0.0753	0.0000	0.0000	0.0000	0.0002	0.0000	0.0012	0.0000	0.0000	0.0000	0.0304	0.0011	0.0915	0.0041	0.0022	0.0150	0.0481	0.0001	0.1093
86	149	0.1915	4	2	2	0	0	0	0	0	0	Y	Y	N	N	N	N	N	N	N	N	N	N	0.0007	0.0000	0.0029	0.0042	0.0000	0.1456	0.0001	0.0000	0.0003	0.0000	0.0000	0.0003	0.0002	0.0000	0.0061	0.0000	0.0000	0.0000	0.0694	0.0499	0.1128	0.0507	0.0523	0.0418	0.0818	0.0475	0.1303	inf	1.0175	0.0000	0.0021	5.8060	5.3497	6.1034	17.2225	0.0000	0.0000	0.0000	0.0000	0.0000	0.0000	0.0000	0.0000	0.0000	0.0466	0.0231	0.0235	0.0136	0.0119	0.0017	0.0330	0.0113	0.0218	0.2859	0.2433	0.0426	0.0593	0.0572	0.0021	0.2266	0.1861	0.0406	0.6716	0.4632	0.2084	0.2678	0.2266	0.0412	0.4038	0.2367	0.1671	0.0007	0.0000	0.0029	0.0042	0.0000	0.1456	0.0001	0.0000	0.0003	0.0694	0.0499	0.1128	0.0507	0.0523	0.0418	0.0818	0.0475	0.1303
86	150	0.2223	5	1	2	0	0	0	0	0	0	N	Y	N	N	N	N	N	N	N	N	N	N	0.0042	0.0031	5.0538	0.0096	0.0073	308.5647	0.0001	0.0000	0.3884	0.0007	0.0008	0.0005	0.0025	0.0024	0.0073	0.0000	0.0000	0.0001	0.1741	0.2446	0.0001	0.2637	0.3250	0.0000	0.0784	0.1293	0.0001	0.1094	0.0002	-0.0001	-0.0741	5.8060	3.6794	6.1034	17.4287	0.0002	0.0002	0.0000	0.0002	0.0002	0.0000	0.0000	0.0000	0.0000	0.1617	0.1617	0.0000	0.1265	0.1265	0.0000	0.0352	0.0352	0.0000	0.2555	0.2211	0.0345	0.0736	0.0713	0.0023	0.1819	0.1498	0.0322	0.9288	0.6611	0.2677	0.4799	0.3893	0.0906	0.4489	0.2719	0.1771	0.0042	0.0031	5.0538	0.0096	0.0073	308.5647	0.0001	0.0000	0.3884	0.1741	0.2446	0.0001	0.2637	0.3250	0.0000	0.0784	0.1293	0.0001
86	151	0.1915	4	1	2	0	0	0	0	0	0	N	Y	N	N	N	N	N	N	N	N	N	N	0.0005	0.0004	0.0005	0.0119	0.0064	0.6723	0.0003	0.0003	0.0000	0.0012	0.0014	0.0004	0.0007	0.0004	0.0087	0.0014	0.0017	0.0000	2.4212	3.0931	0.8801	0.0550	0.0626	0.0129	4.1034	6.1886	1.1100	0.0565	0.1240	-0.0001	-0.3837	5.8060	3.4464	6.1034	10.1316	0.0003	0.0002	0.0000	0.0000	0.0000	0.0000	0.0002	0.0002	0.0000	1.1024	0.9808	0.1217	0.0104	0.0100	0.0004	1.0920	0.9708	0.1213	0.2015	0.1712	0.0303	0.0464	0.0450	0.0014	0.1551	0.1262	0.0289	0.4553	0.3171	0.1382	0.1892	0.1602	0.0290	0.2661	0.1569	0.1093	0.0005	0.0004	0.0005	0.0119	0.0064	0.6723	0.0003	0.0003	0.0000	2.4212	3.0931	0.8801	0.0550	0.0626	0.0129	4.1034	6.1886	1.1100
86	152	0.6188	10	2	2	0	0	0	0	0	0	Y	Y	N	N	N	N	N	N	N	N	N	N	0.0000	0.0000	0.0000	0.0000	0.0000	0.0000	0.0000	0.0000	0.0000	0.0000	0.0000	0.0000	0.0000	0.0000	0.0000	0.0000	0.0000	0.0006	0.0001	0.0019	0.0010	0.0001	0.0061	0.0000	0.0000	0.0000	8.0056	0.0000	0.0001	5.8060	1.0143	6.1034	12.0086	0.0000	0.0000	0.0000	0.0000	0.0000	0.0000	0.0000	0.0000	0.0000	0.0002	0.0000	0.0002	0.0002	0.0000	0.0002	0.0000	0.0000	0.0000	0.0494	0.0425	0.0069	0.0166	0.0157	0.0009	0.0328	0.0268	0.0060	0.3229	0.2399	0.0830	0.1880	0.1616	0.0264	0.1349	0.0783	0.0566	0.0000	0.0000	0.0000	0.0000	0.0000	0.0000	0.0000	0.0000	0.0000	0.0006	0.0001	0.0019	0.0010	0.0001	0.0061	0.0000	0.0000	0.0000		
86	153	0.6166	9	2	2	0	0	0	0	0	0	Y	Y	N	N	N	N	N	N	N	N	N	N	0.2308	0.0000	0.5677	0.7297	0.0000	3.2190	0.0000	0.0000	0.0000	0.0000	0.0000	0.0000	0.0000	0.0000	0.0003	0.0000	0.0000	0.0000	0.0000	0.0000	0.0001	0.0000	0.0000	0.0001	0.0000	0.0000	0.0001	inf	2.8438	0.0000	0.0000	5.8060	0.9811	6.1034	0.0216	0.0000	0.0000	0.0000	0.0000	0.0000	0.0000	0.0000	0.0000	0.0000	0.0000	0.0000	0.0000	0.0000	0.0000	0.0000	0.0000	0.0000	0.0000	0.0474	0.0407	0.0067	0.0158	0.0149	0.0009	0.0316	0.0258	0.0058	0.0262	0.0195	0.0067	0.0154	0.0132	0.0021	0.0109	0.0063	0.0046	0.2308	0.0000	0.5677	0.7297	0.0000	3.2190	0.0000	0.0000	0.0000	0.0000	0.0000	0.0001	0.0000	0.0000	0.0001	0.0000	0.0000	0.0001
86	154	0.6120	8	2	2	0	0	0	0	0	0	Y	Y	N	N	N	N	N	N	N	N	N	N	5.2666	33.1577	0.0000	55.1797	64.1712	0.0000	0.0000	0.0000	0.0000	0.0051	0.0060	0.0000	0.0132	0.0144	0.0000	0.0000	0.0000	0.0000	0.0010	0.0002	0.0033	0.0002	0.0002	0.0003	0.0020	0.0001	0.0046	0.0000	6.2454	-0.0000	0.0000	5.8060	0.0083	6.1034	2.0001	0.0000	0.0000	0.0000	0.0000	0.0000	0.0000	0.0000	0.0000	0.0000	0.0001	0.0000	0.0000	0.0000	0.0000	0.0000	0.0000	0.0000	0.0000	0.0005	0.0004	0.0001	0.0002	0.0002	0.0000	0.0003	0.0002	0.0001	0.0534	0.0396	0.0137	0.0312	0.0269	0.0043	0.0222	0.0128	0.0094	5.2666	33.1577	0.0000	55.1797	64.1712	0.0000	0.0000	0.0000	0.0000	0.0010	0.0002	0.0033	0.0002	0.0002	0.0003	0.0020	0.0001	0.0046
86	155	0.5884	7	1	2	0	0	0	0	0	0	N	Y	N	N	N	N	N	N	N	N	N	N	0.5916	5.9650	0.0000	12.2962	13.1961	0.0000	0.0000	0.0000	0.0000	0.0655	0.0764	0.0000	0.1892	0.2030	0.0000	0.0000	0.0000	0.0000	0.1107	0.0128	0.3798	0.0154	0.0154	0.0154	0.2701	0.0070	0.6627	0.0000	10.7842	-0.0042	0.0217	5.8060	2.9180	6.1034	7.4065	0.0094	0.0094	0.0000	0.0094	0.0094	0.0000	0.0000	0.0000	0.0000	0.0475	0.0040	0.0434	0.0041	0.0034	0.0008	0.0433	0.0007	0.0427	0.1438	0.1232	0.0206	0.0498	0.0464	0.0034	0.0940	0.0769	0.0172	0.4288	0.3144	0.1144	0.2683	0.2183	0.0500	0.1604	0.0961	0.0644	0.5916	5.9650	0.0000	12.2962	13.1961	0.0000	0.0000	0.0000	0.0000	0.1107	0.0128	0.3798	0.0154	0.0154	0.0154	0.2701	0.0070	0.6627
86	156	0.5225	6	1	1	0	0	0	0	0	0	N	N	N	N	N	N	N	N	N	N	N	N	0.0544	0.0055	0.3305	0.0704	0.0261	1.2193	0.0378	0.0002	0.2237	0.0122	0.0011	0.0926	0.0065	0.0025	0.0935	0.0159	0.0001	0.0925	0.2248	0.2058	0.2803	0.0927	0.0960	0.0767	0.4207	0.4252	0.4135	11.3681	0.4650	0.0032	-0.0318	5.8060	8.2479	6.1034	19.7214	0.0068	0.0005	0.0062	0.0014	0.0005	0.0009	0.0054	0.0000	0.0053	0.2259	0.1542	0.0717	0.0557	0.0479	0.0078	0.1702	0.1063	0.0640	0.5557	0.4883	0.0674	0.2182	0.2085	0.0097	0.3375	0.2798	0.0578	1.0052	0.7493	0.2559	0.6005	0.4993	0.1012	0.4046	0.2499	0.1547	0.0544	0.0055	0.3305	0.0704	0.0261	1.2193	0.0378	0.0002	0.2237	0.2248	0.2058	0.2803	0.0927	0.0960	0.0767	0.4207	0.4252	0.4135
86	157	0.4864	5	1	1	0	0	0	0	0	0	N	N	N	N	N	N	N	N	N	N	N	N	0.0346	0.0182	0.2538	0.2623	0.2324	0.5286	0.0108	0.0003	0.1726	0.0296	0.0184	0.1010	0.0483	0.0494	0.0283	0.0203	0.0007	0.1114	0.8551	1.0136	0.3978	0.1843	0.2126	0.0536	1.8836	2.6394	0.6457	0.8547	0.1361	0.0002	-0.2777	5.8060	7.4725	6.1034	14.3153	0.0126	0.0068	0.0058	0.0068	0.0066	0.0002	0.0058	0.0002	0.0056	0.8200	0.7218	0.0982	0.1070	0.1014	0.0055	0.7131	0.6204	0.0927	0.4251	0.3677	0.0574	0.1412	0.1340	0.0072	0.2839	0.2337	0.0502	0.9590	0.7121	0.2469	0.5804	0.4771	0.1033	0.3786	0.2351	0.1435	0.0346	0.0182	0.2538	0.2623	0.2324	0.5286	0.0108	0.0003	0.1726	0.8551	1.0136	0.3978	0.1843	0.2126	0.0536	1.8836	2.6394	0.6457
86	158	0.4209	4	1	1	0	0	0	0	0	0	N	N	N	N	N	N	N	N	N	N	N	N	0.8301	0.0175	2.3040	0.1038	0.0907	0.4739	0.5575	0.0003	1.6670	0.7266	0.0065	5.3308	0.0198	0.0193	0.0329	1.0234	0.0002	5.8190	0.8753	0.3722	2.3137	0.1908	0.2127	0.0695	1.8356	0.6926	3.4908	128.3873	2.1749	0.2549	0.2803	5.8060	11.6653	6.1034	19.4910	0.4625	0.0036	0.4589	0.0037	0.0035	0.0002	0.4587	0.0001	0.4587	1.2368	0.3896	0.8472	0.1574	0.1486	0.0088	1.0794	0.2409	0.8385	0.6365	0.5504	0.0861	0.1882	0.1809	0.0073	0.4483	0.3694	0.0788	1.4129	1.0467	0.3662	0.8249	0.6989	0.1260	0.5880	0.3478	0.2402	0.8301	0.0175	2.3040	0.1038	0.0907	0.4739	0.5575	0.0003	1.6670	0.8753	0.3722	2.3137	0.1908	0.2127	0.0695	1.8356	0.6926	3.4908
86	159	0.3736	3	1	1	0	0	0	0	0	0	N	N	N	N	N	N	N	N	N	N	N	N	1.4398	3.0972	1.7986	21.1491	23.4793	3.6969	0.4345	0.0006	1.2147	1.0255	0.5896	4.0060	1.5591	1.6013	0.3781	0.7597	0.0003	4.3646	0.7123	0.1904	2.2273	0.0737	0.0682	0.1023	1.7484	0.4715	3.5932	0.9939	4.0306	0.0286	0.3930	5.8060	7.3933	6.1034	20.5306	0.4984	0.2499	0.2484	0.2520	0.2499	0.0021	0.2464	0.0001	0.2463	1.1464	0.2279	0.9185	0.0734	0.0569	0.0165	1.0730	0.1710	0.9020	0.4860	0.4239	0.0620	0.1616	0.1560	0.0056	0.3243	0.2679	0.0564	1.6096	1.1972	0.4124	0.9959	0.8345	0.1614	0.6137	0.3626	0.2510	1.4398	3.0972	1.7986	21.1491	23.4793	3.6969	0.4345	0.0006	1.2147	0.7123	0.1904	2.2273	0.0737	0.0682	0.1023	1.7484	0.4715	3.5932
86	160	0.1375	2	1	1	0	0	0	0	0	0	N	N	N	N	N	N	N	N	N	N	N	N	3.2537	0.0238	7.2992	47.6625	0.0436	704.2427	1.7134	0.0213	4.5956	2.1241	0.0020	14.6659	4.6789	0.0041	95.8835	1.6747	0.0015	10.3560	0.6528	0.0827	2.0093	0.0982	0.0943	0.1362	0.9774	0.0721	2.2535	1262.9404	10.2161	1.2953	0.5730	5.8060	27.6416	6.1034	54.6365	2.3210	0.0018	2.3191	0.7647	0.0006	0.7641	1.5563	0.0012	1.5551	1.2664	0.1129	1.1535	0.0703	0.0613	0.0090	1.1961	0.0516	1.1445	1.0927	0.9346	0.1581	0.1634	0.1555	0.0080	0.9293	0.7791	0.1502	1.9399	1.3658	0.5741	0.7162	0.6500	0.0662	1.2237	0.7158	0.5079	3.2537	0.0238	7.2992	47.6625	0.0436	704.2427	1.7134	0.0213	4.5956	0.6528	0.0827	2.0093	0.0982	0.0943	0.1362	0.9774	0.0721	2.2535
86	161	0.2420	8	2	2	0	0	0	0	0	0	Y	Y	N	N	N	N	N	N	N	N	N	N	0.0000	0.0000	0.0000	0.0000	0.0000	0.0000	0.0000	0.0000	0.0000	0.0000	0.0000	0.0000	0.0000	0.0000	0.0000	0.0000	0.0000	0.0004	0.0003	0.0005	0.0008	0.0007	0.0016	0.0001	0.0000	0.0002	0.7123	0.0000	-0.0000	5.8060	0.0002	6.1034	3.0099	0.0000	0.0000	0.0000	0.0000	0.0000	0.0000	0.0000	0.0000	0.0000	0.0000	0.0000	0.0000	0.0000	0.0000	0.0000	0.0000	0.0000	0.0000	0.0000	0.0000	0.0000	0.0000	0.0000	0.0000	0.0000	0.0000	0.0000	0.0870	0.0595	0.0275	0.0361	0.0300	0.0062	0.0509	0.0295	0.0213	0.0000	0.0000	0.0000	0.0000	0.0000	0.0000	0.0000	0.0000	0.0000	0.0004	0.0003	0.0005	0.0008	0.0007	0.0016	0.0001	0.0000	0.0002		
86	162	0.2344	7	2	2	0	0	0	0	0	0	Y	Y	N	N	N	N	N	N	N	N	N	N	0.0000	0.0000	0.0000	0.0000	0.0000	0.0000	0.0000	0.0000	0.0000	0.0000	0.0000	0.0000	0.0000	0.0002	0.0003	0.0000	0.0004	0.0005	0.0000	0.0000	0.0000	0.0000	0.0000	0.0000	-0.0000	5.8060	0.9998	6.1034	2.0118	0.0000	0.0000	0.0000	0.0000	0.0000	0.0000	0.0000	0.0000	0.0000	0.0000	0.0000	0.0000	0.0000	0.0000	0.0000	0.0000	0.0000	0.0000	0.0457	0.0388	0.0068	0.0070	0.0066	0.0004	0.0387	0.0322	0.0065	0.0828	0.0561	0.0266	0.0328	0.0274	0.0054	0.0499	0.0287	0.0213	0.0000	0.0000	0.0000	0.0000	0.0000	0.0000	0.0000	0.0000	0.0000	0.0002	0.0003	0.0000	0.0004	0.0005	0.0000	0.0000	0.0000	0.0000						
86	163	0.2344	6	2	2	0	0	0	0	0	0	Y	Y	N	N	N	N	N	N	N	N	N	N	0.0000	0.0000	0.0000	0.0000	0.0000	0.0000	0.0000	0.0000	0.0000	0.0000	0.0000	0.0000	0.0000	0.0000	0.0000	0.0000	0.0000	0.0000	0.0000	0.0000	5.8060	0.0000	6.1034	0.0003	0.0000	0.0000	0.0000	0.0000	0.0000	0.0000	0.0000	0.0000	0.0000	0.0000	0.0000	0.0000	0.0000	0.0000	0.0000	0.0000	0.0000	0.0000	0.0000	0.0000	0.0000	0.0000	0.0000	0.0000	0.0000	0.0000	0.0000	0.0001	0.0001	0.0000	0.0001	0.0001	0.0000	0.0000	0.0000	0.0000	0.0000	0.0000	0.0000	0.0000	0.0000	0.0000	0.0000	0.0000	0.0000	0.0000	0.0000	0.0000	0.0000	0.0000	0.0000	0.0000	0.0000	0.0000											
86	164	0.2234	5	1	2	0	0	0	0	0	0	N	Y	N	N	N	N	N	N	N	N	N	N	0.0000	0.0000	0.0001	0.0000	0.0000	0.1312	0.0000	0.0000	0.0000	0.0000	0.0000	0.0000	0.0000	0.0000	0.0015	0.0000	0.0000	0.0000	0.4067	0.5311	0.1497	0.8634	1.0056	0.0112	0.0824	0.0000	0.1805	inf	0.1365	0.0000	-0.0194	5.8060	0.0063	6.1034	4.3641	0.0000	0.0000	0.0000	0.0000	0.0000	0.0000	0.0000	0.0000	0.0000	0.0573	0.0504	0.0069	0.0505	0.0504	0.0001	0.0068	0.0000	0.0068	0.0019	0.0012	0.0007	0.0008	0.0008	0.0000	0.0010	0.0003	0.0007	0.1408	0.0949	0.0459	0.0585	0.0501	0.0084	0.0823	0.0448	0.0376	0.0000	0.0000	0.0001	0.0000	0.0000	0.1312	0.0000	0.0000	0.0000	0.4067	0.5311	0.1497	0.8634	1.0056	0.0112	0.0824	0.0000	0.1805
86	165	0.1915	4	1	1	0	0	0	0	0	0	N	N	N	N	N	N	N	N	N	N	N	N	0.0000	0.0000	0.0001	0.0059	0.0000	0.4535	0.0000	0.0000	0.0000	0.0001	0.0000	0.0006	0.0003	0.0000	0.0117	0.0000	0.0000	0.0001	2.2992	0.0300	9.6829	0.0533	0.0583	0.0259	3.9157	0.0007	11.7117	958.0543	108.9099	0.0000	0.5258	5.8060	2.5207	6.1034	10.0226	0.0000	0.0000	0.0000	0.0000	0.0000	0.0000	0.0000	0.0000	0.0000	0.9873	0.0090	0.9784	0.0096	0.0089	0.0007	0.9777	0.0001	0.9776	0.1599	0.1357	0.0241	0.0401	0.0390	0.0011	0.1198	0.0967	0.0231	0.4294	0.2996	0.1298	0.1797	0.1523	0.0275	0.2497	0.1474	0.1023	0.0000	0.0000	0.0001	0.0059	0.0000	0.4535	0.0000	0.0000	0.0000	2.2992	0.0300	7.5367	0.0533	0.0583	0.0259	3.9157	0.0007	9.5524
86	166	0.1759	3	1	1	0	0	0	0	0	0	N	N	N	N	N	N	N	N	N	N	N	N	1.0120	1.4402	0.3731	2.4860	2.4912	2.5334	0.0839	0.3404	0.1000	0.0179	0.0191	0.0108	0.0527	0.0526	0.0551	0.0012	0.0008	0.0032	0.0177	0.0132	0.0288	0.0212	0.0211	0.0218	0.0143	0.0023	0.0315	0.0894	0.8776	-0.0013	0.0001	5.8060	2.6894	6.1034	4.6619	0.0035	0.0032	0.0003	0.0034	0.0031	0.0002	0.0002	0.0001	0.0001	0.0069	0.0037	0.0032	0.0041	0.0034	0.0007	0.0028	0.0003	0.0026	0.1964	0.1696	0.0269	0.0638	0.0599	0.0039	0.1326	0.1097	0.0229	0.3908	0.2786	0.1123	0.1931	0.1619	0.0311	0.1978	0.1166	0.0811	1.0120	1.4402	0.3731	2.4860	2.4912	2.5334	0.0839	0.3404	0.1000	0.0177	0.0132	0.0288	0.0212	0.0211	0.0218	0.0143	0.0023	0.0315
86	167	0.1375	2	1	1	0	0	0	0	0	0	N	N	N	N	N	N	N	N	N	N	N	N	0.5825	0.0019	1.2917	6.1544	0.0064	35.8632	0.2656	0.0009	0.7318	0.0155	0.0000	0.0990	0.0386	0.0000	0.8631	0.0113	0.0000	0.0634	0.0267	0.0041	0.0766	0.0063	0.0040	0.0241	0.0424	0.0042	0.0867	2426.5896	8.5167	0.0011	0.0056	5.8060	2.7966	6.1034	8.5340	0.0020	0.0000	0.0020	0.0008	0.0000	0.0008	0.0012	0.0000	0.0012	0.0127	0.0013	0.0114	0.0013	0.0007	0.0006	0.0114	0.0006	0.0108	0.1260	0.1063	0.0198	0.0197	0.0188	0.0009	0.1063	0.0874	0.0189	0.4772	0.3285	0.1486	0.2080	0.1842	0.0238	0.2692	0.1444	0.1248	0.5825	0.0019	1.2917	6.1544	0.0064	35.8632	0.2656	0.0009	0.7318	0.0267	0.0041	0.0766	0.0063	0.0040	0.0241	0.0424	0.0042	0.0867
87	88	0.1905	4	1	2	0	0	0	0	0	0	N	Y	N	N	N	N	N	N	N	N	N	N	0.0000	0.0000	0.0000	0.0000	0.0000	0.0000	0.0006	0.0033	0.0000	0.0001	0.0001	0.0000	0.0000	0.0000	0.0000	0.0001	0.0001	0.0000	1.5938	2.4080	0.2146	6.5181	7.8015	0.0020	0.1243	0.0257	0.2386	0.0000	0.0526	-0.0000	-0.4789	12.2869	4.0005	21.7146	9.0093	0.0000	0.0000	0.0000	0.0000	0.0000	0.0000	0.0000	0.0000	0.0000	1.1725	1.1139	0.0586	1.1067	1.1066	0.0001	0.0659	0.0073	0.0585	0.2981	0.2530	0.0451	0.0154	0.0143	0.0011	0.2827	0.2387	0.0440	0.7357	0.4626	0.2731	0.2057	0.1780	0.0277	0.5299	0.2846	0.2454	0.0000	0.0000	0.0000	0.0000	0.0000	0.0000	0.0006	0.0033	0.0000	1.5938	2.4080	0.2146	5.3792	6.2153	0.0020	0.1243	0.0257	0.2386
87	89	0.1679	3	1	2	0	0	0	0	0	0	N	Y	N	N	N	N	N	N	N	N	N	N	0.0003	0.0006	0.0000	0.0000	0.0000	0.0000	0.0004	0.0042	0.0000	0.0011	0.0012	0.0000	0.0000	0.0000	0.0000	0.0011	0.0013	0.0000	3.0193	1.9554	4.8178	4.1267	4.7812	0.5259	2.6029	0.3100	5.3650	0.0012	1.4575	-0.0000	0.2304	12.2869	1.0051	21.7146	9.2650	0.0001	0.0001	0.0000	0.0000	0.0000	0.0000	0.0001	0.0001	0.0000	1.7104	0.6960	1.0144	0.6388	0.6263	0.0125	1.0716	0.0697	1.0019	0.0761	0.0645	0.0116	0.0035	0.0032	0.0003	0.0726	0.0613	0.0113	0.5665	0.3559	0.2106	0.1548	0.1310	0.0238	0.4117	0.2250	0.1867	0.0003	0.0006	0.0000	0.0000	0.0000	0.0000	0.0004	0.0042	0.0000	3.0193	1.9554	4.8178	4.1267	4.7812	0.5259	2.6029	0.3100	5.3650
87	90	0.2163	3	1	1	1	0	0	0	0	0	N	N	N	N	N	N	N	N	N	N	N	N	10.1861	8.5716	0.1856	87.6169	81.6582	0.0090	0.0084	0.0011	0.1734	1.5897	1.8415	0.0072	11.8418	12.3290	0.0000	0.0014	0.0003	0.0075	0.1561	0.2148	0.0390	0.1352	0.1510	0.0045	0.1674	0.2715	0.0434	0.0006	0.0912	-0.1360	-0.0316	12.2869	2.3559	21.7146	7.1930	0.3087	0.3085	0.0002	0.3085	0.3085	0.0000	0.0002	0.0000	0.0002	0.0843	0.0772	0.0070	0.0256	0.0255	0.0001	0.0587	0.0517	0.0070	0.1942	0.1675	0.0267	0.0260	0.0250	0.0010	0.1681	0.1425	0.0256	0.5399	0.3594	0.1805	0.1895	0.1690	0.0205	0.3504	0.1904	0.1600	10.1861	8.5716	0.1856	87.6169	81.6582	0.0090	0.0084	0.0011	0.1734	0.1561	0.2148	0.0390	0.1352	0.1510	0.0045	0.1674	0.2715	0.0434
87	91	0.1835	2	1	1	0	0	0	0	0	0	N	N	N	N	N	N	N	N	N	N	N	N	5.5804	14.9836	0.0371	18.6219	18.1160	0.4065	3.3878	14.4621	0.0328	1.1619	1.3226	0.0172	1.6362	1.6577	0.0209	1.0254	1.2101	0.0171	0.2082	0.0883	0.4635	0.0879	0.0915	0.0515	0.3027	0.0837	0.5225	0.0018	2.4670	-0.3067	0.0848	12.2869	4.9284	21.7146	11.0439	0.6981	0.6968	0.0013	0.2197	0.2197	0.0000	0.4784	0.4772	0.0012	0.3351	0.0967	0.2384	0.0622	0.0589	0.0033	0.2729	0.0378	0.2351	0.6008	0.5269	0.0740	0.1343	0.1325	0.0018	0.4666	0.3944	0.0722	1.6094	1.0949	0.5145	0.7077	0.6433	0.0644	0.9016	0.4516	0.4500	5.5804	14.9836	0.0371	18.6219	18.1160	0.4065	3.3878	14.4621	0.0328	0.2082	0.0883	0.4635	0.0879	0.0915	0.0515	0.3027	0.0837	0.5225
87	93	0.6345	7	2	2	0	0	0	0	0	0	Y	Y	N	N	N	N	N	N	N	N	N	N	2.9952	3.8945	3.6825	5.7443	6.9773	8.6918	0.0626	0.5602	0.1045	0.0450	0.0366	0.1021	0.1202	0.0916	0.5174	0.0004	0.0002	0.0013	0.0150	0.0094	0.0277	0.0209	0.0131	0.0595	0.0066	0.0004	0.0126	0.4110	1.3073	-0.0013	0.0006	12.2869	2.5103	21.7146	7.4742	0.0089	0.0063	0.0026	0.0088	0.0062	0.0026	0.0001	0.0000	0.0000	0.0054	0.0023	0.0030	0.0044	0.0023	0.0021	0.0010	0.0000	0.0009	0.1968	0.1715	0.0252	0.0732	0.0683	0.0049	0.1236	0.1033	0.0203	0.3574	0.2477	0.1097	0.2104	0.1750	0.0354	0.1470	0.0727	0.0743	2.9952	3.8945	3.6825	5.7443	6.9773	8.6918	0.0626	0.5602	0.1045	0.0150	0.0094	0.0277	0.0209	0.0131	0.0595	0.0066	0.0004	0.0126
87	94	0.5982	6	1	2	0	0	0	0	0	0	N	Y	N	N	N	N	N	N	N	N	N	N	3.2745	2.5372	9.1209	8.9707	6.3856	384.1466	0.0524	0.0475	0.0600	0.0415	0.0381	0.0660	0.1189	0.1016	0.4368	0.0006	0.0006	0.0006	0.0127	0.0150	0.0072	0.0132	0.0159	0.0011	0.0118	0.0129	0.0106	0.2334	0.2108	-0.0066	-0.0015	12.2869	7.1305	21.7146	3.2426	0.0264	0.0214	0.0050	0.0261	0.0212	0.0050	0.0003	0.0002	0.0000	0.0054	0.0045	0.0009	0.0034	0.0033	0.0001	0.0020	0.0011	0.0009	0.6368	0.5611	0.0757	0.2199	0.2086	0.0113	0.4169	0.3526	0.0643	0.4262	0.2964	0.1298	0.2562	0.2101	0.0461	0.1700	0.0863	0.0837	3.2745	2.5372	9.1209	8.9707	6.3856	384.1466	0.0524	0.0475	0.0600	0.0127	0.0150	0.0072	0.0132	0.0159	0.0011	0.0118	0.0129	0.0106
87	95	0.1679	3	2	2	0	0	0	0	0	0	Y	Y	N	N	N	N	N	N	N	N	N	N	0.0010	0.0007	0.0160	0.0000	0.0000	0.0000	0.0016	0.0010	0.0252	0.0027	0.0029	0.0014	0.0000	0.0000	0.0000	0.0028	0.0031	0.0014	2.5942	4.2933	0.0848	7.9975	9.7691	0.3758	1.7184	3.1827	0.0551	0.0828	0.0134	-0.0006	-1.5138	12.2869	8.0000	21.7146	22.5660	0.0016	0.0015	0.0001	0.0000	0.0000	0.0000	0.0016	0.0015	0.0001	3.4006	3.3557	0.0449	1.6382	1.6198	0.0184	1.7623	1.7359	0.0265	0.5865	0.4980	0.0885	0.0265	0.0246	0.0020	0.5600	0.4734	0.0865	1.3108	0.7816	0.5292	0.2853	0.2362	0.0491	1.0256	0.5454	0.4802	0.0010	0.0007	0.0160	0.0000	0.0000	0.0000	0.0016	0.0010	0.0252	2.5942	4.2933	0.0848	5.7427	6.8578	0.3758	1.7184	3.1827	0.0551
87	98	0.1984	5	2	2	1	0	0	0	0	0	Y	Y	N	N	N	N	N	N	N	N	N	N	0.0022	0.0024	0.0000	0.0134	0.0216	0.0000	0.0000	0.0000	0.0000	0.0162	0.0189	0.0000	0.1070	0.1118	0.0000	0.0000	0.0000	0.0000	7.2815	8.0209	4.6368	7.9800	5.1813	7.9990	5.8637	7.5427	4.0853	0.0000	0.4605	-0.0006	-0.6095	12.2869	0.9502	21.7146	16.1595	0.0014	0.0014	0.0000	0.0014	0.0014	0.0000	0.0000	0.0000	0.0000	4.2608	2.9173	1.3435	1.2551	0.9284	0.3266	3.0058	1.9889	1.0169	0.0853	0.0733	0.0119	0.0129	0.0124	0.0006	0.0723	0.0610	0.0114	0.7326	0.4429	0.2898	0.2200	0.1792	0.0408	0.5126	0.2637	0.2489	0.0028	0.0029	0.0000	0.0188	0.0216	0.0000	0.0000	0.0000	0.0000	5.8158	6.5872	4.6368	5.7042	5.1813	7.9990	5.8637	7.5427	4.0853
87	100	0.2014	6	2	1	1	0	0	0	0	0	Y	N	N	N	N	N	N	N	N	N	N	N	0.0000	0.0000	0.0001	0.0000	0.0000	0.0009	0.0002	0.0007	0.0001	0.0000	0.0000	0.0000	0.0000	0.0000	0.0000	0.0000	0.0000	0.0000	1.5985	2.5694	0.1566	5.5888	7.7552	0.0043	0.1038	0.0272	0.1818	0.0896	0.0410	-0.0000	-0.4290	12.2869	1.0008	21.7146	13.9255	0.0000	0.0000	0.0000	0.0000	0.0000	0.0000	0.0000	0.0000	0.0000	1.0240	0.9836	0.0404	0.9777	0.9775	0.0002	0.0463	0.0061	0.0402	0.0759	0.0645	0.0114	0.0067	0.0062	0.0006	0.0691	0.0583	0.0108	0.6406	0.3828	0.2578	0.1944	0.1577	0.0367	0.4462	0.2251	0.2211	0.0000	0.0000	0.0001	0.0000	0.0000	0.0009	0.0002	0.0007	0.0001	1.5985	2.5694	0.1566	5.0292	6.1987	0.0043	0.1038	0.0272	0.1818
87	101	0.1984	5	2	1	1	0	0	0	0	0	Y	N	N	N	N	N	N	N	N	N	N	N	0.0015	0.0017	0.0011	0.0000	0.0001	0.0000	0.0112	0.0068	0.0517	0.0043	0.0044	0.0035	0.0002	0.0002	0.0007	0.0071	0.0078	0.0036	2.7707	2.5546	3.2176	5.7562	3.5389	17.7670	0.6319	1.1384	0.0696	0.0882	0.6092	-0.0000	-0.0390	12.2869	0.0532	21.7146	2.0467	0.0001	0.0001	0.0000	0.0000	0.0000	0.0000	0.0001	0.0001	0.0000	0.4894	0.3041	0.1853	0.4308	0.2486	0.1822	0.0586	0.0556	0.0031	0.0177	0.0159	0.0017	0.0072	0.0071	0.0000	0.0105	0.0088	0.0017	0.1766	0.1191	0.0576	0.0839	0.0702	0.0136	0.0928	0.0488	0.0440	0.0015	0.0017	0.0011	0.0000	0.0001	0.0001	0.0112	0.0068	0.0517	2.7707	2.5546	3.2176	5.1376	3.5389	13.3859	0.6319	1.1384	0.0696
87	102	0.1887	4	2	1	1	0	0	0	0	0	Y	N	N	N	N	N	N	N	N	N	N	N	0.0005	0.0006	0.0001	0.0009	0.0014	0.0000	0.0016	0.0010	0.0151	0.0008	0.0009	0.0002	0.0035	0.0038	0.0001	0.0005	0.0005	0.0002	1.6905	1.5781	1.8994	4.1426	2.7913	10.8095	0.2978	0.5308	0.0164	0.0435	0.6479	-0.0001	-0.0331	12.2869	2.0948	21.7146	3.0326	0.0001	0.0001	0.0000	0.0001	0.0001	0.0000	0.0001	0.0001	0.0000	0.5072	0.3078	0.1994	0.4502	0.2522	0.1980	0.0570	0.0556	0.0014	0.1708	0.1460	0.0248	0.0200	0.0188	0.0012	0.1509	0.1272	0.0237	0.3000	0.1950	0.1050	0.1087	0.0904	0.0183	0.1913	0.1047	0.0867	0.0005	0.0006	0.0001	0.0009	0.0014	0.0000	0.0016	0.0010	0.0151	1.6905	1.5781	1.8994	4.1426	2.7913	10.8095	0.2978	0.5308	0.0164
87	103	0.1679	3	2	1	1	0	0	0	0	0	Y	N	N	N	N	N	N	N	N	N	N	N	0.0064	0.0044	0.4774	0.0000	0.0000	0.0000	0.9880	0.6612	2.1982	0.0047	0.0051	0.0025	0.0000	0.0000	0.0000	0.0050	0.0054	0.0026	0.7367	1.1569	0.0053	2.5773	3.0288	0.0364	0.0050	0.0081	0.0012	0.0889	0.0026	-0.0005	-0.1702	12.2869	3.9484	21.7146	4.8420	0.0014	0.0013	0.0001	0.0000	0.0000	0.0000	0.0014	0.0013	0.0001	0.3736	0.3726	0.0010	0.3717	0.3710	0.0008	0.0018	0.0016	0.0002	0.2949	0.2501	0.0448	0.0134	0.0124	0.0010	0.2815	0.2377	0.0438	0.5071	0.3220	0.1850	0.1442	0.1225	0.0218	0.3628	0.1996	0.1633	0.0064	0.0044	0.4774	0.0000	0.0000	0.0000	0.9880	0.6612	2.1982	0.7367	1.1569	0.0053	2.5773	3.0288	0.0364	0.0050	0.0081	0.0012
87	104	0.1262	2	1	2	0	0	0	0	0	0	N	Y	N	N	N	N	N	N	N	N	N	N	2.9407	8.4299	0.9139	0.0275	0.0121	0.0183	7.0185	31.6610	2.0437	1.6272	1.7510	0.9300	0.0698	0.0090	0.9629	1.7556	1.9107	0.9289	0.5533	0.2077	1.0177	2.5337	0.7439	52.5299	0.2501	0.0603	0.4545	0.0943	3.6468	-0.3949	0.3172	12.2869	8.9557	21.7146	32.3127	1.1126	1.0167	0.0959	0.0036	0.0004	0.0032	1.1090	1.0162	0.0927	0.9718	0.2091	0.7627	0.5908	0.1615	0.4294	0.3810	0.0477	0.3333	0.6838	0.5806	0.1031	0.0521	0.0488	0.0033	0.6317	0.5319	0.0998	1.7562	1.0068	0.7494	0.2332	0.2171	0.0161	1.5231	0.7898	0.7333	2.9407	8.4299	0.9139	0.0275	0.0121	0.0361	7.0185	31.6610	2.0437	0.5533	0.2077	1.0177	2.5337	0.7439	26.6445	0.2501	0.0603	0.4545
87	105	0.1517	3	1	1	1	0	0	0	0	0	N	N	N	N	N	N	N	N	N	N	N	N	0.1240	0.0008	2.5411	0.0012	0.0011	0.0000	0.1478	0.0007	2.4991	0.0237	0.0002	0.1503	0.0003	0.0003	0.0000	0.0269	0.0002	0.1556	0.1913	0.2832	0.0591	0.2352	0.2686	0.0032	0.1822	0.2882	0.0623	128.0208	0.1451	0.0048	-0.0355	12.2869	4.2679	21.7146	7.8415	0.0086	0.0001	0.0086	0.0000	0.0000	0.0000	0.0086	0.0001	0.0086	0.1069	0.0934	0.0136	0.0226	0.0226	0.0000	0.0843	0.0708	0.0135	0.3643	0.3073	0.0571	0.0439	0.0419	0.0020	0.3205	0.2653	0.0551	0.5588	0.3297	0.2292	0.0962	0.0841	0.0121	0.4626	0.2456	0.2170	0.1240	0.0008	2.5411	0.0012	0.0011	0.0000	0.1478	0.0007	2.4991	0.1913	0.2832	0.0591	0.2352	0.2686	0.0032	0.1822	0.2882	0.0623
87	106	0.1262	2	1	1	0	0	0	0	0	0	N	N	N	N	N	N	N	N	N	N	N	N	0.2384	0.0671	1.0804	0.6705	0.5097	6.0804	0.1978	0.0351	1.0513	0.7062	0.1807	3.6250	0.5554	0.4271	3.9070	0.7284	0.1386	3.6159	2.9617	2.6946	3.3553	0.8284	0.8378	0.6426	3.6825	3.9506	3.4395	3.6117	0.8452	0.0417	-0.0007	12.2869	1.9301	21.7146	9.0954	0.1219	0.0264	0.0954	0.0123	0.0091	0.0032	0.1095	0.0173	0.0922	2.2514	1.2201	1.0312	0.1590	0.1531	0.0059	2.0924	1.0671	1.0253	0.1726	0.1462	0.0263	0.0222	0.0213	0.0008	0.1504	0.1249	0.0255	0.7601	0.4528	0.3074	0.1920	0.1827	0.0093	0.5682	0.2701	0.2981	0.2384	0.0671	1.0804	0.6705	0.5097	6.0804	0.1978	0.0351	1.0513	2.9617	2.6946	3.3553	0.8284	0.8378	0.6426	3.6825	3.9506	3.4395
87	108	0.1151	3	1	2	0	0	0	0	0	0	N	Y	N	N	N	N	N	N	N	N	N	N	3.3210	1.5100	9.1759	45.9230	45.4950	0.0691	2.8224	0.0469	9.0123	1.7331	0.0964	10.6725	3.2137	3.2630	0.0029	1.6957	0.0029	10.6982	0.5219	0.0638	1.1631	0.0700	0.0717	0.0420	0.6008	0.0613	1.1871	20.2741	13.0164	0.5422	0.3487	12.2869	8.0392	21.7146	22.6195	1.0591	0.0498	1.0094	0.0483	0.0483	0.0000	1.0108	0.0014	1.0094	0.7414	0.0529	0.6885	0.0148	0.0143	0.0005	0.7266	0.0386	0.6880	0.6111	0.5166	0.0946	0.0150	0.0148	0.0002	0.5961	0.5017	0.0943	1.4207	0.8288	0.5920	0.2113	0.1989	0.0124	1.2094	0.6298	0.5796	3.3210	1.5100	9.1759	45.9230	45.4950	0.0691	2.8224	0.0469	9.0123	0.5219	0.0638	1.1631	0.0700	0.0717	0.0420	0.6008	0.0613	1.1871
87	109	0.1151	2	1	1	0	0	0	0	0	0	N	N	N	N	N	N	N	N	N	N	N	N	1.6709	1.3645	3.0953	2.0039	1.9876	1.8823	1.5130	0.1837	3.0633	2.1180	1.2791	6.3045	3.2854	3.2871	0.3175	1.5626	0.0129	6.3111	1.2676	0.9374	2.0368	1.6395	1.6538	0.1687	1.0328	0.0700	2.0602	0.9877	0.9326	0.0051	0.0109	12.2869	0.2031	21.7146	2.0398	0.0906	0.0456	0.0450	0.0453	0.0453	0.0000	0.0453	0.0003	0.0450	0.4523	0.2340	0.2183	0.2264	0.2261	0.0002	0.2259	0.0079	0.2180	0.0428	0.0357	0.0071	0.0138	0.0138	0.0000	0.0290	0.0219	0.0071	0.3568	0.2497	0.1072	0.1381	0.1367	0.0013	0.2188	0.1129	0.1058	1.6709	1.3645	3.0953	2.0039	1.9876	1.8823	1.5130	0.1837	3.0633	1.2676	0.9374	2.0368	1.6395	1.6538	0.1687	1.0328	0.0700	2.0602
87	110	0.6956	8	2	1	1	0	0	0	0	0	Y	N	N	N	N	N	N	N	N	N	N	N	0.0000	0.0000	0.0000	0.0000	0.0000	0.0000	0.0000	0.0000	0.0000	0.0000	0.0000	0.0000	0.0000	0.0000	0.0000	0.0000	0.0000	0.0000	0.0000	0.0000	0.0000	0.0000	0.0000	0.0000	-0.0000	12.2869	0.0001	21.7146	0.0001	0.0000	0.0000	0.0000	0.0000	0.0000	0.0000	0.0000	0.0000	0.0000	0.0000	0.0000	0.0000	0.0000	0.0000	0.0000	0.0000	0.0000	0.0000	0.0084	0.0066	0.0018	0.0042	0.0042	0.0000	0.0042	0.0024	0.0018	0.0003	0.0002	0.0001	0.0002	0.0002	0.0000	0.0002	0.0000	0.0001	0.0000	0.0000	0.0000	0.0000	0.0000	0.0000	0.0000	0.0000	0.0000	0.0000	0.0000	0.0000	0.0000	0.0000	0.0000	0.0000	0.0000	0.0000						
87	111	0.6818	7	2	1	1	0	0	0	0	0	Y	N	N	N	N	N	N	N	N	N	N	N	1.8809	1.8767	2.1963	5.6253	5.8023	0.0096	0.4629	0.0001	2.2307	0.0046	0.0044	0.0059	0.0143	0.0151	0.0000	0.0010	0.0000	0.0065	0.0025	0.0024	0.0027	0.0025	0.0026	0.0023	0.0023	0.0015	0.0029	0.1982	0.4889	-0.0002	-0.0001	12.2869	1.6718	21.7146	2.9223	0.0006	0.0005	0.0001	0.0005	0.0005	0.0000	0.0001	0.0000	0.0001	0.0005	0.0003	0.0002	0.0004	0.0003	0.0001	0.0002	0.0001	0.0001	0.1314	0.1143	0.0171	0.0353	0.0335	0.0018	0.0962	0.0808	0.0153	0.2111	0.1475	0.0637	0.1419	0.1141	0.0279	0.0692	0.0334	0.0358	1.8809	1.8767	2.1963	5.6253	5.8023	0.0096	0.4629	0.0001	2.2307	0.0025	0.0024	0.0027	0.0025	0.0026	0.0023	0.0023	0.0015	0.0029
87	112	0.5982	6	2	1	1	0	0	0	0	0	Y	N	N	N	N	N	N	N	N	N	N	N	99.6694	77.0043	258.0154	129.6768	165.7226	0.0737	709.6828	0.0886	4223.2266	2.9096	2.2032	7.8645	6.3829	6.7989	0.0063	1.4061	0.0002	9.2323	0.0292	0.0286	0.0305	0.0492	0.0410	0.0860	0.0020	0.0018	0.0022	0.5089	0.4810	-0.3077	-0.0028	12.2869	14.0283	21.7146	7.1084	2.9639	1.9642	0.9996	1.9642	1.9641	0.0001	0.9996	0.0001	0.9995	0.0209	0.0141	0.0068	0.0203	0.0138	0.0065	0.0006	0.0003	0.0003	1.0186	0.8915	0.1271	0.3077	0.2889	0.0188	0.7109	0.6026	0.1083	0.7167	0.4938	0.2229	0.4129	0.3376	0.0753	0.3039	0.1562	0.1476	99.6694	77.0043	258.0154	129.6768	165.7226	0.0737	709.6828	0.0886	4223.2266	0.0292	0.0286	0.0305	0.0492	0.0410	0.0860	0.0020	0.0018	0.0022
87	113	0.5380	5	1	1	0	0	0	0	0	0	N	N	N	N	N	N	N	N	N	N	N	N	0.9171	0.6209	3.5091	1.5308	1.3470	5.1704	0.6931	0.1602	3.0078	0.0343	0.0258	0.0989	0.0719	0.0718	0.0734	0.0174	0.0026	0.1026	0.0374	0.0415	0.0282	0.0470	0.0533	0.0142	0.0251	0.0164	0.0341	0.5085	0.3002	-0.0031	-0.0071	12.2869	8.6129	21.7146	5.1709	0.0296	0.0196	0.0100	0.0192	0.0183	0.0009	0.0104	0.0013	0.0090	0.0313	0.0241	0.0072	0.0221	0.0210	0.0011	0.0092	0.0031	0.0061	0.8632	0.7623	0.1009	0.2677	0.2548	0.0129	0.5955	0.5075	0.0881	0.8370	0.5805	0.2565	0.4708	0.3943	0.0764	0.3662	0.1862	0.1800	0.9171	0.6209	3.5091	1.5308	1.3470	5.1704	0.6931	0.1602	3.0078	0.0374	0.0415	0.0282	0.0470	0.0533	0.0142	0.0251	0.0164	0.0341
87	114	0.4429	4	1	1	0	0	0	0	0	0	N	N	N	N	N	N	N	N	N	N	N	N	3.3587	1.0475	76.7698	7.0080	4.1032	137.2962	2.7971	0.0211	75.1377	1.9652	0.8528	8.9853	5.6903	3.8178	28.7877	0.9990	0.0131	6.4650	0.5851	0.8141	0.1170	0.8120	0.9304	0.2097	0.3572	0.6212	0.0860	1.6697	0.0703	0.4561	-0.3974	12.2869	16.8607	21.7146	22.7724	2.4743	0.9268	1.5475	1.4755	0.9157	0.5598	0.9988	0.0111	0.9877	1.0122	0.9456	0.0665	0.7039	0.6741	0.0299	0.3082	0.2716	0.0366	1.2591	1.0868	0.1722	0.2593	0.2399	0.0194	0.9998	0.8470	0.1528	1.7299	1.1616	0.5682	0.8669	0.7245	0.1425	0.8629	0.4372	0.4258	3.3587	1.0475	76.7698	7.0080	4.1032	137.2962	2.7971	0.0211	75.1377	0.5851	0.8141	0.1170	0.8120	0.9304	0.2097	0.3572	0.6212	0.0860
87	115	0.1741	3	2	1	1	0	0	0	0	0	Y	N	N	N	N	N	N	N	N	N	N	N	42.6413	669.6649	0.0000	2.1153	3.5432	0.0000	32.7688	422.3313	0.0000	12.3944	14.5562	0.0000	0.0017	0.0018	0.0000	13.3781	15.8661	0.0000	0.2907	0.0217	0.7946	0.0008	0.0005	0.0090	0.4083	0.0376	0.8182	0.0000	19.5089	-0.4409	0.0529	12.2869	1.0009	21.7146	4.0038	0.9994	0.9994	0.0000	0.0000	0.0000	0.0000	0.9994	0.9994	0.0000	0.1074	0.0052	0.1021	0.0001	0.0001	0.0000	0.1073	0.0052	0.1021	0.0806	0.0687	0.0120	0.0059	0.0057	0.0003	0.0747	0.0630	0.0117	0.3694	0.2409	0.1286	0.1066	0.1029	0.0037	0.2628	0.1380	0.1248	42.6413	669.6649	0.0000	2.1153	3.5432	0.0000	32.7688	422.3313	0.0000	0.2907	0.0217	0.7946	0.0008	0.0005	0.0090	0.4083	0.0376	0.8182
87	116	0.1458	2	2	1	1	0	0	0	0	0	Y	N	N	N	N	N	N	N	N	N	N	N	0.0311	0.0073	0.9930	0.5153	0.4585	2.1325	0.0198	0.0008	0.9625	0.0733	0.0271	0.3307	0.4242	0.3901	0.9622	0.0531	0.0039	0.3170	2.3583	3.7399	0.3330	0.8231	0.8509	0.4512	2.6888	4.8483	0.3293	2.1842	0.0607	0.0026	-0.5969	12.2869	1.8441	21.7146	10.4794	0.0104	0.0033	0.0072	0.0033	0.0028	0.0004	0.0072	0.0004	0.0067	1.4881	1.4029	0.0852	0.0920	0.0885	0.0035	1.3961	1.3144	0.0817	0.1426	0.1209	0.0217	0.0077	0.0073	0.0005	0.1348	0.1136	0.0212	0.6310	0.3751	0.2559	0.1118	0.1040	0.0078	0.5192	0.2711	0.2481	0.0311	0.0073	0.9930	0.5153	0.4585	2.1325	0.0198	0.0008	0.9625	2.3583	3.7399	0.3330	0.8231	0.8509	0.4512	2.6888	4.8483	0.3293
87	117	0.3301	2	1	2	0	1	0	0	0	0	N	Y	N	N	N	N	N	N	N	N	N	N	2.5468	1.4166	23.9641	3.8526	3.6629	2.7141	1.8938	0.7364	24.0876	2.5899	1.9118	6.9915	2.2572	2.3437	0.5817	2.6674	1.7987	7.4707	1.0169	1.3495	0.2917	0.5859	0.6398	0.2143	1.4085	2.4424	0.3101	0.5634	0.0992	-0.1864	-0.7254	12.2869	10.5071	21.7146	20.2622	2.3081	1.4763	0.8317	0.3803	0.3755	0.0048	1.9278	1.1009	0.8269	1.9705	1.7927	0.1778	0.5404	0.5153	0.0251	1.4301	1.2774	0.1527	0.8912	0.7722	0.1190	0.1685	0.1602	0.0083	0.7227	0.6120	0.1107	1.9377	1.3284	0.6093	0.9224	0.8054	0.1170	1.0153	0.5230	0.4923	2.5468	1.4166	23.9641	3.8526	3.6629	2.7141	1.8938	0.7364	24.0876	1.0169	1.3495	0.2917	0.5859	0.6398	0.2143	1.4085	2.4424	0.3101
87	119	0.1324	2	1	2	0	0	0	0	0	0	N	Y	N	N	N	N	N	N	N	N	N	N	0.0115	0.0018	0.2936	0.0222	0.0114	34.2299	0.0132	0.0000	0.2231	0.0109	0.0027	0.0557	0.0714	0.0387	2.1100	0.0070	0.0000	0.0430	0.9439	1.4674	0.1899	3.2127	3.3950	0.0616	0.5295	0.8339	0.1926	3.7481	0.0898	0.0012	-0.4322	12.2869	3.8169	21.7146	21.2433	0.0034	0.0007	0.0027	0.0013	0.0007	0.0006	0.0021	0.0000	0.0021	1.1498	1.0550	0.0948	0.6044	0.6037	0.0006	0.5454	0.4513	0.0941	0.3132	0.2650	0.0482	0.0188	0.0185	0.0003	0.2944	0.2465	0.0479	1.2181	0.7190	0.4992	0.1881	0.1778	0.0103	1.0300	0.5411	0.4889	0.0115	0.0018	0.2936	0.0222	0.0114	34.2299	0.0132	0.0000	0.2231	0.9439	1.4674	0.1899	3.2127	3.3950	0.0616	0.5295	0.8339	0.1926
87	120	0.4780	6	1	2	0	0	0	0	0	0	N	Y	N	N	N	N	N	N	N	N	N	N	0.6975	0.2761	4.1448	0.5747	0.6705	0.0228	4.2064	0.0095	50.1218	0.7898	0.3390	3.8438	1.1506	1.2112	0.0660	0.6654	0.0021	4.2888	1.1324	1.2279	0.9274	2.0022	1.8064	2.8905	0.1582	0.2230	0.0856	1.6738	0.3520	0.1985	-0.5785	12.2869	16.3276	21.7146	34.9199	1.0739	0.4016	0.6723	0.4010	0.3998	0.0012	0.6728	0.0018	0.6710	2.9213	2.1608	0.7605	2.7287	2.0174	0.7114	0.1925	0.1434	0.0491	1.3597	1.1848	0.1749	0.3486	0.3301	0.0184	1.0111	0.8547	0.1565	2.5798	1.7598	0.8201	1.3629	1.1168	0.2461	1.2169	0.6430	0.5739	0.6975	0.2761	4.1448	0.5747	0.6705	0.0228	4.2064	0.0095	50.1218	1.1324	1.2279	0.9274	2.0022	1.8064	2.8905	0.1582	0.2230	0.0856
87	121	0.4607	5	1	2	0	0	0	0	0	0	N	Y	N	N	N	N	N	N	N	N	N	N	0.8775	0.4279	3.7263	2.3366	1.3246	20.4173	0.3754	0.0089	1.8275	1.1377	0.5511	4.9087	3.8812	2.1301	39.1924	0.3034	0.0057	1.8527	1.2964	1.2879	1.3173	1.6611	1.6081	1.9196	0.8081	0.6386	1.0138	1.3856	0.4188	0.0861	-0.3672	12.2869	6.1757	21.7146	14.5601	0.6164	0.2584	0.3580	0.4903	0.2564	0.2339	0.1261	0.0020	0.1241	2.2497	1.5857	0.6640	1.6502	1.3260	0.3242	0.5995	0.2597	0.3398	0.5418	0.4689	0.0729	0.1263	0.1204	0.0060	0.4155	0.3485	0.0670	1.7353	1.2312	0.5041	0.9934	0.8245	0.1689	0.7418	0.4067	0.3352	0.8775	0.4279	3.7263	2.3366	1.3246	20.4173	0.3754	0.0089	1.8275	1.2964	1.2879	1.3173	1.6611	1.6081	1.9196	0.8081	0.6386	1.0138
87	122	0.4077	4	1	1	0	0	0	0	0	0	N	N	N	N	N	N	N	N	N	N	N	N	1.2137	0.5377	12.2048	2.9726	1.3166	70.6198	0.2534	0.1756	0.5407	1.8431	1.0312	7.2423	6.4077	3.0820	64.2173	0.2239	0.2144	0.2742	1.5185	1.9177	0.5934	2.1556	2.3408	0.9093	0.8835	1.2211	0.5072	1.0560	0.1335	0.0934	-0.9565	12.2869	7.5400	21.7146	21.4192	1.2883	0.6266	0.6617	1.1728	0.5334	0.6394	0.1155	0.0932	0.0223	2.8083	2.4776	0.3307	1.9900	1.8814	0.1086	0.8183	0.5962	0.2221	0.6990	0.6076	0.0914	0.1830	0.1731	0.0100	0.5160	0.4346	0.0814	1.8493	1.2920	0.5574	0.9232	0.8037	0.1194	0.9262	0.4882	0.4379	1.2137	0.5377	12.2048	2.9726	1.3166	70.6198	0.2534	0.1756	0.5407	1.5185	1.9177	0.5934	2.1556	2.3408	0.9093	0.8835	1.2211	0.5072
87	123	0.1679	3	1	2	0	0	0	0	0	0	N	Y	N	N	N	N	N	N	N	N	N	N	1.0536	0.7076	0.0068	0.0000	0.0000	0.0000	1.1226	0.7279	0.0080	3.3491	3.9482	0.0013	0.0000	0.0000	0.0000	3.5081	4.1536	0.0014	3.1786	5.5794	0.1948	3.3610	3.9532	0.4342	3.1249	5.7063	0.1694	0.0001	0.0250	-0.4413	-1.4735	12.2869	4.0019	21.7146	19.5615	1.0007	1.0006	0.0001	0.0000	0.0000	0.0000	1.0007	1.0006	0.0001	3.3956	3.3126	0.0829	0.8172	0.7994	0.0178	2.5784	2.5132	0.0652	0.2988	0.2534	0.0454	0.0135	0.0125	0.0010	0.2852	0.2409	0.0443	1.0683	0.6426	0.4256	0.2431	0.2022	0.0409	0.8251	0.4404	0.3847	1.0536	0.7659	0.0068	0.0000	0.0000	0.0000	1.1226	0.7279	0.0080	3.1786	5.1547	0.1948	3.3610	3.9532	0.4342	3.1249	5.7063	0.1694
87	124	0.1458	2	1	1	0	0	0	0	0	0	N	N	N	N	N	N	N	N	N	N	N	N	2.2484	0.0031	158.7173	0.1019	0.0063	3.0762	2.0134	0.0028	164.2141	8.0021	0.0207	52.5321	0.0824	0.0052	1.4354	8.5047	0.0218	53.6382	3.5591	6.6242	0.3310	0.8089	0.8321	0.4666	4.2241	7.7947	0.3266	455.2404	0.0384	0.4272	-0.7749	12.2869	1.2223	21.7146	8.2281	0.7673	0.0017	0.7656	0.0005	0.0000	0.0004	0.7668	0.0017	0.7652	1.8388	1.7708	0.0679	0.0814	0.0784	0.0030	1.7574	1.6924	0.0650	0.0959	0.0813	0.0146	0.0057	0.0054	0.0003	0.0902	0.0759	0.0143	0.5166	0.3114	0.2053	0.1006	0.0942	0.0064	0.4160	0.2171	0.1989	2.2484	0.0036	158.7173	0.1019	0.0063	3.0762	2.0134	0.0028	164.2141	3.5591	5.6874	0.3310	0.8089	0.8321	0.4666	4.2241	7.7947	0.3266
87	126	0.1311	3	1	2	0	0	0	0	0	0	N	Y	N	N	N	N	N	N	N	N	N	N	0.0622	0.1032	0.1606	0.0525	0.0375	0.9134	0.0544	0.1677	0.1569	0.1394	0.0059	0.8686	0.0058	0.0042	0.0760	0.1475	0.0060	0.8750	2.2419	0.0574	5.4070	0.1096	0.1115	0.0832	2.7094	0.0361	5.5771	26.8327	65.0329	0.0294	1.2971	12.2869	5.0407	21.7146	17.1705	0.0562	0.0020	0.0541	0.0001	0.0001	0.0000	0.0560	0.0019	0.0541	2.4638	0.0373	2.4265	0.0217	0.0205	0.0012	2.4421	0.0168	2.4253	0.4030	0.3407	0.0623	0.0230	0.0225	0.0005	0.3800	0.3182	0.0618	1.0990	0.6502	0.4488	0.1976	0.1837	0.0139	0.9013	0.4665	0.4349	0.0622	0.1032	0.1606	0.0525	0.0375	0.9134	0.0544	0.1677	0.1569	2.2419	0.0574	5.4070	0.1096	0.1115	0.0832	2.7094	0.0361	5.5771
87	127	0.1151	2	1	2	0	0	0	0	0	0	N	Y	N	N	N	N	N	N	N	N	N	N	4.8754	0.0813	23.5196	0.2107	0.2047	13.3010	7.6037	0.3023	23.1616	3.7719	0.0523	23.5741	0.3063	0.3052	0.5912	4.0758	0.0256	23.6232	0.7737	0.6427	1.0023	1.4538	1.4905	0.0444	0.5360	0.0847	1.0199	84.7391	0.8935	0.3603	0.0063	12.2869	1.9703	21.7146	6.2034	0.6585	0.0077	0.6508	0.0043	0.0043	0.0000	0.6541	0.0034	0.6507	0.4644	0.2453	0.2191	0.2259	0.2258	0.0002	0.2384	0.0195	0.2190	0.1746	0.1470	0.0276	0.0141	0.0140	0.0001	0.1605	0.1329	0.0275	0.6002	0.3816	0.2186	0.1554	0.1515	0.0039	0.4448	0.2301	0.2147	4.8754	0.0813	23.5196	0.2107	0.2047	13.3010	7.6037	0.3023	23.1616	0.7737	0.6427	1.0023	1.4538	1.4905	0.0444	0.5360	0.0847	1.0199
87	129	0.4370	5	1	2	0	0	0	0	0	0	N	Y	N	N	N	N	N	N	N	N	N	N	0.1403	0.1184	0.0000	1.1316	1.1032	0.0000	0.0000	0.0000	0.0000	0.0076	0.0084	0.0000	0.0141	0.0148	0.0000	0.0000	0.0000	0.0000	0.0544	0.0709	0.0001	0.0124	0.0134	0.0004	0.1095	0.1962	0.0001	0.0000	0.0005	-0.0008	-0.0148	12.2869	1.0033	21.7146	0.8635	0.0019	0.0019	0.0000	0.0019	0.0019	0.0000	0.0000	0.0000	0.0000	0.0323	0.0323	0.0000	0.0042	0.0042	0.0000	0.0281	0.0281	0.0000	0.2485	0.2262	0.0224	0.1349	0.1286	0.0062	0.1137	0.0975	0.0162	0.5933	0.4555	0.1378	0.3365	0.3123	0.0243	0.2567	0.1432	0.1135	0.1403	0.1184	0.0000	1.1316	1.1032	0.0000	0.0000	0.0000	0.0000	0.0544	0.0709	0.0001	0.0124	0.0134	0.0004	0.1095	0.1962	0.0001
87	130	0.4077	4	1	1	0	0	0	0	0	0	N	N	N	N	N	N	N	N	N	N	N	N	5.5109	3.7303	33.9393	60.3487	80.3227	52.4453	0.4712	0.0034	39.2939	4.2893	3.6724	8.4900	13.0584	11.5230	41.2875	0.6635	0.0088	4.1092	0.7783	0.9845	0.2502	0.2164	0.1435	0.7872	1.4082	2.5570	0.1046	0.3395	0.0992	-0.4550	-0.4263	12.2869	5.5514	21.7146	9.9598	2.4250	1.8103	0.6147	2.1596	1.8074	0.3522	0.2654	0.0030	0.2624	1.1579	1.0535	0.1045	0.1701	0.1000	0.0701	0.9878	0.9534	0.0344	0.5654	0.4930	0.0724	0.1654	0.1568	0.0085	0.4000	0.3361	0.0639	1.4877	1.0701	0.4176	0.7863	0.6972	0.0891	0.7015	0.3729	0.3286	5.5109	3.7303	33.9393	60.3487	80.3227	52.4453	0.4712	0.0034	39.2939	0.7783	0.9845	0.2502	0.2164	0.1435	0.7872	1.4082	2.5570	0.1046
87	131	0.3774	3	1	1	0	0	0	0	0	0	N	N	N	N	N	N	N	N	N	N	N	N	0.9950	1.0408	1.4969	2.3713	3.1188	3.3083	0.4571	0.2390	1.8866	1.3637	1.1025	3.1222	5.3707	4.0773	30.5674	0.2254	0.1543	0.6213	1.3705	1.0592	2.0857	2.2649	1.3073	9.2396	0.4931	0.6457	0.3293	0.4207	0.8571	-0.1625	0.0068	12.2869	9.1969	21.7146	13.4651	1.1210	0.7890	0.3320	0.9767	0.7053	0.2714	0.1443	0.0838	0.0605	2.1515	1.1586	0.9930	1.7608	0.8937	0.8671	0.3907	0.2649	0.1259	0.8220	0.7157	0.1063	0.1819	0.1730	0.0089	0.6402	0.5427	0.0974	1.5698	1.0938	0.4761	0.7774	0.6836	0.0938	0.7924	0.4102	0.3822	0.9950	1.0408	1.4969	2.3713	3.1188	3.3083	0.4571	0.2390	1.8866	1.3705	1.0592	2.0857	2.2649	1.3073	9.2396	0.4931	0.6457	0.3293
87	132	0.1908	5	2	2	0	1	0	0	0	0	Y	Y	N	N	N	N	N	N	N	N	N	N	0.0000	0.0000	0.0000	0.0000	0.0000	0.0000	0.0000	0.0000	0.0000	0.0000	0.0000	0.0000	0.0000	0.0000	0.0000	0.0000	0.0000	0.0115	0.0115	0.0115	0.0039	0.0045	0.0000	0.0126	0.0132	0.0119	0.7986	0.0000	-0.0000	12.2869	1.0000	21.7146	3.0001	0.0000	0.0000	0.0000	0.0000	0.0000	0.0000	0.0000	0.0000	0.0000	0.0019	0.0010	0.0008	0.0001	0.0001	0.0000	0.0018	0.0010	0.0008	0.0753	0.0639	0.0114	0.0047	0.0043	0.0003	0.0706	0.0595	0.0110	0.1622	0.0902	0.0720	0.0202	0.0177	0.0026	0.1420	0.0725	0.0695	0.0000	0.0000	0.0000	0.0000	0.0000	0.0000	0.0000	0.0000	0.0000	0.0115	0.0115	0.0115	0.0039	0.0045	0.0000	0.0126	0.0132	0.0119		
87	133	0.5898	9	2	2	0	1	0	0	0	0	Y	Y	N	N	N	N	N	N	N	N	N	N	0.0050	0.0014	0.7323	0.0047	0.0016	2464.0320	0.0000	0.0000	0.0000	0.0004	0.0002	0.0021	0.0005	0.0002	0.0037	0.0000	0.0000	0.0000	0.0761	0.1119	0.0029	0.1160	0.1376	0.0000	0.0371	0.0698	0.0038	1.6667	0.0128	0.0000	-0.0025	12.2869	0.0006	21.7146	1.9797	0.0000	0.0000	0.0000	0.0000	0.0000	0.0000	0.0000	0.0000	0.0000	0.0055	0.0055	0.0001	0.0042	0.0042	0.0000	0.0014	0.0013	0.0001	0.0001	0.0001	0.0000	0.0001	0.0001	0.0000	0.0000	0.0000	0.0000	0.0726	0.0488	0.0238	0.0359	0.0303	0.0056	0.0367	0.0185	0.0182	0.0050	0.0014	0.7323	0.0047	0.0016	2464.0320	0.0000	0.0000	0.0000	0.0761	0.1119	0.0029	0.1160	0.1376	0.0000	0.0371	0.0698	0.0038
87	134	0.5730	8	2	2	0	1	0	0	0	0	Y	Y	N	N	N	N	N	N	N	N	N	N	0.0044	0.0052	0.0000	0.0265	0.0239	0.0000	0.0000	0.0000	0.0000	0.0000	0.0000	0.0000	0.0000	0.0000	0.0000	0.0000	0.0000	0.0000	0.0018	0.0017	0.0018	0.0012	0.0015	0.0000	0.0023	0.0022	0.0024	0.0000	0.5246	-0.0000	-0.0001	12.2869	2.0077	21.7146	6.0321	0.0000	0.0000	0.0000	0.0000	0.0000	0.0000	0.0000	0.0000	0.0000	0.0005	0.0003	0.0002	0.0002	0.0002	0.0000	0.0003	0.0002	0.0002	0.1459	0.1256	0.0203	0.0352	0.0324	0.0029	0.1107	0.0932	0.0174	0.2644	0.1750	0.0894	0.1279	0.1059	0.0220	0.1364	0.0691	0.0674	0.0044	0.0052	0.0000	0.0265	0.0239	0.0000	0.0000	0.0000	0.0000	0.0018	0.0017	0.0018	0.0012	0.0015	0.0000	0.0023	0.0022	0.0024
87	135	0.5683	8	1	2	0	1	0	0	0	0	N	Y	N	N	N	N	N	N	N	N	N	N	5.2364	4.5880	0.5197	20.4496	18.6509	19.2994	0.0508	0.0329	0.1203	0.1069	0.1244	0.0033	0.4649	0.5018	0.0202	0.0009	0.0009	0.0010	0.0204	0.0271	0.0064	0.0227	0.0269	0.0010	0.0180	0.0274	0.0082	0.0045	0.1121	-0.0106	-0.0035	12.2869	3.0348	21.7146	9.3583	0.0242	0.0241	0.0001	0.0240	0.0239	0.0001	0.0002	0.0001	0.0000	0.0098	0.0088	0.0010	0.0055	0.0055	0.0000	0.0043	0.0033	0.0009	0.2261	0.1935	0.0327	0.0516	0.0477	0.0040	0.1745	0.1458	0.0287	0.4790	0.3243	0.1547	0.2429	0.2037	0.0392	0.2361	0.1206	0.1155	5.2364	4.5880	0.5197	20.4496	18.6509	19.2994	0.0508	0.0329	0.1203	0.0204	0.0271	0.0064	0.0227	0.0269	0.0010	0.0180	0.0274	0.0082
87	136	0.5539	7	1	1	0	1	0	0	0	0	N	N	N	N	N	N	N	N	N	N	N	N	76.3913	0.8288	644.8993	3.5184	3.2614	0.0508	65.7789	0.3406	562.9087	6.3542	0.0774	40.8400	0.1087	0.1155	0.0005	8.6312	0.0613	45.4923	0.0832	0.0934	0.0633	0.0309	0.0354	0.0094	0.1312	0.1800	0.0808	96.0320	0.3488	0.0132	-0.0038	12.2869	0.0433	21.7146	6.6805	0.0240	0.0002	0.0238	0.0001	0.0001	0.0000	0.0239	0.0001	0.0238	0.0192	0.0143	0.0050	0.0034	0.0032	0.0002	0.0158	0.0110	0.0048	0.0038	0.0032	0.0006	0.0010	0.0010	0.0001	0.0028	0.0022	0.0005	0.2312	0.1527	0.0785	0.1107	0.0914	0.0192	0.1205	0.0612	0.0593	76.3913	0.8288	644.8993	3.5184	3.2614	0.0508	65.7789	0.3406	562.9087	0.0832	0.0934	0.0633	0.0309	0.0354	0.0094	0.1312	0.1800	0.0808
87	137	0.2205	7	1	2	0	1	0	0	0	0	N	Y	N	N	N	N	N	N	N	N	N	N	0.0000	0.0000	0.0000	0.0000	0.0000	0.0000	0.0000	0.0000	0.0000	0.0000	0.0000	0.0000	0.0000	0.0000	0.0000	0.0000	0.0000	0.0000	0.0000	0.0000	12.2869	0.0000	21.7146	0.0000	0.0000	0.0000	0.0000	0.0000	0.0000	0.0000	0.0000	0.0000	0.0000	0.0000	0.0000	0.0000	0.0000	0.0000	0.0000	0.0000	0.0000	0.0000	0.0000	0.0000	0.0000	0.0000	0.0000	0.0000	0.0000	0.0000	0.0000	0.0000	0.0000	0.0000	0.0000	0.0000	0.0000	0.0000	0.0000	0.0000	0.0000	0.0000	0.0000	0.0000	0.0000	0.0000	0.0000	0.0000	0.0000	0.0000	0.0000	0.0000	0.0000	0.0000	0.0000	0.0000	0.0000	0.0000											
87	138	0.2154	6	1	2	0	1	0	0	0	0	N	Y	N	N	N	N	N	N	N	N	N	N	0.0000	0.0000	0.0000	0.0000	0.0000	0.0000	0.0000	0.0000	0.0000	0.0000	0.0000	0.0000	0.0000	0.0000	0.0000	0.0000	0.0000	0.0000	0.0000	0.0000	0.0000	0.0000	inf	-0.0000	0.0000	12.2869	0.0021	21.7146	2.0000	0.0000	0.0000	0.0000	0.0000	0.0000	0.0000	0.0000	0.0000	0.0000	0.0000	0.0000	0.0000	0.0000	0.0000	0.0000	0.0000	0.0000	0.0000	0.0002	0.0002	0.0000	0.0000	0.0000	0.0000	0.0002	0.0001	0.0000	0.0800	0.0452	0.0348	0.0121	0.0107	0.0015	0.0679	0.0346	0.0333	0.0000	0.0000	0.0000	0.0000	0.0000	0.0000	0.0000	0.0000	0.0000	0.0000	0.0000	0.0000	0.0000	0.0000	0.0000	0.0000	0.0000	0.0000						
87	139	0.2052	5	1	1	0	1	0	0	0	0	N	N	N	N	N	N	N	N	N	N	N	N	0.0065	0.5384	0.0000	0.0000	0.0000	0.0060	249.2902	0.0000	0.0001	0.0002	0.0000	0.0000	0.0000	0.0000	0.0001	0.0002	0.0000	0.0202	0.0003	0.0457	0.0011	0.0013	0.0000	0.0235	0.0000	0.0477	0.0000	123.6035	-0.0000	0.0018	12.2869	1.0020	21.7146	3.0181	0.0000	0.0000	0.0000	0.0000	0.0000	0.0000	0.0000	0.0000	0.0000	0.0033	0.0000	0.0033	0.0000	0.0000	0.0000	0.0033	0.0000	0.0033	0.0755	0.0641	0.0114	0.0050	0.0046	0.0003	0.0705	0.0595	0.0110	0.1626	0.0912	0.0714	0.0235	0.0206	0.0029	0.1391	0.0706	0.0685	0.0065	0.5384	0.0000	0.0000	0.0000	0.0000	0.0060	249.2902	0.0000	0.0202	0.0003	0.0457	0.0011	0.0013	0.0000	0.0235	0.0000	0.0477	
87	140	0.1908	5	1	2	0	0	0	0	0	0	N	Y	N	N	N	N	N	N	N	N	N	N	0.0000	0.0000	0.0000	0.0000	0.0000	0.0000	0.0000	0.0000	0.0000	0.0000	0.0000	0.0000	0.0000	0.0000	0.0000	0.0000	0.0000	0.0063	0.0022	0.0114	0.0039	0.0045	0.0000	0.0066	0.0017	0.0118	4.1136	0.0000	0.0004	12.2869	0.0000	21.7146	4.0001	0.0000	0.0000	0.0000	0.0000	0.0000	0.0000	0.0000	0.0000	0.0000	0.0010	0.0002	0.0008	0.0001	0.0001	0.0000	0.0009	0.0001	0.0008	0.0000	0.0000	0.0000	0.0000	0.0000	0.0000	0.0000	0.0000	0.0000	0.1622	0.0902	0.0720	0.0202	0.0177	0.0026	0.1420	0.0725	0.0695	0.0000	0.0000	0.0000	0.0000	0.0000	0.0000	0.0000	0.0000	0.0000	0.0063	0.0022	0.0114	0.0039	0.0045	0.0000	0.0066	0.0017	0.0118		
87	141	0.5685	7	1	2	0	0	0	0	0	0	N	Y	N	N	N	N	N	N	N	N	N	N	0.0029	0.0023	0.0009	0.0001	0.0001	0.0000	0.0105	0.0073	0.0008	0.0000	0.0000	0.0000	0.0000	0.0000	0.0000	0.0000	0.0000	0.0000	0.0099	0.0145	0.0008	0.0165	0.0199	0.0000	0.0036	0.0061	0.0010	0.0033	0.0278	-0.0000	-0.0009	12.2869	1.0003	21.7146	5.0186	0.0000	0.0000	0.0000	0.0000	0.0000	0.0000	0.0000	0.0000	0.0000	0.0020	0.0019	0.0001	0.0016	0.0016	0.0000	0.0004	0.0003	0.0001	0.0728	0.0626	0.0101	0.0176	0.0161	0.0015	0.0552	0.0465	0.0087	0.2018	0.1337	0.0681	0.0978	0.0812	0.0166	0.1040	0.0525	0.0514	0.0029	0.0023	0.0009	0.0001	0.0001	0.0000	0.0105	0.0073	0.0008	0.0099	0.0145	0.0008	0.0165	0.0199	0.0000	0.0036	0.0061	0.0010
87	142	0.2052	5	1	1	1	1	0	0	0	0	N	N	N	N	N	N	N	N	N	N	N	N	0.0000	0.0000	0.0000	0.0000	0.0000	0.0000	0.0000	0.0000	0.0000	0.0000	0.0000	0.0000	0.0000	0.0000	0.0000	0.0000	0.0000	0.1503	0.0067	0.3342	0.0002	0.0003	0.0000	0.1756	0.0085	0.3486	39.2331	0.0000	0.0277	12.2869	0.0001	21.7146	9.0026	0.0000	0.0000	0.0000	0.0000	0.0000	0.0000	0.0000	0.0000	0.0000	0.0536	0.0013	0.0523	0.0000	0.0000	0.0000	0.0536	0.0013	0.0523	0.0000	0.0000	0.0000	0.0000	0.0000	0.0000	0.0000	0.0000	0.0000	0.3565	0.2002	0.1564	0.0515	0.0450	0.0065	0.3051	0.1552	0.1499	0.0000	0.0000	0.0000	0.0000	0.0000	0.0000	0.0000	0.0000	0.0000	0.1503	0.0067	0.3342	0.0002	0.0003	0.0000	0.1756	0.0085	0.3486		
87	143	0.5539	7	1	1	1	1	0	0	0	0	N	N	N	N	N	N	N	N	N	N	N	N	0.0000	0.0000	0.0000	0.0000	0.0000	0.0000	0.0000	0.0000	0.0000	0.0000	0.0000	0.0000	0.0000	0.0000	0.0000	0.0000	0.0000	0.0000	5.3138	3.7892	6.2312	4.9829	6.0737	0.0003	4.4979	0.8470	8.9541	0.0000	0.8513	-0.0000	0.0023	12.2869	2.0061	21.7146	8.0425	0.0000	0.0000	0.0000	0.0000	0.0000	0.0000	0.0000	0.0000	0.0000	1.5645	0.8451	0.7194	0.7691	0.7691	0.0000	0.7954	0.0760	0.7194	0.1448	0.1241	0.0207	0.0316	0.0289	0.0026	0.1133	0.0951	0.0181	0.3385	0.2230	0.1154	0.1616	0.1333	0.0283	0.1768	0.0897	0.0871	0.0000	0.0000	0.0000	0.0000	0.0000	0.0000	0.0000	0.0000	0.0000	4.6222	3.7892	6.2312	4.7581	5.7700	0.0003	4.4979	0.8470	8.2591
87	144	0.5448	6	1	1	0	1	0	0	0	0	N	N	N	N	N	N	N	N	N	N	N	N	0.0049	0.0044	0.0000	1.3316	1.3245	0.0000	0.0000	0.0000	0.0000	0.0055	0.0065	0.0000	0.0198	0.0221	0.0000	0.0000	0.0000	0.0000	1.1256	1.4883	0.2112	0.0149	0.0167	0.0008	2.1803	3.7311	0.2614	0.0000	0.0563	-0.0004	-0.1017	12.2869	1.9550	21.7146	2.1189	0.0008	0.0008	0.0000	0.0008	0.0008	0.0000	0.0000	0.0000	0.0000	0.2509	0.2376	0.0134	0.0016	0.0016	0.0000	0.2493	0.2360	0.0134	0.1525	0.1305	0.0221	0.0427	0.0383	0.0044	0.1099	0.0921	0.0177	0.2229	0.1596	0.0633	0.1086	0.0964	0.0122	0.1143	0.0632	0.0511	0.0049	0.0044	0.0000	1.3316	1.3245	0.0000	0.0000	0.0000	0.0000	1.1256	1.4883	0.2112	0.0149	0.0167	0.0008	2.1803	3.7311	0.2614
87	145	0.5448	6	1	1	1	1	0	0	0	0	N	N	N	N	N	N	N	N	N	N	N	N	0.0000	0.0000	0.0031	0.0000	0.0000	0.0000	0.0000	0.0000	0.0030	0.0000	0.0000	0.0001	0.0000	0.0000	0.0000	0.0000	0.0000	0.0002	1.9508	2.8836	0.0397	1.8566	2.2056	0.0012	2.0351	3.8658	0.0511	3.7856	0.0067	0.0000	-0.6514	12.2869	2.1261	21.7146	18.6477	0.0000	0.0000	0.0000	0.0000	0.0000	0.0000	0.0000	0.0000	0.0000	1.4421	1.4325	0.0096	0.6483	0.6483	0.0001	0.7938	0.7843	0.0096	0.1648	0.1410	0.0238	0.0456	0.0410	0.0046	0.1192	0.1000	0.0192	0.7393	0.4968	0.2425	0.3492	0.2939	0.0553	0.3901	0.2029	0.1872	0.0000	0.0000	0.0031	0.0000	0.0000	0.0000	0.0000	0.0000	0.0030	1.9508	2.8836	0.0397	1.8566	2.2056	0.0012	2.0351	3.8658	0.0511
87	146	0.2052	5	1	1	1	1	0	0	0	0	N	N	N	N	N	N	N	N	N	N	N	N	0.4327	0.2874	0.0000	0.0000	0.0000	0.9555	0.5831	0.0000	0.0001	0.0001	0.0000	0.0000	0.0000	0.0000	0.0001	0.0001	0.0000	0.0002	0.0003	0.0000	0.0006	0.0007	0.0000	0.0001	0.0001	0.0000	0.0000	0.0054	-0.0000	-0.0000	12.2869	2.0001	21.7146	5.9880	0.0000	0.0000	0.0000	0.0000	0.0000	0.0000	0.0000	0.0000	0.0000	0.0000	0.0000	0.0000	0.0000	0.0000	0.0000	0.0000	0.0000	0.0000	0.1499	0.1274	0.0225	0.0098	0.0091	0.0007	0.1401	0.1182	0.0218	0.3177	0.1783	0.1394	0.0459	0.0401	0.0058	0.2718	0.1382	0.1336	0.4327	0.2874	0.0000	0.0000	0.0000	0.0000	0.9555	0.5831	0.0000	0.0002	0.0003	0.0000	0.0006	0.0007	0.0000	0.0001	0.0001	0.0000	
87	147	0.2052	5	1	1	1	1	0	0	0	0	N	N	N	N	N	N	N	N	N	N	N	N	0.0008	0.0011	0.0007	0.0000	0.0000	0.0000	0.0009	0.0009	0.0010	0.0027	0.0026	0.0030	0.0000	0.0000	0.0000	0.0028	0.0028	0.0031	3.3707	2.4795	4.5255	4.9296	0.3549	68.5143	3.1390	3.0830	3.1980	0.2000	1.4087	-0.0005	0.4932	12.2869	9.0001	21.7146	23.0169	0.0017	0.0014	0.0003	0.0000	0.0000	0.0000	0.0017	0.0014	0.0003	3.8999	1.6191	2.2808	0.7883	0.0513	0.7370	3.1116	1.5679	1.5438	0.6535	0.5563	0.0972	0.0427	0.0397	0.0030	0.6108	0.5165	0.0942	1.1570	0.6530	0.5040	0.1657	0.1445	0.0213	0.9913	0.5086	0.4827	0.0008	0.0011	0.0007	0.0000	0.0000	0.0000	0.0009	0.0009	0.0010	3.3707	2.4795	4.5255	4.7565	0.3549	34.6562	3.1390	3.0830	3.1980
87	148	0.1799	4	1	1	0	1	0	0	0	0	N	N	N	N	N	N	N	N	N	N	N	N	0.2577	0.0017	2.3533	0.0012	0.0011	0.0356	0.6755	0.0253	2.3318	0.0083	0.0001	0.0543	0.0002	0.0002	0.0000	0.0088	0.0001	0.0559	0.0321	0.0390	0.0231	0.1322	0.1476	0.0004	0.0131	0.0023	0.0240	149.9604	0.4557	0.0007	-0.0020	12.2869	1.9990	21.7146	7.9526	0.0012	0.0000	0.0012	0.0000	0.0000	0.0000	0.0012	0.0000	0.0012	0.0140	0.0096	0.0044	0.0092	0.0092	0.0000	0.0048	0.0004	0.0044	0.1507	0.1279	0.0228	0.0098	0.0091	0.0007	0.1409	0.1188	0.0221	0.4360	0.2464	0.1896	0.0695	0.0623	0.0073	0.3665	0.1841	0.1823	0.2577	0.0017	2.3533	0.0012	0.0011	0.0356	0.6755	0.0253	2.3318	0.0321	0.0390	0.0231	0.1322	0.1476	0.0004	0.0131	0.0023	0.0240
87	149	0.1479	3	2	2	0	0	0	0	0	0	Y	Y	N	N	N	N	N	N	N	N	N	N	0.0032	0.0038	0.0023	2.1082	2.0397	0.0314	0.0006	0.0003	0.0023	0.0061	0.0063	0.0053	0.0454	0.0462	0.0001	0.0015	0.0007	0.0054	1.9174	1.6549	2.3041	0.0215	0.0227	0.0040	2.3050	2.2507	2.3652	0.1502	0.9455	-0.0009	0.0563	12.2869	5.3497	21.7146	17.2225	0.0029	0.0025	0.0004	0.0022	0.0022	0.0000	0.0006	0.0003	0.0004	2.0402	1.0487	0.9915	0.0039	0.0038	0.0000	2.0363	1.0449	0.9915	0.4686	0.3980	0.0706	0.0493	0.0484	0.0009	0.4192	0.3496	0.0697	1.0640	0.6337	0.4303	0.1806	0.1695	0.0111	0.8834	0.4642	0.4192	0.0032	0.0038	0.0023	2.1082	2.0397	0.0314	0.0006	0.0003	0.0023	1.9174	1.6549	2.3041	0.0215	0.0227	0.0040	2.3050	2.2507	2.3652
87	150	0.1787	4	1	2	0	0	0	0	0	0	N	Y	N	N	N	N	N	N	N	N	N	N	0.0114	0.0081	0.1325	0.0125	0.0119	0.0115	0.0102	0.0059	0.1561	0.0086	0.0096	0.0018	0.0265	0.0272	0.0005	0.0030	0.0032	0.0019	0.7532	1.1880	0.0138	2.1162	2.2914	0.0432	0.2952	0.5447	0.0122	0.0289	0.0068	-0.0015	-0.3834	12.2869	3.6794	21.7146	17.4287	0.0037	0.0036	0.0001	0.0027	0.0027	0.0000	0.0010	0.0009	0.0001	0.8489	0.8432	0.0058	0.5999	0.5990	0.0010	0.2490	0.2442	0.0048	0.4371	0.3794	0.0576	0.1036	0.1008	0.0028	0.3334	0.2786	0.0548	1.1271	0.7098	0.4173	0.2835	0.2614	0.0221	0.8436	0.4484	0.3952	0.0114	0.0081	0.1325	0.0125	0.0119	0.0115	0.0102	0.0059	0.1561	0.7532	1.1880	0.0138	2.1162	2.2914	0.0432	0.2952	0.5447	0.0122
87	151	0.1479	3	1	2	0	0	0	0	0	0	N	Y	N	N	N	N	N	N	N	N	N	N	1.5574	1.1575	0.3132	0.0318	0.0311	0.0113	1.8021	1.1858	0.3442	3.0299	3.5556	0.0433	0.0620	0.0628	0.0065	3.5034	4.2192	0.0438	1.9455	3.0718	0.1384	1.9513	2.0191	0.5737	1.9441	3.5581	0.1272	0.0021	0.0281	-0.4411	-0.6202	12.2869	3.4464	21.7146	10.1316	1.0049	1.0027	0.0022	0.0028	0.0028	0.0000	1.0020	0.9999	0.0021	1.4389	1.3996	0.0393	0.2948	0.2907	0.0041	1.1441	1.1089	0.0352	0.3316	0.2820	0.0496	0.0456	0.0450	0.0006	0.2860	0.2370	0.0490	0.7396	0.4556	0.2839	0.1511	0.1440	0.0071	0.5885	0.3117	0.2769	1.5574	1.1575	0.3132	0.0318	0.0311	0.0113	1.8021	1.1858	0.3442	1.9455	3.0718	0.1384	1.9513	2.0191	0.5737	1.9441	3.5581	0.1272
87	152	0.5753	9	2	2	0	0	0	0	0	0	Y	Y	N	N	N	N	N	N	N	N	N	N	0.0019	0.0012	0.0051	0.0000	0.0000	0.0000	0.0023	0.0127	0.0047	0.0000	0.0000	0.0001	0.0000	0.0000	0.0000	0.0000	0.0000	0.0001	0.0143	0.0089	0.0247	0.0124	0.0141	0.0046	0.0160	0.0012	0.0312	1.8716	1.4119	0.0000	0.0008	12.2869	1.0143	21.7146	12.0086	0.0000	0.0000	0.0000	0.0000	0.0000	0.0000	0.0000	0.0000	0.0000	0.0060	0.0025	0.0035	0.0025	0.0024	0.0002	0.0035	0.0001	0.0033	0.0753	0.0648	0.0105	0.0188	0.0173	0.0015	0.0566	0.0476	0.0090	0.4197	0.2776	0.1421	0.2018	0.1670	0.0348	0.2178	0.1106	0.1072	0.0019	0.0012	0.0051	0.0000	0.0000	0.0000	0.0023	0.0127	0.0047	0.0143	0.0089	0.0247	0.0124	0.0141	0.0046	0.0160	0.0012	0.0312
87	153	0.5730	8	2	2	0	0	0	0	0	0	Y	Y	N	N	N	N	N	N	N	N	N	N	2.3800	0.7504	20.7273	0.0059	0.0053	0.0000	2.6696	0.7646	18.3658	0.0020	0.0008	0.0097	0.0000	0.0000	0.0000	0.0027	0.0011	0.0113	0.0009	0.0011	0.0005	0.0007	0.0008	0.0000	0.0010	0.0014	0.0006	1.9971	0.2260	0.0000	-0.0000	12.2869	0.9811	21.7146	0.0216	0.0001	0.0000	0.0001	0.0000	0.0000	0.0000	0.0001	0.0000	0.0001	0.0000	0.0000	0.0000	0.0000	0.0000	0.0000	0.0000	0.0000	0.0000	0.0720	0.0619	0.0101	0.0175	0.0161	0.0014	0.0545	0.0458	0.0086	0.0343	0.0227	0.0116	0.0167	0.0139	0.0028	0.0176	0.0089	0.0087	2.3800	0.7504	20.7273	0.0059	0.0053	0.0000	2.6696	0.7646	18.3658	0.0009	0.0011	0.0005	0.0007	0.0008	0.0000	0.0010	0.0014	0.0006
87	154	0.5685	7	2	2	0	0	0	0	0	0	Y	Y	N	N	N	N	N	N	N	N	N	N	0.1793	0.1073	36.8869	0.0017	0.0016	0.0000	1.4491	0.6877	36.9231	0.0045	0.0041	0.0073	0.0001	0.0001	0.0000	0.0067	0.0061	0.0096	0.0252	0.0379	0.0002	0.0470	0.0563	0.0000	0.0046	0.0089	0.0003	0.2999	0.0026	-0.0000	-0.0008	12.2869	0.0083	21.7146	2.0001	0.0000	0.0000	0.0000	0.0000	0.0000	0.0000	0.0000	0.0000	0.0000	0.0018	0.0018	0.0000	0.0016	0.0016	0.0000	0.0002	0.0002	0.0000	0.0007	0.0006	0.0001	0.0002	0.0002	0.0000	0.0005	0.0004	0.0001	0.0702	0.0467	0.0235	0.0342	0.0285	0.0057	0.0360	0.0181	0.0179	0.1793	0.1073	36.8869	0.0017	0.0016	0.0000	1.4491	0.6877	36.9231	0.0252	0.0379	0.0002	0.0470	0.0563	0.0000	0.0046	0.0089	0.0003
87	155	0.5448	6	1	2	0	0	0	0	0	0	N	Y	N	N	N	N	N	N	N	N	N	N	0.0167	0.0134	0.0035	0.0000	0.0000	0.0000	0.0939	0.0607	0.0033	0.0426	0.0497	0.0001	0.0000	0.0000	0.0000	0.0581	0.0690	0.0001	2.5443	3.6957	0.0265	4.7016	5.4174	0.0005	0.6181	1.1372	0.0338	0.0003	0.0033	-0.0042	-0.4908	12.2869	2.9180	21.7146	7.4065	0.0094	0.0094	0.0000	0.0000	0.0000	0.0000	0.0094	0.0094	0.0000	1.0785	1.0750	0.0035	0.9419	0.9419	0.0000	0.1366	0.1331	0.0035	0.2211	0.1895	0.0316	0.0588	0.0531	0.0057	0.1623	0.1364	0.0259	0.4239	0.2909	0.1330	0.2029	0.1739	0.0291	0.2209	0.1170	0.1039	0.0167	0.0134	0.0035	0.0000	0.0000	0.0000	0.0939	0.0607	0.0033	2.5443	3.6957	0.0265	4.6414	5.4174	0.0005	0.6181	1.1372	0.0338
87	156	0.4790	5	1	1	0	0	0	0	0	0	N	N	N	N	N	N	N	N	N	N	N	N	0.5885	0.4734	0.0418	17.8192	19.0379	0.5892	0.2055	0.1254	0.0044	0.8612	0.9792	0.0086	1.4438	1.5278	0.0505	0.5786	0.6829	0.0010	1.4632	2.0683	0.2056	0.0810	0.0802	0.0858	2.8155	5.4469	0.2382	0.0012	0.0478	-0.3322	-0.7699	12.2869	8.2479	21.7146	19.7214	0.7551	0.7542	0.0009	0.4135	0.4127	0.0008	0.3416	0.3415	0.0001	1.8654	1.7803	0.0851	0.0511	0.0435	0.0076	1.8144	1.7368	0.0775	0.8768	0.7701	0.1066	0.2864	0.2701	0.0163	0.5904	0.5000	0.0904	1.2749	0.8607	0.4141	0.6305	0.5419	0.0886	0.6444	0.3189	0.3255	0.5885	0.4734	0.0418	17.8192	19.0379	0.5892	0.2055	0.1254	0.0044	1.4632	2.0683	0.2056	0.0810	0.0802	0.0858	2.8155	5.4469	0.2382
87	157	0.4429	4	1	1	0	0	0	0	0	0	N	N	N	N	N	N	N	N	N	N	N	N	4.2521	3.3079	11.1080	6.9726	4.9225	43.0182	3.2974	2.2283	0.4067	1.9487	1.9614	1.8675	3.1229	2.3216	13.4899	1.5489	1.8264	0.0488	0.4583	0.5929	0.1681	0.4479	0.4716	0.3136	0.4697	0.8197	0.1201	0.1482	0.1316	-0.4008	-0.1973	12.2869	7.4725	21.7146	14.3153	1.2844	1.1186	0.1658	0.5228	0.3608	0.1620	0.7616	0.7578	0.0037	0.5769	0.5098	0.0671	0.2952	0.2642	0.0311	0.2816	0.2456	0.0360	0.6591	0.5703	0.0888	0.1674	0.1554	0.0120	0.4917	0.4149	0.0768	1.2587	0.8598	0.3989	0.6592	0.5601	0.0991	0.5995	0.2997	0.2999	4.2521	3.3079	11.1080	6.9726	4.9225	43.0182	3.2974	2.2283	0.4067	0.4583	0.5929	0.1681	0.4479	0.4716	0.3136	0.4697	0.8197	0.1201
87	158	0.3774	3	1	1	0	0	0	0	0	0	N	N	N	N	N	N	N	N	N	N	N	N	0.7214	0.4027	7.1175	5.6783	3.4807	63.8677	0.0852	0.0498	0.3984	0.7517	0.5586	2.0285	3.1829	2.0488	23.8064	0.1266	0.1305	0.1049	1.0420	1.3873	0.2850	0.5605	0.5886	0.3727	1.4850	2.6207	0.2632	0.5491	0.0937	-0.0639	-0.6984	12.2869	11.6653	21.7146	19.4910	0.7380	0.4764	0.2616	0.6391	0.3900	0.2492	0.0989	0.0864	0.0124	1.8740	1.7134	0.1606	0.4831	0.4413	0.0418	1.3909	1.2722	0.1188	0.9817	0.8528	0.1290	0.2008	0.1903	0.0105	0.7809	0.6624	0.1185	1.7985	1.2351	0.5634	0.8618	0.7497	0.1121	0.9367	0.4854	0.4512	0.7214	0.4027	7.1175	5.6783	3.4807	63.8677	0.0852	0.0498	0.3984	1.0420	1.3873	0.2850	0.5605	0.5886	0.3727	1.4850	2.6207	0.2632
87	159	0.3301	2	1	1	0	0	0	0	0	0	N	N	N	N	N	N	N	N	N	N	N	N	1.4257	0.8595	7.4148	4.1859	2.7755	35.4898	0.4337	0.2166	2.0986	1.3184	0.9581	3.7325	5.0801	3.3798	42.0373	0.2836	0.2058	0.7130	0.9247	1.1147	0.5034	1.2136	1.2177	1.1845	0.6539	0.9503	0.3397	0.5813	0.2036	-0.0667	-0.4989	12.2869	7.3933	21.7146	20.5306	0.9072	0.5737	0.3335	0.7541	0.4796	0.2744	0.1531	0.0940	0.0590	1.7253	1.4334	0.2919	1.0955	0.9624	0.1331	0.6298	0.4710	0.1588	0.6881	0.5987	0.0893	0.1484	0.1419	0.0065	0.5397	0.4568	0.0828	1.8658	1.2860	0.5799	0.9027	0.7903	0.1123	0.9631	0.4956	0.4675	1.4257	0.8595	7.4148	4.1859	2.7755	35.4898	0.4337	0.2166	2.0986	0.9247	1.1147	0.5034	1.2136	1.2177	1.1845	0.6539	0.9503	0.3397
87	161	0.1984	7	2	2	0	0	0	0	0	0	Y	Y	N	N	N	N	N	N	N	N	N	N	0.0000	0.0000	0.0000	0.0000	0.0000	0.0000	0.0000	0.0000	0.0000	0.0000	0.0000	0.0000	0.0000	0.0000	0.0000	0.0000	0.0000	0.0000	0.0392	0.0686	0.0013	0.2084	0.2359	0.0000	0.0128	0.0236	0.0013	0.0146	0.0000	-0.0022	12.2869	0.0002	21.7146	3.0099	0.0000	0.0000	0.0000	0.0000	0.0000	0.0000	0.0000	0.0000	0.0000	0.0049	0.0048	0.0001	0.0035	0.0035	0.0000	0.0014	0.0013	0.0001	0.0000	0.0000	0.0000	0.0000	0.0000	0.0000	0.0000	0.0000	0.0000	0.1254	0.0706	0.0547	0.0169	0.0150	0.0020	0.1084	0.0557	0.0528	0.0000	0.0000	0.0000	0.0000	0.0000	0.0000	0.0000	0.0000	0.0000	0.0392	0.0686	0.0013	0.2084	0.2359	0.0000	0.0128	0.0236	0.0013	
87	162	0.1908	6	2	2	0	0	0	0	0	0	Y	Y	N	N	N	N	N	N	N	N	N	N	0.0000	0.0000	0.0000	0.0000	0.0000	0.0000	0.0000	0.0000	0.0000	0.0000	0.0000	0.0000	0.0000	0.0000	0.0000	0.0000	0.0000	0.0000	0.0312	0.0527	0.0043	0.0113	0.0130	0.0000	0.0340	0.0624	0.0045	0.0653	0.0000	-0.0015	12.2869	0.9998	21.7146	2.0118	0.0000	0.0000	0.0000	0.0000	0.0000	0.0000	0.0000	0.0000	0.0000	0.0038	0.0036	0.0002	0.0002	0.0002	0.0000	0.0037	0.0034	0.0002	0.0752	0.0639	0.0114	0.0047	0.0043	0.0003	0.0706	0.0595	0.0110	0.1227	0.0682	0.0545	0.0153	0.0134	0.0019	0.1074	0.0548	0.0526	0.0000	0.0000	0.0000	0.0000	0.0000	0.0000	0.0000	0.0000	0.0000	0.0312	0.0527	0.0043	0.0113	0.0130	0.0000	0.0340	0.0624	0.0045	
87	163	0.1908	5	2	2	0	0	0	0	0	0	Y	Y	N	N	N	N	N	N	N	N	N	N	0.0000	0.0000	0.0000	0.0000	0.0000	0.0000	0.0000	0.0000	0.0000	0.0000	0.0000	0.0000	0.0000	0.0000	0.0000	0.0000	0.0000	8.5406	10.9173	0.5889	6.7622	5.5019	0.0000	7.0257	10.2075	0.6042	0.0200	0.0000	-0.0001	12.2869	0.0000	21.7146	0.0003	0.0000	0.0000	0.0000	0.0000	0.0000	0.0000	0.0000	0.0000	0.0000	0.0003	0.0002	0.0000	0.0001	0.0001	0.0000	0.0002	0.0002	0.0000	0.0000	0.0000	0.0000	0.0000	0.0000	0.0000	0.0000	0.0000	0.0000	0.0000	0.0000	0.0000	0.0000	0.0000	0.0000	0.0000	0.0000	0.0000	0.0000	0.0000	0.0000	0.0000	0.0000	0.0000	0.0000	0.0000	0.0000	6.4311	8.0211	0.5889	5.4215	5.5019	0.0000	7.0257	10.2075	0.6042		
87	164	0.1799	4	1	2	0	0	0	0	0	0	N	Y	N	N	N	N	N	N	N	N	N	N	3.2244	0.0960	9.2775	0.0163	0.0148	1.0693	4.6192	0.6935	8.9653	0.8593	0.0069	4.9201	0.0029	0.0029	0.0031	1.3362	0.0099	4.9732	0.2665	0.0717	0.5303	0.1766	0.1944	0.0029	0.2893	0.0143	0.5547	149.9604	5.4576	0.0007	0.0227	12.2869	0.0063	21.7146	4.3641	0.0012	0.0000	0.0012	0.0000	0.0000	0.0000	0.0012	0.0000	0.0012	0.0587	0.0091	0.0496	0.0079	0.0079	0.0000	0.0508	0.0012	0.0496	0.0014	0.0012	0.0003	0.0005	0.0005	0.0000	0.0009	0.0007	0.0002	0.2203	0.1267	0.0935	0.0445	0.0404	0.0041	0.1757	0.0863	0.0894	3.2244	0.0960	9.2775	0.0163	0.0148	1.0693	4.6192	0.6935	8.9653	0.2665	0.0717	0.5303	0.1766	0.1944	0.0029	0.2893	0.0143	0.5547
87	165	0.1479	3	1	1	0	0	0	0	0	0	N	N	N	N	N	N	N	N	N	N	N	N	3.0026	0.0150	227.4826	0.0049	0.0048	0.1040	35.1647	0.2111	224.5810	2.8423	0.0222	18.9985	0.0204	0.0206	0.0003	3.4034	0.0225	19.2176	0.9466	1.4759	0.0835	4.1339	4.3272	0.0025	0.0968	0.1067	0.0856	149.6938	0.0347	0.4147	-0.2818	12.2869	2.5207	21.7146	10.0226	0.7510	0.0050	0.7460	0.0009	0.0009	0.0000	0.7501	0.0041	0.7460	0.6633	0.6410	0.0222	0.6098	0.6097	0.0000	0.0535	0.0313	0.0222	0.2642	0.2249	0.0393	0.0438	0.0434	0.0004	0.2204	0.1816	0.0388	0.7007	0.4344	0.2664	0.1475	0.1409	0.0066	0.5532	0.2934	0.2598	3.0026	0.0150	227.4826	0.0049	0.0048	0.1040	35.1647	0.2111	224.5810	0.9466	1.4759	0.0835	4.1339	4.3272	0.0025	0.0968	0.1067	0.0856
87	166	0.1324	2	1	1	0	0	0	0	0	0	N	N	N	N	N	N	N	N	N	N	N	N	0.0248	0.0185	0.0586	0.0776	0.1376	0.1006	0.0202	0.0075	0.0624	0.0289	0.0058	0.1561	0.0752	0.0400	2.9234	0.0251	0.0025	0.1391	1.1690	0.3164	2.6629	0.9692	0.2907	29.0641	1.2399	0.3332	2.2285	4.8517	4.8031	0.0026	0.2332	12.2869	2.6894	21.7146	4.6619	0.0067	0.0011	0.0055	0.0013	0.0007	0.0006	0.0053	0.0004	0.0049	0.6315	0.1088	0.5227	0.1371	0.0395	0.0976	0.4944	0.0693	0.4251	0.2304	0.1950	0.0354	0.0176	0.0174	0.0002	0.2128	0.1776	0.0352	0.5402	0.3439	0.1963	0.1415	0.1359	0.0055	0.3987	0.2080	0.1908	0.0248	0.0185	0.0586	0.0776	0.1376	0.1658	0.0202	0.0075	0.0624	1.1690	0.3164	2.6629	0.9692	0.2907	17.6325	1.2399	0.3332	2.2285
88	90	0.2505	6	0	1	1	0	0	0	0	0	N	N	N	N	N	N	N	N	N	N	N	N	0.0004	0.0003	0.0000	0.3685	0.4180	0.0000	0.0000	0.0000	0.0000	0.0013	0.0015	0.0000	0.0045	0.0050	0.0000	0.0000	0.0000	0.0000	3.4829	5.2238	0.0070	0.0123	0.0118	0.0160	6.4101	11.4646	0.0050	0.0000	0.0006	-0.0000	-0.4000	4.0005	2.3559	9.0093	7.1930	0.0001	0.0001	0.0000	0.0001	0.0001	0.0000	0.0000	0.0000	0.0000	0.8737	0.8732	0.0005	0.0014	0.0012	0.0002	0.8723	0.8720	0.0003	0.0713	0.0614	0.0099	0.0197	0.0181	0.0016	0.0516	0.0433	0.0082	0.2509	0.1776	0.0733	0.1148	0.1015	0.0133	0.1361	0.0761	0.0600	0.0004	0.0003	0.0000	0.3685	0.4180	0.0000	0.0000	0.0000	0.0000	3.4829	4.9177	0.0070	0.0123	0.0118	0.0160	6.4101	11.4646	0.0050
88	91	0.2177	5	0	1	0	0	0	0	0	0	N	N	N	N	N	N	N	N	N	N	N	N	0.0771	0.0744	0.0005	0.3817	0.3883	0.0052	0.0008	0.0006	0.0000	0.0235	0.0268	0.0001	0.0786	0.0816	0.0009	0.0003	0.0004	0.0000	0.3049	0.3600	0.1677	0.2058	0.2102	0.1748	0.4102	0.6186	0.1656	0.0005	0.1870	-0.0022	-0.0640	4.0005	4.9284	9.0093	11.0439	0.0050	0.0050	0.0000	0.0050	0.0050	0.0000	0.0000	0.0000	0.0000	0.2127	0.1792	0.0335	0.0740	0.0662	0.0077	0.1388	0.1130	0.0258	0.2142	0.1879	0.0263	0.0635	0.0611	0.0024	0.1507	0.1268	0.0239	0.6977	0.4978	0.1999	0.3594	0.3152	0.0442	0.3383	0.1826	0.1556	0.0771	0.0744	0.0005	0.3817	0.3883	0.0052	0.0008	0.0006	0.0000	0.3049	0.3600	0.1677	0.2058	0.2102	0.1748	0.4102	0.6186	0.1656
88	92	0.1282	4	0	1	0	0	0	0	0	0	N	N	N	N	N	N	N	N	N	N	N	N	0.0476	0.3343	0.0000	0.0031	0.0108	0.0000	0.0390	0.2673	0.0000	0.0504	0.0595	0.0000	0.0009	0.0009	0.0000	0.0531	0.0631	0.0000	1.0581	0.1780	2.5499	0.2776	0.0858	1.5080	1.3627	0.2360	2.6684	0.0000	8.4526	-0.0022	0.3327	4.0005	3.9161	9.0093	29.2065	0.0050	0.0050	0.0000	0.0000	0.0000	0.0000	0.0050	0.0050	0.0000	0.7634	0.0808	0.6826	0.0562	0.0150	0.0412	0.7071	0.0657	0.6414	0.0989	0.0837	0.0152	0.0052	0.0048	0.0004	0.0937	0.0789	0.0148	0.7215	0.4538	0.2677	0.2026	0.1752	0.0273	0.5189	0.2786	0.2404	0.0476	0.3343	0.0000	0.0031	0.0108	0.0000	0.0390	0.2673	0.0000	1.0581	0.1780	2.5499	0.2776	0.0858	1.5080	1.3627	0.2360	2.6684
88	93	0.6687	10	1	2	0	0	0	0	0	0	N	Y	N	N	N	N	N	N	N	N	N	N	2.1081	0.0000	25.7830	0.2144	0.0000	2.1485	1.4937	0.0000	24.4365	0.0477	0.0000	0.3788	0.0013	0.0000	0.0190	0.0799	0.0000	0.4847	0.0226	0.0263	0.0147	0.0062	0.0054	0.0088	0.0535	0.0853	0.0198	inf	0.2601	0.0020	-0.0011	4.0005	2.5103	9.0093	7.4742	0.0035	0.0000	0.0035	0.0000	0.0000	0.0000	0.0035	0.0000	0.0035	0.0042	0.0034	0.0009	0.0008	0.0005	0.0002	0.0035	0.0029	0.0006	0.0742	0.0648	0.0093	0.0303	0.0282	0.0021	0.0438	0.0366	0.0072	0.1875	0.1279	0.0596	0.1223	0.0944	0.0279	0.0652	0.0335	0.0317	2.1081	0.0000	25.7830	0.2144	0.0000	2.1485	1.4937	0.0000	24.4365	0.0226	0.0263	0.0147	0.0062	0.0054	0.0088	0.0535	0.0853	0.0198
88	94	0.6325	9	0	2	0	0	0	0	0	0	N	Y	N	N	N	N	N	N	N	N	N	N	133.7298	0.2916	10836.2409	0.6644	0.5403	3.7515	5216.4423	0.1545	96934.8214	2.4434	0.0074	20.6986	0.0179	0.0181	0.0137	3.9109	0.0002	25.1166	0.0183	0.0255	0.0019	0.0269	0.0336	0.0037	0.0007	0.0012	0.0003	371.6779	0.0330	0.3198	-0.0018	4.0005	7.1305	9.0093	3.2426	0.5749	0.0015	0.5734	0.0016	0.0015	0.0001	0.5733	0.0000	0.5733	0.0043	0.0042	0.0001	0.0042	0.0041	0.0001	0.0001	0.0000	0.0000	0.2353	0.2076	0.0277	0.0887	0.0838	0.0049	0.1466	0.1238	0.0228	0.2347	0.1629	0.0718	0.1571	0.1222	0.0348	0.0776	0.0406	0.0370	133.7298	0.2916	10836.2409	0.6644	0.5403	3.7515	5216.4423	0.1545	96934.8214	0.0183	0.0255	0.0019	0.0269	0.0336	0.0037	0.0007	0.0012	0.0003
88	95	0.0542	2	1	2	0	0	0	0	0	0	N	Y	N	N	N	N	N	N	N	N	N	N	6.8785	8.4436	0.0042	0.0508	0.0530	0.0000	12.3899	inf	0.0042	4.6061	5.4556	0.0030	0.0843	0.0894	0.0000	4.6334	5.4918	0.0030	0.6696	0.6461	0.7035	1.6595	1.6865	0.1229	0.3740	0.0000	0.7091	0.0001	0.7567	-0.4409	-0.0166	4.0005	8.0000	9.0093	22.5660	0.9998	0.9997	0.0001	0.0001	0.0001	0.0000	0.9997	0.9996	0.0001	0.6015	0.3424	0.2591	0.3428	0.3424	0.0004	0.2587	0.0000	0.2587	0.2171	0.1832	0.0338	0.0013	0.0012	0.0001	0.2158	0.1820	0.0337	0.8982	0.5299	0.3683	0.2066	0.2030	0.0036	0.6916	0.3269	0.3647	6.8785	8.4436	0.0042	0.0508	0.0530	0.0000	12.3899	inf	0.0042	0.6696	0.6461	0.7035	1.6595	1.6865	0.1229	0.3740	0.0000	0.7091
88	96	0.1282	4	0	1	0	0	0	0	0	0	N	N	N	N	N	N	N	N	N	N	N	N	1.3677	116.0290	0.0000	0.0111	0.0401	0.0000	1.0689	inf	0.0000	3.4292	4.0407	0.0000	0.0033	0.0036	0.0000	3.6156	4.2821	0.0000	2.5072	0.0348	7.4273	0.2985	0.0894	1.6289	3.3826	0.0000	7.2957	0.0000	113.3864	-0.4408	0.9141	4.0005	11.9964	9.0093	18.8414	0.9994	0.9994	0.0000	0.0000	0.0000	0.0000	0.9994	0.9994	0.0000	1.7153	0.0150	1.7003	0.0580	0.0150	0.0430	1.6573	0.0000	1.6573	0.2914	0.2473	0.0441	0.0150	0.0140	0.0011	0.2764	0.2334	0.0430	0.6841	0.4306	0.2535	0.1942	0.1678	0.0264	0.4900	0.2628	0.2272	1.3677	116.0290	0.0000	0.0111	0.0401	0.0000	1.0689	inf	0.0000	2.5072	0.0348	6.7062	0.2985	0.0894	1.6289	3.3826	0.0000	7.2957
88	98	0.0847	4	1	2	1	0	0	0	0	0	N	Y	N	N	N	N	N	N	N	N	N	N	0.0045	0.0000	0.0124	0.0002	0.0000	1.1406	0.0073	0.0000	0.0157	0.0330	0.0000	0.2293	0.0023	0.0000	0.0583	0.0376	0.0000	0.2357	7.2586	2.9451	18.5240	14.9588	13.2075	0.0511	5.1771	0.0000	14.9839	inf	2.2222	0.0006	0.5636	4.0005	0.9502	9.0093	16.1595	0.0010	0.0000	0.0010	0.0000	0.0000	0.0000	0.0010	0.0000	0.0010	2.4371	0.7564	1.6807	0.7566	0.7564	0.0002	1.6805	0.0000	1.6805	0.0315	0.0270	0.0045	0.0042	0.0040	0.0002	0.0274	0.0230	0.0044	0.4204	0.2568	0.1636	0.0958	0.0912	0.0046	0.3246	0.1657	0.1589	0.0057	0.0000	0.0223	0.0003	0.0000	1.1406	0.0073	0.0000	0.0223	5.7974	2.9451	10.2763	7.9000	8.2976	0.0511	5.1771	0.0000	10.5734
88	99	0.1282	4	0	2	0	0	0	0	0	0	N	Y	N	N	N	N	N	N	N	N	N	N	0.0000	0.0000	0.0000	0.0000	0.0000	0.0000	0.0000	0.0000	0.0000	0.0000	0.0000	0.0000	0.0000	0.0000	0.0000	0.0000	0.0000	0.0000	0.3319	0.5044	0.0380	1.0799	1.2510	0.0049	0.0281	0.0161	0.0420	0.0442	0.0000	-0.0871	4.0005	11.9964	9.0093	15.6499	0.0000	0.0000	0.0000	0.0000	0.0000	0.0000	0.0000	0.0000	0.0000	0.2093	0.2004	0.0089	0.1967	0.1966	0.0001	0.0126	0.0039	0.0087	0.2914	0.2473	0.0441	0.0150	0.0140	0.0011	0.2764	0.2334	0.0430	0.6306	0.3974	0.2333	0.1821	0.1571	0.0250	0.4485	0.2402	0.2083	0.0000	0.0000	0.0000	0.0000	0.0000	0.0000	0.0000	0.0000	0.0000	0.3319	0.5044	0.0380	1.0799	1.2510	0.0049	0.0281	0.0161	0.0420	
88	100	0.0877	5	1	1	1	0	0	0	0	0	N	N	N	N	N	N	N	N	N	N	N	N	0.0124	0.0000	0.0459	0.0000	0.0001	0.0000	0.0157	0.0000	0.0475	0.0007	0.0000	0.0046	0.0000	0.0000	0.0000	0.0008	0.0000	0.0048	0.0570	0.0295	0.0998	0.0883	0.0887	0.0817	0.0484	0.0000	0.1003	2246.2247	2.1631	0.0000	0.0045	4.0005	1.0008	9.0093	13.9255	0.0000	0.0000	0.0000	0.0000	0.0000	0.0000	0.0000	0.0000	0.0000	0.0201	0.0063	0.0137	0.0067	0.0063	0.0003	0.0134	0.0000	0.0134	0.0284	0.0240	0.0044	0.0020	0.0018	0.0002	0.0264	0.0222	0.0042	0.3520	0.2145	0.1375	0.0755	0.0714	0.0041	0.2765	0.1431	0.1334	0.0124	0.0000	0.0459	0.0000	0.0001	0.0000	0.0157	0.0000	0.0475	0.0570	0.0295	0.0998	0.0883	0.0887	0.0817	0.0484	0.0000	0.1003
88	101	0.0847	4	1	1	1	0	0	0	0	0	N	N	N	N	N	N	N	N	N	N	N	N	0.1784	0.0040	1.6328	0.0053	0.0052	0.0016	0.4694	0.0000	1.6424	0.1690	0.0037	1.6474	0.0083	0.0084	0.0008	0.2741	0.0000	1.6762	0.9469	0.9104	1.0089	1.5738	1.5983	0.4858	0.5838	0.0010	1.0206	50.2661	0.6510	0.0006	-0.0067	4.0005	0.0532	9.0093	2.0467	0.0011	0.0000	0.0010	0.0000	0.0000	0.0000	0.0010	0.0000	0.0010	0.1041	0.0631	0.0411	0.0635	0.0630	0.0004	0.0407	0.0000	0.0406	0.0062	0.0056	0.0006	0.0025	0.0024	0.0000	0.0038	0.0031	0.0006	0.1100	0.0693	0.0407	0.0403	0.0394	0.0009	0.0696	0.0298	0.0398	0.1784	0.0040	1.6328	0.0053	0.0052	0.0016	0.4694	0.0000	1.6424	0.9469	0.9104	1.0089	1.5738	1.5983	0.4858	0.5838	0.0010	1.0206
88	102	0.0751	3	1	1	1	0	0	0	0	0	N	N	N	N	N	N	N	N	N	N	N	N	3.9819	0.0001	6.1770	0.0004	0.0004	0.0038	4.3311	0.0000	7.0245	31.3821	0.0001	210.7917	0.0006	0.0005	0.0014	34.8061	0.0000	218.7442	7.8811	0.6572	34.1252	1.4563	1.4764	0.3652	8.0363	0.0019	31.1404	629021.7031	13.9621	1.1153	0.5309	4.0005	2.0948	9.0093	3.0326	1.9955	0.0000	1.9955	0.0000	0.0000	0.0000	1.9955	0.0000	1.9955	1.1182	0.0747	1.0435	0.0750	0.0746	0.0003	1.0433	0.0001	1.0431	0.0636	0.0541	0.0095	0.0063	0.0059	0.0003	0.0573	0.0482	0.0091	0.1813	0.1137	0.0676	0.0515	0.0505	0.0009	0.1298	0.0632	0.0666	5.0878	0.0001	13.6507	0.0004	0.0004	0.0038	4.3311	0.0000	13.9750	6.1681	0.6572	15.4418	1.4563	1.4764	0.3652	8.0363	0.0019	15.6526
88	103	0.0542	2	1	1	1	0	0	0	0	0	N	N	N	N	N	N	N	N	N	N	N	N	0.0200	0.0036	0.0548	0.2811	0.3096	0.0000	0.0133	0.0000	0.0547	0.0276	0.0001	0.1755	0.0137	0.0144	0.0000	0.0277	0.0000	0.1759	1.3828	0.0286	3.2014	0.0486	0.0466	0.3157	2.0775	0.0024	3.2184	317.2059	83.2401	0.0017	0.3569	4.0005	3.9484	9.0093	4.8420	0.0030	0.0000	0.0030	0.0000	0.0000	0.0000	0.0030	0.0000	0.0030	0.6736	0.0080	0.6656	0.0081	0.0077	0.0004	0.6655	0.0003	0.6652	0.1093	0.0922	0.0171	0.0007	0.0007	0.0000	0.1086	0.0915	0.0171	0.4871	0.2792	0.2079	0.1668	0.1656	0.0012	0.3203	0.1136	0.2067	0.0200	0.0036	0.0548	0.2811	0.3096	0.0000	0.0133	0.0000	0.0547	1.3828	0.0286	3.2014	0.0486	0.0466	0.3157	2.0775	0.0024	3.2184
88	104	0.1605	5	0	2	0	0	0	0	0	0	N	Y	N	N	N	N	N	N	N	N	N	N	0.0394	0.4610	0.0000	5.1681	4.8659	0.0000	0.0000	0.0000	0.0000	0.0484	0.0566	0.0000	0.2125	0.2327	0.0000	0.0000	0.0000	0.0000	1.2278	0.1227	3.1908	0.0411	0.0478	0.0031	1.7620	0.1753	3.6649	0.0000	14.6360	-0.0061	0.5046	4.0005	8.9557	9.0093	32.3127	0.0139	0.0139	0.0000	0.0139	0.0139	0.0000	0.0000	0.0000	0.0000	1.0564	0.0676	0.9888	0.0110	0.0109	0.0001	1.0454	0.0567	0.9887	0.2875	0.2461	0.0414	0.0655	0.0598	0.0057	0.2219	0.1863	0.0357	0.8604	0.5505	0.3099	0.2671	0.2270	0.0401	0.5933	0.3235	0.2698	0.0394	0.4610	0.0000	5.1681	4.8659	0.0000	0.0000	0.0000	0.0000	1.2278	0.1227	3.1908	0.0411	0.0478	0.0031	1.7620	0.1753	3.6649
88	105	0.1859	6	0	1	1	0	0	0	0	0	N	N	N	N	N	N	N	N	N	N	N	N	0.5610	0.3859	0.0000	2131.3399	1988.9163	0.0000	0.0000	0.0000	0.0000	1.9793	2.3532	0.0000	13.6983	14.5089	0.0000	0.0001	0.0001	0.0000	3.5282	6.0984	0.0002	0.0064	0.0073	0.0015	5.2491	9.6680	0.0000	0.0000	0.0000	-0.1145	-0.4577	4.0005	4.2679	9.0093	7.8415	0.2597	0.2597	0.0000	0.2597	0.2597	0.0000	0.0000	0.0000	0.0000	0.9985	0.9985	0.0000	0.0006	0.0006	0.0000	0.9979	0.9979	0.0000	0.1312	0.1103	0.0208	0.0190	0.0179	0.0011	0.1122	0.0925	0.0198	0.2830	0.1823	0.1007	0.0929	0.0791	0.0138	0.1901	0.1032	0.0869	0.5610	0.4296	0.0000	2131.3399	1988.9163	0.0000	0.0000	0.0000	0.0000	3.5282	5.4773	0.0002	0.0064	0.0073	0.0015	5.2491	9.6680	0.0000
88	106	0.1605	5	0	1	0	0	0	0	0	0	N	N	N	N	N	N	N	N	N	N	N	N	11.0830	8.7574	0.0000	1.5179	1.4509	0.0000	16.6917	11.3843	0.0000	2.5133	2.8876	0.0000	0.1976	0.2171	0.0000	4.7636	5.7280	0.0000	0.2268	0.3297	0.0257	0.1302	0.1496	0.0117	0.2854	0.5031	0.0283	0.0000	0.0399	-0.1175	-0.0319	4.0005	1.9301	9.0093	9.0954	0.2664	0.2664	0.0000	0.0103	0.0103	0.0000	0.2560	0.2560	0.0000	0.0760	0.0731	0.0029	0.0165	0.0163	0.0002	0.0595	0.0568	0.0027	0.1060	0.0922	0.0137	0.0522	0.0475	0.0047	0.0537	0.0447	0.0090	0.3350	0.2215	0.1134	0.1265	0.1087	0.0178	0.2085	0.1129	0.0956	11.0830	8.7574	0.0000	1.5179	1.4509	0.0000	16.6917	11.3843	0.0000	0.2268	0.3297	0.0257	0.1302	0.1496	0.0117	0.2854	0.5031	0.0283
88	107	0.1282	4	0	1	0	0	0	0	0	0	N	N	N	N	N	N	N	N	N	N	N	N	0.0484	0.0368	0.0000	0.0001	0.0001	0.0000	0.0388	0.0248	0.0000	0.1412	0.1668	0.0000	0.0001	0.0001	0.0000	0.1490	0.1769	0.0000	2.9184	4.5314	0.0989	1.0638	1.2488	0.0060	3.8352	7.1356	0.1134	0.0000	0.0125	-0.0061	-0.4873	4.0005	3.9049	9.0093	9.6098	0.0139	0.0139	0.0000	0.0000	0.0000	0.0000	0.0139	0.0139	0.0000	1.0924	1.0790	0.0135	0.1317	0.1316	0.0001	0.9607	0.9474	0.0134	0.0986	0.0835	0.0151	0.0052	0.0048	0.0004	0.0934	0.0787	0.0147	0.3743	0.2382	0.1362	0.1238	0.1054	0.0184	0.2505	0.1328	0.1177	0.0484	0.0368	0.0000	0.0001	0.0001	0.0000	0.0388	0.0248	0.0000	2.9184	4.5305	0.0989	1.0638	1.2488	0.0060	3.8352	7.1356	0.1134
88	108	0.1493	6	0	2	0	0	0	0	0	0	N	Y	N	N	N	N	N	N	N	N	N	N	0.0002	0.0050	0.0000	0.5462	2.4685	0.0000	0.0000	0.0000	0.0000	0.0002	0.0003	0.0000	0.0021	0.0022	0.0000	0.0000	0.0000	0.0000	1.4851	0.0537	3.9248	0.0038	0.0009	0.0168	2.2310	0.0941	4.7056	0.0000	42.8805	-0.0000	0.5304	4.0005	8.0392	9.0093	22.6195	0.0000	0.0000	0.0000	0.0000	0.0000	0.0000	0.0000	0.0000	0.0000	1.0222	0.0233	0.9989	0.0009	0.0002	0.0007	1.0214	0.0231	0.9982	0.2170	0.1845	0.0325	0.0239	0.0223	0.0016	0.1931	0.1622	0.0309	0.6883	0.4338	0.2545	0.2305	0.1882	0.0424	0.4578	0.2457	0.2121	0.0002	0.0050	0.0000	0.5462	2.4685	0.0000	0.0000	0.0000	0.0000	1.4851	0.0537	3.9248	0.0038	0.0009	0.0168	2.2310	0.0941	4.7056
88	109	0.1493	5	0	1	0	0	0	0	0	0	N	N	N	N	N	N	N	N	N	N	N	N	0.0256	0.0231	0.0000	0.0361	0.0322	0.0000	0.0203	0.0170	0.0000	0.0073	0.0088	0.0000	0.0108	0.0109	0.0000	0.0055	0.0073	0.0000	0.2855	0.3784	0.0127	0.2994	0.3386	0.0200	0.2726	0.4302	0.0105	0.0000	0.0115	-0.0000	-0.0206	4.0005	0.2031	9.0093	2.0398	0.0001	0.0001	0.0000	0.0000	0.0000	0.0000	0.0000	0.0000	0.0000	0.0460	0.0455	0.0005	0.0232	0.0230	0.0002	0.0228	0.0225	0.0003	0.0137	0.0114	0.0023	0.0046	0.0046	0.0000	0.0091	0.0068	0.0022	0.1612	0.1203	0.0409	0.0776	0.0681	0.0095	0.0836	0.0522	0.0314	0.0256	0.0231	0.0000	0.0361	0.0322	0.0000	0.0203	0.0170	0.0000	0.2855	0.3784	0.0127	0.2994	0.3386	0.0200	0.2726	0.4302	0.0105
88	110	0.7299	11	1	1	1	0	0	0	0	0	N	N	N	N	N	N	N	N	N	N	N	N	0.0000	0.0000	0.0000	0.0000	0.0000	0.0000	0.0000	0.0000	0.0000	0.0000	0.0000	0.0000	0.0000	0.0000	0.0000	0.0000	0.0000	0.0000	0.0000	0.0000	4.0005	0.0001	9.0093	0.0001	0.0000	0.0000	0.0000	0.0000	0.0000	0.0000	0.0000	0.0000	0.0000	0.0000	0.0000	0.0000	0.0000	0.0000	0.0000	0.0000	0.0000	0.0000	0.0028	0.0022	0.0006	0.0014	0.0014	0.0000	0.0014	0.0008	0.0006	0.0001	0.0001	0.0000	0.0001	0.0001	0.0000	0.0000	0.0000	0.0000	0.0000	0.0000	0.0000	0.0000	0.0000	0.0000	0.0000	0.0000	0.0000	0.0000	0.0000	0.0000	0.0000	0.0000	0.0000	0.0000	0.0000	0.0000											
88	111	0.7160	10	1	1	1	0	0	0	0	0	N	N	N	N	N	N	N	N	N	N	N	N	0.8120	0.7753	0.0000	8.8879	8.3101	0.0000	0.0000	0.0000	0.0000	0.0049	0.0056	0.0000	0.0157	0.0167	0.0000	0.0000	0.0000	0.0000	0.0060	0.0072	0.0032	0.0018	0.0020	0.0010	0.0175	0.0276	0.0063	0.0000	0.1954	-0.0001	-0.0002	4.0005	1.6718	9.0093	2.9223	0.0002	0.0002	0.0000	0.0002	0.0002	0.0000	0.0000	0.0000	0.0000	0.0007	0.0006	0.0001	0.0002	0.0001	0.0000	0.0006	0.0005	0.0001	0.0494	0.0431	0.0064	0.0153	0.0144	0.0009	0.0341	0.0287	0.0055	0.1189	0.0828	0.0361	0.0871	0.0660	0.0211	0.0318	0.0167	0.0151	0.8120	0.7753	0.0000	8.8879	8.3101	0.0000	0.0000	0.0000	0.0000	0.0060	0.0072	0.0032	0.0018	0.0020	0.0010	0.0175	0.0276	0.0063
88	112	0.6325	9	1	1	1	0	0	0	0	0	N	N	N	N	N	N	N	N	N	N	N	N	1108.6294	883.3051	7.5482	2413.7117	2002.6452	0.0213	0.1718	0.0000	5.4649	3.7394	4.2596	0.0011	10.9556	11.6833	0.0000	0.0002	0.0000	0.0014	0.0034	0.0048	0.0001	0.0045	0.0058	0.0000	0.0012	0.0021	0.0002	0.0000	0.0138	-0.6280	-0.0006	4.0005	14.0283	9.0093	7.1084	1.4237	1.4237	0.0001	1.4237	1.4237	0.0000	0.0001	0.0000	0.0001	0.0013	0.0013	0.0000	0.0012	0.0012	0.0000	0.0002	0.0002	0.0000	0.3807	0.3342	0.0465	0.1299	0.1219	0.0081	0.2508	0.2124	0.0384	0.3959	0.2732	0.1228	0.2574	0.1999	0.0575	0.1385	0.0732	0.0653	1108.6294	883.3051	7.5482	2413.7117	2002.6452	0.0213	0.1718	0.0000	5.4649	0.0034	0.0048	0.0001	0.0045	0.0058	0.0000	0.0012	0.0021	0.0002
88	113	0.5722	8	0	1	0	0	0	0	0	0	N	N	N	N	N	N	N	N	N	N	N	N	105.9948	49.8087	953.8225	162.7627	151.1512	3.5392	72.4957	0.0013	1192.5100	1.6383	0.9396	7.0635	2.3724	2.4977	0.0276	1.2412	0.0000	8.3649	0.0155	0.0189	0.0074	0.0146	0.0165	0.0078	0.0171	0.0250	0.0070	0.9682	0.1661	0.0255	-0.0023	4.0005	8.6129	9.0093	5.1709	0.5020	0.2551	0.2470	0.2552	0.2551	0.0002	0.2468	0.0000	0.2468	0.0072	0.0062	0.0010	0.0044	0.0039	0.0005	0.0028	0.0023	0.0005	0.3064	0.2715	0.0350	0.1076	0.1021	0.0055	0.1989	0.1693	0.0295	0.4657	0.3272	0.1385	0.3046	0.2365	0.0681	0.1611	0.0908	0.0704	105.9948	49.8087	953.8225	162.7627	151.1512	3.5392	72.4957	0.0013	1192.5100	0.0155	0.0189	0.0074	0.0146	0.0165	0.0078	0.0171	0.0250	0.0070
88	114	0.4771	7	0	1	0	0	0	0	0	0	N	N	N	N	N	N	N	N	N	N	N	N	27.0364	1.4891	698.3467	4.1697	3.7093	0.3142	218.9742	0.0178	2323.6506	5.4334	0.3963	38.4728	1.2531	1.3617	0.0287	7.0158	0.0007	46.2984	0.2010	0.2662	0.0551	0.3005	0.3671	0.0914	0.0320	0.0409	0.0199	14.7987	0.0925	1.2247	-0.0738	4.0005	16.8607	9.0093	22.7724	2.4712	0.1564	2.3148	0.1565	0.1562	0.0003	2.3147	0.0002	2.3145	0.1976	0.1808	0.0167	0.1859	0.1722	0.0137	0.0117	0.0086	0.0031	0.4548	0.3947	0.0602	0.1249	0.1147	0.0102	0.3299	0.2799	0.0500	0.9831	0.6794	0.3037	0.6186	0.4692	0.1494	0.3646	0.2103	0.1543	27.0364	1.4891	698.3467	4.1697	3.7093	0.3142	218.9742	0.0178	2323.6506	0.2010	0.2662	0.0551	0.3005	0.3671	0.0914	0.0320	0.0409	0.0199
88	115	0.1046	4	1	1	1	0	0	0	0	0	N	N	N	N	N	N	N	N	N	N	N	N	0.0000	0.0000	0.0000	0.0000	0.0000	0.0000	0.0000	0.0000	0.0000	0.0000	0.0000	0.0000	0.0000	0.0000	0.0000	0.0000	0.0000	0.0000	5.2342	0.0009	27.5181	0.0123	0.0018	0.2421	7.0201	0.0000	24.5765	7560.1034	0.0000	0.5342	4.0005	1.0009	9.0093	4.0038	0.0000	0.0000	0.0000	0.0000	0.0000	0.0000	0.0000	0.0000	0.0000	0.9865	0.0001	0.9864	0.0009	0.0001	0.0008	0.9856	0.0000	0.9856	0.0293	0.0249	0.0045	0.0018	0.0018	0.0001	0.0275	0.0231	0.0044	0.2167	0.1399	0.0768	0.0763	0.0730	0.0033	0.1404	0.0669	0.0735	0.0000	0.0000	0.0000	0.0000	0.0000	0.0000	0.0000	0.0000	0.0000	4.5530	0.0009	12.8407	0.0123	0.0018	0.2421	7.0201	0.0000	13.4102	
88	116	0.0763	3	1	1	1	0	0	0	0	0	N	N	N	N	N	N	N	N	N	N	N	N	0.0000	0.0000	0.0000	0.0000	0.0000	0.0000	0.0000	0.0000	0.0000	0.0000	0.0000	0.0000	0.0000	0.0000	0.0000	0.0000	0.0000	0.0000	0.4152	0.3787	0.4746	0.7929	0.8389	0.1176	0.2556	0.0027	0.4932	0.0197	0.7727	-0.0000	-0.0039	4.0005	1.8441	9.0093	10.4794	0.0000	0.0000	0.0000	0.0000	0.0000	0.0000	0.0000	0.0000	0.0000	0.1743	0.0983	0.0760	0.0989	0.0979	0.0009	0.0754	0.0004	0.0750	0.0742	0.0637	0.0106	0.0123	0.0122	0.0001	0.0619	0.0515	0.0104	0.4196	0.2596	0.1600	0.1247	0.1167	0.0080	0.2950	0.1429	0.1521	0.0000	0.0000	0.0000	0.0000	0.0000	0.0000	0.0000	0.0000	0.0000	0.4152	0.3787	0.4746	0.7929	0.8389	0.1176	0.2556	0.0027	0.4932
88	117	0.3643	5	0	2	0	1	0	0	0	0	N	Y	N	N	N	N	N	N	N	N	N	N	0.0120	0.0148	0.0000	0.0071	0.0063	0.0001	0.0096	0.0122	0.0000	0.0333	0.0381	0.0000	0.0098	0.0106	0.0000	0.0444	0.0525	0.0000	2.7744	2.5707	3.2530	1.3745	1.6878	0.0075	4.6418	4.3068	5.0544	0.0000	0.5387	-0.0052	-0.2903	4.0005	10.5071	9.0093	20.2622	0.0118	0.0118	0.0000	0.0011	0.0011	0.0000	0.0107	0.0107	0.0000	2.6813	1.7425	0.9388	0.7592	0.7584	0.0008	1.9221	0.9841	0.9380	0.3545	0.3094	0.0451	0.1143	0.1061	0.0082	0.2403	0.2033	0.0369	0.9664	0.6778	0.2886	0.5523	0.4493	0.1030	0.4141	0.2285	0.1856	0.0120	0.0148	0.0000	0.0071	0.0063	0.0001	0.0096	0.0122	0.0000	2.7744	2.5707	3.2530	1.3745	1.6878	0.0075	4.6418	4.3068	5.0544
88	118	0.1282	4	0	2	0	1	0	0	0	0	N	Y	N	N	N	N	N	N	N	N	N	N	0.0000	0.0000	0.0000	0.0000	0.0000	0.0000	0.0000	0.0000	0.0000	0.0000	0.0000	0.0000	0.0000	0.0000	0.0000	0.0000	0.0000	0.0000	2.7996	2.0965	3.9942	0.0111	0.0121	0.0043	3.9079	3.4311	4.4592	1.1214	0.0000	0.1333	4.0005	4.0036	9.0093	26.5072	0.0000	0.0000	0.0000	0.0000	0.0000	0.0000	0.0000	0.0000	0.0000	1.8971	0.8943	1.0029	0.0021	0.0020	0.0001	1.8950	0.8923	1.0027	0.1008	0.0854	0.0155	0.0053	0.0049	0.0004	0.0956	0.0805	0.0151	0.6776	0.4266	0.2511	0.1927	0.1665	0.0262	0.4849	0.2601	0.2249	0.0000	0.0000	0.0000	0.0000	0.0000	0.0000	0.0000	0.0000	0.0000	2.7996	2.0965	3.9942	0.0111	0.0121	0.0043	3.9079	3.4311	4.4592	
88	119	0.1666	5	0	2	0	0	0	0	0	0	N	Y	N	N	N	N	N	N	N	N	N	N	0.0000	0.0000	0.0000	0.0000	0.0000	0.0000	0.0000	0.0000	0.0000	0.0000	0.0000	0.0000	0.0000	0.0000	0.0000	0.0000	0.0000	0.0000	2.2571	1.7833	3.1110	3.7287	4.0901	0.4277	1.5924	0.0000	3.3635	inf	0.9679	0.0000	0.0476	4.0005	3.8169	9.0093	21.2433	0.0000	0.0000	0.0000	0.0000	0.0000	0.0000	0.0000	0.0000	0.0000	1.4228	0.7230	0.6998	0.7313	0.7230	0.0083	0.6915	0.0000	0.6915	0.1444	0.1247	0.0197	0.0331	0.0317	0.0015	0.1112	0.0931	0.0182	0.6304	0.4054	0.2249	0.1961	0.1768	0.0194	0.4343	0.2287	0.2056	0.0000	0.0000	0.0000	0.0000	0.0000	0.0000	0.0000	0.0000	0.0000	2.2571	1.7833	3.1110	3.7287	4.0901	0.4277	1.5924	0.0000	3.3635
88	120	0.5123	9	0	2	0	0	0	0	0	0	N	Y	N	N	N	N	N	N	N	N	N	N	0.0636	0.0664	0.1043	0.1238	0.1335	0.3143	0.0597	0.0778	0.0169	0.0075	0.0057	0.0203	0.0234	0.0161	0.1456	0.0005	0.0006	0.0002	0.1181	0.0856	0.1946	0.1892	0.1206	0.4634	0.0083	0.0072	0.0097	0.5103	0.9651	-0.0004	0.0047	4.0005	16.3276	9.0093	34.9199	0.0037	0.0024	0.0012	0.0035	0.0023	0.0012	0.0002	0.0002	0.0000	0.1425	0.0725	0.0700	0.1386	0.0707	0.0679	0.0039	0.0019	0.0021	0.4902	0.4290	0.0613	0.1500	0.1415	0.0085	0.3403	0.2875	0.0528	1.2068	0.8471	0.3597	0.7325	0.5859	0.1466	0.4744	0.2612	0.2132	0.0636	0.0664	0.1043	0.1238	0.1335	0.3143	0.0597	0.0778	0.0169	0.1181	0.0856	0.1946	0.1892	0.1206	0.4634	0.0083	0.0072	0.0097
88	121	0.4949	8	0	2	0	0	0	0	0	0	N	Y	N	N	N	N	N	N	N	N	N	N	0.0679	0.0959	0.0221	0.2247	0.2303	0.2507	0.0024	0.0104	0.0002	0.0149	0.0159	0.0079	0.0501	0.0491	0.0669	0.0005	0.0006	0.0001	0.2188	0.1658	0.3576	0.2228	0.2133	0.2667	0.2125	0.0579	0.4167	0.0743	0.8247	-0.0011	-0.0011	4.0005	6.1757	9.0093	14.5601	0.0029	0.0027	0.0002	0.0028	0.0026	0.0002	0.0001	0.0001	0.0000	0.1683	0.0922	0.0760	0.1047	0.0824	0.0224	0.0635	0.0099	0.0537	0.1955	0.1701	0.0254	0.0566	0.0536	0.0030	0.1389	0.1165	0.0224	0.7690	0.5563	0.2127	0.4700	0.3861	0.0839	0.2990	0.1702	0.1288	0.0679	0.0959	0.0221	0.2247	0.2303	0.2507	0.0024	0.0104	0.0002	0.2188	0.1658	0.3576	0.2228	0.2133	0.2667	0.2125	0.0579	0.4167
88	122	0.4419	7	0	1	0	0	0	0	0	0	N	N	N	N	N	N	N	N	N	N	N	N	0.0154	0.0172	0.0033	0.0598	0.0556	0.0662	0.0048	0.0053	0.0000	0.0052	0.0058	0.0011	0.0101	0.0103	0.0071	0.0029	0.0034	0.0000	0.3375	0.3357	0.3419	0.1686	0.1849	0.1067	0.5909	0.6365	0.5236	0.0283	0.4079	-0.0005	-0.0566	4.0005	7.5400	9.0093	21.4192	0.0013	0.0013	0.0000	0.0008	0.0008	0.0000	0.0005	0.0005	0.0000	0.3355	0.2383	0.0972	0.1006	0.0874	0.0132	0.2349	0.1509	0.0840	0.2525	0.2203	0.0322	0.0815	0.0764	0.0051	0.1711	0.1439	0.0271	0.9943	0.7099	0.2843	0.5968	0.4728	0.1240	0.3975	0.2371	0.1604	0.0154	0.0172	0.0033	0.0598	0.0556	0.0662	0.0048	0.0053	0.0000	0.3375	0.3357	0.3419	0.1686	0.1849	0.1067	0.5909	0.6365	0.5236
88	123	0.0542	2	0	2	0	0	0	0	0	0	N	Y	N	N	N	N	N	N	N	N	N	N	0.0000	0.0000	0.0000	0.0000	0.0000	0.0000	0.0000	0.0000	0.0000	0.0000	0.0000	0.0000	0.0000	0.0000	0.0000	0.0000	0.0000	1.2623	0.5523	2.2702	1.2899	1.3085	0.0518	1.2531	0.0000	2.2902	2.8962	0.0000	0.2788	4.0005	4.0019	9.0093	19.5615	0.0000	0.0000	0.0000	0.0000	0.0000	0.0000	0.0000	0.0000	0.0000	0.9785	0.2511	0.7273	0.2513	0.2511	0.0001	0.7272	0.0000	0.7272	0.1108	0.0934	0.0174	0.0007	0.0007	0.0000	0.1101	0.0927	0.0173	0.7751	0.4547	0.3204	0.1948	0.1919	0.0029	0.5803	0.2628	0.3175	0.0000	0.0000	0.0000	0.0000	0.0000	0.0000	0.0000	0.0000	0.0000	1.2623	0.5523	2.2702	1.2899	1.3085	0.0518	1.2531	0.0000	2.2902		
88	126	0.1653	6	0	2	0	0	0	0	0	0	N	Y	N	N	N	N	N	N	N	N	N	N	5.0933	3.8201	0.0000	0.0016	0.0014	0.0000	414.8518	268.0356	0.0000	6.8754	8.1283	0.0000	0.0062	0.0066	0.0000	7.7417	9.2856	0.0000	1.3499	2.1278	0.0006	3.7635	4.5887	0.0011	0.0187	0.0346	0.0005	0.0000	0.0002	-0.4322	-0.3312	4.0005	5.0407	9.0093	17.1705	0.9799	0.9799	0.0000	0.0001	0.0001	0.0000	0.9798	0.9798	0.0000	0.7227	0.7226	0.0001	0.7163	0.7162	0.0000	0.0064	0.0064	0.0001	0.1425	0.1206	0.0220	0.0160	0.0150	0.0009	0.1266	0.1055	0.0210	0.5354	0.3396	0.1958	0.1903	0.1561	0.0342	0.3451	0.1835	0.1616	5.0933	3.8201	0.0000	0.0016	0.0014	0.0000	414.8518	268.0356	0.0000	1.3499	2.1278	0.0006	3.7635	4.5887	0.0011	0.0187	0.0346	0.0005
88	127	0.1493	5	0	2	0	0	0	0	0	0	N	Y	N	N	N	N	N	N	N	N	N	N	2.5456	2.0735	0.0000	0.0501	0.0451	0.0000	2.7357	1.9044	0.0000	0.3224	0.3808	0.0000	0.0055	0.0057	0.0000	0.3783	0.4571	0.0000	0.1267	0.1837	0.0053	0.1094	0.1273	0.0105	0.1383	0.2400	0.0041	0.0000	0.0136	-0.0087	-0.0159	4.0005	1.9703	9.0093	6.2034	0.0196	0.0196	0.0000	0.0000	0.0000	0.0000	0.0196	0.0196	0.0000	0.0358	0.0353	0.0005	0.0124	0.0122	0.0002	0.0234	0.0231	0.0003	0.0608	0.0515	0.0093	0.0091	0.0087	0.0004	0.0517	0.0428	0.0089	0.2826	0.1923	0.0903	0.1135	0.0961	0.0174	0.1690	0.0961	0.0729	2.5456	2.0735	0.0000	0.0501	0.0451	0.0000	2.7357	1.9044	0.0000	0.1267	0.1837	0.0053	0.1094	0.1273	0.0105	0.1383	0.2400	0.0041
88	128	0.1282	4	0	1	0	0	0	0	0	0	N	N	N	N	N	N	N	N	N	N	N	N	0.0008	0.0006	0.0000	0.0001	0.0000	0.0000	0.0005	0.0003	0.0000	0.0018	0.0021	0.0000	0.0000	0.0000	0.0000	0.0019	0.0022	0.0000	2.3060	3.5489	0.0868	0.0364	0.0418	0.0072	3.5995	6.7586	0.1018	0.0000	0.0137	-0.0000	-0.2910	4.0005	1.1032	9.0093	7.8190	0.0000	0.0000	0.0000	0.0000	0.0000	0.0000	0.0000	0.0000	0.0000	0.6541	0.6453	0.0088	0.0037	0.0036	0.0001	0.6504	0.6417	0.0087	0.0284	0.0240	0.0044	0.0016	0.0015	0.0001	0.0268	0.0226	0.0043	0.2837	0.1818	0.1018	0.1030	0.0869	0.0161	0.1807	0.0949	0.0857	0.0008	0.0006	0.0000	0.0001	0.0000	0.0000	0.0005	0.0003	0.0000	2.3060	3.5489	0.0868	0.0364	0.0418	0.0072	3.5995	6.7586	0.1018
88	129	0.4712	8	0	2	0	0	0	0	0	0	N	Y	N	N	N	N	N	N	N	N	N	N	0.0000	0.0000	0.0000	0.0000	0.0000	0.0000	0.0000	0.0000	0.0000	0.0000	0.0000	0.0000	0.0000	0.0000	0.0000	0.0000	0.0000	0.0000	0.0737	0.0970	0.0012	0.1155	0.1429	0.0023	0.0000	0.0000	0.0001	0.0041	0.0000	-0.0133	4.0005	1.0033	9.0093	0.8635	0.0000	0.0000	0.0000	0.0000	0.0000	0.0000	0.0000	0.0000	0.0000	0.0294	0.0293	0.0001	0.0294	0.0293	0.0001	0.0000	0.0000	0.0000	0.0875	0.0795	0.0080	0.0488	0.0463	0.0025	0.0387	0.0331	0.0056	0.3985	0.3016	0.0969	0.2544	0.2048	0.0496	0.1441	0.0968	0.0473	0.0000	0.0000	0.0000	0.0000	0.0000	0.0000	0.0000	0.0000	0.0000	0.0737	0.0970	0.0012	0.1155	0.1429	0.0023	0.0000	0.0000	0.0001	
88	130	0.4419	7	0	1	0	0	0	0	0	0	N	N	N	N	N	N	N	N	N	N	N	N	0.0093	0.0093	0.0011	0.0177	0.0150	0.2716	0.0039	0.0117	0.0000	0.0152	0.0173	0.0012	0.0367	0.0386	0.0070	0.0037	0.0044	0.0000	1.6425	1.8623	1.0406	2.0712	2.5810	0.0256	0.9526	0.3764	1.9048	0.0097	0.2041	-0.0013	-0.3838	4.0005	5.5514	9.0093	9.9598	0.0031	0.0031	0.0000	0.0026	0.0026	0.0000	0.0005	0.0005	0.0000	1.3284	1.1033	0.2252	1.0331	1.0306	0.0025	0.2953	0.0727	0.2226	0.2036	0.1780	0.0256	0.0713	0.0670	0.0043	0.1323	0.1110	0.0213	0.8088	0.5924	0.2164	0.4988	0.3993	0.0995	0.3100	0.1931	0.1169	0.0093	0.0093	0.0011	0.0177	0.0150	0.2716	0.0039	0.0117	0.0000	1.6425	1.8623	1.0406	2.0712	2.5810	0.0256	0.9526	0.3764	1.9048
88	131	0.4116	6	0	1	0	0	0	0	0	0	N	N	N	N	N	N	N	N	N	N	N	N	0.1161	0.1265	0.0038	0.4057	0.3608	0.1103	0.0242	0.0308	0.0000	0.0336	0.0383	0.0010	0.0979	0.1033	0.0077	0.0088	0.0103	0.0000	0.2893	0.3027	0.2557	0.2413	0.2863	0.0698	0.3621	0.3357	0.4014	0.0037	0.3373	-0.0043	-0.0512	4.0005	9.1969	9.0093	13.4651	0.0099	0.0098	0.0000	0.0080	0.0080	0.0000	0.0019	0.0019	0.0000	0.2486	0.1859	0.0627	0.1249	0.1173	0.0075	0.1237	0.0685	0.0552	0.2940	0.2569	0.0371	0.0819	0.0772	0.0047	0.2121	0.1797	0.0324	0.8591	0.6139	0.2452	0.5175	0.4098	0.1077	0.3416	0.2041	0.1375	0.1161	0.1265	0.0038	0.4057	0.3608	0.1103	0.0242	0.0308	0.0000	0.2893	0.3027	0.2557	0.2413	0.2863	0.0698	0.3621	0.3357	0.4014
88	132	0.2251	8	1	2	0	1	0	0	0	0	N	Y	N	N	N	N	N	N	N	N	N	N	0.0000	0.0000	0.0000	0.0000	0.0000	0.0000	0.0000	0.0000	0.0000	0.0000	0.0000	0.0000	0.0000	17.0878	0.0000	81.3486	0.0000	0.0000	0.0000	16.5587	0.0000	66.0922	inf	0.0000	0.5384	4.0005	1.0000	9.0093	3.0001	0.0000	0.0000	0.0000	0.0000	0.0000	0.0000	0.0000	0.0000	0.0000	0.9940	0.0000	0.9940	0.0000	0.0000	0.0000	0.9940	0.0000	0.9940	0.0271	0.0230	0.0041	0.0023	0.0021	0.0002	0.0248	0.0209	0.0039	0.0885	0.0555	0.0330	0.0247	0.0219	0.0028	0.0638	0.0336	0.0301	0.0000	0.0000	0.0000	0.0000	0.0000	0.0000	0.0000	0.0000	0.0000	11.2355	0.0000	30.1499	0.0000	0.0000	0.0000	15.5878	0.0000	32.9796						
88	133	0.6240	12	1	2	0	1	0	0	0	0	N	Y	N	N	N	N	N	N	N	N	N	N	0.0000	0.0000	0.0000	0.0000	0.0000	0.0000	0.0000	0.0000	0.0000	0.0000	0.0000	0.0000	0.0000	0.0000	0.0000	0.0003	0.0000	0.0009	0.0004	0.0000	0.0020	0.0000	0.0000	0.0000	520.0798	0.0000	0.0000	4.0005	0.0006	9.0093	1.9797	0.0000	0.0000	0.0000	0.0000	0.0000	0.0000	0.0000	0.0000	0.0000	0.0000	0.0000	0.0000	0.0000	0.0000	0.0000	0.0000	0.0000	0.0000	0.0000	0.0000	0.0000	0.0000	0.0000	0.0000	0.0000	0.0000	0.0000	0.0356	0.0243	0.0113	0.0223	0.0174	0.0049	0.0133	0.0069	0.0064	0.0000	0.0000	0.0000	0.0000	0.0000	0.0000	0.0000	0.0000	0.0000	0.0003	0.0000	0.0009	0.0004	0.0000	0.0020	0.0000	0.0000	0.0000				
88	134	0.6072	11	1	2	0	1	0	0	0	0	N	Y	N	N	N	N	N	N	N	N	N	N	0.0000	0.0000	0.0000	0.0000	0.0000	0.0000	0.0000	0.0000	0.0000	0.0000	0.0000	0.0000	0.0000	0.0000	0.0000	0.0000	0.0000	0.0002	0.0002	0.0000	0.0002	0.0003	0.0000	0.0000	0.0000	0.0000	0.0113	0.0000	-0.0000	4.0005	2.0077	9.0093	6.0321	0.0000	0.0000	0.0000	0.0000	0.0000	0.0000	0.0000	0.0000	0.0000	0.0000	0.0000	0.0000	0.0000	0.0000	0.0000	0.0000	0.0000	0.0000	0.0529	0.0458	0.0070	0.0156	0.0144	0.0012	0.0373	0.0315	0.0058	0.1318	0.0887	0.0431	0.0820	0.0628	0.0192	0.0498	0.0259	0.0239	0.0000	0.0000	0.0000	0.0000	0.0000	0.0000	0.0000	0.0000	0.0000	0.0002	0.0002	0.0000	0.0002	0.0003	0.0000	0.0000	0.0000	0.0000		
88	135	0.6025	11	0	2	0	1	0	0	0	0	N	Y	N	N	N	N	N	N	N	N	N	N	0.0000	0.0000	0.0000	0.0001	0.0000	0.0026	0.0000	0.0000	0.0000	0.0000	0.0000	0.0000	0.0000	0.0000	0.0000	0.0000	0.0000	0.0000	5.0733	0.0011	30.1107	0.0010	0.0012	0.0003	11.8683	0.0010	48.7142	inf	5772.2055	0.0000	0.5379	4.0005	3.0348	9.0093	9.3583	0.0000	0.0000	0.0000	0.0000	0.0000	0.0000	0.0000	0.0000	0.0000	0.9935	0.0002	0.9933	0.0001	0.0001	0.0000	0.9933	0.0000	0.9933	0.0812	0.0700	0.0112	0.0225	0.0209	0.0017	0.0587	0.0491	0.0096	0.2248	0.1515	0.0734	0.1412	0.1088	0.0323	0.0837	0.0427	0.0410	0.0000	0.0000	0.0000	0.0001	0.0000	0.0026	0.0000	0.0000	0.0000	4.4183	0.0011	13.5384	0.0010	0.0012	0.0003	11.8683	0.0010	24.2085
88	136	0.5882	10	0	1	0	1	0	0	0	0	N	N	N	N	N	N	N	N	N	N	N	N	0.0001	0.0012	0.0000	0.0041	0.0033	0.0000	0.0000	0.0000	0.0000	0.0000	0.0000	0.0000	0.0000	0.0000	0.0000	0.0000	0.0000	0.0000	0.0437	0.0030	0.1264	0.0024	0.0031	0.0000	0.1101	0.0027	0.2277	0.0000	21.0674	-0.0000	0.0025	4.0005	0.0433	9.0093	6.6805	0.0000	0.0000	0.0000	0.0000	0.0000	0.0000	0.0000	0.0000	0.0000	0.0050	0.0002	0.0048	0.0002	0.0002	0.0000	0.0049	0.0001	0.0048	0.0014	0.0012	0.0002	0.0004	0.0004	0.0000	0.0009	0.0008	0.0002	0.1147	0.0768	0.0379	0.0707	0.0538	0.0169	0.0440	0.0230	0.0210	0.0001	0.0012	0.0000	0.0041	0.0033	0.0000	0.0000	0.0000	0.0000	0.0437	0.0030	0.1264	0.0024	0.0031	0.0000	0.1101	0.0027	0.2277
88	137	0.2547	10	0	2	0	1	0	0	0	0	N	Y	N	N	N	N	N	N	N	N	N	N	0.0000	0.0000	0.0000	0.0000	0.0000	0.0000	0.0000	0.0000	0.0000	0.0000	0.0000	0.0000	0.0000	0.0000	0.0000	0.0000	0.0000	0.0000	0.0000	0.0000	4.0005	0.0000	9.0093	0.0000	0.0000	0.0000	0.0000	0.0000	0.0000	0.0000	0.0000	0.0000	0.0000	0.0000	0.0000	0.0000	0.0000	0.0000	0.0000	0.0000	0.0000	0.0000	0.0000	0.0000	0.0000	0.0000	0.0000	0.0000	0.0000	0.0000	0.0000	0.0000	0.0000	0.0000	0.0000	0.0000	0.0000	0.0000	0.0000	0.0000	0.0000	0.0000	0.0000	0.0000	0.0000	0.0000	0.0000	0.0000	0.0000	0.0000	0.0000	0.0000	0.0000	0.0000	0.0000	0.0000	0.0000	0.0000											
88	138	0.2496	9	0	2	0	1	0	0	0	0	N	Y	N	N	N	N	N	N	N	N	N	N	2608.4973	0.0000	inf	0.1241	0.0000	inf	inf	inf	0.5956	0.0000	8.1143	0.0001	0.0000	0.0037	1.6464	0.0000	10.3940	0.0002	0.0004	0.0000	0.0008	0.0008	0.0000	0.0000	0.0000	0.0000	inf	0.0000	0.0001	-0.0000	4.0005	0.0021	9.0093	2.0000	0.0001	0.0000	0.0001	0.0000	0.0000	0.0000	0.0001	0.0000	0.0001	0.0000	0.0000	0.0000	0.0000	0.0000	0.0000	0.0000	0.0000	0.0000	0.0002	0.0001	0.0000	0.0001	0.0001	0.0000	0.0001	0.0000	0.0000	0.0438	0.0279	0.0159	0.0133	0.0118	0.0015	0.0305	0.0161	0.0144	2608.4973	0.0000	inf	0.1241	0.0000	inf	inf	0.0000	inf	0.0002	0.0004	0.0000	0.0008	0.0008	0.0000	0.0000	0.0000	0.0000	
88	139	0.2394	8	0	1	0	1	0	0	0	0	N	N	N	N	N	N	N	N	N	N	N	N	163315.1286	0.0000	2204556797.5702	54.9113	0.0000	inf	867484856.4896	2595909334.7326	36.7786	0.0000	243.1082	0.0419	0.0000	0.5643	40.3189	0.0000	254.0318	0.0002	0.0004	0.0000	0.0008	0.0009	0.0000	0.0000	0.0000	0.0000	inf	0.0002	0.5587	-0.0000	4.0005	1.0020	9.0093	3.0181	0.9996	0.0000	0.9996	0.0001	0.0000	0.0001	0.9995	0.0000	0.9995	0.0000	0.0000	0.0000	0.0000	0.0000	0.0000	0.0000	0.0000	0.0000	0.0272	0.0231	0.0041	0.0024	0.0022	0.0002	0.0248	0.0209	0.0039	0.0887	0.0560	0.0327	0.0262	0.0232	0.0030	0.0625	0.0328	0.0297	163315.1286	0.0000	2204556797.5702	54.9113	0.0000	inf	867484856.4896	0.0000	2595909334.7326	0.0002	0.0004	0.0000	0.0008	0.0009	0.0000	0.0000	0.0000	0.0000	
88	140	0.2251	8	0	2	0	0	0	0	0	0	N	Y	N	N	N	N	N	N	N	N	N	N	0.0000	0.0000	0.0000	0.0000	0.0000	0.0000	0.0000	0.0000	0.0000	0.0000	0.0000	0.0000	0.0000	0.0000	0.0000	0.0000	0.0000	0.0000	0.0000	0.0000	4.0005	0.0000	9.0093	4.0001	0.0000	0.0000	0.0000	0.0000	0.0000	0.0000	0.0000	0.0000	0.0000	0.0000	0.0000	0.0000	0.0000	0.0000	0.0000	0.0000	0.0000	0.0000	0.0000	0.0000	0.0000	0.0000	0.0000	0.0000	0.0000	0.0000	0.0000	0.0885	0.0555	0.0330	0.0247	0.0219	0.0028	0.0638	0.0336	0.0301	0.0000	0.0000	0.0000	0.0000	0.0000	0.0000	0.0000	0.0000	0.0000	0.0000	0.0000	0.0000	0.0000	0.0000	0.0000	0.0000	0.0000	0.0000											
88	141	0.6027	10	0	2	0	0	0	0	0	0	N	Y	N	N	N	N	N	N	N	N	N	N	35.8505	28.9366	0.0000	0.0000	0.0000	0.0000	20.1706	12.4377	0.0000	0.0027	0.0031	0.0000	0.0000	0.0000	0.0000	0.0038	0.0045	0.0000	0.0001	0.0001	0.0000	0.0000	0.0000	0.0000	0.0002	0.0004	0.0000	0.0000	0.0390	-0.0000	-0.0000	4.0005	1.0003	9.0093	5.0186	0.0001	0.0001	0.0000	0.0000	0.0000	0.0000	0.0001	0.0001	0.0000	0.0000	0.0000	0.0000	0.0000	0.0000	0.0000	0.0000	0.0000	0.0000	0.0264	0.0229	0.0035	0.0078	0.0072	0.0006	0.0186	0.0157	0.0029	0.1004	0.0676	0.0328	0.0624	0.0479	0.0145	0.0380	0.0198	0.0183	35.8505	28.9366	0.0000	0.0000	0.0000	0.0000	20.1706	12.4377	0.0000	0.0001	0.0001	0.0000	0.0000	0.0000	0.0000	0.0002	0.0004	0.0000
88	142	0.2394	8	0	1	1	1	0	0	0	0	N	N	N	N	N	N	N	N	N	N	N	N	0.0000	0.0000	0.0000	0.0000	0.0000	0.0000	0.0000	0.0000	0.0000	0.0000	0.0000	0.0000	0.0000	0.0000	0.0000	0.0000	0.0001	0.0002	0.0000	0.0004	0.0004	0.0000	0.0000	0.0000	0.0000	0.0008	0.0000	-0.0000	4.0005	0.0001	9.0093	9.0026	0.0000	0.0000	0.0000	0.0000	0.0000	0.0000	0.0000	0.0000	0.0000	0.0000	0.0000	0.0000	0.0000	0.0000	0.0000	0.0000	0.0000	0.0000	0.0000	0.0000	0.0000	0.0000	0.0000	0.0000	0.0000	0.0000	0.0000	0.1942	0.1226	0.0716	0.0571	0.0506	0.0066	0.1370	0.0720	0.0650	0.0000	0.0000	0.0000	0.0000	0.0000	0.0000	0.0000	0.0000	0.0000	0.0001	0.0002	0.0000	0.0004	0.0004	0.0000	0.0000	0.0000	0.0000			
88	143	0.5882	10	0	1	1	1	0	0	0	0	N	N	N	N	N	N	N	N	N	N	N	N	0.0000	0.0000	0.0000	0.0000	0.0000	0.0000	0.0000	0.0000	0.0000	0.0000	0.0000	0.0000	0.0000	0.0000	0.0000	0.0000	0.0000	0.0002	0.0003	0.0000	0.0001	0.0002	0.0000	0.0003	0.0006	0.0000	0.0005	0.0000	-0.0000	4.0005	2.0061	9.0093	8.0425	0.0000	0.0000	0.0000	0.0000	0.0000	0.0000	0.0000	0.0000	0.0000	0.0000	0.0000	0.0000	0.0000	0.0000	0.0000	0.0000	0.0000	0.0000	0.0525	0.0453	0.0072	0.0143	0.0132	0.0011	0.0382	0.0321	0.0061	0.1680	0.1124	0.0556	0.1034	0.0786	0.0247	0.0646	0.0337	0.0309	0.0000	0.0000	0.0000	0.0000	0.0000	0.0000	0.0000	0.0000	0.0000	0.0002	0.0003	0.0000	0.0001	0.0002	0.0000	0.0003	0.0006	0.0000		
88	144	0.5791	9	0	1	0	1	0	0	0	0	N	N	N	N	N	N	N	N	N	N	N	N	0.0000	0.0000	0.0000	0.0000	0.0000	0.0000	0.0000	0.0000	0.0000	0.0000	0.0000	0.0000	0.0000	0.0000	0.0000	0.0000	0.0000	0.0000	0.0053	0.0069	0.0011	0.0074	0.0084	0.0030	0.0023	0.0040	0.0000	0.0607	0.0000	-0.0002	4.0005	1.9550	9.0093	2.1189	0.0000	0.0000	0.0000	0.0000	0.0000	0.0000	0.0000	0.0000	0.0000	0.0005	0.0005	0.0000	0.0004	0.0004	0.0000	0.0001	0.0001	0.0000	0.0550	0.0474	0.0076	0.0179	0.0163	0.0017	0.0371	0.0311	0.0059	0.1040	0.0744	0.0296	0.0600	0.0497	0.0102	0.0440	0.0246	0.0194	0.0000	0.0000	0.0000	0.0000	0.0000	0.0000	0.0000	0.0000	0.0000	0.0053	0.0069	0.0011	0.0074	0.0084	0.0030	0.0023	0.0040	0.0000	
88	145	0.5791	9	0	1	1	1	0	0	0	0	N	N	N	N	N	N	N	N	N	N	N	N	0.0000	0.0000	0.0000	0.0000	0.0000	0.0000	0.0000	0.0000	0.0000	0.0000	0.0000	0.0000	0.0000	0.0000	0.0000	0.0000	0.0000	0.0000	5.4717	2.9911	13.0981	3.4171	4.3738	0.0000	6.8402	0.0055	28.3694	1.3650	0.0000	0.2054	4.0005	2.1261	9.0093	18.6477	0.0000	0.0000	0.0000	0.0000	0.0000	0.0000	0.0000	0.0000	0.0000	1.7290	0.7311	0.9979	0.7306	0.7306	0.0000	0.9984	0.0004	0.9979	0.0594	0.0512	0.0082	0.0192	0.0174	0.0018	0.0402	0.0338	0.0064	0.3598	0.2444	0.1154	0.2138	0.1670	0.0468	0.1460	0.0774	0.0686	0.0000	0.0000	0.0000	0.0000	0.0000	0.0000	0.0000	0.0000	0.0000	4.8058	2.9911	8.6508	3.4171	4.3738	0.0000	6.8402	0.0055	14.5502	
88	146	0.2394	8	0	1	1	1	0	0	0	0	N	N	N	N	N	N	N	N	N	N	N	N	0.0000	0.0000	0.0000	0.0000	0.0000	0.0000	0.0000	0.0000	0.0000	0.0000	0.0000	0.0000	0.0000	0.0000	0.0000	0.0000	0.0001	0.0002	0.0000	0.0004	0.0004	0.0000	0.0000	0.0000	0.0000	0.0008	0.0000	-0.0000	4.0005	2.0001	9.0093	5.9880	0.0000	0.0000	0.0000	0.0000	0.0000	0.0000	0.0000	0.0000	0.0000	0.0000	0.0000	0.0000	0.0000	0.0000	0.0000	0.0000	0.0000	0.0000	0.0540	0.0458	0.0082	0.0047	0.0044	0.0004	0.0493	0.0414	0.0078	0.1731	0.1093	0.0638	0.0510	0.0451	0.0059	0.1221	0.0642	0.0579	0.0000	0.0000	0.0000	0.0000	0.0000	0.0000	0.0000	0.0000	0.0000	0.0001	0.0002	0.0000	0.0004	0.0004	0.0000	0.0000	0.0000	0.0000			
88	147	0.2394	8	0	1	1	1	0	0	0	0	N	N	N	N	N	N	N	N	N	N	N	N	0.0455	0.0316	65.4158	52.7898	52.6353	0.0000	0.0023	0.0000	36878.5356	0.0066	0.0072	0.0028	0.0702	0.0758	0.0000	0.0005	0.0000	0.0030	0.1448	0.2295	0.0000	0.0013	0.0014	0.0005	0.2032	0.3851	0.0000	0.0690	0.0001	-0.0006	-0.0414	4.0005	9.0001	9.0093	23.0169	0.0016	0.0015	0.0001	0.0015	0.0015	0.0000	0.0001	0.0000	0.0001	0.0903	0.0903	0.0000	0.0002	0.0002	0.0000	0.0901	0.0901	0.0000	0.2352	0.2001	0.0351	0.0207	0.0191	0.0015	0.2146	0.1810	0.0336	0.6239	0.3936	0.2303	0.1805	0.1597	0.0208	0.4434	0.2339	0.2095	0.0455	0.0316	65.4158	52.7898	52.6353	0.0000	0.0023	0.0000	36878.5356	0.1448	0.2295	0.0000	0.0013	0.0014	0.0005	0.2032	0.3851	0.0000
88	148	0.2141	7	0	1	0	1	0	0	0	0	N	N	N	N	N	N	N	N	N	N	N	N	0.0001	0.0002	0.0000	0.0007	0.0007	0.0000	0.0000	0.0000	0.0000	0.0000	0.0000	0.0000	0.0000	0.0000	0.0000	0.0000	0.0000	0.0000	0.0019	0.0008	0.0036	0.0021	0.0020	0.0023	0.0018	0.0000	0.0037	0.0000	2.5404	-0.0000	0.0001	4.0005	1.9990	9.0093	7.9526	0.0000	0.0000	0.0000	0.0000	0.0000	0.0000	0.0000	0.0000	0.0000	0.0004	0.0001	0.0003	0.0001	0.0001	0.0000	0.0003	0.0000	0.0003	0.0542	0.0460	0.0082	0.0047	0.0044	0.0003	0.0495	0.0416	0.0079	0.2287	0.1441	0.0847	0.0666	0.0593	0.0072	0.1622	0.0847	0.0774	0.0001	0.0002	0.0000	0.0007	0.0007	0.0000	0.0000	0.0000	0.0000	0.0019	0.0008	0.0036	0.0021	0.0020	0.0023	0.0018	0.0000	0.0037
88	149	0.1822	6	1	2	0	0	0	0	0	0	N	Y	N	N	N	N	N	N	N	N	N	N	0.0029	0.0023	0.0000	0.0061	0.0057	0.0000	0.0000	0.0000	0.0000	0.0000	0.0000	0.0000	0.0002	0.0002	0.0000	0.0000	0.0000	0.0000	0.0082	0.0121	0.0013	0.0255	0.0282	0.0017	0.0006	0.0000	0.0013	0.0000	0.0601	-0.0000	-0.0018	4.0005	5.3497	9.0093	17.2225	0.0000	0.0000	0.0000	0.0000	0.0000	0.0000	0.0000	0.0000	0.0000	0.0044	0.0041	0.0002	0.0042	0.0041	0.0000	0.0002	0.0000	0.0002	0.1694	0.1446	0.0248	0.0261	0.0252	0.0009	0.1433	0.1194	0.0239	0.5313	0.3423	0.1891	0.1628	0.1462	0.0166	0.3686	0.1961	0.1724	0.0029	0.0023	0.0000	0.0061	0.0057	0.0000	0.0000	0.0000	0.0000	0.0082	0.0121	0.0013	0.0255	0.0282	0.0017	0.0006	0.0000	0.0013
88	150	0.2130	7	0	2	0	0	0	0	0	0	N	Y	N	N	N	N	N	N	N	N	N	N	3.3792	0.0000	9.7158	0.0162	0.0000	2.3989	3.1797	0.0000	9.4976	6.3393	0.0000	48.7544	0.0064	0.0000	0.2029	8.6391	0.0000	52.1358	1.8760	0.2172	5.0181	0.3988	0.4273	0.0846	2.7169	0.0000	5.4894	199314908.5657	12.1991	0.5570	0.5299	4.0005	3.6794	9.0093	17.4287	0.9966	0.0000	0.9966	0.0003	0.0000	0.0003	0.9963	0.0000	0.9963	1.1375	0.0862	1.0513	0.0877	0.0862	0.0015	1.0498	0.0000	1.0498	0.1572	0.1368	0.0204	0.0419	0.0406	0.0013	0.1153	0.0962	0.0191	0.6064	0.3968	0.2095	0.2200	0.2017	0.0183	0.3864	0.1951	0.1912	3.3792	0.0000	9.7158	0.0162	0.0000	2.3989	3.1797	0.0000	9.4976	1.8760	0.2172	5.0181	0.3988	0.4273	0.0846	2.7169	0.0000	5.4894
88	151	0.1822	6	0	2	0	0	0	0	0	0	N	Y	N	N	N	N	N	N	N	N	N	N	0.0090	0.0004	0.2113	0.0000	0.0000	0.0464	0.0748	0.0621	0.2003	0.0273	0.0017	0.1775	0.0001	0.0001	0.0005	0.0334	0.0021	0.1837	3.0267	4.1806	0.8402	16.5035	16.4506	0.0114	0.4469	0.0337	0.9169	18.1316	0.1061	0.0017	-0.3974	4.0005	3.4464	9.0093	10.1316	0.0033	0.0002	0.0031	0.0000	0.0000	0.0000	0.0033	0.0002	0.0031	1.0964	0.9912	0.1051	0.9870	0.9869	0.0001	0.1094	0.0044	0.1050	0.1202	0.1027	0.0175	0.0220	0.0214	0.0006	0.0982	0.0813	0.0169	0.3622	0.2371	0.1251	0.1174	0.1068	0.0106	0.2448	0.1303	0.1145	0.0090	0.0004	0.2113	0.0000	0.0000	0.0464	0.0748	0.0621	0.2003	3.0267	4.1806	0.8402	8.4059	9.2394	0.0114	0.4469	0.0337	0.9169
88	152	0.6095	12	1	2	0	0	0	0	0	0	N	Y	N	N	N	N	N	N	N	N	N	N	0.0000	0.0000	0.0000	0.0000	0.0000	0.0000	0.0000	0.0000	0.0000	0.0000	0.0000	0.0001	0.0001	0.0000	0.0000	0.0000	0.0000	1.0961	1.6287	0.0003	1.7711	2.3116	0.0007	0.0000	0.0000	0.0000	0.0000	0.0001	-0.0000	-0.1050	4.0005	1.0143	9.0093	12.0086	0.0000	0.0000	0.0000	0.0000	0.0000	0.0000	0.0000	0.0000	0.0000	0.2290	0.2290	0.0000	0.2290	0.2290	0.0000	0.0000	0.0000	0.0000	0.0273	0.0236	0.0036	0.0082	0.0076	0.0006	0.0191	0.0161	0.0030	0.2089	0.1406	0.0683	0.1293	0.0991	0.0302	0.0796	0.0415	0.0381	0.0000	0.0000	0.0000	0.0000	0.0000	0.0000	0.0000	0.0000	0.0000	1.0961	1.6287	0.0003	1.7711	2.3116	0.0007	0.0000	0.0000	0.0000	
88	153	0.6072	11	1	2	0	0	0	0	0	0	N	Y	N	N	N	N	N	N	N	N	N	N	0.0267	0.0000	0.3889	0.0562	0.0000	1.0303	0.0742	0.2265	0.0000	0.0000	0.0002	0.0001	0.0000	0.0010	0.0000	0.0000	0.0000	0.0008	0.0010	0.0004	0.0013	0.0014	0.0009	0.0000	0.0000	0.0000	inf	0.2020	0.0000	-0.0000	4.0005	0.9811	9.0093	0.0216	0.0000	0.0000	0.0000	0.0000	0.0000	0.0000	0.0000	0.0000	0.0000	0.0000	0.0000	0.0000	0.0000	0.0000	0.0000	0.0000	0.0000	0.0000	0.0261	0.0226	0.0035	0.0077	0.0071	0.0006	0.0184	0.0155	0.0029	0.0171	0.0115	0.0056	0.0107	0.0082	0.0025	0.0064	0.0033	0.0031	0.0267	0.0000	0.3889	0.0562	0.0000	1.0303	0.0742	0.0000	0.2265	0.0008	0.0010	0.0004	0.0013	0.0014	0.0009	0.0000	0.0000	0.0000	
88	154	0.6027	10	1	2	0	0	0	0	0	0	N	Y	N	N	N	N	N	N	N	N	N	N	1289.8291	1049.0521	0.0000	0.0000	0.0000	0.0000	809.8983	500.9511	0.0000	0.2768	0.3209	0.0000	0.0000	0.0000	0.0000	0.4350	0.5180	0.0000	0.0002	0.0003	0.0000	0.0000	0.0000	0.0001	0.0005	0.0010	0.0000	0.0000	0.0389	-0.0000	-0.0000	4.0005	0.0083	9.0093	2.0001	0.0001	0.0001	0.0000	0.0000	0.0000	0.0000	0.0001	0.0001	0.0000	0.0000	0.0000	0.0000	0.0000	0.0000	0.0000	0.0000	0.0000	0.0000	0.0003	0.0002	0.0000	0.0001	0.0001	0.0000	0.0002	0.0001	0.0000	0.0348	0.0235	0.0113	0.0216	0.0167	0.0050	0.0132	0.0068	0.0063	1289.8291	1049.0521	0.0000	0.0000	0.0000	0.0000	809.8983	500.9511	0.0000	0.0002	0.0003	0.0000	0.0000	0.0000	0.0001	0.0005	0.0010	0.0000
88	155	0.5791	9	0	2	0	0	0	0	0	0	N	Y	N	N	N	N	N	N	N	N	N	N	4298.6015	3747.2222	0.0000	0.0000	0.0000	0.0000	15284.0628	9843.4071	0.0000	12.5239	14.5052	0.0000	0.0000	0.0000	0.0000	18.2651	21.7059	0.0000	0.0029	0.0039	0.0008	0.0041	0.0047	0.0020	0.0012	0.0022	0.0000	0.0000	0.0901	-0.4411	-0.0002	4.0005	2.9180	9.0093	7.4065	0.9999	0.9999	0.0000	0.0000	0.0000	0.0000	0.9999	0.9999	0.0000	0.0006	0.0005	0.0000	0.0005	0.0004	0.0000	0.0001	0.0001	0.0000	0.0798	0.0689	0.0109	0.0251	0.0229	0.0022	0.0547	0.0461	0.0087	0.2039	0.1408	0.0631	0.1205	0.0958	0.0247	0.0834	0.0449	0.0384	4298.6015	3747.2222	0.0000	0.0000	0.0000	0.0000	15284.0628	9843.4071	0.0000	0.0029	0.0039	0.0008	0.0041	0.0047	0.0020	0.0012	0.0022	0.0000
88	156	0.5132	8	0	1	0	0	0	0	0	0	N	N	N	N	N	N	N	N	N	N	N	N	6.0315	0.0030	2849.1498	0.0134	0.0057	3.2569	31.0680	0.0000	14558.2503	2.2248	0.0016	16.9765	0.0068	0.0036	0.0359	3.8185	0.0000	24.7096	0.3689	0.5212	0.0060	0.5071	0.6401	0.0110	0.1229	0.2204	0.0017	1616.6068	0.0048	0.4152	-0.1164	4.0005	8.2479	9.0093	19.7214	0.7437	0.0005	0.7432	0.0010	0.0005	0.0005	0.7427	0.0000	0.7427	0.2565	0.2553	0.0012	0.2258	0.2247	0.0010	0.0308	0.0306	0.0002	0.3343	0.2905	0.0438	0.1398	0.1260	0.0137	0.1945	0.1645	0.0301	0.6954	0.4898	0.2056	0.4452	0.3511	0.0941	0.2503	0.1387	0.1116	6.0315	0.0030	2849.1498	0.0134	0.0057	3.2569	31.0680	0.0000	14558.2503	0.3689	0.5212	0.0060	0.5071	0.6401	0.0110	0.1229	0.2204	0.0017
88	157	0.4771	7	0	1	0	0	0	0	0	0	N	N	N	N	N	N	N	N	N	N	N	N	5.6442	2.8715	35.7981	20.8988	20.2137	0.2908	1.9600	0.0030	28.0286	1.6773	1.0072	6.0924	2.6912	2.9425	0.0222	1.1899	0.0025	7.7251	0.2972	0.3507	0.1702	0.1288	0.1456	0.0762	0.6071	0.8256	0.2756	0.9181	0.2047	0.0150	-0.0639	4.0005	7.4725	9.0093	14.3153	0.3994	0.2082	0.1912	0.2080	0.2079	0.0001	0.1914	0.0003	0.1910	0.2217	0.1840	0.0377	0.0623	0.0533	0.0089	0.1595	0.1307	0.0288	0.2381	0.2067	0.0314	0.0773	0.0706	0.0067	0.1608	0.1361	0.0247	0.7461	0.5247	0.2214	0.4834	0.3664	0.1170	0.2627	0.1583	0.1043	5.6442	2.8715	35.7981	20.8988	20.2137	0.2908	1.9600	0.0030	28.0286	0.2972	0.3507	0.1702	0.1288	0.1456	0.0762	0.6071	0.8256	0.2756
88	158	0.4116	6	0	1	0	0	0	0	0	0	N	N	N	N	N	N	N	N	N	N	N	N	8.7192	13.2125	7.2799	20.3283	50.6942	0.0080	4.2510	0.0390	37.8252	3.5282	3.1988	5.7787	10.5516	11.2132	0.0130	1.0111	0.0111	6.5805	0.4046	0.2421	0.7938	0.5191	0.2212	1.6261	0.2379	0.2832	0.1740	0.2643	1.3694	-0.2880	0.0472	4.0005	11.6653	9.0093	19.4910	1.2412	0.9817	0.2595	0.9793	0.9792	0.0001	0.2619	0.0024	0.2594	0.3945	0.1665	0.2280	0.3002	0.1008	0.1994	0.0944	0.0657	0.0286	0.3518	0.3069	0.0449	0.0928	0.0873	0.0055	0.2590	0.2196	0.0394	0.9750	0.6877	0.2872	0.5783	0.4557	0.1226	0.3967	0.2321	0.1646	8.7192	13.2125	7.2799	20.3283	50.6942	0.0080	4.2510	0.0390	37.8252	0.4046	0.2421	0.7938	0.5191	0.2212	1.6261	0.2379	0.2832	0.1740
88	159	0.3643	5	0	1	0	0	0	0	0	0	N	N	N	N	N	N	N	N	N	N	N	N	0.1021	0.1376	0.0123	0.0951	0.1491	0.0017	0.1658	0.1556	0.0533	0.0736	0.0823	0.0125	0.0926	0.0994	0.0040	0.0627	0.0714	0.0148	0.7213	0.5976	1.0162	0.9736	0.6668	2.3305	0.3781	0.4589	0.2779	0.0216	0.7130	-0.0087	-0.0283	4.0005	7.3933	9.0093	20.5306	0.0208	0.0204	0.0004	0.0096	0.0095	0.0000	0.0112	0.0108	0.0004	0.6707	0.3916	0.2792	0.5217	0.2914	0.2303	0.1490	0.1001	0.0489	0.2826	0.2475	0.0350	0.1032	0.0958	0.0074	0.1793	0.1517	0.0277	0.9299	0.6552	0.2747	0.5359	0.4371	0.0988	0.3941	0.2181	0.1759	0.1021	0.1376	0.0123	0.0951	0.1491	0.0017	0.1658	0.1556	0.0533	0.7213	0.5976	1.0162	0.9736	0.6668	2.3305	0.3781	0.4589	0.2779
88	160	0.1282	4	0	1	0	0	0	0	0	0	N	N	N	N	N	N	N	N	N	N	N	N	1.1646	1.4604	0.0003	0.1645	0.1553	0.0003	0.9666	1.0961	0.0003	1.5796	1.8536	0.0004	0.0440	0.0474	0.0000	1.6628	1.9607	0.0004	1.3564	1.2693	1.5015	0.2674	0.3054	0.0043	1.7203	1.7888	1.6393	0.0000	0.7098	-0.4368	-0.0802	4.0005	27.6416	9.0093	54.6365	0.9902	0.9902	0.0000	0.0014	0.0014	0.0000	0.9888	0.9888	0.0000	1.8543	1.0845	0.7698	0.0916	0.0914	0.0002	1.7627	0.9931	0.7696	0.6269	0.5342	0.0927	0.0322	0.0299	0.0023	0.5946	0.5043	0.0904	1.3671	0.8544	0.5127	0.3424	0.2992	0.0432	1.0246	0.5552	0.4695	1.1646	1.4604	0.0003	0.1645	0.1553	0.0003	0.9666	1.0961	0.0003	1.3564	1.2693	1.5015	0.2674	0.3054	0.0043	1.7203	1.7888	1.6393
88	161	0.2327	10	1	2	0	0	0	0	0	0	N	Y	N	N	N	N	N	N	N	N	N	N	7.6269	2459.6963	0.0000	133.2964	2789.0204	0.0000	0.0000	0.0000	0.0031	0.0034	0.0000	0.0093	0.0095	0.0000	0.0000	0.0000	0.0000	0.0004	0.0000	0.0011	0.0001	0.0000	0.0006	0.0005	0.0000	0.0011	0.0000	466.8384	-0.0000	0.0000	4.0005	0.0002	9.0093	3.0099	0.0000	0.0000	0.0000	0.0000	0.0000	0.0000	0.0000	0.0000	0.0000	0.0000	0.0000	0.0000	0.0000	0.0000	0.0000	0.0000	0.0000	0.0000	0.0000	0.0000	0.0000	0.0000	0.0000	0.0000	0.0000	0.0000	0.0000	0.0682	0.0431	0.0251	0.0194	0.0173	0.0022	0.0488	0.0258	0.0230	7.6269	2459.6963	0.0000	133.2964	2789.0204	0.0000	0.0000	0.0000	0.0000	0.0004	0.0000	0.0011	0.0001	0.0000	0.0006	0.0005	0.0000	0.0011	
88	162	0.2251	9	1	2	0	0	0	0	0	0	N	Y	N	N	N	N	N	N	N	N	N	N	13.2044	9.7677	43.5595	41.6890	0.0074	0.0087	0.0000	0.0871	0.0941	0.0000	0.0000	0.0000	0.0000	0.0006	0.0009	0.0000	0.0020	0.0023	0.0000	0.0000	0.0000	0.0000	0.0000	0.0000	-0.0001	-0.0000	4.0005	0.9998	9.0093	2.0118	0.0002	0.0002	0.0000	0.0002	0.0002	0.0000	0.0000	0.0000	0.0000	0.0000	0.0000	0.0000	0.0000	0.0000	0.0000	0.0000	0.0000	0.0000	0.0271	0.0230	0.0041	0.0023	0.0021	0.0002	0.0248	0.0209	0.0039	0.0669	0.0420	0.0249	0.0187	0.0166	0.0021	0.0482	0.0254	0.0228	13.2044	9.7677	0.0000	43.5595	41.6890	0.0000	0.0000	0.0000	0.0000	0.0006	0.0009	0.0000	0.0020	0.0023	0.0000	0.0000	0.0000	0.0000					
88	163	0.2251	8	1	2	0	0	0	0	0	0	N	Y	N	N	N	N	N	N	N	N	N	N	0.0000	0.0000	0.0000	0.0000	0.0000	0.0000	0.0000	0.0000	0.0000	0.0000	0.0000	0.0000	0.0000	0.0000	0.0000	0.0000	0.0000	0.0000	0.0000	-0.0000	4.0005	0.0000	9.0093	0.0003	0.0000	0.0000	0.0000	0.0000	0.0000	0.0000	0.0000	0.0000	0.0000	0.0000	0.0000	0.0000	0.0000	0.0000	0.0000	0.0000	0.0000	0.0000	0.0000	0.0000	0.0000	0.0000	0.0000	0.0000	0.0000	0.0000	0.0000	0.0000	0.0000	0.0000	0.0000	0.0000	0.0000	0.0000	0.0000	0.0000	0.0000	0.0000	0.0000	0.0000	0.0000	0.0000	0.0000	0.0000	0.0000	0.0000	0.0000	0.0000	0.0000	0.0000	0.0000	0.0000	0.0000	0.0000											
88	164	0.2141	7	0	2	0	0	0	0	0	0	N	Y	N	N	N	N	N	N	N	N	N	N	0.0038	0.0118	0.0000	0.0118	0.0124	0.0000	0.0000	0.0000	0.0000	0.0000	0.0000	0.0000	0.0000	0.0000	0.0000	0.0000	0.0000	0.0000	0.0037	0.0014	0.0076	0.0034	0.0033	0.0047	0.0038	0.0000	0.0078	0.0000	3.0297	-0.0000	0.0001	4.0005	0.0063	9.0093	4.3641	0.0000	0.0000	0.0000	0.0000	0.0000	0.0000	0.0000	0.0000	0.0000	0.0004	0.0001	0.0003	0.0001	0.0001	0.0000	0.0003	0.0000	0.0003	0.0005	0.0004	0.0001	0.0002	0.0002	0.0000	0.0003	0.0002	0.0001	0.1114	0.0707	0.0407	0.0347	0.0311	0.0036	0.0767	0.0396	0.0371	0.0038	0.0118	0.0000	0.0118	0.0124	0.0000	0.0000	0.0000	0.0000	0.0037	0.0014	0.0076	0.0034	0.0033	0.0047	0.0038	0.0000	0.0078
88	165	0.1822	6	0	1	0	0	0	0	0	0	N	N	N	N	N	N	N	N	N	N	N	N	0.0005	0.0031	0.0000	0.0060	0.0061	0.0000	0.0000	0.0000	0.0000	0.0000	0.0000	0.0000	0.0002	0.0002	0.0000	0.0000	0.0000	0.0000	0.0787	0.0157	0.1992	0.0337	0.0340	0.0315	0.1006	0.0005	0.2146	0.0010	6.6367	-0.0000	0.0111	4.0005	2.5207	9.0093	10.0226	0.0000	0.0000	0.0000	0.0000	0.0000	0.0000	0.0000	0.0000	0.0000	0.0269	0.0035	0.0234	0.0038	0.0035	0.0003	0.0231	0.0001	0.0231	0.0960	0.0820	0.0139	0.0200	0.0196	0.0004	0.0760	0.0625	0.0135	0.3419	0.2244	0.1174	0.1119	0.1020	0.0099	0.2300	0.1224	0.1076	0.0005	0.0031	0.0000	0.0060	0.0061	0.0000	0.0000	0.0000	0.0000	0.0787	0.0157	0.1992	0.0337	0.0340	0.0315	0.1006	0.0005	0.2146
88	166	0.1666	5	0	1	0	0	0	0	0	0	N	N	N	N	N	N	N	N	N	N	N	N	0.0004	0.0004	0.0001	0.0008	0.0008	0.0000	0.0000	0.0000	0.0001	0.0001	0.0001	0.0000	0.0002	0.0002	0.0000	0.0000	0.0000	0.0000	0.1206	0.1333	0.0951	0.2328	0.2506	0.0135	0.0514	0.0014	0.1027	0.0127	0.3573	-0.0000	-0.0068	4.0005	2.6894	9.0093	4.6619	0.0000	0.0000	0.0000	0.0000	0.0000	0.0000	0.0000	0.0000	0.0000	0.0349	0.0257	0.0092	0.0257	0.0256	0.0001	0.0092	0.0001	0.0091	0.1149	0.0997	0.0153	0.0310	0.0296	0.0013	0.0840	0.0700	0.0139	0.2893	0.1927	0.0966	0.1103	0.1020	0.0083	0.1789	0.0906	0.0883	0.0004	0.0004	0.0001	0.0008	0.0008	0.0000	0.0000	0.0000	0.0001	0.1206	0.1333	0.0951	0.2328	0.2506	0.0135	0.0514	0.0014	0.1027
88	167	0.1282	4	0	1	0	0	0	0	0	0	N	N	N	N	N	N	N	N	N	N	N	N	0.0000	0.0000	0.0000	0.0000	0.0000	0.0000	0.0000	0.0000	0.0000	0.0000	0.0000	0.0000	0.0000	0.0001	0.0000	0.0000	0.0000	0.0000	0.5010	0.7312	0.0951	1.2989	1.5246	0.0393	0.0830	0.0638	0.1045	0.0000	0.0738	-0.0000	-0.0648	4.0005	2.7966	9.0093	8.5340	0.0000	0.0000	0.0000	0.0000	0.0000	0.0000	0.0000	0.0000	0.0000	0.1662	0.1548	0.0114	0.1481	0.1474	0.0007	0.0181	0.0073	0.0107	0.0711	0.0601	0.0109	0.0038	0.0035	0.0003	0.0673	0.0567	0.0107	0.3317	0.2117	0.1200	0.1140	0.0967	0.0173	0.2176	0.1150	0.1027	0.0000	0.0000	0.0000	0.0000	0.0000	0.0000	0.0000	0.0000	0.0000	0.5010	0.7312	0.0951	1.2989	1.5246	0.0393	0.0830	0.0638	0.1045
89	90	0.2189	5	0	1	1	0	0	0	0	0	N	N	N	N	N	N	N	N	N	N	N	N	0.0352	0.0000	2.1948	0.0001	0.0001	0.0000	0.0468	0.0000	2.4059	0.0022	0.0000	0.0155	0.0000	0.0000	0.0000	0.0030	0.0000	0.0187	0.0616	0.0849	0.0071	0.0587	0.0657	0.0036	0.0639	0.1091	0.0078	1222.8457	0.0355	0.0000	-0.0051	1.0051	2.3559	9.2650	7.1930	0.0000	0.0000	0.0000	0.0000	0.0000	0.0000	0.0000	0.0000	0.0000	0.0120	0.0116	0.0004	0.0050	0.0050	0.0000	0.0069	0.0066	0.0004	0.0183	0.0157	0.0026	0.0050	0.0046	0.0004	0.0132	0.0111	0.0021	0.1945	0.1363	0.0582	0.0859	0.0762	0.0097	0.1085	0.0601	0.0485	0.0352	0.0000	2.1948	0.0001	0.0001	0.0000	0.0468	0.0000	2.4059	0.0616	0.0849	0.0071	0.0587	0.0657	0.0036	0.0639	0.1091	0.0078
89	91	0.1861	4	0	1	0	0	0	0	0	0	N	N	N	N	N	N	N	N	N	N	N	N	0.0004	0.0001	0.0163	0.0002	0.0002	0.0010	0.0051	0.0002	0.0166	0.0003	0.0001	0.0013	0.0003	0.0004	0.0000	0.0002	0.0000	0.0014	0.7313	0.9946	0.0768	1.4016	1.5798	0.0520	0.0434	0.0093	0.0832	1.5368	0.0310	0.0000	-0.1693	1.0051	4.9284	9.2650	11.0439	0.0000	0.0000	0.0000	0.0000	0.0000	0.0000	0.0000	0.0000	0.0000	0.3953	0.3834	0.0119	0.3837	0.3821	0.0017	0.0116	0.0013	0.0102	0.0550	0.0482	0.0068	0.0163	0.0156	0.0006	0.0387	0.0325	0.0062	0.5405	0.3855	0.1550	0.2738	0.2418	0.0319	0.2668	0.1436	0.1231	0.0004	0.0001	0.0163	0.0002	0.0002	0.0010	0.0051	0.0002	0.0166	0.7313	0.9946	0.0768	1.4016	1.5798	0.0520	0.0434	0.0093	0.0832
89	92	0.0965	3	0	1	0	0	0	0	0	0	N	N	N	N	N	N	N	N	N	N	N	N	0.0002	0.0001	0.0003	0.0000	0.0000	0.0000	0.0004	0.0035	0.0003	0.0003	0.0002	0.0005	0.0000	0.0000	0.0000	0.0003	0.0003	0.0006	1.6904	1.7346	1.6155	3.9463	4.5705	0.5240	0.8366	0.0736	1.7559	0.4054	0.5502	-0.0000	-0.0972	1.0051	3.9161	9.2650	29.2065	0.0000	0.0000	0.0000	0.0000	0.0000	0.0000	0.0000	0.0000	0.0000	0.9395	0.6060	0.3334	0.6021	0.5898	0.0123	0.3373	0.0162	0.3211	0.0252	0.0213	0.0039	0.0012	0.0011	0.0001	0.0241	0.0203	0.0038	0.5558	0.3494	0.2064	0.1526	0.1290	0.0235	0.4032	0.2203	0.1829	0.0002	0.0001	0.0003	0.0000	0.0000	0.0000	0.0004	0.0035	0.0003	1.6904	1.7346	1.6155	3.9463	4.5705	0.5240	0.8366	0.0736	1.7559
89	93	0.6371	9	1	2	0	0	0	0	0	0	N	Y	N	N	N	N	N	N	N	N	N	N	0.0045	0.0024	0.0185	0.0037	0.0043	0.0008	0.0043	0.0010	0.0287	0.0001	0.0001	0.0005	0.0001	0.0001	0.0000	0.0001	0.0000	0.0006	0.0243	0.0240	0.0249	0.0218	0.0196	0.0285	0.0297	0.0380	0.0206	1.1319	0.4938	0.0000	-0.0004	1.0051	2.5103	9.2650	7.4742	0.0000	0.0000	0.0000	0.0000	0.0000	0.0000	0.0000	0.0000	0.0000	0.0034	0.0023	0.0011	0.0021	0.0014	0.0007	0.0013	0.0009	0.0004	0.0190	0.0166	0.0024	0.0079	0.0073	0.0005	0.0111	0.0093	0.0018	0.1414	0.0958	0.0456	0.0975	0.0728	0.0247	0.0439	0.0229	0.0209	0.0045	0.0024	0.0185	0.0037	0.0043	0.0008	0.0043	0.0010	0.0287	0.0243	0.0240	0.0249	0.0218	0.0196	0.0285	0.0297	0.0380	0.0206
89	94	0.6008	8	0	2	0	0	0	0	0	0	N	Y	N	N	N	N	N	N	N	N	N	N	0.2127	0.0592	1.3779	0.0023	0.0026	0.0001	1.0481	0.3127	4.9008	0.0039	0.0011	0.0253	0.0001	0.0001	0.0000	0.0063	0.0018	0.0308	0.0185	0.0186	0.0184	0.0240	0.0224	0.0294	0.0060	0.0058	0.0063	3.0588	0.4387	0.0001	-0.0005	1.0051	7.1305	9.2650	3.2426	0.0002	0.0001	0.0002	0.0000	0.0000	0.0000	0.0002	0.0001	0.0002	0.0035	0.0024	0.0011	0.0031	0.0022	0.0009	0.0003	0.0002	0.0002	0.0601	0.0530	0.0070	0.0228	0.0216	0.0012	0.0372	0.0314	0.0058	0.1875	0.1299	0.0576	0.1301	0.0999	0.0302	0.0574	0.0300	0.0274	0.2127	0.0592	1.3779	0.0023	0.0026	0.0001	1.0481	0.3127	4.9008	0.0185	0.0186	0.0184	0.0240	0.0224	0.0294	0.0060	0.0058	0.0063
89	96	0.0965	3	0	1	0	0	0	0	0	0	N	N	N	N	N	N	N	N	N	N	N	N	0.0044	0.0039	0.0024	0.0000	0.0000	0.0000	0.0172	5.5085	0.0023	0.0086	0.0097	0.0026	0.0000	0.0000	0.0000	0.0090	0.0102	0.0027	1.9582	2.4722	1.0851	7.9031	8.7748	0.5443	0.5254	0.0018	1.1565	0.0492	0.2584	-0.0003	-0.2614	1.0051	11.9964	9.2650	18.8414	0.0006	0.0006	0.0000	0.0000	0.0000	0.0000	0.0006	0.0006	0.0000	1.0329	0.8208	0.2121	0.8329	0.8204	0.0124	0.2000	0.0004	0.1997	0.0744	0.0630	0.0113	0.0034	0.0031	0.0003	0.0710	0.0599	0.0111	0.5275	0.3320	0.1954	0.1467	0.1239	0.0228	0.3807	0.2081	0.1726	0.0044	0.0039	0.0024	0.0000	0.0000	0.0000	0.0172	5.5085	0.0023	1.9582	2.4722	1.0851	5.6762	6.6209	0.5443	0.5254	0.0018	1.1565
89	98	0.0531	3	1	2	1	0	0	0	0	0	N	Y	N	N	N	N	N	N	N	N	N	N	0.0002	0.0010	0.0000	0.0028	0.0028	0.0000	0.0000	0.0000	0.0000	0.0012	0.0014	0.0003	0.0090	0.0093	0.0000	0.0001	0.0000	0.0004	6.5211	1.3702	22.9864	3.1678	3.3047	0.0057	5.9729	0.4720	17.9090	0.0425	5.6168	-0.0000	0.6841	1.0051	0.9502	9.2650	16.1595	0.0000	0.0000	0.0000	0.0000	0.0000	0.0000	0.0000	0.0000	0.0000	1.7517	0.2647	1.4870	0.2025	0.2025	0.0000	1.5493	0.0623	1.4870	0.0081	0.0069	0.0012	0.0011	0.0010	0.0000	0.0071	0.0059	0.0011	0.3233	0.1932	0.1301	0.0639	0.0613	0.0027	0.2594	0.1319	0.1274	0.0002	0.0010	0.0000	0.0028	0.0028	0.0000	0.0000	0.0000	0.0000	5.4184	1.3702	11.4308	3.1678	3.3047	0.0057	5.9729	0.4720	11.6685
89	99	0.0965	3	0	2	0	0	0	0	0	0	N	Y	N	N	N	N	N	N	N	N	N	N	0.0000	0.0000	0.0000	0.0000	0.0000	0.0000	0.0000	0.0000	0.0000	0.0000	0.0000	0.0000	0.0000	0.0000	0.0000	0.0000	0.0000	0.0000	4.5695	5.7865	2.3338	4.5765	5.3244	0.5736	4.0253	5.2260	2.5764	0.2595	0.0000	-0.5139	1.0051	11.9964	9.2650	15.6499	0.0000	0.0000	0.0000	0.0000	0.0000	0.0000	0.0000	0.0000	0.0000	2.0364	1.6169	0.4195	0.6330	0.6205	0.0125	1.4034	0.9963	0.4070	0.0744	0.0630	0.0113	0.0034	0.0031	0.0003	0.0710	0.0599	0.0111	0.4870	0.3072	0.1798	0.1383	0.1165	0.0218	0.3486	0.1906	0.1580	0.0000	0.0000	0.0000	0.0000	0.0000	0.0000	0.0000	0.0000	0.0000	4.1819	5.2634	2.3338	4.5765	5.3244	0.5736	4.0253	5.2260	2.5764	
89	100	0.0561	4	1	1	1	0	0	0	0	0	N	N	N	N	N	N	N	N	N	N	N	N	0.0000	0.0001	0.0000	0.0000	0.0000	0.0000	0.0000	0.0011	0.0000	0.0000	0.0000	0.0000	0.0000	0.0000	0.0000	0.0000	0.0000	0.0000	3.6667	0.0098	14.3844	0.0298	0.0307	0.0133	4.4685	0.0014	11.0986	0.9663	625.3616	0.0000	0.5319	1.0051	1.0008	9.2650	13.9255	0.0000	0.0000	0.0000	0.0000	0.0000	0.0000	0.0000	0.0000	0.0000	0.9850	0.0016	0.9834	0.0014	0.0014	0.0000	0.9836	0.0002	0.9834	0.0073	0.0062	0.0011	0.0005	0.0005	0.0000	0.0068	0.0057	0.0011	0.2686	0.1601	0.1085	0.0485	0.0461	0.0024	0.2201	0.1140	0.1061	0.0000	0.0001	0.0000	0.0000	0.0000	0.0000	0.0000	0.0011	0.0000	3.6667	0.0098	9.0624	0.0298	0.0307	0.0133	4.4685	0.0014	9.2680
89	101	0.0531	3	1	1	1	0	0	0	0	0	N	N	N	N	N	N	N	N	N	N	N	N	0.0029	0.0021	0.0100	0.0001	0.0001	0.0000	0.0062	0.0733	0.0100	0.0006	0.0004	0.0025	0.0000	0.0000	0.0000	0.0009	0.0006	0.0025	0.2042	0.1749	0.2516	0.2964	0.2996	0.0389	0.1530	0.0086	0.2541	0.7655	0.8914	-0.0000	0.0002	1.0051	0.0532	9.2650	2.0467	0.0000	0.0000	0.0000	0.0000	0.0000	0.0000	0.0000	0.0000	0.0000	0.0182	0.0096	0.0086	0.0094	0.0094	0.0000	0.0088	0.0002	0.0086	0.0016	0.0014	0.0002	0.0006	0.0006	0.0000	0.0010	0.0008	0.0002	0.0891	0.0550	0.0341	0.0318	0.0314	0.0004	0.0573	0.0236	0.0337	0.0029	0.0021	0.0100	0.0001	0.0001	0.0000	0.0062	0.0733	0.0100	0.2042	0.1749	0.2516	0.2964	0.2996	0.0389	0.1530	0.0086	0.2541
89	102	0.0435	2	1	1	1	0	0	0	0	0	N	N	N	N	N	N	N	N	N	N	N	N	0.1230	0.0010	0.5831	0.0036	0.0038	0.0000	0.1676	0.0012	0.6006	0.0281	0.0002	0.1868	0.0013	0.0013	0.0000	0.0310	0.0000	0.1934	0.2287	0.1712	0.3204	0.3466	0.3491	0.1122	0.1850	0.0341	0.3219	184.8383	1.1744	0.0003	0.0027	1.0051	2.0948	9.2650	3.0326	0.0005	0.0000	0.0005	0.0000	0.0000	0.0000	0.0005	0.0000	0.0005	0.0331	0.0152	0.0179	0.0136	0.0135	0.0000	0.0196	0.0017	0.0179	0.0164	0.0139	0.0025	0.0016	0.0015	0.0001	0.0148	0.0124	0.0024	0.1449	0.0890	0.0559	0.0392	0.0387	0.0004	0.1057	0.0503	0.0555	0.1230	0.0010	0.5831	0.0036	0.0038	0.0000	0.1676	0.0012	0.6006	0.2287	0.1712	0.3204	0.3466	0.3491	0.1122	0.1850	0.0341	0.3219
89	104	0.1288	4	0	2	0	0	0	0	0	0	N	Y	N	N	N	N	N	N	N	N	N	N	1.1734	0.0089	5.3395	5.2508	0.0412	16.8054	0.0000	0.0000	0.0001	0.0262	0.0001	0.1797	0.1148	0.0006	1.2583	0.0000	0.0000	0.0000	0.0224	0.0159	0.0337	0.0219	0.0141	0.0749	0.0226	0.0171	0.0291	216.3718	1.1977	0.0011	0.0013	1.0051	8.9557	9.2650	32.3127	0.0019	0.0000	0.0019	0.0019	0.0000	0.0019	0.0000	0.0000	0.0000	0.0145	0.0066	0.0079	0.0040	0.0023	0.0018	0.0105	0.0043	0.0061	0.0739	0.0631	0.0107	0.0169	0.0153	0.0015	0.0570	0.0478	0.0092	0.6481	0.4135	0.2346	0.1836	0.1602	0.0234	0.4645	0.2533	0.2112	1.1734	0.0089	5.3395	5.2508	0.0412	16.8054	0.0000	0.0000	0.0001	0.0224	0.0159	0.0337	0.0219	0.0141	0.0749	0.0226	0.0171	0.0291
89	105	0.1543	5	0	1	1	0	0	0	0	0	N	N	N	N	N	N	N	N	N	N	N	N	0.3850	0.3345	0.0000	35.6355	63.3822	0.0000	0.0000	0.0000	0.0000	0.0050	0.0059	0.0000	0.0349	0.0369	0.0000	0.0000	0.0000	0.0000	0.0129	0.0176	0.0043	0.0010	0.0006	0.0036	0.0181	0.0298	0.0044	0.0000	0.1343	-0.0001	-0.0009	1.0051	4.2679	9.2650	7.8415	0.0002	0.0002	0.0000	0.0002	0.0002	0.0000	0.0000	0.0000	0.0000	0.0028	0.0024	0.0003	0.0001	0.0000	0.0000	0.0027	0.0024	0.0003	0.0336	0.0282	0.0054	0.0048	0.0045	0.0003	0.0288	0.0237	0.0051	0.2159	0.1389	0.0770	0.0664	0.0578	0.0086	0.1494	0.0811	0.0684	0.3850	0.3345	0.0000	35.6355	63.3822	0.0000	0.0000	0.0000	0.0000	0.0129	0.0176	0.0043	0.0010	0.0006	0.0036	0.0181	0.0298	0.0044
89	106	0.1288	4	0	1	0	0	0	0	0	0	N	N	N	N	N	N	N	N	N	N	N	N	0.0131	0.1674	0.0016	0.0077	0.0186	0.0000	0.0171	0.2760	0.0023	0.0063	0.0069	0.0022	0.0005	0.0006	0.0000	0.0119	0.0136	0.0033	0.4780	0.0412	1.3315	0.0693	0.0318	0.3611	0.6955	0.0494	1.4601	0.0470	16.5320	-0.0001	0.0573	1.0051	1.9301	9.2650	9.0954	0.0002	0.0002	0.0000	0.0000	0.0000	0.0000	0.0002	0.0002	0.0000	0.1183	0.0067	0.1115	0.0060	0.0024	0.0035	0.1123	0.0043	0.1080	0.0273	0.0237	0.0036	0.0135	0.0122	0.0012	0.0138	0.0115	0.0023	0.2475	0.1637	0.0838	0.0860	0.0762	0.0098	0.1615	0.0875	0.0740	0.0131	0.1674	0.0016	0.0077	0.0186	0.0000	0.0171	0.2760	0.0023	0.4780	0.0412	1.3315	0.0693	0.0318	0.3611	0.6955	0.0494	1.4601
89	107	0.0965	3	0	1	0	0	0	0	0	0	N	N	N	N	N	N	N	N	N	N	N	N	0.0002	0.0004	0.0000	0.0000	0.0000	0.0000	0.0002	0.0005	0.0000	0.0004	0.0004	0.0001	0.0000	0.0000	0.0000	0.0004	0.0004	0.0001	1.7300	0.9215	3.1834	0.9814	1.0319	0.7383	2.1039	0.8384	3.6497	0.0494	1.9217	-0.0000	0.1010	1.0051	3.9049	9.2650	9.6098	0.0000	0.0000	0.0000	0.0000	0.0000	0.0000	0.0000	0.0000	0.0000	0.5066	0.1734	0.3332	0.0957	0.0834	0.0124	0.4109	0.0900	0.3208	0.0252	0.0213	0.0039	0.0012	0.0011	0.0001	0.0240	0.0202	0.0038	0.2928	0.1882	0.1047	0.0976	0.0808	0.0168	0.1953	0.1074	0.0879	0.0002	0.0004	0.0000	0.0000	0.0000	0.0000	0.0002	0.0005	0.0000	1.7300	0.9215	3.1834	0.9814	1.0319	0.7383	2.1039	0.8384	3.6497
89	108	0.1177	5	0	2	0	0	0	0	0	0	N	Y	N	N	N	N	N	N	N	N	N	N	0.0000	0.0000	0.0000	0.0001	0.0001	0.0000	0.0000	0.0000	0.0000	0.0000	0.0000	0.0000	0.0000	0.0000	0.0000	0.0000	0.0000	0.0000	0.0496	0.0439	0.0589	0.0431	0.0535	0.0050	0.0530	0.0367	0.0718	0.0000	0.8154	-0.0000	-0.0002	1.0051	8.0392	9.2650	22.6195	0.0000	0.0000	0.0000	0.0000	0.0000	0.0000	0.0000	0.0000	0.0000	0.0263	0.0145	0.0118	0.0078	0.0076	0.0002	0.0184	0.0068	0.0116	0.0557	0.0473	0.0084	0.0061	0.0057	0.0005	0.0496	0.0416	0.0080	0.5299	0.3295	0.2004	0.1818	0.1431	0.0388	0.3480	0.1864	0.1617	0.0000	0.0000	0.0000	0.0001	0.0001	0.0000	0.0000	0.0000	0.0000	0.0496	0.0439	0.0589	0.0431	0.0535	0.0050	0.0530	0.0367	0.0718
89	109	0.1177	4	0	1	0	0	0	0	0	0	N	N	N	N	N	N	N	N	N	N	N	N	0.0001	0.0001	0.0000	0.0001	0.0001	0.0000	0.0001	0.0001	0.0000	0.0000	0.0000	0.0000	0.0000	0.0000	0.0000	0.0000	0.0000	0.0000	0.3459	0.2996	0.4816	0.4528	0.4066	0.7332	0.2408	0.1572	0.3859	0.0302	0.5485	-0.0000	-0.0047	1.0051	0.2031	9.2650	2.0398	0.0000	0.0000	0.0000	0.0000	0.0000	0.0000	0.0000	0.0000	0.0000	0.0455	0.0294	0.0161	0.0295	0.0228	0.0068	0.0160	0.0066	0.0094	0.0035	0.0029	0.0006	0.0012	0.0012	0.0000	0.0023	0.0018	0.0006	0.1316	0.0981	0.0335	0.0652	0.0560	0.0092	0.0664	0.0421	0.0243	0.0001	0.0001	0.0000	0.0001	0.0001	0.0000	0.0001	0.0001	0.0000	0.3459	0.2996	0.4816	0.4528	0.4066	0.7332	0.2408	0.1572	0.3859
89	110	0.6982	10	1	1	1	0	0	0	0	0	N	N	N	N	N	N	N	N	N	N	N	N	0.0000	0.0000	0.0000	0.0000	0.0000	0.0000	0.0000	0.0000	0.0000	0.0000	0.0000	0.0000	0.0000	0.0000	0.0000	0.0000	0.0000	0.0000	0.0000	0.0000	1.0051	0.0001	9.2650	0.0001	0.0000	0.0000	0.0000	0.0000	0.0000	0.0000	0.0000	0.0000	0.0000	0.0000	0.0000	0.0000	0.0000	0.0000	0.0000	0.0000	0.0000	0.0000	0.0007	0.0005	0.0001	0.0003	0.0003	0.0000	0.0003	0.0002	0.0001	0.0001	0.0001	0.0000	0.0001	0.0001	0.0000	0.0000	0.0000	0.0000	0.0000	0.0000	0.0000	0.0000	0.0000	0.0000	0.0000	0.0000	0.0000	0.0000	0.0000	0.0000	0.0000	0.0000	0.0000	0.0000	0.0000	0.0000											
89	111	0.6844	9	1	1	1	0	0	0	0	0	N	N	N	N	N	N	N	N	N	N	N	N	0.0034	0.0052	0.0000	0.0116	0.0164	0.0000	0.0000	0.0000	0.0000	0.0000	0.0000	0.0000	0.0000	0.0000	0.0000	0.0000	0.0000	0.0000	0.0023	0.0018	0.0036	0.0022	0.0017	0.0038	0.0028	0.0023	0.0033	0.0000	0.8890	-0.0000	0.0000	1.0051	1.6718	9.2650	2.9223	0.0000	0.0000	0.0000	0.0000	0.0000	0.0000	0.0000	0.0000	0.0000	0.0002	0.0001	0.0001	0.0002	0.0001	0.0001	0.0001	0.0000	0.0000	0.0126	0.0110	0.0016	0.0040	0.0037	0.0002	0.0087	0.0073	0.0014	0.0953	0.0662	0.0291	0.0720	0.0540	0.0180	0.0233	0.0122	0.0111	0.0034	0.0052	0.0000	0.0116	0.0164	0.0000	0.0000	0.0000	0.0000	0.0023	0.0018	0.0036	0.0022	0.0017	0.0038	0.0028	0.0023	0.0033
89	112	0.6008	8	1	1	1	0	0	0	0	0	N	N	N	N	N	N	N	N	N	N	N	N	7.5614	8.1125	0.0019	17.7863	18.6461	0.0000	0.0008	0.0002	0.0036	0.0062	0.0071	0.0000	0.0180	0.0191	0.0000	0.0000	0.0000	0.0000	0.0008	0.0009	0.0007	0.0010	0.0010	0.0010	0.0004	0.0004	0.0005	0.0000	0.3685	-0.0003	-0.0000	1.0051	14.0283	9.2650	7.1084	0.0006	0.0006	0.0000	0.0006	0.0006	0.0000	0.0000	0.0000	0.0000	0.0003	0.0002	0.0001	0.0002	0.0002	0.0000	0.0000	0.0000	0.0000	0.0973	0.0855	0.0118	0.0336	0.0315	0.0021	0.0637	0.0539	0.0098	0.3157	0.2174	0.0983	0.2137	0.1636	0.0501	0.1019	0.0538	0.0482	7.5614	8.1125	0.0019	17.7863	18.6461	0.0000	0.0008	0.0002	0.0036	0.0008	0.0009	0.0007	0.0010	0.0010	0.0010	0.0004	0.0004	0.0005
89	113	0.5406	7	0	1	0	0	0	0	0	0	N	N	N	N	N	N	N	N	N	N	N	N	0.0320	0.0368	0.0550	0.0660	0.0605	0.0011	0.0159	0.0779	0.0392	0.0026	0.0019	0.0086	0.0038	0.0040	0.0000	0.0020	0.0006	0.0101	0.0820	0.0504	0.1563	0.0581	0.0668	0.0243	0.1245	0.0071	0.2591	0.5965	1.3218	-0.0000	0.0027	1.0051	8.6129	9.2650	5.1709	0.0002	0.0001	0.0001	0.0001	0.0001	0.0000	0.0001	0.0000	0.0001	0.0246	0.0106	0.0140	0.0111	0.0102	0.0010	0.0135	0.0004	0.0130	0.0783	0.0694	0.0089	0.0273	0.0259	0.0014	0.0510	0.0435	0.0076	0.2998	0.2102	0.0896	0.1917	0.1525	0.0392	0.1081	0.0577	0.0504	0.0320	0.0368	0.0550	0.0660	0.0605	0.0011	0.0159	0.0779	0.0392	0.0820	0.0504	0.1563	0.0581	0.0668	0.0243	0.1245	0.0071	0.2591
89	114	0.4455	6	0	1	0	0	0	0	0	0	N	N	N	N	N	N	N	N	N	N	N	N	0.0136	0.0076	0.1749	0.0377	0.0375	0.0001	0.0062	0.0011	1.1646	0.0220	0.0167	0.0563	0.0428	0.0466	0.0001	0.0142	0.0046	0.0675	1.6092	2.2033	0.3217	1.1357	1.2421	0.7315	2.3009	4.3111	0.0579	0.5138	0.0674	-0.0003	-0.4021	1.0051	16.8607	9.2650	22.7724	0.0026	0.0017	0.0009	0.0014	0.0014	0.0000	0.0012	0.0003	0.0009	1.0172	0.9530	0.0642	0.4262	0.3690	0.0572	0.5911	0.5840	0.0070	0.1165	0.1010	0.0154	0.0317	0.0291	0.0026	0.0848	0.0719	0.0129	0.6321	0.4326	0.1996	0.3752	0.2971	0.0782	0.2569	0.1355	0.1214	0.0136	0.0076	0.1749	0.0377	0.0375	0.0001	0.0062	0.0011	1.1646	1.6092	2.2033	0.3217	1.1357	1.2421	0.7315	2.3009	4.3111	0.0579
89	115	0.0730	3	1	1	1	0	0	0	0	0	N	N	N	N	N	N	N	N	N	N	N	N	0.0000	0.0000	0.0000	0.0000	0.0000	0.0000	0.0000	0.0000	0.0000	0.0000	0.0000	0.0000	0.0000	0.0000	0.0000	0.0000	0.0000	0.0000	0.0563	0.0065	0.1566	0.0013	0.0011	0.0053	0.0809	0.0106	0.1645	12.0445	0.0000	0.0037	1.0051	1.0009	9.2650	4.0038	0.0000	0.0000	0.0000	0.0000	0.0000	0.0000	0.0000	0.0000	0.0000	0.0080	0.0006	0.0074	0.0001	0.0000	0.0000	0.0079	0.0006	0.0074	0.0075	0.0064	0.0012	0.0005	0.0004	0.0000	0.0071	0.0059	0.0011	0.1418	0.0947	0.0471	0.0439	0.0415	0.0024	0.0979	0.0532	0.0447	0.0000	0.0000	0.0000	0.0000	0.0000	0.0000	0.0000	0.0000	0.0000	0.0563	0.0065	0.1566	0.0013	0.0011	0.0053	0.0809	0.0106	0.1645	
89	116	0.0446	2	1	1	1	0	0	0	0	0	N	N	N	N	N	N	N	N	N	N	N	N	0.0004	0.0001	0.0012	0.0012	0.0000	0.0914	0.0003	0.0031	0.0009	0.0002	0.0000	0.0014	0.0002	0.0000	0.0249	0.0002	0.0000	0.0011	0.4772	0.0753	1.1478	0.1980	0.1916	0.2720	0.5747	0.0037	1.1986	24.2696	9.1411	0.0000	0.0624	1.0051	1.8441	9.2650	10.4794	0.0000	0.0000	0.0000	0.0000	0.0000	0.0000	0.0000	0.0000	0.0000	0.1408	0.0139	0.1269	0.0151	0.0135	0.0016	0.1257	0.0004	0.1253	0.0191	0.0164	0.0027	0.0032	0.0031	0.0000	0.0160	0.0132	0.0027	0.2951	0.1845	0.1106	0.0763	0.0703	0.0061	0.2188	0.1142	0.1045	0.0004	0.0001	0.0012	0.0012	0.0000	0.0914	0.0003	0.0031	0.0009	0.4772	0.0753	1.1478	0.1980	0.1916	0.2720	0.5747	0.0037	1.1986
89	117	0.3327	4	0	2	0	1	0	0	0	0	N	Y	N	N	N	N	N	N	N	N	N	N	0.0008	0.0008	0.0003	0.0007	0.0007	0.0002	0.0015	0.0018	0.0004	0.0001	0.0001	0.0000	0.0001	0.0002	0.0000	0.0001	0.0001	0.0000	0.1479	0.1739	0.0874	0.2051	0.2279	0.0964	0.0752	0.0685	0.0831	0.0328	0.2157	-0.0000	-0.0295	1.0051	10.5071	9.2650	20.2622	0.0000	0.0000	0.0000	0.0000	0.0000	0.0000	0.0000	0.0000	0.0000	0.1048	0.0862	0.0186	0.0813	0.0747	0.0066	0.0235	0.0115	0.0120	0.0906	0.0791	0.0115	0.0290	0.0270	0.0020	0.0616	0.0521	0.0095	0.7090	0.4961	0.2129	0.3966	0.3279	0.0687	0.3125	0.1682	0.1443	0.0008	0.0008	0.0003	0.0007	0.0007	0.0002	0.0015	0.0018	0.0004	0.1479	0.1739	0.0874	0.2051	0.2279	0.0964	0.0752	0.0685	0.0831
89	118	0.0965	3	0	2	0	1	0	0	0	0	N	Y	N	N	N	N	N	N	N	N	N	N	0.0000	0.0000	0.0000	0.0000	0.0000	0.0000	0.0000	0.0000	0.0000	0.0000	0.0000	0.0000	0.0000	0.0000	0.0000	0.0000	0.0000	0.0000	2.9287	3.5276	1.9107	1.3406	1.5870	0.0039	3.5428	4.6866	2.1638	0.3186	0.0000	-0.3317	1.0051	4.0036	9.2650	26.5072	0.0000	0.0000	0.0000	0.0000	0.0000	0.0000	0.0000	0.0000	0.0000	1.5304	1.1606	0.3698	0.1953	0.1952	0.0001	1.3351	0.9654	0.3697	0.0257	0.0218	0.0040	0.0012	0.0011	0.0001	0.0246	0.0207	0.0039	0.5226	0.3290	0.1935	0.1457	0.1230	0.0227	0.3768	0.2060	0.1709	0.0000	0.0000	0.0000	0.0000	0.0000	0.0000	0.0000	0.0000	0.0000	2.9287	3.5276	1.9107	1.3406	1.5870	0.0039	3.5428	4.6866	2.1638	
89	119	0.1350	4	0	2	0	0	0	0	0	0	N	Y	N	N	N	N	N	N	N	N	N	N	0.0071	0.0183	0.0000	0.0280	0.0265	0.0000	0.0000	0.0000	0.0000	0.0259	0.0305	0.0000	0.1050	0.1115	0.0000	0.0000	0.0000	0.0000	3.6332	1.6657	8.7238	3.7505	4.2002	0.1585	3.5862	0.0025	7.8531	0.0000	2.3955	-0.0004	0.4218	1.0051	3.8169	9.2650	21.2433	0.0010	0.0010	0.0000	0.0010	0.0010	0.0000	0.0000	0.0000	0.0000	1.7068	0.5027	1.2042	0.5046	0.5022	0.0024	1.2022	0.0004	1.2018	0.0392	0.0332	0.0060	0.0097	0.0091	0.0006	0.0295	0.0241	0.0054	0.4698	0.3018	0.1680	0.1345	0.1196	0.0150	0.3352	0.1822	0.1530	0.0071	0.0183	0.0000	0.0280	0.0265	0.0000	0.0000	0.0000	0.0000	3.6332	1.6657	7.1674	3.7505	4.2002	0.1585	3.5862	0.0025	7.8531
89	120	0.4806	8	0	2	0	0	0	0	0	0	N	Y	N	N	N	N	N	N	N	N	N	N	0.0321	0.0256	0.2137	0.0628	0.0537	0.0455	0.0160	0.0001	0.2811	0.0105	0.0119	0.0006	0.0343	0.0363	0.0002	0.0001	0.0000	0.0007	0.3262	0.4653	0.0028	0.5461	0.6755	0.0035	0.0066	0.0101	0.0024	0.0072	0.0026	-0.0006	-0.1327	1.0051	16.3276	9.2650	34.9199	0.0013	0.0013	0.0000	0.0013	0.0013	0.0000	0.0000	0.0000	0.0000	0.2912	0.2905	0.0008	0.2888	0.2885	0.0004	0.0024	0.0020	0.0004	0.1255	0.1098	0.0157	0.0381	0.0360	0.0021	0.0874	0.0738	0.0136	0.8929	0.6242	0.2687	0.5289	0.4271	0.1019	0.3640	0.1972	0.1668	0.0321	0.0256	0.2137	0.0628	0.0537	0.0455	0.0160	0.0001	0.2811	0.3262	0.4653	0.0028	0.5461	0.6755	0.0035	0.0066	0.0101	0.0024
89	121	0.4633	7	0	2	0	0	0	0	0	0	N	Y	N	N	N	N	N	N	N	N	N	N	0.0090	0.0138	0.0001	0.0137	0.0228	0.0000	0.0372	0.0272	0.0101	0.0060	0.0068	0.0002	0.0143	0.0151	0.0001	0.0026	0.0031	0.0002	0.6598	0.4938	1.0879	1.0481	0.6609	2.9467	0.0700	0.1130	0.0167	0.0035	0.8539	-0.0001	0.0008	1.0051	6.1757	9.2650	14.5601	0.0003	0.0003	0.0000	0.0002	0.0002	0.0000	0.0001	0.0001	0.0000	0.3745	0.2020	0.1725	0.3588	0.1879	0.1708	0.0158	0.0141	0.0017	0.0500	0.0435	0.0065	0.0144	0.0136	0.0007	0.0357	0.0299	0.0058	0.5677	0.4091	0.1586	0.3423	0.2843	0.0580	0.2254	0.1248	0.1006	0.0090	0.0138	0.0001	0.0137	0.0228	0.0000	0.0372	0.0272	0.0101	0.6598	0.4938	1.0879	1.0481	0.6609	2.9467	0.0700	0.1130	0.0167
89	122	0.4103	6	0	1	0	0	0	0	0	0	N	N	N	N	N	N	N	N	N	N	N	N	0.0010	0.0008	0.0007	0.0020	0.0018	0.0001	0.0005	0.0003	0.0064	0.0019	0.0022	0.0000	0.0042	0.0045	0.0000	0.0008	0.0010	0.0000	1.9592	2.7402	0.0498	2.1093	2.5058	0.1395	1.7649	3.1991	0.0065	0.0025	0.0074	-0.0001	-0.5679	1.0051	7.5400	9.2650	21.4192	0.0001	0.0001	0.0000	0.0001	0.0001	0.0000	0.0000	0.0000	0.0000	1.2593	1.2500	0.0093	0.7650	0.7565	0.0085	0.4943	0.4935	0.0008	0.0646	0.0563	0.0083	0.0207	0.0194	0.0013	0.0439	0.0369	0.0070	0.6427	0.4561	0.1866	0.3627	0.3019	0.0608	0.2801	0.1542	0.1258	0.0010	0.0008	0.0007	0.0020	0.0018	0.0001	0.0005	0.0003	0.0064	1.9592	2.7402	0.0498	2.1093	2.5058	0.1395	1.7649	3.1991	0.0065
89	126	0.1337	5	0	2	0	0	0	0	0	0	N	Y	N	N	N	N	N	N	N	N	N	N	0.0246	0.0175	0.2988	0.0000	0.0000	0.0007	0.9568	1.0680	0.2763	0.0171	0.0194	0.0052	0.0000	0.0000	0.0000	0.0193	0.0221	0.0054	0.6959	1.1045	0.0173	1.9032	2.3870	0.0076	0.0202	0.0207	0.0196	0.0492	0.0094	-0.0002	-0.1270	1.0051	5.0407	9.2650	17.1705	0.0006	0.0006	0.0000	0.0000	0.0000	0.0000	0.0006	0.0006	0.0000	0.2828	0.2802	0.0026	0.2776	0.2774	0.0002	0.0053	0.0028	0.0024	0.0366	0.0309	0.0057	0.0041	0.0038	0.0003	0.0325	0.0271	0.0054	0.4064	0.2537	0.1527	0.1458	0.1162	0.0297	0.2606	0.1375	0.1231	0.0246	0.0175	0.2988	0.0000	0.0000	0.0007	0.9568	1.0680	0.2763	0.6959	1.1045	0.0173	1.9032	2.3870	0.0076	0.0202	0.0207	0.0196
89	127	0.1177	4	0	2	0	0	0	0	0	0	N	Y	N	N	N	N	N	N	N	N	N	N	0.0057	0.0067	0.0015	0.0001	0.0001	0.0000	0.0075	0.0118	0.0015	0.0008	0.0009	0.0002	0.0000	0.0000	0.0000	0.0009	0.0011	0.0003	0.1420	0.1345	0.1578	0.1657	0.1762	0.1167	0.1252	0.0920	0.1698	0.0490	0.5598	-0.0000	-0.0032	1.0051	1.9703	9.2650	6.2034	0.0000	0.0000	0.0000	0.0000	0.0000	0.0000	0.0000	0.0000	0.0000	0.0317	0.0203	0.0114	0.0154	0.0135	0.0019	0.0164	0.0069	0.0095	0.0156	0.0132	0.0024	0.0023	0.0022	0.0001	0.0133	0.0110	0.0023	0.2233	0.1512	0.0721	0.0927	0.0764	0.0163	0.1306	0.0748	0.0558	0.0057	0.0067	0.0015	0.0001	0.0001	0.0000	0.0075	0.0118	0.0015	0.1420	0.1345	0.1578	0.1657	0.1762	0.1167	0.1252	0.0920	0.1698
89	128	0.0965	3	0	1	0	0	0	0	0	0	N	N	N	N	N	N	N	N	N	N	N	N	0.0000	0.0000	0.0000	0.0000	0.0000	0.0000	0.0000	0.0000	0.0000	0.0000	0.0000	0.0000	0.0000	0.0000	0.0000	0.0000	0.0000	0.0000	3.3190	2.6250	4.6162	2.3600	2.8727	0.0330	3.8824	2.4093	5.7035	0.0623	0.9407	-0.0000	0.0196	1.0051	1.1032	9.2650	7.8190	0.0000	0.0000	0.0000	0.0000	0.0000	0.0000	0.0000	0.0000	0.0000	0.7440	0.3834	0.3607	0.1958	0.1953	0.0005	0.5482	0.1881	0.3602	0.0073	0.0061	0.0011	0.0004	0.0003	0.0000	0.0069	0.0058	0.0011	0.2242	0.1461	0.0781	0.0830	0.0680	0.0150	0.1412	0.0781	0.0631	0.0000	0.0000	0.0000	0.0000	0.0000	0.0000	0.0000	0.0000	0.0000	3.3190	2.6250	4.6162	2.3600	2.8727	0.0330	3.8824	2.4093	5.7035
89	129	0.4396	7	0	2	0	0	0	0	0	0	N	Y	N	N	N	N	N	N	N	N	N	N	0.0000	0.0000	0.0000	0.0000	0.0000	0.0000	0.0000	0.0000	0.0000	0.0000	0.0000	0.0000	0.0000	0.0000	0.0000	0.0000	0.0000	0.0000	0.0255	0.0006	0.1113	0.0429	0.0009	0.4678	0.0022	0.0000	0.0055	50.7746	0.0000	0.0027	1.0051	1.0033	9.2650	0.8635	0.0000	0.0000	0.0000	0.0000	0.0000	0.0000	0.0000	0.0000	0.0000	0.0051	0.0001	0.0050	0.0049	0.0001	0.0048	0.0002	0.0000	0.0002	0.0222	0.0202	0.0020	0.0124	0.0118	0.0006	0.0098	0.0084	0.0014	0.1993	0.1545	0.0448	0.1141	0.1038	0.0102	0.0852	0.0507	0.0345	0.0000	0.0000	0.0000	0.0000	0.0000	0.0000	0.0000	0.0000	0.0000	0.0255	0.0006	0.1113	0.0429	0.0009	0.4678	0.0022	0.0000	0.0055	
89	130	0.4103	6	0	1	0	0	0	0	0	0	N	N	N	N	N	N	N	N	N	N	N	N	0.0001	0.0001	0.0000	0.0002	0.0002	0.0000	0.0000	0.0000	0.0001	0.0001	0.0001	0.0000	0.0002	0.0002	0.0000	0.0000	0.0000	0.0000	0.8005	0.9789	0.3143	0.8979	0.8940	0.9210	0.6691	1.1525	0.0441	0.0147	0.1178	-0.0000	-0.1400	1.0051	5.5514	9.2650	9.9598	0.0000	0.0000	0.0000	0.0000	0.0000	0.0000	0.0000	0.0000	0.0000	0.3966	0.3548	0.0418	0.2554	0.2177	0.0377	0.1412	0.1371	0.0041	0.0520	0.0455	0.0066	0.0181	0.0170	0.0011	0.0339	0.0285	0.0055	0.4954	0.3624	0.1330	0.2844	0.2435	0.0410	0.2110	0.1190	0.0920	0.0001	0.0001	0.0000	0.0002	0.0002	0.0000	0.0000	0.0000	0.0001	0.8005	0.9789	0.3143	0.8979	0.8940	0.9210	0.6691	1.1525	0.0441
89	131	0.3800	5	0	1	0	0	0	0	0	0	N	N	N	N	N	N	N	N	N	N	N	N	0.0022	0.0019	0.0006	0.0028	0.0026	0.0008	0.0019	0.0013	0.0016	0.0017	0.0019	0.0001	0.0020	0.0021	0.0002	0.0016	0.0019	0.0000	0.7667	1.0443	0.0865	0.7192	0.8171	0.2186	0.8278	1.4908	0.0251	0.0042	0.0338	-0.0001	-0.1786	1.0051	9.1969	9.2650	13.4651	0.0001	0.0001	0.0000	0.0000	0.0000	0.0000	0.0001	0.0001	0.0000	0.4197	0.4059	0.0137	0.2215	0.2105	0.0110	0.1981	0.1954	0.0027	0.0752	0.0657	0.0095	0.0208	0.0196	0.0012	0.0544	0.0461	0.0084	0.5474	0.3887	0.1586	0.3080	0.2576	0.0504	0.2393	0.1311	0.1083	0.0022	0.0019	0.0006	0.0028	0.0026	0.0008	0.0019	0.0013	0.0016	0.7667	1.0443	0.0865	0.7192	0.8171	0.2186	0.8278	1.4908	0.0251
89	132	0.1934	7	1	2	0	1	0	0	0	0	N	Y	N	N	N	N	N	N	N	N	N	N	0.0000	0.0000	0.0000	0.0000	0.0000	0.0000	0.0000	0.0000	0.0000	0.0000	0.0000	0.0000	0.0000	0.0894	0.0000	0.2385	0.0000	0.0000	0.0000	0.1225	0.0000	0.2613	inf	0.0000	0.0032	1.0051	1.0000	9.2650	3.0001	0.0000	0.0000	0.0000	0.0000	0.0000	0.0000	0.0000	0.0000	0.0000	0.0060	0.0000	0.0060	0.0000	0.0000	0.0000	0.0060	0.0000	0.0060	0.0070	0.0059	0.0011	0.0006	0.0005	0.0000	0.0064	0.0054	0.0010	0.0670	0.0419	0.0251	0.0181	0.0159	0.0022	0.0489	0.0260	0.0229	0.0000	0.0000	0.0000	0.0000	0.0000	0.0000	0.0000	0.0000	0.0000	0.0894	0.0000	0.2385	0.0000	0.0000	0.0000	0.1225	0.0000	0.2613						
89	133	0.5924	11	1	2	0	1	0	0	0	0	N	Y	N	N	N	N	N	N	N	N	N	N	0.0000	0.0000	0.0000	0.0000	0.0000	0.0000	0.0000	0.0000	0.0000	0.0000	0.0000	0.0000	0.0000	0.0000	0.0000	0.0000	0.0000	0.0003	0.0005	0.0000	0.0006	0.0007	0.0000	0.0000	0.0000	0.0000	0.0010	0.0000	-0.0000	1.0051	0.0006	9.2650	1.9797	0.0000	0.0000	0.0000	0.0000	0.0000	0.0000	0.0000	0.0000	0.0000	0.0000	0.0000	0.0000	0.0000	0.0000	0.0000	0.0000	0.0000	0.0000	0.0000	0.0000	0.0000	0.0000	0.0000	0.0000	0.0000	0.0000	0.0000	0.0285	0.0194	0.0091	0.0176	0.0138	0.0038	0.0109	0.0056	0.0053	0.0000	0.0000	0.0000	0.0000	0.0000	0.0000	0.0000	0.0000	0.0000	0.0003	0.0005	0.0000	0.0006	0.0007	0.0000	0.0000	0.0000	0.0000		
89	134	0.5756	10	1	2	0	1	0	0	0	0	N	Y	N	N	N	N	N	N	N	N	N	N	0.0000	0.0000	0.0000	0.0000	0.0000	0.0000	0.0000	0.0000	0.0000	0.0000	0.0000	0.0000	0.0000	0.0000	0.0000	0.0000	0.0000	0.0002	0.0001	0.0003	0.0000	0.0000	0.0000	0.0005	0.0005	0.0005	0.9785	0.0000	0.0000	1.0051	2.0077	9.2650	6.0321	0.0000	0.0000	0.0000	0.0000	0.0000	0.0000	0.0000	0.0000	0.0000	0.0000	0.0000	0.0000	0.0000	0.0000	0.0000	0.0000	0.0000	0.0000	0.0135	0.0117	0.0018	0.0041	0.0038	0.0003	0.0094	0.0080	0.0015	0.1056	0.0709	0.0347	0.0646	0.0499	0.0147	0.0410	0.0210	0.0200	0.0000	0.0000	0.0000	0.0000	0.0000	0.0000	0.0000	0.0000	0.0000	0.0002	0.0001	0.0003	0.0000	0.0000	0.0000	0.0005	0.0005	0.0005		
89	135	0.5709	10	0	2	0	1	0	0	0	0	N	Y	N	N	N	N	N	N	N	N	N	N	0.0000	0.0005	0.0000	0.0011	0.0015	0.0000	0.0000	0.0000	0.0000	0.0000	0.0000	0.0000	0.0000	0.0000	0.0000	0.0000	0.0000	0.0000	0.0120	0.0005	0.0356	0.0006	0.0005	0.0012	0.0304	0.0005	0.0607	0.0000	36.6365	-0.0000	0.0011	1.0051	3.0348	9.2650	9.3583	0.0000	0.0000	0.0000	0.0000	0.0000	0.0000	0.0000	0.0000	0.0000	0.0022	0.0001	0.0021	0.0001	0.0000	0.0000	0.0021	0.0000	0.0021	0.0208	0.0179	0.0029	0.0059	0.0055	0.0004	0.0149	0.0124	0.0024	0.1800	0.1210	0.0590	0.1114	0.0865	0.0249	0.0686	0.0345	0.0342	0.0000	0.0005	0.0000	0.0011	0.0015	0.0000	0.0000	0.0000	0.0000	0.0120	0.0005	0.0356	0.0006	0.0005	0.0012	0.0304	0.0005	0.0607
89	136	0.5565	9	0	1	0	1	0	0	0	0	N	N	N	N	N	N	N	N	N	N	N	N	0.0056	0.0022	0.0280	0.0000	0.0000	0.0000	0.0111	0.0208	0.0210	0.0000	0.0000	0.0001	0.0000	0.0000	0.0000	0.0000	0.0000	0.0001	0.0021	0.0022	0.0018	0.0024	0.0030	0.0005	0.0015	0.0004	0.0028	1.8571	0.4104	0.0000	-0.0000	1.0051	0.0433	9.2650	6.6805	0.0000	0.0000	0.0000	0.0000	0.0000	0.0000	0.0000	0.0000	0.0000	0.0002	0.0001	0.0001	0.0001	0.0001	0.0000	0.0001	0.0000	0.0000	0.0003	0.0003	0.0001	0.0001	0.0001	0.0000	0.0002	0.0002	0.0000	0.0919	0.0614	0.0305	0.0557	0.0428	0.0129	0.0362	0.0186	0.0176	0.0056	0.0022	0.0280	0.0000	0.0000	0.0000	0.0111	0.0208	0.0210	0.0021	0.0022	0.0018	0.0024	0.0030	0.0005	0.0015	0.0004	0.0028
89	137	0.2231	9	0	2	0	1	0	0	0	0	N	Y	N	N	N	N	N	N	N	N	N	N	0.0000	0.0000	0.0000	0.0000	0.0000	0.0000	0.0000	0.0000	0.0000	0.0000	0.0000	0.0000	0.0000	0.0000	0.0000	0.0000	0.0000	0.0000	0.0000	0.0000	1.0051	0.0000	9.2650	0.0000	0.0000	0.0000	0.0000	0.0000	0.0000	0.0000	0.0000	0.0000	0.0000	0.0000	0.0000	0.0000	0.0000	0.0000	0.0000	0.0000	0.0000	0.0000	0.0000	0.0000	0.0000	0.0000	0.0000	0.0000	0.0000	0.0000	0.0000	0.0000	0.0000	0.0000	0.0000	0.0000	0.0000	0.0000	0.0000	0.0000	0.0000	0.0000	0.0000	0.0000	0.0000	0.0000	0.0000	0.0000	0.0000	0.0000	0.0000	0.0000	0.0000	0.0000	0.0000	0.0000	0.0000	0.0000											
89	138	0.2180	8	0	2	0	1	0	0	0	0	N	Y	N	N	N	N	N	N	N	N	N	N	3.1697	0.5301	13867.9259	0.0000	0.0000	6.1269	0.9447	15938.3968	0.0010	0.0003	0.0098	0.0000	0.0000	0.0000	0.0026	0.0008	0.0125	0.0003	0.0005	0.0000	0.0000	0.0000	0.0000	0.0004	0.0008	0.0000	3.1000	0.0009	0.0000	-0.0000	1.0051	0.0021	9.2650	2.0000	0.0000	0.0000	0.0000	0.0000	0.0000	0.0000	0.0000	0.0000	0.0000	0.0000	0.0000	0.0000	0.0000	0.0000	0.0000	0.0000	0.0000	0.0000	0.0000	0.0000	0.0000	0.0000	0.0000	0.0000	0.0000	0.0000	0.0000	0.0332	0.0211	0.0121	0.0098	0.0086	0.0012	0.0234	0.0124	0.0109	3.1697	0.5301	13867.9259	0.0000	0.0000	0.0000	6.1269	0.9447	15938.3968	0.0003	0.0005	0.0000	0.0000	0.0000	0.0000	0.0004	0.0008	0.0000	
89	139	0.2078	7	0	1	0	1	0	0	0	0	N	N	N	N	N	N	N	N	N	N	N	N	39.4974	8.9397	363.5160	0.0000	0.0000	153.8322	168517.3985	343.2588	0.0587	0.0169	0.2917	0.0000	0.0000	0.0000	0.0642	0.0186	0.3040	0.0015	0.0019	0.0008	0.0041	0.0047	0.0000	0.0004	0.0000	0.0009	3.1000	0.2500	0.0001	-0.0000	1.0051	1.0020	9.2650	3.0181	0.0004	0.0001	0.0003	0.0000	0.0000	0.0000	0.0004	0.0001	0.0003	0.0001	0.0001	0.0000	0.0001	0.0001	0.0000	0.0000	0.0000	0.0000	0.0070	0.0059	0.0011	0.0006	0.0005	0.0000	0.0064	0.0054	0.0010	0.0672	0.0423	0.0249	0.0193	0.0169	0.0023	0.0479	0.0253	0.0226	39.4974	8.9397	363.5160	0.0000	0.0000	0.0000	153.8322	168517.3985	343.2588	0.0015	0.0019	0.0008	0.0041	0.0047	0.0000	0.0004	0.0000	0.0009	
89	140	0.1934	7	0	2	0	0	0	0	0	0	N	Y	N	N	N	N	N	N	N	N	N	N	0.0000	0.0000	0.0000	0.0000	0.0000	0.0000	0.0000	0.0000	0.0000	0.0000	0.0000	0.0000	0.0000	0.0000	0.0000	0.0000	0.0000	0.0000	0.0000	0.0000	1.0051	0.0000	9.2650	4.0001	0.0000	0.0000	0.0000	0.0000	0.0000	0.0000	0.0000	0.0000	0.0000	0.0000	0.0000	0.0000	0.0000	0.0000	0.0000	0.0000	0.0000	0.0000	0.0000	0.0000	0.0000	0.0000	0.0000	0.0000	0.0000	0.0000	0.0000	0.0670	0.0419	0.0251	0.0181	0.0159	0.0022	0.0489	0.0260	0.0229	0.0000	0.0000	0.0000	0.0000	0.0000	0.0000	0.0000	0.0000	0.0000	0.0000	0.0000	0.0000	0.0000	0.0000	0.0000	0.0000	0.0000	0.0000											
89	141	0.5711	9	0	2	0	0	0	0	0	0	N	Y	N	N	N	N	N	N	N	N	N	N	0.0018	0.0046	0.0000	0.0000	0.0000	0.0000	0.0065	0.0040	0.0000	0.0000	0.0000	0.0000	0.0000	0.0000	0.0000	0.0000	0.0000	0.0000	0.0002	0.0001	0.0004	0.0002	0.0001	0.0009	0.0001	0.0001	0.0000	0.0000	2.3007	-0.0000	0.0000	1.0051	1.0003	9.2650	5.0186	0.0000	0.0000	0.0000	0.0000	0.0000	0.0000	0.0000	0.0000	0.0000	0.0000	0.0000	0.0000	0.0000	0.0000	0.0000	0.0000	0.0000	0.0000	0.0068	0.0059	0.0009	0.0020	0.0019	0.0002	0.0047	0.0040	0.0007	0.0805	0.0541	0.0264	0.0492	0.0381	0.0111	0.0312	0.0160	0.0153	0.0018	0.0046	0.0000	0.0000	0.0000	0.0000	0.0065	0.0040	0.0000	0.0002	0.0001	0.0004	0.0002	0.0001	0.0009	0.0001	0.0001	0.0000
89	142	0.2078	7	0	1	1	1	0	0	0	0	N	N	N	N	N	N	N	N	N	N	N	N	0.0000	0.0000	0.0000	0.0000	0.0000	0.0000	0.0000	0.0000	0.0000	0.0000	0.0000	0.0000	0.0000	0.0000	0.0000	0.0000	0.0000	0.0001	0.0001	0.0002	0.0000	0.0000	0.0000	0.0002	0.0002	0.0002	1.0039	0.0000	0.0000	1.0051	0.0001	9.2650	9.0026	0.0000	0.0000	0.0000	0.0000	0.0000	0.0000	0.0000	0.0000	0.0000	0.0000	0.0000	0.0000	0.0000	0.0000	0.0000	0.0000	0.0000	0.0000	0.0000	0.0000	0.0000	0.0000	0.0000	0.0000	0.0000	0.0000	0.0000	0.1470	0.0925	0.0545	0.0420	0.0369	0.0051	0.1050	0.0556	0.0494	0.0000	0.0000	0.0000	0.0000	0.0000	0.0000	0.0000	0.0000	0.0000	0.0001	0.0001	0.0002	0.0000	0.0000	0.0000	0.0002	0.0002	0.0002		
89	143	0.5565	9	0	1	1	1	0	0	0	0	N	N	N	N	N	N	N	N	N	N	N	N	0.0000	0.0000	0.0000	0.0000	0.0000	0.0000	0.0000	0.0000	0.0000	0.0000	0.0000	0.0000	0.0000	0.0000	0.0000	0.0000	0.0000	0.0000	0.0002	0.0002	0.0000	0.0002	0.0002	0.0000	0.0001	0.0002	0.0000	0.0027	0.0000	-0.0000	1.0051	2.0061	9.2650	8.0425	0.0000	0.0000	0.0000	0.0000	0.0000	0.0000	0.0000	0.0000	0.0000	0.0000	0.0000	0.0000	0.0000	0.0000	0.0000	0.0000	0.0000	0.0000	0.0135	0.0116	0.0018	0.0038	0.0035	0.0003	0.0097	0.0081	0.0015	0.1345	0.0897	0.0448	0.0815	0.0625	0.0190	0.0531	0.0273	0.0258	0.0000	0.0000	0.0000	0.0000	0.0000	0.0000	0.0000	0.0000	0.0000	0.0002	0.0002	0.0000	0.0002	0.0002	0.0000	0.0001	0.0002	0.0000	
89	144	0.5474	8	0	1	0	1	0	0	0	0	N	N	N	N	N	N	N	N	N	N	N	N	0.0000	0.0000	0.0000	0.0000	0.0000	0.0000	0.0000	0.0000	0.0000	0.0000	0.0000	0.0000	0.0000	0.0000	0.0000	0.0000	0.0000	0.0000	0.0192	0.0050	0.0546	0.0327	0.0068	0.1622	0.0012	0.0016	0.0006	4.3177	0.0000	0.0006	1.0051	1.9550	9.2650	2.1189	0.0000	0.0000	0.0000	0.0000	0.0000	0.0000	0.0000	0.0000	0.0000	0.0016	0.0003	0.0013	0.0015	0.0003	0.0013	0.0000	0.0000	0.0000	0.0141	0.0121	0.0019	0.0047	0.0043	0.0004	0.0094	0.0079	0.0015	0.0825	0.0590	0.0235	0.0472	0.0393	0.0079	0.0353	0.0196	0.0157	0.0000	0.0000	0.0000	0.0000	0.0000	0.0000	0.0000	0.0000	0.0000	0.0192	0.0050	0.0546	0.0327	0.0068	0.1622	0.0012	0.0016	0.0006	
89	145	0.5474	8	0	1	1	1	0	0	0	0	N	N	N	N	N	N	N	N	N	N	N	N	0.0000	0.0000	0.0000	0.0000	0.0000	0.0000	0.0000	0.0000	0.0000	0.0000	0.0000	0.0000	0.0000	0.0000	0.0000	0.0000	0.0000	0.0000	5.5462	8.9029	0.0267	16.0925	21.0386	0.0109	0.0180	0.0010	0.0366	0.0018	0.0000	-0.6355	1.0051	2.1261	9.2650	18.6477	0.0000	0.0000	0.0000	0.0000	0.0000	0.0000	0.0000	0.0000	0.0000	1.3918	1.3894	0.0025	1.3897	1.3893	0.0004	0.0021	0.0001	0.0021	0.0152	0.0131	0.0021	0.0050	0.0046	0.0005	0.0102	0.0085	0.0016	0.2873	0.1947	0.0925	0.1681	0.1324	0.0357	0.1192	0.0623	0.0568	0.0000	0.0000	0.0000	0.0000	0.0000	0.0000	0.0000	0.0000	0.0000	4.8447	7.1343	0.0267	8.2655	10.4927	0.0109	0.0180	0.0010	0.0366	
89	146	0.2078	7	0	1	1	1	0	0	0	0	N	N	N	N	N	N	N	N	N	N	N	N	0.0000	0.0000	0.0000	0.0000	0.0000	0.0000	0.0000	0.0000	0.0000	0.0000	0.0000	0.0000	0.0000	0.0000	0.0000	0.0000	0.0002	0.0000	0.0004	0.0000	0.0000	0.0000	0.0002	0.0000	0.0005	1261.3474	0.0000	0.0000	1.0051	2.0001	9.2650	5.9880	0.0000	0.0000	0.0000	0.0000	0.0000	0.0000	0.0000	0.0000	0.0000	0.0000	0.0000	0.0000	0.0000	0.0000	0.0000	0.0000	0.0000	0.0000	0.0139	0.0118	0.0021	0.0012	0.0011	0.0001	0.0127	0.0107	0.0020	0.1310	0.0824	0.0486	0.0375	0.0329	0.0046	0.0935	0.0495	0.0440	0.0000	0.0000	0.0000	0.0000	0.0000	0.0000	0.0000	0.0000	0.0000	0.0002	0.0000	0.0004	0.0000	0.0000	0.0000	0.0002	0.0000	0.0005			
89	147	0.2078	7	0	1	1	1	0	0	0	0	N	N	N	N	N	N	N	N	N	N	N	N	86.6866	0.0923	120798.1601	0.0000	0.0000	0.0000	204768.9244	185.9722	325623541.5165	16.5778	0.0281	110.1358	0.0000	0.0000	0.0000	18.1097	0.0309	114.8328	0.1912	0.3038	0.0009	0.6815	0.7751	0.0099	0.0001	0.0002	0.0000	694.3750	0.0018	0.5582	-0.0412	1.0051	9.0001	9.2650	23.0169	1.0013	0.0014	0.9999	0.0000	0.0000	0.0000	1.0013	0.0014	0.9999	0.0903	0.0902	0.0002	0.0903	0.0901	0.0002	0.0000	0.0000	0.0000	0.0604	0.0513	0.0091	0.0051	0.0047	0.0004	0.0553	0.0466	0.0087	0.4723	0.2968	0.1756	0.1325	0.1163	0.0162	0.3399	0.1805	0.1594	86.6866	0.0923	120798.1601	0.0000	0.0000	0.0000	204768.9244	185.9722	325623541.5165	0.1912	0.3038	0.0009	0.6815	0.7751	0.0099	0.0001	0.0002	0.0000
89	148	0.1825	6	0	1	0	1	0	0	0	0	N	N	N	N	N	N	N	N	N	N	N	N	0.0001	0.0000	0.0002	0.0000	0.0000	0.0000	0.0001	0.0000	0.0002	0.0000	0.0000	0.0000	0.0000	0.0000	0.0000	0.0000	0.0000	0.0000	0.0700	0.0008	0.1870	0.0063	0.0020	0.0400	0.0950	0.0001	0.2010	inf	135.7842	0.0000	0.0065	1.0051	1.9990	9.2650	7.9526	0.0000	0.0000	0.0000	0.0000	0.0000	0.0000	0.0000	0.0000	0.0000	0.0121	0.0001	0.0121	0.0003	0.0001	0.0002	0.0118	0.0000	0.0118	0.0139	0.0118	0.0021	0.0012	0.0011	0.0001	0.0128	0.0107	0.0020	0.1734	0.1090	0.0645	0.0489	0.0433	0.0056	0.1245	0.0656	0.0588	0.0001	0.0000	0.0002	0.0000	0.0000	0.0000	0.0001	0.0000	0.0002	0.0700	0.0008	0.1870	0.0063	0.0020	0.0400	0.0950	0.0001	0.2010
89	149	0.1505	5	1	2	0	0	0	0	0	0	N	Y	N	N	N	N	N	N	N	N	N	N	0.0285	0.0000	0.3170	0.0000	0.0000	0.0271	0.0884	0.0000	0.3028	0.0013	0.0000	0.0089	0.0000	0.0000	0.0001	0.0016	0.0000	0.0092	0.0466	0.0570	0.0281	0.1208	0.1355	0.0035	0.0177	0.0071	0.0305	inf	0.2761	0.0000	-0.0045	1.0051	5.3497	9.2650	17.2225	0.0001	0.0000	0.0001	0.0000	0.0000	0.0000	0.0001	0.0000	0.0001	0.0185	0.0145	0.0040	0.0135	0.0134	0.0000	0.0051	0.0011	0.0040	0.0437	0.0372	0.0065	0.0067	0.0064	0.0002	0.0370	0.0307	0.0063	0.3975	0.2549	0.1426	0.1113	0.0990	0.0124	0.2861	0.1559	0.1302	0.0285	0.0000	0.3170	0.0000	0.0000	0.0271	0.0884	0.0000	0.3028	0.0466	0.0570	0.0281	0.1208	0.1355	0.0035	0.0177	0.0071	0.0305
89	150	0.1813	6	0	2	0	0	0	0	0	0	N	Y	N	N	N	N	N	N	N	N	N	N	0.0895	0.0206	3.5245	0.0117	0.0109	0.0147	1.5710	2.2479	3.6553	0.0132	0.0044	0.0705	0.0050	0.0051	0.0002	0.0161	0.0040	0.0751	0.1472	0.2111	0.0200	0.4275	0.4711	0.0147	0.0103	0.0018	0.0205	2.4845	0.0477	0.0001	-0.0255	1.0051	3.6794	9.2650	17.4287	0.0005	0.0002	0.0004	0.0001	0.0001	0.0000	0.0005	0.0001	0.0004	0.0618	0.0590	0.0028	0.0589	0.0587	0.0002	0.0029	0.0003	0.0026	0.0406	0.0352	0.0054	0.0108	0.0104	0.0003	0.0298	0.0247	0.0051	0.4201	0.2795	0.1406	0.1378	0.1247	0.0131	0.2823	0.1548	0.1275	0.0895	0.0206	3.5245	0.0117	0.0109	0.0147	1.5710	2.2479	3.6553	0.1472	0.2111	0.0200	0.4275	0.4711	0.0147	0.0103	0.0018	0.0205
89	151	0.1505	5	0	2	0	0	0	0	0	0	N	Y	N	N	N	N	N	N	N	N	N	N	0.0271	0.0158	0.2484	0.0207	0.0192	0.0303	0.1212	0.1208	0.2365	0.0058	0.0047	0.0117	0.0130	0.0134	0.0001	0.0041	0.0024	0.0121	0.2120	0.2989	0.0472	0.6304	0.6980	0.0044	0.0341	0.0200	0.0511	0.4360	0.0833	-0.0000	-0.0217	1.0051	3.4464	9.2650	10.1316	0.0002	0.0001	0.0001	0.0001	0.0001	0.0000	0.0001	0.0001	0.0001	0.0570	0.0526	0.0044	0.0506	0.0505	0.0000	0.0064	0.0021	0.0044	0.0310	0.0264	0.0046	0.0057	0.0055	0.0001	0.0254	0.0209	0.0045	0.2690	0.1761	0.0929	0.0802	0.0724	0.0078	0.1887	0.1037	0.0851	0.0271	0.0158	0.2484	0.0207	0.0192	0.0303	0.1212	0.1208	0.2365	0.2120	0.2989	0.0472	0.6304	0.6980	0.0044	0.0341	0.0200	0.0511
89	152	0.5779	11	1	2	0	0	0	0	0	0	N	Y	N	N	N	N	N	N	N	N	N	N	0.0000	0.0000	0.0116	0.0000	0.0000	0.3840	inf	0.0081	0.0001	0.0001	0.0000	0.0000	0.0000	0.0000	0.0001	0.0001	0.0000	5.2571	8.6149	0.0004	13.7256	18.4364	0.0000	0.0003	0.0000	0.0006	0.0069	0.0000	-0.0000	-0.3534	1.0051	1.0143	9.2650	12.0086	0.0000	0.0000	0.0000	0.0000	0.0000	0.0000	0.0000	0.0000	0.0000	0.7711	0.7711	0.0000	0.7711	0.7711	0.0000	0.0000	0.0000	0.0000	0.0070	0.0061	0.0009	0.0022	0.0020	0.0002	0.0048	0.0041	0.0008	0.1673	0.1123	0.0550	0.1019	0.0787	0.0231	0.0655	0.0336	0.0319	0.0000	0.0000	0.0116	0.0000	0.0000	0.0000	0.3840	inf	0.0081	4.6082	6.8656	0.0004	7.5702	9.7965	0.0000	0.0003	0.0000	0.0006	
89	153	0.5756	10	1	2	0	0	0	0	0	0	N	Y	N	N	N	N	N	N	N	N	N	N	0.0249	0.0232	0.0000	0.0506	0.0507	0.0000	0.0000	0.0000	0.0000	0.0001	0.0001	0.0000	0.0003	0.0003	0.0000	0.0000	0.0000	0.0000	0.0034	0.0042	0.0017	0.0055	0.0059	0.0040	0.0000	0.0000	0.0000	0.0000	0.1999	-0.0000	-0.0000	1.0051	0.9811	9.2650	0.0216	0.0000	0.0000	0.0000	0.0000	0.0000	0.0000	0.0000	0.0000	0.0000	0.0000	0.0000	0.0000	0.0000	0.0000	0.0000	0.0000	0.0000	0.0000	0.0067	0.0058	0.0009	0.0020	0.0019	0.0002	0.0046	0.0039	0.0007	0.0137	0.0092	0.0045	0.0084	0.0065	0.0019	0.0053	0.0027	0.0026	0.0249	0.0232	0.0000	0.0506	0.0507	0.0000	0.0000	0.0000	0.0000	0.0034	0.0042	0.0017	0.0055	0.0059	0.0040	0.0000	0.0000	0.0000
89	154	0.5711	9	1	2	0	0	0	0	0	0	N	Y	N	N	N	N	N	N	N	N	N	N	0.0643	0.1652	0.0000	0.0000	0.0000	0.0000	0.2562	0.1585	0.0000	0.0000	0.0000	0.0000	0.0000	0.0000	0.0000	0.0001	0.0001	0.0000	0.0005	0.0002	0.0011	0.0007	0.0002	0.0026	0.0002	0.0004	0.0000	0.0000	2.2914	-0.0000	0.0000	1.0051	0.0083	9.2650	2.0001	0.0000	0.0000	0.0000	0.0000	0.0000	0.0000	0.0000	0.0000	0.0000	0.0000	0.0000	0.0000	0.0000	0.0000	0.0000	0.0000	0.0000	0.0000	0.0001	0.0001	0.0000	0.0000	0.0000	0.0000	0.0000	0.0000	0.0000	0.0279	0.0188	0.0091	0.0171	0.0133	0.0038	0.0108	0.0055	0.0053	0.0643	0.1652	0.0000	0.0000	0.0000	0.0000	0.2562	0.1585	0.0000	0.0005	0.0002	0.0011	0.0007	0.0002	0.0026	0.0002	0.0004	0.0000
89	155	0.5474	8	0	2	0	0	0	0	0	0	N	Y	N	N	N	N	N	N	N	N	N	N	0.1444	0.5275	0.0000	0.0000	0.0000	0.0000	1.4876	1.1801	0.0000	0.0015	0.0017	0.0000	0.0000	0.0000	0.0000	0.0022	0.0026	0.0000	0.0102	0.0032	0.0256	0.0164	0.0037	0.0672	0.0015	0.0022	0.0006	0.0000	3.5796	-0.0000	0.0005	1.0051	2.9180	9.2650	7.4065	0.0000	0.0000	0.0000	0.0000	0.0000	0.0000	0.0000	0.0000	0.0000	0.0017	0.0004	0.0013	0.0016	0.0003	0.0013	0.0001	0.0001	0.0000	0.0204	0.0177	0.0028	0.0066	0.0060	0.0006	0.0139	0.0116	0.0022	0.1625	0.1120	0.0505	0.0948	0.0759	0.0189	0.0677	0.0361	0.0316	0.1444	0.5275	0.0000	0.0000	0.0000	0.0000	1.4876	1.1801	0.0000	0.0102	0.0032	0.0256	0.0164	0.0037	0.0672	0.0015	0.0022	0.0006
89	156	0.4816	7	0	1	0	0	0	0	0	0	N	N	N	N	N	N	N	N	N	N	N	N	3.8826	0.0003	3230.7720	1.5530	0.0000	1278.9247	23.7321	0.0022	9764.3043	7.8801	0.0010	61.6197	4.8934	0.0000	51.1721	10.0562	0.0017	66.4287	2.0296	2.9338	0.0191	3.1509	3.9027	0.0400	0.4237	0.8021	0.0068	9049.1172	0.0029	0.3836	-0.4279	1.0051	8.2479	9.2650	19.7214	0.6865	0.0001	0.6864	0.1797	0.0000	0.1797	0.5068	0.0001	0.5067	0.9394	0.9367	0.0027	0.8588	0.8567	0.0021	0.0806	0.0800	0.0006	0.0871	0.0760	0.0111	0.0367	0.0332	0.0035	0.0504	0.0428	0.0076	0.4629	0.3193	0.1436	0.2726	0.2195	0.0531	0.1903	0.0998	0.0905	3.8826	0.0003	3230.7720	1.5530	0.0000	1278.9247	23.7321	0.0022	9764.3043	2.0296	2.9338	0.0191	3.1509	3.9027	0.0400	0.4237	0.8021	0.0068
89	157	0.4455	6	0	1	0	0	0	0	0	0	N	N	N	N	N	N	N	N	N	N	N	N	4.4429	1.3174	535.1028	0.0635	0.0504	0.6572	3.6105	0.8318	1087.5154	8.1102	3.4121	39.0688	0.0538	0.0517	0.0767	11.9361	5.1364	49.3799	1.8254	2.5900	0.0730	0.8482	1.0257	0.1167	3.3059	6.1752	0.0454	1.7376	0.0123	0.0956	-0.3623	1.0051	7.4725	9.2650	14.3153	0.4938	0.1804	0.3134	0.0011	0.0009	0.0001	0.4928	0.1795	0.3133	0.8120	0.8021	0.0099	0.2273	0.2212	0.0061	0.5847	0.5809	0.0038	0.0609	0.0529	0.0080	0.0196	0.0179	0.0017	0.0413	0.0349	0.0063	0.4448	0.3097	0.1351	0.2679	0.2156	0.0523	0.1769	0.0941	0.0828	4.4429	1.3174	535.1028	0.0635	0.0504	0.6572	3.6105	0.8318	1087.5154	1.8254	2.5900	0.0730	0.8482	1.0257	0.1167	3.3059	6.1752	0.0454
89	158	0.3800	5	0	1	0	0	0	0	0	0	N	N	N	N	N	N	N	N	N	N	N	N	0.0248	0.0110	0.8942	0.0527	0.0499	0.0001	0.0149	0.0032	2.8395	0.0229	0.0140	0.0833	0.0267	0.0283	0.0000	0.0216	0.0084	0.0945	0.9234	1.2792	0.0932	0.5062	0.5674	0.2175	1.4491	2.6434	0.0333	0.8720	0.0312	0.0001	-0.2525	1.0051	11.6653	9.2650	19.4910	0.0021	0.0011	0.0010	0.0006	0.0006	0.0000	0.0014	0.0005	0.0010	0.5898	0.5719	0.0179	0.1803	0.1667	0.0136	0.4095	0.4052	0.0043	0.0900	0.0785	0.0115	0.0235	0.0222	0.0014	0.0665	0.0563	0.0102	0.6387	0.4471	0.1916	0.3561	0.2938	0.0623	0.2826	0.1533	0.1293	0.0248	0.0110	0.8942	0.0527	0.0499	0.0001	0.0149	0.0032	2.8395	0.9234	1.2792	0.0932	0.5062	0.5674	0.2175	1.4491	2.6434	0.0333
89	159	0.3327	4	0	1	0	0	0	0	0	0	N	N	N	N	N	N	N	N	N	N	N	N	0.0093	0.0078	0.0031	0.0090	0.0090	0.0004	0.0071	0.0047	0.0048	0.0046	0.0052	0.0003	0.0018	0.0019	0.0000	0.0061	0.0072	0.0003	0.4890	0.6581	0.0887	0.1998	0.2140	0.1306	0.8629	1.5414	0.0687	0.0075	0.0569	-0.0001	-0.1347	1.0051	7.3933	9.2650	20.5306	0.0003	0.0003	0.0000	0.0000	0.0000	0.0000	0.0003	0.0003	0.0000	0.3329	0.3150	0.0179	0.0767	0.0682	0.0085	0.2562	0.2468	0.0094	0.0722	0.0632	0.0090	0.0262	0.0244	0.0018	0.0459	0.0388	0.0071	0.6808	0.4786	0.2022	0.3839	0.3185	0.0654	0.2969	0.1601	0.1368	0.0093	0.0078	0.0031	0.0090	0.0090	0.0004	0.0071	0.0047	0.0048	0.4890	0.6581	0.0887	0.1998	0.2140	0.1306	0.8629	1.5414	0.0687
89	160	0.0965	3	0	1	0	0	0	0	0	0	N	N	N	N	N	N	N	N	N	N	N	N	0.0145	0.0173	0.0017	0.0000	0.0000	0.0000	0.0148	0.0193	0.0016	0.0125	0.0144	0.0016	0.0000	0.0000	0.0000	0.0131	0.0152	0.0016	0.8657	0.8351	0.9158	0.8011	0.9324	0.0129	0.8860	0.7871	1.0052	0.0192	0.6698	-0.0008	-0.0518	1.0051	27.6416	9.2650	54.6365	0.0020	0.0020	0.0000	0.0000	0.0000	0.0000	0.0020	0.0020	0.0000	0.9044	0.5416	0.3628	0.2002	0.1998	0.0005	0.7041	0.3418	0.3623	0.1600	0.1361	0.0238	0.0072	0.0067	0.0005	0.1527	0.1294	0.0233	1.0447	0.6486	0.3962	0.2500	0.2143	0.0357	0.7947	0.4343	0.3605	0.0145	0.0173	0.0017	0.0000	0.0000	0.0000	0.0148	0.0193	0.0016	0.8657	0.8351	0.9158	0.8011	0.9324	0.0129	0.8860	0.7871	1.0052
89	161	0.2010	9	1	2	0	0	0	0	0	0	N	Y	N	N	N	N	N	N	N	N	N	N	22.9367	15.7768	0.0000	0.0000	0.0000	11459.6103	inf	0.0000	0.0122	0.0133	0.0000	0.0000	0.0000	0.0000	0.0180	0.0205	0.0000	0.0005	0.0008	0.0000	0.0019	0.0022	0.0000	0.0000	0.0000	0.0000	0.0000	0.0021	-0.0000	-0.0000	1.0051	0.0002	9.2650	3.0099	0.0000	0.0000	0.0000	0.0000	0.0000	0.0000	0.0000	0.0000	0.0000	0.0000	0.0000	0.0000	0.0000	0.0000	0.0000	0.0000	0.0000	0.0000	0.0000	0.0000	0.0000	0.0000	0.0000	0.0000	0.0000	0.0000	0.0000	0.0516	0.0325	0.0191	0.0142	0.0126	0.0017	0.0374	0.0199	0.0175	22.9367	15.7768	0.0000	0.0000	0.0000	0.0000	11459.6103	inf	0.0000	0.0005	0.0008	0.0000	0.0019	0.0022	0.0000	0.0000	0.0000	0.0000	
89	162	0.1934	8	1	2	0	0	0	0	0	0	N	Y	N	N	N	N	N	N	N	N	N	N	38.9248	825.2288	0.0000	30.9333	562.0663	0.0000	0.0287	0.0339	0.0000	0.0000	0.0000	0.0000	0.0313	0.0372	0.0000	0.0007	0.0000	0.0019	0.0000	0.0000	0.0000	0.0010	0.0001	0.0021	0.0000	27.7359	-0.0001	0.0000	1.0051	0.9998	9.2650	2.0118	0.0002	0.0002	0.0000	0.0000	0.0000	0.0000	0.0002	0.0002	0.0000	0.0000	0.0000	0.0000	0.0000	0.0000	0.0000	0.0000	0.0000	0.0000	0.0070	0.0059	0.0011	0.0006	0.0005	0.0000	0.0064	0.0054	0.0010	0.0507	0.0317	0.0190	0.0137	0.0120	0.0017	0.0370	0.0196	0.0173	38.9248	825.2288	0.0000	0.0000	0.0000	0.0000	30.9333	562.0663	0.0000	0.0007	0.0000	0.0019	0.0000	0.0000	0.0000	0.0010	0.0001	0.0021			
89	163	0.1934	7	1	2	0	0	0	0	0	0	N	Y	N	N	N	N	N	N	N	N	N	N	0.0000	0.0000	0.0000	0.0000	0.0000	0.0000	0.0000	0.0000	0.0000	0.0000	0.0000	0.0000	0.0000	0.0000	0.0000	0.0000	0.0000	0.0000	0.0000	0.0000	1.0051	0.0000	9.2650	0.0003	0.0000	0.0000	0.0000	0.0000	0.0000	0.0000	0.0000	0.0000	0.0000	0.0000	0.0000	0.0000	0.0000	0.0000	0.0000	0.0000	0.0000	0.0000	0.0000	0.0000	0.0000	0.0000	0.0000	0.0000	0.0000	0.0000	0.0000	0.0000	0.0000	0.0000	0.0000	0.0000	0.0000	0.0000	0.0000	0.0000	0.0000	0.0000	0.0000	0.0000	0.0000	0.0000	0.0000	0.0000	0.0000	0.0000	0.0000	0.0000	0.0000	0.0000	0.0000	0.0000	0.0000	0.0000											
89	164	0.1825	6	0	2	0	0	0	0	0	0	N	Y	N	N	N	N	N	N	N	N	N	N	0.0038	0.0000	0.0078	0.0000	0.0000	0.0000	0.0041	0.0000	0.0074	0.0005	0.0000	0.0030	0.0000	0.0000	0.0000	0.0008	0.0000	0.0031	0.1428	0.0008	0.3890	0.0102	0.0016	0.0800	0.2006	0.0001	0.4199	inf	291.8259	0.0000	0.0065	1.0051	0.0063	9.2650	4.3641	0.0000	0.0000	0.0000	0.0000	0.0000	0.0000	0.0000	0.0000	0.0000	0.0121	0.0000	0.0120	0.0003	0.0000	0.0002	0.0118	0.0000	0.0118	0.0001	0.0001	0.0000	0.0000	0.0000	0.0000	0.0001	0.0001	0.0000	0.0846	0.0536	0.0309	0.0257	0.0229	0.0028	0.0589	0.0307	0.0281	0.0038	0.0000	0.0078	0.0000	0.0000	0.0000	0.0041	0.0000	0.0074	0.1428	0.0008	0.3890	0.0102	0.0016	0.0800	0.2006	0.0001	0.4199
89	165	0.1505	5	0	1	0	0	0	0	0	0	N	N	N	N	N	N	N	N	N	N	N	N	0.0006	0.0003	0.0008	0.0009	0.0007	0.0291	0.0005	0.0000	0.0009	0.0023	0.0000	0.0157	0.0000	0.0000	0.0002	0.0029	0.0000	0.0161	3.7720	0.0106	20.7409	0.0167	0.0177	0.0068	5.3939	0.0056	18.7013	962.3511	539.5279	0.0000	0.5161	1.0051	2.5207	9.2650	10.0226	0.0001	0.0000	0.0001	0.0000	0.0000	0.0000	0.0001	0.0000	0.0001	0.9562	0.0018	0.9544	0.0013	0.0012	0.0000	0.9549	0.0005	0.9543	0.0248	0.0211	0.0037	0.0052	0.0051	0.0001	0.0197	0.0161	0.0036	0.2535	0.1666	0.0869	0.0765	0.0692	0.0073	0.1770	0.0974	0.0796	0.0006	0.0003	0.0014	0.0009	0.0007	0.0291	0.0005	0.0000	0.0013	3.7720	0.0106	10.9815	0.0167	0.0177	0.0068	5.3939	0.0056	11.9831
89	166	0.1350	4	0	1	0	0	0	0	0	0	N	N	N	N	N	N	N	N	N	N	N	N	0.1240	0.0045	0.5760	0.0559	0.0069	1.1644	0.2116	0.0001	0.5158	0.0359	0.0011	0.2287	0.0261	0.0033	0.4038	0.0399	0.0000	0.2077	0.2894	0.2380	0.3971	0.4671	0.4786	0.3468	0.1884	0.0081	0.4026	38.9669	0.7970	0.0006	-0.0009	1.0051	2.6894	9.2650	4.6619	0.0011	0.0000	0.0011	0.0002	0.0000	0.0002	0.0009	0.0000	0.0009	0.0607	0.0338	0.0269	0.0355	0.0332	0.0023	0.0252	0.0006	0.0246	0.0316	0.0268	0.0048	0.0091	0.0086	0.0005	0.0225	0.0182	0.0043	0.2098	0.1420	0.0678	0.0760	0.0694	0.0067	0.1338	0.0726	0.0611	0.1240	0.0045	0.5760	0.0559	0.0069	1.1644	0.2116	0.0001	0.5158	0.2894	0.2380	0.3971	0.4671	0.4786	0.3468	0.1884	0.0081	0.4026
89	167	0.0965	3	0	1	0	0	0	0	0	0	N	N	N	N	N	N	N	N	N	N	N	N	0.0000	0.0000	0.0001	0.0000	0.0000	0.0000	0.0000	0.0000	0.0001	0.0000	0.0000	0.0001	0.0000	0.0000	0.0000	0.0000	0.0000	0.0001	2.8132	3.6951	1.2025	11.3441	13.1090	0.7750	0.5954	0.0280	1.2917	inf	0.1782	0.0000	-0.2251	1.0051	2.7966	9.2650	8.5340	0.0000	0.0000	0.0000	0.0000	0.0000	0.0000	0.0000	0.0000	0.0000	0.7330	0.6221	0.1108	0.6318	0.6195	0.0123	0.1011	0.0026	0.0985	0.0181	0.0153	0.0028	0.0008	0.0008	0.0001	0.0173	0.0145	0.0027	0.2605	0.1684	0.0922	0.0907	0.0748	0.0159	0.1698	0.0936	0.0763	0.0000	0.0000	0.0001	0.0000	0.0000	0.0000	0.0000	0.0000	0.0001	2.8132	3.6951	1.2025	6.9660	8.2846	0.7750	0.5954	0.0280	1.2917
90	93	0.6858	9	1	1	1	0	0	0	0	0	N	N	N	N	N	N	N	N	N	N	N	N	0.1137	0.1025	0.0156	0.1667	0.1627	0.0164	0.0056	0.0000	0.0201	0.0004	0.0005	0.0000	0.0010	0.0010	0.0000	0.0000	0.0000	0.0000	0.0037	0.0046	0.0014	0.0058	0.0063	0.0028	0.0004	0.0001	0.0007	0.0059	0.1164	-0.0000	-0.0002	2.3559	2.5103	7.1930	7.4742	0.0000	0.0000	0.0000	0.0000	0.0000	0.0000	0.0000	0.0000	0.0000	0.0005	0.0004	0.0000	0.0004	0.0004	0.0000	0.0000	0.0000	0.0000	0.0476	0.0422	0.0055	0.0207	0.0195	0.0013	0.0269	0.0227	0.0042	0.1248	0.0897	0.0351	0.0766	0.0654	0.0112	0.0482	0.0243	0.0239	0.1137	0.1025	0.0156	0.1667	0.1627	0.0164	0.0056	0.0000	0.0201	0.0037	0.0046	0.0014	0.0058	0.0063	0.0028	0.0004	0.0001	0.0007
90	94	0.6495	8	0	1	1	0	0	0	0	0	N	N	N	N	N	N	N	N	N	N	N	N	0.0305	0.0297	0.0004	0.0003	0.0003	0.0000	0.1190	0.3793	0.0003	0.0001	0.0002	0.0000	0.0000	0.0000	0.0000	0.0002	0.0003	0.0000	0.0044	0.0051	0.0026	0.0065	0.0074	0.0002	0.0019	0.0007	0.0034	0.0008	0.1813	-0.0000	-0.0002	2.3559	7.1305	7.1930	3.2426	0.0000	0.0000	0.0000	0.0000	0.0000	0.0000	0.0000	0.0000	0.0000	0.0007	0.0006	0.0001	0.0005	0.0005	0.0000	0.0001	0.0000	0.0001	0.1492	0.1329	0.0162	0.0597	0.0568	0.0029	0.0894	0.0761	0.0133	0.1517	0.1114	0.0403	0.0839	0.0732	0.0108	0.0678	0.0382	0.0295	0.0305	0.0297	0.0004	0.0003	0.0003	0.0000	0.1190	0.3793	0.0003	0.0044	0.0051	0.0026	0.0065	0.0074	0.0002	0.0019	0.0007	0.0034
90	95	0.2192	5	1	1	1	0	0	0	0	0	N	N	N	N	N	N	N	N	N	N	N	N	11.5386	0.7181	135.7143	0.0263	0.0214	0.2753	45.8604	9.4415	149.8649	0.3691	0.0273	2.5003	0.0016	0.0014	0.0032	0.5056	0.0377	2.9881	0.0320	0.0380	0.0184	0.0599	0.0670	0.0115	0.0110	0.0040	0.0199	14.7030	0.2144	0.0257	-0.0043	2.3559	8.0000	7.1930	22.5660	0.0518	0.0033	0.0485	0.0001	0.0001	0.0000	0.0518	0.0032	0.0485	0.0153	0.0126	0.0027	0.0123	0.0120	0.0003	0.0030	0.0006	0.0024	0.1404	0.1210	0.0194	0.0380	0.0349	0.0032	0.1024	0.0861	0.0162	0.4782	0.3316	0.1465	0.2051	0.1790	0.0262	0.2730	0.1526	0.1204	11.5386	0.7181	135.7143	0.0263	0.0214	0.2753	45.8604	9.4415	149.8649	0.0320	0.0380	0.0184	0.0599	0.0670	0.0115	0.0110	0.0040	0.0199
90	96	0.1452	3	0	0	1	0	0	0	0	0	N	N	N	N	N	N	N	N	N	N	N	N	0.0281	0.0262	0.0000	0.0277	0.0264	0.0000	0.0942	8962.4494	0.0000	0.0022	0.0025	0.0000	0.0051	0.0053	0.0000	0.0017	0.0020	0.0000	0.0767	0.0955	0.0395	0.1841	0.2015	0.0399	0.0181	0.0000	0.0394	0.0000	0.2079	-0.0002	-0.0110	2.3559	11.9964	7.1930	18.8414	0.0004	0.0004	0.0000	0.0001	0.0001	0.0000	0.0003	0.0003	0.0000	0.0383	0.0317	0.0066	0.0325	0.0317	0.0008	0.0058	0.0000	0.0058	0.1898	0.1638	0.0261	0.0255	0.0245	0.0010	0.1643	0.1393	0.0251	0.4993	0.3322	0.1671	0.1764	0.1574	0.0190	0.3229	0.1748	0.1481	0.0281	0.0262	0.0000	0.0277	0.0264	0.0000	0.0942	8962.4494	0.0000	0.0767	0.0955	0.0395	0.1841	0.2015	0.0399	0.0181	0.0000	0.0394
90	98	0.2497	7	1	1	2	0	0	0	0	0	N	N	Y	N	N	N	N	N	N	N	N	N	6.5213	18.7642	0.0000	11.8694	26.7402	0.0000	0.1915	3525.0307	0.0000	0.1562	0.1866	0.0000	0.4018	0.4839	0.0000	0.0031	0.0037	0.0000	0.0239	0.0099	0.0570	0.0338	0.0181	0.1385	0.0161	0.0000	0.0372	0.0000	2.4308	-0.0014	0.0017	2.3559	0.9502	7.1930	16.1595	0.0031	0.0031	0.0000	0.0031	0.0031	0.0000	0.0000	0.0000	0.0000	0.0067	0.0019	0.0047	0.0042	0.0019	0.0022	0.0025	0.0000	0.0025	0.0201	0.0168	0.0033	0.0077	0.0064	0.0013	0.0124	0.0104	0.0020	0.2785	0.1955	0.0830	0.1236	0.1074	0.0162	0.1549	0.0881	0.0668	6.5213	18.7642	0.0000	11.8694	26.7402	0.0000	0.1915	3525.0307	0.0000	0.0239	0.0099	0.0570	0.0338	0.0181	0.1385	0.0161	0.0000	0.0372
90	99	0.1452	3	0	1	1	0	0	0	0	0	N	N	N	N	N	N	N	N	N	N	N	N	1.9416	1.5087	0.0000	5.2709	4.9045	0.0000	0.0000	0.0000	0.0000	1.6411	1.9023	0.0000	12.2300	12.7334	0.0000	0.0000	0.0000	0.0000	0.8452	1.2609	0.0210	2.3203	2.5963	0.0303	0.0294	0.0376	0.0198	0.0000	0.0084	-0.1374	-0.1740	2.3559	11.9964	7.1930	15.6499	0.3115	0.3115	0.0000	0.3115	0.3115	0.0000	0.0000	0.0000	0.0000	0.3866	0.3834	0.0032	0.3780	0.3774	0.0005	0.0087	0.0060	0.0027	0.1898	0.1638	0.0261	0.0255	0.0245	0.0010	0.1643	0.1393	0.0251	0.4574	0.3041	0.1534	0.1629	0.1454	0.0175	0.2945	0.1587	0.1358	1.9416	1.5087	0.0000	5.2709	4.9045	0.0000	0.0000	0.0000	0.0000	0.8452	1.2609	0.0210	2.3203	2.5963	0.0303	0.0294	0.0376	0.0198
90	100	0.2527	8	1	0	2	0	0	0	0	0	N	N	Y	N	N	N	N	N	N	N	N	N	0.0022	0.0085	0.0000	0.0007	0.0007	0.0000	0.0021	0.0326	0.0000	0.0002	0.0002	0.0000	0.0000	0.0000	0.0000	0.0002	0.0003	0.0000	0.0715	0.0220	0.1860	0.0291	0.0333	0.0021	0.1057	0.0080	0.2318	0.0000	3.6573	-0.0000	0.0057	2.3559	1.0008	7.1930	13.9255	0.0000	0.0000	0.0000	0.0000	0.0000	0.0000	0.0000	0.0000	0.0000	0.0174	0.0037	0.0136	0.0032	0.0031	0.0000	0.0142	0.0006	0.0136	0.0183	0.0158	0.0025	0.0055	0.0050	0.0005	0.0128	0.0108	0.0021	0.2430	0.1697	0.0734	0.1084	0.0938	0.0146	0.1346	0.0759	0.0587	0.0022	0.0085	0.0000	0.0007	0.0007	0.0000	0.0021	0.0326	0.0000	0.0715	0.0220	0.1860	0.0291	0.0333	0.0021	0.1057	0.0080	0.2318
90	101	0.2497	7	1	0	2	0	0	0	0	0	N	N	Y	N	N	N	N	N	N	N	N	N	5.1359	11.2337	0.0036	0.2561	0.3335	0.0373	18.2689	262.7243	0.0015	0.0459	0.0637	0.0001	0.0019	0.0028	0.0001	0.1947	0.2248	0.0000	0.0089	0.0057	0.0176	0.0075	0.0084	0.0018	0.0107	0.0009	0.0235	0.0004	1.1696	-0.0001	0.0000	2.3559	0.0532	7.1930	2.0467	0.0002	0.0002	0.0000	0.0000	0.0000	0.0000	0.0002	0.0002	0.0000	0.0005	0.0002	0.0003	0.0002	0.0002	0.0000	0.0003	0.0000	0.0003	0.0037	0.0027	0.0010	0.0029	0.0019	0.0009	0.0009	0.0007	0.0001	0.0584	0.0424	0.0160	0.0315	0.0272	0.0043	0.0269	0.0152	0.0116	5.1359	11.2337	0.0036	0.2561	0.3335	0.0373	18.2689	262.7243	0.0015	0.0089	0.0057	0.0176	0.0075	0.0084	0.0018	0.0107	0.0009	0.0235
90	102	0.2400	6	1	0	2	0	0	0	0	0	N	N	Y	N	N	N	N	N	N	N	N	N	1.0110	6.1464	0.0014	1.6451	6.1509	0.0027	0.7017	12.9251	0.0001	0.0079	0.0093	0.0000	0.0116	0.0134	0.0001	0.0060	0.0071	0.0000	0.0078	0.0015	0.0240	0.0071	0.0022	0.0377	0.0085	0.0005	0.0196	0.0006	6.1877	-0.0001	0.0003	2.3559	2.0948	7.1930	3.0326	0.0003	0.0003	0.0000	0.0002	0.0002	0.0000	0.0002	0.0002	0.0000	0.0008	0.0001	0.0007	0.0004	0.0001	0.0003	0.0005	0.0000	0.0004	0.0407	0.0346	0.0061	0.0138	0.0120	0.0018	0.0270	0.0227	0.0043	0.1082	0.0779	0.0303	0.0533	0.0459	0.0074	0.0549	0.0319	0.0230	1.0110	6.1464	0.0014	1.6451	6.1509	0.0027	0.7017	12.9251	0.0001	0.0078	0.0015	0.0240	0.0071	0.0022	0.0377	0.0085	0.0005	0.0196
90	103	0.2192	5	1	0	2	0	0	0	0	0	N	N	Y	N	N	N	N	N	N	N	N	N	17.9057	116.5422	0.0055	1.2911	3.5225	0.0003	20.5032	2745.9213	0.0073	0.0443	0.0515	0.0000	0.0025	0.0027	0.0000	0.0600	0.0714	0.0000	0.0025	0.0004	0.0073	0.0019	0.0008	0.0112	0.0029	0.0000	0.0065	0.0001	6.9788	-0.0014	0.0002	2.3559	3.9484	7.1930	4.8420	0.0031	0.0031	0.0000	0.0000	0.0000	0.0000	0.0031	0.0031	0.0000	0.0004	0.0001	0.0004	0.0001	0.0001	0.0001	0.0003	0.0000	0.0003	0.0706	0.0608	0.0098	0.0192	0.0176	0.0016	0.0514	0.0432	0.0082	0.1721	0.1209	0.0512	0.0764	0.0680	0.0084	0.0957	0.0529	0.0428	17.9057	116.5422	0.0055	1.2911	3.5225	0.0003	20.5032	2745.9213	0.0073	0.0025	0.0004	0.0073	0.0019	0.0008	0.0112	0.0029	0.0000	0.0065
90	104	0.1776	4	0	1	1	0	0	0	0	0	N	N	N	N	N	N	N	N	N	N	N	N	0.0004	0.0000	0.0395	0.0000	0.0000	0.0000	0.0026	0.0001	0.0598	0.0000	0.0000	0.0000	0.0000	0.0000	0.0000	0.0000	0.0000	0.0000	0.0109	0.0156	0.0008	0.0251	0.0282	0.0022	0.0021	0.0033	0.0006	10.6902	0.0242	0.0000	-0.0031	2.3559	8.9557	7.1930	32.3127	0.0000	0.0000	0.0000	0.0000	0.0000	0.0000	0.0000	0.0000	0.0000	0.0071	0.0069	0.0002	0.0063	0.0062	0.0001	0.0008	0.0007	0.0001	0.1701	0.1485	0.0216	0.0386	0.0370	0.0017	0.1314	0.1115	0.0199	0.6503	0.4447	0.2056	0.2494	0.2199	0.0295	0.4009	0.2248	0.1760	0.0004	0.0000	0.0395	0.0000	0.0000	0.0000	0.0026	0.0001	0.0598	0.0109	0.0156	0.0008	0.0251	0.0282	0.0022	0.0021	0.0033	0.0006
90	105	0.2030	5	0	0	2	0	0	0	0	0	N	N	Y	N	N	N	N	N	N	N	N	N	0.0362	0.0000	15.0653	0.0000	0.0000	0.0000	31.5199	0.0000	154.1634	0.0002	0.0000	0.0011	0.0000	0.0000	0.0000	0.0002	0.0000	0.0012	0.0044	0.0063	0.0001	0.0101	0.0115	0.0004	0.0000	0.0000	0.0000	inf	0.0052	0.0000	-0.0004	2.3559	4.2679	7.1930	7.8415	0.0000	0.0000	0.0000	0.0000	0.0000	0.0000	0.0000	0.0000	0.0000	0.0009	0.0009	0.0000	0.0009	0.0009	0.0000	0.0000	0.0000	0.0000	0.0821	0.0705	0.0117	0.0183	0.0175	0.0008	0.0638	0.0529	0.0109	0.2161	0.1499	0.0662	0.0930	0.0814	0.0116	0.1231	0.0685	0.0545	0.0362	0.0000	15.0653	0.0000	0.0000	0.0000	31.5199	0.0000	154.1634	0.0044	0.0063	0.0001	0.0101	0.0115	0.0004	0.0000	0.0000	0.0000
90	106	0.1776	4	0	0	1	0	0	0	0	0	N	N	N	N	N	N	N	N	N	N	N	N	0.0118	0.0090	0.0595	0.0141	0.0130	0.0000	0.0235	0.0017	0.1418	0.0002	0.0003	0.0001	0.0007	0.0007	0.0000	0.0000	0.0000	0.0001	0.0209	0.0296	0.0015	0.0477	0.0536	0.0052	0.0007	0.0006	0.0007	0.0401	0.0219	-0.0000	-0.0022	2.3559	1.9301	7.1930	9.0954	0.0000	0.0000	0.0000	0.0000	0.0000	0.0000	0.0000	0.0000	0.0000	0.0050	0.0049	0.0001	0.0049	0.0048	0.0001	0.0001	0.0000	0.0000	0.0544	0.0484	0.0060	0.0190	0.0184	0.0006	0.0353	0.0300	0.0053	0.2390	0.1652	0.0738	0.1029	0.0905	0.0124	0.1361	0.0748	0.0613	0.0118	0.0090	0.0595	0.0141	0.0130	0.0000	0.0235	0.0017	0.1418	0.0209	0.0296	0.0015	0.0477	0.0536	0.0052	0.0007	0.0006	0.0007
90	107	0.1452	3	0	0	1	0	0	0	0	0	N	N	N	N	N	N	N	N	N	N	N	N	0.0137	0.0114	0.0007	0.0015	0.0014	0.0000	0.0707	0.1009	0.0006	0.0003	0.0004	0.0000	0.0001	0.0001	0.0000	0.0004	0.0004	0.0000	0.0236	0.0329	0.0055	0.0542	0.0603	0.0012	0.0051	0.0042	0.0061	0.0015	0.0857	-0.0000	-0.0023	2.3559	3.9049	7.1930	9.6098	0.0000	0.0000	0.0000	0.0000	0.0000	0.0000	0.0000	0.0000	0.0000	0.0061	0.0057	0.0005	0.0053	0.0053	0.0000	0.0008	0.0004	0.0005	0.0641	0.0552	0.0089	0.0087	0.0084	0.0003	0.0554	0.0468	0.0086	0.2599	0.1718	0.0881	0.0982	0.0881	0.0101	0.1617	0.0837	0.0780	0.0137	0.0114	0.0007	0.0015	0.0014	0.0000	0.0707	0.1009	0.0006	0.0236	0.0329	0.0055	0.0542	0.0603	0.0012	0.0051	0.0042	0.0061
90	108	0.1664	5	0	1	1	0	0	0	0	0	N	N	N	N	N	N	N	N	N	N	N	N	0.0343	0.0028	27.6531	0.2037	0.1708	0.9783	0.0216	0.0012	21.8072	0.0249	0.0030	0.1604	0.0040	0.0042	0.0010	0.0283	0.0028	0.1663	0.7268	1.0548	0.0058	0.0199	0.0243	0.0010	1.3113	2.2285	0.0076	8.7235	0.0025	0.0016	-0.2147	2.3559	8.0392	7.1930	22.6195	0.0035	0.0004	0.0031	0.0001	0.0001	0.0000	0.0034	0.0003	0.0031	0.4709	0.4697	0.0012	0.0058	0.0058	0.0001	0.4651	0.4639	0.0011	0.1401	0.1206	0.0195	0.0199	0.0192	0.0007	0.1202	0.1014	0.0188	0.6479	0.4453	0.2026	0.2932	0.2371	0.0561	0.3547	0.2082	0.1465	0.0343	0.0028	27.6531	0.2037	0.1708	0.9783	0.0216	0.0012	21.8072	0.7268	1.0548	0.0058	0.0199	0.0243	0.0010	1.3113	2.2285	0.0076
90	109	0.1664	4	0	0	1	0	0	0	0	0	N	N	N	N	N	N	N	N	N	N	N	N	0.0222	0.0100	13.2159	0.0384	0.0289	5.0181	0.0126	0.0003	5.8492	0.0165	0.0102	0.0477	0.0223	0.0224	0.0033	0.0131	0.0004	0.0485	0.7435	1.0127	0.0036	0.5787	0.7761	0.0007	1.0404	1.4594	0.0083	0.9513	0.0013	0.0000	-0.0844	2.3559	0.2031	7.1930	2.0398	0.0002	0.0001	0.0001	0.0001	0.0001	0.0000	0.0001	0.0000	0.0001	0.1846	0.1843	0.0002	0.0924	0.0923	0.0000	0.0922	0.0920	0.0002	0.0094	0.0078	0.0016	0.0035	0.0035	0.0000	0.0059	0.0043	0.0016	0.2482	0.1820	0.0662	0.1596	0.1190	0.0406	0.0886	0.0630	0.0256	0.0222	0.0100	13.2159	0.0384	0.0289	5.0181	0.0126	0.0003	5.8492	0.7435	1.0127	0.0036	0.5787	0.7761	0.0007	1.0404	1.4594	0.0083
90	110	0.7469	10	1	0	2	0	0	0	0	0	N	N	Y	N	N	N	N	N	N	N	N	N	0.0000	0.0000	0.0000	0.0000	0.0000	0.0000	0.0000	0.0000	0.0000	0.0000	0.0000	0.0000	0.0000	0.0000	0.0000	0.0000	0.0000	0.0000	0.0000	-0.0000	2.3559	0.0001	7.1930	0.0001	0.0000	0.0000	0.0000	0.0000	0.0000	0.0000	0.0000	0.0000	0.0000	0.0000	0.0000	0.0000	0.0000	0.0000	0.0000	0.0000	0.0000	0.0000	0.0016	0.0013	0.0003	0.0008	0.0008	0.0000	0.0008	0.0005	0.0003	0.0002	0.0001	0.0001	0.0001	0.0001	0.0000	0.0001	0.0000	0.0001	0.0000	0.0000	0.0000	0.0000	0.0000	0.0000	0.0000	0.0000	0.0000	0.0000	0.0000	0.0000	0.0000	0.0000	0.0000	0.0000	0.0000	0.0000											
90	111	0.7331	9	1	0	2	0	0	0	0	0	N	N	Y	N	N	N	N	N	N	N	N	N	0.0000	0.0000	0.0000	0.0000	0.0000	0.0000	0.0000	0.0000	0.0000	0.0000	0.0000	0.0000	0.0000	0.0000	0.0000	0.0000	0.0000	0.0000	0.0073	0.0064	0.0096	0.0042	0.0047	0.0013	0.0117	0.0103	0.0134	0.5117	0.0000	-0.0001	2.3559	1.6718	7.1930	2.9223	0.0000	0.0000	0.0000	0.0000	0.0000	0.0000	0.0000	0.0000	0.0000	0.0005	0.0004	0.0002	0.0002	0.0002	0.0000	0.0003	0.0002	0.0002	0.0318	0.0281	0.0037	0.0111	0.0105	0.0005	0.0207	0.0175	0.0032	0.0730	0.0543	0.0187	0.0432	0.0373	0.0059	0.0299	0.0171	0.0128	0.0000	0.0000	0.0000	0.0000	0.0000	0.0000	0.0000	0.0000	0.0000	0.0073	0.0064	0.0096	0.0042	0.0047	0.0013	0.0117	0.0103	0.0134	
90	112	0.6495	8	1	0	2	0	0	0	0	0	N	N	Y	N	N	N	N	N	N	N	N	N	0.0000	0.0000	0.0000	0.0000	0.0000	0.0000	0.0000	0.0000	0.0000	0.0000	0.0000	0.0000	0.0000	0.0000	0.0000	0.0000	0.0000	0.0000	0.0142	0.0173	0.0057	0.0227	0.0258	0.0034	0.0036	0.0013	0.0066	0.1228	0.0000	-0.0013	2.3559	14.0283	7.1930	7.1084	0.0000	0.0000	0.0000	0.0000	0.0000	0.0000	0.0000	0.0000	0.0000	0.0037	0.0033	0.0004	0.0032	0.0032	0.0001	0.0004	0.0001	0.0003	0.2454	0.2179	0.0275	0.0914	0.0865	0.0050	0.1539	0.1315	0.0225	0.2591	0.1885	0.0706	0.1430	0.1233	0.0197	0.1161	0.0652	0.0509	0.0000	0.0000	0.0000	0.0000	0.0000	0.0000	0.0000	0.0000	0.0000	0.0142	0.0173	0.0057	0.0227	0.0258	0.0034	0.0036	0.0013	0.0066	
90	113	0.5893	7	0	0	1	0	0	0	0	0	N	N	N	N	N	N	N	N	N	N	N	N	0.1279	0.0000	0.9837	0.0327	0.0000	0.8871	0.1908	0.0000	0.9224	0.0012	0.0000	0.0105	0.0003	0.0000	0.0068	0.0017	0.0000	0.0111	0.0093	0.0087	0.0106	0.0097	0.0100	0.0076	0.0087	0.0058	0.0120	11773.5930	0.4870	0.0001	-0.0004	2.3559	8.6129	7.1930	5.1709	0.0002	0.0000	0.0002	0.0000	0.0000	0.0000	0.0002	0.0000	0.0002	0.0031	0.0021	0.0010	0.0019	0.0016	0.0002	0.0012	0.0004	0.0008	0.1925	0.1707	0.0218	0.0686	0.0654	0.0032	0.1239	0.1053	0.0186	0.3325	0.2376	0.0950	0.1940	0.1639	0.0301	0.1385	0.0736	0.0649	0.1279	0.0000	0.9837	0.0327	0.0000	0.8871	0.1908	0.0000	0.9224	0.0093	0.0087	0.0106	0.0097	0.0100	0.0076	0.0087	0.0058	0.0120
90	114	0.4942	6	0	0	1	0	0	0	0	0	N	N	N	N	N	N	N	N	N	N	N	N	0.7717	0.0042	1.1249	0.0962	0.0105	2.2527	0.5525	0.0016	0.9147	0.7794	0.0002	4.0004	0.0030	0.0003	0.0591	1.1464	0.0001	4.3142	1.0100	0.0469	3.5563	0.0308	0.0315	0.0262	2.0751	0.0726	4.7164	4861.3254	28.6660	0.1567	0.3384	2.3559	16.8607	7.1930	22.7724	0.2806	0.0001	0.2805	0.0003	0.0000	0.0003	0.2802	0.0000	0.2802	0.6662	0.0225	0.6437	0.0106	0.0094	0.0012	0.6556	0.0131	0.6425	0.3600	0.2899	0.0701	0.1155	0.1104	0.0052	0.2444	0.1795	0.0649	0.6596	0.4786	0.1810	0.3436	0.2989	0.0448	0.3159	0.1797	0.1362	0.7717	0.0042	1.1249	0.0962	0.0105	2.2527	0.5525	0.0016	0.9147	1.0100	0.0469	3.5563	0.0308	0.0315	0.0262	2.0751	0.0726	4.7164
90	115	0.2254	5	1	0	2	0	0	0	0	0	N	N	Y	N	N	N	N	N	N	N	N	N	0.0000	0.0000	0.0000	0.0000	0.0000	0.0000	0.0000	0.0000	0.0000	0.0000	0.0000	0.0000	0.0000	0.0000	0.0000	0.0000	0.0000	0.0000	5.5281	10.3210	0.0000	0.0111	0.0118	0.0000	9.0840	25.1682	0.0000	0.0000	0.0000	-0.4006	2.3559	1.0009	7.1930	4.0038	0.0000	0.0000	0.0000	0.0000	0.0000	0.0000	0.0000	0.0000	0.0000	0.8739	0.8739	0.0000	0.0009	0.0009	0.0000	0.8729	0.8729	0.0000	0.0190	0.0162	0.0028	0.0056	0.0050	0.0007	0.0133	0.0112	0.0021	0.1811	0.1141	0.0671	0.0850	0.0794	0.0057	0.0961	0.0347	0.0614	0.0000	0.0000	0.0000	0.0000	0.0000	0.0000	0.0000	0.0000	0.0000	4.8243	7.6619	0.0000	0.0111	0.0118	0.0000	9.0840	25.1682	0.0000	
90	116	0.1971	4	1	0	2	0	0	0	0	0	N	N	Y	N	N	N	N	N	N	N	N	N	0.0100	0.0081	0.0140	0.0086	0.0084	0.0006	0.0195	0.0279	0.0172	0.0056	0.0061	0.0021	0.0100	0.0110	0.0000	0.0024	0.0023	0.0029	0.5577	0.7476	0.1490	1.1631	1.3048	0.0256	0.1233	0.0826	0.1701	0.0518	0.0926	-0.0001	-0.0482	2.3559	1.8441	7.1930	10.4794	0.0002	0.0002	0.0000	0.0002	0.0002	0.0000	0.0001	0.0000	0.0000	0.1290	0.1181	0.0109	0.1124	0.1121	0.0003	0.0166	0.0059	0.0107	0.0425	0.0369	0.0056	0.0177	0.0161	0.0016	0.0248	0.0208	0.0040	0.2313	0.1579	0.0734	0.0966	0.0859	0.0107	0.1347	0.0720	0.0627	0.0100	0.0081	0.0140	0.0086	0.0084	0.0006	0.0195	0.0279	0.0172	0.5577	0.7476	0.1490	1.1631	1.3048	0.0256	0.1233	0.0826	0.1701
90	117	0.3814	4	0	1	1	1	0	0	0	0	N	N	N	N	N	N	N	N	N	N	N	N	1.5335	1.7936	0.0002	2.7547	2.7590	0.0000	0.0042	0.0122	0.0002	0.1040	0.1314	0.0000	0.2852	0.2963	0.0000	0.0001	0.0002	0.0000	0.0678	0.0733	0.0535	0.1035	0.1074	0.0777	0.0274	0.0133	0.0454	0.0000	0.2763	-0.0133	-0.0111	2.3559	10.5071	7.1930	20.2622	0.0300	0.0300	0.0000	0.0300	0.0300	0.0000	0.0000	0.0000	0.0000	0.0457	0.0358	0.0099	0.0371	0.0335	0.0036	0.0087	0.0024	0.0063	0.2888	0.2286	0.0602	0.1053	0.1013	0.0039	0.1835	0.1272	0.0563	0.6739	0.4888	0.1851	0.3579	0.3117	0.0462	0.3160	0.1772	0.1389	1.5335	1.7936	0.0002	2.7547	2.7590	0.0000	0.0042	0.0122	0.0002	0.0678	0.0733	0.0535	0.1035	0.1074	0.0777	0.0274	0.0133	0.0454
90	118	0.1452	3	0	1	1	1	0	0	0	0	N	N	N	N	N	N	N	N	N	N	N	N	0.0004	0.0003	0.0000	0.0000	0.0000	0.0000	0.0219	0.0140	0.0000	0.0003	0.0004	0.0000	0.0000	0.0000	0.0000	0.0004	0.0004	0.0000	0.7778	1.1693	0.0000	2.1698	2.4321	0.0000	0.0161	0.0298	0.0000	0.0000	0.0000	-0.0000	-0.1762	2.3559	4.0036	7.1930	26.5072	0.0000	0.0000	0.0000	0.0000	0.0000	0.0000	0.0000	0.0000	0.0000	0.3844	0.3844	0.0000	0.3793	0.3793	0.0000	0.0051	0.0051	0.0000	0.0655	0.0564	0.0091	0.0089	0.0085	0.0004	0.0566	0.0479	0.0088	0.4942	0.3288	0.1655	0.1748	0.1560	0.0188	0.3194	0.1728	0.1466	0.0004	0.0003	0.0000	0.0000	0.0000	0.0000	0.0219	0.0140	0.0000	0.7778	1.1693	0.0000	2.1698	2.4321	0.0000	0.0161	0.0298	0.0000
90	119	0.1837	4	0	1	1	0	0	0	0	0	N	N	N	N	N	N	N	N	N	N	N	N	0.0022	0.3433	0.0000	2.2175	2.6177	0.0000	0.0000	0.0000	0.0000	0.0047	0.0055	0.0000	0.0125	0.0140	0.0000	0.0000	0.0000	0.0000	2.1776	0.0161	8.1162	0.0056	0.0053	0.0081	3.5993	0.0274	8.6877	0.0000	194.4373	-0.0002	0.5081	2.3559	3.8169	7.1930	21.2433	0.0004	0.0004	0.0000	0.0004	0.0004	0.0000	0.0000	0.0000	0.0000	0.9471	0.0048	0.9423	0.0010	0.0008	0.0002	0.9461	0.0040	0.9421	0.0938	0.0803	0.0135	0.0355	0.0318	0.0037	0.0583	0.0485	0.0097	0.4349	0.3003	0.1346	0.1721	0.1531	0.0190	0.2629	0.1473	0.1156	0.0022	0.3433	0.0000	2.2175	2.6177	0.0000	0.0000	0.0000	0.0000	2.1776	0.0161	7.0006	0.0056	0.0053	0.0081	3.5993	0.0274	8.1491
90	120	0.5294	8	0	1	1	0	0	0	0	0	N	N	N	N	N	N	N	N	N	N	N	N	0.0151	0.0207	0.0346	0.1131	0.0491	1.2189	0.0075	0.0000	0.0234	0.0127	0.0011	0.0961	0.0076	0.0032	0.0913	0.0149	0.0000	0.0967	0.8433	0.0513	2.7735	0.0675	0.0660	0.0749	1.9786	0.0168	4.1427	12.6683	22.1996	0.0019	0.4586	2.3559	16.3276	7.1930	34.9199	0.0040	0.0003	0.0037	0.0007	0.0003	0.0004	0.0032	0.0000	0.0032	0.9199	0.0397	0.8802	0.0437	0.0357	0.0080	0.8761	0.0039	0.8722	0.3115	0.2733	0.0382	0.0940	0.0893	0.0047	0.2174	0.1839	0.0335	1.0908	0.7734	0.3174	0.6480	0.5411	0.1068	0.4428	0.2323	0.2105	0.0151	0.0207	0.0346	0.1131	0.0491	1.2189	0.0075	0.0000	0.0234	0.8433	0.0513	2.7735	0.0675	0.0660	0.0749	1.9786	0.0168	4.1427
90	121	0.5120	7	0	1	1	0	0	0	0	0	N	N	N	N	N	N	N	N	N	N	N	N	0.0297	0.0273	0.0629	0.0544	0.0489	0.1749	0.0173	0.0404	0.0475	0.0105	0.0046	0.0500	0.0115	0.0105	0.0341	0.0100	0.0017	0.0518	0.3520	0.1697	0.7946	0.2119	0.2150	0.1950	0.5790	0.0425	1.0907	1.5916	1.9285	0.0002	0.0513	2.3559	6.1757	7.1930	14.5601	0.0013	0.0005	0.0008	0.0004	0.0004	0.0001	0.0009	0.0001	0.0008	0.2565	0.0876	0.1689	0.0955	0.0818	0.0137	0.1610	0.0058	0.1552	0.1262	0.1099	0.0162	0.0381	0.0364	0.0016	0.0881	0.0735	0.0146	0.7288	0.5162	0.2126	0.4508	0.3805	0.0703	0.2780	0.1357	0.1423	0.0297	0.0273	0.0629	0.0544	0.0489	0.1749	0.0173	0.0404	0.0475	0.3520	0.1697	0.7946	0.2119	0.2150	0.1950	0.5790	0.0425	1.0907
90	122	0.4590	6	0	0	1	0	0	0	0	0	N	N	N	N	N	N	N	N	N	N	N	N	0.2339	0.2417	0.0368	0.3896	0.3485	0.0143	0.0195	0.0015	0.0293	0.1317	0.1698	0.0079	0.3384	0.3501	0.0005	0.0030	0.0001	0.0083	0.5630	0.7025	0.2149	0.8684	1.0046	0.0359	0.1562	0.0376	0.2847	0.0143	0.1226	-0.0131	-0.1569	2.3559	7.5400	7.1930	21.4192	0.0307	0.0303	0.0004	0.0303	0.0302	0.0000	0.0004	0.0000	0.0004	0.4493	0.4002	0.0491	0.3958	0.3935	0.0023	0.0535	0.0067	0.0468	0.2330	0.1782	0.0548	0.0894	0.0864	0.0030	0.1436	0.0918	0.0518	0.7980	0.5697	0.2283	0.4558	0.3917	0.0640	0.3423	0.1780	0.1643	0.2339	0.2417	0.0368	0.3896	0.3485	0.0143	0.0195	0.0015	0.0293	0.5630	0.7025	0.2149	0.8684	1.0046	0.0359	0.1562	0.0376	0.2847
90	123	0.2192	5	0	1	1	0	0	0	0	0	N	N	N	N	N	N	N	N	N	N	N	N	0.0010	0.0022	0.0000	0.0038	0.0042	0.0000	0.0000	0.0000	0.0000	0.0001	0.0002	0.0000	0.0005	0.0006	0.0000	0.0000	0.0000	0.0000	0.1363	0.0745	0.2768	0.1360	0.1350	0.1428	0.1365	0.0023	0.3057	0.0000	1.6335	-0.0000	0.0085	2.3559	4.0019	7.1930	19.5615	0.0000	0.0000	0.0000	0.0000	0.0000	0.0000	0.0000	0.0000	0.0000	0.0524	0.0199	0.0325	0.0226	0.0196	0.0030	0.0298	0.0003	0.0296	0.0715	0.0616	0.0099	0.0195	0.0178	0.0016	0.0521	0.0438	0.0083	0.3849	0.2673	0.1175	0.1663	0.1455	0.0209	0.2186	0.1219	0.0967	0.0010	0.0022	0.0000	0.0038	0.0042	0.0000	0.0000	0.0000	0.0000	0.1363	0.0745	0.2768	0.1360	0.1350	0.1428	0.1365	0.0023	0.3057
90	124	0.1971	4	0	0	1	0	0	0	0	0	N	N	N	N	N	N	N	N	N	N	N	N	0.0315	0.0251	0.0000	0.0313	0.0308	0.0000	0.0000	0.0000	0.0000	0.0056	0.0064	0.0000	0.0119	0.0131	0.0000	0.0000	0.0000	0.0000	0.1781	0.2554	0.0111	0.3793	0.4235	0.0098	0.0296	0.0459	0.0113	0.0000	0.0201	-0.0001	-0.0147	2.3559	1.2223	7.1930	8.2281	0.0002	0.0002	0.0000	0.0002	0.0002	0.0000	0.0000	0.0000	0.0000	0.0336	0.0329	0.0007	0.0304	0.0303	0.0001	0.0032	0.0026	0.0006	0.0315	0.0274	0.0040	0.0148	0.0135	0.0013	0.0166	0.0139	0.0027	0.1886	0.1289	0.0597	0.0801	0.0715	0.0086	0.1085	0.0574	0.0512	0.0315	0.0251	0.0000	0.0313	0.0308	0.0000	0.0000	0.0000	0.0000	0.1781	0.2554	0.0111	0.3793	0.4235	0.0098	0.0296	0.0459	0.0113
90	125	0.1452	3	0	0	1	0	0	0	0	0	N	N	N	N	N	N	N	N	N	N	N	N	160.2225	269.1331	0.0002	1030.5145	993.4888	0.0000	0.0002	0.0008	0.0002	3.1684	3.6782	0.0000	23.4336	24.4054	0.0000	0.0000	0.0000	0.0000	0.0198	0.0137	0.0318	0.0227	0.0246	0.0073	0.0181	0.0029	0.0350	0.0000	1.1836	-0.1361	0.0005	2.3559	5.9920	7.1930	12.2976	0.3085	0.3085	0.0000	0.3085	0.3085	0.0000	0.0000	0.0000	0.0000	0.0065	0.0030	0.0035	0.0028	0.0027	0.0001	0.0038	0.0003	0.0034	0.0974	0.0839	0.0135	0.0132	0.0126	0.0005	0.0842	0.0712	0.0130	0.3289	0.2180	0.1110	0.1210	0.1082	0.0128	0.2080	0.1098	0.0982	160.2225	269.1331	0.0002	1030.5145	993.4888	0.0000	0.0002	0.0008	0.0002	0.0198	0.0137	0.0318	0.0227	0.0246	0.0073	0.0181	0.0029	0.0350
90	126	0.1824	5	0	1	1	0	0	0	0	0	N	N	N	N	N	N	N	N	N	N	N	N	2.2628	0.1199	228.7407	0.0181	0.0140	0.8537	46.4571	3.2760	289.4342	0.5471	0.0410	3.6369	0.0089	0.0086	0.0188	0.6567	0.0486	3.7908	0.2418	0.3417	0.0159	0.4906	0.6087	0.0220	0.0141	0.0148	0.0131	14.5353	0.0206	0.0250	-0.0570	2.3559	5.0407	7.1930	17.1705	0.0506	0.0033	0.0473	0.0001	0.0001	0.0000	0.0504	0.0031	0.0473	0.1300	0.1274	0.0026	0.1260	0.1249	0.0011	0.0040	0.0025	0.0015	0.0924	0.0794	0.0130	0.0156	0.0151	0.0005	0.0768	0.0643	0.0125	0.5377	0.3728	0.1649	0.2569	0.2052	0.0517	0.2808	0.1676	0.1132	2.2628	0.1199	228.7407	0.0181	0.0140	0.8537	46.4571	3.2760	289.4342	0.2418	0.3417	0.0159	0.4906	0.6087	0.0220	0.0141	0.0148	0.0131
90	127	0.1664	4	0	1	1	0	0	0	0	0	N	N	N	N	N	N	N	N	N	N	N	N	0.0097	0.0030	10.0652	0.0213	0.0167	0.7566	0.0066	0.0001	6.6551	0.0053	0.0023	0.0228	0.0103	0.0105	0.0006	0.0042	0.0001	0.0235	0.5489	0.7691	0.0023	0.4845	0.6313	0.0007	0.6317	0.9800	0.0035	1.6716	0.0012	0.0000	-0.0850	2.3559	1.9703	7.1930	6.2034	0.0002	0.0001	0.0001	0.0001	0.0001	0.0000	0.0001	0.0000	0.0001	0.1859	0.1857	0.0002	0.0922	0.0922	0.0000	0.0937	0.0935	0.0002	0.0397	0.0339	0.0058	0.0073	0.0071	0.0002	0.0324	0.0268	0.0056	0.3386	0.2414	0.0972	0.1904	0.1460	0.0443	0.1483	0.0954	0.0529	0.0097	0.0030	10.0652	0.0213	0.0167	0.7566	0.0066	0.0001	6.6551	0.5489	0.7691	0.0023	0.4845	0.6313	0.0007	0.6317	0.9800	0.0035
90	128	0.1452	3	0	0	1	0	0	0	0	0	N	N	N	N	N	N	N	N	N	N	N	N	0.1056	0.0001	16.6796	0.0035	0.0049	0.0000	0.0762	0.0001	32.5597	0.0656	0.0001	0.4676	0.0001	0.0001	0.0000	0.0762	0.0001	0.4864	0.6215	0.9296	0.0280	0.0398	0.0299	0.1293	1.0002	1.9842	0.0149	585.9159	0.0157	0.0007	-0.0526	2.3559	1.1032	7.1930	7.8190	0.0012	0.0000	0.0012	0.0000	0.0000	0.0000	0.0012	0.0000	0.0012	0.1189	0.1170	0.0018	0.0030	0.0020	0.0010	0.1159	0.1150	0.0009	0.0185	0.0159	0.0026	0.0026	0.0025	0.0001	0.0159	0.0134	0.0025	0.1913	0.1259	0.0654	0.0754	0.0679	0.0075	0.1158	0.0580	0.0579	0.1056	0.0001	16.6796	0.0035	0.0049	0.0000	0.0762	0.0001	32.5597	0.6215	0.9296	0.0280	0.0398	0.0299	0.1293	1.0002	1.9842	0.0149
90	129	0.4883	7	0	1	1	0	0	0	0	0	N	N	N	N	N	N	N	N	N	N	N	N	98.4497	0.0000	24373.6126	4.0787	0.0000	87891.8487	989.5676	0.0000	13771.3016	0.0101	0.0000	0.1013	0.0006	0.0000	0.0108	0.0231	0.0000	0.1401	0.0001	0.0001	0.0000	0.0001	0.0002	0.0000	0.0000	0.0000	0.0000	inf	0.0105	0.0003	-0.0000	2.3559	1.0033	7.1930	0.8635	0.0006	0.0000	0.0006	0.0000	0.0000	0.0000	0.0006	0.0000	0.0006	0.0000	0.0000	0.0000	0.0000	0.0000	0.0000	0.0000	0.0000	0.0000	0.0580	0.0522	0.0058	0.0335	0.0317	0.0017	0.0246	0.0205	0.0041	0.3235	0.2407	0.0828	0.2250	0.1754	0.0496	0.0985	0.0653	0.0333	98.4497	0.0000	24373.6126	4.0787	0.0000	87891.8487	989.5676	0.0000	13771.3016	0.0001	0.0001	0.0000	0.0001	0.0002	0.0000	0.0000	0.0000	0.0000
90	130	0.4590	6	0	0	1	0	0	0	0	0	N	N	N	N	N	N	N	N	N	N	N	N	3.1850	0.0230	24.8088	0.1765	0.2074	0.4230	2.7584	0.0005	44.5451	1.3972	0.0121	5.4965	0.0273	0.0221	0.1891	2.3429	0.0009	5.7791	0.4387	0.5273	0.2216	0.1549	0.1066	0.4471	0.8494	1.5815	0.1297	153.3722	0.1716	0.1559	-0.0886	2.3559	5.5514	7.1930	9.9598	0.2821	0.0018	0.2803	0.0023	0.0018	0.0005	0.2799	0.0001	0.2798	0.2840	0.2424	0.0416	0.0593	0.0350	0.0243	0.2247	0.2074	0.0173	0.2019	0.1509	0.0510	0.0825	0.0799	0.0026	0.1195	0.0710	0.0484	0.6475	0.4598	0.1877	0.3829	0.3286	0.0543	0.2646	0.1311	0.1334	3.1850	0.0230	24.8088	0.1765	0.2074	0.4230	2.7584	0.0005	44.5451	0.4387	0.5273	0.2216	0.1549	0.1066	0.4471	0.8494	1.5815	0.1297
90	131	0.4287	5	0	0	1	0	0	0	0	0	N	N	N	N	N	N	N	N	N	N	N	N	1.0990	0.7910	2.0005	1.6491	1.5789	0.9358	0.8015	0.0037	1.7770	0.2076	0.1363	0.4568	0.3056	0.3135	0.0839	0.1550	0.0004	0.4780	0.1889	0.1723	0.2284	0.1853	0.1985	0.0897	0.1934	0.1131	0.2690	0.9597	0.5596	0.0026	-0.0120	2.3559	9.1969	7.1930	13.4651	0.0540	0.0276	0.0264	0.0278	0.0275	0.0003	0.0262	0.0000	0.0262	0.1207	0.0774	0.0433	0.0656	0.0618	0.0039	0.0551	0.0156	0.0395	0.2601	0.2022	0.0579	0.0909	0.0877	0.0031	0.1692	0.1144	0.0548	0.6390	0.4494	0.1897	0.3542	0.3112	0.0430	0.2849	0.1381	0.1467	1.0990	0.7910	2.0005	1.6491	1.5789	0.9358	0.8015	0.0037	1.7770	0.1889	0.1723	0.2284	0.1853	0.1985	0.0897	0.1934	0.1131	0.2690
90	132	0.2421	7	1	1	1	1	0	0	0	0	N	N	N	N	N	N	N	N	N	N	N	N	0.0000	0.0000	0.0000	0.0000	0.0000	0.0000	0.0000	0.0000	0.0000	0.0000	0.0000	0.0000	0.0000	0.0000	0.0000	0.0000	0.0000	0.0002	0.0002	0.0001	0.0004	0.0004	0.0001	0.0001	0.0000	0.0002	0.3054	0.0000	-0.0000	2.3559	1.0000	7.1930	3.0001	0.0000	0.0000	0.0000	0.0000	0.0000	0.0000	0.0000	0.0000	0.0000	0.0000	0.0000	0.0000	0.0000	0.0000	0.0000	0.0000	0.0000	0.0000	0.0178	0.0153	0.0025	0.0045	0.0041	0.0004	0.0133	0.0112	0.0022	0.0646	0.0440	0.0206	0.0256	0.0224	0.0031	0.0390	0.0216	0.0174	0.0000	0.0000	0.0000	0.0000	0.0000	0.0000	0.0000	0.0000	0.0000	0.0002	0.0002	0.0001	0.0004	0.0004	0.0001	0.0001	0.0000	0.0002		
90	133	0.6411	11	1	1	1	1	0	0	0	0	N	N	N	N	N	N	N	N	N	N	N	N	0.0037	58.3517	0.0000	0.0144	52.6448	0.0000	0.0000	0.0000	0.0002	0.0002	0.0000	0.0003	0.0003	0.0000	0.0000	0.0000	0.0000	0.0579	0.0000	0.2209	0.0218	0.0000	0.1845	0.0989	0.0000	0.2324	0.0000	18999.1585	-0.0000	0.0010	2.3559	0.0006	7.1930	1.9797	0.0000	0.0000	0.0000	0.0000	0.0000	0.0000	0.0000	0.0000	0.0000	0.0018	0.0000	0.0018	0.0004	0.0000	0.0004	0.0014	0.0000	0.0014	0.0000	0.0000	0.0000	0.0000	0.0000	0.0000	0.0000	0.0000	0.0000	0.0308	0.0228	0.0081	0.0164	0.0145	0.0019	0.0145	0.0083	0.0062	0.0037	58.3517	0.0000	0.0144	52.6448	0.0000	0.0000	0.0000	0.0000	0.0579	0.0000	0.2209	0.0218	0.0000	0.1845	0.0989	0.0000	0.2324	
90	134	0.6243	10	1	1	1	1	0	0	0	0	N	N	N	N	N	N	N	N	N	N	N	N	0.0001	0.0001	0.0000	0.0000	0.0000	0.0000	0.0001	0.0463	0.0000	0.0000	0.0000	0.0000	0.0000	0.0000	0.0000	0.0000	0.0000	0.0000	0.0017	0.0012	0.0031	0.0017	0.0019	0.0005	0.0017	0.0000	0.0040	0.0000	0.9426	-0.0000	0.0000	2.3559	2.0077	7.1930	6.0321	0.0000	0.0000	0.0000	0.0000	0.0000	0.0000	0.0000	0.0000	0.0000	0.0002	0.0001	0.0001	0.0001	0.0001	0.0000	0.0001	0.0000	0.0001	0.0344	0.0300	0.0044	0.0102	0.0095	0.0007	0.0242	0.0205	0.0038	0.1152	0.0848	0.0304	0.0611	0.0533	0.0078	0.0541	0.0314	0.0227	0.0001	0.0001	0.0000	0.0000	0.0000	0.0000	0.0001	0.0463	0.0000	0.0017	0.0012	0.0031	0.0017	0.0019	0.0005	0.0017	0.0000	0.0040
90	135	0.6196	10	0	1	1	1	0	0	0	0	N	N	N	N	N	N	N	N	N	N	N	N	0.0015	0.0013	0.0000	0.0025	0.0024	0.0000	0.0001	0.0015	0.0000	0.0000	0.0000	0.0000	0.0001	0.0001	0.0000	0.0000	0.0000	0.0000	0.0173	0.0221	0.0041	0.0326	0.0359	0.0081	0.0013	0.0001	0.0030	0.0000	0.0681	-0.0000	-0.0014	2.3559	3.0348	7.1930	9.3583	0.0000	0.0000	0.0000	0.0000	0.0000	0.0000	0.0000	0.0000	0.0000	0.0034	0.0032	0.0002	0.0033	0.0032	0.0001	0.0001	0.0000	0.0001	0.0530	0.0462	0.0068	0.0165	0.0155	0.0010	0.0365	0.0307	0.0058	0.1981	0.1450	0.0531	0.1013	0.0894	0.0119	0.0968	0.0556	0.0412	0.0015	0.0013	0.0000	0.0025	0.0024	0.0000	0.0001	0.0015	0.0000	0.0173	0.0221	0.0041	0.0326	0.0359	0.0081	0.0013	0.0001	0.0030
90	136	0.6052	9	0	0	1	1	0	0	0	0	N	N	N	N	N	N	N	N	N	N	N	N	0.0507	0.0219	0.2831	0.0098	0.0089	0.0294	0.1772	0.2047	0.3366	0.0017	0.0008	0.0072	0.0005	0.0005	0.0009	0.0023	0.0010	0.0081	0.0332	0.0360	0.0254	0.0518	0.0552	0.0294	0.0128	0.0047	0.0241	1.4732	0.2596	0.0000	-0.0008	2.3559	0.0433	7.1930	6.6805	0.0000	0.0000	0.0000	0.0000	0.0000	0.0000	0.0000	0.0000	0.0000	0.0033	0.0026	0.0007	0.0027	0.0025	0.0002	0.0006	0.0001	0.0005	0.0009	0.0007	0.0001	0.0003	0.0003	0.0000	0.0006	0.0005	0.0001	0.0983	0.0719	0.0265	0.0514	0.0446	0.0068	0.0470	0.0273	0.0197	0.0507	0.0219	0.2831	0.0098	0.0089	0.0294	0.1772	0.2047	0.3366	0.0332	0.0360	0.0254	0.0518	0.0552	0.0294	0.0128	0.0047	0.0241
90	137	0.2718	9	0	1	1	1	0	0	0	0	N	N	N	N	N	N	N	N	N	N	N	N	0.0000	0.0000	0.0000	0.0000	0.0000	0.0000	0.0000	0.0000	0.0000	0.0000	0.0000	0.0000	0.0000	0.0000	0.0000	0.0000	0.0000	0.0000	0.0000	0.0000	2.3559	0.0000	7.1930	0.0000	0.0000	0.0000	0.0000	0.0000	0.0000	0.0000	0.0000	0.0000	0.0000	0.0000	0.0000	0.0000	0.0000	0.0000	0.0000	0.0000	0.0000	0.0000	0.0000	0.0000	0.0000	0.0000	0.0000	0.0000	0.0000	0.0000	0.0000	0.0000	0.0000	0.0000	0.0000	0.0000	0.0000	0.0000	0.0000	0.0000	0.0000	0.0000	0.0000	0.0000	0.0000	0.0000	0.0000	0.0000	0.0000	0.0000	0.0000	0.0000	0.0000	0.0000	0.0000	0.0000	0.0000	0.0000											
90	138	0.2667	8	0	1	1	1	0	0	0	0	N	N	N	N	N	N	N	N	N	N	N	N	0.0000	0.0000	0.0000	0.0000	0.0000	0.0000	0.0000	0.0000	0.0000	0.0000	0.0000	0.0000	0.0000	0.0000	0.0000	0.0000	0.0012	0.0000	0.0039	0.0000	0.0000	0.0000	0.0020	0.0000	0.0045	701.4667	0.0000	0.0000	2.3559	0.0021	7.1930	2.0000	0.0000	0.0000	0.0000	0.0000	0.0000	0.0000	0.0000	0.0000	0.0000	0.0000	0.0000	0.0000	0.0000	0.0000	0.0000	0.0000	0.0000	0.0000	0.0001	0.0001	0.0000	0.0001	0.0001	0.0000	0.0000	0.0000	0.0000	0.0320	0.0218	0.0102	0.0122	0.0109	0.0012	0.0199	0.0109	0.0090	0.0000	0.0000	0.0000	0.0000	0.0000	0.0000	0.0000	0.0000	0.0000	0.0012	0.0000	0.0039	0.0000	0.0000	0.0000	0.0020	0.0000	0.0045			
90	139	0.2565	7	0	0	1	1	0	0	0	0	N	N	N	N	N	N	N	N	N	N	N	N	0.0000	0.0000	0.0000	0.0000	0.0000	0.0000	0.0000	0.0000	0.0000	0.0000	0.0000	0.0000	0.0000	0.0000	0.0000	0.0000	0.0000	0.0000	0.0026	0.0032	0.0013	0.0066	0.0063	0.0093	0.0000	0.0000	0.0000	0.1884	0.0000	-0.0000	2.3559	1.0020	7.1930	3.0181	0.0000	0.0000	0.0000	0.0000	0.0000	0.0000	0.0000	0.0000	0.0000	0.0002	0.0001	0.0000	0.0002	0.0001	0.0000	0.0000	0.0000	0.0000	0.0179	0.0153	0.0025	0.0046	0.0042	0.0004	0.0133	0.0111	0.0022	0.0649	0.0441	0.0208	0.0252	0.0223	0.0028	0.0398	0.0218	0.0180	0.0000	0.0000	0.0000	0.0000	0.0000	0.0000	0.0000	0.0000	0.0000	0.0026	0.0032	0.0013	0.0066	0.0063	0.0093	0.0000	0.0000	0.0000	
90	140	0.2421	7	0	1	1	0	0	0	0	0	N	N	N	N	N	N	N	N	N	N	N	N	0.0000	0.0000	0.0000	0.0000	0.0000	0.0000	0.0000	0.0000	0.0000	0.0000	0.0000	0.0000	0.0000	0.0000	0.0000	0.0000	0.0000	0.0001	0.0000	0.0000	0.0001	0.0001	0.0000	0.0002	inf	0.0000	0.0000	2.3559	0.0000	7.1930	4.0001	0.0000	0.0000	0.0000	0.0000	0.0000	0.0000	0.0000	0.0000	0.0000	0.0000	0.0000	0.0000	0.0000	0.0000	0.0000	0.0000	0.0000	0.0000	0.0000	0.0000	0.0000	0.0000	0.0000	0.0000	0.0000	0.0000	0.0000	0.0646	0.0440	0.0206	0.0256	0.0224	0.0031	0.0390	0.0216	0.0174	0.0000	0.0000	0.0000	0.0000	0.0000	0.0000	0.0000	0.0000	0.0000	0.0000	0.0000	0.0001	0.0000	0.0000	0.0001	0.0001	0.0000	0.0002				
90	141	0.6198	9	0	1	1	0	0	0	0	0	N	N	N	N	N	N	N	N	N	N	N	N	0.0074	0.0000	0.5470	0.0000	0.0000	0.0000	1.0243	0.0000	3.0811	0.0000	0.0000	0.0000	0.0000	0.0000	0.0000	0.0000	0.0000	0.0000	0.0003	0.0003	0.0000	0.0005	0.0005	0.0001	0.0000	0.0000	0.0000	inf	0.0287	0.0000	-0.0000	2.3559	1.0003	7.1930	5.0186	0.0000	0.0000	0.0000	0.0000	0.0000	0.0000	0.0000	0.0000	0.0000	0.0000	0.0000	0.0000	0.0000	0.0000	0.0000	0.0000	0.0000	0.0000	0.0172	0.0149	0.0022	0.0051	0.0047	0.0003	0.0121	0.0102	0.0019	0.0876	0.0644	0.0232	0.0465	0.0406	0.0059	0.0411	0.0238	0.0173	0.0074	0.0000	0.5470	0.0000	0.0000	0.0000	1.0243	0.0000	3.0811	0.0003	0.0003	0.0000	0.0005	0.0005	0.0001	0.0000	0.0000	0.0000
90	142	0.2565	7	0	0	2	1	0	0	0	0	N	N	Y	N	N	N	N	N	N	N	N	N	0.0000	0.0000	0.0000	0.0000	0.0000	0.0000	0.0000	0.0000	0.0000	0.0000	0.0000	0.0000	0.0000	0.0000	0.0000	0.0000	0.0000	2.6325	3.8741	0.0000	10.8049	11.3626	0.0000	0.0033	0.0060	0.0000	0.0000	0.0000	-0.1721	2.3559	0.0001	7.1930	9.0026	0.0000	0.0000	0.0000	0.0000	0.0000	0.0000	0.0000	0.0000	0.0000	0.3755	0.3755	0.0000	0.3752	0.3752	0.0000	0.0003	0.0003	0.0000	0.0000	0.0000	0.0000	0.0000	0.0000	0.0000	0.0000	0.0000	0.0000	0.1426	0.0969	0.0457	0.0551	0.0490	0.0062	0.0875	0.0480	0.0395	0.0000	0.0000	0.0000	0.0000	0.0000	0.0000	0.0000	0.0000	0.0000	2.6325	3.8741	0.0000	6.8068	7.6633	0.0000	0.0033	0.0060	0.0000		
90	143	0.6052	9	0	0	2	1	0	0	0	0	N	N	Y	N	N	N	N	N	N	N	N	N	0.0000	0.0000	0.0000	0.0000	0.0000	0.0000	0.0000	0.0000	0.0000	0.0000	0.0000	0.0000	0.0000	0.0000	0.0000	0.0000	0.0000	0.0000	0.2121	0.2901	0.0003	0.4071	0.4686	0.0011	0.0002	0.0003	0.0000	0.0000	0.0004	-0.0000	-0.0140	2.3559	2.0061	7.1930	8.0425	0.0000	0.0000	0.0000	0.0000	0.0000	0.0000	0.0000	0.0000	0.0000	0.0306	0.0306	0.0000	0.0306	0.0306	0.0000	0.0000	0.0000	0.0000	0.0341	0.0298	0.0043	0.0104	0.0097	0.0007	0.0237	0.0200	0.0037	0.1442	0.1054	0.0388	0.0751	0.0652	0.0099	0.0691	0.0401	0.0290	0.0000	0.0000	0.0000	0.0000	0.0000	0.0000	0.0000	0.0000	0.0000	0.2121	0.2901	0.0003	0.4071	0.4686	0.0011	0.0002	0.0003	0.0000
90	144	0.5962	8	0	0	1	1	0	0	0	0	N	N	N	N	N	N	N	N	N	N	N	N	45.1077	62.7242	0.0000	119.4537	207.6053	0.0000	0.0000	0.0000	0.0000	0.0894	0.1033	0.0000	0.2747	0.2993	0.0000	0.0000	0.0000	0.0000	0.0020	0.0016	0.0029	0.0023	0.0014	0.0075	0.0016	0.0020	0.0010	0.0000	0.6292	-0.0014	-0.0000	2.3559	1.9550	7.1930	2.1189	0.0032	0.0032	0.0000	0.0032	0.0032	0.0000	0.0000	0.0000	0.0000	0.0002	0.0001	0.0001	0.0001	0.0001	0.0001	0.0001	0.0000	0.0000	0.0357	0.0309	0.0048	0.0116	0.0106	0.0010	0.0241	0.0202	0.0038	0.0870	0.0643	0.0227	0.0477	0.0410	0.0067	0.0393	0.0233	0.0160	45.1077	62.7242	0.0000	119.4537	207.6053	0.0000	0.0000	0.0000	0.0000	0.0020	0.0016	0.0029	0.0023	0.0014	0.0075	0.0016	0.0020	0.0010
90	145	0.5962	8	0	0	2	1	0	0	0	0	N	N	Y	N	N	N	N	N	N	N	N	N	0.0126	0.0000	4.3649	0.0000	0.0000	0.0000	0.0170	0.0000	10.5114	0.0004	0.0000	0.0026	0.0000	0.0000	0.0000	0.0005	0.0000	0.0033	0.0280	0.0380	0.0006	0.0257	0.0294	0.0014	0.0305	0.0522	0.0003	inf	0.0058	0.0000	-0.0040	2.3559	2.1261	7.1930	18.6477	0.0000	0.0000	0.0000	0.0000	0.0000	0.0000	0.0000	0.0000	0.0000	0.0087	0.0087	0.0001	0.0042	0.0042	0.0000	0.0045	0.0045	0.0000	0.0385	0.0334	0.0052	0.0124	0.0114	0.0010	0.0261	0.0219	0.0042	0.3125	0.2286	0.0839	0.1637	0.1419	0.0218	0.1488	0.0866	0.0621	0.0126	0.0000	4.3649	0.0000	0.0000	0.0000	0.0170	0.0000	10.5114	0.0280	0.0380	0.0006	0.0257	0.0294	0.0014	0.0305	0.0522	0.0003
90	146	0.2565	7	0	0	2	1	0	0	0	0	N	N	Y	N	N	N	N	N	N	N	N	N	0.0000	0.0000	0.0000	0.0000	0.0000	0.0000	0.0000	0.0000	0.0000	0.0000	0.0000	0.0000	0.0000	0.0000	0.0000	0.0000	0.0000	0.0000	0.0289	0.0423	0.0006	0.0744	0.0832	0.0048	0.0003	0.0005	0.0000	0.0072	0.0000	-0.0017	2.3559	2.0001	7.1930	5.9880	0.0000	0.0000	0.0000	0.0000	0.0000	0.0000	0.0000	0.0000	0.0000	0.0037	0.0037	0.0000	0.0037	0.0036	0.0000	0.0000	0.0000	0.0000	0.0355	0.0305	0.0050	0.0091	0.0084	0.0007	0.0264	0.0221	0.0043	0.1270	0.0863	0.0407	0.0491	0.0436	0.0055	0.0779	0.0427	0.0352	0.0000	0.0000	0.0000	0.0000	0.0000	0.0000	0.0000	0.0000	0.0000	0.0289	0.0423	0.0006	0.0744	0.0832	0.0048	0.0003	0.0005	0.0000	
90	147	0.2565	7	0	0	2	1	0	0	0	0	N	N	Y	N	N	N	N	N	N	N	N	N	0.0340	0.0270	0.0000	0.0140	0.0136	0.0000	0.4608	0.3028	0.0000	0.0025	0.0028	0.0000	0.0025	0.0027	0.0000	0.0024	0.0029	0.0000	0.0721	0.1057	0.0006	0.1803	0.2021	0.0049	0.0053	0.0095	0.0000	0.0000	0.0029	-0.0002	-0.0154	2.3559	9.0001	7.1930	23.0169	0.0004	0.0004	0.0000	0.0001	0.0001	0.0000	0.0003	0.0003	0.0000	0.0337	0.0336	0.0001	0.0322	0.0321	0.0001	0.0015	0.0015	0.0000	0.1551	0.1334	0.0217	0.0397	0.0365	0.0032	0.1154	0.0969	0.0185	0.4674	0.3182	0.1492	0.1786	0.1588	0.0198	0.2888	0.1593	0.1294	0.0340	0.0270	0.0000	0.0140	0.0136	0.0000	0.4608	0.3028	0.0000	0.0721	0.1057	0.0006	0.1803	0.2021	0.0049	0.0053	0.0095	0.0000
90	148	0.2312	6	0	0	1	1	0	0	0	0	N	N	N	N	N	N	N	N	N	N	N	N	0.0007	0.0000	0.0023	0.0001	0.0000	0.1278	0.0007	0.0000	0.0022	0.0001	0.0000	0.0004	0.0000	0.0000	0.0001	0.0001	0.0000	0.0005	0.0920	0.0466	0.1879	0.0682	0.0773	0.0007	0.1086	0.0113	0.2213	inf	1.9107	0.0000	0.0031	2.3559	1.9990	7.1930	7.9526	0.0000	0.0000	0.0000	0.0000	0.0000	0.0000	0.0000	0.0000	0.0000	0.0159	0.0055	0.0104	0.0048	0.0048	0.0000	0.0110	0.0006	0.0104	0.0357	0.0306	0.0051	0.0091	0.0084	0.0007	0.0266	0.0223	0.0043	0.1726	0.1171	0.0555	0.0710	0.0626	0.0084	0.1016	0.0545	0.0471	0.0007	0.0000	0.0023	0.0001	0.0000	0.1278	0.0007	0.0000	0.0022	0.0920	0.0466	0.1879	0.0682	0.0773	0.0007	0.1086	0.0113	0.2213
90	149	0.1992	5	1	1	1	0	0	0	0	0	N	N	N	N	N	N	N	N	N	N	N	N	2.0883	1.8458	3.6237	5.8514	7.5368	0.2398	0.8455	0.0000	4.6433	0.0381	0.0306	0.0797	0.0922	0.0984	0.0096	0.0167	0.0000	0.0901	0.0182	0.0166	0.0220	0.0158	0.0131	0.0400	0.0198	0.0201	0.0194	0.4716	0.5936	-0.0005	-0.0006	2.3559	5.3497	7.1930	17.2225	0.0042	0.0028	0.0013	0.0029	0.0028	0.0000	0.0013	0.0000	0.0013	0.0073	0.0046	0.0027	0.0024	0.0018	0.0006	0.0048	0.0027	0.0021	0.1098	0.0930	0.0168	0.0310	0.0289	0.0022	0.0787	0.0641	0.0146	0.3979	0.2750	0.1228	0.1546	0.1391	0.0155	0.2433	0.1360	0.1074	2.0883	1.8458	3.6237	5.8514	7.5368	0.2398	0.8455	0.0000	4.6433	0.0182	0.0166	0.0220	0.0158	0.0131	0.0400	0.0198	0.0201	0.0194
90	150	0.2301	6	0	1	1	0	0	0	0	0	N	N	N	N	N	N	N	N	N	N	N	N	0.0735	0.0700	0.0000	0.0953	0.0960	0.0000	0.0003	0.0359	0.0000	0.0128	0.0149	0.0000	0.0355	0.0379	0.0000	0.0000	0.0000	0.0000	0.1748	0.2133	0.0901	0.3728	0.3942	0.2143	0.0303	0.0003	0.0664	0.0000	0.1922	-0.0006	-0.0230	2.3559	3.6794	7.1930	17.4287	0.0013	0.0013	0.0000	0.0013	0.0013	0.0000	0.0000	0.0000	0.0000	0.0775	0.0650	0.0125	0.0697	0.0649	0.0048	0.0078	0.0000	0.0077	0.0993	0.0854	0.0138	0.0359	0.0337	0.0022	0.0634	0.0518	0.0116	0.4433	0.3047	0.1386	0.1870	0.1647	0.0222	0.2564	0.1400	0.1164	0.0735	0.0700	0.0000	0.0953	0.0960	0.0000	0.0003	0.0359	0.0000	0.1748	0.2133	0.0901	0.3728	0.3942	0.2143	0.0303	0.0003	0.0664
90	151	0.1992	5	0	1	1	0	0	0	0	0	N	N	N	N	N	N	N	N	N	N	N	N	0.0966	0.0649	0.5027	3.2240	3.6680	0.1472	0.0260	0.0027	0.5165	0.0254	0.0221	0.0433	0.0581	0.0618	0.0043	0.0112	0.0019	0.0488	0.2632	0.3399	0.0862	0.0180	0.0169	0.0291	0.4314	0.7006	0.0946	0.3687	0.1098	-0.0003	-0.0256	2.3559	3.4464	7.1930	10.1316	0.0020	0.0014	0.0005	0.0014	0.0014	0.0000	0.0006	0.0001	0.0005	0.0712	0.0641	0.0070	0.0020	0.0017	0.0003	0.0692	0.0624	0.0067	0.0772	0.0650	0.0122	0.0234	0.0219	0.0015	0.0539	0.0432	0.0107	0.2703	0.1887	0.0817	0.1100	0.0995	0.0105	0.1603	0.0891	0.0712	0.0966	0.0649	0.5027	3.2240	3.6680	0.1472	0.0260	0.0027	0.5165	0.2632	0.3399	0.0862	0.0180	0.0169	0.0291	0.4314	0.7006	0.0946
90	152	0.6266	11	1	1	1	0	0	0	0	0	N	N	N	N	N	N	N	N	N	N	N	N	0.0001	0.0000	0.5297	0.0000	0.0000	0.0000	0.0206	0.0003	1.8582	0.0006	0.0000	0.0044	0.0000	0.0000	0.0000	0.0008	0.0000	0.0051	6.7146	9.8598	0.0083	24.5970	25.3433	0.0244	0.0403	0.0672	0.0028	34.4193	0.0004	0.0000	-0.4630	2.3559	1.0143	7.1930	12.0086	0.0000	0.0000	0.0000	0.0000	0.0000	0.0000	0.0000	0.0000	0.0000	1.0110	1.0106	0.0004	1.0075	1.0072	0.0003	0.0035	0.0034	0.0001	0.0177	0.0154	0.0023	0.0053	0.0050	0.0003	0.0123	0.0104	0.0019	0.1831	0.1347	0.0484	0.0968	0.0845	0.0123	0.0864	0.0503	0.0361	0.0001	0.0000	0.5297	0.0000	0.0000	0.0000	0.0206	0.0003	1.8582	5.5203	7.5005	0.0083	10.4119	11.9229	0.0244	0.0403	0.0672	0.0028
90	153	0.6243	10	1	1	1	0	0	0	0	0	N	N	N	N	N	N	N	N	N	N	N	N	0.0027	0.0023	0.0056	0.0048	0.0045	0.0000	0.0011	0.0000	0.0062	0.0000	0.0000	0.0000	0.0001	0.0001	0.0000	0.0000	0.0000	0.0000	0.0065	0.0087	0.0001	0.0121	0.0138	0.0001	0.0001	0.0001	0.0001	0.0041	0.0040	-0.0000	-0.0000	2.3559	0.9811	7.1930	0.0216	0.0000	0.0000	0.0000	0.0000	0.0000	0.0000	0.0000	0.0000	0.0000	0.0001	0.0001	0.0000	0.0001	0.0001	0.0000	0.0000	0.0000	0.0000	0.0169	0.0148	0.0022	0.0050	0.0047	0.0003	0.0119	0.0101	0.0019	0.0149	0.0109	0.0039	0.0079	0.0069	0.0010	0.0070	0.0040	0.0029	0.0027	0.0023	0.0056	0.0048	0.0045	0.0000	0.0011	0.0000	0.0062	0.0065	0.0087	0.0001	0.0121	0.0138	0.0001	0.0001	0.0001	0.0001
90	154	0.6198	9	1	1	1	0	0	0	0	0	N	N	N	N	N	N	N	N	N	N	N	N	2.3394	0.0000	16.0284	0.0000	0.0000	0.0000	21.2964	0.0000	59.3879	0.0002	0.0000	0.0015	0.0000	0.0000	0.0000	0.0003	0.0000	0.0019	0.0001	0.0001	0.0001	0.0001	0.0001	0.0003	0.0000	0.0000	0.0000	inf	0.4055	0.0000	-0.0000	2.3559	0.0083	7.1930	2.0001	0.0000	0.0000	0.0000	0.0000	0.0000	0.0000	0.0000	0.0000	0.0000	0.0000	0.0000	0.0000	0.0000	0.0000	0.0000	0.0000	0.0000	0.0000	0.0002	0.0001	0.0000	0.0001	0.0001	0.0000	0.0001	0.0001	0.0000	0.0302	0.0222	0.0080	0.0161	0.0141	0.0020	0.0142	0.0082	0.0060	2.3394	0.0000	16.0284	0.0000	0.0000	0.0000	21.2964	0.0000	59.3879	0.0001	0.0001	0.0001	0.0001	0.0001	0.0003	0.0000	0.0000	0.0000
90	155	0.5962	8	0	1	1	0	0	0	0	0	N	N	N	N	N	N	N	N	N	N	N	N	0.0343	0.0001	0.5860	0.0001	0.0001	0.0000	1.5956	0.0000	4.2617	0.0003	0.0000	0.0020	0.0000	0.0000	0.0000	0.0004	0.0000	0.0024	0.0076	0.0092	0.0034	0.0141	0.0146	0.0109	0.0002	0.0000	0.0006	424.7926	0.1332	0.0000	-0.0005	2.3559	2.9180	7.1930	7.4065	0.0000	0.0000	0.0000	0.0000	0.0000	0.0000	0.0000	0.0000	0.0000	0.0013	0.0012	0.0002	0.0013	0.0012	0.0001	0.0000	0.0000	0.0000	0.0518	0.0450	0.0069	0.0163	0.0150	0.0013	0.0355	0.0299	0.0056	0.1746	0.1281	0.0465	0.0929	0.0803	0.0126	0.0817	0.0478	0.0339	0.0343	0.0001	0.5860	0.0001	0.0001	0.0000	1.5956	0.0000	4.2617	0.0076	0.0092	0.0034	0.0141	0.0146	0.0109	0.0002	0.0000	0.0006
90	156	0.5303	7	0	0	1	0	0	0	0	0	N	N	N	N	N	N	N	N	N	N	N	N	1.7691	1.7228	0.0331	2.4648	2.4485	0.0240	0.1160	0.2316	0.0366	0.0345	0.0400	0.0003	0.0771	0.0851	0.0002	0.0007	0.0008	0.0004	0.0195	0.0232	0.0095	0.0313	0.0347	0.0081	0.0063	0.0035	0.0100	0.0013	0.1514	-0.0034	-0.0032	2.3559	8.2479	7.1930	19.7214	0.0077	0.0077	0.0000	0.0076	0.0076	0.0000	0.0001	0.0001	0.0000	0.0097	0.0084	0.0013	0.0082	0.0080	0.0003	0.0015	0.0005	0.0010	0.2238	0.1930	0.0308	0.0990	0.0898	0.0093	0.1247	0.1032	0.0215	0.4963	0.3625	0.1338	0.2629	0.2289	0.0340	0.2334	0.1336	0.0998	1.7691	1.7228	0.0331	2.4648	2.4485	0.0240	0.1160	0.2316	0.0366	0.0195	0.0232	0.0095	0.0313	0.0347	0.0081	0.0063	0.0035	0.0100
90	157	0.4942	6	0	0	1	0	0	0	0	0	N	N	N	N	N	N	N	N	N	N	N	N	3.6188	3.6461	2.5323	7.2706	6.9109	0.0939	1.2534	0.8800	2.6067	0.1591	0.1942	0.0494	0.3406	0.3540	0.0017	0.0509	0.0501	0.0524	0.0440	0.0533	0.0195	0.0468	0.0512	0.0178	0.0406	0.0569	0.0201	0.0813	0.1390	-0.0128	-0.0068	2.3559	7.4725	7.1930	14.3153	0.0350	0.0323	0.0026	0.0279	0.0279	0.0000	0.0070	0.0044	0.0026	0.0201	0.0176	0.0025	0.0115	0.0109	0.0006	0.0086	0.0067	0.0019	0.2197	0.1665	0.0532	0.0821	0.0789	0.0031	0.1376	0.0876	0.0501	0.4567	0.3310	0.1256	0.2454	0.2133	0.0322	0.2112	0.1177	0.0935	3.6188	3.6461	2.5323	7.2706	6.9109	0.0939	1.2534	0.8800	2.6067	0.0440	0.0533	0.0195	0.0468	0.0512	0.0178	0.0406	0.0569	0.0201
90	158	0.4287	5	0	0	1	0	0	0	0	0	N	N	N	N	N	N	N	N	N	N	N	N	1.2091	0.6013	6.9961	1.1146	1.0175	3.5832	3.9526	0.1169	8.2340	0.1775	0.1094	0.4335	0.2698	0.2677	0.3263	0.1315	0.0016	0.4400	0.1468	0.1819	0.0620	0.2420	0.2631	0.0911	0.0333	0.0134	0.0534	1.0533	0.1413	0.0038	-0.0361	2.3559	11.6653	7.1930	19.4910	0.0528	0.0257	0.0271	0.0266	0.0255	0.0012	0.0261	0.0002	0.0259	0.1080	0.0946	0.0134	0.0968	0.0924	0.0045	0.0112	0.0023	0.0089	0.2973	0.2349	0.0624	0.0988	0.0952	0.0036	0.1985	0.1397	0.0589	0.7357	0.5200	0.2157	0.4000	0.3511	0.0489	0.3357	0.1689	0.1668	1.2091	0.6013	6.9961	1.1146	1.0175	3.5832	3.9526	0.1169	8.2340	0.1468	0.1819	0.0620	0.2420	0.2631	0.0911	0.0333	0.0134	0.0534
90	159	0.3814	4	0	0	1	0	0	0	0	0	N	N	N	N	N	N	N	N	N	N	N	N	2.0024	1.0353	9.5162	1.7074	1.5745	3.4668	3.5869	0.0009	10.2195	0.2266	0.1398	0.5254	0.2818	0.2844	0.2096	0.1906	0.0000	0.5459	0.1132	0.1350	0.0552	0.1651	0.1806	0.0605	0.0531	0.0529	0.0534	1.0913	0.1544	0.0044	-0.0236	2.3559	7.3933	7.1930	20.5306	0.0548	0.0262	0.0286	0.0269	0.0262	0.0007	0.0279	0.0000	0.0279	0.0727	0.0629	0.0097	0.0568	0.0541	0.0027	0.0158	0.0088	0.0070	0.2420	0.1875	0.0545	0.0955	0.0922	0.0033	0.1465	0.0954	0.0511	0.6421	0.4661	0.1760	0.3444	0.2997	0.0447	0.2978	0.1664	0.1314	2.0024	1.0353	9.5162	1.7074	1.5745	3.4668	3.5869	0.0009	10.2195	0.1132	0.1350	0.0552	0.1651	0.1806	0.0605	0.0531	0.0529	0.0534
90	160	0.1452	3	0	0	1	0	0	0	0	0	N	N	N	N	N	N	N	N	N	N	N	N	0.7137	0.5569	0.2236	79.5887	80.7324	0.0001	0.0012	0.0004	0.2606	0.6894	0.7953	0.0060	5.1949	5.4029	0.0000	0.0017	0.0009	0.0063	0.9659	1.4281	0.0269	0.0653	0.0669	0.0513	1.4116	2.5042	0.0240	0.0012	0.0093	-0.1243	-0.4594	2.3559	27.6416	7.1930	54.6365	0.2827	0.2823	0.0003	0.2820	0.2820	0.0000	0.0006	0.0003	0.0003	1.0228	1.0134	0.0094	0.0229	0.0210	0.0019	0.9999	0.9924	0.0075	0.4100	0.3550	0.0550	0.0543	0.0522	0.0021	0.3557	0.3028	0.0529	1.0588	0.7096	0.3492	0.3505	0.3133	0.0372	0.7083	0.3963	0.3120	0.7137	0.5569	0.2236	79.5887	80.7324	0.0001	0.0012	0.0004	0.2606	0.9659	1.4281	0.0269	0.0653	0.0669	0.0513	1.4116	2.5042	0.0240
90	161	0.2498	9	1	1	1	0	0	0	0	0	N	N	N	N	N	N	N	N	N	N	N	N	0.0000	0.0000	0.0000	0.0000	0.0000	0.0000	0.0000	0.0000	0.0000	0.0000	0.0000	0.0000	0.0000	0.0000	0.0000	0.0000	0.0000	0.0371	0.0000	0.1173	0.0157	0.0000	0.1319	0.0514	0.0000	0.1147	7909.7292	0.0000	0.0010	2.3559	0.0002	7.1930	3.0099	0.0000	0.0000	0.0000	0.0000	0.0000	0.0000	0.0000	0.0000	0.0000	0.0019	0.0000	0.0019	0.0003	0.0000	0.0003	0.0015	0.0000	0.0015	0.0000	0.0000	0.0000	0.0000	0.0000	0.0000	0.0000	0.0000	0.0000	0.0502	0.0343	0.0159	0.0201	0.0177	0.0024	0.0301	0.0166	0.0135	0.0000	0.0000	0.0000	0.0000	0.0000	0.0000	0.0000	0.0000	0.0000	0.0371	0.0000	0.1173	0.0157	0.0000	0.1319	0.0514	0.0000	0.1147		
90	162	0.2421	8	1	1	1	0	0	0	0	0	N	N	N	N	N	N	N	N	N	N	N	N	0.0000	0.0000	0.0000	0.0000	0.0000	0.0000	0.0000	0.0000	0.0000	0.0000	0.0000	0.0000	0.0000	0.0000	0.0000	0.0000	0.0000	0.0000	0.0038	0.0053	0.0008	0.0091	0.0103	0.0006	0.0003	0.0000	0.0008	0.0666	0.0000	-0.0001	2.3559	0.9998	7.1930	2.0118	0.0000	0.0000	0.0000	0.0000	0.0000	0.0000	0.0000	0.0000	0.0000	0.0002	0.0002	0.0000	0.0002	0.0002	0.0000	0.0000	0.0000	0.0000	0.0178	0.0153	0.0025	0.0045	0.0041	0.0004	0.0133	0.0111	0.0022	0.0488	0.0333	0.0156	0.0193	0.0170	0.0024	0.0295	0.0163	0.0132	0.0000	0.0000	0.0000	0.0000	0.0000	0.0000	0.0000	0.0000	0.0000	0.0038	0.0053	0.0008	0.0091	0.0103	0.0006	0.0003	0.0000	0.0008	
90	163	0.2421	7	1	1	1	0	0	0	0	0	N	N	N	N	N	N	N	N	N	N	N	N	0.0000	0.0000	0.0000	0.0000	0.0000	0.0000	0.0000	0.0000	0.0000	0.0000	0.0000	0.0000	0.0000	0.0000	0.0000	0.0000	0.0000	0.3918	0.3898	0.3964	0.5751	0.5767	0.5402	0.2169	0.0000	0.3858	0.4545	0.0000	-0.0000	2.3559	0.0000	7.1930	0.0003	0.0000	0.0000	0.0000	0.0000	0.0000	0.0000	0.0000	0.0000	0.0000	0.0000	0.0000	0.0000	0.0000	0.0000	0.0000	0.0000	0.0000	0.0000	0.0000	0.0000	0.0000	0.0000	0.0000	0.0000	0.0000	0.0000	0.0000	0.0000	0.0000	0.0000	0.0000	0.0000	0.0000	0.0000	0.0000	0.0000	0.0000	0.0000	0.0000	0.0000	0.0000	0.0000	0.0000	0.0000	0.0000	0.3918	0.3898	0.3964	0.5751	0.5767	0.5402	0.2169	0.0000	0.3858		
90	164	0.2312	6	0	1	1	0	0	0	0	0	N	N	N	N	N	N	N	N	N	N	N	N	0.0901	0.0000	0.1898	0.0326	0.0000	22.6878	0.0924	0.0000	0.1635	0.0071	0.0000	0.0399	0.0005	0.0000	0.0241	0.0117	0.0000	0.0408	0.0789	0.0150	0.2104	0.0158	0.0178	0.0011	0.1269	0.0114	0.2493	inf	6.7980	0.0000	0.0028	2.3559	0.0063	7.1930	4.3641	0.0000	0.0000	0.0000	0.0000	0.0000	0.0000	0.0000	0.0000	0.0000	0.0068	0.0009	0.0059	0.0006	0.0006	0.0000	0.0062	0.0003	0.0059	0.0003	0.0003	0.0001	0.0001	0.0001	0.0000	0.0002	0.0001	0.0001	0.0864	0.0581	0.0282	0.0374	0.0329	0.0044	0.0490	0.0252	0.0238	0.0901	0.0000	0.1898	0.0326	0.0000	22.6878	0.0924	0.0000	0.1635	0.0789	0.0150	0.2104	0.0158	0.0178	0.0011	0.1269	0.0114	0.2493
90	165	0.1992	5	0	0	1	0	0	0	0	0	N	N	N	N	N	N	N	N	N	N	N	N	0.2483	0.0002	13.7265	0.0054	0.0003	91.5049	5.8093	0.0005	13.4207	0.0219	0.0000	0.1345	0.0011	0.0001	0.0173	0.0317	0.0000	0.1506	0.0881	0.1218	0.0098	0.2069	0.2284	0.0002	0.0054	0.0008	0.0112	1023.3761	0.0346	0.0007	-0.0095	2.3559	2.5207	7.1930	10.0226	0.0013	0.0000	0.0013	0.0000	0.0000	0.0000	0.0013	0.0000	0.0013	0.0225	0.0217	0.0008	0.0217	0.0217	0.0000	0.0008	0.0001	0.0008	0.0612	0.0513	0.0099	0.0196	0.0184	0.0012	0.0416	0.0329	0.0088	0.2551	0.1784	0.0768	0.1046	0.0948	0.0099	0.1505	0.0836	0.0669	0.2483	0.0002	13.7265	0.0054	0.0003	91.5049	5.8093	0.0005	13.4207	0.0881	0.1218	0.0098	0.2069	0.2284	0.0002	0.0054	0.0008	0.0112
90	166	0.1837	4	0	0	1	0	0	0	0	0	N	N	N	N	N	N	N	N	N	N	N	N	0.5318	0.0837	12.1767	0.1199	0.1143	0.4206	5.3625	0.0032	19.0837	0.0314	0.0064	0.1793	0.0142	0.0148	0.0086	0.0437	0.0000	0.2584	0.0591	0.0770	0.0147	0.1181	0.1298	0.0204	0.0082	0.0038	0.0135	4.6930	0.0775	0.0009	-0.0041	2.3559	2.6894	7.1930	4.6619	0.0023	0.0004	0.0019	0.0004	0.0004	0.0000	0.0019	0.0000	0.0019	0.0106	0.0098	0.0008	0.0098	0.0096	0.0002	0.0008	0.0002	0.0006	0.0744	0.0636	0.0107	0.0310	0.0276	0.0034	0.0434	0.0360	0.0073	0.1790	0.1274	0.0516	0.0828	0.0740	0.0089	0.0962	0.0534	0.0428	0.5318	0.0837	12.1767	0.1199	0.1143	0.4206	5.3625	0.0032	19.0837	0.0591	0.0770	0.0147	0.1181	0.1298	0.0204	0.0082	0.0038	0.0135
90	167	0.1452	3	0	0	1	0	0	0	0	0	N	N	N	N	N	N	N	N	N	N	N	N	125.4772	518.8974	0.0721	2152.7673	2127.9759	0.2987	0.0202	0.0006	0.0661	6.6768	7.7570	0.0092	48.9460	50.9704	0.0036	0.0015	0.0000	0.0094	0.0532	0.0149	0.1274	0.0227	0.0240	0.0120	0.0722	0.0051	0.1424	0.0002	4.3947	-0.1359	0.0043	2.3559	2.7966	7.1930	8.5340	0.3083	0.3083	0.0001	0.3083	0.3083	0.0000	0.0001	0.0000	0.0001	0.0121	0.0022	0.0099	0.0020	0.0019	0.0001	0.0101	0.0004	0.0098	0.0462	0.0397	0.0064	0.0063	0.0060	0.0003	0.0399	0.0337	0.0062	0.2275	0.1501	0.0774	0.0875	0.0786	0.0089	0.1401	0.0716	0.0685	125.4772	518.8974	0.0721	2152.7673	2127.9759	0.2987	0.0202	0.0006	0.0661	0.0532	0.0149	0.1274	0.0227	0.0240	0.0120	0.0722	0.0051	0.1424
91	93	0.6629	8	1	1	0	0	0	0	0	0	N	N	N	N	N	N	N	N	N	N	N	N	0.1124	0.0389	8.5649	0.0691	0.0639	0.0030	2.0607	0.0004	12.4347	0.0095	0.0046	0.0520	0.0093	0.0098	0.0000	0.0098	0.0000	0.0675	0.0848	0.1172	0.0061	0.1339	0.1531	0.0077	0.0047	0.0039	0.0054	1.3382	0.0213	0.0001	-0.0142	4.9284	2.5103	11.0439	7.4742	0.0010	0.0004	0.0006	0.0004	0.0004	0.0000	0.0006	0.0000	0.0006	0.0324	0.0317	0.0007	0.0317	0.0315	0.0002	0.0007	0.0003	0.0004	0.1096	0.0981	0.0115	0.0483	0.0457	0.0027	0.0613	0.0524	0.0089	0.3817	0.2706	0.1111	0.2368	0.2054	0.0313	0.1450	0.0652	0.0798	0.1124	0.0389	8.5649	0.0691	0.0639	0.0030	2.0607	0.0004	12.4347	0.0848	0.1172	0.0061	0.1339	0.1531	0.0077	0.0047	0.0039	0.0054
91	94	0.6267	7	0	1	0	0	0	0	0	0	N	N	N	N	N	N	N	N	N	N	N	N	0.0088	0.0082	0.0038	0.0196	0.0175	0.0991	0.0004	0.0001	0.0023	0.0009	0.0009	0.0002	0.0021	0.0021	0.0003	0.0000	0.0000	0.0002	0.0974	0.1147	0.0516	0.1053	0.1223	0.0031	0.0853	0.0957	0.0738	0.0234	0.1705	-0.0001	-0.0139	4.9284	7.1305	11.0439	3.2426	0.0003	0.0003	0.0000	0.0003	0.0003	0.0000	0.0000	0.0000	0.0000	0.0445	0.0381	0.0065	0.0291	0.0290	0.0001	0.0154	0.0091	0.0064	0.3366	0.3025	0.0341	0.1374	0.1312	0.0062	0.1992	0.1713	0.0279	0.4576	0.3318	0.1258	0.2765	0.2369	0.0396	0.1811	0.0949	0.0862	0.0088	0.0082	0.0038	0.0196	0.0175	0.0991	0.0004	0.0001	0.0023	0.0974	0.1147	0.0516	0.1053	0.1223	0.0031	0.0853	0.0957	0.0738
91	95	0.1963	4	1	1	0	0	0	0	0	0	N	N	N	N	N	N	N	N	N	N	N	N	5.9642	3.7824	15.7834	0.0607	0.0552	0.1939	6.5808	28.5864	13.6601	6.4786	2.2123	37.0179	0.0478	0.0488	0.0228	9.1266	3.2300	40.6562	1.0862	0.5849	2.3454	0.7870	0.8830	0.1177	1.3869	0.1130	2.9763	2.3375	1.5966	0.7046	0.2270	4.9284	8.0000	11.0439	22.5660	2.7177	0.8143	1.9034	0.0058	0.0057	0.0001	2.7118	0.8085	1.9033	1.4506	0.5587	0.8919	0.5268	0.5169	0.0099	0.9238	0.0418	0.8821	0.4195	0.3681	0.0514	0.1224	0.1177	0.0046	0.2971	0.2503	0.0468	1.3354	0.9551	0.3803	0.6693	0.5854	0.0839	0.6661	0.3698	0.2964	5.9642	3.7824	15.7834	0.0607	0.0552	0.1939	6.5808	28.5864	13.6601	1.0862	0.5849	2.3454	0.7870	0.8830	0.1177	1.3869	0.1130	2.9763
91	96	0.1224	2	0	0	0	0	0	0	0	0	N	N	N	N	N	N	N	N	N	N	N	N	4.0575	22.1506	0.0013	3.3969	4.2579	0.0092	3.2946	224.1124	0.0012	1.2772	1.4565	0.0011	0.4431	0.4490	0.0035	1.5173	1.7952	0.0010	0.3148	0.0658	0.8393	0.1305	0.1054	0.3830	0.4606	0.0080	0.9036	0.0001	6.0602	-0.3309	0.1892	4.9284	11.9964	11.0439	18.8414	0.7504	0.7504	0.0001	0.0582	0.0582	0.0000	0.6922	0.6922	0.0001	0.4730	0.0670	0.4060	0.0866	0.0637	0.0229	0.3864	0.0033	0.3831	0.5876	0.5152	0.0724	0.1314	0.1296	0.0017	0.4562	0.3856	0.0706	1.5026	1.0189	0.4838	0.6636	0.6038	0.0598	0.8390	0.4151	0.4240	4.0575	22.1506	0.0013	3.3969	4.2579	0.0092	3.2946	224.1124	0.0012	0.3148	0.0658	0.8393	0.1305	0.1054	0.3830	0.4606	0.0080	0.9036
91	98	0.2268	6	1	1	1	0	0	0	0	0	N	N	N	N	N	N	N	N	N	N	N	N	9.0170	87.9551	0.0127	13.3983	118.7203	0.0074	0.0320	6.1180	0.0004	9.0939	10.9169	0.0410	18.4250	23.0840	0.0685	0.0197	0.0226	0.0005	1.0085	0.1241	3.2290	1.3752	0.1944	9.2977	0.6132	0.0037	1.3520	0.0008	10.3617	-0.3395	0.3497	4.9284	0.9502	11.0439	16.1595	0.7710	0.7704	0.0006	0.7701	0.7696	0.0006	0.0008	0.0008	0.0000	0.7708	0.0678	0.7030	0.5453	0.0671	0.4782	0.2256	0.0007	0.2248	0.0848	0.0706	0.0142	0.0418	0.0333	0.0085	0.0430	0.0372	0.0057	0.7643	0.5466	0.2177	0.3965	0.3451	0.0514	0.3678	0.2015	0.1663	9.0170	87.9551	0.0127	13.3983	118.7203	0.0074	0.0320	6.1180	0.0004	1.0085	0.1241	3.2290	1.3752	0.1944	9.2977	0.6132	0.0037	1.3520
91	99	0.1224	2	0	1	0	0	0	0	0	0	N	N	N	N	N	N	N	N	N	N	N	N	1.1004	1.3280	0.0535	2.4970	2.3706	0.0943	0.6997	1.0809	0.0492	0.7405	0.8388	0.0406	1.6655	1.6875	0.0197	0.4741	0.5534	0.0411	0.6729	0.6316	0.7588	0.6670	0.7118	0.2083	0.6776	0.5120	0.8350	0.0068	0.5775	-0.1890	-0.0864	4.9284	11.9964	11.0439	15.6499	0.4351	0.4321	0.0029	0.2188	0.2187	0.0000	0.2163	0.2134	0.0029	0.9368	0.5938	0.3430	0.4121	0.4006	0.0114	0.5247	0.1932	0.3315	0.5876	0.5152	0.0724	0.1314	0.1296	0.0017	0.4562	0.3856	0.0706	1.3921	0.9402	0.4519	0.6177	0.5628	0.0550	0.7744	0.3774	0.3970	1.1004	1.3280	0.0535	2.4970	2.3706	0.0943	0.6997	1.0809	0.0492	0.6729	0.6316	0.7588	0.6670	0.7118	0.2083	0.6776	0.5120	0.8350
91	100	0.2298	7	1	0	1	0	0	0	0	0	N	N	N	N	N	N	N	N	N	N	N	N	0.1212	0.0469	0.3002	1.0959	0.0029	53.9203	0.0106	0.1062	0.0045	0.1469	0.0150	1.0235	0.3733	0.0011	4.1844	0.0228	0.0233	0.0200	1.2121	0.3211	3.4092	0.3407	0.3796	0.0776	2.1505	0.2193	4.4140	10.2337	4.3063	0.0038	0.2851	4.9284	1.0008	11.0439	13.9255	0.0081	0.0007	0.0074	0.0073	0.0000	0.0073	0.0008	0.0007	0.0001	0.8072	0.1521	0.6551	0.1176	0.1142	0.0035	0.6895	0.0379	0.6516	0.0553	0.0480	0.0072	0.0196	0.0178	0.0017	0.0357	0.0302	0.0055	0.6659	0.4738	0.1921	0.3453	0.3008	0.0445	0.3206	0.1730	0.1476	0.1212	0.0469	0.3002	1.0959	0.0029	53.9203	0.0106	0.1062	0.0045	1.2121	0.3211	3.4092	0.3407	0.3796	0.0776	2.1505	0.2193	4.4140
91	101	0.2268	6	1	0	1	0	0	0	0	0	N	N	N	N	N	N	N	N	N	N	N	N	7.8904	12.6915	0.0115	0.3366	0.4164	0.0858	18.8286	37.8905	0.0111	1.1629	1.4906	0.0025	0.0372	0.0511	0.0024	3.6897	3.9800	0.0031	0.1474	0.1174	0.2172	0.1104	0.1226	0.0284	0.1960	0.1050	0.2785	0.0005	0.7932	-0.0186	-0.0004	4.9284	0.0532	11.0439	2.0467	0.0421	0.0421	0.0000	0.0009	0.0009	0.0000	0.0412	0.0412	0.0000	0.0248	0.0138	0.0110	0.0105	0.0102	0.0004	0.0142	0.0036	0.0106	0.0362	0.0282	0.0080	0.0250	0.0179	0.0072	0.0112	0.0103	0.0008	0.1680	0.1176	0.0504	0.0954	0.0830	0.0124	0.0726	0.0346	0.0381	7.8904	12.6915	0.0115	0.3366	0.4164	0.0858	18.8286	37.8905	0.0111	0.1474	0.1174	0.2172	0.1104	0.1226	0.0284	0.1960	0.1050	0.2785
91	102	0.2171	5	1	0	1	0	0	0	0	0	N	N	N	N	N	N	N	N	N	N	N	N	2.3014	7.6140	0.0058	3.9376	8.8241	0.0124	1.4509	6.7943	0.0006	0.5402	0.6358	0.0037	0.6270	0.7462	0.0076	0.4745	0.5541	0.0004	0.2347	0.0835	0.6331	0.1592	0.0846	0.6069	0.3270	0.0815	0.6436	0.0010	2.8772	-0.0348	0.0193	4.9284	2.0948	11.0439	3.0326	0.0791	0.0790	0.0001	0.0396	0.0395	0.0001	0.0396	0.0396	0.0000	0.0679	0.0175	0.0504	0.0254	0.0115	0.0138	0.0426	0.0060	0.0366	0.1465	0.1243	0.0222	0.0631	0.0529	0.0102	0.0834	0.0714	0.0120	0.2894	0.2098	0.0796	0.1592	0.1365	0.0228	0.1302	0.0733	0.0569	2.3014	7.6140	0.0058	3.9376	8.8241	0.0124	1.4509	6.7943	0.0006	0.2347	0.0835	0.6331	0.1592	0.0846	0.6069	0.3270	0.0815	0.6436
91	103	0.1963	4	1	0	1	0	0	0	0	0	N	N	N	N	N	N	N	N	N	N	N	N	44.4257	164.4767	0.0231	3.5108	5.7601	0.0164	44.3626	432.6590	0.0232	3.6727	4.1878	0.0052	0.1783	0.1852	0.0032	5.1219	6.0858	0.0054	0.0827	0.0255	0.2246	0.0508	0.0322	0.1949	0.1155	0.0141	0.2321	0.0002	3.5560	-0.3431	0.0127	4.9284	3.9484	11.0439	4.8420	0.7780	0.7779	0.0001	0.0111	0.0111	0.0000	0.7669	0.7668	0.0001	0.0394	0.0087	0.0308	0.0123	0.0069	0.0054	0.0272	0.0018	0.0254	0.2118	0.1857	0.0261	0.0621	0.0597	0.0024	0.1497	0.1260	0.0237	0.4771	0.3400	0.1371	0.2419	0.2142	0.0277	0.2352	0.1258	0.1094	44.4257	164.4767	0.0231	3.5108	5.7601	0.0164	44.3626	432.6590	0.0232	0.0827	0.0255	0.2246	0.0508	0.0322	0.1949	0.1155	0.0141	0.2321
91	104	0.1547	3	0	1	0	0	0	0	0	0	N	N	N	N	N	N	N	N	N	N	N	N	0.0051	0.0036	0.4117	0.0018	0.0016	0.0209	0.0108	0.0062	0.6611	0.0012	0.0012	0.0012	0.0006	0.0006	0.0002	0.0015	0.0015	0.0013	0.2268	0.3192	0.0029	0.3333	0.3730	0.0074	0.1375	0.2465	0.0019	0.1315	0.0037	-0.0002	-0.1908	4.9284	8.9557	11.0439	32.3127	0.0006	0.0005	0.0001	0.0001	0.0001	0.0000	0.0005	0.0004	0.0001	0.4197	0.4181	0.0016	0.2813	0.2806	0.0007	0.1384	0.1375	0.0009	0.5308	0.4700	0.0608	0.1876	0.1821	0.0055	0.3432	0.2879	0.0553	1.8502	1.3100	0.5402	0.8441	0.7523	0.0918	1.0061	0.5576	0.4484	0.0051	0.0036	0.4117	0.0018	0.0016	0.0209	0.0108	0.0062	0.6611	0.2268	0.3192	0.0029	0.3333	0.3730	0.0074	0.1375	0.2465	0.0019
91	105	0.1801	4	0	0	1	0	0	0	0	0	N	N	N	N	N	N	N	N	N	N	N	N	0.1544	0.0425	12.4505	0.0738	0.0642	33.6576	2.0871	0.0000	10.8797	0.0094	0.0035	0.0495	0.0091	0.0089	0.0165	0.0096	0.0000	0.0521	0.0610	0.0832	0.0040	0.1233	0.1386	0.0005	0.0046	0.0045	0.0048	2.0611	0.0185	0.0006	-0.0156	4.9284	4.2679	11.0439	7.8415	0.0025	0.0008	0.0017	0.0008	0.0008	0.0000	0.0016	0.0000	0.0016	0.0354	0.0347	0.0006	0.0340	0.0340	0.0000	0.0014	0.0008	0.0006	0.2617	0.2282	0.0336	0.0929	0.0905	0.0024	0.1688	0.1377	0.0311	0.5798	0.4179	0.1619	0.2758	0.2452	0.0306	0.3040	0.1727	0.1313	0.1544	0.0425	12.4505	0.0738	0.0642	33.6576	2.0871	0.0000	10.8797	0.0610	0.0832	0.0040	0.1233	0.1386	0.0005	0.0046	0.0045	0.0048
91	106	0.1547	3	0	0	0	0	0	0	0	0	N	N	N	N	N	N	N	N	N	N	N	N	0.1227	0.0980	0.1915	0.1283	0.1176	0.0396	0.1811	0.1560	0.1882	0.0141	0.0153	0.0041	0.0257	0.0265	0.0003	0.0056	0.0058	0.0046	0.1148	0.1559	0.0213	0.2005	0.2258	0.0074	0.0310	0.0372	0.0245	0.0317	0.0601	-0.0009	-0.0339	4.9284	1.9301	11.0439	9.0954	0.0022	0.0021	0.0001	0.0017	0.0017	0.0000	0.0005	0.0004	0.0001	0.0844	0.0796	0.0048	0.0729	0.0726	0.0003	0.0115	0.0071	0.0045	0.1548	0.1384	0.0164	0.0652	0.0631	0.0020	0.0897	0.0753	0.0144	0.7353	0.5109	0.2244	0.3635	0.3214	0.0422	0.3718	0.1895	0.1822	0.1227	0.0980	0.1915	0.1283	0.1176	0.0396	0.1811	0.1560	0.1882	0.1148	0.1559	0.0213	0.2005	0.2258	0.0074	0.0310	0.0372	0.0245
91	107	0.1224	2	0	0	0	0	0	0	0	0	N	N	N	N	N	N	N	N	N	N	N	N	1.3755	1.0639	0.0031	0.0850	0.0795	0.0002	4.0554	2.3975	0.0030	1.3448	1.5360	0.0003	0.1390	0.1409	0.0000	1.6978	2.0140	0.0003	0.9777	1.4438	0.1002	1.6362	1.7728	0.0512	0.4187	0.8401	0.1059	0.0000	0.0369	-0.1187	-0.3580	4.9284	3.9049	11.0439	9.6098	0.2692	0.2692	0.0000	0.0063	0.0063	0.0000	0.2629	0.2629	0.0000	0.8466	0.8165	0.0301	0.6506	0.6490	0.0016	0.1961	0.1676	0.0285	0.2002	0.1753	0.0249	0.0453	0.0447	0.0006	0.1548	0.1305	0.0243	0.8659	0.5656	0.3004	0.3976	0.3661	0.0315	0.4683	0.1995	0.2688	1.3755	1.0639	0.0031	0.0850	0.0795	0.0002	4.0554	2.3975	0.0030	0.9777	1.4438	0.1002	1.6362	1.7728	0.0512	0.4187	0.8401	0.1059
91	108	0.1435	4	0	1	0	0	0	0	0	0	N	N	N	N	N	N	N	N	N	N	N	N	10.2160	5.0771	73.3724	1.6708	1.4677	13.9629	12.5010	5.7176	61.1035	3.2312	1.9574	11.1236	0.5077	0.5112	0.3240	4.0953	2.5049	11.4781	0.3163	0.3855	0.1516	0.3039	0.3483	0.0232	0.3276	0.4381	0.1878	0.9172	0.1653	0.0531	-0.1562	4.9284	8.0392	11.0439	22.6195	1.4244	0.7430	0.6814	0.0539	0.0533	0.0006	1.3705	0.6897	0.6808	0.4937	0.4237	0.0700	0.2264	0.2240	0.0024	0.2673	0.1997	0.0677	0.4408	0.3796	0.0613	0.1062	0.1042	0.0019	0.3347	0.2753	0.0593	1.5609	1.0989	0.4620	0.7449	0.6432	0.1017	0.8161	0.4557	0.3603	10.2160	5.0771	73.3724	1.6708	1.4677	13.9629	12.5010	5.7176	61.1035	0.3163	0.3855	0.1516	0.3039	0.3483	0.0232	0.3276	0.4381	0.1878
91	109	0.1435	3	0	0	0	0	0	0	0	0	N	N	N	N	N	N	N	N	N	N	N	N	2.5552	1.9840	4.0932	2.3566	2.8585	0.0659	3.3477	0.5729	15.2695	0.9937	0.8019	1.4410	1.1092	1.1536	0.0501	0.8988	0.2324	1.5305	0.3889	0.4042	0.3520	0.4707	0.4036	0.7603	0.2685	0.4055	0.1002	0.7704	0.3620	-0.0003	-0.0338	4.9284	0.2031	11.0439	2.0398	0.0431	0.0243	0.0188	0.0217	0.0217	0.0000	0.0214	0.0027	0.0187	0.1754	0.1288	0.0466	0.1264	0.0880	0.0384	0.0490	0.0408	0.0082	0.0434	0.0304	0.0130	0.0196	0.0188	0.0008	0.0238	0.0116	0.0122	0.4511	0.3187	0.1325	0.2686	0.2181	0.0505	0.1825	0.1006	0.0819	2.5552	1.9840	4.0932	2.3566	2.8585	0.0659	3.3477	0.5729	15.2695	0.3889	0.4042	0.3520	0.4707	0.4036	0.7603	0.2685	0.4055	0.1002
91	110	0.7240	9	1	0	1	0	0	0	0	0	N	N	N	N	N	N	N	N	N	N	N	N	0.0313	0.0252	0.0000	0.0000	0.0356	0.0184	0.0000	0.0000	0.0000	0.0000	0.0000	0.0000	0.0000	0.0000	0.0000	0.0001	0.0001	0.0000	0.0000	0.0000	0.0000	0.0001	0.0004	0.0000	0.0000	0.0000	-0.0000	-0.0000	4.9284	0.0001	11.0439	0.0001	0.0000	0.0000	0.0000	0.0000	0.0000	0.0000	0.0000	0.0000	0.0000	0.0000	0.0000	0.0000	0.0000	0.0000	0.0000	0.0000	0.0000	0.0000	0.0034	0.0027	0.0007	0.0017	0.0017	0.0000	0.0017	0.0010	0.0007	0.0002	0.0001	0.0001	0.0001	0.0001	0.0000	0.0001	0.0000	0.0001	0.0313	0.0252	0.0000	0.0000	0.0000	0.0000	0.0356	0.0184	0.0000	0.0001	0.0001	0.0000	0.0000	0.0000	0.0000	0.0001	0.0004	0.0000			
91	111	0.7102	8	1	0	1	0	0	0	0	0	N	N	N	N	N	N	N	N	N	N	N	N	0.5203	0.5166	0.2392	0.0633	0.0005	8.8818	0.5823	0.6403	0.0007	0.0018	0.0020	0.0006	0.0002	0.0000	0.0042	0.0028	0.0032	0.0000	0.0035	0.0038	0.0026	0.0029	0.0034	0.0005	0.0048	0.0051	0.0043	0.0373	0.2209	-0.0001	-0.0002	4.9284	1.6718	11.0439	2.9223	0.0001	0.0001	0.0000	0.0000	0.0000	0.0000	0.0001	0.0001	0.0000	0.0008	0.0006	0.0001	0.0004	0.0004	0.0000	0.0004	0.0002	0.0001	0.0730	0.0653	0.0078	0.0265	0.0254	0.0011	0.0465	0.0399	0.0066	0.2211	0.1666	0.0545	0.1458	0.1213	0.0246	0.0753	0.0454	0.0299	0.5203	0.5166	0.2392	0.0633	0.0005	8.8818	0.5823	0.6403	0.0007	0.0035	0.0038	0.0026	0.0029	0.0034	0.0005	0.0048	0.0051	0.0043
91	112	0.6267	7	1	0	1	0	0	0	0	0	N	N	N	N	N	N	N	N	N	N	N	N	0.0182	0.0178	0.0067	0.0197	0.0175	0.0901	0.0263	0.1012	0.0002	0.0024	0.0026	0.0006	0.0035	0.0035	0.0034	0.0017	0.0020	0.0000	0.1326	0.1469	0.0942	0.1767	0.1998	0.0376	0.0664	0.0200	0.1205	0.0280	0.2372	-0.0006	-0.0262	4.9284	14.0283	11.0439	7.1084	0.0013	0.0013	0.0000	0.0007	0.0007	0.0000	0.0006	0.0006	0.0000	0.0981	0.0793	0.0188	0.0785	0.0761	0.0024	0.0196	0.0032	0.0164	0.5586	0.5008	0.0578	0.2142	0.2037	0.0105	0.3444	0.2971	0.0472	0.7397	0.5400	0.1997	0.4443	0.3810	0.0633	0.2953	0.1589	0.1364	0.0182	0.0178	0.0067	0.0197	0.0175	0.0901	0.0263	0.1012	0.0002	0.1326	0.1469	0.0942	0.1767	0.1998	0.0376	0.0664	0.0200	0.1205
91	113	0.5664	6	0	0	0	0	0	0	0	0	N	N	N	N	N	N	N	N	N	N	N	N	0.1664	0.1723	0.0396	0.1662	0.1552	0.0650	0.1632	0.1929	0.0320	0.0139	0.0153	0.0027	0.0136	0.0141	0.0021	0.0141	0.0163	0.0028	0.0833	0.0891	0.0686	0.0815	0.0908	0.0330	0.0862	0.0846	0.0881	0.0235	0.3001	-0.0030	-0.0149	4.9284	8.6129	11.0439	5.1709	0.0071	0.0069	0.0002	0.0028	0.0028	0.0000	0.0043	0.0042	0.0001	0.0653	0.0502	0.0151	0.0395	0.0369	0.0026	0.0258	0.0133	0.0125	0.5120	0.4519	0.0601	0.2058	0.1965	0.0093	0.3062	0.2554	0.0508	0.7837	0.5639	0.2198	0.4844	0.4065	0.0778	0.2993	0.1573	0.1420	0.1664	0.1723	0.0396	0.1662	0.1552	0.0650	0.1632	0.1929	0.0320	0.0833	0.0891	0.0686	0.0815	0.0908	0.0330	0.0862	0.0846	0.0881
91	114	0.4713	5	0	0	0	0	0	0	0	0	N	N	N	N	N	N	N	N	N	N	N	N	4.6832	5.0699	6.7972	12.4409	14.5831	0.2356	2.2320	0.0207	6.0739	0.4537	0.2682	1.4586	0.6224	0.6531	0.0194	0.3576	0.0015	1.6415	0.0969	0.0529	0.2146	0.0500	0.0448	0.0822	0.1602	0.0700	0.2703	1.0046	1.5166	0.0239	0.0221	4.9284	16.8607	11.0439	22.7724	0.3988	0.1990	0.1999	0.1986	0.1983	0.0003	0.2002	0.0006	0.1996	0.1533	0.0609	0.0924	0.0455	0.0350	0.0105	0.1078	0.0259	0.0819	0.8790	0.7419	0.1370	0.3191	0.3037	0.0154	0.5598	0.4383	0.1216	1.5826	1.1520	0.4306	0.9096	0.7821	0.1275	0.6730	0.3698	0.3031	4.6832	5.0699	6.7972	12.4409	14.5831	0.2356	2.2320	0.0207	6.0739	0.0969	0.0529	0.2146	0.0500	0.0448	0.0822	0.1602	0.0700	0.2703
91	115	0.2025	4	1	0	1	0	0	0	0	0	N	N	N	N	N	N	N	N	N	N	N	N	0.0086	0.0065	0.0000	0.0383	0.0399	0.0000	0.0000	0.0000	0.0000	0.0034	0.0040	0.0000	0.0095	0.0107	0.0000	0.0000	0.0000	0.0000	0.3945	0.6056	0.0020	0.2471	0.2686	0.0014	0.5477	1.4745	0.0021	0.0000	0.0018	-0.0001	-0.0886	4.9284	1.0009	11.0439	4.0038	0.0002	0.0002	0.0000	0.0002	0.0002	0.0000	0.0000	0.0000	0.0000	0.1941	0.1938	0.0003	0.0620	0.0619	0.0000	0.1322	0.1319	0.0003	0.0648	0.0556	0.0092	0.0232	0.0205	0.0027	0.0416	0.0351	0.0065	0.4920	0.3200	0.1721	0.2507	0.2305	0.0202	0.2413	0.0894	0.1519	0.0086	0.0065	0.0000	0.0383	0.0399	0.0000	0.0000	0.0000	0.0000	0.3945	0.6056	0.0020	0.2471	0.2686	0.0014	0.5477	1.4745	0.0021
91	116	0.1742	3	1	0	1	0	0	0	0	0	N	N	N	N	N	N	N	N	N	N	N	N	0.1053	0.4025	0.0111	0.0130	0.0123	0.0338	0.1105	15.0601	0.0114	0.1072	0.1176	0.0301	0.0054	0.0057	0.0007	0.1737	0.1997	0.0371	1.0176	0.2921	2.7057	0.4193	0.4662	0.0196	1.5725	0.0133	3.2493	0.0347	3.9805	-0.0052	0.2290	4.9284	1.8441	11.0439	10.4794	0.0127	0.0123	0.0004	0.0003	0.0003	0.0000	0.0125	0.0120	0.0004	0.6718	0.1349	0.5369	0.1332	0.1325	0.0007	0.5386	0.0024	0.5362	0.1187	0.1045	0.0142	0.0469	0.0443	0.0027	0.0717	0.0603	0.0115	0.6602	0.4617	0.1984	0.3177	0.2843	0.0334	0.3425	0.1775	0.1650	0.1053	0.4025	0.0111	0.0130	0.0123	0.0338	0.1105	15.0601	0.0114	1.0176	0.2921	2.7057	0.4193	0.4662	0.0196	1.5725	0.0133	3.2493
91	117	0.3585	3	0	1	0	1	0	0	0	0	N	N	N	N	N	N	N	N	N	N	N	N	0.6746	1.5767	0.0780	0.7192	0.8043	0.0030	0.5134	3.0792	0.0602	0.5354	0.6277	0.1445	0.3492	0.3637	0.0020	0.6532	0.8526	0.1571	0.7936	0.3981	1.8527	0.4856	0.4522	0.6456	1.2722	0.2769	2.6109	0.0544	1.7375	-0.1478	0.3162	4.9284	10.5071	11.0439	20.2622	0.3794	0.3599	0.0196	0.0959	0.0959	0.0000	0.2835	0.2640	0.0195	1.7935	0.6551	1.1383	0.6677	0.5146	0.1530	1.1258	0.1405	0.9853	0.7087	0.5733	0.1354	0.2747	0.2637	0.0110	0.4341	0.3096	0.1245	2.2599	1.6455	0.6144	1.3750	1.1380	0.2370	0.8849	0.5075	0.3774	0.6746	1.5767	0.0780	0.7192	0.8043	0.0030	0.5134	3.0792	0.0602	0.7936	0.3981	1.8527	0.4856	0.4522	0.6456	1.2722	0.2769	2.6109
91	118	0.1224	2	0	1	0	1	0	0	0	0	N	N	N	N	N	N	N	N	N	N	N	N	1.6475	1.2586	30.3595	0.1703	0.1567	7.7639	1.9922	1.1528	30.0099	1.3362	1.5029	0.1637	0.1302	0.1315	0.0324	1.6892	1.9728	0.1670	0.8110	1.1941	0.0054	0.7644	0.8396	0.0042	0.8479	1.7112	0.0056	0.0155	0.0021	-0.1165	-0.5510	4.9284	4.0036	11.0439	26.5072	0.2735	0.2693	0.0042	0.0060	0.0060	0.0000	0.2675	0.2633	0.0042	1.2078	1.2052	0.0026	0.5030	0.5028	0.0002	0.7048	0.7025	0.0023	0.2047	0.1792	0.0255	0.0463	0.0457	0.0006	0.1583	0.1335	0.0249	1.4892	1.0093	0.4799	0.6580	0.5988	0.0592	0.8312	0.4105	0.4207	1.6475	1.2586	30.3595	0.1703	0.1567	7.7639	1.9922	1.1528	30.0099	0.8110	1.1941	0.0054	0.7644	0.8396	0.0042	0.8479	1.7112	0.0056
91	119	0.1608	3	0	1	0	0	0	0	0	0	N	N	N	N	N	N	N	N	N	N	N	N	0.2983	0.3654	0.0020	1.2166	1.2720	0.0134	0.0748	0.0843	0.0012	0.0726	0.0844	0.0005	0.1500	0.1605	0.0014	0.0265	0.0325	0.0004	0.2432	0.2311	0.2733	0.1233	0.1262	0.1022	0.3549	0.3859	0.3162	0.0011	0.4785	-0.0085	-0.0416	4.9284	3.8169	11.0439	21.2433	0.0193	0.0193	0.0000	0.0149	0.0149	0.0000	0.0044	0.0044	0.0000	0.3090	0.2090	0.1000	0.0755	0.0680	0.0075	0.2335	0.1410	0.0925	0.2660	0.2284	0.0377	0.0991	0.0926	0.0065	0.1669	0.1357	0.0311	1.2703	0.9044	0.3659	0.6125	0.5391	0.0733	0.6578	0.3652	0.2926	0.2983	0.3654	0.0020	1.2166	1.2720	0.0134	0.0748	0.0843	0.0012	0.2432	0.2311	0.2733	0.1233	0.1262	0.1022	0.3549	0.3859	0.3162
91	120	0.5065	7	0	1	0	0	0	0	0	0	N	N	N	N	N	N	N	N	N	N	N	N	1.9417	0.0063	4.5889	2.5257	0.0154	7.9258	1.3889	0.0004	3.6240	1.3665	0.0015	8.6494	1.3576	0.0030	16.5103	1.3734	0.0001	6.3406	0.7038	0.2337	1.8848	0.5375	0.1918	2.0831	0.9888	0.3422	1.7496	1098.1459	3.2102	0.8124	0.6663	4.9284	16.3276	11.0439	34.9199	1.4560	0.0013	1.4547	0.6317	0.0013	0.6304	0.8243	0.0001	0.8243	2.1910	0.5204	1.6706	1.0570	0.3082	0.7487	1.1340	0.2121	0.9219	1.0655	0.8973	0.1682	0.4653	0.4271	0.0382	0.6002	0.4702	0.1300	3.1132	2.2269	0.8863	1.9664	1.6070	0.3594	1.1468	0.6199	0.5269	1.9417	0.0063	4.5889	2.5257	0.0154	7.9258	1.3889	0.0004	3.6240	0.7038	0.2337	1.8848	0.5375	0.1918	2.0831	0.9888	0.3422	1.7496
91	121	0.4891	6	0	1	0	0	0	0	0	0	N	N	N	N	N	N	N	N	N	N	N	N	1.6441	0.8343	4.1192	2.7768	1.4188	34.9124	0.9433	0.3403	2.0078	0.8685	0.3684	3.0424	1.3316	0.6537	19.5786	0.5818	0.1316	1.7357	0.5283	0.4415	0.7386	0.4795	0.4608	0.5608	0.6168	0.3868	0.8645	1.8998	0.6896	0.0748	-0.0553	4.9284	6.1757	11.0439	14.5601	0.3493	0.1205	0.2288	0.2048	0.0969	0.1078	0.1445	0.0235	0.1210	1.1010	0.6517	0.4494	0.6447	0.5033	0.1414	0.4563	0.1484	0.3079	0.4022	0.3270	0.0752	0.1538	0.1483	0.0055	0.2484	0.1787	0.0697	2.0843	1.4759	0.6084	1.3445	1.0923	0.2522	0.7398	0.3836	0.3562	1.6441	0.8343	4.1192	2.7768	1.4188	34.9124	0.9433	0.3403	2.0078	0.5283	0.4415	0.7386	0.4795	0.4608	0.5608	0.6168	0.3868	0.8645
91	122	0.4361	5	0	0	0	0	0	0	0	0	N	N	N	N	N	N	N	N	N	N	N	N	0.3900	0.2102	1.3798	0.5765	0.5357	0.2179	0.2559	0.0055	1.1523	0.3329	0.2021	0.7953	0.3830	0.3933	0.0747	0.2987	0.0084	0.8409	0.8534	0.9616	0.5764	0.6644	0.7342	0.3427	1.1674	1.5269	0.7298	1.1130	0.2340	0.0163	-0.5344	4.9284	7.5400	11.0439	21.4192	0.1900	0.0899	0.1001	0.0886	0.0880	0.0006	0.1013	0.0019	0.0995	1.9885	1.6114	0.3771	0.9663	0.8774	0.0889	1.0223	0.7340	0.2883	0.5707	0.4449	0.1258	0.2314	0.2239	0.0075	0.3393	0.2210	0.1183	2.3302	1.6758	0.6543	1.4544	1.1951	0.2593	0.8757	0.4807	0.3950	0.3900	0.2102	1.3798	0.5765	0.5357	0.2179	0.2559	0.0055	1.1523	0.8534	0.9616	0.5764	0.6644	0.7342	0.3427	1.1674	1.5269	0.7298
91	123	0.1963	4	0	1	0	0	0	0	0	0	N	N	N	N	N	N	N	N	N	N	N	N	0.0559	0.0691	0.0012	0.1638	0.1584	0.0000	0.0003	0.0000	0.0012	0.0145	0.0165	0.0004	0.0494	0.0514	0.0000	0.0001	0.0000	0.0004	0.2602	0.2393	0.3125	0.3018	0.3244	0.1424	0.2180	0.1027	0.3602	0.0032	0.5207	-0.0014	-0.0325	4.9284	4.0019	11.0439	19.5615	0.0031	0.0031	0.0000	0.0031	0.0031	0.0000	0.0000	0.0000	0.0000	0.2800	0.1841	0.0959	0.1633	0.1538	0.0096	0.1167	0.0304	0.0863	0.2146	0.1882	0.0264	0.0629	0.0605	0.0024	0.1517	0.1277	0.0240	1.0762	0.7694	0.3068	0.5412	0.4740	0.0672	0.5350	0.2954	0.2396	0.0559	0.0691	0.0012	0.1638	0.1584	0.0000	0.0003	0.0000	0.0012	0.2602	0.2393	0.3125	0.3018	0.3244	0.1424	0.2180	0.1027	0.3602
91	124	0.1742	3	0	0	0	0	0	0	0	0	N	N	N	N	N	N	N	N	N	N	N	N	0.0102	0.0102	0.0001	0.0217	0.0220	0.0002	0.0053	0.0045	0.0000	0.0037	0.0041	0.0000	0.0051	0.0054	0.0000	0.0025	0.0030	0.0000	0.3596	0.4061	0.2529	0.2351	0.2480	0.1238	0.4772	0.6693	0.2787	0.0005	0.2715	-0.0001	-0.0476	4.9284	1.2223	11.0439	8.2281	0.0003	0.0003	0.0000	0.0002	0.0002	0.0000	0.0001	0.0001	0.0000	0.1945	0.1529	0.0415	0.0618	0.0584	0.0034	0.1327	0.0946	0.0381	0.0854	0.0753	0.0100	0.0374	0.0351	0.0023	0.0480	0.0403	0.0077	0.5408	0.3766	0.1642	0.2627	0.2353	0.0274	0.2781	0.1413	0.1368	0.0102	0.0102	0.0001	0.0217	0.0220	0.0002	0.0053	0.0045	0.0000	0.3596	0.4061	0.2529	0.2351	0.2480	0.1238	0.4772	0.6693	0.2787
91	125	0.1224	2	0	0	0	0	0	0	0	0	N	N	N	N	N	N	N	N	N	N	N	N	5.1038	39.6598	0.0047	51.7726	54.6459	0.4282	1.9972	94.4910	0.0033	1.4108	1.6103	0.0035	3.1364	3.1782	0.0373	0.9081	1.0760	0.0027	0.2764	0.0406	0.7413	0.0606	0.0582	0.0870	0.4547	0.0114	0.8243	0.0003	9.2621	-0.1887	0.1290	4.9284	5.9920	11.0439	12.2976	0.4281	0.4280	0.0001	0.2147	0.2147	0.0000	0.2134	0.2133	0.0001	0.2904	0.0283	0.2621	0.0288	0.0253	0.0035	0.2616	0.0030	0.2587	0.3034	0.2658	0.0377	0.0685	0.0675	0.0009	0.2350	0.1982	0.0368	1.0507	0.6970	0.3536	0.4752	0.4354	0.0398	0.5754	0.2617	0.3138	5.1038	39.6598	0.0047	51.7726	54.6459	0.4282	1.9972	94.4910	0.0033	0.2764	0.0406	0.7413	0.0606	0.0582	0.0870	0.4547	0.0114	0.8243
91	126	0.1595	4	0	1	0	0	0	0	0	0	N	N	N	N	N	N	N	N	N	N	N	N	7.0009	5.3965	14.8693	0.4430	0.6850	0.0227	9.2563	7.2959	19.3568	5.5505	2.8220	21.4731	0.3493	0.3543	0.0539	7.3770	3.8767	22.1198	0.7928	0.5229	1.4441	0.7885	0.5171	2.3738	0.7970	0.5314	1.1427	1.3039	1.1444	0.2026	0.0726	4.9284	5.0407	11.0439	17.1705	1.6229	0.7044	0.9185	0.0265	0.0265	0.0001	1.5963	0.6779	0.9184	0.9645	0.4498	0.5147	0.4707	0.2636	0.2071	0.4937	0.1862	0.3076	0.2924	0.2496	0.0428	0.0760	0.0747	0.0013	0.2164	0.1749	0.0415	1.2165	0.8601	0.3564	0.5970	0.5097	0.0873	0.6195	0.3504	0.2692	7.0009	5.3965	14.8693	0.4430	0.6850	0.0227	9.2563	7.2959	19.3568	0.7928	0.5229	1.4441	0.7885	0.5171	2.3738	0.7970	0.5314	1.1427
91	127	0.1435	3	0	1	0	0	0	0	0	0	N	N	N	N	N	N	N	N	N	N	N	N	1.0763	0.6145	3.7115	1.2890	1.5297	0.0575	1.4190	0.0498	23.5724	0.2860	0.1773	0.7848	0.4755	0.4875	0.0358	0.2073	0.0117	0.8190	0.2657	0.2885	0.2115	0.3689	0.3187	0.6227	0.1461	0.2356	0.0347	0.9652	0.3067	0.0019	-0.0419	4.9284	1.9703	11.0439	6.2034	0.0389	0.0198	0.0191	0.0190	0.0189	0.0000	0.0199	0.0009	0.0191	0.1873	0.1434	0.0440	0.1397	0.1007	0.0389	0.0477	0.0426	0.0051	0.1361	0.1117	0.0244	0.0399	0.0389	0.0011	0.0961	0.0728	0.0233	0.7049	0.4970	0.2079	0.3786	0.3161	0.0625	0.3263	0.1809	0.1454	1.0763	0.6145	3.7115	1.2890	1.5297	0.0575	1.4190	0.0498	23.5724	0.2657	0.2885	0.2115	0.3689	0.3187	0.6227	0.1461	0.2356	0.0347
91	128	0.1224	2	0	0	0	0	0	0	0	0	N	N	N	N	N	N	N	N	N	N	N	N	31.7175	0.0884	370.6938	0.0342	0.0296	0.2954	55.8270	0.1193	489.0728	17.3849	0.0572	138.3867	0.0243	0.0200	0.3479	22.5334	0.0702	141.8203	0.5481	0.6476	0.3733	0.7115	0.6751	1.1777	0.4036	0.5885	0.2900	346.2235	0.3282	0.5581	-0.0789	4.9284	1.1032	11.0439	7.8190	1.0038	0.0029	1.0009	0.0003	0.0003	0.0001	1.0034	0.0026	1.0008	0.3734	0.2811	0.0923	0.2274	0.2001	0.0273	0.1459	0.0810	0.0649	0.0577	0.0505	0.0072	0.0132	0.0130	0.0002	0.0445	0.0375	0.0071	0.6812	0.4341	0.2471	0.3197	0.2965	0.0232	0.3615	0.1376	0.2239	31.7175	0.0884	370.6938	0.0342	0.0296	0.2954	55.8270	0.1193	489.0728	0.5481	0.6476	0.3733	0.7115	0.6751	1.1777	0.4036	0.5885	0.2900
91	129	0.4654	6	0	1	0	0	0	0	0	0	N	N	N	N	N	N	N	N	N	N	N	N	2.9554	1.1935	235.0978	1.9467	1.5548	28.7234	32.0507	0.0060	305.7136	0.0070	0.0039	0.0380	0.0066	0.0066	0.0046	0.0075	0.0000	0.0501	0.0024	0.0032	0.0002	0.0034	0.0043	0.0002	0.0002	0.0003	0.0002	0.9987	0.0196	0.0000	-0.0010	4.9284	1.0033	11.0439	0.8635	0.0008	0.0004	0.0004	0.0004	0.0004	0.0000	0.0004	0.0000	0.0004	0.0022	0.0021	0.0000	0.0021	0.0021	0.0000	0.0001	0.0000	0.0000	0.1159	0.1053	0.0107	0.0639	0.0611	0.0028	0.0520	0.0442	0.0078	0.9229	0.6635	0.2595	0.6286	0.4900	0.1387	0.2943	0.1735	0.1208	2.9554	1.1935	235.0978	1.9467	1.5548	28.7234	32.0507	0.0060	305.7136	0.0024	0.0032	0.0002	0.0034	0.0043	0.0002	0.0002	0.0003	0.0002
91	130	0.4361	5	0	0	0	0	0	0	0	0	N	N	N	N	N	N	N	N	N	N	N	N	2.8336	1.5404	12.9345	3.8253	3.6086	0.1710	2.0158	0.0067	15.3529	0.8049	0.5323	1.6725	0.9558	0.9845	0.0255	0.6945	0.0036	1.7648	0.2841	0.3456	0.1293	0.2499	0.2728	0.1493	0.3445	0.5386	0.1149	0.9873	0.1487	0.0217	-0.1812	4.9284	5.5514	11.0439	9.9598	0.3897	0.1961	0.1936	0.1957	0.1955	0.0002	0.1941	0.0006	0.1935	0.5509	0.4795	0.0713	0.3094	0.2750	0.0344	0.2415	0.2046	0.0369	0.4842	0.3684	0.1158	0.2047	0.1986	0.0061	0.2795	0.1698	0.1096	1.9392	1.3876	0.5515	1.2383	1.0079	0.2304	0.7009	0.3798	0.3212	2.8336	1.5404	12.9345	3.8253	3.6086	0.1710	2.0158	0.0067	15.3529	0.2841	0.3456	0.1293	0.2499	0.2728	0.1493	0.3445	0.5386	0.1149
91	131	0.4058	4	0	0	0	0	0	0	0	0	N	N	N	N	N	N	N	N	N	N	N	N	0.7252	0.4029	2.4344	1.2700	1.1580	0.2512	0.4173	0.0077	1.8550	0.3623	0.2225	0.8883	0.4529	0.4661	0.0354	0.3061	0.0071	0.9383	0.4996	0.5523	0.3649	0.3567	0.4024	0.1410	0.7336	0.9242	0.5059	1.0607	0.2588	0.0174	-0.2364	4.9284	9.1969	11.0439	13.4651	0.2367	0.1149	0.1219	0.1132	0.1129	0.0003	0.1235	0.0019	0.1216	0.9352	0.7430	0.1923	0.4146	0.3859	0.0287	0.5206	0.3571	0.1635	0.6534	0.5163	0.1372	0.2499	0.2423	0.0076	0.4035	0.2740	0.1296	1.8721	1.3452	0.5269	1.1625	0.9588	0.2036	0.7097	0.3864	0.3233	0.7252	0.4029	2.4344	1.2700	1.1580	0.2512	0.4173	0.0077	1.8550	0.4996	0.5523	0.3649	0.3567	0.4024	0.1410	0.7336	0.9242	0.5059
91	132	0.2193	6	1	1	0	1	0	0	0	0	N	N	N	N	N	N	N	N	N	N	N	N	0.0000	0.0000	0.0000	0.0000	0.0000	0.0000	0.0000	0.0000	0.0000	0.0000	0.0000	0.0000	0.0000	0.0000	0.0000	0.0000	0.0000	0.0000	0.0016	0.0022	0.0002	0.0034	0.0038	0.0000	0.0001	0.0000	0.0003	0.0419	0.0000	-0.0001	4.9284	1.0000	11.0439	3.0001	0.0000	0.0000	0.0000	0.0000	0.0000	0.0000	0.0000	0.0000	0.0000	0.0003	0.0003	0.0000	0.0003	0.0003	0.0000	0.0000	0.0000	0.0000	0.0531	0.0465	0.0066	0.0157	0.0151	0.0006	0.0374	0.0315	0.0060	0.1730	0.1228	0.0502	0.0810	0.0719	0.0092	0.0920	0.0510	0.0410	0.0000	0.0000	0.0000	0.0000	0.0000	0.0000	0.0000	0.0000	0.0000	0.0016	0.0022	0.0002	0.0034	0.0038	0.0000	0.0001	0.0000	0.0003	
91	133	0.6182	10	1	1	0	1	0	0	0	0	N	N	N	N	N	N	N	N	N	N	N	N	0.0011	1.7401	0.0000	0.0646	2.7552	0.0004	0.0000	0.0000	0.0000	0.0167	0.0188	0.0007	0.0236	0.0259	0.0012	0.0000	0.0000	0.0000	15.5801	0.0108	109.8797	0.3646	0.0094	2.8145	25.7559	0.0140	119.8177	0.0049	1326.7766	-0.0000	0.4478	4.9284	0.0006	11.0439	1.9797	0.0000	0.0000	0.0000	0.0000	0.0000	0.0000	0.0000	0.0000	0.0000	0.8280	0.0006	0.8274	0.0169	0.0004	0.0165	0.8111	0.0002	0.8109	0.0001	0.0001	0.0000	0.0000	0.0000	0.0000	0.0000	0.0000	0.0000	0.0792	0.0578	0.0214	0.0462	0.0404	0.0059	0.0329	0.0174	0.0155	0.0016	1.7401	0.0000	0.0646	2.7552	0.0004	0.0000	0.0000	0.0000	10.4592	0.0108	38.6637	0.3646	0.0094	2.8145	24.6289	0.0140	52.1651
91	134	0.6014	9	1	1	0	1	0	0	0	0	N	N	N	N	N	N	N	N	N	N	N	N	0.0002	0.0014	0.0001	0.0000	0.0000	0.0000	0.0002	0.0108	0.0001	0.0000	0.0000	0.0000	0.0000	0.0000	0.0000	0.0000	0.0000	0.0000	0.0507	0.0085	0.1708	0.0111	0.0114	0.0094	0.1071	0.0021	0.2420	0.2054	7.1008	-0.0000	0.0061	4.9284	2.0077	11.0439	6.0321	0.0000	0.0000	0.0000	0.0000	0.0000	0.0000	0.0000	0.0000	0.0000	0.0145	0.0018	0.0127	0.0019	0.0017	0.0002	0.0126	0.0001	0.0125	0.1044	0.0915	0.0128	0.0472	0.0448	0.0025	0.0571	0.0468	0.0104	0.2864	0.2119	0.0745	0.1683	0.1455	0.0228	0.1181	0.0664	0.0517	0.0002	0.0014	0.0001	0.0000	0.0000	0.0000	0.0002	0.0108	0.0001	0.0507	0.0085	0.1708	0.0111	0.0114	0.0094	0.1071	0.0021	0.2420
91	135	0.5967	9	0	1	0	1	0	0	0	0	N	N	N	N	N	N	N	N	N	N	N	N	0.0306	0.0330	0.0018	0.0458	0.0478	0.0003	0.0010	0.0001	0.0028	0.0079	0.0090	0.0004	0.0177	0.0186	0.0001	0.0001	0.0000	0.0005	0.2588	0.2733	0.2193	0.3854	0.3900	0.3558	0.0881	0.0260	0.1644	0.0064	0.2932	-0.0005	-0.0316	4.9284	3.0348	11.0439	9.3583	0.0012	0.0012	0.0000	0.0012	0.0012	0.0000	0.0000	0.0000	0.0000	0.1365	0.1056	0.0310	0.1168	0.1024	0.0144	0.0198	0.0032	0.0166	0.1571	0.1373	0.0197	0.0700	0.0663	0.0037	0.0871	0.0710	0.0161	0.5276	0.3864	0.1412	0.3030	0.2625	0.0405	0.2245	0.1238	0.1007	0.0306	0.0330	0.0018	0.0458	0.0478	0.0003	0.0010	0.0001	0.0028	0.2588	0.2733	0.2193	0.3854	0.3900	0.3558	0.0881	0.0260	0.1644
91	136	0.5823	8	0	0	0	1	0	0	0	0	N	N	N	N	N	N	N	N	N	N	N	N	0.0551	0.0209	0.8806	0.0102	0.0090	0.0441	0.1405	0.0441	0.9058	0.1444	0.0690	0.6157	0.0332	0.0338	0.0214	0.2367	0.1045	0.7249	2.6187	3.3065	0.6992	3.2684	3.7355	0.4856	1.6848	2.3697	0.8003	1.4252	0.0758	0.0001	-0.2602	4.9284	0.0433	11.0439	6.6805	0.0004	0.0001	0.0002	0.0000	0.0000	0.0000	0.0003	0.0001	0.0002	0.6708	0.6236	0.0472	0.4938	0.4832	0.0105	0.1771	0.1404	0.0367	0.0025	0.0022	0.0003	0.0011	0.0011	0.0001	0.0014	0.0011	0.0003	0.2562	0.1886	0.0676	0.1511	0.1294	0.0217	0.1051	0.0592	0.0459	0.0551	0.0209	0.8806	0.0102	0.0090	0.0441	0.1405	0.0441	0.9058	2.6187	3.3065	0.6992	3.2684	3.7355	0.4856	1.6848	2.3697	0.8003
91	137	0.2489	8	0	1	0	1	0	0	0	0	N	N	N	N	N	N	N	N	N	N	N	N	0.0000	0.0000	0.0000	0.0000	0.0000	0.0000	0.0000	0.0000	0.0000	0.0000	0.0000	0.0000	0.0000	0.0000	0.0000	0.0000	0.0000	0.0000	0.0000	0.0000	4.9284	0.0000	11.0439	0.0000	0.0000	0.0000	0.0000	0.0000	0.0000	0.0000	0.0000	0.0000	0.0000	0.0000	0.0000	0.0000	0.0000	0.0000	0.0000	0.0000	0.0000	0.0000	0.0000	0.0000	0.0000	0.0000	0.0000	0.0000	0.0000	0.0000	0.0000	0.0000	0.0000	0.0000	0.0000	0.0000	0.0000	0.0000	0.0000	0.0000	0.0000	0.0000	0.0000	0.0000	0.0000	0.0000	0.0000	0.0000	0.0000	0.0000	0.0000	0.0000	0.0000	0.0000	0.0000	0.0000	0.0000	0.0000											
91	138	0.2438	7	0	1	0	1	0	0	0	0	N	N	N	N	N	N	N	N	N	N	N	N	0.0000	0.0000	0.0000	0.0000	0.0000	0.0000	0.0000	0.0000	0.0000	0.0000	0.0000	0.0000	0.0000	0.0000	0.0000	0.0000	0.1345	0.0010	0.4473	0.0015	0.0017	0.0000	0.2495	0.0000	0.5417	187.4735	-0.0000	0.0062	4.9284	0.0021	11.0439	2.0000	0.0000	0.0000	0.0000	0.0000	0.0000	0.0000	0.0000	0.0000	0.0000	0.0115	0.0001	0.0114	0.0001	0.0001	0.0000	0.0114	0.0000	0.0114	0.0002	0.0002	0.0000	0.0001	0.0001	0.0000	0.0001	0.0001	0.0000	0.0854	0.0599	0.0255	0.0396	0.0352	0.0045	0.0458	0.0247	0.0211	0.0000	0.0000	0.0000	0.0000	0.0000	0.0000	0.0000	0.0000	0.0000	0.1345	0.0010	0.4473	0.0015	0.0017	0.0000	0.2495	0.0000	0.5417			
91	139	0.2336	6	0	0	0	1	0	0	0	0	N	N	N	N	N	N	N	N	N	N	N	N	0.0070	0.0058	0.0000	0.0114	0.0105	0.0000	0.0000	0.0000	0.0000	0.0002	0.0002	0.0000	0.0006	0.0007	0.0000	0.0000	0.0000	0.0000	0.0269	0.0370	0.0032	0.0554	0.0626	0.0017	0.0016	0.0000	0.0035	0.0000	0.0369	-0.0000	-0.0020	4.9284	1.0020	11.0439	3.0181	0.0000	0.0000	0.0000	0.0000	0.0000	0.0000	0.0000	0.0000	0.0000	0.0047	0.0045	0.0002	0.0045	0.0045	0.0000	0.0002	0.0000	0.0001	0.0532	0.0467	0.0066	0.0158	0.0152	0.0006	0.0374	0.0315	0.0059	0.1734	0.1216	0.0518	0.0814	0.0718	0.0096	0.0921	0.0498	0.0422	0.0070	0.0058	0.0000	0.0114	0.0105	0.0000	0.0000	0.0000	0.0000	0.0269	0.0370	0.0032	0.0554	0.0626	0.0017	0.0016	0.0000	0.0035
91	140	0.2193	6	0	1	0	0	0	0	0	0	N	N	N	N	N	N	N	N	N	N	N	N	0.0000	0.0000	0.0000	0.0000	0.0000	0.0000	0.0000	0.0000	0.0000	0.0000	0.0000	0.0000	0.0000	0.0000	0.0000	0.0000	0.0000	0.0000	0.0004	0.0006	0.0000	0.0009	0.0010	0.0000	0.0000	0.0000	0.0000	0.0198	0.0000	-0.0000	4.9284	0.0000	11.0439	4.0001	0.0000	0.0000	0.0000	0.0000	0.0000	0.0000	0.0000	0.0000	0.0000	0.0001	0.0001	0.0000	0.0001	0.0001	0.0000	0.0000	0.0000	0.0000	0.0000	0.0000	0.0000	0.0000	0.0000	0.0000	0.0000	0.0000	0.0000	0.1730	0.1228	0.0502	0.0810	0.0719	0.0092	0.0920	0.0510	0.0410	0.0000	0.0000	0.0000	0.0000	0.0000	0.0000	0.0000	0.0000	0.0000	0.0004	0.0006	0.0000	0.0009	0.0010	0.0000	0.0000	0.0000	0.0000	
91	141	0.5969	8	0	1	0	0	0	0	0	0	N	N	N	N	N	N	N	N	N	N	N	N	0.0455	0.0001	0.7214	0.0001	0.0001	0.0050	0.2647	0.0005	0.7401	0.0001	0.0000	0.0011	0.0000	0.0000	0.0000	0.0002	0.0000	0.0013	0.0029	0.0034	0.0015	0.0043	0.0049	0.0008	0.0009	0.0002	0.0018	572.9285	0.1534	0.0000	-0.0002	4.9284	1.0003	11.0439	5.0186	0.0000	0.0000	0.0000	0.0000	0.0000	0.0000	0.0000	0.0000	0.0000	0.0006	0.0006	0.0001	0.0006	0.0005	0.0000	0.0001	0.0000	0.0001	0.0522	0.0458	0.0064	0.0237	0.0224	0.0013	0.0285	0.0234	0.0052	0.2176	0.1610	0.0566	0.1279	0.1106	0.0173	0.0897	0.0504	0.0393	0.0455	0.0001	0.7214	0.0001	0.0001	0.0050	0.2647	0.0005	0.7401	0.0029	0.0034	0.0015	0.0043	0.0049	0.0008	0.0009	0.0002	0.0018
91	142	0.2336	6	0	0	1	1	0	0	0	0	N	N	N	N	N	N	N	N	N	N	N	N	0.0001	0.0001	0.0000	0.0002	0.0002	0.0000	0.0000	0.0000	0.0000	0.0001	0.0001	0.0000	0.0003	0.0003	0.0000	0.0000	0.0000	0.0000	1.3171	1.8763	0.0025	1.3025	1.4748	0.0057	1.3300	2.4515	0.0018	0.0000	0.0006	-0.0000	-0.2294	4.9284	0.0001	11.0439	9.0026	0.0000	0.0000	0.0000	0.0000	0.0000	0.0000	0.0000	0.0000	0.0000	0.5012	0.5009	0.0003	0.2320	0.2319	0.0001	0.2692	0.2690	0.0002	0.0000	0.0000	0.0000	0.0000	0.0000	0.0000	0.0000	0.0000	0.0000	0.3805	0.2669	0.1135	0.1781	0.1572	0.0209	0.2024	0.1097	0.0927	0.0001	0.0001	0.0000	0.0002	0.0002	0.0000	0.0000	0.0000	0.0000	1.3171	1.8763	0.0025	1.3025	1.4748	0.0057	1.3300	2.4515	0.0018
91	143	0.5823	8	0	0	1	1	0	0	0	0	N	N	N	N	N	N	N	N	N	N	N	N	0.5535	0.4706	0.0014	2.1205	1.9578	0.0000	0.0107	0.0074	0.0026	0.0740	0.0845	0.0000	0.1635	0.1728	0.0000	0.0023	0.0028	0.0000	0.1337	0.1796	0.0057	0.0771	0.0882	0.0099	0.2142	0.3779	0.0038	0.0000	0.0115	-0.0033	-0.0222	4.9284	2.0061	11.0439	8.0425	0.0076	0.0076	0.0000	0.0074	0.0074	0.0000	0.0001	0.0001	0.0000	0.0497	0.0492	0.0006	0.0169	0.0165	0.0003	0.0329	0.0326	0.0003	0.1021	0.0894	0.0127	0.0454	0.0430	0.0024	0.0567	0.0464	0.0103	0.3720	0.2738	0.0982	0.2185	0.1875	0.0310	0.1535	0.0863	0.0672	0.5535	0.4706	0.0014	2.1205	1.9578	0.0000	0.0107	0.0074	0.0026	0.1337	0.1796	0.0057	0.0771	0.0882	0.0099	0.2142	0.3779	0.0038
91	144	0.5733	7	0	0	0	1	0	0	0	0	N	N	N	N	N	N	N	N	N	N	N	N	122.4635	106.9916	19.4740	357.2698	325.1984	0.1740	0.2311	0.0000	31.0149	6.3410	7.3457	0.0649	13.5361	14.4022	0.0008	0.0168	0.0000	0.0813	0.0518	0.0687	0.0033	0.0379	0.0443	0.0045	0.0726	0.1203	0.0026	0.0014	0.0169	-0.3044	-0.0048	4.9284	1.9550	11.0439	2.1189	0.6924	0.6914	0.0010	0.6914	0.6914	0.0000	0.0010	0.0000	0.0010	0.0110	0.0108	0.0002	0.0048	0.0047	0.0001	0.0061	0.0061	0.0001	0.1092	0.0941	0.0151	0.0511	0.0480	0.0031	0.0581	0.0461	0.0120	0.2115	0.1568	0.0546	0.1270	0.1065	0.0204	0.0845	0.0503	0.0342	122.4635	106.9916	19.4740	357.2698	325.1984	0.1740	0.2311	0.0000	31.0149	0.0518	0.0687	0.0033	0.0379	0.0443	0.0045	0.0726	0.1203	0.0026
91	145	0.5733	7	0	0	1	1	0	0	0	0	N	N	N	N	N	N	N	N	N	N	N	N	0.0436	0.0002	2.2601	0.0023	0.0022	0.0041	0.0393	0.0000	4.9847	0.0250	0.0002	0.1820	0.0003	0.0003	0.0006	0.0466	0.0000	0.2283	0.5744	0.7502	0.0805	0.1376	0.1348	0.1546	1.1861	2.0433	0.0458	191.5634	0.0382	0.0016	-0.1856	4.9284	2.1261	11.0439	18.6477	0.0030	0.0000	0.0029	0.0000	0.0000	0.0000	0.0029	0.0000	0.0029	0.4402	0.4240	0.0162	0.0615	0.0516	0.0099	0.3787	0.3724	0.0063	0.1179	0.1018	0.0161	0.0550	0.0517	0.0033	0.0629	0.0501	0.0129	0.7664	0.5651	0.2013	0.4471	0.3829	0.0643	0.3193	0.1822	0.1370	0.0436	0.0002	2.2601	0.0023	0.0022	0.0041	0.0393	0.0000	4.9847	0.5744	0.7502	0.0805	0.1376	0.1348	0.1546	1.1861	2.0433	0.0458
91	146	0.2336	6	0	0	1	1	0	0	0	0	N	N	N	N	N	N	N	N	N	N	N	N	0.0100	0.0111	0.0000	0.1192	0.1112	0.0000	0.0000	0.0000	0.0000	0.0004	0.0004	0.0000	0.0013	0.0013	0.0000	0.0000	0.0000	0.0000	0.0380	0.0388	0.0360	0.0107	0.0119	0.0014	0.0620	0.0774	0.0438	0.0000	0.3943	-0.0000	-0.0023	4.9284	2.0001	11.0439	5.9880	0.0000	0.0000	0.0000	0.0000	0.0000	0.0000	0.0000	0.0000	0.0000	0.0129	0.0092	0.0036	0.0017	0.0017	0.0000	0.0112	0.0076	0.0036	0.1057	0.0927	0.0130	0.0313	0.0301	0.0012	0.0743	0.0625	0.0118	0.3390	0.2378	0.1012	0.1587	0.1401	0.0186	0.1803	0.0977	0.0826	0.0100	0.0111	0.0000	0.1192	0.1112	0.0000	0.0000	0.0000	0.0000	0.0380	0.0388	0.0360	0.0107	0.0119	0.0014	0.0620	0.0774	0.0438
91	147	0.2336	6	0	0	1	1	0	0	0	0	N	N	N	N	N	N	N	N	N	N	N	N	9.0117	8.3397	0.0065	2.5611	2.4206	0.0000	11.1007	9.1777	0.0064	1.6398	1.8679	0.0005	0.4327	0.4503	0.0000	2.1449	2.5440	0.0006	0.1820	0.2240	0.0825	0.1690	0.1860	0.0386	0.1932	0.2772	0.0922	0.0000	0.1557	-0.3311	-0.0729	4.9284	9.0001	11.0439	23.0169	0.7506	0.7506	0.0000	0.0584	0.0584	0.0000	0.6922	0.6922	0.0000	0.2252	0.1949	0.0303	0.0970	0.0945	0.0026	0.1282	0.1004	0.0278	0.4577	0.4018	0.0559	0.1350	0.1298	0.0053	0.3227	0.2721	0.0506	1.2377	0.8701	0.3676	0.5743	0.5079	0.0664	0.6634	0.3622	0.3012	9.0117	8.3397	0.0065	2.5611	2.4206	0.0000	11.1007	9.1777	0.0064	0.1820	0.2240	0.0825	0.1690	0.1860	0.0386	0.1932	0.2772	0.0922
91	148	0.2083	5	0	0	0	1	0	0	0	0	N	N	N	N	N	N	N	N	N	N	N	N	0.0032	0.0002	0.0132	0.0010	0.0006	0.2863	0.0031	0.0000	0.0122	0.0052	0.0002	0.0403	0.0010	0.0007	0.0084	0.0070	0.0000	0.0435	1.6551	0.9935	3.0531	0.9700	1.0719	0.0294	2.2923	0.8536	3.5727	25.7590	1.4546	0.0003	0.1175	4.9284	1.9990	11.0439	7.9526	0.0006	0.0000	0.0005	0.0000	0.0000	0.0000	0.0005	0.0000	0.0005	0.8757	0.3567	0.5189	0.2473	0.2466	0.0007	0.6284	0.1102	0.5182	0.1063	0.0930	0.0133	0.0315	0.0303	0.0012	0.0748	0.0628	0.0121	0.5291	0.3591	0.1700	0.2549	0.2300	0.0249	0.2741	0.1291	0.1450	0.0032	0.0002	0.0132	0.0010	0.0006	0.2863	0.0031	0.0000	0.0122	1.6551	0.9935	3.0531	0.9700	1.0719	0.0294	2.2923	0.8536	3.5727
91	149	0.1764	4	1	1	0	0	0	0	0	0	N	N	N	N	N	N	N	N	N	N	N	N	0.7970	0.0576	1.1661	0.0894	0.0534	0.6076	0.7225	0.0507	1.0495	0.7574	0.0117	3.1962	0.0156	0.0069	0.3449	1.1822	0.0158	3.3141	0.9503	0.2030	2.7409	0.1740	0.1298	0.5675	1.6363	0.3117	3.1578	83.6455	5.6355	0.1824	0.4173	4.9284	5.3497	11.0439	17.2225	0.3334	0.0039	0.3294	0.0025	0.0011	0.0014	0.3309	0.0029	0.3280	1.0675	0.1609	0.9066	0.0917	0.0615	0.0302	0.9757	0.0994	0.8764	0.4402	0.3371	0.1031	0.1603	0.1562	0.0041	0.2799	0.1809	0.0990	1.1233	0.7926	0.3308	0.5270	0.4738	0.0532	0.5963	0.3188	0.2775	0.7970	0.0576	1.1661	0.0894	0.0534	0.6076	0.7225	0.0507	1.0495	0.9503	0.2030	2.7409	0.1740	0.1298	0.5675	1.6363	0.3117	3.1578
91	150	0.2072	5	0	1	0	0	0	0	0	0	N	N	N	N	N	N	N	N	N	N	N	N	1.2161	18.2230	0.0014	3.5740	25.2263	0.0007	0.0026	0.0560	0.0018	0.6624	0.8498	0.0024	1.3882	1.4650	0.0024	0.0018	0.0015	0.0024	0.5447	0.0466	1.6420	0.3884	0.0581	3.5796	0.6923	0.0263	1.3107	0.0008	15.9815	-0.1243	0.3429	4.9284	3.6794	11.0439	17.4287	0.2823	0.2821	0.0002	0.2819	0.2819	0.0000	0.0004	0.0002	0.0002	0.7104	0.0418	0.6686	0.2461	0.0333	0.2128	0.4643	0.0085	0.4558	0.4262	0.3319	0.0942	0.2031	0.1924	0.0107	0.2231	0.1395	0.0836	1.3043	0.8971	0.4072	0.6337	0.5742	0.0594	0.6706	0.3228	0.3477	1.2161	18.2230	0.0014	3.5740	25.2263	0.0007	0.0026	0.0560	0.0018	0.5447	0.0466	1.6420	0.3884	0.0581	3.5796	0.6923	0.0263	1.3107
91	151	0.1764	4	0	1	0	0	0	0	0	0	N	N	N	N	N	N	N	N	N	N	N	N	4.9147	14.7743	1.0857	11.1629	12.3900	0.3716	2.9562	24.2293	0.9960	2.0631	2.4088	1.1163	2.5011	2.5573	0.1418	1.7828	2.2478	1.1505	0.4198	0.1630	1.0283	0.2241	0.2064	0.3818	0.6031	0.0928	1.1552	0.1692	2.6610	-0.2120	0.0879	4.9284	3.4464	11.0439	10.1316	0.7154	0.6119	0.1036	0.3384	0.3380	0.0004	0.3770	0.2739	0.1031	0.3274	0.0894	0.2380	0.0845	0.0700	0.0145	0.2429	0.0194	0.2235	0.3468	0.2540	0.0928	0.1353	0.1322	0.0031	0.2115	0.1219	0.0896	0.7801	0.5486	0.2315	0.3773	0.3393	0.0380	0.4028	0.2093	0.1935	4.9147	14.7743	1.0857	11.1629	12.3900	0.3716	2.9562	24.2293	0.9960	0.4198	0.1630	1.0283	0.2241	0.2064	0.3818	0.6031	0.0928	1.1552
91	152	0.6037	10	1	1	0	0	0	0	0	0	N	N	N	N	N	N	N	N	N	N	N	N	0.2823	0.1986	0.6333	0.0187	0.0252	0.0166	0.4223	1.1619	0.8103	0.0438	0.0132	0.2582	0.0025	0.0022	0.0070	0.0789	0.0240	0.3252	0.1552	0.0664	0.4077	0.1328	0.0875	0.4222	0.1869	0.0206	0.4013	2.7936	2.1567	0.0007	0.0158	4.9284	1.0143	11.0439	12.0086	0.0024	0.0006	0.0017	0.0001	0.0001	0.0000	0.0023	0.0006	0.0017	0.0705	0.0223	0.0481	0.0353	0.0201	0.0152	0.0351	0.0022	0.0329	0.0543	0.0475	0.0068	0.0249	0.0235	0.0014	0.0293	0.0240	0.0053	0.4542	0.3361	0.1181	0.2662	0.2302	0.0360	0.1880	0.1059	0.0821	0.2823	0.1986	0.6333	0.0187	0.0252	0.0166	0.4223	1.1619	0.8103	0.1552	0.0664	0.4077	0.1328	0.0875	0.4222	0.1869	0.0206	0.4013
91	153	0.6014	9	1	1	0	0	0	0	0	0	N	N	N	N	N	N	N	N	N	N	N	N	16.4219	25.5303	0.1023	36.1914	37.1752	0.0954	0.8346	6.9033	0.0938	0.0125	0.0143	0.0001	0.0269	0.0283	0.0001	0.0007	0.0008	0.0002	0.0008	0.0006	0.0013	0.0007	0.0008	0.0006	0.0008	0.0001	0.0017	0.0014	0.8445	-0.0003	-0.0000	4.9284	0.9811	11.0439	0.0216	0.0006	0.0006	0.0000	0.0006	0.0006	0.0000	0.0000	0.0000	0.0000	0.0000	0.0000	0.0000	0.0000	0.0000	0.0000	0.0000	0.0000	0.0000	0.0515	0.0451	0.0064	0.0233	0.0221	0.0012	0.0281	0.0230	0.0051	0.0370	0.0274	0.0096	0.0218	0.0188	0.0029	0.0152	0.0085	0.0067	16.4219	25.5303	0.1023	36.1914	37.1752	0.0954	0.8346	6.9033	0.0938	0.0008	0.0006	0.0013	0.0007	0.0008	0.0006	0.0008	0.0001	0.0017
91	154	0.5969	8	1	1	0	0	0	0	0	0	N	N	N	N	N	N	N	N	N	N	N	N	13.9673	0.4469	186.8922	0.6148	0.5924	0.4471	102.1677	0.1498	272.9815	0.0148	0.0006	0.1079	0.0010	0.0010	0.0003	0.0279	0.0000	0.1416	0.0011	0.0012	0.0006	0.0016	0.0018	0.0007	0.0003	0.0001	0.0005	30.0606	0.1652	0.0000	-0.0000	4.9284	0.0083	11.0439	2.0001	0.0000	0.0000	0.0000	0.0000	0.0000	0.0000	0.0000	0.0000	0.0000	0.0001	0.0001	0.0000	0.0001	0.0001	0.0000	0.0000	0.0000	0.0000	0.0005	0.0004	0.0001	0.0002	0.0002	0.0000	0.0002	0.0002	0.0000	0.0749	0.0554	0.0195	0.0440	0.0381	0.0059	0.0309	0.0173	0.0136	13.9673	0.4469	186.8922	0.6148	0.5924	0.4471	102.1677	0.1498	272.9815	0.0011	0.0012	0.0006	0.0016	0.0018	0.0007	0.0003	0.0001	0.0005
91	155	0.5733	7	0	1	0	0	0	0	0	0	N	N	N	N	N	N	N	N	N	N	N	N	0.1441	0.0009	5.2929	0.0009	0.0007	0.0091	4.1401	0.0240	14.0041	0.0187	0.0001	0.1395	0.0002	0.0002	0.0005	0.0346	0.0001	0.1745	0.1298	0.1663	0.0264	0.2143	0.2424	0.0538	0.0084	0.0054	0.0125	145.6292	0.0561	0.0016	-0.0225	4.9284	2.9180	11.0439	7.4065	0.0030	0.0000	0.0029	0.0000	0.0000	0.0000	0.0029	0.0000	0.0029	0.0556	0.0526	0.0029	0.0541	0.0521	0.0020	0.0015	0.0005	0.0009	0.1581	0.1371	0.0211	0.0730	0.0688	0.0042	0.0851	0.0683	0.0168	0.4282	0.3163	0.1119	0.2524	0.2147	0.0377	0.1758	0.1015	0.0742	0.1441	0.0009	5.2929	0.0009	0.0007	0.0091	4.1401	0.0240	14.0041	0.1298	0.1663	0.0264	0.2143	0.2424	0.0538	0.0084	0.0054	0.0125
91	156	0.5074	6	0	0	0	0	0	0	0	0	N	N	N	N	N	N	N	N	N	N	N	N	2.4172	3.0287	0.6110	2.0329	2.5130	0.6481	2.5579	2.6323	0.6505	0.1870	0.2090	0.0608	0.0898	0.0957	0.0537	0.3138	0.3598	0.0691	0.0774	0.0690	0.0996	0.0442	0.0381	0.0829	0.1227	0.1367	0.1063	0.0509	0.5413	-0.0557	-0.0100	4.9284	8.2479	11.0439	19.7214	0.1419	0.1350	0.0069	0.0386	0.0353	0.0033	0.1033	0.0997	0.0036	0.0930	0.0603	0.0326	0.0306	0.0228	0.0078	0.0623	0.0375	0.0249	0.7589	0.6460	0.1129	0.4297	0.3688	0.0608	0.3293	0.2772	0.0521	1.2018	0.8739	0.3279	0.6938	0.5998	0.0940	0.5080	0.2741	0.2339	2.4172	3.0287	0.6110	2.0329	2.5130	0.6481	2.5579	2.6323	0.6505	0.0774	0.0690	0.0996	0.0442	0.0381	0.0829	0.1227	0.1367	0.1063
91	157	0.4713	5	0	0	0	0	0	0	0	0	N	N	N	N	N	N	N	N	N	N	N	N	5.9102	7.0557	2.9012	1.7884	1.8638	0.2141	9.2422	17.3978	3.0109	0.5047	0.5496	0.3050	0.1612	0.1683	0.0191	0.7276	0.8735	0.3373	0.0854	0.0779	0.1051	0.0901	0.0903	0.0893	0.0787	0.0502	0.1120	0.1248	0.5126	-0.0803	-0.0111	4.9284	7.4725	11.0439	14.3153	0.2434	0.2164	0.0270	0.0306	0.0304	0.0002	0.2128	0.1859	0.0268	0.0931	0.0615	0.0315	0.0574	0.0493	0.0081	0.0357	0.0123	0.0234	0.4822	0.3937	0.0886	0.1898	0.1808	0.0090	0.2924	0.2128	0.0796	1.0899	0.7899	0.3000	0.6367	0.5458	0.0909	0.4531	0.2441	0.2090	5.9102	7.0557	2.9012	1.7884	1.8638	0.2141	9.2422	17.3978	3.0109	0.0854	0.0779	0.1051	0.0901	0.0903	0.0893	0.0787	0.0502	0.1120
91	158	0.4058	4	0	0	0	0	0	0	0	0	N	N	N	N	N	N	N	N	N	N	N	N	1.0480	0.4060	2.9155	0.8396	0.9309	0.1138	0.9731	0.0653	2.8090	0.2386	0.0806	0.8830	0.1546	0.1589	0.0284	0.2881	0.0173	0.9391	0.2276	0.1984	0.3029	0.1842	0.1707	0.2499	0.2961	0.2646	0.3343	2.6871	0.5925	0.0519	-0.0414	4.9284	11.6653	11.0439	19.4910	0.1804	0.0489	0.1315	0.0434	0.0431	0.0003	0.1370	0.0058	0.1312	0.4803	0.3016	0.1787	0.2376	0.1827	0.0549	0.2427	0.1189	0.1238	0.7564	0.6074	0.1489	0.2807	0.2715	0.0092	0.4757	0.3359	0.1398	2.1099	1.5198	0.5900	1.2903	1.0706	0.2198	0.8196	0.4493	0.3703	1.0480	0.4060	2.9155	0.8396	0.9309	0.1138	0.9731	0.0653	2.8090	0.2276	0.1984	0.3029	0.1842	0.1707	0.2499	0.2961	0.2646	0.3343
91	159	0.3585	3	0	0	0	0	0	0	0	0	N	N	N	N	N	N	N	N	N	N	N	N	2.1934	0.1914	30.7440	0.6266	0.5541	0.8227	2.3565	0.0089	25.4199	1.0822	0.1186	4.7713	0.2221	0.2283	0.0670	1.6817	0.0098	5.1612	0.4934	0.6196	0.1552	0.3544	0.4121	0.0814	0.7136	1.0930	0.2030	10.5072	0.0935	0.2961	-0.4027	4.9284	7.3933	11.0439	20.5306	0.6274	0.0545	0.5729	0.0529	0.0523	0.0006	0.5745	0.0023	0.5723	1.0799	0.9876	0.0923	0.4757	0.4567	0.0190	0.6042	0.5309	0.0733	0.5798	0.4597	0.1201	0.2381	0.2290	0.0092	0.3416	0.2307	0.1109	2.1889	1.5940	0.5949	1.3423	1.1083	0.2340	0.8466	0.4858	0.3609	2.1934	0.1914	30.7440	0.6266	0.5541	0.8227	2.3565	0.0089	25.4199	0.4934	0.6196	0.1552	0.3544	0.4121	0.0814	0.7136	1.0930	0.2030
91	160	0.1224	2	0	0	0	0	0	0	0	0	N	N	N	N	N	N	N	N	N	N	N	N	2.2527	1.9051	4.6000	1.7093	1.7602	0.0446	2.8737	2.4373	5.2751	0.9779	0.8716	1.7515	0.9556	0.9675	0.0289	0.9842	0.8404	1.7920	0.4341	0.4575	0.3807	0.5590	0.5497	0.6470	0.3425	0.3448	0.3397	0.2761	0.3649	-0.2741	-0.2434	4.9284	27.6416	11.0439	54.6365	1.2196	0.9557	0.2639	0.2608	0.2607	0.0001	0.9588	0.6950	0.2638	1.2745	0.9338	0.3408	0.6945	0.6172	0.0773	0.5800	0.3166	0.2634	1.2471	1.0964	0.1507	0.2729	0.2694	0.0035	0.9742	0.8270	0.1472	2.9360	2.0410	0.8950	1.2423	1.1228	0.1195	1.6937	0.9182	0.7755	2.2527	1.9051	4.6000	1.7093	1.7602	0.0446	2.8737	2.4373	5.2751	0.4341	0.4575	0.3807	0.5590	0.5497	0.6470	0.3425	0.3448	0.3397
91	161	0.2269	8	1	1	0	0	0	0	0	0	N	N	N	N	N	N	N	N	N	N	N	N	0.0001	0.0309	0.0000	0.0039	0.0533	0.0000	0.0000	0.0000	0.0000	0.0004	0.0004	0.0000	0.0010	0.0011	0.0000	0.0000	0.0000	0.0000	7.9665	0.0142	46.5101	0.2662	0.0197	2.2308	11.4830	0.0063	52.1383	0.0000	613.9824	-0.0000	0.4489	4.9284	0.0002	11.0439	3.0099	0.0000	0.0000	0.0000	0.0000	0.0000	0.0000	0.0000	0.0000	0.0000	0.8314	0.0014	0.8300	0.0168	0.0011	0.0157	0.8146	0.0002	0.8143	0.0000	0.0000	0.0000	0.0000	0.0000	0.0000	0.0000	0.0000	0.0000	0.1340	0.0951	0.0390	0.0631	0.0561	0.0070	0.0709	0.0390	0.0319	0.0001	0.0309	0.0000	0.0039	0.0533	0.0000	0.0000	0.0000	0.0000	6.2021	0.0142	21.3084	0.2662	0.0197	2.2308	11.4830	0.0063	25.5135
91	162	0.2193	7	1	1	0	0	0	0	0	0	N	N	N	N	N	N	N	N	N	N	N	N	0.0295	0.1028	0.0000	0.2118	0.2085	0.0000	0.0000	0.0000	0.0000	0.0008	0.0009	0.0000	0.0026	0.0027	0.0000	0.0000	0.0000	0.0000	0.0255	0.0084	0.0674	0.0121	0.0127	0.0067	0.0373	0.0022	0.0810	0.0000	3.2974	-0.0000	0.0010	4.9284	0.9998	11.0439	2.0118	0.0000	0.0000	0.0000	0.0000	0.0000	0.0000	0.0000	0.0000	0.0000	0.0033	0.0008	0.0026	0.0007	0.0007	0.0000	0.0026	0.0001	0.0025	0.0531	0.0465	0.0066	0.0157	0.0150	0.0006	0.0374	0.0315	0.0060	0.1308	0.0928	0.0379	0.0613	0.0543	0.0069	0.0695	0.0385	0.0310	0.0295	0.1028	0.0000	0.2118	0.2085	0.0000	0.0000	0.0000	0.0000	0.0255	0.0084	0.0674	0.0121	0.0127	0.0067	0.0373	0.0022	0.0810
91	163	0.2193	6	1	1	0	0	0	0	0	0	N	N	N	N	N	N	N	N	N	N	N	N	0.0000	0.0000	0.0000	0.0000	0.0000	0.0000	0.0000	0.0000	0.0000	0.0000	0.0000	0.0000	0.0000	0.0000	0.0000	0.0000	0.0000	0.0000	0.4290	0.2659	0.9771	0.4011	0.4021	0.3888	0.4566	0.0605	1.0823	1.0927	0.0000	0.0000	4.9284	0.0000	11.0439	0.0003	0.0000	0.0000	0.0000	0.0000	0.0000	0.0000	0.0000	0.0000	0.0000	0.0000	0.0000	0.0000	0.0000	0.0000	0.0000	0.0000	0.0000	0.0000	0.0000	0.0000	0.0000	0.0000	0.0000	0.0000	0.0000	0.0000	0.0000	0.0000	0.0000	0.0000	0.0000	0.0000	0.0000	0.0000	0.0000	0.0000	0.0000	0.0000	0.0000	0.0000	0.0000	0.0000	0.0000	0.0000	0.0000	0.4290	0.2659	0.9771	0.4011	0.4021	0.3888	0.4566	0.0605	1.0823	
91	164	0.2083	5	0	1	0	0	0	0	0	0	N	N	N	N	N	N	N	N	N	N	N	N	0.2374	0.0030	0.3426	0.0959	0.0065	1487.9834	0.2228	0.0002	0.3021	0.4820	0.0010	1.7836	0.0223	0.0017	1.2484	0.8482	0.0001	1.7985	2.0306	0.3380	5.2053	0.2323	0.2546	0.0008	3.8079	0.5279	5.9543	641.6114	8.2111	0.0003	0.2660	4.9284	0.0063	11.0439	4.3641	0.0005	0.0000	0.0005	0.0000	0.0000	0.0000	0.0005	0.0000	0.0005	0.6142	0.0667	0.5475	0.0349	0.0349	0.0000	0.5793	0.0318	0.5475	0.0011	0.0008	0.0003	0.0005	0.0005	0.0000	0.0006	0.0003	0.0003	0.3025	0.1973	0.1052	0.1503	0.1371	0.0132	0.1521	0.0602	0.0919	0.2374	0.0030	0.3426	0.0959	0.0065	1487.9834	0.2228	0.0002	0.3021	2.0306	0.3380	5.2053	0.2323	0.2546	0.0008	3.8079	0.5279	5.9543
91	165	0.1764	4	0	0	0	0	0	0	0	0	N	N	N	N	N	N	N	N	N	N	N	N	1.7034	0.0050	11.5706	0.0163	0.0055	133.9809	8.9660	0.0061	9.9474	1.0977	0.0039	3.7558	0.0181	0.0067	0.5267	1.8447	0.0002	3.8575	0.6444	0.7796	0.3246	1.1081	1.2316	0.0039	0.2057	0.0356	0.3878	396.1109	0.1760	0.1836	-0.1470	4.9284	2.5207	11.0439	10.0226	0.3300	0.0008	0.3292	0.0022	0.0008	0.0014	0.3278	0.0000	0.3278	0.4762	0.4049	0.0713	0.3981	0.3979	0.0001	0.0781	0.0070	0.0711	0.3007	0.2130	0.0877	0.1230	0.1203	0.0027	0.1777	0.0927	0.0850	0.7390	0.5194	0.2196	0.3592	0.3231	0.0361	0.3797	0.1963	0.1834	1.7034	0.0050	11.5706	0.0163	0.0055	133.9809	8.9660	0.0061	9.9474	0.6444	0.7796	0.3246	1.1081	1.2316	0.0039	0.2057	0.0356	0.3878
91	166	0.1608	3	0	0	0	0	0	0	0	0	N	N	N	N	N	N	N	N	N	N	N	N	1.9921	0.0275	54.9693	0.0668	0.0497	1.6245	5.6584	0.0042	61.2943	2.3171	0.0415	15.5427	0.1055	0.0895	0.3093	3.8079	0.0041	19.3421	1.1631	1.5104	0.2828	1.5800	1.8010	0.1904	0.6730	0.9703	0.3156	64.4715	0.0738	0.2615	-0.2571	4.9284	2.6894	11.0439	4.6619	0.4810	0.0073	0.4737	0.0088	0.0069	0.0019	0.4722	0.0004	0.4718	0.6600	0.6146	0.0454	0.4845	0.4765	0.0080	0.1755	0.1381	0.0374	0.2076	0.1771	0.0305	0.0836	0.0775	0.0061	0.1240	0.0996	0.0244	0.5674	0.4069	0.1605	0.3066	0.2646	0.0421	0.2608	0.1424	0.1184	1.9921	0.0275	54.9693	0.0668	0.0497	1.6245	5.6584	0.0042	61.2943	1.1631	1.5104	0.2828	1.5800	1.8010	0.1904	0.6730	0.9703	0.3156
91	167	0.1224	2	0	0	0	0	0	0	0	0	N	N	N	N	N	N	N	N	N	N	N	N	6.4987	12.8701	0.9566	23.9952	23.4888	1.3266	3.1781	10.0461	0.8931	3.0568	3.3763	0.8140	6.5173	6.6028	0.2084	2.0403	2.2666	0.8291	0.4704	0.2623	0.8509	0.2716	0.2811	0.1571	0.6420	0.2256	0.9283	0.0344	1.7730	-0.1800	0.0663	4.9284	2.7966	11.0439	8.5340	0.4413	0.4267	0.0147	0.2136	0.2135	0.0001	0.2277	0.2131	0.0146	0.3664	0.1321	0.2343	0.0980	0.0937	0.0043	0.2684	0.0384	0.2299	0.1444	0.1264	0.0180	0.0328	0.0323	0.0004	0.1116	0.0940	0.0176	0.7790	0.5037	0.2753	0.3609	0.3333	0.0276	0.4180	0.1703	0.2477	6.4987	12.8701	0.9566	23.9952	23.4888	1.3266	3.1781	10.0461	0.8931	0.4704	0.2623	0.8509	0.2716	0.2811	0.1571	0.6420	0.2256	0.9283
92	93	0.6301	7	1	1	0	0	0	0	0	0	N	N	N	N	N	N	N	N	N	N	N	N	0.0201	0.0161	0.0028	0.0211	0.0190	0.0001	0.2820	0.1783	0.0155	0.0202	0.0232	0.0001	0.0354	0.0381	0.0000	0.0111	0.0134	0.0001	1.0039	1.4385	0.0221	1.6770	2.0044	0.0581	0.0395	0.0749	0.0049	0.0004	0.0068	-0.0006	-0.1586	3.9161	2.5103	29.2065	7.4742	0.0013	0.0013	0.0000	0.0009	0.0009	0.0000	0.0005	0.0005	0.0000	0.3512	0.3488	0.0024	0.3455	0.3435	0.0020	0.0057	0.0053	0.0004	0.0647	0.0563	0.0084	0.0241	0.0225	0.0016	0.0406	0.0338	0.0068	0.3499	0.2425	0.1073	0.2060	0.1714	0.0347	0.1438	0.0711	0.0727	0.0201	0.0161	0.0028	0.0211	0.0190	0.0001	0.2820	0.1783	0.0155	1.0039	1.4385	0.0221	1.6770	2.0044	0.0581	0.0395	0.0749	0.0049
92	94	0.5938	6	0	1	0	0	0	0	0	0	N	N	N	N	N	N	N	N	N	N	N	N	0.0020	0.0014	0.0080	0.0010	0.0008	0.1318	0.0054	0.0658	0.0057	0.0026	0.0022	0.0058	0.0017	0.0017	0.0027	0.0031	0.0025	0.0064	1.3077	1.5603	0.7308	1.7955	2.1845	0.0203	0.5718	0.0377	1.1217	0.3645	0.2050	-0.0001	-0.1573	3.9161	7.1305	29.2065	3.2426	0.0006	0.0004	0.0001	0.0001	0.0001	0.0000	0.0004	0.0003	0.0001	0.5459	0.4530	0.0929	0.4507	0.4498	0.0009	0.0952	0.0032	0.0920	0.2099	0.1847	0.0252	0.0725	0.0687	0.0038	0.1374	0.1160	0.0214	0.4174	0.2903	0.1271	0.2510	0.2059	0.0451	0.1664	0.0844	0.0820	0.0020	0.0014	0.0080	0.0010	0.0008	0.1318	0.0054	0.0658	0.0057	1.3077	1.5603	0.7308	1.7955	2.1845	0.0203	0.5718	0.0377	1.1217
92	95	0.1635	3	1	1	0	0	0	0	0	0	N	N	N	N	N	N	N	N	N	N	N	N	0.5545	0.3380	3.4336	0.0000	0.0000	0.0000	1.0275	0.6411	3.1926	1.2284	1.1414	1.7107	0.0000	0.0000	0.0000	1.2877	1.2020	1.7491	2.2153	3.3769	0.4982	7.7974	9.6347	0.0143	1.2533	1.8748	0.5479	0.2705	0.0998	-0.0545	-1.0462	3.9161	8.0000	29.2065	22.5660	0.2389	0.1881	0.0509	0.0000	0.0000	0.0000	0.2389	0.1881	0.0509	2.8459	2.5876	0.2583	1.5877	1.5870	0.0007	1.2582	1.0006	0.2576	0.1945	0.1648	0.0297	0.0090	0.0083	0.0007	0.1855	0.1565	0.0291	1.2847	0.7663	0.5184	0.2808	0.2326	0.0482	1.0038	0.5337	0.4701	0.5545	0.3380	3.4336	0.0000	0.0000	0.0000	1.0275	0.6411	3.1926	2.2153	3.3769	0.4982	5.6542	6.8238	0.0143	1.2533	1.8748	0.5479
92	98	0.1940	5	1	1	1	0	0	0	0	0	N	N	N	N	N	N	N	N	N	N	N	N	1.6988	2.2331	0.0000	9.3482	8.0036	0.0000	0.0000	0.0000	0.0000	6.3157	7.3581	0.0000	41.0646	42.9010	0.0000	0.0000	0.0000	0.0000	3.7177	3.2950	4.3640	4.3928	5.3602	0.1391	3.4268	1.8852	5.0581	0.0000	0.8661	-0.0790	0.0153	3.9161	0.9502	29.2065	16.1595	0.1792	0.1792	0.0000	0.1792	0.1792	0.0000	0.0000	0.0000	0.0000	2.6679	1.4297	1.2382	0.9491	0.9436	0.0056	1.7187	0.4861	1.2326	0.0284	0.0244	0.0040	0.0044	0.0042	0.0002	0.0240	0.0202	0.0038	0.7176	0.4339	0.2837	0.2161	0.1760	0.0400	0.5016	0.2579	0.2437	1.6988	2.2331	0.0000	9.3482	8.0036	0.0000	0.0000	0.0000	0.0000	3.7177	3.2950	4.3640	4.3928	5.3602	0.1391	3.4268	1.8852	5.0581
92	100	0.1970	6	1	0	1	0	0	0	0	0	N	N	N	N	N	N	N	N	N	N	N	N	0.0288	0.0449	0.0000	0.2324	0.2098	0.0099	0.0010	0.0019	0.0000	0.3006	0.3546	0.0002	3.2595	3.5731	0.0001	0.0072	0.0085	0.0002	10.4280	7.9010	14.0291	14.0254	17.0340	0.0090	7.4028	4.3920	14.4995	0.0001	0.9348	-0.0033	0.1162	3.9161	1.0008	29.2065	13.9255	0.0076	0.0076	0.0000	0.0074	0.0074	0.0000	0.0002	0.0002	0.0000	4.6895	2.4238	2.2657	1.4572	1.4569	0.0003	3.2322	0.9669	2.2654	0.0252	0.0213	0.0038	0.0023	0.0021	0.0002	0.0229	0.0193	0.0036	0.6275	0.3751	0.2524	0.1909	0.1549	0.0360	0.4366	0.2201	0.2165	0.0402	0.0549	0.0000	0.4270	0.3799	0.0099	0.0010	0.0019	0.0000	7.4732	6.4622	8.9752	7.6341	9.4041	0.0090	7.4028	4.3920	10.4647
92	101	0.1940	5	1	0	1	0	0	0	0	0	N	N	N	N	N	N	N	N	N	N	N	N	1.4964	2.5456	0.0440	0.0701	0.0593	1.9350	2.3144	71.7374	0.0324	1.6467	1.8181	0.0836	0.0710	0.0699	0.3074	2.7302	3.2484	0.0791	1.1005	0.7142	1.8989	1.0129	1.1784	0.1589	1.1797	0.0453	2.4382	0.0050	1.2860	-0.0043	0.0198	3.9161	0.0532	29.2065	2.0467	0.0098	0.0097	0.0000	0.0002	0.0002	0.0000	0.0096	0.0096	0.0000	0.1904	0.0833	0.1071	0.0832	0.0811	0.0021	0.1071	0.0022	0.1050	0.0059	0.0054	0.0006	0.0024	0.0024	0.0000	0.0035	0.0029	0.0006	0.1730	0.1166	0.0564	0.0822	0.0688	0.0133	0.0908	0.0478	0.0431	1.4964	2.5456	0.0440	0.0701	0.0593	1.9350	2.3144	71.7374	0.0324	1.1005	0.7142	1.8989	1.0129	1.1784	0.1589	1.1797	0.0453	2.4382
92	102	0.1843	4	1	0	1	0	0	0	0	0	N	N	N	N	N	N	N	N	N	N	N	N	0.0883	1.2692	0.0004	3.4089	3.3568	0.1092	0.0334	1.1860	0.0003	0.3241	0.3789	0.0066	1.3617	1.4456	0.0268	0.1845	0.2184	0.0055	3.6690	0.2985	16.9778	0.3995	0.4306	0.2455	5.5304	0.1841	18.7161	0.0030	17.9033	-0.0081	0.5269	3.9161	2.0948	29.2065	3.0326	0.0184	0.0183	0.0001	0.0092	0.0091	0.0000	0.0092	0.0092	0.0000	1.0780	0.0570	1.0210	0.0426	0.0382	0.0044	1.0355	0.0189	1.0166	0.0567	0.0484	0.0084	0.0067	0.0063	0.0004	0.0500	0.0421	0.0080	0.2938	0.1910	0.1028	0.1066	0.0886	0.0180	0.1872	0.1024	0.0848	0.0883	1.2692	0.0007	3.4089	3.3568	0.1092	0.0334	1.1860	0.0005	3.6690	0.2985	9.9330	0.3995	0.4306	0.2455	5.5304	0.1841	11.9832
92	103	0.1635	3	1	0	1	0	0	0	0	0	N	N	N	N	N	N	N	N	N	N	N	N	1.3104	30.0416	0.0168	0.0000	0.0000	0.0000	1.0537	35.1162	0.0160	1.9070	2.2420	0.0649	0.0000	0.0000	0.0000	1.9993	2.3613	0.0663	1.4553	0.0746	3.8618	0.3509	0.0866	1.8315	1.8973	0.0672	4.1354	0.0053	29.6902	-0.0813	0.3686	3.9161	3.9484	29.2065	4.8420	0.1865	0.1855	0.0010	0.0000	0.0000	0.0000	0.1865	0.1855	0.0010	0.7241	0.0236	0.7005	0.0499	0.0104	0.0394	0.6742	0.0131	0.6611	0.0978	0.0828	0.0150	0.0045	0.0042	0.0003	0.0933	0.0786	0.0147	0.4976	0.3162	0.1814	0.1422	0.1207	0.0215	0.3554	0.1955	0.1599	1.3104	30.0416	0.0168	0.0000	0.0000	0.0000	1.0537	35.1162	0.0160	1.4553	0.0746	3.8618	0.3509	0.0866	1.8315	1.8973	0.0672	4.1354
92	104	0.1218	2	0	1	0	0	0	0	0	0	N	N	N	N	N	N	N	N	N	N	N	N	0.0055	0.0036	0.0264	0.0456	0.0456	0.0115	0.0045	0.0027	0.0267	0.0068	0.0077	0.0018	0.0140	0.0150	0.0003	0.0062	0.0070	0.0018	1.2439	2.1193	0.0677	0.3073	0.3282	0.0238	1.3889	2.6181	0.0687	0.0420	0.0238	-0.0006	-0.9322	3.9161	8.9557	29.2065	32.3127	0.0015	0.0015	0.0001	0.0002	0.0002	0.0000	0.0013	0.0012	0.0001	2.1422	2.0925	0.0498	0.0710	0.0706	0.0004	2.0713	2.0219	0.0494	0.2272	0.1924	0.0349	0.0178	0.0166	0.0011	0.2094	0.1757	0.0337	1.7221	0.9873	0.7348	0.2309	0.2150	0.0158	1.4913	0.7723	0.7190	0.0055	0.0036	0.0264	0.0456	0.0456	0.0115	0.0045	0.0027	0.0267	1.2439	2.1193	0.0677	0.3073	0.3282	0.0238	1.3889	2.6181	0.0687
92	105	0.1473	3	0	0	1	0	0	0	0	0	N	N	N	N	N	N	N	N	N	N	N	N	0.3228	0.3236	0.1968	15.4351	14.3454	0.0000	0.0987	0.0734	0.1932	0.0206	0.0224	0.0110	0.1148	0.1201	0.0000	0.0075	0.0066	0.0114	0.0638	0.0692	0.0559	0.0074	0.0084	0.0009	0.0755	0.0902	0.0590	0.0932	0.5611	-0.0009	-0.0035	3.9161	4.2679	29.2065	7.8415	0.0025	0.0023	0.0002	0.0017	0.0017	0.0000	0.0008	0.0006	0.0002	0.0349	0.0223	0.0125	0.0007	0.0007	0.0000	0.0342	0.0217	0.0125	0.1211	0.1018	0.0193	0.0148	0.0142	0.0007	0.1063	0.0877	0.0187	0.5470	0.3227	0.2242	0.0945	0.0826	0.0119	0.4525	0.2401	0.2124	0.3228	0.3236	0.1968	15.4351	14.3454	0.0000	0.0987	0.0734	0.1932	0.0638	0.0692	0.0559	0.0074	0.0084	0.0009	0.0755	0.0902	0.0590
92	106	0.1218	2	0	0	0	0	0	0	0	0	N	N	N	N	N	N	N	N	N	N	N	N	0.1644	0.0640	1.6114	0.0470	0.0467	0.0133	0.2570	0.0870	1.6514	0.0545	0.0307	0.1818	0.0300	0.0311	0.0012	0.0582	0.0306	0.1875	0.3314	0.4799	0.1128	0.6388	0.6666	0.0900	0.2265	0.3520	0.1136	1.1059	0.1598	0.0003	-0.0794	3.9161	1.9301	29.2065	9.0954	0.0031	0.0015	0.0017	0.0002	0.0002	0.0000	0.0029	0.0013	0.0017	0.2478	0.2137	0.0342	0.1215	0.1207	0.0008	0.1263	0.0930	0.0333	0.0577	0.0486	0.0091	0.0076	0.0074	0.0003	0.0501	0.0413	0.0088	0.7479	0.4452	0.3026	0.1902	0.1810	0.0091	0.5577	0.2642	0.2935	0.1644	0.0640	1.6114	0.0470	0.0467	0.0133	0.2570	0.0870	1.6514	0.3314	0.4799	0.1128	0.6388	0.6666	0.0900	0.2265	0.3520	0.1136
92	108	0.1107	3	0	1	0	0	0	0	0	0	N	N	N	N	N	N	N	N	N	N	N	N	10.1986	3.5548	226.8923	0.5873	0.2876	11.7474	9.1516	2.8548	233.6956	2.9828	1.6706	9.9892	0.0298	0.0137	1.1716	3.0655	1.7251	10.0104	0.2925	0.4699	0.0440	0.0508	0.0478	0.0997	0.3350	0.6043	0.0428	1.1200	0.0669	0.0529	-0.1610	3.9161	8.0392	29.2065	22.6195	0.6069	0.2863	0.3206	0.0002	0.0001	0.0001	0.6067	0.2862	0.3205	0.4070	0.3815	0.0255	0.0106	0.0094	0.0012	0.3965	0.3721	0.0243	0.2035	0.1714	0.0321	0.0055	0.0055	0.0001	0.1979	0.1659	0.0320	1.3917	0.8118	0.5799	0.2081	0.1960	0.0121	1.1836	0.6158	0.5677	10.1986	3.5548	226.8923	0.5873	0.2876	11.7474	9.1516	2.8548	233.6956	0.2925	0.4699	0.0440	0.0508	0.0478	0.0997	0.3350	0.6043	0.0428
92	109	0.1107	2	0	0	0	0	0	0	0	0	N	N	N	N	N	N	N	N	N	N	N	N	1.3115	0.7388	6.7722	1.5180	1.5172	0.6439	1.2133	0.1594	6.9153	1.1100	0.7708	2.6290	1.6740	1.6746	0.6481	0.8301	0.1546	2.6310	0.8463	1.0433	0.3882	1.1028	1.1037	1.0065	0.6842	0.9699	0.3805	0.7615	0.1600	-0.0001	-0.0949	3.9161	0.2031	29.2065	2.0398	0.0166	0.0094	0.0072	0.0083	0.0083	0.0000	0.0083	0.0011	0.0072	0.2960	0.2552	0.0408	0.1494	0.1481	0.0013	0.1466	0.1071	0.0395	0.0150	0.0122	0.0027	0.0050	0.0050	0.0000	0.0100	0.0073	0.0027	0.3498	0.2446	0.1052	0.1355	0.1342	0.0013	0.2143	0.1104	0.1039	1.3115	0.7388	6.7722	1.5180	1.5172	0.6439	1.2133	0.1594	6.9153	0.8463	1.0433	0.3882	1.1028	1.1037	1.0065	0.6842	0.9699	0.3805
92	110	0.6912	8	1	0	1	0	0	0	0	0	N	N	N	N	N	N	N	N	N	N	N	N	0.0636	0.0535	0.0000	0.0677	0.0691	0.0000	0.0000	0.0000	0.0000	0.0000	0.0000	0.0000	0.0000	0.0000	0.0000	0.0001	0.0000	0.0001	0.0001	0.0000	0.0000	0.0000	0.0000	0.0000	0.0833	-0.0000	-0.0000	3.9161	0.0001	29.2065	0.0001	0.0000	0.0000	0.0000	0.0000	0.0000	0.0000	0.0000	0.0000	0.0000	0.0000	0.0000	0.0000	0.0000	0.0000	0.0000	0.0000	0.0000	0.0000	0.0027	0.0021	0.0006	0.0013	0.0013	0.0000	0.0013	0.0008	0.0006	0.0003	0.0002	0.0001	0.0002	0.0002	0.0000	0.0002	0.0000	0.0001	0.0636	0.0535	0.0000	0.0677	0.0691	0.0000	0.0000	0.0000	0.0000	0.0000	0.0001	0.0000	0.0001	0.0001	0.0000	0.0000	0.0000	0.0000				
92	111	0.6774	7	1	0	1	0	0	0	0	0	N	N	N	N	N	N	N	N	N	N	N	N	0.3533	0.9223	0.0001	3.0545	3.1819	0.0000	0.0000	0.0002	0.0000	0.0031	0.0036	0.0000	0.0116	0.0122	0.0000	0.0000	0.0000	0.0000	0.0088	0.0039	0.0202	0.0038	0.0038	0.0036	0.0190	0.0040	0.0331	0.0000	2.2455	-0.0001	0.0004	3.9161	1.6718	29.2065	2.9223	0.0001	0.0001	0.0000	0.0001	0.0001	0.0000	0.0000	0.0000	0.0000	0.0018	0.0006	0.0013	0.0005	0.0004	0.0001	0.0013	0.0001	0.0012	0.0432	0.0375	0.0057	0.0115	0.0110	0.0006	0.0316	0.0265	0.0051	0.2068	0.1444	0.0624	0.1390	0.1118	0.0273	0.0677	0.0327	0.0351	0.3533	0.9223	0.0001	3.0545	3.1819	0.0000	0.0000	0.0002	0.0000	0.0088	0.0039	0.0202	0.0038	0.0038	0.0036	0.0190	0.0040	0.0331
92	112	0.5938	6	1	0	1	0	0	0	0	0	N	N	N	N	N	N	N	N	N	N	N	N	0.0030	0.0033	0.0004	0.0039	0.0035	0.0000	0.0033	0.0421	0.0003	0.0040	0.0045	0.0005	0.0064	0.0068	0.0000	0.0030	0.0034	0.0006	1.3287	1.3612	1.2567	1.6447	1.9524	0.2634	0.8989	0.0812	1.7629	0.0154	0.4167	-0.0006	-0.1532	3.9161	14.0283	29.2065	7.1084	0.0013	0.0013	0.0000	0.0006	0.0006	0.0000	0.0007	0.0007	0.0000	0.9328	0.6584	0.2744	0.6654	0.6460	0.0194	0.2674	0.0124	0.2550	0.3355	0.2932	0.0423	0.1013	0.0951	0.0062	0.2342	0.1981	0.0360	0.7020	0.4837	0.2183	0.4046	0.3309	0.0737	0.2975	0.1528	0.1446	0.0030	0.0033	0.0004	0.0039	0.0035	0.0000	0.0033	0.0421	0.0003	1.3287	1.3612	1.2567	1.6447	1.9524	0.2634	0.8989	0.0812	1.7629
92	113	0.5336	5	0	0	0	0	0	0	0	0	N	N	N	N	N	N	N	N	N	N	N	N	2.3371	2.2151	0.0121	0.0080	0.0076	0.0000	2.1862	1.6768	0.0111	3.4792	3.9438	0.0101	0.0068	0.0072	0.0000	5.0499	5.9367	0.0115	1.4887	1.7804	0.8289	0.8503	0.9513	0.3284	2.3099	3.5404	1.0411	0.0003	0.2059	-0.4382	-0.3509	3.9161	8.6129	29.2065	5.1709	0.9943	0.9939	0.0003	0.0006	0.0006	0.0000	0.9936	0.9933	0.0003	1.2198	1.0116	0.2082	0.3920	0.3674	0.0246	0.8278	0.6441	0.1837	0.2858	0.2520	0.0338	0.0890	0.0847	0.0043	0.1968	0.1673	0.0294	0.8194	0.5682	0.2512	0.4610	0.3862	0.0748	0.3584	0.1819	0.1764	2.3371	2.2151	0.0121	0.0080	0.0076	0.0000	2.1862	1.6768	0.0111	1.4887	1.7804	0.8289	0.8503	0.9513	0.3284	2.3099	3.5404	1.0411
92	114	0.4385	4	0	0	0	0	0	0	0	0	N	N	N	N	N	N	N	N	N	N	N	N	0.8172	1.4797	0.0318	5.6969	7.4224	0.0021	0.0198	0.0259	0.0326	0.7208	0.8286	0.0490	3.3848	3.6594	0.0023	0.0232	0.0174	0.0550	0.8821	0.5600	1.5401	0.5941	0.4930	1.1091	1.1717	0.6712	1.6842	0.0095	1.3461	-0.1296	0.1724	3.9161	16.8607	29.2065	22.7724	0.3002	0.2974	0.0028	0.2925	0.2925	0.0000	0.0077	0.0049	0.0028	1.4940	0.6368	0.8572	0.5046	0.3500	0.1546	0.9893	0.2868	0.7025	0.4164	0.3589	0.0576	0.0864	0.0799	0.0065	0.3300	0.2789	0.0511	1.6937	1.1372	0.5566	0.8494	0.7100	0.1394	0.8444	0.4272	0.4171	0.8172	1.4797	0.0318	5.6969	7.4224	0.0021	0.0198	0.0259	0.0326	0.8821	0.5600	1.5401	0.5941	0.4930	1.1091	1.1717	0.6712	1.6842
92	115	0.1697	3	1	0	1	0	0	0	0	0	N	N	N	N	N	N	N	N	N	N	N	N	0.0029	0.0022	0.0000	0.0003	0.0003	0.0000	0.0022	0.0014	0.0000	0.0082	0.0097	0.0000	0.0000	0.0000	0.0000	0.0089	0.0106	0.0000	2.8773	4.4034	0.0182	0.0034	0.0035	0.0001	4.0449	7.6900	0.0188	0.0000	0.0022	-0.0001	-0.4747	3.9161	1.0009	29.2065	4.0038	0.0002	0.0002	0.0000	0.0000	0.0000	0.0000	0.0002	0.0002	0.0000	1.0407	1.0384	0.0023	0.0004	0.0004	0.0000	1.0403	1.0380	0.0023	0.0268	0.0228	0.0040	0.0020	0.0019	0.0001	0.0248	0.0208	0.0039	0.3617	0.2358	0.1259	0.1045	0.1008	0.0037	0.2572	0.1350	0.1222	0.0029	0.0022	0.0000	0.0003	0.0003	0.0000	0.0022	0.0014	0.0000	2.8773	4.4034	0.0182	0.0034	0.0035	0.0001	4.0449	7.6900	0.0188
92	116	0.1414	2	1	0	1	0	0	0	0	0	N	N	N	N	N	N	N	N	N	N	N	N	0.0674	0.2375	0.0085	0.0364	0.0360	0.0218	0.0660	0.5632	0.0084	0.0663	0.0754	0.0167	0.0264	0.0280	0.0004	0.0687	0.0785	0.0171	0.9851	0.3175	1.9639	0.7259	0.7784	0.0193	1.0412	0.1395	2.0249	0.0405	4.2183	-0.0013	0.2132	3.9161	1.8441	29.2065	10.4794	0.0031	0.0030	0.0001	0.0001	0.0001	0.0000	0.0031	0.0029	0.0001	0.6091	0.1167	0.4924	0.0799	0.0797	0.0001	0.5292	0.0370	0.4923	0.0474	0.0400	0.0073	0.0026	0.0025	0.0002	0.0447	0.0376	0.0072	0.6184	0.3676	0.2507	0.1101	0.1024	0.0076	0.5083	0.2652	0.2431	0.0674	0.2375	0.0085	0.0364	0.0360	0.0218	0.0660	0.5632	0.0084	0.9851	0.3175	1.9639	0.7259	0.7784	0.0193	1.0412	0.1395	2.0249
92	117	0.3257	2	0	1	0	1	0	0	0	0	N	N	N	N	N	N	N	N	N	N	N	N	1.5596	2.6007	0.2382	0.5025	0.8770	0.0028	1.4025	1.9215	0.2835	2.6838	2.9934	0.7056	0.5625	0.5911	0.0115	3.1808	3.6270	0.7573	1.7209	1.1510	2.9625	1.1195	0.6740	4.1911	2.2679	1.8876	2.6709	0.0369	1.1813	-0.3205	0.2717	3.9161	10.5071	29.2065	20.2622	0.7903	0.7622	0.0281	0.0314	0.0314	0.0000	0.7588	0.7307	0.0281	3.2660	1.4973	1.7687	1.0121	0.5322	0.4799	2.2539	0.9651	1.2888	0.2945	0.2546	0.0399	0.0559	0.0531	0.0028	0.2386	0.2015	0.0371	1.8979	1.3008	0.5970	0.9041	0.7896	0.1145	0.9938	0.5113	0.4825	1.5596	2.6007	0.2382	0.5025	0.8770	0.0028	1.4025	1.9215	0.2835	1.7209	1.1510	2.9625	1.1195	0.6740	4.1911	2.2679	1.8876	2.6709
92	119	0.1280	2	0	1	0	0	0	0	0	0	N	N	N	N	N	N	N	N	N	N	N	N	5.2266	6.5710	0.0002	0.4412	0.5963	0.0002	5.2262	6.1028	0.0002	9.6223	11.4037	0.0004	0.5428	0.5515	0.0011	10.2083	12.2297	0.0004	1.8410	1.7355	1.9931	1.2303	0.9248	6.5441	1.9533	2.0039	1.8973	0.0000	0.7973	-0.4409	-0.0324	3.9161	3.8169	29.2065	21.2433	0.9995	0.9995	0.0000	0.0034	0.0034	0.0000	0.9960	0.9960	0.0000	2.1976	1.2227	0.9749	0.2281	0.1621	0.0660	1.9695	1.0606	0.9089	0.1039	0.0876	0.0162	0.0063	0.0062	0.0001	0.0976	0.0814	0.0161	1.1937	0.7045	0.4891	0.1854	0.1753	0.0101	1.0083	0.5293	0.4790	5.2266	6.5710	0.0002	0.4412	0.5963	0.0002	5.2262	6.1028	0.0002	1.8410	1.7355	1.9931	1.2303	0.9248	6.5441	1.9533	2.0039	1.8973
92	120	0.4736	6	0	1	0	0	0	0	0	0	N	N	N	N	N	N	N	N	N	N	N	N	0.5183	0.1245	1.8094	0.9035	0.2815	5.2648	0.4315	0.0614	1.3851	1.0511	0.1408	7.1499	2.3458	0.4676	35.9714	0.5994	0.0127	3.7557	2.0279	1.1306	3.9516	2.5965	1.6608	6.8324	1.3891	0.2066	2.7114	7.5821	1.6301	0.2095	0.8278	3.9161	16.3276	29.2065	34.9199	0.4737	0.0552	0.4185	0.2735	0.0516	0.2218	0.2002	0.0036	0.1967	5.1284	1.9499	3.1785	3.4740	1.8200	1.6540	1.6544	0.1299	1.5246	0.4506	0.3921	0.0585	0.1166	0.1104	0.0062	0.3341	0.2817	0.0524	2.5290	1.7246	0.8044	1.3380	1.0959	0.2421	1.1910	0.6287	0.5623	0.5183	0.1245	1.8094	0.9035	0.2815	5.2648	0.4315	0.0614	1.3851	2.0279	1.1306	3.9516	2.5965	1.6608	6.8324	1.3891	0.2066	2.7114
92	121	0.4563	5	0	1	0	0	0	0	0	0	N	N	N	N	N	N	N	N	N	N	N	N	0.6283	0.3343	2.2104	1.7037	1.1761	9.4029	0.2937	0.0429	1.5577	0.7555	0.3676	3.2113	2.1515	1.2880	19.5408	0.3293	0.0476	1.7697	1.2024	1.0997	1.4528	1.2628	1.0952	2.0782	1.1212	1.1090	1.1360	1.3795	0.5413	0.0188	-0.2193	3.9161	6.1757	29.2065	14.5601	0.1354	0.0569	0.0785	0.0902	0.0514	0.0388	0.0452	0.0055	0.0398	2.0461	1.3275	0.7186	1.2316	0.8860	0.3456	0.8144	0.4415	0.3729	0.1793	0.1548	0.0244	0.0419	0.0399	0.0020	0.1373	0.1149	0.0225	1.7017	1.2071	0.4946	0.9753	0.8090	0.1663	0.7264	0.3981	0.3283	0.6283	0.3343	2.2104	1.7037	1.1761	9.4029	0.2937	0.0429	1.5577	1.2024	1.0997	1.4528	1.2628	1.0952	2.0782	1.1212	1.1090	1.1360
92	122	0.4033	4	0	0	0	0	0	0	0	0	N	N	N	N	N	N	N	N	N	N	N	N	0.2369	0.0712	1.6083	0.4520	0.5105	0.0416	0.1606	0.0025	1.8022	0.4256	0.1393	2.2999	0.4430	0.4651	0.0600	0.4195	0.0092	2.5698	1.7967	1.9551	1.4300	0.9801	0.9110	1.4448	2.6117	3.6780	1.4260	2.5224	0.3158	0.0270	-0.7105	3.9161	7.5400	29.2065	21.4192	0.0982	0.0279	0.0703	0.0268	0.0266	0.0002	0.0715	0.0013	0.0701	3.2542	2.4731	0.7811	0.8867	0.7176	0.1691	2.3676	1.7555	0.6120	0.2308	0.2002	0.0306	0.0604	0.0571	0.0033	0.1704	0.1431	0.0273	1.8112	1.2650	0.5462	0.9047	0.7876	0.1170	0.9065	0.4773	0.4292	0.2369	0.0712	1.6083	0.4520	0.5105	0.0416	0.1606	0.0025	1.8022	1.7967	1.9551	1.4300	0.9801	0.9110	1.4448	2.6117	3.6780	1.4260
92	123	0.1635	3	0	1	0	0	0	0	0	0	N	N	N	N	N	N	N	N	N	N	N	N	0.0123	0.0027	0.0735	0.0000	0.0000	0.0000	0.0285	0.3858	0.0679	0.0314	0.0075	0.1627	0.0000	0.0000	0.0000	0.0329	0.0079	0.1663	2.5598	2.7891	2.2133	12.7926	15.0733	0.0157	1.1526	0.0205	2.4481	3.9365	0.5250	0.0011	-0.3058	3.9161	4.0019	29.2065	19.5615	0.0031	0.0006	0.0025	0.0000	0.0000	0.0000	0.0031	0.0006	0.0025	2.6804	1.7576	0.9228	1.7494	1.7488	0.0006	0.9310	0.0088	0.9221	0.0991	0.0839	0.0152	0.0046	0.0042	0.0003	0.0945	0.0796	0.0149	1.0471	0.6302	0.4169	0.2394	0.1991	0.0403	0.8077	0.4311	0.3767	0.0123	0.0027	0.0735	0.0000	0.0000	0.0000	0.0285	0.3858	0.0679	2.5598	2.7891	2.2133	7.3078	8.7819	0.0157	1.1526	0.0205	2.4481
92	124	0.1414	2	0	0	0	0	0	0	0	0	N	N	N	N	N	N	N	N	N	N	N	N	0.0022	0.0019	0.0003	0.0453	0.0580	0.0002	0.0014	0.0011	0.0003	0.0078	0.0092	0.0005	0.0356	0.0375	0.0006	0.0060	0.0071	0.0005	3.4906	4.9532	1.4986	0.7859	0.6465	2.8526	4.1482	6.6193	1.4551	0.0091	0.2056	-0.0001	-0.5087	3.9161	1.2223	29.2065	8.2281	0.0002	0.0002	0.0000	0.0001	0.0001	0.0000	0.0002	0.0002	0.0000	1.7675	1.4661	0.3015	0.0778	0.0600	0.0179	1.6897	1.4061	0.2836	0.0319	0.0269	0.0049	0.0020	0.0019	0.0001	0.0299	0.0251	0.0048	0.5064	0.3052	0.2012	0.0990	0.0928	0.0063	0.4073	0.2124	0.1949	0.0022	0.0019	0.0003	0.0453	0.0580	0.0002	0.0014	0.0011	0.0003	3.4906	4.8036	1.4986	0.7859	0.6465	2.8526	4.1482	6.6193	1.4551
92	126	0.1267	3	0	1	0	0	0	0	0	0	N	N	N	N	N	N	N	N	N	N	N	N	4.1184	0.8895	31.8196	1.8041	1.7341	0.0605	3.7046	0.7029	31.1326	10.0003	2.7104	48.7315	0.8508	0.8687	0.0050	10.5919	2.8505	49.1208	2.4282	3.0471	1.5315	0.4716	0.5009	0.0820	2.8591	4.0555	1.5778	3.3840	0.3469	0.4449	-0.5248	3.9161	5.0407	29.2065	17.1705	1.3449	0.3068	1.0381	0.0069	0.0069	0.0000	1.3380	0.2998	1.0381	2.6132	1.9402	0.6730	0.0916	0.0905	0.0011	2.5216	1.8497	0.6719	0.1345	0.1132	0.0213	0.0082	0.0080	0.0002	0.1263	0.1052	0.0211	1.0762	0.6367	0.4395	0.1942	0.1806	0.0136	0.8820	0.4561	0.4259	4.1184	0.8895	31.8196	1.8041	1.7341	0.0605	3.7046	0.7029	31.1326	2.4282	3.0471	1.5315	0.4716	0.5009	0.0820	2.8591	4.0555	1.5778
92	127	0.1107	2	0	1	0	0	0	0	0	0	N	N	N	N	N	N	N	N	N	N	N	N	0.5599	0.3782	1.4895	3.8022	3.7823	0.2021	0.2709	0.0141	1.4817	0.3481	0.2359	0.9212	2.1949	2.2033	0.0758	0.1727	0.0092	0.9230	0.6218	0.6238	0.6185	0.5773	0.5825	0.3754	0.6375	0.6511	0.6229	0.7645	0.5684	-0.0002	-0.0351	3.9161	1.9703	29.2065	6.2034	0.0204	0.0116	0.0089	0.0112	0.0112	0.0000	0.0093	0.0004	0.0088	0.3658	0.2332	0.1326	0.0881	0.0867	0.0015	0.2776	0.1465	0.1311	0.0587	0.0491	0.0096	0.0051	0.0051	0.0000	0.0536	0.0440	0.0096	0.5882	0.3739	0.2143	0.1527	0.1488	0.0039	0.4355	0.2251	0.2105	0.5599	0.3782	1.4895	3.8022	3.7823	0.2021	0.2709	0.0141	1.4817	0.6218	0.6238	0.6185	0.5773	0.5825	0.3754	0.6375	0.6511	0.6229
92	129	0.4326	5	0	1	0	0	0	0	0	0	N	N	N	N	N	N	N	N	N	N	N	N	0.8583	0.8702	0.0001	0.9370	1.0702	0.0000	0.0002	0.0000	0.0009	0.0072	0.0080	0.0000	0.0134	0.0140	0.0000	0.0000	0.0000	0.0000	0.0084	0.0091	0.0061	0.0143	0.0131	0.0293	0.0008	0.0005	0.0011	0.0000	0.2006	-0.0003	-0.0014	3.9161	1.0033	29.2065	0.8635	0.0006	0.0006	0.0000	0.0006	0.0006	0.0000	0.0000	0.0000	0.0000	0.0049	0.0041	0.0008	0.0047	0.0040	0.0007	0.0002	0.0001	0.0001	0.0810	0.0736	0.0074	0.0438	0.0418	0.0020	0.0372	0.0318	0.0053	0.5799	0.4451	0.1347	0.3290	0.3052	0.0238	0.2509	0.1399	0.1110	0.8583	0.8702	0.0001	0.9370	1.0702	0.0000	0.0002	0.0000	0.0009	0.0084	0.0091	0.0061	0.0143	0.0131	0.0293	0.0008	0.0005	0.0011
92	130	0.4033	4	0	0	0	0	0	0	0	0	N	N	N	N	N	N	N	N	N	N	N	N	1.0035	1.1700	0.0128	3.7167	3.6471	0.0022	0.0039	0.0022	0.0123	1.5058	1.7276	0.0200	5.1392	5.4188	0.0013	0.0063	0.0032	0.0224	1.5006	1.4766	1.5619	1.3827	1.4858	0.5763	1.6328	1.4594	1.8289	0.0017	0.4135	-0.1234	-0.3627	3.9161	5.5514	29.2065	9.9598	0.2809	0.2804	0.0005	0.2801	0.2801	0.0000	0.0008	0.0004	0.0005	2.1867	1.5470	0.6396	1.0653	1.0150	0.0503	1.1214	0.5320	0.5893	0.1865	0.1623	0.0242	0.0545	0.0517	0.0028	0.1321	0.1106	0.0214	1.4573	1.0477	0.4095	0.7705	0.6832	0.0873	0.6868	0.3645	0.3222	1.0035	1.1700	0.0128	3.7167	3.6471	0.0022	0.0039	0.0022	0.0123	1.5006	1.4766	1.5619	1.3827	1.4858	0.5763	1.6328	1.4594	1.8289
92	131	0.3730	3	0	0	0	0	0	0	0	0	N	N	N	N	N	N	N	N	N	N	N	N	0.2947	0.1418	1.7574	0.7293	0.7123	0.0506	0.1756	0.0016	1.7383	0.4581	0.2526	1.8197	0.9803	1.0294	0.0308	0.3094	0.0037	1.9816	1.5547	1.7809	1.0355	1.3443	1.4451	0.6092	1.7614	2.3421	1.1400	1.0877	0.2533	0.0099	-0.6124	3.9161	9.1969	29.2065	13.4651	0.1243	0.0596	0.0648	0.0590	0.0589	0.0001	0.0653	0.0007	0.0647	2.3900	1.9069	0.4831	1.0239	0.9680	0.0560	1.3661	0.9389	0.4271	0.2714	0.2358	0.0356	0.0602	0.0572	0.0030	0.2112	0.1786	0.0326	1.5373	1.0707	0.4666	0.7617	0.6698	0.0919	0.7756	0.4009	0.3747	0.2947	0.1418	1.7574	0.7293	0.7123	0.0506	0.1756	0.0016	1.7383	1.5547	1.7809	1.0355	1.3443	1.4451	0.6092	1.7614	2.3421	1.1400
92	132	0.1864	5	1	1	0	1	0	0	0	0	N	N	N	N	N	N	N	N	N	N	N	N	0.0000	0.0000	0.0000	0.0000	0.0000	0.0000	0.0000	0.0000	0.0000	0.0000	0.0000	0.0000	0.0000	0.0000	0.0000	0.0000	0.0000	0.0017	0.0010	0.0026	0.0001	0.0001	0.0000	0.0019	0.0013	0.0026	1.9673	0.0000	0.0001	3.9161	1.0000	29.2065	3.0001	0.0000	0.0000	0.0000	0.0000	0.0000	0.0000	0.0000	0.0000	0.0000	0.0003	0.0001	0.0002	0.0000	0.0000	0.0000	0.0003	0.0001	0.0002	0.0250	0.0211	0.0038	0.0016	0.0015	0.0001	0.0234	0.0197	0.0037	0.1588	0.0883	0.0705	0.0199	0.0174	0.0025	0.1389	0.0709	0.0680	0.0000	0.0000	0.0000	0.0000	0.0000	0.0000	0.0000	0.0000	0.0000	0.0017	0.0010	0.0026	0.0001	0.0001	0.0000	0.0019	0.0013	0.0026		
92	133	0.5854	9	1	1	0	1	0	0	0	0	N	N	N	N	N	N	N	N	N	N	N	N	0.0115	0.0000	0.0310	1.3772	0.0000	126.6922	0.0000	0.0000	0.0000	0.0294	0.0000	0.2644	0.0421	0.0000	0.4587	0.0000	0.0000	0.0000	2.5550	0.3483	8.5166	0.0305	0.0355	0.0036	5.0298	0.8620	11.0451	inf	9.9185	0.0000	0.0817	3.9161	0.0006	29.2065	1.9797	0.0000	0.0000	0.0000	0.0000	0.0000	0.0000	0.0000	0.0000	0.0000	0.1816	0.0166	0.1649	0.0011	0.0011	0.0000	0.1805	0.0156	0.1649	0.0000	0.0000	0.0000	0.0000	0.0000	0.0000	0.0000	0.0000	0.0000	0.0711	0.0477	0.0233	0.0352	0.0297	0.0055	0.0359	0.0181	0.0178	0.0115	0.0000	0.0374	1.3772	0.0000	126.6922	0.0000	0.0000	0.0000	2.5550	0.3483	7.0722	0.0305	0.0355	0.0036	5.0298	0.8620	9.2570
92	134	0.5686	8	1	1	0	1	0	0	0	0	N	N	N	N	N	N	N	N	N	N	N	N	0.0007	0.0007	0.0000	0.0021	0.0019	0.0000	0.0000	0.0000	0.0000	0.0000	0.0000	0.0000	0.0001	0.0001	0.0000	0.0000	0.0000	0.0000	0.0367	0.0435	0.0236	0.0526	0.0635	0.0000	0.0218	0.0126	0.0312	0.0000	0.2766	-0.0000	-0.0023	3.9161	2.0077	29.2065	6.0321	0.0000	0.0000	0.0000	0.0000	0.0000	0.0000	0.0000	0.0000	0.0000	0.0095	0.0074	0.0021	0.0066	0.0066	0.0000	0.0029	0.0009	0.0021	0.0483	0.0415	0.0068	0.0118	0.0108	0.0010	0.0365	0.0307	0.0058	0.2588	0.1713	0.0875	0.1254	0.1038	0.0215	0.1335	0.0675	0.0659	0.0007	0.0007	0.0000	0.0021	0.0019	0.0000	0.0000	0.0000	0.0000	0.0367	0.0435	0.0236	0.0526	0.0635	0.0000	0.0218	0.0126	0.0312
92	135	0.5639	8	0	1	0	1	0	0	0	0	N	N	N	N	N	N	N	N	N	N	N	N	0.0030	0.0055	0.0011	0.0013	0.0012	0.0003	0.0035	0.1881	0.0009	0.0148	0.0155	0.0105	0.0048	0.0052	0.0001	0.0178	0.0189	0.0119	4.9742	2.7960	9.9902	3.7154	4.3887	0.2079	5.0149	0.1007	13.3987	0.1175	1.3006	-0.0004	0.2184	3.9161	3.0348	29.2065	9.3583	0.0011	0.0010	0.0001	0.0001	0.0001	0.0000	0.0010	0.0009	0.0001	2.0420	0.8876	1.1544	0.8837	0.8757	0.0080	1.1583	0.0119	1.1465	0.0752	0.0641	0.0111	0.0174	0.0161	0.0013	0.0578	0.0480	0.0098	0.4688	0.3175	0.1514	0.2378	0.1995	0.0383	0.2310	0.1179	0.1131	0.0034	0.0055	0.0014	0.0013	0.0012	0.0003	0.0035	0.1881	0.0012	4.3556	2.7960	7.6267	3.7154	4.3887	0.2079	5.0149	0.1007	10.1405
92	136	0.5495	7	0	0	0	1	0	0	0	0	N	N	N	N	N	N	N	N	N	N	N	N	0.0167	0.0433	0.0085	0.9102	0.8038	0.1896	0.0066	0.0048	0.0076	0.1705	0.1490	0.2868	0.3858	0.4101	0.0023	0.0916	0.0378	0.3194	10.2337	3.4419	33.7169	0.4238	0.5103	0.0121	13.8962	7.8321	41.9359	0.3552	2.2560	-0.0000	0.3928	3.9161	0.0433	29.2065	6.6805	0.0002	0.0002	0.0001	0.0001	0.0001	0.0000	0.0001	0.0000	0.0001	1.6749	0.5144	1.1605	0.0460	0.0457	0.0002	1.6289	0.4687	1.1602	0.0012	0.0011	0.0002	0.0003	0.0003	0.0000	0.0009	0.0007	0.0002	0.2263	0.1495	0.0769	0.1084	0.0896	0.0188	0.1179	0.0598	0.0580	0.0230	0.0433	0.0190	0.9102	0.8038	0.1896	0.0066	0.0048	0.0160	7.4006	3.4419	15.0980	0.4238	0.5103	0.0121	13.8177	7.8321	19.9880
92	137	0.2161	7	0	1	0	1	0	0	0	0	N	N	N	N	N	N	N	N	N	N	N	N	0.0000	0.0000	0.0000	0.0000	0.0000	0.0000	0.0000	0.0000	0.0000	0.0000	0.0000	0.0000	0.0000	0.0000	0.0000	0.0000	0.0000	0.0000	0.0000	0.0000	3.9161	0.0000	29.2065	0.0000	0.0000	0.0000	0.0000	0.0000	0.0000	0.0000	0.0000	0.0000	0.0000	0.0000	0.0000	0.0000	0.0000	0.0000	0.0000	0.0000	0.0000	0.0000	0.0000	0.0000	0.0000	0.0000	0.0000	0.0000	0.0000	0.0000	0.0000	0.0000	0.0000	0.0000	0.0000	0.0000	0.0000	0.0000	0.0000	0.0000	0.0000	0.0000	0.0000	0.0000	0.0000	0.0000	0.0000	0.0000	0.0000	0.0000	0.0000	0.0000	0.0000	0.0000	0.0000	0.0000	0.0000	0.0000											
92	138	0.2110	6	0	1	0	1	0	0	0	0	N	N	N	N	N	N	N	N	N	N	N	N	0.0000	0.0000	0.0000	0.0000	0.0000	0.0000	0.0000	0.0000	0.0000	0.0000	0.0000	0.0000	0.0000	0.0000	0.0000	18.7948	0.0005	80.3726	0.0000	0.0000	0.0000	14.8777	0.0006	61.8805	49422.3907	-0.0000	0.5352	3.9161	0.0021	29.2065	2.0000	0.0000	0.0000	0.0000	0.0000	0.0000	0.0000	0.0000	0.0000	0.0000	0.9882	0.0000	0.9882	0.0000	0.0000	0.0000	0.9882	0.0000	0.9882	0.0001	0.0001	0.0000	0.0000	0.0000	0.0000	0.0001	0.0000	0.0000	0.0784	0.0443	0.0341	0.0119	0.0105	0.0014	0.0664	0.0338	0.0326	0.0000	0.0000	0.0000	0.0000	0.0000	0.0000	0.0000	0.0000	0.0000	12.6112	0.0005	29.0039	0.0000	0.0000	0.0000	14.8777	0.0006	30.2891				
92	139	0.2008	5	0	0	0	1	0	0	0	0	N	N	N	N	N	N	N	N	N	N	N	N	0.0118	0.0783	0.0000	0.0000	0.0000	0.0119	1.8841	0.0000	0.0004	0.0005	0.0000	0.0000	0.0000	0.0000	0.0004	0.0005	0.0000	0.0339	0.0060	0.0695	0.0224	0.0256	0.0000	0.0358	0.0003	0.0725	0.0001	9.0309	-0.0000	0.0024	3.9161	1.0020	29.2065	3.0181	0.0000	0.0000	0.0000	0.0000	0.0000	0.0000	0.0000	0.0000	0.0000	0.0054	0.0005	0.0049	0.0005	0.0005	0.0000	0.0049	0.0000	0.0049	0.0250	0.0212	0.0038	0.0017	0.0016	0.0001	0.0234	0.0197	0.0037	0.1592	0.0893	0.0699	0.0231	0.0203	0.0029	0.1361	0.0690	0.0670	0.0118	0.0783	0.0000	0.0000	0.0000	0.0000	0.0119	1.8841	0.0000	0.0339	0.0060	0.0695	0.0224	0.0256	0.0000	0.0358	0.0003	0.0725	
92	140	0.1864	5	0	1	0	0	0	0	0	0	N	N	N	N	N	N	N	N	N	N	N	N	0.0000	0.0000	0.0000	0.0000	0.0000	0.0000	0.0000	0.0000	0.0000	0.0000	0.0000	0.0000	0.0000	0.0000	0.0000	0.0000	0.0000	0.0005	0.0001	0.0009	0.0001	0.0001	0.0000	0.0005	0.0001	0.0009	5.2197	0.0000	0.0000	3.9161	0.0000	29.2065	4.0001	0.0000	0.0000	0.0000	0.0000	0.0000	0.0000	0.0000	0.0000	0.0000	0.0001	0.0000	0.0001	0.0000	0.0000	0.0000	0.0001	0.0000	0.0001	0.0000	0.0000	0.0000	0.0000	0.0000	0.0000	0.0000	0.0000	0.0000	0.1588	0.0883	0.0705	0.0199	0.0174	0.0025	0.1389	0.0709	0.0680	0.0000	0.0000	0.0000	0.0000	0.0000	0.0000	0.0000	0.0000	0.0000	0.0005	0.0001	0.0009	0.0001	0.0001	0.0000	0.0005	0.0001	0.0009		
92	141	0.5641	7	0	1	0	0	0	0	0	0	N	N	N	N	N	N	N	N	N	N	N	N	0.0173	0.0001	0.2575	0.0001	0.0001	0.0000	0.0328	0.0001	0.2294	0.0001	0.0000	0.0009	0.0000	0.0000	0.0000	0.0002	0.0000	0.0010	0.0073	0.0092	0.0035	0.0096	0.0116	0.0001	0.0051	0.0056	0.0046	278.3761	0.1914	0.0000	-0.0004	3.9161	1.0003	29.2065	5.0186	0.0000	0.0000	0.0000	0.0000	0.0000	0.0000	0.0000	0.0000	0.0000	0.0014	0.0012	0.0002	0.0009	0.0009	0.0000	0.0005	0.0003	0.0002	0.0241	0.0207	0.0034	0.0059	0.0054	0.0005	0.0182	0.0153	0.0029	0.1976	0.1309	0.0666	0.0959	0.0796	0.0163	0.1017	0.0514	0.0504	0.0173	0.0001	0.2575	0.0001	0.0001	0.0000	0.0328	0.0001	0.2294	0.0073	0.0092	0.0035	0.0096	0.0116	0.0001	0.0051	0.0056	0.0046
92	142	0.2008	5	0	0	1	1	0	0	0	0	N	N	N	N	N	N	N	N	N	N	N	N	0.0000	0.0000	0.1233	0.0000	0.0000	0.0001	0.0000	0.1195	0.0002	0.0000	0.0009	0.0000	0.0000	0.0000	0.0003	0.0000	0.0010	3.8992	8.5348	0.0077	0.0006	0.0007	0.0000	4.4766	8.7974	0.0080	inf	0.0009	0.0000	-0.6113	3.9161	0.0001	29.2065	9.0026	0.0000	0.0000	0.0000	0.0000	0.0000	0.0000	0.0000	0.0000	0.0000	1.3362	1.3351	0.0012	0.0000	0.0000	0.0000	1.3362	1.3350	0.0012	0.0000	0.0000	0.0000	0.0000	0.0000	0.0000	0.0000	0.0000	0.0000	0.3491	0.1960	0.1531	0.0506	0.0442	0.0063	0.2985	0.1518	0.1467	0.0000	0.0000	0.1233	0.0000	0.0000	0.0000	0.0001	0.0000	0.1195	3.8282	6.8117	0.0077	0.0006	0.0007	0.0000	4.4766	8.7974	0.0080	
92	143	0.5495	7	0	0	1	1	0	0	0	0	N	N	N	N	N	N	N	N	N	N	N	N	1.6842	0.0579	317.3371	0.3808	0.3440	0.0000	1.3508	0.0213	288.8052	0.1573	0.0081	1.0373	0.0135	0.0147	0.0000	0.1979	0.0061	1.1885	0.0934	0.1400	0.0033	0.0354	0.0428	0.0007	0.1465	0.2849	0.0041	21.7048	0.0121	0.0039	-0.0138	3.9161	2.0061	29.2065	8.0425	0.0075	0.0003	0.0072	0.0001	0.0001	0.0000	0.0074	0.0002	0.0072	0.0309	0.0306	0.0004	0.0056	0.0056	0.0000	0.0253	0.0250	0.0004	0.0479	0.0410	0.0070	0.0105	0.0097	0.0009	0.0374	0.0313	0.0061	0.3313	0.2183	0.1130	0.1583	0.1306	0.0277	0.1730	0.0877	0.0853	1.6842	0.0579	317.3371	0.3808	0.3440	0.0000	1.3508	0.0213	288.8052	0.0934	0.1400	0.0033	0.0354	0.0428	0.0007	0.1465	0.2849	0.0041
92	144	0.5404	6	0	0	0	1	0	0	0	0	N	N	N	N	N	N	N	N	N	N	N	N	7.6829	6.5635	0.0002	231.2135	233.7050	0.0002	0.0000	0.0000	0.0002	5.9975	7.0255	0.0000	21.3183	23.7552	0.0000	0.0000	0.0000	0.0000	0.7806	1.0704	0.0501	0.0922	0.1016	0.0175	1.4349	2.5489	0.0579	0.0000	0.0186	-0.1335	-0.0749	3.9161	1.9550	29.2065	2.1189	0.3026	0.3026	0.0000	0.3026	0.3026	0.0000	0.0000	0.0000	0.0000	0.1702	0.1671	0.0031	0.0098	0.0096	0.0002	0.1604	0.1575	0.0029	0.0505	0.0431	0.0074	0.0142	0.0127	0.0015	0.0363	0.0303	0.0059	0.2180	0.1561	0.0619	0.1062	0.0943	0.0119	0.1118	0.0618	0.0500	7.6829	6.5635	0.0002	231.2135	233.7050	0.0002	0.0000	0.0000	0.0002	0.7806	1.0704	0.0501	0.0922	0.1016	0.0175	1.4349	2.5489	0.0579
92	145	0.5404	6	0	0	1	1	0	0	0	0	N	N	N	N	N	N	N	N	N	N	N	N	0.0103	0.0001	4.3610	0.0000	0.0000	0.0063	0.0203	0.0001	9.2910	0.0238	0.0003	0.1616	0.0001	0.0000	0.0006	0.0329	0.0004	0.2001	2.3118	3.4220	0.0370	3.0850	3.6474	0.0896	1.6189	3.0948	0.0215	106.4159	0.0053	0.0007	-0.7579	3.9161	2.1261	29.2065	18.6477	0.0013	0.0000	0.0013	0.0000	0.0000	0.0000	0.0013	0.0000	0.0013	1.6726	1.6638	0.0088	1.0550	1.0501	0.0048	0.6176	0.6137	0.0039	0.0545	0.0466	0.0080	0.0152	0.0136	0.0015	0.0393	0.0329	0.0064	0.7235	0.4862	0.2373	0.3420	0.2879	0.0541	0.3815	0.1983	0.1832	0.0103	0.0001	4.3610	0.0000	0.0000	0.0063	0.0203	0.0001	9.2910	2.3118	3.4220	0.0370	3.0850	3.6474	0.0896	1.6189	3.0948	0.0215
92	146	0.2008	5	0	0	1	1	0	0	0	0	N	N	N	N	N	N	N	N	N	N	N	N	0.0003	0.0001	0.0000	0.0000	0.0000	0.0002	0.0001	0.0000	0.0008	0.0009	0.0000	0.0000	0.0000	0.0000	0.0009	0.0010	0.0000	3.1938	6.6142	0.0077	0.0120	0.0137	0.0000	3.7332	7.3381	0.0080	0.0000	0.0011	-0.0000	-0.4543	3.9161	2.0001	29.2065	5.9880	0.0000	0.0000	0.0000	0.0000	0.0000	0.0000	0.0000	0.0000	0.0000	0.9934	0.9923	0.0010	0.0005	0.0005	0.0000	0.9928	0.9918	0.0010	0.0497	0.0422	0.0076	0.0033	0.0031	0.0002	0.0464	0.0391	0.0073	0.3110	0.1746	0.1364	0.0451	0.0394	0.0056	0.2659	0.1352	0.1308	0.0003	0.0002	0.0000	0.0000	0.0000	0.0000	0.0002	0.0001	0.0000	3.1938	5.6833	0.0077	0.0120	0.0137	0.0000	3.7332	7.3381	0.0080	
92	147	0.2008	5	0	0	1	1	0	0	0	0	N	N	N	N	N	N	N	N	N	N	N	N	0.8356	0.5191	7.2315	0.0000	0.0000	0.0000	0.7746	0.4375	8.8417	1.4621	1.5581	0.9209	0.0000	0.0000	0.0000	1.5662	1.6806	0.9499	1.7496	3.0013	0.1273	0.1275	0.0613	0.5801	2.0221	3.8413	0.1074	0.1049	0.0327	-0.1097	-0.8455	3.9161	9.0001	29.2065	23.0169	0.3168	0.2867	0.0301	0.0000	0.0000	0.0000	0.3168	0.2867	0.0301	1.9816	1.9188	0.0628	0.0208	0.0087	0.0121	1.9609	1.9101	0.0508	0.2167	0.1840	0.0327	0.0144	0.0134	0.0010	0.2023	0.1706	0.0317	1.1326	0.6393	0.4933	0.1629	0.1421	0.0208	0.9697	0.4972	0.4725	0.8356	0.5191	7.2315	0.0000	0.0000	0.0000	0.7746	0.4375	8.8417	1.7496	3.0013	0.1273	0.1275	0.0613	0.5801	2.0221	3.8413	0.1074
92	148	0.1755	4	0	0	0	1	0	0	0	0	N	N	N	N	N	N	N	N	N	N	N	N	0.0009	0.0001	0.0074	0.0027	0.0020	1.8098	0.0008	0.0000	0.0072	0.0030	0.0002	0.0186	0.0024	0.0019	0.0084	0.0031	0.0001	0.0189	3.2443	3.7948	2.5290	0.8608	0.9601	0.0047	3.6987	4.7591	2.6294	17.6910	0.5128	0.0001	-0.1654	3.9161	1.9990	29.2065	7.9526	0.0002	0.0000	0.0001	0.0000	0.0000	0.0000	0.0001	0.0000	0.0001	1.3853	0.9157	0.4696	0.0588	0.0588	0.0000	1.3265	0.8569	0.4696	0.0500	0.0423	0.0077	0.0033	0.0031	0.0002	0.0467	0.0393	0.0074	0.4270	0.2413	0.1857	0.0684	0.0613	0.0071	0.3586	0.1801	0.1786	0.0009	0.0001	0.0074	0.0027	0.0020	1.8098	0.0008	0.0000	0.0072	3.2443	3.7948	2.5290	0.8608	0.9601	0.0047	3.6987	4.7591	2.6294
92	149	0.1435	3	1	1	0	0	0	0	0	0	N	N	N	N	N	N	N	N	N	N	N	N	0.1972	0.0092	0.8690	0.0215	0.0100	0.1228	0.1843	0.0077	0.8615	0.4972	0.0162	3.1624	0.0022	0.0006	0.0838	0.5565	0.0184	3.2030	2.5213	1.7625	3.6393	0.1011	0.0631	0.6821	3.0188	2.3869	3.7178	35.1551	1.4015	0.0412	0.3291	3.9161	5.3497	29.2065	17.2225	0.0775	0.0021	0.0753	0.0000	0.0000	0.0000	0.0774	0.0021	0.0753	2.6282	1.0944	1.5338	0.0180	0.0105	0.0074	2.6103	1.0839	1.5264	0.1558	0.1320	0.0238	0.0167	0.0164	0.0003	0.1392	0.1156	0.0235	1.0424	0.6209	0.4215	0.1777	0.1668	0.0109	0.8647	0.4541	0.4106	0.1972	0.0092	0.8690	0.0215	0.0100	0.1228	0.1843	0.0077	0.8615	2.5213	1.7625	3.6393	0.1011	0.0631	0.6821	3.0188	2.3869	3.7178
92	150	0.1744	4	0	1	0	0	0	0	0	0	N	N	N	N	N	N	N	N	N	N	N	N	0.2129	0.2575	0.0282	2.7325	2.6214	0.0494	0.0062	0.0020	0.0280	0.4614	0.5221	0.0678	1.8791	1.9321	0.0050	0.0165	0.0056	0.0710	2.1670	2.0278	2.4039	0.6877	0.7371	0.1018	2.6655	2.7828	2.5325	0.0200	0.6969	-0.0283	-0.1140	3.9161	3.6794	29.2065	17.4287	0.0672	0.0658	0.0013	0.0653	0.0653	0.0000	0.0018	0.0005	0.0013	2.3913	1.4092	0.9821	0.1912	0.1890	0.0022	2.2000	1.2201	0.9799	0.1456	0.1261	0.0195	0.0348	0.0338	0.0010	0.1108	0.0923	0.0185	1.1035	0.6949	0.4085	0.2781	0.2565	0.0216	0.8254	0.4385	0.3869	0.2129	0.2575	0.0282	2.7325	2.6214	0.0494	0.0062	0.0020	0.0280	2.1670	2.0278	2.4039	0.6877	0.7371	0.1018	2.6655	2.7828	2.5325
92	151	0.1435	3	0	1	0	0	0	0	0	0	N	N	N	N	N	N	N	N	N	N	N	N	2.8814	3.6349	0.5225	0.4533	0.4822	0.3720	5.1734	55.5554	0.5172	7.6143	8.6932	1.5913	5.0052	5.0693	0.1915	8.0374	9.3958	1.6084	2.6425	2.3916	3.0454	11.0422	10.5123	0.5148	1.5536	0.1691	3.1100	0.0328	0.7932	-0.3442	-0.0307	3.9161	3.4464	29.2065	10.1316	0.8407	0.8140	0.0267	0.0771	0.0771	0.0000	0.7636	0.7369	0.0267	1.9149	1.0679	0.8471	1.0199	1.0163	0.0036	0.8951	0.0516	0.8435	0.1104	0.0936	0.0168	0.0154	0.0152	0.0002	0.0950	0.0784	0.0166	0.7247	0.4465	0.2781	0.1485	0.1416	0.0069	0.5761	0.3049	0.2712	2.8814	3.6349	0.5225	0.7290	0.7063	0.3720	5.1734	55.5554	0.5172	2.6425	2.3916	3.0454	6.8660	7.1768	0.5148	1.5536	0.1691	3.1100
92	152	0.5709	9	1	1	0	0	0	0	0	0	N	N	N	N	N	N	N	N	N	N	N	N	0.7443	0.7241	0.0778	1.4207	1.4311	0.0000	0.5301	16.3945	0.1211	0.0804	0.0928	0.0054	0.2794	0.3035	0.0000	0.0137	0.0152	0.0062	0.1081	0.1281	0.0690	0.1966	0.2121	0.1224	0.0259	0.0009	0.0516	0.0095	0.2753	-0.0009	-0.0108	3.9161	1.0143	29.2065	12.0086	0.0020	0.0020	0.0000	0.0017	0.0017	0.0000	0.0003	0.0002	0.0000	0.0444	0.0348	0.0096	0.0389	0.0347	0.0042	0.0055	0.0001	0.0054	0.0249	0.0214	0.0035	0.0063	0.0058	0.0005	0.0187	0.0157	0.0030	0.4108	0.2718	0.1390	0.1978	0.1637	0.0341	0.2131	0.1081	0.1050	0.7443	0.7241	0.0778	1.4207	1.4311	0.0000	0.5301	16.3945	0.1211	0.1081	0.1281	0.0690	0.1966	0.2121	0.1224	0.0259	0.0009	0.0516
92	153	0.5686	8	1	1	0	0	0	0	0	0	N	N	N	N	N	N	N	N	N	N	N	N	19.6254	24.0982	11.0364	77.0152	82.0428	0.0000	2.5144	0.0000	11.5195	0.0120	0.0125	0.0087	0.0438	0.0477	0.0000	0.0016	0.0000	0.0102	0.0006	0.0005	0.0008	0.0006	0.0006	0.0005	0.0006	0.0004	0.0009	0.1147	0.7722	-0.0001	-0.0000	3.9161	0.9811	29.2065	0.0216	0.0003	0.0003	0.0000	0.0003	0.0003	0.0000	0.0000	0.0000	0.0000	0.0000	0.0000	0.0000	0.0000	0.0000	0.0000	0.0000	0.0000	0.0000	0.0238	0.0205	0.0034	0.0058	0.0054	0.0005	0.0180	0.0151	0.0029	0.0336	0.0223	0.0113	0.0164	0.0136	0.0028	0.0172	0.0087	0.0085	19.6254	24.0982	11.0364	77.0152	82.0428	0.0000	2.5144	0.0000	11.5195	0.0006	0.0005	0.0008	0.0006	0.0006	0.0005	0.0006	0.0004	0.0009
92	154	0.5641	7	1	1	0	0	0	0	0	0	N	N	N	N	N	N	N	N	N	N	N	N	1.0690	0.0028	91.8018	0.0031	0.0029	0.0000	17.3956	0.0335	99.5551	0.0140	0.0001	0.0964	0.0001	0.0001	0.0000	0.0207	0.0000	0.1263	0.0131	0.0192	0.0011	0.0256	0.0306	0.0004	0.0012	0.0011	0.0013	299.1878	0.0276	0.0000	-0.0004	3.9161	0.0083	29.2065	2.0001	0.0000	0.0000	0.0000	0.0000	0.0000	0.0000	0.0000	0.0000	0.0000	0.0009	0.0009	0.0000	0.0009	0.0009	0.0000	0.0000	0.0000	0.0000	0.0002	0.0002	0.0000	0.0001	0.0001	0.0000	0.0002	0.0001	0.0000	0.0687	0.0457	0.0230	0.0335	0.0280	0.0055	0.0352	0.0177	0.0175	1.0690	0.0028	91.8018	0.0031	0.0029	0.0000	17.3956	0.0335	99.5551	0.0131	0.0192	0.0011	0.0256	0.0306	0.0004	0.0012	0.0011	0.0013
92	155	0.5404	6	0	1	0	0	0	0	0	0	N	N	N	N	N	N	N	N	N	N	N	N	0.0088	0.0001	0.9479	0.0001	0.0001	0.0000	0.2119	0.0008	0.9151	0.0177	0.0002	0.1215	0.0006	0.0007	0.0000	0.0240	0.0001	0.1481	2.0234	2.8901	0.1282	4.1008	4.7843	0.0077	0.1133	0.0701	0.1618	90.1636	0.0203	0.0007	-0.3680	3.9161	2.9180	29.2065	7.4065	0.0013	0.0000	0.0013	0.0000	0.0000	0.0000	0.0013	0.0000	0.0013	0.8393	0.8226	0.0167	0.8148	0.8146	0.0002	0.0245	0.0080	0.0165	0.0732	0.0626	0.0106	0.0196	0.0177	0.0019	0.0536	0.0449	0.0087	0.4148	0.2846	0.1302	0.1987	0.1703	0.0284	0.2161	0.1144	0.1017	0.0088	0.0001	0.9479	0.0001	0.0001	0.0000	0.2119	0.0008	0.9151	2.0234	2.8901	0.1282	4.1008	4.7843	0.0077	0.1133	0.0701	0.1618
92	156	0.4746	5	0	0	0	0	0	0	0	0	N	N	N	N	N	N	N	N	N	N	N	N	2.2653	2.8398	0.1360	1.4882	1.7156	0.7906	1.9555	1.9907	0.0642	3.2993	3.7290	0.2385	0.9136	0.9161	0.8726	4.4616	5.2576	0.1240	1.4565	1.3131	1.7541	0.6139	0.5340	1.1038	2.2816	2.6411	1.9306	0.0090	0.6432	-0.4133	-0.1217	3.9161	8.2479	29.2065	19.7214	0.9563	0.9477	0.0085	0.0867	0.0820	0.0048	0.8695	0.8658	0.0037	1.8181	1.1065	0.7117	0.3792	0.2836	0.0956	1.4390	0.8229	0.6161	0.2898	0.2542	0.0357	0.0949	0.0895	0.0055	0.1949	0.1647	0.0302	1.2483	0.8426	0.4057	0.6177	0.5310	0.0866	0.6307	0.3116	0.3191	2.2653	2.8398	0.1360	1.4882	1.7156	0.7906	1.9555	1.9907	0.0642	1.4565	1.3131	1.7541	0.6139	0.5340	1.1038	2.2816	2.6411	1.9306
92	157	0.4385	4	0	0	0	0	0	0	0	0	N	N	N	N	N	N	N	N	N	N	N	N	4.1515	5.8844	0.9012	0.2948	0.3463	0.0458	5.0655	9.1267	1.0282	4.0959	4.5352	1.3081	0.2692	0.2850	0.0653	5.4065	6.1399	1.5015	0.9866	0.7707	1.4515	0.9133	0.8230	1.4246	1.0673	0.6727	1.4603	0.0454	0.8747	-0.3550	0.0100	3.9161	7.4725	29.2065	14.3153	0.8928	0.8540	0.0388	0.0150	0.0147	0.0003	0.8778	0.8393	0.0385	1.2161	0.6487	0.5674	0.5898	0.4517	0.1381	0.6263	0.1970	0.4293	0.2180	0.1883	0.0297	0.0556	0.0516	0.0040	0.1624	0.1367	0.0257	1.2326	0.8417	0.3909	0.6458	0.5489	0.0969	0.5868	0.2928	0.2940	4.1515	5.8844	0.9012	0.2948	0.3463	0.0458	5.0655	9.1267	1.0282	0.9866	0.7707	1.4515	0.9133	0.8230	1.4246	1.0673	0.6727	1.4603
92	158	0.3730	3	0	0	0	0	0	0	0	0	N	N	N	N	N	N	N	N	N	N	N	N	0.2118	0.1487	0.5420	0.2872	0.5732	0.0015	0.1991	0.0379	0.9181	0.3454	0.1531	1.5975	0.4972	0.5241	0.0105	0.3062	0.0458	1.7370	1.6304	1.0293	2.9472	1.7311	0.9143	7.1987	1.5377	1.2075	1.8920	1.6028	1.3071	0.0196	0.3106	3.9161	11.6653	29.2065	19.4910	0.1120	0.0430	0.0690	0.0331	0.0331	0.0000	0.0789	0.0100	0.0689	2.8712	1.2446	1.6267	1.4617	0.6717	0.7901	1.4095	0.5729	0.8366	0.3243	0.2811	0.0432	0.0666	0.0631	0.0035	0.2577	0.2180	0.0397	1.7610	1.2091	0.5519	0.8444	0.7346	0.1098	0.9166	0.4744	0.4422	0.2118	0.1487	0.5420	0.2872	0.5732	0.0015	0.1991	0.0379	0.9181	1.6304	1.0293	2.9472	1.7311	0.9143	7.1987	1.5377	1.2075	1.8920
92	159	0.3257	2	0	0	0	0	0	0	0	0	N	N	N	N	N	N	N	N	N	N	N	N	0.7721	0.0920	9.8824	0.5271	0.5277	0.0463	0.7451	0.0025	10.9814	1.3235	0.1919	8.7814	0.7491	0.7816	0.0463	1.4819	0.0077	9.4649	1.7142	2.0867	0.8886	1.4214	1.4812	0.9998	1.9890	3.0550	0.8619	6.9416	0.1921	0.1302	-0.9310	3.9161	7.3933	29.2065	20.5306	0.3008	0.0379	0.2629	0.0368	0.0367	0.0001	0.2640	0.0012	0.2628	3.1328	2.6278	0.5049	1.2575	1.1476	0.1099	1.8752	1.4803	0.3950	0.2273	0.1973	0.0299	0.0491	0.0470	0.0022	0.1781	0.1504	0.0278	1.8275	1.2593	0.5682	0.8847	0.7748	0.1100	0.9428	0.4845	0.4583	0.7721	0.0920	9.8824	0.5271	0.5277	0.0463	0.7451	0.0025	10.9814	1.7142	2.0867	0.8886	1.4214	1.4812	0.9998	1.9890	3.0550	0.8619
92	161	0.1941	7	1	1	0	0	0	0	0	0	N	N	N	N	N	N	N	N	N	N	N	N	0.0004	0.0030	0.0000	0.0000	0.0000	0.0000	0.0006	0.0037	0.0000	0.0007	0.0007	0.0000	0.0000	0.0000	0.0000	0.0010	0.0011	0.0000	1.4830	0.2357	3.0933	0.0048	0.0047	0.0060	1.7149	0.2981	3.2083	0.0000	10.1674	-0.0000	0.0823	3.9161	0.0002	29.2065	3.0099	0.0000	0.0000	0.0000	0.0000	0.0000	0.0000	0.0000	0.0000	0.0000	0.1820	0.0163	0.1657	0.0001	0.0001	0.0000	0.1820	0.0162	0.1657	0.0000	0.0000	0.0000	0.0000	0.0000	0.0000	0.0000	0.0000	0.0000	0.1227	0.0692	0.0536	0.0166	0.0147	0.0019	0.1061	0.0544	0.0517	0.0004	0.0030	0.0000	0.0000	0.0000	0.0000	0.0006	0.0037	0.0000	1.4830	0.2357	3.0933	0.0048	0.0047	0.0060	1.7149	0.2981	3.2083
92	162	0.1864	6	1	1	0	0	0	0	0	0	N	N	N	N	N	N	N	N	N	N	N	N	0.1557	1.3485	0.0000	0.0000	0.0000	0.1470	1.3554	0.0000	0.0016	0.0019	0.0000	0.0000	0.0000	0.0000	0.0017	0.0020	0.0000	0.0103	0.0014	0.0214	0.0009	0.0010	0.0000	0.0116	0.0015	0.0222	0.0000	12.1897	-0.0000	0.0006	3.9161	0.9998	29.2065	2.0118	0.0000	0.0000	0.0000	0.0000	0.0000	0.0000	0.0000	0.0000	0.0000	0.0012	0.0001	0.0011	0.0000	0.0000	0.0000	0.0012	0.0001	0.0011	0.0250	0.0211	0.0038	0.0016	0.0015	0.0001	0.0234	0.0197	0.0037	0.1201	0.0668	0.0533	0.0151	0.0132	0.0019	0.1050	0.0536	0.0514	0.1557	1.3485	0.0000	0.0000	0.0000	0.0000	0.1470	1.3554	0.0000	0.0103	0.0014	0.0214	0.0009	0.0010	0.0000	0.0116	0.0015	0.0222	
92	163	0.1864	5	1	1	0	0	0	0	0	0	N	N	N	N	N	N	N	N	N	N	N	N	0.0000	0.0000	0.0000	0.0000	0.0000	0.0000	0.0000	0.0000	0.0000	0.0000	0.0000	0.0000	0.0000	0.0000	0.0000	0.0000	0.0000	0.1238	0.0808	0.2820	0.1042	0.1057	0.0000	0.1354	0.0592	0.2894	0.9484	0.0000	0.0000	3.9161	0.0000	29.2065	0.0003	0.0000	0.0000	0.0000	0.0000	0.0000	0.0000	0.0000	0.0000	0.0000	0.0000	0.0000	0.0000	0.0000	0.0000	0.0000	0.0000	0.0000	0.0000	0.0000	0.0000	0.0000	0.0000	0.0000	0.0000	0.0000	0.0000	0.0000	0.0000	0.0000	0.0000	0.0000	0.0000	0.0000	0.0000	0.0000	0.0000	0.0000	0.0000	0.0000	0.0000	0.0000	0.0000	0.0000	0.0000	0.0000	0.1238	0.0808	0.2820	0.1042	0.1057	0.0000	0.1354	0.0592	0.2894		
92	164	0.1755	4	0	1	0	0	0	0	0	0	N	N	N	N	N	N	N	N	N	N	N	N	0.0319	0.0019	0.3124	0.0619	0.0432	231.4192	0.0500	0.0008	0.2970	0.2631	0.0200	1.3230	0.0435	0.0334	2.0536	0.3882	0.0093	1.3159	8.2542	10.5741	4.2355	0.7030	0.7735	0.0089	7.7602	11.2175	4.4303	15.1512	0.3972	0.0001	-0.2378	3.9161	0.0063	29.2065	4.3641	0.0001	0.0000	0.0001	0.0000	0.0000	0.0000	0.0001	0.0000	0.0001	1.3657	0.9775	0.3882	0.0308	0.0307	0.0000	1.3349	0.9467	0.3882	0.0005	0.0004	0.0001	0.0002	0.0002	0.0000	0.0003	0.0002	0.0001	0.2158	0.1241	0.0917	0.0438	0.0397	0.0040	0.1720	0.0844	0.0876	0.0416	0.0025	0.3124	0.0619	0.0432	231.4192	0.0500	0.0008	0.2970	6.3285	7.8739	4.2355	0.7030	0.7735	0.0089	7.7602	11.2175	4.4303
92	165	0.1435	3	0	0	0	0	0	0	0	0	N	N	N	N	N	N	N	N	N	N	N	N	0.5549	0.0298	8.1959	0.0392	0.0449	41.1521	1.5761	0.0349	8.0826	0.9140	0.0665	5.6820	0.2491	0.2499	0.1739	1.0482	0.0218	5.7446	1.6470	2.2317	0.6933	6.3618	5.5613	0.0042	0.6651	0.6246	0.7107	15.1926	0.1904	0.0400	-0.3374	3.9161	2.5207	29.2065	10.0226	0.0805	0.0050	0.0755	0.0037	0.0037	0.0000	0.0768	0.0013	0.0755	1.1308	0.9499	0.1809	0.7706	0.7706	0.0000	0.3602	0.1793	0.1809	0.0880	0.0748	0.0133	0.0148	0.0146	0.0001	0.0733	0.0601	0.0131	0.6866	0.4257	0.2609	0.1450	0.1386	0.0064	0.5416	0.2871	0.2545	0.5549	0.0298	8.1959	0.0469	0.0449	41.1521	1.5761	0.0349	8.0826	1.6470	2.2317	0.6933	5.3142	5.5613	0.0042	0.6651	0.6246	0.7107
92	166	0.1280	2	0	0	0	0	0	0	0	0	N	N	N	N	N	N	N	N	N	N	N	N	0.4467	0.0276	1.8505	0.1621	0.1591	0.1044	0.4053	0.0161	1.8139	1.4736	0.0657	9.0852	0.2690	0.2717	0.0479	1.5739	0.0453	9.1396	3.2988	2.3786	4.9096	1.6592	1.7079	0.4586	3.8829	2.8195	5.0387	25.5974	1.1791	0.0587	0.1446	3.9161	2.6894	29.2065	4.6619	0.1126	0.0042	0.1083	0.0016	0.0016	0.0000	0.1110	0.0027	0.1083	1.7476	0.8020	0.9456	0.2309	0.2284	0.0025	1.5167	0.5736	0.9431	0.0764	0.0645	0.0119	0.0059	0.0058	0.0001	0.0705	0.0587	0.0119	0.5298	0.3371	0.1926	0.1392	0.1337	0.0054	0.3906	0.2034	0.1872	0.4467	0.0276	1.8505	0.1621	0.1591	0.1044	0.4053	0.0161	1.8139	3.2988	2.3786	4.9096	1.6592	1.7079	0.4586	3.8829	2.8195	5.0387
93	95	0.6500	9	2	2	0	0	0	0	0	0	Y	Y	N	N	N	N	N	N	N	N	N	N	0.9376	0.5666	7.4786	0.5759	0.0907	26.9104	5.7230	11.5953	0.0692	0.0380	0.0302	0.0925	0.0343	0.0065	0.4064	0.0406	0.0484	0.0007	0.0405	0.0533	0.0124	0.0596	0.0718	0.0151	0.0071	0.0042	0.0102	0.4390	0.1051	-0.0008	-0.0049	2.5103	8.0000	7.4742	22.5660	0.0055	0.0038	0.0017	0.0020	0.0004	0.0017	0.0035	0.0035	0.0000	0.0136	0.0123	0.0013	0.0127	0.0120	0.0007	0.0009	0.0003	0.0006	0.1458	0.1275	0.0183	0.0595	0.0553	0.0041	0.0863	0.0722	0.0141	0.3352	0.2307	0.1045	0.2136	0.1677	0.0460	0.1216	0.0630	0.0585	0.9376	0.5666	7.4786	0.5759	0.0907	26.9104	5.7230	11.5953	0.0692	0.0405	0.0533	0.0124	0.0596	0.0718	0.0151	0.0071	0.0042	0.0102
93	96	0.5760	7	1	1	0	0	0	0	0	0	N	N	N	N	N	N	N	N	N	N	N	N	71.9704	58.9698	0.3615	154.7049	138.5820	4.5143	16.1015	10.3016	0.1112	2.5501	2.9255	0.0012	6.0308	6.4664	0.0041	0.4884	0.5845	0.0005	0.0354	0.0496	0.0034	0.0390	0.0467	0.0009	0.0303	0.0567	0.0045	0.0001	0.0300	-0.2163	-0.0050	2.5103	11.9964	7.4742	18.8414	0.4904	0.4904	0.0000	0.4314	0.4314	0.0000	0.0590	0.0590	0.0000	0.0117	0.0114	0.0003	0.0076	0.0076	0.0000	0.0041	0.0038	0.0003	0.1923	0.1676	0.0247	0.0715	0.0667	0.0048	0.1208	0.1009	0.0199	0.3300	0.2288	0.1012	0.1945	0.1619	0.0327	0.1355	0.0670	0.0685	71.9704	58.9698	0.3615	154.7049	138.5820	4.5143	16.1015	10.3016	0.1112	0.0354	0.0496	0.0034	0.0390	0.0467	0.0009	0.0303	0.0567	0.0045
93	98	0.6805	11	2	2	1	0	0	0	0	0	Y	Y	N	N	N	N	N	N	N	N	N	N	0.0000	0.0000	0.0002	0.0000	0.0000	0.0000	0.0000	0.0000	0.0001	0.0000	0.0000	0.0000	0.0000	0.0000	0.0000	0.0000	0.0000	0.0000	0.0333	0.0359	0.0273	0.0393	0.0469	0.0106	0.0226	0.0073	0.0408	inf	0.3206	0.0000	-0.0016	2.5103	0.9502	7.4742	16.1595	0.0000	0.0000	0.0000	0.0000	0.0000	0.0000	0.0000	0.0000	0.0000	0.0072	0.0054	0.0017	0.0054	0.0051	0.0003	0.0018	0.0003	0.0014	0.0181	0.0159	0.0023	0.0075	0.0070	0.0005	0.0107	0.0089	0.0018	0.2160	0.1520	0.0641	0.1384	0.1097	0.0287	0.0776	0.0422	0.0354	0.0000	0.0000	0.0002	0.0000	0.0000	0.0000	0.0000	0.0000	0.0001	0.0333	0.0359	0.0273	0.0393	0.0469	0.0106	0.0226	0.0073	0.0408
93	99	0.5760	7	1	2	0	0	0	0	0	0	N	Y	N	N	N	N	N	N	N	N	N	N	518.1093	577.3219	0.0000	935.7298	1082.2803	0.0000	0.0830	0.1645	0.0000	5.2287	5.9988	0.0000	14.0560	15.0719	0.0000	0.0002	0.0003	0.0000	0.0101	0.0104	0.0094	0.0150	0.0139	0.0205	0.0030	0.0018	0.0042	0.0000	0.3997	-0.4436	-0.0005	2.5103	11.9964	7.4742	15.6499	1.0055	1.0055	0.0000	1.0055	1.0055	0.0000	0.0000	0.0000	0.0000	0.0030	0.0022	0.0009	0.0027	0.0021	0.0006	0.0004	0.0001	0.0003	0.1923	0.1676	0.0247	0.0715	0.0667	0.0048	0.1208	0.1009	0.0199	0.3017	0.2093	0.0923	0.1780	0.1483	0.0298	0.1236	0.0611	0.0626	518.1093	577.3219	0.0000	935.7298	1082.2803	0.0000	0.0830	0.1645	0.0000	0.0101	0.0104	0.0094	0.0150	0.0139	0.0205	0.0030	0.0018	0.0042
93	100	0.6835	12	2	1	1	0	0	0	0	0	Y	N	N	N	N	N	N	N	N	N	N	N	0.0000	0.0000	0.0000	0.0000	0.0000	0.0000	0.0000	0.0000	0.0000	0.0000	0.0000	0.0000	0.0000	0.0000	0.0000	0.0000	0.0000	0.0000	0.0123	0.0021	0.0360	0.0123	0.0027	0.0484	0.0124	0.0004	0.0260	7.2939	0.0000	0.0010	2.5103	1.0008	7.4742	13.9255	0.0000	0.0000	0.0000	0.0000	0.0000	0.0000	0.0000	0.0000	0.0000	0.0023	0.0003	0.0020	0.0015	0.0003	0.0012	0.0008	0.0000	0.0008	0.0190	0.0167	0.0024	0.0078	0.0073	0.0005	0.0112	0.0094	0.0019	0.1865	0.1305	0.0560	0.1203	0.0952	0.0251	0.0662	0.0353	0.0309	0.0000	0.0000	0.0000	0.0000	0.0000	0.0000	0.0000	0.0000	0.0000	0.0123	0.0021	0.0360	0.0123	0.0027	0.0484	0.0124	0.0004	0.0260	
93	101	0.6805	11	2	1	1	0	0	0	0	0	Y	N	N	N	N	N	N	N	N	N	N	N	0.0006	0.0000	0.0036	0.0000	0.0000	0.0000	0.0006	0.0000	0.0026	0.0000	0.0000	0.0001	0.0000	0.0000	0.0000	0.0000	0.0000	0.0001	0.0150	0.0133	0.0197	0.0114	0.0126	0.0066	0.0237	0.0157	0.0352	inf	0.5326	0.0000	-0.0001	2.5103	0.0532	7.4742	2.0467	0.0000	0.0000	0.0000	0.0000	0.0000	0.0000	0.0000	0.0000	0.0000	0.0009	0.0006	0.0003	0.0005	0.0004	0.0001	0.0004	0.0002	0.0003	0.0011	0.0009	0.0001	0.0004	0.0004	0.0000	0.0006	0.0005	0.0001	0.0602	0.0442	0.0160	0.0424	0.0338	0.0087	0.0178	0.0105	0.0073	0.0006	0.0000	0.0036	0.0000	0.0000	0.0000	0.0006	0.0000	0.0026	0.0150	0.0133	0.0197	0.0114	0.0126	0.0066	0.0237	0.0157	0.0352
93	102	0.6708	10	2	1	1	0	0	0	0	0	Y	N	N	N	N	N	N	N	N	N	N	N	0.0018	0.0016	0.0041	0.0030	0.0033	0.0000	0.0010	0.0002	0.0026	0.0003	0.0000	0.0020	0.0000	0.0000	0.0000	0.0004	0.0000	0.0026	0.1460	0.0127	0.4971	0.0137	0.0135	0.0144	0.4328	0.0103	1.0099	13.7819	14.8983	0.0000	0.0065	2.5103	2.0948	7.4742	3.0326	0.0000	0.0000	0.0000	0.0000	0.0000	0.0000	0.0000	0.0000	0.0000	0.0136	0.0009	0.0128	0.0009	0.0007	0.0002	0.0128	0.0002	0.0126	0.0397	0.0348	0.0049	0.0166	0.0155	0.0011	0.0231	0.0193	0.0038	0.0933	0.0676	0.0257	0.0638	0.0506	0.0132	0.0295	0.0170	0.0125	0.0018	0.0016	0.0041	0.0030	0.0033	0.0000	0.0010	0.0002	0.0026	0.1460	0.0127	0.4971	0.0137	0.0135	0.0144	0.4328	0.0103	1.0099
93	103	0.6500	9	2	1	1	0	0	0	0	0	Y	N	N	N	N	N	N	N	N	N	N	N	0.0025	0.7309	0.0000	6.5771	6.3759	0.0000	0.0000	0.0019	0.0000	0.0274	0.0314	0.0000	0.0666	0.0716	0.0000	0.0002	0.0003	0.0000	10.7602	0.0429	52.5328	0.0101	0.0112	0.0070	26.2678	0.1472	121.3621	0.0000	263.8653	-0.0009	0.5210	2.5103	3.9484	7.4742	4.8420	0.0020	0.0020	0.0000	0.0020	0.0020	0.0000	0.0000	0.0000	0.0000	0.9687	0.0037	0.9650	0.0009	0.0007	0.0002	0.9678	0.0029	0.9649	0.0732	0.0640	0.0092	0.0300	0.0279	0.0021	0.0432	0.0361	0.0071	0.1261	0.0852	0.0409	0.0883	0.0653	0.0230	0.0379	0.0199	0.0180	0.0036	0.7309	0.0000	6.5771	6.3759	0.0000	0.0000	0.0019	0.0000	7.6802	0.0429	23.5679	0.0101	0.0112	0.0070	25.5684	0.1472	53.6315
93	104	0.6084	8	1	2	0	0	0	0	0	0	N	Y	N	N	N	N	N	N	N	N	N	N	0.0009	0.0006	0.0000	0.0024	0.0022	0.0000	0.0000	0.0000	0.0000	0.0050	0.0056	0.0000	0.0105	0.0113	0.0000	0.0002	0.0002	0.0000	5.5009	8.7316	0.0320	4.4022	5.1525	0.0572	5.3421	10.9315	0.0230	0.0000	0.0021	-0.0004	-0.9250	2.5103	8.9557	7.4742	32.3127	0.0010	0.0010	0.0000	0.0010	0.0010	0.0000	0.0000	0.0000	0.0000	2.0272	2.0230	0.0042	1.0297	1.0277	0.0020	0.9975	0.9953	0.0022	0.1956	0.1734	0.0222	0.0906	0.0844	0.0062	0.1050	0.0891	0.0160	0.4206	0.2905	0.1301	0.2339	0.1995	0.0344	0.1867	0.0910	0.0957	0.0010	0.0008	0.0000	0.0024	0.0022	0.0000	0.0000	0.0000	0.0000	4.8195	6.9637	0.0320	4.4022	5.1525	0.0572	5.3421	10.9315	0.0230
93	105	0.6338	9	1	1	1	0	0	0	0	0	N	N	N	N	N	N	N	N	N	N	N	N	3.5904	6.1231	0.0000	7.9290	10.9735	0.0000	0.0000	0.0000	0.0000	0.0164	0.0186	0.0000	0.0332	0.0360	0.0000	0.0000	0.0000	0.0000	0.0046	0.0030	0.0078	0.0042	0.0033	0.0097	0.0050	0.0025	0.0072	0.0000	1.1852	-0.0007	0.0001	2.5103	4.2679	7.4742	7.8415	0.0015	0.0015	0.0000	0.0015	0.0015	0.0000	0.0000	0.0000	0.0000	0.0007	0.0003	0.0004	0.0004	0.0003	0.0001	0.0004	0.0001	0.0003	0.0939	0.0824	0.0115	0.0463	0.0427	0.0036	0.0476	0.0397	0.0079	0.1628	0.1115	0.0513	0.0912	0.0783	0.0129	0.0716	0.0332	0.0384	3.5904	6.1231	0.0000	7.9290	10.9735	0.0000	0.0000	0.0000	0.0000	0.0046	0.0030	0.0078	0.0042	0.0033	0.0097	0.0050	0.0025	0.0072
93	106	0.6084	8	1	1	0	0	0	0	0	0	N	N	N	N	N	N	N	N	N	N	N	N	0.5757	0.2211	3.2749	0.3436	0.3306	0.2754	0.7997	0.0031	4.3221	0.0281	0.0090	0.2217	0.0150	0.0156	0.0060	0.0447	0.0001	0.3679	0.0488	0.0407	0.0677	0.0436	0.0472	0.0218	0.0559	0.0249	0.0851	2.4258	0.7071	0.0005	-0.0003	2.5103	1.9301	7.4742	9.0954	0.0020	0.0006	0.0014	0.0006	0.0006	0.0000	0.0014	0.0000	0.0014	0.0073	0.0043	0.0030	0.0038	0.0035	0.0003	0.0035	0.0008	0.0028	0.0720	0.0655	0.0065	0.0403	0.0377	0.0026	0.0317	0.0279	0.0039	0.1497	0.1050	0.0447	0.0868	0.0746	0.0123	0.0628	0.0304	0.0324	0.5757	0.2211	3.2749	0.3436	0.3306	0.2754	0.7997	0.0031	4.3221	0.0488	0.0407	0.0677	0.0436	0.0472	0.0218	0.0559	0.0249	0.0851
93	107	0.5760	7	1	1	0	0	0	0	0	0	N	N	N	N	N	N	N	N	N	N	N	N	4.1957	3.4911	0.5779	9.3226	8.5823	1.0670	0.0465	0.0222	0.4458	0.1181	0.1355	0.0021	0.3154	0.3382	0.0046	0.0009	0.0008	0.0014	0.0282	0.0388	0.0036	0.0338	0.0394	0.0043	0.0200	0.0373	0.0032	0.0023	0.0398	-0.0033	-0.0020	2.5103	3.9049	7.4742	9.6098	0.0076	0.0076	0.0000	0.0076	0.0076	0.0000	0.0000	0.0000	0.0000	0.0047	0.0046	0.0002	0.0034	0.0033	0.0001	0.0014	0.0013	0.0001	0.0645	0.0561	0.0084	0.0241	0.0224	0.0016	0.0405	0.0337	0.0067	0.1682	0.1174	0.0508	0.0991	0.0834	0.0158	0.0690	0.0340	0.0351	4.1957	3.4911	0.5779	9.3226	8.5823	1.0670	0.0465	0.0222	0.4458	0.0282	0.0388	0.0036	0.0338	0.0394	0.0043	0.0200	0.0373	0.0032
93	108	0.5972	9	1	2	0	0	0	0	0	0	N	Y	N	N	N	N	N	N	N	N	N	N	0.0148	0.0032	0.1054	0.0184	0.0054	0.1411	0.0153	0.0000	0.0749	0.0004	0.0001	0.0022	0.0007	0.0002	0.0078	0.0001	0.0000	0.0007	0.0241	0.0253	0.0213	0.0392	0.0362	0.0552	0.0077	0.0059	0.0096	3.9655	0.3909	0.0000	-0.0015	2.5103	8.0392	7.4742	22.6195	0.0001	0.0000	0.0000	0.0000	0.0000	0.0000	0.0000	0.0000	0.0000	0.0083	0.0060	0.0023	0.0070	0.0055	0.0016	0.0013	0.0005	0.0008	0.1405	0.1227	0.0178	0.0558	0.0519	0.0039	0.0848	0.0708	0.0139	0.3446	0.2353	0.1092	0.1791	0.1510	0.0282	0.1655	0.0844	0.0811	0.0148	0.0032	0.1054	0.0184	0.0054	0.1411	0.0153	0.0000	0.0749	0.0241	0.0253	0.0213	0.0392	0.0362	0.0552	0.0077	0.0059	0.0096
93	109	0.5972	8	1	1	0	0	0	0	0	0	N	N	N	N	N	N	N	N	N	N	N	N	0.0021	0.0035	0.0000	0.0017	0.0027	0.0000	0.0039	0.0317	0.0000	0.0000	0.0001	0.0000	0.0001	0.0001	0.0000	0.0000	0.0000	0.0000	0.0231	0.0156	0.0476	0.0352	0.0242	0.1685	0.0102	0.0015	0.0231	0.0006	0.9271	-0.0000	0.0000	2.5103	0.2031	7.4742	2.0398	0.0000	0.0000	0.0000	0.0000	0.0000	0.0000	0.0000	0.0000	0.0000	0.0017	0.0009	0.0008	0.0013	0.0008	0.0005	0.0004	0.0000	0.0003	0.0037	0.0032	0.0005	0.0015	0.0014	0.0001	0.0022	0.0018	0.0004	0.0719	0.0551	0.0168	0.0372	0.0344	0.0028	0.0347	0.0207	0.0140	0.0021	0.0035	0.0000	0.0017	0.0027	0.0000	0.0039	0.0317	0.0000	0.0231	0.0156	0.0476	0.0352	0.0242	0.1685	0.0102	0.0015	0.0231
93	110	0.1691	4	2	1	1	0	0	0	0	0	Y	N	N	N	N	N	N	N	N	N	N	N	1.1947	0.9662	1.1434	1.1493	0.0011	0.0013	0.0000	0.0030	0.0031	0.0000	0.0000	0.0000	0.0000	0.0009	0.0013	0.0000	0.0027	0.0027	0.0000	0.0000	0.0000	0.0000	0.0000	0.0000	-0.0000	-0.0000	2.5103	0.0001	7.4742	0.0001	0.0000	0.0000	0.0000	0.0000	0.0000	0.0000	0.0000	0.0000	0.0000	0.0000	0.0000	0.0000	0.0000	0.0000	0.0000	0.0000	0.0000	0.0000	0.0000	0.0000	0.0000	0.0000	0.0000	0.0000	0.0000	0.0000	0.0000	0.0000	0.0000	0.0000	0.0000	0.0000	0.0000	0.0000	0.0000	0.0000	1.1947	0.9662	0.0000	1.1434	1.1493	0.0000	0.0000	0.0000	0.0000	0.0009	0.0013	0.0000	0.0027	0.0027	0.0000	0.0000	0.0000	0.0000					
93	111	0.1553	3	2	1	1	0	0	0	0	0	Y	N	N	N	N	N	N	N	N	N	N	N	9.2598	22.5123	0.1249	8.8816	11.0424	0.0004	1.9334	59392.9758	0.2027	0.1160	0.1440	0.0028	0.2246	0.2661	0.0000	0.0193	0.0239	0.0044	0.0125	0.0064	0.0221	0.0253	0.0241	0.0768	0.0100	0.0000	0.0216	0.0047	2.2176	-0.0050	0.0003	2.5103	1.6718	7.4742	2.9223	0.0114	0.0114	0.0001	0.0104	0.0104	0.0000	0.0010	0.0010	0.0001	0.0014	0.0004	0.0010	0.0005	0.0004	0.0000	0.0009	0.0000	0.0009	0.0983	0.0789	0.0195	0.0463	0.0391	0.0072	0.0520	0.0398	0.0122	0.1136	0.0692	0.0444	0.0188	0.0184	0.0004	0.0949	0.0508	0.0440	9.2598	22.5123	0.1249	8.8816	11.0424	0.0004	1.9334	59392.9758	0.2027	0.0125	0.0064	0.0221	0.0253	0.0241	0.0768	0.0100	0.0000	0.0216
93	112	0.0717	2	2	1	1	0	0	0	0	0	Y	N	N	N	N	N	N	N	N	N	N	N	2.8931	15.1036	0.8873	0.6832	0.6263	128.1880	3.1687	34492.6808	0.8551	3.8619	4.1808	2.6498	0.3562	0.3609	0.2130	5.4631	6.5557	2.7734	1.3349	0.2768	2.9863	0.5213	0.5763	0.0017	1.7241	0.0002	3.2433	0.1668	6.9118	-0.7185	0.4641	2.5103	14.0283	7.4742	7.1084	2.4097	2.0652	0.3445	0.0697	0.0683	0.0013	2.3400	1.9969	0.3431	1.1176	0.1413	0.9763	0.1413	0.1412	0.0000	0.9764	0.0001	0.9763	0.6240	0.4940	0.1300	0.1956	0.1894	0.0063	0.4283	0.3046	0.1237	0.8372	0.5103	0.3269	0.2709	0.2450	0.0259	0.5663	0.2653	0.3010	2.8931	15.1036	0.8873	0.6832	0.6263	128.1880	3.1687	34492.6808	0.8551	1.3349	0.2768	2.9863	0.5213	0.5763	0.0017	1.7241	0.0002	3.2433
93	115	0.6562	9	2	1	1	0	0	0	0	0	Y	N	N	N	N	N	N	N	N	N	N	N	0.0000	0.0000	0.3252	0.0002	0.0000	0.9678	0.0000	0.0000	0.1458	0.0000	0.0000	0.0000	0.0000	0.0000	0.0000	0.0000	0.0000	0.0000	0.0273	0.0409	0.0000	0.0118	0.0155	0.0000	0.0552	0.1108	0.0000	inf	0.0004	0.0000	-0.0008	2.5103	1.0009	7.4742	4.0038	0.0000	0.0000	0.0000	0.0000	0.0000	0.0000	0.0000	0.0000	0.0000	0.0017	0.0017	0.0000	0.0005	0.0005	0.0000	0.0013	0.0013	0.0000	0.0185	0.0161	0.0024	0.0071	0.0066	0.0005	0.0114	0.0096	0.0019	0.0635	0.0425	0.0211	0.0408	0.0312	0.0097	0.0227	0.0113	0.0114	0.0000	0.0000	0.3252	0.0002	0.0000	0.9678	0.0000	0.0000	0.1458	0.0273	0.0409	0.0000	0.0118	0.0155	0.0000	0.0552	0.1108	0.0000
93	116	0.6279	8	2	1	1	0	0	0	0	0	Y	N	N	N	N	N	N	N	N	N	N	N	0.0028	0.0007	1.3495	0.0029	0.0009	3.3861	0.1856	0.0064	0.6921	0.0007	0.0002	0.0041	0.0012	0.0005	0.0142	0.0003	0.0000	0.0017	0.2572	0.3692	0.0031	0.4345	0.5301	0.0042	0.0016	0.0009	0.0024	2.3735	0.0036	0.0000	-0.0182	2.5103	1.8441	7.4742	10.4794	0.0000	0.0000	0.0000	0.0000	0.0000	0.0000	0.0000	0.0000	0.0000	0.0401	0.0400	0.0001	0.0400	0.0399	0.0001	0.0001	0.0000	0.0001	0.0480	0.0421	0.0059	0.0213	0.0201	0.0012	0.0267	0.0220	0.0048	0.1560	0.1082	0.0477	0.0921	0.0753	0.0167	0.0639	0.0329	0.0310	0.0028	0.0007	1.3495	0.0029	0.0009	3.3861	0.1856	0.0064	0.6921	0.2572	0.3692	0.0031	0.4345	0.5301	0.0042	0.0016	0.0009	0.0024
93	117	0.3399	6	1	2	0	1	0	0	0	0	N	Y	N	N	N	N	N	N	N	N	N	N	0.0178	0.0067	7.0878	0.0193	0.0090	19.7078	0.0354	0.0001	0.5810	0.0134	0.0073	0.0635	0.0346	0.0179	0.4002	0.0006	0.0000	0.0041	0.7538	1.0832	0.0090	1.7968	1.9987	0.0203	0.0176	0.0263	0.0071	1.0756	0.0037	0.0003	-0.2238	2.5103	10.5071	7.4742	20.2622	0.0034	0.0017	0.0018	0.0033	0.0017	0.0017	0.0001	0.0000	0.0001	0.4923	0.4905	0.0018	0.4855	0.4850	0.0006	0.0068	0.0055	0.0012	0.2561	0.2280	0.0281	0.0965	0.0923	0.0042	0.1596	0.1357	0.0239	0.6531	0.4528	0.2003	0.2702	0.2426	0.0276	0.3829	0.2102	0.1727	0.0178	0.0067	7.0878	0.0193	0.0090	19.7078	0.0354	0.0001	0.5810	0.7538	1.0832	0.0090	1.7968	1.9987	0.0203	0.0176	0.0263	0.0071
93	118	0.5760	7	1	2	0	1	0	0	0	0	N	Y	N	N	N	N	N	N	N	N	N	N	0.0742	0.3990	0.0000	0.3924	0.7297	0.0000	0.0082	0.1600	0.0000	0.0012	0.0014	0.0000	0.0028	0.0031	0.0000	0.0002	0.0003	0.0000	0.0163	0.0035	0.0454	0.0073	0.0042	0.0225	0.0294	0.0018	0.0563	0.0000	5.7482	-0.0000	0.0021	2.5103	4.0036	7.4742	26.5072	0.0001	0.0001	0.0000	0.0001	0.0001	0.0000	0.0000	0.0000	0.0000	0.0053	0.0008	0.0045	0.0014	0.0007	0.0007	0.0039	0.0001	0.0038	0.0660	0.0574	0.0086	0.0246	0.0229	0.0017	0.0414	0.0345	0.0069	0.3265	0.2264	0.1001	0.1925	0.1602	0.0323	0.1340	0.0662	0.0678	0.0742	0.3990	0.0000	0.3924	0.7297	0.0000	0.0082	0.1600	0.0000	0.0163	0.0035	0.0454	0.0073	0.0042	0.0225	0.0294	0.0018	0.0563
93	119	0.6145	8	1	2	0	0	0	0	0	0	N	Y	N	N	N	N	N	N	N	N	N	N	0.0262	0.0173	1.7178	0.0346	0.0254	4.9398	0.0061	0.0005	0.3582	0.0043	0.0039	0.0076	0.0079	0.0070	0.0297	0.0002	0.0000	0.0012	0.1648	0.2278	0.0044	0.2296	0.2743	0.0060	0.0388	0.0752	0.0034	0.2164	0.0077	-0.0001	-0.0236	2.5103	3.8169	7.4742	21.2433	0.0005	0.0004	0.0001	0.0004	0.0004	0.0001	0.0000	0.0000	0.0000	0.0523	0.0519	0.0004	0.0481	0.0479	0.0002	0.0042	0.0040	0.0002	0.1044	0.0939	0.0105	0.0552	0.0528	0.0024	0.0491	0.0410	0.0081	0.3171	0.2277	0.0894	0.2094	0.1745	0.0349	0.1077	0.0531	0.0546	0.0262	0.0173	1.7178	0.0346	0.0254	4.9398	0.0061	0.0005	0.3582	0.1648	0.2278	0.0044	0.2296	0.2743	0.0060	0.0388	0.0752	0.0034
93	120	0.3933	8	1	2	0	0	0	0	0	0	N	Y	N	N	N	N	N	N	N	N	N	N	5.0515	4.4330	3.0407	0.7471	0.8339	0.0003	160.9703	1069.8938	21.2758	0.1125	0.1237	0.0340	0.0464	0.0484	0.0000	0.1520	0.1756	0.0389	0.0223	0.0279	0.0112	0.0621	0.0581	0.1037	0.0009	0.0002	0.0018	0.0389	0.2029	-0.0154	-0.0045	2.5103	16.3276	7.4742	34.9199	0.0382	0.0367	0.0014	0.0059	0.0059	0.0000	0.0323	0.0308	0.0014	0.0155	0.0129	0.0026	0.0151	0.0129	0.0022	0.0004	0.0000	0.0004	0.3390	0.2970	0.0420	0.1267	0.1214	0.0053	0.2124	0.1756	0.0367	0.6980	0.4634	0.2345	0.2434	0.2219	0.0215	0.4545	0.2415	0.2130	5.0515	4.4330	3.0407	0.7471	0.8339	0.0003	160.9703	1069.8938	21.2758	0.0223	0.0279	0.0112	0.0621	0.0581	0.1037	0.0009	0.0002	0.0018
93	121	0.3760	7	1	2	0	0	0	0	0	0	N	Y	N	N	N	N	N	N	N	N	N	N	135.0244	161.6594	1.2152	20.9768	26.0552	0.0937	192.0232	239.1434	1.6284	4.4357	6.1000	0.0271	0.5054	0.5185	0.0074	7.3047	13.3903	0.0279	0.0329	0.0377	0.0223	0.0241	0.0199	0.0793	0.0380	0.0560	0.0171	0.0017	0.2734	-0.4468	-0.0031	2.5103	6.1757	7.4742	14.5601	1.0167	1.0150	0.0017	0.0489	0.0489	0.0000	0.9679	0.9662	0.0017	0.0126	0.0099	0.0027	0.0034	0.0026	0.0008	0.0091	0.0072	0.0019	0.2292	0.1664	0.0628	0.0967	0.0942	0.0025	0.1325	0.0722	0.0603	0.3823	0.2613	0.1209	0.1422	0.1322	0.0100	0.2400	0.1291	0.1109	135.0244	161.6594	1.2152	20.9768	26.0552	0.0937	192.0232	239.1434	1.6284	0.0329	0.0377	0.0223	0.0241	0.0199	0.0793	0.0380	0.0560	0.0171
93	122	0.3229	6	1	1	0	0	0	0	0	0	N	N	N	N	N	N	N	N	N	N	N	N	114.8858	117.1804	2.1834	142.3539	177.6159	0.1296	4.0505	3.2898	4.8765	1.9306	2.2340	0.0270	4.7978	5.0254	0.0149	0.0358	0.0375	0.0289	0.0168	0.0191	0.0124	0.0337	0.0283	0.1146	0.0088	0.0114	0.0059	0.0019	0.3311	-0.1605	-0.0017	2.5103	7.5400	7.4742	21.4192	0.3654	0.3647	0.0007	0.3613	0.3613	0.0001	0.0041	0.0034	0.0007	0.0081	0.0061	0.0020	0.0052	0.0041	0.0011	0.0029	0.0020	0.0009	0.1893	0.1632	0.0260	0.0753	0.0719	0.0034	0.1140	0.0914	0.0226	0.4840	0.3205	0.1635	0.1550	0.1453	0.0097	0.3290	0.1752	0.1538	114.8858	117.1804	2.1834	142.3539	177.6159	0.1296	4.0505	3.2898	4.8765	0.0168	0.0191	0.0124	0.0337	0.0283	0.1146	0.0088	0.0114	0.0059
93	123	0.6500	9	1	2	0	0	0	0	0	0	N	Y	N	N	N	N	N	N	N	N	N	N	0.0034	0.0039	0.0000	0.0068	0.0067	0.0000	0.0000	0.0000	0.0000	0.0001	0.0002	0.0000	0.0003	0.0004	0.0000	0.0000	0.0000	0.0000	0.0424	0.0416	0.0443	0.0512	0.0563	0.0336	0.0262	0.0011	0.0534	0.0000	0.4871	-0.0000	-0.0015	2.5103	4.0019	7.4742	19.5615	0.0000	0.0000	0.0000	0.0000	0.0000	0.0000	0.0000	0.0000	0.0000	0.0115	0.0077	0.0038	0.0090	0.0077	0.0013	0.0025	0.0001	0.0025	0.0742	0.0649	0.0093	0.0304	0.0283	0.0021	0.0438	0.0366	0.0072	0.2714	0.1863	0.0851	0.1757	0.1366	0.0391	0.0957	0.0497	0.0460	0.0034	0.0039	0.0000	0.0068	0.0067	0.0000	0.0000	0.0000	0.0000	0.0424	0.0416	0.0443	0.0512	0.0563	0.0336	0.0262	0.0011	0.0534
93	124	0.6279	8	1	1	0	0	0	0	0	0	N	N	N	N	N	N	N	N	N	N	N	N	0.0148	0.0137	0.0001	0.0339	0.0299	0.0006	0.0002	0.0002	0.0001	0.0005	0.0005	0.0000	0.0010	0.0011	0.0000	0.0000	0.0000	0.0000	0.0311	0.0384	0.0145	0.0296	0.0353	0.0038	0.0334	0.0456	0.0204	0.0003	0.1655	-0.0000	-0.0012	2.5103	1.2223	7.4742	8.2281	0.0000	0.0000	0.0000	0.0000	0.0000	0.0000	0.0000	0.0000	0.0000	0.0039	0.0034	0.0006	0.0022	0.0022	0.0001	0.0017	0.0012	0.0005	0.0366	0.0322	0.0045	0.0167	0.0159	0.0008	0.0199	0.0163	0.0036	0.1261	0.0878	0.0383	0.0747	0.0612	0.0135	0.0514	0.0266	0.0248	0.0148	0.0137	0.0001	0.0339	0.0299	0.0006	0.0002	0.0002	0.0001	0.0311	0.0384	0.0145	0.0296	0.0353	0.0038	0.0334	0.0456	0.0204
93	125	0.5760	7	1	1	0	0	0	0	0	0	N	N	N	N	N	N	N	N	N	N	N	N	2.7000	5.9679	0.0004	5.2682	11.1503	0.0009	0.0339	0.2096	0.0000	0.0833	0.0957	0.0000	0.2227	0.2390	0.0001	0.0005	0.0006	0.0000	0.0308	0.0160	0.0647	0.0423	0.0214	0.1490	0.0143	0.0028	0.0256	0.0000	1.7650	-0.0036	0.0012	2.5103	5.9920	7.4742	12.2976	0.0082	0.0082	0.0000	0.0082	0.0082	0.0000	0.0000	0.0000	0.0000	0.0066	0.0024	0.0042	0.0054	0.0023	0.0031	0.0013	0.0001	0.0011	0.0982	0.0855	0.0127	0.0366	0.0341	0.0025	0.0616	0.0514	0.0102	0.2148	0.1495	0.0653	0.1269	0.1062	0.0207	0.0879	0.0433	0.0446	2.7000	5.9679	0.0004	5.2682	11.1503	0.0009	0.0339	0.2096	0.0000	0.0308	0.0160	0.0647	0.0423	0.0214	0.1490	0.0143	0.0028	0.0256
93	126	0.6132	9	1	2	0	0	0	0	0	0	N	Y	N	N	N	N	N	N	N	N	N	N	0.0001	0.0001	0.0000	0.0001	0.0001	0.0000	0.0038	0.0027	0.0000	0.0009	0.0010	0.0000	0.0019	0.0020	0.0000	0.0002	0.0002	0.0000	6.4995	10.4674	0.0275	23.5857	26.1395	0.0745	0.0486	0.0834	0.0109	0.0001	0.0016	-0.0000	-0.6851	2.5103	5.0407	7.4742	17.1705	0.0001	0.0001	0.0000	0.0001	0.0001	0.0000	0.0000	0.0000	0.0000	1.4998	1.4974	0.0024	1.4934	1.4917	0.0017	0.0064	0.0057	0.0007	0.0907	0.0792	0.0115	0.0369	0.0343	0.0026	0.0537	0.0449	0.0089	0.2777	0.1920	0.0857	0.1457	0.1233	0.0224	0.1320	0.0687	0.0634	0.0002	0.0001	0.0000	0.0002	0.0002	0.0000	0.0038	0.0027	0.0000	5.4010	7.8009	0.0275	10.2526	12.0975	0.0745	0.0486	0.0834	0.0109
93	127	0.5972	8	1	2	0	0	0	0	0	0	N	Y	N	N	N	N	N	N	N	N	N	N	0.0001	0.0001	0.0000	0.0001	0.0001	0.0000	0.0004	0.0019	0.0000	0.0000	0.0000	0.0000	0.0000	0.0000	0.0000	0.0000	0.0000	0.0000	0.0748	0.0956	0.0224	0.1378	0.1493	0.0577	0.0061	0.0014	0.0118	0.0004	0.0928	-0.0000	-0.0037	2.5103	1.9703	7.4742	6.2034	0.0000	0.0000	0.0000	0.0000	0.0000	0.0000	0.0000	0.0000	0.0000	0.0100	0.0091	0.0008	0.0096	0.0091	0.0005	0.0004	0.0000	0.0003	0.0353	0.0308	0.0045	0.0140	0.0130	0.0010	0.0212	0.0177	0.0035	0.1335	0.0957	0.0378	0.0696	0.0609	0.0088	0.0638	0.0348	0.0290	0.0001	0.0001	0.0000	0.0001	0.0001	0.0000	0.0004	0.0019	0.0000	0.0748	0.0956	0.0224	0.1378	0.1493	0.0577	0.0061	0.0014	0.0118
93	128	0.5760	7	1	1	0	0	0	0	0	0	N	N	N	N	N	N	N	N	N	N	N	N	0.0001	0.0073	0.0000	0.0000	0.0002	0.0000	0.0001	0.2038	0.0000	0.0000	0.0000	0.0000	0.0000	0.0000	0.0000	0.0000	0.0000	0.0000	0.0618	0.0008	0.2049	0.0491	0.0010	0.3202	0.0797	0.0000	0.1568	0.0000	115.8586	-0.0000	0.0040	2.5103	1.1032	7.4742	7.8190	0.0000	0.0000	0.0000	0.0000	0.0000	0.0000	0.0000	0.0000	0.0000	0.0075	0.0001	0.0075	0.0035	0.0001	0.0034	0.0040	0.0000	0.0040	0.0184	0.0160	0.0024	0.0069	0.0064	0.0005	0.0116	0.0096	0.0019	0.1218	0.0854	0.0364	0.0713	0.0606	0.0107	0.0505	0.0248	0.0257	0.0001	0.0073	0.0000	0.0000	0.0002	0.0000	0.0001	0.2038	0.0000	0.0618	0.0008	0.2049	0.0491	0.0010	0.3202	0.0797	0.0000	0.1568
93	129	0.3522	7	1	2	0	0	0	0	0	0	N	Y	N	N	N	N	N	N	N	N	N	N	0.1318	0.0000	1.4048	0.0128	0.0000	0.0478	0.6232	0.0000	4.1588	0.0000	0.0000	0.0000	0.0000	0.0000	0.0000	0.0000	0.0000	0.0001	0.0000	0.0000	0.0000	0.0001	0.0001	0.0001	0.0000	0.0000	0.0000	inf	0.1963	0.0000	-0.0000	2.5103	1.0033	7.4742	0.8635	0.0000	0.0000	0.0000	0.0000	0.0000	0.0000	0.0000	0.0000	0.0000	0.0000	0.0000	0.0000	0.0000	0.0000	0.0000	0.0000	0.0000	0.0000	0.1612	0.1361	0.0250	0.1028	0.0888	0.0139	0.0584	0.0473	0.0111	0.2183	0.1590	0.0593	0.1041	0.0998	0.0043	0.1142	0.0592	0.0550	0.1318	0.0000	1.4048	0.0128	0.0000	0.0478	0.6232	0.0000	4.1588	0.0000	0.0000	0.0000	0.0001	0.0001	0.0001	0.0000	0.0000	0.0000
93	130	0.3229	6	1	1	0	0	0	0	0	0	N	N	N	N	N	N	N	N	N	N	N	N	4.8912	4.6991	6.6306	1.9592	2.3300	0.1808	9.0021	9.9292	9.8711	0.1629	0.1508	0.2380	0.1023	0.1054	0.0331	0.2061	0.1898	0.2681	0.0333	0.0321	0.0359	0.0522	0.0452	0.1830	0.0229	0.0191	0.0272	0.2554	0.5287	-0.0060	-0.0013	2.5103	5.5514	7.4742	9.9598	0.0251	0.0200	0.0051	0.0066	0.0065	0.0001	0.0186	0.0135	0.0050	0.0112	0.0073	0.0039	0.0062	0.0051	0.0011	0.0050	0.0022	0.0028	0.1542	0.1327	0.0215	0.0642	0.0614	0.0027	0.0900	0.0713	0.0187	0.3355	0.2279	0.1077	0.1191	0.1131	0.0060	0.2164	0.1148	0.1016	4.8912	4.6991	6.6306	1.9592	2.3300	0.1808	9.0021	9.9292	9.8711	0.0333	0.0321	0.0359	0.0522	0.0452	0.1830	0.0229	0.0191	0.0272
93	131	0.2926	5	1	1	0	0	0	0	0	0	N	N	N	N	N	N	N	N	N	N	N	N	0.6574	0.3462	6.5213	1.3024	1.4006	0.1176	0.3729	0.0044	10.4685	0.0395	0.0276	0.1203	0.0679	0.0706	0.0084	0.0241	0.0005	0.1353	0.0601	0.0796	0.0184	0.0521	0.0504	0.0711	0.0646	0.1073	0.0129	0.6447	0.1087	-0.0004	-0.0105	2.5103	9.1969	7.4742	13.4651	0.0086	0.0052	0.0034	0.0052	0.0052	0.0000	0.0034	0.0001	0.0033	0.0292	0.0263	0.0029	0.0092	0.0081	0.0010	0.0200	0.0182	0.0018	0.2176	0.1896	0.0280	0.0766	0.0733	0.0033	0.1411	0.1164	0.0247	0.4861	0.3309	0.1552	0.1757	0.1610	0.0147	0.3104	0.1700	0.1405	0.6574	0.3462	6.5213	1.3024	1.4006	0.1176	0.3729	0.0044	10.4685	0.0601	0.0796	0.0184	0.0521	0.0504	0.0711	0.0646	0.1073	0.0129
93	132	0.6730	11	2	2	0	1	0	0	0	0	Y	Y	N	N	N	N	N	N	N	N	N	N	0.0000	0.0000	0.0000	0.0000	0.0000	0.0000	0.0000	0.0000	0.0000	0.0000	0.0000	0.0000	0.0000	0.0000	0.0000	0.0000	0.0000	0.0000	0.0000	0.0000	2.5103	1.0000	7.4742	3.0001	0.0000	0.0000	0.0000	0.0000	0.0000	0.0000	0.0000	0.0000	0.0000	0.0000	0.0000	0.0000	0.0000	0.0000	0.0000	0.0000	0.0000	0.0000	0.0195	0.0170	0.0025	0.0074	0.0070	0.0005	0.0121	0.0101	0.0020	0.0458	0.0321	0.0137	0.0298	0.0244	0.0054	0.0160	0.0077	0.0082	0.0000	0.0000	0.0000	0.0000	0.0000	0.0000	0.0000	0.0000	0.0000	0.0000	0.0000	0.0000	0.0000	0.0000	0.0000	0.0000	0.0000	0.0000											
93	133	0.3740	9	2	2	0	1	0	0	0	0	Y	Y	N	N	N	N	N	N	N	N	N	N	1.7970	1.3785	0.0000	1.5603	1.5154	0.0000	0.0000	0.0000	0.0000	0.0002	0.0002	0.0000	0.0006	0.0006	0.0000	0.0000	0.0000	0.0000	0.0001	0.0002	0.0000	0.0004	0.0004	0.0001	0.0000	0.0000	0.0000	0.0000	0.0622	-0.0000	-0.0000	2.5103	0.0006	7.4742	1.9797	0.0000	0.0000	0.0000	0.0000	0.0000	0.0000	0.0000	0.0000	0.0000	0.0000	0.0000	0.0000	0.0000	0.0000	0.0000	0.0000	0.0000	0.0000	0.0000	0.0000	0.0000	0.0000	0.0000	0.0000	0.0000	0.0000	0.0000	0.0253	0.0160	0.0093	0.0076	0.0066	0.0010	0.0177	0.0094	0.0083	1.7970	1.3785	0.0000	1.5603	1.5154	0.0000	0.0000	0.0000	0.0000	0.0001	0.0002	0.0000	0.0004	0.0004	0.0001	0.0000	0.0000	0.0000
93	134	0.3573	8	2	2	0	1	0	0	0	0	Y	Y	N	N	N	N	N	N	N	N	N	N	0.0617	0.0555	0.0007	0.0625	0.0633	0.0012	0.0000	0.0000	0.0023	0.0027	0.0000	0.0074	0.0079	0.0001	0.0000	0.0000	0.0000	0.0376	0.0484	0.0198	0.1181	0.1251	0.0718	0.0067	0.0000	0.0142	0.0008	0.2466	-0.0000	-0.0010	2.5103	2.0077	7.4742	6.0321	0.0001	0.0001	0.0000	0.0001	0.0001	0.0000	0.0000	0.0000	0.0000	0.0038	0.0031	0.0008	0.0033	0.0031	0.0003	0.0005	0.0000	0.0005	0.0388	0.0335	0.0053	0.0122	0.0114	0.0008	0.0266	0.0221	0.0045	0.1015	0.0633	0.0382	0.0282	0.0245	0.0037	0.0733	0.0388	0.0345	0.0617	0.0555	0.0007	0.0625	0.0633	0.0012	0.0000	0.0000	0.0000	0.0376	0.0484	0.0198	0.1181	0.1251	0.0718	0.0067	0.0000	0.0142	
93	135	0.3525	8	1	2	0	1	0	0	0	0	N	Y	N	N	N	N	N	N	N	N	N	N	0.0165	0.0125	0.0000	0.0169	0.0161	0.0000	0.0000	0.0000	0.0000	0.0002	0.0002	0.0000	0.0006	0.0006	0.0000	0.0000	0.0000	0.0000	0.0105	0.0161	0.0001	0.0331	0.0373	0.0004	0.0000	0.0000	0.0000	0.0000	0.0017	-0.0000	-0.0008	2.5103	3.0348	7.4742	9.3583	0.0000	0.0000	0.0000	0.0000	0.0000	0.0000	0.0000	0.0000	0.0000	0.0018	0.0018	0.0000	0.0018	0.0018	0.0000	0.0000	0.0000	0.0000	0.0575	0.0497	0.0079	0.0179	0.0167	0.0012	0.0396	0.0330	0.0066	0.1697	0.1105	0.0592	0.0539	0.0478	0.0061	0.1158	0.0628	0.0531	0.0165	0.0125	0.0000	0.0169	0.0161	0.0000	0.0000	0.0000	0.0000	0.0105	0.0161	0.0001	0.0331	0.0373	0.0004	0.0000	0.0000	0.0000
93	136	0.3382	7	1	1	0	1	0	0	0	0	N	N	N	N	N	N	N	N	N	N	N	N	0.0559	0.0402	0.2147	0.0277	0.0247	0.1739	0.5471	inf	0.0626	0.0003	0.0003	0.0001	0.0004	0.0004	0.0004	0.0001	0.0001	0.0000	0.0046	0.0068	0.0007	0.0154	0.0173	0.0024	0.0002	0.0000	0.0005	0.0766	0.0550	-0.0000	-0.0002	2.5103	0.0433	7.4742	6.6805	0.0000	0.0000	0.0000	0.0000	0.0000	0.0000	0.0000	0.0000	0.0000	0.0004	0.0004	0.0000	0.0004	0.0004	0.0000	0.0000	0.0000	0.0000	0.0011	0.0009	0.0001	0.0005	0.0005	0.0000	0.0006	0.0005	0.0001	0.0872	0.0558	0.0314	0.0253	0.0220	0.0033	0.0619	0.0338	0.0281	0.0559	0.0402	0.2147	0.0277	0.0247	0.1739	0.5471	inf	0.0626	0.0046	0.0068	0.0007	0.0154	0.0173	0.0024	0.0002	0.0000	0.0005
93	137	0.7026	13	1	2	0	1	0	0	0	0	N	Y	N	N	N	N	N	N	N	N	N	N	0.0000	0.0000	0.0000	0.0000	0.0000	0.0000	0.0000	0.0000	0.0000	0.0000	0.0000	0.0000	0.0000	0.0000	0.0000	0.0000	0.0000	0.0000	0.0000	0.0000	2.5103	0.0000	7.4742	0.0000	0.0000	0.0000	0.0000	0.0000	0.0000	0.0000	0.0000	0.0000	0.0000	0.0000	0.0000	0.0000	0.0000	0.0000	0.0000	0.0000	0.0000	0.0000	0.0000	0.0000	0.0000	0.0000	0.0000	0.0000	0.0000	0.0000	0.0000	0.0000	0.0000	0.0000	0.0000	0.0000	0.0000	0.0000	0.0000	0.0000	0.0000	0.0000	0.0000	0.0000	0.0000	0.0000	0.0000	0.0000	0.0000	0.0000	0.0000	0.0000	0.0000	0.0000	0.0000	0.0000	0.0000	0.0000											
93	138	0.6975	12	1	2	0	1	0	0	0	0	N	Y	N	N	N	N	N	N	N	N	N	N	0.7000	0.1724	inf	0.1889	0.1555	inf	inf	inf	0.0035	0.0013	0.0389	0.0016	0.0016	0.0013	0.0103	0.0000	0.0586	0.0051	0.0073	0.0000	0.0083	0.0101	0.0000	0.0000	0.0000	0.0000	1.9956	0.0000	0.0000	-0.0001	2.5103	0.0021	7.4742	2.0000	0.0000	0.0000	0.0000	0.0000	0.0000	0.0000	0.0000	0.0000	0.0000	0.0001	0.0001	0.0000	0.0001	0.0001	0.0000	0.0000	0.0000	0.0000	0.0001	0.0001	0.0000	0.0001	0.0001	0.0000	0.0000	0.0000	0.0000	0.0237	0.0164	0.0073	0.0145	0.0119	0.0026	0.0092	0.0045	0.0047	0.7000	0.1724	inf	0.1889	0.1555	inf	inf	0.0000	inf	0.0051	0.0073	0.0000	0.0083	0.0101	0.0000	0.0000	0.0000	0.0000	
93	139	0.6873	11	1	1	0	1	0	0	0	0	N	N	N	N	N	N	N	N	N	N	N	N	27009.8844	1.1028	690167.5016	517.6977	1.9285	46593.9935	261870.3759	794986.7156	0.1804	0.0000	1.4154	0.0054	0.0000	0.0843	0.2886	0.0000	1.7282	0.0000	0.0000	0.0000	0.0000	0.0000	0.0000	0.0000	0.0000	0.0000	21522.4530	0.1034	0.0020	-0.0000	2.5103	1.0020	7.4742	3.0181	0.0035	0.0000	0.0035	0.0000	0.0000	0.0000	0.0035	0.0000	0.0035	0.0000	0.0000	0.0000	0.0000	0.0000	0.0000	0.0000	0.0000	0.0000	0.0196	0.0171	0.0025	0.0075	0.0070	0.0005	0.0121	0.0101	0.0020	0.0462	0.0321	0.0141	0.0278	0.0230	0.0048	0.0184	0.0091	0.0093	27009.8844	1.1028	690167.5016	517.6977	1.9285	46593.9935	261870.3759	0.0000	794986.7156	0.0000	0.0000	0.0000	0.0000	0.0000	0.0000	0.0000	0.0000	0.0000	
93	140	0.6730	11	1	2	0	0	0	0	0	0	N	Y	N	N	N	N	N	N	N	N	N	N	0.0000	0.0000	0.0000	0.0000	0.0000	0.0000	0.0000	0.0000	0.0000	0.0000	0.0000	0.0000	0.0000	0.0000	0.0000	0.0000	0.0000	0.0000	0.0000	0.0000	2.5103	0.0000	7.4742	4.0001	0.0000	0.0000	0.0000	0.0000	0.0000	0.0000	0.0000	0.0000	0.0000	0.0000	0.0000	0.0000	0.0000	0.0000	0.0000	0.0000	0.0000	0.0000	0.0000	0.0000	0.0000	0.0000	0.0000	0.0000	0.0000	0.0000	0.0000	0.0458	0.0321	0.0137	0.0298	0.0244	0.0054	0.0160	0.0077	0.0082	0.0000	0.0000	0.0000	0.0000	0.0000	0.0000	0.0000	0.0000	0.0000	0.0000	0.0000	0.0000	0.0000	0.0000	0.0000	0.0000	0.0000	0.0000											
93	141	0.3527	7	1	2	0	0	0	0	0	0	N	Y	N	N	N	N	N	N	N	N	N	N	0.0000	0.0000	0.0005	0.0000	0.0000	0.0011	0.0000	0.0000	0.0001	0.0000	0.0000	0.0000	0.0000	0.0000	0.0000	0.0000	0.0000	0.0000	0.0937	0.1466	0.0090	0.2828	0.3108	0.0174	0.0043	0.0000	0.0083	4.9091	0.0385	0.0000	-0.0037	2.5103	1.0003	7.4742	5.0186	0.0000	0.0000	0.0000	0.0000	0.0000	0.0000	0.0000	0.0000	0.0000	0.0089	0.0086	0.0003	0.0086	0.0086	0.0001	0.0003	0.0000	0.0003	0.0193	0.0167	0.0026	0.0061	0.0057	0.0004	0.0133	0.0110	0.0022	0.0949	0.0584	0.0365	0.0305	0.0276	0.0029	0.0644	0.0309	0.0335	0.0000	0.0000	0.0005	0.0000	0.0000	0.0011	0.0000	0.0000	0.0001	0.0937	0.1466	0.0090	0.2828	0.3108	0.0174	0.0043	0.0000	0.0083
93	142	0.6873	11	1	1	1	1	0	0	0	0	N	N	N	N	N	N	N	N	N	N	N	N	0.3324	0.2586	0.0000	0.2550	0.2324	0.0000	0.0000	0.0007	0.0008	0.0000	0.0009	0.0010	0.0000	0.0000	0.0000	0.0000	0.0022	0.0031	0.0000	0.0036	0.0044	0.0000	0.0000	0.0000	0.0000	0.0000	0.0001	-0.0000	-0.0001	2.5103	0.0001	7.4742	9.0026	0.0000	0.0000	0.0000	0.0000	0.0000	0.0000	0.0000	0.0000	0.0000	0.0002	0.0002	0.0000	0.0002	0.0002	0.0000	0.0000	0.0000	0.0000	0.0000	0.0000	0.0000	0.0000	0.0000	0.0000	0.0000	0.0000	0.0000	0.1014	0.0705	0.0310	0.0608	0.0504	0.0104	0.0406	0.0201	0.0206	0.3324	0.2586	0.0000	0.2550	0.2324	0.0000	0.0000	0.0000	0.0000	0.0022	0.0031	0.0000	0.0036	0.0044	0.0000	0.0000	0.0000	0.0000		
93	143	0.3382	7	1	1	1	1	0	0	0	0	N	N	N	N	N	N	N	N	N	N	N	N	0.0002	0.0001	0.0000	0.0000	0.0000	0.0000	0.0549	3.7492	0.0000	0.0018	0.0021	0.0000	0.0058	0.0062	0.0000	0.0000	0.0000	0.0000	10.8365	19.9653	0.0002	145.0237	177.8323	0.0011	0.0000	0.0000	0.0001	0.0000	0.0000	-0.0000	-0.4530	2.5103	2.0061	7.4742	8.0425	0.0001	0.0001	0.0000	0.0001	0.0001	0.0000	0.0000	0.0000	0.0000	0.9884	0.9884	0.0000	0.9884	0.9884	0.0000	0.0000	0.0000	0.0000	0.0384	0.0332	0.0052	0.0121	0.0113	0.0008	0.0263	0.0219	0.0044	0.1279	0.0818	0.0462	0.0371	0.0322	0.0049	0.0909	0.0496	0.0413	0.0002	0.0002	0.0000	0.0002	0.0002	0.0000	0.0549	3.7492	0.0000	7.7249	12.0838	0.0002	26.6660	30.6986	0.0011	0.0000	0.0000	0.0001
93	144	0.3291	6	1	1	0	1	0	0	0	0	N	N	N	N	N	N	N	N	N	N	N	N	0.2235	1.3668	0.0000	0.3023	1.3679	0.0000	0.1250	278.8380	0.0000	0.0009	0.0011	0.0000	0.0021	0.0022	0.0000	0.0003	0.0004	0.0000	0.0042	0.0008	0.0123	0.0070	0.0016	0.0757	0.0026	0.0000	0.0061	0.0000	6.5148	-0.0000	0.0001	2.5103	1.9550	7.4742	2.1189	0.0000	0.0000	0.0000	0.0000	0.0000	0.0000	0.0000	0.0000	0.0000	0.0003	0.0000	0.0003	0.0002	0.0000	0.0002	0.0001	0.0000	0.0001	0.0412	0.0357	0.0054	0.0141	0.0132	0.0009	0.0270	0.0225	0.0045	0.0812	0.0574	0.0238	0.0296	0.0275	0.0021	0.0516	0.0299	0.0217	0.2235	1.3668	0.0000	0.3023	1.3679	0.0000	0.1250	278.8380	0.0000	0.0042	0.0008	0.0123	0.0070	0.0016	0.0757	0.0026	0.0000	0.0061
93	145	0.3291	6	1	1	1	1	0	0	0	0	N	N	N	N	N	N	N	N	N	N	N	N	0.0089	0.0069	0.0000	0.0082	0.0079	0.0000	0.0000	0.0000	0.0000	0.0003	0.0004	0.0000	0.0010	0.0011	0.0000	0.0000	0.0000	0.0000	0.0376	0.0556	0.0031	0.1201	0.1325	0.0255	0.0002	0.0000	0.0005	0.0000	0.0291	-0.0000	-0.0045	2.5103	2.1261	7.4742	18.6477	0.0000	0.0000	0.0000	0.0000	0.0000	0.0000	0.0000	0.0000	0.0000	0.0105	0.0102	0.0003	0.0104	0.0102	0.0003	0.0000	0.0000	0.0000	0.0444	0.0385	0.0059	0.0151	0.0141	0.0010	0.0293	0.0244	0.0049	0.2789	0.1832	0.0956	0.0869	0.0769	0.0101	0.1920	0.1064	0.0856	0.0089	0.0069	0.0000	0.0082	0.0079	0.0000	0.0000	0.0000	0.0000	0.0376	0.0556	0.0031	0.1201	0.1325	0.0255	0.0002	0.0000	0.0005
93	146	0.6873	11	1	1	1	1	0	0	0	0	N	N	N	N	N	N	N	N	N	N	N	N	12.7497	14.2937	0.0000	28.0306	24.8135	0.0000	0.1676	inf	0.0000	0.0437	0.0501	0.0000	0.1138	0.1215	0.0000	0.0004	0.0005	0.0000	0.0034	0.0035	0.0033	0.0041	0.0049	0.0000	0.0025	0.0000	0.0049	0.0000	0.4081	-0.0007	-0.0001	2.5103	2.0001	7.4742	5.9880	0.0017	0.0017	0.0000	0.0017	0.0017	0.0000	0.0000	0.0000	0.0000	0.0003	0.0002	0.0001	0.0002	0.0002	0.0000	0.0001	0.0000	0.0001	0.0389	0.0339	0.0050	0.0149	0.0139	0.0009	0.0240	0.0200	0.0040	0.0904	0.0628	0.0276	0.0542	0.0449	0.0093	0.0362	0.0179	0.0183	12.7497	14.2937	0.0000	28.0306	24.8135	0.0000	0.1676	inf	0.0000	0.0034	0.0035	0.0033	0.0041	0.0049	0.0000	0.0025	0.0000	0.0049
93	147	0.6873	11	1	1	1	1	0	0	0	0	N	N	N	N	N	N	N	N	N	N	N	N	0.0000	0.0000	0.0000	0.0000	0.0000	0.0000	0.0000	0.0000	0.0000	0.0000	0.0000	0.0000	0.0000	0.0000	0.0000	0.0000	0.0000	1.0899	1.5691	0.0000	1.8435	2.2181	0.0000	0.0000	0.0000	0.0000	0.0000	0.0000	-0.0000	-0.1657	2.5103	9.0001	7.4742	23.0169	0.0000	0.0000	0.0000	0.0000	0.0000	0.0000	0.0000	0.0000	0.0000	0.3616	0.3616	0.0000	0.3616	0.3616	0.0000	0.0000	0.0000	0.0000	0.1701	0.1486	0.0215	0.0648	0.0608	0.0041	0.1053	0.0879	0.0174	0.3317	0.2304	0.1013	0.1961	0.1630	0.0331	0.1356	0.0674	0.0682	0.0000	0.0000	0.0000	0.0000	0.0000	0.0000	0.0000	0.0000	0.0000	1.0899	1.5691	0.0000	1.8435	2.2181	0.0000	0.0000	0.0000	0.0000	
93	148	0.6620	10	1	1	0	1	0	0	0	0	N	N	N	N	N	N	N	N	N	N	N	N	0.2591	1.7855	0.0000	0.4707	3.2320	0.0000	0.0000	0.0000	0.0000	0.0039	0.0044	0.0000	0.0101	0.0107	0.0000	0.0000	0.0000	0.0000	0.0149	0.0025	0.0445	0.0214	0.0033	0.1086	0.0036	0.0000	0.0070	0.0000	7.5088	-0.0001	0.0008	2.5103	1.9990	7.4742	7.9526	0.0002	0.0002	0.0000	0.0002	0.0002	0.0000	0.0000	0.0000	0.0000	0.0019	0.0002	0.0017	0.0017	0.0002	0.0015	0.0002	0.0000	0.0002	0.0392	0.0341	0.0051	0.0150	0.0141	0.0010	0.0242	0.0201	0.0041	0.1268	0.0894	0.0374	0.0805	0.0667	0.0138	0.0463	0.0227	0.0236	0.2591	1.7855	0.0000	0.4707	3.2320	0.0000	0.0000	0.0000	0.0000	0.0149	0.0025	0.0445	0.0214	0.0033	0.1086	0.0036	0.0000	0.0070
93	149	0.6301	9	2	2	0	0	0	0	0	0	Y	Y	N	N	N	N	N	N	N	N	N	N	663.9863	4489.8298	0.0789	1474.6104	8947.9558	0.2081	0.0000	0.0000	0.0000	10.0068	11.4659	0.0036	25.9622	27.7525	0.0184	0.0000	0.0000	0.0000	0.0151	0.0026	0.0456	0.0176	0.0031	0.0884	0.0105	0.0009	0.0197	0.0000	7.3209	-0.4399	0.0017	2.5103	5.3497	7.4742	17.2225	0.9974	0.9973	0.0000	0.9974	0.9973	0.0000	0.0000	0.0000	0.0000	0.0039	0.0005	0.0035	0.0030	0.0004	0.0025	0.0010	0.0000	0.0009	0.0997	0.0870	0.0127	0.0384	0.0359	0.0025	0.0613	0.0510	0.0102	0.2610	0.1851	0.0759	0.1684	0.1398	0.0286	0.0926	0.0453	0.0473	663.9863	4489.8298	0.0789	1474.6104	8947.9558	0.2081	0.0000	0.0000	0.0000	0.0151	0.0026	0.0456	0.0176	0.0031	0.0884	0.0105	0.0009	0.0197
93	150	0.6609	10	1	2	0	0	0	0	0	0	N	Y	N	N	N	N	N	N	N	N	N	N	21.5615	0.6914	377.9252	1.5185	1.1428	9.6898	142.8244	0.0009	838.4630	0.0506	0.0020	0.3979	0.0051	0.0042	0.0185	0.0870	0.0000	0.5224	0.0023	0.0028	0.0011	0.0034	0.0036	0.0019	0.0006	0.0006	0.0006	28.3787	0.1412	0.0019	-0.0002	2.5103	3.6794	7.4742	17.4287	0.0036	0.0001	0.0035	0.0002	0.0001	0.0000	0.0035	0.0000	0.0035	0.0006	0.0005	0.0001	0.0005	0.0005	0.0000	0.0001	0.0000	0.0000	0.0719	0.0631	0.0088	0.0319	0.0298	0.0022	0.0400	0.0333	0.0067	0.2410	0.1745	0.0665	0.1508	0.1286	0.0222	0.0903	0.0459	0.0443	21.5615	0.6914	377.9252	1.5185	1.1428	9.6898	142.8244	0.0009	838.4630	0.0023	0.0028	0.0011	0.0034	0.0036	0.0019	0.0006	0.0006	0.0006
93	151	0.6301	9	1	2	0	0	0	0	0	0	N	Y	N	N	N	N	N	N	N	N	N	N	0.0274	0.0193	0.1015	0.0361	0.0369	0.0043	0.0316	0.0048	0.2150	0.0006	0.0005	0.0013	0.0010	0.0010	0.0001	0.0003	0.0001	0.0016	0.0211	0.0242	0.0132	0.0266	0.0275	0.0219	0.0104	0.0133	0.0076	0.4189	0.2182	-0.0000	-0.0010	2.5103	3.4464	7.4742	10.1316	0.0000	0.0000	0.0000	0.0000	0.0000	0.0000	0.0000	0.0000	0.0000	0.0036	0.0029	0.0006	0.0030	0.0026	0.0004	0.0006	0.0004	0.0002	0.0664	0.0580	0.0084	0.0262	0.0245	0.0016	0.0403	0.0335	0.0068	0.1697	0.1214	0.0484	0.1120	0.0930	0.0190	0.0577	0.0284	0.0293	0.0274	0.0193	0.1015	0.0361	0.0369	0.0043	0.0316	0.0048	0.2150	0.0211	0.0242	0.0132	0.0266	0.0275	0.0219	0.0104	0.0133	0.0076
93	152	0.3595	9	2	2	0	0	0	0	0	0	Y	Y	N	N	N	N	N	N	N	N	N	N	0.0000	0.0000	0.0000	0.0113	0.0420	0.0000	0.0000	0.0000	0.0000	0.0000	0.0000	0.0000	0.0000	0.0000	0.0000	0.0000	0.0000	0.0000	7.9602	15.8908	0.0013	0.0018	0.0005	0.0102	8.5706	16.0840	0.0003	0.0000	0.0001	-0.0000	-0.4529	2.5103	1.0143	7.4742	12.0086	0.0000	0.0000	0.0000	0.0000	0.0000	0.0000	0.0000	0.0000	0.0000	0.9882	0.9881	0.0001	0.0001	0.0000	0.0001	0.9881	0.9881	0.0000	0.0200	0.0172	0.0027	0.0064	0.0060	0.0004	0.0136	0.0113	0.0023	0.1595	0.0997	0.0598	0.0442	0.0383	0.0059	0.1153	0.0614	0.0539	0.0000	0.0000	0.0000	0.0113	0.0420	0.0000	0.0000	0.0000	0.0000	6.1968	9.9107	0.0013	0.0018	0.0005	0.0102	8.5706	16.0840	0.0003
93	153	0.3573	8	2	2	0	0	0	0	0	0	Y	Y	N	N	N	N	N	N	N	N	N	N	0.0127	0.0491	0.0000	0.5255	1.1059	0.0004	0.0000	0.0000	0.0000	0.0005	0.0006	0.0000	0.0016	0.0017	0.0000	0.0000	0.0000	0.0000	0.0403	0.0121	0.0860	0.0031	0.0016	0.0147	0.0557	0.0197	0.0929	0.0003	4.3949	-0.0000	0.0002	2.5103	0.9811	7.4742	0.0216	0.0000	0.0000	0.0000	0.0000	0.0000	0.0000	0.0000	0.0000	0.0000	0.0006	0.0001	0.0005	0.0000	0.0000	0.0000	0.0006	0.0001	0.0005	0.0192	0.0165	0.0026	0.0061	0.0056	0.0004	0.0131	0.0109	0.0022	0.0140	0.0087	0.0053	0.0041	0.0036	0.0005	0.0099	0.0050	0.0049	0.0127	0.0491	0.0000	0.5255	1.1059	0.0004	0.0000	0.0000	0.0000	0.0403	0.0121	0.0860	0.0031	0.0016	0.0147	0.0557	0.0197	0.0929
93	154	0.3527	7	2	2	0	0	0	0	0	0	Y	Y	N	N	N	N	N	N	N	N	N	N	0.0000	0.2521	0.0000	0.0028	0.3135	0.0003	0.0000	0.0000	0.0004	0.0004	0.0004	0.0009	0.0009	0.0013	0.0000	0.0000	0.0001	16.6585	0.0017	65.3178	0.3320	0.0028	5.1730	17.7550	0.0000	59.9721	0.1403	11116.2088	-0.0000	0.2634	2.5103	0.0083	7.4742	2.0001	0.0000	0.0000	0.0000	0.0000	0.0000	0.0000	0.0000	0.0000	0.0000	0.4864	0.0000	0.4863	0.0055	0.0000	0.0054	0.4809	0.0000	0.4809	0.0002	0.0002	0.0000	0.0001	0.0001	0.0000	0.0001	0.0001	0.0000	0.0443	0.0262	0.0180	0.0164	0.0154	0.0010	0.0278	0.0109	0.0170	0.0000	0.2521	0.0000	0.0028	0.3135	0.0003	0.0000	0.0000	0.0000	10.9891	0.0017	26.9975	0.3320	0.0028	5.1730	17.2815	0.0000	28.3429	
93	155	0.3291	6	1	2	0	0	0	0	0	0	N	Y	N	N	N	N	N	N	N	N	N	N	0.0137	0.0639	0.0275	0.1709	0.0830	0.4070	0.0028	0.0000	0.0073	0.0008	0.0002	0.0046	0.0019	0.0005	0.0217	0.0002	0.0000	0.0013	0.0573	0.0030	0.1687	0.0112	0.0065	0.0533	0.0798	0.0003	0.1815	3.6545	27.0121	0.0000	0.0046	2.5103	2.9180	7.4742	7.4065	0.0000	0.0000	0.0000	0.0000	0.0000	0.0000	0.0000	0.0000	0.0000	0.0091	0.0003	0.0087	0.0006	0.0003	0.0003	0.0085	0.0000	0.0085	0.0592	0.0514	0.0079	0.0197	0.0184	0.0013	0.0395	0.0329	0.0066	0.1579	0.1061	0.0517	0.0516	0.0465	0.0052	0.1062	0.0596	0.0466	0.0137	0.0639	0.0275	0.1709	0.0830	0.4070	0.0028	0.0000	0.0073	0.0573	0.0030	0.1687	0.0112	0.0065	0.0533	0.0798	0.0003	0.1815
93	156	0.2633	5	1	1	0	0	0	0	0	0	N	N	N	N	N	N	N	N	N	N	N	N	0.0518	0.0032	1.4709	0.0797	0.1543	0.1008	0.0435	0.0000	2.5394	0.0238	0.0019	0.1717	0.0051	0.0044	0.0207	0.0359	0.0000	0.1934	0.4599	0.6099	0.1167	0.0638	0.0286	0.2054	0.8248	1.3253	0.0761	13.1521	0.0836	0.0030	-0.1397	2.5103	8.2479	7.4742	19.7214	0.0061	0.0004	0.0057	0.0005	0.0004	0.0001	0.0056	0.0000	0.0056	0.3666	0.3383	0.0283	0.0244	0.0088	0.0156	0.3422	0.3295	0.0127	0.2565	0.2235	0.0331	0.1007	0.0965	0.0041	0.1559	0.1270	0.0289	0.7970	0.5546	0.2423	0.3821	0.3060	0.0761	0.4149	0.2486	0.1662	0.0518	0.0032	1.4709	0.0797	0.1543	0.1008	0.0435	0.0000	2.5394	0.4599	0.6099	0.1167	0.0638	0.0286	0.2054	0.8248	1.3253	0.0761
93	157	0.2271	4	1	1	0	0	0	0	0	0	N	N	N	N	N	N	N	N	N	N	N	N	0.0304	0.0382	0.0532	0.0250	0.2935	0.0007	0.0395	0.0006	0.1979	0.0510	0.0259	0.1958	0.0665	0.0680	0.0281	0.0433	0.0007	0.2115	1.6788	0.6775	3.6791	2.6553	0.2318	40.8998	1.0954	1.1182	1.0692	1.3120	2.7181	0.0012	0.2446	2.5103	7.4725	7.4742	14.3153	0.0097	0.0042	0.0055	0.0042	0.0041	0.0001	0.0055	0.0001	0.0054	0.8971	0.2413	0.6558	0.5306	0.0410	0.4896	0.3664	0.2002	0.1662	0.1902	0.1621	0.0281	0.0630	0.0606	0.0024	0.1271	0.1014	0.0257	0.5344	0.3561	0.1783	0.1998	0.1770	0.0228	0.3345	0.1791	0.1555	0.0304	0.0382	0.0532	0.0250	0.2935	0.0013	0.0395	0.0006	0.1979	1.6788	0.6775	3.6791	2.6553	0.2318	21.4716	1.0954	1.1182	1.0692
93	161	0.6806	13	2	2	0	0	0	0	0	0	Y	Y	N	N	N	N	N	N	N	N	N	N	0.0000	0.0000	0.0000	0.0000	0.0000	0.0000	0.0000	0.0000	0.0000	0.0000	0.0000	0.0000	0.0000	0.0000	0.0000	0.0000	0.0000	0.0000	1.1310	1.6144	0.0001	1.7443	2.1268	0.0001	0.0000	0.0000	0.0000	0.0000	0.0000	-0.0183	2.5103	0.0002	7.4742	3.0099	0.0000	0.0000	0.0000	0.0000	0.0000	0.0000	0.0000	0.0000	0.0000	0.0400	0.0400	0.0000	0.0400	0.0400	0.0000	0.0000	0.0000	0.0000	0.0000	0.0000	0.0000	0.0000	0.0000	0.0000	0.0000	0.0000	0.0000	0.0354	0.0248	0.0106	0.0229	0.0188	0.0041	0.0124	0.0060	0.0065	0.0000	0.0000	0.0000	0.0000	0.0000	0.0000	0.0000	0.0000	0.0000	1.1310	1.6144	0.0001	1.7443	2.1268	0.0001	0.0000	0.0000	0.0000	
93	162	0.6730	12	2	2	0	0	0	0	0	0	Y	Y	N	N	N	N	N	N	N	N	N	N	0.0000	0.0000	0.0000	0.0000	0.0000	0.0000	0.0000	0.0000	0.0000	0.0000	0.0000	0.0000	0.0000	0.0000	0.0000	0.0064	0.0091	0.0000	0.0058	0.0071	0.0000	0.0075	0.0154	0.0000	0.0000	0.0000	-0.0001	2.5103	0.9998	7.4742	2.0118	0.0000	0.0000	0.0000	0.0000	0.0000	0.0000	0.0000	0.0000	0.0000	0.0002	0.0002	0.0000	0.0001	0.0001	0.0000	0.0001	0.0001	0.0000	0.0195	0.0170	0.0025	0.0074	0.0070	0.0005	0.0121	0.0101	0.0020	0.0346	0.0243	0.0103	0.0225	0.0184	0.0041	0.0121	0.0058	0.0062	0.0000	0.0000	0.0000	0.0000	0.0000	0.0000	0.0000	0.0000	0.0000	0.0064	0.0091	0.0000	0.0058	0.0071	0.0000	0.0075	0.0154	0.0000				
93	163	0.6730	11	2	2	0	0	0	0	0	0	Y	Y	N	N	N	N	N	N	N	N	N	N	0.0000	0.0000	0.0000	0.0000	0.0000	0.0000	0.0000	0.0000	0.0000	0.0000	0.0000	0.0000	0.0000	0.0000	0.0000	0.0000	0.0000	0.0000	0.0000	0.0000	2.5103	0.0000	7.4742	0.0003	0.0000	0.0000	0.0000	0.0000	0.0000	0.0000	0.0000	0.0000	0.0000	0.0000	0.0000	0.0000	0.0000	0.0000	0.0000	0.0000	0.0000	0.0000	0.0000	0.0000	0.0000	0.0000	0.0000	0.0000	0.0000	0.0000	0.0000	0.0000	0.0000	0.0000	0.0000	0.0000	0.0000	0.0000	0.0000	0.0000	0.0000	0.0000	0.0000	0.0000	0.0000	0.0000	0.0000	0.0000	0.0000	0.0000	0.0000	0.0000	0.0000	0.0000	0.0000	0.0000	0.0000	0.0000											
93	164	0.6620	10	1	2	0	0	0	0	0	0	N	Y	N	N	N	N	N	N	N	N	N	N	192.8618	237.9498	0.0000	239.8153	230.0865	0.0000	0.3821	3.5444	0.0000	0.2219	0.3210	0.0000	0.3894	0.4074	0.0000	0.0001	0.0004	0.0000	0.0012	0.0013	0.0007	0.0016	0.0018	0.0009	0.0003	0.0001	0.0005	0.0000	0.1979	-0.0000	-0.0000	2.5103	0.0063	7.4742	4.3641	0.0001	0.0001	0.0000	0.0001	0.0001	0.0000	0.0000	0.0000	0.0000	0.0001	0.0001	0.0000	0.0001	0.0001	0.0000	0.0000	0.0000	0.0000	0.0005	0.0003	0.0002	0.0003	0.0003	0.0000	0.0002	0.0001	0.0001	0.0658	0.0469	0.0189	0.0418	0.0350	0.0068	0.0240	0.0119	0.0122	192.8618	237.9498	0.0000	239.8153	230.0865	0.0000	0.3821	3.5444	0.0000	0.0012	0.0013	0.0007	0.0016	0.0018	0.0009	0.0003	0.0001	0.0005
93	165	0.6301	9	1	1	0	0	0	0	0	0	N	N	N	N	N	N	N	N	N	N	N	N	873.5365	2278.8859	0.0000	1828.5994	4135.9448	0.0001	0.0000	0.0000	0.0000	8.2322	9.4211	0.0000	20.4754	21.7826	0.0000	0.0000	0.0000	0.0000	0.0094	0.0041	0.0228	0.0112	0.0053	0.0402	0.0059	0.0004	0.0113	0.0000	2.1832	-0.1819	0.0003	2.5103	2.5207	7.4742	10.0226	0.4123	0.4123	0.0000	0.4123	0.4123	0.0000	0.0000	0.0000	0.0000	0.0015	0.0005	0.0010	0.0012	0.0005	0.0007	0.0003	0.0000	0.0003	0.0501	0.0438	0.0063	0.0201	0.0189	0.0012	0.0299	0.0248	0.0051	0.1588	0.1137	0.0451	0.1052	0.0874	0.0179	0.0536	0.0264	0.0272	873.5365	2278.8859	0.0000	1828.5994	4135.9448	0.0001	0.0000	0.0000	0.0000	0.0094	0.0041	0.0228	0.0112	0.0053	0.0402	0.0059	0.0004	0.0113
93	166	0.6145	8	1	1	0	0	0	0	0	0	N	N	N	N	N	N	N	N	N	N	N	N	0.3129	0.3324	0.0556	0.4976	0.4940	0.2387	0.0074	0.0120	0.0007	0.0026	0.0028	0.0004	0.0045	0.0047	0.0018	0.0000	0.0001	0.0000	0.0083	0.0085	0.0078	0.0091	0.0094	0.0076	0.0061	0.0044	0.0079	0.0158	0.3089	-0.0001	-0.0003	2.5103	2.6894	7.4742	4.6619	0.0002	0.0002	0.0000	0.0002	0.0002	0.0000	0.0000	0.0000	0.0000	0.0012	0.0009	0.0003	0.0009	0.0008	0.0001	0.0002	0.0001	0.0001	0.0848	0.0768	0.0080	0.0482	0.0463	0.0019	0.0366	0.0305	0.0061	0.1389	0.1038	0.0351	0.1010	0.0848	0.0163	0.0379	0.0190	0.0189	0.3129	0.3324	0.0556	0.4976	0.4940	0.2387	0.0074	0.0120	0.0007	0.0083	0.0085	0.0078	0.0091	0.0094	0.0076	0.0061	0.0044	0.0079
93	167	0.5760	7	1	1	0	0	0	0	0	0	N	N	N	N	N	N	N	N	N	N	N	N	0.0384	0.0315	0.0016	0.0641	0.0583	0.0126	0.0004	0.0003	0.0002	0.0008	0.0009	0.0000	0.0022	0.0023	0.0000	0.0000	0.0000	0.0000	0.0211	0.0296	0.0014	0.0340	0.0401	0.0008	0.0028	0.0040	0.0017	0.0004	0.0203	-0.0000	-0.0014	2.5103	2.7966	7.4742	8.5340	0.0000	0.0000	0.0000	0.0000	0.0000	0.0000	0.0000	0.0000	0.0000	0.0031	0.0030	0.0001	0.0029	0.0029	0.0000	0.0002	0.0001	0.0001	0.0464	0.0404	0.0060	0.0173	0.0161	0.0012	0.0291	0.0243	0.0049	0.1463	0.1023	0.0440	0.0860	0.0726	0.0134	0.0603	0.0297	0.0306	0.0384	0.0315	0.0016	0.0641	0.0583	0.0126	0.0004	0.0003	0.0002	0.0211	0.0296	0.0014	0.0340	0.0401	0.0008	0.0028	0.0040	0.0017
94	95	0.6145	8	1	2	0	0	0	0	0	0	N	Y	N	N	N	N	N	N	N	N	N	N	94.7151	30.8709	1367.6435	318.8747	1.0269	3882.4482	27.5786	17.4247	1.6702	3.4034	1.4048	18.5210	5.7655	0.0160	105.1792	1.9798	2.3403	0.0018	0.0359	0.0455	0.0135	0.0181	0.0156	0.0271	0.0718	0.1343	0.0011	1.7429	0.1272	0.3053	-0.0053	7.1305	8.0000	3.2426	22.5660	1.5710	0.5728	0.9983	1.0008	0.0026	0.9982	0.5702	0.5701	0.0001	0.0154	0.0136	0.0017	0.0052	0.0035	0.0017	0.0102	0.0101	0.0001	0.4616	0.4077	0.0539	0.1736	0.1641	0.0095	0.2880	0.2436	0.0444	0.4277	0.2996	0.1281	0.2855	0.2242	0.0614	0.1422	0.0755	0.0667	94.7151	30.8709	1367.6435	318.8747	1.0269	3882.4482	27.5786	17.4247	1.6702	0.0359	0.0455	0.0135	0.0181	0.0156	0.0271	0.0718	0.1343	0.0011
94	96	0.5405	6	0	1	0	0	0	0	0	0	N	N	N	N	N	N	N	N	N	N	N	N	36.1523	27.4140	160.2902	96.7749	89.0221	2.6036	10.1941	3.9519	291.9040	1.2456	1.2887	0.9262	2.7708	2.9201	0.0248	0.4410	0.3234	1.0850	0.0345	0.0470	0.0058	0.0286	0.0328	0.0095	0.0433	0.0818	0.0037	0.0969	0.0538	-0.2735	-0.0055	7.1305	11.9964	3.2426	18.8414	0.7753	0.7068	0.0685	0.5956	0.5954	0.0003	0.1797	0.1114	0.0682	0.0136	0.0129	0.0007	0.0068	0.0064	0.0004	0.0068	0.0065	0.0003	0.6225	0.5485	0.0740	0.2150	0.2039	0.0111	0.4075	0.3446	0.0629	0.3944	0.2743	0.1201	0.2374	0.1948	0.0426	0.1570	0.0795	0.0775	36.1523	27.4140	160.2902	96.7749	89.0221	2.6036	10.1941	3.9519	291.9040	0.0345	0.0470	0.0058	0.0286	0.0328	0.0095	0.0433	0.0818	0.0037
94	98	0.6450	10	1	2	1	0	0	0	0	0	N	Y	N	N	N	N	N	N	N	N	N	N	0.0006	0.0000	0.0016	0.0000	0.0000	0.0000	0.0004	0.0000	0.0012	0.0001	0.0000	0.0005	0.0000	0.0000	0.0000	0.0001	0.0000	0.0006	0.0943	0.0143	0.2883	0.0382	0.0189	0.1089	0.2041	0.0016	0.4584	342.1599	8.2822	0.0000	0.0108	7.1305	0.9502	3.2426	16.1595	0.0000	0.0000	0.0000	0.0000	0.0000	0.0000	0.0000	0.0000	0.0000	0.0249	0.0027	0.0223	0.0067	0.0026	0.0041	0.0182	0.0001	0.0182	0.0573	0.0506	0.0067	0.0217	0.0205	0.0012	0.0356	0.0301	0.0055	0.2645	0.1873	0.0772	0.1751	0.1376	0.0376	0.0894	0.0498	0.0396	0.0006	0.0000	0.0016	0.0000	0.0000	0.0000	0.0004	0.0000	0.0012	0.0943	0.0143	0.2883	0.0382	0.0189	0.1089	0.2041	0.0016	0.4584
94	99	0.5405	6	0	2	0	0	0	0	0	0	N	Y	N	N	N	N	N	N	N	N	N	N	4.2887	4.4244	0.1413	11.5410	11.3638	0.8161	0.0183	0.0153	0.0293	0.0579	0.0655	0.0015	0.1673	0.1760	0.0081	0.0002	0.0002	0.0003	0.0135	0.0148	0.0105	0.0145	0.0155	0.0099	0.0120	0.0132	0.0108	0.0031	0.3110	-0.0158	-0.0011	7.1305	11.9964	3.2426	15.6499	0.0361	0.0360	0.0001	0.0360	0.0359	0.0001	0.0001	0.0001	0.0000	0.0049	0.0037	0.0012	0.0032	0.0028	0.0004	0.0017	0.0010	0.0008	0.6225	0.5485	0.0740	0.2150	0.2039	0.0111	0.4075	0.3446	0.0629	0.3615	0.2514	0.1101	0.2178	0.1790	0.0389	0.1437	0.0725	0.0712	4.2887	4.4244	0.1413	11.5410	11.3638	0.8161	0.0183	0.0153	0.0293	0.0135	0.0148	0.0105	0.0145	0.0155	0.0099	0.0120	0.0132	0.0108
94	100	0.6480	11	1	1	1	0	0	0	0	0	N	N	N	N	N	N	N	N	N	N	N	N	0.0001	0.0000	0.0009	0.0000	0.0000	0.0000	0.0004	0.0000	0.0018	0.0000	0.0000	0.0000	0.0000	0.0000	0.0000	0.0000	0.0000	0.0000	0.0175	0.0204	0.0107	0.0242	0.0267	0.0150	0.0042	0.0022	0.0067	inf	0.2191	0.0000	-0.0011	7.1305	1.0008	3.2426	13.9255	0.0000	0.0000	0.0000	0.0000	0.0000	0.0000	0.0000	0.0000	0.0000	0.0040	0.0033	0.0007	0.0037	0.0032	0.0005	0.0003	0.0001	0.0002	0.0602	0.0532	0.0070	0.0228	0.0216	0.0012	0.0374	0.0316	0.0058	0.2305	0.1627	0.0679	0.1536	0.1206	0.0330	0.0769	0.0421	0.0349	0.0001	0.0000	0.0009	0.0000	0.0000	0.0000	0.0004	0.0000	0.0018	0.0175	0.0204	0.0107	0.0242	0.0267	0.0150	0.0042	0.0022	0.0067
94	101	0.6450	10	1	1	1	0	0	0	0	0	N	N	N	N	N	N	N	N	N	N	N	N	0.0842	0.0021	0.8822	0.0041	0.0043	0.0000	0.4134	0.0000	3.7775	0.0010	0.0000	0.0081	0.0001	0.0001	0.0000	0.0015	0.0000	0.0097	0.0116	0.0125	0.0092	0.0148	0.0149	0.0146	0.0037	0.0045	0.0026	40.9720	0.2695	0.0000	-0.0002	7.1305	0.0532	3.2426	2.0467	0.0000	0.0000	0.0000	0.0000	0.0000	0.0000	0.0000	0.0000	0.0000	0.0008	0.0006	0.0002	0.0007	0.0005	0.0001	0.0001	0.0001	0.0000	0.0033	0.0029	0.0004	0.0013	0.0012	0.0001	0.0021	0.0017	0.0003	0.0659	0.0483	0.0176	0.0466	0.0369	0.0097	0.0193	0.0114	0.0079	0.0842	0.0021	0.8822	0.0041	0.0043	0.0000	0.4134	0.0000	3.7775	0.0116	0.0125	0.0092	0.0148	0.0149	0.0146	0.0037	0.0045	0.0026
94	102	0.6353	9	1	1	1	0	0	0	0	0	N	N	N	N	N	N	N	N	N	N	N	N	2.6606	0.3190	12.4404	0.5036	0.5894	0.0004	4.0694	0.1210	12.2899	0.0294	0.0026	0.2324	0.0056	0.0059	0.0000	0.0442	0.0003	0.2825	0.0111	0.0082	0.0187	0.0111	0.0100	0.0151	0.0109	0.0025	0.0230	11.7174	0.8494	0.0018	0.0000	7.1305	2.0948	3.2426	3.0326	0.0037	0.0003	0.0034	0.0003	0.0003	0.0000	0.0034	0.0000	0.0034	0.0012	0.0007	0.0006	0.0008	0.0006	0.0002	0.0004	0.0000	0.0003	0.1254	0.1108	0.0146	0.0482	0.0456	0.0026	0.0772	0.0652	0.0120	0.1093	0.0796	0.0297	0.0763	0.0601	0.0162	0.0330	0.0195	0.0134	2.6606	0.3190	12.4404	0.5036	0.5894	0.0004	4.0694	0.1210	12.2899	0.0111	0.0082	0.0187	0.0111	0.0100	0.0151	0.0109	0.0025	0.0230
94	103	0.6145	8	1	1	1	0	0	0	0	0	N	N	N	N	N	N	N	N	N	N	N	N	27.9590	154.6940	0.0060	374.2213	318.2098	1.9952	0.0014	0.0673	0.0005	4.3070	4.8785	0.0026	11.4202	12.0815	0.0125	0.0006	0.0007	0.0004	0.1540	0.0315	0.4284	0.0305	0.0380	0.0063	0.4395	0.0097	0.9074	0.0001	6.0657	-0.4407	0.0104	7.1305	3.9484	3.2426	4.8420	0.9992	0.9991	0.0001	0.9991	0.9991	0.0001	0.0001	0.0001	0.0000	0.0259	0.0037	0.0222	0.0036	0.0034	0.0002	0.0223	0.0003	0.0221	0.2320	0.2048	0.0272	0.0875	0.0827	0.0048	0.1445	0.1221	0.0224	0.1682	0.1163	0.0519	0.1174	0.0898	0.0276	0.0508	0.0265	0.0243	27.9590	154.6940	0.0060	374.2213	318.2098	1.9952	0.0014	0.0673	0.0005	0.1540	0.0315	0.4284	0.0305	0.0380	0.0063	0.4395	0.0097	0.9074
94	104	0.5729	7	0	2	0	0	0	0	0	0	N	Y	N	N	N	N	N	N	N	N	N	N	0.0167	0.0251	0.0012	0.0476	0.0425	0.0439	0.0004	0.0015	0.0008	0.0036	0.0040	0.0004	0.0083	0.0087	0.0004	0.0001	0.0001	0.0004	0.2139	0.1576	0.3435	0.1733	0.2055	0.0100	0.2693	0.0500	0.4960	0.0124	0.9466	-0.0009	0.0029	7.1305	8.9557	3.2426	32.3127	0.0021	0.0021	0.0000	0.0021	0.0021	0.0000	0.0000	0.0000	0.0000	0.1052	0.0540	0.0512	0.0492	0.0488	0.0005	0.0560	0.0053	0.0507	0.5972	0.5325	0.0647	0.2536	0.2389	0.0147	0.3436	0.2936	0.0500	0.4919	0.3429	0.1489	0.2840	0.2373	0.0467	0.2078	0.1056	0.1022	0.0167	0.0251	0.0012	0.0476	0.0425	0.0439	0.0004	0.0015	0.0008	0.2139	0.1576	0.3435	0.1733	0.2055	0.0100	0.2693	0.0500	0.4960
94	105	0.5983	8	0	1	1	0	0	0	0	0	N	N	N	N	N	N	N	N	N	N	N	N	1.9700	0.6638	23.9357	0.9173	0.9405	0.0000	10.9316	0.5846	113.1894	0.0079	0.0033	0.0431	0.0058	0.0062	0.0000	0.0097	0.0007	0.0583	0.0040	0.0050	0.0018	0.0063	0.0066	0.0048	0.0009	0.0013	0.0005	1.6945	0.1599	0.0004	-0.0002	7.1305	4.2679	3.2426	7.8415	0.0023	0.0008	0.0014	0.0007	0.0007	0.0000	0.0015	0.0001	0.0014	0.0007	0.0006	0.0001	0.0007	0.0006	0.0001	0.0001	0.0000	0.0000	0.2881	0.2548	0.0333	0.1297	0.1210	0.0087	0.1584	0.1338	0.0246	0.1850	0.1281	0.0569	0.1076	0.0904	0.0172	0.0775	0.0377	0.0398	1.9700	0.6638	23.9357	0.9173	0.9405	0.0000	10.9316	0.5846	113.1894	0.0040	0.0050	0.0018	0.0063	0.0066	0.0048	0.0009	0.0013	0.0005
94	106	0.5729	7	0	1	0	0	0	0	0	0	N	N	N	N	N	N	N	N	N	N	N	N	0.8837	0.7890	1.8746	1.0081	1.1960	0.0220	0.7527	0.0091	5.7564	0.0192	0.0170	0.0412	0.0297	0.0315	0.0010	0.0077	0.0001	0.0624	0.0217	0.0216	0.0220	0.0295	0.0264	0.0466	0.0102	0.0095	0.0108	0.2362	0.4293	-0.0010	-0.0006	7.1305	1.9301	3.2426	9.0954	0.0039	0.0032	0.0007	0.0032	0.0032	0.0000	0.0007	0.0000	0.0007	0.0038	0.0027	0.0011	0.0031	0.0023	0.0008	0.0007	0.0003	0.0004	0.2044	0.1862	0.0182	0.1066	0.1003	0.0063	0.0979	0.0860	0.0119	0.1751	0.1232	0.0519	0.1043	0.0882	0.0162	0.0708	0.0350	0.0357	0.8837	0.7890	1.8746	1.0081	1.1960	0.0220	0.7527	0.0091	5.7564	0.0217	0.0216	0.0220	0.0295	0.0264	0.0466	0.0102	0.0095	0.0108
94	107	0.5405	6	0	1	0	0	0	0	0	0	N	N	N	N	N	N	N	N	N	N	N	N	17.8735	23.4183	0.5248	50.8747	51.6513	5.1983	0.0184	0.0365	0.0257	0.1070	0.1211	0.0041	0.3098	0.3253	0.0263	0.0001	0.0001	0.0002	0.0060	0.0052	0.0079	0.0061	0.0063	0.0051	0.0058	0.0023	0.0092	0.0046	0.6666	-0.0098	-0.0001	7.1305	3.9049	3.2426	9.6098	0.0224	0.0223	0.0001	0.0224	0.0223	0.0001	0.0000	0.0000	0.0000	0.0012	0.0007	0.0005	0.0007	0.0006	0.0001	0.0005	0.0001	0.0004	0.2093	0.1842	0.0251	0.0723	0.0685	0.0037	0.1370	0.1157	0.0214	0.2048	0.1424	0.0625	0.1231	0.1023	0.0207	0.0818	0.0400	0.0417	17.8735	23.4183	0.5248	50.8747	51.6513	5.1983	0.0184	0.0365	0.0257	0.0060	0.0052	0.0079	0.0061	0.0063	0.0051	0.0058	0.0023	0.0092
94	108	0.5617	8	0	2	0	0	0	0	0	0	N	Y	N	N	N	N	N	N	N	N	N	N	0.0178	0.0147	0.0002	0.0379	0.0333	0.0021	0.0000	0.0000	0.0000	0.0002	0.0002	0.0000	0.0005	0.0005	0.0000	0.0000	0.0000	0.0000	0.0099	0.0135	0.0018	0.0127	0.0152	0.0011	0.0063	0.0101	0.0022	0.0003	0.0602	-0.0000	-0.0016	7.1305	8.0392	3.2426	22.6195	0.0001	0.0001	0.0000	0.0001	0.0001	0.0000	0.0000	0.0000	0.0000	0.0041	0.0039	0.0002	0.0030	0.0029	0.0000	0.0011	0.0010	0.0002	0.4486	0.3957	0.0529	0.1642	0.1553	0.0089	0.2844	0.2404	0.0439	0.4147	0.2864	0.1283	0.2339	0.1914	0.0425	0.1808	0.0950	0.0858	0.0178	0.0147	0.0002	0.0379	0.0333	0.0021	0.0000	0.0000	0.0000	0.0099	0.0135	0.0018	0.0127	0.0152	0.0011	0.0063	0.0101	0.0022
94	109	0.5617	7	0	1	0	0	0	0	0	0	N	N	N	N	N	N	N	N	N	N	N	N	0.2720	0.2960	0.0010	0.4115	0.3873	0.0824	0.1906	0.2310	0.0000	0.0049	0.0056	0.0000	0.0067	0.0071	0.0001	0.0039	0.0046	0.0000	0.0181	0.0189	0.0158	0.0163	0.0183	0.0011	0.0204	0.0200	0.0210	0.0004	0.2740	-0.0000	-0.0004	7.1305	0.2031	3.2426	2.0398	0.0001	0.0001	0.0000	0.0000	0.0000	0.0000	0.0000	0.0000	0.0000	0.0017	0.0013	0.0004	0.0008	0.0008	0.0000	0.0008	0.0005	0.0004	0.0117	0.0103	0.0014	0.0043	0.0041	0.0002	0.0074	0.0063	0.0012	0.0928	0.0699	0.0229	0.0520	0.0459	0.0061	0.0408	0.0240	0.0169	0.2720	0.2960	0.0010	0.4115	0.3873	0.0824	0.1906	0.2310	0.0000	0.0181	0.0189	0.0158	0.0163	0.0183	0.0011	0.0204	0.0200	0.0210
94	110	0.1336	3	1	1	1	0	0	0	0	0	N	N	N	N	N	N	N	N	N	N	N	N	0.0053	0.0166	0.0000	0.0054	0.0151	0.0000	0.0000	0.0000	0.0000	0.0000	0.0000	0.0000	0.0000	0.0000	0.0000	0.0001	0.0000	0.0003	0.0000	0.0000	0.0000	0.0002	0.0001	0.0003	0.1667	3.0000	-0.0000	0.0000	7.1305	0.0001	3.2426	0.0001	0.0000	0.0000	0.0000	0.0000	0.0000	0.0000	0.0000	0.0000	0.0000	0.0000	0.0000	0.0000	0.0000	0.0000	0.0000	0.0000	0.0000	0.0000	0.0071	0.0056	0.0015	0.0036	0.0036	0.0000	0.0036	0.0021	0.0015	0.0001	0.0001	0.0000	0.0000	0.0000	0.0000	0.0000	0.0000	0.0000	0.0053	0.0166	0.0000	0.0000	0.0000	0.0000	0.0054	0.0151	0.0000	0.0001	0.0000	0.0003	0.0000	0.0000	0.0000	0.0002	0.0001	0.0003			
94	111	0.1198	2	1	1	1	0	0	0	0	0	N	N	N	N	N	N	N	N	N	N	N	N	41.1564	38.2068	57.2614	54.6448	43.2662	2370.7555	17.5853	34.3061	26.9292	0.1334	0.1188	0.1984	0.2675	0.2461	0.4001	0.0407	0.0224	0.1078	0.0032	0.0031	0.0035	0.0049	0.0057	0.0002	0.0023	0.0007	0.0040	0.3738	0.6509	-0.0052	-0.0000	7.1305	1.6718	3.2426	2.9223	0.0310	0.0226	0.0084	0.0255	0.0202	0.0053	0.0056	0.0024	0.0032	0.0006	0.0004	0.0002	0.0003	0.0003	0.0000	0.0003	0.0000	0.0002	0.2328	0.1902	0.0426	0.0952	0.0820	0.0132	0.1376	0.1082	0.0294	0.1910	0.1205	0.0704	0.0687	0.0588	0.0099	0.1223	0.0617	0.0606	41.1564	38.2068	57.2614	54.6448	43.2662	2370.7555	17.5853	34.3061	26.9292	0.0032	0.0031	0.0035	0.0049	0.0057	0.0002	0.0023	0.0007	0.0040
94	115	0.6207	8	1	1	1	0	0	0	0	0	N	N	N	N	N	N	N	N	N	N	N	N	0.0000	0.0000	0.0000	0.0000	0.0000	0.0000	0.0000	0.0000	0.0000	0.0000	0.0000	0.0000	0.0000	0.0000	0.0000	0.0000	0.0000	0.0000	0.0401	0.0571	0.0027	0.0430	0.0552	0.0017	0.0345	0.0626	0.0035	0.0000	0.0210	-0.0000	-0.0014	7.1305	1.0009	3.2426	4.0038	0.0000	0.0000	0.0000	0.0000	0.0000	0.0000	0.0000	0.0000	0.0000	0.0031	0.0031	0.0001	0.0022	0.0022	0.0000	0.0009	0.0009	0.0000	0.0588	0.0518	0.0070	0.0208	0.0197	0.0011	0.0380	0.0321	0.0059	0.0779	0.0536	0.0242	0.0518	0.0400	0.0118	0.0260	0.0136	0.0124	0.0000	0.0000	0.0000	0.0000	0.0000	0.0000	0.0000	0.0000	0.0000	0.0401	0.0571	0.0027	0.0430	0.0552	0.0017	0.0345	0.0626	0.0035
94	116	0.5924	7	1	1	1	0	0	0	0	0	N	N	N	N	N	N	N	N	N	N	N	N	0.0018	0.0032	0.0000	0.0043	0.0037	0.0065	0.0006	0.0366	0.0000	0.0006	0.0007	0.0000	0.0010	0.0011	0.0000	0.0003	0.0004	0.0000	0.3541	0.2208	0.6905	0.2460	0.2987	0.0060	0.5437	0.0112	1.1552	0.0012	1.2391	-0.0000	0.0066	7.1305	1.8441	3.2426	10.4794	0.0001	0.0001	0.0000	0.0001	0.0001	0.0000	0.0000	0.0000	0.0000	0.0693	0.0310	0.0384	0.0307	0.0305	0.0001	0.0387	0.0004	0.0382	0.1439	0.1273	0.0167	0.0595	0.0569	0.0027	0.0844	0.0704	0.0140	0.1958	0.1402	0.0556	0.1247	0.1022	0.0225	0.0711	0.0380	0.0331	0.0018	0.0032	0.0000	0.0043	0.0037	0.0065	0.0006	0.0366	0.0000	0.3541	0.2208	0.6905	0.2460	0.2987	0.0060	0.5437	0.0112	1.1552
94	117	0.3044	5	0	2	0	1	0	0	0	0	N	Y	N	N	N	N	N	N	N	N	N	N	1.6075	0.0018	659.1471	1.7178	0.0023	4764.2253	0.0126	0.0026	0.1390	1.2681	0.0020	12.0936	3.5178	0.0050	101.4431	0.0005	0.0001	0.0025	0.7889	1.1379	0.0183	2.0478	2.2063	0.0213	0.0386	0.0558	0.0181	696.7046	0.0073	0.5454	-0.2244	7.1305	10.5071	3.2426	20.2622	0.9784	0.0014	0.9770	0.9782	0.0013	0.9768	0.0002	0.0001	0.0002	0.4975	0.4939	0.0036	0.4822	0.4818	0.0004	0.0153	0.0120	0.0032	0.7716	0.6908	0.0808	0.2781	0.2684	0.0096	0.4935	0.4224	0.0712	0.6306	0.4340	0.1966	0.2355	0.2184	0.0171	0.3952	0.2156	0.1795	1.6075	0.0018	659.1471	1.7178	0.0023	4764.2253	0.0126	0.0026	0.1390	0.7889	1.1379	0.0183	2.0478	2.2063	0.0213	0.0386	0.0558	0.0181
94	118	0.5405	6	0	2	0	1	0	0	0	0	N	Y	N	N	N	N	N	N	N	N	N	N	0.0224	0.0177	0.0570	0.0472	0.0359	4.8724	0.0000	0.0000	0.0000	0.0004	0.0004	0.0004	0.0011	0.0010	0.0026	0.0000	0.0000	0.0000	0.0167	0.0210	0.0068	0.0230	0.0278	0.0005	0.0072	0.0042	0.0103	0.1429	0.1425	-0.0000	-0.0022	7.1305	4.0036	3.2426	26.5072	0.0001	0.0001	0.0000	0.0001	0.0001	0.0000	0.0000	0.0000	0.0000	0.0065	0.0057	0.0008	0.0054	0.0054	0.0000	0.0011	0.0003	0.0008	0.2141	0.1884	0.0257	0.0739	0.0701	0.0038	0.1402	0.1183	0.0219	0.3904	0.2715	0.1189	0.2350	0.1929	0.0421	0.1554	0.0786	0.0768	0.0224	0.0177	0.0570	0.0472	0.0359	4.8724	0.0000	0.0000	0.0000	0.0167	0.0210	0.0068	0.0230	0.0278	0.0005	0.0072	0.0042	0.0103
94	119	0.5790	7	0	2	0	0	0	0	0	0	N	Y	N	N	N	N	N	N	N	N	N	N	0.0406	0.0672	0.0000	0.1121	0.0979	0.0000	0.0025	0.0344	0.0000	0.0086	0.0096	0.0000	0.0166	0.0174	0.0000	0.0008	0.0010	0.0000	0.2124	0.1429	0.3910	0.1481	0.1780	0.0085	0.3417	0.0292	0.6688	0.0000	1.0645	-0.0012	0.0045	7.1305	3.8169	3.2426	21.2433	0.0027	0.0027	0.0000	0.0026	0.0026	0.0000	0.0001	0.0001	0.0000	0.0783	0.0379	0.0404	0.0365	0.0361	0.0004	0.0418	0.0018	0.0400	0.3163	0.2841	0.0321	0.1561	0.1488	0.0073	0.1602	0.1354	0.0248	0.3685	0.2653	0.1032	0.2461	0.2027	0.0434	0.1224	0.0626	0.0598	0.0406	0.0672	0.0000	0.1121	0.0979	0.0000	0.0025	0.0344	0.0000	0.2124	0.1429	0.3910	0.1481	0.1780	0.0085	0.3417	0.0292	0.6688
94	120	0.3578	7	0	2	0	0	0	0	0	0	N	Y	N	N	N	N	N	N	N	N	N	N	0.6337	0.4674	2.0403	0.9728	0.9168	0.1593	0.2323	0.0180	2.1254	0.0084	0.0080	0.0111	0.0204	0.0212	0.0003	0.0021	0.0002	0.0123	0.0132	0.0172	0.0054	0.0210	0.0231	0.0021	0.0091	0.0119	0.0058	0.1802	0.1603	-0.0024	-0.0033	7.1305	16.3276	3.2426	34.9199	0.0083	0.0071	0.0013	0.0070	0.0070	0.0000	0.0014	0.0001	0.0013	0.0103	0.0089	0.0014	0.0056	0.0056	0.0001	0.0046	0.0033	0.0014	0.9970	0.8819	0.1152	0.3407	0.3286	0.0121	0.6563	0.5533	0.1030	0.7780	0.5162	0.2618	0.2684	0.2417	0.0268	0.5096	0.2745	0.2350	0.6337	0.4674	2.0403	0.9728	0.9168	0.1593	0.2323	0.0180	2.1254	0.0132	0.0172	0.0054	0.0210	0.0231	0.0021	0.0091	0.0119	0.0058
94	121	0.3405	6	0	2	0	0	0	0	0	0	N	Y	N	N	N	N	N	N	N	N	N	N	15.9339	15.2927	16.9004	25.0421	25.4333	0.1064	6.9764	3.0816	18.8224	0.1586	0.1606	0.1477	0.3484	0.3594	0.0012	0.0529	0.0213	0.1586	0.0100	0.0105	0.0087	0.0139	0.0141	0.0115	0.0076	0.0069	0.0084	0.1740	0.3789	-0.0213	-0.0008	7.1305	6.1757	3.2426	14.5601	0.0728	0.0620	0.0108	0.0572	0.0572	0.0000	0.0156	0.0048	0.0108	0.0043	0.0031	0.0012	0.0022	0.0021	0.0002	0.0020	0.0010	0.0010	0.4590	0.3860	0.0730	0.1641	0.1591	0.0050	0.2948	0.2269	0.0680	0.4271	0.2935	0.1336	0.1598	0.1463	0.0135	0.2673	0.1472	0.1201	15.9339	15.2927	16.9004	25.0421	25.4333	0.1064	6.9764	3.0816	18.8224	0.0100	0.0105	0.0087	0.0139	0.0141	0.0115	0.0076	0.0069	0.0084
94	122	0.2874	5	0	1	0	0	0	0	0	0	N	N	N	N	N	N	N	N	N	N	N	N	63.7141	55.0137	96.4689	142.4113	146.8953	3.0151	12.7672	0.0780	112.8087	0.9094	0.9015	0.9699	2.1497	2.2342	0.0413	0.1773	0.0014	1.1022	0.0143	0.0164	0.0101	0.0151	0.0152	0.0137	0.0139	0.0173	0.0098	0.1396	0.3076	-0.1590	-0.0017	7.1305	7.5400	3.2426	21.4192	0.4990	0.4379	0.0611	0.4378	0.4375	0.0003	0.0612	0.0004	0.0608	0.0075	0.0057	0.0018	0.0025	0.0023	0.0002	0.0050	0.0034	0.0016	0.5487	0.4857	0.0630	0.2037	0.1958	0.0079	0.3451	0.2899	0.0552	0.5236	0.3488	0.1748	0.1669	0.1543	0.0127	0.3567	0.1945	0.1622	63.7141	55.0137	96.4689	142.4113	146.8953	3.0151	12.7672	0.0780	112.8087	0.0143	0.0164	0.0101	0.0151	0.0152	0.0137	0.0139	0.0173	0.0098
94	123	0.6145	8	0	2	0	0	0	0	0	0	N	Y	N	N	N	N	N	N	N	N	N	N	0.0017	0.0019	0.0000	0.0040	0.0044	0.0000	0.0000	0.0000	0.0000	0.0000	0.0001	0.0000	0.0001	0.0001	0.0000	0.0000	0.0000	0.0000	0.0269	0.0269	0.0270	0.0302	0.0286	0.0362	0.0200	0.0217	0.0182	0.0000	0.4319	-0.0000	-0.0015	7.1305	4.0019	3.2426	19.5615	0.0000	0.0000	0.0000	0.0000	0.0000	0.0000	0.0000	0.0000	0.0000	0.0094	0.0066	0.0028	0.0071	0.0053	0.0019	0.0023	0.0013	0.0010	0.2351	0.2075	0.0276	0.0886	0.0838	0.0049	0.1464	0.1237	0.0227	0.3498	0.2446	0.1052	0.2356	0.1842	0.0515	0.1141	0.0604	0.0537	0.0017	0.0019	0.0000	0.0040	0.0044	0.0000	0.0000	0.0000	0.0000	0.0269	0.0269	0.0270	0.0302	0.0286	0.0362	0.0200	0.0217	0.0182
94	124	0.5924	7	0	1	0	0	0	0	0	0	N	N	N	N	N	N	N	N	N	N	N	N	0.0116	0.0121	0.0052	0.0237	0.0212	0.0142	0.0027	0.0032	0.0037	0.0004	0.0004	0.0002	0.0008	0.0009	0.0001	0.0001	0.0001	0.0002	0.0357	0.0368	0.0330	0.0354	0.0409	0.0095	0.0363	0.0254	0.0491	0.0503	0.3458	-0.0000	-0.0012	7.1305	1.2223	3.2426	8.2281	0.0000	0.0000	0.0000	0.0000	0.0000	0.0000	0.0000	0.0000	0.0000	0.0058	0.0043	0.0015	0.0037	0.0035	0.0002	0.0021	0.0008	0.0013	0.1078	0.0954	0.0124	0.0462	0.0443	0.0019	0.0616	0.0511	0.0105	0.1609	0.1161	0.0448	0.1036	0.0853	0.0183	0.0574	0.0308	0.0266	0.0116	0.0121	0.0052	0.0237	0.0212	0.0142	0.0027	0.0032	0.0037	0.0357	0.0368	0.0330	0.0354	0.0409	0.0095	0.0363	0.0254	0.0491
94	125	0.5405	6	0	1	0	0	0	0	0	0	N	N	N	N	N	N	N	N	N	N	N	N	2.8842	2.6962	0.1746	6.7940	5.9527	9.3512	0.0026	0.0037	0.0000	0.0755	0.0855	0.0024	0.2187	0.2297	0.0159	0.0000	0.0001	0.0000	0.0262	0.0317	0.0136	0.0322	0.0386	0.0017	0.0171	0.0143	0.0198	0.0038	0.1880	-0.0105	-0.0020	7.1305	5.9920	3.2426	12.2976	0.0241	0.0240	0.0001	0.0240	0.0240	0.0001	0.0000	0.0000	0.0000	0.0068	0.0057	0.0011	0.0050	0.0050	0.0000	0.0018	0.0007	0.0010	0.3185	0.2803	0.0381	0.1100	0.1043	0.0057	0.2085	0.1761	0.0324	0.2598	0.1807	0.0792	0.1566	0.1294	0.0272	0.1032	0.0512	0.0520	2.8842	2.6962	0.1746	6.7940	5.9527	9.3512	0.0026	0.0037	0.0000	0.0262	0.0317	0.0136	0.0322	0.0386	0.0017	0.0171	0.0143	0.0198
94	126	0.5777	8	0	2	0	0	0	0	0	0	N	Y	N	N	N	N	N	N	N	N	N	N	0.0002	0.0001	0.0119	0.0003	0.0002	1.7697	0.0000	0.0000	0.0000	0.0003	0.0003	0.0003	0.0008	0.0008	0.0017	0.0000	0.0000	0.0000	1.6067	2.2922	0.0248	2.8044	3.4061	0.0009	0.0456	0.0534	0.0366	0.1258	0.0047	-0.0000	-0.2364	7.1305	5.0407	3.2426	17.1705	0.0001	0.0001	0.0000	0.0001	0.0001	0.0000	0.0000	0.0000	0.0000	0.5211	0.5186	0.0024	0.5146	0.5146	0.0000	0.0064	0.0040	0.0024	0.2887	0.2547	0.0340	0.1082	0.1021	0.0060	0.1805	0.1525	0.0280	0.3243	0.2263	0.0980	0.1835	0.1511	0.0324	0.1408	0.0752	0.0656	0.0002	0.0001	0.0119	0.0003	0.0002	1.7697	0.0000	0.0000	0.0000	1.6067	2.2922	0.0248	2.8044	3.4061	0.0009	0.0456	0.0534	0.0366
94	127	0.5617	7	0	2	0	0	0	0	0	0	N	Y	N	N	N	N	N	N	N	N	N	N	0.0169	0.0157	0.0004	0.0276	0.0247	0.0446	0.0099	0.0114	0.0000	0.0003	0.0004	0.0000	0.0007	0.0007	0.0000	0.0001	0.0002	0.0000	0.0203	0.0247	0.0092	0.0255	0.0301	0.0004	0.0137	0.0140	0.0132	0.0011	0.1467	-0.0000	-0.0011	7.1305	1.9703	3.2426	6.2034	0.0000	0.0000	0.0000	0.0000	0.0000	0.0000	0.0000	0.0000	0.0000	0.0034	0.0029	0.0004	0.0024	0.0024	0.0000	0.0010	0.0006	0.0004	0.1127	0.0994	0.0134	0.0413	0.0390	0.0023	0.0714	0.0603	0.0111	0.1663	0.1192	0.0471	0.0942	0.0795	0.0147	0.0721	0.0397	0.0324	0.0169	0.0157	0.0004	0.0276	0.0247	0.0446	0.0099	0.0114	0.0000	0.0203	0.0247	0.0092	0.0255	0.0301	0.0004	0.0137	0.0140	0.0132
94	128	0.5405	6	0	1	0	0	0	0	0	0	N	N	N	N	N	N	N	N	N	N	N	N	0.0088	0.0075	0.0000	0.0000	0.0000	0.0000	0.0747	1.2114	0.0000	0.0005	0.0005	0.0000	0.0000	0.0000	0.0000	0.0007	0.0009	0.0000	0.0552	0.0734	0.0138	0.0860	0.1014	0.0040	0.0099	0.0007	0.0182	0.0000	0.0830	-0.0000	-0.0032	7.1305	1.1032	3.2426	7.8190	0.0000	0.0000	0.0000	0.0000	0.0000	0.0000	0.0000	0.0000	0.0000	0.0083	0.0076	0.0006	0.0077	0.0076	0.0001	0.0006	0.0000	0.0006	0.0598	0.0526	0.0072	0.0206	0.0196	0.0011	0.0392	0.0330	0.0061	0.1498	0.1041	0.0458	0.0892	0.0751	0.0142	0.0606	0.0290	0.0316	0.0088	0.0075	0.0000	0.0000	0.0000	0.0000	0.0747	1.2114	0.0000	0.0552	0.0734	0.0138	0.0860	0.1014	0.0040	0.0099	0.0007	0.0182
94	129	0.3167	6	0	2	0	0	0	0	0	0	N	Y	N	N	N	N	N	N	N	N	N	N	0.0886	0.0502	8.4919	0.1343	0.1474	0.0000	0.0620	0.0000	19.2837	0.0000	0.0000	0.0000	0.0000	0.0000	0.0000	0.0000	0.0000	0.0000	0.0000	0.0001	0.0000	0.0000	0.0000	0.0000	0.0001	0.0001	0.0000	0.5031	0.0072	-0.0000	-0.0000	7.1305	1.0033	3.2426	0.8635	0.0000	0.0000	0.0000	0.0000	0.0000	0.0000	0.0000	0.0000	0.0000	0.0000	0.0000	0.0000	0.0000	0.0000	0.0000	0.0000	0.0000	0.0000	0.3609	0.3140	0.0469	0.2242	0.1975	0.0267	0.1367	0.1165	0.0202	0.2202	0.1620	0.0582	0.1041	0.1006	0.0035	0.1161	0.0614	0.0547	0.0886	0.0502	8.4919	0.1343	0.1474	0.0000	0.0620	0.0000	19.2837	0.0000	0.0001	0.0000	0.0000	0.0000	0.0000	0.0001	0.0001	0.0000
94	130	0.2874	5	0	1	0	0	0	0	0	0	N	N	N	N	N	N	N	N	N	N	N	N	6.8084	5.8699	11.9897	5.4185	5.0260	21.4079	8.2539	7.9215	10.7067	0.1334	0.1275	0.1796	0.1538	0.1479	0.3069	0.1204	0.1126	0.1609	0.0196	0.0217	0.0150	0.0284	0.0294	0.0143	0.0146	0.0142	0.0150	0.1796	0.3182	-0.0169	-0.0016	7.1305	5.5514	3.2426	9.9598	0.0583	0.0495	0.0089	0.0261	0.0242	0.0019	0.0322	0.0253	0.0069	0.0073	0.0055	0.0018	0.0038	0.0037	0.0001	0.0034	0.0018	0.0016	0.4375	0.3880	0.0495	0.1698	0.1635	0.0063	0.2676	0.2245	0.0432	0.3702	0.2533	0.1169	0.1342	0.1250	0.0093	0.2360	0.1284	0.1076	6.8084	5.8699	11.9897	5.4185	5.0260	21.4079	8.2539	7.9215	10.7067	0.0196	0.0217	0.0150	0.0284	0.0294	0.0143	0.0146	0.0142	0.0150
94	131	0.2571	4	0	1	0	0	0	0	0	0	N	N	N	N	N	N	N	N	N	N	N	N	0.4367	0.2450	3.4888	1.6500	1.6651	0.4134	0.2161	0.0239	3.7960	0.0221	0.0160	0.0706	0.0388	0.0400	0.0066	0.0138	0.0024	0.0779	0.0507	0.0651	0.0202	0.0235	0.0240	0.0158	0.0641	0.1000	0.0205	0.5630	0.1477	-0.0012	-0.0081	7.1305	9.1969	3.2426	13.4651	0.0143	0.0091	0.0051	0.0083	0.0083	0.0000	0.0060	0.0009	0.0051	0.0244	0.0213	0.0031	0.0037	0.0036	0.0002	0.0207	0.0177	0.0030	0.6456	0.5727	0.0729	0.2143	0.2069	0.0075	0.4313	0.3659	0.0654	0.4822	0.3268	0.1554	0.1594	0.1499	0.0095	0.3228	0.1768	0.1459	0.4367	0.2450	3.4888	1.6500	1.6651	0.4134	0.2161	0.0239	3.7960	0.0507	0.0651	0.0202	0.0235	0.0240	0.0158	0.0641	0.1000	0.0205
94	132	0.6375	10	1	2	0	1	0	0	0	0	N	Y	N	N	N	N	N	N	N	N	N	N	0.0000	0.0000	0.0000	0.0000	0.0000	0.0000	0.0000	0.0000	0.0000	0.0000	0.0000	0.0000	0.0000	0.0000	0.0000	0.0000	0.0000	0.0000	0.0014	0.0019	0.0004	0.0003	0.0003	0.0002	0.0036	0.0066	0.0005	0.0863	0.0000	-0.0000	7.1305	1.0000	3.2426	3.0001	0.0000	0.0000	0.0000	0.0000	0.0000	0.0000	0.0000	0.0000	0.0000	0.0001	0.0001	0.0000	0.0000	0.0000	0.0000	0.0001	0.0001	0.0000	0.0587	0.0516	0.0071	0.0202	0.0191	0.0011	0.0385	0.0326	0.0060	0.0545	0.0385	0.0159	0.0362	0.0292	0.0070	0.0183	0.0093	0.0090	0.0000	0.0000	0.0000	0.0000	0.0000	0.0000	0.0000	0.0000	0.0000	0.0014	0.0019	0.0004	0.0003	0.0003	0.0002	0.0036	0.0066	0.0005	
94	133	0.3385	8	1	2	0	1	0	0	0	0	N	Y	N	N	N	N	N	N	N	N	N	N	0.6097	0.7592	0.0000	0.0000	0.0000	0.0000	0.7443	0.8809	0.0000	0.0001	0.0001	0.0000	0.0000	0.0000	0.0000	0.0001	0.0001	0.0000	0.0001	0.0001	0.0001	0.0000	0.0000	0.0000	0.0001	0.0001	0.0001	0.0000	0.6991	-0.0000	-0.0000	7.1305	0.0006	3.2426	1.9797	0.0000	0.0000	0.0000	0.0000	0.0000	0.0000	0.0000	0.0000	0.0000	0.0000	0.0000	0.0000	0.0000	0.0000	0.0000	0.0000	0.0000	0.0000	0.0000	0.0000	0.0000	0.0000	0.0000	0.0000	0.0000	0.0000	0.0000	0.0269	0.0174	0.0094	0.0073	0.0065	0.0007	0.0196	0.0109	0.0087	0.6097	0.7592	0.0000	0.0000	0.0000	0.0000	0.7443	0.8809	0.0000	0.0001	0.0001	0.0001	0.0000	0.0000	0.0000	0.0001	0.0001	0.0001
94	134	0.3218	7	1	2	0	1	0	0	0	0	N	Y	N	N	N	N	N	N	N	N	N	N	0.0233	0.0278	0.0190	0.0256	0.0001	1885.1098	0.0247	0.0335	0.0003	0.0009	0.0008	0.0009	0.0003	0.0000	0.0063	0.0011	0.0013	0.0000	0.0366	0.0305	0.0475	0.0137	0.0152	0.0000	0.0442	0.0386	0.0511	0.1532	0.8794	-0.0000	0.0000	7.1305	2.0077	3.2426	6.0321	0.0001	0.0001	0.0000	0.0000	0.0000	0.0000	0.0001	0.0001	0.0000	0.0039	0.0021	0.0018	0.0004	0.0004	0.0000	0.0035	0.0017	0.0018	0.1217	0.1064	0.0153	0.0390	0.0369	0.0022	0.0827	0.0696	0.0131	0.1063	0.0680	0.0383	0.0263	0.0236	0.0027	0.0800	0.0444	0.0356	0.0233	0.0278	0.0190	0.0256	0.0001	1885.1098	0.0247	0.0335	0.0003	0.0366	0.0305	0.0475	0.0137	0.0152	0.0000	0.0442	0.0386	0.0511
94	135	0.3170	7	0	2	0	1	0	0	0	0	N	Y	N	N	N	N	N	N	N	N	N	N	0.0028	0.0023	0.0000	0.0123	0.0118	0.0000	0.0000	0.0000	0.0000	0.0001	0.0001	0.0000	0.0002	0.0002	0.0000	0.0000	0.0000	0.0000	0.0196	0.0273	0.0052	0.0141	0.0156	0.0006	0.0221	0.0362	0.0057	0.0000	0.1015	-0.0000	-0.0014	7.1305	3.0348	3.2426	9.3583	0.0000	0.0000	0.0000	0.0000	0.0000	0.0000	0.0000	0.0000	0.0000	0.0038	0.0035	0.0004	0.0009	0.0009	0.0000	0.0030	0.0026	0.0003	0.1808	0.1582	0.0226	0.0575	0.0543	0.0032	0.1234	0.1039	0.0195	0.1960	0.1279	0.0681	0.0621	0.0558	0.0063	0.1339	0.0721	0.0618	0.0028	0.0023	0.0000	0.0123	0.0118	0.0000	0.0000	0.0000	0.0000	0.0196	0.0273	0.0052	0.0141	0.0156	0.0006	0.0221	0.0362	0.0057
94	136	0.3027	6	0	1	0	1	0	0	0	0	N	N	N	N	N	N	N	N	N	N	N	N	0.0167	0.0284	0.0000	0.1183	0.1398	0.0000	0.0002	0.0003	0.0000	0.0001	0.0001	0.0000	0.0002	0.0002	0.0000	0.0000	0.0000	0.0000	0.0051	0.0034	0.0081	0.0016	0.0015	0.0029	0.0063	0.0045	0.0085	0.0000	1.3334	-0.0000	0.0001	7.1305	0.0433	3.2426	6.6805	0.0000	0.0000	0.0000	0.0000	0.0000	0.0000	0.0000	0.0000	0.0000	0.0005	0.0002	0.0003	0.0000	0.0000	0.0000	0.0004	0.0002	0.0003	0.0032	0.0028	0.0004	0.0014	0.0013	0.0001	0.0018	0.0015	0.0003	0.0908	0.0583	0.0325	0.0232	0.0209	0.0023	0.0676	0.0374	0.0302	0.0167	0.0284	0.0000	0.1183	0.1398	0.0000	0.0002	0.0003	0.0000	0.0051	0.0034	0.0081	0.0016	0.0015	0.0029	0.0063	0.0045	0.0085
94	137	0.6671	12	0	2	0	1	0	0	0	0	N	Y	N	N	N	N	N	N	N	N	N	N	0.0000	0.0000	0.0000	0.0000	0.0000	0.0000	0.0000	0.0000	0.0000	0.0000	0.0000	0.0000	0.0000	0.0000	0.0000	0.0000	0.0000	0.0000	0.0000	0.0000	7.1305	0.0000	3.2426	0.0000	0.0000	0.0000	0.0000	0.0000	0.0000	0.0000	0.0000	0.0000	0.0000	0.0000	0.0000	0.0000	0.0000	0.0000	0.0000	0.0000	0.0000	0.0000	0.0000	0.0000	0.0000	0.0000	0.0000	0.0000	0.0000	0.0000	0.0000	0.0000	0.0000	0.0000	0.0000	0.0000	0.0000	0.0000	0.0000	0.0000	0.0000	0.0000	0.0000	0.0000	0.0000	0.0000	0.0000	0.0000	0.0000	0.0000	0.0000	0.0000	0.0000	0.0000	0.0000	0.0000	0.0000	0.0000											
94	138	0.6620	11	0	2	0	1	0	0	0	0	N	Y	N	N	N	N	N	N	N	N	N	N	26.7382	0.1365	700.0353	inf	inf	34.4473	0.0013	491.1235	0.1172	0.0008	0.8590	0.0009	0.0010	0.0000	0.4002	0.0000	0.9794	0.0044	0.0057	0.0012	0.0000	0.0000	0.0000	0.0116	0.0207	0.0020	172.6592	0.0909	0.0000	-0.0000	7.1305	0.0021	3.2426	2.0000	0.0001	0.0000	0.0001	0.0000	0.0000	0.0000	0.0001	0.0000	0.0001	0.0001	0.0001	0.0000	0.0000	0.0000	0.0000	0.0001	0.0001	0.0000	0.0004	0.0004	0.0001	0.0003	0.0003	0.0000	0.0001	0.0001	0.0001	0.0274	0.0192	0.0081	0.0170	0.0139	0.0031	0.0103	0.0053	0.0050	26.7382	0.1365	700.0353	inf	inf	0.0000	34.4473	0.0013	491.1235	0.0044	0.0057	0.0012	0.0000	0.0000	0.0000	0.0116	0.0207	0.0020	
94	139	0.6518	10	0	1	0	1	0	0	0	0	N	N	N	N	N	N	N	N	N	N	N	N	1728065.5609	18737.9813	5312079.4570	85300.5018	73032.0897	inf	1096931.6457	242.1950	3854500.9108	9.7115	0.0296	80.3724	0.0750	0.0788	0.0092	14.7697	0.0007	94.9478	0.0000	0.0000	0.0000	0.0000	0.0000	0.0000	0.0000	0.0000	0.0000	371.8303	4.0657	0.3179	0.0000	7.1305	1.0020	3.2426	3.0181	0.5716	0.0015	0.5701	0.0015	0.0015	0.0000	0.5701	0.0000	0.5701	0.0000	0.0000	0.0000	0.0000	0.0000	0.0000	0.0000	0.0000	0.0000	0.0589	0.0518	0.0071	0.0203	0.0192	0.0011	0.0386	0.0326	0.0060	0.0549	0.0385	0.0164	0.0342	0.0279	0.0063	0.0207	0.0106	0.0101	1728065.5609	18737.9813	5312079.4570	85300.5018	73032.0897	inf	1096931.6457	242.1950	3854500.9108	0.0000	0.0000	0.0000	0.0000	0.0000	0.0000	0.0000	0.0000	0.0000
94	140	0.6375	10	0	2	0	0	0	0	0	0	N	Y	N	N	N	N	N	N	N	N	N	N	0.0000	0.0000	0.0000	0.0000	0.0000	0.0000	0.0000	0.0000	0.0000	0.0000	0.0000	0.0000	0.0000	0.0000	0.0000	0.0000	0.0000	0.0000	0.0000	0.0000	7.1305	0.0000	3.2426	4.0001	0.0000	0.0000	0.0000	0.0000	0.0000	0.0000	0.0000	0.0000	0.0000	0.0000	0.0000	0.0000	0.0000	0.0000	0.0000	0.0000	0.0000	0.0000	0.0000	0.0000	0.0000	0.0000	0.0000	0.0000	0.0000	0.0000	0.0000	0.0545	0.0385	0.0159	0.0362	0.0292	0.0070	0.0183	0.0093	0.0090	0.0000	0.0000	0.0000	0.0000	0.0000	0.0000	0.0000	0.0000	0.0000	0.0000	0.0000	0.0000	0.0000	0.0000	0.0000	0.0000	0.0000	0.0000											
94	141	0.3172	6	0	2	0	0	0	0	0	0	N	Y	N	N	N	N	N	N	N	N	N	N	0.0000	0.0000	1.5765	0.0000	0.0000	9.0039	0.0005	0.0000	0.0296	0.0000	0.0000	0.0000	0.0000	0.0000	0.0002	0.0000	0.0000	0.0000	0.1115	0.1738	0.0000	0.4465	0.4941	0.0000	0.0002	0.0003	0.0000	17.4492	0.0001	0.0000	-0.0042	7.1305	1.0003	3.2426	5.0186	0.0000	0.0000	0.0000	0.0000	0.0000	0.0000	0.0000	0.0000	0.0000	0.0092	0.0092	0.0000	0.0091	0.0091	0.0000	0.0000	0.0000	0.0000	0.0607	0.0531	0.0076	0.0195	0.0184	0.0011	0.0412	0.0347	0.0065	0.0821	0.0527	0.0294	0.0205	0.0185	0.0020	0.0616	0.0342	0.0274	0.0000	0.0000	1.5765	0.0000	0.0000	9.0039	0.0005	0.0000	0.0296	0.1115	0.1738	0.0000	0.4465	0.4941	0.0000	0.0002	0.0003	0.0000
94	142	0.6518	10	0	1	1	1	0	0	0	0	N	N	N	N	N	N	N	N	N	N	N	N	0.1434	0.3097	0.1396	1584.8645	1063.4571	inf	0.0000	0.0000	0.0000	0.0003	0.0002	0.0006	0.0004	0.0003	0.0010	0.0000	0.0000	0.0000	0.0018	0.0007	0.0045	0.0000	0.0000	0.0000	0.0048	0.0026	0.0072	0.3333	2.6703	-0.0000	0.0001	7.1305	0.0001	3.2426	9.0026	0.0000	0.0000	0.0000	0.0000	0.0000	0.0000	0.0000	0.0000	0.0000	0.0002	0.0001	0.0002	0.0000	0.0000	0.0000	0.0002	0.0001	0.0002	0.0000	0.0000	0.0000	0.0000	0.0000	0.0000	0.0000	0.0000	0.0000	0.1203	0.0844	0.0359	0.0747	0.0610	0.0138	0.0456	0.0234	0.0221	0.1434	0.3097	0.1396	1584.8645	1063.4571	inf	0.0000	0.0000	0.0000	0.0018	0.0007	0.0045	0.0000	0.0000	0.0000	0.0048	0.0026	0.0072
94	143	0.3027	6	0	1	1	1	0	0	0	0	N	N	N	N	N	N	N	N	N	N	N	N	0.0028	0.0026	0.0034	0.0000	0.0000	0.0000	0.0075	0.0245	0.0037	0.0006	0.0006	0.0007	0.0000	0.0000	0.0000	0.0009	0.0009	0.0008	0.2114	0.2208	0.1945	0.4997	0.5565	0.0002	0.1132	0.0355	0.2096	0.1660	0.4935	-0.0000	-0.0036	7.1305	2.0061	3.2426	8.0425	0.0001	0.0001	0.0000	0.0000	0.0000	0.0000	0.0001	0.0001	0.0000	0.0281	0.0188	0.0093	0.0169	0.0169	0.0000	0.0112	0.0020	0.0093	0.1207	0.1056	0.0151	0.0388	0.0366	0.0022	0.0819	0.0690	0.0129	0.1331	0.0853	0.0478	0.0338	0.0303	0.0034	0.0993	0.0549	0.0443	0.0028	0.0026	0.0034	0.0000	0.0000	0.0000	0.0075	0.0245	0.0037	0.2114	0.2208	0.1945	0.4997	0.5565	0.0002	0.1132	0.0355	0.2096
94	144	0.2936	5	0	1	0	1	0	0	0	0	N	N	N	N	N	N	N	N	N	N	N	N	0.0715	0.0586	0.0024	0.0707	0.0707	0.0070	0.0639	0.0543	0.0022	0.0003	0.0003	0.0000	0.0008	0.0008	0.0000	0.0000	0.0000	0.0000	0.0042	0.0059	0.0003	0.0113	0.0119	0.0001	0.0006	0.0009	0.0003	0.0003	0.0200	-0.0000	-0.0002	7.1305	1.9550	3.2426	2.1189	0.0000	0.0000	0.0000	0.0000	0.0000	0.0000	0.0000	0.0000	0.0000	0.0003	0.0003	0.0000	0.0003	0.0003	0.0000	0.0000	0.0000	0.0000	0.1273	0.1118	0.0155	0.0438	0.0415	0.0023	0.0835	0.0703	0.0132	0.0821	0.0579	0.0242	0.0276	0.0261	0.0015	0.0546	0.0318	0.0227	0.0715	0.0586	0.0024	0.0707	0.0707	0.0070	0.0639	0.0543	0.0022	0.0042	0.0059	0.0003	0.0113	0.0119	0.0001	0.0006	0.0009	0.0003
94	145	0.2936	5	0	1	1	1	0	0	0	0	N	N	N	N	N	N	N	N	N	N	N	N	0.0486	0.0464	0.0028	0.4393	0.4221	1.8443	0.0029	0.0023	0.0021	0.0020	0.0023	0.0001	0.0056	0.0059	0.0001	0.0001	0.0002	0.0001	0.0411	0.0489	0.0262	0.0127	0.0139	0.0001	0.0519	0.0705	0.0282	0.0045	0.2804	-0.0001	-0.0028	7.1305	2.1261	3.2426	18.6477	0.0003	0.0003	0.0000	0.0003	0.0003	0.0000	0.0000	0.0000	0.0000	0.0118	0.0092	0.0026	0.0010	0.0010	0.0000	0.0108	0.0082	0.0026	0.1374	0.1206	0.0168	0.0470	0.0445	0.0025	0.0904	0.0761	0.0143	0.2863	0.1880	0.0983	0.0787	0.0717	0.0070	0.2076	0.1163	0.0913	0.0486	0.0464	0.0028	0.4393	0.4221	1.8443	0.0029	0.0023	0.0021	0.0411	0.0489	0.0262	0.0127	0.0139	0.0001	0.0519	0.0705	0.0282
94	146	0.6518	10	0	1	1	1	0	0	0	0	N	N	N	N	N	N	N	N	N	N	N	N	2955.9549	4876.7477	1.5598	18422.6168	15879.5893	inf	0.2163	0.4829	0.0001	8.5401	9.7077	0.0078	24.8114	26.2165	0.0508	0.0012	0.0014	0.0000	0.0029	0.0020	0.0050	0.0013	0.0017	0.0000	0.0054	0.0029	0.0081	0.0001	1.0682	-0.4406	0.0000	7.1305	2.0001	3.2426	5.9880	0.9991	0.9990	0.0001	0.9990	0.9989	0.0001	0.0001	0.0001	0.0000	0.0003	0.0001	0.0002	0.0001	0.0001	0.0000	0.0002	0.0001	0.0002	0.1170	0.1029	0.0141	0.0403	0.0381	0.0022	0.0767	0.0648	0.0119	0.1072	0.0752	0.0320	0.0667	0.0544	0.0123	0.0406	0.0209	0.0197	2955.9549	4876.7477	1.5598	18422.6168	15879.5893	inf	0.2163	0.4829	0.0001	0.0029	0.0020	0.0050	0.0013	0.0017	0.0000	0.0054	0.0029	0.0081
94	147	0.6518	10	0	1	1	1	0	0	0	0	N	N	N	N	N	N	N	N	N	N	N	N	0.0000	0.0000	0.0000	0.0000	0.0000	0.0000	0.0000	0.0000	0.0000	0.0000	0.0000	0.0000	0.0000	0.0000	0.0000	0.0000	0.0000	0.0000	1.4528	2.0679	0.0101	1.9632	2.3972	0.0176	0.6485	1.2481	0.0055	0.3333	0.0021	-0.0000	-0.2583	7.1305	9.0001	3.2426	23.0169	0.0000	0.0000	0.0000	0.0000	0.0000	0.0000	0.0000	0.0000	0.0000	0.5660	0.5648	0.0012	0.4679	0.4671	0.0008	0.0981	0.0977	0.0004	0.5113	0.4503	0.0610	0.1760	0.1666	0.0094	0.3353	0.2837	0.0516	0.3896	0.2731	0.1164	0.2383	0.1949	0.0435	0.1512	0.0782	0.0730	0.0000	0.0000	0.0000	0.0000	0.0000	0.0000	0.0000	0.0000	0.0000	1.4528	2.0679	0.0101	1.9632	2.3972	0.0176	0.6485	1.2481	0.0055
94	148	0.6265	9	0	1	0	1	0	0	0	0	N	N	N	N	N	N	N	N	N	N	N	N	0.1274	0.0922	0.8994	0.2289	0.1866	112.6795	0.1192	0.0027	0.4123	0.0016	0.0016	0.0020	0.0043	0.0043	0.0045	0.0002	0.0000	0.0015	0.0128	0.0172	0.0022	0.0187	0.0229	0.0000	0.0020	0.0004	0.0037	0.1738	0.0530	-0.0001	-0.0008	7.1305	1.9990	3.2426	7.9526	0.0002	0.0002	0.0000	0.0002	0.0002	0.0000	0.0000	0.0000	0.0000	0.0019	0.0018	0.0001	0.0018	0.0018	0.0000	0.0001	0.0000	0.0001	0.1173	0.1031	0.0142	0.0405	0.0383	0.0022	0.0768	0.0648	0.0120	0.1473	0.1045	0.0428	0.0955	0.0780	0.0174	0.0518	0.0264	0.0254	0.1274	0.0922	0.8994	0.2289	0.1866	112.6795	0.1192	0.0027	0.4123	0.0128	0.0172	0.0022	0.0187	0.0229	0.0000	0.0020	0.0004	0.0037
94	149	0.5946	8	1	2	0	0	0	0	0	0	N	Y	N	N	N	N	N	N	N	N	N	N	1.9163	0.4072	106.8415	3.4894	0.7821	292.4151	0.2386	0.1974	0.0000	0.0352	0.0101	0.2190	0.0968	0.0256	1.2828	0.0002	0.0002	0.0000	0.0184	0.0248	0.0020	0.0277	0.0328	0.0044	0.0008	0.0012	0.0004	2.9627	0.0326	0.0034	-0.0024	7.1305	5.3497	3.2426	17.2225	0.0112	0.0028	0.0084	0.0112	0.0028	0.0084	0.0000	0.0000	0.0000	0.0057	0.0055	0.0002	0.0056	0.0055	0.0002	0.0001	0.0001	0.0000	0.3180	0.2798	0.0382	0.1152	0.1087	0.0065	0.2028	0.1711	0.0317	0.3106	0.2228	0.0878	0.2024	0.1666	0.0358	0.1082	0.0562	0.0520	1.9163	0.4072	106.8415	3.4894	0.7821	292.4151	0.2386	0.1974	0.0000	0.0184	0.0248	0.0020	0.0277	0.0328	0.0044	0.0008	0.0012	0.0004
94	150	0.6254	9	0	2	0	0	0	0	0	0	N	Y	N	N	N	N	N	N	N	N	N	N	862.6046	3.1063	12912.1549	7.4205	7.2942	7.6857	1560.0723	0.2651	25864.5099	2.4905	0.0105	20.6818	0.0222	0.0224	0.0203	4.2059	0.0011	25.6269	0.0029	0.0034	0.0016	0.0030	0.0031	0.0026	0.0027	0.0042	0.0010	269.7860	0.1768	0.3167	-0.0003	7.1305	3.6794	3.2426	17.4287	0.5705	0.0021	0.5684	0.0021	0.0020	0.0001	0.5684	0.0001	0.5682	0.0008	0.0007	0.0001	0.0005	0.0005	0.0001	0.0003	0.0002	0.0000	0.2291	0.2016	0.0275	0.0939	0.0886	0.0053	0.1351	0.1130	0.0222	0.2894	0.2110	0.0784	0.1834	0.1543	0.0291	0.1060	0.0567	0.0493	862.6046	3.1063	12912.1549	7.4205	7.2942	7.6857	1560.0723	0.2651	25864.5099	0.0029	0.0034	0.0016	0.0030	0.0031	0.0026	0.0027	0.0042	0.0010
94	151	0.5946	8	0	2	0	0	0	0	0	0	N	Y	N	N	N	N	N	N	N	N	N	N	0.8051	0.3602	4.3107	0.3871	0.4522	0.0177	26.7236	5.2071	166.3177	0.0150	0.0069	0.0738	0.0108	0.0114	0.0007	0.0174	0.0039	0.0895	0.0186	0.0191	0.0171	0.0278	0.0251	0.0403	0.0007	0.0008	0.0005	1.4683	0.3408	0.0005	-0.0008	7.1305	3.4464	3.2426	10.1316	0.0032	0.0013	0.0019	0.0008	0.0008	0.0000	0.0023	0.0004	0.0019	0.0038	0.0028	0.0010	0.0038	0.0028	0.0010	0.0000	0.0000	0.0000	0.2119	0.1864	0.0255	0.0786	0.0741	0.0045	0.1333	0.1123	0.0210	0.2050	0.1485	0.0565	0.1354	0.1119	0.0236	0.0696	0.0367	0.0330	0.8051	0.3602	4.3107	0.3871	0.4522	0.0177	26.7236	5.2071	166.3177	0.0186	0.0191	0.0171	0.0278	0.0251	0.0403	0.0007	0.0008	0.0005
94	152	0.3240	8	1	2	0	0	0	0	0	0	N	Y	N	N	N	N	N	N	N	N	N	N	0.0056	0.0041	0.0000	0.5047	0.4790	0.0000	0.0000	0.0000	0.0004	0.0005	0.0000	0.0012	0.0013	0.0000	0.0000	0.0000	0.0000	0.0707	0.1104	0.0002	0.0024	0.0027	0.0000	0.0932	0.1676	0.0003	0.0000	0.0013	-0.0000	-0.0054	7.1305	1.0143	3.2426	12.0086	0.0000	0.0000	0.0000	0.0000	0.0000	0.0000	0.0000	0.0000	0.0000	0.0119	0.0119	0.0000	0.0001	0.0001	0.0000	0.0118	0.0118	0.0000	0.0626	0.0547	0.0079	0.0205	0.0193	0.0011	0.0422	0.0354	0.0068	0.1681	0.1076	0.0606	0.0416	0.0373	0.0043	0.1265	0.0703	0.0562	0.0056	0.0041	0.0000	0.5047	0.4790	0.0000	0.0000	0.0000	0.0000	0.0707	0.1104	0.0002	0.0024	0.0027	0.0000	0.0932	0.1676	0.0003	
94	153	0.3218	7	1	2	0	0	0	0	0	0	N	Y	N	N	N	N	N	N	N	N	N	N	0.8956	20.5225	0.0003	37.9949	36.2987	7.8568	0.0053	0.2495	0.0000	0.0310	0.0355	0.0000	0.0957	0.1013	0.0002	0.0002	0.0003	0.0000	0.0346	0.0017	0.0934	0.0025	0.0028	0.0000	0.0454	0.0011	0.1004	0.0001	30.2039	-0.0008	0.0002	7.1305	0.9811	3.2426	0.0216	0.0019	0.0019	0.0000	0.0019	0.0019	0.0000	0.0000	0.0000	0.0000	0.0005	0.0000	0.0005	0.0000	0.0000	0.0000	0.0005	0.0000	0.0005	0.0601	0.0525	0.0076	0.0193	0.0183	0.0011	0.0407	0.0342	0.0065	0.0139	0.0089	0.0050	0.0035	0.0032	0.0003	0.0104	0.0058	0.0046	0.8956	20.5225	0.0003	37.9949	36.2987	7.8568	0.0053	0.2495	0.0000	0.0346	0.0017	0.0934	0.0025	0.0028	0.0000	0.0454	0.0011	0.1004
94	154	0.3172	6	1	2	0	0	0	0	0	0	N	Y	N	N	N	N	N	N	N	N	N	N	0.0007	0.0873	0.0000	11.2191	25.4054	0.4325	0.0000	0.0005	0.0000	0.0223	0.0249	0.0030	0.0517	0.0543	0.0131	0.0002	0.0002	0.0001	30.1158	0.2859	120.9706	0.0046	0.0021	0.0304	23.2523	0.4501	118.4952	0.0162	91.6474	-0.0000	0.2659	7.1305	0.0083	3.2426	2.0001	0.0000	0.0000	0.0000	0.0000	0.0000	0.0000	0.0000	0.0000	0.0000	0.5010	0.0054	0.4956	0.0000	0.0000	0.0000	0.5009	0.0054	0.4956	0.0006	0.0006	0.0001	0.0003	0.0003	0.0000	0.0004	0.0003	0.0001	0.0291	0.0189	0.0102	0.0076	0.0069	0.0007	0.0215	0.0120	0.0096	0.0013	0.0873	0.0001	11.2191	25.4054	0.4325	0.0000	0.0005	0.0000	17.1917	0.2859	48.4494	0.0046	0.0021	0.0304	23.2523	0.4501	51.8187
94	155	0.2936	5	0	2	0	0	0	0	0	0	N	Y	N	N	N	N	N	N	N	N	N	N	0.0042	0.0670	0.0000	0.1617	0.1799	0.0000	0.0000	0.0000	0.0000	0.0003	0.0003	0.0000	0.0008	0.0008	0.0000	0.0000	0.0000	0.0000	0.0604	0.0043	0.1752	0.0047	0.0044	0.0075	0.0836	0.0042	0.1874	0.0000	19.7999	-0.0000	0.0048	7.1305	2.9180	3.2426	7.4065	0.0000	0.0000	0.0000	0.0000	0.0000	0.0000	0.0000	0.0000	0.0000	0.0098	0.0005	0.0093	0.0002	0.0002	0.0000	0.0095	0.0003	0.0093	0.1842	0.1616	0.0226	0.0618	0.0585	0.0033	0.1223	0.1030	0.0193	0.1618	0.1087	0.0531	0.0475	0.0439	0.0036	0.1143	0.0648	0.0495	0.0042	0.0670	0.0000	0.1617	0.1799	0.0000	0.0000	0.0000	0.0000	0.0604	0.0043	0.1752	0.0047	0.0044	0.0075	0.0836	0.0042	0.1874
94	156	0.2278	4	0	1	0	0	0	0	0	0	N	N	N	N	N	N	N	N	N	N	N	N	0.7452	0.0035	29.6903	0.1654	0.1434	1.1290	0.8483	0.0003	30.3492	0.4827	0.0032	2.7108	0.0070	0.0062	0.0326	0.8048	0.0005	2.9087	0.6477	0.9176	0.0913	0.0424	0.0434	0.0288	0.9487	1.6633	0.0958	180.1085	0.0483	0.2380	-0.1494	7.1305	8.2479	3.2426	19.7214	0.4300	0.0024	0.4277	0.0025	0.0022	0.0004	0.4275	0.0002	0.4273	0.3622	0.3456	0.0167	0.0079	0.0075	0.0004	0.3544	0.3380	0.0163	0.8909	0.7331	0.1578	0.3597	0.3489	0.0109	0.5312	0.3843	0.1469	0.5592	0.3766	0.1826	0.1857	0.1733	0.0124	0.3735	0.2032	0.1703	0.7452	0.0035	29.6903	0.1654	0.1434	1.1290	0.8483	0.0003	30.3492	0.6477	0.9176	0.0913	0.0424	0.0434	0.0288	0.9487	1.6633	0.0958
94	157	0.1916	3	0	1	0	0	0	0	0	0	N	N	N	N	N	N	N	N	N	N	N	N	0.6099	0.2819	4.9105	1.8659	1.8495	0.2093	0.3821	0.0031	5.0684	0.3290	0.2061	0.8196	0.4482	0.4593	0.0276	0.2605	0.0035	0.8586	0.5394	0.7309	0.1669	0.2402	0.2483	0.1319	0.6819	1.1322	0.1694	0.9965	0.1174	0.0135	-0.0953	7.1305	7.4725	3.2426	14.3153	0.2321	0.1163	0.1158	0.1153	0.1152	0.0002	0.1168	0.0011	0.1157	0.2696	0.2413	0.0283	0.0387	0.0372	0.0015	0.2309	0.2041	0.0268	0.7055	0.5642	0.1413	0.2573	0.2507	0.0066	0.4482	0.3135	0.1347	0.4998	0.3302	0.1697	0.1612	0.1499	0.0113	0.3387	0.1803	0.1584	0.6099	0.2819	4.9105	1.8659	1.8495	0.2093	0.3821	0.0031	5.0684	0.5394	0.7309	0.1669	0.2402	0.2483	0.1319	0.6819	1.1322	0.1694
94	161	0.6451	12	1	2	0	0	0	0	0	0	N	Y	N	N	N	N	N	N	N	N	N	N	0.0000	0.0000	0.0000	0.0000	0.0000	0.0000	0.0000	0.0000	0.0000	0.0000	0.0000	0.0000	0.0000	0.0000	0.0000	0.0000	0.0000	0.0000	1.6567	1.0399	3.1432	1.1052	1.3654	0.0001	2.7366	0.0202	5.5169	1.2539	0.0000	0.0068	7.1305	0.0002	3.2426	3.0099	0.0000	0.0000	0.0000	0.0000	0.0000	0.0000	0.0000	0.0000	0.0000	0.0693	0.0308	0.0386	0.0306	0.0306	0.0000	0.0387	0.0001	0.0386	0.0000	0.0000	0.0000	0.0000	0.0000	0.0000	0.0000	0.0000	0.0000	0.0418	0.0296	0.0123	0.0277	0.0224	0.0053	0.0141	0.0072	0.0070	0.0000	0.0000	0.0000	0.0000	0.0000	0.0000	0.0000	0.0000	0.0000	1.6567	1.0399	3.1432	1.1052	1.3654	0.0001	2.7366	0.0202	5.5169	
94	162	0.6375	11	1	2	0	0	0	0	0	0	N	Y	N	N	N	N	N	N	N	N	N	N	0.0000	0.0000	0.0000	0.0000	0.0000	0.0000	0.0000	0.0000	0.0000	0.0000	0.0000	0.0000	0.0000	0.0000	0.0000	0.0000	0.0000	0.0075	0.0066	0.0096	0.0070	0.0087	0.0000	0.0085	0.0002	0.0171	0.5981	0.0000	-0.0000	7.1305	0.9998	3.2426	2.0118	0.0000	0.0000	0.0000	0.0000	0.0000	0.0000	0.0000	0.0000	0.0000	0.0003	0.0002	0.0001	0.0002	0.0002	0.0000	0.0001	0.0000	0.0001	0.0587	0.0516	0.0071	0.0201	0.0191	0.0011	0.0385	0.0325	0.0060	0.0412	0.0291	0.0120	0.0274	0.0221	0.0053	0.0138	0.0070	0.0068	0.0000	0.0000	0.0000	0.0000	0.0000	0.0000	0.0000	0.0000	0.0000	0.0075	0.0066	0.0096	0.0070	0.0087	0.0000	0.0085	0.0002	0.0171		
94	163	0.6375	10	1	2	0	0	0	0	0	0	N	Y	N	N	N	N	N	N	N	N	N	N	0.0000	0.0000	0.0000	0.0000	0.0000	0.0000	0.0000	0.0000	0.0000	0.0000	0.0000	0.0000	0.0000	0.0000	0.0000	0.0000	0.0000	0.0000	0.0000	0.0000	7.1305	0.0000	3.2426	0.0003	0.0000	0.0000	0.0000	0.0000	0.0000	0.0000	0.0000	0.0000	0.0000	0.0000	0.0000	0.0000	0.0000	0.0000	0.0000	0.0000	0.0000	0.0000	0.0000	0.0000	0.0000	0.0000	0.0000	0.0000	0.0000	0.0000	0.0000	0.0000	0.0000	0.0000	0.0000	0.0000	0.0000	0.0000	0.0000	0.0000	0.0000	0.0000	0.0000	0.0000	0.0000	0.0000	0.0000	0.0000	0.0000	0.0000	0.0000	0.0000	0.0000	0.0000	0.0000	0.0000	0.0000	0.0000											
94	164	0.6265	9	0	2	0	0	0	0	0	0	N	Y	N	N	N	N	N	N	N	N	N	N	173.3527	200.6125	100.1969	800.5528	751.3000	0.0000	22.6697	0.1086	80.1921	0.1804	0.1921	0.1253	0.2711	0.2898	0.0000	0.0528	0.0003	0.1598	0.0010	0.0010	0.0013	0.0003	0.0004	0.0001	0.0023	0.0027	0.0020	0.1379	0.5193	-0.0000	-0.0000	7.1305	0.0063	3.2426	4.3641	0.0002	0.0001	0.0000	0.0001	0.0001	0.0000	0.0000	0.0000	0.0000	0.0001	0.0001	0.0000	0.0000	0.0000	0.0000	0.0001	0.0000	0.0000	0.0008	0.0007	0.0001	0.0005	0.0005	0.0000	0.0003	0.0002	0.0001	0.0749	0.0536	0.0213	0.0485	0.0401	0.0084	0.0264	0.0135	0.0129	173.3527	200.6125	100.1969	800.5528	751.3000	0.0000	22.6697	0.1086	80.1921	0.0010	0.0010	0.0013	0.0003	0.0004	0.0001	0.0023	0.0027	0.0020
94	165	0.5946	8	0	1	0	0	0	0	0	0	N	N	N	N	N	N	N	N	N	N	N	N	446.0088	363.5446	1113.5983	755.4330	700.6945	0.0593	306.9345	1.8984	1410.2361	3.5089	3.5049	3.5379	8.1112	8.6127	0.0002	0.6910	0.0029	4.3314	0.0079	0.0096	0.0032	0.0107	0.0123	0.0033	0.0023	0.0015	0.0031	0.1386	0.1246	-0.1790	-0.0005	7.1305	2.5207	3.2426	10.0226	0.5604	0.4922	0.0682	0.4919	0.4919	0.0000	0.0684	0.0002	0.0682	0.0015	0.0013	0.0002	0.0014	0.0013	0.0001	0.0001	0.0001	0.0001	0.1597	0.1404	0.0193	0.0606	0.0571	0.0035	0.0990	0.0833	0.0157	0.1924	0.1396	0.0528	0.1273	0.1052	0.0221	0.0651	0.0343	0.0307	446.0088	363.5446	1113.5983	755.4330	700.6945	0.0593	306.9345	1.8984	1410.2361	0.0079	0.0096	0.0032	0.0107	0.0123	0.0033	0.0023	0.0015	0.0031
94	166	0.5790	7	0	1	0	0	0	0	0	0	N	N	N	N	N	N	N	N	N	N	N	N	1.4699	1.2490	3.4755	2.3038	1.8439	12.8029	0.0518	0.1446	0.0019	0.0114	0.0100	0.0246	0.0213	0.0176	0.0981	0.0002	0.0002	0.0000	0.0078	0.0080	0.0071	0.0093	0.0096	0.0077	0.0041	0.0017	0.0066	0.2628	0.3056	-0.0007	-0.0003	7.1305	2.6894	3.2426	4.6619	0.0029	0.0023	0.0006	0.0029	0.0023	0.0006	0.0000	0.0000	0.0000	0.0013	0.0010	0.0003	0.0011	0.0009	0.0001	0.0002	0.0000	0.0001	0.2537	0.2291	0.0246	0.1351	0.1289	0.0062	0.1186	0.1002	0.0184	0.1607	0.1193	0.0414	0.1153	0.0960	0.0192	0.0455	0.0233	0.0222	1.4699	1.2490	3.4755	2.3038	1.8439	12.8029	0.0518	0.1446	0.0019	0.0078	0.0080	0.0071	0.0093	0.0096	0.0077	0.0041	0.0017	0.0066
94	167	0.5405	6	0	1	0	0	0	0	0	0	N	N	N	N	N	N	N	N	N	N	N	N	2.5645	2.9307	0.0001	6.4147	6.8305	0.0000	0.0341	0.0503	0.0001	0.0462	0.0525	0.0000	0.1328	0.1401	0.0000	0.0005	0.0006	0.0000	0.0180	0.0179	0.0182	0.0207	0.0205	0.0217	0.0140	0.0112	0.0166	0.0000	0.4471	-0.0031	-0.0005	7.1305	2.7966	3.2426	8.5340	0.0070	0.0070	0.0000	0.0069	0.0069	0.0000	0.0000	0.0000	0.0000	0.0032	0.0022	0.0010	0.0022	0.0018	0.0004	0.0010	0.0004	0.0006	0.1506	0.1325	0.0181	0.0520	0.0493	0.0027	0.0986	0.0832	0.0154	0.1789	0.1243	0.0546	0.1072	0.0895	0.0177	0.0718	0.0348	0.0369	2.5645	2.9307	0.0001	6.4147	6.8305	0.0000	0.0341	0.0503	0.0001	0.0180	0.0179	0.0182	0.0207	0.0205	0.0217	0.0140	0.0112	0.0166
95	96	0.1502	3	1	1	0	0	0	0	0	0	N	N	N	N	N	N	N	N	N	N	N	N	0.0000	0.0000	0.0000	0.0000	0.0000	0.0000	0.0000	0.0000	0.0000	0.0000	0.0000	0.0000	0.0000	0.0000	0.0000	3.2251	5.9623	0.0000	26.3154	31.2301	0.0000	1.0564	1.9884	0.0000	0.0000	0.0000	-1.7971	8.0000	11.9964	22.5660	18.8414	0.0000	0.0000	0.0000	0.0000	0.0000	0.0000	0.0000	0.0000	0.0000	3.9206	3.9206	0.0000	2.9206	2.9206	0.0000	1.0000	1.0000	0.0000	0.5734	0.4868	0.0866	0.0260	0.0240	0.0019	0.5474	0.4628	0.0846	1.2156	0.7259	0.4897	0.2690	0.2230	0.0460	0.9466	0.5029	0.4437	0.0000	0.0000	0.0000	0.0000	0.0000	0.0000	0.0000	0.0000	0.0000	3.2251	5.4009	0.0000	10.8567	13.0965	0.0000	1.0564	1.9884	0.0000				
95	98	0.1067	3	2	2	1	0	0	0	0	0	Y	Y	N	N	N	N	N	N	N	N	N	N	4.6348	3.3173	0.0000	4.4745	4.9304	0.0000	0.0000	0.0000	0.0000	15.3310	17.8948	0.0000	120.9725	125.7549	0.0000	0.0000	0.0000	0.0000	3.3078	5.3943	0.9127	27.0362	25.5059	0.0030	2.0024	2.9776	0.9331	0.0000	0.1307	-0.4186	-0.8473	8.0000	0.9502	22.5660	16.1595	0.9490	0.9490	0.0000	0.9490	0.9490	0.0000	0.0000	0.0000	0.0000	2.4717	2.1860	0.2857	1.1865	1.1864	0.0000	1.2852	0.9996	0.2857	0.0619	0.0530	0.0089	0.0078	0.0075	0.0003	0.0541	0.0455	0.0086	0.7472	0.4342	0.3130	0.1054	0.0985	0.0069	0.6418	0.3357	0.3061	4.6348	3.5546	0.0000	10.7461	10.4427	0.0000	0.0000	0.0000	0.0000	3.3078	5.0343	0.9127	11.2574	12.0423	0.0030	2.0024	2.9776	0.9331
95	99	0.1502	3	1	2	0	0	0	0	0	0	N	Y	N	N	N	N	N	N	N	N	N	N	0.0000	0.0000	0.0000	0.0000	0.0000	0.0000	0.0000	0.0000	0.0000	0.0000	0.0000	0.0000	0.0000	0.0000	0.0000	0.0000	0.0000	2.3934	2.9927	1.5009	15.1789	17.5277	0.4122	0.7584	0.0000	1.6157	0.3368	0.0000	-0.5518	8.0000	11.9964	22.5660	15.6499	0.0000	0.0000	0.0000	0.0000	0.0000	0.0000	0.0000	0.0000	0.0000	2.6734	1.9998	0.6736	2.0175	1.9998	0.0176	0.6559	0.0000	0.6559	0.5734	0.4868	0.0866	0.0260	0.0240	0.0019	0.5474	0.4628	0.0846	1.1170	0.6682	0.4488	0.2521	0.2093	0.0428	0.8649	0.4590	0.4060	0.0000	0.0000	0.0000	0.0000	0.0000	0.0000	0.0000	0.0000	0.0000	2.3934	2.9927	1.5009	8.0032	9.5560	0.4122	0.7584	0.0000	1.6157		
95	100	0.1097	4	2	1	1	0	0	0	0	0	Y	N	N	N	N	N	N	N	N	N	N	N	0.0021	0.0006	0.0048	0.0075	0.0061	1.4565	0.0025	0.0000	0.0061	0.0174	0.0017	0.1039	0.0274	0.0241	0.0626	0.0167	0.0000	0.1055	8.0930	2.6783	21.5950	3.6693	3.9663	0.0430	6.6514	2.3379	17.3641	11.1250	3.0615	0.0005	1.1778	8.0000	1.0008	22.5660	13.9255	0.0010	0.0001	0.0009	0.0001	0.0001	0.0000	0.0009	0.0000	0.0009	3.9868	0.9816	3.0052	0.3042	0.3039	0.0003	3.6827	0.6777	3.0049	0.0559	0.0473	0.0086	0.0036	0.0033	0.0003	0.0522	0.0440	0.0082	0.6366	0.3665	0.2700	0.0829	0.0766	0.0063	0.5537	0.2899	0.2638	0.0028	0.0006	0.0093	0.0075	0.0061	1.4565	0.0025	0.0000	0.0093	6.2631	2.6783	11.1285	3.6693	3.9663	0.0430	6.6514	2.3379	11.3922
95	101	0.1067	3	2	1	1	0	0	0	0	0	Y	N	N	N	N	N	N	N	N	N	N	N	1.4906	0.0398	9.3959	0.0520	0.0482	3.2718	2.7592	0.0006	9.4283	4.2832	0.0776	42.0523	0.1899	0.1780	3.1525	6.9351	0.0002	42.6713	2.8735	1.9470	4.4756	3.6509	3.6955	0.9636	2.5134	0.2575	4.5259	60.3717	1.3293	0.0282	0.0614	8.0000	0.0532	22.5660	2.0467	0.0519	0.0008	0.0511	0.0009	0.0008	0.0001	0.0510	0.0000	0.0510	0.5465	0.2346	0.3119	0.2198	0.2189	0.0009	0.3267	0.0158	0.3110	0.0121	0.0109	0.0012	0.0048	0.0047	0.0000	0.0074	0.0062	0.0012	0.1902	0.1205	0.0697	0.0602	0.0592	0.0010	0.1300	0.0613	0.0687	1.4906	0.0398	9.3959	0.0520	0.0482	3.2718	2.7592	0.0006	9.4283	2.8735	1.9470	4.4756	3.6509	3.6955	0.9636	2.5134	0.2575	4.5259
95	102	0.0971	2	2	1	1	0	0	0	0	0	Y	N	N	N	N	N	N	N	N	N	N	N	0.4263	0.3110	1.0930	0.9789	1.0180	0.5676	0.3702	0.4844	1.1204	0.7878	0.4647	2.6417	4.1910	4.4212	0.1808	0.4396	0.0101	2.7282	1.8479	1.4942	2.4170	4.2814	4.3428	0.3186	1.1874	0.0208	2.4350	0.9905	1.0055	0.0056	0.0253	8.0000	2.0948	22.5660	3.0326	0.0984	0.0495	0.0490	0.0486	0.0485	0.0001	0.0498	0.0010	0.0489	0.5877	0.2930	0.2946	0.2907	0.2903	0.0003	0.2970	0.0027	0.2943	0.1250	0.1064	0.0185	0.0116	0.0110	0.0006	0.1134	0.0955	0.0179	0.3180	0.1961	0.1219	0.0679	0.0669	0.0010	0.2501	0.1293	0.1209	0.4263	0.3110	1.0930	0.9789	1.0180	0.5676	0.3702	0.4844	1.1204	1.8479	1.4942	2.4170	4.2814	4.3428	0.3186	1.1874	0.0208	2.4350
95	104	0.1825	4	1	2	0	0	0	0	0	0	N	Y	N	N	N	N	N	N	N	N	N	N	1.5535	40.2815	0.0000	180.4732	1067.9907	0.0000	0.0000	0.0000	0.0000	1.7734	2.0708	0.0000	8.0344	8.8003	0.0000	0.0000	0.0000	0.0000	1.1416	0.0514	2.8462	0.0445	0.0082	0.2362	1.5025	0.0738	3.1393	0.0000	35.4090	-0.4410	0.9137	8.0000	8.9557	22.5660	32.3127	0.9997	0.9997	0.0000	0.9997	0.9997	0.0000	0.0000	0.0000	0.0000	1.7771	0.0488	1.7283	0.0172	0.0027	0.0145	1.7600	0.0461	1.7138	0.5637	0.4827	0.0809	0.1244	0.1136	0.0108	0.4393	0.3691	0.0701	1.5567	0.9495	0.6072	0.3854	0.3240	0.0613	1.1713	0.6254	0.5459	1.5535	40.2815	0.0000	180.4732	1067.9907	0.0000	0.0000	0.0000	0.0000	1.1416	0.0514	2.8462	0.0445	0.0082	0.2362	1.5025	0.0738	3.1393
95	105	0.2079	5	1	1	1	0	0	0	0	0	N	N	N	N	N	N	N	N	N	N	N	N	0.0000	0.0000	0.0000	0.0000	0.0000	0.0000	0.0000	0.0000	0.0000	0.0000	0.0000	0.0000	0.0000	0.0000	0.0000	0.0000	0.0000	0.0000	0.0019	0.0025	0.0007	0.0056	0.0063	0.0017	0.0004	0.0003	0.0006	0.1844	0.0000	-0.0003	8.0000	4.2679	22.5660	7.8415	0.0000	0.0000	0.0000	0.0000	0.0000	0.0000	0.0000	0.0000	0.0000	0.0010	0.0008	0.0001	0.0008	0.0008	0.0000	0.0002	0.0000	0.0001	0.2569	0.2164	0.0405	0.0352	0.0334	0.0018	0.2218	0.1830	0.0388	0.5180	0.3183	0.1997	0.1436	0.1204	0.0232	0.3744	0.1980	0.1764	0.0000	0.0000	0.0000	0.0000	0.0000	0.0000	0.0000	0.0000	0.0000	0.0019	0.0025	0.0007	0.0056	0.0063	0.0017	0.0004	0.0003	0.0006	
95	106	0.1825	4	1	1	0	0	0	0	0	0	N	N	N	N	N	N	N	N	N	N	N	N	0.0027	0.0028	0.0000	0.0003	0.0003	0.0000	0.0078	0.0168	0.0000	0.0017	0.0019	0.0000	0.0003	0.0003	0.0000	0.0030	0.0036	0.0000	0.6320	0.6867	0.5350	1.1547	1.2921	0.1830	0.3862	0.2146	0.5785	0.0000	0.4389	-0.0002	-0.0580	8.0000	1.9301	22.5660	9.0954	0.0003	0.0003	0.0000	0.0000	0.0000	0.0000	0.0003	0.0003	0.0000	0.3785	0.2631	0.1154	0.2212	0.2169	0.0043	0.1573	0.0462	0.1111	0.2065	0.1798	0.0267	0.1003	0.0914	0.0089	0.1062	0.0885	0.0177	0.5989	0.3831	0.2158	0.1916	0.1678	0.0237	0.4073	0.2153	0.1921	0.0027	0.0028	0.0000	0.0003	0.0003	0.0000	0.0078	0.0168	0.0000	0.6320	0.6867	0.5350	1.1547	1.2921	0.1830	0.3862	0.2146	0.5785
95	107	0.1502	3	1	1	0	0	0	0	0	0	N	N	N	N	N	N	N	N	N	N	N	N	0.0000	0.0000	0.0000	0.0000	0.0000	0.0000	0.0000	0.0000	0.0000	0.0000	0.0000	0.0000	0.0000	0.0000	0.0000	0.0000	0.0000	0.0000	2.1285	2.6084	1.3822	0.5322	0.5105	0.6451	2.6998	3.8061	1.4717	0.3408	0.0000	-0.2810	8.0000	3.9049	22.5660	9.6098	0.0000	0.0000	0.0000	0.0000	0.0000	0.0000	0.0000	0.0000	0.0000	1.3762	1.0264	0.3498	0.0907	0.0730	0.0177	1.2855	0.9534	0.3321	0.1940	0.1643	0.0297	0.0089	0.0083	0.0007	0.1850	0.1560	0.0290	0.6466	0.3935	0.2530	0.1704	0.1430	0.0274	0.4762	0.2505	0.2257	0.0000	0.0000	0.0000	0.0000	0.0000	0.0000	0.0000	0.0000	0.0000	2.1285	2.6084	1.3822	0.5322	0.5105	0.6451	2.6998	3.8061	1.4717	
95	108	0.1713	5	1	2	0	0	0	0	0	0	N	Y	N	N	N	N	N	N	N	N	N	N	0.0090	0.0000	2.4099	0.0000	0.0000	0.0000	0.0073	0.0000	2.2436	0.0073	0.0000	0.0488	0.0000	0.0000	0.0000	0.0081	0.0000	0.0513	0.8074	1.3020	0.0203	0.0295	0.0354	0.0031	1.1071	2.0477	0.0229	inf	0.0098	0.0017	-0.4576	8.0000	8.0392	22.5660	22.6195	0.0031	0.0000	0.0031	0.0000	0.0000	0.0000	0.0031	0.0000	0.0031	1.0199	1.0100	0.0099	0.0104	0.0102	0.0002	1.0096	0.9999	0.0097	0.4267	0.3631	0.0637	0.0445	0.0415	0.0030	0.3822	0.3216	0.0607	1.2632	0.7758	0.4875	0.3513	0.2875	0.0638	0.9119	0.4883	0.4236	0.0090	0.0000	2.4099	0.0000	0.0000	0.0000	0.0073	0.0000	2.2436	0.8074	1.3020	0.0203	0.0295	0.0354	0.0031	1.1071	2.0477	0.0229
95	109	0.1713	4	1	1	0	0	0	0	0	0	N	N	N	N	N	N	N	N	N	N	N	N	1.7655	1.5550	2.7530	1.5819	2.1698	0.0000	2.8443	0.0000	4.6941	0.2319	0.1387	0.7084	0.3463	0.3495	0.0000	0.1744	0.0000	0.7220	0.1314	0.0892	0.2573	0.2189	0.1611	0.8613	0.0613	0.0032	0.1538	1.0000	0.9667	0.0004	0.0013	8.0000	0.2031	22.5660	2.0398	0.0062	0.0031	0.0031	0.0031	0.0031	0.0000	0.0031	0.0000	0.0031	0.0394	0.0200	0.0194	0.0292	0.0197	0.0095	0.0102	0.0003	0.0099	0.0267	0.0224	0.0044	0.0090	0.0089	0.0001	0.0178	0.0135	0.0043	0.3000	0.2247	0.0753	0.1334	0.1224	0.0110	0.1666	0.1023	0.0643	1.7655	1.5550	2.7530	1.5819	2.1698	0.0000	2.8443	0.0000	4.6941	0.1314	0.0892	0.2573	0.2189	0.1611	0.8613	0.0613	0.0032	0.1538
95	110	0.7518	10	2	1	1	0	0	0	0	0	Y	N	N	N	N	N	N	N	N	N	N	N	0.0000	0.0000	0.0000	0.0000	0.0000	0.0000	0.0000	0.0000	0.0000	0.0000	0.0000	0.0000	0.0000	0.0000	0.0000	0.0000	0.0000	0.0000	0.0000	0.0000	8.0000	0.0001	22.5660	0.0001	0.0000	0.0000	0.0000	0.0000	0.0000	0.0000	0.0000	0.0000	0.0000	0.0000	0.0000	0.0000	0.0000	0.0000	0.0000	0.0000	0.0000	0.0000	0.0055	0.0043	0.0012	0.0027	0.0027	0.0000	0.0027	0.0016	0.0012	0.0002	0.0001	0.0001	0.0001	0.0001	0.0000	0.0001	0.0000	0.0000	0.0000	0.0000	0.0000	0.0000	0.0000	0.0000	0.0000	0.0000	0.0000	0.0000	0.0000	0.0000	0.0000	0.0000	0.0000	0.0000	0.0000	0.0000											
95	111	0.7380	9	2	1	1	0	0	0	0	0	Y	N	N	N	N	N	N	N	N	N	N	N	1.0886	2.1171	0.0000	3.5022	5.7357	0.0000	0.0000	0.0000	0.0000	0.0009	0.0011	0.0000	0.0030	0.0032	0.0000	0.0000	0.0000	0.0000	0.0009	0.0005	0.0017	0.0009	0.0006	0.0018	0.0008	0.0003	0.0015	0.0000	1.4130	-0.0000	0.0000	8.0000	1.6718	22.5660	2.9223	0.0001	0.0001	0.0000	0.0001	0.0001	0.0000	0.0000	0.0000	0.0000	0.0002	0.0001	0.0001	0.0001	0.0001	0.0001	0.0000	0.0000	0.0000	0.0972	0.0848	0.0124	0.0300	0.0283	0.0017	0.0672	0.0565	0.0107	0.2176	0.1529	0.0646	0.1611	0.1228	0.0383	0.0565	0.0301	0.0263	1.0886	2.1171	0.0000	3.5022	5.7357	0.0000	0.0000	0.0000	0.0000	0.0009	0.0005	0.0017	0.0009	0.0006	0.0018	0.0008	0.0003	0.0015
95	112	0.6545	8	2	1	1	0	0	0	0	0	Y	N	N	N	N	N	N	N	N	N	N	N	0.5430	0.4304	0.0000	1.0644	0.8890	0.0000	0.0011	0.0007	0.0000	0.5723	0.6514	0.0000	1.6816	1.7928	0.0000	0.0001	0.0001	0.0000	1.0541	1.5135	0.0058	1.5798	2.0166	0.0121	0.0913	0.1698	0.0004	0.0000	0.0017	-0.1887	-0.3407	8.0000	14.0283	22.5660	7.1084	0.4278	0.4278	0.0000	0.4278	0.4278	0.0000	0.0001	0.0001	0.0000	0.7459	0.7447	0.0013	0.7231	0.7219	0.0012	0.0228	0.0228	0.0000	0.7476	0.6568	0.0908	0.2544	0.2386	0.0158	0.4932	0.4182	0.0750	0.7077	0.4920	0.2157	0.4577	0.3580	0.0997	0.2499	0.1340	0.1159	0.5430	0.4304	0.0000	1.0644	0.8890	0.0000	0.0011	0.0007	0.0000	1.0541	1.5135	0.0058	1.5798	2.0166	0.0121	0.0913	0.1698	0.0004
95	113	0.5942	7	1	1	0	0	0	0	0	0	N	N	N	N	N	N	N	N	N	N	N	N	4.7793	4.0823	0.0021	3.2196	2.9406	0.0039	43.4410	30.4784	0.0080	1.4825	1.6725	0.0001	1.5535	1.6355	0.0006	1.4451	1.6942	0.0001	0.3102	0.4097	0.0701	0.4825	0.5562	0.1658	0.0333	0.0556	0.0071	0.0000	0.0709	-0.3937	-0.0910	8.0000	8.6129	22.5660	5.1709	0.8926	0.8926	0.0000	0.3226	0.3226	0.0000	0.5700	0.5700	0.0000	0.2320	0.2166	0.0154	0.2225	0.2080	0.0144	0.0095	0.0086	0.0009	0.6021	0.5337	0.0684	0.2077	0.1973	0.0104	0.3944	0.3364	0.0580	0.7479	0.5288	0.2192	0.4610	0.3740	0.0870	0.2869	0.1547	0.1322	4.7793	4.0823	0.0021	3.2196	2.9406	0.0039	43.4410	30.4784	0.0080	0.3102	0.4097	0.0701	0.4825	0.5562	0.1658	0.0333	0.0556	0.0071
95	114	0.4991	6	1	1	0	0	0	0	0	0	N	N	N	N	N	N	N	N	N	N	N	N	0.9093	1.0136	0.0175	0.4773	0.9026	0.0001	0.9723	0.6285	0.2451	1.2770	1.4677	0.0229	0.6116	0.6659	0.0002	1.5197	1.7839	0.0274	1.4043	1.4480	1.3086	1.2814	0.7377	3.5521	1.5630	2.8382	0.1119	0.0024	0.4118	-0.5015	-0.3623	8.0000	16.8607	22.5660	22.7724	1.1430	1.1403	0.0027	0.1463	0.1463	0.0000	0.9967	0.9940	0.0027	2.1732	1.5394	0.6338	1.1176	0.5191	0.5985	1.0556	1.0203	0.0354	0.8951	0.7769	0.1182	0.2392	0.2197	0.0195	0.6559	0.5572	0.0986	1.5475	1.0631	0.4844	0.8721	0.7036	0.1685	0.6754	0.3595	0.3159	0.9093	1.0136	0.0175	0.4773	0.9026	0.0001	0.9723	0.6285	0.2451	1.4043	1.4480	1.3086	1.2814	0.7377	3.5521	1.5630	2.8382	0.1119
95	115	0.1266	3	2	1	1	0	0	0	0	0	Y	N	N	N	N	N	N	N	N	N	N	N	0.0000	0.0000	0.0000	0.0000	0.0000	0.0000	0.0000	0.0000	0.0000	0.0000	0.0000	0.0000	0.0000	0.0000	0.0000	0.0000	0.0000	0.0638	0.0972	0.0007	0.2199	0.2342	0.0023	0.0003	0.0000	0.0006	0.0040	0.0000	-0.0102	8.0000	1.0009	22.5660	4.0038	0.0000	0.0000	0.0000	0.0000	0.0000	0.0000	0.0000	0.0000	0.0000	0.0224	0.0224	0.0001	0.0224	0.0224	0.0000	0.0001	0.0000	0.0001	0.0577	0.0490	0.0087	0.0033	0.0032	0.0001	0.0544	0.0458	0.0086	0.3517	0.2300	0.1217	0.1017	0.0954	0.0063	0.2500	0.1346	0.1154	0.0000	0.0000	0.0000	0.0000	0.0000	0.0000	0.0000	0.0000	0.0000	0.0638	0.0972	0.0007	0.2199	0.2342	0.0023	0.0003	0.0000	0.0006		
95	116	0.0983	2	2	1	1	0	0	0	0	0	Y	N	N	N	N	N	N	N	N	N	N	N	0.0855	0.1618	0.2097	0.3044	0.3174	0.0018	0.0746	0.0990	0.2014	0.1187	0.0229	0.6985	0.0863	0.0872	0.0006	0.1249	0.0083	0.7062	1.3881	0.1414	3.3317	0.2836	0.2747	0.3595	1.6735	0.0839	3.5059	5.0470	15.1133	0.0068	0.4451	8.0000	1.8441	22.5660	10.4794	0.0172	0.0028	0.0144	0.0020	0.0020	0.0000	0.0152	0.0008	0.0144	0.9281	0.0576	0.8705	0.0389	0.0337	0.0052	0.8892	0.0239	0.8653	0.1451	0.1245	0.0206	0.0232	0.0230	0.0002	0.1219	0.1015	0.0204	0.6686	0.4073	0.2613	0.1373	0.1228	0.0145	0.5313	0.2845	0.2468	0.0855	0.1618	0.2097	0.3044	0.3174	0.0018	0.0746	0.0990	0.2014	1.3881	0.1414	3.3317	0.2836	0.2747	0.3595	1.6735	0.0839	3.5059
95	117	0.3863	4	1	2	0	1	0	0	0	0	N	Y	N	N	N	N	N	N	N	N	N	N	0.7715	0.0024	5.8617	0.0368	0.0083	6.7108	0.8411	0.0000	5.1487	1.4118	0.0043	11.1276	0.0481	0.0128	0.5208	2.0365	0.0000	13.3385	1.8299	1.8007	1.8983	1.3083	1.5338	0.0776	2.4214	2.2760	2.5906	374.9234	0.4491	0.5458	-0.4766	8.0000	10.5071	22.5660	20.2622	0.9812	0.0026	0.9786	0.0105	0.0026	0.0079	0.9707	0.0000	0.9707	3.2106	2.2155	0.9951	1.2197	1.2085	0.0112	1.9908	1.0070	0.9839	0.6950	0.6070	0.0879	0.2183	0.2032	0.0152	0.4766	0.4039	0.0728	1.7545	1.2304	0.5242	0.9323	0.7879	0.1444	0.8222	0.4424	0.3798	0.7715	0.0024	5.8617	0.0368	0.0083	6.7108	0.8411	0.0000	5.1487	1.8299	1.8007	1.8983	1.3083	1.5338	0.0776	2.4214	2.2760	2.5906
95	118	0.1502	3	1	2	0	1	0	0	0	0	N	Y	N	N	N	N	N	N	N	N	N	N	0.0000	0.0000	0.0000	0.0000	0.0000	0.0000	0.0000	0.0000	0.0000	0.0000	0.0000	0.0000	0.0000	0.0000	0.0000	0.0000	0.0000	0.0000	1.3695	1.7749	0.7683	1.0322	1.2442	0.0035	1.4656	2.0109	0.8478	0.2919	0.0000	-0.3831	8.0000	4.0036	22.5660	26.5072	0.0000	0.0000	0.0000	0.0000	0.0000	0.0000	0.0000	0.0000	0.0000	1.6484	1.2760	0.3725	0.2756	0.2754	0.0002	1.3729	1.0006	0.3723	0.1983	0.1680	0.0303	0.0091	0.0085	0.0007	0.1892	0.1596	0.0297	1.2037	0.7189	0.4848	0.2670	0.2213	0.0456	0.9367	0.4976	0.4391	0.0000	0.0000	0.0000	0.0000	0.0000	0.0000	0.0000	0.0000	0.0000	1.3695	1.7749	0.7683	1.0322	1.2442	0.0035	1.4656	2.0109	0.8478	
95	119	0.1886	4	1	2	0	0	0	0	0	0	N	Y	N	N	N	N	N	N	N	N	N	N	0.8907	0.6579	0.0000	0.4113	0.3846	0.0000	1.4645	1.0066	0.0000	1.9005	2.2027	0.0000	2.0101	2.1069	0.0000	1.8683	2.2349	0.0000	2.1338	3.3482	0.1601	4.8875	5.4789	0.0083	1.2757	2.2202	0.1748	0.0000	0.0294	-0.2395	-1.0204	8.0000	3.8169	22.5660	21.2433	0.5430	0.5430	0.0000	0.1305	0.1305	0.0000	0.4125	0.4125	0.0000	2.3741	2.3062	0.0678	1.3066	1.3063	0.0003	1.0675	1.0000	0.0675	0.2857	0.2465	0.0392	0.0649	0.0620	0.0030	0.2208	0.1846	0.0362	1.1126	0.6888	0.4238	0.2758	0.2384	0.0374	0.8368	0.4504	0.3864	0.8907	0.6579	0.0000	0.4243	0.3846	0.0000	1.4645	1.0066	0.0000	2.1338	3.3482	0.1601	4.7374	5.4789	0.0083	1.2757	2.2202	0.1748
95	120	0.5343	8	1	2	0	0	0	0	0	0	N	Y	N	N	N	N	N	N	N	N	N	N	1.1362	0.9128	0.0000	0.0623	0.0542	0.0000	194.5058	166.0123	0.0000	0.9669	1.1046	0.0000	0.0931	0.0985	0.0000	1.3382	1.5822	0.0000	0.8510	1.2102	0.0026	1.4931	1.8188	0.0004	0.0069	0.0095	0.0037	0.0000	0.0009	-0.4106	-0.8645	8.0000	16.3276	22.5660	34.9199	0.9309	0.9309	0.0000	0.0267	0.0267	0.0000	0.9042	0.9042	0.0000	1.8897	1.8880	0.0017	1.8831	1.8830	0.0001	0.0066	0.0050	0.0016	0.9628	0.8427	0.1200	0.2871	0.2713	0.0158	0.6757	0.5715	0.1042	2.2206	1.5601	0.6605	1.2612	1.0353	0.2259	0.9594	0.5248	0.4346	1.1362	0.9128	0.0000	0.0623	0.0542	0.0000	194.5058	166.0123	0.0000	0.8510	1.2102	0.0026	1.4931	1.8188	0.0004	0.0069	0.0095	0.0037
95	121	0.5169	7	1	2	0	0	0	0	0	0	N	Y	N	N	N	N	N	N	N	N	N	N	0.4341	0.4317	0.3648	0.0338	0.0407	0.0035	1.4545	0.9896	3.3651	0.2568	0.2666	0.1907	0.0284	0.0297	0.0051	0.3468	0.3721	0.2143	0.5915	0.6174	0.5228	0.8416	0.7308	1.4412	0.2384	0.3760	0.0637	0.1063	0.3194	-0.0341	-0.1849	8.0000	6.1757	22.5660	14.5601	0.0987	0.0892	0.0095	0.0031	0.0031	0.0000	0.0956	0.0862	0.0095	0.8549	0.6479	0.2070	0.7120	0.5219	0.1902	0.1429	0.1261	0.0168	0.3845	0.3347	0.0497	0.1087	0.1031	0.0056	0.2757	0.2316	0.0441	1.4453	1.0494	0.3959	0.8460	0.7141	0.1320	0.5992	0.3353	0.2639	0.4341	0.4317	0.3648	0.0338	0.0407	0.0035	1.4545	0.9896	3.3651	0.5915	0.6174	0.5228	0.8416	0.7308	1.4412	0.2384	0.3760	0.0637
95	122	0.4639	6	1	1	0	0	0	0	0	0	N	N	N	N	N	N	N	N	N	N	N	N	0.0181	0.0171	0.0096	0.0116	0.0106	0.0004	0.0192	0.0176	0.0085	0.0220	0.0241	0.0070	0.0125	0.0133	0.0000	0.0264	0.0298	0.0082	1.2135	1.4090	0.7228	1.0801	1.2524	0.1009	1.3698	1.6897	0.9686	0.0420	0.2044	-0.0044	-0.5667	8.0000	7.5400	22.5660	21.4192	0.0109	0.0105	0.0004	0.0020	0.0020	0.0000	0.0090	0.0085	0.0004	1.9635	1.6302	0.3333	0.9431	0.9299	0.0132	1.0204	0.7003	0.3201	0.4971	0.4339	0.0632	0.1575	0.1478	0.0097	0.3396	0.2861	0.0535	1.6181	1.1570	0.4611	0.8732	0.7425	0.1306	0.7449	0.4144	0.3305	0.0181	0.0171	0.0096	0.0116	0.0106	0.0004	0.0192	0.0176	0.0085	1.2135	1.4090	0.7228	1.0801	1.2524	0.1009	1.3698	1.6897	0.9686
95	126	0.1873	5	1	2	0	0	0	0	0	0	N	Y	N	N	N	N	N	N	N	N	N	N	3.4985	0.0000	8.7141	0.0000	0.0000	0.0000	2.7451	0.0000	7.8291	3.5659	0.0000	23.2212	0.0000	0.0000	0.0000	3.9888	0.0000	24.1873	1.0193	0.0106	2.6648	0.0185	0.0208	0.0074	1.4531	0.0036	3.0894	inf	154.5313	0.5582	0.5374	8.0000	5.0407	22.5660	17.1705	0.9988	0.0000	0.9988	0.0000	0.0000	0.0000	0.9988	0.0000	0.9988	1.0041	0.0065	0.9977	0.0055	0.0051	0.0004	0.9986	0.0013	0.9973	0.2801	0.2371	0.0430	0.0297	0.0280	0.0017	0.2504	0.2091	0.0413	0.9852	0.6108	0.3744	0.2979	0.2463	0.0516	0.6873	0.3645	0.3228	3.4985	0.0000	8.7141	0.0000	0.0000	0.0000	2.7451	0.0000	7.8291	1.0193	0.0106	2.6648	0.0185	0.0208	0.0074	1.4531	0.0036	3.0894
95	127	0.1713	4	1	2	0	0	0	0	0	0	N	Y	N	N	N	N	N	N	N	N	N	N	0.5831	0.0067	2.3236	0.0207	0.0227	0.0000	0.8270	0.0000	2.4580	0.0368	0.0003	0.2394	0.0017	0.0018	0.0000	0.0427	0.0000	0.2499	0.0631	0.0438	0.1030	0.0841	0.0801	0.1115	0.0517	0.0130	0.1017	146.1169	1.1418	0.0024	0.0025	8.0000	1.9703	22.5660	6.2034	0.0044	0.0000	0.0044	0.0000	0.0000	0.0000	0.0044	0.0000	0.0044	0.0329	0.0153	0.0175	0.0155	0.0129	0.0026	0.0174	0.0025	0.0149	0.1195	0.1012	0.0183	0.0172	0.0164	0.0008	0.1023	0.0848	0.0175	0.5206	0.3505	0.1701	0.1843	0.1608	0.0235	0.3363	0.1897	0.1466	0.5831	0.0067	2.3236	0.0207	0.0227	0.0000	0.8270	0.0000	2.4580	0.0631	0.0438	0.1030	0.0841	0.0801	0.1115	0.0517	0.0130	0.1017
95	128	0.1502	3	1	1	0	0	0	0	0	0	N	N	N	N	N	N	N	N	N	N	N	N	13.3392	0.0000	57.6942	0.0000	0.0000	0.0000	17.2250	0.0000	52.0634	17.8395	0.0000	115.9219	0.0000	0.0000	0.0000	18.7600	0.0000	118.4934	1.3374	0.9210	2.0092	1.9341	2.2825	0.0337	1.0891	0.0053	2.2759	inf	1.3518	0.5572	0.0749	8.0000	1.1032	22.5660	7.8190	0.9969	0.0000	0.9969	0.0000	0.0000	0.0000	0.9969	0.0000	0.9969	0.6433	0.2735	0.3697	0.2733	0.2726	0.0007	0.3700	0.0009	0.3690	0.0559	0.0473	0.0086	0.0027	0.0026	0.0002	0.0531	0.0447	0.0084	0.4810	0.2970	0.1840	0.1413	0.1194	0.0219	0.3397	0.1776	0.1621	13.3392	0.0000	57.6942	0.0000	0.0000	0.0000	17.2250	0.0000	52.0634	1.3374	0.9210	2.0092	1.9341	2.2825	0.0337	1.0891	0.0053	2.2759
95	129	0.4932	7	1	2	0	0	0	0	0	0	N	Y	N	N	N	N	N	N	N	N	N	N	0.0000	0.0000	0.0000	0.0000	0.0000	0.0000	0.0000	0.0000	0.0000	0.0000	0.0000	0.0000	0.0000	0.0000	0.0000	0.0000	0.0000	0.0099	0.0002	0.0441	0.0170	0.0003	0.2437	0.0008	0.0000	0.0020	56.6993	0.0000	0.0027	8.0000	1.0033	22.5660	0.8635	0.0000	0.0000	0.0000	0.0000	0.0000	0.0000	0.0000	0.0000	0.0000	0.0052	0.0001	0.0051	0.0050	0.0001	0.0049	0.0002	0.0000	0.0002	0.1729	0.1572	0.0158	0.0965	0.0916	0.0049	0.0764	0.0655	0.0109	0.5271	0.4114	0.1157	0.2937	0.2735	0.0201	0.2334	0.1378	0.0956	0.0000	0.0000	0.0000	0.0000	0.0000	0.0000	0.0000	0.0000	0.0000	0.0099	0.0002	0.0441	0.0170	0.0003	0.2437	0.0008	0.0000	0.0020		
95	130	0.4639	6	1	1	0	0	0	0	0	0	N	N	N	N	N	N	N	N	N	N	N	N	0.0084	0.0083	0.0058	0.0091	0.0090	0.0000	0.0092	0.0106	0.0063	0.0065	0.0069	0.0036	0.0082	0.0088	0.0000	0.0056	0.0058	0.0043	0.7751	0.8297	0.6216	0.9070	0.9739	0.4496	0.6100	0.5530	0.6853	0.0741	0.2665	-0.0010	-0.2451	8.0000	5.5514	22.5660	9.9598	0.0026	0.0024	0.0002	0.0011	0.0011	0.0000	0.0015	0.0013	0.0002	0.9887	0.7807	0.2081	0.6431	0.6024	0.0407	0.3456	0.1782	0.1674	0.4008	0.3506	0.0502	0.1382	0.1300	0.0082	0.2626	0.2206	0.0420	1.2756	0.9409	0.3347	0.7091	0.6186	0.0905	0.5665	0.3223	0.2442	0.0084	0.0083	0.0058	0.0091	0.0090	0.0000	0.0092	0.0106	0.0063	0.7751	0.8297	0.6216	0.9070	0.9739	0.4496	0.6100	0.5530	0.6853
95	131	0.4336	5	1	1	0	0	0	0	0	0	N	N	N	N	N	N	N	N	N	N	N	N	0.0075	0.0075	0.0037	0.0121	0.0114	0.0000	0.0058	0.0062	0.0034	0.0061	0.0066	0.0023	0.0098	0.0104	0.0000	0.0047	0.0050	0.0027	0.8061	0.8771	0.6278	0.8110	0.9144	0.2018	0.8004	0.8098	0.7887	0.0509	0.2850	-0.0014	-0.2636	8.0000	9.1969	22.5660	13.4651	0.0035	0.0033	0.0002	0.0015	0.0015	0.0000	0.0020	0.0018	0.0002	1.1143	0.8672	0.2471	0.6034	0.5816	0.0218	0.5110	0.2856	0.2254	0.5789	0.5061	0.0728	0.1577	0.1489	0.0088	0.4212	0.3573	0.0640	1.3824	0.9887	0.3937	0.7440	0.6360	0.1079	0.6384	0.3527	0.2857	0.0075	0.0075	0.0037	0.0121	0.0114	0.0000	0.0058	0.0062	0.0034	0.8061	0.8771	0.6278	0.8110	0.9144	0.2018	0.8004	0.8098	0.7887
95	132	0.2471	7	2	2	0	1	0	0	0	0	Y	Y	N	N	N	N	N	N	N	N	N	N	0.0000	0.0000	0.0000	0.0000	0.0000	0.0000	0.0000	0.0000	0.0000	0.0000	0.0000	0.0000	0.0000	8.3878	0.0000	36.4388	0.0000	0.0000	0.0000	8.2369	0.0000	35.6972	inf	0.0000	0.5416	8.0000	1.0000	22.5660	3.0001	0.0000	0.0000	0.0000	0.0000	0.0000	0.0000	0.0000	0.0000	0.0000	1.0000	0.0000	1.0000	0.0000	0.0000	0.0000	1.0000	0.0000	1.0000	0.0533	0.0453	0.0081	0.0042	0.0039	0.0003	0.0491	0.0414	0.0078	0.1574	0.0929	0.0645	0.0360	0.0301	0.0059	0.1214	0.0629	0.0585	0.0000	0.0000	0.0000	0.0000	0.0000	0.0000	0.0000	0.0000	0.0000	6.3524	0.0000	15.5070	0.0000	0.0000	0.0000	8.2369	0.0000	17.0798						
95	133	0.6460	11	2	2	0	1	0	0	0	0	Y	Y	N	N	N	N	N	N	N	N	N	N	0.0000	0.0000	0.0000	0.0000	0.0000	0.0000	0.0000	0.0000	0.0000	0.0000	0.0000	0.0000	0.0000	0.0000	0.0000	0.0000	0.0000	0.0000	0.0000	0.0000	8.0000	0.0006	22.5660	1.9797	0.0000	0.0000	0.0000	0.0000	0.0000	0.0000	0.0000	0.0000	0.0000	0.0000	0.0000	0.0000	0.0000	0.0000	0.0000	0.0000	0.0000	0.0000	0.0001	0.0001	0.0000	0.0001	0.0000	0.0000	0.0000	0.0000	0.0000	0.0668	0.0457	0.0211	0.0386	0.0311	0.0075	0.0282	0.0146	0.0136	0.0000	0.0000	0.0000	0.0000	0.0000	0.0000	0.0000	0.0000	0.0000	0.0000	0.0000	0.0000	0.0000	0.0000	0.0000	0.0000	0.0000	0.0000											
95	134	0.6292	10	2	2	0	1	0	0	0	0	Y	Y	N	N	N	N	N	N	N	N	N	N	0.0000	0.0000	0.0000	0.0000	0.0000	0.0000	0.0000	0.0000	0.0000	0.0000	0.0000	0.0000	0.0000	0.0000	0.0000	0.0000	0.0000	0.0000	0.0000	0.0000	0.0000	0.0000	inf	0.0000	0.0000	8.0000	2.0077	22.5660	6.0321	0.0000	0.0000	0.0000	0.0000	0.0000	0.0000	0.0000	0.0000	0.0000	0.0000	0.0000	0.0000	0.0000	0.0000	0.0000	0.0000	0.0000	0.0000	0.1040	0.0902	0.0138	0.0309	0.0285	0.0024	0.0731	0.0617	0.0114	0.2453	0.1652	0.0801	0.1398	0.1105	0.0293	0.1055	0.0547	0.0508	0.0000	0.0000	0.0000	0.0000	0.0000	0.0000	0.0000	0.0000	0.0000	0.0000	0.0000	0.0000	0.0000	0.0000	0.0000	0.0000	0.0000	0.0000						
95	135	0.6245	10	1	2	0	1	0	0	0	0	N	Y	N	N	N	N	N	N	N	N	N	N	0.0011	0.0009	0.0000	0.0023	0.0020	0.0000	0.0000	0.0000	0.0000	0.0025	0.0029	0.0000	0.0089	0.0096	0.0000	0.0000	0.0000	0.0000	2.2623	3.3538	0.0002	3.8677	4.8750	0.0004	0.0045	0.0087	0.0001	0.0000	0.0000	-0.0002	-0.4426	8.0000	3.0348	22.5660	9.3583	0.0004	0.0004	0.0000	0.0004	0.0004	0.0000	0.0000	0.0000	0.0000	0.9658	0.9657	0.0000	0.9650	0.9649	0.0000	0.0008	0.0008	0.0000	0.1597	0.1378	0.0219	0.0447	0.0415	0.0033	0.1149	0.0963	0.0186	0.4269	0.2880	0.1389	0.2495	0.1979	0.0516	0.1774	0.0900	0.0874	0.0011	0.0009	0.0000	0.0023	0.0020	0.0000	0.0000	0.0000	0.0000	2.2623	3.3538	0.0002	3.8677	4.8750	0.0004	0.0045	0.0087	0.0001
95	136	0.6101	9	1	1	0	1	0	0	0	0	N	N	N	N	N	N	N	N	N	N	N	N	0.8963	0.6347	250.5882	0.0000	0.0000	0.0000	81.3135	46.9010	3451524.2514	0.1502	0.1585	0.1020	0.0000	0.0000	0.0000	0.2184	0.2420	0.1165	0.1675	0.2497	0.0004	0.2935	0.3737	0.0011	0.0027	0.0052	0.0000	0.1111	0.0008	-0.0001	-0.0165	8.0000	0.0433	22.5660	6.6805	0.0004	0.0004	0.0000	0.0000	0.0000	0.0000	0.0004	0.0004	0.0000	0.0360	0.0360	0.0000	0.0357	0.0357	0.0000	0.0003	0.0003	0.0000	0.0027	0.0023	0.0004	0.0008	0.0008	0.0000	0.0018	0.0015	0.0003	0.2148	0.1440	0.0708	0.1218	0.0956	0.0262	0.0931	0.0485	0.0446	0.8963	0.6347	250.5882	0.0000	0.0000	0.0000	81.3135	46.9010	3451524.2514	0.1675	0.2497	0.0004	0.2935	0.3737	0.0011	0.0027	0.0052	0.0000
95	137	0.2767	9	1	2	0	1	0	0	0	0	N	Y	N	N	N	N	N	N	N	N	N	N	0.0000	0.0000	0.0000	0.0000	0.0000	0.0000	0.0000	0.0000	0.0000	0.0000	0.0000	0.0000	0.0000	0.0000	0.0000	0.0000	0.0000	0.0000	0.0000	0.0000	8.0000	0.0000	22.5660	0.0000	0.0000	0.0000	0.0000	0.0000	0.0000	0.0000	0.0000	0.0000	0.0000	0.0000	0.0000	0.0000	0.0000	0.0000	0.0000	0.0000	0.0000	0.0000	0.0000	0.0000	0.0000	0.0000	0.0000	0.0000	0.0000	0.0000	0.0000	0.0000	0.0000	0.0000	0.0000	0.0000	0.0000	0.0000	0.0000	0.0000	0.0000	0.0000	0.0000	0.0000	0.0000	0.0000	0.0000	0.0000	0.0000	0.0000	0.0000	0.0000	0.0000	0.0000	0.0000	0.0000	0.0000	0.0000											
95	138	0.2716	8	1	2	0	1	0	0	0	0	N	Y	N	N	N	N	N	N	N	N	N	N	683856.2600	442599.8925	0.0000	0.0000	inf	inf	0.3024	0.3262	0.0000	0.0000	0.0000	0.0000	0.8333	0.9881	0.0000	0.0000	0.0000	0.0000	0.0000	0.0000	0.0000	0.0000	0.0000	0.0000	0.0000	0.0000	-0.0000	-0.0000	8.0000	0.0021	22.5660	2.0000	0.0001	0.0001	0.0000	0.0000	0.0000	0.0000	0.0001	0.0001	0.0000	0.0000	0.0000	0.0000	0.0000	0.0000	0.0000	0.0000	0.0000	0.0000	0.0003	0.0003	0.0000	0.0002	0.0002	0.0000	0.0001	0.0001	0.0000	0.0778	0.0467	0.0311	0.0200	0.0168	0.0032	0.0578	0.0299	0.0279	683856.2600	442599.8925	0.0000	0.0000	0.0000	0.0000	inf	inf	0.0000	0.0000	0.0000	0.0000	0.0000	0.0000	0.0000	0.0000	0.0000	0.0000			
95	139	0.2614	7	1	1	0	1	0	0	0	0	N	N	N	N	N	N	N	N	N	N	N	N	32832.6542	23009.1533	0.0000	0.0000	inf	inf	18.7020	22.0233	0.0000	0.0000	0.0000	0.0000	20.3681	24.1784	0.0000	0.0006	0.0010	0.0000	0.0023	0.0027	0.0000	0.0000	0.0000	0.0000	0.0000	0.0000	-0.4411	-0.0000	8.0000	1.0020	22.5660	3.0181	0.9999	0.9999	0.0000	0.0000	0.0000	0.0000	0.9999	0.9999	0.0000	0.0001	0.0001	0.0000	0.0001	0.0001	0.0000	0.0000	0.0000	0.0000	0.0535	0.0454	0.0081	0.0044	0.0040	0.0003	0.0491	0.0414	0.0077	0.1578	0.0939	0.0639	0.0391	0.0328	0.0063	0.1187	0.0611	0.0576	32832.6542	23009.1533	0.0000	0.0000	0.0000	0.0000	inf	inf	0.0000	0.0006	0.0010	0.0000	0.0023	0.0027	0.0000	0.0000	0.0000	0.0000			
95	140	0.2471	7	1	2	0	0	0	0	0	0	N	Y	N	N	N	N	N	N	N	N	N	N	0.0000	0.0000	0.0000	0.0000	0.0000	0.0000	0.0000	0.0000	0.0000	0.0000	0.0000	0.0000	0.0000	0.0000	0.0000	0.0000	0.0000	0.0000	0.0000	0.0000	8.0000	0.0000	22.5660	4.0001	0.0000	0.0000	0.0000	0.0000	0.0000	0.0000	0.0000	0.0000	0.0000	0.0000	0.0000	0.0000	0.0000	0.0000	0.0000	0.0000	0.0000	0.0000	0.0000	0.0000	0.0000	0.0000	0.0000	0.0000	0.0000	0.0000	0.0000	0.1574	0.0929	0.0645	0.0360	0.0301	0.0059	0.1214	0.0629	0.0585	0.0000	0.0000	0.0000	0.0000	0.0000	0.0000	0.0000	0.0000	0.0000	0.0000	0.0000	0.0000	0.0000	0.0000	0.0000	0.0000	0.0000	0.0000											
95	141	0.6247	9	1	2	0	0	0	0	0	0	N	Y	N	N	N	N	N	N	N	N	N	N	0.0000	0.0000	0.0000	0.0000	0.0000	0.0000	0.0000	0.0000	0.0000	0.0000	0.0000	0.0000	0.0000	0.0000	0.0000	0.0000	0.0000	0.0001	0.0000	0.0002	0.0001	0.0000	0.0005	0.0000	0.0000	0.0000	3.4061	0.0000	0.0000	8.0000	1.0003	22.5660	5.0186	0.0000	0.0000	0.0000	0.0000	0.0000	0.0000	0.0000	0.0000	0.0000	0.0000	0.0000	0.0000	0.0000	0.0000	0.0000	0.0000	0.0000	0.0000	0.0519	0.0450	0.0069	0.0154	0.0142	0.0012	0.0365	0.0308	0.0057	0.1871	0.1262	0.0610	0.1067	0.0845	0.0221	0.0805	0.0416	0.0388	0.0000	0.0000	0.0000	0.0000	0.0000	0.0000	0.0000	0.0000	0.0000	0.0001	0.0000	0.0002	0.0001	0.0000	0.0005	0.0000	0.0000	0.0000		
95	142	0.2614	7	1	1	1	1	0	0	0	0	N	N	N	N	N	N	N	N	N	N	N	N	0.0000	0.0000	0.0000	0.0000	0.0000	0.0000	0.0000	0.0000	0.0000	0.0000	0.0000	0.0000	0.0000	2.8916	0.0000	8.5629	0.0000	0.0000	0.0000	3.8385	0.0000	7.9235	inf	0.0000	0.5416	8.0000	0.0001	22.5660	9.0026	0.0000	0.0000	0.0000	0.0000	0.0000	0.0000	0.0000	0.0000	0.0000	1.0000	0.0000	1.0000	0.0000	0.0000	0.0000	1.0000	0.0000	1.0000	0.0000	0.0000	0.0000	0.0000	0.0000	0.0000	0.0000	0.0000	0.0000	0.3458	0.2058	0.1400	0.0853	0.0715	0.0138	0.2605	0.1343	0.1262	0.0000	0.0000	0.0000	0.0000	0.0000	0.0000	0.0000	0.0000	0.0000	2.8916	0.0000	7.1437	0.0000	0.0000	0.0000	3.8385	0.0000	7.9235						
95	143	0.6101	9	1	1	1	1	0	0	0	0	N	N	N	N	N	N	N	N	N	N	N	N	0.0000	0.0000	0.0000	0.0000	0.0000	0.0000	0.0000	0.0000	0.0000	0.0000	0.0000	0.0000	0.0000	0.0000	0.0000	0.0000	0.0001	0.0001	0.0000	0.0001	0.0002	0.0000	0.0000	0.0000	0.0000	0.0013	0.0000	-0.0000	8.0000	2.0061	22.5660	8.0425	0.0000	0.0000	0.0000	0.0000	0.0000	0.0000	0.0000	0.0000	0.0000	0.0000	0.0000	0.0000	0.0000	0.0000	0.0000	0.0000	0.0000	0.0000	0.1033	0.0892	0.0140	0.0284	0.0262	0.0022	0.0748	0.0630	0.0118	0.3144	0.2104	0.1040	0.1779	0.1394	0.0385	0.1365	0.0710	0.0655	0.0000	0.0000	0.0000	0.0000	0.0000	0.0000	0.0000	0.0000	0.0000	0.0001	0.0001	0.0000	0.0001	0.0002	0.0000	0.0000	0.0000	0.0000			
95	144	0.6011	8	1	1	0	1	0	0	0	0	N	N	N	N	N	N	N	N	N	N	N	N	0.0000	0.0000	0.0000	0.0000	0.0000	0.0000	0.0000	0.0000	0.0000	0.0000	0.0000	0.0000	0.0000	0.0000	0.0000	0.0000	0.0000	0.0075	0.0015	0.0232	0.0139	0.0024	0.0828	0.0001	0.0000	0.0002	5.8922	0.0000	0.0006	8.0000	1.9550	22.5660	2.1189	0.0000	0.0000	0.0000	0.0000	0.0000	0.0000	0.0000	0.0000	0.0000	0.0015	0.0002	0.0013	0.0015	0.0002	0.0013	0.0000	0.0000	0.0000	0.1082	0.0933	0.0149	0.0356	0.0323	0.0033	0.0726	0.0610	0.0116	0.2047	0.1478	0.0569	0.1106	0.0948	0.0158	0.0942	0.0530	0.0411	0.0000	0.0000	0.0000	0.0000	0.0000	0.0000	0.0000	0.0000	0.0000	0.0075	0.0015	0.0232	0.0139	0.0024	0.0828	0.0001	0.0000	0.0002		
95	145	0.6011	8	1	1	1	1	0	0	0	0	N	N	N	N	N	N	N	N	N	N	N	N	0.0000	0.0000	0.0000	0.0000	0.0000	0.0000	0.0000	0.0000	0.0000	0.0000	0.0000	0.0000	0.0000	0.0000	0.0000	0.0000	0.0000	3.3553	5.2488	0.0000	3.4594	4.2891	0.0000	3.2298	6.0965	0.0000	0.0000	0.0000	-1.0507	8.0000	2.1261	22.5660	18.6477	0.0000	0.0000	0.0000	0.0000	0.0000	0.0000	0.0000	0.0000	0.0000	2.2922	2.2922	0.0000	1.2922	1.2922	0.0000	1.0000	1.0000	0.0000	0.1169	0.1008	0.0160	0.0381	0.0346	0.0035	0.0787	0.0662	0.0125	0.6832	0.4653	0.2178	0.3735	0.3013	0.0723	0.3096	0.1640	0.1456	0.0000	0.0000	0.0000	0.0000	0.0000	0.0000	0.0000	0.0000	0.0000	3.3553	4.9262	0.0000	3.4594	4.2891	0.0000	3.2298	6.0965	0.0000		
95	146	0.2614	7	1	1	1	1	0	0	0	0	N	N	N	N	N	N	N	N	N	N	N	N	288515.9330	203295.6333	0.0000	0.0000	0.0000	42491672.5890	inf	0.0000	9.4145	11.0833	0.0000	0.0000	0.0000	0.0000	10.2527	12.1669	0.0000	0.0000	0.0001	0.0000	0.0001	0.0002	0.0000	0.0000	0.0000	0.0000	0.0000	0.0056	-0.4411	-0.0000	8.0000	2.0001	22.5660	5.9880	1.0000	1.0000	0.0000	0.0000	0.0000	0.0000	1.0000	1.0000	0.0000	0.0000	0.0000	0.0000	0.0000	0.0000	0.0000	0.0000	0.0000	0.0000	0.1062	0.0902	0.0160	0.0087	0.0080	0.0006	0.0975	0.0822	0.0153	0.3082	0.1834	0.1248	0.0761	0.0638	0.0123	0.2321	0.1196	0.1125	288515.9330	203295.6333	0.0000	0.0000	0.0000	0.0000	42491672.5890	inf	0.0000	0.0000	0.0001	0.0000	0.0001	0.0002	0.0000	0.0000	0.0000	0.0000	
95	147	0.2614	7	1	1	1	1	0	0	0	0	N	N	N	N	N	N	N	N	N	N	N	N	1.2087	0.0000	117107660.0131	0.0000	0.0000	35652956.1083	110292209.7370	2.1606	0.0000	14.5041	0.0000	0.0000	0.0000	2.3527	0.0000	15.1230	1.7876	2.9999	0.0000	13.4670	15.3481	0.0000	0.0000	0.0000	0.0000	inf	0.0000	0.5589	-0.9167	8.0000	9.0001	22.5660	23.0169	1.0000	0.0000	1.0000	0.0000	0.0000	0.0000	1.0000	0.0000	1.0000	2.0000	2.0000	0.0000	2.0000	2.0000	0.0000	0.0000	0.0000	0.0000	0.4628	0.3939	0.0689	0.0378	0.0350	0.0028	0.4250	0.3589	0.0661	1.1188	0.6667	0.4522	0.2702	0.2265	0.0437	0.8486	0.4402	0.4084	1.2087	0.0000	117107660.0131	0.0000	0.0000	0.0000	35652956.1083	0.0000	110292209.7370	1.7876	2.9999	0.0000	7.4017	8.8313	0.0000	0.0000	0.0000	0.0000		
95	148	0.2361	6	1	1	0	1	0	0	0	0	N	N	N	N	N	N	N	N	N	N	N	N	0.1521	0.5005	0.0000	0.1179	0.1152	0.0000	0.1520	inf	0.0000	0.0065	0.0076	0.0000	0.0046	0.0050	0.0000	0.0066	0.0079	0.0000	0.0425	0.0152	0.0830	0.0393	0.0433	0.0160	0.0436	0.0000	0.0898	0.0000	3.6766	-0.0003	0.0058	8.0000	1.9990	22.5660	7.9526	0.0007	0.0007	0.0000	0.0000	0.0000	0.0000	0.0007	0.0007	0.0000	0.0176	0.0038	0.0138	0.0040	0.0038	0.0002	0.0136	0.0000	0.0136	0.1067	0.0905	0.0161	0.0086	0.0080	0.0006	0.0981	0.0825	0.0155	0.4132	0.2468	0.1664	0.1020	0.0867	0.0153	0.3113	0.1601	0.1511	0.1521	0.5005	0.0000	0.1179	0.1152	0.0000	0.1520	inf	0.0000	0.0425	0.0152	0.0830	0.0393	0.0433	0.0160	0.0436	0.0000	0.0898
95	149	0.2042	5	2	2	0	0	0	0	0	0	Y	Y	N	N	N	N	N	N	N	N	N	N	0.6047	0.4421	0.0000	0.1309	0.1162	0.0000	0.9905	0.6561	0.0000	1.3028	1.5258	0.0000	0.5674	0.5872	0.0000	1.4308	1.7151	0.0000	2.1542	3.4515	0.0958	4.3356	5.0533	0.0021	1.4446	2.6142	0.1051	0.0000	0.0175	-0.1913	-0.9057	8.0000	5.3497	22.5660	17.2225	0.4338	0.4338	0.0000	0.0280	0.0280	0.0000	0.4057	0.4057	0.0000	2.0529	2.0176	0.0353	1.0141	1.0141	0.0001	1.0388	1.0036	0.0352	0.3330	0.2843	0.0487	0.0494	0.0477	0.0017	0.2836	0.2366	0.0470	0.9530	0.5846	0.3684	0.2339	0.2007	0.0332	0.7191	0.3839	0.3352	0.6047	0.4421	0.0000	0.1309	0.1162	0.0000	0.9905	0.6561	0.0000	2.1542	3.4515	0.0958	4.3356	5.0533	0.0021	1.4446	2.6142	0.1051
95	150	0.2350	6	1	2	0	0	0	0	0	0	N	Y	N	N	N	N	N	N	N	N	N	N	2.8442	2.1078	0.0000	0.8122	0.7759	0.0000	19595.2169	inf	0.0000	4.4689	5.1356	0.0000	4.7325	4.8850	0.0000	4.3753	5.2387	0.0000	1.5712	2.4364	0.0058	5.8269	6.2962	0.0569	0.0002	0.0000	0.0005	0.0000	0.0013	-0.6084	-0.7388	8.0000	3.6794	22.5660	17.4287	1.3792	1.3792	0.0000	0.3824	0.3824	0.0000	0.9968	0.9968	0.0000	1.6165	1.6144	0.0021	1.6164	1.6144	0.0020	0.0002	0.0000	0.0002	0.3086	0.2686	0.0401	0.0808	0.0783	0.0025	0.2278	0.1903	0.0375	1.0289	0.6626	0.3662	0.3110	0.2762	0.0348	0.7179	0.3865	0.3314	2.8442	2.1078	0.0000	0.9105	0.8356	0.0000	19595.2169	inf	0.0000	1.5712	2.4364	0.0058	5.1976	5.8461	0.0569	0.0002	0.0000	0.0005
95	151	0.2042	5	1	2	0	0	0	0	0	0	N	Y	N	N	N	N	N	N	N	N	N	N	3.9768	3.0471	3.1571	4.5440	4.0451	351.6819	15.5643	54.2144	1.2251	2.6037	2.9948	0.3076	10.3684	10.4898	5.7916	0.9244	1.0890	0.1289	0.6547	0.9828	0.0974	2.2818	2.5932	0.0165	0.0594	0.0201	0.1052	0.0175	0.0584	-0.2606	-0.1711	8.0000	3.4464	22.5660	10.1316	0.6148	0.6043	0.0106	0.4354	0.4291	0.0063	0.1795	0.1752	0.0043	0.4243	0.4009	0.0234	0.3961	0.3958	0.0003	0.0282	0.0051	0.0231	0.2361	0.2018	0.0344	0.0420	0.0409	0.0011	0.1941	0.1609	0.0333	0.6480	0.4079	0.2401	0.1736	0.1526	0.0210	0.4744	0.2553	0.2191	3.9768	3.0471	3.1571	4.5440	4.0451	351.6819	15.5643	54.2144	1.2251	0.6547	0.9828	0.0974	2.2818	2.5932	0.0165	0.0594	0.0201	0.1052
95	152	0.6315	11	2	2	0	0	0	0	0	0	Y	Y	N	N	N	N	N	N	N	N	N	N	0.0000	0.0000	0.0000	0.0000	0.0000	0.0000	0.0000	0.0000	0.0000	0.0000	0.0000	0.0000	0.0000	2.5695	3.8170	0.0000	4.5332	5.9610	0.0000	0.0000	0.0000	0.0000	0.0000	0.0000	-0.4584	8.0000	1.0143	22.5660	12.0086	0.0000	0.0000	0.0000	0.0000	0.0000	0.0000	0.0000	0.0000	0.0000	1.0001	1.0001	0.0000	1.0001	1.0001	0.0000	0.0000	0.0000	0.0000	0.0536	0.0465	0.0071	0.0163	0.0151	0.0012	0.0374	0.0315	0.0059	0.3892	0.2620	0.1272	0.2206	0.1744	0.0462	0.1686	0.0876	0.0810	0.0000	0.0000	0.0000	0.0000	0.0000	0.0000	0.0000	0.0000	0.0000	2.5695	3.8170	0.0000	4.5332	5.7334	0.0000	0.0000	0.0000	0.0000						
95	153	0.6292	10	2	2	0	0	0	0	0	0	Y	Y	N	N	N	N	N	N	N	N	N	N	0.0000	0.0000	0.0000	0.0000	0.0000	0.0000	0.0000	0.0000	0.0000	0.0000	0.0000	0.0000	0.0000	0.0000	0.0000	0.0000	0.0000	0.0019	0.0023	0.0010	0.0033	0.0035	0.0026	0.0000	0.0000	0.0000	0.1997	0.0000	-0.0000	8.0000	0.9811	22.5660	0.0216	0.0000	0.0000	0.0000	0.0000	0.0000	0.0000	0.0000	0.0000	0.0000	0.0001	0.0001	0.0000	0.0001	0.0001	0.0000	0.0000	0.0000	0.0000	0.0513	0.0445	0.0068	0.0153	0.0141	0.0012	0.0360	0.0303	0.0057	0.0318	0.0215	0.0104	0.0182	0.0144	0.0038	0.0136	0.0070	0.0066	0.0000	0.0000	0.0000	0.0000	0.0000	0.0000	0.0000	0.0000	0.0000	0.0019	0.0023	0.0010	0.0033	0.0035	0.0026	0.0000	0.0000	0.0000		
95	154	0.6247	9	2	2	0	0	0	0	0	0	Y	Y	N	N	N	N	N	N	N	N	N	N	0.0000	0.0000	0.0000	0.0000	0.0000	0.0000	0.0000	0.0000	0.0000	0.0000	0.0000	0.0000	0.0000	0.0000	0.0000	0.0000	0.0000	0.0002	0.0001	0.0005	0.0003	0.0001	0.0013	0.0000	0.0000	0.0000	3.3977	0.0000	0.0000	8.0000	0.0083	22.5660	2.0001	0.0000	0.0000	0.0000	0.0000	0.0000	0.0000	0.0000	0.0000	0.0000	0.0000	0.0000	0.0000	0.0000	0.0000	0.0000	0.0000	0.0000	0.0000	0.0005	0.0004	0.0001	0.0002	0.0002	0.0000	0.0003	0.0003	0.0001	0.0650	0.0440	0.0211	0.0371	0.0296	0.0075	0.0280	0.0144	0.0135	0.0000	0.0000	0.0000	0.0000	0.0000	0.0000	0.0000	0.0000	0.0000	0.0002	0.0001	0.0005	0.0003	0.0001	0.0013	0.0000	0.0000	0.0000		
95	155	0.6011	8	1	2	0	0	0	0	0	0	N	Y	N	N	N	N	N	N	N	N	N	N	0.0000	0.0000	0.0000	0.0000	0.0000	0.0000	0.0000	0.0000	0.0000	0.0000	0.0000	0.0000	0.0000	0.0000	0.0000	0.0000	0.0000	0.0039	0.0008	0.0110	0.0071	0.0012	0.0343	0.0001	0.0000	0.0001	6.0248	0.0000	0.0006	8.0000	2.9180	22.5660	7.4065	0.0000	0.0000	0.0000	0.0000	0.0000	0.0000	0.0000	0.0000	0.0000	0.0015	0.0002	0.0013	0.0015	0.0002	0.0013	0.0000	0.0000	0.0000	0.1570	0.1357	0.0213	0.0498	0.0454	0.0044	0.1072	0.0903	0.0169	0.3911	0.2715	0.1196	0.2138	0.1758	0.0380	0.1773	0.0957	0.0816	0.0000	0.0000	0.0000	0.0000	0.0000	0.0000	0.0000	0.0000	0.0000	0.0039	0.0008	0.0110	0.0071	0.0012	0.0343	0.0001	0.0000	0.0001		
95	156	0.5352	7	1	1	0	0	0	0	0	0	N	N	N	N	N	N	N	N	N	N	N	N	2.4416	1.0262	156.7975	0.4685	0.0027	307.8192	13.4541	5.6986	132.6028	2.1392	1.2742	8.1068	0.6485	0.0046	6.8503	3.2059	2.2423	8.6710	0.8762	1.2417	0.0517	1.3842	1.6732	0.0223	0.2383	0.3935	0.0654	0.9222	0.0185	0.0553	-0.4351	8.0000	8.2479	22.5660	19.7214	1.4304	0.7441	0.6863	0.1808	0.0011	0.1797	1.2495	0.7430	0.5066	0.9882	0.9703	0.0179	0.8691	0.8667	0.0024	0.1191	0.1037	0.0155	0.6686	0.5840	0.0847	0.2789	0.2526	0.0262	0.3898	0.3313	0.0584	1.1279	0.7814	0.3465	0.6279	0.5180	0.1099	0.5000	0.2635	0.2365	2.4416	1.0262	156.7975	0.4685	0.0027	307.8192	13.4541	5.6986	132.6028	0.8762	1.2417	0.0517	1.3842	1.6732	0.0223	0.2383	0.3935	0.0654
95	157	0.4991	6	1	1	0	0	0	0	0	0	N	N	N	N	N	N	N	N	N	N	N	N	2.7965	1.5289	43.9993	6.3332	6.1008	0.1291	1.6450	0.5926	47.3985	1.8749	1.3876	5.1000	1.3003	1.4220	0.0100	2.1429	1.3703	6.4431	0.6705	0.9076	0.1159	0.2053	0.2331	0.0777	1.3027	2.3121	0.1359	0.5554	0.0546	-0.0738	-0.3016	8.0000	7.4725	22.5660	14.3153	0.8778	0.5644	0.3134	0.1936	0.1935	0.0001	0.6842	0.3709	0.3133	0.7418	0.7034	0.0384	0.1309	0.1220	0.0088	0.6110	0.5814	0.0296	0.4682	0.4067	0.0615	0.1489	0.1361	0.0128	0.3193	0.2707	0.0486	1.1065	0.7751	0.3314	0.6375	0.5236	0.1139	0.4690	0.2515	0.2176	2.7965	1.5289	43.9993	6.3332	6.1008	0.1291	1.6450	0.5926	47.3985	0.6705	0.9076	0.1159	0.2053	0.2331	0.0777	1.3027	2.3121	0.1359
95	158	0.4336	5	1	1	0	0	0	0	0	0	N	N	N	N	N	N	N	N	N	N	N	N	0.3162	0.3123	0.0149	0.0240	0.0240	0.0000	0.2355	0.1894	0.0133	0.3754	0.4285	0.0111	0.0083	0.0088	0.0000	0.5026	0.5899	0.0126	1.1871	1.3721	0.7462	0.3471	0.3689	0.2299	2.1338	3.1144	0.9475	0.0038	0.2283	-0.1137	-0.5165	8.0000	11.6653	22.5660	19.4910	0.2600	0.2590	0.0010	0.0015	0.0015	0.0000	0.2585	0.2576	0.0010	1.8952	1.5430	0.3523	0.2937	0.2632	0.0304	1.6016	1.2797	0.3218	0.6927	0.6045	0.0881	0.1783	0.1679	0.0103	0.5144	0.4366	0.0778	1.5966	1.1245	0.4720	0.8460	0.7136	0.1324	0.7506	0.4109	0.3396	0.3162	0.3123	0.0149	0.0240	0.0240	0.0000	0.2355	0.1894	0.0133	1.1871	1.3721	0.7462	0.3471	0.3689	0.2299	2.1338	3.1144	0.9475
95	159	0.3863	4	1	1	0	0	0	0	0	0	N	N	N	N	N	N	N	N	N	N	N	N	0.0778	0.1204	0.0028	0.5058	0.4917	0.0011	0.0032	0.0044	0.0026	0.0605	0.0685	0.0036	0.1616	0.1736	0.0001	0.0042	0.0042	0.0045	0.7775	0.5690	1.2754	0.3196	0.3531	0.1321	1.3085	0.9629	1.7121	0.0074	0.9387	-0.0145	0.0339	8.0000	7.3933	22.5660	20.5306	0.0335	0.0332	0.0002	0.0320	0.0319	0.0000	0.0015	0.0013	0.0002	1.3122	0.6768	0.6354	0.2896	0.2714	0.0182	1.0226	0.4054	0.6172	0.5532	0.4850	0.0681	0.1977	0.1840	0.0137	0.3555	0.3010	0.0545	1.6878	1.1896	0.4982	0.9063	0.7686	0.1377	0.7815	0.4210	0.3605	0.0778	0.1204	0.0028	0.5058	0.4917	0.0011	0.0032	0.0044	0.0026	0.7775	0.5690	1.2754	0.3196	0.3531	0.1321	1.3085	0.9629	1.7121
95	160	0.1502	3	1	1	0	0	0	0	0	0	N	N	N	N	N	N	N	N	N	N	N	N	0.0156	0.0051	0.0792	0.0000	0.0000	0.0000	0.0199	0.0087	0.0744	0.0244	0.0083	0.1179	0.0000	0.0000	0.0000	0.0256	0.0087	0.1206	1.5641	1.6163	1.4883	2.7213	3.3025	0.0530	1.2884	1.0024	1.6204	2.4695	0.6350	0.0082	-0.2728	8.0000	27.6416	22.5660	54.6365	0.0301	0.0087	0.0215	0.0000	0.0000	0.0000	0.0301	0.0087	0.0215	3.8985	2.3843	1.5141	1.3049	1.3003	0.0045	2.5936	1.0840	1.5096	1.2338	1.0517	0.1821	0.0556	0.0514	0.0041	1.1782	1.0003	0.1780	2.4925	1.4752	1.0174	0.4795	0.3937	0.0858	2.0130	1.0814	0.9316	0.0156	0.0051	0.0792	0.0000	0.0000	0.0000	0.0199	0.0087	0.0744	1.5641	1.6163	1.4883	2.7213	3.3025	0.0530	1.2884	1.0024	1.6204
95	161	0.2547	9	2	2	0	0	0	0	0	0	Y	Y	N	N	N	N	N	N	N	N	N	N	0.0000	0.0000	0.0000	0.0000	0.0000	0.0000	0.0000	0.0000	0.0000	0.0000	0.0000	0.0000	0.0000	0.0000	0.0000	0.0000	0.0000	0.0000	0.0000	0.0000	8.0000	0.0002	22.5660	3.0099	0.0000	0.0000	0.0000	0.0000	0.0000	0.0000	0.0000	0.0000	0.0000	0.0000	0.0000	0.0000	0.0000	0.0000	0.0000	0.0000	0.0000	0.0000	0.0000	0.0000	0.0000	0.0000	0.0000	0.0000	0.0000	0.0000	0.0000	0.1216	0.0725	0.0491	0.0288	0.0243	0.0045	0.0928	0.0483	0.0446	0.0000	0.0000	0.0000	0.0000	0.0000	0.0000	0.0000	0.0000	0.0000	0.0000	0.0000	0.0000	0.0000	0.0000	0.0000	0.0000	0.0000	0.0000											
95	162	0.2471	8	2	2	0	0	0	0	0	0	Y	Y	N	N	N	N	N	N	N	N	N	N	0.0000	0.0000	0.0000	0.0000	0.0000	0.0000	0.0000	0.0000	0.0000	0.0000	0.0000	0.0000	0.0000	0.0000	0.0000	0.0000	0.0000	0.0000	0.0000	0.0000	8.0000	0.9998	22.5660	2.0118	0.0000	0.0000	0.0000	0.0000	0.0000	0.0000	0.0000	0.0000	0.0000	0.0000	0.0000	0.0000	0.0000	0.0000	0.0000	0.0000	0.0000	0.0000	0.0533	0.0452	0.0081	0.0042	0.0039	0.0003	0.0491	0.0414	0.0078	0.1191	0.0703	0.0488	0.0273	0.0228	0.0045	0.0918	0.0475	0.0443	0.0000	0.0000	0.0000	0.0000	0.0000	0.0000	0.0000	0.0000	0.0000	0.0000	0.0000	0.0000	0.0000	0.0000	0.0000	0.0000	0.0000	0.0000											
95	163	0.2471	7	2	2	0	0	0	0	0	0	Y	Y	N	N	N	N	N	N	N	N	N	N	0.0000	0.0000	0.0000	0.0000	0.0000	0.0000	0.0000	0.0000	0.0000	0.0000	0.0000	0.0000	0.0000	0.0000	0.0000	0.0000	0.0000	0.0000	0.0000	0.0000	8.0000	0.0000	22.5660	0.0003	0.0000	0.0000	0.0000	0.0000	0.0000	0.0000	0.0000	0.0000	0.0000	0.0000	0.0000	0.0000	0.0000	0.0000	0.0000	0.0000	0.0000	0.0000	0.0000	0.0000	0.0000	0.0000	0.0000	0.0000	0.0000	0.0000	0.0000	0.0000	0.0000	0.0000	0.0000	0.0000	0.0000	0.0000	0.0000	0.0000	0.0000	0.0000	0.0000	0.0000	0.0000	0.0000	0.0000	0.0000	0.0000	0.0000	0.0000	0.0000	0.0000	0.0000	0.0000	0.0000	0.0000	0.0000											
95	164	0.2361	6	1	2	0	0	0	0	0	0	N	Y	N	N	N	N	N	N	N	N	N	N	8.7107	30.1726	0.0000	1.7680	1.6391	0.0000	11.7760	inf	0.0000	0.7484	0.9049	0.0000	0.1247	0.1256	0.0000	1.0805	1.4622	0.0000	0.0859	0.0300	0.1722	0.0705	0.0766	0.0319	0.0918	0.0000	0.1870	0.0000	3.7222	-0.0003	0.0058	8.0000	0.0063	22.5660	4.3641	0.0007	0.0007	0.0000	0.0000	0.0000	0.0000	0.0007	0.0007	0.0000	0.0175	0.0037	0.0138	0.0040	0.0037	0.0002	0.0136	0.0000	0.0136	0.0009	0.0008	0.0002	0.0003	0.0003	0.0000	0.0006	0.0004	0.0002	0.2039	0.1237	0.0802	0.0561	0.0484	0.0077	0.1478	0.0753	0.0725	8.7107	30.1726	0.0000	1.7680	1.6391	0.0000	11.7760	inf	0.0000	0.0859	0.0300	0.1722	0.0705	0.0766	0.0319	0.0918	0.0000	0.1870
95	165	0.2042	5	1	1	0	0	0	0	0	0	N	N	N	N	N	N	N	N	N	N	N	N	0.4080	1.0481	0.0000	0.0859	0.0808	0.4182	0.5989	3282.4421	0.0000	2.3030	2.6928	0.0004	0.7413	0.7569	0.0074	2.7018	3.2807	0.0002	5.6451	2.5691	13.9785	8.6319	9.3733	0.0178	4.5112	0.0010	12.4349	0.0000	2.0214	-0.1914	0.6324	8.0000	2.5207	22.5660	10.0226	0.4339	0.4339	0.0000	0.0284	0.0284	0.0000	0.4055	0.4055	0.0000	3.0019	0.9936	2.0083	0.9937	0.9933	0.0003	2.0082	0.0002	2.0080	0.1884	0.1611	0.0273	0.0383	0.0375	0.0008	0.1501	0.1236	0.0265	0.6115	0.3867	0.2247	0.1663	0.1468	0.0195	0.4452	0.2399	0.2052	0.4691	1.0481	0.0000	0.1241	0.1119	0.4182	0.5989	3282.4421	0.0000	4.9094	2.5691	8.9368	5.9755	6.7668	0.0178	4.5112	0.0010	9.7841
95	166	0.1886	4	1	1	0	0	0	0	0	0	N	N	N	N	N	N	N	N	N	N	N	N	16.6990	29.5637	0.0037	22.6187	22.7241	0.0016	14.0541	537.4745	0.0038	5.1620	5.9626	0.0020	9.5042	9.9429	0.0004	3.5737	4.2912	0.0021	0.3091	0.2017	0.5249	0.4202	0.4375	0.2433	0.2543	0.0080	0.5523	0.0001	1.2960	-0.5187	0.0161	8.0000	2.6894	22.5660	4.6619	1.1759	1.1759	0.0001	0.5799	0.5799	0.0000	0.5961	0.5960	0.0001	0.1518	0.0661	0.0857	0.0682	0.0647	0.0035	0.0836	0.0014	0.0822	0.2278	0.1972	0.0306	0.0610	0.0583	0.0027	0.1668	0.1389	0.0279	0.4911	0.3278	0.1633	0.1623	0.1478	0.0145	0.3288	0.1800	0.1488	16.6990	29.5637	0.0037	22.6187	22.7241	0.0016	14.0541	537.4745	0.0038	0.3091	0.2017	0.5249	0.4202	0.4375	0.2433	0.2543	0.0080	0.5523
95	167	0.1502	3	1	1	0	0	0	0	0	0	N	N	N	N	N	N	N	N	N	N	N	N	0.0460	0.0839	0.0002	0.0000	0.0000	0.0000	0.0588	19.1585	0.0002	0.1284	0.1515	0.0009	0.0000	0.0000	0.0000	0.1347	0.1596	0.0010	2.7936	1.8058	4.3524	4.1115	4.7507	0.7106	2.2922	0.0083	4.8138	0.0011	1.5273	-0.0079	0.2319	8.0000	2.7966	22.5660	8.5340	0.0180	0.0179	0.0000	0.0000	0.0000	0.0000	0.0180	0.0179	0.0000	1.5886	0.6286	0.9600	0.6444	0.6268	0.0176	0.9442	0.0018	0.9424	0.1398	0.1184	0.0214	0.0065	0.0060	0.0005	0.1333	0.1123	0.0209	0.5686	0.3481	0.2206	0.1567	0.1319	0.0248	0.4119	0.2161	0.1958	0.0460	0.0839	0.0002	0.0000	0.0000	0.0000	0.0588	19.1585	0.0002	2.7936	1.8058	4.3524	4.1115	4.7507	0.7106	2.2922	0.0083	4.8138
96	98	0.1950	5	1	1	1	0	0	0	0	0	N	N	N	N	N	N	N	N	N	N	N	N	0.0000	0.0000	0.0000	0.0000	0.0000	0.0000	0.0000	0.0000	0.0000	0.0000	0.0000	0.0000	0.0000	0.0000	0.0000	0.0000	0.0000	5.0188	4.9454	3.7346	4.8725	6.2293	0.0000	4.2326	4.1208	4.3506	0.5077	0.0000	-0.3614	11.9964	0.9502	18.8414	16.1595	0.0000	0.0000	0.0000	0.0000	0.0000	0.0000	0.0000	0.0000	0.0000	2.9710	1.9706	1.0004	0.9710	0.9710	0.0000	2.0000	0.9996	1.0004	0.0834	0.0717	0.0117	0.0127	0.0121	0.0005	0.0707	0.0596	0.0111	0.6781	0.4103	0.2679	0.2056	0.1677	0.0379	0.4725	0.2426	0.2299	0.0000	0.0000	0.0000	0.0000	0.0000	0.0000	0.0000	0.0000	0.0000	4.3811	4.8031	3.7346	4.7222	5.7901	0.0000	4.2326	4.1208	4.3506		
96	100	0.1980	6	1	0	1	0	0	0	0	0	N	N	N	N	N	N	N	N	N	N	N	N	0.0000	0.0000	0.0000	0.0000	0.0000	0.0000	0.0000	0.0000	0.0000	0.0000	0.0000	0.0000	0.0000	0.0000	0.0000	0.0000	0.0000	3.3805	2.8174	4.2181	6.9559	9.4490	0.0077	2.4436	0.0000	4.9185	1.0065	0.0000	0.0867	11.9964	1.0008	18.8414	13.9255	0.0000	0.0000	0.0000	0.0000	0.0000	0.0000	0.0000	0.0000	0.0000	2.0048	0.9992	1.0056	0.9994	0.9992	0.0003	1.0054	0.0000	1.0054	0.0742	0.0630	0.0112	0.0066	0.0060	0.0006	0.0676	0.0570	0.0106	0.5930	0.3546	0.2384	0.1816	0.1476	0.0340	0.4114	0.2070	0.2044	0.0000	0.0000	0.0000	0.0000	0.0000	0.0000	0.0000	0.0000	0.0000	3.3805	2.8174	4.2181	5.5031	6.7689	0.0077	2.4436	0.0000	4.9185		
96	101	0.1950	5	1	0	1	0	0	0	0	0	N	N	N	N	N	N	N	N	N	N	N	N	0.0000	0.0000	0.0000	0.0000	0.0000	0.0000	0.0000	0.0000	0.0000	0.0000	0.0000	0.0000	0.0000	0.0000	0.0000	0.0000	0.0000	0.0000	0.2188	0.0686	0.5293	0.1194	0.1144	0.1450	0.3090	0.0022	0.6487	3.7332	0.0000	0.0118	11.9964	0.0532	18.8414	2.0467	0.0000	0.0000	0.0000	0.0000	0.0000	0.0000	0.0000	0.0000	0.0000	0.0357	0.0076	0.0282	0.0093	0.0075	0.0018	0.0265	0.0001	0.0264	0.0173	0.0156	0.0017	0.0070	0.0070	0.0000	0.0103	0.0086	0.0017	0.1634	0.1101	0.0533	0.0778	0.0651	0.0126	0.0856	0.0450	0.0406	0.0000	0.0000	0.0000	0.0000	0.0000	0.0000	0.0000	0.0000	0.0000	0.2188	0.0686	0.5293	0.1194	0.1144	0.1450	0.3090	0.0022	0.6487	
96	102	0.1853	4	1	0	1	0	0	0	0	0	N	N	N	N	N	N	N	N	N	N	N	N	0.0000	0.0000	0.0000	0.0000	0.0000	0.0000	0.0000	0.0000	0.0000	0.0000	0.0000	0.0000	0.0000	0.0000	0.0000	0.0000	0.0000	0.0000	0.2129	0.1617	0.3082	0.3036	0.3420	0.1136	0.1610	0.0045	0.3496	1.0242	0.0000	0.0028	11.9964	2.0948	18.8414	3.0326	0.0000	0.0000	0.0000	0.0000	0.0000	0.0000	0.0000	0.0000	0.0000	0.0591	0.0292	0.0299	0.0307	0.0288	0.0019	0.0284	0.0004	0.0280	0.1670	0.1427	0.0243	0.0195	0.0184	0.0012	0.1475	0.1244	0.0231	0.2776	0.1805	0.0970	0.1011	0.0841	0.0170	0.1764	0.0964	0.0800	0.0000	0.0000	0.0000	0.0000	0.0000	0.0000	0.0000	0.0000	0.0000	0.2129	0.1617	0.3082	0.3036	0.3420	0.1136	0.1610	0.0045	0.3496	
96	103	0.1645	3	1	0	1	0	0	0	0	0	N	N	N	N	N	N	N	N	N	N	N	N	0.0000	0.0000	0.0000	0.0000	0.0000	0.0000	0.0000	0.0000	0.0000	0.0000	0.0000	0.0000	0.0000	0.0000	0.0000	0.0000	0.0000	0.0000	1.4699	0.0369	3.9769	0.3666	0.0778	1.9655	1.9196	0.0111	4.2559	61.6799	0.0000	0.3651	11.9964	3.9484	18.8414	4.8420	0.0000	0.0000	0.0000	0.0000	0.0000	0.0000	0.0000	0.0000	0.0000	0.6945	0.0111	0.6834	0.0502	0.0090	0.0411	0.6443	0.0021	0.6423	0.2883	0.2445	0.0438	0.0131	0.0121	0.0010	0.2752	0.2324	0.0428	0.4725	0.3006	0.1719	0.1368	0.1159	0.0209	0.3357	0.1847	0.1509	0.0000	0.0000	0.0000	0.0000	0.0000	0.0000	0.0000	0.0000	0.0000	1.4699	0.0369	3.9769	0.3666	0.0778	1.9655	1.9196	0.0111	4.2559	
96	104	0.1228	2	0	1	0	0	0	0	0	0	N	N	N	N	N	N	N	N	N	N	N	N	0.1154	0.0328	0.4155	0.1243	0.1114	3.6986	0.1195	0.0129	0.4141	0.2077	0.0329	1.1909	0.3449	0.3303	0.5607	0.1963	0.0057	1.2118	1.7992	1.0056	2.8658	2.7755	2.9649	0.1516	1.6433	0.4399	2.9261	6.4239	2.1208	0.0589	0.6497	11.9964	8.9557	18.8414	32.3127	0.1388	0.0187	0.1201	0.0176	0.0158	0.0018	0.1213	0.0029	0.1183	2.9371	0.9411	1.9960	0.6240	0.6217	0.0023	2.3132	0.3195	1.9937	0.6685	0.5676	0.1009	0.0509	0.0477	0.0032	0.6176	0.5199	0.0976	1.6324	0.9359	0.6965	0.2248	0.2097	0.0151	1.4076	0.7263	0.6814	0.1154	0.0328	0.4155	0.1243	0.1114	3.6986	0.1195	0.0129	0.4141	1.7992	1.0056	2.8658	2.7755	2.9649	0.1516	1.6433	0.4399	2.9261
96	105	0.1483	3	0	0	1	0	0	0	0	0	N	N	N	N	N	N	N	N	N	N	N	N	0.1146	0.2636	0.0156	1764.5581	2047.1988	0.0000	0.0055	0.0000	0.0198	0.7614	0.8650	0.2043	6.0536	6.3358	0.0000	0.0364	0.0000	0.2116	6.6444	3.2816	13.0668	0.0034	0.0031	0.0058	6.6292	4.4229	10.6990	0.0439	1.8266	-0.1082	0.5304	11.9964	4.2679	18.8414	7.8415	0.2712	0.2598	0.0114	0.2598	0.2598	0.0000	0.0114	0.0000	0.0114	2.8236	0.9989	1.8247	0.0003	0.0002	0.0001	2.8233	0.9987	1.8246	0.3562	0.3004	0.0558	0.0429	0.0410	0.0019	0.3133	0.2594	0.0539	0.5157	0.3044	0.2113	0.0898	0.0786	0.0112	0.4259	0.2258	0.2001	0.1391	0.2636	0.0237	1764.5581	2047.1988	0.0000	0.0055	0.0000	0.0232	5.4753	3.2816	8.6359	0.0034	0.0031	0.0058	6.6292	4.4229	9.1190
96	106	0.1228	2	0	0	0	0	0	0	0	0	N	N	N	N	N	N	N	N	N	N	N	N	1.0583	0.7448	2.8115	1.3486	1.9124	0.3620	0.9356	3.1062	2.9069	2.3811	0.1814	14.5891	1.1445	1.1011	2.2775	2.5634	0.0242	14.9836	2.2498	0.2436	5.1891	0.8486	0.5757	6.2918	2.7400	0.0078	5.1544	14.4869	14.5390	0.1986	0.7683	11.9964	1.9301	18.8414	9.0954	0.4017	0.0259	0.3758	0.0248	0.0230	0.0018	0.3769	0.0030	0.3740	1.6097	0.1036	1.5061	0.1573	0.1017	0.0557	1.4524	0.0019	1.4504	0.1687	0.1430	0.0258	0.0217	0.0209	0.0008	0.1470	0.1221	0.0250	0.7155	0.4252	0.2902	0.1854	0.1766	0.0089	0.5301	0.2487	0.2814	1.0583	0.7448	2.8115	1.3486	1.9124	0.3620	0.9356	3.1062	2.9069	2.2498	0.2436	5.1891	0.8486	0.5757	6.2918	2.7400	0.0078	5.1544
96	108	0.1117	3	0	1	0	0	0	0	0	0	N	N	N	N	N	N	N	N	N	N	N	N	91.1976	34.2874	2211.9409	59.5047	51.0017	6643.1861	114.2209	38.3548	2203.5585	3.4439	2.1003	10.7781	4.8842	4.4250	34.7840	3.4075	2.0315	10.7201	0.0378	0.0613	0.0049	0.0821	0.0868	0.0052	0.0298	0.0530	0.0049	0.9402	0.0568	0.0895	-0.0201	11.9964	8.0392	18.8414	22.6195	2.0578	1.0606	0.9971	0.0719	0.0642	0.0077	1.9858	0.9964	0.9894	0.0497	0.0470	0.0027	0.0164	0.0163	0.0001	0.0333	0.0307	0.0026	0.5975	0.5050	0.0925	0.0147	0.0145	0.0002	0.5828	0.4905	0.0923	1.3152	0.7672	0.5480	0.1996	0.1882	0.0115	1.1155	0.5790	0.5365	91.1976	34.2874	2211.9409	59.5047	51.0017	6643.1861	114.2209	38.3548	2203.5585	0.0378	0.0613	0.0049	0.0821	0.0868	0.0052	0.0298	0.0530	0.0049
96	109	0.1117	2	0	0	0	0	0	0	0	0	N	N	N	N	N	N	N	N	N	N	N	N	12.0920	6.8998	60.2866	14.5250	14.4123	51.6589	10.9418	1.6366	59.9028	3.5328	2.4444	8.9548	5.4787	5.4799	3.3192	2.6065	0.5277	8.9609	0.2922	0.3543	0.1485	0.3772	0.3802	0.0643	0.2382	0.3225	0.1496	0.7354	0.1813	-0.0026	-0.0295	11.9964	0.2031	18.8414	2.0398	0.1479	0.0852	0.0627	0.0740	0.0740	0.0000	0.0739	0.0113	0.0627	0.0968	0.0819	0.0149	0.0485	0.0484	0.0001	0.0483	0.0335	0.0148	0.0419	0.0349	0.0070	0.0135	0.0135	0.0000	0.0284	0.0214	0.0070	0.3312	0.2312	0.1000	0.1286	0.1273	0.0012	0.2026	0.1039	0.0987	12.0920	6.8998	60.2866	14.5250	14.4123	51.6589	10.9418	1.6366	59.9028	0.2922	0.3543	0.1485	0.3772	0.3802	0.0643	0.2382	0.3225	0.1496
96	110	0.6922	8	1	0	1	0	0	0	0	0	N	N	N	N	N	N	N	N	N	N	N	N	0.0000	0.0000	0.0000	0.0000	0.0000	0.0000	0.0000	0.0000	0.0000	0.0000	0.0000	0.0000	0.0000	0.0000	0.0000	0.0000	0.0000	0.0000	0.0000	0.0000	11.9964	0.0001	18.8414	0.0001	0.0000	0.0000	0.0000	0.0000	0.0000	0.0000	0.0000	0.0000	0.0000	0.0000	0.0000	0.0000	0.0000	0.0000	0.0000	0.0000	0.0000	0.0000	0.0082	0.0065	0.0017	0.0041	0.0041	0.0000	0.0041	0.0024	0.0017	0.0003	0.0002	0.0001	0.0002	0.0002	0.0000	0.0002	0.0000	0.0001	0.0000	0.0000	0.0000	0.0000	0.0000	0.0000	0.0000	0.0000	0.0000	0.0000	0.0000	0.0000	0.0000	0.0000	0.0000	0.0000	0.0000	0.0000											
96	111	0.6784	7	1	0	1	0	0	0	0	0	N	N	N	N	N	N	N	N	N	N	N	N	828.0248	762.2750	0.0000	3941.7927	3565.4806	0.0000	0.0000	0.0000	0.0000	1.2574	1.4455	0.0000	4.6855	4.9325	0.0000	0.0000	0.0000	0.0000	0.0015	0.0019	0.0006	0.0012	0.0014	0.0004	0.0022	0.0037	0.0008	0.0000	0.1464	-0.0712	-0.0001	11.9964	1.6718	18.8414	2.9223	0.1615	0.1615	0.0000	0.1615	0.1615	0.0000	0.0000	0.0000	0.0000	0.0003	0.0003	0.0000	0.0002	0.0001	0.0000	0.0001	0.0001	0.0000	0.1285	0.1117	0.0167	0.0345	0.0327	0.0017	0.0940	0.0790	0.0150	0.1953	0.1364	0.0589	0.1314	0.1057	0.0257	0.0639	0.0308	0.0332	828.0248	762.2750	0.0000	3941.7927	3565.4806	0.0000	0.0000	0.0000	0.0000	0.0015	0.0019	0.0006	0.0012	0.0014	0.0004	0.0022	0.0037	0.0008
96	112	0.5948	6	1	0	1	0	0	0	0	0	N	N	N	N	N	N	N	N	N	N	N	N	2.3805	1.9310	0.0490	4.5990	4.1232	0.1033	0.5598	0.3865	0.0702	2.6774	3.0585	0.0052	8.7993	9.3714	0.0302	0.0274	0.0322	0.0009	1.1247	1.5839	0.1069	1.9133	2.2729	0.2920	0.0490	0.0833	0.0129	0.0002	0.0305	-1.1753	-0.3199	11.9964	14.0283	18.8414	7.1084	2.6658	2.6652	0.0007	2.6468	2.6462	0.0006	0.0191	0.0190	0.0001	0.7461	0.7241	0.0221	0.7324	0.7121	0.0203	0.0138	0.0120	0.0018	0.9957	0.8714	0.1243	0.3008	0.2824	0.0184	0.6949	0.5890	0.1059	0.6634	0.4571	0.2062	0.3828	0.3133	0.0695	0.2806	0.1438	0.1368	2.3805	1.9310	0.0490	4.5990	4.1232	0.1033	0.5598	0.3865	0.0702	1.1247	1.5839	0.1069	1.9133	2.2729	0.2920	0.0490	0.0833	0.0129
96	113	0.5346	5	0	0	0	0	0	0	0	0	N	N	N	N	N	N	N	N	N	N	N	N	2.6468	1.9487	10.8444	2.4477	2.3501	0.0473	3.5406	1.8476	21.0186	1.1302	1.0820	1.4939	1.2879	1.3523	0.0128	1.0593	0.9463	1.7104	0.4270	0.5553	0.1378	0.5262	0.5754	0.2713	0.2992	0.5122	0.0814	0.1829	0.1100	-0.2732	-0.1186	11.9964	8.6129	18.8414	5.1709	0.9538	0.8063	0.1475	0.3371	0.3369	0.0002	0.6167	0.4694	0.1473	0.3301	0.2974	0.0327	0.2291	0.2100	0.0191	0.1010	0.0875	0.0136	0.8439	0.7452	0.0987	0.2617	0.2491	0.0126	0.5822	0.4960	0.0861	0.7731	0.5356	0.2375	0.4354	0.3649	0.0705	0.3377	0.1708	0.1670	2.6468	1.9487	10.8444	2.4477	2.3501	0.0473	3.5406	1.8476	21.0186	0.4270	0.5553	0.1378	0.5262	0.5754	0.2713	0.2992	0.5122	0.0814
96	114	0.4395	4	0	0	0	0	0	0	0	0	N	N	N	N	N	N	N	N	N	N	N	N	4.3805	1.3390	17.9793	0.2499	0.2309	0.1976	4.8583	2.9303	15.7032	1.8707	0.4587	10.7778	0.0936	0.1000	0.0151	2.3317	0.5603	12.1477	0.4271	0.3426	0.5995	0.3746	0.4330	0.0763	0.4799	0.1912	0.7736	3.7250	0.8576	0.7995	0.0023	11.9964	16.8607	18.8414	22.7724	2.3024	0.4873	1.8152	0.0237	0.0234	0.0003	2.2787	0.4638	1.8149	0.6827	0.3675	0.3152	0.3008	0.2908	0.0100	0.3819	0.0767	0.3052	1.2308	1.0624	0.1684	0.2535	0.2345	0.0190	0.9773	0.8279	0.1494	1.5987	1.0729	0.5258	0.8030	0.6717	0.1313	0.7957	0.4012	0.3945	4.3805	1.3390	17.9793	0.2499	0.2309	0.1976	4.8583	2.9303	15.7032	0.4271	0.3426	0.5995	0.3746	0.4330	0.0763	0.4799	0.1912	0.7736
96	115	0.1707	3	1	0	1	0	0	0	0	0	N	N	N	N	N	N	N	N	N	N	N	N	0.0000	0.0000	0.0000	0.0000	0.0000	0.0000	0.0000	0.0000	0.0000	0.0000	0.0000	0.0000	0.0000	0.0000	0.0000	0.0000	0.0000	0.0006	0.0009	0.0001	0.0019	0.0020	0.0000	0.0001	0.0000	0.0001	0.0858	0.0000	-0.0001	11.9964	1.0009	18.8414	4.0038	0.0000	0.0000	0.0000	0.0000	0.0000	0.0000	0.0000	0.0000	0.0000	0.0002	0.0002	0.0000	0.0002	0.0002	0.0000	0.0000	0.0000	0.0000	0.0788	0.0671	0.0117	0.0058	0.0055	0.0003	0.0730	0.0616	0.0115	0.3413	0.2225	0.1188	0.0989	0.0955	0.0034	0.2424	0.1270	0.1154	0.0000	0.0000	0.0000	0.0000	0.0000	0.0000	0.0000	0.0000	0.0000	0.0006	0.0009	0.0001	0.0019	0.0020	0.0000	0.0001	0.0000	0.0001		
96	116	0.1424	2	1	0	1	0	0	0	0	0	N	N	N	N	N	N	N	N	N	N	N	N	0.2438	0.0412	2.4697	0.1667	0.1534	2.3541	0.7454	0.1916	2.4651	0.0654	0.0146	0.3487	0.1889	0.1854	0.2441	0.0583	0.0037	0.3510	0.2685	0.3552	0.1412	1.1327	1.2086	0.1037	0.0783	0.0193	0.1424	4.2711	0.2709	0.0034	-0.0385	11.9964	1.8441	18.8414	10.4794	0.0091	0.0017	0.0074	0.0014	0.0013	0.0001	0.0077	0.0004	0.0073	0.1571	0.1236	0.0335	0.1195	0.1188	0.0008	0.0375	0.0048	0.0327	0.1394	0.1182	0.0212	0.0076	0.0071	0.0005	0.1318	0.1111	0.0207	0.5851	0.3480	0.2371	0.1055	0.0983	0.0072	0.4796	0.2497	0.2299	0.2438	0.0412	2.4697	0.1667	0.1534	2.3541	0.7454	0.1916	2.4651	0.2685	0.3552	0.1412	1.1327	1.2086	0.1037	0.0783	0.0193	0.1424
96	117	0.3267	2	0	1	0	1	0	0	0	0	N	N	N	N	N	N	N	N	N	N	N	N	0.6847	0.0646	1.7757	0.1136	0.0953	0.4395	0.4867	0.1100	1.5668	0.9760	0.0137	7.2193	0.0336	0.0275	0.1520	1.1957	0.0100	7.7476	1.4254	0.2115	4.0655	0.2960	0.2888	0.3459	2.4566	0.0913	4.9447	81.3958	8.8371	0.4649	1.1245	11.9964	10.5071	18.8414	20.2622	0.8502	0.0103	0.8399	0.0055	0.0043	0.0012	0.8447	0.0060	0.8387	2.5558	0.2598	2.2960	0.2533	0.2159	0.0373	2.3025	0.0439	2.2586	0.8712	0.7548	0.1163	0.1647	0.1566	0.0081	0.7065	0.5982	0.1083	1.7930	1.2282	0.5647	0.8557	0.7477	0.1080	0.9373	0.4805	0.4568	0.6847	0.0646	1.7757	0.1136	0.0953	0.4395	0.4867	0.1100	1.5668	1.4254	0.2115	4.0655	0.2960	0.2888	0.3459	2.4566	0.0913	4.9447
96	119	0.1290	2	0	1	0	0	0	0	0	0	N	N	N	N	N	N	N	N	N	N	N	N	0.0029	0.0032	0.0000	0.0243	0.0264	0.0000	0.0011	0.0012	0.0000	0.0077	0.0091	0.0000	0.0835	0.0848	0.0000	0.0028	0.0034	0.0000	2.6063	2.8700	2.2262	3.4320	3.2158	7.2591	2.4517	2.7530	2.1205	0.0000	0.5383	-0.0010	-0.3192	11.9964	3.8169	18.8414	21.2433	0.0023	0.0023	0.0000	0.0015	0.0015	0.0000	0.0008	0.0008	0.0000	2.9430	1.9132	1.0298	0.6112	0.5421	0.0691	2.3319	1.3711	0.9607	0.3062	0.2591	0.0472	0.0184	0.0181	0.0003	0.2878	0.2410	0.0469	1.1292	0.6666	0.4626	0.1781	0.1686	0.0095	0.9511	0.4981	0.4531	0.0029	0.0032	0.0000	0.0243	0.0264	0.0000	0.0011	0.0012	0.0000	2.6063	2.8700	2.2262	3.4320	3.2158	7.2591	2.4517	2.7530	2.1205
96	120	0.4746	6	0	1	0	0	0	0	0	0	N	N	N	N	N	N	N	N	N	N	N	N	4.4243	3.5824	1.0482	11.7099	10.2863	2.9443	0.1165	0.0613	0.8279	1.2953	1.4812	0.0363	5.0042	5.2766	0.1243	0.0163	0.0146	0.0259	0.2928	0.4135	0.0346	0.4273	0.5130	0.0422	0.1403	0.2383	0.0313	0.0036	0.0391	-0.7533	-0.2950	11.9964	16.3276	18.8414	34.9199	1.7218	1.7156	0.0062	1.7056	1.7034	0.0022	0.0162	0.0122	0.0040	0.7013	0.6749	0.0264	0.5437	0.5339	0.0098	0.1576	0.1410	0.0166	1.3293	1.1582	0.1710	0.3408	0.3228	0.0180	0.9884	0.8354	0.1530	2.3953	1.6322	0.7630	1.2722	1.0408	0.2314	1.1231	0.5914	0.5316	4.4243	3.5824	1.0482	11.7099	10.2863	2.9443	0.1165	0.0613	0.8279	0.2928	0.4135	0.0346	0.4273	0.5130	0.0422	0.1403	0.2383	0.0313
96	121	0.4573	5	0	1	0	0	0	0	0	0	N	N	N	N	N	N	N	N	N	N	N	N	2.2342	1.3568	15.8818	6.9913	6.0933	18.3774	0.8674	0.0049	11.8693	1.1034	0.8493	2.7362	3.1636	3.2967	0.4783	0.4770	0.0039	2.9374	0.4939	0.6260	0.1723	0.4525	0.5410	0.0260	0.5499	0.7996	0.2475	0.5014	0.1130	-0.0626	-0.2843	11.9964	6.1757	18.8414	14.5601	0.5844	0.3893	0.1952	0.3907	0.3879	0.0028	0.1937	0.0013	0.1924	0.7968	0.7159	0.0809	0.4197	0.4156	0.0042	0.3771	0.3003	0.0768	0.5296	0.4583	0.0713	0.1235	0.1177	0.0058	0.4061	0.3406	0.0655	1.6133	1.1437	0.4696	0.9275	0.7681	0.1595	0.6858	0.3756	0.3102	2.2342	1.3568	15.8818	6.9913	6.0933	18.3774	0.8674	0.0049	11.8693	0.4939	0.6260	0.1723	0.4525	0.5410	0.0260	0.5499	0.7996	0.2475
96	122	0.4043	4	0	0	0	0	0	0	0	0	N	N	N	N	N	N	N	N	N	N	N	N	1.4955	0.1561	55.1900	1.0095	0.9836	0.3913	1.3663	0.0002	83.1205	1.5355	0.2170	10.2997	0.7270	0.7606	0.1417	1.8223	0.0005	11.5415	1.0268	1.3905	0.1866	0.7202	0.7733	0.3621	1.3338	2.4160	0.1389	7.1406	0.0581	0.4575	-0.7087	11.9964	7.5400	18.8414	21.4192	1.0492	0.1289	0.9203	0.1301	0.1287	0.0014	0.9191	0.0002	0.9189	1.7566	1.6601	0.0965	0.6164	0.5763	0.0401	1.1402	1.0838	0.0564	0.6833	0.5939	0.0894	0.1789	0.1692	0.0097	0.5044	0.4248	0.0796	1.7108	1.1939	0.5169	0.8559	0.7453	0.1106	0.8549	0.4486	0.4063	1.4955	0.1561	55.1900	1.0095	0.9836	0.3913	1.3663	0.0002	83.1205	1.0268	1.3905	0.1866	0.7202	0.7733	0.3621	1.3338	2.4160	0.1389
96	123	0.1645	3	0	1	0	0	0	0	0	0	N	N	N	N	N	N	N	N	N	N	N	N	1.0307	0.0000	inf	0.0000	0.0000	2.7323	0.0000	inf	3.4234	0.0000	22.5437	0.0000	0.0000	0.0000	3.5859	0.0000	23.0556	3.3213	6.1475	0.0000	22.8895	25.5006	0.0000	1.3124	2.4608	0.0000	inf	0.0000	0.5589	-1.5093	11.9964	4.0019	18.8414	19.5615	1.0000	0.0000	1.0000	0.0000	0.0000	0.0000	1.0000	0.0000	1.0000	3.2928	3.2928	0.0000	2.2929	2.2929	0.0000	1.0000	1.0000	0.0000	0.2921	0.2478	0.0444	0.0132	0.0123	0.0010	0.2789	0.2355	0.0434	0.9914	0.5974	0.3941	0.2295	0.1910	0.0385	0.7619	0.4064	0.3555	1.0307	0.0000	inf	0.0000	0.0000	0.0000	2.7323	0.0000	inf	3.3213	5.5123	0.0000	9.9899	12.0043	0.0000	1.3124	2.4608	0.0000	
96	124	0.1424	2	0	0	0	0	0	0	0	0	N	N	N	N	N	N	N	N	N	N	N	N	0.0160	0.0026	0.0743	0.1623	0.2268	0.0969	0.0151	0.0010	0.0782	0.0866	0.0091	0.5189	0.0840	0.0680	0.3642	0.0868	0.0049	0.5222	5.4050	3.4673	6.9864	0.5173	0.2999	3.7568	5.7406	4.8752	6.6795	10.2743	1.2515	0.0038	0.2199	11.9964	1.2223	18.8414	8.2281	0.0081	0.0007	0.0074	0.0005	0.0004	0.0001	0.0076	0.0004	0.0073	2.2558	1.0019	1.2539	0.0491	0.0267	0.0224	2.2067	0.9752	1.2315	0.0937	0.0795	0.0143	0.0056	0.0053	0.0003	0.0882	0.0742	0.0140	0.4793	0.2890	0.1903	0.0949	0.0889	0.0060	0.3844	0.2000	0.1844	0.0184	0.0026	0.0788	0.1623	0.2268	0.0969	0.0151	0.0010	0.0782	4.7065	3.4673	6.5878	0.5173	0.2999	3.7568	5.7406	4.8752	6.6795
96	126	0.1277	3	0	1	0	0	0	0	0	0	N	N	N	N	N	N	N	N	N	N	N	N	2.6325	1.7754	7.2015	1.2801	1.1550	20.1381	2.2927	1.3673	7.0355	5.1708	2.9592	17.2485	0.0693	0.0663	0.2040	5.4799	3.1640	17.3864	1.9642	1.6668	2.3951	0.0541	0.0574	0.0101	2.3901	2.3140	2.4712	1.0673	0.9918	0.1532	0.0790	11.9964	5.0407	18.8414	17.1705	2.0376	0.9856	1.0520	0.0016	0.0015	0.0001	2.0360	0.9841	1.0519	1.9961	1.0022	0.9940	0.0100	0.0099	0.0001	1.9861	0.9923	0.9938	0.3941	0.3331	0.0610	0.0225	0.0220	0.0005	0.3715	0.3110	0.0605	1.0163	0.6013	0.4150	0.1853	0.1725	0.0128	0.8310	0.4288	0.4022	2.6325	1.7754	7.2015	1.2801	1.1550	20.1381	2.2927	1.3673	7.0355	1.9642	1.6668	2.3951	0.0541	0.0574	0.0101	2.3901	2.3140	2.4712
96	127	0.1117	2	0	1	0	0	0	0	0	0	N	N	N	N	N	N	N	N	N	N	N	N	33.7170	1.0557	575.1099	8.1382	7.9657	51.2626	36.5165	0.4451	569.3409	5.3869	0.2310	32.8114	1.3592	1.3608	0.9752	5.7406	0.1117	32.8794	0.1598	0.2188	0.0571	0.1670	0.1708	0.0190	0.1572	0.2509	0.0577	26.7087	0.1498	0.4808	-0.0292	11.9964	1.9703	18.8414	6.2034	0.9196	0.0332	0.8864	0.0187	0.0187	0.0001	0.9008	0.0145	0.8863	0.0889	0.0773	0.0116	0.0243	0.0242	0.0001	0.0646	0.0531	0.0115	0.1707	0.1437	0.0270	0.0138	0.0137	0.0001	0.1569	0.1300	0.0270	0.5564	0.3534	0.2030	0.1454	0.1417	0.0037	0.4110	0.2117	0.1994	33.7170	1.0557	575.1099	8.1382	7.9657	51.2626	36.5165	0.4451	569.3409	0.1598	0.2188	0.0571	0.1670	0.1708	0.0190	0.1572	0.2509	0.0577
96	129	0.4336	5	0	1	0	0	0	0	0	0	N	N	N	N	N	N	N	N	N	N	N	N	0.0000	0.0000	0.0000	0.0000	0.0000	0.0000	0.0000	0.0000	0.0000	0.0000	0.0000	0.0000	0.0000	0.0000	0.0000	0.0000	0.0000	0.0084	0.0079	0.0099	0.0109	0.0115	0.0031	0.0051	0.0000	0.0114	0.3828	0.0000	-0.0008	11.9964	1.0033	18.8414	0.8635	0.0000	0.0000	0.0000	0.0000	0.0000	0.0000	0.0000	0.0000	0.0000	0.0046	0.0033	0.0013	0.0034	0.0033	0.0001	0.0012	0.0000	0.0012	0.2429	0.2210	0.0219	0.1318	0.1257	0.0061	0.1111	0.0953	0.0158	0.5446	0.4179	0.1267	0.3091	0.2866	0.0224	0.2356	0.1313	0.1043	0.0000	0.0000	0.0000	0.0000	0.0000	0.0000	0.0000	0.0000	0.0000	0.0084	0.0079	0.0099	0.0109	0.0115	0.0031	0.0051	0.0000	0.0114		
96	130	0.4043	4	0	0	0	0	0	0	0	0	N	N	N	N	N	N	N	N	N	N	N	N	3.7669	1.8872	24.3632	1.1976	1.2835	0.2403	5.7468	2.0613	43.7579	1.0150	0.5891	3.9132	0.3723	0.3876	0.0915	1.2807	0.6832	4.4234	0.2695	0.3122	0.1606	0.3109	0.3020	0.3807	0.2229	0.3314	0.1011	0.9760	0.2020	0.0296	-0.1077	11.9964	5.5514	18.8414	9.9598	0.5609	0.2839	0.2771	0.0602	0.0594	0.0008	0.5007	0.2244	0.2763	0.3711	0.3087	0.0624	0.2266	0.1951	0.0315	0.1445	0.1136	0.0309	0.5526	0.4818	0.0708	0.1616	0.1533	0.0083	0.3910	0.3285	0.0625	1.3771	0.9889	0.3882	0.7289	0.6462	0.0826	0.6482	0.3427	0.3056	3.7669	1.8872	24.3632	1.1976	1.2835	0.2403	5.7468	2.0613	43.7579	0.2695	0.3122	0.1606	0.3109	0.3020	0.3807	0.2229	0.3314	0.1011
96	131	0.3740	3	0	0	0	0	0	0	0	0	N	N	N	N	N	N	N	N	N	N	N	N	0.1603	0.1454	0.3350	0.2678	0.5685	0.0753	0.1754	0.0026	1.3094	0.2160	0.1274	0.8121	0.5312	0.5206	0.7375	0.1265	0.0021	0.8189	1.3475	0.8768	2.4244	1.9837	0.9157	9.7951	0.7210	0.8112	0.6254	0.9472	1.2086	0.0079	0.1738	11.9964	9.1969	18.8414	13.4651	0.1736	0.0891	0.0844	0.0944	0.0880	0.0064	0.0792	0.0011	0.0780	1.9561	0.8857	1.0704	1.4287	0.5802	0.8485	0.5274	0.3054	0.2219	0.8035	0.6995	0.1040	0.1778	0.1691	0.0087	0.6257	0.5304	0.0953	1.4517	1.0101	0.4415	0.7202	0.6336	0.0866	0.7314	0.3765	0.3549	0.1603	0.1454	0.3350	0.2678	0.5685	0.0753	0.1754	0.0026	1.3094	1.3475	0.8768	2.4244	1.9837	0.9157	9.7951	0.7210	0.8112	0.6254
96	132	0.1874	5	1	1	0	1	0	0	0	0	N	N	N	N	N	N	N	N	N	N	N	N	0.0000	0.0000	0.0000	0.0000	0.0000	0.0000	0.0000	0.0000	0.0000	0.0000	0.0000	0.0000	0.0000	0.0000	0.0000	0.0000	0.0000	21.7810	19.4752	33.2744	0.0053	0.0060	0.0000	15.8395	14.9963	30.9403	0.9999	0.0000	0.0832	11.9964	1.0000	18.8414	3.0001	0.0000	0.0000	0.0000	0.0000	0.0000	0.0000	0.0000	0.0000	0.0000	2.0001	1.0001	1.0000	0.0001	0.0001	0.0000	2.0000	1.0000	1.0000	0.0736	0.0625	0.0111	0.0046	0.0043	0.0003	0.0690	0.0582	0.0108	0.1499	0.0834	0.0665	0.0190	0.0167	0.0023	0.1309	0.0667	0.0642	0.0000	0.0000	0.0000	0.0000	0.0000	0.0000	0.0000	0.0000	0.0000	13.3460	11.9979	15.0356	0.0053	0.0060	0.0000	15.2847	14.9963	15.5843		
96	133	0.5864	9	1	1	0	1	0	0	0	0	N	N	N	N	N	N	N	N	N	N	N	N	0.0000	0.0000	0.0000	0.0000	0.0000	0.0000	0.0000	0.0000	0.0000	0.0000	0.0000	0.0000	0.0000	0.0000	0.0000	0.0000	0.0000	0.0000	0.0000	0.0000	11.9964	0.0006	18.8414	1.9797	0.0000	0.0000	0.0000	0.0000	0.0000	0.0000	0.0000	0.0000	0.0000	0.0000	0.0000	0.0000	0.0000	0.0000	0.0000	0.0000	0.0000	0.0000	0.0001	0.0001	0.0000	0.0001	0.0001	0.0000	0.0000	0.0000	0.0000	0.0670	0.0451	0.0220	0.0332	0.0281	0.0052	0.0338	0.0170	0.0168	0.0000	0.0000	0.0000	0.0000	0.0000	0.0000	0.0000	0.0000	0.0000	0.0000	0.0000	0.0000	0.0000	0.0000	0.0000	0.0000	0.0000	0.0000											
96	134	0.5696	8	1	1	0	1	0	0	0	0	N	N	N	N	N	N	N	N	N	N	N	N	0.0000	0.0000	0.0000	0.0000	0.0000	0.0000	0.0000	0.0000	0.0000	0.0000	0.0000	0.0000	0.0000	0.0000	0.0000	0.0001	0.0000	0.0000	0.0000	0.0001	0.0000	0.0002	inf	0.0000	0.0000	11.9964	2.0077	18.8414	6.0321	0.0000	0.0000	0.0000	0.0000	0.0000	0.0000	0.0000	0.0000	0.0000	0.0000	0.0000	0.0000	0.0000	0.0000	0.0000	0.0000	0.0000	0.0000	0.1426	0.1227	0.0199	0.0345	0.0316	0.0028	0.1082	0.0911	0.0171	0.2442	0.1617	0.0825	0.1185	0.0983	0.0203	0.1257	0.0635	0.0622	0.0000	0.0000	0.0000	0.0000	0.0000	0.0000	0.0000	0.0000	0.0000	0.0000	0.0000	0.0001	0.0000	0.0000	0.0000	0.0001	0.0000	0.0002						
96	135	0.5649	8	0	1	0	1	0	0	0	0	N	N	N	N	N	N	N	N	N	N	N	N	0.0656	0.0519	0.0000	0.1461	0.1329	0.0000	0.0000	0.0000	0.0000	0.1436	0.1678	0.0000	0.6286	0.6807	0.0000	0.0000	0.0000	0.0000	2.1892	3.2319	0.0003	4.3013	5.1229	0.0000	0.0082	0.0158	0.0004	0.0000	0.0000	-0.0140	-0.4436	11.9964	3.0348	18.8414	9.3583	0.0317	0.0317	0.0000	0.0317	0.0317	0.0000	0.0000	0.0000	0.0000	0.9679	0.9678	0.0000	0.9661	0.9661	0.0000	0.0018	0.0017	0.0000	0.2211	0.1891	0.0320	0.0505	0.0466	0.0039	0.1706	0.1425	0.0281	0.4421	0.2995	0.1427	0.2246	0.1886	0.0360	0.2175	0.1109	0.1066	0.0656	0.0519	0.0000	0.1461	0.1329	0.0000	0.0000	0.0000	0.0000	2.1892	3.2319	0.0003	4.3013	5.1229	0.0000	0.0082	0.0158	0.0004
96	136	0.5505	7	0	0	0	1	0	0	0	0	N	N	N	N	N	N	N	N	N	N	N	N	47.9139	0.1196	6755.4224	0.2177	0.1944	0.0000	8720.8689	3.8484	208232.2664	8.5843	0.0319	55.5507	0.0810	0.0860	0.0000	11.6849	0.0091	61.8805	0.1792	0.2670	0.0082	0.3719	0.4426	0.0328	0.0013	0.0024	0.0003	316.6847	0.0158	0.0176	-0.0169	11.9964	0.0433	18.8414	6.6805	0.0317	0.0001	0.0316	0.0001	0.0001	0.0000	0.0317	0.0000	0.0316	0.0382	0.0377	0.0006	0.0381	0.0375	0.0006	0.0001	0.0001	0.0000	0.0037	0.0031	0.0006	0.0010	0.0009	0.0001	0.0027	0.0022	0.0005	0.2135	0.1410	0.0725	0.1025	0.0848	0.0177	0.1110	0.0563	0.0548	47.9139	0.1196	6755.4224	0.2177	0.1944	0.0000	8720.8689	3.8484	208232.2664	0.1792	0.2670	0.0082	0.3719	0.4426	0.0328	0.0013	0.0024	0.0003
96	137	0.2171	7	0	1	0	1	0	0	0	0	N	N	N	N	N	N	N	N	N	N	N	N	0.0000	0.0000	0.0000	0.0000	0.0000	0.0000	0.0000	0.0000	0.0000	0.0000	0.0000	0.0000	0.0000	0.0000	0.0000	0.0000	0.0000	0.0000	0.0000	0.0000	11.9964	0.0000	18.8414	0.0000	0.0000	0.0000	0.0000	0.0000	0.0000	0.0000	0.0000	0.0000	0.0000	0.0000	0.0000	0.0000	0.0000	0.0000	0.0000	0.0000	0.0000	0.0000	0.0000	0.0000	0.0000	0.0000	0.0000	0.0000	0.0000	0.0000	0.0000	0.0000	0.0000	0.0000	0.0000	0.0000	0.0000	0.0000	0.0000	0.0000	0.0000	0.0000	0.0000	0.0000	0.0000	0.0000	0.0000	0.0000	0.0000	0.0000	0.0000	0.0000	0.0000	0.0000	0.0000	0.0000	0.0000	0.0000											
96	138	0.2120	6	0	1	0	1	0	0	0	0	N	N	N	N	N	N	N	N	N	N	N	N	0.0000	0.0000	0.0000	0.0000	0.0000	0.0000	0.0000	0.0000	0.0000	0.0000	0.0000	0.0000	0.0000	0.0000	0.0000	0.0000	0.0000	0.0000	0.0000	0.0000	11.9964	0.0021	18.8414	2.0000	0.0000	0.0000	0.0000	0.0000	0.0000	0.0000	0.0000	0.0000	0.0000	0.0000	0.0000	0.0000	0.0000	0.0000	0.0000	0.0000	0.0000	0.0000	0.0002	0.0002	0.0000	0.0000	0.0000	0.0000	0.0002	0.0001	0.0000	0.0739	0.0418	0.0321	0.0114	0.0100	0.0014	0.0626	0.0318	0.0308	0.0000	0.0000	0.0000	0.0000	0.0000	0.0000	0.0000	0.0000	0.0000	0.0000	0.0000	0.0000	0.0000	0.0000	0.0000	0.0000	0.0000	0.0000											
96	139	0.2018	5	0	0	0	1	0	0	0	0	N	N	N	N	N	N	N	N	N	N	N	N	0.0000	0.0000	0.0000	0.0000	0.0000	0.0000	0.0000	0.0000	0.0000	0.0000	0.0000	0.0000	0.0000	0.0000	0.0000	0.0000	0.0000	0.0000	0.0000	0.0000	11.9964	1.0020	18.8414	3.0181	0.0000	0.0000	0.0000	0.0000	0.0000	0.0000	0.0000	0.0000	0.0000	0.0000	0.0000	0.0000	0.0000	0.0000	0.0000	0.0000	0.0000	0.0000	0.0738	0.0627	0.0111	0.0048	0.0045	0.0003	0.0689	0.0582	0.0108	0.1502	0.0843	0.0659	0.0221	0.0194	0.0027	0.1282	0.0649	0.0632	0.0000	0.0000	0.0000	0.0000	0.0000	0.0000	0.0000	0.0000	0.0000	0.0000	0.0000	0.0000	0.0000	0.0000	0.0000	0.0000	0.0000	0.0000											
96	140	0.1874	5	0	1	0	0	0	0	0	0	N	N	N	N	N	N	N	N	N	N	N	N	0.0000	0.0000	0.0000	0.0000	0.0000	0.0000	0.0000	0.0000	0.0000	0.0000	0.0000	0.0000	0.0000	0.0007	0.0012	0.0000	0.0053	0.0060	0.0000	0.0000	0.0000	0.0000	0.0000	0.0000	-0.0000	11.9964	0.0000	18.8414	4.0001	0.0000	0.0000	0.0000	0.0000	0.0000	0.0000	0.0000	0.0000	0.0000	0.0001	0.0001	0.0000	0.0001	0.0001	0.0000	0.0000	0.0000	0.0000	0.0000	0.0000	0.0000	0.0000	0.0000	0.0000	0.0000	0.0000	0.0000	0.1499	0.0834	0.0665	0.0190	0.0167	0.0023	0.1309	0.0667	0.0642	0.0000	0.0000	0.0000	0.0000	0.0000	0.0000	0.0000	0.0000	0.0000	0.0007	0.0012	0.0000	0.0053	0.0060	0.0000	0.0000	0.0000	0.0000						
96	141	0.5651	7	0	1	0	0	0	0	0	0	N	N	N	N	N	N	N	N	N	N	N	N	0.0000	0.0000	0.0000	0.0000	0.0000	0.0000	0.0000	0.0000	0.0000	0.0000	0.0000	0.0000	0.0000	0.0000	0.0000	0.0000	0.0000	0.0000	0.0069	0.0002	0.0201	0.0006	0.0002	0.0026	0.0128	0.0002	0.0257	47.9872	0.0000	0.0007	11.9964	1.0003	18.8414	5.0186	0.0000	0.0000	0.0000	0.0000	0.0000	0.0000	0.0000	0.0000	0.0000	0.0013	0.0000	0.0013	0.0001	0.0000	0.0000	0.0012	0.0000	0.0012	0.0711	0.0612	0.0099	0.0172	0.0157	0.0014	0.0540	0.0455	0.0085	0.1864	0.1236	0.0628	0.0906	0.0753	0.0153	0.0958	0.0483	0.0475	0.0000	0.0000	0.0000	0.0000	0.0000	0.0000	0.0000	0.0000	0.0000	0.0069	0.0002	0.0201	0.0006	0.0002	0.0026	0.0128	0.0002	0.0257	
96	142	0.2018	5	0	0	1	1	0	0	0	0	N	N	N	N	N	N	N	N	N	N	N	N	0.0000	0.0000	0.0000	0.0000	0.0000	0.0000	0.0000	0.0000	0.0000	0.0000	0.0000	0.0000	0.0000	0.0000	0.0000	0.0000	0.0000	0.0000	0.0000	0.0000	11.9964	0.0001	18.8414	9.0026	0.0000	0.0000	0.0000	0.0000	0.0000	0.0000	0.0000	0.0000	0.0000	0.0000	0.0000	0.0000	0.0000	0.0000	0.0000	0.0000	0.0000	0.0000	0.0000	0.0000	0.0000	0.0000	0.0000	0.0000	0.0000	0.0000	0.0000	0.3294	0.1850	0.1443	0.0482	0.0423	0.0059	0.2811	0.1427	0.1384	0.0000	0.0000	0.0000	0.0000	0.0000	0.0000	0.0000	0.0000	0.0000	0.0000	0.0000	0.0000	0.0000	0.0000	0.0000	0.0000	0.0000	0.0000											
96	143	0.5505	7	0	0	1	1	0	0	0	0	N	N	N	N	N	N	N	N	N	N	N	N	0.0000	0.0000	0.0000	0.0000	0.0000	0.0000	0.0000	0.0000	0.0000	0.0000	0.0000	0.0000	0.0000	0.0000	0.0000	0.0000	0.0000	3.1994	5.0831	0.0001	0.0003	0.0003	0.0004	6.1367	12.1248	0.0000	0.0000	0.0000	-0.4584	11.9964	2.0061	18.8414	8.0425	0.0000	0.0000	0.0000	0.0000	0.0000	0.0000	0.0000	0.0000	0.0000	1.0000	1.0000	0.0000	0.0000	0.0000	0.0000	1.0000	1.0000	0.0000	0.1416	0.1213	0.0203	0.0309	0.0283	0.0026	0.1107	0.0930	0.0177	0.3126	0.2060	0.1065	0.1496	0.1236	0.0261	0.1630	0.0825	0.0805	0.0000	0.0000	0.0000	0.0000	0.0000	0.0000	0.0000	0.0000	0.0000	3.1994	4.8536	0.0001	0.0003	0.0003	0.0004	6.1367	12.1248	0.0000		
96	144	0.5414	6	0	0	0	1	0	0	0	0	N	N	N	N	N	N	N	N	N	N	N	N	0.0000	0.0000	0.0000	0.0000	0.0000	0.0000	0.0000	0.0000	0.0000	0.0000	0.0000	0.0000	0.0000	0.0000	0.0000	0.0000	0.0000	0.0000	0.0185	0.0254	0.0010	0.0357	0.0402	0.0002	0.0020	0.0027	0.0012	0.0155	0.0000	-0.0017	11.9964	1.9550	18.8414	2.1189	0.0000	0.0000	0.0000	0.0000	0.0000	0.0000	0.0000	0.0000	0.0000	0.0038	0.0037	0.0001	0.0036	0.0036	0.0000	0.0002	0.0002	0.0001	0.1491	0.1275	0.0216	0.0417	0.0375	0.0043	0.1074	0.0901	0.0173	0.2052	0.1469	0.0583	0.1001	0.0889	0.0112	0.1051	0.0580	0.0471	0.0000	0.0000	0.0000	0.0000	0.0000	0.0000	0.0000	0.0000	0.0000	0.0185	0.0254	0.0010	0.0357	0.0402	0.0002	0.0020	0.0027	0.0012	
96	145	0.5414	6	0	0	1	1	0	0	0	0	N	N	N	N	N	N	N	N	N	N	N	N	0.0000	0.0000	0.0000	0.0000	0.0000	0.0000	0.0000	0.0000	0.0000	0.0000	0.0000	0.0000	0.0000	0.0000	0.0000	0.0000	0.0000	3.9766	3.5709	4.4719	2.9416	3.4912	0.0000	4.6977	3.6873	5.7874	0.6109	0.0000	-0.2087	11.9964	2.1261	18.8414	18.6477	0.0000	0.0000	0.0000	0.0000	0.0000	0.0000	0.0000	0.0000	0.0000	2.6369	1.6369	1.0000	0.9499	0.9499	0.0000	1.6871	0.6871	1.0000	0.1611	0.1378	0.0232	0.0445	0.0400	0.0045	0.1165	0.0978	0.0187	0.6820	0.4584	0.2236	0.3229	0.2721	0.0508	0.3591	0.1863	0.1728	0.0000	0.0000	0.0000	0.0000	0.0000	0.0000	0.0000	0.0000	0.0000	3.8663	3.5709	4.4719	2.9416	3.4912	0.0000	4.6977	3.6873	5.7874		
96	146	0.2018	5	0	0	1	1	0	0	0	0	N	N	N	N	N	N	N	N	N	N	N	N	0.0000	0.0000	0.0000	0.0000	0.0000	0.0000	0.0000	0.0000	0.0000	0.0000	0.0000	0.0000	0.0000	0.0000	0.0000	0.0000	0.0000	0.0000	0.0000	0.0000	11.9964	2.0001	18.8414	5.9880	0.0000	0.0000	0.0000	0.0000	0.0000	0.0000	0.0000	0.0000	0.0000	0.0000	0.0000	0.0000	0.0000	0.0000	0.0000	0.0000	0.0000	0.0000	0.1466	0.1245	0.0220	0.0096	0.0089	0.0007	0.1369	0.1156	0.0214	0.2935	0.1648	0.1286	0.0430	0.0377	0.0053	0.2505	0.1271	0.1234	0.0000	0.0000	0.0000	0.0000	0.0000	0.0000	0.0000	0.0000	0.0000	0.0000	0.0000	0.0000	0.0000	0.0000	0.0000	0.0000	0.0000	0.0000											
96	147	0.2018	5	0	0	1	1	0	0	0	0	N	N	N	N	N	N	N	N	N	N	N	N	3.3436	4824.1752	4.8901	0.0000	0.0000	3.0581	inf	4.8334	3.1306	1.8390	10.5177	0.0000	0.0000	0.0000	3.3496	1.9805	10.8509	0.9363	0.0004	2.1508	0.0015	0.0017	0.0000	1.0953	0.0000	2.2450	1.0000	4347.8261	0.1178	0.5415	11.9964	9.0001	18.8414	23.0169	2.0000	1.0000	1.0000	0.0000	0.0000	0.0000	2.0000	1.0000	1.0000	1.0002	0.0002	1.0000	0.0002	0.0002	0.0000	1.0000	0.0000	1.0000	0.6389	0.5438	0.0951	0.0418	0.0389	0.0029	0.5971	0.5049	0.0922	1.0683	0.6034	0.4649	0.1553	0.1358	0.0195	0.9130	0.4675	0.4454	3.3436	4824.1752	4.8901	0.0000	0.0000	0.0000	3.0581	inf	4.8334	0.9363	0.0004	2.1508	0.0015	0.0017	0.0000	1.0953	0.0000	2.2450	
96	148	0.1765	4	0	0	0	1	0	0	0	0	N	N	N	N	N	N	N	N	N	N	N	N	0.4520	0.0000	4.0523	0.0000	0.0000	0.0000	1.3300	0.0000	4.2308	0.0130	0.0000	0.0859	0.0000	0.0000	0.0000	0.0139	0.0000	0.0885	0.0287	0.0345	0.0212	0.1234	0.1342	0.0286	0.0104	0.0000	0.0209	inf	0.4723	0.0011	-0.0016	11.9964	1.9990	18.8414	7.9526	0.0019	0.0000	0.0019	0.0000	0.0000	0.0000	0.0019	0.0000	0.0019	0.0116	0.0079	0.0037	0.0081	0.0079	0.0002	0.0035	0.0000	0.0035	0.1473	0.1251	0.0223	0.0096	0.0089	0.0006	0.1378	0.1161	0.0216	0.4033	0.2279	0.1753	0.0653	0.0586	0.0067	0.3380	0.1693	0.1687	0.4520	0.0000	4.0523	0.0000	0.0000	0.0000	1.3300	0.0000	4.2308	0.0287	0.0345	0.0212	0.1234	0.1342	0.0286	0.0104	0.0000	0.0209
96	149	0.1445	3	1	1	0	0	0	0	0	0	N	N	N	N	N	N	N	N	N	N	N	N	0.0021	0.0022	0.0000	2.4029	2.3134	0.0000	0.0000	0.0000	0.0000	0.0065	0.0076	0.0000	0.0614	0.0625	0.0000	0.0000	0.0000	0.0000	3.0578	3.4120	2.5351	0.0255	0.0270	0.0022	3.6906	4.6782	2.6021	0.0000	0.5036	-0.0013	-0.3720	11.9964	5.3497	18.8414	17.2225	0.0030	0.0030	0.0000	0.0030	0.0030	0.0000	0.0000	0.0000	0.0000	3.0132	2.0040	1.0091	0.0043	0.0043	0.0000	3.0088	1.9997	1.0091	0.4581	0.3891	0.0691	0.0482	0.0473	0.0009	0.4099	0.3417	0.0681	0.9854	0.5873	0.3981	0.1702	0.1599	0.0103	0.8153	0.4275	0.3878	0.0021	0.0022	0.0000	2.4029	2.3134	0.0000	0.0000	0.0000	0.0000	3.0578	3.4120	2.5351	0.0255	0.0270	0.0022	3.6906	4.6782	2.6021
96	150	0.1753	4	0	1	0	0	0	0	0	0	N	N	N	N	N	N	N	N	N	N	N	N	0.0053	0.0095	0.0000	0.1560	0.1497	0.0000	0.0000	0.0000	0.0000	0.0086	0.0099	0.0000	0.0363	0.0373	0.0000	0.0000	0.0000	0.0000	1.6134	1.0426	2.5848	0.2327	0.2494	0.0327	2.0820	1.5110	2.7271	0.0000	1.4566	-0.0016	0.2261	11.9964	3.6794	18.8414	17.4287	0.0037	0.0037	0.0000	0.0037	0.0037	0.0000	0.0000	0.0000	0.0000	1.6799	0.6838	0.9961	0.0614	0.0607	0.0007	1.6185	0.6231	0.9954	0.4274	0.3710	0.0564	0.1014	0.0986	0.0028	0.3260	0.2724	0.0536	1.0412	0.6559	0.3854	0.2638	0.2435	0.0204	0.7774	0.4124	0.3650	0.0053	0.0095	0.0000	0.1560	0.1497	0.0000	0.0000	0.0000	0.0000	1.6134	1.0426	2.5848	0.2327	0.2494	0.0327	2.0820	1.5110	2.7271
96	151	0.1445	3	0	1	0	0	0	0	0	0	N	N	N	N	N	N	N	N	N	N	N	N	0.0344	0.0173	0.2597	1.3856	1.3451	0.0000	0.0178	0.0036	0.2565	0.0204	0.0144	0.0548	0.0661	0.0670	0.0000	0.0131	0.0044	0.0555	0.5931	0.8307	0.2112	0.0477	0.0498	0.0042	0.7354	1.1987	0.2164	0.6725	0.1582	-0.0003	-0.1308	11.9964	3.4464	18.8414	10.1316	0.0066	0.0040	0.0027	0.0030	0.0030	0.0000	0.0037	0.0010	0.0027	0.4064	0.3509	0.0555	0.0068	0.0067	0.0000	0.3996	0.3442	0.0555	0.3243	0.2757	0.0486	0.0446	0.0440	0.0006	0.2796	0.2317	0.0480	0.6853	0.4224	0.2629	0.1418	0.1353	0.0065	0.5434	0.2871	0.2563	0.0344	0.0173	0.2597	1.3856	1.3451	0.0000	0.0178	0.0036	0.2565	0.5931	0.8307	0.2112	0.0477	0.0498	0.0042	0.7354	1.1987	0.2164
96	152	0.5719	9	1	1	0	0	0	0	0	0	N	N	N	N	N	N	N	N	N	N	N	N	inf	inf	inf	inf	0.0113	0.0131	0.0000	0.0000	0.0000	0.0000	0.0150	0.0179	0.0000	0.0000	0.0000	0.0000	0.0000	0.0000	0.0000	0.0000	0.0000	0.0000	0.0000	-0.0004	0.0000	11.9964	1.0143	18.8414	12.0086	0.0008	0.0008	0.0000	0.0000	0.0000	0.0000	0.0008	0.0008	0.0000	0.0000	0.0000	0.0000	0.0000	0.0000	0.0000	0.0000	0.0000	0.0000	0.0736	0.0634	0.0103	0.0184	0.0169	0.0015	0.0553	0.0465	0.0088	0.3876	0.2566	0.1311	0.1870	0.1550	0.0320	0.2006	0.1016	0.0990	inf	inf	0.0000	0.0000	0.0000	0.0000	inf	inf	0.0000	0.0000	0.0000	0.0000	0.0000	0.0000	0.0000	0.0000	0.0000	0.0000						
96	153	0.5696	8	1	1	0	0	0	0	0	0	N	N	N	N	N	N	N	N	N	N	N	N	37.3763	inf	0.0000	inf	inf	0.0000	0.0000	0.0118	0.0137	0.0000	0.0485	0.0528	0.0000	0.0000	0.0000	0.0000	0.0003	0.0000	0.0009	0.0000	0.0000	0.0000	0.0006	0.0000	0.0012	0.0000	inf	-0.0004	0.0000	11.9964	0.9811	18.8414	0.0216	0.0008	0.0008	0.0000	0.0008	0.0008	0.0000	0.0000	0.0000	0.0000	0.0000	0.0000	0.0000	0.0000	0.0000	0.0000	0.0000	0.0000	0.0000	0.0704	0.0605	0.0098	0.0171	0.0157	0.0014	0.0533	0.0448	0.0085	0.0317	0.0210	0.0107	0.0155	0.0129	0.0026	0.0162	0.0081	0.0081	37.3763	inf	0.0000	inf	inf	0.0000	0.0000	0.0000	0.0000	0.0003	0.0000	0.0009	0.0000	0.0000	0.0000	0.0006	0.0000	0.0012		
96	154	0.5651	7	1	1	0	0	0	0	0	0	N	N	N	N	N	N	N	N	N	N	N	N	0.0000	0.0000	0.0000	0.0000	0.0000	0.0000	0.0000	0.0000	0.0000	0.0000	0.0000	0.0000	0.0000	0.0000	0.0000	0.0000	0.0000	0.0000	0.0200	0.0008	0.0580	0.0021	0.0010	0.0077	0.0371	0.0006	0.0739	34.7633	0.0000	0.0007	11.9964	0.0083	18.8414	2.0001	0.0000	0.0000	0.0000	0.0000	0.0000	0.0000	0.0000	0.0000	0.0000	0.0013	0.0000	0.0013	0.0001	0.0000	0.0000	0.0012	0.0000	0.0012	0.0007	0.0006	0.0001	0.0002	0.0002	0.0000	0.0005	0.0004	0.0001	0.0648	0.0431	0.0217	0.0317	0.0265	0.0052	0.0332	0.0167	0.0165	0.0000	0.0000	0.0000	0.0000	0.0000	0.0000	0.0000	0.0000	0.0000	0.0200	0.0008	0.0580	0.0021	0.0010	0.0077	0.0371	0.0006	0.0739	
96	155	0.5414	6	0	1	0	0	0	0	0	0	N	N	N	N	N	N	N	N	N	N	N	N	0.0000	0.0000	0.0000	0.0000	0.0000	0.0000	0.0000	0.0000	0.0000	0.0000	0.0000	0.0000	0.0000	0.0000	0.0000	0.0000	0.0000	0.0000	2.5545	0.0059	11.5521	0.0081	0.0087	0.0042	4.9024	0.0018	14.1659	626.9709	0.0000	0.5392	11.9964	2.9180	18.8414	7.4065	0.0000	0.0000	0.0000	0.0000	0.0000	0.0000	0.0000	0.0000	0.0000	0.9984	0.0016	0.9968	0.0015	0.0014	0.0001	0.9969	0.0002	0.9967	0.2161	0.1853	0.0309	0.0575	0.0519	0.0056	0.1586	0.1333	0.0253	0.3908	0.2682	0.1226	0.1875	0.1608	0.0267	0.2033	0.1074	0.0959	0.0000	0.0000	0.0000	0.0000	0.0000	0.0000	0.0000	0.0000	0.0000	2.5545	0.0059	8.1272	0.0081	0.0087	0.0042	4.9024	0.0018	10.3921	
96	156	0.4756	5	0	0	0	0	0	0	0	0	N	N	N	N	N	N	N	N	N	N	N	N	0.0620	0.3266	0.0000	1.4091	1.3960	0.0000	0.0002	0.0012	0.0000	0.0209	0.0238	0.0000	0.0638	0.0676	0.0000	0.0001	0.0001	0.0000	0.3376	0.0729	0.8861	0.0453	0.0484	0.0257	0.6247	0.1149	1.1181	0.0000	5.8654	-0.0079	0.1576	11.9964	8.2479	18.8414	19.7214	0.0179	0.0179	0.0000	0.0179	0.0179	0.0000	0.0001	0.0001	0.0000	0.3980	0.0580	0.3400	0.0264	0.0243	0.0021	0.3715	0.0336	0.3379	0.8571	0.7528	0.1043	0.2800	0.2641	0.0159	0.5771	0.4888	0.0884	1.1786	0.7950	0.3837	0.5840	0.5025	0.0815	0.5947	0.2925	0.3022	0.0620	0.3266	0.0000	1.4091	1.3960	0.0000	0.0002	0.0012	0.0000	0.3376	0.0729	0.8861	0.0453	0.0484	0.0257	0.6247	0.1149	1.1181
96	157	0.4395	4	0	0	0	0	0	0	0	0	N	N	N	N	N	N	N	N	N	N	N	N	0.0691	0.0490	0.2478	0.4142	0.3705	1.3108	0.0149	0.0024	0.1850	0.0871	0.0759	0.1588	0.2569	0.2583	0.2381	0.0292	0.0076	0.1464	1.2599	1.5482	0.6409	0.6201	0.6972	0.1816	1.9657	3.1556	0.7915	0.3258	0.1928	-0.0110	-0.4352	11.9964	7.4725	18.8414	14.3153	0.0561	0.0423	0.0138	0.0420	0.0392	0.0028	0.0141	0.0031	0.0110	1.4665	1.2295	0.2370	0.3786	0.3620	0.0166	1.0879	0.8674	0.2205	0.6443	0.5575	0.0868	0.1637	0.1519	0.0117	0.4806	0.4056	0.0751	1.1639	0.7941	0.3698	0.6105	0.5192	0.0913	0.5534	0.2749	0.2785	0.0691	0.0490	0.2478	0.4142	0.3705	1.3108	0.0149	0.0024	0.1850	1.2599	1.5482	0.6409	0.6201	0.6972	0.1816	1.9657	3.1556	0.7915
96	158	0.3740	3	0	0	0	0	0	0	0	0	N	N	N	N	N	N	N	N	N	N	N	N	0.9115	0.8665	0.2801	7.5304	7.2259	0.1288	0.0247	0.0039	0.2577	1.1203	1.2584	0.2076	5.3124	5.6029	0.0304	0.0422	0.0098	0.2233	1.2291	1.4523	0.7413	0.7055	0.7754	0.2357	1.7130	2.5081	0.8663	0.0250	0.2335	-0.4480	-0.5498	11.9964	11.6653	18.8414	19.4910	1.0751	1.0489	0.0262	1.0428	1.0425	0.0003	0.0322	0.0064	0.0259	2.0435	1.6566	0.3869	0.5633	0.5390	0.0244	1.4802	1.1177	0.3625	0.9597	0.8335	0.1261	0.1963	0.1861	0.0102	0.7634	0.6475	0.1159	1.6626	1.1407	0.5219	0.7985	0.6951	0.1035	0.8641	0.4456	0.4184	0.9115	0.8665	0.2801	7.5304	7.2259	0.1288	0.0247	0.0039	0.2577	1.2291	1.4523	0.7413	0.7055	0.7754	0.2357	1.7130	2.5081	0.8663
96	159	0.3267	2	0	0	0	0	0	0	0	0	N	N	N	N	N	N	N	N	N	N	N	N	0.2991	0.3894	0.3484	1.2182	1.2843	0.1553	0.0936	0.0269	0.3301	0.3928	0.3294	0.8174	1.2931	1.3443	0.1811	0.1451	0.0141	0.8675	1.3131	0.8459	2.3463	1.0615	1.0468	1.1659	1.5499	0.5222	2.6284	0.3705	1.2543	-0.0451	0.2222	11.9964	7.3933	18.8414	20.5306	0.2642	0.1928	0.0714	0.1876	0.1865	0.0012	0.0765	0.0063	0.0703	2.2673	1.0058	1.2615	0.8889	0.7680	0.1209	1.3784	0.2378	1.1406	0.6726	0.5852	0.0874	0.1451	0.1387	0.0064	0.5275	0.4465	0.0810	1.7267	1.1890	0.5377	0.8374	0.7337	0.1037	0.8893	0.4554	0.4340	0.2991	0.3894	0.3484	1.2182	1.2843	0.1553	0.0936	0.0269	0.3301	1.3131	0.8459	2.3463	1.0615	1.0468	1.1659	1.5499	0.5222	2.6284
96	161	0.1951	7	1	1	0	0	0	0	0	0	N	N	N	N	N	N	N	N	N	N	N	N	0.0000	0.0000	0.0000	0.0000	0.0000	0.0000	0.0000	0.0000	0.0000	0.0000	0.0000	0.0000	0.0000	0.0382	0.0679	0.0000	0.2789	0.3147	0.0000	0.0000	0.0000	0.0000	0.0000	0.0000	-0.0020	11.9964	0.0002	18.8414	3.0099	0.0000	0.0000	0.0000	0.0000	0.0000	0.0000	0.0000	0.0000	0.0000	0.0044	0.0044	0.0000	0.0044	0.0044	0.0000	0.0000	0.0000	0.0000	0.0000	0.0000	0.0000	0.0000	0.0000	0.0000	0.0000	0.0000	0.0000	0.1158	0.0653	0.0505	0.0159	0.0141	0.0018	0.0999	0.0512	0.0487	0.0000	0.0000	0.0000	0.0000	0.0000	0.0000	0.0000	0.0000	0.0000	0.0382	0.0679	0.0000	0.2789	0.3147	0.0000	0.0000	0.0000	0.0000						
96	162	0.1874	6	1	1	0	0	0	0	0	0	N	N	N	N	N	N	N	N	N	N	N	N	0.0000	0.0000	0.0000	0.0000	0.0000	0.0000	0.0000	0.0000	0.0000	0.0000	0.0000	0.0000	0.0000	0.0000	0.0000	0.0000	0.0000	0.0410	0.0054	0.0857	0.0152	0.0174	0.0000	0.0448	0.0024	0.0888	12.7101	0.0000	0.0022	11.9964	0.9998	18.8414	2.0118	0.0000	0.0000	0.0000	0.0000	0.0000	0.0000	0.0000	0.0000	0.0000	0.0046	0.0003	0.0043	0.0002	0.0002	0.0000	0.0044	0.0001	0.0043	0.0736	0.0624	0.0111	0.0046	0.0043	0.0003	0.0690	0.0582	0.0108	0.1133	0.0630	0.0503	0.0144	0.0126	0.0018	0.0989	0.0504	0.0485	0.0000	0.0000	0.0000	0.0000	0.0000	0.0000	0.0000	0.0000	0.0000	0.0410	0.0054	0.0857	0.0152	0.0174	0.0000	0.0448	0.0024	0.0888		
96	163	0.1874	5	1	1	0	0	0	0	0	0	N	N	N	N	N	N	N	N	N	N	N	N	0.0000	0.0000	0.0000	0.0000	0.0000	0.0000	0.0000	0.0000	0.0000	0.0000	0.0000	0.0000	0.0000	0.0000	0.0000	0.0000	12.6685	3.4755	79.1542	13.0592	11.1708	0.0000	9.5765	0.0000	60.4214	2.2003	0.0000	0.0001	11.9964	0.0000	18.8414	0.0003	0.0000	0.0000	0.0000	0.0000	0.0000	0.0000	0.0000	0.0000	0.0000	0.0003	0.0001	0.0002	0.0001	0.0001	0.0000	0.0002	0.0000	0.0002	0.0000	0.0000	0.0000	0.0000	0.0000	0.0000	0.0000	0.0000	0.0000	0.0000	0.0000	0.0000	0.0000	0.0000	0.0000	0.0000	0.0000	0.0000	0.0000	0.0000	0.0000	0.0000	0.0000	0.0000	0.0000	0.0000	0.0000	8.7511	3.4755	28.2189	7.3560	7.4635	0.0000	9.5765	0.0000	28.9458			
96	164	0.1765	4	0	1	0	0	0	0	0	0	N	N	N	N	N	N	N	N	N	N	N	N	23.5783	0.0000	176.5959	0.0000	0.0000	0.0000	94.0063	0.0000	179.6563	1.3507	0.0000	7.7762	0.0000	0.0000	0.0000	2.1033	0.0000	7.8601	0.0573	0.0671	0.0440	0.1929	0.2071	0.0502	0.0224	0.0000	0.0438	inf	0.4850	0.0011	-0.0015	11.9964	0.0063	18.8414	4.3641	0.0019	0.0000	0.0019	0.0000	0.0000	0.0000	0.0019	0.0000	0.0019	0.0117	0.0079	0.0038	0.0081	0.0079	0.0002	0.0036	0.0000	0.0036	0.0014	0.0012	0.0002	0.0005	0.0005	0.0000	0.0009	0.0007	0.0002	0.2041	0.1173	0.0867	0.0418	0.0380	0.0038	0.1623	0.0794	0.0829	23.5783	0.0000	176.5959	0.0000	0.0000	0.0000	94.0063	0.0000	179.6563	0.0573	0.0671	0.0440	0.1929	0.2071	0.0502	0.0224	0.0000	0.0438
96	165	0.1445	3	0	0	0	0	0	0	0	0	N	N	N	N	N	N	N	N	N	N	N	N	3.1169	0.0000	12.8699	0.0000	0.0000	0.0000	4.7522	0.0000	12.6994	7.7089	0.0000	51.8451	0.0001	0.0001	0.0000	9.2424	0.0000	52.4429	2.4733	1.5210	4.0284	4.4234	4.6254	0.0215	1.9449	0.0012	4.1296	407855.7043	1.6218	1.1130	0.2573	11.9964	2.5207	18.8414	10.0226	1.9915	0.0000	1.9915	0.0000	0.0000	0.0000	1.9915	0.0000	1.9915	1.6059	0.6125	0.9934	0.6123	0.6122	0.0001	0.9936	0.0003	0.9933	0.2583	0.2199	0.0384	0.0429	0.0424	0.0004	0.2155	0.1775	0.0380	0.6493	0.4027	0.2466	0.1384	0.1324	0.0061	0.5109	0.2704	0.2405	3.1169	0.0000	12.8699	0.0000	0.0000	0.0000	4.7522	0.0000	12.6994	2.4733	1.5210	4.0284	4.4234	4.6254	0.0215	1.9449	0.0012	4.1296
96	166	0.1290	2	0	0	0	0	0	0	0	0	N	N	N	N	N	N	N	N	N	N	N	N	0.0209	0.0932	0.0297	0.0858	0.2806	0.0000	0.0156	0.8288	0.0357	0.0235	0.0123	0.0853	0.0890	0.0901	0.0000	0.0181	0.0047	0.0859	1.1284	0.1319	2.8683	1.0370	0.3210	29.8253	1.1614	0.0056	2.4064	1.2613	12.4543	0.0006	0.2648	11.9964	2.6894	18.8414	4.6619	0.0053	0.0023	0.0030	0.0015	0.0015	0.0000	0.0038	0.0008	0.0030	0.5667	0.0421	0.5246	0.1379	0.0410	0.0969	0.4288	0.0011	0.4277	0.2253	0.1906	0.0346	0.0172	0.0170	0.0002	0.2080	0.1736	0.0344	0.5022	0.3193	0.1829	0.1330	0.1278	0.0052	0.3692	0.1915	0.1777	0.0209	0.0932	0.0297	0.0858	0.2806	0.0000	0.0156	0.8288	0.0357	1.1284	0.1319	2.8683	1.0370	0.3210	18.7841	1.1614	0.0056	2.4064
98	99	0.1452	5	1	2	1	0	0	0	0	0	N	Y	N	N	N	N	N	N	N	N	N	N	0.0000	0.0000	0.0000	0.0000	0.0000	0.0000	0.0000	0.0000	0.0000	0.0000	0.0000	0.0000	0.0000	0.0000	0.0000	0.0000	0.0000	0.0000	0.5419	0.0061	1.3648	1.7391	0.0146	9.4362	0.0125	0.0001	0.0256	145.5032	0.0000	0.1802	0.9502	11.9964	16.1595	15.6499	0.0000	0.0000	0.0000	0.0000	0.0000	0.0000	0.0000	0.0000	0.0000	0.3370	0.0023	0.3347	0.3315	0.0023	0.3293	0.0054	0.0000	0.0054	0.0834	0.0717	0.0117	0.0127	0.0121	0.0005	0.0707	0.0596	0.0111	0.6218	0.3766	0.2452	0.1906	0.1558	0.0349	0.4311	0.2208	0.2103	0.0000	0.0000	0.0000	0.0000	0.0000	0.0000	0.0000	0.0000	0.0000	0.5419	0.0061	1.3648	1.7391	0.0146	9.4362	0.0125	0.0001	0.0256	
98	100	0.0437	2	2	1	2	0	0	0	0	0	Y	N	Y	N	N	N	N	N	N	N	N	N	0.0575	0.1242	0.0000	0.7094	0.6880	0.0000	0.0000	0.0000	0.0000	0.1167	0.1384	0.0000	1.4511	1.4560	0.0000	0.0000	0.0000	0.0000	2.0286	1.1146	3.1595	2.0454	2.1164	0.0004	2.0234	0.4163	3.2162	0.0000	2.2910	-0.0004	0.2897	0.9502	1.0008	16.1595	13.9255	0.0010	0.0010	0.0000	0.0010	0.0010	0.0000	0.0000	0.0000	0.0000	1.2185	0.3703	0.8482	0.2888	0.2888	0.0000	0.9297	0.0815	0.8482	0.0083	0.0070	0.0013	0.0007	0.0007	0.0000	0.0076	0.0063	0.0013	0.6007	0.3322	0.2685	0.1412	0.1364	0.0047	0.4595	0.1957	0.2637	0.0575	0.1242	0.0000	0.7094	0.6880	0.0000	0.0000	0.0000	0.0000	2.0286	1.1146	3.1595	2.0454	2.1164	0.0004	2.0234	0.4163	3.2162
98	104	0.1775	6	1	2	1	0	0	0	0	0	N	Y	N	N	N	N	N	N	N	N	N	N	0.0000	0.0000	0.0000	0.0000	0.0000	0.0000	0.0000	0.0000	0.0000	0.0000	0.0000	0.0000	0.0000	0.0000	0.0000	0.0000	0.0000	0.0000	0.7641	1.2211	0.0244	2.1182	2.5083	0.1548	0.0496	0.0971	0.0014	0.0124	0.0000	-0.3137	0.9502	8.9557	16.1595	32.3127	0.0000	0.0000	0.0000	0.0000	0.0000	0.0000	0.0000	0.0000	0.0000	0.7031	0.6945	0.0086	0.6732	0.6651	0.0082	0.0299	0.0295	0.0004	0.0801	0.0693	0.0108	0.0234	0.0219	0.0016	0.0566	0.0474	0.0092	0.9202	0.5688	0.3514	0.3178	0.2651	0.0527	0.6023	0.3036	0.2987	0.0000	0.0000	0.0000	0.0000	0.0000	0.0000	0.0000	0.0000	0.0000	0.7641	1.2211	0.0244	2.1182	2.5083	0.1548	0.0496	0.0971	0.0014	
98	105	0.2029	7	1	1	2	0	0	0	0	0	N	N	Y	N	N	N	N	N	N	N	N	N	0.0000	0.0000	0.0000	0.0000	0.0000	0.0000	0.0000	0.0000	0.0000	0.0000	0.0000	0.0000	0.0000	0.0000	0.0000	0.0000	0.0000	0.0000	0.0555	0.0839	0.0072	0.0039	0.0027	0.0093	0.0867	0.1633	0.0068	0.0506	0.0000	-0.0067	0.9502	4.2679	16.1595	7.8415	0.0000	0.0000	0.0000	0.0000	0.0000	0.0000	0.0000	0.0000	0.0000	0.0164	0.0156	0.0008	0.0004	0.0002	0.0002	0.0160	0.0154	0.0006	0.0368	0.0314	0.0054	0.0082	0.0079	0.0003	0.0286	0.0235	0.0051	0.2955	0.1862	0.1093	0.1113	0.0920	0.0192	0.1843	0.0941	0.0901	0.0000	0.0000	0.0000	0.0000	0.0000	0.0000	0.0000	0.0000	0.0000	0.0555	0.0839	0.0072	0.0039	0.0027	0.0093	0.0867	0.1633	0.0068	
98	106	0.1775	6	1	1	1	0	0	0	0	0	N	N	N	N	N	N	N	N	N	N	N	N	0.0000	0.0000	0.0000	0.0000	0.0000	0.0000	0.0000	0.0000	0.0000	0.0000	0.0000	0.0000	0.0000	0.0000	0.0000	0.0000	0.0000	0.0000	0.6172	0.1349	1.4422	0.1400	0.0201	0.9628	0.9465	0.2838	1.5207	6.2523	0.0000	0.0943	0.9502	1.9301	16.1595	9.0954	0.0000	0.0000	0.0000	0.0000	0.0000	0.0000	0.0000	0.0000	0.0000	0.2335	0.0322	0.2013	0.0216	0.0027	0.0189	0.2118	0.0295	0.1824	0.0281	0.0246	0.0035	0.0144	0.0132	0.0012	0.0137	0.0113	0.0023	0.3782	0.2387	0.1396	0.1544	0.1348	0.0196	0.2238	0.1039	0.1199	0.0000	0.0000	0.0000	0.0000	0.0000	0.0000	0.0000	0.0000	0.0000	0.6172	0.1349	1.4422	0.1400	0.0201	0.9628	0.9465	0.2838	1.5207	
98	107	0.1452	5	1	1	1	0	0	0	0	0	N	N	N	N	N	N	N	N	N	N	N	N	0.0000	0.0000	0.0000	0.0000	0.0000	0.0000	0.0000	0.0000	0.0000	0.0000	0.0000	0.0000	0.0000	0.0000	0.0000	0.0000	0.0000	0.0000	2.9347	4.5075	0.4491	0.6259	0.1662	2.8517	4.0976	8.1070	0.0318	0.0630	0.0000	-0.4150	0.9502	3.9049	16.1595	9.6098	0.0000	0.0000	0.0000	0.0000	0.0000	0.0000	0.0000	0.0000	0.0000	1.0400	0.9783	0.0617	0.0743	0.0163	0.0580	0.9657	0.9619	0.0037	0.0283	0.0243	0.0040	0.0044	0.0042	0.0002	0.0239	0.0201	0.0038	0.3544	0.2170	0.1373	0.1187	0.0984	0.0203	0.2357	0.1187	0.1170	0.0000	0.0000	0.0000	0.0000	0.0000	0.0000	0.0000	0.0000	0.0000	2.9347	4.5075	0.4491	0.6259	0.1662	2.8517	4.0976	8.1070	0.0318	
98	108	0.1663	7	1	2	1	0	0	0	0	0	N	Y	N	N	N	N	N	N	N	N	N	N	0.0000	0.0000	0.0000	0.0000	0.0000	0.0000	0.0000	0.0000	0.0000	0.0000	0.0000	0.0000	0.0000	0.0000	0.0000	0.0000	0.0000	0.0000	0.0668	0.0719	0.0582	0.1325	0.1612	0.0042	0.0328	0.0001	0.0689	0.4856	0.0000	-0.0063	0.9502	8.0392	16.1595	22.6195	0.0000	0.0000	0.0000	0.0000	0.0000	0.0000	0.0000	0.0000	0.0000	0.0476	0.0321	0.0156	0.0322	0.0320	0.0002	0.0154	0.0000	0.0154	0.0619	0.0534	0.0085	0.0126	0.0120	0.0006	0.0494	0.0414	0.0080	0.7132	0.4455	0.2677	0.2432	0.1987	0.0444	0.4701	0.2468	0.2232	0.0000	0.0000	0.0000	0.0000	0.0000	0.0000	0.0000	0.0000	0.0000	0.0668	0.0719	0.0582	0.1325	0.1612	0.0042	0.0328	0.0001	0.0689	
98	109	0.1663	6	1	1	1	0	0	0	0	0	N	N	N	N	N	N	N	N	N	N	N	N	0.0000	0.0000	0.0000	0.0000	0.0000	0.0000	0.0000	0.0000	0.0000	0.0000	0.0000	0.0000	0.0000	0.0000	0.0000	0.0000	0.0000	0.0000	0.3857	0.2572	0.7808	0.8101	0.4495	5.0353	0.0150	0.0033	0.0332	0.9867	0.0000	0.0025	0.9502	0.2031	16.1595	2.0398	0.0000	0.0000	0.0000	0.0000	0.0000	0.0000	0.0000	0.0000	0.0000	0.0645	0.0325	0.0320	0.0632	0.0323	0.0309	0.0013	0.0002	0.0012	0.0036	0.0030	0.0006	0.0013	0.0013	0.0000	0.0023	0.0017	0.0006	0.1673	0.1262	0.0410	0.0780	0.0718	0.0061	0.0893	0.0544	0.0349	0.0000	0.0000	0.0000	0.0000	0.0000	0.0000	0.0000	0.0000	0.0000	0.3857	0.2572	0.7808	0.8101	0.4495	5.0353	0.0150	0.0033	0.0332	
98	110	0.7469	12	2	1	2	0	0	0	0	0	Y	N	Y	N	N	N	N	N	N	N	N	N	0.0000	0.0000	0.0000	0.0000	0.0000	0.0000	0.0000	0.0000	0.0000	0.0000	0.0000	0.0000	0.0000	0.0000	0.0000	0.0000	0.0000	0.0000	0.0000	0.0000	0.9502	0.0001	16.1595	0.0001	0.0000	0.0000	0.0000	0.0000	0.0000	0.0000	0.0000	0.0000	0.0000	0.0000	0.0000	0.0000	0.0000	0.0000	0.0000	0.0000	0.0000	0.0000	0.0007	0.0005	0.0001	0.0003	0.0003	0.0000	0.0003	0.0002	0.0001	0.0001	0.0001	0.0000	0.0000	0.0000	0.0000	0.0000	0.0000	0.0000	0.0000	0.0000	0.0000	0.0000	0.0000	0.0000	0.0000	0.0000	0.0000	0.0000	0.0000	0.0000	0.0000	0.0000	0.0000	0.0000	0.0000	0.0000											
98	111	0.7330	11	2	1	2	0	0	0	0	0	Y	N	Y	N	N	N	N	N	N	N	N	N	0.0077	0.0083	0.0000	0.0219	0.0188	0.0000	0.0000	0.0000	0.0000	0.0000	0.0000	0.0000	0.0000	0.0000	0.0000	0.0000	0.0000	0.0015	0.0016	0.0013	0.0017	0.0020	0.0004	0.0011	0.0000	0.0025	0.0000	0.3217	-0.0000	-0.0000	0.9502	1.6718	16.1595	2.9223	0.0000	0.0000	0.0000	0.0000	0.0000	0.0000	0.0000	0.0000	0.0000	0.0002	0.0002	0.0000	0.0002	0.0002	0.0000	0.0000	0.0000	0.0000	0.0121	0.0106	0.0015	0.0039	0.0036	0.0002	0.0082	0.0069	0.0013	0.1334	0.0950	0.0384	0.0971	0.0741	0.0230	0.0362	0.0209	0.0154	0.0077	0.0083	0.0000	0.0219	0.0188	0.0000	0.0000	0.0000	0.0000	0.0015	0.0016	0.0013	0.0017	0.0020	0.0004	0.0011	0.0000	0.0025	
98	112	0.6495	10	2	1	2	0	0	0	0	0	Y	N	Y	N	N	N	N	N	N	N	N	N	0.1929	0.1555	0.0000	0.3600	0.3016	0.0000	0.0000	0.0000	0.0000	0.0100	0.0114	0.0000	0.0290	0.0309	0.0000	0.0000	0.0000	0.0000	0.0517	0.0730	0.0009	0.0806	0.1024	0.0019	0.0001	0.0001	0.0000	0.0000	0.0053	-0.0004	-0.0103	0.9502	14.0283	16.1595	7.1084	0.0009	0.0009	0.0000	0.0009	0.0009	0.0000	0.0000	0.0000	0.0000	0.0228	0.0226	0.0001	0.0227	0.0226	0.0001	0.0000	0.0000	0.0000	0.0929	0.0816	0.0113	0.0320	0.0300	0.0019	0.0610	0.0516	0.0093	0.4401	0.3101	0.1300	0.2824	0.2210	0.0613	0.1578	0.0891	0.0687	0.1929	0.1555	0.0000	0.3600	0.3016	0.0000	0.0000	0.0000	0.0000	0.0517	0.0730	0.0009	0.0806	0.1024	0.0019	0.0001	0.0001	0.0000
98	113	0.5892	9	1	1	1	0	0	0	0	0	N	N	N	N	N	N	N	N	N	N	N	N	0.0000	0.0035	0.0001	0.0053	0.0063	0.0006	0.0000	0.0000	0.0000	0.0001	0.0000	0.0005	0.0001	0.0001	0.0000	0.0001	0.0000	0.0007	2.0944	0.0124	8.7443	0.0179	0.0160	0.0261	5.3131	0.0042	18.5829	1.7031	237.1695	0.0000	0.4946	0.9502	8.6129	16.1595	5.1709	0.0000	0.0000	0.0000	0.0000	0.0000	0.0000	0.0000	0.0000	0.0000	0.9204	0.0039	0.9165	0.0048	0.0035	0.0013	0.9156	0.0004	0.9152	0.0835	0.0737	0.0098	0.0335	0.0315	0.0021	0.0499	0.0422	0.0077	0.4395	0.3116	0.1278	0.2671	0.2166	0.0505	0.1723	0.0950	0.0773	0.0000	0.0035	0.0001	0.0053	0.0063	0.0006	0.0000	0.0000	0.0001	2.0944	0.0124	7.1695	0.0179	0.0160	0.0261	5.3131	0.0042	11.8347
98	114	0.4941	8	1	1	1	0	0	0	0	0	N	N	N	N	N	N	N	N	N	N	N	N	0.0482	0.0381	0.1185	0.0494	0.2311	0.0050	0.0399	0.0000	0.1642	0.0106	0.0030	0.0652	0.0079	0.0082	0.0034	0.0120	0.0000	0.0784	0.2208	0.0775	0.5499	0.1598	0.0355	0.6751	0.3018	0.1592	0.4776	3.1080	3.0863	0.0004	0.0587	0.9502	16.8607	16.1595	22.7724	0.0014	0.0003	0.0010	0.0003	0.0003	0.0000	0.0010	0.0000	0.0010	0.1978	0.0484	0.1494	0.0817	0.0146	0.0671	0.1160	0.0338	0.0823	0.1283	0.1125	0.0158	0.0433	0.0405	0.0028	0.0850	0.0720	0.0130	0.8957	0.6240	0.2716	0.5112	0.4118	0.0994	0.3844	0.2122	0.1722	0.0482	0.0381	0.1185	0.0494	0.2311	0.0050	0.0399	0.0000	0.1642	0.2208	0.0775	0.5499	0.1598	0.0355	0.6751	0.3018	0.1592	0.4776
98	115	0.1216	5	2	1	2	0	0	0	0	0	Y	N	Y	N	N	N	N	N	N	N	N	N	0.0000	0.0000	0.0000	0.0000	0.0000	0.0000	0.0000	0.0000	0.0000	0.0000	0.0000	0.0000	0.0000	0.0000	0.0000	0.0000	0.0000	0.0000	0.0022	0.0000	0.0061	0.0011	0.0000	0.0135	0.0027	0.0000	0.0055	3830.5067	0.0000	0.0002	0.9502	1.0009	16.1595	4.0038	0.0000	0.0000	0.0000	0.0000	0.0000	0.0000	0.0000	0.0000	0.0000	0.0004	0.0000	0.0004	0.0001	0.0000	0.0001	0.0003	0.0000	0.0003	0.0111	0.0086	0.0025	0.0029	0.0028	0.0001	0.0083	0.0058	0.0024	0.1808	0.1152	0.0657	0.0584	0.0537	0.0047	0.1225	0.0615	0.0610	0.0000	0.0000	0.0000	0.0000	0.0000	0.0000	0.0000	0.0000	0.0000	0.0022	0.0000	0.0061	0.0011	0.0000	0.0135	0.0027	0.0000	0.0055	
98	116	0.0933	4	2	1	2	0	0	0	0	0	Y	N	Y	N	N	N	N	N	N	N	N	N	2.2634	102.3223	0.0249	29.4329	156.8625	0.1289	0.0076	0.0037	0.0213	0.7141	0.8225	0.0204	2.9866	3.0502	0.0900	0.0030	0.0000	0.0177	0.3155	0.0080	0.8201	0.1015	0.0194	0.6986	0.3961	0.0008	0.8317	0.0039	62.1696	-0.0063	0.0628	0.9502	1.8441	16.1595	10.4794	0.0145	0.0144	0.0001	0.0145	0.0144	0.0000	0.0000	0.0000	0.0000	0.1194	0.0019	0.1175	0.0105	0.0018	0.0087	0.1089	0.0001	0.1088	0.0203	0.0176	0.0027	0.0048	0.0047	0.0001	0.0155	0.0128	0.0026	0.3785	0.2351	0.1433	0.1035	0.0910	0.0125	0.2750	0.1442	0.1308	2.2634	102.3223	0.0249	29.4329	156.8625	0.1289	0.0076	0.0037	0.0213	0.3155	0.0080	0.8201	0.1015	0.0194	0.6986	0.3961	0.0008	0.8317
98	117	0.3813	6	1	2	1	1	0	0	0	0	N	Y	N	N	N	N	N	N	N	N	N	N	0.0035	0.0000	0.0161	0.1032	0.0000	2.0769	0.0001	0.0000	0.0004	0.0066	0.0000	0.0550	0.0172	0.0000	0.2840	0.0003	0.0000	0.0020	1.9120	1.2723	3.4187	0.1671	0.1732	0.1368	4.0111	3.2970	4.8633	268891.8333	1.1407	0.0004	0.1358	0.9502	10.5071	16.1595	20.2622	0.0006	0.0000	0.0006	0.0006	0.0000	0.0006	0.0000	0.0000	0.0000	1.8229	0.8516	0.9714	0.0870	0.0751	0.0119	1.7359	0.7764	0.9595	0.0975	0.0858	0.0117	0.0363	0.0341	0.0022	0.0612	0.0517	0.0095	0.9534	0.6693	0.2841	0.5206	0.4338	0.0868	0.4328	0.2355	0.1973	0.0035	0.0000	0.0161	0.1032	0.0000	2.0769	0.0001	0.0000	0.0004	1.9120	1.2723	3.4187	0.1671	0.1732	0.1368	4.0111	3.2970	4.8633
98	118	0.1452	5	1	2	1	1	0	0	0	0	N	Y	N	N	N	N	N	N	N	N	N	N	0.0000	0.0000	0.0000	0.0000	0.0000	0.0000	0.0000	0.0000	0.0000	0.0000	0.0000	0.0000	0.0000	0.0000	0.0000	0.0000	0.0000	4.9030	4.7410	3.7725	4.4793	5.4911	0.0000	4.2821	4.1749	4.3951	0.5224	0.0000	-0.3359	0.9502	4.0036	16.1595	26.5072	0.0000	0.0000	0.0000	0.0000	0.0000	0.0000	0.0000	0.0000	0.0000	2.9147	1.9145	1.0001	0.9129	0.9129	0.0000	2.0018	1.0017	1.0001	0.0289	0.0248	0.0041	0.0044	0.0043	0.0002	0.0245	0.0206	0.0039	0.6713	0.4062	0.2651	0.2038	0.1662	0.0376	0.4675	0.2399	0.2276	0.0000	0.0000	0.0000	0.0000	0.0000	0.0000	0.0000	0.0000	0.0000	4.3419	4.7136	3.7725	4.4793	5.4911	0.0000	4.2821	4.1749	4.3951		
98	119	0.1836	6	1	2	1	0	0	0	0	0	N	Y	N	N	N	N	N	N	N	N	N	N	0.1149	0.0000	10432.2559	0.0496	0.0000	17571.0599	0.5060	0.0000	21.1386	0.3681	0.0000	2.5882	1.0857	0.0000	11.0410	0.0007	0.0000	0.0040	3.2036	5.4561	0.0002	21.8870	24.3994	0.0006	0.0013	0.0023	0.0002	inf	0.0000	0.0095	-0.9218	0.9502	3.8169	16.1595	21.2433	0.0170	0.0000	0.0170	0.0170	0.0000	0.0170	0.0000	0.0000	0.0000	2.0111	2.0110	0.0001	2.0105	2.0105	0.0000	0.0005	0.0005	0.0000	0.0463	0.0397	0.0066	0.0157	0.0141	0.0015	0.0306	0.0256	0.0050	0.6278	0.3941	0.2337	0.2038	0.1720	0.0318	0.4239	0.2221	0.2019	0.1149	0.0000	10432.2559	0.1101	0.0000	17571.0599	0.5060	0.0000	21.1386	3.2036	5.1030	0.0002	9.8644	11.6874	0.0006	0.0013	0.0023	0.0002
98	120	0.5293	10	1	2	1	0	0	0	0	0	N	Y	N	N	N	N	N	N	N	N	N	N	203.1503	178.2291	0.0000	333.5223	311.3112	0.0000	17.5407	22.8788	0.0000	5.8982	6.8143	0.0000	15.0293	16.6670	0.0000	0.0983	0.1167	0.0000	0.0290	0.0382	0.0069	0.0451	0.0535	0.0080	0.0056	0.0051	0.0062	0.0000	0.0747	-0.3896	-0.0144	0.9502	16.3276	16.1595	34.9199	0.8833	0.8833	0.0000	0.8743	0.8743	0.0000	0.0090	0.0090	0.0000	0.0371	0.0345	0.0026	0.0342	0.0331	0.0011	0.0029	0.0015	0.0015	0.1498	0.1296	0.0201	0.0582	0.0525	0.0057	0.0916	0.0772	0.0144	1.2773	0.9026	0.3748	0.7584	0.6174	0.1411	0.5189	0.2852	0.2337	203.1503	178.2291	0.0000	333.5223	311.3112	0.0000	17.5407	22.8788	0.0000	0.0290	0.0382	0.0069	0.0451	0.0535	0.0080	0.0056	0.0051	0.0062
98	121	0.5119	9	1	2	1	0	0	0	0	0	N	Y	N	N	N	N	N	N	N	N	N	N	25.8048	41.4808	3.3654	100.8119	102.4485	56.5046	0.0648	0.0166	0.2031	1.7010	1.8834	0.4086	4.8508	4.9733	2.5991	0.0061	0.0006	0.0340	0.0659	0.0454	0.1214	0.0481	0.0485	0.0460	0.0935	0.0383	0.1673	0.0306	0.9884	-0.0385	0.0020	0.9502	6.1757	16.1595	14.5601	0.0936	0.0908	0.0028	0.0934	0.0908	0.0026	0.0002	0.0000	0.0002	0.0518	0.0260	0.0257	0.0230	0.0193	0.0037	0.0288	0.0068	0.0220	0.0550	0.0482	0.0068	0.0192	0.0183	0.0010	0.0358	0.0300	0.0058	0.7853	0.5734	0.2119	0.4771	0.3969	0.0802	0.3083	0.1765	0.1318	25.8048	41.4808	3.3654	100.8119	102.4485	56.5046	0.0648	0.0166	0.2031	0.0659	0.0454	0.1214	0.0481	0.0485	0.0460	0.0935	0.0383	0.1673
98	122	0.4589	8	1	1	1	0	0	0	0	0	N	N	N	N	N	N	N	N	N	N	N	N	0.0557	0.0324	1.1870	0.3491	0.2197	33.4583	0.0027	0.0009	0.0949	0.0664	0.0519	0.1716	0.1683	0.1245	0.9127	0.0057	0.0032	0.0188	1.1927	1.6020	0.1446	0.4821	0.5667	0.0273	2.1074	3.6091	0.1984	0.4565	0.0352	-0.0006	-0.4564	0.9502	7.5400	16.1595	21.4192	0.0046	0.0032	0.0015	0.0044	0.0031	0.0013	0.0003	0.0001	0.0001	1.0756	1.0390	0.0366	0.2447	0.2425	0.0022	0.8309	0.7965	0.0344	0.0700	0.0615	0.0085	0.0261	0.0247	0.0015	0.0439	0.0368	0.0070	0.9018	0.6486	0.2532	0.5075	0.4279	0.0796	0.3943	0.2207	0.1736	0.0557	0.0324	1.1870	0.3491	0.2197	33.4583	0.0027	0.0009	0.0949	1.1927	1.6020	0.1446	0.4821	0.5667	0.0273	2.1074	3.6091	0.1984
98	123	0.0712	3	1	2	1	0	0	0	0	0	N	Y	N	N	N	N	N	N	N	N	N	N	0.0000	0.0000	0.0000	0.0000	0.0000	0.0000	0.0000	0.0000	0.0000	0.0000	0.0000	0.0000	0.0000	0.0000	0.0000	0.0000	0.0000	2.1088	0.0024	5.0609	0.0096	0.0100	0.0037	2.4823	0.0000	5.1740	1484.4511	0.0000	0.6949	0.9502	4.0019	16.1595	19.5615	0.0000	0.0000	0.0000	0.0000	0.0000	0.0000	0.0000	0.0000	0.0000	1.2845	0.0009	1.2837	0.0009	0.0009	0.0000	1.2836	0.0000	1.2836	0.0316	0.0271	0.0046	0.0040	0.0039	0.0002	0.0276	0.0232	0.0044	0.6091	0.3555	0.2536	0.0920	0.0865	0.0056	0.5171	0.2690	0.2481	0.0000	0.0000	0.0000	0.0000	0.0000	0.0000	0.0000	0.0000	0.0000	2.1088	0.0024	5.0609	0.0096	0.0100	0.0037	2.4823	0.0000	5.1740		
98	126	0.1823	7	1	2	1	0	0	0	0	0	N	Y	N	N	N	N	N	N	N	N	N	N	0.0000	0.0000	0.0000	0.0000	0.0000	0.0000	0.0000	0.0000	0.0000	0.0000	0.0000	0.0000	0.0000	0.0000	0.0000	0.0000	0.0000	0.0000	1.8061	2.8672	0.0001	5.4358	6.9108	0.0006	0.0013	0.0026	0.0000	0.0000	0.0000	-0.4610	0.9502	5.0407	16.1595	17.1705	0.0000	0.0000	0.0000	0.0000	0.0000	0.0000	0.0000	0.0000	0.0000	1.0059	1.0059	0.0000	1.0054	1.0054	0.0000	0.0005	0.0005	0.0000	0.0405	0.0348	0.0058	0.0082	0.0079	0.0003	0.0323	0.0269	0.0054	0.5569	0.3508	0.2061	0.2025	0.1668	0.0357	0.3545	0.1840	0.1705	0.0000	0.0000	0.0000	0.0000	0.0000	0.0000	0.0000	0.0000	0.0000	1.8061	2.8672	0.0001	4.9661	6.0279	0.0006	0.0013	0.0026	0.0000	
98	127	0.1663	6	1	2	1	0	0	0	0	0	N	Y	N	N	N	N	N	N	N	N	N	N	0.0000	0.0000	0.0000	0.0000	0.0000	0.0000	0.0000	0.0000	0.0000	0.0000	0.0000	0.0000	0.0000	0.0000	0.0000	0.0000	0.0000	0.0000	0.1963	0.2085	0.1701	0.4240	0.4069	0.5385	0.0453	0.0028	0.0986	0.3815	0.0000	-0.0104	0.9502	1.9703	16.1595	6.2034	0.0000	0.0000	0.0000	0.0000	0.0000	0.0000	0.0000	0.0000	0.0000	0.0572	0.0414	0.0158	0.0493	0.0411	0.0081	0.0079	0.0003	0.0077	0.0171	0.0147	0.0024	0.0039	0.0038	0.0001	0.0132	0.0109	0.0023	0.2915	0.1986	0.0929	0.1162	0.1011	0.0151	0.1753	0.0975	0.0778	0.0000	0.0000	0.0000	0.0000	0.0000	0.0000	0.0000	0.0000	0.0000	0.1963	0.2085	0.1701	0.4240	0.4069	0.5385	0.0453	0.0028	0.0986	
98	128	0.1452	5	1	1	1	0	0	0	0	0	N	N	N	N	N	N	N	N	N	N	N	N	0.0000	0.0000	0.0000	0.0000	0.0000	0.0000	0.0000	0.0000	0.0000	0.0000	0.0000	0.0000	0.0000	0.0000	0.0000	0.0000	0.0000	0.0000	3.4101	6.1056	0.0313	20.7596	24.0673	0.1262	0.0194	0.0246	0.0143	0.0035	0.0000	-0.4045	0.9502	1.1032	16.1595	7.8190	0.0000	0.0000	0.0000	0.0000	0.0000	0.0000	0.0000	0.0000	0.0000	0.8892	0.8861	0.0031	0.8860	0.8841	0.0019	0.0033	0.0021	0.0012	0.0082	0.0070	0.0012	0.0013	0.0012	0.0001	0.0069	0.0058	0.0011	0.2608	0.1613	0.0994	0.0932	0.0780	0.0151	0.1676	0.0833	0.0843	0.0000	0.0000	0.0000	0.0000	0.0000	0.0000	0.0000	0.0000	0.0000	3.4101	5.4929	0.0313	9.5068	11.3271	0.1262	0.0194	0.0246	0.0143	
98	129	0.4882	9	1	2	1	0	0	0	0	0	N	Y	N	N	N	N	N	N	N	N	N	N	0.0000	0.0000	0.0000	0.0000	0.0000	0.0000	0.0000	0.0000	0.0000	0.0000	0.0000	0.0000	0.0000	0.0000	0.0000	0.0000	0.0000	0.0928	0.1183	0.0013	0.1608	0.1741	0.0000	0.0007	0.0000	0.0016	0.0030	0.0000	-0.0127	0.9502	1.0033	16.1595	0.8635	0.0000	0.0000	0.0000	0.0000	0.0000	0.0000	0.0000	0.0000	0.0000	0.0279	0.0278	0.0001	0.0278	0.0278	0.0000	0.0001	0.0000	0.0001	0.0211	0.0192	0.0019	0.0120	0.0114	0.0006	0.0090	0.0077	0.0013	0.3004	0.2351	0.0653	0.1730	0.1598	0.0132	0.1274	0.0754	0.0521	0.0000	0.0000	0.0000	0.0000	0.0000	0.0000	0.0000	0.0000	0.0000	0.0928	0.1183	0.0013	0.1608	0.1741	0.0000	0.0007	0.0000	0.0016		
98	130	0.4589	8	1	1	1	0	0	0	0	0	N	N	N	N	N	N	N	N	N	N	N	N	0.0000	0.0000	0.0000	0.0000	0.0000	0.0000	0.0000	0.0000	0.0001	0.0000	0.0000	0.0000	0.0001	0.0001	0.0000	0.0000	0.0000	0.0000	2.3560	3.1611	0.0848	3.0338	3.4694	0.2153	1.4585	2.5397	0.0311	0.0039	0.0095	-0.0000	-0.7430	0.9502	5.5514	16.1595	9.9598	0.0000	0.0000	0.0000	0.0000	0.0000	0.0000	0.0000	0.0000	0.0000	1.6550	1.6395	0.0156	1.2142	1.2027	0.0115	0.4408	0.4368	0.0041	0.0559	0.0492	0.0067	0.0221	0.0209	0.0012	0.0339	0.0284	0.0055	0.7025	0.5186	0.1838	0.4002	0.3467	0.0536	0.3022	0.1720	0.1303	0.0000	0.0000	0.0000	0.0000	0.0000	0.0000	0.0000	0.0000	0.0001	2.3560	3.1611	0.0848	3.0338	3.4694	0.2153	1.4585	2.5397	0.0311
98	131	0.4286	7	1	1	1	0	0	0	0	0	N	N	N	N	N	N	N	N	N	N	N	N	0.0229	0.0164	0.4002	0.0726	0.0559	3.7157	0.0002	0.0000	0.0161	0.0210	0.0204	0.0253	0.0622	0.0563	0.1797	0.0002	0.0000	0.0011	0.9141	1.2428	0.0633	0.8567	1.0055	0.0484	0.9855	1.6818	0.0700	0.1684	0.0197	-0.0005	-0.3139	0.9502	9.1969	16.1595	13.4651	0.0017	0.0015	0.0002	0.0017	0.0015	0.0002	0.0000	0.0000	0.0000	0.7149	0.7011	0.0138	0.3714	0.3681	0.0033	0.3435	0.3329	0.0105	0.0816	0.0718	0.0097	0.0273	0.0260	0.0013	0.0543	0.0459	0.0084	0.7820	0.5641	0.2180	0.4335	0.3661	0.0674	0.3485	0.1980	0.1505	0.0229	0.0164	0.4002	0.0726	0.0559	3.7157	0.0002	0.0000	0.0161	0.9141	1.2428	0.0633	0.8567	1.0055	0.0484	0.9855	1.6818	0.0700
98	132	0.2421	9	2	2	1	1	0	0	0	0	Y	Y	N	N	N	N	N	N	N	N	N	N	0.0000	0.0000	0.0000	0.0000	0.0000	0.0000	0.0000	0.0000	0.0000	0.0000	0.0000	0.0000	0.0000	0.0001	0.0002	0.0000	0.0003	0.0004	0.0000	0.0000	0.0000	0.0000	0.0000	0.0000	-0.0000	0.9502	1.0000	16.1595	3.0001	0.0000	0.0000	0.0000	0.0000	0.0000	0.0000	0.0000	0.0000	0.0000	0.0000	0.0000	0.0000	0.0000	0.0000	0.0000	0.0000	0.0000	0.0000	0.0075	0.0062	0.0013	0.0017	0.0013	0.0004	0.0058	0.0049	0.0009	0.0907	0.0551	0.0356	0.0289	0.0236	0.0053	0.0618	0.0316	0.0303	0.0000	0.0000	0.0000	0.0000	0.0000	0.0000	0.0000	0.0000	0.0000	0.0001	0.0002	0.0000	0.0003	0.0004	0.0000	0.0000	0.0000	0.0000						
98	133	0.6410	13	2	2	1	1	0	0	0	0	Y	Y	N	N	N	N	N	N	N	N	N	N	0.0000	0.0000	0.0000	0.0000	0.0000	0.0000	0.0000	0.0000	0.0000	0.0000	0.0000	0.0000	0.0000	0.0000	0.0000	0.0000	0.0000	0.0000	0.0000	0.0000	0.9502	0.0006	16.1595	1.9797	0.0000	0.0000	0.0000	0.0000	0.0000	0.0000	0.0000	0.0000	0.0000	0.0000	0.0000	0.0000	0.0000	0.0000	0.0000	0.0000	0.0000	0.0000	0.0000	0.0000	0.0000	0.0000	0.0000	0.0000	0.0000	0.0000	0.0000	0.0377	0.0260	0.0117	0.0211	0.0171	0.0040	0.0165	0.0089	0.0077	0.0000	0.0000	0.0000	0.0000	0.0000	0.0000	0.0000	0.0000	0.0000	0.0000	0.0000	0.0000	0.0000	0.0000	0.0000	0.0000	0.0000	0.0000											
98	134	0.6243	12	2	2	1	1	0	0	0	0	Y	Y	N	N	N	N	N	N	N	N	N	N	0.0000	0.0000	0.0000	0.0000	0.0000	0.0000	0.0000	0.0000	0.0000	0.0000	0.0000	0.0000	0.0000	0.0000	0.0000	0.0000	0.0000	0.0000	0.0000	0.0000	0.0000	0.0000	0.0000	0.0000	inf	0.0000	0.0000	0.9502	2.0077	16.1595	6.0321	0.0000	0.0000	0.0000	0.0000	0.0000	0.0000	0.0000	0.0000	0.0000	0.0000	0.0000	0.0000	0.0000	0.0000	0.0000	0.0000	0.0000	0.0000	0.0152	0.0134	0.0019	0.0056	0.0053	0.0003	0.0096	0.0081	0.0015	0.1378	0.0937	0.0441	0.0761	0.0605	0.0156	0.0617	0.0332	0.0285	0.0000	0.0000	0.0000	0.0000	0.0000	0.0000	0.0000	0.0000	0.0000	0.0000	0.0000	0.0000	0.0000	0.0000	0.0000	0.0000	0.0000	0.0000				
98	135	0.6195	12	1	2	1	1	0	0	0	0	N	Y	N	N	N	N	N	N	N	N	N	N	1.9025	0.0000	68.6896	32.5523	0.0000	124224.8885	0.1306	0.0000	5.0687	0.0163	0.0000	0.1273	0.0411	0.0000	0.6831	0.0025	0.0000	0.0153	0.0086	0.0116	0.0019	0.0013	0.0016	0.0000	0.0193	0.0342	0.0030	inf	0.0729	0.0002	-0.0008	0.9502	3.0348	16.1595	9.3583	0.0004	0.0000	0.0004	0.0003	0.0000	0.0003	0.0000	0.0000	0.0000	0.0021	0.0019	0.0001	0.0002	0.0002	0.0000	0.0019	0.0017	0.0001	0.0233	0.0204	0.0030	0.0083	0.0078	0.0005	0.0150	0.0125	0.0025	0.2404	0.1650	0.0753	0.1435	0.1144	0.0291	0.0968	0.0507	0.0462	1.9025	0.0000	68.6896	32.5523	0.0000	124224.8885	0.1306	0.0000	5.0687	0.0086	0.0116	0.0019	0.0013	0.0016	0.0000	0.0193	0.0342	0.0030
98	136	0.6052	11	1	1	1	1	0	0	0	0	N	N	N	N	N	N	N	N	N	N	N	N	0.0860	0.0594	0.0000	18.9018	15.7847	0.0000	0.0000	0.0000	0.0000	1.0001	1.1590	0.0000	2.6750	2.8176	0.0000	0.0000	0.0000	0.0000	11.6241	19.4967	0.0028	0.1415	0.1785	0.0027	19.4084	36.0909	0.0028	0.0000	0.0001	-0.0002	-0.4553	0.9502	0.0433	16.1595	6.6805	0.0004	0.0004	0.0000	0.0004	0.0004	0.0000	0.0000	0.0000	0.0000	0.9936	0.9935	0.0001	0.0099	0.0098	0.0000	0.9837	0.9836	0.0001	0.0004	0.0003	0.0001	0.0001	0.0001	0.0000	0.0002	0.0002	0.0000	0.1206	0.0824	0.0381	0.0699	0.0552	0.0147	0.0507	0.0273	0.0234	0.1214	0.0962	0.0000	18.9018	15.7847	0.0000	0.0000	0.0000	0.0000	8.2409	12.0520	0.0028	0.1415	0.1785	0.0027	19.4084	36.0909	0.0028
98	137	0.2717	11	1	2	1	1	0	0	0	0	N	Y	N	N	N	N	N	N	N	N	N	N	0.0000	0.0000	0.0000	0.0000	0.0000	0.0000	0.0000	0.0000	0.0000	0.0000	0.0000	0.0000	0.0000	0.0000	0.0000	0.0000	0.0000	0.0000	0.0000	0.0000	0.9502	0.0000	16.1595	0.0000	0.0000	0.0000	0.0000	0.0000	0.0000	0.0000	0.0000	0.0000	0.0000	0.0000	0.0000	0.0000	0.0000	0.0000	0.0000	0.0000	0.0000	0.0000	0.0000	0.0000	0.0000	0.0000	0.0000	0.0000	0.0000	0.0000	0.0000	0.0000	0.0000	0.0000	0.0000	0.0000	0.0000	0.0000	0.0000	0.0000	0.0000	0.0000	0.0000	0.0000	0.0000	0.0000	0.0000	0.0000	0.0000	0.0000	0.0000	0.0000	0.0000	0.0000	0.0000	0.0000	0.0000	0.0000											
98	138	0.2666	10	1	2	1	1	0	0	0	0	N	Y	N	N	N	N	N	N	N	N	N	N	0.0000	0.0000	0.0000	0.0000	0.0000	0.0000	0.0000	0.0000	0.0000	0.0000	0.0000	0.0000	0.0000	0.0000	0.0000	0.0000	0.0000	0.0000	0.0000	0.0000	0.0000	0.0000	0.0000	0.0000	-0.0000	0.9502	0.0021	16.1595	2.0000	0.0000	0.0000	0.0000	0.0000	0.0000	0.0000	0.0000	0.0000	0.0000	0.0000	0.0000	0.0000	0.0000	0.0000	0.0000	0.0000	0.0000	0.0000	0.0000	0.0000	0.0000	0.0000	0.0000	0.0000	0.0000	0.0000	0.0000	0.0448	0.0275	0.0173	0.0148	0.0123	0.0025	0.0300	0.0152	0.0148	0.0000	0.0000	0.0000	0.0000	0.0000	0.0000	0.0000	0.0000	0.0000	0.0000	0.0000	0.0000	0.0000	0.0000	0.0000	0.0000	0.0000	0.0000						
98	139	0.2564	9	1	1	1	1	0	0	0	0	N	N	N	N	N	N	N	N	N	N	N	N	0.0000	0.0000	0.0000	0.0000	0.0000	0.0000	0.0000	0.0000	0.0000	0.0000	0.0000	0.0000	0.0000	0.0134	0.0218	0.0000	0.0394	0.0480	0.0000	0.0000	0.0000	0.0000	0.0000	0.0000	-0.0006	0.9502	1.0020	16.1595	3.0181	0.0000	0.0000	0.0000	0.0000	0.0000	0.0000	0.0000	0.0000	0.0000	0.0012	0.0012	0.0000	0.0012	0.0012	0.0000	0.0000	0.0000	0.0000	0.0075	0.0062	0.0013	0.0017	0.0014	0.0004	0.0058	0.0049	0.0009	0.0910	0.0559	0.0351	0.0309	0.0254	0.0055	0.0601	0.0305	0.0296	0.0000	0.0000	0.0000	0.0000	0.0000	0.0000	0.0000	0.0000	0.0000	0.0134	0.0218	0.0000	0.0394	0.0480	0.0000	0.0000	0.0000	0.0000						
98	140	0.2421	9	1	2	1	0	0	0	0	0	N	Y	N	N	N	N	N	N	N	N	N	N	0.0000	0.0000	0.0000	0.0000	0.0000	0.0000	0.0000	0.0000	0.0000	0.0000	0.0000	0.0000	0.0000	0.0000	0.0000	0.0000	0.0000	0.0000	0.0000	0.0000	0.9502	0.0000	16.1595	4.0001	0.0000	0.0000	0.0000	0.0000	0.0000	0.0000	0.0000	0.0000	0.0000	0.0000	0.0000	0.0000	0.0000	0.0000	0.0000	0.0000	0.0000	0.0000	0.0000	0.0000	0.0000	0.0000	0.0000	0.0000	0.0000	0.0000	0.0000	0.0907	0.0551	0.0356	0.0289	0.0236	0.0053	0.0618	0.0316	0.0303	0.0000	0.0000	0.0000	0.0000	0.0000	0.0000	0.0000	0.0000	0.0000	0.0000	0.0000	0.0000	0.0000	0.0000	0.0000	0.0000	0.0000	0.0000											
98	141	0.6197	11	1	2	1	0	0	0	0	0	N	Y	N	N	N	N	N	N	N	N	N	N	0.0009	0.0077	0.0000	0.0000	0.0000	0.0000	0.0914	inf	0.0000	0.0000	0.0000	0.0000	0.0000	0.0000	0.0000	0.0000	0.0000	0.0000	0.0010	0.0001	0.0029	0.0018	0.0002	0.0082	0.0000	0.0000	0.0000	0.0000	10.0340	-0.0000	0.0000	0.9502	1.0003	16.1595	5.0186	0.0000	0.0000	0.0000	0.0000	0.0000	0.0000	0.0000	0.0000	0.0000	0.0001	0.0000	0.0001	0.0001	0.0000	0.0001	0.0000	0.0000	0.0000	0.0076	0.0067	0.0009	0.0028	0.0026	0.0002	0.0048	0.0040	0.0008	0.1053	0.0716	0.0337	0.0582	0.0463	0.0119	0.0471	0.0253	0.0218	0.0009	0.0077	0.0000	0.0000	0.0000	0.0000	0.0914	inf	0.0000	0.0010	0.0001	0.0029	0.0018	0.0002	0.0082	0.0000	0.0000	0.0000
98	142	0.2564	9	1	1	2	1	0	0	0	0	N	N	Y	N	N	N	N	N	N	N	N	N	0.0000	0.0000	0.0000	0.0000	0.0000	0.0000	0.0000	0.0000	0.0000	0.0000	0.0000	0.0000	0.0000	0.0000	0.0000	0.0000	0.0653	0.1064	0.0000	0.1931	0.2354	0.0000	0.0000	0.0000	0.0000	0.0001	0.0000	-0.0060	0.9502	0.0001	16.1595	9.0026	0.0000	0.0000	0.0000	0.0000	0.0000	0.0000	0.0000	0.0000	0.0000	0.0130	0.0130	0.0000	0.0130	0.0130	0.0000	0.0000	0.0000	0.0000	0.0000	0.0000	0.0000	0.0000	0.0000	0.0000	0.0000	0.0000	0.0000	0.1996	0.1226	0.0770	0.0675	0.0554	0.0121	0.1321	0.0672	0.0649	0.0000	0.0000	0.0000	0.0000	0.0000	0.0000	0.0000	0.0000	0.0000	0.0653	0.1064	0.0000	0.1931	0.2354	0.0000	0.0000	0.0000	0.0000			
98	143	0.6052	11	1	1	2	1	0	0	0	0	N	N	Y	N	N	N	N	N	N	N	N	N	0.0491	0.0383	0.0000	0.0000	0.0000	18.1012	11.7142	0.0000	0.0079	0.0091	0.0000	0.0000	0.0000	0.0000	0.0123	0.0146	0.0000	0.1619	0.2372	0.0000	0.2792	0.3542	0.0000	0.0007	0.0012	0.0000	0.0000	0.0000	-0.0001	-0.0131	0.9502	2.0061	16.1595	8.0425	0.0001	0.0001	0.0000	0.0000	0.0000	0.0000	0.0001	0.0001	0.0000	0.0286	0.0286	0.0000	0.0285	0.0285	0.0000	0.0001	0.0000	0.0000	0.0151	0.0132	0.0019	0.0053	0.0050	0.0003	0.0098	0.0082	0.0016	0.1764	0.1204	0.0560	0.1021	0.0805	0.0216	0.0743	0.0399	0.0343	0.0491	0.0383	0.0000	0.0000	0.0000	0.0000	18.1012	11.7142	0.0000	0.1619	0.2372	0.0000	0.2792	0.3542	0.0000	0.0007	0.0012	0.0000	
98	144	0.5961	10	1	1	1	1	0	0	0	0	N	N	N	N	N	N	N	N	N	N	N	N	0.0000	0.0000	0.0000	0.0000	0.0000	0.0000	0.0000	0.0000	0.0000	0.0000	0.0000	0.0000	0.0000	0.0000	0.0000	0.0000	0.0000	0.0000	0.0584	0.0796	0.0010	0.0130	0.0146	0.0035	0.1133	0.1972	0.0000	0.0047	0.0000	-0.0031	0.9502	1.9550	16.1595	2.1189	0.0000	0.0000	0.0000	0.0000	0.0000	0.0000	0.0000	0.0000	0.0000	0.0068	0.0067	0.0000	0.0008	0.0008	0.0000	0.0059	0.0059	0.0000	0.0156	0.0136	0.0020	0.0061	0.0057	0.0005	0.0095	0.0080	0.0015	0.1156	0.0845	0.0311	0.0633	0.0544	0.0089	0.0523	0.0301	0.0222	0.0000	0.0000	0.0000	0.0000	0.0000	0.0000	0.0000	0.0000	0.0000	0.0584	0.0796	0.0010	0.0130	0.0146	0.0035	0.1133	0.1972	0.0000	
98	145	0.5961	10	1	1	2	1	0	0	0	0	N	N	Y	N	N	N	N	N	N	N	N	N	0.0000	0.0000	0.0000	0.0000	0.0000	0.0000	0.0000	0.0000	0.0000	0.0000	0.0000	0.0000	0.0000	0.0000	0.0000	0.0000	0.0000	2.5300	3.6473	0.0004	4.5289	5.6031	0.0000	0.0005	0.0003	0.0006	0.0001	0.0000	-0.4457	0.9502	2.1261	16.1595	18.6477	0.0000	0.0000	0.0000	0.0000	0.0000	0.0000	0.0000	0.0000	0.0000	0.9725	0.9724	0.0000	0.9724	0.9724	0.0000	0.0001	0.0000	0.0000	0.0169	0.0148	0.0022	0.0066	0.0061	0.0005	0.0103	0.0086	0.0017	0.3844	0.2666	0.1178	0.2147	0.1740	0.0407	0.1697	0.0926	0.0770	0.0000	0.0000	0.0000	0.0000	0.0000	0.0000	0.0000	0.0000	0.0000	2.5300	3.6473	0.0004	4.5289	5.5894	0.0000	0.0005	0.0003	0.0006		
98	146	0.2564	9	1	1	2	1	0	0	0	0	N	N	Y	N	N	N	N	N	N	N	N	N	0.0000	0.0000	0.0000	0.0000	0.0000	0.0000	0.0000	0.0000	0.0000	0.0000	0.0000	0.0000	0.0000	0.0000	0.0000	0.0000	0.0000	6.9438	12.7620	0.0000	0.0000	0.0000	0.0000	8.5007	16.7235	0.0000	0.0000	0.0000	-0.4583	0.9502	2.0001	16.1595	5.9880	0.0000	0.0000	0.0000	0.0000	0.0000	0.0000	0.0000	0.0000	0.0000	0.9999	0.9999	0.0000	0.0000	0.0000	0.0000	0.9999	0.9999	0.0000	0.0149	0.0124	0.0026	0.0034	0.0027	0.0008	0.0115	0.0097	0.0018	0.1778	0.1092	0.0686	0.0602	0.0494	0.0108	0.1176	0.0598	0.0578	0.0000	0.0000	0.0000	0.0000	0.0000	0.0000	0.0000	0.0000	0.0000	5.6226	9.1573	0.0000	0.0000	0.0000	0.0000	8.5007	16.7235	0.0000		
98	147	0.2564	9	1	1	2	1	0	0	0	0	N	N	Y	N	N	N	N	N	N	N	N	N	0.0000	0.0000	0.0000	0.0000	0.0000	0.0000	0.0000	0.0000	0.0000	0.0000	0.0000	0.0000	0.0000	0.0000	0.0000	0.0000	0.0000	0.0007	0.0011	0.0000	0.0020	0.0024	0.0000	0.0000	0.0000	0.0000	0.0020	0.0000	-0.0002	0.9502	9.0001	16.1595	23.0169	0.0000	0.0000	0.0000	0.0000	0.0000	0.0000	0.0000	0.0000	0.0000	0.0004	0.0004	0.0000	0.0004	0.0004	0.0000	0.0000	0.0000	0.0000	0.0650	0.0539	0.0111	0.0149	0.0117	0.0032	0.0501	0.0422	0.0079	0.6484	0.3985	0.2498	0.2150	0.1764	0.0386	0.4333	0.2221	0.2112	0.0000	0.0000	0.0000	0.0000	0.0000	0.0000	0.0000	0.0000	0.0000	0.0007	0.0011	0.0000	0.0020	0.0024	0.0000	0.0000	0.0000	0.0000		
98	148	0.2311	8	1	1	1	1	0	0	0	0	N	N	N	N	N	N	N	N	N	N	N	N	9.0734	7.2181	0.0000	12.8140	14.2858	0.0000	6.5385	900.3724	0.0000	0.0414	0.0502	0.0000	0.1744	0.2240	0.0000	0.0008	0.0010	0.0000	0.0046	0.0070	0.0008	0.0136	0.0157	0.0036	0.0001	0.0000	0.0003	0.0000	0.0676	-0.0003	-0.0004	0.9502	1.9990	16.1595	7.9526	0.0006	0.0006	0.0000	0.0006	0.0006	0.0000	0.0000	0.0000	0.0000	0.0011	0.0010	0.0001	0.0011	0.0010	0.0000	0.0000	0.0000	0.0000	0.0151	0.0125	0.0026	0.0035	0.0028	0.0008	0.0116	0.0097	0.0019	0.2370	0.1458	0.0913	0.0780	0.0646	0.0134	0.1590	0.0811	0.0779	9.0734	7.2181	0.0000	12.8140	14.2858	0.0000	6.5385	900.3724	0.0000	0.0046	0.0070	0.0008	0.0136	0.0157	0.0036	0.0001	0.0000	0.0003
98	149	0.1992	7	2	2	1	0	0	0	0	0	Y	Y	N	N	N	N	N	N	N	N	N	N	2.3671	2865.3809	0.0000	2732.2821	9765.9746	0.0000	0.0005	0.6238	0.0000	4.3117	5.4325	0.0000	8.2931	11.5537	0.0000	0.0013	0.0015	0.0000	1.8215	0.0019	4.8133	0.0030	0.0012	0.0134	2.6536	0.0024	5.5062	0.0000	1544.1149	-0.1699	0.5430	0.9502	5.3497	16.1595	17.2225	0.3851	0.3851	0.0000	0.3851	0.3851	0.0000	0.0001	0.0001	0.0000	1.0037	0.0006	1.0031	0.0005	0.0002	0.0004	1.0032	0.0005	1.0027	0.0893	0.0709	0.0184	0.0464	0.0333	0.0131	0.0429	0.0376	0.0053	0.5510	0.3426	0.2084	0.1730	0.1467	0.0263	0.3781	0.1959	0.1821	2.3671	2865.3809	0.0000	2732.2821	9765.9746	0.0000	0.0005	0.6238	0.0000	1.8215	0.0019	4.8133	0.0030	0.0012	0.0134	2.6536	0.0024	5.5062
98	150	0.2300	8	1	2	1	0	0	0	0	0	N	Y	N	N	N	N	N	N	N	N	N	N	54.2783	0.0000	249.2674	49.5632	0.0000	1973.6927	6.6206	0.0000	23.9232	3.8434	0.0000	19.5005	6.5708	0.0000	26.6523	0.2723	0.0000	2.0577	0.0708	0.0666	0.0782	0.1326	0.1487	0.0135	0.0411	0.0001	0.0860	inf	0.6652	0.1830	-0.0023	0.9502	3.6794	16.1595	17.4287	0.3275	0.0000	0.3275	0.3175	0.0000	0.3175	0.0100	0.0000	0.0100	0.0392	0.0236	0.0157	0.0238	0.0236	0.0003	0.0154	0.0000	0.0154	0.0852	0.0684	0.0168	0.0483	0.0364	0.0119	0.0369	0.0320	0.0049	0.5542	0.3538	0.2004	0.1799	0.1584	0.0215	0.3744	0.1955	0.1789	54.2783	0.0000	249.2674	49.5632	0.0000	1973.6927	6.6206	0.0000	23.9232	0.0708	0.0666	0.0782	0.1326	0.1487	0.0135	0.0411	0.0001	0.0860
98	151	0.1992	7	1	2	1	0	0	0	0	0	N	Y	N	N	N	N	N	N	N	N	N	N	2.6966	0.6412	257.2117	0.8631	0.3320	1444.2058	0.0462	0.0449	0.1777	6.7900	2.5168	22.2500	11.7195	4.8171	28.3361	0.0025	0.0007	0.0170	2.5180	3.9253	0.0865	13.5789	14.5098	0.0196	0.0543	0.0157	0.0956	2.4436	0.0128	0.1397	-0.4219	0.9502	3.4464	16.1595	10.1316	0.5205	0.1511	0.3693	0.5204	0.1511	0.3693	0.0001	0.0000	0.0001	0.9464	0.9344	0.0119	0.9327	0.9324	0.0003	0.0136	0.0020	0.0116	0.0767	0.0601	0.0166	0.0444	0.0314	0.0130	0.0322	0.0287	0.0036	0.3758	0.2381	0.1378	0.1247	0.1082	0.0166	0.2511	0.1299	0.1212	2.6966	0.6412	257.2117	1.5668	0.5587	1444.2058	0.0462	0.0449	0.1777	2.5180	3.9253	0.0865	7.4797	8.6213	0.0196	0.0543	0.0157	0.0956
98	152	0.6265	13	2	2	1	0	0	0	0	0	Y	Y	N	N	N	N	N	N	N	N	N	N	0.0000	0.0000	0.0000	0.0000	0.0000	0.0000	0.0000	0.0000	0.0000	0.0000	0.0000	0.0000	0.0000	0.0056	0.0082	0.0000	0.0101	0.0127	0.0000	0.0000	0.0000	0.0000	0.0000	0.0000	-0.0006	0.9502	1.0143	16.1595	12.0086	0.0000	0.0000	0.0000	0.0000	0.0000	0.0000	0.0000	0.0000	0.0000	0.0012	0.0012	0.0000	0.0012	0.0012	0.0000	0.0000	0.0000	0.0000	0.0078	0.0069	0.0010	0.0029	0.0028	0.0002	0.0049	0.0041	0.0008	0.2190	0.1489	0.0701	0.1203	0.0957	0.0247	0.0987	0.0532	0.0455	0.0000	0.0000	0.0000	0.0000	0.0000	0.0000	0.0000	0.0000	0.0000	0.0056	0.0082	0.0000	0.0101	0.0127	0.0000	0.0000	0.0000	0.0000						
98	153	0.6243	12	2	2	1	0	0	0	0	0	Y	Y	N	N	N	N	N	N	N	N	N	N	0.0000	0.0000	0.0000	0.0000	0.0000	0.0000	0.0000	0.0000	0.0000	0.0000	0.0000	0.0000	0.0000	0.0000	0.0000	0.0000	0.0000	0.0001	0.0001	0.0001	0.0002	0.0002	0.0004	0.0000	0.0000	0.0000	0.5452	0.0000	-0.0000	0.9502	0.9811	16.1595	0.0216	0.0000	0.0000	0.0000	0.0000	0.0000	0.0000	0.0000	0.0000	0.0000	0.0000	0.0000	0.0000	0.0000	0.0000	0.0000	0.0000	0.0000	0.0000	0.0075	0.0066	0.0009	0.0028	0.0026	0.0002	0.0047	0.0040	0.0008	0.0179	0.0122	0.0057	0.0099	0.0079	0.0020	0.0080	0.0043	0.0037	0.0000	0.0000	0.0000	0.0000	0.0000	0.0000	0.0000	0.0000	0.0000	0.0001	0.0001	0.0001	0.0002	0.0002	0.0004	0.0000	0.0000	0.0000		
98	154	0.6197	11	2	2	1	0	0	0	0	0	Y	Y	N	N	N	N	N	N	N	N	N	N	0.0331	0.2648	0.0000	0.0000	0.0000	0.0000	3.6898	inf	0.0000	0.0001	0.0001	0.0000	0.0000	0.0000	0.0000	0.0002	0.0002	0.0000	0.0030	0.0004	0.0084	0.0053	0.0007	0.0237	0.0000	0.0000	0.0001	0.0000	9.2388	-0.0000	0.0000	0.9502	0.0083	16.1595	2.0001	0.0000	0.0000	0.0000	0.0000	0.0000	0.0000	0.0000	0.0000	0.0000	0.0001	0.0000	0.0001	0.0001	0.0000	0.0001	0.0000	0.0000	0.0000	0.0001	0.0001	0.0000	0.0000	0.0000	0.0000	0.0000	0.0000	0.0000	0.0367	0.0250	0.0117	0.0203	0.0162	0.0041	0.0163	0.0088	0.0076	0.0331	0.2648	0.0000	0.0000	0.0000	0.0000	3.6898	inf	0.0000	0.0030	0.0004	0.0084	0.0053	0.0007	0.0237	0.0000	0.0000	0.0001
98	155	0.5961	10	1	2	1	0	0	0	0	0	N	Y	N	N	N	N	N	N	N	N	N	N	0.0132	1.2269	0.0000	0.0000	0.0000	0.0000	5320.8829	4431.9145	0.0000	0.0044	0.0050	0.0000	0.0000	0.0000	0.0000	0.0071	0.0085	0.0000	0.3334	0.0041	1.1233	0.5989	0.0063	3.4078	0.0000	0.0000	0.0000	0.0000	114.3963	-0.0000	0.0391	0.9502	2.9180	16.1595	7.4065	0.0001	0.0001	0.0000	0.0000	0.0000	0.0000	0.0001	0.0001	0.0000	0.0733	0.0006	0.0727	0.0733	0.0006	0.0727	0.0000	0.0000	0.0000	0.0228	0.0199	0.0029	0.0088	0.0081	0.0006	0.0140	0.0118	0.0023	0.2199	0.1552	0.0647	0.1225	0.1011	0.0213	0.0975	0.0541	0.0434	0.0132	1.2269	0.0000	0.0000	0.0000	0.0000	5320.8829	4431.9145	0.0000	0.3334	0.0041	1.1233	0.5989	0.0063	3.4078	0.0000	0.0000	0.0000
98	156	0.5302	9	1	1	1	0	0	0	0	0	N	N	N	N	N	N	N	N	N	N	N	N	0.0000	0.0000	0.0000	0.0000	0.0000	0.0000	0.0000	0.0000	0.0000	0.0000	0.0000	0.0000	0.0000	0.0000	0.0000	0.0000	0.0000	0.0000	0.0601	0.0833	0.0049	0.0446	0.0526	0.0054	0.0797	0.1431	0.0047	0.0000	0.0250	-0.0000	-0.0167	0.9502	8.2479	16.1595	19.7214	0.0000	0.0000	0.0000	0.0000	0.0000	0.0000	0.0000	0.0000	0.0000	0.0384	0.0374	0.0009	0.0159	0.0156	0.0003	0.0225	0.0218	0.0006	0.0918	0.0806	0.0112	0.0416	0.0381	0.0035	0.0502	0.0425	0.0077	0.6392	0.4493	0.1899	0.3575	0.2967	0.0608	0.2817	0.1527	0.1290	0.0000	0.0000	0.0000	0.0000	0.0000	0.0000	0.0000	0.0000	0.0000	0.0601	0.0833	0.0049	0.0446	0.0526	0.0054	0.0797	0.1431	0.0047
98	157	0.4941	8	1	1	1	0	0	0	0	0	N	N	N	N	N	N	N	N	N	N	N	N	0.0010	0.0002	0.0087	0.0028	0.0004	0.0319	0.0000	0.0000	0.0000	0.0002	0.0000	0.0012	0.0004	0.0001	0.0054	0.0000	0.0000	0.0000	0.1662	0.1799	0.1331	0.1613	0.1597	0.1684	0.1732	0.2215	0.1128	5.7647	0.3044	0.0000	-0.0241	0.9502	7.4725	16.1595	14.3153	0.0000	0.0000	0.0000	0.0000	0.0000	0.0000	0.0000	0.0000	0.0000	0.1072	0.0822	0.0250	0.0607	0.0491	0.0116	0.0465	0.0330	0.0134	0.0662	0.0580	0.0082	0.0248	0.0231	0.0018	0.0413	0.0349	0.0064	0.6448	0.4569	0.1879	0.3765	0.3077	0.0687	0.2683	0.1491	0.1192	0.0010	0.0002	0.0087	0.0028	0.0004	0.0319	0.0000	0.0000	0.0000	0.1662	0.1799	0.1331	0.1613	0.1597	0.1684	0.1732	0.2215	0.1128
98	158	0.4286	7	1	1	1	0	0	0	0	0	N	N	N	N	N	N	N	N	N	N	N	N	0.0012	0.0001	0.0055	0.0184	0.0007	0.8105	0.0000	0.0000	0.0002	0.0026	0.0001	0.0210	0.0078	0.0003	0.1515	0.0002	0.0000	0.0011	2.1511	1.4730	3.8278	0.4225	0.4694	0.1869	4.2706	3.2955	5.5263	26.0716	1.0509	0.0001	0.1054	0.9502	11.6653	16.1595	19.4910	0.0003	0.0000	0.0002	0.0002	0.0000	0.0002	0.0000	0.0000	0.0000	1.9494	0.9505	0.9989	0.2109	0.1954	0.0155	1.7385	0.7551	0.9834	0.0981	0.0863	0.0118	0.0318	0.0302	0.0016	0.0663	0.0561	0.0102	0.9062	0.6453	0.2610	0.4992	0.4161	0.0830	0.4071	0.2291	0.1779	0.0012	0.0001	0.0055	0.0184	0.0007	0.8105	0.0000	0.0000	0.0002	2.1511	1.4730	3.8278	0.4225	0.4694	0.1869	4.2706	3.2955	5.5263
98	159	0.3813	6	1	1	1	0	0	0	0	0	N	N	N	N	N	N	N	N	N	N	N	N	0.0141	0.0033	0.4127	0.0389	0.0101	2.7769	0.0004	0.0000	0.0135	0.0116	0.0036	0.0712	0.0279	0.0084	0.3211	0.0004	0.0000	0.0027	0.8234	1.0961	0.1726	0.7172	0.8353	0.1156	0.9533	1.5857	0.1977	2.6153	0.0660	0.0003	-0.2982	0.9502	7.3933	16.1595	20.5306	0.0009	0.0002	0.0006	0.0009	0.0002	0.0006	0.0000	0.0000	0.0000	0.7522	0.7056	0.0466	0.3604	0.3508	0.0095	0.3918	0.3548	0.0370	0.0768	0.0677	0.0091	0.0313	0.0293	0.0019	0.0455	0.0384	0.0071	0.9135	0.6438	0.2697	0.5024	0.4200	0.0824	0.4110	0.2237	0.1873	0.0141	0.0033	0.4127	0.0389	0.0101	2.7769	0.0004	0.0000	0.0135	0.8234	1.0961	0.1726	0.7172	0.8353	0.1156	0.9533	1.5857	0.1977
98	160	0.1452	5	1	1	1	0	0	0	0	0	N	N	N	N	N	N	N	N	N	N	N	N	0.0024	0.0031	0.0000	0.0106	0.0090	0.0000	0.0000	0.0000	0.0000	0.0036	0.0042	0.0000	0.0243	0.0254	0.0000	0.0000	0.0000	0.0000	1.4998	1.3415	1.7402	2.2922	2.8338	0.0230	1.1946	0.4563	2.0081	0.0000	0.8542	-0.0003	0.0049	0.9502	27.6416	16.1595	54.6365	0.0006	0.0006	0.0000	0.0006	0.0006	0.0000	0.0000	0.0000	0.0000	2.1268	1.1470	0.9798	0.9038	0.9021	0.0017	1.2229	0.2449	0.9780	0.1784	0.1539	0.0245	0.0266	0.0254	0.0011	0.1518	0.1285	0.0234	1.4180	0.8550	0.5630	0.3943	0.3183	0.0760	1.0237	0.5367	0.4870	0.0024	0.0031	0.0000	0.0106	0.0090	0.0000	0.0000	0.0000	0.0000	1.4998	1.3415	1.7402	2.2922	2.8338	0.0230	1.1946	0.4563	2.0081
98	161	0.2497	11	2	2	1	0	0	0	0	0	Y	Y	N	N	N	N	N	N	N	N	N	N	0.0000	0.0000	0.0000	0.0000	0.0000	0.0000	0.0000	0.0000	0.0000	0.0000	0.0000	0.0000	0.0000	0.0000	0.0000	0.0000	0.0000	0.0001	0.0002	0.0000	0.0004	0.0005	0.0000	0.0000	0.0000	0.0000	0.0095	0.0000	-0.0000	0.9502	0.0002	16.1595	3.0099	0.0000	0.0000	0.0000	0.0000	0.0000	0.0000	0.0000	0.0000	0.0000	0.0000	0.0000	0.0000	0.0000	0.0000	0.0000	0.0000	0.0000	0.0000	0.0000	0.0000	0.0000	0.0000	0.0000	0.0000	0.0000	0.0000	0.0000	0.0701	0.0430	0.0271	0.0228	0.0187	0.0040	0.0474	0.0243	0.0231	0.0000	0.0000	0.0000	0.0000	0.0000	0.0000	0.0000	0.0000	0.0000	0.0001	0.0002	0.0000	0.0004	0.0005	0.0000	0.0000	0.0000	0.0000		
98	162	0.2421	10	2	2	1	0	0	0	0	0	Y	Y	N	N	N	N	N	N	N	N	N	N	0.0000	0.0000	0.0000	0.0000	0.0000	0.0000	0.0000	0.0000	0.0000	0.0000	0.0000	0.0000	0.0000	0.0000	0.0000	0.0000	0.0001	0.0000	0.0004	0.0000	0.0000	0.0000	0.0002	0.0000	0.0004	105.7800	0.0000	0.0000	0.9502	0.9998	16.1595	2.0118	0.0000	0.0000	0.0000	0.0000	0.0000	0.0000	0.0000	0.0000	0.0000	0.0000	0.0000	0.0000	0.0000	0.0000	0.0000	0.0000	0.0000	0.0000	0.0075	0.0062	0.0013	0.0017	0.0013	0.0004	0.0058	0.0049	0.0009	0.0686	0.0417	0.0269	0.0219	0.0178	0.0040	0.0467	0.0239	0.0229	0.0000	0.0000	0.0000	0.0000	0.0000	0.0000	0.0000	0.0000	0.0000	0.0001	0.0000	0.0004	0.0000	0.0000	0.0000	0.0002	0.0000	0.0004			
98	163	0.2421	9	2	2	1	0	0	0	0	0	Y	Y	N	N	N	N	N	N	N	N	N	N	0.0000	0.0000	0.0000	0.0000	0.0000	0.0000	0.0000	0.0000	0.0000	0.0000	0.0000	0.0000	0.0000	0.0000	0.0000	0.0000	0.0000	0.0000	0.0000	0.0000	0.9502	0.0000	16.1595	0.0003	0.0000	0.0000	0.0000	0.0000	0.0000	0.0000	0.0000	0.0000	0.0000	0.0000	0.0000	0.0000	0.0000	0.0000	0.0000	0.0000	0.0000	0.0000	0.0000	0.0000	0.0000	0.0000	0.0000	0.0000	0.0000	0.0000	0.0000	0.0000	0.0000	0.0000	0.0000	0.0000	0.0000	0.0000	0.0000	0.0000	0.0000	0.0000	0.0000	0.0000	0.0000	0.0000	0.0000	0.0000	0.0000	0.0000	0.0000	0.0000	0.0000	0.0000	0.0000	0.0000	0.0000	0.0000											
98	164	0.2311	8	1	2	1	0	0	0	0	0	N	Y	N	N	N	N	N	N	N	N	N	N	1161.0780	1542.9510	0.0000	831.7171	1230.7790	0.0000	141.3767	52065.7806	0.0000	2.5571	3.3001	0.0000	4.1689	5.5890	0.0000	0.0979	0.1195	0.0000	0.0022	0.0021	0.0023	0.0050	0.0045	0.0075	0.0007	0.0000	0.0014	0.0000	0.6512	-0.0003	-0.0000	0.9502	0.0063	16.1595	4.3641	0.0006	0.0006	0.0000	0.0006	0.0006	0.0000	0.0000	0.0000	0.0000	0.0003	0.0002	0.0001	0.0002	0.0002	0.0000	0.0001	0.0000	0.0001	0.0002	0.0002	0.0001	0.0001	0.0001	0.0000	0.0001	0.0001	0.0000	0.1161	0.0724	0.0437	0.0406	0.0341	0.0065	0.0755	0.0383	0.0372	1161.0780	1542.9510	0.0000	831.7171	1230.7790	0.0000	141.3767	52065.7806	0.0000	0.0022	0.0021	0.0023	0.0050	0.0045	0.0075	0.0007	0.0000	0.0014
98	165	0.1992	7	1	1	1	0	0	0	0	0	N	N	N	N	N	N	N	N	N	N	N	N	588.4138	584.4357	5.1619	440.9041	580.5112	3.1791	0.5487	0.6234	0.0057	5.4717	7.0344	0.0234	8.8751	12.6562	0.0282	0.0021	0.0023	0.0000	0.0093	0.0120	0.0045	0.0201	0.0218	0.0089	0.0038	0.0038	0.0039	0.0010	0.2156	-0.1696	-0.0009	0.9502	2.5207	16.1595	10.0226	0.3853	0.3849	0.0004	0.3852	0.3848	0.0004	0.0001	0.0001	0.0000	0.0033	0.0027	0.0006	0.0024	0.0023	0.0001	0.0009	0.0005	0.0004	0.0704	0.0547	0.0157	0.0434	0.0304	0.0130	0.0270	0.0243	0.0027	0.3549	0.2256	0.1293	0.1189	0.1035	0.0154	0.2360	0.1221	0.1140	588.4138	584.4357	5.1619	440.9041	580.5112	3.1791	0.5487	0.6234	0.0057	0.0093	0.0120	0.0045	0.0201	0.0218	0.0089	0.0038	0.0038	0.0039
98	166	0.1836	6	1	1	1	0	0	0	0	0	N	N	N	N	N	N	N	N	N	N	N	N	4.1831	3.1366	3.2027	206.2888	432.3106	5.0039	0.0001	0.0001	0.0065	14.7874	17.0419	1.2744	39.1743	43.1649	4.6534	0.0008	0.0006	0.0021	3.5350	5.4332	0.3979	0.1899	0.0998	0.9300	5.6530	10.3064	0.3195	0.0125	0.0383	-0.2405	-0.4113	0.9502	2.6894	16.1595	4.6619	0.5608	0.5539	0.0069	0.5608	0.5539	0.0069	0.0000	0.0000	0.0000	0.9757	0.9398	0.0360	0.0203	0.0095	0.0108	0.9554	0.9302	0.0252	0.0379	0.0325	0.0054	0.0143	0.0128	0.0015	0.0236	0.0197	0.0039	0.2760	0.1857	0.0904	0.1070	0.0954	0.0116	0.1690	0.0903	0.0787	4.1831	3.3667	3.2027	206.2888	432.3106	5.0039	0.0001	0.0001	0.0065	3.5350	5.0619	0.3979	0.1899	0.0998	0.9300	5.6530	10.3064	0.3195
98	167	0.1452	5	1	1	1	0	0	0	0	0	N	N	N	N	N	N	N	N	N	N	N	N	1.6763	1.9658	0.0000	6.3703	14.8720	0.0000	0.0000	0.0000	0.0000	0.8354	0.9735	0.0000	5.4138	5.6552	0.0000	0.0000	0.0000	0.0000	0.4983	0.4952	0.5033	0.8498	0.3803	3.1814	0.3141	0.5954	0.0318	0.0000	0.6365	-0.0075	-0.0107	0.9502	2.7966	16.1595	8.5340	0.0170	0.0170	0.0000	0.0170	0.0170	0.0000	0.0000	0.0000	0.0000	0.1546	0.0945	0.0601	0.0907	0.0338	0.0569	0.0639	0.0607	0.0032	0.0204	0.0175	0.0029	0.0031	0.0030	0.0001	0.0172	0.0145	0.0028	0.3103	0.1908	0.1195	0.1067	0.0888	0.0179	0.2036	0.1020	0.1016	1.6763	1.9658	0.0000	6.3703	14.8720	0.0000	0.0000	0.0000	0.0000	0.4983	0.4952	0.5033	0.8498	0.3803	3.1814	0.3141	0.5954	0.0318
99	100	0.1943	6	1	1	1	0	0	0	0	0	N	N	N	N	N	N	N	N	N	N	N	N	0.0000	0.0000	0.0000	0.0000	0.0000	0.0000	0.0000	0.0000	0.0000	0.0000	0.0000	0.0000	0.0000	0.0000	0.0000	0.0000	0.0000	0.0000	3.6482	7.3267	0.0109	30.6273	37.1344	0.0000	0.0063	0.0000	0.0127	0.0012	0.0000	-0.9071	11.9964	1.0008	15.6499	13.9255	0.0000	0.0000	0.0000	0.0000	0.0000	0.0000	0.0000	0.0000	0.0000	1.9842	1.9818	0.0024	1.9818	1.9818	0.0000	0.0024	0.0000	0.0024	0.0742	0.0630	0.0112	0.0066	0.0060	0.0006	0.0676	0.0570	0.0106	0.5439	0.3255	0.2184	0.1683	0.1371	0.0312	0.3755	0.1884	0.1872	0.0000	0.0000	0.0000	0.0000	0.0000	0.0000	0.0000	0.0000	0.0000	3.6482	6.0882	0.0109	11.7732	14.4510	0.0000	0.0063	0.0000	0.0127	
99	101	0.1914	5	1	1	1	0	0	0	0	0	N	N	N	N	N	N	N	N	N	N	N	N	0.0000	0.0000	0.0000	0.0000	0.0000	0.0000	0.0000	0.0000	0.0000	0.0000	0.0000	0.0000	0.0000	0.0000	0.0000	0.0000	0.0000	0.0000	2.9215	2.4574	3.8814	8.8012	4.1276	23.8433	0.0814	0.0229	0.1461	0.7637	0.0000	-0.0111	11.9964	0.0532	15.6499	2.0467	0.0000	0.0000	0.0000	0.0000	0.0000	0.0000	0.0000	0.0000	0.0000	0.4373	0.2479	0.1893	0.4309	0.2470	0.1839	0.0064	0.0009	0.0054	0.0173	0.0156	0.0017	0.0070	0.0070	0.0000	0.0103	0.0086	0.0017	0.1497	0.1009	0.0488	0.0714	0.0598	0.0116	0.0782	0.0411	0.0372	0.0000	0.0000	0.0000	0.0000	0.0000	0.0000	0.0000	0.0000	0.0000	2.9215	2.4574	3.8814	6.0307	4.1276	15.8396	0.0814	0.0229	0.1461	
99	102	0.1817	4	1	1	1	0	0	0	0	0	N	N	N	N	N	N	N	N	N	N	N	N	0.0000	0.0000	0.0000	0.0000	0.0000	0.0000	0.0000	0.0000	0.0000	0.0000	0.0000	0.0000	0.0000	0.0000	0.0000	0.0000	0.0000	0.0000	1.6143	1.2562	2.2817	4.3640	2.6737	17.1224	0.0207	0.0033	0.0416	0.9745	0.0000	0.0144	11.9964	2.0948	15.6499	3.0326	0.0000	0.0000	0.0000	0.0000	0.0000	0.0000	0.0000	0.0000	0.0000	0.4107	0.2080	0.2027	0.4073	0.2077	0.1996	0.0033	0.0003	0.0030	0.1670	0.1427	0.0243	0.0195	0.0184	0.0012	0.1475	0.1244	0.0231	0.2544	0.1656	0.0888	0.0933	0.0777	0.0157	0.1611	0.0879	0.0732	0.0000	0.0000	0.0000	0.0000	0.0000	0.0000	0.0000	0.0000	0.0000	1.6143	1.2562	2.2817	4.3640	2.6737	12.7486	0.0207	0.0033	0.0416	
99	103	0.1608	3	1	1	1	0	0	0	0	0	N	N	N	N	N	N	N	N	N	N	N	N	0.0000	0.0000	0.0000	0.0000	0.0000	0.0000	0.0000	0.0000	0.0000	0.0000	0.0000	0.0000	0.0000	0.0000	0.0000	0.0000	0.0000	0.0000	2.3685	3.7084	0.0102	15.1091	17.1463	0.0268	0.0097	0.0114	0.0077	0.0016	0.0000	-0.4724	11.9964	3.9484	15.6499	4.8420	0.0000	0.0000	0.0000	0.0000	0.0000	0.0000	0.0000	0.0000	0.0000	1.0341	1.0325	0.0016	1.0311	1.0306	0.0005	0.0030	0.0019	0.0011	0.2883	0.2445	0.0438	0.0131	0.0121	0.0010	0.2752	0.2324	0.0428	0.4366	0.2784	0.1582	0.1291	0.1090	0.0201	0.3075	0.1694	0.1381	0.0000	0.0000	0.0000	0.0000	0.0000	0.0000	0.0000	0.0000	0.0000	2.3685	3.7084	0.0102	7.9863	9.4515	0.0268	0.0097	0.0114	0.0077	
99	104	0.1192	2	0	2	0	0	0	0	0	0	N	Y	N	N	N	N	N	N	N	N	N	N	0.2997	0.0000	72.6123	0.0254	0.0001	305.0793	0.7669	0.0000	71.5813	0.1868	0.0000	1.2381	0.0715	0.0002	1.1183	0.1963	0.0000	1.2420	0.6235	1.0746	0.0171	2.8137	3.0101	0.0037	0.2560	0.4828	0.0174	12488.6372	0.0118	0.0698	-0.4190	11.9964	8.9557	15.6499	32.3127	0.1249	0.0000	0.1249	0.0036	0.0000	0.0036	0.1213	0.0000	0.1213	0.9380	0.9270	0.0109	0.6081	0.6080	0.0001	0.3299	0.3190	0.0109	0.6685	0.5676	0.1009	0.0509	0.0477	0.0032	0.6176	0.5199	0.0976	1.5044	0.8627	0.6417	0.2161	0.2020	0.0141	1.2883	0.6607	0.6276	0.2997	0.0000	72.6123	0.0254	0.0001	305.0793	0.7669	0.0000	71.5813	0.6235	1.0746	0.0171	2.8137	3.0101	0.0037	0.2560	0.4828	0.0174
99	105	0.1447	3	0	1	1	0	0	0	0	0	N	N	N	N	N	N	N	N	N	N	N	N	741.9153	0.1178	2025.4301	0.1356	0.2397	0.0000	754.4675	0.0000	2068.4514	2.8390	0.0000	18.1116	0.0002	0.0002	0.0000	3.2279	0.0000	18.7537	0.0038	0.0003	0.0089	0.0017	0.0010	0.0067	0.0043	0.0000	0.0091	101127.8780	21.9245	0.5652	0.0009	11.9964	4.2679	15.6499	7.8415	1.0113	0.0000	1.0113	0.0000	0.0000	0.0000	1.0113	0.0000	1.0113	0.0018	0.0001	0.0017	0.0001	0.0001	0.0001	0.0017	0.0000	0.0017	0.3562	0.3004	0.0558	0.0429	0.0410	0.0019	0.3133	0.2594	0.0539	0.4710	0.2783	0.1928	0.0831	0.0729	0.0102	0.3879	0.2053	0.1826	741.9153	0.1178	2025.4301	0.1356	0.2397	0.0000	754.4675	0.0000	2068.4514	0.0038	0.0003	0.0089	0.0017	0.0010	0.0067	0.0043	0.0000	0.0091
99	106	0.1192	2	0	1	0	0	0	0	0	0	N	N	N	N	N	N	N	N	N	N	N	N	0.3906	15.3234	0.9596	2.0494	47.0080	0.6781	0.3064	0.0000	0.9716	0.8022	0.0760	4.8325	0.6687	0.5206	4.5374	0.8219	0.0000	4.8419	2.0537	0.0050	5.0361	0.3263	0.0111	6.6910	2.6826	0.0004	4.9833	11.4520	697.2130	0.0648	0.7424	11.9964	1.9301	15.6499	9.0954	0.1353	0.0109	0.1245	0.0145	0.0109	0.0036	0.1208	0.0000	0.1208	1.3743	0.0020	1.3724	0.0583	0.0019	0.0564	1.3161	0.0001	1.3160	0.1687	0.1430	0.0258	0.0217	0.0209	0.0008	0.1470	0.1221	0.0250	0.6692	0.3967	0.2725	0.1786	0.1702	0.0084	0.4906	0.2265	0.2641	0.3906	15.3234	0.9596	2.0494	47.0080	0.6781	0.3064	0.0000	0.9716	2.0537	0.0050	5.0361	0.3263	0.0111	6.6910	2.6826	0.0004	4.9833
99	108	0.1081	3	0	2	0	0	0	0	0	0	N	Y	N	N	N	N	N	N	N	N	N	N	176.9743	10.5475	1482.2912	107.1404	92.3250	5442.4049	482.2296	0.0000	1470.5260	1.7759	0.1267	10.7781	4.8679	4.4085	34.7840	1.6977	0.0000	10.7201	0.0100	0.0120	0.0073	0.0454	0.0477	0.0064	0.0035	0.0000	0.0073	15.5905	0.4324	0.5291	-0.0019	11.9964	8.0392	15.6499	22.6195	1.0611	0.0640	0.9971	0.0717	0.0640	0.0077	0.9894	0.0000	0.9894	0.0121	0.0084	0.0037	0.0085	0.0084	0.0001	0.0036	0.0000	0.0036	0.5975	0.5050	0.0925	0.0147	0.0145	0.0002	0.5828	0.4905	0.0923	1.2057	0.7035	0.5023	0.1874	0.1769	0.0105	1.0183	0.5266	0.4918	176.9743	10.5475	1482.2912	107.1404	92.3250	5442.4049	482.2296	0.0000	1470.5260	0.0100	0.0120	0.0073	0.0454	0.0477	0.0064	0.0035	0.0000	0.0073
99	109	0.1081	2	0	1	0	0	0	0	0	0	N	N	N	N	N	N	N	N	N	N	N	N	43.1471	39.2842	71.1429	51.5755	51.6524	29.0070	39.2926	152.6231	71.1116	3.3600	2.2384	8.9477	5.2107	5.2118	3.3192	2.4790	0.3609	8.9538	0.0779	0.0570	0.1258	0.1010	0.1009	0.1144	0.0631	0.0024	0.1259	0.8025	0.9630	0.0006	0.0008	11.9964	0.2031	15.6499	2.0398	0.1407	0.0781	0.0626	0.0704	0.0703	0.0000	0.0703	0.0077	0.0626	0.0237	0.0121	0.0116	0.0120	0.0119	0.0001	0.0117	0.0002	0.0115	0.0419	0.0349	0.0070	0.0135	0.0135	0.0000	0.0284	0.0214	0.0070	0.3045	0.2120	0.0925	0.1186	0.1175	0.0011	0.1858	0.0945	0.0913	43.1471	39.2842	71.1429	51.5755	51.6524	29.0070	39.2926	152.6231	71.1116	0.0779	0.0570	0.1258	0.1010	0.1009	0.1144	0.0631	0.0024	0.1259
99	110	0.6886	8	1	1	1	0	0	0	0	0	N	N	N	N	N	N	N	N	N	N	N	N	0.0000	0.0000	0.0000	0.0000	0.0000	0.0000	0.0000	0.0000	0.0000	0.0000	0.0000	0.0000	0.0000	0.0000	0.0000	0.0000	0.0000	0.0000	0.0000	0.0000	11.9964	0.0001	15.6499	0.0001	0.0000	0.0000	0.0000	0.0000	0.0000	0.0000	0.0000	0.0000	0.0000	0.0000	0.0000	0.0000	0.0000	0.0000	0.0000	0.0000	0.0000	0.0000	0.0082	0.0065	0.0017	0.0041	0.0041	0.0000	0.0041	0.0024	0.0017	0.0003	0.0002	0.0001	0.0002	0.0002	0.0000	0.0002	0.0000	0.0001	0.0000	0.0000	0.0000	0.0000	0.0000	0.0000	0.0000	0.0000	0.0000	0.0000	0.0000	0.0000	0.0000	0.0000	0.0000	0.0000	0.0000	0.0000											
99	111	0.6747	7	1	1	1	0	0	0	0	0	N	N	N	N	N	N	N	N	N	N	N	N	1.7307	2.3482	0.0000	9.5325	9.5749	0.0000	0.0348	0.0508	0.0000	0.0031	0.0036	0.0000	0.0113	0.0119	0.0000	0.0001	0.0001	0.0000	0.0018	0.0015	0.0024	0.0012	0.0012	0.0010	0.0031	0.0025	0.0036	0.0000	0.6894	-0.0002	-0.0000	11.9964	1.6718	15.6499	2.9223	0.0004	0.0004	0.0000	0.0004	0.0004	0.0000	0.0000	0.0000	0.0000	0.0003	0.0002	0.0001	0.0001	0.0001	0.0000	0.0002	0.0001	0.0001	0.1285	0.1117	0.0167	0.0345	0.0327	0.0017	0.0940	0.0790	0.0150	0.1789	0.1250	0.0539	0.1204	0.0969	0.0235	0.0585	0.0281	0.0304	1.7307	2.3482	0.0000	9.5325	9.5749	0.0000	0.0348	0.0508	0.0000	0.0018	0.0015	0.0024	0.0012	0.0012	0.0010	0.0031	0.0025	0.0036
99	112	0.5912	6	1	1	1	0	0	0	0	0	N	N	N	N	N	N	N	N	N	N	N	N	2.4504	1.9886	0.0000	4.7749	4.2875	0.0000	0.0000	0.0000	0.0000	3.0057	3.4344	0.0000	9.9493	10.5985	0.0000	0.0000	0.0000	0.0000	1.2266	1.7270	0.1167	2.0837	2.4720	0.3200	0.0533	0.0908	0.0141	0.0000	0.0305	-1.3201	-0.3199	11.9964	14.0283	15.6499	7.1084	2.9927	2.9927	0.0000	2.9927	2.9927	0.0000	0.0000	0.0000	0.0000	0.7460	0.7239	0.0221	0.7323	0.7120	0.0203	0.0137	0.0119	0.0018	0.9957	0.8714	0.1243	0.3008	0.2824	0.0184	0.6949	0.5890	0.1059	0.6082	0.4192	0.1890	0.3515	0.2880	0.0634	0.2567	0.1312	0.1256	2.4504	1.9886	0.0000	4.7749	4.2875	0.0000	0.0000	0.0000	0.0000	1.2266	1.7270	0.1167	2.0837	2.4720	0.3200	0.0533	0.0908	0.0141
99	113	0.5310	5	0	1	0	0	0	0	0	0	N	N	N	N	N	N	N	N	N	N	N	N	0.1243	0.1344	0.0005	0.2646	0.2547	0.0052	0.0480	0.0972	0.0000	0.0584	0.0661	0.0002	0.1531	0.1607	0.0016	0.0158	0.0186	0.0000	0.4699	0.4917	0.4209	0.5785	0.6311	0.3053	0.3296	0.1911	0.4694	0.0004	0.3812	-0.0217	-0.0606	11.9964	8.6129	15.6499	5.1709	0.0493	0.0493	0.0000	0.0401	0.0400	0.0000	0.0092	0.0092	0.0000	0.3323	0.2406	0.0917	0.2306	0.2110	0.0196	0.1017	0.0296	0.0721	0.8439	0.7452	0.0987	0.2617	0.2491	0.0126	0.5822	0.4960	0.0861	0.7072	0.4893	0.2179	0.3987	0.3343	0.0643	0.3085	0.1550	0.1535	0.1243	0.1344	0.0005	0.2646	0.2547	0.0052	0.0480	0.0972	0.0000	0.4699	0.4917	0.4209	0.5785	0.6311	0.3053	0.3296	0.1911	0.4694
99	114	0.4358	4	0	1	0	0	0	0	0	0	N	N	N	N	N	N	N	N	N	N	N	N	1.8018	5.8768	0.0118	10.2202	9.7036	0.0381	0.6610	28.5267	0.0099	1.5729	1.8185	0.0238	4.2242	4.5664	0.0045	0.8850	1.0400	0.0262	0.8729	0.3094	2.0202	0.4133	0.4706	0.1180	1.3389	0.0365	2.6484	0.0021	3.2067	-0.8499	0.3882	11.9964	16.8607	15.6499	22.7724	1.9359	1.9319	0.0040	1.0710	1.0709	0.0001	0.8649	0.8610	0.0039	1.2773	0.3036	0.9736	0.3045	0.2903	0.0141	0.9728	0.0133	0.9595	1.2308	1.0624	0.1684	0.2535	0.2345	0.0190	0.9773	0.8279	0.1494	1.4632	0.9812	0.4820	0.7366	0.6170	0.1197	0.7266	0.3643	0.3623	1.8018	5.8768	0.0118	10.2202	9.7036	0.0381	0.6610	28.5267	0.0099	0.8729	0.3094	2.0202	0.4133	0.4706	0.1180	1.3389	0.0365	2.6484
99	115	0.1671	3	1	1	1	0	0	0	0	0	N	N	N	N	N	N	N	N	N	N	N	N	0.0000	0.0000	0.0000	0.0000	0.0000	0.0000	0.0000	0.0000	0.0000	0.0000	0.0000	0.0000	0.0000	0.0000	0.0000	0.0000	0.0000	0.0002	0.0000	0.0006	0.0001	0.0000	0.0023	0.0002	0.0000	0.0005	16.1705	0.0000	0.0000	11.9964	1.0009	15.6499	4.0038	0.0000	0.0000	0.0000	0.0000	0.0000	0.0000	0.0000	0.0000	0.0000	0.0001	0.0000	0.0001	0.0000	0.0000	0.0000	0.0001	0.0000	0.0001	0.0788	0.0671	0.0117	0.0058	0.0055	0.0003	0.0730	0.0616	0.0115	0.3121	0.2034	0.1087	0.0909	0.0877	0.0031	0.2212	0.1157	0.1055	0.0000	0.0000	0.0000	0.0000	0.0000	0.0000	0.0000	0.0000	0.0000	0.0002	0.0000	0.0006	0.0001	0.0000	0.0023	0.0002	0.0000	0.0005		
99	116	0.1388	2	1	1	1	0	0	0	0	0	N	N	N	N	N	N	N	N	N	N	N	N	0.5430	0.1092	2.3506	0.4295	0.3063	2.4030	0.7724	0.4525	2.3696	0.0960	0.0151	0.5469	0.1889	0.1348	1.0433	0.0907	0.0075	0.5361	0.1768	0.1388	0.2327	0.4397	0.4401	0.4342	0.1174	0.0165	0.2262	6.4737	1.1401	0.0057	0.0071	11.9964	1.8441	15.6499	10.4794	0.0134	0.0018	0.0116	0.0014	0.0010	0.0005	0.0120	0.0008	0.0111	0.0950	0.0444	0.0506	0.0436	0.0406	0.0029	0.0515	0.0038	0.0477	0.1394	0.1182	0.0212	0.0076	0.0071	0.0005	0.1318	0.1111	0.0207	0.5376	0.3200	0.2176	0.0991	0.0923	0.0067	0.4385	0.2276	0.2109	0.5430	0.1092	2.3506	0.4295	0.3063	2.4030	0.7724	0.4525	2.3696	0.1768	0.1388	0.2327	0.4397	0.4401	0.4342	0.1174	0.0165	0.2262
99	117	0.3231	2	0	2	0	1	0	0	0	0	N	Y	N	N	N	N	N	N	N	N	N	N	2.1858	7.2961	0.1231	0.6967	0.6929	1.1766	1.8242	29.5517	0.0888	0.8259	0.9358	0.1131	0.1398	0.1282	0.3646	0.9859	1.1472	0.0943	0.3779	0.1283	0.9190	0.2007	0.1851	0.3099	0.5404	0.0388	1.0619	0.0186	3.3049	-0.3042	0.1920	11.9964	10.5071	15.6499	20.2622	0.7195	0.7064	0.0132	0.0230	0.0201	0.0030	0.6965	0.6863	0.0102	0.6208	0.1442	0.4766	0.1578	0.1273	0.0305	0.4630	0.0170	0.4461	0.8712	0.7548	0.1163	0.1647	0.1566	0.0081	0.7065	0.5982	0.1083	1.6430	1.1244	0.5186	0.7863	0.6877	0.0986	0.8567	0.4367	0.4200	2.1858	7.2961	0.1231	0.6967	0.6929	1.1766	1.8242	29.5517	0.0888	0.3779	0.1283	0.9190	0.2007	0.1851	0.3099	0.5404	0.0388	1.0619
99	119	0.1253	2	0	2	0	0	0	0	0	0	N	Y	N	N	N	N	N	N	N	N	N	N	0.4175	0.5949	0.0231	0.0284	0.0184	8.7215	0.5282	1.2315	0.0175	0.8193	0.9581	0.0570	0.1036	0.0705	2.1609	0.8651	1.0249	0.0439	1.9623	1.6104	2.4699	3.6449	3.8314	0.2478	1.6379	0.8322	2.5165	0.0108	1.0633	-0.1080	0.1159	11.9964	3.8169	15.6499	21.2433	0.2509	0.2482	0.0027	0.0019	0.0013	0.0006	0.2490	0.2469	0.0021	2.0350	0.9863	1.0487	0.6110	0.6089	0.0022	1.4240	0.3774	1.0466	0.3062	0.2591	0.0472	0.0184	0.0181	0.0003	0.2878	0.2410	0.0469	1.0370	0.6124	0.4246	0.1676	0.1589	0.0087	0.8694	0.4535	0.4159	0.4175	0.5949	0.0231	0.0284	0.0184	8.7215	0.5282	1.2315	0.0175	1.9623	1.6104	2.4699	3.6449	3.8314	0.2478	1.6379	0.8322	2.5165
99	120	0.4710	6	0	2	0	0	0	0	0	0	N	Y	N	N	N	N	N	N	N	N	N	N	1.1734	0.9241	0.0075	6.6984	5.8953	0.0260	0.0795	0.0494	0.0000	0.7094	0.8142	0.0001	2.5688	2.7121	0.0011	0.0683	0.0808	0.0000	0.6046	0.8810	0.0156	0.3835	0.4601	0.0427	0.8583	1.6330	0.0036	0.0000	0.0083	-0.4159	-0.5999	11.9964	16.3276	15.6499	34.9199	0.9430	0.9430	0.0000	0.8755	0.8755	0.0000	0.0675	0.0675	0.0000	1.3328	1.3218	0.0110	0.4518	0.4425	0.0092	0.8810	0.8793	0.0018	1.3293	1.1582	0.1710	0.3408	0.3228	0.0180	0.9884	0.8354	0.1530	2.2045	1.5004	0.7041	1.1780	0.9619	0.2161	1.0265	0.5384	0.4880	1.1734	0.9241	0.0075	6.6984	5.8953	0.0260	0.0795	0.0494	0.0000	0.6046	0.8810	0.0156	0.3835	0.4601	0.0427	0.8583	1.6330	0.0036
99	121	0.4537	5	0	2	0	0	0	0	0	0	N	Y	N	N	N	N	N	N	N	N	N	N	9.3433	9.2414	2.6972	21.6650	23.0355	0.0969	5.5881	4.3373	4.2259	4.0163	4.5214	0.7706	9.2414	9.6976	0.0439	2.4273	2.7334	0.8354	0.4299	0.4893	0.2857	0.4266	0.4210	0.4530	0.4344	0.6302	0.1977	0.0265	0.2407	-0.8834	-0.1690	11.9964	6.1757	15.6499	14.5601	2.1272	2.0722	0.0550	1.1414	1.1411	0.0003	0.9858	0.9311	0.0547	0.6392	0.5152	0.1240	0.3664	0.2987	0.0678	0.2728	0.2166	0.0562	0.5296	0.4583	0.0713	0.1235	0.1177	0.0058	0.4061	0.3406	0.0655	1.4870	1.0531	0.4340	0.8590	0.7094	0.1496	0.6280	0.3436	0.2843	9.3433	9.2414	2.6972	21.6650	23.0355	0.0969	5.5881	4.3373	4.2259	0.4299	0.4893	0.2857	0.4266	0.4210	0.4530	0.4344	0.6302	0.1977
99	122	0.4007	4	0	1	0	0	0	0	0	0	N	N	N	N	N	N	N	N	N	N	N	N	0.9948	0.8103	1.5788	2.3404	2.2781	0.2075	0.5523	0.3327	2.7441	1.1224	1.2488	0.2817	2.3068	2.4345	0.0884	0.7022	0.7766	0.3054	1.1282	1.5411	0.1785	0.9857	1.0686	0.4258	1.2716	2.3344	0.1113	0.0339	0.0503	-0.3131	-0.7259	11.9964	7.5400	15.6499	21.4192	0.7669	0.7417	0.0252	0.4127	0.4118	0.0009	0.3542	0.3299	0.0243	1.7685	1.6837	0.0848	0.7749	0.7317	0.0432	0.9936	0.9521	0.0416	0.6833	0.5939	0.0894	0.1789	0.1692	0.0097	0.5044	0.4248	0.0796	1.5676	1.0925	0.4750	0.7861	0.6847	0.1014	0.7814	0.4078	0.3736	0.9948	0.8103	1.5788	2.3404	2.2781	0.2075	0.5523	0.3327	2.7441	1.1282	1.5411	0.1785	0.9857	1.0686	0.4258	1.2716	2.3344	0.1113
99	123	0.1608	3	0	2	0	0	0	0	0	0	N	Y	N	N	N	N	N	N	N	N	N	N	1.3565	0.0000	27.0389	0.0000	0.0000	0.0000	1.9456	0.0000	26.4455	3.4234	0.0000	22.5437	0.0000	0.0000	0.0000	3.5859	0.0000	23.0556	2.5237	3.6331	0.8338	4.8811	5.5754	0.4899	1.8431	2.6946	0.8718	inf	0.1507	0.5589	-0.7535	11.9964	4.0019	15.6499	19.5615	1.0000	0.0000	1.0000	0.0000	0.0000	0.0000	1.0000	0.0000	1.0000	2.3011	1.9998	0.3013	1.0175	0.9998	0.0176	1.2836	1.0000	0.2836	0.2921	0.2478	0.0444	0.0132	0.0123	0.0010	0.2789	0.2355	0.0434	0.9118	0.5504	0.3613	0.2153	0.1793	0.0360	0.6964	0.3711	0.3253	1.3565	0.0000	27.0389	0.0000	0.0000	0.0000	1.9456	0.0000	26.4455	2.5237	3.6331	0.8338	4.7248	5.5754	0.4899	1.8431	2.6946	0.8718
99	124	0.1388	2	0	1	0	0	0	0	0	0	N	N	N	N	N	N	N	N	N	N	N	N	0.0313	0.0026	0.1877	0.2690	0.0000	3.4904	0.0274	0.0020	0.1787	0.1320	0.0098	0.8135	0.0840	0.0000	1.5565	0.1351	0.0105	0.7974	4.2209	3.7646	4.3348	0.3122	0.3033	0.4459	4.9214	5.3473	4.4625	14.8685	0.7575	0.0061	-0.0481	11.9964	1.2223	15.6499	8.2281	0.0124	0.0008	0.0116	0.0005	0.0000	0.0005	0.0119	0.0008	0.0111	1.7582	1.0004	0.7578	0.0278	0.0253	0.0025	1.7305	0.9751	0.7553	0.0937	0.0795	0.0143	0.0056	0.0053	0.0003	0.0882	0.0742	0.0140	0.4406	0.2657	0.1748	0.0889	0.0834	0.0056	0.3516	0.1824	0.1693	0.0331	0.0026	0.1877	0.2690	0.0000	3.4904	0.0274	0.0020	0.1787	3.9909	3.7646	4.3348	0.3122	0.3033	0.4459	4.9214	5.3473	4.4625
99	126	0.1240	3	0	2	0	0	0	0	0	0	N	Y	N	N	N	N	N	N	N	N	N	N	1.2490	207.8273	0.2238	1.3993	1.3403	3.7963	1.0821	61376629.5627	0.2185	2.6826	2.9591	1.1724	0.0662	0.0654	0.1018	2.8411	3.1640	1.1810	2.1478	0.0142	5.2396	0.0473	0.0488	0.0268	2.6255	0.0000	5.4055	0.0725	253.9332	-0.3948	1.0747	11.9964	5.0407	15.6499	17.1705	1.0571	0.9856	0.0715	0.0015	0.0014	0.0000	1.0556	0.9841	0.0715	1.9986	0.0078	1.9908	0.0082	0.0078	0.0003	1.9905	0.0000	1.9905	0.3941	0.3331	0.0610	0.0225	0.0220	0.0005	0.3715	0.3110	0.0605	0.9305	0.5506	0.3799	0.1724	0.1607	0.0117	0.7581	0.3899	0.3682	1.2490	207.8273	0.2238	1.3993	1.3403	3.7963	1.0821	61376629.5627	0.2185	2.1478	0.0142	5.2396	0.0473	0.0488	0.0268	2.6255	0.0000	5.4055
99	127	0.1081	2	0	2	0	0	0	0	0	0	N	Y	N	N	N	N	N	N	N	N	N	N	86.6473	4.2159	394.9083	15.7409	15.4946	39.1283	97.8953	3.3075	390.7744	5.2508	0.2053	32.0881	1.0958	1.0964	0.9752	5.6157	0.1112	32.1546	0.0606	0.0487	0.0813	0.0696	0.0708	0.0249	0.0574	0.0336	0.0823	29.3863	0.9619	0.4715	0.0010	11.9964	1.9703	15.6499	6.2034	0.8964	0.0295	0.8669	0.0151	0.0150	0.0001	0.8812	0.0145	0.8668	0.0310	0.0158	0.0152	0.0094	0.0093	0.0001	0.0216	0.0065	0.0151	0.1707	0.1437	0.0270	0.0138	0.0137	0.0001	0.1569	0.1300	0.0270	0.5109	0.3241	0.1868	0.1349	0.1315	0.0034	0.3760	0.1925	0.1834	86.6473	4.2159	394.9083	15.7409	15.4946	39.1283	97.8953	3.3075	390.7744	0.0606	0.0487	0.0813	0.0696	0.0708	0.0249	0.0574	0.0336	0.0823
99	129	0.4300	5	0	2	0	0	0	0	0	0	N	Y	N	N	N	N	N	N	N	N	N	N	2.0058	108.6911	0.0000	2.1788	131.1289	0.0000	0.0000	0.0000	0.0078	0.0086	0.0000	0.0144	0.0151	0.0000	0.0000	0.0000	0.0000	0.0039	0.0001	0.0165	0.0066	0.0001	0.0892	0.0003	0.0000	0.0007	0.0000	63.2893	-0.0008	0.0010	11.9964	1.0033	15.6499	0.8635	0.0019	0.0019	0.0000	0.0019	0.0019	0.0000	0.0000	0.0000	0.0000	0.0019	0.0000	0.0019	0.0019	0.0000	0.0018	0.0001	0.0000	0.0001	0.2429	0.2210	0.0219	0.1318	0.1257	0.0061	0.1111	0.0953	0.0158	0.4945	0.3793	0.1152	0.2807	0.2602	0.0205	0.2137	0.1190	0.0947	2.0058	108.6911	0.0000	2.1788	131.1289	0.0000	0.0000	0.0000	0.0000	0.0039	0.0001	0.0165	0.0066	0.0001	0.0892	0.0003	0.0000	0.0007	
99	130	0.4007	4	0	1	0	0	0	0	0	0	N	N	N	N	N	N	N	N	N	N	N	N	6.9244	13.9212	0.0284	29.3305	34.9269	0.3158	0.8811	3.0333	0.0044	3.0383	3.4810	0.0260	9.1471	9.6345	0.1874	0.5128	0.6095	0.0044	0.4388	0.2501	0.9163	0.3119	0.2758	0.5932	0.5820	0.2009	1.0034	0.0011	1.4484	-0.7388	0.0738	11.9964	5.5514	15.6499	9.9598	1.6791	1.6772	0.0018	1.4786	1.4770	0.0016	0.2005	0.2002	0.0003	0.5541	0.2263	0.3278	0.2088	0.1637	0.0451	0.3453	0.0626	0.2827	0.5526	0.4818	0.0708	0.1616	0.1533	0.0083	0.3910	0.3285	0.0625	1.2628	0.9051	0.3577	0.6694	0.5935	0.0760	0.5934	0.3116	0.2818	6.9244	13.9212	0.0284	29.3305	34.9269	0.3158	0.8811	3.0333	0.0044	0.4388	0.2501	0.9163	0.3119	0.2758	0.5932	0.5820	0.2009	1.0034
99	131	0.3703	3	0	1	0	0	0	0	0	0	N	N	N	N	N	N	N	N	N	N	N	N	1.8478	4.4625	0.0317	0.9666	2.5888	0.0029	4.6963	10.5894	0.1188	2.3379	2.6723	0.0881	1.9504	2.0489	0.0340	2.4479	2.8710	0.0930	1.2652	0.5988	2.7821	2.0178	0.7914	11.6018	0.5212	0.2711	0.7830	0.0049	2.0409	-0.8195	0.3579	11.9964	9.1969	15.6499	13.4651	1.8785	1.8693	0.0092	0.3467	0.3464	0.0003	1.5318	1.5229	0.0089	1.6821	0.5532	1.1289	1.3336	0.4605	0.8731	0.3485	0.0927	0.2558	0.8035	0.6995	0.1040	0.1778	0.1691	0.0087	0.6257	0.5304	0.0953	1.3295	0.9237	0.4058	0.6609	0.5818	0.0791	0.6686	0.3419	0.3267	1.8478	4.4625	0.0317	0.9666	2.5888	0.0031	4.6963	10.5894	0.1188	1.2652	0.5988	2.7821	2.0178	0.7914	11.0385	0.5212	0.2711	0.7830
99	132	0.1838	5	1	2	0	1	0	0	0	0	N	Y	N	N	N	N	N	N	N	N	N	N	0.0000	0.0000	0.0000	0.0000	0.0000	0.0000	0.0000	0.0000	0.0000	0.0000	0.0000	0.0000	0.0000	9.9177	22.0753	0.0000	0.0000	0.0000	0.0000	8.3810	16.4814	0.0000	0.0000	0.0000	-0.4584	11.9964	1.0000	15.6499	3.0001	0.0000	0.0000	0.0000	0.0000	0.0000	0.0000	0.0000	0.0000	0.0000	1.0000	1.0000	0.0000	0.0000	0.0000	0.0000	1.0000	1.0000	0.0000	0.0736	0.0625	0.0111	0.0046	0.0043	0.0003	0.0690	0.0582	0.0108	0.1371	0.0763	0.0608	0.0178	0.0156	0.0021	0.1193	0.0607	0.0586	0.0000	0.0000	0.0000	0.0000	0.0000	0.0000	0.0000	0.0000	0.0000	7.2953	13.1042	0.0000	0.0000	0.0000	0.0000	8.3810	16.4814	0.0000						
99	133	0.5827	9	1	2	0	1	0	0	0	0	N	Y	N	N	N	N	N	N	N	N	N	N	0.0000	0.0000	0.0000	0.0000	0.0000	0.0000	0.0000	0.0000	0.0000	0.0000	0.0000	0.0000	0.0000	0.0000	0.0000	0.0000	0.0000	0.0000	0.0000	0.0000	11.9964	0.0006	15.6499	1.9797	0.0000	0.0000	0.0000	0.0000	0.0000	0.0000	0.0000	0.0000	0.0000	0.0000	0.0000	0.0000	0.0000	0.0000	0.0000	0.0000	0.0000	0.0000	0.0001	0.0001	0.0000	0.0001	0.0001	0.0000	0.0000	0.0000	0.0000	0.0613	0.0412	0.0201	0.0305	0.0258	0.0047	0.0308	0.0154	0.0154	0.0000	0.0000	0.0000	0.0000	0.0000	0.0000	0.0000	0.0000	0.0000	0.0000	0.0000	0.0000	0.0000	0.0000	0.0000	0.0000	0.0000	0.0000											
99	134	0.5660	8	1	2	0	1	0	0	0	0	N	Y	N	N	N	N	N	N	N	N	N	N	0.0000	0.0000	0.0000	0.0000	0.0000	0.0000	0.0000	0.0000	0.0000	0.0000	0.0000	0.0000	0.0000	0.0000	0.0000	0.0000	0.0000	0.0000	0.0000	0.0000	11.9964	2.0077	15.6499	6.0321	0.0000	0.0000	0.0000	0.0000	0.0000	0.0000	0.0000	0.0000	0.0000	0.0000	0.0000	0.0000	0.0000	0.0000	0.0000	0.0000	0.0000	0.0000	0.1426	0.1227	0.0199	0.0345	0.0316	0.0028	0.1082	0.0911	0.0171	0.2234	0.1480	0.0754	0.1088	0.0903	0.0184	0.1146	0.0577	0.0569	0.0000	0.0000	0.0000	0.0000	0.0000	0.0000	0.0000	0.0000	0.0000	0.0000	0.0000	0.0000	0.0000	0.0000	0.0000	0.0000	0.0000	0.0000											
99	135	0.5612	8	0	2	0	1	0	0	0	0	N	Y	N	N	N	N	N	N	N	N	N	N	0.0601	0.0475	11.2414	0.1296	0.1214	89.6309	0.0000	0.0000	0.0000	0.1436	0.1674	0.0025	0.6286	0.6790	0.0207	0.0000	0.0000	0.0000	2.3893	3.5259	0.0002	4.8518	5.5921	0.0002	0.0002	0.0002	0.0002	0.0025	0.0000	-0.0139	-0.4424	11.9964	3.0348	15.6499	9.3583	0.0317	0.0317	0.0001	0.0317	0.0317	0.0001	0.0000	0.0000	0.0000	0.9653	0.9653	0.0000	0.9653	0.9653	0.0000	0.0000	0.0000	0.0000	0.2211	0.1891	0.0320	0.0505	0.0466	0.0039	0.1706	0.1425	0.0281	0.4040	0.2738	0.1302	0.2056	0.1729	0.0327	0.1984	0.1009	0.0975	0.0601	0.0475	11.2414	0.1339	0.1216	89.6309	0.0000	0.0000	0.0000	2.3893	3.5259	0.0002	4.6943	5.5835	0.0002	0.0002	0.0002	0.0002
99	136	0.5469	7	0	1	0	1	0	0	0	0	N	N	N	N	N	N	N	N	N	N	N	N	46.7754	0.1151	319550.3099	0.2123	0.1870	0.0000	100238.7901	46.3638	1718551.0591	8.5843	0.0319	55.5507	0.0810	0.0860	0.0000	11.6849	0.0091	61.8805	0.1835	0.2776	0.0002	0.3814	0.4600	0.0006	0.0001	0.0002	0.0000	316.6847	0.0003	0.0176	-0.0164	11.9964	0.0433	15.6499	6.6805	0.0317	0.0001	0.0316	0.0001	0.0001	0.0000	0.0317	0.0000	0.0316	0.0358	0.0358	0.0000	0.0358	0.0358	0.0000	0.0000	0.0000	0.0000	0.0037	0.0031	0.0006	0.0010	0.0009	0.0001	0.0027	0.0022	0.0005	0.1952	0.1290	0.0662	0.0939	0.0778	0.0161	0.1013	0.0512	0.0501	46.7754	0.1151	319550.3099	0.2123	0.1870	0.0000	100238.7901	46.3638	1718551.0591	0.1835	0.2776	0.0002	0.3814	0.4600	0.0006	0.0001	0.0002	0.0000
99	137	0.2135	7	0	2	0	1	0	0	0	0	N	Y	N	N	N	N	N	N	N	N	N	N	0.0000	0.0000	0.0000	0.0000	0.0000	0.0000	0.0000	0.0000	0.0000	0.0000	0.0000	0.0000	0.0000	0.0000	0.0000	0.0000	0.0000	0.0000	0.0000	0.0000	11.9964	0.0000	15.6499	0.0000	0.0000	0.0000	0.0000	0.0000	0.0000	0.0000	0.0000	0.0000	0.0000	0.0000	0.0000	0.0000	0.0000	0.0000	0.0000	0.0000	0.0000	0.0000	0.0000	0.0000	0.0000	0.0000	0.0000	0.0000	0.0000	0.0000	0.0000	0.0000	0.0000	0.0000	0.0000	0.0000	0.0000	0.0000	0.0000	0.0000	0.0000	0.0000	0.0000	0.0000	0.0000	0.0000	0.0000	0.0000	0.0000	0.0000	0.0000	0.0000	0.0000	0.0000	0.0000	0.0000	0.0000	0.0000											
99	138	0.2084	6	0	2	0	1	0	0	0	0	N	Y	N	N	N	N	N	N	N	N	N	N	0.0000	0.0000	0.0000	0.0000	0.0000	0.0000	0.0000	0.0000	0.0000	0.0000	0.0000	0.0000	0.0000	0.0000	0.0000	0.0000	0.0000	0.0000	0.0000	0.0000	11.9964	0.0021	15.6499	2.0000	0.0000	0.0000	0.0000	0.0000	0.0000	0.0000	0.0000	0.0000	0.0000	0.0000	0.0000	0.0000	0.0000	0.0000	0.0000	0.0000	0.0000	0.0000	0.0002	0.0002	0.0000	0.0000	0.0000	0.0000	0.0002	0.0001	0.0000	0.0676	0.0383	0.0293	0.0106	0.0094	0.0012	0.0570	0.0289	0.0281	0.0000	0.0000	0.0000	0.0000	0.0000	0.0000	0.0000	0.0000	0.0000	0.0000	0.0000	0.0000	0.0000	0.0000	0.0000	0.0000	0.0000	0.0000											
99	139	0.1982	5	0	1	0	1	0	0	0	0	N	N	N	N	N	N	N	N	N	N	N	N	0.0000	0.0000	0.0000	0.0000	0.0000	0.0000	0.0000	0.0000	0.0000	0.0000	0.0000	0.0000	0.0000	0.0005	0.0009	0.0000	0.0034	0.0039	0.0000	0.0000	0.0000	0.0000	0.0000	0.0000	-0.0000	11.9964	1.0020	15.6499	3.0181	0.0000	0.0000	0.0000	0.0000	0.0000	0.0000	0.0000	0.0000	0.0000	0.0001	0.0001	0.0000	0.0001	0.0001	0.0000	0.0000	0.0000	0.0000	0.0738	0.0627	0.0111	0.0048	0.0045	0.0003	0.0689	0.0582	0.0108	0.1374	0.0772	0.0602	0.0206	0.0181	0.0024	0.1169	0.0591	0.0578	0.0000	0.0000	0.0000	0.0000	0.0000	0.0000	0.0000	0.0000	0.0000	0.0005	0.0009	0.0000	0.0034	0.0039	0.0000	0.0000	0.0000	0.0000						
99	140	0.1838	5	0	2	0	0	0	0	0	0	N	Y	N	N	N	N	N	N	N	N	N	N	0.0000	0.0000	0.0000	0.0000	0.0000	0.0000	0.0000	0.0000	0.0000	0.0000	0.0000	0.0000	0.0000	0.0000	0.0000	0.0000	0.0000	0.0000	0.0000	0.0000	11.9964	0.0000	15.6499	4.0001	0.0000	0.0000	0.0000	0.0000	0.0000	0.0000	0.0000	0.0000	0.0000	0.0000	0.0000	0.0000	0.0000	0.0000	0.0000	0.0000	0.0000	0.0000	0.0000	0.0000	0.0000	0.0000	0.0000	0.0000	0.0000	0.0000	0.0000	0.1371	0.0763	0.0608	0.0178	0.0156	0.0021	0.1193	0.0607	0.0586	0.0000	0.0000	0.0000	0.0000	0.0000	0.0000	0.0000	0.0000	0.0000	0.0000	0.0000	0.0000	0.0000	0.0000	0.0000	0.0000	0.0000	0.0000											
99	141	0.5615	7	0	2	0	0	0	0	0	0	N	Y	N	N	N	N	N	N	N	N	N	N	0.0000	0.0000	0.0000	0.0000	0.0000	0.0000	0.0000	0.0000	0.0000	0.0000	0.0000	0.0000	0.0000	0.0000	0.0000	0.0001	0.0001	0.0001	0.0002	0.0002	0.0003	0.0000	0.0000	0.0000	0.3505	0.0000	-0.0000	11.9964	1.0003	15.6499	5.0186	0.0000	0.0000	0.0000	0.0000	0.0000	0.0000	0.0000	0.0000	0.0000	0.0000	0.0000	0.0000	0.0000	0.0000	0.0000	0.0000	0.0000	0.0000	0.0711	0.0612	0.0099	0.0172	0.0157	0.0014	0.0540	0.0455	0.0085	0.1705	0.1131	0.0574	0.0832	0.0692	0.0139	0.0874	0.0439	0.0435	0.0000	0.0000	0.0000	0.0000	0.0000	0.0000	0.0000	0.0000	0.0000	0.0001	0.0001	0.0001	0.0002	0.0002	0.0003	0.0000	0.0000	0.0000				
99	142	0.1982	5	0	1	1	1	0	0	0	0	N	N	N	N	N	N	N	N	N	N	N	N	0.0000	0.0000	0.0000	0.0000	0.0000	0.0000	0.0000	0.0000	0.0000	0.0000	0.0000	0.0000	0.0000	3.3196	7.0987	0.0000	0.0000	0.0000	0.0000	3.9014	7.7011	0.0000	0.0000	0.0000	-0.4583	11.9964	0.0001	15.6499	9.0026	0.0000	0.0000	0.0000	0.0000	0.0000	0.0000	0.0000	0.0000	0.0000	0.9999	0.9999	0.0000	0.0000	0.0000	0.0000	0.9999	0.9999	0.0000	0.0000	0.0000	0.0000	0.0000	0.0000	0.0000	0.0000	0.0000	0.0000	0.3012	0.1694	0.1318	0.0449	0.0395	0.0054	0.2563	0.1298	0.1265	0.0000	0.0000	0.0000	0.0000	0.0000	0.0000	0.0000	0.0000	0.0000	3.3196	5.9036	0.0000	0.0000	0.0000	0.0000	3.9014	7.7011	0.0000						
99	143	0.5469	7	0	1	1	1	0	0	0	0	N	N	N	N	N	N	N	N	N	N	N	N	0.0000	0.0000	0.0000	0.0000	0.0000	0.0000	0.0000	0.0000	0.0000	0.0000	0.0000	0.0000	0.0000	0.0000	0.0000	0.0007	0.0011	0.0001	0.0016	0.0018	0.0004	0.0000	0.0000	0.0000	0.0492	0.0000	-0.0001	11.9964	2.0061	15.6499	8.0425	0.0000	0.0000	0.0000	0.0000	0.0000	0.0000	0.0000	0.0000	0.0000	0.0002	0.0002	0.0000	0.0002	0.0002	0.0000	0.0000	0.0000	0.0000	0.1416	0.1213	0.0203	0.0309	0.0283	0.0026	0.1107	0.0930	0.0177	0.2858	0.1885	0.0973	0.1371	0.1135	0.0237	0.1487	0.0750	0.0737	0.0000	0.0000	0.0000	0.0000	0.0000	0.0000	0.0000	0.0000	0.0000	0.0007	0.0011	0.0001	0.0016	0.0018	0.0004	0.0000	0.0000	0.0000				
99	144	0.5378	6	0	1	0	1	0	0	0	0	N	N	N	N	N	N	N	N	N	N	N	N	0.0000	0.0000	0.0000	0.0000	0.0000	0.0000	0.0000	0.0000	0.0000	0.0000	0.0000	0.0000	0.0000	0.0000	0.0000	0.0000	0.0000	0.0000	0.0571	0.0741	0.0142	0.1160	0.1222	0.0669	0.0008	0.0000	0.0017	0.0762	0.0000	-0.0041	11.9964	1.9550	15.6499	2.1189	0.0000	0.0000	0.0000	0.0000	0.0000	0.0000	0.0000	0.0000	0.0000	0.0107	0.0099	0.0008	0.0106	0.0099	0.0007	0.0001	0.0000	0.0001	0.1491	0.1275	0.0216	0.0417	0.0375	0.0043	0.1074	0.0901	0.0173	0.1870	0.1338	0.0532	0.0914	0.0811	0.0102	0.0956	0.0527	0.0430	0.0000	0.0000	0.0000	0.0000	0.0000	0.0000	0.0000	0.0000	0.0000	0.0571	0.0741	0.0142	0.1160	0.1222	0.0669	0.0008	0.0000	0.0017	
99	145	0.5378	6	0	1	1	1	0	0	0	0	N	N	N	N	N	N	N	N	N	N	N	N	0.0000	0.0000	0.0000	0.0000	0.0000	0.0000	0.0000	0.0000	0.0000	0.0000	0.0000	0.0000	0.0000	0.0000	0.0000	0.0000	0.0000	0.0000	4.0674	3.4484	4.8503	4.7433	1.5404	40.6198	3.2386	6.2582	0.0004	0.6856	0.0000	-0.1257	11.9964	2.1261	15.6499	18.6477	0.0000	0.0000	0.0000	0.0000	0.0000	0.0000	0.0000	0.0000	0.0000	2.4345	1.4443	0.9902	1.3744	0.3842	0.9902	1.0601	1.0600	0.0001	0.1611	0.1378	0.0232	0.0445	0.0400	0.0045	0.1165	0.0978	0.0187	0.6230	0.4188	0.2042	0.2957	0.2494	0.0462	0.3273	0.1694	0.1579	0.0000	0.0000	0.0000	0.0000	0.0000	0.0000	0.0000	0.0000	0.0000	3.9078	3.4484	4.8503	4.6487	1.5404	21.4264	3.2386	6.2582	0.0004	
99	146	0.1982	5	0	1	1	1	0	0	0	0	N	N	N	N	N	N	N	N	N	N	N	N	0.0000	0.0000	0.0000	0.0000	0.0000	0.0000	0.0000	0.0000	0.0000	0.0000	0.0000	0.0000	0.0000	0.0003	0.0005	0.0000	0.0017	0.0020	0.0000	0.0000	0.0000	0.0000	0.0000	0.0000	-0.0000	11.9964	2.0001	15.6499	5.9880	0.0000	0.0000	0.0000	0.0000	0.0000	0.0000	0.0000	0.0000	0.0000	0.0001	0.0001	0.0000	0.0001	0.0001	0.0000	0.0000	0.0000	0.0000	0.1466	0.1245	0.0220	0.0096	0.0089	0.0007	0.1369	0.1156	0.0214	0.2684	0.1509	0.1175	0.0400	0.0352	0.0048	0.2284	0.1156	0.1127	0.0000	0.0000	0.0000	0.0000	0.0000	0.0000	0.0000	0.0000	0.0000	0.0003	0.0005	0.0000	0.0017	0.0020	0.0000	0.0000	0.0000	0.0000						
99	147	0.1982	5	0	1	1	1	0	0	0	0	N	N	N	N	N	N	N	N	N	N	N	N	1.5281	0.0000	inf	0.0000	0.0000	inf	inf	1.5653	0.0000	10.5177	0.0000	0.0000	0.0000	1.6748	0.0000	10.8509	1.0243	1.8119	0.0000	11.3223	11.8799	0.0000	0.0000	0.0000	0.0000	inf	0.0000	0.5589	-0.4585	11.9964	9.0001	15.6499	23.0169	1.0000	0.0000	1.0000	0.0000	0.0000	0.0000	1.0000	0.0000	1.0000	1.0003	1.0003	0.0000	1.0003	1.0003	0.0000	0.0000	0.0000	0.0000	0.6389	0.5438	0.0951	0.0418	0.0389	0.0029	0.5971	0.5049	0.0922	0.9765	0.5521	0.4245	0.1445	0.1269	0.0177	0.8320	0.4252	0.4068	1.5281	0.0000	inf	0.0000	0.0000	0.0000	inf	0.0000	inf	1.0243	1.8119	0.0000	6.9209	7.8851	0.0000	0.0000	0.0000	0.0000		
99	148	0.1728	4	0	1	0	1	0	0	0	0	N	N	N	N	N	N	N	N	N	N	N	N	0.3695	1.0279	1.0241	0.0000	0.0000	0.0000	0.3367	1.5156	1.0304	0.0117	0.0006	0.0738	0.0000	0.0000	0.0000	0.0125	0.0007	0.0760	0.0317	0.0006	0.0721	0.0038	0.0011	0.0287	0.0372	0.0005	0.0738	20.5508	88.9981	0.0009	0.0062	11.9964	1.9990	15.6499	7.9526	0.0017	0.0001	0.0016	0.0000	0.0000	0.0000	0.0017	0.0001	0.0016	0.0117	0.0001	0.0116	0.0002	0.0001	0.0002	0.0115	0.0001	0.0114	0.1473	0.1251	0.0223	0.0096	0.0089	0.0006	0.1378	0.1161	0.0216	0.3694	0.2089	0.1606	0.0609	0.0549	0.0060	0.3085	0.1540	0.1545	0.3695	1.0279	1.0241	0.0000	0.0000	0.0000	0.3367	1.5156	1.0304	0.0317	0.0006	0.0721	0.0038	0.0011	0.0287	0.0372	0.0005	0.0738
99	149	0.1409	3	1	2	0	0	0	0	0	0	N	Y	N	N	N	N	N	N	N	N	N	N	5.7173	4.0197	0.0000	547.4026	526.6646	0.0000	3.6314	2.2794	0.0000	6.3640	7.4936	0.0000	18.9793	19.3442	0.0000	4.8794	5.8525	0.0000	1.1131	1.8642	0.0022	0.0347	0.0367	0.0017	1.3437	2.5675	0.0023	0.0000	0.0008	-1.2860	-0.4603	11.9964	5.3497	15.6499	17.2225	2.9155	2.9155	0.0000	0.9155	0.9155	0.0000	2.0000	2.0000	0.0000	1.0061	1.0053	0.0008	0.0055	0.0055	0.0000	1.0006	0.9998	0.0008	0.4581	0.3891	0.0691	0.0482	0.0473	0.0009	0.4099	0.3417	0.0681	0.9039	0.5392	0.3646	0.1592	0.1499	0.0093	0.7446	0.3894	0.3553	5.7173	4.0197	0.0000	547.4026	526.6646	0.0000	3.6314	2.2794	0.0000	1.1131	1.8642	0.0022	0.0347	0.0367	0.0017	1.3437	2.5675	0.0023
99	150	0.1717	4	0	2	0	0	0	0	0	0	N	Y	N	N	N	N	N	N	N	N	N	N	1.9043	2.7396	0.0000	1.7286	2.1811	0.0000	2.4542	inf	0.0000	0.0150	0.0173	0.0000	0.0358	0.0368	0.0000	0.0086	0.0103	0.0000	0.0079	0.0063	0.0106	0.0207	0.0169	0.0672	0.0035	0.0000	0.0074	0.0000	0.9818	-0.0028	0.0003	11.9964	3.6794	15.6499	17.4287	0.0064	0.0064	0.0000	0.0036	0.0036	0.0000	0.0028	0.0028	0.0000	0.0075	0.0038	0.0037	0.0050	0.0038	0.0012	0.0025	0.0000	0.0025	0.4274	0.3710	0.0564	0.1014	0.0986	0.0028	0.3260	0.2724	0.0536	0.9523	0.6001	0.3522	0.2434	0.2249	0.0185	0.7089	0.3752	0.3337	1.9043	2.7396	0.0000	1.7286	2.1811	0.0000	2.4542	inf	0.0000	0.0079	0.0063	0.0106	0.0207	0.0169	0.0672	0.0035	0.0000	0.0074
99	151	0.1409	3	0	2	0	0	0	0	0	0	N	Y	N	N	N	N	N	N	N	N	N	N	128.1794	110.5853	4.9445	1.0743	1.0417	0.0000	257.6859	252.5296	4.9113	3.3672	3.9506	0.0546	0.0733	0.0743	0.0000	3.8929	4.6874	0.0553	0.0263	0.0357	0.0110	0.0682	0.0713	0.0026	0.0151	0.0186	0.0113	0.0024	0.1921	-0.4790	-0.0049	11.9964	3.4464	15.6499	10.1316	1.0919	1.0892	0.0027	0.0033	0.0033	0.0000	1.0886	1.0860	0.0027	0.0165	0.0139	0.0027	0.0090	0.0090	0.0000	0.0075	0.0049	0.0026	0.3243	0.2757	0.0486	0.0446	0.0440	0.0006	0.2796	0.2317	0.0480	0.6289	0.3879	0.2410	0.1322	0.1262	0.0059	0.4967	0.2617	0.2350	128.1794	110.5853	4.9445	1.0743	1.0417	0.0000	257.6859	252.5296	4.9113	0.0263	0.0357	0.0110	0.0682	0.0713	0.0026	0.0151	0.0186	0.0113
99	152	0.5683	9	1	2	0	0	0	0	0	0	N	Y	N	N	N	N	N	N	N	N	N	N	0.0000	0.0000	0.0000	0.0000	0.0000	0.0000	0.0000	0.0000	0.0000	0.0000	0.0000	0.0000	0.0000	0.0000	0.0000	0.0000	0.0000	0.0000	0.0000	0.0000	11.9964	1.0143	15.6499	12.0086	0.0000	0.0000	0.0000	0.0000	0.0000	0.0000	0.0000	0.0000	0.0000	0.0000	0.0000	0.0000	0.0000	0.0000	0.0000	0.0000	0.0000	0.0000	0.0736	0.0634	0.0103	0.0184	0.0169	0.0015	0.0553	0.0465	0.0088	0.3546	0.2348	0.1197	0.1716	0.1424	0.0291	0.1830	0.0924	0.0906	0.0000	0.0000	0.0000	0.0000	0.0000	0.0000	0.0000	0.0000	0.0000	0.0000	0.0000	0.0000	0.0000	0.0000	0.0000	0.0000	0.0000	0.0000											
99	153	0.5660	8	1	2	0	0	0	0	0	0	N	Y	N	N	N	N	N	N	N	N	N	N	0.0000	0.0000	0.0000	0.0000	0.0000	0.0000	0.0000	0.0000	0.0000	0.0000	0.0000	0.0000	0.0000	0.0000	0.0000	0.0000	0.0000	0.0000	0.0000	0.0000	11.9964	0.9811	15.6499	0.0216	0.0000	0.0000	0.0000	0.0000	0.0000	0.0000	0.0000	0.0000	0.0000	0.0000	0.0000	0.0000	0.0000	0.0000	0.0000	0.0000	0.0000	0.0000	0.0704	0.0605	0.0098	0.0171	0.0157	0.0014	0.0533	0.0448	0.0085	0.0290	0.0192	0.0097	0.0142	0.0118	0.0024	0.0148	0.0074	0.0074	0.0000	0.0000	0.0000	0.0000	0.0000	0.0000	0.0000	0.0000	0.0000	0.0000	0.0000	0.0000	0.0000	0.0000	0.0000	0.0000	0.0000	0.0000											
99	154	0.5615	7	1	2	0	0	0	0	0	0	N	Y	N	N	N	N	N	N	N	N	N	N	0.0000	0.0000	0.0000	0.0000	0.0000	0.0000	0.0000	0.0000	0.0000	0.0000	0.0000	0.0000	0.0000	0.0000	0.0000	0.0002	0.0003	0.0002	0.0005	0.0004	0.0008	0.0000	0.0000	0.0000	0.3505	0.0000	-0.0000	11.9964	0.0083	15.6499	2.0001	0.0000	0.0000	0.0000	0.0000	0.0000	0.0000	0.0000	0.0000	0.0000	0.0000	0.0000	0.0000	0.0000	0.0000	0.0000	0.0000	0.0000	0.0000	0.0007	0.0006	0.0001	0.0002	0.0002	0.0000	0.0005	0.0004	0.0001	0.0593	0.0395	0.0198	0.0290	0.0243	0.0047	0.0303	0.0152	0.0151	0.0000	0.0000	0.0000	0.0000	0.0000	0.0000	0.0000	0.0000	0.0000	0.0002	0.0003	0.0002	0.0005	0.0004	0.0008	0.0000	0.0000	0.0000				
99	155	0.5378	6	0	2	0	0	0	0	0	0	N	Y	N	N	N	N	N	N	N	N	N	N	0.0000	0.0000	0.0000	0.0000	0.0000	0.0000	0.0000	0.0000	0.0000	0.0000	0.0000	0.0000	0.0000	0.0000	0.0000	0.0000	0.0000	0.0294	0.0405	0.0051	0.0607	0.0674	0.0204	0.0004	0.0000	0.0008	0.0571	0.0000	-0.0042	11.9964	2.9180	15.6499	7.4065	0.0000	0.0000	0.0000	0.0000	0.0000	0.0000	0.0000	0.0000	0.0000	0.0105	0.0099	0.0006	0.0104	0.0099	0.0005	0.0001	0.0000	0.0001	0.2161	0.1853	0.0309	0.0575	0.0519	0.0056	0.1586	0.1333	0.0253	0.3567	0.2448	0.1120	0.1715	0.1472	0.0243	0.1852	0.0976	0.0876	0.0000	0.0000	0.0000	0.0000	0.0000	0.0000	0.0000	0.0000	0.0000	0.0294	0.0405	0.0051	0.0607	0.0674	0.0204	0.0004	0.0000	0.0008		
99	156	0.4720	5	0	1	0	0	0	0	0	0	N	N	N	N	N	N	N	N	N	N	N	N	0.3635	0.7152	0.0003	1.2757	1.2347	0.0030	0.0221	12.3673	0.0002	0.2270	0.2584	0.0004	0.6616	0.7015	0.0006	0.0161	0.0190	0.0003	0.6244	0.3613	1.1676	0.5186	0.5682	0.2101	0.7287	0.0015	1.4227	0.0002	1.5656	-0.0858	0.1024	11.9964	8.2479	15.6499	19.7214	0.1945	0.1945	0.0000	0.1852	0.1852	0.0000	0.0093	0.0093	0.0000	0.6741	0.2627	0.4113	0.2779	0.2623	0.0156	0.3962	0.0004	0.3958	0.8571	0.7528	0.1043	0.2800	0.2641	0.0159	0.5771	0.4888	0.0884	1.0795	0.7272	0.3523	0.5358	0.4617	0.0741	0.5437	0.2655	0.2782	0.3635	0.7152	0.0003	1.2757	1.2347	0.0030	0.0221	12.3673	0.0002	0.6244	0.3613	1.1676	0.5186	0.5682	0.2101	0.7287	0.0015	1.4227
99	157	0.4358	4	0	1	0	0	0	0	0	0	N	N	N	N	N	N	N	N	N	N	N	N	0.5955	0.8998	0.0380	0.8835	0.8974	0.2639	0.5235	34.1821	0.0189	0.6128	0.6989	0.0597	0.9943	1.0540	0.2229	0.4828	0.5659	0.0341	1.0290	0.7767	1.5682	1.1254	1.1744	0.8446	0.9222	0.0166	1.8029	0.0133	0.9446	-0.1690	0.0301	11.9964	7.4725	15.6499	14.3153	0.3948	0.3896	0.0052	0.1627	0.1601	0.0026	0.2321	0.2295	0.0026	1.0969	0.5641	0.5329	0.6302	0.5600	0.0703	0.4667	0.0041	0.4626	0.6443	0.5575	0.0868	0.1637	0.1519	0.0117	0.4806	0.4056	0.0751	1.0661	0.7263	0.3398	0.5600	0.4768	0.0832	0.5061	0.2495	0.2566	0.5955	0.8998	0.0380	0.8835	0.8974	0.2639	0.5235	34.1821	0.0189	1.0290	0.7767	1.5682	1.1254	1.1744	0.8446	0.9222	0.0166	1.8029
99	158	0.3703	3	0	1	0	0	0	0	0	0	N	N	N	N	N	N	N	N	N	N	N	N	1.0660	0.7449	2.8227	1.4665	1.3783	0.1095	0.9695	14.9777	2.5195	1.8125	0.8874	7.9267	2.5239	2.6609	0.0334	1.6295	0.3777	8.6239	1.7002	1.1913	2.8082	1.7211	1.9306	0.3049	1.6808	0.0252	3.4229	1.3515	1.0825	0.2324	0.1590	11.9964	11.6653	15.6499	19.4910	1.7394	0.7397	0.9997	0.4954	0.4951	0.0003	1.2439	0.2446	0.9993	2.5880	1.2427	1.3452	1.2613	1.2325	0.0288	1.3267	0.0102	1.3165	0.9597	0.8335	0.1261	0.1963	0.1861	0.0102	0.7634	0.6475	0.1159	1.5222	1.0431	0.4790	0.7329	0.6384	0.0944	0.7893	0.4047	0.3846	1.0660	0.7449	2.8227	1.4665	1.3783	0.1095	0.9695	14.9777	2.5195	1.7002	1.1913	2.8082	1.7211	1.9306	0.3049	1.6808	0.0252	3.4229
99	159	0.3231	2	0	1	0	0	0	0	0	0	N	N	N	N	N	N	N	N	N	N	N	N	1.7636	2.8165	0.2055	3.3386	4.0507	0.3210	1.4312	9.7652	0.2087	1.0337	1.1583	0.1996	2.4097	2.4989	0.4716	0.6552	0.7417	0.1782	0.5861	0.4112	0.9716	0.7218	0.6169	1.4691	0.4578	0.0760	0.8536	0.0257	1.0720	-0.2893	0.0547	11.9964	7.3933	15.6499	20.5306	0.6953	0.6779	0.0174	0.3497	0.3467	0.0030	0.3456	0.3312	0.0144	0.9276	0.4477	0.4799	0.5553	0.4162	0.1391	0.3723	0.0314	0.3408	0.6726	0.5852	0.0874	0.1451	0.1387	0.0064	0.5275	0.4465	0.0810	1.5825	1.0886	0.4939	0.7694	0.6747	0.0947	0.8132	0.4139	0.3993	1.7636	2.8165	0.2055	3.3386	4.0507	0.3210	1.4312	9.7652	0.2087	0.5861	0.4112	0.9716	0.7218	0.6169	1.4691	0.4578	0.0760	0.8536
99	161	0.1914	7	1	2	0	0	0	0	0	0	N	Y	N	N	N	N	N	N	N	N	N	N	0.0000	0.0000	0.0000	0.0000	0.0000	0.0000	0.0000	0.0000	0.0000	0.0000	0.0000	0.0000	0.0000	0.0000	0.0000	0.0000	0.0000	0.0000	0.0000	0.0000	11.9964	0.0002	15.6499	3.0099	0.0000	0.0000	0.0000	0.0000	0.0000	0.0000	0.0000	0.0000	0.0000	0.0000	0.0000	0.0000	0.0000	0.0000	0.0000	0.0000	0.0000	0.0000	0.0000	0.0000	0.0000	0.0000	0.0000	0.0000	0.0000	0.0000	0.0000	0.1059	0.0598	0.0462	0.0148	0.0132	0.0016	0.0911	0.0466	0.0445	0.0000	0.0000	0.0000	0.0000	0.0000	0.0000	0.0000	0.0000	0.0000	0.0000	0.0000	0.0000	0.0000	0.0000	0.0000	0.0000	0.0000	0.0000											
99	162	0.1838	6	1	2	0	0	0	0	0	0	N	Y	N	N	N	N	N	N	N	N	N	N	0.0000	0.0000	0.0000	0.0000	0.0000	0.0000	0.0000	0.0000	0.0000	0.0000	0.0000	0.0000	0.0000	0.0000	0.0000	0.0000	0.0000	0.0000	0.0000	0.0000	11.9964	0.9998	15.6499	2.0118	0.0000	0.0000	0.0000	0.0000	0.0000	0.0000	0.0000	0.0000	0.0000	0.0000	0.0000	0.0000	0.0000	0.0000	0.0000	0.0000	0.0000	0.0000	0.0736	0.0624	0.0111	0.0046	0.0043	0.0003	0.0690	0.0582	0.0108	0.1037	0.0577	0.0460	0.0134	0.0118	0.0016	0.0902	0.0459	0.0444	0.0000	0.0000	0.0000	0.0000	0.0000	0.0000	0.0000	0.0000	0.0000	0.0000	0.0000	0.0000	0.0000	0.0000	0.0000	0.0000	0.0000	0.0000											
99	163	0.1838	5	1	2	0	0	0	0	0	0	N	Y	N	N	N	N	N	N	N	N	N	N	0.0000	0.0000	0.0000	0.0000	0.0000	0.0000	0.0000	0.0000	0.0000	0.0000	0.0000	0.0000	0.0000	0.0000	0.0000	0.0000	0.0000	0.0000	0.0000	0.0000	11.9964	0.0000	15.6499	0.0003	0.0000	0.0000	0.0000	0.0000	0.0000	0.0000	0.0000	0.0000	0.0000	0.0000	0.0000	0.0000	0.0000	0.0000	0.0000	0.0000	0.0000	0.0000	0.0000	0.0000	0.0000	0.0000	0.0000	0.0000	0.0000	0.0000	0.0000	0.0000	0.0000	0.0000	0.0000	0.0000	0.0000	0.0000	0.0000	0.0000	0.0000	0.0000	0.0000	0.0000	0.0000	0.0000	0.0000	0.0000	0.0000	0.0000	0.0000	0.0000	0.0000	0.0000	0.0000	0.0000	0.0000	0.0000											
99	164	0.1728	4	0	2	0	0	0	0	0	0	N	Y	N	N	N	N	N	N	N	N	N	N	19.5936	122.6166	45.9588	0.0000	0.0000	0.0000	24.6622	inf	45.1300	1.2167	0.0683	6.6792	0.0000	0.0000	0.0000	1.8945	0.1200	6.7513	0.0621	0.0006	0.1453	0.0060	0.0017	0.0504	0.0768	0.0000	0.1496	20.5508	192.8260	0.0009	0.0062	11.9964	0.0063	15.6499	4.3641	0.0017	0.0001	0.0016	0.0000	0.0000	0.0000	0.0017	0.0001	0.0016	0.0116	0.0001	0.0116	0.0002	0.0001	0.0002	0.0114	0.0000	0.0114	0.0014	0.0012	0.0002	0.0005	0.0005	0.0000	0.0009	0.0007	0.0002	0.1873	0.1077	0.0796	0.0389	0.0355	0.0034	0.1484	0.0722	0.0762	19.5936	122.6166	45.9588	0.0000	0.0000	0.0000	24.6622	inf	45.1300	0.0621	0.0006	0.1453	0.0060	0.0017	0.0504	0.0768	0.0000	0.1496
99	165	0.1409	3	0	1	0	0	0	0	0	0	N	N	N	N	N	N	N	N	N	N	N	N	1.8347	291.6605	4.3033	0.8605	0.8995	0.0000	1.7240	550.1632	4.2465	4.1781	0.3982	25.8195	0.0021	0.0021	0.0000	5.0088	0.4929	26.1172	2.2773	0.0014	5.9999	0.0024	0.0023	0.0042	2.9053	0.0009	6.1503	11.3244	2686.5448	0.5157	0.7345	11.9964	2.5207	15.6499	10.0226	1.0794	0.0876	0.9918	0.0001	0.0001	0.0000	1.0793	0.0875	0.9918	1.3570	0.0005	1.3565	0.0003	0.0003	0.0000	1.3567	0.0002	1.3565	0.2583	0.2199	0.0384	0.0429	0.0424	0.0004	0.2155	0.1775	0.0380	0.5959	0.3698	0.2261	0.1289	0.1234	0.0055	0.4670	0.2464	0.2206	1.8347	291.6605	4.3033	0.8605	0.8995	0.0000	1.7240	550.1632	4.2465	2.2773	0.0014	5.9999	0.0024	0.0023	0.0042	2.9053	0.0009	6.1503
99	166	0.1253	2	0	1	0	0	0	0	0	0	N	N	N	N	N	N	N	N	N	N	N	N	1.1047	24.8264	0.0513	4.2017	26.1133	0.0833	0.8556	1735.0419	0.0546	1.3235	1.5345	0.1630	3.9307	3.9422	2.9939	1.1074	1.2983	0.1457	1.1981	0.0618	3.1740	0.9355	0.1510	35.9441	1.2944	0.0007	2.6683	0.0193	29.5311	-0.1259	0.2821	11.9964	2.6894	15.6499	4.6619	0.2981	0.2925	0.0056	0.0678	0.0671	0.0006	0.2304	0.2253	0.0050	0.5544	0.0182	0.5362	0.1162	0.0180	0.0981	0.4382	0.0001	0.4381	0.2253	0.1906	0.0346	0.0172	0.0170	0.0002	0.2080	0.1736	0.0344	0.4627	0.2938	0.1690	0.1242	0.1194	0.0048	0.3386	0.1744	0.1642	1.1047	24.8264	0.0513	4.2017	26.1133	0.1454	0.8556	1735.0419	0.0546	1.1981	0.0618	3.1740	0.9355	0.1510	20.5889	1.2944	0.0007	2.6683
100	104	0.1752	7	1	1	1	0	0	0	0	0	N	N	N	N	N	N	N	N	N	N	N	N	0.0000	0.0000	0.0000	0.0000	0.0000	0.0000	0.0000	0.0000	0.0000	0.0000	0.0000	0.0000	0.0000	0.0000	0.0000	0.0000	0.0000	0.0000	0.0223	0.0046	0.0506	0.0096	0.0100	0.0079	0.0290	0.0000	0.0587	6.9461	0.0000	0.0072	1.0008	8.9557	13.9255	32.3127	0.0000	0.0000	0.0000	0.0000	0.0000	0.0000	0.0000	0.0000	0.0000	0.0173	0.0022	0.0151	0.0025	0.0022	0.0004	0.0147	0.0000	0.0147	0.0739	0.0634	0.0105	0.0196	0.0179	0.0017	0.0544	0.0456	0.0088	0.7737	0.4752	0.2985	0.2656	0.2181	0.0475	0.5081	0.2571	0.2510	0.0000	0.0000	0.0000	0.0000	0.0000	0.0000	0.0000	0.0000	0.0000	0.0223	0.0046	0.0506	0.0096	0.0100	0.0079	0.0290	0.0000	0.0587	
100	105	0.2007	8	1	0	2	0	0	0	0	0	N	N	Y	N	N	N	N	N	N	N	N	N	0.0000	0.0000	0.0000	0.0000	0.0000	0.0000	0.0000	0.0000	0.0000	0.0000	0.0000	0.0000	0.0000	0.0000	0.0000	0.0000	0.0000	0.0000	4.1282	0.0284	19.0546	0.0056	0.0067	0.0006	6.3703	0.0500	22.8327	222.3660	0.0000	0.5393	1.0008	4.2679	13.9255	7.8415	0.0000	0.0000	0.0000	0.0000	0.0000	0.0000	0.0000	0.0000	0.0000	1.0040	0.0045	0.9995	0.0005	0.0005	0.0000	1.0035	0.0040	0.9995	0.0336	0.0284	0.0053	0.0061	0.0058	0.0003	0.0275	0.0226	0.0049	0.2538	0.1582	0.0956	0.0962	0.0788	0.0174	0.1575	0.0794	0.0782	0.0000	0.0000	0.0000	0.0000	0.0000	0.0000	0.0000	0.0000	0.0000	3.9563	0.0284	10.4539	0.0056	0.0067	0.0006	6.3703	0.0500	12.7859	
100	106	0.1752	7	1	0	1	0	0	0	0	0	N	N	N	N	N	N	N	N	N	N	N	N	0.0000	0.0000	0.0000	0.0000	0.0000	0.0000	0.0000	0.0000	0.0000	0.0000	0.0000	0.0000	0.0000	0.0000	0.0000	0.0000	0.0000	0.0000	0.0195	0.0257	0.0086	0.0418	0.0474	0.0077	0.0045	0.0000	0.0087	0.1913	0.0000	-0.0017	1.0008	1.9301	13.9255	9.0954	0.0000	0.0000	0.0000	0.0000	0.0000	0.0000	0.0000	0.0000	0.0000	0.0059	0.0049	0.0009	0.0051	0.0049	0.0001	0.0008	0.0000	0.0008	0.0272	0.0237	0.0035	0.0140	0.0128	0.0013	0.0132	0.0110	0.0022	0.3019	0.1917	0.1102	0.1212	0.1040	0.0172	0.1807	0.0877	0.0930	0.0000	0.0000	0.0000	0.0000	0.0000	0.0000	0.0000	0.0000	0.0000	0.0195	0.0257	0.0086	0.0418	0.0474	0.0077	0.0045	0.0000	0.0087	
100	107	0.1429	6	1	0	1	0	0	0	0	0	N	N	N	N	N	N	N	N	N	N	N	N	0.0000	0.0000	0.0000	0.0000	0.0000	0.0000	0.0000	0.0000	0.0000	0.0000	0.0000	0.0000	0.0000	0.0000	0.0000	0.0000	0.0000	0.0000	0.0151	0.0091	0.0243	0.0170	0.0186	0.0090	0.0142	0.0010	0.0269	1.7460	0.0000	0.0008	1.0008	3.9049	13.9255	9.6098	0.0000	0.0000	0.0000	0.0000	0.0000	0.0000	0.0000	0.0000	0.0000	0.0047	0.0017	0.0030	0.0018	0.0016	0.0002	0.0029	0.0001	0.0028	0.0251	0.0213	0.0038	0.0023	0.0021	0.0002	0.0228	0.0192	0.0036	0.3107	0.1877	0.1230	0.1046	0.0869	0.0177	0.2061	0.1008	0.1053	0.0000	0.0000	0.0000	0.0000	0.0000	0.0000	0.0000	0.0000	0.0000	0.0151	0.0091	0.0243	0.0170	0.0186	0.0090	0.0142	0.0010	0.0269	
100	108	0.1641	8	1	1	1	0	0	0	0	0	N	N	N	N	N	N	N	N	N	N	N	N	0.0000	0.0000	0.0000	0.0000	0.0000	0.0000	0.0000	0.0000	0.0000	0.0000	0.0000	0.0000	0.0000	0.0000	0.0000	0.0000	0.0000	0.0000	1.6169	2.5873	0.0283	0.0018	0.0016	0.0029	2.4522	4.6939	0.0333	0.0067	0.0000	-0.4548	1.0008	8.0392	13.9255	22.6195	0.0000	0.0000	0.0000	0.0000	0.0000	0.0000	0.0000	0.0000	0.0000	1.0068	1.0001	0.0067	0.0004	0.0003	0.0001	1.0064	0.9998	0.0066	0.0558	0.0476	0.0082	0.0086	0.0080	0.0006	0.0473	0.0396	0.0076	0.6226	0.3865	0.2361	0.2122	0.1735	0.0387	0.4104	0.2130	0.1974	0.0000	0.0000	0.0000	0.0000	0.0000	0.0000	0.0000	0.0000	0.0000	1.6169	2.5873	0.0283	0.0018	0.0016	0.0029	2.4522	4.6939	0.0333	
100	109	0.1641	7	1	0	1	0	0	0	0	0	N	N	N	N	N	N	N	N	N	N	N	N	0.0000	0.0000	0.0000	0.0000	0.0000	0.0000	0.0000	0.0000	0.0000	0.0000	0.0000	0.0000	0.0000	0.0000	0.0000	0.0000	0.0000	0.0000	0.0434	0.0307	0.0822	0.0484	0.0506	0.0204	0.0392	0.0044	0.0920	0.8753	0.0000	0.0001	1.0008	0.2031	13.9255	2.0398	0.0000	0.0000	0.0000	0.0000	0.0000	0.0000	0.0000	0.0000	0.0000	0.0063	0.0034	0.0029	0.0033	0.0032	0.0001	0.0031	0.0002	0.0028	0.0035	0.0029	0.0006	0.0012	0.0012	0.0000	0.0023	0.0017	0.0006	0.1452	0.1094	0.0358	0.0672	0.0623	0.0049	0.0779	0.0470	0.0309	0.0000	0.0000	0.0000	0.0000	0.0000	0.0000	0.0000	0.0000	0.0000	0.0434	0.0307	0.0822	0.0484	0.0506	0.0204	0.0392	0.0044	0.0920	
100	110	0.7446	13	2	0	2	0	0	0	0	0	Y	N	Y	N	N	N	N	N	N	N	N	N	0.0000	0.0000	0.0000	0.0000	0.0000	0.0000	0.0000	0.0000	0.0000	0.0000	0.0000	0.0000	0.0000	0.0000	0.0000	0.0000	0.0000	0.0000	0.0000	0.0000	1.0008	0.0001	13.9255	0.0001	0.0000	0.0000	0.0000	0.0000	0.0000	0.0000	0.0000	0.0000	0.0000	0.0000	0.0000	0.0000	0.0000	0.0000	0.0000	0.0000	0.0000	0.0000	0.0007	0.0005	0.0001	0.0003	0.0003	0.0000	0.0003	0.0002	0.0001	0.0001	0.0001	0.0000	0.0000	0.0000	0.0000	0.0000	0.0000	0.0000	0.0000	0.0000	0.0000	0.0000	0.0000	0.0000	0.0000	0.0000	0.0000	0.0000	0.0000	0.0000	0.0000	0.0000	0.0000	0.0000	0.0000	0.0000											
100	111	0.7308	12	2	0	2	0	0	0	0	0	Y	N	Y	N	N	N	N	N	N	N	N	N	0.0004	0.0008	0.0000	0.0013	0.0018	0.0000	0.0000	0.0000	0.0000	0.0000	0.0000	0.0000	0.0000	0.0000	0.0000	0.0000	0.0000	0.0000	0.0006	0.0003	0.0012	0.0006	0.0004	0.0010	0.0006	0.0000	0.0014	0.0000	1.4090	-0.0000	0.0000	1.0008	1.6718	13.9255	2.9223	0.0000	0.0000	0.0000	0.0000	0.0000	0.0000	0.0000	0.0000	0.0000	0.0001	0.0000	0.0000	0.0000	0.0000	0.0000	0.0000	0.0000	0.0000	0.0127	0.0111	0.0016	0.0041	0.0038	0.0002	0.0087	0.0073	0.0014	0.1164	0.0826	0.0338	0.0854	0.0651	0.0203	0.0310	0.0175	0.0135	0.0004	0.0008	0.0000	0.0013	0.0018	0.0000	0.0000	0.0000	0.0000	0.0006	0.0003	0.0012	0.0006	0.0004	0.0010	0.0006	0.0000	0.0014
100	112	0.6472	11	2	0	2	0	0	0	0	0	Y	N	Y	N	N	N	N	N	N	N	N	N	0.0001	0.0001	0.0000	0.0002	0.0002	0.0000	0.0000	0.0000	0.0000	0.0002	0.0002	0.0000	0.0006	0.0006	0.0000	0.0000	0.0000	0.0000	2.0100	2.8626	0.0105	3.0190	3.8555	0.0215	0.1688	0.3043	0.0006	0.0000	0.0016	-0.0000	-0.3513	1.0008	14.0283	13.9255	7.1084	0.0000	0.0000	0.0000	0.0000	0.0000	0.0000	0.0000	0.0000	0.0000	0.7690	0.7678	0.0012	0.7462	0.7450	0.0012	0.0229	0.0228	0.0000	0.0976	0.0858	0.0119	0.0335	0.0315	0.0020	0.0641	0.0543	0.0098	0.3826	0.2682	0.1144	0.2472	0.1932	0.0539	0.1354	0.0750	0.0604	0.0001	0.0001	0.0000	0.0002	0.0002	0.0000	0.0000	0.0000	0.0000	2.0100	2.8626	0.0105	3.0190	3.8555	0.0215	0.1688	0.3043	0.0006
100	113	0.5870	10	1	0	1	0	0	0	0	0	N	N	N	N	N	N	N	N	N	N	N	N	0.0000	0.0000	0.0001	0.0000	0.0000	0.0000	0.0001	0.0000	0.0012	0.0000	0.0000	0.0000	0.0000	0.0000	0.0000	0.0000	0.0000	0.0000	0.5938	0.7861	0.1299	0.9526	1.1030	0.3095	0.0331	0.0500	0.0129	1.6517	0.0685	0.0000	-0.0902	1.0008	8.6129	13.9255	5.1709	0.0000	0.0000	0.0000	0.0000	0.0000	0.0000	0.0000	0.0000	0.0000	0.2288	0.2141	0.0147	0.2238	0.2100	0.0138	0.0050	0.0041	0.0009	0.0777	0.0683	0.0094	0.0303	0.0281	0.0022	0.0474	0.0402	0.0072	0.3852	0.2724	0.1129	0.2349	0.1904	0.0445	0.1503	0.0820	0.0683	0.0000	0.0000	0.0001	0.0000	0.0000	0.0000	0.0001	0.0000	0.0012	0.5938	0.7861	0.1299	0.9526	1.1030	0.3095	0.0331	0.0500	0.0129
100	114	0.4919	9	1	0	1	0	0	0	0	0	N	N	N	N	N	N	N	N	N	N	N	N	0.0002	0.0000	0.0105	0.0001	0.0000	0.0910	0.0019	0.0002	0.0059	0.0003	0.0000	0.0020	0.0003	0.0000	0.0034	0.0003	0.0000	0.0016	1.1670	1.5985	0.1878	1.9325	2.3944	0.0372	0.1324	0.0131	0.2756	128.9976	0.0518	0.0000	-0.3752	1.0008	16.8607	13.9255	22.7724	0.0000	0.0000	0.0000	0.0000	0.0000	0.0000	0.0000	0.0000	0.0000	0.9170	0.8719	0.0451	0.8728	0.8695	0.0033	0.0442	0.0024	0.0419	0.1166	0.1014	0.0152	0.0364	0.0335	0.0030	0.0801	0.0680	0.0122	0.7858	0.5454	0.2404	0.4516	0.3631	0.0885	0.3342	0.1823	0.1519	0.0002	0.0000	0.0105	0.0001	0.0000	0.0910	0.0019	0.0002	0.0059	1.1670	1.5985	0.1878	1.9325	2.3944	0.0372	0.1324	0.0131	0.2756
100	115	0.1194	6	2	0	2	0	0	0	0	0	Y	N	Y	N	N	N	N	N	N	N	N	N	0.0000	0.0000	0.0000	0.0000	0.0000	0.0000	0.0000	0.0000	0.0000	0.0000	0.0000	0.0000	0.0000	0.0000	0.0000	0.0000	0.0000	0.0004	0.0003	0.0007	0.0006	0.0007	0.0000	0.0004	0.0000	0.0007	1.3043	0.0000	0.0000	1.0008	1.0009	13.9255	4.0038	0.0000	0.0000	0.0000	0.0000	0.0000	0.0000	0.0000	0.0000	0.0000	0.0001	0.0000	0.0000	0.0000	0.0000	0.0000	0.0000	0.0000	0.0000	0.0076	0.0064	0.0012	0.0009	0.0009	0.0001	0.0067	0.0056	0.0011	0.1582	0.0997	0.0585	0.0513	0.0470	0.0042	0.1070	0.0527	0.0543	0.0000	0.0000	0.0000	0.0000	0.0000	0.0000	0.0000	0.0000	0.0000	0.0004	0.0003	0.0007	0.0006	0.0007	0.0000	0.0004	0.0000	0.0007		
100	116	0.0910	5	2	0	2	0	0	0	0	0	Y	N	Y	N	N	N	N	N	N	N	N	N	0.0003	0.0004	0.0006	0.0003	0.0001	0.0050	0.0002	0.0363	0.0006	0.0007	0.0000	0.0047	0.0001	0.0000	0.0026	0.0009	0.0001	0.0048	2.8068	0.1148	8.6001	0.3282	0.2997	0.5190	3.7204	0.0016	7.8123	15.9933	38.6102	0.0000	0.4688	1.0008	1.8441	13.9255	10.4794	0.0000	0.0000	0.0000	0.0000	0.0000	0.0000	0.0000	0.0000	0.0000	0.9079	0.0229	0.8850	0.0286	0.0227	0.0059	0.8793	0.0002	0.8791	0.0191	0.0164	0.0027	0.0040	0.0039	0.0001	0.0151	0.0126	0.0026	0.3235	0.1996	0.1238	0.0871	0.0758	0.0113	0.2364	0.1238	0.1125	0.0003	0.0004	0.0007	0.0003	0.0001	0.0050	0.0002	0.0363	0.0006	2.8068	0.1148	7.1462	0.3282	0.2997	0.5190	3.7204	0.0016	7.8123
100	117	0.3791	7	1	1	1	1	0	0	0	0	N	N	N	N	N	N	N	N	N	N	N	N	0.0003	0.0000	0.0231	0.0006	0.0000	0.5231	0.0000	0.0000	0.0000	0.0002	0.0000	0.0018	0.0006	0.0000	0.0087	0.0000	0.0000	0.0000	0.6539	0.9014	0.0763	1.1485	1.3747	0.0166	0.0570	0.0184	0.1023	33.0416	0.0363	0.0000	-0.2293	1.0008	10.5071	13.9255	20.2622	0.0000	0.0000	0.0000	0.0000	0.0000	0.0000	0.0000	0.0000	0.0000	0.5416	0.5227	0.0189	0.5202	0.5190	0.0013	0.0214	0.0037	0.0177	0.0905	0.0792	0.0113	0.0322	0.0299	0.0023	0.0583	0.0493	0.0090	0.8283	0.5798	0.2485	0.4530	0.3775	0.0755	0.3753	0.2023	0.1730	0.0003	0.0000	0.0231	0.0006	0.0000	0.5231	0.0000	0.0000	0.0000	0.6539	0.9014	0.0763	1.1485	1.3747	0.0166	0.0570	0.0184	0.1023
100	118	0.1429	6	1	1	1	1	0	0	0	0	N	N	N	N	N	N	N	N	N	N	N	N	0.0000	0.0000	0.0000	0.0000	0.0000	0.0000	0.0000	0.0000	0.0000	0.0000	0.0000	0.0000	0.0000	0.0000	0.0000	0.0000	0.0000	0.0000	0.0185	0.0237	0.0108	0.0278	0.0330	0.0047	0.0145	0.0171	0.0118	0.3052	0.0000	-0.0024	1.0008	4.0036	13.9255	26.5072	0.0000	0.0000	0.0000	0.0000	0.0000	0.0000	0.0000	0.0000	0.0000	0.0109	0.0083	0.0025	0.0050	0.0048	0.0002	0.0059	0.0035	0.0024	0.0257	0.0218	0.0039	0.0023	0.0021	0.0002	0.0234	0.0196	0.0037	0.5871	0.3511	0.2360	0.1800	0.1463	0.0337	0.4071	0.2048	0.2023	0.0000	0.0000	0.0000	0.0000	0.0000	0.0000	0.0000	0.0000	0.0000	0.0185	0.0237	0.0108	0.0278	0.0330	0.0047	0.0145	0.0171	0.0118	
100	119	0.1814	7	1	1	1	0	0	0	0	0	N	N	N	N	N	N	N	N	N	N	N	N	0.0276	0.0426	0.0000	0.0632	0.0588	0.0000	0.0011	15.8562	0.0000	0.0004	0.0005	0.0000	0.0013	0.0014	0.0000	0.0000	0.0000	0.0000	0.0141	0.0107	0.0199	0.0211	0.0243	0.0045	0.0108	0.0000	0.0224	0.0000	1.1290	-0.0000	0.0006	1.0008	3.8169	13.9255	21.2433	0.0000	0.0000	0.0000	0.0000	0.0000	0.0000	0.0000	0.0000	0.0000	0.0077	0.0036	0.0041	0.0038	0.0036	0.0001	0.0040	0.0000	0.0040	0.0409	0.0352	0.0057	0.0117	0.0109	0.0008	0.0291	0.0242	0.0049	0.5451	0.3396	0.2054	0.1782	0.1493	0.0289	0.3669	0.1903	0.1766	0.0276	0.0426	0.0000	0.0632	0.0588	0.0000	0.0011	15.8562	0.0000	0.0141	0.0107	0.0199	0.0211	0.0243	0.0045	0.0108	0.0000	0.0224
100	120	0.5270	11	1	1	1	0	0	0	0	0	N	N	N	N	N	N	N	N	N	N	N	N	0.0580	0.0550	0.0000	0.0317	0.0279	0.0000	0.1338	0.3012	0.0000	0.0082	0.0094	0.0000	0.0060	0.0065	0.0000	0.0093	0.0110	0.0000	0.1421	0.1713	0.0731	0.1910	0.2316	0.0140	0.0697	0.0366	0.1085	0.0000	0.1801	-0.0005	-0.0489	1.0008	16.3276	13.9255	34.9199	0.0010	0.0010	0.0000	0.0003	0.0003	0.0000	0.0008	0.0008	0.0000	0.1599	0.1355	0.0244	0.1283	0.1265	0.0017	0.0316	0.0090	0.0227	0.1259	0.1102	0.0158	0.0416	0.0389	0.0027	0.0843	0.0713	0.0131	1.1252	0.7913	0.3339	0.6716	0.5465	0.1251	0.4536	0.2448	0.2088	0.0580	0.0550	0.0000	0.0317	0.0279	0.0000	0.1338	0.3012	0.0000	0.1421	0.1713	0.0731	0.1910	0.2316	0.0140	0.0697	0.0366	0.1085
100	121	0.5097	10	1	1	1	0	0	0	0	0	N	N	N	N	N	N	N	N	N	N	N	N	0.0951	0.1400	0.0441	0.3380	0.2721	4.6970	0.0046	0.1355	0.0012	0.0405	0.0414	0.0341	0.1198	0.1132	0.2300	0.0025	0.0026	0.0015	0.4255	0.2959	0.7718	0.3544	0.4162	0.0490	0.5365	0.0195	1.2077	0.1206	0.9766	-0.0007	0.0105	1.0008	6.1757	13.9255	14.5601	0.0020	0.0018	0.0002	0.0019	0.0017	0.0002	0.0001	0.0001	0.0000	0.2944	0.1489	0.1455	0.1494	0.1460	0.0035	0.1450	0.0030	0.1420	0.0501	0.0437	0.0064	0.0162	0.0153	0.0009	0.0338	0.0283	0.0055	0.6918	0.5033	0.1885	0.4216	0.3507	0.0709	0.2702	0.1526	0.1176	0.0951	0.1400	0.0441	0.3380	0.2721	4.6970	0.0046	0.1355	0.0012	0.4255	0.2959	0.7718	0.3544	0.4162	0.0490	0.5365	0.0195	1.2077
100	122	0.4567	9	1	0	1	0	0	0	0	0	N	N	N	N	N	N	N	N	N	N	N	N	20.5902	80.4240	0.0012	167.1468	152.4942	0.5871	0.0002	0.0069	0.0000	15.2723	17.4713	0.0025	42.9997	45.9411	0.0135	0.0003	0.0004	0.0000	0.7417	0.2172	2.0787	0.2573	0.3013	0.0230	1.3725	0.0520	3.0348	0.0000	3.7537	-0.4352	0.1932	1.0008	7.5400	13.9255	21.4192	0.9867	0.9866	0.0000	0.9867	0.9866	0.0000	0.0000	0.0000	0.0000	0.5831	0.1227	0.4605	0.1144	0.1128	0.0016	0.4688	0.0099	0.4589	0.0646	0.0565	0.0081	0.0229	0.0215	0.0015	0.0417	0.0350	0.0067	0.7862	0.5647	0.2215	0.4446	0.3743	0.0703	0.3415	0.1903	0.1512	20.5902	80.4240	0.0012	167.1468	152.4942	0.5871	0.0002	0.0069	0.0000	0.7417	0.2172	2.0787	0.2573	0.3013	0.0230	1.3725	0.0520	3.0348
100	123	0.0690	4	1	1	1	0	0	0	0	0	N	N	N	N	N	N	N	N	N	N	N	N	0.0000	0.0000	0.0000	0.0000	0.0000	0.0000	0.0000	0.0000	0.0000	0.0000	0.0000	0.0000	0.0000	0.0000	0.0000	0.0000	0.0000	7.2158	0.0074	30.4972	0.0360	0.0333	0.0711	6.7112	0.0000	27.4155	1344.1844	0.0000	1.6163	1.0008	4.0019	13.9255	19.5615	0.0000	0.0000	0.0000	0.0000	0.0000	0.0000	0.0000	0.0000	0.0000	2.9882	0.0022	2.9860	0.0026	0.0022	0.0004	2.9856	0.0000	2.9856	0.0285	0.0241	0.0044	0.0019	0.0017	0.0002	0.0266	0.0224	0.0042	0.5166	0.2990	0.2176	0.0718	0.0667	0.0051	0.4449	0.2323	0.2126	0.0000	0.0000	0.0000	0.0000	0.0000	0.0000	0.0000	0.0000	0.0000	5.7839	0.0074	13.7210	0.0360	0.0333	0.0711	6.7112	0.0000	14.0461		
100	126	0.1801	8	1	1	1	0	0	0	0	0	N	N	N	N	N	N	N	N	N	N	N	N	0.0000	0.0000	0.0000	0.0000	0.0000	0.0000	0.0000	0.0000	0.0000	0.0000	0.0000	0.0000	0.0000	0.0000	0.0000	0.0000	0.0000	0.0000	0.0018	0.0017	0.0018	0.0023	0.0024	0.0023	0.0014	0.0011	0.0017	0.6298	0.0000	-0.0001	1.0008	5.0407	13.9255	17.1705	0.0000	0.0000	0.0000	0.0000	0.0000	0.0000	0.0000	0.0000	0.0000	0.0009	0.0005	0.0003	0.0004	0.0003	0.0001	0.0004	0.0002	0.0003	0.0367	0.0311	0.0056	0.0056	0.0053	0.0004	0.0310	0.0258	0.0052	0.4868	0.3049	0.1818	0.1771	0.1459	0.0312	0.3097	0.1590	0.1507	0.0000	0.0000	0.0000	0.0000	0.0000	0.0000	0.0000	0.0000	0.0000	0.0018	0.0017	0.0018	0.0023	0.0024	0.0023	0.0014	0.0011	0.0017	
100	127	0.1641	7	1	1	1	0	0	0	0	0	N	N	N	N	N	N	N	N	N	N	N	N	0.0000	0.0000	0.0000	0.0000	0.0000	0.0000	0.0000	0.0000	0.0000	0.0000	0.0000	0.0000	0.0000	0.0000	0.0000	0.0000	0.0000	0.0000	0.0155	0.0050	0.0374	0.0081	0.0081	0.0078	0.0203	0.0018	0.0429	3.5208	0.0000	0.0013	1.0008	1.9703	13.9255	6.2034	0.0000	0.0000	0.0000	0.0000	0.0000	0.0000	0.0000	0.0000	0.0000	0.0039	0.0009	0.0031	0.0008	0.0007	0.0001	0.0031	0.0002	0.0030	0.0156	0.0133	0.0024	0.0030	0.0028	0.0002	0.0127	0.0105	0.0022	0.2538	0.1722	0.0816	0.1007	0.0879	0.0128	0.1531	0.0842	0.0689	0.0000	0.0000	0.0000	0.0000	0.0000	0.0000	0.0000	0.0000	0.0000	0.0155	0.0050	0.0374	0.0081	0.0081	0.0078	0.0203	0.0018	0.0429	
100	128	0.1429	6	1	0	1	0	0	0	0	0	N	N	N	N	N	N	N	N	N	N	N	N	0.0000	0.0000	0.0000	0.0000	0.0000	0.0000	0.0000	0.0000	0.0000	0.0000	0.0000	0.0000	0.0000	0.0000	0.0000	0.0000	0.0000	0.0000	5.0420	0.0697	22.0257	0.0776	0.0897	0.0131	6.8037	0.0501	23.4033	102.4327	0.0000	0.5356	1.0008	1.1032	13.9255	7.8190	0.0000	0.0000	0.0000	0.0000	0.0000	0.0000	0.0000	0.0000	0.0000	1.0069	0.0097	0.9972	0.0064	0.0062	0.0002	1.0005	0.0035	0.9970	0.0072	0.0061	0.0011	0.0007	0.0006	0.0001	0.0066	0.0055	0.0011	0.2291	0.1397	0.0894	0.0820	0.0691	0.0129	0.1471	0.0705	0.0765	0.0000	0.0000	0.0000	0.0000	0.0000	0.0000	0.0000	0.0000	0.0000	4.3950	0.0697	11.1479	0.0776	0.0897	0.0131	6.8037	0.0501	13.0276	
100	129	0.4860	10	1	1	1	0	0	0	0	0	N	N	N	N	N	N	N	N	N	N	N	N	0.0000	0.0000	0.0000	0.0000	0.0000	0.0000	0.0000	0.0000	0.0000	0.0000	0.0000	0.0000	0.0000	0.0000	0.0000	0.0000	0.0000	0.0000	0.0059	0.0000	0.0280	0.0005	0.0000	0.0065	0.0133	0.0000	0.0337	1449.6717	0.0000	0.0008	1.0008	1.0033	13.9255	0.8635	0.0000	0.0000	0.0000	0.0000	0.0000	0.0000	0.0000	0.0000	0.0000	0.0015	0.0000	0.0015	0.0001	0.0000	0.0001	0.0014	0.0000	0.0014	0.0222	0.0202	0.0020	0.0127	0.0120	0.0006	0.0095	0.0081	0.0014	0.2573	0.2029	0.0544	0.1486	0.1372	0.0114	0.1087	0.0657	0.0430	0.0000	0.0000	0.0000	0.0000	0.0000	0.0000	0.0000	0.0000	0.0000	0.0059	0.0000	0.0280	0.0005	0.0000	0.0065	0.0133	0.0000	0.0337	
100	130	0.4567	9	1	0	1	0	0	0	0	0	N	N	N	N	N	N	N	N	N	N	N	N	0.3018	0.2493	0.6455	1.0390	0.4234	680.1608	0.0002	0.0000	0.0005	0.3928	0.1976	1.7673	1.0325	0.4854	9.2730	0.0003	0.0000	0.0019	1.3016	0.7927	2.7378	0.9937	1.1467	0.0136	1.7129	0.0741	3.8780	1.2693	1.2237	0.0024	0.0732	1.0008	5.5514	13.9255	9.9598	0.0204	0.0090	0.0114	0.0204	0.0090	0.0114	0.0000	0.0000	0.0000	0.7961	0.3580	0.4381	0.3476	0.3470	0.0006	0.4485	0.0110	0.4375	0.0520	0.0456	0.0065	0.0198	0.0186	0.0012	0.0323	0.0270	0.0052	0.6117	0.4516	0.1600	0.3498	0.3026	0.0472	0.2618	0.1490	0.1128	0.3018	0.2493	0.6455	1.0390	0.4234	680.1608	0.0002	0.0000	0.0005	1.3016	0.7927	2.7378	0.9937	1.1467	0.0136	1.7129	0.0741	3.8780
100	131	0.4264	8	1	0	1	0	0	0	0	0	N	N	N	N	N	N	N	N	N	N	N	N	0.1415	0.2253	0.0109	0.6570	0.5884	1.9701	0.0000	0.0000	0.0000	0.1560	0.1752	0.0212	0.5004	0.5228	0.1430	0.0000	0.0000	0.0000	1.1028	0.7777	1.9378	0.7616	0.8886	0.0726	1.5296	0.5697	2.7706	0.0171	0.9701	-0.0050	0.0255	1.0008	9.1969	13.9255	13.4651	0.0117	0.0115	0.0002	0.0117	0.0115	0.0002	0.0000	0.0000	0.0000	0.7498	0.3806	0.3692	0.2878	0.2836	0.0043	0.4620	0.0970	0.3649	0.0752	0.0659	0.0093	0.0234	0.0221	0.0014	0.0518	0.0438	0.0080	0.6799	0.4894	0.1905	0.3779	0.3191	0.0588	0.3020	0.1703	0.1317	0.1415	0.2253	0.0109	0.6570	0.5884	1.9701	0.0000	0.0000	0.0000	1.1028	0.7777	1.9378	0.7616	0.8886	0.0726	1.5296	0.5697	2.7706
100	132	0.2398	10	2	1	1	1	0	0	0	0	Y	N	N	N	N	N	N	N	N	N	N	N	0.0000	0.0000	0.0000	0.0000	0.0000	0.0000	0.0000	0.0000	0.0000	0.0000	0.0000	0.0000	0.0000	0.0000	0.0000	0.0000	0.0000	0.0000	0.0000	0.0000	1.0008	1.0000	13.9255	3.0001	0.0000	0.0000	0.0000	0.0000	0.0000	0.0000	0.0000	0.0000	0.0000	0.0000	0.0000	0.0000	0.0000	0.0000	0.0000	0.0000	0.0000	0.0000	0.0070	0.0059	0.0010	0.0009	0.0008	0.0001	0.0061	0.0051	0.0010	0.0789	0.0475	0.0315	0.0254	0.0206	0.0049	0.0535	0.0269	0.0266	0.0000	0.0000	0.0000	0.0000	0.0000	0.0000	0.0000	0.0000	0.0000	0.0000	0.0000	0.0000	0.0000	0.0000	0.0000	0.0000	0.0000	0.0000											
100	133	0.6388	14	2	1	1	1	0	0	0	0	Y	N	N	N	N	N	N	N	N	N	N	N	0.0000	0.0000	0.0000	0.0000	0.0000	0.0000	0.0000	0.0000	0.0000	0.0000	0.0000	0.0000	0.0000	0.0000	0.0000	0.0000	0.0000	0.0000	0.0000	0.0000	1.0008	0.0006	13.9255	1.9797	0.0000	0.0000	0.0000	0.0000	0.0000	0.0000	0.0000	0.0000	0.0000	0.0000	0.0000	0.0000	0.0000	0.0000	0.0000	0.0000	0.0000	0.0000	0.0000	0.0000	0.0000	0.0000	0.0000	0.0000	0.0000	0.0000	0.0000	0.0328	0.0226	0.0103	0.0185	0.0150	0.0035	0.0144	0.0076	0.0068	0.0000	0.0000	0.0000	0.0000	0.0000	0.0000	0.0000	0.0000	0.0000	0.0000	0.0000	0.0000	0.0000	0.0000	0.0000	0.0000	0.0000	0.0000											
100	134	0.6220	13	2	1	1	1	0	0	0	0	Y	N	N	N	N	N	N	N	N	N	N	N	0.0000	0.0000	0.0000	0.0000	0.0000	0.0000	0.0000	0.0000	0.0000	0.0000	0.0000	0.0000	0.0000	0.0008	0.0012	0.0000	0.0015	0.0019	0.0000	0.0000	0.0000	0.0000	0.0000	0.0000	-0.0000	1.0008	2.0077	13.9255	6.0321	0.0000	0.0000	0.0000	0.0000	0.0000	0.0000	0.0000	0.0000	0.0000	0.0001	0.0001	0.0000	0.0001	0.0001	0.0000	0.0000	0.0000	0.0000	0.0136	0.0118	0.0018	0.0047	0.0044	0.0004	0.0089	0.0075	0.0014	0.1200	0.0812	0.0388	0.0665	0.0529	0.0136	0.0535	0.0283	0.0252	0.0000	0.0000	0.0000	0.0000	0.0000	0.0000	0.0000	0.0000	0.0000	0.0008	0.0012	0.0000	0.0015	0.0019	0.0000	0.0000	0.0000	0.0000						
100	135	0.6173	13	1	1	1	1	0	0	0	0	N	N	N	N	N	N	N	N	N	N	N	N	0.0000	0.0000	0.0000	0.0000	0.0000	0.0000	0.0000	0.0000	0.0000	0.0000	0.0000	0.0000	0.0001	0.0001	0.0000	0.0000	0.0000	0.0000	5.4656	8.1288	0.7022	13.9461	17.2469	0.0004	0.5706	0.0241	1.1396	0.0000	0.0487	-0.0000	-0.4169	1.0008	3.0348	13.9255	9.3583	0.0000	0.0000	0.0000	0.0000	0.0000	0.0000	0.0000	0.0000	0.0000	1.0119	0.9649	0.0470	0.9639	0.9639	0.0000	0.0480	0.0010	0.0470	0.0208	0.0180	0.0028	0.0069	0.0064	0.0005	0.0140	0.0117	0.0023	0.2107	0.1438	0.0669	0.1266	0.1009	0.0257	0.0841	0.0429	0.0412	0.0000	0.0000	0.0000	0.0000	0.0000	0.0000	0.0000	0.0000	0.0000	4.8029	6.7100	0.7022	7.6147	9.5525	0.0004	0.5706	0.0241	1.1396
100	136	0.6029	12	1	0	1	1	0	0	0	0	N	N	N	N	N	N	N	N	N	N	N	N	0.0001	0.0021	0.0000	0.0001	0.0001	0.0000	0.0001	1.2192	0.0000	0.0010	0.0011	0.0007	0.0001	0.0001	0.0000	0.0016	0.0017	0.0008	14.1633	0.5168	77.8478	0.6021	0.7627	0.0016	21.6639	0.0014	108.7412	0.1111	25.6559	-0.0000	0.4962	1.0008	0.0433	13.9255	6.6805	0.0000	0.0000	0.0000	0.0000	0.0000	0.0000	0.0000	0.0000	0.0000	0.9844	0.0369	0.9474	0.0369	0.0369	0.0000	0.9475	0.0000	0.9474	0.0003	0.0003	0.0001	0.0001	0.0001	0.0000	0.0002	0.0002	0.0000	0.1051	0.0715	0.0336	0.0613	0.0484	0.0129	0.0437	0.0231	0.0206	0.0001	0.0021	0.0000	0.0001	0.0001	0.0000	0.0001	1.2192	0.0000	9.3704	0.5168	28.2071	0.6021	0.7627	0.0016	21.6639	0.0014	45.8887
100	137	0.2695	12	1	1	1	1	0	0	0	0	N	N	N	N	N	N	N	N	N	N	N	N	0.0000	0.0000	0.0000	0.0000	0.0000	0.0000	0.0000	0.0000	0.0000	0.0000	0.0000	0.0000	0.0000	0.0000	0.0000	0.0000	0.0000	0.0000	0.0000	0.0000	1.0008	0.0000	13.9255	0.0000	0.0000	0.0000	0.0000	0.0000	0.0000	0.0000	0.0000	0.0000	0.0000	0.0000	0.0000	0.0000	0.0000	0.0000	0.0000	0.0000	0.0000	0.0000	0.0000	0.0000	0.0000	0.0000	0.0000	0.0000	0.0000	0.0000	0.0000	0.0000	0.0000	0.0000	0.0000	0.0000	0.0000	0.0000	0.0000	0.0000	0.0000	0.0000	0.0000	0.0000	0.0000	0.0000	0.0000	0.0000	0.0000	0.0000	0.0000	0.0000	0.0000	0.0000	0.0000	0.0000	0.0000	0.0000											
100	138	0.2644	11	1	1	1	1	0	0	0	0	N	N	N	N	N	N	N	N	N	N	N	N	0.0000	0.0000	0.0000	0.0000	0.0000	0.0000	0.0000	0.0000	0.0000	0.0000	0.0000	0.0000	0.0000	0.0109	0.0000	0.0279	0.0000	0.0000	0.0000	0.0164	0.0000	0.0328	inf	0.0000	0.0002	1.0008	0.0021	13.9255	2.0000	0.0000	0.0000	0.0000	0.0000	0.0000	0.0000	0.0000	0.0000	0.0000	0.0004	0.0000	0.0004	0.0000	0.0000	0.0000	0.0004	0.0000	0.0004	0.0000	0.0000	0.0000	0.0000	0.0000	0.0000	0.0000	0.0000	0.0000	0.0391	0.0238	0.0153	0.0131	0.0108	0.0023	0.0260	0.0130	0.0130	0.0000	0.0000	0.0000	0.0000	0.0000	0.0000	0.0000	0.0000	0.0000	0.0109	0.0000	0.0279	0.0000	0.0000	0.0000	0.0164	0.0000	0.0328						
100	139	0.2542	10	1	0	1	1	0	0	0	0	N	N	N	N	N	N	N	N	N	N	N	N	0.0000	0.0000	0.0000	0.0000	0.0000	0.0000	0.0000	0.0000	0.0000	0.0000	0.0000	0.0000	0.0000	0.0000	0.0000	0.0000	18.7120	0.0000	84.9650	0.0000	0.0000	0.0000	19.1950	0.0000	84.0390	3318539.2400	0.0000	0.5381	1.0008	1.0020	13.9255	3.0181	0.0000	0.0000	0.0000	0.0000	0.0000	0.0000	0.0000	0.0000	0.0000	0.9934	0.0000	0.9934	0.0000	0.0000	0.0000	0.9934	0.0000	0.9934	0.0070	0.0059	0.0010	0.0009	0.0008	0.0001	0.0061	0.0051	0.0010	0.0793	0.0481	0.0311	0.0273	0.0222	0.0051	0.0520	0.0259	0.0261	0.0000	0.0000	0.0000	0.0000	0.0000	0.0000	0.0000	0.0000	0.0000	12.5345	0.0000	31.9187	0.0000	0.0000	0.0000	19.1048	0.0000	38.1192			
100	140	0.2398	10	1	1	1	0	0	0	0	0	N	N	N	N	N	N	N	N	N	N	N	N	0.0000	0.0000	0.0000	0.0000	0.0000	0.0000	0.0000	0.0000	0.0000	0.0000	0.0000	0.0000	0.0000	0.0000	0.0000	0.0000	0.0000	0.0000	0.0000	0.0000	1.0008	0.0000	13.9255	4.0001	0.0000	0.0000	0.0000	0.0000	0.0000	0.0000	0.0000	0.0000	0.0000	0.0000	0.0000	0.0000	0.0000	0.0000	0.0000	0.0000	0.0000	0.0000	0.0000	0.0000	0.0000	0.0000	0.0000	0.0000	0.0000	0.0000	0.0000	0.0789	0.0475	0.0315	0.0254	0.0206	0.0049	0.0535	0.0269	0.0266	0.0000	0.0000	0.0000	0.0000	0.0000	0.0000	0.0000	0.0000	0.0000	0.0000	0.0000	0.0000	0.0000	0.0000	0.0000	0.0000	0.0000	0.0000											
100	141	0.6175	12	1	1	1	0	0	0	0	0	N	N	N	N	N	N	N	N	N	N	N	N	0.0000	0.0000	0.0000	0.0000	0.0000	0.0000	0.0000	0.0000	0.0000	0.0000	0.0000	0.0000	0.0000	0.0000	0.0000	0.0000	0.0000	0.0000	0.0137	0.0203	0.0000	0.0248	0.0311	0.0000	0.0000	0.0000	0.0000	0.0000	0.0000	-0.0006	1.0008	1.0003	13.9255	5.0186	0.0000	0.0000	0.0000	0.0000	0.0000	0.0000	0.0000	0.0000	0.0000	0.0013	0.0013	0.0000	0.0013	0.0013	0.0000	0.0000	0.0000	0.0000	0.0068	0.0059	0.0009	0.0024	0.0022	0.0002	0.0044	0.0037	0.0007	0.0917	0.0621	0.0296	0.0509	0.0405	0.0104	0.0408	0.0216	0.0193	0.0000	0.0000	0.0000	0.0000	0.0000	0.0000	0.0000	0.0000	0.0000	0.0137	0.0203	0.0000	0.0248	0.0311	0.0000	0.0000	0.0000	0.0000	
100	142	0.2542	10	1	0	2	1	0	0	0	0	N	N	Y	N	N	N	N	N	N	N	N	N	0.0000	0.0000	0.0000	0.0000	0.0000	0.0000	0.0000	0.0000	0.0000	0.0000	0.0000	0.0000	0.0000	0.0000	0.0000	0.0000	0.0847	0.1393	0.0001	0.2471	0.3036	0.0000	0.0001	0.0000	0.0002	0.0007	0.0000	-0.0067	1.0008	0.0001	13.9255	9.0026	0.0000	0.0000	0.0000	0.0000	0.0000	0.0000	0.0000	0.0000	0.0000	0.0147	0.0147	0.0000	0.0147	0.0147	0.0000	0.0000	0.0000	0.0000	0.0000	0.0000	0.0000	0.0000	0.0000	0.0000	0.0000	0.0000	0.0000	0.1738	0.1056	0.0682	0.0595	0.0484	0.0111	0.1143	0.0571	0.0572	0.0000	0.0000	0.0000	0.0000	0.0000	0.0000	0.0000	0.0000	0.0000	0.0847	0.1393	0.0001	0.2471	0.3036	0.0000	0.0001	0.0000	0.0002			
100	143	0.6029	12	1	0	2	1	0	0	0	0	N	N	Y	N	N	N	N	N	N	N	N	N	469.8085	368.2682	0.0000	840.9381	717.6719	0.0000	0.0000	0.0000	0.0000	74.2284	85.6608	0.0000	227.5064	246.5513	0.0000	0.0000	0.0000	0.0000	0.1580	0.2326	0.0001	0.2705	0.3435	0.0000	0.0005	0.0008	0.0002	0.0000	0.0003	-0.4410	-0.0111	1.0008	2.0061	13.9255	8.0425	0.9998	0.9998	0.0000	0.9998	0.9998	0.0000	0.0000	0.0000	0.0000	0.0243	0.0243	0.0000	0.0243	0.0243	0.0000	0.0000	0.0000	0.0000	0.0135	0.0117	0.0018	0.0044	0.0041	0.0003	0.0091	0.0076	0.0015	0.1538	0.1044	0.0493	0.0897	0.0706	0.0191	0.0641	0.0338	0.0303	469.8085	368.2682	0.0000	840.9381	717.6719	0.0000	0.0000	0.0000	0.0000	0.1580	0.2326	0.0001	0.2705	0.3435	0.0000	0.0005	0.0008	0.0002
100	144	0.5938	11	1	0	1	1	0	0	0	0	N	N	N	N	N	N	N	N	N	N	N	N	0.0000	0.0000	0.0000	0.0000	0.0000	0.0000	0.0000	0.0000	0.0000	0.0000	0.0000	0.0000	0.0000	0.0000	0.0000	0.0000	0.0000	0.0108	0.0091	0.0156	0.0023	0.0027	0.0000	0.0212	0.0208	0.0218	0.6419	0.0000	-0.0001	1.0008	1.9550	13.9255	2.1189	0.0000	0.0000	0.0000	0.0000	0.0000	0.0000	0.0000	0.0000	0.0000	0.0011	0.0007	0.0004	0.0001	0.0001	0.0000	0.0010	0.0005	0.0004	0.0141	0.0122	0.0019	0.0053	0.0048	0.0005	0.0088	0.0074	0.0014	0.1010	0.0736	0.0274	0.0555	0.0477	0.0078	0.0455	0.0259	0.0196	0.0000	0.0000	0.0000	0.0000	0.0000	0.0000	0.0000	0.0000	0.0000	0.0108	0.0091	0.0156	0.0023	0.0027	0.0000	0.0212	0.0208	0.0218		
100	145	0.5938	11	1	0	2	1	0	0	0	0	N	N	Y	N	N	N	N	N	N	N	N	N	0.0000	0.0000	0.0000	0.0000	0.0000	0.0000	0.0000	0.0000	0.0000	0.0000	0.0000	0.0000	0.0000	0.0000	0.0000	0.0000	0.0000	0.0000	0.0163	0.0186	0.0109	0.0201	0.0247	0.0006	0.0113	0.0069	0.0164	0.2634	0.0000	-0.0014	1.0008	2.1261	13.9255	18.6477	0.0000	0.0000	0.0000	0.0000	0.0000	0.0000	0.0000	0.0000	0.0000	0.0055	0.0043	0.0011	0.0038	0.0038	0.0000	0.0017	0.0005	0.0011	0.0152	0.0132	0.0021	0.0057	0.0052	0.0005	0.0095	0.0080	0.0015	0.3355	0.2316	0.1039	0.1887	0.1528	0.0359	0.1468	0.0788	0.0680	0.0000	0.0000	0.0000	0.0000	0.0000	0.0000	0.0000	0.0000	0.0000	0.0163	0.0186	0.0109	0.0201	0.0247	0.0006	0.0113	0.0069	0.0164	
100	146	0.2542	10	1	0	2	1	0	0	0	0	N	N	Y	N	N	N	N	N	N	N	N	N	0.0000	0.0000	0.0000	0.0000	0.0000	0.0000	0.0000	0.0000	0.0000	0.0000	0.0000	0.0000	0.0000	0.0000	0.0000	0.0000	0.0046	0.0075	0.0002	0.0133	0.0163	0.0000	0.0001	0.0000	0.0002	0.0141	0.0000	-0.0003	1.0008	2.0001	13.9255	5.9880	0.0000	0.0000	0.0000	0.0000	0.0000	0.0000	0.0000	0.0000	0.0000	0.0007	0.0007	0.0000	0.0007	0.0007	0.0000	0.0000	0.0000	0.0000	0.0139	0.0118	0.0021	0.0018	0.0016	0.0001	0.0121	0.0102	0.0019	0.1549	0.0941	0.0608	0.0531	0.0432	0.0099	0.1018	0.0509	0.0509	0.0000	0.0000	0.0000	0.0000	0.0000	0.0000	0.0000	0.0000	0.0000	0.0046	0.0075	0.0002	0.0133	0.0163	0.0000	0.0001	0.0000	0.0002			
100	147	0.2542	10	1	0	2	1	0	0	0	0	N	N	Y	N	N	N	N	N	N	N	N	N	0.0000	0.0000	0.0000	0.0000	0.0000	0.0000	0.0000	0.0000	0.0000	0.0000	0.0000	0.0000	0.0000	0.0000	0.0000	0.0000	0.0000	0.0094	0.0155	0.0000	0.0280	0.0344	0.0000	0.0001	0.0001	0.0001	0.0019	0.0000	-0.0024	1.0008	9.0001	13.9255	23.0169	0.0000	0.0000	0.0000	0.0000	0.0000	0.0000	0.0000	0.0000	0.0000	0.0053	0.0053	0.0000	0.0053	0.0053	0.0000	0.0000	0.0000	0.0000	0.0605	0.0516	0.0089	0.0077	0.0071	0.0006	0.0528	0.0444	0.0083	0.5650	0.3438	0.2213	0.1898	0.1545	0.0353	0.3752	0.1893	0.1859	0.0000	0.0000	0.0000	0.0000	0.0000	0.0000	0.0000	0.0000	0.0000	0.0094	0.0155	0.0000	0.0280	0.0344	0.0000	0.0001	0.0001	0.0001		
100	148	0.2289	9	1	0	1	1	0	0	0	0	N	N	N	N	N	N	N	N	N	N	N	N	0.0000	0.1480	0.0000	0.0201	0.0179	0.0000	0.0000	215.4785	0.0000	0.0000	0.0000	0.0000	0.0000	0.0000	0.0000	0.0000	0.0001	0.0000	5.3318	0.0003	24.1528	0.0006	0.0007	0.0000	6.9584	0.0000	27.0665	0.0000	22776.6404	-0.0000	0.5199	1.0008	1.9990	13.9255	7.9526	0.0000	0.0000	0.0000	0.0000	0.0000	0.0000	0.0000	0.0000	0.0000	0.9600	0.0000	0.9599	0.0000	0.0000	0.0000	0.9599	0.0000	0.9599	0.0139	0.0119	0.0021	0.0018	0.0016	0.0001	0.0122	0.0102	0.0020	0.2068	0.1259	0.0809	0.0689	0.0567	0.0122	0.1380	0.0692	0.0687	0.0000	0.1480	0.0000	0.0201	0.0179	0.0000	0.0000	215.4785	0.0000	4.6416	0.0003	11.8627	0.0006	0.0007	0.0000	6.9584	0.0000	13.9701
100	149	0.1969	8	2	1	1	0	0	0	0	0	Y	N	N	N	N	N	N	N	N	N	N	N	0.0018	0.0028	0.0000	0.0001	0.0001	0.0000	0.0035	414246.0668	0.0000	0.0081	0.0097	0.0000	0.0007	0.0009	0.0000	0.0108	0.0128	0.0000	4.6000	3.4412	5.4587	10.3691	12.2447	0.0023	3.0573	0.0000	6.2835	0.0000	0.9846	-0.0002	0.0761	1.0008	5.3497	13.9255	17.2225	0.0004	0.0004	0.0000	0.0000	0.0000	0.0000	0.0004	0.0004	0.0000	2.0153	1.0155	0.9999	1.0155	1.0155	0.0001	0.9998	0.0000	0.9998	0.0443	0.0371	0.0072	0.0116	0.0096	0.0020	0.0327	0.0275	0.0052	0.4783	0.2951	0.1832	0.1512	0.1272	0.0241	0.3270	0.1679	0.1591	0.0019	0.0028	0.0000	0.0001	0.0001	0.0000	0.0035	414246.0668	0.0000	4.2138	3.4412	5.4587	6.7146	7.9840	0.0023	3.0573	0.0000	6.2835
100	150	0.2277	9	1	1	1	0	0	0	0	0	N	N	N	N	N	N	N	N	N	N	N	N	0.0056	1.3107	0.0000	0.6459	1.5541	0.0000	0.0001	4195.2945	0.0000	0.0075	0.0087	0.0000	0.0200	0.0229	0.0000	0.0002	0.0003	0.0000	1.3219	0.0067	3.6028	0.0310	0.0147	0.1457	1.9497	0.0000	4.0345	0.0000	311.9534	-0.0001	0.3452	1.0008	3.6794	13.9255	17.4287	0.0003	0.0003	0.0000	0.0003	0.0003	0.0000	0.0000	0.0000	0.0000	0.6411	0.0020	0.6390	0.0049	0.0020	0.0029	0.6361	0.0000	0.6361	0.0412	0.0352	0.0060	0.0150	0.0131	0.0019	0.0262	0.0221	0.0041	0.4850	0.3076	0.1774	0.1587	0.1390	0.0197	0.3263	0.1686	0.1577	0.0056	1.3107	0.0000	0.6459	1.5541	0.0000	0.0001	4195.2945	0.0000	1.3219	0.0067	3.6028	0.0310	0.0147	0.1457	1.9497	0.0000	4.0345
100	151	0.1969	8	1	1	1	0	0	0	0	0	N	N	N	N	N	N	N	N	N	N	N	N	0.0132	0.2772	0.0006	0.2854	0.3019	0.3298	0.0036	30.1700	0.0003	0.0154	0.0182	0.0017	0.0357	0.0434	0.0029	0.0060	0.0069	0.0011	1.1641	0.0657	3.0303	0.1250	0.1438	0.0088	1.6840	0.0002	3.4630	0.0197	27.1575	-0.0002	0.1918	1.0008	3.4464	13.9255	10.1316	0.0005	0.0005	0.0000	0.0004	0.0004	0.0000	0.0001	0.0001	0.0000	0.3789	0.0135	0.3655	0.0136	0.0134	0.0001	0.3654	0.0000	0.3653	0.0317	0.0263	0.0054	0.0100	0.0081	0.0019	0.0217	0.0182	0.0035	0.3255	0.2049	0.1206	0.1085	0.0934	0.0151	0.2170	0.1115	0.1055	0.0132	0.2772	0.0006	0.2854	0.3019	0.3298	0.0036	30.1700	0.0003	1.1641	0.0657	3.0303	0.1250	0.1438	0.0088	1.6840	0.0002	3.4630
100	152	0.6243	14	2	1	1	0	0	0	0	0	Y	N	N	N	N	N	N	N	N	N	N	N	0.0000	0.0000	0.0000	0.0000	0.0000	0.0000	0.0000	0.0000	0.0000	0.0000	0.0000	0.0000	0.0000	6.1489	0.0000	38.2704	0.0000	0.0000	0.0000	11.6130	0.0000	49.5268	inf	0.0000	0.5380	1.0008	1.0143	13.9255	12.0086	0.0000	0.0000	0.0000	0.0000	0.0000	0.0000	0.0000	0.0000	0.0000	0.9933	0.0000	0.9933	0.0000	0.0000	0.0000	0.9933	0.0000	0.9933	0.0070	0.0061	0.0009	0.0025	0.0023	0.0002	0.0045	0.0038	0.0007	0.1908	0.1290	0.0618	0.1052	0.0837	0.0216	0.0855	0.0453	0.0402	0.0000	0.0000	0.0000	0.0000	0.0000	0.0000	0.0000	0.0000	0.0000	5.2067	0.0000	16.0770	0.0000	0.0000	0.0000	11.6130	0.0000	24.6982						
100	153	0.6220	13	2	1	1	0	0	0	0	0	Y	N	N	N	N	N	N	N	N	N	N	N	0.0000	0.0000	0.0000	0.0000	0.0000	0.0000	0.0000	0.0000	0.0000	0.0000	0.0000	0.0000	0.0000	0.0000	0.0000	0.0000	0.0869	0.0094	0.2494	0.0114	0.0143	0.0000	0.1814	0.0000	0.3829	12.7014	0.0000	0.0006	1.0008	0.9811	13.9255	0.0216	0.0000	0.0000	0.0000	0.0000	0.0000	0.0000	0.0000	0.0000	0.0000	0.0014	0.0001	0.0013	0.0001	0.0001	0.0000	0.0013	0.0000	0.0013	0.0067	0.0058	0.0009	0.0023	0.0022	0.0002	0.0044	0.0037	0.0007	0.0156	0.0105	0.0050	0.0086	0.0069	0.0018	0.0069	0.0036	0.0033	0.0000	0.0000	0.0000	0.0000	0.0000	0.0000	0.0000	0.0000	0.0000	0.0869	0.0094	0.2494	0.0114	0.0143	0.0000	0.1814	0.0000	0.3829			
100	154	0.6175	12	2	1	1	0	0	0	0	0	Y	N	N	N	N	N	N	N	N	N	N	N	0.0000	0.0000	0.0000	0.0000	0.0000	0.0000	0.0000	0.0000	0.0000	0.0000	0.0000	0.0000	0.0000	0.0000	0.0000	0.0000	0.0000	0.0000	0.0425	0.0585	0.0087	0.0708	0.0886	0.0000	0.0070	0.0012	0.0133	0.0705	0.0000	-0.0005	1.0008	0.0083	13.9255	2.0001	0.0000	0.0000	0.0000	0.0000	0.0000	0.0000	0.0000	0.0000	0.0000	0.0014	0.0013	0.0001	0.0013	0.0013	0.0000	0.0001	0.0000	0.0001	0.0001	0.0001	0.0000	0.0000	0.0000	0.0000	0.0000	0.0000	0.0000	0.0320	0.0217	0.0103	0.0178	0.0142	0.0036	0.0142	0.0075	0.0067	0.0000	0.0000	0.0000	0.0000	0.0000	0.0000	0.0000	0.0000	0.0000	0.0425	0.0585	0.0087	0.0708	0.0886	0.0000	0.0070	0.0012	0.0133	
100	155	0.5938	11	1	1	1	0	0	0	0	0	N	N	N	N	N	N	N	N	N	N	N	N	0.0000	0.0000	0.0000	0.0000	0.0000	0.0000	0.0000	0.0000	0.0000	0.0000	0.0000	0.0000	0.0000	0.0000	0.0000	0.0000	0.0000	0.0000	5.4731	8.5909	0.0014	18.2881	20.3400	0.0010	0.0008	0.0002	0.0015	0.0001	0.0000	-0.4234	1.0008	2.9180	13.9255	7.4065	0.0000	0.0000	0.0000	0.0000	0.0000	0.0000	0.0000	0.0000	0.0000	0.9238	0.9237	0.0001	0.9237	0.9237	0.0000	0.0001	0.0000	0.0001	0.0205	0.0177	0.0027	0.0075	0.0068	0.0007	0.0130	0.0109	0.0021	0.1920	0.1350	0.0571	0.1075	0.0887	0.0188	0.0845	0.0462	0.0383	0.0000	0.0000	0.0000	0.0000	0.0000	0.0000	0.0000	0.0000	0.0000	4.8103	6.8447	0.0014	8.5907	10.4094	0.0010	0.0008	0.0002	0.0015	
100	156	0.5280	10	1	0	1	0	0	0	0	0	N	N	N	N	N	N	N	N	N	N	N	N	0.0018	0.0000	0.0044	0.0834	0.0000	0.3186	0.0005	0.0000	0.0014	0.0022	0.0000	0.0173	0.0033	0.0000	0.0351	0.0013	0.0000	0.0082	1.1971	0.0280	3.9225	0.0399	0.0254	0.1102	2.6845	0.0331	5.7144	inf	60.1625	0.0001	0.3516	1.0008	8.2479	13.9255	19.7214	0.0002	0.0000	0.0002	0.0001	0.0000	0.0001	0.0001	0.0000	0.0001	0.6693	0.0109	0.6584	0.0125	0.0066	0.0059	0.6568	0.0043	0.6524	0.0871	0.0761	0.0110	0.0391	0.0354	0.0037	0.0480	0.0407	0.0073	0.5591	0.3913	0.1678	0.3145	0.2608	0.0537	0.2446	0.1305	0.1142	0.0018	0.0000	0.0044	0.0834	0.0000	0.3186	0.0005	0.0000	0.0014	1.1971	0.0280	3.9225	0.0399	0.0254	0.1102	2.6845	0.0331	5.7144
100	157	0.4919	9	1	0	1	0	0	0	0	0	N	N	N	N	N	N	N	N	N	N	N	N	0.0035	0.0100	0.0005	0.0650	0.0565	0.2899	0.0000	0.0000	0.0000	0.0033	0.0036	0.0013	0.0092	0.0095	0.0054	0.0000	0.0000	0.0000	0.9386	0.3574	2.3377	0.1409	0.1686	0.0185	2.0738	0.7555	3.6902	0.0526	2.7172	-0.0001	0.1451	1.0008	7.4725	13.9255	14.3153	0.0002	0.0002	0.0000	0.0002	0.0002	0.0000	0.0000	0.0000	0.0000	0.5321	0.1432	0.3890	0.0469	0.0458	0.0011	0.4852	0.0974	0.3879	0.0609	0.0530	0.0079	0.0218	0.0200	0.0019	0.0391	0.0331	0.0060	0.5670	0.4006	0.1664	0.3330	0.2717	0.0613	0.2340	0.1289	0.1051	0.0035	0.0100	0.0005	0.0650	0.0565	0.2899	0.0000	0.0000	0.0000	0.9386	0.3574	2.3377	0.1409	0.1686	0.0185	2.0738	0.7555	3.6902
100	158	0.4264	8	1	0	1	0	0	0	0	0	N	N	N	N	N	N	N	N	N	N	N	N	0.0029	0.0003	0.0096	0.0248	0.0011	2.9731	0.0000	0.0000	0.0000	0.0023	0.0001	0.0177	0.0078	0.0004	0.1215	0.0000	0.0000	0.0000	0.8185	0.3973	1.8499	0.3153	0.3702	0.0409	1.4404	0.4475	2.6929	19.5335	1.9010	0.0001	0.1271	1.0008	11.6653	13.9255	19.4910	0.0002	0.0000	0.0002	0.0002	0.0000	0.0002	0.0000	0.0000	0.0000	0.6453	0.2225	0.4229	0.1374	0.1344	0.0030	0.5079	0.0880	0.4199	0.0900	0.0787	0.0113	0.0269	0.0253	0.0016	0.0631	0.0535	0.0097	0.7884	0.5598	0.2286	0.4358	0.3631	0.0727	0.3526	0.1967	0.1559	0.0029	0.0003	0.0096	0.0248	0.0011	2.9731	0.0000	0.0000	0.0000	0.8185	0.3973	1.8499	0.3153	0.3702	0.0409	1.4404	0.4475	2.6929
100	159	0.3791	7	1	0	1	0	0	0	0	0	N	N	N	N	N	N	N	N	N	N	N	N	0.0007	0.0022	0.0001	0.0289	0.0254	0.0887	0.0000	0.0000	0.0000	0.0031	0.0032	0.0023	0.0077	0.0076	0.0099	0.0000	0.0000	0.0000	4.1854	1.4540	17.1651	0.2669	0.2974	0.1112	8.5266	3.6520	27.6187	0.0996	2.8919	-0.0001	0.8984	1.0008	7.3933	13.9255	20.5306	0.0002	0.0002	0.0000	0.0002	0.0002	0.0000	0.0000	0.0000	0.0000	3.1559	0.8109	2.3450	0.1166	0.1087	0.0080	3.0392	0.7022	2.3370	0.0721	0.0633	0.0088	0.0285	0.0265	0.0020	0.0435	0.0368	0.0068	0.7934	0.5577	0.2357	0.4369	0.3654	0.0715	0.3564	0.1923	0.1642	0.0008	0.0022	0.0002	0.0289	0.0254	0.0887	0.0000	0.0000	0.0000	3.9777	1.4540	9.9498	0.2669	0.2974	0.1112	8.5266	3.6520	14.2360
100	160	0.1429	6	1	0	1	0	0	0	0	0	N	N	N	N	N	N	N	N	N	N	N	N	0.0001	0.0001	0.0000	0.0005	0.0004	0.0000	0.0000	0.0000	0.0000	0.0001	0.0002	0.0000	0.0014	0.0016	0.0000	0.0000	0.0000	0.0000	1.9291	1.5409	2.5043	2.8246	3.5251	0.0004	1.5771	0.3316	2.9091	0.0009	1.0969	-0.0000	0.1548	1.0008	27.6416	13.9255	54.6365	0.0000	0.0000	0.0000	0.0000	0.0000	0.0000	0.0000	0.0000	0.0000	2.3911	1.1403	1.2508	0.9879	0.9878	0.0000	1.4033	0.1525	1.2508	0.1596	0.1361	0.0235	0.0140	0.0128	0.0012	0.1456	0.1233	0.0223	1.2395	0.7400	0.4995	0.3497	0.2802	0.0695	0.8898	0.4598	0.4300	0.0001	0.0001	0.0000	0.0005	0.0004	0.0000	0.0000	0.0000	0.0000	1.9291	1.5409	2.5043	2.8246	3.5251	0.0004	1.5771	0.3316	2.9091
100	161	0.2474	12	2	1	1	0	0	0	0	0	Y	N	N	N	N	N	N	N	N	N	N	N	0.0000	0.0000	0.0000	0.0000	0.0000	0.0000	0.0000	0.0000	0.0000	0.0000	0.0000	0.0000	0.0000	0.0000	0.0000	0.0000	0.0000	0.0001	0.0001	0.0000	0.0003	0.0000	0.0000	0.0000	inf	0.0000	0.0000	1.0008	0.0002	13.9255	3.0099	0.0000	0.0000	0.0000	0.0000	0.0000	0.0000	0.0000	0.0000	0.0000	0.0000	0.0000	0.0000	0.0000	0.0000	0.0000	0.0000	0.0000	0.0000	0.0000	0.0000	0.0000	0.0000	0.0000	0.0000	0.0000	0.0000	0.0000	0.0610	0.0371	0.0240	0.0200	0.0163	0.0037	0.0410	0.0207	0.0203	0.0000	0.0000	0.0000	0.0000	0.0000	0.0000	0.0000	0.0000	0.0000	0.0000	0.0000	0.0001	0.0001	0.0000	0.0003	0.0000	0.0000	0.0000				
100	162	0.2398	11	2	1	1	0	0	0	0	0	Y	N	N	N	N	N	N	N	N	N	N	N	0.0000	0.0000	0.0000	0.0000	0.0000	0.0000	0.0000	0.0000	0.0000	0.0000	0.0000	0.0000	0.0000	0.0000	0.0000	0.0000	0.0001	0.0001	0.0000	0.0000	0.0000	0.0000	0.0000	0.0000	-0.0000	1.0008	0.9998	13.9255	2.0118	0.0000	0.0000	0.0000	0.0000	0.0000	0.0000	0.0000	0.0000	0.0000	0.0000	0.0000	0.0000	0.0000	0.0000	0.0000	0.0000	0.0000	0.0000	0.0070	0.0059	0.0010	0.0009	0.0008	0.0001	0.0061	0.0051	0.0010	0.0597	0.0359	0.0238	0.0192	0.0156	0.0037	0.0405	0.0203	0.0201	0.0000	0.0000	0.0000	0.0000	0.0000	0.0000	0.0000	0.0000	0.0000	0.0000	0.0000	0.0000	0.0001	0.0001	0.0000	0.0000	0.0000	0.0000						
100	163	0.2398	10	2	1	1	0	0	0	0	0	Y	N	N	N	N	N	N	N	N	N	N	N	0.0000	0.0000	0.0000	0.0000	0.0000	0.0000	0.0000	0.0000	0.0000	0.0000	0.0000	0.0000	0.0000	0.0000	0.0000	0.0000	0.0000	0.0000	0.0000	0.0000	1.0008	0.0000	13.9255	0.0003	0.0000	0.0000	0.0000	0.0000	0.0000	0.0000	0.0000	0.0000	0.0000	0.0000	0.0000	0.0000	0.0000	0.0000	0.0000	0.0000	0.0000	0.0000	0.0000	0.0000	0.0000	0.0000	0.0000	0.0000	0.0000	0.0000	0.0000	0.0000	0.0000	0.0000	0.0000	0.0000	0.0000	0.0000	0.0000	0.0000	0.0000	0.0000	0.0000	0.0000	0.0000	0.0000	0.0000	0.0000	0.0000	0.0000	0.0000	0.0000	0.0000	0.0000	0.0000	0.0000	0.0000	0.0000											
100	164	0.2289	9	1	1	1	0	0	0	0	0	N	N	N	N	N	N	N	N	N	N	N	N	0.0135	0.0104	0.0000	0.0004	0.0004	0.0000	964.9268	20474.4237	0.0000	0.0048	0.0060	0.0000	0.0004	0.0005	0.0000	0.0082	0.0111	0.0000	0.3566	0.5774	0.0000	1.0089	1.2077	0.0000	0.0000	0.0000	0.0000	0.0000	0.0000	-0.0000	-0.0166	1.0008	0.0063	13.9255	4.3641	0.0000	0.0000	0.0000	0.0000	0.0000	0.0000	0.0000	0.0000	0.0000	0.0362	0.0362	0.0000	0.0362	0.0362	0.0000	0.0000	0.0000	0.0000	0.0001	0.0001	0.0000	0.0001	0.0000	0.0000	0.0001	0.0001	0.0000	0.1015	0.0627	0.0388	0.0359	0.0300	0.0059	0.0657	0.0327	0.0329	0.0135	0.0104	0.0000	0.0004	0.0004	0.0000	964.9268	20474.4237	0.0000	0.3566	0.5774	0.0000	1.0089	1.2077	0.0000	0.0000	0.0000	0.0000
100	165	0.1969	8	1	0	1	0	0	0	0	0	N	N	N	N	N	N	N	N	N	N	N	N	0.0846	0.2113	0.0000	0.0060	0.0065	0.0006	0.1246	5584.2675	0.0000	0.0142	0.0172	0.0000	0.0009	0.0012	0.0000	0.0218	0.0260	0.0000	0.1677	0.0815	0.3156	0.1538	0.1771	0.0050	0.1748	0.0000	0.3595	0.0000	2.2547	-0.0002	0.0121	1.0008	2.5207	13.9255	10.0226	0.0004	0.0004	0.0000	0.0000	0.0000	0.0000	0.0004	0.0004	0.0000	0.0515	0.0158	0.0357	0.0159	0.0158	0.0001	0.0356	0.0000	0.0356	0.0255	0.0210	0.0045	0.0093	0.0074	0.0019	0.0162	0.0136	0.0026	0.3072	0.1941	0.1131	0.1034	0.0894	0.0140	0.2038	0.1048	0.0991	0.0846	0.2113	0.0000	0.0060	0.0065	0.0006	0.1246	5584.2675	0.0000	0.1677	0.0815	0.3156	0.1538	0.1771	0.0050	0.1748	0.0000	0.3595
100	166	0.1814	7	1	0	1	0	0	0	0	0	N	N	N	N	N	N	N	N	N	N	N	N	0.1769	0.6192	0.0001	0.0317	0.0307	0.0003	0.2011	938.7846	0.0001	0.0158	0.0183	0.0000	0.0016	0.0018	0.0000	0.0227	0.0274	0.0000	0.0892	0.0295	0.2105	0.0520	0.0574	0.0084	0.1128	0.0000	0.2412	0.0001	3.5010	-0.0002	0.0068	1.0008	2.6894	13.9255	4.6619	0.0005	0.0005	0.0000	0.0000	0.0000	0.0000	0.0005	0.0005	0.0000	0.0212	0.0047	0.0165	0.0048	0.0047	0.0001	0.0164	0.0000	0.0164	0.0333	0.0287	0.0046	0.0109	0.0102	0.0007	0.0224	0.0185	0.0039	0.2382	0.1597	0.0785	0.0925	0.0821	0.0103	0.1457	0.0776	0.0681	0.1769	0.6192	0.0001	0.0317	0.0307	0.0003	0.2011	938.7846	0.0001	0.0892	0.0295	0.2105	0.0520	0.0574	0.0084	0.1128	0.0000	0.2412
100	167	0.1429	6	1	0	1	0	0	0	0	0	N	N	N	N	N	N	N	N	N	N	N	N	0.0359	0.3404	0.0001	0.0336	0.0423	0.0000	0.0278	1.6070	0.0001	0.0009	0.0010	0.0000	0.0002	0.0002	0.0000	0.0009	0.0011	0.0000	0.0246	0.0031	0.0578	0.0065	0.0057	0.0108	0.0341	0.0007	0.0657	0.0011	12.2613	-0.0000	0.0031	1.0008	2.7966	13.9255	8.5340	0.0000	0.0000	0.0000	0.0000	0.0000	0.0000	0.0000	0.0000	0.0000	0.0067	0.0005	0.0062	0.0006	0.0004	0.0002	0.0061	0.0001	0.0060	0.0181	0.0153	0.0028	0.0016	0.0015	0.0001	0.0165	0.0138	0.0026	0.2723	0.1651	0.1072	0.0940	0.0785	0.0155	0.1783	0.0865	0.0917	0.0359	0.3404	0.0001	0.0336	0.0423	0.0000	0.0278	1.6070	0.0001	0.0246	0.0031	0.0578	0.0065	0.0057	0.0108	0.0341	0.0007	0.0657
101	104	0.1397	6	1	1	1	0	0	0	0	0	N	N	N	N	N	N	N	N	N	N	N	N	0.0000	0.0000	0.0000	0.0000	0.0000	0.0000	0.0000	0.0000	0.0000	0.0000	0.0000	0.0000	0.0000	0.0000	0.0000	0.0000	0.0000	0.0000	0.3115	0.0930	0.7384	0.1211	0.1292	0.0666	0.4980	0.0255	0.8951	4.0614	0.0000	0.0275	0.0532	8.9557	2.0467	32.3127	0.0000	0.0000	0.0000	0.0000	0.0000	0.0000	0.0000	0.0000	0.0000	0.0798	0.0158	0.0641	0.0154	0.0143	0.0011	0.0645	0.0015	0.0630	0.0141	0.0127	0.0014	0.0061	0.0060	0.0001	0.0080	0.0067	0.0013	0.2563	0.1696	0.0868	0.1269	0.1104	0.0164	0.1295	0.0591	0.0704	0.0000	0.0000	0.0000	0.0000	0.0000	0.0000	0.0000	0.0000	0.0000	0.3115	0.0930	0.7384	0.1211	0.1292	0.0666	0.4980	0.0255	0.8951	
101	105	0.1652	7	1	0	2	0	0	0	0	0	N	N	Y	N	N	N	N	N	N	N	N	N	0.0000	0.0000	0.0000	0.0000	0.0000	0.0000	0.0000	0.0000	0.0000	0.0000	0.0000	0.0000	0.0000	0.0000	0.0000	0.0000	0.0000	0.0000	0.2707	0.3811	0.0236	0.1101	0.1276	0.0041	0.4352	0.8111	0.0294	0.0276	0.0000	-0.0086	0.0532	4.2679	2.0467	7.8415	0.0000	0.0000	0.0000	0.0000	0.0000	0.0000	0.0000	0.0000	0.0000	0.0199	0.0194	0.0005	0.0041	0.0041	0.0000	0.0158	0.0153	0.0005	0.0068	0.0061	0.0007	0.0028	0.0028	0.0000	0.0040	0.0033	0.0007	0.0736	0.0509	0.0227	0.0373	0.0320	0.0053	0.0364	0.0189	0.0175	0.0000	0.0000	0.0000	0.0000	0.0000	0.0000	0.0000	0.0000	0.0000	0.2707	0.3811	0.0236	0.1101	0.1276	0.0041	0.4352	0.8111	0.0294	
101	106	0.1397	6	1	0	1	0	0	0	0	0	N	N	N	N	N	N	N	N	N	N	N	N	0.0000	0.0000	0.0000	0.0000	0.0000	0.0000	0.0000	0.0000	0.0000	0.0000	0.0000	0.0000	0.0000	0.0000	0.0000	0.0000	0.0000	0.0000	0.1923	0.2542	0.0888	0.3159	0.3450	0.0420	0.0638	0.0006	0.0959	0.2092	0.0000	-0.0067	0.0532	1.9301	2.0467	9.0954	0.0000	0.0000	0.0000	0.0000	0.0000	0.0000	0.0000	0.0000	0.0000	0.0235	0.0194	0.0041	0.0197	0.0194	0.0003	0.0038	0.0000	0.0038	0.0038	0.0034	0.0004	0.0019	0.0018	0.0001	0.0019	0.0015	0.0003	0.1222	0.0765	0.0458	0.0623	0.0563	0.0060	0.0599	0.0202	0.0398	0.0000	0.0000	0.0000	0.0000	0.0000	0.0000	0.0000	0.0000	0.0000	0.1923	0.2542	0.0888	0.3159	0.3450	0.0420	0.0638	0.0006	0.0959	
101	107	0.1074	5	1	0	1	0	0	0	0	0	N	N	N	N	N	N	N	N	N	N	N	N	0.0000	0.0000	0.0000	0.0000	0.0000	0.0000	0.0000	0.0000	0.0000	0.0000	0.0000	0.0000	0.0000	0.0000	0.0000	0.0000	0.0000	0.0000	0.1737	0.2234	0.0704	0.3062	0.3604	0.0317	0.0457	0.0112	0.0832	0.1516	0.0000	-0.0048	0.0532	3.9049	2.0467	9.6098	0.0000	0.0000	0.0000	0.0000	0.0000	0.0000	0.0000	0.0000	0.0000	0.0147	0.0128	0.0019	0.0127	0.0125	0.0002	0.0020	0.0003	0.0017	0.0059	0.0053	0.0006	0.0024	0.0024	0.0000	0.0035	0.0029	0.0006	0.0848	0.0572	0.0275	0.0416	0.0348	0.0069	0.0431	0.0224	0.0207	0.0000	0.0000	0.0000	0.0000	0.0000	0.0000	0.0000	0.0000	0.0000	0.1737	0.2234	0.0704	0.3062	0.3604	0.0317	0.0457	0.0112	0.0832	
101	108	0.1286	7	1	1	1	0	0	0	0	0	N	N	N	N	N	N	N	N	N	N	N	N	0.0000	0.0000	0.0000	0.0000	0.0000	0.0000	0.0000	0.0000	0.0000	0.0000	0.0000	0.0000	0.0000	0.0000	0.0000	0.0000	0.0000	0.0000	0.1258	0.0471	0.2872	0.0502	0.0602	0.0054	0.2027	0.0261	0.3973	2.9755	0.0000	0.0060	0.0532	8.0392	2.0467	22.6195	0.0000	0.0000	0.0000	0.0000	0.0000	0.0000	0.0000	0.0000	0.0000	0.0207	0.0052	0.0155	0.0042	0.0041	0.0001	0.0165	0.0011	0.0154	0.0122	0.0110	0.0012	0.0050	0.0050	0.0000	0.0071	0.0059	0.0012	0.1642	0.1104	0.0538	0.0829	0.0677	0.0151	0.0814	0.0427	0.0387	0.0000	0.0000	0.0000	0.0000	0.0000	0.0000	0.0000	0.0000	0.0000	0.1258	0.0471	0.2872	0.0502	0.0602	0.0054	0.2027	0.0261	0.3973	
101	109	0.1286	6	1	0	1	0	0	0	0	0	N	N	N	N	N	N	N	N	N	N	N	N	0.0000	0.0000	0.0000	0.0000	0.0000	0.0000	0.0000	0.0000	0.0000	0.0000	0.0000	0.0000	0.0000	0.0000	0.0000	0.0000	0.0000	0.0000	0.0705	0.0847	0.0277	0.0726	0.0758	0.0523	0.0680	0.0994	0.0176	0.1093	0.0000	-0.0008	0.0532	0.2031	2.0467	2.0398	0.0000	0.0000	0.0000	0.0000	0.0000	0.0000	0.0000	0.0000	0.0000	0.0021	0.0019	0.0002	0.0012	0.0011	0.0001	0.0010	0.0009	0.0001	0.0004	0.0004	0.0001	0.0002	0.0002	0.0000	0.0002	0.0002	0.0001	0.0305	0.0229	0.0076	0.0164	0.0142	0.0022	0.0141	0.0086	0.0054	0.0000	0.0000	0.0000	0.0000	0.0000	0.0000	0.0000	0.0000	0.0000	0.0705	0.0847	0.0277	0.0726	0.0758	0.0523	0.0680	0.0994	0.0176	
101	110	0.7091	12	2	0	2	0	0	0	0	0	Y	N	Y	N	N	N	N	N	N	N	N	N	0.0000	0.0000	0.0000	0.0000	0.0000	0.0000	0.0000	0.0000	0.0000	0.0000	0.0000	0.0000	0.0000	0.0000	0.0000	0.0000	0.0000	0.0000	0.0000	0.0000	0.0532	0.0001	2.0467	0.0001	0.0000	0.0000	0.0000	0.0000	0.0000	0.0000	0.0000	0.0000	0.0000	0.0000	0.0000	0.0000	0.0000	0.0000	0.0000	0.0000	0.0000	0.0000	0.0000	0.0000	0.0000	0.0000	0.0000	0.0000	0.0000	0.0000	0.0000	0.0000	0.0000	0.0000	0.0000	0.0000	0.0000	0.0000	0.0000	0.0000	0.0000	0.0000	0.0000	0.0000	0.0000	0.0000	0.0000	0.0000	0.0000	0.0000	0.0000	0.0000	0.0000	0.0000	0.0000	0.0000	0.0000	0.0000											
101	111	0.6953	11	2	0	2	0	0	0	0	0	Y	N	Y	N	N	N	N	N	N	N	N	N	0.1121	0.0994	0.0658	0.5453	0.4508	0.0000	0.0016	0.0000	0.0306	0.0002	0.0002	0.0000	0.0006	0.0007	0.0000	0.0000	0.0000	0.0000	0.0018	0.0023	0.0005	0.0011	0.0015	0.0001	0.0039	0.0056	0.0013	0.0215	0.0823	-0.0000	-0.0000	0.0532	1.6718	2.0467	2.9223	0.0000	0.0000	0.0000	0.0000	0.0000	0.0000	0.0000	0.0000	0.0000	0.0001	0.0001	0.0000	0.0000	0.0000	0.0000	0.0000	0.0000	0.0000	0.0007	0.0006	0.0001	0.0002	0.0002	0.0000	0.0005	0.0004	0.0001	0.0328	0.0239	0.0088	0.0245	0.0190	0.0056	0.0083	0.0050	0.0033	0.1121	0.0994	0.0658	0.5453	0.4508	0.0000	0.0016	0.0000	0.0306	0.0018	0.0023	0.0005	0.0011	0.0015	0.0001	0.0039	0.0056	0.0013
101	112	0.6117	10	2	0	2	0	0	0	0	0	Y	N	Y	N	N	N	N	N	N	N	N	N	0.4461	0.3646	26.0249	1.7694	1.4879	0.0000	0.0086	0.0000	21.3450	0.1745	0.1944	0.0303	0.4884	0.5182	0.0000	0.0056	0.0000	0.0364	0.3913	0.5332	0.0012	0.2760	0.3483	0.0007	0.6594	1.1050	0.0017	0.0215	0.0008	-0.0004	-0.0210	0.0532	14.0283	2.0467	7.1084	0.0009	0.0009	0.0000	0.0009	0.0009	0.0000	0.0000	0.0000	0.0000	0.0460	0.0459	0.0000	0.0227	0.0227	0.0000	0.0233	0.0233	0.0000	0.0054	0.0048	0.0007	0.0019	0.0018	0.0001	0.0035	0.0030	0.0005	0.1175	0.0862	0.0314	0.0822	0.0651	0.0171	0.0353	0.0211	0.0143	0.4461	0.3646	26.0249	1.7694	1.4879	0.0000	0.0086	0.0000	21.3450	0.3913	0.5332	0.0012	0.2760	0.3483	0.0007	0.6594	1.1050	0.0017
101	113	0.5515	9	1	0	1	0	0	0	0	0	N	N	N	N	N	N	N	N	N	N	N	N	0.0145	0.0068	0.0736	0.0088	0.0103	0.0027	0.0475	0.0000	0.1753	0.0006	0.0003	0.0040	0.0005	0.0005	0.0002	0.0007	0.0000	0.0044	0.0424	0.0378	0.0548	0.0564	0.0489	0.0868	0.0152	0.0078	0.0253	1.6655	0.5492	0.0000	-0.0004	0.0532	8.6129	2.0467	5.1709	0.0000	0.0000	0.0000	0.0000	0.0000	0.0000	0.0000	0.0000	0.0000	0.0038	0.0025	0.0013	0.0033	0.0023	0.0010	0.0005	0.0001	0.0003	0.0141	0.0128	0.0013	0.0066	0.0065	0.0001	0.0075	0.0063	0.0012	0.0897	0.0651	0.0246	0.0593	0.0475	0.0118	0.0304	0.0176	0.0128	0.0145	0.0068	0.0736	0.0088	0.0103	0.0027	0.0475	0.0000	0.1753	0.0424	0.0378	0.0548	0.0564	0.0489	0.0868	0.0152	0.0078	0.0253
101	114	0.4563	8	1	0	1	0	0	0	0	0	N	N	N	N	N	N	N	N	N	N	N	N	0.0761	0.0037	0.4433	0.0022	0.0035	0.0001	4.9674	0.0890	24.1425	0.0436	0.0015	0.4468	0.0019	0.0019	0.0002	0.0780	0.0011	0.4807	0.5729	0.4046	1.0078	0.8386	0.5456	1.8950	0.0157	0.0128	0.0199	30.7545	0.9641	0.0006	0.0040	0.0532	16.8607	2.0467	22.7724	0.0011	0.0000	0.0010	0.0000	0.0000	0.0000	0.0010	0.0000	0.0010	0.1231	0.0627	0.0604	0.1220	0.0621	0.0598	0.0011	0.0005	0.0006	0.0244	0.0221	0.0023	0.0110	0.0109	0.0002	0.0133	0.0112	0.0021	0.2148	0.1549	0.0599	0.1455	0.1139	0.0316	0.0694	0.0410	0.0284	0.0761	0.0037	0.4433	0.0022	0.0035	0.0001	4.9674	0.0890	24.1425	0.5729	0.4046	1.0078	0.8386	0.5456	1.8950	0.0157	0.0128	0.0199
101	115	0.0839	5	2	0	2	0	0	0	0	0	Y	N	Y	N	N	N	N	N	N	N	N	N	0.0000	0.0000	0.0000	0.0000	0.0000	0.0000	0.0000	0.0000	0.0000	0.0000	0.0000	0.0000	0.0000	0.0000	0.0000	0.0000	0.0000	0.0000	0.0007	0.0009	0.0004	0.0011	0.0009	0.0060	0.0005	0.0009	0.0001	0.2116	0.0000	-0.0000	0.0532	1.0009	2.0467	4.0038	0.0000	0.0000	0.0000	0.0000	0.0000	0.0000	0.0000	0.0000	0.0000	0.0000	0.0000	0.0000	0.0000	0.0000	0.0000	0.0000	0.0000	0.0000	0.0045	0.0029	0.0016	0.0021	0.0021	0.0000	0.0023	0.0008	0.0015	0.0386	0.0260	0.0126	0.0152	0.0145	0.0007	0.0234	0.0114	0.0119	0.0000	0.0000	0.0000	0.0000	0.0000	0.0000	0.0000	0.0000	0.0000	0.0007	0.0009	0.0004	0.0011	0.0009	0.0060	0.0005	0.0009	0.0001	
101	116	0.0555	4	2	0	2	0	0	0	0	0	Y	N	Y	N	N	N	N	N	N	N	N	N	1.5688	0.1356	12.9970	0.0729	0.0804	0.2895	2.8173	0.1830	16.0043	0.2450	0.0202	2.2049	0.0127	0.0121	0.1295	0.4052	0.0270	2.2486	0.1562	0.1493	0.1696	0.1747	0.1509	0.4474	0.1438	0.1473	0.1405	12.4895	0.5828	0.0004	-0.0014	0.0532	1.8441	2.0467	10.4794	0.0008	0.0001	0.0007	0.0000	0.0000	0.0000	0.0008	0.0000	0.0007	0.0152	0.0096	0.0056	0.0068	0.0054	0.0014	0.0084	0.0042	0.0042	0.0032	0.0029	0.0003	0.0013	0.0013	0.0000	0.0019	0.0016	0.0003	0.0973	0.0643	0.0330	0.0390	0.0359	0.0031	0.0582	0.0284	0.0298	1.5688	0.1356	12.9970	0.0729	0.0804	0.2895	2.8173	0.1830	16.0043	0.1562	0.1493	0.1696	0.1747	0.1509	0.4474	0.1438	0.1473	0.1405
101	117	0.3436	6	1	1	1	1	0	0	0	0	N	N	N	N	N	N	N	N	N	N	N	N	0.0102	0.0109	0.0018	0.0163	0.0174	0.0103	0.0000	0.0000	0.0002	0.0021	0.0023	0.0004	0.0046	0.0046	0.0036	0.0000	0.0000	0.0000	0.2060	0.2093	0.1975	0.2806	0.2643	0.3439	0.0749	0.0770	0.0720	0.0163	0.3702	-0.0000	-0.0091	0.0532	10.5071	2.0467	20.2622	0.0000	0.0000	0.0000	0.0000	0.0000	0.0000	0.0000	0.0000	0.0000	0.0485	0.0354	0.0131	0.0421	0.0315	0.0105	0.0064	0.0038	0.0026	0.0167	0.0151	0.0016	0.0077	0.0076	0.0002	0.0090	0.0076	0.0015	0.2352	0.1689	0.0663	0.1499	0.1193	0.0306	0.0853	0.0496	0.0357	0.0102	0.0109	0.0018	0.0163	0.0174	0.0103	0.0000	0.0000	0.0002	0.2060	0.2093	0.1975	0.2806	0.2643	0.3439	0.0749	0.0770	0.0720
101	118	0.1074	5	1	1	1	1	0	0	0	0	N	N	N	N	N	N	N	N	N	N	N	N	0.0000	0.0000	0.0000	0.0000	0.0000	0.0000	0.0000	0.0000	0.0000	0.0000	0.0000	0.0000	0.0000	0.0000	0.0000	0.0000	0.0000	0.0000	0.2329	0.3110	0.0714	0.0910	0.1086	0.0007	0.3618	0.6042	0.0934	0.1110	0.0000	-0.0135	0.0532	4.0036	2.0467	26.5072	0.0000	0.0000	0.0000	0.0000	0.0000	0.0000	0.0000	0.0000	0.0000	0.0377	0.0339	0.0038	0.0070	0.0070	0.0000	0.0307	0.0269	0.0038	0.0061	0.0055	0.0006	0.0025	0.0025	0.0000	0.0036	0.0030	0.0006	0.1617	0.1090	0.0527	0.0770	0.0645	0.0125	0.0847	0.0445	0.0402	0.0000	0.0000	0.0000	0.0000	0.0000	0.0000	0.0000	0.0000	0.0000	0.2329	0.3110	0.0714	0.0910	0.1086	0.0007	0.3618	0.6042	0.0934	
101	119	0.1458	6	1	1	1	0	0	0	0	0	N	N	N	N	N	N	N	N	N	N	N	N	0.4220	2.5239	0.0164	2.5905	2.8437	0.4343	0.0007	0.4411	0.0000	0.0941	0.1092	0.0099	0.1747	0.2051	0.0172	0.0002	0.0003	0.0000	0.2231	0.0433	0.6046	0.0674	0.0721	0.0395	0.3631	0.0006	0.7580	0.0162	6.5865	-0.0004	0.0132	0.0532	3.8169	2.0467	21.2433	0.0009	0.0009	0.0000	0.0009	0.0009	0.0000	0.0000	0.0000	0.0000	0.0322	0.0042	0.0280	0.0046	0.0042	0.0004	0.0276	0.0000	0.0276	0.0099	0.0084	0.0015	0.0053	0.0045	0.0009	0.0046	0.0039	0.0006	0.1444	0.0981	0.0462	0.0684	0.0585	0.0099	0.0760	0.0396	0.0364	0.4220	2.5239	0.0164	2.5905	2.8437	0.4343	0.0007	0.4411	0.0000	0.2231	0.0433	0.6046	0.0674	0.0721	0.0395	0.3631	0.0006	0.7580
101	120	0.4915	10	1	1	1	0	0	0	0	0	N	N	N	N	N	N	N	N	N	N	N	N	17.2475	27.1177	0.0252	1.7056	1.7561	0.2002	27.0415	170.6152	0.0019	1.2760	1.5236	0.0030	0.1015	0.1195	0.0051	2.8369	3.4145	0.0004	0.0740	0.0562	0.1201	0.0595	0.0681	0.0257	0.1049	0.0200	0.2125	0.0004	0.8251	-0.0213	-0.0001	0.0532	16.3276	2.0467	34.9199	0.0482	0.0482	0.0000	0.0022	0.0022	0.0000	0.0460	0.0460	0.0000	0.0200	0.0110	0.0090	0.0110	0.0100	0.0010	0.0091	0.0010	0.0081	0.0378	0.0316	0.0062	0.0216	0.0182	0.0034	0.0162	0.0135	0.0027	0.2704	0.1951	0.0753	0.1841	0.1469	0.0373	0.0863	0.0483	0.0381	17.2475	27.1177	0.0252	1.7056	1.7561	0.2002	27.0415	170.6152	0.0019	0.0740	0.0562	0.1201	0.0595	0.0681	0.0257	0.1049	0.0200	0.2125
101	121	0.4742	9	1	1	1	0	0	0	0	0	N	N	N	N	N	N	N	N	N	N	N	N	6.1752	6.8031	4.5707	0.7443	0.7757	0.4002	8.4535	10.1659	4.4764	0.4921	0.4974	0.4473	0.0504	0.0513	0.0300	0.8822	0.9504	0.5338	0.0797	0.0731	0.0979	0.0678	0.0661	0.0750	0.1044	0.0935	0.1192	0.1055	0.4849	-0.0018	-0.0016	0.0532	6.1757	2.0467	14.5601	0.0051	0.0046	0.0005	0.0002	0.0002	0.0000	0.0049	0.0044	0.0005	0.0120	0.0081	0.0039	0.0069	0.0054	0.0015	0.0051	0.0027	0.0025	0.0104	0.0093	0.0011	0.0049	0.0047	0.0002	0.0055	0.0046	0.0009	0.1511	0.1109	0.0402	0.1019	0.0825	0.0194	0.0492	0.0284	0.0208	6.1752	6.8031	4.5707	0.7443	0.7757	0.4002	8.4535	10.1659	4.4764	0.0797	0.0731	0.0979	0.0678	0.0661	0.0750	0.1044	0.0935	0.1192
101	122	0.4212	8	1	0	1	0	0	0	0	0	N	N	N	N	N	N	N	N	N	N	N	N	0.4661	0.4500	0.1696	0.4120	0.3614	0.3227	0.5992	0.8672	0.1232	0.0424	0.0459	0.0106	0.0418	0.0427	0.0085	0.0429	0.0491	0.0109	0.0909	0.1019	0.0628	0.1015	0.1181	0.0264	0.0716	0.0566	0.0887	0.0255	0.2407	-0.0002	-0.0045	0.0532	7.5400	2.0467	21.4192	0.0005	0.0005	0.0000	0.0002	0.0002	0.0000	0.0003	0.0003	0.0000	0.0171	0.0138	0.0033	0.0123	0.0118	0.0006	0.0047	0.0020	0.0027	0.0124	0.0111	0.0012	0.0057	0.0056	0.0001	0.0066	0.0055	0.0011	0.1878	0.1350	0.0528	0.1215	0.0995	0.0220	0.0662	0.0354	0.0308	0.4661	0.4500	0.1696	0.4120	0.3614	0.3227	0.5992	0.8672	0.1232	0.0909	0.1019	0.0628	0.1015	0.1181	0.0264	0.0716	0.0566	0.0887
101	123	0.0335	3	1	1	1	0	0	0	0	0	N	N	N	N	N	N	N	N	N	N	N	N	0.0000	0.0000	0.0000	0.0000	0.0000	0.0000	0.0000	0.0000	0.0000	0.0000	0.0000	0.0000	0.0000	0.0000	0.0000	0.0000	0.0000	0.0000	0.0865	0.0989	0.0653	0.1852	0.1881	0.0001	0.0392	0.0076	0.0662	0.3872	0.0000	-0.0024	0.0532	4.0019	2.0467	19.5615	0.0000	0.0000	0.0000	0.0000	0.0000	0.0000	0.0000	0.0000	0.0000	0.0136	0.0098	0.0038	0.0094	0.0094	0.0000	0.0042	0.0004	0.0038	0.0062	0.0056	0.0006	0.0024	0.0024	0.0000	0.0038	0.0032	0.0006	0.1572	0.0991	0.0581	0.0509	0.0501	0.0008	0.1063	0.0490	0.0573	0.0000	0.0000	0.0000	0.0000	0.0000	0.0000	0.0000	0.0000	0.0000	0.0865	0.0989	0.0653	0.1852	0.1881	0.0001	0.0392	0.0076	0.0662	
101	126	0.1446	7	1	1	1	0	0	0	0	0	N	N	N	N	N	N	N	N	N	N	N	N	0.0000	0.0000	0.0000	0.0000	0.0000	0.0000	0.0000	0.0000	0.0000	0.0000	0.0000	0.0000	0.0000	0.0000	0.0000	0.0000	0.0000	0.0000	0.0092	0.0135	0.0003	0.0031	0.0037	0.0002	0.0155	0.0296	0.0004	0.0123	0.0000	-0.0005	0.0532	5.0407	2.0467	17.1705	0.0000	0.0000	0.0000	0.0000	0.0000	0.0000	0.0000	0.0000	0.0000	0.0011	0.0011	0.0000	0.0002	0.0002	0.0000	0.0009	0.0009	0.0000	0.0078	0.0070	0.0008	0.0032	0.0032	0.0000	0.0046	0.0038	0.0008	0.1249	0.0840	0.0409	0.0640	0.0525	0.0114	0.0609	0.0315	0.0294	0.0000	0.0000	0.0000	0.0000	0.0000	0.0000	0.0000	0.0000	0.0000	0.0092	0.0135	0.0003	0.0031	0.0037	0.0002	0.0155	0.0296	0.0004	
101	127	0.1286	6	1	1	1	0	0	0	0	0	N	N	N	N	N	N	N	N	N	N	N	N	0.0000	0.0000	0.0000	0.0000	0.0000	0.0000	0.0000	0.0000	0.0000	0.0000	0.0000	0.0000	0.0000	0.0000	0.0000	0.0000	0.0000	0.0000	0.0231	0.0301	0.0065	0.0136	0.0151	0.0061	0.0332	0.0544	0.0067	0.0924	0.0000	-0.0005	0.0532	1.9703	2.0467	6.2034	0.0000	0.0000	0.0000	0.0000	0.0000	0.0000	0.0000	0.0000	0.0000	0.0014	0.0013	0.0001	0.0004	0.0004	0.0000	0.0010	0.0009	0.0001	0.0032	0.0029	0.0003	0.0013	0.0013	0.0000	0.0018	0.0015	0.0003	0.0609	0.0427	0.0182	0.0316	0.0264	0.0052	0.0293	0.0163	0.0130	0.0000	0.0000	0.0000	0.0000	0.0000	0.0000	0.0000	0.0000	0.0000	0.0231	0.0301	0.0065	0.0136	0.0151	0.0061	0.0332	0.0544	0.0067	
101	128	0.1074	5	1	0	1	0	0	0	0	0	N	N	N	N	N	N	N	N	N	N	N	N	0.0000	0.0000	0.0000	0.0000	0.0000	0.0000	0.0000	0.0000	0.0000	0.0000	0.0000	0.0000	0.0000	0.0000	0.0000	0.0000	0.0000	0.0000	0.5794	0.6989	0.3298	0.1547	0.1851	0.0031	1.0090	1.5353	0.4441	0.2259	0.0000	-0.0099	0.0532	1.1032	2.0467	7.8190	0.0000	0.0000	0.0000	0.0000	0.0000	0.0000	0.0000	0.0000	0.0000	0.0360	0.0293	0.0066	0.0048	0.0048	0.0000	0.0311	0.0245	0.0066	0.0017	0.0015	0.0002	0.0007	0.0007	0.0000	0.0010	0.0008	0.0002	0.0621	0.0420	0.0201	0.0312	0.0260	0.0052	0.0309	0.0160	0.0149	0.0000	0.0000	0.0000	0.0000	0.0000	0.0000	0.0000	0.0000	0.0000	0.5794	0.6989	0.3298	0.1547	0.1851	0.0031	1.0090	1.5353	0.4441	
101	129	0.4505	9	1	1	1	0	0	0	0	0	N	N	N	N	N	N	N	N	N	N	N	N	0.0000	0.0000	0.0000	0.0000	0.0000	0.0000	0.0000	0.0000	0.0000	0.0000	0.0000	0.0000	0.0000	0.0000	0.0000	0.0000	0.0000	0.0000	0.0313	0.0043	0.1069	0.0063	0.0058	0.0105	0.0707	0.0000	0.1388	8.7893	0.0000	0.0008	0.0532	1.0033	2.0467	0.8635	0.0000	0.0000	0.0000	0.0000	0.0000	0.0000	0.0000	0.0000	0.0000	0.0018	0.0002	0.0016	0.0002	0.0002	0.0000	0.0016	0.0000	0.0016	0.0012	0.0011	0.0001	0.0007	0.0006	0.0000	0.0005	0.0004	0.0001	0.0584	0.0430	0.0153	0.0357	0.0319	0.0038	0.0226	0.0111	0.0115	0.0000	0.0000	0.0000	0.0000	0.0000	0.0000	0.0000	0.0000	0.0000	0.0313	0.0043	0.1069	0.0063	0.0058	0.0105	0.0707	0.0000	0.1388	
101	130	0.4212	8	1	0	1	0	0	0	0	0	N	N	N	N	N	N	N	N	N	N	N	N	0.0013	0.0044	0.0013	0.0086	0.0049	0.2441	0.0002	0.0098	0.0000	0.0006	0.0005	0.0019	0.0010	0.0006	0.0138	0.0002	0.0003	0.0000	0.4804	0.1043	1.4733	0.1206	0.1329	0.0566	1.1015	0.0261	2.3089	0.4738	5.3505	-0.0000	0.0252	0.0532	5.5514	2.0467	9.9598	0.0000	0.0000	0.0000	0.0000	0.0000	0.0000	0.0000	0.0000	0.0000	0.0656	0.0103	0.0553	0.0104	0.0096	0.0008	0.0552	0.0007	0.0545	0.0095	0.0085	0.0010	0.0045	0.0044	0.0001	0.0050	0.0042	0.0008	0.1366	0.0991	0.0375	0.0865	0.0726	0.0139	0.0501	0.0265	0.0236	0.0013	0.0044	0.0013	0.0086	0.0049	0.2441	0.0002	0.0098	0.0000	0.4804	0.1043	1.4733	0.1206	0.1329	0.0566	1.1015	0.0261	2.3089
101	131	0.3909	7	1	0	1	0	0	0	0	0	N	N	N	N	N	N	N	N	N	N	N	N	0.0522	0.0477	0.0609	0.0263	0.0220	0.1212	0.0545	0.0525	0.0373	0.0067	0.0068	0.0054	0.0026	0.0026	0.0030	0.0100	0.0109	0.0056	0.1278	0.1425	0.0885	0.0981	0.1168	0.0251	0.1836	0.2068	0.1491	0.0830	0.2323	-0.0000	-0.0063	0.0532	9.1969	2.0467	13.4651	0.0001	0.0001	0.0000	0.0000	0.0000	0.0000	0.0001	0.0001	0.0000	0.0234	0.0190	0.0044	0.0117	0.0111	0.0006	0.0117	0.0079	0.0038	0.0145	0.0131	0.0014	0.0065	0.0064	0.0001	0.0080	0.0067	0.0013	0.1833	0.1334	0.0499	0.1197	0.0953	0.0244	0.0636	0.0381	0.0255	0.0522	0.0477	0.0609	0.0263	0.0220	0.1212	0.0545	0.0525	0.0373	0.1278	0.1425	0.0885	0.0981	0.1168	0.0251	0.1836	0.2068	0.1491
101	132	0.2043	9	2	1	1	1	0	0	0	0	Y	N	N	N	N	N	N	N	N	N	N	N	0.0000	0.0000	0.0000	0.0000	0.0000	0.0000	0.0000	0.0000	0.0000	0.0000	0.0000	0.0000	0.0000	0.0005	0.0007	0.0000	0.0009	0.0011	0.0000	0.0000	0.0000	0.0000	0.0000	0.0000	-0.0000	0.0532	1.0000	2.0467	3.0001	0.0000	0.0000	0.0000	0.0000	0.0000	0.0000	0.0000	0.0000	0.0000	0.0000	0.0000	0.0000	0.0000	0.0000	0.0000	0.0000	0.0000	0.0000	0.0013	0.0009	0.0004	0.0010	0.0006	0.0003	0.0003	0.0003	0.0001	0.0220	0.0149	0.0070	0.0106	0.0090	0.0016	0.0114	0.0060	0.0054	0.0000	0.0000	0.0000	0.0000	0.0000	0.0000	0.0000	0.0000	0.0000	0.0005	0.0007	0.0000	0.0009	0.0011	0.0000	0.0000	0.0000	0.0000						
101	133	0.6033	13	2	1	1	1	0	0	0	0	Y	N	N	N	N	N	N	N	N	N	N	N	0.0000	0.0000	0.0000	0.0000	0.0000	0.0000	0.0000	0.0000	0.0000	0.0000	0.0000	0.0000	0.0000	0.0000	0.0000	0.0000	0.0000	0.0000	0.0000	0.0000	0.0532	0.0006	2.0467	1.9797	0.0000	0.0000	0.0000	0.0000	0.0000	0.0000	0.0000	0.0000	0.0000	0.0000	0.0000	0.0000	0.0000	0.0000	0.0000	0.0000	0.0000	0.0000	0.0000	0.0000	0.0000	0.0000	0.0000	0.0000	0.0000	0.0000	0.0000	0.0091	0.0066	0.0025	0.0059	0.0048	0.0012	0.0032	0.0018	0.0014	0.0000	0.0000	0.0000	0.0000	0.0000	0.0000	0.0000	0.0000	0.0000	0.0000	0.0000	0.0000	0.0000	0.0000	0.0000	0.0000	0.0000	0.0000											
101	134	0.5865	12	2	1	1	1	0	0	0	0	Y	N	N	N	N	N	N	N	N	N	N	N	0.0000	0.0000	0.0000	0.0000	0.0000	0.0000	0.0000	0.0000	0.0000	0.0000	0.0000	0.0000	0.0000	0.0000	0.0000	0.0000	0.0000	0.0001	0.0000	0.0001	0.0001	0.0001	0.0001	0.0000	0.0000	0.0000	0.6610	0.0000	-0.0000	0.0532	2.0077	2.0467	6.0321	0.0000	0.0000	0.0000	0.0000	0.0000	0.0000	0.0000	0.0000	0.0000	0.0000	0.0000	0.0000	0.0000	0.0000	0.0000	0.0000	0.0000	0.0000	0.0031	0.0028	0.0003	0.0015	0.0014	0.0000	0.0017	0.0014	0.0003	0.0347	0.0249	0.0098	0.0226	0.0180	0.0045	0.0121	0.0069	0.0052	0.0000	0.0000	0.0000	0.0000	0.0000	0.0000	0.0000	0.0000	0.0000	0.0001	0.0000	0.0001	0.0001	0.0001	0.0001	0.0000	0.0000	0.0000		
101	135	0.5817	12	1	1	1	1	0	0	0	0	N	N	N	N	N	N	N	N	N	N	N	N	0.1879	0.1851	0.0417	0.3614	0.2898	5.8046	0.0012	0.0035	0.0023	0.0043	0.0047	0.0007	0.0093	0.0094	0.0066	0.0000	0.0000	0.0001	0.0231	0.0256	0.0169	0.0258	0.0324	0.0011	0.0168	0.0022	0.0336	0.0162	0.2636	-0.0000	-0.0003	0.0532	3.0348	2.0467	9.3583	0.0000	0.0000	0.0000	0.0000	0.0000	0.0000	0.0000	0.0000	0.0000	0.0014	0.0011	0.0003	0.0011	0.0010	0.0000	0.0003	0.0000	0.0003	0.0048	0.0043	0.0005	0.0022	0.0022	0.0000	0.0026	0.0021	0.0004	0.0585	0.0418	0.0167	0.0410	0.0324	0.0086	0.0175	0.0094	0.0081	0.1879	0.1851	0.0417	0.3614	0.2898	5.8046	0.0012	0.0035	0.0023	0.0231	0.0256	0.0169	0.0258	0.0324	0.0011	0.0168	0.0022	0.0336
101	136	0.5674	11	1	0	1	1	0	0	0	0	N	N	N	N	N	N	N	N	N	N	N	N	0.5553	0.6472	0.4076	0.0239	0.0187	7.2999	0.7929	224.9446	0.2089	0.2929	0.2932	0.2901	0.0111	0.0110	0.0176	0.5354	0.5835	0.3072	0.5275	0.4531	0.7117	0.4631	0.5882	0.0024	0.6752	0.0026	1.4708	0.1094	0.6346	-0.0000	-0.0011	0.0532	0.0433	2.0467	6.6805	0.0000	0.0000	0.0000	0.0000	0.0000	0.0000	0.0000	0.0000	0.0000	0.0162	0.0099	0.0063	0.0099	0.0099	0.0000	0.0063	0.0000	0.0063	0.0001	0.0001	0.0000	0.0000	0.0000	0.0000	0.0000	0.0000	0.0000	0.0308	0.0219	0.0089	0.0214	0.0169	0.0046	0.0093	0.0051	0.0043	0.5553	0.6472	0.4076	0.0239	0.0187	7.2999	0.7929	224.9446	0.2089	0.5275	0.4531	0.7117	0.4631	0.5882	0.0024	0.6752	0.0026	1.4708
101	137	0.2340	11	1	1	1	1	0	0	0	0	N	N	N	N	N	N	N	N	N	N	N	N	0.0000	0.0000	0.0000	0.0000	0.0000	0.0000	0.0000	0.0000	0.0000	0.0000	0.0000	0.0000	0.0000	0.0000	0.0000	0.0000	0.0000	0.0000	0.0000	0.0000	0.0532	0.0000	2.0467	0.0000	0.0000	0.0000	0.0000	0.0000	0.0000	0.0000	0.0000	0.0000	0.0000	0.0000	0.0000	0.0000	0.0000	0.0000	0.0000	0.0000	0.0000	0.0000	0.0000	0.0000	0.0000	0.0000	0.0000	0.0000	0.0000	0.0000	0.0000	0.0000	0.0000	0.0000	0.0000	0.0000	0.0000	0.0000	0.0000	0.0000	0.0000	0.0000	0.0000	0.0000	0.0000	0.0000	0.0000	0.0000	0.0000	0.0000	0.0000	0.0000	0.0000	0.0000	0.0000	0.0000	0.0000	0.0000											
101	138	0.2289	10	1	1	1	1	0	0	0	0	N	N	N	N	N	N	N	N	N	N	N	N	0.0000	0.0000	0.0000	0.0000	0.0000	0.0000	0.0000	0.0000	0.0000	0.0000	0.0000	0.0000	0.0000	0.0000	0.0000	0.0000	0.0003	0.0001	0.0007	0.0001	0.0001	0.0000	0.0004	0.0000	0.0009	4.5193	0.0000	0.0000	0.0532	0.0021	2.0467	2.0000	0.0000	0.0000	0.0000	0.0000	0.0000	0.0000	0.0000	0.0000	0.0000	0.0000	0.0000	0.0000	0.0000	0.0000	0.0000	0.0000	0.0000	0.0000	0.0000	0.0000	0.0000	0.0000	0.0000	0.0000	0.0000	0.0000	0.0000	0.0109	0.0074	0.0035	0.0053	0.0045	0.0008	0.0055	0.0029	0.0027	0.0000	0.0000	0.0000	0.0000	0.0000	0.0000	0.0000	0.0000	0.0000	0.0003	0.0001	0.0007	0.0001	0.0001	0.0000	0.0004	0.0000	0.0009			
101	139	0.2187	9	1	0	1	1	0	0	0	0	N	N	N	N	N	N	N	N	N	N	N	N	0.0000	0.0000	0.0000	0.0000	0.0000	0.0000	0.0000	0.0000	0.0000	0.0000	0.0000	0.0000	0.0000	0.0000	0.0000	0.0000	0.3033	0.0804	0.7838	0.1114	0.1313	0.0000	0.4901	0.0000	1.0256	4.5193	0.0000	0.0024	0.0532	1.0020	2.0467	3.0181	0.0000	0.0000	0.0000	0.0000	0.0000	0.0000	0.0000	0.0000	0.0000	0.0067	0.0012	0.0055	0.0012	0.0012	0.0000	0.0055	0.0000	0.0055	0.0013	0.0009	0.0004	0.0010	0.0006	0.0003	0.0003	0.0003	0.0001	0.0221	0.0151	0.0070	0.0109	0.0092	0.0016	0.0112	0.0058	0.0053	0.0000	0.0000	0.0000	0.0000	0.0000	0.0000	0.0000	0.0000	0.0000	0.3033	0.0804	0.7838	0.1114	0.1313	0.0000	0.4901	0.0000	1.0256			
101	140	0.2043	9	1	1	1	0	0	0	0	0	N	N	N	N	N	N	N	N	N	N	N	N	0.0000	0.0000	0.0000	0.0000	0.0000	0.0000	0.0000	0.0000	0.0000	0.0000	0.0000	0.0000	0.0000	0.0000	0.0000	0.0000	0.0000	0.0000	0.0000	0.0000	0.0532	0.0000	2.0467	4.0001	0.0000	0.0000	0.0000	0.0000	0.0000	0.0000	0.0000	0.0000	0.0000	0.0000	0.0000	0.0000	0.0000	0.0000	0.0000	0.0000	0.0000	0.0000	0.0000	0.0000	0.0000	0.0000	0.0000	0.0000	0.0000	0.0000	0.0000	0.0220	0.0149	0.0070	0.0106	0.0090	0.0016	0.0114	0.0060	0.0054	0.0000	0.0000	0.0000	0.0000	0.0000	0.0000	0.0000	0.0000	0.0000	0.0000	0.0000	0.0000	0.0000	0.0000	0.0000	0.0000	0.0000	0.0000											
101	141	0.5820	11	1	1	1	0	0	0	0	0	N	N	N	N	N	N	N	N	N	N	N	N	0.0007	0.0010	0.0000	0.0000	0.0000	0.0000	0.0803	0.1974	0.0000	0.0000	0.0000	0.0000	0.0000	0.0000	0.0000	0.0000	0.0000	0.0000	0.0069	0.0049	0.0121	0.0105	0.0067	0.0255	0.0001	0.0001	0.0002	0.0000	0.9706	-0.0000	0.0000	0.0532	1.0003	2.0467	5.0186	0.0000	0.0000	0.0000	0.0000	0.0000	0.0000	0.0000	0.0000	0.0000	0.0002	0.0001	0.0001	0.0002	0.0001	0.0001	0.0000	0.0000	0.0000	0.0016	0.0014	0.0001	0.0007	0.0007	0.0000	0.0008	0.0007	0.0001	0.0266	0.0191	0.0075	0.0173	0.0138	0.0035	0.0093	0.0053	0.0040	0.0007	0.0010	0.0000	0.0000	0.0000	0.0000	0.0803	0.1974	0.0000	0.0069	0.0049	0.0121	0.0105	0.0067	0.0255	0.0001	0.0001	0.0002
101	142	0.2187	9	1	0	2	1	0	0	0	0	N	N	Y	N	N	N	N	N	N	N	N	N	0.0000	0.0000	0.0000	0.0000	0.0000	0.0000	0.0000	0.0000	0.0000	0.0000	0.0000	0.0000	0.0000	0.0000	0.0000	0.0000	0.0000	0.5513	0.8068	0.0001	0.5387	0.6352	0.0000	0.5635	1.0775	0.0001	0.0000	0.0000	-0.0122	0.0532	0.0001	2.0467	9.0026	0.0000	0.0000	0.0000	0.0000	0.0000	0.0000	0.0000	0.0000	0.0000	0.0267	0.0267	0.0000	0.0129	0.0129	0.0000	0.0138	0.0138	0.0000	0.0000	0.0000	0.0000	0.0000	0.0000	0.0000	0.0000	0.0000	0.0000	0.0484	0.0331	0.0153	0.0239	0.0202	0.0036	0.0245	0.0128	0.0117	0.0000	0.0000	0.0000	0.0000	0.0000	0.0000	0.0000	0.0000	0.0000	0.5513	0.8068	0.0001	0.5387	0.6352	0.0000	0.5635	1.0775	0.0001		
101	143	0.5674	11	1	0	2	1	0	0	0	0	N	N	Y	N	N	N	N	N	N	N	N	N	0.0896	0.1452	0.0000	0.1600	0.1273	0.0000	0.0418	19.7917	0.0000	0.0901	0.0996	0.0000	0.1119	0.1134	0.0000	0.0715	0.0856	0.0000	1.0063	0.6858	1.8011	0.6997	0.8908	0.0005	1.7134	0.0043	3.7596	0.0000	1.0588	-0.0001	0.0025	0.0532	2.0061	2.0467	8.0425	0.0003	0.0003	0.0000	0.0002	0.0002	0.0000	0.0001	0.0001	0.0000	0.0454	0.0220	0.0233	0.0220	0.0220	0.0000	0.0234	0.0000	0.0233	0.0031	0.0028	0.0003	0.0014	0.0014	0.0000	0.0017	0.0014	0.0003	0.0451	0.0321	0.0130	0.0315	0.0247	0.0068	0.0136	0.0074	0.0062	0.0896	0.1452	0.0000	0.1600	0.1273	0.0000	0.0418	19.7917	0.0000	1.0063	0.6858	1.8011	0.6997	0.8908	0.0005	1.7134	0.0043	3.7596
101	144	0.5583	10	1	0	1	1	0	0	0	0	N	N	N	N	N	N	N	N	N	N	N	N	0.0000	0.0000	0.0000	0.0000	0.0000	0.0000	0.0000	0.0000	0.0000	0.0000	0.0000	0.0000	0.0000	0.0000	0.0000	0.0000	0.0000	0.0000	0.0114	0.0114	0.0111	0.0101	0.0121	0.0008	0.0137	0.0095	0.0194	0.3478	0.0000	-0.0001	0.0532	1.9550	2.0467	2.1189	0.0000	0.0000	0.0000	0.0000	0.0000	0.0000	0.0000	0.0000	0.0000	0.0003	0.0002	0.0001	0.0002	0.0002	0.0000	0.0001	0.0000	0.0001	0.0031	0.0028	0.0003	0.0014	0.0014	0.0000	0.0016	0.0014	0.0003	0.0241	0.0178	0.0063	0.0158	0.0130	0.0028	0.0084	0.0048	0.0035	0.0000	0.0000	0.0000	0.0000	0.0000	0.0000	0.0000	0.0000	0.0000	0.0114	0.0114	0.0111	0.0101	0.0121	0.0008	0.0137	0.0095	0.0194	
101	145	0.5583	10	1	0	2	1	0	0	0	0	N	N	Y	N	N	N	N	N	N	N	N	N	0.0000	0.0000	0.0000	0.0000	0.0000	0.0000	0.0000	0.0000	0.0000	0.0000	0.0000	0.0000	0.0000	0.0000	0.0000	0.0000	0.0000	0.0000	0.3417	0.4743	0.0027	0.4984	0.6273	0.0015	0.0042	0.0045	0.0038	0.0022	0.0000	-0.0146	0.0532	2.1261	2.0467	18.6477	0.0000	0.0000	0.0000	0.0000	0.0000	0.0000	0.0000	0.0000	0.0000	0.0320	0.0319	0.0001	0.0319	0.0318	0.0000	0.0001	0.0001	0.0001	0.0033	0.0030	0.0003	0.0016	0.0015	0.0000	0.0018	0.0015	0.0003	0.0936	0.0673	0.0263	0.0639	0.0508	0.0132	0.0297	0.0165	0.0131	0.0000	0.0000	0.0000	0.0000	0.0000	0.0000	0.0000	0.0000	0.0000	0.3417	0.4743	0.0027	0.4984	0.6273	0.0015	0.0042	0.0045	0.0038	
101	146	0.2187	9	1	0	2	1	0	0	0	0	N	N	Y	N	N	N	N	N	N	N	N	N	0.0000	0.0000	0.0000	0.0000	0.0000	0.0000	0.0000	0.0000	0.0000	0.0000	0.0000	0.0000	0.0000	0.0000	0.0000	0.0000	0.0027	0.0035	0.0008	0.0049	0.0058	0.0000	0.0005	0.0000	0.0010	0.1049	0.0000	-0.0000	0.0532	2.0001	2.0467	5.9880	0.0000	0.0000	0.0000	0.0000	0.0000	0.0000	0.0000	0.0000	0.0000	0.0001	0.0001	0.0000	0.0001	0.0001	0.0000	0.0000	0.0000	0.0000	0.0026	0.0018	0.0008	0.0019	0.0013	0.0007	0.0007	0.0005	0.0001	0.0431	0.0295	0.0137	0.0213	0.0180	0.0032	0.0219	0.0114	0.0104	0.0000	0.0000	0.0000	0.0000	0.0000	0.0000	0.0000	0.0000	0.0000	0.0027	0.0035	0.0008	0.0049	0.0058	0.0000	0.0005	0.0000	0.0010			
101	147	0.2187	9	1	0	2	1	0	0	0	0	N	N	Y	N	N	N	N	N	N	N	N	N	0.0000	0.0000	0.0000	0.0000	0.0000	0.0000	0.0000	0.0000	0.0000	0.0000	0.0000	0.0000	0.0000	0.0000	0.0000	0.0000	0.0000	0.0321	0.0044	0.0920	0.0056	0.0066	0.0000	0.0578	0.0009	0.1209	9.7133	0.0000	0.0023	0.0532	9.0001	2.0467	23.0169	0.0000	0.0000	0.0000	0.0000	0.0000	0.0000	0.0000	0.0000	0.0000	0.0051	0.0005	0.0046	0.0004	0.0004	0.0000	0.0046	0.0000	0.0046	0.0111	0.0079	0.0032	0.0082	0.0055	0.0027	0.0028	0.0024	0.0005	0.1577	0.1078	0.0499	0.0776	0.0657	0.0120	0.0801	0.0421	0.0380	0.0000	0.0000	0.0000	0.0000	0.0000	0.0000	0.0000	0.0000	0.0000	0.0321	0.0044	0.0920	0.0056	0.0066	0.0000	0.0578	0.0009	0.1209		
101	148	0.1934	8	1	0	1	1	0	0	0	0	N	N	N	N	N	N	N	N	N	N	N	N	0.1342	0.7828	0.0001	0.0169	0.0216	0.1333	0.3146	3309.6848	0.0000	0.0127	0.0180	0.0000	0.0006	0.0008	0.0000	0.0482	0.0570	0.0000	0.0950	0.0230	0.2483	0.0326	0.0382	0.0001	0.1530	0.0000	0.3203	0.0004	5.0607	-0.0000	0.0020	0.0532	1.9990	2.0467	7.9526	0.0000	0.0000	0.0000	0.0000	0.0000	0.0000	0.0000	0.0000	0.0000	0.0053	0.0009	0.0044	0.0009	0.0009	0.0000	0.0044	0.0000	0.0044	0.0027	0.0019	0.0008	0.0020	0.0013	0.0007	0.0007	0.0006	0.0001	0.0557	0.0379	0.0178	0.0268	0.0228	0.0040	0.0289	0.0151	0.0138	0.1342	0.7828	0.0001	0.0169	0.0216	0.1333	0.3146	3309.6848	0.0000	0.0950	0.0230	0.2483	0.0326	0.0382	0.0001	0.1530	0.0000	0.3203
101	149	0.1614	7	2	1	1	0	0	0	0	0	Y	N	N	N	N	N	N	N	N	N	N	N	9.4369	25.3366	0.0073	0.2908	0.4075	0.0217	28.9683	1378.3263	0.0064	0.4124	0.5438	0.0007	0.0101	0.0144	0.0007	1.4996	1.5694	0.0007	0.0437	0.0215	0.0904	0.0346	0.0353	0.0303	0.0518	0.0011	0.1058	0.0004	2.0052	-0.0093	0.0012	0.0532	5.3497	2.0467	17.2225	0.0210	0.0210	0.0000	0.0004	0.0004	0.0000	0.0207	0.0207	0.0000	0.0056	0.0019	0.0038	0.0021	0.0018	0.0003	0.0035	0.0000	0.0035	0.0510	0.0387	0.0123	0.0372	0.0255	0.0117	0.0138	0.0132	0.0006	0.1288	0.0872	0.0415	0.0604	0.0519	0.0085	0.0684	0.0353	0.0331	9.4369	25.3366	0.0073	0.2908	0.4075	0.0217	28.9683	1378.3263	0.0064	0.0437	0.0215	0.0904	0.0346	0.0353	0.0303	0.0518	0.0011	0.1058
101	150	0.1922	8	1	1	1	0	0	0	0	0	N	N	N	N	N	N	N	N	N	N	N	N	1.8787	8.2638	0.0506	5.9572	7.4109	1.7386	0.0070	91.5640	0.0128	0.3603	0.4646	0.0243	0.4964	0.6925	0.0261	0.0020	0.0015	0.0075	0.1918	0.0562	0.4792	0.0833	0.0934	0.0150	0.2877	0.0000	0.5871	0.0162	4.0219	-0.0076	0.0081	0.0532	3.6794	2.0467	17.4287	0.0179	0.0176	0.0003	0.0179	0.0176	0.0003	0.0000	0.0000	0.0000	0.0238	0.0047	0.0191	0.0048	0.0047	0.0001	0.0189	0.0000	0.0189	0.0496	0.0379	0.0117	0.0360	0.0254	0.0106	0.0137	0.0125	0.0012	0.1240	0.0843	0.0398	0.0582	0.0507	0.0075	0.0658	0.0336	0.0323	1.8787	8.2638	0.0506	5.9572	7.4109	1.7386	0.0070	91.5640	0.0128	0.1918	0.0562	0.4792	0.0833	0.0934	0.0150	0.2877	0.0000	0.5871
101	151	0.1614	7	1	1	1	0	0	0	0	0	N	N	N	N	N	N	N	N	N	N	N	N	0.7434	6.3648	0.0330	3.4452	4.4343	1.2131	0.4190	96.9373	0.2029	0.5727	0.7352	0.0711	0.5816	0.8305	0.0549	0.5478	0.5482	0.5377	0.7704	0.1155	2.1530	0.1688	0.1873	0.0452	1.3076	0.0057	2.6496	0.0313	8.8288	-0.0117	0.0292	0.0532	3.4464	2.0467	10.1316	0.0284	0.0276	0.0009	0.0213	0.0206	0.0006	0.0072	0.0069	0.0002	0.0663	0.0067	0.0596	0.0069	0.0066	0.0002	0.0595	0.0001	0.0593	0.0496	0.0375	0.0121	0.0366	0.0248	0.0117	0.0131	0.0126	0.0004	0.0861	0.0584	0.0277	0.0406	0.0353	0.0053	0.0455	0.0231	0.0224	0.7434	6.3648	0.0330	3.4452	4.4343	1.2131	0.4190	96.9373	0.2029	0.7704	0.1155	2.1530	0.1688	0.1873	0.0452	1.3076	0.0057	2.6496
101	152	0.5888	13	2	1	1	0	0	0	0	0	Y	N	N	N	N	N	N	N	N	N	N	N	0.0000	0.0000	0.0000	0.0000	0.0000	0.0000	0.0000	0.0000	0.0000	0.0000	0.0000	0.0000	0.0000	0.0000	0.0000	0.0000	0.1212	0.0305	0.3530	0.0338	0.0424	0.0000	0.2827	0.0000	0.6594	4.5193	0.0000	0.0024	0.0532	1.0143	2.0467	12.0086	0.0000	0.0000	0.0000	0.0000	0.0000	0.0000	0.0000	0.0000	0.0000	0.0067	0.0012	0.0055	0.0012	0.0012	0.0000	0.0055	0.0000	0.0055	0.0016	0.0014	0.0002	0.0007	0.0007	0.0000	0.0008	0.0007	0.0001	0.0552	0.0397	0.0155	0.0358	0.0286	0.0072	0.0194	0.0111	0.0083	0.0000	0.0000	0.0000	0.0000	0.0000	0.0000	0.0000	0.0000	0.0000	0.1212	0.0305	0.3530	0.0338	0.0424	0.0000	0.2827	0.0000	0.6594			
101	153	0.5865	12	2	1	1	0	0	0	0	0	Y	N	N	N	N	N	N	N	N	N	N	N	0.0000	0.0000	0.0000	0.0000	0.0000	0.0000	0.0000	0.0000	0.0000	0.0000	0.0000	0.0000	0.0000	0.0000	0.0000	0.0000	0.0000	0.0023	0.0008	0.0061	0.0012	0.0012	0.0012	0.0045	0.0000	0.0104	2.8349	0.0000	0.0000	0.0532	0.9811	2.0467	0.0216	0.0000	0.0000	0.0000	0.0000	0.0000	0.0000	0.0000	0.0000	0.0000	0.0000	0.0000	0.0000	0.0000	0.0000	0.0000	0.0000	0.0000	0.0000	0.0015	0.0014	0.0001	0.0007	0.0007	0.0000	0.0008	0.0007	0.0001	0.0045	0.0032	0.0013	0.0029	0.0023	0.0006	0.0016	0.0009	0.0007	0.0000	0.0000	0.0000	0.0000	0.0000	0.0000	0.0000	0.0000	0.0000	0.0023	0.0008	0.0061	0.0012	0.0012	0.0012	0.0045	0.0000	0.0104		
101	154	0.5820	11	2	1	1	0	0	0	0	0	Y	N	N	N	N	N	N	N	N	N	N	N	0.0260	0.0407	0.0000	0.0000	0.0000	0.0000	1.4950	2.3185	0.0000	0.0005	0.0006	0.0000	0.0000	0.0000	0.0000	0.0010	0.0012	0.0000	0.0198	0.0141	0.0346	0.0300	0.0193	0.0716	0.0007	0.0005	0.0009	0.0000	0.9607	-0.0000	0.0000	0.0532	0.0083	2.0467	2.0001	0.0000	0.0000	0.0000	0.0000	0.0000	0.0000	0.0000	0.0000	0.0000	0.0002	0.0001	0.0001	0.0002	0.0001	0.0001	0.0000	0.0000	0.0000	0.0000	0.0000	0.0000	0.0000	0.0000	0.0000	0.0000	0.0000	0.0000	0.0094	0.0067	0.0026	0.0061	0.0049	0.0013	0.0032	0.0019	0.0014	0.0260	0.0407	0.0000	0.0000	0.0000	0.0000	1.4950	2.3185	0.0000	0.0198	0.0141	0.0346	0.0300	0.0193	0.0716	0.0007	0.0005	0.0009
101	155	0.5583	10	1	1	1	0	0	0	0	0	N	N	N	N	N	N	N	N	N	N	N	N	0.0082	0.0130	0.0000	0.0000	0.0000	0.0000	39.8702	112.9099	0.0000	0.0220	0.0243	0.0000	0.0000	0.0000	0.0000	0.0414	0.0495	0.0000	2.6689	1.8668	4.7733	3.9516	2.4966	9.8321	0.0010	0.0004	0.0018	0.0000	0.9745	-0.0000	0.0048	0.0532	2.9180	2.0467	7.4065	0.0001	0.0001	0.0000	0.0000	0.0000	0.0000	0.0001	0.0001	0.0000	0.1363	0.0690	0.0673	0.1363	0.0690	0.0673	0.0000	0.0000	0.0000	0.0045	0.0041	0.0004	0.0021	0.0021	0.0000	0.0024	0.0020	0.0004	0.0511	0.0370	0.0141	0.0345	0.0277	0.0068	0.0166	0.0093	0.0073	0.0082	0.0130	0.0000	0.0000	0.0000	0.0000	39.8702	112.9099	0.0000	2.6689	1.8668	4.7733	3.9516	2.4966	9.8321	0.0010	0.0004	0.0018
101	156	0.4925	9	1	0	1	0	0	0	0	0	N	N	N	N	N	N	N	N	N	N	N	N	0.0001	0.0001	0.0003	0.0002	0.0001	0.0194	0.0000	0.0000	0.0001	0.0000	0.0000	0.0000	0.0000	0.0000	0.0001	0.0000	0.0000	0.0000	0.0538	0.0446	0.0778	0.0418	0.0506	0.0053	0.0781	0.0270	0.1421	0.8973	0.6664	0.0000	-0.0005	0.0532	8.2479	2.0467	19.7214	0.0000	0.0000	0.0000	0.0000	0.0000	0.0000	0.0000	0.0000	0.0000	0.0077	0.0046	0.0031	0.0040	0.0039	0.0001	0.0037	0.0007	0.0030	0.0141	0.0127	0.0014	0.0068	0.0066	0.0002	0.0073	0.0061	0.0012	0.1436	0.1039	0.0397	0.0962	0.0775	0.0187	0.0474	0.0264	0.0210	0.0001	0.0001	0.0003	0.0002	0.0001	0.0194	0.0000	0.0000	0.0001	0.0538	0.0446	0.0778	0.0418	0.0506	0.0053	0.0781	0.0270	0.1421
101	157	0.4563	8	1	0	1	0	0	0	0	0	N	N	N	N	N	N	N	N	N	N	N	N	0.0015	0.0014	0.0006	0.0044	0.0037	0.0038	0.0000	0.0000	0.0003	0.0002	0.0002	0.0000	0.0004	0.0004	0.0001	0.0000	0.0000	0.0000	0.1304	0.1483	0.0827	0.0914	0.1094	0.0262	0.2126	0.2541	0.1485	0.0256	0.2101	-0.0000	-0.0056	0.0532	7.4725	2.0467	14.3153	0.0000	0.0000	0.0000	0.0000	0.0000	0.0000	0.0000	0.0000	0.0000	0.0197	0.0163	0.0034	0.0094	0.0088	0.0006	0.0103	0.0075	0.0028	0.0118	0.0107	0.0011	0.0055	0.0054	0.0001	0.0064	0.0053	0.0010	0.1509	0.1096	0.0413	0.1024	0.0802	0.0222	0.0486	0.0295	0.0191	0.0015	0.0014	0.0006	0.0044	0.0037	0.0038	0.0000	0.0000	0.0003	0.1304	0.1483	0.0827	0.0914	0.1094	0.0262	0.2126	0.2541	0.1485
101	158	0.3909	7	1	0	1	0	0	0	0	0	N	N	N	N	N	N	N	N	N	N	N	N	0.0050	0.0059	0.0043	0.0094	0.0119	0.0071	0.0013	0.0004	0.0054	0.0009	0.0009	0.0011	0.0017	0.0017	0.0023	0.0002	0.0001	0.0010	0.1767	0.1456	0.2584	0.1808	0.1422	0.3292	0.1690	0.1544	0.1902	0.1350	0.6756	-0.0000	-0.0021	0.0532	11.6653	2.0467	19.4910	0.0000	0.0000	0.0000	0.0000	0.0000	0.0000	0.0000	0.0000	0.0000	0.0379	0.0226	0.0153	0.0254	0.0159	0.0095	0.0125	0.0067	0.0057	0.0178	0.0162	0.0017	0.0080	0.0079	0.0001	0.0099	0.0083	0.0016	0.2144	0.1553	0.0591	0.1406	0.1116	0.0290	0.0738	0.0437	0.0301	0.0050	0.0059	0.0043	0.0094	0.0119	0.0071	0.0013	0.0004	0.0054	0.1767	0.1456	0.2584	0.1808	0.1422	0.3292	0.1690	0.1544	0.1902
101	159	0.3436	6	1	0	1	0	0	0	0	0	N	N	N	N	N	N	N	N	N	N	N	N	0.0071	0.0060	0.0052	0.0134	0.0116	0.0245	0.0027	0.0020	0.0027	0.0039	0.0042	0.0009	0.0061	0.0061	0.0039	0.0020	0.0023	0.0005	0.5542	0.7034	0.1726	0.4510	0.5253	0.1605	0.7369	1.1343	0.1831	0.0226	0.0959	-0.0000	-0.0464	0.0532	7.3933	2.0467	20.5306	0.0000	0.0000	0.0000	0.0000	0.0000	0.0000	0.0000	0.0000	0.0000	0.1250	0.1141	0.0109	0.0650	0.0603	0.0047	0.0600	0.0538	0.0062	0.0124	0.0112	0.0012	0.0059	0.0057	0.0001	0.0066	0.0055	0.0011	0.2255	0.1621	0.0634	0.1441	0.1147	0.0294	0.0815	0.0474	0.0340	0.0071	0.0060	0.0052	0.0134	0.0116	0.0245	0.0027	0.0020	0.0027	0.5542	0.7034	0.1726	0.4510	0.5253	0.1605	0.7369	1.1343	0.1831
101	160	0.1074	5	1	0	1	0	0	0	0	0	N	N	N	N	N	N	N	N	N	N	N	N	0.0015	0.0018	0.0004	0.0001	0.0001	0.0078	0.0022	0.0045	0.0003	0.0010	0.0010	0.0003	0.0000	0.0000	0.0001	0.0016	0.0018	0.0003	0.6576	0.5833	0.8116	0.5941	0.7095	0.0084	0.7134	0.4097	1.0603	0.0299	0.6714	-0.0000	-0.0128	0.0532	27.6416	2.0467	54.6365	0.0000	0.0000	0.0000	0.0000	0.0000	0.0000	0.0000	0.0000	0.0000	0.2263	0.1354	0.0909	0.0956	0.0953	0.0002	0.1307	0.0400	0.0907	0.0362	0.0327	0.0035	0.0146	0.0145	0.0001	0.0216	0.0182	0.0034	0.3441	0.2321	0.1120	0.1609	0.1344	0.0265	0.1832	0.0977	0.0855	0.0015	0.0018	0.0004	0.0001	0.0001	0.0078	0.0022	0.0045	0.0003	0.6576	0.5833	0.8116	0.5941	0.7095	0.0084	0.7134	0.4097	1.0603
101	161	0.2119	11	2	1	1	0	0	0	0	0	Y	N	N	N	N	N	N	N	N	N	N	N	0.0000	0.0000	0.0000	0.0000	0.0000	0.0000	0.0000	0.0000	0.0000	0.0000	0.0000	0.0000	0.0000	0.0000	0.0000	0.0000	0.0000	0.0001	0.0001	0.0000	0.0002	0.0002	0.0000	0.0000	0.0000	0.0000	0.1096	0.0000	-0.0000	0.0532	0.0002	2.0467	3.0099	0.0000	0.0000	0.0000	0.0000	0.0000	0.0000	0.0000	0.0000	0.0000	0.0000	0.0000	0.0000	0.0000	0.0000	0.0000	0.0000	0.0000	0.0000	0.0000	0.0000	0.0000	0.0000	0.0000	0.0000	0.0000	0.0000	0.0000	0.0168	0.0115	0.0053	0.0081	0.0069	0.0012	0.0087	0.0046	0.0041	0.0000	0.0000	0.0000	0.0000	0.0000	0.0000	0.0000	0.0000	0.0000	0.0001	0.0001	0.0000	0.0002	0.0002	0.0000	0.0000	0.0000	0.0000		
101	162	0.2043	10	2	1	1	0	0	0	0	0	Y	N	N	N	N	N	N	N	N	N	N	N	0.0000	0.0000	0.0000	0.0000	0.0000	0.0000	0.0000	0.0000	0.0000	0.0000	0.0000	0.0000	0.0000	0.0000	0.0000	0.0000	0.0000	0.0001	0.0001	0.0000	0.0000	0.0000	0.0000	0.0001	0.0003	0.0000	0.0289	0.0000	-0.0000	0.0532	0.9998	2.0467	2.0118	0.0000	0.0000	0.0000	0.0000	0.0000	0.0000	0.0000	0.0000	0.0000	0.0000	0.0000	0.0000	0.0000	0.0000	0.0000	0.0000	0.0000	0.0000	0.0013	0.0009	0.0004	0.0010	0.0006	0.0003	0.0003	0.0003	0.0001	0.0166	0.0113	0.0053	0.0080	0.0068	0.0012	0.0086	0.0045	0.0041	0.0000	0.0000	0.0000	0.0000	0.0000	0.0000	0.0000	0.0000	0.0000	0.0001	0.0001	0.0000	0.0000	0.0000	0.0000	0.0001	0.0003	0.0000		
101	163	0.2043	9	2	1	1	0	0	0	0	0	Y	N	N	N	N	N	N	N	N	N	N	N	0.0000	0.0000	0.0000	0.0000	0.0000	0.0000	0.0000	0.0000	0.0000	0.0000	0.0000	0.0000	0.0000	0.0000	0.0000	0.0000	0.0000	0.0000	0.0000	0.0000	0.0532	0.0000	2.0467	0.0003	0.0000	0.0000	0.0000	0.0000	0.0000	0.0000	0.0000	0.0000	0.0000	0.0000	0.0000	0.0000	0.0000	0.0000	0.0000	0.0000	0.0000	0.0000	0.0000	0.0000	0.0000	0.0000	0.0000	0.0000	0.0000	0.0000	0.0000	0.0000	0.0000	0.0000	0.0000	0.0000	0.0000	0.0000	0.0000	0.0000	0.0000	0.0000	0.0000	0.0000	0.0000	0.0000	0.0000	0.0000	0.0000	0.0000	0.0000	0.0000	0.0000	0.0000	0.0000	0.0000	0.0000	0.0000											
101	164	0.1934	8	1	1	1	0	0	0	0	0	N	N	N	N	N	N	N	N	N	N	N	N	29.4012	31.8214	0.0905	0.7296	0.9211	1.2276	365.5029	25842.6601	0.0000	0.2447	0.3269	0.0004	0.0105	0.0155	0.0004	0.9295	0.9563	0.0000	0.0083	0.0103	0.0041	0.0144	0.0168	0.0003	0.0025	0.0000	0.0052	0.0004	0.1883	-0.0000	-0.0001	0.0532	0.0063	2.0467	4.3641	0.0000	0.0000	0.0000	0.0000	0.0000	0.0000	0.0000	0.0000	0.0000	0.0002	0.0002	0.0000	0.0002	0.0002	0.0000	0.0000	0.0000	0.0000	0.0001	0.0001	0.0000	0.0001	0.0001	0.0000	0.0000	0.0000	0.0000	0.0263	0.0179	0.0084	0.0128	0.0109	0.0019	0.0135	0.0070	0.0065	29.4012	31.8214	0.0905	0.7296	0.9211	1.2276	365.5029	25842.6601	0.0000	0.0083	0.0103	0.0041	0.0144	0.0168	0.0003	0.0025	0.0000	0.0052
101	165	0.1614	7	1	0	1	0	0	0	0	0	N	N	N	N	N	N	N	N	N	N	N	N	13.9623	14.8904	0.0496	0.2004	0.2533	1.2612	166.5230	1186.8091	0.1112	0.4298	0.5698	0.0007	0.0109	0.0157	0.0007	1.6250	1.6649	0.0020	0.0308	0.0383	0.0150	0.0543	0.0622	0.0006	0.0098	0.0014	0.0183	0.0004	0.1852	-0.0093	-0.0008	0.0532	2.5207	2.0467	10.0226	0.0210	0.0210	0.0000	0.0004	0.0004	0.0000	0.0206	0.0206	0.0000	0.0025	0.0021	0.0004	0.0021	0.0021	0.0000	0.0004	0.0000	0.0004	0.0489	0.0369	0.0120	0.0362	0.0245	0.0117	0.0127	0.0124	0.0003	0.0810	0.0550	0.0260	0.0382	0.0333	0.0049	0.0427	0.0216	0.0211	13.9623	14.8904	0.0496	0.2004	0.2533	1.2612	166.5230	1186.8091	0.1112	0.0308	0.0383	0.0150	0.0543	0.0622	0.0006	0.0098	0.0014	0.0183
101	166	0.1458	6	1	0	1	0	0	0	0	0	N	N	N	N	N	N	N	N	N	N	N	N	17.5716	19.1192	0.0933	0.5863	0.6330	0.4144	86.4164	4794.0795	0.0393	3.7177	4.4374	0.0155	0.1945	0.2345	0.0198	8.3007	9.5640	0.0076	0.2116	0.2321	0.1658	0.3318	0.3705	0.0477	0.0961	0.0020	0.1934	0.0007	0.3198	-0.0135	-0.0027	0.0532	2.6894	2.0467	4.6619	0.0306	0.0306	0.0000	0.0009	0.0009	0.0000	0.0297	0.0297	0.0000	0.0125	0.0095	0.0030	0.0096	0.0095	0.0002	0.0029	0.0000	0.0029	0.0082	0.0069	0.0013	0.0047	0.0038	0.0009	0.0036	0.0031	0.0005	0.0591	0.0408	0.0183	0.0290	0.0255	0.0035	0.0302	0.0153	0.0148	17.5716	19.1192	0.0933	0.5863	0.6330	0.4144	86.4164	4794.0795	0.0393	0.2116	0.2321	0.1658	0.3318	0.3705	0.0477	0.0961	0.0020	0.1934
101	167	0.1074	5	1	0	1	0	0	0	0	0	N	N	N	N	N	N	N	N	N	N	N	N	2.4603	2.4161	0.0503	0.0692	0.0599	0.9777	8.3791	27.3622	0.0344	0.2176	0.2411	0.0033	0.0093	0.0092	0.0408	0.3609	0.4311	0.0025	0.0884	0.0998	0.0648	0.1346	0.1530	0.0417	0.0431	0.0158	0.0726	0.0015	0.3117	-0.0004	-0.0014	0.0532	2.7966	2.0467	8.5340	0.0009	0.0009	0.0000	0.0000	0.0000	0.0000	0.0009	0.0009	0.0000	0.0066	0.0050	0.0016	0.0049	0.0047	0.0003	0.0016	0.0003	0.0013	0.0043	0.0039	0.0004	0.0017	0.0017	0.0000	0.0025	0.0021	0.0004	0.0741	0.0500	0.0240	0.0367	0.0306	0.0061	0.0374	0.0194	0.0180	2.4603	2.4161	0.0503	0.0692	0.0599	0.9777	8.3791	27.3622	0.0344	0.0884	0.0998	0.0648	0.1346	0.1530	0.0417	0.0431	0.0158	0.0726
102	104	0.1368	5	1	1	1	0	0	0	0	0	N	N	N	N	N	N	N	N	N	N	N	N	0.0155	0.0244	0.0000	0.0464	0.0443	0.0000	0.0000	0.0000	0.0000	0.0048	0.0055	0.0000	0.0173	0.0187	0.0000	0.0000	0.0000	0.0000	0.3078	0.2270	0.4581	0.3722	0.4227	0.0573	0.2641	0.0008	0.5343	0.0000	1.0859	-0.0003	0.0078	2.0948	8.9557	3.0326	32.3127	0.0008	0.0008	0.0000	0.0008	0.0008	0.0000	0.0000	0.0000	0.0000	0.1257	0.0602	0.0654	0.0615	0.0601	0.0013	0.0642	0.0001	0.0641	0.1635	0.1408	0.0226	0.0451	0.0416	0.0035	0.1184	0.0992	0.0192	0.4082	0.2654	0.1428	0.1651	0.1423	0.0228	0.2431	0.1231	0.1200	0.0155	0.0244	0.0000	0.0464	0.0443	0.0000	0.0000	0.0000	0.0000	0.3078	0.2270	0.4581	0.3722	0.4227	0.0573	0.2641	0.0008	0.5343
102	105	0.1622	6	1	0	2	0	0	0	0	0	N	N	Y	N	N	N	N	N	N	N	N	N	0.0000	0.0000	0.0000	0.0000	0.0000	0.0000	0.0000	0.0000	0.0000	0.0000	0.0000	0.0000	0.0000	0.0000	0.0000	0.0000	0.0000	0.0000	11.2557	18.2403	0.0033	0.0079	0.0090	0.0014	13.4970	24.8511	0.0038	0.0001	0.0000	-0.4451	2.0948	4.2679	3.0326	7.8415	0.0000	0.0000	0.0000	0.0000	0.0000	0.0000	0.0000	0.0000	0.0000	0.9714	0.9712	0.0001	0.0004	0.0004	0.0000	0.9710	0.9708	0.0001	0.0747	0.0634	0.0113	0.0149	0.0142	0.0007	0.0598	0.0492	0.0106	0.1237	0.0831	0.0406	0.0517	0.0440	0.0077	0.0719	0.0391	0.0329	0.0000	0.0000	0.0000	0.0000	0.0000	0.0000	0.0000	0.0000	0.0000	7.8544	11.6900	0.0033	0.0079	0.0090	0.0014	13.4970	24.8511	0.0038	
102	106	0.1368	5	1	0	1	0	0	0	0	0	N	N	N	N	N	N	N	N	N	N	N	N	0.0000	0.0000	0.0000	0.0000	0.0000	0.0000	0.0001	0.0095	0.0000	0.0000	0.0000	0.0000	0.0000	0.0000	0.0000	0.0000	0.0000	0.0000	0.2066	0.1742	0.2626	0.2581	0.2718	0.1387	0.1641	0.0011	0.2807	0.0000	0.8707	-0.0000	0.0003	2.0948	1.9301	3.0326	9.0954	0.0000	0.0000	0.0000	0.0000	0.0000	0.0000	0.0000	0.0000	0.0000	0.0379	0.0202	0.0176	0.0214	0.0202	0.0012	0.0165	0.0000	0.0164	0.0588	0.0513	0.0075	0.0301	0.0275	0.0026	0.0286	0.0238	0.0049	0.1833	0.1162	0.0671	0.0828	0.0743	0.0085	0.1004	0.0419	0.0586	0.0000	0.0000	0.0000	0.0000	0.0000	0.0000	0.0001	0.0095	0.0000	0.2066	0.1742	0.2626	0.2581	0.2718	0.1387	0.1641	0.0011	0.2807
102	107	0.1045	4	1	0	1	0	0	0	0	0	N	N	N	N	N	N	N	N	N	N	N	N	0.0000	0.0000	0.0000	0.0000	0.0000	0.0000	0.0000	0.0000	0.0000	0.0000	0.0000	0.0000	0.0000	0.0000	0.0000	0.0000	0.0000	0.0000	0.1729	0.1604	0.1966	0.2772	0.2988	0.1685	0.1063	0.0240	0.2030	0.6459	0.0000	-0.0016	2.0948	3.9049	3.0326	9.6098	0.0000	0.0000	0.0000	0.0000	0.0000	0.0000	0.0000	0.0000	0.0000	0.0249	0.0152	0.0098	0.0156	0.0140	0.0016	0.0094	0.0011	0.0082	0.0566	0.0483	0.0083	0.0067	0.0063	0.0004	0.0499	0.0419	0.0079	0.1442	0.0945	0.0498	0.0562	0.0469	0.0093	0.0881	0.0476	0.0405	0.0000	0.0000	0.0000	0.0000	0.0000	0.0000	0.0000	0.0000	0.0000	0.1729	0.1604	0.1966	0.2772	0.2988	0.1685	0.1063	0.0240	0.2030	
102	108	0.1256	6	1	1	1	0	0	0	0	0	N	N	N	N	N	N	N	N	N	N	N	N	0.0000	0.0000	0.0000	0.0000	0.0000	0.0000	0.0000	0.0000	0.0000	0.0000	0.0000	0.0000	0.0000	0.0000	0.0000	0.0000	0.0000	0.0000	3.4000	0.0116	16.9067	0.0111	0.0122	0.0058	5.6346	0.0110	21.8230	444.3213	0.0000	0.5249	2.0948	8.0392	3.0326	22.6195	0.0000	0.0000	0.0000	0.0000	0.0000	0.0000	0.0000	0.0000	0.0000	0.9731	0.0022	0.9709	0.0013	0.0011	0.0001	0.9718	0.0010	0.9708	0.1250	0.1071	0.0178	0.0219	0.0207	0.0012	0.1030	0.0864	0.0166	0.2862	0.1882	0.0980	0.1137	0.0931	0.0206	0.1725	0.0951	0.0774	0.0000	0.0000	0.0000	0.0000	0.0000	0.0000	0.0000	0.0000	0.0000	3.4000	0.0116	9.9064	0.0111	0.0122	0.0058	5.6346	0.0110	12.5408	
102	109	0.1256	5	1	0	1	0	0	0	0	0	N	N	N	N	N	N	N	N	N	N	N	N	0.0000	0.0000	0.0000	0.0000	0.0000	0.0000	0.0000	0.0000	0.0000	0.0000	0.0000	0.0000	0.0000	0.0000	0.0000	0.0000	0.0000	0.0000	0.0630	0.0633	0.0620	0.0928	0.0719	0.2722	0.0344	0.0514	0.0063	0.3149	0.0000	-0.0008	2.0948	0.2031	3.0326	2.0398	0.0000	0.0000	0.0000	0.0000	0.0000	0.0000	0.0000	0.0000	0.0000	0.0038	0.0029	0.0009	0.0027	0.0019	0.0008	0.0011	0.0010	0.0001	0.0075	0.0063	0.0012	0.0027	0.0027	0.0000	0.0048	0.0036	0.0012	0.0605	0.0458	0.0147	0.0296	0.0265	0.0031	0.0309	0.0193	0.0116	0.0000	0.0000	0.0000	0.0000	0.0000	0.0000	0.0000	0.0000	0.0000	0.0630	0.0633	0.0620	0.0928	0.0719	0.2722	0.0344	0.0514	0.0063	
102	110	0.7061	11	2	0	2	0	0	0	0	0	Y	N	Y	N	N	N	N	N	N	N	N	N	0.0000	0.0000	0.0000	0.0000	0.0000	0.0000	0.0000	0.0000	0.0000	0.0000	0.0000	0.0000	0.0000	0.0000	0.0000	0.0000	0.0000	0.0000	0.0000	0.0000	2.0948	0.0001	3.0326	0.0001	0.0000	0.0000	0.0000	0.0000	0.0000	0.0000	0.0000	0.0000	0.0000	0.0000	0.0000	0.0000	0.0000	0.0000	0.0000	0.0000	0.0000	0.0000	0.0014	0.0011	0.0003	0.0007	0.0007	0.0000	0.0007	0.0004	0.0003	0.0000	0.0000	0.0000	0.0000	0.0000	0.0000	0.0000	0.0000	0.0000	0.0000	0.0000	0.0000	0.0000	0.0000	0.0000	0.0000	0.0000	0.0000	0.0000	0.0000	0.0000	0.0000	0.0000	0.0000	0.0000	0.0000	0.0000											
102	111	0.6923	10	2	0	2	0	0	0	0	0	Y	N	Y	N	N	N	N	N	N	N	N	N	2.9657	4.6539	0.0000	10.7785	19.7599	0.0000	0.0000	0.0000	0.0000	0.0056	0.0065	0.0000	0.0176	0.0186	0.0000	0.0000	0.0000	0.0000	0.0019	0.0014	0.0033	0.0016	0.0009	0.0039	0.0027	0.0031	0.0021	0.0000	0.8803	-0.0001	0.0000	2.0948	1.6718	3.0326	2.9223	0.0001	0.0001	0.0000	0.0001	0.0001	0.0000	0.0000	0.0000	0.0000	0.0001	0.0001	0.0001	0.0001	0.0000	0.0000	0.0000	0.0000	0.0000	0.0265	0.0231	0.0033	0.0085	0.0080	0.0005	0.0180	0.0151	0.0029	0.0570	0.0415	0.0154	0.0427	0.0328	0.0099	0.0142	0.0087	0.0056	2.9657	4.6539	0.0000	10.7785	19.7599	0.0000	0.0000	0.0000	0.0000	0.0019	0.0014	0.0033	0.0016	0.0009	0.0039	0.0027	0.0031	0.0021
102	112	0.6088	9	2	0	2	0	0	0	0	0	Y	N	Y	N	N	N	N	N	N	N	N	N	19.6829	16.3079	1.5693	72.7919	60.9417	0.0000	0.0001	0.0000	5.9927	4.8824	5.5544	0.0001	13.9448	14.8463	0.0000	0.0000	0.0000	0.0002	0.2481	0.3406	0.0001	0.1916	0.2436	0.0001	0.3717	0.6181	0.0000	0.0000	0.0001	-0.4379	-0.0214	2.0948	14.0283	3.0326	7.1084	0.9926	0.9926	0.0000	0.9926	0.9926	0.0000	0.0000	0.0000	0.0000	0.0466	0.0466	0.0000	0.0247	0.0247	0.0000	0.0219	0.0219	0.0000	0.2033	0.1787	0.0246	0.0712	0.0669	0.0043	0.1321	0.1119	0.0203	0.1880	0.1369	0.0511	0.1291	0.1015	0.0276	0.0590	0.0355	0.0235	19.6829	16.3079	1.5693	72.7919	60.9417	0.0000	0.0001	0.0000	5.9927	0.2481	0.3406	0.0001	0.1916	0.2436	0.0001	0.3717	0.6181	0.0000
102	113	0.5485	8	1	0	1	0	0	0	0	0	N	N	N	N	N	N	N	N	N	N	N	N	1.9924	1.7160	4.5539	1.4893	3.1154	0.1049	2.6754	0.1757	8.0628	0.0624	0.0231	0.3529	0.0509	0.0538	0.0109	0.0700	0.0007	0.4521	0.0313	0.0135	0.0775	0.0342	0.0173	0.1035	0.0262	0.0040	0.0561	2.0626	2.2208	0.0025	0.0012	2.0948	8.6129	3.0326	5.1709	0.0107	0.0035	0.0072	0.0035	0.0034	0.0000	0.0072	0.0001	0.0071	0.0051	0.0016	0.0035	0.0036	0.0015	0.0021	0.0015	0.0001	0.0014	0.1714	0.1510	0.0204	0.0683	0.0638	0.0046	0.1030	0.0872	0.0158	0.1643	0.1186	0.0458	0.1054	0.0847	0.0207	0.0589	0.0338	0.0251	1.9924	1.7160	4.5539	1.4893	3.1154	0.1049	2.6754	0.1757	8.0628	0.0313	0.0135	0.0775	0.0342	0.0173	0.1035	0.0262	0.0040	0.0561
102	114	0.4534	7	1	0	1	0	0	0	0	0	N	N	N	N	N	N	N	N	N	N	N	N	18.6710	0.0053	71.3531	0.0029	0.0039	0.0043	116.1038	0.3022	329.5863	7.6320	0.0012	60.1650	0.0017	0.0013	0.0067	11.2631	0.0012	73.7849	0.4088	0.2334	0.8432	0.5896	0.3305	1.5702	0.0970	0.0040	0.2239	7031.8279	1.4580	1.1087	0.0206	2.0948	16.8607	3.0326	22.7724	1.9843	0.0003	1.9840	0.0001	0.0001	0.0000	1.9841	0.0002	1.9839	0.1529	0.0622	0.0907	0.1396	0.0619	0.0777	0.0133	0.0003	0.0130	0.2600	0.2270	0.0330	0.0838	0.0777	0.0061	0.1762	0.1493	0.0269	0.3742	0.2666	0.1076	0.2368	0.1873	0.0495	0.1374	0.0793	0.0581	18.6710	0.0053	71.3531	0.0029	0.0039	0.0043	116.1038	0.3022	329.5863	0.4088	0.2334	0.8432	0.5896	0.3305	1.5702	0.0970	0.0040	0.2239
102	115	0.0809	4	2	0	2	0	0	0	0	0	Y	N	Y	N	N	N	N	N	N	N	N	N	0.0000	0.0000	0.0000	0.0000	0.0000	0.0000	0.0000	0.0000	0.0000	0.0000	0.0000	0.0000	0.0000	0.0000	0.0000	0.0000	0.0000	0.0000	0.0008	0.0009	0.0005	0.0020	0.0019	0.0049	0.0001	0.0000	0.0002	0.2782	0.0000	-0.0000	2.0948	1.0009	3.0326	4.0038	0.0000	0.0000	0.0000	0.0000	0.0000	0.0000	0.0000	0.0000	0.0000	0.0001	0.0000	0.0000	0.0000	0.0000	0.0000	0.0000	0.0000	0.0000	0.0196	0.0158	0.0038	0.0038	0.0037	0.0002	0.0158	0.0121	0.0036	0.0696	0.0461	0.0235	0.0235	0.0223	0.0012	0.0461	0.0238	0.0222	0.0000	0.0000	0.0000	0.0000	0.0000	0.0000	0.0000	0.0000	0.0000	0.0008	0.0009	0.0005	0.0020	0.0019	0.0049	0.0001	0.0000	0.0002	
102	116	0.0526	3	2	0	2	0	0	0	0	0	Y	N	Y	N	N	N	N	N	N	N	N	N	0.6009	0.4854	1.4175	0.6602	0.8441	0.0261	0.7777	1.1730	2.0891	0.0356	0.0217	0.1223	0.0805	0.0823	0.0097	0.0229	0.0015	0.1268	0.0592	0.0447	0.0863	0.1220	0.0975	0.3722	0.0294	0.0013	0.0607	0.9043	1.0385	0.0001	0.0005	2.0948	1.8441	3.0326	10.4794	0.0015	0.0008	0.0007	0.0007	0.0007	0.0000	0.0007	0.0000	0.0007	0.0095	0.0047	0.0048	0.0063	0.0046	0.0017	0.0032	0.0001	0.0031	0.0419	0.0361	0.0058	0.0092	0.0090	0.0002	0.0326	0.0271	0.0056	0.1608	0.1046	0.0562	0.0518	0.0471	0.0046	0.1090	0.0574	0.0516	0.6009	0.4854	1.4175	0.6602	0.8441	0.0261	0.7777	1.1730	2.0891	0.0592	0.0447	0.0863	0.1220	0.0975	0.3722	0.0294	0.0013	0.0607
102	117	0.3406	5	1	1	1	1	0	0	0	0	N	N	N	N	N	N	N	N	N	N	N	N	0.0009	0.0007	0.0077	0.0007	0.0005	0.0260	0.0073	0.0068	0.0004	0.0017	0.0018	0.0013	0.0023	0.0020	0.0067	0.0014	0.0016	0.0000	1.9049	2.5989	0.1731	3.1178	3.7768	0.2579	0.1891	0.2401	0.1204	0.1065	0.0267	-0.0001	-0.3322	2.0948	10.5071	3.0326	20.2622	0.0003	0.0003	0.0000	0.0002	0.0001	0.0000	0.0002	0.0002	0.0000	0.7682	0.7483	0.0200	0.7367	0.7252	0.0114	0.0316	0.0230	0.0086	0.1998	0.1753	0.0245	0.0723	0.0675	0.0048	0.1276	0.1078	0.0198	0.4033	0.2879	0.1154	0.2363	0.1920	0.0442	0.1670	0.0959	0.0711	0.0009	0.0007	0.0077	0.0007	0.0005	0.0260	0.0073	0.0068	0.0004	1.9049	2.5989	0.1731	3.1178	3.7768	0.2579	0.1891	0.2401	0.1204
102	118	0.1045	4	1	1	1	1	0	0	0	0	N	N	N	N	N	N	N	N	N	N	N	N	0.0000	0.0000	0.0000	0.0000	0.0000	0.0000	0.0000	0.0000	0.0000	0.0000	0.0000	0.0000	0.0000	0.0000	0.0000	0.0000	0.0000	0.0000	0.1982	0.3003	0.0082	0.2544	0.3055	0.0016	0.1659	0.2956	0.0096	0.0147	0.0000	-0.0242	2.0948	4.0036	3.0326	26.5072	0.0000	0.0000	0.0000	0.0000	0.0000	0.0000	0.0000	0.0000	0.0000	0.0545	0.0537	0.0008	0.0255	0.0255	0.0000	0.0290	0.0282	0.0008	0.0579	0.0493	0.0085	0.0069	0.0065	0.0004	0.0510	0.0429	0.0081	0.2748	0.1787	0.0960	0.1002	0.0833	0.0168	0.1746	0.0954	0.0792	0.0000	0.0000	0.0000	0.0000	0.0000	0.0000	0.0000	0.0000	0.0000	0.1982	0.3003	0.0082	0.2544	0.3055	0.0016	0.1659	0.2956	0.0096	
102	119	0.1429	5	1	1	1	0	0	0	0	0	N	N	N	N	N	N	N	N	N	N	N	N	0.0563	0.0247	0.2778	0.0803	0.0363	11.2002	0.0274	0.1605	0.0738	0.0232	0.0110	0.0957	0.0628	0.0329	0.3876	0.0051	0.0000	0.0297	0.4118	0.4463	0.3446	0.7824	0.9062	0.0346	0.1856	0.0002	0.4031	1.4508	0.3970	0.0003	-0.0185	2.0948	3.8169	3.0326	21.2433	0.0022	0.0009	0.0013	0.0018	0.0009	0.0010	0.0003	0.0000	0.0003	0.1062	0.0760	0.0302	0.0765	0.0760	0.0005	0.0297	0.0000	0.0297	0.0931	0.0798	0.0133	0.0292	0.0267	0.0025	0.0640	0.0531	0.0109	0.2579	0.1703	0.0876	0.0977	0.0838	0.0139	0.1601	0.0865	0.0737	0.0563	0.0247	0.2778	0.0803	0.0363	11.2002	0.0274	0.1605	0.0738	0.4118	0.4463	0.3446	0.7824	0.9062	0.0346	0.1856	0.0002	0.4031
102	120	0.4886	9	1	1	1	0	0	0	0	0	N	N	N	N	N	N	N	N	N	N	N	N	2.3234	1.9997	0.0751	2.1038	1.8865	0.3245	20.6890	56.9470	0.0056	0.3108	0.3570	0.0015	0.4414	0.4806	0.0061	0.2383	0.2823	0.0001	0.1338	0.1785	0.0197	0.2098	0.2548	0.0188	0.0115	0.0050	0.0203	0.0006	0.0432	-0.0399	-0.0283	2.0948	16.3276	3.0326	34.9199	0.0906	0.0906	0.0001	0.0460	0.0459	0.0001	0.0447	0.0446	0.0000	0.0679	0.0651	0.0028	0.0657	0.0646	0.0011	0.0022	0.0006	0.0017	0.2916	0.2537	0.0378	0.1042	0.0956	0.0086	0.1874	0.1582	0.0292	0.5077	0.3647	0.1430	0.3131	0.2534	0.0597	0.1946	0.1113	0.0833	2.3234	1.9997	0.0751	2.1038	1.8865	0.3245	20.6890	56.9470	0.0056	0.1338	0.1785	0.0197	0.2098	0.2548	0.0188	0.0115	0.0050	0.0203
102	121	0.4712	8	1	1	1	0	0	0	0	0	N	N	N	N	N	N	N	N	N	N	N	N	0.2435	0.2598	0.1245	0.5455	0.4895	0.8872	0.1174	0.1266	0.0726	0.0861	0.0922	0.0435	0.1318	0.1354	0.0690	0.0631	0.0677	0.0393	0.3535	0.3549	0.3495	0.2416	0.2765	0.0777	0.5372	0.5344	0.5411	0.0679	0.3534	-0.0036	-0.0209	2.0948	6.1757	3.0326	14.5601	0.0096	0.0090	0.0006	0.0049	0.0048	0.0001	0.0047	0.0042	0.0005	0.1058	0.0782	0.0276	0.0449	0.0424	0.0025	0.0609	0.0358	0.0251	0.1116	0.0975	0.0140	0.0373	0.0353	0.0020	0.0742	0.0622	0.0120	0.2993	0.2203	0.0790	0.1861	0.1534	0.0327	0.1133	0.0669	0.0464	0.2435	0.2598	0.1245	0.5455	0.4895	0.8872	0.1174	0.1266	0.0726	0.3535	0.3549	0.3495	0.2416	0.2765	0.0777	0.5372	0.5344	0.5411
102	122	0.4182	7	1	0	1	0	0	0	0	0	N	N	N	N	N	N	N	N	N	N	N	N	0.0272	0.0272	0.0237	0.0600	0.0459	0.9876	0.0142	0.0147	0.0041	0.0060	0.0062	0.0048	0.0081	0.0072	0.0219	0.0048	0.0055	0.0012	0.2210	0.2275	0.2040	0.1349	0.1570	0.0222	0.3425	0.3757	0.3000	0.1104	0.3450	-0.0003	-0.0158	2.0948	7.5400	3.0326	21.4192	0.0009	0.0008	0.0001	0.0004	0.0004	0.0001	0.0004	0.0004	0.0000	0.0782	0.0581	0.0201	0.0279	0.0272	0.0008	0.0503	0.0310	0.0193	0.1430	0.1254	0.0177	0.0518	0.0487	0.0031	0.0912	0.0766	0.0146	0.3538	0.2555	0.0983	0.2071	0.1731	0.0339	0.1468	0.0824	0.0644	0.0272	0.0272	0.0237	0.0600	0.0459	0.9876	0.0142	0.0147	0.0041	0.2210	0.2275	0.2040	0.1349	0.1570	0.0222	0.3425	0.3757	0.3000
102	123	0.0305	2	1	1	1	0	0	0	0	0	N	N	N	N	N	N	N	N	N	N	N	N	0.0003	0.0004	0.0000	0.0015	0.0015	0.0000	0.0000	0.0000	0.0000	0.0000	0.0000	0.0000	0.0003	0.0003	0.0000	0.0000	0.0000	0.0000	0.0736	0.0625	0.0913	0.1713	0.1738	0.0015	0.0454	0.0005	0.0921	0.0000	0.9103	-0.0000	0.0003	2.0948	4.0019	3.0326	19.5615	0.0000	0.0000	0.0000	0.0000	0.0000	0.0000	0.0000	0.0000	0.0000	0.0193	0.0101	0.0092	0.0100	0.0100	0.0000	0.0092	0.0000	0.0092	0.0638	0.0543	0.0095	0.0060	0.0057	0.0003	0.0579	0.0486	0.0092	0.2617	0.1612	0.1005	0.0585	0.0577	0.0008	0.2031	0.1035	0.0996	0.0003	0.0004	0.0000	0.0015	0.0015	0.0000	0.0000	0.0000	0.0000	0.0736	0.0625	0.0913	0.1713	0.1738	0.0015	0.0454	0.0005	0.0921
102	126	0.1416	6	1	1	1	0	0	0	0	0	N	N	N	N	N	N	N	N	N	N	N	N	0.0000	0.0000	0.0000	0.0000	0.0000	0.0000	0.0000	0.0000	0.0000	0.0000	0.0000	0.0000	0.0000	0.0000	0.0000	0.0000	0.0000	0.0000	0.0076	0.0114	0.0003	0.0139	0.0168	0.0006	0.0032	0.0057	0.0002	0.0118	0.0000	-0.0008	2.0948	5.0407	3.0326	17.1705	0.0000	0.0000	0.0000	0.0000	0.0000	0.0000	0.0000	0.0000	0.0000	0.0017	0.0017	0.0000	0.0013	0.0013	0.0000	0.0004	0.0004	0.0000	0.0819	0.0699	0.0120	0.0144	0.0136	0.0007	0.0675	0.0562	0.0113	0.2207	0.1457	0.0750	0.0909	0.0749	0.0160	0.1298	0.0707	0.0590	0.0000	0.0000	0.0000	0.0000	0.0000	0.0000	0.0000	0.0000	0.0000	0.0076	0.0114	0.0003	0.0139	0.0168	0.0006	0.0032	0.0057	0.0002	
102	127	0.1256	5	1	1	1	0	0	0	0	0	N	N	N	N	N	N	N	N	N	N	N	N	0.0000	0.0000	0.0000	0.0000	0.0000	0.0000	0.0000	0.0000	0.0000	0.0000	0.0000	0.0000	0.0000	0.0000	0.0000	0.0000	0.0000	0.0000	0.0247	0.0318	0.0081	0.0297	0.0294	0.0314	0.0208	0.0346	0.0019	0.1102	0.0000	-0.0010	2.0948	1.9703	3.0326	6.2034	0.0000	0.0000	0.0000	0.0000	0.0000	0.0000	0.0000	0.0000	0.0000	0.0028	0.0025	0.0003	0.0015	0.0012	0.0002	0.0013	0.0013	0.0001	0.0348	0.0297	0.0051	0.0072	0.0069	0.0003	0.0276	0.0228	0.0048	0.1119	0.0781	0.0338	0.0489	0.0418	0.0071	0.0630	0.0364	0.0267	0.0000	0.0000	0.0000	0.0000	0.0000	0.0000	0.0000	0.0000	0.0000	0.0247	0.0318	0.0081	0.0297	0.0294	0.0314	0.0208	0.0346	0.0019	
102	128	0.1045	4	1	0	1	0	0	0	0	0	N	N	N	N	N	N	N	N	N	N	N	N	0.0000	0.0000	0.0000	0.0000	0.0000	0.0000	0.0000	0.0000	0.0000	0.0000	0.0000	0.0000	0.0000	0.0000	0.0000	0.0000	0.0000	0.0000	0.4988	0.7365	0.0405	0.5645	0.6734	0.0114	0.4534	0.8045	0.0476	0.0285	0.0000	-0.0227	2.0948	1.1032	3.0326	7.8190	0.0000	0.0000	0.0000	0.0000	0.0000	0.0000	0.0000	0.0000	0.0000	0.0527	0.0512	0.0015	0.0244	0.0243	0.0001	0.0283	0.0270	0.0014	0.0163	0.0139	0.0024	0.0020	0.0019	0.0001	0.0143	0.0120	0.0023	0.1057	0.0696	0.0361	0.0432	0.0361	0.0071	0.0625	0.0335	0.0290	0.0000	0.0000	0.0000	0.0000	0.0000	0.0000	0.0000	0.0000	0.0000	0.4988	0.7365	0.0405	0.5645	0.6734	0.0114	0.4534	0.8045	0.0476	
102	129	0.4475	8	1	1	1	0	0	0	0	0	N	N	N	N	N	N	N	N	N	N	N	N	0.0000	0.0000	0.0000	0.0000	0.0000	0.0000	0.0000	0.0000	0.0000	0.0000	0.0000	0.0000	0.0000	0.0000	0.0000	0.0000	0.0000	0.0000	0.0433	0.0380	0.0603	0.0500	0.0541	0.0070	0.0339	0.0001	0.0747	0.5009	0.0000	-0.0006	2.0948	1.0033	3.0326	0.8635	0.0000	0.0000	0.0000	0.0000	0.0000	0.0000	0.0000	0.0000	0.0000	0.0049	0.0032	0.0016	0.0033	0.0032	0.0000	0.0016	0.0000	0.0016	0.0463	0.0421	0.0042	0.0264	0.0251	0.0013	0.0199	0.0170	0.0029	0.1125	0.0855	0.0270	0.0657	0.0600	0.0057	0.0467	0.0255	0.0212	0.0000	0.0000	0.0000	0.0000	0.0000	0.0000	0.0000	0.0000	0.0000	0.0433	0.0380	0.0603	0.0500	0.0541	0.0070	0.0339	0.0001	0.0747	
102	130	0.4182	7	1	0	1	0	0	0	0	0	N	N	N	N	N	N	N	N	N	N	N	N	0.0002	0.0002	0.0001	0.0003	0.0002	0.0113	0.0001	0.0015	0.0000	0.0001	0.0001	0.0001	0.0001	0.0001	0.0005	0.0000	0.0000	0.0000	0.4796	0.3636	0.7995	0.4501	0.5173	0.0466	0.5212	0.0320	1.1435	0.1776	0.7974	-0.0000	-0.0019	2.0948	5.5514	3.0326	9.9598	0.0000	0.0000	0.0000	0.0000	0.0000	0.0000	0.0000	0.0000	0.0000	0.1278	0.0711	0.0567	0.0701	0.0691	0.0010	0.0576	0.0020	0.0557	0.1148	0.1008	0.0140	0.0443	0.0417	0.0026	0.0705	0.0591	0.0114	0.2664	0.1955	0.0709	0.1558	0.1336	0.0222	0.1106	0.0619	0.0487	0.0002	0.0002	0.0001	0.0003	0.0002	0.0113	0.0001	0.0015	0.0000	0.4796	0.3636	0.7995	0.4501	0.5173	0.0466	0.5212	0.0320	1.1435
102	131	0.3879	6	1	0	1	0	0	0	0	0	N	N	N	N	N	N	N	N	N	N	N	N	0.0043	0.0037	0.0068	0.0064	0.0050	0.1429	0.0036	0.0042	0.0020	0.0011	0.0011	0.0010	0.0019	0.0018	0.0043	0.0007	0.0007	0.0004	0.2532	0.2959	0.1409	0.2947	0.3525	0.0299	0.1920	0.1782	0.2112	0.1212	0.1813	-0.0001	-0.0253	2.0948	9.1969	3.0326	13.4651	0.0002	0.0002	0.0000	0.0001	0.0001	0.0000	0.0001	0.0001	0.0000	0.0831	0.0703	0.0127	0.0576	0.0566	0.0010	0.0255	0.0138	0.0117	0.1666	0.1463	0.0203	0.0535	0.0506	0.0028	0.1131	0.0957	0.0174	0.3281	0.2376	0.0905	0.1955	0.1604	0.0350	0.1326	0.0772	0.0554	0.0043	0.0037	0.0068	0.0064	0.0050	0.1429	0.0036	0.0042	0.0020	0.2532	0.2959	0.1409	0.2947	0.3525	0.0299	0.1920	0.1782	0.2112
102	132	0.2014	8	2	1	1	1	0	0	0	0	Y	N	N	N	N	N	N	N	N	N	N	N	0.0000	0.0000	0.0000	0.0000	0.0000	0.0000	0.0000	0.0000	0.0000	0.0000	0.0000	0.0000	0.0000	0.0000	0.0000	0.0000	0.0509	0.0773	0.0008	0.1361	0.1618	0.0000	0.0004	0.0000	0.0009	0.0053	0.0000	-0.0009	2.0948	1.0000	3.0326	3.0001	0.0000	0.0000	0.0000	0.0000	0.0000	0.0000	0.0000	0.0000	0.0000	0.0019	0.0019	0.0000	0.0019	0.0019	0.0000	0.0000	0.0000	0.0000	0.0154	0.0129	0.0025	0.0027	0.0022	0.0004	0.0127	0.0107	0.0020	0.0375	0.0246	0.0129	0.0140	0.0117	0.0022	0.0235	0.0128	0.0107	0.0000	0.0000	0.0000	0.0000	0.0000	0.0000	0.0000	0.0000	0.0000	0.0509	0.0773	0.0008	0.1361	0.1618	0.0000	0.0004	0.0000	0.0009			
102	133	0.6003	12	2	1	1	1	0	0	0	0	Y	N	N	N	N	N	N	N	N	N	N	N	0.0000	0.0000	0.0000	0.0000	0.0000	0.0000	0.0000	0.0000	0.0000	0.0000	0.0000	0.0000	0.0000	0.0000	0.0000	0.0006	0.0000	0.0022	0.0011	0.0000	0.0055	0.0000	0.0000	0.0000	1040.1596	0.0000	0.0000	2.0948	0.0006	3.0326	1.9797	0.0000	0.0000	0.0000	0.0000	0.0000	0.0000	0.0000	0.0000	0.0000	0.0000	0.0000	0.0000	0.0000	0.0000	0.0000	0.0000	0.0000	0.0000	0.0000	0.0000	0.0000	0.0000	0.0000	0.0000	0.0000	0.0000	0.0000	0.0152	0.0108	0.0044	0.0092	0.0074	0.0018	0.0060	0.0033	0.0026	0.0000	0.0000	0.0000	0.0000	0.0000	0.0000	0.0000	0.0000	0.0000	0.0006	0.0000	0.0022	0.0011	0.0000	0.0055	0.0000	0.0000	0.0000				
102	134	0.5835	11	2	1	1	1	0	0	0	0	Y	N	N	N	N	N	N	N	N	N	N	N	0.0000	0.0000	0.0000	0.0000	0.0000	0.0000	0.0000	0.0000	0.0000	0.0000	0.0000	0.0000	0.0000	0.0000	0.0000	0.0000	0.0000	0.0002	0.0003	0.0001	0.0003	0.0004	0.0001	0.0000	0.0000	0.0000	0.0899	0.0000	-0.0000	2.0948	2.0077	3.0326	6.0321	0.0000	0.0000	0.0000	0.0000	0.0000	0.0000	0.0000	0.0000	0.0000	0.0000	0.0000	0.0000	0.0000	0.0000	0.0000	0.0000	0.0000	0.0000	0.0305	0.0267	0.0039	0.0109	0.0101	0.0007	0.0196	0.0165	0.0031	0.0566	0.0398	0.0168	0.0342	0.0272	0.0070	0.0224	0.0126	0.0098	0.0000	0.0000	0.0000	0.0000	0.0000	0.0000	0.0000	0.0000	0.0000	0.0002	0.0003	0.0001	0.0003	0.0004	0.0001	0.0000	0.0000	0.0000		
102	135	0.5788	11	1	1	1	1	0	0	0	0	N	N	N	N	N	N	N	N	N	N	N	N	0.3002	0.3319	0.5329	1.5039	0.7467	22.6148	0.0125	0.0021	0.0364	0.0008	0.0005	0.0031	0.0023	0.0013	0.0163	0.0001	0.0000	0.0004	0.0028	0.0015	0.0059	0.0015	0.0018	0.0007	0.0051	0.0006	0.0104	0.9855	1.7105	0.0000	0.0000	2.0948	3.0348	3.0326	9.3583	0.0000	0.0000	0.0000	0.0000	0.0000	0.0000	0.0000	0.0000	0.0000	0.0003	0.0001	0.0002	0.0001	0.0001	0.0000	0.0002	0.0000	0.0002	0.0469	0.0407	0.0062	0.0160	0.0149	0.0011	0.0309	0.0258	0.0051	0.0979	0.0689	0.0290	0.0642	0.0506	0.0136	0.0338	0.0183	0.0155	0.3002	0.3319	0.5329	1.5039	0.7467	22.6148	0.0125	0.0021	0.0364	0.0028	0.0015	0.0059	0.0015	0.0018	0.0007	0.0051	0.0006	0.0104
102	136	0.5645	10	1	0	1	1	0	0	0	0	N	N	N	N	N	N	N	N	N	N	N	N	0.1170	0.1598	0.0291	0.1883	0.1562	0.6600	0.0728	1.2212	0.0179	0.0505	0.0558	0.0181	0.0694	0.0735	0.0012	0.0398	0.0442	0.0210	0.4317	0.3494	0.6241	0.3688	0.4703	0.0019	0.5461	0.0362	1.1693	0.0534	0.7637	-0.0000	-0.0006	2.0948	0.0433	3.0326	6.6805	0.0000	0.0000	0.0000	0.0000	0.0000	0.0000	0.0000	0.0000	0.0000	0.0218	0.0124	0.0094	0.0120	0.0120	0.0000	0.0098	0.0004	0.0094	0.0008	0.0007	0.0001	0.0003	0.0003	0.0000	0.0005	0.0004	0.0001	0.0505	0.0353	0.0151	0.0326	0.0255	0.0071	0.0179	0.0098	0.0081	0.1170	0.1598	0.0291	0.1883	0.1562	0.6600	0.0728	1.2212	0.0179	0.4317	0.3494	0.6241	0.3688	0.4703	0.0019	0.5461	0.0362	1.1693
102	137	0.2310	10	1	1	1	1	0	0	0	0	N	N	N	N	N	N	N	N	N	N	N	N	0.0000	0.0000	0.0000	0.0000	0.0000	0.0000	0.0000	0.0000	0.0000	0.0000	0.0000	0.0000	0.0000	0.0000	0.0000	0.0000	0.0000	0.0000	0.0000	0.0000	2.0948	0.0000	3.0326	0.0000	0.0000	0.0000	0.0000	0.0000	0.0000	0.0000	0.0000	0.0000	0.0000	0.0000	0.0000	0.0000	0.0000	0.0000	0.0000	0.0000	0.0000	0.0000	0.0000	0.0000	0.0000	0.0000	0.0000	0.0000	0.0000	0.0000	0.0000	0.0000	0.0000	0.0000	0.0000	0.0000	0.0000	0.0000	0.0000	0.0000	0.0000	0.0000	0.0000	0.0000	0.0000	0.0000	0.0000	0.0000	0.0000	0.0000	0.0000	0.0000	0.0000	0.0000	0.0000	0.0000	0.0000	0.0000											
102	138	0.2259	9	1	1	1	1	0	0	0	0	N	N	N	N	N	N	N	N	N	N	N	N	0.0000	0.0000	0.0000	0.0000	0.0000	0.0000	0.0000	0.0000	0.0000	0.0000	0.0000	0.0000	0.0000	0.0000	0.0000	0.0000	0.0000	0.0000	0.0001	0.0000	0.0000	0.0000	0.0000	0.0000	0.0001	8.1420	0.0000	0.0000	2.0948	0.0021	3.0326	2.0000	0.0000	0.0000	0.0000	0.0000	0.0000	0.0000	0.0000	0.0000	0.0000	0.0000	0.0000	0.0000	0.0000	0.0000	0.0000	0.0000	0.0000	0.0000	0.0001	0.0001	0.0000	0.0001	0.0001	0.0000	0.0000	0.0000	0.0000	0.0177	0.0116	0.0061	0.0070	0.0058	0.0011	0.0107	0.0057	0.0050	0.0000	0.0000	0.0000	0.0000	0.0000	0.0000	0.0000	0.0000	0.0000	0.0000	0.0000	0.0001	0.0000	0.0000	0.0000	0.0000	0.0000	0.0001			
102	139	0.2157	8	1	0	1	1	0	0	0	0	N	N	N	N	N	N	N	N	N	N	N	N	0.0000	0.0000	0.0000	0.0000	0.0000	0.0000	0.0000	0.0000	0.0000	0.0000	0.0000	0.0000	0.0000	0.0000	0.0000	0.0000	0.0364	0.0060	0.0955	0.0102	0.0121	0.0000	0.0530	0.0000	0.1164	8.1420	0.0000	0.0006	2.0948	1.0020	3.0326	3.0181	0.0000	0.0000	0.0000	0.0000	0.0000	0.0000	0.0000	0.0000	0.0000	0.0014	0.0001	0.0012	0.0001	0.0001	0.0000	0.0012	0.0000	0.0012	0.0154	0.0129	0.0025	0.0027	0.0023	0.0004	0.0127	0.0107	0.0020	0.0376	0.0249	0.0128	0.0146	0.0123	0.0023	0.0230	0.0125	0.0105	0.0000	0.0000	0.0000	0.0000	0.0000	0.0000	0.0000	0.0000	0.0000	0.0364	0.0060	0.0955	0.0102	0.0121	0.0000	0.0530	0.0000	0.1164			
102	140	0.2014	8	1	1	1	0	0	0	0	0	N	N	N	N	N	N	N	N	N	N	N	N	0.0000	0.0000	0.0000	0.0000	0.0000	0.0000	0.0000	0.0000	0.0000	0.0000	0.0000	0.0000	0.0000	0.0000	0.0000	0.0000	0.0000	0.0000	0.0000	0.0000	2.0948	0.0000	3.0326	4.0001	0.0000	0.0000	0.0000	0.0000	0.0000	0.0000	0.0000	0.0000	0.0000	0.0000	0.0000	0.0000	0.0000	0.0000	0.0000	0.0000	0.0000	0.0000	0.0000	0.0000	0.0000	0.0000	0.0000	0.0000	0.0000	0.0000	0.0000	0.0375	0.0246	0.0129	0.0140	0.0117	0.0022	0.0235	0.0128	0.0107	0.0000	0.0000	0.0000	0.0000	0.0000	0.0000	0.0000	0.0000	0.0000	0.0000	0.0000	0.0000	0.0000	0.0000	0.0000	0.0000	0.0000	0.0000											
102	141	0.5790	10	1	1	1	0	0	0	0	0	N	N	N	N	N	N	N	N	N	N	N	N	1.0577	1.7726	0.0000	0.0000	0.0000	0.0000	115.1430	274.8549	0.0000	0.0046	0.0053	0.0000	0.0000	0.0000	0.0000	0.0071	0.0085	0.0000	0.0043	0.0030	0.0076	0.0071	0.0043	0.0180	0.0001	0.0000	0.0001	0.0000	1.0816	-0.0000	0.0000	2.0948	1.0003	3.0326	5.0186	0.0001	0.0001	0.0000	0.0000	0.0000	0.0000	0.0001	0.0001	0.0000	0.0002	0.0001	0.0001	0.0002	0.0001	0.0001	0.0000	0.0000	0.0000	0.0152	0.0133	0.0019	0.0054	0.0051	0.0004	0.0098	0.0083	0.0015	0.0434	0.0305	0.0129	0.0262	0.0208	0.0054	0.0171	0.0097	0.0075	1.0577	1.7726	0.0000	0.0000	0.0000	0.0000	115.1430	274.8549	0.0000	0.0043	0.0030	0.0076	0.0071	0.0043	0.0180	0.0001	0.0000	0.0001
102	142	0.2157	8	1	0	2	1	0	0	0	0	N	N	Y	N	N	N	N	N	N	N	N	N	0.0000	0.0000	0.0000	0.0000	0.0000	0.0000	0.0000	0.0000	0.0000	0.0000	0.0000	0.0000	0.0000	0.0000	0.0000	0.0000	0.0000	0.3360	0.5085	0.0000	0.4640	0.5507	0.0000	0.2546	0.4670	0.0000	0.0000	0.0000	-0.0127	2.0948	0.0001	3.0326	9.0026	0.0000	0.0000	0.0000	0.0000	0.0000	0.0000	0.0000	0.0000	0.0000	0.0277	0.0277	0.0000	0.0149	0.0149	0.0000	0.0128	0.0128	0.0000	0.0000	0.0000	0.0000	0.0000	0.0000	0.0000	0.0000	0.0000	0.0000	0.0825	0.0545	0.0280	0.0321	0.0270	0.0050	0.0504	0.0275	0.0229	0.0000	0.0000	0.0000	0.0000	0.0000	0.0000	0.0000	0.0000	0.0000	0.3360	0.5085	0.0000	0.4640	0.5507	0.0000	0.2546	0.4670	0.0000		
102	143	0.5645	10	1	0	2	1	0	0	0	0	N	N	Y	N	N	N	N	N	N	N	N	N	0.0208	0.0317	0.0000	0.0226	0.0190	0.0000	0.0165	81.7404	0.0000	0.0132	0.0152	0.0000	0.0118	0.0126	0.0000	0.0139	0.0166	0.0000	0.6335	0.4786	0.9957	0.5191	0.6638	0.0003	0.8421	0.0002	1.8776	0.0000	0.8904	-0.0002	0.0006	2.0948	2.0061	3.0326	8.0425	0.0004	0.0004	0.0000	0.0001	0.0001	0.0000	0.0003	0.0003	0.0000	0.0468	0.0247	0.0220	0.0247	0.0247	0.0000	0.0220	0.0000	0.0220	0.0303	0.0264	0.0039	0.0102	0.0095	0.0007	0.0201	0.0169	0.0032	0.0738	0.0517	0.0221	0.0477	0.0373	0.0104	0.0262	0.0144	0.0117	0.0208	0.0317	0.0000	0.0226	0.0190	0.0000	0.0165	81.7404	0.0000	0.6335	0.4786	0.9957	0.5191	0.6638	0.0003	0.8421	0.0002	1.8776
102	144	0.5554	9	1	0	1	1	0	0	0	0	N	N	N	N	N	N	N	N	N	N	N	N	0.0000	0.0000	0.0000	0.0000	0.0000	0.0000	0.0000	0.0000	0.0000	0.0000	0.0000	0.0000	0.0000	0.0000	0.0000	0.0000	0.0000	0.0000	0.0079	0.0077	0.0084	0.0077	0.0091	0.0007	0.0081	0.0046	0.0130	0.3944	0.0000	-0.0001	2.0948	1.9550	3.0326	2.1189	0.0000	0.0000	0.0000	0.0000	0.0000	0.0000	0.0000	0.0000	0.0000	0.0003	0.0002	0.0001	0.0002	0.0002	0.0000	0.0001	0.0000	0.0001	0.0316	0.0274	0.0042	0.0121	0.0111	0.0010	0.0195	0.0163	0.0032	0.0437	0.0321	0.0116	0.0263	0.0220	0.0043	0.0175	0.0102	0.0073	0.0000	0.0000	0.0000	0.0000	0.0000	0.0000	0.0000	0.0000	0.0000	0.0079	0.0077	0.0084	0.0077	0.0091	0.0007	0.0081	0.0046	0.0130	
102	145	0.5554	9	1	0	2	1	0	0	0	0	N	N	Y	N	N	N	N	N	N	N	N	N	0.0000	0.0000	0.0000	0.0000	0.0000	0.0000	0.0000	0.0000	0.0000	0.0000	0.0000	0.0000	0.0000	0.0000	0.0000	0.0000	0.0000	0.0000	0.3709	0.5231	0.0009	0.5910	0.7414	0.0020	0.0018	0.0032	0.0000	0.0007	0.0000	-0.0266	2.0948	2.1261	3.0326	18.6477	0.0000	0.0000	0.0000	0.0000	0.0000	0.0000	0.0000	0.0000	0.0000	0.0581	0.0581	0.0000	0.0580	0.0580	0.0000	0.0001	0.0001	0.0000	0.0341	0.0296	0.0045	0.0130	0.0119	0.0011	0.0212	0.0177	0.0034	0.1568	0.1111	0.0457	0.0982	0.0782	0.0200	0.0586	0.0329	0.0257	0.0000	0.0000	0.0000	0.0000	0.0000	0.0000	0.0000	0.0000	0.0000	0.3709	0.5231	0.0009	0.5910	0.7414	0.0020	0.0018	0.0032	0.0000	
102	146	0.2157	8	1	0	2	1	0	0	0	0	N	N	Y	N	N	N	N	N	N	N	N	N	6.0538	4.7705	0.0000	49.0881	49.4906	3.1964	2.0762	0.0000	0.0091	0.0109	0.0000	0.0186	0.0223	0.0000	0.0071	0.0085	0.0000	0.0015	0.0023	0.0000	0.0004	0.0005	0.0000	0.0022	0.0041	0.0000	0.0000	0.0010	-0.0001	-0.0001	2.0948	2.0001	3.0326	5.9880	0.0003	0.0003	0.0000	0.0001	0.0001	0.0000	0.0002	0.0002	0.0000	0.0001	0.0001	0.0000	0.0000	0.0000	0.0000	0.0001	0.0001	0.0000	0.0306	0.0257	0.0049	0.0054	0.0045	0.0009	0.0253	0.0212	0.0040	0.0735	0.0486	0.0249	0.0286	0.0241	0.0045	0.0449	0.0245	0.0204	6.0538	4.7705	0.0000	49.0881	49.4906	0.0000	3.1964	2.0762	0.0000	0.0015	0.0023	0.0000	0.0004	0.0005	0.0000	0.0022	0.0041	0.0000	
102	147	0.2157	8	1	0	2	1	0	0	0	0	N	N	Y	N	N	N	N	N	N	N	N	N	0.0000	0.0000	0.0000	0.0000	0.0000	0.0000	0.0000	0.0000	0.0000	0.0000	0.0000	0.0000	0.0000	0.0000	0.0000	0.0000	0.0000	0.0000	0.0019	0.0004	0.0047	0.0006	0.0006	0.0006	0.0027	0.0002	0.0056	6.0709	0.0000	0.0002	2.0948	9.0001	3.0326	23.0169	0.0000	0.0000	0.0000	0.0000	0.0000	0.0000	0.0000	0.0000	0.0000	0.0005	0.0001	0.0004	0.0001	0.0001	0.0000	0.0004	0.0000	0.0004	0.1334	0.1122	0.0211	0.0232	0.0195	0.0037	0.1102	0.0928	0.0174	0.2676	0.1768	0.0908	0.1032	0.0867	0.0165	0.1644	0.0900	0.0744	0.0000	0.0000	0.0000	0.0000	0.0000	0.0000	0.0000	0.0000	0.0000	0.0019	0.0004	0.0047	0.0006	0.0006	0.0006	0.0027	0.0002	0.0056	
102	148	0.1904	7	1	0	1	1	0	0	0	0	N	N	N	N	N	N	N	N	N	N	N	N	0.0521	0.0526	0.0003	0.0717	0.0729	0.1540	0.0884	50.4603	0.0000	0.0021	0.0025	0.0000	0.0059	0.0070	0.0000	0.0013	0.0015	0.0000	0.0400	0.0472	0.0261	0.0820	0.0967	0.0003	0.0143	0.0000	0.0313	0.0006	0.2866	-0.0000	-0.0009	2.0948	1.9990	3.0326	7.9526	0.0001	0.0001	0.0000	0.0000	0.0000	0.0000	0.0000	0.0000	0.0000	0.0039	0.0030	0.0009	0.0030	0.0030	0.0000	0.0009	0.0000	0.0009	0.0309	0.0259	0.0050	0.0055	0.0045	0.0009	0.0254	0.0213	0.0041	0.0966	0.0636	0.0330	0.0366	0.0310	0.0056	0.0600	0.0326	0.0274	0.0521	0.0526	0.0003	0.0717	0.0729	0.1540	0.0884	50.4603	0.0000	0.0400	0.0472	0.0261	0.0820	0.0967	0.0003	0.0143	0.0000	0.0313
102	149	0.1585	6	2	1	1	0	0	0	0	0	Y	N	N	N	N	N	N	N	N	N	N	N	0.1210	134.4774	0.0001	6.8988	166.0010	0.0043	0.0644	115.5340	0.0000	0.2857	0.3525	0.0009	0.3378	0.4536	0.0015	0.2478	0.2886	0.0001	2.3609	0.0026	7.4291	0.0490	0.0027	0.3571	3.8502	0.0025	7.7987	0.0006	1387.3332	-0.0174	0.3194	2.0948	5.3497	3.0326	17.2225	0.0395	0.0395	0.0000	0.0197	0.0197	0.0000	0.0198	0.0198	0.0000	0.5905	0.0004	0.5901	0.0048	0.0002	0.0046	0.5857	0.0002	0.5855	0.1384	0.1121	0.0263	0.0583	0.0434	0.0149	0.0800	0.0687	0.0113	0.2501	0.1623	0.0879	0.0980	0.0852	0.0128	0.1521	0.0770	0.0751	0.1210	134.4774	0.0001	6.8988	166.0010	0.0043	0.0644	115.5340	0.0000	2.3609	0.0026	6.7158	0.0490	0.0027	0.3571	3.8502	0.0025	7.7987
102	150	0.1893	7	1	1	1	0	0	0	0	0	N	N	N	N	N	N	N	N	N	N	N	N	0.0523	20.3793	0.0254	34.5826	24.4078	51.9794	0.0011	0.5036	0.0018	0.2572	0.1578	0.7149	0.5152	0.3348	1.1818	0.0082	0.0006	0.0531	4.9145	0.0077	28.1678	0.0149	0.0137	0.0227	7.2309	0.0013	30.1471	0.9839	841.8099	0.0018	0.5245	2.0948	3.6794	3.0326	17.4287	0.0336	0.0170	0.0167	0.0331	0.0169	0.0162	0.0005	0.0000	0.0005	0.9705	0.0012	0.9694	0.0013	0.0011	0.0003	0.9692	0.0001	0.9691	0.1308	0.1075	0.0233	0.0642	0.0505	0.0137	0.0666	0.0569	0.0097	0.2231	0.1487	0.0744	0.0891	0.0774	0.0117	0.1340	0.0713	0.0627	0.0591	20.3793	0.0548	34.5826	24.4078	51.9794	0.0011	0.5036	0.0034	4.3504	0.0077	13.0352	0.0149	0.0137	0.0227	7.2309	0.0013	15.4584
102	151	0.1585	6	1	1	1	0	0	0	0	0	N	N	N	N	N	N	N	N	N	N	N	N	0.1216	0.6545	0.0515	0.9048	0.6934	2.3961	0.0208	2.0217	0.0019	0.4798	0.3830	0.8650	0.8519	0.6880	1.2941	0.1219	0.1358	0.0319	3.9449	0.5851	16.7889	0.9416	0.9921	0.5401	5.8542	0.0672	16.6682	0.5680	9.1433	-0.0042	0.3072	2.0948	3.4464	3.0326	10.1316	0.0535	0.0341	0.0194	0.0465	0.0274	0.0191	0.0069	0.0067	0.0002	0.6934	0.0684	0.6250	0.0694	0.0649	0.0044	0.6240	0.0035	0.6206	0.1114	0.0890	0.0224	0.0546	0.0398	0.0148	0.0568	0.0492	0.0076	0.1802	0.1168	0.0634	0.0737	0.0654	0.0082	0.1066	0.0514	0.0552	0.1247	0.6545	0.0878	0.9048	0.6934	2.3961	0.0208	2.0217	0.0028	3.8467	0.5851	9.8537	0.9416	0.9921	0.5401	5.8542	0.0672	11.2440
102	152	0.5858	12	2	1	1	0	0	0	0	0	Y	N	N	N	N	N	N	N	N	N	N	N	0.0000	0.0000	0.0000	0.0000	0.0000	0.0000	0.0000	0.0000	0.0000	0.0000	0.0000	0.0000	0.0000	0.0000	0.0000	0.0000	0.0000	0.0152	0.0024	0.0456	0.0028	0.0035	0.0000	0.0340	0.0000	0.0781	8.1424	0.0000	0.0006	2.0948	1.0143	3.0326	12.0086	0.0000	0.0000	0.0000	0.0000	0.0000	0.0000	0.0000	0.0000	0.0000	0.0014	0.0001	0.0012	0.0001	0.0001	0.0000	0.0012	0.0000	0.0012	0.0157	0.0137	0.0020	0.0057	0.0053	0.0004	0.0100	0.0084	0.0016	0.0900	0.0633	0.0267	0.0542	0.0431	0.0111	0.0358	0.0202	0.0156	0.0000	0.0000	0.0000	0.0000	0.0000	0.0000	0.0000	0.0000	0.0000	0.0152	0.0024	0.0456	0.0028	0.0035	0.0000	0.0340	0.0000	0.0781		
102	153	0.5835	11	2	1	1	0	0	0	0	0	Y	N	N	N	N	N	N	N	N	N	N	N	0.0000	0.0000	0.0000	0.0000	0.0000	0.0000	0.0000	0.0000	0.0000	0.0000	0.0000	0.0000	0.0000	0.0000	0.0000	0.0000	0.0000	0.0005	0.0002	0.0011	0.0004	0.0003	0.0008	0.0005	0.0000	0.0012	2.2449	0.0000	0.0000	2.0948	0.9811	3.0326	0.0216	0.0000	0.0000	0.0000	0.0000	0.0000	0.0000	0.0000	0.0000	0.0000	0.0000	0.0000	0.0000	0.0000	0.0000	0.0000	0.0000	0.0000	0.0000	0.0150	0.0131	0.0019	0.0054	0.0050	0.0004	0.0097	0.0081	0.0015	0.0073	0.0051	0.0022	0.0044	0.0035	0.0009	0.0029	0.0016	0.0013	0.0000	0.0000	0.0000	0.0000	0.0000	0.0000	0.0000	0.0000	0.0000	0.0005	0.0002	0.0011	0.0004	0.0003	0.0008	0.0005	0.0000	0.0012		
102	154	0.5790	10	2	1	1	0	0	0	0	0	Y	N	N	N	N	N	N	N	N	N	N	N	38.7281	64.8793	0.0000	0.0000	0.0000	0.0000	2675.1437	3436.3930	0.0000	0.4846	0.5578	0.0000	0.0000	0.0000	0.0000	0.8261	0.9859	0.0000	0.0125	0.0086	0.0218	0.0204	0.0124	0.0512	0.0003	0.0003	0.0003	0.0000	1.0660	-0.0000	0.0000	2.0948	0.0083	3.0326	2.0001	0.0001	0.0001	0.0000	0.0000	0.0000	0.0000	0.0001	0.0001	0.0000	0.0002	0.0001	0.0001	0.0002	0.0001	0.0001	0.0000	0.0000	0.0000	0.0001	0.0001	0.0000	0.0001	0.0001	0.0000	0.0001	0.0001	0.0000	0.0152	0.0107	0.0045	0.0092	0.0073	0.0019	0.0060	0.0034	0.0026	38.7281	64.8793	0.0000	0.0000	0.0000	0.0000	2675.1437	3436.3930	0.0000	0.0125	0.0086	0.0218	0.0204	0.0124	0.0512	0.0003	0.0003	0.0003
102	155	0.5554	9	1	1	1	0	0	0	0	0	N	N	N	N	N	N	N	N	N	N	N	N	13.6360	23.4517	0.0000	0.0000	0.0000	0.0000	46273.8024	136901.2955	0.0000	21.7805	25.0311	0.0000	0.0000	0.0000	0.0000	34.6967	41.3204	0.0000	1.5973	1.0673	2.9382	2.5761	1.5268	6.9965	0.0007	0.0003	0.0013	0.0000	1.0879	-0.4410	0.0088	2.0948	2.9180	3.0326	7.4065	0.9997	0.9997	0.0000	0.0000	0.0000	0.0000	0.9997	0.9997	0.0000	0.1399	0.0670	0.0729	0.1399	0.0670	0.0729	0.0000	0.0000	0.0000	0.0459	0.0399	0.0060	0.0171	0.0157	0.0013	0.0288	0.0242	0.0046	0.0876	0.0628	0.0248	0.0543	0.0439	0.0104	0.0333	0.0189	0.0144	13.6360	23.4517	0.0000	0.0000	0.0000	0.0000	46273.8024	136901.2955	0.0000	1.5973	1.0673	2.9382	2.5761	1.5268	6.9965	0.0007	0.0003	0.0013
102	156	0.4895	8	1	0	1	0	0	0	0	0	N	N	N	N	N	N	N	N	N	N	N	N	0.0123	0.0162	0.0001	0.0247	0.0374	0.0001	0.0000	0.0000	0.0001	0.0002	0.0002	0.0000	0.0004	0.0004	0.0000	0.0000	0.0000	0.0000	0.0130	0.0113	0.0173	0.0145	0.0105	0.0319	0.0106	0.0133	0.0072	0.0007	0.6031	-0.0000	-0.0003	2.0948	8.2479	3.0326	19.7214	0.0000	0.0000	0.0000	0.0000	0.0000	0.0000	0.0000	0.0000	0.0000	0.0033	0.0021	0.0013	0.0023	0.0014	0.0009	0.0010	0.0007	0.0003	0.1902	0.1666	0.0236	0.0854	0.0778	0.0076	0.1047	0.0888	0.0159	0.2558	0.1834	0.0724	0.1594	0.1296	0.0298	0.0965	0.0538	0.0427	0.0123	0.0162	0.0001	0.0247	0.0374	0.0001	0.0000	0.0000	0.0001	0.0130	0.0113	0.0173	0.0145	0.0105	0.0319	0.0106	0.0133	0.0072
102	157	0.4534	7	1	0	1	0	0	0	0	0	N	N	N	N	N	N	N	N	N	N	N	N	0.1756	0.3533	0.0041	0.5452	0.9532	0.0003	0.0014	0.0000	0.0054	0.0357	0.0406	0.0018	0.0973	0.1055	0.0001	0.0003	0.0000	0.0023	0.2032	0.1149	0.4302	0.1784	0.1107	0.4444	0.2470	0.1250	0.4180	0.0063	1.4567	-0.0021	0.0073	2.0948	7.4725	3.0326	14.3153	0.0048	0.0048	0.0000	0.0048	0.0048	0.0000	0.0000	0.0000	0.0000	0.0543	0.0221	0.0322	0.0304	0.0150	0.0154	0.0239	0.0071	0.0168	0.1350	0.1179	0.0171	0.0492	0.0454	0.0038	0.0858	0.0725	0.0133	0.2673	0.1925	0.0749	0.1706	0.1360	0.0346	0.0967	0.0565	0.0402	0.1756	0.3533	0.0041	0.5452	0.9532	0.0003	0.0014	0.0000	0.0054	0.2032	0.1149	0.4302	0.1784	0.1107	0.4444	0.2470	0.1250	0.4180
102	158	0.3879	6	1	0	1	0	0	0	0	0	N	N	N	N	N	N	N	N	N	N	N	N	0.0101	0.0022	0.0169	0.0004	0.0018	0.0007	0.0080	0.0020	0.0172	0.0241	0.0003	0.1934	0.0004	0.0002	0.0036	0.0346	0.0003	0.2238	2.3766	0.1443	11.4391	1.0386	0.1277	5.0490	4.3279	0.1784	12.9954	87.2386	21.9003	0.0026	0.4515	2.0948	11.6653	3.0326	19.4910	0.0048	0.0001	0.0048	0.0000	0.0000	0.0000	0.0048	0.0000	0.0047	0.9066	0.0396	0.8670	0.2350	0.0235	0.2115	0.6716	0.0160	0.6555	0.1999	0.1753	0.0246	0.0618	0.0584	0.0034	0.1381	0.1169	0.0212	0.3815	0.2743	0.1071	0.2263	0.1844	0.0419	0.1552	0.0899	0.0652	0.0101	0.0022	0.0239	0.0004	0.0018	0.0007	0.0080	0.0020	0.0223	2.3766	0.1443	8.0935	1.0386	0.1277	5.0490	4.3279	0.1784	10.0483
102	159	0.3406	5	1	0	1	0	0	0	0	0	N	N	N	N	N	N	N	N	N	N	N	N	0.0004	0.0005	0.0007	0.0007	0.0008	0.0015	0.0002	0.0002	0.0001	0.0006	0.0005	0.0018	0.0014	0.0009	0.0076	0.0001	0.0002	0.0001	1.4714	1.0842	2.4451	1.9721	1.2307	5.2128	0.7529	0.7862	0.7079	0.4902	0.8968	-0.0000	0.0082	2.0948	7.3933	3.0326	20.5306	0.0001	0.0001	0.0000	0.0001	0.0001	0.0000	0.0000	0.0000	0.0000	0.5684	0.2997	0.2687	0.4490	0.2280	0.2209	0.1194	0.0716	0.0478	0.1582	0.1392	0.0190	0.0632	0.0590	0.0042	0.0950	0.0802	0.0148	0.3863	0.2764	0.1099	0.2277	0.1853	0.0424	0.1586	0.0911	0.0675	0.0004	0.0005	0.0007	0.0007	0.0008	0.0015	0.0002	0.0002	0.0001	1.4714	1.0842	2.4451	1.9721	1.2307	5.2128	0.7529	0.7862	0.7079
102	160	0.1045	4	1	0	1	0	0	0	0	0	N	N	N	N	N	N	N	N	N	N	N	N	0.0001	0.0002	0.0000	0.0042	0.0037	0.0010	0.0000	0.0001	0.0000	0.0002	0.0002	0.0000	0.0009	0.0009	0.0000	0.0001	0.0001	0.0000	1.9362	1.0019	3.6593	0.2063	0.2484	0.0057	2.8593	1.6029	4.4151	0.0135	1.9801	-0.0000	0.2319	2.0948	27.6416	3.0326	54.6365	0.0001	0.0001	0.0000	0.0000	0.0000	0.0000	0.0000	0.0000	0.0000	1.1252	0.3776	0.7477	0.0417	0.0415	0.0002	1.0835	0.3361	0.7475	0.3583	0.3072	0.0510	0.0411	0.0387	0.0024	0.3172	0.2686	0.0486	0.5812	0.3768	0.2043	0.2022	0.1672	0.0350	0.3789	0.2097	0.1693	0.0001	0.0002	0.0000	0.0042	0.0037	0.0010	0.0000	0.0001	0.0000	1.9362	1.0019	3.6593	0.2063	0.2484	0.0057	2.8593	1.6029	4.4151
102	161	0.2090	10	2	1	1	0	0	0	0	0	Y	N	N	N	N	N	N	N	N	N	N	N	0.0000	0.0000	0.0000	0.0000	0.0000	0.0000	0.0000	0.0000	0.0000	0.0000	0.0000	0.0000	0.0000	0.0000	0.0000	0.0000	0.0003	0.0000	0.0008	0.0000	0.0000	0.0000	0.0004	0.0000	0.0010	39.0213	0.0000	0.0000	2.0948	0.0002	3.0326	3.0099	0.0000	0.0000	0.0000	0.0000	0.0000	0.0000	0.0000	0.0000	0.0000	0.0000	0.0000	0.0000	0.0000	0.0000	0.0000	0.0000	0.0000	0.0000	0.0000	0.0000	0.0000	0.0000	0.0000	0.0000	0.0000	0.0000	0.0000	0.0289	0.0190	0.0098	0.0109	0.0092	0.0017	0.0180	0.0098	0.0081	0.0000	0.0000	0.0000	0.0000	0.0000	0.0000	0.0000	0.0000	0.0000	0.0003	0.0000	0.0008	0.0000	0.0000	0.0000	0.0004	0.0000	0.0010			
102	162	0.2014	9	2	1	1	0	0	0	0	0	Y	N	N	N	N	N	N	N	N	N	N	N	0.0000	0.0000	0.0000	0.0000	0.0000	0.0000	0.0000	0.0000	0.0000	0.0000	0.0000	0.0000	0.0000	0.0000	0.0000	0.0000	0.0000	0.0006	0.0010	0.0000	0.0017	0.0020	0.0000	0.0000	0.0000	0.0000	0.0052	0.0000	-0.0000	2.0948	0.9998	3.0326	2.0118	0.0000	0.0000	0.0000	0.0000	0.0000	0.0000	0.0000	0.0000	0.0000	0.0000	0.0000	0.0000	0.0000	0.0000	0.0000	0.0000	0.0000	0.0000	0.0154	0.0129	0.0025	0.0026	0.0022	0.0004	0.0127	0.0107	0.0020	0.0283	0.0186	0.0098	0.0106	0.0089	0.0017	0.0178	0.0097	0.0081	0.0000	0.0000	0.0000	0.0000	0.0000	0.0000	0.0000	0.0000	0.0000	0.0006	0.0010	0.0000	0.0017	0.0020	0.0000	0.0000	0.0000	0.0000		
102	163	0.2014	8	2	1	1	0	0	0	0	0	Y	N	N	N	N	N	N	N	N	N	N	N	0.0000	0.0000	0.0000	0.0000	0.0000	0.0000	0.0000	0.0000	0.0000	0.0000	0.0000	0.0000	0.0000	0.0000	0.0000	0.0000	0.0000	0.0000	0.0000	-0.0000	2.0948	0.0000	3.0326	0.0003	0.0000	0.0000	0.0000	0.0000	0.0000	0.0000	0.0000	0.0000	0.0000	0.0000	0.0000	0.0000	0.0000	0.0000	0.0000	0.0000	0.0000	0.0000	0.0000	0.0000	0.0000	0.0000	0.0000	0.0000	0.0000	0.0000	0.0000	0.0000	0.0000	0.0000	0.0000	0.0000	0.0000	0.0000	0.0000	0.0000	0.0000	0.0000	0.0000	0.0000	0.0000	0.0000	0.0000	0.0000	0.0000	0.0000	0.0000	0.0000	0.0000	0.0000	0.0000	0.0000	0.0000	0.0000											
102	164	0.1904	7	1	1	1	0	0	0	0	0	N	N	N	N	N	N	N	N	N	N	N	N	2.6753	2.2527	1.3864	0.9724	1.0470	1.5824	1027.4972	3692.0210	0.2137	0.1695	0.2151	0.0005	0.1569	0.1975	0.0009	0.1841	0.2359	0.0001	0.0633	0.0955	0.0004	0.1613	0.1886	0.0006	0.0002	0.0001	0.0003	0.0006	0.0019	-0.0000	-0.0013	2.0948	0.0063	3.0326	4.3641	0.0001	0.0001	0.0000	0.0000	0.0000	0.0000	0.0000	0.0000	0.0000	0.0030	0.0029	0.0000	0.0029	0.0029	0.0000	0.0000	0.0000	0.0000	0.0004	0.0003	0.0001	0.0002	0.0002	0.0000	0.0002	0.0001	0.0000	0.0466	0.0309	0.0158	0.0183	0.0156	0.0027	0.0284	0.0153	0.0131	2.6753	2.2527	1.3864	0.9724	1.0470	1.5824	1027.4972	3692.0210	0.2137	0.0633	0.0955	0.0004	0.1613	0.1886	0.0006	0.0002	0.0001	0.0003
102	165	0.1585	6	1	0	1	0	0	0	0	0	N	N	N	N	N	N	N	N	N	N	N	N	0.1875	0.1540	0.0819	0.0640	0.0822	1.0794	23.0476	65.7882	0.0088	0.4031	0.5088	0.0021	0.3739	0.5171	0.0029	0.4371	0.5008	0.0003	2.1501	3.3040	0.0260	5.8457	6.2879	0.0027	0.0190	0.0076	0.0294	0.0011	0.0043	-0.0174	-0.1678	2.0948	2.5207	3.0326	10.0226	0.0396	0.0395	0.0000	0.0197	0.0197	0.0000	0.0198	0.0198	0.0000	0.3696	0.3680	0.0016	0.3677	0.3676	0.0000	0.0019	0.0004	0.0016	0.0981	0.0777	0.0205	0.0528	0.0381	0.0147	0.0453	0.0396	0.0058	0.1719	0.1114	0.0605	0.0707	0.0630	0.0077	0.1012	0.0483	0.0528	0.1875	0.1540	0.0819	0.0719	0.0887	1.0794	23.0476	65.7882	0.0088	2.1501	3.3040	0.0260	5.1978	5.8319	0.0027	0.0190	0.0076	0.0294
102	166	0.1429	5	1	0	1	0	0	0	0	0	N	N	N	N	N	N	N	N	N	N	N	N	0.2155	1.5111	0.0022	1.1746	1.2190	0.2731	0.1061	7.3956	0.0001	0.7603	0.8811	0.0368	1.0936	1.1813	0.1664	0.5783	0.6998	0.0016	3.5277	0.5831	16.6966	0.9310	0.9690	0.6091	5.4506	0.0946	17.1605	0.0070	7.8810	-0.0252	0.1727	2.0948	2.6894	3.0326	4.6619	0.0580	0.0576	0.0004	0.0295	0.0291	0.0004	0.0285	0.0285	0.0000	0.4025	0.0453	0.3572	0.0452	0.0421	0.0031	0.3573	0.0032	0.3541	0.0763	0.0654	0.0109	0.0269	0.0246	0.0023	0.0493	0.0408	0.0086	0.1141	0.0777	0.0364	0.0485	0.0434	0.0051	0.0656	0.0343	0.0312	0.2155	1.5111	0.0037	1.1746	1.2190	0.2731	0.1061	7.3956	0.0001	3.5277	0.5831	9.8195	0.9310	0.9690	0.6091	5.4506	0.0946	11.3301
102	167	0.1045	4	1	0	1	0	0	0	0	0	N	N	N	N	N	N	N	N	N	N	N	N	0.0974	0.4596	0.0003	1.6448	2.1100	0.0175	0.0371	0.2254	0.0001	0.0429	0.0502	0.0003	0.1793	0.1903	0.0036	0.0244	0.0290	0.0002	0.4401	0.1093	1.0718	0.1090	0.0902	0.2042	0.6582	0.1287	1.2762	0.0012	5.1378	-0.0008	0.0210	2.0948	2.7966	3.0326	8.5340	0.0017	0.0017	0.0000	0.0009	0.0009	0.0000	0.0009	0.0009	0.0000	0.0555	0.0090	0.0464	0.0055	0.0038	0.0017	0.0500	0.0053	0.0448	0.0408	0.0348	0.0060	0.0049	0.0046	0.0003	0.0359	0.0302	0.0057	0.1261	0.0827	0.0433	0.0501	0.0418	0.0083	0.0760	0.0409	0.0351	0.0974	0.4596	0.0003	1.6448	2.1100	0.0175	0.0371	0.2254	0.0001	0.4401	0.1093	1.0718	0.1090	0.0902	0.2042	0.6582	0.1287	1.2762
103	104	0.1271	4	1	1	1	0	0	0	0	0	N	N	N	N	N	N	N	N	N	N	N	N	3.0415	248.5224	0.0000	156.6457	422.0771	0.0005	0.0000	0.0000	0.0000	3.5037	4.0953	0.0000	15.6579	17.1736	0.0003	0.0000	0.0000	0.0000	1.1520	0.0165	3.2068	0.1000	0.0407	0.5278	1.5827	0.0006	3.5022	0.0000	107.5363	-0.4398	0.3532	3.9484	8.9557	4.8420	32.3127	0.9969	0.9969	0.0000	0.9969	0.9969	0.0000	0.0000	0.0000	0.0000	0.6634	0.0061	0.6573	0.0167	0.0060	0.0107	0.6467	0.0001	0.6466	0.2845	0.2434	0.0411	0.0637	0.0581	0.0056	0.2209	0.1854	0.0355	0.5759	0.3709	0.2050	0.1673	0.1469	0.0204	0.4086	0.2240	0.1846	3.0415	248.5224	0.0000	156.6457	422.0771	0.0005	0.0000	0.0000	0.0000	1.1520	0.0165	3.2068	0.1000	0.0407	0.5278	1.5827	0.0006	3.5022
103	105	0.1526	5	1	0	2	0	0	0	0	0	N	N	Y	N	N	N	N	N	N	N	N	N	0.0000	0.0000	0.0000	0.0000	0.0000	0.0000	0.0000	0.0000	0.0000	0.0000	0.0000	0.0000	0.0000	0.0000	0.0000	0.0000	0.0000	0.0000	0.0771	0.1180	0.0014	0.0124	0.0141	0.0003	0.1067	0.1943	0.0015	0.0063	0.0000	-0.0067	3.9484	4.2679	4.8420	7.8415	0.0000	0.0000	0.0000	0.0000	0.0000	0.0000	0.0000	0.0000	0.0000	0.0148	0.0147	0.0001	0.0007	0.0007	0.0000	0.0141	0.0140	0.0001	0.1294	0.1089	0.0206	0.0179	0.0170	0.0009	0.1116	0.0919	0.0197	0.1919	0.1246	0.0672	0.0602	0.0528	0.0074	0.1316	0.0718	0.0598	0.0000	0.0000	0.0000	0.0000	0.0000	0.0000	0.0000	0.0000	0.0000	0.0771	0.1180	0.0014	0.0124	0.0141	0.0003	0.1067	0.1943	0.0015	
103	106	0.1271	4	1	0	1	0	0	0	0	0	N	N	N	N	N	N	N	N	N	N	N	N	0.0037	0.0028	0.0000	0.0002	0.0002	0.0000	0.9305	4.4200	0.0000	0.0033	0.0038	0.0000	0.0006	0.0006	0.0000	0.0060	0.0072	0.0000	0.9011	1.3462	0.0121	2.5409	2.8594	0.0112	0.0064	0.0016	0.0122	0.0000	0.0045	-0.0002	-0.0898	3.9484	1.9301	4.8420	9.0954	0.0003	0.0003	0.0000	0.0000	0.0000	0.0000	0.0003	0.0003	0.0000	0.1978	0.1969	0.0009	0.1969	0.1968	0.0001	0.0009	0.0001	0.0008	0.1048	0.0912	0.0136	0.0513	0.0467	0.0046	0.0534	0.0445	0.0090	0.2195	0.1462	0.0732	0.0775	0.0688	0.0087	0.1420	0.0774	0.0646	0.0037	0.0028	0.0000	0.0002	0.0002	0.0000	0.9305	4.4200	0.0000	0.9011	1.3462	0.0121	2.5409	2.8594	0.0112	0.0064	0.0016	0.0122
103	107	0.0948	3	1	0	1	0	0	0	0	0	N	N	N	N	N	N	N	N	N	N	N	N	0.0000	0.0000	0.0000	0.0000	0.0000	0.0000	0.0000	0.0000	0.0000	0.0000	0.0000	0.0000	0.0000	0.0000	0.0000	0.0000	0.0000	0.0000	0.2269	0.2786	0.1312	0.4676	0.5586	0.0343	0.0993	0.0578	0.1512	0.2542	0.0000	-0.0153	3.9484	3.9049	4.8420	9.6098	0.0000	0.0000	0.0000	0.0000	0.0000	0.0000	0.0000	0.0000	0.0000	0.0600	0.0479	0.0122	0.0429	0.0423	0.0005	0.0172	0.0055	0.0116	0.0975	0.0825	0.0150	0.0045	0.0042	0.0003	0.0930	0.0784	0.0147	0.2645	0.1718	0.0927	0.0917	0.0757	0.0159	0.1728	0.0960	0.0768	0.0000	0.0000	0.0000	0.0000	0.0000	0.0000	0.0000	0.0000	0.0000	0.2269	0.2786	0.1312	0.4676	0.5586	0.0343	0.0993	0.0578	0.1512	
103	108	0.1160	5	1	1	1	0	0	0	0	0	N	N	N	N	N	N	N	N	N	N	N	N	0.0000	0.0000	0.0000	0.0000	0.0000	0.0000	0.0000	0.0000	0.0000	0.0000	0.0000	0.0000	0.0000	0.0000	0.0000	0.0000	0.0000	0.0000	0.0780	0.0778	0.0783	0.0021	0.0027	0.0001	0.1200	0.1385	0.0987	0.6080	0.0000	-0.0029	3.9484	8.0392	4.8420	22.6195	0.0000	0.0000	0.0000	0.0000	0.0000	0.0000	0.0000	0.0000	0.0000	0.0368	0.0229	0.0139	0.0004	0.0004	0.0000	0.0364	0.0225	0.0139	0.2149	0.1826	0.0323	0.0227	0.0211	0.0016	0.1922	0.1615	0.0307	0.4713	0.2938	0.1774	0.1681	0.1314	0.0367	0.3032	0.1625	0.1407	0.0000	0.0000	0.0000	0.0000	0.0000	0.0000	0.0000	0.0000	0.0000	0.0780	0.0778	0.0783	0.0021	0.0027	0.0001	0.1200	0.1385	0.0987	
103	109	0.1160	4	1	0	1	0	0	0	0	0	N	N	N	N	N	N	N	N	N	N	N	N	0.0000	0.0000	0.0000	0.0000	0.0000	0.0000	0.0000	0.0000	0.0000	0.0000	0.0000	0.0000	0.0000	0.0000	0.0000	0.0000	0.0000	0.0000	0.3729	0.4970	0.0102	0.3739	0.4350	0.0330	0.3718	0.5813	0.0003	0.0070	0.0000	-0.0199	3.9484	0.2031	4.8420	2.0398	0.0000	0.0000	0.0000	0.0000	0.0000	0.0000	0.0000	0.0000	0.0000	0.0440	0.0437	0.0003	0.0223	0.0220	0.0003	0.0217	0.0217	0.0000	0.0135	0.0113	0.0022	0.0045	0.0045	0.0000	0.0090	0.0068	0.0022	0.1180	0.0879	0.0301	0.0597	0.0506	0.0091	0.0583	0.0373	0.0210	0.0000	0.0000	0.0000	0.0000	0.0000	0.0000	0.0000	0.0000	0.0000	0.3729	0.4970	0.0102	0.3739	0.4350	0.0330	0.3718	0.5813	0.0003	
103	110	0.6965	10	2	0	2	0	0	0	0	0	Y	N	Y	N	N	N	N	N	N	N	N	N	0.0000	0.0000	0.0000	0.0000	0.0000	0.0000	0.0000	0.0000	0.0000	0.0000	0.0000	0.0000	0.0000	0.0000	0.0000	0.0000	0.0000	0.0000	0.0000	0.0000	3.9484	0.0001	4.8420	0.0001	0.0000	0.0000	0.0000	0.0000	0.0000	0.0000	0.0000	0.0000	0.0000	0.0000	0.0000	0.0000	0.0000	0.0000	0.0000	0.0000	0.0000	0.0000	0.0027	0.0021	0.0006	0.0014	0.0014	0.0000	0.0014	0.0008	0.0006	0.0001	0.0001	0.0000	0.0001	0.0000	0.0000	0.0000	0.0000	0.0000	0.0000	0.0000	0.0000	0.0000	0.0000	0.0000	0.0000	0.0000	0.0000	0.0000	0.0000	0.0000	0.0000	0.0000	0.0000	0.0000	0.0000	0.0000											
103	111	0.6826	9	2	0	2	0	0	0	0	0	Y	N	Y	N	N	N	N	N	N	N	N	N	0.0044	0.0035	0.0000	0.0293	0.0240	0.0000	0.0000	0.0000	0.0000	0.0000	0.0000	0.0000	0.0000	0.0000	0.0000	0.0000	0.0000	0.0000	0.0020	0.0029	0.0001	0.0010	0.0013	0.0001	0.0053	0.0100	0.0000	0.0000	0.0131	-0.0000	-0.0001	3.9484	1.6718	4.8420	2.9223	0.0000	0.0000	0.0000	0.0000	0.0000	0.0000	0.0000	0.0000	0.0000	0.0002	0.0002	0.0000	0.0001	0.0001	0.0000	0.0001	0.0001	0.0000	0.0488	0.0425	0.0063	0.0151	0.0142	0.0009	0.0337	0.0283	0.0054	0.0854	0.0592	0.0262	0.0647	0.0484	0.0163	0.0207	0.0108	0.0099	0.0044	0.0035	0.0000	0.0293	0.0240	0.0000	0.0000	0.0000	0.0000	0.0020	0.0029	0.0001	0.0010	0.0013	0.0001	0.0053	0.0100	0.0000
103	112	0.5991	8	2	0	2	0	0	0	0	0	Y	N	Y	N	N	N	N	N	N	N	N	N	0.0854	0.0669	0.0001	41.8211	36.9502	0.0000	0.0000	0.0000	0.0000	0.0076	0.0087	0.0000	0.0223	0.0238	0.0000	0.0000	0.0000	0.0000	0.0892	0.1295	0.0006	0.0005	0.0006	0.0002	0.2793	0.5304	0.0011	0.0000	0.0022	-0.0013	-0.0116	3.9484	14.0283	4.8420	7.1084	0.0029	0.0029	0.0000	0.0029	0.0029	0.0000	0.0000	0.0000	0.0000	0.0254	0.0253	0.0001	0.0001	0.0001	0.0000	0.0253	0.0252	0.0000	0.3757	0.3299	0.0458	0.1283	0.1204	0.0080	0.2473	0.2095	0.0378	0.2844	0.1954	0.0890	0.1939	0.1479	0.0461	0.0904	0.0475	0.0429	0.0854	0.0669	0.0001	41.8211	36.9502	0.0000	0.0000	0.0000	0.0000	0.0892	0.1295	0.0006	0.0005	0.0006	0.0002	0.2793	0.5304	0.0011
103	113	0.5388	7	1	0	1	0	0	0	0	0	N	N	N	N	N	N	N	N	N	N	N	N	108.3876	90.1438	0.6284	73.3468	63.1765	2.0149	94.6824	63.5332	0.3934	1.3252	1.4956	0.0013	0.6777	0.7135	0.0028	1.6681	1.9571	0.0010	0.0122	0.0166	0.0020	0.0092	0.0113	0.0014	0.0176	0.0308	0.0026	0.0001	0.0527	-0.1769	-0.0013	3.9484	8.6129	4.8420	5.1709	0.4012	0.4012	0.0000	0.0710	0.0710	0.0000	0.3302	0.3302	0.0000	0.0032	0.0031	0.0002	0.0016	0.0015	0.0000	0.0017	0.0015	0.0001	0.3028	0.2683	0.0345	0.1048	0.0995	0.0053	0.1980	0.1687	0.0292	0.2643	0.1850	0.0793	0.1701	0.1348	0.0353	0.0942	0.0502	0.0440	108.3876	90.1438	0.6284	73.3468	63.1765	2.0149	94.6824	63.5332	0.3934	0.0122	0.0166	0.0020	0.0092	0.0113	0.0014	0.0176	0.0308	0.0026
103	114	0.4437	6	1	0	1	0	0	0	0	0	N	N	N	N	N	N	N	N	N	N	N	N	10.9521	8.6737	17.1625	0.0620	0.0534	0.1004	110.3643	80.3541	20.7902	1.4963	1.7086	0.1058	0.0134	0.0145	0.0006	2.0414	2.3824	0.1267	0.1366	0.1970	0.0062	0.2157	0.2718	0.0063	0.0185	0.0296	0.0061	0.0095	0.0145	-0.2907	-0.0340	3.9484	16.8607	4.8420	22.7724	0.6733	0.6670	0.0063	0.0016	0.0016	0.0000	0.6716	0.6653	0.0063	0.0765	0.0754	0.0011	0.0723	0.0719	0.0004	0.0042	0.0035	0.0006	0.4500	0.3903	0.0596	0.1209	0.1111	0.0099	0.3290	0.2793	0.0497	0.5598	0.3827	0.1771	0.3354	0.2645	0.0708	0.2244	0.1182	0.1063	10.9521	8.6737	17.1625	0.0620	0.0534	0.1004	110.3643	80.3541	20.7902	0.1366	0.1970	0.0062	0.2157	0.2718	0.0063	0.0185	0.0296	0.0061
103	115	0.0712	3	2	0	2	0	0	0	0	0	Y	N	Y	N	N	N	N	N	N	N	N	N	0.0000	0.0000	0.0000	0.0000	0.0000	0.0000	0.0000	0.0000	0.0000	0.0000	0.0000	0.0000	0.0000	0.0000	0.0000	0.0000	0.0000	0.0000	0.0019	0.0028	0.0001	0.0034	0.0036	0.0002	0.0012	0.0021	0.0001	0.0167	0.0000	-0.0001	3.9484	1.0009	4.8420	4.0038	0.0000	0.0000	0.0000	0.0000	0.0000	0.0000	0.0000	0.0000	0.0000	0.0002	0.0002	0.0000	0.0001	0.0001	0.0000	0.0001	0.0001	0.0000	0.0291	0.0246	0.0044	0.0017	0.0016	0.0001	0.0274	0.0230	0.0044	0.1249	0.0839	0.0410	0.0392	0.0372	0.0020	0.0857	0.0467	0.0390	0.0000	0.0000	0.0000	0.0000	0.0000	0.0000	0.0000	0.0000	0.0000	0.0019	0.0028	0.0001	0.0034	0.0036	0.0002	0.0012	0.0021	0.0001	
103	116	0.0429	2	2	0	2	0	0	0	0	0	Y	N	Y	N	N	N	N	N	N	N	N	N	1.5823	0.2628	13.7594	0.4229	0.3974	0.0360	4.9471	25.8484	13.4087	0.2237	0.0444	1.2999	0.1678	0.1695	0.0012	0.2346	0.0156	1.3143	0.1414	0.1691	0.0945	0.3968	0.4265	0.0329	0.0474	0.0006	0.0980	4.8719	0.3302	0.0064	-0.0079	3.9484	1.8441	4.8420	10.4794	0.0164	0.0028	0.0136	0.0020	0.0020	0.0000	0.0144	0.0008	0.0136	0.0375	0.0282	0.0093	0.0283	0.0281	0.0002	0.0092	0.0001	0.0091	0.0735	0.0630	0.0105	0.0119	0.0118	0.0001	0.0615	0.0512	0.0104	0.2649	0.1665	0.0984	0.0713	0.0659	0.0054	0.1937	0.1006	0.0931	1.5823	0.2628	13.7594	0.4229	0.3974	0.0360	4.9471	25.8484	13.4087	0.1414	0.1691	0.0945	0.3968	0.4265	0.0329	0.0474	0.0006	0.0980
103	117	0.3310	4	1	1	1	1	0	0	0	0	N	N	N	N	N	N	N	N	N	N	N	N	32.2273	31.2005	0.0000	1.3200	1.1725	0.0000	37.5796	34.9663	0.0000	2.8034	3.2119	0.0000	0.0934	0.1005	0.0000	4.0586	4.7955	0.0000	0.0870	0.1029	0.0499	0.0708	0.0857	0.0015	0.1080	0.1371	0.0740	0.0000	0.2086	-0.4327	-0.0155	3.9484	10.5071	4.8420	20.2622	0.9808	0.9808	0.0000	0.0103	0.0103	0.0000	0.9705	0.9705	0.0000	0.0544	0.0450	0.0094	0.0250	0.0249	0.0001	0.0294	0.0201	0.0093	0.3499	0.3054	0.0445	0.1108	0.1030	0.0078	0.2391	0.2024	0.0367	0.6254	0.4373	0.1881	0.3531	0.2907	0.0625	0.2723	0.1467	0.1257	32.2273	31.2005	0.0000	1.3200	1.1725	0.0000	37.5796	34.9663	0.0000	0.0870	0.1029	0.0499	0.0708	0.0857	0.0015	0.1080	0.1371	0.0740
103	118	0.0948	3	1	1	1	1	0	0	0	0	N	N	N	N	N	N	N	N	N	N	N	N	0.0000	0.0000	0.0000	0.0000	0.0000	0.0000	0.0000	0.0000	0.0000	0.0000	0.0000	0.0000	0.0000	0.0000	0.0000	0.0000	0.0000	0.0000	1.3935	2.1892	0.0005	0.0725	0.0855	0.0007	1.9338	3.5128	0.0005	0.0001	0.0000	-0.2989	3.9484	4.0036	4.8420	26.5072	0.0000	0.0000	0.0000	0.0000	0.0000	0.0000	0.0000	0.0000	0.0000	0.6524	0.6523	0.0001	0.0099	0.0098	0.0000	0.6425	0.6424	0.0001	0.0997	0.0844	0.0153	0.0046	0.0043	0.0003	0.0951	0.0801	0.0150	0.4681	0.2980	0.1702	0.1359	0.1151	0.0208	0.3322	0.1829	0.1494	0.0000	0.0000	0.0000	0.0000	0.0000	0.0000	0.0000	0.0000	0.0000	1.3935	2.1892	0.0005	0.0725	0.0855	0.0007	1.9338	3.5128	0.0005	
103	119	0.1332	4	1	1	1	0	0	0	0	0	N	N	N	N	N	N	N	N	N	N	N	N	2.2710	3.0757	5.6247	24.4350	4.9396	122.0781	1.6341	0.0000	4.4281	3.7303	0.1366	25.7492	3.8453	0.5353	69.1972	3.6959	0.0000	22.0110	1.6426	0.0444	4.5779	0.1574	0.1084	0.5668	2.2617	0.0008	4.9708	30.7547	56.1028	0.2852	0.3602	3.9484	3.8169	4.8420	21.2433	0.5407	0.0170	0.5237	0.1285	0.0170	0.1115	0.4122	0.0000	0.4122	0.6873	0.0120	0.6753	0.0194	0.0119	0.0075	0.6679	0.0001	0.6678	0.1449	0.1246	0.0203	0.0334	0.0318	0.0016	0.1115	0.0928	0.0187	0.4184	0.2709	0.1475	0.1231	0.1099	0.0132	0.2953	0.1610	0.1343	2.2710	3.0757	5.6247	24.4350	4.9396	122.0781	1.6341	0.0000	4.4281	1.6426	0.0444	4.5779	0.1574	0.1084	0.5668	2.2617	0.0008	4.9708
103	120	0.4789	8	1	1	1	0	0	0	0	0	N	N	N	N	N	N	N	N	N	N	N	N	91.5998	76.6410	0.6036	6.1967	5.3798	0.1445	321.6225	253.8260	0.6366	1.8227	2.0831	0.0018	0.1737	0.1838	0.0004	2.5299	2.9938	0.0021	0.0199	0.0272	0.0031	0.0280	0.0342	0.0028	0.0079	0.0118	0.0032	0.0001	0.0486	-0.3894	-0.0065	3.9484	16.3276	4.8420	34.9199	0.8831	0.8830	0.0001	0.0253	0.0252	0.0000	0.8578	0.8577	0.0001	0.0157	0.0149	0.0007	0.0132	0.0129	0.0003	0.0025	0.0020	0.0005	0.4845	0.4239	0.0606	0.1454	0.1374	0.0080	0.3391	0.2865	0.0526	0.7877	0.5500	0.2377	0.4702	0.3783	0.0919	0.3175	0.1717	0.1458	91.5998	76.6410	0.6036	6.1967	5.3798	0.1445	321.6225	253.8260	0.6366	0.0199	0.0272	0.0031	0.0280	0.0342	0.0028	0.0079	0.0118	0.0032
103	121	0.4616	7	1	1	1	0	0	0	0	0	N	N	N	N	N	N	N	N	N	N	N	N	12.2161	10.6141	18.0192	2.5059	2.2060	4.1947	9.8954	7.3683	13.2731	0.4939	0.5142	0.3584	0.0574	0.0601	0.0096	0.6671	0.7178	0.4027	0.0404	0.0484	0.0199	0.0229	0.0272	0.0023	0.0674	0.0974	0.0303	0.1041	0.1601	-0.0331	-0.0064	3.9484	6.1757	4.8420	14.5601	0.0955	0.0865	0.0090	0.0032	0.0031	0.0000	0.0923	0.0833	0.0090	0.0201	0.0173	0.0028	0.0069	0.0068	0.0001	0.0132	0.0105	0.0027	0.1933	0.1682	0.0251	0.0549	0.0521	0.0028	0.1384	0.1161	0.0223	0.4978	0.3581	0.1396	0.3019	0.2499	0.0520	0.1959	0.1083	0.0876	12.2161	10.6141	18.0192	2.5059	2.2060	4.1947	9.8954	7.3683	13.2731	0.0404	0.0484	0.0199	0.0229	0.0272	0.0023	0.0674	0.0974	0.0303
103	122	0.4085	6	1	0	1	0	0	0	0	0	N	N	N	N	N	N	N	N	N	N	N	N	112.7949	224.7287	0.0995	3.2358	3.1850	0.0140	80.8951	155.4024	0.0797	3.9931	4.5769	0.0072	0.0244	0.0260	0.0001	5.8405	6.9396	0.0084	0.0354	0.0204	0.0720	0.0075	0.0082	0.0045	0.0722	0.0447	0.1058	0.0002	1.4531	-0.4396	0.0027	3.9484	7.5400	4.8420	21.4192	0.9972	0.9969	0.0002	0.0019	0.0019	0.0000	0.9952	0.9950	0.0002	0.0200	0.0082	0.0119	0.0024	0.0022	0.0003	0.0176	0.0060	0.0116	0.2497	0.2178	0.0319	0.0793	0.0744	0.0049	0.1704	0.1434	0.0270	0.5654	0.4006	0.1648	0.3218	0.2667	0.0551	0.2436	0.1340	0.1097	112.7949	224.7287	0.0995	3.2358	3.1850	0.0140	80.8951	155.4024	0.0797	0.0354	0.0204	0.0720	0.0075	0.0082	0.0045	0.0722	0.0447	0.1058
103	126	0.1319	5	1	1	1	0	0	0	0	0	N	N	N	N	N	N	N	N	N	N	N	N	0.0000	0.0000	0.0000	0.0000	0.0000	0.0000	0.0000	0.0000	0.0000	0.0000	0.0000	0.0000	0.0000	0.0000	0.0000	0.0000	0.0000	0.0000	0.0207	0.0331	0.0000	0.0023	0.0029	0.0000	0.0316	0.0599	0.0000	0.0002	0.0000	-0.0034	3.9484	5.0407	4.8420	17.1705	0.0000	0.0000	0.0000	0.0000	0.0000	0.0000	0.0000	0.0000	0.0000	0.0075	0.0075	0.0000	0.0003	0.0003	0.0000	0.0072	0.0072	0.0000	0.1411	0.1193	0.0218	0.0152	0.0143	0.0009	0.1259	0.1050	0.0209	0.3602	0.2252	0.1350	0.1335	0.1057	0.0279	0.2266	0.1195	0.1071	0.0000	0.0000	0.0000	0.0000	0.0000	0.0000	0.0000	0.0000	0.0000	0.0207	0.0331	0.0000	0.0023	0.0029	0.0000	0.0316	0.0599	0.0000	
103	127	0.1160	4	1	1	1	0	0	0	0	0	N	N	N	N	N	N	N	N	N	N	N	N	0.0000	0.0000	0.0000	0.0000	0.0000	0.0000	0.0000	0.0000	0.0000	0.0000	0.0000	0.0000	0.0000	0.0000	0.0000	0.0000	0.0000	0.0000	0.1422	0.2090	0.0016	0.0716	0.0866	0.0054	0.1950	0.3387	0.0004	0.0037	0.0000	-0.0129	3.9484	1.9703	4.8420	6.2034	0.0000	0.0000	0.0000	0.0000	0.0000	0.0000	0.0000	0.0000	0.0000	0.0284	0.0282	0.0001	0.0061	0.0060	0.0001	0.0222	0.0222	0.0000	0.0602	0.0510	0.0093	0.0088	0.0084	0.0004	0.0515	0.0426	0.0089	0.1994	0.1351	0.0642	0.0853	0.0695	0.0157	0.1141	0.0656	0.0485	0.0000	0.0000	0.0000	0.0000	0.0000	0.0000	0.0000	0.0000	0.0000	0.1422	0.2090	0.0016	0.0716	0.0866	0.0054	0.1950	0.3387	0.0004	
103	128	0.0948	3	1	0	1	0	0	0	0	0	N	N	N	N	N	N	N	N	N	N	N	N	0.0000	0.0000	0.0000	0.0000	0.0000	0.0000	0.0000	0.0000	0.0000	0.0000	0.0000	0.0000	0.0000	0.0000	0.0000	0.0000	0.0000	0.0000	3.1062	4.7649	0.0030	0.1393	0.1703	0.0022	4.9582	8.8558	0.0032	0.0003	0.0000	-0.2897	3.9484	1.1032	4.8420	7.8190	0.0000	0.0000	0.0000	0.0000	0.0000	0.0000	0.0000	0.0000	0.0000	0.6324	0.6322	0.0002	0.0109	0.0109	0.0000	0.6215	0.6213	0.0002	0.0281	0.0238	0.0044	0.0014	0.0013	0.0001	0.0267	0.0225	0.0043	0.2036	0.1340	0.0696	0.0782	0.0638	0.0144	0.1253	0.0702	0.0552	0.0000	0.0000	0.0000	0.0000	0.0000	0.0000	0.0000	0.0000	0.0000	3.1062	4.7185	0.0030	0.1393	0.1703	0.0022	4.9582	8.8558	0.0032	
103	129	0.4378	7	1	1	1	0	0	0	0	0	N	N	N	N	N	N	N	N	N	N	N	N	0.0000	0.0000	0.0000	0.0000	0.0000	0.0000	0.0000	0.0000	0.0000	0.0000	0.0000	0.0000	0.0000	0.0000	0.0000	0.0000	0.0000	0.0103	0.0133	0.0001	0.0179	0.0198	0.0000	0.0000	0.0000	0.0001	0.0017	0.0000	-0.0008	3.9484	1.0033	4.8420	0.8635	0.0000	0.0000	0.0000	0.0000	0.0000	0.0000	0.0000	0.0000	0.0000	0.0018	0.0018	0.0000	0.0018	0.0018	0.0000	0.0000	0.0000	0.0000	0.0864	0.0785	0.0079	0.0482	0.0458	0.0024	0.0382	0.0327	0.0055	0.1736	0.1345	0.0392	0.1000	0.0906	0.0095	0.0736	0.0439	0.0297	0.0000	0.0000	0.0000	0.0000	0.0000	0.0000	0.0000	0.0000	0.0000	0.0103	0.0133	0.0001	0.0179	0.0198	0.0000	0.0000	0.0000	0.0001		
103	130	0.4085	6	1	0	1	0	0	0	0	0	N	N	N	N	N	N	N	N	N	N	N	N	0.6668	0.5846	0.1105	0.6668	0.6086	0.0175	2.3343	3.3222	0.1022	0.1140	0.1299	0.0035	0.1808	0.1923	0.0002	0.0787	0.0930	0.0042	0.1709	0.2222	0.0321	0.2712	0.3160	0.0127	0.0337	0.0280	0.0411	0.0039	0.0534	-0.0100	-0.0302	3.9484	5.5514	4.8420	9.9598	0.0229	0.0229	0.0001	0.0126	0.0126	0.0000	0.0104	0.0103	0.0001	0.0741	0.0704	0.0038	0.0679	0.0675	0.0005	0.0062	0.0029	0.0033	0.2013	0.1759	0.0254	0.0695	0.0654	0.0042	0.1318	0.1106	0.0212	0.4336	0.3166	0.1170	0.2505	0.2136	0.0370	0.1831	0.1031	0.0800	0.6668	0.5846	0.1105	0.6668	0.6086	0.0175	2.3343	3.3222	0.1022	0.1709	0.2222	0.0321	0.2712	0.3160	0.0127	0.0337	0.0280	0.0411
103	131	0.3782	5	1	0	1	0	0	0	0	0	N	N	N	N	N	N	N	N	N	N	N	N	1.0583	0.9540	0.2212	0.4770	0.4246	0.0047	0.9110	0.6969	0.1749	0.0499	0.0566	0.0039	0.0144	0.0152	0.0000	0.0633	0.0739	0.0044	0.0471	0.0593	0.0176	0.0302	0.0359	0.0017	0.0694	0.1060	0.0253	0.0099	0.1217	-0.0063	-0.0079	3.9484	9.1969	4.8420	13.4651	0.0145	0.0144	0.0001	0.0011	0.0011	0.0000	0.0134	0.0132	0.0001	0.0227	0.0202	0.0025	0.0082	0.0082	0.0001	0.0144	0.0121	0.0024	0.2908	0.2540	0.0367	0.0795	0.0750	0.0044	0.2113	0.1790	0.0323	0.4812	0.3412	0.1400	0.2731	0.2274	0.0457	0.2081	0.1138	0.0943	1.0583	0.9540	0.2212	0.4770	0.4246	0.0047	0.9110	0.6969	0.1749	0.0471	0.0593	0.0176	0.0302	0.0359	0.0017	0.0694	0.1060	0.0253
103	132	0.1917	7	2	1	1	1	0	0	0	0	Y	N	N	N	N	N	N	N	N	N	N	N	0.0000	0.0000	0.0000	0.0000	0.0000	0.0000	0.0000	0.0000	0.0000	0.0000	0.0000	0.0000	0.0000	0.0000	0.0000	0.0318	0.0013	0.0842	0.0000	0.0000	0.0000	0.0440	0.0022	0.0922	37.0000	0.0000	0.0010	3.9484	1.0000	4.8420	3.0001	0.0000	0.0000	0.0000	0.0000	0.0000	0.0000	0.0000	0.0000	0.0000	0.0019	0.0001	0.0019	0.0000	0.0000	0.0000	0.0019	0.0001	0.0019	0.0269	0.0228	0.0041	0.0021	0.0020	0.0002	0.0247	0.0208	0.0039	0.0598	0.0378	0.0220	0.0166	0.0147	0.0019	0.0431	0.0231	0.0201	0.0000	0.0000	0.0000	0.0000	0.0000	0.0000	0.0000	0.0000	0.0000	0.0318	0.0013	0.0842	0.0000	0.0000	0.0000	0.0440	0.0022	0.0922				
103	133	0.5906	11	2	1	1	1	0	0	0	0	Y	N	N	N	N	N	N	N	N	N	N	N	0.0000	0.0000	0.0000	0.0000	0.0000	0.0000	0.0000	0.0000	0.0000	0.0000	0.0000	0.0000	0.0000	0.0000	0.0000	0.0000	0.0004	0.0006	0.0000	0.0006	0.0008	0.0000	0.0000	0.0000	0.0000	0.0010	0.0000	-0.0000	3.9484	0.0006	4.8420	1.9797	0.0000	0.0000	0.0000	0.0000	0.0000	0.0000	0.0000	0.0000	0.0000	0.0000	0.0000	0.0000	0.0000	0.0000	0.0000	0.0000	0.0000	0.0000	0.0000	0.0000	0.0000	0.0000	0.0000	0.0000	0.0000	0.0000	0.0000	0.0255	0.0173	0.0082	0.0159	0.0124	0.0035	0.0096	0.0049	0.0047	0.0000	0.0000	0.0000	0.0000	0.0000	0.0000	0.0000	0.0000	0.0000	0.0004	0.0006	0.0000	0.0006	0.0008	0.0000	0.0000	0.0000	0.0000			
103	134	0.5739	10	2	1	1	1	0	0	0	0	Y	N	N	N	N	N	N	N	N	N	N	N	0.0000	0.0000	0.0000	0.0000	0.0000	0.0000	0.0000	0.0000	0.0000	0.0000	0.0000	0.0000	0.0000	0.0000	0.0000	0.0000	0.0001	0.0000	0.0003	0.0000	0.0000	0.0000	0.0003	0.0000	0.0006	9.7215	0.0000	0.0000	3.9484	2.0077	4.8420	6.0321	0.0000	0.0000	0.0000	0.0000	0.0000	0.0000	0.0000	0.0000	0.0000	0.0000	0.0000	0.0000	0.0000	0.0000	0.0000	0.0000	0.0000	0.0000	0.0523	0.0453	0.0069	0.0156	0.0144	0.0012	0.0367	0.0309	0.0058	0.0945	0.0634	0.0311	0.0586	0.0450	0.0135	0.0360	0.0184	0.0176	0.0000	0.0000	0.0000	0.0000	0.0000	0.0000	0.0000	0.0000	0.0000	0.0001	0.0000	0.0003	0.0000	0.0000	0.0000	0.0003	0.0000	0.0006			
103	135	0.5691	10	1	1	1	1	0	0	0	0	N	N	N	N	N	N	N	N	N	N	N	N	11.3856	15.9256	0.0000	311.6750	273.0540	0.0000	0.0000	0.0000	0.0000	0.0047	0.0055	0.0000	0.0167	0.0181	0.0000	0.0000	0.0000	0.0000	0.0004	0.0003	0.0006	0.0001	0.0001	0.0000	0.0010	0.0011	0.0010	0.0000	0.7962	-0.0002	-0.0000	3.9484	3.0348	4.8420	9.3583	0.0004	0.0004	0.0000	0.0004	0.0004	0.0000	0.0000	0.0000	0.0000	0.0001	0.0000	0.0000	0.0000	0.0000	0.0000	0.0001	0.0000	0.0000	0.0803	0.0692	0.0111	0.0227	0.0210	0.0017	0.0577	0.0482	0.0094	0.1605	0.1077	0.0527	0.1003	0.0775	0.0227	0.0602	0.0302	0.0300	11.3856	15.9256	0.0000	311.6750	273.0540	0.0000	0.0000	0.0000	0.0000	0.0004	0.0003	0.0006	0.0001	0.0001	0.0000	0.0010	0.0011	0.0010
103	136	0.5548	9	1	0	1	1	0	0	0	0	N	N	N	N	N	N	N	N	N	N	N	N	1.9210	48.6122	0.4449	0.0000	0.0000	0.0000	1.0975	46.1026	0.2876	0.2835	0.2995	0.1919	0.0000	0.0000	0.0000	0.4133	0.4583	0.2194	0.1476	0.0062	0.4313	0.0035	0.0046	0.0001	0.3766	0.0099	0.7630	0.1112	34.9075	-0.0001	0.0062	3.9484	0.0433	4.8420	6.6805	0.0004	0.0003	0.0000	0.0000	0.0000	0.0000	0.0004	0.0003	0.0000	0.0121	0.0003	0.0118	0.0002	0.0002	0.0000	0.0120	0.0002	0.0118	0.0013	0.0011	0.0002	0.0004	0.0004	0.0000	0.0009	0.0007	0.0002	0.0822	0.0548	0.0273	0.0504	0.0385	0.0119	0.0317	0.0163	0.0155	1.9210	48.6122	0.4449	0.0000	0.0000	0.0000	1.0975	46.1026	0.2876	0.1476	0.0062	0.4313	0.0035	0.0046	0.0001	0.3766	0.0099	0.7630
103	137	0.2213	9	1	1	1	1	0	0	0	0	N	N	N	N	N	N	N	N	N	N	N	N	0.0000	0.0000	0.0000	0.0000	0.0000	0.0000	0.0000	0.0000	0.0000	0.0000	0.0000	0.0000	0.0000	0.0000	0.0000	0.0000	0.0000	0.0000	0.0000	0.0000	3.9484	0.0000	4.8420	0.0000	0.0000	0.0000	0.0000	0.0000	0.0000	0.0000	0.0000	0.0000	0.0000	0.0000	0.0000	0.0000	0.0000	0.0000	0.0000	0.0000	0.0000	0.0000	0.0000	0.0000	0.0000	0.0000	0.0000	0.0000	0.0000	0.0000	0.0000	0.0000	0.0000	0.0000	0.0000	0.0000	0.0000	0.0000	0.0000	0.0000	0.0000	0.0000	0.0000	0.0000	0.0000	0.0000	0.0000	0.0000	0.0000	0.0000	0.0000	0.0000	0.0000	0.0000	0.0000	0.0000	0.0000	0.0000											
103	138	0.2163	8	1	1	1	1	0	0	0	0	N	N	N	N	N	N	N	N	N	N	N	N	0.0000	0.0000	0.0000	0.0000	0.0000	0.0000	0.0000	0.0000	0.0000	0.0000	0.0000	0.0000	0.0000	0.0000	0.0000	0.0000	0.0000	0.0000	0.0000	0.0000	0.0000	0.0000	0.0000	0.0000	0.0000	1.8751	0.0000	0.0000	3.9484	0.0021	4.8420	2.0000	0.0000	0.0000	0.0000	0.0000	0.0000	0.0000	0.0000	0.0000	0.0000	0.0000	0.0000	0.0000	0.0000	0.0000	0.0000	0.0000	0.0000	0.0000	0.0001	0.0001	0.0000	0.0001	0.0001	0.0000	0.0001	0.0000	0.0000	0.0296	0.0190	0.0106	0.0090	0.0080	0.0010	0.0206	0.0110	0.0096	0.0000	0.0000	0.0000	0.0000	0.0000	0.0000	0.0000	0.0000	0.0000	0.0000	0.0000	0.0000	0.0000	0.0000	0.0000	0.0000	0.0000	0.0000			
103	139	0.2060	7	1	0	1	1	0	0	0	0	N	N	N	N	N	N	N	N	N	N	N	N	0.0000	0.0000	0.0000	0.0000	0.0000	0.0000	0.0000	0.0000	0.0000	0.0000	0.0000	0.0000	0.0000	0.0000	0.0000	0.0000	0.0038	0.0021	0.0069	0.0045	0.0051	0.0000	0.0035	0.0000	0.0076	1.8751	0.0000	0.0000	3.9484	1.0020	4.8420	3.0181	0.0000	0.0000	0.0000	0.0000	0.0000	0.0000	0.0000	0.0000	0.0000	0.0002	0.0001	0.0001	0.0001	0.0001	0.0000	0.0001	0.0000	0.0001	0.0269	0.0228	0.0041	0.0022	0.0021	0.0002	0.0247	0.0208	0.0039	0.0599	0.0382	0.0218	0.0177	0.0156	0.0020	0.0423	0.0225	0.0198	0.0000	0.0000	0.0000	0.0000	0.0000	0.0000	0.0000	0.0000	0.0000	0.0038	0.0021	0.0069	0.0045	0.0051	0.0000	0.0035	0.0000	0.0076			
103	140	0.1917	7	1	1	1	0	0	0	0	0	N	N	N	N	N	N	N	N	N	N	N	N	0.0000	0.0000	0.0000	0.0000	0.0000	0.0000	0.0000	0.0000	0.0000	0.0000	0.0000	0.0000	0.0000	0.0000	0.0000	0.0000	0.0000	0.0000	0.0000	0.0000	3.9484	0.0000	4.8420	4.0001	0.0000	0.0000	0.0000	0.0000	0.0000	0.0000	0.0000	0.0000	0.0000	0.0000	0.0000	0.0000	0.0000	0.0000	0.0000	0.0000	0.0000	0.0000	0.0000	0.0000	0.0000	0.0000	0.0000	0.0000	0.0000	0.0000	0.0000	0.0598	0.0378	0.0220	0.0166	0.0147	0.0019	0.0431	0.0231	0.0201	0.0000	0.0000	0.0000	0.0000	0.0000	0.0000	0.0000	0.0000	0.0000	0.0000	0.0000	0.0000	0.0000	0.0000	0.0000	0.0000	0.0000	0.0000											
103	141	0.5693	9	1	1	1	0	0	0	0	0	N	N	N	N	N	N	N	N	N	N	N	N	0.0002	0.0002	0.0000	0.0000	0.0000	0.0021	0.0013	0.0000	0.0000	0.0000	0.0000	0.0000	0.0000	0.0000	0.0000	0.0000	0.0000	0.0016	0.0023	0.0000	0.0024	0.0031	0.0000	0.0003	0.0005	0.0000	0.0000	0.0001	-0.0000	-0.0001	3.9484	1.0003	4.8420	5.0186	0.0000	0.0000	0.0000	0.0000	0.0000	0.0000	0.0000	0.0000	0.0000	0.0001	0.0001	0.0000	0.0001	0.0001	0.0000	0.0000	0.0000	0.0000	0.0261	0.0226	0.0035	0.0078	0.0072	0.0006	0.0183	0.0154	0.0029	0.0720	0.0483	0.0237	0.0446	0.0343	0.0103	0.0274	0.0140	0.0134	0.0002	0.0002	0.0000	0.0000	0.0000	0.0000	0.0021	0.0013	0.0000	0.0016	0.0023	0.0000	0.0024	0.0031	0.0000	0.0003	0.0005	0.0000	
103	142	0.2060	7	1	0	2	1	0	0	0	0	N	N	Y	N	N	N	N	N	N	N	N	N	0.0000	0.0000	0.0000	0.0000	0.0000	0.0000	0.0000	0.0000	0.0000	0.0000	0.0000	0.0000	0.0000	0.0000	0.0000	0.0000	0.0000	0.1149	0.1805	0.0002	0.0000	0.0000	0.0000	0.1627	0.3049	0.0002	0.0007	0.0000	-0.0069	3.9484	0.0001	4.8420	9.0026	0.0000	0.0000	0.0000	0.0000	0.0000	0.0000	0.0000	0.0000	0.0000	0.0151	0.0151	0.0000	0.0000	0.0000	0.0000	0.0151	0.0151	0.0000	0.0000	0.0000	0.0000	0.0000	0.0000	0.0000	0.0000	0.0000	0.0000	0.1311	0.0835	0.0477	0.0385	0.0341	0.0044	0.0926	0.0494	0.0433	0.0000	0.0000	0.0000	0.0000	0.0000	0.0000	0.0000	0.0000	0.0000	0.1149	0.1805	0.0002	0.0000	0.0000	0.0000	0.1627	0.3049	0.0002		
103	143	0.5548	9	1	0	2	1	0	0	0	0	N	N	Y	N	N	N	N	N	N	N	N	N	91.3164	12077.3682	0.0000	0.0000	0.0000	0.0000	49.0817	12037.9087	0.0000	19.2517	22.2932	0.0000	0.0000	0.0000	0.0000	26.6315	31.6767	0.0000	0.2108	0.0018	0.6283	0.0012	0.0015	0.0000	0.5426	0.0026	1.1100	0.0000	170.3820	-0.4410	0.0136	3.9484	2.0061	4.8420	8.0425	0.9997	0.9997	0.0000	0.0000	0.0000	0.0000	0.9997	0.9997	0.0000	0.0254	0.0001	0.0252	0.0001	0.0001	0.0000	0.0253	0.0001	0.0252	0.0519	0.0448	0.0071	0.0144	0.0133	0.0011	0.0375	0.0316	0.0060	0.1203	0.0802	0.0401	0.0737	0.0563	0.0174	0.0466	0.0239	0.0227	91.3164	12077.3682	0.0000	0.0000	0.0000	0.0000	49.0817	12037.9087	0.0000	0.2108	0.0018	0.6283	0.0012	0.0015	0.0000	0.5426	0.0026	1.1100
103	144	0.5457	8	1	0	1	1	0	0	0	0	N	N	N	N	N	N	N	N	N	N	N	N	0.0000	0.0000	0.0000	0.0000	0.0000	0.0000	0.0000	0.0000	0.0000	0.0000	0.0000	0.0000	0.0000	0.0000	0.0000	0.0000	0.0000	0.0000	0.0089	0.0102	0.0058	0.0091	0.0110	0.0000	0.0086	0.0085	0.0088	0.2273	0.0000	-0.0002	3.9484	1.9550	4.8420	2.1189	0.0000	0.0000	0.0000	0.0000	0.0000	0.0000	0.0000	0.0000	0.0000	0.0007	0.0005	0.0001	0.0004	0.0004	0.0000	0.0003	0.0001	0.0001	0.0544	0.0469	0.0075	0.0180	0.0163	0.0017	0.0364	0.0306	0.0058	0.0729	0.0520	0.0209	0.0422	0.0349	0.0072	0.0308	0.0171	0.0137	0.0000	0.0000	0.0000	0.0000	0.0000	0.0000	0.0000	0.0000	0.0000	0.0089	0.0102	0.0058	0.0091	0.0110	0.0000	0.0086	0.0085	0.0088	
103	145	0.5457	8	1	0	2	1	0	0	0	0	N	N	Y	N	N	N	N	N	N	N	N	N	0.0000	0.0000	0.0000	0.0000	0.0000	0.0000	0.0000	0.0000	0.0000	0.0000	0.0000	0.0000	0.0000	0.0000	0.0000	0.0000	0.0000	0.0000	2.7153	4.0093	0.0018	4.5692	6.2828	0.0030	0.0197	0.0368	0.0010	0.0002	0.0000	-0.3186	3.9484	2.1261	4.8420	18.6477	0.0000	0.0000	0.0000	0.0000	0.0000	0.0000	0.0000	0.0000	0.0000	0.6955	0.6953	0.0001	0.6934	0.6933	0.0001	0.0021	0.0020	0.0001	0.0588	0.0507	0.0081	0.0193	0.0175	0.0018	0.0395	0.0332	0.0063	0.2561	0.1734	0.0827	0.1518	0.1189	0.0328	0.1044	0.0545	0.0499	0.0000	0.0000	0.0000	0.0000	0.0000	0.0000	0.0000	0.0000	0.0000	2.7153	4.0093	0.0018	4.5692	5.8289	0.0030	0.0197	0.0368	0.0010	
103	146	0.2060	7	1	0	2	1	0	0	0	0	N	N	Y	N	N	N	N	N	N	N	N	N	215035.3693	15437595.2223	15.6430	0.0000	0.0000	167307.7049	inf	14.7980	18.6960	22.0330	0.0037	0.0000	0.0000	0.0000	20.3780	24.2128	0.0039	0.0001	0.0000	0.0002	0.0000	0.0000	0.0000	0.0001	0.0000	0.0003	0.0000	94.6948	-0.4410	0.0000	3.9484	2.0001	4.8420	5.9880	0.9998	0.9998	0.0000	0.0000	0.0000	0.0000	0.9998	0.9998	0.0000	0.0000	0.0000	0.0000	0.0000	0.0000	0.0000	0.0000	0.0000	0.0000	0.0535	0.0454	0.0081	0.0044	0.0041	0.0003	0.0491	0.0413	0.0078	0.1169	0.0744	0.0425	0.0343	0.0304	0.0039	0.0826	0.0440	0.0386	215035.3693	15437595.2223	15.6430	0.0000	0.0000	0.0000	167307.7049	inf	14.7980	0.0001	0.0000	0.0002	0.0000	0.0000	0.0000	0.0001	0.0000	0.0003	
103	147	0.2060	7	1	0	2	1	0	0	0	0	N	N	Y	N	N	N	N	N	N	N	N	N	0.0000	0.0000	0.0000	0.0000	0.0000	0.0000	0.0000	0.0000	0.0000	0.0000	0.0000	0.0000	0.0000	0.0000	0.0000	0.0000	0.0000	0.0002	0.0002	0.0001	0.0002	0.0003	0.0000	0.0001	0.0001	0.0001	0.4003	0.0000	-0.0000	3.9484	9.0001	4.8420	23.0169	0.0000	0.0000	0.0000	0.0000	0.0000	0.0000	0.0000	0.0000	0.0000	0.0001	0.0001	0.0000	0.0000	0.0000	0.0000	0.0000	0.0000	0.0000	0.2330	0.1981	0.0349	0.0192	0.0178	0.0014	0.2138	0.1803	0.0335	0.4209	0.2674	0.1535	0.1213	0.1073	0.0140	0.2996	0.1601	0.1395	0.0000	0.0000	0.0000	0.0000	0.0000	0.0000	0.0000	0.0000	0.0000	0.0002	0.0002	0.0001	0.0002	0.0003	0.0000	0.0001	0.0001	0.0001		
103	148	0.1807	6	1	0	1	1	0	0	0	0	N	N	N	N	N	N	N	N	N	N	N	N	6.1255	6.4094	0.0062	1.8180	1.7511	0.0409	15.7626	87032.1340	0.0059	0.0122	0.0144	0.0000	0.0090	0.0097	0.0000	0.0125	0.0149	0.0000	0.0020	0.0022	0.0016	0.0049	0.0055	0.0001	0.0008	0.0000	0.0017	0.0001	0.3967	-0.0003	-0.0001	3.9484	1.9990	4.8420	7.9526	0.0007	0.0007	0.0000	0.0000	0.0000	0.0000	0.0006	0.0006	0.0000	0.0003	0.0002	0.0001	0.0002	0.0002	0.0000	0.0001	0.0000	0.0001	0.0537	0.0455	0.0082	0.0044	0.0041	0.0003	0.0493	0.0415	0.0079	0.1543	0.0980	0.0563	0.0447	0.0398	0.0048	0.1096	0.0582	0.0514	6.1255	6.4094	0.0062	1.8180	1.7511	0.0409	15.7626	87032.1340	0.0059	0.0020	0.0022	0.0016	0.0049	0.0055	0.0001	0.0008	0.0000	0.0017
103	149	0.1488	5	2	1	1	0	0	0	0	0	Y	N	N	N	N	N	N	N	N	N	N	N	32.6574	369.2681	0.0099	368.7505	579.0046	0.0017	25.8239	278.2707	0.0094	2.4588	2.8832	0.0020	1.1145	1.1533	0.0000	2.6954	3.2364	0.0020	0.0753	0.0078	0.1992	0.0030	0.0020	0.0118	0.1044	0.0116	0.2167	0.0001	13.8971	-0.1820	0.0126	3.9484	5.3497	4.8420	17.2225	0.4128	0.4128	0.0000	0.0280	0.0280	0.0000	0.3848	0.3848	0.0000	0.0266	0.0018	0.0248	0.0003	0.0002	0.0001	0.0263	0.0016	0.0247	0.1679	0.1432	0.0247	0.0251	0.0243	0.0008	0.1428	0.1189	0.0239	0.3530	0.2285	0.1245	0.1013	0.0906	0.0107	0.2517	0.1379	0.1138	32.6574	369.2681	0.0099	368.7505	579.0046	0.0017	25.8239	278.2707	0.0094	0.0753	0.0078	0.1992	0.0030	0.0020	0.0118	0.1044	0.0116	0.2167
103	150	0.1796	6	1	1	1	0	0	0	0	0	N	N	N	N	N	N	N	N	N	N	N	N	52.5825	407.9250	0.0000	907.0460	987.0532	0.0000	0.0000	0.0000	0.0000	2.3398	2.6922	0.0000	8.8949	9.1816	0.0000	0.0000	0.0000	0.0000	0.0445	0.0066	0.1214	0.0098	0.0093	0.0148	0.0618	0.0044	0.1323	0.0000	9.0635	-0.1608	0.0073	3.9484	3.6794	4.8420	17.4287	0.3644	0.3644	0.0000	0.3644	0.3644	0.0000	0.0000	0.0000	0.0000	0.0165	0.0016	0.0149	0.0012	0.0010	0.0002	0.0153	0.0006	0.0147	0.1558	0.1354	0.0204	0.0410	0.0397	0.0013	0.1148	0.0957	0.0191	0.3717	0.2490	0.1227	0.1238	0.1124	0.0114	0.2479	0.1366	0.1113	52.5825	407.9250	0.0000	907.0460	987.0532	0.0000	0.0000	0.0000	0.0000	0.0445	0.0066	0.1214	0.0098	0.0093	0.0148	0.0618	0.0044	0.1323
103	151	0.1488	5	1	1	1	0	0	0	0	0	N	N	N	N	N	N	N	N	N	N	N	N	13.7912	13.7246	8.8864	23.9193	21.9943	594.0327	11.1163	79.0025	7.3618	4.8939	5.2823	2.6356	19.4012	19.6281	10.8246	1.7266	1.5920	2.3694	0.3549	0.3849	0.2966	0.8111	0.8924	0.0182	0.1553	0.0202	0.3219	0.0858	0.3970	-0.2111	-0.0147	3.9484	3.4464	4.8420	10.1316	0.5831	0.5370	0.0461	0.4142	0.4083	0.0060	0.1689	0.1287	0.0401	0.0846	0.0606	0.0240	0.0588	0.0587	0.0001	0.0258	0.0018	0.0239	0.1191	0.1017	0.0175	0.0214	0.0208	0.0006	0.0978	0.0809	0.0169	0.2384	0.1574	0.0811	0.0725	0.0658	0.0067	0.1659	0.0916	0.0743	13.7912	13.7246	8.8864	23.9193	21.9943	594.0327	11.1163	79.0025	7.3618	0.3549	0.3849	0.2966	0.8111	0.8924	0.0182	0.1553	0.0202	0.3219
103	152	0.5761	11	2	1	1	0	0	0	0	0	Y	N	N	N	N	N	N	N	N	N	N	N	0.0000	0.0000	0.0000	0.0000	0.0000	0.0000	0.0000	0.0000	0.0000	0.0000	0.0000	0.0000	0.0000	0.0000	0.0000	0.0000	0.0015	0.0008	0.0030	0.0009	0.0011	0.0000	0.0026	0.0000	0.0053	1.8739	0.0000	0.0000	3.9484	1.0143	4.8420	12.0086	0.0000	0.0000	0.0000	0.0000	0.0000	0.0000	0.0000	0.0000	0.0000	0.0002	0.0001	0.0001	0.0001	0.0001	0.0000	0.0001	0.0000	0.0001	0.0270	0.0234	0.0036	0.0082	0.0076	0.0006	0.0187	0.0158	0.0030	0.1498	0.1004	0.0494	0.0923	0.0710	0.0213	0.0575	0.0295	0.0281	0.0000	0.0000	0.0000	0.0000	0.0000	0.0000	0.0000	0.0000	0.0000	0.0015	0.0008	0.0030	0.0009	0.0011	0.0000	0.0026	0.0000	0.0053			
103	153	0.5739	10	2	1	1	0	0	0	0	0	Y	N	N	N	N	N	N	N	N	N	N	N	0.0000	0.0000	0.0000	0.0000	0.0000	0.0000	0.0000	0.0000	0.0000	0.0000	0.0000	0.0000	0.0000	0.0000	0.0000	0.0000	0.0000	0.0001	0.0001	0.0000	0.0001	0.0002	0.0000	0.0001	0.0000	0.0001	0.2053	0.0000	-0.0000	3.9484	0.9811	4.8420	0.0216	0.0000	0.0000	0.0000	0.0000	0.0000	0.0000	0.0000	0.0000	0.0000	0.0000	0.0000	0.0000	0.0000	0.0000	0.0000	0.0000	0.0000	0.0000	0.0258	0.0224	0.0034	0.0077	0.0072	0.0006	0.0181	0.0152	0.0029	0.0123	0.0082	0.0040	0.0076	0.0059	0.0018	0.0046	0.0024	0.0023	0.0000	0.0000	0.0000	0.0000	0.0000	0.0000	0.0000	0.0000	0.0000	0.0001	0.0001	0.0000	0.0001	0.0002	0.0000	0.0001	0.0000	0.0001		
103	154	0.5693	9	2	1	1	0	0	0	0	0	Y	N	N	N	N	N	N	N	N	N	N	N	0.0086	0.0067	0.0000	0.0000	0.0000	0.0756	0.0461	0.0000	0.0000	0.0000	0.0000	0.0000	0.0000	0.0000	0.0001	0.0001	0.0000	0.0045	0.0068	0.0000	0.0068	0.0089	0.0000	0.0008	0.0016	0.0000	0.0000	0.0004	-0.0000	-0.0001	3.9484	0.0083	4.8420	2.0001	0.0000	0.0000	0.0000	0.0000	0.0000	0.0000	0.0000	0.0000	0.0000	0.0001	0.0001	0.0000	0.0001	0.0001	0.0000	0.0000	0.0000	0.0000	0.0003	0.0002	0.0000	0.0001	0.0001	0.0000	0.0002	0.0001	0.0000	0.0249	0.0168	0.0082	0.0154	0.0119	0.0035	0.0095	0.0048	0.0047	0.0086	0.0067	0.0000	0.0000	0.0000	0.0000	0.0756	0.0461	0.0000	0.0045	0.0068	0.0000	0.0068	0.0089	0.0000	0.0008	0.0016	0.0000	
103	155	0.5457	8	1	1	1	0	0	0	0	0	N	N	N	N	N	N	N	N	N	N	N	N	0.0032	0.0026	0.0000	0.0000	0.0000	0.0000	0.7875	0.5246	0.0000	0.0018	0.0021	0.0000	0.0000	0.0000	0.0000	0.0026	0.0031	0.0000	0.5478	0.7962	0.0002	0.9252	1.1620	0.0001	0.0033	0.0059	0.0004	0.0000	0.0001	-0.0001	-0.0363	3.9484	2.9180	4.8420	7.4065	0.0001	0.0001	0.0000	0.0000	0.0000	0.0000	0.0001	0.0001	0.0000	0.0792	0.0792	0.0000	0.0790	0.0790	0.0000	0.0002	0.0002	0.0000	0.0789	0.0682	0.0108	0.0252	0.0229	0.0022	0.0538	0.0452	0.0085	0.1445	0.0994	0.0451	0.0854	0.0680	0.0174	0.0592	0.0315	0.0277	0.0032	0.0026	0.0000	0.0000	0.0000	0.0000	0.7875	0.5246	0.0000	0.5478	0.7962	0.0002	0.9252	1.1620	0.0001	0.0033	0.0059	0.0004
103	156	0.4799	7	1	0	1	0	0	0	0	0	N	N	N	N	N	N	N	N	N	N	N	N	0.1078	0.0855	0.0000	0.6550	0.5874	0.0000	0.0000	0.0000	0.0000	0.0026	0.0030	0.0000	0.0062	0.0069	0.0000	0.0000	0.0000	0.0000	0.0242	0.0350	0.0003	0.0095	0.0117	0.0006	0.0458	0.0872	0.0002	0.0000	0.0042	-0.0004	-0.0045	3.9484	8.2479	4.8420	19.7214	0.0009	0.0009	0.0000	0.0009	0.0009	0.0000	0.0000	0.0000	0.0000	0.0099	0.0099	0.0000	0.0023	0.0023	0.0000	0.0076	0.0076	0.0000	0.3366	0.2937	0.0429	0.1410	0.1276	0.0134	0.1956	0.1661	0.0295	0.4107	0.2830	0.1277	0.2443	0.1958	0.0485	0.1664	0.0872	0.0792	0.1078	0.0855	0.0000	0.6550	0.5874	0.0000	0.0000	0.0000	0.0000	0.0242	0.0350	0.0003	0.0095	0.0117	0.0006	0.0458	0.0872	0.0002
103	157	0.4437	6	1	0	1	0	0	0	0	0	N	N	N	N	N	N	N	N	N	N	N	N	0.2112	0.1787	0.1386	0.7902	0.7533	0.0000	0.0190	0.0096	0.2151	0.0122	0.0138	0.0019	0.0352	0.0385	0.0000	0.0015	0.0013	0.0024	0.0580	0.0773	0.0140	0.0445	0.0511	0.0179	0.0788	0.1383	0.0114	0.0213	0.0792	-0.0012	-0.0088	3.9484	7.4725	4.8420	14.3153	0.0029	0.0028	0.0001	0.0026	0.0026	0.0000	0.0002	0.0002	0.0001	0.0228	0.0211	0.0017	0.0106	0.0098	0.0008	0.0122	0.0113	0.0008	0.2353	0.2043	0.0310	0.0751	0.0687	0.0065	0.1602	0.1357	0.0245	0.3925	0.2729	0.1196	0.2384	0.1910	0.0473	0.1542	0.0819	0.0723	0.2112	0.1787	0.1386	0.7902	0.7533	0.0000	0.0190	0.0096	0.2151	0.0580	0.0773	0.0140	0.0445	0.0511	0.0179	0.0788	0.1383	0.0114
103	158	0.3782	5	1	0	1	0	0	0	0	0	N	N	N	N	N	N	N	N	N	N	N	N	0.0873	0.1524	0.0017	0.2482	0.2704	0.0000	0.0451	0.0901	0.0015	0.0090	0.0103	0.0003	0.0132	0.0140	0.0000	0.0076	0.0089	0.0004	0.1033	0.0675	0.1863	0.0531	0.0518	0.0593	0.1679	0.0983	0.2501	0.0046	1.1877	-0.0014	0.0049	3.9484	11.6653	4.8420	19.4910	0.0031	0.0031	0.0000	0.0012	0.0012	0.0000	0.0020	0.0019	0.0000	0.0581	0.0266	0.0316	0.0168	0.0135	0.0034	0.0413	0.0131	0.0282	0.3480	0.3035	0.0445	0.0899	0.0847	0.0052	0.2580	0.2188	0.0393	0.5628	0.3934	0.1694	0.3168	0.2602	0.0566	0.2460	0.1332	0.1128	0.0873	0.1524	0.0017	0.2482	0.2704	0.0000	0.0451	0.0901	0.0015	0.1033	0.0675	0.1863	0.0531	0.0518	0.0593	0.1679	0.0983	0.2501
103	159	0.3310	4	1	0	1	0	0	0	0	0	N	N	N	N	N	N	N	N	N	N	N	N	0.7212	0.6182	0.0077	7.0618	7.9620	0.0000	0.0194	0.0127	0.0132	0.1181	0.1348	0.0003	0.3172	0.3409	0.0000	0.0062	0.0073	0.0003	0.1638	0.2180	0.0357	0.0449	0.0428	0.0549	0.3206	0.5718	0.0261	0.0003	0.0693	-0.0145	-0.0387	3.9484	7.3933	4.8420	20.5306	0.0329	0.0329	0.0000	0.0318	0.0318	0.0000	0.0011	0.0011	0.0000	0.0983	0.0919	0.0064	0.0153	0.0121	0.0033	0.0830	0.0798	0.0031	0.2786	0.2441	0.0345	0.1003	0.0933	0.0070	0.1783	0.1508	0.0275	0.6003	0.4217	0.1786	0.3415	0.2821	0.0595	0.2587	0.1396	0.1191	0.7212	0.6182	0.0077	7.0618	7.9620	0.0000	0.0194	0.0127	0.0132	0.1638	0.2180	0.0357	0.0449	0.0428	0.0549	0.3206	0.5718	0.0261
103	160	0.0948	3	1	0	1	0	0	0	0	0	N	N	N	N	N	N	N	N	N	N	N	N	0.0674	0.0508	0.0070	0.0000	0.0000	0.0000	0.0539	0.0357	0.0066	0.0484	0.0568	0.0003	0.0000	0.0000	0.0000	0.0507	0.0597	0.0003	0.7177	1.1178	0.0449	0.0477	0.0550	0.0016	0.9398	1.6719	0.0492	0.0010	0.0239	-0.0132	-0.2903	3.9484	27.6416	4.8420	54.6365	0.0300	0.0300	0.0000	0.0000	0.0000	0.0000	0.0300	0.0300	0.0000	0.6673	0.6517	0.0156	0.0110	0.0110	0.0001	0.6562	0.6407	0.0155	0.6201	0.5281	0.0920	0.0280	0.0259	0.0021	0.5921	0.5022	0.0899	0.9297	0.5830	0.3467	0.2314	0.1998	0.0317	0.6983	0.3832	0.3151	0.0674	0.0508	0.0070	0.0000	0.0000	0.0000	0.0539	0.0357	0.0066	0.7177	1.1178	0.0449	0.0477	0.0550	0.0016	0.9398	1.6719	0.0492
103	161	0.1993	9	2	1	1	0	0	0	0	0	Y	N	N	N	N	N	N	N	N	N	N	N	0.0000	0.0000	0.0000	0.0000	0.0000	0.0000	0.0000	0.0000	0.0000	0.0000	0.0000	0.0000	0.0000	0.0000	0.0000	0.0000	0.0002	0.0003	0.0000	0.0006	0.0007	0.0000	0.0000	0.0000	0.0000	0.0076	0.0000	-0.0000	3.9484	0.0002	4.8420	3.0099	0.0000	0.0000	0.0000	0.0000	0.0000	0.0000	0.0000	0.0000	0.0000	0.0000	0.0000	0.0000	0.0000	0.0000	0.0000	0.0000	0.0000	0.0000	0.0000	0.0000	0.0000	0.0000	0.0000	0.0000	0.0000	0.0000	0.0000	0.0460	0.0293	0.0167	0.0131	0.0116	0.0014	0.0330	0.0177	0.0153	0.0000	0.0000	0.0000	0.0000	0.0000	0.0000	0.0000	0.0000	0.0000	0.0002	0.0003	0.0000	0.0006	0.0007	0.0000	0.0000	0.0000	0.0000			
103	162	0.1917	8	2	1	1	0	0	0	0	0	Y	N	N	N	N	N	N	N	N	N	N	N	0.0000	0.0000	0.0000	0.0000	0.0000	0.0000	0.0000	0.0000	0.0000	0.0000	0.0000	0.0000	0.0000	0.0004	0.0000	0.0011	0.0000	0.0000	0.0000	0.0005	0.0000	0.0012	inf	0.0000	0.0000	3.9484	0.9998	4.8420	2.0118	0.0000	0.0000	0.0000	0.0000	0.0000	0.0000	0.0000	0.0000	0.0000	0.0000	0.0000	0.0000	0.0000	0.0000	0.0000	0.0000	0.0000	0.0000	0.0268	0.0228	0.0041	0.0021	0.0020	0.0002	0.0247	0.0208	0.0039	0.0452	0.0286	0.0166	0.0126	0.0111	0.0014	0.0326	0.0175	0.0152	0.0000	0.0000	0.0000	0.0000	0.0000	0.0000	0.0000	0.0000	0.0000	0.0004	0.0000	0.0011	0.0000	0.0000	0.0000	0.0005	0.0000	0.0012						
103	163	0.1917	7	2	1	1	0	0	0	0	0	Y	N	N	N	N	N	N	N	N	N	N	N	0.0000	0.0000	0.0000	0.0000	0.0000	0.0000	0.0000	0.0000	0.0000	0.0000	0.0000	0.0000	0.0000	0.0000	0.0000	0.0000	0.0000	0.0000	0.0000	0.0000	3.9484	0.0000	4.8420	0.0003	0.0000	0.0000	0.0000	0.0000	0.0000	0.0000	0.0000	0.0000	0.0000	0.0000	0.0000	0.0000	0.0000	0.0000	0.0000	0.0000	0.0000	0.0000	0.0000	0.0000	0.0000	0.0000	0.0000	0.0000	0.0000	0.0000	0.0000	0.0000	0.0000	0.0000	0.0000	0.0000	0.0000	0.0000	0.0000	0.0000	0.0000	0.0000	0.0000	0.0000	0.0000	0.0000	0.0000	0.0000	0.0000	0.0000	0.0000	0.0000	0.0000	0.0000	0.0000	0.0000	0.0000	0.0000											
103	164	0.1807	6	1	1	1	0	0	0	0	0	N	N	N	N	N	N	N	N	N	N	N	N	568.6813	471.0133	2.2365	32.4282	29.3450	5.3565	9279.5430	7575307.5665	2.1153	1.4126	1.7111	0.0010	0.2440	0.2458	0.0010	2.0359	2.7642	0.0010	0.0025	0.0036	0.0004	0.0075	0.0084	0.0002	0.0002	0.0000	0.0005	0.0001	0.0676	-0.0003	-0.0001	3.9484	0.0063	4.8420	4.3641	0.0007	0.0007	0.0000	0.0000	0.0000	0.0000	0.0006	0.0006	0.0000	0.0002	0.0002	0.0000	0.0002	0.0002	0.0000	0.0000	0.0000	0.0000	0.0005	0.0004	0.0001	0.0002	0.0002	0.0000	0.0003	0.0002	0.0001	0.0751	0.0481	0.0270	0.0233	0.0209	0.0024	0.0518	0.0272	0.0246	568.6813	471.0133	2.2365	32.4282	29.3450	5.3565	9279.5430	7575307.5665	2.1153	0.0025	0.0036	0.0004	0.0075	0.0084	0.0002	0.0002	0.0000	0.0005
103	165	0.1488	5	1	0	1	0	0	0	0	0	N	N	N	N	N	N	N	N	N	N	N	N	58.2544	45.4295	5.1816	6.0594	5.6256	36.2887	5166.3000	8362.5936	4.7020	4.3409	5.0828	0.0063	1.4554	1.4860	0.0140	5.0845	6.1876	0.0060	0.0745	0.1119	0.0012	0.2402	0.2641	0.0004	0.0010	0.0007	0.0013	0.0002	0.0055	-0.1821	-0.0076	3.9484	2.5207	4.8420	10.0226	0.4129	0.4129	0.0001	0.0284	0.0284	0.0000	0.3846	0.3845	0.0001	0.0167	0.0166	0.0001	0.0166	0.0166	0.0000	0.0002	0.0001	0.0001	0.0951	0.0812	0.0139	0.0195	0.0191	0.0004	0.0756	0.0621	0.0135	0.2246	0.1488	0.0758	0.0691	0.0628	0.0063	0.1556	0.0860	0.0696	58.2544	45.4295	5.1816	6.0594	5.6256	36.2887	5166.3000	8362.5936	4.7020	0.0745	0.1119	0.0012	0.2402	0.2641	0.0004	0.0010	0.0007	0.0013
103	166	0.1332	4	1	0	1	0	0	0	0	0	N	N	N	N	N	N	N	N	N	N	N	N	39.4295	68.6217	2.1376	64.0933	61.5723	70.9321	29.2472	394.3160	1.6813	9.8791	11.3139	0.9228	18.4194	19.2158	2.1271	6.6981	7.9244	0.8013	0.2506	0.1649	0.4317	0.2874	0.3121	0.0300	0.2290	0.0201	0.4766	0.0131	1.2385	-0.4898	0.0045	3.9484	2.6894	4.8420	4.6619	1.1439	1.1292	0.0148	0.5788	0.5757	0.0031	0.5651	0.5535	0.0116	0.0469	0.0210	0.0260	0.0199	0.0197	0.0002	0.0271	0.0013	0.0258	0.1158	0.0998	0.0160	0.0314	0.0300	0.0015	0.0844	0.0698	0.0145	0.1872	0.1271	0.0601	0.0691	0.0630	0.0060	0.1182	0.0641	0.0541	39.4295	68.6217	2.1376	64.0933	61.5723	70.9321	29.2472	394.3160	1.6813	0.2506	0.1649	0.4317	0.2874	0.3121	0.0300	0.2290	0.0201	0.4766
103	167	0.0948	3	1	0	1	0	0	0	0	0	N	N	N	N	N	N	N	N	N	N	N	N	0.9068	0.8978	0.0114	0.0000	0.0000	0.0000	1.9015	3.4426	0.0104	0.2422	0.2860	0.0019	0.0000	0.0000	0.0000	0.2541	0.3014	0.0020	0.2671	0.3186	0.1703	0.5025	0.5947	0.0771	0.1336	0.0876	0.1916	0.0012	0.2842	-0.0075	-0.0149	3.9484	2.7966	4.8420	8.5340	0.0170	0.0170	0.0000	0.0000	0.0000	0.0000	0.0170	0.0170	0.0000	0.0630	0.0491	0.0139	0.0429	0.0417	0.0012	0.0201	0.0073	0.0128	0.0703	0.0594	0.0108	0.0033	0.0030	0.0002	0.0670	0.0564	0.0106	0.2359	0.1540	0.0819	0.0854	0.0701	0.0152	0.1505	0.0838	0.0667	0.9068	0.8978	0.0114	0.0000	0.0000	0.0000	1.9015	3.4426	0.0104	0.2671	0.3186	0.1703	0.5025	0.5947	0.0771	0.1336	0.0876	0.1916
104	105	0.1330	2	0	1	1	0	0	0	0	0	N	N	N	N	N	N	N	N	N	N	N	N	0.0257	0.0001	1155.0789	0.0069	0.0044	144.1284	0.0253	0.0000	1214.5782	0.0328	0.0002	0.2061	0.0022	0.0015	0.0535	0.0377	0.0000	0.2079	1.2746	2.1823	0.0002	0.3235	0.3527	0.0004	1.4863	2.9146	0.0002	156.5455	0.0001	0.0061	-0.4747	8.9557	4.2679	32.3127	7.8415	0.0110	0.0001	0.0110	0.0001	0.0001	0.0000	0.0109	0.0000	0.0109	1.0358	1.0357	0.0001	0.0478	0.0478	0.0000	0.9879	0.9879	0.0001	0.3360	0.2829	0.0531	0.0461	0.0455	0.0006	0.2899	0.2374	0.0525	0.8126	0.4746	0.3380	0.1479	0.1356	0.0123	0.6647	0.3389	0.3258	0.0257	0.0001	1155.0789	0.0069	0.0044	144.1284	0.0253	0.0000	1214.5782	1.2746	2.1823	0.0002	0.3235	0.3527	0.0004	1.4863	2.9146	0.0002
104	108	0.1610	4	0	2	0	0	0	0	0	0	N	Y	N	N	N	N	N	N	N	N	N	N	0.0046	0.0666	0.0000	0.1180	0.1112	0.0000	0.0000	0.0000	0.0000	0.0057	0.0067	0.0000	0.0363	0.0379	0.0000	0.0000	0.0000	0.0000	1.2373	0.1001	3.0215	0.3072	0.3412	0.0103	1.4634	0.0029	3.1851	0.0002	19.2417	-0.0014	1.0402	8.9557	8.0392	32.3127	22.6195	0.0031	0.0031	0.0000	0.0031	0.0031	0.0000	0.0000	0.0000	0.0000	2.1131	0.1044	2.0088	0.1026	0.1022	0.0004	2.0106	0.0022	2.0084	0.5476	0.4675	0.0801	0.0859	0.0821	0.0038	0.4617	0.3854	0.0763	1.7078	1.0430	0.6648	0.3339	0.2996	0.0343	1.3739	0.7434	0.6306	0.0046	0.0666	0.0000	0.1180	0.1112	0.0000	0.0000	0.0000	0.0000	1.2373	0.1001	3.0215	0.3072	0.3412	0.0103	1.4634	0.0029	3.1851
104	109	0.1610	3	0	1	0	0	0	0	0	0	N	N	N	N	N	N	N	N	N	N	N	N	0.4791	0.2590	2.2626	0.4467	0.5102	0.0378	0.5629	0.0004	19.5894	0.1408	0.0925	0.2951	0.1851	0.1861	0.0404	0.1136	0.0001	0.2980	0.2939	0.3572	0.1304	0.4144	0.3648	1.0684	0.2017	0.3476	0.0152	0.9984	0.1414	0.0003	-0.0444	8.9557	0.2031	32.3127	2.0398	0.0058	0.0029	0.0029	0.0029	0.0029	0.0000	0.0029	0.0000	0.0029	0.1327	0.1163	0.0164	0.0811	0.0664	0.0147	0.0516	0.0499	0.0017	0.0412	0.0314	0.0098	0.0157	0.0156	0.0001	0.0255	0.0158	0.0097	0.4516	0.3255	0.1261	0.1957	0.1819	0.0138	0.2559	0.1436	0.1123	0.4791	0.2590	2.2626	0.4467	0.5102	0.0378	0.5629	0.0004	19.5894	0.2939	0.3572	0.1304	0.4144	0.3648	1.0684	0.2017	0.3476	0.0152
104	110	0.7415	9	1	1	1	0	0	0	0	0	N	N	N	N	N	N	N	N	N	N	N	N	0.0000	0.0000	0.0000	0.0000	0.0000	0.0000	0.0000	0.0000	0.0000	0.0000	0.0000	0.0000	0.0000	0.0000	0.0000	0.0000	0.0000	0.0000	0.0000	0.0000	0.0000	0.0000	0.0000	0.0000	-0.0000	8.9557	0.0001	32.3127	0.0001	0.0000	0.0000	0.0000	0.0000	0.0000	0.0000	0.0000	0.0000	0.0000	0.0000	0.0000	0.0000	0.0000	0.0000	0.0000	0.0000	0.0000	0.0000	0.0061	0.0048	0.0013	0.0031	0.0031	0.0000	0.0031	0.0018	0.0013	0.0002	0.0002	0.0001	0.0001	0.0001	0.0000	0.0001	0.0000	0.0001	0.0000	0.0000	0.0000	0.0000	0.0000	0.0000	0.0000	0.0000	0.0000	0.0000	0.0000	0.0000	0.0000	0.0000	0.0000	0.0000	0.0000	0.0000						
104	111	0.7277	8	1	1	1	0	0	0	0	0	N	N	N	N	N	N	N	N	N	N	N	N	0.4475	0.4262	0.0000	0.9017	0.7849	0.0000	0.0346	0.3570	0.0000	0.0116	0.0131	0.0000	0.0296	0.0314	0.0000	0.0005	0.0005	0.0000	0.0259	0.0307	0.0149	0.0329	0.0400	0.0014	0.0130	0.0015	0.0238	0.0000	0.2081	-0.0007	-0.0018	8.9557	1.6718	32.3127	2.9223	0.0015	0.0015	0.0000	0.0015	0.0015	0.0000	0.0000	0.0000	0.0000	0.0063	0.0052	0.0011	0.0052	0.0052	0.0000	0.0011	0.0001	0.0011	0.1303	0.1156	0.0147	0.0498	0.0471	0.0027	0.0805	0.0686	0.0120	0.2440	0.1707	0.0733	0.1587	0.1296	0.0291	0.0853	0.0411	0.0442	0.4475	0.4262	0.0000	0.9017	0.7849	0.0000	0.0346	0.3570	0.0000	0.0259	0.0307	0.0149	0.0329	0.0400	0.0014	0.0130	0.0015	0.0238
104	112	0.6442	7	1	1	1	0	0	0	0	0	N	N	N	N	N	N	N	N	N	N	N	N	0.3038	0.3548	0.0000	0.0415	0.0370	0.0000	0.6346	3380.5289	0.0000	1.0911	1.2280	0.0000	0.1805	0.1928	0.0000	1.6932	1.9756	0.0000	3.5918	3.4612	3.8833	4.3480	5.2040	0.0066	2.6681	0.0006	5.4872	0.0000	0.5027	-0.4730	-0.3693	8.9557	14.0283	32.3127	7.1084	1.0723	1.0723	0.0000	0.0706	0.0706	0.0000	1.0017	1.0017	0.0000	2.9825	1.9847	0.9978	1.9851	1.9846	0.0005	0.9974	0.0001	0.9973	0.9828	0.8732	0.1096	0.3912	0.3662	0.0250	0.5916	0.5071	0.0846	0.8304	0.5734	0.2569	0.4565	0.3814	0.0752	0.3738	0.1921	0.1817	0.3038	0.3548	0.0000	0.0415	0.0370	0.0000	0.6346	3380.5289	0.0000	3.5918	3.4612	3.8833	4.3480	5.2040	0.0066	2.6681	0.0006	5.4872
104	113	0.5839	6	0	1	0	0	0	0	0	0	N	N	N	N	N	N	N	N	N	N	N	N	0.1683	0.6005	0.0000	1.0223	1.0037	0.0004	0.0004	0.0780	0.0000	0.0107	0.0120	0.0000	0.0283	0.0299	0.0000	0.0000	0.0000	0.0000	0.0636	0.0200	0.1655	0.0277	0.0298	0.0148	0.1063	0.0006	0.2166	0.0000	3.5370	-0.0035	0.0224	8.9557	8.6129	32.3127	5.1709	0.0080	0.0080	0.0000	0.0080	0.0080	0.0000	0.0000	0.0000	0.0000	0.0699	0.0154	0.0545	0.0165	0.0153	0.0012	0.0534	0.0001	0.0532	0.7466	0.6647	0.0820	0.2820	0.2669	0.0151	0.4647	0.3978	0.0669	1.0978	0.7686	0.3291	0.5957	0.5122	0.0835	0.5021	0.2564	0.2457	0.1683	0.6005	0.0000	1.0223	1.0037	0.0004	0.0004	0.0780	0.0000	0.0636	0.0200	0.1655	0.0277	0.0298	0.0148	0.1063	0.0006	0.2166
104	114	0.4888	5	0	1	0	0	0	0	0	0	N	N	N	N	N	N	N	N	N	N	N	N	0.0037	0.0121	0.0028	0.0114	0.0298	0.0000	0.0013	0.0023	0.0036	0.0052	0.0046	0.0097	0.0116	0.0125	0.0001	0.0024	0.0007	0.0118	1.4088	0.3783	3.4823	1.0149	0.4195	4.2730	1.7841	0.3117	3.2500	0.3014	4.5746	-0.0012	1.1197	8.9557	16.8607	32.3127	22.7724	0.0059	0.0046	0.0014	0.0041	0.0041	0.0000	0.0019	0.0005	0.0014	3.0909	0.5545	2.5364	1.0867	0.3798	0.7070	2.0042	0.1747	1.8295	1.1369	0.9953	0.1416	0.3514	0.3259	0.0255	0.7855	0.6694	0.1162	2.1940	1.4657	0.7284	1.0707	0.9053	0.1654	1.1233	0.5604	0.5629	0.0037	0.0121	0.0028	0.0114	0.0298	0.0000	0.0013	0.0023	0.0036	1.4088	0.3783	3.4823	1.0149	0.4195	4.2730	1.7841	0.3117	3.2500
104	115	0.2200	4	1	1	1	0	0	0	0	0	N	N	N	N	N	N	N	N	N	N	N	N	0.0041	0.0032	0.0000	15.5891	14.1235	0.0000	0.0000	0.0000	0.0000	0.0089	0.0103	0.0000	0.0547	0.0576	0.0000	0.0000	0.0000	0.0000	2.1518	3.2666	0.0071	0.0035	0.0041	0.0000	3.3867	6.2338	0.0084	0.0000	0.0011	-0.0003	-0.4547	8.9557	1.0009	32.3127	4.0038	0.0007	0.0007	0.0000	0.0007	0.0007	0.0000	0.0000	0.0000	0.0000	0.9946	0.9934	0.0011	0.0006	0.0006	0.0000	0.9940	0.9928	0.0011	0.0735	0.0633	0.0102	0.0119	0.0113	0.0006	0.0616	0.0520	0.0096	0.4622	0.3041	0.1581	0.1687	0.1448	0.0239	0.2935	0.1593	0.1342	0.0041	0.0032	0.0000	15.5891	14.1235	0.0000	0.0000	0.0000	0.0000	2.1518	3.2666	0.0071	0.0035	0.0041	0.0000	3.3867	6.2338	0.0084
104	116	0.1917	3	1	1	1	0	0	0	0	0	N	N	N	N	N	N	N	N	N	N	N	N	0.7677	17.1072	0.0067	35.4467	39.8285	1.3238	0.0068	0.1279	0.0062	1.8976	2.2562	0.0412	3.2651	4.0010	0.0414	0.0217	0.0188	0.0407	2.4718	0.1319	6.1327	0.0921	0.1005	0.0313	3.1727	0.1472	6.5947	0.0035	29.7203	-0.2911	0.9608	8.9557	1.8441	32.3127	10.4794	0.6652	0.6628	0.0023	0.6620	0.6604	0.0016	0.0032	0.0024	0.0008	1.8874	0.0614	1.8259	0.0160	0.0153	0.0007	1.8714	0.0461	1.8253	0.3505	0.2938	0.0568	0.2027	0.1651	0.0377	0.1478	0.1287	0.0191	0.7636	0.4658	0.2977	0.1737	0.1528	0.0210	0.5898	0.3131	0.2768	0.7677	17.1072	0.0067	35.4467	39.8285	1.3238	0.0068	0.1279	0.0062	2.4718	0.1319	6.1327	0.0921	0.1005	0.0313	3.1727	0.1472	6.5947
104	117	0.3760	3	0	2	0	1	0	0	0	0	N	Y	N	N	N	N	N	N	N	N	N	N	0.8934	0.7364	1.6571	0.5649	0.0781	39.9832	0.9635	0.8488	1.0798	1.2332	1.0460	2.1468	0.4934	0.0769	2.9781	1.7686	1.7869	1.6904	1.3803	1.4204	1.2955	0.8734	0.9853	0.0745	1.8357	2.1051	1.5654	0.4205	0.4314	-0.2032	-0.5413	8.9557	10.5071	32.3127	20.2622	1.4001	0.9857	0.4144	0.2352	0.0314	0.2038	1.1649	0.9543	0.2107	3.4487	2.4093	1.0395	1.0328	1.0220	0.0108	2.4159	1.3873	1.0286	1.1354	0.9423	0.1931	0.4767	0.4083	0.0684	0.6587	0.5340	0.1246	2.4985	1.6962	0.8024	1.1824	1.0372	0.1453	1.3161	0.6590	0.6571	0.8934	0.7364	1.6571	0.5649	0.0781	39.9832	0.9635	0.8488	1.0798	1.3803	1.4204	1.2955	0.8734	0.9853	0.0745	1.8357	2.1051	1.5654
104	118	0.1398	2	0	2	0	1	0	0	0	0	N	Y	N	N	N	N	N	N	N	N	N	N	0.0094	0.0166	0.0000	0.0433	0.0433	0.0000	0.0070	0.0140	0.0000	0.0285	0.0336	0.0000	0.1095	0.1169	0.0000	0.0216	0.0257	0.0000	3.0229	2.0287	4.3590	2.5287	2.6985	0.1674	3.1023	1.8341	4.4523	0.0000	1.5989	-0.0029	0.7667	8.9557	4.0036	32.3127	26.5072	0.0066	0.0066	0.0000	0.0020	0.0020	0.0000	0.0046	0.0046	0.0000	4.8877	1.8807	3.0070	0.5658	0.5633	0.0025	4.3219	1.3174	3.0045	0.2317	0.1962	0.0355	0.0181	0.0170	0.0011	0.2136	0.1792	0.0344	1.6169	0.9270	0.6898	0.2238	0.2087	0.0150	1.3931	0.7183	0.6748	0.0094	0.0166	0.0000	0.0433	0.0433	0.0000	0.0070	0.0140	0.0000	3.0229	2.0287	4.3590	2.5287	2.6985	0.1674	3.1023	1.8341	4.4523
104	119	0.1783	3	0	2	0	0	0	0	0	0	N	Y	N	N	N	N	N	N	N	N	N	N	0.7120	40.9643	0.0000	40.8801	40.3550	0.0397	0.1756	31.5642	0.0000	1.4980	1.7384	0.0002	3.8736	4.2757	0.0004	0.4548	0.5399	0.0001	2.1039	0.0424	5.2448	0.0948	0.1060	0.0102	2.5904	0.0171	5.5641	0.0000	81.1153	-0.2328	1.6008	8.9557	3.8169	32.3127	21.2433	0.5279	0.5279	0.0000	0.4165	0.4165	0.0000	0.1113	0.1113	0.0000	3.0235	0.0368	2.9866	0.0265	0.0262	0.0003	2.9969	0.0106	2.9863	0.3524	0.3036	0.0487	0.1075	0.0974	0.0101	0.2448	0.2062	0.0386	1.4371	0.8676	0.5694	0.2801	0.2474	0.0327	1.1569	0.6202	0.5367	0.7120	40.9643	0.0000	40.8801	40.3550	0.0397	0.1756	31.5642	0.0000	2.1039	0.0424	5.2448	0.0948	0.1060	0.0102	2.5904	0.0171	5.5641
104	120	0.5240	7	0	2	0	0	0	0	0	0	N	Y	N	N	N	N	N	N	N	N	N	N	0.0069	0.0055	0.0008	0.0046	0.0042	0.0016	0.1225	0.0869	0.0001	0.0133	0.0151	0.0001	0.0172	0.0182	0.0004	0.0113	0.0133	0.0000	1.9290	2.7508	0.0733	3.7236	4.3870	0.2229	0.0919	0.1526	0.0201	0.0005	0.0118	-0.0070	-2.6348	8.9557	16.3276	32.3127	34.9199	0.0160	0.0160	0.0000	0.0070	0.0070	0.0000	0.0089	0.0089	0.0000	5.8983	5.8295	0.0688	5.7594	5.7045	0.0549	0.1389	0.1250	0.0139	1.2021	1.0594	0.1428	0.4078	0.3847	0.0231	0.7943	0.6747	0.1196	3.0577	2.1192	0.9385	1.5467	1.3003	0.2464	1.5109	0.8189	0.6920	0.0069	0.0055	0.0008	0.0046	0.0042	0.0016	0.1225	0.0869	0.0001	1.9290	2.7508	0.0733	3.7236	4.3870	0.2229	0.0919	0.1526	0.0201
104	121	0.5066	6	0	2	0	0	0	0	0	0	N	Y	N	N	N	N	N	N	N	N	N	N	0.0419	0.0364	0.0118	0.0989	0.0994	0.0035	0.0210	0.0140	0.0250	0.0349	0.0395	0.0023	0.0582	0.0614	0.0015	0.0239	0.0279	0.0024	0.8334	1.0861	0.1940	0.5882	0.6176	0.4239	1.1415	1.9926	0.0965	0.0082	0.0706	-0.0072	-0.6781	8.9557	6.1757	32.3127	14.5601	0.0167	0.0166	0.0001	0.0089	0.0089	0.0000	0.0078	0.0077	0.0001	1.7278	1.6140	0.1139	0.6791	0.6050	0.0741	1.0488	1.0090	0.0398	0.4790	0.4196	0.0594	0.1534	0.1452	0.0083	0.3256	0.2745	0.0511	2.0732	1.4860	0.5872	1.1544	0.9796	0.1748	0.9188	0.5064	0.4124	0.0419	0.0364	0.0118	0.0989	0.0994	0.0035	0.0210	0.0140	0.0250	0.8334	1.0861	0.1940	0.5882	0.6176	0.4239	1.1415	1.9926	0.0965
104	122	0.4536	5	0	1	0	0	0	0	0	0	N	N	N	N	N	N	N	N	N	N	N	N	0.0344	0.0309	0.0004	0.0687	0.0722	0.0001	0.0195	0.0136	0.0006	0.0225	0.0256	0.0001	0.0376	0.0399	0.0001	0.0148	0.0175	0.0001	0.6546	0.8299	0.2546	0.5470	0.5517	0.5146	0.7603	1.2884	0.1873	0.0005	0.1344	-0.0061	-0.5285	8.9557	7.5400	32.3127	21.4192	0.0138	0.0138	0.0000	0.0078	0.0078	0.0000	0.0060	0.0060	0.0000	1.5550	1.3708	0.1842	0.6436	0.5671	0.0765	0.9115	0.8037	0.1077	0.6114	0.5372	0.0742	0.2076	0.1956	0.0120	0.4038	0.3416	0.0622	2.3755	1.6518	0.7237	1.1766	1.0279	0.1487	1.1989	0.6238	0.5751	0.0344	0.0309	0.0004	0.0687	0.0722	0.0001	0.0195	0.0136	0.0006	0.6546	0.8299	0.2546	0.5470	0.5517	0.5146	0.7603	1.2884	0.1873
104	123	0.2138	4	0	2	0	0	0	0	0	0	N	Y	N	N	N	N	N	N	N	N	N	N	1.4341	2.9753	0.0113	0.1678	0.0017	5.6658	1.4018	2.6780	0.0000	3.4736	4.0522	0.0463	0.0302	0.0003	0.3390	4.4659	5.3207	0.0000	2.4221	1.3620	4.1125	0.1801	0.2019	0.0598	3.1858	1.9868	4.5682	0.0019	1.8937	-0.4398	0.5981	8.9557	4.0019	32.3127	19.5615	1.0015	0.9995	0.0019	0.0019	0.0000	0.0019	0.9995	0.9995	0.0000	3.0508	1.0543	1.9965	0.0576	0.0547	0.0029	2.9932	0.9996	1.9936	0.2883	0.2467	0.0416	0.0645	0.0588	0.0057	0.2238	0.1879	0.0360	1.2596	0.7741	0.4855	0.3200	0.2710	0.0491	0.9395	0.5031	0.4364	1.4341	2.9753	0.0113	0.1678	0.0017	5.6658	1.4018	2.6780	0.0000	2.4221	1.3620	4.1125	0.1801	0.2019	0.0598	3.1858	1.9868	4.5682
104	124	0.1917	3	0	1	0	0	0	0	0	0	N	N	N	N	N	N	N	N	N	N	N	N	7.3307	5.4126	18.6486	1.4732	1.5784	4.4438	83.2783	54.8640	30.4969	0.5536	0.6535	0.0460	0.4081	0.4943	0.0418	0.8058	0.9071	0.0577	0.0755	0.1207	0.0025	0.2770	0.3132	0.0094	0.0097	0.0165	0.0019	0.0139	0.0127	-0.0730	-0.0211	8.9557	1.2223	32.3127	8.2281	0.1707	0.1684	0.0023	0.0798	0.0782	0.0016	0.0909	0.0901	0.0008	0.0472	0.0467	0.0006	0.0427	0.0425	0.0002	0.0046	0.0041	0.0004	0.3084	0.2577	0.0507	0.1956	0.1583	0.0373	0.1128	0.0994	0.0135	0.6256	0.3864	0.2392	0.1541	0.1357	0.0183	0.4715	0.2507	0.2209	7.3307	5.4126	18.6486	1.4732	1.5784	4.4438	83.2783	54.8640	30.4969	0.0755	0.1207	0.0025	0.2770	0.3132	0.0094	0.0097	0.0165	0.0019
104	125	0.1398	2	0	1	0	0	0	0	0	0	N	N	N	N	N	N	N	N	N	N	N	N	0.4121	0.0000	29.6790	0.0417	0.0000	315.3354	0.9846	0.0000	29.1416	0.3622	0.0000	2.3737	0.1365	0.0001	2.1420	0.3811	0.0000	2.3814	0.8789	1.4714	0.0800	3.2738	3.4751	0.0068	0.3871	0.6941	0.0817	11865.8733	0.0403	0.0696	-0.4095	8.9557	5.9920	32.3127	12.2976	0.1245	0.0000	0.1245	0.0036	0.0000	0.0036	0.1209	0.0000	0.1209	0.9758	0.9380	0.0378	0.6193	0.6192	0.0001	0.3565	0.3188	0.0377	0.3437	0.2913	0.0524	0.0266	0.0249	0.0017	0.3172	0.2664	0.0508	1.1103	0.6375	0.4728	0.1892	0.1782	0.0110	0.9211	0.4593	0.4618	0.4121	0.0000	29.6790	0.0417	0.0000	315.3354	0.9846	0.0000	29.1416	0.8789	1.4714	0.0800	3.2738	3.4751	0.0068	0.3871	0.6941	0.0817
104	126	0.1770	4	0	2	0	0	0	0	0	0	N	Y	N	N	N	N	N	N	N	N	N	N	0.0295	0.0320	0.0319	0.6210	0.5755	0.3406	0.0058	0.0000	0.0310	0.0473	0.0446	0.0615	0.2322	0.2412	0.0033	0.0114	0.0000	0.0639	1.5998	1.3963	1.9272	0.3739	0.4191	0.0097	1.9604	1.8729	2.0618	0.2530	0.8577	-0.0041	0.0072	8.9557	5.0407	32.3127	17.1705	0.0171	0.0137	0.0035	0.0137	0.0137	0.0000	0.0035	0.0000	0.0035	2.1501	1.1574	0.9927	0.1142	0.1139	0.0003	2.0358	1.0435	0.9924	0.3626	0.3064	0.0563	0.0589	0.0567	0.0022	0.3037	0.2497	0.0540	1.3440	0.8289	0.5151	0.3056	0.2718	0.0338	1.0385	0.5571	0.4813	0.0295	0.0320	0.0319	0.6210	0.5755	0.3406	0.0058	0.0000	0.0310	1.5998	1.3963	1.9272	0.3739	0.4191	0.0097	1.9604	1.8729	2.0618
104	127	0.1610	3	0	2	0	0	0	0	0	0	N	Y	N	N	N	N	N	N	N	N	N	N	0.2070	0.0020	16.9580	0.1095	0.1550	0.0812	0.1838	0.0000	43.9991	0.2672	0.0038	1.5953	0.0174	0.0159	0.0645	0.3304	0.0000	1.6546	1.2909	1.9005	0.0941	0.1591	0.1028	0.7940	1.7974	3.2493	0.0376	84.2126	0.0252	0.0232	-0.4128	8.9557	1.9703	32.3127	6.2034	0.0424	0.0005	0.0419	0.0006	0.0005	0.0001	0.0418	0.0000	0.0418	0.9515	0.9281	0.0234	0.0363	0.0215	0.0147	0.9153	0.9066	0.0087	0.1587	0.1324	0.0263	0.0320	0.0311	0.0010	0.1266	0.1014	0.0253	0.7371	0.4884	0.2488	0.2279	0.2093	0.0186	0.5092	0.2790	0.2302	0.2070	0.0020	16.9580	0.1095	0.1550	0.0812	0.1838	0.0000	43.9991	1.2909	1.9005	0.0941	0.1591	0.1028	0.7940	1.7974	3.2493	0.0376
104	128	0.1398	2	0	1	0	0	0	0	0	0	N	N	N	N	N	N	N	N	N	N	N	N	0.1887	0.0066	156.5321	0.0573	0.0565	6.1757	0.2848	0.0001	162.1163	0.0495	0.0030	0.2997	0.0306	0.0316	0.0138	0.0512	0.0000	0.3090	0.2620	0.4528	0.0019	0.5328	0.5591	0.0022	0.1797	0.3863	0.0019	18.5759	0.0031	0.0016	-0.0818	8.9557	1.1032	32.3127	7.8190	0.0032	0.0002	0.0031	0.0002	0.0002	0.0000	0.0031	0.0000	0.0031	0.1796	0.1791	0.0006	0.0851	0.0851	0.0000	0.0945	0.0939	0.0005	0.0657	0.0554	0.0103	0.0055	0.0052	0.0003	0.0602	0.0502	0.0100	0.6856	0.3954	0.2901	0.1598	0.1522	0.0076	0.5258	0.2432	0.2826	0.1887	0.0066	156.5321	0.0573	0.0565	6.1757	0.2848	0.0001	162.1163	0.2620	0.4528	0.0019	0.5328	0.5591	0.0022	0.1797	0.3863	0.0019
104	129	0.4829	6	0	2	0	0	0	0	0	0	N	Y	N	N	N	N	N	N	N	N	N	N	0.0000	0.0000	0.0000	0.0000	0.0000	0.0000	0.0000	0.0000	0.0000	0.0000	0.0000	0.0000	0.0000	0.0000	0.0000	0.0000	0.0000	0.0000	0.0005	0.0005	0.0002	0.0008	0.0008	0.0007	0.0001	0.0000	0.0001	0.1289	0.0000	-0.0001	8.9557	1.0033	32.3127	0.8635	0.0000	0.0000	0.0000	0.0000	0.0000	0.0000	0.0000	0.0000	0.0000	0.0003	0.0003	0.0000	0.0003	0.0003	0.0000	0.0000	0.0000	0.0000	0.2033	0.1852	0.0180	0.1134	0.1079	0.0056	0.0898	0.0774	0.0124	0.7466	0.5722	0.1744	0.4240	0.3929	0.0311	0.3226	0.1794	0.1433	0.0000	0.0000	0.0000	0.0000	0.0000	0.0000	0.0000	0.0000	0.0000	0.0005	0.0005	0.0002	0.0008	0.0008	0.0007	0.0001	0.0000	0.0001	
104	130	0.4536	5	0	1	0	0	0	0	0	0	N	N	N	N	N	N	N	N	N	N	N	N	0.0702	0.0650	0.0081	0.0702	0.0663	0.0591	0.0899	0.0926	0.0048	0.0239	0.0270	0.0013	0.0316	0.0333	0.0032	0.0195	0.0230	0.0009	0.3406	0.4148	0.1565	0.4507	0.5023	0.0538	0.2175	0.2483	0.1841	0.0064	0.1522	-0.0051	-0.2167	8.9557	5.5514	32.3127	9.9598	0.0117	0.0116	0.0001	0.0056	0.0055	0.0000	0.0061	0.0061	0.0000	0.6644	0.5766	0.0878	0.4641	0.4577	0.0064	0.2003	0.1189	0.0814	0.4884	0.4299	0.0585	0.1761	0.1663	0.0098	0.3123	0.2636	0.0487	1.9506	1.3900	0.5607	1.0298	0.9112	0.1186	0.9208	0.4787	0.4421	0.0702	0.0650	0.0081	0.0702	0.0663	0.0591	0.0899	0.0926	0.0048	0.3406	0.4148	0.1565	0.4507	0.5023	0.0538	0.2175	0.2483	0.1841
104	131	0.4233	4	0	1	0	0	0	0	0	0	N	N	N	N	N	N	N	N	N	N	N	N	0.0265	0.0357	0.0008	0.0598	0.0621	0.0006	0.0151	0.0218	0.0008	0.0253	0.0286	0.0011	0.0401	0.0425	0.0004	0.0186	0.0217	0.0012	0.9555	0.8004	1.3000	0.6707	0.6851	0.5634	1.2311	0.9957	1.4702	0.0053	0.7310	-0.0080	-0.0706	8.9557	9.1969	32.3127	13.4651	0.0184	0.0183	0.0001	0.0090	0.0090	0.0000	0.0093	0.0092	0.0001	1.9583	1.1313	0.8270	0.6761	0.6088	0.0673	1.2822	0.5225	0.7597	0.7264	0.6388	0.0876	0.2251	0.2122	0.0129	0.5013	0.4266	0.0747	2.0496	1.4135	0.6361	1.0081	0.8887	0.1194	1.0415	0.5247	0.5167	0.0265	0.0357	0.0008	0.0598	0.0621	0.0006	0.0151	0.0218	0.0008	0.9555	0.8004	1.3000	0.6707	0.6851	0.5634	1.2311	0.9957	1.4702
104	132	0.2368	6	1	2	0	1	0	0	0	0	N	Y	N	N	N	N	N	N	N	N	N	N	0.0000	0.0000	0.0000	0.0000	0.0000	0.0000	0.0000	0.0000	0.0000	0.0000	0.0000	0.0000	0.0000	0.0000	0.0000	0.0000	0.0000	5.9947	0.0001	24.1735	0.0003	0.0004	0.0000	6.0652	0.0000	22.3972	99458.0035	0.0000	0.5387	8.9557	1.0000	32.3127	3.0001	0.0000	0.0000	0.0000	0.0000	0.0000	0.0000	0.0000	0.0000	0.0000	0.9946	0.0000	0.9946	0.0000	0.0000	0.0000	0.9946	0.0000	0.9946	0.0673	0.0580	0.0094	0.0105	0.0099	0.0006	0.0568	0.0480	0.0088	0.1958	0.1121	0.0837	0.0318	0.0265	0.0053	0.1640	0.0856	0.0784	0.0000	0.0000	0.0000	0.0000	0.0000	0.0000	0.0000	0.0000	0.0000	5.0795	0.0001	11.8782	0.0003	0.0004	0.0000	6.0652	0.0000	12.6815		
104	133	0.6357	10	1	2	0	1	0	0	0	0	N	Y	N	N	N	N	N	N	N	N	N	N	0.0000	0.0000	0.0000	0.0000	0.0000	0.0000	0.0000	0.0000	0.0000	0.0000	0.0000	0.0000	0.0000	0.0000	0.0000	0.0000	0.0000	0.0000	15.3330	29.0585	0.0039	74.9374	109.0289	0.0000	0.0269	0.0474	0.0054	0.0001	0.0000	-0.4437	8.9557	0.0006	32.3127	1.9797	0.0000	0.0000	0.0000	0.0000	0.0000	0.0000	0.0000	0.0000	0.0000	0.9683	0.9682	0.0001	0.9671	0.9671	0.0000	0.0012	0.0011	0.0001	0.0001	0.0001	0.0000	0.0001	0.0001	0.0000	0.0000	0.0000	0.0000	0.0936	0.0630	0.0306	0.0481	0.0397	0.0084	0.0455	0.0234	0.0222	0.0000	0.0000	0.0000	0.0000	0.0000	0.0000	0.0000	0.0000	0.0000	10.3405	15.3644	0.0039	20.1030	24.3846	0.0000	0.0269	0.0474	0.0054	
104	134	0.6189	9	1	2	0	1	0	0	0	0	N	Y	N	N	N	N	N	N	N	N	N	N	0.0000	0.0000	0.0000	0.0000	0.0000	0.0000	0.0000	0.0000	0.0000	0.0000	0.0000	0.0000	0.0000	0.0000	0.0000	0.0000	0.0000	0.0000	7.3565	4.4548	13.0116	0.1347	0.1647	0.0041	11.5565	11.2274	18.6755	0.9882	0.0000	0.0777	8.9557	2.0077	32.3127	6.0321	0.0000	0.0000	0.0000	0.0000	0.0000	0.0000	0.0000	0.0000	0.0000	2.0093	1.0106	0.9987	0.0230	0.0229	0.0001	1.9863	0.9878	0.9985	0.1360	0.1181	0.0179	0.0452	0.0415	0.0037	0.0907	0.0766	0.0142	0.3427	0.2269	0.1158	0.1708	0.1389	0.0319	0.1719	0.0880	0.0839	0.0000	0.0000	0.0000	0.0000	0.0000	0.0000	0.0000	0.0000	0.0000	5.8640	4.4548	8.6249	0.1347	0.1647	0.0041	11.5565	11.2274	11.9015	
104	135	0.6142	9	0	2	0	1	0	0	0	0	N	Y	N	N	N	N	N	N	N	N	N	N	0.0021	0.0015	0.0327	0.0067	0.0059	0.3929	0.0000	0.0000	0.0057	0.0072	0.0084	0.0000	0.0224	0.0242	0.0001	0.0000	0.0000	0.0000	3.3847	5.4526	0.0004	3.3612	4.0924	0.0002	3.4085	6.7266	0.0005	0.0002	0.0000	-0.0007	-0.9118	8.9557	3.0348	32.3127	9.3583	0.0015	0.0015	0.0000	0.0015	0.0015	0.0000	0.0000	0.0000	0.0000	1.9893	1.9892	0.0001	0.9927	0.9926	0.0000	0.9967	0.9966	0.0001	0.2128	0.1822	0.0306	0.0685	0.0632	0.0053	0.1443	0.1190	0.0253	0.5877	0.3907	0.1970	0.2953	0.2426	0.0528	0.2924	0.1482	0.1442	0.0021	0.0017	0.0327	0.0067	0.0059	0.3929	0.0000	0.0000	0.0057	3.3847	5.0913	0.0004	3.3612	4.0924	0.0002	3.4085	6.7266	0.0005
104	136	0.5998	8	0	1	0	1	0	0	0	0	N	N	N	N	N	N	N	N	N	N	N	N	2.5146	0.0040	10.2688	0.0139	0.0019	0.6546	3.4716	0.1732	9.2138	0.4497	0.0005	3.1059	0.0022	0.0004	0.0284	0.6817	0.0005	3.6874	0.1788	0.1155	0.3025	0.1609	0.1881	0.0433	0.1964	0.0030	0.4002	1138.5352	1.3425	0.0009	0.0062	8.9557	0.0433	32.3127	6.6805	0.0015	0.0000	0.0015	0.0000	0.0000	0.0000	0.0015	0.0000	0.0015	0.0536	0.0229	0.0307	0.0239	0.0227	0.0012	0.0298	0.0002	0.0295	0.0034	0.0029	0.0005	0.0012	0.0011	0.0001	0.0022	0.0018	0.0004	0.3000	0.1983	0.1016	0.1484	0.1205	0.0278	0.1516	0.0778	0.0738	2.5146	0.0040	10.2688	0.0139	0.0019	0.6546	3.4716	0.1732	9.2138	0.1788	0.1155	0.3025	0.1609	0.1881	0.0433	0.1964	0.0030	0.4002
104	137	0.2664	8	0	2	0	1	0	0	0	0	N	Y	N	N	N	N	N	N	N	N	N	N	0.0000	0.0000	0.0000	0.0000	0.0000	0.0000	0.0000	0.0000	0.0000	0.0000	0.0000	0.0000	0.0000	0.0000	0.0000	0.0000	0.0000	0.0000	0.0000	0.0000	8.9557	0.0000	32.3127	0.0000	0.0000	0.0000	0.0000	0.0000	0.0000	0.0000	0.0000	0.0000	0.0000	0.0000	0.0000	0.0000	0.0000	0.0000	0.0000	0.0000	0.0000	0.0000	0.0000	0.0000	0.0000	0.0000	0.0000	0.0000	0.0000	0.0000	0.0000	0.0000	0.0000	0.0000	0.0000	0.0000	0.0000	0.0000	0.0000	0.0000	0.0000	0.0000	0.0000	0.0000	0.0000	0.0000	0.0000	0.0000	0.0000	0.0000	0.0000	0.0000	0.0000	0.0000	0.0000	0.0000	0.0000	0.0000											
104	138	0.2613	7	0	2	0	1	0	0	0	0	N	Y	N	N	N	N	N	N	N	N	N	N	0.0000	0.0000	0.0000	0.0000	0.0000	0.0000	0.0000	0.0000	0.0000	0.0000	0.0000	0.0000	0.0000	0.0000	0.0000	0.0000	0.0000	0.0000	0.0000	0.0000	0.0000	0.0000	0.0000	0.0000	-0.0000	8.9557	0.0021	32.3127	2.0000	0.0000	0.0000	0.0000	0.0000	0.0000	0.0000	0.0000	0.0000	0.0000	0.0000	0.0000	0.0000	0.0000	0.0000	0.0000	0.0000	0.0000	0.0000	0.0003	0.0003	0.0000	0.0002	0.0002	0.0000	0.0001	0.0001	0.0000	0.0968	0.0563	0.0406	0.0180	0.0152	0.0028	0.0788	0.0411	0.0377	0.0000	0.0000	0.0000	0.0000	0.0000	0.0000	0.0000	0.0000	0.0000	0.0000	0.0000	0.0000	0.0000	0.0000	0.0000	0.0000	0.0000	0.0000						
104	139	0.2511	6	0	1	0	1	0	0	0	0	N	N	N	N	N	N	N	N	N	N	N	N	0.0000	0.0000	0.0000	0.0000	0.0000	0.0000	0.0000	0.0000	0.0000	0.0000	0.0000	0.0000	0.0000	0.0000	0.0000	0.0000	0.0000	0.0000	0.0054	0.0018	0.0103	0.0057	0.0068	0.0000	0.0054	0.0001	0.0111	4.1055	0.0000	0.0004	8.9557	1.0020	32.3127	3.0181	0.0000	0.0000	0.0000	0.0000	0.0000	0.0000	0.0000	0.0000	0.0000	0.0011	0.0002	0.0009	0.0002	0.0002	0.0000	0.0009	0.0000	0.0009	0.0675	0.0581	0.0094	0.0107	0.0101	0.0006	0.0568	0.0480	0.0088	0.1967	0.1134	0.0833	0.0351	0.0295	0.0056	0.1616	0.0839	0.0777	0.0000	0.0000	0.0000	0.0000	0.0000	0.0000	0.0000	0.0000	0.0000	0.0054	0.0018	0.0103	0.0057	0.0068	0.0000	0.0054	0.0001	0.0111	
104	140	0.2368	6	0	2	0	0	0	0	0	0	N	Y	N	N	N	N	N	N	N	N	N	N	0.0000	0.0000	0.0000	0.0000	0.0000	0.0000	0.0000	0.0000	0.0000	0.0000	0.0000	0.0000	0.0000	0.0000	0.0000	0.0000	0.0000	0.0000	0.0000	0.0000	0.0000	0.0000	0.0000	0.0000	inf	0.0000	0.0000	8.9557	0.0000	32.3127	4.0001	0.0000	0.0000	0.0000	0.0000	0.0000	0.0000	0.0000	0.0000	0.0000	0.0000	0.0000	0.0000	0.0000	0.0000	0.0000	0.0000	0.0000	0.0000	0.0000	0.0000	0.0000	0.0000	0.0000	0.0000	0.0000	0.0000	0.0000	0.1958	0.1121	0.0837	0.0318	0.0265	0.0053	0.1640	0.0856	0.0784	0.0000	0.0000	0.0000	0.0000	0.0000	0.0000	0.0000	0.0000	0.0000	0.0000	0.0000	0.0000	0.0000	0.0000	0.0000	0.0000	0.0000	0.0000				
104	141	0.6144	8	0	2	0	0	0	0	0	0	N	Y	N	N	N	N	N	N	N	N	N	N	0.0000	0.0000	0.0000	0.0000	0.0000	0.0000	0.0000	0.0000	0.0000	0.0000	0.0000	0.0000	0.0000	0.0000	0.0000	0.0000	0.0000	0.0000	4.2897	0.3272	22.5437	0.4401	0.5328	0.0323	7.6130	0.0000	30.8553	17.5871	-0.0000	0.5145	8.9557	1.0003	32.3127	5.0186	0.0000	0.0000	0.0000	0.0000	0.0000	0.0000	0.0000	0.0000	0.0000	1.0548	0.0567	0.9980	0.0575	0.0567	0.0008	0.9972	0.0000	0.9972	0.0679	0.0590	0.0089	0.0226	0.0207	0.0019	0.0453	0.0383	0.0070	0.2617	0.1734	0.0883	0.1307	0.1065	0.0242	0.1310	0.0669	0.0641	0.0000	0.0000	0.0000	0.0000	0.0000	0.0000	0.0000	0.0000	0.0000	4.0305	0.3272	11.3082	0.4401	0.5328	0.0323	7.6130	0.0000	15.5696	
104	142	0.2511	6	0	1	1	1	0	0	0	0	N	N	N	N	N	N	N	N	N	N	N	N	0.0000	0.0000	0.0000	0.0000	0.0000	0.0000	0.0000	0.0000	0.0000	0.0000	0.0000	0.0000	0.0000	0.0000	0.0000	0.0000	0.0000	5.2891	4.0051	5.4631	37.1968	40.3978	0.0000	2.8101	0.0001	5.8559	0.9994	0.0000	0.0828	8.9557	0.0001	32.3127	9.0026	0.0000	0.0000	0.0000	0.0000	0.0000	0.0000	0.0000	0.0000	0.0000	1.9959	0.9982	0.9976	0.9982	0.9982	0.0000	0.9976	0.0000	0.9976	0.0000	0.0000	0.0000	0.0000	0.0000	0.0000	0.0000	0.0000	0.0000	0.4318	0.2492	0.1826	0.0768	0.0646	0.0122	0.3550	0.1847	0.1704	0.0000	0.0000	0.0000	0.0000	0.0000	0.0000	0.0000	0.0000	0.0000	4.6216	4.0051	5.4631	12.9931	15.4578	0.0000	2.8101	0.0001	5.8559		
104	143	0.5998	8	0	1	1	1	0	0	0	0	N	N	N	N	N	N	N	N	N	N	N	N	0.0000	0.0000	0.0000	0.0000	0.0000	0.0000	0.0000	0.0000	0.0000	0.0000	0.0000	0.0000	0.0000	0.0000	0.0000	0.0000	0.0000	0.0000	2.4063	0.1968	7.3335	0.2678	0.3248	0.0227	4.4860	0.0000	10.8509	17.5234	0.0000	0.5146	8.9557	2.0061	32.3127	8.0425	0.0000	0.0000	0.0000	0.0000	0.0000	0.0000	0.0000	0.0000	0.0000	1.0554	0.0570	0.9984	0.0579	0.0570	0.0009	0.9975	0.0000	0.9975	0.1351	0.1170	0.0182	0.0425	0.0390	0.0035	0.0927	0.0780	0.0147	0.4386	0.2894	0.1491	0.2162	0.1754	0.0408	0.2223	0.1140	0.1083	0.0000	0.0000	0.0000	0.0000	0.0000	0.0000	0.0000	0.0000	0.0000	2.4063	0.1968	6.6941	0.2678	0.3248	0.0227	4.4860	0.0000	9.2087	
104	144	0.5908	7	0	1	0	1	0	0	0	0	N	N	N	N	N	N	N	N	N	N	N	N	0.0032	0.0000	0.0321	0.0000	0.0000	0.0000	0.0351	0.0000	0.1601	0.0001	0.0000	0.0005	0.0000	0.0000	0.0000	0.0001	0.0000	0.0007	0.0220	0.0243	0.0163	0.0411	0.0385	0.0590	0.0032	0.0022	0.0043	inf	0.2682	0.0000	-0.0015	8.9557	1.9550	32.3127	2.1189	0.0000	0.0000	0.0000	0.0000	0.0000	0.0000	0.0000	0.0000	0.0000	0.0062	0.0049	0.0013	0.0057	0.0047	0.0010	0.0004	0.0002	0.0003	0.1401	0.1210	0.0191	0.0502	0.0454	0.0048	0.0899	0.0756	0.0143	0.2797	0.1996	0.0801	0.1389	0.1214	0.0174	0.1408	0.0781	0.0627	0.0032	0.0000	0.0321	0.0000	0.0000	0.0000	0.0351	0.0000	0.1601	0.0220	0.0243	0.0163	0.0411	0.0385	0.0590	0.0032	0.0022	0.0043
104	145	0.5908	7	0	1	1	1	0	0	0	0	N	N	N	N	N	N	N	N	N	N	N	N	0.0000	0.0000	0.0000	0.0000	0.0000	0.0000	0.0000	0.0000	0.0000	0.0000	0.0000	0.0000	0.0000	0.0000	0.0000	0.0000	0.0000	0.0000	2.1670	3.2240	0.0002	2.2931	2.7670	0.0004	2.0480	3.9060	0.0002	0.0000	0.0000	-0.0000	-0.9401	8.9557	2.1261	32.3127	18.6477	0.0000	0.0000	0.0000	0.0000	0.0000	0.0000	0.0000	0.0000	0.0000	2.0512	2.0511	0.0001	1.0541	1.0541	0.0000	0.9971	0.9970	0.0000	0.1515	0.1309	0.0206	0.0539	0.0489	0.0051	0.0976	0.0821	0.0155	0.9465	0.6362	0.3103	0.4597	0.3810	0.0787	0.4869	0.2553	0.2316	0.0000	0.0000	0.0000	0.0000	0.0000	0.0000	0.0000	0.0000	0.0000	2.1670	3.2240	0.0002	2.2931	2.7670	0.0004	2.0480	3.9060	0.0002
104	146	0.2511	6	0	1	1	1	0	0	0	0	N	N	N	N	N	N	N	N	N	N	N	N	0.0000	0.0000	0.0000	0.0000	0.0000	0.0000	0.0000	0.0000	0.0000	0.0000	0.0000	0.0000	0.0000	0.0000	0.0000	0.0000	0.0000	0.0000	2.6455	4.5807	0.0053	0.2957	0.3517	0.0000	3.1544	6.0613	0.0057	0.0008	0.0000	-0.4656	8.9557	2.0001	32.3127	5.9880	0.0000	0.0000	0.0000	0.0000	0.0000	0.0000	0.0000	0.0000	0.0000	1.0177	1.0168	0.0009	0.0202	0.0202	0.0000	0.9975	0.9966	0.0009	0.1341	0.1155	0.0186	0.0213	0.0201	0.0011	0.1128	0.0954	0.0174	0.3847	0.2220	0.1627	0.0685	0.0576	0.0109	0.3162	0.1644	0.1518	0.0000	0.0000	0.0000	0.0000	0.0000	0.0000	0.0000	0.0000	0.0000	2.6455	4.5807	0.0053	0.2957	0.3517	0.0000	3.1544	6.0613	0.0057	
104	147	0.2511	6	0	1	1	1	0	0	0	0	N	N	N	N	N	N	N	N	N	N	N	N	0.0000	0.0000	0.0000	0.0000	0.0000	0.0000	0.0000	0.0000	0.0000	0.0000	0.0000	0.0000	0.0001	0.0001	0.0000	0.0000	0.0000	0.0000	2.9660	2.5167	3.5845	4.5098	5.1188	1.2924	2.6369	1.6258	3.7477	0.0000	1.0346	-0.0000	0.2096	8.9557	9.0001	32.3127	23.0169	0.0000	0.0000	0.0000	0.0000	0.0000	0.0000	0.0000	0.0000	0.0000	4.1814	2.0552	2.1262	1.1171	1.0662	0.0510	3.0643	0.9890	2.0752	0.5837	0.5036	0.0800	0.0921	0.0872	0.0049	0.4915	0.4164	0.0752	1.4098	0.8166	0.5932	0.2477	0.2083	0.0394	1.1621	0.6083	0.5537	0.0000	0.0000	0.0000	0.0000	0.0000	0.0000	0.0000	0.0000	0.0000	2.9660	2.5167	3.5845	4.5098	5.1188	1.2924	2.6369	1.6258	3.7477
104	148	0.2258	5	0	1	0	1	0	0	0	0	N	N	N	N	N	N	N	N	N	N	N	N	0.0002	0.0000	0.0013	0.0325	0.0000	2.8989	0.0001	0.0000	0.0009	0.0008	0.0000	0.0058	0.0014	0.0000	0.0270	0.0007	0.0000	0.0045	3.8815	3.2838	4.5714	0.0434	0.0492	0.0093	4.7087	4.5398	4.8892	inf	1.0034	0.0001	0.0845	8.9557	1.9990	32.3127	7.9526	0.0001	0.0000	0.0001	0.0000	0.0000	0.0000	0.0001	0.0000	0.0001	1.9905	0.9936	0.9969	0.0043	0.0042	0.0001	1.9862	0.9894	0.9968	0.1349	0.1160	0.0189	0.0213	0.0202	0.0011	0.1135	0.0958	0.0178	0.5206	0.3026	0.2181	0.0988	0.0846	0.0142	0.4218	0.2179	0.2039	0.0002	0.0000	0.0013	0.0325	0.0000	2.8989	0.0001	0.0000	0.0009	3.8231	3.2838	4.5714	0.0434	0.0492	0.0093	4.7087	4.5398	4.8892
104	149	0.1939	4	1	2	0	0	0	0	0	0	N	Y	N	N	N	N	N	N	N	N	N	N	1.0787	0.0038	2703.9923	0.9799	0.0046	150934.3792	0.0175	0.0000	1.0502	0.0679	0.0004	0.4902	0.3195	0.0017	7.2464	0.0000	0.0000	0.0002	0.0629	0.1047	0.0002	0.3260	0.3699	0.0000	0.0018	0.0033	0.0002	194.9867	0.0012	0.0155	-0.0348	8.9557	5.3497	32.3127	17.2225	0.0281	0.0001	0.0279	0.0281	0.0001	0.0279	0.0000	0.0000	0.0000	0.0762	0.0761	0.0001	0.0744	0.0744	0.0000	0.0018	0.0017	0.0001	0.4135	0.3566	0.0570	0.0878	0.0840	0.0039	0.3257	0.2726	0.0531	1.2109	0.7268	0.4841	0.2282	0.2011	0.0271	0.9827	0.5257	0.4570	1.0787	0.0038	2703.9923	0.9799	0.0046	150934.3792	0.0175	0.0000	1.0502	0.0629	0.1047	0.0002	0.3260	0.3699	0.0000	0.0018	0.0033	0.0002
104	150	0.2247	5	0	2	0	0	0	0	0	0	N	Y	N	N	N	N	N	N	N	N	N	N	0.0628	0.0002	28.6663	1.4422	0.0069	4746.8944	0.0000	0.0000	0.0083	0.0985	0.0006	0.7924	0.3152	0.0018	7.6754	0.0000	0.0000	0.0003	1.5677	2.4673	0.0276	0.2185	0.2564	0.0016	2.1369	3.9426	0.0312	182.9590	0.0065	0.0207	-0.9816	8.9557	3.6794	32.3127	17.4287	0.0374	0.0002	0.0372	0.0374	0.0002	0.0372	0.0000	0.0000	0.0000	2.1722	2.1581	0.0141	0.0898	0.0897	0.0001	2.0824	2.0683	0.0140	0.3796	0.3327	0.0469	0.1186	0.1137	0.0048	0.2611	0.2190	0.0421	1.3856	0.8747	0.5110	0.4111	0.3501	0.0611	0.9745	0.5246	0.4499	0.0628	0.0002	28.6663	1.4422	0.0069	4746.8944	0.0000	0.0000	0.0083	1.5677	2.4673	0.0276	0.2185	0.2564	0.0016	2.1369	3.9426	0.0312
104	151	0.1939	4	0	2	0	0	0	0	0	0	N	Y	N	N	N	N	N	N	N	N	N	N	0.0889	0.0740	0.2057	2.4118	1.3015	464.4789	0.0027	0.0033	0.0014	0.2235	0.1515	0.6716	0.9138	0.5478	9.2977	0.0084	0.0091	0.0050	2.5141	2.0476	3.2648	0.3789	0.4209	0.0200	3.1130	2.8058	3.4716	0.7130	0.9910	-0.0016	0.0816	8.9557	3.4464	32.3127	10.1316	0.0650	0.0380	0.0271	0.0632	0.0363	0.0269	0.0019	0.0017	0.0002	2.0732	1.0412	1.0319	0.0684	0.0681	0.0004	2.0047	0.9732	1.0315	0.2910	0.2506	0.0403	0.0691	0.0662	0.0029	0.2218	0.1844	0.0374	0.8246	0.5085	0.3161	0.1806	0.1617	0.0189	0.6440	0.3469	0.2971	0.0889	0.0740	0.2057	2.4118	1.3015	464.4789	0.0027	0.0033	0.0014	2.5141	2.0476	3.2648	0.3789	0.4209	0.0200	3.1130	2.8058	3.4716
104	152	0.6212	10	1	2	0	0	0	0	0	0	N	Y	N	N	N	N	N	N	N	N	N	N	0.0000	0.0000	0.0000	0.0000	0.0000	0.0000	0.0000	0.0000	0.0000	0.0000	0.0000	0.0000	0.0000	0.0000	0.0000	0.0000	0.0000	0.0000	0.1257	0.1895	0.0007	0.2499	0.3066	0.0022	0.0038	0.0074	0.0001	0.0018	0.0000	-0.0312	8.9557	1.0143	32.3127	12.0086	0.0000	0.0000	0.0000	0.0000	0.0000	0.0000	0.0000	0.0000	0.0000	0.0683	0.0681	0.0001	0.0672	0.0671	0.0001	0.0010	0.0010	0.0000	0.0700	0.0608	0.0092	0.0236	0.0217	0.0019	0.0464	0.0391	0.0073	0.5433	0.3596	0.1837	0.2690	0.2189	0.0501	0.2744	0.1408	0.1336	0.0000	0.0000	0.0000	0.0000	0.0000	0.0000	0.0000	0.0000	0.0000	0.1257	0.1895	0.0007	0.2499	0.3066	0.0022	0.0038	0.0074	0.0001	
104	153	0.6189	9	1	2	0	0	0	0	0	0	N	Y	N	N	N	N	N	N	N	N	N	N	0.0000	0.0000	0.0000	0.0000	0.0000	0.0000	0.0000	0.0000	0.0000	0.0000	0.0000	0.0000	0.0000	0.0000	0.0000	0.0000	0.0000	0.0000	0.0443	0.0664	0.0007	0.0766	0.0940	0.0002	0.0117	0.0220	0.0009	0.0054	0.0000	-0.0009	8.9557	0.9811	32.3127	0.0216	0.0000	0.0000	0.0000	0.0000	0.0000	0.0000	0.0000	0.0000	0.0000	0.0020	0.0020	0.0000	0.0017	0.0017	0.0000	0.0003	0.0002	0.0000	0.0670	0.0582	0.0088	0.0224	0.0205	0.0018	0.0447	0.0377	0.0070	0.0445	0.0295	0.0150	0.0224	0.0182	0.0041	0.0222	0.0113	0.0109	0.0000	0.0000	0.0000	0.0000	0.0000	0.0000	0.0000	0.0000	0.0000	0.0443	0.0664	0.0007	0.0766	0.0940	0.0002	0.0117	0.0220	0.0009	
104	154	0.6144	8	1	2	0	0	0	0	0	0	N	Y	N	N	N	N	N	N	N	N	N	N	0.0000	0.0000	0.0000	0.0000	0.0000	0.0000	0.0000	0.0000	0.0000	0.0000	0.0000	0.0000	0.0000	0.0000	0.0000	0.0000	0.0000	0.0000	0.0579	0.0637	0.0465	0.0519	0.0604	0.0136	0.0639	0.0689	0.0588	0.3683	-0.0000	-0.0010	8.9557	0.0083	32.3127	2.0001	0.0000	0.0000	0.0000	0.0000	0.0000	0.0000	0.0000	0.0000	0.0000	0.0053	0.0039	0.0014	0.0024	0.0023	0.0001	0.0029	0.0016	0.0013	0.0006	0.0006	0.0001	0.0002	0.0002	0.0000	0.0004	0.0003	0.0001	0.0911	0.0606	0.0306	0.0457	0.0374	0.0083	0.0454	0.0231	0.0222	0.0000	0.0000	0.0000	0.0000	0.0000	0.0000	0.0000	0.0000	0.0000	0.0579	0.0637	0.0465	0.0519	0.0604	0.0136	0.0639	0.0689	0.0588	
104	155	0.5908	7	0	2	0	0	0	0	0	0	N	Y	N	N	N	N	N	N	N	N	N	N	0.0000	0.0000	0.0000	0.0000	0.0001	0.0000	0.0000	0.0000	0.0000	0.0000	0.0000	0.0000	0.0000	0.0000	0.0000	0.0000	0.0000	0.0000	1.8403	0.0066	5.8318	0.0205	0.0079	0.0878	3.5972	0.0047	7.6997	0.0024	403.4916	-0.0000	0.5355	8.9557	2.9180	32.3127	7.4065	0.0000	0.0000	0.0000	0.0000	0.0000	0.0000	0.0000	0.0000	0.0000	0.9933	0.0025	0.9908	0.0054	0.0018	0.0037	0.9879	0.0007	0.9872	0.2040	0.1766	0.0274	0.0711	0.0647	0.0065	0.1328	0.1119	0.0210	0.5397	0.3698	0.1699	0.2651	0.2234	0.0417	0.2746	0.1464	0.1282	0.0000	0.0000	0.0000	0.0000	0.0001	0.0000	0.0000	0.0000	0.0000	1.8403	0.0066	5.8318	0.0205	0.0079	0.0878	3.5972	0.0047	7.6997
104	156	0.5249	6	0	1	0	0	0	0	0	0	N	N	N	N	N	N	N	N	N	N	N	N	0.3586	0.4524	0.0029	0.9618	0.9397	0.0890	0.2344	0.2474	0.0034	0.5322	0.6088	0.0051	0.4815	0.5478	0.0024	0.5822	0.6697	0.0077	1.4842	1.3457	1.7659	0.5007	0.5829	0.0267	2.4838	2.7066	2.2736	0.0012	0.6456	-0.2527	-0.1685	8.9557	8.2479	32.3127	19.7214	0.5746	0.5738	0.0007	0.2582	0.2580	0.0002	0.3164	0.3158	0.0005	2.5516	1.5505	1.0011	0.4338	0.4304	0.0034	2.1178	1.1201	0.9976	1.0795	0.9426	0.1369	0.5361	0.4710	0.0651	0.5434	0.4716	0.0718	1.7191	1.1523	0.5669	0.8665	0.7384	0.1281	0.8526	0.4138	0.4388	0.3586	0.4524	0.0029	0.9618	0.9397	0.0890	0.2344	0.2474	0.0034	1.4842	1.3457	1.7659	0.5007	0.5829	0.0267	2.4838	2.7066	2.2736
104	157	0.4888	5	0	1	0	0	0	0	0	0	N	N	N	N	N	N	N	N	N	N	N	N	0.3915	0.3234	0.0987	0.3226	0.2994	0.3736	0.7168	0.5640	0.0756	0.4813	0.5460	0.0266	0.5919	0.6360	0.0359	0.4235	0.4946	0.0242	1.2295	1.6884	0.2693	1.8345	2.1245	0.0962	0.5908	0.8769	0.3201	0.0069	0.0762	-0.1229	-0.7792	8.9557	7.4725	32.3127	14.3153	0.2829	0.2810	0.0019	0.1195	0.1190	0.0005	0.1634	0.1620	0.0014	2.0106	1.8682	0.1424	1.5406	1.5291	0.0115	0.4700	0.3391	0.1308	0.5878	0.5146	0.0732	0.2019	0.1871	0.0149	0.3859	0.3276	0.0583	1.6353	1.1065	0.5288	0.8398	0.7197	0.1201	0.7955	0.3867	0.4087	0.3915	0.3234	0.0987	0.3226	0.2994	0.3736	0.7168	0.5640	0.0756	1.2295	1.6884	0.2693	1.8345	2.1245	0.0962	0.5908	0.8769	0.3201
104	158	0.4233	4	0	1	0	0	0	0	0	0	N	N	N	N	N	N	N	N	N	N	N	N	0.0540	0.0520	0.0128	0.0233	0.0230	0.0228	0.0849	0.0791	0.0102	0.0345	0.0385	0.0054	0.0188	0.0191	0.0152	0.0412	0.0477	0.0037	0.6388	0.7411	0.4196	0.8099	0.8303	0.6669	0.4847	0.6027	0.3629	0.0193	0.2644	-0.0127	-0.3691	8.9557	11.6653	32.3127	19.4910	0.0301	0.0295	0.0006	0.0049	0.0047	0.0002	0.0252	0.0249	0.0003	1.4809	1.1712	0.3097	0.8898	0.7980	0.0917	0.5911	0.3732	0.2179	0.8729	0.7667	0.1063	0.2608	0.2454	0.0154	0.6121	0.5213	0.0908	2.3184	1.5804	0.7380	1.0987	0.9611	0.1376	1.2197	0.6193	0.6004	0.0540	0.0520	0.0128	0.0233	0.0230	0.0228	0.0849	0.0791	0.0102	0.6388	0.7411	0.4196	0.8099	0.8303	0.6669	0.4847	0.6027	0.3629
104	159	0.3760	3	0	1	0	0	0	0	0	0	N	N	N	N	N	N	N	N	N	N	N	N	1.9380	1.9890	0.0093	1.2215	1.3461	0.0113	2.8693	2.8475	0.0079	1.5635	1.9003	0.0045	1.1811	1.3901	0.0055	1.8885	2.3607	0.0039	0.8068	0.9554	0.4884	0.9670	1.0327	0.4903	0.6582	0.8291	0.4880	0.0005	0.2387	-0.6639	-0.5175	8.9557	7.3933	32.3127	20.5306	1.5068	1.5060	0.0008	0.5230	0.5226	0.0004	0.9838	0.9834	0.0004	1.9478	1.5725	0.3753	1.1233	1.0543	0.0691	0.8245	0.5182	0.3063	0.9637	0.7925	0.1712	0.4428	0.3760	0.0668	0.5209	0.4166	0.1044	2.4144	1.6459	0.7685	1.1617	1.0209	0.1408	1.2526	0.6250	0.6276	1.9380	1.9890	0.0093	1.2215	1.3461	0.0113	2.8693	2.8475	0.0079	0.8068	0.9554	0.4884	0.9670	1.0327	0.4903	0.6582	0.8291	0.4880
104	160	0.1398	2	0	1	0	0	0	0	0	0	N	N	N	N	N	N	N	N	N	N	N	N	0.3415	0.3184	0.0151	0.1012	0.0900	0.9837	0.3508	0.3167	0.0098	0.8134	0.9499	0.0237	0.1634	0.1564	0.2680	0.8659	1.0209	0.0156	2.3821	2.9838	1.5691	1.6140	1.7368	0.2725	2.4684	3.2233	1.5954	0.0043	0.3892	-0.5105	-1.4079	8.9557	27.6416	32.3127	54.6365	1.1687	1.1637	0.0050	0.0175	0.0157	0.0018	1.1512	1.1480	0.0032	7.9004	5.6869	2.2134	0.5411	0.5334	0.0077	7.3593	5.1535	2.2058	1.4368	1.2251	0.2117	0.1073	0.1006	0.0067	1.3295	1.1245	0.2050	3.3166	1.9060	1.4107	0.3352	0.3071	0.0281	2.9814	1.5988	1.3826	0.3415	0.3184	0.0151	0.1012	0.0900	0.9837	0.3508	0.3167	0.0098	2.3821	2.9838	1.5691	1.6140	1.7368	0.2725	2.4684	3.2233	1.5954
104	161	0.2444	8	1	2	0	0	0	0	0	0	N	Y	N	N	N	N	N	N	N	N	N	N	0.0000	0.0000	0.0000	0.0000	0.0000	0.0000	0.0000	0.0000	0.0000	0.0000	0.0000	0.0000	0.0000	0.0000	0.0000	0.0000	0.0000	0.0000	9.0900	0.0005	36.6105	0.0058	0.0018	0.0274	7.9426	0.0000	33.6655	24613.9549	0.0000	0.5388	8.9557	0.0002	32.3127	3.0099	0.0000	0.0000	0.0000	0.0000	0.0000	0.0000	0.0000	0.0000	0.0000	0.9948	0.0000	0.9947	0.0002	0.0000	0.0001	0.9946	0.0000	0.9946	0.0000	0.0000	0.0000	0.0000	0.0000	0.0000	0.0000	0.0000	0.0000	0.1512	0.0876	0.0636	0.0260	0.0219	0.0041	0.1252	0.0657	0.0596	0.0000	0.0000	0.0000	0.0000	0.0000	0.0000	0.0000	0.0000	0.0000	6.5779	0.0005	15.6383	0.0058	0.0018	0.0274	7.9426	0.0000	16.7019	
104	162	0.2368	7	1	2	0	0	0	0	0	0	N	Y	N	N	N	N	N	N	N	N	N	N	0.0000	0.0000	0.0000	0.0000	0.0000	0.0000	0.0000	0.0000	0.0000	0.0000	0.0000	0.0000	0.0000	0.0000	0.0000	0.0000	0.0000	0.0000	0.0208	0.0012	0.0471	0.0038	0.0045	0.0001	0.0241	0.0002	0.0503	29.4572	0.0000	0.0016	8.9557	0.9998	32.3127	2.0118	0.0000	0.0000	0.0000	0.0000	0.0000	0.0000	0.0000	0.0000	0.0000	0.0031	0.0001	0.0030	0.0001	0.0001	0.0000	0.0030	0.0000	0.0030	0.0673	0.0579	0.0094	0.0105	0.0099	0.0006	0.0568	0.0480	0.0088	0.1480	0.0847	0.0633	0.0241	0.0201	0.0040	0.1239	0.0647	0.0593	0.0000	0.0000	0.0000	0.0000	0.0000	0.0000	0.0000	0.0000	0.0000	0.0208	0.0012	0.0471	0.0038	0.0045	0.0001	0.0241	0.0002	0.0503	
104	163	0.2368	6	1	2	0	0	0	0	0	0	N	Y	N	N	N	N	N	N	N	N	N	N	0.0000	0.0000	0.0000	0.0000	0.0000	0.0000	0.0000	0.0000	0.0000	0.0000	0.0000	0.0000	0.0000	0.0000	0.0000	0.0000	0.0000	0.0024	0.0021	0.0036	0.0063	0.0045	0.0702	0.0001	0.0000	0.0002	0.4492	0.0000	-0.0000	8.9557	0.0000	32.3127	0.0003	0.0000	0.0000	0.0000	0.0000	0.0000	0.0000	0.0000	0.0000	0.0000	0.0000	0.0000	0.0000	0.0000	0.0000	0.0000	0.0000	0.0000	0.0000	0.0000	0.0000	0.0000	0.0000	0.0000	0.0000	0.0000	0.0000	0.0000	0.0000	0.0000	0.0000	0.0000	0.0000	0.0000	0.0000	0.0000	0.0000	0.0000	0.0000	0.0000	0.0000	0.0000	0.0000	0.0000	0.0000	0.0000	0.0024	0.0021	0.0036	0.0063	0.0045	0.0702	0.0001	0.0000	0.0002		
104	164	0.2258	5	0	2	0	0	0	0	0	0	N	Y	N	N	N	N	N	N	N	N	N	N	2.0633	0.0000	33.1099	0.3658	0.0000	3616.3698	17.2693	0.0000	22.9348	0.0815	0.0000	0.3503	0.0567	0.0000	5.6930	0.0976	0.0000	0.2584	0.0395	0.0594	0.0106	0.1551	0.1777	0.0016	0.0057	0.0002	0.0113	inf	0.1229	0.0001	-0.0036	8.9557	0.0063	32.3127	4.3641	0.0001	0.0000	0.0001	0.0000	0.0000	0.0000	0.0001	0.0000	0.0001	0.0102	0.0091	0.0011	0.0091	0.0091	0.0000	0.0011	0.0000	0.0011	0.0013	0.0010	0.0003	0.0005	0.0005	0.0000	0.0008	0.0005	0.0003	0.2593	0.1534	0.1059	0.0587	0.0512	0.0075	0.2006	0.1022	0.0984	2.0633	0.0000	33.1099	0.3658	0.0000	3616.3698	17.2693	0.0000	22.9348	0.0395	0.0594	0.0106	0.1551	0.1777	0.0016	0.0057	0.0002	0.0113
104	165	0.1939	4	0	1	0	0	0	0	0	0	N	N	N	N	N	N	N	N	N	N	N	N	0.2545	0.0077	0.7020	69.8916	0.1015	547.6895	0.1684	0.0000	0.4505	0.3295	0.0001	2.3689	0.4680	0.0005	11.5963	0.2810	0.0000	1.6176	1.2949	0.0193	3.3745	0.0067	0.0050	0.0212	1.6681	0.0262	3.5909	2583.8585	107.1769	0.0424	0.5366	8.9557	2.5207	32.3127	10.0226	0.0760	0.0000	0.0759	0.0280	0.0000	0.0280	0.0479	0.0000	0.0479	1.0080	0.0093	0.9987	0.0012	0.0008	0.0004	1.0068	0.0085	0.9983	0.2305	0.1985	0.0321	0.0599	0.0575	0.0024	0.1707	0.1410	0.0296	0.7785	0.4825	0.2959	0.1749	0.1569	0.0179	0.6036	0.3256	0.2780	0.2545	0.0077	0.7020	69.8916	0.1015	547.6895	0.1684	0.0000	0.4505	1.2949	0.0193	3.3745	0.0067	0.0050	0.0212	1.6681	0.0262	3.5909
104	166	0.1783	3	0	1	0	0	0	0	0	0	N	N	N	N	N	N	N	N	N	N	N	N	17.0987	0.6191	111.4936	24.5319	0.7567	1649.3509	6.8247	0.4509	26.3760	2.1068	0.0733	14.7194	4.8735	0.1646	47.2266	0.6150	0.0206	3.7413	0.1232	0.1184	0.1320	0.1987	0.2176	0.0286	0.0901	0.0457	0.1418	32.3624	0.6045	0.3109	-0.0064	8.9557	2.6894	32.3127	4.6619	0.5879	0.0176	0.5703	0.4764	0.0145	0.4619	0.1115	0.0031	0.1084	0.0786	0.0490	0.0296	0.0387	0.0381	0.0006	0.0400	0.0109	0.0291	0.2791	0.2403	0.0387	0.0978	0.0880	0.0098	0.1813	0.1523	0.0290	0.6380	0.4137	0.2243	0.1946	0.1751	0.0195	0.4435	0.2386	0.2049	17.0987	0.6191	111.4936	24.5319	0.7567	1649.3509	6.8247	0.4509	26.3760	0.1232	0.1184	0.1320	0.1987	0.2176	0.0286	0.0901	0.0457	0.1418
104	167	0.1398	2	0	1	0	0	0	0	0	0	N	N	N	N	N	N	N	N	N	N	N	N	0.0249	0.0006	3.1151	0.0429	0.0038	146.6649	0.0332	0.0000	1.9679	0.0304	0.0013	0.1905	0.1533	0.0144	2.2342	0.0199	0.0000	0.1227	1.2230	2.0790	0.0612	3.5715	3.7607	0.0152	0.5985	1.1877	0.0623	27.1819	0.0217	0.0026	-0.4265	8.9557	2.7966	32.3127	8.5340	0.0050	0.0002	0.0048	0.0020	0.0002	0.0018	0.0030	0.0000	0.0030	0.9757	0.9550	0.0207	0.5985	0.5984	0.0001	0.3771	0.3566	0.0206	0.1634	0.1383	0.0252	0.0129	0.0121	0.0008	0.1505	0.1261	0.0244	0.7978	0.4593	0.3384	0.1676	0.1591	0.0085	0.6302	0.3002	0.3300	0.0249	0.0006	3.1151	0.0429	0.0038	146.6649	0.0332	0.0000	1.9679	1.2230	2.0790	0.0612	3.5715	3.7607	0.0152	0.5985	1.1877	0.0623
105	108	0.1077	5	0	1	1	0	0	0	0	0	N	N	N	N	N	N	N	N	N	N	N	N	0.0017	0.0012	0.0268	0.2110	0.1809	0.0000	0.0000	0.0000	0.0243	0.0029	0.0034	0.0003	0.0191	0.0199	0.0000	0.0001	0.0000	0.0003	1.7248	2.7377	0.0116	0.0904	0.1102	0.0018	2.4238	4.4153	0.0133	0.0174	0.0025	-0.0003	-0.4870	4.2679	8.0392	7.8415	22.6195	0.0008	0.0007	0.0000	0.0007	0.0007	0.0000	0.0000	0.0000	0.0000	1.0682	1.0655	0.0027	0.0168	0.0167	0.0001	1.0514	1.0488	0.0026	0.2626	0.2208	0.0418	0.0391	0.0374	0.0017	0.2236	0.1834	0.0401	0.6193	0.3892	0.2301	0.1855	0.1517	0.0339	0.4338	0.2375	0.1962	0.0017	0.0012	0.0268	0.2110	0.1809	0.0000	0.0000	0.0000	0.0243	1.7248	2.7377	0.0116	0.0904	0.1102	0.0018	2.4238	4.4153	0.0133
105	109	0.1077	4	0	0	1	0	0	0	0	0	N	N	N	N	N	N	N	N	N	N	N	N	0.3598	0.1779	3.6782	0.5942	0.4685	0.8295	0.2239	0.0002	1.9540	0.0782	0.0498	0.1814	0.1069	0.1077	0.0024	0.0616	0.0001	0.1836	0.2172	0.2802	0.0493	0.1799	0.2298	0.0029	0.2751	0.3748	0.0939	0.9985	0.0660	0.0001	-0.0177	4.2679	0.2031	7.8415	2.0398	0.0014	0.0007	0.0007	0.0007	0.0007	0.0000	0.0007	0.0000	0.0007	0.0448	0.0420	0.0028	0.0225	0.0225	0.0001	0.0222	0.0195	0.0027	0.0179	0.0141	0.0039	0.0066	0.0065	0.0000	0.0114	0.0076	0.0038	0.2061	0.1498	0.0562	0.1253	0.0978	0.0276	0.0807	0.0521	0.0287	0.3598	0.1779	3.6782	0.5942	0.4685	0.8295	0.2239	0.0002	1.9540	0.2172	0.2802	0.0493	0.1799	0.2298	0.0029	0.2751	0.3748	0.0939
105	110	0.6882	10	1	0	2	0	0	0	0	0	N	N	Y	N	N	N	N	N	N	N	N	N	0.0000	0.0000	0.0000	0.0000	0.0000	0.0000	0.0000	0.0000	0.0000	0.0000	0.0000	0.0000	0.0000	0.0000	0.0000	0.0000	0.0000	0.0000	0.0000	0.0000	4.2679	0.0001	7.8415	0.0001	0.0000	0.0000	0.0000	0.0000	0.0000	0.0000	0.0000	0.0000	0.0000	0.0000	0.0000	0.0000	0.0000	0.0000	0.0000	0.0000	0.0000	0.0000	0.0029	0.0023	0.0006	0.0015	0.0015	0.0000	0.0015	0.0008	0.0006	0.0001	0.0000	0.0000	0.0000	0.0000	0.0000	0.0000	0.0000	0.0000	0.0000	0.0000	0.0000	0.0000	0.0000	0.0000	0.0000	0.0000	0.0000	0.0000	0.0000	0.0000	0.0000	0.0000	0.0000	0.0000	0.0000	0.0000											
105	111	0.6744	9	1	0	2	0	0	0	0	0	N	N	Y	N	N	N	N	N	N	N	N	N	0.0000	0.0000	0.0000	0.0000	0.0000	0.0000	0.0000	0.0000	0.0000	0.0000	0.0000	0.0000	0.0000	0.0000	0.0000	0.0000	0.0000	0.0000	0.0004	0.0004	0.0004	0.0004	0.0003	0.0009	0.0004	0.0008	0.0000	0.3813	-0.0000	-0.0000	4.2679	1.6718	7.8415	2.9223	0.0000	0.0000	0.0000	0.0000	0.0000	0.0000	0.0000	0.0000	0.0000	0.0000	0.0000	0.0000	0.0000	0.0000	0.0000	0.0000	0.0000	0.0000	0.0623	0.0546	0.0077	0.0255	0.0237	0.0018	0.0368	0.0309	0.0059	0.0919	0.0639	0.0280	0.0595	0.0489	0.0106	0.0324	0.0150	0.0174	0.0000	0.0000	0.0000	0.0000	0.0000	0.0000	0.0000	0.0000	0.0000	0.0004	0.0004	0.0004	0.0004	0.0003	0.0009	0.0004	0.0008	0.0000	
105	112	0.5908	8	1	0	2	0	0	0	0	0	N	N	Y	N	N	N	N	N	N	N	N	N	12.9658	14.7668	0.0000	18.0979	24.0377	0.0000	0.0000	0.0000	0.0000	0.0016	0.0018	0.0000	0.0037	0.0040	0.0000	0.0000	0.0000	0.0000	0.0001	0.0001	0.0001	0.0002	0.0002	0.0004	0.0000	0.0000	0.0000	0.0000	0.4626	-0.0003	-0.0000	4.2679	14.0283	7.8415	7.1084	0.0008	0.0008	0.0000	0.0008	0.0008	0.0000	0.0000	0.0000	0.0000	0.0000	0.0000	0.0000	0.0000	0.0000	0.0000	0.0000	0.0000	0.0000	0.4753	0.4187	0.0566	0.2037	0.1887	0.0150	0.2716	0.2300	0.0416	0.3171	0.2175	0.0996	0.1765	0.1487	0.0278	0.1406	0.0688	0.0718	12.9658	14.7668	0.0000	18.0979	24.0377	0.0000	0.0000	0.0000	0.0000	0.0001	0.0001	0.0001	0.0002	0.0002	0.0004	0.0000	0.0000	0.0000
105	113	0.5306	7	0	0	1	0	0	0	0	0	N	N	N	N	N	N	N	N	N	N	N	N	94.4534	1250.1341	0.0008	1635.9996	2562.1955	0.0005	0.0039	0.1431	0.0008	2.7494	3.1014	0.0001	6.8282	7.2729	0.0000	0.0002	0.0003	0.0001	0.0291	0.0025	0.0931	0.0042	0.0028	0.0126	0.0585	0.0018	0.1200	0.0000	15.6180	-0.4380	0.0047	4.2679	8.6129	7.8415	5.1709	0.9929	0.9929	0.0000	0.9928	0.9928	0.0000	0.0000	0.0000	0.0000	0.0097	0.0006	0.0091	0.0008	0.0004	0.0003	0.0090	0.0001	0.0088	0.3611	0.3201	0.0410	0.1454	0.1365	0.0089	0.2157	0.1836	0.0321	0.3342	0.2359	0.0982	0.1809	0.1562	0.0246	0.1533	0.0797	0.0736	94.4534	1250.1341	0.0008	1635.9996	2562.1955	0.0005	0.0039	0.1431	0.0008	0.0291	0.0025	0.0931	0.0042	0.0028	0.0126	0.0585	0.0018	0.1200
105	114	0.4355	6	0	0	1	0	0	0	0	0	N	N	N	N	N	N	N	N	N	N	N	N	0.0092	0.3156	0.0001	0.4373	0.4183	0.0009	0.0032	0.2989	0.0001	0.0134	0.0153	0.0004	0.0215	0.0235	0.0000	0.0092	0.0107	0.0005	1.4569	0.0486	4.3219	0.0491	0.0563	0.0105	2.8302	0.0359	5.6444	0.0038	43.7565	-0.0032	0.5314	4.2679	16.8607	7.8415	22.7724	0.0074	0.0074	0.0000	0.0041	0.0041	0.0000	0.0033	0.0033	0.0000	1.0233	0.0229	1.0004	0.0170	0.0165	0.0006	1.0063	0.0064	0.9999	0.5540	0.4817	0.0723	0.1892	0.1727	0.0166	0.3647	0.3090	0.0557	0.7024	0.4709	0.2315	0.3468	0.2925	0.0543	0.3556	0.1784	0.1771	0.0092	0.3156	0.0001	0.4373	0.4183	0.0009	0.0032	0.2989	0.0001	1.4569	0.0486	4.3219	0.0491	0.0563	0.0105	2.8302	0.0359	5.6444
105	115	0.1667	5	1	0	2	0	0	0	0	0	N	N	Y	N	N	N	N	N	N	N	N	N	0.0000	0.0000	0.0000	0.0000	0.0000	0.0000	0.0000	0.0000	0.0000	0.0000	0.0000	0.0000	0.0000	0.0000	0.0000	0.0000	0.0000	0.0000	0.0006	0.0009	0.0000	0.0015	0.0017	0.0000	0.0001	0.0001	0.0000	0.0003	0.0000	-0.0000	4.2679	1.0009	7.8415	4.0038	0.0000	0.0000	0.0000	0.0000	0.0000	0.0000	0.0000	0.0000	0.0000	0.0001	0.0001	0.0000	0.0001	0.0001	0.0000	0.0000	0.0000	0.0000	0.0348	0.0293	0.0055	0.0048	0.0046	0.0002	0.0301	0.0247	0.0053	0.1488	0.0979	0.0509	0.0557	0.0481	0.0076	0.0931	0.0499	0.0432	0.0000	0.0000	0.0000	0.0000	0.0000	0.0000	0.0000	0.0000	0.0000	0.0006	0.0009	0.0000	0.0015	0.0017	0.0000	0.0001	0.0001	0.0000	
105	116	0.1384	4	1	0	2	0	0	0	0	0	N	N	Y	N	N	N	N	N	N	N	N	N	4.7574	0.0132	355.0505	0.0594	0.0529	0.2637	6.9840	0.0000	374.7174	0.0390	0.0002	0.2554	0.0007	0.0007	0.0002	0.0495	0.0000	0.2690	0.0082	0.0129	0.0007	0.0114	0.0132	0.0007	0.0071	0.0127	0.0007	270.0782	0.0349	0.0017	-0.0009	4.2679	1.8441	7.8415	10.4794	0.0030	0.0000	0.0030	0.0000	0.0000	0.0000	0.0030	0.0000	0.0030	0.0021	0.0020	0.0001	0.0007	0.0007	0.0000	0.0013	0.0013	0.0001	0.0767	0.0650	0.0117	0.0165	0.0159	0.0006	0.0602	0.0491	0.0111	0.2529	0.1557	0.0972	0.0654	0.0561	0.0093	0.1875	0.0996	0.0879	4.7574	0.0132	355.0505	0.0594	0.0529	0.2637	6.9840	0.0000	374.7174	0.0082	0.0129	0.0007	0.0114	0.0132	0.0007	0.0071	0.0127	0.0007
105	117	0.3227	4	0	1	1	1	0	0	0	0	N	N	N	N	N	N	N	N	N	N	N	N	0.0078	0.0063	0.0000	0.0135	0.0123	0.0013	0.0000	0.0000	0.0000	0.0081	0.0093	0.0000	0.0276	0.0287	0.0000	0.0000	0.0000	0.0000	1.0323	1.4891	0.0313	2.0425	2.3420	0.0012	0.0825	0.1243	0.0387	0.0000	0.0096	-0.0015	-0.3648	4.2679	10.5071	7.8415	20.2622	0.0033	0.0033	0.0000	0.0033	0.0033	0.0000	0.0000	0.0000	0.0000	0.8128	0.8051	0.0077	0.7793	0.7792	0.0001	0.0335	0.0258	0.0077	0.4146	0.3581	0.0565	0.1214	0.1164	0.0050	0.2933	0.2417	0.0516	0.7873	0.5406	0.2467	0.3815	0.3327	0.0488	0.4058	0.2079	0.1979	0.0078	0.0063	0.0000	0.0135	0.0123	0.0013	0.0000	0.0000	0.0000	1.0323	1.4891	0.0313	2.0425	2.3420	0.0012	0.0825	0.1243	0.0387
105	118	0.0865	3	0	1	1	1	0	0	0	0	N	N	N	N	N	N	N	N	N	N	N	N	0.0002	0.0001	0.0000	0.9101	1.1224	0.0000	0.0000	0.0000	0.0000	0.0003	0.0004	0.0000	0.0027	0.0029	0.0000	0.0000	0.0000	0.0000	1.9600	3.3160	0.0061	0.0030	0.0025	0.0062	2.3735	4.4721	0.0061	0.0000	0.0013	-0.0000	-0.4572	4.2679	4.0036	7.8415	26.5072	0.0000	0.0000	0.0000	0.0000	0.0000	0.0000	0.0000	0.0000	0.0000	1.0001	0.9989	0.0013	0.0003	0.0002	0.0001	0.9999	0.9987	0.0012	0.1235	0.1038	0.0197	0.0151	0.0144	0.0007	0.1084	0.0894	0.0190	0.5103	0.3012	0.2090	0.0890	0.0779	0.0111	0.4213	0.2233	0.1980	0.0002	0.0001	0.0000	0.9101	1.1224	0.0000	0.0000	0.0000	0.0000	1.9600	3.3160	0.0061	0.0030	0.0025	0.0062	2.3735	4.4721	0.0061
105	119	0.1249	4	0	1	1	0	0	0	0	0	N	N	N	N	N	N	N	N	N	N	N	N	4484.8595	3455.1656	0.0000	0.0814	0.0773	0.0000	76130.9246	403227.5604	0.0000	5.9242	6.9866	0.0000	0.0004	0.0005	0.0000	8.3549	10.1432	0.0000	0.0013	0.0020	0.0002	0.0051	0.0059	0.0001	0.0001	0.0000	0.0002	0.0000	0.0617	-0.4410	-0.0003	4.2679	3.8169	7.8415	21.2433	0.9998	0.9998	0.0000	0.0000	0.0000	0.0000	0.9998	0.9998	0.0000	0.0006	0.0006	0.0000	0.0006	0.0006	0.0000	0.0000	0.0000	0.0000	0.1688	0.1431	0.0257	0.0491	0.0445	0.0046	0.1197	0.0986	0.0211	0.4823	0.2967	0.1856	0.1169	0.1003	0.0166	0.3654	0.1964	0.1690	4484.8595	3455.1656	0.0000	0.0814	0.0773	0.0000	76130.9246	403227.5604	0.0000	0.0013	0.0020	0.0002	0.0051	0.0059	0.0001	0.0001	0.0000	0.0002
105	120	0.4706	8	0	1	1	0	0	0	0	0	N	N	N	N	N	N	N	N	N	N	N	N	10.8702	9.7381	0.0043	19.8950	18.0009	0.0012	0.0013	0.0000	0.0038	1.6980	1.9587	0.0002	5.3197	5.5918	0.0000	0.0000	0.0000	0.0002	0.1562	0.2011	0.0517	0.2674	0.3106	0.0115	0.0342	0.0064	0.0652	0.0000	0.1106	-0.4400	-0.0587	4.2679	16.3276	7.8415	34.9199	0.9976	0.9976	0.0000	0.9976	0.9976	0.0000	0.0000	0.0000	0.0000	0.1636	0.1473	0.0163	0.1465	0.1456	0.0009	0.0171	0.0017	0.0154	0.5875	0.5093	0.0782	0.1875	0.1784	0.0091	0.4000	0.3309	0.0691	1.0471	0.7322	0.3149	0.5479	0.4687	0.0792	0.4992	0.2635	0.2356	10.8702	9.7381	0.0043	19.8950	18.0009	0.0012	0.0013	0.0000	0.0038	0.1562	0.2011	0.0517	0.2674	0.3106	0.0115	0.0342	0.0064	0.0652
105	121	0.4533	7	0	1	1	0	0	0	0	0	N	N	N	N	N	N	N	N	N	N	N	N	0.0161	0.0221	0.0034	0.0269	0.0245	0.0002	0.0112	0.0535	0.0027	0.0052	0.0058	0.0017	0.0081	0.0084	0.0000	0.0040	0.0045	0.0018	0.3245	0.2625	0.4905	0.2998	0.3446	0.0210	0.3584	0.0843	0.6862	0.0461	0.6985	-0.0005	-0.0109	4.2679	6.1757	7.8415	14.5601	0.0012	0.0012	0.0001	0.0006	0.0006	0.0000	0.0007	0.0006	0.0001	0.2308	0.1359	0.0949	0.1233	0.1221	0.0012	0.1075	0.0138	0.0937	0.2337	0.2012	0.0325	0.0698	0.0668	0.0030	0.1639	0.1345	0.0294	0.7113	0.5177	0.1936	0.4113	0.3544	0.0569	0.3000	0.1634	0.1366	0.0161	0.0221	0.0034	0.0269	0.0245	0.0002	0.0112	0.0535	0.0027	0.3245	0.2625	0.4905	0.2998	0.3446	0.0210	0.3584	0.0843	0.6862
105	122	0.4003	6	0	0	1	0	0	0	0	0	N	N	N	N	N	N	N	N	N	N	N	N	0.0792	0.1908	0.0001	0.0322	0.0297	0.0006	0.0773	0.9165	0.0001	0.0741	0.0857	0.0003	0.0183	0.0192	0.0000	0.1002	0.1217	0.0003	0.9349	0.4493	2.0775	0.5671	0.6472	0.0284	1.2968	0.1328	2.6391	0.0006	1.9654	-0.0097	0.1415	4.2679	7.5400	7.8415	21.4192	0.0221	0.0221	0.0000	0.0017	0.0017	0.0000	0.0204	0.0203	0.0000	0.6922	0.2334	0.4587	0.2082	0.2069	0.0013	0.4839	0.0265	0.4574	0.2983	0.2578	0.0406	0.0952	0.0905	0.0047	0.2031	0.1673	0.0359	0.7403	0.5195	0.2208	0.3672	0.3197	0.0475	0.3732	0.1999	0.1733	0.0792	0.1908	0.0001	0.0322	0.0297	0.0006	0.0773	0.9165	0.0001	0.9349	0.4493	2.0775	0.5671	0.6472	0.0284	1.2968	0.1328	2.6391
105	123	0.1605	5	0	1	1	0	0	0	0	0	N	N	N	N	N	N	N	N	N	N	N	N	0.0593	0.0480	0.0000	0.6583	1.1642	0.0000	0.0000	0.0000	0.0000	0.0001	0.0001	0.0000	0.0006	0.0006	0.0000	0.0000	0.0000	0.0000	0.0013	0.0019	0.0003	0.0008	0.0005	0.0027	0.0015	0.0028	0.0000	0.0000	0.1008	-0.0000	-0.0002	4.2679	4.0019	7.8415	19.5615	0.0000	0.0000	0.0000	0.0000	0.0000	0.0000	0.0000	0.0000	0.0000	0.0005	0.0005	0.0000	0.0001	0.0001	0.0000	0.0004	0.0004	0.0000	0.1312	0.1103	0.0209	0.0181	0.0172	0.0009	0.1130	0.0931	0.0199	0.4192	0.2596	0.1596	0.1186	0.1000	0.0185	0.3007	0.1596	0.1411	0.0593	0.0480	0.0000	0.6583	1.1642	0.0000	0.0000	0.0000	0.0000	0.0013	0.0019	0.0003	0.0008	0.0005	0.0027	0.0015	0.0028	0.0000
105	124	0.1384	4	0	0	1	0	0	0	0	0	N	N	N	N	N	N	N	N	N	N	N	N	5.6376	0.0000	1222.4957	0.0006	0.0000	0.4766	8.7406	0.0000	1426.7099	0.0529	0.0000	0.3534	0.0000	0.0000	0.0002	0.0701	0.0000	0.3738	0.0094	0.0149	0.0003	0.0129	0.0150	0.0005	0.0080	0.0148	0.0003	inf	0.0117	0.0017	-0.0009	4.2679	1.2223	7.8415	8.2281	0.0030	0.0000	0.0030	0.0000	0.0000	0.0000	0.0030	0.0000	0.0030	0.0019	0.0019	0.0000	0.0007	0.0007	0.0000	0.0012	0.0012	0.0000	0.0564	0.0480	0.0084	0.0139	0.0134	0.0005	0.0425	0.0346	0.0080	0.2070	0.1292	0.0779	0.0574	0.0493	0.0081	0.1496	0.0799	0.0697	5.6376	0.0000	1222.4957	0.0006	0.0000	0.4766	8.7406	0.0000	1426.7099	0.0094	0.0149	0.0003	0.0129	0.0150	0.0005	0.0080	0.0148	0.0003
105	125	0.0865	3	0	0	1	0	0	0	0	0	N	N	N	N	N	N	N	N	N	N	N	N	19.7714	0.0000	3220.9388	0.0000	0.0000	0.0000	24.1367	0.0000	3336.7837	5.5015	0.0000	34.6771	0.0000	0.0000	0.0000	6.2636	0.0000	35.9070	0.2783	0.4616	0.0108	0.3596	0.4048	0.0109	0.2595	0.4837	0.0108	2709567.0150	0.0160	0.5635	-0.0411	4.2679	5.9920	7.8415	12.2976	1.0083	0.0000	1.0083	0.0000	0.0000	0.0000	1.0083	0.0000	1.0083	0.0928	0.0913	0.0015	0.0225	0.0224	0.0001	0.0703	0.0689	0.0014	0.1833	0.1542	0.0291	0.0223	0.0213	0.0010	0.1610	0.1329	0.0281	0.3334	0.1978	0.1356	0.0624	0.0553	0.0072	0.2710	0.1425	0.1284	19.7714	0.0000	3220.9388	0.0000	0.0000	0.0000	24.1367	0.0000	3336.7837	0.2783	0.4616	0.0108	0.3596	0.4048	0.0109	0.2595	0.4837	0.0108
105	126	0.1237	5	0	1	1	0	0	0	0	0	N	N	N	N	N	N	N	N	N	N	N	N	10.3830	8.1953	5.8539	81.4897	67.5872	0.6432	0.0353	0.0000	5.1141	1.3752	1.6893	0.0234	7.7955	8.0360	0.0006	0.0054	0.0000	0.0241	0.1324	0.2061	0.0040	0.0957	0.1189	0.0009	0.1518	0.2734	0.0047	0.0032	0.0111	-0.1119	-0.0296	4.2679	5.0407	7.8415	17.1705	0.2556	0.2548	0.0008	0.2548	0.2548	0.0000	0.0008	0.0000	0.0008	0.0661	0.0654	0.0007	0.0165	0.0164	0.0000	0.0497	0.0490	0.0007	0.1859	0.1508	0.0350	0.0327	0.0317	0.0010	0.1532	0.1191	0.0341	0.4994	0.3174	0.1821	0.1720	0.1382	0.0339	0.3274	0.1792	0.1482	10.3830	8.1953	5.8539	81.4897	67.5872	0.6432	0.0353	0.0000	5.1141	0.1324	0.2061	0.0040	0.0957	0.1189	0.0009	0.1518	0.2734	0.0047
105	127	0.1077	4	0	1	1	0	0	0	0	0	N	N	N	N	N	N	N	N	N	N	N	N	1.4228	0.4281	24.6202	2.5070	2.0552	0.4508	1.1791	0.0001	18.3001	0.2020	0.0829	0.7794	0.3635	0.3749	0.0014	0.1643	0.0000	0.8067	0.1420	0.1938	0.0317	0.1450	0.1824	0.0031	0.1394	0.2071	0.0441	1.9375	0.0767	0.0033	-0.0165	4.2679	1.9703	7.8415	6.2034	0.0151	0.0051	0.0100	0.0051	0.0051	0.0000	0.0100	0.0000	0.0100	0.0426	0.0396	0.0030	0.0202	0.0201	0.0001	0.0224	0.0195	0.0029	0.0748	0.0620	0.0128	0.0141	0.0137	0.0004	0.0606	0.0483	0.0123	0.3001	0.2042	0.0959	0.1393	0.1102	0.0291	0.1608	0.0940	0.0668	1.4228	0.4281	24.6202	2.5070	2.0552	0.4508	1.1791	0.0001	18.3001	0.1420	0.1938	0.0317	0.1450	0.1824	0.0031	0.1394	0.2071	0.0441
105	128	0.0865	3	0	0	1	0	0	0	0	0	N	N	N	N	N	N	N	N	N	N	N	N	0.0033	0.0069	0.0043	0.0631	0.0599	0.0000	0.0034	0.0001	0.0048	0.0225	0.0018	0.1297	0.0117	0.0123	0.0000	0.0240	0.0000	0.1342	6.8155	0.2581	29.9921	0.1860	0.2047	0.0039	7.0239	0.2838	27.7462	14.0066	34.7696	0.0004	0.5271	4.2679	1.1032	7.8415	7.8190	0.0008	0.0001	0.0007	0.0001	0.0001	0.0000	0.0007	0.0000	0.0007	1.0262	0.0287	0.9975	0.0074	0.0074	0.0000	1.0188	0.0213	0.9974	0.0349	0.0293	0.0056	0.0044	0.0042	0.0002	0.0305	0.0251	0.0055	0.1848	0.1111	0.0737	0.0398	0.0361	0.0037	0.1450	0.0751	0.0700	0.0040	0.0069	0.0096	0.0631	0.0599	0.0000	0.0034	0.0001	0.0094	5.5522	0.2581	13.5371	0.1860	0.2047	0.0039	7.0239	0.2838	14.2539
105	129	0.4296	7	0	1	1	0	0	0	0	0	N	N	N	N	N	N	N	N	N	N	N	N	0.0000	0.0000	0.0000	0.0000	0.0000	0.0000	0.0000	0.0000	0.0000	0.0000	0.0000	0.0000	0.0000	0.0000	0.0000	0.0000	0.0000	0.0000	0.0052	0.0000	0.0224	0.0005	0.0000	0.0076	0.0111	0.0000	0.0254	4295.1537	0.0000	0.0007	4.2679	1.0033	7.8415	0.8635	0.0000	0.0000	0.0000	0.0000	0.0000	0.0000	0.0000	0.0000	0.0000	0.0013	0.0000	0.0013	0.0001	0.0000	0.0001	0.0012	0.0000	0.0012	0.1000	0.0897	0.0103	0.0543	0.0518	0.0025	0.0457	0.0380	0.0078	0.2408	0.1846	0.0562	0.1333	0.1240	0.0093	0.1075	0.0606	0.0469	0.0000	0.0000	0.0000	0.0000	0.0000	0.0000	0.0000	0.0000	0.0000	0.0052	0.0000	0.0224	0.0005	0.0000	0.0076	0.0111	0.0000	0.0254	
105	130	0.4003	6	0	0	1	0	0	0	0	0	N	N	N	N	N	N	N	N	N	N	N	N	0.3541	0.5560	0.0249	0.5142	0.4713	3.6733	0.2700	4.9637	0.0118	0.1675	0.1902	0.0205	0.2354	0.2433	0.0777	0.1323	0.1583	0.0125	0.4730	0.3421	0.8201	0.4577	0.5163	0.0211	0.4900	0.0319	1.0560	0.0166	0.9039	-0.0170	0.0045	4.2679	5.5514	7.8415	9.9598	0.0399	0.0393	0.0007	0.0192	0.0189	0.0003	0.0208	0.0204	0.0003	0.2757	0.1448	0.1309	0.1407	0.1399	0.0008	0.1350	0.0049	0.1301	0.2384	0.2065	0.0319	0.0814	0.0775	0.0039	0.1570	0.1290	0.0280	0.5828	0.4232	0.1596	0.3074	0.2710	0.0364	0.2754	0.1522	0.1232	0.3541	0.5560	0.0249	0.5142	0.4713	3.6733	0.2700	4.9637	0.0118	0.4730	0.3421	0.8201	0.4577	0.5163	0.0211	0.4900	0.0319	1.0560
105	131	0.3700	5	0	0	1	0	0	0	0	0	N	N	N	N	N	N	N	N	N	N	N	N	4.9300	9.5778	0.0071	0.0550	0.0514	0.0094	5.8480	104.7567	0.0064	2.7402	3.1723	0.0077	0.0247	0.0260	0.0003	3.8614	4.6573	0.0086	0.5558	0.3312	1.0795	0.4491	0.5070	0.0368	0.6603	0.0445	1.3447	0.0004	1.3980	-0.4311	0.0433	4.2679	9.1969	7.8415	13.4651	0.9781	0.9778	0.0004	0.0026	0.0026	0.0000	0.9756	0.9752	0.0004	0.3473	0.1448	0.2025	0.1388	0.1374	0.0014	0.2085	0.0074	0.2011	0.3570	0.3082	0.0487	0.1043	0.0988	0.0055	0.2526	0.2094	0.0433	0.6248	0.4373	0.1876	0.3091	0.2711	0.0380	0.3157	0.1662	0.1495	4.9300	9.5778	0.0071	0.0550	0.0514	0.0094	5.8480	104.7567	0.0064	0.5558	0.3312	1.0795	0.4491	0.5070	0.0368	0.6603	0.0445	1.3447
105	132	0.1834	7	1	1	1	1	0	0	0	0	N	N	N	N	N	N	N	N	N	N	N	N	0.0000	0.0000	0.0000	0.0000	0.0000	0.0000	0.0000	0.0000	0.0000	0.0000	0.0000	0.0000	0.0000	0.0000	0.0000	0.0001	0.0003	0.0000	0.0006	0.0008	0.0000	0.0000	0.0000	0.0000	0.0002	0.0000	-0.0000	4.2679	1.0000	7.8415	3.0001	0.0000	0.0000	0.0000	0.0000	0.0000	0.0000	0.0000	0.0000	0.0000	0.0000	0.0000	0.0000	0.0000	0.0000	0.0000	0.0000	0.0000	0.0000	0.0326	0.0274	0.0052	0.0047	0.0044	0.0003	0.0279	0.0230	0.0049	0.0683	0.0399	0.0284	0.0157	0.0128	0.0029	0.0526	0.0271	0.0255	0.0000	0.0000	0.0000	0.0000	0.0000	0.0000	0.0000	0.0000	0.0000	0.0001	0.0003	0.0000	0.0006	0.0008	0.0000	0.0000	0.0000	0.0000				
105	133	0.5824	11	1	1	1	1	0	0	0	0	N	N	N	N	N	N	N	N	N	N	N	N	0.0000	0.0000	0.0000	0.0000	0.0000	0.0000	0.0000	0.0000	0.0000	0.0000	0.0000	0.0000	0.0000	0.0000	0.0000	0.0000	0.0000	0.0191	0.0001	0.0574	0.0267	0.0001	0.1538	0.0103	0.0000	0.0199	384.7989	0.0000	0.0003	4.2679	0.0006	7.8415	1.9797	0.0000	0.0000	0.0000	0.0000	0.0000	0.0000	0.0000	0.0000	0.0000	0.0006	0.0000	0.0006	0.0005	0.0000	0.0005	0.0002	0.0000	0.0002	0.0000	0.0000	0.0000	0.0000	0.0000	0.0000	0.0000	0.0000	0.0000	0.0328	0.0219	0.0109	0.0177	0.0146	0.0031	0.0152	0.0073	0.0079	0.0000	0.0000	0.0000	0.0000	0.0000	0.0000	0.0000	0.0000	0.0000	0.0191	0.0001	0.0574	0.0267	0.0001	0.1538	0.0103	0.0000	0.0199		
105	134	0.5656	10	1	1	1	1	0	0	0	0	N	N	N	N	N	N	N	N	N	N	N	N	0.0000	0.0000	0.0000	0.0000	0.0000	0.0000	0.0000	0.0000	0.0000	0.0000	0.0000	0.0000	0.0000	0.0000	0.0000	0.0000	0.0000	0.0000	0.0144	0.0218	0.0003	0.0271	0.0331	0.0009	0.0002	0.0004	0.0001	0.0082	0.0000	-0.0008	4.2679	2.0077	7.8415	6.0321	0.0000	0.0000	0.0000	0.0000	0.0000	0.0000	0.0000	0.0000	0.0000	0.0017	0.0017	0.0000	0.0017	0.0017	0.0000	0.0000	0.0000	0.0000	0.0654	0.0568	0.0086	0.0219	0.0200	0.0018	0.0435	0.0368	0.0068	0.1213	0.0798	0.0415	0.0640	0.0522	0.0118	0.0573	0.0276	0.0297	0.0000	0.0000	0.0000	0.0000	0.0000	0.0000	0.0000	0.0000	0.0000	0.0144	0.0218	0.0003	0.0271	0.0331	0.0009	0.0002	0.0004	0.0001	
105	135	0.5609	10	0	1	1	1	0	0	0	0	N	N	N	N	N	N	N	N	N	N	N	N	5.1335	4.5841	0.0000	28.4290	25.4201	0.0000	0.0000	0.0000	0.0000	0.0036	0.0042	0.0000	0.0112	0.0121	0.0000	0.0000	0.0000	0.0000	0.0007	0.0009	0.0003	0.0004	0.0005	0.0000	0.0010	0.0017	0.0004	0.0000	0.1630	-0.0002	-0.0000	4.2679	3.0348	7.8415	9.3583	0.0004	0.0004	0.0000	0.0004	0.0004	0.0000	0.0000	0.0000	0.0000	0.0001	0.0001	0.0000	0.0000	0.0000	0.0000	0.0001	0.0001	0.0000	0.1014	0.0871	0.0143	0.0326	0.0300	0.0026	0.0688	0.0572	0.0116	0.2051	0.1353	0.0697	0.1079	0.0887	0.0192	0.0972	0.0466	0.0505	5.1335	4.5841	0.0000	28.4290	25.4201	0.0000	0.0000	0.0000	0.0000	0.0007	0.0009	0.0003	0.0004	0.0005	0.0000	0.0010	0.0017	0.0004
105	136	0.5465	9	0	0	1	1	0	0	0	0	N	N	N	N	N	N	N	N	N	N	N	N	127.7907	0.0859	1080.8012	0.0160	0.0000	0.5512	420.7200	26.1389	1179.5754	0.2218	0.0002	1.5251	0.0000	0.0000	0.0006	0.3374	0.0003	1.8224	0.0017	0.0019	0.0014	0.0026	0.0029	0.0011	0.0008	0.0000	0.0015	1584.6401	0.3887	0.0002	-0.0000	4.2679	0.0433	7.8415	6.6805	0.0004	0.0000	0.0004	0.0000	0.0000	0.0000	0.0004	0.0000	0.0004	0.0002	0.0001	0.0001	0.0001	0.0001	0.0000	0.0000	0.0000	0.0000	0.0016	0.0014	0.0002	0.0006	0.0005	0.0000	0.0011	0.0009	0.0002	0.1056	0.0693	0.0364	0.0549	0.0447	0.0102	0.0507	0.0245	0.0262	127.7907	0.0859	1080.8012	0.0160	0.0000	0.5512	420.7200	26.1389	1179.5754	0.0017	0.0019	0.0014	0.0026	0.0029	0.0011	0.0008	0.0000	0.0015
105	137	0.2131	9	0	1	1	1	0	0	0	0	N	N	N	N	N	N	N	N	N	N	N	N	0.0000	0.0000	0.0000	0.0000	0.0000	0.0000	0.0000	0.0000	0.0000	0.0000	0.0000	0.0000	0.0000	0.0000	0.0000	0.0000	0.0000	0.0000	0.0000	0.0000	4.2679	0.0000	7.8415	0.0000	0.0000	0.0000	0.0000	0.0000	0.0000	0.0000	0.0000	0.0000	0.0000	0.0000	0.0000	0.0000	0.0000	0.0000	0.0000	0.0000	0.0000	0.0000	0.0000	0.0000	0.0000	0.0000	0.0000	0.0000	0.0000	0.0000	0.0000	0.0000	0.0000	0.0000	0.0000	0.0000	0.0000	0.0000	0.0000	0.0000	0.0000	0.0000	0.0000	0.0000	0.0000	0.0000	0.0000	0.0000	0.0000	0.0000	0.0000	0.0000	0.0000	0.0000	0.0000	0.0000	0.0000	0.0000											
105	138	0.2080	8	0	1	1	1	0	0	0	0	N	N	N	N	N	N	N	N	N	N	N	N	0.0000	0.0000	0.0000	0.0000	0.0000	0.0000	0.0000	0.0000	0.0000	0.0000	0.0000	0.0000	0.0000	0.0000	0.0000	0.0000	0.0000	0.0000	0.0000	0.0000	0.0000	0.0000	0.0000	0.0000	-0.0000	4.2679	0.0021	7.8415	2.0000	0.0000	0.0000	0.0000	0.0000	0.0000	0.0000	0.0000	0.0000	0.0000	0.0000	0.0000	0.0000	0.0000	0.0000	0.0000	0.0000	0.0000	0.0000	0.0002	0.0002	0.0000	0.0001	0.0001	0.0000	0.0001	0.0001	0.0000	0.0340	0.0201	0.0138	0.0082	0.0069	0.0014	0.0257	0.0133	0.0125	0.0000	0.0000	0.0000	0.0000	0.0000	0.0000	0.0000	0.0000	0.0000	0.0000	0.0000	0.0000	0.0000	0.0000	0.0000	0.0000	0.0000	0.0000						
105	139	0.1978	7	0	0	1	1	0	0	0	0	N	N	N	N	N	N	N	N	N	N	N	N	0.0000	0.0000	0.0000	0.0000	0.0000	0.0000	0.0000	0.0000	0.0000	0.0000	0.0000	0.0000	0.0000	0.0000	0.0000	0.0000	0.0001	0.0002	0.0000	0.0006	0.0007	0.0000	0.0000	0.0000	0.0000	0.0003	0.0000	-0.0000	4.2679	1.0020	7.8415	3.0181	0.0000	0.0000	0.0000	0.0000	0.0000	0.0000	0.0000	0.0000	0.0000	0.0000	0.0000	0.0000	0.0000	0.0000	0.0000	0.0000	0.0000	0.0000	0.0327	0.0275	0.0052	0.0048	0.0045	0.0003	0.0279	0.0230	0.0049	0.0690	0.0406	0.0285	0.0162	0.0134	0.0027	0.0529	0.0272	0.0257	0.0000	0.0000	0.0000	0.0000	0.0000	0.0000	0.0000	0.0000	0.0000	0.0001	0.0002	0.0000	0.0006	0.0007	0.0000	0.0000	0.0000	0.0000			
105	140	0.1834	7	0	1	1	0	0	0	0	0	N	N	N	N	N	N	N	N	N	N	N	N	0.0000	0.0000	0.0000	0.0000	0.0000	0.0000	0.0000	0.0000	0.0000	0.0000	0.0000	0.0000	0.0000	0.0000	0.0000	0.0000	0.0000	0.0000	0.0000	0.0000	0.0000	0.0000	inf	0.0000	0.0000	4.2679	0.0000	7.8415	4.0001	0.0000	0.0000	0.0000	0.0000	0.0000	0.0000	0.0000	0.0000	0.0000	0.0000	0.0000	0.0000	0.0000	0.0000	0.0000	0.0000	0.0000	0.0000	0.0000	0.0000	0.0000	0.0000	0.0000	0.0000	0.0000	0.0000	0.0000	0.0683	0.0399	0.0284	0.0157	0.0128	0.0029	0.0526	0.0271	0.0255	0.0000	0.0000	0.0000	0.0000	0.0000	0.0000	0.0000	0.0000	0.0000	0.0000	0.0000	0.0000	0.0000	0.0000	0.0000	0.0000	0.0000	0.0000						
105	141	0.5611	9	0	1	1	0	0	0	0	0	N	N	N	N	N	N	N	N	N	N	N	N	0.0000	0.0000	0.0000	0.0000	0.0000	0.0000	0.0000	0.0000	0.0000	0.0000	0.0000	0.0000	0.0000	0.0000	0.0000	0.0000	0.0000	0.0000	0.1865	0.2833	0.0000	0.0008	0.0010	0.0000	0.3947	0.8207	0.0000	0.0000	0.0000	-0.0079	4.2679	1.0003	7.8415	5.0186	0.0000	0.0000	0.0000	0.0000	0.0000	0.0000	0.0000	0.0000	0.0000	0.0173	0.0173	0.0000	0.0000	0.0000	0.0000	0.0172	0.0172	0.0000	0.0327	0.0284	0.0043	0.0109	0.0100	0.0009	0.0217	0.0184	0.0034	0.0926	0.0609	0.0316	0.0489	0.0399	0.0090	0.0436	0.0210	0.0226	0.0000	0.0000	0.0000	0.0000	0.0000	0.0000	0.0000	0.0000	0.0000	0.1865	0.2833	0.0000	0.0008	0.0010	0.0000	0.3947	0.8207	0.0000	
105	142	0.1978	7	0	0	2	1	0	0	0	0	N	N	Y	N	N	N	N	N	N	N	N	N	0.0000	0.0000	0.0000	0.0000	0.0000	0.0000	0.0000	0.0000	0.0000	0.0000	0.0000	0.0000	0.0000	0.0000	0.0000	0.0000	0.0001	0.0001	0.0000	0.0003	0.0003	0.0000	0.0000	0.0000	0.0000	0.0009	0.0000	-0.0000	4.2679	0.0001	7.8415	9.0026	0.0000	0.0000	0.0000	0.0000	0.0000	0.0000	0.0000	0.0000	0.0000	0.0000	0.0000	0.0000	0.0000	0.0000	0.0000	0.0000	0.0000	0.0000	0.0000	0.0000	0.0000	0.0000	0.0000	0.0000	0.0000	0.0000	0.0000	0.1515	0.0891	0.0624	0.0353	0.0293	0.0060	0.1162	0.0598	0.0564	0.0000	0.0000	0.0000	0.0000	0.0000	0.0000	0.0000	0.0000	0.0000	0.0001	0.0001	0.0000	0.0003	0.0003	0.0000	0.0000	0.0000	0.0000			
105	143	0.5465	9	0	0	2	1	0	0	0	0	N	N	Y	N	N	N	N	N	N	N	N	N	0.0000	0.0000	0.0000	0.0000	0.0000	0.0000	0.0000	0.0000	0.0000	0.0000	0.0000	0.0000	0.0000	0.0000	0.0000	0.0000	0.0000	0.0000	0.1040	0.1585	0.0008	0.0004	0.0003	0.0007	0.2156	0.4455	0.0008	0.0025	0.0000	-0.0073	4.2679	2.0061	7.8415	8.0425	0.0000	0.0000	0.0000	0.0000	0.0000	0.0000	0.0000	0.0000	0.0000	0.0161	0.0160	0.0000	0.0000	0.0000	0.0000	0.0160	0.0160	0.0000	0.0650	0.0562	0.0088	0.0205	0.0188	0.0017	0.0445	0.0375	0.0070	0.1546	0.1012	0.0534	0.0802	0.0652	0.0149	0.0744	0.0360	0.0385	0.0000	0.0000	0.0000	0.0000	0.0000	0.0000	0.0000	0.0000	0.0000	0.1040	0.1585	0.0008	0.0004	0.0003	0.0007	0.2156	0.4455	0.0008	
105	144	0.5374	8	0	0	1	1	0	0	0	0	N	N	N	N	N	N	N	N	N	N	N	N	0.0000	0.0000	0.0000	0.0000	0.0000	0.0000	0.0000	0.0000	0.0000	0.0000	0.0000	0.0000	0.0000	0.0000	0.0000	0.0000	0.0000	0.0000	0.0228	0.0320	0.0006	0.0440	0.0505	0.0009	0.0003	0.0001	0.0006	0.0084	0.0000	-0.0010	4.2679	1.9550	7.8415	2.1189	0.0000	0.0000	0.0000	0.0000	0.0000	0.0000	0.0000	0.0000	0.0000	0.0022	0.0021	0.0000	0.0021	0.0021	0.0000	0.0000	0.0000	0.0000	0.0674	0.0582	0.0092	0.0243	0.0219	0.0023	0.0432	0.0363	0.0069	0.0949	0.0670	0.0279	0.0487	0.0424	0.0063	0.0462	0.0246	0.0216	0.0000	0.0000	0.0000	0.0000	0.0000	0.0000	0.0000	0.0000	0.0000	0.0228	0.0320	0.0006	0.0440	0.0505	0.0009	0.0003	0.0001	0.0006	
105	145	0.5374	8	0	0	2	1	0	0	0	0	N	N	Y	N	N	N	N	N	N	N	N	N	0.0000	0.0000	0.0000	0.0000	0.0000	0.0000	0.0000	0.0000	0.0000	0.0000	0.0000	0.0000	0.0000	0.0000	0.0000	0.0000	0.0000	0.0000	0.0608	0.0913	0.0000	0.0237	0.0285	0.0000	0.0993	0.2004	0.0000	0.0000	0.0000	-0.0092	4.2679	2.1261	7.8415	18.6477	0.0000	0.0000	0.0000	0.0000	0.0000	0.0000	0.0000	0.0000	0.0000	0.0201	0.0201	0.0000	0.0040	0.0040	0.0000	0.0161	0.0161	0.0000	0.0729	0.0630	0.0099	0.0261	0.0236	0.0025	0.0468	0.0394	0.0074	0.3308	0.2202	0.1106	0.1685	0.1397	0.0287	0.1623	0.0804	0.0819	0.0000	0.0000	0.0000	0.0000	0.0000	0.0000	0.0000	0.0000	0.0000	0.0608	0.0913	0.0000	0.0237	0.0285	0.0000	0.0993	0.2004	0.0000	
105	146	0.1978	7	0	0	2	1	0	0	0	0	N	N	Y	N	N	N	N	N	N	N	N	N	0.0000	0.0000	0.0000	0.0000	0.0000	0.0000	0.0000	0.0000	0.0000	0.0000	0.0000	0.0000	0.0000	0.0000	0.0000	0.0000	0.0001	0.0003	0.0000	0.0006	0.0008	0.0000	0.0000	0.0000	0.0000	0.0004	0.0000	-0.0000	4.2679	2.0001	7.8415	5.9880	0.0000	0.0000	0.0000	0.0000	0.0000	0.0000	0.0000	0.0000	0.0000	0.0000	0.0000	0.0000	0.0000	0.0000	0.0000	0.0000	0.0000	0.0000	0.0650	0.0547	0.0103	0.0095	0.0090	0.0005	0.0555	0.0457	0.0097	0.1349	0.0794	0.0556	0.0315	0.0261	0.0053	0.1035	0.0532	0.0503	0.0000	0.0000	0.0000	0.0000	0.0000	0.0000	0.0000	0.0000	0.0000	0.0001	0.0003	0.0000	0.0006	0.0008	0.0000	0.0000	0.0000	0.0000			
105	147	0.1978	7	0	0	2	1	0	0	0	0	N	N	Y	N	N	N	N	N	N	N	N	N	0.0013	0.0010	0.0000	0.0199	0.0183	0.0000	0.0000	0.0000	0.0000	0.0001	0.0001	0.0000	0.0005	0.0005	0.0000	0.0000	0.0000	0.0000	0.0525	0.0879	0.0016	0.0244	0.0282	0.0053	0.0609	0.1164	0.0013	0.0000	0.0129	-0.0000	-0.0115	4.2679	9.0001	7.8415	23.0169	0.0000	0.0000	0.0000	0.0000	0.0000	0.0000	0.0000	0.0000	0.0000	0.0259	0.0256	0.0003	0.0028	0.0027	0.0001	0.0231	0.0229	0.0002	0.2826	0.2385	0.0441	0.0411	0.0388	0.0023	0.2416	0.1997	0.0418	0.4931	0.2909	0.2022	0.1130	0.0942	0.0188	0.3801	0.1967	0.1833	0.0013	0.0010	0.0000	0.0199	0.0183	0.0000	0.0000	0.0000	0.0000	0.0525	0.0879	0.0016	0.0244	0.0282	0.0053	0.0609	0.1164	0.0013
105	148	0.1725	6	0	0	1	1	0	0	0	0	N	N	N	N	N	N	N	N	N	N	N	N	0.6110	0.0000	11.6089	0.0000	0.0000	0.0000	31.9899	0.0000	89.4517	0.0003	0.0000	0.0018	0.0000	0.0000	0.0000	0.0003	0.0000	0.0019	0.0005	0.0007	0.0002	0.0019	0.0020	0.0014	0.0000	0.0000	0.0000	inf	0.1553	0.0000	-0.0000	4.2679	1.9990	7.8415	7.9526	0.0000	0.0000	0.0000	0.0000	0.0000	0.0000	0.0000	0.0000	0.0000	0.0001	0.0001	0.0000	0.0001	0.0001	0.0000	0.0000	0.0000	0.0000	0.0653	0.0549	0.0104	0.0095	0.0090	0.0005	0.0558	0.0459	0.0099	0.1801	0.1069	0.0732	0.0449	0.0376	0.0073	0.1352	0.0693	0.0659	0.6110	0.0000	11.6089	0.0000	0.0000	0.0000	31.9899	0.0000	89.4517	0.0005	0.0007	0.0002	0.0019	0.0020	0.0014	0.0000	0.0000	0.0000
105	149	0.1405	5	1	1	1	0	0	0	0	0	N	N	N	N	N	N	N	N	N	N	N	N	0.0000	0.0000	0.0000	0.0037	0.0033	0.0000	0.0000	0.0000	0.0000	0.0002	0.0002	0.0000	0.0008	0.0009	0.0000	0.0000	0.0000	0.0000	10.3200	4.2962	25.8179	0.2257	0.2629	0.0007	9.7660	6.4039	25.3110	0.0000	1.8296	-0.0000	0.5821	4.2679	5.3497	7.8415	17.2225	0.0000	0.0000	0.0000	0.0000	0.0000	0.0000	0.0000	0.0000	0.0000	3.0929	1.0931	1.9998	0.0230	0.0230	0.0000	3.0699	1.0701	1.9998	0.2004	0.1695	0.0309	0.0406	0.0388	0.0018	0.1597	0.1307	0.0290	0.4161	0.2544	0.1617	0.1018	0.0873	0.0144	0.3143	0.1671	0.1472	0.0000	0.0000	0.0000	0.0037	0.0033	0.0000	0.0000	0.0000	0.0000	7.4328	4.2962	12.3687	0.2257	0.2629	0.0007	9.7660	6.4039	13.5814
105	150	0.1713	6	0	1	1	0	0	0	0	0	N	N	N	N	N	N	N	N	N	N	N	N	2.1340	0.0001	719844.1370	0.0005	0.0004	0.0371	2.6449	0.0000	869225.8279	5.4181	0.0003	39.8878	0.0009	0.0009	0.0000	7.8050	0.0000	43.9753	2.5390	4.0918	0.0001	1.8383	2.1391	0.0001	2.9510	6.1469	0.0001	19910.9450	0.0000	0.5585	-0.6482	4.2679	3.6794	7.8415	17.4287	0.9995	0.0001	0.9994	0.0001	0.0001	0.0000	0.9994	0.0000	0.9994	1.4141	1.4141	0.0000	0.3791	0.3791	0.0000	1.0350	1.0350	0.0000	0.1845	0.1594	0.0251	0.0564	0.0541	0.0023	0.1280	0.1053	0.0227	0.5570	0.3456	0.2114	0.2062	0.1772	0.0290	0.3507	0.1684	0.1824	2.1340	0.0001	719844.1370	0.0005	0.0004	0.0371	2.6449	0.0000	869225.8279	2.5390	4.0918	0.0001	1.8383	2.1391	0.0001	2.9510	6.1469	0.0001
105	151	0.1405	5	0	1	1	0	0	0	0	0	N	N	N	N	N	N	N	N	N	N	N	N	0.0034	0.0057	0.0080	0.5820	0.5678	0.0000	0.0031	0.0013	0.0077	0.0048	0.0004	0.0286	0.0012	0.0012	0.0000	0.0058	0.0002	0.0305	1.3799	0.0754	3.5798	0.0020	0.0021	0.0010	1.8897	0.1194	3.9410	12.1287	28.1700	0.0003	0.1981	4.2679	3.4464	7.8415	10.1316	0.0007	0.0001	0.0006	0.0000	0.0000	0.0000	0.0006	0.0000	0.0006	0.3905	0.0134	0.3771	0.0002	0.0001	0.0000	0.3904	0.0132	0.3771	0.1411	0.1194	0.0217	0.0323	0.0309	0.0014	0.1088	0.0885	0.0203	0.2830	0.1777	0.1054	0.0764	0.0668	0.0097	0.2066	0.1109	0.0957	0.0034	0.0057	0.0080	0.5820	0.5678	0.0000	0.0031	0.0013	0.0077	1.3799	0.0754	3.5798	0.0020	0.0021	0.0010	1.8897	0.1194	3.9410
105	152	0.5679	11	1	1	1	0	0	0	0	0	N	N	N	N	N	N	N	N	N	N	N	N	0.0000	0.0000	0.0000	0.0000	0.0000	0.0000	0.0000	0.0000	0.0000	0.0000	0.0000	0.0000	0.0000	0.0000	0.0000	0.0000	0.0000	0.0000	0.1277	0.1943	0.0000	0.2283	0.2799	0.0000	0.0167	0.0347	0.0000	0.0000	0.0000	-0.0113	4.2679	1.0143	7.8415	12.0086	0.0000	0.0000	0.0000	0.0000	0.0000	0.0000	0.0000	0.0000	0.0000	0.0246	0.0246	0.0000	0.0230	0.0230	0.0000	0.0015	0.0015	0.0000	0.0337	0.0292	0.0044	0.0114	0.0105	0.0009	0.0223	0.0188	0.0035	0.1924	0.1265	0.0659	0.1009	0.0823	0.0186	0.0915	0.0441	0.0474	0.0000	0.0000	0.0000	0.0000	0.0000	0.0000	0.0000	0.0000	0.0000	0.1277	0.1943	0.0000	0.2283	0.2799	0.0000	0.0167	0.0347	0.0000	
105	153	0.5656	10	1	1	1	0	0	0	0	0	N	N	N	N	N	N	N	N	N	N	N	N	0.0000	0.0000	0.0000	0.0000	0.0000	0.0000	0.0000	0.0000	0.0000	0.0000	0.0000	0.0000	0.0000	0.0000	0.0000	0.0000	0.0000	0.0000	0.0013	0.0016	0.0005	0.0009	0.0010	0.0005	0.0017	0.0029	0.0005	0.1634	0.0000	-0.0000	4.2679	0.9811	7.8415	0.0216	0.0000	0.0000	0.0000	0.0000	0.0000	0.0000	0.0000	0.0000	0.0000	0.0000	0.0000	0.0000	0.0000	0.0000	0.0000	0.0000	0.0000	0.0000	0.0323	0.0280	0.0043	0.0108	0.0099	0.0009	0.0214	0.0181	0.0034	0.0157	0.0104	0.0054	0.0084	0.0068	0.0015	0.0074	0.0035	0.0038	0.0000	0.0000	0.0000	0.0000	0.0000	0.0000	0.0000	0.0000	0.0000	0.0013	0.0016	0.0005	0.0009	0.0010	0.0005	0.0017	0.0029	0.0005	
105	154	0.5611	9	1	1	1	0	0	0	0	0	N	N	N	N	N	N	N	N	N	N	N	N	0.0000	0.0000	0.0000	0.0000	0.0000	0.0000	0.0000	0.0000	0.0000	0.0000	0.0000	0.0000	0.0000	0.0000	0.0000	0.0000	0.0000	0.0000	0.0402	0.0608	0.0001	0.0043	0.0052	0.0001	0.0808	0.1680	0.0001	0.0007	0.0000	-0.0006	4.2679	0.0083	7.8415	2.0001	0.0000	0.0000	0.0000	0.0000	0.0000	0.0000	0.0000	0.0000	0.0000	0.0013	0.0013	0.0000	0.0001	0.0001	0.0000	0.0012	0.0012	0.0000	0.0003	0.0003	0.0000	0.0001	0.0001	0.0000	0.0002	0.0002	0.0000	0.0322	0.0212	0.0109	0.0171	0.0140	0.0031	0.0151	0.0073	0.0078	0.0000	0.0000	0.0000	0.0000	0.0000	0.0000	0.0000	0.0000	0.0000	0.0402	0.0608	0.0001	0.0043	0.0052	0.0001	0.0808	0.1680	0.0001	
105	155	0.5374	8	0	1	1	0	0	0	0	0	N	N	N	N	N	N	N	N	N	N	N	N	0.0000	0.0000	0.0000	0.0000	0.0000	0.0000	0.0000	0.0000	0.0000	0.0000	0.0000	0.0000	0.0000	0.0000	0.0000	0.0000	0.0000	0.0000	6.3333	10.5326	0.0002	0.0017	0.0020	0.0001	10.9274	21.5894	0.0003	0.0000	0.0000	-0.4563	4.2679	2.9180	7.8415	7.4065	0.0000	0.0000	0.0000	0.0000	0.0000	0.0000	0.0000	0.0000	0.0000	0.9955	0.9955	0.0000	0.0002	0.0002	0.0000	0.9953	0.9953	0.0000	0.0982	0.0849	0.0132	0.0344	0.0312	0.0032	0.0638	0.0537	0.0100	0.1869	0.1267	0.0602	0.0959	0.0806	0.0152	0.0911	0.0461	0.0450	0.0000	0.0000	0.0000	0.0000	0.0000	0.0000	0.0000	0.0000	0.0000	5.3252	7.8543	0.0002	0.0017	0.0020	0.0001	10.9274	21.5894	0.0003	
105	156	0.4716	7	0	0	1	0	0	0	0	0	N	N	N	N	N	N	N	N	N	N	N	N	0.0280	0.0234	0.0000	0.0304	0.0279	0.0000	0.0333	0.0285	0.0000	0.0008	0.0009	0.0000	0.0012	0.0013	0.0000	0.0005	0.0005	0.0000	0.0277	0.0372	0.0078	0.0409	0.0474	0.0047	0.0137	0.0188	0.0088	0.0000	0.1001	-0.0001	-0.0054	4.2679	8.2479	7.8415	19.7214	0.0003	0.0003	0.0000	0.0002	0.0002	0.0000	0.0001	0.0001	0.0000	0.0147	0.0134	0.0013	0.0112	0.0110	0.0002	0.0035	0.0024	0.0011	0.4031	0.3586	0.0444	0.1637	0.1540	0.0097	0.2394	0.2046	0.0348	0.5315	0.3598	0.1717	0.2737	0.2321	0.0416	0.2578	0.1277	0.1301	0.0280	0.0234	0.0000	0.0304	0.0279	0.0000	0.0333	0.0285	0.0000	0.0277	0.0372	0.0078	0.0409	0.0474	0.0047	0.0137	0.0188	0.0088
105	157	0.4355	6	0	0	1	0	0	0	0	0	N	N	N	N	N	N	N	N	N	N	N	N	0.1261	0.1269	0.0077	0.0110	0.0105	0.0014	0.3837	1.6299	0.0084	0.0127	0.0145	0.0005	0.0016	0.0018	0.0000	0.0194	0.0228	0.0007	0.1006	0.1145	0.0705	0.1476	0.1703	0.0158	0.0505	0.0140	0.0879	0.0057	0.2831	-0.0016	-0.0119	4.2679	7.4725	7.8415	14.3153	0.0037	0.0037	0.0000	0.0002	0.0002	0.0000	0.0035	0.0035	0.0000	0.0500	0.0390	0.0110	0.0379	0.0373	0.0006	0.0121	0.0017	0.0104	0.2896	0.2516	0.0380	0.1090	0.0990	0.0100	0.1806	0.1526	0.0280	0.4970	0.3405	0.1565	0.2566	0.2189	0.0377	0.2404	0.1216	0.1188	0.1261	0.1269	0.0077	0.0110	0.0105	0.0014	0.3837	1.6299	0.0084	0.1006	0.1145	0.0705	0.1476	0.1703	0.0158	0.0505	0.0140	0.0879
105	158	0.3700	5	0	0	1	0	0	0	0	0	N	N	N	N	N	N	N	N	N	N	N	N	1.0785	1.0434	0.0003	0.0431	0.0398	0.0002	3.9284	20.2597	0.0003	0.6055	0.7022	0.0001	0.0408	0.0430	0.0000	0.8250	0.9946	0.0001	0.5615	0.6730	0.3152	0.9455	1.0812	0.0324	0.2100	0.0491	0.3852	0.0000	0.2122	-0.1144	-0.1152	4.2679	11.6653	7.8415	19.4910	0.2593	0.2593	0.0000	0.0049	0.0049	0.0000	0.2544	0.2544	0.0000	0.4067	0.3355	0.0712	0.3273	0.3258	0.0015	0.0794	0.0097	0.0697	0.4282	0.3693	0.0589	0.1198	0.1135	0.0063	0.3084	0.2558	0.0526	0.7244	0.4985	0.2259	0.3461	0.3013	0.0448	0.3782	0.1972	0.1811	1.0785	1.0434	0.0003	0.0431	0.0398	0.0002	3.9284	20.2597	0.0003	0.5615	0.6730	0.3152	0.9455	1.0812	0.0324	0.2100	0.0491	0.3852
105	159	0.3227	4	0	0	1	0	0	0	0	0	N	N	N	N	N	N	N	N	N	N	N	N	0.0145	0.0292	0.0039	0.0218	0.0200	0.0009	0.0110	0.2317	0.0035	0.0301	0.0322	0.0166	0.0324	0.0337	0.0001	0.0290	0.0314	0.0182	2.0690	1.1000	4.2304	1.4904	1.6846	0.1502	2.6300	0.1353	5.2583	0.0794	1.7241	-0.0036	0.2733	4.2679	7.3933	7.8415	20.5306	0.0098	0.0091	0.0007	0.0033	0.0033	0.0000	0.0064	0.0057	0.0007	1.5657	0.5747	0.9909	0.5552	0.5481	0.0071	1.0105	0.0267	0.9838	0.3250	0.2816	0.0433	0.1030	0.0991	0.0039	0.2220	0.1825	0.0395	0.7567	0.5225	0.2342	0.3725	0.3253	0.0471	0.3842	0.1971	0.1871	0.0145	0.0292	0.0039	0.0218	0.0200	0.0009	0.0110	0.2317	0.0035	2.0690	1.1000	4.2304	1.4904	1.6846	0.1502	2.6300	0.1353	5.2583
105	160	0.0865	3	0	0	1	0	0	0	0	0	N	N	N	N	N	N	N	N	N	N	N	N	0.1430	0.2387	0.0002	19.1112	17.5414	0.0000	0.0002	0.0002	0.0002	0.3370	0.3975	0.0008	2.8448	2.9754	0.0000	0.0004	0.0004	0.0008	2.3576	1.6648	3.3521	0.1489	0.1696	0.0095	2.7722	2.1200	3.5278	0.0004	1.4027	-0.1134	0.3255	4.2679	27.6416	7.8415	54.6365	0.2574	0.2573	0.0001	0.2571	0.2571	0.0000	0.0003	0.0002	0.0001	2.5950	1.0801	1.5150	0.0259	0.0257	0.0002	2.5691	1.0544	1.5148	0.7637	0.6474	0.1164	0.0904	0.0864	0.0040	0.6733	0.5610	0.1124	1.1007	0.6488	0.4519	0.1740	0.1514	0.0226	0.9267	0.4974	0.4294	0.1430	0.2387	0.0002	19.1112	17.5414	0.0000	0.0002	0.0002	0.0002	2.3576	1.6648	3.3521	0.1489	0.1696	0.0095	2.7722	2.1200	3.5278
105	161	0.1910	9	1	1	1	0	0	0	0	0	N	N	N	N	N	N	N	N	N	N	N	N	0.0000	0.0000	0.0000	0.0000	0.0000	0.0000	0.0000	0.0000	0.0000	0.0000	0.0000	0.0000	0.0000	0.0000	0.0000	0.0000	0.0000	0.0000	0.0000	0.0000	0.0001	0.0000	0.0000	0.0000	inf	0.0000	0.0000	4.2679	0.0002	7.8415	3.0099	0.0000	0.0000	0.0000	0.0000	0.0000	0.0000	0.0000	0.0000	0.0000	0.0000	0.0000	0.0000	0.0000	0.0000	0.0000	0.0000	0.0000	0.0000	0.0000	0.0000	0.0000	0.0000	0.0000	0.0000	0.0000	0.0000	0.0000	0.0527	0.0311	0.0216	0.0125	0.0103	0.0022	0.0402	0.0208	0.0194	0.0000	0.0000	0.0000	0.0000	0.0000	0.0000	0.0000	0.0000	0.0000	0.0000	0.0000	0.0000	0.0000	0.0000	0.0001	0.0000	0.0000	0.0000				
105	162	0.1834	8	1	1	1	0	0	0	0	0	N	N	N	N	N	N	N	N	N	N	N	N	0.0000	0.0000	0.0000	0.0000	0.0000	0.0000	0.0000	0.0000	0.0000	0.0000	0.0000	0.0000	0.0000	0.0000	0.0000	0.0000	0.0000	0.0000	0.0000	0.0000	0.0000	0.0000	0.0000	0.0000	0.0387	0.0000	-0.0000	4.2679	0.9998	7.8415	2.0118	0.0000	0.0000	0.0000	0.0000	0.0000	0.0000	0.0000	0.0000	0.0000	0.0000	0.0000	0.0000	0.0000	0.0000	0.0000	0.0000	0.0000	0.0000	0.0326	0.0274	0.0052	0.0047	0.0044	0.0003	0.0279	0.0230	0.0049	0.0516	0.0302	0.0215	0.0119	0.0097	0.0022	0.0397	0.0204	0.0193	0.0000	0.0000	0.0000	0.0000	0.0000	0.0000	0.0000	0.0000	0.0000	0.0000	0.0000	0.0000	0.0000	0.0000	0.0000	0.0000	0.0000	0.0000				
105	163	0.1834	7	1	1	1	0	0	0	0	0	N	N	N	N	N	N	N	N	N	N	N	N	0.0000	0.0000	0.0000	0.0000	0.0000	0.0000	0.0000	0.0000	0.0000	0.0000	0.0000	0.0000	0.0000	0.0000	0.0000	0.0004	0.0003	0.0006	0.0010	0.0007	0.0082	0.0000	0.0000	0.0000	0.4545	0.0000	-0.0000	4.2679	0.0000	7.8415	0.0003	0.0000	0.0000	0.0000	0.0000	0.0000	0.0000	0.0000	0.0000	0.0000	0.0000	0.0000	0.0000	0.0000	0.0000	0.0000	0.0000	0.0000	0.0000	0.0000	0.0000	0.0000	0.0000	0.0000	0.0000	0.0000	0.0000	0.0000	0.0000	0.0000	0.0000	0.0000	0.0000	0.0000	0.0000	0.0000	0.0000	0.0000	0.0000	0.0000	0.0000	0.0000	0.0000	0.0000	0.0000	0.0000	0.0004	0.0003	0.0006	0.0010	0.0007	0.0082	0.0000	0.0000	0.0000				
105	164	0.1725	6	0	1	1	0	0	0	0	0	N	N	N	N	N	N	N	N	N	N	N	N	42.7222	0.0000	2693.2841	0.0000	0.0000	0.0000	1835.4830	0.0000	2697.0354	0.0318	0.0000	0.1482	0.0000	0.0000	0.0000	0.0513	0.0000	0.1511	0.0007	0.0012	0.0001	0.0026	0.0030	0.0000	0.0000	0.0000	0.0001	inf	0.0301	0.0000	-0.0000	4.2679	0.0063	7.8415	4.3641	0.0000	0.0000	0.0000	0.0000	0.0000	0.0000	0.0000	0.0000	0.0000	0.0001	0.0001	0.0000	0.0001	0.0001	0.0000	0.0000	0.0000	0.0000	0.0006	0.0005	0.0001	0.0002	0.0002	0.0000	0.0004	0.0002	0.0001	0.0890	0.0538	0.0352	0.0248	0.0211	0.0037	0.0643	0.0327	0.0315	42.7222	0.0000	2693.2841	0.0000	0.0000	0.0000	1835.4830	0.0000	2697.0354	0.0007	0.0012	0.0001	0.0026	0.0030	0.0000	0.0000	0.0000	0.0001
105	165	0.1405	5	0	0	1	0	0	0	0	0	N	N	N	N	N	N	N	N	N	N	N	N	56.1511	0.0003	380.9125	0.0005	0.0004	0.0000	150.5198	0.0000	393.7686	0.1019	0.0000	0.6646	0.0000	0.0000	0.0000	0.1362	0.0000	0.7132	0.0018	0.0019	0.0017	0.0042	0.0047	0.0011	0.0009	0.0001	0.0018	203117.0137	0.5503	0.0064	-0.0001	4.2679	2.5207	7.8415	10.0226	0.0114	0.0000	0.0114	0.0000	0.0000	0.0000	0.0114	0.0000	0.0114	0.0005	0.0003	0.0002	0.0003	0.0003	0.0000	0.0002	0.0000	0.0002	0.1119	0.0947	0.0171	0.0282	0.0270	0.0012	0.0837	0.0677	0.0160	0.2671	0.1685	0.0986	0.0734	0.0643	0.0091	0.1937	0.1042	0.0895	56.1511	0.0003	380.9125	0.0005	0.0004	0.0000	150.5198	0.0000	393.7686	0.0018	0.0019	0.0017	0.0042	0.0047	0.0011	0.0009	0.0001	0.0018
105	166	0.1249	4	0	0	1	0	0	0	0	0	N	N	N	N	N	N	N	N	N	N	N	N	0.5854	0.9062	0.2907	1.1576	1.1513	0.0000	0.1295	0.0000	0.3338	0.0021	0.0021	0.0017	0.0054	0.0060	0.0000	0.0004	0.0000	0.0022	0.0035	0.0023	0.0058	0.0046	0.0052	0.0006	0.0030	0.0001	0.0065	0.1413	1.2695	-0.0001	0.0001	4.2679	2.6894	7.8415	4.6619	0.0003	0.0002	0.0000	0.0002	0.0002	0.0000	0.0000	0.0000	0.0000	0.0007	0.0003	0.0004	0.0003	0.0003	0.0000	0.0004	0.0000	0.0004	0.1333	0.1131	0.0202	0.0448	0.0404	0.0044	0.0885	0.0727	0.0157	0.2057	0.1359	0.0698	0.0680	0.0601	0.0079	0.1377	0.0758	0.0619	0.5854	0.9062	0.2907	1.1576	1.1513	0.0000	0.1295	0.0000	0.3338	0.0035	0.0023	0.0058	0.0046	0.0052	0.0006	0.0030	0.0001	0.0065
105	167	0.0865	3	0	0	1	0	0	0	0	0	N	N	N	N	N	N	N	N	N	N	N	N	0.0628	0.3577	0.0353	1.0243	1.5378	0.0000	0.0125	0.0000	0.0358	0.0006	0.0006	0.0007	0.0038	0.0040	0.0000	0.0001	0.0000	0.0008	0.0094	0.0016	0.0211	0.0038	0.0026	0.0139	0.0109	0.0011	0.0215	0.2521	9.0229	-0.0000	0.0009	4.2679	2.7966	7.8415	8.5340	0.0001	0.0000	0.0000	0.0000	0.0000	0.0000	0.0000	0.0000	0.0000	0.0021	0.0002	0.0019	0.0002	0.0001	0.0001	0.0019	0.0001	0.0018	0.0871	0.0732	0.0139	0.0107	0.0102	0.0005	0.0764	0.0629	0.0135	0.2241	0.1340	0.0901	0.0458	0.0412	0.0046	0.1783	0.0929	0.0854	0.0628	0.3577	0.0353	1.0243	1.5378	0.0000	0.0125	0.0000	0.0358	0.0094	0.0016	0.0211	0.0038	0.0026	0.0139	0.0109	0.0011	0.0215
106	108	0.0789	4	0	1	0	0	0	0	0	0	N	N	N	N	N	N	N	N	N	N	N	N	0.0215	0.0136	0.2292	0.5889	0.5934	0.0052	0.0043	0.0000	0.2372	0.0206	0.0195	0.0278	0.0540	0.0556	0.0004	0.0056	0.0000	0.0298	0.9577	1.4290	0.1212	0.0916	0.0938	0.0742	1.2995	2.2973	0.1257	0.2296	0.0478	-0.0010	-0.2609	1.9301	8.0392	9.0954	22.6195	0.0038	0.0031	0.0007	0.0031	0.0031	0.0000	0.0007	0.0000	0.0007	0.6320	0.6032	0.0288	0.0171	0.0156	0.0015	0.6149	0.5876	0.0273	0.1843	0.1587	0.0255	0.0573	0.0556	0.0017	0.1269	0.1031	0.0238	0.6599	0.4221	0.2378	0.1867	0.1663	0.0204	0.4732	0.2558	0.2174	0.0215	0.0136	0.2292	0.5889	0.5934	0.0052	0.0043	0.0000	0.2372	0.9577	1.4290	0.1212	0.0916	0.0938	0.0742	1.2995	2.2973	0.1257
106	109	0.0789	3	0	0	0	0	0	0	0	0	N	N	N	N	N	N	N	N	N	N	N	N	0.1904	0.1068	3.0450	0.2106	0.1831	0.6495	0.1738	0.0002	2.8823	0.3676	0.2797	0.5364	0.4063	0.4082	0.0934	0.3356	0.0006	0.5400	1.9303	2.6196	0.1761	1.9295	2.2288	0.1439	1.9313	3.2143	0.1873	0.9987	0.0264	0.0004	-0.1624	1.9301	0.2031	9.0954	2.0398	0.0071	0.0035	0.0035	0.0035	0.0035	0.0000	0.0035	0.0000	0.0035	0.3755	0.3658	0.0097	0.1899	0.1878	0.0020	0.1856	0.1780	0.0076	0.0192	0.0126	0.0066	0.0087	0.0087	0.0001	0.0105	0.0040	0.0065	0.1945	0.1396	0.0549	0.0984	0.0843	0.0141	0.0961	0.0554	0.0407	0.1904	0.1068	3.0450	0.2106	0.1831	0.6495	0.1738	0.0002	2.8823	1.9303	2.6196	0.1761	1.9295	2.2288	0.1439	1.9313	3.2143	0.1873
106	110	0.6594	9	1	0	1	0	0	0	0	0	N	N	N	N	N	N	N	N	N	N	N	N	0.0000	0.0000	0.0000	0.0000	0.0000	0.0000	0.0000	0.0000	0.0000	0.0000	0.0000	0.0000	0.0000	0.0000	0.0000	0.0000	0.0000	0.0000	0.0000	0.0000	0.0001	0.0000	0.0000	0.0000	-0.0000	1.9301	0.0001	9.0954	0.0001	0.0000	0.0000	0.0000	0.0000	0.0000	0.0000	0.0000	0.0000	0.0000	0.0000	0.0000	0.0000	0.0000	0.0000	0.0000	0.0000	0.0000	0.0000	0.0013	0.0010	0.0003	0.0007	0.0007	0.0000	0.0007	0.0004	0.0003	0.0001	0.0001	0.0000	0.0001	0.0001	0.0000	0.0001	0.0000	0.0000	0.0000	0.0000	0.0000	0.0000	0.0000	0.0000	0.0000	0.0000	0.0000	0.0000	0.0000	0.0000	0.0000	0.0000	0.0000	0.0000	0.0001	0.0000						
106	111	0.6456	8	1	0	1	0	0	0	0	0	N	N	N	N	N	N	N	N	N	N	N	N	9.1476	0.2488	102.7725	26.7189	0.6425	945.3113	0.3024	0.0033	2.8398	0.0201	0.0005	0.2338	0.0386	0.0010	0.7807	0.0011	0.0000	0.0091	0.0022	0.0022	0.0023	0.0014	0.0016	0.0008	0.0037	0.0042	0.0032	39.7207	0.4373	0.0005	-0.0000	1.9301	1.6718	9.0954	2.9223	0.0010	0.0000	0.0009	0.0009	0.0000	0.0009	0.0000	0.0000	0.0000	0.0002	0.0001	0.0001	0.0001	0.0001	0.0000	0.0001	0.0001	0.0000	0.0482	0.0441	0.0040	0.0244	0.0233	0.0012	0.0237	0.0209	0.0029	0.0867	0.0612	0.0255	0.0571	0.0473	0.0099	0.0295	0.0139	0.0156	9.1476	0.2488	102.7725	26.7189	0.6425	945.3113	0.3024	0.0033	2.8398	0.0022	0.0022	0.0023	0.0014	0.0016	0.0008	0.0037	0.0042	0.0032
106	112	0.5621	7	1	0	1	0	0	0	0	0	N	N	N	N	N	N	N	N	N	N	N	N	1.6315	9.3392	0.0645	15.8837	14.7753	0.0004	0.0367	0.4477	0.0709	0.2084	0.2267	0.0238	0.4007	0.4273	0.0000	0.0097	0.0061	0.0367	0.1278	0.0243	0.3685	0.0252	0.0289	0.0047	0.2657	0.0137	0.5181	0.0103	6.5272	-0.0313	0.0157	1.9301	14.0283	9.0954	7.1084	0.0726	0.0719	0.0007	0.0709	0.0709	0.0000	0.0017	0.0009	0.0007	0.0384	0.0051	0.0333	0.0043	0.0042	0.0001	0.0340	0.0009	0.0332	0.3483	0.3171	0.0313	0.1770	0.1660	0.0110	0.1713	0.1511	0.0202	0.3004	0.2101	0.0903	0.1723	0.1460	0.0263	0.1281	0.0641	0.0640	1.6315	9.3392	0.0645	15.8837	14.7753	0.0004	0.0367	0.4477	0.0709	0.1278	0.0243	0.3685	0.0252	0.0289	0.0047	0.2657	0.0137	0.5181
106	113	0.5018	6	0	0	0	0	0	0	0	0	N	N	N	N	N	N	N	N	N	N	N	N	1077.3577	1.2876	18183.7539	2.6832	2.5137	4.9242	2694.5482	0.0378	30071.2359	4.2727	0.0061	42.9845	0.0127	0.0124	0.0175	7.9006	0.0002	58.0778	0.0040	0.0047	0.0024	0.0047	0.0049	0.0036	0.0029	0.0041	0.0019	780.3455	0.2344	0.5506	-0.0005	1.9301	8.6129	9.0954	5.1709	0.9874	0.0013	0.9861	0.0014	0.0012	0.0001	0.9860	0.0000	0.9860	0.0019	0.0016	0.0004	0.0013	0.0012	0.0001	0.0006	0.0004	0.0002	0.2311	0.2081	0.0229	0.1063	0.1003	0.0060	0.1248	0.1078	0.0170	0.4866	0.3315	0.1550	0.2786	0.2372	0.0413	0.2080	0.0943	0.1137	1077.3577	1.2876	18183.7539	2.6832	2.5137	4.9242	2694.5482	0.0378	30071.2359	0.0040	0.0047	0.0024	0.0047	0.0049	0.0036	0.0029	0.0041	0.0019
106	114	0.4067	5	0	0	0	0	0	0	0	0	N	N	N	N	N	N	N	N	N	N	N	N	0.1011	0.0627	0.3567	0.1457	0.0958	0.6857	0.0698	0.0333	0.2856	0.0268	0.0108	0.1587	0.0359	0.0226	0.2142	0.0200	0.0013	0.1375	0.2655	0.1729	0.4447	0.2463	0.2354	0.3123	0.2865	0.0397	0.4815	1.7762	1.3287	0.0020	0.0277	1.9301	16.8607	9.0954	22.7724	0.0101	0.0036	0.0065	0.0058	0.0034	0.0024	0.0043	0.0002	0.0041	0.2472	0.1062	0.1411	0.1199	0.0984	0.0215	0.1273	0.0078	0.1196	0.3767	0.3360	0.0408	0.1618	0.1505	0.0113	0.2149	0.1854	0.0295	0.9312	0.6141	0.3172	0.4869	0.4180	0.0689	0.4444	0.1961	0.2483	0.1011	0.0627	0.3567	0.1457	0.0958	0.6857	0.0698	0.0333	0.2856	0.2655	0.1729	0.4447	0.2463	0.2354	0.3123	0.2865	0.0397	0.4815
106	115	0.1379	4	1	0	1	0	0	0	0	0	N	N	N	N	N	N	N	N	N	N	N	N	0.6449	0.0000	152.6911	0.9226	0.0000	4481.5670	0.0888	0.0000	0.7541	0.0169	0.0000	0.1458	0.0542	0.0000	1.2930	0.0001	0.0000	0.0009	0.0262	0.0384	0.0010	0.0588	0.0698	0.0003	0.0014	0.0017	0.0011	inf	0.0121	0.0002	-0.0021	1.9301	1.0009	9.0954	4.0038	0.0004	0.0000	0.0004	0.0004	0.0000	0.0004	0.0000	0.0000	0.0000	0.0047	0.0047	0.0001	0.0046	0.0046	0.0000	0.0001	0.0001	0.0001	0.0247	0.0219	0.0029	0.0077	0.0073	0.0003	0.0171	0.0145	0.0025	0.1813	0.1221	0.0593	0.0783	0.0658	0.0124	0.1031	0.0562	0.0468	0.6449	0.0000	152.6911	0.9226	0.0000	4481.5670	0.0888	0.0000	0.7541	0.0262	0.0384	0.0010	0.0588	0.0698	0.0003	0.0014	0.0017	0.0011
106	116	0.1096	3	1	0	1	0	0	0	0	0	N	N	N	N	N	N	N	N	N	N	N	N	7.4316	0.0030	170.0924	18.9291	0.0115	95.2088	0.1555	0.0000	9.7685	1.6508	0.0010	9.5575	2.2013	0.0013	10.8869	0.0422	0.0000	0.4870	0.2221	0.3171	0.0562	0.1163	0.1165	0.1143	0.2712	0.4761	0.0499	2076.0845	0.1014	0.2368	-0.0249	1.9301	1.8441	9.0954	10.4794	0.4240	0.0002	0.4238	0.4212	0.0002	0.4210	0.0028	0.0000	0.0028	0.0680	0.0617	0.0063	0.0113	0.0100	0.0013	0.0567	0.0517	0.0050	0.2568	0.2125	0.0443	0.1914	0.1527	0.0387	0.0655	0.0598	0.0057	0.3059	0.1945	0.1114	0.0969	0.0860	0.0109	0.2090	0.1085	0.1005	7.4316	0.0030	170.0924	18.9291	0.0115	95.2088	0.1555	0.0000	9.7685	0.2221	0.3171	0.0562	0.1163	0.1165	0.1143	0.2712	0.4761	0.0499
106	117	0.2939	3	0	1	0	1	0	0	0	0	N	N	N	N	N	N	N	N	N	N	N	N	1.2508	2.4039	0.0389	6.3923	15.8205	0.0096	0.1705	0.2074	0.0675	0.4593	0.5810	0.0239	0.7079	0.8703	0.0049	0.1086	0.1319	0.0431	0.3672	0.2417	0.6142	0.1107	0.0550	0.5096	0.6372	0.6360	0.6382	0.0115	1.2909	-0.1160	0.0418	1.9301	10.5071	9.0954	20.2622	0.2698	0.2668	0.0031	0.2434	0.2430	0.0003	0.0265	0.0237	0.0028	0.3974	0.1735	0.2239	0.0615	0.0268	0.0347	0.3359	0.1467	0.1892	0.5876	0.4592	0.1284	0.3438	0.2793	0.0645	0.2438	0.1799	0.0639	1.0822	0.7177	0.3646	0.5551	0.4871	0.0681	0.5271	0.2306	0.2965	1.2508	2.4039	0.0389	6.3923	15.8205	0.0096	0.1705	0.2074	0.0675	0.3672	0.2417	0.6142	0.1107	0.0550	0.5096	0.6372	0.6360	0.6382
106	118	0.0578	2	0	1	0	1	0	0	0	0	N	N	N	N	N	N	N	N	N	N	N	N	0.1702	1.7696	0.0028	0.5424	1.5298	0.0000	0.1247	19.8210	0.0032	0.1127	0.1329	0.0042	0.2543	0.2638	0.0000	0.0911	0.1095	0.0044	0.6621	0.0751	1.5214	0.4688	0.1725	6.3883	0.7300	0.0055	1.3681	0.0060	13.8363	-0.0029	0.2229	1.9301	4.0036	9.0954	26.5072	0.0066	0.0066	0.0000	0.0020	0.0020	0.0000	0.0046	0.0046	0.0000	0.4700	0.0317	0.4383	0.0865	0.0303	0.0562	0.3835	0.0014	0.3821	0.0588	0.0496	0.0093	0.0078	0.0075	0.0003	0.0511	0.0421	0.0090	0.7099	0.4218	0.2881	0.1846	0.1758	0.0088	0.5253	0.2460	0.2793	0.1702	1.7696	0.0028	0.5424	1.5298	0.0000	0.1247	19.8210	0.0032	0.6621	0.0751	1.5214	0.4688	0.1725	6.3883	0.7300	0.0055	1.3681
106	119	0.0962	3	0	1	0	0	0	0	0	0	N	N	N	N	N	N	N	N	N	N	N	N	0.1869	0.0219	1.6193	0.1873	0.0094	6.0774	0.0572	0.1558	0.0562	0.0195	0.0025	0.1430	0.0454	0.0024	0.5752	0.0029	0.0025	0.0049	0.1042	0.1136	0.0883	0.2422	0.2588	0.0946	0.0505	0.0162	0.0878	7.9100	0.4633	0.0009	-0.0083	1.9301	3.8169	9.0954	21.2433	0.0021	0.0002	0.0019	0.0019	0.0001	0.0018	0.0002	0.0001	0.0000	0.0588	0.0402	0.0186	0.0383	0.0367	0.0015	0.0205	0.0034	0.0171	0.1085	0.0954	0.0131	0.0424	0.0392	0.0032	0.0662	0.0562	0.0099	0.5643	0.3535	0.2108	0.1580	0.1419	0.0160	0.4063	0.2116	0.1947	0.1869	0.0219	1.6193	0.1873	0.0094	6.0774	0.0572	0.1558	0.0562	0.1042	0.1136	0.0883	0.2422	0.2588	0.0946	0.0505	0.0162	0.0878
106	120	0.4419	7	0	1	0	0	0	0	0	0	N	N	N	N	N	N	N	N	N	N	N	N	1.3607	0.0001	248.7232	0.0014	0.0002	0.2594	332.2277	0.0000	1575.4475	2.5732	0.0004	24.5615	0.0046	0.0008	0.0683	4.5585	0.0000	32.0733	1.8911	2.6562	0.0988	3.3417	3.9774	0.2632	0.0137	0.0080	0.0204	7380.5479	0.0159	0.5537	-1.0444	1.9301	16.3276	9.0954	34.9199	0.9909	0.0001	0.9908	0.0008	0.0001	0.0006	0.9902	0.0000	0.9902	2.3589	2.3220	0.0368	2.3514	2.3197	0.0317	0.0075	0.0023	0.0051	0.3851	0.3448	0.0403	0.1679	0.1584	0.0095	0.2172	0.1863	0.0309	1.2473	0.8742	0.3732	0.7037	0.5832	0.1204	0.5437	0.2910	0.2527	1.3607	0.0001	248.7232	0.0014	0.0002	0.2594	332.2277	0.0000	1575.4475	1.8911	2.6562	0.0988	3.3417	3.9774	0.2632	0.0137	0.0080	0.0204
106	121	0.4245	6	0	1	0	0	0	0	0	0	N	N	N	N	N	N	N	N	N	N	N	N	0.0054	0.0030	0.0310	0.0050	0.0051	0.0065	0.0117	0.0010	0.3816	0.0086	0.0053	0.0351	0.0111	0.0107	0.0187	0.0067	0.0010	0.0396	1.5755	1.7454	1.1334	2.2172	2.0834	2.8739	0.5718	0.9506	0.1038	0.8076	0.2496	0.0000	-0.3584	1.9301	6.1757	9.0954	14.5601	0.0013	0.0007	0.0006	0.0007	0.0007	0.0001	0.0006	0.0001	0.0005	1.3857	1.1089	0.2768	1.1896	0.9287	0.2609	0.1962	0.1802	0.0159	0.1535	0.1368	0.0167	0.0649	0.0613	0.0036	0.0886	0.0755	0.0131	0.8796	0.6354	0.2442	0.5365	0.4458	0.0908	0.3430	0.1896	0.1534	0.0054	0.0030	0.0310	0.0050	0.0051	0.0065	0.0117	0.0010	0.3816	1.5755	1.7454	1.1334	2.2172	2.0834	2.8739	0.5718	0.9506	0.1038
106	122	0.3715	5	0	0	0	0	0	0	0	0	N	N	N	N	N	N	N	N	N	N	N	N	0.0014	0.0004	0.0173	0.0012	0.0006	0.0102	0.0044	0.0002	0.0648	0.0023	0.0008	0.0147	0.0035	0.0016	0.0345	0.0014	0.0001	0.0088	1.6736	2.0617	0.8535	2.8657	2.7890	3.3632	0.3046	0.4997	0.1361	2.2568	0.1959	0.0001	-0.5093	1.9301	7.5400	9.0954	21.4192	0.0004	0.0001	0.0003	0.0003	0.0001	0.0002	0.0001	0.0000	0.0001	1.7287	1.4456	0.2831	1.5822	1.3342	0.2480	0.1464	0.1113	0.0351	0.1928	0.1720	0.0208	0.0833	0.0785	0.0048	0.1094	0.0934	0.0160	1.0329	0.7012	0.3317	0.5521	0.4784	0.0737	0.4807	0.2228	0.2580	0.0014	0.0004	0.0173	0.0012	0.0006	0.0102	0.0044	0.0002	0.0648	1.6736	2.0617	0.8535	2.8657	2.7890	3.3632	0.3046	0.4997	0.1361
106	123	0.1317	4	0	1	0	0	0	0	0	0	N	N	N	N	N	N	N	N	N	N	N	N	0.0024	0.0017	0.0391	0.1423	0.1899	0.0000	0.0001	0.0000	0.5464	0.0047	0.0053	0.0007	0.0094	0.0104	0.0000	0.0002	0.0000	0.0011	1.9744	3.0592	0.0185	0.0663	0.0546	0.1504	2.8930	5.4532	0.0020	0.0204	0.0034	-0.0002	-0.4351	1.9301	4.0019	9.0954	19.5615	0.0005	0.0005	0.0000	0.0005	0.0005	0.0000	0.0000	0.0000	0.0000	0.9562	0.9530	0.0032	0.0104	0.0075	0.0029	0.9457	0.9454	0.0003	0.1062	0.0924	0.0138	0.0520	0.0473	0.0047	0.0542	0.0450	0.0091	0.4843	0.3115	0.1728	0.1574	0.1381	0.0192	0.3269	0.1734	0.1535	0.0024	0.0017	0.0391	0.1423	0.1899	0.0000	0.0001	0.0000	0.5464	1.9744	3.0592	0.0185	0.0663	0.0546	0.1504	2.8930	5.4532	0.0020
106	124	0.1096	3	0	0	0	0	0	0	0	0	N	N	N	N	N	N	N	N	N	N	N	N	4.0620	4.0544	0.1342	5.9908	7.7806	0.0027	0.0910	0.0255	1.4346	0.4395	0.5312	0.0091	0.5712	0.7198	0.0003	0.0104	0.0042	0.0882	0.1082	0.1310	0.0675	0.0953	0.0925	0.1168	0.1147	0.1639	0.0615	0.0036	0.2887	-0.0467	-0.0064	1.9301	1.2223	9.0954	8.2281	0.1068	0.1064	0.0004	0.1062	0.1062	0.0000	0.0006	0.0002	0.0004	0.0273	0.0212	0.0061	0.0080	0.0069	0.0011	0.0193	0.0143	0.0050	0.2430	0.2003	0.0427	0.1859	0.1475	0.0384	0.0571	0.0528	0.0042	0.2527	0.1619	0.0907	0.0844	0.0746	0.0098	0.1683	0.0874	0.0809	4.0620	4.0544	0.1342	5.9908	7.7806	0.0027	0.0910	0.0255	1.4346	0.1082	0.1310	0.0675	0.0953	0.0925	0.1168	0.1147	0.1639	0.0615
106	125	0.0578	2	0	0	0	0	0	0	0	0	N	N	N	N	N	N	N	N	N	N	N	N	0.6214	0.0499	4.9512	1.4612	1.8421	1.1002	0.4993	0.0000	5.5754	1.5494	0.1469	9.1669	1.2676	0.9851	8.6827	1.5918	0.0001	9.1823	2.4935	2.9460	1.8514	0.8675	0.5347	7.8923	3.1881	5.2368	1.6469	11.4869	0.4429	0.0646	-0.1987	1.9301	5.9920	9.0954	12.2976	0.1349	0.0108	0.1241	0.0144	0.0108	0.0036	0.1205	0.0000	0.1205	1.3126	0.9097	0.4029	0.1367	0.0804	0.0562	1.1759	0.8292	0.3467	0.0871	0.0735	0.0135	0.0114	0.0110	0.0004	0.0757	0.0626	0.0131	0.5264	0.3088	0.2176	0.1576	0.1504	0.0071	0.3688	0.1583	0.2105	0.6214	0.0499	4.9512	1.4612	1.8421	1.1002	0.4993	0.0000	5.5754	2.4935	2.9460	1.8514	0.8675	0.5347	7.8923	3.1881	5.2368	1.6469
106	126	0.0949	4	0	1	0	0	0	0	0	0	N	N	N	N	N	N	N	N	N	N	N	N	0.7139	0.0583	2.4958	2.9075	2.9235	0.2599	0.6963	0.0000	2.3551	2.1312	0.1042	12.8845	0.2767	0.2838	0.0212	2.9925	0.0002	13.6211	2.9851	1.7878	5.1625	0.0952	0.0971	0.0816	4.2979	3.0335	5.7836	23.3148	1.5880	0.1375	0.2418	1.9301	5.0407	9.0954	17.1705	0.2655	0.0109	0.2546	0.0109	0.0109	0.0000	0.2546	0.0000	0.2546	1.5576	0.6019	0.9557	0.0155	0.0139	0.0016	1.5421	0.5880	0.9541	0.1246	0.1048	0.0198	0.0395	0.0384	0.0011	0.0851	0.0664	0.0187	0.5218	0.3367	0.1851	0.1630	0.1428	0.0202	0.3588	0.1938	0.1650	0.7139	0.0583	2.4958	2.9075	2.9235	0.2599	0.6963	0.0000	2.3551	2.9851	1.7878	5.1625	0.0952	0.0971	0.0816	4.2979	3.0335	5.7836
106	127	0.0789	3	0	1	0	0	0	0	0	0	N	N	N	N	N	N	N	N	N	N	N	N	0.7718	0.1182	29.1701	0.3075	0.2741	1.2156	1.1875	0.0003	29.2051	0.9792	0.2130	4.2150	0.4972	0.5054	0.1393	1.2365	0.0006	4.3879	1.2687	1.8016	0.1445	1.6168	1.8438	0.1146	1.0413	1.7583	0.1502	4.6857	0.0380	0.0216	-0.1608	1.9301	1.9703	9.0954	6.2034	0.0564	0.0099	0.0465	0.0100	0.0099	0.0001	0.0464	0.0000	0.0464	0.3814	0.3674	0.0140	0.1920	0.1902	0.0018	0.1893	0.1772	0.0122	0.0576	0.0466	0.0110	0.0200	0.0196	0.0004	0.0375	0.0270	0.0106	0.3006	0.2039	0.0967	0.1188	0.1032	0.0156	0.1818	0.1008	0.0811	0.7718	0.1182	29.1701	0.3075	0.2741	1.2156	1.1875	0.0003	29.2051	1.2687	1.8016	0.1445	1.6168	1.8438	0.1146	1.0413	1.7583	0.1502
106	128	0.0578	2	0	0	0	0	0	0	0	0	N	N	N	N	N	N	N	N	N	N	N	N	0.2313	0.0402	3.3975	0.6709	0.6735	0.2345	0.1661	0.0001	3.4566	0.2324	0.0607	1.0850	0.3502	0.3601	0.0553	0.2124	0.0002	1.1147	1.0048	1.5112	0.3194	0.5219	0.5346	0.2360	1.2786	2.9923	0.3225	3.5965	0.1561	0.0014	-0.1208	1.9301	1.1032	9.0954	7.8190	0.0040	0.0009	0.0031	0.0009	0.0009	0.0000	0.0031	0.0000	0.0031	0.3737	0.3232	0.0505	0.0703	0.0689	0.0013	0.3034	0.2543	0.0491	0.0170	0.0142	0.0029	0.0025	0.0024	0.0001	0.0146	0.0118	0.0028	0.3719	0.2139	0.1580	0.1346	0.1289	0.0057	0.2373	0.0850	0.1523	0.2313	0.0402	3.3975	0.6709	0.6735	0.2345	0.1661	0.0001	3.4566	1.0048	1.5112	0.3194	0.5219	0.5346	0.2360	1.2786	2.9923	0.3225
106	129	0.4008	6	0	1	0	0	0	0	0	0	N	N	N	N	N	N	N	N	N	N	N	N	0.0000	0.0000	0.0000	0.0000	0.0000	0.0000	0.0000	0.0000	0.0000	0.0000	0.0000	0.0000	0.0000	0.0000	0.0000	0.0000	0.0000	0.0000	0.0023	0.0001	0.0094	0.0037	0.0001	0.0393	0.0004	0.0001	0.0009	34.5104	0.0000	0.0003	1.9301	1.0033	9.0954	0.8635	0.0000	0.0000	0.0000	0.0000	0.0000	0.0000	0.0000	0.0000	0.0000	0.0006	0.0000	0.0006	0.0006	0.0000	0.0005	0.0000	0.0000	0.0000	0.0563	0.0516	0.0047	0.0327	0.0310	0.0017	0.0236	0.0206	0.0030	0.2595	0.1962	0.0633	0.1526	0.1387	0.0139	0.1069	0.0575	0.0494	0.0000	0.0000	0.0000	0.0000	0.0000	0.0000	0.0000	0.0000	0.0000	0.0023	0.0001	0.0094	0.0037	0.0001	0.0393	0.0004	0.0001	0.0009	
106	130	0.3715	5	0	0	0	0	0	0	0	0	N	N	N	N	N	N	N	N	N	N	N	N	0.0095	0.0074	0.0273	0.0103	0.0111	0.0153	0.0852	0.0091	0.4673	0.0064	0.0049	0.0194	0.0122	0.0102	0.0462	0.0018	0.0002	0.0113	0.6739	0.6576	0.7093	1.1904	0.9183	3.0269	0.0212	0.0177	0.0241	0.4813	0.4976	-0.0001	-0.0749	1.9301	5.5514	9.0954	9.9598	0.0010	0.0007	0.0003	0.0008	0.0006	0.0002	0.0002	0.0000	0.0001	0.5938	0.3965	0.1973	0.5855	0.3934	0.1921	0.0083	0.0031	0.0052	0.1510	0.1347	0.0162	0.0669	0.0631	0.0038	0.0841	0.0716	0.0125	0.8811	0.6029	0.2782	0.4919	0.4284	0.0635	0.3892	0.1745	0.2147	0.0095	0.0074	0.0273	0.0103	0.0111	0.0153	0.0852	0.0091	0.4673	0.6739	0.6576	0.7093	1.1904	0.9183	3.0269	0.0212	0.0177	0.0241
106	131	0.3412	4	0	0	0	0	0	0	0	0	N	N	N	N	N	N	N	N	N	N	N	N	0.0199	0.0020	0.5011	0.0229	0.0025	1.0272	0.0242	0.0035	0.1657	0.0195	0.0026	0.1574	0.0363	0.0043	0.5179	0.0075	0.0013	0.0446	0.9799	1.3140	0.3140	1.5858	1.7348	0.5042	0.3085	0.3605	0.2693	7.4411	0.1199	0.0020	-0.3111	1.9301	9.1969	9.0954	13.4651	0.0046	0.0005	0.0040	0.0035	0.0004	0.0031	0.0010	0.0001	0.0009	0.8857	0.7909	0.0948	0.7534	0.7245	0.0290	0.1323	0.0664	0.0658	0.2334	0.2079	0.0255	0.0975	0.0914	0.0061	0.1359	0.1165	0.0194	0.9039	0.6019	0.3020	0.4751	0.4176	0.0575	0.4288	0.1843	0.2445	0.0199	0.0020	0.5011	0.0229	0.0025	1.0272	0.0242	0.0035	0.1657	0.9799	1.3140	0.3140	1.5858	1.7348	0.5042	0.3085	0.3605	0.2693
106	132	0.1547	6	1	1	0	1	0	0	0	0	N	N	N	N	N	N	N	N	N	N	N	N	0.0000	0.0000	0.0000	0.0000	0.0000	0.0000	0.0000	0.0000	0.0000	0.0000	0.0000	0.0000	0.0000	0.0000	0.0000	0.0000	0.0000	0.0729	0.1195	0.0003	0.2959	0.3375	0.0000	0.0002	0.0000	0.0004	0.0018	0.0000	-0.0025	1.9301	1.0000	9.0954	3.0001	0.0000	0.0000	0.0000	0.0000	0.0000	0.0000	0.0000	0.0000	0.0000	0.0054	0.0054	0.0000	0.0054	0.0054	0.0000	0.0000	0.0000	0.0000	0.0218	0.0194	0.0024	0.0063	0.0062	0.0002	0.0155	0.0132	0.0023	0.0746	0.0454	0.0292	0.0184	0.0161	0.0023	0.0562	0.0293	0.0269	0.0000	0.0000	0.0000	0.0000	0.0000	0.0000	0.0000	0.0000	0.0000	0.0729	0.1195	0.0003	0.2959	0.3375	0.0000	0.0002	0.0000	0.0004		
106	133	0.5536	10	1	1	0	1	0	0	0	0	N	N	N	N	N	N	N	N	N	N	N	N	0.0000	0.0000	0.0000	0.0000	0.0000	0.0000	0.0000	0.0000	0.0000	0.0000	0.0000	0.0000	0.0000	0.0000	0.0000	0.0000	0.0000	0.0000	0.3158	0.0270	0.9469	0.5632	0.0403	3.1423	0.0110	0.0001	0.0222	16.0418	0.0000	0.0055	1.9301	0.0006	9.0954	1.9797	0.0000	0.0000	0.0000	0.0000	0.0000	0.0000	0.0000	0.0000	0.0000	0.0114	0.0007	0.0107	0.0112	0.0007	0.0106	0.0002	0.0000	0.0002	0.0000	0.0000	0.0000	0.0000	0.0000	0.0000	0.0000	0.0000	0.0000	0.0362	0.0248	0.0114	0.0200	0.0166	0.0034	0.0162	0.0082	0.0080	0.0000	0.0000	0.0000	0.0000	0.0000	0.0000	0.0000	0.0000	0.0000	0.3158	0.0270	0.9469	0.5632	0.0403	3.1423	0.0110	0.0001	0.0222	
106	134	0.5368	9	1	1	0	1	0	0	0	0	N	N	N	N	N	N	N	N	N	N	N	N	0.0000	0.0000	0.0000	0.0000	0.0000	0.0000	0.0000	0.0000	0.0000	0.0000	0.0000	0.0000	0.0000	0.0000	0.0000	0.0000	0.0000	0.0000	0.0985	0.1282	0.0361	0.1590	0.1871	0.0219	0.0284	0.0152	0.0417	0.1338	0.0000	-0.0044	1.9301	2.0077	9.0954	6.0321	0.0000	0.0000	0.0000	0.0000	0.0000	0.0000	0.0000	0.0000	0.0000	0.0130	0.0114	0.0015	0.0112	0.0110	0.0003	0.0017	0.0005	0.0013	0.0463	0.0406	0.0057	0.0249	0.0228	0.0021	0.0214	0.0178	0.0036	0.1316	0.0892	0.0424	0.0707	0.0587	0.0120	0.0610	0.0305	0.0304	0.0000	0.0000	0.0000	0.0000	0.0000	0.0000	0.0000	0.0000	0.0000	0.0985	0.1282	0.0361	0.1590	0.1871	0.0219	0.0284	0.0152	0.0417	
106	135	0.5321	9	0	1	0	1	0	0	0	0	N	N	N	N	N	N	N	N	N	N	N	N	0.5532	0.3622	29.0551	1.0668	0.9724	0.2992	0.1767	0.0000	34.4944	0.0246	0.0236	0.0302	0.0382	0.0415	0.0002	0.0096	0.0000	0.0415	0.0445	0.0652	0.0010	0.0358	0.0427	0.0006	0.0544	0.1089	0.0012	0.2288	0.0076	-0.0005	-0.0045	1.9301	3.0348	9.0954	9.3583	0.0019	0.0015	0.0003	0.0015	0.0015	0.0000	0.0003	0.0000	0.0003	0.0099	0.0098	0.0001	0.0043	0.0042	0.0000	0.0056	0.0056	0.0001	0.0757	0.0642	0.0115	0.0397	0.0365	0.0032	0.0360	0.0277	0.0083	0.2224	0.1506	0.0718	0.1188	0.0994	0.0194	0.1036	0.0512	0.0524	0.5532	0.3622	29.0551	1.0668	0.9724	0.2992	0.1767	0.0000	34.4944	0.0445	0.0652	0.0010	0.0358	0.0427	0.0006	0.0544	0.1089	0.0012
106	136	0.5178	8	0	0	0	1	0	0	0	0	N	N	N	N	N	N	N	N	N	N	N	N	3.8590	1.4050	12.7495	1.7851	1.6341	1.1510	5.2566	3.7192	13.6090	1.6792	0.3617	10.2629	0.5979	0.6453	0.0475	2.8810	0.0022	14.9339	0.4352	0.2575	0.8050	0.3349	0.3949	0.0412	0.5481	0.0006	1.0974	4.3549	1.5024	0.0007	0.0071	1.9301	0.0433	9.0954	6.6805	0.0019	0.0003	0.0015	0.0003	0.0003	0.0000	0.0015	0.0000	0.0015	0.0499	0.0199	0.0300	0.0204	0.0199	0.0004	0.0296	0.0000	0.0295	0.0011	0.0010	0.0001	0.0006	0.0005	0.0000	0.0005	0.0004	0.0001	0.1147	0.0775	0.0372	0.0608	0.0505	0.0103	0.0539	0.0270	0.0269	3.8590	1.4050	12.7495	1.7851	1.6341	1.1510	5.2566	3.7192	13.6090	0.4352	0.2575	0.8050	0.3349	0.3949	0.0412	0.5481	0.0006	1.0974
106	137	0.1843	8	0	1	0	1	0	0	0	0	N	N	N	N	N	N	N	N	N	N	N	N	0.0000	0.0000	0.0000	0.0000	0.0000	0.0000	0.0000	0.0000	0.0000	0.0000	0.0000	0.0000	0.0000	0.0000	0.0000	0.0000	0.0000	0.0000	0.0000	0.0000	1.9301	0.0000	9.0954	0.0000	0.0000	0.0000	0.0000	0.0000	0.0000	0.0000	0.0000	0.0000	0.0000	0.0000	0.0000	0.0000	0.0000	0.0000	0.0000	0.0000	0.0000	0.0000	0.0000	0.0000	0.0000	0.0000	0.0000	0.0000	0.0000	0.0000	0.0000	0.0000	0.0000	0.0000	0.0000	0.0000	0.0000	0.0000	0.0000	0.0000	0.0000	0.0000	0.0000	0.0000	0.0000	0.0000	0.0000	0.0000	0.0000	0.0000	0.0000	0.0000	0.0000	0.0000	0.0000	0.0000	0.0000	0.0000											
106	138	0.1792	7	0	1	0	1	0	0	0	0	N	N	N	N	N	N	N	N	N	N	N	N	0.0000	0.0000	0.0000	0.0000	0.0000	0.0000	0.0000	0.0000	0.0000	0.0000	0.0000	0.0000	0.0000	0.0000	0.0000	0.0000	0.0000	0.0000	0.0000	0.0000	0.0000	0.0000	0.0000	0.0000	0.0000	0.0500	0.0000	-0.0000	1.9301	0.0021	9.0954	2.0000	0.0000	0.0000	0.0000	0.0000	0.0000	0.0000	0.0000	0.0000	0.0000	0.0000	0.0000	0.0000	0.0000	0.0000	0.0000	0.0000	0.0000	0.0000	0.0001	0.0001	0.0000	0.0001	0.0001	0.0000	0.0000	0.0000	0.0000	0.0370	0.0228	0.0142	0.0099	0.0087	0.0012	0.0271	0.0141	0.0130	0.0000	0.0000	0.0000	0.0000	0.0000	0.0000	0.0000	0.0000	0.0000	0.0000	0.0000	0.0000	0.0000	0.0000	0.0000	0.0000	0.0000	0.0000			
106	139	0.1690	6	0	0	0	1	0	0	0	0	N	N	N	N	N	N	N	N	N	N	N	N	0.0000	0.0000	0.0000	0.0000	0.0000	0.0000	0.0000	0.0000	0.0000	0.0000	0.0000	0.0000	0.0000	0.0000	0.0000	0.0000	0.0000	0.0028	0.0044	0.0004	0.0103	0.0117	0.0000	0.0002	0.0000	0.0005	0.0609	0.0000	-0.0001	1.9301	1.0020	9.0954	3.0181	0.0000	0.0000	0.0000	0.0000	0.0000	0.0000	0.0000	0.0000	0.0000	0.0002	0.0002	0.0000	0.0002	0.0002	0.0000	0.0000	0.0000	0.0000	0.0219	0.0194	0.0024	0.0064	0.0062	0.0002	0.0155	0.0132	0.0023	0.0749	0.0459	0.0290	0.0195	0.0171	0.0024	0.0554	0.0288	0.0266	0.0000	0.0000	0.0000	0.0000	0.0000	0.0000	0.0000	0.0000	0.0000	0.0028	0.0044	0.0004	0.0103	0.0117	0.0000	0.0002	0.0000	0.0005		
106	140	0.1547	6	0	1	0	0	0	0	0	0	N	N	N	N	N	N	N	N	N	N	N	N	0.0000	0.0000	0.0000	0.0000	0.0000	0.0000	0.0000	0.0000	0.0000	0.0000	0.0000	0.0000	0.0000	0.0000	0.0000	0.0000	0.0000	0.0050	0.0081	0.0000	0.0202	0.0230	0.0000	0.0000	0.0000	0.0000	0.0001	0.0000	-0.0002	1.9301	0.0000	9.0954	4.0001	0.0000	0.0000	0.0000	0.0000	0.0000	0.0000	0.0000	0.0000	0.0000	0.0004	0.0004	0.0000	0.0004	0.0004	0.0000	0.0000	0.0000	0.0000	0.0000	0.0000	0.0000	0.0000	0.0000	0.0000	0.0000	0.0000	0.0000	0.0746	0.0454	0.0292	0.0184	0.0161	0.0023	0.0562	0.0293	0.0269	0.0000	0.0000	0.0000	0.0000	0.0000	0.0000	0.0000	0.0000	0.0000	0.0050	0.0081	0.0000	0.0202	0.0230	0.0000	0.0000	0.0000	0.0000		
106	141	0.5323	8	0	1	0	0	0	0	0	0	N	N	N	N	N	N	N	N	N	N	N	N	0.0000	0.0000	0.0000	0.0000	0.0000	0.0000	0.0000	0.0000	0.0000	0.0000	0.0000	0.0000	0.0000	0.0000	0.0000	0.0000	0.0000	0.0000	13.9193	25.1690	0.0005	0.0600	0.0721	0.0007	20.1495	39.8720	0.0004	0.0000	-0.0000	-0.4266	1.9301	1.0003	9.0954	5.0186	0.0000	0.0000	0.0000	0.0000	0.0000	0.0000	0.0000	0.0000	0.0000	0.9307	0.9306	0.0000	0.0032	0.0032	0.0000	0.9274	0.9274	0.0000	0.0232	0.0203	0.0029	0.0125	0.0114	0.0011	0.0107	0.0089	0.0018	0.1005	0.0682	0.0323	0.0540	0.0449	0.0091	0.0465	0.0233	0.0232	0.0000	0.0000	0.0000	0.0000	0.0000	0.0000	0.0000	0.0000	0.0000	9.2596	13.6529	0.0005	0.0600	0.0721	0.0007	19.9622	39.8720	0.0004	
106	142	0.1690	6	0	0	1	1	0	0	0	0	N	N	N	N	N	N	N	N	N	N	N	N	0.0000	0.0000	0.0000	0.0000	0.0000	0.0000	0.0000	0.0000	0.0000	0.0000	0.0000	0.0000	0.0000	0.0000	0.0000	0.0000	0.0000	0.0238	0.0260	0.0203	0.0636	0.0700	0.0173	0.0099	0.0000	0.0206	0.4928	0.0000	-0.0005	1.9301	0.0001	9.0954	9.0026	0.0000	0.0000	0.0000	0.0000	0.0000	0.0000	0.0000	0.0000	0.0000	0.0039	0.0026	0.0013	0.0027	0.0026	0.0001	0.0012	0.0000	0.0012	0.0000	0.0000	0.0000	0.0000	0.0000	0.0000	0.0000	0.0000	0.0000	0.1644	0.1008	0.0636	0.0426	0.0374	0.0052	0.1217	0.0634	0.0584	0.0000	0.0000	0.0000	0.0000	0.0000	0.0000	0.0000	0.0000	0.0000	0.0238	0.0260	0.0203	0.0636	0.0700	0.0173	0.0099	0.0000	0.0206		
106	143	0.5178	8	0	0	1	1	0	0	0	0	N	N	N	N	N	N	N	N	N	N	N	N	0.0000	0.0000	0.0000	0.0000	0.0000	0.0000	0.0000	0.0000	0.0000	0.0000	0.0000	0.0000	0.0000	0.0000	0.0000	0.0000	0.0000	0.0000	6.8338	11.5529	0.0009	0.0469	0.0560	0.0027	11.7508	23.4464	0.0002	0.0001	0.0000	-0.4275	1.9301	2.0061	9.0954	8.0425	0.0000	0.0000	0.0000	0.0000	0.0000	0.0000	0.0000	0.0000	0.0000	0.9327	0.9326	0.0000	0.0042	0.0041	0.0000	0.9285	0.9285	0.0000	0.0461	0.0404	0.0058	0.0243	0.0222	0.0021	0.0218	0.0181	0.0037	0.1677	0.1132	0.0545	0.0887	0.0736	0.0151	0.0790	0.0396	0.0394	0.0000	0.0000	0.0000	0.0000	0.0000	0.0000	0.0000	0.0000	0.0000	5.5625	8.2421	0.0009	0.0469	0.0560	0.0027	11.7508	23.4464	0.0002	
106	144	0.5087	7	0	0	0	1	0	0	0	0	N	N	N	N	N	N	N	N	N	N	N	N	0.0269	0.0000	0.1170	0.0000	0.0000	0.0000	0.0643	0.0000	0.2648	0.0002	0.0000	0.0017	0.0000	0.0000	0.0000	0.0005	0.0000	0.0028	0.0079	0.0053	0.0144	0.0085	0.0057	0.0270	0.0073	0.0046	0.0105	inf	1.0730	0.0000	0.0000	1.9301	1.9550	9.0954	2.1189	0.0000	0.0000	0.0000	0.0000	0.0000	0.0000	0.0000	0.0000	0.0000	0.0008	0.0004	0.0004	0.0004	0.0003	0.0002	0.0003	0.0001	0.0002	0.0468	0.0409	0.0059	0.0256	0.0233	0.0023	0.0212	0.0176	0.0036	0.0982	0.0702	0.0280	0.0514	0.0448	0.0066	0.0469	0.0254	0.0215	0.0269	0.0000	0.1170	0.0000	0.0000	0.0000	0.0643	0.0000	0.2648	0.0079	0.0053	0.0144	0.0085	0.0057	0.0270	0.0073	0.0046	0.0105
106	145	0.5087	7	0	0	1	1	0	0	0	0	N	N	N	N	N	N	N	N	N	N	N	N	0.0000	0.0000	0.0000	0.0000	0.0000	0.0000	0.0000	0.0000	0.0000	0.0000	0.0000	0.0000	0.0000	0.0000	0.0000	0.0000	0.0000	0.0000	3.0239	4.4170	0.0121	0.6773	0.8050	0.0018	5.5715	10.8466	0.0158	0.0000	0.0013	-0.0000	-0.4885	1.9301	2.1261	9.0954	18.6477	0.0000	0.0000	0.0000	0.0000	0.0000	0.0000	0.0000	0.0000	0.0000	1.0687	1.0674	0.0014	0.1246	0.1246	0.0001	0.9441	0.9428	0.0013	0.0507	0.0443	0.0064	0.0277	0.0252	0.0025	0.0230	0.0191	0.0039	0.3534	0.2417	0.1118	0.1840	0.1547	0.0292	0.1695	0.0869	0.0825	0.0000	0.0000	0.0000	0.0000	0.0000	0.0000	0.0000	0.0000	0.0000	3.0239	4.4170	0.0121	0.6773	0.8050	0.0018	5.5715	10.8466	0.0158
106	146	0.1690	6	0	0	1	1	0	0	0	0	N	N	N	N	N	N	N	N	N	N	N	N	0.0000	0.0000	0.0000	0.0000	0.0000	0.0000	0.0000	0.0000	0.0000	0.0000	0.0000	0.0000	0.0000	0.0000	0.0000	0.0000	0.0000	0.1615	0.2632	0.0003	0.6218	0.7081	0.0000	0.0002	0.0000	0.0004	0.0008	0.0000	-0.0108	1.9301	2.0001	9.0954	5.9880	0.0000	0.0000	0.0000	0.0000	0.0000	0.0000	0.0000	0.0000	0.0000	0.0236	0.0236	0.0000	0.0236	0.0236	0.0000	0.0000	0.0000	0.0000	0.0434	0.0386	0.0048	0.0127	0.0124	0.0003	0.0307	0.0262	0.0045	0.1465	0.0898	0.0567	0.0380	0.0334	0.0046	0.1085	0.0564	0.0520	0.0000	0.0000	0.0000	0.0000	0.0000	0.0000	0.0000	0.0000	0.0000	0.1615	0.2632	0.0003	0.6218	0.7081	0.0000	0.0002	0.0000	0.0004		
106	147	0.1690	6	0	0	1	1	0	0	0	0	N	N	N	N	N	N	N	N	N	N	N	N	0.0001	0.0000	0.0015	0.0004	0.0012	0.0000	0.0001	0.0000	0.0024	0.0002	0.0001	0.0010	0.0002	0.0002	0.0000	0.0001	0.0000	0.0010	1.9854	2.8240	0.6447	0.5006	0.1503	3.0555	2.4984	4.3747	0.4337	2.0001	0.1428	0.0000	-0.3536	1.9301	9.0001	9.0954	23.0169	0.0000	0.0000	0.0000	0.0000	0.0000	0.0000	0.0000	0.0000	0.0000	1.0607	0.9281	0.1325	0.0687	0.0181	0.0506	0.9920	0.9100	0.0820	0.1885	0.1678	0.0207	0.0549	0.0535	0.0014	0.1336	0.1143	0.0193	0.5343	0.3287	0.2056	0.1372	0.1206	0.0165	0.3971	0.2080	0.1890	0.0001	0.0000	0.0015	0.0004	0.0012	0.0000	0.0001	0.0000	0.0024	1.9854	2.8240	0.6447	0.5006	0.1503	3.0555	2.4984	4.3747	0.4337
106	148	0.1437	5	0	0	0	1	0	0	0	0	N	N	N	N	N	N	N	N	N	N	N	N	0.0582	0.0103	0.5886	0.0121	0.0124	0.0031	0.2654	0.0000	0.8745	0.0022	0.0005	0.0158	0.0014	0.0014	0.0004	0.0025	0.0000	0.0168	0.0379	0.0450	0.0268	0.1162	0.1161	0.1174	0.0096	0.0003	0.0192	4.3721	0.3775	0.0000	-0.0014	1.9301	1.9990	9.0954	7.9526	0.0001	0.0000	0.0001	0.0000	0.0000	0.0000	0.0001	0.0000	0.0001	0.0075	0.0054	0.0021	0.0061	0.0054	0.0007	0.0014	0.0000	0.0014	0.0438	0.0388	0.0050	0.0128	0.0125	0.0003	0.0310	0.0263	0.0047	0.1976	0.1209	0.0767	0.0525	0.0466	0.0059	0.1451	0.0743	0.0708	0.0582	0.0103	0.5886	0.0121	0.0124	0.0031	0.2654	0.0000	0.8745	0.0379	0.0450	0.0268	0.1162	0.1161	0.1174	0.0096	0.0003	0.0192
106	149	0.1118	4	1	1	0	0	0	0	0	0	N	N	N	N	N	N	N	N	N	N	N	N	0.0008	0.0005	0.0166	0.0366	0.0386	0.0000	0.0001	0.0000	0.0178	0.0014	0.0013	0.0022	0.0037	0.0038	0.0000	0.0004	0.0000	0.0024	1.8944	2.9285	0.1321	0.1000	0.0973	0.1239	2.5540	4.6857	0.1327	0.2138	0.0265	-0.0000	-0.3792	1.9301	5.3497	9.0954	17.2225	0.0002	0.0002	0.0000	0.0002	0.0002	0.0000	0.0000	0.0000	0.0000	0.8766	0.8540	0.0226	0.0124	0.0109	0.0016	0.8642	0.8431	0.0210	0.1291	0.1143	0.0148	0.0412	0.0401	0.0011	0.0879	0.0741	0.0137	0.4627	0.2916	0.1711	0.1244	0.1117	0.0127	0.3384	0.1799	0.1584	0.0008	0.0005	0.0166	0.0366	0.0386	0.0000	0.0001	0.0000	0.0178	1.8944	2.9285	0.1321	0.1000	0.0973	0.1239	2.5540	4.6857	0.1327
106	150	0.1426	5	0	1	0	0	0	0	0	0	N	N	N	N	N	N	N	N	N	N	N	N	0.0017	0.0010	0.5850	0.0014	0.0012	0.2584	0.0033	0.0004	0.6899	0.0018	0.0016	0.0035	0.0037	0.0038	0.0027	0.0007	0.0001	0.0036	1.0999	1.6812	0.0060	2.6486	3.0863	0.0104	0.2043	0.3776	0.0052	0.2628	0.0019	-0.0000	-0.2725	1.9301	3.6794	9.0954	17.4287	0.0002	0.0002	0.0000	0.0002	0.0002	0.0000	0.0000	0.0000	0.0000	0.5970	0.5958	0.0011	0.5267	0.5264	0.0003	0.0702	0.0694	0.0008	0.1109	0.0988	0.0120	0.0420	0.0407	0.0013	0.0689	0.0581	0.0107	0.5428	0.3544	0.1883	0.1989	0.1706	0.0283	0.3439	0.1838	0.1600	0.0017	0.0010	0.5850	0.0014	0.0012	0.2584	0.0033	0.0004	0.6899	1.0999	1.6812	0.0060	2.6486	3.0863	0.0104	0.2043	0.3776	0.0052
106	151	0.1118	4	0	1	0	0	0	0	0	0	N	N	N	N	N	N	N	N	N	N	N	N	0.0132	0.0813	0.0035	0.0128	0.0120	0.0063	0.0138	0.2693	0.0035	0.0228	0.0238	0.0151	0.0062	0.0064	0.0002	0.0310	0.0339	0.0163	1.7310	0.2931	4.3137	0.4840	0.5327	0.0376	2.2471	0.1259	4.6875	0.0843	8.1951	-0.0007	0.2356	1.9301	3.4464	9.0954	10.1316	0.0020	0.0019	0.0002	0.0002	0.0002	0.0000	0.0018	0.0017	0.0002	0.5443	0.0592	0.4851	0.0446	0.0442	0.0003	0.4998	0.0150	0.4848	0.0891	0.0786	0.0104	0.0296	0.0288	0.0008	0.0595	0.0498	0.0097	0.3145	0.2020	0.1125	0.0921	0.0830	0.0090	0.2224	0.1190	0.1034	0.0132	0.0813	0.0035	0.0128	0.0120	0.0063	0.0138	0.2693	0.0035	1.7310	0.2931	4.3137	0.4840	0.5327	0.0376	2.2471	0.1259	4.6875
106	152	0.5391	10	1	1	0	0	0	0	0	0	N	N	N	N	N	N	N	N	N	N	N	N	0.0000	0.0000	0.0000	0.0000	0.0000	0.0000	0.0000	0.0000	0.0000	0.0000	0.0000	0.0000	0.0000	0.0000	0.0000	0.0000	0.0000	0.0000	5.0227	7.9673	0.0041	15.6619	18.7796	0.0134	0.0110	0.0215	0.0004	0.0003	0.0000	-0.4187	1.9301	1.0143	9.0954	12.0086	0.0000	0.0000	0.0000	0.0000	0.0000	0.0000	0.0000	0.0000	0.0000	0.9140	0.9137	0.0003	0.9129	0.9127	0.0003	0.0011	0.0010	0.0000	0.0237	0.0208	0.0029	0.0128	0.0117	0.0011	0.0109	0.0091	0.0018	0.2086	0.1413	0.0672	0.1113	0.0925	0.0188	0.0972	0.0488	0.0484	0.0000	0.0000	0.0000	0.0000	0.0000	0.0000	0.0000	0.0000	0.0000	4.3827	6.4649	0.0041	8.1998	9.8619	0.0134	0.0110	0.0215	0.0004	
106	153	0.5368	9	1	1	0	0	0	0	0	0	N	N	N	N	N	N	N	N	N	N	N	N	0.0000	0.0000	0.0000	0.0000	0.0000	0.0000	0.0000	0.0000	0.0000	0.0000	0.0000	0.0000	0.0000	0.0000	0.0000	0.0000	0.0000	0.0000	0.0157	0.0218	0.0029	0.0289	0.0329	0.0094	0.0002	0.0001	0.0004	0.0639	0.0000	-0.0001	1.9301	0.9811	9.0954	0.0216	0.0000	0.0000	0.0000	0.0000	0.0000	0.0000	0.0000	0.0000	0.0000	0.0003	0.0003	0.0000	0.0003	0.0003	0.0000	0.0000	0.0000	0.0000	0.0228	0.0200	0.0028	0.0123	0.0112	0.0011	0.0105	0.0088	0.0018	0.0171	0.0116	0.0055	0.0092	0.0077	0.0016	0.0079	0.0039	0.0039	0.0000	0.0000	0.0000	0.0000	0.0000	0.0000	0.0000	0.0000	0.0000	0.0157	0.0218	0.0029	0.0289	0.0329	0.0094	0.0002	0.0001	0.0004	
106	154	0.5323	8	1	1	0	0	0	0	0	0	N	N	N	N	N	N	N	N	N	N	N	N	0.0000	0.0000	0.0000	0.0000	0.0000	0.0000	0.0000	0.0000	0.0000	0.0000	0.0000	0.0000	0.0000	0.0000	0.0000	0.0000	0.0000	0.0000	0.0351	0.0510	0.0012	0.0645	0.0770	0.0027	0.0005	0.0003	0.0007	0.0114	-0.0000	-0.0005	1.9301	0.0083	9.0954	2.0001	0.0000	0.0000	0.0000	0.0000	0.0000	0.0000	0.0000	0.0000	0.0000	0.0012	0.0012	0.0000	0.0012	0.0012	0.0000	0.0000	0.0000	0.0000	0.0002	0.0002	0.0000	0.0001	0.0001	0.0000	0.0001	0.0001	0.0000	0.0350	0.0238	0.0112	0.0189	0.0157	0.0032	0.0161	0.0081	0.0080	0.0000	0.0000	0.0000	0.0000	0.0000	0.0000	0.0000	0.0000	0.0000	0.0351	0.0510	0.0012	0.0645	0.0770	0.0027	0.0005	0.0003	0.0007	
106	155	0.5087	7	0	1	0	0	0	0	0	0	N	N	N	N	N	N	N	N	N	N	N	N	0.0000	0.0000	0.0000	0.0000	0.0000	0.0000	0.0000	0.0000	0.0000	0.0000	0.0000	0.0000	0.0000	0.0000	0.0000	0.0000	0.0000	0.0000	0.0727	0.1010	0.0089	0.1141	0.1295	0.0268	0.0273	0.0500	0.0027	0.0024	0.0389	-0.0000	-0.0061	1.9301	2.9180	9.0954	7.4065	0.0000	0.0000	0.0000	0.0000	0.0000	0.0000	0.0000	0.0000	0.0000	0.0144	0.0139	0.0005	0.0118	0.0114	0.0004	0.0026	0.0025	0.0001	0.0686	0.0600	0.0086	0.0373	0.0340	0.0033	0.0313	0.0260	0.0052	0.1979	0.1372	0.0607	0.1036	0.0880	0.0155	0.0944	0.0492	0.0452	0.0000	0.0000	0.0000	0.0000	0.0000	0.0000	0.0000	0.0000	0.0000	0.0727	0.1010	0.0089	0.1141	0.1295	0.0268	0.0273	0.0500	0.0027
106	156	0.4428	6	0	0	0	0	0	0	0	0	N	N	N	N	N	N	N	N	N	N	N	N	0.6869	0.6487	0.0165	11.5194	29.3816	0.0067	0.0023	0.0005	0.0485	0.7079	0.8287	0.0092	1.0726	1.2900	0.0027	0.0048	0.0019	0.0293	1.0306	1.2775	0.5595	0.0931	0.0439	0.3986	2.1190	4.2298	0.6040	0.0019	0.2296	-0.1610	-0.2152	1.9301	8.2479	9.0954	19.7214	0.3666	0.3659	0.0007	0.3658	0.3656	0.0002	0.0009	0.0003	0.0006	0.7921	0.6442	0.1479	0.0384	0.0156	0.0228	0.7537	0.6286	0.1251	0.5179	0.4415	0.0764	0.3410	0.2834	0.0576	0.1769	0.1581	0.0188	0.7686	0.5043	0.2643	0.4129	0.3556	0.0573	0.3557	0.1486	0.2071	0.6869	0.6487	0.0165	11.5194	29.3816	0.0067	0.0023	0.0005	0.0485	1.0306	1.2775	0.5595	0.0931	0.0439	0.3986	2.1190	4.2298	0.6040
106	157	0.4067	5	0	0	0	0	0	0	0	0	N	N	N	N	N	N	N	N	N	N	N	N	1.2065	1.0588	0.3415	6.2815	6.7560	0.8153	0.0099	0.0014	0.1730	0.9574	1.0602	0.1354	2.1087	2.2579	0.2815	0.0131	0.0037	0.0710	0.7935	1.0013	0.3965	0.3357	0.3342	0.3453	1.3319	2.6580	0.4102	0.0160	0.2073	-0.0781	-0.1657	1.9301	7.4725	9.0954	14.3153	0.1836	0.1807	0.0029	0.1822	0.1804	0.0018	0.0014	0.0003	0.0010	0.5781	0.4788	0.0992	0.1322	0.1139	0.0182	0.4459	0.3649	0.0810	0.1917	0.1704	0.0213	0.0864	0.0799	0.0065	0.1053	0.0906	0.0148	0.7285	0.4782	0.2503	0.3937	0.3409	0.0528	0.3348	0.1373	0.1975	1.2065	1.0588	0.3415	6.2815	6.7560	0.8153	0.0099	0.0014	0.1730	0.7935	1.0013	0.3965	0.3357	0.3342	0.3453	1.3319	2.6580	0.4102
106	158	0.3412	4	0	0	0	0	0	0	0	0	N	N	N	N	N	N	N	N	N	N	N	N	2.7477	3.7300	0.1336	7.9257	10.2550	0.3380	0.1599	0.1877	0.0375	0.9398	1.0471	0.0619	2.1873	2.3180	0.2118	0.0658	0.0740	0.0160	0.3420	0.2807	0.4635	0.2760	0.2260	0.6266	0.4115	0.3945	0.4251	0.0072	0.8331	-0.1154	-0.0013	1.9301	11.6653	9.0954	19.4910	0.2659	0.2640	0.0019	0.2550	0.2534	0.0015	0.0109	0.0106	0.0004	0.3420	0.1866	0.1554	0.1415	0.1015	0.0401	0.2005	0.0851	0.1154	0.2830	0.2521	0.0308	0.1166	0.1093	0.0072	0.1664	0.1428	0.0236	1.0000	0.6647	0.3354	0.5128	0.4489	0.0639	0.4872	0.2158	0.2714	2.7477	3.7300	0.1336	7.9257	10.2550	0.3380	0.1599	0.1877	0.0375	0.3420	0.2807	0.4635	0.2760	0.2260	0.6266	0.4115	0.3945	0.4251
106	159	0.2939	3	0	0	0	0	0	0	0	0	N	N	N	N	N	N	N	N	N	N	N	N	1.4061	0.0287	6.8430	1.3630	0.0394	7.9553	1.4193	0.0074	5.2119	0.5998	0.0130	2.5632	0.6337	0.0187	3.1494	0.5469	0.0030	1.9265	0.4266	0.4529	0.3746	0.4649	0.4745	0.3959	0.3853	0.4058	0.3696	58.9688	0.4186	0.1752	-0.0733	1.9301	7.3933	9.0954	20.5306	0.3232	0.0054	0.3178	0.2082	0.0049	0.2033	0.1149	0.0005	0.1145	0.4491	0.3165	0.1325	0.2538	0.2275	0.0263	0.1953	0.0891	0.1062	0.5388	0.4148	0.1240	0.3286	0.2640	0.0646	0.2102	0.1508	0.0594	1.0526	0.6989	0.3537	0.5459	0.4794	0.0665	0.5067	0.2195	0.2873	1.4061	0.0287	6.8430	1.3630	0.0394	7.9553	1.4193	0.0074	5.2119	0.4266	0.4529	0.3746	0.4649	0.4745	0.3959	0.3853	0.4058	0.3696
106	160	0.0578	2	0	0	0	0	0	0	0	0	N	N	N	N	N	N	N	N	N	N	N	N	0.3207	0.1222	1.1832	0.6886	0.8519	0.4081	0.2883	0.0861	1.2007	0.9440	0.2700	4.8214	0.3175	0.2884	1.0909	1.0345	0.2669	4.9404	2.9437	2.2085	4.0749	0.4611	0.3385	2.6731	3.5886	3.0980	4.1145	3.1051	1.1993	0.1076	0.3370	1.9301	27.6416	9.0954	54.6365	0.3411	0.0831	0.2580	0.0145	0.0127	0.0018	0.3267	0.0704	0.2562	3.8767	1.7627	2.1140	0.1252	0.0871	0.0381	3.7515	1.6756	2.0759	0.3614	0.3078	0.0535	0.0456	0.0439	0.0017	0.3158	0.2639	0.0519	1.3169	0.7982	0.5188	0.2715	0.2573	0.0143	1.0454	0.5409	0.5045	0.3207	0.1222	1.1832	0.6886	0.8519	0.4081	0.2883	0.0861	1.2007	2.9437	2.2085	4.0749	0.4611	0.3385	2.6731	3.5886	3.0980	4.1145
106	161	0.1623	8	1	1	0	0	0	0	0	0	N	N	N	N	N	N	N	N	N	N	N	N	0.0000	0.0000	0.0000	0.0000	0.0000	0.0000	0.0000	0.0000	0.0000	0.0000	0.0000	0.0000	0.0000	0.0000	0.0000	0.0000	0.0000	0.0000	0.0419	0.0682	0.0001	0.1661	0.1885	0.0009	0.0000	0.0000	0.0000	0.0007	0.0000	-0.0011	1.9301	0.0002	9.0954	3.0099	0.0000	0.0000	0.0000	0.0000	0.0000	0.0000	0.0000	0.0000	0.0000	0.0024	0.0024	0.0000	0.0024	0.0024	0.0000	0.0000	0.0000	0.0000	0.0000	0.0000	0.0000	0.0000	0.0000	0.0000	0.0000	0.0000	0.0000	0.0574	0.0352	0.0222	0.0145	0.0128	0.0017	0.0429	0.0225	0.0204	0.0000	0.0000	0.0000	0.0000	0.0000	0.0000	0.0000	0.0000	0.0000	0.0419	0.0682	0.0001	0.1661	0.1885	0.0009	0.0000	0.0000	0.0000	
106	162	0.1547	7	1	1	0	0	0	0	0	0	N	N	N	N	N	N	N	N	N	N	N	N	0.0000	0.0000	0.0000	0.0000	0.0000	0.0000	0.0000	0.0000	0.0000	0.0000	0.0000	0.0000	0.0000	0.0000	0.0000	0.0000	0.0000	0.0000	0.0017	0.0029	0.0000	0.0071	0.0081	0.0000	0.0000	0.0000	0.0000	0.0008	0.0000	-0.0000	1.9301	0.9998	9.0954	2.0118	0.0000	0.0000	0.0000	0.0000	0.0000	0.0000	0.0000	0.0000	0.0000	0.0001	0.0001	0.0000	0.0001	0.0001	0.0000	0.0000	0.0000	0.0000	0.0218	0.0194	0.0024	0.0063	0.0062	0.0002	0.0155	0.0132	0.0023	0.0564	0.0343	0.0221	0.0139	0.0122	0.0017	0.0425	0.0222	0.0203	0.0000	0.0000	0.0000	0.0000	0.0000	0.0000	0.0000	0.0000	0.0000	0.0017	0.0029	0.0000	0.0071	0.0081	0.0000	0.0000	0.0000	0.0000	
106	163	0.1547	6	1	1	0	0	0	0	0	0	N	N	N	N	N	N	N	N	N	N	N	N	0.0000	0.0000	0.0000	0.0000	0.0000	0.0000	0.0000	0.0000	0.0000	0.0000	0.0000	0.0000	0.0000	0.0000	0.0000	0.0000	0.0000	0.0000	0.0073	0.0065	0.0104	0.0172	0.0126	0.1494	0.0007	0.0007	0.0006	0.4151	0.0000	-0.0000	1.9301	0.0000	9.0954	0.0003	0.0000	0.0000	0.0000	0.0000	0.0000	0.0000	0.0000	0.0000	0.0000	0.0000	0.0000	0.0000	0.0000	0.0000	0.0000	0.0000	0.0000	0.0000	0.0000	0.0000	0.0000	0.0000	0.0000	0.0000	0.0000	0.0000	0.0000	0.0000	0.0000	0.0000	0.0000	0.0000	0.0000	0.0000	0.0000	0.0000	0.0000	0.0000	0.0000	0.0000	0.0000	0.0000	0.0000	0.0000	0.0000	0.0073	0.0065	0.0104	0.0172	0.0126	0.1494	0.0007	0.0007	0.0006	
106	164	0.1437	5	0	1	0	0	0	0	0	0	N	N	N	N	N	N	N	N	N	N	N	N	10.6974	25.2889	10.9833	12.1270	19.5639	3.1054	12.5569	0.0000	10.7246	0.1673	0.0464	0.4146	0.0693	0.0693	0.0756	0.2481	0.0000	0.4174	0.0156	0.0018	0.0378	0.0057	0.0035	0.0243	0.0198	0.0006	0.0389	4.3721	12.8548	0.0000	0.0007	1.9301	0.0063	9.0954	4.3641	0.0001	0.0000	0.0001	0.0000	0.0000	0.0000	0.0001	0.0000	0.0001	0.0015	0.0001	0.0014	0.0002	0.0001	0.0001	0.0014	0.0000	0.0014	0.0006	0.0004	0.0002	0.0003	0.0003	0.0000	0.0003	0.0001	0.0002	0.0982	0.0605	0.0378	0.0288	0.0258	0.0030	0.0694	0.0347	0.0347	10.6974	25.2889	10.9833	12.1270	19.5639	3.1054	12.5569	0.0000	10.7246	0.0156	0.0018	0.0378	0.0057	0.0035	0.0243	0.0198	0.0006	0.0389
106	165	0.1118	4	0	0	0	0	0	0	0	0	N	N	N	N	N	N	N	N	N	N	N	N	2.1705	6.8552	5.4841	7.5768	11.2361	0.4565	1.9817	0.0010	5.5541	0.8406	0.1778	5.7195	0.4578	0.4676	0.1071	1.0413	0.0000	6.1910	0.3873	0.0259	1.0429	0.0604	0.0416	0.2346	0.5255	0.0148	1.1147	4.3706	22.1642	0.0217	0.0573	1.9301	2.5207	9.0954	10.0226	0.0583	0.0109	0.0475	0.0109	0.0109	0.0001	0.0474	0.0000	0.0474	0.1149	0.0050	0.1099	0.0053	0.0033	0.0020	0.1096	0.0016	0.1079	0.0694	0.0611	0.0083	0.0239	0.0232	0.0006	0.0455	0.0379	0.0077	0.2967	0.1913	0.1054	0.0882	0.0796	0.0086	0.2085	0.1117	0.0968	2.1705	6.8552	5.4841	7.5768	11.2361	0.4565	1.9817	0.0010	5.5541	0.3873	0.0259	1.0429	0.0604	0.0416	0.2346	0.5255	0.0148	1.1147
106	166	0.0962	3	0	0	0	0	0	0	0	0	N	N	N	N	N	N	N	N	N	N	N	N	0.0066	0.0821	0.0088	0.8094	0.1507	2.5624	0.0007	0.0084	0.0012	0.0271	0.0038	0.1917	0.0586	0.0082	0.5945	0.0042	0.0003	0.0255	4.0960	0.0460	21.6786	0.0724	0.0543	0.2320	6.2397	0.0372	20.9192	7.1962	130.4753	0.0010	0.5489	1.9301	2.6894	9.0954	4.6619	0.0023	0.0003	0.0020	0.0021	0.0003	0.0018	0.0002	0.0000	0.0002	1.0279	0.0078	1.0201	0.0071	0.0048	0.0023	1.0208	0.0030	1.0177	0.0847	0.0741	0.0105	0.0358	0.0327	0.0031	0.0489	0.0414	0.0074	0.2614	0.1698	0.0916	0.0978	0.0879	0.0100	0.1636	0.0819	0.0817	0.0069	0.0821	0.0172	0.8094	0.1507	2.5624	0.0007	0.0084	0.0020	3.9316	0.0460	11.1301	0.0724	0.0543	0.2320	6.2397	0.0372	12.4589
106	167	0.0578	2	0	0	0	0	0	0	0	0	N	N	N	N	N	N	N	N	N	N	N	N	0.0343	0.0107	0.0703	0.3895	0.0617	1.0093	0.0173	0.0002	0.0619	0.1205	0.0053	0.7292	0.3550	0.0338	9.0501	0.0840	0.0001	0.4708	3.5088	0.4900	10.3656	0.9113	0.5472	8.9663	4.8518	0.4163	7.6116	26.2277	11.3681	0.0026	0.6674	1.9301	2.7966	9.0954	8.5340	0.0050	0.0002	0.0048	0.0020	0.0002	0.0018	0.0030	0.0000	0.0030	1.4484	0.1171	1.3313	0.1282	0.0737	0.0546	1.3202	0.0435	1.2767	0.0417	0.0350	0.0066	0.0056	0.0054	0.0002	0.0361	0.0296	0.0064	0.4128	0.2390	0.1738	0.1407	0.1346	0.0061	0.2721	0.1044	0.1677	0.0343	0.0107	0.0952	0.3895	0.0617	1.0093	0.0173	0.0002	0.0619	3.5088	0.4900	7.6590	0.9113	0.5472	8.9663	4.8518	0.4163	7.6116
107	108	0.0535	3	0	1	0	0	0	0	0	0	N	N	N	N	N	N	N	N	N	N	N	N	0.1946	2.4882	0.0002	173.7964	169.6963	0.0129	0.0001	0.0003	0.0002	0.3002	0.3563	0.0007	11.0126	11.1678	0.0001	0.0002	0.0001	0.0007	1.5424	0.1432	3.5158	0.0634	0.0658	0.0109	1.8817	0.1771	3.5875	0.0003	17.4071	-0.0268	0.5138	3.9049	8.0392	9.6098	22.6195	0.0609	0.0609	0.0000	0.0609	0.0609	0.0000	0.0000	0.0000	0.0000	1.0544	0.0573	0.9972	0.0081	0.0080	0.0001	1.0464	0.0493	0.9971	0.2029	0.1709	0.0320	0.0055	0.0055	0.0001	0.1974	0.1654	0.0319	0.6837	0.4000	0.2836	0.1276	0.1219	0.0057	0.5561	0.2781	0.2779	0.1946	2.4882	0.0002	173.7964	169.6963	0.0129	0.0001	0.0003	0.0002	1.5424	0.1432	3.5158	0.0634	0.0658	0.0109	1.8817	0.1771	3.5875
107	109	0.0535	2	0	0	0	0	0	0	0	0	N	N	N	N	N	N	N	N	N	N	N	N	24.8418	13.2071	100.3698	29.9123	29.7926	5.4900	22.3629	0.0218	100.4289	7.6421	4.6785	20.9113	11.5225	11.5283	1.1086	5.7167	0.0067	20.9313	0.3076	0.3542	0.2083	0.3852	0.3870	0.2019	0.2556	0.3083	0.2084	0.9983	0.2761	0.0067	-0.0131	3.9049	0.2031	9.6098	2.0398	0.1140	0.0570	0.0569	0.0570	0.0570	0.0000	0.0570	0.0000	0.0569	0.0540	0.0423	0.0117	0.0271	0.0270	0.0001	0.0268	0.0153	0.0115	0.0149	0.0122	0.0027	0.0049	0.0049	0.0000	0.0100	0.0072	0.0027	0.1754	0.1194	0.0560	0.0704	0.0697	0.0007	0.1050	0.0496	0.0554	24.8418	13.2071	100.3698	29.9123	29.7926	5.4900	22.3629	0.0218	100.4289	0.3076	0.3542	0.2083	0.3852	0.3870	0.2019	0.2556	0.3083	0.2084
107	110	0.6340	8	1	0	1	0	0	0	0	0	N	N	N	N	N	N	N	N	N	N	N	N	0.0000	0.0000	0.0000	0.0000	0.0000	0.0000	0.0000	0.0000	0.0000	0.0000	0.0000	0.0000	0.0000	0.0000	0.0000	0.0000	0.0000	0.0000	0.0000	0.0000	0.0000	0.0000	0.0000	0.0000	-0.0000	3.9049	0.0001	9.6098	0.0001	0.0000	0.0000	0.0000	0.0000	0.0000	0.0000	0.0000	0.0000	0.0000	0.0000	0.0000	0.0000	0.0000	0.0000	0.0000	0.0000	0.0000	0.0000	0.0027	0.0021	0.0006	0.0013	0.0013	0.0000	0.0013	0.0008	0.0006	0.0003	0.0002	0.0001	0.0001	0.0001	0.0000	0.0001	0.0000	0.0001	0.0000	0.0000	0.0000	0.0000	0.0000	0.0000	0.0000	0.0000	0.0000	0.0000	0.0000	0.0000	0.0000	0.0000	0.0000	0.0000	0.0000	0.0000						
107	111	0.6201	7	1	0	1	0	0	0	0	0	N	N	N	N	N	N	N	N	N	N	N	N	0.5184	4.1727	0.0000	11.7127	12.1313	0.0000	0.0000	0.0000	0.0000	0.0071	0.0082	0.0000	0.0267	0.0281	0.0000	0.0000	0.0000	0.0000	0.0137	0.0020	0.0410	0.0023	0.0023	0.0021	0.0367	0.0008	0.0682	0.0000	9.0046	-0.0001	0.0006	3.9049	1.6718	9.6098	2.9223	0.0003	0.0003	0.0000	0.0003	0.0003	0.0000	0.0000	0.0000	0.0000	0.0014	0.0001	0.0012	0.0002	0.0001	0.0000	0.0012	0.0000	0.0012	0.0431	0.0374	0.0057	0.0115	0.0109	0.0006	0.0316	0.0265	0.0051	0.1006	0.0703	0.0303	0.0671	0.0546	0.0125	0.0335	0.0157	0.0179	0.5184	4.1727	0.0000	11.7127	12.1313	0.0000	0.0000	0.0000	0.0000	0.0137	0.0020	0.0410	0.0023	0.0023	0.0021	0.0367	0.0008	0.0682
107	112	0.5366	6	1	0	1	0	0	0	0	0	N	N	N	N	N	N	N	N	N	N	N	N	0.9694	186.2164	0.0000	336.3503	421.6995	0.0000	0.0000	0.0000	0.0000	2.7333	3.1272	0.0001	9.0503	9.6434	0.0000	0.0000	0.0000	0.0001	2.8195	0.0168	14.3768	0.0269	0.0229	0.0468	6.6419	0.0029	24.0417	0.0000	242.3083	-0.4033	0.5247	3.9049	14.0283	9.6098	7.1084	0.9144	0.9144	0.0000	0.9144	0.9144	0.0000	0.0000	0.0000	0.0000	0.9762	0.0040	0.9722	0.0054	0.0038	0.0016	0.9709	0.0002	0.9706	0.3345	0.2924	0.0421	0.1010	0.0948	0.0062	0.2335	0.1976	0.0359	0.3462	0.2389	0.1073	0.2001	0.1663	0.0337	0.1462	0.0726	0.0736	0.9694	186.2164	0.0000	336.3503	421.6995	0.0000	0.0000	0.0000	0.0000	2.8195	0.0168	9.0587	0.0269	0.0229	0.0468	6.6419	0.0029	13.1897
107	113	0.4764	5	0	0	0	0	0	0	0	0	N	N	N	N	N	N	N	N	N	N	N	N	4.1800	9.1895	4.5287	17.7653	21.1308	0.3002	1.1523	0.0833	4.1700	0.0774	0.0609	0.2008	0.1724	0.1809	0.0048	0.0345	0.0002	0.2295	0.0185	0.0066	0.0443	0.0097	0.0086	0.0160	0.0299	0.0022	0.0550	0.4415	3.0828	-0.0030	0.0022	3.9049	8.6129	9.6098	5.1709	0.0221	0.0153	0.0068	0.0153	0.0153	0.0000	0.0068	0.0000	0.0067	0.0073	0.0018	0.0055	0.0022	0.0016	0.0005	0.0052	0.0002	0.0050	0.2850	0.2513	0.0337	0.0888	0.0845	0.0043	0.1962	0.1668	0.0294	0.3955	0.2708	0.1248	0.2231	0.1889	0.0342	0.1725	0.0819	0.0906	4.1800	9.1895	4.5287	17.7653	21.1308	0.3002	1.1523	0.0833	4.1700	0.0185	0.0066	0.0443	0.0097	0.0086	0.0160	0.0299	0.0022	0.0550
107	114	0.3812	4	0	0	0	0	0	0	0	0	N	N	N	N	N	N	N	N	N	N	N	N	0.0055	0.0077	0.0063	0.0202	0.0188	0.0229	0.0023	0.0168	0.0054	0.0132	0.0110	0.0270	0.0372	0.0397	0.0064	0.0069	0.0028	0.0296	2.3886	1.4283	4.3065	1.8376	2.1149	0.2780	2.9581	0.1665	5.5095	0.3926	1.5097	-0.0009	0.2815	3.9049	16.8607	9.6098	22.7724	0.0055	0.0039	0.0015	0.0032	0.0032	0.0000	0.0023	0.0008	0.0015	1.9661	0.7834	1.1827	0.7688	0.7512	0.0176	1.1974	0.0322	1.1652	0.4153	0.3579	0.0574	0.0862	0.0797	0.0065	0.3291	0.2781	0.0509	0.8231	0.5485	0.2746	0.4184	0.3552	0.0632	0.4048	0.1933	0.2115	0.0055	0.0077	0.0063	0.0202	0.0188	0.0229	0.0023	0.0168	0.0054	2.3886	1.4283	4.3065	1.8376	2.1149	0.2780	2.9581	0.1665	5.5095
107	115	0.1125	3	1	0	1	0	0	0	0	0	N	N	N	N	N	N	N	N	N	N	N	N	0.0000	0.0000	0.0000	0.0000	0.0000	0.0000	0.0000	0.0000	0.0000	0.0000	0.0000	0.0000	0.0000	0.0000	0.0000	0.0000	0.0000	0.0000	0.0268	0.0395	0.0029	0.0003	0.0001	0.0045	0.0384	0.0720	0.0028	0.0390	0.0000	-0.0019	3.9049	1.0009	9.6098	4.0038	0.0000	0.0000	0.0000	0.0000	0.0000	0.0000	0.0000	0.0000	0.0000	0.0046	0.0044	0.0002	0.0000	0.0000	0.0000	0.0046	0.0044	0.0002	0.0267	0.0227	0.0040	0.0020	0.0019	0.0001	0.0247	0.0208	0.0039	0.1722	0.1123	0.0600	0.0523	0.0507	0.0016	0.1199	0.0616	0.0583	0.0000	0.0000	0.0000	0.0000	0.0000	0.0000	0.0000	0.0000	0.0000	0.0268	0.0395	0.0029	0.0003	0.0001	0.0045	0.0384	0.0720	0.0028	
107	116	0.0842	2	1	0	1	0	0	0	0	0	N	N	N	N	N	N	N	N	N	N	N	N	0.0707	0.0055	7.1642	2.6677	2.0504	6.9053	0.0500	0.0000	7.3867	0.1830	0.0230	1.0586	0.5233	0.3697	3.0157	0.1629	0.0001	1.0167	2.5895	4.2168	0.1478	0.1962	0.1803	0.4367	3.2598	6.3152	0.1376	8.4035	0.0234	0.0039	-0.3499	3.9049	1.8441	9.6098	10.4794	0.0086	0.0009	0.0077	0.0014	0.0009	0.0005	0.0073	0.0000	0.0073	0.8033	0.7850	0.0183	0.0133	0.0115	0.0018	0.7900	0.7735	0.0165	0.0472	0.0399	0.0073	0.0026	0.0025	0.0002	0.0446	0.0374	0.0071	0.3102	0.1862	0.1241	0.0679	0.0637	0.0042	0.2423	0.1225	0.1199	0.0707	0.0055	7.1642	2.6677	2.0504	6.9053	0.0500	0.0000	7.3867	2.5895	4.2168	0.1478	0.1962	0.1803	0.4367	3.2598	6.3152	0.1376
107	117	0.2685	2	0	1	0	1	0	0	0	0	N	N	N	N	N	N	N	N	N	N	N	N	1.5197	2.5016	0.0361	0.5276	0.2640	2.6200	0.9939	1.2201	0.0152	3.3990	3.9104	0.1319	0.0806	0.0321	1.0144	4.1766	4.9333	0.0662	2.2367	1.5632	3.6523	0.1527	0.1216	0.3872	4.2023	4.0432	4.3515	0.0053	1.1117	-0.4350	0.1413	3.9049	10.5071	9.6098	20.2622	0.9981	0.9928	0.0052	0.0045	0.0017	0.0028	0.9936	0.9911	0.0024	2.0752	0.9827	1.0925	0.0688	0.0484	0.0204	2.0064	0.9344	1.0721	0.2936	0.2539	0.0397	0.0557	0.0530	0.0028	0.2379	0.2009	0.0370	0.9278	0.6287	0.2991	0.4504	0.3976	0.0528	0.4775	0.2311	0.2464	1.5197	2.5016	0.0361	0.5276	0.2640	2.6200	0.9939	1.2201	0.0152	2.2367	1.5632	3.6523	0.1527	0.1216	0.3872	4.2023	4.0432	4.3515
107	119	0.0707	2	0	1	0	0	0	0	0	0	N	N	N	N	N	N	N	N	N	N	N	N	0.0558	0.0166	0.8398	0.2011	0.1135	301.8798	0.0403	0.0001	0.4675	0.0222	0.0099	0.0886	0.2374	0.1398	6.3601	0.0083	0.0000	0.0501	0.3975	0.5971	0.1055	1.1807	1.2316	0.0211	0.2057	0.3024	0.1072	1.6557	0.1208	0.0004	-0.0833	3.9049	3.8169	9.6098	21.2433	0.0023	0.0009	0.0014	0.0015	0.0009	0.0006	0.0008	0.0000	0.0008	0.2375	0.2119	0.0256	0.1387	0.1386	0.0001	0.0988	0.0733	0.0255	0.1036	0.0874	0.0162	0.0063	0.0062	0.0001	0.0973	0.0812	0.0161	0.5975	0.3548	0.2426	0.1175	0.1126	0.0049	0.4800	0.2423	0.2377	0.0558	0.0166	0.8398	0.2011	0.1135	301.8798	0.0403	0.0001	0.4675	0.3975	0.5971	0.1055	1.1807	1.2316	0.0211	0.2057	0.3024	0.1072
107	120	0.4164	6	0	1	0	0	0	0	0	0	N	N	N	N	N	N	N	N	N	N	N	N	0.0115	0.0015	1.6315	0.0043	0.0035	0.2762	0.2553	0.0023	1.4034	0.0183	0.0035	0.1169	0.0120	0.0122	0.0084	0.0205	0.0002	0.1296	1.5853	2.3196	0.0716	2.7769	3.4440	0.0303	0.0801	0.0682	0.0924	4.9162	0.0150	0.0032	-0.9144	3.9049	16.3276	9.6098	34.9199	0.0082	0.0014	0.0068	0.0014	0.0013	0.0001	0.0068	0.0000	0.0068	2.0613	2.0309	0.0304	2.0153	2.0110	0.0043	0.0460	0.0199	0.0261	0.4494	0.3910	0.0584	0.1162	0.1101	0.0061	0.3331	0.2809	0.0522	1.3003	0.8756	0.4247	0.7257	0.5839	0.1418	0.5745	0.2916	0.2829	0.0115	0.0015	1.6315	0.0043	0.0035	0.2762	0.2553	0.0023	1.4034	1.5853	2.3196	0.0716	2.7769	3.4440	0.0303	0.0801	0.0682	0.0924
107	121	0.3991	5	0	1	0	0	0	0	0	0	N	N	N	N	N	N	N	N	N	N	N	N	0.0139	0.0104	0.0368	0.0221	0.0218	0.0061	0.0159	0.0110	0.0425	0.0142	0.0112	0.0334	0.0288	0.0299	0.0061	0.0098	0.0047	0.0358	1.0254	1.0758	0.9064	1.3001	1.3694	1.0092	0.6159	0.4280	0.8414	0.4696	0.3569	-0.0003	-0.1774	3.9049	6.1757	9.6098	14.5601	0.0025	0.0017	0.0008	0.0012	0.0012	0.0000	0.0013	0.0005	0.0008	0.9081	0.6693	0.2388	0.6891	0.5862	0.1029	0.2190	0.0831	0.1359	0.1788	0.1544	0.0244	0.0418	0.0398	0.0020	0.1369	0.1145	0.0224	0.8856	0.6221	0.2635	0.5300	0.4281	0.1020	0.3556	0.1940	0.1616	0.0139	0.0104	0.0368	0.0221	0.0218	0.0061	0.0159	0.0110	0.0425	1.0254	1.0758	0.9064	1.3001	1.3694	1.0092	0.6159	0.4280	0.8414
107	122	0.3461	4	0	0	0	0	0	0	0	0	N	N	N	N	N	N	N	N	N	N	N	N	0.0044	0.0067	0.0012	0.0084	0.0081	0.0033	0.0029	0.0123	0.0010	0.0088	0.0095	0.0039	0.0147	0.0154	0.0022	0.0067	0.0072	0.0041	2.0080	1.4318	3.2865	1.7441	1.8986	0.6713	2.2813	0.5832	3.9655	0.0627	1.0346	-0.0008	0.0895	3.9049	7.5400	9.6098	21.4192	0.0020	0.0019	0.0001	0.0009	0.0009	0.0000	0.0011	0.0010	0.0001	1.7848	0.8773	0.9076	0.7886	0.7504	0.0382	0.9962	0.1268	0.8694	0.2301	0.1996	0.0305	0.0602	0.0570	0.0033	0.1699	0.1427	0.0272	0.8889	0.6127	0.2762	0.4522	0.3953	0.0569	0.4367	0.2175	0.2192	0.0044	0.0067	0.0012	0.0084	0.0081	0.0033	0.0029	0.0123	0.0010	2.0080	1.4318	3.2865	1.7441	1.8986	0.6713	2.2813	0.5832	3.9655
107	123	0.1062	3	0	1	0	0	0	0	0	0	N	N	N	N	N	N	N	N	N	N	N	N	0.0343	0.0333	0.0000	0.0000	0.0000	0.0000	0.0355	0.0231	0.0000	0.0050	0.0059	0.0000	0.0000	0.0000	0.0000	0.0052	0.0062	0.0000	0.1446	0.1757	0.0952	0.1404	0.0241	0.7368	0.1463	0.2672	0.0102	0.0000	0.3397	-0.0002	-0.0157	3.9049	4.0019	9.6098	19.5615	0.0005	0.0005	0.0000	0.0000	0.0000	0.0000	0.0005	0.0005	0.0000	0.0769	0.0574	0.0195	0.0206	0.0030	0.0177	0.0563	0.0544	0.0018	0.0988	0.0836	0.0152	0.0046	0.0042	0.0003	0.0943	0.0794	0.0149	0.5315	0.3266	0.2049	0.1469	0.1229	0.0240	0.3846	0.2037	0.1810	0.0343	0.0333	0.0000	0.0000	0.0000	0.0000	0.0355	0.0231	0.0000	0.1446	0.1757	0.0952	0.1404	0.0241	0.7368	0.1463	0.2672	0.0102
107	124	0.0842	2	0	0	0	0	0	0	0	0	N	N	N	N	N	N	N	N	N	N	N	N	0.7210	0.0004	15.1717	0.1975	0.0008	12.7821	3.4630	0.0025	16.0033	0.2434	0.0002	1.5715	0.2373	0.0010	4.4988	0.2438	0.0001	1.5093	0.3375	0.4891	0.1036	1.2015	1.2556	0.3520	0.0704	0.0468	0.0943	1590.2328	0.1372	0.0043	-0.0291	3.9049	1.2223	9.6098	8.2281	0.0077	0.0000	0.0077	0.0005	0.0000	0.0005	0.0073	0.0000	0.0073	0.0862	0.0758	0.0104	0.0724	0.0712	0.0013	0.0137	0.0046	0.0091	0.0318	0.0269	0.0049	0.0019	0.0018	0.0001	0.0298	0.0250	0.0048	0.2553	0.1549	0.1004	0.0603	0.0567	0.0036	0.1950	0.0982	0.0967	0.7210	0.0004	15.1717	0.1975	0.0008	12.7821	3.4630	0.0025	16.0033	0.3375	0.4891	0.1036	1.2015	1.2556	0.3520	0.0704	0.0468	0.0943
107	126	0.0694	3	0	1	0	0	0	0	0	0	N	N	N	N	N	N	N	N	N	N	N	N	2.7750	0.0023	13.7026	0.3826	0.0797	23.6658	2.3747	0.0013	13.4120	0.6095	0.0004	3.8456	0.0075	0.0016	0.2857	0.6485	0.0003	3.8740	0.2196	0.1778	0.2806	0.0195	0.0200	0.0121	0.2731	0.2573	0.2888	1734.0733	1.0816	0.0456	0.0070	3.9049	5.0407	9.6098	17.1705	0.0817	0.0000	0.0817	0.0001	0.0000	0.0000	0.0817	0.0000	0.0817	0.1146	0.0550	0.0595	0.0021	0.0021	0.0001	0.1124	0.0530	0.0595	0.1341	0.1129	0.0212	0.0081	0.0080	0.0002	0.1260	0.1049	0.0211	0.5216	0.3095	0.2121	0.1099	0.1036	0.0063	0.4117	0.2059	0.2059	2.7750	0.0023	13.7026	0.3826	0.0797	23.6658	2.3747	0.0013	13.4120	0.2196	0.1778	0.2806	0.0195	0.0200	0.0121	0.2731	0.2573	0.2888
107	127	0.0535	2	0	1	0	0	0	0	0	0	N	N	N	N	N	N	N	N	N	N	N	N	85.4357	0.4120	1480.8457	3.1122	3.0378	43.3152	132.6664	0.0136	1480.6729	14.1628	0.0945	86.0048	0.8988	0.8936	2.2043	15.4235	0.0024	86.1798	0.1658	0.2295	0.0581	0.2888	0.2942	0.0509	0.1163	0.1773	0.0582	178.1252	0.1497	0.4585	-0.0159	3.9049	1.9703	9.6098	6.2034	0.8287	0.0046	0.8241	0.0046	0.0045	0.0000	0.8242	0.0001	0.8241	0.0484	0.0421	0.0063	0.0242	0.0241	0.0001	0.0242	0.0180	0.0062	0.0585	0.0489	0.0096	0.0051	0.0051	0.0000	0.0534	0.0439	0.0096	0.2921	0.1835	0.1086	0.0838	0.0820	0.0019	0.2083	0.1016	0.1067	85.4357	0.4120	1480.8457	3.1122	3.0378	43.3152	132.6664	0.0136	1480.6729	0.1658	0.2295	0.0581	0.2888	0.2942	0.0509	0.1163	0.1773	0.0582
107	129	0.3754	5	0	1	0	0	0	0	0	0	N	N	N	N	N	N	N	N	N	N	N	N	0.0000	0.0000	0.0000	0.0000	0.0000	0.0000	0.0000	0.0000	0.0000	0.0000	0.0000	0.0000	0.0000	0.0000	0.0000	0.0000	0.0000	0.0000	0.0079	0.0019	0.0274	0.0134	0.0027	0.1427	0.0007	0.0002	0.0013	4.3666	0.0000	0.0007	3.9049	1.0033	9.6098	0.8635	0.0000	0.0000	0.0000	0.0000	0.0000	0.0000	0.0000	0.0000	0.0000	0.0021	0.0004	0.0017	0.0020	0.0004	0.0016	0.0001	0.0000	0.0001	0.0808	0.0734	0.0073	0.0437	0.0417	0.0020	0.0371	0.0317	0.0053	0.2593	0.1982	0.0611	0.1476	0.1363	0.0113	0.1117	0.0618	0.0498	0.0000	0.0000	0.0000	0.0000	0.0000	0.0000	0.0000	0.0000	0.0000	0.0079	0.0019	0.0274	0.0134	0.0027	0.1427	0.0007	0.0002	0.0013	
107	130	0.3461	4	0	0	0	0	0	0	0	0	N	N	N	N	N	N	N	N	N	N	N	N	0.0073	0.0059	0.0165	0.0211	0.0125	0.2513	0.0003	0.0032	0.0005	0.0032	0.0021	0.0102	0.0106	0.0065	0.0853	0.0001	0.0001	0.0003	0.4345	0.3581	0.6171	0.4992	0.5196	0.3393	0.3601	0.0258	0.6887	0.7160	0.7213	-0.0000	-0.0123	3.9049	5.5514	9.6098	9.9598	0.0006	0.0003	0.0002	0.0006	0.0003	0.0002	0.0000	0.0000	0.0000	0.3133	0.1820	0.1313	0.1926	0.1778	0.0148	0.1208	0.0043	0.1165	0.1860	0.1619	0.0242	0.0543	0.0515	0.0028	0.1317	0.1103	0.0214	0.7211	0.5083	0.2128	0.3857	0.3421	0.0436	0.3354	0.1662	0.1692	0.0073	0.0059	0.0165	0.0211	0.0125	0.2513	0.0003	0.0032	0.0005	0.4345	0.3581	0.6171	0.4992	0.5196	0.3393	0.3601	0.0258	0.6887
107	131	0.3157	3	0	0	0	0	0	0	0	0	N	N	N	N	N	N	N	N	N	N	N	N	0.0039	0.0019	0.0158	0.0042	0.0024	0.1142	0.0045	0.0048	0.0121	0.0047	0.0022	0.0212	0.0061	0.0038	0.0501	0.0043	0.0017	0.0186	1.2012	1.1374	1.3401	1.4364	1.5636	0.4386	0.9640	0.3476	1.5387	1.4574	0.5405	0.0002	-0.0970	3.9049	9.1969	9.6098	13.4651	0.0013	0.0005	0.0008	0.0004	0.0002	0.0001	0.0009	0.0003	0.0006	0.9020	0.5855	0.3165	0.5415	0.5228	0.0187	0.3605	0.0627	0.2978	0.2706	0.2351	0.0355	0.0600	0.0571	0.0029	0.2106	0.1781	0.0326	0.7510	0.5148	0.2362	0.3770	0.3344	0.0426	0.3739	0.1804	0.1935	0.0039	0.0019	0.0158	0.0042	0.0024	0.1142	0.0045	0.0048	0.0121	1.2012	1.1374	1.3401	1.4364	1.5636	0.4386	0.9640	0.3476	1.5387
107	132	0.1292	5	1	1	0	1	0	0	0	0	N	N	N	N	N	N	N	N	N	N	N	N	0.0000	0.0000	0.0000	0.0000	0.0000	0.0000	0.0000	0.0000	0.0000	0.0000	0.0000	0.0000	0.0000	0.0000	0.0000	0.0000	0.0000	0.0713	0.0002	0.1632	0.0000	0.0000	0.0000	0.0843	0.0003	0.1687	540.1096	0.0000	0.0029	3.9049	1.0000	9.6098	3.0001	0.0000	0.0000	0.0000	0.0000	0.0000	0.0000	0.0000	0.0000	0.0000	0.0054	0.0000	0.0054	0.0000	0.0000	0.0000	0.0054	0.0000	0.0054	0.0249	0.0211	0.0038	0.0016	0.0015	0.0001	0.0233	0.0196	0.0037	0.0762	0.0430	0.0332	0.0118	0.0107	0.0011	0.0644	0.0323	0.0321	0.0000	0.0000	0.0000	0.0000	0.0000	0.0000	0.0000	0.0000	0.0000	0.0713	0.0002	0.1632	0.0000	0.0000	0.0000	0.0843	0.0003	0.1687		
107	133	0.5281	9	1	1	0	1	0	0	0	0	N	N	N	N	N	N	N	N	N	N	N	N	0.0000	0.0000	0.0000	0.0000	0.0000	0.0000	0.0000	0.0000	0.0000	0.0000	0.0000	0.0000	0.0000	0.0000	0.0000	0.0000	0.0000	0.3165	0.4693	0.0001	0.6267	0.7317	0.0000	0.0029	0.0058	0.0001	0.0001	0.0000	-0.0050	3.9049	0.0006	9.6098	1.9797	0.0000	0.0000	0.0000	0.0000	0.0000	0.0000	0.0000	0.0000	0.0000	0.0108	0.0108	0.0000	0.0108	0.0108	0.0000	0.0000	0.0000	0.0000	0.0000	0.0000	0.0000	0.0000	0.0000	0.0000	0.0000	0.0000	0.0000	0.0341	0.0230	0.0111	0.0172	0.0147	0.0025	0.0170	0.0083	0.0087	0.0000	0.0000	0.0000	0.0000	0.0000	0.0000	0.0000	0.0000	0.0000	0.3165	0.4693	0.0001	0.6267	0.7317	0.0000	0.0029	0.0058	0.0001		
107	134	0.5114	8	1	1	0	1	0	0	0	0	N	N	N	N	N	N	N	N	N	N	N	N	0.0000	0.0000	0.0000	0.0000	0.0000	0.0000	0.0000	0.0000	0.0000	0.0000	0.0000	0.0000	0.0000	0.0000	0.0000	0.0000	0.0000	0.0000	0.0900	0.1135	0.0433	0.0045	0.0053	0.0000	0.1734	0.2944	0.0563	0.1915	0.0000	-0.0033	3.9049	2.0077	9.6098	6.0321	0.0000	0.0000	0.0000	0.0000	0.0000	0.0000	0.0000	0.0000	0.0000	0.0113	0.0094	0.0018	0.0003	0.0003	0.0000	0.0110	0.0092	0.0018	0.0482	0.0414	0.0068	0.0117	0.0108	0.0010	0.0364	0.0306	0.0058	0.1250	0.0832	0.0418	0.0617	0.0521	0.0096	0.0633	0.0311	0.0321	0.0000	0.0000	0.0000	0.0000	0.0000	0.0000	0.0000	0.0000	0.0000	0.0900	0.1135	0.0433	0.0045	0.0053	0.0000	0.1734	0.2944	0.0563	
107	135	0.5066	8	0	1	0	1	0	0	0	0	N	N	N	N	N	N	N	N	N	N	N	N	16.4110	19.4536	0.3046	1552.1698	2791.9738	16.3053	0.0019	0.0000	0.0177	0.4030	0.4715	0.0077	1.7399	1.8789	0.0600	0.0001	0.0000	0.0006	0.0246	0.0242	0.0252	0.0011	0.0007	0.0037	0.0492	0.0665	0.0320	0.0028	0.4913	-0.0132	-0.0007	3.9049	3.0348	9.6098	9.3583	0.0302	0.0301	0.0001	0.0302	0.0301	0.0001	0.0000	0.0000	0.0000	0.0055	0.0037	0.0018	0.0001	0.0001	0.0001	0.0054	0.0036	0.0017	0.0750	0.0639	0.0111	0.0174	0.0160	0.0013	0.0576	0.0479	0.0097	0.2235	0.1518	0.0716	0.1146	0.0975	0.0171	0.1089	0.0543	0.0546	16.4110	19.4536	0.3046	1552.1698	2791.9738	16.3053	0.0019	0.0000	0.0177	0.0246	0.0242	0.0252	0.0011	0.0007	0.0037	0.0492	0.0665	0.0320
107	136	0.4923	7	0	0	0	1	0	0	0	0	N	N	N	N	N	N	N	N	N	N	N	N	1.8866	8.3830	2.4979	90.4660	101.5187	0.9301	1.9025	1.0537	2.5939	24.2594	0.1012	155.1595	0.2552	0.2712	0.0034	33.0583	0.0287	172.9491	12.8585	0.0121	62.1157	0.0028	0.0027	0.0036	17.3762	0.0273	66.6752	283.0916	1104.4178	0.0168	0.5210	3.9049	0.0433	9.6098	6.6805	0.0302	0.0001	0.0301	0.0001	0.0001	0.0000	0.0301	0.0000	0.0301	0.9635	0.0009	0.9626	0.0001	0.0001	0.0000	0.9633	0.0008	0.9626	0.0012	0.0011	0.0002	0.0003	0.0003	0.0000	0.0009	0.0007	0.0002	0.1089	0.0722	0.0367	0.0530	0.0446	0.0084	0.0559	0.0276	0.0283	2.7416	8.3830	5.9079	90.4660	101.5187	0.9301	1.9181	1.0537	5.0829	8.8485	0.0121	26.2632	0.0028	0.0027	0.0036	17.2347	0.0273	34.0256
107	137	0.1589	7	0	1	0	1	0	0	0	0	N	N	N	N	N	N	N	N	N	N	N	N	0.0000	0.0000	0.0000	0.0000	0.0000	0.0000	0.0000	0.0000	0.0000	0.0000	0.0000	0.0000	0.0000	0.0000	0.0000	0.0000	0.0000	0.0000	0.0000	0.0000	3.9049	0.0000	9.6098	0.0000	0.0000	0.0000	0.0000	0.0000	0.0000	0.0000	0.0000	0.0000	0.0000	0.0000	0.0000	0.0000	0.0000	0.0000	0.0000	0.0000	0.0000	0.0000	0.0000	0.0000	0.0000	0.0000	0.0000	0.0000	0.0000	0.0000	0.0000	0.0000	0.0000	0.0000	0.0000	0.0000	0.0000	0.0000	0.0000	0.0000	0.0000	0.0000	0.0000	0.0000	0.0000	0.0000	0.0000	0.0000	0.0000	0.0000	0.0000	0.0000	0.0000	0.0000	0.0000	0.0000	0.0000	0.0000											
107	138	0.1538	6	0	1	0	1	0	0	0	0	N	N	N	N	N	N	N	N	N	N	N	N	0.0000	0.0000	0.0000	0.0000	0.0000	0.0000	0.0000	0.0000	0.0000	0.0000	0.0000	0.0000	0.0000	0.0000	0.0000	0.0000	0.0000	0.0000	0.0000	0.0000	0.0000	0.0000	inf	0.0000	0.0000	3.9049	0.0021	9.6098	2.0000	0.0000	0.0000	0.0000	0.0000	0.0000	0.0000	0.0000	0.0000	0.0000	0.0000	0.0000	0.0000	0.0000	0.0000	0.0000	0.0000	0.0000	0.0000	0.0001	0.0001	0.0000	0.0000	0.0000	0.0000	0.0001	0.0000	0.0000	0.0376	0.0216	0.0161	0.0068	0.0062	0.0006	0.0308	0.0154	0.0154	0.0000	0.0000	0.0000	0.0000	0.0000	0.0000	0.0000	0.0000	0.0000	0.0000	0.0000	0.0000	0.0000	0.0000	0.0000	0.0000	0.0000	0.0000						
107	139	0.1436	5	0	0	0	1	0	0	0	0	N	N	N	N	N	N	N	N	N	N	N	N	0.0000	0.0000	0.0000	0.0000	0.0000	0.0000	0.0000	0.0000	0.0000	0.0000	0.0000	0.0000	0.0000	0.0000	0.0000	0.0000	0.0000	0.0026	0.0000	0.0061	0.0000	0.0000	0.0000	0.0032	0.0000	0.0063	1466.1424	0.0000	0.0001	3.9049	1.0020	9.6098	3.0181	0.0000	0.0000	0.0000	0.0000	0.0000	0.0000	0.0000	0.0000	0.0000	0.0002	0.0000	0.0002	0.0000	0.0000	0.0000	0.0002	0.0000	0.0002	0.0250	0.0212	0.0038	0.0017	0.0016	0.0001	0.0233	0.0196	0.0037	0.0764	0.0435	0.0329	0.0133	0.0120	0.0013	0.0631	0.0314	0.0317	0.0000	0.0000	0.0000	0.0000	0.0000	0.0000	0.0000	0.0000	0.0000	0.0026	0.0000	0.0061	0.0000	0.0000	0.0000	0.0032	0.0000	0.0063		
107	140	0.1292	5	0	1	0	0	0	0	0	0	N	N	N	N	N	N	N	N	N	N	N	N	0.0000	0.0000	0.0000	0.0000	0.0000	0.0000	0.0000	0.0000	0.0000	0.0000	0.0000	0.0000	0.0000	0.0000	0.0000	0.0000	0.0000	0.0049	0.0026	0.0078	0.0000	0.0000	0.0000	0.0057	0.0034	0.0081	2.3629	0.0000	0.0001	3.9049	0.0000	9.6098	4.0001	0.0000	0.0000	0.0000	0.0000	0.0000	0.0000	0.0000	0.0000	0.0000	0.0004	0.0001	0.0003	0.0000	0.0000	0.0000	0.0004	0.0001	0.0003	0.0000	0.0000	0.0000	0.0000	0.0000	0.0000	0.0000	0.0000	0.0000	0.0762	0.0430	0.0332	0.0118	0.0107	0.0011	0.0644	0.0323	0.0321	0.0000	0.0000	0.0000	0.0000	0.0000	0.0000	0.0000	0.0000	0.0000	0.0049	0.0026	0.0078	0.0000	0.0000	0.0000	0.0057	0.0034	0.0081		
107	141	0.5069	7	0	1	0	0	0	0	0	0	N	N	N	N	N	N	N	N	N	N	N	N	0.0000	0.0000	0.0000	0.0000	0.0000	0.0000	0.0000	0.0000	0.0000	0.0000	0.0000	0.0000	0.0000	0.0000	0.0000	0.0000	0.0000	0.0000	0.6136	0.8954	0.0507	0.0005	0.0005	0.0005	1.2132	2.4015	0.0656	0.0283	0.0000	-0.0252	3.9049	1.0003	9.6098	5.0186	0.0000	0.0000	0.0000	0.0000	0.0000	0.0000	0.0000	0.0000	0.0000	0.0585	0.0569	0.0016	0.0000	0.0000	0.0000	0.0585	0.0569	0.0016	0.0240	0.0206	0.0034	0.0058	0.0054	0.0005	0.0182	0.0153	0.0029	0.0953	0.0635	0.0318	0.0471	0.0399	0.0073	0.0482	0.0237	0.0245	0.0000	0.0000	0.0000	0.0000	0.0000	0.0000	0.0000	0.0000	0.0000	0.6136	0.8954	0.0507	0.0005	0.0005	0.0005	1.2132	2.4015	0.0656	
107	142	0.1436	5	0	0	1	1	0	0	0	0	N	N	N	N	N	N	N	N	N	N	N	N	0.0000	0.0000	0.0000	0.0000	0.0000	0.0000	0.0000	0.0000	0.0000	0.0000	0.0000	0.0000	0.0000	0.0000	0.0000	0.0000	0.0000	0.0233	0.0145	0.0350	0.0441	0.0487	0.0000	0.0189	0.0014	0.0364	1.8273	0.0000	0.0007	3.9049	0.0001	9.6098	9.0026	0.0000	0.0000	0.0000	0.0000	0.0000	0.0000	0.0000	0.0000	0.0000	0.0039	0.0014	0.0025	0.0013	0.0013	0.0000	0.0026	0.0001	0.0025	0.0000	0.0000	0.0000	0.0000	0.0000	0.0000	0.0000	0.0000	0.0000	0.1674	0.0953	0.0720	0.0290	0.0263	0.0028	0.1383	0.0691	0.0693	0.0000	0.0000	0.0000	0.0000	0.0000	0.0000	0.0000	0.0000	0.0000	0.0233	0.0145	0.0350	0.0441	0.0487	0.0000	0.0189	0.0014	0.0364		
107	143	0.4923	7	0	0	1	1	0	0	0	0	N	N	N	N	N	N	N	N	N	N	N	N	0.0000	0.0000	0.0000	0.0000	0.0000	0.0000	0.0000	0.0000	0.0000	0.0000	0.0000	0.0000	0.0000	0.0000	0.0000	0.0000	0.0000	0.0000	0.4082	0.5930	0.0460	0.0755	0.0898	0.0000	0.7223	1.4025	0.0597	0.0396	-0.0000	-0.0274	3.9049	2.0061	9.6098	8.0425	0.0000	0.0000	0.0000	0.0000	0.0000	0.0000	0.0000	0.0000	0.0000	0.0651	0.0626	0.0025	0.0058	0.0058	0.0000	0.0593	0.0568	0.0025	0.0478	0.0409	0.0069	0.0105	0.0096	0.0009	0.0373	0.0312	0.0060	0.1595	0.1056	0.0539	0.0774	0.0651	0.0123	0.0820	0.0405	0.0416	0.0000	0.0000	0.0000	0.0000	0.0000	0.0000	0.0000	0.0000	0.0000	0.4082	0.5930	0.0460	0.0755	0.0898	0.0000	0.7223	1.4025	0.0597	
107	144	0.4832	6	0	0	0	1	0	0	0	0	N	N	N	N	N	N	N	N	N	N	N	N	0.0031	0.0520	0.0000	0.0554	0.1717	0.0000	0.0000	0.0000	0.0000	0.0002	0.0002	0.0000	0.0007	0.0008	0.0000	0.0000	0.0000	0.0000	0.0647	0.0045	0.2150	0.0127	0.0046	0.0789	0.1154	0.0043	0.2466	0.0000	19.3316	-0.0000	0.0032	3.9049	1.9550	9.6098	2.1189	0.0000	0.0000	0.0000	0.0000	0.0000	0.0000	0.0000	0.0000	0.0000	0.0066	0.0003	0.0062	0.0006	0.0002	0.0004	0.0059	0.0001	0.0058	0.0503	0.0430	0.0074	0.0142	0.0127	0.0015	0.0362	0.0303	0.0059	0.1015	0.0725	0.0290	0.0501	0.0446	0.0055	0.0514	0.0278	0.0236	0.0031	0.0520	0.0000	0.0554	0.1717	0.0000	0.0000	0.0000	0.0000	0.0647	0.0045	0.2150	0.0127	0.0046	0.0789	0.1154	0.0043	0.2466
107	145	0.4832	6	0	0	1	1	0	0	0	0	N	N	N	N	N	N	N	N	N	N	N	N	0.0000	0.0000	0.0003	0.0000	0.0000	0.0000	0.0000	0.0000	0.0004	0.0000	0.0000	0.0000	0.0000	0.0000	0.0000	0.0000	0.0000	0.0000	1.5825	2.3402	0.0169	2.1027	2.4586	0.0189	1.1010	2.1557	0.0163	inf	0.0035	0.0000	-0.2482	3.9049	2.1261	9.6098	18.6477	0.0000	0.0000	0.0000	0.0000	0.0000	0.0000	0.0000	0.0000	0.0000	0.5457	0.5438	0.0019	0.3485	0.3481	0.0005	0.1972	0.1957	0.0014	0.0544	0.0464	0.0079	0.0151	0.0136	0.0015	0.0392	0.0328	0.0064	0.3448	0.2324	0.1125	0.1657	0.1416	0.0242	0.1791	0.0908	0.0883	0.0000	0.0000	0.0003	0.0000	0.0000	0.0000	0.0000	0.0000	0.0004	1.5825	2.3402	0.0169	2.1027	2.4586	0.0189	1.1010	2.1557	0.0163
107	146	0.1436	5	0	0	1	1	0	0	0	0	N	N	N	N	N	N	N	N	N	N	N	N	0.0000	0.0000	0.0000	0.0000	0.0000	0.0000	0.0000	0.0000	0.0000	0.0000	0.0000	0.0000	0.0000	0.0000	0.0000	0.0000	0.0000	0.0228	0.0399	0.0002	0.0000	0.0000	0.0000	0.0276	0.0551	0.0002	0.0033	0.0000	-0.0015	3.9049	2.0001	9.6098	5.9880	0.0000	0.0000	0.0000	0.0000	0.0000	0.0000	0.0000	0.0000	0.0000	0.0034	0.0034	0.0000	0.0000	0.0000	0.0000	0.0034	0.0034	0.0000	0.0496	0.0420	0.0076	0.0033	0.0031	0.0002	0.0463	0.0390	0.0073	0.1492	0.0849	0.0642	0.0259	0.0234	0.0025	0.1233	0.0615	0.0618	0.0000	0.0000	0.0000	0.0000	0.0000	0.0000	0.0000	0.0000	0.0000	0.0228	0.0399	0.0002	0.0000	0.0000	0.0000	0.0276	0.0551	0.0002		
107	147	0.1436	5	0	0	1	1	0	0	0	0	N	N	N	N	N	N	N	N	N	N	N	N	0.0000	0.0002	0.0000	0.0000	0.0000	0.0000	0.0000	0.0002	0.0000	0.0000	0.0001	0.0000	0.0000	0.0000	0.0000	0.0000	0.0001	0.0000	3.6275	0.2799	11.5164	23.6137	0.0598	568.9759	2.2459	0.3618	4.1612	0.0000	21.6301	-0.0000	0.9763	3.9049	9.0001	9.6098	23.0169	0.0000	0.0000	0.0000	0.0000	0.0000	0.0000	0.0000	0.0000	0.0000	1.9627	0.0867	1.8759	0.9566	0.0050	0.9516	1.0060	0.0817	0.9243	0.2161	0.1835	0.0326	0.0144	0.0134	0.0010	0.2017	0.1701	0.0316	0.5410	0.3098	0.2312	0.0931	0.0840	0.0091	0.4479	0.2258	0.2221	0.0000	0.0002	0.0000	0.0000	0.0000	0.0000	0.0000	0.0002	0.0000	3.6275	0.2799	8.1134	10.2757	0.0598	104.8109	2.2459	0.3618	4.1612
107	148	0.1182	4	0	0	0	1	0	0	0	0	N	N	N	N	N	N	N	N	N	N	N	N	0.6110	0.0002	3.1766	0.0036	0.0039	0.0000	0.5800	0.0001	3.1983	0.0314	0.0000	0.2047	0.0001	0.0001	0.0000	0.0336	0.0000	0.2108	0.0514	0.0415	0.0644	0.0239	0.0239	0.0236	0.0579	0.0495	0.0659	3896.6193	1.1723	0.0009	0.0009	3.9049	1.9990	9.6098	7.9526	0.0016	0.0000	0.0016	0.0000	0.0000	0.0000	0.0016	0.0000	0.0016	0.0107	0.0049	0.0058	0.0010	0.0009	0.0001	0.0098	0.0040	0.0057	0.0499	0.0422	0.0076	0.0033	0.0031	0.0002	0.0466	0.0391	0.0074	0.2088	0.1190	0.0898	0.0403	0.0372	0.0031	0.1685	0.0818	0.0867	0.6110	0.0002	3.1766	0.0036	0.0039	0.0000	0.5800	0.0001	3.1983	0.0514	0.0415	0.0644	0.0239	0.0239	0.0236	0.0579	0.0495	0.0659
107	149	0.0863	3	1	1	0	0	0	0	0	0	N	N	N	N	N	N	N	N	N	N	N	N	0.0817	0.0606	0.0009	3.6043	3.5069	0.0000	0.0000	0.0000	0.0009	0.0181	0.0214	0.0000	0.1694	0.1726	0.0000	0.0000	0.0000	0.0000	0.2221	0.3529	0.0241	0.0470	0.0492	0.0015	0.2674	0.4996	0.0246	0.0002	0.0451	-0.0012	-0.0473	3.9049	5.3497	9.6098	17.2225	0.0028	0.0028	0.0000	0.0028	0.0028	0.0000	0.0000	0.0000	0.0000	0.1140	0.1091	0.0049	0.0050	0.0050	0.0000	0.1091	0.1042	0.0049	0.1554	0.1316	0.0238	0.0166	0.0163	0.0003	0.1388	0.1153	0.0234	0.5135	0.3092	0.2044	0.1056	0.1007	0.0049	0.4080	0.2085	0.1995	0.0817	0.0606	0.0009	3.6043	3.5069	0.0000	0.0000	0.0000	0.0009	0.2221	0.3529	0.0241	0.0470	0.0492	0.0015	0.2674	0.4996	0.0246
107	150	0.1171	4	0	1	0	0	0	0	0	0	N	N	N	N	N	N	N	N	N	N	N	N	0.0188	0.0138	0.0025	0.0184	0.0176	0.0024	0.1423	0.1024	0.0025	0.0232	0.0268	0.0000	0.0807	0.0830	0.0001	0.0052	0.0062	0.0000	1.2334	1.9422	0.0108	4.3982	4.7132	0.0231	0.0362	0.0604	0.0101	0.0002	0.0032	-0.0015	-0.2975	3.9049	3.6794	9.6098	17.4287	0.0034	0.0034	0.0000	0.0028	0.0028	0.0000	0.0006	0.0006	0.0000	0.6536	0.6515	0.0021	0.6397	0.6395	0.0002	0.0139	0.0121	0.0019	0.1451	0.1257	0.0194	0.0347	0.0337	0.0010	0.1105	0.0920	0.0184	0.5299	0.3355	0.1945	0.1454	0.1357	0.0098	0.3845	0.1998	0.1847	0.0188	0.0138	0.0025	0.0184	0.0176	0.0024	0.1423	0.1024	0.0025	1.2334	1.9422	0.0108	4.3982	4.7132	0.0231	0.0362	0.0604	0.0101
107	151	0.0863	3	0	1	0	0	0	0	0	0	N	N	N	N	N	N	N	N	N	N	N	N	7.4156	6.2111	0.3567	0.0427	0.0423	0.0000	37.2504	70.6499	0.3853	9.1126	10.7184	0.1493	0.1829	0.1853	0.0000	10.5610	12.7606	0.1511	1.2288	1.7257	0.4184	4.2781	4.3834	1.5330	0.2835	0.1806	0.3922	0.0025	0.1486	-0.4401	-0.1446	3.9049	3.4464	9.6098	10.1316	1.0034	1.0009	0.0025	0.0028	0.0028	0.0000	1.0005	0.9980	0.0025	0.4395	0.3826	0.0569	0.3621	0.3573	0.0048	0.0774	0.0253	0.0521	0.1101	0.0934	0.0167	0.0154	0.0152	0.0002	0.0947	0.0782	0.0165	0.3577	0.2217	0.1359	0.0846	0.0815	0.0031	0.2730	0.1402	0.1328	7.4156	6.2111	0.3567	0.0427	0.0423	0.0000	37.2504	70.6499	0.3853	1.2288	1.7257	0.4184	4.2781	4.3834	1.5330	0.2835	0.1806	0.3922
107	152	0.5137	9	1	1	0	0	0	0	0	0	N	N	N	N	N	N	N	N	N	N	N	N	0.0000	0.0000	0.0000	0.0000	0.0000	0.0000	0.0000	0.0000	0.0000	0.0000	0.0000	0.0000	0.0000	0.0000	0.0000	0.0000	0.0000	0.0000	0.3431	0.5117	0.0075	0.6966	0.8221	0.0197	0.0021	0.0002	0.0039	0.0074	0.0000	-0.0307	3.9049	1.0143	9.6098	12.0086	0.0000	0.0000	0.0000	0.0000	0.0000	0.0000	0.0000	0.0000	0.0000	0.0680	0.0675	0.0005	0.0678	0.0675	0.0003	0.0002	0.0000	0.0002	0.0249	0.0214	0.0035	0.0062	0.0057	0.0005	0.0186	0.0156	0.0030	0.1983	0.1320	0.0663	0.0974	0.0821	0.0152	0.1009	0.0498	0.0511	0.0000	0.0000	0.0000	0.0000	0.0000	0.0000	0.0000	0.0000	0.0000	0.3431	0.5117	0.0075	0.6966	0.8221	0.0197	0.0021	0.0002	0.0039	
107	153	0.5114	8	1	1	0	0	0	0	0	0	N	N	N	N	N	N	N	N	N	N	N	N	0.0000	0.0000	0.0000	0.0000	0.0000	0.0000	0.0000	0.0000	0.0000	0.0000	0.0000	0.0000	0.0000	0.0000	0.0000	0.0000	0.0000	0.0000	0.0023	0.0034	0.0001	0.0042	0.0050	0.0001	0.0004	0.0007	0.0001	0.0160	0.0000	-0.0000	3.9049	0.9811	9.6098	0.0216	0.0000	0.0000	0.0000	0.0000	0.0000	0.0000	0.0000	0.0000	0.0000	0.0000	0.0000	0.0000	0.0000	0.0000	0.0000	0.0000	0.0000	0.0000	0.0238	0.0204	0.0034	0.0058	0.0053	0.0005	0.0179	0.0150	0.0029	0.0162	0.0108	0.0054	0.0081	0.0068	0.0012	0.0082	0.0040	0.0042	0.0000	0.0000	0.0000	0.0000	0.0000	0.0000	0.0000	0.0000	0.0000	0.0023	0.0034	0.0001	0.0042	0.0050	0.0001	0.0004	0.0007	0.0001	
107	154	0.5069	7	1	1	0	0	0	0	0	0	N	N	N	N	N	N	N	N	N	N	N	N	0.0000	0.0000	0.0000	0.0000	0.0000	0.0000	0.0000	0.0000	0.0000	0.0000	0.0000	0.0000	0.0000	0.0000	0.0000	0.0000	0.0000	0.0000	0.0035	0.0045	0.0014	0.0052	0.0059	0.0015	0.0018	0.0021	0.0014	0.1589	0.0000	-0.0000	3.9049	0.0083	9.6098	2.0001	0.0000	0.0000	0.0000	0.0000	0.0000	0.0000	0.0000	0.0000	0.0000	0.0001	0.0001	0.0000	0.0001	0.0001	0.0000	0.0000	0.0000	0.0000	0.0002	0.0002	0.0000	0.0001	0.0001	0.0000	0.0002	0.0001	0.0000	0.0331	0.0221	0.0110	0.0164	0.0140	0.0025	0.0167	0.0082	0.0085	0.0000	0.0000	0.0000	0.0000	0.0000	0.0000	0.0000	0.0000	0.0000	0.0035	0.0045	0.0014	0.0052	0.0059	0.0015	0.0018	0.0021	0.0014	
107	155	0.4832	6	0	1	0	0	0	0	0	0	N	N	N	N	N	N	N	N	N	N	N	N	0.0000	0.0000	0.0000	0.0000	0.0000	0.0000	0.0000	0.0000	0.0000	0.0000	0.0000	0.0000	0.0000	0.0000	0.0000	0.0000	0.0000	0.0000	0.0624	0.0209	0.1532	0.0094	0.0056	0.0338	0.1126	0.0453	0.1845	inf	3.3408	0.0000	0.0038	3.9049	2.9180	9.6098	7.4065	0.0000	0.0000	0.0000	0.0000	0.0000	0.0000	0.0000	0.0000	0.0000	0.0123	0.0028	0.0094	0.0009	0.0005	0.0004	0.0114	0.0024	0.0090	0.0729	0.0624	0.0105	0.0195	0.0176	0.0019	0.0534	0.0448	0.0086	0.1964	0.1348	0.0616	0.0955	0.0827	0.0128	0.1009	0.0521	0.0488	0.0000	0.0000	0.0000	0.0000	0.0000	0.0000	0.0000	0.0000	0.0000	0.0624	0.0209	0.1532	0.0094	0.0056	0.0338	0.1126	0.0453	0.1845
107	156	0.4174	5	0	0	0	0	0	0	0	0	N	N	N	N	N	N	N	N	N	N	N	N	3.2538	0.0712	11.8159	7.1280	0.2334	189.1986	2.2211	0.0017	8.9728	1.4774	0.0126	11.9114	1.0169	0.0351	17.1088	1.7017	0.0004	10.9724	0.4540	0.1769	1.0081	0.1427	0.1502	0.0904	0.7661	0.2278	1.2228	132.6938	2.8511	0.2354	0.0786	3.9049	8.2479	9.6098	19.7214	0.4270	0.0032	0.4238	0.0963	0.0031	0.0931	0.3307	0.0001	0.3306	0.2788	0.0724	0.2064	0.0438	0.0403	0.0035	0.2349	0.0321	0.2029	0.2890	0.2534	0.0356	0.0947	0.0892	0.0054	0.1943	0.1642	0.0301	0.6140	0.4092	0.2047	0.3073	0.2685	0.0388	0.3066	0.1407	0.1659	3.2538	0.0712	11.8159	7.1280	0.2334	189.1986	2.2211	0.0017	8.9728	0.4540	0.1769	1.0081	0.1427	0.1502	0.0904	0.7661	0.2278	1.2228
107	157	0.3812	4	0	0	0	0	0	0	0	0	N	N	N	N	N	N	N	N	N	N	N	N	4.5866	0.8941	21.8431	0.1456	0.0683	1.3481	5.8965	1.9188	22.5808	3.0887	0.5073	19.4723	0.0949	0.0457	0.7308	4.1141	0.6816	22.3894	0.6734	0.5674	0.8915	0.6517	0.6692	0.5421	0.6977	0.3552	0.9915	6.0477	0.7638	0.2800	-0.0103	3.9049	7.4725	9.6098	14.3153	0.6714	0.0953	0.5761	0.0053	0.0024	0.0029	0.6661	0.0929	0.5732	0.4067	0.2306	0.1761	0.2076	0.1838	0.0238	0.1991	0.0468	0.1523	0.2174	0.1878	0.0296	0.0555	0.0515	0.0040	0.1619	0.1363	0.0256	0.6039	0.4063	0.1975	0.3186	0.2746	0.0440	0.2853	0.1317	0.1536	4.5866	0.8941	21.8431	0.1456	0.0683	1.3481	5.8965	1.9188	22.5808	0.6734	0.5674	0.8915	0.6517	0.6692	0.5421	0.6977	0.3552	0.9915
107	158	0.3157	3	0	0	0	0	0	0	0	0	N	N	N	N	N	N	N	N	N	N	N	N	0.0670	0.0766	0.0391	0.2332	0.2240	0.1777	0.0155	0.0257	0.0318	0.0515	0.0540	0.0353	0.2130	0.2211	0.0680	0.0098	0.0057	0.0325	0.7690	0.7051	0.9036	0.9136	0.9869	0.3827	0.6312	0.2212	1.0210	0.1005	0.6077	-0.0058	-0.0530	3.9049	11.6653	9.6098	19.4910	0.0167	0.0151	0.0015	0.0141	0.0139	0.0002	0.0025	0.0012	0.0013	0.6591	0.4100	0.2491	0.3821	0.3627	0.0194	0.2771	0.0473	0.2297	0.3234	0.2803	0.0431	0.0664	0.0629	0.0035	0.2570	0.2174	0.0396	0.8571	0.5814	0.2757	0.4182	0.3675	0.0507	0.4389	0.2139	0.2250	0.0670	0.0766	0.0391	0.2332	0.2240	0.1777	0.0155	0.0257	0.0318	0.7690	0.7051	0.9036	0.9136	0.9869	0.3827	0.6312	0.2212	1.0210
107	159	0.2685	2	0	0	0	0	0	0	0	0	N	N	N	N	N	N	N	N	N	N	N	N	0.0835	0.0765	0.1492	0.2331	0.1757	3.3479	0.0384	0.0766	0.0669	0.0824	0.0676	0.1799	0.2625	0.2147	1.2968	0.0327	0.0216	0.0925	0.9868	0.8841	1.2054	1.1260	1.2221	0.3874	0.8518	0.2825	1.3818	0.4038	0.6404	-0.0029	-0.0600	3.9049	7.3933	9.6098	20.5306	0.0187	0.0133	0.0054	0.0129	0.0101	0.0028	0.0058	0.0032	0.0026	0.8828	0.5382	0.3447	0.4960	0.4763	0.0196	0.3869	0.0619	0.3250	0.2266	0.1968	0.0299	0.0490	0.0468	0.0022	0.1776	0.1499	0.0277	0.8947	0.6087	0.2859	0.4405	0.3897	0.0507	0.4542	0.2190	0.2352	0.0835	0.0765	0.1492	0.2331	0.1757	3.3479	0.0384	0.0766	0.0669	0.9868	0.8841	1.2054	1.1260	1.2221	0.3874	0.8518	0.2825	1.3818
107	161	0.1368	7	1	1	0	0	0	0	0	0	N	N	N	N	N	N	N	N	N	N	N	N	0.0000	0.0000	0.0000	0.0000	0.0000	0.0000	0.0000	0.0000	0.0000	0.0000	0.0000	0.0000	0.0000	0.0000	0.0000	0.0000	0.0000	0.0000	0.0409	0.0042	0.0897	0.0002	0.0002	0.0000	0.0489	0.0056	0.0928	16.0214	0.0000	0.0012	3.9049	0.0002	9.6098	3.0099	0.0000	0.0000	0.0000	0.0000	0.0000	0.0000	0.0000	0.0000	0.0000	0.0024	0.0001	0.0023	0.0000	0.0000	0.0000	0.0024	0.0001	0.0023	0.0000	0.0000	0.0000	0.0000	0.0000	0.0000	0.0000	0.0000	0.0000	0.0588	0.0336	0.0252	0.0096	0.0088	0.0008	0.0492	0.0248	0.0244	0.0000	0.0000	0.0000	0.0000	0.0000	0.0000	0.0000	0.0000	0.0000	0.0409	0.0042	0.0897	0.0002	0.0002	0.0000	0.0489	0.0056	0.0928	
107	162	0.1292	6	1	1	0	0	0	0	0	0	N	N	N	N	N	N	N	N	N	N	N	N	0.0000	0.0000	0.0000	0.0000	0.0000	0.0000	0.0000	0.0000	0.0000	0.0000	0.0000	0.0000	0.0000	0.0000	0.0000	0.0000	0.0000	0.0017	0.0001	0.0038	0.0000	0.0000	0.0000	0.0020	0.0001	0.0040	46.1113	0.0000	0.0001	3.9049	0.9998	9.6098	2.0118	0.0000	0.0000	0.0000	0.0000	0.0000	0.0000	0.0000	0.0000	0.0000	0.0001	0.0000	0.0001	0.0000	0.0000	0.0000	0.0001	0.0000	0.0001	0.0249	0.0211	0.0038	0.0016	0.0015	0.0001	0.0233	0.0196	0.0037	0.0576	0.0325	0.0251	0.0089	0.0081	0.0008	0.0487	0.0244	0.0243	0.0000	0.0000	0.0000	0.0000	0.0000	0.0000	0.0000	0.0000	0.0000	0.0017	0.0001	0.0038	0.0000	0.0000	0.0000	0.0020	0.0001	0.0040		
107	163	0.1292	5	1	1	0	0	0	0	0	0	N	N	N	N	N	N	N	N	N	N	N	N	0.0000	0.0000	0.0000	0.0000	0.0000	0.0000	0.0000	0.0000	0.0000	0.0000	0.0000	0.0000	0.0000	0.0000	0.0000	0.0000	0.0000	0.0062	0.0074	0.0014	0.0050	0.0051	0.0000	0.0069	0.0096	0.0014	0.0493	0.0000	-0.0000	3.9049	0.0000	9.6098	0.0003	0.0000	0.0000	0.0000	0.0000	0.0000	0.0000	0.0000	0.0000	0.0000	0.0000	0.0000	0.0000	0.0000	0.0000	0.0000	0.0000	0.0000	0.0000	0.0000	0.0000	0.0000	0.0000	0.0000	0.0000	0.0000	0.0000	0.0000	0.0000	0.0000	0.0000	0.0000	0.0000	0.0000	0.0000	0.0000	0.0000	0.0000	0.0000	0.0000	0.0000	0.0000	0.0000	0.0000	0.0000	0.0000	0.0062	0.0074	0.0014	0.0050	0.0051	0.0000	0.0069	0.0096	0.0014		
107	164	0.1182	4	0	1	0	0	0	0	0	0	N	N	N	N	N	N	N	N	N	N	N	N	62.5744	0.0455	189.5419	0.0409	0.0414	0.0000	91.6871	0.0447	187.4500	3.1519	0.0010	16.8903	0.0016	0.0016	0.0000	4.9476	0.0005	17.0562	0.0504	0.0218	0.0891	0.0388	0.0386	0.0422	0.0540	0.0115	0.0910	3896.6193	3.0044	0.0009	0.0016	3.9049	0.0063	9.6098	4.3641	0.0016	0.0000	0.0016	0.0000	0.0000	0.0000	0.0016	0.0000	0.0016	0.0054	0.0014	0.0041	0.0010	0.0009	0.0001	0.0044	0.0004	0.0040	0.0005	0.0004	0.0001	0.0002	0.0002	0.0000	0.0003	0.0002	0.0001	0.1078	0.0621	0.0457	0.0255	0.0238	0.0018	0.0822	0.0383	0.0440	62.5744	0.0455	189.5419	0.0409	0.0414	0.0000	91.6871	0.0447	187.4500	0.0504	0.0218	0.0891	0.0388	0.0386	0.0422	0.0540	0.0115	0.0910
107	165	0.0863	3	0	0	0	0	0	0	0	0	N	N	N	N	N	N	N	N	N	N	N	N	8.5458	0.0067	28.2073	0.0142	0.0139	0.0000	9.2964	0.0044	27.8787	10.7550	0.0033	71.2410	0.0120	0.0122	0.0000	12.9235	0.0012	72.0506	1.2585	0.4927	2.5256	0.8467	0.8777	0.0043	1.3902	0.2618	2.5844	3823.2679	3.0984	0.5275	0.1270	3.9049	2.5207	9.6098	10.0226	0.9442	0.0002	0.9440	0.0002	0.0002	0.0000	0.9440	0.0001	0.9440	0.4266	0.1041	0.3225	0.0695	0.0695	0.0000	0.3570	0.0346	0.3225	0.0878	0.0745	0.0133	0.0147	0.0146	0.0001	0.0730	0.0599	0.0131	0.3389	0.2113	0.1277	0.0821	0.0792	0.0029	0.2568	0.1321	0.1248	8.5458	0.0067	28.2073	0.0142	0.0139	0.0000	9.2964	0.0044	27.8787	1.2585	0.4927	2.5256	0.8467	0.8777	0.0043	1.3902	0.2618	2.5844
107	166	0.0707	2	0	0	0	0	0	0	0	0	N	N	N	N	N	N	N	N	N	N	N	N	0.0171	0.0221	0.0243	0.4852	0.2829	19.4717	0.0098	0.0000	0.0261	0.0671	0.0134	0.3572	0.2543	0.1490	8.8104	0.0515	0.0000	0.3063	3.9285	0.6074	14.6873	0.5241	0.5268	0.4525	5.2539	0.6757	11.7458	4.9169	9.0705	0.0020	0.4654	3.9049	2.6894	9.6098	4.6619	0.0051	0.0009	0.0042	0.0015	0.0009	0.0006	0.0036	0.0000	0.0036	1.0522	0.1045	0.9477	0.0429	0.0416	0.0013	1.0093	0.0629	0.9464	0.0762	0.0643	0.0119	0.0059	0.0058	0.0001	0.0703	0.0585	0.0118	0.2739	0.1720	0.1019	0.0818	0.0789	0.0029	0.1921	0.0931	0.0990	0.0175	0.0221	0.0384	0.4852	0.2829	19.4717	0.0098	0.0000	0.0320	3.8411	0.6074	9.2988	0.5241	0.5268	0.4525	5.2539	0.6757	9.5594
108	110	0.7003	10	1	1	1	0	0	0	0	0	N	N	N	N	N	N	N	N	N	N	N	N	0.0000	0.0000	0.0000	0.0000	0.0000	0.0000	0.0000	0.0000	0.0000	0.0000	0.0000	0.0000	0.0000	0.0000	0.0000	0.0000	0.0000	0.0000	0.0000	0.0000	8.0392	0.0001	22.6195	0.0001	0.0000	0.0000	0.0000	0.0000	0.0000	0.0000	0.0000	0.0000	0.0000	0.0000	0.0000	0.0000	0.0000	0.0000	0.0000	0.0000	0.0000	0.0000	0.0055	0.0043	0.0012	0.0028	0.0028	0.0000	0.0028	0.0016	0.0012	0.0002	0.0001	0.0001	0.0001	0.0001	0.0000	0.0001	0.0000	0.0001	0.0000	0.0000	0.0000	0.0000	0.0000	0.0000	0.0000	0.0000	0.0000	0.0000	0.0000	0.0000	0.0000	0.0000	0.0000	0.0000	0.0000	0.0000											
108	111	0.6864	9	1	1	1	0	0	0	0	0	N	N	N	N	N	N	N	N	N	N	N	N	0.0000	0.0000	0.0000	0.0000	0.0000	0.0000	0.0000	0.0000	0.0000	0.0000	0.0000	0.0000	0.0000	0.0000	0.0000	0.0000	0.0000	0.0000	0.0005	0.0002	0.0013	0.0005	0.0002	0.0017	0.0006	0.0003	0.0010	2.4733	-0.0000	0.0000	8.0392	1.6718	22.6195	2.9223	0.0000	0.0000	0.0000	0.0000	0.0000	0.0000	0.0000	0.0000	0.0000	0.0001	0.0000	0.0001	0.0001	0.0000	0.0000	0.0000	0.0000	0.0000	0.0940	0.0819	0.0121	0.0283	0.0267	0.0016	0.0657	0.0552	0.0105	0.1956	0.1356	0.0600	0.1210	0.0975	0.0235	0.0746	0.0382	0.0365	0.0000	0.0000	0.0000	0.0000	0.0000	0.0000	0.0000	0.0000	0.0000	0.0005	0.0002	0.0013	0.0005	0.0002	0.0017	0.0006	0.0003	0.0010	
108	112	0.6029	8	1	1	1	0	0	0	0	0	N	N	N	N	N	N	N	N	N	N	N	N	0.0306	0.0412	0.0001	0.0895	0.0827	0.0016	0.0000	0.0000	0.0000	0.0000	0.0000	0.0000	0.0000	0.0000	0.0000	0.0000	0.0000	0.0000	0.0004	0.0003	0.0005	0.0004	0.0005	0.0001	0.0004	0.0001	0.0007	0.0004	0.7236	-0.0000	-0.0000	8.0392	14.0283	22.6195	7.1084	0.0000	0.0000	0.0000	0.0000	0.0000	0.0000	0.0000	0.0000	0.0000	0.0003	0.0002	0.0001	0.0001	0.0001	0.0000	0.0001	0.0000	0.0001	0.7239	0.6348	0.0892	0.2379	0.2228	0.0151	0.4860	0.4120	0.0741	0.6921	0.4752	0.2169	0.3680	0.3022	0.0658	0.3240	0.1729	0.1511	0.0306	0.0412	0.0001	0.0895	0.0827	0.0016	0.0000	0.0000	0.0000	0.0004	0.0003	0.0005	0.0004	0.0005	0.0001	0.0004	0.0001	0.0007
108	113	0.5426	7	0	1	0	0	0	0	0	0	N	N	N	N	N	N	N	N	N	N	N	N	0.0400	0.0305	0.1192	0.3437	0.2595	3.2525	0.0036	0.0026	0.0015	0.0063	0.0058	0.0101	0.0169	0.0141	0.0714	0.0010	0.0012	0.0002	0.1586	0.1911	0.0849	0.0492	0.0543	0.0220	0.2892	0.4591	0.1090	0.2332	0.1958	-0.0010	-0.0378	8.0392	8.6129	22.6195	5.1709	0.0039	0.0031	0.0007	0.0034	0.0027	0.0007	0.0004	0.0004	0.0000	0.1281	0.1072	0.0210	0.0217	0.0202	0.0015	0.1065	0.0870	0.0195	0.6092	0.5371	0.0721	0.2033	0.1932	0.0101	0.4059	0.3438	0.0621	0.8080	0.5609	0.2471	0.4398	0.3714	0.0684	0.3682	0.1895	0.1787	0.0400	0.0305	0.1192	0.3437	0.2595	3.2525	0.0036	0.0026	0.0015	0.1586	0.1911	0.0849	0.0492	0.0543	0.0220	0.2892	0.4591	0.1090
108	114	0.4475	6	0	1	0	0	0	0	0	0	N	N	N	N	N	N	N	N	N	N	N	N	1.4731	4.8774	1.4967	7.3624	0.0762	390.2265	0.7601	26.4447	0.0223	1.7467	1.2916	4.6187	2.5863	0.0302	35.8041	1.4773	1.7377	0.0871	1.1857	0.2648	3.0858	0.3513	0.3959	0.0918	1.9437	0.0657	3.9013	0.5667	5.6478	-0.1250	0.7751	8.0392	16.8607	22.6195	22.7724	1.5743	1.0049	0.5694	0.5662	0.0061	0.5601	1.0081	0.9987	0.0094	1.9814	0.2980	1.6833	0.2794	0.2687	0.0107	1.7020	0.0294	1.6726	0.9013	0.7780	0.1233	0.2189	0.2033	0.0156	0.6824	0.5747	0.1076	1.6710	1.1255	0.5455	0.7954	0.6786	0.1168	0.8757	0.4469	0.4287	1.4731	4.8774	1.4967	7.3624	0.0762	390.2265	0.7601	26.4447	0.0223	1.1857	0.2648	3.0858	0.3513	0.3959	0.0918	1.9437	0.0657	3.9013
108	115	0.1788	5	1	1	1	0	0	0	0	0	N	N	N	N	N	N	N	N	N	N	N	N	0.0000	0.0000	0.0000	0.0000	0.0000	0.0000	0.0000	0.0000	0.0000	0.0000	0.0000	0.0000	0.0000	0.0000	0.0000	0.0000	0.0000	0.0000	0.0005	0.0004	0.0006	0.0009	0.0009	0.0007	0.0003	0.0000	0.0006	0.7287	0.0000	-0.0000	8.0392	1.0009	22.6195	4.0038	0.0000	0.0000	0.0000	0.0000	0.0000	0.0000	0.0000	0.0000	0.0000	0.0002	0.0001	0.0001	0.0001	0.0001	0.0000	0.0001	0.0000	0.0001	0.0582	0.0495	0.0087	0.0071	0.0068	0.0004	0.0511	0.0428	0.0083	0.3719	0.2507	0.1212	0.1295	0.1188	0.0107	0.2424	0.1319	0.1105	0.0000	0.0000	0.0000	0.0000	0.0000	0.0000	0.0000	0.0000	0.0000	0.0005	0.0004	0.0006	0.0009	0.0009	0.0007	0.0003	0.0000	0.0006	
108	116	0.1505	4	1	1	1	0	0	0	0	0	N	N	N	N	N	N	N	N	N	N	N	N	0.0308	0.0244	0.0575	0.0237	0.0235	0.0004	0.0373	0.4951	0.0669	0.0044	0.0043	0.0054	0.0108	0.0118	0.0000	0.0017	0.0008	0.0065	0.1437	0.1742	0.0940	0.4585	0.5008	0.0504	0.0463	0.0016	0.0967	0.2084	0.3319	-0.0002	-0.0184	8.0392	1.8441	22.6195	10.4794	0.0006	0.0005	0.0001	0.0004	0.0004	0.0000	0.0002	0.0001	0.0001	0.0880	0.0661	0.0219	0.0664	0.0657	0.0007	0.0216	0.0004	0.0212	0.1316	0.1130	0.0186	0.0389	0.0358	0.0031	0.0927	0.0772	0.0155	0.6122	0.3791	0.2331	0.1447	0.1311	0.0136	0.4675	0.2480	0.2195	0.0308	0.0244	0.0575	0.0237	0.0235	0.0004	0.0373	0.4951	0.0669	0.1437	0.1742	0.0940	0.4585	0.5008	0.0504	0.0463	0.0016	0.0967
108	117	0.3347	4	0	2	0	1	0	0	0	0	N	Y	N	N	N	N	N	N	N	N	N	N	1.6437	1.3411	1.8227	2.9498	2.7504	0.6559	0.9461	0.7037	2.0645	0.7313	0.8282	0.0947	2.5935	2.7301	0.0431	0.0523	0.0430	0.1006	0.4449	0.6175	0.0520	0.8792	0.9926	0.0658	0.0553	0.0612	0.0487	0.0174	0.0370	-0.2115	-0.3391	8.0392	10.5071	22.6195	20.2622	0.4988	0.4902	0.0085	0.4726	0.4722	0.0004	0.0262	0.0180	0.0081	0.8022	0.7736	0.0286	0.7496	0.7428	0.0069	0.0526	0.0309	0.0217	0.6821	0.5920	0.0901	0.1822	0.1730	0.0093	0.4998	0.4190	0.0808	1.8031	1.2528	0.5503	0.8526	0.7483	0.1043	0.9505	0.5045	0.4460	1.6437	1.3411	1.8227	2.9498	2.7504	0.6559	0.9461	0.7037	2.0645	0.4449	0.6175	0.0520	0.8792	0.9926	0.0658	0.0553	0.0612	0.0487
108	118	0.0986	3	0	2	0	1	0	0	0	0	N	Y	N	N	N	N	N	N	N	N	N	N	0.0013	0.0000	0.0036	0.0007	0.0000	0.0969	0.0012	0.0035	0.0011	0.0000	0.0071	0.0000	0.0000	0.0023	0.0011	0.0000	0.0071	0.8292	0.0111	1.9747	0.0438	0.0450	0.0236	0.9702	0.0000	2.0164	inf	127.4240	0.0001	0.5763	8.0392	4.0036	22.6195	26.5072	0.0002	0.0000	0.0002	0.0000	0.0000	0.0000	0.0002	0.0000	0.0002	1.0795	0.0084	1.0711	0.0087	0.0084	0.0003	1.0709	0.0000	1.0709	0.2075	0.1747	0.0327	0.0056	0.0056	0.0001	0.2018	0.1692	0.0326	1.3019	0.7595	0.5424	0.1981	0.1868	0.0113	1.1037	0.5727	0.5311	0.0013	0.0000	0.0036	0.0007	0.0000	0.0969	0.0012	0.0000	0.0035	0.8292	0.0111	1.9747	0.0438	0.0450	0.0236	0.9702	0.0000	2.0164	
108	119	0.1370	4	0	2	0	0	0	0	0	0	N	Y	N	N	N	N	N	N	N	N	N	N	0.0002	0.0000	0.0006	0.0000	0.0000	0.0005	0.0002	0.0000	0.0007	0.0002	0.0000	0.0014	0.0000	0.0000	0.0000	0.0003	0.0000	0.0017	0.9609	0.1141	2.3323	0.1990	0.2147	0.0128	1.1715	0.0661	2.4388	inf	12.6181	0.0000	0.5231	8.0392	3.8169	22.6195	21.2433	0.0001	0.0000	0.0001	0.0000	0.0000	0.0000	0.0001	0.0000	0.0001	1.1172	0.0820	1.0351	0.0501	0.0499	0.0003	1.0670	0.0322	1.0349	0.2901	0.2470	0.0431	0.0767	0.0690	0.0078	0.2134	0.1781	0.0353	1.1627	0.7188	0.4438	0.2518	0.2324	0.0195	0.9108	0.4865	0.4243	0.0002	0.0000	0.0006	0.0000	0.0000	0.0005	0.0002	0.0000	0.0007	0.9609	0.1141	2.3323	0.1990	0.2147	0.0128	1.1715	0.0661	2.4388
108	120	0.4827	8	0	2	0	0	0	0	0	0	N	Y	N	N	N	N	N	N	N	N	N	N	1.3804	1.5217	1.4969	2.8050	3.0098	1.0834	0.5876	7.3049	1.6600	2.1334	1.9839	3.1183	6.0415	6.2342	2.8236	0.5316	0.0210	3.1602	1.5455	1.3037	2.0831	2.1539	2.0713	2.6062	0.9046	0.0029	1.9037	0.2386	0.7186	-0.5186	-0.1526	8.0392	16.3276	22.6195	34.9199	2.0872	1.6852	0.4021	1.7184	1.6730	0.0454	0.3689	0.0122	0.3567	3.7932	2.2071	1.5861	2.7120	2.2053	0.5067	1.0812	0.0018	1.0794	0.9784	0.8494	0.1289	0.2844	0.2684	0.0161	0.6939	0.5811	0.1129	2.4544	1.6930	0.7614	1.2591	1.0647	0.1944	1.1953	0.6283	0.5670	1.3804	1.5217	1.4969	2.8050	3.0098	1.0834	0.5876	7.3049	1.6600	1.5455	1.3037	2.0831	2.1539	2.0713	2.6062	0.9046	0.0029	1.9037
108	121	0.4653	7	0	2	0	0	0	0	0	0	N	Y	N	N	N	N	N	N	N	N	N	N	6.0360	3.1481	19.3128	5.7700	6.5346	0.2912	9.5830	5.8646	25.5017	3.2759	1.4586	14.2765	4.2299	4.4392	0.3055	2.9222	0.1860	15.7699	0.5427	0.4633	0.7392	0.7331	0.6793	1.0493	0.3049	0.0317	0.6184	1.6169	0.6445	0.2278	-0.0601	8.0392	6.1757	22.6195	14.5601	1.2887	0.4925	0.7963	0.4501	0.4484	0.0016	0.8386	0.0440	0.7946	0.9053	0.5505	0.3548	0.6791	0.5379	0.1412	0.2261	0.0126	0.2136	0.3934	0.3376	0.0558	0.1064	0.1010	0.0054	0.2870	0.2366	0.0504	1.6680	1.1881	0.4800	0.9264	0.7918	0.1346	0.7416	0.3962	0.3454	6.0360	3.1481	19.3128	5.7700	6.5346	0.2912	9.5830	5.8646	25.5017	0.5427	0.4633	0.7392	0.7331	0.6793	1.0493	0.3049	0.0317	0.6184
108	122	0.4123	6	0	1	0	0	0	0	0	0	N	N	N	N	N	N	N	N	N	N	N	N	2.9200	0.5587	20.2541	5.2126	1.0741	769.9129	1.6749	0.0232	4.6938	1.6580	0.3353	9.9614	4.5018	1.0420	64.4607	0.4775	0.0003	2.7776	0.5678	0.6001	0.4918	0.8636	0.9700	0.0837	0.2851	0.0149	0.5918	4.7335	0.3482	0.3207	-0.1993	8.0392	7.5400	22.6195	21.4192	0.8342	0.1455	0.6887	0.6644	0.1454	0.5190	0.1698	0.0001	0.1697	0.9959	0.7387	0.2572	0.7402	0.7316	0.0086	0.2557	0.0071	0.2486	0.5031	0.4340	0.0691	0.1476	0.1395	0.0081	0.3555	0.2945	0.0611	1.7540	1.2310	0.5230	0.8571	0.7542	0.1029	0.8969	0.4768	0.4201	2.9200	0.5587	20.2541	5.2126	1.0741	769.9129	1.6749	0.0232	4.6938	0.5678	0.6001	0.4918	0.8636	0.9700	0.0837	0.2851	0.0149	0.5918
108	123	0.1725	5	0	2	0	0	0	0	0	0	N	Y	N	N	N	N	N	N	N	N	N	N	4.6446	0.0000	12.0147	10.1024	0.0000	1237.5275	3.6966	0.0000	10.7594	4.5790	0.0000	30.4962	0.3369	0.0000	4.8828	5.0800	0.0000	31.8030	0.9859	0.0154	2.5383	0.0333	0.0402	0.0039	1.3742	0.0000	2.9558	inf	103.3312	0.5573	0.5373	8.0392	4.0019	22.6195	19.5615	0.9971	0.0000	0.9971	0.0077	0.0000	0.0077	0.9894	0.0000	0.9894	1.0099	0.0097	1.0002	0.0099	0.0097	0.0002	1.0000	0.0000	1.0000	0.2178	0.1851	0.0327	0.0230	0.0214	0.0016	0.1948	0.1637	0.0311	1.0244	0.6303	0.3941	0.2967	0.2409	0.0557	0.7277	0.3894	0.3383	4.6446	0.0000	12.0147	10.1024	0.0000	1237.5275	3.6966	0.0000	10.7594	0.9859	0.0154	2.5383	0.0333	0.0402	0.0039	1.3742	0.0000	2.9558
108	124	0.1505	4	0	1	0	0	0	0	0	0	N	N	N	N	N	N	N	N	N	N	N	N	0.0021	0.1466	0.0000	0.4723	1.0873	0.0000	0.0000	0.0000	0.0000	0.0043	0.0050	0.0000	0.0118	0.0128	0.0000	0.0000	0.0000	0.0000	2.0128	0.0340	5.3089	0.0250	0.0118	0.1562	2.6821	0.0469	5.6455	0.0000	93.6867	-0.0002	0.5345	8.0392	1.2223	22.6195	8.2281	0.0004	0.0004	0.0000	0.0004	0.0004	0.0000	0.0000	0.0000	0.0000	1.0065	0.0106	0.9958	0.0031	0.0013	0.0018	1.0033	0.0093	0.9941	0.0980	0.0845	0.0135	0.0357	0.0329	0.0028	0.0622	0.0516	0.0106	0.5000	0.3125	0.1876	0.1260	0.1145	0.0115	0.3741	0.1980	0.1761	0.0021	0.1466	0.0000	0.4723	1.0873	0.0000	0.0000	0.0000	0.0000	2.0128	0.0340	5.3089	0.0250	0.0118	0.1562	2.6821	0.0469	5.6455
108	125	0.0986	3	0	1	0	0	0	0	0	0	N	N	N	N	N	N	N	N	N	N	N	N	0.1043	7.3453	0.0001	76.6575	76.5153	0.0007	0.0000	0.0000	0.0001	0.2067	0.2451	0.0004	7.9422	8.0591	0.0000	0.0001	0.0000	0.0004	1.9813	0.0334	4.7177	0.1036	0.1053	0.0707	2.3705	0.0055	4.8151	0.0003	100.6618	-0.0280	0.9137	8.0392	5.9920	22.6195	12.2976	0.0636	0.0636	0.0000	0.0636	0.0636	0.0000	0.0000	0.0000	0.0000	1.7182	0.0169	1.7013	0.0154	0.0149	0.0005	1.7028	0.0020	1.7008	0.3076	0.2594	0.0482	0.0080	0.0079	0.0001	0.2996	0.2515	0.0481	0.8672	0.5066	0.3606	0.1489	0.1415	0.0074	0.7183	0.3651	0.3532	0.1043	7.3453	0.0001	76.6575	76.5153	0.0007	0.0000	0.0000	0.0001	1.9813	0.0334	4.7177	0.1036	0.1053	0.0707	2.3705	0.0055	4.8151
108	126	0.0934	3	0	2	0	0	0	0	0	0	N	Y	N	N	N	N	N	N	N	N	N	N	4.8914	15.1299	0.0000	1.0489	1.0463	0.0000	5.1964	7223188.4868	0.0000	6.4426	7.7776	0.0000	1.3213	1.3403	0.0000	6.9363	8.5299	0.0000	1.3171	0.5141	2.4071	1.2598	1.2810	0.1989	1.3348	0.0000	2.4313	0.0000	3.4502	-0.8661	0.5909	8.0392	5.0407	22.6195	17.1705	1.9634	1.9634	0.0000	0.0354	0.0354	0.0000	1.9280	1.9280	0.0000	1.8644	0.4189	1.4455	0.4202	0.4189	0.0013	1.4442	0.0000	1.4442	0.3047	0.2524	0.0523	0.0268	0.0264	0.0004	0.2780	0.2260	0.0519	1.4155	0.8150	0.6005	0.3336	0.3271	0.0065	1.0819	0.4879	0.5940	4.8914	15.1299	0.0000	1.0489	1.0463	0.0000	5.1964	7223188.4868	0.0000	1.3171	0.5141	2.4071	1.2598	1.2810	0.1989	1.3348	0.0000	2.4313
108	127	0.0774	2	0	2	0	0	0	0	0	0	N	Y	N	N	N	N	N	N	N	N	N	N	0.9674	1.0671	0.7817	3.3145	3.3115	2.2715	0.4602	33.1172	0.7799	0.9433	0.9689	0.8361	5.0875	5.1112	0.3244	0.3130	0.1637	0.8378	0.9751	0.9080	1.0696	1.5349	1.5435	0.1428	0.6800	0.0049	1.0743	0.2062	0.8374	-0.0355	-0.0025	8.0392	1.9703	22.6195	6.2034	0.1313	0.1089	0.0224	0.0935	0.0935	0.0000	0.0378	0.0154	0.0224	0.9455	0.5146	0.4309	0.5137	0.5134	0.0003	0.4318	0.0012	0.4306	0.1392	0.1124	0.0268	0.0184	0.0183	0.0001	0.1208	0.0941	0.0268	0.9696	0.5667	0.4029	0.3347	0.3326	0.0020	0.6349	0.2341	0.4008	0.9674	1.0671	0.7817	3.3145	3.3115	2.2715	0.4602	33.1172	0.7799	0.9751	0.9080	1.0696	1.5349	1.5435	0.1428	0.6800	0.0049	1.0743
108	129	0.4416	7	0	2	0	0	0	0	0	0	N	Y	N	N	N	N	N	N	N	N	N	N	0.0000	0.0000	0.0000	0.0000	0.0000	0.0000	0.0000	0.0000	0.0000	0.0000	0.0000	0.0000	0.0000	0.0000	0.0000	0.0000	0.0000	0.0000	0.0063	0.0080	0.0006	0.0112	0.0119	0.0028	0.0000	0.0000	0.0001	0.0212	0.0000	-0.0015	8.0392	1.0033	22.6195	0.8635	0.0000	0.0000	0.0000	0.0000	0.0000	0.0000	0.0000	0.0000	0.0000	0.0035	0.0035	0.0001	0.0035	0.0035	0.0001	0.0000	0.0000	0.0000	0.1686	0.1534	0.0153	0.0922	0.0878	0.0043	0.0765	0.0656	0.0109	0.5630	0.4314	0.1316	0.3156	0.2917	0.0238	0.2474	0.1396	0.1078	0.0000	0.0000	0.0000	0.0000	0.0000	0.0000	0.0000	0.0000	0.0000	0.0063	0.0080	0.0006	0.0112	0.0119	0.0028	0.0000	0.0000	0.0001	
108	130	0.4123	6	0	1	0	0	0	0	0	0	N	N	N	N	N	N	N	N	N	N	N	N	29.1947	32.7256	37.1727	54.0162	65.1064	72.2686	0.4857	0.5979	0.6901	1.5259	1.2440	3.3069	4.7433	3.5224	26.9850	0.0068	0.0053	0.0136	0.0523	0.0380	0.0890	0.0878	0.0541	0.3734	0.0140	0.0089	0.0198	0.4209	0.9093	-0.0900	0.0013	8.0392	5.5514	22.6195	9.9598	0.6210	0.4371	0.1840	0.6191	0.4358	0.1833	0.0019	0.0012	0.0007	0.0732	0.0384	0.0349	0.0638	0.0352	0.0287	0.0094	0.0032	0.0062	0.4070	0.3513	0.0556	0.1305	0.1237	0.0068	0.2764	0.2276	0.0488	1.4013	1.0092	0.3921	0.7268	0.6500	0.0767	0.6745	0.3591	0.3154	29.1947	32.7256	37.1727	54.0162	65.1064	72.2686	0.4857	0.5979	0.6901	0.0523	0.0380	0.0890	0.0878	0.0541	0.3734	0.0140	0.0089	0.0198
108	131	0.3820	5	0	1	0	0	0	0	0	0	N	N	N	N	N	N	N	N	N	N	N	N	5.2456	4.3752	11.3099	17.7196	9.9308	468.2582	1.1298	0.1546	3.3623	1.2950	0.7242	4.9439	4.2153	2.5629	35.9439	0.2884	0.0029	1.7351	0.2469	0.1655	0.4371	0.2379	0.2581	0.0768	0.2553	0.0188	0.5160	1.0680	1.1293	0.0577	0.0262	8.0392	9.1969	22.6195	13.4651	0.7658	0.3703	0.3955	0.6390	0.3692	0.2697	0.1268	0.0011	0.1258	0.3643	0.1711	0.1932	0.1697	0.1636	0.0061	0.1946	0.0075	0.1871	0.5913	0.5113	0.0800	0.1516	0.1441	0.0075	0.4398	0.3673	0.0725	1.4757	1.0337	0.4420	0.7134	0.6339	0.0794	0.7624	0.3997	0.3626	5.2456	4.3752	11.3099	17.7196	9.9308	468.2582	1.1298	0.1546	3.3623	0.2469	0.1655	0.4371	0.2379	0.2581	0.0768	0.2553	0.0188	0.5160
108	132	0.1955	7	1	2	0	1	0	0	0	0	N	Y	N	N	N	N	N	N	N	N	N	N	0.0000	0.0000	0.0000	0.0000	0.0000	0.0000	0.0000	0.0000	0.0000	0.0000	0.0000	0.0000	0.0000	0.0000	0.0000	0.0000	0.0000	0.0001	0.0001	0.0000	0.0003	0.0003	0.0000	0.0000	0.0000	0.0000	0.0014	0.0000	-0.0000	8.0392	1.0000	22.6195	3.0001	0.0000	0.0000	0.0000	0.0000	0.0000	0.0000	0.0000	0.0000	0.0000	0.0000	0.0000	0.0000	0.0000	0.0000	0.0000	0.0000	0.0000	0.0000	0.0543	0.0461	0.0082	0.0063	0.0059	0.0004	0.0480	0.0402	0.0077	0.1654	0.0983	0.0672	0.0332	0.0302	0.0030	0.1322	0.0680	0.0642	0.0000	0.0000	0.0000	0.0000	0.0000	0.0000	0.0000	0.0000	0.0000	0.0001	0.0001	0.0000	0.0003	0.0003	0.0000	0.0000	0.0000	0.0000		
108	133	0.5944	11	1	2	0	1	0	0	0	0	N	Y	N	N	N	N	N	N	N	N	N	N	0.0000	0.0000	0.0000	0.0000	0.0000	0.0000	0.0000	0.0000	0.0000	0.0000	0.0000	0.0000	0.0000	0.0000	0.0000	0.0000	0.0000	0.0010	0.0002	0.0026	0.0018	0.0004	0.0105	0.0003	0.0000	0.0006	5.8984	0.0000	0.0000	8.0392	0.0006	22.6195	1.9797	0.0000	0.0000	0.0000	0.0000	0.0000	0.0000	0.0000	0.0000	0.0000	0.0001	0.0000	0.0001	0.0001	0.0000	0.0000	0.0000	0.0000	0.0000	0.0001	0.0001	0.0000	0.0001	0.0000	0.0000	0.0000	0.0000	0.0000	0.0698	0.0474	0.0224	0.0326	0.0279	0.0046	0.0372	0.0195	0.0178	0.0000	0.0000	0.0000	0.0000	0.0000	0.0000	0.0000	0.0000	0.0000	0.0010	0.0002	0.0026	0.0018	0.0004	0.0105	0.0003	0.0000	0.0006		
108	134	0.5777	10	1	2	0	1	0	0	0	0	N	Y	N	N	N	N	N	N	N	N	N	N	0.0083	0.0000	0.3151	0.0000	0.0000	0.0000	0.5872	0.0000	1.7202	0.0000	0.0000	0.0000	0.0000	0.0000	0.0000	0.0000	0.0000	0.0000	0.0001	0.0001	0.0000	0.0002	0.0002	0.0001	0.0000	0.0000	0.0000	inf	0.0672	0.0000	-0.0000	8.0392	2.0077	22.6195	6.0321	0.0000	0.0000	0.0000	0.0000	0.0000	0.0000	0.0000	0.0000	0.0000	0.0000	0.0000	0.0000	0.0000	0.0000	0.0000	0.0000	0.0000	0.0000	0.1053	0.0906	0.0147	0.0295	0.0272	0.0023	0.0758	0.0634	0.0124	0.2570	0.1717	0.0852	0.1161	0.0979	0.0182	0.1409	0.0739	0.0670	0.0083	0.0000	0.3151	0.0000	0.0000	0.0000	0.5872	0.0000	1.7202	0.0001	0.0001	0.0000	0.0002	0.0002	0.0001	0.0000	0.0000	0.0000
108	135	0.5729	10	0	2	0	1	0	0	0	0	N	Y	N	N	N	N	N	N	N	N	N	N	12.2164	0.0000	74.2166	0.0434	0.0000	0.8075	28.2318	0.0000	86.1799	0.0121	0.0000	0.0772	0.0001	0.0000	0.0009	0.0167	0.0000	0.0877	0.0010	0.0010	0.0010	0.0014	0.0015	0.0011	0.0006	0.0002	0.0010	inf	0.5048	0.0011	-0.0001	8.0392	3.0348	22.6195	9.3583	0.0020	0.0000	0.0020	0.0000	0.0000	0.0000	0.0020	0.0000	0.0020	0.0005	0.0003	0.0002	0.0003	0.0003	0.0000	0.0001	0.0000	0.0001	0.1685	0.1421	0.0264	0.0463	0.0432	0.0032	0.1222	0.0990	0.0232	0.4593	0.3126	0.1467	0.2199	0.1868	0.0331	0.2394	0.1259	0.1136	12.2164	0.0000	74.2166	0.0434	0.0000	0.8075	28.2318	0.0000	86.1799	0.0010	0.0010	0.0010	0.0014	0.0015	0.0011	0.0006	0.0002	0.0010
108	136	0.5586	9	0	1	0	1	0	0	0	0	N	N	N	N	N	N	N	N	N	N	N	N	115.6279	93.9037	0.0000	174.0161	160.2011	0.0000	0.0000	0.0000	0.0000	0.7719	0.9118	0.0000	2.5872	2.7495	0.0000	0.0000	0.0000	0.0000	0.0067	0.0097	0.0006	0.0149	0.0172	0.0027	0.0000	0.0000	0.0000	0.0000	0.0315	-0.0009	-0.0006	8.0392	0.0433	22.6195	6.6805	0.0021	0.0021	0.0000	0.0021	0.0021	0.0000	0.0000	0.0000	0.0000	0.0015	0.0015	0.0000	0.0015	0.0015	0.0000	0.0000	0.0000	0.0000	0.0027	0.0023	0.0004	0.0008	0.0008	0.0000	0.0019	0.0015	0.0004	0.2243	0.1495	0.0748	0.1005	0.0845	0.0160	0.1238	0.0650	0.0588	115.6279	93.9037	0.0000	174.0161	160.2011	0.0000	0.0000	0.0000	0.0000	0.0067	0.0097	0.0006	0.0149	0.0172	0.0027	0.0000	0.0000	0.0000
108	137	0.2251	9	0	2	0	1	0	0	0	0	N	Y	N	N	N	N	N	N	N	N	N	N	0.0000	0.0000	0.0000	0.0000	0.0000	0.0000	0.0000	0.0000	0.0000	0.0000	0.0000	0.0000	0.0000	0.0000	0.0000	0.0000	0.0000	0.0000	0.0000	0.0000	8.0392	0.0000	22.6195	0.0000	0.0000	0.0000	0.0000	0.0000	0.0000	0.0000	0.0000	0.0000	0.0000	0.0000	0.0000	0.0000	0.0000	0.0000	0.0000	0.0000	0.0000	0.0000	0.0000	0.0000	0.0000	0.0000	0.0000	0.0000	0.0000	0.0000	0.0000	0.0000	0.0000	0.0000	0.0000	0.0000	0.0000	0.0000	0.0000	0.0000	0.0000	0.0000	0.0000	0.0000	0.0000	0.0000	0.0000	0.0000	0.0000	0.0000	0.0000	0.0000	0.0000	0.0000	0.0000	0.0000	0.0000	0.0000											
108	138	0.2200	8	0	2	0	1	0	0	0	0	N	Y	N	N	N	N	N	N	N	N	N	N	0.0000	0.0000	0.0000	0.0000	0.0000	0.0000	0.0000	0.0000	0.0000	0.0000	0.0000	0.0000	0.0000	0.0000	0.0000	0.0000	0.0000	0.0000	0.0000	0.0000	0.0000	0.0000	0.0000	0.0000	-0.0000	8.0392	0.0021	22.6195	2.0000	0.0000	0.0000	0.0000	0.0000	0.0000	0.0000	0.0000	0.0000	0.0000	0.0000	0.0000	0.0000	0.0000	0.0000	0.0000	0.0000	0.0000	0.0000	0.0003	0.0003	0.0000	0.0002	0.0002	0.0000	0.0001	0.0001	0.0000	0.0818	0.0494	0.0325	0.0186	0.0169	0.0017	0.0632	0.0325	0.0308	0.0000	0.0000	0.0000	0.0000	0.0000	0.0000	0.0000	0.0000	0.0000	0.0000	0.0000	0.0000	0.0000	0.0000	0.0000	0.0000	0.0000	0.0000						
108	139	0.2098	7	0	1	0	1	0	0	0	0	N	N	N	N	N	N	N	N	N	N	N	N	0.0000	0.0000	0.0000	0.0000	0.0000	0.0000	0.0000	0.0000	0.0000	0.0000	0.0000	0.0000	0.0000	0.0005	0.0008	0.0000	0.0022	0.0024	0.0000	0.0000	0.0000	0.0000	0.0000	0.0000	-0.0000	8.0392	1.0020	22.6195	3.0181	0.0000	0.0000	0.0000	0.0000	0.0000	0.0000	0.0000	0.0000	0.0000	0.0001	0.0001	0.0000	0.0001	0.0001	0.0000	0.0000	0.0000	0.0000	0.0544	0.0463	0.0081	0.0065	0.0060	0.0004	0.0479	0.0402	0.0077	0.1659	0.0993	0.0666	0.0364	0.0330	0.0034	0.1295	0.0663	0.0632	0.0000	0.0000	0.0000	0.0000	0.0000	0.0000	0.0000	0.0000	0.0000	0.0005	0.0008	0.0000	0.0022	0.0024	0.0000	0.0000	0.0000	0.0000						
108	140	0.1955	7	0	2	0	0	0	0	0	0	N	Y	N	N	N	N	N	N	N	N	N	N	0.0000	0.0000	0.0000	0.0000	0.0000	0.0000	0.0000	0.0000	0.0000	0.0000	0.0000	0.0000	0.0000	0.0000	0.0000	0.0000	0.0000	0.0000	0.0000	0.0000	0.0000	0.0000	0.0000	0.0000	inf	0.0000	0.0000	8.0392	0.0000	22.6195	4.0001	0.0000	0.0000	0.0000	0.0000	0.0000	0.0000	0.0000	0.0000	0.0000	0.0000	0.0000	0.0000	0.0000	0.0000	0.0000	0.0000	0.0000	0.0000	0.0000	0.0000	0.0000	0.0000	0.0000	0.0000	0.0000	0.0000	0.0000	0.1654	0.0983	0.0672	0.0332	0.0302	0.0030	0.1322	0.0680	0.0642	0.0000	0.0000	0.0000	0.0000	0.0000	0.0000	0.0000	0.0000	0.0000	0.0000	0.0000	0.0000	0.0000	0.0000	0.0000	0.0000	0.0000	0.0000				
108	141	0.5731	9	0	2	0	0	0	0	0	0	N	Y	N	N	N	N	N	N	N	N	N	N	1540.2636	9951.8292	176.1767	0.0664	0.0000	0.1928	1826.8634	inf	227.8570	0.0044	0.0049	0.0013	0.0000	0.0000	0.0000	0.0061	0.0069	0.0016	0.0000	0.0000	0.0000	0.0000	0.0000	0.0000	0.0000	0.0000	0.0000	0.0444	7.6849	-0.0001	0.0000	8.0392	1.0003	22.6195	5.0186	0.0002	0.0002	0.0000	0.0000	0.0000	0.0000	0.0002	0.0002	0.0000	0.0000	0.0000	0.0000	0.0000	0.0000	0.0000	0.0000	0.0000	0.0000	0.0525	0.0452	0.0073	0.0147	0.0135	0.0011	0.0378	0.0317	0.0062	0.1960	0.1311	0.0649	0.0887	0.0750	0.0137	0.1073	0.0561	0.0512	1540.2636	9951.8292	176.1767	0.0664	0.0000	0.1928	1826.8634	inf	227.8570	0.0000	0.0000	0.0000	0.0000	0.0000	0.0000	0.0000	0.0000	0.0000
108	142	0.2098	7	0	1	1	1	0	0	0	0	N	N	N	N	N	N	N	N	N	N	N	N	0.0000	0.0000	0.0000	0.0000	0.0000	0.0000	0.0000	0.0000	0.0000	0.0000	0.0000	0.0000	0.0000	0.0000	0.0000	0.0000	0.0001	0.0001	0.0000	0.0003	0.0003	0.0000	0.0000	0.0000	0.0000	0.0028	0.0000	-0.0000	8.0392	0.0001	22.6195	9.0026	0.0000	0.0000	0.0000	0.0000	0.0000	0.0000	0.0000	0.0000	0.0000	0.0000	0.0000	0.0000	0.0000	0.0000	0.0000	0.0000	0.0000	0.0000	0.0000	0.0000	0.0000	0.0000	0.0000	0.0000	0.0000	0.0000	0.0000	0.3635	0.2177	0.1458	0.0794	0.0720	0.0074	0.2842	0.1457	0.1384	0.0000	0.0000	0.0000	0.0000	0.0000	0.0000	0.0000	0.0000	0.0000	0.0001	0.0001	0.0000	0.0003	0.0003	0.0000	0.0000	0.0000	0.0000			
108	143	0.5586	9	0	1	1	1	0	0	0	0	N	N	N	N	N	N	N	N	N	N	N	N	0.1215	0.0954	0.0000	0.2104	0.1936	0.0000	0.0000	0.0000	0.0000	0.0004	0.0004	0.0000	0.0014	0.0016	0.0000	0.0000	0.0000	0.0000	0.0031	0.0046	0.0001	0.0069	0.0081	0.0005	0.0000	0.0000	0.0000	0.0000	0.0119	-0.0000	-0.0005	8.0392	2.0061	22.6195	8.0425	0.0000	0.0000	0.0000	0.0000	0.0000	0.0000	0.0000	0.0000	0.0000	0.0010	0.0010	0.0000	0.0010	0.0010	0.0000	0.0000	0.0000	0.0000	0.1044	0.0895	0.0149	0.0270	0.0249	0.0021	0.0774	0.0646	0.0128	0.3284	0.2185	0.1099	0.1468	0.1232	0.0235	0.1817	0.0953	0.0864	0.1215	0.0954	0.0000	0.2104	0.1936	0.0000	0.0000	0.0000	0.0000	0.0031	0.0046	0.0001	0.0069	0.0081	0.0005	0.0000	0.0000	0.0000
108	144	0.5495	8	0	1	0	1	0	0	0	0	N	N	N	N	N	N	N	N	N	N	N	N	25715.1789	126136.1506	0.0102	66712.2841	221874.6777	0.0000	0.0080	0.0000	0.0208	8.8606	10.3667	0.0000	28.2775	31.2286	0.0000	0.0000	0.0000	0.0000	0.0003	0.0001	0.0010	0.0004	0.0001	0.0029	0.0003	0.0000	0.0006	0.0000	4.8423	-0.4291	0.0000	8.0392	1.9550	22.6195	2.1189	0.9728	0.9728	0.0000	0.9728	0.9728	0.0000	0.0000	0.0000	0.0000	0.0001	0.0000	0.0001	0.0000	0.0000	0.0000	0.0000	0.0000	0.0000	0.1098	0.0938	0.0160	0.0344	0.0312	0.0033	0.0754	0.0627	0.0127	0.2105	0.1511	0.0595	0.0979	0.0880	0.0099	0.1126	0.0631	0.0495	25715.1789	126136.1506	0.0102	66712.2841	221874.6777	0.0000	0.0080	0.0000	0.0208	0.0003	0.0001	0.0010	0.0004	0.0001	0.0029	0.0003	0.0000	0.0006
108	145	0.5495	8	0	1	1	1	0	0	0	0	N	N	N	N	N	N	N	N	N	N	N	N	0.3121	0.0006	1529.1468	0.0022	0.0019	1.2289	0.5395	0.0000	2121.7697	0.0349	0.0001	0.2407	0.0003	0.0003	0.0003	0.0505	0.0000	0.3008	0.1119	0.1651	0.0002	0.1347	0.1573	0.0002	0.0936	0.1751	0.0001	413.2623	0.0005	0.0023	-0.0365	8.0392	2.1261	22.6195	18.6477	0.0041	0.0000	0.0041	0.0000	0.0000	0.0000	0.0041	0.0000	0.0041	0.0797	0.0797	0.0000	0.0427	0.0427	0.0000	0.0370	0.0370	0.0000	0.1186	0.1014	0.0172	0.0368	0.0334	0.0034	0.0818	0.0681	0.0137	0.7124	0.4826	0.2298	0.3170	0.2713	0.0457	0.3955	0.2113	0.1842	0.3121	0.0006	1529.1468	0.0022	0.0019	1.2289	0.5395	0.0000	2121.7697	0.1119	0.1651	0.0002	0.1347	0.1573	0.0002	0.0936	0.1751	0.0001
108	146	0.2098	7	0	1	1	1	0	0	0	0	N	N	N	N	N	N	N	N	N	N	N	N	0.0000	0.0000	0.0000	0.0000	0.0000	0.0000	0.0000	0.0000	0.0000	0.0000	0.0000	0.0000	0.0000	0.0000	0.0000	0.0000	0.0000	0.0000	0.0000	0.0000	0.0000	0.0000	0.0000	0.0000	0.0000	10.9231	0.0000	0.0000	8.0392	2.0001	22.6195	5.9880	0.0000	0.0000	0.0000	0.0000	0.0000	0.0000	0.0000	0.0000	0.0000	0.0000	0.0000	0.0000	0.0000	0.0000	0.0000	0.0000	0.0000	0.0000	0.1081	0.0919	0.0161	0.0128	0.0120	0.0009	0.0952	0.0799	0.0153	0.3240	0.1940	0.1300	0.0708	0.0642	0.0066	0.2532	0.1298	0.1234	0.0000	0.0000	0.0000	0.0000	0.0000	0.0000	0.0000	0.0000	0.0000	0.0000	0.0000	0.0000	0.0000	0.0000	0.0000	0.0000	0.0000	0.0000			
108	147	0.2098	7	0	1	1	1	0	0	0	0	N	N	N	N	N	N	N	N	N	N	N	N	6649.9219	0.0000	53898.9017	84.0815	0.0000	1041.5023	13816.2265	0.0000	67213.0488	4.2368	0.0000	28.6644	0.1428	0.0000	2.1605	4.7854	0.0000	30.1429	0.0006	0.0007	0.0005	0.0017	0.0017	0.0021	0.0003	0.0003	0.0004	inf	0.5001	1.1143	-0.0001	8.0392	9.0001	22.6195	23.0169	1.9937	0.0000	1.9937	0.0079	0.0000	0.0079	1.9858	0.0000	1.9858	0.0008	0.0005	0.0003	0.0004	0.0004	0.0001	0.0003	0.0001	0.0002	0.4706	0.4010	0.0696	0.0556	0.0519	0.0037	0.4150	0.3491	0.0659	1.1773	0.7071	0.4702	0.2532	0.2291	0.0241	0.9241	0.4780	0.4461	6649.9219	0.0000	53898.9017	84.0815	0.0000	1041.5023	13816.2265	0.0000	67213.0488	0.0006	0.0007	0.0005	0.0017	0.0017	0.0021	0.0003	0.0003	0.0004
108	148	0.1845	6	0	1	0	1	0	0	0	0	N	N	N	N	N	N	N	N	N	N	N	N	1413.4473	1045.0418	0.0000	1.4538	1.4332	0.0000	1545.5335	996.3153	0.0000	9.1741	10.8093	0.0000	0.0082	0.0087	0.0000	10.4135	12.4419	0.0000	0.0065	0.0103	0.0007	0.0056	0.0061	0.0006	0.0067	0.0125	0.0007	0.0000	0.0453	-0.4408	-0.0012	8.0392	1.9990	22.6195	7.9526	0.9992	0.9992	0.0000	0.0001	0.0001	0.0000	0.9991	0.9991	0.0000	0.0028	0.0027	0.0001	0.0005	0.0005	0.0000	0.0023	0.0022	0.0001	0.1089	0.0924	0.0165	0.0130	0.0121	0.0008	0.0959	0.0803	0.0156	0.4318	0.2592	0.1726	0.0951	0.0869	0.0082	0.3367	0.1724	0.1643	1413.4473	1045.0418	0.0000	1.4538	1.4332	0.0000	1545.5335	996.3153	0.0000	0.0065	0.0103	0.0007	0.0056	0.0061	0.0006	0.0067	0.0125	0.0007
108	149	0.1526	5	1	2	0	0	0	0	0	0	N	Y	N	N	N	N	N	N	N	N	N	N	0.0009	0.0203	0.0020	0.0356	0.0450	0.0018	0.0007	0.0000	0.0020	0.0006	0.0001	0.0037	0.0004	0.0004	0.0001	0.0007	0.0000	0.0039	0.6853	0.0034	1.8188	0.0103	0.0084	0.0320	0.8936	0.0007	1.9098	9.5323	321.1989	0.0001	0.3784	8.0392	5.3497	22.6195	17.2225	0.0002	0.0000	0.0002	0.0000	0.0000	0.0000	0.0002	0.0000	0.0002	0.7026	0.0022	0.7005	0.0025	0.0019	0.0006	0.7001	0.0003	0.6999	0.3400	0.2887	0.0513	0.0552	0.0526	0.0026	0.2848	0.2360	0.0488	1.0253	0.6402	0.3851	0.2418	0.2231	0.0187	0.7836	0.4171	0.3664	0.0009	0.0203	0.0020	0.0356	0.0450	0.0018	0.0007	0.0000	0.0020	0.6853	0.0034	1.8188	0.0103	0.0084	0.0320	0.8936	0.0007	1.9098
108	150	0.1834	6	0	2	0	0	0	0	0	0	N	Y	N	N	N	N	N	N	N	N	N	N	0.0016	0.4126	0.0004	0.5854	0.5892	0.2873	0.0002	0.0815	0.0005	0.0044	0.0044	0.0045	0.0138	0.0142	0.0052	0.0008	0.0000	0.0044	2.7198	0.0107	10.6365	0.0236	0.0242	0.0181	3.9519	0.0001	9.3043	0.1583	388.9992	-0.0004	1.6045	8.0392	3.6794	22.6195	17.4287	0.0014	0.0012	0.0002	0.0012	0.0012	0.0000	0.0002	0.0000	0.0002	2.9765	0.0076	2.9688	0.0081	0.0076	0.0005	2.9684	0.0000	2.9683	0.3141	0.2719	0.0422	0.0878	0.0839	0.0039	0.2263	0.1880	0.0383	1.0944	0.7156	0.3788	0.3433	0.3140	0.0292	0.7511	0.4016	0.3495	0.0016	0.4126	0.0006	0.5854	0.5892	0.2873	0.0002	0.0815	0.0005	2.7198	0.0107	7.8377	0.0236	0.0242	0.0181	3.9519	0.0001	8.4918
108	151	0.1526	5	0	2	0	0	0	0	0	0	N	Y	N	N	N	N	N	N	N	N	N	N	0.2076	0.2934	0.2810	0.1925	0.1994	0.0117	0.2026	0.3827	0.2862	0.0065	0.0048	0.0165	0.0042	0.0043	0.0002	0.0071	0.0049	0.0175	0.0315	0.0162	0.0588	0.0216	0.0217	0.0198	0.0351	0.0127	0.0611	0.6167	2.0222	-0.0001	0.0047	8.0392	3.4464	22.6195	10.1316	0.0016	0.0010	0.0006	0.0002	0.0002	0.0000	0.0014	0.0008	0.0006	0.0221	0.0073	0.0148	0.0041	0.0038	0.0003	0.0180	0.0035	0.0145	0.2411	0.2047	0.0364	0.0467	0.0447	0.0020	0.1943	0.1600	0.0344	0.7015	0.4502	0.2513	0.1878	0.1740	0.0137	0.5138	0.2762	0.2376	0.2076	0.2934	0.2810	0.1925	0.1994	0.0117	0.2026	0.3827	0.2862	0.0315	0.0162	0.0588	0.0216	0.0217	0.0198	0.0351	0.0127	0.0611
108	152	0.5799	11	1	2	0	0	0	0	0	0	N	Y	N	N	N	N	N	N	N	N	N	N	1.8830	0.0077	4.6254	0.0377	0.0176	0.3805	1.4934	0.0000	4.3152	0.0152	0.0000	0.1094	0.0000	0.0000	0.0001	0.0213	0.0000	0.1294	0.0081	0.0004	0.0237	0.0005	0.0005	0.0004	0.0143	0.0002	0.0300	6285.5471	31.9252	0.0005	0.0017	8.0392	1.0143	22.6195	12.0086	0.0008	0.0000	0.0008	0.0000	0.0000	0.0000	0.0008	0.0000	0.0008	0.0033	0.0001	0.0032	0.0001	0.0001	0.0000	0.0032	0.0000	0.0032	0.0543	0.0467	0.0076	0.0155	0.0144	0.0012	0.0387	0.0324	0.0064	0.4065	0.2717	0.1348	0.1826	0.1538	0.0288	0.2238	0.1179	0.1060	1.8830	0.0077	4.6254	0.0377	0.0176	0.3805	1.4934	0.0000	4.3152	0.0081	0.0004	0.0237	0.0005	0.0005	0.0004	0.0143	0.0002	0.0300
108	153	0.5777	10	1	2	0	0	0	0	0	0	N	Y	N	N	N	N	N	N	N	N	N	N	381.3288	1127.6304	0.0000	2225.9021	2176.9059	0.0000	0.0000	0.0000	0.0000	0.0161	0.0187	0.0000	0.0573	0.0621	0.0000	0.0000	0.0000	0.0000	0.0000	0.0000	0.0001	0.0000	0.0000	0.0000	0.0001	0.0000	0.0001	0.0000	2.8026	-0.0004	0.0000	8.0392	0.9811	22.6195	0.0216	0.0008	0.0008	0.0000	0.0008	0.0008	0.0000	0.0000	0.0000	0.0000	0.0000	0.0000	0.0000	0.0000	0.0000	0.0000	0.0000	0.0000	0.0000	0.0519	0.0447	0.0073	0.0146	0.0135	0.0011	0.0373	0.0312	0.0061	0.0333	0.0223	0.0110	0.0151	0.0128	0.0023	0.0182	0.0095	0.0087	381.3288	1127.6304	0.0000	2225.9021	2176.9059	0.0000	0.0000	0.0000	0.0000	0.0000	0.0000	0.0001	0.0000	0.0000	0.0000	0.0001	0.0000	0.0001
108	154	0.5731	9	1	2	0	0	0	0	0	0	N	Y	N	N	N	N	N	N	N	N	N	N	48390.1850	200783.1924	5764.2467	52.0463	103.8308	4.2858	67059.7212	inf	8141.7136	0.4558	0.5095	0.1351	0.0004	0.0005	0.0001	0.7023	0.8081	0.1779	0.0000	0.0000	0.0000	0.0000	0.0000	0.0000	0.0000	0.0000	0.0000	0.0444	4.5346	-0.0001	0.0000	8.0392	0.0083	22.6195	2.0001	0.0002	0.0002	0.0000	0.0000	0.0000	0.0000	0.0002	0.0002	0.0000	0.0000	0.0000	0.0000	0.0000	0.0000	0.0000	0.0000	0.0000	0.0000	0.0005	0.0004	0.0001	0.0002	0.0002	0.0000	0.0003	0.0003	0.0001	0.0681	0.0457	0.0224	0.0310	0.0263	0.0047	0.0371	0.0193	0.0178	48390.1850	200783.1924	5764.2467	52.0463	103.8308	4.2858	67059.7212	inf	8141.7136	0.0000	0.0000	0.0000	0.0000	0.0000	0.0000	0.0000	0.0000	0.0000
108	155	0.5495	8	0	2	0	0	0	0	0	0	N	Y	N	N	N	N	N	N	N	N	N	N	18699.8586	34889.7798	292.4116	0.3860	0.6057	0.1102	64581.5210	57100642.1787	733.9125	6.3037	7.3263	0.1813	0.0002	0.0002	0.0002	9.0190	10.7725	0.2233	0.0003	0.0002	0.0006	0.0006	0.0004	0.0020	0.0001	0.0000	0.0003	0.0041	1.3266	-0.4387	0.0000	8.0392	2.9180	22.6195	7.4065	1.0039	0.9997	0.0041	0.0000	0.0000	0.0000	1.0039	0.9997	0.0041	0.0001	0.0001	0.0001	0.0001	0.0001	0.0000	0.0000	0.0000	0.0000	0.1593	0.1365	0.0228	0.0479	0.0437	0.0043	0.1113	0.0928	0.0185	0.4059	0.2801	0.1258	0.1836	0.1597	0.0239	0.2223	0.1203	0.1019	18699.8586	34889.7798	292.4116	0.3860	0.6057	0.1102	64581.5210	57100642.1787	733.9125	0.0003	0.0002	0.0006	0.0006	0.0004	0.0020	0.0001	0.0000	0.0003
108	156	0.4836	7	0	1	0	0	0	0	0	0	N	N	N	N	N	N	N	N	N	N	N	N	2.1732	2.7129	0.1129	4.1436	3.9919	0.0004	0.0539	0.8879	0.1208	0.4691	0.5292	0.0293	1.2102	1.2878	0.0000	0.0080	0.0027	0.0363	0.2159	0.1951	0.2601	0.2921	0.3226	0.0787	0.1491	0.0031	0.3006	0.0076	0.6272	-0.1325	-0.0190	8.0392	8.2479	22.6195	19.7214	0.3057	0.3034	0.0023	0.3024	0.3024	0.0000	0.0032	0.0009	0.0023	0.2607	0.1602	0.1005	0.1648	0.1592	0.0056	0.0960	0.0010	0.0949	0.6516	0.5732	0.0783	0.2499	0.2348	0.0150	0.4017	0.3384	0.0633	1.2079	0.8214	0.3865	0.5642	0.4935	0.0706	0.6437	0.3279	0.3159	2.1732	2.7129	0.1129	4.1436	3.9919	0.0004	0.0539	0.8879	0.1208	0.2159	0.1951	0.2601	0.2921	0.3226	0.0787	0.1491	0.0031	0.3006
108	157	0.4475	6	0	1	0	0	0	0	0	0	N	N	N	N	N	N	N	N	N	N	N	N	1.5003	4.2060	1.4701	13.6213	9.2219	116.5215	0.0245	0.0708	0.0721	1.0619	0.8120	2.6594	3.6555	2.6423	17.2082	0.0279	0.0023	0.1610	0.7078	0.1930	1.8090	0.2684	0.2865	0.1477	1.1391	0.0326	2.2331	0.5124	4.3800	-0.0510	0.3053	8.0392	7.4725	22.6195	14.3153	0.4982	0.3294	0.1688	0.4889	0.3288	0.1601	0.0094	0.0006	0.0087	0.8582	0.1595	0.6987	0.1612	0.1496	0.0116	0.6970	0.0099	0.6871	0.4692	0.4057	0.0635	0.1337	0.1244	0.0093	0.3355	0.2813	0.0542	1.2125	0.8263	0.3862	0.6006	0.5221	0.0785	0.6119	0.3042	0.3077	1.5003	4.2060	1.4701	13.6213	9.2219	116.5215	0.0245	0.0708	0.0721	0.7078	0.1930	1.8090	0.2684	0.2865	0.1477	1.1391	0.0326	2.2331
108	158	0.3820	5	0	1	0	0	0	0	0	0	N	N	N	N	N	N	N	N	N	N	N	N	2.3074	3.7074	3.9086	6.9993	8.5330	12.8168	0.7117	0.4631	2.0723	0.9196	0.4286	4.0372	2.9676	1.6073	27.5770	0.2677	0.0041	1.6248	0.3985	0.1156	1.0329	0.4240	0.1884	2.1516	0.3762	0.0087	0.7841	1.4833	3.9845	0.1014	0.2309	8.0392	11.6653	22.6195	19.4910	0.6494	0.2615	0.3879	0.5060	0.2597	0.2463	0.1434	0.0018	0.1416	0.6772	0.1359	0.5413	0.3369	0.1317	0.2052	0.3403	0.0042	0.3362	0.7062	0.6101	0.0961	0.1705	0.1616	0.0089	0.5357	0.4485	0.0871	1.6992	1.1751	0.5241	0.7945	0.6991	0.0954	0.9047	0.4760	0.4287	2.3074	3.7074	3.9086	6.9993	8.5330	12.8168	0.7117	0.4631	2.0723	0.3985	0.1156	1.0329	0.4240	0.1884	2.1516	0.3762	0.0087	0.7841
108	159	0.3347	4	0	1	0	0	0	0	0	0	N	N	N	N	N	N	N	N	N	N	N	N	6.3765	2.8777	18.2816	5.9090	5.4127	15.0722	8.8098	1.0546	26.7800	2.3920	0.5208	15.0722	3.1018	1.5096	35.0077	2.0842	0.0325	12.5631	0.3751	0.1810	0.8244	0.5249	0.2789	2.3227	0.2366	0.0309	0.4691	4.2705	1.9682	0.4750	0.1330	8.0392	7.3933	22.6195	20.5306	1.2866	0.2441	1.0425	0.5046	0.2339	0.2707	0.7820	0.0102	0.7718	0.6498	0.2189	0.4309	0.4369	0.2042	0.2327	0.2129	0.0147	0.1982	0.5379	0.4687	0.0692	0.1627	0.1549	0.0077	0.3752	0.3138	0.0614	1.7323	1.2096	0.5226	0.8323	0.7321	0.1002	0.9000	0.4775	0.4224	6.3765	2.8777	18.2816	5.9090	5.4127	15.0722	8.8098	1.0546	26.7800	0.3751	0.1810	0.8244	0.5249	0.2789	2.3227	0.2366	0.0309	0.4691
108	160	0.0986	3	0	1	0	0	0	0	0	0	N	N	N	N	N	N	N	N	N	N	N	N	1.7251	0.6676	5.9101	1.5644	0.0130	533.5726	1.5631	0.5720	5.7880	2.3911	0.5678	12.6501	0.2674	0.0024	17.1216	2.4417	0.5835	12.6394	1.3861	0.8505	2.1404	0.1709	0.1807	0.0321	1.5621	1.0201	2.1837	3.9595	1.7870	1.0953	0.6913	8.0392	27.6416	22.6195	54.6365	3.0659	0.6182	2.4477	0.0080	0.0001	0.0079	3.0579	0.6181	2.4398	3.7814	1.3568	2.4246	0.0590	0.0583	0.0007	3.7224	1.2985	2.4239	1.2822	1.0887	0.1935	0.0298	0.0294	0.0005	1.2524	1.0593	0.1930	2.7281	1.5953	1.1328	0.3452	0.3224	0.0228	2.3829	1.2729	1.1100	1.7251	0.6676	5.9101	1.5644	0.0130	533.5726	1.5631	0.5720	5.7880	1.3861	0.8505	2.1404	0.1709	0.1807	0.0321	1.5621	1.0201	2.1837
108	161	0.2031	9	1	2	0	0	0	0	0	0	N	Y	N	N	N	N	N	N	N	N	N	N	0.0000	0.0000	0.0000	0.0000	0.0000	0.0000	0.0000	0.0000	0.0000	0.0000	0.0000	0.0000	0.0000	0.0000	0.0000	0.0000	0.0000	0.0056	0.0094	0.0000	0.0270	0.0296	0.0002	0.0000	0.0000	0.0000	0.0009	0.0000	-0.0003	8.0392	0.0002	22.6195	3.0099	0.0000	0.0000	0.0000	0.0000	0.0000	0.0000	0.0000	0.0000	0.0000	0.0007	0.0007	0.0000	0.0007	0.0007	0.0000	0.0000	0.0000	0.0000	0.0000	0.0000	0.0000	0.0000	0.0000	0.0000	0.0000	0.0000	0.0000	0.1276	0.0766	0.0510	0.0266	0.0243	0.0023	0.1009	0.0522	0.0487	0.0000	0.0000	0.0000	0.0000	0.0000	0.0000	0.0000	0.0000	0.0000	0.0056	0.0094	0.0000	0.0270	0.0296	0.0002	0.0000	0.0000	0.0000		
108	162	0.1955	8	1	2	0	0	0	0	0	0	N	Y	N	N	N	N	N	N	N	N	N	N	0.0000	0.0000	0.0000	0.0000	0.0000	0.0000	0.0000	0.0000	0.0000	0.0000	0.0000	0.0000	0.0000	0.0000	0.0000	0.0000	0.0000	11.3009	23.1929	0.0000	302.3922	311.9967	0.0000	0.0000	0.0000	0.0000	0.0000	0.0000	-0.4580	8.0392	0.9998	22.6195	2.0118	0.0000	0.0000	0.0000	0.0000	0.0000	0.0000	0.0000	0.0000	0.0000	0.9993	0.9993	0.0000	0.9993	0.9993	0.0000	0.0000	0.0000	0.0000	0.0542	0.0461	0.0082	0.0063	0.0059	0.0004	0.0480	0.0402	0.0077	0.1251	0.0743	0.0508	0.0252	0.0229	0.0023	0.0999	0.0514	0.0485	0.0000	0.0000	0.0000	0.0000	0.0000	0.0000	0.0000	0.0000	0.0000	7.9881	13.4471	0.0000	39.7220	43.6506	0.0000	0.0000	0.0000	0.0000		
108	163	0.1955	7	1	2	0	0	0	0	0	0	N	Y	N	N	N	N	N	N	N	N	N	N	0.0000	0.0000	0.0000	0.0000	0.0000	0.0000	0.0000	0.0000	0.0000	0.0000	0.0000	0.0000	0.0000	0.0000	0.0000	0.0012	0.0010	0.0018	0.0030	0.0021	0.0497	0.0000	0.0000	0.0000	0.4545	0.0000	-0.0000	8.0392	0.0000	22.6195	0.0003	0.0000	0.0000	0.0000	0.0000	0.0000	0.0000	0.0000	0.0000	0.0000	0.0000	0.0000	0.0000	0.0000	0.0000	0.0000	0.0000	0.0000	0.0000	0.0000	0.0000	0.0000	0.0000	0.0000	0.0000	0.0000	0.0000	0.0000	0.0000	0.0000	0.0000	0.0000	0.0000	0.0000	0.0000	0.0000	0.0000	0.0000	0.0000	0.0000	0.0000	0.0000	0.0000	0.0000	0.0000	0.0000	0.0012	0.0010	0.0018	0.0030	0.0021	0.0497	0.0000	0.0000	0.0000				
108	164	0.1845	6	0	2	0	0	0	0	0	0	N	Y	N	N	N	N	N	N	N	N	N	N	67.0453	58.0170	0.0000	1570.2205	1639.1113	0.0000	0.0000	0.0000	0.0000	0.7392	0.9943	0.0000	1.8286	1.8430	0.0000	0.0000	0.0000	0.0000	0.0110	0.0171	0.0015	0.0012	0.0011	0.0016	0.0143	0.0267	0.0015	0.0000	0.0574	-0.0004	-0.0009	8.0392	0.0063	22.6195	4.3641	0.0010	0.0010	0.0000	0.0010	0.0010	0.0000	0.0000	0.0000	0.0000	0.0023	0.0022	0.0001	0.0001	0.0001	0.0000	0.0023	0.0022	0.0001	0.0013	0.0010	0.0003	0.0005	0.0005	0.0000	0.0008	0.0005	0.0003	0.2116	0.1288	0.0829	0.0527	0.0482	0.0045	0.1590	0.0806	0.0784	67.0453	58.0170	0.0000	1570.2205	1639.1113	0.0000	0.0000	0.0000	0.0000	0.0110	0.0171	0.0015	0.0012	0.0011	0.0016	0.0143	0.0267	0.0015
108	165	0.1526	5	0	1	0	0	0	0	0	0	N	N	N	N	N	N	N	N	N	N	N	N	0.2214	0.1697	0.0003	377.9177	501.6040	0.0000	0.0028	0.0019	0.0003	0.3368	0.3965	0.0000	1.5010	1.5647	0.0000	0.0059	0.0072	0.0000	1.5213	2.3360	0.0407	0.0040	0.0031	0.0149	2.0925	3.8479	0.0423	0.0000	0.0096	-0.0286	-0.4525	8.0392	2.5207	22.6195	10.0226	0.0648	0.0648	0.0000	0.0639	0.0639	0.0000	0.0009	0.0009	0.0000	1.0082	0.9986	0.0096	0.0007	0.0005	0.0002	1.0075	0.9981	0.0094	0.1923	0.1634	0.0290	0.0426	0.0408	0.0017	0.1498	0.1225	0.0272	0.6627	0.4275	0.2352	0.1812	0.1681	0.0131	0.4815	0.2594	0.2221	0.2214	0.1697	0.0003	377.9177	501.6040	0.0000	0.0028	0.0019	0.0003	1.5213	2.3360	0.0407	0.0040	0.0031	0.0149	2.0925	3.8479	0.0423
108	166	0.1370	4	0	1	0	0	0	0	0	0	N	N	N	N	N	N	N	N	N	N	N	N	0.1014	0.0656	0.6501	0.0884	0.0954	0.0003	0.2055	0.0000	1.6765	0.0011	0.0010	0.0017	0.0026	0.0029	0.0000	0.0004	0.0000	0.0022	0.0106	0.0148	0.0026	0.0295	0.0306	0.0182	0.0018	0.0022	0.0013	0.3058	0.0922	-0.0001	-0.0019	8.0392	2.6894	22.6195	4.6619	0.0002	0.0002	0.0001	0.0002	0.0002	0.0000	0.0001	0.0000	0.0001	0.0052	0.0047	0.0004	0.0046	0.0043	0.0002	0.0006	0.0004	0.0002	0.2309	0.1968	0.0341	0.0729	0.0653	0.0076	0.1580	0.1315	0.0265	0.4861	0.3201	0.1660	0.1546	0.1417	0.0129	0.3315	0.1784	0.1531	0.1014	0.0656	0.6501	0.0884	0.0954	0.0003	0.2055	0.0000	1.6765	0.0106	0.0148	0.0026	0.0295	0.0306	0.0182	0.0018	0.0022	0.0013
108	167	0.0986	3	0	1	0	0	0	0	0	0	N	N	N	N	N	N	N	N	N	N	N	N	0.0579	0.0092	1.0058	0.1053	0.1020	3.6078	0.1629	0.0000	0.9894	0.0020	0.0005	0.0099	0.0140	0.0141	0.0032	0.0016	0.0000	0.0100	0.0341	0.0512	0.0099	0.1326	0.1382	0.0009	0.0099	0.0098	0.0101	3.9667	0.1365	0.0001	-0.0069	8.0392	2.7966	22.6195	8.5340	0.0003	0.0001	0.0002	0.0001	0.0001	0.0000	0.0002	0.0000	0.0002	0.0203	0.0179	0.0024	0.0156	0.0156	0.0000	0.0048	0.0023	0.0024	0.1465	0.1232	0.0232	0.0042	0.0041	0.0001	0.1423	0.1191	0.0232	0.5971	0.3499	0.2473	0.1175	0.1126	0.0049	0.4797	0.2373	0.2424	0.0579	0.0092	1.0058	0.1053	0.1020	3.6078	0.1629	0.0000	0.9894	0.0341	0.0512	0.0099	0.1326	0.1382	0.0009	0.0099	0.0098	0.0101
109	110	0.6229	9	1	0	1	0	0	0	0	0	N	N	N	N	N	N	N	N	N	N	N	N	0.0000	0.0000	0.0000	0.0000	0.0000	0.0000	0.0000	0.0000	0.0000	0.0000	0.0000	0.0000	0.0000	0.0000	0.0000	0.0000	0.0000	0.0000	0.0000	0.0000	0.2031	0.0001	2.0398	0.0001	0.0000	0.0000	0.0000	0.0000	0.0000	0.0000	0.0000	0.0000	0.0000	0.0000	0.0000	0.0000	0.0000	0.0000	0.0000	0.0000	0.0000	0.0000	0.0001	0.0001	0.0000	0.0001	0.0001	0.0000	0.0001	0.0000	0.0000	0.0000	0.0000	0.0000	0.0000	0.0000	0.0000	0.0000	0.0000	0.0000	0.0000	0.0000	0.0000	0.0000	0.0000	0.0000	0.0000	0.0000	0.0000	0.0000	0.0000	0.0000	0.0000	0.0000	0.0000	0.0000	0.0000	0.0000											
109	111	0.6090	8	1	0	1	0	0	0	0	0	N	N	N	N	N	N	N	N	N	N	N	N	0.0005	0.0000	0.0000	0.0000	0.0000	0.0000	0.0000	0.0000	0.0000	0.0000	0.0000	0.0000	0.0000	0.0000	0.0000	0.0000	0.0000	0.0000	0.0014	0.0009	0.0031	0.0018	0.0014	0.0047	0.0009	0.0000	0.0025	0.9932	-0.0000	0.0000	0.2031	1.6718	2.0398	2.9223	0.0000	0.0000	0.0000	0.0000	0.0000	0.0000	0.0000	0.0000	0.0000	0.0000	0.0000	0.0000	0.0000	0.0000	0.0000	0.0000	0.0000	0.0000	0.0025	0.0021	0.0003	0.0007	0.0007	0.0000	0.0017	0.0014	0.0003	0.0329	0.0254	0.0075	0.0186	0.0166	0.0020	0.0143	0.0089	0.0054	0.0005	0.0000	0.0000	0.0000	0.0000	0.0000	0.0000	0.0000	0.0000	0.0014	0.0009	0.0031	0.0018	0.0014	0.0047	0.0009	0.0000	0.0025	
109	112	0.5255	7	1	0	1	0	0	0	0	0	N	N	N	N	N	N	N	N	N	N	N	N	0.4176	0.5872	0.0013	0.6373	0.6237	0.0190	0.3090	1.0858	0.0010	0.0009	0.0010	0.0000	0.0014	0.0015	0.0000	0.0007	0.0008	0.0000	0.0022	0.0018	0.0035	0.0021	0.0023	0.0004	0.0022	0.0007	0.0043	0.0006	0.6197	-0.0000	-0.0000	0.2031	14.0283	2.0398	7.1084	0.0000	0.0000	0.0000	0.0000	0.0000	0.0000	0.0000	0.0000	0.0000	0.0003	0.0002	0.0001	0.0002	0.0002	0.0000	0.0002	0.0000	0.0001	0.0189	0.0166	0.0024	0.0062	0.0058	0.0004	0.0127	0.0107	0.0020	0.1526	0.1161	0.0365	0.0818	0.0737	0.0080	0.0709	0.0424	0.0285	0.4176	0.5872	0.0013	0.6373	0.6237	0.0190	0.3090	1.0858	0.0010	0.0022	0.0018	0.0035	0.0021	0.0023	0.0004	0.0022	0.0007	0.0043
109	113	0.4652	6	0	0	0	0	0	0	0	0	N	N	N	N	N	N	N	N	N	N	N	N	0.0003	0.0003	0.0001	0.0004	0.0004	0.0004	0.0003	0.0002	0.0001	0.0001	0.0001	0.0000	0.0001	0.0001	0.0000	0.0001	0.0001	0.0000	0.2189	0.2717	0.0975	0.2119	0.2264	0.0669	0.2269	0.3765	0.1034	0.0166	0.1562	-0.0000	-0.0121	0.2031	8.6129	2.0398	5.1709	0.0000	0.0000	0.0000	0.0000	0.0000	0.0000	0.0000	0.0000	0.0000	0.0375	0.0324	0.0051	0.0194	0.0189	0.0006	0.0181	0.0135	0.0045	0.0339	0.0285	0.0054	0.0148	0.0143	0.0005	0.0191	0.0142	0.0049	0.1712	0.1193	0.0519	0.0916	0.0833	0.0083	0.0796	0.0360	0.0436	0.0003	0.0003	0.0001	0.0004	0.0004	0.0004	0.0003	0.0002	0.0001	0.2189	0.2717	0.0975	0.2119	0.2264	0.0669	0.2269	0.3765	0.1034
109	114	0.3701	5	0	0	0	0	0	0	0	0	N	N	N	N	N	N	N	N	N	N	N	N	0.0692	0.0642	0.1110	0.0831	0.0825	0.0398	0.0598	0.1067	0.1109	0.0174	0.0123	0.0430	0.0216	0.0222	0.0053	0.0145	0.0035	0.0460	0.2512	0.1914	0.3877	0.2604	0.2685	0.1330	0.2421	0.0330	0.4153	0.6942	0.8869	-0.0000	0.0011	0.2031	16.8607	2.0398	22.7724	0.0010	0.0006	0.0004	0.0005	0.0005	0.0000	0.0005	0.0001	0.0004	0.0929	0.0493	0.0437	0.0479	0.0465	0.0015	0.0450	0.0028	0.0422	0.0558	0.0466	0.0092	0.0226	0.0219	0.0007	0.0332	0.0246	0.0085	0.3700	0.2573	0.1127	0.1841	0.1731	0.0110	0.1858	0.0842	0.1017	0.0692	0.0642	0.1110	0.0831	0.0825	0.0398	0.0598	0.1067	0.1109	0.2512	0.1914	0.3877	0.2604	0.2685	0.1330	0.2421	0.0330	0.4153
109	115	0.1014	4	1	0	1	0	0	0	0	0	N	N	N	N	N	N	N	N	N	N	N	N	0.0000	0.0000	0.0000	0.0000	0.0000	0.0000	0.0000	0.0000	0.0000	0.0000	0.0000	0.0000	0.0000	0.0000	0.0000	0.0000	0.0000	0.0000	0.0030	0.0034	0.0018	0.0031	0.0035	0.0010	0.0029	0.0034	0.0022	0.1782	0.0000	-0.0001	0.2031	1.0009	2.0398	4.0038	0.0000	0.0000	0.0000	0.0000	0.0000	0.0000	0.0000	0.0000	0.0000	0.0003	0.0002	0.0000	0.0001	0.0001	0.0000	0.0001	0.0001	0.0000	0.0038	0.0031	0.0007	0.0013	0.0013	0.0000	0.0025	0.0018	0.0007	0.0849	0.0636	0.0213	0.0433	0.0370	0.0063	0.0416	0.0266	0.0150	0.0000	0.0000	0.0000	0.0000	0.0000	0.0000	0.0000	0.0000	0.0000	0.0030	0.0034	0.0018	0.0031	0.0035	0.0010	0.0029	0.0034	0.0022	
109	116	0.0731	3	1	0	1	0	0	0	0	0	N	N	N	N	N	N	N	N	N	N	N	N	0.1676	0.0827	1.7445	0.1647	0.1653	0.0184	0.1711	0.0006	2.1817	0.1012	0.0647	0.2335	0.1210	0.1236	0.0080	0.0869	0.0005	0.2441	0.6035	0.7826	0.1339	0.7344	0.7482	0.4366	0.5080	0.8258	0.1119	0.9928	0.0652	0.0000	-0.0353	0.2031	1.8441	2.0398	10.4794	0.0009	0.0004	0.0004	0.0004	0.0004	0.0000	0.0004	0.0000	0.0004	0.0890	0.0836	0.0054	0.0457	0.0445	0.0012	0.0433	0.0391	0.0042	0.0086	0.0068	0.0019	0.0036	0.0035	0.0001	0.0050	0.0032	0.0018	0.1475	0.1068	0.0407	0.0622	0.0595	0.0028	0.0852	0.0473	0.0379	0.1676	0.0827	1.7445	0.1647	0.1653	0.0184	0.1711	0.0006	2.1817	0.6035	0.7826	0.1339	0.7344	0.7482	0.4366	0.5080	0.8258	0.1119
109	117	0.2574	3	0	1	0	1	0	0	0	0	N	N	N	N	N	N	N	N	N	N	N	N	1.0948	0.9509	1.5308	1.1479	1.2213	0.3479	1.0979	0.3027	1.6245	0.1063	0.0690	0.2437	0.1286	0.1303	0.0640	0.0903	0.0030	0.2530	0.0971	0.0726	0.1592	0.1120	0.1067	0.1839	0.0822	0.0098	0.1558	0.9584	0.8660	0.0002	0.0002	0.2031	10.5071	2.0398	20.2622	0.0047	0.0024	0.0023	0.0024	0.0024	0.0000	0.0023	0.0001	0.0023	0.0311	0.0166	0.0144	0.0179	0.0159	0.0020	0.0132	0.0008	0.0124	0.0447	0.0351	0.0095	0.0187	0.0182	0.0005	0.0260	0.0169	0.0091	0.3198	0.2293	0.0905	0.1597	0.1486	0.0111	0.1601	0.0806	0.0794	1.0948	0.9509	1.5308	1.1479	1.2213	0.3479	1.0979	0.3027	1.6245	0.0971	0.0726	0.1592	0.1120	0.1067	0.1839	0.0822	0.0098	0.1558
109	118	0.0212	2	0	1	0	1	0	0	0	0	N	N	N	N	N	N	N	N	N	N	N	N	0.0605	0.0509	0.1016	0.0707	0.0702	0.2812	0.0555	0.0002	0.1007	0.0284	0.0174	0.0780	0.0429	0.0429	0.0600	0.0212	0.0000	0.0780	0.4697	0.3408	0.7674	0.6067	0.6106	0.2133	0.3827	0.0097	0.7743	0.9999	0.9747	0.0000	0.0054	0.2031	4.0036	2.0398	26.5072	0.0004	0.0002	0.0002	0.0002	0.0002	0.0000	0.0002	0.0000	0.0002	0.1540	0.0780	0.0760	0.0773	0.0770	0.0003	0.0768	0.0010	0.0758	0.0152	0.0125	0.0028	0.0050	0.0050	0.0000	0.0102	0.0074	0.0028	0.3279	0.2289	0.0991	0.1274	0.1261	0.0012	0.2006	0.1027	0.0978	0.0605	0.0509	0.1016	0.0707	0.0702	0.2812	0.0555	0.0002	0.1007	0.4697	0.3408	0.7674	0.6067	0.6106	0.2133	0.3827	0.0097	0.7743
109	119	0.0596	3	0	1	0	0	0	0	0	0	N	N	N	N	N	N	N	N	N	N	N	N	0.0081	0.0041	0.0442	0.0084	0.0085	0.0027	0.0079	0.0000	0.0466	0.0067	0.0040	0.0203	0.0085	0.0088	0.0002	0.0055	0.0000	0.0220	0.8257	0.9715	0.4582	1.0165	1.0399	0.0754	0.6944	0.8859	0.4720	0.9999	0.1870	0.0000	-0.0684	0.2031	3.8169	2.0398	21.2433	0.0001	0.0001	0.0001	0.0001	0.0001	0.0000	0.0001	0.0000	0.0001	0.2274	0.1916	0.0358	0.1141	0.1139	0.0002	0.1133	0.0777	0.0356	0.0164	0.0137	0.0027	0.0064	0.0062	0.0002	0.0100	0.0075	0.0025	0.2754	0.1972	0.0782	0.1123	0.1096	0.0027	0.1631	0.0877	0.0755	0.0081	0.0041	0.0442	0.0084	0.0085	0.0027	0.0079	0.0000	0.0466	0.8257	0.9715	0.4582	1.0165	1.0399	0.0754	0.6944	0.8859	0.4720
109	120	0.4053	7	0	1	0	0	0	0	0	0	N	N	N	N	N	N	N	N	N	N	N	N	0.4424	0.4664	0.5267	0.5568	0.5427	1.1613	0.3826	3.4273	0.4034	0.3981	0.3026	0.7898	0.6498	0.4757	3.2520	0.1868	0.1058	0.3691	0.8999	0.6488	1.4997	1.1669	0.8766	2.8002	0.4883	0.0309	0.9149	0.6363	0.9680	-0.0014	0.0181	0.2031	16.3276	2.0398	34.9199	0.0277	0.0169	0.0108	0.0206	0.0142	0.0065	0.0071	0.0028	0.0043	0.5409	0.2748	0.2660	0.4254	0.2713	0.1541	0.1155	0.0035	0.1120	0.0695	0.0559	0.0136	0.0317	0.0298	0.0020	0.0378	0.0262	0.0116	0.6010	0.4236	0.1774	0.3645	0.3095	0.0550	0.2365	0.1141	0.1224	0.4424	0.4664	0.5267	0.5568	0.5427	1.1613	0.3826	3.4273	0.4034	0.8999	0.6488	1.4997	1.1669	0.8766	2.8002	0.4883	0.0309	0.9149
109	121	0.3879	6	0	1	0	0	0	0	0	0	N	N	N	N	N	N	N	N	N	N	N	N	0.6186	0.5173	0.8932	0.7862	0.7364	2.0484	0.4906	0.2067	0.8202	0.4237	0.3330	0.6984	0.5614	0.5010	1.7878	0.3116	0.1112	0.5974	0.6849	0.6437	0.7819	0.7141	0.6803	0.8728	0.6351	0.5380	0.7284	0.6927	0.5169	-0.0004	-0.0368	0.2031	6.1757	2.0398	14.5601	0.0136	0.0080	0.0056	0.0081	0.0069	0.0012	0.0055	0.0012	0.0043	0.3130	0.2064	0.1067	0.2061	0.1619	0.0441	0.1069	0.0444	0.0625	0.0320	0.0241	0.0079	0.0144	0.0137	0.0007	0.0176	0.0104	0.0073	0.4570	0.3206	0.1364	0.2886	0.2380	0.0506	0.1684	0.0825	0.0859	0.6186	0.5173	0.8932	0.7862	0.7364	2.0484	0.4906	0.2067	0.8202	0.6849	0.6437	0.7819	0.7141	0.6803	0.8728	0.6351	0.5380	0.7284
109	122	0.3349	5	0	0	0	0	0	0	0	0	N	N	N	N	N	N	N	N	N	N	N	N	0.2465	0.1360	1.1375	0.3108	0.2711	5.3774	0.1959	0.0092	0.9770	0.2868	0.1974	0.5643	0.3558	0.3350	0.9674	0.2320	0.0176	0.5387	1.1637	1.4516	0.4961	1.1449	1.2357	0.1799	1.1841	1.9143	0.5514	0.9208	0.1474	0.0004	-0.1390	0.2031	7.5400	2.0398	21.4192	0.0109	0.0057	0.0052	0.0060	0.0054	0.0005	0.0049	0.0002	0.0047	0.4214	0.3673	0.0541	0.2161	0.2132	0.0029	0.2053	0.1541	0.0512	0.0379	0.0286	0.0092	0.0168	0.0162	0.0006	0.0211	0.0124	0.0087	0.3621	0.2530	0.1091	0.1888	0.1725	0.0162	0.1734	0.0805	0.0929	0.2465	0.1360	1.1375	0.3108	0.2711	5.3774	0.1959	0.0092	0.9770	1.1637	1.4516	0.4961	1.1449	1.2357	0.1799	1.1841	1.9143	0.5514
109	123	0.0951	4	0	1	0	0	0	0	0	0	N	N	N	N	N	N	N	N	N	N	N	N	19.3805	29.8300	8.0206	13.2303	23.9005	0.5540	830.9133	1405.6412	539.9487	1.5320	1.5878	1.2500	2.2825	2.2995	0.5044	1.1519	1.1155	1.2647	0.0790	0.0532	0.1559	0.1725	0.0962	0.9106	0.0014	0.0008	0.0023	0.1559	0.9842	-0.0064	0.0007	0.2031	4.0019	2.0398	19.5615	0.0210	0.0182	0.0028	0.0105	0.0105	0.0000	0.0105	0.0077	0.0028	0.0194	0.0098	0.0096	0.0192	0.0097	0.0095	0.0002	0.0001	0.0001	0.0137	0.0114	0.0023	0.0046	0.0046	0.0000	0.0091	0.0069	0.0022	0.2455	0.1838	0.0618	0.1114	0.1010	0.0104	0.1341	0.0828	0.0513	19.3805	29.8300	8.0206	13.2303	23.9005	0.5540	830.9133	1405.6412	539.9487	0.0790	0.0532	0.1559	0.1725	0.0962	0.9106	0.0014	0.0008	0.0023
109	124	0.0731	3	0	0	0	0	0	0	0	0	N	N	N	N	N	N	N	N	N	N	N	N	0.4384	0.2591	1.2782	0.3857	0.4115	0.0138	0.4985	0.0005	1.6093	0.1159	0.0756	0.2488	0.1298	0.1331	0.0080	0.1047	0.0001	0.2619	0.2645	0.2918	0.1947	0.3365	0.3236	0.5847	0.2101	0.2498	0.1627	0.9984	0.2612	0.0000	-0.0081	0.2031	1.2223	2.0398	8.2281	0.0008	0.0004	0.0004	0.0004	0.0004	0.0000	0.0004	0.0000	0.0004	0.0321	0.0254	0.0066	0.0176	0.0160	0.0015	0.0145	0.0094	0.0051	0.0065	0.0050	0.0015	0.0029	0.0028	0.0001	0.0036	0.0022	0.0014	0.1213	0.0871	0.0341	0.0522	0.0496	0.0026	0.0691	0.0376	0.0315	0.4384	0.2591	1.2782	0.3857	0.4115	0.0138	0.4985	0.0005	1.6093	0.2645	0.2918	0.1947	0.3365	0.3236	0.5847	0.2101	0.2498	0.1627
109	125	0.0212	2	0	0	0	0	0	0	0	0	N	N	N	N	N	N	N	N	N	N	N	N	2.6574	2.1968	4.7692	3.2082	3.1824	2.9401	2.3898	0.1214	4.7210	5.3748	3.2620	15.3007	8.2036	8.2078	0.7823	3.9966	0.0043	15.3159	2.0226	1.4849	3.2082	2.5571	2.5791	0.2661	1.6723	0.0351	3.2442	0.9984	0.9798	0.0070	0.0163	0.2031	5.9920	2.0398	12.2976	0.1190	0.0595	0.0594	0.0595	0.0595	0.0000	0.0595	0.0000	0.0594	0.4471	0.2258	0.2213	0.2238	0.2235	0.0002	0.2233	0.0023	0.2210	0.0221	0.0182	0.0039	0.0073	0.0072	0.0000	0.0149	0.0110	0.0039	0.2211	0.1521	0.0690	0.0875	0.0867	0.0008	0.1336	0.0654	0.0681	2.6574	2.1968	4.7692	3.2082	3.1824	2.9401	2.3898	0.1214	4.7210	2.0226	1.4849	3.2082	2.5571	2.5791	0.2661	1.6723	0.0351	3.2442
109	126	0.0160	2	0	1	0	0	0	0	0	0	N	N	N	N	N	N	N	N	N	N	N	N	1.9786	2.8874	0.8033	2.1906	2.1973	0.9641	1.8325	298.7885	0.8047	2.1469	2.6913	1.0437	2.6327	2.6472	0.4688	1.8118	2.7590	1.0484	1.0851	0.9321	1.2993	1.2018	1.2047	0.4862	0.9887	0.0092	1.3028	0.1914	0.9955	-0.0210	0.0276	0.2031	5.0407	2.0398	17.1705	0.0748	0.0628	0.0120	0.0374	0.0374	0.0000	0.0374	0.0254	0.0120	0.6806	0.3411	0.3395	0.3409	0.3403	0.0006	0.3398	0.0008	0.3390	0.0348	0.0233	0.0115	0.0142	0.0141	0.0001	0.0206	0.0092	0.0114	0.6273	0.3659	0.2613	0.2836	0.2825	0.0011	0.3436	0.0834	0.2602	1.9786	2.8874	0.8033	2.1906	2.1973	0.9641	1.8325	298.7885	0.8047	1.0851	0.9321	1.2993	1.2018	1.2047	0.4862	0.9887	0.0092	1.3028
109	129	0.3642	6	0	1	0	0	0	0	0	0	N	N	N	N	N	N	N	N	N	N	N	N	0.0000	0.0000	0.0000	0.0000	0.0000	0.0000	0.0000	0.0000	0.0000	0.0000	0.0000	0.0000	0.0000	0.0000	0.0000	0.0000	0.0000	0.0000	0.0016	0.0011	0.0032	0.0024	0.0016	0.0064	0.0004	0.0001	0.0008	0.9477	0.0000	0.0000	0.2031	1.0033	2.0398	0.8635	0.0000	0.0000	0.0000	0.0000	0.0000	0.0000	0.0000	0.0000	0.0000	0.0001	0.0001	0.0001	0.0001	0.0001	0.0001	0.0000	0.0000	0.0000	0.0044	0.0040	0.0004	0.0024	0.0023	0.0001	0.0020	0.0017	0.0003	0.0859	0.0647	0.0211	0.0530	0.0440	0.0090	0.0329	0.0207	0.0121	0.0000	0.0000	0.0000	0.0000	0.0000	0.0000	0.0000	0.0000	0.0000	0.0016	0.0011	0.0032	0.0024	0.0016	0.0064	0.0004	0.0001	0.0008	
109	130	0.3349	5	0	0	0	0	0	0	0	0	N	N	N	N	N	N	N	N	N	N	N	N	0.0001	0.0001	0.0001	0.0001	0.0001	0.0001	0.0001	0.0000	0.0004	0.0000	0.0000	0.0000	0.0000	0.0000	0.0001	0.0000	0.0000	0.0000	0.1306	0.1359	0.1191	0.1797	0.1350	0.6203	0.0731	0.1380	0.0258	0.5802	0.4056	-0.0000	-0.0064	0.2031	5.5514	2.0398	9.9598	0.0000	0.0000	0.0000	0.0000	0.0000	0.0000	0.0000	0.0000	0.0000	0.0379	0.0270	0.0109	0.0281	0.0192	0.0089	0.0098	0.0078	0.0020	0.0318	0.0235	0.0083	0.0145	0.0140	0.0005	0.0173	0.0095	0.0078	0.2904	0.1985	0.0919	0.1564	0.1420	0.0144	0.1340	0.0565	0.0775	0.0001	0.0001	0.0001	0.0001	0.0001	0.0001	0.0001	0.0000	0.0004	0.1306	0.1359	0.1191	0.1797	0.1350	0.6203	0.0731	0.1380	0.0258
109	131	0.3046	4	0	0	0	0	0	0	0	0	N	N	N	N	N	N	N	N	N	N	N	N	0.6832	0.5338	1.0702	0.8148	0.7800	2.4549	0.5864	0.0419	1.0087	0.2607	0.1736	0.5438	0.3207	0.3153	0.5556	0.2167	0.0065	0.5433	0.3816	0.3252	0.5081	0.3936	0.4042	0.2263	0.3695	0.1539	0.5386	0.9644	0.6974	0.0006	-0.0052	0.2031	9.1969	2.0398	13.4651	0.0112	0.0057	0.0055	0.0058	0.0056	0.0002	0.0054	0.0001	0.0053	0.1097	0.0646	0.0451	0.0569	0.0550	0.0020	0.0528	0.0097	0.0431	0.0429	0.0328	0.0101	0.0182	0.0178	0.0004	0.0248	0.0151	0.0097	0.2874	0.1987	0.0887	0.1446	0.1359	0.0086	0.1428	0.0628	0.0800	0.6832	0.5338	1.0702	0.8148	0.7800	2.4549	0.5864	0.0419	1.0087	0.3816	0.3252	0.5081	0.3936	0.4042	0.2263	0.3695	0.1539	0.5386
109	132	0.1181	6	1	1	0	1	0	0	0	0	N	N	N	N	N	N	N	N	N	N	N	N	0.0000	0.0000	0.0000	0.0000	0.0000	0.0000	0.0000	0.0000	0.0000	0.0000	0.0000	0.0000	0.0000	0.0000	0.0000	0.0000	0.0000	0.0005	0.0003	0.0008	0.0006	0.0006	0.0000	0.0004	0.0000	0.0008	1.0000	0.0000	0.0000	0.2031	1.0000	2.0398	3.0001	0.0000	0.0000	0.0000	0.0000	0.0000	0.0000	0.0000	0.0000	0.0000	0.0000	0.0000	0.0000	0.0000	0.0000	0.0000	0.0000	0.0000	0.0000	0.0035	0.0029	0.0006	0.0012	0.0012	0.0000	0.0023	0.0017	0.0006	0.0438	0.0314	0.0124	0.0179	0.0177	0.0003	0.0259	0.0138	0.0121	0.0000	0.0000	0.0000	0.0000	0.0000	0.0000	0.0000	0.0000	0.0000	0.0005	0.0003	0.0008	0.0006	0.0006	0.0000	0.0004	0.0000	0.0008		
109	133	0.5170	10	1	1	0	1	0	0	0	0	N	N	N	N	N	N	N	N	N	N	N	N	0.0000	0.0000	0.0000	0.0000	0.0000	0.0000	0.0000	0.0000	0.0000	0.0000	0.0000	0.0000	0.0000	0.0000	0.0000	0.0000	0.0000	0.0000	0.0094	0.0071	0.0169	0.0164	0.0101	0.1230	0.0027	0.0023	0.0032	0.7470	0.0000	-0.0000	0.2031	0.0006	2.0398	1.9797	0.0000	0.0000	0.0000	0.0000	0.0000	0.0000	0.0000	0.0000	0.0000	0.0001	0.0001	0.0001	0.0001	0.0001	0.0000	0.0000	0.0000	0.0000	0.0000	0.0000	0.0000	0.0000	0.0000	0.0000	0.0000	0.0000	0.0000	0.0146	0.0111	0.0035	0.0072	0.0068	0.0004	0.0074	0.0043	0.0031	0.0000	0.0000	0.0000	0.0000	0.0000	0.0000	0.0000	0.0000	0.0000	0.0094	0.0071	0.0169	0.0164	0.0101	0.1230	0.0027	0.0023	0.0032	
109	134	0.5003	9	1	1	0	1	0	0	0	0	N	N	N	N	N	N	N	N	N	N	N	N	0.0277	0.0172	0.0739	0.0301	0.0308	0.0000	0.0261	0.0000	0.0790	0.0000	0.0000	0.0001	0.0000	0.0000	0.0000	0.0000	0.0000	0.0001	0.0008	0.0007	0.0008	0.0008	0.0008	0.0007	0.0007	0.0006	0.0009	1.0000	0.3609	0.0000	-0.0000	0.2031	2.0077	2.0398	6.0321	0.0000	0.0000	0.0000	0.0000	0.0000	0.0000	0.0000	0.0000	0.0000	0.0000	0.0000	0.0000	0.0000	0.0000	0.0000	0.0000	0.0000	0.0000	0.0069	0.0057	0.0012	0.0029	0.0028	0.0001	0.0040	0.0029	0.0011	0.0560	0.0426	0.0134	0.0273	0.0257	0.0016	0.0287	0.0169	0.0118	0.0277	0.0172	0.0739	0.0301	0.0308	0.0000	0.0261	0.0000	0.0790	0.0008	0.0007	0.0008	0.0008	0.0008	0.0007	0.0007	0.0006	0.0009
109	135	0.4955	9	0	1	0	1	0	0	0	0	N	N	N	N	N	N	N	N	N	N	N	N	32.5490	19.1341	185.8992	32.1873	32.4518	2.9128	33.7219	0.0025	314.0470	0.2220	0.1599	0.3630	0.2468	0.2509	0.0198	0.2017	0.0000	0.3721	0.0068	0.0084	0.0020	0.0077	0.0077	0.0068	0.0060	0.0093	0.0012	0.9999	0.0737	0.0002	-0.0002	0.2031	3.0348	2.0398	9.3583	0.0038	0.0019	0.0019	0.0019	0.0019	0.0000	0.0019	0.0000	0.0019	0.0006	0.0006	0.0000	0.0003	0.0003	0.0000	0.0003	0.0003	0.0000	0.0172	0.0119	0.0053	0.0077	0.0076	0.0001	0.0095	0.0043	0.0051	0.0913	0.0694	0.0219	0.0454	0.0424	0.0030	0.0458	0.0269	0.0189	32.5490	19.1341	185.8992	32.1873	32.4518	2.9128	33.7219	0.0025	314.0470	0.0068	0.0084	0.0020	0.0077	0.0077	0.0068	0.0060	0.0093	0.0012
109	136	0.4812	8	0	0	0	1	0	0	0	0	N	N	N	N	N	N	N	N	N	N	N	N	442.5788	221.6096	4044.5849	489.3971	488.5881	1.9864	409.8512	0.5449	4807.1527	23.8471	14.6025	65.3101	28.1541	29.0009	0.0557	20.6827	0.0413	70.0689	0.0539	0.0659	0.0161	0.0575	0.0594	0.0280	0.0505	0.0757	0.0146	0.9972	0.0780	0.0002	-0.0010	0.2031	0.0433	2.0398	6.6805	0.0038	0.0019	0.0019	0.0019	0.0019	0.0000	0.0019	0.0000	0.0019	0.0026	0.0024	0.0002	0.0013	0.0013	0.0000	0.0012	0.0011	0.0001	0.0002	0.0001	0.0000	0.0001	0.0001	0.0000	0.0001	0.0001	0.0000	0.0478	0.0363	0.0115	0.0231	0.0218	0.0013	0.0247	0.0145	0.0102	442.5788	221.6096	4044.5849	489.3971	488.5881	1.9864	409.8512	0.5449	4807.1527	0.0539	0.0659	0.0161	0.0575	0.0594	0.0280	0.0505	0.0757	0.0146
109	137	0.1477	8	0	1	0	1	0	0	0	0	N	N	N	N	N	N	N	N	N	N	N	N	0.0000	0.0000	0.0000	0.0000	0.0000	0.0000	0.0000	0.0000	0.0000	0.0000	0.0000	0.0000	0.0000	0.0000	0.0000	0.0000	0.0000	0.0000	0.0000	0.0000	0.2031	0.0000	2.0398	0.0000	0.0000	0.0000	0.0000	0.0000	0.0000	0.0000	0.0000	0.0000	0.0000	0.0000	0.0000	0.0000	0.0000	0.0000	0.0000	0.0000	0.0000	0.0000	0.0000	0.0000	0.0000	0.0000	0.0000	0.0000	0.0000	0.0000	0.0000	0.0000	0.0000	0.0000	0.0000	0.0000	0.0000	0.0000	0.0000	0.0000	0.0000	0.0000	0.0000	0.0000	0.0000	0.0000	0.0000	0.0000	0.0000	0.0000	0.0000	0.0000	0.0000	0.0000	0.0000	0.0000	0.0000	0.0000											
109	138	0.1426	7	0	1	0	1	0	0	0	0	N	N	N	N	N	N	N	N	N	N	N	N	0.0000	0.0000	0.0000	0.0000	0.0000	0.0000	0.0000	0.0000	0.0000	0.0000	0.0000	0.0000	0.0000	0.0000	0.0000	0.0000	0.0000	0.0000	0.0000	0.0000	0.0000	0.0000	0.0000	0.0000	0.0000	1.0000	0.0000	0.0000	0.2031	0.0021	2.0398	2.0000	0.0000	0.0000	0.0000	0.0000	0.0000	0.0000	0.0000	0.0000	0.0000	0.0000	0.0000	0.0000	0.0000	0.0000	0.0000	0.0000	0.0000	0.0000	0.0000	0.0000	0.0000	0.0000	0.0000	0.0000	0.0000	0.0000	0.0000	0.0220	0.0159	0.0062	0.0092	0.0091	0.0002	0.0128	0.0068	0.0060	0.0000	0.0000	0.0000	0.0000	0.0000	0.0000	0.0000	0.0000	0.0000	0.0000	0.0000	0.0000	0.0000	0.0000	0.0000	0.0000	0.0000	0.0000			
109	139	0.1324	6	0	0	0	1	0	0	0	0	N	N	N	N	N	N	N	N	N	N	N	N	0.0000	0.0000	0.0000	0.0000	0.0000	0.0000	0.0000	0.0000	0.0000	0.0000	0.0000	0.0000	0.0000	0.0000	0.0000	0.0000	0.0000	0.0036	0.0025	0.0064	0.0044	0.0044	0.0000	0.0031	0.0000	0.0066	0.9999	0.0000	0.0000	0.2031	1.0020	2.0398	3.0181	0.0000	0.0000	0.0000	0.0000	0.0000	0.0000	0.0000	0.0000	0.0000	0.0002	0.0001	0.0001	0.0001	0.0001	0.0000	0.0001	0.0000	0.0001	0.0035	0.0029	0.0006	0.0012	0.0012	0.0000	0.0023	0.0017	0.0006	0.0440	0.0316	0.0124	0.0183	0.0180	0.0003	0.0257	0.0137	0.0121	0.0000	0.0000	0.0000	0.0000	0.0000	0.0000	0.0000	0.0000	0.0000	0.0036	0.0025	0.0064	0.0044	0.0044	0.0000	0.0031	0.0000	0.0066		
109	140	0.1181	6	0	1	0	0	0	0	0	0	N	N	N	N	N	N	N	N	N	N	N	N	0.0000	0.0000	0.0000	0.0000	0.0000	0.0000	0.0000	0.0000	0.0000	0.0000	0.0000	0.0000	0.0000	0.0000	0.0000	0.0000	0.0000	0.0000	0.0000	0.0000	0.0000	0.0000	0.0000	0.0000	1.0000	0.0000	0.0000	0.2031	0.0000	2.0398	4.0001	0.0000	0.0000	0.0000	0.0000	0.0000	0.0000	0.0000	0.0000	0.0000	0.0000	0.0000	0.0000	0.0000	0.0000	0.0000	0.0000	0.0000	0.0000	0.0000	0.0000	0.0000	0.0000	0.0000	0.0000	0.0000	0.0000	0.0000	0.0438	0.0314	0.0124	0.0179	0.0177	0.0003	0.0259	0.0138	0.0121	0.0000	0.0000	0.0000	0.0000	0.0000	0.0000	0.0000	0.0000	0.0000	0.0000	0.0000	0.0000	0.0000	0.0000	0.0000	0.0000	0.0000	0.0000				
109	141	0.4957	8	0	1	0	0	0	0	0	0	N	N	N	N	N	N	N	N	N	N	N	N	5.3336	4.5410	8.1986	4.9040	5.9983	0.0000	6.2992	0.9432	11.0076	0.0001	0.0001	0.0004	0.0002	0.0002	0.0000	0.0001	0.0000	0.0004	0.0000	0.0000	0.0000	0.0000	0.0000	0.0001	0.0000	0.0000	0.0000	0.9453	0.8087	0.0000	-0.0000	0.2031	1.0003	2.0398	5.0186	0.0000	0.0000	0.0000	0.0000	0.0000	0.0000	0.0000	0.0000	0.0000	0.0000	0.0000	0.0000	0.0000	0.0000	0.0000	0.0000	0.0000	0.0000	0.0035	0.0029	0.0006	0.0015	0.0014	0.0000	0.0020	0.0014	0.0005	0.0425	0.0323	0.0102	0.0207	0.0195	0.0012	0.0218	0.0128	0.0090	5.3336	4.5410	8.1986	4.9040	5.9983	0.0000	6.2992	0.9432	11.0076	0.0000	0.0000	0.0000	0.0000	0.0000	0.0001	0.0000	0.0000	0.0000
109	142	0.1324	6	0	0	1	1	0	0	0	0	N	N	N	N	N	N	N	N	N	N	N	N	0.0000	0.0000	0.0000	0.0000	0.0000	0.0000	0.0000	0.0000	0.0000	0.0000	0.0000	0.0000	0.0000	0.0000	0.0000	0.0000	0.0000	0.0004	0.0003	0.0007	0.0005	0.0005	0.0000	0.0004	0.0000	0.0008	0.9996	0.0000	0.0000	0.2031	0.0001	2.0398	9.0026	0.0000	0.0000	0.0000	0.0000	0.0000	0.0000	0.0000	0.0000	0.0000	0.0000	0.0000	0.0000	0.0000	0.0000	0.0000	0.0000	0.0000	0.0000	0.0000	0.0000	0.0000	0.0000	0.0000	0.0000	0.0000	0.0000	0.0000	0.0962	0.0691	0.0271	0.0399	0.0392	0.0007	0.0563	0.0299	0.0263	0.0000	0.0000	0.0000	0.0000	0.0000	0.0000	0.0000	0.0000	0.0000	0.0004	0.0003	0.0007	0.0005	0.0005	0.0000	0.0004	0.0000	0.0008		
109	143	0.4812	8	0	0	1	1	0	0	0	0	N	N	N	N	N	N	N	N	N	N	N	N	0.0095	0.0044	1.1375	0.0111	0.0108	0.0178	0.0084	0.0000	12.4760	0.0003	0.0002	0.0008	0.0003	0.0003	0.0001	0.0002	0.0000	0.0009	0.0285	0.0374	0.0007	0.0298	0.0313	0.0054	0.0273	0.0465	0.0001	0.9995	0.0059	0.0000	-0.0009	0.2031	2.0061	2.0398	8.0425	0.0000	0.0000	0.0000	0.0000	0.0000	0.0000	0.0000	0.0000	0.0000	0.0020	0.0020	0.0000	0.0010	0.0010	0.0000	0.0010	0.0010	0.0000	0.0067	0.0055	0.0011	0.0028	0.0027	0.0001	0.0039	0.0029	0.0011	0.0702	0.0532	0.0170	0.0339	0.0320	0.0020	0.0363	0.0213	0.0150	0.0095	0.0044	1.1375	0.0111	0.0108	0.0178	0.0084	0.0000	12.4760	0.0285	0.0374	0.0007	0.0298	0.0313	0.0054	0.0273	0.0465	0.0001
109	144	0.4721	7	0	0	0	1	0	0	0	0	N	N	N	N	N	N	N	N	N	N	N	N	2247.3548	1998.0038	2985.2871	1442.3258	2459.5052	42.3329	7981.5922	6.4188	14035.6023	6.2209	3.8255	16.6544	7.1521	7.3642	1.7683	5.4922	0.0018	18.1109	0.0028	0.0019	0.0056	0.0050	0.0030	0.0418	0.0007	0.0003	0.0013	0.9995	0.8847	0.0027	0.0000	0.2031	1.9550	2.0398	2.1189	0.0452	0.0226	0.0226	0.0228	0.0226	0.0002	0.0224	0.0000	0.0224	0.0001	0.0001	0.0000	0.0001	0.0000	0.0000	0.0000	0.0000	0.0000	0.0073	0.0059	0.0014	0.0032	0.0031	0.0001	0.0041	0.0028	0.0012	0.0352	0.0270	0.0082	0.0171	0.0163	0.0009	0.0181	0.0107	0.0073	2247.3548	1998.0038	2985.2871	1442.3258	2459.5052	42.3329	7981.5922	6.4188	14035.6023	0.0028	0.0019	0.0056	0.0050	0.0030	0.0418	0.0007	0.0003	0.0013
109	145	0.4721	7	0	0	1	1	0	0	0	0	N	N	N	N	N	N	N	N	N	N	N	N	0.0227	0.0107	6.9583	0.0250	0.0245	0.0072	0.0210	0.0002	9.3761	0.0245	0.0152	0.0654	0.0280	0.0290	0.0002	0.0218	0.0003	0.0718	1.0762	1.4127	0.0094	1.1186	1.1837	0.0232	1.0368	1.7533	0.0077	0.9813	0.0021	0.0000	-0.0704	0.2031	2.1261	2.0398	18.6477	0.0002	0.0001	0.0001	0.0001	0.0001	0.0000	0.0001	0.0000	0.0001	0.1543	0.1540	0.0003	0.0773	0.0772	0.0001	0.0771	0.0768	0.0002	0.0078	0.0064	0.0015	0.0034	0.0033	0.0001	0.0044	0.0031	0.0013	0.1434	0.1090	0.0344	0.0691	0.0652	0.0039	0.0743	0.0438	0.0305	0.0227	0.0107	6.9583	0.0250	0.0245	0.0072	0.0210	0.0002	9.3761	1.0762	1.4127	0.0094	1.1186	1.1837	0.0232	1.0368	1.7533	0.0077
109	146	0.1324	6	0	0	1	1	0	0	0	0	N	N	N	N	N	N	N	N	N	N	N	N	0.0000	0.0000	0.0000	0.0000	0.0000	0.0000	0.0000	0.0000	0.0000	0.0000	0.0000	0.0000	0.0000	0.0000	0.0000	0.0000	0.0000	0.0000	0.0000	0.0000	0.0000	0.0000	0.0000	0.0000	0.0000	0.0000	0.8760	0.0000	0.0000	0.2031	2.0001	2.0398	5.9880	0.0000	0.0000	0.0000	0.0000	0.0000	0.0000	0.0000	0.0000	0.0000	0.0000	0.0000	0.0000	0.0000	0.0000	0.0000	0.0000	0.0000	0.0000	0.0069	0.0057	0.0011	0.0024	0.0023	0.0000	0.0045	0.0034	0.0011	0.0858	0.0616	0.0241	0.0356	0.0350	0.0006	0.0502	0.0267	0.0235	0.0000	0.0000	0.0000	0.0000	0.0000	0.0000	0.0000	0.0000	0.0000	0.0000	0.0000	0.0000	0.0000	0.0000	0.0000	0.0000	0.0000	0.0000		
109	147	0.1324	6	0	0	1	1	0	0	0	0	N	N	N	N	N	N	N	N	N	N	N	N	193.4163	167.8403	322.7545	213.8168	231.4436	7.3904	190.1139	125.1576	402.4196	0.9469	0.8814	1.2834	1.3860	1.3976	0.2245	0.7186	0.5306	1.3059	0.0049	0.0053	0.0040	0.0065	0.0060	0.0304	0.0038	0.0042	0.0032	0.2834	0.2931	-0.0062	-0.0003	0.2031	9.0001	2.0398	23.0169	0.0281	0.0219	0.0062	0.0141	0.0141	0.0000	0.0140	0.0079	0.0062	0.0015	0.0012	0.0003	0.0008	0.0007	0.0001	0.0007	0.0004	0.0003	0.0297	0.0249	0.0048	0.0102	0.0101	0.0001	0.0195	0.0148	0.0047	0.3064	0.2209	0.0855	0.1265	0.1242	0.0023	0.1799	0.0967	0.0832	193.4163	167.8403	322.7545	213.8168	231.4436	7.3904	190.1139	125.1576	402.4196	0.0049	0.0053	0.0040	0.0065	0.0060	0.0304	0.0038	0.0042	0.0032
109	148	0.1071	5	0	0	0	1	0	0	0	0	N	N	N	N	N	N	N	N	N	N	N	N	2.3097	1.2348	9.9535	2.6714	2.6738	0.0289	2.1220	0.0019	10.1448	0.0272	0.0167	0.0741	0.0388	0.0391	0.0002	0.0210	0.0000	0.0754	0.0118	0.0135	0.0074	0.0145	0.0146	0.0079	0.0099	0.0121	0.0074	0.9984	0.2190	0.0000	-0.0004	0.2031	1.9990	2.0398	7.9526	0.0002	0.0001	0.0001	0.0001	0.0001	0.0000	0.0001	0.0000	0.0001	0.0013	0.0011	0.0002	0.0006	0.0006	0.0000	0.0006	0.0004	0.0002	0.0073	0.0059	0.0013	0.0026	0.0025	0.0000	0.0047	0.0034	0.0013	0.1088	0.0779	0.0310	0.0447	0.0439	0.0008	0.0641	0.0339	0.0302	2.3097	1.2348	9.9535	2.6714	2.6738	0.0289	2.1220	0.0019	10.1448	0.0118	0.0135	0.0074	0.0145	0.0146	0.0079	0.0099	0.0121	0.0074
109	149	0.0752	4	1	1	0	0	0	0	0	0	N	N	N	N	N	N	N	N	N	N	N	N	0.0104	0.0090	0.0170	0.0119	0.0118	0.0166	0.0096	0.0000	0.0168	0.0185	0.0111	0.0539	0.0256	0.0258	0.0020	0.0144	0.0000	0.0549	1.7717	1.2377	3.1618	2.1444	2.1898	0.1202	1.5085	0.0248	3.2647	0.9999	0.9812	0.0000	0.0159	0.2031	5.3497	2.0398	17.2225	0.0004	0.0002	0.0002	0.0002	0.0002	0.0000	0.0002	0.0000	0.0002	0.4318	0.2180	0.2139	0.2163	0.2160	0.0003	0.2155	0.0019	0.2136	0.0215	0.0178	0.0037	0.0078	0.0077	0.0001	0.0138	0.0101	0.0036	0.2437	0.1761	0.0676	0.1009	0.0987	0.0022	0.1429	0.0774	0.0654	0.0104	0.0090	0.0170	0.0119	0.0118	0.0166	0.0096	0.0000	0.0168	1.7717	1.2377	3.1618	2.1444	2.1898	0.1202	1.5085	0.0248	3.2647
109	150	0.1060	5	0	1	0	0	0	0	0	0	N	N	N	N	N	N	N	N	N	N	N	N	0.1236	0.1002	0.2201	0.1505	0.1338	1.2872	0.1025	0.0001	0.1941	0.0226	0.0136	0.0686	0.0324	0.0291	0.2060	0.0162	0.0000	0.0621	0.1832	0.1353	0.3116	0.2154	0.2172	0.1601	0.1582	0.0215	0.3198	0.9997	0.8591	0.0000	0.0002	0.2031	3.6794	2.0398	17.4287	0.0004	0.0002	0.0002	0.0002	0.0002	0.0000	0.0002	0.0000	0.0002	0.0443	0.0238	0.0205	0.0228	0.0223	0.0005	0.0215	0.0016	0.0199	0.0173	0.0144	0.0029	0.0069	0.0067	0.0001	0.0104	0.0077	0.0027	0.2419	0.1762	0.0657	0.1058	0.1024	0.0034	0.1361	0.0737	0.0623	0.1236	0.1002	0.2201	0.1505	0.1338	1.2872	0.1025	0.0001	0.1941	0.1832	0.1353	0.3116	0.2154	0.2172	0.1601	0.1582	0.0215	0.3198
109	151	0.0752	4	0	1	0	0	0	0	0	0	N	N	N	N	N	N	N	N	N	N	N	N	0.8225	0.5345	2.1705	0.6029	0.7916	0.0026	1.7157	0.1425	7.4713	0.0505	0.0328	0.1328	0.0683	0.0690	0.0028	0.0400	0.0039	0.1356	0.0613	0.0614	0.0612	0.1133	0.0871	1.1011	0.0233	0.0276	0.0182	0.8665	0.3770	0.0000	-0.0018	0.2031	3.4464	2.0398	10.1316	0.0007	0.0004	0.0003	0.0004	0.0004	0.0000	0.0004	0.0000	0.0003	0.0098	0.0071	0.0027	0.0076	0.0057	0.0019	0.0021	0.0014	0.0008	0.0148	0.0122	0.0026	0.0055	0.0054	0.0001	0.0093	0.0068	0.0026	0.1596	0.1158	0.0438	0.0674	0.0657	0.0017	0.0921	0.0501	0.0420	0.8225	0.5345	2.1705	0.6029	0.7916	0.0026	1.7157	0.1425	7.4713	0.0613	0.0614	0.0612	0.1133	0.0871	1.1011	0.0233	0.0276	0.0182
109	152	0.5025	10	1	1	0	0	0	0	0	0	N	N	N	N	N	N	N	N	N	N	N	N	0.0232	0.0223	0.0308	0.0263	0.0256	0.0000	0.0209	0.1423	0.0296	0.0017	0.0011	0.0049	0.0020	0.0021	0.0000	0.0015	0.0001	0.0053	0.0753	0.0496	0.1584	0.0777	0.0822	0.0041	0.0730	0.0007	0.1792	0.9033	0.9879	0.0000	0.0003	0.2031	1.0143	2.0398	12.0086	0.0000	0.0000	0.0000	0.0000	0.0000	0.0000	0.0000	0.0000	0.0000	0.0066	0.0033	0.0033	0.0033	0.0033	0.0000	0.0033	0.0000	0.0032	0.0035	0.0029	0.0006	0.0015	0.0015	0.0000	0.0020	0.0015	0.0006	0.0871	0.0665	0.0206	0.0423	0.0399	0.0025	0.0448	0.0267	0.0181	0.0232	0.0223	0.0308	0.0263	0.0256	0.0000	0.0209	0.1423	0.0296	0.0753	0.0496	0.1584	0.0777	0.0822	0.0041	0.0730	0.0007	0.1792
109	153	0.5003	9	1	1	0	0	0	0	0	0	N	N	N	N	N	N	N	N	N	N	N	N	20.2804	16.5290	32.7166	23.0860	22.6294	28.4313	18.2039	0.0000	31.7765	0.0075	0.0045	0.0222	0.0089	0.0091	0.0033	0.0065	0.0000	0.0239	0.0004	0.0003	0.0007	0.0004	0.0004	0.0001	0.0004	0.0001	0.0008	0.9999	0.7800	0.0000	-0.0000	0.2031	0.9811	2.0398	0.0216	0.0000	0.0000	0.0000	0.0000	0.0000	0.0000	0.0000	0.0000	0.0000	0.0000	0.0000	0.0000	0.0000	0.0000	0.0000	0.0000	0.0000	0.0000	0.0034	0.0028	0.0006	0.0014	0.0014	0.0000	0.0020	0.0014	0.0005	0.0072	0.0055	0.0017	0.0035	0.0033	0.0002	0.0037	0.0022	0.0015	20.2804	16.5290	32.7166	23.0860	22.6294	28.4313	18.2039	0.0000	31.7765	0.0004	0.0003	0.0007	0.0004	0.0004	0.0001	0.0004	0.0001	0.0008
109	154	0.4957	8	1	1	0	0	0	0	0	0	N	N	N	N	N	N	N	N	N	N	N	N	228.2468	191.2916	343.1358	203.9948	245.7967	0.0000	269.9506	27.5555	456.1048	0.0194	0.0121	0.0531	0.0216	0.0225	0.0000	0.0177	0.0005	0.0596	0.0001	0.0001	0.0002	0.0001	0.0001	0.0003	0.0001	0.0000	0.0001	0.9581	0.7715	0.0000	-0.0000	0.2031	0.0083	2.0398	2.0001	0.0000	0.0000	0.0000	0.0000	0.0000	0.0000	0.0000	0.0000	0.0000	0.0000	0.0000	0.0000	0.0000	0.0000	0.0000	0.0000	0.0000	0.0000	0.0000	0.0000	0.0000	0.0000	0.0000	0.0000	0.0000	0.0000	0.0000	0.0146	0.0111	0.0035	0.0071	0.0067	0.0004	0.0075	0.0044	0.0031	228.2468	191.2916	343.1358	203.9948	245.7967	0.0000	269.9506	27.5555	456.1048	0.0001	0.0001	0.0002	0.0001	0.0001	0.0003	0.0001	0.0000	0.0001
109	155	0.4721	7	0	1	0	0	0	0	0	0	N	N	N	N	N	N	N	N	N	N	N	N	7.9427	6.1477	14.7384	6.0791	9.0962	0.0054	13.3075	2.3417	102.8858	0.0221	0.0159	0.0503	0.0255	0.0264	0.0001	0.0196	0.0050	0.0550	0.0028	0.0026	0.0034	0.0042	0.0029	0.0265	0.0015	0.0021	0.0005	0.6953	0.4111	-0.0000	-0.0000	0.2031	2.9180	2.0398	7.4065	0.0002	0.0001	0.0001	0.0001	0.0001	0.0000	0.0001	0.0000	0.0001	0.0002	0.0002	0.0001	0.0002	0.0001	0.0001	0.0001	0.0001	0.0000	0.0105	0.0086	0.0019	0.0046	0.0044	0.0002	0.0059	0.0042	0.0017	0.0776	0.0591	0.0185	0.0375	0.0355	0.0020	0.0401	0.0236	0.0164	7.9427	6.1477	14.7384	6.0791	9.0962	0.0054	13.3075	2.3417	102.8858	0.0028	0.0026	0.0034	0.0042	0.0029	0.0265	0.0015	0.0021	0.0005
109	156	0.4062	6	0	0	0	0	0	0	0	0	N	N	N	N	N	N	N	N	N	N	N	N	0.0519	0.0432	0.0988	0.0531	0.0556	0.0071	0.0515	0.0149	0.1074	0.0091	0.0054	0.0293	0.0101	0.0104	0.0017	0.0082	0.0000	0.0325	0.1748	0.1244	0.2969	0.1900	0.1869	0.2415	0.1598	0.0027	0.3029	0.9928	0.9836	0.0000	0.0017	0.2031	8.2479	2.0398	19.7214	0.0003	0.0002	0.0002	0.0002	0.0002	0.0000	0.0002	0.0000	0.0002	0.0455	0.0229	0.0226	0.0246	0.0228	0.0018	0.0209	0.0002	0.0208	0.0336	0.0284	0.0052	0.0152	0.0147	0.0005	0.0184	0.0138	0.0046	0.2602	0.1843	0.0760	0.1292	0.1218	0.0074	0.1310	0.0624	0.0686	0.0519	0.0432	0.0988	0.0531	0.0556	0.0071	0.0515	0.0149	0.1074	0.1748	0.1244	0.2969	0.1900	0.1869	0.2415	0.1598	0.0027	0.3029
109	157	0.3701	5	0	0	0	0	0	0	0	0	N	N	N	N	N	N	N	N	N	N	N	N	0.0299	0.0235	0.0593	0.0360	0.0353	0.0368	0.0256	0.0038	0.0593	0.0187	0.0114	0.0539	0.0225	0.0231	0.0056	0.0159	0.0002	0.0581	0.6241	0.4837	0.9092	0.6261	0.6541	0.1512	0.6221	0.0619	0.9797	0.9785	0.9259	0.0000	0.0039	0.2031	7.4725	2.0398	14.3153	0.0005	0.0003	0.0003	0.0003	0.0003	0.0000	0.0003	0.0000	0.0003	0.1734	0.0900	0.0834	0.0879	0.0867	0.0012	0.0855	0.0033	0.0822	0.0279	0.0231	0.0048	0.0116	0.0113	0.0004	0.0162	0.0118	0.0044	0.2778	0.1861	0.0917	0.1404	0.1326	0.0078	0.1374	0.0535	0.0839	0.0299	0.0235	0.0593	0.0360	0.0353	0.0368	0.0256	0.0038	0.0593	0.6241	0.4837	0.9092	0.6261	0.6541	0.1512	0.6221	0.0619	0.9797
109	158	0.3046	4	0	0	0	0	0	0	0	0	N	N	N	N	N	N	N	N	N	N	N	N	0.4396	0.4004	0.5844	0.4888	0.5036	0.0290	0.4090	0.4098	0.5931	0.1372	0.0914	0.2969	0.1650	0.1687	0.0110	0.1173	0.0066	0.3098	0.3120	0.2282	0.5080	0.3376	0.3350	0.3795	0.2868	0.0160	0.5223	0.9313	0.9519	0.0003	0.0031	0.2031	11.6653	2.0398	19.4910	0.0069	0.0036	0.0033	0.0034	0.0034	0.0000	0.0034	0.0001	0.0033	0.1041	0.0533	0.0508	0.0559	0.0521	0.0038	0.0482	0.0013	0.0470	0.0501	0.0389	0.0112	0.0208	0.0204	0.0005	0.0292	0.0186	0.0107	0.3337	0.2338	0.1000	0.1655	0.1555	0.0100	0.1682	0.0783	0.0899	0.4396	0.4004	0.5844	0.4888	0.5036	0.0290	0.4090	0.4098	0.5931	0.3120	0.2282	0.5080	0.3376	0.3350	0.3795	0.2868	0.0160	0.5223
109	159	0.2574	3	0	0	0	0	0	0	0	0	N	N	N	N	N	N	N	N	N	N	N	N	3.7369	3.3117	4.8873	4.0855	4.1196	0.6289	3.4954	0.5960	4.7897	1.0123	0.6638	2.1903	1.1724	1.1987	0.1469	0.8900	0.0175	2.2923	0.2709	0.2005	0.4482	0.2870	0.2910	0.2336	0.2546	0.0294	0.4786	0.9760	0.8884	0.0019	0.0010	0.2031	7.3933	2.0398	20.5306	0.0361	0.0183	0.0178	0.0181	0.0181	0.0001	0.0180	0.0002	0.0178	0.0825	0.0437	0.0388	0.0440	0.0415	0.0025	0.0385	0.0022	0.0363	0.0357	0.0275	0.0081	0.0155	0.0151	0.0004	0.0202	0.0125	0.0078	0.3045	0.2179	0.0866	0.1533	0.1425	0.0108	0.1513	0.0754	0.0758	3.7369	3.3117	4.8873	4.0855	4.1196	0.6289	3.4954	0.5960	4.7897	0.2709	0.2005	0.4482	0.2870	0.2910	0.2336	0.2546	0.0294	0.4786
109	160	0.0212	2	0	0	0	0	0	0	0	0	N	N	N	N	N	N	N	N	N	N	N	N	0.4156	0.5063	0.4090	0.4925	0.4896	2.6700	0.3807	6.1087	0.4052	0.3810	0.3333	0.6350	0.6034	0.6029	1.5103	0.2782	0.1714	0.6340	0.9167	0.6584	1.5525	1.2253	1.2315	0.5657	0.7307	0.0281	1.5648	0.3576	0.9578	-0.0059	0.0187	0.2031	27.6416	2.0398	54.6365	0.0331	0.0244	0.0087	0.0166	0.0166	0.0000	0.0165	0.0078	0.0087	0.6063	0.3097	0.2966	0.3047	0.3034	0.0013	0.3016	0.0063	0.2953	0.0869	0.0732	0.0137	0.0275	0.0275	0.0000	0.0594	0.0457	0.0137	0.6614	0.4704	0.1911	0.2487	0.2464	0.0023	0.4127	0.2240	0.1887	0.4156	0.5063	0.4090	0.4925	0.4896	2.6700	0.3807	6.1087	0.4052	0.9167	0.6584	1.5525	1.2253	1.2315	0.5657	0.7307	0.0281	1.5648
109	161	0.1257	8	1	1	0	0	0	0	0	0	N	N	N	N	N	N	N	N	N	N	N	N	0.0000	0.0000	0.0000	0.0000	0.0000	0.0000	0.0000	0.0000	0.0000	0.0000	0.0000	0.0000	0.0000	0.0000	0.0000	0.0000	0.0000	0.0000	0.0008	0.0010	0.0004	0.0010	0.0010	0.0025	0.0006	0.0010	0.0003	0.1432	0.0000	-0.0000	0.2031	0.0002	2.0398	3.0099	0.0000	0.0000	0.0000	0.0000	0.0000	0.0000	0.0000	0.0000	0.0000	0.0000	0.0000	0.0000	0.0000	0.0000	0.0000	0.0000	0.0000	0.0000	0.0000	0.0000	0.0000	0.0000	0.0000	0.0000	0.0000	0.0000	0.0000	0.0334	0.0240	0.0094	0.0137	0.0135	0.0002	0.0197	0.0105	0.0092	0.0000	0.0000	0.0000	0.0000	0.0000	0.0000	0.0000	0.0000	0.0000	0.0008	0.0010	0.0004	0.0010	0.0010	0.0025	0.0006	0.0010	0.0003	
109	162	0.1181	7	1	1	0	0	0	0	0	0	N	N	N	N	N	N	N	N	N	N	N	N	0.0000	0.0000	0.0000	0.0000	0.0000	0.0000	0.0000	0.0000	0.0000	0.0000	0.0000	0.0000	0.0000	0.0000	0.0000	0.0000	0.0000	0.0000	0.0282	0.0201	0.0486	0.0352	0.0358	0.0001	0.0234	0.0001	0.0498	0.9557	0.0000	0.0000	0.2031	0.9998	2.0398	2.0118	0.0000	0.0000	0.0000	0.0000	0.0000	0.0000	0.0000	0.0000	0.0000	0.0009	0.0005	0.0005	0.0005	0.0005	0.0000	0.0005	0.0000	0.0005	0.0035	0.0029	0.0006	0.0012	0.0012	0.0000	0.0023	0.0017	0.0006	0.0332	0.0238	0.0094	0.0136	0.0134	0.0002	0.0196	0.0104	0.0092	0.0000	0.0000	0.0000	0.0000	0.0000	0.0000	0.0000	0.0000	0.0000	0.0282	0.0201	0.0486	0.0352	0.0358	0.0001	0.0234	0.0001	0.0498	
109	163	0.1181	6	1	1	0	0	0	0	0	0	N	N	N	N	N	N	N	N	N	N	N	N	0.0000	0.0000	0.0000	0.0000	0.0000	0.0000	0.0000	0.0000	0.0000	0.0000	0.0000	0.0000	0.0000	0.0000	0.0000	0.0000	0.0000	0.0000	0.0168	0.0168	0.0166	0.0238	0.0191	0.3502	0.0111	0.0139	0.0064	0.2666	0.0000	-0.0000	0.2031	0.0000	2.0398	0.0003	0.0000	0.0000	0.0000	0.0000	0.0000	0.0000	0.0000	0.0000	0.0000	0.0000	0.0000	0.0000	0.0000	0.0000	0.0000	0.0000	0.0000	0.0000	0.0000	0.0000	0.0000	0.0000	0.0000	0.0000	0.0000	0.0000	0.0000	0.0000	0.0000	0.0000	0.0000	0.0000	0.0000	0.0000	0.0000	0.0000	0.0000	0.0000	0.0000	0.0000	0.0000	0.0000	0.0000	0.0000	0.0000	0.0168	0.0168	0.0166	0.0238	0.0191	0.3502	0.0111	0.0139	0.0064	
109	164	0.1071	5	0	1	0	0	0	0	0	0	N	N	N	N	N	N	N	N	N	N	N	N	67.3562	72.6714	54.6402	53.9343	55.3946	1.3906	82.0078	1.7708	56.6927	0.4575	0.4325	0.4856	0.4645	0.4649	0.0270	0.4507	0.0048	0.4861	0.0068	0.0060	0.0089	0.0086	0.0084	0.0194	0.0055	0.0027	0.0086	0.9984	0.5994	0.0000	-0.0000	0.2031	0.0063	2.0398	4.3641	0.0002	0.0001	0.0001	0.0001	0.0001	0.0000	0.0001	0.0000	0.0001	0.0003	0.0002	0.0001	0.0002	0.0002	0.0000	0.0002	0.0000	0.0001	0.0004	0.0002	0.0002	0.0002	0.0002	0.0000	0.0002	0.0000	0.0002	0.0508	0.0362	0.0145	0.0211	0.0207	0.0004	0.0296	0.0155	0.0141	67.3562	72.6714	54.6402	53.9343	55.3946	1.3906	82.0078	1.7708	56.6927	0.0068	0.0060	0.0089	0.0086	0.0084	0.0194	0.0055	0.0027	0.0086
109	165	0.0752	4	0	0	0	0	0	0	0	0	N	N	N	N	N	N	N	N	N	N	N	N	75.7347	64.0270	120.5489	82.0055	82.5381	0.4791	72.7871	1.1834	121.2194	10.4274	6.3691	28.8195	13.8004	13.9522	0.0674	8.3792	0.0091	29.4919	0.1377	0.0995	0.2391	0.1683	0.1690	0.1407	0.1151	0.0077	0.2433	0.9984	0.9057	0.0070	0.0003	0.2031	2.5207	2.0398	10.0226	0.1196	0.0598	0.0597	0.0598	0.0598	0.0000	0.0598	0.0000	0.0597	0.0206	0.0108	0.0098	0.0107	0.0104	0.0002	0.0099	0.0004	0.0095	0.0115	0.0094	0.0021	0.0043	0.0043	0.0000	0.0071	0.0051	0.0020	0.1494	0.1085	0.0409	0.0634	0.0617	0.0017	0.0860	0.0468	0.0392	75.7347	64.0270	120.5489	82.0055	82.5381	0.4791	72.7871	1.1834	121.2194	0.1377	0.0995	0.2391	0.1683	0.1690	0.1407	0.1151	0.0077	0.2433
109	166	0.0596	3	0	0	0	0	0	0	0	0	N	N	N	N	N	N	N	N	N	N	N	N	0.5610	0.3838	1.2937	0.4432	0.5621	0.0005	0.8382	0.0013	2.2105	0.0376	0.0225	0.1137	0.0458	0.0478	0.0002	0.0319	0.0000	0.1267	0.0670	0.0587	0.0879	0.1033	0.0850	0.4897	0.0380	0.0206	0.0573	0.9988	0.5954	0.0000	-0.0006	0.2031	2.6894	2.0398	4.6619	0.0005	0.0002	0.0002	0.0002	0.0002	0.0000	0.0002	0.0000	0.0002	0.0070	0.0044	0.0026	0.0048	0.0038	0.0010	0.0022	0.0006	0.0016	0.0124	0.0103	0.0020	0.0051	0.0049	0.0002	0.0073	0.0055	0.0018	0.1045	0.0748	0.0297	0.0464	0.0443	0.0021	0.0581	0.0305	0.0276	0.5610	0.3838	1.2937	0.4432	0.5621	0.0005	0.8382	0.0013	2.2105	0.0670	0.0587	0.0879	0.1033	0.0850	0.4897	0.0380	0.0206	0.0573
109	167	0.0212	2	0	0	0	0	0	0	0	0	N	N	N	N	N	N	N	N	N	N	N	N	0.2039	0.1438	0.4262	0.2321	0.2334	0.1671	0.1942	0.0002	0.4297	0.0492	0.0304	0.1295	0.0733	0.0733	0.0840	0.0370	0.0000	0.1296	0.2412	0.2111	0.3038	0.3158	0.3140	0.5028	0.1905	0.0607	0.3015	0.9996	0.6912	0.0000	-0.0018	0.2031	2.7966	2.0398	8.5340	0.0005	0.0003	0.0003	0.0003	0.0003	0.0000	0.0003	0.0000	0.0003	0.0371	0.0219	0.0152	0.0197	0.0194	0.0003	0.0174	0.0026	0.0149	0.0110	0.0089	0.0021	0.0037	0.0037	0.0000	0.0073	0.0052	0.0021	0.1537	0.1039	0.0499	0.0623	0.0617	0.0006	0.0915	0.0422	0.0493	0.2039	0.1438	0.4262	0.2321	0.2334	0.1671	0.1942	0.0002	0.4297	0.2412	0.2111	0.3038	0.3158	0.3140	0.5028	0.1905	0.0607	0.3015
110	115	0.6819	10	2	0	2	0	0	0	0	0	Y	N	Y	N	N	N	N	N	N	N	N	N	0.0000	0.0000	0.0000	0.0000	0.0000	0.0000	0.0000	0.0000	0.0000	0.0000	0.0000	0.0000	0.0000	0.0000	0.0000	0.0000	0.0000	0.0000	0.0000	0.0000	0.0001	1.0009	0.0001	4.0038	0.0000	0.0000	0.0000	0.0000	0.0000	0.0000	0.0000	0.0000	0.0000	0.0000	0.0000	0.0000	0.0000	0.0000	0.0000	0.0000	0.0000	0.0000	0.0007	0.0005	0.0001	0.0003	0.0003	0.0000	0.0003	0.0002	0.0001	0.0000	0.0000	0.0000	0.0000	0.0000	0.0000	0.0000	0.0000	0.0000	0.0000	0.0000	0.0000	0.0000	0.0000	0.0000	0.0000	0.0000	0.0000	0.0000	0.0000	0.0000	0.0000	0.0000	0.0000	0.0000	0.0000	0.0000											
110	116	0.6536	9	2	0	2	0	0	0	0	0	Y	N	Y	N	N	N	N	N	N	N	N	N	0.0000	0.0000	0.0000	0.0000	0.0000	0.0000	0.0000	0.0000	0.0000	0.0000	0.0000	0.0000	0.0000	0.0000	0.0000	0.0000	0.0000	0.0000	0.0000	-0.0000	0.0001	1.8441	0.0001	10.4794	0.0000	0.0000	0.0000	0.0000	0.0000	0.0000	0.0000	0.0000	0.0000	0.0000	0.0000	0.0000	0.0000	0.0000	0.0000	0.0000	0.0000	0.0000	0.0013	0.0010	0.0003	0.0006	0.0006	0.0000	0.0006	0.0004	0.0003	0.0001	0.0001	0.0000	0.0000	0.0000	0.0000	0.0000	0.0000	0.0000	0.0000	0.0000	0.0000	0.0000	0.0000	0.0000	0.0000	0.0000	0.0000	0.0000	0.0000	0.0000	0.0000	0.0000	0.0000	0.0000	0.0000	0.0000											
110	117	0.3655	7	1	1	1	1	0	0	0	0	N	N	N	N	N	N	N	N	N	N	N	N	0.0122	0.0109	0.0869	0.0816	0.0000	0.0000	0.0000	0.0000	0.0000	0.0000	0.0000	0.0000	0.0000	0.0000	0.0000	0.0001	0.0002	0.0000	0.0000	0.0000	0.0000	0.0002	0.0005	0.0000	0.0000	0.0000	-0.0000	-0.0000	0.0001	10.5071	0.0001	20.2622	0.0000	0.0000	0.0000	0.0000	0.0000	0.0000	0.0000	0.0000	0.0000	0.0000	0.0000	0.0000	0.0000	0.0000	0.0000	0.0000	0.0000	0.0000	0.0072	0.0057	0.0015	0.0036	0.0036	0.0000	0.0036	0.0021	0.0015	0.0002	0.0001	0.0001	0.0001	0.0001	0.0000	0.0001	0.0000	0.0001	0.0122	0.0109	0.0000	0.0869	0.0816	0.0000	0.0000	0.0000	0.0000	0.0001	0.0002	0.0000	0.0000	0.0000	0.0000	0.0002	0.0005	0.0000			
110	118	0.6017	8	1	1	1	1	0	0	0	0	N	N	N	N	N	N	N	N	N	N	N	N	0.0000	0.0000	0.0000	0.0000	0.0000	0.0000	0.0000	0.0000	0.0000	0.0000	0.0000	0.0000	0.0000	0.0000	0.0000	0.0000	0.0000	0.0000	0.0000	0.0000	0.0001	4.0036	0.0001	26.5072	0.0000	0.0000	0.0000	0.0000	0.0000	0.0000	0.0000	0.0000	0.0000	0.0000	0.0000	0.0000	0.0000	0.0000	0.0000	0.0000	0.0000	0.0000	0.0028	0.0022	0.0006	0.0014	0.0014	0.0000	0.0014	0.0008	0.0006	0.0003	0.0002	0.0001	0.0002	0.0002	0.0000	0.0002	0.0000	0.0001	0.0000	0.0000	0.0000	0.0000	0.0000	0.0000	0.0000	0.0000	0.0000	0.0000	0.0000	0.0000	0.0000	0.0000	0.0000	0.0000	0.0000	0.0000											
110	119	0.6401	9	1	1	1	0	0	0	0	0	N	N	N	N	N	N	N	N	N	N	N	N	0.0000	0.0000	0.0000	0.0000	0.0000	0.0000	0.0000	0.0000	0.0000	0.0000	0.0000	0.0000	0.0000	0.0000	0.0000	0.3410	0.4841	0.0000	0.6233	0.6621	0.0000	0.0001	0.0002	0.0000	0.0000	0.0000	-0.0000	0.0001	3.8169	0.0001	21.2433	0.0000	0.0000	0.0000	0.0000	0.0000	0.0000	0.0000	0.0000	0.0000	0.0000	0.0000	0.0000	0.0000	0.0000	0.0000	0.0000	0.0000	0.0000	0.0026	0.0021	0.0006	0.0013	0.0013	0.0000	0.0013	0.0008	0.0006	0.0001	0.0001	0.0000	0.0001	0.0001	0.0000	0.0001	0.0000	0.0000	0.0000	0.0000	0.0000	0.0000	0.0000	0.0000	0.0000	0.0000	0.0000	0.3410	0.4841	0.0000	0.6233	0.6621	0.0000	0.0001	0.0002	0.0000				
110	120	0.4189	9	1	1	1	0	0	0	0	0	N	N	N	N	N	N	N	N	N	N	N	N	0.0000	0.0000	0.0000	0.0000	0.0000	0.0000	0.0000	0.0000	0.0000	0.0000	0.0000	0.0000	0.0000	0.0000	0.0000	0.0000	0.0000	0.0000	0.0000	0.0000	0.0000	0.0000	0.0001	0.0000	0.0000	0.0000	-0.0000	0.0001	16.3276	0.0001	34.9199	0.0000	0.0000	0.0000	0.0000	0.0000	0.0000	0.0000	0.0000	0.0000	0.0000	0.0000	0.0000	0.0000	0.0000	0.0000	0.0000	0.0000	0.0000	0.0112	0.0088	0.0024	0.0056	0.0056	0.0000	0.0056	0.0032	0.0024	0.0004	0.0003	0.0001	0.0002	0.0002	0.0000	0.0002	0.0001	0.0001	0.0000	0.0000	0.0000	0.0000	0.0000	0.0000	0.0000	0.0000	0.0000	0.0000	0.0000	0.0000	0.0000	0.0000	0.0000	0.0000	0.0001	0.0000				
110	121	0.4016	8	1	1	1	0	0	0	0	0	N	N	N	N	N	N	N	N	N	N	N	N	0.0000	0.0000	0.0000	0.0000	0.0000	0.0000	0.0000	0.0000	0.0000	0.0000	0.0000	0.0000	0.0000	0.0000	0.0000	0.0000	0.0001	0.0000	0.0001	0.0001	0.0000	0.0000	0.0001	0.0000	0.0625	0.0000	-0.0000	0.0001	6.1757	0.0001	14.5601	0.0000	0.0000	0.0000	0.0000	0.0000	0.0000	0.0000	0.0000	0.0000	0.0000	0.0000	0.0000	0.0000	0.0000	0.0000	0.0000	0.0000	0.0000	0.0042	0.0033	0.0009	0.0021	0.0021	0.0000	0.0021	0.0012	0.0009	0.0002	0.0001	0.0001	0.0001	0.0001	0.0000	0.0001	0.0000	0.0001	0.0000	0.0000	0.0000	0.0000	0.0000	0.0000	0.0000	0.0000	0.0000	0.0000	0.0001	0.0000	0.0001	0.0001	0.0000	0.0000	0.0001	0.0000				
110	122	0.3486	7	1	0	1	0	0	0	0	0	N	N	N	N	N	N	N	N	N	N	N	N	0.0000	0.0000	0.0000	0.0000	0.0000	0.0000	0.0000	0.0000	0.0000	0.0000	0.0000	0.0000	0.0000	0.0000	0.0000	0.0001	0.0002	0.0000	0.0001	0.0001	0.0000	0.0002	0.0006	0.0000	0.0000	0.0000	-0.0000	0.0001	7.5400	0.0001	21.4192	0.0000	0.0000	0.0000	0.0000	0.0000	0.0000	0.0000	0.0000	0.0000	0.0000	0.0000	0.0000	0.0000	0.0000	0.0000	0.0000	0.0000	0.0000	0.0052	0.0041	0.0011	0.0026	0.0026	0.0000	0.0026	0.0015	0.0011	0.0002	0.0001	0.0001	0.0001	0.0001	0.0000	0.0001	0.0000	0.0001	0.0000	0.0000	0.0000	0.0000	0.0000	0.0000	0.0000	0.0000	0.0000	0.0001	0.0002	0.0000	0.0001	0.0001	0.0000	0.0002	0.0006	0.0000				
110	123	0.6756	10	1	1	1	0	0	0	0	0	N	N	N	N	N	N	N	N	N	N	N	N	0.0000	0.0000	0.0000	0.0000	0.0000	0.0000	0.0000	0.0000	0.0000	0.0000	0.0000	0.0000	0.0000	0.0000	0.0000	0.0000	0.0000	0.0000	0.0000	0.0000	0.0001	4.0019	0.0001	19.5615	0.0000	0.0000	0.0000	0.0000	0.0000	0.0000	0.0000	0.0000	0.0000	0.0000	0.0000	0.0000	0.0000	0.0000	0.0000	0.0000	0.0000	0.0000	0.0028	0.0022	0.0006	0.0014	0.0014	0.0000	0.0014	0.0008	0.0006	0.0002	0.0001	0.0000	0.0001	0.0001	0.0000	0.0001	0.0000	0.0000	0.0000	0.0000	0.0000	0.0000	0.0000	0.0000	0.0000	0.0000	0.0000	0.0000	0.0000	0.0000	0.0000	0.0000	0.0000	0.0000	0.0000	0.0000											
110	124	0.6536	9	1	0	1	0	0	0	0	0	N	N	N	N	N	N	N	N	N	N	N	N	0.0000	0.0000	0.0000	0.0000	0.0000	0.0000	0.0000	0.0000	0.0000	0.0000	0.0000	0.0000	0.0000	0.0000	0.0000	0.0000	0.0000	0.0000	0.0000	-0.0000	0.0001	1.2223	0.0001	8.2281	0.0000	0.0000	0.0000	0.0000	0.0000	0.0000	0.0000	0.0000	0.0000	0.0000	0.0000	0.0000	0.0000	0.0000	0.0000	0.0000	0.0000	0.0000	0.0008	0.0007	0.0002	0.0004	0.0004	0.0000	0.0004	0.0002	0.0002	0.0001	0.0000	0.0000	0.0000	0.0000	0.0000	0.0000	0.0000	0.0000	0.0000	0.0000	0.0000	0.0000	0.0000	0.0000	0.0000	0.0000	0.0000	0.0000	0.0000	0.0000	0.0000	0.0000	0.0000	0.0000	0.0000	0.0000											
110	125	0.6017	8	1	0	1	0	0	0	0	0	N	N	N	N	N	N	N	N	N	N	N	N	0.0000	0.0000	0.0000	0.0000	0.0000	0.0000	0.0000	0.0000	0.0000	0.0000	0.0000	0.0000	0.0000	0.0000	0.0000	0.0000	0.0000	0.0000	0.0000	-0.0000	0.0001	5.9920	0.0001	12.2976	0.0000	0.0000	0.0000	0.0000	0.0000	0.0000	0.0000	0.0000	0.0000	0.0000	0.0000	0.0000	0.0000	0.0000	0.0000	0.0000	0.0000	0.0000	0.0041	0.0032	0.0009	0.0021	0.0021	0.0000	0.0021	0.0012	0.0009	0.0003	0.0002	0.0001	0.0001	0.0001	0.0000	0.0001	0.0000	0.0001	0.0000	0.0000	0.0000	0.0000	0.0000	0.0000	0.0000	0.0000	0.0000	0.0000	0.0000	0.0000	0.0000	0.0000	0.0000	0.0000	0.0000	0.0000											
110	126	0.6388	10	1	1	1	0	0	0	0	0	N	N	N	N	N	N	N	N	N	N	N	N	0.0000	0.0000	0.0000	0.0000	0.0000	0.0000	0.0000	0.0000	0.0000	0.0000	0.0000	0.0000	0.0000	0.0000	0.0000	0.0000	0.0000	0.0000	0.0000	-0.0000	0.0001	5.0407	0.0001	17.1705	0.0000	0.0000	0.0000	0.0000	0.0000	0.0000	0.0000	0.0000	0.0000	0.0000	0.0000	0.0000	0.0000	0.0000	0.0000	0.0000	0.0000	0.0000	0.0035	0.0027	0.0007	0.0017	0.0017	0.0000	0.0017	0.0010	0.0007	0.0001	0.0001	0.0000	0.0001	0.0001	0.0000	0.0001	0.0000	0.0000	0.0000	0.0000	0.0000	0.0000	0.0000	0.0000	0.0000	0.0000	0.0000	0.0000	0.0000	0.0000	0.0000	0.0000	0.0000	0.0000	0.0000	0.0000											
110	127	0.6229	9	1	1	1	0	0	0	0	0	N	N	N	N	N	N	N	N	N	N	N	N	0.0000	0.0000	0.0000	0.0000	0.0000	0.0000	0.0000	0.0000	0.0000	0.0000	0.0000	0.0000	0.0000	0.0000	0.0000	0.0000	0.0000	0.0000	0.0000	-0.0000	0.0001	1.9703	0.0001	6.2034	0.0000	0.0000	0.0000	0.0000	0.0000	0.0000	0.0000	0.0000	0.0000	0.0000	0.0000	0.0000	0.0000	0.0000	0.0000	0.0000	0.0000	0.0000	0.0014	0.0011	0.0003	0.0007	0.0007	0.0000	0.0007	0.0004	0.0003	0.0001	0.0000	0.0000	0.0000	0.0000	0.0000	0.0000	0.0000	0.0000	0.0000	0.0000	0.0000	0.0000	0.0000	0.0000	0.0000	0.0000	0.0000	0.0000	0.0000	0.0000	0.0000	0.0000	0.0000	0.0000	0.0000	0.0000											
110	128	0.6017	8	1	0	1	0	0	0	0	0	N	N	N	N	N	N	N	N	N	N	N	N	0.0000	0.0000	0.0000	0.0000	0.0000	0.0000	0.0000	0.0000	0.0000	0.0000	0.0000	0.0000	0.0000	0.0000	0.0000	0.0000	0.0000	0.0000	0.0000	0.0000	0.0001	1.1032	0.0001	7.8190	0.0000	0.0000	0.0000	0.0000	0.0000	0.0000	0.0000	0.0000	0.0000	0.0000	0.0000	0.0000	0.0000	0.0000	0.0000	0.0000	0.0000	0.0000	0.0008	0.0006	0.0002	0.0004	0.0004	0.0000	0.0004	0.0002	0.0002	0.0002	0.0001	0.0001	0.0001	0.0001	0.0000	0.0001	0.0000	0.0001	0.0000	0.0000	0.0000	0.0000	0.0000	0.0000	0.0000	0.0000	0.0000	0.0000	0.0000	0.0000	0.0000	0.0000	0.0000	0.0000	0.0000	0.0000											
110	129	0.3779	8	1	1	1	0	0	0	0	0	N	N	N	N	N	N	N	N	N	N	N	N	0.0000	0.0000	0.0000	0.0000	0.0000	0.0000	0.0000	0.0000	0.0000	0.0000	0.0000	0.0000	0.0000	0.0000	0.0000	0.0000	0.0000	0.0000	0.0000	0.0000	0.0001	1.0033	0.0001	0.8635	0.0000	0.0000	0.0000	0.0000	0.0000	0.0000	0.0000	0.0000	0.0000	0.0000	0.0000	0.0000	0.0000	0.0000	0.0000	0.0000	0.0000	0.0000	0.0000	0.0000	0.0000	0.0000	0.0000	0.0000	0.0000	0.0000	0.0000	0.0003	0.0002	0.0001	0.0002	0.0002	0.0001	0.0001	0.0001	0.0000	0.0000	0.0000	0.0000	0.0000	0.0000	0.0000	0.0000	0.0000	0.0000	0.0000	0.0000	0.0000	0.0000	0.0000	0.0000	0.0000	0.0000	0.0000											
110	130	0.3486	7	1	0	1	0	0	0	0	0	N	N	N	N	N	N	N	N	N	N	N	N	0.0002	0.0002	0.0000	0.0000	0.0000	0.0000	0.0026	0.0025	0.0000	0.0000	0.0000	0.0000	0.0000	0.0000	0.0000	0.0000	0.0000	0.0000	0.0032	0.0041	0.0012	0.0053	0.0053	0.0051	0.0005	0.0007	0.0004	0.2500	0.1429	-0.0000	-0.0000	0.0001	5.5514	0.0001	9.9598	0.0000	0.0000	0.0000	0.0000	0.0000	0.0000	0.0000	0.0000	0.0000	0.0000	0.0000	0.0000	0.0000	0.0000	0.0000	0.0000	0.0000	0.0000	0.0038	0.0030	0.0008	0.0019	0.0019	0.0000	0.0019	0.0011	0.0008	0.0001	0.0001	0.0000	0.0001	0.0001	0.0000	0.0001	0.0000	0.0000	0.0002	0.0002	0.0000	0.0000	0.0000	0.0000	0.0026	0.0025	0.0000	0.0032	0.0041	0.0012	0.0053	0.0053	0.0051	0.0005	0.0007	0.0004
110	131	0.3183	6	1	0	1	0	0	0	0	0	N	N	N	N	N	N	N	N	N	N	N	N	0.0000	0.0000	0.0000	0.0000	0.0000	0.0000	0.0000	0.0000	0.0000	0.0000	0.0000	0.0000	0.0000	0.0000	0.0000	0.0004	0.0005	0.0000	0.0004	0.0004	0.0000	0.0004	0.0009	0.0000	0.0177	0.0000	-0.0000	0.0001	9.1969	0.0001	13.4651	0.0000	0.0000	0.0000	0.0000	0.0000	0.0000	0.0000	0.0000	0.0000	0.0000	0.0000	0.0000	0.0000	0.0000	0.0000	0.0000	0.0000	0.0000	0.0063	0.0050	0.0013	0.0032	0.0032	0.0000	0.0032	0.0018	0.0013	0.0001	0.0001	0.0000	0.0001	0.0001	0.0000	0.0001	0.0000	0.0000	0.0000	0.0000	0.0000	0.0000	0.0000	0.0000	0.0000	0.0000	0.0000	0.0004	0.0005	0.0000	0.0004	0.0004	0.0000	0.0004	0.0009	0.0000				
110	132	0.6986	12	2	1	1	1	0	0	0	0	Y	N	N	N	N	N	N	N	N	N	N	N	0.0000	0.0000	0.0000	0.0000	0.0000	0.0000	0.0000	0.0000	0.0000	0.0000	0.0000	0.0000	0.0000	0.0000	0.0000	0.0000	0.0000	0.0000	0.0000	0.0000	0.0001	1.0000	0.0001	3.0001	0.0000	0.0000	0.0000	0.0000	0.0000	0.0000	0.0000	0.0000	0.0000	0.0000	0.0000	0.0000	0.0000	0.0000	0.0000	0.0000	0.0000	0.0000	0.0007	0.0005	0.0001	0.0003	0.0003	0.0000	0.0003	0.0002	0.0001	0.0000	0.0000	0.0000	0.0000	0.0000	0.0000	0.0000	0.0000	0.0000	0.0000	0.0000	0.0000	0.0000	0.0000	0.0000	0.0000	0.0000	0.0000	0.0000	0.0000	0.0000	0.0000	0.0000	0.0000	0.0000	0.0000	0.0000											
110	133	0.3997	10	2	1	1	1	0	0	0	0	Y	N	N	N	N	N	N	N	N	N	N	N	0.0000	0.0000	0.0000	0.0000	0.0000	0.0000	0.0000	0.0000	0.0000	0.0000	0.0000	0.0000	0.0000	0.0000	0.0000	0.0000	0.0000	0.0000	0.0000	0.0000	0.0001	0.0006	0.0001	1.9797	0.0000	0.0000	0.0000	0.0000	0.0000	0.0000	0.0000	0.0000	0.0000	0.0000	0.0000	0.0000	0.0000	0.0000	0.0000	0.0000	0.0000	0.0000	0.0000	0.0000	0.0000	0.0000	0.0000	0.0000	0.0000	0.0000	0.0000	0.0000	0.0000	0.0000	0.0000	0.0000	0.0000	0.0000	0.0000	0.0000	0.0000	0.0000	0.0000	0.0000	0.0000	0.0000	0.0000	0.0000	0.0000	0.0000	0.0000	0.0000	0.0000	0.0000	0.0000	0.0000	0.0000	0.0000											
110	134	0.3829	9	2	1	1	1	0	0	0	0	Y	N	N	N	N	N	N	N	N	N	N	N	0.0000	0.0000	0.0000	0.0000	0.0000	0.0000	0.0000	0.0000	0.0000	0.0000	0.0000	0.0000	0.0000	0.0000	0.0000	0.0000	0.0000	0.0000	0.0000	0.0001	0.0001	0.0000	0.0000	0.0000	-0.0000	0.0001	2.0077	0.0001	6.0321	0.0000	0.0000	0.0000	0.0000	0.0000	0.0000	0.0000	0.0000	0.0000	0.0000	0.0000	0.0000	0.0000	0.0000	0.0000	0.0000	0.0000	0.0000	0.0014	0.0011	0.0003	0.0007	0.0007	0.0000	0.0007	0.0004	0.0003	0.0000	0.0000	0.0000	0.0000	0.0000	0.0000	0.0000	0.0000	0.0000	0.0000	0.0000	0.0000	0.0000	0.0000	0.0000	0.0000	0.0000	0.0000	0.0000	0.0000	0.0000	0.0000	0.0000	0.0000	0.0001	0.0001	0.0000						
110	135	0.3782	9	1	1	1	1	0	0	0	0	N	N	N	N	N	N	N	N	N	N	N	N	0.0000	0.0000	0.0000	0.0000	0.0000	0.0000	0.0000	0.0000	0.0000	0.0000	0.0000	0.0000	0.0000	0.0000	0.0000	0.0000	0.0000	0.0000	0.0000	0.0000	0.0001	3.0348	0.0001	9.3583	0.0000	0.0000	0.0000	0.0000	0.0000	0.0000	0.0000	0.0000	0.0000	0.0000	0.0000	0.0000	0.0000	0.0000	0.0000	0.0000	0.0000	0.0000	0.0021	0.0016	0.0004	0.0010	0.0010	0.0000	0.0010	0.0006	0.0004	0.0001	0.0000	0.0000	0.0000	0.0000	0.0000	0.0000	0.0000	0.0000	0.0000	0.0000	0.0000	0.0000	0.0000	0.0000	0.0000	0.0000	0.0000	0.0000	0.0000	0.0000	0.0000	0.0000	0.0000	0.0000	0.0000	0.0000											
110	136	0.3638	8	1	0	1	1	0	0	0	0	N	N	N	N	N	N	N	N	N	N	N	N	inf	inf	inf	inf	0.0005	0.0006	0.0000	0.0009	0.0009	0.0000	0.0000	0.0000	0.0000	0.0000	0.0000	0.0000	0.0000	0.0000	0.0000	0.0000	0.0000	0.0000	0.0000	-0.0000	0.0000	0.0001	0.0433	0.0001	6.6805	0.0000	0.0000	0.0000	0.0000	0.0000	0.0000	0.0000	0.0000	0.0000	0.0000	0.0000	0.0000	0.0000	0.0000	0.0000	0.0000	0.0000	0.0000	0.0000	0.0000	0.0000	0.0000	0.0000	0.0000	0.0000	0.0000	0.0000	0.0000	0.0000	0.0000	0.0000	0.0000	0.0000	0.0000	0.0000	0.0000	inf	inf	0.0000	inf	inf	0.0000	0.0000	0.0000	0.0000	0.0000	0.0000	0.0000	0.0000	0.0000	0.0000	0.0000	0.0000	0.0000						
110	137	0.7282	14	1	1	1	1	0	0	0	0	N	N	N	N	N	N	N	N	N	N	N	N	0.0000	0.0000	0.0000	0.0000	0.0000	0.0000	0.0000	0.0000	0.0000	0.0000	0.0000	0.0000	0.0000	0.0000	0.0000	0.0000	0.0000	0.0000	0.0000	0.0000	0.0001	0.0000	0.0001	0.0000	0.0000	0.0000	0.0000	0.0000	0.0000	0.0000	0.0000	0.0000	0.0000	0.0000	0.0000	0.0000	0.0000	0.0000	0.0000	0.0000	0.0000	0.0000	0.0000	0.0000	0.0000	0.0000	0.0000	0.0000	0.0000	0.0000	0.0000	0.0000	0.0000	0.0000	0.0000	0.0000	0.0000	0.0000	0.0000	0.0000	0.0000	0.0000	0.0000	0.0000	0.0000	0.0000	0.0000	0.0000	0.0000	0.0000	0.0000	0.0000	0.0000	0.0000	0.0000	0.0000	0.0000	0.0000											
110	138	0.7232	13	1	1	1	1	0	0	0	0	N	N	N	N	N	N	N	N	N	N	N	N	0.0000	0.0000	0.0000	0.0000	0.0000	0.0000	0.0000	0.0000	0.0000	0.0000	0.0000	0.0000	0.0000	0.0000	0.0000	0.0000	0.0000	0.0000	0.0000	0.0000	0.0001	0.0021	0.0001	2.0000	0.0000	0.0000	0.0000	0.0000	0.0000	0.0000	0.0000	0.0000	0.0000	0.0000	0.0000	0.0000	0.0000	0.0000	0.0000	0.0000	0.0000	0.0000	0.0000	0.0000	0.0000	0.0000	0.0000	0.0000	0.0000	0.0000	0.0000	0.0000	0.0000	0.0000	0.0000	0.0000	0.0000	0.0000	0.0000	0.0000	0.0000	0.0000	0.0000	0.0000	0.0000	0.0000	0.0000	0.0000	0.0000	0.0000	0.0000	0.0000	0.0000	0.0000	0.0000	0.0000	0.0000	0.0000											
110	139	0.7129	12	1	0	1	1	0	0	0	0	N	N	N	N	N	N	N	N	N	N	N	N	0.0000	0.0000	0.0000	0.0000	0.0000	0.0000	0.0000	0.0000	0.0000	0.0000	0.0000	0.0000	0.0000	0.0000	0.0000	0.0000	0.0000	0.0000	0.0000	0.0000	0.0001	1.0020	0.0001	3.0181	0.0000	0.0000	0.0000	0.0000	0.0000	0.0000	0.0000	0.0000	0.0000	0.0000	0.0000	0.0000	0.0000	0.0000	0.0000	0.0000	0.0000	0.0000	0.0007	0.0005	0.0001	0.0003	0.0003	0.0000	0.0003	0.0002	0.0001	0.0000	0.0000	0.0000	0.0000	0.0000	0.0000	0.0000	0.0000	0.0000	0.0000	0.0000	0.0000	0.0000	0.0000	0.0000	0.0000	0.0000	0.0000	0.0000	0.0000	0.0000	0.0000	0.0000	0.0000	0.0000	0.0000	0.0000											
110	140	0.6986	12	1	1	1	0	0	0	0	0	N	N	N	N	N	N	N	N	N	N	N	N	0.0000	0.0000	0.0000	0.0000	0.0000	0.0000	0.0000	0.0000	0.0000	0.0000	0.0000	0.0000	0.0000	0.0000	0.0000	0.0000	0.0000	0.0000	0.0000	0.0000	0.0001	0.0000	0.0001	4.0001	0.0000	0.0000	0.0000	0.0000	0.0000	0.0000	0.0000	0.0000	0.0000	0.0000	0.0000	0.0000	0.0000	0.0000	0.0000	0.0000	0.0000	0.0000	0.0000	0.0000	0.0000	0.0000	0.0000	0.0000	0.0000	0.0000	0.0000	0.0000	0.0000	0.0000	0.0000	0.0000	0.0000	0.0000	0.0000	0.0000	0.0000	0.0000	0.0000	0.0000	0.0000	0.0000	0.0000	0.0000	0.0000	0.0000	0.0000	0.0000	0.0000	0.0000	0.0000	0.0000	0.0000	0.0000											
110	141	0.3784	8	1	1	1	0	0	0	0	0	N	N	N	N	N	N	N	N	N	N	N	N	0.0000	0.0000	0.0000	0.0000	0.0000	0.0000	0.0000	0.0000	0.0000	0.0000	0.0000	0.0000	0.0000	1.4297	1.9907	0.0000	2.7557	2.8930	0.0000	0.0000	0.0000	0.0000	0.0000	0.0000	-0.0000	0.0001	1.0003	0.0001	5.0186	0.0000	0.0000	0.0000	0.0000	0.0000	0.0000	0.0000	0.0000	0.0000	0.0000	0.0000	0.0000	0.0000	0.0000	0.0000	0.0000	0.0000	0.0000	0.0007	0.0005	0.0001	0.0003	0.0003	0.0000	0.0003	0.0002	0.0001	0.0000	0.0000	0.0000	0.0000	0.0000	0.0000	0.0000	0.0000	0.0000	0.0000	0.0000	0.0000	0.0000	0.0000	0.0000	0.0000	0.0000	0.0000	1.4297	1.9907	0.0000	2.7557	2.8930	0.0000	0.0000	0.0000	0.0000						
110	142	0.7129	12	1	0	2	1	0	0	0	0	N	N	Y	N	N	N	N	N	N	N	N	N	0.0000	0.0000	0.0000	0.0000	0.0000	0.0000	0.0000	0.0000	0.0000	0.0000	0.0000	0.0000	0.0000	0.0000	0.0000	0.0000	0.0000	0.0000	0.0000	0.0000	0.0001	0.0001	0.0001	9.0026	0.0000	0.0000	0.0000	0.0000	0.0000	0.0000	0.0000	0.0000	0.0000	0.0000	0.0000	0.0000	0.0000	0.0000	0.0000	0.0000	0.0000	0.0000	0.0000	0.0000	0.0000	0.0000	0.0000	0.0000	0.0000	0.0000	0.0000	0.0000	0.0000	0.0000	0.0000	0.0000	0.0000	0.0000	0.0000	0.0000	0.0000	0.0000	0.0000	0.0000	0.0000	0.0000	0.0000	0.0000	0.0000	0.0000	0.0000	0.0000	0.0000	0.0000	0.0000	0.0000	0.0000	0.0000											
110	143	0.3638	8	1	0	2	1	0	0	0	0	N	N	Y	N	N	N	N	N	N	N	N	N	inf	inf	inf	inf	0.0361	0.0459	0.0000	0.0000	0.0000	0.0000	0.0722	0.1261	0.0000	0.0000	0.0000	0.0000	0.0000	0.0000	0.0000	0.0000	0.0000	0.0000	0.0000	-0.0000	0.0000	0.0001	2.0061	0.0001	8.0425	0.0000	0.0000	0.0000	0.0000	0.0000	0.0000	0.0000	0.0000	0.0000	0.0000	0.0000	0.0000	0.0000	0.0000	0.0000	0.0000	0.0000	0.0000	0.0014	0.0011	0.0003	0.0007	0.0007	0.0000	0.0007	0.0004	0.0003	0.0001	0.0000	0.0000	0.0000	0.0000	0.0000	0.0000	0.0000	0.0000	inf	inf	0.0000	0.0000	0.0000	0.0000	inf	inf	0.0000	0.0000	0.0000	0.0000	0.0000	0.0000	0.0000	0.0000	0.0000	0.0000						
110	144	0.3548	7	1	0	1	1	0	0	0	0	N	N	N	N	N	N	N	N	N	N	N	N	inf	inf	inf	inf	0.0000	0.0000	0.0000	0.0000	0.0000	0.0000	0.0000	0.0000	0.0000	0.0000	0.0000	0.0000	0.0000	0.0000	0.0000	0.0000	0.0000	0.0000	0.0000	-0.0000	-0.0000	0.0001	1.9550	0.0001	2.1189	0.0000	0.0000	0.0000	0.0000	0.0000	0.0000	0.0000	0.0000	0.0000	0.0000	0.0000	0.0000	0.0000	0.0000	0.0000	0.0000	0.0000	0.0000	0.0013	0.0011	0.0003	0.0007	0.0007	0.0000	0.0007	0.0004	0.0003	0.0000	0.0000	0.0000	0.0000	0.0000	0.0000	0.0000	0.0000	0.0000	inf	inf	0.0000	0.0000	0.0000	0.0000	inf	inf	0.0000	0.0000	0.0000	0.0000	0.0000	0.0000	0.0000	0.0000	0.0000	0.0000						
110	145	0.3548	7	1	0	2	1	0	0	0	0	N	N	Y	N	N	N	N	N	N	N	N	N	0.0000	0.0000	0.0000	0.0000	0.0000	0.0000	0.0000	0.0000	0.0000	0.0000	0.0000	0.0000	0.0000	0.0000	0.0000	0.0000	0.0000	0.0000	0.0000	-0.0000	0.0001	2.1261	0.0001	18.6477	0.0000	0.0000	0.0000	0.0000	0.0000	0.0000	0.0000	0.0000	0.0000	0.0000	0.0000	0.0000	0.0000	0.0000	0.0000	0.0000	0.0000	0.0000	0.0015	0.0012	0.0003	0.0007	0.0007	0.0000	0.0007	0.0004	0.0003	0.0001	0.0001	0.0000	0.0001	0.0001	0.0000	0.0001	0.0000	0.0000	0.0000	0.0000	0.0000	0.0000	0.0000	0.0000	0.0000	0.0000	0.0000	0.0000	0.0000	0.0000	0.0000	0.0000	0.0000	0.0000	0.0000	0.0000											
110	146	0.7129	12	1	0	2	1	0	0	0	0	N	N	Y	N	N	N	N	N	N	N	N	N	0.0000	0.0000	0.0000	0.0000	0.0000	0.0000	0.0000	0.0000	0.0000	0.0000	0.0000	0.0000	0.0000	0.0000	0.0000	0.0000	0.0000	0.0000	0.0000	0.0000	0.0001	2.0001	0.0001	5.9880	0.0000	0.0000	0.0000	0.0000	0.0000	0.0000	0.0000	0.0000	0.0000	0.0000	0.0000	0.0000	0.0000	0.0000	0.0000	0.0000	0.0000	0.0000	0.0014	0.0011	0.0003	0.0007	0.0007	0.0000	0.0007	0.0004	0.0003	0.0000	0.0000	0.0000	0.0000	0.0000	0.0000	0.0000	0.0000	0.0000	0.0000	0.0000	0.0000	0.0000	0.0000	0.0000	0.0000	0.0000	0.0000	0.0000	0.0000	0.0000	0.0000	0.0000	0.0000	0.0000	0.0000	0.0000											
110	147	0.7129	12	1	0	2	1	0	0	0	0	N	N	Y	N	N	N	N	N	N	N	N	N	0.0000	0.0000	0.0000	0.0000	0.0000	0.0000	0.0000	0.0000	0.0000	0.0000	0.0000	0.0000	0.0000	0.0000	0.0000	0.0000	0.0000	0.0000	0.0000	0.0000	0.0001	9.0001	0.0001	23.0169	0.0000	0.0000	0.0000	0.0000	0.0000	0.0000	0.0000	0.0000	0.0000	0.0000	0.0000	0.0000	0.0000	0.0000	0.0000	0.0000	0.0000	0.0000	0.0062	0.0049	0.0013	0.0031	0.0031	0.0000	0.0031	0.0018	0.0013	0.0002	0.0001	0.0000	0.0001	0.0001	0.0000	0.0001	0.0000	0.0000	0.0000	0.0000	0.0000	0.0000	0.0000	0.0000	0.0000	0.0000	0.0000	0.0000	0.0000	0.0000	0.0000	0.0000	0.0000	0.0000	0.0000	0.0000											
110	148	0.6876	11	1	0	1	1	0	0	0	0	N	N	N	N	N	N	N	N	N	N	N	N	0.0000	0.0000	0.0000	0.0000	0.0000	0.0000	0.0000	0.0000	0.0000	0.0000	0.0000	0.0000	0.0000	0.0000	0.0000	0.0000	0.0000	0.0000	0.0000	0.0000	0.0001	1.9990	0.0001	7.9526	0.0000	0.0000	0.0000	0.0000	0.0000	0.0000	0.0000	0.0000	0.0000	0.0000	0.0000	0.0000	0.0000	0.0000	0.0000	0.0000	0.0000	0.0000	0.0014	0.0011	0.0003	0.0007	0.0007	0.0000	0.0007	0.0004	0.0003	0.0001	0.0000	0.0000	0.0000	0.0000	0.0000	0.0000	0.0000	0.0000	0.0000	0.0000	0.0000	0.0000	0.0000	0.0000	0.0000	0.0000	0.0000	0.0000	0.0000	0.0000	0.0000	0.0000	0.0000	0.0000	0.0000	0.0000											
110	149	0.6557	10	2	1	1	0	0	0	0	0	Y	N	N	N	N	N	N	N	N	N	N	N	0.0000	0.0000	0.0000	0.0000	0.0000	0.0000	0.0000	0.0000	0.0000	0.0000	0.0000	0.0000	0.0000	0.0000	0.0000	0.0000	0.0000	0.0000	0.0000	0.0000	0.0001	5.3497	0.0001	17.2225	0.0000	0.0000	0.0000	0.0000	0.0000	0.0000	0.0000	0.0000	0.0000	0.0000	0.0000	0.0000	0.0000	0.0000	0.0000	0.0000	0.0000	0.0000	0.0037	0.0029	0.0008	0.0018	0.0018	0.0000	0.0018	0.0011	0.0008	0.0001	0.0001	0.0000	0.0001	0.0001	0.0000	0.0001	0.0000	0.0000	0.0000	0.0000	0.0000	0.0000	0.0000	0.0000	0.0000	0.0000	0.0000	0.0000	0.0000	0.0000	0.0000	0.0000	0.0000	0.0000	0.0000	0.0000											
110	150	0.6865	11	1	1	1	0	0	0	0	0	N	N	N	N	N	N	N	N	N	N	N	N	0.0000	0.0000	0.0000	0.0000	0.0000	0.0000	0.0000	0.0000	0.0000	0.0000	0.0000	0.0000	0.0000	0.0000	0.0000	0.0000	0.0000	0.0000	0.0000	-0.0000	0.0001	3.6794	0.0001	17.4287	0.0000	0.0000	0.0000	0.0000	0.0000	0.0000	0.0000	0.0000	0.0000	0.0000	0.0000	0.0000	0.0000	0.0000	0.0000	0.0000	0.0000	0.0000	0.0025	0.0020	0.0005	0.0013	0.0013	0.0000	0.0013	0.0007	0.0005	0.0002	0.0002	0.0001	0.0001	0.0001	0.0000	0.0001	0.0000	0.0000	0.0000	0.0000	0.0000	0.0000	0.0000	0.0000	0.0000	0.0000	0.0000	0.0000	0.0000	0.0000	0.0000	0.0000	0.0000	0.0000	0.0000	0.0000											
110	151	0.6557	10	1	1	1	0	0	0	0	0	N	N	N	N	N	N	N	N	N	N	N	N	0.0000	0.0000	0.0000	0.0000	0.0000	0.0000	0.0000	0.0000	0.0000	0.0000	0.0000	0.0000	0.0000	0.0000	0.0000	0.0000	0.0000	0.0000	0.0000	-0.0000	0.0001	3.4464	0.0001	10.1316	0.0000	0.0000	0.0000	0.0000	0.0000	0.0000	0.0000	0.0000	0.0000	0.0000	0.0000	0.0000	0.0000	0.0000	0.0000	0.0000	0.0000	0.0000	0.0024	0.0019	0.0005	0.0012	0.0012	0.0000	0.0012	0.0007	0.0005	0.0001	0.0001	0.0000	0.0000	0.0000	0.0000	0.0000	0.0000	0.0000	0.0000	0.0000	0.0000	0.0000	0.0000	0.0000	0.0000	0.0000	0.0000	0.0000	0.0000	0.0000	0.0000	0.0000	0.0000	0.0000	0.0000	0.0000											
110	152	0.3852	10	2	1	1	0	0	0	0	0	Y	N	N	N	N	N	N	N	N	N	N	N	0.0000	0.0000	0.0000	0.0000	0.0000	0.0000	0.0000	0.0000	0.0000	0.0000	0.0000	0.0000	0.0000	0.0000	0.0000	0.0000	0.0000	0.0000	0.0000	0.0000	0.0001	1.0143	0.0001	12.0086	0.0000	0.0000	0.0000	0.0000	0.0000	0.0000	0.0000	0.0000	0.0000	0.0000	0.0000	0.0000	0.0000	0.0000	0.0000	0.0000	0.0000	0.0000	0.0007	0.0006	0.0001	0.0004	0.0004	0.0000	0.0004	0.0002	0.0001	0.0001	0.0001	0.0000	0.0000	0.0000	0.0000	0.0000	0.0000	0.0000	0.0000	0.0000	0.0000	0.0000	0.0000	0.0000	0.0000	0.0000	0.0000	0.0000	0.0000	0.0000	0.0000	0.0000	0.0000	0.0000	0.0000	0.0000											
110	153	0.3829	9	2	1	1	0	0	0	0	0	Y	N	N	N	N	N	N	N	N	N	N	N	0.0000	0.0000	0.0000	0.0000	0.0000	0.0000	0.0000	0.0000	0.0000	0.0000	0.0000	0.0000	0.0000	0.0003	0.0004	0.0000	0.0000	0.0000	0.0000	0.0005	0.0012	0.0000	0.0000	0.0000	-0.0000	0.0001	0.9811	0.0001	0.0216	0.0000	0.0000	0.0000	0.0000	0.0000	0.0000	0.0000	0.0000	0.0000	0.0000	0.0000	0.0000	0.0000	0.0000	0.0000	0.0000	0.0000	0.0000	0.0007	0.0005	0.0001	0.0003	0.0003	0.0000	0.0003	0.0002	0.0001	0.0000	0.0000	0.0000	0.0000	0.0000	0.0000	0.0000	0.0000	0.0000	0.0000	0.0000	0.0000	0.0000	0.0000	0.0000	0.0000	0.0000	0.0000	0.0003	0.0004	0.0000	0.0000	0.0000	0.0000	0.0005	0.0012	0.0000						
110	154	0.3784	8	2	1	1	0	0	0	0	0	Y	N	N	N	N	N	N	N	N	N	N	N	0.0000	0.0000	0.0000	0.0000	0.0000	0.0000	0.0000	0.0000	0.0000	0.0000	0.0000	0.0000	0.0000	0.0000	0.0000	0.0185	0.0257	0.0000	0.0002	0.0002	0.0000	0.0391	0.0816	0.0000	0.0000	0.0000	-0.0000	0.0001	0.0083	0.0001	2.0001	0.0000	0.0000	0.0000	0.0000	0.0000	0.0000	0.0000	0.0000	0.0000	0.0000	0.0000	0.0000	0.0000	0.0000	0.0000	0.0000	0.0000	0.0000	0.0000	0.0000	0.0000	0.0000	0.0000	0.0000	0.0000	0.0000	0.0000	0.0000	0.0000	0.0000	0.0000	0.0000	0.0000	0.0000	0.0000	0.0000	0.0000	0.0000	0.0000	0.0000	0.0000	0.0000	0.0000	0.0000	0.0000	0.0185	0.0257	0.0000	0.0002	0.0002	0.0000	0.0391	0.0816	0.0000				
110	155	0.3548	7	1	1	1	0	0	0	0	0	N	N	N	N	N	N	N	N	N	N	N	N	0.0000	0.0000	0.0000	0.0000	0.0000	0.0000	0.0000	0.0000	0.0000	0.0000	0.0000	0.0000	0.0000	0.0039	0.0055	0.0000	0.0077	0.0080	0.0000	0.0000	0.0000	0.0000	0.0000	0.0000	-0.0000	0.0001	2.9180	0.0001	7.4065	0.0000	0.0000	0.0000	0.0000	0.0000	0.0000	0.0000	0.0000	0.0000	0.0000	0.0000	0.0000	0.0000	0.0000	0.0000	0.0000	0.0000	0.0000	0.0020	0.0016	0.0004	0.0010	0.0010	0.0000	0.0010	0.0006	0.0004	0.0001	0.0000	0.0000	0.0000	0.0000	0.0000	0.0000	0.0000	0.0000	0.0000	0.0000	0.0000	0.0000	0.0000	0.0000	0.0000	0.0000	0.0000	0.0039	0.0055	0.0000	0.0077	0.0080	0.0000	0.0000	0.0000	0.0000						
110	156	0.2889	6	1	0	1	0	0	0	0	0	N	N	N	N	N	N	N	N	N	N	N	N	0.0006	0.0006	0.0039	0.0037	0.0000	0.0000	0.0000	0.0000	0.0000	0.0000	0.0000	0.0000	0.0000	0.0000	0.0000	0.0006	0.0008	0.0000	0.0002	0.0002	0.0000	0.0010	0.0021	0.0000	0.0000	0.0000	-0.0000	-0.0000	0.0001	8.2479	0.0001	19.7214	0.0000	0.0000	0.0000	0.0000	0.0000	0.0000	0.0000	0.0000	0.0000	0.0000	0.0000	0.0000	0.0000	0.0000	0.0000	0.0000	0.0000	0.0000	0.0057	0.0045	0.0012	0.0028	0.0028	0.0000	0.0028	0.0016	0.0012	0.0002	0.0001	0.0000	0.0001	0.0001	0.0000	0.0001	0.0000	0.0000	0.0006	0.0006	0.0000	0.0039	0.0037	0.0000	0.0000	0.0000	0.0000	0.0006	0.0008	0.0000	0.0002	0.0002	0.0000	0.0010	0.0021	0.0000			
110	157	0.2528	5	1	0	1	0	0	0	0	0	N	N	N	N	N	N	N	N	N	N	N	N	0.0001	0.0000	0.0000	0.0000	0.0000	0.0001	0.0000	0.0000	0.0000	0.0000	0.0000	0.0000	0.0000	0.0000	0.0000	0.0000	0.0000	0.0068	0.0094	0.0003	0.0012	0.0012	0.0000	0.0131	0.0275	0.0004	0.3333	0.0142	-0.0000	-0.0000	0.0001	7.4725	0.0001	14.3153	0.0000	0.0000	0.0000	0.0000	0.0000	0.0000	0.0000	0.0000	0.0000	0.0000	0.0000	0.0000	0.0000	0.0000	0.0000	0.0000	0.0000	0.0000	0.0051	0.0040	0.0011	0.0026	0.0026	0.0000	0.0026	0.0015	0.0011	0.0001	0.0001	0.0000	0.0001	0.0001	0.0000	0.0001	0.0000	0.0000	0.0001	0.0000	0.0000	0.0000	0.0000	0.0000	0.0001	0.0000	0.0000	0.0068	0.0094	0.0003	0.0012	0.0012	0.0000	0.0131	0.0275	0.0004	
110	161	0.7062	14	2	1	1	0	0	0	0	0	Y	N	N	N	N	N	N	N	N	N	N	N	0.0000	0.0000	0.0000	0.0000	0.0000	0.0000	0.0000	0.0000	0.0000	0.0000	0.0000	0.0000	0.0000	0.0000	0.0000	0.0000	0.0000	0.0000	0.0000	0.0000	0.0001	0.0002	0.0001	3.0099	0.0000	0.0000	0.0000	0.0000	0.0000	0.0000	0.0000	0.0000	0.0000	0.0000	0.0000	0.0000	0.0000	0.0000	0.0000	0.0000	0.0000	0.0000	0.0000	0.0000	0.0000	0.0000	0.0000	0.0000	0.0000	0.0000	0.0000	0.0000	0.0000	0.0000	0.0000	0.0000	0.0000	0.0000	0.0000	0.0000	0.0000	0.0000	0.0000	0.0000	0.0000	0.0000	0.0000	0.0000	0.0000	0.0000	0.0000	0.0000	0.0000	0.0000	0.0000	0.0000	0.0000	0.0000											
110	162	0.6986	13	2	1	1	0	0	0	0	0	Y	N	N	N	N	N	N	N	N	N	N	N	0.0000	0.0000	0.0000	0.0000	0.0000	0.0000	0.0000	0.0000	0.0000	0.0000	0.0000	0.0000	0.0000	0.0000	0.0000	0.0000	0.0000	0.0000	0.0000	0.0000	0.0001	0.9998	0.0001	2.0118	0.0000	0.0000	0.0000	0.0000	0.0000	0.0000	0.0000	0.0000	0.0000	0.0000	0.0000	0.0000	0.0000	0.0000	0.0000	0.0000	0.0000	0.0000	0.0007	0.0005	0.0001	0.0003	0.0003	0.0000	0.0003	0.0002	0.0001	0.0000	0.0000	0.0000	0.0000	0.0000	0.0000	0.0000	0.0000	0.0000	0.0000	0.0000	0.0000	0.0000	0.0000	0.0000	0.0000	0.0000	0.0000	0.0000	0.0000	0.0000	0.0000	0.0000	0.0000	0.0000	0.0000	0.0000											
110	163	0.6986	12	2	1	1	0	0	0	0	0	Y	N	N	N	N	N	N	N	N	N	N	N	0.0000	0.0000	0.0000	0.0000	0.0000	0.0000	0.0000	0.0000	0.0000	0.0000	0.0000	0.0000	0.0000	0.0000	0.0000	0.0000	0.0000	0.0000	0.0000	0.0000	0.0001	0.0000	0.0001	0.0003	0.0000	0.0000	0.0000	0.0000	0.0000	0.0000	0.0000	0.0000	0.0000	0.0000	0.0000	0.0000	0.0000	0.0000	0.0000	0.0000	0.0000	0.0000	0.0000	0.0000	0.0000	0.0000	0.0000	0.0000	0.0000	0.0000	0.0000	0.0000	0.0000	0.0000	0.0000	0.0000	0.0000	0.0000	0.0000	0.0000	0.0000	0.0000	0.0000	0.0000	0.0000	0.0000	0.0000	0.0000	0.0000	0.0000	0.0000	0.0000	0.0000	0.0000	0.0000	0.0000	0.0000	0.0000											
110	164	0.6876	11	1	1	1	0	0	0	0	0	N	N	N	N	N	N	N	N	N	N	N	N	0.0000	0.0000	0.0000	0.0000	0.0000	0.0000	0.0000	0.0000	0.0000	0.0000	0.0000	0.0000	0.0000	0.0000	0.0000	0.0000	0.0000	0.0000	0.0000	0.0000	0.0001	0.0063	0.0001	4.3641	0.0000	0.0000	0.0000	0.0000	0.0000	0.0000	0.0000	0.0000	0.0000	0.0000	0.0000	0.0000	0.0000	0.0000	0.0000	0.0000	0.0000	0.0000	0.0000	0.0000	0.0000	0.0000	0.0000	0.0000	0.0000	0.0000	0.0000	0.0000	0.0000	0.0000	0.0000	0.0000	0.0000	0.0000	0.0000	0.0000	0.0000	0.0000	0.0000	0.0000	0.0000	0.0000	0.0000	0.0000	0.0000	0.0000	0.0000	0.0000	0.0000	0.0000	0.0000	0.0000	0.0000	0.0000											
110	165	0.6557	10	1	0	1	0	0	0	0	0	N	N	N	N	N	N	N	N	N	N	N	N	0.0000	0.0000	0.0000	0.0000	0.0000	0.0000	0.0000	0.0000	0.0000	0.0000	0.0000	0.0000	0.0000	0.0000	0.0000	0.0000	0.0000	0.0000	0.0000	0.0000	0.0001	2.5207	0.0001	10.0226	0.0000	0.0000	0.0000	0.0000	0.0000	0.0000	0.0000	0.0000	0.0000	0.0000	0.0000	0.0000	0.0000	0.0000	0.0000	0.0000	0.0000	0.0000	0.0017	0.0014	0.0004	0.0009	0.0009	0.0000	0.0009	0.0005	0.0004	0.0001	0.0000	0.0000	0.0000	0.0000	0.0000	0.0000	0.0000	0.0000	0.0000	0.0000	0.0000	0.0000	0.0000	0.0000	0.0000	0.0000	0.0000	0.0000	0.0000	0.0000	0.0000	0.0000	0.0000	0.0000	0.0000	0.0000											
110	166	0.6401	9	1	0	1	0	0	0	0	0	N	N	N	N	N	N	N	N	N	N	N	N	0.0000	0.0000	0.0000	0.0000	0.0000	0.0000	0.0000	0.0000	0.0000	0.0000	0.0000	0.0000	0.0000	0.0000	0.0000	0.0032	0.0047	0.0000	0.0055	0.0059	0.0000	0.0002	0.0006	0.0000	0.0000	0.0000	-0.0000	0.0001	2.6894	0.0001	4.6619	0.0000	0.0000	0.0000	0.0000	0.0000	0.0000	0.0000	0.0000	0.0000	0.0000	0.0000	0.0000	0.0000	0.0000	0.0000	0.0000	0.0000	0.0000	0.0019	0.0015	0.0004	0.0009	0.0009	0.0000	0.0009	0.0005	0.0004	0.0001	0.0000	0.0000	0.0000	0.0000	0.0000	0.0000	0.0000	0.0000	0.0000	0.0000	0.0000	0.0000	0.0000	0.0000	0.0000	0.0000	0.0000	0.0032	0.0047	0.0000	0.0055	0.0059	0.0000	0.0002	0.0006	0.0000				
110	167	0.6017	8	1	0	1	0	0	0	0	0	N	N	N	N	N	N	N	N	N	N	N	N	0.0000	0.0000	0.0000	0.0000	0.0000	0.0000	0.0000	0.0000	0.0000	0.0000	0.0000	0.0000	0.0000	0.0000	0.0000	0.0007	0.0013	0.0000	0.0015	0.0015	0.0011	0.0000	0.0000	0.0000	0.0079	0.0000	-0.0000	0.0001	2.7966	0.0001	8.5340	0.0000	0.0000	0.0000	0.0000	0.0000	0.0000	0.0000	0.0000	0.0000	0.0000	0.0000	0.0000	0.0000	0.0000	0.0000	0.0000	0.0000	0.0000	0.0019	0.0015	0.0004	0.0010	0.0010	0.0000	0.0010	0.0006	0.0004	0.0003	0.0001	0.0001	0.0001	0.0001	0.0000	0.0001	0.0000	0.0001	0.0000	0.0000	0.0000	0.0000	0.0000	0.0000	0.0000	0.0000	0.0000	0.0007	0.0013	0.0000	0.0015	0.0015	0.0011	0.0000	0.0000	0.0000				
111	115	0.6819	9	2	0	2	0	0	0	0	0	Y	N	Y	N	N	N	N	N	N	N	N	N	0.4570	0.4371	0.1028	0.0646	0.0000	649.4432	0.2516	0.2023	0.0003	0.0074	0.0084	0.0009	0.0004	0.0000	0.0070	0.0101	0.0120	0.0000	0.0162	0.0192	0.0086	0.0064	0.0081	0.0000	0.0401	0.0594	0.0181	0.0161	0.1788	-0.0000	-0.0002	1.6718	1.0009	2.9223	4.0038	0.0001	0.0001	0.0000	0.0000	0.0000	0.0000	0.0001	0.0001	0.0000	0.0006	0.0005	0.0001	0.0002	0.0002	0.0000	0.0004	0.0003	0.0001	0.0124	0.0107	0.0016	0.0035	0.0033	0.0002	0.0089	0.0075	0.0014	0.0370	0.0265	0.0105	0.0263	0.0208	0.0055	0.0107	0.0057	0.0050	0.4570	0.4371	0.1028	0.0646	0.0000	649.4432	0.2516	0.2023	0.0003	0.0162	0.0192	0.0086	0.0064	0.0081	0.0000	0.0401	0.0594	0.0181
111	116	0.6536	8	2	0	2	0	0	0	0	0	Y	N	Y	N	N	N	N	N	N	N	N	N	4.3017	0.0639	9.0702	182.7266	0.2356	814.9343	0.0152	0.0019	0.0418	0.0445	0.0000	0.3464	0.1154	0.0001	1.9066	0.0005	0.0000	0.0031	0.0104	0.0004	0.0382	0.0006	0.0002	0.0023	0.0351	0.0009	0.0748	2077.6093	35.5459	0.0008	0.0005	1.6718	1.8441	2.9223	10.4794	0.0015	0.0000	0.0015	0.0015	0.0000	0.0015	0.0000	0.0000	0.0000	0.0010	0.0000	0.0010	0.0000	0.0000	0.0000	0.0010	0.0000	0.0010	0.0330	0.0287	0.0042	0.0126	0.0119	0.0008	0.0203	0.0169	0.0035	0.0995	0.0733	0.0263	0.0715	0.0582	0.0133	0.0280	0.0151	0.0130	4.3017	0.0639	9.0702	182.7266	0.2356	814.9343	0.0152	0.0019	0.0418	0.0104	0.0004	0.0382	0.0006	0.0002	0.0023	0.0351	0.0009	0.0748
111	117	0.3655	6	1	1	1	1	0	0	0	0	N	N	N	N	N	N	N	N	N	N	N	N	4.6092	3.7040	2.4142	14.6803	13.9993	11.5782	1.7342	1.1321	0.2056	0.0095	0.0106	0.0005	0.0192	0.0198	0.0042	0.0046	0.0053	0.0000	0.0021	0.0029	0.0002	0.0013	0.0014	0.0004	0.0026	0.0047	0.0002	0.0061	0.0329	-0.0007	-0.0003	1.6718	10.5071	2.9223	20.2622	0.0016	0.0016	0.0000	0.0011	0.0011	0.0000	0.0005	0.0005	0.0000	0.0006	0.0006	0.0000	0.0002	0.0002	0.0000	0.0005	0.0004	0.0000	0.1701	0.1515	0.0186	0.0570	0.0549	0.0022	0.1131	0.0967	0.0165	0.3095	0.2157	0.0937	0.1353	0.1217	0.0136	0.1741	0.0940	0.0801	4.6092	3.7040	2.4142	14.6803	13.9993	11.5782	1.7342	1.1321	0.2056	0.0021	0.0029	0.0002	0.0013	0.0014	0.0004	0.0026	0.0047	0.0002
111	118	0.6017	7	1	1	1	1	0	0	0	0	N	N	N	N	N	N	N	N	N	N	N	N	0.0000	0.0000	0.0000	0.0000	0.0000	0.0000	0.0000	0.0000	0.0000	0.0000	0.0000	0.0000	0.0000	0.0000	0.0000	0.0000	0.0000	0.0000	0.0031	0.0027	0.0042	0.0023	0.0026	0.0013	0.0048	0.0030	0.0064	0.6719	0.0000	-0.0000	1.6718	4.0036	2.9223	26.5072	0.0000	0.0000	0.0000	0.0000	0.0000	0.0000	0.0000	0.0000	0.0000	0.0006	0.0004	0.0002	0.0003	0.0003	0.0000	0.0003	0.0001	0.0002	0.0440	0.0382	0.0058	0.0118	0.0112	0.0006	0.0323	0.0271	0.0052	0.1933	0.1351	0.0583	0.1301	0.1046	0.0255	0.0633	0.0304	0.0328	0.0000	0.0000	0.0000	0.0000	0.0000	0.0000	0.0000	0.0000	0.0000	0.0031	0.0027	0.0042	0.0023	0.0026	0.0013	0.0048	0.0030	0.0064	
111	119	0.6401	8	1	1	1	0	0	0	0	0	N	N	N	N	N	N	N	N	N	N	N	N	0.0000	0.0000	0.0439	0.0000	0.0000	4.8093	0.0003	0.0000	0.0017	0.0001	0.0000	0.0009	0.0002	0.0000	0.0057	0.0000	0.0000	0.0001	6.4082	9.4055	0.0208	12.8418	15.9498	0.0012	0.0368	0.0319	0.0420	inf	0.0011	0.0000	-0.4401	1.6718	3.8169	2.9223	21.2433	0.0000	0.0000	0.0000	0.0000	0.0000	0.0000	0.0000	0.0000	0.0000	0.9624	0.9614	0.0010	0.9606	0.9606	0.0000	0.0018	0.0008	0.0010	0.0691	0.0620	0.0070	0.0319	0.0308	0.0010	0.0372	0.0312	0.0060	0.1789	0.1305	0.0485	0.1313	0.1062	0.0251	0.0476	0.0242	0.0233	0.0000	0.0000	0.0439	0.0000	0.0000	4.8093	0.0003	0.0000	0.0017	5.3790	7.3692	0.0208	7.3142	9.0444	0.0012	0.0368	0.0319	0.0420
111	120	0.4189	8	1	1	1	0	0	0	0	0	N	N	N	N	N	N	N	N	N	N	N	N	0.0282	0.0032	0.5996	0.1051	0.0673	0.6203	0.0196	0.0000	0.6606	0.0004	0.0001	0.0028	0.0003	0.0002	0.0059	0.0004	0.0000	0.0026	0.0136	0.0177	0.0047	0.0033	0.0025	0.0096	0.0203	0.0334	0.0039	6.7446	0.1237	0.0000	-0.0017	1.6718	16.3276	2.9223	34.9199	0.0001	0.0000	0.0001	0.0000	0.0000	0.0000	0.0001	0.0000	0.0001	0.0049	0.0043	0.0005	0.0005	0.0003	0.0002	0.0044	0.0040	0.0004	0.2216	0.1955	0.0261	0.0682	0.0660	0.0022	0.1534	0.1295	0.0239	0.3594	0.2456	0.1138	0.1419	0.1247	0.0172	0.2174	0.1209	0.0966	0.0282	0.0032	0.5996	0.1051	0.0673	0.6203	0.0196	0.0000	0.6606	0.0136	0.0177	0.0047	0.0033	0.0025	0.0096	0.0203	0.0334	0.0039
111	121	0.4016	7	1	1	1	0	0	0	0	0	N	N	N	N	N	N	N	N	N	N	N	N	1.0573	0.4212	5.4359	1.1908	0.8000	13.0106	1.1210	0.0049	4.5961	0.0020	0.0008	0.0114	0.0034	0.0022	0.0380	0.0014	0.0000	0.0090	0.0019	0.0018	0.0021	0.0028	0.0028	0.0029	0.0013	0.0007	0.0020	1.9662	0.4857	0.0000	-0.0000	1.6718	6.1757	2.9223	14.5601	0.0002	0.0001	0.0001	0.0001	0.0001	0.0000	0.0001	0.0000	0.0001	0.0004	0.0002	0.0001	0.0002	0.0002	0.0000	0.0001	0.0000	0.0001	0.0889	0.0784	0.0104	0.0277	0.0269	0.0009	0.0611	0.0515	0.0096	0.1925	0.1351	0.0574	0.0803	0.0721	0.0082	0.1122	0.0630	0.0492	1.0573	0.4212	5.4359	1.1908	0.8000	13.0106	1.1210	0.0049	4.5961	0.0019	0.0018	0.0021	0.0028	0.0028	0.0029	0.0013	0.0007	0.0020
111	122	0.3486	6	1	0	1	0	0	0	0	0	N	N	N	N	N	N	N	N	N	N	N	N	0.8872	0.2687	38.8075	1.4377	0.8161	111.9973	0.5408	0.0004	26.9935	0.0031	0.0013	0.0170	0.0055	0.0034	0.0621	0.0017	0.0000	0.0114	0.0034	0.0049	0.0004	0.0038	0.0042	0.0006	0.0032	0.0055	0.0004	1.6417	0.0421	0.0001	-0.0004	1.6718	7.5400	2.9223	21.4192	0.0004	0.0001	0.0002	0.0002	0.0001	0.0001	0.0001	0.0000	0.0001	0.0008	0.0008	0.0000	0.0003	0.0003	0.0000	0.0005	0.0005	0.0000	0.1219	0.1083	0.0137	0.0428	0.0413	0.0015	0.0791	0.0670	0.0122	0.2430	0.1657	0.0774	0.0896	0.0804	0.0092	0.1534	0.0853	0.0682	0.8872	0.2687	38.8075	1.4377	0.8161	111.9973	0.5408	0.0004	26.9935	0.0034	0.0049	0.0004	0.0038	0.0042	0.0006	0.0032	0.0055	0.0004
111	123	0.6756	9	1	1	1	0	0	0	0	0	N	N	N	N	N	N	N	N	N	N	N	N	0.0000	0.0000	0.0000	0.0000	0.0000	0.0000	0.0000	0.0000	0.0000	0.0000	0.0000	0.0000	0.0000	0.0000	0.0000	0.0000	0.0000	0.0000	0.0009	0.0006	0.0015	0.0007	0.0007	0.0006	0.0015	0.0004	0.0027	1.0219	0.0000	0.0000	1.6718	4.0019	2.9223	19.5615	0.0000	0.0000	0.0000	0.0000	0.0000	0.0000	0.0000	0.0000	0.0000	0.0002	0.0001	0.0001	0.0001	0.0001	0.0000	0.0001	0.0000	0.0001	0.0495	0.0431	0.0064	0.0153	0.0144	0.0009	0.0341	0.0287	0.0055	0.1781	0.1250	0.0532	0.1327	0.1008	0.0319	0.0455	0.0242	0.0213	0.0000	0.0000	0.0000	0.0000	0.0000	0.0000	0.0000	0.0000	0.0000	0.0009	0.0006	0.0015	0.0007	0.0007	0.0006	0.0015	0.0004	0.0027	
111	124	0.6536	8	1	0	1	0	0	0	0	0	N	N	N	N	N	N	N	N	N	N	N	N	8.0510	8.1973	0.0084	35.0498	31.0479	0.5110	0.0497	0.0441	0.0013	0.0145	0.0167	0.0000	0.0352	0.0375	0.0000	0.0002	0.0002	0.0000	0.0018	0.0020	0.0011	0.0010	0.0012	0.0001	0.0039	0.0053	0.0022	0.0001	0.1926	-0.0002	-0.0000	1.6718	1.2223	2.9223	8.2281	0.0004	0.0004	0.0000	0.0004	0.0004	0.0000	0.0000	0.0000	0.0000	0.0001	0.0001	0.0000	0.0001	0.0001	0.0000	0.0001	0.0001	0.0000	0.0254	0.0221	0.0033	0.0104	0.0098	0.0006	0.0150	0.0124	0.0026	0.0825	0.0614	0.0211	0.0598	0.0491	0.0107	0.0227	0.0123	0.0104	8.0510	8.1973	0.0084	35.0498	31.0479	0.5110	0.0497	0.0441	0.0013	0.0018	0.0020	0.0011	0.0010	0.0012	0.0001	0.0039	0.0053	0.0022
111	125	0.6017	7	1	0	1	0	0	0	0	0	N	N	N	N	N	N	N	N	N	N	N	N	2.1101	2.7022	1.1906	9.3643	9.2793	13.9678	0.0569	0.0000	0.2595	0.0056	0.0058	0.0046	0.0205	0.0198	0.0339	0.0002	0.0000	0.0013	0.0027	0.0021	0.0039	0.0022	0.0021	0.0024	0.0037	0.0022	0.0050	0.1212	0.7852	-0.0001	-0.0000	1.6718	5.9920	2.9223	12.2976	0.0004	0.0003	0.0000	0.0004	0.0003	0.0000	0.0000	0.0000	0.0000	0.0003	0.0002	0.0002	0.0002	0.0001	0.0000	0.0002	0.0000	0.0001	0.0656	0.0570	0.0086	0.0175	0.0167	0.0009	0.0480	0.0403	0.0077	0.1282	0.0896	0.0386	0.0860	0.0696	0.0164	0.0422	0.0199	0.0222	2.1101	2.7022	1.1906	9.3643	9.2793	13.9678	0.0569	0.0000	0.2595	0.0027	0.0021	0.0039	0.0022	0.0021	0.0024	0.0037	0.0022	0.0050
111	126	0.6388	9	1	1	1	0	0	0	0	0	N	N	N	N	N	N	N	N	N	N	N	N	0.0000	0.0000	0.0000	0.0000	0.0000	0.0000	0.0000	0.0000	0.0000	0.0000	0.0000	0.0000	0.0000	0.0000	0.0000	0.0000	0.0000	0.0000	0.0014	0.0008	0.0029	0.0011	0.0005	0.0039	0.0019	0.0016	0.0022	1.4868	0.0000	0.0000	1.6718	5.0407	2.9223	17.1705	0.0000	0.0000	0.0000	0.0000	0.0000	0.0000	0.0000	0.0000	0.0000	0.0002	0.0001	0.0001	0.0001	0.0000	0.0001	0.0001	0.0000	0.0001	0.0606	0.0528	0.0078	0.0189	0.0178	0.0011	0.0417	0.0350	0.0067	0.1538	0.1077	0.0460	0.0952	0.0772	0.0180	0.0586	0.0305	0.0281	0.0000	0.0000	0.0000	0.0000	0.0000	0.0000	0.0000	0.0000	0.0000	0.0014	0.0008	0.0029	0.0011	0.0005	0.0039	0.0019	0.0016	0.0022	
111	127	0.6229	8	1	1	1	0	0	0	0	0	N	N	N	N	N	N	N	N	N	N	N	N	0.0000	0.0000	0.0000	0.0000	0.0000	0.0000	0.0000	0.0000	0.0000	0.0000	0.0000	0.0000	0.0000	0.0000	0.0000	0.0000	0.0000	0.0000	0.0009	0.0006	0.0016	0.0009	0.0008	0.0014	0.0008	0.0000	0.0018	1.0889	-0.0000	0.0000	1.6718	1.9703	2.9223	6.2034	0.0000	0.0000	0.0000	0.0000	0.0000	0.0000	0.0000	0.0000	0.0000	0.0001	0.0000	0.0000	0.0000	0.0000	0.0000	0.0000	0.0000	0.0000	0.0236	0.0205	0.0031	0.0071	0.0067	0.0004	0.0165	0.0138	0.0027	0.0702	0.0507	0.0195	0.0425	0.0353	0.0071	0.0278	0.0154	0.0124	0.0000	0.0000	0.0000	0.0000	0.0000	0.0000	0.0000	0.0000	0.0000	0.0009	0.0006	0.0016	0.0009	0.0008	0.0014	0.0008	0.0000	0.0018	
111	128	0.6017	7	1	0	1	0	0	0	0	0	N	N	N	N	N	N	N	N	N	N	N	N	0.0000	0.0000	0.0000	0.0000	0.0000	0.0000	0.0000	0.0000	0.0000	0.0000	0.0000	0.0000	0.0000	0.0000	0.0000	0.0000	0.0000	0.0000	0.0067	0.0014	0.0190	0.0037	0.0018	0.0122	0.0126	0.0000	0.0232	5.7241	0.0000	0.0002	1.6718	1.1032	2.9223	7.8190	0.0000	0.0000	0.0000	0.0000	0.0000	0.0000	0.0000	0.0000	0.0000	0.0005	0.0001	0.0004	0.0002	0.0001	0.0001	0.0003	0.0000	0.0003	0.0123	0.0107	0.0016	0.0033	0.0031	0.0002	0.0090	0.0076	0.0015	0.0730	0.0510	0.0220	0.0480	0.0395	0.0085	0.0250	0.0115	0.0136	0.0000	0.0000	0.0000	0.0000	0.0000	0.0000	0.0000	0.0000	0.0000	0.0067	0.0014	0.0190	0.0037	0.0018	0.0122	0.0126	0.0000	0.0232	
111	129	0.3779	7	1	1	1	0	0	0	0	0	N	N	N	N	N	N	N	N	N	N	N	N	0.0035	0.0035	0.0000	0.0029	0.0032	0.0000	0.0000	0.0000	0.0000	0.0000	0.0000	0.0000	0.0000	0.0000	0.0000	0.0000	0.0000	0.0000	0.0014	0.0019	0.0000	0.0029	0.0030	0.0001	0.0000	0.0000	0.0000	0.0000	0.0038	-0.0000	-0.0001	1.6718	1.0033	2.9223	0.8635	0.0000	0.0000	0.0000	0.0000	0.0000	0.0000	0.0000	0.0000	0.0000	0.0001	0.0001	0.0000	0.0001	0.0001	0.0000	0.0000	0.0000	0.0000	0.1665	0.1239	0.0426	0.0985	0.0861	0.0124	0.0680	0.0378	0.0302	0.1032	0.0764	0.0268	0.0498	0.0478	0.0020	0.0534	0.0286	0.0248	0.0035	0.0035	0.0000	0.0029	0.0032	0.0000	0.0000	0.0000	0.0000	0.0014	0.0019	0.0000	0.0029	0.0030	0.0001	0.0000	0.0000	0.0000
111	130	0.3486	6	1	0	1	0	0	0	0	0	N	N	N	N	N	N	N	N	N	N	N	N	6.7680	6.0529	0.5950	7.8825	8.2933	0.3386	0.3309	0.1708	1.2517	0.3760	0.4198	0.0142	1.0024	1.0359	0.0511	0.0026	0.0014	0.0093	0.0556	0.0694	0.0239	0.1272	0.1249	0.1508	0.0079	0.0082	0.0074	0.0041	0.1500	-0.0162	-0.0031	1.6718	5.5514	2.9223	9.9598	0.0370	0.0369	0.0002	0.0369	0.0368	0.0001	0.0002	0.0001	0.0001	0.0094	0.0082	0.0012	0.0086	0.0077	0.0009	0.0008	0.0005	0.0003	0.0985	0.0879	0.0106	0.0368	0.0355	0.0013	0.0617	0.0523	0.0094	0.1698	0.1183	0.0515	0.0679	0.0619	0.0059	0.1019	0.0563	0.0456	6.7680	6.0529	0.5950	7.8825	8.2933	0.3386	0.3309	0.1708	1.2517	0.0556	0.0694	0.0239	0.1272	0.1249	0.1508	0.0079	0.0082	0.0074
111	131	0.3183	5	1	0	1	0	0	0	0	0	N	N	N	N	N	N	N	N	N	N	N	N	0.3141	0.1787	2.4362	0.5681	0.4800	4.2441	0.1658	0.0221	2.1578	0.0018	0.0013	0.0058	0.0043	0.0037	0.0225	0.0008	0.0002	0.0044	0.0058	0.0074	0.0024	0.0076	0.0078	0.0053	0.0048	0.0070	0.0021	0.5706	0.1446	-0.0000	-0.0004	1.6718	9.1969	2.9223	13.4651	0.0003	0.0002	0.0001	0.0002	0.0002	0.0000	0.0001	0.0000	0.0001	0.0013	0.0011	0.0002	0.0006	0.0006	0.0000	0.0007	0.0005	0.0001	0.1395	0.1236	0.0160	0.0415	0.0402	0.0012	0.0981	0.0834	0.0147	0.2236	0.1546	0.0689	0.0849	0.0776	0.0073	0.1387	0.0770	0.0616	0.3141	0.1787	2.4362	0.5681	0.4800	4.2441	0.1658	0.0221	2.1578	0.0058	0.0074	0.0024	0.0076	0.0078	0.0053	0.0048	0.0070	0.0021
111	132	0.6986	11	2	1	1	1	0	0	0	0	Y	N	N	N	N	N	N	N	N	N	N	N	0.0000	0.0000	0.0000	0.0000	0.0000	0.0000	0.0000	0.0000	0.0000	0.0000	0.0000	0.0000	0.0000	0.0000	0.0000	0.0000	0.0000	0.0000	0.0000	0.0000	1.6718	1.0000	2.9223	3.0001	0.0000	0.0000	0.0000	0.0000	0.0000	0.0000	0.0000	0.0000	0.0000	0.0000	0.0000	0.0000	0.0000	0.0000	0.0000	0.0000	0.0000	0.0000	0.0121	0.0105	0.0016	0.0034	0.0032	0.0002	0.0087	0.0073	0.0014	0.0264	0.0189	0.0075	0.0198	0.0156	0.0042	0.0066	0.0033	0.0033	0.0000	0.0000	0.0000	0.0000	0.0000	0.0000	0.0000	0.0000	0.0000	0.0000	0.0000	0.0000	0.0000	0.0000	0.0000	0.0000	0.0000	0.0000											
111	133	0.3997	9	2	1	1	1	0	0	0	0	Y	N	N	N	N	N	N	N	N	N	N	N	0.0000	0.0000	0.0000	0.0000	0.0000	0.0000	0.0000	0.0000	0.0000	0.0000	0.0000	0.0000	0.0000	0.0000	0.0000	0.0000	0.0000	0.0000	0.0000	0.0000	0.0000	0.0000	0.0000	0.0000	-0.0000	1.6718	0.0006	2.9223	1.9797	0.0000	0.0000	0.0000	0.0000	0.0000	0.0000	0.0000	0.0000	0.0000	0.0000	0.0000	0.0000	0.0000	0.0000	0.0000	0.0000	0.0000	0.0000	0.0000	0.0000	0.0000	0.0000	0.0000	0.0000	0.0000	0.0000	0.0000	0.0123	0.0082	0.0042	0.0040	0.0034	0.0005	0.0083	0.0047	0.0036	0.0000	0.0000	0.0000	0.0000	0.0000	0.0000	0.0000	0.0000	0.0000	0.0000	0.0000	0.0000	0.0000	0.0000	0.0000	0.0000	0.0000	0.0000						
111	134	0.3829	8	2	1	1	1	0	0	0	0	Y	N	N	N	N	N	N	N	N	N	N	N	0.0000	0.0000	0.0000	0.0000	0.0000	0.0000	0.0000	0.0000	0.0000	0.0000	0.0000	0.0000	0.0000	0.0000	0.0000	0.0018	0.0028	0.0000	0.0040	0.0047	0.0000	0.0009	0.0015	0.0000	0.0000	0.0000	-0.0000	1.6718	2.0077	2.9223	6.0321	0.0000	0.0000	0.0000	0.0000	0.0000	0.0000	0.0000	0.0000	0.0000	0.0001	0.0001	0.0000	0.0001	0.0001	0.0000	0.0000	0.0000	0.0000	0.0293	0.0249	0.0043	0.0105	0.0091	0.0014	0.0187	0.0158	0.0029	0.0489	0.0319	0.0169	0.0149	0.0128	0.0021	0.0339	0.0191	0.0148	0.0000	0.0000	0.0000	0.0000	0.0000	0.0000	0.0000	0.0000	0.0000	0.0018	0.0028	0.0000	0.0040	0.0047	0.0000	0.0009	0.0015	0.0000				
111	135	0.3782	8	1	1	1	1	0	0	0	0	N	N	N	N	N	N	N	N	N	N	N	N	5.5192	5.4621	0.0000	9.0256	8.5223	0.0000	0.0000	0.0000	0.0000	0.0024	0.0027	0.0000	0.0079	0.0084	0.0000	0.0000	0.0000	0.0000	0.0004	0.0005	0.0003	0.0009	0.0010	0.0000	0.0002	0.0000	0.0003	0.0000	0.3166	-0.0000	-0.0000	1.6718	3.0348	2.9223	9.3583	0.0001	0.0001	0.0000	0.0001	0.0001	0.0000	0.0000	0.0000	0.0000	0.0000	0.0000	0.0000	0.0000	0.0000	0.0000	0.0000	0.0000	0.0000	0.0381	0.0331	0.0051	0.0114	0.0107	0.0007	0.0267	0.0224	0.0044	0.0972	0.0634	0.0338	0.0361	0.0320	0.0041	0.0611	0.0314	0.0297	5.5192	5.4621	0.0000	9.0256	8.5223	0.0000	0.0000	0.0000	0.0000	0.0004	0.0005	0.0003	0.0009	0.0010	0.0000	0.0002	0.0000	0.0003
111	136	0.3638	7	1	0	1	1	0	0	0	0	N	N	N	N	N	N	N	N	N	N	N	N	322.0304	242.1467	0.0000	225.1918	210.6785	0.0000	0.0000	0.0000	0.0000	0.3915	0.4478	0.0000	0.8698	0.9452	0.0000	0.0000	0.0000	0.0000	0.0012	0.0018	0.0000	0.0039	0.0045	0.0000	0.0000	0.0000	0.0000	0.0000	0.0024	-0.0001	-0.0000	1.6718	0.0433	2.9223	6.6805	0.0003	0.0003	0.0000	0.0003	0.0003	0.0000	0.0000	0.0000	0.0000	0.0001	0.0001	0.0000	0.0001	0.0001	0.0000	0.0000	0.0000	0.0000	0.0007	0.0006	0.0001	0.0003	0.0003	0.0000	0.0004	0.0003	0.0001	0.0418	0.0274	0.0144	0.0131	0.0113	0.0018	0.0287	0.0161	0.0125	322.0304	242.1467	0.0000	225.1918	210.6785	0.0000	0.0000	0.0000	0.0000	0.0012	0.0018	0.0000	0.0039	0.0045	0.0000	0.0000	0.0000	0.0000
111	137	0.7282	13	1	1	1	1	0	0	0	0	N	N	N	N	N	N	N	N	N	N	N	N	0.0000	0.0000	0.0000	0.0000	0.0000	0.0000	0.0000	0.0000	0.0000	0.0000	0.0000	0.0000	0.0000	0.0000	0.0000	0.0000	0.0000	0.0000	0.0000	0.0000	1.6718	0.0000	2.9223	0.0000	0.0000	0.0000	0.0000	0.0000	0.0000	0.0000	0.0000	0.0000	0.0000	0.0000	0.0000	0.0000	0.0000	0.0000	0.0000	0.0000	0.0000	0.0000	0.0000	0.0000	0.0000	0.0000	0.0000	0.0000	0.0000	0.0000	0.0000	0.0000	0.0000	0.0000	0.0000	0.0000	0.0000	0.0000	0.0000	0.0000	0.0000	0.0000	0.0000	0.0000	0.0000	0.0000	0.0000	0.0000	0.0000	0.0000	0.0000	0.0000	0.0000	0.0000	0.0000	0.0000	0.0000	0.0000											
111	138	0.7232	12	1	1	1	1	0	0	0	0	N	N	N	N	N	N	N	N	N	N	N	N	inf	inf	inf	inf	0.0001	0.0001	0.0000	0.0001	0.0001	0.0000	0.0000	0.0000	0.0000	0.0000	0.0000	0.0000	0.0000	0.0000	0.0000	0.0000	0.0000	0.0000	0.0000	-0.0000	0.0000	1.6718	0.0021	2.9223	2.0000	0.0000	0.0000	0.0000	0.0000	0.0000	0.0000	0.0000	0.0000	0.0000	0.0000	0.0000	0.0000	0.0000	0.0000	0.0000	0.0000	0.0000	0.0000	0.0001	0.0001	0.0000	0.0001	0.0001	0.0000	0.0000	0.0000	0.0000	0.0129	0.0092	0.0037	0.0091	0.0073	0.0018	0.0039	0.0019	0.0019	inf	inf	0.0000	inf	inf	0.0000	0.0000	0.0000	0.0000	0.0000	0.0000	0.0000	0.0000	0.0000	0.0000	0.0000	0.0000	0.0000						
111	139	0.7129	11	1	0	1	1	0	0	0	0	N	N	N	N	N	N	N	N	N	N	N	N	24636.5333	inf	0.0000	452731.7729	inf	0.0000	0.0000	0.0074	0.0085	0.0000	0.0264	0.0279	0.0000	0.0000	0.0000	0.0000	0.0000	0.0000	0.0000	0.0000	0.0000	0.0000	0.0000	0.0000	0.0000	0.0000	inf	-0.0000	0.0000	1.6718	1.0020	2.9223	3.0181	0.0001	0.0001	0.0000	0.0001	0.0001	0.0000	0.0000	0.0000	0.0000	0.0000	0.0000	0.0000	0.0000	0.0000	0.0000	0.0000	0.0000	0.0000	0.0121	0.0106	0.0016	0.0034	0.0032	0.0002	0.0087	0.0073	0.0014	0.0266	0.0189	0.0077	0.0189	0.0150	0.0038	0.0077	0.0039	0.0038	24636.5333	inf	0.0000	452731.7729	inf	0.0000	0.0000	0.0000	0.0000	0.0000	0.0000	0.0000	0.0000	0.0000	0.0000	0.0000	0.0000	0.0000		
111	140	0.6986	11	1	1	1	0	0	0	0	0	N	N	N	N	N	N	N	N	N	N	N	N	0.0000	0.0000	0.0000	0.0000	0.0000	0.0000	0.0000	0.0000	0.0000	0.0000	0.0000	0.0000	0.0000	0.0000	0.0000	0.0000	0.0000	0.0000	0.0000	0.0000	1.6718	0.0000	2.9223	4.0001	0.0000	0.0000	0.0000	0.0000	0.0000	0.0000	0.0000	0.0000	0.0000	0.0000	0.0000	0.0000	0.0000	0.0000	0.0000	0.0000	0.0000	0.0000	0.0000	0.0000	0.0000	0.0000	0.0000	0.0000	0.0000	0.0000	0.0000	0.0264	0.0189	0.0075	0.0198	0.0156	0.0042	0.0066	0.0033	0.0033	0.0000	0.0000	0.0000	0.0000	0.0000	0.0000	0.0000	0.0000	0.0000	0.0000	0.0000	0.0000	0.0000	0.0000	0.0000	0.0000	0.0000	0.0000											
111	141	0.3784	7	1	1	1	0	0	0	0	0	N	N	N	N	N	N	N	N	N	N	N	N	0.0000	0.0000	0.0000	0.0000	0.0000	0.0000	0.0000	0.0000	0.0000	0.0000	0.0000	0.0000	0.0000	0.0000	0.0000	0.0000	0.0000	0.0000	39.0631	107.2780	0.0001	897.9375	932.5180	0.0011	0.0204	0.0361	0.0000	0.0000	0.0000	-0.4402	1.6718	1.0003	2.9223	5.0186	0.0000	0.0000	0.0000	0.0000	0.0000	0.0000	0.0000	0.0000	0.0000	0.9604	0.9604	0.0000	0.9598	0.9598	0.0000	0.0005	0.0005	0.0000	0.0129	0.0112	0.0017	0.0039	0.0037	0.0003	0.0090	0.0075	0.0015	0.0383	0.0252	0.0132	0.0120	0.0103	0.0017	0.0263	0.0149	0.0115	0.0000	0.0000	0.0000	0.0000	0.0000	0.0000	0.0000	0.0000	0.0000	25.0535	38.1494	0.0001	80.0329	93.3106	0.0011	0.0204	0.0361	0.0000	
111	142	0.7129	11	1	0	2	1	0	0	0	0	N	N	Y	N	N	N	N	N	N	N	N	N	0.0000	0.0000	0.0000	0.0000	0.0000	0.0000	0.0000	0.0000	0.0000	0.0000	0.0000	0.0000	0.0000	0.0000	0.0000	0.0000	0.0005	0.0007	0.0000	0.0007	0.0009	0.0000	0.0000	0.0000	0.0000	0.0002	0.0000	-0.0000	1.6718	0.0001	2.9223	9.0026	0.0000	0.0000	0.0000	0.0000	0.0000	0.0000	0.0000	0.0000	0.0000	0.0000	0.0000	0.0000	0.0000	0.0000	0.0000	0.0000	0.0000	0.0000	0.0000	0.0000	0.0000	0.0000	0.0000	0.0000	0.0000	0.0000	0.0000	0.0582	0.0414	0.0168	0.0412	0.0328	0.0084	0.0170	0.0086	0.0084	0.0000	0.0000	0.0000	0.0000	0.0000	0.0000	0.0000	0.0000	0.0000	0.0005	0.0007	0.0000	0.0007	0.0009	0.0000	0.0000	0.0000	0.0000			
111	143	0.3638	7	1	0	2	1	0	0	0	0	N	N	Y	N	N	N	N	N	N	N	N	N	1172.3943	885.1382	0.0000	0.2005	0.1836	0.0000	2249.7845	1511.5811	0.0000	39.0580	45.0332	0.0000	0.0104	0.0111	0.0000	56.0503	67.0198	0.0000	0.0333	0.0509	0.0000	0.0518	0.0603	0.0000	0.0249	0.0443	0.0000	0.0000	0.0000	-0.4388	-0.0009	1.6718	2.0061	2.9223	8.0425	0.9948	0.9948	0.0000	0.0001	0.0001	0.0000	0.9947	0.9947	0.0000	0.0020	0.0020	0.0000	0.0010	0.0010	0.0000	0.0010	0.0010	0.0000	0.0255	0.0221	0.0034	0.0077	0.0072	0.0005	0.0177	0.0148	0.0029	0.0612	0.0401	0.0211	0.0191	0.0164	0.0027	0.0421	0.0236	0.0184	1172.3943	885.1382	0.0000	0.2005	0.1836	0.0000	2249.7845	1511.5811	0.0000	0.0333	0.0509	0.0000	0.0518	0.0603	0.0000	0.0249	0.0443	0.0000
111	144	0.3547	6	1	0	1	1	0	0	0	0	N	N	N	N	N	N	N	N	N	N	N	N	21.4504	17.9749	0.0000	0.0057	0.0057	0.0000	30.4571	21.9401	0.0000	0.0102	0.0117	0.0000	0.0000	0.0000	0.0000	0.0153	0.0183	0.0000	0.0005	0.0007	0.0000	0.0004	0.0005	0.0001	0.0005	0.0008	0.0000	0.0000	0.0191	-0.0001	-0.0000	1.6718	1.9550	2.9223	2.1189	0.0003	0.0003	0.0000	0.0000	0.0000	0.0000	0.0003	0.0003	0.0000	0.0000	0.0000	0.0000	0.0000	0.0000	0.0000	0.0000	0.0000	0.0000	0.0272	0.0237	0.0035	0.0090	0.0085	0.0005	0.0182	0.0152	0.0030	0.0380	0.0273	0.0108	0.0143	0.0132	0.0011	0.0238	0.0141	0.0097	21.4504	17.9749	0.0000	0.0057	0.0057	0.0000	30.4571	21.9401	0.0000	0.0005	0.0007	0.0000	0.0004	0.0005	0.0001	0.0005	0.0008	0.0000
111	145	0.3547	6	1	0	2	1	0	0	0	0	N	N	Y	N	N	N	N	N	N	N	N	N	6.6124	5.2449	0.0000	0.0000	0.0000	109.4303	151.5120	0.0000	0.0163	0.0188	0.0000	0.0000	0.0000	0.0000	0.0243	0.0291	0.0000	0.0025	0.0036	0.0002	0.0071	0.0081	0.0000	0.0002	0.0002	0.0003	0.0000	0.0317	-0.0002	-0.0001	1.6718	2.1261	2.9223	18.6477	0.0005	0.0005	0.0000	0.0000	0.0000	0.0000	0.0005	0.0005	0.0000	0.0003	0.0003	0.0000	0.0003	0.0003	0.0000	0.0000	0.0000	0.0000	0.0294	0.0256	0.0038	0.0097	0.0091	0.0006	0.0197	0.0165	0.0032	0.1317	0.0882	0.0434	0.0432	0.0379	0.0054	0.0884	0.0503	0.0381	6.6124	5.2449	0.0000	0.0000	0.0000	0.0000	109.4303	151.5120	0.0000	0.0025	0.0036	0.0002	0.0071	0.0081	0.0000	0.0002	0.0002	0.0003	
111	146	0.7129	11	1	0	2	1	0	0	0	0	N	N	Y	N	N	N	N	N	N	N	N	N	0.0000	0.0000	0.0000	0.0000	0.0000	0.0000	0.0000	0.0000	0.0000	0.0000	0.0000	0.0000	0.0000	0.0000	0.0000	0.0000	0.0010	0.0014	0.0000	0.0014	0.0017	0.0000	0.0000	0.0000	0.0000	0.0000	0.0000	-0.0000	1.6718	2.0001	2.9223	5.9880	0.0000	0.0000	0.0000	0.0000	0.0000	0.0000	0.0000	0.0000	0.0000	0.0000	0.0000	0.0000	0.0000	0.0000	0.0000	0.0000	0.0000	0.0000	0.0241	0.0210	0.0031	0.0068	0.0064	0.0004	0.0174	0.0146	0.0028	0.0519	0.0369	0.0150	0.0367	0.0292	0.0075	0.0152	0.0076	0.0075	0.0000	0.0000	0.0000	0.0000	0.0000	0.0000	0.0000	0.0000	0.0000	0.0010	0.0014	0.0000	0.0014	0.0017	0.0000	0.0000	0.0000	0.0000			
111	147	0.7129	11	1	0	2	1	0	0	0	0	N	N	Y	N	N	N	N	N	N	N	N	N	0.0000	0.0000	0.0000	0.0000	0.0000	0.0000	0.0000	0.0000	0.0000	0.0000	0.0000	0.0000	0.0000	0.0000	0.0000	0.0000	0.0000	0.0000	0.0043	0.0059	0.0002	0.0003	0.0004	0.0000	0.0134	0.0261	0.0004	0.0127	0.0000	-0.0004	1.6718	9.0001	2.9223	23.0169	0.0000	0.0000	0.0000	0.0000	0.0000	0.0000	0.0000	0.0000	0.0000	0.0008	0.0008	0.0000	0.0000	0.0000	0.0000	0.0008	0.0007	0.0000	0.1057	0.0921	0.0136	0.0298	0.0282	0.0016	0.0759	0.0639	0.0120	0.1873	0.1330	0.0543	0.1306	0.1042	0.0264	0.0567	0.0288	0.0280	0.0000	0.0000	0.0000	0.0000	0.0000	0.0000	0.0000	0.0000	0.0000	0.0043	0.0059	0.0002	0.0003	0.0004	0.0000	0.0134	0.0261	0.0004	
111	148	0.6876	10	1	0	1	1	0	0	0	0	N	N	N	N	N	N	N	N	N	N	N	N	0.0003	0.0021	0.0000	0.0008	0.0056	0.0000	0.0000	0.0000	0.0000	0.0000	0.0000	0.0000	0.0000	0.0000	0.0000	0.0000	0.0000	0.0000	0.0046	0.0008	0.0144	0.0063	0.0010	0.0278	0.0001	0.0000	0.0001	0.0000	7.2266	-0.0000	0.0001	1.6718	1.9990	2.9223	7.9526	0.0000	0.0000	0.0000	0.0000	0.0000	0.0000	0.0000	0.0000	0.0000	0.0003	0.0000	0.0003	0.0003	0.0000	0.0003	0.0000	0.0000	0.0000	0.0242	0.0210	0.0031	0.0068	0.0064	0.0004	0.0174	0.0146	0.0028	0.0712	0.0511	0.0201	0.0517	0.0414	0.0103	0.0195	0.0098	0.0098	0.0003	0.0021	0.0000	0.0008	0.0056	0.0000	0.0000	0.0000	0.0000	0.0046	0.0008	0.0144	0.0063	0.0010	0.0278	0.0001	0.0000	0.0001
111	149	0.6557	9	2	1	1	0	0	0	0	0	Y	N	N	N	N	N	N	N	N	N	N	N	0.6070	5.8399	0.0000	2.2104	14.3953	0.0000	0.0000	0.0000	0.0000	0.0005	0.0005	0.0000	0.0015	0.0016	0.0000	0.0000	0.0000	0.0000	0.0007	0.0001	0.0025	0.0007	0.0001	0.0033	0.0009	0.0000	0.0018	0.0000	10.4547	-0.0000	0.0001	1.6718	5.3497	2.9223	17.2225	0.0000	0.0000	0.0000	0.0000	0.0000	0.0000	0.0000	0.0000	0.0000	0.0001	0.0000	0.0001	0.0001	0.0000	0.0001	0.0000	0.0000	0.0000	0.0665	0.0580	0.0086	0.0195	0.0185	0.0009	0.0471	0.0395	0.0076	0.1602	0.1173	0.0430	0.1131	0.0921	0.0210	0.0472	0.0252	0.0220	0.6070	5.8399	0.0000	2.2104	14.3953	0.0000	0.0000	0.0000	0.0000	0.0007	0.0001	0.0025	0.0007	0.0001	0.0033	0.0009	0.0000	0.0018
111	150	0.6865	10	1	1	1	0	0	0	0	0	N	N	N	N	N	N	N	N	N	N	N	N	1.0711	2.8131	0.0613	2.3737	6.5548	0.1913	0.0018	0.0000	0.0078	0.0020	0.0023	0.0003	0.0057	0.0060	0.0018	0.0000	0.0000	0.0000	0.0019	0.0008	0.0047	0.0024	0.0009	0.0093	0.0007	0.0004	0.0010	0.0181	2.2375	-0.0000	0.0001	1.6718	3.6794	2.9223	17.4287	0.0001	0.0001	0.0000	0.0001	0.0001	0.0000	0.0000	0.0000	0.0000	0.0003	0.0001	0.0002	0.0002	0.0001	0.0002	0.0000	0.0000	0.0000	0.0481	0.0421	0.0060	0.0168	0.0159	0.0009	0.0313	0.0263	0.0050	0.1404	0.1016	0.0389	0.0955	0.0783	0.0172	0.0450	0.0233	0.0217	1.0711	2.8131	0.0613	2.3737	6.5548	0.1913	0.0018	0.0000	0.0078	0.0019	0.0008	0.0047	0.0024	0.0009	0.0093	0.0007	0.0004	0.0010
111	151	0.6557	9	1	1	1	0	0	0	0	0	N	N	N	N	N	N	N	N	N	N	N	N	0.0290	0.0379	0.0574	0.0464	0.1270	0.1701	0.2332	0.0002	1.2019	0.0011	0.0000	0.0079	0.0024	0.0001	0.0480	0.0005	0.0000	0.0030	0.0366	0.0013	0.1381	0.0511	0.0012	0.2823	0.0021	0.0018	0.0025	23.4155	36.5974	0.0000	0.0021	1.6718	3.4464	2.9223	10.1316	0.0000	0.0000	0.0000	0.0000	0.0000	0.0000	0.0000	0.0000	0.0000	0.0040	0.0001	0.0039	0.0039	0.0001	0.0039	0.0001	0.0000	0.0000	0.0443	0.0386	0.0057	0.0134	0.0128	0.0006	0.0309	0.0258	0.0051	0.1098	0.0815	0.0283	0.0772	0.0635	0.0137	0.0326	0.0180	0.0146	0.0290	0.0379	0.0574	0.0464	0.1270	0.1701	0.2332	0.0002	1.2019	0.0366	0.0013	0.1381	0.0511	0.0012	0.2823	0.0021	0.0018	0.0025
111	152	0.3852	9	2	1	1	0	0	0	0	0	Y	N	N	N	N	N	N	N	N	N	N	N	0.0000	0.0000	0.0000	0.0000	0.0000	0.0000	0.0000	0.0000	0.0000	0.0000	0.0000	0.0000	0.0000	0.0000	0.0000	0.0004	0.0000	0.0011	0.0013	0.0000	0.0089	0.0000	0.0000	0.0000	inf	0.0000	0.0000	1.6718	1.0143	2.9223	12.0086	0.0000	0.0000	0.0000	0.0000	0.0000	0.0000	0.0000	0.0000	0.0000	0.0000	0.0000	0.0000	0.0000	0.0000	0.0000	0.0000	0.0000	0.0000	0.0199	0.0163	0.0036	0.0097	0.0075	0.0022	0.0102	0.0088	0.0013	0.0774	0.0505	0.0268	0.0236	0.0202	0.0034	0.0538	0.0303	0.0235	0.0000	0.0000	0.0000	0.0000	0.0000	0.0000	0.0000	0.0000	0.0000	0.0004	0.0000	0.0011	0.0013	0.0000	0.0089	0.0000	0.0000	0.0000				
111	153	0.3829	8	2	1	1	0	0	0	0	0	Y	N	N	N	N	N	N	N	N	N	N	N	0.0000	0.0000	0.0000	0.0000	0.0000	0.0000	0.0000	0.0000	0.0000	0.0000	0.0000	0.0000	0.0000	0.0000	0.0000	0.0000	0.0000	0.0000	0.0045	0.0069	0.0000	0.0000	0.0000	0.0001	0.0066	0.0117	0.0000	0.0031	0.0000	-0.0000	1.6718	0.9811	2.9223	0.0216	0.0000	0.0000	0.0000	0.0000	0.0000	0.0000	0.0000	0.0000	0.0000	0.0000	0.0000	0.0000	0.0000	0.0000	0.0000	0.0000	0.0000	0.0000	0.0163	0.0137	0.0026	0.0066	0.0055	0.0011	0.0096	0.0082	0.0014	0.0064	0.0042	0.0022	0.0020	0.0017	0.0003	0.0044	0.0025	0.0019	0.0000	0.0000	0.0000	0.0000	0.0000	0.0000	0.0000	0.0000	0.0000	0.0045	0.0069	0.0000	0.0000	0.0000	0.0001	0.0066	0.0117	0.0000	
111	154	0.3784	7	2	1	1	0	0	0	0	0	Y	N	N	N	N	N	N	N	N	N	N	N	0.0000	0.0000	0.0000	0.0000	0.0000	0.0000	0.0000	0.0000	0.0000	0.0000	0.0000	0.0000	0.0000	0.0000	0.0000	0.0000	0.0000	0.0000	0.3150	0.4730	0.0000	0.0068	0.0079	0.0002	0.4695	0.8218	0.0000	0.0000	0.0000	-0.0020	1.6718	0.0083	2.9223	2.0001	0.0000	0.0000	0.0000	0.0000	0.0000	0.0000	0.0000	0.0000	0.0000	0.0044	0.0044	0.0000	0.0000	0.0000	0.0000	0.0044	0.0044	0.0000	0.0002	0.0002	0.0000	0.0001	0.0001	0.0000	0.0001	0.0001	0.0000	0.0140	0.0093	0.0047	0.0047	0.0040	0.0007	0.0093	0.0053	0.0040	0.0000	0.0000	0.0000	0.0000	0.0000	0.0000	0.0000	0.0000	0.0000	0.3150	0.4730	0.0000	0.0068	0.0079	0.0002	0.4695	0.8218	0.0000	
111	155	0.3547	6	1	1	1	0	0	0	0	0	N	N	N	N	N	N	N	N	N	N	N	N	0.0000	0.0000	0.0000	0.0000	0.0000	0.0000	0.0000	0.0000	0.0000	0.0000	0.0000	0.0000	0.0000	0.0000	0.0000	0.0000	0.0000	0.0000	0.0597	0.0861	0.0023	0.1735	0.1921	0.0196	0.0002	0.0004	0.0000	0.0123	0.0000	-0.0020	1.6718	2.9180	2.9223	7.4065	0.0000	0.0000	0.0000	0.0000	0.0000	0.0000	0.0000	0.0000	0.0000	0.0045	0.0044	0.0001	0.0044	0.0044	0.0001	0.0000	0.0000	0.0000	0.0392	0.0342	0.0051	0.0126	0.0119	0.0007	0.0266	0.0223	0.0044	0.0746	0.0511	0.0235	0.0256	0.0228	0.0028	0.0490	0.0283	0.0208	0.0000	0.0000	0.0000	0.0000	0.0000	0.0000	0.0000	0.0000	0.0000	0.0597	0.0861	0.0023	0.1735	0.1921	0.0196	0.0002	0.0004	0.0000	
111	156	0.2889	5	1	0	1	0	0	0	0	0	N	N	N	N	N	N	N	N	N	N	N	N	1.4880	0.8340	114.8445	5.8352	4.4238	124.4684	0.1857	0.0009	67.7060	0.0116	0.0093	0.0284	0.0281	0.0231	0.1181	0.0018	0.0000	0.0109	0.0078	0.0111	0.0002	0.0048	0.0052	0.0009	0.0094	0.0163	0.0002	0.4170	0.0099	-0.0003	-0.0008	1.6718	8.2479	2.9223	19.7214	0.0020	0.0014	0.0006	0.0018	0.0014	0.0004	0.0002	0.0000	0.0002	0.0018	0.0018	0.0000	0.0004	0.0004	0.0000	0.0014	0.0014	0.0000	0.1692	0.1489	0.0203	0.0632	0.0598	0.0033	0.1060	0.0891	0.0170	0.2370	0.1640	0.0730	0.0846	0.0766	0.0080	0.1524	0.0875	0.0649	1.4880	0.8340	114.8445	5.8352	4.4238	124.4684	0.1857	0.0009	67.7060	0.0078	0.0111	0.0002	0.0048	0.0052	0.0009	0.0094	0.0163	0.0002
111	157	0.2528	4	1	0	1	0	0	0	0	0	N	N	N	N	N	N	N	N	N	N	N	N	0.2039	0.0978	11.5582	1.9770	1.3462	89.8804	0.0359	0.0026	4.8261	0.0167	0.0116	0.0517	0.0461	0.0343	0.2493	0.0040	0.0005	0.0225	0.0821	0.1185	0.0045	0.0233	0.0255	0.0028	0.1129	0.1966	0.0047	0.6588	0.0177	-0.0001	-0.0077	1.6718	7.4725	2.9223	14.3153	0.0020	0.0012	0.0008	0.0017	0.0012	0.0005	0.0003	0.0000	0.0003	0.0174	0.0171	0.0003	0.0017	0.0017	0.0000	0.0157	0.0154	0.0003	0.1220	0.1063	0.0157	0.0368	0.0348	0.0020	0.0852	0.0715	0.0137	0.2118	0.1442	0.0675	0.0728	0.0658	0.0070	0.1390	0.0784	0.0606	0.2039	0.0978	11.5582	1.9770	1.3462	89.8804	0.0359	0.0026	4.8261	0.0821	0.1185	0.0045	0.0233	0.0255	0.0028	0.1129	0.1966	0.0047
111	161	0.7062	13	2	1	1	0	0	0	0	0	Y	N	N	N	N	N	N	N	N	N	N	N	0.0000	0.0000	0.0000	0.0000	0.0000	0.0000	0.0000	0.0000	0.0000	0.0000	0.0000	0.0000	0.0000	0.0000	0.0000	0.0502	0.0000	0.1773	0.0020	0.0000	0.0095	0.1942	0.0000	0.3865	inf	0.0000	0.0005	1.6718	0.0002	2.9223	3.0099	0.0000	0.0000	0.0000	0.0000	0.0000	0.0000	0.0000	0.0000	0.0000	0.0010	0.0000	0.0010	0.0000	0.0000	0.0000	0.0010	0.0000	0.0010	0.0000	0.0000	0.0000	0.0000	0.0000	0.0000	0.0000	0.0000	0.0000	0.0201	0.0144	0.0057	0.0150	0.0119	0.0032	0.0050	0.0025	0.0025	0.0000	0.0000	0.0000	0.0000	0.0000	0.0000	0.0000	0.0000	0.0000	0.0502	0.0000	0.1773	0.0020	0.0000	0.0095	0.1942	0.0000	0.3865				
111	162	0.6986	12	2	1	1	0	0	0	0	0	Y	N	N	N	N	N	N	N	N	N	N	N	0.0000	0.0000	0.0000	0.0000	0.0000	0.0000	0.0000	0.0000	0.0000	0.0000	0.0000	0.0000	0.0000	0.0000	0.0000	0.0000	0.0000	0.0002	0.0000	0.0005	0.0000	0.0000	0.0000	0.0006	0.0000	0.0012	299.0000	0.0000	0.0000	1.6718	0.9998	2.9223	2.0118	0.0000	0.0000	0.0000	0.0000	0.0000	0.0000	0.0000	0.0000	0.0000	0.0000	0.0000	0.0000	0.0000	0.0000	0.0000	0.0000	0.0000	0.0000	0.0121	0.0105	0.0016	0.0034	0.0032	0.0002	0.0087	0.0073	0.0014	0.0199	0.0143	0.0057	0.0150	0.0118	0.0031	0.0050	0.0025	0.0025	0.0000	0.0000	0.0000	0.0000	0.0000	0.0000	0.0000	0.0000	0.0000	0.0002	0.0000	0.0005	0.0000	0.0000	0.0000	0.0006	0.0000	0.0012		
111	163	0.6986	11	2	1	1	0	0	0	0	0	Y	N	N	N	N	N	N	N	N	N	N	N	0.0000	0.0000	0.0000	0.0000	0.0000	0.0000	0.0000	0.0000	0.0000	0.0000	0.0000	0.0000	0.0000	0.0000	0.0000	0.0000	0.0000	0.0000	0.0000	0.0000	1.6718	0.0000	2.9223	0.0003	0.0000	0.0000	0.0000	0.0000	0.0000	0.0000	0.0000	0.0000	0.0000	0.0000	0.0000	0.0000	0.0000	0.0000	0.0000	0.0000	0.0000	0.0000	0.0000	0.0000	0.0000	0.0000	0.0000	0.0000	0.0000	0.0000	0.0000	0.0000	0.0000	0.0000	0.0000	0.0000	0.0000	0.0000	0.0000	0.0000	0.0000	0.0000	0.0000	0.0000	0.0000	0.0000	0.0000	0.0000	0.0000	0.0000	0.0000	0.0000	0.0000	0.0000	0.0000	0.0000	0.0000	0.0000											
111	164	0.6876	10	1	1	1	0	0	0	0	0	N	N	N	N	N	N	N	N	N	N	N	N	0.5588	0.4941	0.0000	0.6970	0.6457	0.0000	0.0000	0.0000	0.0000	0.0002	0.0003	0.0000	0.0004	0.0004	0.0000	0.0000	0.0000	0.0000	0.0004	0.0005	0.0001	0.0005	0.0006	0.0001	0.0001	0.0000	0.0001	0.0000	0.0826	-0.0000	-0.0000	1.6718	0.0063	2.9223	4.3641	0.0000	0.0000	0.0000	0.0000	0.0000	0.0000	0.0000	0.0000	0.0000	0.0000	0.0000	0.0000	0.0000	0.0000	0.0000	0.0000	0.0000	0.0000	0.0002	0.0001	0.0000	0.0001	0.0001	0.0000	0.0001	0.0001	0.0000	0.0363	0.0263	0.0100	0.0260	0.0211	0.0049	0.0103	0.0052	0.0051	0.5588	0.4941	0.0000	0.6970	0.6457	0.0000	0.0000	0.0000	0.0000	0.0004	0.0005	0.0001	0.0005	0.0006	0.0001	0.0001	0.0000	0.0001
111	165	0.6557	9	1	0	1	0	0	0	0	0	N	N	N	N	N	N	N	N	N	N	N	N	3.5707	15.5591	0.0000	10.8458	35.4981	0.0000	0.0000	0.0000	0.0000	0.0039	0.0045	0.0000	0.0124	0.0130	0.0000	0.0000	0.0000	0.0000	0.0011	0.0003	0.0034	0.0011	0.0004	0.0048	0.0010	0.0000	0.0021	0.0000	4.1106	-0.0001	0.0000	1.6718	2.5207	2.9223	10.0226	0.0001	0.0001	0.0000	0.0001	0.0001	0.0000	0.0000	0.0000	0.0000	0.0001	0.0000	0.0001	0.0001	0.0000	0.0001	0.0000	0.0000	0.0000	0.0334	0.0291	0.0043	0.0104	0.0100	0.0005	0.0229	0.0191	0.0038	0.1037	0.0772	0.0266	0.0729	0.0601	0.0128	0.0308	0.0171	0.0137	3.5707	15.5591	0.0000	10.8458	35.4981	0.0000	0.0000	0.0000	0.0000	0.0011	0.0003	0.0034	0.0011	0.0004	0.0048	0.0010	0.0000	0.0021
111	166	0.6401	8	1	0	1	0	0	0	0	0	N	N	N	N	N	N	N	N	N	N	N	N	0.0024	0.0000	1.3849	0.0035	0.0000	5.4908	0.0023	0.0000	0.2387	0.0001	0.0000	0.0012	0.0002	0.0000	0.0070	0.0000	0.0000	0.0001	0.0483	0.0638	0.0009	0.0610	0.0738	0.0013	0.0067	0.0125	0.0004	inf	0.0045	0.0000	-0.0017	1.6718	2.6894	2.9223	4.6619	0.0000	0.0000	0.0000	0.0000	0.0000	0.0000	0.0000	0.0000	0.0000	0.0038	0.0037	0.0000	0.0036	0.0036	0.0000	0.0001	0.0001	0.0000	0.0560	0.0507	0.0053	0.0285	0.0276	0.0009	0.0275	0.0231	0.0045	0.0779	0.0588	0.0191	0.0597	0.0492	0.0105	0.0182	0.0096	0.0087	0.0024	0.0000	1.3849	0.0035	0.0000	5.4908	0.0023	0.0000	0.2387	0.0483	0.0638	0.0009	0.0610	0.0738	0.0013	0.0067	0.0125	0.0004
111	167	0.6017	7	1	0	1	0	0	0	0	0	N	N	N	N	N	N	N	N	N	N	N	N	0.0000	0.0000	0.0000	0.0000	0.0000	0.0000	0.0000	0.0000	0.0000	0.0000	0.0000	0.0000	0.0000	0.0000	0.0000	0.0000	0.0000	0.0000	0.0457	0.0638	0.0040	0.0670	0.0812	0.0029	0.0039	0.0032	0.0046	0.0267	0.0000	-0.0017	1.6718	2.7966	2.9223	8.5340	0.0000	0.0000	0.0000	0.0000	0.0000	0.0000	0.0000	0.0000	0.0000	0.0040	0.0039	0.0001	0.0039	0.0039	0.0000	0.0001	0.0000	0.0001	0.0310	0.0269	0.0041	0.0083	0.0079	0.0004	0.0227	0.0190	0.0037	0.0876	0.0612	0.0264	0.0581	0.0475	0.0106	0.0295	0.0137	0.0158	0.0000	0.0000	0.0000	0.0000	0.0000	0.0000	0.0000	0.0000	0.0000	0.0457	0.0638	0.0040	0.0670	0.0812	0.0029	0.0039	0.0032	0.0046	
112	115	0.6680	8	2	0	2	0	0	0	0	0	Y	N	Y	N	N	N	N	N	N	N	N	N	383.1471	429.8948	0.0000	0.0212	0.0172	0.0000	342.9120	464.7133	0.0000	10.5218	12.0121	0.0000	0.0004	0.0004	0.0000	15.3471	18.1128	0.0000	0.0275	0.0279	0.0264	0.0180	0.0238	0.0000	0.0448	0.0390	0.0513	0.0000	0.4481	-0.4410	-0.0005	14.0283	1.0009	7.1084	4.0038	0.9998	0.9998	0.0000	0.0000	0.0000	0.0000	0.9997	0.9997	0.0000	0.0036	0.0025	0.0011	0.0015	0.0015	0.0000	0.0021	0.0010	0.0011	0.0950	0.0832	0.0118	0.0299	0.0280	0.0018	0.0651	0.0552	0.0099	0.1309	0.0889	0.0421	0.0848	0.0644	0.0204	0.0462	0.0245	0.0217	383.1471	429.8948	0.0000	0.0212	0.0172	0.0000	342.9120	464.7133	0.0000	0.0275	0.0279	0.0264	0.0180	0.0238	0.0000	0.0448	0.0390	0.0513
112	116	0.6397	7	2	0	2	0	0	0	0	0	Y	N	Y	N	N	N	N	N	N	N	N	N	0.0050	0.1339	0.0016	0.3248	0.2153	21.6638	0.0003	0.0928	0.0000	0.0153	0.0135	0.0285	0.0355	0.0286	0.1753	0.0023	0.0025	0.0011	3.0340	0.1011	17.3062	0.1094	0.1328	0.0081	7.5754	0.0272	32.5061	0.2798	41.5053	-0.0008	0.5065	14.0283	1.8441	7.1084	10.4794	0.0037	0.0029	0.0008	0.0034	0.0026	0.0008	0.0003	0.0003	0.0000	0.9775	0.0230	0.9545	0.0214	0.0211	0.0003	0.9561	0.0019	0.9542	0.2411	0.2128	0.0283	0.0943	0.0899	0.0045	0.1468	0.1229	0.0238	0.3222	0.2274	0.0948	0.1960	0.1591	0.0369	0.1262	0.0683	0.0579	0.0050	0.1339	0.0028	0.3248	0.2153	21.6638	0.0003	0.0928	0.0001	3.0340	0.1011	10.0736	0.1094	0.1328	0.0081	7.5754	0.0272	16.4821
112	117	0.3517	5	1	1	1	1	0	0	0	0	N	N	N	N	N	N	N	N	N	N	N	N	24.7843	22.1901	0.1362	0.2369	0.2336	0.1524	178.2644	1264.2569	0.1205	0.7651	0.8562	0.0020	0.0178	0.0183	0.0053	1.1378	1.3249	0.0015	0.0309	0.0386	0.0145	0.0753	0.0784	0.0349	0.0064	0.0010	0.0127	0.0003	0.1768	-0.4368	-0.0105	14.0283	10.5071	7.1084	20.2622	0.9910	0.9907	0.0003	0.0077	0.0076	0.0001	0.9833	0.9831	0.0002	0.0342	0.0291	0.0051	0.0297	0.0287	0.0010	0.0046	0.0004	0.0042	1.2953	1.1570	0.1382	0.4311	0.4150	0.0161	0.8642	0.7420	0.1222	1.1082	0.7534	0.3548	0.3939	0.3657	0.0282	0.7143	0.3877	0.3266	24.7843	22.1901	0.1362	0.2369	0.2336	0.1524	178.2644	1264.2569	0.1205	0.0309	0.0386	0.0145	0.0753	0.0784	0.0349	0.0064	0.0010	0.0127
112	118	0.5878	6	1	1	1	1	0	0	0	0	N	N	N	N	N	N	N	N	N	N	N	N	0.0000	0.0000	0.0000	0.0000	0.0000	0.0000	0.0000	0.0000	0.0000	0.0000	0.0000	0.0000	0.0000	0.0000	0.0000	0.0000	0.0000	0.0000	0.0015	0.0013	0.0018	0.0010	0.0012	0.0001	0.0021	0.0016	0.0027	0.6325	0.0000	-0.0001	14.0283	4.0036	7.1084	26.5072	0.0000	0.0000	0.0000	0.0000	0.0000	0.0000	0.0000	0.0000	0.0000	0.0010	0.0006	0.0004	0.0004	0.0004	0.0000	0.0006	0.0002	0.0004	0.3421	0.2990	0.0431	0.1033	0.0970	0.0064	0.2388	0.2021	0.0367	0.6567	0.4525	0.2041	0.3790	0.3102	0.0687	0.2777	0.1423	0.1354	0.0000	0.0000	0.0000	0.0000	0.0000	0.0000	0.0000	0.0000	0.0000	0.0015	0.0013	0.0018	0.0010	0.0012	0.0001	0.0021	0.0016	0.0027	
112	119	0.6263	7	1	1	1	0	0	0	0	0	N	N	N	N	N	N	N	N	N	N	N	N	0.0027	0.0567	0.0000	0.0966	0.0837	0.0000	0.0000	0.0094	0.0000	0.0043	0.0048	0.0000	0.0089	0.0094	0.0000	0.0000	0.0000	0.0000	1.5975	0.0842	5.4398	0.0926	0.1119	0.0030	4.4409	0.0012	10.9727	0.0000	25.4418	-0.0010	0.5051	14.0283	3.8169	7.1084	21.2433	0.0023	0.0023	0.0000	0.0023	0.0023	0.0000	0.0000	0.0000	0.0000	1.0025	0.0379	0.9646	0.0380	0.0378	0.0002	0.9645	0.0001	0.9643	0.5307	0.4766	0.0540	0.2540	0.2424	0.0116	0.2766	0.2342	0.0424	0.6275	0.4502	0.1773	0.4103	0.3375	0.0728	0.2172	0.1127	0.1045	0.0027	0.0567	0.0000	0.0966	0.0837	0.0000	0.0000	0.0094	0.0000	1.5975	0.0842	5.4398	0.0926	0.1119	0.0030	4.4409	0.0012	9.2305
112	120	0.4051	7	1	1	1	0	0	0	0	0	N	N	N	N	N	N	N	N	N	N	N	N	0.3948	0.0053	519.7019	4.0397	0.4147	619.9363	0.3273	0.0000	504.1341	0.2972	0.0061	2.4462	0.1618	0.0183	3.5757	0.3564	0.0000	2.3165	0.7527	1.1512	0.0047	0.0401	0.0440	0.0058	1.0889	2.0232	0.0046	54.6866	0.0022	0.2608	-0.4598	14.0283	16.3276	7.1084	34.9199	0.4821	0.0087	0.4734	0.0799	0.0086	0.0713	0.4022	0.0000	0.4022	1.0080	1.0058	0.0022	0.0172	0.0169	0.0003	0.9908	0.9888	0.0019	1.6224	1.4289	0.1935	0.4938	0.4739	0.0199	1.1286	0.9549	0.1736	1.3392	0.8736	0.4655	0.4293	0.3849	0.0444	0.9099	0.4887	0.4211	0.3948	0.0053	519.7019	4.0397	0.4147	619.9363	0.3273	0.0000	504.1341	0.7527	1.1512	0.0047	0.0401	0.0440	0.0058	1.0889	2.0232	0.0046
112	121	0.3877	6	1	1	1	0	0	0	0	0	N	N	N	N	N	N	N	N	N	N	N	N	120.0432	21.4395	581.9926	261.0614	70.5405	5861.8257	75.2641	0.4506	340.7056	3.4412	0.5494	20.4235	5.5379	1.5100	111.8441	2.4649	0.0133	12.5052	0.0287	0.0256	0.0351	0.0212	0.0214	0.0191	0.0327	0.0295	0.0367	6.3295	0.6475	1.0433	-0.0014	14.0283	6.1757	7.1084	14.5601	2.4697	0.3369	2.1327	1.2627	0.3317	0.9310	1.2070	0.0052	1.2018	0.0213	0.0129	0.0084	0.0056	0.0052	0.0004	0.0157	0.0078	0.0080	0.7177	0.6133	0.1044	0.2280	0.2197	0.0083	0.4897	0.3936	0.0961	0.7429	0.5044	0.2385	0.2630	0.2412	0.0218	0.4799	0.2632	0.2167	120.0432	21.4395	581.9926	261.0614	70.5405	5861.8257	75.2641	0.4506	340.7056	0.0287	0.0256	0.0351	0.0212	0.0214	0.0191	0.0327	0.0295	0.0367
112	122	0.3347	5	1	0	1	0	0	0	0	0	N	N	N	N	N	N	N	N	N	N	N	N	95.0464	57.1657	486.6441	80.2612	76.2745	192.3790	105.3544	0.8329	540.9322	1.4565	1.0568	4.5267	2.8795	2.8263	4.0949	0.7090	0.0044	4.5886	0.0153	0.0185	0.0093	0.0359	0.0371	0.0213	0.0067	0.0053	0.0085	0.5577	0.2642	-0.1106	-0.0035	14.0283	7.5400	7.1084	21.4192	1.3319	0.8551	0.4769	0.9069	0.8528	0.0541	0.4250	0.0022	0.4228	0.0140	0.0111	0.0029	0.0097	0.0092	0.0004	0.0043	0.0018	0.0025	0.9145	0.8091	0.1054	0.3150	0.3017	0.0132	0.5995	0.5074	0.0921	0.9136	0.5991	0.3145	0.2694	0.2493	0.0201	0.6442	0.3498	0.2944	95.0464	57.1657	486.6441	80.2612	76.2745	192.3790	105.3544	0.8329	540.9322	0.0153	0.0185	0.0093	0.0359	0.0371	0.0213	0.0067	0.0053	0.0085
112	123	0.6618	8	1	1	1	0	0	0	0	0	N	N	N	N	N	N	N	N	N	N	N	N	0.0000	0.0000	0.0000	0.0000	0.0000	0.0000	0.0000	0.0000	0.0000	0.0000	0.0000	0.0000	0.0000	0.0000	0.0000	0.0000	0.0000	0.0000	1.2867	1.8496	0.0090	1.9080	2.4452	0.0173	0.1140	0.2119	0.0016	0.0022	0.0000	-0.3404	14.0283	4.0019	7.1084	19.5615	0.0000	0.0000	0.0000	0.0000	0.0000	0.0000	0.0000	0.0000	0.0000	0.7462	0.7446	0.0016	0.7233	0.7219	0.0015	0.0229	0.0228	0.0001	0.3807	0.3343	0.0464	0.1300	0.1219	0.0081	0.2506	0.2123	0.0383	0.5800	0.4026	0.1774	0.3791	0.2952	0.0839	0.2009	0.1074	0.0935	0.0000	0.0000	0.0000	0.0000	0.0000	0.0000	0.0000	0.0000	0.0000	1.2867	1.8496	0.0090	1.9080	2.4452	0.0173	0.1140	0.2119	0.0016	
112	124	0.6397	7	1	0	1	0	0	0	0	0	N	N	N	N	N	N	N	N	N	N	N	N	0.0045	0.0024	0.2428	0.0057	0.0029	0.6319	0.0250	0.0164	0.0231	0.0125	0.0093	0.0370	0.0255	0.0158	0.2415	0.0035	0.0042	0.0001	2.8115	3.8951	0.1525	4.4901	5.4209	0.3822	0.1414	0.2561	0.0046	0.5190	0.0160	-0.0002	-0.3282	14.0283	1.2223	7.1084	8.2281	0.0023	0.0015	0.0008	0.0019	0.0011	0.0008	0.0004	0.0004	0.0000	0.7413	0.7297	0.0116	0.7270	0.7155	0.0114	0.0144	0.0142	0.0002	0.1827	0.1615	0.0211	0.0750	0.0717	0.0032	0.1077	0.0898	0.0179	0.2637	0.1873	0.0764	0.1619	0.1320	0.0299	0.1018	0.0553	0.0464	0.0045	0.0024	0.2428	0.0057	0.0029	0.6319	0.0250	0.0164	0.0231	2.8115	3.8951	0.1525	4.4901	5.4209	0.3822	0.1414	0.2561	0.0046
112	125	0.5878	6	1	0	1	0	0	0	0	0	N	N	N	N	N	N	N	N	N	N	N	N	55.2284	35.7857	173.4511	177.9253	79.0015	14131.4224	0.0000	0.0000	0.0000	3.8924	2.2073	15.6170	12.8874	6.8079	105.7671	0.0000	0.0000	0.0000	0.0705	0.0617	0.0900	0.0724	0.0862	0.0075	0.0678	0.0064	0.1300	1.0169	0.6566	0.1250	-0.0019	14.0283	5.9920	7.1084	12.2976	1.9817	0.9825	0.9992	1.9817	0.9825	0.9992	0.0000	0.0000	0.0000	0.0309	0.0186	0.0122	0.0184	0.0180	0.0003	0.0125	0.0006	0.0119	0.5091	0.4451	0.0640	0.1538	0.1443	0.0094	0.3553	0.3008	0.0545	0.4381	0.3022	0.1359	0.2536	0.2093	0.0443	0.1844	0.0928	0.0916	55.2284	35.7857	173.4511	177.9253	79.0015	14131.4224	0.0000	0.0000	0.0000	0.0705	0.0617	0.0900	0.0724	0.0862	0.0075	0.0678	0.0064	0.1300
112	126	0.6250	8	1	1	1	0	0	0	0	0	N	N	N	N	N	N	N	N	N	N	N	N	0.0024	0.0252	0.0000	0.0481	0.0502	0.0003	0.0000	0.0000	0.0000	0.0000	0.0000	0.0000	0.0001	0.0001	0.0000	0.0000	0.0000	0.0000	0.0076	0.0008	0.0229	0.0011	0.0011	0.0010	0.0150	0.0003	0.0323	0.0003	12.1308	-0.0000	0.0019	14.0283	5.0407	7.1084	17.1705	0.0000	0.0000	0.0000	0.0000	0.0000	0.0000	0.0000	0.0000	0.0000	0.0041	0.0003	0.0038	0.0003	0.0003	0.0000	0.0038	0.0000	0.0038	0.4667	0.4093	0.0574	0.1583	0.1480	0.0103	0.3084	0.2613	0.0472	0.5460	0.3790	0.1670	0.2919	0.2417	0.0503	0.2540	0.1373	0.1167	0.0024	0.0252	0.0000	0.0481	0.0502	0.0003	0.0000	0.0000	0.0000	0.0076	0.0008	0.0229	0.0011	0.0011	0.0010	0.0150	0.0003	0.0323
112	127	0.6090	7	1	1	1	0	0	0	0	0	N	N	N	N	N	N	N	N	N	N	N	N	0.0128	0.0109	0.0005	0.0109	0.0100	0.0012	0.1042	0.3263	0.0004	0.0001	0.0001	0.0000	0.0001	0.0002	0.0000	0.0001	0.0001	0.0000	0.0074	0.0099	0.0010	0.0131	0.0153	0.0006	0.0007	0.0003	0.0012	0.0006	0.0412	-0.0000	-0.0009	14.0283	1.9703	7.1084	6.2034	0.0000	0.0000	0.0000	0.0000	0.0000	0.0000	0.0000	0.0000	0.0000	0.0020	0.0019	0.0001	0.0019	0.0019	0.0000	0.0001	0.0000	0.0001	0.1818	0.1593	0.0225	0.0598	0.0560	0.0038	0.1220	0.1033	0.0187	0.2754	0.1977	0.0777	0.1481	0.1265	0.0217	0.1273	0.0713	0.0560	0.0128	0.0109	0.0005	0.0109	0.0100	0.0012	0.1042	0.3263	0.0004	0.0074	0.0099	0.0010	0.0131	0.0153	0.0006	0.0007	0.0003	0.0012
112	128	0.5878	6	1	0	1	0	0	0	0	0	N	N	N	N	N	N	N	N	N	N	N	N	0.0181	0.0167	0.0003	0.0000	0.0000	0.0000	0.0539	0.0690	0.0003	0.0001	0.0001	0.0000	0.0000	0.0000	0.0000	0.0001	0.0002	0.0000	0.0049	0.0061	0.0023	0.0068	0.0078	0.0016	0.0024	0.0022	0.0026	0.0009	0.1665	-0.0000	-0.0004	14.0283	1.1032	7.1084	7.8190	0.0000	0.0000	0.0000	0.0000	0.0000	0.0000	0.0000	0.0000	0.0000	0.0013	0.0011	0.0002	0.0010	0.0010	0.0000	0.0003	0.0001	0.0001	0.0956	0.0835	0.0121	0.0289	0.0271	0.0018	0.0667	0.0564	0.0103	0.2545	0.1757	0.0788	0.1461	0.1230	0.0230	0.1085	0.0527	0.0558	0.0181	0.0167	0.0003	0.0000	0.0000	0.0000	0.0539	0.0690	0.0003	0.0049	0.0061	0.0023	0.0068	0.0078	0.0016	0.0024	0.0022	0.0026
112	129	0.3640	6	1	1	1	0	0	0	0	0	N	N	N	N	N	N	N	N	N	N	N	N	143.8706	120.4498	0.0000	117.2156	124.5082	0.0000	0.0000	0.0000	0.0000	0.0029	0.0032	0.0000	0.0048	0.0052	0.0000	0.0000	0.0000	0.0000	0.0000	0.0000	0.0000	0.0000	0.0000	0.0000	0.0000	0.0000	0.0000	0.0000	0.0069	-0.0007	-0.0000	14.0283	1.0033	7.1084	0.8635	0.0017	0.0017	0.0000	0.0017	0.0017	0.0000	0.0000	0.0000	0.0000	0.0000	0.0000	0.0000	0.0000	0.0000	0.0000	0.0000	0.0000	0.0000	0.5903	0.5247	0.0656	0.3574	0.3256	0.0318	0.2329	0.1991	0.0338	0.4224	0.3122	0.1102	0.1997	0.1932	0.0065	0.2227	0.1190	0.1037	143.8706	120.4498	0.0000	117.2156	124.5082	0.0000	0.0000	0.0000	0.0000	0.0000	0.0000	0.0000	0.0000	0.0000	0.0000	0.0000	0.0000	0.0000
112	130	0.3347	5	1	0	1	0	0	0	0	0	N	N	N	N	N	N	N	N	N	N	N	N	113.0604	178.9998	113.5519	249.7998	249.1101	309.3450	66.1169	120.4807	101.9045	1.0935	0.9637	2.1208	1.7143	1.6535	3.1824	0.7359	0.5128	1.9630	0.0097	0.0054	0.0187	0.0069	0.0066	0.0103	0.0111	0.0043	0.0193	0.2780	1.6518	-0.1796	0.0010	14.0283	5.5514	7.1084	9.9598	0.8032	0.6285	0.1747	0.4602	0.4263	0.0339	0.3430	0.2022	0.1408	0.0063	0.0024	0.0039	0.0015	0.0014	0.0001	0.0048	0.0010	0.0038	0.7345	0.6522	0.0824	0.2685	0.2578	0.0107	0.4661	0.3944	0.0717	0.6497	0.4402	0.2096	0.2221	0.2084	0.0137	0.4276	0.2317	0.1959	113.0604	178.9998	113.5519	249.7998	249.1101	309.3450	66.1169	120.4807	101.9045	0.0097	0.0054	0.0187	0.0069	0.0066	0.0103	0.0111	0.0043	0.0193
112	131	0.3044	4	1	0	1	0	0	0	0	0	N	N	N	N	N	N	N	N	N	N	N	N	16.6702	4.5242	140.4063	1.6795	1.6770	1.8269	28.1339	7.1421	165.7963	0.3270	0.0993	2.0887	0.0469	0.0465	0.0569	0.4467	0.1248	2.3139	0.0196	0.0220	0.0149	0.0279	0.0277	0.0311	0.0159	0.0175	0.0140	2.7175	0.3345	0.1020	-0.0035	14.0283	9.1969	7.1084	13.4651	0.3517	0.0946	0.2571	0.0151	0.0144	0.0007	0.3366	0.0802	0.2564	0.0167	0.0125	0.0042	0.0074	0.0069	0.0005	0.0093	0.0056	0.0037	1.0756	0.9525	0.1231	0.3220	0.3098	0.0123	0.7535	0.6427	0.1108	0.8490	0.5684	0.2806	0.2635	0.2485	0.0150	0.5855	0.3199	0.2656	16.6702	4.5242	140.4063	1.6795	1.6770	1.8269	28.1339	7.1421	165.7963	0.0196	0.0220	0.0149	0.0279	0.0277	0.0311	0.0159	0.0175	0.0140
112	132	0.6847	10	2	1	1	1	0	0	0	0	Y	N	N	N	N	N	N	N	N	N	N	N	0.0000	0.0000	0.0000	0.0000	0.0000	0.0000	0.0000	0.0000	0.0000	0.0000	0.0000	0.0000	0.0000	0.0000	0.0000	0.0000	0.0000	0.0000	0.0000	0.0000	14.0283	1.0000	7.1084	3.0001	0.0000	0.0000	0.0000	0.0000	0.0000	0.0000	0.0000	0.0000	0.0000	0.0000	0.0000	0.0000	0.0000	0.0000	0.0000	0.0000	0.0000	0.0000	0.0943	0.0824	0.0119	0.0284	0.0266	0.0018	0.0659	0.0558	0.0101	0.0911	0.0640	0.0272	0.0589	0.0474	0.0116	0.0322	0.0166	0.0156	0.0000	0.0000	0.0000	0.0000	0.0000	0.0000	0.0000	0.0000	0.0000	0.0000	0.0000	0.0000	0.0000	0.0000	0.0000	0.0000	0.0000	0.0000											
112	133	0.3858	8	2	1	1	1	0	0	0	0	Y	N	N	N	N	N	N	N	N	N	N	N	0.0000	0.0000	0.0000	0.0000	0.0000	0.0000	0.0000	0.0000	0.0000	0.0000	0.0000	0.0000	0.0000	0.0000	0.0000	0.0000	0.0000	0.0000	0.0000	0.0000	0.0000	0.0000	0.0000	0.0000	0.0000	0.0000	1.3227	0.0000	0.0000	14.0283	0.0006	7.1084	1.9797	0.0000	0.0000	0.0000	0.0000	0.0000	0.0000	0.0000	0.0000	0.0000	0.0000	0.0000	0.0000	0.0000	0.0000	0.0000	0.0000	0.0000	0.0000	0.0001	0.0001	0.0000	0.0000	0.0000	0.0000	0.0000	0.0000	0.0000	0.0455	0.0287	0.0168	0.0108	0.0094	0.0013	0.0347	0.0192	0.0155	0.0000	0.0000	0.0000	0.0000	0.0000	0.0000	0.0000	0.0000	0.0000	0.0000	0.0000	0.0000	0.0000	0.0000	0.0000	0.0000	0.0000	0.0000		
112	134	0.3691	7	2	1	1	1	0	0	0	0	Y	N	N	N	N	N	N	N	N	N	N	N	80.1443	130.7445	0.1306	429.5863	400.6621	inf	0.0036	0.0058	0.0022	0.0315	0.0363	0.0001	0.1131	0.1210	0.0005	0.0000	0.0000	0.0000	0.0004	0.0003	0.0006	0.0003	0.0003	0.0000	0.0004	0.0003	0.0006	0.0003	1.2883	-0.0028	0.0000	14.0283	2.0077	7.1084	6.0321	0.0062	0.0062	0.0000	0.0062	0.0062	0.0000	0.0000	0.0000	0.0000	0.0001	0.0000	0.0000	0.0000	0.0000	0.0000	0.0001	0.0000	0.0000	0.1980	0.1719	0.0261	0.0552	0.0516	0.0036	0.1428	0.1203	0.0225	0.1802	0.1116	0.0686	0.0379	0.0331	0.0048	0.1423	0.0785	0.0638	80.1443	130.7445	0.1306	429.5863	400.6621	inf	0.0036	0.0058	0.0022	0.0004	0.0003	0.0006	0.0003	0.0003	0.0000	0.0004	0.0003	0.0006
112	135	0.3643	7	1	1	1	1	0	0	0	0	N	N	N	N	N	N	N	N	N	N	N	N	1.5274	18.9758	0.0000	12.7617	41.5279	0.0000	0.0000	0.0000	0.0000	3.4065	3.9211	0.0000	12.3889	13.2570	0.0000	0.0000	0.0000	0.0000	2.2302	0.2066	5.8155	0.9708	0.3192	6.3106	2.7124	0.1358	5.7704	0.0000	15.8843	-0.4411	0.3475	14.0283	3.0348	7.1084	9.3583	0.9999	0.9999	0.0000	0.9999	0.9999	0.0000	0.0000	0.0000	0.0000	0.7203	0.0427	0.6777	0.0868	0.0254	0.0614	0.6335	0.0172	0.6163	0.2935	0.2550	0.0385	0.0807	0.0754	0.0053	0.2128	0.1796	0.0332	0.3230	0.2065	0.1165	0.0894	0.0797	0.0097	0.2336	0.1268	0.1068	1.5274	18.9758	0.0000	12.7617	41.5279	0.0000	0.0000	0.0000	0.0000	2.2302	0.2066	5.8155	0.9708	0.3192	6.3106	2.7124	0.1358	5.7704
112	136	0.3500	6	1	0	1	1	0	0	0	0	N	N	N	N	N	N	N	N	N	N	N	N	0.0212	0.1005	0.0000	0.0602	0.0987	0.0000	0.0000	0.0000	0.0000	0.0039	0.0045	0.0000	0.0092	0.0100	0.0000	0.0000	0.0000	0.0000	0.1855	0.0447	0.4177	0.1527	0.1011	0.5189	0.1947	0.0194	0.4099	0.0000	5.6698	-0.0000	0.0112	14.0283	0.0433	7.1084	6.6805	0.0000	0.0000	0.0000	0.0000	0.0000	0.0000	0.0000	0.0000	0.0000	0.0286	0.0043	0.0243	0.0052	0.0030	0.0022	0.0234	0.0013	0.0221	0.0054	0.0048	0.0007	0.0023	0.0021	0.0002	0.0031	0.0026	0.0005	0.1542	0.0960	0.0582	0.0339	0.0297	0.0042	0.1203	0.0663	0.0540	0.0212	0.1005	0.0000	0.0602	0.0987	0.0000	0.0000	0.0000	0.0000	0.1855	0.0447	0.4177	0.1527	0.1011	0.5189	0.1947	0.0194	0.4099
112	137	0.7144	12	1	1	1	1	0	0	0	0	N	N	N	N	N	N	N	N	N	N	N	N	0.0000	0.0000	0.0000	0.0000	0.0000	0.0000	0.0000	0.0000	0.0000	0.0000	0.0000	0.0000	0.0000	0.0000	0.0000	0.0000	0.0000	0.0000	0.0000	0.0000	14.0283	0.0000	7.1084	0.0000	0.0000	0.0000	0.0000	0.0000	0.0000	0.0000	0.0000	0.0000	0.0000	0.0000	0.0000	0.0000	0.0000	0.0000	0.0000	0.0000	0.0000	0.0000	0.0000	0.0000	0.0000	0.0000	0.0000	0.0000	0.0000	0.0000	0.0000	0.0000	0.0000	0.0000	0.0000	0.0000	0.0000	0.0000	0.0000	0.0000	0.0000	0.0000	0.0000	0.0000	0.0000	0.0000	0.0000	0.0000	0.0000	0.0000	0.0000	0.0000	0.0000	0.0000	0.0000	0.0000	0.0000	0.0000											
112	138	0.7093	11	1	1	1	1	0	0	0	0	N	N	N	N	N	N	N	N	N	N	N	N	150428.8294	inf	55.9565	inf	inf	27.8078	43.6771	0.0532	0.0590	0.0001	0.0720	0.0738	0.0000	0.0000	0.0000	0.0001	0.0000	0.0000	0.0000	0.0000	0.0000	0.0000	0.0000	0.0000	0.0000	0.0001	inf	-0.0000	0.0000	14.0283	0.0021	7.1084	2.0000	0.0000	0.0000	0.0000	0.0000	0.0000	0.0000	0.0000	0.0000	0.0000	0.0000	0.0000	0.0000	0.0000	0.0000	0.0000	0.0000	0.0000	0.0000	0.0007	0.0007	0.0001	0.0005	0.0005	0.0000	0.0002	0.0001	0.0001	0.0458	0.0319	0.0139	0.0275	0.0223	0.0051	0.0183	0.0095	0.0088	150428.8294	inf	55.9565	inf	inf	0.0000	27.8078	0.0000	43.6771	0.0000	0.0000	0.0000	0.0000	0.0000	0.0000	0.0000	0.0000	0.0000		
112	139	0.6991	10	1	0	1	1	0	0	0	0	N	N	N	N	N	N	N	N	N	N	N	N	6936.6937	41406483.0044	2.0177	103298742.1810	89588124.1014	0.4779	1.4976	4.5257	5.1766	0.0043	14.9598	15.9662	0.0000	0.0008	0.0000	0.0051	0.0007	0.0000	0.0021	0.0000	0.0000	0.0000	0.0016	0.0000	0.0034	0.0001	7497.9750	-0.1887	0.0000	14.0283	1.0020	7.1084	3.0181	0.4278	0.4277	0.0001	0.4277	0.4277	0.0000	0.0001	0.0000	0.0001	0.0001	0.0000	0.0001	0.0000	0.0000	0.0000	0.0001	0.0000	0.0001	0.0945	0.0826	0.0119	0.0286	0.0268	0.0018	0.0659	0.0558	0.0101	0.0920	0.0640	0.0280	0.0552	0.0449	0.0104	0.0367	0.0191	0.0176	6936.6937	41406483.0044	2.0177	103298742.1810	89588124.1014	0.0000	0.4779	0.0000	1.4976	0.0007	0.0000	0.0021	0.0000	0.0000	0.0000	0.0016	0.0000	0.0034		
112	140	0.6847	10	1	1	1	0	0	0	0	0	N	N	N	N	N	N	N	N	N	N	N	N	0.0000	0.0000	0.0000	0.0000	0.0000	0.0000	0.0000	0.0000	0.0000	0.0000	0.0000	0.0000	0.0000	0.0000	0.0000	0.0000	0.0000	0.0000	0.0000	0.0000	14.0283	0.0000	7.1084	4.0001	0.0000	0.0000	0.0000	0.0000	0.0000	0.0000	0.0000	0.0000	0.0000	0.0000	0.0000	0.0000	0.0000	0.0000	0.0000	0.0000	0.0000	0.0000	0.0000	0.0000	0.0000	0.0000	0.0000	0.0000	0.0000	0.0000	0.0000	0.0911	0.0640	0.0272	0.0589	0.0474	0.0116	0.0322	0.0166	0.0156	0.0000	0.0000	0.0000	0.0000	0.0000	0.0000	0.0000	0.0000	0.0000	0.0000	0.0000	0.0000	0.0000	0.0000	0.0000	0.0000	0.0000	0.0000											
112	141	0.3645	6	1	1	1	0	0	0	0	0	N	N	N	N	N	N	N	N	N	N	N	N	0.0041	0.0029	0.5717	0.0031	0.0029	1.4037	0.0005	0.0003	0.0000	0.0010	0.0012	0.0000	0.0037	0.0040	0.0000	0.0000	0.0000	0.0000	0.2554	0.4105	0.0000	1.1958	1.3567	0.0000	0.0001	0.0002	0.0000	0.0003	0.0000	-0.0000	-0.0163	14.0283	1.0003	7.1084	5.0186	0.0001	0.0001	0.0000	0.0001	0.0001	0.0000	0.0000	0.0000	0.0000	0.0356	0.0356	0.0000	0.0356	0.0356	0.0000	0.0000	0.0000	0.0000	0.0987	0.0858	0.0130	0.0275	0.0257	0.0018	0.0712	0.0600	0.0111	0.1396	0.0868	0.0527	0.0298	0.0263	0.0035	0.1098	0.0606	0.0492	0.0041	0.0029	0.5717	0.0031	0.0029	1.4037	0.0005	0.0003	0.0000	0.2554	0.4105	0.0000	1.1958	1.3567	0.0000	0.0001	0.0002	0.0000
112	142	0.6991	10	1	0	2	1	0	0	0	0	N	N	Y	N	N	N	N	N	N	N	N	N	0.0000	0.0000	0.0000	0.0000	0.0000	0.0000	0.0000	0.0000	0.0000	0.0000	0.0000	0.0000	0.0000	0.0000	0.0000	0.0000	0.0000	0.0001	0.0001	0.0003	0.0000	0.0000	0.0000	0.0004	0.0002	0.0005	1.9988	0.0000	0.0000	14.0283	0.0001	7.1084	9.0026	0.0000	0.0000	0.0000	0.0000	0.0000	0.0000	0.0000	0.0000	0.0000	0.0000	0.0000	0.0000	0.0000	0.0000	0.0000	0.0000	0.0000	0.0000	0.0000	0.0000	0.0000	0.0000	0.0000	0.0000	0.0000	0.0000	0.0000	0.2016	0.1403	0.0614	0.1207	0.0981	0.0226	0.0809	0.0422	0.0388	0.0000	0.0000	0.0000	0.0000	0.0000	0.0000	0.0000	0.0000	0.0000	0.0001	0.0001	0.0003	0.0000	0.0000	0.0000	0.0004	0.0002	0.0005		
112	143	0.3500	6	1	0	2	1	0	0	0	0	N	N	Y	N	N	N	N	N	N	N	N	N	0.0020	0.0011	0.0000	0.0000	0.0000	0.0000	0.0062	0.0041	0.0000	0.0252	0.0291	0.0000	0.0000	0.0000	0.0000	0.0350	0.0415	0.0000	12.6753	26.1102	0.0001	74.6206	81.2760	0.0000	5.6246	10.2158	0.0001	0.0000	0.0000	-0.0022	-0.9092	14.0283	2.0061	7.1084	8.0425	0.0049	0.0049	0.0000	0.0000	0.0000	0.0000	0.0049	0.0049	0.0000	1.9836	1.9836	0.0000	0.9899	0.9899	0.0000	0.9937	0.9937	0.0000	0.1961	0.1703	0.0257	0.0548	0.0511	0.0036	0.1413	0.1192	0.0221	0.2259	0.1403	0.0856	0.0493	0.0430	0.0062	0.1767	0.0973	0.0794	0.0029	0.0021	0.0000	0.0000	0.0000	0.0000	0.0062	0.0041	0.0000	8.7802	14.1369	0.0001	20.0989	22.9972	0.0000	5.6246	10.2158	0.0001
112	144	0.3409	5	1	0	1	1	0	0	0	0	N	N	N	N	N	N	N	N	N	N	N	N	0.0005	0.0004	0.0000	0.0000	0.0000	0.0000	0.0005	0.0003	0.0000	0.0000	0.0000	0.0000	0.0000	0.0000	0.0000	0.0000	0.0000	0.0000	0.0139	0.0197	0.0006	0.0003	0.0003	0.0003	0.0204	0.0344	0.0006	0.0000	0.0136	-0.0000	-0.0009	14.0283	1.9550	7.1084	2.1189	0.0000	0.0000	0.0000	0.0000	0.0000	0.0000	0.0000	0.0000	0.0000	0.0020	0.0020	0.0000	0.0000	0.0000	0.0000	0.0020	0.0020	0.0000	0.2096	0.1830	0.0266	0.0649	0.0609	0.0039	0.1447	0.1221	0.0226	0.1463	0.1023	0.0440	0.0469	0.0443	0.0026	0.0994	0.0580	0.0414	0.0005	0.0004	0.0000	0.0000	0.0000	0.0000	0.0005	0.0003	0.0000	0.0139	0.0197	0.0006	0.0003	0.0003	0.0003	0.0204	0.0344	0.0006
112	145	0.3409	5	1	0	2	1	0	0	0	0	N	N	Y	N	N	N	N	N	N	N	N	N	2870.5467	2427.1224	0.0000	0.0005	0.0005	0.0000	7751.5171	7616.6581	0.0000	4.4204	5.0639	0.0000	0.0000	0.0000	0.0000	6.3780	7.5607	0.0000	0.0015	0.0021	0.0006	0.0037	0.0042	0.0000	0.0008	0.0010	0.0006	0.0000	0.1516	-0.4408	-0.0002	14.0283	2.1261	7.1084	18.6477	0.9993	0.9993	0.0000	0.0000	0.0000	0.0000	0.9993	0.9993	0.0000	0.0008	0.0007	0.0001	0.0005	0.0005	0.0000	0.0003	0.0002	0.0001	0.2261	0.1973	0.0287	0.0694	0.0652	0.0042	0.1567	0.1322	0.0245	0.4927	0.3158	0.1769	0.1209	0.1082	0.0127	0.3719	0.2076	0.1642	2870.5467	2427.1224	0.0000	0.0005	0.0005	0.0000	7751.5171	7616.6581	0.0000	0.0015	0.0021	0.0006	0.0037	0.0042	0.0000	0.0008	0.0010	0.0006
112	146	0.6991	10	1	0	2	1	0	0	0	0	N	N	Y	N	N	N	N	N	N	N	N	N	0.0000	0.0000	0.0000	0.0000	0.0000	0.0000	0.0000	0.0000	0.0000	0.0000	0.0000	0.0000	0.0000	0.0000	0.0000	0.0000	0.0003	0.0000	0.0009	0.0000	0.0000	0.0000	0.0007	0.0000	0.0014	19997.8000	0.0000	0.0000	14.0283	2.0001	7.1084	5.9880	0.0000	0.0000	0.0000	0.0000	0.0000	0.0000	0.0000	0.0000	0.0000	0.0000	0.0000	0.0000	0.0000	0.0000	0.0000	0.0000	0.0000	0.0000	0.1879	0.1643	0.0236	0.0568	0.0532	0.0036	0.1311	0.1110	0.0200	0.1796	0.1250	0.0547	0.1076	0.0875	0.0201	0.0720	0.0375	0.0345	0.0000	0.0000	0.0000	0.0000	0.0000	0.0000	0.0000	0.0000	0.0000	0.0003	0.0000	0.0009	0.0000	0.0000	0.0000	0.0007	0.0000	0.0014			
112	147	0.6991	10	1	0	2	1	0	0	0	0	N	N	Y	N	N	N	N	N	N	N	N	N	0.0000	0.0000	0.0000	0.0000	0.0000	0.0000	0.0000	0.0000	0.0000	0.0000	0.0000	0.0000	0.0000	0.0000	0.0000	0.4130	0.5944	0.0000	0.0020	0.0024	0.0000	1.0013	1.9121	0.0000	0.0000	0.0000	-0.1239	14.0283	9.0001	7.1084	23.0169	0.0000	0.0000	0.0000	0.0000	0.0000	0.0000	0.0000	0.0000	0.0000	0.2703	0.2703	0.0000	0.0008	0.0008	0.0000	0.2695	0.2695	0.0000	0.8218	0.7193	0.1025	0.2485	0.2329	0.0156	0.5733	0.4864	0.0869	0.6545	0.4547	0.1997	0.3853	0.3138	0.0715	0.2692	0.1410	0.1282	0.0000	0.0000	0.0000	0.0000	0.0000	0.0000	0.0000	0.0000	0.0000	0.4130	0.5944	0.0000	0.0020	0.0024	0.0000	1.0013	1.9121	0.0000				
112	148	0.6738	9	1	0	1	1	0	0	0	0	N	N	N	N	N	N	N	N	N	N	N	N	0.9072	0.7320	0.0895	1.8854	1.6429	0.0000	0.0406	0.0000	0.2285	0.0012	0.0014	0.0000	0.0040	0.0042	0.0000	0.0000	0.0000	0.0000	0.0013	0.0019	0.0000	0.0021	0.0026	0.0000	0.0000	0.0000	0.0000	0.0000	0.0006	-0.0001	-0.0002	14.0283	1.9990	7.1084	7.9526	0.0002	0.0002	0.0000	0.0002	0.0002	0.0000	0.0000	0.0000	0.0000	0.0003	0.0003	0.0000	0.0003	0.0003	0.0000	0.0000	0.0000	0.0000	0.1884	0.1646	0.0238	0.0572	0.0535	0.0037	0.1312	0.1111	0.0201	0.2507	0.1767	0.0740	0.1581	0.1289	0.0292	0.0926	0.0478	0.0449	0.9072	0.7320	0.0895	1.8854	1.6429	0.0000	0.0406	0.0000	0.2285	0.0013	0.0019	0.0000	0.0021	0.0026	0.0000	0.0000	0.0000	0.0000
112	149	0.6418	8	2	1	1	0	0	0	0	0	Y	N	N	N	N	N	N	N	N	N	N	N	1.3806	1.1261	2.8262	2.7490	2.4112	6.9848	0.0000	0.0000	0.0000	1.9584	2.2184	0.1305	6.0427	6.3910	0.8043	0.0000	0.0000	0.0000	1.4185	1.9700	0.0462	2.1982	2.6506	0.1151	0.0697	0.1313	0.0012	0.0084	0.0094	-0.4364	-0.3350	14.0283	5.3497	7.1084	17.2225	1.0083	1.0000	0.0084	1.0083	1.0000	0.0084	0.0000	0.0000	0.0000	0.7461	0.7391	0.0070	0.7326	0.7258	0.0068	0.0134	0.0133	0.0001	0.5149	0.4508	0.0641	0.1669	0.1565	0.0104	0.3480	0.2943	0.0537	0.5259	0.3752	0.1508	0.3333	0.2738	0.0595	0.1926	0.1013	0.0913	1.3806	1.1261	2.8262	2.7490	2.4112	6.9848	0.0000	0.0000	0.0000	1.4185	1.9700	0.0462	2.1982	2.6506	0.1151	0.0697	0.1313	0.0012
112	150	0.6726	9	1	1	1	0	0	0	0	0	N	N	N	N	N	N	N	N	N	N	N	N	15.1381	288.9597	0.2070	25.0032	853.7025	0.3627	0.0485	0.0000	0.5347	1.1547	1.3079	0.0554	3.0322	3.2204	0.2727	0.0002	0.0000	0.0014	0.0763	0.0045	0.2674	0.1213	0.0038	0.7517	0.0047	0.0064	0.0027	0.0059	22.1791	-0.1867	0.0187	14.0283	3.6794	7.1084	17.4287	0.4290	0.4265	0.0025	0.4290	0.4265	0.0025	0.0001	0.0000	0.0001	0.0374	0.0016	0.0358	0.0365	0.0010	0.0356	0.0009	0.0007	0.0002	0.3715	0.3261	0.0454	0.1415	0.1324	0.0090	0.2301	0.1937	0.0364	0.4906	0.3567	0.1339	0.3013	0.2539	0.0473	0.1894	0.1028	0.0866	15.1381	288.9597	0.2070	25.0032	853.7025	0.3627	0.0485	0.0000	0.5347	0.0763	0.0045	0.2674	0.1213	0.0038	0.7517	0.0047	0.0064	0.0027
112	151	0.6418	8	1	1	1	0	0	0	0	0	N	N	N	N	N	N	N	N	N	N	N	N	1.0549	0.8809	1.3834	2.0323	1.8273	3.0975	0.3538	0.2496	0.7010	2.9097	0.0077	23.3274	8.7025	0.0210	141.0403	0.0002	0.0002	0.0003	2.7583	0.0087	16.8626	4.2821	0.0115	45.5338	0.0007	0.0009	0.0004	433.1681	439.2389	0.5565	0.5190	14.0283	3.4464	7.1084	10.1316	0.9998	0.0023	0.9975	0.9997	0.0023	0.9975	0.0001	0.0000	0.0000	0.9622	0.0022	0.9600	0.9621	0.0021	0.9600	0.0001	0.0001	0.0000	0.3436	0.3008	0.0428	0.1149	0.1078	0.0071	0.2287	0.1930	0.0357	0.3488	0.2515	0.0973	0.2247	0.1854	0.0393	0.1241	0.0662	0.0580	1.0549	0.8809	2.3646	2.0323	1.8273	5.7782	0.3538	0.2496	0.7010	2.7583	0.0087	9.8654	4.2821	0.0115	24.4091	0.0007	0.0009	0.0004
112	152	0.3713	8	2	1	1	0	0	0	0	0	Y	N	N	N	N	N	N	N	N	N	N	N	523.6326	373.6005	18928.3186	0.1348	0.1248	inf	8083271.3480	inf	20374.3439	0.1103	0.1269	0.0008	0.0001	0.0001	0.0000	0.1544	0.1836	0.0009	0.0002	0.0003	0.0000	0.0010	0.0011	0.0000	0.0000	0.0000	0.0000	0.0009	0.0001	-0.0050	-0.0000	14.0283	1.0143	7.1084	12.0086	0.0113	0.0112	0.0000	0.0000	0.0000	0.0000	0.0112	0.0112	0.0000	0.0001	0.0001	0.0000	0.0001	0.0001	0.0000	0.0000	0.0000	0.0000	0.1021	0.0886	0.0135	0.0292	0.0273	0.0019	0.0728	0.0612	0.0116	0.2850	0.1766	0.1084	0.0600	0.0522	0.0078	0.2251	0.1244	0.1007	523.6326	373.6005	18928.3186	0.1348	0.1248	inf	8083271.3480	inf	20374.3439	0.0002	0.0003	0.0000	0.0010	0.0011	0.0000	0.0000	0.0000	0.0000
112	153	0.3691	7	2	1	1	0	0	0	0	0	Y	N	N	N	N	N	N	N	N	N	N	N	166542.5114	123773.2028	11811.9303	653.2479	616.2297	inf	198902.6090	135499.6470	12958.4367	8.5675	9.8644	0.0583	0.0137	0.0146	0.0008	11.9016	14.1313	0.0675	0.0001	0.0001	0.0000	0.0000	0.0000	0.0000	0.0001	0.0001	0.0000	0.0009	0.0376	-0.3688	-0.0000	14.0283	0.9811	7.1084	0.0216	0.8378	0.8370	0.0008	0.0004	0.0004	0.0000	0.8374	0.8367	0.0008	0.0000	0.0000	0.0000	0.0000	0.0000	0.0000	0.0000	0.0000	0.0000	0.0978	0.0849	0.0129	0.0274	0.0256	0.0018	0.0704	0.0592	0.0112	0.0236	0.0147	0.0089	0.0051	0.0045	0.0006	0.0185	0.0102	0.0083	166542.5114	123773.2028	11811.9303	653.2479	616.2297	inf	198902.6090	135499.6470	12958.4367	0.0001	0.0001	0.0000	0.0000	0.0000	0.0000	0.0001	0.0001	0.0000
112	154	0.3645	6	2	1	1	0	0	0	0	0	Y	N	N	N	N	N	N	N	N	N	N	N	1717.9980	1255.0565	309.7719	246.7369	238.1013	38.2691	2357.7067	1578.5528	379.4493	5.9946	6.8311	0.0433	0.2403	0.2580	0.0014	9.9808	11.8826	0.0558	0.0035	0.0054	0.0001	0.0010	0.0011	0.0000	0.0042	0.0075	0.0001	0.0009	0.0150	-0.0028	-0.0001	14.0283	0.0083	7.1084	2.0001	0.0063	0.0063	0.0000	0.0001	0.0001	0.0000	0.0062	0.0062	0.0000	0.0002	0.0002	0.0000	0.0000	0.0000	0.0000	0.0002	0.0002	0.0000	0.0011	0.0009	0.0001	0.0004	0.0004	0.0000	0.0006	0.0005	0.0001	0.0499	0.0315	0.0184	0.0114	0.0102	0.0012	0.0385	0.0213	0.0172	1717.9980	1255.0565	309.7719	246.7369	238.1013	38.2691	2357.7067	1578.5528	379.4493	0.0035	0.0054	0.0001	0.0010	0.0011	0.0000	0.0042	0.0075	0.0001
112	155	0.3409	5	1	1	1	0	0	0	0	0	N	N	N	N	N	N	N	N	N	N	N	N	0.3753	0.3323	0.0061	0.0001	0.0001	0.0000	9.4096	172.5149	0.0244	0.0003	0.0004	0.0000	0.0000	0.0000	0.0000	0.0005	0.0006	0.0000	0.0009	0.0012	0.0004	0.0032	0.0031	0.0042	0.0001	0.0000	0.0001	0.0009	0.1717	-0.0000	-0.0001	14.0283	2.9180	7.1084	7.4065	0.0001	0.0001	0.0000	0.0000	0.0000	0.0000	0.0001	0.0001	0.0000	0.0003	0.0002	0.0000	0.0002	0.0002	0.0000	0.0000	0.0000	0.0000	0.3019	0.2633	0.0386	0.0902	0.0846	0.0056	0.2117	0.1787	0.0331	0.2812	0.1854	0.0958	0.0756	0.0691	0.0065	0.2056	0.1163	0.0893	0.3753	0.3323	0.0061	0.0001	0.0001	0.0000	9.4096	172.5149	0.0244	0.0009	0.0012	0.0004	0.0032	0.0031	0.0042	0.0001	0.0000	0.0001
112	156	0.2751	4	1	0	1	0	0	0	0	0	N	N	N	N	N	N	N	N	N	N	N	N	46.3286	20.3754	1068.3284	35.9310	20.7623	4300.9068	111.5161	6.0664	284.2777	0.6530	0.4107	2.0326	1.5497	0.9567	18.0132	0.1100	0.0022	0.4950	0.0141	0.0202	0.0019	0.0431	0.0461	0.0042	0.0010	0.0004	0.0017	0.8690	0.0469	0.0218	-0.0057	14.0283	8.2479	7.1084	19.7214	0.9137	0.4888	0.4248	0.8178	0.4873	0.3304	0.0959	0.0015	0.0944	0.0137	0.0131	0.0006	0.0131	0.0130	0.0001	0.0007	0.0001	0.0005	1.3993	1.1903	0.2090	0.5277	0.5094	0.0183	0.8716	0.6809	0.1907	0.9745	0.6508	0.3237	0.3031	0.2817	0.0214	0.6714	0.3691	0.3023	46.3286	20.3754	1068.3284	35.9310	20.7623	4300.9068	111.5161	6.0664	284.2777	0.0141	0.0202	0.0019	0.0431	0.0461	0.0042	0.0010	0.0004	0.0017
112	157	0.2389	3	1	0	1	0	0	0	0	0	N	N	N	N	N	N	N	N	N	N	N	N	23.2187	21.5536	39.7829	39.3065	25.3227	1069.7336	8.7817	13.0583	15.0350	1.0217	0.6923	2.6508	2.5183	1.6981	27.4740	0.3123	0.0908	1.0426	0.0440	0.0321	0.0666	0.0641	0.0671	0.0257	0.0356	0.0070	0.0693	0.7741	1.0892	-0.0052	0.0024	14.0283	7.4725	7.1084	14.3153	1.0821	0.6100	0.4722	0.8577	0.5599	0.2978	0.2244	0.0500	0.1744	0.0377	0.0180	0.0196	0.0162	0.0158	0.0005	0.0214	0.0023	0.0192	1.0592	0.8811	0.1781	0.3406	0.3297	0.0108	0.7186	0.5513	0.1673	0.8561	0.5614	0.2947	0.2534	0.2351	0.0183	0.6027	0.3263	0.2764	23.2187	21.5536	39.7829	39.3065	25.3227	1069.7336	8.7817	13.0583	15.0350	0.0440	0.0321	0.0666	0.0641	0.0671	0.0257	0.0356	0.0070	0.0693
112	161	0.6924	12	2	1	1	0	0	0	0	0	Y	N	N	N	N	N	N	N	N	N	N	N	0.0000	0.0000	0.0000	0.0000	0.0000	0.0000	0.0000	0.0000	0.0000	0.0000	0.0000	0.0000	0.0000	0.0000	0.0000	0.0000	0.0000	0.0000	23.0143	0.0012	119.9865	0.0009	0.0009	0.0011	38.8592	0.0023	205.4420	15765.2496	0.0000	0.5222	14.0283	0.0002	7.1084	3.0099	0.0000	0.0000	0.0000	0.0000	0.0000	0.0000	0.0000	0.0000	0.0000	0.9642	0.0001	0.9642	0.0000	0.0000	0.0000	0.9642	0.0000	0.9641	0.0001	0.0001	0.0000	0.0001	0.0001	0.0000	0.0000	0.0000	0.0000	0.0699	0.0491	0.0208	0.0451	0.0363	0.0088	0.0248	0.0128	0.0120	0.0000	0.0000	0.0000	0.0000	0.0000	0.0000	0.0000	0.0000	0.0000	13.7973	0.0012	46.3785	0.0009	0.0009	0.0011	38.8592	0.0023	80.2578	
112	162	0.6847	11	2	1	1	0	0	0	0	0	Y	N	N	N	N	N	N	N	N	N	N	N	0.0000	0.0000	0.0000	0.0000	0.0000	0.0000	0.0000	0.0000	0.0000	0.0000	0.0000	0.0000	0.0000	0.0000	0.0000	0.0000	0.0000	0.0421	0.0002	0.1408	0.0000	0.0000	0.0000	0.1192	0.0008	0.2454	293.4195	0.0000	0.0016	14.0283	0.9998	7.1084	2.0118	0.0000	0.0000	0.0000	0.0000	0.0000	0.0000	0.0000	0.0000	0.0000	0.0029	0.0000	0.0029	0.0000	0.0000	0.0000	0.0029	0.0000	0.0029	0.0942	0.0824	0.0119	0.0284	0.0266	0.0018	0.0658	0.0558	0.0101	0.0689	0.0484	0.0205	0.0446	0.0358	0.0087	0.0243	0.0126	0.0118	0.0000	0.0000	0.0000	0.0000	0.0000	0.0000	0.0000	0.0000	0.0000	0.0421	0.0002	0.1408	0.0000	0.0000	0.0000	0.1192	0.0008	0.2454		
112	163	0.6847	10	2	1	1	0	0	0	0	0	Y	N	N	N	N	N	N	N	N	N	N	N	0.0000	0.0000	0.0000	0.0000	0.0000	0.0000	0.0000	0.0000	0.0000	0.0000	0.0000	0.0000	0.0000	0.0000	0.0000	0.0000	0.0000	0.0000	0.0000	0.0000	14.0283	0.0000	7.1084	0.0003	0.0000	0.0000	0.0000	0.0000	0.0000	0.0000	0.0000	0.0000	0.0000	0.0000	0.0000	0.0000	0.0000	0.0000	0.0000	0.0000	0.0000	0.0000	0.0000	0.0000	0.0000	0.0000	0.0000	0.0000	0.0000	0.0000	0.0000	0.0000	0.0000	0.0000	0.0000	0.0000	0.0000	0.0000	0.0000	0.0000	0.0000	0.0000	0.0000	0.0000	0.0000	0.0000	0.0000	0.0000	0.0000	0.0000	0.0000	0.0000	0.0000	0.0000	0.0000	0.0000	0.0000	0.0000											
112	164	0.6738	9	1	1	1	0	0	0	0	0	N	N	N	N	N	N	N	N	N	N	N	N	1232.3851	2295.3382	0.1120	4739.6582	4349.6331	0.0000	0.0399	0.0000	0.0989	0.1662	0.1951	0.0000	0.2794	0.3011	0.0000	0.0000	0.0000	0.0000	0.0001	0.0001	0.0003	0.0001	0.0001	0.0000	0.0003	0.0001	0.0004	0.0000	1.2284	-0.0001	0.0000	14.0283	0.0063	7.1084	4.3641	0.0002	0.0002	0.0000	0.0002	0.0002	0.0000	0.0000	0.0000	0.0000	0.0000	0.0000	0.0000	0.0000	0.0000	0.0000	0.0000	0.0000	0.0000	0.0014	0.0012	0.0002	0.0008	0.0008	0.0001	0.0006	0.0004	0.0001	0.1296	0.0923	0.0374	0.0819	0.0676	0.0143	0.0478	0.0247	0.0231	1232.3851	2295.3382	0.1120	4739.6582	4349.6331	0.0000	0.0399	0.0000	0.0989	0.0001	0.0001	0.0003	0.0001	0.0001	0.0000	0.0003	0.0001	0.0004
112	165	0.6418	8	1	0	1	0	0	0	0	0	N	N	N	N	N	N	N	N	N	N	N	N	2535.7060	2172.2563	4.0765	5058.2051	4583.0481	0.3913	0.5910	0.0000	11.5132	3.2175	3.6737	0.0007	9.3435	9.9484	0.0001	0.0001	0.0000	0.0008	0.0013	0.0017	0.0002	0.0018	0.0022	0.0003	0.0002	0.0003	0.0001	0.0000	0.0385	-0.3681	-0.0002	14.0283	2.5207	7.1084	10.0226	0.8345	0.8345	0.0000	0.8345	0.8345	0.0000	0.0000	0.0000	0.0000	0.0004	0.0004	0.0000	0.0004	0.0004	0.0000	0.0000	0.0000	0.0000	0.2594	0.2271	0.0322	0.0893	0.0839	0.0054	0.1700	0.1433	0.0268	0.3276	0.2367	0.0909	0.2116	0.1747	0.0369	0.1161	0.0620	0.0540	2535.7060	2172.2563	4.0765	5058.2051	4583.0481	0.3913	0.5910	0.0000	11.5132	0.0013	0.0017	0.0002	0.0018	0.0022	0.0003	0.0002	0.0003	0.0001
112	166	0.6263	7	1	0	1	0	0	0	0	0	N	N	N	N	N	N	N	N	N	N	N	N	0.5324	0.3680	3.9855	0.7324	0.5338	8.2589	0.0311	0.0303	0.0200	0.0063	0.0053	0.0149	0.0120	0.0097	0.0631	0.0000	0.0000	0.0000	0.0118	0.0145	0.0037	0.0163	0.0181	0.0076	0.0004	0.0004	0.0004	0.2959	0.0884	-0.0006	-0.0012	14.0283	2.6894	7.1084	4.6619	0.0027	0.0021	0.0006	0.0027	0.0021	0.0006	0.0000	0.0000	0.0000	0.0033	0.0030	0.0003	0.0033	0.0030	0.0003	0.0000	0.0000	0.0000	0.4298	0.3885	0.0413	0.2245	0.2148	0.0097	0.2053	0.1737	0.0316	0.2794	0.2079	0.0715	0.1990	0.1659	0.0331	0.0804	0.0420	0.0384	0.5324	0.3680	3.9855	0.7324	0.5338	8.2589	0.0311	0.0303	0.0200	0.0118	0.0145	0.0037	0.0163	0.0181	0.0076	0.0004	0.0004	0.0004
112	167	0.5878	6	1	0	1	0	0	0	0	0	N	N	N	N	N	N	N	N	N	N	N	N	2.4796	13.1212	0.0000	45.8632	45.9935	0.0000	0.0000	0.0000	0.0000	0.0287	0.0328	0.0000	0.0950	0.1012	0.0000	0.0000	0.0000	0.0000	0.0116	0.0025	0.0318	0.0021	0.0022	0.0014	0.0245	0.0032	0.0452	0.0000	5.6999	-0.0030	0.0014	14.0283	2.7966	7.1084	8.5340	0.0069	0.0069	0.0000	0.0069	0.0069	0.0000	0.0000	0.0000	0.0000	0.0035	0.0005	0.0030	0.0004	0.0003	0.0000	0.0031	0.0002	0.0029	0.2406	0.2103	0.0304	0.0727	0.0682	0.0045	0.1680	0.1421	0.0259	0.3030	0.2092	0.0939	0.1747	0.1460	0.0287	0.1283	0.0632	0.0652	2.4796	13.1212	0.0000	45.8632	45.9935	0.0000	0.0000	0.0000	0.0000	0.0116	0.0025	0.0318	0.0021	0.0022	0.0014	0.0245	0.0032	0.0452
113	115	0.5845	7	1	0	1	0	0	0	0	0	N	N	N	N	N	N	N	N	N	N	N	N	0.0000	0.0000	0.0004	0.0000	0.0000	1.2545	0.0000	0.0000	0.0000	0.0000	0.0000	0.0000	0.0000	0.0000	0.0000	0.0000	0.0000	0.0000	2.0385	2.8214	0.0020	0.0119	0.0151	0.0000	5.7429	9.5065	0.0039	inf	0.0003	0.0000	-0.2985	8.6129	1.0009	5.1709	4.0038	0.0000	0.0000	0.0000	0.0000	0.0000	0.0000	0.0000	0.0000	0.0000	0.6516	0.6514	0.0002	0.0025	0.0025	0.0000	0.6492	0.6490	0.0002	0.0808	0.0716	0.0092	0.0273	0.0260	0.0013	0.0535	0.0455	0.0080	0.3196	0.2309	0.0888	0.2066	0.1626	0.0440	0.1130	0.0683	0.0448	0.0000	0.0000	0.0004	0.0000	0.0000	1.2545	0.0000	0.0000	0.0000	2.0385	2.8214	0.0020	0.0119	0.0151	0.0000	5.7429	9.5065	0.0039
113	116	0.5562	6	1	0	1	0	0	0	0	0	N	N	N	N	N	N	N	N	N	N	N	N	0.0016	0.0035	0.0015	0.0145	0.0094	0.2934	0.0001	0.0004	0.0000	0.0002	0.0001	0.0004	0.0004	0.0003	0.0029	0.0000	0.0000	0.0000	0.1103	0.0419	0.2749	0.0298	0.0343	0.0097	0.2295	0.0588	0.4339	0.3654	2.7237	-0.0000	0.0120	8.6129	1.8441	5.1709	10.4794	0.0000	0.0000	0.0000	0.0000	0.0000	0.0000	0.0000	0.0000	0.0000	0.0439	0.0118	0.0321	0.0071	0.0067	0.0004	0.0368	0.0051	0.0317	0.1734	0.1535	0.0198	0.0653	0.0625	0.0028	0.1080	0.0910	0.0170	0.3982	0.2814	0.1169	0.2377	0.1939	0.0438	0.1605	0.0874	0.0730	0.0016	0.0035	0.0015	0.0145	0.0094	0.2934	0.0001	0.0004	0.0000	0.1103	0.0419	0.2749	0.0298	0.0343	0.0097	0.2295	0.0588	0.4339
113	117	0.2681	4	0	1	0	1	0	0	0	0	N	N	N	N	N	N	N	N	N	N	N	N	1.5323	11.0872	0.0011	3.7074	3.8488	0.0443	1.0991	318.4357	0.0007	0.4022	0.4534	0.0008	0.2313	0.2419	0.0026	0.4855	0.5688	0.0005	0.2625	0.0409	0.7044	0.0624	0.0628	0.0581	0.4417	0.0018	0.8072	0.0002	8.6388	-0.1744	0.1752	8.6129	10.5071	5.1709	20.2622	0.3955	0.3954	0.0001	0.0745	0.0744	0.0000	0.3210	0.3210	0.0001	0.4002	0.0415	0.3587	0.0449	0.0409	0.0041	0.3553	0.0007	0.3546	0.9831	0.8720	0.1111	0.3220	0.3077	0.0142	0.6612	0.5643	0.0969	1.5245	1.0153	0.5092	0.7202	0.6503	0.0699	0.8043	0.3650	0.4393	1.5323	11.0872	0.0011	3.7074	3.8488	0.0443	1.0991	318.4357	0.0007	0.2625	0.0409	0.7044	0.0624	0.0628	0.0581	0.4417	0.0018	0.8072
113	118	0.5043	5	0	1	0	1	0	0	0	0	N	N	N	N	N	N	N	N	N	N	N	N	26.9152	38.1700	0.0000	1.9678	1.7989	0.0000	21.8326	29.8256	0.0000	3.4464	3.9079	0.0000	0.1007	0.1058	0.0000	4.9597	5.8324	0.0000	0.1280	0.1024	0.1859	0.0512	0.0588	0.0116	0.2272	0.1956	0.2595	0.0000	0.8054	-0.4430	-0.0012	8.6129	4.0036	5.1709	26.5072	1.0044	1.0044	0.0000	0.0091	0.0091	0.0000	0.9952	0.9952	0.0000	0.0980	0.0543	0.0437	0.0221	0.0212	0.0008	0.0759	0.0330	0.0429	0.2914	0.2570	0.0344	0.0908	0.0864	0.0044	0.2007	0.1706	0.0300	0.7651	0.5300	0.2351	0.4309	0.3612	0.0698	0.3342	0.1688	0.1653	26.9152	38.1700	0.0000	1.9678	1.7989	0.0000	21.8326	29.8256	0.0000	0.1280	0.1024	0.1859	0.0512	0.0588	0.0116	0.2272	0.1956	0.2595
113	119	0.5427	6	0	1	0	0	0	0	0	0	N	N	N	N	N	N	N	N	N	N	N	N	10.2088	0.1606	41.2157	0.7737	0.6918	2.4622	8.1787	0.0354	36.1987	2.5833	0.0221	22.9960	0.0336	0.0340	0.0267	4.5527	0.0120	29.6750	0.2530	0.1379	0.5579	0.0434	0.0491	0.0108	0.5567	0.3379	0.8198	130.3275	1.5287	0.5529	0.0275	8.6129	3.8169	5.1709	21.2433	1.0029	0.0076	0.9953	0.0057	0.0054	0.0003	0.9973	0.0022	0.9950	0.1881	0.0744	0.1137	0.0191	0.0183	0.0007	0.1690	0.0560	0.1130	0.3882	0.3450	0.0433	0.1692	0.1594	0.0098	0.2190	0.1855	0.0335	0.7432	0.5395	0.2038	0.4396	0.3737	0.0660	0.3036	0.1658	0.1378	10.2088	0.1606	41.2157	0.7737	0.6918	2.4622	8.1787	0.0354	36.1987	0.2530	0.1379	0.5579	0.0434	0.0491	0.0108	0.5567	0.3379	0.8198
113	120	0.3216	6	0	1	0	0	0	0	0	0	N	N	N	N	N	N	N	N	N	N	N	N	3.5016	0.0079	86.0477	0.0164	0.0147	0.2426	15.3995	0.0028	88.1528	0.7091	0.0021	5.5084	0.0057	0.0059	0.0033	1.0450	0.0002	6.7491	0.2025	0.2690	0.0640	0.3483	0.4006	0.0138	0.0679	0.0592	0.0766	379.6667	0.1143	0.5555	-0.1547	8.6129	16.3276	5.1709	34.9199	0.9986	0.0026	0.9960	0.0026	0.0025	0.0001	0.9960	0.0001	0.9959	0.4348	0.3902	0.0446	0.3590	0.3571	0.0019	0.0757	0.0331	0.0427	1.4082	1.2274	0.1808	0.4551	0.4218	0.0333	0.9531	0.8056	0.1476	2.1470	1.4503	0.6967	1.0307	0.8915	0.1392	1.1163	0.5588	0.5575	3.5016	0.0079	86.0477	0.0164	0.0147	0.2426	15.3995	0.0028	88.1528	0.2025	0.2690	0.0640	0.3483	0.4006	0.0138	0.0679	0.0592	0.0766
113	121	0.3042	5	0	1	0	0	0	0	0	0	N	N	N	N	N	N	N	N	N	N	N	N	0.2084	0.1626	0.4602	0.3401	0.3081	0.0411	0.1461	0.0499	0.3991	0.0612	0.0398	0.1804	0.0975	0.1003	0.0007	0.0440	0.0044	0.1919	0.2938	0.2449	0.3921	0.2867	0.3256	0.0175	0.3010	0.0881	0.4807	0.8141	0.7968	0.0003	-0.0063	8.6129	6.1757	5.1709	14.5601	0.0382	0.0210	0.0171	0.0196	0.0196	0.0000	0.0186	0.0015	0.0171	0.4200	0.2338	0.1862	0.2068	0.2052	0.0016	0.2132	0.0286	0.1847	0.6233	0.5284	0.0949	0.2007	0.1950	0.0057	0.4226	0.3333	0.0892	1.4295	0.9544	0.4750	0.7211	0.6302	0.0909	0.7084	0.3243	0.3841	0.2084	0.1626	0.4602	0.3401	0.3081	0.0411	0.1461	0.0499	0.3991	0.2938	0.2449	0.3921	0.2867	0.3256	0.0175	0.3010	0.0881	0.4807
113	122	0.2512	4	0	0	0	0	0	0	0	0	N	N	N	N	N	N	N	N	N	N	N	N	1.2536	0.9350	3.5837	1.9680	1.8461	0.9753	0.9172	0.0969	3.4165	0.3428	0.1979	1.4008	0.5292	0.5448	0.0359	0.2543	0.0071	1.5226	0.2734	0.2116	0.3909	0.2689	0.2951	0.0368	0.2772	0.0728	0.4456	0.9696	0.9717	0.0127	0.0145	8.6129	7.5400	5.1709	21.4192	0.2483	0.1261	0.1223	0.1234	0.1232	0.0003	0.1249	0.0029	0.1220	0.4210	0.2135	0.2075	0.1885	0.1859	0.0026	0.2324	0.0276	0.2049	0.7245	0.6372	0.0873	0.2333	0.2261	0.0071	0.4912	0.4111	0.0801	1.5397	1.0089	0.5308	0.7011	0.6300	0.0711	0.8385	0.3788	0.4597	1.2536	0.9350	3.5837	1.9680	1.8461	0.9753	0.9172	0.0969	3.4165	0.2734	0.2116	0.3909	0.2689	0.2951	0.0368	0.2772	0.0728	0.4456
113	123	0.5782	7	0	1	0	0	0	0	0	0	N	N	N	N	N	N	N	N	N	N	N	N	0.0000	0.0000	0.0000	0.0000	0.0000	0.0000	0.0000	0.0000	0.0000	0.0000	0.0000	0.0000	0.0000	0.0000	0.0000	0.0000	0.0000	0.0000	0.4362	0.4734	0.3470	0.5674	0.6517	0.2123	0.2207	0.0334	0.4389	0.0000	0.3055	-0.0000	-0.0588	8.6129	4.0019	5.1709	19.5615	0.0000	0.0000	0.0000	0.0000	0.0000	0.0000	0.0000	0.0000	0.0000	0.2621	0.2008	0.0613	0.2119	0.1967	0.0152	0.0502	0.0041	0.0461	0.3068	0.2718	0.0350	0.1062	0.1009	0.0053	0.2006	0.1710	0.0296	0.6009	0.4241	0.1768	0.3735	0.3018	0.0717	0.2274	0.1223	0.1051	0.0000	0.0000	0.0000	0.0000	0.0000	0.0000	0.0000	0.0000	0.0000	0.4362	0.4734	0.3470	0.5674	0.6517	0.2123	0.2207	0.0334	0.4389
113	124	0.5562	6	0	0	0	0	0	0	0	0	N	N	N	N	N	N	N	N	N	N	N	N	0.0003	0.0003	0.0000	0.0004	0.0004	0.0000	0.0006	0.0004	0.0002	0.0002	0.0002	0.0000	0.0005	0.0005	0.0000	0.0000	0.0000	0.0000	0.6343	0.7991	0.2348	1.0378	1.1366	0.6065	0.0213	0.0368	0.0025	0.0010	0.1213	-0.0000	-0.0737	8.6129	1.2223	5.1709	8.2281	0.0000	0.0000	0.0000	0.0000	0.0000	0.0000	0.0000	0.0000	0.0000	0.2105	0.1877	0.0228	0.2077	0.1851	0.0226	0.0028	0.0027	0.0002	0.1259	0.1115	0.0144	0.0492	0.0472	0.0020	0.0766	0.0643	0.0124	0.3319	0.2349	0.0970	0.2001	0.1628	0.0373	0.1318	0.0721	0.0597	0.0003	0.0003	0.0000	0.0004	0.0004	0.0000	0.0006	0.0004	0.0002	0.6343	0.7991	0.2348	1.0378	1.1366	0.6065	0.0213	0.0368	0.0025
113	125	0.5043	5	0	0	0	0	0	0	0	0	N	N	N	N	N	N	N	N	N	N	N	N	0.8026	0.7730	0.0121	1.7063	1.6255	0.0851	0.0421	0.1424	0.0000	0.0426	0.0482	0.0004	0.1350	0.1417	0.0031	0.0008	0.0009	0.0000	0.0530	0.0623	0.0325	0.0791	0.0872	0.0361	0.0191	0.0066	0.0310	0.0011	0.2363	-0.0081	-0.0071	8.6129	5.9920	5.1709	12.2976	0.0184	0.0184	0.0000	0.0182	0.0182	0.0000	0.0002	0.0002	0.0000	0.0267	0.0216	0.0051	0.0225	0.0209	0.0016	0.0042	0.0007	0.0035	0.4329	0.3819	0.0510	0.1347	0.1281	0.0065	0.2983	0.2538	0.0445	0.5045	0.3471	0.1574	0.2849	0.2400	0.0449	0.2196	0.1071	0.1125	0.8026	0.7730	0.0121	1.7063	1.6255	0.0851	0.0421	0.1424	0.0000	0.0530	0.0623	0.0325	0.0791	0.0872	0.0361	0.0191	0.0066	0.0310
113	126	0.5414	7	0	1	0	0	0	0	0	0	N	N	N	N	N	N	N	N	N	N	N	N	42.8801	53.3502	0.0000	0.0467	0.0468	0.0000	89.4144	446.3110	0.0000	2.4943	2.8341	0.0000	0.0033	0.0035	0.0000	3.8670	4.5917	0.0000	0.0582	0.0531	0.0697	0.0704	0.0741	0.0496	0.0432	0.0103	0.0772	0.0000	0.5756	-0.4384	-0.0035	8.6129	5.0407	5.1709	17.1705	0.9939	0.9939	0.0000	0.0005	0.0005	0.0000	0.9934	0.9934	0.0000	0.0371	0.0235	0.0136	0.0247	0.0220	0.0026	0.0124	0.0015	0.0109	0.3985	0.3507	0.0478	0.1416	0.1343	0.0072	0.2569	0.2164	0.0405	0.6376	0.4431	0.1945	0.3507	0.2975	0.0532	0.2869	0.1456	0.1413	42.8801	53.3502	0.0000	0.0467	0.0468	0.0000	89.4144	446.3110	0.0000	0.0582	0.0531	0.0697	0.0704	0.0741	0.0496	0.0432	0.0103	0.0772
113	127	0.5255	6	0	1	0	0	0	0	0	0	N	N	N	N	N	N	N	N	N	N	N	N	0.0700	0.0621	0.0000	0.0006	0.0005	0.0002	0.1263	0.0976	0.0000	0.0108	0.0123	0.0000	0.0001	0.0001	0.0000	0.0165	0.0198	0.0000	0.1537	0.1981	0.0528	0.1730	0.1957	0.0222	0.1306	0.2033	0.0620	0.0000	0.1173	-0.0008	-0.0171	8.6129	1.9703	5.1709	6.2034	0.0018	0.0018	0.0000	0.0000	0.0000	0.0000	0.0018	0.0018	0.0000	0.0485	0.0434	0.0051	0.0297	0.0292	0.0005	0.0188	0.0142	0.0046	0.1672	0.1462	0.0210	0.0586	0.0558	0.0027	0.1086	0.0903	0.0183	0.3154	0.2190	0.0965	0.1715	0.1491	0.0225	0.1439	0.0699	0.0740	0.0700	0.0621	0.0000	0.0006	0.0005	0.0002	0.1263	0.0976	0.0000	0.1537	0.1981	0.0528	0.1730	0.1957	0.0222	0.1306	0.2033	0.0620
113	128	0.5043	5	0	0	0	0	0	0	0	0	N	N	N	N	N	N	N	N	N	N	N	N	0.0000	0.0001	0.0000	0.0000	0.0001	0.0000	0.0000	0.0000	0.0000	0.0000	0.0000	0.0000	0.0000	0.0000	0.0000	0.0000	0.0000	0.0000	0.3478	0.2706	0.5109	0.1004	0.0636	0.3180	0.6643	0.7707	0.5762	0.0208	0.8940	-0.0000	0.0014	8.6129	1.1032	5.1709	7.8190	0.0000	0.0000	0.0000	0.0000	0.0000	0.0000	0.0000	0.0000	0.0000	0.0998	0.0527	0.0471	0.0162	0.0088	0.0074	0.0836	0.0439	0.0397	0.0820	0.0723	0.0098	0.0257	0.0244	0.0012	0.0563	0.0478	0.0085	0.2870	0.1947	0.0922	0.1611	0.1377	0.0233	0.1259	0.0570	0.0689	0.0000	0.0001	0.0000	0.0000	0.0001	0.0000	0.0000	0.0000	0.0000	0.3478	0.2706	0.5109	0.1004	0.0636	0.3180	0.6643	0.7707	0.5762
113	129	0.2805	5	0	1	0	0	0	0	0	0	N	N	N	N	N	N	N	N	N	N	N	N	0.0850	0.0075	0.6156	0.0180	0.0111	0.0115	0.3077	0.0000	1.8817	0.0000	0.0000	0.0001	0.0000	0.0000	0.0000	0.0000	0.0000	0.0001	0.0001	0.0002	0.0001	0.0002	0.0002	0.0011	0.0001	0.0001	0.0001	10.7128	0.3377	0.0000	-0.0000	8.6129	1.0033	5.1709	0.8635	0.0000	0.0000	0.0000	0.0000	0.0000	0.0000	0.0000	0.0000	0.0000	0.0001	0.0000	0.0000	0.0000	0.0000	0.0000	0.0000	0.0000	0.0000	0.4374	0.3571	0.0803	0.2692	0.2271	0.0421	0.1682	0.1300	0.0382	0.3959	0.2506	0.1453	0.1945	0.1892	0.0053	0.2014	0.0613	0.1401	0.0850	0.0075	0.6156	0.0180	0.0111	0.0115	0.3077	0.0000	1.8817	0.0001	0.0002	0.0001	0.0002	0.0002	0.0011	0.0001	0.0001	0.0001
113	130	0.2512	4	0	0	0	0	0	0	0	0	N	N	N	N	N	N	N	N	N	N	N	N	1.1258	1.3129	0.4598	0.7921	0.7068	20.2281	1.5214	35.6453	0.3454	0.2729	0.2926	0.1283	0.2321	0.2298	0.3048	0.2939	0.3304	0.1122	0.2424	0.2229	0.2790	0.2930	0.3252	0.0151	0.1932	0.0093	0.3248	0.0600	0.6648	-0.0608	-0.0183	8.6129	5.5514	5.1709	9.9598	0.1582	0.1493	0.0090	0.0458	0.0440	0.0018	0.1124	0.1053	0.0072	0.3105	0.1865	0.1240	0.1850	0.1840	0.0010	0.1255	0.0025	0.1230	0.5799	0.5101	0.0698	0.1973	0.1915	0.0058	0.3826	0.3186	0.0640	1.2810	0.8367	0.4443	0.6314	0.5658	0.0656	0.6497	0.2710	0.3787	1.1258	1.3129	0.4598	0.7921	0.7068	20.2281	1.5214	35.6453	0.3454	0.2424	0.2229	0.2790	0.2930	0.3252	0.0151	0.1932	0.0093	0.3248
113	131	0.2209	3	0	0	0	0	0	0	0	0	N	N	N	N	N	N	N	N	N	N	N	N	0.0335	0.0251	0.0961	0.0455	0.0415	0.6161	0.0292	0.0325	0.0888	0.0100	0.0065	0.0352	0.0154	0.0153	0.0206	0.0077	0.0024	0.0363	0.2974	0.2602	0.3664	0.3389	0.3680	0.0335	0.2633	0.0726	0.4086	0.7284	0.7604	-0.0002	-0.0106	8.6129	9.1969	5.1709	13.4651	0.0084	0.0049	0.0036	0.0038	0.0037	0.0001	0.0046	0.0012	0.0034	0.4026	0.2287	0.1739	0.2072	0.2054	0.0018	0.1954	0.0233	0.1721	0.8481	0.7471	0.1010	0.2487	0.2419	0.0068	0.5994	0.5052	0.0942	1.3537	0.8791	0.4746	0.6114	0.5581	0.0533	0.7423	0.3210	0.4213	0.0335	0.0251	0.0961	0.0455	0.0415	0.6161	0.0292	0.0325	0.0888	0.2974	0.2602	0.3664	0.3389	0.3680	0.0335	0.2633	0.0726	0.4086
113	132	0.6012	9	1	1	0	1	0	0	0	0	N	N	N	N	N	N	N	N	N	N	N	N	0.0001	0.0001	0.0000	0.0000	0.0000	0.0000	0.0001	0.0001	0.0000	0.0001	0.0001	0.0000	0.0000	0.0000	0.0000	0.0002	0.0002	0.0000	0.9666	1.1051	0.6082	0.0226	0.0252	0.0073	2.1724	3.2671	0.8499	0.0000	0.2128	-0.0000	-0.0277	8.6129	1.0000	5.1709	3.0001	0.0000	0.0000	0.0000	0.0000	0.0000	0.0000	0.0000	0.0000	0.0000	0.0979	0.0807	0.0172	0.0013	0.0012	0.0001	0.0966	0.0795	0.0171	0.0774	0.0684	0.0090	0.0266	0.0251	0.0014	0.0508	0.0433	0.0075	0.1013	0.0730	0.0282	0.0568	0.0487	0.0081	0.0445	0.0243	0.0201	0.0001	0.0001	0.0000	0.0000	0.0000	0.0000	0.0001	0.0001	0.0000	0.9666	1.1051	0.6082	0.0226	0.0252	0.0073	2.1724	3.2671	0.8499
113	133	0.3023	7	1	1	0	1	0	0	0	0	N	N	N	N	N	N	N	N	N	N	N	N	0.0000	0.0000	0.0000	0.0000	0.0000	0.0000	0.0000	0.0000	0.0000	0.0000	0.0000	0.0000	0.0000	0.0000	0.0000	0.0000	0.0000	0.0000	0.0004	0.0006	0.0000	0.0009	0.0011	0.0000	0.0000	0.0000	0.0000	0.0069	0.0000	-0.0000	8.6129	0.0006	5.1709	1.9797	0.0000	0.0000	0.0000	0.0000	0.0000	0.0000	0.0000	0.0000	0.0000	0.0000	0.0000	0.0000	0.0000	0.0000	0.0000	0.0000	0.0000	0.0000	0.0001	0.0001	0.0000	0.0000	0.0000	0.0000	0.0000	0.0000	0.0000	0.0658	0.0450	0.0208	0.0279	0.0234	0.0045	0.0378	0.0216	0.0162	0.0000	0.0000	0.0000	0.0000	0.0000	0.0000	0.0000	0.0000	0.0000	0.0004	0.0006	0.0000	0.0009	0.0011	0.0000	0.0000	0.0000	0.0000	
113	134	0.2855	6	1	1	0	1	0	0	0	0	N	N	N	N	N	N	N	N	N	N	N	N	0.0007	0.0005	0.0008	0.0009	0.0009	0.0023	0.0000	0.0000	0.0000	0.0001	0.0001	0.0000	0.0003	0.0004	0.0000	0.0000	0.0000	0.0000	0.1290	0.1900	0.0043	0.3810	0.4178	0.0136	0.0018	0.0005	0.0034	0.0053	0.0112	-0.0000	-0.0126	8.6129	2.0077	5.1709	6.0321	0.0000	0.0000	0.0000	0.0000	0.0000	0.0000	0.0000	0.0000	0.0000	0.0281	0.0277	0.0003	0.0278	0.0277	0.0001	0.0003	0.0000	0.0002	0.1554	0.1351	0.0203	0.0412	0.0388	0.0024	0.1142	0.0963	0.0179	0.2174	0.1461	0.0714	0.0730	0.0663	0.0066	0.1445	0.0797	0.0647	0.0007	0.0005	0.0008	0.0009	0.0009	0.0023	0.0000	0.0000	0.0000	0.1290	0.1900	0.0043	0.3810	0.4178	0.0136	0.0018	0.0005	0.0034
113	135	0.2808	6	0	1	0	1	0	0	0	0	N	N	N	N	N	N	N	N	N	N	N	N	0.0085	0.0152	0.0000	0.0572	0.0584	0.0000	0.0035	0.0062	0.0000	0.0048	0.0055	0.0000	0.0097	0.0103	0.0000	0.0028	0.0033	0.0000	0.5588	0.3589	0.9964	0.1695	0.1758	0.1063	0.7930	0.5399	1.1060	0.0000	1.2676	-0.0005	0.0209	8.6129	3.0348	5.1709	9.3583	0.0011	0.0011	0.0000	0.0006	0.0006	0.0000	0.0005	0.0005	0.0000	0.2072	0.0914	0.1158	0.0236	0.0223	0.0014	0.1836	0.0691	0.1145	0.2378	0.2068	0.0310	0.0671	0.0633	0.0038	0.1708	0.1435	0.0272	0.3708	0.2546	0.1163	0.1393	0.1266	0.0127	0.2315	0.1280	0.1035	0.0085	0.0152	0.0000	0.0572	0.0584	0.0000	0.0035	0.0062	0.0000	0.5588	0.3589	0.9964	0.1695	0.1758	0.1063	0.7930	0.5399	1.1060
113	136	0.2665	5	0	0	0	1	0	0	0	0	N	N	N	N	N	N	N	N	N	N	N	N	0.0837	0.1185	0.0001	0.0047	0.0047	0.0016	0.1247	0.2263	0.0000	0.0048	0.0055	0.0000	0.0002	0.0003	0.0000	0.0076	0.0090	0.0000	0.0578	0.0468	0.0805	0.0514	0.0550	0.0150	0.0610	0.0398	0.0872	0.0001	0.8351	-0.0000	-0.0000	8.6129	0.0433	5.1709	6.6805	0.0000	0.0000	0.0000	0.0000	0.0000	0.0000	0.0000	0.0000	0.0000	0.0105	0.0057	0.0048	0.0032	0.0031	0.0001	0.0074	0.0026	0.0047	0.0039	0.0034	0.0005	0.0015	0.0014	0.0001	0.0025	0.0021	0.0004	0.1825	0.1228	0.0596	0.0619	0.0563	0.0056	0.1206	0.0665	0.0541	0.0837	0.1185	0.0001	0.0047	0.0047	0.0016	0.1247	0.2263	0.0000	0.0578	0.0468	0.0805	0.0514	0.0550	0.0150	0.0610	0.0398	0.0872
113	137	0.6308	11	0	1	0	1	0	0	0	0	N	N	N	N	N	N	N	N	N	N	N	N	0.0000	0.0000	0.0000	0.0000	0.0000	0.0000	0.0000	0.0000	0.0000	0.0000	0.0000	0.0000	0.0000	0.0000	0.0000	0.0000	0.0000	0.0000	0.0000	0.0000	8.6129	0.0000	5.1709	0.0000	0.0000	0.0000	0.0000	0.0000	0.0000	0.0000	0.0000	0.0000	0.0000	0.0000	0.0000	0.0000	0.0000	0.0000	0.0000	0.0000	0.0000	0.0000	0.0000	0.0000	0.0000	0.0000	0.0000	0.0000	0.0000	0.0000	0.0000	0.0000	0.0000	0.0000	0.0000	0.0000	0.0000	0.0000	0.0000	0.0000	0.0000	0.0000	0.0000	0.0000	0.0000	0.0000	0.0000	0.0000	0.0000	0.0000	0.0000	0.0000	0.0000	0.0000	0.0000	0.0000	0.0000	0.0000											
113	138	0.6258	10	0	1	0	1	0	0	0	0	N	N	N	N	N	N	N	N	N	N	N	N	513.2112	221.6835	inf	219.5372	194.9741	inf	inf	inf	0.1001	0.0599	0.3387	0.0786	0.0806	0.0010	0.1405	0.0000	0.3818	0.0002	0.0003	0.0000	0.0004	0.0004	0.0000	0.0000	0.0000	0.0000	0.9534	0.0000	0.0000	-0.0000	8.6129	0.0021	5.1709	2.0000	0.0000	0.0000	0.0000	0.0000	0.0000	0.0000	0.0000	0.0000	0.0000	0.0000	0.0000	0.0000	0.0000	0.0000	0.0000	0.0000	0.0000	0.0000	0.0004	0.0004	0.0001	0.0003	0.0003	0.0000	0.0002	0.0001	0.0001	0.0513	0.0370	0.0142	0.0279	0.0242	0.0037	0.0233	0.0128	0.0105	513.2112	221.6835	inf	219.5372	194.9741	inf	inf	0.0000	inf	0.0002	0.0003	0.0000	0.0004	0.0004	0.0000	0.0000	0.0000	0.0000	
113	139	0.6156	9	0	0	0	1	0	0	0	0	N	N	N	N	N	N	N	N	N	N	N	N	62499.5940	26880.4096	2469069.2701	51408.9856	47698.5278	2586.0414	1440814.1621	inf	4387120.2731	6.3333	3.6663	26.7174	9.4385	9.9697	0.0539	4.7078	0.0001	31.7626	0.0001	0.0001	0.0000	0.0002	0.0002	0.0000	0.0000	0.0000	0.0000	0.9534	0.0307	0.0231	-0.0000	8.6129	1.0020	5.1709	3.0181	0.4913	0.2515	0.2398	0.2516	0.2515	0.0001	0.2397	0.0000	0.2397	0.0000	0.0000	0.0000	0.0000	0.0000	0.0000	0.0000	0.0000	0.0000	0.0776	0.0686	0.0090	0.0267	0.0252	0.0014	0.0509	0.0434	0.0075	0.1022	0.0737	0.0285	0.0556	0.0481	0.0075	0.0466	0.0256	0.0210	62499.5940	26880.4096	2469069.2701	51408.9856	47698.5278	2586.0414	1440814.1621	inf	4387120.2731	0.0001	0.0001	0.0000	0.0002	0.0002	0.0000	0.0000	0.0000	0.0000
113	140	0.6012	9	0	1	0	0	0	0	0	0	N	N	N	N	N	N	N	N	N	N	N	N	0.0000	0.0000	0.0000	0.0000	0.0000	0.0000	0.0000	0.0000	0.0000	0.0000	0.0000	0.0000	0.0000	0.0000	0.0000	0.0000	0.0000	0.0000	0.0000	0.0000	8.6129	0.0000	5.1709	4.0001	0.0000	0.0000	0.0000	0.0000	0.0000	0.0000	0.0000	0.0000	0.0000	0.0000	0.0000	0.0000	0.0000	0.0000	0.0000	0.0000	0.0000	0.0000	0.0000	0.0000	0.0000	0.0000	0.0000	0.0000	0.0000	0.0000	0.0000	0.1013	0.0730	0.0282	0.0568	0.0487	0.0081	0.0445	0.0243	0.0201	0.0000	0.0000	0.0000	0.0000	0.0000	0.0000	0.0000	0.0000	0.0000	0.0000	0.0000	0.0000	0.0000	0.0000	0.0000	0.0000	0.0000	0.0000											
113	141	0.2810	5	0	1	0	0	0	0	0	0	N	N	N	N	N	N	N	N	N	N	N	N	3.4545	583.4719	0.0002	376.3909	879.2927	0.0003	0.1542	326813.6694	0.0002	0.4113	0.4731	0.0001	1.4729	1.5647	0.0000	0.0273	0.0324	0.0001	0.1191	0.0008	0.3612	0.0039	0.0018	0.0258	0.1773	0.0000	0.3948	0.0000	217.5349	-0.0141	0.0106	8.6129	1.0003	5.1709	5.0186	0.0320	0.0320	0.0000	0.0304	0.0304	0.0000	0.0016	0.0016	0.0000	0.0198	0.0001	0.0197	0.0002	0.0001	0.0001	0.0196	0.0000	0.0196	0.0777	0.0675	0.0101	0.0206	0.0194	0.0012	0.0571	0.0481	0.0089	0.1661	0.1116	0.0545	0.0558	0.0509	0.0050	0.1103	0.0608	0.0495	3.4545	583.4719	0.0002	376.3909	879.2927	0.0003	0.1542	326813.6694	0.0002	0.1191	0.0008	0.3612	0.0039	0.0018	0.0258	0.1773	0.0000	0.3948
113	142	0.6156	9	0	0	1	1	0	0	0	0	N	N	N	N	N	N	N	N	N	N	N	N	1.0666	0.8739	0.0000	2.5852	2.5363	0.0000	0.0076	0.0048	0.0000	0.0179	0.0202	0.0000	0.0263	0.0293	0.0000	0.0002	0.0002	0.0000	0.0167	0.0231	0.0003	0.0102	0.0116	0.0012	0.0245	0.0446	0.0000	0.0000	0.0054	-0.0000	-0.0017	8.6129	0.0001	5.1709	9.0026	0.0000	0.0000	0.0000	0.0000	0.0000	0.0000	0.0000	0.0000	0.0000	0.0038	0.0037	0.0000	0.0012	0.0012	0.0000	0.0025	0.0025	0.0000	0.0000	0.0000	0.0000	0.0000	0.0000	0.0000	0.0000	0.0000	0.0000	0.2246	0.1619	0.0627	0.1219	0.1055	0.0164	0.1027	0.0565	0.0463	1.0666	0.8739	0.0000	2.5852	2.5363	0.0000	0.0076	0.0048	0.0000	0.0167	0.0231	0.0003	0.0102	0.0116	0.0012	0.0245	0.0446	0.0000
113	143	0.2665	5	0	0	1	1	0	0	0	0	N	N	N	N	N	N	N	N	N	N	N	N	0.0018	0.0031	0.0000	0.0022	0.0022	0.0000	0.0017	0.0060	0.0000	0.0002	0.0002	0.0000	0.0002	0.0003	0.0000	0.0002	0.0002	0.0000	0.1028	0.0703	0.1695	0.1080	0.1144	0.0442	0.1001	0.0332	0.1824	0.0000	1.1711	-0.0000	0.0022	8.6129	2.0061	5.1709	8.0425	0.0000	0.0000	0.0000	0.0000	0.0000	0.0000	0.0000	0.0000	0.0000	0.0276	0.0127	0.0149	0.0098	0.0095	0.0004	0.0178	0.0033	0.0145	0.1541	0.1343	0.0198	0.0428	0.0403	0.0025	0.1113	0.0940	0.0173	0.2685	0.1807	0.0878	0.0909	0.0827	0.0082	0.1776	0.0980	0.0796	0.0018	0.0031	0.0000	0.0022	0.0022	0.0000	0.0017	0.0060	0.0000	0.1028	0.0703	0.1695	0.1080	0.1144	0.0442	0.1001	0.0332	0.1824
113	144	0.2574	4	0	0	0	1	0	0	0	0	N	N	N	N	N	N	N	N	N	N	N	N	3.7596	4.4528	0.0013	0.6662	0.7345	0.0002	11.3972	98.9380	0.0017	0.0178	0.0205	0.0000	0.0062	0.0065	0.0000	0.0225	0.0267	0.0000	0.0047	0.0046	0.0051	0.0092	0.0089	0.0142	0.0020	0.0003	0.0042	0.0000	0.4602	-0.0013	-0.0001	8.6129	1.9550	5.1709	2.1189	0.0029	0.0029	0.0000	0.0003	0.0003	0.0000	0.0026	0.0026	0.0000	0.0007	0.0005	0.0002	0.0005	0.0005	0.0001	0.0002	0.0000	0.0002	0.1607	0.1397	0.0210	0.0461	0.0435	0.0026	0.1147	0.0963	0.0184	0.1492	0.1052	0.0440	0.0566	0.0528	0.0038	0.0926	0.0524	0.0402	3.7596	4.4528	0.0013	0.6662	0.7345	0.0002	11.3972	98.9380	0.0017	0.0047	0.0046	0.0051	0.0092	0.0089	0.0142	0.0020	0.0003	0.0042
113	145	0.2574	4	0	0	1	1	0	0	0	0	N	N	N	N	N	N	N	N	N	N	N	N	0.0101	0.0101	0.0000	0.0371	0.0362	0.0000	0.0047	0.0042	0.0000	0.0036	0.0042	0.0000	0.0075	0.0080	0.0000	0.0021	0.0025	0.0000	0.3620	0.4167	0.2457	0.2030	0.2205	0.0139	0.4463	0.5883	0.2691	0.0000	0.2776	-0.0003	-0.0498	8.6129	2.1261	5.1709	18.6477	0.0006	0.0006	0.0000	0.0004	0.0004	0.0000	0.0003	0.0003	0.0000	0.2066	0.1617	0.0449	0.0402	0.0399	0.0002	0.1664	0.1218	0.0447	0.1737	0.1510	0.0227	0.0495	0.0467	0.0028	0.1242	0.1043	0.0199	0.5708	0.3881	0.1827	0.1979	0.1811	0.0167	0.3729	0.2070	0.1660	0.0101	0.0101	0.0000	0.0371	0.0362	0.0000	0.0047	0.0042	0.0000	0.3620	0.4167	0.2457	0.2030	0.2205	0.0139	0.4463	0.5883	0.2691
113	146	0.6156	9	0	0	1	1	0	0	0	0	N	N	N	N	N	N	N	N	N	N	N	N	495.9097	407.1820	294.7929	140.1088	126.9468	20912.9580	29780.7122	inf	88.8221	2.6031	2.9363	0.0537	1.3418	1.4050	0.2236	3.2627	3.8259	0.0216	0.0052	0.0072	0.0002	0.0096	0.0111	0.0000	0.0001	0.0000	0.0002	0.0024	0.0098	-0.1760	-0.0005	8.6129	2.0001	5.1709	5.9880	0.4013	0.4003	0.0010	0.0710	0.0704	0.0006	0.3302	0.3299	0.0003	0.0011	0.0010	0.0000	0.0010	0.0010	0.0000	0.0000	0.0000	0.0000	0.1541	0.1363	0.0178	0.0529	0.0501	0.0028	0.1012	0.0862	0.0150	0.2001	0.1442	0.0558	0.1086	0.0940	0.0146	0.0914	0.0502	0.0412	495.9097	407.1820	294.7929	140.1088	126.9468	20912.9580	29780.7122	inf	88.8221	0.0052	0.0072	0.0002	0.0096	0.0111	0.0000	0.0001	0.0000	0.0002
113	147	0.6156	9	0	0	1	1	0	0	0	0	N	N	N	N	N	N	N	N	N	N	N	N	0.0000	0.0000	0.0000	0.0000	0.0000	0.0000	0.0000	0.0000	0.0000	0.0000	0.0000	0.0000	0.0000	0.0000	0.0000	0.0000	0.0000	0.0000	0.5351	0.7422	0.0001	0.5125	0.5911	0.0000	0.5615	1.0181	0.0001	0.0000	0.0000	-0.0000	-0.1802	8.6129	9.0001	5.1709	23.0169	0.0000	0.0000	0.0000	0.0000	0.0000	0.0000	0.0000	0.0000	0.0000	0.3932	0.3932	0.0000	0.2024	0.2024	0.0000	0.1908	0.1908	0.0000	0.6726	0.5954	0.0772	0.2301	0.2179	0.0122	0.4425	0.3775	0.0650	0.7348	0.5298	0.2050	0.3949	0.3423	0.0525	0.3399	0.1874	0.1525	0.0000	0.0000	0.0000	0.0000	0.0000	0.0000	0.0000	0.0000	0.0000	0.5351	0.7422	0.0001	0.5125	0.5911	0.0000	0.5615	1.0181	0.0001
113	148	0.5902	8	0	0	0	1	0	0	0	0	N	N	N	N	N	N	N	N	N	N	N	N	3.5349	5.0053	0.2416	6.1031	9.2907	0.0000	0.4873	0.3415	1.4649	0.0197	0.0220	0.0021	0.0562	0.0594	0.0000	0.0005	0.0001	0.0025	0.0056	0.0044	0.0086	0.0092	0.0064	0.0268	0.0010	0.0004	0.0017	0.0124	0.7605	-0.0013	-0.0000	8.6129	1.9990	5.1709	7.9526	0.0030	0.0030	0.0000	0.0030	0.0030	0.0000	0.0000	0.0000	0.0000	0.0015	0.0008	0.0006	0.0014	0.0008	0.0005	0.0001	0.0000	0.0001	0.1549	0.1369	0.0180	0.0534	0.0505	0.0029	0.1015	0.0864	0.0151	0.2638	0.1898	0.0740	0.1472	0.1269	0.0203	0.1166	0.0629	0.0537	3.5349	5.0053	0.2416	6.1031	9.2907	0.0000	0.4873	0.3415	1.4649	0.0056	0.0044	0.0086	0.0092	0.0064	0.0268	0.0010	0.0004	0.0017
113	149	0.5583	7	1	1	0	0	0	0	0	0	N	N	N	N	N	N	N	N	N	N	N	N	0.1666	0.0442	2.8192	0.2728	0.0808	5.4776	0.0384	0.0003	1.2378	0.0604	0.0200	0.3549	0.1664	0.0520	2.2366	0.0016	0.0000	0.0103	0.3628	0.4523	0.1259	0.6098	0.6434	0.4083	0.0428	0.0704	0.0083	2.4353	0.1051	0.0075	-0.0819	8.6129	5.3497	5.1709	17.2225	0.0281	0.0082	0.0199	0.0276	0.0082	0.0195	0.0005	0.0000	0.0005	0.2255	0.2040	0.0215	0.2139	0.1934	0.0205	0.0116	0.0106	0.0010	0.4655	0.4093	0.0562	0.1662	0.1575	0.0087	0.2993	0.2518	0.0475	0.6215	0.4511	0.1704	0.3507	0.3006	0.0501	0.2708	0.1505	0.1203	0.1666	0.0442	2.8192	0.2728	0.0808	5.4776	0.0384	0.0003	1.2378	0.3628	0.4523	0.1259	0.6098	0.6434	0.4083	0.0428	0.0704	0.0083
113	150	0.5891	8	0	1	0	0	0	0	0	0	N	N	N	N	N	N	N	N	N	N	N	N	233.5669	118.3839	1502.8678	203.5894	201.0797	2.7413	545.3036	0.0264	2961.6419	1.1843	0.6965	4.4723	1.4783	1.5575	0.0136	0.9796	0.0000	5.3398	0.0051	0.0059	0.0030	0.0073	0.0077	0.0050	0.0018	0.0018	0.0018	0.9527	0.1962	0.0229	-0.0013	8.6129	3.6794	5.1709	17.4287	0.4900	0.2509	0.2391	0.2510	0.2509	0.0001	0.2390	0.0000	0.2390	0.0044	0.0037	0.0007	0.0038	0.0033	0.0004	0.0006	0.0003	0.0003	0.4137	0.3603	0.0535	0.1698	0.1611	0.0087	0.2439	0.1992	0.0447	0.8631	0.6218	0.2412	0.5171	0.4273	0.0898	0.3460	0.1945	0.1515	233.5669	118.3839	1502.8678	203.5894	201.0797	2.7413	545.3036	0.0264	2961.6419	0.0051	0.0059	0.0030	0.0073	0.0077	0.0050	0.0018	0.0018	0.0018
113	151	0.5583	7	0	1	0	0	0	0	0	0	N	N	N	N	N	N	N	N	N	N	N	N	0.8382	0.7418	1.3304	1.1183	1.1011	0.0678	0.8183	0.6784	1.6769	0.0176	0.0174	0.0192	0.0310	0.0327	0.0011	0.0097	0.0071	0.0226	0.0210	0.0234	0.0144	0.0278	0.0297	0.0166	0.0118	0.0105	0.0135	0.1542	0.2280	-0.0018	-0.0024	8.6129	3.4464	5.1709	10.1316	0.0057	0.0050	0.0008	0.0038	0.0038	0.0000	0.0020	0.0012	0.0008	0.0089	0.0072	0.0016	0.0068	0.0062	0.0006	0.0021	0.0011	0.0011	0.3259	0.2860	0.0399	0.1211	0.1148	0.0063	0.2048	0.1712	0.0336	0.4225	0.3085	0.1141	0.2436	0.2079	0.0357	0.1789	0.1006	0.0784	0.8382	0.7418	1.3304	1.1183	1.1011	0.0678	0.8183	0.6784	1.6769	0.0210	0.0234	0.0144	0.0278	0.0297	0.0166	0.0118	0.0105	0.0135
113	152	0.2878	7	1	1	0	0	0	0	0	0	N	N	N	N	N	N	N	N	N	N	N	N	0.0039	0.3185	0.0002	0.0001	0.0030	0.0000	0.0061	2.1163	0.0003	0.0003	0.0004	0.0000	0.0000	0.0000	0.0000	0.0004	0.0005	0.0000	0.0812	0.0011	0.2459	0.1041	0.0022	1.1203	0.0696	0.0002	0.1555	0.0160	107.1166	-0.0000	0.0150	8.6129	1.0143	5.1709	12.0086	0.0000	0.0000	0.0000	0.0000	0.0000	0.0000	0.0000	0.0000	0.0000	0.0281	0.0003	0.0278	0.0121	0.0002	0.0119	0.0160	0.0000	0.0160	0.0797	0.0692	0.0104	0.0215	0.0202	0.0012	0.0582	0.0490	0.0092	0.3461	0.2328	0.1132	0.1165	0.1058	0.0106	0.2296	0.1270	0.1026	0.0039	0.3185	0.0002	0.0001	0.0030	0.0000	0.0061	2.1163	0.0003	0.0812	0.0011	0.2459	0.1041	0.0022	1.1203	0.0696	0.0002	0.1555
113	153	0.2855	6	1	1	0	0	0	0	0	0	N	N	N	N	N	N	N	N	N	N	N	N	57.8198	325.0390	2.6393	0.9271	2.8000	0.0003	89.9987	114426.3170	4.0631	0.0243	0.0275	0.0029	0.0005	0.0005	0.0000	0.0330	0.0385	0.0033	0.0004	0.0001	0.0011	0.0005	0.0002	0.0040	0.0004	0.0000	0.0008	0.0160	6.3825	-0.0008	0.0000	8.6129	0.9811	5.1709	0.0216	0.0019	0.0018	0.0000	0.0000	0.0000	0.0000	0.0019	0.0018	0.0000	0.0000	0.0000	0.0000	0.0000	0.0000	0.0000	0.0000	0.0000	0.0000	0.0766	0.0665	0.0100	0.0204	0.0192	0.0012	0.0562	0.0473	0.0089	0.0281	0.0189	0.0092	0.0095	0.0086	0.0009	0.0186	0.0103	0.0084	57.8198	325.0390	2.6393	0.9271	2.8000	0.0003	89.9987	114426.3170	4.0631	0.0004	0.0001	0.0011	0.0005	0.0002	0.0040	0.0004	0.0000	0.0008
113	154	0.2810	5	1	1	0	0	0	0	0	0	N	N	N	N	N	N	N	N	N	N	N	N	11.6016	11.2893	4.4259	0.7206	0.7653	0.0662	63.7963	164879.8312	6.7778	0.0328	0.0364	0.0088	0.0049	0.0053	0.0003	0.0492	0.0563	0.0116	0.0028	0.0032	0.0020	0.0068	0.0070	0.0048	0.0008	0.0000	0.0017	0.0371	0.2983	-0.0000	-0.0000	8.6129	0.0083	5.1709	2.0001	0.0000	0.0000	0.0000	0.0000	0.0000	0.0000	0.0000	0.0000	0.0000	0.0002	0.0001	0.0000	0.0001	0.0001	0.0000	0.0000	0.0000	0.0000	0.0008	0.0007	0.0001	0.0003	0.0003	0.0000	0.0005	0.0004	0.0001	0.0578	0.0390	0.0189	0.0197	0.0180	0.0017	0.0381	0.0210	0.0172	11.6016	11.2893	4.4259	0.7206	0.7653	0.0662	63.7963	164879.8312	6.7778	0.0028	0.0032	0.0020	0.0068	0.0070	0.0048	0.0008	0.0000	0.0017
113	155	0.2574	4	0	1	0	0	0	0	0	0	N	N	N	N	N	N	N	N	N	N	N	N	0.5297	12.2790	0.4728	0.9608	11.2806	0.0671	0.3991	436.4040	0.6251	0.0320	0.0234	0.0893	0.0442	0.0447	0.0358	0.0273	0.0142	0.0967	0.0605	0.0019	0.1889	0.0460	0.0040	0.5345	0.0684	0.0000	0.1547	0.5720	45.1208	-0.0006	0.0098	8.6129	2.9180	5.1709	7.4065	0.0075	0.0048	0.0027	0.0029	0.0027	0.0001	0.0046	0.0020	0.0026	0.0189	0.0004	0.0185	0.0051	0.0004	0.0047	0.0138	0.0000	0.0138	0.2337	0.2032	0.0305	0.0652	0.0615	0.0037	0.1685	0.1417	0.0268	0.3132	0.2152	0.0980	0.1115	0.1027	0.0088	0.2017	0.1125	0.0892	0.5297	12.2790	0.4728	0.9608	11.2806	0.0671	0.3991	436.4040	0.6251	0.0605	0.0019	0.1889	0.0460	0.0040	0.5345	0.0684	0.0000	0.1547
113	156	0.1915	3	0	0	0	0	0	0	0	0	N	N	N	N	N	N	N	N	N	N	N	N	3.1472	1.3722	51.1233	2.3830	2.3469	0.5300	7.9461	0.0296	58.5257	0.3577	0.2343	0.9462	0.5186	0.5438	0.0131	0.2622	0.0017	1.0523	0.1136	0.1707	0.0185	0.2176	0.2317	0.0247	0.0330	0.0568	0.0180	0.8468	0.0650	0.0068	-0.0722	8.6129	8.2479	5.1709	19.7214	0.3919	0.2122	0.1797	0.2116	0.2113	0.0003	0.1803	0.0009	0.1795	0.1816	0.1705	0.0111	0.1519	0.1508	0.0012	0.0297	0.0198	0.0099	1.0958	0.9059	0.1899	0.4080	0.3886	0.0194	0.6878	0.5172	0.1705	1.5983	0.9989	0.5993	0.6982	0.6507	0.0475	0.9001	0.3482	0.5518	3.1472	1.3722	51.1233	2.3830	2.3469	0.5300	7.9461	0.0296	58.5257	0.1136	0.1707	0.0185	0.2176	0.2317	0.0247	0.0330	0.0568	0.0180
113	157	0.1554	2	0	0	0	0	0	0	0	0	N	N	N	N	N	N	N	N	N	N	N	N	1.0218	0.5997	3.0793	1.4301	1.3665	2.1694	0.8318	0.0175	2.9816	0.2449	0.1637	0.5750	0.4054	0.4148	0.1004	0.1685	0.0036	0.5993	0.2396	0.2730	0.1867	0.2835	0.3035	0.0463	0.2026	0.2056	0.2010	0.8632	0.4314	0.0047	-0.0642	8.6129	7.4725	5.1709	14.3153	0.2134	0.1145	0.0989	0.1138	0.1130	0.0008	0.0995	0.0015	0.0980	0.4093	0.2859	0.1233	0.2217	0.2189	0.0028	0.1876	0.0671	0.1205	0.8714	0.6995	0.1719	0.2808	0.2724	0.0084	0.5906	0.4271	0.1635	1.7079	1.0473	0.6606	0.7821	0.7210	0.0610	0.9258	0.3262	0.5996	1.0218	0.5997	3.0793	1.4301	1.3665	2.1694	0.8318	0.0175	2.9816	0.2396	0.2730	0.1867	0.2835	0.3035	0.0463	0.2026	0.2056	0.2010
113	161	0.6088	11	1	1	0	0	0	0	0	0	N	N	N	N	N	N	N	N	N	N	N	N	0.0000	0.0000	0.0000	0.0000	0.0000	0.0000	0.0000	0.0000	0.0000	0.0000	0.0000	0.0000	0.0000	0.0000	0.0000	0.0000	0.0000	0.0000	0.4212	0.0155	1.4810	0.0200	0.0232	0.0003	0.9340	0.0000	2.0790	36.6481	0.0000	0.0169	8.6129	0.0002	5.1709	3.0099	0.0000	0.0000	0.0000	0.0000	0.0000	0.0000	0.0000	0.0000	0.0000	0.0327	0.0009	0.0319	0.0009	0.0009	0.0000	0.0319	0.0000	0.0319	0.0000	0.0000	0.0000	0.0000	0.0000	0.0000	0.0000	0.0000	0.0000	0.0777	0.0562	0.0215	0.0436	0.0374	0.0062	0.0341	0.0188	0.0153	0.0000	0.0000	0.0000	0.0000	0.0000	0.0000	0.0000	0.0000	0.0000	0.4212	0.0155	1.4810	0.0200	0.0232	0.0003	0.9340	0.0000	2.0790	
113	162	0.6012	10	1	1	0	0	0	0	0	0	N	N	N	N	N	N	N	N	N	N	N	N	0.0000	0.0000	0.0000	0.0000	0.0000	0.0000	0.0000	0.0000	0.0000	0.0000	0.0000	0.0000	0.0000	0.0000	0.0000	0.0000	0.0000	0.0000	0.0014	0.0002	0.0045	0.0001	0.0001	0.0000	0.0032	0.0006	0.0063	7.3532	0.0000	0.0000	8.6129	0.9998	5.1709	2.0118	0.0000	0.0000	0.0000	0.0000	0.0000	0.0000	0.0000	0.0000	0.0000	0.0001	0.0000	0.0001	0.0000	0.0000	0.0000	0.0001	0.0000	0.0001	0.0774	0.0684	0.0090	0.0265	0.0251	0.0014	0.0508	0.0433	0.0075	0.0766	0.0552	0.0213	0.0430	0.0368	0.0061	0.0336	0.0184	0.0152	0.0000	0.0000	0.0000	0.0000	0.0000	0.0000	0.0000	0.0000	0.0000	0.0014	0.0002	0.0045	0.0001	0.0001	0.0000	0.0032	0.0006	0.0063	
113	163	0.6012	9	1	1	0	0	0	0	0	0	N	N	N	N	N	N	N	N	N	N	N	N	0.0000	0.0000	0.0000	0.0000	0.0000	0.0000	0.0000	0.0000	0.0000	0.0000	0.0000	0.0000	0.0000	0.0000	0.0000	0.0000	0.0000	0.0000	0.0000	0.0000	8.6129	0.0000	5.1709	0.0003	0.0000	0.0000	0.0000	0.0000	0.0000	0.0000	0.0000	0.0000	0.0000	0.0000	0.0000	0.0000	0.0000	0.0000	0.0000	0.0000	0.0000	0.0000	0.0000	0.0000	0.0000	0.0000	0.0000	0.0000	0.0000	0.0000	0.0000	0.0000	0.0000	0.0000	0.0000	0.0000	0.0000	0.0000	0.0000	0.0000	0.0000	0.0000	0.0000	0.0000	0.0000	0.0000	0.0000	0.0000	0.0000	0.0000	0.0000	0.0000	0.0000	0.0000	0.0000	0.0000	0.0000	0.0000											
113	164	0.5902	8	0	1	0	0	0	0	0	0	N	N	N	N	N	N	N	N	N	N	N	N	7.8501	3.9969	150.1145	3.9348	3.6480	0.0428	158.5394	540.9499	201.3695	0.0607	0.0414	0.1514	0.0527	0.0557	0.0001	0.0698	0.0192	0.1810	0.0077	0.0104	0.0010	0.0134	0.0153	0.0013	0.0004	0.0000	0.0009	0.7793	0.0380	-0.0000	-0.0004	8.6129	0.0063	5.1709	4.3641	0.0001	0.0000	0.0000	0.0000	0.0000	0.0000	0.0000	0.0000	0.0000	0.0010	0.0010	0.0000	0.0010	0.0010	0.0000	0.0000	0.0000	0.0000	0.0014	0.0012	0.0002	0.0007	0.0007	0.0000	0.0007	0.0005	0.0002	0.1284	0.0924	0.0360	0.0723	0.0626	0.0097	0.0561	0.0298	0.0263	7.8501	3.9969	150.1145	3.9348	3.6480	0.0428	158.5394	540.9499	201.3695	0.0077	0.0104	0.0010	0.0134	0.0153	0.0013	0.0004	0.0000	0.0009
113	165	0.5583	7	0	0	0	0	0	0	0	0	N	N	N	N	N	N	N	N	N	N	N	N	80.4482	116.5131	122.1057	124.9957	189.2790	0.0619	53.3773	51.6595	137.8443	1.0865	0.6265	4.3443	1.4196	1.4966	0.0019	0.8784	0.0060	5.1723	0.0135	0.0054	0.0356	0.0114	0.0079	0.0314	0.0165	0.0001	0.0375	0.9792	2.4369	0.0150	0.0014	8.6129	2.5207	5.1709	10.0226	0.2794	0.1412	0.1382	0.1404	0.1404	0.0000	0.1390	0.0008	0.1382	0.0054	0.0016	0.0038	0.0026	0.0016	0.0011	0.0028	0.0000	0.0028	0.2571	0.2253	0.0318	0.0989	0.0938	0.0051	0.1582	0.1315	0.0267	0.3988	0.2915	0.1073	0.2307	0.1968	0.0339	0.1681	0.0946	0.0734	80.4482	116.5131	122.1057	124.9957	189.2790	0.0619	53.3773	51.6595	137.8443	0.0135	0.0054	0.0356	0.0114	0.0079	0.0314	0.0165	0.0001	0.0375
113	166	0.5427	6	0	0	0	0	0	0	0	0	N	N	N	N	N	N	N	N	N	N	N	N	0.9317	0.6847	6.8841	1.0430	0.7709	17.4912	2.8700	3.1470	0.3468	0.0301	0.0285	0.0431	0.0496	0.0423	0.1663	0.0128	0.0149	0.0014	0.0323	0.0417	0.0063	0.0475	0.0548	0.0095	0.0045	0.0047	0.0041	0.1861	0.0538	-0.0026	-0.0045	8.6129	2.6894	5.1709	4.6619	0.0092	0.0077	0.0014	0.0071	0.0057	0.0014	0.0021	0.0020	0.0000	0.0110	0.0105	0.0006	0.0105	0.0102	0.0003	0.0005	0.0003	0.0002	0.3049	0.2715	0.0334	0.1437	0.1352	0.0084	0.1612	0.1362	0.0250	0.3414	0.2514	0.0900	0.2209	0.1853	0.0356	0.1204	0.0661	0.0543	0.9317	0.6847	6.8841	1.0430	0.7709	17.4912	2.8700	3.1470	0.3468	0.0323	0.0417	0.0063	0.0475	0.0548	0.0095	0.0045	0.0047	0.0041
113	167	0.5043	5	0	0	0	0	0	0	0	0	N	N	N	N	N	N	N	N	N	N	N	N	2.1742	1.7986	0.6431	3.1892	2.8581	2.5502	3.2415	3.9141	0.5128	0.1177	0.1324	0.0079	0.2691	0.2824	0.0065	0.0491	0.0563	0.0081	0.0541	0.0736	0.0123	0.0844	0.0988	0.0025	0.0151	0.0144	0.0158	0.0080	0.0776	-0.0105	-0.0072	8.6129	2.7966	5.1709	8.5340	0.0242	0.0240	0.0002	0.0172	0.0172	0.0000	0.0069	0.0068	0.0002	0.0186	0.0173	0.0013	0.0164	0.0163	0.0001	0.0023	0.0010	0.0013	0.2053	0.1810	0.0243	0.0640	0.0609	0.0031	0.1413	0.1201	0.0212	0.3444	0.2349	0.1095	0.1939	0.1648	0.0291	0.1505	0.0701	0.0804	2.1742	1.7986	0.6431	3.1892	2.8581	2.5502	3.2415	3.9141	0.5128	0.0541	0.0736	0.0123	0.0844	0.0988	0.0025	0.0151	0.0144	0.0158
114	115	0.5242	6	1	0	1	0	0	0	0	0	N	N	N	N	N	N	N	N	N	N	N	N	0.0000	0.0000	0.0662	0.0002	0.0000	0.7880	0.0000	0.0000	0.0059	0.0000	0.0000	0.0002	0.0001	0.0000	0.0015	0.0000	0.0000	0.0000	0.9680	1.3769	0.0036	0.7128	0.9030	0.0019	1.3854	2.4670	0.0050	162.5653	0.0011	0.0000	-0.2015	16.8607	1.0009	22.7724	4.0038	0.0000	0.0000	0.0000	0.0000	0.0000	0.0000	0.0000	0.0000	0.0000	0.4406	0.4401	0.0005	0.2013	0.2012	0.0001	0.2393	0.2389	0.0004	0.1210	0.1051	0.0159	0.0316	0.0292	0.0023	0.0894	0.0758	0.0136	0.4551	0.3196	0.1355	0.2824	0.2228	0.0596	0.1727	0.0968	0.0759	0.0000	0.0000	0.0662	0.0002	0.0000	0.7880	0.0000	0.0000	0.0059	0.9680	1.3769	0.0036	0.7128	0.9030	0.0019	1.3854	2.4670	0.0050
114	116	0.4959	5	1	0	1	0	0	0	0	0	N	N	N	N	N	N	N	N	N	N	N	N	0.0228	0.0235	0.0512	0.0318	0.0250	0.0871	0.0489	0.0565	0.0834	0.0195	0.0059	0.1109	0.0473	0.0087	0.5863	0.0060	0.0044	0.0143	0.8530	0.2501	2.1659	1.4862	0.3462	6.7329	0.1218	0.0773	0.1714	2.8075	3.9781	0.0016	0.2176	16.8607	1.8441	22.7724	10.4794	0.0053	0.0014	0.0039	0.0042	0.0007	0.0035	0.0011	0.0007	0.0004	0.6386	0.1283	0.5103	0.5963	0.1141	0.4822	0.0423	0.0142	0.0281	0.2718	0.2367	0.0352	0.0887	0.0828	0.0059	0.1831	0.1539	0.0292	0.7487	0.5130	0.2356	0.4012	0.3296	0.0716	0.3474	0.1834	0.1640	0.0228	0.0235	0.0512	0.0318	0.0250	0.0871	0.0489	0.0565	0.0834	0.8530	0.2501	2.1659	1.4862	0.3462	6.7329	0.1218	0.0773	0.1714
114	117	0.2079	3	0	1	0	1	0	0	0	0	N	N	N	N	N	N	N	N	N	N	N	N	0.9434	2.6537	0.0157	1.7427	1.7431	0.0443	0.7016	16.7470	0.0151	0.5599	0.6717	0.0191	0.6805	0.7069	0.0089	0.5145	0.6553	0.0198	0.5935	0.2531	1.2181	0.3905	0.4056	0.2006	0.7334	0.0391	1.3128	0.0059	2.6221	-0.4264	0.5081	16.8607	10.5071	22.7724	20.2622	0.9797	0.9740	0.0057	0.3254	0.3253	0.0002	0.6543	0.6487	0.0056	1.9136	0.5283	1.3853	0.5138	0.4943	0.0194	1.3998	0.0340	1.3659	1.7498	1.4501	0.2998	0.4782	0.4601	0.0181	1.2716	0.9900	0.2817	3.2245	2.0873	1.1372	1.3157	1.2189	0.0968	1.9088	0.8684	1.0404	0.9434	2.6537	0.0157	1.7427	1.7431	0.0443	0.7016	16.7470	0.0151	0.5935	0.2531	1.2181	0.3905	0.4056	0.2006	0.7334	0.0391	1.3128
114	118	0.4440	4	0	1	0	1	0	0	0	0	N	N	N	N	N	N	N	N	N	N	N	N	0.0292	0.0287	0.0596	0.0358	0.0324	0.0514	0.0223	0.0593	0.0505	0.0379	0.0197	0.1513	0.0280	0.0302	0.0015	0.0405	0.0167	0.1703	1.2965	0.6880	2.5377	0.7829	0.9301	0.0295	1.8151	0.2823	3.3718	1.2303	1.8080	0.0018	0.3805	16.8607	4.0036	22.7724	26.5072	0.0161	0.0072	0.0089	0.0025	0.0025	0.0000	0.0136	0.0048	0.0089	2.0513	0.7305	1.3208	0.6224	0.6186	0.0038	1.4289	0.1120	1.3170	0.4247	0.3660	0.0587	0.0881	0.0815	0.0066	0.3365	0.2845	0.0521	1.5822	1.0617	0.5205	0.7950	0.6651	0.1299	0.7873	0.3967	0.3906	0.0292	0.0287	0.0596	0.0358	0.0324	0.0514	0.0223	0.0593	0.0505	1.2965	0.6880	2.5377	0.7829	0.9301	0.0295	1.8151	0.2823	3.3718
114	119	0.4825	5	0	1	0	0	0	0	0	0	N	N	N	N	N	N	N	N	N	N	N	N	0.0292	0.0133	0.6895	0.0409	0.0475	0.0057	0.0202	0.0062	2.0008	0.0225	0.0140	0.0859	0.0077	0.0080	0.0017	0.0313	0.0181	0.1001	0.7701	1.0476	0.1246	0.1873	0.1675	0.2881	1.5466	2.9375	0.0500	0.8218	0.0511	0.0001	-0.4744	16.8607	3.8169	22.7724	21.2433	0.0132	0.0072	0.0059	0.0017	0.0017	0.0000	0.0115	0.0056	0.0059	1.1579	1.1016	0.0563	0.1609	0.1201	0.0408	0.9970	0.9814	0.0155	0.5859	0.5168	0.0691	0.2188	0.2088	0.0099	0.3671	0.3079	0.0592	1.5036	1.0515	0.4521	0.8590	0.7174	0.1416	0.6446	0.3341	0.3105	0.0292	0.0133	0.6895	0.0409	0.0475	0.0057	0.0202	0.0062	2.0008	0.7701	1.0476	0.1246	0.1873	0.1675	0.2881	1.5466	2.9375	0.0500
114	120	0.2613	5	0	1	0	0	0	0	0	0	N	N	N	N	N	N	N	N	N	N	N	N	0.6747	0.5865	0.1188	0.4344	0.4244	0.0087	0.7787	0.5907	0.1273	0.5186	0.5943	0.0349	0.3631	0.3873	0.0018	0.5655	0.6637	0.0389	0.7687	1.0132	0.2940	0.8357	0.9126	0.2105	0.7262	1.1235	0.3059	0.0092	0.1495	-0.4748	-0.9980	16.8607	16.3276	22.7724	34.9199	1.0991	1.0891	0.0100	0.1783	0.1783	0.0001	0.9208	0.9108	0.0100	3.0399	2.6446	0.3954	1.2811	1.2457	0.0353	1.7589	1.3988	0.3600	2.1194	1.8326	0.2868	0.4911	0.4602	0.0309	1.6282	1.3724	0.2559	3.9548	2.6101	1.3447	1.5329	1.3650	0.1678	2.4219	1.2450	1.1769	0.6747	0.5865	0.1188	0.4344	0.4244	0.0087	0.7787	0.5907	0.1273	0.7687	1.0132	0.2940	0.8357	0.9126	0.2105	0.7262	1.1235	0.3059
114	121	0.2439	4	0	1	0	0	0	0	0	0	N	N	N	N	N	N	N	N	N	N	N	N	3.8820	3.9273	1.8507	1.4769	1.5186	0.6769	4.9681	4.8936	2.0247	2.0739	2.2798	0.8169	0.8820	0.9037	0.4188	2.4216	2.7411	0.8477	0.5342	0.5805	0.4414	0.5972	0.5951	0.6187	0.4874	0.5601	0.4187	0.0587	0.3789	-0.7067	-0.2568	16.8607	6.1757	22.7724	14.5601	1.8324	1.7308	0.1016	0.1760	0.1722	0.0037	1.6564	1.5586	0.0979	1.3989	1.0145	0.3844	0.6669	0.6057	0.0612	0.7320	0.4088	0.3232	0.8835	0.7592	0.1244	0.1995	0.1906	0.0089	0.6840	0.5686	0.1154	2.6185	1.7476	0.8709	1.1167	1.0177	0.0990	1.5018	0.7299	0.7719	3.8820	3.9273	1.8507	1.4769	1.5186	0.6769	4.9681	4.8936	2.0247	0.5342	0.5805	0.4414	0.5972	0.5951	0.6187	0.4874	0.5601	0.4187
114	122	0.1909	3	0	0	0	0	0	0	0	0	N	N	N	N	N	N	N	N	N	N	N	N	1.8344	1.4836	3.3626	0.3210	0.2877	1.5253	2.6163	4.5209	3.4269	1.4730	0.9363	3.7109	0.2796	0.2570	0.7999	1.9906	1.3176	3.9140	0.8030	0.6311	1.1036	0.8712	0.8931	0.5245	0.7609	0.2914	1.1421	0.9504	0.9998	0.0965	0.1096	16.8607	7.5400	22.7724	21.4192	2.0907	1.0719	1.0188	0.1201	0.1057	0.0143	1.9706	0.9662	1.0044	2.6362	1.3183	1.3179	1.0923	1.0532	0.0391	1.5439	0.2650	1.2788	1.4193	1.1448	0.2745	0.4294	0.4115	0.0179	0.9899	0.7333	0.2566	3.2829	2.0887	1.1942	1.2538	1.1793	0.0746	2.0291	0.9094	1.1197	1.8344	1.4836	3.3626	0.3210	0.2877	1.5253	2.6163	4.5209	3.4269	0.8030	0.6311	1.1036	0.8712	0.8931	0.5245	0.7609	0.2914	1.1421
114	123	0.5180	6	0	1	0	0	0	0	0	0	N	N	N	N	N	N	N	N	N	N	N	N	0.0058	0.0071	0.0034	0.0082	0.0126	0.0000	0.0133	0.0106	0.0258	0.0008	0.0009	0.0007	0.0019	0.0020	0.0000	0.0004	0.0004	0.0008	0.1448	0.1208	0.1972	0.2285	0.1628	0.4977	0.0339	0.0366	0.0308	0.1176	0.7453	-0.0001	-0.0057	16.8607	4.0019	22.7724	19.5615	0.0004	0.0003	0.0000	0.0002	0.0002	0.0000	0.0001	0.0001	0.0000	0.1806	0.1035	0.0771	0.1624	0.0930	0.0694	0.0182	0.0104	0.0077	0.4559	0.3955	0.0604	0.1225	0.1125	0.0100	0.3334	0.2830	0.0504	1.2472	0.8563	0.3909	0.7107	0.5714	0.1394	0.5364	0.2849	0.2515	0.0058	0.0071	0.0034	0.0082	0.0126	0.0000	0.0133	0.0106	0.0258	0.1448	0.1208	0.1972	0.2285	0.1628	0.4977	0.0339	0.0366	0.0308
114	124	0.4959	5	0	0	0	0	0	0	0	0	N	N	N	N	N	N	N	N	N	N	N	N	0.0678	0.0626	0.0096	0.0982	0.0963	0.0005	0.0566	0.0486	0.0160	0.0115	0.0130	0.0008	0.0226	0.0241	0.0001	0.0055	0.0064	0.0009	0.1692	0.2085	0.0829	0.2299	0.2500	0.1365	0.0973	0.1316	0.0590	0.0089	0.1808	-0.0010	-0.0315	16.8607	1.2223	22.7724	8.2281	0.0023	0.0023	0.0000	0.0016	0.0016	0.0000	0.0007	0.0007	0.0000	0.1032	0.0874	0.0158	0.0761	0.0680	0.0080	0.0271	0.0194	0.0078	0.2014	0.1756	0.0258	0.0705	0.0661	0.0044	0.1309	0.1095	0.0214	0.6099	0.4192	0.1906	0.3309	0.2721	0.0588	0.2790	0.1471	0.1318	0.0678	0.0626	0.0096	0.0982	0.0963	0.0005	0.0566	0.0486	0.0160	0.1692	0.2085	0.0829	0.2299	0.2500	0.1365	0.0973	0.1316	0.0590
114	125	0.4440	4	0	0	0	0	0	0	0	0	N	N	N	N	N	N	N	N	N	N	N	N	5.6510	18.0354	0.0157	24.8387	30.0255	0.0181	2.2475	119.7622	0.0142	3.0255	3.5062	0.0193	8.1868	8.8513	0.0094	1.6784	1.9807	0.0205	0.5354	0.1944	1.2228	0.3296	0.2948	0.5168	0.7468	0.0165	1.4452	0.0009	3.1203	-0.8404	0.1676	16.8607	5.9920	22.7724	12.2976	1.9090	1.9073	0.0017	1.0691	1.0690	0.0001	0.8398	0.8382	0.0016	0.5606	0.1360	0.4245	0.1749	0.1319	0.0430	0.3857	0.0042	0.3815	0.6310	0.5440	0.0870	0.1306	0.1208	0.0098	0.5004	0.4232	0.0772	1.0470	0.6998	0.3472	0.5305	0.4473	0.0832	0.5165	0.2525	0.2640	5.6510	18.0354	0.0157	24.8387	30.0255	0.0181	2.2475	119.7622	0.0142	0.5354	0.1944	1.2228	0.3296	0.2948	0.5168	0.7468	0.0165	1.4452
114	126	0.4812	6	0	1	0	0	0	0	0	0	N	N	N	N	N	N	N	N	N	N	N	N	0.0352	0.2337	0.0019	0.1300	0.3270	0.0092	0.0145	0.4315	0.0007	0.0543	0.0616	0.0080	0.1158	0.1219	0.0379	0.0313	0.0367	0.0030	1.5449	0.2638	4.1894	0.8913	0.3727	4.1047	2.1631	0.0852	4.2115	0.0205	7.6939	-0.0135	0.8928	16.8607	5.0407	22.7724	17.1705	0.0321	0.0315	0.0006	0.0186	0.0182	0.0004	0.0135	0.0133	0.0002	2.0928	0.2407	1.8521	0.5869	0.2113	0.3756	1.5059	0.0294	1.4765	0.5914	0.5107	0.0807	0.1609	0.1494	0.0115	0.4305	0.3614	0.0691	1.3547	0.9126	0.4421	0.6585	0.5670	0.0915	0.6962	0.3456	0.3506	0.0352	0.2337	0.0019	0.1300	0.3270	0.0092	0.0145	0.4315	0.0007	1.5449	0.2638	4.1894	0.8913	0.3727	4.1047	2.1631	0.0852	4.2115
114	127	0.4652	5	0	1	0	0	0	0	0	0	N	N	N	N	N	N	N	N	N	N	N	N	0.0120	0.0036	0.3033	0.0039	0.0037	0.0151	0.1238	0.2232	0.3092	0.0161	0.0067	0.0727	0.0102	0.0107	0.0017	0.0183	0.0050	0.0821	1.3379	1.8490	0.2399	2.5843	2.8896	0.1133	0.1478	0.0223	0.2656	1.8094	0.0604	0.0008	-0.3570	16.8607	1.9703	22.7724	6.2034	0.0040	0.0014	0.0026	0.0007	0.0007	0.0000	0.0034	0.0008	0.0026	0.8892	0.8386	0.0506	0.8390	0.8349	0.0040	0.0503	0.0037	0.0466	0.2514	0.2156	0.0358	0.0682	0.0640	0.0042	0.1833	0.1516	0.0316	0.6646	0.4535	0.2111	0.3246	0.2889	0.0357	0.3400	0.1646	0.1754	0.0120	0.0036	0.3033	0.0039	0.0037	0.0151	0.1238	0.2232	0.3092	1.3379	1.8490	0.2399	2.5843	2.8896	0.1133	0.1478	0.0223	0.2656
114	128	0.4440	4	0	0	0	0	0	0	0	0	N	N	N	N	N	N	N	N	N	N	N	N	0.0108	0.0115	0.0220	0.0069	0.0192	0.0002	0.0414	0.0391	0.1255	0.0045	0.0022	0.0188	0.0049	0.0052	0.0008	0.0044	0.0013	0.0211	0.4157	0.1916	0.8561	0.7135	0.2727	3.4117	0.1063	0.0336	0.1679	1.3801	2.2729	0.0001	0.0589	16.8607	1.1032	22.7724	7.8190	0.0005	0.0002	0.0003	0.0001	0.0001	0.0000	0.0004	0.0001	0.0003	0.2494	0.0762	0.1732	0.2181	0.0717	0.1465	0.0313	0.0045	0.0268	0.1196	0.1030	0.0166	0.0251	0.0233	0.0019	0.0945	0.0797	0.0148	0.6001	0.3978	0.2023	0.3057	0.2628	0.0429	0.2944	0.1350	0.1594	0.0108	0.0115	0.0220	0.0069	0.0192	0.0002	0.0414	0.0391	0.1255	0.4157	0.1916	0.8561	0.7135	0.2727	3.4117	0.1063	0.0336	0.1679
114	129	0.2202	4	0	1	0	0	0	0	0	0	N	N	N	N	N	N	N	N	N	N	N	N	11.5407	0.0269	71.8911	0.5295	0.0417	0.7456	36.8780	0.0023	173.2164	0.0023	0.0000	0.0114	0.0001	0.0000	0.0011	0.0052	0.0000	0.0167	0.0002	0.0002	0.0002	0.0003	0.0002	0.0014	0.0001	0.0002	0.0001	482.4436	0.3833	0.0010	-0.0000	16.8607	1.0033	22.7724	0.8635	0.0017	0.0000	0.0017	0.0001	0.0000	0.0001	0.0017	0.0000	0.0017	0.0002	0.0002	0.0001	0.0002	0.0001	0.0000	0.0001	0.0000	0.0000	0.7466	0.5946	0.1520	0.4254	0.3736	0.0518	0.3212	0.2210	0.1001	1.1932	0.7731	0.4201	0.5879	0.5686	0.0193	0.6053	0.2045	0.4008	11.5407	0.0269	71.8911	0.5295	0.0417	0.7456	36.8780	0.0023	173.2164	0.0002	0.0002	0.0002	0.0003	0.0002	0.0014	0.0001	0.0002	0.0001
114	130	0.1909	3	0	0	0	0	0	0	0	0	N	N	N	N	N	N	N	N	N	N	N	N	5.3533	2.5020	13.1632	2.5202	2.4663	4.5509	7.0481	7.9721	13.3797	1.3836	0.4909	4.8727	0.6957	0.7036	0.5113	1.7288	0.3477	5.1887	0.2585	0.1962	0.3702	0.2761	0.2853	0.1123	0.2453	0.0436	0.3878	2.5399	1.0516	0.4613	0.0382	16.8607	5.5514	22.7724	9.9598	1.6691	0.4715	1.1976	0.2804	0.2719	0.0085	1.3887	0.1996	1.1891	0.7048	0.3435	0.3612	0.3224	0.3154	0.0070	0.3824	0.0281	0.3542	1.2063	0.9605	0.2458	0.4031	0.3865	0.0166	0.8032	0.5741	0.2292	2.7267	1.7508	0.9758	1.1678	1.1054	0.0624	1.5589	0.6455	0.9134	5.3533	2.5020	13.1632	2.5202	2.4663	4.5509	7.0481	7.9721	13.3797	0.2585	0.1962	0.3702	0.2761	0.2853	0.1123	0.2453	0.0436	0.3878
114	131	0.1606	2	0	0	0	0	0	0	0	0	N	N	N	N	N	N	N	N	N	N	N	N	0.5025	0.4471	0.8102	0.6490	0.6729	0.2525	0.4482	0.4799	0.8655	0.3653	0.2743	0.7417	0.5369	0.5668	0.1327	0.2969	0.1303	0.8099	0.7271	0.6134	0.9155	0.8273	0.8422	0.5256	0.6624	0.2715	0.9357	0.6543	0.9000	-0.0281	0.0343	16.8607	9.1969	22.7724	13.4651	0.6169	0.3729	0.2440	0.2586	0.2542	0.0044	0.3583	0.1187	0.2396	2.2402	1.1791	1.0611	0.9999	0.9698	0.0301	1.2403	0.2092	1.0311	1.6887	1.3597	0.3290	0.4816	0.4485	0.0331	1.2071	0.9113	0.2958	3.0812	1.9221	1.1592	1.2087	1.1515	0.0572	1.8725	0.7706	1.1020	0.5025	0.4471	0.8102	0.6490	0.6729	0.2525	0.4482	0.4799	0.8655	0.7271	0.6134	0.9155	0.8273	0.8422	0.5256	0.6624	0.2715	0.9357
114	132	0.5410	8	1	1	0	1	0	0	0	0	N	N	N	N	N	N	N	N	N	N	N	N	34.3577	43.5278	0.0000	7.4688	6.6337	0.0000	21.9969	22.2685	0.0000	0.9877	1.1401	0.0000	0.0130	0.0141	0.0000	1.3262	1.5662	0.0000	0.0287	0.0262	0.0342	0.0017	0.0021	0.0000	0.0603	0.0703	0.0494	0.0000	0.6115	-0.0492	-0.0005	16.8607	1.0000	22.7724	3.0001	0.1115	0.1115	0.0000	0.0004	0.0004	0.0000	0.1111	0.1111	0.0000	0.0059	0.0036	0.0022	0.0002	0.0002	0.0000	0.0057	0.0034	0.0022	0.1129	0.0978	0.0151	0.0291	0.0269	0.0022	0.0838	0.0710	0.0128	0.2035	0.1386	0.0649	0.1097	0.0897	0.0199	0.0939	0.0489	0.0450	34.3577	43.5278	0.0000	7.4688	6.6337	0.0000	21.9969	22.2685	0.0000	0.0287	0.0262	0.0342	0.0017	0.0021	0.0000	0.0603	0.0703	0.0494
114	133	0.2420	6	1	1	0	1	0	0	0	0	N	N	N	N	N	N	N	N	N	N	N	N	0.0001	0.0001	0.0000	0.0012	0.0011	0.0000	0.0000	0.0000	0.0000	0.0010	0.0011	0.0000	0.0035	0.0036	0.0000	0.0000	0.0000	0.0000	9.0939	15.9153	0.7150	2.9019	3.1680	0.9675	8.0946	14.5244	0.6883	0.0000	0.0413	-0.0000	-0.3484	16.8607	0.0006	22.7724	1.9797	0.0000	0.0000	0.0000	0.0000	0.0000	0.0000	0.0000	0.0000	0.0000	0.8319	0.7989	0.0330	0.1061	0.1018	0.0043	0.7258	0.6972	0.0287	0.0001	0.0001	0.0000	0.0000	0.0000	0.0000	0.0001	0.0001	0.0000	0.1262	0.0801	0.0461	0.0366	0.0321	0.0044	0.0897	0.0480	0.0417	0.0001	0.0001	0.0000	0.0012	0.0011	0.0000	0.0000	0.0000	0.0000	6.5909	9.9708	0.7150	2.9019	3.1680	0.9675	8.0946	14.5244	0.6883
114	134	0.2253	5	1	1	0	1	0	0	0	0	N	N	N	N	N	N	N	N	N	N	N	N	0.0000	0.0000	0.0000	0.0000	0.0000	0.0000	0.0000	0.0000	0.0000	0.0000	0.0000	0.0000	0.0000	0.0000	0.0000	0.0000	0.0000	0.0000	0.2909	0.3530	0.1898	0.6694	0.7150	0.2290	0.1831	0.1793	0.1875	0.0312	0.3299	-0.0000	-0.0264	16.8607	2.0077	22.7724	6.0321	0.0000	0.0000	0.0000	0.0000	0.0000	0.0000	0.0000	0.0000	0.0000	0.1255	0.0943	0.0311	0.0640	0.0620	0.0021	0.0614	0.0324	0.0291	0.2349	0.2011	0.0338	0.0349	0.0329	0.0021	0.1999	0.1682	0.0317	0.4312	0.2672	0.1640	0.0956	0.0867	0.0090	0.3356	0.1806	0.1550	0.0000	0.0000	0.0000	0.0000	0.0000	0.0000	0.0000	0.0000	0.0000	0.2909	0.3530	0.1898	0.6694	0.7150	0.2290	0.1831	0.1793	0.1875
114	135	0.2205	5	0	1	0	1	0	0	0	0	N	N	N	N	N	N	N	N	N	N	N	N	32.1115	71.6369	0.0661	241.2490	249.8200	1.7225	13.2376	33.9344	0.0482	2.3908	2.7903	0.0090	8.2005	8.7268	0.0363	1.1873	1.4137	0.0068	0.0745	0.0390	0.1358	0.0340	0.0349	0.0211	0.0897	0.0417	0.1420	0.0005	2.0170	-0.3806	0.0124	16.8607	3.0348	22.7724	9.3583	0.8640	0.8635	0.0005	0.5085	0.5084	0.0001	0.3555	0.3551	0.0003	0.0591	0.0196	0.0395	0.0074	0.0071	0.0003	0.0517	0.0125	0.0392	0.3614	0.3095	0.0519	0.0620	0.0583	0.0038	0.2994	0.2512	0.0482	0.7935	0.5027	0.2908	0.2171	0.2024	0.0148	0.5763	0.3003	0.2760	32.1115	71.6369	0.0661	241.2490	249.8200	1.7225	13.2376	33.9344	0.0482	0.0745	0.0390	0.1358	0.0340	0.0349	0.0211	0.0897	0.0417	0.1420
114	136	0.2062	4	0	0	0	1	0	0	0	0	N	N	N	N	N	N	N	N	N	N	N	N	1.7896	2.0782	0.1499	0.0782	0.0891	0.0154	4.9949	21.8699	0.2338	0.7448	0.8928	0.0591	0.0882	0.1091	0.0014	1.1072	1.3123	0.0957	0.4162	0.4296	0.3944	1.1287	1.2237	0.0940	0.2217	0.0600	0.4093	0.0143	0.5665	-0.0026	-0.0150	16.8607	0.0433	22.7724	6.6805	0.0061	0.0060	0.0001	0.0003	0.0003	0.0000	0.0058	0.0058	0.0001	0.1554	0.0992	0.0562	0.0904	0.0897	0.0006	0.0650	0.0095	0.0555	0.0082	0.0067	0.0015	0.0029	0.0023	0.0006	0.0053	0.0044	0.0009	0.3733	0.2309	0.1425	0.0801	0.0733	0.0067	0.2933	0.1575	0.1357	1.7896	2.0782	0.1499	0.0782	0.0891	0.0154	4.9949	21.8699	0.2338	0.4162	0.4296	0.3944	1.1287	1.2237	0.0940	0.2217	0.0600	0.4093
114	137	0.5706	10	0	1	0	1	0	0	0	0	N	N	N	N	N	N	N	N	N	N	N	N	0.0000	0.0000	0.0000	0.0000	0.0000	0.0000	0.0000	0.0000	0.0000	0.0000	0.0000	0.0000	0.0000	0.0000	0.0000	0.0000	0.0000	0.0000	0.0000	0.0000	16.8607	0.0000	22.7724	0.0000	0.0000	0.0000	0.0000	0.0000	0.0000	0.0000	0.0000	0.0000	0.0000	0.0000	0.0000	0.0000	0.0000	0.0000	0.0000	0.0000	0.0000	0.0000	0.0000	0.0000	0.0000	0.0000	0.0000	0.0000	0.0000	0.0000	0.0000	0.0000	0.0000	0.0000	0.0000	0.0000	0.0000	0.0000	0.0000	0.0000	0.0000	0.0000	0.0000	0.0000	0.0000	0.0000	0.0000	0.0000	0.0000	0.0000	0.0000	0.0000	0.0000	0.0000	0.0000	0.0000	0.0000	0.0000											
114	138	0.5655	9	0	1	0	1	0	0	0	0	N	N	N	N	N	N	N	N	N	N	N	N	188.8613	47.6094	5002.7188	69.8896	59.6482	inf	527.5809	0.1957	4443.2813	0.0630	0.0214	0.4254	0.0283	0.0291	0.0016	0.1356	0.0001	0.5205	0.0003	0.0004	0.0001	0.0004	0.0005	0.0000	0.0003	0.0004	0.0001	2.2843	0.0881	0.0000	-0.0000	16.8607	0.0021	22.7724	2.0000	0.0000	0.0000	0.0000	0.0000	0.0000	0.0000	0.0000	0.0000	0.0000	0.0000	0.0000	0.0000	0.0000	0.0000	0.0000	0.0000	0.0000	0.0000	0.0007	0.0006	0.0001	0.0005	0.0004	0.0000	0.0002	0.0002	0.0001	0.1023	0.0698	0.0325	0.0527	0.0438	0.0089	0.0496	0.0261	0.0236	188.8613	47.6094	5002.7188	69.8896	59.6482	inf	527.5809	0.1957	4443.2813	0.0003	0.0004	0.0001	0.0004	0.0005	0.0000	0.0003	0.0004	0.0001
114	139	0.5553	8	0	0	0	1	0	0	0	0	N	N	N	N	N	N	N	N	N	N	N	N	92.1193	67.1017	228.3810	173.9513	155.6029	408.7818	61.8555	1162.3010	191.9110	4.1517	1.4592	21.6713	5.0007	5.3890	0.1042	3.8641	0.0019	25.1702	0.0451	0.0217	0.0949	0.0287	0.0346	0.0003	0.0625	0.0000	0.1312	2.2826	2.0428	0.1197	0.0020	16.8607	1.0020	22.7724	3.0181	0.4708	0.1434	0.3274	0.1435	0.1433	0.0002	0.3273	0.0001	0.3271	0.0094	0.0031	0.0063	0.0031	0.0031	0.0000	0.0063	0.0000	0.0063	0.1134	0.0983	0.0151	0.0287	0.0266	0.0021	0.0847	0.0717	0.0130	0.2076	0.1414	0.0662	0.1071	0.0888	0.0183	0.1005	0.0526	0.0478	92.1193	67.1017	228.3810	173.9513	155.6029	408.7818	61.8555	1162.3010	191.9110	0.0451	0.0217	0.0949	0.0287	0.0346	0.0003	0.0625	0.0000	0.1312
114	140	0.5410	8	0	1	0	0	0	0	0	0	N	N	N	N	N	N	N	N	N	N	N	N	0.0000	0.0000	0.0000	0.0000	0.0000	0.0000	0.0000	0.0000	0.0000	0.0000	0.0000	0.0000	0.0000	0.0000	0.0000	0.0000	0.0000	0.0000	3.5164	4.6974	1.0594	0.3090	0.3749	0.0129	7.2628	12.5396	1.5235	0.1063	0.0000	-0.2593	16.8607	0.0000	22.7724	4.0001	0.0000	0.0000	0.0000	0.0000	0.0000	0.0000	0.0000	0.0000	0.0000	0.7157	0.6469	0.0688	0.0339	0.0336	0.0003	0.6818	0.6133	0.0685	0.0000	0.0000	0.0000	0.0000	0.0000	0.0000	0.0000	0.0000	0.0000	0.2035	0.1386	0.0649	0.1097	0.0897	0.0199	0.0939	0.0489	0.0450	0.0000	0.0000	0.0000	0.0000	0.0000	0.0000	0.0000	0.0000	0.0000	3.5164	4.6669	1.0594	0.3090	0.3749	0.0129	7.2628	12.5396	1.5235	
114	141	0.2207	4	0	1	0	0	0	0	0	0	N	N	N	N	N	N	N	N	N	N	N	N	0.1660	51.2696	0.1681	137.9314	114.0889	226.0719	0.0252	34.6660	0.0035	0.4910	0.2749	1.7748	2.7531	1.1296	27.7291	0.0962	0.1085	0.0311	2.9588	0.0054	10.5557	0.0200	0.0099	0.1227	3.8118	0.0031	8.8629	1.0866	887.2777	0.0046	0.5303	16.8607	1.0003	22.7724	5.0186	0.0576	0.0276	0.0300	0.0480	0.0185	0.0295	0.0096	0.0091	0.0005	0.9812	0.0011	0.9801	0.0015	0.0007	0.0008	0.9797	0.0004	0.9793	0.1173	0.1004	0.0169	0.0174	0.0164	0.0011	0.0999	0.0840	0.0158	0.3316	0.2060	0.1256	0.0746	0.0679	0.0067	0.2570	0.1380	0.1190	0.1660	51.2696	0.2275	137.9314	114.0889	226.0719	0.0252	34.6660	0.0038	2.9588	0.0054	7.8009	0.0200	0.0099	0.1227	3.8118	0.0031	8.2304
114	142	0.5553	8	0	0	1	1	0	0	0	0	N	N	N	N	N	N	N	N	N	N	N	N	0.7071	0.6151	0.3019	24.4832	26.4055	9.7835	0.0050	0.0032	0.0323	1.5130	1.9296	0.0022	2.5355	3.2986	0.0033	0.0214	0.0265	0.0003	2.1397	3.1372	0.0074	0.1036	0.1249	0.0003	4.2972	8.1719	0.0101	0.0003	0.0011	-0.0000	-0.4445	16.8607	0.0001	22.7724	9.0026	0.0001	0.0001	0.0000	0.0001	0.0001	0.0000	0.0000	0.0000	0.0000	0.9720	0.9710	0.0011	0.0242	0.0242	0.0000	0.9478	0.9468	0.0011	0.0001	0.0001	0.0000	0.0000	0.0000	0.0000	0.0000	0.0000	0.0000	0.4543	0.3095	0.1448	0.2337	0.1936	0.0401	0.2206	0.1159	0.1047	0.7071	0.6151	0.3019	24.4832	26.4055	9.7835	0.0050	0.0032	0.0323	2.1397	3.1372	0.0074	0.1036	0.1249	0.0003	4.2972	8.1719	0.0101
114	143	0.2062	4	0	0	1	1	0	0	0	0	N	N	N	N	N	N	N	N	N	N	N	N	0.0067	0.1547	0.0000	0.0154	0.0368	0.0000	0.0063	0.1439	0.0000	0.0247	0.0288	0.0000	0.0023	0.0025	0.0000	0.0291	0.0346	0.0000	3.6615	0.1863	14.6301	0.1513	0.0684	1.0385	4.6060	0.2403	11.9901	0.0000	30.8140	-0.0026	1.0207	16.8607	2.0061	22.7724	8.0425	0.0058	0.0058	0.0000	0.0001	0.0001	0.0000	0.0057	0.0057	0.0000	2.0006	0.0629	1.9378	0.0175	0.0072	0.0103	1.9831	0.0556	1.9275	0.2351	0.2013	0.0338	0.0392	0.0362	0.0030	0.1960	0.1651	0.0308	0.5464	0.3375	0.2089	0.1158	0.1060	0.0099	0.4306	0.2315	0.1990	0.0067	0.1547	0.0000	0.0154	0.0368	0.0000	0.0063	0.1439	0.0000	3.6615	0.1863	9.2750	0.1513	0.0684	1.0385	4.6060	0.2403	9.6844
114	144	0.1971	3	0	0	0	1	0	0	0	0	N	N	N	N	N	N	N	N	N	N	N	N	74.7954	181.2403	0.9471	27.2917	37.8439	0.0027	98.9157	1249.4317	1.1864	3.1270	3.7792	0.0788	1.4617	1.5919	0.0007	3.6038	4.5011	0.0878	0.0418	0.0209	0.0832	0.0536	0.0421	0.2654	0.0364	0.0036	0.0740	0.0045	2.0209	-0.3847	0.0031	16.8607	1.9550	22.7724	2.1189	0.8809	0.8770	0.0039	0.0917	0.0917	0.0000	0.7892	0.7853	0.0039	0.0148	0.0049	0.0099	0.0059	0.0044	0.0015	0.0089	0.0005	0.0084	0.2817	0.2321	0.0497	0.0627	0.0576	0.0051	0.2190	0.1745	0.0445	0.3540	0.2349	0.1191	0.1111	0.1054	0.0057	0.2429	0.1296	0.1133	74.7954	181.2403	0.9471	27.2917	37.8439	0.0027	98.9157	1249.4317	1.1864	0.0418	0.0209	0.0832	0.0536	0.0421	0.2654	0.0364	0.0036	0.0740
114	145	0.1971	3	0	0	1	1	0	0	0	0	N	N	N	N	N	N	N	N	N	N	N	N	1.9140	1.7432	0.0160	2.8027	2.8692	0.0193	0.0159	0.0190	0.0152	0.3660	0.4429	0.0014	1.6814	1.8292	0.0021	0.0011	0.0010	0.0013	0.1912	0.2541	0.0854	0.5999	0.6375	0.1103	0.0682	0.0544	0.0842	0.0007	0.1996	-0.0486	-0.0672	16.8607	2.1261	22.7724	18.6477	0.1103	0.1102	0.0001	0.1101	0.1100	0.0000	0.0003	0.0002	0.0001	0.2300	0.1918	0.0383	0.1670	0.1648	0.0022	0.0631	0.0270	0.0361	0.3014	0.2489	0.0525	0.0655	0.0602	0.0053	0.2359	0.1887	0.0472	1.2028	0.7547	0.4481	0.2783	0.2585	0.0199	0.9245	0.4962	0.4282	1.9140	1.7432	0.0160	2.8027	2.8692	0.0193	0.0159	0.0190	0.0152	0.1912	0.2541	0.0854	0.5999	0.6375	0.1103	0.0682	0.0544	0.0842
114	146	0.5553	8	0	0	1	1	0	0	0	0	N	N	N	N	N	N	N	N	N	N	N	N	179.0494	159.8274	99.7013	1.0592	0.9242	74.2591	730.7471	7765.9333	83.9952	2.9739	3.3102	0.7818	0.0287	0.0303	0.0097	3.9701	4.5246	0.9067	0.0166	0.0207	0.0078	0.0271	0.0327	0.0001	0.0054	0.0006	0.0108	0.0362	0.1771	-0.2721	-0.0021	16.8607	2.0001	22.7724	5.9880	0.6701	0.6466	0.0234	0.0016	0.0016	0.0000	0.6684	0.6450	0.0234	0.0067	0.0057	0.0010	0.0057	0.0057	0.0000	0.0011	0.0001	0.0010	0.2253	0.1953	0.0300	0.0570	0.0528	0.0042	0.1684	0.1426	0.0258	0.4048	0.2758	0.1290	0.2084	0.1726	0.0357	0.1964	0.1031	0.0933	179.0494	159.8274	99.7013	1.0592	0.9242	74.2591	730.7471	7765.9333	83.9952	0.0166	0.0207	0.0078	0.0271	0.0327	0.0001	0.0054	0.0006	0.0108
114	147	0.5553	8	0	0	1	1	0	0	0	0	N	N	N	N	N	N	N	N	N	N	N	N	0.4125	0.3295	0.3858	0.0191	0.0173	0.0027	0.7788	0.5081	0.4696	0.6917	0.7887	0.0539	0.0414	0.0446	0.0004	0.9101	1.0619	0.0625	1.6768	2.3938	0.1397	2.1698	2.5817	0.1574	1.1687	2.0901	0.1331	0.0104	0.0272	-0.2933	-1.0748	16.8607	9.0001	22.7724	23.0169	0.6807	0.6737	0.0070	0.0102	0.0102	0.0000	0.6705	0.6635	0.0070	2.4887	2.4228	0.0659	1.6345	1.6143	0.0201	0.8543	0.8085	0.0458	0.9841	0.8542	0.1299	0.2474	0.2294	0.0180	0.7367	0.6248	0.1119	1.4843	1.0121	0.4721	0.7533	0.6253	0.1280	0.7310	0.3868	0.3442	0.4125	0.3295	0.3858	0.0191	0.0173	0.0027	0.7788	0.5081	0.4696	1.6768	2.3938	0.1397	2.1698	2.5817	0.1574	1.1687	2.0901	0.1331
114	148	0.5300	7	0	0	0	1	0	0	0	0	N	N	N	N	N	N	N	N	N	N	N	N	59.7079	387.5762	0.0914	223.9795	942.0293	0.1893	0.4944	26.3626	0.0700	3.9775	4.5914	0.0169	15.1531	16.4486	0.0583	0.0323	0.0365	0.0093	0.0666	0.0118	0.1845	0.0677	0.0175	0.3082	0.0654	0.0014	0.1334	0.0006	7.2365	-0.3976	0.0152	16.8607	1.9990	22.7724	7.9526	0.9026	0.9021	0.0005	0.8972	0.8969	0.0003	0.0054	0.0052	0.0002	0.0362	0.0044	0.0318	0.0198	0.0042	0.0155	0.0165	0.0002	0.0163	0.2269	0.1965	0.0305	0.0592	0.0545	0.0047	0.1677	0.1419	0.0258	0.5437	0.3712	0.1725	0.2920	0.2416	0.0504	0.2518	0.1296	0.1221	59.7079	387.5762	0.0914	223.9795	942.0293	0.1893	0.4944	26.3626	0.0700	0.0666	0.0118	0.1845	0.0677	0.0175	0.3082	0.0654	0.0014	0.1334
114	149	0.4980	6	1	1	0	0	0	0	0	0	N	N	N	N	N	N	N	N	N	N	N	N	0.7078	0.0313	3.8677	0.8681	1.1774	0.0203	0.4593	0.0007	3.3109	0.9720	0.0371	6.9862	0.1121	0.1185	0.0058	1.2993	0.0021	7.8948	1.3733	1.1841	1.8063	0.1292	0.1006	0.2845	2.8291	3.2365	2.3845	29.2617	0.6666	0.3569	-0.1038	16.8607	5.3497	22.7724	17.2225	0.6787	0.0224	0.6563	0.0216	0.0215	0.0001	0.6571	0.0009	0.6562	1.7768	1.0661	0.7106	0.0901	0.0593	0.0308	1.6866	1.0068	0.6798	0.6983	0.6043	0.0939	0.1925	0.1817	0.0108	0.5057	0.4226	0.0831	1.2938	0.9004	0.3934	0.6976	0.5893	0.1083	0.5962	0.3111	0.2851	0.7078	0.0313	3.8677	0.8681	1.1774	0.0203	0.4593	0.0007	3.3109	1.3733	1.1841	1.8063	0.1292	0.1006	0.2845	2.8291	3.2365	2.3845
114	150	0.5289	7	0	1	0	0	0	0	0	0	N	N	N	N	N	N	N	N	N	N	N	N	2.0272	0.5730	24.7161	1.0548	0.9627	2.2488	12.9927	0.1053	72.2090	0.7966	0.2838	3.8044	0.6980	0.6863	0.8684	0.8550	0.0074	4.3809	0.3930	0.4954	0.1539	0.6617	0.7129	0.3862	0.0658	0.0704	0.0607	2.2850	0.1332	0.1355	-0.1997	16.8607	3.6794	22.7724	17.4287	0.5325	0.1621	0.3704	0.1735	0.1596	0.0139	0.3591	0.0025	0.3566	0.5858	0.5170	0.0688	0.5416	0.4921	0.0495	0.0442	0.0249	0.0194	0.6685	0.5711	0.0974	0.2486	0.2326	0.0160	0.4200	0.3386	0.0814	1.4908	1.0435	0.4473	0.8184	0.6903	0.1281	0.6724	0.3532	0.3191	2.0272	0.5730	24.7161	1.0548	0.9627	2.2488	12.9927	0.1053	72.2090	0.3930	0.4954	0.1539	0.6617	0.7129	0.3862	0.0658	0.0704	0.0607
114	151	0.4980	6	0	1	0	0	0	0	0	0	N	N	N	N	N	N	N	N	N	N	N	N	3.7592	3.4018	1.6902	1.3188	1.2449	1.8388	27.6053	36.9881	3.0733	2.1054	2.3709	0.3900	1.2320	1.2417	1.0411	2.4735	2.9164	0.3114	0.5601	0.6970	0.2307	0.9342	0.9975	0.5662	0.0896	0.0788	0.1013	0.0255	0.1376	-0.4317	-0.1683	16.8607	3.4464	22.7724	10.1316	1.0370	1.0112	0.0257	0.1799	0.1725	0.0074	0.8571	0.8387	0.0183	0.4988	0.4384	0.0603	0.4634	0.4222	0.0412	0.0353	0.0162	0.0191	0.4925	0.4265	0.0660	0.1460	0.1389	0.0071	0.3465	0.2876	0.0589	0.8906	0.6291	0.2615	0.4961	0.4233	0.0728	0.3945	0.2058	0.1887	3.7592	3.4018	1.6902	1.3188	1.2449	1.8388	27.6053	36.9881	3.0733	0.5601	0.6970	0.2307	0.9342	0.9975	0.5662	0.0896	0.0788	0.1013
114	152	0.2275	6	1	1	0	0	0	0	0	0	N	N	N	N	N	N	N	N	N	N	N	N	0.0000	0.0001	0.0000	0.0000	0.0001	0.0000	0.0000	0.0001	0.0000	0.0000	0.0000	0.0000	0.0000	0.0000	0.0000	0.0000	0.0000	0.0000	3.2776	0.0893	12.7578	2.8202	0.2354	56.4800	3.4088	0.0189	7.3770	0.0786	58.0823	-0.0000	1.1803	16.8607	1.0143	22.7724	12.0086	0.0000	0.0000	0.0000	0.0000	0.0000	0.0000	0.0000	0.0000	0.0000	2.2494	0.0381	2.2113	0.4313	0.0326	0.3987	1.8181	0.0054	1.8127	0.1207	0.1033	0.0174	0.0188	0.0177	0.0011	0.1019	0.0856	0.0163	0.6863	0.4262	0.2601	0.1529	0.1386	0.0144	0.5334	0.2876	0.2457	0.0000	0.0001	0.0000	0.0000	0.0001	0.0000	0.0000	0.0001	0.0000	3.2776	0.0893	8.5025	2.8202	0.2354	27.7567	3.4088	0.0189	7.3770
114	153	0.2253	5	1	1	0	0	0	0	0	0	N	N	N	N	N	N	N	N	N	N	N	N	0.0081	0.0182	0.0003	0.0002	0.0002	0.0000	0.0095	0.0371	0.0003	0.0001	0.0001	0.0000	0.0000	0.0000	0.0000	0.0001	0.0001	0.0000	0.0109	0.0056	0.0195	0.0108	0.0103	0.0149	0.0109	0.0033	0.0198	0.0102	2.1229	-0.0000	0.0001	16.8607	0.9811	22.7724	0.0216	0.0000	0.0000	0.0000	0.0000	0.0000	0.0000	0.0000	0.0000	0.0000	0.0006	0.0002	0.0004	0.0001	0.0001	0.0000	0.0005	0.0001	0.0004	0.1158	0.0991	0.0167	0.0174	0.0164	0.0010	0.0984	0.0827	0.0157	0.0559	0.0347	0.0212	0.0126	0.0114	0.0012	0.0433	0.0233	0.0200	0.0081	0.0182	0.0003	0.0002	0.0002	0.0000	0.0095	0.0371	0.0003	0.0109	0.0056	0.0195	0.0108	0.0103	0.0149	0.0109	0.0033	0.0198
114	154	0.2207	4	1	1	0	0	0	0	0	0	N	N	N	N	N	N	N	N	N	N	N	N	8.3960	4.6924	36.7420	0.2861	0.2557	3.5052	38.7715	341.0199	41.1659	0.4277	0.3007	1.0625	0.0485	0.0469	0.0660	0.5541	0.3964	1.2133	0.0509	0.0641	0.0289	0.1696	0.1832	0.0188	0.0143	0.0012	0.0295	0.7067	0.2694	-0.0000	-0.0015	16.8607	0.0083	22.7724	2.0001	0.0005	0.0003	0.0002	0.0000	0.0000	0.0000	0.0005	0.0003	0.0002	0.0060	0.0047	0.0013	0.0047	0.0046	0.0000	0.0013	0.0001	0.0012	0.0012	0.0010	0.0002	0.0003	0.0003	0.0000	0.0009	0.0007	0.0002	0.1169	0.0732	0.0437	0.0276	0.0253	0.0023	0.0893	0.0479	0.0414	8.3960	4.6924	36.7420	0.2861	0.2557	3.5052	38.7715	341.0199	41.1659	0.0509	0.0641	0.0289	0.1696	0.1832	0.0188	0.0143	0.0012	0.0295
114	155	0.1971	3	0	1	0	0	0	0	0	0	N	N	N	N	N	N	N	N	N	N	N	N	5.2245	74.8668	3.4456	2.3821	0.0943	5.8606	4.9703	184.7640	3.5083	7.1969	6.1079	12.6306	0.4833	0.0138	6.0852	8.8671	7.8333	13.2961	1.3775	0.0816	3.6657	0.2029	0.1463	1.0383	1.7840	0.0424	3.7899	0.4144	25.4475	-0.4178	0.4747	16.8607	2.9180	22.7724	7.4065	2.8210	1.9944	0.8265	0.0377	0.0010	0.0367	2.7832	1.9934	0.7898	0.9421	0.0356	0.9065	0.0357	0.0241	0.0116	0.9064	0.0115	0.8949	0.3920	0.3265	0.0654	0.0781	0.0720	0.0060	0.3139	0.2545	0.0594	0.6839	0.4366	0.2473	0.1758	0.1647	0.0112	0.5081	0.2720	0.2361	5.2245	74.8668	3.4456	2.3821	0.0943	5.8606	4.9703	184.7640	3.5083	1.3775	0.0816	3.6657	0.2029	0.1463	1.0383	1.7840	0.0424	3.7899
114	156	0.1313	2	0	0	0	0	0	0	0	0	N	N	N	N	N	N	N	N	N	N	N	N	1.8235	1.4454	3.1366	1.1813	1.2208	0.6982	2.9620	2.2716	3.4500	0.9381	1.0348	0.6199	1.0764	1.1617	0.0687	0.8573	0.9337	0.6976	0.5145	0.7159	0.1976	0.9112	0.9516	0.0984	0.2894	0.4110	0.2022	0.1820	0.1755	-0.6036	-0.4973	16.8607	8.2479	22.7724	19.7214	2.1021	1.7785	0.3236	0.8896	0.8851	0.0044	1.2125	0.8933	0.3192	1.6090	1.3688	0.2403	1.0314	1.0261	0.0053	0.5776	0.3426	0.2350	2.2407	1.7187	0.5220	0.8265	0.7619	0.0645	1.4142	0.9567	0.4575	3.1276	1.9120	1.2156	1.1319	1.0783	0.0536	1.9956	0.8336	1.1620	1.8235	1.4454	3.1366	1.1813	1.2208	0.6982	2.9620	2.2716	3.4500	0.5145	0.7159	0.1976	0.9112	0.9516	0.0984	0.2894	0.4110	0.2022
114	161	0.5486	10	1	1	0	0	0	0	0	0	N	N	N	N	N	N	N	N	N	N	N	N	0.0000	0.0000	0.0000	0.0000	0.0000	0.0000	0.0000	0.0000	0.0000	0.0000	0.0000	0.0000	0.0000	0.0000	0.0000	0.0000	0.0000	0.0000	0.0223	0.0235	0.0198	0.0034	0.0040	0.0008	0.0445	0.0591	0.0281	0.3856	0.0000	-0.0006	16.8607	0.0002	22.7724	3.0099	0.0000	0.0000	0.0000	0.0000	0.0000	0.0000	0.0000	0.0000	0.0000	0.0035	0.0025	0.0010	0.0003	0.0003	0.0000	0.0032	0.0023	0.0010	0.0001	0.0001	0.0000	0.0001	0.0000	0.0000	0.0000	0.0000	0.0000	0.1568	0.1075	0.0494	0.0845	0.0693	0.0152	0.0723	0.0381	0.0342	0.0000	0.0000	0.0000	0.0000	0.0000	0.0000	0.0000	0.0000	0.0000	0.0223	0.0235	0.0198	0.0034	0.0040	0.0008	0.0445	0.0591	0.0281	
114	162	0.5410	9	1	1	0	0	0	0	0	0	N	N	N	N	N	N	N	N	N	N	N	N	0.0000	0.0000	0.0000	0.0000	0.0000	0.0000	0.0000	0.0000	0.0000	0.0000	0.0000	0.0000	0.0000	0.0000	0.0000	0.0000	0.0000	0.0000	0.0007	0.0009	0.0003	0.0004	0.0005	0.0000	0.0011	0.0017	0.0004	0.1369	0.0000	-0.0000	16.8607	0.9998	22.7724	2.0118	0.0000	0.0000	0.0000	0.0000	0.0000	0.0000	0.0000	0.0000	0.0000	0.0001	0.0001	0.0000	0.0000	0.0000	0.0000	0.0001	0.0001	0.0000	0.1129	0.0978	0.0151	0.0291	0.0268	0.0022	0.0838	0.0709	0.0128	0.1538	0.1048	0.0491	0.0829	0.0678	0.0151	0.0709	0.0369	0.0340	0.0000	0.0000	0.0000	0.0000	0.0000	0.0000	0.0000	0.0000	0.0000	0.0007	0.0009	0.0003	0.0004	0.0005	0.0000	0.0011	0.0017	0.0004	
114	163	0.5410	8	1	1	0	0	0	0	0	0	N	N	N	N	N	N	N	N	N	N	N	N	0.0000	0.0000	0.0000	0.0000	0.0000	0.0000	0.0000	0.0000	0.0000	0.0000	0.0000	0.0000	0.0000	0.0000	0.0000	0.0000	0.0000	0.0000	0.1136	0.1183	0.0922	0.0997	0.0957	0.1467	0.1286	0.1502	0.0767	0.1725	0.0000	-0.0000	16.8607	0.0000	22.7724	0.0003	0.0000	0.0000	0.0000	0.0000	0.0000	0.0000	0.0000	0.0000	0.0000	0.0000	0.0000	0.0000	0.0000	0.0000	0.0000	0.0000	0.0000	0.0000	0.0000	0.0000	0.0000	0.0000	0.0000	0.0000	0.0000	0.0000	0.0000	0.0000	0.0000	0.0000	0.0000	0.0000	0.0000	0.0000	0.0000	0.0000	0.0000	0.0000	0.0000	0.0000	0.0000	0.0000	0.0000	0.0000	0.0000	0.1136	0.1183	0.0922	0.0997	0.0957	0.1467	0.1286	0.1502	0.0767	
114	164	0.5300	7	0	1	0	0	0	0	0	0	N	N	N	N	N	N	N	N	N	N	N	N	6.2606	5.0010	29.2373	0.0407	0.0403	0.0019	137.8099	173.2152	47.9144	0.9026	1.0191	0.4028	0.0103	0.0121	0.0000	1.8703	2.2270	0.6856	0.1442	0.2038	0.0138	0.2525	0.3001	0.0125	0.0136	0.0129	0.0143	0.0921	0.0309	-0.0010	-0.0168	16.8607	0.0063	22.7724	4.3641	0.0027	0.0024	0.0002	0.0000	0.0000	0.0000	0.0027	0.0024	0.0002	0.0392	0.0380	0.0012	0.0375	0.0372	0.0003	0.0017	0.0008	0.0009	0.0030	0.0024	0.0006	0.0015	0.0013	0.0002	0.0014	0.0011	0.0003	0.2717	0.1865	0.0852	0.1485	0.1240	0.0246	0.1232	0.0625	0.0607	6.2606	5.0010	29.2373	0.0407	0.0403	0.0019	137.8099	173.2152	47.9144	0.1442	0.2038	0.0138	0.2525	0.3001	0.0125	0.0136	0.0129	0.0143
114	165	0.4980	6	0	0	0	0	0	0	0	0	N	N	N	N	N	N	N	N	N	N	N	N	10.2316	0.2512	31.2816	0.2492	0.3570	0.0046	10.7447	0.2976	31.7280	2.1302	0.0215	15.8216	0.0363	0.0379	0.0017	3.0916	0.0128	17.5990	0.2082	0.0856	0.5058	0.1457	0.1061	0.3793	0.2877	0.0430	0.5547	113.2494	2.4320	0.4585	0.0439	16.8607	2.5207	22.7724	10.0226	0.8335	0.0073	0.8262	0.0045	0.0045	0.0000	0.8290	0.0028	0.8262	0.1754	0.0511	0.1243	0.0688	0.0428	0.0260	0.1066	0.0083	0.0983	0.3913	0.3390	0.0522	0.1231	0.1178	0.0053	0.2681	0.2212	0.0469	0.8425	0.5967	0.2457	0.4719	0.4033	0.0685	0.3706	0.1934	0.1772	10.2316	0.2512	31.2816	0.2492	0.3570	0.0046	10.7447	0.2976	31.7280	0.2082	0.0856	0.5058	0.1457	0.1061	0.3793	0.2877	0.0430	0.5547
114	166	0.4825	5	0	0	0	0	0	0	0	0	N	N	N	N	N	N	N	N	N	N	N	N	0.7260	0.7242	1.0879	0.8953	1.1524	0.0038	1.1935	0.7299	3.5532	0.1740	0.1515	0.3507	0.2949	0.3074	0.0026	0.0872	0.0232	0.4130	0.2397	0.2093	0.3224	0.3294	0.2667	0.6839	0.0731	0.0317	0.1162	0.2941	0.5667	-0.0172	-0.0157	16.8607	2.6894	22.7724	4.6619	0.0806	0.0623	0.0183	0.0571	0.0570	0.0000	0.0235	0.0052	0.0183	0.1626	0.1038	0.0588	0.1452	0.0999	0.0453	0.0174	0.0039	0.0135	0.4631	0.4109	0.0522	0.1935	0.1856	0.0079	0.2696	0.2253	0.0443	0.6782	0.4958	0.1824	0.4408	0.3746	0.0662	0.2374	0.1213	0.1162	0.7260	0.7242	1.0879	0.8953	1.1524	0.0038	1.1935	0.7299	3.5532	0.2397	0.2093	0.3224	0.3294	0.2667	0.6839	0.0731	0.0317	0.1162
114	167	0.4440	4	0	0	0	0	0	0	0	0	N	N	N	N	N	N	N	N	N	N	N	N	1.8804	5.1907	0.0062	6.0986	15.4961	0.0013	0.0830	1.0704	0.0146	3.0953	3.5893	0.0220	14.6046	15.7863	0.0140	0.0722	0.0813	0.0230	1.6460	0.6915	3.5406	2.3947	1.0187	10.6381	0.8703	0.0759	1.5747	0.0010	2.5799	-0.4076	0.3100	16.8607	2.7966	22.7724	8.5340	0.9260	0.9251	0.0009	0.9089	0.9088	0.0001	0.0171	0.0163	0.0008	1.1819	0.3301	0.8518	0.8750	0.3176	0.5574	0.3069	0.0126	0.2943	0.2992	0.2577	0.0414	0.0622	0.0576	0.0047	0.2369	0.2002	0.0368	0.7180	0.4775	0.2406	0.3654	0.3117	0.0537	0.3526	0.1657	0.1869	1.8804	5.1907	0.0062	6.0986	15.4961	0.0014	0.0830	1.0704	0.0146	1.6460	0.6915	3.5406	2.3947	1.0187	10.3888	0.8703	0.0759	1.5747
115	117	0.3359	4	1	1	1	1	0	0	0	0	N	N	N	N	N	N	N	N	N	N	N	N	0.0049	0.0040	0.0000	1.0790	0.9260	0.0000	0.0000	0.0000	0.0000	0.0046	0.0052	0.0000	0.0167	0.0176	0.0000	0.0001	0.0001	0.0000	0.9259	1.2895	0.0011	0.0155	0.0190	0.0003	2.4006	4.2336	0.0016	0.0000	0.0003	-0.0002	-0.2421	1.0009	10.5071	4.0038	20.2622	0.0004	0.0004	0.0000	0.0004	0.0004	0.0000	0.0000	0.0000	0.0000	0.5286	0.5284	0.0002	0.0055	0.0054	0.0000	0.5231	0.5230	0.0001	0.0909	0.0797	0.0112	0.0247	0.0234	0.0013	0.0662	0.0563	0.0099	0.5709	0.4098	0.1611	0.3530	0.2863	0.0667	0.2179	0.1235	0.0944	0.0049	0.0040	0.0000	1.0790	0.9260	0.0000	0.0000	0.0000	0.0000	0.9259	1.2895	0.0011	0.0155	0.0190	0.0003	2.4006	4.2336	0.0016
115	118	0.0997	3	1	1	1	1	0	0	0	0	N	N	N	N	N	N	N	N	N	N	N	N	0.0000	0.0000	0.0000	0.0000	0.0000	0.0000	0.0000	0.0000	0.0000	0.0000	0.0000	0.0000	0.0000	0.0000	0.0000	0.0006	0.0009	0.0000	0.0020	0.0020	0.0000	0.0000	0.0000	0.0000	0.0000	0.0000	-0.0001	1.0009	4.0036	4.0038	26.5072	0.0000	0.0000	0.0000	0.0000	0.0000	0.0000	0.0000	0.0000	0.0000	0.0002	0.0002	0.0000	0.0002	0.0002	0.0000	0.0000	0.0000	0.0000	0.0273	0.0232	0.0041	0.0020	0.0020	0.0001	0.0253	0.0212	0.0040	0.3377	0.2202	0.1176	0.0979	0.0945	0.0034	0.2398	0.1256	0.1142	0.0000	0.0000	0.0000	0.0000	0.0000	0.0000	0.0000	0.0000	0.0000	0.0006	0.0009	0.0000	0.0020	0.0020	0.0000	0.0000	0.0000	0.0000				
115	119	0.1381	4	1	1	1	0	0	0	0	0	N	N	N	N	N	N	N	N	N	N	N	N	0.0136	0.0000	0.0547	0.0174	0.0000	1.5639	0.0126	0.0000	0.0388	0.0001	0.0000	0.0005	0.0001	0.0000	0.0017	0.0001	0.0000	0.0004	0.0053	0.0031	0.0096	0.0062	0.0064	0.0011	0.0049	0.0001	0.0098	inf	1.7105	0.0000	0.0003	1.0009	3.8169	4.0038	21.2433	0.0000	0.0000	0.0000	0.0000	0.0000	0.0000	0.0000	0.0000	0.0000	0.0018	0.0007	0.0011	0.0007	0.0007	0.0000	0.0011	0.0000	0.0011	0.0390	0.0336	0.0055	0.0091	0.0086	0.0006	0.0299	0.0250	0.0049	0.3355	0.2170	0.1185	0.1054	0.1019	0.0036	0.2301	0.1151	0.1150	0.0136	0.0000	0.0547	0.0174	0.0000	1.5639	0.0126	0.0000	0.0388	0.0053	0.0031	0.0096	0.0062	0.0064	0.0011	0.0049	0.0001	0.0098
115	120	0.4838	8	1	1	1	0	0	0	0	0	N	N	N	N	N	N	N	N	N	N	N	N	0.0210	0.0169	0.0000	0.0428	0.0361	0.0000	0.0000	0.0000	0.0000	0.0106	0.0122	0.0000	0.0344	0.0369	0.0000	0.0000	0.0000	0.0000	0.5061	0.7223	0.0003	0.8034	1.0233	0.0007	0.0001	0.0001	0.0000	0.0000	0.0002	-0.0006	-0.2093	1.0009	16.3276	4.0038	34.9199	0.0014	0.0014	0.0000	0.0014	0.0014	0.0000	0.0000	0.0000	0.0000	0.4569	0.4568	0.0001	0.4569	0.4568	0.0001	0.0000	0.0000	0.0000	0.1347	0.1172	0.0175	0.0416	0.0387	0.0029	0.0931	0.0784	0.0146	0.9027	0.6324	0.2703	0.5686	0.4464	0.1222	0.3341	0.1860	0.1481	0.0210	0.0169	0.0000	0.0428	0.0361	0.0000	0.0000	0.0000	0.0000	0.5061	0.7223	0.0003	0.8034	1.0233	0.0007	0.0001	0.0001	0.0000
115	121	0.4665	7	1	1	1	0	0	0	0	0	N	N	N	N	N	N	N	N	N	N	N	N	0.0342	0.0275	0.0000	0.0011	0.0009	0.0000	0.0339	0.0211	0.0000	0.0277	0.0318	0.0000	0.0007	0.0007	0.0000	0.0381	0.0455	0.0000	0.8088	1.1581	0.0161	0.6289	0.7896	0.0013	1.1225	2.1491	0.0270	0.0000	0.0061	-0.0006	-0.2307	1.0009	6.1757	4.0038	14.5601	0.0014	0.0014	0.0000	0.0000	0.0000	0.0000	0.0014	0.0014	0.0000	0.5101	0.5070	0.0031	0.2521	0.2519	0.0001	0.2580	0.2550	0.0030	0.0520	0.0452	0.0068	0.0145	0.0138	0.0007	0.0375	0.0315	0.0061	0.6307	0.4378	0.1929	0.4008	0.3191	0.0817	0.2299	0.1187	0.1112	0.0342	0.0275	0.0000	0.0011	0.0009	0.0000	0.0339	0.0211	0.0000	0.8088	1.1581	0.0161	0.6289	0.7896	0.0013	1.1225	2.1491	0.0270
115	122	0.4135	6	1	0	1	0	0	0	0	0	N	N	N	N	N	N	N	N	N	N	N	N	0.0002	0.0001	0.0003	0.0000	0.0000	0.0426	0.0002	0.0001	0.0001	0.0002	0.0002	0.0000	0.0000	0.0000	0.0000	0.0002	0.0003	0.0000	0.8368	1.2086	0.0117	0.6406	0.7826	0.0005	1.1342	2.2803	0.0179	0.0032	0.0044	-0.0000	-0.2370	1.0009	7.5400	4.0038	21.4192	0.0000	0.0000	0.0000	0.0000	0.0000	0.0000	0.0000	0.0000	0.0000	0.5221	0.5198	0.0023	0.2409	0.2408	0.0000	0.2812	0.2789	0.0022	0.0668	0.0583	0.0086	0.0207	0.0195	0.0012	0.0461	0.0388	0.0074	0.6239	0.4301	0.1938	0.3760	0.3078	0.0682	0.2479	0.1223	0.1256	0.0002	0.0001	0.0003	0.0000	0.0000	0.0426	0.0002	0.0001	0.0001	0.8368	1.2086	0.0117	0.6406	0.7826	0.0005	1.1342	2.2803	0.0179
115	123	0.0699	3	1	1	1	0	0	0	0	0	N	N	N	N	N	N	N	N	N	N	N	N	0.0000	0.0000	0.0000	0.0000	0.0000	0.0000	0.0000	0.0000	0.0000	0.0000	0.0000	0.0000	0.0000	0.0000	0.0000	0.0000	0.0000	0.0010	0.0001	0.0028	0.0003	0.0001	0.0029	0.0013	0.0000	0.0028	26.9601	0.0000	0.0001	1.0009	4.0019	4.0038	19.5615	0.0000	0.0000	0.0000	0.0000	0.0000	0.0000	0.0000	0.0000	0.0000	0.0003	0.0000	0.0003	0.0000	0.0000	0.0000	0.0003	0.0000	0.0003	0.0294	0.0250	0.0045	0.0017	0.0017	0.0001	0.0277	0.0233	0.0044	0.2836	0.1860	0.0975	0.0830	0.0780	0.0050	0.2005	0.1080	0.0925	0.0000	0.0000	0.0000	0.0000	0.0000	0.0000	0.0000	0.0000	0.0000	0.0010	0.0001	0.0028	0.0003	0.0001	0.0029	0.0013	0.0000	0.0028		
115	124	0.0478	2	1	0	1	0	0	0	0	0	N	N	N	N	N	N	N	N	N	N	N	N	1.9261	1.3891	0.0000	3.2899	3.3309	0.0000	0.1141	5.3426	0.0000	0.0123	0.0145	0.0000	0.0596	0.0611	0.0000	0.0000	0.0000	0.0000	0.0064	0.0105	0.0001	0.0181	0.0183	0.0019	0.0001	0.0000	0.0001	0.0000	0.0086	-0.0001	-0.0006	1.0009	1.2223	4.0038	8.2281	0.0002	0.0002	0.0000	0.0002	0.0002	0.0000	0.0000	0.0000	0.0000	0.0013	0.0013	0.0000	0.0013	0.0013	0.0000	0.0000	0.0000	0.0000	0.0134	0.0113	0.0021	0.0028	0.0027	0.0001	0.0106	0.0086	0.0020	0.1997	0.1205	0.0793	0.0697	0.0688	0.0009	0.1300	0.0517	0.0783	1.9261	1.3891	0.0000	3.2899	3.3309	0.0000	0.1141	5.3426	0.0000	0.0064	0.0105	0.0001	0.0181	0.0183	0.0019	0.0001	0.0000	0.0001
115	126	0.1369	5	1	1	1	0	0	0	0	0	N	N	N	N	N	N	N	N	N	N	N	N	0.0000	0.0000	0.0000	0.0000	0.0000	0.0000	0.0000	0.0000	0.0000	0.0000	0.0000	0.0000	0.0000	0.0000	0.0000	0.0000	0.0000	0.0000	0.0017	0.0022	0.0008	0.0038	0.0043	0.0005	0.0004	0.0001	0.0009	0.1779	0.0000	-0.0002	1.0009	5.0407	4.0038	17.1705	0.0000	0.0000	0.0000	0.0000	0.0000	0.0000	0.0000	0.0000	0.0000	0.0005	0.0004	0.0001	0.0004	0.0004	0.0000	0.0001	0.0000	0.0001	0.0383	0.0324	0.0059	0.0048	0.0046	0.0002	0.0335	0.0278	0.0057	0.2960	0.1991	0.0969	0.1139	0.0995	0.0144	0.1821	0.0995	0.0826	0.0000	0.0000	0.0000	0.0000	0.0000	0.0000	0.0000	0.0000	0.0000	0.0017	0.0022	0.0008	0.0038	0.0043	0.0005	0.0004	0.0001	0.0009	
115	127	0.1209	4	1	1	1	0	0	0	0	0	N	N	N	N	N	N	N	N	N	N	N	N	0.0000	0.0000	0.0000	0.0000	0.0000	0.0000	0.0000	0.0000	0.0000	0.0000	0.0000	0.0000	0.0000	0.0000	0.0000	0.0000	0.0000	0.0000	0.0051	0.0066	0.0017	0.0021	0.0023	0.0004	0.0073	0.0112	0.0019	0.1060	0.0000	-0.0003	1.0009	1.9703	4.0038	6.2034	0.0000	0.0000	0.0000	0.0000	0.0000	0.0000	0.0000	0.0000	0.0000	0.0008	0.0007	0.0001	0.0001	0.0001	0.0000	0.0006	0.0006	0.0001	0.0164	0.0139	0.0026	0.0027	0.0026	0.0001	0.0138	0.0113	0.0025	0.1510	0.1066	0.0444	0.0633	0.0560	0.0073	0.0877	0.0506	0.0371	0.0000	0.0000	0.0000	0.0000	0.0000	0.0000	0.0000	0.0000	0.0000	0.0051	0.0066	0.0017	0.0021	0.0023	0.0004	0.0073	0.0112	0.0019	
115	128	0.0997	3	1	0	1	0	0	0	0	0	N	N	N	N	N	N	N	N	N	N	N	N	0.0000	0.0000	0.0000	0.0000	0.0000	0.0000	0.0000	0.0000	0.0000	0.0000	0.0000	0.0000	0.0000	0.0000	0.0000	0.0000	0.0000	0.0000	0.0033	0.0045	0.0010	0.0070	0.0071	0.0030	0.0015	0.0021	0.0010	0.1219	0.0000	-0.0001	1.0009	1.1032	4.0038	7.8190	0.0000	0.0000	0.0000	0.0000	0.0000	0.0000	0.0000	0.0000	0.0000	0.0004	0.0004	0.0000	0.0003	0.0003	0.0000	0.0001	0.0001	0.0000	0.0077	0.0065	0.0012	0.0006	0.0006	0.0000	0.0071	0.0060	0.0011	0.1229	0.0802	0.0427	0.0387	0.0376	0.0011	0.0842	0.0426	0.0416	0.0000	0.0000	0.0000	0.0000	0.0000	0.0000	0.0000	0.0000	0.0000	0.0033	0.0045	0.0010	0.0070	0.0071	0.0030	0.0015	0.0021	0.0010	
115	129	0.4428	7	1	1	1	0	0	0	0	0	N	N	N	N	N	N	N	N	N	N	N	N	0.0000	0.0000	0.0000	0.0000	0.0000	0.0000	0.0000	0.0000	0.0000	0.0000	0.0000	0.0000	0.0000	0.0000	0.0000	0.0000	0.0000	0.0000	0.0006	0.0008	0.0000	0.0011	0.0012	0.0000	0.0000	0.0000	0.0000	0.0009	0.0000	-0.0000	1.0009	1.0033	4.0038	0.8635	0.0000	0.0000	0.0000	0.0000	0.0000	0.0000	0.0000	0.0000	0.0000	0.0001	0.0001	0.0000	0.0001	0.0001	0.0000	0.0000	0.0000	0.0000	0.0220	0.0199	0.0020	0.0120	0.0114	0.0006	0.0099	0.0085	0.0014	0.1077	0.0815	0.0262	0.0605	0.0556	0.0048	0.0472	0.0258	0.0214	0.0000	0.0000	0.0000	0.0000	0.0000	0.0000	0.0000	0.0000	0.0000	0.0006	0.0008	0.0000	0.0011	0.0012	0.0000	0.0000	0.0000	0.0000	
115	130	0.4135	6	1	0	1	0	0	0	0	0	N	N	N	N	N	N	N	N	N	N	N	N	0.0000	0.0000	0.0000	0.0000	0.0000	0.0008	0.0000	0.0000	0.0000	0.0000	0.0000	0.0000	0.0000	0.0000	0.0000	0.0000	0.0000	0.0000	1.8127	1.3734	2.7943	0.9081	1.0928	0.0308	3.2367	2.1368	4.2437	0.4393	0.9106	-0.0000	0.0175	1.0009	5.5514	4.0038	9.9598	0.0000	0.0000	0.0000	0.0000	0.0000	0.0000	0.0000	0.0000	0.0000	0.9585	0.5017	0.4568	0.2936	0.2919	0.0017	0.6649	0.2098	0.4551	0.0537	0.0469	0.0068	0.0181	0.0171	0.0010	0.0356	0.0298	0.0058	0.5288	0.3653	0.1635	0.3234	0.2671	0.0562	0.2054	0.0982	0.1072	0.0000	0.0000	0.0000	0.0000	0.0000	0.0008	0.0000	0.0000	0.0000	1.8127	1.3734	2.7943	0.9081	1.0928	0.0308	3.2367	2.1368	4.2437
115	131	0.3831	5	1	0	1	0	0	0	0	0	N	N	N	N	N	N	N	N	N	N	N	N	0.0000	0.0000	0.0019	0.0002	0.0000	1.3335	0.0000	0.0000	0.0001	0.0000	0.0000	0.0003	0.0001	0.0000	0.0026	0.0000	0.0000	0.0000	0.9902	1.3859	0.1514	0.8178	0.9749	0.0019	1.2390	2.4925	0.2148	89.1031	0.0516	0.0000	-0.2071	1.0009	9.1969	4.0038	13.4651	0.0000	0.0000	0.0000	0.0000	0.0000	0.0000	0.0000	0.0000	0.0000	0.5060	0.4812	0.0248	0.2469	0.2468	0.0001	0.2591	0.2344	0.0247	0.0778	0.0680	0.0098	0.0207	0.0197	0.0010	0.0571	0.0483	0.0088	0.5110	0.3472	0.1638	0.3019	0.2532	0.0487	0.2091	0.0940	0.1151	0.0000	0.0000	0.0019	0.0002	0.0000	1.3335	0.0000	0.0000	0.0001	0.9902	1.3859	0.1514	0.8178	0.9749	0.0019	1.2390	2.4925	0.2148
115	132	0.1966	7	2	1	1	1	0	0	0	0	Y	N	N	N	N	N	N	N	N	N	N	N	0.0000	0.0000	0.0000	0.0000	0.0000	0.0000	0.0000	0.0000	0.0000	0.0000	0.0000	0.0000	0.0000	0.0000	0.0000	0.0000	0.0000	0.0000	0.0000	0.0000	1.0009	1.0000	4.0038	3.0001	0.0000	0.0000	0.0000	0.0000	0.0000	0.0000	0.0000	0.0000	0.0000	0.0000	0.0000	0.0000	0.0000	0.0000	0.0000	0.0000	0.0000	0.0000	0.0072	0.0060	0.0012	0.0007	0.0006	0.0001	0.0065	0.0055	0.0010	0.0427	0.0261	0.0166	0.0113	0.0108	0.0004	0.0314	0.0153	0.0161	0.0000	0.0000	0.0000	0.0000	0.0000	0.0000	0.0000	0.0000	0.0000	0.0000	0.0000	0.0000	0.0000	0.0000	0.0000	0.0000	0.0000	0.0000											
115	133	0.5956	11	2	1	1	1	0	0	0	0	Y	N	N	N	N	N	N	N	N	N	N	N	0.0000	0.0000	0.0000	0.0000	0.0000	0.0000	0.0000	0.0000	0.0000	0.0000	0.0000	0.0000	0.0000	0.0000	0.0000	0.0000	0.0000	0.0000	0.0000	0.0000	1.0009	0.0006	4.0038	1.9797	0.0000	0.0000	0.0000	0.0000	0.0000	0.0000	0.0000	0.0000	0.0000	0.0000	0.0000	0.0000	0.0000	0.0000	0.0000	0.0000	0.0000	0.0000	0.0000	0.0000	0.0000	0.0000	0.0000	0.0000	0.0000	0.0000	0.0000	0.0204	0.0144	0.0060	0.0130	0.0103	0.0026	0.0074	0.0041	0.0034	0.0000	0.0000	0.0000	0.0000	0.0000	0.0000	0.0000	0.0000	0.0000	0.0000	0.0000	0.0000	0.0000	0.0000	0.0000	0.0000	0.0000	0.0000											
115	134	0.5788	10	2	1	1	1	0	0	0	0	Y	N	N	N	N	N	N	N	N	N	N	N	0.0000	0.0000	0.0000	0.0000	0.0000	0.0000	0.0000	0.0000	0.0000	0.0000	0.0000	0.0000	0.0000	0.0000	0.0000	0.0000	0.0000	0.0000	0.0000	-0.0000	1.0009	2.0077	4.0038	6.0321	0.0000	0.0000	0.0000	0.0000	0.0000	0.0000	0.0000	0.0000	0.0000	0.0000	0.0000	0.0000	0.0000	0.0000	0.0000	0.0000	0.0000	0.0000	0.0142	0.0123	0.0019	0.0043	0.0040	0.0003	0.0098	0.0083	0.0016	0.0771	0.0541	0.0230	0.0489	0.0386	0.0103	0.0283	0.0155	0.0127	0.0000	0.0000	0.0000	0.0000	0.0000	0.0000	0.0000	0.0000	0.0000	0.0000	0.0000	0.0000	0.0000	0.0000	0.0000	0.0000	0.0000	0.0000											
115	135	0.5740	10	1	1	1	1	0	0	0	0	N	N	N	N	N	N	N	N	N	N	N	N	0.0000	0.0000	0.0000	0.0000	0.0000	0.0000	0.0000	0.0000	0.0000	0.0000	0.0000	0.0000	0.0000	0.0000	0.0000	0.0000	0.0000	0.0000	0.0012	0.0017	0.0000	0.0019	0.0023	0.0000	0.0000	0.0000	0.0000	0.0000	0.0000	-0.0001	1.0009	3.0348	4.0038	9.3583	0.0000	0.0000	0.0000	0.0000	0.0000	0.0000	0.0000	0.0000	0.0000	0.0002	0.0002	0.0000	0.0002	0.0002	0.0000	0.0000	0.0000	0.0000	0.0218	0.0188	0.0030	0.0064	0.0059	0.0005	0.0155	0.0129	0.0026	0.1275	0.0895	0.0381	0.0807	0.0642	0.0165	0.0468	0.0252	0.0216	0.0000	0.0000	0.0000	0.0000	0.0000	0.0000	0.0000	0.0000	0.0000	0.0012	0.0017	0.0000	0.0019	0.0023	0.0000	0.0000	0.0000	0.0000	
115	136	0.5597	9	1	0	1	1	0	0	0	0	N	N	N	N	N	N	N	N	N	N	N	N	0.0000	0.0000	0.0000	0.0000	0.0000	0.0000	0.0000	0.0000	0.0000	0.0000	0.0000	0.0000	0.0000	0.0000	0.0000	0.0000	0.0000	0.0000	0.0028	0.0017	0.0055	0.0009	0.0012	0.0000	0.0060	0.0029	0.0097	1.3889	0.0000	0.0000	1.0009	0.0433	4.0038	6.6805	0.0000	0.0000	0.0000	0.0000	0.0000	0.0000	0.0000	0.0000	0.0000	0.0002	0.0001	0.0001	0.0000	0.0000	0.0000	0.0001	0.0000	0.0001	0.0004	0.0003	0.0001	0.0001	0.0001	0.0000	0.0002	0.0002	0.0000	0.0665	0.0465	0.0200	0.0416	0.0328	0.0088	0.0249	0.0137	0.0113	0.0000	0.0000	0.0000	0.0000	0.0000	0.0000	0.0000	0.0000	0.0000	0.0028	0.0017	0.0055	0.0009	0.0012	0.0000	0.0060	0.0029	0.0097	
115	137	0.2263	9	1	1	1	1	0	0	0	0	N	N	N	N	N	N	N	N	N	N	N	N	0.0000	0.0000	0.0000	0.0000	0.0000	0.0000	0.0000	0.0000	0.0000	0.0000	0.0000	0.0000	0.0000	0.0000	0.0000	0.0000	0.0000	0.0000	0.0000	0.0000	1.0009	0.0000	4.0038	0.0000	0.0000	0.0000	0.0000	0.0000	0.0000	0.0000	0.0000	0.0000	0.0000	0.0000	0.0000	0.0000	0.0000	0.0000	0.0000	0.0000	0.0000	0.0000	0.0000	0.0000	0.0000	0.0000	0.0000	0.0000	0.0000	0.0000	0.0000	0.0000	0.0000	0.0000	0.0000	0.0000	0.0000	0.0000	0.0000	0.0000	0.0000	0.0000	0.0000	0.0000	0.0000	0.0000	0.0000	0.0000	0.0000	0.0000	0.0000	0.0000	0.0000	0.0000	0.0000	0.0000	0.0000	0.0000											
115	138	0.2212	8	1	1	1	1	0	0	0	0	N	N	N	N	N	N	N	N	N	N	N	N	0.0000	0.0000	0.0000	0.0000	0.0000	0.0000	0.0000	0.0000	0.0000	0.0000	0.0000	0.0000	0.0000	0.0000	0.0000	0.0000	0.0000	0.0000	0.0000	0.0000	1.0009	0.0021	4.0038	2.0000	0.0000	0.0000	0.0000	0.0000	0.0000	0.0000	0.0000	0.0000	0.0000	0.0000	0.0000	0.0000	0.0000	0.0000	0.0000	0.0000	0.0000	0.0000	0.0000	0.0000	0.0000	0.0000	0.0000	0.0000	0.0000	0.0000	0.0000	0.0221	0.0135	0.0086	0.0065	0.0062	0.0003	0.0156	0.0073	0.0083	0.0000	0.0000	0.0000	0.0000	0.0000	0.0000	0.0000	0.0000	0.0000	0.0000	0.0000	0.0000	0.0000	0.0000	0.0000	0.0000	0.0000	0.0000											
115	139	0.2110	7	1	0	1	1	0	0	0	0	N	N	N	N	N	N	N	N	N	N	N	N	0.0000	0.0000	0.0000	0.0000	0.0000	0.0000	0.0000	0.0000	0.0000	0.0000	0.0000	0.0000	0.0000	0.0000	0.0000	0.0000	0.0000	0.0000	0.0000	0.0000	0.0000	0.0000	inf	0.0000	0.0000	1.0009	1.0020	4.0038	3.0181	0.0000	0.0000	0.0000	0.0000	0.0000	0.0000	0.0000	0.0000	0.0000	0.0000	0.0000	0.0000	0.0000	0.0000	0.0000	0.0000	0.0000	0.0000	0.0072	0.0060	0.0012	0.0007	0.0006	0.0001	0.0065	0.0055	0.0010	0.0446	0.0270	0.0176	0.0128	0.0122	0.0006	0.0318	0.0148	0.0169	0.0000	0.0000	0.0000	0.0000	0.0000	0.0000	0.0000	0.0000	0.0000	0.0000	0.0000	0.0000	0.0000	0.0000	0.0000	0.0000	0.0000	0.0000						
115	140	0.1966	7	1	1	1	0	0	0	0	0	N	N	N	N	N	N	N	N	N	N	N	N	0.0000	0.0000	0.0000	0.0000	0.0000	0.0000	0.0000	0.0000	0.0000	0.0000	0.0000	0.0000	0.0000	0.0000	0.0000	0.0000	0.0000	0.0000	0.0000	0.0000	1.0009	0.0000	4.0038	4.0001	0.0000	0.0000	0.0000	0.0000	0.0000	0.0000	0.0000	0.0000	0.0000	0.0000	0.0000	0.0000	0.0000	0.0000	0.0000	0.0000	0.0000	0.0000	0.0000	0.0000	0.0000	0.0000	0.0000	0.0000	0.0000	0.0000	0.0000	0.0427	0.0261	0.0166	0.0113	0.0108	0.0004	0.0314	0.0153	0.0161	0.0000	0.0000	0.0000	0.0000	0.0000	0.0000	0.0000	0.0000	0.0000	0.0000	0.0000	0.0000	0.0000	0.0000	0.0000	0.0000	0.0000	0.0000											
115	141	0.5743	9	1	1	1	0	0	0	0	0	N	N	N	N	N	N	N	N	N	N	N	N	0.0000	0.0000	0.0000	0.0000	0.0000	0.0000	0.0000	0.0000	0.0000	0.0000	0.0000	0.0000	0.0000	0.0000	0.0000	0.0000	0.0000	0.0000	0.0000	0.0000	0.0000	0.0000	0.0000	0.0000	0.0000	0.0000	0.5815	0.0000	-0.0000	1.0009	1.0003	4.0038	5.0186	0.0000	0.0000	0.0000	0.0000	0.0000	0.0000	0.0000	0.0000	0.0000	0.0000	0.0000	0.0000	0.0000	0.0000	0.0000	0.0000	0.0000	0.0000	0.0071	0.0061	0.0009	0.0022	0.0020	0.0002	0.0049	0.0041	0.0008	0.0586	0.0411	0.0175	0.0371	0.0293	0.0078	0.0215	0.0118	0.0097	0.0000	0.0000	0.0000	0.0000	0.0000	0.0000	0.0000	0.0000	0.0000	0.0000	0.0000	0.0000	0.0000	0.0000	0.0000	0.0000	0.0000	0.0000		
115	142	0.2110	7	1	0	2	1	0	0	0	0	N	N	Y	N	N	N	N	N	N	N	N	N	0.0000	0.0000	0.0000	0.0000	0.0000	0.0000	0.0000	0.0000	0.0000	0.0000	0.0000	0.0000	0.0000	0.0000	0.0000	0.0000	0.0000	0.0000	0.0000	0.0000	0.0000	0.0000	inf	0.0000	0.0000	1.0009	0.0001	4.0038	9.0026	0.0000	0.0000	0.0000	0.0000	0.0000	0.0000	0.0000	0.0000	0.0000	0.0000	0.0000	0.0000	0.0000	0.0000	0.0000	0.0000	0.0000	0.0000	0.0000	0.0000	0.0000	0.0000	0.0000	0.0000	0.0000	0.0000	0.0000	0.0977	0.0593	0.0384	0.0281	0.0267	0.0014	0.0696	0.0326	0.0370	0.0000	0.0000	0.0000	0.0000	0.0000	0.0000	0.0000	0.0000	0.0000	0.0000	0.0000	0.0000	0.0000	0.0000	0.0000	0.0000	0.0000	0.0000						
115	143	0.5597	9	1	0	2	1	0	0	0	0	N	N	Y	N	N	N	N	N	N	N	N	N	0.0000	0.0000	0.0000	0.0000	0.0000	0.0000	0.0000	0.0000	0.0000	0.0000	0.0000	0.0000	0.0000	0.0000	0.0000	0.0000	0.0001	0.0001	0.0000	0.0002	0.0002	0.0000	0.0000	0.0000	0.0000	0.0009	0.0000	-0.0000	1.0009	2.0061	4.0038	8.0425	0.0000	0.0000	0.0000	0.0000	0.0000	0.0000	0.0000	0.0000	0.0000	0.0000	0.0000	0.0000	0.0000	0.0000	0.0000	0.0000	0.0000	0.0000	0.0141	0.0121	0.0019	0.0040	0.0037	0.0003	0.0100	0.0084	0.0016	0.0976	0.0682	0.0295	0.0610	0.0481	0.0129	0.0366	0.0201	0.0165	0.0000	0.0000	0.0000	0.0000	0.0000	0.0000	0.0000	0.0000	0.0000	0.0001	0.0001	0.0000	0.0002	0.0002	0.0000	0.0000	0.0000	0.0000			
115	144	0.5506	8	1	0	1	1	0	0	0	0	N	N	N	N	N	N	N	N	N	N	N	N	0.0000	0.0000	0.0000	0.0000	0.0000	0.0000	0.0000	0.0000	0.0000	0.0000	0.0000	0.0000	0.0000	0.0000	0.0000	0.0000	0.0000	0.0000	0.0015	0.0021	0.0000	0.0022	0.0027	0.0000	0.0005	0.0008	0.0000	0.0006	0.0000	-0.0000	1.0009	1.9550	4.0038	2.1189	0.0000	0.0000	0.0000	0.0000	0.0000	0.0000	0.0000	0.0000	0.0000	0.0001	0.0001	0.0000	0.0001	0.0001	0.0000	0.0000	0.0000	0.0000	0.0147	0.0126	0.0020	0.0049	0.0045	0.0004	0.0097	0.0082	0.0016	0.0534	0.0387	0.0146	0.0318	0.0264	0.0054	0.0216	0.0124	0.0092	0.0000	0.0000	0.0000	0.0000	0.0000	0.0000	0.0000	0.0000	0.0000	0.0015	0.0021	0.0000	0.0022	0.0027	0.0000	0.0005	0.0008	0.0000	
115	145	0.5506	8	1	0	2	1	0	0	0	0	N	N	Y	N	N	N	N	N	N	N	N	N	0.0000	0.0000	0.0000	0.0000	0.0000	0.0000	0.0000	0.0000	0.0000	0.0000	0.0000	0.0000	0.0000	0.0000	0.0000	0.0000	0.0000	0.0000	0.0012	0.0017	0.0000	0.0015	0.0019	0.0000	0.0008	0.0014	0.0000	0.0002	0.0000	-0.0001	1.0009	2.1261	4.0038	18.6477	0.0000	0.0000	0.0000	0.0000	0.0000	0.0000	0.0000	0.0000	0.0000	0.0003	0.0003	0.0000	0.0002	0.0002	0.0000	0.0001	0.0001	0.0000	0.0158	0.0137	0.0022	0.0053	0.0048	0.0005	0.0106	0.0089	0.0017	0.2037	0.1433	0.0604	0.1252	0.0998	0.0254	0.0785	0.0435	0.0350	0.0000	0.0000	0.0000	0.0000	0.0000	0.0000	0.0000	0.0000	0.0000	0.0012	0.0017	0.0000	0.0015	0.0019	0.0000	0.0008	0.0014	0.0000	
115	146	0.2110	7	1	0	2	1	0	0	0	0	N	N	Y	N	N	N	N	N	N	N	N	N	0.0000	0.0000	0.0000	0.0000	0.0000	0.0000	0.0000	0.0000	0.0000	0.0000	0.0000	0.0000	0.0000	0.0003	0.0006	0.0000	0.0012	0.0013	0.0000	0.0000	0.0000	0.0000	0.0000	0.0000	-0.0000	1.0009	2.0001	4.0038	5.9880	0.0000	0.0000	0.0000	0.0000	0.0000	0.0000	0.0000	0.0000	0.0000	0.0000	0.0000	0.0000	0.0000	0.0000	0.0000	0.0000	0.0000	0.0000	0.0143	0.0120	0.0023	0.0014	0.0011	0.0002	0.0129	0.0108	0.0021	0.0871	0.0528	0.0342	0.0250	0.0238	0.0012	0.0620	0.0290	0.0330	0.0000	0.0000	0.0000	0.0000	0.0000	0.0000	0.0000	0.0000	0.0000	0.0003	0.0006	0.0000	0.0012	0.0013	0.0000	0.0000	0.0000	0.0000						
115	147	0.2110	7	1	0	2	1	0	0	0	0	N	N	Y	N	N	N	N	N	N	N	N	N	0.0000	0.0000	0.0000	0.0000	0.0000	0.0000	0.0000	0.0000	0.0000	0.0000	0.0000	0.0000	0.0000	0.0000	0.0000	0.0000	0.0001	0.0002	0.0000	0.0003	0.0003	0.0000	0.0000	0.0000	0.0000	0.0001	0.0000	-0.0000	1.0009	9.0001	4.0038	23.0169	0.0000	0.0000	0.0000	0.0000	0.0000	0.0000	0.0000	0.0000	0.0000	0.0000	0.0000	0.0000	0.0000	0.0000	0.0000	0.0000	0.0000	0.0000	0.0622	0.0523	0.0099	0.0060	0.0050	0.0011	0.0562	0.0473	0.0088	0.3163	0.1933	0.1230	0.0906	0.0862	0.0045	0.2256	0.1071	0.1185	0.0000	0.0000	0.0000	0.0000	0.0000	0.0000	0.0000	0.0000	0.0000	0.0001	0.0002	0.0000	0.0003	0.0003	0.0000	0.0000	0.0000	0.0000			
115	148	0.1856	6	1	0	1	1	0	0	0	0	N	N	N	N	N	N	N	N	N	N	N	N	0.0000	0.0000	0.0000	0.0000	0.0000	0.0000	0.0000	0.0000	0.0000	0.0000	0.0000	0.0000	0.0000	0.0000	0.0000	0.0000	0.0000	0.0000	0.0015	0.0025	0.0000	0.0049	0.0051	0.0001	0.0000	0.0000	0.0000	0.0017	0.0000	-0.0001	1.0009	1.9990	4.0038	7.9526	0.0000	0.0000	0.0000	0.0000	0.0000	0.0000	0.0000	0.0000	0.0000	0.0002	0.0002	0.0000	0.0002	0.0002	0.0000	0.0000	0.0000	0.0000	0.0144	0.0121	0.0023	0.0014	0.0012	0.0003	0.0130	0.0109	0.0021	0.1256	0.0756	0.0500	0.0382	0.0370	0.0012	0.0874	0.0386	0.0487	0.0000	0.0000	0.0000	0.0000	0.0000	0.0000	0.0000	0.0000	0.0000	0.0015	0.0025	0.0000	0.0049	0.0051	0.0001	0.0000	0.0000	0.0000	
115	149	0.1537	5	2	1	1	0	0	0	0	0	Y	N	N	N	N	N	N	N	N	N	N	N	0.0000	0.0000	0.0000	0.0000	0.0000	0.0000	0.0000	0.0000	0.0000	0.0000	0.0000	0.0000	0.0000	0.0000	0.0000	0.0000	0.0000	0.0000	0.0028	0.0038	0.0011	0.0034	0.0034	0.0034	0.0025	0.0041	0.0010	0.1708	0.0000	-0.0002	1.0009	5.3497	4.0038	17.2225	0.0000	0.0000	0.0000	0.0000	0.0000	0.0000	0.0000	0.0000	0.0000	0.0008	0.0006	0.0001	0.0003	0.0003	0.0000	0.0005	0.0004	0.0001	0.0580	0.0478	0.0102	0.0168	0.0132	0.0036	0.0412	0.0346	0.0066	0.2723	0.1708	0.1015	0.0810	0.0780	0.0030	0.1913	0.0929	0.0984	0.0000	0.0000	0.0000	0.0000	0.0000	0.0000	0.0000	0.0000	0.0000	0.0028	0.0038	0.0011	0.0034	0.0034	0.0034	0.0025	0.0041	0.0010	
115	150	0.1845	6	1	1	1	0	0	0	0	0	N	N	N	N	N	N	N	N	N	N	N	N	0.0000	0.0000	0.0000	0.0000	0.0000	0.0000	0.0000	0.0000	0.0000	0.0000	0.0000	0.0000	0.0000	0.0000	0.0000	0.0000	0.0000	0.0000	0.3550	0.5890	0.0001	0.8249	0.8736	0.0000	0.0001	0.0000	0.0001	0.0001	0.0000	-0.0794	1.0009	3.6794	4.0038	17.4287	0.0000	0.0000	0.0000	0.0000	0.0000	0.0000	0.0000	0.0000	0.0000	0.1732	0.1731	0.0000	0.1731	0.1731	0.0000	0.0000	0.0000	0.0000	0.0546	0.0457	0.0089	0.0207	0.0173	0.0034	0.0338	0.0284	0.0055	0.4878	0.2940	0.1938	0.2099	0.1982	0.0117	0.2779	0.0958	0.1821	0.0000	0.0000	0.0000	0.0000	0.0000	0.0000	0.0000	0.0000	0.0000	0.3550	0.5890	0.0001	0.8249	0.8736	0.0000	0.0001	0.0000	0.0001	
115	151	0.1537	5	1	1	1	0	0	0	0	0	N	N	N	N	N	N	N	N	N	N	N	N	0.0000	0.0000	0.0000	0.0000	0.0000	0.0000	0.0000	0.0000	0.0000	0.0000	0.0000	0.0000	0.0000	0.0000	0.0000	0.0000	0.0000	0.0000	0.9156	0.3864	1.8193	0.0036	0.0034	0.0118	1.3425	0.7529	1.8717	2.7580	0.0000	0.0478	1.0009	3.4464	4.0038	10.1316	0.0000	0.0000	0.0000	0.0000	0.0000	0.0000	0.0000	0.0000	0.0000	0.1734	0.0461	0.1273	0.0002	0.0002	0.0000	0.1732	0.0460	0.1273	0.0453	0.0370	0.0083	0.0159	0.0124	0.0036	0.0293	0.0246	0.0047	0.1894	0.1194	0.0700	0.0604	0.0584	0.0020	0.1290	0.0610	0.0680	0.0000	0.0000	0.0000	0.0000	0.0000	0.0000	0.0000	0.0000	0.0000	0.9156	0.3864	1.8193	0.0036	0.0034	0.0118	1.3425	0.7529	1.8717	
115	152	0.5811	11	2	1	1	0	0	0	0	0	Y	N	N	N	N	N	N	N	N	N	N	N	0.0000	0.0000	0.0000	0.0000	0.0000	0.0000	0.0000	0.0000	0.0000	0.0000	0.0000	0.0000	0.0000	0.0000	0.0000	0.0000	0.0000	0.0000	0.0000	0.0000	1.0009	1.0143	4.0038	12.0086	0.0000	0.0000	0.0000	0.0000	0.0000	0.0000	0.0000	0.0000	0.0000	0.0000	0.0000	0.0000	0.0000	0.0000	0.0000	0.0000	0.0000	0.0000	0.0073	0.0063	0.0010	0.0023	0.0021	0.0002	0.0050	0.0042	0.0008	0.1186	0.0840	0.0346	0.0734	0.0592	0.0141	0.0452	0.0248	0.0204	0.0000	0.0000	0.0000	0.0000	0.0000	0.0000	0.0000	0.0000	0.0000	0.0000	0.0000	0.0000	0.0000	0.0000	0.0000	0.0000	0.0000	0.0000											
115	153	0.5788	10	2	1	1	0	0	0	0	0	Y	N	N	N	N	N	N	N	N	N	N	N	0.0000	0.0000	0.0000	0.0000	0.0000	0.0000	0.0000	0.0000	0.0000	0.0000	0.0000	0.0000	0.0000	0.0000	0.0000	0.0000	0.0000	0.0000	0.0000	-0.0000	1.0009	0.9811	4.0038	0.0216	0.0000	0.0000	0.0000	0.0000	0.0000	0.0000	0.0000	0.0000	0.0000	0.0000	0.0000	0.0000	0.0000	0.0000	0.0000	0.0000	0.0000	0.0000	0.0070	0.0061	0.0009	0.0021	0.0020	0.0002	0.0048	0.0041	0.0008	0.0100	0.0070	0.0030	0.0063	0.0050	0.0013	0.0036	0.0020	0.0017	0.0000	0.0000	0.0000	0.0000	0.0000	0.0000	0.0000	0.0000	0.0000	0.0000	0.0000	0.0000	0.0000	0.0000	0.0000	0.0000	0.0000	0.0000											
115	154	0.5743	9	2	1	1	0	0	0	0	0	Y	N	N	N	N	N	N	N	N	N	N	N	0.0000	0.0000	0.0000	0.0000	0.0000	0.0000	0.0000	0.0000	0.0000	0.0000	0.0000	0.0000	0.0000	0.0000	0.0000	0.0000	0.0000	0.0000	0.0000	0.0000	0.0000	0.0000	0.0000	0.0000	0.0000	0.5824	0.0000	-0.0000	1.0009	0.0083	4.0038	2.0001	0.0000	0.0000	0.0000	0.0000	0.0000	0.0000	0.0000	0.0000	0.0000	0.0000	0.0000	0.0000	0.0000	0.0000	0.0000	0.0000	0.0000	0.0000	0.0001	0.0001	0.0000	0.0000	0.0000	0.0000	0.0000	0.0000	0.0000	0.0202	0.0142	0.0060	0.0127	0.0101	0.0026	0.0074	0.0041	0.0034	0.0000	0.0000	0.0000	0.0000	0.0000	0.0000	0.0000	0.0000	0.0000	0.0000	0.0000	0.0000	0.0000	0.0000	0.0000	0.0000	0.0000	0.0000			
115	155	0.5506	8	1	1	1	0	0	0	0	0	N	N	N	N	N	N	N	N	N	N	N	N	0.0000	0.0000	0.0000	0.0000	0.0000	0.0000	0.0000	0.0000	0.0000	0.0000	0.0000	0.0000	0.0000	0.0000	0.0000	0.0000	0.0000	0.0000	0.0009	0.0011	0.0003	0.0014	0.0016	0.0007	0.0000	0.0000	0.0000	0.1004	0.0000	-0.0000	1.0009	2.9180	4.0038	7.4065	0.0000	0.0000	0.0000	0.0000	0.0000	0.0000	0.0000	0.0000	0.0000	0.0001	0.0001	0.0000	0.0001	0.0001	0.0000	0.0000	0.0000	0.0000	0.0213	0.0184	0.0029	0.0069	0.0063	0.0006	0.0144	0.0121	0.0023	0.1120	0.0795	0.0325	0.0683	0.0551	0.0132	0.0437	0.0244	0.0193	0.0000	0.0000	0.0000	0.0000	0.0000	0.0000	0.0000	0.0000	0.0000	0.0009	0.0011	0.0003	0.0014	0.0016	0.0007	0.0000	0.0000	0.0000	
115	156	0.4848	7	1	0	1	0	0	0	0	0	N	N	N	N	N	N	N	N	N	N	N	N	0.0107	0.0086	0.0000	0.0170	0.0146	0.0000	0.7673	0.5239	0.0000	0.0064	0.0073	0.0000	0.0164	0.0175	0.0000	0.0004	0.0005	0.0000	0.5984	0.8444	0.0000	0.9641	1.2039	0.0000	0.0005	0.0009	0.0000	0.0000	0.0000	-0.0002	-0.0911	1.0009	8.2479	4.0038	19.7214	0.0006	0.0006	0.0000	0.0005	0.0005	0.0000	0.0000	0.0000	0.0000	0.1987	0.1987	0.0000	0.1987	0.1987	0.0000	0.0001	0.0001	0.0000	0.0872	0.0769	0.0103	0.0328	0.0307	0.0021	0.0543	0.0462	0.0082	0.3321	0.2354	0.0967	0.2061	0.1650	0.0411	0.1260	0.0703	0.0557	0.0107	0.0086	0.0000	0.0170	0.0146	0.0000	0.7673	0.5239	0.0000	0.5984	0.8444	0.0000	0.9641	1.2039	0.0000	0.0005	0.0009	0.0000
115	157	0.4486	6	1	0	1	0	0	0	0	0	N	N	N	N	N	N	N	N	N	N	N	N	0.0036	0.0029	0.0149	0.0113	0.0097	0.1069	0.0000	0.0000	0.0015	0.0043	0.0050	0.0003	0.0140	0.0151	0.0015	0.0000	0.0000	0.0000	1.2116	1.7020	0.0205	1.2384	1.5561	0.0136	1.1663	2.0502	0.0261	0.0093	0.0050	-0.0001	-0.1748	1.0009	7.4725	4.0038	14.3153	0.0003	0.0003	0.0000	0.0003	0.0003	0.0000	0.0000	0.0000	0.0000	0.3854	0.3835	0.0019	0.2476	0.2471	0.0006	0.1378	0.1365	0.0013	0.0630	0.0547	0.0083	0.0195	0.0179	0.0016	0.0435	0.0368	0.0067	0.3181	0.2253	0.0928	0.2000	0.1588	0.0412	0.1182	0.0666	0.0516	0.0036	0.0029	0.0149	0.0113	0.0097	0.1069	0.0000	0.0000	0.0015	1.2116	1.7020	0.0205	1.2384	1.5561	0.0136	1.1663	2.0502	0.0261
115	158	0.3831	5	1	0	1	0	0	0	0	0	N	N	N	N	N	N	N	N	N	N	N	N	0.0001	0.0000	0.0611	0.0003	0.0002	0.7780	0.0000	0.0000	0.0040	0.0001	0.0000	0.0002	0.0003	0.0002	0.0022	0.0000	0.0000	0.0000	0.8100	1.1893	0.0039	0.8237	0.9903	0.0028	0.7904	1.6993	0.0044	0.7446	0.0016	-0.0000	-0.2118	1.0009	11.6653	4.0038	19.4910	0.0000	0.0000	0.0000	0.0000	0.0000	0.0000	0.0000	0.0000	0.0000	0.4636	0.4628	0.0007	0.2774	0.2772	0.0002	0.1861	0.1856	0.0006	0.0933	0.0813	0.0119	0.0235	0.0223	0.0012	0.0698	0.0591	0.0107	0.5723	0.3892	0.1831	0.3368	0.2800	0.0568	0.2355	0.1092	0.1263	0.0001	0.0000	0.0611	0.0003	0.0002	0.7780	0.0000	0.0000	0.0040	0.8100	1.1893	0.0039	0.8237	0.9903	0.0028	0.7904	1.6993	0.0044
115	159	0.3359	4	1	0	1	0	0	0	0	0	N	N	N	N	N	N	N	N	N	N	N	N	0.0076	0.0002	2.8344	0.0272	0.0006	386.9494	0.0001	0.0000	0.0138	0.0069	0.0002	0.0568	0.0229	0.0006	0.4570	0.0001	0.0000	0.0005	0.9059	1.2505	0.0200	0.8400	1.0342	0.0012	1.0145	1.7599	0.0336	39.7068	0.0062	0.0003	-0.2261	1.0009	7.3933	4.0038	20.5306	0.0005	0.0000	0.0005	0.0005	0.0000	0.0005	0.0000	0.0000	0.0000	0.5001	0.4970	0.0031	0.2886	0.2885	0.0001	0.2115	0.2085	0.0030	0.0715	0.0630	0.0085	0.0215	0.0204	0.0010	0.0500	0.0426	0.0074	0.5520	0.3974	0.1546	0.3435	0.2789	0.0646	0.2085	0.1185	0.0900	0.0076	0.0002	2.8344	0.0272	0.0006	386.9494	0.0001	0.0000	0.0138	0.9059	1.2505	0.0200	0.8400	1.0342	0.0012	1.0145	1.7599	0.0336
115	160	0.0997	3	1	0	1	0	0	0	0	0	N	N	N	N	N	N	N	N	N	N	N	N	0.0001	0.0001	0.0000	0.0000	0.0000	0.0000	0.0001	0.0000	0.0000	0.0001	0.0001	0.0000	0.0000	0.0000	0.0000	0.0001	0.0001	0.0000	0.6632	1.0086	0.0086	0.0021	0.0020	0.0055	0.9207	1.7137	0.0087	0.0000	0.0045	-0.0000	-0.2154	1.0009	27.6416	4.0038	54.6365	0.0000	0.0000	0.0000	0.0000	0.0000	0.0000	0.0000	0.0000	0.0000	0.4745	0.4724	0.0021	0.0004	0.0004	0.0000	0.4741	0.4720	0.0021	0.1692	0.1446	0.0246	0.0123	0.0117	0.0005	0.1569	0.1329	0.0240	0.7155	0.4684	0.2471	0.2006	0.1929	0.0077	0.5149	0.2754	0.2395	0.0001	0.0001	0.0000	0.0000	0.0000	0.0000	0.0001	0.0000	0.0000	0.6632	1.0086	0.0086	0.0021	0.0020	0.0055	0.9207	1.7137	0.0087
115	161	0.2042	9	2	1	1	0	0	0	0	0	Y	N	N	N	N	N	N	N	N	N	N	N	0.0000	0.0000	0.0000	0.0000	0.0000	0.0000	0.0000	0.0000	0.0000	0.0000	0.0000	0.0000	0.0000	0.0000	0.0000	0.0343	0.0000	0.0890	0.0000	0.0000	0.0000	0.0469	0.0000	0.0915	inf	0.0000	0.0006	1.0009	0.0002	4.0038	3.0099	0.0000	0.0000	0.0000	0.0000	0.0000	0.0000	0.0000	0.0000	0.0000	0.0011	0.0000	0.0011	0.0000	0.0000	0.0000	0.0011	0.0000	0.0011	0.0000	0.0000	0.0000	0.0000	0.0000	0.0000	0.0000	0.0000	0.0000	0.0329	0.0202	0.0127	0.0089	0.0085	0.0003	0.0240	0.0117	0.0123	0.0000	0.0000	0.0000	0.0000	0.0000	0.0000	0.0000	0.0000	0.0000	0.0343	0.0000	0.0890	0.0000	0.0000	0.0000	0.0469	0.0000	0.0915				
115	162	0.1966	8	2	1	1	0	0	0	0	0	Y	N	N	N	N	N	N	N	N	N	N	N	0.0000	0.0000	0.0000	0.0000	0.0000	0.0000	0.0000	0.0000	0.0000	0.0000	0.0000	0.0000	0.0000	0.0000	0.0000	0.0001	0.0000	0.0003	0.0000	0.0000	0.0000	0.0001	0.0000	0.0003	299.0000	0.0000	0.0000	1.0009	0.9998	4.0038	2.0118	0.0000	0.0000	0.0000	0.0000	0.0000	0.0000	0.0000	0.0000	0.0000	0.0000	0.0000	0.0000	0.0000	0.0000	0.0000	0.0000	0.0000	0.0000	0.0072	0.0060	0.0012	0.0007	0.0006	0.0001	0.0065	0.0055	0.0010	0.0323	0.0198	0.0125	0.0085	0.0082	0.0003	0.0238	0.0115	0.0122	0.0000	0.0000	0.0000	0.0000	0.0000	0.0000	0.0000	0.0000	0.0000	0.0001	0.0000	0.0003	0.0000	0.0000	0.0000	0.0001	0.0000	0.0003				
115	163	0.1966	7	2	1	1	0	0	0	0	0	Y	N	N	N	N	N	N	N	N	N	N	N	0.0000	0.0000	0.0000	0.0000	0.0000	0.0000	0.0000	0.0000	0.0000	0.0000	0.0000	0.0000	0.0000	0.0000	0.0000	0.0000	0.0000	0.0000	0.0000	0.0000	1.0009	0.0000	4.0038	0.0003	0.0000	0.0000	0.0000	0.0000	0.0000	0.0000	0.0000	0.0000	0.0000	0.0000	0.0000	0.0000	0.0000	0.0000	0.0000	0.0000	0.0000	0.0000	0.0000	0.0000	0.0000	0.0000	0.0000	0.0000	0.0000	0.0000	0.0000	0.0000	0.0000	0.0000	0.0000	0.0000	0.0000	0.0000	0.0000	0.0000	0.0000	0.0000	0.0000	0.0000	0.0000	0.0000	0.0000	0.0000	0.0000	0.0000	0.0000	0.0000	0.0000	0.0000	0.0000	0.0000	0.0000	0.0000											
115	164	0.1856	6	1	1	1	0	0	0	0	0	N	N	N	N	N	N	N	N	N	N	N	N	0.0000	0.0000	0.0000	0.0000	0.0000	0.0000	0.0000	0.0000	0.0000	0.0000	0.0000	0.0000	0.0000	0.0000	0.0000	0.0000	0.0000	0.0000	0.0005	0.0007	0.0001	0.0013	0.0013	0.0024	0.0000	0.0000	0.0000	0.0769	0.0000	-0.0000	1.0009	0.0063	4.0038	4.3641	0.0000	0.0000	0.0000	0.0000	0.0000	0.0000	0.0000	0.0000	0.0000	0.0000	0.0000	0.0000	0.0000	0.0000	0.0000	0.0000	0.0000	0.0000	0.0002	0.0001	0.0000	0.0001	0.0001	0.0000	0.0001	0.0001	0.0000	0.0694	0.0412	0.0282	0.0238	0.0231	0.0007	0.0455	0.0180	0.0275	0.0000	0.0000	0.0000	0.0000	0.0000	0.0000	0.0000	0.0000	0.0000	0.0005	0.0007	0.0001	0.0013	0.0013	0.0024	0.0000	0.0000	0.0000	
115	165	0.1537	5	1	0	1	0	0	0	0	0	N	N	N	N	N	N	N	N	N	N	N	N	0.0000	0.0000	0.0000	0.0000	0.0000	0.0000	0.0000	0.0000	0.0000	0.0000	0.0000	0.0000	0.0000	0.0000	0.0000	0.0000	0.0000	0.0000	0.0014	0.0018	0.0007	0.0032	0.0032	0.0043	0.0006	0.0005	0.0006	0.2337	0.0000	-0.0001	1.0009	2.5207	4.0038	10.0226	0.0000	0.0000	0.0000	0.0000	0.0000	0.0000	0.0000	0.0000	0.0000	0.0003	0.0002	0.0000	0.0002	0.0002	0.0000	0.0001	0.0000	0.0000	0.0390	0.0317	0.0073	0.0155	0.0120	0.0035	0.0235	0.0197	0.0038	0.1795	0.1133	0.0662	0.0579	0.0561	0.0018	0.1216	0.0572	0.0643	0.0000	0.0000	0.0000	0.0000	0.0000	0.0000	0.0000	0.0000	0.0000	0.0014	0.0018	0.0007	0.0032	0.0032	0.0043	0.0006	0.0005	0.0006	
115	166	0.1381	4	1	0	1	0	0	0	0	0	N	N	N	N	N	N	N	N	N	N	N	N	0.0352	0.0000	0.2657	0.0289	0.0000	0.4966	0.0468	0.0000	0.2016	0.0001	0.0000	0.0007	0.0001	0.0000	0.0018	0.0001	0.0000	0.0005	0.0026	0.0026	0.0025	0.0040	0.0040	0.0037	0.0018	0.0009	0.0025	inf	0.5081	0.0000	-0.0000	1.0009	2.6894	4.0038	4.6619	0.0000	0.0000	0.0000	0.0000	0.0000	0.0000	0.0000	0.0000	0.0000	0.0004	0.0003	0.0001	0.0002	0.0002	0.0000	0.0002	0.0000	0.0001	0.0312	0.0269	0.0043	0.0086	0.0081	0.0005	0.0226	0.0188	0.0037	0.1542	0.1002	0.0539	0.0582	0.0566	0.0016	0.0960	0.0436	0.0524	0.0352	0.0000	0.2657	0.0289	0.0000	0.4966	0.0468	0.0000	0.2016	0.0026	0.0026	0.0025	0.0040	0.0040	0.0037	0.0018	0.0009	0.0025
115	167	0.0997	3	1	0	1	0	0	0	0	0	N	N	N	N	N	N	N	N	N	N	N	N	0.0000	0.0000	0.0000	0.0000	0.0000	0.0000	0.0000	0.0000	0.0000	0.0000	0.0000	0.0000	0.0000	0.0000	0.0000	0.0000	0.0000	0.0000	0.0021	0.0026	0.0013	0.0023	0.0022	0.0052	0.0020	0.0028	0.0012	0.2782	0.0000	-0.0001	1.0009	2.7966	4.0038	8.5340	0.0000	0.0000	0.0000	0.0000	0.0000	0.0000	0.0000	0.0000	0.0000	0.0003	0.0002	0.0001	0.0001	0.0001	0.0000	0.0002	0.0001	0.0001	0.0193	0.0163	0.0029	0.0015	0.0014	0.0001	0.0178	0.0150	0.0028	0.1490	0.0972	0.0518	0.0459	0.0446	0.0014	0.1031	0.0526	0.0505	0.0000	0.0000	0.0000	0.0000	0.0000	0.0000	0.0000	0.0000	0.0000	0.0021	0.0026	0.0013	0.0023	0.0022	0.0052	0.0020	0.0028	0.0012	
116	117	0.3164	3	1	1	1	1	0	0	0	0	N	N	N	N	N	N	N	N	N	N	N	N	1.6157	3.7461	0.0001	7.0324	7.8357	0.0005	0.0208	0.0597	0.0001	1.1254	1.3288	0.0001	1.9257	2.3336	0.0001	0.0238	0.0271	0.0002	0.6965	0.3547	1.4783	0.2738	0.2978	0.1268	1.1431	0.4537	1.8976	0.0000	1.8223	-0.1816	0.1125	1.8441	10.5071	10.4794	20.2622	0.4117	0.4117	0.0000	0.4080	0.4080	0.0000	0.0037	0.0037	0.0000	0.6006	0.2128	0.3878	0.1213	0.1134	0.0079	0.4793	0.0994	0.3799	0.3658	0.3098	0.0560	0.2119	0.1748	0.0370	0.1539	0.1350	0.0190	0.8622	0.5999	0.2623	0.4430	0.3808	0.0621	0.4193	0.2191	0.2002	1.6157	3.7461	0.0001	7.0324	7.8357	0.0005	0.0208	0.0597	0.0001	0.6965	0.3547	1.4783	0.2738	0.2978	0.1268	1.1431	0.4537	1.8976
116	118	0.0802	2	1	1	1	1	0	0	0	0	N	N	N	N	N	N	N	N	N	N	N	N	0.0097	0.1111	0.0001	0.3636	0.3631	0.0000	0.0043	0.1467	0.0001	0.0154	0.0182	0.0005	0.1423	0.1511	0.0000	0.0080	0.0094	0.0005	1.5900	0.1637	3.6839	0.3914	0.4161	0.0562	1.8546	0.0641	3.7984	0.0046	15.3250	-0.0003	0.4425	1.8441	4.0036	10.4794	26.5072	0.0007	0.0007	0.0000	0.0004	0.0004	0.0000	0.0004	0.0004	0.0000	0.9212	0.0564	0.8648	0.0410	0.0406	0.0004	0.8802	0.0158	0.8644	0.0483	0.0408	0.0075	0.0027	0.0025	0.0002	0.0456	0.0383	0.0073	0.5793	0.3446	0.2347	0.1048	0.0976	0.0072	0.4746	0.2470	0.2276	0.0097	0.1111	0.0001	0.3636	0.3631	0.0000	0.0043	0.1467	0.0001	1.5900	0.1637	3.6839	0.3914	0.4161	0.0562	1.8546	0.0641	3.7984
116	119	0.1186	3	1	1	1	0	0	0	0	0	N	N	N	N	N	N	N	N	N	N	N	N	0.0135	0.0581	0.0164	0.1130	0.0623	6.9380	0.0071	0.0266	0.0149	0.0490	0.0179	0.2306	0.0913	0.0532	0.8093	0.0317	0.0009	0.1662	3.6404	0.3072	14.0180	0.8078	0.8547	0.1167	4.4338	0.0339	11.1528	2.2184	18.2563	0.0010	0.9708	1.8441	3.8169	10.4794	21.2433	0.0042	0.0013	0.0029	0.0023	0.0013	0.0010	0.0019	0.0000	0.0019	1.9825	0.1030	1.8795	0.0963	0.0954	0.0009	1.8862	0.0076	1.8787	0.0855	0.0730	0.0125	0.0249	0.0237	0.0013	0.0606	0.0494	0.0113	0.5446	0.3351	0.2095	0.1192	0.1116	0.0076	0.4254	0.2235	0.2019	0.0135	0.0581	0.0257	0.1130	0.0623	6.9380	0.0071	0.0266	0.0179	3.6404	0.3072	8.9722	0.8078	0.8547	0.1167	4.4338	0.0339	9.3047
116	120	0.4643	7	1	1	1	0	0	0	0	0	N	N	N	N	N	N	N	N	N	N	N	N	0.0302	0.0232	0.3127	0.0082	0.0071	0.0155	8.2107	14.6990	2.0468	0.0595	0.0644	0.0244	0.0292	0.0305	0.0033	0.0756	0.0852	0.0275	1.9704	2.7748	0.0782	3.5613	4.2799	0.2115	0.0092	0.0058	0.0134	0.0533	0.0120	-0.0067	-0.9651	1.8441	16.3276	10.4794	34.9199	0.0171	0.0162	0.0009	0.0029	0.0029	0.0000	0.0142	0.0133	0.0008	2.1613	2.1357	0.0256	2.1568	2.1341	0.0226	0.0045	0.0016	0.0030	0.2872	0.2518	0.0354	0.0998	0.0954	0.0044	0.1873	0.1564	0.0309	1.0969	0.7697	0.3272	0.6056	0.4986	0.1070	0.4913	0.2711	0.2202	0.0302	0.0232	0.3127	0.0082	0.0071	0.0155	8.2107	14.6990	2.0468	1.9704	2.7748	0.0782	3.5613	4.2799	0.2115	0.0092	0.0058	0.0134
116	121	0.4470	6	1	1	1	0	0	0	0	0	N	N	N	N	N	N	N	N	N	N	N	N	0.0139	0.0089	0.0642	0.0058	0.0053	0.0012	0.0205	0.0134	0.0556	0.0233	0.0170	0.0665	0.0107	0.0111	0.0005	0.0296	0.0204	0.0747	1.6767	1.9227	1.0368	1.8436	2.1159	0.4369	1.4481	1.5297	1.3424	0.5689	0.2073	-0.0002	-0.3450	1.8441	6.1757	10.4794	14.5601	0.0027	0.0017	0.0010	0.0004	0.0004	0.0000	0.0022	0.0013	0.0010	1.2035	0.9968	0.2067	0.7648	0.7354	0.0294	0.4387	0.2614	0.1773	0.1137	0.0993	0.0145	0.0379	0.0363	0.0016	0.0758	0.0630	0.0129	0.7178	0.5184	0.1993	0.4148	0.3476	0.0673	0.3029	0.1709	0.1321	0.0139	0.0089	0.0642	0.0058	0.0053	0.0012	0.0205	0.0134	0.0556	1.6767	1.9227	1.0368	1.8436	2.1159	0.4369	1.4481	1.5297	1.3424
116	122	0.3939	5	1	0	1	0	0	0	0	0	N	N	N	N	N	N	N	N	N	N	N	N	0.0014	0.0012	0.0024	0.0009	0.0006	0.0273	0.0020	0.0029	0.0011	0.0017	0.0016	0.0026	0.0014	0.0009	0.0091	0.0020	0.0020	0.0015	1.2398	1.3005	1.0923	1.4616	1.6516	0.3339	0.9948	0.6930	1.3586	0.2365	0.3449	-0.0001	-0.1979	1.8441	7.5400	10.4794	21.4192	0.0003	0.0002	0.0000	0.0001	0.0000	0.0000	0.0002	0.0002	0.0000	0.9800	0.7287	0.2513	0.6064	0.5865	0.0200	0.3736	0.1422	0.2314	0.1454	0.1272	0.0183	0.0522	0.0495	0.0027	0.0933	0.0777	0.0156	0.7905	0.5604	0.2301	0.4149	0.3551	0.0598	0.3755	0.2053	0.1703	0.0014	0.0012	0.0024	0.0009	0.0006	0.0273	0.0020	0.0029	0.0011	1.2398	1.3005	1.0923	1.4616	1.6516	0.3339	0.9948	0.6930	1.3586
116	123	0.0504	2	1	1	1	0	0	0	0	0	N	N	N	N	N	N	N	N	N	N	N	N	0.0004	0.0103	0.0001	0.0002	0.0000	0.0072	0.0004	0.2924	0.0001	0.0007	0.0008	0.0004	0.0001	0.0000	0.0066	0.0008	0.0010	0.0003	1.9389	0.0761	4.8768	0.3011	0.2333	0.9113	2.3881	0.0033	5.1097	0.0753	40.6196	-0.0000	0.5498	1.8441	4.0019	10.4794	19.5615	0.0001	0.0000	0.0000	0.0000	0.0000	0.0000	0.0001	0.0000	0.0000	1.0621	0.0255	1.0366	0.0355	0.0248	0.0107	1.0266	0.0008	1.0259	0.0744	0.0638	0.0106	0.0121	0.0120	0.0001	0.0624	0.0518	0.0105	0.5478	0.3353	0.2126	0.1179	0.1061	0.0118	0.4299	0.2291	0.2008	0.0004	0.0103	0.0001	0.0002	0.0000	0.0072	0.0004	0.2924	0.0001	1.9389	0.0761	4.8768	0.3011	0.2333	0.9113	2.3881	0.0033	5.1097
116	126	0.1173	4	1	1	1	0	0	0	0	0	N	N	N	N	N	N	N	N	N	N	N	N	0.0235	0.0058	0.2647	0.0079	0.0077	0.0079	0.0341	0.0047	0.2991	0.0074	0.0024	0.0360	0.0036	0.0038	0.0005	0.0090	0.0018	0.0422	0.3133	0.4199	0.1358	0.4523	0.4959	0.0693	0.2629	0.3729	0.1410	2.5689	0.1943	0.0002	-0.0447	1.8441	5.0407	10.4794	17.1705	0.0006	0.0002	0.0005	0.0001	0.0001	0.0000	0.0005	0.0001	0.0005	0.1513	0.1267	0.0246	0.0581	0.0572	0.0009	0.0932	0.0695	0.0237	0.0864	0.0736	0.0128	0.0254	0.0235	0.0019	0.0610	0.0502	0.0108	0.4830	0.3017	0.1813	0.1285	0.1154	0.0131	0.3545	0.1863	0.1681	0.0235	0.0058	0.2647	0.0079	0.0077	0.0079	0.0341	0.0047	0.2991	0.3133	0.4199	0.1358	0.4523	0.4959	0.0693	0.2629	0.3729	0.1410
116	127	0.1014	3	1	1	1	0	0	0	0	0	N	N	N	N	N	N	N	N	N	N	N	N	0.0179	0.0017	15.0050	0.5787	0.5990	0.1369	0.0213	0.0000	17.7225	0.1697	0.0277	0.9421	0.0742	0.0787	0.0115	0.2142	0.0001	1.0881	9.4545	16.1247	0.0628	0.1282	0.1313	0.0837	10.0409	18.6056	0.0614	6.2538	0.0031	0.0027	-0.7944	1.8441	1.9703	10.4794	6.2034	0.0063	0.0009	0.0054	0.0009	0.0009	0.0000	0.0054	0.0000	0.0054	1.7448	1.7395	0.0053	0.0104	0.0100	0.0004	1.7344	1.7295	0.0049	0.0372	0.0314	0.0058	0.0118	0.0110	0.0008	0.0254	0.0204	0.0050	0.2542	0.1691	0.0851	0.0815	0.0762	0.0053	0.1727	0.0930	0.0798	0.0247	0.0027	15.0050	0.5787	0.5990	0.1369	0.0213	0.0000	17.7225	6.8643	10.2849	0.0628	0.1282	0.1313	0.0837	10.0409	18.6056	0.0614
116	128	0.0802	2	1	0	1	0	0	0	0	0	N	N	N	N	N	N	N	N	N	N	N	N	0.0946	0.0127	2.4400	0.1482	0.1474	0.1588	0.1134	0.0002	2.5050	0.0357	0.0073	0.1881	0.1012	0.1060	0.0146	0.0315	0.0001	0.1917	0.3777	0.5742	0.0771	0.6827	0.7194	0.0919	0.2777	0.4835	0.0765	4.7952	0.0878	0.0002	-0.0328	1.8441	1.1032	10.4794	7.8190	0.0005	0.0001	0.0004	0.0001	0.0001	0.0000	0.0004	0.0000	0.0004	0.0869	0.0799	0.0070	0.0388	0.0385	0.0003	0.0481	0.0414	0.0067	0.0137	0.0115	0.0021	0.0008	0.0008	0.0000	0.0128	0.0107	0.0021	0.2300	0.1391	0.0909	0.0568	0.0535	0.0033	0.1732	0.0856	0.0876	0.0946	0.0127	2.4400	0.1482	0.1474	0.1588	0.1134	0.0002	2.5050	0.3777	0.5742	0.0771	0.6827	0.7194	0.0919	0.2777	0.4835	0.0765
116	129	0.4232	6	1	1	1	0	0	0	0	0	N	N	N	N	N	N	N	N	N	N	N	N	0.0061	0.0054	0.0000	0.0063	0.0063	0.0000	0.0000	0.0000	0.0000	0.0000	0.0000	0.0000	0.0000	0.0000	0.0000	0.0000	0.0000	0.0000	0.0038	0.0047	0.0007	0.0066	0.0070	0.0009	0.0003	0.0000	0.0007	0.0000	0.0476	-0.0000	-0.0004	1.8441	1.0033	10.4794	0.8635	0.0000	0.0000	0.0000	0.0000	0.0000	0.0000	0.0000	0.0000	0.0000	0.0009	0.0009	0.0000	0.0009	0.0009	0.0000	0.0000	0.0000	0.0000	0.0466	0.0421	0.0045	0.0259	0.0247	0.0013	0.0207	0.0175	0.0032	0.2413	0.1850	0.0563	0.1338	0.1248	0.0089	0.1076	0.0602	0.0474	0.0061	0.0054	0.0000	0.0063	0.0063	0.0000	0.0000	0.0000	0.0000	0.0038	0.0047	0.0007	0.0066	0.0070	0.0009	0.0003	0.0000	0.0007
116	130	0.3939	5	1	0	1	0	0	0	0	0	N	N	N	N	N	N	N	N	N	N	N	N	0.0408	0.0491	0.0195	0.0746	0.0734	0.0673	0.0126	0.0818	0.0127	0.0069	0.0072	0.0044	0.0157	0.0159	0.0111	0.0015	0.0011	0.0031	0.1685	0.1469	0.2261	0.2102	0.2169	0.1652	0.1180	0.0140	0.2472	0.0870	0.5757	-0.0003	-0.0098	1.8441	5.5514	10.4794	9.9598	0.0008	0.0007	0.0001	0.0007	0.0007	0.0000	0.0001	0.0001	0.0000	0.1054	0.0669	0.0385	0.0720	0.0647	0.0073	0.0335	0.0022	0.0313	0.1157	0.1012	0.0144	0.0439	0.0416	0.0023	0.0718	0.0596	0.0121	0.6259	0.4555	0.1704	0.3423	0.2984	0.0439	0.2835	0.1571	0.1265	0.0408	0.0491	0.0195	0.0746	0.0734	0.0673	0.0126	0.0818	0.0127	0.1685	0.1469	0.2261	0.2102	0.2169	0.1652	0.1180	0.0140	0.2472
116	131	0.3636	4	1	0	1	0	0	0	0	0	N	N	N	N	N	N	N	N	N	N	N	N	0.0219	0.0193	0.0467	0.0391	0.0013	1.8492	0.0142	0.0790	0.0027	0.0344	0.0200	0.1343	0.0503	0.0018	0.9190	0.0268	0.0300	0.0100	1.5739	1.0370	2.8751	1.2863	1.4111	0.4970	1.8886	0.3795	3.6436	0.9651	1.1442	0.0003	0.0794	1.8441	9.1969	10.4794	13.4651	0.0059	0.0030	0.0029	0.0028	0.0001	0.0027	0.0031	0.0029	0.0002	1.0546	0.4918	0.5628	0.4503	0.4266	0.0238	0.6043	0.0653	0.5390	0.1716	0.1500	0.0216	0.0559	0.0530	0.0030	0.1157	0.0970	0.0187	0.6701	0.4743	0.1957	0.3501	0.3023	0.0478	0.3200	0.1720	0.1479	0.0219	0.0193	0.0467	0.0391	0.0013	1.8492	0.0142	0.0790	0.0027	1.5739	1.0370	2.8751	1.2863	1.4111	0.4970	1.8886	0.3795	3.6436
116	132	0.1771	6	2	1	1	1	0	0	0	0	Y	N	N	N	N	N	N	N	N	N	N	N	0.0000	0.0000	0.0000	0.0000	0.0000	0.0000	0.0000	0.0000	0.0000	0.0000	0.0000	0.0000	0.0000	0.0000	0.0000	0.0000	0.0000	0.0000	0.0013	0.0011	0.0015	0.0008	0.0008	0.0003	0.0014	0.0012	0.0015	0.9009	0.0000	0.0000	1.8441	1.0000	10.4794	3.0001	0.0000	0.0000	0.0000	0.0000	0.0000	0.0000	0.0000	0.0000	0.0000	0.0001	0.0001	0.0000	0.0000	0.0000	0.0000	0.0001	0.0000	0.0000	0.0163	0.0139	0.0024	0.0029	0.0028	0.0001	0.0134	0.0112	0.0023	0.0764	0.0451	0.0313	0.0141	0.0131	0.0010	0.0623	0.0320	0.0303	0.0000	0.0000	0.0000	0.0000	0.0000	0.0000	0.0000	0.0000	0.0000	0.0013	0.0011	0.0015	0.0008	0.0008	0.0003	0.0014	0.0012	0.0015	
116	133	0.5760	10	2	1	1	1	0	0	0	0	Y	N	N	N	N	N	N	N	N	N	N	N	0.0000	0.0000	0.0000	0.0000	0.0000	0.0000	0.0000	0.0000	0.0000	0.0000	0.0000	0.0000	0.0000	0.0000	0.0000	0.0000	0.0000	0.0000	0.0113	0.0138	0.0059	0.0164	0.0165	0.0164	0.0053	0.0089	0.0014	0.1927	0.0000	-0.0001	1.8441	0.0006	10.4794	1.9797	0.0000	0.0000	0.0000	0.0000	0.0000	0.0000	0.0000	0.0000	0.0000	0.0004	0.0003	0.0001	0.0003	0.0002	0.0000	0.0001	0.0001	0.0000	0.0000	0.0000	0.0000	0.0000	0.0000	0.0000	0.0000	0.0000	0.0000	0.0321	0.0221	0.0100	0.0173	0.0143	0.0030	0.0148	0.0078	0.0070	0.0000	0.0000	0.0000	0.0000	0.0000	0.0000	0.0000	0.0000	0.0000	0.0113	0.0138	0.0059	0.0164	0.0165	0.0164	0.0053	0.0089	0.0014	
116	134	0.5593	9	2	1	1	1	0	0	0	0	Y	N	N	N	N	N	N	N	N	N	N	N	0.0480	0.0439	0.0000	0.0643	0.0615	0.0000	0.0000	0.0000	0.0000	0.0000	0.0000	0.0000	0.0001	0.0001	0.0000	0.0000	0.0000	0.0000	0.0008	0.0010	0.0003	0.0013	0.0015	0.0001	0.0002	0.0000	0.0004	0.0000	0.1464	-0.0000	-0.0000	1.8441	2.0077	10.4794	6.0321	0.0000	0.0000	0.0000	0.0000	0.0000	0.0000	0.0000	0.0000	0.0000	0.0001	0.0001	0.0000	0.0001	0.0001	0.0000	0.0000	0.0000	0.0000	0.0323	0.0274	0.0048	0.0145	0.0125	0.0020	0.0178	0.0150	0.0028	0.1185	0.0804	0.0381	0.0626	0.0509	0.0117	0.0560	0.0295	0.0264	0.0480	0.0439	0.0000	0.0643	0.0615	0.0000	0.0000	0.0000	0.0000	0.0008	0.0010	0.0003	0.0013	0.0015	0.0001	0.0002	0.0000	0.0004
116	135	0.5545	9	1	1	1	1	0	0	0	0	N	N	N	N	N	N	N	N	N	N	N	N	0.0345	0.0245	1.4189	0.0402	0.0385	0.0046	0.0520	0.0004	4.8744	0.0047	0.0049	0.0038	0.0094	0.0109	0.0000	0.0011	0.0000	0.0061	0.1366	0.1987	0.0027	0.2346	0.2833	0.0061	0.0209	0.0392	0.0012	0.1483	0.0063	-0.0001	-0.0127	1.8441	3.0348	10.4794	9.3583	0.0002	0.0002	0.0000	0.0002	0.0002	0.0000	0.0000	0.0000	0.0000	0.0281	0.0279	0.0002	0.0261	0.0260	0.0001	0.0020	0.0019	0.0001	0.0500	0.0421	0.0079	0.0217	0.0188	0.0029	0.0283	0.0233	0.0050	0.2057	0.1405	0.0652	0.1113	0.0918	0.0195	0.0943	0.0487	0.0456	0.0345	0.0245	1.4189	0.0402	0.0385	0.0046	0.0520	0.0004	4.8744	0.1366	0.1987	0.0027	0.2346	0.2833	0.0061	0.0209	0.0392	0.0012
116	136	0.5402	8	1	0	1	1	0	0	0	0	N	N	N	N	N	N	N	N	N	N	N	N	5.2637	0.6880	171.3510	0.8616	0.7989	1.1904	71.0117	5.0296	227.1961	0.2956	0.0542	1.5589	0.0880	0.0993	0.0073	0.4608	0.0153	2.3537	0.0562	0.0787	0.0091	0.1021	0.1243	0.0062	0.0065	0.0030	0.0104	5.5006	0.0554	0.0001	-0.0024	1.8441	0.0433	10.4794	6.6805	0.0002	0.0000	0.0002	0.0000	0.0000	0.0000	0.0002	0.0000	0.0002	0.0058	0.0055	0.0003	0.0055	0.0055	0.0001	0.0003	0.0001	0.0002	0.0008	0.0007	0.0001	0.0004	0.0003	0.0000	0.0004	0.0004	0.0001	0.1040	0.0703	0.0337	0.0540	0.0439	0.0101	0.0500	0.0264	0.0236	5.2637	0.6880	171.3510	0.8616	0.7989	1.1904	71.0117	5.0296	227.1961	0.0562	0.0787	0.0091	0.1021	0.1243	0.0062	0.0065	0.0030	0.0104
116	137	0.2067	8	1	1	1	1	0	0	0	0	N	N	N	N	N	N	N	N	N	N	N	N	0.0000	0.0000	0.0000	0.0000	0.0000	0.0000	0.0000	0.0000	0.0000	0.0000	0.0000	0.0000	0.0000	0.0000	0.0000	0.0000	0.0000	0.0000	0.0000	0.0000	1.8441	0.0000	10.4794	0.0000	0.0000	0.0000	0.0000	0.0000	0.0000	0.0000	0.0000	0.0000	0.0000	0.0000	0.0000	0.0000	0.0000	0.0000	0.0000	0.0000	0.0000	0.0000	0.0000	0.0000	0.0000	0.0000	0.0000	0.0000	0.0000	0.0000	0.0000	0.0000	0.0000	0.0000	0.0000	0.0000	0.0000	0.0000	0.0000	0.0000	0.0000	0.0000	0.0000	0.0000	0.0000	0.0000	0.0000	0.0000	0.0000	0.0000	0.0000	0.0000	0.0000	0.0000	0.0000	0.0000	0.0000	0.0000											
116	138	0.2017	7	1	1	1	1	0	0	0	0	N	N	N	N	N	N	N	N	N	N	N	N	0.0000	0.0000	0.0000	0.0000	0.0000	0.0000	0.0000	0.0000	0.0000	0.0000	0.0000	0.0000	0.0000	0.0000	0.0000	0.0000	0.0000	0.0000	0.0000	0.0000	0.0000	0.0000	0.0000	0.0000	0.0000	1.9002	0.0000	0.0000	1.8441	0.0021	10.4794	2.0000	0.0000	0.0000	0.0000	0.0000	0.0000	0.0000	0.0000	0.0000	0.0000	0.0000	0.0000	0.0000	0.0000	0.0000	0.0000	0.0000	0.0000	0.0000	0.0001	0.0001	0.0000	0.0000	0.0000	0.0000	0.0000	0.0000	0.0000	0.0381	0.0228	0.0153	0.0081	0.0075	0.0006	0.0300	0.0153	0.0147	0.0000	0.0000	0.0000	0.0000	0.0000	0.0000	0.0000	0.0000	0.0000	0.0000	0.0000	0.0000	0.0000	0.0000	0.0000	0.0000	0.0000	0.0000			
116	139	0.1914	6	1	0	1	1	0	0	0	0	N	N	N	N	N	N	N	N	N	N	N	N	0.0000	0.0000	0.0000	0.0000	0.0000	0.0000	0.0000	0.0000	0.0000	0.0000	0.0000	0.0000	0.0000	0.0000	0.0000	0.0000	0.0000	0.0039	0.0022	0.0063	0.0063	0.0068	0.0000	0.0032	0.0000	0.0066	1.9851	0.0000	0.0001	1.8441	1.0020	10.4794	3.0181	0.0000	0.0000	0.0000	0.0000	0.0000	0.0000	0.0000	0.0000	0.0000	0.0003	0.0001	0.0002	0.0001	0.0001	0.0000	0.0002	0.0000	0.0002	0.0164	0.0140	0.0024	0.0029	0.0028	0.0001	0.0134	0.0112	0.0023	0.0772	0.0459	0.0313	0.0158	0.0146	0.0012	0.0614	0.0313	0.0302	0.0000	0.0000	0.0000	0.0000	0.0000	0.0000	0.0000	0.0000	0.0000	0.0039	0.0022	0.0063	0.0063	0.0068	0.0000	0.0032	0.0000	0.0066		
116	140	0.1771	6	1	1	1	0	0	0	0	0	N	N	N	N	N	N	N	N	N	N	N	N	0.0000	0.0000	0.0000	0.0000	0.0000	0.0000	0.0000	0.0000	0.0000	0.0000	0.0000	0.0000	0.0000	0.0000	0.0000	0.0000	0.0000	0.0000	0.0006	0.0000	0.0015	0.0001	0.0001	0.0003	0.0007	0.0000	0.0015	51.4527	0.0000	0.0000	1.8441	0.0000	10.4794	4.0001	0.0000	0.0000	0.0000	0.0000	0.0000	0.0000	0.0000	0.0000	0.0000	0.0000	0.0000	0.0000	0.0000	0.0000	0.0000	0.0000	0.0000	0.0000	0.0000	0.0000	0.0000	0.0000	0.0000	0.0000	0.0000	0.0000	0.0000	0.0764	0.0451	0.0313	0.0141	0.0131	0.0010	0.0623	0.0320	0.0303	0.0000	0.0000	0.0000	0.0000	0.0000	0.0000	0.0000	0.0000	0.0000	0.0006	0.0000	0.0015	0.0001	0.0001	0.0003	0.0007	0.0000	0.0015	
116	141	0.5547	8	1	1	1	0	0	0	0	0	N	N	N	N	N	N	N	N	N	N	N	N	0.0035	0.0028	0.0000	0.0059	0.0058	0.0000	0.0000	0.0000	0.0000	0.0000	0.0000	0.0000	0.0000	0.0000	0.0000	0.0000	0.0000	0.0000	0.0004	0.0005	0.0000	0.0005	0.0005	0.0001	0.0002	0.0004	0.0000	0.0205	0.0261	-0.0000	-0.0000	1.8441	1.0003	10.4794	5.0186	0.0000	0.0000	0.0000	0.0000	0.0000	0.0000	0.0000	0.0000	0.0000	0.0000	0.0000	0.0000	0.0000	0.0000	0.0000	0.0000	0.0000	0.0000	0.0161	0.0137	0.0024	0.0072	0.0062	0.0010	0.0089	0.0075	0.0014	0.0904	0.0613	0.0290	0.0477	0.0389	0.0088	0.0426	0.0224	0.0202	0.0035	0.0028	0.0000	0.0059	0.0058	0.0000	0.0000	0.0000	0.0000	0.0004	0.0005	0.0000	0.0005	0.0005	0.0001	0.0002	0.0004	0.0000
116	142	0.1914	6	1	0	2	1	0	0	0	0	N	N	Y	N	N	N	N	N	N	N	N	N	0.0000	0.0000	0.0000	0.0000	0.0000	0.0000	0.0000	0.0000	0.0000	0.0000	0.0000	0.0000	0.0000	0.0000	0.0000	0.0000	0.0000	0.0011	0.0011	0.0010	0.0026	0.0028	0.0000	0.0007	0.0003	0.0010	0.6233	0.0000	-0.0000	1.8441	0.0001	10.4794	9.0026	0.0000	0.0000	0.0000	0.0000	0.0000	0.0000	0.0000	0.0000	0.0000	0.0002	0.0001	0.0001	0.0001	0.0001	0.0000	0.0001	0.0000	0.0001	0.0000	0.0000	0.0000	0.0000	0.0000	0.0000	0.0000	0.0000	0.0000	0.1691	0.1005	0.0686	0.0344	0.0318	0.0026	0.1346	0.0687	0.0660	0.0000	0.0000	0.0000	0.0000	0.0000	0.0000	0.0000	0.0000	0.0000	0.0011	0.0011	0.0010	0.0026	0.0028	0.0000	0.0007	0.0003	0.0010		
116	143	0.5402	8	1	0	2	1	0	0	0	0	N	N	Y	N	N	N	N	N	N	N	N	N	0.0000	0.0000	0.0000	0.0000	0.0000	0.0000	0.0000	0.0000	0.0000	0.0000	0.0000	0.0000	0.0000	0.0000	0.0000	0.0000	0.0000	0.0000	7.6429	12.5313	0.0527	28.2807	35.7679	0.1651	0.1213	0.2259	0.0045	0.4000	0.0029	-0.0000	-0.4145	1.8441	2.0061	10.4794	8.0425	0.0000	0.0000	0.0000	0.0000	0.0000	0.0000	0.0000	0.0000	0.0000	0.9099	0.9073	0.0026	0.9010	0.8986	0.0025	0.0089	0.0087	0.0002	0.0321	0.0272	0.0049	0.0139	0.0119	0.0020	0.0182	0.0153	0.0030	0.1522	0.1027	0.0495	0.0789	0.0640	0.0149	0.0733	0.0387	0.0346	0.0000	0.0000	0.0000	0.0000	0.0000	0.0000	0.0000	0.0000	0.0000	5.9772	8.8323	0.0527	11.4192	14.0331	0.1651	0.1213	0.2259	0.0045
116	144	0.5311	7	1	0	1	1	0	0	0	0	N	N	N	N	N	N	N	N	N	N	N	N	2.7842	1.8209	20.4062	2.4216	2.5346	0.0000	7.6707	0.0000	45.8103	0.0021	0.0018	0.0039	0.0032	0.0038	0.0000	0.0011	0.0000	0.0069	0.0008	0.0010	0.0002	0.0013	0.0015	0.0003	0.0001	0.0001	0.0002	0.4000	0.0766	-0.0000	-0.0000	1.8441	1.9550	10.4794	2.1189	0.0001	0.0000	0.0000	0.0000	0.0000	0.0000	0.0000	0.0000	0.0000	0.0001	0.0001	0.0000	0.0001	0.0001	0.0000	0.0000	0.0000	0.0000	0.0331	0.0280	0.0051	0.0154	0.0132	0.0022	0.0177	0.0148	0.0029	0.0942	0.0678	0.0264	0.0484	0.0420	0.0063	0.0458	0.0257	0.0201	2.7842	1.8209	20.4062	2.4216	2.5346	0.0000	7.6707	0.0000	45.8103	0.0008	0.0010	0.0002	0.0013	0.0015	0.0003	0.0001	0.0001	0.0002
116	145	0.5311	7	1	0	2	1	0	0	0	0	N	N	Y	N	N	N	N	N	N	N	N	N	0.0001	0.0000	0.0224	0.0000	0.0000	0.0000	0.0002	0.0000	0.0306	0.0000	0.0000	0.0000	0.0000	0.0000	0.0000	0.0000	0.0000	0.0001	0.1189	0.1733	0.0014	0.1771	0.2145	0.0004	0.0582	0.1072	0.0018	1.3333	0.0037	0.0000	-0.0176	1.8441	2.1261	10.4794	18.6477	0.0000	0.0000	0.0000	0.0000	0.0000	0.0000	0.0000	0.0000	0.0000	0.0386	0.0385	0.0001	0.0294	0.0293	0.0000	0.0093	0.0091	0.0001	0.0358	0.0303	0.0055	0.0166	0.0142	0.0024	0.0192	0.0160	0.0031	0.3249	0.2220	0.1028	0.1658	0.1368	0.0289	0.1591	0.0852	0.0739	0.0001	0.0000	0.0224	0.0000	0.0000	0.0000	0.0002	0.0000	0.0306	0.1189	0.1733	0.0014	0.1771	0.2145	0.0004	0.0582	0.1072	0.0018
116	146	0.1914	6	1	0	2	1	0	0	0	0	N	N	Y	N	N	N	N	N	N	N	N	N	0.0000	0.0000	0.0000	0.0000	0.0000	0.0000	0.0000	0.0000	0.0000	0.0000	0.0000	0.0000	0.0000	0.0000	0.0000	0.0000	0.0000	0.0288	0.0481	0.0006	0.1402	0.1517	0.0000	0.0003	0.0000	0.0006	0.0088	0.0000	-0.0020	1.8441	2.0001	10.4794	5.9880	0.0000	0.0000	0.0000	0.0000	0.0000	0.0000	0.0000	0.0000	0.0000	0.0043	0.0043	0.0000	0.0043	0.0043	0.0000	0.0000	0.0000	0.0000	0.0325	0.0278	0.0047	0.0058	0.0056	0.0002	0.0267	0.0222	0.0045	0.1507	0.0896	0.0611	0.0307	0.0284	0.0023	0.1200	0.0612	0.0588	0.0000	0.0000	0.0000	0.0000	0.0000	0.0000	0.0000	0.0000	0.0000	0.0288	0.0481	0.0006	0.1402	0.1517	0.0000	0.0003	0.0000	0.0006		
116	147	0.1914	6	1	0	2	1	0	0	0	0	N	N	Y	N	N	N	N	N	N	N	N	N	0.0001	0.0001	0.0000	0.0000	0.0000	0.0000	0.0002	0.0001	0.0000	0.0004	0.0004	0.0000	0.0000	0.0000	0.0000	0.0004	0.0005	0.0000	3.2283	5.9244	0.0452	16.1515	15.5894	0.1333	1.9665	3.7852	0.0417	0.0000	0.0057	-0.0000	-0.7973	1.8441	9.0001	10.4794	23.0169	0.0000	0.0000	0.0000	0.0000	0.0000	0.0000	0.0000	0.0000	0.0000	1.7613	1.7513	0.0100	0.9033	0.9022	0.0011	0.8580	0.8491	0.0088	0.1412	0.1212	0.0201	0.0251	0.0241	0.0010	0.1161	0.0970	0.0191	0.5456	0.3252	0.2204	0.1093	0.1009	0.0084	0.4363	0.2243	0.2120	0.0001	0.0001	0.0000	0.0000	0.0000	0.0000	0.0002	0.0001	0.0000	3.2283	5.3855	0.0452	8.2661	8.9450	0.1333	1.9665	3.7852	0.0417
116	148	0.1661	5	1	0	1	1	0	0	0	0	N	N	N	N	N	N	N	N	N	N	N	N	0.0002	0.0017	0.0001	0.0005	0.0005	0.0436	0.0002	1.1699	0.0002	0.0007	0.0004	0.0023	0.0003	0.0003	0.0002	0.0008	0.0004	0.0024	4.1518	0.2354	15.1322	0.6561	0.7015	0.0035	4.8619	0.0004	12.2884	0.9427	27.3629	0.0000	0.4117	1.8441	1.9990	10.4794	7.9526	0.0000	0.0000	0.0000	0.0000	0.0000	0.0000	0.0000	0.0000	0.0000	0.8131	0.0287	0.7844	0.0286	0.0286	0.0000	0.7844	0.0000	0.7844	0.0326	0.0279	0.0047	0.0058	0.0056	0.0002	0.0268	0.0223	0.0045	0.2050	0.1218	0.0832	0.0437	0.0408	0.0028	0.1613	0.0810	0.0804	0.0002	0.0017	0.0002	0.0005	0.0005	0.0436	0.0002	1.1699	0.0002	3.9662	0.2354	9.4271	0.6561	0.7015	0.0035	4.8619	0.0004	9.7597
116	149	0.1342	4	2	1	1	0	0	0	0	0	Y	N	N	N	N	N	N	N	N	N	N	N	0.0273	0.0196	0.0678	0.0064	0.0051	0.0958	0.0284	0.0182	0.0670	0.0636	0.0711	0.0183	0.0026	0.0021	0.0190	0.0810	0.0943	0.0182	2.3297	3.6371	0.2696	0.4014	0.4158	0.1986	2.8525	5.1916	0.2722	0.0426	0.0470	-0.0025	-0.4488	1.8441	5.3497	10.4794	17.2225	0.0063	0.0060	0.0003	0.0001	0.0000	0.0000	0.0062	0.0060	0.0002	1.0855	1.0367	0.0488	0.0399	0.0386	0.0013	1.0456	0.9981	0.0474	0.0986	0.0846	0.0140	0.0218	0.0212	0.0006	0.0768	0.0634	0.0134	0.4659	0.2850	0.1809	0.0994	0.0928	0.0066	0.3665	0.1923	0.1743	0.0273	0.0196	0.0678	0.0064	0.0051	0.0958	0.0284	0.0182	0.0670	2.3297	3.6371	0.2696	0.4014	0.4158	0.1986	2.8525	5.1916	0.2722
116	150	0.1650	5	1	1	1	0	0	0	0	0	N	N	N	N	N	N	N	N	N	N	N	N	0.0319	0.0460	0.0035	0.0666	0.0644	0.0709	0.0009	0.0021	0.0025	0.0618	0.0696	0.0092	0.2013	0.2060	0.0427	0.0013	0.0001	0.0068	1.9363	1.5140	2.6406	3.0247	3.1964	0.6026	1.4467	0.0611	2.7588	0.0198	1.0457	-0.0023	0.0570	1.8441	3.6794	10.4794	17.4287	0.0054	0.0053	0.0001	0.0053	0.0053	0.0000	0.0001	0.0000	0.0001	1.0792	0.5276	0.5517	0.5230	0.5161	0.0069	0.5562	0.0114	0.5448	0.0871	0.0758	0.0113	0.0263	0.0256	0.0008	0.0608	0.0502	0.0106	0.5574	0.3485	0.2089	0.1729	0.1615	0.0114	0.3845	0.1870	0.1975	0.0319	0.0460	0.0035	0.0666	0.0644	0.0709	0.0009	0.0021	0.0025	1.9363	1.5140	2.6406	3.0247	3.1964	0.6026	1.4467	0.0611	2.7588
116	151	0.1342	4	1	1	1	0	0	0	0	0	N	N	N	N	N	N	N	N	N	N	N	N	0.0642	0.0791	0.0415	0.0849	0.0807	2.2681	0.0420	0.7095	0.0370	0.1353	0.1392	0.1115	0.3818	0.3835	0.3143	0.0570	0.0469	0.1031	2.1085	1.7602	2.6899	4.4956	4.7495	0.1386	1.3573	0.0661	2.7829	0.1333	0.9157	-0.0030	0.0132	1.8441	3.4464	10.4794	10.1316	0.0093	0.0082	0.0011	0.0063	0.0062	0.0001	0.0030	0.0020	0.0010	0.6724	0.3510	0.3214	0.3432	0.3426	0.0006	0.3292	0.0084	0.3208	0.0690	0.0591	0.0098	0.0166	0.0162	0.0004	0.0524	0.0429	0.0094	0.3189	0.1994	0.1195	0.0763	0.0721	0.0042	0.2426	0.1273	0.1153	0.0642	0.0791	0.0415	0.0849	0.0807	2.2681	0.0420	0.7095	0.0370	2.1085	1.7602	2.6899	4.4956	4.7495	0.1386	1.3573	0.0661	2.7829
116	152	0.5615	10	2	1	1	0	0	0	0	0	Y	N	N	N	N	N	N	N	N	N	N	N	0.0403	0.0170	0.1446	0.0000	0.0000	0.0000	0.0929	0.1357	0.2157	0.0001	0.0000	0.0006	0.0000	0.0000	0.0000	0.0002	0.0001	0.0010	0.0032	0.0027	0.0040	0.0038	0.0040	0.0028	0.0025	0.0006	0.0046	2.2000	0.6971	0.0000	-0.0000	1.8441	1.0143	10.4794	12.0086	0.0000	0.0000	0.0000	0.0000	0.0000	0.0000	0.0000	0.0000	0.0000	0.0006	0.0003	0.0002	0.0004	0.0003	0.0001	0.0002	0.0000	0.0002	0.0166	0.0141	0.0025	0.0075	0.0065	0.0010	0.0091	0.0076	0.0015	0.1875	0.1272	0.0603	0.0983	0.0800	0.0182	0.0893	0.0472	0.0421	0.0403	0.0170	0.1446	0.0000	0.0000	0.0000	0.0929	0.1357	0.2157	0.0032	0.0027	0.0040	0.0038	0.0040	0.0028	0.0025	0.0006	0.0046
116	153	0.5593	9	2	1	1	0	0	0	0	0	Y	N	N	N	N	N	N	N	N	N	N	N	1.3254	4.0632	2.1135	0.0032	0.0030	0.0000	1.1877	6.5900	2.4939	0.0099	0.0036	0.0450	0.0000	0.0000	0.0000	0.0179	0.0067	0.0764	0.0074	0.0009	0.0213	0.0007	0.0008	0.0000	0.0151	0.0010	0.0306	2.1993	11.2670	0.0000	0.0001	1.8441	0.9811	10.4794	0.0216	0.0002	0.0000	0.0001	0.0000	0.0000	0.0000	0.0002	0.0000	0.0001	0.0001	0.0000	0.0001	0.0000	0.0000	0.0000	0.0001	0.0000	0.0001	0.0159	0.0135	0.0024	0.0071	0.0062	0.0010	0.0088	0.0074	0.0014	0.0154	0.0104	0.0049	0.0082	0.0066	0.0015	0.0072	0.0038	0.0034	1.3254	4.0632	2.1135	0.0032	0.0030	0.0000	1.1877	6.5900	2.4939	0.0074	0.0009	0.0213	0.0007	0.0008	0.0000	0.0151	0.0010	0.0306
116	154	0.5547	8	2	1	1	0	0	0	0	0	Y	N	N	N	N	N	N	N	N	N	N	N	56.4473	51.6978	111.7616	2.2946	3.5929	0.0000	89.9999	486.1553	186.1988	0.0079	0.0030	0.0352	0.0003	0.0003	0.0000	0.0152	0.0057	0.0640	0.0001	0.0001	0.0003	0.0001	0.0001	0.0002	0.0002	0.0000	0.0003	2.0902	2.5248	0.0000	0.0000	1.8441	0.0083	10.4794	2.0001	0.0000	0.0000	0.0000	0.0000	0.0000	0.0000	0.0000	0.0000	0.0000	0.0000	0.0000	0.0000	0.0000	0.0000	0.0000	0.0000	0.0000	0.0000	0.0001	0.0001	0.0000	0.0001	0.0001	0.0000	0.0001	0.0001	0.0000	0.0313	0.0213	0.0100	0.0166	0.0136	0.0030	0.0147	0.0078	0.0070	56.4473	51.6978	111.7616	2.2946	3.5929	0.0000	89.9999	486.1553	186.1988	0.0001	0.0001	0.0003	0.0001	0.0001	0.0002	0.0002	0.0000	0.0003
116	155	0.5311	7	1	1	1	0	0	0	0	0	N	N	N	N	N	N	N	N	N	N	N	N	0.0032	0.0016	0.0125	0.0010	0.0014	0.0000	0.0231	0.0048	0.1478	0.0000	0.0000	0.0000	0.0000	0.0000	0.0000	0.0000	0.0000	0.0000	0.0021	0.0021	0.0020	0.0037	0.0031	0.0066	0.0004	0.0005	0.0003	1.3688	0.4171	0.0000	-0.0001	1.8441	2.9180	10.4794	7.4065	0.0000	0.0000	0.0000	0.0000	0.0000	0.0000	0.0000	0.0000	0.0000	0.0004	0.0003	0.0001	0.0003	0.0002	0.0001	0.0000	0.0000	0.0000	0.0482	0.0409	0.0073	0.0221	0.0190	0.0031	0.0261	0.0219	0.0042	0.1841	0.1280	0.0562	0.0944	0.0793	0.0152	0.0897	0.0487	0.0410	0.0032	0.0016	0.0125	0.0010	0.0014	0.0000	0.0231	0.0048	0.1478	0.0021	0.0021	0.0020	0.0037	0.0031	0.0066	0.0004	0.0005	0.0003
116	156	0.4653	6	1	0	1	0	0	0	0	0	N	N	N	N	N	N	N	N	N	N	N	N	24.1936	23.7664	0.0040	87.4688	96.3821	0.0171	1.3481	1.0043	0.0021	1.7500	2.1411	0.0001	2.9371	3.6809	0.0002	0.1558	0.1847	0.0001	0.0723	0.0901	0.0330	0.0336	0.0382	0.0091	0.1156	0.1839	0.0417	0.0000	0.1650	-0.2507	-0.0124	1.8441	8.2479	10.4794	19.7214	0.5684	0.5684	0.0000	0.5468	0.5468	0.0000	0.0216	0.0216	0.0000	0.0391	0.0336	0.0055	0.0096	0.0092	0.0004	0.0295	0.0244	0.0051	0.3248	0.2655	0.0593	0.1862	0.1485	0.0376	0.1386	0.1169	0.0217	0.5408	0.3727	0.1681	0.2852	0.2400	0.0452	0.2556	0.1327	0.1229	24.1936	23.7664	0.0040	87.4688	96.3821	0.0171	1.3481	1.0043	0.0021	0.0723	0.0901	0.0330	0.0336	0.0382	0.0091	0.1156	0.1839	0.0417
116	157	0.4291	5	1	0	1	0	0	0	0	0	N	N	N	N	N	N	N	N	N	N	N	N	1.1913	0.9674	1.1657	41.3631	40.8047	8.0181	0.0019	0.0007	0.1343	1.9739	2.2529	0.1386	5.3667	5.7797	0.5628	0.0067	0.0044	0.0188	1.6570	2.3287	0.1189	0.1297	0.1416	0.0702	3.5439	6.6091	0.1400	0.0094	0.0223	-0.1201	-0.3868	1.8441	7.4725	10.4794	14.3153	0.2780	0.2755	0.0026	0.2774	0.2751	0.0023	0.0006	0.0003	0.0003	0.8861	0.8668	0.0193	0.0383	0.0349	0.0035	0.8478	0.8319	0.0159	0.1409	0.1223	0.0186	0.0517	0.0476	0.0041	0.0892	0.0747	0.0145	0.5348	0.3722	0.1626	0.2955	0.2463	0.0492	0.2392	0.1259	0.1133	1.1913	0.9674	1.1657	41.3631	40.8047	8.0181	0.0019	0.0007	0.1343	1.6570	2.3287	0.1189	0.1297	0.1416	0.0702	3.5439	6.6091	0.1400
116	158	0.3636	4	1	0	1	0	0	0	0	0	N	N	N	N	N	N	N	N	N	N	N	N	0.0195	0.0163	0.0435	0.0584	0.0322	2.3448	0.0017	0.0037	0.0032	0.0343	0.0229	0.1129	0.1023	0.0641	0.7953	0.0030	0.0016	0.0108	1.7626	1.4051	2.5928	1.7517	1.9925	0.3392	1.7741	0.4238	3.3345	0.7133	0.7947	-0.0002	-0.0212	1.8441	11.6653	10.4794	19.4910	0.0071	0.0041	0.0029	0.0067	0.0039	0.0027	0.0004	0.0002	0.0002	1.3638	0.7599	0.6039	0.6937	0.6741	0.0196	0.6702	0.0858	0.5843	0.2066	0.1805	0.0261	0.0650	0.0616	0.0034	0.1416	0.1189	0.0227	0.7737	0.5408	0.2329	0.3960	0.3383	0.0577	0.3777	0.2025	0.1752	0.0195	0.0163	0.0435	0.0584	0.0322	2.3448	0.0017	0.0037	0.0032	1.7626	1.4051	2.5928	1.7517	1.9925	0.3392	1.7741	0.4238	3.3345
116	159	0.3164	3	1	0	1	0	0	0	0	0	N	N	N	N	N	N	N	N	N	N	N	N	1.2415	0.0117	4.2043	2.6963	0.0149	25.0342	0.0193	0.0019	0.0906	1.4943	0.0088	9.4800	2.3817	0.0140	13.0209	0.0299	0.0008	0.2533	1.2037	0.7502	2.2548	0.8833	0.9414	0.5201	1.5501	0.4085	2.7960	200.4850	1.2966	0.2723	0.1061	1.8441	7.3933	10.4794	20.5306	0.4917	0.0024	0.4892	0.4879	0.0024	0.4856	0.0037	0.0001	0.0036	0.9992	0.4351	0.5641	0.3810	0.3501	0.0309	0.6182	0.0850	0.5332	0.3290	0.2774	0.0516	0.2049	0.1676	0.0373	0.1241	0.1098	0.0143	0.8301	0.5800	0.2502	0.4313	0.3719	0.0595	0.3988	0.2081	0.1907	1.2415	0.0117	4.2043	2.6963	0.0149	25.0342	0.0193	0.0019	0.0906	1.2037	0.7502	2.2548	0.8833	0.9414	0.5201	1.5501	0.4085	2.7960
116	160	0.0802	2	1	0	1	0	0	0	0	0	N	N	N	N	N	N	N	N	N	N	N	N	0.0031	0.0019	0.0114	0.0676	0.0176	3.3060	0.0023	0.0015	0.0057	0.0083	0.0069	0.0163	0.0300	0.0083	0.3723	0.0071	0.0068	0.0085	2.7189	3.5954	1.4351	0.4435	0.4711	0.1126	3.1396	4.5952	1.4754	0.4120	0.2725	-0.0004	-0.7946	1.8441	27.6416	10.4794	54.6365	0.0025	0.0018	0.0007	0.0005	0.0001	0.0004	0.0020	0.0016	0.0004	3.2537	2.5569	0.6968	0.0828	0.0812	0.0016	3.1709	2.4757	0.6952	0.2996	0.2552	0.0445	0.0161	0.0152	0.0010	0.2835	0.2400	0.0435	1.1967	0.7112	0.4855	0.1868	0.1724	0.0144	1.0099	0.5388	0.4712	0.0031	0.0019	0.0114	0.0676	0.0176	3.3060	0.0023	0.0015	0.0057	2.7189	3.5954	1.4351	0.4435	0.4711	0.1126	3.1396	4.5952	1.4754
116	161	0.1847	8	2	1	1	0	0	0	0	0	Y	N	N	N	N	N	N	N	N	N	N	N	0.0000	0.0000	0.0000	0.0000	0.0000	0.0000	0.0000	0.0000	0.0000	0.0000	0.0000	0.0000	0.0000	0.0000	0.0000	0.0000	0.0000	0.0000	29.9405	0.0037	112.2226	0.0189	0.0057	0.2018	20.6827	0.0029	94.1779	7392.6434	0.0000	0.5330	1.8441	0.0002	10.4794	3.0099	0.0000	0.0000	0.0000	0.0000	0.0000	0.0000	0.0000	0.0000	0.0000	0.9843	0.0001	0.9842	0.0002	0.0001	0.0002	0.9841	0.0001	0.9840	0.0000	0.0000	0.0000	0.0000	0.0000	0.0000	0.0000	0.0000	0.0000	0.0598	0.0356	0.0242	0.0118	0.0110	0.0008	0.0480	0.0246	0.0234	0.0000	0.0000	0.0000	0.0000	0.0000	0.0000	0.0000	0.0000	0.0000	16.4570	0.0037	40.6406	0.0189	0.0057	0.2018	20.4983	0.0029	42.0097	
116	162	0.1771	7	2	1	1	0	0	0	0	0	Y	N	N	N	N	N	N	N	N	N	N	N	0.0000	0.0000	0.0000	0.0000	0.0000	0.0000	0.0000	0.0000	0.0000	0.0000	0.0000	0.0000	0.0000	0.0000	0.0000	0.0000	0.0000	0.0000	0.0572	0.0090	0.1267	0.0274	0.0294	0.0016	0.0639	0.0007	0.1308	9.7606	0.0000	0.0015	1.8441	0.9998	10.4794	2.0118	0.0000	0.0000	0.0000	0.0000	0.0000	0.0000	0.0000	0.0000	0.0000	0.0033	0.0003	0.0030	0.0003	0.0003	0.0000	0.0030	0.0000	0.0030	0.0163	0.0139	0.0024	0.0029	0.0028	0.0001	0.0134	0.0112	0.0023	0.0578	0.0341	0.0237	0.0107	0.0099	0.0008	0.0471	0.0242	0.0229	0.0000	0.0000	0.0000	0.0000	0.0000	0.0000	0.0000	0.0000	0.0000	0.0572	0.0090	0.1267	0.0274	0.0294	0.0016	0.0639	0.0007	0.1308	
116	163	0.1771	6	2	1	1	0	0	0	0	0	Y	N	N	N	N	N	N	N	N	N	N	N	0.0000	0.0000	0.0000	0.0000	0.0000	0.0000	0.0000	0.0000	0.0000	0.0000	0.0000	0.0000	0.0000	0.0000	0.0000	0.0000	0.0000	0.0000	0.5782	0.5854	0.5653	0.8326	0.8319	0.8608	0.3668	0.0342	0.5566	0.5384	0.0000	-0.0000	1.8441	0.0000	10.4794	0.0003	0.0000	0.0000	0.0000	0.0000	0.0000	0.0000	0.0000	0.0000	0.0000	0.0000	0.0000	0.0000	0.0000	0.0000	0.0000	0.0000	0.0000	0.0000	0.0000	0.0000	0.0000	0.0000	0.0000	0.0000	0.0000	0.0000	0.0000	0.0000	0.0000	0.0000	0.0000	0.0000	0.0000	0.0000	0.0000	0.0000	0.0000	0.0000	0.0000	0.0000	0.0000	0.0000	0.0000	0.0000	0.0000	0.5782	0.5854	0.5653	0.8326	0.8319	0.8608	0.3668	0.0342	0.5566	
116	164	0.1661	5	1	1	1	0	0	0	0	0	N	N	N	N	N	N	N	N	N	N	N	N	0.2647	0.1076	7.4197	0.0146	0.0136	0.4875	10.6046	2269.5006	8.3081	0.0781	0.0513	0.1749	0.0167	0.0165	0.0392	0.1162	0.0841	0.1768	0.2950	0.4770	0.0236	1.1489	1.2198	0.0804	0.0110	0.0000	0.0213	0.9427	0.0331	0.0000	-0.0131	1.8441	0.0063	10.4794	4.3641	0.0000	0.0000	0.0000	0.0000	0.0000	0.0000	0.0000	0.0000	0.0000	0.0306	0.0296	0.0010	0.0298	0.0296	0.0001	0.0009	0.0000	0.0009	0.0003	0.0002	0.0001	0.0001	0.0001	0.0000	0.0002	0.0001	0.0001	0.1038	0.0622	0.0417	0.0259	0.0243	0.0016	0.0779	0.0378	0.0401	0.2647	0.1076	7.4197	0.0146	0.0136	0.4875	10.6046	2269.5006	8.3081	0.2950	0.4770	0.0236	1.1489	1.2198	0.0804	0.0110	0.0000	0.0213
116	165	0.1342	4	1	0	1	0	0	0	0	0	N	N	N	N	N	N	N	N	N	N	N	N	0.6610	1.4448	1.0037	0.2695	0.2656	0.3614	0.7548	31.8727	1.0123	0.2473	0.1495	0.8340	0.0720	0.0721	0.0718	0.3085	0.1820	0.8643	0.3742	0.1035	0.8310	0.2674	0.2712	0.1986	0.4087	0.0057	0.8538	0.9304	4.7601	0.0005	0.0415	1.8441	2.5207	10.4794	10.0226	0.0134	0.0070	0.0065	0.0010	0.0010	0.0000	0.0124	0.0060	0.0065	0.1127	0.0196	0.0932	0.0197	0.0189	0.0008	0.0931	0.0007	0.0924	0.0543	0.0466	0.0078	0.0141	0.0138	0.0003	0.0403	0.0328	0.0075	0.3012	0.1891	0.1121	0.0735	0.0696	0.0039	0.2277	0.1195	0.1082	0.6610	1.4448	1.0037	0.2695	0.2656	0.3614	0.7548	31.8727	1.0123	0.3742	0.1035	0.8310	0.2674	0.2712	0.1986	0.4087	0.0057	0.8538
116	166	0.1186	3	1	0	1	0	0	0	0	0	N	N	N	N	N	N	N	N	N	N	N	N	0.4402	0.6548	0.5193	0.1413	0.0174	2.8362	0.6127	49.6630	0.3921	0.1929	0.1519	0.4290	0.0707	0.0088	1.1864	0.2514	0.2323	0.3307	0.4383	0.2320	0.8261	0.5002	0.5041	0.4183	0.4103	0.0047	0.8435	0.4908	1.8939	-0.0015	0.0211	1.8441	2.6894	10.4794	4.6619	0.0131	0.0088	0.0043	0.0016	0.0002	0.0014	0.0115	0.0086	0.0029	0.1076	0.0372	0.0704	0.0382	0.0368	0.0015	0.0693	0.0004	0.0689	0.0678	0.0578	0.0100	0.0219	0.0208	0.0012	0.0459	0.0370	0.0089	0.2454	0.1602	0.0852	0.0764	0.0729	0.0035	0.1690	0.0873	0.0817	0.4402	0.6548	0.5193	0.1413	0.0174	2.8362	0.6127	49.6630	0.3921	0.4383	0.2320	0.8261	0.5002	0.5041	0.4183	0.4103	0.0047	0.8435
116	167	0.0802	2	1	0	1	0	0	0	0	0	N	N	N	N	N	N	N	N	N	N	N	N	0.0157	0.1103	0.0267	0.8276	0.0633	4.9980	0.0099	0.4494	0.0242	0.0468	0.0100	0.2474	0.1997	0.0136	3.2682	0.0377	0.0098	0.1831	2.9769	0.0911	9.2559	0.2413	0.2148	0.6539	3.7938	0.0218	7.5809	4.5199	53.2854	0.0006	0.4244	1.8441	2.7966	10.4794	8.5340	0.0016	0.0003	0.0013	0.0004	0.0000	0.0004	0.0012	0.0003	0.0009	0.8111	0.0149	0.7962	0.0151	0.0126	0.0025	0.7960	0.0023	0.7937	0.0341	0.0288	0.0053	0.0019	0.0018	0.0001	0.0321	0.0270	0.0052	0.2725	0.1640	0.1085	0.0627	0.0589	0.0038	0.2098	0.1051	0.1047	0.0157	0.1103	0.0337	0.8276	0.0633	4.9980	0.0099	0.4494	0.0242	2.9769	0.0911	7.3394	0.2413	0.2148	0.6539	3.7938	0.0218	7.5809
117	118	0.3126	2	0	2	0	2	0	0	0	0	N	Y	N	Y	N	N	N	N	N	N	N	N	2.1540	13.5414	0.0000	0.1636	0.1540	0.0006	1.5649	62.4888	0.0000	3.3196	3.8391	0.0000	0.0609	0.0640	0.0000	4.0830	4.8346	0.0000	1.5411	0.2835	4.2753	0.3721	0.4158	0.0690	2.6091	0.0774	5.2687	0.0000	6.9362	-0.4397	1.1368	10.5071	4.0036	20.2622	26.5072	0.9969	0.9969	0.0000	0.0035	0.0035	0.0000	0.9934	0.9934	0.0000	2.7351	0.3446	2.3905	0.3152	0.3079	0.0074	2.4198	0.0368	2.3831	0.3003	0.2597	0.0406	0.0570	0.0542	0.0028	0.2433	0.2055	0.0378	1.7748	1.2156	0.5591	0.8473	0.7405	0.1068	0.9275	0.4751	0.4523	2.1540	13.5414	0.0000	0.1636	0.1540	0.0006	1.5649	62.4888	0.0000	1.5411	0.2835	4.2753	0.3721	0.4158	0.0690	2.6091	0.0774	5.2687
117	119	0.3510	3	0	2	0	1	0	0	0	0	N	Y	N	N	N	N	N	N	N	N	N	N	0.0098	0.0079	0.0097	0.1152	0.1041	0.1075	0.0007	0.0004	0.0046	0.0069	0.0077	0.0006	0.0168	0.0174	0.0022	0.0009	0.0011	0.0003	0.6980	0.9682	0.0612	0.1455	0.1667	0.0207	1.3384	2.4804	0.0756	0.0096	0.0268	-0.0013	-0.5206	10.5071	3.8169	20.2622	21.2433	0.0029	0.0029	0.0000	0.0027	0.0027	0.0000	0.0003	0.0002	0.0000	1.2044	1.1729	0.0315	0.1348	0.1320	0.0028	1.0696	1.0409	0.0287	0.4259	0.3790	0.0469	0.1595	0.1533	0.0062	0.2664	0.2257	0.0407	1.7255	1.2114	0.5141	0.9264	0.7917	0.1346	0.7992	0.4197	0.3795	0.0098	0.0079	0.0097	0.1152	0.1041	0.1075	0.0007	0.0004	0.0046	0.6980	0.9682	0.0612	0.1455	0.1667	0.0207	1.3384	2.4804	0.0756
117	120	0.2244	5	0	2	0	1	0	0	0	0	N	Y	N	N	N	N	N	N	N	N	N	N	0.1181	0.0530	1.2777	0.1804	0.1700	0.2876	0.1004	0.0043	1.4745	0.0571	0.0346	0.1759	0.1078	0.1088	0.0667	0.0394	0.0029	0.1805	0.4832	0.6528	0.1377	0.5976	0.6400	0.2319	0.3923	0.6715	0.1224	0.9587	0.1035	0.0045	-0.7361	10.5071	16.3276	20.2622	34.9199	0.0932	0.0476	0.0456	0.0455	0.0448	0.0007	0.0477	0.0028	0.0449	2.0191	1.8297	0.1894	1.1061	1.0615	0.0445	0.9130	0.7682	0.1449	1.6333	1.3739	0.2594	0.4222	0.4118	0.0104	1.2111	0.9621	0.2490	4.1784	2.8027	1.3758	1.8507	1.6587	0.1921	2.3277	1.1440	1.1837	0.1181	0.0530	1.2777	0.1804	0.1700	0.2876	0.1004	0.0043	1.4745	0.4832	0.6528	0.1377	0.5976	0.6400	0.2319	0.3923	0.6715	0.1224
117	121	0.2070	4	0	2	0	1	0	0	0	0	N	Y	N	N	N	N	N	N	N	N	N	N	0.3390	0.1776	1.1290	0.5428	0.4564	3.2471	0.2734	0.0027	1.0093	0.1314	0.0709	0.4121	0.2587	0.2202	1.3607	0.0838	0.0006	0.3602	0.3876	0.3990	0.3650	0.4766	0.4825	0.4190	0.3064	0.2435	0.3568	1.2542	0.4584	0.0107	-0.1623	10.5071	6.1757	20.2622	14.5601	0.0930	0.0413	0.0517	0.0499	0.0410	0.0089	0.0431	0.0003	0.0429	1.1262	0.7722	0.3540	0.6608	0.6076	0.0532	0.4654	0.1646	0.3007	0.7077	0.5821	0.1256	0.1927	0.1862	0.0065	0.5149	0.3959	0.1190	2.9053	1.9355	0.9698	1.3864	1.2594	0.1270	1.5188	0.6761	0.8427	0.3390	0.1776	1.1290	0.5428	0.4564	3.2471	0.2734	0.0027	1.0093	0.3876	0.3990	0.3650	0.4766	0.4825	0.4190	0.3064	0.2435	0.3568
117	122	0.1540	3	0	1	0	1	0	0	0	0	N	N	N	N	N	N	N	N	N	N	N	N	0.6700	0.5461	1.0137	1.2451	0.7889	8.8674	0.2940	0.0837	0.5316	0.4493	0.2634	1.0146	0.7814	0.5105	3.0942	0.2072	0.0148	0.5623	0.6706	0.4824	1.0009	0.6276	0.6472	0.3489	0.7048	0.1764	1.0578	1.2665	1.1823	0.0792	0.2118	10.5071	7.5400	20.2622	21.4192	0.6729	0.2969	0.3760	0.4934	0.2886	0.2048	0.1794	0.0083	0.1712	2.5398	1.1638	1.3760	1.0534	1.0149	0.0385	1.4864	0.1489	1.3375	1.4976	1.1270	0.3706	0.6315	0.5653	0.0662	0.8661	0.5617	0.3044	3.7873	2.4125	1.3748	1.6784	1.5681	0.1104	2.1089	0.8444	1.2644	0.6700	0.5461	1.0137	1.2451	0.7889	8.8674	0.2940	0.0837	0.5316	0.6706	0.4824	1.0009	0.6276	0.6472	0.3489	0.7048	0.1764	1.0578
117	123	0.3865	4	0	2	0	1	0	0	0	0	N	Y	N	N	N	N	N	N	N	N	N	N	0.0286	0.0023	1.4627	0.0015	0.0004	0.4429	0.2448	0.0268	1.4153	0.0202	0.0022	0.1435	0.0018	0.0005	0.0191	0.0287	0.0031	0.1698	0.7057	0.9647	0.0981	1.2129	1.4326	0.0431	0.1172	0.1148	0.1199	9.4663	0.0434	0.0033	-0.4159	10.5071	4.0019	20.2622	19.5615	0.0072	0.0007	0.0065	0.0002	0.0001	0.0001	0.0070	0.0006	0.0063	0.9979	0.9564	0.0415	0.9212	0.9160	0.0052	0.0767	0.0404	0.0363	0.3545	0.3094	0.0451	0.1122	0.1044	0.0079	0.2423	0.2051	0.0372	1.4140	0.9914	0.4226	0.7595	0.6394	0.1201	0.6546	0.3520	0.3025	0.0286	0.0023	1.4627	0.0015	0.0004	0.4429	0.2448	0.0268	1.4153	0.7057	0.9647	0.0981	1.2129	1.4326	0.0431	0.1172	0.1148	0.1199
117	124	0.3645	3	0	1	0	1	0	0	0	0	N	N	N	N	N	N	N	N	N	N	N	N	0.2611	4.0708	0.0000	1.2119	2.9539	0.0001	0.2560	4.5285	0.0001	0.3304	0.3922	0.0001	0.1471	0.1803	0.0001	0.6416	0.7234	0.0003	1.2652	0.0963	3.9385	0.1214	0.0610	0.4882	2.5063	0.1597	5.0389	0.0001	17.8742	-0.0456	0.4348	10.5071	1.2223	20.2622	8.2281	0.1034	0.1034	0.0000	0.0290	0.0290	0.0000	0.0744	0.0744	0.0000	0.8897	0.0471	0.8426	0.0444	0.0192	0.0253	0.8453	0.0280	0.8173	0.3131	0.2637	0.0494	0.1971	0.1608	0.0362	0.1160	0.1029	0.0131	0.7033	0.4893	0.2139	0.3660	0.3143	0.0517	0.3373	0.1751	0.1622	0.2611	4.0708	0.0000	1.2119	2.9539	0.0001	0.2560	4.5285	0.0001	1.2652	0.0963	3.9385	0.1214	0.0610	0.4882	2.5063	0.1597	5.0389
117	125	0.3126	2	0	1	0	1	0	0	0	0	N	N	N	N	N	N	N	N	N	N	N	N	0.1624	1.2788	0.0219	0.1973	0.0722	2.5291	0.1091	3.6411	0.0088	0.2215	0.2428	0.0847	0.0505	0.0184	0.6679	0.2615	0.3018	0.0412	1.3634	0.1899	3.8686	0.2558	0.2546	0.2641	2.3973	0.0829	4.6788	0.0544	9.5454	-0.0385	0.7183	10.5071	5.9920	20.2622	12.2976	0.0988	0.0937	0.0051	0.0043	0.0015	0.0028	0.0946	0.0923	0.0023	1.6077	0.1525	1.4552	0.1456	0.1274	0.0182	1.4621	0.0251	1.4370	0.4463	0.3861	0.0602	0.0846	0.0804	0.0042	0.3617	0.3057	0.0560	1.1792	0.8030	0.3762	0.5693	0.5002	0.0690	0.6099	0.3028	0.3071	0.1624	1.2788	0.0219	0.1973	0.0722	2.5291	0.1091	3.6411	0.0088	1.3634	0.1899	3.8686	0.2558	0.2546	0.2641	2.3973	0.0829	4.6788
117	126	0.3497	4	0	2	0	1	0	0	0	0	N	Y	N	N	N	N	N	N	N	N	N	N	0.1424	0.1607	0.0872	0.7206	0.6698	1.8293	0.0229	0.0125	0.0735	0.2637	0.2753	0.1889	0.7682	0.8012	0.1486	0.0592	0.0317	0.1938	1.8520	1.7135	2.1657	1.0661	1.1962	0.0812	2.5875	2.5418	2.6364	0.1072	0.5578	-0.0407	-0.2702	10.5071	5.0407	20.2622	17.1705	0.1182	0.1068	0.0114	0.0993	0.0983	0.0010	0.0189	0.0084	0.0105	2.6937	1.7292	0.9645	0.7497	0.7430	0.0067	1.9440	0.9861	0.9579	0.4483	0.3877	0.0606	0.1293	0.1227	0.0065	0.3190	0.2650	0.0540	1.4545	1.0092	0.4454	0.7032	0.6212	0.0820	0.7513	0.3880	0.3633	0.1424	0.1607	0.0872	0.7206	0.6698	1.8293	0.0229	0.0125	0.0735	1.8520	1.7135	2.1657	1.0661	1.1962	0.0812	2.5875	2.5418	2.6364
117	127	0.3338	3	0	2	0	1	0	0	0	0	N	Y	N	N	N	N	N	N	N	N	N	N	0.3171	0.2430	0.6943	0.5934	0.5994	0.2799	0.2060	0.0184	0.6811	0.0271	0.0164	0.0892	0.0465	0.0478	0.0185	0.0190	0.0009	0.0961	0.0855	0.0673	0.1284	0.0783	0.0797	0.0663	0.0922	0.0471	0.1411	0.9430	0.8052	0.0002	-0.0007	10.5071	1.9703	20.2622	6.2034	0.0052	0.0027	0.0025	0.0026	0.0026	0.0000	0.0026	0.0001	0.0025	0.0564	0.0312	0.0251	0.0251	0.0229	0.0022	0.0312	0.0083	0.0230	0.1922	0.1638	0.0283	0.0566	0.0541	0.0025	0.1355	0.1097	0.0258	0.6597	0.4639	0.1958	0.3209	0.2879	0.0330	0.3388	0.1760	0.1628	0.3171	0.2430	0.6943	0.5934	0.5994	0.2799	0.2060	0.0184	0.6811	0.0855	0.0673	0.1284	0.0783	0.0797	0.0663	0.0922	0.0471	0.1411
117	128	0.3126	2	0	1	0	1	0	0	0	0	N	N	N	N	N	N	N	N	N	N	N	N	0.0942	0.0920	0.0118	0.3072	0.2995	0.0091	0.0075	0.0106	0.0118	0.0288	0.0329	0.0023	0.1451	0.1525	0.0016	0.0011	0.0009	0.0024	0.3055	0.3581	0.1979	0.4724	0.5091	0.1752	0.1460	0.0806	0.2023	0.0112	0.2702	-0.0010	-0.0507	10.5071	1.1032	20.2622	7.8190	0.0024	0.0024	0.0000	0.0024	0.0024	0.0000	0.0001	0.0000	0.0000	0.2066	0.1626	0.0439	0.1561	0.1497	0.0064	0.0505	0.0129	0.0376	0.0845	0.0730	0.0115	0.0162	0.0154	0.0008	0.0683	0.0576	0.0107	0.6761	0.4541	0.2221	0.3304	0.2941	0.0363	0.3457	0.1599	0.1858	0.0942	0.0920	0.0118	0.3072	0.2995	0.0091	0.0075	0.0106	0.0118	0.3055	0.3581	0.1979	0.4724	0.5091	0.1752	0.1460	0.0806	0.2023
117	129	0.1833	4	0	2	0	1	0	0	0	0	N	Y	N	N	N	N	N	N	N	N	N	N	2.3682	2.8995	0.0000	2.6617	3.4285	0.0000	0.0028	0.0089	0.0000	0.0018	0.0024	0.0000	0.0028	0.0034	0.0000	0.0000	0.0000	0.0000	0.0008	0.0008	0.0006	0.0011	0.0010	0.0031	0.0004	0.0002	0.0005	0.0000	0.4770	-0.0008	-0.0002	10.5071	1.0033	20.2622	0.8635	0.0018	0.0018	0.0000	0.0018	0.0018	0.0000	0.0000	0.0000	0.0000	0.0011	0.0008	0.0004	0.0008	0.0007	0.0001	0.0003	0.0000	0.0003	1.0373	0.7689	0.2684	0.6521	0.5458	0.1064	0.3852	0.2231	0.1621	1.4988	0.9209	0.5779	0.7553	0.7277	0.0275	0.7435	0.1931	0.5504	2.3682	2.8995	0.0000	2.6617	3.4285	0.0000	0.0028	0.0089	0.0000	0.0008	0.0008	0.0006	0.0011	0.0010	0.0031	0.0004	0.0002	0.0005
117	130	0.1540	3	0	1	0	1	0	0	0	0	N	N	N	N	N	N	N	N	N	N	N	N	1.9794	2.0706	2.1695	2.4259	2.2646	8.6734	1.5924	8.6866	2.0284	0.7743	0.6342	1.1674	0.9797	0.9556	1.1779	0.6044	0.2457	1.1650	0.3912	0.3063	0.5381	0.4039	0.4220	0.1358	0.3796	0.0283	0.5743	0.6559	1.0149	-0.0468	0.0577	10.5071	5.5514	20.2622	9.9598	1.0394	0.6277	0.4117	0.5953	0.5176	0.0777	0.4442	0.1101	0.3341	1.2723	0.6314	0.6408	0.6277	0.6143	0.0134	0.6446	0.0171	0.6275	1.3425	0.9898	0.3527	0.6076	0.5417	0.0659	0.7349	0.4482	0.2867	3.2525	2.0616	1.1909	1.5542	1.4558	0.0984	1.6983	0.6058	1.0925	1.9794	2.0706	2.1695	2.4259	2.2646	8.6734	1.5924	8.6866	2.0284	0.3912	0.3063	0.5381	0.4039	0.4220	0.1358	0.3796	0.0283	0.5743
117	131	0.1237	2	0	1	0	1	0	0	0	0	N	N	N	N	N	N	N	N	N	N	N	N	1.1030	1.2218	0.8811	1.5308	1.5023	2.1022	0.7692	1.3034	0.8427	0.6465	0.6938	0.5425	1.1208	1.1271	0.8966	0.3566	0.1919	0.5303	0.5862	0.5678	0.6157	0.7322	0.7503	0.4265	0.4636	0.1473	0.6293	0.3553	0.6713	-0.2293	-0.1299	10.5071	9.1969	20.2622	13.4651	1.2814	0.9455	0.3360	0.8428	0.8243	0.0185	0.4387	0.1212	0.3175	2.2910	1.3708	0.9202	1.3058	1.2632	0.0426	0.9852	0.1075	0.8776	1.9820	1.3627	0.6193	0.7519	0.7313	0.0206	1.2301	0.6314	0.5987	3.9085	2.4139	1.4946	1.7835	1.6836	0.0999	2.1250	0.7303	1.3947	1.1030	1.2218	0.8811	1.5308	1.5023	2.1022	0.7692	1.3034	0.8427	0.5862	0.5678	0.6157	0.7322	0.7503	0.4265	0.4636	0.1473	0.6293
117	132	0.4095	6	1	2	0	2	0	0	0	0	N	Y	N	Y	N	N	N	N	N	N	N	N	19.6118	15.2123	36.7003	32.7833	0.0426	0.0486	0.0000	0.1587	0.1675	0.0000	0.0000	0.0000	0.0000	0.0022	0.0032	0.0000	0.0043	0.0051	0.0000	0.0000	0.0000	0.0000	0.0000	0.0000	-0.0016	-0.0002	10.5071	1.0000	20.2622	3.0001	0.0036	0.0036	0.0000	0.0036	0.0036	0.0000	0.0000	0.0000	0.0000	0.0005	0.0005	0.0000	0.0005	0.0005	0.0000	0.0000	0.0000	0.0000	0.0847	0.0743	0.0105	0.0227	0.0216	0.0012	0.0620	0.0527	0.0093	0.2155	0.1465	0.0690	0.1082	0.0916	0.0166	0.1072	0.0549	0.0524	19.6118	15.2123	0.0000	36.7003	32.7833	0.0000	0.0000	0.0000	0.0000	0.0022	0.0032	0.0000	0.0043	0.0051	0.0000	0.0000	0.0000	0.0000					
117	133	0.3361	8	1	2	0	2	0	0	0	0	N	Y	N	Y	N	N	N	N	N	N	N	N	0.0073	0.0000	40.9035	0.0080	0.0000	2292.7670	0.0000	0.0000	0.0000	0.0125	0.0000	0.1160	0.0330	0.0000	0.5468	0.0000	0.0000	0.0000	1.7156	2.5474	0.0028	4.1091	4.5969	0.0002	0.0016	0.0000	0.0032	inf	0.0005	0.0000	-0.1005	10.5071	0.0006	20.2622	1.9797	0.0000	0.0000	0.0000	0.0000	0.0000	0.0000	0.0000	0.0000	0.0000	0.2195	0.2194	0.0001	0.2194	0.2194	0.0000	0.0001	0.0000	0.0001	0.0001	0.0001	0.0000	0.0000	0.0000	0.0000	0.0000	0.0000	0.0000	0.1279	0.0861	0.0418	0.0534	0.0477	0.0057	0.0745	0.0384	0.0362	0.0073	0.0000	40.9035	0.0080	0.0000	2292.7670	0.0000	0.0000	0.0000	1.7156	2.5474	0.0028	4.1091	4.5969	0.0002	0.0016	0.0000	0.0032
117	134	0.3193	7	1	2	0	2	0	0	0	0	N	Y	N	Y	N	N	N	N	N	N	N	N	0.0000	0.0001	0.0000	0.0001	0.0001	0.0000	0.0000	0.0000	0.0000	0.0000	0.0000	0.0000	0.0000	0.0000	0.0000	0.0000	0.0000	0.0000	2.2783	0.0740	7.9006	0.1365	0.1449	0.0676	3.6255	0.0003	7.8706	0.2277	44.6374	-0.0000	0.5188	10.5071	2.0077	20.2622	6.0321	0.0000	0.0000	0.0000	0.0000	0.0000	0.0000	0.0000	0.0000	0.0000	0.9983	0.0219	0.9764	0.0231	0.0218	0.0013	0.9752	0.0000	0.9752	0.1760	0.1536	0.0224	0.0517	0.0490	0.0027	0.1243	0.1046	0.0197	0.4382	0.2958	0.1424	0.1692	0.1507	0.0185	0.2690	0.1451	0.1239	0.0000	0.0001	0.0000	0.0001	0.0001	0.0000	0.0000	0.0000	0.0000	2.2783	0.0740	6.8564	0.1365	0.1449	0.0676	3.6255	0.0003	7.8706
117	135	0.3146	7	0	2	0	2	0	0	0	0	N	Y	N	Y	N	N	N	N	N	N	N	N	0.0009	0.0001	0.0123	0.0003	0.0001	0.1141	0.0024	0.0000	0.0114	0.0001	0.0000	0.0006	0.0000	0.0000	0.0004	0.0001	0.0000	0.0007	0.0957	0.1169	0.0510	0.1695	0.1874	0.0032	0.0444	0.0322	0.0578	11.3109	0.2071	0.0000	-0.0217	10.5071	3.0348	20.2622	9.3583	0.0000	0.0000	0.0000	0.0000	0.0000	0.0000	0.0000	0.0000	0.0000	0.0755	0.0626	0.0130	0.0548	0.0547	0.0001	0.0207	0.0078	0.0129	0.2691	0.2341	0.0350	0.0769	0.0731	0.0038	0.1922	0.1610	0.0312	0.7895	0.5354	0.2541	0.3235	0.2920	0.0316	0.4660	0.2434	0.2226	0.0009	0.0001	0.0123	0.0003	0.0001	0.1141	0.0024	0.0000	0.0114	0.0957	0.1169	0.0510	0.1695	0.1874	0.0032	0.0444	0.0322	0.0578
117	136	0.3002	6	0	1	0	2	0	0	0	0	N	N	N	Y	N	N	N	N	N	N	N	N	0.0039	0.1034	0.0006	0.2141	0.2111	0.0530	0.0004	0.0002	0.0007	0.0115	0.0121	0.0087	0.0322	0.0333	0.0047	0.0018	0.0000	0.0090	2.9881	0.1166	13.7884	0.1502	0.1576	0.0895	4.7903	0.0730	13.4992	0.1262	37.1218	-0.0000	0.5958	10.5071	0.0433	20.2622	6.6805	0.0001	0.0000	0.0000	0.0000	0.0000	0.0000	0.0000	0.0000	0.0000	1.1560	0.0303	1.1257	0.0226	0.0211	0.0015	1.1334	0.0092	1.1242	0.0046	0.0039	0.0007	0.0015	0.0014	0.0001	0.0031	0.0025	0.0006	0.3869	0.2601	0.1268	0.1503	0.1339	0.0163	0.2366	0.1262	0.1104	0.0039	0.1034	0.0010	0.2141	0.2111	0.0530	0.0004	0.0002	0.0009	2.9881	0.1166	8.8797	0.1502	0.1576	0.0895	4.7903	0.0730	10.1786
117	137	0.4391	8	0	2	0	2	0	0	0	0	N	Y	N	Y	N	N	N	N	N	N	N	N	0.0000	0.0000	0.0000	0.0000	0.0000	0.0000	0.0000	0.0000	0.0000	0.0000	0.0000	0.0000	0.0000	0.0000	0.0000	0.0000	0.0000	0.0000	0.0000	0.0000	10.5071	0.0000	20.2622	0.0000	0.0000	0.0000	0.0000	0.0000	0.0000	0.0000	0.0000	0.0000	0.0000	0.0000	0.0000	0.0000	0.0000	0.0000	0.0000	0.0000	0.0000	0.0000	0.0000	0.0000	0.0000	0.0000	0.0000	0.0000	0.0000	0.0000	0.0000	0.0000	0.0000	0.0000	0.0000	0.0000	0.0000	0.0000	0.0000	0.0000	0.0000	0.0000	0.0000	0.0000	0.0000	0.0000	0.0000	0.0000	0.0000	0.0000	0.0000	0.0000	0.0000	0.0000	0.0000	0.0000	0.0000	0.0000											
117	138	0.4341	7	0	2	0	2	0	0	0	0	N	Y	N	Y	N	N	N	N	N	N	N	N	0.0558	0.0408	0.0000	0.0412	0.0362	0.0000	0.0000	0.0000	0.0000	0.0000	0.0000	0.0000	0.0000	0.0000	0.0000	0.0000	0.0005	0.0007	0.0000	0.0010	0.0012	0.0000	0.0000	0.0000	0.0000	0.0000	0.0002	-0.0000	-0.0000	10.5071	0.0021	20.2622	2.0000	0.0000	0.0000	0.0000	0.0000	0.0000	0.0000	0.0000	0.0000	0.0000	0.0001	0.0001	0.0000	0.0001	0.0001	0.0000	0.0000	0.0000	0.0000	0.0004	0.0004	0.0000	0.0003	0.0003	0.0000	0.0001	0.0001	0.0000	0.1062	0.0724	0.0338	0.0528	0.0451	0.0077	0.0534	0.0273	0.0261	0.0558	0.0408	0.0000	0.0412	0.0362	0.0000	0.0000	0.0000	0.0000	0.0005	0.0007	0.0000	0.0010	0.0012	0.0000	0.0000	0.0000	0.0000		
117	139	0.4239	6	0	1	0	2	0	0	0	0	N	N	N	Y	N	N	N	N	N	N	N	N	0.0393	0.0336	0.0052	0.0797	0.0719	0.0284	0.0014	0.0000	0.0045	0.0015	0.0017	0.0001	0.0058	0.0061	0.0000	0.0000	0.0000	0.0001	0.0391	0.0519	0.0122	0.0721	0.0844	0.0002	0.0077	0.0000	0.0156	0.0051	0.1117	-0.0001	-0.0030	10.5071	1.0020	20.2622	3.0181	0.0001	0.0001	0.0000	0.0001	0.0001	0.0000	0.0000	0.0000	0.0000	0.0085	0.0076	0.0009	0.0076	0.0076	0.0000	0.0008	0.0000	0.0008	0.0850	0.0744	0.0105	0.0226	0.0214	0.0012	0.0624	0.0530	0.0094	0.2168	0.1469	0.0699	0.1058	0.0904	0.0154	0.1110	0.0565	0.0545	0.0393	0.0336	0.0052	0.0797	0.0719	0.0284	0.0014	0.0000	0.0045	0.0391	0.0519	0.0122	0.0721	0.0844	0.0002	0.0077	0.0000	0.0156
117	140	0.4095	6	0	2	0	1	0	0	0	0	N	Y	N	N	N	N	N	N	N	N	N	N	0.0000	0.0000	0.0000	0.0000	0.0000	0.0000	0.0000	0.0000	0.0000	0.0000	0.0000	0.0000	0.0000	0.0012	0.0018	0.0000	0.0024	0.0028	0.0000	0.0000	0.0000	0.0000	0.0000	0.0000	-0.0001	10.5071	0.0000	20.2622	4.0001	0.0000	0.0000	0.0000	0.0000	0.0000	0.0000	0.0000	0.0000	0.0000	0.0003	0.0003	0.0000	0.0003	0.0003	0.0000	0.0000	0.0000	0.0000	0.0000	0.0000	0.0000	0.0000	0.0000	0.0000	0.0000	0.0000	0.0000	0.2155	0.1465	0.0690	0.1082	0.0916	0.0166	0.1072	0.0549	0.0524	0.0000	0.0000	0.0000	0.0000	0.0000	0.0000	0.0000	0.0000	0.0000	0.0012	0.0018	0.0000	0.0024	0.0028	0.0000	0.0000	0.0000	0.0000						
117	141	0.3148	6	0	2	0	1	0	0	0	0	N	Y	N	N	N	N	N	N	N	N	N	N	0.0006	0.0004	0.0002	0.0004	0.0004	0.0000	0.0104	0.0071	0.0002	0.0016	0.0019	0.0000	0.0051	0.0054	0.0000	0.0002	0.0002	0.0000	2.8601	4.2309	0.0021	13.0371	12.9790	0.0018	0.0155	0.0270	0.0021	0.0000	0.0002	-0.0001	-0.4418	10.5071	1.0003	20.2622	5.0186	0.0001	0.0001	0.0000	0.0001	0.0001	0.0000	0.0000	0.0000	0.0000	0.9643	0.9640	0.0002	0.9611	0.9610	0.0000	0.0032	0.0030	0.0002	0.0879	0.0767	0.0112	0.0258	0.0245	0.0014	0.0620	0.0523	0.0098	0.3371	0.2279	0.1093	0.1309	0.1166	0.0143	0.2062	0.1113	0.0949	0.0006	0.0004	0.0002	0.0007	0.0007	0.0000	0.0104	0.0071	0.0002	2.8601	4.2309	0.0021	7.3417	8.2443	0.0018	0.0155	0.0270	0.0021
117	142	0.4239	6	0	1	1	2	0	0	0	0	N	N	N	Y	N	N	N	N	N	N	N	N	0.0070	0.0000	2.4779	0.0001	0.0000	inf	0.0131	0.0000	1.9774	0.0265	0.0000	0.1362	0.0006	0.0000	0.0405	0.0441	0.0000	0.1392	3.7958	6.2278	0.0550	4.2636	4.9878	0.0000	3.3531	6.5012	0.0704	inf	0.0047	0.0000	-0.8157	10.5071	0.0001	20.2622	9.0026	0.0000	0.0000	0.0000	0.0000	0.0000	0.0000	0.0000	0.0000	0.0000	1.7979	1.7895	0.0084	0.9819	0.9819	0.0000	0.8159	0.8076	0.0084	0.0000	0.0000	0.0000	0.0000	0.0000	0.0000	0.0000	0.0000	0.0000	0.4736	0.3211	0.1526	0.2303	0.1969	0.0334	0.2433	0.1242	0.1191	0.0070	0.0000	2.4779	0.0001	0.0000	inf	0.0131	0.0000	1.9774	3.7958	5.5733	0.0550	4.2636	4.9878	0.0000	3.3531	6.5012	0.0704
117	143	0.3002	6	0	1	1	2	0	0	0	0	N	N	N	Y	N	N	N	N	N	N	N	N	0.0009	0.0007	1.4676	0.0165	0.0155	0.0049	0.0000	0.0000	7.0168	0.0015	0.0017	0.0002	0.0054	0.0057	0.0000	0.0000	0.0000	0.0002	1.6626	2.4746	0.0001	0.3293	0.3689	0.0008	2.4987	4.6837	0.0000	0.0151	0.0000	-0.0001	-0.4295	10.5071	2.0061	20.2622	8.0425	0.0003	0.0003	0.0000	0.0003	0.0003	0.0000	0.0000	0.0000	0.0000	0.9371	0.9371	0.0000	0.0715	0.0715	0.0000	0.8656	0.8656	0.0000	0.1746	0.1520	0.0226	0.0490	0.0464	0.0026	0.1256	0.1055	0.0200	0.5636	0.3787	0.1850	0.2172	0.1939	0.0233	0.3464	0.1848	0.1616	0.0009	0.0007	1.4676	0.0165	0.0155	0.0049	0.0000	0.0000	7.0168	1.6626	2.4746	0.0001	0.3293	0.3689	0.0008	2.4987	4.6837	0.0000
117	144	0.2912	5	0	1	0	2	0	0	0	0	N	N	N	Y	N	N	N	N	N	N	N	N	1.4141	0.0599	89.1233	1.5994	1.3546	36.8985	1.0906	0.0000	75.0498	0.5661	0.0328	4.0798	0.0965	0.0975	0.0789	0.7754	0.0000	4.6523	0.4003	0.5478	0.0458	0.0604	0.0720	0.0021	0.7110	1.1620	0.0620	18.8742	0.0348	0.0536	-0.0619	10.5071	1.9550	20.2622	2.1189	0.1053	0.0053	0.1000	0.0055	0.0053	0.0002	0.0998	0.0000	0.0998	0.1458	0.1409	0.0049	0.0105	0.0104	0.0001	0.1353	0.1305	0.0048	0.1860	0.1615	0.0245	0.0574	0.0543	0.0031	0.1287	0.1072	0.0214	0.3642	0.2572	0.1070	0.1739	0.1449	0.0290	0.1903	0.1123	0.0780	1.4141	0.0599	89.1233	1.5994	1.3546	36.8985	1.0906	0.0000	75.0498	0.4003	0.5478	0.0458	0.0604	0.0720	0.0021	0.7110	1.1620	0.0620
117	145	0.2912	5	0	1	1	2	0	0	0	0	N	N	N	Y	N	N	N	N	N	N	N	N	26.5891	22.9001	0.4828	0.1274	0.0728	4.2453	34.2296	25.6510	0.1521	4.9027	5.6406	0.0255	0.0193	0.0123	0.1446	7.0637	8.4674	0.0086	0.1844	0.2463	0.0529	0.1517	0.1683	0.0341	0.2064	0.3301	0.0563	0.0007	0.1011	-0.4336	-0.0823	10.5071	2.1261	20.2622	18.6477	0.9845	0.9838	0.0007	0.0012	0.0007	0.0005	0.9833	0.9831	0.0002	0.2245	0.2039	0.0206	0.0743	0.0722	0.0021	0.1503	0.1317	0.0185	0.2008	0.1744	0.0264	0.0616	0.0583	0.0033	0.1392	0.1161	0.0231	1.2177	0.8278	0.3898	0.4895	0.4288	0.0607	0.7282	0.3991	0.3291	26.5891	22.9001	0.4828	0.1274	0.0728	4.2453	34.2296	25.6510	0.1521	0.1844	0.2463	0.0529	0.1517	0.1683	0.0341	0.2064	0.3301	0.0563
117	146	0.4239	6	0	1	1	2	0	0	0	0	N	N	N	Y	N	N	N	N	N	N	N	N	6.7740	1246.9083	0.0000	23.8027	21.4844	0.0657	4.7191	2095569.5126	0.0000	5.7950	6.6140	0.0000	0.1760	0.1857	0.0000	7.8298	9.2087	0.0000	0.8555	0.0053	2.6444	0.0074	0.0086	0.0000	1.6592	0.0000	3.3876	0.0000	236.9265	-0.4316	0.1941	10.5071	2.0001	20.2622	5.9880	0.9786	0.9786	0.0000	0.0079	0.0079	0.0000	0.9707	0.9707	0.0000	0.3612	0.0015	0.3596	0.0015	0.0015	0.0000	0.3596	0.0000	0.3596	0.1689	0.1480	0.0209	0.0449	0.0425	0.0023	0.1240	0.1054	0.0186	0.4222	0.2862	0.1360	0.2054	0.1756	0.0298	0.2168	0.1106	0.1062	6.7740	1246.9083	0.0000	23.8027	21.4844	0.0657	4.7191	2095569.5126	0.0000	0.8555	0.0053	2.6444	0.0074	0.0086	0.0000	1.6592	0.0000	3.3876
117	147	0.4239	6	0	1	1	2	0	0	0	0	N	N	N	Y	N	N	N	N	N	N	N	N	0.0662	0.0983	0.0498	0.2067	0.2099	0.0277	0.0144	0.0000	0.0476	0.1037	0.0991	0.1367	0.3299	0.3461	0.0355	0.0222	0.0000	0.1495	1.5651	1.0080	2.7424	1.5960	1.6487	1.2812	1.5365	0.0252	3.1406	0.1930	1.2873	-0.0214	0.2513	10.5071	9.0001	20.2622	23.0169	0.0765	0.0641	0.0124	0.0645	0.0641	0.0004	0.0120	0.0000	0.0120	2.4064	1.0521	1.3543	1.1772	1.0417	0.1355	1.2292	0.0104	1.2188	0.7375	0.6470	0.0905	0.1954	0.1852	0.0102	0.5422	0.4618	0.0803	1.5375	1.0437	0.4938	0.7376	0.6318	0.1057	0.8000	0.4119	0.3881	0.0662	0.0983	0.0498	0.2067	0.2099	0.0277	0.0144	0.0000	0.0476	1.5651	1.0080	2.7424	1.5960	1.6487	1.2812	1.5365	0.0252	3.1406
117	148	0.3985	5	0	1	0	2	0	0	0	0	N	N	N	Y	N	N	N	N	N	N	N	N	0.0112	0.0000	0.0496	0.0005	0.0000	0.6568	0.0125	0.0000	0.0417	0.0325	0.0000	0.2627	0.0011	0.0000	0.0210	0.0441	0.0000	0.2935	2.8955	1.7906	5.2964	2.3008	2.7105	0.0320	3.5203	0.1992	7.0389	5308.9930	1.3613	0.0031	0.2003	10.5071	1.9990	20.2622	7.9526	0.0055	0.0000	0.0055	0.0001	0.0000	0.0000	0.0055	0.0000	0.0055	1.6954	0.7180	0.9774	0.6902	0.6887	0.0015	1.0052	0.0293	0.9759	0.1696	0.1486	0.0210	0.0457	0.0433	0.0024	0.1239	0.1053	0.0186	0.5855	0.4010	0.1845	0.3000	0.2541	0.0459	0.2855	0.1469	0.1386	0.0112	0.0000	0.0496	0.0005	0.0000	0.6568	0.0125	0.0000	0.0417	2.8955	1.7906	5.2964	2.3008	2.7105	0.0320	3.5203	0.1992	7.0389
117	149	0.3666	4	1	2	0	1	0	0	0	0	N	Y	N	N	N	N	N	N	N	N	N	N	8.4614	9.6091	0.0021	0.7133	0.7074	0.0001	15.9937	30.0515	0.0023	1.1934	1.3652	0.0003	0.1291	0.1343	0.0000	1.6146	1.9226	0.0003	0.1410	0.1421	0.1386	0.1809	0.1899	0.1238	0.1009	0.0640	0.1429	0.0000	0.4212	-0.2706	-0.0309	10.5071	5.3497	20.2622	17.2225	0.6136	0.6135	0.0000	0.0188	0.0188	0.0000	0.5947	0.5947	0.0000	0.1905	0.1340	0.0565	0.1225	0.1111	0.0114	0.0680	0.0229	0.0451	0.5141	0.4494	0.0647	0.1458	0.1401	0.0057	0.3684	0.3093	0.0590	1.3507	0.9434	0.4073	0.6769	0.5851	0.0918	0.6738	0.3583	0.3155	8.4614	9.6091	0.0021	0.7133	0.7074	0.0001	15.9937	30.0515	0.0023	0.1410	0.1421	0.1386	0.1809	0.1899	0.1238	0.1009	0.0640	0.1429
117	150	0.3974	5	0	2	0	1	0	0	0	0	N	Y	N	N	N	N	N	N	N	N	N	N	0.0036	0.0034	0.0075	0.0032	0.0038	0.0060	0.0041	0.0067	0.0089	0.0063	0.0034	0.0277	0.0060	0.0050	0.0318	0.0065	0.0024	0.0272	1.7563	0.9866	3.6795	1.8910	1.3081	5.3138	1.5896	0.3573	3.0387	1.1168	1.4927	0.0002	0.3859	10.5071	3.6794	20.2622	17.4287	0.0028	0.0013	0.0015	0.0009	0.0008	0.0002	0.0018	0.0006	0.0013	2.7471	1.1021	1.6451	1.6363	0.9671	0.6691	1.1109	0.1349	0.9759	0.4431	0.3899	0.0532	0.1581	0.1521	0.0060	0.2850	0.2378	0.0472	1.5641	1.1170	0.4471	0.8653	0.7393	0.1259	0.6989	0.3777	0.3212	0.0036	0.0034	0.0075	0.0032	0.0038	0.0060	0.0041	0.0067	0.0089	1.7563	0.9866	3.6795	1.8910	1.3081	5.3138	1.5896	0.3573	3.0387
117	151	0.3666	4	0	2	0	1	0	0	0	0	N	Y	N	N	N	N	N	N	N	N	N	N	11.3845	10.2350	0.2488	0.0428	0.0350	0.4627	25.1277	20.6551	0.2410	2.7617	3.1580	0.0205	0.0138	0.0124	0.0522	3.9491	4.7304	0.0176	0.2426	0.3086	0.0824	0.3227	0.3550	0.1128	0.1572	0.2290	0.0731	0.0009	0.1100	-0.4370	-0.0803	10.5071	3.4464	20.2622	10.1316	0.9927	0.9918	0.0009	0.0015	0.0013	0.0002	0.9912	0.9905	0.0007	0.2236	0.2015	0.0222	0.1535	0.1464	0.0071	0.0701	0.0551	0.0150	0.3595	0.3141	0.0454	0.1085	0.1047	0.0038	0.2510	0.2094	0.0416	0.9219	0.6530	0.2689	0.4757	0.4123	0.0633	0.4463	0.2406	0.2056	11.3845	10.2350	0.2488	0.0428	0.0350	0.4627	25.1277	20.6551	0.2410	0.2426	0.3086	0.0824	0.3227	0.3550	0.1128	0.1572	0.2290	0.0731
117	152	0.3216	8	1	2	0	1	0	0	0	0	N	Y	N	N	N	N	N	N	N	N	N	N	0.1249	0.1792	0.0004	0.1614	0.2802	0.0000	0.0483	0.0000	0.1382	0.0330	0.0378	0.0001	0.1102	0.1162	0.0001	0.0000	0.0000	0.0002	0.2638	0.2109	0.3738	0.6827	0.4146	2.8658	0.0005	0.0000	0.0011	0.0006	0.8508	-0.0013	0.0002	10.5071	1.0143	20.2622	12.0086	0.0030	0.0030	0.0000	0.0030	0.0030	0.0000	0.0000	0.0000	0.0000	0.1836	0.0992	0.0844	0.1833	0.0992	0.0842	0.0002	0.0000	0.0002	0.0905	0.0789	0.0116	0.0271	0.0257	0.0014	0.0634	0.0532	0.0102	0.6959	0.4702	0.2258	0.2686	0.2392	0.0294	0.4274	0.2310	0.1964	0.1249	0.1792	0.0004	0.1614	0.2802	0.0000	0.0483	0.0000	0.1382	0.2638	0.2109	0.3738	0.6827	0.4146	2.8658	0.0005	0.0000	0.0011
117	153	0.3193	7	1	2	0	1	0	0	0	0	N	Y	N	N	N	N	N	N	N	N	N	N	0.0906	0.0770	0.0002	0.1550	0.1514	0.0000	0.0000	0.0000	0.0003	0.0004	0.0004	0.0000	0.0012	0.0013	0.0000	0.0000	0.0000	0.0000	0.0040	0.0054	0.0011	0.0079	0.0086	0.0027	0.0015	0.0021	0.0009	0.0001	0.0978	-0.0000	-0.0001	10.5071	0.9811	20.2622	0.0216	0.0000	0.0000	0.0000	0.0000	0.0000	0.0000	0.0000	0.0000	0.0000	0.0002	0.0002	0.0000	0.0002	0.0002	0.0000	0.0001	0.0000	0.0000	0.0867	0.0756	0.0111	0.0256	0.0242	0.0013	0.0611	0.0514	0.0097	0.0568	0.0384	0.0184	0.0221	0.0197	0.0024	0.0347	0.0187	0.0160	0.0906	0.0770	0.0002	0.1550	0.1514	0.0000	0.0000	0.0000	0.0003	0.0040	0.0054	0.0011	0.0079	0.0086	0.0027	0.0015	0.0021	0.0009
117	154	0.3148	6	1	2	0	1	0	0	0	0	N	Y	N	N	N	N	N	N	N	N	N	N	0.0501	0.0408	0.0040	0.3789	0.3679	0.0000	0.0010	0.0006	0.0044	0.0031	0.0036	0.0000	0.0090	0.0096	0.0000	0.0001	0.0001	0.0000	0.0625	0.0881	0.0084	0.0238	0.0262	0.0043	0.0879	0.1548	0.0090	0.0014	0.0449	-0.0000	-0.0031	10.5071	0.0083	20.2622	2.0001	0.0000	0.0000	0.0000	0.0000	0.0000	0.0000	0.0000	0.0000	0.0000	0.0074	0.0071	0.0003	0.0011	0.0011	0.0000	0.0063	0.0060	0.0003	0.0008	0.0007	0.0001	0.0003	0.0003	0.0000	0.0005	0.0005	0.0001	0.1189	0.0807	0.0381	0.0471	0.0419	0.0052	0.0718	0.0389	0.0330	0.0501	0.0408	0.0040	0.3789	0.3679	0.0000	0.0010	0.0006	0.0044	0.0625	0.0881	0.0084	0.0238	0.0262	0.0043	0.0879	0.1548	0.0090
117	155	0.2912	5	0	2	0	1	0	0	0	0	N	Y	N	N	N	N	N	N	N	N	N	N	0.0164	0.0160	0.0000	0.0272	0.0251	0.0001	0.0028	0.1318	0.0000	0.0204	0.0234	0.0000	0.0651	0.0688	0.0000	0.0010	0.0012	0.0000	1.2402	1.4672	0.7389	2.3981	2.7410	0.2748	0.3785	0.0094	0.8480	0.0002	0.2281	-0.0024	-0.2358	10.5071	2.9180	20.2622	7.4065	0.0055	0.0055	0.0000	0.0053	0.0053	0.0000	0.0002	0.0002	0.0000	0.8648	0.7042	0.1606	0.7135	0.7021	0.0114	0.1513	0.0021	0.1492	0.2689	0.2338	0.0350	0.0811	0.0768	0.0043	0.1878	0.1571	0.0307	0.6973	0.4800	0.2174	0.2975	0.2561	0.0414	0.3998	0.2238	0.1760	0.0164	0.0160	0.0000	0.0272	0.0251	0.0001	0.0028	0.1318	0.0000	1.2402	1.4672	0.7389	2.3981	2.7410	0.2748	0.3785	0.0094	0.8480
117	156	0.2253	4	0	1	0	1	0	0	0	0	N	N	N	N	N	N	N	N	N	N	N	N	0.7842	0.5870	2.3527	0.9173	0.8735	4.4290	0.7719	0.4318	2.5579	0.6231	0.6491	0.4991	0.3201	0.3266	0.2635	0.8676	0.9521	0.5845	0.7945	1.1057	0.2122	0.3489	0.3739	0.0595	1.1239	2.2051	0.2285	0.1613	0.1025	-0.2733	-0.6779	10.5071	8.2479	20.2622	19.7214	0.9043	0.7787	0.1256	0.2074	0.1898	0.0176	0.6969	0.5889	0.1080	1.8553	1.6828	0.1725	0.3463	0.3416	0.0047	1.5090	1.3412	0.1678	1.4514	1.1997	0.2517	0.6481	0.5812	0.0669	0.8032	0.6185	0.1847	2.3351	1.5220	0.8131	0.9925	0.9138	0.0787	1.3426	0.6082	0.7344	0.7842	0.5870	2.3527	0.9173	0.8735	4.4290	0.7719	0.4318	2.5579	0.7945	1.1057	0.2122	0.3489	0.3739	0.0595	1.1239	2.2051	0.2285
117	157	0.1892	3	0	1	0	1	0	0	0	0	N	N	N	N	N	N	N	N	N	N	N	N	2.0077	1.8708	1.8311	0.7124	0.6706	1.7730	2.7697	2.3500	1.8492	1.0143	1.1169	0.6253	0.3833	0.3648	0.8101	1.3281	1.6230	0.6122	0.5052	0.5970	0.3415	0.5381	0.5440	0.4569	0.4795	0.6906	0.3311	0.1476	0.3208	-0.3292	-0.2712	10.5071	7.4725	20.2622	14.3153	1.0534	0.9179	0.1355	0.1322	0.1206	0.0116	0.9212	0.7973	0.1239	1.2584	0.9528	0.3056	0.5882	0.5543	0.0339	0.6702	0.3985	0.2717	1.0386	0.8218	0.2167	0.3449	0.3306	0.0143	0.6936	0.4912	0.2024	2.4908	1.5959	0.8949	1.0931	1.0190	0.0741	1.3977	0.5769	0.8208	2.0077	1.8708	1.8311	0.7124	0.6706	1.7730	2.7697	2.3500	1.8492	0.5052	0.5970	0.3415	0.5381	0.5440	0.4569	0.4795	0.6906	0.3311
117	158	0.1237	2	0	1	0	1	0	0	0	0	N	N	N	N	N	N	N	N	N	N	N	N	0.8707	0.4635	2.8201	0.6613	0.6400	1.5020	1.7395	0.1214	2.8743	0.4578	0.3113	0.8079	0.6136	0.6180	0.4566	0.3707	0.0110	0.8198	0.5258	0.6718	0.2865	0.9279	0.9656	0.3040	0.2131	0.0908	0.2852	1.0857	0.2601	0.0787	-0.5611	10.5071	11.6653	20.2622	19.4910	0.9902	0.4747	0.5154	0.4758	0.4663	0.0096	0.5143	0.0085	0.5058	2.2268	1.7672	0.4597	1.7190	1.6869	0.0321	0.5078	0.0803	0.4275	2.1628	1.5248	0.6380	0.7755	0.7545	0.0210	1.3874	0.7703	0.6170	4.2352	2.6306	1.6046	1.8527	1.7470	0.1057	2.3825	0.8836	1.4988	0.8707	0.4635	2.8201	0.6613	0.6400	1.5020	1.7395	0.1214	2.8743	0.5258	0.6718	0.2865	0.9279	0.9656	0.3040	0.2131	0.0908	0.2852
117	161	0.4171	8	1	2	0	1	0	0	0	0	N	Y	N	N	N	N	N	N	N	N	N	N	0.0001	0.0000	0.0000	0.0000	0.0000	0.0000	0.0001	0.0001	0.0000	0.0005	0.0005	0.0000	0.0000	0.0000	0.0000	0.0018	0.0021	0.0000	7.4362	12.0525	0.0001	0.0847	0.0997	0.0005	11.8199	23.0636	0.0000	0.0000	0.0000	-0.0000	-0.4524	10.5071	0.0002	20.2622	3.0099	0.0000	0.0000	0.0000	0.0000	0.0000	0.0000	0.0000	0.0000	0.0000	0.9871	0.9871	0.0000	0.0071	0.0071	0.0000	0.9799	0.9799	0.0000	0.0000	0.0000	0.0000	0.0000	0.0000	0.0000	0.0000	0.0000	0.0000	0.1669	0.1138	0.0531	0.0840	0.0713	0.0127	0.0829	0.0425	0.0404	0.0001	0.0001	0.0000	0.0000	0.0000	0.0000	0.0001	0.0001	0.0000	5.9127	8.6737	0.0001	0.0847	0.0997	0.0005	11.8199	23.0636	0.0000
117	162	0.4095	7	1	2	0	1	0	0	0	0	N	Y	N	N	N	N	N	N	N	N	N	N	0.0376	0.0895	0.0000	0.0000	0.0000	0.0000	0.0270	0.0533	0.0000	0.0013	0.0015	0.0000	0.0000	0.0000	0.0000	0.0018	0.0021	0.0000	0.0345	0.0165	0.0727	0.0038	0.0030	0.0079	0.0656	0.0392	0.0933	0.0000	2.0704	-0.0000	0.0012	10.5071	0.9998	20.2622	2.0118	0.0001	0.0001	0.0000	0.0000	0.0000	0.0000	0.0001	0.0001	0.0000	0.0056	0.0018	0.0038	0.0003	0.0002	0.0001	0.0053	0.0016	0.0037	0.0847	0.0743	0.0105	0.0227	0.0215	0.0012	0.0620	0.0527	0.0093	0.1629	0.1108	0.0522	0.0819	0.0693	0.0126	0.0811	0.0415	0.0396	0.0376	0.0895	0.0000	0.0000	0.0000	0.0000	0.0270	0.0533	0.0000	0.0345	0.0165	0.0727	0.0038	0.0030	0.0079	0.0656	0.0392	0.0933
117	163	0.4095	6	1	2	0	1	0	0	0	0	N	Y	N	N	N	N	N	N	N	N	N	N	0.0000	0.0000	0.0000	0.0000	0.0000	0.0000	0.0000	0.0000	0.0000	0.0000	0.0000	0.0000	0.0000	0.0000	0.0000	0.0000	0.0000	3.5352	1.6276	9.7239	2.2272	2.2821	1.5730	4.9789	0.0000	9.1192	2.2003	0.0000	0.0001	10.5071	0.0000	20.2622	0.0003	0.0000	0.0000	0.0000	0.0000	0.0000	0.0000	0.0000	0.0000	0.0000	0.0003	0.0001	0.0002	0.0001	0.0001	0.0000	0.0002	0.0000	0.0002	0.0000	0.0000	0.0000	0.0000	0.0000	0.0000	0.0000	0.0000	0.0000	0.0001	0.0001	0.0000	0.0000	0.0000	0.0000	0.0000	0.0000	0.0000	0.0000	0.0000	0.0000	0.0000	0.0000	0.0000	0.0000	0.0000	0.0000	3.5352	1.6276	7.5644	2.2272	2.2821	1.5730	4.9789	0.0000	8.4311		
117	164	0.3985	5	0	2	0	1	0	0	0	0	N	Y	N	N	N	N	N	N	N	N	N	N	0.0034	0.0028	0.0000	0.4843	0.4281	0.0000	0.0000	0.0000	0.0000	0.0108	0.0130	0.0000	0.0258	0.0262	0.0000	0.0000	0.0000	0.0000	3.2290	4.6786	0.0430	0.0533	0.0611	0.0126	6.9040	13.2804	0.0548	0.0000	0.0041	-0.0000	-0.4380	10.5071	0.0063	20.2622	4.3641	0.0000	0.0000	0.0000	0.0000	0.0000	0.0000	0.0000	0.0000	0.0000	0.9643	0.9603	0.0040	0.0085	0.0082	0.0003	0.9557	0.9521	0.0037	0.0015	0.0012	0.0002	0.0006	0.0006	0.0000	0.0009	0.0006	0.0002	0.2986	0.2060	0.0926	0.1602	0.1343	0.0259	0.1384	0.0717	0.0667	0.0034	0.0028	0.0000	0.4843	0.4281	0.0000	0.0000	0.0000	0.0000	3.2290	4.6615	0.0430	0.0533	0.0611	0.0126	6.9040	13.2804	0.0548
117	165	0.3666	4	0	1	0	1	0	0	0	0	N	N	N	N	N	N	N	N	N	N	N	N	0.0013	0.0020	0.0001	0.0976	0.1450	0.0004	0.0000	0.0000	0.0001	0.0029	0.0033	0.0004	0.0091	0.0094	0.0001	0.0001	0.0000	0.0005	2.2890	1.6428	3.8719	0.0929	0.0646	0.2782	4.6537	4.3686	4.9894	0.0186	0.9622	-0.0004	0.0637	10.5071	2.5207	20.2622	10.0226	0.0008	0.0008	0.0000	0.0008	0.0008	0.0000	0.0000	0.0000	0.0000	1.9928	1.0156	0.9772	0.0419	0.0253	0.0167	1.9508	0.9903	0.9605	0.2833	0.2475	0.0359	0.0901	0.0872	0.0029	0.1932	0.1602	0.0330	0.8706	0.6182	0.2524	0.4514	0.3915	0.0599	0.4192	0.2267	0.1925	0.0013	0.0020	0.0001	0.0976	0.1450	0.0004	0.0000	0.0000	0.0001	2.2890	1.6428	3.8719	0.0929	0.0646	0.2782	4.6537	4.3686	4.9894
117	166	0.3510	3	0	1	0	1	0	0	0	0	N	N	N	N	N	N	N	N	N	N	N	N	0.0105	0.0764	0.0001	0.1373	0.1325	0.0150	0.0005	0.0181	0.0000	0.0112	0.0124	0.0004	0.0251	0.0260	0.0016	0.0012	0.0014	0.0002	1.0672	0.1626	3.3659	0.1827	0.1960	0.1087	2.4270	0.0788	4.9600	0.0038	8.1437	-0.0016	0.3686	10.5071	2.6894	20.2622	4.6619	0.0037	0.0037	0.0000	0.0035	0.0035	0.0000	0.0002	0.0002	0.0000	0.8527	0.0933	0.7595	0.0884	0.0804	0.0081	0.7643	0.0129	0.7514	0.3334	0.2982	0.0352	0.1388	0.1336	0.0052	0.1946	0.1646	0.0300	0.7990	0.5734	0.2256	0.4841	0.4100	0.0741	0.3149	0.1634	0.1515	0.0105	0.0764	0.0001	0.1373	0.1325	0.0150	0.0005	0.0181	0.0000	1.0672	0.1626	3.3659	0.1827	0.1960	0.1087	2.4270	0.0788	4.9600
117	167	0.3126	2	0	1	0	1	0	0	0	0	N	N	N	N	N	N	N	N	N	N	N	N	0.5751	1.5795	0.1004	0.2618	0.0092	32.1604	0.4259	1.9000	0.0407	0.4519	0.4949	0.1776	0.0719	0.0028	1.4052	0.5411	0.6251	0.0864	0.7857	0.3134	1.7678	0.2747	0.3045	0.0437	1.2705	0.3290	2.1242	0.0563	2.7134	-0.0371	0.1732	10.5071	2.7966	20.2622	8.5340	0.0956	0.0905	0.0051	0.0029	0.0001	0.0028	0.0927	0.0904	0.0023	0.6359	0.1713	0.4647	0.1082	0.1063	0.0020	0.5277	0.0650	0.4627	0.2115	0.1828	0.0287	0.0402	0.0382	0.0020	0.1713	0.1446	0.0267	0.8094	0.5465	0.2629	0.3940	0.3490	0.0450	0.4154	0.1975	0.2178	0.5751	1.5795	0.1004	0.2618	0.0092	32.1604	0.4259	1.9000	0.0407	0.7857	0.3134	1.7678	0.2747	0.3045	0.0437	1.2705	0.3290	2.1242
118	119	0.1232	2	0	2	0	1	0	0	0	0	N	Y	N	N	N	N	N	N	N	N	N	N	5.4140	7.9174	0.0001	0.8121	0.8052	0.0000	4.9033	6.5015	0.0001	9.4530	11.2028	0.0002	0.0997	0.1013	0.0000	10.0564	12.0473	0.0002	1.7460	1.4150	2.2231	0.1228	0.1258	0.0690	2.0510	1.8530	2.2684	0.0000	1.0902	-0.4417	0.1234	4.0036	3.8169	26.5072	21.2433	1.0013	1.0013	0.0000	0.0006	0.0006	0.0000	1.0006	1.0006	0.0000	1.9521	0.9339	1.0182	0.0217	0.0211	0.0007	1.9304	0.9129	1.0175	0.1059	0.0894	0.0165	0.0064	0.0063	0.0001	0.0995	0.0831	0.0164	1.1180	0.6600	0.4580	0.1768	0.1674	0.0094	0.9412	0.4926	0.4486	5.4140	7.9174	0.0001	0.8121	0.8052	0.0000	4.9033	6.5015	0.0001	1.7460	1.4150	2.2231	0.1228	0.1258	0.0690	2.0510	1.8530	2.2684
118	120	0.4689	6	0	2	0	1	0	0	0	0	N	Y	N	N	N	N	N	N	N	N	N	N	0.0002	0.0002	0.0001	0.0006	0.0005	0.0013	0.0000	0.0000	0.0000	0.0004	0.0004	0.0001	0.0014	0.0015	0.0002	0.0000	0.0000	0.0001	1.6835	1.8361	1.3572	2.3459	2.8284	0.1784	0.9319	0.0867	1.8713	0.0263	0.3457	-0.0001	-0.8046	4.0036	16.3276	26.5072	34.9199	0.0002	0.0002	0.0000	0.0002	0.0002	0.0000	0.0000	0.0000	0.0000	3.9934	2.9675	1.0259	2.9577	2.9168	0.0409	1.0357	0.0507	0.9849	0.4596	0.3999	0.0597	0.1189	0.1126	0.0063	0.3407	0.2873	0.0534	2.3721	1.6162	0.7559	1.2608	1.0312	0.2296	1.1113	0.5850	0.5263	0.0002	0.0002	0.0001	0.0006	0.0005	0.0013	0.0000	0.0000	0.0000	1.6835	1.8361	1.3572	2.3459	2.8284	0.1784	0.9319	0.0867	1.8713
118	121	0.4516	5	0	2	0	1	0	0	0	0	N	Y	N	N	N	N	N	N	N	N	N	N	0.0040	0.0067	0.0001	0.0198	0.0188	0.0077	0.0005	0.0020	0.0000	0.0064	0.0074	0.0004	0.0240	0.0249	0.0050	0.0011	0.0013	0.0000	1.6037	1.1029	2.8226	1.2107	1.3283	0.6449	2.1359	0.6414	3.9452	0.0090	1.0514	-0.0005	0.1388	4.0036	6.1757	26.5072	14.5601	0.0012	0.0012	0.0000	0.0010	0.0010	0.0000	0.0002	0.0001	0.0000	2.5626	1.2492	1.3134	1.1129	1.0108	0.1021	1.4497	0.2384	1.2113	0.1828	0.1579	0.0249	0.0427	0.0407	0.0020	0.1400	0.1171	0.0229	1.5980	1.1327	0.4653	0.9192	0.7609	0.1583	0.6788	0.3717	0.3070	0.0040	0.0067	0.0001	0.0198	0.0188	0.0077	0.0005	0.0020	0.0000	1.6037	1.1029	2.8226	1.2107	1.3283	0.6449	2.1359	0.6414	3.9452
118	122	0.3986	4	0	1	0	1	0	0	0	0	N	N	N	N	N	N	N	N	N	N	N	N	0.0019	0.0030	0.0000	0.0000	0.0000	0.0020	0.0020	0.0056	0.0000	0.0043	0.0049	0.0001	0.0000	0.0000	0.0003	0.0058	0.0069	0.0001	2.2498	1.6214	3.7004	1.6392	1.8589	0.1591	2.8614	1.2263	4.6644	0.0032	0.9886	-0.0004	0.1477	4.0036	7.5400	26.5072	21.4192	0.0010	0.0010	0.0000	0.0000	0.0000	0.0000	0.0010	0.0010	0.0000	3.8097	1.9158	1.8939	1.3892	1.3717	0.0174	2.4205	0.5440	1.8765	0.2353	0.2042	0.0312	0.0616	0.0582	0.0034	0.1737	0.1459	0.0278	1.6934	1.1816	0.5118	0.8474	0.7379	0.1095	0.8459	0.4436	0.4023	0.0019	0.0030	0.0000	0.0000	0.0000	0.0020	0.0020	0.0056	0.0000	2.2498	1.6214	3.7004	1.6392	1.8589	0.1591	2.8614	1.2263	4.6644
118	123	0.1588	3	0	2	0	1	0	0	0	0	N	Y	N	N	N	N	N	N	N	N	N	N	0.0000	0.0000	0.0000	0.0000	0.0000	0.0000	0.0000	0.0000	0.0000	0.0000	0.0000	0.0000	0.0000	0.0000	0.0000	0.0000	0.0000	0.0000	2.3185	0.4666	5.1274	1.2099	1.4529	0.0042	2.6535	0.0015	5.6837	7.2458	0.0000	0.9568	4.0036	4.0019	26.5072	19.5615	0.0000	0.0000	0.0000	0.0000	0.0000	0.0000	0.0000	0.0000	0.0000	2.2762	0.2760	2.0002	0.2756	0.2755	0.0002	2.0006	0.0006	2.0000	0.1011	0.0855	0.0155	0.0047	0.0043	0.0003	0.0964	0.0812	0.0152	0.9818	0.5917	0.3901	0.2278	0.1896	0.0382	0.7540	0.4021	0.3519	0.0000	0.0000	0.0000	0.0000	0.0000	0.0000	0.0000	0.0000	0.0000	2.3185	0.4666	5.1274	1.2099	1.4529	0.0042	2.6535	0.0015	5.6837	
118	124	0.1367	2	0	1	0	1	0	0	0	0	N	N	N	N	N	N	N	N	N	N	N	N	0.0324	0.0249	0.0000	0.4086	0.4075	0.0000	0.0154	0.0105	0.0000	0.0228	0.0270	0.0000	0.1921	0.2028	0.0000	0.0118	0.0141	0.0000	0.7062	1.0838	0.1329	0.4702	0.4976	0.0616	0.7646	1.3452	0.1352	0.0000	0.0807	-0.0003	-0.1286	4.0036	1.2223	26.5072	8.2281	0.0007	0.0007	0.0000	0.0004	0.0004	0.0000	0.0004	0.0004	0.0000	0.3352	0.3101	0.0250	0.0443	0.0439	0.0004	0.2909	0.2662	0.0247	0.0325	0.0275	0.0050	0.0020	0.0019	0.0001	0.0305	0.0256	0.0049	0.4746	0.2861	0.1885	0.0942	0.0883	0.0059	0.3804	0.1979	0.1825	0.0324	0.0249	0.0000	0.4086	0.4075	0.0000	0.0154	0.0105	0.0000	0.7062	1.0838	0.1329	0.4702	0.4976	0.0616	0.7646	1.3452	0.1352
118	126	0.1219	3	0	2	0	1	0	0	0	0	N	Y	N	N	N	N	N	N	N	N	N	N	2.4330	0.0682	5.1177	0.2857	0.2778	0.0000	2.1306	6.1687	7.2813	0.0022	45.9747	0.0311	0.0317	0.0000	7.7495	0.0000	46.3422	2.9927	0.0328	8.9834	0.1087	0.1142	0.0353	3.6373	0.0000	7.5125	3863.9601	153.1708	0.5578	1.6109	4.0036	5.0407	26.5072	17.1705	0.9985	0.0003	0.9982	0.0003	0.0003	0.0000	0.9982	0.0000	0.9982	3.0102	0.0195	2.9907	0.0200	0.0195	0.0004	2.9903	0.0000	2.9903	0.1371	0.1154	0.0217	0.0083	0.0081	0.0002	0.1288	0.1073	0.0215	1.0059	0.5951	0.4107	0.1837	0.1710	0.0127	0.8221	0.4241	0.3980	2.4330	0.0682	6.3141	0.2857	0.2778	0.0000	2.1306	0.0000	6.1687	2.9927	0.0328	7.2813	0.1087	0.1142	0.0353	3.6373	0.0000	7.5125	
118	127	0.1060	2	0	2	0	1	0	0	0	0	N	Y	N	N	N	N	N	N	N	N	N	N	0.3413	0.5530	0.3976	4.1167	4.0807	0.0086	0.1205	0.0000	0.3924	0.0827	0.0625	0.1856	0.6036	0.6060	0.0006	0.0332	0.0000	0.1860	0.2422	0.1130	0.4668	0.1466	0.1485	0.0738	0.2760	0.0892	0.4740	0.5808	2.3734	-0.0004	0.0327	4.0036	1.9703	26.5072	6.2034	0.0049	0.0031	0.0018	0.0031	0.0031	0.0000	0.0018	0.0000	0.0018	0.1334	0.0395	0.0939	0.0211	0.0209	0.0003	0.1123	0.0187	0.0936	0.0598	0.0500	0.0098	0.0052	0.0052	0.0000	0.0546	0.0449	0.0098	0.5509	0.3498	0.2011	0.1441	0.1405	0.0036	0.4068	0.2093	0.1974	0.3413	0.5530	0.3976	4.1167	4.0807	0.0086	0.1205	0.0000	0.3924	0.2422	0.1130	0.4668	0.1466	0.1485	0.0738	0.2760	0.0892	0.4740
118	129	0.4279	5	0	2	0	1	0	0	0	0	N	Y	N	N	N	N	N	N	N	N	N	N	0.0000	0.0000	0.0000	0.0000	0.0000	0.0000	0.0000	0.0000	0.0000	0.0000	0.0000	0.0000	0.0000	0.0000	0.0000	0.0000	0.0000	0.0040	0.0006	0.0152	0.0068	0.0008	0.0824	0.0003	0.0000	0.0007	7.9112	0.0000	0.0009	4.0036	1.0033	26.5072	0.8635	0.0000	0.0000	0.0000	0.0000	0.0000	0.0000	0.0000	0.0000	0.0000	0.0021	0.0002	0.0019	0.0021	0.0002	0.0018	0.0001	0.0000	0.0001	0.0826	0.0751	0.0075	0.0447	0.0426	0.0021	0.0379	0.0325	0.0055	0.5385	0.4132	0.1253	0.3056	0.2834	0.0222	0.2329	0.1298	0.1031	0.0000	0.0000	0.0000	0.0000	0.0000	0.0000	0.0000	0.0000	0.0000	0.0040	0.0006	0.0152	0.0068	0.0008	0.0824	0.0003	0.0000	0.0007		
118	130	0.3986	4	0	1	0	1	0	0	0	0	N	N	N	N	N	N	N	N	N	N	N	N	0.0012	0.0009	0.0039	0.0000	0.0000	0.0000	0.0016	0.0011	0.0037	0.0012	0.0010	0.0024	0.0000	0.0000	0.0000	0.0016	0.0014	0.0027	0.9434	1.0714	0.6178	0.8667	0.9548	0.1780	1.0297	1.2915	0.7367	0.3750	0.2265	-0.0000	-0.3520	4.0036	5.5514	26.5072	9.9598	0.0002	0.0002	0.0001	0.0000	0.0000	0.0000	0.0002	0.0002	0.0001	1.2861	1.0486	0.2375	0.6254	0.6109	0.0146	0.6606	0.4377	0.2230	0.1902	0.1655	0.0247	0.0556	0.0527	0.0029	0.1347	0.1128	0.0218	1.3632	0.9787	0.3845	0.7217	0.6398	0.0818	0.6416	0.3389	0.3027	0.0012	0.0009	0.0039	0.0000	0.0000	0.0000	0.0016	0.0011	0.0037	0.9434	1.0714	0.6178	0.8667	0.9548	0.1780	1.0297	1.2915	0.7367
118	131	0.3682	3	0	1	0	1	0	0	0	0	N	N	N	N	N	N	N	N	N	N	N	N	0.0003	0.0004	0.0000	0.0015	0.0014	0.0000	0.0000	0.0000	0.0000	0.0005	0.0006	0.0000	0.0023	0.0025	0.0000	0.0000	0.0000	0.0000	1.4927	1.5265	1.4156	1.5646	1.7624	0.1165	1.4219	1.1288	1.7324	0.0023	0.4056	-0.0001	-0.3642	4.0036	9.1969	26.5072	13.4651	0.0001	0.0001	0.0000	0.0001	0.0001	0.0000	0.0000	0.0000	0.0000	2.1448	1.5259	0.6189	1.1156	1.1056	0.0100	1.0292	0.4203	0.6089	0.2768	0.2405	0.0363	0.0614	0.0584	0.0030	0.2154	0.1821	0.0333	1.4368	0.9996	0.4372	0.7130	0.6273	0.0857	0.7238	0.3723	0.3515	0.0003	0.0004	0.0000	0.0015	0.0014	0.0000	0.0000	0.0000	0.0000	1.4927	1.5265	1.4156	1.5646	1.7624	0.1165	1.4219	1.1288	1.7324
118	132	0.1817	5	1	2	0	2	0	0	0	0	N	Y	N	Y	N	N	N	N	N	N	N	N	0.0000	0.0000	0.0000	0.0000	0.0000	0.0000	0.0000	0.0000	0.0000	0.0000	0.0000	0.0000	0.0000	9.2444	0.0000	33.8810	0.0000	0.0000	0.0000	7.7250	0.0000	31.2526	inf	0.0000	0.5416	4.0036	1.0000	26.5072	3.0001	0.0000	0.0000	0.0000	0.0000	0.0000	0.0000	0.0000	0.0000	0.0000	1.0000	0.0000	1.0000	0.0000	0.0000	0.0000	1.0000	0.0000	1.0000	0.0255	0.0216	0.0039	0.0016	0.0015	0.0001	0.0238	0.0201	0.0038	0.1483	0.0825	0.0658	0.0189	0.0165	0.0023	0.1294	0.0660	0.0635	0.0000	0.0000	0.0000	0.0000	0.0000	0.0000	0.0000	0.0000	0.0000	6.7425	0.0000	15.1948	0.0000	0.0000	0.0000	7.7250	0.0000	15.7488						
118	133	0.5807	9	1	2	0	2	0	0	0	0	N	Y	N	Y	N	N	N	N	N	N	N	N	0.0000	0.0000	0.0000	0.0000	0.0000	0.0000	0.0000	0.0000	0.0000	0.0000	0.0000	0.0000	0.0000	0.0000	0.0000	0.0000	0.0000	0.0000	0.0000	0.0000	4.0036	0.0006	26.5072	1.9797	0.0000	0.0000	0.0000	0.0000	0.0000	0.0000	0.0000	0.0000	0.0000	0.0000	0.0000	0.0000	0.0000	0.0000	0.0000	0.0000	0.0000	0.0000	0.0000	0.0000	0.0000	0.0000	0.0000	0.0000	0.0000	0.0000	0.0000	0.0663	0.0446	0.0218	0.0329	0.0278	0.0051	0.0334	0.0168	0.0166	0.0000	0.0000	0.0000	0.0000	0.0000	0.0000	0.0000	0.0000	0.0000	0.0000	0.0000	0.0000	0.0000	0.0000	0.0000	0.0000	0.0000	0.0000											
118	134	0.5639	8	1	2	0	2	0	0	0	0	N	Y	N	Y	N	N	N	N	N	N	N	N	0.0000	0.0000	0.0000	0.0000	0.0000	0.0000	0.0000	0.0000	0.0000	0.0000	0.0000	0.0000	0.0000	0.0000	0.0000	0.0000	0.0001	0.0001	0.0001	0.0001	0.0001	0.0000	0.0001	0.0000	0.0002	1.0000	0.0000	0.0000	4.0036	2.0077	26.5072	6.0321	0.0000	0.0000	0.0000	0.0000	0.0000	0.0000	0.0000	0.0000	0.0000	0.0000	0.0000	0.0000	0.0000	0.0000	0.0000	0.0000	0.0000	0.0000	0.0493	0.0423	0.0069	0.0120	0.0110	0.0010	0.0373	0.0313	0.0060	0.2417	0.1601	0.0816	0.1174	0.0973	0.0200	0.1243	0.0628	0.0616	0.0000	0.0000	0.0000	0.0000	0.0000	0.0000	0.0000	0.0000	0.0000	0.0001	0.0001	0.0001	0.0001	0.0001	0.0000	0.0001	0.0000	0.0002			
118	135	0.5591	8	0	2	0	2	0	0	0	0	N	Y	N	Y	N	N	N	N	N	N	N	N	0.4091	0.1366	25.0297	1.2895	1.1829	0.2517	0.2159	0.0000	24.4722	0.0025	0.0012	0.0101	0.0045	0.0049	0.0001	0.0019	0.0000	0.0115	0.0062	0.0090	0.0004	0.0035	0.0041	0.0002	0.0090	0.0172	0.0005	1.4301	0.0215	0.0000	-0.0012	4.0036	3.0348	26.5072	9.3583	0.0002	0.0001	0.0001	0.0001	0.0001	0.0000	0.0001	0.0000	0.0001	0.0027	0.0027	0.0001	0.0008	0.0008	0.0000	0.0019	0.0019	0.0000	0.0767	0.0654	0.0113	0.0178	0.0164	0.0014	0.0589	0.0490	0.0100	0.4375	0.2963	0.1411	0.2223	0.1867	0.0356	0.2152	0.1097	0.1055	0.4091	0.1366	25.0297	1.2895	1.1829	0.2517	0.2159	0.0000	24.4722	0.0062	0.0090	0.0004	0.0035	0.0041	0.0002	0.0090	0.0172	0.0005
118	136	0.5448	7	0	1	0	2	0	0	0	0	N	N	N	Y	N	N	N	N	N	N	N	N	12.3058	6.1272	146.7845	22.8411	12.6244	431.4124	0.0000	0.0000	0.0000	0.1526	0.1064	0.4030	0.5689	0.3560	3.9183	0.0000	0.0000	0.0000	0.0124	0.0174	0.0027	0.0249	0.0282	0.0091	0.0009	0.0010	0.0007	0.6993	0.0813	-0.0000	-0.0010	4.0036	0.0433	26.5072	6.6805	0.0002	0.0001	0.0001	0.0002	0.0001	0.0001	0.0000	0.0000	0.0000	0.0026	0.0024	0.0002	0.0025	0.0024	0.0002	0.0001	0.0001	0.0000	0.0013	0.0011	0.0002	0.0003	0.0003	0.0000	0.0009	0.0008	0.0002	0.2113	0.1396	0.0717	0.1014	0.0839	0.0175	0.1099	0.0556	0.0542	12.3058	6.1272	146.7845	22.8411	12.6244	431.4124	0.0000	0.0000	0.0000	0.0124	0.0174	0.0027	0.0249	0.0282	0.0091	0.0009	0.0010	0.0007
118	137	0.2114	7	0	2	0	2	0	0	0	0	N	Y	N	Y	N	N	N	N	N	N	N	N	0.0000	0.0000	0.0000	0.0000	0.0000	0.0000	0.0000	0.0000	0.0000	0.0000	0.0000	0.0000	0.0000	0.0000	0.0000	0.0000	0.0000	0.0000	0.0000	0.0000	4.0036	0.0000	26.5072	0.0000	0.0000	0.0000	0.0000	0.0000	0.0000	0.0000	0.0000	0.0000	0.0000	0.0000	0.0000	0.0000	0.0000	0.0000	0.0000	0.0000	0.0000	0.0000	0.0000	0.0000	0.0000	0.0000	0.0000	0.0000	0.0000	0.0000	0.0000	0.0000	0.0000	0.0000	0.0000	0.0000	0.0000	0.0000	0.0000	0.0000	0.0000	0.0000	0.0000	0.0000	0.0000	0.0000	0.0000	0.0000	0.0000	0.0000	0.0000	0.0000	0.0000	0.0000	0.0000	0.0000	0.0000	0.0000											
118	138	0.2063	6	0	2	0	2	0	0	0	0	N	Y	N	Y	N	N	N	N	N	N	N	N	0.0000	0.0000	0.0000	0.0000	0.0000	0.0000	0.0000	0.0000	0.0000	0.0000	0.0000	0.0000	0.0000	0.0000	0.0000	0.0000	0.0000	0.0000	0.0000	0.0000	4.0036	0.0021	26.5072	2.0000	0.0000	0.0000	0.0000	0.0000	0.0000	0.0000	0.0000	0.0000	0.0000	0.0000	0.0000	0.0000	0.0000	0.0000	0.0000	0.0000	0.0000	0.0000	0.0001	0.0001	0.0000	0.0000	0.0000	0.0000	0.0001	0.0000	0.0000	0.0732	0.0414	0.0318	0.0113	0.0099	0.0013	0.0619	0.0314	0.0304	0.0000	0.0000	0.0000	0.0000	0.0000	0.0000	0.0000	0.0000	0.0000	0.0000	0.0000	0.0000	0.0000	0.0000	0.0000	0.0000	0.0000	0.0000											
118	139	0.1961	5	0	1	0	2	0	0	0	0	N	N	N	Y	N	N	N	N	N	N	N	N	0.0000	0.0000	0.0000	0.0000	0.0000	0.0000	0.0000	0.0000	0.0000	0.0000	0.0000	0.0000	0.0000	0.0005	0.0008	0.0000	0.0032	0.0036	0.0000	0.0000	0.0000	0.0000	0.0000	0.0000	-0.0000	4.0036	1.0020	26.5072	3.0181	0.0000	0.0000	0.0000	0.0000	0.0000	0.0000	0.0000	0.0000	0.0000	0.0001	0.0001	0.0000	0.0001	0.0001	0.0000	0.0000	0.0000	0.0000	0.0255	0.0216	0.0039	0.0017	0.0016	0.0001	0.0238	0.0200	0.0038	0.1487	0.0834	0.0652	0.0219	0.0192	0.0027	0.1268	0.0642	0.0626	0.0000	0.0000	0.0000	0.0000	0.0000	0.0000	0.0000	0.0000	0.0000	0.0005	0.0008	0.0000	0.0032	0.0036	0.0000	0.0000	0.0000	0.0000						
118	140	0.1817	5	0	2	0	1	0	0	0	0	N	Y	N	N	N	N	N	N	N	N	N	N	0.0000	0.0000	0.0000	0.0000	0.0000	0.0000	0.0000	0.0000	0.0000	0.0000	0.0000	0.0000	0.0000	0.0000	0.0000	0.0000	0.0000	0.0000	0.0000	0.0000	4.0036	0.0000	26.5072	4.0001	0.0000	0.0000	0.0000	0.0000	0.0000	0.0000	0.0000	0.0000	0.0000	0.0000	0.0000	0.0000	0.0000	0.0000	0.0000	0.0000	0.0000	0.0000	0.0000	0.0000	0.0000	0.0000	0.0000	0.0000	0.0000	0.0000	0.0000	0.1483	0.0825	0.0658	0.0189	0.0165	0.0023	0.1294	0.0660	0.0635	0.0000	0.0000	0.0000	0.0000	0.0000	0.0000	0.0000	0.0000	0.0000	0.0000	0.0000	0.0000	0.0000	0.0000	0.0000	0.0000	0.0000	0.0000											
118	141	0.5594	7	0	2	0	1	0	0	0	0	N	Y	N	N	N	N	N	N	N	N	N	N	0.0000	0.0000	0.0000	0.0000	0.0000	0.0000	0.0000	0.0000	0.0000	0.0000	0.0000	0.0000	0.0000	0.0000	0.0000	0.0000	0.0000	0.0153	0.0127	0.0205	0.0178	0.0208	0.0029	0.0130	0.0000	0.0262	0.8214	0.0000	-0.0000	4.0036	1.0003	26.5072	5.0186	0.0000	0.0000	0.0000	0.0000	0.0000	0.0000	0.0000	0.0000	0.0000	0.0028	0.0015	0.0013	0.0016	0.0015	0.0000	0.0012	0.0000	0.0012	0.0246	0.0211	0.0035	0.0060	0.0055	0.0005	0.0186	0.0156	0.0030	0.1845	0.1223	0.0622	0.0897	0.0746	0.0151	0.0947	0.0477	0.0470	0.0000	0.0000	0.0000	0.0000	0.0000	0.0000	0.0000	0.0000	0.0000	0.0153	0.0127	0.0205	0.0178	0.0208	0.0029	0.0130	0.0000	0.0262		
118	142	0.1961	5	0	1	1	2	0	0	0	0	N	N	N	Y	N	N	N	N	N	N	N	N	0.0000	0.0000	0.0000	0.0000	0.0000	0.0000	0.0000	0.0000	0.0000	0.0000	0.0000	0.0000	0.0000	3.0679	6.0084	0.0000	0.0000	0.0000	0.0000	3.5956	7.0841	0.0000	0.0000	0.0000	-0.4583	4.0036	0.0001	26.5072	9.0026	0.0000	0.0000	0.0000	0.0000	0.0000	0.0000	0.0000	0.0000	0.0000	0.9999	0.9999	0.0000	0.0000	0.0000	0.0000	0.9999	0.9999	0.0000	0.0000	0.0000	0.0000	0.0000	0.0000	0.0000	0.0000	0.0000	0.0000	0.3259	0.1831	0.1428	0.0478	0.0420	0.0059	0.2781	0.1412	0.1369	0.0000	0.0000	0.0000	0.0000	0.0000	0.0000	0.0000	0.0000	0.0000	3.0679	5.4604	0.0000	0.0000	0.0000	0.0000	3.5956	7.0841	0.0000						
118	143	0.5448	7	0	1	1	2	0	0	0	0	N	N	N	Y	N	N	N	N	N	N	N	N	0.0000	0.0000	0.0000	0.0000	0.0000	0.0000	0.0000	0.0000	0.0000	0.0000	0.0000	0.0000	0.0000	0.0000	0.0000	0.0000	0.0000	8.5862	5.1769	15.3875	10.5383	12.8063	0.0007	6.2030	0.0000	22.0134	1.0000	0.0000	0.0833	4.0036	2.0061	26.5072	8.0425	0.0000	0.0000	0.0000	0.0000	0.0000	0.0000	0.0000	0.0000	0.0000	2.0000	1.0000	1.0000	1.0000	1.0000	0.0000	1.0000	0.0000	1.0000	0.0489	0.0418	0.0071	0.0108	0.0099	0.0009	0.0381	0.0320	0.0062	0.3093	0.2039	0.1054	0.1481	0.1223	0.0258	0.1612	0.0816	0.0796	0.0000	0.0000	0.0000	0.0000	0.0000	0.0000	0.0000	0.0000	0.0000	6.4659	4.9041	9.4869	6.7521	8.1739	0.0007	6.2030	0.0000	12.5554		
118	144	0.5357	6	0	1	0	2	0	0	0	0	N	N	N	Y	N	N	N	N	N	N	N	N	0.0000	0.0000	0.0000	0.0000	0.0000	0.0000	0.0000	0.0000	0.0000	0.0000	0.0000	0.0000	0.0000	0.0000	0.0000	0.0000	0.0000	0.0000	0.5096	0.0170	1.7503	0.0366	0.0275	0.1093	0.9603	0.0009	2.1417	40.9726	0.0000	0.0536	4.0036	1.9550	26.5072	2.1189	0.0000	0.0000	0.0000	0.0000	0.0000	0.0000	0.0000	0.0000	0.0000	0.1034	0.0025	0.1010	0.0036	0.0024	0.0012	0.0998	0.0001	0.0998	0.0515	0.0439	0.0075	0.0145	0.0130	0.0015	0.0370	0.0309	0.0060	0.2030	0.1453	0.0577	0.0991	0.0879	0.0111	0.1039	0.0574	0.0466	0.0000	0.0000	0.0000	0.0000	0.0000	0.0000	0.0000	0.0000	0.0000	0.5096	0.0170	1.7503	0.0366	0.0275	0.1093	0.9603	0.0009	2.1417	
118	145	0.5357	6	0	1	1	2	0	0	0	0	N	N	N	Y	N	N	N	N	N	N	N	N	0.0000	0.0000	0.0000	0.0000	0.0000	0.0000	0.0000	0.0000	0.0000	0.0000	0.0000	0.0000	0.0000	0.0000	0.0000	0.0000	0.0000	0.0000	3.5603	5.4356	0.4514	4.1099	4.8761	0.0052	3.0659	5.3701	0.5827	0.0434	0.0000	-1.0014	4.0036	2.1261	26.5072	18.6477	0.0000	0.0000	0.0000	0.0000	0.0000	0.0000	0.0000	0.0000	0.0000	2.4027	2.3028	0.0999	1.3135	1.3133	0.0003	1.0892	0.9895	0.0996	0.0556	0.0475	0.0081	0.0155	0.0139	0.0016	0.0401	0.0336	0.0065	0.6749	0.4536	0.2213	0.3196	0.2693	0.0503	0.3553	0.1843	0.1710	0.0000	0.0000	0.0000	0.0000	0.0000	0.0000	0.0000	0.0000	0.0000	3.5603	5.0768	0.4514	4.1099	4.8761	0.0052	3.0659	5.3701	0.5827	
118	146	0.1961	5	0	1	1	2	0	0	0	0	N	N	N	Y	N	N	N	N	N	N	N	N	0.0000	0.0000	0.0000	0.0000	0.0000	0.0000	0.0000	0.0000	0.0000	0.0000	0.0000	0.0000	0.0000	0.0002	0.0004	0.0000	0.0016	0.0019	0.0000	0.0000	0.0000	0.0000	0.0000	0.0000	-0.0000	4.0036	2.0001	26.5072	5.9880	0.0000	0.0000	0.0000	0.0000	0.0000	0.0000	0.0000	0.0000	0.0000	0.0001	0.0001	0.0000	0.0001	0.0001	0.0000	0.0000	0.0000	0.0000	0.0507	0.0430	0.0077	0.0034	0.0031	0.0002	0.0473	0.0398	0.0075	0.2904	0.1631	0.1273	0.0426	0.0374	0.0052	0.2478	0.1257	0.1221	0.0000	0.0000	0.0000	0.0000	0.0000	0.0000	0.0000	0.0000	0.0000	0.0002	0.0004	0.0000	0.0016	0.0019	0.0000	0.0000	0.0000	0.0000						
118	147	0.1961	5	0	1	1	2	0	0	0	0	N	N	N	Y	N	N	N	N	N	N	N	N	0.0000	0.0000	0.0000	0.0000	0.0000	0.0000	0.0000	0.0000	0.0000	0.0000	0.0000	0.0000	0.0000	0.0000	0.0000	0.9462	1.6752	0.0000	0.0019	0.0022	0.0000	1.1072	2.1627	0.0000	0.0000	0.0000	-0.4585	4.0036	9.0001	26.5072	23.0169	0.0000	0.0000	0.0000	0.0000	0.0000	0.0000	0.0000	0.0000	0.0000	1.0003	1.0003	0.0000	0.0003	0.0003	0.0000	1.0000	1.0000	0.0000	0.2210	0.1877	0.0333	0.0147	0.0137	0.0010	0.2063	0.1740	0.0323	1.0572	0.5971	0.4600	0.1540	0.1347	0.0193	0.9031	0.4624	0.4407	0.0000	0.0000	0.0000	0.0000	0.0000	0.0000	0.0000	0.0000	0.0000	0.9462	1.6752	0.0000	0.0019	0.0022	0.0000	1.1072	2.1627	0.0000				
118	148	0.1707	4	0	1	0	2	0	0	0	0	N	N	N	Y	N	N	N	N	N	N	N	N	0.0026	0.0023	0.0000	0.0084	0.0082	0.0000	0.0000	0.0000	0.0000	0.0001	0.0001	0.0000	0.0018	0.0019	0.0000	0.0000	0.0000	0.0000	0.0453	0.0598	0.0264	0.2086	0.2308	0.0124	0.0137	0.0004	0.0270	0.0000	0.3398	-0.0000	-0.0037	4.0036	1.9990	26.5072	7.9526	0.0000	0.0000	0.0000	0.0000	0.0000	0.0000	0.0000	0.0000	0.0000	0.0181	0.0135	0.0046	0.0135	0.0134	0.0001	0.0046	0.0001	0.0045	0.0510	0.0432	0.0078	0.0034	0.0032	0.0002	0.0476	0.0400	0.0076	0.3992	0.2256	0.1735	0.0648	0.0582	0.0066	0.3344	0.1675	0.1670	0.0026	0.0023	0.0000	0.0084	0.0082	0.0000	0.0000	0.0000	0.0000	0.0453	0.0598	0.0264	0.2086	0.2308	0.0124	0.0137	0.0004	0.0270
118	149	0.1388	3	1	2	0	1	0	0	0	0	N	Y	N	N	N	N	N	N	N	N	N	N	0.0096	0.0000	0.2798	0.0000	0.0000	0.0000	0.0980	0.0000	0.2762	0.0001	0.0000	0.0004	0.0000	0.0000	0.0000	0.0001	0.0000	0.0004	0.0070	0.0106	0.0016	0.0367	0.0390	0.0000	0.0008	0.0000	0.0016	inf	0.1002	0.0000	-0.0025	4.0036	5.3497	26.5072	17.2225	0.0000	0.0000	0.0000	0.0000	0.0000	0.0000	0.0000	0.0000	0.0000	0.0068	0.0062	0.0006	0.0062	0.0062	0.0000	0.0006	0.0000	0.0006	0.1589	0.1346	0.0243	0.0170	0.0167	0.0003	0.1419	0.1179	0.0240	0.9755	0.5815	0.3940	0.1688	0.1587	0.0102	0.8067	0.4228	0.3839	0.0096	0.0000	0.2798	0.0000	0.0000	0.0000	0.0980	0.0000	0.2762	0.0070	0.0106	0.0016	0.0367	0.0390	0.0000	0.0008	0.0000	0.0016
118	150	0.1696	4	0	2	0	1	0	0	0	0	N	Y	N	N	N	N	N	N	N	N	N	N	0.0030	0.0022	0.0116	0.0001	0.0000	0.0187	0.0031	0.0020	0.0111	0.0039	0.0044	0.0005	0.0000	0.0000	0.0011	0.0051	0.0061	0.0005	1.3108	2.0538	0.0462	0.2910	0.3102	0.0612	1.6574	3.0850	0.0453	0.0186	0.0132	-0.0002	-0.6015	4.0036	3.6794	26.5072	17.4287	0.0006	0.0006	0.0000	0.0000	0.0000	0.0000	0.0006	0.0006	0.0000	1.3507	1.3331	0.0176	0.0761	0.0748	0.0012	1.2746	1.2583	0.0164	0.1484	0.1286	0.0198	0.0354	0.0345	0.0010	0.1130	0.0941	0.0189	1.0304	0.6491	0.3813	0.2614	0.2412	0.0201	0.7691	0.4079	0.3612	0.0030	0.0022	0.0116	0.0001	0.0000	0.0187	0.0031	0.0020	0.0111	1.3108	2.0538	0.0462	0.2910	0.3102	0.0612	1.6574	3.0850	0.0453
118	151	0.1388	3	0	2	0	1	0	0	0	0	N	Y	N	N	N	N	N	N	N	N	N	N	3.4527	5.9328	0.0002	0.0102	0.0099	0.0000	3.1975	4.8709	0.0002	8.8768	10.4666	0.0006	0.0007	0.0007	0.0000	10.3160	12.4950	0.0006	2.5709	1.7642	3.8677	0.0659	0.0691	0.0001	3.2262	2.5652	3.9661	0.0000	1.3639	-0.4409	0.2069	4.0036	3.4464	26.5072	10.1316	0.9994	0.9994	0.0000	0.0000	0.0000	0.0000	0.9994	0.9994	0.0000	1.7442	0.7379	1.0064	0.0093	0.0093	0.0000	1.7350	0.7286	1.0064	0.1126	0.0955	0.0171	0.0157	0.0155	0.0002	0.0969	0.0800	0.0169	0.6784	0.4182	0.2602	0.1407	0.1342	0.0065	0.5378	0.2840	0.2537	3.4527	5.9328	0.0002	0.0102	0.0099	0.0000	3.1975	4.8709	0.0002	2.5709	1.7642	3.8677	0.0659	0.0691	0.0001	3.2262	2.5652	3.9661
118	152	0.5662	9	1	2	0	1	0	0	0	0	N	Y	N	N	N	N	N	N	N	N	N	N	0.0000	0.0000	0.0000	0.0000	0.0000	0.0000	0.0000	0.0000	0.0000	0.0000	0.0000	0.0000	0.0000	2.6066	3.9379	0.0000	6.7433	8.6134	0.0000	0.0000	0.0000	0.0000	0.0000	0.0000	-0.4584	4.0036	1.0143	26.5072	12.0086	0.0000	0.0000	0.0000	0.0000	0.0000	0.0000	0.0000	0.0000	0.0000	1.0000	1.0000	0.0000	1.0000	1.0000	0.0000	0.0000	0.0000	0.0000	0.0254	0.0218	0.0036	0.0064	0.0059	0.0005	0.0190	0.0160	0.0031	0.3836	0.2539	0.1297	0.1851	0.1535	0.0317	0.1985	0.1005	0.0980	0.0000	0.0000	0.0000	0.0000	0.0000	0.0000	0.0000	0.0000	0.0000	2.6066	3.9379	0.0000	5.4010	6.5165	0.0000	0.0000	0.0000	0.0000						
118	153	0.5639	8	1	2	0	1	0	0	0	0	N	Y	N	N	N	N	N	N	N	N	N	N	0.0000	0.0000	0.0000	0.0000	0.0000	0.0000	0.0000	0.0000	0.0000	0.0000	0.0000	0.0000	0.0000	0.0000	0.0000	0.0000	0.0000	0.0026	0.0019	0.0038	0.0046	0.0031	0.0116	0.0006	0.0000	0.0013	1.0000	0.0000	0.0000	4.0036	0.9811	26.5072	0.0216	0.0000	0.0000	0.0000	0.0000	0.0000	0.0000	0.0000	0.0000	0.0000	0.0001	0.0000	0.0000	0.0001	0.0000	0.0000	0.0000	0.0000	0.0000	0.0243	0.0209	0.0034	0.0060	0.0055	0.0005	0.0183	0.0154	0.0030	0.0314	0.0208	0.0106	0.0153	0.0127	0.0026	0.0160	0.0081	0.0080	0.0000	0.0000	0.0000	0.0000	0.0000	0.0000	0.0000	0.0000	0.0000	0.0026	0.0019	0.0038	0.0046	0.0031	0.0116	0.0006	0.0000	0.0013		
118	154	0.5594	7	1	2	0	1	0	0	0	0	N	Y	N	N	N	N	N	N	N	N	N	N	0.0000	0.0000	0.0000	0.0000	0.0000	0.0000	0.0000	0.0000	0.0000	0.0000	0.0000	0.0000	0.0000	0.0000	0.0000	0.0000	0.0000	0.0443	0.0365	0.0597	0.0512	0.0595	0.0085	0.0378	0.0000	0.0759	0.8225	0.0000	-0.0000	4.0036	0.0083	26.5072	2.0001	0.0000	0.0000	0.0000	0.0000	0.0000	0.0000	0.0000	0.0000	0.0000	0.0028	0.0016	0.0013	0.0016	0.0016	0.0000	0.0012	0.0000	0.0012	0.0002	0.0002	0.0000	0.0001	0.0001	0.0000	0.0002	0.0001	0.0000	0.0642	0.0427	0.0215	0.0314	0.0262	0.0051	0.0328	0.0165	0.0163	0.0000	0.0000	0.0000	0.0000	0.0000	0.0000	0.0000	0.0000	0.0000	0.0443	0.0365	0.0597	0.0512	0.0595	0.0085	0.0378	0.0000	0.0759		
118	155	0.5357	6	0	2	0	1	0	0	0	0	N	Y	N	N	N	N	N	N	N	N	N	N	0.0000	0.0000	0.0000	0.0000	0.0000	0.0000	0.0000	0.0000	0.0000	0.0000	0.0000	0.0000	0.0000	0.0000	0.0000	0.0000	0.0000	0.0000	5.6175	3.3899	12.0971	5.1408	5.6561	0.0402	4.9571	0.0009	14.8228	1.1096	0.0000	0.1283	4.0036	2.9180	26.5072	7.4065	0.0000	0.0000	0.0000	0.0000	0.0000	0.0000	0.0000	0.0000	0.0000	1.8975	0.8995	0.9980	0.9004	0.8994	0.0011	0.9970	0.0001	0.9969	0.0746	0.0638	0.0108	0.0200	0.0180	0.0019	0.0546	0.0458	0.0088	0.3867	0.2653	0.1213	0.1856	0.1591	0.0264	0.2011	0.1062	0.0949	0.0000	0.0000	0.0000	0.0000	0.0000	0.0000	0.0000	0.0000	0.0000	4.9070	3.3899	8.2244	4.8528	5.6528	0.0402	4.9571	0.0009	10.5054	
118	156	0.4699	5	0	1	0	1	0	0	0	0	N	N	N	N	N	N	N	N	N	N	N	N	0.5206	0.6460	0.0000	0.6381	0.5874	0.0000	0.4182	0.5057	0.0000	1.4369	1.6386	0.0000	0.9658	1.0247	0.0000	1.6664	1.9722	0.0000	2.7601	2.5367	3.2228	1.5137	1.7444	0.0891	3.9846	3.8997	4.0666	0.0000	0.6134	-0.1873	-0.2517	4.0036	8.2479	26.5072	19.7214	0.4247	0.4247	0.0000	0.0935	0.0935	0.0000	0.3312	0.3312	0.0000	3.2199	1.9957	1.2242	0.8751	0.8679	0.0072	2.3448	1.1278	1.2170	0.2956	0.2592	0.0364	0.0968	0.0913	0.0056	0.1988	0.1679	0.0308	1.1666	0.7867	0.3799	0.5781	0.4975	0.0806	0.5885	0.2892	0.2993	0.5206	0.6460	0.0000	0.6381	0.5874	0.0000	0.4182	0.5057	0.0000	2.7601	2.5367	3.2228	1.5137	1.7444	0.0891	3.9846	3.8997	4.0666
118	157	0.4337	4	0	1	0	1	0	0	0	0	N	N	N	N	N	N	N	N	N	N	N	N	1.6370	2.0149	0.0059	0.0422	0.0390	0.0369	1.2976	1.3726	0.0050	3.0098	3.4820	0.0122	0.0291	0.0312	0.0026	4.0305	4.7848	0.0137	1.8386	1.7281	2.0756	0.6900	0.7987	0.0716	3.1061	3.4861	2.7318	0.0006	0.5597	-0.2947	-0.2108	4.0036	7.4725	26.5072	14.3153	0.6690	0.6687	0.0004	0.0017	0.0016	0.0000	0.6674	0.6670	0.0004	2.1181	1.3580	0.7601	0.4170	0.4106	0.0065	1.7011	0.9475	0.7536	0.2223	0.1920	0.0303	0.0567	0.0526	0.0041	0.1656	0.1394	0.0262	1.1520	0.7858	0.3662	0.6044	0.5141	0.0903	0.5477	0.2718	0.2759	1.6370	2.0149	0.0059	0.0422	0.0390	0.0369	1.2976	1.3726	0.0050	1.8386	1.7281	2.0756	0.6900	0.7987	0.0716	3.1061	3.4861	2.7318
118	158	0.3682	3	0	1	0	1	0	0	0	0	N	N	N	N	N	N	N	N	N	N	N	N	0.0059	0.0064	0.0008	0.0031	0.0027	0.0561	0.0050	0.0049	0.0005	0.0078	0.0089	0.0009	0.0024	0.0023	0.0028	0.0092	0.0107	0.0007	1.3242	1.3759	1.2113	0.7583	0.8637	0.0501	1.8475	2.1760	1.4982	0.0159	0.4030	-0.0011	-0.3729	4.0036	11.6653	26.5072	19.4910	0.0026	0.0025	0.0000	0.0002	0.0002	0.0000	0.0024	0.0024	0.0000	2.1790	1.5532	0.6259	0.5995	0.5944	0.0051	1.5795	0.9588	0.6207	0.3307	0.2867	0.0440	0.0679	0.0643	0.0036	0.2628	0.2223	0.0405	1.6455	1.1288	0.5167	0.7906	0.6882	0.1024	0.8550	0.4406	0.4143	0.0059	0.0064	0.0008	0.0031	0.0027	0.0561	0.0050	0.0049	0.0005	1.3242	1.3759	1.2113	0.7583	0.8637	0.0501	1.8475	2.1760	1.4982
118	159	0.3210	2	0	1	0	1	0	0	0	0	N	N	N	N	N	N	N	N	N	N	N	N	0.0427	0.0457	0.0011	0.2880	0.2653	0.3358	0.0066	0.0062	0.0000	0.0611	0.0702	0.0013	0.2347	0.2447	0.0180	0.0132	0.0156	0.0000	1.4317	1.5342	1.2050	0.8149	0.9224	0.0537	2.0127	2.5212	1.4799	0.0029	0.3553	-0.0062	-0.4802	4.0036	7.3933	26.5072	20.5306	0.0142	0.0141	0.0000	0.0118	0.0117	0.0000	0.0024	0.0024	0.0000	2.4470	1.8055	0.6415	0.6757	0.6702	0.0055	1.7713	1.1353	0.6360	0.2318	0.2012	0.0305	0.0501	0.0479	0.0022	0.1816	0.1533	0.0283	1.7092	1.1769	0.5323	0.8291	0.7265	0.1026	0.8801	0.4503	0.4297	0.0427	0.0457	0.0011	0.2880	0.2653	0.3358	0.0066	0.0062	0.0000	1.4317	1.5342	1.2050	0.8149	0.9224	0.0537	2.0127	2.5212	1.4799
118	161	0.1893	7	1	2	0	1	0	0	0	0	N	Y	N	N	N	N	N	N	N	N	N	N	0.0000	0.0000	0.0000	0.0000	0.0000	0.0000	0.0000	0.0000	0.0000	0.0000	0.0000	0.0000	0.0000	0.0000	0.0000	12.6352	29.7931	0.0000	0.0006	0.0007	0.0000	10.0990	19.7123	0.0000	0.0000	0.0000	-0.4577	4.0036	0.0002	26.5072	3.0099	0.0000	0.0000	0.0000	0.0000	0.0000	0.0000	0.0000	0.0000	0.0000	0.9985	0.9985	0.0000	0.0000	0.0000	0.0000	0.9985	0.9985	0.0000	0.0000	0.0000	0.0000	0.0000	0.0000	0.0000	0.0000	0.0000	0.0000	0.1146	0.0646	0.0500	0.0158	0.0140	0.0018	0.0989	0.0507	0.0482	0.0000	0.0000	0.0000	0.0000	0.0000	0.0000	0.0000	0.0000	0.0000	8.7113	15.4518	0.0000	0.0006	0.0007	0.0000	10.0990	19.7123	0.0000				
118	162	0.1817	6	1	2	0	1	0	0	0	0	N	Y	N	N	N	N	N	N	N	N	N	N	0.0000	0.0000	0.0000	0.0000	0.0000	0.0000	0.0000	0.0000	0.0000	0.0000	0.0000	0.0000	0.0000	0.0136	0.0245	0.0000	0.0000	0.0000	0.0000	0.0156	0.0307	0.0000	0.0000	0.0000	-0.0007	4.0036	0.9998	26.5072	2.0118	0.0000	0.0000	0.0000	0.0000	0.0000	0.0000	0.0000	0.0000	0.0000	0.0015	0.0015	0.0000	0.0000	0.0000	0.0000	0.0015	0.0015	0.0000	0.0255	0.0216	0.0039	0.0016	0.0015	0.0001	0.0238	0.0201	0.0038	0.1122	0.0624	0.0498	0.0143	0.0125	0.0017	0.0979	0.0499	0.0480	0.0000	0.0000	0.0000	0.0000	0.0000	0.0000	0.0000	0.0000	0.0000	0.0136	0.0245	0.0000	0.0000	0.0000	0.0000	0.0156	0.0307	0.0000						
118	163	0.1817	5	1	2	0	1	0	0	0	0	N	Y	N	N	N	N	N	N	N	N	N	N	0.0000	0.0000	0.0000	0.0000	0.0000	0.0000	0.0000	0.0000	0.0000	0.0000	0.0000	0.0000	0.0000	0.0000	0.0000	0.0000	0.0000	0.0000	0.0000	0.0000	4.0036	0.0000	26.5072	0.0003	0.0000	0.0000	0.0000	0.0000	0.0000	0.0000	0.0000	0.0000	0.0000	0.0000	0.0000	0.0000	0.0000	0.0000	0.0000	0.0000	0.0000	0.0000	0.0000	0.0000	0.0000	0.0000	0.0000	0.0000	0.0000	0.0000	0.0000	0.0000	0.0000	0.0000	0.0000	0.0000	0.0000	0.0000	0.0000	0.0000	0.0000	0.0000	0.0000	0.0000	0.0000	0.0000	0.0000	0.0000	0.0000	0.0000	0.0000	0.0000	0.0000	0.0000	0.0000	0.0000	0.0000	0.0000											
118	164	0.1707	4	0	2	0	1	0	0	0	0	N	Y	N	N	N	N	N	N	N	N	N	N	0.0021	9.4880	0.0000	4.0747	6.9378	0.0000	0.0000	0.0000	0.0000	0.0117	0.0144	0.0000	0.0323	0.0324	0.0000	0.0000	0.0000	0.0000	5.6418	0.0015	23.2560	0.0079	0.0047	0.0406	6.1727	0.0000	18.9153	0.0000	5627.0398	-0.0000	0.5369	4.0036	0.0063	26.5072	4.3641	0.0000	0.0000	0.0000	0.0000	0.0000	0.0000	0.0000	0.0000	0.0000	0.9916	0.0002	0.9914	0.0003	0.0002	0.0002	0.9913	0.0000	0.9913	0.0005	0.0004	0.0001	0.0002	0.0002	0.0000	0.0003	0.0002	0.0001	0.2020	0.1162	0.0858	0.0414	0.0377	0.0037	0.1606	0.0785	0.0821	0.0024	9.4880	0.0000	4.0747	6.9378	0.0000	0.0000	0.0000	0.0000	4.9084	0.0015	11.5492	0.0079	0.0047	0.0406	6.1727	0.0000	12.0736
118	165	0.1388	3	0	1	0	1	0	0	0	0	N	N	N	N	N	N	N	N	N	N	N	N	0.0680	21.4402	0.0000	51.6771	50.5178	0.0000	0.0000	0.0000	0.0000	0.0399	0.0470	0.0000	0.2377	0.2401	0.0000	0.0000	0.0000	0.0000	0.5872	0.0022	1.5427	0.0046	0.0048	0.0012	0.7454	0.0009	1.5816	0.0000	430.7627	-0.0016	0.2036	4.0036	2.5207	26.5072	10.0226	0.0036	0.0036	0.0000	0.0036	0.0036	0.0000	0.0000	0.0000	0.0000	0.3775	0.0009	0.3766	0.0006	0.0006	0.0000	0.3768	0.0003	0.3766	0.0898	0.0762	0.0135	0.0151	0.0149	0.0002	0.0747	0.0613	0.0134	0.6428	0.3987	0.2441	0.1373	0.1313	0.0060	0.5056	0.2675	0.2381	0.0680	21.4402	0.0000	51.6771	50.5178	0.0000	0.0000	0.0000	0.0000	0.5872	0.0022	1.5427	0.0046	0.0048	0.0012	0.7454	0.0009	1.5816
118	166	0.1232	2	0	1	0	1	0	0	0	0	N	N	N	N	N	N	N	N	N	N	N	N	0.0991	0.1469	0.0009	0.3368	0.3309	0.0000	0.0802	12.2790	0.0009	0.0210	0.0248	0.0003	0.1371	0.1388	0.0000	0.0113	0.0135	0.0003	0.2116	0.1689	0.2862	0.4071	0.4194	0.1008	0.1411	0.0011	0.2916	0.0020	0.9711	-0.0007	0.0036	4.0036	2.6894	26.5072	4.6619	0.0016	0.0016	0.0000	0.0008	0.0008	0.0000	0.0008	0.0008	0.0000	0.1053	0.0534	0.0519	0.0537	0.0532	0.0005	0.0516	0.0002	0.0513	0.0779	0.0657	0.0122	0.0060	0.0059	0.0001	0.0719	0.0598	0.0121	0.4974	0.3162	0.1812	0.1319	0.1268	0.0051	0.3655	0.1894	0.1761	0.0991	0.1469	0.0009	0.3368	0.3309	0.0000	0.0802	12.2790	0.0009	0.2116	0.1689	0.2862	0.4071	0.4194	0.1008	0.1411	0.0011	0.2916
119	120	0.4873	7	0	2	0	0	0	0	0	0	N	Y	N	N	N	N	N	N	N	N	N	N	0.0165	0.0250	0.0014	0.0845	0.0731	0.0058	0.0003	0.0000	0.0011	0.0276	0.0307	0.0038	0.0686	0.0713	0.0004	0.0007	0.0000	0.0044	1.6734	1.2255	2.7232	0.8111	0.9755	0.0672	2.7669	1.6968	4.0810	0.0160	0.9480	-0.0072	0.1008	3.8169	16.3276	21.2433	34.9199	0.0170	0.0167	0.0003	0.0167	0.0167	0.0000	0.0003	0.0000	0.0003	3.5644	1.8298	1.7346	0.9660	0.9515	0.0145	2.5984	0.8783	1.7201	0.6148	0.5450	0.0698	0.2439	0.2343	0.0095	0.3709	0.3107	0.0603	2.1300	1.4930	0.6370	1.1909	0.9754	0.2155	0.9391	0.5176	0.4215	0.0165	0.0250	0.0014	0.0845	0.0731	0.0058	0.0003	0.0000	0.0011	1.6734	1.2255	2.7232	0.8111	0.9755	0.0672	2.7669	1.6968	4.0810
119	121	0.4699	6	0	2	0	0	0	0	0	0	N	Y	N	N	N	N	N	N	N	N	N	N	0.0180	0.0198	0.0173	0.0638	0.0568	0.0578	0.0026	0.0000	0.0123	0.0096	0.0093	0.0120	0.0219	0.0224	0.0054	0.0021	0.0000	0.0128	0.5327	0.4694	0.6930	0.3427	0.3953	0.0934	0.8138	0.6321	1.0413	0.1710	0.5834	-0.0007	-0.0664	3.8169	6.1757	21.2433	14.5601	0.0023	0.0020	0.0003	0.0020	0.0020	0.0000	0.0003	0.0000	0.0003	0.7380	0.4661	0.2719	0.2833	0.2698	0.0135	0.4547	0.1963	0.2584	0.2431	0.2146	0.0285	0.0918	0.0887	0.0031	0.1513	0.1259	0.0254	1.3854	0.9930	0.3923	0.8267	0.6825	0.1441	0.5587	0.3105	0.2482	0.0180	0.0198	0.0173	0.0638	0.0568	0.0578	0.0026	0.0000	0.0123	0.5327	0.4694	0.6930	0.3427	0.3953	0.0934	0.8138	0.6321	1.0413
119	122	0.4169	5	0	1	0	0	0	0	0	0	N	N	N	N	N	N	N	N	N	N	N	N	0.0033	0.0016	0.1034	0.0023	0.0020	0.2131	0.0146	0.0038	0.0875	0.0026	0.0017	0.0092	0.0030	0.0030	0.0024	0.0023	0.0007	0.0103	0.7778	1.0578	0.0888	1.3072	1.5279	0.0114	0.1579	0.1917	0.1176	0.7036	0.0341	-0.0000	-0.5252	3.8169	7.5400	21.2433	21.4192	0.0008	0.0005	0.0003	0.0004	0.0004	0.0000	0.0004	0.0001	0.0003	1.2345	1.1938	0.0407	1.1191	1.1177	0.0014	0.1154	0.0761	0.0393	0.3088	0.2731	0.0356	0.1226	0.1176	0.0050	0.1862	0.1556	0.0306	1.5872	1.1286	0.4586	0.8561	0.7315	0.1246	0.7311	0.3971	0.3340	0.0033	0.0016	0.1034	0.0023	0.0020	0.2131	0.0146	0.0038	0.0875	0.7778	1.0578	0.0888	1.3072	1.5279	0.0114	0.1579	0.1917	0.1176
119	123	0.1771	4	0	2	0	0	0	0	0	0	N	Y	N	N	N	N	N	N	N	N	N	N	0.0019	0.0035	0.0000	0.0041	0.0038	0.0000	0.0000	0.0000	0.0000	0.0069	0.0080	0.0000	0.0299	0.0315	0.0000	0.0000	0.0000	0.0000	3.6372	2.2921	5.8587	7.2189	8.2983	0.0126	2.9790	0.0262	6.4263	0.0000	1.5477	-0.0004	0.4899	3.8169	4.0019	21.2433	19.5615	0.0010	0.0010	0.0000	0.0010	0.0010	0.0000	0.0000	0.0000	0.0000	3.2853	1.2895	1.9958	1.2804	1.2800	0.0004	2.0049	0.0095	1.9954	0.1468	0.1262	0.0206	0.0338	0.0322	0.0016	0.1130	0.0940	0.0190	0.9032	0.5626	0.3407	0.2302	0.2001	0.0301	0.6730	0.3625	0.3105	0.0019	0.0035	0.0000	0.0054	0.0049	0.0000	0.0000	0.0000	0.0000	3.6372	2.2921	5.8587	5.5615	6.3975	0.0126	2.9790	0.0262	6.4263
119	124	0.1551	3	0	1	0	0	0	0	0	0	N	N	N	N	N	N	N	N	N	N	N	N	0.0152	0.1423	0.0121	0.1617	0.1543	0.2677	0.0055	0.0393	0.0127	0.0438	0.0327	0.1070	0.0959	0.0897	0.2086	0.0196	0.0014	0.0944	2.8748	0.2294	8.8512	0.5929	0.5813	0.7793	3.5733	0.0356	7.4555	0.5789	19.1684	-0.0002	0.6312	3.8169	1.2223	21.2433	8.2281	0.0028	0.0018	0.0010	0.0019	0.0017	0.0002	0.0008	0.0000	0.0008	1.2829	0.0636	1.2193	0.0620	0.0572	0.0048	1.2209	0.0064	1.2145	0.0632	0.0537	0.0095	0.0200	0.0190	0.0010	0.0431	0.0347	0.0084	0.4462	0.2772	0.1690	0.1046	0.0985	0.0061	0.3417	0.1788	0.1629	0.0152	0.1423	0.0148	0.1617	0.1543	0.2677	0.0055	0.0393	0.0127	2.8748	0.2294	7.2139	0.5929	0.5813	0.7793	3.5733	0.0356	7.4555
119	125	0.1032	2	0	1	0	0	0	0	0	0	N	N	N	N	N	N	N	N	N	N	N	N	0.0080	0.0015	0.1961	0.0363	0.0208	10.0697	0.0056	0.0000	0.1503	0.0228	0.0068	0.1098	0.1616	0.0967	4.2031	0.0139	0.0000	0.0846	2.8481	4.4244	0.5601	4.4517	4.6478	0.4174	2.4966	4.3333	0.5631	2.9782	0.0872	0.0011	-0.8099	3.8169	5.9920	21.2433	12.2976	0.0036	0.0009	0.0027	0.0015	0.0009	0.0006	0.0021	0.0000	0.0021	2.1416	1.9699	0.1718	0.6018	0.5992	0.0026	1.5398	1.3706	0.1692	0.1573	0.1328	0.0245	0.0095	0.0093	0.0001	0.1478	0.1235	0.0243	0.7520	0.4452	0.3067	0.1352	0.1289	0.0063	0.6168	0.3163	0.3005	0.0080	0.0015	0.1961	0.0363	0.0208	10.0697	0.0056	0.0000	0.1503	2.8481	4.4244	0.5601	4.4517	4.6478	0.4174	2.4966	4.3333	0.5631
119	126	0.1403	4	0	2	0	0	0	0	0	0	N	Y	N	N	N	N	N	N	N	N	N	N	2.2717	3.2887	0.0000	0.0169	0.0179	0.0000	2.4018	3.0464	0.0000	5.2721	6.1966	0.0000	0.0014	0.0016	0.0000	7.3366	8.8392	0.0000	2.3208	1.8842	3.0457	0.0838	0.0873	0.0470	3.0546	2.9015	3.2266	0.0000	0.9735	-0.4403	0.0732	3.8169	5.0407	21.2433	17.1705	0.9981	0.9981	0.0000	0.0001	0.0001	0.0000	0.9980	0.9980	0.0000	2.0967	1.0624	1.0343	0.0187	0.0178	0.0009	2.0780	1.0446	1.0334	0.1893	0.1611	0.0282	0.0533	0.0482	0.0051	0.1360	0.1129	0.0231	0.9034	0.5639	0.3396	0.2231	0.2038	0.0193	0.6803	0.3600	0.3203	2.2717	3.2887	0.0000	0.0169	0.0179	0.0000	2.4018	3.0464	0.0000	2.3208	1.8842	3.0457	0.0838	0.0873	0.0470	3.0546	2.9015	3.2266
119	127	0.1244	3	0	2	0	0	0	0	0	0	N	Y	N	N	N	N	N	N	N	N	N	N	0.0154	0.0127	0.0010	0.2594	0.3251	0.0000	0.0106	0.0073	0.0012	0.0324	0.0382	0.0003	0.0347	0.0381	0.0000	0.0315	0.0383	0.0004	2.1073	3.0159	0.3358	0.1337	0.1171	0.4811	2.9635	5.2642	0.3296	0.0016	0.0571	-0.0011	-0.4078	3.8169	1.9703	21.2433	6.2034	0.0026	0.0026	0.0000	0.0008	0.0008	0.0000	0.0018	0.0018	0.0000	1.0085	0.9540	0.0545	0.0194	0.0162	0.0032	0.9892	0.9379	0.0513	0.0800	0.0678	0.0122	0.0228	0.0208	0.0020	0.0572	0.0470	0.0102	0.4786	0.3163	0.1623	0.1448	0.1382	0.0066	0.3338	0.1782	0.1556	0.0154	0.0127	0.0010	0.2594	0.3251	0.0000	0.0106	0.0073	0.0012	2.1073	3.0159	0.3358	0.1337	0.1171	0.4811	2.9635	5.2642	0.3296
119	128	0.1032	2	0	1	0	0	0	0	0	0	N	N	N	N	N	N	N	N	N	N	N	N	0.0004	0.0005	0.0001	0.0894	0.0878	0.0000	0.0000	0.0000	0.0001	0.0021	0.0023	0.0007	0.0305	0.0310	0.0000	0.0001	0.0000	0.0007	5.3751	4.2753	5.2522	0.3411	0.3524	0.0393	5.9265	6.5141	5.3598	0.0527	0.8278	-0.0000	-0.0113	3.8169	1.1032	21.2433	7.8190	0.0001	0.0001	0.0000	0.0001	0.0001	0.0000	0.0000	0.0000	0.0000	2.0670	1.1308	0.9361	0.0340	0.0339	0.0001	2.0330	1.0970	0.9360	0.0299	0.0252	0.0047	0.0019	0.0019	0.0000	0.0280	0.0233	0.0047	0.4427	0.2645	0.1782	0.0997	0.0961	0.0036	0.3430	0.1684	0.1746	0.0004	0.0005	0.0001	0.0894	0.0878	0.0000	0.0000	0.0000	0.0001	4.6686	4.2753	5.2522	0.3411	0.3524	0.0393	5.9265	6.5141	5.3598
119	129	0.4462	6	0	2	0	0	0	0	0	0	N	Y	N	N	N	N	N	N	N	N	N	N	0.0593	0.0888	0.0000	0.0717	0.1030	0.0000	0.0000	0.0000	0.0000	0.0000	0.0000	0.0000	0.0000	0.0000	0.0000	0.0000	0.0000	0.0000	0.0004	0.0003	0.0008	0.0006	0.0004	0.0021	0.0002	0.0000	0.0004	0.0000	0.8077	-0.0000	-0.0000	3.8169	1.0033	21.2433	0.8635	0.0000	0.0000	0.0000	0.0000	0.0000	0.0000	0.0000	0.0000	0.0000	0.0002	0.0001	0.0001	0.0002	0.0001	0.0001	0.0000	0.0000	0.0000	0.0970	0.0888	0.0082	0.0568	0.0545	0.0023	0.0402	0.0344	0.0059	0.5355	0.4060	0.1295	0.3140	0.2847	0.0293	0.2215	0.1213	0.1002	0.0593	0.0888	0.0000	0.0717	0.1030	0.0000	0.0000	0.0000	0.0000	0.0004	0.0003	0.0008	0.0006	0.0004	0.0021	0.0002	0.0000	0.0004
119	130	0.4169	5	0	1	0	0	0	0	0	0	N	N	N	N	N	N	N	N	N	N	N	N	0.0768	0.0815	0.0037	0.1258	0.1328	0.0003	0.0360	0.0377	0.0052	0.0089	0.0100	0.0004	0.0167	0.0174	0.0000	0.0034	0.0040	0.0004	0.1159	0.1228	0.0974	0.1330	0.1313	0.1438	0.0939	0.1055	0.0798	0.0047	0.2986	-0.0010	-0.0333	3.8169	5.5514	21.2433	9.9598	0.0022	0.0022	0.0000	0.0017	0.0017	0.0000	0.0005	0.0005	0.0000	0.1457	0.1122	0.0335	0.0940	0.0804	0.0136	0.0517	0.0318	0.0199	0.2448	0.2166	0.0282	0.1012	0.0970	0.0042	0.1436	0.1196	0.0240	1.2575	0.9135	0.3440	0.7072	0.6125	0.0947	0.5503	0.3010	0.2493	0.0768	0.0815	0.0037	0.1258	0.1328	0.0003	0.0360	0.0377	0.0052	0.1159	0.1228	0.0974	0.1330	0.1313	0.1438	0.0939	0.1055	0.0798
119	131	0.3866	4	0	1	0	0	0	0	0	0	N	N	N	N	N	N	N	N	N	N	N	N	0.0037	0.0020	0.0841	0.0032	0.0028	0.1049	0.0142	0.0040	0.0714	0.0024	0.0017	0.0077	0.0034	0.0034	0.0029	0.0018	0.0005	0.0084	0.6460	0.8665	0.0919	1.0563	1.2316	0.0279	0.1253	0.1320	0.1175	0.5841	0.0422	-0.0001	-0.3848	3.8169	9.1969	21.2433	13.4651	0.0009	0.0005	0.0003	0.0005	0.0004	0.0000	0.0004	0.0001	0.0003	0.9208	0.8836	0.0373	0.8421	0.8389	0.0032	0.0787	0.0447	0.0340	0.3657	0.3241	0.0416	0.1352	0.1302	0.0050	0.2304	0.1939	0.0365	1.4255	1.0197	0.4058	0.7972	0.6811	0.1161	0.6283	0.3386	0.2897	0.0037	0.0020	0.0841	0.0032	0.0028	0.1049	0.0142	0.0040	0.0714	0.6460	0.8665	0.0919	1.0563	1.2316	0.0279	0.1253	0.1320	0.1175
119	132	0.1232	4	1	2	0	1	0	0	0	0	N	Y	N	N	N	N	N	N	N	N	N	N	0.0000	0.0000	0.0000	0.0000	0.0000	0.0000	0.0000	0.0000	0.0000	0.0000	0.0000	0.0000	0.0000	0.0000	0.0000	0.0000	0.0000	0.0001	0.0001	0.0000	0.0005	0.0005	0.0000	0.0000	0.0000	0.0000	0.0016	0.0000	-0.0000	3.8169	1.0000	21.2433	3.0001	0.0000	0.0000	0.0000	0.0000	0.0000	0.0000	0.0000	0.0000	0.0000	0.0000	0.0000	0.0000	0.0000	0.0000	0.0000	0.0000	0.0000	0.0000	0.0371	0.0320	0.0051	0.0078	0.0075	0.0003	0.0293	0.0245	0.0048	0.1463	0.0849	0.0613	0.0198	0.0182	0.0016	0.1264	0.0667	0.0597	0.0000	0.0000	0.0000	0.0000	0.0000	0.0000	0.0000	0.0000	0.0000	0.0001	0.0001	0.0000	0.0005	0.0005	0.0000	0.0000	0.0000	0.0000		
119	133	0.5990	10	1	2	0	1	0	0	0	0	N	Y	N	N	N	N	N	N	N	N	N	N	329.3230	1009.4998	0.0000	226.1170	742.7563	0.0000	748.9610	3013971.1238	0.0000	0.4426	0.5045	0.0000	0.4938	0.5617	0.0000	0.2718	0.3117	0.0000	0.0013	0.0005	0.0032	0.0022	0.0008	0.0095	0.0004	0.0000	0.0007	0.0000	2.9427	-0.0000	0.0000	3.8169	0.0006	21.2433	1.9797	0.0000	0.0000	0.0000	0.0000	0.0000	0.0000	0.0000	0.0000	0.0000	0.0001	0.0000	0.0001	0.0001	0.0000	0.0000	0.0000	0.0000	0.0000	0.0001	0.0001	0.0000	0.0001	0.0000	0.0000	0.0000	0.0000	0.0000	0.0585	0.0399	0.0186	0.0315	0.0264	0.0052	0.0270	0.0135	0.0134	329.3230	1009.4998	0.0000	226.1170	742.7563	0.0000	748.9610	3013971.1238	0.0000	0.0013	0.0005	0.0032	0.0022	0.0008	0.0095	0.0004	0.0000	0.0007
119	134	0.5823	9	1	2	0	1	0	0	0	0	N	Y	N	N	N	N	N	N	N	N	N	N	23330.3635	19433.4949	0.0000	27528.4388	24038.3280	0.0000	34128.9514	43779667.3520	0.0000	14.3066	16.1606	0.0000	29.2482	30.7582	0.0000	3.4898	4.1656	0.0000	0.0006	0.0008	0.0002	0.0011	0.0013	0.0001	0.0001	0.0000	0.0002	0.0000	0.0947	-0.4394	-0.0000	3.8169	2.0077	21.2433	6.0321	0.9962	0.9962	0.0000	0.8552	0.8552	0.0000	0.1410	0.1410	0.0000	0.0001	0.0001	0.0000	0.0001	0.0001	0.0000	0.0000	0.0000	0.0000	0.0696	0.0616	0.0080	0.0292	0.0278	0.0014	0.0404	0.0338	0.0066	0.2139	0.1441	0.0698	0.1138	0.0936	0.0202	0.1001	0.0504	0.0496	23330.3635	19433.4949	0.0000	27528.4388	24038.3280	0.0000	34128.9514	43779667.3520	0.0000	0.0006	0.0008	0.0002	0.0011	0.0013	0.0001	0.0001	0.0000	0.0002
119	135	0.5775	9	0	2	0	1	0	0	0	0	N	Y	N	N	N	N	N	N	N	N	N	N	0.0231	0.0000	24.3932	0.0023	0.0000	3045.7758	1.5590	0.0000	19.6068	0.0003	0.0000	0.0028	0.0001	0.0000	0.0013	0.0005	0.0000	0.0031	0.0146	0.0214	0.0001	0.0266	0.0316	0.0000	0.0003	0.0005	0.0002	inf	0.0025	0.0000	-0.0027	3.8169	3.0348	21.2433	9.3583	0.0000	0.0000	0.0000	0.0000	0.0000	0.0000	0.0000	0.0000	0.0000	0.0059	0.0059	0.0000	0.0059	0.0059	0.0000	0.0001	0.0000	0.0000	0.1069	0.0942	0.0127	0.0435	0.0415	0.0020	0.0634	0.0527	0.0107	0.4041	0.2753	0.1288	0.2202	0.1850	0.0351	0.1839	0.0902	0.0937	0.0231	0.0000	24.3932	0.0023	0.0000	3045.7758	1.5590	0.0000	19.6068	0.0146	0.0214	0.0001	0.0266	0.0316	0.0000	0.0003	0.0005	0.0002
119	136	0.5632	8	0	1	0	1	0	0	0	0	N	N	N	N	N	N	N	N	N	N	N	N	0.0429	0.0330	0.0000	0.0537	0.0461	0.0000	0.0000	0.0000	0.0000	0.0212	0.0243	0.0000	0.0507	0.0530	0.0000	0.0000	0.0000	0.0000	0.4937	0.7374	0.0025	0.9448	1.1474	0.0002	0.0022	0.0011	0.0034	0.0000	0.0017	-0.0000	-0.0426	3.8169	0.0433	21.2433	6.6805	0.0000	0.0000	0.0000	0.0000	0.0000	0.0000	0.0000	0.0000	0.0000	0.0932	0.0931	0.0002	0.0930	0.0930	0.0000	0.0002	0.0001	0.0002	0.0017	0.0015	0.0002	0.0007	0.0007	0.0000	0.0010	0.0008	0.0002	0.1888	0.1262	0.0626	0.0984	0.0811	0.0174	0.0903	0.0451	0.0452	0.0429	0.0330	0.0000	0.0537	0.0461	0.0000	0.0000	0.0000	0.0000	0.4937	0.7374	0.0025	0.9448	1.1474	0.0002	0.0022	0.0011	0.0034
119	137	0.1529	6	0	2	0	1	0	0	0	0	N	Y	N	N	N	N	N	N	N	N	N	N	0.0000	0.0000	0.0000	0.0000	0.0000	0.0000	0.0000	0.0000	0.0000	0.0000	0.0000	0.0000	0.0000	0.0000	0.0000	0.0000	0.0000	0.0000	0.0000	0.0000	3.8169	0.0000	21.2433	0.0000	0.0000	0.0000	0.0000	0.0000	0.0000	0.0000	0.0000	0.0000	0.0000	0.0000	0.0000	0.0000	0.0000	0.0000	0.0000	0.0000	0.0000	0.0000	0.0000	0.0000	0.0000	0.0000	0.0000	0.0000	0.0000	0.0000	0.0000	0.0000	0.0000	0.0000	0.0000	0.0000	0.0000	0.0000	0.0000	0.0000	0.0000	0.0000	0.0000	0.0000	0.0000	0.0000	0.0000	0.0000	0.0000	0.0000	0.0000	0.0000	0.0000	0.0000	0.0000	0.0000	0.0000	0.0000											
119	138	0.1478	5	0	2	0	1	0	0	0	0	N	Y	N	N	N	N	N	N	N	N	N	N	2187340.2873	1637194.4455	494244.8219	616798.5538	inf	inf	1.1750	1.4998	0.0000	1.5932	2.2159	0.0000	0.0060	0.0063	0.0000	0.0000	0.0000	0.0000	0.0000	0.0000	0.0000	0.0000	0.0000	0.0000	0.0000	0.0000	-0.0009	-0.0000	3.8169	0.0021	21.2433	2.0000	0.0020	0.0020	0.0000	0.0020	0.0020	0.0000	0.0000	0.0000	0.0000	0.0000	0.0000	0.0000	0.0000	0.0000	0.0000	0.0000	0.0000	0.0000	0.0017	0.0013	0.0004	0.0012	0.0009	0.0003	0.0004	0.0004	0.0000	0.0720	0.0422	0.0298	0.0120	0.0108	0.0012	0.0600	0.0315	0.0286	2187340.2873	1637194.4455	0.0000	494244.8219	616798.5538	0.0000	inf	inf	0.0000	0.0000	0.0000	0.0000	0.0000	0.0000	0.0000	0.0000	0.0000	0.0000			
119	139	0.1376	4	0	1	0	1	0	0	0	0	N	N	N	N	N	N	N	N	N	N	N	N	86.8536	59.5353	0.0000	15.8120	14.7604	0.0000	7839.2047	inf	0.0000	0.0534	0.0618	0.0000	0.0582	0.0606	0.0000	0.0520	0.0622	0.0000	0.0006	0.0010	0.0000	0.0037	0.0041	0.0000	0.0000	0.0000	0.0000	0.0000	0.0092	-0.0009	-0.0000	3.8169	1.0020	21.2433	3.0181	0.0020	0.0020	0.0000	0.0005	0.0005	0.0000	0.0015	0.0015	0.0000	0.0001	0.0001	0.0000	0.0001	0.0001	0.0000	0.0000	0.0000	0.0000	0.0372	0.0321	0.0051	0.0079	0.0076	0.0003	0.0293	0.0245	0.0048	0.1477	0.0866	0.0611	0.0244	0.0219	0.0025	0.1233	0.0647	0.0586	86.8536	59.5353	0.0000	15.8120	14.7604	0.0000	7839.2047	inf	0.0000	0.0006	0.0010	0.0000	0.0037	0.0041	0.0000	0.0000	0.0000	0.0000
119	140	0.1232	4	0	2	0	0	0	0	0	0	N	Y	N	N	N	N	N	N	N	N	N	N	0.0000	0.0000	0.0000	0.0000	0.0000	0.0000	0.0000	0.0000	0.0000	0.0000	0.0000	0.0000	0.0000	0.0000	0.0000	0.0000	0.0000	0.0000	0.0000	0.0000	0.0000	0.0000	0.0000	0.0000	inf	0.0000	0.0000	3.8169	0.0000	21.2433	4.0001	0.0000	0.0000	0.0000	0.0000	0.0000	0.0000	0.0000	0.0000	0.0000	0.0000	0.0000	0.0000	0.0000	0.0000	0.0000	0.0000	0.0000	0.0000	0.0000	0.0000	0.0000	0.0000	0.0000	0.0000	0.0000	0.0000	0.0000	0.1463	0.0849	0.0613	0.0198	0.0182	0.0016	0.1264	0.0667	0.0597	0.0000	0.0000	0.0000	0.0000	0.0000	0.0000	0.0000	0.0000	0.0000	0.0000	0.0000	0.0000	0.0000	0.0000	0.0000	0.0000	0.0000	0.0000				
119	141	0.5777	8	0	2	0	0	0	0	0	0	N	Y	N	N	N	N	N	N	N	N	N	N	0.0000	0.0000	0.0000	0.0000	0.0000	0.0000	0.0000	0.0000	0.0000	0.0000	0.0000	0.0000	0.0000	0.0000	0.0000	0.0000	0.0000	0.0000	7.7091	12.7563	0.0000	0.0018	0.0022	0.0000	13.0063	25.8576	0.0000	0.0000	0.0000	-0.4546	3.8169	1.0003	21.2433	5.0186	0.0000	0.0000	0.0000	0.0000	0.0000	0.0000	0.0000	0.0000	0.0000	0.9918	0.9918	0.0000	0.0002	0.0002	0.0000	0.9916	0.9916	0.0000	0.0348	0.0308	0.0040	0.0146	0.0139	0.0007	0.0202	0.0169	0.0033	0.1631	0.1100	0.0532	0.0869	0.0716	0.0153	0.0762	0.0383	0.0379	0.0000	0.0000	0.0000	0.0000	0.0000	0.0000	0.0000	0.0000	0.0000	6.0797	9.0192	0.0000	0.0018	0.0022	0.0000	13.0063	25.8576	0.0000	
119	142	0.1376	4	0	1	1	1	0	0	0	0	N	N	N	N	N	N	N	N	N	N	N	N	0.0000	0.0000	0.0000	0.0000	0.0000	0.0000	0.0000	0.0000	0.0000	0.0000	0.0000	0.0000	0.0000	0.0000	0.0000	0.0000	0.0003	0.0006	0.0000	0.0021	0.0023	0.0000	0.0000	0.0000	0.0000	0.0080	0.0000	-0.0000	3.8169	0.0001	21.2433	9.0026	0.0000	0.0000	0.0000	0.0000	0.0000	0.0000	0.0000	0.0000	0.0000	0.0001	0.0001	0.0000	0.0001	0.0001	0.0000	0.0000	0.0000	0.0000	0.0000	0.0000	0.0000	0.0000	0.0000	0.0000	0.0000	0.0000	0.0000	0.3239	0.1901	0.1337	0.0534	0.0479	0.0055	0.2704	0.1422	0.1282	0.0000	0.0000	0.0000	0.0000	0.0000	0.0000	0.0000	0.0000	0.0000	0.0003	0.0006	0.0000	0.0021	0.0023	0.0000	0.0000	0.0000	0.0000			
119	143	0.5632	8	0	1	1	1	0	0	0	0	N	N	N	N	N	N	N	N	N	N	N	N	0.0000	0.0000	0.0000	0.0000	0.0000	0.0000	0.0000	0.0000	0.0000	0.0000	0.0000	0.0000	0.0000	0.0000	0.0000	0.0000	0.0000	0.0000	0.0023	0.0013	0.0043	0.0016	0.0017	0.0009	0.0030	0.0004	0.0055	1.6899	0.0000	0.0001	3.8169	2.0061	21.2433	8.0425	0.0000	0.0000	0.0000	0.0000	0.0000	0.0000	0.0000	0.0000	0.0000	0.0006	0.0002	0.0004	0.0002	0.0002	0.0000	0.0004	0.0000	0.0004	0.0692	0.0611	0.0081	0.0280	0.0267	0.0013	0.0412	0.0345	0.0068	0.2758	0.1841	0.0917	0.1435	0.1180	0.0256	0.1323	0.0662	0.0661	0.0000	0.0000	0.0000	0.0000	0.0000	0.0000	0.0000	0.0000	0.0000	0.0023	0.0013	0.0043	0.0016	0.0017	0.0009	0.0030	0.0004	0.0055	
119	144	0.5541	7	0	1	0	1	0	0	0	0	N	N	N	N	N	N	N	N	N	N	N	N	0.0000	0.0000	0.0000	0.0000	0.0000	0.0000	0.0000	0.0000	0.0000	0.0000	0.0000	0.0000	0.0000	0.0000	0.0000	0.0000	0.0000	0.0000	0.0079	0.0111	0.0001	0.0138	0.0157	0.0001	0.0017	0.0031	0.0001	0.0021	0.0000	-0.0006	3.8169	1.9550	21.2433	2.1189	0.0000	0.0000	0.0000	0.0000	0.0000	0.0000	0.0000	0.0000	0.0000	0.0013	0.0013	0.0000	0.0012	0.0012	0.0000	0.0001	0.0001	0.0000	0.0711	0.0626	0.0085	0.0311	0.0292	0.0019	0.0400	0.0334	0.0066	0.1685	0.1196	0.0488	0.0869	0.0759	0.0110	0.0815	0.0437	0.0378	0.0000	0.0000	0.0000	0.0000	0.0000	0.0000	0.0000	0.0000	0.0000	0.0079	0.0111	0.0001	0.0138	0.0157	0.0001	0.0017	0.0031	0.0001	
119	145	0.5541	7	0	1	1	1	0	0	0	0	N	N	N	N	N	N	N	N	N	N	N	N	0.0000	0.0000	0.0000	0.0000	0.0000	0.0000	0.0000	0.0000	0.0000	0.0000	0.0000	0.0000	0.0000	0.0000	0.0000	0.0000	0.0000	0.0000	3.3811	5.3345	0.0001	3.2351	3.8771	0.0002	3.5342	6.9141	0.0000	0.0000	0.0000	-0.9112	3.8169	2.1261	21.2433	18.6477	0.0000	0.0000	0.0000	0.0000	0.0000	0.0000	0.0000	0.0000	0.0000	1.9879	1.9879	0.0000	0.9736	0.9736	0.0000	1.0143	1.0143	0.0000	0.0770	0.0678	0.0092	0.0336	0.0315	0.0020	0.0434	0.0362	0.0072	0.5879	0.3978	0.1901	0.3009	0.2511	0.0498	0.2870	0.1467	0.1403	0.0000	0.0000	0.0000	0.0000	0.0000	0.0000	0.0000	0.0000	0.0000	3.3811	4.9971	0.0001	3.2351	3.8771	0.0002	3.5342	6.9141	0.0000	
119	146	0.1376	4	0	1	1	1	0	0	0	0	N	N	N	N	N	N	N	N	N	N	N	N	0.0000	0.0000	0.0000	0.0000	0.0000	0.0000	0.0000	0.0000	0.0000	0.0000	0.0000	0.0000	0.0000	0.0000	0.0000	0.0000	0.0000	0.0257	0.0438	0.0000	0.1558	0.1738	0.0000	0.0000	0.0000	0.0000	0.0000	0.0000	-0.0034	3.8169	2.0001	21.2433	5.9880	0.0000	0.0000	0.0000	0.0000	0.0000	0.0000	0.0000	0.0000	0.0000	0.0074	0.0074	0.0000	0.0074	0.0074	0.0000	0.0000	0.0000	0.0000	0.0738	0.0637	0.0101	0.0156	0.0150	0.0006	0.0582	0.0487	0.0095	0.2886	0.1694	0.1192	0.0476	0.0427	0.0049	0.2410	0.1267	0.1143	0.0000	0.0000	0.0000	0.0000	0.0000	0.0000	0.0000	0.0000	0.0000	0.0257	0.0438	0.0000	0.1558	0.1738	0.0000	0.0000	0.0000	0.0000		
119	147	0.1376	4	0	1	1	1	0	0	0	0	N	N	N	N	N	N	N	N	N	N	N	N	0.0000	0.0000	0.0000	0.0000	0.0000	0.0000	0.0000	0.0000	0.0000	0.0000	0.0000	0.0000	0.0000	0.0000	0.0000	0.0000	0.0000	0.0640	0.1081	0.0006	0.3886	0.4331	0.0045	0.0002	0.0000	0.0004	0.0036	0.0000	-0.0305	3.8169	9.0001	21.2433	23.0169	0.0000	0.0000	0.0000	0.0000	0.0000	0.0000	0.0000	0.0000	0.0000	0.0672	0.0669	0.0002	0.0670	0.0669	0.0001	0.0002	0.0000	0.0002	0.3213	0.2781	0.0432	0.0678	0.0653	0.0026	0.2535	0.2129	0.0406	1.0493	0.6192	0.4301	0.1724	0.1545	0.0179	0.8769	0.4647	0.4121	0.0000	0.0000	0.0000	0.0000	0.0000	0.0000	0.0000	0.0000	0.0000	0.0640	0.1081	0.0006	0.3886	0.4331	0.0045	0.0002	0.0000	0.0004		
119	148	0.1123	3	0	1	0	1	0	0	0	0	N	N	N	N	N	N	N	N	N	N	N	N	0.0078	0.0032	0.7331	0.0041	0.0039	0.0051	0.0281	0.0000	0.8472	0.0007	0.0005	0.0019	0.0019	0.0019	0.0000	0.0003	0.0000	0.0021	0.0846	0.1417	0.0026	0.4532	0.4896	0.0095	0.0120	0.0207	0.0024	0.6799	0.0130	-0.0000	-0.0146	3.8169	1.9990	21.2433	7.9526	0.0000	0.0000	0.0000	0.0000	0.0000	0.0000	0.0000	0.0000	0.0000	0.0327	0.0323	0.0004	0.0288	0.0288	0.0000	0.0039	0.0035	0.0004	0.0742	0.0640	0.0102	0.0157	0.0151	0.0006	0.0585	0.0489	0.0096	0.3866	0.2278	0.1588	0.0636	0.0588	0.0048	0.3230	0.1690	0.1540	0.0078	0.0032	0.7331	0.0041	0.0039	0.0051	0.0281	0.0000	0.8472	0.0846	0.1417	0.0026	0.4532	0.4896	0.0095	0.0120	0.0207	0.0024
119	149	0.0803	2	1	2	0	0	0	0	0	0	N	Y	N	N	N	N	N	N	N	N	N	N	0.7360	10.5376	0.0000	8.9382	8.9685	0.0000	0.0000	0.0397	0.0000	0.7731	1.0186	0.0000	2.4193	2.5110	0.0000	0.0000	0.0000	0.0000	1.0504	0.0967	2.4642	0.2707	0.2800	0.0129	1.2618	0.0002	2.5103	0.0000	17.1967	-0.1092	0.5474	3.8169	5.3497	21.2433	17.2225	0.2476	0.2476	0.0000	0.2476	0.2476	0.0000	0.0000	0.0000	0.0000	1.1247	0.0618	1.0629	0.0618	0.0617	0.0001	1.0629	0.0001	1.0628	0.3203	0.2431	0.0772	0.1024	0.0986	0.0037	0.2180	0.1445	0.0735	1.0707	0.6394	0.4313	0.2284	0.2205	0.0080	0.8423	0.4189	0.4234	0.7360	10.5376	0.0000	8.9382	8.9685	0.0000	0.0000	0.0397	0.0000	1.0504	0.0967	2.4642	0.2707	0.2800	0.0129	1.2618	0.0002	2.5103
119	150	0.1112	3	0	2	0	0	0	0	0	0	N	Y	N	N	N	N	N	N	N	N	N	N	4.1567	3.2347	11.6480	0.7295	0.7114	3.3999	4.9959	3.4387	13.1324	4.1859	5.1473	0.1338	0.2268	0.2344	0.1095	6.4381	8.7258	0.1370	1.0070	1.5913	0.0115	0.3109	0.3295	0.0322	1.2887	2.5375	0.0104	0.0062	0.0042	-0.4459	-0.4944	3.8169	3.6794	21.2433	17.4287	1.0250	1.0187	0.0063	0.0201	0.0195	0.0006	1.0049	0.9992	0.0057	1.0886	1.0840	0.0046	0.0968	0.0962	0.0006	0.9918	0.9878	0.0040	0.2449	0.1979	0.0470	0.0888	0.0834	0.0054	0.1561	0.1145	0.0416	1.0810	0.6812	0.3998	0.3114	0.2919	0.0194	0.7696	0.3893	0.3803	4.1567	3.2347	11.6480	0.7295	0.7114	3.3999	4.9959	3.4387	13.1324	1.0070	1.5913	0.0115	0.3109	0.3295	0.0322	1.2887	2.5375	0.0104
119	151	0.0803	2	0	2	0	0	0	0	0	0	N	Y	N	N	N	N	N	N	N	N	N	N	0.7007	0.1651	15.7633	0.1779	0.1446	12.4632	6.4385	0.2315	15.5002	0.2561	0.0950	0.6909	0.2291	0.1912	1.2175	0.2710	0.0096	0.6639	0.3655	0.5755	0.0438	1.2883	1.3221	0.0977	0.0421	0.0413	0.0428	2.6936	0.0497	0.0188	-0.1191	3.8169	3.4464	21.2433	10.1316	0.0653	0.0177	0.0476	0.0208	0.0167	0.0041	0.0445	0.0009	0.0435	0.2897	0.2760	0.0137	0.2650	0.2644	0.0006	0.0247	0.0115	0.0132	0.2549	0.1860	0.0689	0.0909	0.0875	0.0034	0.1641	0.0985	0.0656	0.7927	0.4796	0.3131	0.2057	0.2000	0.0057	0.5870	0.2796	0.3074	0.7007	0.1651	15.7633	0.1779	0.1446	12.4632	6.4385	0.2315	15.5002	0.3655	0.5755	0.0438	1.2883	1.3221	0.0977	0.0421	0.0413	0.0428
119	152	0.5845	10	1	2	0	0	0	0	0	0	N	Y	N	N	N	N	N	N	N	N	N	N	0.0000	0.0000	0.0000	0.0000	0.0000	0.0000	0.0000	0.0000	0.0000	0.0000	0.0000	0.0000	0.0000	0.0000	0.0000	0.0000	0.0000	0.0000	2.9425	4.3703	0.0005	7.2500	9.3325	0.0016	0.0001	0.0002	0.0000	0.0001	0.0000	-0.4576	3.8169	1.0143	21.2433	12.0086	0.0000	0.0000	0.0000	0.0000	0.0000	0.0000	0.0000	0.0000	0.0000	0.9984	0.9984	0.0001	0.9984	0.9983	0.0001	0.0000	0.0000	0.0000	0.0357	0.0316	0.0041	0.0151	0.0144	0.0007	0.0206	0.0172	0.0034	0.3393	0.2284	0.1109	0.1795	0.1476	0.0318	0.1598	0.0808	0.0790	0.0000	0.0000	0.0000	0.0000	0.0000	0.0000	0.0000	0.0000	0.0000	2.9425	4.3703	0.0005	5.5629	6.7623	0.0016	0.0001	0.0002	0.0000	
119	153	0.5823	9	1	2	0	0	0	0	0	0	N	Y	N	N	N	N	N	N	N	N	N	N	0.0698	0.0533	0.0000	0.0879	0.0763	0.0000	1.2301	9.2548	0.0000	0.0006	0.0007	0.0000	0.0014	0.0014	0.0000	0.0000	0.0000	0.0000	0.0083	0.0123	0.0000	0.0155	0.0188	0.0000	0.0000	0.0000	0.0000	0.0000	0.0008	-0.0000	-0.0001	3.8169	0.9811	21.2433	0.0216	0.0000	0.0000	0.0000	0.0000	0.0000	0.0000	0.0000	0.0000	0.0000	0.0002	0.0002	0.0000	0.0002	0.0002	0.0000	0.0000	0.0000	0.0000	0.0343	0.0304	0.0040	0.0144	0.0137	0.0007	0.0199	0.0166	0.0032	0.0277	0.0187	0.0090	0.0148	0.0122	0.0026	0.0129	0.0065	0.0064	0.0698	0.0533	0.0000	0.0879	0.0763	0.0000	1.2301	9.2548	0.0000	0.0083	0.0123	0.0000	0.0155	0.0188	0.0000	0.0000	0.0000	0.0000
119	154	0.5777	8	1	2	0	0	0	0	0	0	N	Y	N	N	N	N	N	N	N	N	N	N	0.7675	0.5892	0.0000	0.7711	0.6836	0.0000	10.7018	6.4376	0.0000	0.0620	0.0704	0.0000	0.1156	0.1238	0.0000	0.0163	0.0195	0.0000	0.0808	0.1195	0.0000	0.1499	0.1811	0.0001	0.0015	0.0030	0.0000	0.0000	0.0001	-0.0000	-0.0021	3.8169	0.0083	21.2433	2.0001	0.0000	0.0000	0.0000	0.0000	0.0000	0.0000	0.0000	0.0000	0.0000	0.0046	0.0046	0.0000	0.0045	0.0045	0.0000	0.0000	0.0000	0.0000	0.0003	0.0003	0.0000	0.0001	0.0001	0.0000	0.0002	0.0001	0.0000	0.0566	0.0383	0.0184	0.0302	0.0250	0.0052	0.0264	0.0132	0.0132	0.7675	0.5892	0.0000	0.7711	0.6836	0.0000	10.7018	6.4376	0.0000	0.0808	0.1195	0.0000	0.1499	0.1811	0.0001	0.0015	0.0030	0.0000
119	155	0.5541	7	0	2	0	0	0	0	0	0	N	Y	N	N	N	N	N	N	N	N	N	N	0.0000	0.0000	0.0000	0.0000	0.0000	0.0000	0.0000	0.0000	0.0000	0.0000	0.0000	0.0000	0.0000	0.0000	0.0000	0.0000	0.0000	0.0000	0.0172	0.0250	0.0003	0.0062	0.0071	0.0011	0.0290	0.0560	0.0000	0.0054	0.0000	-0.0026	3.8169	2.9180	21.2433	7.4065	0.0000	0.0000	0.0000	0.0000	0.0000	0.0000	0.0000	0.0000	0.0000	0.0057	0.0057	0.0000	0.0011	0.0010	0.0000	0.0047	0.0047	0.0000	0.1039	0.0917	0.0122	0.0448	0.0422	0.0026	0.0591	0.0495	0.0097	0.3319	0.2280	0.1038	0.1709	0.1447	0.0262	0.1609	0.0833	0.0776	0.0000	0.0000	0.0000	0.0000	0.0000	0.0000	0.0000	0.0000	0.0000	0.0172	0.0250	0.0003	0.0062	0.0071	0.0011	0.0290	0.0560	0.0000	
119	156	0.4883	6	0	1	0	0	0	0	0	0	N	N	N	N	N	N	N	N	N	N	N	N	0.2232	0.2266	0.0001	0.5107	0.4688	0.0004	0.0085	0.0095	0.0000	0.0090	0.0101	0.0000	0.0199	0.0209	0.0000	0.0004	0.0004	0.0000	0.0402	0.0444	0.0303	0.0390	0.0445	0.0064	0.0416	0.0440	0.0391	0.0000	0.2904	-0.0016	-0.0101	3.8169	8.2479	21.2433	19.7214	0.0035	0.0035	0.0000	0.0035	0.0035	0.0000	0.0001	0.0001	0.0000	0.0432	0.0335	0.0097	0.0234	0.0228	0.0006	0.0199	0.0107	0.0092	0.3937	0.3513	0.0424	0.1732	0.1654	0.0079	0.2205	0.1859	0.0346	1.0760	0.7551	0.3208	0.5983	0.5119	0.0864	0.4777	0.2432	0.2345	0.2232	0.2266	0.0001	0.5107	0.4688	0.0004	0.0085	0.0095	0.0000	0.0402	0.0444	0.0303	0.0390	0.0445	0.0064	0.0416	0.0440	0.0391
119	157	0.4521	5	0	1	0	0	0	0	0	0	N	N	N	N	N	N	N	N	N	N	N	N	0.5673	0.5257	0.0184	1.0447	0.9756	0.0312	0.0416	0.0420	0.0159	0.0797	0.0906	0.0011	0.1954	0.2052	0.0018	0.0030	0.0034	0.0010	0.1405	0.1723	0.0609	0.1871	0.2103	0.0570	0.0727	0.0819	0.0627	0.0017	0.1413	-0.0105	-0.0517	3.8169	7.4725	21.2433	14.3153	0.0239	0.0238	0.0000	0.0233	0.0233	0.0000	0.0005	0.0005	0.0000	0.1545	0.1354	0.0191	0.1220	0.1164	0.0056	0.0325	0.0190	0.0135	0.2994	0.2630	0.0364	0.1193	0.1136	0.0057	0.1801	0.1494	0.0307	1.0996	0.7856	0.3140	0.6522	0.5534	0.0988	0.4474	0.2323	0.2151	0.5673	0.5257	0.0184	1.0447	0.9756	0.0312	0.0416	0.0420	0.0159	0.1405	0.1723	0.0609	0.1871	0.2103	0.0570	0.0727	0.0819	0.0627
119	158	0.3866	4	0	1	0	0	0	0	0	0	N	N	N	N	N	N	N	N	N	N	N	N	0.0177	0.0125	0.1145	0.0288	0.0255	0.0696	0.0102	0.0022	0.1077	0.0043	0.0040	0.0066	0.0091	0.0094	0.0024	0.0016	0.0005	0.0072	0.2423	0.3189	0.0576	0.3167	0.3671	0.0351	0.1526	0.2271	0.0664	0.2126	0.0749	-0.0005	-0.1529	3.8169	11.6653	21.2433	19.4910	0.0019	0.0016	0.0003	0.0015	0.0014	0.0000	0.0004	0.0001	0.0003	0.3935	0.3661	0.0274	0.2811	0.2764	0.0047	0.1124	0.0897	0.0227	0.4421	0.3917	0.0504	0.1601	0.1541	0.0060	0.2821	0.2376	0.0444	1.6240	1.1478	0.4762	0.8875	0.7528	0.1347	0.7365	0.3950	0.3415	0.0177	0.0125	0.1145	0.0288	0.0255	0.0696	0.0102	0.0022	0.1077	0.2423	0.3189	0.0576	0.3167	0.3671	0.0351	0.1526	0.2271	0.0664
119	159	0.3394	3	0	1	0	0	0	0	0	0	N	N	N	N	N	N	N	N	N	N	N	N	0.0461	0.0170	0.6290	0.0906	0.0315	9.9442	0.0070	0.0050	0.0142	0.0112	0.0052	0.0614	0.0266	0.0106	0.4222	0.0013	0.0012	0.0017	0.2428	0.3036	0.0976	0.2938	0.3360	0.0425	0.1823	0.2409	0.1174	1.4322	0.1345	0.0005	-0.1373	3.8169	7.3933	21.2433	20.5306	0.0037	0.0015	0.0022	0.0034	0.0013	0.0021	0.0003	0.0002	0.0001	0.4041	0.3562	0.0479	0.2655	0.2600	0.0055	0.1386	0.0962	0.0424	0.3296	0.2942	0.0354	0.1291	0.1241	0.0050	0.2005	0.1701	0.0304	1.6642	1.1732	0.4910	0.9038	0.7739	0.1299	0.7604	0.3993	0.3611	0.0461	0.0170	0.6290	0.0906	0.0315	9.9442	0.0070	0.0050	0.0142	0.2428	0.3036	0.0976	0.2938	0.3360	0.0425	0.1823	0.2409	0.1174
119	160	0.1032	2	0	1	0	0	0	0	0	0	N	N	N	N	N	N	N	N	N	N	N	N	0.0015	0.0009	0.0046	0.0085	0.0003	8.0875	0.0012	0.0009	0.0026	0.0040	0.0021	0.0146	0.0162	0.0006	1.0016	0.0032	0.0022	0.0083	2.6288	2.2656	3.1553	1.9019	2.0236	0.1238	2.7406	2.3302	3.2201	1.2304	0.9608	0.0003	0.1930	3.8169	27.6416	21.2433	54.6365	0.0026	0.0012	0.0014	0.0006	0.0000	0.0006	0.0020	0.0011	0.0008	6.1022	3.1121	2.9901	0.5885	0.5860	0.0025	5.5137	2.5261	2.9876	0.6594	0.5604	0.0990	0.0400	0.0393	0.0006	0.6194	0.5211	0.0983	2.3213	1.3737	0.9476	0.3094	0.2896	0.0198	2.0119	1.0841	0.9278	0.0015	0.0009	0.0046	0.0085	0.0003	8.0875	0.0012	0.0009	0.0026	2.6288	2.2656	3.1553	1.9019	2.0236	0.1238	2.7406	2.3302	3.2201
119	161	0.1309	6	1	2	0	0	0	0	0	0	N	Y	N	N	N	N	N	N	N	N	N	N	0.0000	0.0000	0.0000	0.0000	0.0000	0.0000	0.0000	0.0000	0.0000	0.0000	0.0000	0.0000	0.0000	0.0000	0.0000	0.0000	0.0000	12.7276	0.0003	46.9650	0.0056	0.0013	0.0569	10.3069	0.0000	46.2769	49275.3803	0.0000	0.5385	3.8169	0.0002	21.2433	3.0099	0.0000	0.0000	0.0000	0.0000	0.0000	0.0000	0.0000	0.0000	0.0000	0.9943	0.0000	0.9942	0.0001	0.0000	0.0001	0.9942	0.0000	0.9942	0.0000	0.0000	0.0000	0.0000	0.0000	0.0000	0.0000	0.0000	0.0000	0.1127	0.0661	0.0466	0.0162	0.0150	0.0012	0.0965	0.0511	0.0454	0.0000	0.0000	0.0000	0.0000	0.0000	0.0000	0.0000	0.0000	0.0000	8.8217	0.0003	21.3386	0.0056	0.0013	0.0569	10.3069	0.0000	21.9205		
119	162	0.1232	5	1	2	0	0	0	0	0	0	N	Y	N	N	N	N	N	N	N	N	N	N	0.0000	0.0000	0.0000	0.0000	0.0000	0.0000	0.0000	0.0000	0.0000	0.0000	0.0000	0.0000	0.0000	0.0000	0.0000	0.0000	0.0000	0.0000	0.0274	0.0008	0.0643	0.0027	0.0029	0.0002	0.0313	0.0002	0.0660	58.9606	0.0000	0.0016	3.8169	0.9998	21.2433	2.0118	0.0000	0.0000	0.0000	0.0000	0.0000	0.0000	0.0000	0.0000	0.0000	0.0030	0.0001	0.0030	0.0000	0.0000	0.0000	0.0030	0.0000	0.0030	0.0371	0.0320	0.0051	0.0078	0.0075	0.0003	0.0293	0.0245	0.0048	0.1106	0.0642	0.0464	0.0150	0.0138	0.0012	0.0956	0.0504	0.0452	0.0000	0.0000	0.0000	0.0000	0.0000	0.0000	0.0000	0.0000	0.0000	0.0274	0.0008	0.0643	0.0027	0.0029	0.0002	0.0313	0.0002	0.0660	
119	163	0.1232	4	1	2	0	0	0	0	0	0	N	Y	N	N	N	N	N	N	N	N	N	N	0.0000	0.0000	0.0000	0.0000	0.0000	0.0000	0.0000	0.0000	0.0000	0.0000	0.0000	0.0000	0.0000	0.0000	0.0000	0.0016	0.0014	0.0023	0.0043	0.0030	0.1024	0.0000	0.0000	0.0000	0.4494	0.0000	-0.0000	3.8169	0.0000	21.2433	0.0003	0.0000	0.0000	0.0000	0.0000	0.0000	0.0000	0.0000	0.0000	0.0000	0.0000	0.0000	0.0000	0.0000	0.0000	0.0000	0.0000	0.0000	0.0000	0.0000	0.0000	0.0000	0.0000	0.0000	0.0000	0.0000	0.0000	0.0000	0.0000	0.0000	0.0000	0.0000	0.0000	0.0000	0.0000	0.0000	0.0000	0.0000	0.0000	0.0000	0.0000	0.0000	0.0000	0.0000	0.0000	0.0000	0.0016	0.0014	0.0023	0.0043	0.0030	0.1024	0.0000	0.0000	0.0000				
119	164	0.1123	3	0	2	0	0	0	0	0	0	N	Y	N	N	N	N	N	N	N	N	N	N	2.6631	1.4725	11.4486	4.2655	4.8923	0.0979	1.7762	0.0000	14.1799	0.0709	0.0546	0.1267	0.1039	0.1058	0.0057	0.0483	0.0000	0.1309	0.0266	0.0371	0.0111	0.0244	0.0216	0.0582	0.0272	0.0441	0.0092	0.6799	0.2002	-0.0000	-0.0015	3.8169	0.0063	21.2433	4.3641	0.0000	0.0000	0.0000	0.0000	0.0000	0.0000	0.0000	0.0000	0.0000	0.0051	0.0043	0.0009	0.0009	0.0008	0.0002	0.0042	0.0035	0.0007	0.0007	0.0005	0.0002	0.0003	0.0003	0.0000	0.0004	0.0003	0.0002	0.1921	0.1150	0.0771	0.0386	0.0358	0.0029	0.1534	0.0792	0.0742	2.6631	1.4725	11.4486	4.2655	4.8923	0.0979	1.7762	0.0000	14.1799	0.0266	0.0371	0.0111	0.0244	0.0216	0.0582	0.0272	0.0441	0.0092
119	165	0.0803	2	0	1	0	0	0	0	0	0	N	N	N	N	N	N	N	N	N	N	N	N	0.1385	0.0638	1.9675	0.9029	0.9455	0.0278	0.0845	0.0000	2.1191	0.2000	0.1450	0.3343	0.2691	0.2790	0.0113	0.1573	0.0000	0.3509	1.4440	2.2710	0.1699	0.2980	0.2951	0.4045	1.8620	3.7557	0.1656	0.9465	0.0486	0.0020	-0.4518	3.8169	2.5207	21.2433	10.0226	0.0445	0.0229	0.0217	0.0229	0.0229	0.0000	0.0216	0.0000	0.0216	1.0965	1.0457	0.0508	0.0605	0.0583	0.0022	1.0360	0.9874	0.0486	0.2227	0.1579	0.0648	0.0852	0.0820	0.0032	0.1375	0.0759	0.0616	0.7594	0.4605	0.2989	0.2030	0.1975	0.0054	0.5564	0.2629	0.2935	0.1385	0.0638	1.9675	0.9029	0.9455	0.0278	0.0845	0.0000	2.1191	1.4440	2.2710	0.1699	0.2980	0.2951	0.4045	1.8620	3.7557	0.1656
120	123	0.5888	8	0	2	0	0	0	0	0	0	N	Y	N	N	N	N	N	N	N	N	N	N	4.6799	3.9636	0.0000	9.2148	8.2128	0.0000	0.0000	0.0000	0.0000	1.7106	1.9551	0.0000	5.7001	6.0329	0.0000	0.0000	0.0000	0.0000	0.3655	0.4933	0.0645	0.6186	0.7346	0.0955	0.0259	0.0077	0.0478	0.0000	0.0555	-0.3704	-0.2649	16.3276	4.0019	34.9199	19.5615	0.8398	0.8398	0.0000	0.8398	0.8398	0.0000	0.0000	0.0000	0.0000	0.6528	0.6185	0.0343	0.6330	0.6153	0.0177	0.0197	0.0032	0.0166	0.4909	0.4295	0.0614	0.1473	0.1392	0.0081	0.3436	0.2903	0.0533	1.7859	1.2538	0.5321	1.0234	0.8376	0.1858	0.7625	0.4162	0.3463	4.6799	3.9636	0.0000	9.2148	8.2128	0.0000	0.0000	0.0000	0.0000	0.3655	0.4933	0.0645	0.6186	0.7346	0.0955	0.0259	0.0077	0.0478
120	124	0.5667	7	0	1	0	0	0	0	0	0	N	N	N	N	N	N	N	N	N	N	N	N	26.6545	0.0037	114.5499	0.0476	0.0062	0.3403	424.1721	0.0003	2462.4969	4.1537	0.0004	33.9290	0.0127	0.0009	0.2887	6.5587	0.0000	38.6547	0.1558	0.0967	0.2962	0.2664	0.1399	0.8483	0.0155	0.0153	0.0157	13400.0979	1.2914	0.4896	0.0147	16.3276	1.2223	34.9199	8.2281	0.8761	0.0001	0.8761	0.0010	0.0001	0.0009	0.8752	0.0000	0.8752	0.1396	0.0609	0.0787	0.1335	0.0576	0.0759	0.0061	0.0033	0.0028	0.2109	0.1851	0.0258	0.0775	0.0743	0.0032	0.1334	0.1108	0.0226	0.8959	0.6302	0.2656	0.5011	0.4117	0.0895	0.3947	0.2186	0.1762	26.6545	0.0037	114.5499	0.0476	0.0062	0.3403	424.1721	0.0003	2462.4969	0.1558	0.0967	0.2962	0.2664	0.1399	0.8483	0.0155	0.0153	0.0157
120	125	0.5148	6	0	1	0	0	0	0	0	0	N	N	N	N	N	N	N	N	N	N	N	N	0.1402	0.0048	0.5804	0.0093	0.0150	0.0186	0.7011	0.0003	59.1080	0.1051	0.0022	0.7966	0.0112	0.0074	0.0786	0.1377	0.0001	0.8812	0.7494	0.4519	1.3725	1.2066	0.4966	4.2344	0.1964	0.3669	0.0149	54.8273	1.4503	0.0388	0.1618	16.3276	5.9920	34.9199	12.2976	0.0717	0.0013	0.0704	0.0020	0.0012	0.0007	0.0697	0.0000	0.0697	1.2118	0.4946	0.7173	1.0681	0.3561	0.7120	0.1437	0.1385	0.0053	0.6825	0.5941	0.0884	0.1761	0.1667	0.0093	0.5064	0.4273	0.0791	1.6170	1.0944	0.5226	0.8852	0.7171	0.1681	0.7318	0.3773	0.3545	0.1402	0.0048	0.5804	0.0093	0.0150	0.0186	0.7011	0.0003	59.1080	0.7494	0.4519	1.3725	1.2066	0.4966	4.2344	0.1964	0.3669	0.0149
120	126	0.5519	8	0	2	0	0	0	0	0	0	N	Y	N	N	N	N	N	N	N	N	N	N	1.0644	1.7137	0.0125	1.6680	2.9568	0.0235	2.3493	11.7677	0.0145	1.4165	1.6306	0.0273	4.1035	4.3455	0.1864	0.1872	0.2246	0.0021	1.3308	0.9515	2.1839	2.4602	1.4697	7.9271	0.0797	0.0191	0.1457	0.0026	1.0205	-0.4008	0.1216	16.3276	5.0407	34.9199	17.1705	0.9141	0.9117	0.0024	0.8312	0.8290	0.0022	0.0829	0.0827	0.0002	2.6035	1.2885	1.3150	2.5295	1.2793	1.2502	0.0740	0.0092	0.0647	0.6453	0.5591	0.0862	0.2025	0.1908	0.0118	0.4427	0.3684	0.0744	1.9563	1.3542	0.6021	1.0282	0.8705	0.1577	0.9281	0.4837	0.4444	1.0644	1.7137	0.0125	1.6680	2.9568	0.0235	2.3493	11.7677	0.0145	1.3308	0.9515	2.1839	2.4602	1.4697	7.9271	0.0797	0.0191	0.1457
120	127	0.5360	7	0	2	0	0	0	0	0	0	N	Y	N	N	N	N	N	N	N	N	N	N	0.0989	0.0678	0.3501	0.1444	0.1137	0.6840	0.2136	1.8281	0.3472	0.1202	0.0964	0.2613	0.2950	0.2376	1.2226	0.0367	0.0183	0.1173	1.2161	1.4210	0.7464	2.0427	2.0890	1.7874	0.1718	0.0100	0.3379	0.4585	0.2291	-0.0043	-0.3381	16.3276	1.9703	34.9199	6.2034	0.0337	0.0231	0.0106	0.0267	0.0203	0.0065	0.0070	0.0028	0.0041	1.2431	1.0114	0.2317	1.1655	1.0091	0.1564	0.0776	0.0023	0.0753	0.2802	0.2397	0.0405	0.0906	0.0853	0.0053	0.1896	0.1543	0.0352	1.0222	0.7117	0.3104	0.5705	0.4830	0.0875	0.4516	0.2287	0.2229	0.0989	0.0678	0.3501	0.1444	0.1137	0.6840	0.2136	1.8281	0.3472	1.2161	1.4210	0.7464	2.0427	2.0890	1.7874	0.1718	0.0100	0.3379
120	128	0.5148	6	0	1	0	0	0	0	0	0	N	N	N	N	N	N	N	N	N	N	N	N	0.0577	0.4109	0.0225	0.5097	0.9946	0.0038	0.0060	0.0895	0.0187	0.1080	0.1070	0.1150	0.3549	0.3741	0.0075	0.0209	0.0008	0.1276	1.8710	0.2604	5.1074	0.6963	0.3761	1.9469	3.4577	0.0086	6.8281	0.1616	9.7617	-0.0042	0.8262	16.3276	1.1032	34.9199	7.8190	0.0140	0.0120	0.0019	0.0120	0.0120	0.0000	0.0020	0.0001	0.0019	1.8414	0.1711	1.6703	0.3938	0.1693	0.2244	1.4476	0.0018	1.4458	0.1295	0.1126	0.0169	0.0338	0.0320	0.0018	0.0957	0.0805	0.0152	0.9842	0.6571	0.3270	0.5655	0.4502	0.1153	0.4187	0.2069	0.2117	0.0577	0.4109	0.0225	0.5097	0.9946	0.0038	0.0060	0.0895	0.0187	1.8710	0.2604	5.1074	0.6963	0.3761	1.9469	3.4577	0.0086	6.8281
120	129	0.2304	4	0	2	0	0	0	0	0	0	N	Y	N	N	N	N	N	N	N	N	N	N	0.0000	0.0000	0.0003	0.0000	0.0000	0.0000	0.0004	0.0000	0.0012	0.0000	0.0000	0.0000	0.0000	0.0000	0.0000	0.0000	0.0000	0.0000	0.0057	0.0085	0.0003	0.0110	0.0116	0.0016	0.0001	0.0001	0.0001	inf	0.0160	0.0000	-0.0039	16.3276	1.0033	34.9199	0.8635	0.0000	0.0000	0.0000	0.0000	0.0000	0.0000	0.0000	0.0000	0.0000	0.0088	0.0087	0.0001	0.0087	0.0086	0.0001	0.0001	0.0000	0.0001	0.9086	0.6957	0.2129	0.5291	0.4387	0.0904	0.3795	0.2571	0.1225	1.5579	1.0243	0.5337	0.7932	0.7437	0.0494	0.7648	0.2805	0.4842	0.0000	0.0000	0.0003	0.0000	0.0000	0.0000	0.0004	0.0000	0.0012	0.0057	0.0085	0.0003	0.0110	0.0116	0.0016	0.0001	0.0001	0.0001
120	130	0.2011	3	0	1	0	0	0	0	0	0	N	N	N	N	N	N	N	N	N	N	N	N	1.3045	0.7019	4.3495	1.0043	0.9547	2.3372	1.5741	0.4588	4.4923	0.3947	0.2665	0.7302	0.3382	0.3378	0.3435	0.4286	0.1994	0.7654	0.3026	0.3797	0.1679	0.3367	0.3538	0.1470	0.2723	0.4346	0.1704	1.0470	0.2531	0.0463	-0.3554	16.3276	5.5514	34.9199	9.9598	0.6579	0.3214	0.3365	0.2108	0.1976	0.0132	0.4471	0.1238	0.3233	1.3862	1.1062	0.2800	0.7262	0.7000	0.0262	0.6600	0.4062	0.2538	1.6666	1.2058	0.4609	0.6235	0.5850	0.0385	1.0431	0.6208	0.4224	4.5810	2.9130	1.6680	2.1568	1.9784	0.1784	2.4242	0.9346	1.4896	1.3045	0.7019	4.3495	1.0043	0.9547	2.3372	1.5741	0.4588	4.4923	0.3026	0.3797	0.1679	0.3367	0.3538	0.1470	0.2723	0.4346	0.1704
120	132	0.6117	10	1	2	0	1	0	0	0	0	N	Y	N	N	N	N	N	N	N	N	N	N	1480.3461	1158.4788	0.0000	2716.9146	2363.0482	0.0000	0.0000	0.0000	8.2559	9.4591	0.0000	28.6917	30.5001	0.0000	0.0000	0.0000	0.0000	0.0056	0.0082	0.0000	0.0106	0.0129	0.0000	0.0000	0.0000	0.0000	0.0000	0.0006	-0.4403	-0.0007	16.3276	1.0000	34.9199	3.0001	0.9981	0.9981	0.0000	0.9981	0.9981	0.0000	0.0000	0.0000	0.0000	0.0016	0.0016	0.0000	0.0016	0.0016	0.0000	0.0000	0.0000	0.0000	0.1209	0.1055	0.0154	0.0348	0.0327	0.0021	0.0861	0.0728	0.0133	0.2871	0.1960	0.0911	0.1516	0.1240	0.0276	0.1355	0.0720	0.0635	1480.3461	1158.4788	0.0000	2716.9146	2363.0482	0.0000	0.0000	0.0000	0.0000	0.0056	0.0082	0.0000	0.0106	0.0129	0.0000	0.0000	0.0000	0.0000	
120	133	0.4438	10	1	2	0	1	0	0	0	0	N	Y	N	N	N	N	N	N	N	N	N	N	0.3372	151.7747	0.0000	1.8402	137.8254	0.0000	0.0001	309.9946	0.0000	1.4525	1.8222	0.0000	2.3239	3.2094	0.0000	0.0004	0.0005	0.0000	4.3072	0.0120	23.8115	1.2629	0.0233	12.4383	5.7488	0.0000	18.1145	0.0000	513.1419	-0.0002	0.3471	16.3276	0.0006	34.9199	1.9797	0.0005	0.0005	0.0000	0.0005	0.0005	0.0000	0.0000	0.0000	0.0000	0.6432	0.0013	0.6419	0.0764	0.0013	0.0751	0.5668	0.0000	0.5668	0.0003	0.0003	0.0001	0.0002	0.0001	0.0001	0.0001	0.0001	0.0000	0.1591	0.1042	0.0549	0.0605	0.0537	0.0068	0.0986	0.0505	0.0481	0.3593	151.7747	0.0000	1.8402	137.8254	0.0000	0.0001	309.9946	0.0000	4.0431	0.0120	11.6966	1.2629	0.0233	11.1049	5.7488	0.0000	11.7799
120	134	0.4270	9	1	2	0	1	0	0	0	0	N	Y	N	N	N	N	N	N	N	N	N	N	0.0422	2.8266	0.0022	0.0011	0.0099	0.0021	0.0718	8.4978	0.0024	0.0019	0.0022	0.0003	0.0001	0.0000	0.0011	0.0026	0.0031	0.0002	0.0459	0.0008	0.1315	0.0629	0.0012	0.5289	0.0368	0.0004	0.0786	0.0205	89.3340	-0.0002	0.0132	16.3276	2.0077	34.9199	6.0321	0.0005	0.0005	0.0000	0.0000	0.0000	0.0000	0.0005	0.0005	0.0000	0.0249	0.0003	0.0246	0.0118	0.0002	0.0116	0.0130	0.0001	0.0130	0.2417	0.2094	0.0323	0.0665	0.0628	0.0036	0.1752	0.1465	0.0287	0.5420	0.3551	0.1869	0.1879	0.1659	0.0220	0.3541	0.1892	0.1650	0.0422	2.8266	0.0022	0.0011	0.0099	0.0021	0.0718	8.4978	0.0024	0.0459	0.0008	0.1315	0.0629	0.0012	0.5289	0.0368	0.0004	0.0786
120	135	0.4223	9	0	2	0	1	0	0	0	0	N	Y	N	N	N	N	N	N	N	N	N	N	0.0572	0.0263	318.7536	0.0529	0.0453	22.5697	21.0374	0.0280	819.9304	0.0068	0.0046	0.0210	0.0144	0.0149	0.0042	0.0038	0.0000	0.0230	0.1189	0.1750	0.0001	0.2714	0.3295	0.0002	0.0002	0.0003	0.0000	0.7051	0.0002	-0.0001	-0.0600	16.3276	3.0348	34.9199	9.3583	0.0025	0.0015	0.0010	0.0015	0.0015	0.0000	0.0010	0.0000	0.0010	0.1309	0.1308	0.0000	0.1308	0.1307	0.0000	0.0001	0.0001	0.0000	0.3693	0.3197	0.0496	0.1041	0.0986	0.0055	0.2652	0.2211	0.0441	1.1009	0.7477	0.3532	0.4817	0.3968	0.0849	0.6192	0.3509	0.2682	0.0572	0.0263	318.7536	0.0529	0.0453	22.5697	21.0374	0.0280	819.9304	0.1189	0.1750	0.0001	0.2714	0.3295	0.0002	0.0002	0.0003	0.0000
120	136	0.4080	8	0	1	0	1	0	0	0	0	N	N	N	N	N	N	N	N	N	N	N	N	0.0803	0.0076	102.2332	0.0020	0.0016	5.4204	52.7602	33.8217	129.8901	0.2255	0.0324	1.3847	0.0299	0.0249	0.1464	0.3149	0.0365	1.5083	2.8085	4.2699	0.0135	15.0459	15.7882	0.0270	0.0060	0.0011	0.0116	7.1199	0.0017	0.0006	-0.5923	16.3276	0.0433	34.9199	6.6805	0.0014	0.0002	0.0012	0.0001	0.0000	0.0000	0.0013	0.0001	0.0012	1.2969	1.2948	0.0021	1.2951	1.2946	0.0005	0.0018	0.0002	0.0016	0.0062	0.0054	0.0009	0.0020	0.0019	0.0001	0.0043	0.0035	0.0008	0.4618	0.3032	0.1586	0.1631	0.1432	0.0199	0.2987	0.1600	0.1387	0.0803	0.0076	102.2332	0.0038	0.0028	5.4204	52.7602	33.8217	129.8901	2.8085	4.2699	0.0135	7.9416	9.0408	0.0270	0.0060	0.0011	0.0116
120	137	0.6414	12	0	2	0	1	0	0	0	0	N	Y	N	N	N	N	N	N	N	N	N	N	0.0000	0.0000	0.0000	0.0000	0.0000	0.0000	0.0000	0.0000	0.0000	0.0000	0.0000	0.0000	0.0000	0.0000	0.0000	0.0000	0.0000	0.0000	0.0000	0.0000	16.3276	0.0000	34.9199	0.0000	0.0000	0.0000	0.0000	0.0000	0.0000	0.0000	0.0000	0.0000	0.0000	0.0000	0.0000	0.0000	0.0000	0.0000	0.0000	0.0000	0.0000	0.0000	0.0000	0.0000	0.0000	0.0000	0.0000	0.0000	0.0000	0.0000	0.0000	0.0000	0.0000	0.0000	0.0000	0.0000	0.0000	0.0000	0.0000	0.0000	0.0000	0.0000	0.0000	0.0000	0.0000	0.0000	0.0000	0.0000	0.0000	0.0000	0.0000	0.0000	0.0000	0.0000	0.0000	0.0000	0.0000	0.0000											
120	138	0.6363	11	0	2	0	1	0	0	0	0	N	Y	N	N	N	N	N	N	N	N	N	N	0.0136	0.0100	0.0000	0.0102	0.0087	0.0000	0.0000	0.0000	0.0000	0.0000	0.0000	0.0000	0.0000	0.0000	0.0000	0.0000	0.0003	0.0005	0.0000	0.0006	0.0007	0.0000	0.0000	0.0000	0.0000	0.0000	0.0000	-0.0000	-0.0000	16.3276	0.0021	34.9199	2.0000	0.0000	0.0000	0.0000	0.0000	0.0000	0.0000	0.0000	0.0000	0.0000	0.0000	0.0000	0.0000	0.0000	0.0000	0.0000	0.0000	0.0000	0.0000	0.0006	0.0006	0.0000	0.0004	0.0004	0.0000	0.0002	0.0002	0.0000	0.1436	0.0985	0.0451	0.0750	0.0620	0.0131	0.0686	0.0365	0.0321	0.0136	0.0100	0.0000	0.0102	0.0087	0.0000	0.0000	0.0000	0.0000	0.0003	0.0005	0.0000	0.0006	0.0007	0.0000	0.0000	0.0000	0.0000		
120	139	0.6261	10	0	1	0	1	0	0	0	0	N	N	N	N	N	N	N	N	N	N	N	N	0.0007	0.0005	0.0007	0.0012	0.0011	0.0000	0.0002	0.0000	0.0006	0.0002	0.0003	0.0000	0.0009	0.0009	0.0000	0.0000	0.0000	0.0000	0.3632	0.5312	0.0001	0.7080	0.8568	0.0000	0.0001	0.0000	0.0002	0.0000	0.0001	-0.0000	-0.0487	16.3276	1.0020	34.9199	3.0181	0.0000	0.0000	0.0000	0.0000	0.0000	0.0000	0.0000	0.0000	0.0000	0.1063	0.1063	0.0000	0.1063	0.1063	0.0000	0.0000	0.0000	0.0000	0.1212	0.1057	0.0155	0.0346	0.0325	0.0020	0.0867	0.0732	0.0134	0.2927	0.2001	0.0925	0.1501	0.1240	0.0261	0.1425	0.0761	0.0665	0.0007	0.0005	0.0007	0.0012	0.0011	0.0000	0.0002	0.0000	0.0006	0.3632	0.5312	0.0001	0.7080	0.8568	0.0000	0.0001	0.0000	0.0002
120	140	0.6117	10	0	2	0	0	0	0	0	0	N	Y	N	N	N	N	N	N	N	N	N	N	0.0000	0.0000	0.0000	0.0000	0.0000	0.0000	0.0000	0.0000	0.0000	0.0000	0.0000	0.0000	0.0000	0.0000	0.0000	0.0000	0.0000	0.0028	0.0041	0.0000	0.0053	0.0065	0.0000	0.0000	0.0000	0.0000	0.0012	0.0000	-0.0004	16.3276	0.0000	34.9199	4.0001	0.0000	0.0000	0.0000	0.0000	0.0000	0.0000	0.0000	0.0000	0.0000	0.0008	0.0008	0.0000	0.0008	0.0008	0.0000	0.0000	0.0000	0.0000	0.0000	0.0000	0.0000	0.0000	0.0000	0.0000	0.0000	0.0000	0.0000	0.2871	0.1960	0.0911	0.1516	0.1240	0.0276	0.1355	0.0720	0.0635	0.0000	0.0000	0.0000	0.0000	0.0000	0.0000	0.0000	0.0000	0.0000	0.0028	0.0041	0.0000	0.0053	0.0065	0.0000	0.0000	0.0000	0.0000		
120	141	0.4225	8	0	2	0	0	0	0	0	0	N	Y	N	N	N	N	N	N	N	N	N	N	0.0413	0.0312	0.1589	0.0073	0.0068	0.0486	4.4500	786.2502	0.1919	0.0006	0.0007	0.0001	0.0003	0.0003	0.0000	0.0007	0.0008	0.0001	0.0143	0.0216	0.0004	0.0409	0.0461	0.0008	0.0002	0.0000	0.0003	0.0141	0.0094	-0.0000	-0.0027	16.3276	1.0003	34.9199	5.0186	0.0001	0.0001	0.0000	0.0000	0.0000	0.0000	0.0001	0.0001	0.0000	0.0059	0.0059	0.0001	0.0059	0.0059	0.0000	0.0000	0.0000	0.0000	0.1208	0.1046	0.0162	0.0333	0.0314	0.0019	0.0875	0.0732	0.0143	0.4149	0.2723	0.1426	0.1438	0.1274	0.0164	0.2711	0.1448	0.1263	0.0413	0.0312	0.1589	0.0073	0.0068	0.0486	4.4500	786.2502	0.1919	0.0143	0.0216	0.0004	0.0409	0.0461	0.0008	0.0002	0.0000	0.0003
120	142	0.6261	10	0	1	1	1	0	0	0	0	N	N	N	N	N	N	N	N	N	N	N	N	0.0000	0.0000	0.4665	0.0000	0.0000	0.0000	0.0005	0.0000	0.4447	0.0000	0.0000	0.0002	0.0000	0.0000	0.0000	0.0001	0.0000	0.0002	1.5883	2.3217	0.0005	3.0002	3.6323	0.0004	0.1102	0.2054	0.0005	inf	0.0001	0.0000	-0.4657	16.3276	0.0001	34.9199	9.0026	0.0000	0.0000	0.0000	0.0000	0.0000	0.0000	0.0000	0.0000	0.0000	1.0163	1.0162	0.0001	0.9818	0.9818	0.0000	0.0345	0.0344	0.0001	0.0000	0.0000	0.0000	0.0000	0.0000	0.0000	0.0000	0.0000	0.0000	0.6398	0.4377	0.2021	0.3272	0.2703	0.0569	0.3126	0.1674	0.1452	0.0000	0.0000	0.4665	0.0000	0.0000	0.0000	0.0005	0.0000	0.4447	1.5883	2.3217	0.0005	3.0002	3.6323	0.0004	0.1102	0.2054	0.0005
120	143	0.4080	8	0	1	1	1	0	0	0	0	N	N	N	N	N	N	N	N	N	N	N	N	0.0010	0.0006	0.0025	0.0005	0.0010	0.0000	0.0009	0.0000	0.0025	0.0009	0.0000	0.0066	0.0001	0.0001	0.0000	0.0012	0.0000	0.0075	0.9232	0.0267	2.6353	0.1018	0.0566	0.4244	1.3706	0.0000	2.9540	61.2906	51.6923	0.0001	0.3277	16.3276	2.0061	34.9199	8.0425	0.0002	0.0000	0.0002	0.0000	0.0000	0.0000	0.0002	0.0000	0.0002	0.6271	0.0119	0.6152	0.0244	0.0119	0.0125	0.6027	0.0000	0.6027	0.2384	0.2067	0.0317	0.0656	0.0620	0.0036	0.1728	0.1447	0.0281	0.6792	0.4458	0.2334	0.2395	0.2101	0.0294	0.4397	0.2357	0.2040	0.0010	0.0006	0.0025	0.0005	0.0010	0.0000	0.0009	0.0000	0.0025	0.9232	0.0267	2.6353	0.1018	0.0566	0.4244	1.3706	0.0000	2.9540
120	144	0.3989	7	0	1	0	1	0	0	0	0	N	N	N	N	N	N	N	N	N	N	N	N	8.9486	8.5514	0.0000	14.6321	13.9989	0.0008	0.0000	0.0001	0.0000	0.3317	0.3834	0.0000	1.1847	1.2455	0.0000	0.0000	0.0000	0.0000	0.0371	0.0448	0.0201	0.0810	0.0890	0.0019	0.0101	0.0001	0.0224	0.0000	0.2053	-0.0369	-0.0038	16.3276	1.9550	34.9199	2.1189	0.0837	0.0837	0.0000	0.0837	0.0837	0.0000	0.0000	0.0000	0.0000	0.0133	0.0110	0.0023	0.0110	0.0110	0.0000	0.0022	0.0000	0.0022	0.2524	0.2183	0.0341	0.0707	0.0672	0.0035	0.1817	0.1511	0.0306	0.3576	0.2452	0.1123	0.1360	0.1235	0.0125	0.2215	0.1217	0.0998	8.9486	8.5514	0.0000	14.6321	13.9989	0.0008	0.0000	0.0001	0.0000	0.0371	0.0448	0.0201	0.0810	0.0890	0.0019	0.0101	0.0001	0.0224
120	145	0.3989	7	0	1	1	1	0	0	0	0	N	N	N	N	N	N	N	N	N	N	N	N	0.0017	0.0001	0.0199	0.0025	0.0026	0.0040	0.0015	0.0000	0.0203	0.0014	0.0001	0.0097	0.0002	0.0002	0.0008	0.0018	0.0000	0.0107	0.7904	0.9457	0.4866	0.0831	0.0691	0.1885	1.1796	1.7350	0.5283	27.0336	0.2631	0.0002	-0.2815	16.3276	2.1261	34.9199	18.6477	0.0004	0.0000	0.0004	0.0000	0.0000	0.0000	0.0004	0.0000	0.0004	1.1257	0.8912	0.2345	0.0420	0.0309	0.0111	1.0837	0.8604	0.2234	0.2726	0.2358	0.0368	0.0759	0.0722	0.0037	0.1967	0.1636	0.0330	1.4243	0.9424	0.4819	0.5057	0.4466	0.0591	0.9187	0.4959	0.4228	0.0017	0.0001	0.0199	0.0025	0.0026	0.0040	0.0015	0.0000	0.0203	0.7904	0.9457	0.4866	0.0831	0.0691	0.1885	1.1796	1.7350	0.5283
120	146	0.6261	10	0	1	1	1	0	0	0	0	N	N	N	N	N	N	N	N	N	N	N	N	0.0000	0.0000	0.0001	0.0000	0.0000	0.0000	0.0000	0.0000	0.0001	0.0000	0.0000	0.0000	0.0000	0.0000	0.0000	0.0000	0.0000	0.0000	0.0039	0.0054	0.0005	0.0073	0.0088	0.0000	0.0003	0.0000	0.0007	inf	0.0441	0.0000	-0.0009	16.3276	2.0001	34.9199	5.9880	0.0000	0.0000	0.0000	0.0000	0.0000	0.0000	0.0000	0.0000	0.0000	0.0022	0.0021	0.0001	0.0021	0.0021	0.0000	0.0001	0.0000	0.0001	0.2408	0.2101	0.0307	0.0686	0.0645	0.0041	0.1722	0.1456	0.0266	0.5702	0.3900	0.1802	0.2918	0.2410	0.0508	0.2784	0.1490	0.1294	0.0000	0.0000	0.0001	0.0000	0.0000	0.0000	0.0000	0.0000	0.0001	0.0039	0.0054	0.0005	0.0073	0.0088	0.0000	0.0003	0.0000	0.0007
120	147	0.6261	10	0	1	1	1	0	0	0	0	N	N	N	N	N	N	N	N	N	N	N	N	1.6652	1.3074	0.0000	2.4716	1.9935	0.0000	0.3937	0.2573	0.0000	4.5453	5.2042	0.0000	16.0294	17.0325	0.0000	0.0162	0.0191	0.0000	2.7296	3.9805	0.0080	6.4855	8.5440	0.0231	0.0411	0.0743	0.0022	0.0000	0.0009	-2.1056	-2.6020	16.3276	9.0001	34.9199	23.0169	4.7735	4.7735	0.0000	4.7613	4.7613	0.0000	0.0122	0.0122	0.0000	5.6882	5.6829	0.0052	5.6457	5.6415	0.0042	0.0425	0.0414	0.0010	1.0502	0.9172	0.1330	0.2970	0.2795	0.0175	0.7532	0.6377	0.1155	2.0839	1.4277	0.6562	1.0516	0.8704	0.1812	1.0323	0.5573	0.4750	1.6652	1.3074	0.0000	2.9857	2.6279	0.0000	0.3937	0.2573	0.0000	2.7296	3.9805	0.0080	5.3687	6.4813	0.0231	0.0411	0.0743	0.0022
120	148	0.6007	9	0	1	0	1	0	0	0	0	N	N	N	N	N	N	N	N	N	N	N	N	0.0019	0.0000	8.9183	0.0002	0.0000	1.1521	2.1201	0.0000	28.6637	0.0026	0.0000	0.0203	0.0004	0.0000	0.0064	0.0035	0.0000	0.0224	1.3419	1.9582	0.0023	2.5006	3.0554	0.0056	0.0016	0.0024	0.0008	305.5303	0.0005	0.0003	-0.4648	16.3276	1.9990	34.9199	7.9526	0.0006	0.0000	0.0006	0.0000	0.0000	0.0000	0.0006	0.0000	0.0006	1.0151	1.0146	0.0005	1.0146	1.0141	0.0004	0.0006	0.0004	0.0001	0.2421	0.2112	0.0309	0.0699	0.0658	0.0041	0.1722	0.1454	0.0268	0.7565	0.5181	0.2383	0.4057	0.3319	0.0738	0.3507	0.1862	0.1645	0.0019	0.0000	8.9183	0.0002	0.0000	1.1521	2.1201	0.0000	28.6637	1.3419	1.9582	0.0023	2.5006	3.0554	0.0056	0.0016	0.0024	0.0008
120	149	0.5688	8	1	2	0	0	0	0	0	0	N	Y	N	N	N	N	N	N	N	N	N	N	0.4814	0.0528	2.3156	0.0875	0.0935	0.1758	10.5982	0.0036	84.0571	0.5151	0.0501	3.1164	0.1696	0.1361	0.7233	0.6856	0.0003	3.4569	1.0701	0.9495	1.3458	1.9382	1.4552	4.1153	0.0647	0.0837	0.0411	11.1112	0.6199	0.1961	-0.1466	16.3276	5.3497	34.9199	17.2225	0.4117	0.0340	0.3777	0.0448	0.0339	0.0109	0.3670	0.0001	0.3668	1.9365	1.1954	0.7410	1.8822	1.1566	0.7256	0.0542	0.0388	0.0154	0.7993	0.6781	0.1212	0.2640	0.2489	0.0151	0.5353	0.4292	0.1061	1.8096	1.2590	0.5506	0.9711	0.7948	0.1763	0.8385	0.4642	0.3743	0.4814	0.0528	2.3156	0.0875	0.0935	0.1758	10.5982	0.0036	84.0571	1.0701	0.9495	1.3458	1.9382	1.4552	4.1153	0.0647	0.0837	0.0411
120	150	0.5996	9	0	2	0	0	0	0	0	0	N	Y	N	N	N	N	N	N	N	N	N	N	1.4364	1.7499	0.0082	2.0632	2.4474	0.0195	0.0508	0.1098	0.0417	1.1196	1.3727	0.0063	2.7395	2.8865	0.0384	0.0014	0.0012	0.0021	0.7794	0.7844	0.7671	1.3278	1.1794	1.9712	0.0282	0.0105	0.0514	0.0010	0.4005	-0.3909	-0.2911	16.3276	3.6794	34.9199	17.4287	0.8884	0.8874	0.0009	0.8877	0.8870	0.0006	0.0007	0.0004	0.0003	1.6882	1.2054	0.4828	1.6624	1.2000	0.4625	0.0258	0.0055	0.0203	0.7935	0.6465	0.1470	0.3240	0.3073	0.0167	0.4695	0.3392	0.1303	2.1661	1.5368	0.6293	1.2520	1.0174	0.2346	0.9140	0.5193	0.3947	1.4364	1.7499	0.0082	2.0632	2.4474	0.0195	0.0508	0.1098	0.0417	0.7794	0.7844	0.7671	1.3278	1.1794	1.9712	0.0282	0.0105	0.0514
120	151	0.5688	8	0	2	0	0	0	0	0	0	N	Y	N	N	N	N	N	N	N	N	N	N	1.3432	1.1233	2.5098	1.6564	1.7862	0.1536	14.5673	2.0496	39.8557	1.5474	1.4631	1.9850	3.4225	3.6091	0.3499	0.5171	0.0405	2.2203	1.1520	1.3026	0.7909	2.0662	2.0206	2.2786	0.0355	0.0198	0.0557	0.2611	0.2533	-0.2103	-0.3668	16.3276	3.4464	34.9199	10.1316	0.8986	0.7126	0.1861	0.7048	0.7007	0.0041	0.1938	0.0119	0.1819	1.4312	1.1419	0.2892	1.4113	1.1357	0.2756	0.0199	0.0062	0.0136	0.5807	0.4870	0.0937	0.2059	0.1941	0.0118	0.3748	0.2929	0.0819	1.2423	0.8767	0.3657	0.6830	0.5621	0.1209	0.5593	0.3146	0.2447	1.3432	1.1233	2.5098	1.6564	1.7862	0.1536	14.5673	2.0496	39.8557	1.1520	1.3026	0.7909	2.0662	2.0206	2.2786	0.0355	0.0198	0.0557
120	152	0.4293	10	1	2	0	0	0	0	0	0	N	Y	N	N	N	N	N	N	N	N	N	N	0.0100	0.0076	0.0000	0.0694	0.0649	0.0000	0.0001	0.0001	0.0000	0.0085	0.0098	0.0000	0.0297	0.0315	0.0000	0.0001	0.0001	0.0000	0.8478	1.2920	0.0000	0.4278	0.4849	0.0004	1.0710	1.9978	0.0000	0.0000	0.0000	-0.0005	-0.3341	16.3276	1.0143	34.9199	12.0086	0.0011	0.0011	0.0000	0.0010	0.0010	0.0000	0.0000	0.0000	0.0000	0.7289	0.7289	0.0000	0.1276	0.1276	0.0000	0.6012	0.6012	0.0000	0.1248	0.1079	0.0169	0.0353	0.0333	0.0020	0.0895	0.0747	0.0149	0.8597	0.5641	0.2956	0.2983	0.2632	0.0351	0.5614	0.3010	0.2605	0.0100	0.0076	0.0000	0.0694	0.0649	0.0000	0.0001	0.0001	0.0000	0.8478	1.2920	0.0000	0.4278	0.4849	0.0004	1.0710	1.9978	0.0000
120	153	0.4270	9	1	2	0	0	0	0	0	0	N	Y	N	N	N	N	N	N	N	N	N	N	4.0561	2.7576	31.3350	6.0076	5.6288	3.8763	3.0515	1.4238	31.7837	0.0193	0.0191	0.0209	0.0399	0.0421	0.0005	0.0115	0.0092	0.0235	0.0048	0.0069	0.0007	0.0066	0.0075	0.0001	0.0038	0.0064	0.0007	0.1699	0.0507	-0.0007	-0.0001	16.3276	0.9811	34.9199	0.0216	0.0023	0.0020	0.0003	0.0013	0.0013	0.0000	0.0010	0.0007	0.0003	0.0003	0.0003	0.0000	0.0002	0.0002	0.0000	0.0002	0.0002	0.0000	0.1191	0.1031	0.0160	0.0329	0.0311	0.0018	0.0862	0.0720	0.0142	0.0698	0.0458	0.0241	0.0243	0.0215	0.0028	0.0456	0.0243	0.0213	4.0561	2.7576	31.3350	6.0076	5.6288	3.8763	3.0515	1.4238	31.7837	0.0048	0.0069	0.0007	0.0066	0.0075	0.0001	0.0038	0.0064	0.0007
120	154	0.4225	8	1	2	0	0	0	0	0	0	N	Y	N	N	N	N	N	N	N	N	N	N	87.5871	89.7775	9.8177	21.8202	25.2227	0.5654	469.0853	335053.3040	20.6073	0.0602	0.0697	0.0051	0.0362	0.0414	0.0010	0.0762	0.0892	0.0072	0.0007	0.0008	0.0005	0.0017	0.0016	0.0018	0.0002	0.0000	0.0003	0.0125	0.3409	-0.0000	-0.0000	16.3276	0.0083	34.9199	2.0001	0.0001	0.0001	0.0000	0.0000	0.0000	0.0000	0.0001	0.0001	0.0000	0.0001	0.0001	0.0000	0.0001	0.0001	0.0000	0.0000	0.0000	0.0000	0.0013	0.0011	0.0002	0.0005	0.0005	0.0001	0.0008	0.0007	0.0001	0.1447	0.0956	0.0491	0.0508	0.0453	0.0055	0.0939	0.0503	0.0436	87.5871	89.7775	9.8177	21.8202	25.2227	0.5654	469.0853	335053.3040	20.6073	0.0007	0.0008	0.0005	0.0017	0.0016	0.0018	0.0002	0.0000	0.0003
120	155	0.3989	7	0	2	0	0	0	0	0	0	N	Y	N	N	N	N	N	N	N	N	N	N	57.3424	66.4716	0.4689	13.2458	14.9911	0.0074	219.0382	53892.1243	0.7762	0.8757	1.0110	0.0072	0.4482	0.4720	0.0004	1.0368	1.2423	0.0080	0.0153	0.0152	0.0154	0.0338	0.0315	0.0530	0.0047	0.0000	0.0103	0.0011	0.5024	-0.1408	-0.0015	16.3276	2.9180	34.9199	7.4065	0.3201	0.3197	0.0004	0.0448	0.0448	0.0000	0.2753	0.2749	0.0004	0.0118	0.0078	0.0039	0.0095	0.0078	0.0016	0.0023	0.0000	0.0023	0.3655	0.3163	0.0492	0.1000	0.0950	0.0051	0.2655	0.2213	0.0442	0.7722	0.5161	0.2561	0.2796	0.2491	0.0305	0.4926	0.2670	0.2256	57.3424	66.4716	0.4689	13.2458	14.9911	0.0074	219.0382	53892.1243	0.7762	0.0153	0.0152	0.0154	0.0338	0.0315	0.0530	0.0047	0.0000	0.0103
120	156	0.3330	6	0	1	0	0	0	0	0	0	N	N	N	N	N	N	N	N	N	N	N	N	1.1193	2.2543	0.0009	4.3460	4.4640	0.0012	0.2055	0.6032	0.0011	0.6421	0.7405	0.0010	1.4013	1.5726	0.0001	0.1542	0.1808	0.0014	0.5736	0.3285	1.0795	0.3224	0.3523	0.0800	0.7505	0.2998	1.2406	0.0002	1.5930	-0.4666	0.2591	16.3276	8.2479	34.9199	19.7214	1.0583	1.0581	0.0002	0.9036	0.9036	0.0000	0.1547	0.1545	0.0002	1.6609	0.6405	1.0204	0.3857	0.3752	0.0105	1.2752	0.2653	1.0099	1.6481	1.4289	0.2192	0.6448	0.5746	0.0703	1.0033	0.8543	0.1490	2.8953	1.9501	0.9452	1.1962	1.0650	0.1312	1.6991	0.8851	0.8140	1.1193	2.2543	0.0009	4.3460	4.4640	0.0012	0.2055	0.6032	0.0011	0.5736	0.3285	1.0795	0.3224	0.3523	0.0800	0.7505	0.2998	1.2406
120	157	0.2969	5	0	1	0	0	0	0	0	0	N	N	N	N	N	N	N	N	N	N	N	N	0.4249	0.3700	0.0400	0.8379	0.8144	0.0826	0.2184	0.1684	0.0389	0.2844	0.3276	0.0096	0.6924	0.7483	0.0050	0.1206	0.1416	0.0104	0.6693	0.8856	0.2396	0.8263	0.9189	0.0608	0.5521	0.8408	0.2682	0.0046	0.1362	-0.1410	-0.6740	16.3276	7.4725	34.9199	14.3153	0.3229	0.3214	0.0015	0.2252	0.2251	0.0001	0.0977	0.0963	0.0014	1.9912	1.7525	0.2387	1.0507	1.0424	0.0083	0.9405	0.7101	0.2304	1.1354	0.9811	0.1543	0.3253	0.3008	0.0245	0.8101	0.6803	0.1298	2.9750	1.9789	0.9961	1.2715	1.1344	0.1371	1.7035	0.8445	0.8590	0.4249	0.3700	0.0400	0.8379	0.8144	0.0826	0.2184	0.1684	0.0389	0.6693	0.8856	0.2396	0.8263	0.9189	0.0608	0.5521	0.8408	0.2682
120	158	0.2314	4	0	1	0	0	0	0	0	0	N	N	N	N	N	N	N	N	N	N	N	N	0.6798	0.7763	0.0515	1.7661	1.6770	0.0633	0.3416	0.3914	0.0484	0.6178	0.7562	0.0406	1.4411	1.4750	0.0091	0.3319	0.4299	0.0416	0.9088	0.9741	0.7885	0.8160	0.8795	0.1430	0.9715	1.0985	0.8594	0.0129	0.4391	-0.5136	-0.6150	16.3276	11.6653	34.9199	19.4910	1.1989	1.1836	0.0152	0.7209	0.7208	0.0001	0.4780	0.4628	0.0151	4.0136	2.7889	1.2247	1.4529	1.4309	0.0220	2.5607	1.3580	1.2027	1.9405	1.5653	0.3753	0.5002	0.4887	0.0116	1.4403	1.0766	0.3637	4.4164	2.8631	1.5533	1.7806	1.6269	0.1537	2.6358	1.2362	1.3996	0.6798	0.7763	0.0515	1.7661	1.6770	0.0633	0.3416	0.3914	0.0484	0.9088	0.9741	0.7885	0.8160	0.8795	0.1430	0.9715	1.0985	0.8594
120	161	0.6193	12	1	2	0	0	0	0	0	0	N	Y	N	N	N	N	N	N	N	N	N	N	0.0000	0.0000	0.0000	0.0000	0.0000	0.0000	0.0000	0.0000	0.0000	0.0000	0.0000	0.0000	0.0000	0.0000	0.0000	0.0000	0.0000	0.0000	0.0060	0.0085	0.0006	0.0113	0.0135	0.0015	0.0001	0.0000	0.0002	0.0346	0.0000	-0.0006	16.3276	0.0002	34.9199	3.0099	0.0000	0.0000	0.0000	0.0000	0.0000	0.0000	0.0000	0.0000	0.0000	0.0013	0.0013	0.0000	0.0013	0.0013	0.0000	0.0000	0.0000	0.0000	0.0001	0.0001	0.0000	0.0001	0.0000	0.0000	0.0000	0.0000	0.0000	0.2192	0.1500	0.0691	0.1158	0.0948	0.0210	0.1034	0.0552	0.0482	0.0000	0.0000	0.0000	0.0000	0.0000	0.0000	0.0000	0.0000	0.0000	0.0060	0.0085	0.0006	0.0113	0.0135	0.0015	0.0001	0.0000	0.0002	
120	162	0.6117	11	1	2	0	0	0	0	0	0	N	Y	N	N	N	N	N	N	N	N	N	N	0.0000	0.0000	0.0000	0.0000	0.0000	0.0000	0.0000	0.0000	0.0000	0.0000	0.0000	0.0000	0.0000	0.0000	0.0000	0.0000	0.0000	0.0000	0.0003	0.0004	0.0000	0.0004	0.0005	0.0001	0.0001	0.0002	0.0000	0.0373	0.0000	-0.0000	16.3276	0.9998	34.9199	2.0118	0.0000	0.0000	0.0000	0.0000	0.0000	0.0000	0.0000	0.0000	0.0000	0.0001	0.0001	0.0000	0.0000	0.0000	0.0000	0.0000	0.0000	0.0000	0.1209	0.1055	0.0154	0.0348	0.0327	0.0021	0.0861	0.0728	0.0133	0.2170	0.1481	0.0689	0.1147	0.0938	0.0209	0.1023	0.0544	0.0480	0.0000	0.0000	0.0000	0.0000	0.0000	0.0000	0.0000	0.0000	0.0000	0.0003	0.0004	0.0000	0.0004	0.0005	0.0001	0.0001	0.0002	0.0000	
120	163	0.6117	10	1	2	0	0	0	0	0	0	N	Y	N	N	N	N	N	N	N	N	N	N	0.0000	0.0000	0.0000	0.0000	0.0000	0.0000	0.0000	0.0000	0.0000	0.0000	0.0000	0.0000	0.0000	0.0000	0.0000	0.0000	0.0000	0.0518	0.0441	0.0841	0.0918	0.0752	0.2603	0.0084	0.0000	0.0278	0.4545	0.0000	-0.0000	16.3276	0.0000	34.9199	0.0003	0.0000	0.0000	0.0000	0.0000	0.0000	0.0000	0.0000	0.0000	0.0000	0.0000	0.0000	0.0000	0.0000	0.0000	0.0000	0.0000	0.0000	0.0000	0.0000	0.0000	0.0000	0.0000	0.0000	0.0000	0.0000	0.0000	0.0000	0.0001	0.0000	0.0000	0.0000	0.0000	0.0000	0.0000	0.0000	0.0000	0.0000	0.0000	0.0000	0.0000	0.0000	0.0000	0.0000	0.0000	0.0000	0.0518	0.0441	0.0841	0.0918	0.0752	0.2603	0.0084	0.0000	0.0278		
120	164	0.6007	9	0	2	0	0	0	0	0	0	N	Y	N	N	N	N	N	N	N	N	N	N	0.1008	0.0003	24.6022	0.0056	0.0003	4.9542	9.5205	0.0000	400.9334	0.2665	0.0011	1.4942	0.0280	0.0021	0.8923	0.4544	0.0000	1.5410	2.6438	3.8194	0.0607	4.9621	6.2012	0.1801	0.0477	0.0870	0.0038	296.7436	0.0072	0.0003	-0.4450	16.3276	0.0063	34.9199	4.3641	0.0006	0.0000	0.0006	0.0000	0.0000	0.0000	0.0006	0.0000	0.0006	0.9862	0.9791	0.0071	0.9782	0.9714	0.0068	0.0080	0.0077	0.0003	0.0023	0.0019	0.0004	0.0010	0.0010	0.0000	0.0013	0.0009	0.0004	0.3730	0.2564	0.1167	0.2056	0.1680	0.0377	0.1674	0.0884	0.0790	0.1008	0.0003	24.6022	0.0059	0.0004	4.9542	9.5205	0.0000	400.9334	2.6438	3.8194	0.0607	4.7570	5.7830	0.1801	0.0477	0.0870	0.0038
120	165	0.5688	8	0	1	0	0	0	0	0	0	N	N	N	N	N	N	N	N	N	N	N	N	2.9417	0.0115	61.2364	0.1472	0.0174	8.0027	54.2130	0.0060	106.9545	0.8093	0.0041	4.7568	0.0706	0.0096	1.0748	1.2520	0.0000	5.2908	0.2751	0.3567	0.0777	0.4797	0.5535	0.1343	0.0231	0.0027	0.0495	236.8521	0.0900	0.2124	-0.1214	16.3276	2.5207	34.9199	10.0226	0.3829	0.0016	0.3813	0.0125	0.0016	0.0109	0.3704	0.0000	0.3704	0.3231	0.2965	0.0267	0.3110	0.2957	0.0153	0.0122	0.0008	0.0113	0.4731	0.3929	0.0802	0.1773	0.1671	0.0102	0.2958	0.2258	0.0700	1.1745	0.8310	0.3435	0.6483	0.5341	0.1142	0.5262	0.2969	0.2293	2.9417	0.0115	61.2364	0.1472	0.0174	8.0027	54.2130	0.0060	106.9545	0.2751	0.3567	0.0777	0.4797	0.5535	0.1343	0.0231	0.0027	0.0495
120	166	0.5532	7	0	1	0	0	0	0	0	0	N	N	N	N	N	N	N	N	N	N	N	N	0.9545	0.0260	78.7368	0.0789	0.0374	6.6393	77.5945	0.0218	472.1623	1.1627	0.0424	10.2985	0.1598	0.0893	2.0216	1.9389	0.0005	11.7105	1.2181	1.6331	0.1308	2.0239	2.3895	0.3045	0.0250	0.0251	0.0248	29.7742	0.0306	0.2955	-0.4868	16.3276	2.6894	34.9199	4.6619	0.5614	0.0182	0.5431	0.0337	0.0181	0.0155	0.5277	0.0001	0.5276	1.1354	1.1017	0.0337	1.1260	1.0963	0.0297	0.0094	0.0054	0.0040	0.4828	0.4301	0.0527	0.2107	0.2030	0.0077	0.2722	0.2271	0.0451	0.9321	0.6746	0.2575	0.5564	0.4588	0.0976	0.3757	0.2158	0.1599	0.9545	0.0260	78.7368	0.0789	0.0374	6.6393	77.5945	0.0218	472.1623	1.2181	1.6331	0.1308	2.0239	2.3895	0.3045	0.0250	0.0251	0.0248
120	167	0.5148	6	0	1	0	0	0	0	0	0	N	N	N	N	N	N	N	N	N	N	N	N	0.0512	0.0007	4.7822	0.0059	0.0017	88.7600	0.1949	0.0002	3.4319	0.0525	0.0010	0.3965	0.0091	0.0034	0.1123	0.0677	0.0001	0.4299	1.0246	1.4861	0.0829	1.5463	1.9299	0.0013	0.3473	0.5672	0.1253	56.6411	0.0273	0.0092	-0.5093	16.3276	2.7966	34.9199	8.5340	0.0170	0.0003	0.0167	0.0008	0.0003	0.0005	0.0162	0.0000	0.0162	1.1797	1.1483	0.0314	1.0057	1.0055	0.0002	0.1740	0.1427	0.0312	0.3238	0.2817	0.0421	0.0839	0.0795	0.0044	0.2399	0.2022	0.0377	1.1514	0.7727	0.3787	0.6504	0.5210	0.1294	0.5010	0.2516	0.2493	0.0512	0.0007	4.7822	0.0059	0.0017	88.7600	0.1949	0.0002	3.4319	1.0246	1.4861	0.0829	1.5463	1.9299	0.0013	0.3473	0.5672	0.1253
121	123	0.4580	7	0	2	0	0	0	0	0	0	N	Y	N	N	N	N	N	N	N	N	N	N	2.3818	1.5373	36.4278	5.9352	5.4442	0.6228	0.9176	0.0080	66.6438	1.0917	0.9378	2.1222	2.8639	3.0163	0.0636	0.3888	0.0058	2.3838	0.4584	0.6100	0.0583	0.4825	0.5540	0.1021	0.4238	0.7309	0.0358	0.3381	0.0362	-0.0403	-0.2249	6.1757	4.0019	14.5601	19.5615	0.2139	0.1598	0.0540	0.1593	0.1591	0.0002	0.0545	0.0007	0.0539	0.5312	0.5126	0.0186	0.3293	0.3183	0.0110	0.2019	0.1944	0.0075	0.1959	0.1704	0.0255	0.0556	0.0528	0.0029	0.1403	0.1177	0.0226	1.1589	0.8404	0.3185	0.6825	0.5745	0.1080	0.4764	0.2659	0.2105	2.3818	1.5373	36.4278	5.9352	5.4442	0.6228	0.9176	0.0080	66.6438	0.4584	0.6100	0.0583	0.4825	0.5540	0.1021	0.4238	0.7309	0.0358
121	124	0.4360	6	0	1	0	0	0	0	0	0	N	N	N	N	N	N	N	N	N	N	N	N	6.4338	0.1171	34.1116	0.0874	0.1032	0.0004	12.5666	0.2199	44.1303	1.4799	0.0220	11.6044	0.0231	0.0241	0.0002	2.2784	0.0206	13.0415	0.2300	0.1877	0.3402	0.2647	0.2332	0.4232	0.1813	0.0939	0.2955	76.0257	0.6954	0.0674	-0.0065	6.1757	1.2223	14.5601	8.2281	0.1235	0.0016	0.1219	0.0007	0.0007	0.0000	0.1228	0.0009	0.1219	0.1345	0.0793	0.0552	0.0904	0.0664	0.0240	0.0441	0.0129	0.0312	0.0834	0.0729	0.0105	0.0295	0.0284	0.0012	0.0539	0.0446	0.0093	0.5846	0.4225	0.1621	0.3414	0.2847	0.0567	0.2432	0.1378	0.1054	6.4338	0.1171	34.1116	0.0874	0.1032	0.0004	12.5666	0.2199	44.1303	0.2300	0.1877	0.3402	0.2647	0.2332	0.4232	0.1813	0.0939	0.2955
121	125	0.3841	5	0	1	0	0	0	0	0	0	N	N	N	N	N	N	N	N	N	N	N	N	4.7147	0.0090	32.3791	0.0070	0.0072	0.0151	11.7379	0.0137	103.5819	3.4287	0.0064	25.1867	0.0068	0.0059	0.0250	4.4715	0.0065	27.4150	0.7272	0.7061	0.7779	0.9688	0.8127	1.6614	0.3809	0.4776	0.2647	621.4998	0.4608	0.5189	-0.1140	6.1757	5.9920	14.5601	12.2976	0.9312	0.0015	0.9297	0.0004	0.0004	0.0001	0.9307	0.0011	0.9296	0.7976	0.5460	0.2516	0.6259	0.4285	0.1975	0.1717	0.1175	0.0542	0.2716	0.2347	0.0369	0.0634	0.0604	0.0030	0.2082	0.1742	0.0339	1.0968	0.7734	0.3235	0.6461	0.5272	0.1189	0.4507	0.2461	0.2046	4.7147	0.0090	32.3791	0.0070	0.0072	0.0151	11.7379	0.0137	103.5819	0.7272	0.7061	0.7779	0.9688	0.8127	1.6614	0.3809	0.4776	0.2647
121	126	0.4212	7	0	2	0	0	0	0	0	0	N	Y	N	N	N	N	N	N	N	N	N	N	1.6880	2.5729	0.0900	2.5173	3.4194	0.3458	1.9548	15.3531	0.0160	1.4368	1.6618	0.1219	3.0367	3.1576	0.9840	0.7619	0.9313	0.0121	0.8512	0.6459	1.3551	1.2063	0.9234	2.8457	0.3898	0.0607	0.7544	0.0126	0.8549	-0.1612	0.0029	6.1757	5.0407	14.5601	17.1705	0.3760	0.3714	0.0047	0.2358	0.2315	0.0043	0.1402	0.1398	0.0004	1.1504	0.6202	0.5302	0.9213	0.6014	0.3198	0.2291	0.0187	0.2104	0.2617	0.2235	0.0382	0.0776	0.0733	0.0043	0.1841	0.1502	0.0339	1.3515	0.9602	0.3912	0.7637	0.6513	0.1124	0.5878	0.3089	0.2789	1.6880	2.5729	0.0900	2.5173	3.4194	0.3458	1.9548	15.3531	0.0160	0.8512	0.6459	1.3551	1.2063	0.9234	2.8457	0.3898	0.0607	0.7544
121	127	0.4053	6	0	2	0	0	0	0	0	0	N	Y	N	N	N	N	N	N	N	N	N	N	0.3418	0.2255	0.9819	0.4820	0.4479	1.0734	0.3537	0.1089	1.0716	0.1979	0.1362	0.5095	0.3479	0.3299	0.6921	0.1309	0.0312	0.4909	0.5789	0.6038	0.5189	0.7218	0.7366	0.6448	0.3701	0.2865	0.4581	0.7408	0.3570	-0.0004	-0.0829	6.1757	1.9703	14.5601	6.2034	0.0229	0.0131	0.0097	0.0124	0.0112	0.0012	0.0105	0.0020	0.0085	0.4247	0.3130	0.1117	0.3144	0.2692	0.0452	0.1103	0.0438	0.0665	0.1157	0.0965	0.0191	0.0357	0.0339	0.0018	0.0800	0.0626	0.0173	0.7336	0.5183	0.2153	0.4356	0.3655	0.0701	0.2981	0.1528	0.1452	0.3418	0.2255	0.9819	0.4820	0.4479	1.0734	0.3537	0.1089	1.0716	0.5789	0.6038	0.5189	0.7218	0.7366	0.6448	0.3701	0.2865	0.4581
121	128	0.3841	5	0	1	0	0	0	0	0	0	N	N	N	N	N	N	N	N	N	N	N	N	0.1373	0.2054	0.1549	0.3987	0.5063	0.0417	0.0597	0.3350	0.1379	0.1342	0.1048	0.3191	0.3468	0.3608	0.0617	0.0686	0.0146	0.3415	0.9777	0.5102	2.0598	0.8698	0.7126	1.4781	1.1486	0.0435	2.4764	0.4847	1.7440	-0.0008	0.1168	6.1757	1.1032	14.5601	7.8190	0.0069	0.0047	0.0023	0.0042	0.0042	0.0000	0.0027	0.0005	0.0022	0.6594	0.2403	0.4191	0.3596	0.2341	0.1255	0.2998	0.0062	0.2936	0.0515	0.0444	0.0071	0.0121	0.0116	0.0006	0.0393	0.0328	0.0065	0.6744	0.4709	0.2034	0.4134	0.3285	0.0849	0.2610	0.1424	0.1185	0.1373	0.2054	0.1549	0.3987	0.5063	0.0417	0.0597	0.3350	0.1379	0.9777	0.5102	2.0598	0.8698	0.7126	1.4781	1.1486	0.0435	2.4764
121	129	0.0997	3	0	2	0	0	0	0	0	0	N	Y	N	N	N	N	N	N	N	N	N	N	0.0000	0.0000	0.0000	0.0000	0.0000	0.0000	0.0000	0.0000	0.0001	0.0000	0.0000	0.0000	0.0000	0.0000	0.0000	0.0000	0.0000	0.0000	0.0221	0.0289	0.0118	0.0334	0.0355	0.0023	0.0098	0.0012	0.0126	1.5455	0.2669	0.0000	-0.0073	6.1757	1.0033	14.5601	0.8635	0.0000	0.0000	0.0000	0.0000	0.0000	0.0000	0.0000	0.0000	0.0000	0.0295	0.0233	0.0062	0.0232	0.0231	0.0001	0.0063	0.0002	0.0061	0.7200	0.5186	0.2013	0.4513	0.3589	0.0925	0.2686	0.1598	0.1089	1.3336	0.8066	0.5271	0.6937	0.6506	0.0431	0.6399	0.1560	0.4840	0.0000	0.0000	0.0000	0.0000	0.0000	0.0000	0.0000	0.0000	0.0001	0.0221	0.0289	0.0118	0.0334	0.0355	0.0023	0.0098	0.0012	0.0126
121	130	0.0704	2	0	1	0	0	0	0	0	0	N	N	N	N	N	N	N	N	N	N	N	N	1.9327	2.3585	1.3639	2.2329	2.2020	2.5649	1.6808	5.4194	1.2271	0.4937	0.5396	0.4048	0.6211	0.6093	0.7596	0.3914	0.4247	0.3642	0.2554	0.2288	0.2968	0.2782	0.2767	0.2962	0.2328	0.0784	0.2968	0.3874	0.8360	-0.0891	-0.0029	6.1757	5.5514	14.5601	9.9598	0.5504	0.3967	0.1537	0.3084	0.2788	0.0296	0.2420	0.1179	0.1241	0.9745	0.5308	0.4437	0.5290	0.4868	0.0422	0.4455	0.0439	0.4016	1.1149	0.7352	0.3797	0.4965	0.4576	0.0389	0.6184	0.2776	0.3408	3.8150	2.3198	1.4952	1.9018	1.7594	0.1424	1.9132	0.5604	1.3528	1.9327	2.3585	1.3639	2.2329	2.2020	2.5649	1.6808	5.4194	1.2271	0.2554	0.2288	0.2968	0.2782	0.2767	0.2962	0.2328	0.0784	0.2968
121	132	0.4810	9	1	2	0	1	0	0	0	0	N	Y	N	N	N	N	N	N	N	N	N	N	5.4495	5.9761	6.6239	106.3515	71.6714	51765.9072	0.0000	0.0000	0.0000	0.0512	0.0451	0.0911	0.1897	0.1530	0.8580	0.0000	0.0000	0.0000	0.0094	0.0075	0.0138	0.0018	0.0021	0.0000	0.0192	0.0184	0.0200	0.3085	0.7721	-0.0005	-0.0000	6.1757	1.0000	14.5601	3.0001	0.0025	0.0019	0.0006	0.0025	0.0019	0.0006	0.0000	0.0000	0.0000	0.0018	0.0010	0.0008	0.0002	0.0002	0.0000	0.0016	0.0008	0.0008	0.0488	0.0423	0.0065	0.0132	0.0125	0.0007	0.0356	0.0298	0.0058	0.1906	0.1339	0.0567	0.1071	0.0894	0.0177	0.0835	0.0445	0.0390	5.4495	5.9761	6.6239	106.3515	71.6714	51765.9072	0.0000	0.0000	0.0000	0.0094	0.0075	0.0138	0.0018	0.0021	0.0000	0.0192	0.0184	0.0200
121	133	0.3131	9	1	2	0	1	0	0	0	0	N	Y	N	N	N	N	N	N	N	N	N	N	0.2485	0.4240	0.0226	0.6916	0.7620	0.1587	0.0000	0.0000	0.0000	1.3229	1.4795	0.1921	3.3668	3.6299	0.6695	0.0000	0.0000	0.0000	5.3241	3.4897	8.4907	4.8681	4.7636	4.2189	4.5741	1.6627	7.6423	0.0180	0.9522	-0.0000	0.0150	6.1757	0.0006	14.5601	1.9797	0.0001	0.0001	0.0000	0.0001	0.0001	0.0000	0.0000	0.0000	0.0000	0.5100	0.2613	0.2488	0.2358	0.2101	0.0257	0.2742	0.0511	0.2230	0.0000	0.0000	0.0000	0.0000	0.0000	0.0000	0.0000	0.0000	0.0000	0.1101	0.0749	0.0353	0.0502	0.0441	0.0061	0.0599	0.0308	0.0292	0.2857	0.4240	0.0273	0.7167	0.7620	0.1587	0.0000	0.0000	0.0000	4.6303	3.4897	7.0506	4.6974	4.7636	4.2189	4.5741	1.6627	7.6423
121	134	0.2963	8	1	2	0	1	0	0	0	0	N	Y	N	N	N	N	N	N	N	N	N	N	0.0111	0.0126	0.0002	0.0035	0.0035	0.0000	0.0265	0.0938	0.0003	0.0007	0.0008	0.0000	0.0004	0.0004	0.0000	0.0008	0.0010	0.0000	0.0639	0.0654	0.0604	0.1070	0.1123	0.0693	0.0319	0.0108	0.0586	0.0027	0.4070	-0.0000	-0.0038	6.1757	2.0077	14.5601	6.0321	0.0001	0.0001	0.0000	0.0000	0.0000	0.0000	0.0001	0.0001	0.0000	0.0226	0.0160	0.0065	0.0161	0.0148	0.0013	0.0065	0.0012	0.0052	0.1020	0.0881	0.0139	0.0285	0.0272	0.0014	0.0734	0.0609	0.0125	0.3534	0.2454	0.1080	0.1506	0.1319	0.0186	0.2029	0.1134	0.0894	0.0111	0.0126	0.0002	0.0035	0.0035	0.0000	0.0265	0.0938	0.0003	0.0639	0.0654	0.0604	0.1070	0.1123	0.0693	0.0319	0.0108	0.0586
121	135	0.2916	8	0	2	0	1	0	0	0	0	N	Y	N	N	N	N	N	N	N	N	N	N	0.0373	0.0526	0.0039	0.0687	0.1109	0.0006	0.0162	0.0130	0.0259	0.0087	0.0099	0.0013	0.0270	0.0283	0.0006	0.0013	0.0012	0.0014	0.2336	0.1877	0.3446	0.3933	0.2555	1.0581	0.0784	0.0950	0.0545	0.0212	0.7607	-0.0006	-0.0048	6.1757	3.0348	14.5601	9.3583	0.0014	0.0013	0.0000	0.0012	0.0012	0.0000	0.0001	0.0001	0.0000	0.1815	0.1031	0.0784	0.1506	0.0810	0.0696	0.0309	0.0220	0.0088	0.1553	0.1342	0.0211	0.0449	0.0428	0.0021	0.1104	0.0914	0.0190	0.7767	0.5492	0.2275	0.3829	0.3172	0.0658	0.3937	0.2320	0.1617	0.0373	0.0526	0.0039	0.0687	0.1109	0.0006	0.0162	0.0130	0.0259	0.2336	0.1877	0.3446	0.3933	0.2555	1.0581	0.0784	0.0950	0.0545
121	136	0.2773	7	0	1	0	1	0	0	0	0	N	N	N	N	N	N	N	N	N	N	N	N	0.0536	0.0175	0.1858	0.0057	0.0082	0.0003	0.2089	0.3630	0.4327	0.0881	0.0215	0.4786	0.0183	0.0188	0.0053	0.1207	0.0230	0.5209	1.6432	1.2297	2.5757	3.2356	2.2838	17.1090	0.5779	0.0635	1.2039	3.7917	0.9287	0.0001	0.0114	6.1757	0.0433	14.5601	6.6805	0.0002	0.0000	0.0002	0.0000	0.0000	0.0000	0.0002	0.0000	0.0002	0.4937	0.2559	0.2377	0.3896	0.2497	0.1400	0.1040	0.0063	0.0978	0.0026	0.0022	0.0004	0.0008	0.0008	0.0000	0.0018	0.0014	0.0003	0.3004	0.2081	0.0923	0.1204	0.1093	0.0111	0.1800	0.0988	0.0812	0.0536	0.0175	0.1858	0.0057	0.0082	0.0004	0.2089	0.3630	0.4327	1.6432	1.2297	2.5757	3.2356	2.2838	12.6141	0.5779	0.0635	1.2039
121	137	0.5107	11	0	2	0	1	0	0	0	0	N	Y	N	N	N	N	N	N	N	N	N	N	0.0000	0.0000	0.0000	0.0000	0.0000	0.0000	0.0000	0.0000	0.0000	0.0000	0.0000	0.0000	0.0000	0.0000	0.0000	0.0000	0.0000	0.0000	0.0000	0.0000	6.1757	0.0000	14.5601	0.0000	0.0000	0.0000	0.0000	0.0000	0.0000	0.0000	0.0000	0.0000	0.0000	0.0000	0.0000	0.0000	0.0000	0.0000	0.0000	0.0000	0.0000	0.0000	0.0000	0.0000	0.0000	0.0000	0.0000	0.0000	0.0000	0.0000	0.0000	0.0000	0.0000	0.0000	0.0000	0.0000	0.0000	0.0000	0.0000	0.0000	0.0000	0.0000	0.0000	0.0000	0.0000	0.0000	0.0000	0.0000	0.0000	0.0000	0.0000	0.0000	0.0000	0.0000	0.0000	0.0000	0.0000	0.0000											
121	138	0.5056	10	0	2	0	1	0	0	0	0	N	Y	N	N	N	N	N	N	N	N	N	N	0.0122	0.0173	0.0000	0.0000	0.0000	0.0359	inf	0.0000	0.0000	0.0000	0.0000	0.0000	0.0000	0.0000	0.0000	0.0000	0.0000	0.0009	0.0007	0.0014	0.0009	0.0010	0.0000	0.0010	0.0000	0.0020	0.0000	0.8800	-0.0000	0.0000	6.1757	0.0021	14.5601	2.0000	0.0000	0.0000	0.0000	0.0000	0.0000	0.0000	0.0000	0.0000	0.0000	0.0001	0.0000	0.0000	0.0000	0.0000	0.0000	0.0000	0.0000	0.0000	0.0002	0.0002	0.0000	0.0002	0.0002	0.0000	0.0001	0.0001	0.0000	0.0959	0.0674	0.0285	0.0535	0.0450	0.0085	0.0424	0.0224	0.0200	0.0122	0.0173	0.0000	0.0000	0.0000	0.0000	0.0359	inf	0.0000	0.0009	0.0007	0.0014	0.0009	0.0010	0.0000	0.0010	0.0000	0.0020	
121	139	0.4954	9	0	1	0	1	0	0	0	0	N	N	N	N	N	N	N	N	N	N	N	N	0.0006	0.0009	0.0000	0.0000	0.0000	0.0000	0.0008	29.0769	0.0000	0.0006	0.0007	0.0000	0.0000	0.0000	0.0000	0.0008	0.0010	0.0000	1.0328	0.7815	1.6276	0.9982	1.1873	0.0002	1.0752	0.0000	2.3092	0.0000	0.8801	-0.0000	0.0019	6.1757	1.0020	14.5601	3.0181	0.0000	0.0000	0.0000	0.0000	0.0000	0.0000	0.0000	0.0000	0.0000	0.2000	0.1064	0.0936	0.1064	0.1064	0.0000	0.0936	0.0000	0.0936	0.0489	0.0424	0.0065	0.0131	0.0124	0.0007	0.0358	0.0300	0.0058	0.1936	0.1361	0.0575	0.1066	0.0896	0.0170	0.0871	0.0465	0.0405	0.0006	0.0009	0.0000	0.0000	0.0000	0.0000	0.0008	29.0769	0.0000	1.0328	0.7815	1.6276	0.9982	1.1873	0.0002	1.0752	0.0000	2.3092
121	140	0.4810	9	0	2	0	0	0	0	0	0	N	Y	N	N	N	N	N	N	N	N	N	N	0.0000	0.0000	0.0000	0.0000	0.0000	0.0000	0.0000	0.0000	0.0000	0.0000	0.0000	0.0000	0.0000	0.0000	0.0000	0.0000	0.0000	0.0000	0.0046	0.0013	0.0125	0.0007	0.0008	0.0000	0.0097	0.0022	0.0182	4.1558	0.0000	0.0003	6.1757	0.0000	14.5601	4.0001	0.0000	0.0000	0.0000	0.0000	0.0000	0.0000	0.0000	0.0000	0.0000	0.0009	0.0002	0.0007	0.0001	0.0001	0.0000	0.0008	0.0001	0.0007	0.0000	0.0000	0.0000	0.0000	0.0000	0.0000	0.0000	0.0000	0.0000	0.1906	0.1339	0.0567	0.1071	0.0894	0.0177	0.0835	0.0445	0.0390	0.0000	0.0000	0.0000	0.0000	0.0000	0.0000	0.0000	0.0000	0.0000	0.0046	0.0013	0.0125	0.0007	0.0008	0.0000	0.0097	0.0022	0.0182	
121	141	0.2918	7	0	2	0	0	0	0	0	0	N	Y	N	N	N	N	N	N	N	N	N	N	0.1332	0.2790	0.0027	0.0696	0.0682	0.0010	0.1107	0.2152	0.0025	0.0031	0.0036	0.0001	0.0002	0.0002	0.0000	0.0042	0.0051	0.0001	0.0233	0.0128	0.0473	0.0034	0.0036	0.0016	0.0382	0.0235	0.0568	0.0057	1.6185	-0.0001	0.0010	6.1757	1.0003	14.5601	5.0186	0.0002	0.0002	0.0000	0.0000	0.0000	0.0000	0.0002	0.0002	0.0000	0.0063	0.0024	0.0039	0.0004	0.0004	0.0000	0.0059	0.0020	0.0039	0.0509	0.0440	0.0069	0.0143	0.0136	0.0007	0.0367	0.0304	0.0062	0.2704	0.1879	0.0825	0.1153	0.1011	0.0142	0.1550	0.0868	0.0683	0.1332	0.2790	0.0027	0.0696	0.0682	0.0010	0.1107	0.2152	0.0025	0.0233	0.0128	0.0473	0.0034	0.0036	0.0016	0.0382	0.0235	0.0568
121	142	0.4954	9	0	1	1	1	0	0	0	0	N	N	N	N	N	N	N	N	N	N	N	N	0.0001	0.0001	0.0000	0.0002	0.0002	0.0000	0.0000	0.0000	0.0000	0.0001	0.0001	0.0000	0.0002	0.0002	0.0000	0.0000	0.0000	0.0000	0.9630	1.2201	0.3526	1.2447	1.3137	0.8808	0.6197	1.0414	0.1311	0.0000	0.1217	-0.0000	-0.1426	6.1757	0.0001	14.5601	9.0026	0.0000	0.0000	0.0000	0.0000	0.0000	0.0000	0.0000	0.0000	0.0000	0.4076	0.3634	0.0442	0.2894	0.2568	0.0326	0.1182	0.1066	0.0116	0.0000	0.0000	0.0000	0.0000	0.0000	0.0000	0.0000	0.0000	0.0000	0.4232	0.2978	0.1254	0.2325	0.1954	0.0371	0.1908	0.1024	0.0884	0.0001	0.0001	0.0000	0.0002	0.0002	0.0000	0.0000	0.0000	0.0000	0.9630	1.2201	0.3526	1.2447	1.3137	0.8808	0.6197	1.0414	0.1311
121	143	0.2773	7	0	1	1	1	0	0	0	0	N	N	N	N	N	N	N	N	N	N	N	N	0.0171	0.0032	0.0644	0.0068	0.0062	0.1580	0.0214	0.0000	0.0629	0.0194	0.0025	0.1275	0.0078	0.0079	0.0072	0.0239	0.0000	0.1411	1.1344	0.7605	1.9778	1.1607	1.2746	0.0457	1.1169	0.1931	2.2434	8.1304	1.1532	0.0009	0.0387	6.1757	2.0061	14.5601	8.0425	0.0019	0.0002	0.0017	0.0002	0.0002	0.0000	0.0017	0.0000	0.0017	0.5013	0.2328	0.2685	0.2055	0.2047	0.0007	0.2959	0.0281	0.2678	0.1005	0.0869	0.0136	0.0285	0.0271	0.0014	0.0721	0.0598	0.0122	0.4419	0.3062	0.1358	0.1770	0.1606	0.0164	0.2649	0.1455	0.1193	0.0171	0.0032	0.0644	0.0068	0.0062	0.1580	0.0214	0.0000	0.0629	1.1344	0.7605	1.9778	1.1607	1.2746	0.0457	1.1169	0.1931	2.2434
121	144	0.2682	6	0	1	0	1	0	0	0	0	N	N	N	N	N	N	N	N	N	N	N	N	204.4347	120.3084	787.2580	321.7916	320.4098	0.8369	152.9601	1.0688	820.8617	1.5129	0.9411	5.0230	2.7814	2.9054	0.0032	0.9959	0.0068	5.5093	0.0074	0.0078	0.0064	0.0086	0.0091	0.0039	0.0065	0.0064	0.0067	0.8695	0.3373	0.0039	-0.0003	6.1757	1.9550	14.5601	2.1189	0.1621	0.0867	0.0754	0.0863	0.0863	0.0000	0.0758	0.0004	0.0754	0.0016	0.0012	0.0004	0.0008	0.0008	0.0000	0.0008	0.0005	0.0004	0.1071	0.0921	0.0150	0.0310	0.0297	0.0013	0.0761	0.0624	0.0137	0.2204	0.1559	0.0645	0.0919	0.0844	0.0075	0.1285	0.0715	0.0570	204.4347	120.3084	787.2580	321.7916	320.4098	0.8369	152.9601	1.0688	820.8617	0.0074	0.0078	0.0064	0.0086	0.0091	0.0039	0.0065	0.0064	0.0067
121	145	0.2682	6	0	1	1	1	0	0	0	0	N	N	N	N	N	N	N	N	N	N	N	N	0.0111	0.0070	0.0341	0.0200	0.0191	0.0050	0.0076	0.0003	0.0331	0.0065	0.0039	0.0227	0.0114	0.0119	0.0002	0.0046	0.0002	0.0248	0.5893	0.5567	0.6636	0.5698	0.6237	0.0350	0.6024	0.4830	0.7497	0.9384	0.5224	0.0000	-0.0619	6.1757	2.1261	14.5601	18.6477	0.0008	0.0004	0.0004	0.0004	0.0004	0.0000	0.0004	0.0000	0.0004	0.5372	0.3529	0.1843	0.2085	0.2073	0.0012	0.3288	0.1456	0.1832	0.1157	0.0995	0.0162	0.0333	0.0319	0.0014	0.0823	0.0676	0.0147	0.9116	0.6338	0.2778	0.3658	0.3324	0.0335	0.5458	0.3014	0.2443	0.0111	0.0070	0.0341	0.0200	0.0191	0.0050	0.0076	0.0003	0.0331	0.5893	0.5567	0.6636	0.5698	0.6237	0.0350	0.6024	0.4830	0.7497
121	146	0.4954	9	0	1	1	1	0	0	0	0	N	N	N	N	N	N	N	N	N	N	N	N	0.0000	0.0000	0.0000	0.0000	0.0000	0.0000	0.0000	0.0000	0.0000	0.0000	0.0000	0.0000	0.0000	0.0000	0.0000	0.0000	0.0000	0.0000	0.0110	0.0078	0.0188	0.0096	0.0113	0.0001	0.0128	0.0009	0.0267	0.0000	1.0220	-0.0000	0.0002	6.1757	2.0001	14.5601	5.9880	0.0000	0.0000	0.0000	0.0000	0.0000	0.0000	0.0000	0.0000	0.0000	0.0042	0.0021	0.0021	0.0020	0.0020	0.0000	0.0022	0.0001	0.0021	0.0972	0.0843	0.0129	0.0260	0.0246	0.0014	0.0712	0.0597	0.0115	0.3772	0.2654	0.1118	0.2073	0.1743	0.0330	0.1699	0.0911	0.0788	0.0000	0.0000	0.0000	0.0000	0.0000	0.0000	0.0000	0.0000	0.0000	0.0110	0.0078	0.0188	0.0096	0.0113	0.0001	0.0128	0.0009	0.0267
121	147	0.4954	9	0	1	1	1	0	0	0	0	N	N	N	N	N	N	N	N	N	N	N	N	1.4568	1.3384	2.4546	3.0866	3.1882	0.0398	0.8206	0.0145	2.7300	3.5791	3.0485	7.0851	9.9276	10.4624	0.1142	1.2725	0.0061	7.9011	2.4567	2.2777	2.8864	3.2163	3.2816	2.8677	1.5507	0.4203	2.8941	0.3517	0.5281	-0.2748	-0.3799	6.1757	9.0001	14.5601	23.0169	1.5188	1.1236	0.3952	1.1227	1.1220	0.0007	0.3961	0.0016	0.3945	3.3691	2.2047	1.1644	2.3993	2.0619	0.3373	0.9698	0.1427	0.8271	0.4244	0.3686	0.0558	0.1131	0.1072	0.0058	0.3113	0.2613	0.0499	1.3714	0.9680	0.4034	0.7460	0.6283	0.1176	0.6254	0.3396	0.2858	1.4568	1.3384	2.4546	3.0866	3.1882	0.0398	0.8206	0.0145	2.7300	2.4567	2.2777	2.8864	3.2163	3.2816	2.8677	1.5507	0.4203	2.8941
121	148	0.4700	8	0	1	0	1	0	0	0	0	N	N	N	N	N	N	N	N	N	N	N	N	0.0204	0.0068	0.1089	0.0068	0.0067	0.0077	0.0546	0.0722	0.1388	0.0011	0.0004	0.0060	0.0005	0.0005	0.0005	0.0013	0.0003	0.0066	0.0546	0.0545	0.0550	0.0776	0.0791	0.0703	0.0244	0.0042	0.0478	2.4919	0.4254	0.0000	-0.0043	6.1757	1.9990	14.5601	7.9526	0.0001	0.0000	0.0001	0.0000	0.0000	0.0000	0.0001	0.0000	0.0001	0.0270	0.0189	0.0081	0.0218	0.0185	0.0033	0.0052	0.0005	0.0047	0.0977	0.0847	0.0130	0.0265	0.0251	0.0014	0.0712	0.0596	0.0116	0.4940	0.3477	0.1463	0.2804	0.2333	0.0471	0.2137	0.1144	0.0992	0.0204	0.0068	0.1089	0.0068	0.0067	0.0077	0.0546	0.0722	0.1388	0.0546	0.0545	0.0550	0.0776	0.0791	0.0703	0.0244	0.0042	0.0478
121	149	0.4381	7	1	2	0	0	0	0	0	0	N	Y	N	N	N	N	N	N	N	N	N	N	4.8853	6.5018	0.7520	11.9978	15.3250	0.2394	0.4890	0.2613	1.3849	3.4407	3.8673	0.7310	11.3287	11.7924	0.4241	0.1851	0.0629	0.7604	0.7043	0.5948	0.9720	0.9442	0.7695	1.7714	0.3786	0.2405	0.5491	0.0298	0.6683	-0.4212	-0.0483	6.1757	5.3497	14.5601	17.2225	1.0218	0.9923	0.0295	0.9829	0.9814	0.0015	0.0389	0.0109	0.0280	0.8360	0.5011	0.3349	0.6453	0.4342	0.2112	0.1906	0.0669	0.1237	0.2970	0.2566	0.0404	0.0868	0.0832	0.0035	0.2102	0.1734	0.0369	1.1870	0.8424	0.3445	0.6834	0.5642	0.1192	0.5035	0.2782	0.2253	4.8853	6.5018	0.7520	11.9978	15.3250	0.2394	0.4890	0.2613	1.3849	0.7043	0.5948	0.9720	0.9442	0.7695	1.7714	0.3786	0.2405	0.5491
121	150	0.4689	8	0	2	0	0	0	0	0	0	N	Y	N	N	N	N	N	N	N	N	N	N	1.0355	1.1227	0.3552	2.1424	2.5576	0.1572	0.1325	0.0198	1.6786	0.4446	0.4893	0.1465	1.1594	1.2024	0.1308	0.0329	0.0071	0.1485	0.4294	0.4359	0.4125	0.5412	0.4701	0.8323	0.2486	0.3603	0.0885	0.0449	0.3648	-0.0459	-0.1200	6.1757	3.6794	14.5601	17.4287	0.1154	0.1104	0.0050	0.1099	0.1094	0.0005	0.0054	0.0010	0.0045	0.6279	0.4601	0.1678	0.4890	0.3414	0.1475	0.1389	0.1186	0.0203	0.2595	0.2256	0.0339	0.0948	0.0910	0.0038	0.1647	0.1346	0.0301	1.4624	1.0555	0.4069	0.9035	0.7263	0.1772	0.5589	0.3292	0.2297	1.0355	1.1227	0.3552	2.1424	2.5576	0.1572	0.1325	0.0198	1.6786	0.4294	0.4359	0.4125	0.5412	0.4701	0.8323	0.2486	0.3603	0.0885
121	151	0.4381	7	0	2	0	0	0	0	0	0	N	Y	N	N	N	N	N	N	N	N	N	N	9.2728	0.9553	58.7749	2.0961	2.5565	0.2589	16.1384	0.0965	132.5661	4.9138	0.4961	32.7238	1.2955	1.3345	0.2788	6.5498	0.0495	35.6943	0.5299	0.5192	0.5568	0.6181	0.5220	1.0765	0.4058	0.5135	0.2693	10.4794	0.4260	0.4849	-0.0685	6.1757	3.4464	14.5601	10.1316	1.0278	0.0895	0.9383	0.0844	0.0837	0.0007	0.9434	0.0058	0.9376	0.4295	0.3012	0.1283	0.2929	0.2045	0.0884	0.1366	0.0967	0.0400	0.2092	0.1805	0.0287	0.0651	0.0627	0.0024	0.1440	0.1178	0.0263	0.8105	0.5800	0.2305	0.4738	0.3918	0.0821	0.3366	0.1883	0.1484	9.2728	0.9553	58.7749	2.0961	2.5565	0.2589	16.1384	0.0965	132.5661	0.5299	0.5192	0.5568	0.6181	0.5220	1.0765	0.4058	0.5135	0.2693
121	152	0.2986	9	1	2	0	0	0	0	0	0	N	Y	N	N	N	N	N	N	N	N	N	N	0.0038	0.0034	0.0040	0.0112	0.0103	0.0103	0.0006	0.0002	0.0036	0.0048	0.0051	0.0026	0.0151	0.0159	0.0005	0.0007	0.0002	0.0029	1.2565	1.5184	0.6598	1.3516	1.5348	0.0531	1.1858	1.4994	0.7867	0.0811	0.1907	-0.0001	-0.2107	6.1757	1.0143	14.5601	12.0086	0.0003	0.0002	0.0000	0.0002	0.0002	0.0000	0.0000	0.0000	0.0000	0.7065	0.5934	0.1132	0.3242	0.3226	0.0016	0.3824	0.2708	0.1116	0.0523	0.0452	0.0072	0.0149	0.0142	0.0007	0.0374	0.0310	0.0065	0.5623	0.3908	0.1715	0.2398	0.2102	0.0297	0.3224	0.1806	0.1418	0.0038	0.0034	0.0040	0.0112	0.0103	0.0103	0.0006	0.0002	0.0036	1.2565	1.5184	0.6598	1.3516	1.5348	0.0531	1.1858	1.4994	0.7867
121	153	0.2963	8	1	2	0	0	0	0	0	0	N	Y	N	N	N	N	N	N	N	N	N	N	2.7557	1.4802	11.3823	0.1797	0.1663	0.0207	3.8786	2.4668	10.5429	0.0302	0.0168	0.1148	0.0021	0.0022	0.0000	0.0412	0.0234	0.1273	0.0110	0.0114	0.0101	0.0114	0.0130	0.0005	0.0106	0.0095	0.0121	1.0833	0.3914	0.0001	-0.0001	6.1757	0.9811	14.5601	0.0216	0.0015	0.0007	0.0008	0.0000	0.0000	0.0000	0.0015	0.0007	0.0008	0.0005	0.0004	0.0001	0.0002	0.0002	0.0000	0.0003	0.0001	0.0001	0.0502	0.0434	0.0069	0.0141	0.0134	0.0007	0.0361	0.0299	0.0062	0.0455	0.0316	0.0139	0.0194	0.0170	0.0024	0.0261	0.0146	0.0115	2.7557	1.4802	11.3823	0.1797	0.1663	0.0207	3.8786	2.4668	10.5429	0.0110	0.0114	0.0101	0.0114	0.0130	0.0005	0.0106	0.0095	0.0121
121	154	0.2918	7	1	2	0	0	0	0	0	0	N	Y	N	N	N	N	N	N	N	N	N	N	164.9549	172.6647	51.7540	7.3432	7.2975	0.1097	334.7927	487.9627	58.8466	0.3290	0.3701	0.0854	0.0196	0.0216	0.0001	0.4969	0.5779	0.1100	0.0020	0.0021	0.0017	0.0027	0.0030	0.0006	0.0015	0.0012	0.0019	0.0390	0.3340	-0.0001	-0.0000	6.1757	0.0083	14.5601	2.0001	0.0002	0.0002	0.0000	0.0000	0.0000	0.0000	0.0002	0.0002	0.0000	0.0002	0.0001	0.0000	0.0001	0.0001	0.0000	0.0001	0.0000	0.0000	0.0005	0.0004	0.0001	0.0002	0.0002	0.0000	0.0003	0.0003	0.0001	0.0942	0.0657	0.0285	0.0406	0.0356	0.0050	0.0536	0.0301	0.0235	164.9549	172.6647	51.7540	7.3432	7.2975	0.1097	334.7927	487.9627	58.8466	0.0020	0.0021	0.0017	0.0027	0.0030	0.0006	0.0015	0.0012	0.0019
121	155	0.2682	6	0	2	0	0	0	0	0	0	N	Y	N	N	N	N	N	N	N	N	N	N	155.8208	346.0620	0.3498	8.6539	11.8969	0.0178	217.5845	1112.0120	0.4206	4.5897	5.3264	0.0217	0.2612	0.2731	0.0019	6.3017	7.6457	0.0237	0.0295	0.0154	0.0620	0.0302	0.0230	0.1048	0.0290	0.0069	0.0563	0.0007	1.7404	-0.3134	0.0025	6.1757	2.9180	14.5601	7.4065	0.7115	0.7111	0.0005	0.0115	0.0115	0.0000	0.7001	0.6996	0.0005	0.0144	0.0053	0.0092	0.0060	0.0042	0.0018	0.0084	0.0011	0.0073	0.1550	0.1335	0.0215	0.0439	0.0420	0.0019	0.1111	0.0915	0.0196	0.4899	0.3421	0.1478	0.1987	0.1811	0.0175	0.2912	0.1610	0.1303	155.8208	346.0620	0.3498	8.6539	11.8969	0.0178	217.5845	1112.0120	0.4206	0.0295	0.0154	0.0620	0.0302	0.0230	0.1048	0.0290	0.0069	0.0563
121	156	0.2023	5	0	1	0	0	0	0	0	0	N	N	N	N	N	N	N	N	N	N	N	N	0.7599	0.7365	0.0297	3.5605	3.9812	0.0455	0.2597	0.1890	0.0375	0.5204	0.6103	0.0113	0.8604	1.0089	0.0053	0.2681	0.3131	0.0156	0.6848	0.8286	0.3791	0.2417	0.2534	0.1174	1.0324	1.6572	0.4144	0.0033	0.2151	-0.1750	-0.3486	6.1757	8.2479	14.5601	19.7214	0.3998	0.3985	0.0013	0.2816	0.2813	0.0003	0.1182	0.1171	0.0010	1.2391	1.0197	0.2194	0.1922	0.1841	0.0081	1.0469	0.8356	0.2113	0.7682	0.6529	0.1152	0.3273	0.2788	0.0484	0.4409	0.3741	0.0668	1.8093	1.2306	0.5787	0.7952	0.7264	0.0688	1.0141	0.5042	0.5099	0.7599	0.7365	0.0297	3.5605	3.9812	0.0455	0.2597	0.1890	0.0375	0.6848	0.8286	0.3791	0.2417	0.2534	0.1174	1.0324	1.6572	0.4144
121	157	0.1662	4	0	1	0	0	0	0	0	0	N	N	N	N	N	N	N	N	N	N	N	N	1.1895	1.1160	0.5146	1.8712	1.8443	0.9979	0.9479	0.8197	0.4695	0.8950	1.0057	0.2392	1.6503	1.7215	0.3727	0.6094	0.6934	0.2243	0.7525	0.9012	0.4648	0.8819	0.9334	0.3735	0.6429	0.8459	0.4777	0.0401	0.2666	-0.1702	-0.3762	6.1757	7.4725	14.5601	14.3153	0.4229	0.4066	0.0163	0.2140	0.2114	0.0026	0.2089	0.1951	0.0138	1.5179	1.1984	0.3195	0.8156	0.7838	0.0318	0.7024	0.4146	0.2878	0.4725	0.4043	0.0682	0.1297	0.1228	0.0068	0.3428	0.2815	0.0614	2.0173	1.3298	0.6875	0.9248	0.8397	0.0851	1.0925	0.4901	0.6024	1.1895	1.1160	0.5146	1.8712	1.8443	0.9979	0.9479	0.8197	0.4695	0.7525	0.9012	0.4648	0.8819	0.9334	0.3735	0.6429	0.8459	0.4777
121	158	0.1007	3	0	1	0	0	0	0	0	0	N	N	N	N	N	N	N	N	N	N	N	N	0.8257	0.8649	0.7653	0.8667	0.8506	0.9811	0.8783	1.6008	0.7476	0.4304	0.4300	0.4314	0.5463	0.5499	0.4235	0.3797	0.3528	0.4317	0.5212	0.4972	0.5637	0.6303	0.6465	0.4317	0.4323	0.2204	0.5775	0.3273	0.6403	-0.0815	-0.1149	6.1757	11.6653	14.5601	19.4910	0.4189	0.3156	0.1033	0.1618	0.1581	0.0037	0.2571	0.1575	0.0996	1.6899	1.0302	0.6597	0.9178	0.8702	0.0476	0.7721	0.1600	0.6120	0.9733	0.7339	0.2394	0.2961	0.2875	0.0086	0.6772	0.4464	0.2308	3.2423	2.0721	1.1702	1.4562	1.3459	0.1104	1.7861	0.7262	1.0598	0.8257	0.8649	0.7653	0.8667	0.8506	0.9811	0.8783	1.6008	0.7476	0.5212	0.4972	0.5637	0.6303	0.6465	0.4317	0.4323	0.2204	0.5775
121	161	0.4886	11	1	2	0	0	0	0	0	0	N	Y	N	N	N	N	N	N	N	N	N	N	0.0000	0.0000	0.0000	0.0000	0.0000	0.0000	0.0000	0.0000	0.0000	0.0000	0.0000	0.0000	0.0000	0.0000	0.0000	0.0000	0.0000	0.0000	0.0105	0.0142	0.0019	0.0030	0.0034	0.0010	0.0202	0.0357	0.0023	0.0565	0.0000	-0.0006	6.1757	0.0002	14.5601	3.0099	0.0000	0.0000	0.0000	0.0000	0.0000	0.0000	0.0000	0.0000	0.0000	0.0015	0.0014	0.0001	0.0002	0.0002	0.0000	0.0013	0.0012	0.0001	0.0000	0.0000	0.0000	0.0000	0.0000	0.0000	0.0000	0.0000	0.0000	0.1452	0.1022	0.0430	0.0816	0.0681	0.0134	0.0636	0.0340	0.0296	0.0000	0.0000	0.0000	0.0000	0.0000	0.0000	0.0000	0.0000	0.0000	0.0105	0.0142	0.0019	0.0030	0.0034	0.0010	0.0202	0.0357	0.0023	
121	162	0.4810	10	1	2	0	0	0	0	0	0	N	Y	N	N	N	N	N	N	N	N	N	N	0.0000	0.0000	0.0000	0.0000	0.0000	0.0000	0.0000	0.0000	0.0000	0.0000	0.0000	0.0000	0.0000	0.0000	0.0000	0.0000	0.0000	0.0000	0.0006	0.0007	0.0003	0.0004	0.0005	0.0000	0.0008	0.0011	0.0004	0.1847	0.0000	-0.0000	6.1757	0.9998	14.5601	2.0118	0.0000	0.0000	0.0000	0.0000	0.0000	0.0000	0.0000	0.0000	0.0000	0.0001	0.0001	0.0000	0.0000	0.0000	0.0000	0.0000	0.0000	0.0000	0.0488	0.0423	0.0065	0.0132	0.0125	0.0007	0.0356	0.0298	0.0058	0.1441	0.1013	0.0429	0.0810	0.0676	0.0134	0.0631	0.0336	0.0295	0.0000	0.0000	0.0000	0.0000	0.0000	0.0000	0.0000	0.0000	0.0000	0.0006	0.0007	0.0003	0.0004	0.0005	0.0000	0.0008	0.0011	0.0004	
121	163	0.4810	9	1	2	0	0	0	0	0	0	N	Y	N	N	N	N	N	N	N	N	N	N	0.0000	0.0000	0.0000	0.0000	0.0000	0.0000	0.0000	0.0000	0.0000	0.0000	0.0000	0.0000	0.0000	0.0000	0.0000	0.0000	0.0000	0.0000	0.1357	0.1322	0.1499	0.1266	0.1224	0.1666	0.1462	0.1471	0.1443	0.2807	0.0000	-0.0000	6.1757	0.0000	14.5601	0.0003	0.0000	0.0000	0.0000	0.0000	0.0000	0.0000	0.0000	0.0000	0.0000	0.0000	0.0000	0.0000	0.0000	0.0000	0.0000	0.0000	0.0000	0.0000	0.0000	0.0000	0.0000	0.0000	0.0000	0.0000	0.0000	0.0000	0.0000	0.0000	0.0000	0.0000	0.0000	0.0000	0.0000	0.0000	0.0000	0.0000	0.0000	0.0000	0.0000	0.0000	0.0000	0.0000	0.0000	0.0000	0.0000	0.1357	0.1322	0.1499	0.1266	0.1224	0.1666	0.1462	0.1471	0.1443	
121	164	0.4700	8	0	2	0	0	0	0	0	0	N	Y	N	N	N	N	N	N	N	N	N	N	0.8269	0.1771	8.0839	0.0605	0.0485	1.0099	2.4591	0.3937	56.2524	0.1032	0.0276	0.4086	0.0099	0.0083	0.1368	0.1735	0.0494	0.4165	0.1248	0.1560	0.0505	0.1644	0.1705	0.1355	0.0706	0.1254	0.0074	3.6618	0.1360	0.0000	-0.0101	6.1757	0.0063	14.5601	4.3641	0.0001	0.0000	0.0001	0.0000	0.0000	0.0000	0.0001	0.0000	0.0001	0.0300	0.0264	0.0036	0.0228	0.0196	0.0032	0.0071	0.0068	0.0003	0.0010	0.0008	0.0002	0.0004	0.0004	0.0000	0.0005	0.0004	0.0002	0.2399	0.1690	0.0709	0.1387	0.1149	0.0239	0.1012	0.0542	0.0470	0.8269	0.1771	8.0839	0.0605	0.0485	1.0099	2.4591	0.3937	56.2524	0.1248	0.1560	0.0505	0.1644	0.1705	0.1355	0.0706	0.1254	0.0074
121	165	0.4381	7	0	1	0	0	0	0	0	0	N	N	N	N	N	N	N	N	N	N	N	N	1.6491	0.2707	6.1826	0.0997	0.1554	0.0090	9.1558	2.3916	24.4541	0.9583	0.1112	6.2551	0.0882	0.0906	0.0210	1.3834	0.1233	6.8018	0.5811	0.4110	1.0117	0.8848	0.5830	2.3278	0.1511	0.0515	0.2781	8.9919	0.9727	0.0730	0.0154	6.1757	2.5207	14.5601	10.0226	0.1590	0.0159	0.1431	0.0048	0.0048	0.0000	0.1542	0.0111	0.1431	0.4447	0.2254	0.2193	0.3969	0.2163	0.1806	0.0479	0.0092	0.0387	0.1659	0.1431	0.0229	0.0545	0.0526	0.0018	0.1115	0.0904	0.0210	0.7654	0.5486	0.2168	0.4486	0.3710	0.0776	0.3168	0.1776	0.1392	1.6491	0.2707	6.1826	0.0997	0.1554	0.0090	9.1558	2.3916	24.4541	0.5811	0.4110	1.0117	0.8848	0.5830	2.3278	0.1511	0.0515	0.2781
121	166	0.4225	6	0	1	0	0	0	0	0	0	N	N	N	N	N	N	N	N	N	N	N	N	0.4084	0.2267	1.3738	0.1228	0.1828	0.0054	2.0704	0.8344	6.5774	0.4289	0.1793	2.4078	0.1850	0.1903	0.0197	0.6047	0.1700	2.7248	1.0500	0.7909	1.7527	1.5066	1.0410	3.6415	0.2921	0.2037	0.4143	1.6938	0.8173	0.0153	-0.0053	6.1757	2.6894	14.5601	4.6619	0.0817	0.0303	0.0514	0.0148	0.0147	0.0000	0.0669	0.0156	0.0513	0.6115	0.3365	0.2750	0.5475	0.3106	0.2369	0.0639	0.0259	0.0380	0.1905	0.1692	0.0213	0.0798	0.0773	0.0025	0.1107	0.0919	0.0188	0.5823	0.4254	0.1569	0.3634	0.2984	0.0651	0.2189	0.1271	0.0918	0.4084	0.2267	1.3738	0.1228	0.1828	0.0054	2.0704	0.8344	6.5774	1.0500	0.7909	1.7527	1.5066	1.0410	3.6415	0.2921	0.2037	0.4143
121	167	0.3841	5	0	1	0	0	0	0	0	0	N	N	N	N	N	N	N	N	N	N	N	N	0.0223	0.0073	0.3217	0.0146	0.0129	0.0046	0.0251	0.0050	0.3039	0.0184	0.0078	0.0852	0.0122	0.0127	0.0009	0.0203	0.0061	0.0926	0.8251	1.0644	0.2648	0.8361	0.9917	0.2047	0.8083	1.2277	0.3047	1.7273	0.1062	0.0005	-0.2351	6.1757	2.7966	14.5601	8.5340	0.0024	0.0009	0.0015	0.0004	0.0004	0.0000	0.0020	0.0005	0.0015	0.6487	0.5864	0.0623	0.3973	0.3781	0.0192	0.2514	0.2083	0.0431	0.1288	0.1112	0.0176	0.0302	0.0287	0.0014	0.0986	0.0824	0.0162	0.7862	0.5509	0.2353	0.4752	0.3813	0.0939	0.3110	0.1697	0.1413	0.0223	0.0073	0.3217	0.0146	0.0129	0.0046	0.0251	0.0050	0.3039	0.8251	1.0644	0.2648	0.8361	0.9917	0.2047	0.8083	1.2277	0.3047
122	123	0.4407	6	0	1	0	0	0	0	0	0	N	N	N	N	N	N	N	N	N	N	N	N	1.0715	0.6668	11.9774	1.7907	1.6565	1.5983	0.7679	0.0001	18.9639	0.3498	0.2875	0.7747	0.8002	0.8413	0.1739	0.1401	0.0000	0.8833	0.3264	0.4312	0.0647	0.4469	0.5079	0.1088	0.1824	0.2913	0.0466	0.3947	0.0601	-0.0140	-0.1703	7.5400	4.0019	21.4192	19.5615	0.0885	0.0635	0.0250	0.0643	0.0635	0.0009	0.0242	0.0000	0.0242	0.4239	0.3999	0.0240	0.3160	0.3042	0.0118	0.1079	0.0957	0.0123	0.2530	0.2207	0.0323	0.0804	0.0754	0.0049	0.1727	0.1453	0.0274	1.2988	0.9274	0.3713	0.7072	0.5991	0.1081	0.5916	0.3284	0.2632	1.0715	0.6668	11.9774	1.7907	1.6565	1.5983	0.7679	0.0001	18.9639	0.3264	0.4312	0.0647	0.4469	0.5079	0.1088	0.1824	0.2913	0.0466
122	124	0.4187	5	0	0	0	0	0	0	0	0	N	N	N	N	N	N	N	N	N	N	N	N	0.0471	0.0194	0.2326	0.0248	0.0254	0.0002	0.0860	0.0251	0.2801	0.0112	0.0045	0.0583	0.0077	0.0081	0.0000	0.0133	0.0020	0.0684	0.2385	0.2336	0.2504	0.3120	0.3196	0.2679	0.1551	0.0808	0.2440	1.8354	0.4402	0.0002	-0.0234	7.5400	1.2223	21.4192	8.2281	0.0012	0.0004	0.0008	0.0003	0.0003	0.0000	0.0009	0.0001	0.0008	0.1533	0.1064	0.0468	0.1066	0.0932	0.0134	0.0467	0.0132	0.0334	0.1063	0.0930	0.0133	0.0401	0.0381	0.0020	0.0662	0.0549	0.0113	0.6426	0.4556	0.1871	0.3416	0.2916	0.0500	0.3011	0.1640	0.1371	0.0471	0.0194	0.2326	0.0248	0.0254	0.0002	0.0860	0.0251	0.2801	0.2385	0.2336	0.2504	0.3120	0.3196	0.2679	0.1551	0.0808	0.2440
122	125	0.3668	4	0	0	0	0	0	0	0	0	N	N	N	N	N	N	N	N	N	N	N	N	0.2243	0.1835	0.2721	0.0132	0.0126	0.0001	0.4753	0.3040	0.4989	0.3346	0.3755	0.0656	0.0268	0.0284	0.0000	0.4436	0.5139	0.0735	1.4916	2.0457	0.2411	2.0372	2.2484	0.5934	0.9333	1.6903	0.1474	0.0266	0.0522	-0.0486	-0.6868	7.5400	5.9920	21.4192	12.2976	0.1170	0.1140	0.0030	0.0025	0.0025	0.0000	0.1146	0.1116	0.0030	1.6804	1.5970	0.0834	1.1607	1.1176	0.0431	0.5197	0.4794	0.0403	0.3498	0.3037	0.0462	0.0915	0.0866	0.0050	0.2583	0.2171	0.0412	1.1266	0.7807	0.3459	0.5698	0.4971	0.0727	0.5568	0.2836	0.2732	0.2243	0.1835	0.2721	0.0132	0.0126	0.0001	0.4753	0.3040	0.4989	1.4916	2.0457	0.2411	2.0372	2.2484	0.5934	0.9333	1.6903	0.1474
122	126	0.4039	6	0	1	0	0	0	0	0	0	N	N	N	N	N	N	N	N	N	N	N	N	0.8702	1.0933	0.0211	1.0955	1.2699	0.0503	0.8833	1.5831	0.0137	0.8523	0.9886	0.0244	1.4127	1.4895	0.1086	0.5945	0.7230	0.0125	0.9794	0.9043	1.1558	1.2896	1.1730	2.1584	0.6730	0.4567	0.9101	0.0041	0.5446	-0.1238	-0.1447	7.5400	5.0407	21.4192	17.1705	0.2832	0.2820	0.0011	0.1479	0.1473	0.0006	0.1353	0.1348	0.0005	1.3675	0.8854	0.4821	0.8948	0.7176	0.1772	0.4727	0.1677	0.3050	0.3323	0.2853	0.0470	0.1047	0.0989	0.0058	0.2276	0.1864	0.0412	1.3962	0.9791	0.4172	0.6939	0.6118	0.0821	0.7023	0.3673	0.3351	0.8702	1.0933	0.0211	1.0955	1.2699	0.0503	0.8833	1.5831	0.0137	0.9794	0.9043	1.1558	1.2896	1.1730	2.1584	0.6730	0.4567	0.9101
122	127	0.3879	5	0	1	0	0	0	0	0	0	N	N	N	N	N	N	N	N	N	N	N	N	0.1755	0.0872	0.8708	0.2655	0.2383	1.9704	0.1324	0.0076	0.7839	0.1224	0.0697	0.4001	0.1814	0.1789	0.2283	0.0943	0.0067	0.4189	0.6977	0.7998	0.4594	0.6831	0.7508	0.1159	0.7124	0.8886	0.5343	1.0894	0.2464	0.0014	-0.1234	7.5400	1.9703	21.4192	6.2034	0.0178	0.0085	0.0093	0.0085	0.0080	0.0005	0.0093	0.0005	0.0088	0.4734	0.3798	0.0936	0.2338	0.2296	0.0042	0.2395	0.1502	0.0893	0.1454	0.1222	0.0232	0.0470	0.0447	0.0023	0.0984	0.0775	0.0209	0.6785	0.4748	0.2037	0.3423	0.3058	0.0365	0.3362	0.1690	0.1672	0.1755	0.0872	0.8708	0.2655	0.2383	1.9704	0.1324	0.0076	0.7839	0.6977	0.7998	0.4594	0.6831	0.7508	0.1159	0.7124	0.8886	0.5343
122	128	0.3668	4	0	0	0	0	0	0	0	0	N	N	N	N	N	N	N	N	N	N	N	N	0.0736	0.0374	0.4330	0.0858	0.0802	0.0774	0.1302	0.1176	0.4071	0.0838	0.0502	0.3019	0.1538	0.1618	0.0139	0.0588	0.0052	0.3361	1.1390	1.3439	0.6972	1.7918	2.0173	0.1792	0.4516	0.0444	0.8256	0.9264	0.2406	0.0002	-0.1963	7.5400	1.1032	21.4192	7.8190	0.0055	0.0029	0.0027	0.0027	0.0027	0.0000	0.0029	0.0002	0.0027	0.7423	0.5983	0.1440	0.5989	0.5916	0.0073	0.1434	0.0067	0.1366	0.0662	0.0574	0.0088	0.0174	0.0165	0.0009	0.0488	0.0409	0.0079	0.6517	0.4452	0.2065	0.3342	0.2933	0.0410	0.3174	0.1520	0.1655	0.0736	0.0374	0.4330	0.0858	0.0802	0.0774	0.1302	0.1176	0.4071	1.1390	1.3439	0.6972	1.7918	2.0173	0.1792	0.4516	0.0444	0.8256
122	129	0.0823	2	0	1	0	0	0	0	0	0	N	N	N	N	N	N	N	N	N	N	N	N	0.0024	0.0020	0.0001	0.0019	0.0023	0.0000	0.0001	0.0000	0.0002	0.0001	0.0001	0.0000	0.0001	0.0002	0.0000	0.0000	0.0000	0.0000	0.0408	0.0690	0.0028	0.0774	0.0803	0.0007	0.0032	0.0046	0.0029	0.0007	0.0303	-0.0001	-0.0441	7.5400	1.0033	21.4192	0.8635	0.0002	0.0002	0.0000	0.0002	0.0002	0.0000	0.0000	0.0000	0.0000	0.1029	0.0998	0.0030	0.0989	0.0989	0.0000	0.0040	0.0010	0.0030	1.7566	1.2556	0.5010	1.1676	0.9341	0.2336	0.5890	0.3215	0.2675	2.5190	1.4468	1.0722	1.2777	1.2308	0.0469	1.2413	0.2161	1.0253	0.0024	0.0020	0.0001	0.0019	0.0023	0.0000	0.0001	0.0000	0.0002	0.0408	0.0690	0.0028	0.0774	0.0803	0.0007	0.0032	0.0046	0.0029
122	132	0.4637	8	1	1	0	1	0	0	0	0	N	N	N	N	N	N	N	N	N	N	N	N	24.7169	1.2965	560.7247	25.2985	2.5440	68720.6262	58.7609	0.0711	246.3765	0.1605	0.0109	1.1676	0.2780	0.0329	4.0374	0.1088	0.0001	0.6819	0.0065	0.0084	0.0021	0.0110	0.0129	0.0001	0.0019	0.0011	0.0028	15.9240	0.1072	0.0050	-0.0005	7.5400	1.0000	21.4192	3.0001	0.0100	0.0006	0.0094	0.0053	0.0006	0.0047	0.0047	0.0000	0.0047	0.0014	0.0012	0.0001	0.0012	0.0012	0.0000	0.0002	0.0001	0.0001	0.0621	0.0541	0.0080	0.0190	0.0178	0.0012	0.0431	0.0362	0.0069	0.2097	0.1464	0.0633	0.1066	0.0906	0.0160	0.1031	0.0558	0.0473	24.7169	1.2965	560.7247	25.2985	2.5440	68720.6262	58.7609	0.0711	246.3765	0.0065	0.0084	0.0021	0.0110	0.0129	0.0001	0.0019	0.0011	0.0028
122	133	0.2957	8	1	1	0	1	0	0	0	0	N	N	N	N	N	N	N	N	N	N	N	N	0.0085	0.0079	0.0187	0.0185	0.0131	0.1320	0.0000	0.0000	0.0000	0.0321	0.0245	0.0949	0.0855	0.0613	0.5369	0.0000	0.0000	0.0000	3.7594	3.1073	5.0819	4.6278	4.6924	4.0662	3.2113	1.4027	5.2216	0.4685	0.8065	-0.0000	-0.0054	7.5400	0.0006	21.4192	1.9797	0.0000	0.0000	0.0000	0.0000	0.0000	0.0000	0.0000	0.0000	0.0000	0.4524	0.2504	0.2020	0.2155	0.1960	0.0195	0.2369	0.0545	0.1825	0.0001	0.0001	0.0000	0.0000	0.0000	0.0000	0.0000	0.0000	0.0000	0.1203	0.0806	0.0397	0.0466	0.0418	0.0048	0.0738	0.0388	0.0349	0.0085	0.0079	0.0187	0.0185	0.0131	0.1320	0.0000	0.0000	0.0000	3.7594	3.1073	5.0819	4.6278	4.6924	4.0662	3.2113	1.4027	5.2216
122	134	0.2790	7	1	1	0	1	0	0	0	0	N	N	N	N	N	N	N	N	N	N	N	N	0.0007	0.0007	0.0010	0.0005	0.0004	0.0031	0.0009	0.0018	0.0008	0.0000	0.0000	0.0000	0.0000	0.0000	0.0001	0.0000	0.0000	0.0000	0.0284	0.0246	0.0363	0.0430	0.0431	0.0418	0.0210	0.0090	0.0357	0.3286	0.7166	-0.0000	-0.0005	7.5400	2.0077	21.4192	6.0321	0.0000	0.0000	0.0000	0.0000	0.0000	0.0000	0.0000	0.0000	0.0000	0.0114	0.0066	0.0047	0.0058	0.0053	0.0005	0.0055	0.0013	0.0042	0.1359	0.1186	0.0173	0.0406	0.0389	0.0017	0.0953	0.0797	0.0156	0.3998	0.2690	0.1308	0.1360	0.1232	0.0128	0.2637	0.1458	0.1179	0.0007	0.0007	0.0010	0.0005	0.0004	0.0031	0.0009	0.0018	0.0008	0.0284	0.0246	0.0363	0.0430	0.0431	0.0418	0.0210	0.0090	0.0357
122	135	0.2742	7	0	1	0	1	0	0	0	0	N	N	N	N	N	N	N	N	N	N	N	N	0.0023	0.0014	0.0375	0.0024	0.0021	0.0870	0.0075	0.0001	0.0319	0.0009	0.0007	0.0015	0.0023	0.0022	0.0036	0.0002	0.0000	0.0013	0.3763	0.5327	0.0413	0.9544	1.0477	0.0414	0.0293	0.0194	0.0412	0.3013	0.0361	-0.0000	-0.1117	7.5400	3.0348	21.4192	9.3583	0.0002	0.0001	0.0000	0.0001	0.0001	0.0000	0.0000	0.0000	0.0000	0.2637	0.2545	0.0092	0.2509	0.2499	0.0010	0.0128	0.0046	0.0082	0.2072	0.1809	0.0264	0.0641	0.0614	0.0027	0.1432	0.1194	0.0237	0.7008	0.4778	0.2230	0.2629	0.2385	0.0244	0.4380	0.2393	0.1987	0.0023	0.0014	0.0375	0.0024	0.0021	0.0870	0.0075	0.0001	0.0319	0.3763	0.5327	0.0413	0.9544	1.0477	0.0414	0.0293	0.0194	0.0412
122	136	0.2599	6	0	0	0	1	0	0	0	0	N	N	N	N	N	N	N	N	N	N	N	N	0.0042	0.0056	0.0054	0.0076	0.0068	0.1801	0.0029	0.0504	0.0060	0.0188	0.0127	0.0572	0.0330	0.0325	0.0452	0.0117	0.0009	0.0583	4.4441	2.2588	10.6150	4.3307	4.7950	0.2511	3.9829	0.0171	9.7638	0.7170	1.7217	-0.0000	0.2502	7.5400	0.0433	21.4192	6.6805	0.0001	0.0000	0.0000	0.0000	0.0000	0.0000	0.0000	0.0000	0.0000	1.4362	0.5277	0.9085	0.5287	0.5256	0.0031	0.9075	0.0021	0.9054	0.0034	0.0030	0.0005	0.0011	0.0011	0.0000	0.0023	0.0019	0.0004	0.3499	0.2336	0.1163	0.1221	0.1096	0.0125	0.2279	0.1240	0.1038	0.0046	0.0056	0.0073	0.0076	0.0068	0.1801	0.0029	0.0504	0.0067	4.1042	2.2588	7.8107	4.3307	4.7950	0.2511	3.9829	0.0171	8.7190
122	137	0.4933	10	0	1	0	1	0	0	0	0	N	N	N	N	N	N	N	N	N	N	N	N	0.0000	0.0000	0.0000	0.0000	0.0000	0.0000	0.0000	0.0000	0.0000	0.0000	0.0000	0.0000	0.0000	0.0000	0.0000	0.0000	0.0000	0.0000	0.0000	0.0000	7.5400	0.0000	21.4192	0.0000	0.0000	0.0000	0.0000	0.0000	0.0000	0.0000	0.0000	0.0000	0.0000	0.0000	0.0000	0.0000	0.0000	0.0000	0.0000	0.0000	0.0000	0.0000	0.0000	0.0000	0.0000	0.0000	0.0000	0.0000	0.0000	0.0000	0.0000	0.0000	0.0000	0.0000	0.0000	0.0000	0.0000	0.0000	0.0000	0.0000	0.0000	0.0000	0.0000	0.0000	0.0000	0.0000	0.0000	0.0000	0.0000	0.0000	0.0000	0.0000	0.0000	0.0000	0.0000	0.0000	0.0000	0.0000											
122	138	0.4882	9	0	1	0	1	0	0	0	0	N	N	N	N	N	N	N	N	N	N	N	N	0.0000	0.0000	0.0000	0.0000	0.0000	0.0000	0.0000	0.0000	0.0000	0.0000	0.0000	0.0000	0.0000	0.0000	0.0000	0.0000	0.0007	0.0004	0.0015	0.0006	0.0007	0.0000	0.0009	0.0000	0.0020	1.6143	0.0000	0.0000	7.5400	0.0021	21.4192	2.0000	0.0000	0.0000	0.0000	0.0000	0.0000	0.0000	0.0000	0.0000	0.0000	0.0001	0.0000	0.0000	0.0000	0.0000	0.0000	0.0000	0.0000	0.0000	0.0003	0.0003	0.0000	0.0002	0.0002	0.0000	0.0001	0.0001	0.0000	0.1051	0.0738	0.0313	0.0526	0.0453	0.0073	0.0525	0.0285	0.0240	0.0000	0.0000	0.0000	0.0000	0.0000	0.0000	0.0000	0.0000	0.0000	0.0007	0.0004	0.0015	0.0006	0.0007	0.0000	0.0009	0.0000	0.0020			
122	139	0.4780	8	0	0	0	1	0	0	0	0	N	N	N	N	N	N	N	N	N	N	N	N	0.0000	0.0000	0.0000	0.0000	0.0000	0.0003	0.0000	0.0000	0.0000	0.0000	0.0000	0.0000	0.0000	0.0000	0.0000	0.0000	0.0000	0.0000	0.7474	0.3131	1.7546	0.4454	0.5169	0.0040	1.0397	0.0000	2.2703	inf	2.4164	0.0000	0.0397	7.5400	1.0020	21.4192	3.0181	0.0000	0.0000	0.0000	0.0000	0.0000	0.0000	0.0000	0.0000	0.0000	0.1595	0.0467	0.1128	0.0467	0.0467	0.0001	0.1127	0.0000	0.1127	0.0623	0.0542	0.0081	0.0189	0.0178	0.0012	0.0434	0.0365	0.0069	0.2134	0.1491	0.0643	0.1049	0.0903	0.0146	0.1084	0.0588	0.0497	0.0000	0.0000	0.0000	0.0000	0.0000	0.0003	0.0000	0.0000	0.0000	0.7474	0.3131	1.7546	0.4454	0.5169	0.0040	1.0397	0.0000	2.2703
122	140	0.4637	8	0	1	0	0	0	0	0	0	N	N	N	N	N	N	N	N	N	N	N	N	0.0000	0.0000	0.0000	0.0000	0.0000	0.0000	0.0000	0.0000	0.0000	0.0000	0.0000	0.0000	0.0000	0.0000	0.0000	0.0000	0.0000	0.0000	0.0049	0.0065	0.0011	0.0089	0.0105	0.0001	0.0007	0.0000	0.0015	0.0757	0.0000	-0.0004	7.5400	0.0000	21.4192	4.0001	0.0000	0.0000	0.0000	0.0000	0.0000	0.0000	0.0000	0.0000	0.0000	0.0010	0.0010	0.0001	0.0010	0.0010	0.0000	0.0001	0.0000	0.0001	0.0000	0.0000	0.0000	0.0000	0.0000	0.0000	0.0000	0.0000	0.0000	0.2097	0.1464	0.0633	0.1066	0.0906	0.0160	0.1031	0.0558	0.0473	0.0000	0.0000	0.0000	0.0000	0.0000	0.0000	0.0000	0.0000	0.0000	0.0049	0.0065	0.0011	0.0089	0.0105	0.0001	0.0007	0.0000	0.0015	
122	141	0.2745	6	0	1	0	0	0	0	0	0	N	N	N	N	N	N	N	N	N	N	N	N	0.0443	0.0423	0.0275	0.0519	0.0594	0.0004	0.0403	0.0338	0.0453	0.0003	0.0003	0.0001	0.0005	0.0006	0.0000	0.0002	0.0002	0.0001	0.0065	0.0074	0.0048	0.0103	0.0094	0.0192	0.0046	0.0057	0.0032	0.0612	0.3112	-0.0000	-0.0004	7.5400	1.0003	21.4192	5.0186	0.0000	0.0000	0.0000	0.0000	0.0000	0.0000	0.0000	0.0000	0.0000	0.0020	0.0015	0.0005	0.0011	0.0009	0.0002	0.0009	0.0006	0.0003	0.0679	0.0592	0.0086	0.0203	0.0194	0.0009	0.0476	0.0398	0.0078	0.3060	0.2062	0.0998	0.1045	0.0947	0.0097	0.2015	0.1115	0.0900	0.0443	0.0423	0.0275	0.0519	0.0594	0.0004	0.0403	0.0338	0.0453	0.0065	0.0074	0.0048	0.0103	0.0094	0.0192	0.0046	0.0057	0.0032
122	142	0.4780	8	0	0	1	1	0	0	0	0	N	N	N	N	N	N	N	N	N	N	N	N	0.0002	0.0000	0.0168	0.0002	0.0000	0.1808	0.0002	0.0000	0.0126	0.0006	0.0000	0.0035	0.0002	0.0000	0.0086	0.0009	0.0000	0.0033	2.4442	3.4048	0.2108	0.7226	0.8319	0.0473	4.1021	7.3266	0.2589	inf	0.0266	0.0000	-0.4933	7.5400	0.0001	21.4192	9.0026	0.0000	0.0000	0.0000	0.0000	0.0000	0.0000	0.0000	0.0000	0.0000	1.1408	1.1112	0.0296	0.1655	0.1639	0.0015	0.9753	0.9472	0.0281	0.0000	0.0000	0.0000	0.0000	0.0000	0.0000	0.0000	0.0000	0.0000	0.4667	0.3264	0.1404	0.2290	0.1971	0.0319	0.2378	0.1293	0.1085	0.0002	0.0000	0.0168	0.0002	0.0000	0.1808	0.0002	0.0000	0.0126	2.4442	3.4048	0.2108	0.7226	0.8319	0.0473	4.1021	7.3266	0.2589
122	143	0.2599	6	0	0	1	1	0	0	0	0	N	N	N	N	N	N	N	N	N	N	N	N	8.9438	0.0007	35.4556	0.0034	0.0008	0.3509	12.2978	0.0022	35.7994	7.3435	0.0003	58.2101	0.0026	0.0006	0.0454	10.5538	0.0001	64.9432	0.8211	0.4115	1.6418	0.7504	0.8185	0.1294	0.8582	0.0577	1.8141	28323.4311	1.9908	0.5515	0.0866	7.5400	2.0061	21.4192	8.0425	0.9868	0.0000	0.9868	0.0001	0.0000	0.0001	0.9867	0.0000	0.9867	0.4177	0.1397	0.2780	0.1314	0.1292	0.0022	0.2863	0.0105	0.2758	0.1344	0.1174	0.0170	0.0409	0.0391	0.0018	0.0935	0.0783	0.0152	0.5087	0.3394	0.1694	0.1752	0.1578	0.0173	0.3336	0.1815	0.1520	8.9438	0.0007	35.4556	0.0034	0.0008	0.3509	12.2978	0.0022	35.7994	0.8211	0.4115	1.6418	0.7504	0.8185	0.1294	0.8582	0.0577	1.8141
122	144	0.2508	5	0	0	0	1	0	0	0	0	N	N	N	N	N	N	N	N	N	N	N	N	15.6947	9.4013	67.3666	15.5712	14.5747	0.3487	27.0415	0.0765	72.1328	1.3652	0.9037	4.4193	2.5378	2.6387	0.0206	0.8400	0.0004	4.8587	0.0870	0.0961	0.0656	0.1630	0.1810	0.0590	0.0311	0.0058	0.0674	0.7390	0.2917	-0.0031	-0.0062	7.5400	1.9550	21.4192	2.1189	0.1941	0.1116	0.0825	0.1116	0.1116	0.0000	0.0825	0.0000	0.0825	0.0267	0.0207	0.0060	0.0212	0.0201	0.0011	0.0055	0.0006	0.0049	0.1422	0.1235	0.0187	0.0440	0.0423	0.0017	0.0982	0.0812	0.0170	0.3069	0.2150	0.0919	0.1301	0.1109	0.0193	0.1768	0.1042	0.0726	15.6947	9.4013	67.3666	15.5712	14.5747	0.3487	27.0415	0.0765	72.1328	0.0870	0.0961	0.0656	0.1630	0.1810	0.0590	0.0311	0.0058	0.0674
122	145	0.2508	5	0	0	1	1	0	0	0	0	N	N	N	N	N	N	N	N	N	N	N	N	0.0079	0.0357	0.0112	0.0709	0.0667	0.1336	0.0045	0.0093	0.0107	0.0060	0.0033	0.0240	0.0084	0.0086	0.0043	0.0049	0.0006	0.0260	0.7581	0.0924	2.1519	0.1188	0.1289	0.0318	1.1005	0.0611	2.4219	1.0964	11.1218	0.0001	0.3791	7.5400	2.1261	21.4192	18.6477	0.0009	0.0004	0.0005	0.0004	0.0004	0.0000	0.0005	0.0001	0.0005	0.8257	0.0681	0.7576	0.0451	0.0438	0.0013	0.7806	0.0243	0.7563	0.1536	0.1335	0.0201	0.0473	0.0455	0.0018	0.1063	0.0880	0.0183	1.0891	0.7371	0.3520	0.3798	0.3401	0.0398	0.7093	0.3970	0.3123	0.0079	0.0357	0.0112	0.0709	0.0667	0.1336	0.0045	0.0093	0.0107	0.7581	0.0924	2.1519	0.1188	0.1289	0.0318	1.1005	0.0611	2.4219
122	146	0.4780	8	0	0	1	1	0	0	0	0	N	N	N	N	N	N	N	N	N	N	N	N	2.7425	2.9868	0.1182	0.3630	0.3363	0.0026	7.2512	859.5265	0.1097	0.0491	0.0561	0.0019	0.0098	0.0104	0.0000	0.0662	0.0783	0.0022	0.0179	0.0188	0.0158	0.0270	0.0310	0.0020	0.0091	0.0001	0.0199	0.0050	0.3626	-0.0027	-0.0014	7.5400	2.0001	21.4192	5.9880	0.0061	0.0060	0.0000	0.0004	0.0004	0.0000	0.0057	0.0057	0.0000	0.0074	0.0055	0.0020	0.0055	0.0055	0.0001	0.0019	0.0000	0.0019	0.1238	0.1078	0.0160	0.0376	0.0353	0.0023	0.0862	0.0725	0.0137	0.4159	0.2908	0.1251	0.2041	0.1757	0.0284	0.2118	0.1151	0.0967	2.7425	2.9868	0.1182	0.3630	0.3363	0.0026	7.2512	859.5265	0.1097	0.0179	0.0188	0.0158	0.0270	0.0310	0.0020	0.0091	0.0001	0.0199
122	147	0.4780	8	0	0	1	1	0	0	0	0	N	N	N	N	N	N	N	N	N	N	N	N	0.8566	0.5102	3.2155	0.9903	1.0152	0.0584	1.0876	0.0001	3.9176	1.5989	0.9535	5.9849	2.7462	2.9161	0.1255	1.0990	0.0000	6.9709	1.8666	1.8688	1.8613	2.7730	2.8726	2.1466	1.0104	0.3774	1.7794	0.9237	0.4244	0.0338	-0.4554	7.5400	9.0001	21.4192	23.0169	0.8659	0.4501	0.4158	0.4514	0.4501	0.0013	0.4145	0.0000	0.4145	2.8394	1.9933	0.8461	2.0489	1.8314	0.2175	0.7905	0.1619	0.6285	0.5416	0.4721	0.0695	0.1644	0.1544	0.0100	0.3772	0.3177	0.0595	1.5212	1.0666	0.4546	0.7389	0.6375	0.1013	0.7823	0.4291	0.3532	0.8566	0.5102	3.2155	0.9903	1.0152	0.0584	1.0876	0.0001	3.9176	1.8666	1.8688	1.8613	2.7730	2.8726	2.1466	1.0104	0.3774	1.7794
122	148	0.4527	7	0	0	0	1	0	0	0	0	N	N	N	N	N	N	N	N	N	N	N	N	0.0647	0.0008	0.5890	0.0047	0.0012	0.0457	0.5657	0.0086	1.8004	0.0026	0.0000	0.0197	0.0003	0.0001	0.0043	0.0036	0.0000	0.0223	0.0399	0.0427	0.0335	0.0716	0.0675	0.0944	0.0063	0.0011	0.0124	89.1088	0.3383	0.0002	-0.0046	7.5400	1.9990	21.4192	7.9526	0.0003	0.0000	0.0003	0.0000	0.0000	0.0000	0.0003	0.0000	0.0003	0.0222	0.0166	0.0056	0.0205	0.0164	0.0041	0.0017	0.0002	0.0015	0.1243	0.1082	0.0161	0.0382	0.0359	0.0023	0.0862	0.0724	0.0138	0.5566	0.3889	0.1677	0.2867	0.2436	0.0431	0.2699	0.1453	0.1245	0.0647	0.0008	0.5890	0.0047	0.0012	0.0457	0.5657	0.0086	1.8004	0.0399	0.0427	0.0335	0.0716	0.0675	0.0944	0.0063	0.0011	0.0124
122	149	0.4208	6	1	1	0	0	0	0	0	0	N	N	N	N	N	N	N	N	N	N	N	N	0.9970	0.8492	0.7983	1.0690	0.9487	10.8991	3.6545	7.7620	0.2106	1.4851	1.6737	0.2414	2.8767	2.9462	1.5066	0.8397	0.9968	0.0751	1.4895	1.9708	0.3024	2.6909	3.1054	0.1382	0.2298	0.1284	0.3564	0.0219	0.0622	-0.2353	-0.7728	7.5400	5.3497	21.4192	17.2225	0.5607	0.5487	0.0120	0.3441	0.3354	0.0087	0.2166	0.2133	0.0033	1.9329	1.8197	0.1132	1.7874	1.7745	0.0128	0.1456	0.0452	0.1004	0.3776	0.3278	0.0497	0.1196	0.1138	0.0058	0.2579	0.2140	0.0439	1.2977	0.9233	0.3744	0.6642	0.5714	0.0928	0.6335	0.3519	0.2816	0.9970	0.8492	0.7983	1.0690	0.9487	10.8991	3.6545	7.7620	0.2106	1.4895	1.9708	0.3024	2.6909	3.1054	0.1382	0.2298	0.1284	0.3564
122	150	0.4516	7	0	1	0	0	0	0	0	0	N	N	N	N	N	N	N	N	N	N	N	N	0.0869	0.0850	0.1039	0.1744	0.2387	0.0638	0.0223	0.0006	0.3733	0.0272	0.0262	0.0337	0.0615	0.0619	0.0538	0.0058	0.0002	0.0307	0.3128	0.3081	0.3248	0.3525	0.2591	0.8434	0.2626	0.3999	0.0822	0.1939	0.4099	-0.0025	-0.0803	7.5400	3.6794	21.4192	17.4287	0.0090	0.0075	0.0015	0.0078	0.0075	0.0003	0.0012	0.0000	0.0011	0.4791	0.3398	0.1393	0.3015	0.1862	0.1153	0.1776	0.1536	0.0240	0.3298	0.2866	0.0432	0.1265	0.1208	0.0057	0.2033	0.1658	0.0374	1.5316	1.1028	0.4289	0.8554	0.7187	0.1367	0.6762	0.3840	0.2922	0.0869	0.0850	0.1039	0.1744	0.2387	0.0638	0.0223	0.0006	0.3733	0.3128	0.3081	0.3248	0.3525	0.2591	0.8434	0.2626	0.3999	0.0822
122	151	0.4208	6	0	1	0	0	0	0	0	0	N	N	N	N	N	N	N	N	N	N	N	N	0.1048	0.0636	0.4211	0.1466	0.1783	0.0747	0.0860	0.0110	1.2103	0.0414	0.0268	0.1369	0.0631	0.0629	0.0689	0.0305	0.0059	0.1453	0.3945	0.4215	0.3251	0.4305	0.3526	0.9215	0.3548	0.5381	0.1200	0.7781	0.3007	-0.0000	-0.0789	7.5400	3.4464	21.4192	10.1316	0.0109	0.0061	0.0048	0.0055	0.0053	0.0003	0.0054	0.0009	0.0045	0.3472	0.2669	0.0803	0.1986	0.1404	0.0582	0.1486	0.1265	0.0221	0.2641	0.2292	0.0349	0.0878	0.0840	0.0038	0.1763	0.1452	0.0311	0.8802	0.6333	0.2469	0.4613	0.3982	0.0632	0.4188	0.2351	0.1837	0.1048	0.0636	0.4211	0.1466	0.1783	0.0747	0.0860	0.0110	1.2103	0.3945	0.4215	0.3251	0.4305	0.3526	0.9215	0.3548	0.5381	0.1200
122	152	0.2813	8	1	1	0	0	0	0	0	0	N	N	N	N	N	N	N	N	N	N	N	N	0.0002	0.0001	0.0018	0.0001	0.0001	0.0038	0.0002	0.0000	0.0018	0.0003	0.0002	0.0012	0.0006	0.0006	0.0003	0.0002	0.0000	0.0013	1.9378	2.5625	0.6470	3.8437	4.2366	0.0706	0.9516	1.1461	0.7100	0.8912	0.1222	0.0000	-0.4308	7.5400	1.0143	21.4192	12.0086	0.0000	0.0000	0.0000	0.0000	0.0000	0.0000	0.0000	0.0000	0.0000	1.2327	1.0985	0.1342	0.8338	0.8324	0.0014	0.3989	0.2662	0.1328	0.0697	0.0608	0.0089	0.0211	0.0202	0.0009	0.0486	0.0405	0.0080	0.6362	0.4287	0.2075	0.2169	0.1965	0.0205	0.4192	0.2322	0.1870	0.0002	0.0001	0.0018	0.0001	0.0001	0.0038	0.0002	0.0000	0.0018	1.9378	2.5625	0.6470	3.8437	4.2366	0.0706	0.9516	1.1461	0.7100
122	153	0.2790	7	1	1	0	0	0	0	0	0	N	N	N	N	N	N	N	N	N	N	N	N	0.2228	0.2183	0.3329	0.4397	0.4638	0.0004	0.0880	0.0025	0.3767	0.0019	0.0017	0.0035	0.0049	0.0051	0.0000	0.0006	0.0000	0.0038	0.0086	0.0077	0.0104	0.0111	0.0110	0.0122	0.0073	0.0049	0.0102	0.2992	0.6488	-0.0000	-0.0000	7.5400	0.9811	21.4192	0.0216	0.0001	0.0001	0.0000	0.0001	0.0001	0.0000	0.0000	0.0000	0.0000	0.0004	0.0003	0.0002	0.0002	0.0002	0.0000	0.0002	0.0001	0.0002	0.0669	0.0584	0.0086	0.0201	0.0192	0.0008	0.0469	0.0392	0.0077	0.0518	0.0349	0.0169	0.0177	0.0161	0.0017	0.0340	0.0188	0.0152	0.2228	0.2183	0.3329	0.4397	0.4638	0.0004	0.0880	0.0025	0.3767	0.0086	0.0077	0.0104	0.0111	0.0110	0.0122	0.0073	0.0049	0.0102
122	154	0.2745	6	1	1	0	0	0	0	0	0	N	N	N	N	N	N	N	N	N	N	N	N	2.1374	1.8730	2.9496	0.9484	1.4079	0.0213	2.7192	1.8354	6.7406	0.0164	0.0166	0.0155	0.0070	0.0074	0.0006	0.0213	0.0220	0.0178	0.0077	0.0088	0.0052	0.0074	0.0052	0.0286	0.0078	0.0120	0.0026	0.1395	0.2824	-0.0000	-0.0002	7.5400	0.0083	21.4192	2.0001	0.0000	0.0000	0.0000	0.0000	0.0000	0.0000	0.0000	0.0000	0.0000	0.0008	0.0006	0.0002	0.0003	0.0002	0.0001	0.0005	0.0005	0.0001	0.0006	0.0006	0.0001	0.0002	0.0002	0.0000	0.0004	0.0003	0.0001	0.1069	0.0724	0.0345	0.0372	0.0337	0.0034	0.0697	0.0387	0.0310	2.1374	1.8730	2.9496	0.9484	1.4079	0.0213	2.7192	1.8354	6.7406	0.0077	0.0088	0.0052	0.0074	0.0052	0.0286	0.0078	0.0120	0.0026
122	155	0.2508	5	0	1	0	0	0	0	0	0	N	N	N	N	N	N	N	N	N	N	N	N	0.1869	0.1763	0.0340	0.0088	0.0160	0.0002	0.2515	0.1720	0.5866	0.1727	0.1959	0.0177	0.0074	0.0076	0.0006	0.2450	0.2910	0.0195	0.9242	1.1109	0.5206	0.8394	0.4776	3.5013	0.9743	1.6917	0.0332	0.0135	0.2168	-0.0152	-0.1583	7.5400	2.9180	21.4192	7.4065	0.0356	0.0351	0.0005	0.0005	0.0005	0.0000	0.0352	0.0347	0.0005	0.5649	0.4642	0.1006	0.1906	0.0955	0.0951	0.3742	0.3687	0.0055	0.2062	0.1794	0.0268	0.0627	0.0603	0.0025	0.1435	0.1192	0.0243	0.6112	0.4179	0.1933	0.2271	0.1999	0.0272	0.3841	0.2180	0.1661	0.1869	0.1763	0.0340	0.0088	0.0160	0.0002	0.2515	0.1720	0.5866	0.9242	1.1109	0.5206	0.8394	0.4776	3.5013	0.9743	1.6917	0.0332
122	156	0.1850	4	0	0	0	0	0	0	0	0	N	N	N	N	N	N	N	N	N	N	N	N	0.5340	0.8147	0.0107	0.5719	0.6091	0.1979	0.4872	1.7967	0.0072	0.4607	0.5801	0.0123	0.5433	0.6146	0.0219	0.3916	0.5446	0.0089	0.8627	0.7120	1.1428	0.9499	1.0092	0.1107	0.8037	0.3031	1.2277	0.0056	0.8630	-0.2499	0.0100	7.5400	8.2479	21.4192	19.7214	0.5737	0.5705	0.0032	0.3081	0.3066	0.0015	0.2657	0.2639	0.0017	2.0611	1.1063	0.9547	0.9152	0.9082	0.0070	1.1459	0.1982	0.9477	1.2455	0.9835	0.2620	0.5671	0.4988	0.0682	0.6784	0.4847	0.1937	2.3892	1.5538	0.8354	0.9634	0.8999	0.0635	1.4258	0.6539	0.7719	0.5340	0.8147	0.0107	0.5719	0.6091	0.1979	0.4872	1.7967	0.0072	0.8627	0.7120	1.1428	0.9499	1.0092	0.1107	0.8037	0.3031	1.2277
122	157	0.1488	3	0	0	0	0	0	0	0	0	N	N	N	N	N	N	N	N	N	N	N	N	0.6714	0.6742	0.6246	1.3338	1.3570	0.6459	0.4247	0.2950	0.6253	0.6179	0.6419	0.5413	0.8683	0.8945	0.3340	0.4740	0.4293	0.5572	0.9203	0.9521	0.8666	0.6510	0.6592	0.5172	1.1161	1.4551	0.8911	0.2647	0.5398	-0.1265	-0.2584	7.5400	7.4725	21.4192	14.3153	0.5455	0.4314	0.1142	0.2797	0.2747	0.0050	0.2658	0.1566	0.1092	2.3967	1.5565	0.8402	0.7139	0.6811	0.0328	1.6828	0.8754	0.8074	0.8829	0.6720	0.2110	0.3222	0.3071	0.0151	0.5608	0.3649	0.1959	2.6043	1.6348	0.9695	1.0966	1.0332	0.0634	1.5077	0.6016	0.9061	0.6714	0.6742	0.6246	1.3338	1.3570	0.6459	0.4247	0.2950	0.6253	0.9203	0.9521	0.8666	0.6510	0.6592	0.5172	1.1161	1.4551	0.8911
122	158	0.0833	2	0	0	0	0	0	0	0	0	N	N	N	N	N	N	N	N	N	N	N	N	0.6420	0.5617	0.8430	0.6958	0.7381	0.2016	0.5694	0.2397	0.9418	0.4454	0.4127	0.5315	0.7012	0.7599	0.1117	0.2651	0.0381	0.5976	0.6937	0.7347	0.6305	1.0077	1.0295	0.5542	0.4655	0.1589	0.6345	0.4895	0.5551	-0.0894	-0.3072	7.5400	11.6653	21.4192	19.4910	0.7947	0.5335	0.2612	0.5173	0.5098	0.0075	0.2774	0.0237	0.2537	3.0293	1.9480	1.0813	1.8522	1.8053	0.0469	1.1771	0.1427	1.0344	1.7842	1.2929	0.4914	0.7378	0.6710	0.0668	1.0464	0.6219	0.4245	4.3665	2.6516	1.7150	1.8381	1.7535	0.0846	2.5284	0.8981	1.6304	0.6420	0.5617	0.8430	0.6958	0.7381	0.2016	0.5694	0.2397	0.9418	0.6937	0.7347	0.6305	1.0077	1.0295	0.5542	0.4655	0.1589	0.6345
122	161	0.4713	10	1	1	0	0	0	0	0	0	N	N	N	N	N	N	N	N	N	N	N	N	0.0000	0.0000	0.0000	0.0000	0.0000	0.0000	0.0000	0.0000	0.0000	0.0000	0.0000	0.0000	0.0000	0.0000	0.0000	0.0000	0.0000	0.0000	0.0077	0.0102	0.0018	0.0122	0.0138	0.0033	0.0030	0.0044	0.0012	0.0744	0.0000	-0.0005	7.5400	0.0002	21.4192	3.0099	0.0000	0.0000	0.0000	0.0000	0.0000	0.0000	0.0000	0.0000	0.0000	0.0012	0.0012	0.0001	0.0010	0.0010	0.0000	0.0002	0.0002	0.0000	0.0000	0.0000	0.0000	0.0000	0.0000	0.0000	0.0000	0.0000	0.0000	0.1621	0.1135	0.0485	0.0829	0.0703	0.0126	0.0791	0.0432	0.0359	0.0000	0.0000	0.0000	0.0000	0.0000	0.0000	0.0000	0.0000	0.0000	0.0077	0.0102	0.0018	0.0122	0.0138	0.0033	0.0030	0.0044	0.0012	
122	162	0.4637	9	1	1	0	0	0	0	0	0	N	N	N	N	N	N	N	N	N	N	N	N	0.0000	0.0000	0.0000	0.0000	0.0000	0.0000	0.0000	0.0000	0.0000	0.0000	0.0000	0.0000	0.0000	0.0000	0.0000	0.0000	0.0000	0.0000	0.0007	0.0009	0.0003	0.0011	0.0013	0.0002	0.0003	0.0003	0.0003	0.1304	0.0000	-0.0000	7.5400	0.9998	21.4192	2.0118	0.0000	0.0000	0.0000	0.0000	0.0000	0.0000	0.0000	0.0000	0.0000	0.0001	0.0001	0.0000	0.0001	0.0001	0.0000	0.0000	0.0000	0.0000	0.0621	0.0541	0.0080	0.0190	0.0178	0.0012	0.0431	0.0362	0.0069	0.1585	0.1107	0.0479	0.0806	0.0685	0.0121	0.0779	0.0422	0.0358	0.0000	0.0000	0.0000	0.0000	0.0000	0.0000	0.0000	0.0000	0.0000	0.0007	0.0009	0.0003	0.0011	0.0013	0.0002	0.0003	0.0003	0.0003	
122	163	0.4637	8	1	1	0	0	0	0	0	0	N	N	N	N	N	N	N	N	N	N	N	N	0.0000	0.0000	0.0000	0.0000	0.0000	0.0000	0.0000	0.0000	0.0000	0.0000	0.0000	0.0000	0.0000	0.0000	0.0000	0.0000	0.0000	0.0000	0.1689	0.1482	0.2471	0.2379	0.2176	0.4475	0.0941	0.0435	0.1912	0.4437	0.0000	-0.0000	7.5400	0.0000	21.4192	0.0003	0.0000	0.0000	0.0000	0.0000	0.0000	0.0000	0.0000	0.0000	0.0000	0.0000	0.0000	0.0000	0.0000	0.0000	0.0000	0.0000	0.0000	0.0000	0.0000	0.0000	0.0000	0.0000	0.0000	0.0000	0.0000	0.0000	0.0000	0.0000	0.0000	0.0000	0.0000	0.0000	0.0000	0.0000	0.0000	0.0000	0.0000	0.0000	0.0000	0.0000	0.0000	0.0000	0.0000	0.0000	0.0000	0.1689	0.1482	0.2471	0.2379	0.2176	0.4475	0.0941	0.0435	0.1912	
122	164	0.4527	7	0	1	0	0	0	0	0	0	N	N	N	N	N	N	N	N	N	N	N	N	0.4467	0.0059	226.9945	0.0078	0.0067	0.3132	3.7939	0.0083	301.6459	0.2287	0.0043	1.3753	0.0068	0.0069	0.0029	0.3973	0.0016	1.4476	0.5119	0.7298	0.0061	0.8726	1.0310	0.0094	0.1047	0.1919	0.0048	62.9195	0.0036	0.0001	-0.0644	7.5400	0.0063	21.4192	4.3641	0.0002	0.0000	0.0002	0.0000	0.0000	0.0000	0.0002	0.0000	0.0002	0.1416	0.1411	0.0005	0.1280	0.1278	0.0002	0.0136	0.0133	0.0003	0.0011	0.0009	0.0002	0.0005	0.0004	0.0000	0.0006	0.0004	0.0002	0.2766	0.1933	0.0833	0.1467	0.1239	0.0227	0.1299	0.0694	0.0605	0.4467	0.0059	226.9945	0.0078	0.0067	0.3132	3.7939	0.0083	301.6459	0.5119	0.7298	0.0061	0.8726	1.0310	0.0094	0.1047	0.1919	0.0048
122	165	0.4208	6	0	0	0	0	0	0	0	0	N	N	N	N	N	N	N	N	N	N	N	N	3.8843	0.0125	233.1198	0.0199	0.0181	0.0201	83.7631	0.0948	288.0466	4.2205	0.0182	31.7464	0.0398	0.0413	0.0035	6.4390	0.0039	35.4324	1.0866	1.4543	0.1362	1.9955	2.2830	0.1742	0.0769	0.0410	0.1230	265.7542	0.0362	0.4880	-0.3820	7.5400	2.5207	21.4192	10.0226	0.8791	0.0033	0.8758	0.0029	0.0029	0.0000	0.8762	0.0004	0.8757	0.9022	0.8706	0.0315	0.8720	0.8616	0.0104	0.0302	0.0091	0.0212	0.2083	0.1807	0.0276	0.0722	0.0693	0.0029	0.1361	0.1114	0.0247	0.8303	0.5987	0.2316	0.4370	0.3774	0.0596	0.3933	0.2213	0.1720	3.8843	0.0125	233.1198	0.0199	0.0181	0.0201	83.7631	0.0948	288.0466	1.0866	1.4543	0.1362	1.9955	2.2830	0.1742	0.0769	0.0410	0.1230
122	166	0.4052	5	0	0	0	0	0	0	0	0	N	N	N	N	N	N	N	N	N	N	N	N	0.0610	0.1054	0.0982	0.0991	0.1674	0.0004	0.0386	0.0242	0.1067	0.1157	0.0669	0.5080	0.1302	0.1353	0.0016	0.1046	0.0062	0.5962	1.8980	0.6352	5.1725	1.3136	0.8079	4.2355	2.7084	0.2575	5.5894	0.9436	3.1402	0.0012	0.4034	7.5400	2.6894	21.4192	4.6619	0.0279	0.0143	0.0135	0.0136	0.0136	0.0000	0.0142	0.0007	0.0135	1.3443	0.3247	1.0196	0.5405	0.2834	0.2571	0.8038	0.0413	0.7625	0.2409	0.2143	0.0266	0.1048	0.1008	0.0040	0.1362	0.1135	0.0227	0.7082	0.5111	0.1971	0.4115	0.3508	0.0607	0.2968	0.1604	0.1364	0.0610	0.1054	0.0982	0.0991	0.1674	0.0004	0.0386	0.0242	0.1067	1.8980	0.6352	5.1725	1.3136	0.8079	4.2355	2.7084	0.2575	5.5894
122	167	0.3668	4	0	0	0	0	0	0	0	0	N	N	N	N	N	N	N	N	N	N	N	N	0.3912	0.3390	0.0372	0.0067	0.0065	0.0009	0.4739	0.3144	0.0441	0.5544	0.6370	0.0150	0.0084	0.0089	0.0005	0.7481	0.8881	0.0168	1.4170	1.8790	0.4036	1.2619	1.3712	0.4946	1.5788	2.8245	0.3804	0.0036	0.0979	-0.0402	-0.4066	7.5400	2.7966	21.4192	8.5340	0.0919	0.0915	0.0003	0.0004	0.0004	0.0000	0.0915	0.0912	0.0003	1.1012	1.0030	0.0982	0.5006	0.4761	0.0245	0.6006	0.5269	0.0737	0.1657	0.1437	0.0220	0.0434	0.0411	0.0024	0.1223	0.1027	0.0197	0.7771	0.5338	0.2433	0.3967	0.3473	0.0494	0.3804	0.1865	0.1939	0.3912	0.3390	0.0372	0.0067	0.0065	0.0009	0.4739	0.3144	0.0441	1.4170	1.8790	0.4036	1.2619	1.3712	0.4946	1.5788	2.8245	0.3804
123	126	0.1675	5	0	2	0	0	0	0	0	0	N	Y	N	N	N	N	N	N	N	N	N	N	1.1776	0.7357	0.0000	0.0235	0.0205	0.0000	1.4149	0.8983	0.0000	6.8939	8.1549	0.0000	0.0938	0.0997	0.0000	7.7116	9.2478	0.0000	5.8543	11.0846	0.0008	3.9951	4.8643	0.0052	5.4503	10.2943	0.0000	0.0000	0.0001	-0.4348	-1.8240	4.0019	5.0407	19.5615	17.1705	0.9856	0.9856	0.0000	0.0014	0.0014	0.0000	0.9841	0.9841	0.0000	3.9799	3.9797	0.0002	0.9939	0.9937	0.0002	2.9860	2.9860	0.0000	0.1430	0.1209	0.0221	0.0153	0.0144	0.0009	0.1276	0.1064	0.0212	0.7966	0.4943	0.3023	0.2488	0.2043	0.0445	0.5479	0.2901	0.2578	1.3799	1.0130	0.0000	0.0235	0.0205	0.0000	1.4149	0.8983	0.0000	4.9958	8.0504	0.0008	3.9951	4.8643	0.0052	5.4503	10.2943	0.0000
123	127	0.1516	4	0	2	0	0	0	0	0	0	N	Y	N	N	N	N	N	N	N	N	N	N	5.1313	4.2774	5.8226	8.7720	9.0781	0.1965	5.5418	3.6244	27.9884	0.4283	0.4814	0.1359	1.1783	1.2334	0.0245	0.3005	0.3337	0.1410	0.0835	0.1125	0.0233	0.1343	0.1359	0.1246	0.0542	0.0921	0.0050	0.0513	0.1004	-0.0103	-0.0130	4.0019	1.9703	19.5615	6.2034	0.0261	0.0249	0.0013	0.0105	0.0105	0.0000	0.0157	0.0144	0.0013	0.0354	0.0322	0.0032	0.0208	0.0182	0.0026	0.0146	0.0140	0.0006	0.0610	0.0516	0.0094	0.0089	0.0085	0.0004	0.0522	0.0432	0.0090	0.4241	0.2858	0.1383	0.1548	0.1336	0.0212	0.2693	0.1522	0.1171	5.1313	4.2774	5.8226	8.7720	9.0781	0.1965	5.5418	3.6244	27.9884	0.0835	0.1125	0.0233	0.1343	0.1359	0.1246	0.0542	0.0921	0.0050
123	128	0.1304	3	0	1	0	0	0	0	0	0	N	N	N	N	N	N	N	N	N	N	N	N	0.5508	0.2986	114.8523	0.0000	0.0000	0.0000	147.1716	78.2661	858.3196	0.3715	0.3220	0.6417	0.0000	0.0000	0.0000	0.3907	0.3405	0.6559	0.6745	1.0786	0.0056	2.1834	2.5938	0.0375	0.0027	0.0044	0.0008	0.3652	0.0031	-0.0018	-0.1221	4.0019	1.1032	19.5615	7.8190	0.0106	0.0078	0.0028	0.0000	0.0000	0.0000	0.0106	0.0078	0.0028	0.2682	0.2673	0.0008	0.2674	0.2667	0.0007	0.0007	0.0006	0.0001	0.0285	0.0241	0.0044	0.0014	0.0013	0.0001	0.0271	0.0228	0.0043	0.3976	0.2479	0.1497	0.1225	0.1028	0.0197	0.2751	0.1450	0.1300	0.5508	0.2986	114.8523	0.0000	0.0000	0.0000	147.1716	78.2661	858.3196	0.6745	1.0786	0.0056	2.1834	2.5938	0.0375	0.0027	0.0044	0.0008
123	129	0.4734	7	0	2	0	0	0	0	0	0	N	Y	N	N	N	N	N	N	N	N	N	N	0.0000	0.0000	0.0000	0.0000	0.0000	0.0000	0.0000	0.0000	0.0000	0.0000	0.0000	0.0000	0.0000	0.0000	0.0000	0.0000	0.0000	0.0000	0.0000	0.0000	0.0000	0.0000	0.0000	0.0000	inf	0.0000	0.0000	4.0019	1.0033	19.5615	0.8635	0.0000	0.0000	0.0000	0.0000	0.0000	0.0000	0.0000	0.0000	0.0000	0.0000	0.0000	0.0000	0.0000	0.0000	0.0000	0.0000	0.0000	0.0000	0.0876	0.0795	0.0080	0.0488	0.0464	0.0025	0.0387	0.0332	0.0056	0.4189	0.3265	0.0924	0.2344	0.2175	0.0169	0.1845	0.1090	0.0755	0.0000	0.0000	0.0000	0.0000	0.0000	0.0000	0.0000	0.0000	0.0000	0.0000	0.0000	0.0000	0.0000	0.0000	0.0000	0.0000	0.0000	0.0000				
123	130	0.4441	6	0	1	0	0	0	0	0	0	N	N	N	N	N	N	N	N	N	N	N	N	0.0065	0.0055	0.0134	0.0142	0.0112	0.0485	0.0000	0.0000	0.0000	0.0002	0.0001	0.0004	0.0004	0.0003	0.0024	0.0000	0.0000	0.0000	0.0238	0.0220	0.0290	0.0315	0.0289	0.0490	0.0140	0.0085	0.0213	0.4654	0.4713	-0.0000	-0.0034	4.0019	5.5514	19.5615	9.9598	0.0000	0.0000	0.0000	0.0000	0.0000	0.0000	0.0000	0.0000	0.0000	0.0243	0.0165	0.0078	0.0180	0.0143	0.0036	0.0063	0.0022	0.0041	0.2040	0.1783	0.0257	0.0705	0.0662	0.0042	0.1335	0.1120	0.0215	1.0202	0.7513	0.2688	0.5707	0.4962	0.0745	0.4494	0.2551	0.1943	0.0065	0.0055	0.0134	0.0142	0.0112	0.0485	0.0000	0.0000	0.0000	0.0238	0.0220	0.0290	0.0315	0.0289	0.0490	0.0140	0.0085	0.0213
123	131	0.4138	5	0	1	0	0	0	0	0	0	N	N	N	N	N	N	N	N	N	N	N	N	0.4965	0.3985	1.2400	1.0534	1.0440	0.0337	0.2366	0.0011	1.9089	0.1085	0.1036	0.1425	0.3312	0.3504	0.0065	0.0248	0.0001	0.1612	0.2185	0.2600	0.1149	0.3144	0.3357	0.1924	0.1046	0.1211	0.0845	0.1989	0.1768	-0.0088	-0.0747	4.0019	9.1969	19.5615	13.4651	0.0320	0.0267	0.0053	0.0267	0.0266	0.0000	0.0053	0.0000	0.0053	0.2424	0.2060	0.0364	0.1893	0.1721	0.0172	0.0530	0.0338	0.0192	0.2946	0.2574	0.0372	0.0805	0.0760	0.0045	0.2141	0.1814	0.0327	1.1090	0.7922	0.3168	0.6022	0.5128	0.0894	0.5068	0.2793	0.2274	0.4965	0.3985	1.2400	1.0534	1.0440	0.0337	0.2366	0.0011	1.9089	0.2185	0.2600	0.1149	0.3144	0.3357	0.1924	0.1046	0.1211	0.0845
123	132	0.2273	7	1	2	0	1	0	0	0	0	N	Y	N	N	N	N	N	N	N	N	N	N	0.0000	0.0000	0.0000	0.0000	0.0000	0.0000	0.0000	0.0000	0.0000	0.0000	0.0000	0.0000	0.0000	0.0008	0.0000	0.0019	0.0000	0.0000	0.0000	0.0010	0.0000	0.0021	inf	0.0000	0.0001	4.0019	1.0000	19.5615	3.0001	0.0000	0.0000	0.0000	0.0000	0.0000	0.0000	0.0000	0.0000	0.0000	0.0001	0.0000	0.0001	0.0000	0.0000	0.0000	0.0001	0.0000	0.0001	0.0272	0.0231	0.0041	0.0022	0.0020	0.0002	0.0250	0.0211	0.0040	0.1279	0.0762	0.0517	0.0302	0.0255	0.0047	0.0977	0.0507	0.0470	0.0000	0.0000	0.0000	0.0000	0.0000	0.0000	0.0000	0.0000	0.0000	0.0008	0.0000	0.0019	0.0000	0.0000	0.0000	0.0010	0.0000	0.0021						
123	133	0.6262	11	1	2	0	1	0	0	0	0	N	Y	N	N	N	N	N	N	N	N	N	N	0.0000	0.0000	0.0000	0.0000	0.0000	0.0000	0.0000	0.0000	0.0000	0.0000	0.0000	0.0000	0.0000	0.0000	0.0000	0.0000	0.0000	0.0000	0.0000	0.0000	4.0019	0.0006	19.5615	1.9797	0.0000	0.0000	0.0000	0.0000	0.0000	0.0000	0.0000	0.0000	0.0000	0.0000	0.0000	0.0000	0.0000	0.0000	0.0000	0.0000	0.0000	0.0000	0.0000	0.0000	0.0000	0.0000	0.0000	0.0000	0.0000	0.0000	0.0000	0.0543	0.0371	0.0171	0.0318	0.0255	0.0063	0.0225	0.0116	0.0109	0.0000	0.0000	0.0000	0.0000	0.0000	0.0000	0.0000	0.0000	0.0000	0.0000	0.0000	0.0000	0.0000	0.0000	0.0000	0.0000	0.0000	0.0000											
123	134	0.6095	10	1	2	0	1	0	0	0	0	N	Y	N	N	N	N	N	N	N	N	N	N	0.0000	0.0000	0.0000	0.0000	0.0000	0.0000	0.0000	0.0000	0.0000	0.0000	0.0000	0.0000	0.0000	0.0000	0.0000	0.0000	0.0000	0.0000	0.0000	0.0000	0.0000	0.0000	inf	0.0000	0.0000	4.0019	2.0077	19.5615	6.0321	0.0000	0.0000	0.0000	0.0000	0.0000	0.0000	0.0000	0.0000	0.0000	0.0000	0.0000	0.0000	0.0000	0.0000	0.0000	0.0000	0.0000	0.0000	0.0530	0.0460	0.0070	0.0158	0.0146	0.0012	0.0372	0.0313	0.0058	0.1994	0.1343	0.0651	0.1154	0.0909	0.0245	0.0840	0.0434	0.0406	0.0000	0.0000	0.0000	0.0000	0.0000	0.0000	0.0000	0.0000	0.0000	0.0000	0.0000	0.0000	0.0000	0.0000	0.0000	0.0000	0.0000	0.0000						
123	135	0.6047	10	0	2	0	1	0	0	0	0	N	Y	N	N	N	N	N	N	N	N	N	N	0.0000	0.0000	0.0000	0.0000	0.0000	0.0000	0.0000	0.0000	0.0000	0.0000	0.0000	0.0000	0.0000	0.0000	0.0000	0.0000	0.0000	0.0000	6.9993	11.9893	0.0006	21.2566	26.2184	0.0016	0.0064	0.0127	0.0000	0.0000	0.0000	-0.8997	4.0019	3.0348	19.5615	9.3583	0.0000	0.0000	0.0000	0.0000	0.0000	0.0000	0.0000	0.0000	0.0000	1.9630	1.9629	0.0001	1.9621	1.9620	0.0001	0.0009	0.0009	0.0000	0.0814	0.0702	0.0112	0.0230	0.0213	0.0017	0.0584	0.0489	0.0095	0.3460	0.2333	0.1127	0.2046	0.1617	0.0429	0.1413	0.0715	0.0698	0.0000	0.0000	0.0000	0.0000	0.0000	0.0000	0.0000	0.0000	0.0000	5.6739	8.4142	0.0006	9.5876	12.1299	0.0016	0.0064	0.0127	0.0000	
123	136	0.5904	9	0	1	0	1	0	0	0	0	N	N	N	N	N	N	N	N	N	N	N	N	0.0000	0.0000	0.0000	0.0000	0.0000	0.0000	0.0000	0.0000	0.0000	0.0000	0.0000	0.0000	0.0000	0.0000	0.0000	0.0000	0.0000	0.0000	0.2251	0.3287	0.0147	0.3914	0.4900	0.0382	0.0003	0.0003	0.0003	0.0220	0.0000	-0.0172	4.0019	0.0433	19.5615	6.6805	0.0000	0.0000	0.0000	0.0000	0.0000	0.0000	0.0000	0.0000	0.0000	0.0393	0.0384	0.0008	0.0393	0.0384	0.0008	0.0000	0.0000	0.0000	0.0014	0.0012	0.0002	0.0004	0.0004	0.0000	0.0009	0.0008	0.0002	0.1745	0.1169	0.0576	0.1003	0.0784	0.0219	0.0742	0.0385	0.0357	0.0000	0.0000	0.0000	0.0000	0.0000	0.0000	0.0000	0.0000	0.0000	0.2251	0.3287	0.0147	0.3914	0.4900	0.0382	0.0003	0.0003	0.0003	
123	137	0.2569	9	0	2	0	1	0	0	0	0	N	Y	N	N	N	N	N	N	N	N	N	N	0.0000	0.0000	0.0000	0.0000	0.0000	0.0000	0.0000	0.0000	0.0000	0.0000	0.0000	0.0000	0.0000	0.0000	0.0000	0.0000	0.0000	0.0000	0.0000	0.0000	4.0019	0.0000	19.5615	0.0000	0.0000	0.0000	0.0000	0.0000	0.0000	0.0000	0.0000	0.0000	0.0000	0.0000	0.0000	0.0000	0.0000	0.0000	0.0000	0.0000	0.0000	0.0000	0.0000	0.0000	0.0000	0.0000	0.0000	0.0000	0.0000	0.0000	0.0000	0.0000	0.0000	0.0000	0.0000	0.0000	0.0000	0.0000	0.0000	0.0000	0.0000	0.0000	0.0000	0.0000	0.0000	0.0000	0.0000	0.0000	0.0000	0.0000	0.0000	0.0000	0.0000	0.0000	0.0000	0.0000	0.0000	0.0000											
123	138	0.2519	8	0	2	0	1	0	0	0	0	N	Y	N	N	N	N	N	N	N	N	N	N	0.0000	0.0000	0.0000	0.0000	0.0000	0.0000	0.0000	0.0000	0.0000	0.0000	0.0000	0.0000	0.0000	0.0000	0.0000	0.0000	0.0000	0.0000	0.0000	0.0000	0.0000	0.0000	0.0000	0.0000	-0.0000	4.0019	0.0021	19.5615	2.0000	0.0000	0.0000	0.0000	0.0000	0.0000	0.0000	0.0000	0.0000	0.0000	0.0000	0.0000	0.0000	0.0000	0.0000	0.0000	0.0000	0.0000	0.0000	0.0002	0.0001	0.0000	0.0001	0.0001	0.0000	0.0001	0.0000	0.0000	0.0632	0.0383	0.0249	0.0167	0.0142	0.0025	0.0465	0.0241	0.0224	0.0000	0.0000	0.0000	0.0000	0.0000	0.0000	0.0000	0.0000	0.0000	0.0000	0.0000	0.0000	0.0000	0.0000	0.0000	0.0000	0.0000	0.0000						
123	139	0.2416	7	0	1	0	1	0	0	0	0	N	N	N	N	N	N	N	N	N	N	N	N	0.0000	0.0000	0.0000	0.0000	0.0000	0.0000	0.0000	0.0000	0.0000	0.0000	0.0000	0.0000	0.0000	0.0006	0.0010	0.0000	0.0024	0.0029	0.0000	0.0000	0.0000	0.0000	0.0000	0.0000	-0.0000	4.0019	1.0020	19.5615	3.0181	0.0000	0.0000	0.0000	0.0000	0.0000	0.0000	0.0000	0.0000	0.0000	0.0001	0.0001	0.0000	0.0001	0.0001	0.0000	0.0000	0.0000	0.0000	0.0273	0.0231	0.0041	0.0023	0.0021	0.0002	0.0250	0.0211	0.0040	0.1283	0.0771	0.0512	0.0328	0.0277	0.0050	0.0955	0.0493	0.0462	0.0000	0.0000	0.0000	0.0000	0.0000	0.0000	0.0000	0.0000	0.0000	0.0006	0.0010	0.0000	0.0024	0.0029	0.0000	0.0000	0.0000	0.0000						
123	140	0.2273	7	0	2	0	0	0	0	0	0	N	Y	N	N	N	N	N	N	N	N	N	N	0.0000	0.0000	0.0000	0.0000	0.0000	0.0000	0.0000	0.0000	0.0000	0.0000	0.0000	0.0000	0.0000	0.0008	0.0000	0.0019	0.0000	0.0000	0.0000	0.0010	0.0000	0.0021	inf	0.0000	0.0001	4.0019	0.0000	19.5615	4.0001	0.0000	0.0000	0.0000	0.0000	0.0000	0.0000	0.0000	0.0000	0.0000	0.0001	0.0000	0.0001	0.0000	0.0000	0.0000	0.0001	0.0000	0.0001	0.0000	0.0000	0.0000	0.0000	0.0000	0.0000	0.0000	0.0000	0.0000	0.1279	0.0762	0.0517	0.0302	0.0255	0.0047	0.0977	0.0507	0.0470	0.0000	0.0000	0.0000	0.0000	0.0000	0.0000	0.0000	0.0000	0.0000	0.0008	0.0000	0.0019	0.0000	0.0000	0.0000	0.0010	0.0000	0.0021						
123	141	0.6049	9	0	2	0	0	0	0	0	0	N	Y	N	N	N	N	N	N	N	N	N	N	0.0000	0.0000	0.0000	0.0000	0.0000	0.0000	0.0000	0.0000	0.0000	0.0000	0.0000	0.0000	0.0000	0.0000	0.0000	0.0000	0.0000	0.0000	0.0014	0.0020	0.0002	0.0001	0.0000	0.0005	0.0031	0.0060	0.0000	0.0493	0.0000	-0.0001	4.0019	1.0003	19.5615	5.0186	0.0000	0.0000	0.0000	0.0000	0.0000	0.0000	0.0000	0.0000	0.0000	0.0002	0.0002	0.0000	0.0000	0.0000	0.0000	0.0002	0.0002	0.0000	0.0264	0.0229	0.0035	0.0079	0.0073	0.0006	0.0185	0.0156	0.0029	0.1521	0.1026	0.0496	0.0881	0.0695	0.0186	0.0641	0.0331	0.0310	0.0000	0.0000	0.0000	0.0000	0.0000	0.0000	0.0000	0.0000	0.0000	0.0014	0.0020	0.0002	0.0001	0.0000	0.0005	0.0031	0.0060	0.0000	
123	142	0.2416	7	0	1	1	1	0	0	0	0	N	N	N	N	N	N	N	N	N	N	N	N	0.0000	0.0000	0.0000	0.0000	0.0000	0.0000	0.0000	0.0000	0.0000	0.0000	0.0000	0.0000	0.0000	0.0000	0.0000	0.0000	0.0000	0.0000	0.0000	0.0000	0.0000	0.0000	inf	0.0000	0.0000	4.0019	0.0001	19.5615	9.0026	0.0000	0.0000	0.0000	0.0000	0.0000	0.0000	0.0000	0.0000	0.0000	0.0000	0.0000	0.0000	0.0000	0.0000	0.0000	0.0000	0.0000	0.0000	0.0000	0.0000	0.0000	0.0000	0.0000	0.0000	0.0000	0.0000	0.0000	0.2810	0.1688	0.1122	0.0714	0.0604	0.0110	0.2096	0.1084	0.1012	0.0000	0.0000	0.0000	0.0000	0.0000	0.0000	0.0000	0.0000	0.0000	0.0000	0.0000	0.0000	0.0000	0.0000	0.0000	0.0000	0.0000	0.0000						
123	143	0.5904	9	0	1	1	1	0	0	0	0	N	N	N	N	N	N	N	N	N	N	N	N	0.0000	0.0000	0.0000	0.0000	0.0000	0.0000	0.0000	0.0000	0.0000	0.0000	0.0000	0.0000	0.0000	0.0000	0.0000	0.0000	0.0000	0.0000	11.2463	18.2416	0.0095	39.1400	53.9430	0.0246	0.0002	0.0002	0.0002	0.0004	0.0000	-0.9163	4.0019	2.0061	19.5615	8.0425	0.0000	0.0000	0.0000	0.0000	0.0000	0.0000	0.0000	0.0000	0.0000	2.0008	2.0000	0.0008	2.0008	2.0000	0.0008	0.0000	0.0000	0.0000	0.0526	0.0454	0.0072	0.0146	0.0135	0.0011	0.0380	0.0320	0.0061	0.2554	0.1708	0.0845	0.1465	0.1144	0.0321	0.1088	0.0564	0.0524	0.0000	0.0000	0.0000	0.0000	0.0000	0.0000	0.0000	0.0000	0.0000	7.8349	11.7080	0.0095	13.6533	17.4814	0.0246	0.0002	0.0002	0.0002	
123	144	0.5813	8	0	1	0	1	0	0	0	0	N	N	N	N	N	N	N	N	N	N	N	N	0.0000	0.0000	0.0000	0.0000	0.0000	0.0000	0.0000	0.0000	0.0000	0.0000	0.0000	0.0000	0.0000	0.0000	0.0000	0.0000	0.0000	0.0000	1.0890	1.5022	0.0235	0.0233	0.0137	0.0786	2.3710	4.2218	0.0012	0.0061	0.0000	-0.0810	4.0019	1.9550	19.5615	2.1189	0.0000	0.0000	0.0000	0.0000	0.0000	0.0000	0.0000	0.0000	0.0000	0.1790	0.1779	0.0011	0.0021	0.0011	0.0010	0.1769	0.1769	0.0000	0.0551	0.0475	0.0076	0.0182	0.0165	0.0017	0.0369	0.0310	0.0059	0.1644	0.1185	0.0459	0.0898	0.0766	0.0132	0.0746	0.0419	0.0327	0.0000	0.0000	0.0000	0.0000	0.0000	0.0000	0.0000	0.0000	0.0000	1.0890	1.5022	0.0235	0.0233	0.0137	0.0786	2.3710	4.2218	0.0012	
123	145	0.5813	8	0	1	1	1	0	0	0	0	N	N	N	N	N	N	N	N	N	N	N	N	0.0000	0.0000	0.0000	0.0000	0.0000	0.0000	0.0000	0.0000	0.0000	0.0000	0.0000	0.0000	0.0000	0.0000	0.0000	0.0000	0.0000	0.0000	3.8923	6.5143	0.0001	11.2077	14.3223	0.0002	0.0002	0.0003	0.0000	0.0000	0.0000	-0.9697	4.0019	2.1261	19.5615	18.6477	0.0000	0.0000	0.0000	0.0000	0.0000	0.0000	0.0000	0.0000	0.0000	2.1156	2.1156	0.0000	2.1156	2.1156	0.0000	0.0000	0.0000	0.0000	0.0595	0.0513	0.0082	0.0195	0.0177	0.0018	0.0400	0.0336	0.0064	0.5530	0.3764	0.1766	0.3065	0.2462	0.0603	0.2464	0.1302	0.1163	0.0000	0.0000	0.0000	0.0000	0.0000	0.0000	0.0000	0.0000	0.0000	3.8259	5.6210	0.0001	6.9015	8.5929	0.0002	0.0002	0.0003	0.0000	
123	146	0.2416	7	0	1	1	1	0	0	0	0	N	N	N	N	N	N	N	N	N	N	N	N	0.0000	0.0000	0.0000	0.0000	0.0000	0.0000	0.0000	0.0000	0.0000	0.0000	0.0000	0.0000	0.0000	0.0000	0.0000	4.2277	8.0638	0.0000	0.0000	0.0000	0.0000	5.3553	10.3584	0.0000	0.0000	0.0000	-0.4584	4.0019	2.0001	19.5615	5.9880	0.0000	0.0000	0.0000	0.0000	0.0000	0.0000	0.0000	0.0000	0.0000	1.0000	1.0000	0.0000	0.0000	0.0000	0.0000	1.0000	1.0000	0.0000	0.0542	0.0460	0.0082	0.0045	0.0041	0.0003	0.0497	0.0418	0.0079	0.2504	0.1504	0.1000	0.0637	0.0539	0.0098	0.1867	0.0965	0.0902	0.0000	0.0000	0.0000	0.0000	0.0000	0.0000	0.0000	0.0000	0.0000	3.9932	6.6472	0.0000	0.0000	0.0000	0.0000	5.3553	10.3584	0.0000				
123	147	0.2416	7	0	1	1	1	0	0	0	0	N	N	N	N	N	N	N	N	N	N	N	N	1.2816	0.0000	182778909.9391	0.0000	0.0000	1.5736	0.0000	172237872.0019	4.2358	0.0000	28.2740	0.0000	0.0000	0.0000	4.6164	0.0000	29.4821	3.3051	6.1417	0.0000	4.4261	5.2335	0.0000	2.9336	5.6402	0.0000	inf	0.0000	0.5589	-1.3751	4.0019	9.0001	19.5615	23.0169	1.0000	0.0000	1.0000	0.0000	0.0000	0.0000	1.0000	0.0000	1.0000	3.0000	3.0000	0.0000	1.0000	1.0000	0.0000	2.0000	2.0000	0.0000	0.2361	0.2007	0.0354	0.0195	0.0180	0.0014	0.2166	0.1827	0.0339	0.9077	0.5457	0.3620	0.2259	0.1911	0.0349	0.6818	0.3546	0.3272	1.2816	0.0000	182778909.9391	0.0000	0.0000	0.0000	1.5736	0.0000	172237872.0019	3.3051	5.4978	0.0000	4.4261	5.2335	0.0000	2.9336	5.6402	0.0000	
123	148	0.2163	6	0	1	0	1	0	0	0	0	N	N	N	N	N	N	N	N	N	N	N	N	0.0026	0.0000	0.0138	0.0000	0.0000	0.0000	0.0126	0.0384	0.0000	0.0000	0.0000	0.0000	0.0000	0.0000	0.0000	0.0000	0.0000	0.0004	0.0003	0.0005	0.0013	0.0009	0.0037	0.0001	0.0000	0.0002	inf	0.9910	0.0000	0.0000	4.0019	1.9990	19.5615	7.9526	0.0000	0.0000	0.0000	0.0000	0.0000	0.0000	0.0000	0.0000	0.0000	0.0001	0.0001	0.0001	0.0001	0.0001	0.0000	0.0000	0.0000	0.0000	0.0544	0.0461	0.0083	0.0044	0.0041	0.0003	0.0500	0.0420	0.0080	0.3349	0.2017	0.1332	0.0848	0.0727	0.0121	0.2501	0.1290	0.1211	0.0026	0.0000	0.0138	0.0000	0.0000	0.0000	0.0126	0.0000	0.0384	0.0004	0.0003	0.0005	0.0013	0.0009	0.0037	0.0001	0.0000	0.0002	
123	149	0.1844	5	1	2	0	0	0	0	0	0	N	Y	N	N	N	N	N	N	N	N	N	N	0.0002	0.0000	5.0649	0.0000	0.0000	0.0103	2.7889	0.0000	8.9017	0.0003	0.0000	0.0022	0.0000	0.0000	0.0000	0.0004	0.0000	0.0022	1.2949	2.0946	0.0004	5.7554	6.8018	0.0022	0.0001	0.0000	0.0003	inf	0.0001	0.0000	-0.4584	4.0019	5.3497	19.5615	17.2225	0.0001	0.0000	0.0001	0.0000	0.0000	0.0000	0.0001	0.0000	0.0001	1.0002	1.0001	0.0001	1.0002	1.0001	0.0001	0.0001	0.0000	0.0001	0.1701	0.1451	0.0251	0.0254	0.0246	0.0009	0.1447	0.1205	0.0242	0.7724	0.4775	0.2950	0.1947	0.1682	0.0265	0.5777	0.3093	0.2684	0.0002	0.0000	5.0649	0.0000	0.0000	0.0103	2.7889	0.0000	8.9017	1.2949	2.0946	0.0004	5.1367	5.9463	0.0022	0.0001	0.0000	0.0003
123	150	0.2152	6	0	2	0	0	0	0	0	0	N	Y	N	N	N	N	N	N	N	N	N	N	0.1695	0.9153	0.0479	0.4550	1.3199	0.0001	0.0242	0.0669	0.0050	0.0052	0.0035	0.0171	0.0177	0.0000	0.0006	0.0000	0.0037	0.0292	0.0057	0.0725	0.0376	0.0134	0.2346	0.0255	0.0000	0.0554	0.1011	6.9800	-0.0003	0.0101	4.0019	3.6794	19.5615	17.4287	0.0008	0.0007	0.0001	0.0007	0.0007	0.0000	0.0001	0.0000	0.0001	0.0243	0.0030	0.0212	0.0096	0.0030	0.0066	0.0147	0.0000	0.0147	0.1578	0.1372	0.0207	0.0415	0.0402	0.0013	0.1163	0.0969	0.0194	0.8299	0.5373	0.2925	0.2551	0.2272	0.0279	0.5748	0.3102	0.2646	0.1695	0.9153	0.0479	0.4550	1.3199	0.0001	0.0242	0.0000	0.0669	0.0292	0.0057	0.0725	0.0376	0.0134	0.2346	0.0255	0.0000	0.0554	
123	151	0.1844	5	0	2	0	0	0	0	0	0	N	Y	N	N	N	N	N	N	N	N	N	N	0.0036	0.2733	0.0009	0.0614	0.0566	0.0044	0.0030	1.1930	0.0008	0.0069	0.0073	0.0046	0.0032	0.0033	0.0000	0.0077	0.0083	0.0048	1.8983	0.0266	5.1384	0.0526	0.0585	0.0076	2.5943	0.0070	5.6280	0.1093	111.4533	-0.0003	0.5311	4.0019	3.4464	19.5615	10.1316	0.0008	0.0007	0.0001	0.0001	0.0001	0.0000	0.0008	0.0007	0.0001	0.9970	0.0089	0.9881	0.0076	0.0074	0.0001	0.9894	0.0014	0.9880	0.1207	0.1030	0.0177	0.0216	0.0211	0.0006	0.0991	0.0819	0.0172	0.5252	0.3329	0.1923	0.1438	0.1271	0.0168	0.3814	0.2058	0.1755	0.0036	0.2733	0.0009	0.0614	0.0566	0.0044	0.0030	1.1930	0.0008	1.8983	0.0266	5.1384	0.0526	0.0585	0.0076	2.5943	0.0070	5.6280
123	152	0.6117	11	1	2	0	0	0	0	0	0	N	Y	N	N	N	N	N	N	N	N	N	N	0.0000	0.0000	0.0000	0.0000	0.0000	0.0000	0.0000	0.0000	0.0000	0.0000	0.0000	0.0000	0.0000	0.0003	0.0004	0.0000	0.0004	0.0006	0.0000	0.0000	0.0000	0.0000	0.0000	0.0000	-0.0000	4.0019	1.0143	19.5615	12.0086	0.0000	0.0000	0.0000	0.0000	0.0000	0.0000	0.0000	0.0000	0.0000	0.0001	0.0001	0.0000	0.0001	0.0001	0.0000	0.0000	0.0000	0.0000	0.0273	0.0237	0.0036	0.0083	0.0077	0.0006	0.0190	0.0160	0.0030	0.3164	0.2130	0.1034	0.1821	0.1434	0.0387	0.1343	0.0696	0.0647	0.0000	0.0000	0.0000	0.0000	0.0000	0.0000	0.0000	0.0000	0.0000	0.0003	0.0004	0.0000	0.0004	0.0006	0.0000	0.0000	0.0000	0.0000						
123	153	0.6095	10	1	2	0	0	0	0	0	0	N	Y	N	N	N	N	N	N	N	N	N	N	0.0000	0.0000	0.0000	0.0000	0.0000	0.0000	0.0000	0.0000	0.0000	0.0000	0.0000	0.0000	0.0000	0.0000	0.0000	0.0000	0.0000	0.0000	0.0000	0.0000	0.0000	0.0000	0.0000	0.0000	0.0000	0.0713	0.0000	-0.0000	4.0019	0.9811	19.5615	0.0216	0.0000	0.0000	0.0000	0.0000	0.0000	0.0000	0.0000	0.0000	0.0000	0.0000	0.0000	0.0000	0.0000	0.0000	0.0000	0.0000	0.0000	0.0000	0.0261	0.0226	0.0035	0.0078	0.0072	0.0006	0.0183	0.0154	0.0029	0.0259	0.0175	0.0084	0.0150	0.0119	0.0032	0.0108	0.0056	0.0053	0.0000	0.0000	0.0000	0.0000	0.0000	0.0000	0.0000	0.0000	0.0000	0.0000	0.0000	0.0000	0.0000	0.0000	0.0000	0.0000	0.0000	0.0000			
123	154	0.6049	9	1	2	0	0	0	0	0	0	N	Y	N	N	N	N	N	N	N	N	N	N	0.0000	0.0000	0.0000	0.0000	0.0000	0.0000	0.0000	0.0000	0.0000	0.0000	0.0000	0.0000	0.0000	0.0000	0.0000	0.0000	0.0000	0.0000	0.0040	0.0057	0.0006	0.0004	0.0001	0.0016	0.0090	0.0175	0.0000	0.0493	0.0000	-0.0001	4.0019	0.0083	19.5615	2.0001	0.0000	0.0000	0.0000	0.0000	0.0000	0.0000	0.0000	0.0000	0.0000	0.0002	0.0002	0.0000	0.0000	0.0000	0.0000	0.0002	0.0002	0.0000	0.0003	0.0002	0.0000	0.0001	0.0001	0.0000	0.0002	0.0001	0.0000	0.0529	0.0357	0.0171	0.0306	0.0243	0.0063	0.0223	0.0115	0.0108	0.0000	0.0000	0.0000	0.0000	0.0000	0.0000	0.0000	0.0000	0.0000	0.0040	0.0057	0.0006	0.0004	0.0001	0.0016	0.0090	0.0175	0.0000	
123	155	0.5813	8	0	2	0	0	0	0	0	0	N	Y	N	N	N	N	N	N	N	N	N	N	0.0000	0.0000	0.0000	0.0000	0.0000	0.0000	0.0000	0.0000	0.0000	0.0000	0.0000	0.0000	0.0000	0.0000	0.0000	0.0000	0.0000	0.0000	0.5645	0.8092	0.0111	0.0081	0.0027	0.0325	1.2550	2.3304	0.0006	0.0061	0.0000	-0.0806	4.0019	2.9180	19.5615	7.4065	0.0000	0.0000	0.0000	0.0000	0.0000	0.0000	0.0000	0.0000	0.0000	0.1783	0.1772	0.0011	0.0014	0.0004	0.0010	0.1769	0.1768	0.0000	0.0800	0.0691	0.0109	0.0255	0.0232	0.0023	0.0545	0.0458	0.0087	0.3158	0.2190	0.0969	0.1749	0.1431	0.0318	0.1409	0.0759	0.0651	0.0000	0.0000	0.0000	0.0000	0.0000	0.0000	0.0000	0.0000	0.0000	0.5645	0.8092	0.0111	0.0081	0.0027	0.0325	1.2550	2.3304	0.0006	
123	156	0.5155	7	0	1	0	0	0	0	0	0	N	N	N	N	N	N	N	N	N	N	N	N	0.0001	0.0001	0.0000	0.0026	0.0027	0.0000	0.0000	0.0000	0.0000	0.0001	0.0001	0.0000	0.0001	0.0002	0.0000	0.0001	0.0001	0.0000	0.9400	1.3440	0.0307	0.0572	0.0611	0.0397	2.0778	3.9257	0.0264	0.0000	0.0102	-0.0000	-0.3829	4.0019	8.2479	19.5615	19.7214	0.0000	0.0000	0.0000	0.0000	0.0000	0.0000	0.0000	0.0000	0.0000	0.8541	0.8455	0.0086	0.0293	0.0257	0.0036	0.8248	0.8198	0.0050	0.3410	0.2976	0.0435	0.1429	0.1293	0.0136	0.1982	0.1683	0.0299	0.9086	0.6291	0.2796	0.5117	0.4202	0.0914	0.3970	0.2088	0.1881	0.0001	0.0001	0.0000	0.0026	0.0027	0.0000	0.0000	0.0000	0.0000	0.9400	1.3440	0.0307	0.0572	0.0611	0.0397	2.0778	3.9257	0.0264
123	157	0.4793	6	0	1	0	0	0	0	0	0	N	N	N	N	N	N	N	N	N	N	N	N	0.0003	0.0001	0.0298	0.0002	0.0001	0.0193	0.0055	0.0000	0.0409	0.0003	0.0001	0.0016	0.0004	0.0003	0.0015	0.0002	0.0000	0.0016	1.0945	1.5413	0.0534	1.8496	2.2430	0.0792	0.0448	0.0496	0.0393	2.3439	0.0149	0.0000	-0.4319	4.0019	7.4725	19.5615	14.3153	0.0001	0.0000	0.0000	0.0000	0.0000	0.0000	0.0000	0.0000	0.0000	0.9734	0.9591	0.0143	0.9567	0.9493	0.0074	0.0167	0.0099	0.0068	0.2385	0.2071	0.0314	0.0761	0.0696	0.0066	0.1624	0.1375	0.0249	0.8893	0.6223	0.2670	0.5173	0.4232	0.0940	0.3721	0.1991	0.1730	0.0003	0.0001	0.0298	0.0002	0.0001	0.0193	0.0055	0.0000	0.0409	1.0945	1.5413	0.0534	1.8496	2.2430	0.0792	0.0448	0.0496	0.0393
123	158	0.4138	5	0	1	0	0	0	0	0	0	N	N	N	N	N	N	N	N	N	N	N	N	0.1296	0.0009	1.5108	0.0055	0.0032	0.0533	0.2135	0.0000	1.9619	0.0156	0.0001	0.1209	0.0008	0.0005	0.0057	0.0207	0.0000	0.1363	0.1201	0.1370	0.0800	0.1401	0.1466	0.1060	0.0971	0.1200	0.0695	136.5248	0.2461	0.0030	-0.0402	4.0019	11.6653	19.5615	19.4910	0.0055	0.0000	0.0054	0.0001	0.0000	0.0000	0.0054	0.0000	0.0054	0.1541	0.1237	0.0304	0.0962	0.0846	0.0116	0.0579	0.0391	0.0188	0.3526	0.3075	0.0451	0.0911	0.0858	0.0053	0.2615	0.2217	0.0398	1.2829	0.9026	0.3803	0.6869	0.5771	0.1098	0.5961	0.3256	0.2705	0.1296	0.0009	1.5108	0.0055	0.0032	0.0533	0.2135	0.0000	1.9619	0.1201	0.1370	0.0800	0.1401	0.1466	0.1060	0.0971	0.1200	0.0695
123	159	0.3666	4	0	1	0	0	0	0	0	0	N	N	N	N	N	N	N	N	N	N	N	N	0.1858	0.1688	0.3995	0.3095	0.3610	0.0756	0.1233	0.0345	0.4228	0.0444	0.0247	0.1841	0.0553	0.0579	0.0211	0.0383	0.0041	0.2255	0.2390	0.1460	0.4608	0.1787	0.1603	0.2789	0.3105	0.1195	0.5333	1.0550	1.3223	0.0009	0.0361	4.0019	7.3933	19.5615	20.5306	0.0125	0.0061	0.0064	0.0056	0.0055	0.0001	0.0069	0.0006	0.0063	0.3250	0.1400	0.1851	0.1318	0.0999	0.0319	0.1932	0.0400	0.1531	0.2823	0.2473	0.0350	0.1016	0.0945	0.0071	0.1807	0.1529	0.0279	1.3600	0.9583	0.4016	0.7377	0.6232	0.1145	0.6222	0.3351	0.2872	0.1858	0.1688	0.3995	0.3095	0.3610	0.0756	0.1233	0.0345	0.4228	0.2390	0.1460	0.4608	0.1787	0.1603	0.2789	0.3105	0.1195	0.5333
123	160	0.1304	3	0	1	0	0	0	0	0	0	N	N	N	N	N	N	N	N	N	N	N	N	1.4748	0.9536	4.3771	0.0000	0.0000	0.0000	1.8173	1.7643	4.0969	3.1720	1.8679	10.6566	0.0000	0.0000	0.0000	3.3218	1.9642	10.9030	2.1508	1.9589	2.4346	3.4369	4.1475	0.0073	1.8279	1.1133	2.6613	0.9940	0.8405	0.1144	-0.0074	4.0019	27.6416	19.5615	54.6365	1.9930	0.9995	0.9935	0.0000	0.0000	0.0000	1.9930	0.9995	0.9935	4.3424	2.3594	1.9830	1.3927	1.3922	0.0005	2.9497	0.9672	1.9825	0.6283	0.5351	0.0932	0.0283	0.0262	0.0021	0.6000	0.5089	0.0911	2.0190	1.2045	0.8145	0.4052	0.3357	0.0695	1.6137	0.8688	0.7449	1.4748	0.9536	4.3771	0.0000	0.0000	0.0000	1.8173	1.7643	4.0969	2.1508	1.9589	2.4346	3.4369	4.1475	0.0073	1.8279	1.1133	2.6613
123	161	0.2349	9	1	2	0	0	0	0	0	0	N	Y	N	N	N	N	N	N	N	N	N	N	0.0000	0.0000	0.0000	0.0000	0.0000	0.0000	0.0000	0.0000	0.0000	0.0000	0.0000	0.0000	0.0000	0.0000	0.0000	0.0448	0.0000	0.1125	0.0050	0.0000	0.0332	0.0577	0.0000	0.1205	inf	0.0000	0.0024	4.0019	0.0002	19.5615	3.0099	0.0000	0.0000	0.0000	0.0000	0.0000	0.0000	0.0000	0.0000	0.0000	0.0044	0.0000	0.0044	0.0001	0.0000	0.0001	0.0043	0.0000	0.0043	0.0000	0.0000	0.0000	0.0000	0.0000	0.0000	0.0000	0.0000	0.0000	0.0988	0.0594	0.0394	0.0241	0.0205	0.0036	0.0747	0.0389	0.0358	0.0000	0.0000	0.0000	0.0000	0.0000	0.0000	0.0000	0.0000	0.0000	0.0448	0.0000	0.1125	0.0050	0.0000	0.0332	0.0577	0.0000	0.1205				
123	162	0.2273	8	1	2	0	0	0	0	0	0	N	Y	N	N	N	N	N	N	N	N	N	N	0.0000	0.0000	0.0000	0.0000	0.0000	0.0000	0.0000	0.0000	0.0000	0.0000	0.0000	0.0000	0.0000	0.0000	0.0000	0.0000	0.0000	0.0480	0.0768	0.0056	0.1934	0.2292	0.0000	0.0030	0.0000	0.0062	0.0495	0.0000	-0.0019	4.0019	0.9998	19.5615	2.0118	0.0000	0.0000	0.0000	0.0000	0.0000	0.0000	0.0000	0.0000	0.0000	0.0046	0.0044	0.0002	0.0044	0.0044	0.0000	0.0002	0.0000	0.0002	0.0272	0.0231	0.0041	0.0022	0.0020	0.0002	0.0250	0.0211	0.0040	0.0968	0.0577	0.0391	0.0229	0.0193	0.0036	0.0739	0.0383	0.0355	0.0000	0.0000	0.0000	0.0000	0.0000	0.0000	0.0000	0.0000	0.0000	0.0480	0.0768	0.0056	0.1934	0.2292	0.0000	0.0030	0.0000	0.0062		
123	163	0.2273	7	1	2	0	0	0	0	0	0	N	Y	N	N	N	N	N	N	N	N	N	N	0.0000	0.0000	0.0000	0.0000	0.0000	0.0000	0.0000	0.0000	0.0000	0.0000	0.0000	0.0000	0.0000	0.0000	0.0000	0.0000	14.8189	13.5868	24.1047	54.4370	51.5937	0.0000	5.2960	0.0000	20.3672	0.4545	0.0000	-0.0000	4.0019	0.0000	19.5615	0.0003	0.0000	0.0000	0.0000	0.0000	0.0000	0.0000	0.0000	0.0000	0.0000	0.0003	0.0002	0.0001	0.0002	0.0002	0.0000	0.0001	0.0000	0.0001	0.0000	0.0000	0.0000	0.0000	0.0000	0.0000	0.0000	0.0000	0.0000	0.0000	0.0000	0.0000	0.0000	0.0000	0.0000	0.0000	0.0000	0.0000	0.0000	0.0000	0.0000	0.0000	0.0000	0.0000	0.0000	0.0000	0.0000	9.9640	9.3044	11.8053	16.6231	17.1390	0.0000	5.2960	0.0000	12.3880			
123	164	0.2163	6	0	2	0	0	0	0	0	0	N	Y	N	N	N	N	N	N	N	N	N	N	0.1071	0.0000	0.6518	0.0000	0.0000	0.0000	0.9053	1.6804	0.0001	0.0000	0.0007	0.0000	0.0000	0.0000	0.0002	0.0000	0.0007	0.0011	0.0012	0.0011	0.0036	0.0030	0.0073	0.0002	0.0000	0.0004	inf	0.5786	0.0000	-0.0000	4.0019	0.0063	19.5615	4.3641	0.0000	0.0000	0.0000	0.0000	0.0000	0.0000	0.0000	0.0000	0.0000	0.0002	0.0001	0.0001	0.0002	0.0001	0.0000	0.0000	0.0000	0.0000	0.0005	0.0004	0.0001	0.0002	0.0002	0.0000	0.0003	0.0002	0.0001	0.1649	0.1008	0.0642	0.0462	0.0401	0.0061	0.1187	0.0606	0.0581	0.1071	0.0000	0.6518	0.0000	0.0000	0.0000	0.9053	0.0000	1.6804	0.0011	0.0012	0.0011	0.0036	0.0030	0.0073	0.0002	0.0000	0.0004	
123	165	0.1844	5	0	1	0	0	0	0	0	0	N	N	N	N	N	N	N	N	N	N	N	N	0.6391	0.0009	3.3558	0.0016	0.0017	0.0057	2.5986	0.0000	8.3997	0.0006	0.0000	0.0038	0.0000	0.0000	0.0000	0.0007	0.0000	0.0039	0.0009	0.0007	0.0011	0.0025	0.0017	0.0082	0.0003	0.0001	0.0005	958.0543	0.8971	0.0000	0.0000	4.0019	2.5207	19.5615	10.0226	0.0001	0.0000	0.0001	0.0000	0.0000	0.0000	0.0001	0.0000	0.0001	0.0004	0.0002	0.0002	0.0003	0.0002	0.0001	0.0001	0.0000	0.0001	0.0964	0.0823	0.0141	0.0197	0.0193	0.0004	0.0766	0.0630	0.0137	0.4955	0.3155	0.1800	0.1376	0.1221	0.0156	0.3579	0.1935	0.1644	0.6391	0.0009	3.3558	0.0016	0.0017	0.0057	2.5986	0.0000	8.3997	0.0009	0.0007	0.0011	0.0025	0.0017	0.0082	0.0003	0.0001	0.0005
123	166	0.1688	4	0	1	0	0	0	0	0	0	N	N	N	N	N	N	N	N	N	N	N	N	0.0749	0.0021	0.5643	0.0343	0.0044	0.4906	0.1255	0.0000	0.5839	0.0096	0.0003	0.0680	0.0075	0.0009	0.1416	0.0104	0.0000	0.0606	0.1285	0.1325	0.1205	0.2183	0.2114	0.2886	0.0830	0.0658	0.1038	38.8646	0.4501	0.0006	-0.0076	4.0019	2.6894	19.5615	4.6619	0.0011	0.0000	0.0011	0.0002	0.0000	0.0002	0.0009	0.0000	0.0009	0.0514	0.0354	0.0159	0.0293	0.0259	0.0035	0.0220	0.0095	0.0125	0.1173	0.1011	0.0162	0.0318	0.0303	0.0015	0.0855	0.0708	0.0147	0.3997	0.2674	0.1323	0.1344	0.1225	0.0120	0.2653	0.1449	0.1204	0.0749	0.0021	0.5643	0.0343	0.0044	0.4906	0.1255	0.0000	0.5839	0.1285	0.1325	0.1205	0.2183	0.2114	0.2886	0.0830	0.0658	0.1038
123	167	0.1304	3	0	1	0	0	0	0	0	0	N	N	N	N	N	N	N	N	N	N	N	N	0.0000	0.0000	0.0000	0.0000	0.0000	0.0000	0.0000	0.0000	0.0000	0.0000	0.0000	0.0000	0.0000	0.0000	0.0000	0.0000	0.0000	0.0000	2.1958	3.4756	0.1250	0.2441	0.1386	0.7900	2.9894	5.6264	0.0321	0.0222	0.0000	-0.4492	4.0019	2.7966	19.5615	8.5340	0.0000	0.0000	0.0000	0.0000	0.0000	0.0000	0.0000	0.0000	0.0000	1.0287	1.0064	0.0224	0.0331	0.0157	0.0173	0.9957	0.9906	0.0050	0.0712	0.0602	0.0110	0.0033	0.0031	0.0002	0.0679	0.0572	0.0107	0.4685	0.2896	0.1789	0.1354	0.1135	0.0219	0.3331	0.1761	0.1570	0.0000	0.0000	0.0000	0.0000	0.0000	0.0000	0.0000	0.0000	0.0000	2.1958	3.4756	0.1250	0.2441	0.1386	0.7900	2.9894	5.6264	0.0321	
124	126	0.1111	4	0	1	0	0	0	0	0	0	N	N	N	N	N	N	N	N	N	N	N	N	0.0030	0.0001	0.2870	0.0284	0.0355	0.0071	0.0032	0.0000	0.3399	0.0073	0.0004	0.0482	0.0009	0.0009	0.0006	0.0109	0.0000	0.0595	2.4482	3.7897	0.1678	0.0312	0.0256	0.0807	3.3921	6.3114	0.1750	22.4845	0.0260	0.0002	-0.4185	1.2223	5.0407	8.2281	17.1705	0.0005	0.0000	0.0004	0.0000	0.0000	0.0000	0.0004	0.0000	0.0004	0.9666	0.9420	0.0245	0.0035	0.0026	0.0009	0.9631	0.9395	0.0236	0.0643	0.0550	0.0093	0.0233	0.0215	0.0018	0.0410	0.0335	0.0075	0.3948	0.2486	0.1462	0.1109	0.0997	0.0112	0.2839	0.1489	0.1351	0.0030	0.0001	0.2870	0.0284	0.0355	0.0071	0.0032	0.0000	0.3399	2.4482	3.7897	0.1678	0.0312	0.0256	0.0807	3.3921	6.3114	0.1750
124	127	0.0951	3	0	1	0	0	0	0	0	0	N	N	N	N	N	N	N	N	N	N	N	N	0.8393	0.0040	19.2517	0.0090	0.0070	0.1497	2.0896	0.0001	23.5678	0.1970	0.0013	1.2588	0.0036	0.0030	0.0123	0.3158	0.0000	1.5127	0.2348	0.3196	0.0654	0.4023	0.4254	0.0821	0.1511	0.2272	0.0642	183.8652	0.1025	0.0030	-0.0179	1.2223	1.9703	8.2281	6.2034	0.0055	0.0000	0.0054	0.0000	0.0000	0.0000	0.0054	0.0000	0.0054	0.0489	0.0444	0.0045	0.0279	0.0275	0.0004	0.0210	0.0168	0.0042	0.0278	0.0234	0.0043	0.0106	0.0098	0.0007	0.0172	0.0136	0.0036	0.2083	0.1388	0.0695	0.0694	0.0647	0.0047	0.1390	0.0741	0.0648	0.8393	0.0040	19.2517	0.0090	0.0070	0.1497	2.0896	0.0001	23.5678	0.2348	0.3196	0.0654	0.4023	0.4254	0.0821	0.1511	0.2272	0.0642
124	128	0.0739	2	0	0	0	0	0	0	0	0	N	N	N	N	N	N	N	N	N	N	N	N	0.0292	0.0011	3.0007	0.0544	0.0527	0.2251	0.0246	0.0000	3.0647	0.0458	0.0028	0.2744	0.0359	0.0366	0.0218	0.0465	0.0000	0.2796	1.5662	2.5076	0.0914	0.6590	0.6939	0.0967	1.8914	3.7523	0.0912	18.2945	0.0233	0.0002	-0.1295	1.2223	1.1032	8.2281	7.8190	0.0004	0.0000	0.0004	0.0000	0.0000	0.0000	0.0004	0.0000	0.0004	0.2974	0.2906	0.0068	0.0330	0.0327	0.0003	0.2643	0.2579	0.0065	0.0092	0.0078	0.0015	0.0006	0.0006	0.0000	0.0086	0.0072	0.0014	0.1899	0.1159	0.0740	0.0501	0.0472	0.0029	0.1398	0.0687	0.0710	0.0292	0.0011	3.0007	0.0544	0.0527	0.2251	0.0246	0.0000	3.0647	1.5662	2.5076	0.0914	0.6590	0.6939	0.0967	1.8914	3.7523	0.0912
124	129	0.4170	6	0	1	0	0	0	0	0	0	N	N	N	N	N	N	N	N	N	N	N	N	0.0002	0.1063	0.0000	0.0085	0.1271	0.0000	0.0000	0.0000	0.0000	0.0000	0.0000	0.0000	0.0001	0.0001	0.0000	0.0000	0.0000	0.0000	0.1491	0.0003	0.6268	0.0070	0.0005	0.0945	0.3266	0.0000	0.7288	0.0000	571.8913	-0.0000	0.0154	1.2223	1.0033	8.2281	0.8635	0.0000	0.0000	0.0000	0.0000	0.0000	0.0000	0.0000	0.0000	0.0000	0.0286	0.0000	0.0285	0.0007	0.0000	0.0007	0.0279	0.0000	0.0279	0.0330	0.0298	0.0032	0.0184	0.0175	0.0009	0.0146	0.0123	0.0023	0.1918	0.1462	0.0455	0.1065	0.0992	0.0073	0.0853	0.0471	0.0382	0.0002	0.1063	0.0000	0.0085	0.1271	0.0000	0.0000	0.0000	0.0000	0.1491	0.0003	0.6268	0.0070	0.0005	0.0945	0.3266	0.0000	0.7288
124	130	0.3877	5	0	0	0	0	0	0	0	0	N	N	N	N	N	N	N	N	N	N	N	N	0.0043	0.3422	0.0001	0.5268	0.6990	0.0126	0.0004	0.0690	0.0001	0.0079	0.0089	0.0007	0.0176	0.0185	0.0010	0.0016	0.0017	0.0007	1.8464	0.0261	7.2440	0.0335	0.0265	0.0796	4.0820	0.0253	10.5708	0.0112	96.4696	-0.0003	0.4984	1.2223	5.5514	8.2281	9.9598	0.0007	0.0007	0.0000	0.0006	0.0006	0.0000	0.0001	0.0001	0.0000	0.9379	0.0096	0.9283	0.0094	0.0064	0.0029	0.9285	0.0032	0.9253	0.0841	0.0737	0.0104	0.0332	0.0316	0.0017	0.0509	0.0421	0.0088	0.5080	0.3689	0.1391	0.2805	0.2435	0.0370	0.2275	0.1253	0.1021	0.0043	0.3422	0.0001	0.5268	0.6990	0.0126	0.0004	0.0690	0.0001	1.8464	0.0261	6.6746	0.0335	0.0265	0.0796	4.0820	0.0253	9.0612
124	131	0.3574	4	0	0	0	0	0	0	0	0	N	N	N	N	N	N	N	N	N	N	N	N	0.1324	0.1928	0.0476	0.0809	0.0932	0.0003	0.1486	0.3317	0.0527	0.0315	0.0333	0.0188	0.0175	0.0184	0.0001	0.0390	0.0423	0.0220	0.2376	0.1726	0.3948	0.2157	0.1976	0.3287	0.2622	0.1276	0.4168	0.0812	0.9455	-0.0015	0.0036	1.2223	9.1969	8.2281	13.4651	0.0040	0.0037	0.0003	0.0008	0.0008	0.0000	0.0032	0.0029	0.0003	0.1292	0.0664	0.0628	0.0620	0.0489	0.0131	0.0672	0.0175	0.0497	0.1261	0.1102	0.0158	0.0439	0.0416	0.0023	0.0822	0.0686	0.0136	0.5435	0.3845	0.1590	0.2872	0.2475	0.0397	0.2563	0.1370	0.1193	0.1324	0.1928	0.0476	0.0809	0.0932	0.0003	0.1486	0.3317	0.0527	0.2376	0.1726	0.3948	0.2157	0.1976	0.3287	0.2622	0.1276	0.4168
124	132	0.1708	6	1	1	0	1	0	0	0	0	N	N	N	N	N	N	N	N	N	N	N	N	0.0000	0.0000	0.0000	0.0000	0.0000	0.0000	0.0000	0.0000	0.0000	0.0000	0.0000	0.0000	0.0000	0.0017	0.0028	0.0000	0.0083	0.0089	0.0000	0.0000	0.0000	0.0000	0.0000	0.0000	-0.0000	1.2223	1.0000	8.2281	3.0001	0.0000	0.0000	0.0000	0.0000	0.0000	0.0000	0.0000	0.0000	0.0000	0.0001	0.0001	0.0000	0.0001	0.0001	0.0000	0.0000	0.0000	0.0000	0.0121	0.0104	0.0017	0.0026	0.0025	0.0001	0.0095	0.0079	0.0016	0.0625	0.0376	0.0250	0.0126	0.0118	0.0008	0.0500	0.0258	0.0242	0.0000	0.0000	0.0000	0.0000	0.0000	0.0000	0.0000	0.0000	0.0000	0.0017	0.0028	0.0000	0.0083	0.0089	0.0000	0.0000	0.0000	0.0000						
124	133	0.5698	10	1	1	0	1	0	0	0	0	N	N	N	N	N	N	N	N	N	N	N	N	0.0000	0.0000	0.0000	0.0000	0.0000	0.0000	0.0000	0.0000	0.0000	0.0000	0.0000	0.0000	0.0000	0.0000	0.0000	0.0000	0.0000	0.0026	0.0006	0.0072	0.0041	0.0008	0.0197	0.0008	0.0000	0.0017	5.8715	0.0000	0.0000	1.2223	0.0006	8.2281	1.9797	0.0000	0.0000	0.0000	0.0000	0.0000	0.0000	0.0000	0.0000	0.0000	0.0001	0.0000	0.0001	0.0001	0.0000	0.0000	0.0000	0.0000	0.0000	0.0000	0.0000	0.0000	0.0000	0.0000	0.0000	0.0000	0.0000	0.0000	0.0263	0.0182	0.0081	0.0143	0.0119	0.0025	0.0119	0.0063	0.0056	0.0000	0.0000	0.0000	0.0000	0.0000	0.0000	0.0000	0.0000	0.0000	0.0026	0.0006	0.0072	0.0041	0.0008	0.0197	0.0008	0.0000	0.0017		
124	134	0.5530	9	1	1	0	1	0	0	0	0	N	N	N	N	N	N	N	N	N	N	N	N	0.0000	0.0000	0.0000	0.0000	0.0000	0.0000	0.0000	0.0000	0.0000	0.0000	0.0000	0.0000	0.0000	0.0000	0.0000	0.0000	0.0000	0.0000	0.0008	0.0011	0.0004	0.0014	0.0016	0.0001	0.0002	0.0000	0.0005	0.1630	0.0000	-0.0000	1.2223	2.0077	8.2281	6.0321	0.0000	0.0000	0.0000	0.0000	0.0000	0.0000	0.0000	0.0000	0.0000	0.0001	0.0001	0.0000	0.0001	0.0001	0.0000	0.0000	0.0000	0.0000	0.0241	0.0203	0.0038	0.0121	0.0103	0.0018	0.0120	0.0100	0.0019	0.0973	0.0664	0.0309	0.0523	0.0425	0.0097	0.0450	0.0239	0.0211	0.0000	0.0000	0.0000	0.0000	0.0000	0.0000	0.0000	0.0000	0.0000	0.0008	0.0011	0.0004	0.0014	0.0016	0.0001	0.0002	0.0000	0.0005	
124	135	0.5483	9	0	1	0	1	0	0	0	0	N	N	N	N	N	N	N	N	N	N	N	N	0.0008	0.0006	0.1054	0.0005	0.0005	1.7937	0.0000	0.0000	0.0297	0.0053	0.0064	0.0000	0.0109	0.0127	0.0000	0.0000	0.0000	0.0000	6.8734	11.4044	0.0001	23.1434	27.7528	0.0000	0.0249	0.0478	0.0002	0.0004	0.0000	-0.0001	-0.4330	1.2223	3.0348	8.2281	9.3583	0.0002	0.0002	0.0000	0.0002	0.0002	0.0000	0.0000	0.0000	0.0000	0.9446	0.9446	0.0000	0.9427	0.9427	0.0000	0.0019	0.0019	0.0000	0.0375	0.0313	0.0062	0.0183	0.0156	0.0027	0.0192	0.0157	0.0035	0.1687	0.1160	0.0526	0.0928	0.0767	0.0162	0.0759	0.0394	0.0365	0.0009	0.0008	0.1054	0.0011	0.0010	1.7937	0.0000	0.0000	0.0297	5.5997	8.1401	0.0001	10.1567	12.2976	0.0000	0.0249	0.0478	0.0002
124	136	0.5339	8	0	0	0	1	0	0	0	0	N	N	N	N	N	N	N	N	N	N	N	N	0.7359	0.0006	67.1527	0.0016	0.0003	0.0889	121.3688	0.0779	833.9288	0.3387	0.0004	2.0518	0.0014	0.0003	0.0080	0.6661	0.0005	3.4733	0.4603	0.6619	0.0306	0.8661	1.0437	0.0899	0.0055	0.0067	0.0042	961.4043	0.0217	0.0001	-0.0172	1.2223	0.0433	8.2281	6.6805	0.0002	0.0000	0.0002	0.0000	0.0000	0.0000	0.0002	0.0000	0.0002	0.0393	0.0384	0.0008	0.0390	0.0383	0.0008	0.0002	0.0001	0.0001	0.0006	0.0005	0.0001	0.0003	0.0002	0.0000	0.0003	0.0002	0.0001	0.0853	0.0581	0.0273	0.0451	0.0367	0.0084	0.0402	0.0214	0.0189	0.7359	0.0006	67.1527	0.0016	0.0003	0.0889	121.3688	0.0779	833.9288	0.4603	0.6619	0.0306	0.8661	1.0437	0.0899	0.0055	0.0067	0.0042
124	137	0.2005	8	0	1	0	1	0	0	0	0	N	N	N	N	N	N	N	N	N	N	N	N	0.0000	0.0000	0.0000	0.0000	0.0000	0.0000	0.0000	0.0000	0.0000	0.0000	0.0000	0.0000	0.0000	0.0000	0.0000	0.0000	0.0000	0.0000	0.0000	0.0000	1.2223	0.0000	8.2281	0.0000	0.0000	0.0000	0.0000	0.0000	0.0000	0.0000	0.0000	0.0000	0.0000	0.0000	0.0000	0.0000	0.0000	0.0000	0.0000	0.0000	0.0000	0.0000	0.0000	0.0000	0.0000	0.0000	0.0000	0.0000	0.0000	0.0000	0.0000	0.0000	0.0000	0.0000	0.0000	0.0000	0.0000	0.0000	0.0000	0.0000	0.0000	0.0000	0.0000	0.0000	0.0000	0.0000	0.0000	0.0000	0.0000	0.0000	0.0000	0.0000	0.0000	0.0000	0.0000	0.0000	0.0000	0.0000											
124	138	0.1954	7	0	1	0	1	0	0	0	0	N	N	N	N	N	N	N	N	N	N	N	N	0.0000	0.0000	0.0000	0.0000	0.0000	0.0000	0.0000	0.0000	0.0000	0.0000	0.0000	0.0000	0.0000	0.0000	0.0000	0.0000	0.0000	0.0000	0.0000	0.0000	0.0000	0.0000	0.0000	0.0000	0.0000	0.8000	0.0000	-0.0000	1.2223	0.0021	8.2281	2.0000	0.0000	0.0000	0.0000	0.0000	0.0000	0.0000	0.0000	0.0000	0.0000	0.0000	0.0000	0.0000	0.0000	0.0000	0.0000	0.0000	0.0000	0.0000	0.0001	0.0001	0.0000	0.0000	0.0000	0.0000	0.0000	0.0000	0.0000	0.0313	0.0190	0.0123	0.0071	0.0067	0.0005	0.0241	0.0123	0.0118	0.0000	0.0000	0.0000	0.0000	0.0000	0.0000	0.0000	0.0000	0.0000	0.0000	0.0000	0.0000	0.0000	0.0000	0.0000	0.0000	0.0000	0.0000			
124	139	0.1852	6	0	0	0	1	0	0	0	0	N	N	N	N	N	N	N	N	N	N	N	N	0.0000	0.0000	0.0000	0.0000	0.0000	0.0000	0.0000	0.0000	0.0000	0.0000	0.0000	0.0000	0.0000	0.0000	0.0000	0.0000	0.0000	0.0029	0.0026	0.0032	0.0072	0.0077	0.0000	0.0016	0.0000	0.0033	0.8007	0.0000	-0.0000	1.2223	1.0020	8.2281	3.0181	0.0000	0.0000	0.0000	0.0000	0.0000	0.0000	0.0000	0.0000	0.0000	0.0002	0.0001	0.0001	0.0001	0.0001	0.0000	0.0001	0.0000	0.0001	0.0121	0.0104	0.0017	0.0026	0.0025	0.0001	0.0095	0.0079	0.0016	0.0634	0.0382	0.0251	0.0140	0.0131	0.0009	0.0494	0.0252	0.0242	0.0000	0.0000	0.0000	0.0000	0.0000	0.0000	0.0000	0.0000	0.0000	0.0029	0.0026	0.0032	0.0072	0.0077	0.0000	0.0016	0.0000	0.0033		
124	140	0.1708	6	0	1	0	0	0	0	0	0	N	N	N	N	N	N	N	N	N	N	N	N	0.0000	0.0000	0.0000	0.0000	0.0000	0.0000	0.0000	0.0000	0.0000	0.0000	0.0000	0.0000	0.0000	0.0015	0.0025	0.0000	0.0075	0.0080	0.0000	0.0000	0.0000	0.0000	0.0000	0.0000	-0.0000	1.2223	0.0000	8.2281	4.0001	0.0000	0.0000	0.0000	0.0000	0.0000	0.0000	0.0000	0.0000	0.0000	0.0001	0.0001	0.0000	0.0001	0.0001	0.0000	0.0000	0.0000	0.0000	0.0000	0.0000	0.0000	0.0000	0.0000	0.0000	0.0000	0.0000	0.0000	0.0625	0.0376	0.0250	0.0126	0.0118	0.0008	0.0500	0.0258	0.0242	0.0000	0.0000	0.0000	0.0000	0.0000	0.0000	0.0000	0.0000	0.0000	0.0015	0.0025	0.0000	0.0075	0.0080	0.0000	0.0000	0.0000	0.0000						
124	141	0.5485	8	0	1	0	0	0	0	0	0	N	N	N	N	N	N	N	N	N	N	N	N	0.0000	0.0000	0.0000	0.0000	0.0000	0.0000	0.0000	0.0000	0.0000	0.0000	0.0000	0.0000	0.0000	0.0000	0.0000	0.0000	0.0000	0.0000	0.0004	0.0006	0.0000	0.0008	0.0009	0.0000	0.0001	0.0002	0.0000	0.0067	-0.0000	-0.0000	1.2223	1.0003	8.2281	5.0186	0.0000	0.0000	0.0000	0.0000	0.0000	0.0000	0.0000	0.0000	0.0000	0.0000	0.0000	0.0000	0.0000	0.0000	0.0000	0.0000	0.0000	0.0000	0.0120	0.0102	0.0019	0.0061	0.0051	0.0009	0.0060	0.0050	0.0010	0.0741	0.0506	0.0235	0.0398	0.0325	0.0074	0.0343	0.0182	0.0161	0.0000	0.0000	0.0000	0.0000	0.0000	0.0000	0.0000	0.0000	0.0000	0.0004	0.0006	0.0000	0.0008	0.0009	0.0000	0.0001	0.0002	0.0000	
124	142	0.1852	6	0	0	1	1	0	0	0	0	N	N	N	N	N	N	N	N	N	N	N	N	0.0000	0.0000	0.0000	0.0000	0.0000	0.0000	0.0000	0.0000	0.0000	0.0000	0.0000	0.0000	0.0000	0.0000	0.0000	0.0000	0.0007	0.0011	0.0000	0.0030	0.0032	0.0000	0.0000	0.0000	0.0000	0.0060	0.0000	-0.0000	1.2223	0.0001	8.2281	9.0026	0.0000	0.0000	0.0000	0.0000	0.0000	0.0000	0.0000	0.0000	0.0000	0.0001	0.0001	0.0000	0.0001	0.0001	0.0000	0.0000	0.0000	0.0000	0.0000	0.0000	0.0000	0.0000	0.0000	0.0000	0.0000	0.0000	0.0000	0.1387	0.0838	0.0550	0.0306	0.0285	0.0021	0.1082	0.0553	0.0529	0.0000	0.0000	0.0000	0.0000	0.0000	0.0000	0.0000	0.0000	0.0000	0.0007	0.0011	0.0000	0.0030	0.0032	0.0000	0.0000	0.0000	0.0000			
124	143	0.5339	8	0	0	1	1	0	0	0	0	N	N	N	N	N	N	N	N	N	N	N	N	0.0000	0.0000	0.0000	0.0000	0.0000	0.0000	0.0000	0.0000	0.0000	0.0000	0.0000	0.0000	0.0000	0.0000	0.0000	0.0000	0.0000	0.0000	10.8052	17.4637	0.4208	0.3055	0.0617	1.3640	16.8309	30.0321	0.0008	0.0178	0.0000	-0.4237	1.2223	2.0061	8.2281	8.0425	0.0000	0.0000	0.0000	0.0000	0.0000	0.0000	0.0000	0.0000	0.0000	0.9611	0.9443	0.0169	0.0201	0.0033	0.0168	0.9410	0.9409	0.0000	0.0240	0.0202	0.0038	0.0117	0.0099	0.0018	0.0123	0.0102	0.0020	0.1250	0.0849	0.0400	0.0659	0.0536	0.0123	0.0590	0.0313	0.0277	0.0000	0.0000	0.0000	0.0000	0.0000	0.0000	0.0000	0.0000	0.0000	7.6919	11.1209	0.4208	0.3055	0.0617	1.3640	15.9391	30.0321	0.0008	
124	144	0.5248	7	0	0	0	1	0	0	0	0	N	N	N	N	N	N	N	N	N	N	N	N	0.2109	0.0000	46.7166	0.0000	0.0000	0.0000	1.0137	0.0000	145.8714	0.0008	0.0000	0.0051	0.0000	0.0000	0.0000	0.0017	0.0000	0.0102	0.0038	0.0053	0.0001	0.0059	0.0067	0.0002	0.0017	0.0029	0.0001	inf	0.0080	0.0000	-0.0001	1.2223	1.9550	8.2281	2.1189	0.0000	0.0000	0.0000	0.0000	0.0000	0.0000	0.0000	0.0000	0.0000	0.0003	0.0003	0.0000	0.0002	0.0002	0.0000	0.0001	0.0001	0.0000	0.0245	0.0206	0.0039	0.0127	0.0107	0.0019	0.0119	0.0099	0.0020	0.0757	0.0546	0.0211	0.0394	0.0342	0.0052	0.0363	0.0205	0.0159	0.2109	0.0000	46.7166	0.0000	0.0000	0.0000	1.0137	0.0000	145.8714	0.0038	0.0053	0.0001	0.0059	0.0067	0.0002	0.0017	0.0029	0.0001
124	145	0.5248	7	0	0	1	1	0	0	0	0	N	N	N	N	N	N	N	N	N	N	N	N	0.0000	0.0000	0.0000	0.0000	0.0000	0.0000	0.0000	0.0000	0.0000	0.0000	0.0000	0.0000	0.0000	0.0000	0.0000	0.0000	0.0000	0.0000	1.1835	1.7227	0.0001	2.2139	2.6820	0.0004	0.0709	0.1318	0.0000	0.0000	0.0000	-0.0000	-0.1437	1.2223	2.1261	8.2281	18.6477	0.0000	0.0000	0.0000	0.0000	0.0000	0.0000	0.0000	0.0000	0.0000	0.3134	0.3134	0.0000	0.3044	0.3044	0.0000	0.0090	0.0090	0.0000	0.0266	0.0224	0.0042	0.0137	0.0116	0.0021	0.0129	0.0108	0.0021	0.2648	0.1819	0.0829	0.1375	0.1135	0.0240	0.1273	0.0684	0.0589	0.0000	0.0000	0.0000	0.0000	0.0000	0.0000	0.0000	0.0000	0.0000	1.1835	1.7227	0.0001	2.2139	2.6820	0.0004	0.0709	0.1318	0.0000
124	146	0.1852	6	0	0	1	1	0	0	0	0	N	N	N	N	N	N	N	N	N	N	N	N	0.0000	0.0000	0.0000	0.0000	0.0000	0.0000	0.0000	0.0000	0.0000	0.0000	0.0000	0.0000	0.0000	0.0000	0.0000	0.0000	0.0000	0.0349	0.0577	0.0000	0.1581	0.1695	0.0000	0.0000	0.0000	0.0000	0.0000	0.0000	-0.0020	1.2223	2.0001	8.2281	5.9880	0.0000	0.0000	0.0000	0.0000	0.0000	0.0000	0.0000	0.0000	0.0000	0.0043	0.0043	0.0000	0.0043	0.0043	0.0000	0.0000	0.0000	0.0000	0.0241	0.0207	0.0034	0.0052	0.0050	0.0002	0.0189	0.0157	0.0032	0.1237	0.0747	0.0490	0.0273	0.0254	0.0018	0.0964	0.0492	0.0472	0.0000	0.0000	0.0000	0.0000	0.0000	0.0000	0.0000	0.0000	0.0000	0.0349	0.0577	0.0000	0.1581	0.1695	0.0000	0.0000	0.0000	0.0000		
124	147	0.1852	6	0	0	1	1	0	0	0	0	N	N	N	N	N	N	N	N	N	N	N	N	0.0000	0.0000	0.0000	0.0000	0.0000	0.0000	0.0000	0.0000	0.0000	0.0000	0.0000	0.0000	0.0000	0.0000	0.0000	0.0000	0.0000	0.0000	2.2930	0.2969	5.3532	0.3137	0.2997	0.5057	2.8410	0.2956	5.5423	11.7603	0.0000	0.4749	1.2223	9.0001	8.2281	23.0169	0.0000	0.0000	0.0000	0.0000	0.0000	0.0000	0.0000	0.0000	0.0000	1.0252	0.0803	0.9448	0.0304	0.0271	0.0034	0.9948	0.0533	0.9415	0.1048	0.0902	0.0146	0.0225	0.0218	0.0008	0.0823	0.0684	0.0138	0.4471	0.2706	0.1765	0.0969	0.0903	0.0066	0.3501	0.1803	0.1699	0.0000	0.0000	0.0000	0.0000	0.0000	0.0000	0.0000	0.0000	0.0000	2.2930	0.2969	5.3532	0.3137	0.2997	0.5057	2.8410	0.2956	5.5423	
124	148	0.1599	5	0	0	0	1	0	0	0	0	N	N	N	N	N	N	N	N	N	N	N	N	0.0015	0.0000	1.4779	0.0000	0.0000	0.0538	0.5462	0.0000	1.5788	0.0004	0.0000	0.0030	0.0000	0.0000	0.0002	0.0005	0.0000	0.0031	0.2951	0.4889	0.0020	1.2827	1.3609	0.0031	0.0010	0.0000	0.0020	106.6374	0.0027	0.0000	-0.0227	1.2223	1.9990	8.2281	7.9526	0.0000	0.0000	0.0000	0.0000	0.0000	0.0000	0.0000	0.0000	0.0000	0.0497	0.0496	0.0001	0.0496	0.0496	0.0000	0.0001	0.0000	0.0001	0.0242	0.0208	0.0035	0.0052	0.0050	0.0002	0.0190	0.0157	0.0033	0.1686	0.1015	0.0671	0.0387	0.0364	0.0022	0.1299	0.0650	0.0649	0.0015	0.0000	1.4779	0.0000	0.0000	0.0538	0.5462	0.0000	1.5788	0.2951	0.4889	0.0020	1.2827	1.3609	0.0031	0.0010	0.0000	0.0020
124	149	0.1279	4	1	1	0	0	0	0	0	0	N	N	N	N	N	N	N	N	N	N	N	N	0.0008	0.0004	0.0376	0.0427	0.0412	0.0984	0.0002	0.0000	0.0322	0.0021	0.0016	0.0054	0.0060	0.0055	0.0236	0.0008	0.0000	0.0045	2.6429	4.1835	0.1423	0.1393	0.1329	0.2404	3.3835	6.3344	0.1387	0.5618	0.0210	-0.0000	-0.4408	1.2223	5.3497	8.2281	17.2225	0.0002	0.0001	0.0001	0.0001	0.0001	0.0000	0.0000	0.0000	0.0000	1.0067	0.9860	0.0207	0.0121	0.0109	0.0013	0.9945	0.9751	0.0194	0.0724	0.0622	0.0101	0.0181	0.0177	0.0005	0.0542	0.0445	0.0097	0.3809	0.2357	0.1452	0.0869	0.0817	0.0052	0.2939	0.1539	0.1400	0.0008	0.0004	0.0376	0.0427	0.0412	0.0984	0.0002	0.0000	0.0322	2.6429	4.1835	0.1423	0.1393	0.1329	0.2404	3.3835	6.3344	0.1387
124	150	0.1588	5	0	1	0	0	0	0	0	0	N	N	N	N	N	N	N	N	N	N	N	N	0.0138	0.0115	0.0353	0.0213	0.0157	0.3740	0.0083	0.0000	0.0245	0.0030	0.0017	0.0117	0.0061	0.0046	0.0572	0.0015	0.0000	0.0083	0.2139	0.1436	0.3314	0.2851	0.2936	0.1530	0.1796	0.0007	0.3413	1.0563	1.3796	0.0000	0.0121	1.2223	3.6794	8.2281	17.4287	0.0002	0.0001	0.0001	0.0001	0.0001	0.0000	0.0001	0.0000	0.0001	0.0998	0.0419	0.0578	0.0432	0.0418	0.0014	0.0565	0.0001	0.0564	0.0627	0.0546	0.0081	0.0201	0.0195	0.0006	0.0426	0.0351	0.0076	0.4664	0.2919	0.1745	0.1516	0.1425	0.0092	0.3148	0.1494	0.1654	0.0138	0.0115	0.0353	0.0213	0.0157	0.3740	0.0083	0.0000	0.0245	0.2139	0.1436	0.3314	0.2851	0.2936	0.1530	0.1796	0.0007	0.3413
124	151	0.1279	4	0	1	0	0	0	0	0	0	N	N	N	N	N	N	N	N	N	N	N	N	0.0054	0.0207	0.0073	0.0407	0.0352	0.2343	0.0049	0.0010	0.0090	0.0217	0.0035	0.1323	0.0134	0.0115	0.0956	0.0247	0.0001	0.1340	4.0019	0.1704	18.1191	0.3298	0.3256	0.4078	5.0804	0.0749	14.9353	6.1651	35.0810	0.0005	0.5196	1.2223	3.4464	8.2281	10.1316	0.0011	0.0002	0.0009	0.0002	0.0002	0.0000	0.0009	0.0000	0.0009	1.0111	0.0280	0.9831	0.0218	0.0204	0.0014	0.9894	0.0076	0.9818	0.0503	0.0432	0.0071	0.0134	0.0131	0.0003	0.0369	0.0301	0.0068	0.2607	0.1645	0.0963	0.0660	0.0626	0.0033	0.1947	0.1018	0.0929	0.0056	0.0207	0.0130	0.0407	0.0352	0.2343	0.0049	0.0010	0.0127	3.8784	0.1704	10.2139	0.3298	0.3256	0.4078	5.0804	0.0749	10.5647
124	152	0.5553	10	1	1	0	0	0	0	0	0	N	N	N	N	N	N	N	N	N	N	N	N	0.0000	0.0000	0.0000	0.0000	0.0000	0.0000	0.0000	0.0000	0.0000	0.0000	0.0000	0.0000	0.0000	0.0000	0.0000	0.0000	0.0000	0.0000	0.0016	0.0011	0.0025	0.0017	0.0015	0.0027	0.0014	0.0005	0.0025	1.0257	0.0000	0.0000	1.2223	1.0143	8.2281	12.0086	0.0000	0.0000	0.0000	0.0000	0.0000	0.0000	0.0000	0.0000	0.0000	0.0002	0.0001	0.0001	0.0001	0.0001	0.0000	0.0001	0.0000	0.0001	0.0124	0.0104	0.0019	0.0063	0.0053	0.0009	0.0061	0.0051	0.0010	0.1538	0.1050	0.0488	0.0820	0.0669	0.0151	0.0718	0.0381	0.0337	0.0000	0.0000	0.0000	0.0000	0.0000	0.0000	0.0000	0.0000	0.0000	0.0016	0.0011	0.0025	0.0017	0.0015	0.0027	0.0014	0.0005	0.0025	
124	153	0.5530	9	1	1	0	0	0	0	0	0	N	N	N	N	N	N	N	N	N	N	N	N	0.0000	0.0000	0.0000	0.0000	0.0000	0.0000	0.0000	0.0000	0.0000	0.0000	0.0000	0.0000	0.0000	0.0000	0.0000	0.0000	0.0000	0.0000	0.0003	0.0004	0.0001	0.0005	0.0006	0.0000	0.0000	0.0000	0.0001	0.0910	0.0000	-0.0000	1.2223	0.9811	8.2281	0.0216	0.0000	0.0000	0.0000	0.0000	0.0000	0.0000	0.0000	0.0000	0.0000	0.0000	0.0000	0.0000	0.0000	0.0000	0.0000	0.0000	0.0000	0.0000	0.0119	0.0100	0.0019	0.0060	0.0051	0.0009	0.0059	0.0049	0.0010	0.0126	0.0086	0.0040	0.0068	0.0056	0.0013	0.0058	0.0031	0.0027	0.0000	0.0000	0.0000	0.0000	0.0000	0.0000	0.0000	0.0000	0.0000	0.0003	0.0004	0.0001	0.0005	0.0006	0.0000	0.0000	0.0000	0.0001	
124	154	0.5485	8	1	1	0	0	0	0	0	0	N	N	N	N	N	N	N	N	N	N	N	N	0.0000	0.0000	0.0000	0.0000	0.0000	0.0000	0.0000	0.0000	0.0000	0.0000	0.0000	0.0000	0.0000	0.0000	0.0000	0.0000	0.0000	0.0000	0.0005	0.0007	0.0000	0.0007	0.0009	0.0001	0.0003	0.0005	0.0000	0.0230	-0.0000	-0.0000	1.2223	0.0083	8.2281	2.0001	0.0000	0.0000	0.0000	0.0000	0.0000	0.0000	0.0000	0.0000	0.0000	0.0000	0.0000	0.0000	0.0000	0.0000	0.0000	0.0000	0.0000	0.0000	0.0001	0.0001	0.0000	0.0001	0.0001	0.0000	0.0001	0.0000	0.0000	0.0257	0.0176	0.0081	0.0138	0.0113	0.0025	0.0119	0.0063	0.0056	0.0000	0.0000	0.0000	0.0000	0.0000	0.0000	0.0000	0.0000	0.0000	0.0005	0.0007	0.0000	0.0007	0.0009	0.0001	0.0003	0.0005	0.0000	
124	155	0.5248	7	0	1	0	0	0	0	0	0	N	N	N	N	N	N	N	N	N	N	N	N	0.0006	0.0007	0.0000	0.0007	0.0009	0.0000	0.0000	0.0000	0.0000	0.0000	0.0000	0.0000	0.0000	0.0000	0.0000	0.0000	0.0000	0.0000	0.0036	0.0042	0.0024	0.0062	0.0059	0.0079	0.0008	0.0013	0.0003	0.0024	0.2521	-0.0000	-0.0001	1.2223	2.9180	8.2281	7.4065	0.0000	0.0000	0.0000	0.0000	0.0000	0.0000	0.0000	0.0000	0.0000	0.0005	0.0004	0.0001	0.0005	0.0004	0.0001	0.0001	0.0000	0.0000	0.0359	0.0302	0.0057	0.0183	0.0155	0.0028	0.0176	0.0147	0.0029	0.1495	0.1043	0.0452	0.0779	0.0653	0.0126	0.0716	0.0390	0.0326	0.0006	0.0007	0.0000	0.0007	0.0009	0.0000	0.0000	0.0000	0.0000	0.0036	0.0042	0.0024	0.0062	0.0059	0.0079	0.0008	0.0013	0.0003
124	156	0.4590	6	0	0	0	0	0	0	0	0	N	N	N	N	N	N	N	N	N	N	N	N	16.1851	21.7613	0.0000	4.4157	4.9573	0.0000	28.8538	44.1011	0.0001	0.5219	0.6474	0.0000	0.1128	0.1441	0.0000	1.1522	1.3685	0.0000	0.0322	0.0297	0.0378	0.0255	0.0291	0.0069	0.0399	0.0310	0.0495	0.0000	0.5692	-0.0630	-0.0014	1.2223	8.2479	8.2281	19.7214	0.1429	0.1429	0.0000	0.0187	0.0187	0.0000	0.1241	0.1241	0.0000	0.0142	0.0091	0.0052	0.0060	0.0058	0.0003	0.0082	0.0033	0.0049	0.2737	0.2207	0.0531	0.1660	0.1300	0.0360	0.1077	0.0907	0.0170	0.4404	0.3042	0.1362	0.2353	0.1979	0.0373	0.2051	0.1063	0.0989	16.1851	21.7613	0.0000	4.4157	4.9573	0.0000	28.8538	44.1011	0.0001	0.0322	0.0297	0.0378	0.0255	0.0291	0.0069	0.0399	0.0310	0.0495
124	157	0.4229	5	0	0	0	0	0	0	0	0	N	N	N	N	N	N	N	N	N	N	N	N	7.6905	7.4741	5.8141	1.5240	1.3421	4.8880	14.0588	19.2721	5.5058	0.6733	0.7146	0.4012	0.1531	0.1539	0.1439	1.0018	1.1068	0.4762	0.0875	0.0956	0.0690	0.1004	0.1146	0.0294	0.0713	0.0574	0.0865	0.0853	0.3139	-0.0254	-0.0084	1.2223	7.4725	8.2281	14.3153	0.0700	0.0645	0.0055	0.0062	0.0057	0.0004	0.0639	0.0588	0.0051	0.0381	0.0290	0.0091	0.0244	0.0232	0.0012	0.0137	0.0058	0.0079	0.1040	0.0903	0.0137	0.0403	0.0372	0.0031	0.0638	0.0531	0.0106	0.4347	0.3029	0.1317	0.2426	0.2022	0.0404	0.1921	0.1007	0.0914	7.6905	7.4741	5.8141	1.5240	1.3421	4.8880	14.0588	19.2721	5.5058	0.0875	0.0956	0.0690	0.1004	0.1146	0.0294	0.0713	0.0574	0.0865
124	158	0.3574	4	0	0	0	0	0	0	0	0	N	N	N	N	N	N	N	N	N	N	N	N	0.1147	0.1176	0.0530	0.1165	0.1103	0.0528	0.1391	0.2346	0.0496	0.0127	0.0138	0.0051	0.0165	0.0173	0.0030	0.0108	0.0118	0.0054	0.1109	0.1175	0.0955	0.1420	0.1565	0.0576	0.0774	0.0504	0.1084	0.0527	0.3492	-0.0008	-0.0139	1.2223	11.6653	8.2281	19.4910	0.0019	0.0018	0.0001	0.0009	0.0008	0.0000	0.0011	0.0010	0.0001	0.0697	0.0517	0.0180	0.0463	0.0435	0.0028	0.0234	0.0081	0.0153	0.1521	0.1330	0.0191	0.0515	0.0489	0.0026	0.1007	0.0841	0.0165	0.6285	0.4395	0.1889	0.3259	0.2781	0.0479	0.3025	0.1615	0.1411	0.1147	0.1176	0.0530	0.1165	0.1103	0.0528	0.1391	0.2346	0.0496	0.1109	0.1175	0.0955	0.1420	0.1565	0.0576	0.0774	0.0504	0.1084
124	159	0.3101	3	0	0	0	0	0	0	0	0	N	N	N	N	N	N	N	N	N	N	N	N	1.2347	1.1689	0.0071	1.2872	1.4114	0.0072	0.0295	0.0273	0.0120	0.4297	0.5126	0.0010	0.6421	0.7936	0.0008	0.0053	0.0057	0.0018	0.3480	0.4385	0.1387	0.4988	0.5622	0.1067	0.1807	0.2104	0.1489	0.0004	0.1366	-0.0545	-0.0797	1.2223	7.3933	8.2281	20.5306	0.1236	0.1235	0.0000	0.1231	0.1230	0.0000	0.0005	0.0005	0.0000	0.2356	0.2073	0.0283	0.1776	0.1723	0.0053	0.0580	0.0350	0.0230	0.2876	0.2410	0.0466	0.1916	0.1550	0.0366	0.0959	0.0860	0.0099	0.6770	0.4728	0.2042	0.3561	0.3065	0.0496	0.3210	0.1663	0.1547	1.2347	1.1689	0.0071	1.2872	1.4114	0.0072	0.0295	0.0273	0.0120	0.3480	0.4385	0.1387	0.4988	0.5622	0.1067	0.1807	0.2104	0.1489
124	160	0.0739	2	0	0	0	0	0	0	0	0	N	N	N	N	N	N	N	N	N	N	N	N	0.0078	0.0043	0.0612	0.0590	0.0153	3.5765	0.0059	0.0034	0.0308	0.0120	0.0099	0.0241	0.0406	0.0111	0.5554	0.0102	0.0098	0.0123	1.5468	2.3073	0.3928	0.6887	0.7274	0.1553	1.7268	2.8860	0.4001	0.4220	0.1122	-0.0003	-0.5397	1.2223	27.6416	8.2281	54.6365	0.0024	0.0017	0.0007	0.0005	0.0001	0.0004	0.0019	0.0016	0.0004	1.5095	1.3573	0.1523	0.1165	0.1147	0.0018	1.3930	1.2425	0.1505	0.2015	0.1716	0.0299	0.0119	0.0113	0.0006	0.1896	0.1603	0.0292	0.9759	0.5883	0.3876	0.1692	0.1577	0.0115	0.8067	0.4305	0.3762	0.0078	0.0043	0.0612	0.0590	0.0153	3.5765	0.0059	0.0034	0.0308	1.5468	2.3073	0.3928	0.6887	0.7274	0.1553	1.7268	2.8860	0.4001
124	161	0.1785	8	1	1	0	0	0	0	0	0	N	N	N	N	N	N	N	N	N	N	N	N	0.0000	0.0000	0.0000	0.0000	0.0000	0.0000	0.0000	0.0000	0.0000	0.0000	0.0000	0.0000	0.0000	0.0000	0.0000	0.0000	0.0000	0.0000	0.3316	0.5491	0.0000	1.5458	1.6435	0.0001	0.0000	0.0000	0.0000	0.0000	0.0000	-0.0075	1.2223	0.0002	8.2281	3.0099	0.0000	0.0000	0.0000	0.0000	0.0000	0.0000	0.0000	0.0000	0.0000	0.0163	0.0163	0.0000	0.0163	0.0163	0.0000	0.0000	0.0000	0.0000	0.0000	0.0000	0.0000	0.0000	0.0000	0.0000	0.0000	0.0000	0.0000	0.0491	0.0297	0.0195	0.0105	0.0099	0.0006	0.0386	0.0198	0.0188	0.0000	0.0000	0.0000	0.0000	0.0000	0.0000	0.0000	0.0000	0.0000	0.3316	0.5491	0.0000	1.5458	1.6435	0.0001	0.0000	0.0000	0.0000	
124	162	0.1708	7	1	1	0	0	0	0	0	0	N	N	N	N	N	N	N	N	N	N	N	N	0.0000	0.0000	0.0000	0.0000	0.0000	0.0000	0.0000	0.0000	0.0000	0.0000	0.0000	0.0000	0.0000	0.0000	0.0000	0.0000	0.0000	0.0000	0.0941	0.0136	0.2151	0.0301	0.0306	0.0235	0.1103	0.0058	0.2213	10.5283	0.0000	0.0020	1.2223	0.9998	8.2281	2.0118	0.0000	0.0000	0.0000	0.0000	0.0000	0.0000	0.0000	0.0000	0.0000	0.0045	0.0004	0.0041	0.0003	0.0003	0.0000	0.0042	0.0001	0.0041	0.0121	0.0104	0.0017	0.0026	0.0025	0.0001	0.0095	0.0079	0.0016	0.0473	0.0284	0.0189	0.0095	0.0089	0.0006	0.0378	0.0195	0.0183	0.0000	0.0000	0.0000	0.0000	0.0000	0.0000	0.0000	0.0000	0.0000	0.0941	0.0136	0.2151	0.0301	0.0306	0.0235	0.1103	0.0058	0.2213	
124	163	0.1708	6	1	1	0	0	0	0	0	0	N	N	N	N	N	N	N	N	N	N	N	N	0.0000	0.0000	0.0000	0.0000	0.0000	0.0000	0.0000	0.0000	0.0000	0.0000	0.0000	0.0000	0.0000	0.0000	0.0000	0.0000	0.0000	12.7012	4.4044	38.7320	8.6914	7.2739	1.9392	11.2497	0.0000	33.0826	2.2003	0.0000	0.0001	1.2223	0.0000	8.2281	0.0003	0.0000	0.0000	0.0000	0.0000	0.0000	0.0000	0.0000	0.0000	0.0000	0.0003	0.0001	0.0002	0.0001	0.0001	0.0000	0.0002	0.0000	0.0002	0.0000	0.0000	0.0000	0.0000	0.0000	0.0000	0.0000	0.0000	0.0000	0.0000	0.0000	0.0000	0.0000	0.0000	0.0000	0.0000	0.0000	0.0000	0.0000	0.0000	0.0000	0.0000	0.0000	0.0000	0.0000	0.0000	0.0000	8.8134	4.4044	16.1705	5.9903	6.0869	1.9392	11.2497	0.0000	16.5923		
124	164	0.1599	5	0	1	0	0	0	0	0	0	N	N	N	N	N	N	N	N	N	N	N	N	1.9341	0.1841	3.5436	0.1938	0.1491	7.9071	2.5299	0.0000	3.4616	0.0500	0.0006	0.2138	0.0015	0.0012	0.0422	0.0819	0.0000	0.2162	0.0259	0.0033	0.0603	0.0078	0.0079	0.0053	0.0324	0.0000	0.0625	106.6374	12.0281	0.0000	0.0010	1.2223	0.0063	8.2281	4.3641	0.0000	0.0000	0.0000	0.0000	0.0000	0.0000	0.0000	0.0000	0.0000	0.0022	0.0002	0.0020	0.0002	0.0002	0.0000	0.0020	0.0000	0.0020	0.0002	0.0002	0.0000	0.0001	0.0001	0.0000	0.0001	0.0001	0.0000	0.0858	0.0518	0.0339	0.0227	0.0215	0.0013	0.0630	0.0304	0.0327	1.9341	0.1841	3.5436	0.1938	0.1491	7.9071	2.5299	0.0000	3.4616	0.0259	0.0033	0.0603	0.0078	0.0079	0.0053	0.0324	0.0000	0.0625
124	165	0.1279	4	0	0	0	0	0	0	0	0	N	N	N	N	N	N	N	N	N	N	N	N	1.5978	0.0395	6.4524	0.0578	0.0478	0.3821	2.6842	0.0003	6.7971	0.1613	0.0023	1.1239	0.0089	0.0072	0.0883	0.2212	0.0000	1.1702	0.1010	0.0585	0.1742	0.1545	0.1506	0.2311	0.0824	0.0005	0.1722	80.3088	1.7243	0.0035	0.0043	1.2223	2.5207	8.2281	10.0226	0.0064	0.0001	0.0063	0.0001	0.0001	0.0000	0.0063	0.0000	0.0063	0.0249	0.0091	0.0157	0.0098	0.0091	0.0007	0.0151	0.0000	0.0150	0.0394	0.0339	0.0056	0.0111	0.0109	0.0002	0.0283	0.0230	0.0054	0.2463	0.1559	0.0904	0.0634	0.0603	0.0031	0.1828	0.0956	0.0873	1.5978	0.0395	6.4524	0.0578	0.0478	0.3821	2.6842	0.0003	6.7971	0.1010	0.0585	0.1742	0.1545	0.1506	0.2311	0.0824	0.0005	0.1722
124	166	0.1124	3	0	0	0	0	0	0	0	0	N	N	N	N	N	N	N	N	N	N	N	N	0.4774	0.2964	1.7876	0.4119	0.3644	1.3359	0.6408	0.0954	1.5675	0.0610	0.0447	0.1510	0.1297	0.1153	0.3744	0.0246	0.0002	0.1191	0.1278	0.1509	0.0845	0.3148	0.3164	0.2803	0.0384	0.0022	0.0760	0.6121	0.2975	-0.0002	-0.0059	1.2223	2.6894	8.2281	4.6619	0.0031	0.0019	0.0012	0.0022	0.0019	0.0004	0.0008	0.0000	0.0008	0.0258	0.0199	0.0059	0.0206	0.0198	0.0008	0.0053	0.0002	0.0051	0.0500	0.0423	0.0077	0.0173	0.0164	0.0010	0.0327	0.0260	0.0067	0.2022	0.1321	0.0701	0.0654	0.0625	0.0029	0.1368	0.0696	0.0672	0.4774	0.2964	1.7876	0.4119	0.3644	1.3359	0.6408	0.0954	1.5675	0.1278	0.1509	0.0845	0.3148	0.3164	0.2803	0.0384	0.0022	0.0760
124	167	0.0739	2	0	0	0	0	0	0	0	0	N	N	N	N	N	N	N	N	N	N	N	N	0.1124	0.0024	0.7480	0.2115	0.0134	8.0787	0.1656	0.0003	0.5568	0.0575	0.0012	0.3630	0.2686	0.0176	4.8750	0.0435	0.0000	0.2677	0.5116	0.5285	0.4853	1.2698	1.3118	0.6034	0.2626	0.0436	0.4807	53.8039	0.5915	0.0007	-0.0100	1.2223	2.7966	8.2281	8.5340	0.0013	0.0000	0.0013	0.0004	0.0000	0.0004	0.0009	0.0000	0.0009	0.1148	0.0722	0.0427	0.0705	0.0685	0.0020	0.0444	0.0037	0.0407	0.0229	0.0194	0.0036	0.0014	0.0014	0.0001	0.0215	0.0180	0.0035	0.2245	0.1366	0.0879	0.0555	0.0522	0.0033	0.1690	0.0843	0.0847	0.1124	0.0024	0.7480	0.2115	0.0134	8.0787	0.1656	0.0003	0.5568	0.5116	0.5285	0.4853	1.2698	1.3118	0.6034	0.2626	0.0436	0.4807
125	126	0.0890	3	0	1	0	0	0	0	0	0	N	N	N	N	N	N	N	N	N	N	N	N	0.1341	0.0008	0.3615	0.0558	0.0024	1.4643	0.1149	0.0006	0.3534	0.3499	0.0001	2.2274	0.0043	0.0002	0.1944	0.3717	0.0001	2.2438	2.6089	0.1641	6.1614	0.0769	0.0732	0.1328	3.2360	0.2057	6.3499	3184.5066	25.8411	0.0397	0.8756	5.9920	5.0407	12.2976	17.1705	0.0711	0.0000	0.0711	0.0001	0.0000	0.0000	0.0710	0.0000	0.0710	1.7359	0.0647	1.6713	0.0102	0.0091	0.0011	1.7258	0.0556	1.6702	0.2031	0.1712	0.0319	0.0120	0.0118	0.0003	0.1911	0.1594	0.0316	0.6654	0.3941	0.2712	0.1321	0.1239	0.0082	0.5333	0.2703	0.2630	0.1341	0.0008	0.3615	0.0558	0.0024	1.4643	0.1149	0.0006	0.3534	2.6089	0.1641	6.1614	0.0769	0.0732	0.1328	3.2360	0.2057	6.3499
125	127	0.0731	2	0	1	0	0	0	0	0	0	N	N	N	N	N	N	N	N	N	N	N	N	7.8156	0.0584	38.5780	0.2852	0.2771	20.9583	11.8572	0.0041	38.0103	9.7903	0.0626	60.2971	0.6234	0.6198	1.5269	10.6311	0.0008	60.4213	1.2527	1.0713	1.5630	2.1861	2.2369	0.0729	0.8966	0.2018	1.5896	185.5368	0.8528	0.4787	0.0009	5.9920	1.9703	12.2976	6.2034	0.8648	0.0046	0.8601	0.0046	0.0046	0.0000	0.8602	0.0001	0.8601	0.4626	0.2497	0.2129	0.2229	0.2227	0.0002	0.2397	0.0269	0.2127	0.0883	0.0741	0.0143	0.0074	0.0074	0.0000	0.0809	0.0667	0.0142	0.3693	0.2330	0.1362	0.1020	0.0996	0.0024	0.2673	0.1335	0.1338	7.8156	0.0584	38.5780	0.2852	0.2771	20.9583	11.8572	0.0041	38.0103	1.2527	1.0713	1.5630	2.1861	2.2369	0.0729	0.8966	0.2018	1.5896
125	129	0.3949	5	0	1	0	0	0	0	0	0	N	N	N	N	N	N	N	N	N	N	N	N	0.7060	0.6669	0.0000	0.8322	0.8104	0.0000	0.0000	0.0000	0.0000	0.0154	0.0169	0.0000	0.0285	0.0298	0.0000	0.0000	0.0000	0.0000	0.0218	0.0254	0.0101	0.0342	0.0368	0.0018	0.0055	0.0003	0.0120	0.0000	0.1221	-0.0008	-0.0026	5.9920	1.0033	12.2976	0.8635	0.0019	0.0019	0.0000	0.0019	0.0019	0.0000	0.0000	0.0000	0.0000	0.0074	0.0066	0.0008	0.0066	0.0066	0.0000	0.0008	0.0000	0.0008	0.1232	0.1121	0.0112	0.0667	0.0636	0.0031	0.0565	0.0484	0.0081	0.3412	0.2612	0.0800	0.1940	0.1795	0.0145	0.1472	0.0817	0.0655	0.7060	0.6669	0.0000	0.8322	0.8104	0.0000	0.0000	0.0000	0.0000	0.0218	0.0254	0.0101	0.0342	0.0368	0.0018	0.0055	0.0003	0.0120
125	130	0.3656	4	0	0	0	0	0	0	0	0	N	N	N	N	N	N	N	N	N	N	N	N	5.5118	14.2571	0.0123	23.8895	32.2987	0.1080	0.1325	1.5394	0.0013	3.3456	3.8402	0.0177	11.2069	11.8096	0.1380	0.1013	0.1204	0.0019	0.6070	0.2694	1.4357	0.4691	0.3656	1.2777	0.7643	0.0782	1.4775	0.0007	2.1714	-0.4168	0.1251	5.9920	5.5514	12.2976	9.9598	0.9463	0.9456	0.0006	0.9260	0.9254	0.0006	0.0203	0.0202	0.0001	0.5528	0.1743	0.3785	0.2277	0.1574	0.0704	0.3251	0.0170	0.3082	0.2828	0.2462	0.0366	0.0826	0.0784	0.0043	0.2002	0.1679	0.0323	0.9108	0.6472	0.2636	0.4854	0.4304	0.0551	0.4254	0.2168	0.2086	5.5118	14.2571	0.0123	23.8895	32.2987	0.1080	0.1325	1.5394	0.0013	0.6070	0.2694	1.4357	0.4691	0.3656	1.2777	0.7643	0.0782	1.4775
125	131	0.3353	3	0	0	0	0	0	0	0	0	N	N	N	N	N	N	N	N	N	N	N	N	1.6499	4.1808	0.0046	0.3341	0.8667	0.0008	5.6198	32.7304	0.0164	2.7714	3.1855	0.0172	0.9263	0.9732	0.0177	3.2963	3.8928	0.0172	1.6797	0.7619	3.7223	2.7721	1.1229	22.6001	0.5866	0.1189	1.0473	0.0008	2.1951	-0.5020	0.3662	5.9920	9.1969	12.2976	13.4651	1.1402	1.1393	0.0009	0.0844	0.0843	0.0001	1.0558	1.0550	0.0008	1.6017	0.5013	1.1004	1.3222	0.4732	0.8490	0.2796	0.0281	0.2514	0.4114	0.3577	0.0538	0.0911	0.0866	0.0045	0.3203	0.2710	0.0493	0.9536	0.6579	0.2956	0.4769	0.4214	0.0556	0.4766	0.2365	0.2401	1.6499	4.1808	0.0046	0.3341	0.8667	0.0012	5.6198	32.7304	0.0164	1.6797	0.7619	3.7223	2.7721	1.1229	15.2809	0.5866	0.1189	1.0473
125	132	0.1488	5	1	1	0	1	0	0	0	0	N	N	N	N	N	N	N	N	N	N	N	N	0.0000	0.0000	0.0000	0.0000	0.0000	0.0000	0.0000	0.0000	0.0000	0.0000	0.0000	0.0000	0.0000	0.0000	0.0000	0.0000	0.0002	0.0001	0.0002	0.0004	0.0005	0.0000	0.0001	0.0000	0.0002	1.6941	0.0000	0.0000	5.9920	1.0000	12.2976	3.0001	0.0000	0.0000	0.0000	0.0000	0.0000	0.0000	0.0000	0.0000	0.0000	0.0000	0.0000	0.0000	0.0000	0.0000	0.0000	0.0000	0.0000	0.0000	0.0378	0.0320	0.0058	0.0024	0.0022	0.0002	0.0354	0.0298	0.0056	0.0976	0.0546	0.0429	0.0139	0.0124	0.0014	0.0837	0.0422	0.0415	0.0000	0.0000	0.0000	0.0000	0.0000	0.0000	0.0000	0.0000	0.0000	0.0002	0.0001	0.0002	0.0004	0.0005	0.0000	0.0001	0.0000	0.0002			
125	133	0.5477	9	1	1	0	1	0	0	0	0	N	N	N	N	N	N	N	N	N	N	N	N	0.0000	0.0000	0.0000	0.0000	0.0000	0.0000	0.0000	0.0000	0.0000	0.0000	0.0000	0.0000	0.0000	0.0000	0.0000	0.0000	0.0000	0.0016	0.0023	0.0000	0.0027	0.0032	0.0000	0.0005	0.0009	0.0000	0.0005	0.0000	-0.0000	5.9920	0.0006	12.2976	1.9797	0.0000	0.0000	0.0000	0.0000	0.0000	0.0000	0.0000	0.0000	0.0000	0.0001	0.0001	0.0000	0.0001	0.0001	0.0000	0.0000	0.0000	0.0000	0.0001	0.0000	0.0000	0.0000	0.0000	0.0000	0.0000	0.0000	0.0000	0.0436	0.0294	0.0142	0.0219	0.0186	0.0033	0.0218	0.0108	0.0110	0.0000	0.0000	0.0000	0.0000	0.0000	0.0000	0.0000	0.0000	0.0000	0.0016	0.0023	0.0000	0.0027	0.0032	0.0000	0.0005	0.0009	0.0000		
125	134	0.5310	8	1	1	0	1	0	0	0	0	N	N	N	N	N	N	N	N	N	N	N	N	0.0000	0.0000	0.0000	0.0000	0.0000	0.0000	0.0000	0.0000	0.0000	0.0000	0.0000	0.0000	0.0000	0.0000	0.0000	0.0000	0.0000	0.0000	0.0005	0.0004	0.0007	0.0001	0.0002	0.0000	0.0009	0.0007	0.0010	0.9638	0.0000	0.0000	5.9920	2.0077	12.2976	6.0321	0.0000	0.0000	0.0000	0.0000	0.0000	0.0000	0.0000	0.0000	0.0000	0.0001	0.0000	0.0000	0.0000	0.0000	0.0000	0.0001	0.0000	0.0000	0.0732	0.0629	0.0103	0.0178	0.0163	0.0015	0.0554	0.0466	0.0088	0.1594	0.1059	0.0535	0.0783	0.0656	0.0127	0.0811	0.0403	0.0408	0.0000	0.0000	0.0000	0.0000	0.0000	0.0000	0.0000	0.0000	0.0000	0.0005	0.0004	0.0007	0.0001	0.0002	0.0000	0.0009	0.0007	0.0010	
125	135	0.5262	8	0	1	0	1	0	0	0	0	N	N	N	N	N	N	N	N	N	N	N	N	3.2882	2.6148	7.0109	7.3679	6.7423	29.2367	0.0053	0.0000	0.1032	0.2775	0.3243	0.0048	1.2047	1.3015	0.0398	0.0000	0.0000	0.0000	0.0844	0.1240	0.0007	0.1635	0.1930	0.0014	0.0015	0.0026	0.0005	0.0026	0.0026	-0.0138	-0.0110	5.9920	3.0348	12.2976	9.3583	0.0315	0.0315	0.0001	0.0315	0.0315	0.0001	0.0000	0.0000	0.0000	0.0242	0.0241	0.0001	0.0240	0.0240	0.0000	0.0002	0.0002	0.0000	0.1137	0.0970	0.0167	0.0262	0.0242	0.0020	0.0875	0.0729	0.0146	0.2867	0.1946	0.0921	0.1467	0.1241	0.0226	0.1400	0.0705	0.0695	3.2882	2.6148	7.0109	7.3679	6.7423	29.2367	0.0053	0.0000	0.1032	0.0844	0.1240	0.0007	0.1635	0.1930	0.0014	0.0015	0.0026	0.0005
125	136	0.5119	7	0	0	0	1	0	0	0	0	N	N	N	N	N	N	N	N	N	N	N	N	2025.0594	5.7551	37035.2530	11.4874	10.4243	0.2557	7715.1267	6.7752	36841.1144	16.6581	0.0630	106.9045	0.1591	0.1691	0.0004	22.6940	0.0179	119.1492	0.0082	0.0110	0.0029	0.0138	0.0162	0.0018	0.0029	0.0026	0.0032	311.9422	0.1345	0.0175	-0.0004	5.9920	0.0433	12.2976	6.6805	0.0315	0.0001	0.0314	0.0001	0.0001	0.0000	0.0315	0.0000	0.0314	0.0011	0.0010	0.0001	0.0009	0.0009	0.0000	0.0002	0.0001	0.0001	0.0019	0.0016	0.0003	0.0005	0.0005	0.0000	0.0014	0.0011	0.0003	0.1391	0.0921	0.0470	0.0674	0.0563	0.0111	0.0717	0.0358	0.0359	2025.0594	5.7551	37035.2530	11.4874	10.4243	0.2557	7715.1267	6.7752	36841.1144	0.0082	0.0110	0.0029	0.0138	0.0162	0.0018	0.0029	0.0026	0.0032
125	137	0.1784	7	0	1	0	1	0	0	0	0	N	N	N	N	N	N	N	N	N	N	N	N	0.0000	0.0000	0.0000	0.0000	0.0000	0.0000	0.0000	0.0000	0.0000	0.0000	0.0000	0.0000	0.0000	0.0000	0.0000	0.0000	0.0000	0.0000	0.0000	0.0000	5.9920	0.0000	12.2976	0.0000	0.0000	0.0000	0.0000	0.0000	0.0000	0.0000	0.0000	0.0000	0.0000	0.0000	0.0000	0.0000	0.0000	0.0000	0.0000	0.0000	0.0000	0.0000	0.0000	0.0000	0.0000	0.0000	0.0000	0.0000	0.0000	0.0000	0.0000	0.0000	0.0000	0.0000	0.0000	0.0000	0.0000	0.0000	0.0000	0.0000	0.0000	0.0000	0.0000	0.0000	0.0000	0.0000	0.0000	0.0000	0.0000	0.0000	0.0000	0.0000	0.0000	0.0000	0.0000	0.0000	0.0000	0.0000											
125	138	0.1734	6	0	1	0	1	0	0	0	0	N	N	N	N	N	N	N	N	N	N	N	N	0.0000	0.0000	0.0000	0.0000	0.0000	0.0000	0.0000	0.0000	0.0000	0.0000	0.0000	0.0000	0.0000	0.0000	0.0000	0.0000	0.0000	0.0000	0.0000	0.0000	0.0000	0.0000	inf	0.0000	0.0000	5.9920	0.0021	12.2976	2.0000	0.0000	0.0000	0.0000	0.0000	0.0000	0.0000	0.0000	0.0000	0.0000	0.0000	0.0000	0.0000	0.0000	0.0000	0.0000	0.0000	0.0000	0.0000	0.0001	0.0001	0.0000	0.0000	0.0000	0.0000	0.0001	0.0001	0.0000	0.0482	0.0274	0.0207	0.0081	0.0073	0.0008	0.0400	0.0201	0.0199	0.0000	0.0000	0.0000	0.0000	0.0000	0.0000	0.0000	0.0000	0.0000	0.0000	0.0000	0.0000	0.0000	0.0000	0.0000	0.0000	0.0000	0.0000						
125	139	0.1631	5	0	0	0	1	0	0	0	0	N	N	N	N	N	N	N	N	N	N	N	N	0.0000	0.0000	0.0000	0.0000	0.0000	0.0000	0.0000	0.0000	0.0000	0.0000	0.0000	0.0000	0.0000	0.0000	0.0000	0.0000	0.0010	0.0000	0.0024	0.0000	0.0000	0.0000	0.0012	0.0000	0.0025	9814.1983	0.0000	0.0001	5.9920	1.0020	12.2976	3.0181	0.0000	0.0000	0.0000	0.0000	0.0000	0.0000	0.0000	0.0000	0.0000	0.0001	0.0000	0.0001	0.0000	0.0000	0.0000	0.0001	0.0000	0.0001	0.0379	0.0321	0.0058	0.0025	0.0023	0.0002	0.0354	0.0298	0.0056	0.0978	0.0553	0.0426	0.0158	0.0142	0.0017	0.0820	0.0411	0.0409	0.0000	0.0000	0.0000	0.0000	0.0000	0.0000	0.0000	0.0000	0.0000	0.0010	0.0000	0.0024	0.0000	0.0000	0.0000	0.0012	0.0000	0.0025			
125	140	0.1488	5	0	1	0	0	0	0	0	0	N	N	N	N	N	N	N	N	N	N	N	N	0.0000	0.0000	0.0000	0.0000	0.0000	0.0000	0.0000	0.0000	0.0000	0.0000	0.0000	0.0000	0.0000	0.0001	0.0001	0.0000	0.0004	0.0005	0.0000	0.0000	0.0000	0.0000	0.0000	0.0000	-0.0000	5.9920	0.0000	12.2976	4.0001	0.0000	0.0000	0.0000	0.0000	0.0000	0.0000	0.0000	0.0000	0.0000	0.0000	0.0000	0.0000	0.0000	0.0000	0.0000	0.0000	0.0000	0.0000	0.0000	0.0000	0.0000	0.0000	0.0000	0.0000	0.0000	0.0000	0.0000	0.0976	0.0546	0.0429	0.0139	0.0124	0.0014	0.0837	0.0422	0.0415	0.0000	0.0000	0.0000	0.0000	0.0000	0.0000	0.0000	0.0000	0.0000	0.0001	0.0001	0.0000	0.0004	0.0005	0.0000	0.0000	0.0000	0.0000						
125	141	0.5264	7	0	1	0	0	0	0	0	0	N	N	N	N	N	N	N	N	N	N	N	N	0.0000	0.0000	0.0000	0.0000	0.0000	0.0000	0.0000	0.0000	0.0000	0.0000	0.0000	0.0000	0.0000	0.0000	0.0000	0.0000	0.0000	0.0000	0.0002	0.0002	0.0002	0.0001	0.0002	0.0000	0.0003	0.0003	0.0003	0.5525	0.0000	-0.0000	5.9920	1.0003	12.2976	5.0186	0.0000	0.0000	0.0000	0.0000	0.0000	0.0000	0.0000	0.0000	0.0000	0.0000	0.0000	0.0000	0.0000	0.0000	0.0000	0.0000	0.0000	0.0000	0.0365	0.0314	0.0051	0.0089	0.0081	0.0007	0.0276	0.0232	0.0044	0.1216	0.0809	0.0407	0.0599	0.0502	0.0096	0.0618	0.0307	0.0311	0.0000	0.0000	0.0000	0.0000	0.0000	0.0000	0.0000	0.0000	0.0000	0.0002	0.0002	0.0002	0.0001	0.0002	0.0000	0.0003	0.0003	0.0003	
125	142	0.1631	5	0	0	1	1	0	0	0	0	N	N	N	N	N	N	N	N	N	N	N	N	0.0000	0.0000	0.0000	0.0000	0.0000	0.0000	0.0000	0.0000	0.0000	0.0000	0.0000	0.0000	0.0000	0.0000	0.0000	0.0000	0.0000	0.0004	0.0003	0.0005	0.0000	0.0000	0.0000	0.0005	0.0004	0.0006	1.2608	0.0000	0.0000	5.9920	0.0001	12.2976	9.0026	0.0000	0.0000	0.0000	0.0000	0.0000	0.0000	0.0000	0.0000	0.0000	0.0001	0.0000	0.0001	0.0000	0.0000	0.0000	0.0001	0.0000	0.0001	0.0000	0.0000	0.0000	0.0000	0.0000	0.0000	0.0000	0.0000	0.0000	0.2144	0.1212	0.0931	0.0346	0.0309	0.0037	0.1797	0.0903	0.0894	0.0000	0.0000	0.0000	0.0000	0.0000	0.0000	0.0000	0.0000	0.0000	0.0004	0.0003	0.0005	0.0000	0.0000	0.0000	0.0005	0.0004	0.0006		
125	143	0.5119	7	0	0	1	1	0	0	0	0	N	N	N	N	N	N	N	N	N	N	N	N	0.0000	0.0000	0.0000	0.0000	0.0000	0.0000	0.0000	0.0000	0.0000	0.0000	0.0000	0.0000	0.0000	0.0000	0.0000	0.0000	0.0000	0.0000	0.3727	0.5614	0.0049	0.1712	0.2052	0.0000	0.5613	1.1193	0.0064	0.0045	-0.0000	-0.0345	5.9920	2.0061	12.2976	8.0425	0.0000	0.0000	0.0000	0.0000	0.0000	0.0000	0.0000	0.0000	0.0000	0.0759	0.0756	0.0003	0.0169	0.0169	0.0000	0.0590	0.0587	0.0003	0.0726	0.0621	0.0105	0.0159	0.0146	0.0013	0.0567	0.0475	0.0092	0.2037	0.1346	0.0691	0.0985	0.0821	0.0163	0.1052	0.0524	0.0528	0.0000	0.0000	0.0000	0.0000	0.0000	0.0000	0.0000	0.0000	0.0000	0.3727	0.5614	0.0049	0.1712	0.2052	0.0000	0.5613	1.1193	0.0064	
125	144	0.5028	6	0	0	0	1	0	0	0	0	N	N	N	N	N	N	N	N	N	N	N	N	0.0347	0.0314	0.0000	0.0679	0.0678	0.0000	0.0000	0.0000	0.0000	0.0003	0.0003	0.0000	0.0009	0.0010	0.0000	0.0000	0.0000	0.0000	0.0075	0.0097	0.0020	0.0137	0.0153	0.0009	0.0016	0.0010	0.0023	0.0000	0.0821	-0.0000	-0.0004	5.9920	1.9550	12.2976	2.1189	0.0000	0.0000	0.0000	0.0000	0.0000	0.0000	0.0000	0.0000	0.0000	0.0010	0.0009	0.0001	0.0009	0.0009	0.0000	0.0001	0.0000	0.0001	0.0765	0.0653	0.0112	0.0215	0.0193	0.0022	0.0550	0.0460	0.0090	0.1313	0.0938	0.0375	0.0645	0.0574	0.0072	0.0667	0.0364	0.0303	0.0347	0.0314	0.0000	0.0679	0.0678	0.0000	0.0000	0.0000	0.0000	0.0075	0.0097	0.0020	0.0137	0.0153	0.0009	0.0016	0.0010	0.0023
125	145	0.5028	6	0	0	1	1	0	0	0	0	N	N	N	N	N	N	N	N	N	N	N	N	0.0000	0.0000	0.0022	0.0000	0.0000	0.0000	0.0000	0.0000	0.0061	0.0000	0.0000	0.0000	0.0000	0.0000	0.0000	0.0000	0.0000	0.0000	1.6513	2.4519	0.0032	0.2149	0.2515	0.0092	2.9683	5.7986	0.0014	inf	0.0006	0.0000	-0.3341	5.9920	2.1261	12.2976	18.6477	0.0000	0.0000	0.0000	0.0000	0.0000	0.0000	0.0000	0.0000	0.0000	0.7298	0.7294	0.0005	0.0454	0.0451	0.0003	0.6844	0.6842	0.0002	0.0826	0.0706	0.0120	0.0229	0.0206	0.0023	0.0597	0.0500	0.0097	0.4420	0.2975	0.1445	0.2114	0.1795	0.0319	0.2306	0.1180	0.1126	0.0000	0.0000	0.0022	0.0000	0.0000	0.0000	0.0000	0.0000	0.0061	1.6513	2.4519	0.0032	0.2149	0.2515	0.0092	2.9683	5.7986	0.0014
125	146	0.1631	5	0	0	1	1	0	0	0	0	N	N	N	N	N	N	N	N	N	N	N	N	0.0000	0.0000	0.0000	0.0000	0.0000	0.0000	0.0000	0.0000	0.0000	0.0000	0.0000	0.0000	0.0000	0.0000	0.0000	0.0000	0.0000	0.0001	0.0001	0.0000	0.0000	0.0000	0.0000	0.0001	0.0001	0.0000	0.0509	0.0000	-0.0000	5.9920	2.0001	12.2976	5.9880	0.0000	0.0000	0.0000	0.0000	0.0000	0.0000	0.0000	0.0000	0.0000	0.0000	0.0000	0.0000	0.0000	0.0000	0.0000	0.0000	0.0000	0.0000	0.0753	0.0639	0.0114	0.0050	0.0046	0.0003	0.0703	0.0592	0.0111	0.1910	0.1080	0.0830	0.0309	0.0276	0.0033	0.1602	0.0804	0.0797	0.0000	0.0000	0.0000	0.0000	0.0000	0.0000	0.0000	0.0000	0.0000	0.0001	0.0001	0.0000	0.0000	0.0000	0.0000	0.0001	0.0001	0.0000		
125	147	0.1631	5	0	0	1	1	0	0	0	0	N	N	N	N	N	N	N	N	N	N	N	N	0.0000	0.0000	0.0000	0.0000	0.0000	0.0000	0.0000	0.0000	0.0000	0.0000	0.0000	0.0000	0.0000	0.0000	0.0000	0.0000	0.0000	0.0000	1.6162	2.6993	0.1876	19.9458	21.3267	0.0240	0.1306	0.0686	0.1945	0.0527	0.0000	-0.4578	5.9920	9.0001	12.2976	23.0169	0.0000	0.0000	0.0000	0.0000	0.0000	0.0000	0.0000	0.0000	0.0000	1.1212	1.0650	0.0561	1.0451	1.0448	0.0003	0.0761	0.0203	0.0558	0.3281	0.2788	0.0493	0.0217	0.0202	0.0015	0.3065	0.2587	0.0478	0.6937	0.3946	0.2992	0.1112	0.0991	0.0121	0.5826	0.2955	0.2871	0.0000	0.0000	0.0000	0.0000	0.0000	0.0000	0.0000	0.0000	0.0000	1.6162	2.6993	0.1876	9.4006	10.5437	0.0240	0.1306	0.0686	0.1945	
125	148	0.1378	4	0	0	0	1	0	0	0	0	N	N	N	N	N	N	N	N	N	N	N	N	0.0843	0.0000	0.2697	0.0000	0.0000	0.0000	0.0840	0.0064	0.2690	0.0216	0.0000	0.1413	0.0000	0.0000	0.0000	0.0231	0.0000	0.1455	0.2559	0.0514	0.5240	0.1684	0.1779	0.0680	0.2750	0.0001	0.5410	18860.1252	7.7759	0.0009	0.0290	5.9920	1.9990	12.2976	7.9526	0.0016	0.0000	0.0016	0.0000	0.0000	0.0000	0.0016	0.0000	0.0016	0.0678	0.0077	0.0601	0.0080	0.0077	0.0003	0.0598	0.0000	0.0598	0.0757	0.0641	0.0116	0.0050	0.0046	0.0003	0.0707	0.0595	0.0112	0.2651	0.1504	0.1147	0.0475	0.0434	0.0041	0.2176	0.1070	0.1106	0.0843	0.0000	0.2697	0.0000	0.0000	0.0000	0.0840	0.0064	0.2690	0.2559	0.0514	0.5240	0.1684	0.1779	0.0680	0.2750	0.0001	0.5410
125	149	0.1059	3	1	1	0	0	0	0	0	0	N	N	N	N	N	N	N	N	N	N	N	N	0.0042	0.1597	0.0000	2.8182	2.9302	0.0001	0.0000	0.0010	0.0000	0.0126	0.0149	0.0001	0.1177	0.1199	0.0000	0.0001	0.0001	0.0001	2.9778	0.0931	9.0885	0.0418	0.0409	0.0569	3.6734	0.1158	7.4773	0.0014	52.3651	-0.0013	1.0136	5.9920	5.3497	12.2976	17.2225	0.0030	0.0030	0.0000	0.0030	0.0030	0.0000	0.0000	0.0000	0.0000	1.9384	0.0363	1.9021	0.0052	0.0048	0.0004	1.9332	0.0315	1.9017	0.2358	0.1999	0.0359	0.0251	0.0246	0.0005	0.2107	0.1753	0.0354	0.6510	0.3902	0.2608	0.1247	0.1182	0.0065	0.5263	0.2719	0.2543	0.0042	0.1597	0.0000	2.8182	2.9302	0.0001	0.0000	0.0010	0.0000	2.9778	0.0931	7.2929	0.0418	0.0409	0.0569	3.6734	0.1158	7.4773
125	150	0.1367	4	0	1	0	0	0	0	0	0	N	N	N	N	N	N	N	N	N	N	N	N	0.0081	0.1899	0.0073	0.2780	0.2847	0.0000	0.0036	0.0000	0.0094	0.0245	0.0154	0.0835	0.0561	0.0577	0.0000	0.0146	0.0000	0.0878	3.0305	0.0812	11.4250	0.2017	0.2025	0.1905	4.0527	0.0035	9.3709	0.8322	58.1329	0.0001	1.0783	5.9920	3.6794	12.2976	17.4287	0.0054	0.0029	0.0024	0.0029	0.0029	0.0000	0.0024	0.0000	0.0024	2.0550	0.0348	2.0202	0.0363	0.0338	0.0025	2.0187	0.0009	2.0178	0.2202	0.1909	0.0293	0.0525	0.0510	0.0014	0.1677	0.1398	0.0279	0.6781	0.4282	0.2499	0.1800	0.1671	0.0129	0.4981	0.2611	0.2370	0.0081	0.1899	0.0103	0.2780	0.2847	0.0000	0.0036	0.0000	0.0103	3.0305	0.0812	8.0849	0.2017	0.2025	0.1905	4.0527	0.0035	8.5140
125	151	0.1059	3	0	1	0	0	0	0	0	0	N	N	N	N	N	N	N	N	N	N	N	N	2.7148	0.2032	7.0455	0.4432	0.4362	0.0118	2.5121	0.1629	6.9644	6.0030	0.0231	39.5412	0.1275	0.1292	0.0010	6.9506	0.0026	40.0263	2.2112	0.1135	5.6123	0.2877	0.2962	0.0873	2.7669	0.0162	5.7473	305.5884	30.4948	0.5571	0.5111	5.9920	3.4464	12.2976	10.1316	1.0026	0.0033	0.9994	0.0030	0.0030	0.0000	0.9997	0.0003	0.9994	1.0025	0.0318	0.9707	0.0292	0.0289	0.0004	0.9733	0.0030	0.9703	0.1670	0.1417	0.0253	0.0232	0.0229	0.0003	0.1438	0.1189	0.0250	0.4534	0.2804	0.1730	0.1016	0.0975	0.0041	0.3518	0.1829	0.1688	2.7148	0.2032	7.0455	0.4432	0.4362	0.0118	2.5121	0.1629	6.9644	2.2112	0.1135	5.6123	0.2877	0.2962	0.0873	2.7669	0.0162	5.7473
125	152	0.5332	9	1	1	0	0	0	0	0	0	N	N	N	N	N	N	N	N	N	N	N	N	0.0000	0.0000	0.0000	0.0000	0.0000	0.0000	0.0000	0.0000	0.0000	0.0000	0.0000	0.0000	0.0000	0.0000	0.0000	0.0000	0.0006	0.0004	0.0012	0.0005	0.0006	0.0000	0.0008	0.0000	0.0015	1.5841	0.0000	0.0000	5.9920	1.0143	12.2976	12.0086	0.0000	0.0000	0.0000	0.0000	0.0000	0.0000	0.0000	0.0000	0.0000	0.0002	0.0001	0.0001	0.0001	0.0001	0.0000	0.0001	0.0000	0.0001	0.0378	0.0325	0.0053	0.0095	0.0087	0.0008	0.0283	0.0238	0.0046	0.2530	0.1680	0.0850	0.1236	0.1034	0.0201	0.1294	0.0645	0.0648	0.0000	0.0000	0.0000	0.0000	0.0000	0.0000	0.0000	0.0000	0.0000	0.0006	0.0004	0.0012	0.0005	0.0006	0.0000	0.0008	0.0000	0.0015			
125	153	0.5310	8	1	1	0	0	0	0	0	0	N	N	N	N	N	N	N	N	N	N	N	N	0.0000	0.0000	0.0000	0.0000	0.0000	0.0000	0.0000	0.0000	0.0000	0.0000	0.0000	0.0000	0.0000	0.0000	0.0000	0.0000	0.0000	0.0002	0.0000	0.0004	0.0000	0.0000	0.0000	0.0003	0.0001	0.0005	4.7586	0.0000	0.0000	5.9920	0.9811	12.2976	0.0216	0.0000	0.0000	0.0000	0.0000	0.0000	0.0000	0.0000	0.0000	0.0000	0.0000	0.0000	0.0000	0.0000	0.0000	0.0000	0.0000	0.0000	0.0000	0.0361	0.0310	0.0051	0.0088	0.0081	0.0007	0.0273	0.0229	0.0044	0.0207	0.0138	0.0069	0.0102	0.0086	0.0016	0.0105	0.0052	0.0053	0.0000	0.0000	0.0000	0.0000	0.0000	0.0000	0.0000	0.0000	0.0000	0.0002	0.0000	0.0004	0.0000	0.0000	0.0000	0.0003	0.0001	0.0005		
125	154	0.5264	7	1	1	0	0	0	0	0	0	N	N	N	N	N	N	N	N	N	N	N	N	0.0000	0.0000	0.0000	0.0000	0.0000	0.0000	0.0000	0.0000	0.0000	0.0000	0.0000	0.0000	0.0000	0.0000	0.0000	0.0000	0.0000	0.0000	0.0002	0.0003	0.0000	0.0004	0.0004	0.0000	0.0000	0.0001	0.0000	0.0261	0.0000	-0.0000	5.9920	0.0083	12.2976	2.0001	0.0000	0.0000	0.0000	0.0000	0.0000	0.0000	0.0000	0.0000	0.0000	0.0000	0.0000	0.0000	0.0000	0.0000	0.0000	0.0000	0.0000	0.0000	0.0004	0.0003	0.0001	0.0001	0.0001	0.0000	0.0002	0.0002	0.0000	0.0423	0.0282	0.0141	0.0209	0.0176	0.0033	0.0214	0.0106	0.0108	0.0000	0.0000	0.0000	0.0000	0.0000	0.0000	0.0000	0.0000	0.0000	0.0002	0.0003	0.0000	0.0004	0.0004	0.0000	0.0000	0.0001	0.0000	
125	155	0.5028	6	0	1	0	0	0	0	0	0	N	N	N	N	N	N	N	N	N	N	N	N	0.0002	0.0000	0.0045	0.0000	0.0000	0.0000	0.0005	0.0000	0.0047	0.0000	0.0000	0.0000	0.0000	0.0000	0.0000	0.0000	0.0000	0.0000	0.0050	0.0068	0.0012	0.0081	0.0093	0.0004	0.0022	0.0029	0.0014	inf	0.0784	0.0000	-0.0005	5.9920	2.9180	12.2976	7.4065	0.0000	0.0000	0.0000	0.0000	0.0000	0.0000	0.0000	0.0000	0.0000	0.0013	0.0012	0.0001	0.0010	0.0010	0.0000	0.0003	0.0002	0.0001	0.1108	0.0949	0.0160	0.0296	0.0267	0.0029	0.0812	0.0681	0.0131	0.2523	0.1732	0.0792	0.1222	0.1053	0.0169	0.1302	0.0679	0.0623	0.0002	0.0000	0.0045	0.0000	0.0000	0.0000	0.0005	0.0000	0.0047	0.0050	0.0068	0.0012	0.0081	0.0093	0.0004	0.0022	0.0029	0.0014
125	156	0.4370	5	0	0	0	0	0	0	0	0	N	N	N	N	N	N	N	N	N	N	N	N	0.8342	45.8505	0.0001	32.9383	108.4845	0.0058	0.0309	4.6104	0.0000	0.4408	0.5024	0.0002	1.2822	1.3601	0.0012	0.0315	0.0372	0.0000	0.5284	0.0110	1.5787	0.0389	0.0125	0.2120	1.0162	0.0081	1.9205	0.0001	70.9801	-0.0854	0.2165	5.9920	8.2479	12.2976	19.7214	0.1936	0.1936	0.0000	0.1843	0.1843	0.0000	0.0093	0.0093	0.0000	0.4102	0.0057	0.4045	0.0151	0.0042	0.0109	0.3951	0.0015	0.3936	0.4393	0.3854	0.0539	0.1438	0.1355	0.0082	0.2955	0.2499	0.0457	0.7763	0.5201	0.2562	0.3875	0.3362	0.0513	0.3888	0.1839	0.2050	0.8342	45.8505	0.0001	32.9383	108.4845	0.0058	0.0309	4.6104	0.0000	0.5284	0.0110	1.5787	0.0389	0.0125	0.2120	1.0162	0.0081	1.9205
125	157	0.4008	4	0	0	0	0	0	0	0	0	N	N	N	N	N	N	N	N	N	N	N	N	1.3816	2.0817	0.0471	2.2371	2.1394	1.4301	1.0910	21.1138	0.0014	1.1821	1.3582	0.0604	1.9214	2.0367	0.4328	0.9294	1.1028	0.0023	0.8555	0.6525	1.2810	0.8589	0.9520	0.3026	0.8518	0.0522	1.5800	0.0070	0.9372	-0.1695	0.0166	5.9920	7.4725	12.2976	14.3153	0.3904	0.3877	0.0027	0.1616	0.1590	0.0026	0.2288	0.2287	0.0001	0.6549	0.3381	0.3168	0.3466	0.3291	0.0175	0.3083	0.0090	0.2993	0.3303	0.2855	0.0448	0.0841	0.0781	0.0060	0.2462	0.2074	0.0388	0.7655	0.5182	0.2473	0.4035	0.3457	0.0579	0.3620	0.1725	0.1894	1.3816	2.0817	0.0471	2.2371	2.1394	1.4301	1.0910	21.1138	0.0014	0.8555	0.6525	1.2810	0.8589	0.9520	0.3026	0.8518	0.0522	1.5800
125	158	0.3353	3	0	0	0	0	0	0	0	0	N	N	N	N	N	N	N	N	N	N	N	N	0.4968	1.6788	0.0022	1.2878	1.2880	0.1283	0.3118	16.2159	0.0007	0.6762	0.7785	0.0072	0.8781	0.9235	0.0559	0.6242	0.7367	0.0029	1.3611	0.4638	3.2828	0.6818	0.7170	0.4360	2.0018	0.0454	3.9541	0.0014	3.3056	-0.1461	0.4590	5.9920	11.6653	12.2976	19.4910	0.3324	0.3319	0.0005	0.0884	0.0881	0.0003	0.2439	0.2437	0.0002	1.4837	0.3446	1.1391	0.3607	0.3319	0.0289	1.1229	0.0127	1.1102	0.4915	0.4263	0.0652	0.1007	0.0954	0.0053	0.3908	0.3308	0.0599	1.0900	0.7430	0.3470	0.5291	0.4629	0.0662	0.5610	0.2802	0.2808	0.4968	1.6788	0.0022	1.2878	1.2880	0.1283	0.3118	16.2159	0.0007	1.3611	0.4638	3.2828	0.6818	0.7170	0.4360	2.0018	0.0454	3.9541
125	159	0.2881	2	0	0	0	0	0	0	0	0	N	N	N	N	N	N	N	N	N	N	N	N	0.6292	0.9412	0.0948	1.1368	1.2865	0.4693	0.5399	4.1071	0.0550	0.5177	0.5776	0.1210	1.1657	1.1799	0.8566	0.3392	0.3899	0.0633	0.8228	0.6137	1.2757	1.0253	0.9172	1.8253	0.6282	0.0949	1.1512	0.0316	0.9597	-0.0732	0.0293	5.9920	7.3933	12.2976	20.5306	0.1783	0.1729	0.0055	0.0867	0.0839	0.0028	0.0916	0.0890	0.0027	0.9351	0.4772	0.4579	0.5710	0.4499	0.1211	0.3641	0.0272	0.3369	0.3445	0.2993	0.0452	0.0744	0.0711	0.0033	0.2701	0.2282	0.0419	1.1365	0.7775	0.3590	0.5569	0.4906	0.0663	0.5796	0.2869	0.2926	0.6292	0.9412	0.0948	1.1368	1.2865	0.4693	0.5399	4.1071	0.0550	0.8228	0.6137	1.2757	1.0253	0.9172	1.8253	0.6282	0.0949	1.1512
125	161	0.1564	7	1	1	0	0	0	0	0	0	N	N	N	N	N	N	N	N	N	N	N	N	0.0000	0.0000	0.0000	0.0000	0.0000	0.0000	0.0000	0.0000	0.0000	0.0000	0.0000	0.0000	0.0000	0.0000	0.0000	0.0000	0.0000	0.0000	0.1642	0.0094	0.3672	0.0229	0.0253	0.0001	0.1895	0.0043	0.3802	29.8497	0.0000	0.0063	5.9920	0.0002	12.2976	3.0099	0.0000	0.0000	0.0000	0.0000	0.0000	0.0000	0.0000	0.0000	0.0000	0.0124	0.0004	0.0120	0.0003	0.0003	0.0000	0.0121	0.0001	0.0120	0.0000	0.0000	0.0000	0.0000	0.0000	0.0000	0.0000	0.0000	0.0000	0.0754	0.0427	0.0326	0.0114	0.0103	0.0011	0.0639	0.0324	0.0315	0.0000	0.0000	0.0000	0.0000	0.0000	0.0000	0.0000	0.0000	0.0000	0.1642	0.0094	0.3672	0.0229	0.0253	0.0001	0.1895	0.0043	0.3802	
125	162	0.1488	6	1	1	0	0	0	0	0	0	N	N	N	N	N	N	N	N	N	N	N	N	0.0000	0.0000	0.0000	0.0000	0.0000	0.0000	0.0000	0.0000	0.0000	0.0000	0.0000	0.0000	0.0000	0.0000	0.0000	0.0000	0.0000	0.0046	0.0008	0.0094	0.0012	0.0014	0.0000	0.0052	0.0007	0.0098	8.9231	0.0000	0.0002	5.9920	0.9998	12.2976	2.0118	0.0000	0.0000	0.0000	0.0000	0.0000	0.0000	0.0000	0.0000	0.0000	0.0003	0.0000	0.0003	0.0000	0.0000	0.0000	0.0003	0.0000	0.0003	0.0378	0.0320	0.0058	0.0024	0.0022	0.0002	0.0354	0.0298	0.0056	0.0738	0.0413	0.0325	0.0105	0.0094	0.0011	0.0633	0.0319	0.0314	0.0000	0.0000	0.0000	0.0000	0.0000	0.0000	0.0000	0.0000	0.0000	0.0046	0.0008	0.0094	0.0012	0.0014	0.0000	0.0052	0.0007	0.0098		
125	163	0.1488	5	1	1	0	0	0	0	0	0	N	N	N	N	N	N	N	N	N	N	N	N	0.0000	0.0000	0.0000	0.0000	0.0000	0.0000	0.0000	0.0000	0.0000	0.0000	0.0000	0.0000	0.0000	0.0000	0.0000	0.0000	0.0000	0.7951	0.3531	2.4478	0.6595	0.6685	0.0000	0.8771	0.0723	2.5082	1.8536	0.0000	0.0000	5.9920	0.0000	12.2976	0.0003	0.0000	0.0000	0.0000	0.0000	0.0000	0.0000	0.0000	0.0000	0.0000	0.0000	0.0000	0.0000	0.0000	0.0000	0.0000	0.0000	0.0000	0.0000	0.0000	0.0000	0.0000	0.0000	0.0000	0.0000	0.0000	0.0000	0.0000	0.0000	0.0000	0.0000	0.0000	0.0000	0.0000	0.0000	0.0000	0.0000	0.0000	0.0000	0.0000	0.0000	0.0000	0.0000	0.0000	0.0000	0.0000	0.7951	0.3531	2.4478	0.6595	0.6685	0.0000	0.8771	0.0723	2.5082		
125	164	0.1378	4	0	1	0	0	0	0	0	0	N	N	N	N	N	N	N	N	N	N	N	N	14.7447	0.0012	65.8722	0.0004	0.0004	0.0000	34.8900	0.3042	65.5686	2.2038	0.0001	12.1954	0.0001	0.0001	0.0000	3.4464	0.0001	12.3208	0.1495	0.1231	0.1851	0.3264	0.3437	0.1195	0.0988	0.0005	0.1879	18860.1252	1.1112	0.0009	0.0014	5.9920	0.0063	12.2976	4.3641	0.0016	0.0000	0.0016	0.0000	0.0000	0.0000	0.0016	0.0000	0.0016	0.0203	0.0096	0.0107	0.0099	0.0096	0.0003	0.0104	0.0000	0.0104	0.0007	0.0006	0.0001	0.0003	0.0003	0.0000	0.0005	0.0003	0.0001	0.1356	0.0780	0.0576	0.0302	0.0279	0.0023	0.1054	0.0501	0.0553	14.7447	0.0012	65.8722	0.0004	0.0004	0.0000	34.8900	0.3042	65.5686	0.1495	0.1231	0.1851	0.3264	0.3437	0.1195	0.0988	0.0005	0.1879
125	165	0.1059	3	0	0	0	0	0	0	0	0	N	N	N	N	N	N	N	N	N	N	N	N	0.9201	0.0002	1.9335	0.0001	0.0002	0.0002	1.4864	0.0538	2.3786	7.4027	0.0006	49.2491	0.0017	0.0017	0.0000	8.8893	0.0003	49.8114	8.0457	2.6216	25.4717	11.9113	10.9697	0.0355	5.9803	0.0062	20.9412	14602.1677	2.8222	0.5508	0.7499	5.9920	2.5207	12.2976	10.0226	0.9856	0.0001	0.9856	0.0000	0.0000	0.0000	0.9856	0.0000	0.9856	2.6782	0.7007	1.9775	0.6998	0.6997	0.0001	1.9784	0.0011	1.9774	0.1331	0.1131	0.0200	0.0223	0.0220	0.0002	0.1109	0.0911	0.0198	0.4297	0.2673	0.1624	0.0988	0.0950	0.0038	0.3308	0.1723	0.1585	1.1876	0.0002	4.0439	0.0002	0.0002	0.0002	1.4864	0.0538	3.9936	6.2334	2.6216	12.1787	7.0810	7.3658	0.0355	5.9803	0.0062	12.4727
125	166	0.0903	2	0	0	0	0	0	0	0	0	N	N	N	N	N	N	N	N	N	N	N	N	0.0298	0.1036	0.0626	0.1431	0.5043	0.1042	0.0216	0.0564	0.0643	0.0568	0.0095	0.3137	0.1726	0.1028	5.8227	0.0472	0.0003	0.2804	1.9081	0.0918	5.0152	1.2060	0.2038	55.8578	2.1870	0.0059	4.3610	6.0760	31.9527	0.0027	0.3321	5.9920	2.6894	12.2976	4.6619	0.0066	0.0009	0.0056	0.0015	0.0009	0.0006	0.0050	0.0000	0.0050	0.6495	0.0197	0.6298	0.1167	0.0190	0.0977	0.5328	0.0007	0.5321	0.1157	0.0977	0.0180	0.0089	0.0087	0.0001	0.1068	0.0889	0.0179	0.3404	0.2148	0.1256	0.0968	0.0932	0.0036	0.2436	0.1216	0.1220	0.0298	0.1036	0.0626	0.1431	0.5043	0.2124	0.0216	0.0564	0.0643	1.9081	0.0918	5.0152	1.2060	0.2038	27.4114	2.1870	0.0059	4.3610
126	129	0.4351	7	0	2	0	0	0	0	0	0	N	Y	N	N	N	N	N	N	N	N	N	N	0.0000	0.0000	0.0000	0.0000	0.0000	0.0000	0.0000	0.0000	0.0000	0.0000	0.0000	0.0000	0.0000	0.0000	0.0000	0.0000	0.0000	0.0000	0.0008	0.0001	0.0031	0.0013	0.0001	0.0136	0.0002	0.0000	0.0003	13.7900	0.0000	0.0002	5.0407	1.0033	17.1705	0.8635	0.0000	0.0000	0.0000	0.0000	0.0000	0.0000	0.0000	0.0000	0.0000	0.0004	0.0000	0.0003	0.0003	0.0000	0.0003	0.0000	0.0000	0.0000	0.1075	0.0976	0.0099	0.0586	0.0559	0.0028	0.0488	0.0417	0.0071	0.4452	0.3394	0.1058	0.2527	0.2307	0.0220	0.1925	0.1087	0.0838	0.0000	0.0000	0.0000	0.0000	0.0000	0.0000	0.0000	0.0000	0.0000	0.0008	0.0001	0.0031	0.0013	0.0001	0.0136	0.0002	0.0000	0.0003	
126	130	0.4059	6	0	1	0	0	0	0	0	0	N	N	N	N	N	N	N	N	N	N	N	N	0.0285	0.0199	0.0974	0.0551	0.0553	0.0874	0.0123	0.0024	0.2268	0.0124	0.0099	0.0280	0.0280	0.0239	0.1011	0.0044	0.0015	0.0172	0.4363	0.4953	0.2876	0.5083	0.4313	1.1572	0.3567	0.6170	0.0757	0.4687	0.2304	-0.0004	-0.1325	5.0407	5.5514	17.1705	9.9598	0.0033	0.0023	0.0011	0.0026	0.0021	0.0005	0.0008	0.0002	0.0006	0.4886	0.3971	0.0915	0.2988	0.2267	0.0722	0.1898	0.1704	0.0194	0.2691	0.2309	0.0381	0.0917	0.0868	0.0049	0.1774	0.1442	0.0332	1.1200	0.8018	0.3182	0.5879	0.5255	0.0624	0.5321	0.2762	0.2558	0.0285	0.0199	0.0974	0.0551	0.0553	0.0874	0.0123	0.0024	0.2268	0.4363	0.4953	0.2876	0.5083	0.4313	1.1572	0.3567	0.6170	0.0757
126	131	0.3755	5	0	1	0	0	0	0	0	0	N	N	N	N	N	N	N	N	N	N	N	N	0.7692	0.7953	0.2216	2.6051	2.6625	2.1368	0.3564	0.3018	0.0519	0.6904	0.7763	0.1589	1.2871	1.2906	1.2228	0.4591	0.5473	0.0388	0.8976	0.9760	0.7171	0.4941	0.4847	0.5722	1.2881	1.8131	0.7475	0.0331	0.3194	-0.1102	-0.2312	5.0407	9.1969	17.1705	13.4651	0.2693	0.2607	0.0086	0.1402	0.1335	0.0067	0.1290	0.1272	0.0019	1.0688	0.8101	0.2587	0.2894	0.2535	0.0359	0.7794	0.5566	0.2229	0.3900	0.3358	0.0542	0.1090	0.1034	0.0055	0.2811	0.2323	0.0487	1.1908	0.8300	0.3608	0.5857	0.5230	0.0627	0.6051	0.3070	0.2981	0.7692	0.7953	0.2216	2.6051	2.6625	2.1368	0.3564	0.3018	0.0519	0.8976	0.9760	0.7171	0.4941	0.4847	0.5722	1.2881	1.8131	0.7475
126	132	0.1890	7	1	2	0	1	0	0	0	0	N	Y	N	N	N	N	N	N	N	N	N	N	0.0000	0.0000	0.0000	0.0000	0.0000	0.0000	0.0000	0.0000	0.0000	0.0000	0.0000	0.0000	0.0000	0.0000	0.0000	0.0000	0.0000	0.0002	0.0003	0.0000	0.0006	0.0007	0.0000	0.0000	0.0000	0.0000	0.0011	0.0000	-0.0000	5.0407	1.0000	17.1705	3.0001	0.0000	0.0000	0.0000	0.0000	0.0000	0.0000	0.0000	0.0000	0.0000	0.0000	0.0000	0.0000	0.0000	0.0000	0.0000	0.0000	0.0000	0.0000	0.0356	0.0301	0.0055	0.0042	0.0039	0.0002	0.0315	0.0262	0.0053	0.1307	0.0786	0.0521	0.0311	0.0281	0.0030	0.0996	0.0505	0.0491	0.0000	0.0000	0.0000	0.0000	0.0000	0.0000	0.0000	0.0000	0.0000	0.0002	0.0003	0.0000	0.0006	0.0007	0.0000	0.0000	0.0000	0.0000		
126	133	0.5879	11	1	2	0	1	0	0	0	0	N	Y	N	N	N	N	N	N	N	N	N	N	0.0000	0.0000	0.0000	0.0000	0.0000	0.0000	0.0000	0.0000	0.0000	0.0000	0.0000	0.0000	0.0000	0.0000	0.0000	0.0000	0.0000	0.0000	0.0020	0.0005	0.0052	0.0034	0.0009	0.0193	0.0007	0.0000	0.0014	4.3392	0.0000	0.0000	5.0407	0.0006	17.1705	1.9797	0.0000	0.0000	0.0000	0.0000	0.0000	0.0000	0.0000	0.0000	0.0000	0.0001	0.0000	0.0001	0.0001	0.0000	0.0001	0.0000	0.0000	0.0000	0.0001	0.0000	0.0000	0.0000	0.0000	0.0000	0.0000	0.0000	0.0000	0.0545	0.0374	0.0171	0.0260	0.0224	0.0035	0.0285	0.0150	0.0135	0.0000	0.0000	0.0000	0.0000	0.0000	0.0000	0.0000	0.0000	0.0000	0.0020	0.0005	0.0052	0.0034	0.0009	0.0193	0.0007	0.0000	0.0014	
126	134	0.5712	10	1	2	0	1	0	0	0	0	N	Y	N	N	N	N	N	N	N	N	N	N	0.0001	0.0000	0.0387	0.0000	0.0000	0.0000	0.0148	0.0000	0.0418	0.0000	0.0000	0.0000	0.0000	0.0000	0.0000	0.0000	0.0000	0.0000	0.0140	0.0205	0.0002	0.0301	0.0353	0.0001	0.0001	0.0000	0.0002	inf	0.0046	0.0000	-0.0013	5.0407	2.0077	17.1705	6.0321	0.0000	0.0000	0.0000	0.0000	0.0000	0.0000	0.0000	0.0000	0.0000	0.0028	0.0028	0.0000	0.0028	0.0028	0.0000	0.0000	0.0000	0.0000	0.0692	0.0596	0.0096	0.0215	0.0199	0.0016	0.0477	0.0398	0.0080	0.2020	0.1369	0.0651	0.0934	0.0796	0.0139	0.1085	0.0573	0.0512	0.0001	0.0000	0.0387	0.0000	0.0000	0.0000	0.0148	0.0000	0.0418	0.0140	0.0205	0.0002	0.0301	0.0353	0.0001	0.0001	0.0000	0.0002
126	135	0.5664	10	0	2	0	1	0	0	0	0	N	Y	N	N	N	N	N	N	N	N	N	N	2.7181	2.2509	0.0000	13.4002	12.8681	0.0000	0.0000	0.0000	0.0000	0.0201	0.0241	0.0000	0.0655	0.0701	0.0000	0.0000	0.0000	0.0000	0.0074	0.0107	0.0004	0.0049	0.0054	0.0017	0.0097	0.0186	0.0001	0.0000	0.0194	-0.0010	-0.0011	5.0407	3.0348	17.1705	9.3583	0.0023	0.0023	0.0000	0.0023	0.0023	0.0000	0.0000	0.0000	0.0000	0.0025	0.0025	0.0000	0.0008	0.0008	0.0000	0.0017	0.0017	0.0000	0.1132	0.0945	0.0188	0.0348	0.0325	0.0023	0.0784	0.0619	0.0165	0.3412	0.2312	0.1100	0.1625	0.1384	0.0241	0.1787	0.0928	0.0859	2.7181	2.2509	0.0000	13.4002	12.8681	0.0000	0.0000	0.0000	0.0000	0.0074	0.0107	0.0004	0.0049	0.0054	0.0017	0.0097	0.0186	0.0001
126	136	0.5521	9	0	1	0	1	0	0	0	0	N	N	N	N	N	N	N	N	N	N	N	N	89.7567	1.3593	3069.7131	2.2465	2.0699	3.8200	7651.3681	8.4781	45852.6108	1.3177	0.0277	8.4724	0.0713	0.0729	0.0466	1.9144	0.0024	9.6946	0.0147	0.0204	0.0028	0.0318	0.0352	0.0122	0.0003	0.0003	0.0002	55.0597	0.0650	0.0013	-0.0010	5.0407	0.0433	17.1705	6.6805	0.0023	0.0000	0.0023	0.0000	0.0000	0.0000	0.0023	0.0000	0.0023	0.0026	0.0024	0.0002	0.0026	0.0024	0.0001	0.0000	0.0000	0.0000	0.0018	0.0015	0.0003	0.0006	0.0005	0.0000	0.0012	0.0010	0.0002	0.1759	0.1188	0.0571	0.0805	0.0684	0.0121	0.0953	0.0504	0.0449	89.7567	1.3593	3069.7131	2.2465	2.0699	3.8200	7651.3681	8.4781	45852.6108	0.0147	0.0204	0.0028	0.0318	0.0352	0.0122	0.0003	0.0003	0.0002
126	137	0.2186	9	0	2	0	1	0	0	0	0	N	Y	N	N	N	N	N	N	N	N	N	N	0.0000	0.0000	0.0000	0.0000	0.0000	0.0000	0.0000	0.0000	0.0000	0.0000	0.0000	0.0000	0.0000	0.0000	0.0000	0.0000	0.0000	0.0000	0.0000	0.0000	5.0407	0.0000	17.1705	0.0000	0.0000	0.0000	0.0000	0.0000	0.0000	0.0000	0.0000	0.0000	0.0000	0.0000	0.0000	0.0000	0.0000	0.0000	0.0000	0.0000	0.0000	0.0000	0.0000	0.0000	0.0000	0.0000	0.0000	0.0000	0.0000	0.0000	0.0000	0.0000	0.0000	0.0000	0.0000	0.0000	0.0000	0.0000	0.0000	0.0000	0.0000	0.0000	0.0000	0.0000	0.0000	0.0000	0.0000	0.0000	0.0000	0.0000	0.0000	0.0000	0.0000	0.0000	0.0000	0.0000	0.0000	0.0000											
126	138	0.2136	8	0	2	0	1	0	0	0	0	N	Y	N	N	N	N	N	N	N	N	N	N	0.0000	0.0000	0.0000	0.0000	0.0000	0.0000	0.0000	0.0000	0.0000	0.0000	0.0000	0.0000	0.0000	0.0000	0.0000	0.0000	0.0000	0.0000	0.0000	0.0000	0.0000	0.0000	0.0000	0.0000	-0.0000	5.0407	0.0021	17.1705	2.0000	0.0000	0.0000	0.0000	0.0000	0.0000	0.0000	0.0000	0.0000	0.0000	0.0000	0.0000	0.0000	0.0000	0.0000	0.0000	0.0000	0.0000	0.0000	0.0002	0.0002	0.0000	0.0001	0.0001	0.0000	0.0001	0.0001	0.0000	0.0647	0.0395	0.0252	0.0170	0.0154	0.0016	0.0476	0.0240	0.0236	0.0000	0.0000	0.0000	0.0000	0.0000	0.0000	0.0000	0.0000	0.0000	0.0000	0.0000	0.0000	0.0000	0.0000	0.0000	0.0000	0.0000	0.0000						
126	139	0.2033	7	0	1	0	1	0	0	0	0	N	N	N	N	N	N	N	N	N	N	N	N	0.0000	0.0000	0.0000	0.0000	0.0000	0.0000	0.0000	0.0000	0.0000	0.0000	0.0000	0.0000	0.0000	0.0000	0.0000	0.0000	0.0000	0.0000	0.0011	0.0018	0.0000	0.0039	0.0044	0.0000	0.0001	0.0002	0.0000	0.0001	0.0000	-0.0001	5.0407	1.0020	17.1705	3.0181	0.0000	0.0000	0.0000	0.0000	0.0000	0.0000	0.0000	0.0000	0.0000	0.0001	0.0001	0.0000	0.0001	0.0001	0.0000	0.0000	0.0000	0.0000	0.0357	0.0302	0.0055	0.0043	0.0041	0.0002	0.0314	0.0262	0.0053	0.1311	0.0794	0.0517	0.0335	0.0303	0.0032	0.0976	0.0491	0.0485	0.0000	0.0000	0.0000	0.0000	0.0000	0.0000	0.0000	0.0000	0.0000	0.0011	0.0018	0.0000	0.0039	0.0044	0.0000	0.0001	0.0002	0.0000	
126	140	0.1890	7	0	2	0	0	0	0	0	0	N	Y	N	N	N	N	N	N	N	N	N	N	0.0000	0.0000	0.0000	0.0000	0.0000	0.0000	0.0000	0.0000	0.0000	0.0000	0.0000	0.0000	0.0000	0.0000	0.0000	0.0000	0.0000	0.0000	0.0000	0.0000	0.0000	0.0000	0.0000	0.0000	inf	0.0000	0.0000	5.0407	0.0000	17.1705	4.0001	0.0000	0.0000	0.0000	0.0000	0.0000	0.0000	0.0000	0.0000	0.0000	0.0000	0.0000	0.0000	0.0000	0.0000	0.0000	0.0000	0.0000	0.0000	0.0000	0.0000	0.0000	0.0000	0.0000	0.0000	0.0000	0.0000	0.0000	0.1307	0.0786	0.0521	0.0311	0.0281	0.0030	0.0996	0.0505	0.0491	0.0000	0.0000	0.0000	0.0000	0.0000	0.0000	0.0000	0.0000	0.0000	0.0000	0.0000	0.0000	0.0000	0.0000	0.0000	0.0000	0.0000	0.0000				
126	141	0.5666	9	0	2	0	0	0	0	0	0	N	Y	N	N	N	N	N	N	N	N	N	N	2.1261	1.7235	0.0205	0.0703	0.0664	0.0000	180.9239	5636.2176	0.0646	0.0003	0.0003	0.0000	0.0000	0.0000	0.0000	0.0004	0.0005	0.0000	0.0001	0.0002	0.0000	0.0003	0.0003	0.0000	0.0000	0.0000	0.0000	0.0001	0.0298	-0.0000	-0.0000	5.0407	1.0003	17.1705	5.0186	0.0000	0.0000	0.0000	0.0000	0.0000	0.0000	0.0000	0.0000	0.0000	0.0000	0.0000	0.0000	0.0000	0.0000	0.0000	0.0000	0.0000	0.0000	0.0346	0.0298	0.0048	0.0107	0.0099	0.0008	0.0238	0.0199	0.0040	0.1540	0.1044	0.0495	0.0714	0.0609	0.0105	0.0826	0.0435	0.0391	2.1261	1.7235	0.0205	0.0703	0.0664	0.0000	180.9239	5636.2176	0.0646	0.0001	0.0002	0.0000	0.0003	0.0003	0.0000	0.0000	0.0000	0.0000
126	142	0.2033	7	0	1	1	1	0	0	0	0	N	N	N	N	N	N	N	N	N	N	N	N	0.0000	0.0000	0.0000	0.0000	0.0000	0.0000	0.0000	0.0000	0.0000	0.0000	0.0000	0.0000	0.0000	0.0000	0.0000	0.0000	0.0000	0.0000	0.0098	0.0007	0.0238	0.0029	0.0018	0.0128	0.0122	0.0001	0.0246	20.7600	0.0000	0.0014	5.0407	0.0001	17.1705	9.0026	0.0000	0.0000	0.0000	0.0000	0.0000	0.0000	0.0000	0.0000	0.0000	0.0028	0.0001	0.0027	0.0002	0.0001	0.0001	0.0026	0.0000	0.0026	0.0000	0.0000	0.0000	0.0000	0.0000	0.0000	0.0000	0.0000	0.0000	0.2873	0.1741	0.1131	0.0731	0.0661	0.0070	0.2141	0.1081	0.1061	0.0000	0.0000	0.0000	0.0000	0.0000	0.0000	0.0000	0.0000	0.0000	0.0098	0.0007	0.0238	0.0029	0.0018	0.0128	0.0122	0.0001	0.0246	
126	143	0.5521	9	0	1	1	1	0	0	0	0	N	N	N	N	N	N	N	N	N	N	N	N	0.0122	0.0096	0.0000	0.0189	0.0174	0.0000	5.5353	664.3095	0.0000	0.0006	0.0007	0.0000	0.0020	0.0021	0.0000	0.0000	0.0000	0.0000	0.0477	0.0706	0.0002	0.1043	0.1228	0.0011	0.0000	0.0000	0.0000	0.0000	0.0017	-0.0000	-0.0056	5.0407	2.0061	17.1705	8.0425	0.0000	0.0000	0.0000	0.0000	0.0000	0.0000	0.0000	0.0000	0.0000	0.0123	0.0123	0.0000	0.0123	0.0123	0.0000	0.0000	0.0000	0.0000	0.0686	0.0589	0.0097	0.0199	0.0183	0.0015	0.0487	0.0405	0.0082	0.2577	0.1738	0.0839	0.1177	0.0999	0.0179	0.1399	0.0739	0.0660	0.0122	0.0096	0.0000	0.0189	0.0174	0.0000	5.5353	664.3095	0.0000	0.0477	0.0706	0.0002	0.1043	0.1228	0.0011	0.0000	0.0000	0.0000
126	144	0.5430	8	0	1	0	1	0	0	0	0	N	N	N	N	N	N	N	N	N	N	N	N	33380.7224	36463.0187	0.0000	50108.2610	57946.1244	0.0000	5830.6774	431517.0644	0.0000	13.7853	16.1244	0.0000	39.5120	43.4910	0.0000	0.4577	0.5534	0.0000	0.0004	0.0004	0.0003	0.0008	0.0008	0.0011	0.0001	0.0000	0.0002	0.0000	0.2943	-0.4388	-0.0000	5.0407	1.9550	17.1705	2.1189	0.9947	0.9947	0.0000	0.9729	0.9729	0.0000	0.0218	0.0218	0.0000	0.0001	0.0001	0.0000	0.0001	0.0001	0.0000	0.0000	0.0000	0.0000	0.0722	0.0617	0.0105	0.0246	0.0224	0.0023	0.0475	0.0393	0.0082	0.1619	0.1168	0.0451	0.0762	0.0687	0.0075	0.0856	0.0481	0.0376	33380.7224	36463.0187	0.0000	50108.2610	57946.1244	0.0000	5830.6774	431517.0644	0.0000	0.0004	0.0004	0.0003	0.0008	0.0008	0.0011	0.0001	0.0000	0.0002
126	145	0.5430	8	0	1	1	1	0	0	0	0	N	N	N	N	N	N	N	N	N	N	N	N	0.0297	1.3659	0.0000	0.0650	0.0619	0.0000	0.0243	3.9080	0.0000	0.0542	0.0634	0.0000	0.0035	0.0039	0.0000	0.0802	0.0968	0.0000	1.8252	0.0464	5.6920	0.0542	0.0626	0.0015	3.2982	0.0248	7.0937	0.0000	56.4465	-0.0019	0.5323	5.0407	2.1261	17.1705	18.6477	0.0042	0.0042	0.0000	0.0001	0.0001	0.0000	0.0041	0.0041	0.0000	1.0154	0.0177	0.9977	0.0137	0.0136	0.0001	1.0017	0.0040	0.9977	0.0780	0.0667	0.0113	0.0264	0.0240	0.0024	0.0516	0.0427	0.0089	0.5563	0.3810	0.1753	0.2526	0.2180	0.0346	0.3037	0.1631	0.1406	0.0297	1.3659	0.0000	0.0650	0.0619	0.0000	0.0243	3.9080	0.0000	1.8252	0.0464	5.6920	0.0542	0.0626	0.0015	3.2982	0.0248	7.0937
126	146	0.2033	7	0	1	1	1	0	0	0	0	N	N	N	N	N	N	N	N	N	N	N	N	0.0000	0.0000	0.0000	0.0000	0.0000	0.0000	0.0000	0.0000	0.0000	0.0000	0.0000	0.0000	0.0000	0.0000	0.0000	0.0000	0.0000	0.0000	4.0394	0.0001	16.8907	0.0006	0.0002	0.0048	5.2302	0.0001	14.9314	44777.5640	0.0000	0.5405	5.0407	2.0001	17.1705	5.9880	0.0000	0.0000	0.0000	0.0000	0.0000	0.0000	0.0000	0.0000	0.0000	0.9979	0.0000	0.9979	0.0000	0.0000	0.0000	0.9978	0.0000	0.9978	0.0710	0.0600	0.0109	0.0085	0.0080	0.0005	0.0625	0.0520	0.0104	0.2560	0.1552	0.1008	0.0652	0.0589	0.0063	0.1908	0.0962	0.0945	0.0000	0.0000	0.0000	0.0000	0.0000	0.0000	0.0000	0.0000	0.0000	3.8980	0.0001	9.8964	0.0006	0.0002	0.0048	5.2302	0.0001	10.5534	
126	147	0.2033	7	0	1	1	1	0	0	0	0	N	N	N	N	N	N	N	N	N	N	N	N	2.9744	2.1337	0.0000	0.0092	0.0088	0.0000	12592.0202	7687.8293	0.0000	3.1900	3.7628	0.0000	0.0393	0.0417	0.0000	3.6178	4.3332	0.0000	1.0725	1.7635	0.0002	4.2669	4.7303	0.0026	0.0003	0.0006	0.0000	0.0000	0.0001	-0.4348	-0.4571	5.0407	9.0001	17.1705	23.0169	0.9856	0.9856	0.0000	0.0014	0.0014	0.0000	0.9841	0.9841	0.0000	0.9974	0.9973	0.0001	0.9972	0.9971	0.0001	0.0002	0.0002	0.0000	0.3090	0.2619	0.0470	0.0369	0.0348	0.0021	0.2720	0.2271	0.0449	0.9300	0.5655	0.3644	0.2337	0.2108	0.0229	0.6963	0.3547	0.3415	2.9744	2.1337	0.0000	0.0092	0.0088	0.0000	12592.0202	7687.8293	0.0000	1.0725	1.7635	0.0002	4.2669	4.7303	0.0026	0.0003	0.0006	0.0000
126	148	0.1780	6	0	1	0	1	0	0	0	0	N	N	N	N	N	N	N	N	N	N	N	N	0.0006	0.0000	1.0678	0.0000	0.0000	0.0071	0.0005	0.0000	1.2258	0.0017	0.0000	0.0105	0.0000	0.0000	0.0002	0.0019	0.0000	0.0110	2.9555	5.0938	0.0099	0.2059	0.2243	0.0240	3.8933	7.7045	0.0090	inf	0.0013	0.0001	-0.4602	5.0407	1.9990	17.1705	7.9526	0.0001	0.0000	0.0001	0.0000	0.0000	0.0000	0.0001	0.0000	0.0001	1.0069	1.0056	0.0013	0.0178	0.0177	0.0002	0.9891	0.9879	0.0011	0.0717	0.0604	0.0112	0.0087	0.0082	0.0005	0.0630	0.0522	0.0108	0.3407	0.2069	0.1338	0.0866	0.0787	0.0080	0.2540	0.1282	0.1258	0.0006	0.0000	1.0678	0.0000	0.0000	0.0071	0.0005	0.0000	1.2258	2.9555	4.8598	0.0099	0.2059	0.2243	0.0240	3.8933	7.7045	0.0090
126	149	0.1461	5	1	2	0	0	0	0	0	0	N	Y	N	N	N	N	N	N	N	N	N	N	0.0080	0.5391	0.0000	0.8864	0.9774	0.0000	0.0000	0.0000	0.0000	0.0076	0.0089	0.0000	0.0409	0.0428	0.0000	0.0000	0.0000	0.0000	0.9440	0.0166	2.4865	0.0461	0.0437	0.0725	1.2554	0.0001	2.6327	0.0000	90.1083	-0.0007	0.3891	5.0407	5.3497	17.1705	17.2225	0.0017	0.0017	0.0000	0.0017	0.0017	0.0000	0.0000	0.0000	0.0000	0.7333	0.0080	0.7252	0.0092	0.0080	0.0012	0.7241	0.0000	0.7240	0.2231	0.1893	0.0338	0.0414	0.0396	0.0018	0.1817	0.1497	0.0320	0.7768	0.4851	0.2917	0.2000	0.1834	0.0167	0.5767	0.3017	0.2750	0.0080	0.5391	0.0000	0.8864	0.9774	0.0000	0.0000	0.0000	0.0000	0.9440	0.0166	2.4865	0.0461	0.0437	0.0725	1.2554	0.0001	2.6327
126	150	0.1769	6	0	2	0	0	0	0	0	0	N	Y	N	N	N	N	N	N	N	N	N	N	0.0022	0.0026	0.0000	0.1074	0.1037	0.0001	0.0000	0.0000	0.0000	0.0067	0.0078	0.0000	0.0227	0.0238	0.0000	0.0001	0.0001	0.0000	3.1185	2.9982	3.3481	0.2116	0.2292	0.0492	4.6289	5.4559	3.7031	0.0000	0.5853	-0.0006	-0.2353	5.0407	3.6794	17.1705	17.4287	0.0014	0.0014	0.0000	0.0014	0.0014	0.0000	0.0000	0.0000	0.0000	2.6389	1.6646	0.9743	0.0612	0.0598	0.0014	2.5777	1.6048	0.9729	0.2048	0.1771	0.0277	0.0604	0.0578	0.0026	0.1444	0.1193	0.0251	0.8462	0.5552	0.2910	0.2893	0.2611	0.0283	0.5569	0.2941	0.2627	0.0022	0.0026	0.0000	0.1074	0.1037	0.0001	0.0000	0.0000	0.0000	3.1185	2.9982	3.3481	0.2116	0.2292	0.0492	4.6289	5.4559	3.7031
126	151	0.1461	5	0	2	0	0	0	0	0	0	N	Y	N	N	N	N	N	N	N	N	N	N	0.0138	0.0081	0.1635	0.2257	0.2175	0.1372	0.0109	0.0052	0.1627	0.0101	0.0089	0.0169	0.0066	0.0069	0.0003	0.0110	0.0095	0.0180	0.7321	1.0881	0.1035	0.0293	0.0317	0.0023	1.0105	1.8185	0.1103	0.3417	0.0539	-0.0003	-0.1558	5.0407	3.4464	17.1705	10.1316	0.0016	0.0012	0.0004	0.0002	0.0002	0.0000	0.0014	0.0010	0.0004	0.3826	0.3630	0.0196	0.0043	0.0043	0.0000	0.3782	0.3587	0.0195	0.1580	0.1340	0.0240	0.0339	0.0325	0.0014	0.1241	0.1015	0.0226	0.5226	0.3336	0.1889	0.1483	0.1364	0.0119	0.3743	0.1973	0.1771	0.0138	0.0081	0.1635	0.2257	0.2175	0.1372	0.0109	0.0052	0.1627	0.7321	1.0881	0.1035	0.0293	0.0317	0.0023	1.0105	1.8185	0.1103
126	152	0.5734	11	1	2	0	0	0	0	0	0	N	Y	N	N	N	N	N	N	N	N	N	N	0.0000	0.0000	0.0000	0.0000	0.0000	0.0000	0.0000	0.0000	0.0000	0.0000	0.0000	0.0000	0.0000	0.0000	0.0000	0.0000	0.0000	0.0000	0.2497	0.3677	0.0006	0.5406	0.6349	0.0027	0.0002	0.0003	0.0000	0.0000	0.0008	-0.0000	-0.0365	5.0407	1.0143	17.1705	12.0086	0.0000	0.0000	0.0000	0.0000	0.0000	0.0000	0.0000	0.0000	0.0000	0.0797	0.0796	0.0001	0.0797	0.0796	0.0001	0.0000	0.0000	0.0000	0.0357	0.0307	0.0049	0.0113	0.0105	0.0008	0.0244	0.0203	0.0041	0.3191	0.2166	0.1025	0.1474	0.1254	0.0220	0.1717	0.0912	0.0805	0.0000	0.0000	0.0000	0.0000	0.0000	0.0000	0.0000	0.0000	0.0000	0.2497	0.3677	0.0006	0.5406	0.6349	0.0027	0.0002	0.0003	0.0000
126	153	0.5712	10	1	2	0	0	0	0	0	0	N	Y	N	N	N	N	N	N	N	N	N	N	0.2813	0.2340	0.0115	0.4391	0.4094	0.0000	0.0046	0.0000	0.0131	0.0003	0.0003	0.0000	0.0009	0.0010	0.0000	0.0000	0.0000	0.0000	0.0010	0.0014	0.0002	0.0021	0.0024	0.0001	0.0001	0.0000	0.0002	0.0009	0.0566	-0.0000	-0.0000	5.0407	0.9811	17.1705	0.0216	0.0000	0.0000	0.0000	0.0000	0.0000	0.0000	0.0000	0.0000	0.0000	0.0000	0.0000	0.0000	0.0000	0.0000	0.0000	0.0000	0.0000	0.0000	0.0341	0.0294	0.0047	0.0106	0.0098	0.0008	0.0235	0.0196	0.0039	0.0262	0.0178	0.0084	0.0122	0.0104	0.0018	0.0140	0.0074	0.0066	0.2813	0.2340	0.0115	0.4391	0.4094	0.0000	0.0046	0.0000	0.0131	0.0010	0.0014	0.0002	0.0021	0.0024	0.0001	0.0001	0.0000	0.0002
126	154	0.5666	9	1	2	0	0	0	0	0	0	N	Y	N	N	N	N	N	N	N	N	N	N	649.7024	706.7182	0.6356	25.8599	30.4446	0.0000	5659.3106	286031.1704	1.9309	0.0305	0.0355	0.0000	0.0024	0.0026	0.0000	0.0474	0.0572	0.0000	0.0000	0.0001	0.0000	0.0001	0.0001	0.0001	0.0000	0.0000	0.0000	0.0001	0.3713	-0.0000	-0.0000	5.0407	0.0083	17.1705	2.0001	0.0000	0.0000	0.0000	0.0000	0.0000	0.0000	0.0000	0.0000	0.0000	0.0000	0.0000	0.0000	0.0000	0.0000	0.0000	0.0000	0.0000	0.0000	0.0003	0.0003	0.0000	0.0001	0.0001	0.0000	0.0002	0.0002	0.0000	0.0534	0.0363	0.0171	0.0249	0.0213	0.0036	0.0285	0.0150	0.0135	649.7024	706.7182	0.6356	25.8599	30.4446	0.0000	5659.3106	286031.1704	1.9309	0.0000	0.0001	0.0000	0.0001	0.0001	0.0001	0.0000	0.0000	0.0000
126	155	0.5430	8	0	2	0	0	0	0	0	0	N	Y	N	N	N	N	N	N	N	N	N	N	25.3458	31.4405	0.0000	0.8938	1.2547	0.0000	484.9857	214523.9983	0.0000	0.0405	0.0472	0.0000	0.0030	0.0033	0.0000	0.0589	0.0710	0.0000	0.0016	0.0015	0.0018	0.0033	0.0026	0.0085	0.0001	0.0000	0.0003	0.0000	0.5271	-0.0019	-0.0001	5.0407	2.9180	17.1705	7.4065	0.0042	0.0042	0.0000	0.0001	0.0001	0.0000	0.0041	0.0041	0.0000	0.0005	0.0003	0.0002	0.0005	0.0003	0.0002	0.0000	0.0000	0.0000	0.1047	0.0897	0.0149	0.0345	0.0315	0.0030	0.0701	0.0582	0.0119	0.3154	0.2196	0.0958	0.1452	0.1271	0.0181	0.1702	0.0925	0.0777	25.3458	31.4405	0.0000	0.8938	1.2547	0.0000	484.9857	214523.9983	0.0000	0.0016	0.0015	0.0018	0.0033	0.0026	0.0085	0.0001	0.0000	0.0003
126	156	0.4772	7	0	1	0	0	0	0	0	0	N	N	N	N	N	N	N	N	N	N	N	N	0.1233	0.1173	0.0000	0.1677	0.1678	0.0000	0.0858	0.0795	0.0000	0.0171	0.0195	0.0000	0.0287	0.0305	0.0000	0.0094	0.0112	0.0000	0.1389	0.1661	0.0803	0.1709	0.1819	0.0910	0.1099	0.1411	0.0779	0.0000	0.2237	-0.0032	-0.0364	5.0407	8.2479	17.1705	19.7214	0.0073	0.0073	0.0000	0.0049	0.0049	0.0000	0.0024	0.0024	0.0000	0.1321	0.1079	0.0241	0.0774	0.0724	0.0050	0.0547	0.0355	0.0192	0.4233	0.3724	0.0509	0.1698	0.1595	0.0103	0.2535	0.2129	0.0406	0.9504	0.6498	0.3006	0.4528	0.3981	0.0548	0.4976	0.2517	0.2459	0.1233	0.1173	0.0000	0.1677	0.1678	0.0000	0.0858	0.0795	0.0000	0.1389	0.1661	0.0803	0.1709	0.1819	0.0910	0.1099	0.1411	0.0779
126	157	0.4410	6	0	1	0	0	0	0	0	0	N	N	N	N	N	N	N	N	N	N	N	N	0.0453	0.0359	0.0686	0.2192	0.2038	0.7865	0.0150	0.0088	0.0126	0.0792	0.0897	0.0118	0.1627	0.1705	0.0599	0.0415	0.0492	0.0025	1.7465	2.4977	0.1724	0.7420	0.8365	0.0762	2.7666	5.6077	0.1956	0.0206	0.0329	-0.0102	-0.7427	5.0407	7.4725	17.1705	14.3153	0.0244	0.0239	0.0005	0.0156	0.0151	0.0004	0.0088	0.0087	0.0001	1.7415	1.6859	0.0555	0.3728	0.3680	0.0048	1.3687	1.3179	0.0508	0.3076	0.2659	0.0416	0.0956	0.0889	0.0068	0.2119	0.1771	0.0349	0.9971	0.6750	0.3221	0.5024	0.4400	0.0624	0.4947	0.2350	0.2597	0.0453	0.0359	0.0686	0.2192	0.2038	0.7865	0.0150	0.0088	0.0126	1.7465	2.4977	0.1724	0.7420	0.8365	0.0762	2.7666	5.6077	0.1956
126	158	0.3755	5	0	1	0	0	0	0	0	0	N	N	N	N	N	N	N	N	N	N	N	N	3.6365	4.2961	0.0027	27.6823	29.2299	0.0472	0.4174	0.4124	0.0007	2.3920	2.7783	0.0018	7.8603	8.2977	0.0134	0.4170	0.5025	0.0005	0.6578	0.6467	0.6825	0.2839	0.2839	0.2845	0.9989	1.2184	0.7680	0.0001	0.4732	-0.4910	-0.1232	5.0407	11.6653	17.1705	19.4910	1.1134	1.1132	0.0001	0.9708	0.9707	0.0001	0.1426	0.1426	0.0000	0.8981	0.6097	0.2885	0.1850	0.1637	0.0213	0.7131	0.4459	0.2672	0.4654	0.4007	0.0648	0.1235	0.1170	0.0065	0.3419	0.2837	0.0582	1.3654	0.9427	0.4227	0.6515	0.5767	0.0748	0.7139	0.3660	0.3479	3.6365	4.2961	0.0027	27.6823	29.2299	0.0472	0.4174	0.4124	0.0007	0.6578	0.6467	0.6825	0.2839	0.2839	0.2845	0.9989	1.2184	0.7680
126	159	0.3283	4	0	1	0	0	0	0	0	0	N	N	N	N	N	N	N	N	N	N	N	N	3.2988	6.4774	0.1760	0.4699	1.1888	0.0383	5.7622	7.5717	0.4087	2.3148	2.6314	0.2429	0.3992	0.4102	0.1813	3.2221	3.8424	0.2510	0.7017	0.4062	1.3800	0.8497	0.3450	4.7320	0.5592	0.5075	0.6141	0.0141	1.4797	-0.3497	0.1359	5.0407	7.3933	17.1705	20.5306	0.8185	0.8071	0.0114	0.0454	0.0444	0.0010	0.7731	0.7627	0.0104	0.9820	0.3960	0.5860	0.5833	0.2096	0.3737	0.3986	0.1864	0.2123	0.3536	0.3067	0.0469	0.1137	0.1082	0.0054	0.2399	0.1985	0.0414	1.3994	0.9748	0.4246	0.6865	0.6076	0.0790	0.7129	0.3672	0.3456	3.2988	6.4774	0.1760	0.4699	1.1888	0.0383	5.7622	7.5717	0.4087	0.7017	0.4062	1.3800	0.8497	0.3450	4.7320	0.5592	0.5075	0.6141
126	160	0.0921	3	0	1	0	0	0	0	0	0	N	N	N	N	N	N	N	N	N	N	N	N	2.6409	3.8606	4.5066	0.7357	0.7219	0.6216	2.3909	3.3489	4.4123	2.4289	1.5078	7.6268	0.0908	0.0917	0.0490	2.5641	1.6028	7.6879	0.9198	0.3905	1.6924	0.1234	0.1270	0.0788	1.0724	0.4786	1.7424	0.8965	2.9681	0.0648	0.5656	5.0407	27.6416	17.1705	54.6365	2.0502	1.0811	0.9691	0.0042	0.0041	0.0000	2.0460	1.0769	0.9691	1.9528	0.4921	1.4606	0.0421	0.0401	0.0020	1.9106	0.4520	1.4586	0.8441	0.7170	0.1271	0.0461	0.0451	0.0010	0.7979	0.6719	0.1261	2.1231	1.2601	0.8631	0.3415	0.3156	0.0259	1.7816	0.9444	0.8371	2.6409	3.8606	4.5066	0.7357	0.7219	0.6216	2.3909	3.3489	4.4123	0.9198	0.3905	1.6924	0.1234	0.1270	0.0788	1.0724	0.4786	1.7424
126	161	0.1966	9	1	2	0	0	0	0	0	0	N	Y	N	N	N	N	N	N	N	N	N	N	0.0000	0.0000	0.0000	0.0000	0.0000	0.0000	0.0000	0.0000	0.0000	0.0000	0.0000	0.0000	0.0000	0.0000	0.0000	0.0000	0.0000	0.0002	0.0003	0.0000	0.0009	0.0009	0.0004	0.0000	0.0000	0.0000	0.0478	0.0000	-0.0000	5.0407	0.0002	17.1705	3.0099	0.0000	0.0000	0.0000	0.0000	0.0000	0.0000	0.0000	0.0000	0.0000	0.0000	0.0000	0.0000	0.0000	0.0000	0.0000	0.0000	0.0000	0.0000	0.0000	0.0000	0.0000	0.0000	0.0000	0.0000	0.0000	0.0000	0.0000	0.1007	0.0612	0.0396	0.0246	0.0224	0.0023	0.0761	0.0388	0.0373	0.0000	0.0000	0.0000	0.0000	0.0000	0.0000	0.0000	0.0000	0.0000	0.0002	0.0003	0.0000	0.0009	0.0009	0.0004	0.0000	0.0000	0.0000		
126	162	0.1890	8	1	2	0	0	0	0	0	0	N	Y	N	N	N	N	N	N	N	N	N	N	0.0000	0.0000	0.0000	0.0000	0.0000	0.0000	0.0000	0.0000	0.0000	0.0000	0.0000	0.0000	0.0000	0.0000	0.0000	0.0000	0.0000	0.0014	0.0024	0.0000	0.0060	0.0066	0.0000	0.0000	0.0000	0.0000	0.0003	0.0000	-0.0001	5.0407	0.9998	17.1705	2.0118	0.0000	0.0000	0.0000	0.0000	0.0000	0.0000	0.0000	0.0000	0.0000	0.0001	0.0001	0.0000	0.0001	0.0001	0.0000	0.0000	0.0000	0.0000	0.0356	0.0301	0.0055	0.0042	0.0039	0.0002	0.0315	0.0262	0.0053	0.0989	0.0595	0.0394	0.0235	0.0213	0.0022	0.0753	0.0382	0.0372	0.0000	0.0000	0.0000	0.0000	0.0000	0.0000	0.0000	0.0000	0.0000	0.0014	0.0024	0.0000	0.0060	0.0066	0.0000	0.0000	0.0000	0.0000		
126	163	0.1890	7	1	2	0	0	0	0	0	0	N	Y	N	N	N	N	N	N	N	N	N	N	0.0000	0.0000	0.0000	0.0000	0.0000	0.0000	0.0000	0.0000	0.0000	0.0000	0.0000	0.0000	0.0000	0.0000	0.0000	0.0023	0.0020	0.0035	0.0057	0.0041	0.0755	0.0000	0.0000	0.0000	0.4411	0.0000	-0.0000	5.0407	0.0000	17.1705	0.0003	0.0000	0.0000	0.0000	0.0000	0.0000	0.0000	0.0000	0.0000	0.0000	0.0000	0.0000	0.0000	0.0000	0.0000	0.0000	0.0000	0.0000	0.0000	0.0000	0.0000	0.0000	0.0000	0.0000	0.0000	0.0000	0.0000	0.0000	0.0000	0.0000	0.0000	0.0000	0.0000	0.0000	0.0000	0.0000	0.0000	0.0000	0.0000	0.0000	0.0000	0.0000	0.0000	0.0000	0.0000	0.0000	0.0023	0.0020	0.0035	0.0057	0.0041	0.0755	0.0000	0.0000	0.0000				
126	164	0.1780	6	0	2	0	0	0	0	0	0	N	Y	N	N	N	N	N	N	N	N	N	N	0.0153	0.0000	0.0113	0.0006	0.0000	0.8972	0.0245	0.0000	0.0120	0.1173	0.0000	0.3834	0.0002	0.0000	0.0322	0.2012	0.0000	0.3864	7.6849	0.1535	34.0188	0.3400	0.3705	0.0359	8.2090	0.0001	32.1598	inf	62.6421	0.0001	0.5264	5.0407	0.0063	17.1705	4.3641	0.0001	0.0000	0.0001	0.0000	0.0000	0.0000	0.0001	0.0000	0.0001	1.0010	0.0157	0.9852	0.0159	0.0157	0.0002	0.9851	0.0000	0.9851	0.0010	0.0007	0.0003	0.0004	0.0004	0.0000	0.0006	0.0003	0.0003	0.1667	0.1024	0.0642	0.0467	0.0424	0.0043	0.1200	0.0600	0.0600	0.0195	0.0000	0.0250	0.0006	0.0000	0.8972	0.0245	0.0000	0.0235	6.0047	0.1535	15.3348	0.3400	0.3705	0.0359	8.2090	0.0001	16.4230
126	165	0.1461	5	0	1	0	0	0	0	0	0	N	N	N	N	N	N	N	N	N	N	N	N	0.2746	0.0001	0.6541	0.2392	0.0031	0.9998	0.2572	0.0000	0.6529	0.5675	0.0000	3.7400	0.0017	0.0000	0.0417	0.7463	0.0000	3.9863	2.0667	0.0231	5.7182	0.0069	0.0039	0.0417	2.9020	0.0367	6.1056	203117.0540	138.4132	0.0399	0.5435	5.0407	2.5207	17.1705	10.0226	0.0714	0.0000	0.0714	0.0001	0.0000	0.0000	0.0714	0.0000	0.0714	1.0170	0.0073	1.0097	0.0010	0.0005	0.0005	1.0160	0.0068	1.0092	0.1259	0.1068	0.0191	0.0302	0.0290	0.0012	0.0956	0.0777	0.0179	0.4921	0.3155	0.1766	0.1420	0.1307	0.0113	0.3501	0.1848	0.1653	0.2746	0.0001	0.6541	0.2392	0.0031	0.9998	0.2572	0.0000	0.6529	2.0667	0.0231	5.7182	0.0069	0.0039	0.0417	2.9020	0.0367	6.1056
126	166	0.1305	4	0	1	0	0	0	0	0	0	N	N	N	N	N	N	N	N	N	N	N	N	0.0250	0.0369	0.0370	0.0494	0.0522	0.0006	0.0159	0.0000	0.0439	0.0030	0.0019	0.0095	0.0049	0.0055	0.0000	0.0021	0.0000	0.0123	0.1216	0.0519	0.2577	0.1000	0.1052	0.0499	0.1329	0.0051	0.2797	0.8698	2.5447	0.0000	0.0118	5.0407	2.6894	17.1705	4.6619	0.0005	0.0002	0.0002	0.0002	0.0002	0.0000	0.0002	0.0000	0.0002	0.0455	0.0128	0.0327	0.0128	0.0122	0.0006	0.0328	0.0007	0.0321	0.1503	0.1280	0.0223	0.0496	0.0446	0.0050	0.1007	0.0834	0.0173	0.3743	0.2475	0.1268	0.1278	0.1157	0.0121	0.2466	0.1318	0.1147	0.0250	0.0369	0.0370	0.0494	0.0522	0.0006	0.0159	0.0000	0.0439	0.1216	0.0519	0.2577	0.1000	0.1052	0.0499	0.1329	0.0051	0.2797
126	167	0.0921	3	0	1	0	0	0	0	0	0	N	N	N	N	N	N	N	N	N	N	N	N	0.0010	0.0858	0.0002	0.5497	0.5476	0.0084	0.0005	0.0437	0.0003	0.0052	0.0053	0.0049	0.0427	0.0435	0.0004	0.0027	0.0022	0.0049	4.9615	0.0612	20.0249	0.0776	0.0795	0.0445	5.5498	0.0515	15.6493	0.1754	118.6156	-0.0001	1.0533	5.0407	2.7966	17.1705	8.5340	0.0005	0.0004	0.0001	0.0003	0.0003	0.0000	0.0002	0.0002	0.0001	1.9752	0.0165	1.9586	0.0077	0.0075	0.0002	1.9674	0.0090	1.9584	0.0969	0.0814	0.0155	0.0061	0.0059	0.0001	0.0909	0.0755	0.0153	0.4539	0.2697	0.1842	0.0994	0.0940	0.0054	0.3545	0.1756	0.1789	0.0012	0.0858	0.0005	0.5497	0.5476	0.0084	0.0005	0.0437	0.0004	4.3516	0.0612	10.6310	0.0776	0.0795	0.0445	5.5498	0.0515	10.9484
127	129	0.3802	6	0	2	0	0	0	0	0	0	N	Y	N	N	N	N	N	N	N	N	N	N	0.0000	0.0000	0.0000	0.0000	0.0000	0.0000	0.0000	0.0000	0.0000	0.0000	0.0000	0.0000	0.0000	0.0000	0.0000	0.0000	0.0000	0.0000	0.0006	0.0003	0.0016	0.0008	0.0003	0.0048	0.0003	0.0001	0.0005	1.9715	0.0000	0.0000	1.9703	1.0033	6.2034	0.8635	0.0000	0.0000	0.0000	0.0000	0.0000	0.0000	0.0000	0.0000	0.0000	0.0001	0.0000	0.0001	0.0001	0.0000	0.0001	0.0000	0.0000	0.0000	0.0420	0.0382	0.0038	0.0229	0.0218	0.0011	0.0191	0.0163	0.0028	0.1929	0.1468	0.0461	0.1119	0.0995	0.0124	0.0810	0.0472	0.0337	0.0000	0.0000	0.0000	0.0000	0.0000	0.0000	0.0000	0.0000	0.0000	0.0006	0.0003	0.0016	0.0008	0.0003	0.0048	0.0003	0.0001	0.0005	
127	130	0.3509	5	0	1	0	0	0	0	0	0	N	N	N	N	N	N	N	N	N	N	N	N	0.0034	0.0030	0.0057	0.0068	0.0063	0.0160	0.0012	0.0001	0.0040	0.0005	0.0004	0.0012	0.0013	0.0011	0.0051	0.0002	0.0000	0.0007	0.1595	0.1410	0.2038	0.1831	0.1679	0.3185	0.1332	0.0850	0.1786	0.5285	0.6072	-0.0000	-0.0070	1.9703	5.5514	6.2034	9.9598	0.0001	0.0000	0.0000	0.0001	0.0000	0.0000	0.0000	0.0000	0.0000	0.0866	0.0539	0.0327	0.0525	0.0433	0.0092	0.0341	0.0106	0.0235	0.1185	0.0992	0.0194	0.0413	0.0393	0.0020	0.0772	0.0598	0.0174	0.5428	0.3823	0.1605	0.2870	0.2580	0.0289	0.2558	0.1243	0.1316	0.0034	0.0030	0.0057	0.0068	0.0063	0.0160	0.0012	0.0001	0.0040	0.1595	0.1410	0.2038	0.1831	0.1679	0.3185	0.1332	0.0850	0.1786
127	131	0.3206	4	0	1	0	0	0	0	0	0	N	N	N	N	N	N	N	N	N	N	N	N	0.1830	0.1612	0.3393	0.3640	0.3346	1.6392	0.1172	0.0526	0.3042	0.0811	0.0436	0.2849	0.1245	0.1225	0.1710	0.0635	0.0051	0.2946	0.4433	0.2703	0.8398	0.3421	0.3661	0.1043	0.5420	0.0968	0.9683	1.2055	1.3558	0.0015	0.0290	1.9703	9.1969	6.2034	13.4651	0.0138	0.0062	0.0075	0.0061	0.0058	0.0004	0.0077	0.0005	0.0072	0.2471	0.1049	0.1422	0.0942	0.0915	0.0026	0.1530	0.0134	0.1396	0.1697	0.1433	0.0264	0.0490	0.0470	0.0021	0.1207	0.0963	0.0244	0.5574	0.3881	0.1694	0.2752	0.2500	0.0252	0.2822	0.1381	0.1442	0.1830	0.1612	0.3393	0.3640	0.3346	1.6392	0.1172	0.0526	0.3042	0.4433	0.2703	0.8398	0.3421	0.3661	0.1043	0.5420	0.0968	0.9683
127	132	0.1340	6	1	2	0	1	0	0	0	0	N	Y	N	N	N	N	N	N	N	N	N	N	0.0000	0.0000	0.0000	0.0000	0.0000	0.0000	0.0000	0.0000	0.0000	0.0000	0.0000	0.0000	0.0000	0.0000	0.0000	0.0000	0.0000	0.0000	0.0004	0.0004	0.0004	0.0005	0.0005	0.0000	0.0004	0.0004	0.0004	0.5002	0.0000	-0.0000	1.9703	1.0000	6.2034	3.0001	0.0000	0.0000	0.0000	0.0000	0.0000	0.0000	0.0000	0.0000	0.0000	0.0000	0.0000	0.0000	0.0000	0.0000	0.0000	0.0000	0.0000	0.0000	0.0152	0.0129	0.0023	0.0024	0.0023	0.0001	0.0129	0.0106	0.0022	0.0716	0.0466	0.0250	0.0215	0.0206	0.0009	0.0502	0.0260	0.0241	0.0000	0.0000	0.0000	0.0000	0.0000	0.0000	0.0000	0.0000	0.0000	0.0004	0.0004	0.0004	0.0005	0.0005	0.0000	0.0004	0.0004	0.0004	
127	133	0.5330	10	1	2	0	1	0	0	0	0	N	Y	N	N	N	N	N	N	N	N	N	N	0.0000	0.0000	0.0000	0.0000	0.0000	0.0000	0.0000	0.0000	0.0000	0.0000	0.0000	0.0000	0.0000	0.0000	0.0000	0.0000	0.0000	0.0000	0.0065	0.0061	0.0076	0.0113	0.0084	0.0356	0.0021	0.0026	0.0016	0.5008	0.0000	-0.0000	1.9703	0.0006	6.2034	1.9797	0.0000	0.0000	0.0000	0.0000	0.0000	0.0000	0.0000	0.0000	0.0000	0.0002	0.0001	0.0001	0.0001	0.0001	0.0000	0.0000	0.0000	0.0000	0.0000	0.0000	0.0000	0.0000	0.0000	0.0000	0.0000	0.0000	0.0000	0.0271	0.0193	0.0078	0.0130	0.0117	0.0014	0.0141	0.0077	0.0064	0.0000	0.0000	0.0000	0.0000	0.0000	0.0000	0.0000	0.0000	0.0000	0.0065	0.0061	0.0076	0.0113	0.0084	0.0356	0.0021	0.0026	0.0016	
127	134	0.5162	9	1	2	0	1	0	0	0	0	N	Y	N	N	N	N	N	N	N	N	N	N	0.0002	0.0012	0.0002	0.0115	0.0114	0.0000	0.0001	0.0000	0.0002	0.0000	0.0000	0.0000	0.0000	0.0000	0.0000	0.0000	0.0000	0.0000	0.0281	0.0024	0.0904	0.0007	0.0008	0.0002	0.0524	0.0047	0.1103	1.0000	15.5757	0.0000	0.0014	1.9703	2.0077	6.2034	6.0321	0.0000	0.0000	0.0000	0.0000	0.0000	0.0000	0.0000	0.0000	0.0000	0.0029	0.0002	0.0027	0.0000	0.0000	0.0000	0.0028	0.0001	0.0027	0.0297	0.0254	0.0043	0.0091	0.0085	0.0006	0.0206	0.0169	0.0037	0.1015	0.0719	0.0297	0.0477	0.0424	0.0054	0.0538	0.0295	0.0243	0.0002	0.0012	0.0002	0.0115	0.0114	0.0000	0.0001	0.0000	0.0002	0.0281	0.0024	0.0904	0.0007	0.0008	0.0002	0.0524	0.0047	0.1103
127	135	0.5115	9	0	2	0	1	0	0	0	0	N	Y	N	N	N	N	N	N	N	N	N	N	302.8488	322.1220	13.6776	875.9948	1025.9756	0.0729	2.5252	0.0015	32.0195	0.5311	0.6565	0.0143	1.6501	1.7381	0.0002	0.0041	0.0000	0.0156	0.0018	0.0020	0.0010	0.0019	0.0017	0.0033	0.0016	0.0026	0.0005	0.0053	0.2073	-0.0121	-0.0001	1.9703	3.0348	6.2034	9.3583	0.0278	0.0276	0.0001	0.0276	0.0276	0.0000	0.0001	0.0000	0.0001	0.0003	0.0003	0.0001	0.0002	0.0001	0.0000	0.0001	0.0001	0.0000	0.0523	0.0421	0.0102	0.0167	0.0159	0.0008	0.0355	0.0262	0.0094	0.1749	0.1246	0.0502	0.0855	0.0756	0.0099	0.0893	0.0490	0.0403	302.8488	322.1220	13.6776	875.9948	1025.9756	0.0729	2.5252	0.0015	32.0195	0.0018	0.0020	0.0010	0.0019	0.0017	0.0033	0.0016	0.0026	0.0005
127	136	0.4971	8	0	1	0	1	0	0	0	0	N	N	N	N	N	N	N	N	N	N	N	N	4335.1469	28.6873	33050.3532	88.5244	96.1604	12.9004	5484.4439	3.7059	39548.4093	37.2170	0.2650	232.3841	0.6243	0.6527	0.1173	54.3987	0.0470	260.0645	0.0086	0.0092	0.0070	0.0071	0.0068	0.0091	0.0099	0.0127	0.0066	166.0628	0.3189	0.0153	-0.0002	1.9703	0.0433	6.2034	6.6805	0.0278	0.0002	0.0276	0.0001	0.0001	0.0000	0.0276	0.0000	0.0276	0.0008	0.0006	0.0002	0.0003	0.0002	0.0000	0.0005	0.0003	0.0001	0.0007	0.0006	0.0001	0.0002	0.0002	0.0000	0.0005	0.0004	0.0001	0.0877	0.0618	0.0259	0.0408	0.0361	0.0047	0.0469	0.0257	0.0212	4335.1469	28.6873	33050.3532	88.5244	96.1604	12.9004	5484.4439	3.7059	39548.4093	0.0086	0.0092	0.0070	0.0071	0.0068	0.0091	0.0099	0.0127	0.0066
127	137	0.1637	8	0	2	0	1	0	0	0	0	N	Y	N	N	N	N	N	N	N	N	N	N	0.0000	0.0000	0.0000	0.0000	0.0000	0.0000	0.0000	0.0000	0.0000	0.0000	0.0000	0.0000	0.0000	0.0000	0.0000	0.0000	0.0000	0.0000	0.0000	0.0000	1.9703	0.0000	6.2034	0.0000	0.0000	0.0000	0.0000	0.0000	0.0000	0.0000	0.0000	0.0000	0.0000	0.0000	0.0000	0.0000	0.0000	0.0000	0.0000	0.0000	0.0000	0.0000	0.0000	0.0000	0.0000	0.0000	0.0000	0.0000	0.0000	0.0000	0.0000	0.0000	0.0000	0.0000	0.0000	0.0000	0.0000	0.0000	0.0000	0.0000	0.0000	0.0000	0.0000	0.0000	0.0000	0.0000	0.0000	0.0000	0.0000	0.0000	0.0000	0.0000	0.0000	0.0000	0.0000	0.0000	0.0000	0.0000											
127	138	0.1586	7	0	2	0	1	0	0	0	0	N	Y	N	N	N	N	N	N	N	N	N	N	0.0000	0.0000	0.0000	0.0000	0.0000	0.0000	0.0000	0.0000	0.0000	0.0000	0.0000	0.0000	0.0000	0.0000	0.0000	0.0000	0.0000	0.0000	0.0000	0.0000	0.0000	0.0000	0.0000	0.0000	0.0000	1.6251	0.0000	0.0000	1.9703	0.0021	6.2034	2.0000	0.0000	0.0000	0.0000	0.0000	0.0000	0.0000	0.0000	0.0000	0.0000	0.0000	0.0000	0.0000	0.0000	0.0000	0.0000	0.0000	0.0000	0.0000	0.0001	0.0001	0.0000	0.0001	0.0000	0.0000	0.0000	0.0000	0.0000	0.0356	0.0235	0.0122	0.0114	0.0109	0.0005	0.0243	0.0126	0.0117	0.0000	0.0000	0.0000	0.0000	0.0000	0.0000	0.0000	0.0000	0.0000	0.0000	0.0000	0.0000	0.0000	0.0000	0.0000	0.0000	0.0000	0.0000			
127	139	0.1484	6	0	1	0	1	0	0	0	0	N	N	N	N	N	N	N	N	N	N	N	N	0.0000	0.0000	0.0000	0.0000	0.0000	0.0000	0.0000	0.0000	0.0000	0.0000	0.0000	0.0000	0.0000	0.0000	0.0000	0.0000	0.0000	0.0030	0.0017	0.0053	0.0036	0.0037	0.0000	0.0027	0.0000	0.0055	1.6502	0.0000	0.0000	1.9703	1.0020	6.2034	3.0181	0.0000	0.0000	0.0000	0.0000	0.0000	0.0000	0.0000	0.0000	0.0000	0.0002	0.0001	0.0001	0.0001	0.0001	0.0000	0.0001	0.0000	0.0001	0.0153	0.0129	0.0023	0.0024	0.0023	0.0001	0.0129	0.0106	0.0022	0.0719	0.0470	0.0249	0.0225	0.0215	0.0010	0.0494	0.0255	0.0239	0.0000	0.0000	0.0000	0.0000	0.0000	0.0000	0.0000	0.0000	0.0000	0.0030	0.0017	0.0053	0.0036	0.0037	0.0000	0.0027	0.0000	0.0055		
127	140	0.1340	6	0	2	0	0	0	0	0	0	N	Y	N	N	N	N	N	N	N	N	N	N	0.0000	0.0000	0.0000	0.0000	0.0000	0.0000	0.0000	0.0000	0.0000	0.0000	0.0000	0.0000	0.0000	0.0000	0.0000	0.0000	0.0000	0.0000	0.0000	0.0000	0.0000	0.0000	0.0000	0.0000	0.6666	0.0000	-0.0000	1.9703	0.0000	6.2034	4.0001	0.0000	0.0000	0.0000	0.0000	0.0000	0.0000	0.0000	0.0000	0.0000	0.0000	0.0000	0.0000	0.0000	0.0000	0.0000	0.0000	0.0000	0.0000	0.0000	0.0000	0.0000	0.0000	0.0000	0.0000	0.0000	0.0000	0.0000	0.0716	0.0466	0.0250	0.0215	0.0206	0.0009	0.0502	0.0260	0.0241	0.0000	0.0000	0.0000	0.0000	0.0000	0.0000	0.0000	0.0000	0.0000	0.0000	0.0000	0.0000	0.0000	0.0000	0.0000	0.0000	0.0000	0.0000				
127	141	0.5117	8	0	2	0	0	0	0	0	0	N	Y	N	N	N	N	N	N	N	N	N	N	0.1115	0.0959	0.2147	2.3163	2.6558	0.0000	0.0435	0.0029	0.2080	0.0000	0.0000	0.0001	0.0001	0.0001	0.0000	0.0000	0.0000	0.0001	0.0003	0.0002	0.0005	0.0000	0.0000	0.0000	0.0005	0.0005	0.0006	0.8793	0.9527	0.0000	0.0000	1.9703	1.0003	6.2034	5.0186	0.0000	0.0000	0.0000	0.0000	0.0000	0.0000	0.0000	0.0000	0.0000	0.0000	0.0000	0.0000	0.0000	0.0000	0.0000	0.0000	0.0000	0.0000	0.0148	0.0127	0.0022	0.0045	0.0042	0.0003	0.0103	0.0084	0.0018	0.0773	0.0547	0.0226	0.0364	0.0323	0.0041	0.0409	0.0224	0.0185	0.1115	0.0959	0.2147	2.3163	2.6558	0.0000	0.0435	0.0029	0.2080	0.0003	0.0002	0.0005	0.0000	0.0000	0.0000	0.0005	0.0005	0.0006
127	142	0.1484	6	0	1	1	1	0	0	0	0	N	N	N	N	N	N	N	N	N	N	N	N	0.0000	0.0000	0.0000	0.0000	0.0000	0.0000	0.0000	0.0000	0.0000	0.0000	0.0000	0.0000	0.0000	0.0000	0.0000	0.0000	0.0000	0.0181	0.0269	0.0013	0.0554	0.0580	0.0000	0.0011	0.0009	0.0013	0.0253	0.0000	-0.0012	1.9703	0.0001	6.2034	9.0026	0.0000	0.0000	0.0000	0.0000	0.0000	0.0000	0.0000	0.0000	0.0000	0.0028	0.0028	0.0001	0.0027	0.0027	0.0000	0.0001	0.0001	0.0001	0.0000	0.0000	0.0000	0.0000	0.0000	0.0000	0.0000	0.0000	0.0000	0.1572	0.1029	0.0543	0.0491	0.0468	0.0022	0.1082	0.0561	0.0521	0.0000	0.0000	0.0000	0.0000	0.0000	0.0000	0.0000	0.0000	0.0000	0.0181	0.0269	0.0013	0.0554	0.0580	0.0000	0.0011	0.0009	0.0013		
127	143	0.4971	8	0	1	1	1	0	0	0	0	N	N	N	N	N	N	N	N	N	N	N	N	0.0006	0.0002	0.1534	0.0064	0.0061	0.0098	0.0002	0.0000	0.1803	0.0001	0.0000	0.0002	0.0001	0.0001	0.0000	0.0000	0.0000	0.0002	0.1031	0.1458	0.0014	0.0169	0.0189	0.0016	0.1778	0.3236	0.0013	1.0102	0.0039	0.0000	-0.0060	1.9703	2.0061	6.2034	8.0425	0.0000	0.0000	0.0000	0.0000	0.0000	0.0000	0.0000	0.0000	0.0000	0.0133	0.0132	0.0001	0.0010	0.0010	0.0000	0.0123	0.0122	0.0000	0.0293	0.0249	0.0044	0.0084	0.0078	0.0006	0.0209	0.0171	0.0038	0.1286	0.0906	0.0381	0.0598	0.0529	0.0069	0.0689	0.0377	0.0312	0.0006	0.0002	0.1534	0.0064	0.0061	0.0098	0.0002	0.0000	0.1803	0.1031	0.1458	0.0014	0.0169	0.0189	0.0016	0.1778	0.3236	0.0013
127	144	0.4880	7	0	1	0	1	0	0	0	0	N	N	N	N	N	N	N	N	N	N	N	N	1024.8118	709.9355	2361.8862	1264.3623	2465.4845	24.7167	947.6247	0.9977	9690.2015	1.4521	0.8535	4.7513	2.1636	2.3334	0.2515	1.0910	0.0016	5.7308	0.0014	0.0012	0.0020	0.0017	0.0009	0.0102	0.0012	0.0016	0.0006	1.0102	0.6043	0.0028	-0.0000	1.9703	1.9550	6.2034	2.1189	0.0450	0.0224	0.0226	0.0226	0.0224	0.0002	0.0224	0.0000	0.0224	0.0001	0.0001	0.0000	0.0001	0.0000	0.0000	0.0000	0.0000	0.0000	0.0310	0.0262	0.0048	0.0104	0.0096	0.0009	0.0206	0.0167	0.0039	0.0745	0.0548	0.0198	0.0354	0.0324	0.0029	0.0392	0.0223	0.0168	1024.8118	709.9355	2361.8862	1264.3623	2465.4845	24.7167	947.6247	0.9977	9690.2015	0.0014	0.0012	0.0020	0.0017	0.0009	0.0102	0.0012	0.0016	0.0006
127	145	0.4880	7	0	1	1	1	0	0	0	0	N	N	N	N	N	N	N	N	N	N	N	N	0.0157	0.0073	0.3118	0.0233	0.0227	0.0134	0.0119	0.0004	0.3155	0.0057	0.0036	0.0176	0.0086	0.0094	0.0000	0.0043	0.0003	0.0214	0.3635	0.4885	0.0566	0.3689	0.4128	0.0017	0.3588	0.5933	0.0678	0.8949	0.0472	0.0000	-0.0408	1.9703	2.1261	6.2034	18.6477	0.0002	0.0001	0.0001	0.0001	0.0001	0.0000	0.0001	0.0000	0.0001	0.0988	0.0943	0.0044	0.0463	0.0463	0.0000	0.0525	0.0481	0.0044	0.0335	0.0284	0.0051	0.0112	0.0103	0.0009	0.0223	0.0181	0.0042	0.2718	0.1931	0.0787	0.1255	0.1121	0.0134	0.1462	0.0810	0.0653	0.0157	0.0073	0.3118	0.0233	0.0227	0.0134	0.0119	0.0004	0.3155	0.3635	0.4885	0.0566	0.3689	0.4128	0.0017	0.3588	0.5933	0.0678
127	146	0.1484	6	0	1	1	1	0	0	0	0	N	N	N	N	N	N	N	N	N	N	N	N	0.0000	0.0000	0.0000	0.0000	0.0000	0.0000	0.0000	0.0000	0.0000	0.0000	0.0000	0.0000	0.0000	0.0000	0.0000	0.0000	0.0000	0.0157	0.0004	0.0446	0.0000	0.0000	0.0000	0.0228	0.0008	0.0465	53.7412	0.0000	0.0012	1.9703	2.0001	6.2034	5.9880	0.0000	0.0000	0.0000	0.0000	0.0000	0.0000	0.0000	0.0000	0.0000	0.0022	0.0000	0.0022	0.0000	0.0000	0.0000	0.0022	0.0000	0.0022	0.0303	0.0257	0.0047	0.0048	0.0046	0.0002	0.0255	0.0211	0.0044	0.1402	0.0917	0.0485	0.0437	0.0418	0.0020	0.0964	0.0499	0.0465	0.0000	0.0000	0.0000	0.0000	0.0000	0.0000	0.0000	0.0000	0.0000	0.0157	0.0004	0.0446	0.0000	0.0000	0.0000	0.0228	0.0008	0.0465		
127	147	0.1484	6	0	1	1	1	0	0	0	0	N	N	N	N	N	N	N	N	N	N	N	N	13.7499	10.8401	21.8607	18.0438	18.2544	0.9610	20.3202	14.3396	25.8511	0.2253	0.2541	0.0644	0.6775	0.7091	0.0106	0.1410	0.1563	0.0670	0.0164	0.0234	0.0029	0.0375	0.0388	0.0110	0.0069	0.0109	0.0026	0.0452	0.0659	-0.0118	-0.0033	1.9703	9.0001	6.2034	23.0169	0.0297	0.0284	0.0013	0.0140	0.0140	0.0000	0.0157	0.0144	0.0013	0.0083	0.0078	0.0005	0.0058	0.0058	0.0001	0.0024	0.0020	0.0004	0.1319	0.1120	0.0200	0.0207	0.0198	0.0009	0.1112	0.0922	0.0190	0.5047	0.3311	0.1736	0.1558	0.1485	0.0073	0.3489	0.1826	0.1663	13.7499	10.8401	21.8607	18.0438	18.2544	0.9610	20.3202	14.3396	25.8511	0.0164	0.0234	0.0029	0.0375	0.0388	0.0110	0.0069	0.0109	0.0026
127	148	0.1231	5	0	1	0	1	0	0	0	0	N	N	N	N	N	N	N	N	N	N	N	N	0.9400	0.0061	5.7300	0.1111	0.1107	0.1535	0.8440	0.0000	5.7698	0.0467	0.0003	0.2936	0.0015	0.0016	0.0004	0.0554	0.0000	0.3071	0.0497	0.0489	0.0512	0.0139	0.0144	0.0023	0.0656	0.0773	0.0532	186.6948	0.5597	0.0008	-0.0009	1.9703	1.9990	6.2034	7.9526	0.0014	0.0000	0.0014	0.0000	0.0000	0.0000	0.0014	0.0000	0.0014	0.0091	0.0058	0.0033	0.0008	0.0008	0.0000	0.0083	0.0050	0.0032	0.0309	0.0260	0.0049	0.0050	0.0048	0.0002	0.0259	0.0212	0.0047	0.1824	0.1189	0.0635	0.0562	0.0537	0.0025	0.1262	0.0652	0.0610	0.9400	0.0061	5.7300	0.1111	0.1107	0.1535	0.8440	0.0000	5.7698	0.0497	0.0489	0.0512	0.0139	0.0144	0.0023	0.0656	0.0773	0.0532
127	149	0.0911	4	1	2	0	0	0	0	0	0	N	Y	N	N	N	N	N	N	N	N	N	N	0.0129	0.0425	0.0079	0.0870	0.0862	0.0004	0.0047	0.0000	0.0106	0.0429	0.0322	0.1005	0.1381	0.1431	0.0000	0.0195	0.0000	0.1051	3.3269	0.7584	12.7252	1.5863	1.6595	0.0384	4.1350	0.0118	9.8699	0.5744	5.5653	-0.0003	0.5485	1.9703	5.3497	6.2034	17.2225	0.0041	0.0026	0.0015	0.0026	0.0026	0.0000	0.0015	0.0000	0.0015	1.4088	0.2146	1.1942	0.2130	0.2128	0.0002	1.1958	0.0018	1.1940	0.0955	0.0806	0.0149	0.0188	0.0182	0.0007	0.0767	0.0625	0.0142	0.4235	0.2830	0.1405	0.1343	0.1282	0.0061	0.2892	0.1547	0.1344	0.0129	0.0425	0.0118	0.0870	0.0862	0.0004	0.0047	0.0000	0.0118	3.3269	0.7584	8.4992	1.5863	1.6595	0.0384	4.1350	0.0118	8.8810
127	150	0.1220	5	0	2	0	0	0	0	0	0	N	Y	N	N	N	N	N	N	N	N	N	N	0.1969	0.2579	0.0136	0.6416	0.6510	0.0910	0.0025	0.0000	0.0102	0.0303	0.0348	0.0027	0.1007	0.1044	0.0092	0.0004	0.0000	0.0021	0.1539	0.1350	0.1951	0.1569	0.1604	0.1013	0.1521	0.1089	0.2021	0.0124	0.6629	-0.0011	-0.0040	1.9703	3.6794	6.2034	17.4287	0.0026	0.0026	0.0000	0.0026	0.0026	0.0000	0.0000	0.0000	0.0000	0.0671	0.0404	0.0268	0.0253	0.0243	0.0010	0.0419	0.0161	0.0258	0.0863	0.0743	0.0121	0.0258	0.0247	0.0010	0.0606	0.0495	0.0111	0.4362	0.2991	0.1371	0.1609	0.1515	0.0095	0.2753	0.1476	0.1277	0.1969	0.2579	0.0136	0.6416	0.6510	0.0910	0.0025	0.0000	0.0102	0.1539	0.1350	0.1951	0.1569	0.1604	0.1013	0.1521	0.1089	0.2021
127	151	0.0911	4	0	2	0	0	0	0	0	0	N	Y	N	N	N	N	N	N	N	N	N	N	1.5272	0.8018	9.3555	3.5464	3.6463	0.0067	0.9634	0.0867	10.2563	0.0771	0.0507	0.2192	0.1723	0.1784	0.0003	0.0495	0.0066	0.2305	0.0505	0.0633	0.0234	0.0486	0.0489	0.0417	0.0514	0.0761	0.0225	0.8015	0.1753	0.0000	-0.0044	1.9703	3.4464	6.2034	10.1316	0.0052	0.0029	0.0023	0.0026	0.0026	0.0000	0.0026	0.0003	0.0023	0.0144	0.0122	0.0021	0.0047	0.0045	0.0002	0.0097	0.0078	0.0020	0.0674	0.0569	0.0105	0.0151	0.0146	0.0005	0.0523	0.0423	0.0100	0.2848	0.1934	0.0915	0.0961	0.0915	0.0045	0.1888	0.1018	0.0869	1.5272	0.8018	9.3555	3.5464	3.6463	0.0067	0.9634	0.0867	10.2563	0.0505	0.0633	0.0234	0.0486	0.0489	0.0417	0.0514	0.0761	0.0225
127	152	0.5185	10	1	2	0	0	0	0	0	0	N	Y	N	N	N	N	N	N	N	N	N	N	0.0000	0.0000	0.0074	0.0000	0.0000	0.0000	0.0028	0.0000	0.0072	0.0002	0.0002	0.0001	0.0006	0.0007	0.0000	0.0000	0.0000	0.0001	7.1153	11.2904	0.0085	33.5195	33.1593	0.0012	0.0047	0.0004	0.0101	0.0451	0.0004	-0.0000	-0.4203	1.9703	1.0143	6.2034	12.0086	0.0000	0.0000	0.0000	0.0000	0.0000	0.0000	0.0000	0.0000	0.0000	0.9179	0.9175	0.0004	0.9174	0.9174	0.0000	0.0004	0.0000	0.0004	0.0153	0.0131	0.0022	0.0048	0.0045	0.0003	0.0105	0.0086	0.0019	0.1594	0.1130	0.0464	0.0747	0.0662	0.0085	0.0848	0.0468	0.0379	0.0000	0.0000	0.0074	0.0001	0.0001	0.0000	0.0028	0.0000	0.0072	5.7566	8.1192	0.0085	12.2873	13.8676	0.0012	0.0047	0.0004	0.0101
127	153	0.5162	9	1	2	0	0	0	0	0	0	N	Y	N	N	N	N	N	N	N	N	N	N	0.0687	0.0255	2.4135	0.0481	0.0450	15.0586	0.8720	0.0000	2.2783	0.0015	0.0008	0.0060	0.0022	0.0023	0.0005	0.0012	0.0000	0.0069	0.0225	0.0307	0.0025	0.0460	0.0518	0.0000	0.0014	0.0001	0.0030	1.3022	0.0333	0.0000	-0.0001	1.9703	0.9811	6.2034	0.0216	0.0000	0.0000	0.0000	0.0000	0.0000	0.0000	0.0000	0.0000	0.0000	0.0003	0.0003	0.0000	0.0003	0.0003	0.0000	0.0000	0.0000	0.0000	0.0146	0.0125	0.0021	0.0045	0.0042	0.0003	0.0101	0.0083	0.0018	0.0131	0.0093	0.0038	0.0062	0.0055	0.0007	0.0069	0.0038	0.0031	0.0687	0.0255	2.4135	0.0481	0.0450	15.0586	0.8720	0.0000	2.2783	0.0225	0.0307	0.0025	0.0460	0.0518	0.0000	0.0014	0.0001	0.0030
127	154	0.5117	8	1	2	0	0	0	0	0	0	N	Y	N	N	N	N	N	N	N	N	N	N	9.9974	4.7522	115.3061	7.3555	7.2735	0.0000	34.7528	2.0330	141.8532	0.0043	0.0027	0.0136	0.0059	0.0065	0.0000	0.0034	0.0002	0.0173	0.0004	0.0006	0.0001	0.0008	0.0009	0.0001	0.0001	0.0001	0.0001	0.9070	0.0869	0.0000	-0.0000	1.9703	0.0083	6.2034	2.0001	0.0000	0.0000	0.0000	0.0000	0.0000	0.0000	0.0000	0.0000	0.0000	0.0000	0.0000	0.0000	0.0000	0.0000	0.0000	0.0000	0.0000	0.0000	0.0001	0.0001	0.0000	0.0001	0.0000	0.0000	0.0001	0.0001	0.0000	0.0267	0.0189	0.0078	0.0126	0.0112	0.0014	0.0141	0.0077	0.0064	9.9974	4.7522	115.3061	7.3555	7.2735	0.0000	34.7528	2.0330	141.8532	0.0004	0.0006	0.0001	0.0008	0.0009	0.0001	0.0001	0.0001	0.0001
127	155	0.4880	7	0	2	0	0	0	0	0	0	N	Y	N	N	N	N	N	N	N	N	N	N	1.1963	0.6832	6.2567	2.0557	2.4297	0.0029	0.7863	0.0308	13.1298	0.0047	0.0032	0.0134	0.0080	0.0086	0.0000	0.0031	0.0002	0.0160	0.0039	0.0046	0.0021	0.0039	0.0035	0.0068	0.0040	0.0062	0.0012	0.7474	0.1809	-0.0000	-0.0002	1.9703	2.9180	6.2034	7.4065	0.0002	0.0001	0.0001	0.0001	0.0001	0.0000	0.0001	0.0000	0.0001	0.0006	0.0005	0.0001	0.0003	0.0002	0.0000	0.0003	0.0003	0.0000	0.0449	0.0382	0.0068	0.0146	0.0135	0.0011	0.0303	0.0247	0.0056	0.1515	0.1088	0.0428	0.0707	0.0637	0.0070	0.0808	0.0451	0.0358	1.1963	0.6832	6.2567	2.0557	2.4297	0.0029	0.7863	0.0308	13.1298	0.0039	0.0046	0.0021	0.0039	0.0035	0.0068	0.0040	0.0062	0.0012
127	156	0.4222	6	0	1	0	0	0	0	0	0	N	N	N	N	N	N	N	N	N	N	N	N	0.0009	0.0217	0.0008	0.0328	0.0344	0.0028	0.0004	0.0057	0.0009	0.0020	0.0014	0.0066	0.0029	0.0031	0.0002	0.0014	0.0001	0.0079	2.1664	0.0626	7.9070	0.0883	0.0887	0.0847	4.0968	0.0181	8.5457	0.6972	49.0889	-0.0000	0.5347	1.9703	8.2479	6.2034	19.7214	0.0004	0.0002	0.0001	0.0002	0.0002	0.0000	0.0002	0.0000	0.0001	1.0250	0.0205	1.0046	0.0201	0.0183	0.0019	1.0049	0.0022	1.0027	0.1766	0.1544	0.0222	0.0696	0.0657	0.0039	0.1070	0.0887	0.0183	0.4732	0.3271	0.1461	0.2279	0.2060	0.0219	0.2453	0.1211	0.1242	0.0009	0.0217	0.0010	0.0328	0.0344	0.0028	0.0004	0.0057	0.0010	2.1664	0.0626	6.8760	0.0883	0.0887	0.0847	4.0968	0.0181	8.0740
127	157	0.3861	5	0	1	0	0	0	0	0	0	N	N	N	N	N	N	N	N	N	N	N	N	0.0107	0.0160	0.0124	0.0388	0.0372	0.0758	0.0036	0.0012	0.0118	0.0069	0.0054	0.0157	0.0150	0.0158	0.0039	0.0033	0.0002	0.0176	0.6428	0.3406	1.2724	0.3871	0.4239	0.0514	0.9009	0.1715	1.4932	0.4790	1.7936	-0.0001	0.0578	1.9703	7.4725	6.2034	14.3153	0.0009	0.0006	0.0003	0.0006	0.0006	0.0000	0.0003	0.0000	0.0003	0.3146	0.1126	0.2020	0.0951	0.0939	0.0012	0.2194	0.0187	0.2007	0.1300	0.1115	0.0185	0.0400	0.0375	0.0025	0.0900	0.0740	0.0160	0.4894	0.3306	0.1587	0.2458	0.2215	0.0243	0.2436	0.1092	0.1344	0.0107	0.0160	0.0124	0.0388	0.0372	0.0758	0.0036	0.0012	0.0118	0.6428	0.3406	1.2724	0.3871	0.4239	0.0514	0.9009	0.1715	1.4932
127	158	0.3206	4	0	1	0	0	0	0	0	0	N	N	N	N	N	N	N	N	N	N	N	N	0.2727	0.3656	0.1440	0.7950	0.7721	0.0187	0.0548	0.0485	0.1364	0.1297	0.1344	0.1038	0.4080	0.4267	0.0027	0.0242	0.0028	0.1125	0.4757	0.3676	0.7213	0.5132	0.5527	0.1440	0.4408	0.0571	0.8251	0.1401	0.8631	-0.0083	0.0015	1.9703	11.6653	6.2034	19.4910	0.0262	0.0230	0.0032	0.0226	0.0226	0.0000	0.0035	0.0003	0.0032	0.3063	0.1644	0.1419	0.1592	0.1549	0.0043	0.1471	0.0095	0.1376	0.2018	0.1708	0.0310	0.0555	0.0530	0.0025	0.1463	0.1178	0.0285	0.6440	0.4472	0.1967	0.3102	0.2802	0.0300	0.3338	0.1670	0.1668	0.2727	0.3656	0.1440	0.7950	0.7721	0.0187	0.0548	0.0485	0.1364	0.4757	0.3676	0.7213	0.5132	0.5527	0.1440	0.4408	0.0571	0.8251
127	159	0.2733	3	0	1	0	0	0	0	0	0	N	N	N	N	N	N	N	N	N	N	N	N	0.3542	0.7131	0.4256	1.2303	1.2305	0.1758	0.1689	0.3590	0.3952	0.2414	0.1502	0.7688	0.3744	0.3894	0.0347	0.1769	0.0117	0.8447	0.6816	0.2107	1.8066	0.3043	0.3165	0.1975	1.0477	0.0326	2.1373	0.8848	3.5893	0.0010	0.1394	1.9703	7.3933	6.2034	20.5306	0.0367	0.0195	0.0172	0.0186	0.0185	0.0001	0.0181	0.0010	0.0171	0.4307	0.0938	0.3368	0.0947	0.0884	0.0063	0.3360	0.0054	0.3306	0.1519	0.1295	0.0224	0.0496	0.0475	0.0021	0.1023	0.0820	0.0203	0.6319	0.4454	0.1864	0.3112	0.2794	0.0318	0.3207	0.1660	0.1547	0.3542	0.7131	0.4256	1.2303	1.2305	0.1758	0.1689	0.3590	0.3952	0.6816	0.2107	1.8066	0.3043	0.3165	0.1975	1.0477	0.0326	2.1373
127	160	0.0371	2	0	1	0	0	0	0	0	0	N	N	N	N	N	N	N	N	N	N	N	N	0.0973	0.3186	0.1062	0.8083	0.7926	0.7970	0.0606	1.2094	0.1046	0.1570	0.1109	0.4119	0.6941	0.6967	0.0871	0.1123	0.0526	0.4126	1.6146	0.3482	3.8769	0.8587	0.8790	0.1093	1.8534	0.0435	3.9446	0.6718	6.2331	-0.0022	0.7370	1.9703	27.6416	6.2034	54.6365	0.0571	0.0342	0.0230	0.0194	0.0194	0.0000	0.0377	0.0148	0.0230	1.8270	0.2526	1.5744	0.2333	0.2325	0.0008	1.5937	0.0201	1.5736	0.3639	0.3082	0.0557	0.0280	0.0279	0.0001	0.3359	0.2803	0.0556	1.1316	0.7255	0.4061	0.2717	0.2645	0.0072	0.8599	0.4609	0.3989	0.0973	0.3186	0.1062	0.8083	0.7926	0.7970	0.0606	1.2094	0.1046	1.6146	0.3482	3.8769	0.8587	0.8790	0.1093	1.8534	0.0435	3.9446
127	161	0.1417	8	1	2	0	0	0	0	0	0	N	Y	N	N	N	N	N	N	N	N	N	N	0.0000	0.0000	0.0000	0.0000	0.0000	0.0000	0.0000	0.0000	0.0000	0.0000	0.0000	0.0000	0.0000	0.0000	0.0000	0.0000	0.0000	0.0000	0.0006	0.0009	0.0001	0.0009	0.0009	0.0008	0.0005	0.0010	0.0000	0.0432	0.0000	-0.0000	1.9703	0.0002	6.2034	3.0099	0.0000	0.0000	0.0000	0.0000	0.0000	0.0000	0.0000	0.0000	0.0000	0.0000	0.0000	0.0000	0.0000	0.0000	0.0000	0.0000	0.0000	0.0000	0.0000	0.0000	0.0000	0.0000	0.0000	0.0000	0.0000	0.0000	0.0000	0.0549	0.0359	0.0190	0.0167	0.0160	0.0007	0.0382	0.0199	0.0183	0.0000	0.0000	0.0000	0.0000	0.0000	0.0000	0.0000	0.0000	0.0000	0.0006	0.0009	0.0001	0.0009	0.0009	0.0008	0.0005	0.0010	0.0000	
127	162	0.1340	7	1	2	0	0	0	0	0	0	N	Y	N	N	N	N	N	N	N	N	N	N	0.0000	0.0000	0.0000	0.0000	0.0000	0.0000	0.0000	0.0000	0.0000	0.0000	0.0000	0.0000	0.0000	0.0000	0.0000	0.0000	0.0000	0.0000	0.0112	0.0133	0.0074	0.0288	0.0301	0.0000	0.0037	0.0001	0.0076	0.2969	0.0000	-0.0001	1.9703	0.9998	6.2034	2.0118	0.0000	0.0000	0.0000	0.0000	0.0000	0.0000	0.0000	0.0000	0.0000	0.0006	0.0005	0.0001	0.0005	0.0005	0.0000	0.0001	0.0000	0.0001	0.0152	0.0129	0.0023	0.0024	0.0023	0.0001	0.0129	0.0106	0.0022	0.0542	0.0352	0.0189	0.0162	0.0156	0.0007	0.0379	0.0197	0.0182	0.0000	0.0000	0.0000	0.0000	0.0000	0.0000	0.0000	0.0000	0.0000	0.0112	0.0133	0.0074	0.0288	0.0301	0.0000	0.0037	0.0001	0.0076	
127	163	0.1340	6	1	2	0	0	0	0	0	0	N	Y	N	N	N	N	N	N	N	N	N	N	0.0000	0.0000	0.0000	0.0000	0.0000	0.0000	0.0000	0.0000	0.0000	0.0000	0.0000	0.0000	0.0000	0.0000	0.0000	0.0000	0.0000	0.0000	0.0087	0.0093	0.0063	0.0124	0.0103	0.1477	0.0061	0.0083	0.0017	0.1753	0.0000	-0.0000	1.9703	0.0000	6.2034	0.0003	0.0000	0.0000	0.0000	0.0000	0.0000	0.0000	0.0000	0.0000	0.0000	0.0000	0.0000	0.0000	0.0000	0.0000	0.0000	0.0000	0.0000	0.0000	0.0000	0.0000	0.0000	0.0000	0.0000	0.0000	0.0000	0.0000	0.0000	0.0000	0.0000	0.0000	0.0000	0.0000	0.0000	0.0000	0.0000	0.0000	0.0000	0.0000	0.0000	0.0000	0.0000	0.0000	0.0000	0.0000	0.0000	0.0087	0.0093	0.0063	0.0124	0.0103	0.1477	0.0061	0.0083	0.0017	
127	164	0.1231	5	0	2	0	0	0	0	0	0	N	Y	N	N	N	N	N	N	N	N	N	N	16.2180	0.1179	62.8091	5.4015	5.4134	11.6707	20.0717	0.0022	60.4864	2.2422	0.0189	6.0603	0.0265	0.0264	0.0669	4.0554	0.0007	6.0895	0.1383	0.1603	0.0965	0.0049	0.0049	0.0057	0.2020	0.2989	0.1007	186.6948	0.3181	0.0008	-0.0026	1.9703	0.0063	6.2034	4.3641	0.0014	0.0000	0.0014	0.0000	0.0000	0.0000	0.0014	0.0000	0.0014	0.0121	0.0092	0.0029	0.0001	0.0001	0.0000	0.0119	0.0090	0.0029	0.0006	0.0004	0.0002	0.0003	0.0003	0.0000	0.0004	0.0001	0.0002	0.0874	0.0571	0.0302	0.0283	0.0269	0.0013	0.0591	0.0302	0.0289	16.2180	0.1179	62.8091	5.4015	5.4134	11.6707	20.0717	0.0022	60.4864	0.1383	0.1603	0.0965	0.0049	0.0049	0.0057	0.2020	0.2989	0.1007
127	165	0.0911	4	0	1	0	0	0	0	0	0	N	N	N	N	N	N	N	N	N	N	N	N	233.1491	4.6462	601.8058	9.0736	9.3987	2.2037	250.3889	0.1910	611.7978	16.2323	0.1027	102.9330	0.3491	0.3577	0.1031	21.4686	0.0014	108.7260	0.0696	0.0221	0.1710	0.0385	0.0381	0.0468	0.0857	0.0075	0.1777	186.5227	3.6273	0.4812	0.0061	1.9703	2.5207	6.2034	10.0226	0.8693	0.0046	0.8647	0.0046	0.0046	0.0000	0.8647	0.0000	0.8646	0.0187	0.0040	0.0146	0.0035	0.0033	0.0002	0.0152	0.0007	0.0144	0.0536	0.0452	0.0084	0.0133	0.0128	0.0004	0.0403	0.0323	0.0080	0.2681	0.1826	0.0856	0.0914	0.0871	0.0044	0.1767	0.0955	0.0812	233.1491	4.6462	601.8058	9.0736	9.3987	2.2037	250.3889	0.1910	611.7978	0.0696	0.0221	0.1710	0.0385	0.0381	0.0468	0.0857	0.0075	0.1777
127	166	0.0756	3	0	1	0	0	0	0	0	0	N	N	N	N	N	N	N	N	N	N	N	N	0.9571	0.1983	19.1864	0.3742	0.3977	0.0016	2.1577	0.0001	29.2905	0.0536	0.0150	0.2687	0.0384	0.0425	0.0001	0.0611	0.0000	0.3388	0.0560	0.0756	0.0140	0.1027	0.1068	0.0438	0.0283	0.0431	0.0116	3.2179	0.0864	0.0011	-0.0041	1.9703	2.6894	6.2034	4.6619	0.0034	0.0008	0.0026	0.0008	0.0008	0.0000	0.0026	0.0000	0.0026	0.0108	0.0099	0.0009	0.0074	0.0071	0.0002	0.0034	0.0028	0.0007	0.0631	0.0535	0.0096	0.0209	0.0189	0.0020	0.0422	0.0346	0.0076	0.1922	0.1311	0.0612	0.0716	0.0669	0.0046	0.1207	0.0641	0.0565	0.9571	0.1983	19.1864	0.3742	0.3977	0.0016	2.1577	0.0001	29.2905	0.0560	0.0756	0.0140	0.1027	0.1068	0.0438	0.0283	0.0431	0.0116
127	167	0.0371	2	0	1	0	0	0	0	0	0	N	N	N	N	N	N	N	N	N	N	N	N	0.5900	0.5587	0.7359	3.8568	3.8080	0.0766	0.1557	0.0001	0.7289	0.0927	0.0884	0.1142	0.8222	0.8254	0.0038	0.0208	0.0000	0.1145	0.1571	0.1583	0.1552	0.2132	0.2167	0.0496	0.1338	0.1085	0.1570	0.2570	0.5847	-0.0009	-0.0036	1.9703	2.7966	6.2034	8.5340	0.0039	0.0031	0.0008	0.0031	0.0031	0.0000	0.0008	0.0000	0.0008	0.0402	0.0253	0.0148	0.0160	0.0160	0.0001	0.0241	0.0094	0.0147	0.0424	0.0354	0.0070	0.0038	0.0038	0.0000	0.0386	0.0316	0.0070	0.2556	0.1601	0.0955	0.0752	0.0736	0.0016	0.1804	0.0865	0.0939	0.5900	0.5587	0.7359	3.8568	3.8080	0.0766	0.1557	0.0001	0.7289	0.1571	0.1583	0.1552	0.2132	0.2167	0.0496	0.1338	0.1085	0.1570
128	129	0.3642	5	0	1	0	0	0	0	0	0	N	N	N	N	N	N	N	N	N	N	N	N	0.0000	0.0000	0.0000	0.0000	0.0000	0.0000	0.0000	0.0000	0.0000	0.0000	0.0000	0.0000	0.0000	0.0000	0.0000	0.0000	0.0000	0.0000	0.0183	0.0009	0.0742	0.0198	0.0014	0.2346	0.0165	0.0000	0.0367	24.4699	0.0000	0.0016	1.1032	1.0033	7.8190	0.8635	0.0000	0.0000	0.0000	0.0000	0.0000	0.0000	0.0000	0.0000	0.0000	0.0033	0.0001	0.0031	0.0020	0.0001	0.0019	0.0013	0.0000	0.0013	0.0230	0.0209	0.0021	0.0124	0.0119	0.0006	0.0106	0.0090	0.0015	0.1780	0.1357	0.0423	0.1015	0.0935	0.0080	0.0765	0.0422	0.0343	0.0000	0.0000	0.0000	0.0000	0.0000	0.0000	0.0000	0.0000	0.0000	0.0183	0.0009	0.0742	0.0198	0.0014	0.2346	0.0165	0.0000	0.0367	
128	130	0.3349	4	0	0	0	0	0	0	0	0	N	N	N	N	N	N	N	N	N	N	N	N	0.0000	0.0000	0.0000	0.0000	0.0000	0.0000	0.0000	0.0000	0.0000	0.0000	0.0000	0.0000	0.0000	0.0000	0.0000	0.0000	0.0000	0.0000	0.1929	0.1014	0.4020	0.2529	0.1453	1.1044	0.1232	0.0054	0.2285	0.4696	1.7359	-0.0000	0.0181	1.1032	5.5514	7.8190	9.9598	0.0000	0.0000	0.0000	0.0000	0.0000	0.0000	0.0000	0.0000	0.0000	0.1026	0.0375	0.0651	0.0723	0.0369	0.0354	0.0303	0.0006	0.0297	0.0535	0.0465	0.0070	0.0157	0.0149	0.0008	0.0378	0.0316	0.0062	0.5318	0.3699	0.1619	0.2858	0.2538	0.0321	0.2460	0.1161	0.1299	0.0000	0.0000	0.0000	0.0000	0.0000	0.0000	0.0000	0.0000	0.0000	0.1929	0.1014	0.4020	0.2529	0.1453	1.1044	0.1232	0.0054	0.2285
128	131	0.3046	3	0	0	0	0	0	0	0	0	N	N	N	N	N	N	N	N	N	N	N	N	0.1408	0.1101	0.3429	0.2873	0.2983	0.0137	0.0998	0.0498	0.3464	0.0736	0.0422	0.2799	0.1590	0.1668	0.0069	0.0490	0.0017	0.3044	0.5226	0.3830	0.8163	0.5536	0.5591	0.5070	0.4911	0.0345	0.8785	1.0104	1.0125	0.0004	0.0128	1.1032	9.1969	7.8190	13.4651	0.0057	0.0029	0.0029	0.0028	0.0028	0.0000	0.0030	0.0001	0.0029	0.2868	0.1425	0.1443	0.1532	0.1382	0.0150	0.1336	0.0043	0.1293	0.0779	0.0676	0.0103	0.0174	0.0166	0.0008	0.0605	0.0510	0.0094	0.5488	0.3721	0.1768	0.2768	0.2472	0.0296	0.2721	0.1249	0.1472	0.1408	0.1101	0.3429	0.2873	0.2983	0.0137	0.0998	0.0498	0.3464	0.5226	0.3830	0.8163	0.5536	0.5591	0.5070	0.4911	0.0345	0.8785
128	132	0.1181	5	1	1	0	1	0	0	0	0	N	N	N	N	N	N	N	N	N	N	N	N	0.0000	0.0000	0.0000	0.0000	0.0000	0.0000	0.0000	0.0000	0.0000	0.0000	0.0000	0.0000	0.0000	0.0000	0.0000	0.0000	0.0002	0.0000	0.0004	0.0000	0.0000	0.0000	0.0002	0.0000	0.0004	714.2857	0.0000	0.0000	1.1032	1.0000	7.8190	3.0001	0.0000	0.0000	0.0000	0.0000	0.0000	0.0000	0.0000	0.0000	0.0000	0.0000	0.0000	0.0000	0.0000	0.0000	0.0000	0.0000	0.0000	0.0000	0.0072	0.0061	0.0011	0.0005	0.0004	0.0000	0.0067	0.0056	0.0011	0.0548	0.0314	0.0235	0.0097	0.0090	0.0007	0.0451	0.0224	0.0227	0.0000	0.0000	0.0000	0.0000	0.0000	0.0000	0.0000	0.0000	0.0000	0.0002	0.0000	0.0004	0.0000	0.0000	0.0000	0.0002	0.0000	0.0004			
128	133	0.5170	9	1	1	0	1	0	0	0	0	N	N	N	N	N	N	N	N	N	N	N	N	0.0000	0.0000	0.0000	0.0000	0.0000	0.0000	0.0000	0.0000	0.0000	0.0000	0.0000	0.0000	0.0000	0.0000	0.0000	0.0000	0.0000	0.0028	0.0041	0.0000	0.0047	0.0054	0.0000	0.0008	0.0017	0.0000	0.0001	0.0000	-0.0000	1.1032	0.0006	7.8190	1.9797	0.0000	0.0000	0.0000	0.0000	0.0000	0.0000	0.0000	0.0000	0.0000	0.0001	0.0001	0.0000	0.0001	0.0001	0.0000	0.0000	0.0000	0.0000	0.0000	0.0000	0.0000	0.0000	0.0000	0.0000	0.0000	0.0000	0.0000	0.0246	0.0167	0.0080	0.0124	0.0108	0.0017	0.0122	0.0059	0.0063	0.0000	0.0000	0.0000	0.0000	0.0000	0.0000	0.0000	0.0000	0.0000	0.0028	0.0041	0.0000	0.0047	0.0054	0.0000	0.0008	0.0017	0.0000		
128	134	0.5003	8	1	1	0	1	0	0	0	0	N	N	N	N	N	N	N	N	N	N	N	N	0.0223	0.0325	0.0000	0.7093	0.6610	0.0000	0.0000	0.0000	0.0000	0.0000	0.0000	0.0000	0.0000	0.0000	0.0000	0.0000	0.0000	0.0000	0.0002	0.0002	0.0003	0.0000	0.0000	0.0000	0.0004	0.0005	0.0004	0.0000	0.8779	-0.0000	0.0000	1.1032	2.0077	7.8190	6.0321	0.0000	0.0000	0.0000	0.0000	0.0000	0.0000	0.0000	0.0000	0.0000	0.0000	0.0000	0.0000	0.0000	0.0000	0.0000	0.0000	0.0000	0.0000	0.0139	0.0119	0.0020	0.0034	0.0031	0.0003	0.0105	0.0088	0.0017	0.0907	0.0606	0.0301	0.0450	0.0385	0.0065	0.0457	0.0221	0.0236	0.0223	0.0325	0.0000	0.7093	0.6610	0.0000	0.0000	0.0000	0.0000	0.0002	0.0002	0.0003	0.0000	0.0000	0.0000	0.0004	0.0005	0.0004
128	135	0.4955	8	0	1	0	1	0	0	0	0	N	N	N	N	N	N	N	N	N	N	N	N	26.9643	24.6298	17.1289	288.5812	331.9617	0.0946	1.0650	0.0000	19.3291	0.0976	0.1095	0.0318	0.3894	0.4201	0.0002	0.0064	0.0000	0.0359	0.0036	0.0044	0.0019	0.0013	0.0013	0.0019	0.0060	0.0103	0.0019	0.0527	0.1962	-0.0008	-0.0002	1.1032	3.0348	7.8190	9.3583	0.0021	0.0020	0.0001	0.0020	0.0020	0.0000	0.0001	0.0000	0.0001	0.0006	0.0005	0.0001	0.0001	0.0001	0.0000	0.0005	0.0004	0.0001	0.0219	0.0186	0.0034	0.0052	0.0048	0.0004	0.0167	0.0137	0.0030	0.1604	0.1091	0.0512	0.0823	0.0708	0.0115	0.0780	0.0383	0.0397	26.9643	24.6298	17.1289	288.5812	331.9617	0.0946	1.0650	0.0000	19.3291	0.0036	0.0044	0.0019	0.0013	0.0013	0.0019	0.0060	0.0103	0.0019
128	136	0.4812	7	0	0	0	1	0	0	0	0	N	N	N	N	N	N	N	N	N	N	N	N	307.3423	14.8201	4081.0900	295.8957	334.7921	0.0000	225.7045	0.2242	4074.3850	5.9682	0.3665	36.1219	1.1147	1.1850	0.0000	7.7645	0.0135	40.2358	0.0194	0.0247	0.0089	0.0038	0.0035	0.0051	0.0344	0.0604	0.0099	18.3088	0.1799	0.0011	-0.0005	1.1032	0.0433	7.8190	6.6805	0.0021	0.0001	0.0020	0.0001	0.0001	0.0000	0.0020	0.0000	0.0020	0.0015	0.0013	0.0002	0.0001	0.0001	0.0000	0.0014	0.0012	0.0002	0.0004	0.0003	0.0001	0.0001	0.0001	0.0000	0.0003	0.0002	0.0001	0.0788	0.0524	0.0264	0.0385	0.0329	0.0056	0.0403	0.0195	0.0207	307.3423	14.8201	4081.0900	295.8957	334.7921	0.0000	225.7045	0.2242	4074.3850	0.0194	0.0247	0.0089	0.0038	0.0035	0.0051	0.0344	0.0604	0.0099
128	137	0.1477	7	0	1	0	1	0	0	0	0	N	N	N	N	N	N	N	N	N	N	N	N	0.0000	0.0000	0.0000	0.0000	0.0000	0.0000	0.0000	0.0000	0.0000	0.0000	0.0000	0.0000	0.0000	0.0000	0.0000	0.0000	0.0000	0.0000	0.0000	0.0000	1.1032	0.0000	7.8190	0.0000	0.0000	0.0000	0.0000	0.0000	0.0000	0.0000	0.0000	0.0000	0.0000	0.0000	0.0000	0.0000	0.0000	0.0000	0.0000	0.0000	0.0000	0.0000	0.0000	0.0000	0.0000	0.0000	0.0000	0.0000	0.0000	0.0000	0.0000	0.0000	0.0000	0.0000	0.0000	0.0000	0.0000	0.0000	0.0000	0.0000	0.0000	0.0000	0.0000	0.0000	0.0000	0.0000	0.0000	0.0000	0.0000	0.0000	0.0000	0.0000	0.0000	0.0000	0.0000	0.0000	0.0000	0.0000											
128	138	0.1426	6	0	1	0	1	0	0	0	0	N	N	N	N	N	N	N	N	N	N	N	N	0.0000	0.0000	0.0000	0.0000	0.0000	0.0000	0.0000	0.0000	0.0000	0.0000	0.0000	0.0000	0.0000	0.0000	0.0000	0.0000	0.0000	0.0000	0.0000	0.0000	0.0000	0.0000	inf	0.0000	0.0000	1.1032	0.0021	7.8190	2.0000	0.0000	0.0000	0.0000	0.0000	0.0000	0.0000	0.0000	0.0000	0.0000	0.0000	0.0000	0.0000	0.0000	0.0000	0.0000	0.0000	0.0000	0.0000	0.0000	0.0000	0.0000	0.0000	0.0000	0.0000	0.0000	0.0000	0.0000	0.0271	0.0157	0.0114	0.0055	0.0051	0.0004	0.0216	0.0107	0.0109	0.0000	0.0000	0.0000	0.0000	0.0000	0.0000	0.0000	0.0000	0.0000	0.0000	0.0000	0.0000	0.0000	0.0000	0.0000	0.0000	0.0000	0.0000						
128	139	0.1324	5	0	0	0	1	0	0	0	0	N	N	N	N	N	N	N	N	N	N	N	N	0.0000	0.0000	0.0000	0.0000	0.0000	0.0000	0.0000	0.0000	0.0000	0.0000	0.0000	0.0000	0.0000	0.0000	0.0000	0.0015	0.0000	0.0034	0.0000	0.0000	0.0000	0.0018	0.0000	0.0036	16228.5593	0.0000	0.0000	1.1032	1.0020	7.8190	3.0181	0.0000	0.0000	0.0000	0.0000	0.0000	0.0000	0.0000	0.0000	0.0000	0.0001	0.0000	0.0001	0.0000	0.0000	0.0000	0.0001	0.0000	0.0001	0.0072	0.0061	0.0011	0.0005	0.0005	0.0000	0.0067	0.0056	0.0011	0.0550	0.0317	0.0233	0.0107	0.0099	0.0008	0.0442	0.0218	0.0224	0.0000	0.0000	0.0000	0.0000	0.0000	0.0000	0.0000	0.0000	0.0000	0.0015	0.0000	0.0034	0.0000	0.0000	0.0000	0.0018	0.0000	0.0036				
128	140	0.1181	5	0	1	0	0	0	0	0	0	N	N	N	N	N	N	N	N	N	N	N	N	0.0000	0.0000	0.0000	0.0000	0.0000	0.0000	0.0000	0.0000	0.0000	0.0000	0.0000	0.0000	0.0000	0.0000	0.0000	0.0000	0.0000	0.0000	0.0000	0.0000	0.0000	0.0000	0.0000	0.0000	-0.0000	1.1032	0.0000	7.8190	4.0001	0.0000	0.0000	0.0000	0.0000	0.0000	0.0000	0.0000	0.0000	0.0000	0.0000	0.0000	0.0000	0.0000	0.0000	0.0000	0.0000	0.0000	0.0000	0.0000	0.0000	0.0000	0.0000	0.0000	0.0000	0.0000	0.0000	0.0000	0.0548	0.0314	0.0235	0.0097	0.0090	0.0007	0.0451	0.0224	0.0227	0.0000	0.0000	0.0000	0.0000	0.0000	0.0000	0.0000	0.0000	0.0000	0.0000	0.0000	0.0000	0.0000	0.0000	0.0000	0.0000	0.0000	0.0000						
128	141	0.4957	7	0	1	0	0	0	0	0	0	N	N	N	N	N	N	N	N	N	N	N	N	0.1831	0.3141	0.4201	0.0063	0.1570	0.0000	0.1730	0.5126	0.5421	0.0000	0.0000	0.0002	0.0000	0.0000	0.0000	0.0000	0.0000	0.0003	0.0002	0.0000	0.0006	0.0001	0.0000	0.0008	0.0003	0.0000	0.0005	29.5256	66.2054	0.0000	0.0000	1.1032	1.0003	7.8190	5.0186	0.0000	0.0000	0.0000	0.0000	0.0000	0.0000	0.0000	0.0000	0.0000	0.0000	0.0000	0.0000	0.0000	0.0000	0.0000	0.0000	0.0000	0.0000	0.0069	0.0059	0.0010	0.0017	0.0016	0.0001	0.0052	0.0044	0.0008	0.0691	0.0462	0.0229	0.0343	0.0294	0.0049	0.0348	0.0168	0.0180	0.1831	0.3141	0.4201	0.0063	0.1570	0.0000	0.1730	0.5126	0.5421	0.0002	0.0000	0.0006	0.0001	0.0000	0.0008	0.0003	0.0000	0.0005
128	142	0.1324	5	0	0	1	1	0	0	0	0	N	N	N	N	N	N	N	N	N	N	N	N	0.0000	0.0000	0.0000	0.0000	0.0000	0.0000	0.0000	0.0000	0.0000	0.0000	0.0000	0.0000	0.0000	0.0000	0.0000	0.0000	0.0000	0.0002	0.0000	0.0004	0.0000	0.0000	0.0000	0.0002	0.0000	0.0004	332.7837	0.0000	0.0000	1.1032	0.0001	7.8190	9.0026	0.0000	0.0000	0.0000	0.0000	0.0000	0.0000	0.0000	0.0000	0.0000	0.0000	0.0000	0.0000	0.0000	0.0000	0.0000	0.0000	0.0000	0.0000	0.0000	0.0000	0.0000	0.0000	0.0000	0.0000	0.0000	0.0000	0.0000	0.1204	0.0695	0.0509	0.0234	0.0216	0.0019	0.0970	0.0479	0.0491	0.0000	0.0000	0.0000	0.0000	0.0000	0.0000	0.0000	0.0000	0.0000	0.0002	0.0000	0.0004	0.0000	0.0000	0.0000	0.0002	0.0000	0.0004		
128	143	0.4812	7	0	0	1	1	0	0	0	0	N	N	N	N	N	N	N	N	N	N	N	N	0.0074	0.0061	0.0000	0.4427	1.5389	0.0000	0.0000	0.0000	0.0000	0.0001	0.0001	0.0000	0.0003	0.0003	0.0000	0.0000	0.0000	0.0000	0.0091	0.0130	0.0014	0.0007	0.0002	0.0034	0.0172	0.0345	0.0009	0.0000	0.0554	-0.0000	-0.0004	1.1032	2.0061	7.8190	8.0425	0.0000	0.0000	0.0000	0.0000	0.0000	0.0000	0.0000	0.0000	0.0000	0.0011	0.0010	0.0001	0.0000	0.0000	0.0000	0.0010	0.0010	0.0000	0.0138	0.0118	0.0020	0.0031	0.0028	0.0003	0.0107	0.0090	0.0018	0.1154	0.0767	0.0387	0.0563	0.0480	0.0083	0.0591	0.0287	0.0304	0.0074	0.0061	0.0000	0.4427	1.5389	0.0000	0.0000	0.0000	0.0000	0.0091	0.0130	0.0014	0.0007	0.0002	0.0034	0.0172	0.0345	0.0009
128	144	0.4721	6	0	0	0	1	0	0	0	0	N	N	N	N	N	N	N	N	N	N	N	N	83.2301	341.1774	0.0000	161.8663	716.7393	0.0000	0.0001	0.0000	0.0003	1.5963	1.8719	0.0000	5.6321	6.2674	0.0000	0.0000	0.0000	0.0000	0.0192	0.0055	0.0532	0.0348	0.0087	0.2532	0.0038	0.0001	0.0080	0.0000	3.9046	-0.0102	0.0005	1.1032	1.9550	7.8190	2.1189	0.0232	0.0232	0.0000	0.0232	0.0232	0.0000	0.0000	0.0000	0.0000	0.0014	0.0003	0.0011	0.0012	0.0003	0.0010	0.0001	0.0000	0.0001	0.0145	0.0124	0.0021	0.0041	0.0037	0.0004	0.0104	0.0087	0.0017	0.0720	0.0513	0.0207	0.0357	0.0319	0.0038	0.0362	0.0194	0.0169	83.2301	341.1774	0.0000	161.8663	716.7393	0.0000	0.0001	0.0000	0.0003	0.0192	0.0055	0.0532	0.0348	0.0087	0.2532	0.0038	0.0001	0.0080
128	145	0.4721	6	0	0	1	1	0	0	0	0	N	N	N	N	N	N	N	N	N	N	N	N	0.0005	0.0000	9.9309	0.0000	0.0000	0.0000	0.0012	0.0000	15.2944	0.0063	0.0001	0.0424	0.0000	0.0000	0.0000	0.0087	0.0001	0.0524	13.6869	22.2935	0.0043	25.7929	27.7824	0.0076	7.5004	15.0227	0.0034	104.6593	0.0002	0.0001	-1.0256	1.1032	2.1261	7.8190	18.6477	0.0001	0.0000	0.0001	0.0000	0.0000	0.0000	0.0001	0.0000	0.0001	2.2383	2.2380	0.0003	1.2773	1.2772	0.0001	0.9610	0.9608	0.0002	0.0157	0.0134	0.0023	0.0044	0.0040	0.0004	0.0113	0.0094	0.0019	0.2482	0.1676	0.0806	0.1201	0.1036	0.0164	0.1281	0.0640	0.0642	0.0007	0.0000	9.9309	0.0000	0.0000	0.0000	0.0012	0.0000	15.2944	9.0185	13.3535	0.0043	10.6387	12.3234	0.0076	7.5004	15.0227	0.0034
128	146	0.1324	5	0	0	1	1	0	0	0	0	N	N	N	N	N	N	N	N	N	N	N	N	0.0000	0.0000	0.0000	0.0000	0.0000	0.0000	0.0000	0.0000	0.0000	0.0000	0.0000	0.0000	0.0000	0.0000	0.0000	0.0000	0.0000	0.0000	0.0000	0.0000	0.0000	0.0000	0.0000	0.0000	0.0000	0.0000	0.0181	0.0000	-0.0000	1.1032	2.0001	7.8190	5.9880	0.0000	0.0000	0.0000	0.0000	0.0000	0.0000	0.0000	0.0000	0.0000	0.0000	0.0000	0.0000	0.0000	0.0000	0.0000	0.0000	0.0000	0.0000	0.0143	0.0121	0.0022	0.0010	0.0009	0.0001	0.0133	0.0112	0.0021	0.1073	0.0619	0.0454	0.0209	0.0192	0.0017	0.0864	0.0427	0.0437	0.0000	0.0000	0.0000	0.0000	0.0000	0.0000	0.0000	0.0000	0.0000	0.0000	0.0000	0.0000	0.0000	0.0000	0.0000	0.0000	0.0000	0.0000		
128	147	0.1324	5	0	0	1	1	0	0	0	0	N	N	N	N	N	N	N	N	N	N	N	N	90.1779	38.0790	1193.8475	0.0000	0.0000	0.0000	212.9039	87.8673	1523.6816	0.2275	0.1504	0.6587	0.0000	0.0000	0.0000	0.2444	0.1628	0.6792	0.0025	0.0039	0.0006	0.0083	0.0087	0.0033	0.0011	0.0019	0.0004	0.7834	0.1011	-0.0000	-0.0004	1.1032	9.0001	7.8190	23.0169	0.0142	0.0079	0.0062	0.0000	0.0000	0.0000	0.0142	0.0079	0.0062	0.0010	0.0009	0.0001	0.0006	0.0006	0.0000	0.0004	0.0003	0.0001	0.0623	0.0528	0.0094	0.0043	0.0040	0.0003	0.0579	0.0488	0.0092	0.3885	0.2254	0.1631	0.0750	0.0689	0.0061	0.3135	0.1565	0.1570	90.1779	38.0790	1193.8475	0.0000	0.0000	0.0000	212.9039	87.8673	1523.6816	0.0025	0.0039	0.0006	0.0083	0.0087	0.0033	0.0011	0.0019	0.0004
128	148	0.1071	4	0	0	0	1	0	0	0	0	N	N	N	N	N	N	N	N	N	N	N	N	0.1812	0.0218	0.6633	0.6709	0.9536	0.0000	0.1512	0.0002	0.6725	0.0077	0.0005	0.0474	0.0055	0.0059	0.0000	0.0079	0.0000	0.0488	0.0426	0.0213	0.0714	0.0083	0.0062	0.0389	0.0521	0.0296	0.0725	18.6926	2.4792	0.0001	0.0017	1.1032	1.9990	7.8190	7.9526	0.0001	0.0000	0.0001	0.0000	0.0000	0.0000	0.0001	0.0000	0.0001	0.0065	0.0019	0.0046	0.0003	0.0002	0.0001	0.0062	0.0017	0.0045	0.0144	0.0122	0.0022	0.0010	0.0009	0.0001	0.0134	0.0112	0.0022	0.1525	0.0877	0.0648	0.0331	0.0310	0.0021	0.1194	0.0566	0.0627	0.1812	0.0218	0.6633	0.6709	0.9536	0.0000	0.1512	0.0002	0.6725	0.0426	0.0213	0.0714	0.0083	0.0062	0.0389	0.0521	0.0296	0.0725
128	149	0.0752	3	1	1	0	0	0	0	0	0	N	N	N	N	N	N	N	N	N	N	N	N	0.0012	0.0073	0.0003	0.5365	0.5256	0.0000	0.0002	0.0000	0.0004	0.0049	0.0050	0.0043	0.0384	0.0391	0.0000	0.0008	0.0000	0.0044	3.9777	0.6815	13.6572	0.0716	0.0744	0.0011	5.0048	1.0285	10.2485	0.1580	8.3670	-0.0001	0.6327	1.1032	5.3497	7.8190	17.2225	0.0002	0.0002	0.0000	0.0002	0.0002	0.0000	0.0000	0.0000	0.0000	1.4550	0.1553	1.2997	0.0062	0.0062	0.0000	1.4488	0.1492	1.2996	0.0448	0.0379	0.0069	0.0049	0.0049	0.0001	0.0399	0.0331	0.0068	0.3757	0.2279	0.1478	0.0862	0.0829	0.0033	0.2895	0.1450	0.1444	0.0013	0.0073	0.0005	0.5365	0.5256	0.0000	0.0002	0.0000	0.0005	3.8729	0.6815	8.7952	0.0716	0.0744	0.0011	5.0048	1.0285	8.9975
128	150	0.1060	4	0	1	0	0	0	0	0	0	N	N	N	N	N	N	N	N	N	N	N	N	0.0493	0.0684	0.0123	0.1216	0.1172	0.7271	0.0035	0.0000	0.0111	0.0052	0.0057	0.0018	0.0207	0.0212	0.0038	0.0003	0.0000	0.0017	0.1054	0.0838	0.1432	0.1702	0.1806	0.0052	0.0790	0.0111	0.1501	0.0479	0.9778	-0.0001	0.0014	1.1032	3.6794	7.8190	17.4287	0.0002	0.0002	0.0000	0.0002	0.0002	0.0000	0.0000	0.0000	0.0000	0.0403	0.0204	0.0199	0.0188	0.0188	0.0000	0.0214	0.0015	0.0199	0.0418	0.0362	0.0056	0.0101	0.0098	0.0003	0.0318	0.0264	0.0054	0.3819	0.2428	0.1390	0.1107	0.1041	0.0066	0.2711	0.1387	0.1324	0.0493	0.0684	0.0123	0.1216	0.1172	0.7271	0.0035	0.0000	0.0111	0.1054	0.0838	0.1432	0.1702	0.1806	0.0052	0.0790	0.0111	0.1501
128	151	0.0752	3	0	1	0	0	0	0	0	0	N	N	N	N	N	N	N	N	N	N	N	N	0.0040	0.0015	1.0200	0.0012	0.0015	0.0000	0.1938	0.0286	1.0158	0.0131	0.0084	0.0388	0.0440	0.0446	0.0000	0.0080	0.0012	0.0393	3.2646	5.7193	0.0381	35.5432	30.6677	0.0099	0.0411	0.0435	0.0387	0.8316	0.0044	0.0000	-0.3874	1.1032	3.4464	7.8190	10.1316	0.0004	0.0002	0.0002	0.0002	0.0002	0.0000	0.0002	0.0000	0.0002	0.8535	0.8497	0.0038	0.8455	0.8455	0.0000	0.0080	0.0042	0.0037	0.0318	0.0269	0.0049	0.0045	0.0045	0.0001	0.0273	0.0224	0.0048	0.2614	0.1627	0.0987	0.0674	0.0653	0.0021	0.1941	0.0974	0.0966	0.0040	0.0016	1.0200	0.0035	0.0034	0.0000	0.1938	0.0286	1.0158	3.2646	5.2230	0.0381	12.5482	12.9552	0.0099	0.0411	0.0435	0.0387
128	152	0.5025	9	1	1	0	0	0	0	0	0	N	N	N	N	N	N	N	N	N	N	N	N	0.0189	0.0008	1.7316	0.0000	0.0000	0.5285	inf	1.5807	0.0004	0.0000	0.0029	0.0000	0.0000	0.0000	0.0006	0.0000	0.0034	0.0229	0.0334	0.0017	0.0452	0.0529	0.0000	0.0011	0.0000	0.0021	18.6766	0.0249	0.0000	-0.0014	1.1032	1.0143	7.8190	12.0086	0.0000	0.0000	0.0000	0.0000	0.0000	0.0000	0.0000	0.0000	0.0000	0.0033	0.0032	0.0001	0.0032	0.0032	0.0000	0.0001	0.0000	0.0001	0.0072	0.0062	0.0010	0.0018	0.0017	0.0001	0.0054	0.0045	0.0009	0.1438	0.0961	0.0478	0.0710	0.0607	0.0103	0.0728	0.0353	0.0375	0.0189	0.0008	1.7316	0.0000	0.0000	0.0000	0.5285	inf	1.5807	0.0229	0.0334	0.0017	0.0452	0.0529	0.0000	0.0011	0.0000	0.0021	
128	153	0.5003	8	1	1	0	0	0	0	0	0	N	N	N	N	N	N	N	N	N	N	N	N	16.5042	3.3397	285.9375	9.9182	9.2467	38.2543	0.0000	261.2084	0.0019	0.0005	0.0100	0.0017	0.0019	0.0000	0.0019	0.0000	0.0117	0.0001	0.0002	0.0000	0.0002	0.0002	0.0000	0.0000	0.0001	0.0000	3.2958	0.1148	0.0000	-0.0000	1.1032	0.9811	7.8190	0.0216	0.0000	0.0000	0.0000	0.0000	0.0000	0.0000	0.0000	0.0000	0.0000	0.0000	0.0000	0.0000	0.0000	0.0000	0.0000	0.0000	0.0000	0.0000	0.0069	0.0059	0.0010	0.0017	0.0016	0.0001	0.0052	0.0043	0.0008	0.0118	0.0079	0.0039	0.0059	0.0050	0.0008	0.0059	0.0028	0.0031	16.5042	3.3397	285.9375	9.9182	9.2467	0.0000	38.2543	0.0000	261.2084	0.0001	0.0002	0.0000	0.0002	0.0002	0.0000	0.0000	0.0001	0.0000	
128	154	0.4957	7	1	1	0	0	0	0	0	0	N	N	N	N	N	N	N	N	N	N	N	N	8.5417	8.9226	19.2237	0.1683	3.5550	0.0000	9.0089	14.7252	27.8153	0.0046	0.0001	0.0311	0.0001	0.0001	0.0000	0.0069	0.0002	0.0406	0.0005	0.0000	0.0016	0.0003	0.0000	0.0022	0.0008	0.0000	0.0015	38.9273	52.1689	0.0000	0.0000	1.1032	0.0083	7.8190	2.0001	0.0000	0.0000	0.0000	0.0000	0.0000	0.0000	0.0000	0.0000	0.0000	0.0000	0.0000	0.0000	0.0000	0.0000	0.0000	0.0000	0.0000	0.0000	0.0001	0.0001	0.0000	0.0000	0.0000	0.0000	0.0000	0.0000	0.0000	0.0240	0.0161	0.0079	0.0119	0.0103	0.0017	0.0120	0.0058	0.0062	8.5417	8.9226	19.2237	0.1683	3.5550	0.0000	9.0089	14.7252	27.8153	0.0005	0.0000	0.0016	0.0003	0.0000	0.0022	0.0008	0.0000	0.0015
128	155	0.4721	6	0	1	0	0	0	0	0	0	N	N	N	N	N	N	N	N	N	N	N	N	0.5695	0.3865	1.2781	0.0023	0.0107	0.0000	3.1678	1.4881	10.1501	0.0056	0.0012	0.0319	0.0000	0.0000	0.0000	0.0077	0.0016	0.0388	0.0099	0.0030	0.0249	0.0177	0.0042	0.1101	0.0024	0.0011	0.0038	4.6044	3.7322	0.0000	0.0005	1.1032	2.9180	7.8190	7.4065	0.0001	0.0000	0.0001	0.0000	0.0000	0.0000	0.0001	0.0000	0.0001	0.0014	0.0003	0.0011	0.0012	0.0003	0.0010	0.0002	0.0000	0.0001	0.0210	0.0180	0.0031	0.0057	0.0051	0.0005	0.0154	0.0128	0.0025	0.1407	0.0967	0.0441	0.0688	0.0601	0.0088	0.0719	0.0366	0.0353	0.5695	0.3865	1.2781	0.0023	0.0107	0.0000	3.1678	1.4881	10.1501	0.0099	0.0030	0.0249	0.0177	0.0042	0.1101	0.0024	0.0011	0.0038
128	156	0.4062	5	0	0	0	0	0	0	0	0	N	N	N	N	N	N	N	N	N	N	N	N	0.0051	0.0117	0.0062	0.0062	0.0224	0.0000	0.0071	0.0031	0.0256	0.0019	0.0014	0.0053	0.0037	0.0039	0.0000	0.0010	0.0000	0.0062	0.3687	0.1191	0.8551	0.5969	0.1756	3.8102	0.1387	0.0035	0.2431	0.5330	3.6842	-0.0000	0.0548	1.1032	8.2479	7.8190	19.7214	0.0002	0.0001	0.0001	0.0001	0.0001	0.0000	0.0001	0.0000	0.0001	0.1670	0.0356	0.1313	0.1357	0.0353	0.1004	0.0313	0.0003	0.0309	0.0831	0.0728	0.0103	0.0273	0.0258	0.0016	0.0558	0.0470	0.0087	0.4528	0.2992	0.1536	0.2273	0.2010	0.0263	0.2255	0.0983	0.1272	0.0051	0.0117	0.0062	0.0062	0.0224	0.0000	0.0071	0.0031	0.0256	0.3687	0.1191	0.8551	0.5969	0.1756	3.8102	0.1387	0.0035	0.2431
128	157	0.3701	4	0	0	0	0	0	0	0	0	N	N	N	N	N	N	N	N	N	N	N	N	0.0051	0.0027	0.0143	0.0036	0.0069	0.0002	0.0078	0.0009	0.0286	0.0043	0.0012	0.0237	0.0039	0.0041	0.0009	0.0044	0.0001	0.0272	0.8441	0.4349	1.6602	1.0954	0.6017	4.4496	0.5641	0.0641	0.9521	3.1799	1.9141	0.0001	0.0742	1.1032	7.4725	7.8190	14.3153	0.0003	0.0001	0.0002	0.0001	0.0001	0.0000	0.0002	0.0000	0.0002	0.3738	0.1283	0.2455	0.2556	0.1224	0.1332	0.1182	0.0059	0.1123	0.0626	0.0540	0.0086	0.0161	0.0149	0.0011	0.0465	0.0391	0.0074	0.4429	0.2950	0.1479	0.2334	0.2034	0.0299	0.2095	0.0915	0.1180	0.0051	0.0027	0.0143	0.0036	0.0069	0.0002	0.0078	0.0009	0.0286	0.8441	0.4349	1.6602	1.0954	0.6017	4.4496	0.5641	0.0641	0.9521
128	158	0.3046	3	0	0	0	0	0	0	0	0	N	N	N	N	N	N	N	N	N	N	N	N	0.0237	0.0220	0.0570	0.0041	0.0483	0.0001	0.1381	0.1369	0.4685	0.0378	0.0038	0.2574	0.0120	0.0125	0.0026	0.0445	0.0012	0.2795	1.5925	0.1709	4.5130	2.9083	0.2595	42.0373	0.3222	0.0086	0.5967	10.6109	12.8559	0.0017	0.4671	1.1032	11.6653	7.8190	19.4910	0.0035	0.0003	0.0032	0.0002	0.0002	0.0000	0.0033	0.0001	0.0032	0.9950	0.0718	0.9232	0.8926	0.0705	0.8221	0.1024	0.0013	0.1011	0.0931	0.0806	0.0125	0.0193	0.0183	0.0010	0.0738	0.0623	0.0115	0.6248	0.4202	0.2046	0.3069	0.2719	0.0350	0.3179	0.1484	0.1695	0.0237	0.0220	0.0570	0.0041	0.0483	0.0001	0.1381	0.1369	0.4685	1.5925	0.1709	4.5130	2.9083	0.2595	23.4547	0.3222	0.0086	0.5967
128	159	0.2574	2	0	0	0	0	0	0	0	0	N	N	N	N	N	N	N	N	N	N	N	N	0.1666	0.0533	0.4310	0.0743	0.1099	0.0073	0.1186	0.0583	0.4071	0.2835	0.0111	2.0638	0.0289	0.0297	0.0099	0.3546	0.0052	2.2226	1.7022	0.2077	4.7885	0.3883	0.2704	1.3620	2.9902	0.0885	5.4602	28.5382	11.1623	0.0097	0.5102	1.1032	7.3933	7.8190	20.5306	0.0185	0.0006	0.0179	0.0004	0.0004	0.0000	0.0181	0.0002	0.0179	1.1106	0.0913	1.0193	0.1254	0.0779	0.0475	0.9852	0.0134	0.9718	0.0652	0.0565	0.0087	0.0142	0.0136	0.0006	0.0510	0.0429	0.0080	0.6525	0.4396	0.2129	0.3230	0.2881	0.0349	0.3295	0.1515	0.1780	0.1666	0.0533	0.4310	0.0743	0.1099	0.0073	0.1186	0.0583	0.4071	1.7022	0.2077	4.7885	0.3883	0.2704	1.3620	2.9902	0.0885	5.4602
128	161	0.1257	7	1	1	0	0	0	0	0	0	N	N	N	N	N	N	N	N	N	N	N	N	0.0000	0.0000	0.0000	0.0000	0.0000	0.0000	0.0000	0.0000	0.0000	0.0000	0.0000	0.0000	0.0000	0.0000	0.0000	0.0000	0.0000	0.0003	0.0004	0.0002	0.0001	0.0001	0.0000	0.0004	0.0006	0.0002	0.2549	0.0000	-0.0000	1.1032	0.0002	7.8190	3.0099	0.0000	0.0000	0.0000	0.0000	0.0000	0.0000	0.0000	0.0000	0.0000	0.0000	0.0000	0.0000	0.0000	0.0000	0.0000	0.0000	0.0000	0.0000	0.0000	0.0000	0.0000	0.0000	0.0000	0.0000	0.0000	0.0000	0.0000	0.0423	0.0244	0.0178	0.0078	0.0073	0.0006	0.0344	0.0172	0.0173	0.0000	0.0000	0.0000	0.0000	0.0000	0.0000	0.0000	0.0000	0.0000	0.0003	0.0004	0.0002	0.0001	0.0001	0.0000	0.0004	0.0006	0.0002		
128	162	0.1181	6	1	1	0	0	0	0	0	0	N	N	N	N	N	N	N	N	N	N	N	N	0.0000	0.0000	0.0000	0.0000	0.0000	0.0000	0.0000	0.0000	0.0000	0.0000	0.0000	0.0000	0.0000	0.0000	0.0000	0.0000	0.0000	0.0113	0.0004	0.0258	0.0014	0.0015	0.0000	0.0134	0.0000	0.0266	43.0830	0.0000	0.0002	1.1032	0.9998	7.8190	2.0118	0.0000	0.0000	0.0000	0.0000	0.0000	0.0000	0.0000	0.0000	0.0000	0.0005	0.0000	0.0005	0.0000	0.0000	0.0000	0.0005	0.0000	0.0005	0.0072	0.0061	0.0011	0.0005	0.0004	0.0000	0.0067	0.0056	0.0011	0.0415	0.0237	0.0178	0.0073	0.0068	0.0005	0.0341	0.0169	0.0172	0.0000	0.0000	0.0000	0.0000	0.0000	0.0000	0.0000	0.0000	0.0000	0.0113	0.0004	0.0258	0.0014	0.0015	0.0000	0.0134	0.0000	0.0266		
128	163	0.1181	5	1	1	0	0	0	0	0	0	N	N	N	N	N	N	N	N	N	N	N	N	0.0000	0.0000	0.0000	0.0000	0.0000	0.0000	0.0000	0.0000	0.0000	0.0000	0.0000	0.0000	0.0000	0.0000	0.0000	0.0000	0.0000	0.0039	0.0042	0.0025	0.0029	0.0029	0.0000	0.0045	0.0055	0.0026	0.1596	0.0000	-0.0000	1.1032	0.0000	7.8190	0.0003	0.0000	0.0000	0.0000	0.0000	0.0000	0.0000	0.0000	0.0000	0.0000	0.0000	0.0000	0.0000	0.0000	0.0000	0.0000	0.0000	0.0000	0.0000	0.0000	0.0000	0.0000	0.0000	0.0000	0.0000	0.0000	0.0000	0.0000	0.0000	0.0000	0.0000	0.0000	0.0000	0.0000	0.0000	0.0000	0.0000	0.0000	0.0000	0.0000	0.0000	0.0000	0.0000	0.0000	0.0000	0.0000	0.0039	0.0042	0.0025	0.0029	0.0029	0.0000	0.0045	0.0055	0.0026		
128	164	0.1071	4	0	1	0	0	0	0	0	0	N	N	N	N	N	N	N	N	N	N	N	N	9.2383	1.3933	22.3669	6.9139	9.2328	0.0000	10.9241	0.0259	22.1332	0.6964	0.0454	2.9974	0.0922	0.0926	0.0000	1.0637	0.0013	3.0197	0.0754	0.0326	0.1340	0.0133	0.0100	0.0680	0.0974	0.0494	0.1364	18.6926	3.0058	0.0001	0.0018	1.1032	0.0063	7.8190	4.3641	0.0001	0.0000	0.0001	0.0000	0.0000	0.0000	0.0001	0.0000	0.0001	0.0060	0.0015	0.0045	0.0003	0.0002	0.0001	0.0058	0.0013	0.0044	0.0002	0.0001	0.0000	0.0001	0.0001	0.0000	0.0001	0.0001	0.0000	0.0800	0.0462	0.0338	0.0209	0.0197	0.0012	0.0591	0.0265	0.0326	9.2383	1.3933	22.3669	6.9139	9.2328	0.0000	10.9241	0.0259	22.1332	0.0754	0.0326	0.1340	0.0133	0.0100	0.0680	0.0974	0.0494	0.1364
128	165	0.0752	3	0	0	0	0	0	0	0	0	N	N	N	N	N	N	N	N	N	N	N	N	1.2723	0.1579	4.2560	6.2732	6.1561	0.0000	1.0915	0.0018	4.2124	2.6443	0.1584	16.4808	0.7749	0.7826	0.0000	3.0292	0.0029	16.6653	2.0784	1.0030	3.8724	0.1235	0.1271	0.0082	2.7754	1.6057	3.9563	18.6909	2.3145	0.0341	0.1235	1.1032	2.5207	7.8190	10.0226	0.0670	0.0034	0.0636	0.0034	0.0034	0.0000	0.0637	0.0000	0.0636	0.5148	0.1553	0.3595	0.0080	0.0080	0.0000	0.5068	0.1473	0.3595	0.0253	0.0215	0.0039	0.0043	0.0043	0.0000	0.0210	0.0172	0.0038	0.2477	0.1549	0.0928	0.0651	0.0631	0.0020	0.1826	0.0917	0.0909	1.2723	0.1579	4.2560	6.2732	6.1561	0.0000	1.0915	0.0018	4.2124	2.0784	1.0030	3.8724	0.1235	0.1271	0.0082	2.7754	1.6057	3.9563
128	166	0.0596	2	0	0	0	0	0	0	0	0	N	N	N	N	N	N	N	N	N	N	N	N	0.0074	0.0015	0.7226	0.0140	0.0137	0.0000	0.0091	0.0000	0.7102	0.0119	0.0037	0.0558	0.0388	0.0392	0.0000	0.0095	0.0000	0.0561	1.6007	2.5223	0.0772	2.7601	2.8566	0.0167	1.0493	2.1882	0.0790	2.8265	0.0185	0.0001	-0.1460	1.1032	2.6894	7.8190	4.6619	0.0003	0.0001	0.0002	0.0001	0.0001	0.0000	0.0002	0.0000	0.0002	0.3317	0.3257	0.0060	0.1844	0.1843	0.0000	0.1474	0.1414	0.0060	0.0220	0.0185	0.0035	0.0018	0.0017	0.0000	0.0202	0.0168	0.0034	0.2072	0.1291	0.0781	0.0668	0.0645	0.0023	0.1404	0.0646	0.0758	0.0074	0.0015	0.7226	0.0140	0.0137	0.0000	0.0091	0.0000	0.7102	1.6007	2.5223	0.0772	2.7601	2.8566	0.0167	1.0493	2.1882	0.0790
129	132	0.4648	9	1	2	0	1	0	0	0	0	N	Y	N	N	N	N	N	N	N	N	N	N	0.0000	0.0000	0.0000	0.0000	0.0000	0.0000	0.0000	0.0000	0.0000	0.0000	0.0000	0.0000	0.0000	0.0000	0.0000	0.0000	0.0000	0.0000	0.0000	0.0000	1.0033	1.0000	0.8635	3.0001	0.0000	0.0000	0.0000	0.0000	0.0000	0.0000	0.0000	0.0000	0.0000	0.0000	0.0000	0.0000	0.0000	0.0000	0.0000	0.0000	0.0000	0.0000	0.0215	0.0195	0.0020	0.0116	0.0110	0.0005	0.0099	0.0085	0.0014	0.0729	0.0562	0.0167	0.0409	0.0370	0.0038	0.0320	0.0191	0.0129	0.0000	0.0000	0.0000	0.0000	0.0000	0.0000	0.0000	0.0000	0.0000	0.0000	0.0000	0.0000	0.0000	0.0000	0.0000	0.0000	0.0000	0.0000											
129	133	0.2969	9	1	2	0	1	0	0	0	0	N	Y	N	N	N	N	N	N	N	N	N	N	0.0000	0.0000	0.0000	0.0000	0.0000	0.0000	0.0000	0.0000	0.0000	0.0000	0.0000	0.0000	0.0000	0.0000	0.0000	0.0000	0.0000	0.0000	0.0000	0.0000	0.0000	0.0000	0.0000	0.0000	-0.0000	1.0033	0.0006	0.8635	1.9797	0.0000	0.0000	0.0000	0.0000	0.0000	0.0000	0.0000	0.0000	0.0000	0.0000	0.0000	0.0000	0.0000	0.0000	0.0000	0.0000	0.0000	0.0000	0.0000	0.0000	0.0000	0.0000	0.0000	0.0000	0.0000	0.0000	0.0000	0.0325	0.0250	0.0075	0.0175	0.0159	0.0016	0.0149	0.0091	0.0059	0.0000	0.0000	0.0000	0.0000	0.0000	0.0000	0.0000	0.0000	0.0000	0.0000	0.0000	0.0000	0.0000	0.0000	0.0000	0.0000	0.0000	0.0000						
129	134	0.2801	8	1	2	0	1	0	0	0	0	N	Y	N	N	N	N	N	N	N	N	N	N	0.0000	0.0000	0.0000	0.0000	0.0000	0.0000	0.0000	0.0000	0.0000	0.0000	0.0000	0.0000	0.0000	0.0000	0.0000	0.0003	0.0004	0.0000	0.0006	0.0006	0.0000	0.0000	0.0000	0.0000	0.0001	0.0000	-0.0000	1.0033	2.0077	0.8635	6.0321	0.0000	0.0000	0.0000	0.0000	0.0000	0.0000	0.0000	0.0000	0.0000	0.0000	0.0000	0.0000	0.0000	0.0000	0.0000	0.0000	0.0000	0.0000	0.0520	0.0478	0.0042	0.0278	0.0269	0.0009	0.0242	0.0209	0.0033	0.1289	0.0992	0.0297	0.0684	0.0626	0.0058	0.0605	0.0366	0.0239	0.0000	0.0000	0.0000	0.0000	0.0000	0.0000	0.0000	0.0000	0.0000	0.0003	0.0004	0.0000	0.0006	0.0006	0.0000	0.0000	0.0000	0.0000				
129	135	0.2753	8	0	2	0	1	0	0	0	0	N	Y	N	N	N	N	N	N	N	N	N	N	0.0000	0.0000	0.0000	0.0000	0.0000	0.0000	0.0000	0.0000	0.0000	0.0000	0.0000	0.0000	0.0000	0.0000	0.0000	0.0000	0.0000	0.0006	0.0002	0.0020	0.0011	0.0002	0.0083	0.0000	0.0000	0.0001	4.1623	0.0000	0.0000	1.0033	3.0348	0.8635	9.3583	0.0000	0.0000	0.0000	0.0000	0.0000	0.0000	0.0000	0.0000	0.0000	0.0001	0.0000	0.0001	0.0001	0.0000	0.0001	0.0000	0.0000	0.0000	0.0783	0.0720	0.0063	0.0417	0.0404	0.0013	0.0366	0.0315	0.0050	0.2110	0.1593	0.0518	0.1175	0.1055	0.0120	0.0935	0.0537	0.0398	0.0000	0.0000	0.0000	0.0000	0.0000	0.0000	0.0000	0.0000	0.0000	0.0006	0.0002	0.0020	0.0011	0.0002	0.0083	0.0000	0.0000	0.0001		
129	136	0.2610	7	0	1	0	1	0	0	0	0	N	N	N	N	N	N	N	N	N	N	N	N	0.0000	0.0000	0.0000	0.0000	0.0000	0.0000	0.0000	0.0000	0.0000	0.0000	0.0000	0.0000	0.0000	0.0000	0.0000	0.0000	0.0000	0.0077	0.0081	0.0066	0.0135	0.0121	0.0231	0.0001	0.0000	0.0003	0.2741	0.0000	-0.0002	1.0033	0.0433	0.8635	6.6805	0.0000	0.0000	0.0000	0.0000	0.0000	0.0000	0.0000	0.0000	0.0000	0.0010	0.0008	0.0002	0.0010	0.0008	0.0002	0.0000	0.0000	0.0000	0.0012	0.0011	0.0001	0.0007	0.0006	0.0000	0.0006	0.0005	0.0001	0.1246	0.0931	0.0315	0.0710	0.0623	0.0087	0.0536	0.0308	0.0228	0.0000	0.0000	0.0000	0.0000	0.0000	0.0000	0.0000	0.0000	0.0000	0.0077	0.0081	0.0066	0.0135	0.0121	0.0231	0.0001	0.0000	0.0003		
129	137	0.4944	11	0	2	0	1	0	0	0	0	N	Y	N	N	N	N	N	N	N	N	N	N	0.0000	0.0000	0.0000	0.0000	0.0000	0.0000	0.0000	0.0000	0.0000	0.0000	0.0000	0.0000	0.0000	0.0000	0.0000	0.0000	0.0000	0.0000	0.0000	0.0000	1.0033	0.0000	0.8635	0.0000	0.0000	0.0000	0.0000	0.0000	0.0000	0.0000	0.0000	0.0000	0.0000	0.0000	0.0000	0.0000	0.0000	0.0000	0.0000	0.0000	0.0000	0.0000	0.0000	0.0000	0.0000	0.0000	0.0000	0.0000	0.0000	0.0000	0.0000	0.0000	0.0000	0.0000	0.0000	0.0000	0.0000	0.0000	0.0000	0.0000	0.0000	0.0000	0.0000	0.0000	0.0000	0.0000	0.0000	0.0000	0.0000	0.0000	0.0000	0.0000	0.0000	0.0000	0.0000	0.0000	0.0000	0.0000											
129	138	0.4893	10	0	2	0	1	0	0	0	0	N	Y	N	N	N	N	N	N	N	N	N	N	0.0000	0.0000	0.0000	0.0000	0.0000	0.0000	0.0000	0.0000	0.0000	0.0000	0.0000	0.0000	0.0000	0.0000	0.0000	0.0000	0.0000	0.0000	0.0000	0.0000	1.0033	0.0021	0.8635	2.0000	0.0000	0.0000	0.0000	0.0000	0.0000	0.0000	0.0000	0.0000	0.0000	0.0000	0.0000	0.0000	0.0000	0.0000	0.0000	0.0000	0.0000	0.0000	0.0001	0.0001	0.0000	0.0001	0.0001	0.0000	0.0000	0.0000	0.0000	0.0365	0.0282	0.0083	0.0197	0.0183	0.0014	0.0168	0.0100	0.0068	0.0000	0.0000	0.0000	0.0000	0.0000	0.0000	0.0000	0.0000	0.0000	0.0000	0.0000	0.0000	0.0000	0.0000	0.0000	0.0000	0.0000	0.0000											
129	139	0.4791	9	0	1	0	1	0	0	0	0	N	N	N	N	N	N	N	N	N	N	N	N	0.0000	0.0000	0.0000	0.0000	0.0000	0.0000	0.0000	0.0000	0.0000	0.0000	0.0000	0.0000	0.0000	0.0000	0.0000	0.0000	0.0000	0.0000	0.0000	0.0000	0.0000	0.0000	0.0000	0.0000	0.0000	39.0000	0.0000	0.0000	1.0033	1.0020	0.8635	3.0181	0.0000	0.0000	0.0000	0.0000	0.0000	0.0000	0.0000	0.0000	0.0000	0.0000	0.0000	0.0000	0.0000	0.0000	0.0000	0.0000	0.0000	0.0000	0.0216	0.0196	0.0020	0.0116	0.0110	0.0005	0.0100	0.0085	0.0014	0.0739	0.0570	0.0169	0.0397	0.0368	0.0029	0.0342	0.0203	0.0139	0.0000	0.0000	0.0000	0.0000	0.0000	0.0000	0.0000	0.0000	0.0000	0.0000	0.0000	0.0000	0.0000	0.0000	0.0000	0.0000	0.0000	0.0000			
129	140	0.4648	9	0	2	0	0	0	0	0	0	N	Y	N	N	N	N	N	N	N	N	N	N	0.0000	0.0000	0.0000	0.0000	0.0000	0.0000	0.0000	0.0000	0.0000	0.0000	0.0000	0.0000	0.0000	0.0000	0.0000	0.0000	0.0000	0.0000	0.0000	0.0000	1.0033	0.0000	0.8635	4.0001	0.0000	0.0000	0.0000	0.0000	0.0000	0.0000	0.0000	0.0000	0.0000	0.0000	0.0000	0.0000	0.0000	0.0000	0.0000	0.0000	0.0000	0.0000	0.0000	0.0000	0.0000	0.0000	0.0000	0.0000	0.0000	0.0000	0.0000	0.0729	0.0562	0.0167	0.0409	0.0370	0.0038	0.0320	0.0191	0.0129	0.0000	0.0000	0.0000	0.0000	0.0000	0.0000	0.0000	0.0000	0.0000	0.0000	0.0000	0.0000	0.0000	0.0000	0.0000	0.0000	0.0000	0.0000											
129	141	0.2756	7	0	2	0	0	0	0	0	0	N	Y	N	N	N	N	N	N	N	N	N	N	0.0000	0.0000	0.0000	0.0000	0.0000	0.0000	0.0000	0.0000	0.0000	0.0000	0.0000	0.0000	0.0000	0.0000	0.0000	0.0000	0.0000	0.0000	0.0002	0.0003	0.0000	0.0004	0.0004	0.0001	0.0000	0.0000	0.0000	0.0197	0.0000	-0.0000	1.0033	1.0003	0.8635	5.0186	0.0000	0.0000	0.0000	0.0000	0.0000	0.0000	0.0000	0.0000	0.0000	0.0000	0.0000	0.0000	0.0000	0.0000	0.0000	0.0000	0.0000	0.0000	0.0260	0.0239	0.0021	0.0139	0.0135	0.0004	0.0121	0.0104	0.0017	0.0989	0.0761	0.0228	0.0527	0.0480	0.0046	0.0462	0.0280	0.0182	0.0000	0.0000	0.0000	0.0000	0.0000	0.0000	0.0000	0.0000	0.0000	0.0002	0.0003	0.0000	0.0004	0.0004	0.0001	0.0000	0.0000	0.0000	
129	142	0.4791	9	0	1	1	1	0	0	0	0	N	N	N	N	N	N	N	N	N	N	N	N	0.0000	0.0000	0.0000	0.0000	0.0000	0.0000	0.0000	0.0000	0.0000	0.0000	0.0000	0.0000	0.0000	0.0000	0.0000	0.0000	0.0000	0.0000	0.0000	0.0000	0.0000	0.0000	0.0000	0.0000	0.0000	39.0000	0.0000	0.0000	1.0033	0.0001	0.8635	9.0026	0.0000	0.0000	0.0000	0.0000	0.0000	0.0000	0.0000	0.0000	0.0000	0.0000	0.0000	0.0000	0.0000	0.0000	0.0000	0.0000	0.0000	0.0000	0.0000	0.0000	0.0000	0.0000	0.0000	0.0000	0.0000	0.0000	0.0000	0.1619	0.1251	0.0368	0.0868	0.0805	0.0063	0.0751	0.0446	0.0306	0.0000	0.0000	0.0000	0.0000	0.0000	0.0000	0.0000	0.0000	0.0000	0.0000	0.0000	0.0000	0.0000	0.0000	0.0000	0.0000	0.0000	0.0000			
129	143	0.2610	7	0	1	1	1	0	0	0	0	N	N	N	N	N	N	N	N	N	N	N	N	0.0000	0.0000	0.0000	0.0000	0.0000	0.0000	0.0000	0.0000	0.0000	0.0000	0.0000	0.0000	0.0000	0.0000	0.0000	0.0000	0.0000	0.0000	0.0000	0.0000	0.0000	0.0000	0.0000	0.0000	0.0000	70.4516	0.0000	0.0000	1.0033	2.0061	0.8635	8.0425	0.0000	0.0000	0.0000	0.0000	0.0000	0.0000	0.0000	0.0000	0.0000	0.0000	0.0000	0.0000	0.0000	0.0000	0.0000	0.0000	0.0000	0.0000	0.0520	0.0478	0.0042	0.0277	0.0269	0.0009	0.0243	0.0209	0.0034	0.1751	0.1312	0.0439	0.0985	0.0875	0.0110	0.0766	0.0437	0.0329	0.0000	0.0000	0.0000	0.0000	0.0000	0.0000	0.0000	0.0000	0.0000	0.0000	0.0000	0.0000	0.0000	0.0000	0.0000	0.0000	0.0000	0.0000			
129	144	0.2519	6	0	1	0	1	0	0	0	0	N	N	N	N	N	N	N	N	N	N	N	N	0.0000	0.0000	0.0000	0.0000	0.0000	0.0000	0.0000	0.0000	0.0000	0.0000	0.0000	0.0000	0.0000	0.0000	0.0000	0.0000	0.0000	0.0000	0.0002	0.0002	0.0001	0.0002	0.0002	0.0000	0.0001	0.0000	0.0004	0.3017	0.0000	-0.0000	1.0033	1.9550	0.8635	2.1189	0.0000	0.0000	0.0000	0.0000	0.0000	0.0000	0.0000	0.0000	0.0000	0.0000	0.0000	0.0000	0.0000	0.0000	0.0000	0.0000	0.0000	0.0000	0.0525	0.0482	0.0044	0.0279	0.0270	0.0009	0.0246	0.0211	0.0035	0.1882	0.1421	0.0461	0.1244	0.0926	0.0318	0.0639	0.0495	0.0143	0.0000	0.0000	0.0000	0.0000	0.0000	0.0000	0.0000	0.0000	0.0000	0.0002	0.0002	0.0001	0.0002	0.0002	0.0000	0.0001	0.0000	0.0004	
129	145	0.2519	6	0	1	1	1	0	0	0	0	N	N	N	N	N	N	N	N	N	N	N	N	2.5489	2.1161	0.0000	2.7366	2.3861	0.0000	0.0000	0.0000	0.0299	0.0326	0.0000	0.0562	0.0580	0.0000	0.0000	0.0000	0.0000	0.0117	0.0154	0.0000	0.0205	0.0243	0.0000	0.0000	0.0000	0.0000	0.0000	0.0000	-0.0007	-0.0023	1.0033	2.1261	0.8635	18.6477	0.0017	0.0017	0.0000	0.0017	0.0017	0.0000	0.0000	0.0000	0.0000	0.0051	0.0051	0.0000	0.0051	0.0051	0.0000	0.0000	0.0000	0.0000	0.0569	0.0522	0.0047	0.0302	0.0293	0.0009	0.0267	0.0229	0.0038	0.4366	0.3325	0.1041	0.2491	0.2104	0.0387	0.1875	0.1221	0.0654	2.5489	2.1161	0.0000	2.7366	2.3861	0.0000	0.0000	0.0000	0.0000	0.0117	0.0154	0.0000	0.0205	0.0243	0.0000	0.0000	0.0000	0.0000	
129	146	0.4791	9	0	1	1	1	0	0	0	0	N	N	N	N	N	N	N	N	N	N	N	N	0.0000	0.0000	0.0000	0.0000	0.0000	0.0000	0.0000	0.0000	0.0000	0.0000	0.0000	0.0000	0.0000	0.0054	0.0070	0.0000	0.0101	0.0109	0.0000	0.0000	0.0000	0.0000	0.0000	0.0000	-0.0004	1.0033	2.0001	0.8635	5.9880	0.0000	0.0000	0.0000	0.0000	0.0000	0.0000	0.0000	0.0000	0.0000	0.0008	0.0008	0.0000	0.0008	0.0008	0.0000	0.0000	0.0000	0.0000	0.0429	0.0390	0.0040	0.0230	0.0219	0.0011	0.0199	0.0170	0.0029	0.1442	0.1114	0.0328	0.0773	0.0717	0.0056	0.0669	0.0397	0.0272	0.0000	0.0000	0.0000	0.0000	0.0000	0.0000	0.0000	0.0000	0.0000	0.0054	0.0070	0.0000	0.0101	0.0109	0.0000	0.0000	0.0000	0.0000						
129	147	0.4791	9	0	1	1	1	0	0	0	0	N	N	N	N	N	N	N	N	N	N	N	N	0.0000	0.0000	0.0000	0.0000	0.0000	0.0000	0.0000	0.0000	0.0000	0.0000	0.0000	0.0000	0.0000	0.0000	0.0000	0.0000	0.0000	0.0000	0.0000	0.0001	0.0001	0.0000	0.0000	0.0000	0.0000	0.0043	0.0000	-0.0000	1.0033	9.0001	0.8635	23.0169	0.0000	0.0000	0.0000	0.0000	0.0000	0.0000	0.0000	0.0000	0.0000	0.0000	0.0000	0.0000	0.0000	0.0000	0.0000	0.0000	0.0000	0.0000	0.1894	0.1721	0.0173	0.1019	0.0971	0.0048	0.0875	0.0750	0.0125	0.5320	0.4122	0.1197	0.2840	0.2642	0.0197	0.2480	0.1480	0.1000	0.0000	0.0000	0.0000	0.0000	0.0000	0.0000	0.0000	0.0000	0.0000	0.0000	0.0000	0.0000	0.0001	0.0001	0.0000	0.0000	0.0000	0.0000			
129	148	0.4538	8	0	1	0	1	0	0	0	0	N	N	N	N	N	N	N	N	N	N	N	N	0.0000	0.0000	0.0000	0.0000	0.0000	0.0000	0.0000	0.0000	0.0000	0.0000	0.0000	0.0000	0.0000	0.0000	0.0000	0.0000	0.0000	0.0000	0.0015	0.0015	0.0014	0.0026	0.0023	0.0047	0.0001	0.0000	0.0001	0.2806	0.0000	-0.0001	1.0033	1.9990	0.8635	7.9526	0.0000	0.0000	0.0000	0.0000	0.0000	0.0000	0.0000	0.0000	0.0000	0.0003	0.0002	0.0001	0.0003	0.0002	0.0001	0.0000	0.0000	0.0000	0.0429	0.0390	0.0040	0.0231	0.0220	0.0011	0.0198	0.0170	0.0029	0.2105	0.1605	0.0500	0.1191	0.1057	0.0134	0.0913	0.0548	0.0366	0.0000	0.0000	0.0000	0.0000	0.0000	0.0000	0.0000	0.0000	0.0000	0.0015	0.0015	0.0014	0.0026	0.0023	0.0047	0.0001	0.0000	0.0001	
129	149	0.4219	7	1	2	0	0	0	0	0	0	N	Y	N	N	N	N	N	N	N	N	N	N	0.0000	0.0000	0.0000	0.0000	0.0000	0.0000	0.0000	0.0000	0.0000	0.0000	0.0000	0.0000	0.0000	0.0000	0.0000	0.0000	0.0000	0.0000	0.0062	0.0039	0.0138	0.0058	0.0060	0.0042	0.0066	0.0000	0.0158	1.0435	0.0000	0.0001	1.0033	5.3497	0.8635	17.2225	0.0000	0.0000	0.0000	0.0000	0.0000	0.0000	0.0000	0.0000	0.0000	0.0026	0.0013	0.0013	0.0013	0.0013	0.0001	0.0013	0.0000	0.0012	0.1153	0.1047	0.0106	0.0622	0.0593	0.0029	0.0531	0.0454	0.0077	0.4164	0.3206	0.0957	0.2279	0.2113	0.0166	0.1885	0.1094	0.0792	0.0000	0.0000	0.0000	0.0000	0.0000	0.0000	0.0000	0.0000	0.0000	0.0062	0.0039	0.0138	0.0058	0.0060	0.0042	0.0066	0.0000	0.0158	
129	150	0.4527	8	0	2	0	0	0	0	0	0	N	Y	N	N	N	N	N	N	N	N	N	N	0.0000	0.0000	0.0000	0.0000	0.0000	0.0000	0.0000	0.0000	0.0000	0.0000	0.0000	0.0000	0.0000	0.0000	0.0000	0.0000	0.0000	0.0000	0.0087	0.0109	0.0031	0.0148	0.0157	0.0012	0.0018	0.0000	0.0034	0.1089	0.0000	-0.0015	1.0033	3.6794	0.8635	17.4287	0.0000	0.0000	0.0000	0.0000	0.0000	0.0000	0.0000	0.0000	0.0000	0.0041	0.0037	0.0004	0.0037	0.0037	0.0000	0.0004	0.0000	0.0004	0.0810	0.0736	0.0073	0.0454	0.0432	0.0022	0.0356	0.0305	0.0051	0.4640	0.3355	0.1285	0.2489	0.2333	0.0156	0.2151	0.1022	0.1130	0.0000	0.0000	0.0000	0.0000	0.0000	0.0000	0.0000	0.0000	0.0000	0.0087	0.0109	0.0031	0.0148	0.0157	0.0012	0.0018	0.0000	0.0034	
129	151	0.4219	7	0	2	0	0	0	0	0	0	N	Y	N	N	N	N	N	N	N	N	N	N	0.0000	0.0000	0.0000	0.0000	0.0000	0.0000	0.0000	0.0000	0.0000	0.0000	0.0000	0.0000	0.0000	0.0000	0.0000	0.0000	0.0000	0.0000	0.1131	0.0057	0.4770	0.0126	0.0085	0.0639	0.2377	0.0003	0.5674	24.4747	0.0000	0.0151	1.0033	3.4464	0.8635	10.1316	0.0000	0.0000	0.0000	0.0000	0.0000	0.0000	0.0000	0.0000	0.0000	0.0302	0.0012	0.0290	0.0019	0.0012	0.0007	0.0283	0.0000	0.0283	0.0754	0.0685	0.0069	0.0408	0.0389	0.0019	0.0346	0.0295	0.0051	0.2667	0.2060	0.0607	0.1477	0.1368	0.0109	0.1190	0.0692	0.0498	0.0000	0.0000	0.0000	0.0000	0.0000	0.0000	0.0000	0.0000	0.0000	0.1131	0.0057	0.4770	0.0126	0.0085	0.0639	0.2377	0.0003	0.5674	
129	152	0.2824	9	1	2	0	0	0	0	0	0	N	Y	N	N	N	N	N	N	N	N	N	N	0.0000	0.0000	0.0000	0.0000	0.0000	0.0000	0.0000	0.0000	0.0000	0.0000	0.0000	0.0000	0.0000	0.0000	0.0000	0.0000	0.0000	0.0000	0.0000	0.0000	0.0000	0.0000	inf	0.0000	0.0000	1.0033	1.0143	0.8635	12.0086	0.0000	0.0000	0.0000	0.0000	0.0000	0.0000	0.0000	0.0000	0.0000	0.0000	0.0000	0.0000	0.0000	0.0000	0.0000	0.0000	0.0000	0.0000	0.0264	0.0242	0.0021	0.0141	0.0136	0.0004	0.0123	0.0106	0.0017	0.2053	0.1581	0.0472	0.1088	0.0997	0.0091	0.0965	0.0584	0.0381	0.0000	0.0000	0.0000	0.0000	0.0000	0.0000	0.0000	0.0000	0.0000	0.0000	0.0000	0.0000	0.0000	0.0000	0.0000	0.0000	0.0000	0.0000						
129	153	0.2801	8	1	2	0	0	0	0	0	0	N	Y	N	N	N	N	N	N	N	N	N	N	0.0000	0.0000	0.0000	0.0000	0.0000	0.0000	0.0000	0.0000	0.0000	0.0000	0.0000	0.0000	0.0000	0.0000	0.0000	0.0000	0.0000	0.0000	0.0000	0.0000	0.0000	0.0000	0.0000	0.0000	0.0000	0.0000	12.7068	0.0000	0.0000	1.0033	0.9811	0.8635	0.0216	0.0000	0.0000	0.0000	0.0000	0.0000	0.0000	0.0000	0.0000	0.0000	0.0000	0.0000	0.0000	0.0000	0.0000	0.0000	0.0000	0.0000	0.0000	0.0255	0.0234	0.0021	0.0136	0.0132	0.0004	0.0119	0.0102	0.0016	0.0166	0.0128	0.0038	0.0088	0.0081	0.0008	0.0078	0.0047	0.0031	0.0000	0.0000	0.0000	0.0000	0.0000	0.0000	0.0000	0.0000	0.0000	0.0000	0.0000	0.0000	0.0000	0.0000	0.0000	0.0000	0.0000	0.0000		
129	154	0.2756	7	1	2	0	0	0	0	0	0	N	Y	N	N	N	N	N	N	N	N	N	N	0.0000	0.0000	0.0000	0.0000	0.0000	0.0000	0.0000	0.0000	0.0000	0.0000	0.0000	0.0000	0.0000	0.0000	0.0000	0.0000	0.0000	0.0000	0.0000	0.0001	0.0000	0.0000	0.0002	0.0000	0.0000	0.0000	16.8686	0.0000	0.0000	1.0033	0.0083	0.8635	2.0001	0.0000	0.0000	0.0000	0.0000	0.0000	0.0000	0.0000	0.0000	0.0000	0.0000	0.0000	0.0000	0.0000	0.0000	0.0000	0.0000	0.0000	0.0000	0.0002	0.0002	0.0000	0.0001	0.0001	0.0000	0.0001	0.0001	0.0000	0.0347	0.0267	0.0081	0.0187	0.0169	0.0018	0.0160	0.0098	0.0063	0.0000	0.0000	0.0000	0.0000	0.0000	0.0000	0.0000	0.0000	0.0000	0.0000	0.0000	0.0001	0.0000	0.0000	0.0002	0.0000	0.0000	0.0000		
129	155	0.2519	6	0	2	0	0	0	0	0	0	N	Y	N	N	N	N	N	N	N	N	N	N	0.0000	0.0000	0.0000	0.0000	0.0000	0.0000	0.0000	0.0000	0.0000	0.0000	0.0000	0.0000	0.0000	0.0000	0.0000	0.0000	0.0000	0.0007	0.0000	0.0030	0.0011	0.0000	0.0055	0.0001	0.0000	0.0004	1458.5083	0.0000	0.0001	1.0033	2.9180	0.8635	7.4065	0.0000	0.0000	0.0000	0.0000	0.0000	0.0000	0.0000	0.0000	0.0000	0.0002	0.0000	0.0002	0.0002	0.0000	0.0002	0.0000	0.0000	0.0000	0.0772	0.0709	0.0064	0.0410	0.0398	0.0013	0.0362	0.0311	0.0051	0.2844	0.2158	0.0687	0.1726	0.1382	0.0344	0.1118	0.0776	0.0342	0.0000	0.0000	0.0000	0.0000	0.0000	0.0000	0.0000	0.0000	0.0000	0.0007	0.0000	0.0030	0.0011	0.0000	0.0055	0.0001	0.0000	0.0004		
129	156	0.1861	5	0	1	0	0	0	0	0	0	N	N	N	N	N	N	N	N	N	N	N	N	0.2108	0.1936	0.0116	0.1857	0.2151	0.0054	0.0029	0.0013	0.0054	0.0001	0.0001	0.0000	0.0001	0.0001	0.0000	0.0000	0.0000	0.0000	0.0003	0.0004	0.0000	0.0005	0.0005	0.0002	0.0000	0.0000	0.0000	0.0022	0.0572	-0.0000	-0.0001	1.0033	8.2479	0.8635	19.7214	0.0000	0.0000	0.0000	0.0000	0.0000	0.0000	0.0000	0.0000	0.0000	0.0003	0.0003	0.0000	0.0003	0.0003	0.0000	0.0000	0.0000	0.0000	0.8289	0.6133	0.2155	0.5171	0.4275	0.0896	0.3118	0.1859	0.1259	1.0520	0.6777	0.3743	0.5442	0.5106	0.0335	0.5078	0.1670	0.3408	0.2108	0.1936	0.0116	0.1857	0.2151	0.0054	0.0029	0.0013	0.0054	0.0003	0.0004	0.0000	0.0005	0.0005	0.0002	0.0000	0.0000	0.0000
129	157	0.1499	4	0	1	0	0	0	0	0	0	N	N	N	N	N	N	N	N	N	N	N	N	0.7377	0.6237	0.8348	0.5920	0.6922	0.0146	1.1002	0.5801	1.5675	0.0004	0.0005	0.0001	0.0005	0.0006	0.0000	0.0002	0.0002	0.0002	0.0005	0.0008	0.0001	0.0009	0.0009	0.0007	0.0002	0.0003	0.0001	0.0803	0.1112	-0.0001	-0.0002	1.0033	7.4725	0.8635	14.3153	0.0002	0.0002	0.0000	0.0002	0.0002	0.0000	0.0000	0.0000	0.0000	0.0005	0.0005	0.0001	0.0004	0.0004	0.0000	0.0001	0.0000	0.0000	0.5568	0.4157	0.1411	0.3348	0.2833	0.0515	0.2220	0.1324	0.0896	0.9860	0.6050	0.3810	0.4937	0.4769	0.0169	0.4923	0.1281	0.3642	0.7377	0.6237	0.8348	0.5920	0.6922	0.0146	1.1002	0.5801	1.5675	0.0005	0.0008	0.0001	0.0009	0.0009	0.0007	0.0002	0.0003	0.0001
129	158	0.0844	3	0	1	0	0	0	0	0	0	N	N	N	N	N	N	N	N	N	N	N	N	0.1718	0.0923	0.5311	0.1008	0.1146	0.0753	0.3748	0.0066	0.8936	0.0003	0.0002	0.0006	0.0003	0.0003	0.0000	0.0004	0.0000	0.0011	0.0018	0.0022	0.0012	0.0025	0.0026	0.0006	0.0011	0.0006	0.0012	0.9953	0.3623	0.0000	-0.0007	1.0033	11.6653	0.8635	19.4910	0.0003	0.0002	0.0002	0.0002	0.0002	0.0000	0.0002	0.0000	0.0002	0.0035	0.0026	0.0009	0.0025	0.0024	0.0000	0.0010	0.0001	0.0009	1.0193	0.7671	0.2522	0.6413	0.5308	0.1105	0.3780	0.2363	0.1417	1.9446	1.1515	0.7931	0.9808	0.9441	0.0367	0.9638	0.2074	0.7564	0.1718	0.0923	0.5311	0.1008	0.1146	0.0753	0.3748	0.0066	0.8936	0.0018	0.0022	0.0012	0.0025	0.0026	0.0006	0.0011	0.0006	0.0012
129	161	0.4724	11	1	2	0	0	0	0	0	0	N	Y	N	N	N	N	N	N	N	N	N	N	0.0000	0.0000	0.0000	0.0000	0.0000	0.0000	0.0000	0.0000	0.0000	0.0000	0.0000	0.0000	0.0000	0.0000	0.0000	0.0000	0.0000	0.0000	0.0000	0.0000	1.0033	0.0002	0.8635	3.0099	0.0000	0.0000	0.0000	0.0000	0.0000	0.0000	0.0000	0.0000	0.0000	0.0000	0.0000	0.0000	0.0000	0.0000	0.0000	0.0000	0.0000	0.0000	0.0000	0.0000	0.0000	0.0000	0.0000	0.0000	0.0000	0.0000	0.0000	0.0571	0.0440	0.0131	0.0325	0.0291	0.0034	0.0247	0.0149	0.0097	0.0000	0.0000	0.0000	0.0000	0.0000	0.0000	0.0000	0.0000	0.0000	0.0000	0.0000	0.0000	0.0000	0.0000	0.0000	0.0000	0.0000	0.0000											
129	162	0.4648	10	1	2	0	0	0	0	0	0	N	Y	N	N	N	N	N	N	N	N	N	N	0.0000	0.0000	0.0000	0.0000	0.0000	0.0000	0.0000	0.0000	0.0000	0.0000	0.0000	0.0000	0.0000	0.0000	0.0000	0.0000	0.0000	0.0000	0.0000	0.0000	1.0033	0.9998	0.8635	2.0118	0.0000	0.0000	0.0000	0.0000	0.0000	0.0000	0.0000	0.0000	0.0000	0.0000	0.0000	0.0000	0.0000	0.0000	0.0000	0.0000	0.0000	0.0000	0.0215	0.0195	0.0020	0.0116	0.0110	0.0005	0.0099	0.0085	0.0014	0.0551	0.0424	0.0126	0.0309	0.0280	0.0029	0.0242	0.0144	0.0097	0.0000	0.0000	0.0000	0.0000	0.0000	0.0000	0.0000	0.0000	0.0000	0.0000	0.0000	0.0000	0.0000	0.0000	0.0000	0.0000	0.0000	0.0000											
129	163	0.4648	9	1	2	0	0	0	0	0	0	N	Y	N	N	N	N	N	N	N	N	N	N	0.0000	0.0000	0.0000	0.0000	0.0000	0.0000	0.0000	0.0000	0.0000	0.0000	0.0000	0.0000	0.0000	0.0000	0.0000	0.0000	0.0000	0.0000	0.0000	0.0000	1.0033	0.0000	0.8635	0.0003	0.0000	0.0000	0.0000	0.0000	0.0000	0.0000	0.0000	0.0000	0.0000	0.0000	0.0000	0.0000	0.0000	0.0000	0.0000	0.0000	0.0000	0.0000	0.0000	0.0000	0.0000	0.0000	0.0000	0.0000	0.0000	0.0000	0.0000	0.0000	0.0000	0.0000	0.0000	0.0000	0.0000	0.0000	0.0000	0.0000	0.0000	0.0000	0.0000	0.0000	0.0000	0.0000	0.0000	0.0000	0.0000	0.0000	0.0000	0.0000	0.0000	0.0000	0.0000	0.0000	0.0000	0.0000											
129	164	0.4538	8	0	2	0	0	0	0	0	0	N	Y	N	N	N	N	N	N	N	N	N	N	0.0000	0.0000	0.0000	0.0000	0.0000	0.0000	0.0000	0.0000	0.0000	0.0000	0.0000	0.0000	0.0000	0.0000	0.0000	0.0000	0.0000	0.0000	0.0067	0.0081	0.0024	0.0011	0.0002	0.0066	0.0146	0.0240	0.0003	0.0989	0.0000	-0.0003	1.0033	0.0063	0.8635	4.3641	0.0000	0.0000	0.0000	0.0000	0.0000	0.0000	0.0000	0.0000	0.0000	0.0008	0.0007	0.0001	0.0001	0.0000	0.0001	0.0007	0.0007	0.0000	0.0002	0.0002	0.0000	0.0001	0.0001	0.0000	0.0001	0.0001	0.0000	0.1132	0.0851	0.0281	0.0666	0.0570	0.0096	0.0466	0.0281	0.0185	0.0000	0.0000	0.0000	0.0000	0.0000	0.0000	0.0000	0.0000	0.0000	0.0067	0.0081	0.0024	0.0011	0.0002	0.0066	0.0146	0.0240	0.0003	
129	165	0.4219	7	0	1	0	0	0	0	0	0	N	N	N	N	N	N	N	N	N	N	N	N	0.0000	0.0000	0.0000	0.0000	0.0000	0.0000	0.0000	0.0000	0.0000	0.0000	0.0000	0.0000	0.0000	0.0000	0.0000	0.0000	0.0000	0.0000	0.0229	0.0002	0.1000	0.0383	0.0002	0.5147	0.0037	0.0002	0.0085	150.6023	0.0000	0.0030	1.0033	2.5207	0.8635	10.0226	0.0000	0.0000	0.0000	0.0000	0.0000	0.0000	0.0000	0.0000	0.0000	0.0057	0.0000	0.0057	0.0053	0.0000	0.0053	0.0004	0.0000	0.0004	0.0559	0.0507	0.0051	0.0303	0.0289	0.0014	0.0256	0.0218	0.0038	0.2489	0.1924	0.0566	0.1381	0.1279	0.0102	0.1108	0.0644	0.0463	0.0000	0.0000	0.0000	0.0000	0.0000	0.0000	0.0000	0.0000	0.0000	0.0229	0.0002	0.1000	0.0383	0.0002	0.5147	0.0037	0.0002	0.0085	
129	166	0.4063	6	0	1	0	0	0	0	0	0	N	N	N	N	N	N	N	N	N	N	N	N	0.0082	0.0078	0.0000	0.0087	0.0090	0.0000	0.0000	0.0000	0.0000	0.0000	0.0000	0.0000	0.0001	0.0001	0.0000	0.0000	0.0000	0.0000	0.0039	0.0045	0.0022	0.0062	0.0062	0.0059	0.0004	0.0001	0.0007	0.0000	0.1710	-0.0000	-0.0003	1.0033	2.6894	0.8635	4.6619	0.0000	0.0000	0.0000	0.0000	0.0000	0.0000	0.0000	0.0000	0.0000	0.0009	0.0008	0.0001	0.0009	0.0008	0.0001	0.0000	0.0000	0.0000	0.0734	0.0674	0.0060	0.0442	0.0424	0.0017	0.0292	0.0249	0.0043	0.2358	0.1754	0.0605	0.1453	0.1277	0.0177	0.0905	0.0477	0.0428	0.0082	0.0078	0.0000	0.0087	0.0090	0.0000	0.0000	0.0000	0.0000	0.0039	0.0045	0.0022	0.0062	0.0062	0.0059	0.0004	0.0001	0.0007
129	167	0.3679	5	0	1	0	0	0	0	0	0	N	N	N	N	N	N	N	N	N	N	N	N	2.2065	1.8781	0.0000	2.3302	2.2823	0.0000	0.0000	0.0000	0.0000	0.0327	0.0360	0.0000	0.0605	0.0634	0.0000	0.0000	0.0000	0.0000	0.0148	0.0192	0.0008	0.0260	0.0278	0.0042	0.0001	0.0001	0.0000	0.0000	0.0132	-0.0008	-0.0015	1.0033	2.7966	0.8635	8.5340	0.0019	0.0019	0.0000	0.0019	0.0019	0.0000	0.0000	0.0000	0.0000	0.0033	0.0032	0.0000	0.0033	0.0032	0.0000	0.0000	0.0000	0.0000	0.0580	0.0527	0.0053	0.0314	0.0299	0.0014	0.0266	0.0228	0.0038	0.2210	0.1687	0.0522	0.1259	0.1161	0.0097	0.0951	0.0526	0.0425	2.2065	1.8781	0.0000	2.3302	2.2823	0.0000	0.0000	0.0000	0.0000	0.0148	0.0192	0.0008	0.0260	0.0278	0.0042	0.0001	0.0001	0.0000
130	132	0.4400	8	1	1	0	1	0	0	0	0	N	N	N	N	N	N	N	N	N	N	N	N	546.6303	inf	677.5680	inf	inf	inf	108.7383	inf	299.9435	0.3309	0.1662	1.4602	0.7117	0.4601	4.7537	0.1400	0.0006	0.8618	0.0006	0.0000	0.0022	0.0000	0.0000	0.0000	0.0013	0.0000	0.0029	1.2816	inf	0.0020	0.0001	5.5514	1.0000	9.9598	3.0001	0.0166	0.0073	0.0093	0.0119	0.0073	0.0047	0.0047	0.0000	0.0047	0.0001	0.0000	0.0001	0.0000	0.0000	0.0000	0.0001	0.0000	0.0001	0.0501	0.0438	0.0064	0.0167	0.0158	0.0010	0.0334	0.0280	0.0054	0.1652	0.1188	0.0464	0.0875	0.0759	0.0116	0.0777	0.0429	0.0348	546.6303	inf	677.5680	inf	inf	inf	108.7383	inf	299.9435	0.0006	0.0000	0.0022	0.0000	0.0000	0.0000	0.0013	0.0000	0.0029
130	133	0.2720	8	1	1	0	1	0	0	0	0	N	N	N	N	N	N	N	N	N	N	N	N	0.2826	0.2334	0.0000	0.0000	0.0000	0.0000	0.5397	0.3750	0.0000	0.0001	0.0001	0.0000	0.0000	0.0000	0.0000	0.0002	0.0002	0.0000	0.0005	0.0006	0.0001	0.0005	0.0006	0.0000	0.0004	0.0007	0.0001	0.0000	0.0637	-0.0000	-0.0000	5.5514	0.0006	9.9598	1.9797	0.0000	0.0000	0.0000	0.0000	0.0000	0.0000	0.0000	0.0000	0.0000	0.0000	0.0000	0.0000	0.0000	0.0000	0.0000	0.0000	0.0000	0.0000	0.0000	0.0000	0.0000	0.0000	0.0000	0.0000	0.0000	0.0000	0.0000	0.0978	0.0677	0.0301	0.0433	0.0391	0.0042	0.0545	0.0286	0.0259	0.2826	0.2334	0.0000	0.0000	0.0000	0.0000	0.5397	0.3750	0.0000	0.0005	0.0006	0.0001	0.0005	0.0006	0.0000	0.0004	0.0007	0.0001
130	134	0.2553	7	1	1	0	1	0	0	0	0	N	N	N	N	N	N	N	N	N	N	N	N	0.0115	0.0100	0.0000	0.0000	0.0000	0.0000	0.0211	0.0164	0.0000	0.0018	0.0021	0.0000	0.0000	0.0000	0.0000	0.0027	0.0032	0.0000	0.1559	0.2060	0.0338	0.1998	0.2159	0.0155	0.1266	0.1953	0.0361	0.0000	0.0675	-0.0001	-0.0192	5.5514	2.0077	9.9598	6.0321	0.0002	0.0002	0.0000	0.0000	0.0000	0.0000	0.0002	0.0002	0.0000	0.0486	0.0455	0.0031	0.0249	0.0248	0.0002	0.0236	0.0207	0.0029	0.1113	0.0975	0.0137	0.0364	0.0350	0.0014	0.0749	0.0625	0.0124	0.3117	0.2209	0.0907	0.1248	0.1148	0.0101	0.1868	0.1061	0.0807	0.0115	0.0100	0.0000	0.0000	0.0000	0.0000	0.0211	0.0164	0.0000	0.1559	0.2060	0.0338	0.1998	0.2159	0.0155	0.1266	0.1953	0.0361
130	135	0.2505	7	0	1	0	1	0	0	0	0	N	N	N	N	N	N	N	N	N	N	N	N	0.0080	0.0064	0.0207	0.0221	0.0288	0.0000	0.0019	0.0000	0.0636	0.0004	0.0003	0.0005	0.0009	0.0009	0.0000	0.0001	0.0000	0.0005	0.0442	0.0529	0.0231	0.0399	0.0317	0.1291	0.0475	0.0790	0.0084	0.2000	0.1801	-0.0000	-0.0073	5.5514	3.0348	9.9598	9.3583	0.0001	0.0000	0.0000	0.0000	0.0000	0.0000	0.0000	0.0000	0.0000	0.0239	0.0203	0.0036	0.0092	0.0067	0.0025	0.0147	0.0135	0.0012	0.1692	0.1483	0.0209	0.0568	0.0547	0.0021	0.1123	0.0936	0.0188	0.5406	0.3830	0.1576	0.2307	0.2115	0.0193	0.3099	0.1715	0.1383	0.0080	0.0064	0.0207	0.0221	0.0288	0.0000	0.0019	0.0000	0.0636	0.0442	0.0529	0.0231	0.0399	0.0317	0.1291	0.0475	0.0790	0.0084
130	136	0.2362	6	0	0	0	1	0	0	0	0	N	N	N	N	N	N	N	N	N	N	N	N	0.0008	0.0005	0.0025	0.0003	0.0003	0.0006	0.0014	0.0048	0.0025	0.0009	0.0005	0.0038	0.0005	0.0006	0.0004	0.0011	0.0004	0.0041	1.1244	0.9539	1.5233	1.6192	1.7154	0.6323	0.7798	0.0820	1.6470	1.2768	0.6822	0.0000	-0.0163	5.5514	0.0433	9.9598	6.6805	0.0000	0.0000	0.0000	0.0000	0.0000	0.0000	0.0000	0.0000	0.0000	0.3088	0.1836	0.1252	0.1826	0.1762	0.0063	0.1263	0.0074	0.1189	0.0028	0.0024	0.0004	0.0010	0.0010	0.0000	0.0018	0.0014	0.0003	0.2747	0.1925	0.0822	0.1128	0.1027	0.0100	0.1619	0.0897	0.0722	0.0008	0.0005	0.0025	0.0003	0.0003	0.0006	0.0014	0.0048	0.0025	1.1244	0.9539	1.5233	1.6192	1.7154	0.6323	0.7798	0.0820	1.6470
130	137	0.4696	10	0	1	0	1	0	0	0	0	N	N	N	N	N	N	N	N	N	N	N	N	0.0000	0.0000	0.0000	0.0000	0.0000	0.0000	0.0000	0.0000	0.0000	0.0000	0.0000	0.0000	0.0000	0.0000	0.0000	0.0000	0.0000	0.0000	0.0000	0.0000	5.5514	0.0000	9.9598	0.0000	0.0000	0.0000	0.0000	0.0000	0.0000	0.0000	0.0000	0.0000	0.0000	0.0000	0.0000	0.0000	0.0000	0.0000	0.0000	0.0000	0.0000	0.0000	0.0000	0.0000	0.0000	0.0000	0.0000	0.0000	0.0000	0.0000	0.0000	0.0000	0.0000	0.0000	0.0000	0.0000	0.0000	0.0000	0.0000	0.0000	0.0000	0.0000	0.0000	0.0000	0.0000	0.0000	0.0000	0.0000	0.0000	0.0000	0.0000	0.0000	0.0000	0.0000	0.0000	0.0000	0.0000	0.0000											
130	138	0.4645	9	0	1	0	1	0	0	0	0	N	N	N	N	N	N	N	N	N	N	N	N	1.4069	9.8203	0.0000	9.6417	8.7254	0.0000	0.0000	0.0015	0.0016	0.0000	0.0022	0.0023	0.0000	0.0000	0.0000	0.0000	0.0011	0.0002	0.0035	0.0002	0.0003	0.0000	0.0020	0.0000	0.0045	0.0000	7.9889	-0.0000	0.0000	5.5514	0.0021	9.9598	2.0000	0.0000	0.0000	0.0000	0.0000	0.0000	0.0000	0.0000	0.0000	0.0000	0.0001	0.0000	0.0001	0.0000	0.0000	0.0000	0.0001	0.0000	0.0001	0.0002	0.0002	0.0000	0.0002	0.0002	0.0000	0.0001	0.0001	0.0000	0.0830	0.0599	0.0232	0.0434	0.0380	0.0053	0.0397	0.0218	0.0178	1.4069	9.8203	0.0000	9.6417	8.7254	0.0000	0.0000	0.0000	0.0000	0.0011	0.0002	0.0035	0.0002	0.0003	0.0000	0.0020	0.0000	0.0045		
130	139	0.4543	8	0	0	0	1	0	0	0	0	N	N	N	N	N	N	N	N	N	N	N	N	0.0063	0.0062	0.0047	0.0098	0.0108	0.0053	0.0067	0.0000	0.0209	0.0000	0.0000	0.0000	0.0000	0.0000	0.0000	0.0000	0.0000	0.0000	0.0013	0.0014	0.0010	0.0024	0.0022	0.0041	0.0000	0.0000	0.0001	0.0786	0.2769	-0.0000	-0.0001	5.5514	1.0020	9.9598	3.0181	0.0000	0.0000	0.0000	0.0000	0.0000	0.0000	0.0000	0.0000	0.0000	0.0002	0.0002	0.0000	0.0002	0.0002	0.0000	0.0000	0.0000	0.0000	0.0503	0.0438	0.0064	0.0167	0.0157	0.0010	0.0336	0.0281	0.0054	0.1676	0.1206	0.0470	0.0864	0.0758	0.0106	0.0812	0.0448	0.0364	0.0063	0.0062	0.0047	0.0098	0.0108	0.0053	0.0067	0.0000	0.0209	0.0013	0.0014	0.0010	0.0024	0.0022	0.0041	0.0000	0.0000	0.0001
130	140	0.4400	8	0	1	0	0	0	0	0	0	N	N	N	N	N	N	N	N	N	N	N	N	0.0000	0.0000	0.0000	0.0000	0.0000	0.0000	0.0000	0.0000	0.0000	0.0000	0.0000	0.0000	0.0000	0.0000	0.0000	0.0000	0.0000	0.0000	0.0000	0.0000	5.5514	0.0000	9.9598	4.0001	0.0000	0.0000	0.0000	0.0000	0.0000	0.0000	0.0000	0.0000	0.0000	0.0000	0.0000	0.0000	0.0000	0.0000	0.0000	0.0000	0.0000	0.0000	0.0000	0.0000	0.0000	0.0000	0.0000	0.0000	0.0000	0.0000	0.0000	0.1652	0.1188	0.0464	0.0875	0.0759	0.0116	0.0777	0.0429	0.0348	0.0000	0.0000	0.0000	0.0000	0.0000	0.0000	0.0000	0.0000	0.0000	0.0000	0.0000	0.0000	0.0000	0.0000	0.0000	0.0000	0.0000	0.0000											
130	141	0.2507	6	0	1	0	0	0	0	0	0	N	N	N	N	N	N	N	N	N	N	N	N	0.0195	0.0198	0.0352	0.1340	0.0841	1.3310	0.0000	0.0000	0.0000	0.0009	0.0006	0.0029	0.0028	0.0017	0.0290	0.0000	0.0000	0.0000	0.0462	0.0311	0.0830	0.0205	0.0204	0.0218	0.0634	0.0428	0.0906	0.6649	1.0919	-0.0000	0.0007	5.5514	1.0003	9.9598	5.0186	0.0001	0.0000	0.0000	0.0001	0.0000	0.0000	0.0000	0.0000	0.0000	0.0110	0.0053	0.0057	0.0020	0.0018	0.0002	0.0090	0.0035	0.0056	0.0556	0.0487	0.0069	0.0182	0.0175	0.0007	0.0374	0.0312	0.0062	0.2379	0.1688	0.0692	0.0955	0.0878	0.0077	0.1424	0.0810	0.0615	0.0195	0.0198	0.0352	0.1340	0.0841	1.3310	0.0000	0.0000	0.0000	0.0462	0.0311	0.0830	0.0205	0.0204	0.0218	0.0634	0.0428	0.0906
130	142	0.4543	8	0	0	1	1	0	0	0	0	N	N	N	N	N	N	N	N	N	N	N	N	0.0028	0.0020	0.0451	0.0094	0.0082	0.3196	0.0006	0.0000	0.0349	0.0037	0.0035	0.0046	0.0072	0.0071	0.0101	0.0011	0.0000	0.0043	1.3097	1.7788	0.1026	0.7671	0.8698	0.0316	1.8847	3.3061	0.1232	0.2580	0.0224	-0.0000	-0.2098	5.5514	0.0001	9.9598	9.0026	0.0000	0.0000	0.0000	0.0000	0.0000	0.0000	0.0000	0.0000	0.0000	0.4806	0.4701	0.0105	0.1448	0.1441	0.0007	0.3358	0.3260	0.0098	0.0000	0.0000	0.0000	0.0000	0.0000	0.0000	0.0000	0.0000	0.0000	0.3670	0.2643	0.1027	0.1888	0.1657	0.0231	0.1782	0.0986	0.0796	0.0028	0.0020	0.0451	0.0094	0.0082	0.3196	0.0006	0.0000	0.0349	1.3097	1.7788	0.1026	0.7671	0.8698	0.0316	1.8847	3.3061	0.1232
130	143	0.2362	6	0	0	1	1	0	0	0	0	N	N	N	N	N	N	N	N	N	N	N	N	7.2656	3.8148	59.6311	16.9363	16.2555	0.2903	4.0372	0.1174	60.0562	0.1865	0.1220	0.6500	0.3136	0.3261	0.0005	0.1234	0.0053	0.7256	0.0257	0.0320	0.0109	0.0185	0.0201	0.0018	0.0306	0.0454	0.0121	0.7420	0.1455	-0.0003	-0.0034	5.5514	2.0061	9.9598	8.0425	0.0205	0.0118	0.0087	0.0114	0.0114	0.0000	0.0091	0.0003	0.0087	0.0102	0.0089	0.0013	0.0030	0.0030	0.0000	0.0072	0.0060	0.0013	0.1099	0.0964	0.0134	0.0365	0.0351	0.0014	0.0734	0.0614	0.0120	0.3981	0.2790	0.1191	0.1616	0.1479	0.0136	0.2365	0.1311	0.1054	7.2656	3.8148	59.6311	16.9363	16.2555	0.2903	4.0372	0.1174	60.0562	0.0257	0.0320	0.0109	0.0185	0.0201	0.0018	0.0306	0.0454	0.0121
130	144	0.2271	5	0	0	0	1	0	0	0	0	N	N	N	N	N	N	N	N	N	N	N	N	0.0015	0.0005	0.3398	0.0016	0.0012	0.1499	0.0013	0.0003	0.6269	0.0032	0.0016	0.0141	0.0026	0.0022	0.0140	0.0035	0.0012	0.0141	2.1448	2.9477	0.0415	1.6050	1.8829	0.0932	2.6402	4.2948	0.0225	1.2925	0.0054	0.0000	-0.2361	5.5514	1.9550	9.9598	2.1189	0.0004	0.0002	0.0002	0.0001	0.0001	0.0000	0.0003	0.0001	0.0002	0.5212	0.5184	0.0028	0.1866	0.1849	0.0017	0.3346	0.3335	0.0011	0.1161	0.1012	0.0149	0.0390	0.0376	0.0014	0.0771	0.0636	0.0136	0.2430	0.1759	0.0671	0.1163	0.0982	0.0181	0.1267	0.0776	0.0491	0.0015	0.0005	0.3398	0.0016	0.0012	0.1499	0.0013	0.0003	0.6269	2.1448	2.9477	0.0415	1.6050	1.8829	0.0932	2.6402	4.2948	0.0225
130	145	0.2271	5	0	0	1	1	0	0	0	0	N	N	N	N	N	N	N	N	N	N	N	N	0.0720	0.0624	0.0131	0.0086	0.0075	0.1618	0.1152	0.0906	0.0047	0.0146	0.0166	0.0006	0.0020	0.0019	0.0044	0.0209	0.0253	0.0002	0.2024	0.2662	0.0462	0.2331	0.2544	0.0270	0.1813	0.2789	0.0491	0.0054	0.0708	-0.0008	-0.0675	5.5514	2.1261	9.9598	18.6477	0.0018	0.0018	0.0000	0.0001	0.0001	0.0000	0.0017	0.0017	0.0000	0.1722	0.1608	0.0114	0.0807	0.0798	0.0009	0.0915	0.0810	0.0105	0.1255	0.1094	0.0161	0.0420	0.0405	0.0015	0.0835	0.0689	0.0146	0.8510	0.6042	0.2467	0.3462	0.3139	0.0323	0.5048	0.2903	0.2144	0.0720	0.0624	0.0131	0.0086	0.0075	0.1618	0.1152	0.0906	0.0047	0.2024	0.2662	0.0462	0.2331	0.2544	0.0270	0.1813	0.2789	0.0491
130	146	0.4543	8	0	0	1	1	0	0	0	0	N	N	N	N	N	N	N	N	N	N	N	N	0.6320	0.6693	0.1310	0.3295	0.3095	0.0038	0.9526	1.5724	0.1221	0.0178	0.0199	0.0031	0.0112	0.0118	0.0000	0.0211	0.0245	0.0037	0.0282	0.0298	0.0240	0.0338	0.0383	0.0021	0.0222	0.0156	0.0303	0.0230	0.3128	-0.0007	-0.0020	5.5514	2.0001	9.9598	5.9880	0.0018	0.0017	0.0000	0.0004	0.0004	0.0000	0.0014	0.0014	0.0000	0.0092	0.0070	0.0022	0.0057	0.0057	0.0000	0.0035	0.0014	0.0022	0.0999	0.0872	0.0127	0.0332	0.0312	0.0019	0.0668	0.0560	0.0108	0.3270	0.2354	0.0915	0.1683	0.1477	0.0206	0.1587	0.0878	0.0709	0.6320	0.6693	0.1310	0.3295	0.3095	0.0038	0.9526	1.5724	0.1221	0.0282	0.0298	0.0240	0.0338	0.0383	0.0021	0.0222	0.0156	0.0303
130	147	0.4543	8	0	0	1	1	0	0	0	0	N	N	N	N	N	N	N	N	N	N	N	N	0.0000	0.0000	0.0001	0.0000	0.0000	0.0000	0.0000	0.0000	0.0002	0.0000	0.0000	0.0000	0.0000	0.0000	0.0000	0.0000	0.0000	0.0000	0.2981	0.4119	0.0016	0.4707	0.5345	0.0038	0.1180	0.2105	0.0010	0.2580	0.0015	-0.0000	-0.1631	5.5514	9.0001	9.9598	23.0169	0.0000	0.0000	0.0000	0.0000	0.0000	0.0000	0.0000	0.0000	0.0000	0.3569	0.3564	0.0005	0.2878	0.2875	0.0003	0.0691	0.0689	0.0003	0.4372	0.3821	0.0552	0.1452	0.1367	0.0085	0.2921	0.2454	0.0467	1.1974	0.8652	0.3322	0.6114	0.5380	0.0735	0.5859	0.3272	0.2587	0.0000	0.0000	0.0001	0.0000	0.0000	0.0000	0.0000	0.0000	0.0002	0.2981	0.4119	0.0016	0.4707	0.5345	0.0038	0.1180	0.2105	0.0010
130	148	0.4290	7	0	0	0	1	0	0	0	0	N	N	N	N	N	N	N	N	N	N	N	N	0.0846	0.0734	0.1589	0.1250	0.1365	0.0487	0.0858	0.0001	0.3063	0.0040	0.0036	0.0072	0.0096	0.0099	0.0051	0.0012	0.0000	0.0076	0.0477	0.0486	0.0453	0.0767	0.0723	0.1048	0.0144	0.0059	0.0248	0.2950	0.3656	-0.0001	-0.0040	5.5514	1.9990	9.9598	7.9526	0.0004	0.0003	0.0001	0.0003	0.0003	0.0000	0.0001	0.0000	0.0001	0.0207	0.0152	0.0056	0.0178	0.0145	0.0033	0.0029	0.0007	0.0023	0.1003	0.0875	0.0128	0.0336	0.0316	0.0020	0.0667	0.0559	0.0108	0.4351	0.3127	0.1225	0.2325	0.2010	0.0315	0.2026	0.1116	0.0910	0.0846	0.0734	0.1589	0.1250	0.1365	0.0487	0.0858	0.0001	0.3063	0.0477	0.0486	0.0453	0.0767	0.0723	0.1048	0.0144	0.0059	0.0248
130	149	0.3971	6	1	1	0	0	0	0	0	0	N	N	N	N	N	N	N	N	N	N	N	N	15.4937	28.6467	0.2458	23.4214	37.6506	0.6229	12.2737	236.0996	0.1176	2.4249	2.7759	0.0777	5.3615	5.6074	0.4843	0.9054	1.0902	0.0191	0.1565	0.0969	0.3160	0.2289	0.1489	0.7775	0.0738	0.0046	0.1626	0.0042	1.2190	-0.3199	0.0143	5.5514	5.3497	9.9598	17.2225	0.7322	0.7291	0.0030	0.5520	0.5496	0.0024	0.1802	0.1795	0.0007	0.1569	0.0707	0.0862	0.1223	0.0695	0.0529	0.0345	0.0012	0.0333	0.3019	0.2627	0.0393	0.1030	0.0980	0.0049	0.1990	0.1646	0.0343	1.0022	0.7295	0.2727	0.5345	0.4665	0.0680	0.4677	0.2630	0.2047	15.4937	28.6467	0.2458	23.4214	37.6506	0.6229	12.2737	236.0996	0.1176	0.1565	0.0969	0.3160	0.2289	0.1489	0.7775	0.0738	0.0046	0.1626
130	150	0.4279	7	0	1	0	0	0	0	0	0	N	N	N	N	N	N	N	N	N	N	N	N	0.0225	0.0278	0.0049	0.0060	0.0054	0.0002	0.0368	0.1934	0.0039	0.0010	0.0011	0.0003	0.0003	0.0003	0.0000	0.0015	0.0018	0.0003	0.0460	0.0413	0.0590	0.0492	0.0573	0.0070	0.0416	0.0094	0.0864	0.0388	0.5230	-0.0001	-0.0065	5.5514	3.6794	9.9598	17.4287	0.0003	0.0003	0.0000	0.0000	0.0000	0.0000	0.0002	0.0002	0.0000	0.0561	0.0369	0.0193	0.0349	0.0341	0.0008	0.0213	0.0028	0.0185	0.2621	0.2274	0.0347	0.1050	0.1002	0.0048	0.1571	0.1272	0.0299	1.2195	0.8927	0.3268	0.7079	0.5951	0.1128	0.5116	0.2976	0.2140	0.0225	0.0278	0.0049	0.0060	0.0054	0.0002	0.0368	0.1934	0.0039	0.0460	0.0413	0.0590	0.0492	0.0573	0.0070	0.0416	0.0094	0.0864
130	151	0.3971	6	0	1	0	0	0	0	0	0	N	N	N	N	N	N	N	N	N	N	N	N	0.0009	0.0185	0.0003	0.0156	0.0161	0.0000	0.0004	0.0425	0.0003	0.0014	0.0013	0.0018	0.0015	0.0015	0.0000	0.0013	0.0012	0.0021	1.4931	0.0711	5.3935	0.0933	0.0948	0.0837	3.1572	0.0279	7.2485	0.2077	27.6462	-0.0001	0.5082	5.5514	3.4464	9.9598	10.1316	0.0003	0.0002	0.0000	0.0001	0.0001	0.0000	0.0002	0.0001	0.0000	1.0030	0.0350	0.9679	0.0341	0.0302	0.0039	0.9689	0.0048	0.9641	0.2103	0.1828	0.0275	0.0745	0.0712	0.0033	0.1358	0.1116	0.0242	0.6717	0.4922	0.1795	0.3648	0.3184	0.0465	0.3069	0.1739	0.1330	0.0009	0.0185	0.0003	0.0156	0.0161	0.0000	0.0004	0.0425	0.0003	1.4931	0.0711	5.3935	0.0933	0.0948	0.0837	3.1572	0.0279	7.2485
130	152	0.2575	8	1	1	0	0	0	0	0	0	N	N	N	N	N	N	N	N	N	N	N	N	0.0025	0.0014	0.0071	0.0000	0.0000	0.0000	0.0412	0.1555	0.0802	0.0025	0.0008	0.0141	0.0000	0.0000	0.0000	0.0037	0.0013	0.0157	0.9962	0.5836	2.0044	2.3505	1.1154	26.9864	0.0890	0.0081	0.1958	2.5000	1.4053	0.0000	0.0622	5.5514	1.0143	9.9598	12.0086	0.0001	0.0000	0.0001	0.0000	0.0000	0.0000	0.0001	0.0000	0.0001	0.4941	0.2054	0.2887	0.4677	0.2040	0.2636	0.0264	0.0014	0.0251	0.0570	0.0499	0.0071	0.0188	0.0181	0.0007	0.0381	0.0318	0.0064	0.4960	0.3520	0.1440	0.1990	0.1829	0.0160	0.2970	0.1690	0.1280	0.0025	0.0014	0.0071	0.0000	0.0000	0.0000	0.0412	0.1555	0.0802	0.9962	0.5836	2.0044	2.3505	1.1154	16.4525	0.0890	0.0081	0.1958
130	153	0.2553	7	1	1	0	0	0	0	0	0	N	N	N	N	N	N	N	N	N	N	N	N	0.0001	0.0001	0.0004	0.0000	0.0000	0.0000	0.0006	0.0003	0.0020	0.0000	0.0000	0.0000	0.0000	0.0000	0.0000	0.0000	0.0000	0.0000	0.0033	0.0026	0.0050	0.0072	0.0046	0.0365	0.0007	0.0005	0.0010	1.3953	0.7759	0.0000	-0.0000	5.5514	0.9811	9.9598	0.0216	0.0000	0.0000	0.0000	0.0000	0.0000	0.0000	0.0000	0.0000	0.0000	0.0001	0.0001	0.0001	0.0001	0.0001	0.0000	0.0000	0.0000	0.0000	0.0548	0.0480	0.0068	0.0180	0.0173	0.0007	0.0368	0.0307	0.0061	0.0403	0.0286	0.0117	0.0162	0.0149	0.0013	0.0241	0.0137	0.0104	0.0001	0.0001	0.0004	0.0000	0.0000	0.0000	0.0006	0.0003	0.0020	0.0033	0.0026	0.0050	0.0072	0.0046	0.0365	0.0007	0.0005	0.0010
130	154	0.2507	6	1	1	0	0	0	0	0	0	N	N	N	N	N	N	N	N	N	N	N	N	0.0121	0.0110	0.0125	0.0120	0.0133	0.0000	0.0121	0.0092	0.0178	0.0002	0.0003	0.0001	0.0002	0.0002	0.0000	0.0002	0.0003	0.0002	0.0196	0.0228	0.0118	0.0183	0.0174	0.0289	0.0205	0.0287	0.0095	0.0849	0.2098	-0.0000	-0.0005	5.5514	0.0083	9.9598	2.0001	0.0000	0.0000	0.0000	0.0000	0.0000	0.0000	0.0000	0.0000	0.0000	0.0016	0.0013	0.0003	0.0006	0.0005	0.0001	0.0010	0.0008	0.0002	0.0005	0.0005	0.0001	0.0002	0.0002	0.0000	0.0003	0.0003	0.0001	0.0827	0.0588	0.0239	0.0336	0.0308	0.0028	0.0491	0.0280	0.0211	0.0121	0.0110	0.0125	0.0120	0.0133	0.0000	0.0121	0.0092	0.0178	0.0196	0.0228	0.0118	0.0183	0.0174	0.0289	0.0205	0.0287	0.0095
130	155	0.2271	5	0	1	0	0	0	0	0	0	N	N	N	N	N	N	N	N	N	N	N	N	0.0020	0.0017	0.0031	0.0010	0.0011	0.0003	0.0058	0.0038	0.0229	0.0024	0.0024	0.0017	0.0022	0.0022	0.0007	0.0024	0.0026	0.0018	1.1641	1.4124	0.5446	2.1506	2.0678	2.7909	0.4237	0.6680	0.0790	0.1016	0.1545	-0.0001	-0.1812	5.5514	2.9180	9.9598	7.4065	0.0004	0.0004	0.0000	0.0001	0.0001	0.0000	0.0003	0.0002	0.0000	0.5582	0.4835	0.0747	0.4422	0.3764	0.0657	0.1161	0.1071	0.0090	0.1686	0.1472	0.0214	0.0558	0.0539	0.0020	0.1127	0.0933	0.0194	0.4795	0.3423	0.1372	0.2056	0.1820	0.0236	0.2739	0.1603	0.1136	0.0020	0.0017	0.0031	0.0010	0.0011	0.0003	0.0058	0.0038	0.0229	1.1641	1.4124	0.5446	2.1506	2.0678	2.7909	0.4237	0.6680	0.0790
130	156	0.1613	4	0	0	0	0	0	0	0	0	N	N	N	N	N	N	N	N	N	N	N	N	0.9573	0.6911	2.0633	1.3988	1.1872	7.5375	0.7110	0.3333	1.7909	0.5969	0.4831	0.9909	0.6778	0.5998	1.2113	0.5221	0.3459	0.9080	0.6235	0.6990	0.4803	0.4846	0.5053	0.1607	0.7343	1.0378	0.5070	0.5925	0.3618	-0.0450	-0.2334	5.5514	8.2479	9.9598	19.7214	0.6511	0.4088	0.2422	0.3552	0.2743	0.0810	0.2959	0.1346	0.1613	1.2111	0.8893	0.3218	0.4174	0.4091	0.0083	0.7937	0.4803	0.3134	1.0908	0.8464	0.2445	0.5241	0.4572	0.0668	0.5668	0.3891	0.1776	1.9423	1.2724	0.6700	0.8613	0.8096	0.0517	1.0810	0.4628	0.6182	0.9573	0.6911	2.0633	1.3988	1.1872	7.5375	0.7110	0.3333	1.7909	0.6235	0.6990	0.4803	0.4846	0.5053	0.1607	0.7343	1.0378	0.5070
130	157	0.1251	3	0	0	0	0	0	0	0	0	N	N	N	N	N	N	N	N	N	N	N	N	2.3647	2.6945	2.1616	3.3222	2.9555	25.3296	1.7273	4.7849	1.7185	0.8533	0.7996	1.0100	1.2335	1.1405	3.1012	0.6081	0.4562	0.8458	0.3609	0.2967	0.4672	0.3713	0.3859	0.1224	0.3520	0.0953	0.4922	0.4336	0.9490	-0.0912	0.0229	5.5514	7.4725	9.9598	14.3153	0.6580	0.4590	0.1990	0.3730	0.3285	0.0445	0.2850	0.1305	0.1545	0.8012	0.4111	0.3901	0.3774	0.3705	0.0069	0.4237	0.0405	0.3832	0.7711	0.5741	0.1971	0.3024	0.2880	0.0143	0.4688	0.2860	0.1827	2.2203	1.3853	0.8350	1.0166	0.9602	0.0564	1.2037	0.4251	0.7786	2.3647	2.6945	2.1616	3.3222	2.9555	25.3296	1.7273	4.7849	1.7185	0.3609	0.2967	0.4672	0.3713	0.3859	0.1224	0.3520	0.0953	0.4922
130	158	0.0596	2	0	0	0	0	0	0	0	0	N	N	N	N	N	N	N	N	N	N	N	N	1.1744	1.5936	0.8411	1.5909	1.5689	5.3297	0.8788	5.6000	0.8056	0.5147	0.5143	0.5158	0.6480	0.6622	0.5088	0.4083	0.3196	0.5169	0.4383	0.3227	0.6132	0.4073	0.4221	0.0955	0.4646	0.0571	0.6417	0.4115	1.2555	-0.1249	0.1674	5.5514	11.6653	9.9598	19.4910	0.8348	0.5915	0.2434	0.4668	0.4328	0.0339	0.3681	0.1586	0.2094	1.7032	0.7551	0.9481	0.7265	0.7188	0.0077	0.9767	0.0363	0.9404	1.6219	1.1500	0.4719	0.7204	0.6536	0.0667	0.9015	0.4964	0.4052	3.8859	2.3399	1.5461	1.7836	1.7030	0.0806	2.1023	0.6368	1.4655	1.1744	1.5936	0.8411	1.5909	1.5689	5.3297	0.8788	5.6000	0.8056	0.4383	0.3227	0.6132	0.4073	0.4221	0.0955	0.4646	0.0571	0.6417
130	161	0.4476	10	1	1	0	0	0	0	0	0	N	N	N	N	N	N	N	N	N	N	N	N	0.0000	0.0000	0.0000	0.0000	0.0000	0.0000	0.0000	0.0000	0.0000	0.0000	0.0000	0.0000	0.0000	0.0000	0.0000	0.0000	0.0000	0.0000	0.0084	0.0078	0.0101	0.0158	0.0122	0.0390	0.0000	0.0000	0.0000	0.5043	0.0000	-0.0001	5.5514	0.0002	9.9598	3.0099	0.0000	0.0000	0.0000	0.0000	0.0000	0.0000	0.0000	0.0000	0.0000	0.0011	0.0007	0.0004	0.0011	0.0007	0.0004	0.0000	0.0000	0.0000	0.0000	0.0000	0.0000	0.0000	0.0000	0.0000	0.0000	0.0000	0.0000	0.1278	0.0921	0.0357	0.0682	0.0589	0.0093	0.0596	0.0332	0.0264	0.0000	0.0000	0.0000	0.0000	0.0000	0.0000	0.0000	0.0000	0.0000	0.0084	0.0078	0.0101	0.0158	0.0122	0.0390	0.0000	0.0000	0.0000	
130	162	0.4400	9	1	1	0	0	0	0	0	0	N	N	N	N	N	N	N	N	N	N	N	N	0.0000	0.0000	0.0000	0.0000	0.0000	0.0000	0.0000	0.0000	0.0000	0.0000	0.0000	0.0000	0.0000	0.0000	0.0000	0.0000	0.0000	0.0000	0.0104	0.0144	0.0003	0.0095	0.0107	0.0012	0.0115	0.0209	0.0001	0.0090	0.0000	-0.0006	5.5514	0.9998	9.9598	2.0118	0.0000	0.0000	0.0000	0.0000	0.0000	0.0000	0.0000	0.0000	0.0000	0.0013	0.0013	0.0000	0.0006	0.0006	0.0000	0.0007	0.0007	0.0000	0.0501	0.0438	0.0064	0.0167	0.0158	0.0010	0.0334	0.0280	0.0054	0.1248	0.0898	0.0351	0.0661	0.0574	0.0088	0.0587	0.0324	0.0263	0.0000	0.0000	0.0000	0.0000	0.0000	0.0000	0.0000	0.0000	0.0000	0.0104	0.0144	0.0003	0.0095	0.0107	0.0012	0.0115	0.0209	0.0001	
130	163	0.4400	8	1	1	0	0	0	0	0	0	N	N	N	N	N	N	N	N	N	N	N	N	0.0000	0.0000	0.0000	0.0000	0.0000	0.0000	0.0000	0.0000	0.0000	0.0000	0.0000	0.0000	0.0000	0.0000	0.0000	0.0000	0.0000	0.0000	0.0000	-0.0000	5.5514	0.0000	9.9598	0.0003	0.0000	0.0000	0.0000	0.0000	0.0000	0.0000	0.0000	0.0000	0.0000	0.0000	0.0000	0.0000	0.0000	0.0000	0.0000	0.0000	0.0000	0.0000	0.0000	0.0000	0.0000	0.0000	0.0000	0.0000	0.0000	0.0000	0.0000	0.0000	0.0000	0.0000	0.0000	0.0000	0.0000	0.0000	0.0000	0.0000	0.0000	0.0000	0.0000	0.0000	0.0000	0.0000	0.0000	0.0000	0.0000	0.0000	0.0000	0.0000	0.0000	0.0000	0.0000	0.0000	0.0000	0.0000											
130	164	0.4290	7	0	1	0	0	0	0	0	0	N	N	N	N	N	N	N	N	N	N	N	N	0.0047	0.0023	0.2492	0.0142	0.0125	0.0000	0.0024	0.0001	0.2195	0.0081	0.0053	0.0221	0.0094	0.0096	0.0000	0.0070	0.0008	0.0234	1.7020	2.3391	0.0888	0.6612	0.7651	0.0422	2.9609	5.3117	0.1067	0.8211	0.0150	0.0000	-0.1619	5.5514	0.0063	9.9598	4.3641	0.0000	0.0000	0.0000	0.0000	0.0000	0.0000	0.0000	0.0000	0.0000	0.3649	0.3595	0.0054	0.0776	0.0769	0.0007	0.2873	0.2826	0.0047	0.0008	0.0007	0.0001	0.0004	0.0004	0.0000	0.0005	0.0003	0.0001	0.2144	0.1537	0.0607	0.1174	0.1005	0.0169	0.0970	0.0532	0.0438	0.0047	0.0023	0.2492	0.0142	0.0125	0.0000	0.0024	0.0001	0.2195	1.7020	2.3391	0.0888	0.6612	0.7651	0.0422	2.9609	5.3117	0.1067
130	165	0.3971	6	0	0	0	0	0	0	0	0	N	N	N	N	N	N	N	N	N	N	N	N	0.1883	0.3818	0.2155	0.5705	0.7678	0.0001	0.0812	0.0037	0.2038	0.1235	0.0809	0.4055	0.1912	0.1993	0.0000	0.0845	0.0005	0.4573	0.6562	0.2118	1.8813	0.3351	0.2595	0.8530	1.0406	0.1240	2.2437	0.7587	3.2221	-0.0002	0.1264	5.5514	2.5207	9.9598	10.0226	0.0204	0.0116	0.0088	0.0116	0.0116	0.0000	0.0088	0.0000	0.0088	0.4149	0.0983	0.3166	0.1154	0.0780	0.0374	0.2995	0.0203	0.2792	0.1652	0.1435	0.0217	0.0605	0.0580	0.0025	0.1047	0.0855	0.0193	0.6322	0.4640	0.1683	0.3445	0.3006	0.0439	0.2878	0.1633	0.1244	0.1883	0.3818	0.2155	0.5705	0.7678	0.0001	0.0812	0.0037	0.2038	0.6562	0.2118	1.8813	0.3351	0.2595	0.8530	1.0406	0.1240	2.2437
130	166	0.3815	5	0	0	0	0	0	0	0	0	N	N	N	N	N	N	N	N	N	N	N	N	0.0059	0.0077	0.0000	0.0090	0.0111	0.0000	0.0005	0.0117	0.0000	0.0086	0.0096	0.0000	0.0188	0.0196	0.0000	0.0002	0.0003	0.0000	1.4584	1.2459	2.0208	2.0987	1.7610	4.1159	0.5142	0.0251	1.0722	0.0001	0.6127	-0.0007	-0.0637	5.5514	2.6894	9.9598	4.6619	0.0016	0.0016	0.0000	0.0016	0.0016	0.0000	0.0000	0.0000	0.0000	0.8124	0.5037	0.3087	0.6967	0.5007	0.1959	0.1157	0.0030	0.1127	0.1900	0.1690	0.0211	0.0851	0.0818	0.0033	0.1049	0.0871	0.0178	0.5570	0.4043	0.1527	0.3319	0.2843	0.0476	0.2251	0.1200	0.1051	0.0059	0.0077	0.0000	0.0090	0.0111	0.0000	0.0005	0.0117	0.0000	1.4584	1.2459	2.0208	2.0987	1.7610	4.1159	0.5142	0.0251	1.0722
130	167	0.3431	4	0	0	0	0	0	0	0	0	N	N	N	N	N	N	N	N	N	N	N	N	39.6846	43.8313	0.0149	83.1542	98.7470	0.0343	0.0399	0.0699	0.0039	6.7642	7.7763	0.0023	23.1423	24.3994	0.0180	0.0018	0.0021	0.0002	0.1704	0.1774	0.1541	0.2783	0.2471	0.5239	0.0459	0.0306	0.0603	0.0000	0.3702	-0.3996	-0.0203	5.5514	2.7966	9.9598	8.5340	0.9061	0.9060	0.0000	0.9059	0.9058	0.0000	0.0002	0.0002	0.0000	0.1077	0.0786	0.0291	0.0943	0.0743	0.0200	0.0134	0.0044	0.0091	0.1340	0.1165	0.0174	0.0391	0.0371	0.0020	0.0948	0.0794	0.0154	0.6319	0.4431	0.1888	0.3387	0.3005	0.0382	0.2932	0.1426	0.1506	39.6846	43.8313	0.0149	83.1542	98.7470	0.0343	0.0399	0.0699	0.0039	0.1704	0.1774	0.1541	0.2783	0.2471	0.5239	0.0459	0.0306	0.0603
131	132	0.4107	7	1	1	0	1	0	0	0	0	N	N	N	N	N	N	N	N	N	N	N	N	1023.7629	18.5674	5410.5268	5569.6413	147.8201	2929731.8428	515.5623	3.0574	3128.9604	7.5792	0.1101	58.5731	9.1942	0.2849	155.5722	6.9886	0.0390	45.3137	0.0074	0.0059	0.0108	0.0017	0.0019	0.0001	0.0136	0.0128	0.0145	77.8939	0.7846	0.3028	-0.0000	9.1969	1.0000	13.4651	3.0001	0.5543	0.0070	0.5473	0.1801	0.0053	0.1748	0.3742	0.0018	0.3725	0.0013	0.0007	0.0006	0.0002	0.0002	0.0000	0.0012	0.0006	0.0006	0.0731	0.0638	0.0093	0.0196	0.0185	0.0011	0.0536	0.0453	0.0082	0.1788	0.1251	0.0538	0.0924	0.0788	0.0136	0.0864	0.0463	0.0401	1023.7629	18.5674	5410.5268	5569.6413	147.8201	2929731.8428	515.5623	3.0574	3128.9604	0.0074	0.0059	0.0108	0.0017	0.0019	0.0001	0.0136	0.0128	0.0145
131	133	0.2427	7	1	1	0	1	0	0	0	0	N	N	N	N	N	N	N	N	N	N	N	N	0.0029	0.0029	0.0055	0.0067	0.0057	0.0722	0.0000	0.0000	0.0000	0.0119	0.0102	0.0261	0.0362	0.0288	0.2678	0.0000	0.0000	0.0000	4.0712	3.4923	4.7727	5.4250	5.0646	3.7108	3.2804	1.7867	4.9074	0.2980	0.6782	-0.0000	-0.0218	9.1969	0.0006	13.4651	1.9797	0.0000	0.0000	0.0000	0.0000	0.0000	0.0000	0.0000	0.0000	0.0000	0.4015	0.2392	0.1622	0.1947	0.1805	0.0142	0.2068	0.0587	0.1480	0.0001	0.0001	0.0000	0.0000	0.0000	0.0000	0.0000	0.0000	0.0000	0.1025	0.0685	0.0340	0.0395	0.0356	0.0038	0.0630	0.0329	0.0302	0.0030	0.0029	0.0055	0.0073	0.0057	0.0722	0.0000	0.0000	0.0000	3.9169	3.4923	4.7727	4.9334	5.0646	3.7108	3.2804	1.7867	4.9074
131	134	0.2260	6	1	1	0	1	0	0	0	0	N	N	N	N	N	N	N	N	N	N	N	N	0.0001	0.0001	0.0000	0.0003	0.0003	0.0000	0.0000	0.0000	0.0000	0.0000	0.0000	0.0000	0.0000	0.0000	0.0000	0.0000	0.0000	0.0000	0.1179	0.1550	0.0420	0.0887	0.0929	0.0431	0.1327	0.2074	0.0419	0.0000	0.1325	-0.0000	-0.0136	9.1969	2.0077	13.4651	6.0321	0.0000	0.0000	0.0000	0.0000	0.0000	0.0000	0.0000	0.0000	0.0000	0.0397	0.0351	0.0046	0.0100	0.0096	0.0004	0.0297	0.0254	0.0042	0.1538	0.1337	0.0201	0.0373	0.0357	0.0016	0.1165	0.0980	0.0185	0.3367	0.2262	0.1105	0.1132	0.1035	0.0097	0.2236	0.1227	0.1009	0.0001	0.0001	0.0000	0.0003	0.0003	0.0000	0.0000	0.0000	0.0000	0.1179	0.1550	0.0420	0.0887	0.0929	0.0431	0.1327	0.2074	0.0419
131	135	0.2212	6	0	1	0	1	0	0	0	0	N	N	N	N	N	N	N	N	N	N	N	N	0.0485	0.0103	0.4809	0.0293	0.0141	0.7213	0.0608	0.0091	0.4590	0.0030	0.0008	0.0182	0.0023	0.0011	0.0285	0.0033	0.0006	0.0173	0.0629	0.0745	0.0379	0.0778	0.0809	0.0395	0.0544	0.0683	0.0378	3.5553	0.2367	0.0002	-0.0098	9.1969	3.0348	13.4651	9.3583	0.0007	0.0002	0.0006	0.0001	0.0001	0.0001	0.0006	0.0001	0.0005	0.0369	0.0298	0.0071	0.0165	0.0159	0.0006	0.0204	0.0140	0.0064	0.2347	0.2041	0.0306	0.0596	0.0571	0.0025	0.1751	0.1470	0.0281	0.5868	0.4006	0.1862	0.2122	0.1961	0.0161	0.3746	0.2045	0.1701	0.0485	0.0103	0.4809	0.0293	0.0141	0.7213	0.0608	0.0091	0.4590	0.0629	0.0745	0.0379	0.0778	0.0809	0.0395	0.0544	0.0683	0.0378
131	136	0.2069	5	0	0	0	1	0	0	0	0	N	N	N	N	N	N	N	N	N	N	N	N	0.0159	0.0118	0.0389	0.0144	0.0133	0.1433	0.0180	0.0514	0.0377	0.0238	0.0130	0.0884	0.0307	0.0307	0.0302	0.0210	0.0045	0.0926	1.4933	1.1087	2.2709	2.1356	2.3094	0.2107	1.1693	0.0873	2.4596	1.1291	1.0132	0.0000	0.0198	9.1969	0.0433	13.4651	6.6805	0.0001	0.0000	0.0000	0.0000	0.0000	0.0000	0.0001	0.0000	0.0000	0.4401	0.2186	0.2215	0.2110	0.2093	0.0017	0.2291	0.0093	0.2198	0.0040	0.0034	0.0006	0.0011	0.0011	0.0000	0.0028	0.0023	0.0005	0.2947	0.1972	0.0975	0.0988	0.0906	0.0082	0.1959	0.1065	0.0893	0.0159	0.0118	0.0389	0.0144	0.0133	0.1433	0.0180	0.0514	0.0377	1.4933	1.1087	2.2709	2.1356	2.3094	0.2107	1.1693	0.0873	2.4596
131	137	0.4403	9	0	1	0	1	0	0	0	0	N	N	N	N	N	N	N	N	N	N	N	N	0.0000	0.0000	0.0000	0.0000	0.0000	0.0000	0.0000	0.0000	0.0000	0.0000	0.0000	0.0000	0.0000	0.0000	0.0000	0.0000	0.0000	0.0000	0.0000	0.0000	9.1969	0.0000	13.4651	0.0000	0.0000	0.0000	0.0000	0.0000	0.0000	0.0000	0.0000	0.0000	0.0000	0.0000	0.0000	0.0000	0.0000	0.0000	0.0000	0.0000	0.0000	0.0000	0.0000	0.0000	0.0000	0.0000	0.0000	0.0000	0.0000	0.0000	0.0000	0.0000	0.0000	0.0000	0.0000	0.0000	0.0000	0.0000	0.0000	0.0000	0.0000	0.0000	0.0000	0.0000	0.0000	0.0000	0.0000	0.0000	0.0000	0.0000	0.0000	0.0000	0.0000	0.0000	0.0000	0.0000	0.0000	0.0000											
131	138	0.4352	8	0	1	0	1	0	0	0	0	N	N	N	N	N	N	N	N	N	N	N	N	0.0519	0.0451	0.0000	0.0445	0.0398	0.0000	0.0000	0.0001	0.0002	0.0000	0.0002	0.0002	0.0000	0.0000	0.0000	0.0000	0.0028	0.0035	0.0012	0.0048	0.0056	0.0000	0.0007	0.0000	0.0016	0.0000	0.1504	-0.0000	-0.0001	9.1969	0.0021	13.4651	2.0000	0.0000	0.0000	0.0000	0.0000	0.0000	0.0000	0.0000	0.0000	0.0000	0.0002	0.0002	0.0000	0.0002	0.0002	0.0000	0.0000	0.0000	0.0000	0.0004	0.0003	0.0000	0.0002	0.0002	0.0000	0.0001	0.0001	0.0000	0.0889	0.0624	0.0264	0.0447	0.0388	0.0059	0.0442	0.0236	0.0206	0.0519	0.0451	0.0000	0.0445	0.0398	0.0000	0.0000	0.0000	0.0000	0.0028	0.0035	0.0012	0.0048	0.0056	0.0000	0.0007	0.0000	0.0016		
131	139	0.4250	7	0	0	0	1	0	0	0	0	N	N	N	N	N	N	N	N	N	N	N	N	0.0223	0.0869	0.0000	0.2010	0.1860	0.0064	0.0000	0.0000	0.0000	0.0080	0.0092	0.0000	0.0303	0.0322	0.0000	0.0000	0.0000	0.0000	0.3615	0.1062	0.9565	0.1509	0.1729	0.0042	0.5675	0.0000	1.2175	0.0003	3.8618	-0.0003	0.0221	9.1969	1.0020	13.4651	3.0181	0.0006	0.0006	0.0000	0.0006	0.0006	0.0000	0.0000	0.0000	0.0000	0.0657	0.0135	0.0522	0.0136	0.0135	0.0000	0.0522	0.0000	0.0522	0.0733	0.0639	0.0094	0.0195	0.0183	0.0011	0.0539	0.0456	0.0083	0.1819	0.1273	0.0546	0.0899	0.0782	0.0117	0.0919	0.0491	0.0429	0.0223	0.0869	0.0000	0.2010	0.1860	0.0064	0.0000	0.0000	0.0000	0.3615	0.1062	0.9565	0.1509	0.1729	0.0042	0.5675	0.0000	1.2175
131	140	0.4107	7	0	1	0	0	0	0	0	0	N	N	N	N	N	N	N	N	N	N	N	N	0.0000	0.0000	0.0000	0.0000	0.0000	0.0000	0.0000	0.0000	0.0000	0.0000	0.0000	0.0000	0.0000	0.0000	0.0000	0.0000	0.0000	0.0000	0.0089	0.0058	0.0162	0.0070	0.0081	0.0001	0.0110	0.0017	0.0217	1.2083	0.0000	0.0001	9.1969	0.0000	13.4651	4.0001	0.0000	0.0000	0.0000	0.0000	0.0000	0.0000	0.0000	0.0000	0.0000	0.0016	0.0007	0.0009	0.0006	0.0006	0.0000	0.0010	0.0001	0.0009	0.0000	0.0000	0.0000	0.0000	0.0000	0.0000	0.0000	0.0000	0.0000	0.1788	0.1251	0.0538	0.0924	0.0788	0.0136	0.0864	0.0463	0.0401	0.0000	0.0000	0.0000	0.0000	0.0000	0.0000	0.0000	0.0000	0.0000	0.0089	0.0058	0.0162	0.0070	0.0081	0.0001	0.0110	0.0017	0.0217	
131	141	0.2214	5	0	1	0	0	0	0	0	0	N	N	N	N	N	N	N	N	N	N	N	N	0.4054	0.8881	0.0316	0.8984	1.6938	0.0740	0.1123	0.4209	0.0058	0.0072	0.0081	0.0011	0.0253	0.0259	0.0124	0.0014	0.0016	0.0001	0.0178	0.0091	0.0354	0.0282	0.0153	0.1674	0.0124	0.0039	0.0228	0.0207	1.8919	-0.0002	0.0009	9.1969	1.0003	13.4651	5.0186	0.0006	0.0005	0.0000	0.0005	0.0005	0.0000	0.0001	0.0001	0.0000	0.0046	0.0016	0.0030	0.0025	0.0012	0.0012	0.0021	0.0004	0.0018	0.0768	0.0667	0.0100	0.0186	0.0178	0.0008	0.0582	0.0489	0.0092	0.2583	0.1736	0.0846	0.0873	0.0799	0.0074	0.1710	0.0938	0.0772	0.4054	0.8881	0.0316	0.8984	1.6938	0.0740	0.1123	0.4209	0.0058	0.0178	0.0091	0.0354	0.0282	0.0153	0.1674	0.0124	0.0039	0.0228
131	142	0.4250	7	0	0	1	1	0	0	0	0	N	N	N	N	N	N	N	N	N	N	N	N	0.0108	0.0005	0.5585	0.0085	0.0018	45.1052	0.0110	0.0000	0.3801	0.0086	0.0006	0.0469	0.0049	0.0012	0.1836	0.0110	0.0000	0.0402	0.7901	1.0923	0.0840	0.5706	0.6555	0.0041	1.0039	1.7831	0.1058	17.1410	0.0329	0.0000	-0.1342	9.1969	0.0001	13.4651	9.0026	0.0000	0.0000	0.0000	0.0000	0.0000	0.0000	0.0000	0.0000	0.0000	0.3146	0.3046	0.0100	0.1121	0.1120	0.0001	0.2025	0.1926	0.0099	0.0000	0.0000	0.0000	0.0000	0.0000	0.0000	0.0000	0.0000	0.0000	0.3981	0.2788	0.1193	0.1964	0.1708	0.0256	0.2017	0.1080	0.0937	0.0108	0.0005	0.5585	0.0085	0.0018	45.1052	0.0110	0.0000	0.3801	0.7901	1.0923	0.0840	0.5706	0.6555	0.0041	1.0039	1.7831	0.1058
131	143	0.2069	5	0	0	1	1	0	0	0	0	N	N	N	N	N	N	N	N	N	N	N	N	0.1463	0.0068	0.6192	0.0138	0.0133	0.0002	0.1714	0.0037	0.6211	0.0773	0.0022	0.5820	0.0056	0.0059	0.0000	0.1009	0.0008	0.6350	0.5283	0.3246	0.9400	0.4073	0.4423	0.0110	0.5885	0.2257	1.0224	39.3331	1.4334	0.0063	0.0297	9.1969	2.0061	13.4651	8.0425	0.0118	0.0003	0.0115	0.0002	0.0002	0.0000	0.0115	0.0001	0.0115	0.2271	0.0933	0.1338	0.0582	0.0580	0.0001	0.1689	0.0353	0.1336	0.1521	0.1324	0.0197	0.0376	0.0360	0.0016	0.1144	0.0964	0.0181	0.4298	0.2875	0.1423	0.1428	0.1312	0.0116	0.2870	0.1563	0.1307	0.1463	0.0068	0.6192	0.0138	0.0133	0.0002	0.1714	0.0037	0.6211	0.5283	0.3246	0.9400	0.4073	0.4423	0.0110	0.5885	0.2257	1.0224
131	144	0.1978	4	0	0	0	1	0	0	0	0	N	N	N	N	N	N	N	N	N	N	N	N	0.9016	0.3967	153.0812	10.1598	9.3966	0.1595	0.3490	0.0008	263.4247	1.4158	0.8821	4.8421	2.9393	3.0603	0.0121	0.8833	0.0035	5.2411	1.5703	2.2238	0.0316	0.2893	0.3257	0.0759	2.5312	4.2938	0.0199	0.8550	0.0060	0.0045	-0.1920	9.1969	1.9550	13.4651	2.1189	0.2293	0.1236	0.1057	0.1233	0.1233	0.0000	0.1060	0.0003	0.1057	0.4243	0.4218	0.0025	0.0335	0.0322	0.0013	0.3908	0.3896	0.0013	0.1620	0.1402	0.0218	0.0419	0.0403	0.0017	0.1200	0.0999	0.0202	0.2702	0.1897	0.0805	0.1158	0.0989	0.0169	0.1544	0.0907	0.0637	0.9016	0.3967	153.0812	10.1598	9.3966	0.1595	0.3490	0.0008	263.4247	1.5703	2.2238	0.0316	0.2893	0.3257	0.0759	2.5312	4.2938	0.0199
131	145	0.1978	4	0	0	1	1	0	0	0	0	N	N	N	N	N	N	N	N	N	N	N	N	0.0423	0.0249	0.1437	0.1093	0.0879	2.4029	0.0246	0.0022	0.1192	0.0073	0.0040	0.0291	0.0148	0.0130	0.0590	0.0048	0.0004	0.0267	0.1735	0.1595	0.2027	0.1354	0.1474	0.0245	0.1938	0.1700	0.2237	1.1414	0.6082	0.0001	-0.0129	9.1969	2.1261	13.4651	18.6477	0.0013	0.0006	0.0007	0.0007	0.0006	0.0001	0.0006	0.0000	0.0006	0.1615	0.1004	0.0611	0.0439	0.0431	0.0008	0.1176	0.0573	0.0603	0.1749	0.1514	0.0235	0.0450	0.0432	0.0018	0.1299	0.1082	0.0217	0.9309	0.6296	0.3014	0.3240	0.2922	0.0318	0.6070	0.3374	0.2696	0.0423	0.0249	0.1437	0.1093	0.0879	2.4029	0.0246	0.0022	0.1192	0.1735	0.1595	0.2027	0.1354	0.1474	0.0245	0.1938	0.1700	0.2237
131	146	0.4250	7	0	0	1	1	0	0	0	0	N	N	N	N	N	N	N	N	N	N	N	N	0.0466	0.0413	0.0002	0.0617	0.0569	0.0063	0.1221	7.8557	0.0001	0.0071	0.0082	0.0000	0.0173	0.0184	0.0000	0.0035	0.0041	0.0000	0.1530	0.1980	0.0478	0.2809	0.3227	0.0022	0.0283	0.0005	0.0603	0.0002	0.1033	-0.0005	-0.0198	9.1969	2.0001	13.4651	5.9880	0.0010	0.0010	0.0000	0.0007	0.0007	0.0000	0.0004	0.0004	0.0000	0.0543	0.0492	0.0051	0.0492	0.0491	0.0000	0.0051	0.0000	0.0050	0.1458	0.1271	0.0187	0.0387	0.0364	0.0022	0.1071	0.0907	0.0164	0.3548	0.2484	0.1063	0.1751	0.1523	0.0228	0.1797	0.0961	0.0835	0.0466	0.0413	0.0002	0.0617	0.0569	0.0063	0.1221	7.8557	0.0001	0.1530	0.1980	0.0478	0.2809	0.3227	0.0022	0.0283	0.0005	0.0603
131	147	0.4250	7	0	0	1	1	0	0	0	0	N	N	N	N	N	N	N	N	N	N	N	N	0.8206	0.4857	3.0926	1.1263	1.1316	0.0043	0.8948	0.0009	3.3839	1.2722	0.7459	4.9006	2.4601	2.6079	0.0058	0.8444	0.0003	5.5599	1.5503	1.5358	1.5846	2.1843	2.3047	1.3656	0.9437	0.3483	1.6430	0.9529	0.4374	0.0380	-0.3104	9.1969	9.0001	13.4651	23.0169	0.8110	0.4153	0.3957	0.4152	0.4152	0.0001	0.3958	0.0001	0.3957	2.0148	1.4017	0.6131	1.3880	1.2768	0.1113	0.6267	0.1249	0.5018	0.6375	0.5567	0.0807	0.1688	0.1592	0.0096	0.4687	0.3976	0.0712	1.2996	0.9127	0.3869	0.6355	0.5540	0.0815	0.6641	0.3587	0.3054	0.8206	0.4857	3.0926	1.1263	1.1316	0.0043	0.8948	0.0009	3.3839	1.5503	1.5358	1.5846	2.1843	2.3047	1.3656	0.9437	0.3483	1.6430
131	148	0.3997	6	0	0	0	1	0	0	0	0	N	N	N	N	N	N	N	N	N	N	N	N	0.1325	0.0088	0.9477	0.0689	0.0195	0.6531	0.4470	0.0021	1.5094	0.0099	0.0007	0.0732	0.0084	0.0022	0.1115	0.0105	0.0000	0.0680	0.0749	0.0740	0.0773	0.1221	0.1138	0.1708	0.0235	0.0047	0.0451	16.4928	0.4452	0.0007	-0.0055	9.1969	1.9990	13.4651	7.9526	0.0015	0.0001	0.0014	0.0003	0.0001	0.0002	0.0011	0.0000	0.0011	0.0363	0.0251	0.0112	0.0308	0.0245	0.0063	0.0054	0.0006	0.0048	0.1464	0.1277	0.0187	0.0394	0.0371	0.0022	0.1070	0.0905	0.0165	0.4840	0.3394	0.1446	0.2526	0.2155	0.0370	0.2315	0.1239	0.1076	0.1325	0.0088	0.9477	0.0689	0.0195	0.6531	0.4470	0.0021	1.5094	0.0749	0.0740	0.0773	0.1221	0.1138	0.1708	0.0235	0.0047	0.0451
131	149	0.3678	5	1	1	0	0	0	0	0	0	N	N	N	N	N	N	N	N	N	N	N	N	6.6159	8.3337	0.2232	6.4757	6.3061	1.6277	7.8470	27.8921	0.1372	1.5687	1.7924	0.0651	1.8414	1.9121	0.2548	1.4611	1.7384	0.0456	0.2371	0.2151	0.2918	0.2844	0.3032	0.1565	0.1862	0.0623	0.3327	0.0054	0.5465	-0.3041	-0.0281	9.1969	5.3497	13.4651	17.2225	0.6978	0.6940	0.0038	0.2318	0.2305	0.0014	0.4660	0.4636	0.0024	0.2676	0.1730	0.0946	0.1665	0.1547	0.0118	0.1011	0.0183	0.0828	0.4448	0.3872	0.0576	0.1259	0.1205	0.0054	0.3189	0.2667	0.0522	1.1286	0.8045	0.3241	0.5854	0.5102	0.0752	0.5432	0.2943	0.2489	6.6159	8.3337	0.2232	6.4757	6.3061	1.6277	7.8470	27.8921	0.1372	0.2371	0.2151	0.2918	0.2844	0.3032	0.1565	0.1862	0.0623	0.3327
131	150	0.3986	6	0	1	0	0	0	0	0	0	N	N	N	N	N	N	N	N	N	N	N	N	0.1245	0.0980	0.3007	0.1847	0.2408	0.0351	0.0940	0.0082	0.9426	0.0354	0.0272	0.0903	0.0639	0.0654	0.0271	0.0195	0.0024	0.0982	0.2843	0.2781	0.3002	0.3456	0.2716	0.7736	0.2077	0.2905	0.1042	0.4925	0.4189	-0.0015	-0.0586	9.1969	3.6794	13.4651	17.4287	0.0138	0.0093	0.0046	0.0089	0.0088	0.0002	0.0049	0.0005	0.0044	0.3593	0.2532	0.1061	0.2425	0.1624	0.0800	0.1168	0.0908	0.0260	0.3904	0.3399	0.0505	0.1397	0.1341	0.0056	0.2507	0.2058	0.0449	1.2639	0.9106	0.3533	0.7015	0.5981	0.1035	0.5624	0.3125	0.2499	0.1245	0.0980	0.3007	0.1847	0.2408	0.0351	0.0940	0.0082	0.9426	0.2843	0.2781	0.3002	0.3456	0.2716	0.7736	0.2077	0.2905	0.1042
131	151	0.3678	5	0	1	0	0	0	0	0	0	N	N	N	N	N	N	N	N	N	N	N	N	0.0813	0.0654	0.1883	0.1487	0.1684	0.0276	0.0512	0.0091	0.2913	0.0297	0.0240	0.0678	0.0644	0.0662	0.0197	0.0147	0.0029	0.0724	0.3651	0.3670	0.3601	0.4334	0.3931	0.7142	0.2870	0.3192	0.2486	0.4212	0.3808	-0.0013	-0.0516	9.1969	3.4464	13.4651	10.1316	0.0092	0.0065	0.0027	0.0060	0.0060	0.0001	0.0032	0.0005	0.0027	0.2825	0.2046	0.0779	0.1788	0.1418	0.0370	0.1037	0.0628	0.0409	0.3112	0.2708	0.0404	0.0938	0.0902	0.0035	0.2174	0.1806	0.0368	0.7737	0.5574	0.2164	0.4125	0.3607	0.0518	0.3613	0.1967	0.1646	0.0813	0.0654	0.1883	0.1487	0.1684	0.0276	0.0512	0.0091	0.2913	0.3651	0.3670	0.3601	0.4334	0.3931	0.7142	0.2870	0.3192	0.2486
131	152	0.2282	7	1	1	0	0	0	0	0	0	N	N	N	N	N	N	N	N	N	N	N	N	0.0004	0.0004	0.0006	0.0006	0.0008	0.0000	0.0003	0.0000	0.0019	0.0006	0.0006	0.0010	0.0021	0.0021	0.0000	0.0002	0.0000	0.0011	1.6402	1.6025	1.7178	3.5167	2.5721	19.7260	0.6872	0.7833	0.5697	0.2603	0.5215	-0.0000	-0.1016	9.1969	1.0143	13.4651	12.0086	0.0001	0.0000	0.0000	0.0000	0.0000	0.0000	0.0000	0.0000	0.0000	0.8791	0.5778	0.3013	0.6349	0.4247	0.2102	0.2443	0.1531	0.0912	0.0789	0.0685	0.0104	0.0196	0.0187	0.0008	0.0593	0.0498	0.0095	0.5360	0.3606	0.1754	0.1805	0.1651	0.0154	0.3555	0.1954	0.1600	0.0004	0.0004	0.0006	0.0006	0.0008	0.0000	0.0003	0.0000	0.0019	1.6402	1.6025	1.7178	3.5167	2.5721	13.6349	0.6872	0.7833	0.5697
131	153	0.2260	6	1	1	0	0	0	0	0	0	N	N	N	N	N	N	N	N	N	N	N	N	0.1811	0.0738	0.9357	0.0462	0.0499	0.0000	0.2831	0.1100	1.1328	0.0014	0.0006	0.0069	0.0005	0.0006	0.0000	0.0017	0.0006	0.0075	0.0079	0.0081	0.0074	0.0114	0.0111	0.0154	0.0061	0.0056	0.0066	1.7424	0.4438	0.0000	-0.0001	9.1969	0.9811	13.4651	0.0216	0.0001	0.0000	0.0001	0.0000	0.0000	0.0000	0.0001	0.0000	0.0001	0.0003	0.0002	0.0001	0.0002	0.0001	0.0000	0.0002	0.0001	0.0001	0.0757	0.0658	0.0099	0.0185	0.0177	0.0008	0.0573	0.0481	0.0091	0.0435	0.0292	0.0143	0.0147	0.0135	0.0012	0.0288	0.0158	0.0130	0.1811	0.0738	0.9357	0.0462	0.0499	0.0000	0.2831	0.1100	1.1328	0.0079	0.0081	0.0074	0.0114	0.0111	0.0154	0.0061	0.0056	0.0066
131	154	0.2214	5	1	1	0	0	0	0	0	0	N	N	N	N	N	N	N	N	N	N	N	N	0.5715	0.2726	4.5786	0.4082	0.4757	0.0000	0.9547	0.1341	21.2575	0.0048	0.0029	0.0173	0.0067	0.0071	0.0000	0.0040	0.0009	0.0197	0.0084	0.0107	0.0038	0.0164	0.0149	0.0326	0.0042	0.0069	0.0009	0.9098	0.1698	0.0000	-0.0002	9.1969	0.0083	13.4651	2.0001	0.0000	0.0000	0.0000	0.0000	0.0000	0.0000	0.0000	0.0000	0.0000	0.0008	0.0007	0.0001	0.0005	0.0004	0.0001	0.0003	0.0002	0.0000	0.0007	0.0006	0.0001	0.0002	0.0002	0.0000	0.0005	0.0004	0.0001	0.0905	0.0611	0.0294	0.0312	0.0286	0.0026	0.0593	0.0325	0.0268	0.5715	0.2726	4.5786	0.4082	0.4757	0.0000	0.9547	0.1341	21.2575	0.0084	0.0107	0.0038	0.0164	0.0149	0.0326	0.0042	0.0069	0.0009
131	155	0.1978	4	0	1	0	0	0	0	0	0	N	N	N	N	N	N	N	N	N	N	N	N	0.0102	0.0075	0.0316	0.0148	0.0174	0.0001	0.0088	0.0013	0.3091	0.0100	0.0089	0.0169	0.0282	0.0294	0.0003	0.0038	0.0010	0.0183	0.9806	1.1864	0.5352	1.9035	1.6874	3.5655	0.4315	0.7190	0.0591	0.2923	0.2085	-0.0005	-0.1478	9.1969	2.9180	13.4651	7.4065	0.0023	0.0018	0.0005	0.0017	0.0017	0.0000	0.0007	0.0001	0.0005	0.5169	0.4278	0.0892	0.3743	0.2936	0.0807	0.1426	0.1341	0.0085	0.2344	0.2031	0.0313	0.0590	0.0566	0.0024	0.1754	0.1465	0.0289	0.5272	0.3606	0.1666	0.1966	0.1740	0.0226	0.3305	0.1865	0.1440	0.0102	0.0075	0.0316	0.0148	0.0174	0.0001	0.0088	0.0013	0.3091	0.9806	1.1864	0.5352	1.9035	1.6874	3.5655	0.4315	0.7190	0.0591
131	156	0.1320	3	0	0	0	0	0	0	0	0	N	N	N	N	N	N	N	N	N	N	N	N	1.3252	1.1301	1.7263	1.1532	1.1736	1.3525	1.5832	1.2738	1.8542	0.7750	0.8280	0.5612	0.9485	1.0105	0.2410	0.6643	0.6805	0.6214	0.5848	0.7327	0.3251	0.8225	0.8610	0.1782	0.4196	0.5342	0.3351	0.1679	0.2526	-0.2865	-0.3314	9.1969	8.2479	13.4651	19.7214	0.9636	0.8250	0.1385	0.4594	0.4500	0.0094	0.5042	0.3751	0.1291	1.2908	1.0305	0.2603	0.7445	0.7354	0.0091	0.5463	0.2951	0.2512	1.2433	0.9965	0.2468	0.4843	0.4453	0.0390	0.7589	0.5512	0.2078	2.2072	1.4066	0.8006	0.9052	0.8542	0.0510	1.3020	0.5524	0.7496	1.3252	1.1301	1.7263	1.1532	1.1736	1.3525	1.5832	1.2738	1.8542	0.5848	0.7327	0.3251	0.8225	0.8610	0.1782	0.4196	0.5342	0.3351
131	157	0.0958	2	0	0	0	0	0	0	0	0	N	N	N	N	N	N	N	N	N	N	N	N	0.7944	0.7652	0.9287	0.7407	0.7798	0.2423	0.8641	1.1727	1.0200	0.5539	0.5117	0.6892	0.6034	0.6436	0.1440	0.5259	0.4103	0.7652	0.6972	0.6687	0.7421	0.8146	0.8254	0.5942	0.6086	0.3498	0.7502	0.4195	0.7050	-0.0862	-0.0789	9.1969	7.4725	13.4651	14.3153	0.5920	0.4171	0.1750	0.2325	0.2280	0.0045	0.3595	0.1891	0.1705	1.7578	1.0310	0.7268	0.8833	0.8533	0.0300	0.8745	0.1777	0.6968	1.0689	0.8151	0.2538	0.3853	0.3543	0.0310	0.6836	0.4608	0.2228	2.5211	1.5417	0.9793	1.0843	1.0338	0.0505	1.4368	0.5080	0.9288	0.7944	0.7652	0.9287	0.7407	0.7798	0.2423	0.8641	1.1727	1.0200	0.6972	0.6687	0.7421	0.8146	0.8254	0.5942	0.6086	0.3498	0.7502
131	161	0.4183	9	1	1	0	0	0	0	0	0	N	N	N	N	N	N	N	N	N	N	N	N	0.0000	0.0000	0.0000	0.0000	0.0000	0.0000	0.0000	0.0000	0.0000	0.0000	0.0000	0.0000	0.0000	0.0000	0.0000	0.0000	0.0000	0.0000	0.0173	0.0230	0.0039	0.0188	0.0211	0.0056	0.0157	0.0262	0.0033	0.0714	0.0000	-0.0009	9.1969	0.0002	13.4651	3.0099	0.0000	0.0000	0.0000	0.0000	0.0000	0.0000	0.0000	0.0000	0.0000	0.0024	0.0022	0.0002	0.0013	0.0013	0.0001	0.0010	0.0009	0.0001	0.0000	0.0000	0.0000	0.0000	0.0000	0.0000	0.0000	0.0000	0.0000	0.1374	0.0964	0.0410	0.0711	0.0607	0.0104	0.0663	0.0357	0.0306	0.0000	0.0000	0.0000	0.0000	0.0000	0.0000	0.0000	0.0000	0.0000	0.0173	0.0230	0.0039	0.0188	0.0211	0.0056	0.0157	0.0262	0.0033	
131	162	0.4107	8	1	1	0	0	0	0	0	0	N	N	N	N	N	N	N	N	N	N	N	N	0.0000	0.0000	0.0000	0.0000	0.0000	0.0000	0.0000	0.0000	0.0000	0.0000	0.0000	0.0000	0.0000	0.0000	0.0000	0.0000	0.0000	0.0000	0.0081	0.0110	0.0012	0.0019	0.0021	0.0002	0.0147	0.0262	0.0016	0.0473	0.0000	-0.0005	9.1969	0.9998	13.4651	2.0118	0.0000	0.0000	0.0000	0.0000	0.0000	0.0000	0.0000	0.0000	0.0000	0.0011	0.0010	0.0000	0.0001	0.0001	0.0000	0.0010	0.0009	0.0000	0.0731	0.0638	0.0093	0.0196	0.0185	0.0011	0.0535	0.0453	0.0082	0.1352	0.0945	0.0406	0.0699	0.0596	0.0103	0.0653	0.0349	0.0303	0.0000	0.0000	0.0000	0.0000	0.0000	0.0000	0.0000	0.0000	0.0000	0.0081	0.0110	0.0012	0.0019	0.0021	0.0002	0.0147	0.0262	0.0016	
131	163	0.4107	7	1	1	0	0	0	0	0	0	N	N	N	N	N	N	N	N	N	N	N	N	0.0000	0.0000	0.0000	0.0000	0.0000	0.0000	0.0000	0.0000	0.0000	0.0000	0.0000	0.0000	0.0000	0.0000	0.0000	0.0000	0.0000	0.0000	0.3189	0.2751	0.4699	0.3462	0.3397	0.4172	0.2891	0.1710	0.4826	0.4956	0.0000	-0.0000	9.1969	0.0000	13.4651	0.0003	0.0000	0.0000	0.0000	0.0000	0.0000	0.0000	0.0000	0.0000	0.0000	0.0000	0.0000	0.0000	0.0000	0.0000	0.0000	0.0000	0.0000	0.0000	0.0000	0.0000	0.0000	0.0000	0.0000	0.0000	0.0000	0.0000	0.0000	0.0000	0.0000	0.0000	0.0000	0.0000	0.0000	0.0000	0.0000	0.0000	0.0000	0.0000	0.0000	0.0000	0.0000	0.0000	0.0000	0.0000	0.0000	0.3189	0.2751	0.4699	0.3462	0.3397	0.4172	0.2891	0.1710	0.4826	
131	164	0.3997	6	0	1	0	0	0	0	0	0	N	N	N	N	N	N	N	N	N	N	N	N	0.0063	0.0031	1.3200	0.0149	0.0128	0.0981	0.0033	0.0004	1.1912	0.0095	0.0068	0.0239	0.0118	0.0120	0.0011	0.0079	0.0017	0.0249	1.5184	2.1537	0.0181	0.7898	0.9341	0.0111	2.3750	4.4092	0.0209	0.6868	0.0036	-0.0000	-0.1692	9.1969	0.0063	13.4651	4.3641	0.0000	0.0000	0.0000	0.0000	0.0000	0.0000	0.0000	0.0000	0.0000	0.3721	0.3708	0.0013	0.1046	0.1044	0.0002	0.2675	0.2664	0.0011	0.0013	0.0011	0.0002	0.0005	0.0005	0.0000	0.0007	0.0005	0.0002	0.2451	0.1722	0.0729	0.1324	0.1117	0.0207	0.1126	0.0604	0.0522	0.0063	0.0031	1.3200	0.0149	0.0128	0.0981	0.0033	0.0004	1.1912	1.5184	2.1537	0.0181	0.7898	0.9341	0.0111	2.3750	4.4092	0.0209
131	165	0.3678	5	0	0	0	0	0	0	0	0	N	N	N	N	N	N	N	N	N	N	N	N	0.2330	0.1388	0.6925	0.2587	0.2607	0.0011	0.2370	0.0585	0.6682	0.0872	0.0416	0.3933	0.1068	0.1106	0.0004	0.0781	0.0040	0.4288	0.3742	0.2996	0.5680	0.4130	0.4241	0.3352	0.3295	0.0689	0.6417	1.4098	0.7307	0.0031	-0.0099	9.1969	2.5207	13.4651	10.0226	0.0214	0.0089	0.0125	0.0083	0.0083	0.0000	0.0131	0.0006	0.0125	0.2737	0.1581	0.1156	0.1618	0.1454	0.0164	0.1119	0.0128	0.0991	0.2455	0.2136	0.0318	0.0779	0.0753	0.0026	0.1675	0.1383	0.0292	0.7314	0.5279	0.2035	0.3917	0.3428	0.0489	0.3397	0.1851	0.1545	0.2330	0.1388	0.6925	0.2587	0.2607	0.0011	0.2370	0.0585	0.6682	0.3742	0.2996	0.5680	0.4130	0.4241	0.3352	0.3295	0.0689	0.6417
131	166	0.3522	4	0	0	0	0	0	0	0	0	N	N	N	N	N	N	N	N	N	N	N	N	0.0562	0.0468	0.1373	0.0495	0.0748	0.0005	0.1223	0.0588	0.3567	0.0942	0.0537	0.4256	0.1125	0.1164	0.0032	0.0814	0.0034	0.4885	1.6744	1.1470	3.0991	2.2715	1.5568	6.1342	0.6655	0.0586	1.3694	0.9667	1.0004	0.0014	0.0479	9.1969	2.6894	13.4651	4.6619	0.0269	0.0137	0.0132	0.0132	0.0132	0.0000	0.0137	0.0005	0.0132	1.1479	0.5738	0.5740	0.9783	0.5658	0.4125	0.1696	0.0080	0.1616	0.2858	0.2547	0.0311	0.1174	0.1134	0.0040	0.1684	0.1413	0.0271	0.6855	0.5003	0.1852	0.4307	0.3634	0.0672	0.2548	0.1369	0.1180	0.0562	0.0468	0.1373	0.0495	0.0748	0.0005	0.1223	0.0588	0.3567	1.6744	1.1470	3.0991	2.2715	1.5568	6.1342	0.6655	0.0586	1.3694
131	167	0.3138	3	0	0	0	0	0	0	0	0	N	N	N	N	N	N	N	N	N	N	N	N	0.4566	0.7248	0.0051	0.6374	1.0911	0.0019	0.7846	1.6517	0.0139	0.8510	0.9775	0.0150	1.9246	2.0223	0.0321	0.5446	0.6420	0.0135	1.8637	1.3487	2.9708	3.0193	1.8534	16.8255	0.6941	0.3887	0.9684	0.0023	1.0246	-0.0728	0.0583	9.1969	2.7966	13.4651	8.5340	0.1659	0.1655	0.0004	0.0833	0.0832	0.0001	0.0826	0.0823	0.0003	1.2221	0.6036	0.6185	0.9959	0.5437	0.4522	0.2262	0.0599	0.1663	0.1949	0.1693	0.0256	0.0433	0.0412	0.0021	0.1516	0.1281	0.0235	0.6557	0.4475	0.2082	0.3298	0.2933	0.0365	0.3259	0.1542	0.1717	0.4566	0.7248	0.0051	0.6374	1.0911	0.0026	0.7846	1.6517	0.0139	1.8637	1.3487	2.9708	3.0193	1.8534	12.3853	0.6941	0.3887	0.9684
132	133	0.6029	13	2	2	0	2	0	0	0	0	Y	Y	N	Y	N	N	N	N	N	N	N	N	0.0000	0.0000	0.0000	0.0000	0.0000	0.0000	0.0000	0.0000	0.0000	0.0000	0.0000	0.0000	0.0000	0.0000	0.0000	0.0000	0.0000	0.0000	0.0000	0.0000	1.0000	0.0006	3.0001	1.9797	0.0000	0.0000	0.0000	0.0000	0.0000	0.0000	0.0000	0.0000	0.0000	0.0000	0.0000	0.0000	0.0000	0.0000	0.0000	0.0000	0.0000	0.0000	0.0000	0.0000	0.0000	0.0000	0.0000	0.0000	0.0000	0.0000	0.0000	0.0085	0.0058	0.0027	0.0045	0.0038	0.0007	0.0040	0.0020	0.0020	0.0000	0.0000	0.0000	0.0000	0.0000	0.0000	0.0000	0.0000	0.0000	0.0000	0.0000	0.0000	0.0000	0.0000	0.0000	0.0000	0.0000	0.0000											
132	134	0.5862	12	2	2	0	2	0	0	0	0	Y	Y	N	Y	N	N	N	N	N	N	N	N	0.0000	0.0000	0.0000	0.0000	0.0000	0.0000	0.0000	0.0000	0.0000	0.0000	0.0000	0.0000	0.0000	0.0000	0.0000	0.0000	0.0000	0.0000	0.0000	0.0000	1.0000	2.0077	3.0001	6.0321	0.0000	0.0000	0.0000	0.0000	0.0000	0.0000	0.0000	0.0000	0.0000	0.0000	0.0000	0.0000	0.0000	0.0000	0.0000	0.0000	0.0000	0.0000	0.0131	0.0113	0.0018	0.0039	0.0036	0.0003	0.0092	0.0077	0.0014	0.0307	0.0205	0.0102	0.0160	0.0132	0.0028	0.0146	0.0073	0.0073	0.0000	0.0000	0.0000	0.0000	0.0000	0.0000	0.0000	0.0000	0.0000	0.0000	0.0000	0.0000	0.0000	0.0000	0.0000	0.0000	0.0000	0.0000											
132	135	0.5814	12	1	2	0	2	0	0	0	0	N	Y	N	Y	N	N	N	N	N	N	N	N	0.0000	0.0000	0.0000	0.0000	0.0000	0.0000	0.0000	0.0000	0.0000	0.0000	0.0000	0.0000	0.0000	0.0000	0.0000	0.0000	0.0000	0.0000	0.0000	0.0000	0.0000	0.0000	inf	0.0000	0.0000	1.0000	3.0348	3.0001	9.3583	0.0000	0.0000	0.0000	0.0000	0.0000	0.0000	0.0000	0.0000	0.0000	0.0000	0.0000	0.0000	0.0000	0.0000	0.0000	0.0000	0.0000	0.0000	0.0201	0.0173	0.0028	0.0057	0.0052	0.0005	0.0144	0.0121	0.0024	0.0536	0.0357	0.0178	0.0275	0.0228	0.0047	0.0260	0.0129	0.0131	0.0000	0.0000	0.0000	0.0000	0.0000	0.0000	0.0000	0.0000	0.0000	0.0000	0.0000	0.0000	0.0000	0.0000	0.0000	0.0000	0.0000	0.0000						
132	136	0.5671	11	1	1	0	2	0	0	0	0	N	N	N	Y	N	N	N	N	N	N	N	N	0.0000	0.0000	0.0000	0.0000	0.0000	0.0000	0.0000	0.0000	0.0000	0.0000	0.0000	0.0000	0.0000	0.0000	0.0000	0.0000	0.0000	0.0000	0.0000	0.0000	0.0000	0.0000	0.0000	0.0000	0.3333	0.0000	-0.0000	1.0000	0.0433	3.0001	6.6805	0.0000	0.0000	0.0000	0.0000	0.0000	0.0000	0.0000	0.0000	0.0000	0.0000	0.0000	0.0000	0.0000	0.0000	0.0000	0.0000	0.0000	0.0000	0.0003	0.0003	0.0001	0.0001	0.0001	0.0000	0.0002	0.0002	0.0000	0.0270	0.0179	0.0091	0.0136	0.0112	0.0024	0.0134	0.0067	0.0067	0.0000	0.0000	0.0000	0.0000	0.0000	0.0000	0.0000	0.0000	0.0000	0.0000	0.0000	0.0000	0.0000	0.0000	0.0000	0.0000	0.0000	0.0000				
132	137	0.0617	5	1	2	0	2	0	0	0	0	N	Y	N	Y	N	N	N	N	N	N	N	N	0.0000	0.0000	0.0000	0.0000	0.0000	0.0000	0.0000	0.0000	0.0000	0.0000	0.0000	0.0000	0.0000	0.0000	0.0000	0.0000	0.0000	0.0000	0.0000	0.0000	1.0000	0.0000	3.0001	0.0000	0.0000	0.0000	0.0000	0.0000	0.0000	0.0000	0.0000	0.0000	0.0000	0.0000	0.0000	0.0000	0.0000	0.0000	0.0000	0.0000	0.0000	0.0000	0.0000	0.0000	0.0000	0.0000	0.0000	0.0000	0.0000	0.0000	0.0000	0.0000	0.0000	0.0000	0.0000	0.0000	0.0000	0.0000	0.0000	0.0000	0.0000	0.0000	0.0000	0.0000	0.0000	0.0000	0.0000	0.0000	0.0000	0.0000	0.0000	0.0000	0.0000	0.0000	0.0000	0.0000	0.0000	0.0000											
132	138	0.0567	4	1	2	0	2	0	0	0	0	N	Y	N	Y	N	N	N	N	N	N	N	N	0.0000	0.0000	0.0000	0.0000	0.0000	0.0000	0.0000	0.0000	0.0000	0.0000	0.0000	0.0000	0.0000	0.0000	0.0000	0.0000	0.0000	0.0000	0.0000	0.0000	1.0000	0.0021	3.0001	2.0000	0.0000	0.0000	0.0000	0.0000	0.0000	0.0000	0.0000	0.0000	0.0000	0.0000	0.0000	0.0000	0.0000	0.0000	0.0000	0.0000	0.0000	0.0000	0.0000	0.0000	0.0000	0.0000	0.0000	0.0000	0.0000	0.0000	0.0000	0.0110	0.0058	0.0052	0.0006	0.0005	0.0001	0.0104	0.0053	0.0051	0.0000	0.0000	0.0000	0.0000	0.0000	0.0000	0.0000	0.0000	0.0000	0.0000	0.0000	0.0000	0.0000	0.0000	0.0000	0.0000	0.0000	0.0000											
132	139	0.0465	3	1	1	0	2	0	0	0	0	N	N	N	Y	N	N	N	N	N	N	N	N	0.0000	0.0000	0.0000	0.0000	0.0000	0.0000	0.0000	0.0000	0.0000	0.0000	0.0000	0.0000	0.0000	0.0000	0.0000	0.0000	0.0000	0.0000	0.0000	0.0000	1.0000	1.0020	3.0001	3.0181	0.0000	0.0000	0.0000	0.0000	0.0000	0.0000	0.0000	0.0000	0.0000	0.0000	0.0000	0.0000	0.0000	0.0000	0.0000	0.0000	0.0000	0.0000	0.0068	0.0057	0.0011	0.0000	0.0000	0.0000	0.0068	0.0057	0.0011	0.0224	0.0117	0.0106	0.0011	0.0009	0.0002	0.0213	0.0109	0.0104	0.0000	0.0000	0.0000	0.0000	0.0000	0.0000	0.0000	0.0000	0.0000	0.0000	0.0000	0.0000	0.0000	0.0000	0.0000	0.0000	0.0000	0.0000											
132	141	0.5816	11	1	2	0	1	0	0	0	0	N	Y	N	N	N	N	N	N	N	N	N	N	0.0000	0.0000	0.0000	0.0000	0.0000	0.0000	0.0000	0.0000	0.0000	0.0000	0.0000	0.0000	0.0000	0.0000	0.0000	0.0000	0.0000	0.0000	0.0000	0.0000	0.0000	0.0000	inf	0.0000	0.0000	1.0000	1.0003	3.0001	5.0186	0.0000	0.0000	0.0000	0.0000	0.0000	0.0000	0.0000	0.0000	0.0000	0.0000	0.0000	0.0000	0.0000	0.0000	0.0000	0.0000	0.0000	0.0000	0.0065	0.0056	0.0009	0.0020	0.0018	0.0002	0.0046	0.0039	0.0007	0.0234	0.0157	0.0077	0.0122	0.0101	0.0021	0.0112	0.0056	0.0056	0.0000	0.0000	0.0000	0.0000	0.0000	0.0000	0.0000	0.0000	0.0000	0.0000	0.0000	0.0000	0.0000	0.0000	0.0000	0.0000	0.0000	0.0000						
132	142	0.0465	3	1	1	1	2	0	0	0	0	N	N	N	Y	N	N	N	N	N	N	N	N	0.0000	0.0000	0.0000	0.0000	0.0000	0.0000	0.0000	0.0000	0.0000	0.0000	0.0000	0.0000	0.0000	0.0000	0.0000	0.0000	0.0000	0.0000	0.0000	0.0000	1.0000	0.0001	3.0001	9.0026	0.0000	0.0000	0.0000	0.0000	0.0000	0.0000	0.0000	0.0000	0.0000	0.0000	0.0000	0.0000	0.0000	0.0000	0.0000	0.0000	0.0000	0.0000	0.0000	0.0000	0.0000	0.0000	0.0000	0.0000	0.0000	0.0000	0.0000	0.0490	0.0258	0.0232	0.0023	0.0019	0.0005	0.0466	0.0239	0.0227	0.0000	0.0000	0.0000	0.0000	0.0000	0.0000	0.0000	0.0000	0.0000	0.0000	0.0000	0.0000	0.0000	0.0000	0.0000	0.0000	0.0000	0.0000											
132	143	0.5671	11	1	1	1	2	0	0	0	0	N	N	N	Y	N	N	N	N	N	N	N	N	0.0000	0.0000	0.0000	0.0000	0.0000	0.0000	0.0000	0.0000	0.0000	0.0000	0.0000	0.0000	0.0000	0.0025	0.0038	0.0000	0.0050	0.0061	0.0000	0.0000	0.0000	0.0000	0.0000	0.0000	-0.0000	1.0000	2.0061	3.0001	8.0425	0.0000	0.0000	0.0000	0.0000	0.0000	0.0000	0.0000	0.0000	0.0000	0.0001	0.0001	0.0000	0.0001	0.0001	0.0000	0.0000	0.0000	0.0000	0.0130	0.0112	0.0018	0.0036	0.0033	0.0003	0.0094	0.0079	0.0015	0.0395	0.0261	0.0134	0.0199	0.0163	0.0036	0.0196	0.0098	0.0098	0.0000	0.0000	0.0000	0.0000	0.0000	0.0000	0.0000	0.0000	0.0000	0.0025	0.0038	0.0000	0.0050	0.0061	0.0000	0.0000	0.0000	0.0000						
132	144	0.5580	10	1	1	0	2	0	0	0	0	N	N	N	Y	N	N	N	N	N	N	N	N	0.0000	0.0000	0.0000	0.0000	0.0000	0.0000	0.0000	0.0000	0.0000	0.0000	0.0000	0.0000	0.0000	0.0020	0.0028	0.0000	0.0039	0.0045	0.0000	0.0000	0.0000	0.0000	0.0000	0.0000	-0.0000	1.0000	1.9550	3.0001	2.1189	0.0000	0.0000	0.0000	0.0000	0.0000	0.0000	0.0000	0.0000	0.0000	0.0001	0.0001	0.0000	0.0001	0.0001	0.0000	0.0000	0.0000	0.0000	0.0136	0.0117	0.0019	0.0045	0.0041	0.0005	0.0091	0.0076	0.0015	0.0253	0.0178	0.0075	0.0127	0.0112	0.0015	0.0126	0.0066	0.0060	0.0000	0.0000	0.0000	0.0000	0.0000	0.0000	0.0000	0.0000	0.0000	0.0020	0.0028	0.0000	0.0039	0.0045	0.0000	0.0000	0.0000	0.0000						
132	145	0.5580	10	1	1	1	2	0	0	0	0	N	N	N	Y	N	N	N	N	N	N	N	N	0.0000	0.0000	0.0000	0.0000	0.0000	0.0000	0.0000	0.0000	0.0000	0.0000	0.0000	0.0000	0.0000	0.0000	0.0000	17.8400	34.1340	0.0000	0.0000	0.0000	0.0000	23.2304	45.7024	0.0000	0.0000	0.0000	-0.4583	1.0000	2.1261	3.0001	18.6477	0.0000	0.0000	0.0000	0.0000	0.0000	0.0000	0.0000	0.0000	0.0000	1.0000	1.0000	0.0000	0.0000	0.0000	0.0000	1.0000	1.0000	0.0000	0.0147	0.0127	0.0021	0.0049	0.0044	0.0005	0.0099	0.0083	0.0016	0.0854	0.0573	0.0281	0.0424	0.0354	0.0069	0.0430	0.0219	0.0212	0.0000	0.0000	0.0000	0.0000	0.0000	0.0000	0.0000	0.0000	0.0000	11.7090	17.4543	0.0000	0.0000	0.0000	0.0000	23.2304	45.7024	0.0000				
132	146	0.0465	3	1	1	1	2	0	0	0	0	N	N	N	Y	N	N	N	N	N	N	N	N	0.0000	0.0000	0.0000	0.0000	0.0000	0.0000	0.0000	0.0000	0.0000	0.0000	0.0000	0.0000	0.0000	0.0000	0.0000	0.0000	0.0000	0.0000	0.0000	0.0000	1.0000	2.0001	3.0001	5.9880	0.0000	0.0000	0.0000	0.0000	0.0000	0.0000	0.0000	0.0000	0.0000	0.0000	0.0000	0.0000	0.0000	0.0000	0.0000	0.0000	0.0000	0.0000	0.0136	0.0114	0.0022	0.0000	0.0000	0.0000	0.0135	0.0114	0.0022	0.0437	0.0229	0.0207	0.0021	0.0017	0.0004	0.0416	0.0213	0.0203	0.0000	0.0000	0.0000	0.0000	0.0000	0.0000	0.0000	0.0000	0.0000	0.0000	0.0000	0.0000	0.0000	0.0000	0.0000	0.0000	0.0000	0.0000											
132	147	0.0465	3	1	1	1	2	0	0	0	0	N	N	N	Y	N	N	N	N	N	N	N	N	0.0000	0.0000	0.0000	0.0000	0.0000	0.0000	0.0000	0.0000	0.0000	0.0000	0.0000	0.0000	0.0000	0.0006	0.0012	0.0000	0.0134	0.0169	0.0000	0.0000	0.0000	0.0000	0.0000	0.0000	-0.0000	1.0000	9.0001	3.0001	23.0169	0.0000	0.0000	0.0000	0.0000	0.0000	0.0000	0.0000	0.0000	0.0000	0.0001	0.0001	0.0000	0.0001	0.0001	0.0000	0.0000	0.0000	0.0000	0.0591	0.0498	0.0093	0.0002	0.0002	0.0000	0.0589	0.0496	0.0093	0.1584	0.0839	0.0744	0.0074	0.0059	0.0015	0.1509	0.0780	0.0729	0.0000	0.0000	0.0000	0.0000	0.0000	0.0000	0.0000	0.0000	0.0000	0.0006	0.0012	0.0000	0.0134	0.0169	0.0000	0.0000	0.0000	0.0000						
132	148	0.0211	2	1	1	0	2	0	0	0	0	N	N	N	Y	N	N	N	N	N	N	N	N	0.0000	0.0000	0.0000	0.0000	0.0000	0.0000	0.0000	0.0000	0.0000	0.0000	0.0000	0.0000	0.0000	0.0000	0.0000	0.0000	0.0000	0.0000	0.0000	0.0000	0.0000	0.0000	0.0000	0.0000	inf	0.0000	0.0000	1.0000	1.9990	3.0001	7.9526	0.0000	0.0000	0.0000	0.0000	0.0000	0.0000	0.0000	0.0000	0.0000	0.0000	0.0000	0.0000	0.0000	0.0000	0.0000	0.0000	0.0000	0.0000	0.0136	0.0114	0.0022	0.0000	0.0000	0.0000	0.0136	0.0114	0.0022	0.0597	0.0320	0.0277	0.0035	0.0033	0.0002	0.0562	0.0287	0.0275	0.0000	0.0000	0.0000	0.0000	0.0000	0.0000	0.0000	0.0000	0.0000	0.0000	0.0000	0.0000	0.0000	0.0000	0.0000	0.0000	0.0000	0.0000				
132	149	0.0531	3	2	2	0	1	0	0	0	0	Y	Y	N	N	N	N	N	N	N	N	N	N	0.0000	0.0000	0.0000	0.0000	0.0000	0.0000	0.0000	0.0000	0.0000	0.0000	0.0000	0.0000	0.0000	0.0000	0.0000	0.0000	0.0000	0.0000	0.0000	0.0000	0.0000	0.0000	inf	0.0000	0.0000	1.0000	5.3497	3.0001	17.2225	0.0000	0.0000	0.0000	0.0000	0.0000	0.0000	0.0000	0.0000	0.0000	0.0000	0.0000	0.0000	0.0000	0.0000	0.0000	0.0000	0.0000	0.0000	0.0417	0.0353	0.0063	0.0040	0.0039	0.0001	0.0377	0.0314	0.0063	0.1323	0.0755	0.0568	0.0148	0.0135	0.0013	0.1175	0.0620	0.0555	0.0000	0.0000	0.0000	0.0000	0.0000	0.0000	0.0000	0.0000	0.0000	0.0000	0.0000	0.0000	0.0000	0.0000	0.0000	0.0000	0.0000	0.0000						
132	150	0.0839	4	1	2	0	1	0	0	0	0	N	Y	N	N	N	N	N	N	N	N	N	N	0.0000	0.0000	0.0000	0.0000	0.0000	0.0000	0.0000	0.0000	0.0000	0.0000	0.0000	0.0000	0.0000	0.0000	0.0000	0.0000	0.0000	0.0079	0.0132	0.0000	0.0377	0.0419	0.0001	0.0000	0.0000	0.0000	0.0004	0.0000	-0.0005	1.0000	3.6794	3.0001	17.4287	0.0000	0.0000	0.0000	0.0000	0.0000	0.0000	0.0000	0.0000	0.0000	0.0011	0.0010	0.0000	0.0011	0.0010	0.0000	0.0000	0.0000	0.0000	0.0383	0.0331	0.0052	0.0089	0.0086	0.0003	0.0294	0.0246	0.0048	0.1324	0.0795	0.0528	0.0279	0.0250	0.0028	0.1045	0.0545	0.0500	0.0000	0.0000	0.0000	0.0000	0.0000	0.0000	0.0000	0.0000	0.0000	0.0079	0.0132	0.0000	0.0377	0.0419	0.0001	0.0000	0.0000	0.0000		
132	151	0.0531	3	1	2	0	1	0	0	0	0	N	Y	N	N	N	N	N	N	N	N	N	N	0.0000	0.0000	0.0000	0.0000	0.0000	0.0000	0.0000	0.0000	0.0000	0.0000	0.0000	0.0000	0.0000	0.0000	0.0000	0.0000	0.0000	0.0000	0.0116	0.0104	0.0132	0.0000	0.0000	0.0000	0.0136	0.0136	0.0135	0.8744	0.0000	0.0000	1.0000	3.4464	3.0001	10.1316	0.0000	0.0000	0.0000	0.0000	0.0000	0.0000	0.0000	0.0000	0.0000	0.0011	0.0006	0.0005	0.0000	0.0000	0.0000	0.0010	0.0006	0.0005	0.0293	0.0249	0.0044	0.0037	0.0037	0.0001	0.0256	0.0212	0.0044	0.0908	0.0537	0.0370	0.0133	0.0125	0.0008	0.0774	0.0413	0.0362	0.0000	0.0000	0.0000	0.0000	0.0000	0.0000	0.0000	0.0000	0.0000	0.0116	0.0104	0.0132	0.0000	0.0000	0.0000	0.0136	0.0136	0.0135	
132	152	0.5884	13	2	2	0	1	0	0	0	0	Y	Y	N	N	N	N	N	N	N	N	N	N	0.0000	0.0000	0.0000	0.0000	0.0000	0.0000	0.0000	0.0000	0.0000	0.0000	0.0000	0.0000	0.0000	0.0000	0.0000	0.0000	0.0000	0.0000	0.0000	0.0000	1.0000	1.0143	3.0001	12.0086	0.0000	0.0000	0.0000	0.0000	0.0000	0.0000	0.0000	0.0000	0.0000	0.0000	0.0000	0.0000	0.0000	0.0000	0.0000	0.0000	0.0000	0.0000	0.0068	0.0058	0.0009	0.0021	0.0019	0.0002	0.0047	0.0039	0.0007	0.0487	0.0325	0.0162	0.0253	0.0208	0.0045	0.0234	0.0117	0.0117	0.0000	0.0000	0.0000	0.0000	0.0000	0.0000	0.0000	0.0000	0.0000	0.0000	0.0000	0.0000	0.0000	0.0000	0.0000	0.0000	0.0000	0.0000											
132	153	0.5862	12	2	2	0	1	0	0	0	0	Y	Y	N	N	N	N	N	N	N	N	N	N	0.0000	0.0000	0.0000	0.0000	0.0000	0.0000	0.0000	0.0000	0.0000	0.0000	0.0000	0.0000	0.0000	0.0000	0.0000	0.0000	0.0000	0.0000	0.0000	0.0000	1.0000	0.9811	3.0001	0.0216	0.0000	0.0000	0.0000	0.0000	0.0000	0.0000	0.0000	0.0000	0.0000	0.0000	0.0000	0.0000	0.0000	0.0000	0.0000	0.0000	0.0000	0.0000	0.0065	0.0056	0.0009	0.0019	0.0018	0.0002	0.0045	0.0038	0.0007	0.0040	0.0027	0.0013	0.0021	0.0017	0.0004	0.0019	0.0009	0.0010	0.0000	0.0000	0.0000	0.0000	0.0000	0.0000	0.0000	0.0000	0.0000	0.0000	0.0000	0.0000	0.0000	0.0000	0.0000	0.0000	0.0000	0.0000											
132	154	0.5816	11	2	2	0	1	0	0	0	0	Y	Y	N	N	N	N	N	N	N	N	N	N	0.0000	0.0000	0.0000	0.0000	0.0000	0.0000	0.0000	0.0000	0.0000	0.0000	0.0000	0.0000	0.0000	0.0000	0.0000	0.0000	0.0000	0.0000	0.0000	0.0000	0.0000	0.0000	inf	0.0000	0.0000	1.0000	0.0083	3.0001	2.0001	0.0000	0.0000	0.0000	0.0000	0.0000	0.0000	0.0000	0.0000	0.0000	0.0000	0.0000	0.0000	0.0000	0.0000	0.0000	0.0000	0.0000	0.0000	0.0001	0.0001	0.0000	0.0000	0.0000	0.0000	0.0000	0.0000	0.0000	0.0081	0.0055	0.0027	0.0043	0.0035	0.0007	0.0039	0.0019	0.0020	0.0000	0.0000	0.0000	0.0000	0.0000	0.0000	0.0000	0.0000	0.0000	0.0000	0.0000	0.0000	0.0000	0.0000	0.0000	0.0000	0.0000	0.0000						
132	155	0.5580	10	1	2	0	1	0	0	0	0	N	Y	N	N	N	N	N	N	N	N	N	N	0.0000	0.0000	0.0000	0.0000	0.0000	0.0000	0.0000	0.0000	0.0000	0.0000	0.0000	0.0000	0.0000	0.0010	0.0015	0.0000	0.0021	0.0024	0.0000	0.0000	0.0000	0.0000	0.0000	0.0000	-0.0000	1.0000	2.9180	3.0001	7.4065	0.0000	0.0000	0.0000	0.0000	0.0000	0.0000	0.0000	0.0000	0.0000	0.0001	0.0001	0.0000	0.0001	0.0001	0.0000	0.0000	0.0000	0.0000	0.0198	0.0170	0.0028	0.0063	0.0057	0.0006	0.0135	0.0113	0.0022	0.0487	0.0332	0.0155	0.0243	0.0207	0.0036	0.0244	0.0125	0.0119	0.0000	0.0000	0.0000	0.0000	0.0000	0.0000	0.0000	0.0000	0.0000	0.0010	0.0015	0.0000	0.0021	0.0024	0.0000	0.0000	0.0000	0.0000						
132	156	0.4921	9	1	1	0	1	0	0	0	0	N	N	N	N	N	N	N	N	N	N	N	N	11429.8245	8938.9672	0.0000	25660.6226	23036.6097	0.0000	0.0000	0.0000	0.0000	10.8354	12.2812	0.0000	29.6666	31.4813	0.0000	0.0000	0.0000	0.0000	0.0009	0.0014	0.0000	0.0012	0.0014	0.0000	0.0007	0.0014	0.0000	0.0000	0.0011	-0.3920	-0.0001	1.0000	8.2479	3.0001	19.7214	0.8887	0.8887	0.0000	0.8887	0.8887	0.0000	0.0000	0.0000	0.0000	0.0001	0.0001	0.0000	0.0001	0.0001	0.0000	0.0001	0.0000	0.0000	0.0820	0.0724	0.0097	0.0300	0.0282	0.0017	0.0521	0.0441	0.0079	0.1478	0.1019	0.0459	0.0780	0.0659	0.0121	0.0699	0.0360	0.0338	11429.8245	8938.9672	0.0000	25660.6226	23036.6097	0.0000	0.0000	0.0000	0.0000	0.0009	0.0014	0.0000	0.0012	0.0014	0.0000	0.0007	0.0014	0.0000
132	157	0.4560	8	1	1	0	1	0	0	0	0	N	N	N	N	N	N	N	N	N	N	N	N	1754.0041	1786.9014	18.0465	2379.3039	2134.2462	6238.1612	1733.4513	3241.4535	1.6809	3.3506	3.8574	0.0243	5.5502	5.9901	0.1256	2.3950	2.8406	0.0033	0.0019	0.0022	0.0013	0.0023	0.0028	0.0000	0.0014	0.0009	0.0019	0.0010	0.2744	-0.0872	-0.0001	1.0000	7.4725	3.0001	14.3153	0.1982	0.1980	0.0002	0.0994	0.0993	0.0002	0.0988	0.0987	0.0000	0.0003	0.0002	0.0001	0.0002	0.0002	0.0000	0.0001	0.0000	0.0001	0.0592	0.0513	0.0078	0.0179	0.0166	0.0013	0.0412	0.0348	0.0065	0.1469	0.1020	0.0449	0.0816	0.0677	0.0139	0.0652	0.0342	0.0310	1754.0041	1786.9014	18.0465	2379.3039	2134.2462	6238.1612	1733.4513	3241.4535	1.6809	0.0019	0.0022	0.0013	0.0023	0.0028	0.0000	0.0014	0.0009	0.0019
132	158	0.3905	7	1	1	0	1	0	0	0	0	N	N	N	N	N	N	N	N	N	N	N	N	5560.6362	6838.5841	8.9985	14731.5909	13284.8604	1034.6724	2735.7244	4691.2491	5.2074	9.2079	10.5737	0.0171	21.3118	22.6740	0.0464	5.1141	6.0340	0.0132	0.0017	0.0015	0.0019	0.0014	0.0017	0.0000	0.0019	0.0013	0.0025	0.0002	0.5541	-0.3550	-0.0000	1.0000	11.6653	3.0001	19.4910	0.8053	0.8051	0.0002	0.4711	0.4710	0.0001	0.3342	0.3341	0.0001	0.0003	0.0002	0.0001	0.0002	0.0002	0.0000	0.0002	0.0001	0.0001	0.0875	0.0761	0.0113	0.0221	0.0208	0.0013	0.0654	0.0554	0.0100	0.2068	0.1425	0.0643	0.1045	0.0881	0.0163	0.1024	0.0544	0.0480	5560.6362	6838.5841	8.9985	14731.5909	13284.8604	1034.6724	2735.7244	4691.2491	5.2074	0.0017	0.0015	0.0019	0.0014	0.0017	0.0000	0.0019	0.0013	0.0025
132	159	0.3432	6	1	1	0	1	0	0	0	0	N	N	N	N	N	N	N	N	N	N	N	N	3537.5457	1009.9247	29809.3500	30.9521	22.9306	2907.1271	8314.8059	5699.2998	26072.6893	9.3463	3.0194	56.4165	0.1131	0.0981	0.4142	13.2523	4.4022	63.9676	0.0026	0.0030	0.0019	0.0037	0.0043	0.0001	0.0016	0.0008	0.0025	2.5114	0.2937	0.1710	-0.0001	1.0000	7.3933	3.0001	20.5306	0.6239	0.1777	0.4463	0.0022	0.0019	0.0004	0.6217	0.1758	0.4459	0.0005	0.0004	0.0001	0.0004	0.0004	0.0000	0.0002	0.0000	0.0001	0.0668	0.0588	0.0079	0.0198	0.0189	0.0009	0.0469	0.0399	0.0070	0.2066	0.1411	0.0655	0.1051	0.0892	0.0159	0.1015	0.0519	0.0496	3537.5457	1009.9247	29809.3500	30.9521	22.9306	2907.1271	8314.8059	5699.2998	26072.6893	0.0026	0.0030	0.0019	0.0037	0.0043	0.0001	0.0016	0.0008	0.0025
132	160	0.1071	5	1	1	0	1	0	0	0	0	N	N	N	N	N	N	N	N	N	N	N	N	18.3107	8.4854	63.0448	0.0000	0.0000	17.9683	8.4371	62.4592	0.0228	0.0065	0.1172	0.0000	0.0000	0.0000	0.0243	0.0069	0.1207	0.0012	0.0008	0.0019	0.0004	0.0005	0.0000	0.0014	0.0008	0.0019	3.1494	1.9366	0.0011	0.0001	1.0000	27.6416	3.0001	54.6365	0.0036	0.0009	0.0027	0.0000	0.0000	0.0000	0.0036	0.0009	0.0027	0.0004	0.0001	0.0003	0.0000	0.0000	0.0000	0.0004	0.0001	0.0003	0.1582	0.1349	0.0234	0.0097	0.0090	0.0007	0.1485	0.1259	0.0227	0.3165	0.1766	0.1399	0.0355	0.0301	0.0053	0.2810	0.1465	0.1345	18.3107	8.4854	63.0448	0.0000	0.0000	0.0000	17.9683	8.4371	62.4592	0.0012	0.0008	0.0019	0.0004	0.0005	0.0000	0.0014	0.0008	0.0019	
132	161	0.0178	3	2	2	0	1	0	0	0	0	Y	Y	N	N	N	N	N	N	N	N	N	N	0.0000	0.0000	0.0000	0.0000	0.0000	0.0000	0.0000	0.0000	0.0000	0.0000	0.0000	0.0000	0.0000	0.0000	0.0000	0.0000	0.0000	0.0001	0.0001	0.0000	0.0046	0.0000	0.0000	0.0001	inf	0.0000	0.0000	1.0000	0.0002	3.0001	3.0099	0.0000	0.0000	0.0000	0.0000	0.0000	0.0000	0.0000	0.0000	0.0000	0.0000	0.0000	0.0000	0.0000	0.0000	0.0000	0.0000	0.0000	0.0000	0.0000	0.0000	0.0000	0.0000	0.0000	0.0000	0.0000	0.0000	0.0000	0.0172	0.0090	0.0082	0.0002	0.0002	0.0000	0.0169	0.0087	0.0082	0.0000	0.0000	0.0000	0.0000	0.0000	0.0000	0.0000	0.0000	0.0000	0.0000	0.0000	0.0001	0.0001	0.0000	0.0046	0.0000	0.0000	0.0001				
132	162	0.0102	2	2	2	0	1	0	0	0	0	Y	Y	N	N	N	N	N	N	N	N	N	N	0.0000	0.0000	0.0000	0.0000	0.0000	0.0000	0.0000	0.0000	0.0000	0.0000	0.0000	0.0000	0.0000	0.0000	0.0000	0.0000	0.0000	0.0001	0.0000	0.0793	0.0799	0.0000	0.0000	0.0000	0.0000	0.0495	0.0000	-0.0000	1.0000	0.9998	3.0001	2.0118	0.0000	0.0000	0.0000	0.0000	0.0000	0.0000	0.0000	0.0000	0.0000	0.0000	0.0000	0.0000	0.0000	0.0000	0.0000	0.0000	0.0000	0.0000	0.0068	0.0057	0.0011	0.0000	0.0000	0.0000	0.0068	0.0057	0.0011	0.0168	0.0086	0.0082	0.0000	0.0000	0.0000	0.0168	0.0086	0.0082	0.0000	0.0000	0.0000	0.0000	0.0000	0.0000	0.0000	0.0000	0.0000	0.0000	0.0001	0.0000	0.0793	0.0799	0.0000	0.0000	0.0000	0.0000			
133	135	0.0728	6	1	2	0	2	0	0	0	0	N	Y	N	Y	N	N	N	N	N	N	N	N	19.4239	0.0000	inf	12.0847	0.0000	inf	0.0000	0.0000	0.0276	0.0000	0.2104	0.1051	0.0000	0.9633	0.0000	0.0000	0.0000	0.0014	0.0024	0.0000	0.0087	0.0094	0.0000	0.0000	0.0000	0.0000	inf	0.0000	0.0000	-0.0000	0.0006	3.0348	1.9797	9.3583	0.0000	0.0000	0.0000	0.0000	0.0000	0.0000	0.0000	0.0000	0.0000	0.0001	0.0001	0.0000	0.0001	0.0001	0.0000	0.0000	0.0000	0.0000	0.0000	0.0000	0.0000	0.0000	0.0000	0.0000	0.0000	0.0000	0.0000	0.0394	0.0238	0.0157	0.0064	0.0060	0.0005	0.0330	0.0178	0.0152	19.4239	0.0000	inf	12.0847	0.0000	inf	0.0000	0.0000	0.0000	0.0014	0.0024	0.0000	0.0087	0.0094	0.0000	0.0000	0.0000	0.0000	
133	136	0.0585	5	1	1	0	2	0	0	0	0	N	N	N	Y	N	N	N	N	N	N	N	N	15.5352	10.1228	0.0000	5.5522	5.2135	0.0000	0.0000	0.0000	0.0000	1.9366	2.1845	0.0000	6.7607	7.0543	0.0000	0.0000	0.0000	0.0000	0.1247	0.2158	0.0012	1.2177	1.3531	0.0000	0.0028	0.0041	0.0012	0.0000	0.0040	-0.0000	-0.0011	0.0006	0.0433	1.9797	6.6805	0.0000	0.0000	0.0000	0.0000	0.0000	0.0000	0.0000	0.0000	0.0000	0.0024	0.0024	0.0000	0.0024	0.0024	0.0000	0.0000	0.0000	0.0000	0.0000	0.0000	0.0000	0.0000	0.0000	0.0000	0.0000	0.0000	0.0000	0.0196	0.0113	0.0083	0.0020	0.0018	0.0002	0.0176	0.0095	0.0081	15.5352	10.1228	0.0000	5.5522	5.2135	0.0000	0.0000	0.0000	0.0000	0.1247	0.2158	0.0012	1.2177	1.3531	0.0000	0.0028	0.0041	0.0012
133	137	0.6269	15	1	2	0	2	0	0	0	0	N	Y	N	Y	N	N	N	N	N	N	N	N	0.0000	0.0000	0.0000	0.0000	0.0000	0.0000	0.0000	0.0000	0.0000	0.0000	0.0000	0.0000	0.0000	0.0000	0.0000	0.0000	0.0000	0.0000	0.0000	0.0000	0.0006	0.0000	1.9797	0.0000	0.0000	0.0000	0.0000	0.0000	0.0000	0.0000	0.0000	0.0000	0.0000	0.0000	0.0000	0.0000	0.0000	0.0000	0.0000	0.0000	0.0000	0.0000	0.0000	0.0000	0.0000	0.0000	0.0000	0.0000	0.0000	0.0000	0.0000	0.0000	0.0000	0.0000	0.0000	0.0000	0.0000	0.0000	0.0000	0.0000	0.0000	0.0000	0.0000	0.0000	0.0000	0.0000	0.0000	0.0000	0.0000	0.0000	0.0000	0.0000	0.0000	0.0000	0.0000	0.0000	0.0000	0.0000											
133	138	0.6218	14	1	2	0	2	0	0	0	0	N	Y	N	Y	N	N	N	N	N	N	N	N	inf	inf	inf	inf	0.2069	0.2087	0.0000	0.2116	0.2127	0.0000	0.0000	0.0000	0.0000	0.0000	0.0000	0.0000	0.0000	0.0000	0.0000	0.0000	0.0000	0.0000	0.0000	-0.0000	0.0000	0.0006	0.0021	1.9797	2.0000	0.0000	0.0000	0.0000	0.0000	0.0000	0.0000	0.0000	0.0000	0.0000	0.0000	0.0000	0.0000	0.0000	0.0000	0.0000	0.0000	0.0000	0.0000	0.0000	0.0000	0.0000	0.0000	0.0000	0.0000	0.0000	0.0000	0.0000	0.0044	0.0030	0.0014	0.0023	0.0020	0.0004	0.0020	0.0010	0.0010	inf	inf	0.0000	inf	inf	0.0000	0.0000	0.0000	0.0000	0.0000	0.0000	0.0000	0.0000	0.0000	0.0000	0.0000	0.0000	0.0000						
133	139	0.6116	13	1	1	0	2	0	0	0	0	N	N	N	Y	N	N	N	N	N	N	N	N	502.0693	inf	0.0000	inf	inf	0.0000	0.0000	0.0061	0.0068	0.0000	0.0084	0.0092	0.0000	0.0000	0.0000	0.0000	0.0000	0.0000	0.0000	0.0000	0.0000	0.0000	0.0000	0.0000	0.0001	0.0000	inf	-0.0000	0.0000	0.0006	1.0020	1.9797	3.0181	0.0000	0.0000	0.0000	0.0000	0.0000	0.0000	0.0000	0.0000	0.0000	0.0000	0.0000	0.0000	0.0000	0.0000	0.0000	0.0000	0.0000	0.0000	0.0000	0.0000	0.0000	0.0000	0.0000	0.0000	0.0000	0.0000	0.0000	0.0085	0.0058	0.0027	0.0045	0.0038	0.0007	0.0041	0.0020	0.0020	502.0693	inf	0.0000	inf	inf	0.0000	0.0000	0.0000	0.0000	0.0000	0.0000	0.0000	0.0000	0.0000	0.0000	0.0000	0.0000	0.0001		
133	140	0.5972	13	1	2	0	1	0	0	0	0	N	Y	N	N	N	N	N	N	N	N	N	N	0.0000	0.0000	0.0000	0.0000	0.0000	0.0000	0.0000	0.0000	0.0000	0.0000	0.0000	0.0000	0.0000	0.0000	0.0000	0.0000	0.0000	0.0000	0.0000	0.0000	0.0006	0.0000	1.9797	4.0001	0.0000	0.0000	0.0000	0.0000	0.0000	0.0000	0.0000	0.0000	0.0000	0.0000	0.0000	0.0000	0.0000	0.0000	0.0000	0.0000	0.0000	0.0000	0.0000	0.0000	0.0000	0.0000	0.0000	0.0000	0.0000	0.0000	0.0000	0.0085	0.0058	0.0027	0.0045	0.0038	0.0007	0.0040	0.0020	0.0020	0.0000	0.0000	0.0000	0.0000	0.0000	0.0000	0.0000	0.0000	0.0000	0.0000	0.0000	0.0000	0.0000	0.0000	0.0000	0.0000	0.0000	0.0000											
133	141	0.0258	3	1	2	0	1	0	0	0	0	N	Y	N	N	N	N	N	N	N	N	N	N	0.0000	0.0000	0.0000	0.0000	0.0000	0.0000	0.0000	0.0000	0.0000	0.0000	0.0000	0.0000	0.0000	0.0000	0.0001	0.0000	0.0007	0.0007	0.0000	0.0000	0.0000	0.0000	0.0000	0.0000	-0.0000	0.0006	1.0003	1.9797	5.0186	0.0000	0.0000	0.0000	0.0000	0.0000	0.0000	0.0000	0.0000	0.0000	0.0000	0.0000	0.0000	0.0000	0.0000	0.0000	0.0000	0.0000	0.0000	0.0000	0.0000	0.0000	0.0000	0.0000	0.0000	0.0000	0.0000	0.0000	0.0185	0.0103	0.0082	0.0010	0.0010	0.0000	0.0175	0.0093	0.0082	0.0000	0.0000	0.0000	0.0000	0.0000	0.0000	0.0000	0.0000	0.0000	0.0000	0.0001	0.0000	0.0007	0.0007	0.0000	0.0000	0.0000	0.0000						
133	142	0.6116	13	1	1	1	2	0	0	0	0	N	N	N	Y	N	N	N	N	N	N	N	N	0.0000	0.0000	0.0000	0.0000	0.0000	0.0000	0.0000	0.0000	0.0000	0.0000	0.0000	0.0000	0.0000	0.0064	0.0094	0.0000	0.0123	0.0145	0.0000	0.0000	0.0000	0.0000	0.0000	0.0000	-0.0001	0.0006	0.0001	1.9797	9.0026	0.0000	0.0000	0.0000	0.0000	0.0000	0.0000	0.0000	0.0000	0.0000	0.0001	0.0001	0.0000	0.0001	0.0001	0.0000	0.0000	0.0000	0.0000	0.0000	0.0000	0.0000	0.0000	0.0000	0.0000	0.0000	0.0000	0.0000	0.0187	0.0128	0.0060	0.0098	0.0083	0.0015	0.0089	0.0045	0.0045	0.0000	0.0000	0.0000	0.0000	0.0000	0.0000	0.0000	0.0000	0.0000	0.0064	0.0094	0.0000	0.0123	0.0145	0.0000	0.0000	0.0000	0.0000						
133	143	0.0585	5	1	1	1	2	0	0	0	0	N	N	N	Y	N	N	N	N	N	N	N	N	0.0000	0.0000	0.0000	0.0000	0.0000	0.0000	0.0000	0.0000	0.0000	0.0000	0.0000	0.0000	0.0000	0.0000	0.0000	0.0000	0.0000	0.0000	0.0000	0.0000	0.0001	0.0000	0.0000	0.0000	0.0000	0.1899	0.0000	-0.0000	0.0006	2.0061	1.9797	8.0425	0.0000	0.0000	0.0000	0.0000	0.0000	0.0000	0.0000	0.0000	0.0000	0.0000	0.0000	0.0000	0.0000	0.0000	0.0000	0.0000	0.0000	0.0000	0.0000	0.0000	0.0000	0.0000	0.0000	0.0000	0.0000	0.0000	0.0000	0.0287	0.0164	0.0122	0.0028	0.0025	0.0003	0.0259	0.0139	0.0119	0.0000	0.0000	0.0000	0.0000	0.0000	0.0000	0.0000	0.0000	0.0000	0.0000	0.0000	0.0000	0.0000	0.0001	0.0000	0.0000	0.0000	0.0000			
133	144	0.0494	4	1	1	0	2	0	0	0	0	N	N	N	Y	N	N	N	N	N	N	N	N	0.0000	0.0000	0.0000	0.0000	0.0000	0.0000	0.0000	0.0000	0.0000	0.0000	0.0000	0.0000	0.0000	0.0000	0.0000	0.0000	0.0000	0.0010	0.0016	0.0000	0.0046	0.0047	0.0000	0.0000	0.0000	0.0000	0.0066	0.0000	-0.0000	0.0006	1.9550	1.9797	2.1189	0.0000	0.0000	0.0000	0.0000	0.0000	0.0000	0.0000	0.0000	0.0000	0.0000	0.0000	0.0000	0.0000	0.0000	0.0000	0.0000	0.0000	0.0000	0.0000	0.0000	0.0000	0.0000	0.0000	0.0000	0.0000	0.0000	0.0000	0.0183	0.0122	0.0061	0.0042	0.0040	0.0001	0.0141	0.0081	0.0060	0.0000	0.0000	0.0000	0.0000	0.0000	0.0000	0.0000	0.0000	0.0000	0.0010	0.0016	0.0000	0.0046	0.0047	0.0000	0.0000	0.0000	0.0000		
133	145	0.0494	4	1	1	1	2	0	0	0	0	N	N	N	Y	N	N	N	N	N	N	N	N	0.0000	0.0000	0.0000	0.0000	0.0000	0.0000	0.0000	0.0000	0.0000	0.0000	0.0000	0.0000	0.0000	0.0000	0.0000	0.0000	0.0000	0.0396	0.0003	0.0973	0.0065	0.0014	0.0851	0.0442	0.0000	0.0975	251.6817	0.0000	0.0013	0.0006	2.1261	1.9797	18.6477	0.0000	0.0000	0.0000	0.0000	0.0000	0.0000	0.0000	0.0000	0.0000	0.0025	0.0000	0.0025	0.0000	0.0000	0.0000	0.0024	0.0000	0.0024	0.0000	0.0000	0.0000	0.0000	0.0000	0.0000	0.0000	0.0000	0.0000	0.0624	0.0371	0.0253	0.0076	0.0072	0.0005	0.0548	0.0299	0.0248	0.0000	0.0000	0.0000	0.0000	0.0000	0.0000	0.0000	0.0000	0.0000	0.0396	0.0003	0.0973	0.0065	0.0014	0.0851	0.0442	0.0000	0.0975		
133	146	0.6116	13	1	1	1	2	0	0	0	0	N	N	N	Y	N	N	N	N	N	N	N	N	0.0000	0.0000	0.0000	0.0000	0.0000	0.0000	0.0000	0.0000	0.0000	0.0000	0.0000	0.0000	0.0000	0.0000	0.0000	0.0000	0.0000	0.0000	0.0000	0.0000	0.0000	0.0000	inf	0.0000	0.0000	0.0006	2.0001	1.9797	5.9880	0.0000	0.0000	0.0000	0.0000	0.0000	0.0000	0.0000	0.0000	0.0000	0.0000	0.0000	0.0000	0.0000	0.0000	0.0000	0.0000	0.0000	0.0000	0.0000	0.0000	0.0000	0.0000	0.0000	0.0000	0.0000	0.0000	0.0000	0.0167	0.0114	0.0053	0.0087	0.0074	0.0013	0.0080	0.0040	0.0040	0.0000	0.0000	0.0000	0.0000	0.0000	0.0000	0.0000	0.0000	0.0000	0.0000	0.0000	0.0000	0.0000	0.0000	0.0000	0.0000	0.0000	0.0000						
133	147	0.6116	13	1	1	1	2	0	0	0	0	N	N	N	Y	N	N	N	N	N	N	N	N	0.0000	0.0000	0.0000	0.0000	0.0000	0.0000	0.0000	0.0000	0.0000	0.0000	0.0000	0.0000	0.0000	0.0000	0.0000	0.0000	29.0355	45.0366	0.0000	227.5184	275.8868	0.0000	0.0000	0.0000	0.0000	0.0000	0.0000	-0.4482	0.0006	9.0001	1.9797	23.0169	0.0000	0.0000	0.0000	0.0000	0.0000	0.0000	0.0000	0.0000	0.0000	0.9778	0.9778	0.0000	0.9778	0.9778	0.0000	0.0000	0.0000	0.0000	0.0001	0.0001	0.0000	0.0001	0.0001	0.0000	0.0000	0.0000	0.0000	0.0612	0.0416	0.0196	0.0315	0.0266	0.0049	0.0297	0.0150	0.0147	0.0000	0.0000	0.0000	0.0000	0.0000	0.0000	0.0000	0.0000	0.0000	15.9708	23.4816	0.0000	31.0487	36.7357	0.0000	0.0000	0.0000	0.0000			
133	148	0.5862	12	1	1	0	2	0	0	0	0	N	N	N	Y	N	N	N	N	N	N	N	N	0.0000	0.0000	0.0000	0.0000	0.0000	0.0000	0.0000	0.0000	0.0000	0.0000	0.0000	0.0000	0.0000	0.0000	0.0000	0.0000	0.0000	0.0057	0.0000	0.0177	0.0008	0.0000	0.0053	0.0111	0.0000	0.0219	6801.5899	0.0000	0.0001	0.0006	1.9990	1.9797	7.9526	0.0000	0.0000	0.0000	0.0000	0.0000	0.0000	0.0000	0.0000	0.0000	0.0001	0.0000	0.0001	0.0000	0.0000	0.0000	0.0001	0.0000	0.0001	0.0000	0.0000	0.0000	0.0000	0.0000	0.0000	0.0000	0.0000	0.0000	0.0228	0.0155	0.0073	0.0121	0.0102	0.0018	0.0107	0.0053	0.0055	0.0000	0.0000	0.0000	0.0000	0.0000	0.0000	0.0000	0.0000	0.0000	0.0057	0.0000	0.0177	0.0008	0.0000	0.0053	0.0111	0.0000	0.0219		
133	149	0.5543	11	2	2	0	1	0	0	0	0	Y	Y	N	N	N	N	N	N	N	N	N	N	0.0000	inf	0.0000	0.0216	inf	0.0000	0.0000	0.0000	0.0001	0.0001	0.0000	0.0001	0.0001	0.0000	0.0000	0.0000	0.0000	32.6040	0.0000	193.2717	0.0062	0.0000	0.0407	40.4451	0.0000	217.2388	0.0000	inf	-0.0000	0.5377	0.0006	5.3497	1.9797	17.2225	0.0000	0.0000	0.0000	0.0000	0.0000	0.0000	0.0000	0.0000	0.0000	0.9927	0.0000	0.9927	0.0002	0.0000	0.0002	0.9925	0.0000	0.9925	0.0001	0.0000	0.0000	0.0000	0.0000	0.0000	0.0000	0.0000	0.0000	0.0519	0.0357	0.0162	0.0273	0.0232	0.0042	0.0245	0.0125	0.0120	0.0000	inf	0.0000	0.0216	inf	0.0000	0.0000	0.0000	0.0000	19.1339	0.0000	61.2986	0.0062	0.0000	0.0407	40.4451	0.0000	82.5056	
133	150	0.5851	12	1	2	0	1	0	0	0	0	N	Y	N	N	N	N	N	N	N	N	N	N	12.4140	0.0000	20.7928	12.6575	0.0000	9.2855	0.0164	0.0000	0.4290	0.6498	0.0000	2.7134	0.8786	0.0000	2.7682	0.0005	0.0000	0.0276	0.0523	0.0195	0.1305	0.0694	0.0289	0.2981	0.0308	0.0000	0.0642	inf	2.8222	0.0002	0.0009	0.0006	3.6794	1.9797	17.4287	0.0003	0.0000	0.0003	0.0003	0.0000	0.0003	0.0000	0.0000	0.0000	0.0034	0.0009	0.0025	0.0025	0.0009	0.0016	0.0009	0.0000	0.0009	0.0005	0.0004	0.0001	0.0004	0.0003	0.0001	0.0001	0.0001	0.0000	0.0645	0.0454	0.0191	0.0360	0.0306	0.0054	0.0285	0.0149	0.0137	12.4140	0.0000	20.7928	12.6575	0.0000	9.2855	0.0164	0.0000	0.4290	0.0523	0.0195	0.1305	0.0694	0.0289	0.2981	0.0308	0.0000	0.0642
133	151	0.5543	11	1	2	0	1	0	0	0	0	N	Y	N	N	N	N	N	N	N	N	N	N	49.5415	0.2010	4731.4218	51.9817	0.2431	25058.4402	0.0000	0.0000	0.0000	4.9947	0.0283	44.5734	7.2180	0.0396	86.6743	0.0000	0.0000	0.0000	0.1008	0.1406	0.0094	0.1389	0.1628	0.0035	0.0557	0.0973	0.0116	197.8909	0.0292	0.0001	-0.0015	0.0006	3.4464	1.9797	10.1316	0.0002	0.0000	0.0002	0.0002	0.0000	0.0002	0.0000	0.0000	0.0000	0.0035	0.0034	0.0001	0.0026	0.0026	0.0000	0.0009	0.0008	0.0001	0.0000	0.0000	0.0000	0.0000	0.0000	0.0000	0.0000	0.0000	0.0000	0.0347	0.0242	0.0105	0.0188	0.0160	0.0028	0.0159	0.0082	0.0077	49.5415	0.2010	4731.4218	51.9817	0.2431	25058.4402	0.0000	0.0000	0.0000	0.1008	0.1406	0.0094	0.1389	0.1628	0.0035	0.0557	0.0973	0.0116
133	152	0.0235	3	2	2	0	1	0	0	0	0	Y	Y	N	N	N	N	N	N	N	N	N	N	0.0000	0.0000	0.0000	0.0000	0.0000	0.0000	0.0000	0.0000	0.0000	0.0000	0.0000	0.0000	0.0000	0.0000	0.0000	0.0000	0.0002	0.0002	0.0000	0.0000	0.0000	0.0000	0.0000	0.0000	-0.0000	0.0006	1.0143	1.9797	12.0086	0.0000	0.0000	0.0000	0.0000	0.0000	0.0000	0.0000	0.0000	0.0000	0.0000	0.0000	0.0000	0.0000	0.0000	0.0000	0.0000	0.0000	0.0000	0.0000	0.0000	0.0000	0.0000	0.0000	0.0000	0.0000	0.0000	0.0000	0.0382	0.0212	0.0170	0.0018	0.0018	0.0001	0.0364	0.0194	0.0169	0.0000	0.0000	0.0000	0.0000	0.0000	0.0000	0.0000	0.0000	0.0000	0.0000	0.0000	0.0000	0.0002	0.0002	0.0000	0.0000	0.0000	0.0000						
133	153	0.0212	2	2	2	0	1	0	0	0	0	Y	Y	N	N	N	N	N	N	N	N	N	N	0.0000	0.0000	0.0000	0.0000	0.0000	0.0000	0.0000	0.0000	0.0000	0.0000	0.0000	0.0000	0.0000	0.0000	0.0000	0.0000	0.0040	0.0070	0.0002	0.0713	0.0734	0.0000	0.0001	0.0000	0.0002	0.0224	-0.0000	-0.0000	0.0006	0.9811	1.9797	0.0216	0.0000	0.0000	0.0000	0.0000	0.0000	0.0000	0.0000	0.0000	0.0000	0.0000	0.0000	0.0000	0.0000	0.0000	0.0000	0.0000	0.0000	0.0000	0.0000	0.0000	0.0000	0.0000	0.0000	0.0000	0.0000	0.0000	0.0000	0.0032	0.0018	0.0014	0.0002	0.0002	0.0000	0.0030	0.0016	0.0014	0.0000	0.0000	0.0000	0.0000	0.0000	0.0000	0.0000	0.0000	0.0000	0.0040	0.0070	0.0002	0.0713	0.0734	0.0000	0.0001	0.0000	0.0002			
133	161	0.6048	15	2	2	0	1	0	0	0	0	Y	Y	N	N	N	N	N	N	N	N	N	N	0.0000	0.0000	0.0000	0.0000	0.0000	0.0000	0.0000	0.0000	0.0000	0.0000	0.0000	0.0000	0.0000	0.0000	0.0000	172.5251	0.0000	619.5120	0.0532	0.0000	0.3429	314.2676	0.0000	727.7455	inf	0.0000	0.5361	0.0006	0.0002	1.9797	3.0099	0.0000	0.0000	0.0000	0.0000	0.0000	0.0000	0.0000	0.0000	0.0000	0.9899	0.0000	0.9899	0.0002	0.0000	0.0002	0.9897	0.0000	0.9897	0.0000	0.0000	0.0000	0.0000	0.0000	0.0000	0.0000	0.0000	0.0000	0.0067	0.0046	0.0021	0.0036	0.0030	0.0006	0.0031	0.0016	0.0016	0.0000	0.0000	0.0000	0.0000	0.0000	0.0000	0.0000	0.0000	0.0000	147.6747	0.0000	465.5884	0.0532	0.0000	0.3429	314.2676	0.0000	628.5426				
133	162	0.5972	14	2	2	0	1	0	0	0	0	Y	Y	N	N	N	N	N	N	N	N	N	N	0.0000	0.0000	0.0000	0.0000	0.0000	0.0000	0.0000	0.0000	0.0000	0.0000	0.0000	0.0000	0.0000	0.0000	0.0000	0.0000	0.0000	0.0000	0.4544	0.0159	1.3826	0.0001	0.0000	0.0006	0.9688	0.0462	1.8815	41.1429	0.0000	0.0015	0.0006	0.9998	1.9797	2.0118	0.0000	0.0000	0.0000	0.0000	0.0000	0.0000	0.0000	0.0000	0.0000	0.0029	0.0001	0.0029	0.0000	0.0000	0.0000	0.0029	0.0001	0.0029	0.0000	0.0000	0.0000	0.0000	0.0000	0.0000	0.0000	0.0000	0.0000	0.0064	0.0044	0.0021	0.0034	0.0029	0.0005	0.0030	0.0015	0.0015	0.0000	0.0000	0.0000	0.0000	0.0000	0.0000	0.0000	0.0000	0.0000	0.4544	0.0159	1.3826	0.0001	0.0000	0.0006	0.9688	0.0462	1.8815	
133	163	0.5972	13	2	2	0	1	0	0	0	0	Y	Y	N	N	N	N	N	N	N	N	N	N	0.0000	0.0000	0.0000	0.0000	0.0000	0.0000	0.0000	0.0000	0.0000	0.0000	0.0000	0.0000	0.0000	0.0000	0.0000	0.0000	0.0000	0.0000	0.0000	0.0000	0.0006	0.0000	1.9797	0.0003	0.0000	0.0000	0.0000	0.0000	0.0000	0.0000	0.0000	0.0000	0.0000	0.0000	0.0000	0.0000	0.0000	0.0000	0.0000	0.0000	0.0000	0.0000	0.0000	0.0000	0.0000	0.0000	0.0000	0.0000	0.0000	0.0000	0.0000	0.0000	0.0000	0.0000	0.0000	0.0000	0.0000	0.0000	0.0000	0.0000	0.0000	0.0000	0.0000	0.0000	0.0000	0.0000	0.0000	0.0000	0.0000	0.0000	0.0000	0.0000	0.0000	0.0000	0.0000	0.0000	0.0000	0.0000											
133	164	0.5862	12	1	2	0	1	0	0	0	0	N	Y	N	N	N	N	N	N	N	N	N	N	0.0000	0.0000	0.0000	0.0000	0.0000	0.0000	0.0000	0.0000	0.0000	0.0000	0.0000	0.0000	0.0000	0.0000	0.0000	0.0009	0.0000	0.0027	0.0016	0.0001	0.0109	0.0000	0.0000	0.0000	34.5739	0.0000	0.0000	0.0006	0.0063	1.9797	4.3641	0.0000	0.0000	0.0000	0.0000	0.0000	0.0000	0.0000	0.0000	0.0000	0.0000	0.0000	0.0000	0.0000	0.0000	0.0000	0.0000	0.0000	0.0000	0.0000	0.0000	0.0000	0.0000	0.0000	0.0000	0.0000	0.0000	0.0000	0.0114	0.0078	0.0036	0.0062	0.0053	0.0009	0.0053	0.0025	0.0027	0.0000	0.0000	0.0000	0.0000	0.0000	0.0000	0.0000	0.0000	0.0000	0.0009	0.0000	0.0027	0.0016	0.0001	0.0109	0.0000	0.0000	0.0000				
133	165	0.5543	11	1	1	0	1	0	0	0	0	N	N	N	N	N	N	N	N	N	N	N	N	0.0457	0.0390	0.0000	0.0365	0.0365	0.0000	0.0000	0.0000	0.0000	0.0002	0.0002	0.0000	0.0003	0.0003	0.0000	0.0000	0.0000	0.0000	0.0040	0.0052	0.0010	0.0072	0.0079	0.0037	0.0000	0.0000	0.0000	0.0000	0.0844	-0.0000	-0.0000	0.0006	2.5207	1.9797	10.0226	0.0000	0.0000	0.0000	0.0000	0.0000	0.0000	0.0000	0.0000	0.0000	0.0001	0.0001	0.0000	0.0001	0.0001	0.0000	0.0000	0.0000	0.0000	0.0000	0.0000	0.0000	0.0000	0.0000	0.0000	0.0000	0.0000	0.0000	0.0326	0.0228	0.0098	0.0178	0.0151	0.0027	0.0148	0.0076	0.0072	0.0457	0.0390	0.0000	0.0365	0.0365	0.0000	0.0000	0.0000	0.0000	0.0040	0.0052	0.0010	0.0072	0.0079	0.0037	0.0000	0.0000	0.0000
133	166	0.5387	10	1	1	0	1	0	0	0	0	N	N	N	N	N	N	N	N	N	N	N	N	14.4216	32.6681	0.0398	10.9320	27.5208	0.0432	26.9481	45.8463	0.0000	0.1235	0.1411	0.0007	0.0629	0.0719	0.0009	0.3408	0.3878	0.0000	0.0086	0.0043	0.0183	0.0058	0.0026	0.0214	0.0126	0.0085	0.0168	0.0007	1.8462	-0.0000	0.0000	0.0006	2.6894	1.9797	4.6619	0.0000	0.0000	0.0000	0.0000	0.0000	0.0000	0.0000	0.0000	0.0000	0.0002	0.0001	0.0001	0.0001	0.0000	0.0000	0.0001	0.0000	0.0001	0.0001	0.0000	0.0000	0.0000	0.0000	0.0000	0.0000	0.0000	0.0000	0.0231	0.0161	0.0070	0.0137	0.0114	0.0023	0.0094	0.0047	0.0047	14.4216	32.6681	0.0398	10.9320	27.5208	0.0432	26.9481	45.8463	0.0000	0.0086	0.0043	0.0183	0.0058	0.0026	0.0214	0.0126	0.0085	0.0168
133	167	0.5003	9	1	1	0	1	0	0	0	0	N	N	N	N	N	N	N	N	N	N	N	N	0.0000	0.0000	0.0000	0.0000	0.0000	0.0000	0.0000	0.0000	0.0000	0.0000	0.0000	0.0000	0.0000	0.0000	0.0000	0.0000	0.0000	0.0027	0.0039	0.0000	0.0039	0.0046	0.0000	0.0014	0.0028	0.0000	0.0006	0.0000	-0.0000	0.0006	2.7966	1.9797	8.5340	0.0000	0.0000	0.0000	0.0000	0.0000	0.0000	0.0000	0.0000	0.0000	0.0001	0.0001	0.0000	0.0001	0.0001	0.0000	0.0000	0.0000	0.0000	0.0000	0.0000	0.0000	0.0000	0.0000	0.0000	0.0000	0.0000	0.0000	0.0297	0.0200	0.0096	0.0149	0.0128	0.0021	0.0147	0.0072	0.0076	0.0000	0.0000	0.0000	0.0000	0.0000	0.0000	0.0000	0.0000	0.0000	0.0027	0.0039	0.0000	0.0039	0.0046	0.0000	0.0014	0.0028	0.0000		
134	135	0.0683	5	1	2	0	2	0	0	0	0	N	Y	N	Y	N	N	N	N	N	N	N	N	0.0245	0.0185	0.0000	0.0808	0.0765	0.0000	0.0000	0.0000	0.0000	0.0000	0.0000	0.0000	0.0003	0.0003	0.0000	0.0000	0.0000	0.0000	0.0006	0.0009	0.0001	0.0040	0.0044	0.0000	0.0001	0.0000	0.0001	0.0000	0.0941	-0.0000	-0.0000	2.0077	3.0348	6.0321	9.3583	0.0000	0.0000	0.0000	0.0000	0.0000	0.0000	0.0000	0.0000	0.0000	0.0001	0.0001	0.0000	0.0001	0.0001	0.0000	0.0000	0.0000	0.0000	0.0425	0.0359	0.0067	0.0018	0.0017	0.0001	0.0407	0.0341	0.0066	0.1472	0.0860	0.0613	0.0189	0.0172	0.0017	0.1283	0.0688	0.0595	0.0245	0.0185	0.0000	0.0808	0.0765	0.0000	0.0000	0.0000	0.0000	0.0006	0.0009	0.0001	0.0040	0.0044	0.0000	0.0001	0.0000	0.0001
134	136	0.0540	4	1	1	0	2	0	0	0	0	N	N	N	Y	N	N	N	N	N	N	N	N	0.0218	0.1548	0.0000	0.0000	0.0000	0.0278	3.9959	0.0000	0.0008	0.0010	0.0000	0.0000	0.0000	0.0000	0.0010	0.0012	0.0000	0.0371	0.0061	0.0754	0.0565	0.0670	0.0000	0.0360	0.0003	0.0769	0.0000	9.9585	-0.0000	0.0012	2.0077	0.0433	6.0321	6.6805	0.0000	0.0000	0.0000	0.0000	0.0000	0.0000	0.0000	0.0000	0.0000	0.0027	0.0002	0.0025	0.0002	0.0002	0.0000	0.0025	0.0000	0.0025	0.0007	0.0006	0.0001	0.0001	0.0001	0.0000	0.0006	0.0005	0.0001	0.0727	0.0401	0.0325	0.0042	0.0035	0.0007	0.0685	0.0366	0.0319	0.0218	0.1548	0.0000	0.0000	0.0000	0.0000	0.0278	3.9959	0.0000	0.0371	0.0061	0.0754	0.0565	0.0670	0.0000	0.0360	0.0003	0.0769	
134	137	0.6224	14	1	2	0	2	0	0	0	0	N	Y	N	Y	N	N	N	N	N	N	N	N	0.0000	0.0000	0.0000	0.0000	0.0000	0.0000	0.0000	0.0000	0.0000	0.0000	0.0000	0.0000	0.0000	0.0000	0.0000	0.0000	0.0000	0.0000	0.0000	0.0000	2.0077	0.0000	6.0321	0.0000	0.0000	0.0000	0.0000	0.0000	0.0000	0.0000	0.0000	0.0000	0.0000	0.0000	0.0000	0.0000	0.0000	0.0000	0.0000	0.0000	0.0000	0.0000	0.0000	0.0000	0.0000	0.0000	0.0000	0.0000	0.0000	0.0000	0.0000	0.0000	0.0000	0.0000	0.0000	0.0000	0.0000	0.0000	0.0000	0.0000	0.0000	0.0000	0.0000	0.0000	0.0000	0.0000	0.0000	0.0000	0.0000	0.0000	0.0000	0.0000	0.0000	0.0000	0.0000	0.0000	0.0000	0.0000											
134	138	0.6173	13	1	2	0	2	0	0	0	0	N	Y	N	Y	N	N	N	N	N	N	N	N	10758480.4426	7756910.0330	8001930.7921	6793257.0837	26.5300	28.3999	0.0000	37.1957	38.3615	0.0000	0.0000	0.0000	0.0000	0.0000	0.0000	0.0000	0.0000	0.0000	0.0000	0.0000	0.0000	0.0000	0.0000	0.0000	-0.0009	-0.0000	2.0077	0.0021	6.0321	2.0000	0.0020	0.0020	0.0000	0.0020	0.0020	0.0000	0.0000	0.0000	0.0000	0.0000	0.0000	0.0000	0.0000	0.0000	0.0000	0.0000	0.0000	0.0000	0.0001	0.0001	0.0000	0.0001	0.0001	0.0000	0.0000	0.0000	0.0000	0.0157	0.0106	0.0051	0.0083	0.0069	0.0015	0.0074	0.0037	0.0037	10758480.4426	7756910.0330	0.0000	8001930.7921	6793257.0837	0.0000	0.0000	0.0000	0.0000	0.0000	0.0000	0.0000	0.0000	0.0000	0.0000	0.0000	0.0000	0.0000					
134	139	0.6071	12	1	1	0	2	0	0	0	0	N	N	N	Y	N	N	N	N	N	N	N	N	4.8848	40.1178	0.0000	88.5969	80.3767	0.0000	0.0000	0.1515	0.1753	0.0000	0.5037	0.5501	0.0000	0.0000	0.0000	0.0000	0.0310	0.0044	0.0856	0.0057	0.0068	0.0000	0.0581	0.0000	0.1167	0.0000	9.5643	-0.0009	0.0004	2.0077	1.0020	6.0321	3.0181	0.0020	0.0020	0.0000	0.0020	0.0020	0.0000	0.0000	0.0000	0.0000	0.0009	0.0001	0.0009	0.0001	0.0001	0.0000	0.0009	0.0000	0.0009	0.0131	0.0114	0.0018	0.0040	0.0036	0.0003	0.0092	0.0077	0.0015	0.0306	0.0206	0.0100	0.0158	0.0131	0.0027	0.0148	0.0074	0.0074	4.8848	40.1178	0.0000	88.5969	80.3767	0.0000	0.0000	0.0000	0.0000	0.0310	0.0044	0.0856	0.0057	0.0068	0.0000	0.0581	0.0000	0.1167		
134	140	0.5927	12	1	2	0	1	0	0	0	0	N	Y	N	N	N	N	N	N	N	N	N	N	0.0000	0.0000	0.0000	0.0000	0.0000	0.0000	0.0000	0.0000	0.0000	0.0000	0.0000	0.0000	0.0000	0.0000	0.0000	0.0000	0.0000	0.0000	0.0000	0.0000	2.0077	0.0000	6.0321	4.0001	0.0000	0.0000	0.0000	0.0000	0.0000	0.0000	0.0000	0.0000	0.0000	0.0000	0.0000	0.0000	0.0000	0.0000	0.0000	0.0000	0.0000	0.0000	0.0000	0.0000	0.0000	0.0000	0.0000	0.0000	0.0000	0.0000	0.0000	0.0307	0.0205	0.0102	0.0160	0.0132	0.0028	0.0146	0.0073	0.0073	0.0000	0.0000	0.0000	0.0000	0.0000	0.0000	0.0000	0.0000	0.0000	0.0000	0.0000	0.0000	0.0000	0.0000	0.0000	0.0000	0.0000	0.0000											
134	141	0.0213	2	1	2	0	1	0	0	0	0	N	Y	N	N	N	N	N	N	N	N	N	N	0.0046	0.0000	215.0907	0.0000	0.0000	0.0000	74.9723	221.2073	0.0001	0.0000	0.0004	0.0000	0.0000	0.0000	0.0001	0.0000	0.0004	0.0137	0.0256	0.0000	1.1753	1.2271	0.0001	0.0000	0.0000	0.0000	inf	0.0001	0.0000	-0.0004	2.0077	1.0003	6.0321	5.0186	0.0000	0.0000	0.0000	0.0000	0.0000	0.0000	0.0000	0.0000	0.0000	0.0009	0.0009	0.0000	0.0009	0.0009	0.0000	0.0000	0.0000	0.0000	0.0138	0.0116	0.0022	0.0000	0.0000	0.0000	0.0138	0.0116	0.0022	0.0688	0.0367	0.0321	0.0008	0.0008	0.0000	0.0680	0.0359	0.0321	0.0046	0.0000	215.0907	0.0000	0.0000	0.0000	74.9723	0.0000	221.2073	0.0137	0.0256	0.0000	1.1753	1.2271	0.0001	0.0000	0.0000	0.0000	
134	142	0.6071	12	1	1	1	2	0	0	0	0	N	N	N	Y	N	N	N	N	N	N	N	N	0.0000	0.0000	0.0000	0.0000	0.0000	0.0000	0.0000	0.0000	0.0000	0.0000	0.0000	0.0000	0.0000	0.0000	0.0000	0.0000	25.3789	40.1119	0.0000	189.4543	246.5640	0.0000	0.0000	0.0000	0.0000	0.0000	0.0000	-0.4579	2.0077	0.0001	6.0321	9.0026	0.0000	0.0000	0.0000	0.0000	0.0000	0.0000	0.0000	0.0000	0.0000	0.9989	0.9989	0.0000	0.9989	0.9989	0.0000	0.0000	0.0000	0.0000	0.0000	0.0000	0.0000	0.0000	0.0000	0.0000	0.0000	0.0000	0.0000	0.0673	0.0452	0.0221	0.0346	0.0287	0.0059	0.0327	0.0164	0.0162	0.0000	0.0000	0.0000	0.0000	0.0000	0.0000	0.0000	0.0000	0.0000	14.8464	22.1093	0.0000	28.8573	34.7657	0.0000	0.0000	0.0000	0.0000			
134	143	0.0540	4	1	1	1	2	0	0	0	0	N	N	N	Y	N	N	N	N	N	N	N	N	0.0000	0.0000	0.0000	0.0000	0.0000	0.0000	0.0000	0.0000	0.0000	0.0000	0.0000	0.0000	0.0000	0.0000	0.0000	0.0000	0.0029	0.0053	0.0000	0.0538	0.0645	0.0000	0.0000	0.0000	0.0000	0.0001	0.0000	-0.0001	2.0077	2.0061	6.0321	8.0425	0.0000	0.0000	0.0000	0.0000	0.0000	0.0000	0.0000	0.0000	0.0000	0.0003	0.0003	0.0000	0.0003	0.0003	0.0000	0.0000	0.0000	0.0000	0.0274	0.0231	0.0043	0.0008	0.0007	0.0001	0.0266	0.0224	0.0042	0.1063	0.0585	0.0478	0.0058	0.0048	0.0010	0.1005	0.0537	0.0468	0.0000	0.0000	0.0000	0.0000	0.0000	0.0000	0.0000	0.0000	0.0000	0.0029	0.0053	0.0000	0.0538	0.0645	0.0000	0.0000	0.0000	0.0000			
134	144	0.0449	3	1	1	0	2	0	0	0	0	N	N	N	Y	N	N	N	N	N	N	N	N	0.0000	0.0000	0.0000	0.0000	0.0000	0.0000	0.0000	0.0000	0.0000	0.0000	0.0000	0.0000	0.0000	0.0000	0.0000	0.0000	0.0000	0.2147	0.3233	0.0063	1.0333	1.0573	0.0000	0.0027	0.0000	0.0064	0.0101	0.0000	-0.0067	2.0077	1.9550	6.0321	2.1189	0.0000	0.0000	0.0000	0.0000	0.0000	0.0000	0.0000	0.0000	0.0000	0.0149	0.0147	0.0001	0.0147	0.0147	0.0000	0.0001	0.0000	0.0001	0.0289	0.0244	0.0044	0.0016	0.0016	0.0001	0.0272	0.0229	0.0044	0.0694	0.0456	0.0238	0.0143	0.0139	0.0003	0.0551	0.0317	0.0234	0.0000	0.0000	0.0000	0.0000	0.0000	0.0000	0.0000	0.0000	0.0000	0.2147	0.3233	0.0063	1.0333	1.0573	0.0000	0.0027	0.0000	0.0064		
134	145	0.0449	3	1	1	1	2	0	0	0	0	N	N	N	Y	N	N	N	N	N	N	N	N	0.0000	0.0000	0.0000	0.0000	0.0000	0.0000	0.0000	0.0000	0.0000	0.0000	0.0000	0.0000	0.0000	0.0000	0.0000	0.0000	0.0000	0.0000	19.3259	0.0003	80.4335	0.0037	0.0002	0.0473	14.0856	0.0003	62.0267	69399.2026	0.0000	1.6144	2.0077	2.1261	6.0321	18.6477	0.0000	0.0000	0.0000	0.0000	0.0000	0.0000	0.0000	0.0000	0.0000	2.9808	0.0000	2.9807	0.0001	0.0000	0.0001	2.9807	0.0000	2.9806	0.0312	0.0264	0.0048	0.0017	0.0016	0.0001	0.0295	0.0248	0.0047	0.2333	0.1342	0.0991	0.0198	0.0184	0.0015	0.2134	0.1158	0.0976	0.0000	0.0000	0.0000	0.0000	0.0000	0.0000	0.0000	0.0000	0.0000	12.7789	0.0003	30.0876	0.0037	0.0002	0.0473	13.9662	0.0003	30.5428	
134	146	0.6071	12	1	1	1	2	0	0	0	0	N	N	N	Y	N	N	N	N	N	N	N	N	0.0000	0.0000	0.0000	0.0000	0.0000	0.0000	0.0000	0.0000	0.0000	0.0000	0.0000	0.0000	0.0000	0.0143	0.0000	0.0437	0.0000	0.0000	0.0000	0.0296	0.0000	0.0595	inf	0.0000	0.0005	2.0077	2.0001	6.0321	5.9880	0.0000	0.0000	0.0000	0.0000	0.0000	0.0000	0.0000	0.0000	0.0000	0.0009	0.0000	0.0009	0.0000	0.0000	0.0000	0.0009	0.0000	0.0009	0.0261	0.0226	0.0035	0.0078	0.0072	0.0007	0.0183	0.0154	0.0029	0.0599	0.0402	0.0197	0.0309	0.0256	0.0052	0.0291	0.0146	0.0144	0.0000	0.0000	0.0000	0.0000	0.0000	0.0000	0.0000	0.0000	0.0000	0.0143	0.0000	0.0437	0.0000	0.0000	0.0000	0.0296	0.0000	0.0595						
134	147	0.6071	12	1	1	1	2	0	0	0	0	N	N	N	Y	N	N	N	N	N	N	N	N	0.0000	0.0000	0.0000	0.0000	0.0000	0.0000	0.0000	0.0000	0.0000	0.0000	0.0000	0.0000	0.0000	0.0000	0.0000	0.0000	0.0000	0.1058	0.1513	0.0134	0.2003	0.2418	0.0000	0.0090	0.0000	0.0183	0.0438	0.0000	-0.0097	2.0077	9.0001	6.0321	23.0169	0.0000	0.0000	0.0000	0.0000	0.0000	0.0000	0.0000	0.0000	0.0000	0.0233	0.0224	0.0010	0.0224	0.0224	0.0000	0.0010	0.0000	0.0010	0.1140	0.0986	0.0153	0.0340	0.0312	0.0028	0.0800	0.0675	0.0125	0.2207	0.1479	0.0728	0.1117	0.0925	0.0192	0.1091	0.0554	0.0537	0.0000	0.0000	0.0000	0.0000	0.0000	0.0000	0.0000	0.0000	0.0000	0.1058	0.1513	0.0134	0.2003	0.2418	0.0000	0.0090	0.0000	0.0183		
134	148	0.5818	11	1	1	0	2	0	0	0	0	N	N	N	Y	N	N	N	N	N	N	N	N	0.0000	0.0000	0.0000	0.0000	0.0000	0.0000	0.0000	0.0000	0.0000	0.0000	0.0000	0.0000	0.0000	0.0000	0.0000	0.0000	0.0000	17.9077	0.0004	102.1182	0.0012	0.0006	0.0042	26.0455	0.0000	118.1897	45223.1314	0.0000	0.5399	2.0077	1.9990	6.0321	7.9526	0.0000	0.0000	0.0000	0.0000	0.0000	0.0000	0.0000	0.0000	0.0000	0.9968	0.0000	0.9968	0.0001	0.0000	0.0000	0.9967	0.0000	0.9967	0.0262	0.0227	0.0036	0.0079	0.0073	0.0007	0.0183	0.0154	0.0029	0.0829	0.0556	0.0274	0.0433	0.0360	0.0072	0.0397	0.0195	0.0201	0.0000	0.0000	0.0000	0.0000	0.0000	0.0000	0.0000	0.0000	0.0000	12.0193	0.0004	36.4368	0.0012	0.0006	0.0042	25.1368	0.0000	49.5512		
134	149	0.5498	10	2	2	0	1	0	0	0	0	Y	Y	N	N	N	N	N	N	N	N	N	N	0.0000	0.0001	0.0000	0.0000	0.0000	0.0000	0.0000	0.0000	0.0000	0.0000	0.0000	0.0000	0.0000	0.0000	0.0000	0.0000	0.0000	0.0000	0.0392	0.0009	0.1202	0.0000	0.0000	0.0000	0.0815	0.0026	0.1644	0.0000	60.7523	-0.0000	0.0039	2.0077	5.3497	6.0321	17.2225	0.0000	0.0000	0.0000	0.0000	0.0000	0.0000	0.0000	0.0000	0.0000	0.0074	0.0001	0.0073	0.0000	0.0000	0.0000	0.0074	0.0001	0.0073	0.0826	0.0713	0.0113	0.0258	0.0242	0.0016	0.0568	0.0471	0.0097	0.1892	0.1285	0.0606	0.0983	0.0819	0.0163	0.0909	0.0466	0.0443	0.0000	0.0001	0.0000	0.0000	0.0000	0.0000	0.0000	0.0000	0.0000	0.0392	0.0009	0.1202	0.0000	0.0000	0.0000	0.0815	0.0026	0.1644
134	150	0.5807	11	1	2	0	1	0	0	0	0	N	Y	N	N	N	N	N	N	N	N	N	N	6.3941	8.6004	0.0506	11.2905	13.7914	0.0285	0.0274	0.0000	0.0785	0.0044	0.0050	0.0000	0.0114	0.0120	0.0000	0.0000	0.0000	0.0000	0.0007	0.0006	0.0009	0.0010	0.0009	0.0017	0.0003	0.0000	0.0006	0.0013	0.6913	-0.0001	-0.0000	2.0077	3.6794	6.0321	17.4287	0.0003	0.0003	0.0000	0.0003	0.0003	0.0000	0.0000	0.0000	0.0000	0.0002	0.0001	0.0001	0.0001	0.0001	0.0000	0.0000	0.0000	0.0000	0.0761	0.0668	0.0093	0.0292	0.0277	0.0015	0.0468	0.0390	0.0078	0.2396	0.1675	0.0721	0.1326	0.1115	0.0211	0.1070	0.0560	0.0510	6.3941	8.6004	0.0506	11.2905	13.7914	0.0285	0.0274	0.0000	0.0785	0.0007	0.0006	0.0009	0.0010	0.0009	0.0017	0.0003	0.0000	0.0006
134	151	0.5498	10	1	2	0	1	0	0	0	0	N	Y	N	N	N	N	N	N	N	N	N	N	2.4593	2.8384	0.0065	9.5983	8.5349	2.4381	0.0001	0.0001	0.0000	0.0032	0.0037	0.0000	0.0096	0.0102	0.0001	0.0000	0.0000	0.0000	0.0013	0.0013	0.0013	0.0010	0.0012	0.0000	0.0016	0.0015	0.0018	0.0004	0.4459	-0.0001	-0.0000	2.0077	3.4464	6.0321	10.1316	0.0002	0.0002	0.0000	0.0002	0.0002	0.0000	0.0000	0.0000	0.0000	0.0002	0.0001	0.0001	0.0001	0.0001	0.0000	0.0001	0.0000	0.0001	0.0588	0.0507	0.0080	0.0195	0.0185	0.0011	0.0392	0.0323	0.0070	0.1270	0.0875	0.0395	0.0682	0.0571	0.0111	0.0588	0.0304	0.0284	2.4593	2.8384	0.0065	9.5983	8.5349	2.4381	0.0001	0.0001	0.0000	0.0013	0.0013	0.0013	0.0010	0.0012	0.0000	0.0016	0.0015	0.0018
134	152	0.0190	2	2	2	0	1	0	0	0	0	Y	Y	N	N	N	N	N	N	N	N	N	N	2.2688	1.4567	0.0000	0.2269	0.2255	0.0000	0.0000	0.0000	0.0066	0.0079	0.0000	0.2523	0.2540	0.0000	0.0000	0.0000	0.0000	0.0029	0.0054	0.0000	1.1121	1.1264	0.0179	0.0000	0.0000	0.0000	0.0000	0.0042	-0.0000	-0.0002	2.0077	1.0143	6.0321	12.0086	0.0001	0.0001	0.0000	0.0001	0.0001	0.0000	0.0000	0.0000	0.0000	0.0004	0.0004	0.0000	0.0004	0.0004	0.0000	0.0000	0.0000	0.0000	0.0146	0.0122	0.0025	0.0004	0.0004	0.0000	0.0142	0.0118	0.0025	0.1420	0.0755	0.0665	0.0004	0.0004	0.0000	0.1416	0.0752	0.0664	2.2688	1.4567	0.0000	0.2269	0.2255	0.0000	0.0000	0.0000	0.0000	0.0029	0.0054	0.0000	1.1121	1.1264	0.0179	0.0000	0.0000	0.0000	
134	161	0.6004	14	2	2	0	1	0	0	0	0	Y	Y	N	N	N	N	N	N	N	N	N	N	0.0000	0.0000	0.0000	0.0000	0.0000	0.0000	0.0000	0.0000	0.0000	0.0000	0.0000	0.0000	0.0000	0.0000	0.0000	0.0000	0.0000	0.0000	0.3097	0.0074	0.9386	0.0000	0.0000	0.0002	0.6491	0.0206	1.3014	60.7500	0.0000	0.0039	2.0077	0.0002	6.0321	3.0099	0.0000	0.0000	0.0000	0.0000	0.0000	0.0000	0.0000	0.0000	0.0000	0.0074	0.0001	0.0073	0.0000	0.0000	0.0000	0.0074	0.0001	0.0073	0.0000	0.0000	0.0000	0.0000	0.0000	0.0000	0.0000	0.0000	0.0000	0.0239	0.0161	0.0077	0.0125	0.0103	0.0022	0.0114	0.0058	0.0056	0.0000	0.0000	0.0000	0.0000	0.0000	0.0000	0.0000	0.0000	0.0000	0.3097	0.0074	0.9386	0.0000	0.0000	0.0002	0.6491	0.0206	1.3014	
134	162	0.5927	13	2	2	0	1	0	0	0	0	Y	Y	N	N	N	N	N	N	N	N	N	N	0.0000	0.0000	0.0000	0.0000	0.0000	0.0000	0.0000	0.0000	0.0000	0.0000	0.0000	0.0000	0.0000	0.0000	0.0000	0.0009	0.0001	0.0027	0.0000	0.0000	0.0000	0.0020	0.0002	0.0038	24.4180	0.0000	0.0000	2.0077	0.9998	6.0321	2.0118	0.0000	0.0000	0.0000	0.0000	0.0000	0.0000	0.0000	0.0000	0.0000	0.0000	0.0000	0.0000	0.0000	0.0000	0.0000	0.0000	0.0000	0.0000	0.0131	0.0113	0.0018	0.0039	0.0036	0.0003	0.0092	0.0077	0.0014	0.0232	0.0155	0.0077	0.0121	0.0100	0.0022	0.0110	0.0055	0.0055	0.0000	0.0000	0.0000	0.0000	0.0000	0.0000	0.0000	0.0000	0.0000	0.0009	0.0001	0.0027	0.0000	0.0000	0.0000	0.0020	0.0002	0.0038				
134	163	0.5927	12	2	2	0	1	0	0	0	0	Y	Y	N	N	N	N	N	N	N	N	N	N	0.0000	0.0000	0.0000	0.0000	0.0000	0.0000	0.0000	0.0000	0.0000	0.0000	0.0000	0.0000	0.0000	0.0000	0.0000	0.0000	0.0000	0.0000	0.0000	0.0000	2.0077	0.0000	6.0321	0.0003	0.0000	0.0000	0.0000	0.0000	0.0000	0.0000	0.0000	0.0000	0.0000	0.0000	0.0000	0.0000	0.0000	0.0000	0.0000	0.0000	0.0000	0.0000	0.0000	0.0000	0.0000	0.0000	0.0000	0.0000	0.0000	0.0000	0.0000	0.0000	0.0000	0.0000	0.0000	0.0000	0.0000	0.0000	0.0000	0.0000	0.0000	0.0000	0.0000	0.0000	0.0000	0.0000	0.0000	0.0000	0.0000	0.0000	0.0000	0.0000	0.0000	0.0000	0.0000	0.0000	0.0000	0.0000											
134	164	0.5818	11	1	2	0	1	0	0	0	0	N	Y	N	N	N	N	N	N	N	N	N	N	0.0000	0.0000	0.0000	0.0000	0.0000	0.0000	0.0000	0.0000	0.0000	0.0000	0.0000	0.0000	0.0000	0.0000	0.0000	0.0000	0.0000	0.0529	0.0783	0.0000	0.0990	0.1174	0.0001	0.0000	0.0000	0.0000	0.0001	0.0000	-0.0010	2.0077	0.0063	6.0321	4.3641	0.0000	0.0000	0.0000	0.0000	0.0000	0.0000	0.0000	0.0000	0.0000	0.0022	0.0022	0.0000	0.0022	0.0022	0.0000	0.0000	0.0000	0.0000	0.0003	0.0002	0.0000	0.0001	0.0001	0.0000	0.0001	0.0001	0.0000	0.0420	0.0284	0.0136	0.0224	0.0189	0.0035	0.0195	0.0095	0.0101	0.0000	0.0000	0.0000	0.0000	0.0000	0.0000	0.0000	0.0000	0.0000	0.0529	0.0783	0.0000	0.0990	0.1174	0.0001	0.0000	0.0000	0.0000		
134	165	0.5498	10	1	1	0	1	0	0	0	0	N	N	N	N	N	N	N	N	N	N	N	N	0.0000	0.0001	0.0000	0.0000	0.0000	0.0000	0.0000	0.0001	0.0000	0.0000	0.0000	0.0000	0.0000	0.0000	0.0000	0.0000	0.0000	0.0000	0.0196	0.0019	0.0590	0.0019	0.0022	0.0000	0.0403	0.0014	0.0822	0.0000	13.5582	-0.0000	0.0011	2.0077	2.5207	6.0321	10.0226	0.0000	0.0000	0.0000	0.0000	0.0000	0.0000	0.0000	0.0000	0.0000	0.0023	0.0002	0.0022	0.0001	0.0001	0.0000	0.0022	0.0000	0.0022	0.0470	0.0406	0.0064	0.0164	0.0156	0.0008	0.0306	0.0250	0.0056	0.1196	0.0826	0.0369	0.0645	0.0541	0.0104	0.0550	0.0285	0.0265	0.0000	0.0001	0.0000	0.0000	0.0000	0.0000	0.0000	0.0001	0.0000	0.0196	0.0019	0.0590	0.0019	0.0022	0.0000	0.0403	0.0014	0.0822
134	166	0.5343	9	1	1	0	1	0	0	0	0	N	N	N	N	N	N	N	N	N	N	N	N	3527.8795	3094.4077	0.0000	2003.8879	1748.0326	0.0000	15062.7724	328458.6554	0.0000	4.2273	4.7404	0.0000	3.6329	3.7992	0.0000	4.7394	5.6680	0.0000	0.0012	0.0015	0.0005	0.0018	0.0022	0.0001	0.0003	0.0000	0.0006	0.0000	0.1323	-0.1032	-0.0000	2.0077	2.6894	6.0321	4.6619	0.2341	0.2341	0.0000	0.0931	0.0931	0.0000	0.1410	0.1410	0.0000	0.0001	0.0001	0.0000	0.0001	0.0001	0.0000	0.0000	0.0000	0.0000	0.0554	0.0494	0.0060	0.0256	0.0245	0.0011	0.0297	0.0249	0.0049	0.0856	0.0591	0.0265	0.0505	0.0415	0.0089	0.0351	0.0176	0.0175	3527.8795	3094.4077	0.0000	2003.8879	1748.0326	0.0000	15062.7724	328458.6554	0.0000	0.0012	0.0015	0.0005	0.0018	0.0022	0.0001	0.0003	0.0000	0.0006
134	167	0.4958	8	1	1	0	1	0	0	0	0	N	N	N	N	N	N	N	N	N	N	N	N	0.0000	0.0000	0.0000	0.0000	0.0000	0.0000	0.0000	0.0000	0.0000	0.0000	0.0000	0.0000	0.0000	0.0000	0.0000	0.0000	0.0000	0.0000	0.0009	0.0007	0.0014	0.0002	0.0003	0.0000	0.0016	0.0015	0.0018	0.9665	0.0000	0.0000	2.0077	2.7966	6.0321	8.5340	0.0000	0.0000	0.0000	0.0000	0.0000	0.0000	0.0000	0.0000	0.0000	0.0001	0.0001	0.0000	0.0000	0.0000	0.0000	0.0001	0.0000	0.0000	0.0347	0.0298	0.0049	0.0085	0.0078	0.0007	0.0262	0.0220	0.0042	0.1088	0.0726	0.0363	0.0539	0.0457	0.0082	0.0550	0.0269	0.0281	0.0000	0.0000	0.0000	0.0000	0.0000	0.0000	0.0000	0.0000	0.0000	0.0009	0.0007	0.0014	0.0002	0.0003	0.0000	0.0016	0.0015	0.0018	
135	137	0.6295	14	0	2	0	2	0	0	0	0	N	Y	N	Y	N	N	N	N	N	N	N	N	0.0000	0.0000	0.0000	0.0000	0.0000	0.0000	0.0000	0.0000	0.0000	0.0000	0.0000	0.0000	0.0000	0.0000	0.0000	0.0000	0.0000	0.0000	0.0000	0.0000	3.0348	0.0000	9.3583	0.0000	0.0000	0.0000	0.0000	0.0000	0.0000	0.0000	0.0000	0.0000	0.0000	0.0000	0.0000	0.0000	0.0000	0.0000	0.0000	0.0000	0.0000	0.0000	0.0000	0.0000	0.0000	0.0000	0.0000	0.0000	0.0000	0.0000	0.0000	0.0000	0.0000	0.0000	0.0000	0.0000	0.0000	0.0000	0.0000	0.0000	0.0000	0.0000	0.0000	0.0000	0.0000	0.0000	0.0000	0.0000	0.0000	0.0000	0.0000	0.0000	0.0000	0.0000	0.0000	0.0000	0.0000	0.0000											
135	138	0.6244	13	0	2	0	2	0	0	0	0	N	Y	N	Y	N	N	N	N	N	N	N	N	0.0000	0.0000	0.0000	0.0000	0.0000	0.0000	0.0000	0.0000	0.0000	0.0000	0.0000	0.0000	0.0000	0.0000	0.0000	0.0000	0.0057	0.0076	0.0021	0.0097	0.0117	0.0000	0.0015	0.0000	0.0028	0.1446	0.0000	-0.0001	3.0348	0.0021	9.3583	2.0000	0.0000	0.0000	0.0000	0.0000	0.0000	0.0000	0.0000	0.0000	0.0000	0.0002	0.0001	0.0000	0.0001	0.0001	0.0000	0.0000	0.0000	0.0000	0.0001	0.0001	0.0000	0.0001	0.0001	0.0000	0.0000	0.0000	0.0000	0.0280	0.0184	0.0096	0.0144	0.0120	0.0024	0.0136	0.0065	0.0071	0.0000	0.0000	0.0000	0.0000	0.0000	0.0000	0.0000	0.0000	0.0000	0.0057	0.0076	0.0021	0.0097	0.0117	0.0000	0.0015	0.0000	0.0028			
135	139	0.6142	12	0	1	0	2	0	0	0	0	N	N	N	Y	N	N	N	N	N	N	N	N	0.0000	0.0000	0.0000	0.0000	0.0000	0.0000	0.0000	0.0000	0.0000	0.0000	0.0000	0.0000	0.0000	0.0000	0.0000	0.0000	0.8761	0.0002	2.6665	0.0003	0.0003	0.0000	1.8012	0.0000	3.5798	5838.7256	0.0000	0.0255	3.0348	1.0020	9.3583	3.0181	0.0000	0.0000	0.0000	0.0000	0.0000	0.0000	0.0000	0.0000	0.0000	0.0470	0.0000	0.0470	0.0000	0.0000	0.0000	0.0470	0.0000	0.0470	0.0202	0.0173	0.0028	0.0058	0.0053	0.0005	0.0144	0.0120	0.0024	0.0537	0.0360	0.0176	0.0276	0.0231	0.0045	0.0261	0.0130	0.0131	0.0000	0.0000	0.0000	0.0000	0.0000	0.0000	0.0000	0.0000	0.0000	0.8761	0.0002	2.6665	0.0003	0.0003	0.0000	1.8012	0.0000	3.5798			
135	140	0.5998	12	0	2	0	1	0	0	0	0	N	Y	N	N	N	N	N	N	N	N	N	N	0.0000	0.0000	0.0000	0.0000	0.0000	0.0000	0.0000	0.0000	0.0000	0.0000	0.0000	0.0000	0.0000	0.0000	0.0000	0.0000	0.0000	0.0000	0.0000	0.0000	0.0000	0.0000	inf	0.0000	0.0000	3.0348	0.0000	9.3583	4.0001	0.0000	0.0000	0.0000	0.0000	0.0000	0.0000	0.0000	0.0000	0.0000	0.0000	0.0000	0.0000	0.0000	0.0000	0.0000	0.0000	0.0000	0.0000	0.0000	0.0000	0.0000	0.0000	0.0000	0.0000	0.0000	0.0000	0.0000	0.0536	0.0357	0.0178	0.0275	0.0228	0.0047	0.0260	0.0129	0.0131	0.0000	0.0000	0.0000	0.0000	0.0000	0.0000	0.0000	0.0000	0.0000	0.0000	0.0000	0.0000	0.0000	0.0000	0.0000	0.0000	0.0000	0.0000						
135	141	0.0757	4	0	2	0	1	0	0	0	0	N	Y	N	N	N	N	N	N	N	N	N	N	0.0000	0.0000	0.0000	0.0000	0.0000	0.0000	0.0000	0.0000	0.0000	0.0000	0.0000	0.0000	0.0000	0.0000	0.0000	0.0000	0.0000	0.0001	0.0002	0.0000	0.0007	0.0008	0.0000	0.0000	0.0000	0.0000	0.0009	0.0000	-0.0000	3.0348	1.0003	9.3583	5.0186	0.0000	0.0000	0.0000	0.0000	0.0000	0.0000	0.0000	0.0000	0.0000	0.0000	0.0000	0.0000	0.0000	0.0000	0.0000	0.0000	0.0000	0.0000	0.0212	0.0179	0.0033	0.0009	0.0008	0.0000	0.0204	0.0171	0.0033	0.1130	0.0663	0.0467	0.0149	0.0137	0.0012	0.0981	0.0526	0.0455	0.0000	0.0000	0.0000	0.0000	0.0000	0.0000	0.0000	0.0000	0.0000	0.0001	0.0002	0.0000	0.0007	0.0008	0.0000	0.0000	0.0000	0.0000		
135	142	0.6142	12	0	1	1	2	0	0	0	0	N	N	N	Y	N	N	N	N	N	N	N	N	0.0000	0.0000	0.0000	0.0000	0.0000	0.0000	0.0000	0.0000	0.0000	0.0000	0.0000	0.0000	0.0000	0.0000	0.0000	0.0000	0.0000	0.0753	0.0006	0.2282	0.0009	0.0009	0.0010	0.1535	0.0000	0.3063	189.8587	0.0000	0.0048	3.0348	0.0001	9.3583	9.0026	0.0000	0.0000	0.0000	0.0000	0.0000	0.0000	0.0000	0.0000	0.0000	0.0089	0.0000	0.0088	0.0001	0.0000	0.0000	0.0088	0.0000	0.0088	0.0000	0.0000	0.0000	0.0000	0.0000	0.0000	0.0000	0.0000	0.0000	0.1177	0.0791	0.0386	0.0603	0.0504	0.0099	0.0574	0.0286	0.0287	0.0000	0.0000	0.0000	0.0000	0.0000	0.0000	0.0000	0.0000	0.0000	0.0753	0.0006	0.2282	0.0009	0.0009	0.0010	0.1535	0.0000	0.3063		
135	143	0.0429	2	0	1	1	2	0	0	0	0	N	N	N	Y	N	N	N	N	N	N	N	N	0.0000	0.0000	0.0000	0.0000	0.0000	0.0000	0.0000	0.0000	0.0000	0.0000	0.0000	0.0000	0.0000	0.0000	0.0000	0.0000	0.0000	0.0000	0.0064	0.0101	0.0016	0.0626	0.0651	0.0004	0.0008	0.0000	0.0016	0.1187	0.0000	-0.0004	3.0348	2.0061	9.3583	8.0425	0.0000	0.0000	0.0000	0.0000	0.0000	0.0000	0.0000	0.0000	0.0000	0.0012	0.0011	0.0001	0.0011	0.0011	0.0000	0.0001	0.0000	0.0001	0.0423	0.0355	0.0068	0.0009	0.0009	0.0000	0.0414	0.0346	0.0068	0.1872	0.1072	0.0801	0.0172	0.0166	0.0007	0.1700	0.0906	0.0794	0.0000	0.0000	0.0000	0.0000	0.0000	0.0000	0.0000	0.0000	0.0000	0.0064	0.0101	0.0016	0.0626	0.0651	0.0004	0.0008	0.0000	0.0016	
135	145	0.0520	3	0	1	1	2	0	0	0	0	N	N	N	Y	N	N	N	N	N	N	N	N	0.0000	0.0000	0.0000	0.0000	0.0000	0.0000	0.0000	0.0000	0.0000	0.0000	0.0000	0.0000	0.0000	0.0000	0.0000	0.0000	0.0000	0.0000	5.8645	0.0006	25.6190	0.0061	0.0027	0.0874	5.7592	0.0000	20.8911	14765.1416	0.0000	1.0795	3.0348	2.1261	9.3583	18.6477	0.0000	0.0000	0.0000	0.0000	0.0000	0.0000	0.0000	0.0000	0.0000	1.9932	0.0001	1.9931	0.0003	0.0001	0.0002	1.9929	0.0000	1.9929	0.0476	0.0400	0.0076	0.0040	0.0035	0.0005	0.0436	0.0365	0.0072	0.3980	0.2353	0.1626	0.0519	0.0498	0.0021	0.3460	0.1855	0.1605	0.0000	0.0000	0.0000	0.0000	0.0000	0.0000	0.0000	0.0000	0.0000	5.0087	0.0006	12.2562	0.0061	0.0027	0.0874	5.7592	0.0000	12.4140	
135	146	0.6142	12	0	1	1	2	0	0	0	0	N	N	N	Y	N	N	N	N	N	N	N	N	0.0000	0.0000	0.0000	0.0000	0.0000	0.0000	0.0000	0.0000	0.0000	0.0000	0.0000	0.0000	0.0000	0.0000	0.0000	0.0000	0.0000	14.8165	27.4876	0.9237	0.0013	0.0015	0.0000	20.6602	39.2452	1.2412	0.0318	0.0000	-0.4411	3.0348	2.0001	9.3583	5.9880	0.0000	0.0000	0.0000	0.0000	0.0000	0.0000	0.0000	0.0000	0.0000	1.0317	0.9999	0.0318	0.0001	0.0001	0.0000	1.0316	0.9998	0.0318	0.0401	0.0345	0.0056	0.0115	0.0105	0.0009	0.0286	0.0240	0.0047	0.1048	0.0704	0.0344	0.0537	0.0449	0.0088	0.0511	0.0255	0.0256	0.0000	0.0000	0.0000	0.0000	0.0000	0.0000	0.0000	0.0000	0.0000	9.8409	14.1987	0.9237	0.0013	0.0015	0.0000	20.1936	39.2452	1.2412		
135	147	0.6142	12	0	1	1	2	0	0	0	0	N	N	N	Y	N	N	N	N	N	N	N	N	0.0000	0.0000	0.0000	0.0000	0.0000	0.0000	0.0000	0.0000	0.0000	0.0000	0.0000	0.0000	0.0000	0.0000	0.0000	0.0000	0.0000	0.0007	0.0005	0.0012	0.0013	0.0008	0.0037	0.0002	0.0000	0.0003	1.1456	0.0000	0.0000	3.0348	9.0001	9.3583	23.0169	0.0000	0.0000	0.0000	0.0000	0.0000	0.0000	0.0000	0.0000	0.0000	0.0003	0.0001	0.0002	0.0003	0.0001	0.0001	0.0000	0.0000	0.0000	0.1750	0.1507	0.0243	0.0497	0.0456	0.0040	0.1254	0.1051	0.0203	0.3858	0.2590	0.1268	0.1954	0.1631	0.0323	0.1903	0.0959	0.0944	0.0000	0.0000	0.0000	0.0000	0.0000	0.0000	0.0000	0.0000	0.0000	0.0007	0.0005	0.0012	0.0013	0.0008	0.0037	0.0002	0.0000	0.0003		
135	148	0.5889	11	0	1	0	2	0	0	0	0	N	N	N	Y	N	N	N	N	N	N	N	N	0.0002	0.0001	0.0000	0.0003	0.0003	0.0000	0.0000	0.0000	0.0000	0.0013	0.0015	0.0000	0.0046	0.0050	0.0000	0.0000	0.0000	0.0000	6.9465	12.0002	0.0008	14.8436	16.9819	0.0000	3.2236	6.7489	0.0011	0.0000	0.0000	-0.0000	-0.3934	3.0348	1.9990	9.3583	7.9526	0.0001	0.0001	0.0000	0.0001	0.0001	0.0000	0.0000	0.0000	0.0000	0.8583	0.8583	0.0000	0.6242	0.6242	0.0000	0.2341	0.2341	0.0000	0.0405	0.0347	0.0058	0.0115	0.0106	0.0009	0.0290	0.0241	0.0049	0.1524	0.1015	0.0509	0.0797	0.0668	0.0130	0.0726	0.0347	0.0379	0.0002	0.0002	0.0000	0.0006	0.0005	0.0000	0.0000	0.0000	0.0000	5.6330	8.4582	0.0008	7.8275	9.3460	0.0000	3.2236	6.7489	0.0011
135	149	0.5569	10	1	2	0	1	0	0	0	0	N	Y	N	N	N	N	N	N	N	N	N	N	0.0004	0.0002	0.0055	0.0003	0.0003	0.0001	0.0016	0.0003	0.0053	0.0020	0.0015	0.0052	0.0042	0.0045	0.0000	0.0011	0.0000	0.0059	5.2291	7.8606	0.9382	15.2956	16.6671	0.2163	0.6407	0.0005	1.1204	0.5813	0.0761	-0.0000	-0.7369	3.0348	5.3497	9.3583	17.2225	0.0003	0.0002	0.0001	0.0002	0.0002	0.0000	0.0001	0.0000	0.0001	1.9012	1.7667	0.1345	1.7729	1.7667	0.0062	0.1283	0.0000	0.1283	0.1278	0.1095	0.0182	0.0385	0.0362	0.0023	0.0893	0.0733	0.0160	0.4184	0.2750	0.1434	0.2181	0.1893	0.0289	0.2003	0.0858	0.1145	0.0004	0.0002	0.0055	0.0005	0.0005	0.0001	0.0016	0.0003	0.0053	4.5438	6.4233	0.9382	8.1272	9.3347	0.2163	0.6407	0.0005	1.1204
135	150	0.5878	11	0	2	0	1	0	0	0	0	N	Y	N	N	N	N	N	N	N	N	N	N	0.0098	0.0003	5.0433	0.0442	0.0181	1.3027	0.0066	0.0000	6.4531	0.0212	0.0009	0.1498	0.0046	0.0021	0.0556	0.0312	0.0000	0.1641	2.1636	3.1475	0.0297	0.1048	0.1151	0.0427	4.6968	9.9511	0.0254	27.2645	0.0044	0.0013	-0.4665	3.0348	3.6794	9.3583	17.4287	0.0025	0.0001	0.0025	0.0002	0.0001	0.0001	0.0023	0.0000	0.0023	1.0275	1.0231	0.0045	0.0275	0.0259	0.0016	1.0001	0.9972	0.0029	0.1200	0.1036	0.0164	0.0453	0.0432	0.0022	0.0747	0.0605	0.0142	0.4749	0.3250	0.1499	0.2620	0.2248	0.0372	0.2129	0.1002	0.1127	0.0098	0.0003	5.0433	0.0442	0.0181	1.3027	0.0066	0.0000	6.4531	2.1636	3.1475	0.0297	0.1048	0.1151	0.0427	4.6968	9.9511	0.0254
135	151	0.5569	10	0	2	0	1	0	0	0	0	N	Y	N	N	N	N	N	N	N	N	N	N	0.1007	0.0176	0.6306	0.0355	0.0231	0.7437	0.1516	0.0251	0.5927	0.0194	0.0035	0.1147	0.0077	0.0055	0.0480	0.0249	0.0024	0.1235	0.1922	0.1978	0.1819	0.2169	0.2380	0.0645	0.1643	0.0944	0.2084	5.4881	0.4997	0.0007	-0.0074	3.0348	3.4464	9.3583	10.1316	0.0018	0.0003	0.0015	0.0002	0.0002	0.0001	0.0015	0.0001	0.0014	0.0593	0.0395	0.0198	0.0356	0.0343	0.0013	0.0237	0.0053	0.0185	0.0909	0.0779	0.0130	0.0293	0.0278	0.0015	0.0616	0.0502	0.0115	0.3084	0.1998	0.1086	0.1639	0.1440	0.0200	0.1445	0.0559	0.0886	0.1007	0.0176	0.6306	0.0355	0.0231	0.7437	0.1516	0.0251	0.5927	0.1922	0.1978	0.1819	0.2169	0.2380	0.0645	0.1643	0.0944	0.2084
135	152	0.0825	6	1	2	0	1	0	0	0	0	N	Y	N	N	N	N	N	N	N	N	N	N	0.0000	0.0000	0.0000	0.0000	0.0000	0.0000	0.0000	0.0000	0.0000	0.0000	0.0000	0.0000	0.0000	0.0000	0.0000	0.0000	0.0000	0.2012	0.0001	0.4848	0.0003	0.0004	0.0001	0.2311	0.0000	0.4988	4700.3293	0.0000	0.0254	3.0348	1.0143	9.3583	12.0086	0.0000	0.0000	0.0000	0.0000	0.0000	0.0000	0.0000	0.0000	0.0000	0.0470	0.0000	0.0470	0.0000	0.0000	0.0000	0.0470	0.0000	0.0470	0.0219	0.0184	0.0034	0.0011	0.0011	0.0000	0.0208	0.0174	0.0034	0.2336	0.1367	0.0969	0.0302	0.0275	0.0027	0.2034	0.1092	0.0942	0.0000	0.0000	0.0000	0.0000	0.0000	0.0000	0.0000	0.0000	0.0000	0.2012	0.0001	0.4848	0.0003	0.0004	0.0001	0.2311	0.0000	0.4988		
135	153	0.0802	5	1	2	0	1	0	0	0	0	N	Y	N	N	N	N	N	N	N	N	N	N	0.0000	0.0000	0.0000	0.0000	0.0000	0.0000	0.0000	0.0000	0.0000	0.0000	0.0000	0.0000	0.0000	0.0000	0.0000	0.0000	0.0000	0.0033	0.0004	0.0075	0.0018	0.0020	0.0000	0.0036	0.0000	0.0077	12.9307	0.0000	0.0000	3.0348	0.9811	9.3583	0.0216	0.0000	0.0000	0.0000	0.0000	0.0000	0.0000	0.0000	0.0000	0.0000	0.0001	0.0000	0.0001	0.0000	0.0000	0.0000	0.0001	0.0000	0.0001	0.0210	0.0177	0.0033	0.0009	0.0009	0.0000	0.0200	0.0168	0.0033	0.0192	0.0112	0.0079	0.0026	0.0023	0.0002	0.0166	0.0089	0.0077	0.0000	0.0000	0.0000	0.0000	0.0000	0.0000	0.0000	0.0000	0.0000	0.0033	0.0004	0.0075	0.0018	0.0020	0.0000	0.0036	0.0000	0.0077		
135	154	0.0757	4	1	2	0	1	0	0	0	0	N	Y	N	N	N	N	N	N	N	N	N	N	0.0000	0.0000	0.0000	0.0000	0.0000	0.0000	0.0000	0.0000	0.0000	0.0000	0.0000	0.0000	0.0000	0.0000	0.0000	0.0000	0.0000	0.0000	0.0004	0.0004	0.0003	0.0018	0.0020	0.0000	0.0001	0.0000	0.0003	0.4024	0.0000	-0.0000	3.0348	0.0083	9.3583	2.0001	0.0000	0.0000	0.0000	0.0000	0.0000	0.0000	0.0000	0.0000	0.0000	0.0000	0.0000	0.0000	0.0000	0.0000	0.0000	0.0000	0.0000	0.0000	0.0002	0.0002	0.0000	0.0000	0.0000	0.0000	0.0002	0.0002	0.0000	0.0397	0.0236	0.0161	0.0057	0.0053	0.0004	0.0339	0.0183	0.0157	0.0000	0.0000	0.0000	0.0000	0.0000	0.0000	0.0000	0.0000	0.0000	0.0004	0.0004	0.0003	0.0018	0.0020	0.0000	0.0001	0.0000	0.0003	
135	155	0.0520	3	0	2	0	1	0	0	0	0	N	Y	N	N	N	N	N	N	N	N	N	N	0.0000	0.0000	0.0000	0.0000	0.0000	0.0000	0.0000	0.0000	0.0000	0.0000	0.0000	0.0000	0.0000	0.0000	0.0000	0.0000	0.0000	0.0000	0.0386	0.0637	0.0000	0.2400	0.2475	0.0000	0.0000	0.0000	0.0000	0.0003	0.0000	-0.0040	3.0348	2.9180	9.3583	7.4065	0.0000	0.0000	0.0000	0.0000	0.0000	0.0000	0.0000	0.0000	0.0000	0.0087	0.0087	0.0000	0.0087	0.0087	0.0000	0.0000	0.0000	0.0000	0.0641	0.0539	0.0102	0.0046	0.0041	0.0005	0.0595	0.0498	0.0097	0.2254	0.1366	0.0888	0.0362	0.0351	0.0011	0.1892	0.1015	0.0877	0.0000	0.0000	0.0000	0.0000	0.0000	0.0000	0.0000	0.0000	0.0000	0.0386	0.0637	0.0000	0.2400	0.2475	0.0000	0.0000	0.0000	0.0000	
135	161	0.6075	14	1	2	0	1	0	0	0	0	N	Y	N	N	N	N	N	N	N	N	N	N	0.0000	0.0000	0.0000	0.0000	0.0000	0.0000	0.0000	0.0000	0.0000	0.0000	0.0000	0.0000	0.0000	0.0000	0.0000	0.0000	0.0000	0.0003	0.0004	0.0000	0.0005	0.0006	0.0001	0.0000	0.0000	0.0000	0.0233	0.0000	-0.0000	3.0348	0.0002	9.3583	3.0099	0.0000	0.0000	0.0000	0.0000	0.0000	0.0000	0.0000	0.0000	0.0000	0.0000	0.0000	0.0000	0.0000	0.0000	0.0000	0.0000	0.0000	0.0000	0.0000	0.0000	0.0000	0.0000	0.0000	0.0000	0.0000	0.0000	0.0000	0.0415	0.0279	0.0136	0.0213	0.0178	0.0036	0.0202	0.0101	0.0100	0.0000	0.0000	0.0000	0.0000	0.0000	0.0000	0.0000	0.0000	0.0000	0.0003	0.0004	0.0000	0.0005	0.0006	0.0001	0.0000	0.0000	0.0000		
135	162	0.5998	13	1	2	0	1	0	0	0	0	N	Y	N	N	N	N	N	N	N	N	N	N	0.0000	0.0000	0.0000	0.0000	0.0000	0.0000	0.0000	0.0000	0.0000	0.0000	0.0000	0.0000	0.0000	0.0000	0.0000	0.0000	0.0000	0.0000	0.0003	0.0000	0.0008	0.0000	0.0000	0.0000	0.0006	0.0000	0.0011	31.0683	0.0000	0.0000	3.0348	0.9998	9.3583	2.0118	0.0000	0.0000	0.0000	0.0000	0.0000	0.0000	0.0000	0.0000	0.0000	0.0000	0.0000	0.0000	0.0000	0.0000	0.0000	0.0000	0.0000	0.0000	0.0201	0.0173	0.0028	0.0057	0.0052	0.0005	0.0144	0.0121	0.0024	0.0405	0.0270	0.0135	0.0208	0.0173	0.0036	0.0197	0.0098	0.0099	0.0000	0.0000	0.0000	0.0000	0.0000	0.0000	0.0000	0.0000	0.0000	0.0003	0.0000	0.0008	0.0000	0.0000	0.0000	0.0006	0.0000	0.0011	
135	163	0.5998	12	1	2	0	1	0	0	0	0	N	Y	N	N	N	N	N	N	N	N	N	N	0.0000	0.0000	0.0000	0.0000	0.0000	0.0000	0.0000	0.0000	0.0000	0.0000	0.0000	0.0000	0.0000	0.0000	0.0000	0.0012	0.0010	0.0024	0.0025	0.0018	0.0150	0.0000	0.0000	0.0000	0.4545	0.0000	-0.0000	3.0348	0.0000	9.3583	0.0003	0.0000	0.0000	0.0000	0.0000	0.0000	0.0000	0.0000	0.0000	0.0000	0.0000	0.0000	0.0000	0.0000	0.0000	0.0000	0.0000	0.0000	0.0000	0.0000	0.0000	0.0000	0.0000	0.0000	0.0000	0.0000	0.0000	0.0000	0.0000	0.0000	0.0000	0.0000	0.0000	0.0000	0.0000	0.0000	0.0000	0.0000	0.0000	0.0000	0.0000	0.0000	0.0000	0.0000	0.0000	0.0000	0.0012	0.0010	0.0024	0.0025	0.0018	0.0150	0.0000	0.0000	0.0000				
135	164	0.5889	11	0	2	0	1	0	0	0	0	N	Y	N	N	N	N	N	N	N	N	N	N	0.0173	501.1597	0.0000	0.0658	2016.1199	0.0000	0.0000	0.0000	0.0000	0.0924	0.1284	0.0000	0.2034	0.2060	0.0000	0.0000	0.0000	0.0000	5.3492	0.0003	31.2588	3.0912	0.0001	34.7853	6.4951	0.0006	18.8094	0.0000	27337.3759	-0.0000	0.2042	3.0348	0.0063	9.3583	4.3641	0.0001	0.0001	0.0000	0.0001	0.0001	0.0000	0.0000	0.0000	0.0000	0.3771	0.0000	0.3771	0.1344	0.0000	0.1344	0.2427	0.0000	0.2427	0.0006	0.0004	0.0002	0.0003	0.0003	0.0000	0.0003	0.0002	0.0002	0.0808	0.0538	0.0270	0.0435	0.0367	0.0068	0.0374	0.0171	0.0202	0.0198	501.1597	0.0000	0.0658	2016.1199	0.0000	0.0000	0.0000	0.0000	4.6646	0.0003	13.9638	3.0912	0.0001	19.8742	6.4951	0.0006	11.9894
135	165	0.5569	10	0	1	0	1	0	0	0	0	N	N	N	N	N	N	N	N	N	N	N	N	0.1701	0.7223	0.0000	353.9544	554.9252	0.0039	0.0000	0.0000	0.0000	0.4369	0.5096	0.0000	1.2862	1.3476	0.0000	0.0000	0.0000	0.0000	2.5692	0.7055	5.9744	0.0036	0.0024	0.0125	5.4985	2.5668	7.2918	0.0000	4.6343	-0.0140	0.2762	3.0348	2.5207	9.3583	10.0226	0.0318	0.0318	0.0000	0.0318	0.0318	0.0000	0.0000	0.0000	0.0000	0.7586	0.1346	0.6240	0.0006	0.0003	0.0002	0.7580	0.1343	0.6237	0.0728	0.0624	0.0104	0.0247	0.0236	0.0011	0.0480	0.0388	0.0092	0.2953	0.1908	0.1044	0.1574	0.1385	0.0189	0.1379	0.0523	0.0855	0.1701	0.7223	0.0000	353.9544	554.9252	0.0039	0.0000	0.0000	0.0000	2.5692	0.7055	5.9744	0.0036	0.0024	0.0125	5.4985	2.5668	7.2918
135	166	0.5414	9	0	1	0	1	0	0	0	0	N	N	N	N	N	N	N	N	N	N	N	N	0.0168	0.0832	0.0049	0.1345	0.1547	0.0073	0.0013	0.0000	0.0042	0.0042	0.0044	0.0033	0.0086	0.0089	0.0007	0.0007	0.0000	0.0039	0.2521	0.0523	0.6803	0.0639	0.0578	0.0973	0.5169	0.0378	0.9125	0.0973	6.0676	-0.0001	0.0170	3.0348	2.6894	9.3583	4.6619	0.0004	0.0003	0.0000	0.0003	0.0003	0.0000	0.0000	0.0000	0.0000	0.0425	0.0060	0.0365	0.0063	0.0048	0.0015	0.0362	0.0012	0.0350	0.0849	0.0753	0.0095	0.0382	0.0366	0.0016	0.0466	0.0387	0.0079	0.1687	0.1150	0.0537	0.0986	0.0833	0.0153	0.0701	0.0317	0.0384	0.0168	0.0832	0.0049	0.1345	0.1547	0.0073	0.0013	0.0000	0.0042	0.2521	0.0523	0.6803	0.0639	0.0578	0.0973	0.5169	0.0378	0.9125
135	167	0.5029	8	0	1	0	1	0	0	0	0	N	N	N	N	N	N	N	N	N	N	N	N	0.1095	0.0426	0.2931	0.4264	0.1354	5.9416	0.0482	0.0000	0.1562	0.0043	0.0008	0.0241	0.0092	0.0031	0.0835	0.0027	0.0000	0.0161	0.0388	0.0184	0.0822	0.0216	0.0229	0.0141	0.0570	0.0102	0.1030	5.3872	2.1091	0.0001	0.0017	3.0348	2.7966	9.3583	8.5340	0.0002	0.0000	0.0002	0.0001	0.0000	0.0001	0.0001	0.0000	0.0001	0.0075	0.0024	0.0051	0.0021	0.0019	0.0002	0.0054	0.0005	0.0049	0.0542	0.0461	0.0081	0.0126	0.0116	0.0010	0.0416	0.0345	0.0071	0.1937	0.1317	0.0620	0.0994	0.0849	0.0145	0.0943	0.0468	0.0476	0.1095	0.0426	0.2931	0.4264	0.1354	5.9416	0.0482	0.0000	0.1562	0.0388	0.0184	0.0822	0.0216	0.0229	0.0141	0.0570	0.0102	0.1030
136	137	0.6009	13	0	1	0	2	0	0	0	0	N	N	N	Y	N	N	N	N	N	N	N	N	0.0000	0.0000	0.0000	0.0000	0.0000	0.0000	0.0000	0.0000	0.0000	0.0000	0.0000	0.0000	0.0000	0.0000	0.0000	0.0000	0.0000	0.0000	0.0000	0.0000	0.0433	0.0000	6.6805	0.0000	0.0000	0.0000	0.0000	0.0000	0.0000	0.0000	0.0000	0.0000	0.0000	0.0000	0.0000	0.0000	0.0000	0.0000	0.0000	0.0000	0.0000	0.0000	0.0000	0.0000	0.0000	0.0000	0.0000	0.0000	0.0000	0.0000	0.0000	0.0000	0.0000	0.0000	0.0000	0.0000	0.0000	0.0000	0.0000	0.0000	0.0000	0.0000	0.0000	0.0000	0.0000	0.0000	0.0000	0.0000	0.0000	0.0000	0.0000	0.0000	0.0000	0.0000	0.0000	0.0000	0.0000	0.0000											
136	138	0.5958	12	0	1	0	2	0	0	0	0	N	N	N	Y	N	N	N	N	N	N	N	N	0.0000	0.0000	0.0000	0.0000	0.0000	0.0000	0.0000	0.0000	0.0000	0.0000	0.0000	0.0000	0.0000	0.0000	0.0000	0.0000	0.0000	0.0398	0.0151	0.0900	0.0000	0.0000	0.0000	0.0824	0.0414	0.1246	2.9264	0.0000	0.0002	0.0433	0.0021	6.6805	2.0000	0.0000	0.0000	0.0000	0.0000	0.0000	0.0000	0.0000	0.0000	0.0000	0.0005	0.0001	0.0004	0.0000	0.0000	0.0000	0.0005	0.0001	0.0004	0.0000	0.0000	0.0000	0.0000	0.0000	0.0000	0.0000	0.0000	0.0000	0.0138	0.0092	0.0045	0.0071	0.0059	0.0013	0.0067	0.0034	0.0033	0.0000	0.0000	0.0000	0.0000	0.0000	0.0000	0.0000	0.0000	0.0000	0.0398	0.0151	0.0900	0.0000	0.0000	0.0000	0.0824	0.0414	0.1246		
136	139	0.5856	11	0	0	0	2	0	0	0	0	N	N	N	Y	N	N	N	N	N	N	N	N	0.0000	0.3541	0.0000	0.6920	0.6130	0.0000	0.0000	0.0000	0.0022	0.0026	0.0000	0.0067	0.0071	0.0000	0.0000	0.0000	0.0000	76.0612	0.0072	243.1097	0.0096	0.0116	0.0000	71.0250	0.0000	259.4193	0.0000	7279.3448	-0.0000	0.5153	0.0433	1.0020	6.6805	3.0181	0.0000	0.0000	0.0000	0.0000	0.0000	0.0000	0.0000	0.0000	0.0000	0.9516	0.0001	0.9515	0.0001	0.0001	0.0000	0.9515	0.0000	0.9515	0.0004	0.0003	0.0001	0.0001	0.0001	0.0000	0.0002	0.0002	0.0000	0.0270	0.0180	0.0089	0.0136	0.0113	0.0023	0.0134	0.0068	0.0066	0.0001	0.3541	0.0000	0.6920	0.6130	0.0000	0.0000	0.0000	0.0000	35.2918	0.0072	106.4909	0.0096	0.0116	0.0000	71.0250	0.0000	143.4639	
136	140	0.5712	11	0	1	0	1	0	0	0	0	N	N	N	N	N	N	N	N	N	N	N	N	0.0000	0.0000	0.0000	0.0000	0.0000	0.0000	0.0000	0.0000	0.0000	0.0000	0.0000	0.0000	0.0000	0.0000	0.0000	0.0000	0.0000	0.0000	0.0000	0.0000	0.0000	0.0000	0.0000	0.0000	0.3333	0.0000	-0.0000	0.0433	0.0000	6.6805	4.0001	0.0000	0.0000	0.0000	0.0000	0.0000	0.0000	0.0000	0.0000	0.0000	0.0000	0.0000	0.0000	0.0000	0.0000	0.0000	0.0000	0.0000	0.0000	0.0000	0.0000	0.0000	0.0000	0.0000	0.0000	0.0000	0.0000	0.0000	0.0270	0.0179	0.0091	0.0136	0.0112	0.0024	0.0134	0.0067	0.0067	0.0000	0.0000	0.0000	0.0000	0.0000	0.0000	0.0000	0.0000	0.0000	0.0000	0.0000	0.0000	0.0000	0.0000	0.0000	0.0000	0.0000	0.0000				
136	141	0.0471	3	0	1	0	1	0	0	0	0	N	N	N	N	N	N	N	N	N	N	N	N	1.1340	0.7683	0.0000	0.0031	0.0030	0.0000	35.1167	2760.7865	0.0000	0.0042	0.0049	0.0000	0.0002	0.0002	0.0000	0.0052	0.0062	0.0000	0.0037	0.0064	0.0003	0.0569	0.0656	0.0002	0.0001	0.0000	0.0003	0.0000	0.0389	-0.0000	-0.0001	0.0433	1.0003	6.6805	5.0186	0.0000	0.0000	0.0000	0.0000	0.0000	0.0000	0.0000	0.0000	0.0000	0.0002	0.0002	0.0000	0.0002	0.0002	0.0000	0.0000	0.0000	0.0000	0.0004	0.0003	0.0001	0.0001	0.0001	0.0000	0.0003	0.0002	0.0000	0.0559	0.0311	0.0248	0.0035	0.0030	0.0005	0.0524	0.0280	0.0244	1.1340	0.7683	0.0000	0.0031	0.0030	0.0000	35.1167	2760.7865	0.0000	0.0037	0.0064	0.0003	0.0569	0.0656	0.0002	0.0001	0.0000	0.0003
136	142	0.5856	11	0	0	1	2	0	0	0	0	N	N	N	Y	N	N	N	N	N	N	N	N	0.7425	2.0000	0.0000	1.5328	1.2786	0.0000	0.0000	0.0000	0.0000	0.2449	0.4797	0.0000	0.4902	0.4924	0.0000	0.0000	0.0000	0.0000	0.3298	0.2399	0.5114	0.3198	0.3851	0.0020	0.3399	0.0000	0.6887	0.0000	1.0564	-0.0000	0.0011	0.0433	0.0001	6.6805	9.0026	0.0000	0.0000	0.0000	0.0000	0.0000	0.0000	0.0000	0.0000	0.0000	0.0195	0.0095	0.0100	0.0095	0.0095	0.0000	0.0100	0.0000	0.0100	0.0000	0.0000	0.0000	0.0000	0.0000	0.0000	0.0000	0.0000	0.0000	0.0592	0.0396	0.0196	0.0297	0.0247	0.0051	0.0295	0.0149	0.0146	0.7425	2.0000	0.0000	1.5328	1.2786	0.0000	0.0000	0.0000	0.0000	0.3298	0.2399	0.5114	0.3198	0.3851	0.0020	0.3399	0.0000	0.6887
136	145	0.0234	2	0	0	1	2	0	0	0	0	N	N	N	Y	N	N	N	N	N	N	N	N	2.4938	3.8399	0.0000	0.7790	1.0178	0.0000	0.0571	2.1262	0.0000	0.2182	0.3052	0.0000	0.3875	0.5185	0.0000	0.0027	0.0041	0.0000	0.0875	0.0795	0.0977	0.4974	0.5094	0.0058	0.0480	0.0019	0.0981	0.0000	0.9631	-0.0003	0.0006	0.0433	2.1261	6.6805	18.6477	0.0008	0.0008	0.0000	0.0008	0.0008	0.0000	0.0000	0.0000	0.0000	0.0182	0.0093	0.0090	0.0091	0.0091	0.0000	0.0091	0.0002	0.0090	0.0036	0.0026	0.0010	0.0020	0.0015	0.0005	0.0016	0.0011	0.0005	0.2086	0.1170	0.0916	0.0183	0.0179	0.0004	0.1903	0.0991	0.0912	2.4938	3.8399	0.0000	0.7790	1.0178	0.0000	0.0571	2.1262	0.0000	0.0875	0.0795	0.0977	0.4974	0.5094	0.0058	0.0480	0.0019	0.0981
136	146	0.5856	11	0	0	1	2	0	0	0	0	N	N	N	Y	N	N	N	N	N	N	N	N	0.0000	0.0518	0.0000	0.1314	0.1164	0.0000	0.0000	0.0000	0.0011	0.0013	0.0000	0.0034	0.0036	0.0000	0.0000	0.0000	0.0000	31.7745	0.0250	140.6468	0.0257	0.0310	0.0000	36.8651	0.0150	173.4410	0.0000	1098.7226	-0.0000	0.5238	0.0433	2.0001	6.6805	5.9880	0.0000	0.0000	0.0000	0.0000	0.0000	0.0000	0.0000	0.0000	0.0000	0.9687	0.0009	0.9678	0.0007	0.0007	0.0000	0.9680	0.0002	0.9678	0.0007	0.0006	0.0001	0.0002	0.0002	0.0000	0.0005	0.0004	0.0001	0.0528	0.0353	0.0175	0.0265	0.0220	0.0045	0.0263	0.0133	0.0130	0.0001	0.0518	0.0000	0.1314	0.1164	0.0000	0.0000	0.0000	0.0000	18.3623	0.0250	55.3709	0.0257	0.0310	0.0000	36.8651	0.0150	74.6362	
136	147	0.5856	11	0	0	1	2	0	0	0	0	N	N	N	Y	N	N	N	N	N	N	N	N	0.0407	0.0329	0.0000	0.0685	0.0605	0.0000	0.0000	0.0000	0.0003	0.0003	0.0000	0.0008	0.0008	0.0000	0.0000	0.0000	0.0000	0.0062	0.0090	0.0005	0.0114	0.0137	0.0000	0.0011	0.0014	0.0007	0.0000	0.0295	-0.0000	-0.0005	0.0433	9.0001	6.6805	23.0169	0.0000	0.0000	0.0000	0.0000	0.0000	0.0000	0.0000	0.0000	0.0000	0.0012	0.0012	0.0000	0.0011	0.0011	0.0000	0.0001	0.0001	0.0000	0.0030	0.0026	0.0005	0.0010	0.0009	0.0001	0.0021	0.0017	0.0004	0.1943	0.1299	0.0644	0.0965	0.0799	0.0166	0.0978	0.0500	0.0478	0.0407	0.0329	0.0000	0.0685	0.0605	0.0000	0.0000	0.0000	0.0000	0.0062	0.0090	0.0005	0.0114	0.0137	0.0000	0.0011	0.0014	0.0007	
136	148	0.5603	10	0	0	0	2	0	0	0	0	N	N	N	Y	N	N	N	N	N	N	N	N	73.9389	70.9266	6.9692	174.4605	160.5229	0.0055	1.2514	0.0031	6.8803	8.6787	10.5322	0.3887	25.8650	27.4288	0.0002	0.1067	0.0003	0.4337	0.1174	0.1485	0.0558	0.1483	0.1709	0.0341	0.0853	0.1086	0.0630	0.0083	0.1897	-0.0028	-0.0026	0.0433	1.9990	6.6805	7.9526	0.0064	0.0064	0.0001	0.0064	0.0064	0.0000	0.0001	0.0000	0.0001	0.0087	0.0073	0.0014	0.0056	0.0054	0.0002	0.0031	0.0019	0.0012	0.0007	0.0006	0.0001	0.0002	0.0002	0.0000	0.0005	0.0004	0.0001	0.0739	0.0491	0.0248	0.0377	0.0314	0.0062	0.0362	0.0176	0.0186	73.9389	70.9266	6.9692	174.4605	160.5229	0.0055	1.2514	0.0031	6.8803	0.1174	0.1485	0.0558	0.1483	0.1709	0.0341	0.0853	0.1086	0.0630
136	149	0.5283	9	1	1	0	1	0	0	0	0	N	N	N	N	N	N	N	N	N	N	N	N	0.0204	0.0407	0.0149	0.0507	0.0454	0.0038	0.0152	0.3880	0.0129	0.1241	0.0860	0.3403	0.1409	0.1483	0.0011	0.1161	0.0506	0.3815	6.0709	2.1143	22.7881	2.7807	3.2697	0.2851	7.6152	0.1305	29.4941	0.6981	2.6204	-0.0000	0.2307	0.0433	5.3497	6.6805	17.2225	0.0003	0.0002	0.0001	0.0001	0.0001	0.0000	0.0002	0.0001	0.0001	0.8692	0.2401	0.6291	0.2386	0.2346	0.0040	0.6305	0.0055	0.6251	0.0021	0.0018	0.0003	0.0007	0.0006	0.0000	0.0014	0.0011	0.0003	0.1686	0.1135	0.0551	0.0858	0.0718	0.0141	0.0828	0.0418	0.0410	0.0241	0.0407	0.0298	0.0507	0.0454	0.0038	0.0152	0.3880	0.0250	5.1547	2.1143	11.4230	2.7807	3.2697	0.2851	7.6152	0.1305	15.2417
136	150	0.5591	10	0	1	0	1	0	0	0	0	N	N	N	N	N	N	N	N	N	N	N	N	2.2598	1.8175	0.0726	3.1964	2.8089	0.2188	0.0045	0.0000	0.0558	1.3289	1.5338	0.0001	3.4419	3.5978	0.0001	0.0000	0.0000	0.0001	0.5881	0.8439	0.0011	1.0768	1.2809	0.0006	0.0031	0.0047	0.0013	0.0000	0.0006	-0.0011	-0.0560	0.0433	3.6794	6.6805	17.4287	0.0025	0.0025	0.0000	0.0025	0.0025	0.0000	0.0000	0.0000	0.0000	0.1223	0.1222	0.0001	0.1220	0.1220	0.0000	0.0003	0.0002	0.0001	0.0018	0.0016	0.0002	0.0007	0.0007	0.0000	0.0011	0.0009	0.0002	0.2079	0.1448	0.0631	0.1133	0.0952	0.0181	0.0946	0.0496	0.0451	2.2598	1.8175	0.0726	3.1964	2.8089	0.2188	0.0045	0.0000	0.0558	0.5881	0.8439	0.0011	1.0768	1.2809	0.0006	0.0031	0.0047	0.0013
136	151	0.5283	9	0	1	0	1	0	0	0	0	N	N	N	N	N	N	N	N	N	N	N	N	0.5348	0.6108	0.2342	1.2113	1.0698	1.1222	0.0907	0.1420	0.1916	1.1483	1.2526	0.5509	3.0715	3.2117	0.0714	0.1558	0.0418	0.6054	2.1470	2.0509	2.3520	2.5357	3.0020	0.0636	1.7175	0.2943	3.1602	0.0768	0.5377	-0.0006	-0.0266	0.0433	3.4464	6.6805	10.1316	0.0017	0.0016	0.0001	0.0015	0.0015	0.0000	0.0001	0.0000	0.0001	0.2447	0.1592	0.0856	0.1517	0.1511	0.0006	0.0930	0.0080	0.0850	0.0015	0.0012	0.0002	0.0005	0.0005	0.0000	0.0010	0.0008	0.0002	0.1140	0.0776	0.0364	0.0598	0.0503	0.0095	0.0542	0.0273	0.0269	0.5348	0.6108	0.2342	1.2113	1.0698	1.1222	0.0907	0.1420	0.1916	2.1470	2.0509	2.3520	2.5357	3.0020	0.0636	1.7175	0.2943	3.1602
136	152	0.0538	5	1	1	0	1	0	0	0	0	N	N	N	N	N	N	N	N	N	N	N	N	0.0000	0.0000	0.0000	0.0000	0.0000	0.0000	0.0000	0.0000	0.0000	0.0000	0.0000	0.0000	0.0000	0.0000	0.0000	0.0000	0.0000	0.0000	11.6804	0.0005	43.9971	0.0029	0.0034	0.0000	8.7687	0.0002	40.9911	32638.1436	0.0000	0.5153	0.0433	1.0143	6.6805	12.0086	0.0000	0.0000	0.0000	0.0000	0.0000	0.0000	0.0000	0.0000	0.0000	0.9514	0.0000	0.9514	0.0000	0.0000	0.0000	0.9514	0.0000	0.9514	0.0004	0.0003	0.0001	0.0001	0.0001	0.0000	0.0003	0.0002	0.0000	0.1152	0.0638	0.0514	0.0067	0.0057	0.0010	0.1085	0.0581	0.0504	0.0000	0.0000	0.0000	0.0000	0.0000	0.0000	0.0000	0.0000	0.0000	8.2577	0.0005	18.5089	0.0029	0.0034	0.0000	8.7687	0.0002	18.8926	
136	153	0.0516	4	1	1	0	1	0	0	0	0	N	N	N	N	N	N	N	N	N	N	N	N	0.0000	0.0000	0.0000	0.0000	0.0000	0.0000	0.0000	0.0000	0.0000	0.0000	0.0000	0.0000	0.0000	0.0000	0.0000	0.0000	0.0000	0.1358	0.0164	0.2843	0.1442	0.1677	0.0000	0.1352	0.0001	0.2901	13.9251	0.0000	0.0006	0.0433	0.9811	6.6805	0.0216	0.0000	0.0000	0.0000	0.0000	0.0000	0.0000	0.0000	0.0000	0.0000	0.0013	0.0001	0.0012	0.0001	0.0001	0.0000	0.0012	0.0000	0.0012	0.0004	0.0003	0.0001	0.0001	0.0001	0.0000	0.0003	0.0002	0.0000	0.0095	0.0053	0.0042	0.0006	0.0005	0.0001	0.0089	0.0047	0.0041	0.0000	0.0000	0.0000	0.0000	0.0000	0.0000	0.0000	0.0000	0.0000	0.1358	0.0164	0.2843	0.1442	0.1677	0.0000	0.1352	0.0001	0.2901		
136	154	0.0471	3	1	1	0	1	0	0	0	0	N	N	N	N	N	N	N	N	N	N	N	N	23.8553	56.8964	0.0000	0.0891	0.1146	0.0000	71.9528	60196.5710	0.0000	0.1626	0.2064	0.0000	0.0023	0.0033	0.0000	0.3719	0.4131	0.0000	0.0068	0.0036	0.0109	0.0260	0.0289	0.0014	0.0052	0.0000	0.0111	0.0000	2.3291	-0.0000	0.0000	0.0433	0.0083	6.6805	2.0001	0.0000	0.0000	0.0000	0.0000	0.0000	0.0000	0.0000	0.0000	0.0000	0.0001	0.0000	0.0001	0.0000	0.0000	0.0000	0.0001	0.0000	0.0001	0.0000	0.0000	0.0000	0.0000	0.0000	0.0000	0.0000	0.0000	0.0000	0.0197	0.0111	0.0086	0.0016	0.0014	0.0002	0.0182	0.0097	0.0084	23.8553	56.8964	0.0000	0.0891	0.1146	0.0000	71.9528	60196.5710	0.0000	0.0068	0.0036	0.0109	0.0260	0.0289	0.0014	0.0052	0.0000	0.0111
136	155	0.0234	2	0	1	0	1	0	0	0	0	N	N	N	N	N	N	N	N	N	N	N	N	8.4082	10.0467	0.0000	0.1558	0.2048	0.0000	43.2145	4257.5419	0.0000	1.5212	2.1006	0.0000	0.1346	0.1792	0.0000	3.0656	4.4135	0.0000	0.1809	0.2091	0.1428	0.8636	0.8753	0.0038	0.0709	0.0010	0.1434	0.0000	0.5043	-0.0026	-0.0028	0.0433	2.9180	6.6805	7.4065	0.0058	0.0058	0.0000	0.0003	0.0003	0.0000	0.0056	0.0056	0.0000	0.0224	0.0149	0.0075	0.0148	0.0148	0.0000	0.0076	0.0001	0.0075	0.0038	0.0028	0.0011	0.0020	0.0015	0.0005	0.0018	0.0013	0.0006	0.1239	0.0712	0.0526	0.0172	0.0170	0.0002	0.1067	0.0543	0.0524	8.4082	10.0467	0.0000	0.1558	0.2048	0.0000	43.2145	4257.5419	0.0000	0.1809	0.2091	0.1428	0.8636	0.8753	0.0038	0.0709	0.0010	0.1434
136	161	0.5788	13	1	1	0	1	0	0	0	0	N	N	N	N	N	N	N	N	N	N	N	N	0.0000	0.0000	0.0000	0.0000	0.0000	0.0000	0.0000	0.0000	0.0000	0.0000	0.0000	0.0000	0.0000	0.0000	0.0000	0.0000	0.0000	0.0014	0.0013	0.0016	0.0017	0.0021	0.0001	0.0011	0.0000	0.0022	0.6296	0.0000	-0.0000	0.0433	0.0002	6.6805	3.0099	0.0000	0.0000	0.0000	0.0000	0.0000	0.0000	0.0000	0.0000	0.0000	0.0000	0.0000	0.0000	0.0000	0.0000	0.0000	0.0000	0.0000	0.0000	0.0000	0.0000	0.0000	0.0000	0.0000	0.0000	0.0000	0.0000	0.0000	0.0210	0.0141	0.0070	0.0106	0.0088	0.0018	0.0104	0.0053	0.0051	0.0000	0.0000	0.0000	0.0000	0.0000	0.0000	0.0000	0.0000	0.0000	0.0014	0.0013	0.0016	0.0017	0.0021	0.0001	0.0011	0.0000	0.0022		
136	162	0.5712	12	1	1	0	1	0	0	0	0	N	N	N	N	N	N	N	N	N	N	N	N	0.0000	0.0000	0.0000	0.0000	0.0000	0.0000	0.0000	0.0000	0.0000	0.0000	0.0000	0.0000	0.0000	0.0000	0.0000	0.0000	0.0000	0.0000	0.0014	0.0009	0.0026	0.0011	0.0014	0.0000	0.0018	0.0001	0.0035	1.4965	0.0000	0.0000	0.0433	0.9998	6.6805	2.0118	0.0000	0.0000	0.0000	0.0000	0.0000	0.0000	0.0000	0.0000	0.0000	0.0000	0.0000	0.0000	0.0000	0.0000	0.0000	0.0000	0.0000	0.0000	0.0003	0.0003	0.0001	0.0001	0.0001	0.0000	0.0002	0.0002	0.0000	0.0204	0.0135	0.0069	0.0103	0.0085	0.0018	0.0101	0.0051	0.0050	0.0000	0.0000	0.0000	0.0000	0.0000	0.0000	0.0000	0.0000	0.0000	0.0014	0.0009	0.0026	0.0011	0.0014	0.0000	0.0018	0.0001	0.0035	
136	163	0.5712	11	1	1	0	1	0	0	0	0	N	N	N	N	N	N	N	N	N	N	N	N	0.0000	0.0000	0.0000	0.0000	0.0000	0.0000	0.0000	0.0000	0.0000	0.0000	0.0000	0.0000	0.0000	0.0000	0.0000	0.0000	0.0000	0.0030	0.0033	0.0015	0.0029	0.0026	0.0097	0.0031	0.0042	0.0000	0.0847	0.0000	-0.0000	0.0433	0.0000	6.6805	0.0003	0.0000	0.0000	0.0000	0.0000	0.0000	0.0000	0.0000	0.0000	0.0000	0.0000	0.0000	0.0000	0.0000	0.0000	0.0000	0.0000	0.0000	0.0000	0.0000	0.0000	0.0000	0.0000	0.0000	0.0000	0.0000	0.0000	0.0000	0.0000	0.0000	0.0000	0.0000	0.0000	0.0000	0.0000	0.0000	0.0000	0.0000	0.0000	0.0000	0.0000	0.0000	0.0000	0.0000	0.0000	0.0000	0.0030	0.0033	0.0015	0.0029	0.0026	0.0097	0.0031	0.0042	0.0000		
136	164	0.5603	10	0	1	0	1	0	0	0	0	N	N	N	N	N	N	N	N	N	N	N	N	1.6685	0.0093	1.9794	0.0077	0.0001	2.1147	2.8949	5.6546	1.6500	0.9439	0.0032	1.9936	0.0038	0.0000	0.7577	1.8720	0.0506	2.0001	0.5657	0.3450	1.0072	0.4917	0.5158	0.3583	0.6467	0.0090	1.2121	556.8469	1.4595	0.0000	0.0029	0.0433	0.0063	6.6805	4.3641	0.0001	0.0000	0.0001	0.0000	0.0000	0.0000	0.0001	0.0000	0.0001	0.0214	0.0087	0.0127	0.0097	0.0086	0.0011	0.0117	0.0001	0.0116	0.0001	0.0000	0.0000	0.0000	0.0000	0.0000	0.0000	0.0000	0.0000	0.0378	0.0252	0.0126	0.0197	0.0167	0.0030	0.0181	0.0085	0.0096	1.6685	0.0093	1.9794	0.0077	0.0001	2.1147	2.8949	5.6546	1.6500	0.5657	0.3450	1.0072	0.4917	0.5158	0.3583	0.6467	0.0090	1.2121
136	165	0.5283	9	0	0	0	1	0	0	0	0	N	N	N	N	N	N	N	N	N	N	N	N	337.4842	3.5726	935.0029	5.0621	4.4849	3.5067	261.1952	2.2253	764.2082	27.5975	0.0959	186.7002	0.0431	0.0448	0.0022	42.7474	0.1299	206.6008	0.0818	0.0268	0.1997	0.0085	0.0100	0.0006	0.1637	0.0584	0.2703	336.5261	3.4658	0.0177	0.0028	0.0433	2.5207	6.6805	10.0226	0.0318	0.0001	0.0317	0.0000	0.0000	0.0000	0.0318	0.0001	0.0317	0.0088	0.0020	0.0068	0.0005	0.0005	0.0000	0.0083	0.0015	0.0068	0.0012	0.0010	0.0002	0.0004	0.0004	0.0000	0.0007	0.0006	0.0002	0.1075	0.0733	0.0342	0.0567	0.0478	0.0090	0.0508	0.0255	0.0252	337.4842	3.5726	935.0029	5.0621	4.4849	3.5067	261.1952	2.2253	764.2082	0.0818	0.0268	0.1997	0.0085	0.0100	0.0006	0.1637	0.0584	0.2703
136	166	0.5128	8	0	0	0	1	0	0	0	0	N	N	N	N	N	N	N	N	N	N	N	N	0.0109	0.1558	0.0127	0.0827	0.0726	0.0027	0.0132	0.4271	0.0131	0.2680	0.0964	1.5142	0.0521	0.0541	0.0002	0.4494	0.1386	1.7704	24.6410	0.6188	119.5631	0.6294	0.7457	0.0757	33.9485	0.3244	135.5008	2.1634	33.9445	0.0001	0.5775	0.0433	2.6894	6.6805	4.6619	0.0004	0.0001	0.0002	0.0000	0.0000	0.0000	0.0003	0.0001	0.0002	1.1258	0.0322	1.0936	0.0277	0.0271	0.0006	1.0981	0.0051	1.0930	0.0013	0.0012	0.0002	0.0006	0.0006	0.0000	0.0007	0.0006	0.0001	0.0764	0.0521	0.0243	0.0440	0.0364	0.0076	0.0323	0.0157	0.0167	0.0182	0.1558	0.0337	0.0827	0.0726	0.0027	0.0132	0.4271	0.0270	14.7422	0.6188	44.9971	0.6294	0.7457	0.0757	33.9485	0.3244	65.5973
136	167	0.4743	7	0	0	0	1	0	0	0	0	N	N	N	N	N	N	N	N	N	N	N	N	0.2773	8.0651	0.0888	593.5727	567.7081	3.1023	0.0304	0.0578	0.0769	0.2566	0.2598	0.2390	0.8059	0.8570	0.0016	0.0548	0.0048	0.2663	0.9252	0.0322	2.6915	0.0014	0.0015	0.0005	1.8047	0.0827	3.4628	0.1702	42.2401	-0.0001	0.0454	0.0433	2.7966	6.6805	8.5340	0.0002	0.0002	0.0000	0.0002	0.0002	0.0000	0.0000	0.0000	0.0000	0.0876	0.0020	0.0856	0.0001	0.0001	0.0000	0.0876	0.0020	0.0856	0.0009	0.0008	0.0001	0.0002	0.0002	0.0000	0.0007	0.0005	0.0001	0.0947	0.0629	0.0318	0.0462	0.0391	0.0071	0.0485	0.0238	0.0247	0.2773	8.0651	0.0888	593.5727	567.7081	3.1023	0.0304	0.0578	0.0769	0.9252	0.0322	2.6915	0.0014	0.0015	0.0005	1.8047	0.0827	3.4628
137	140	0.0516	5	0	2	0	1	0	0	0	0	N	Y	N	N	N	N	N	N	N	N	N	N	0.0000	0.0000	0.0000	0.0000	0.0000	0.0000	0.0000	0.0000	0.0000	0.0000	0.0000	0.0000	0.0000	0.0000	0.0000	0.0000	0.0000	0.0000	0.0000	0.0000	0.0000	0.0000	0.0000	4.0001	0.0000	0.0000	0.0000	0.0000	0.0000	0.0000	0.0000	0.0000	0.0000	0.0000	0.0000	0.0000	0.0000	0.0000	0.0000	0.0000	0.0000	0.0000	0.0000	0.0000	0.0000	0.0000	0.0000	0.0000	0.0000	0.0000	0.0000	0.0000	0.0000	0.0000	0.0000	0.0000	0.0000	0.0000	0.0000	0.0000	0.0000	0.0000	0.0000	0.0000	0.0000	0.0000	0.0000	0.0000	0.0000	0.0000	0.0000	0.0000	0.0000	0.0000	0.0000	0.0000	0.0000	0.0000											
137	141	0.6011	13	0	2	0	1	0	0	0	0	N	Y	N	N	N	N	N	N	N	N	N	N	0.0000	0.0000	0.0000	0.0000	0.0000	0.0000	0.0000	0.0000	0.0000	0.0000	0.0000	0.0000	0.0000	0.0000	0.0000	0.0000	0.0000	0.0000	0.0000	0.0000	0.0000	1.0003	0.0000	5.0186	0.0000	0.0000	0.0000	0.0000	0.0000	0.0000	0.0000	0.0000	0.0000	0.0000	0.0000	0.0000	0.0000	0.0000	0.0000	0.0000	0.0000	0.0000	0.0000	0.0000	0.0000	0.0000	0.0000	0.0000	0.0000	0.0000	0.0000	0.0000	0.0000	0.0000	0.0000	0.0000	0.0000	0.0000	0.0000	0.0000	0.0000	0.0000	0.0000	0.0000	0.0000	0.0000	0.0000	0.0000	0.0000	0.0000	0.0000	0.0000	0.0000	0.0000	0.0000	0.0000	0.0000	0.0000											
137	142	0.0153	3	0	1	1	2	0	0	0	0	N	N	N	Y	N	N	N	N	N	N	N	N	0.0000	0.0000	0.0000	0.0000	0.0000	0.0000	0.0000	0.0000	0.0000	0.0000	0.0000	0.0000	0.0000	0.0000	0.0000	0.0000	0.0000	0.0000	0.0000	0.0000	0.0000	0.0001	0.0000	9.0026	0.0000	0.0000	0.0000	0.0000	0.0000	0.0000	0.0000	0.0000	0.0000	0.0000	0.0000	0.0000	0.0000	0.0000	0.0000	0.0000	0.0000	0.0000	0.0000	0.0000	0.0000	0.0000	0.0000	0.0000	0.0000	0.0000	0.0000	0.0000	0.0000	0.0000	0.0000	0.0000	0.0000	0.0000	0.0000	0.0000	0.0000	0.0000	0.0000	0.0000	0.0000	0.0000	0.0000	0.0000	0.0000	0.0000	0.0000	0.0000	0.0000	0.0000	0.0000	0.0000	0.0000	0.0000											
137	143	0.5865	13	0	1	1	2	0	0	0	0	N	N	N	Y	N	N	N	N	N	N	N	N	0.0000	0.0000	0.0000	0.0000	0.0000	0.0000	0.0000	0.0000	0.0000	0.0000	0.0000	0.0000	0.0000	0.0000	0.0000	0.0000	0.0000	0.0000	0.0000	0.0000	0.0000	2.0061	0.0000	8.0425	0.0000	0.0000	0.0000	0.0000	0.0000	0.0000	0.0000	0.0000	0.0000	0.0000	0.0000	0.0000	0.0000	0.0000	0.0000	0.0000	0.0000	0.0000	0.0000	0.0000	0.0000	0.0000	0.0000	0.0000	0.0000	0.0000	0.0000	0.0000	0.0000	0.0000	0.0000	0.0000	0.0000	0.0000	0.0000	0.0000	0.0000	0.0000	0.0000	0.0000	0.0000	0.0000	0.0000	0.0000	0.0000	0.0000	0.0000	0.0000	0.0000	0.0000	0.0000	0.0000	0.0000	0.0000											
137	144	0.5775	12	0	1	0	2	0	0	0	0	N	N	N	Y	N	N	N	N	N	N	N	N	0.0000	0.0000	0.0000	0.0000	0.0000	0.0000	0.0000	0.0000	0.0000	0.0000	0.0000	0.0000	0.0000	0.0000	0.0000	0.0000	0.0000	0.0000	0.0000	0.0000	0.0000	1.9550	0.0000	2.1189	0.0000	0.0000	0.0000	0.0000	0.0000	0.0000	0.0000	0.0000	0.0000	0.0000	0.0000	0.0000	0.0000	0.0000	0.0000	0.0000	0.0000	0.0000	0.0000	0.0000	0.0000	0.0000	0.0000	0.0000	0.0000	0.0000	0.0000	0.0000	0.0000	0.0000	0.0000	0.0000	0.0000	0.0000	0.0000	0.0000	0.0000	0.0000	0.0000	0.0000	0.0000	0.0000	0.0000	0.0000	0.0000	0.0000	0.0000	0.0000	0.0000	0.0000	0.0000	0.0000	0.0000	0.0000											
137	145	0.5775	12	0	1	1	2	0	0	0	0	N	N	N	Y	N	N	N	N	N	N	N	N	0.0000	0.0000	0.0000	0.0000	0.0000	0.0000	0.0000	0.0000	0.0000	0.0000	0.0000	0.0000	0.0000	0.0000	0.0000	0.0000	0.0000	0.0000	0.0000	0.0000	0.0000	2.1261	0.0000	18.6477	0.0000	0.0000	0.0000	0.0000	0.0000	0.0000	0.0000	0.0000	0.0000	0.0000	0.0000	0.0000	0.0000	0.0000	0.0000	0.0000	0.0000	0.0000	0.0000	0.0000	0.0000	0.0000	0.0000	0.0000	0.0000	0.0000	0.0000	0.0000	0.0000	0.0000	0.0000	0.0000	0.0000	0.0000	0.0000	0.0000	0.0000	0.0000	0.0000	0.0000	0.0000	0.0000	0.0000	0.0000	0.0000	0.0000	0.0000	0.0000	0.0000	0.0000	0.0000	0.0000	0.0000	0.0000											
137	146	0.0153	3	0	1	1	2	0	0	0	0	N	N	N	Y	N	N	N	N	N	N	N	N	0.0000	0.0000	0.0000	0.0000	0.0000	0.0000	0.0000	0.0000	0.0000	0.0000	0.0000	0.0000	0.0000	0.0000	0.0000	0.0000	0.0000	0.0000	0.0000	0.0000	0.0000	2.0001	0.0000	5.9880	0.0000	0.0000	0.0000	0.0000	0.0000	0.0000	0.0000	0.0000	0.0000	0.0000	0.0000	0.0000	0.0000	0.0000	0.0000	0.0000	0.0000	0.0000	0.0000	0.0000	0.0000	0.0000	0.0000	0.0000	0.0000	0.0000	0.0000	0.0000	0.0000	0.0000	0.0000	0.0000	0.0000	0.0000	0.0000	0.0000	0.0000	0.0000	0.0000	0.0000	0.0000	0.0000	0.0000	0.0000	0.0000	0.0000	0.0000	0.0000	0.0000	0.0000	0.0000	0.0000	0.0000	0.0000											
137	147	0.0153	3	0	1	1	2	0	0	0	0	N	N	N	Y	N	N	N	N	N	N	N	N	0.0000	0.0000	0.0000	0.0000	0.0000	0.0000	0.0000	0.0000	0.0000	0.0000	0.0000	0.0000	0.0000	0.0000	0.0000	0.0000	0.0000	0.0000	0.0000	0.0000	0.0000	9.0001	0.0000	23.0169	0.0000	0.0000	0.0000	0.0000	0.0000	0.0000	0.0000	0.0000	0.0000	0.0000	0.0000	0.0000	0.0000	0.0000	0.0000	0.0000	0.0000	0.0000	0.0000	0.0000	0.0000	0.0000	0.0000	0.0000	0.0000	0.0000	0.0000	0.0000	0.0000	0.0000	0.0000	0.0000	0.0000	0.0000	0.0000	0.0000	0.0000	0.0000	0.0000	0.0000	0.0000	0.0000	0.0000	0.0000	0.0000	0.0000	0.0000	0.0000	0.0000	0.0000	0.0000	0.0000	0.0000	0.0000											
137	149	0.0725	5	1	2	0	1	0	0	0	0	N	Y	N	N	N	N	N	N	N	N	N	N	0.0000	0.0000	0.0000	0.0000	0.0000	0.0000	0.0000	0.0000	0.0000	0.0000	0.0000	0.0000	0.0000	0.0000	0.0000	0.0000	0.0000	0.0000	0.0000	0.0000	0.0000	5.3497	0.0000	17.2225	0.0000	0.0000	0.0000	0.0000	0.0000	0.0000	0.0000	0.0000	0.0000	0.0000	0.0000	0.0000	0.0000	0.0000	0.0000	0.0000	0.0000	0.0000	0.0000	0.0000	0.0000	0.0000	0.0000	0.0000	0.0000	0.0000	0.0000	0.0000	0.0000	0.0000	0.0000	0.0000	0.0000	0.0000	0.0000	0.0000	0.0000	0.0000	0.0000	0.0000	0.0000	0.0000	0.0000	0.0000	0.0000	0.0000	0.0000	0.0000	0.0000	0.0000	0.0000	0.0000	0.0000	0.0000											
137	150	0.1033	6	0	2	0	1	0	0	0	0	N	Y	N	N	N	N	N	N	N	N	N	N	0.0000	0.0000	0.0000	0.0000	0.0000	0.0000	0.0000	0.0000	0.0000	0.0000	0.0000	0.0000	0.0000	0.0000	0.0000	0.0000	0.0000	0.0000	0.0000	0.0000	0.0000	3.6794	0.0000	17.4287	0.0000	0.0000	0.0000	0.0000	0.0000	0.0000	0.0000	0.0000	0.0000	0.0000	0.0000	0.0000	0.0000	0.0000	0.0000	0.0000	0.0000	0.0000	0.0000	0.0000	0.0000	0.0000	0.0000	0.0000	0.0000	0.0000	0.0000	0.0000	0.0000	0.0000	0.0000	0.0000	0.0000	0.0000	0.0000	0.0000	0.0000	0.0000	0.0000	0.0000	0.0000	0.0000	0.0000	0.0000	0.0000	0.0000	0.0000	0.0000	0.0000	0.0000	0.0000	0.0000	0.0000	0.0000											
137	151	0.0725	5	0	2	0	1	0	0	0	0	N	Y	N	N	N	N	N	N	N	N	N	N	0.0000	0.0000	0.0000	0.0000	0.0000	0.0000	0.0000	0.0000	0.0000	0.0000	0.0000	0.0000	0.0000	0.0000	0.0000	0.0000	0.0000	0.0000	0.0000	0.0000	0.0000	3.4464	0.0000	10.1316	0.0000	0.0000	0.0000	0.0000	0.0000	0.0000	0.0000	0.0000	0.0000	0.0000	0.0000	0.0000	0.0000	0.0000	0.0000	0.0000	0.0000	0.0000	0.0000	0.0000	0.0000	0.0000	0.0000	0.0000	0.0000	0.0000	0.0000	0.0000	0.0000	0.0000	0.0000	0.0000	0.0000	0.0000	0.0000	0.0000	0.0000	0.0000	0.0000	0.0000	0.0000	0.0000	0.0000	0.0000	0.0000	0.0000	0.0000	0.0000	0.0000	0.0000	0.0000	0.0000	0.0000	0.0000											
137	152	0.6079	15	1	2	0	1	0	0	0	0	N	Y	N	N	N	N	N	N	N	N	N	N	0.0000	0.0000	0.0000	0.0000	0.0000	0.0000	0.0000	0.0000	0.0000	0.0000	0.0000	0.0000	0.0000	0.0000	0.0000	0.0000	0.0000	0.0000	0.0000	0.0000	0.0000	1.0143	0.0000	12.0086	0.0000	0.0000	0.0000	0.0000	0.0000	0.0000	0.0000	0.0000	0.0000	0.0000	0.0000	0.0000	0.0000	0.0000	0.0000	0.0000	0.0000	0.0000	0.0000	0.0000	0.0000	0.0000	0.0000	0.0000	0.0000	0.0000	0.0000	0.0000	0.0000	0.0000	0.0000	0.0000	0.0000	0.0000	0.0000	0.0000	0.0000	0.0000	0.0000	0.0000	0.0000	0.0000	0.0000	0.0000	0.0000	0.0000	0.0000	0.0000	0.0000	0.0000	0.0000	0.0000	0.0000	0.0000											
137	153	0.6056	14	1	2	0	1	0	0	0	0	N	Y	N	N	N	N	N	N	N	N	N	N	0.0000	0.0000	0.0000	0.0000	0.0000	0.0000	0.0000	0.0000	0.0000	0.0000	0.0000	0.0000	0.0000	0.0000	0.0000	0.0000	0.0000	0.0000	0.0000	0.0000	0.0000	0.9811	0.0000	0.0216	0.0000	0.0000	0.0000	0.0000	0.0000	0.0000	0.0000	0.0000	0.0000	0.0000	0.0000	0.0000	0.0000	0.0000	0.0000	0.0000	0.0000	0.0000	0.0000	0.0000	0.0000	0.0000	0.0000	0.0000	0.0000	0.0000	0.0000	0.0000	0.0000	0.0000	0.0000	0.0000	0.0000	0.0000	0.0000	0.0000	0.0000	0.0000	0.0000	0.0000	0.0000	0.0000	0.0000	0.0000	0.0000	0.0000	0.0000	0.0000	0.0000	0.0000	0.0000	0.0000	0.0000	0.0000											
137	154	0.6011	13	1	2	0	1	0	0	0	0	N	Y	N	N	N	N	N	N	N	N	N	N	0.0000	0.0000	0.0000	0.0000	0.0000	0.0000	0.0000	0.0000	0.0000	0.0000	0.0000	0.0000	0.0000	0.0000	0.0000	0.0000	0.0000	0.0000	0.0000	0.0000	0.0000	0.0083	0.0000	2.0001	0.0000	0.0000	0.0000	0.0000	0.0000	0.0000	0.0000	0.0000	0.0000	0.0000	0.0000	0.0000	0.0000	0.0000	0.0000	0.0000	0.0000	0.0000	0.0000	0.0000	0.0000	0.0000	0.0000	0.0000	0.0000	0.0000	0.0000	0.0000	0.0000	0.0000	0.0000	0.0000	0.0000	0.0000	0.0000	0.0000	0.0000	0.0000	0.0000	0.0000	0.0000	0.0000	0.0000	0.0000	0.0000	0.0000	0.0000	0.0000	0.0000	0.0000	0.0000	0.0000	0.0000	0.0000											
137	155	0.5775	12	0	2	0	1	0	0	0	0	N	Y	N	N	N	N	N	N	N	N	N	N	0.0000	0.0000	0.0000	0.0000	0.0000	0.0000	0.0000	0.0000	0.0000	0.0000	0.0000	0.0000	0.0000	0.0000	0.0000	0.0000	0.0000	0.0000	0.0000	0.0000	0.0000	2.9180	0.0000	7.4065	0.0000	0.0000	0.0000	0.0000	0.0000	0.0000	0.0000	0.0000	0.0000	0.0000	0.0000	0.0000	0.0000	0.0000	0.0000	0.0000	0.0000	0.0000	0.0000	0.0000	0.0000	0.0000	0.0000	0.0000	0.0000	0.0000	0.0000	0.0000	0.0000	0.0000	0.0000	0.0000	0.0000	0.0000	0.0000	0.0000	0.0000	0.0000	0.0000	0.0000	0.0000	0.0000	0.0000	0.0000	0.0000	0.0000	0.0000	0.0000	0.0000	0.0000	0.0000	0.0000	0.0000	0.0000											
137	156	0.5116	11	0	1	0	1	0	0	0	0	N	N	N	N	N	N	N	N	N	N	N	N	0.0000	0.0000	0.0000	0.0000	0.0000	0.0000	0.0000	0.0000	0.0000	0.0000	0.0000	0.0000	0.0000	0.0000	0.0000	0.0000	0.0000	0.0000	0.0000	0.0000	0.0000	8.2479	0.0000	19.7214	0.0000	0.0000	0.0000	0.0000	0.0000	0.0000	0.0000	0.0000	0.0000	0.0000	0.0000	0.0000	0.0000	0.0000	0.0000	0.0000	0.0000	0.0000	0.0000	0.0000	0.0000	0.0000	0.0000	0.0000	0.0000	0.0000	0.0000	0.0000	0.0000	0.0000	0.0000	0.0000	0.0000	0.0000	0.0000	0.0000	0.0000	0.0000	0.0000	0.0000	0.0000	0.0000	0.0000	0.0000	0.0000	0.0000	0.0000	0.0000	0.0000	0.0000	0.0000	0.0000	0.0000	0.0000											
137	157	0.4755	10	0	1	0	1	0	0	0	0	N	N	N	N	N	N	N	N	N	N	N	N	0.0000	0.0000	0.0000	0.0000	0.0000	0.0000	0.0000	0.0000	0.0000	0.0000	0.0000	0.0000	0.0000	0.0000	0.0000	0.0000	0.0000	0.0000	0.0000	0.0000	0.0000	7.4725	0.0000	14.3153	0.0000	0.0000	0.0000	0.0000	0.0000	0.0000	0.0000	0.0000	0.0000	0.0000	0.0000	0.0000	0.0000	0.0000	0.0000	0.0000	0.0000	0.0000	0.0000	0.0000	0.0000	0.0000	0.0000	0.0000	0.0000	0.0000	0.0000	0.0000	0.0000	0.0000	0.0000	0.0000	0.0000	0.0000	0.0000	0.0000	0.0000	0.0000	0.0000	0.0000	0.0000	0.0000	0.0000	0.0000	0.0000	0.0000	0.0000	0.0000	0.0000	0.0000	0.0000	0.0000	0.0000	0.0000											
137	158	0.4100	9	0	1	0	1	0	0	0	0	N	N	N	N	N	N	N	N	N	N	N	N	0.0000	0.0000	0.0000	0.0000	0.0000	0.0000	0.0000	0.0000	0.0000	0.0000	0.0000	0.0000	0.0000	0.0000	0.0000	0.0000	0.0000	0.0000	0.0000	0.0000	0.0000	11.6653	0.0000	19.4910	0.0000	0.0000	0.0000	0.0000	0.0000	0.0000	0.0000	0.0000	0.0000	0.0000	0.0000	0.0000	0.0000	0.0000	0.0000	0.0000	0.0000	0.0000	0.0000	0.0000	0.0000	0.0000	0.0000	0.0000	0.0000	0.0000	0.0000	0.0000	0.0000	0.0000	0.0000	0.0000	0.0000	0.0000	0.0000	0.0000	0.0000	0.0000	0.0000	0.0000	0.0000	0.0000	0.0000	0.0000	0.0000	0.0000	0.0000	0.0000	0.0000	0.0000	0.0000	0.0000	0.0000	0.0000											
137	159	0.3627	8	0	1	0	1	0	0	0	0	N	N	N	N	N	N	N	N	N	N	N	N	0.0000	0.0000	0.0000	0.0000	0.0000	0.0000	0.0000	0.0000	0.0000	0.0000	0.0000	0.0000	0.0000	0.0000	0.0000	0.0000	0.0000	0.0000	0.0000	0.0000	0.0000	7.3933	0.0000	20.5306	0.0000	0.0000	0.0000	0.0000	0.0000	0.0000	0.0000	0.0000	0.0000	0.0000	0.0000	0.0000	0.0000	0.0000	0.0000	0.0000	0.0000	0.0000	0.0000	0.0000	0.0000	0.0000	0.0000	0.0000	0.0000	0.0000	0.0000	0.0000	0.0000	0.0000	0.0000	0.0000	0.0000	0.0000	0.0000	0.0000	0.0000	0.0000	0.0000	0.0000	0.0000	0.0000	0.0000	0.0000	0.0000	0.0000	0.0000	0.0000	0.0000	0.0000	0.0000	0.0000	0.0000	0.0000											
137	160	0.1265	7	0	1	0	1	0	0	0	0	N	N	N	N	N	N	N	N	N	N	N	N	0.0000	0.0000	0.0000	0.0000	0.0000	0.0000	0.0000	0.0000	0.0000	0.0000	0.0000	0.0000	0.0000	0.0000	0.0000	0.0000	0.0000	0.0000	0.0000	0.0000	0.0000	27.6416	0.0000	54.6365	0.0000	0.0000	0.0000	0.0000	0.0000	0.0000	0.0000	0.0000	0.0000	0.0000	0.0000	0.0000	0.0000	0.0000	0.0000	0.0000	0.0000	0.0000	0.0000	0.0000	0.0000	0.0000	0.0000	0.0000	0.0000	0.0000	0.0000	0.0000	0.0000	0.0000	0.0000	0.0000	0.0000	0.0000	0.0000	0.0000	0.0000	0.0000	0.0000	0.0000	0.0000	0.0000	0.0000	0.0000	0.0000	0.0000	0.0000	0.0000	0.0000	0.0000	0.0000	0.0000	0.0000	0.0000											
137	161	0.0592	7	1	2	0	1	0	0	0	0	N	Y	N	N	N	N	N	N	N	N	N	N	0.0000	0.0000	0.0000	0.0000	0.0000	0.0000	0.0000	0.0000	0.0000	0.0000	0.0000	0.0000	0.0000	0.0000	0.0000	0.0000	0.0000	0.0000	0.0000	0.0000	0.0000	0.0002	0.0000	3.0099	0.0000	0.0000	0.0000	0.0000	0.0000	0.0000	0.0000	0.0000	0.0000	0.0000	0.0000	0.0000	0.0000	0.0000	0.0000	0.0000	0.0000	0.0000	0.0000	0.0000	0.0000	0.0000	0.0000	0.0000	0.0000	0.0000	0.0000	0.0000	0.0000	0.0000	0.0000	0.0000	0.0000	0.0000	0.0000	0.0000	0.0000	0.0000	0.0000	0.0000	0.0000	0.0000	0.0000	0.0000	0.0000	0.0000	0.0000	0.0000	0.0000	0.0000	0.0000	0.0000	0.0000	0.0000											
137	162	0.0516	6	1	2	0	1	0	0	0	0	N	Y	N	N	N	N	N	N	N	N	N	N	0.0000	0.0000	0.0000	0.0000	0.0000	0.0000	0.0000	0.0000	0.0000	0.0000	0.0000	0.0000	0.0000	0.0000	0.0000	0.0000	0.0000	0.0000	0.0000	0.0000	0.0000	0.9998	0.0000	2.0118	0.0000	0.0000	0.0000	0.0000	0.0000	0.0000	0.0000	0.0000	0.0000	0.0000	0.0000	0.0000	0.0000	0.0000	0.0000	0.0000	0.0000	0.0000	0.0000	0.0000	0.0000	0.0000	0.0000	0.0000	0.0000	0.0000	0.0000	0.0000	0.0000	0.0000	0.0000	0.0000	0.0000	0.0000	0.0000	0.0000	0.0000	0.0000	0.0000	0.0000	0.0000	0.0000	0.0000	0.0000	0.0000	0.0000	0.0000	0.0000	0.0000	0.0000	0.0000	0.0000	0.0000	0.0000											
137	163	0.0516	5	1	2	0	1	0	0	0	0	N	Y	N	N	N	N	N	N	N	N	N	N	0.0000	0.0000	0.0000	0.0000	0.0000	0.0000	0.0000	0.0000	0.0000	0.0000	0.0000	0.0000	0.0000	0.0000	0.0000	0.0000	0.0000	0.0000	0.0000	0.0000	0.0000	0.0000	0.0000	0.0003	0.0000	0.0000	0.0000	0.0000	0.0000	0.0000	0.0000	0.0000	0.0000	0.0000	0.0000	0.0000	0.0000	0.0000	0.0000	0.0000	0.0000	0.0000	0.0000	0.0000	0.0000	0.0000	0.0000	0.0000	0.0000	0.0000	0.0000	0.0000	0.0000	0.0000	0.0000	0.0000	0.0000	0.0000	0.0000	0.0000	0.0000	0.0000	0.0000	0.0000	0.0000	0.0000	0.0000	0.0000	0.0000	0.0000	0.0000	0.0000	0.0000	0.0000	0.0000	0.0000	0.0000	0.0000											
137	164	0.0406	4	0	2	0	1	0	0	0	0	N	Y	N	N	N	N	N	N	N	N	N	N	0.0000	0.0000	0.0000	0.0000	0.0000	0.0000	0.0000	0.0000	0.0000	0.0000	0.0000	0.0000	0.0000	0.0000	0.0000	0.0000	0.0000	0.0000	0.0000	0.0000	0.0000	0.0063	0.0000	4.3641	0.0000	0.0000	0.0000	0.0000	0.0000	0.0000	0.0000	0.0000	0.0000	0.0000	0.0000	0.0000	0.0000	0.0000	0.0000	0.0000	0.0000	0.0000	0.0000	0.0000	0.0000	0.0000	0.0000	0.0000	0.0000	0.0000	0.0000	0.0000	0.0000	0.0000	0.0000	0.0000	0.0000	0.0000	0.0000	0.0000	0.0000	0.0000	0.0000	0.0000	0.0000	0.0000	0.0000	0.0000	0.0000	0.0000	0.0000	0.0000	0.0000	0.0000	0.0000	0.0000	0.0000	0.0000											
138	140	0.0516	4	0	2	0	1	0	0	0	0	N	Y	N	N	N	N	N	N	N	N	N	N	0.0000	0.0000	0.0000	0.0000	0.0000	0.0000	0.0000	0.0000	0.0000	0.0000	0.0000	0.0000	0.0000	0.0000	0.0000	0.0000	0.0000	0.0000	0.0000	0.0000	0.0021	0.0000	2.0000	4.0001	0.0000	0.0000	0.0000	0.0000	0.0000	0.0000	0.0000	0.0000	0.0000	0.0000	0.0000	0.0000	0.0000	0.0000	0.0000	0.0000	0.0000	0.0000	0.0000	0.0000	0.0000	0.0000	0.0000	0.0000	0.0000	0.0000	0.0000	0.0110	0.0058	0.0052	0.0006	0.0005	0.0001	0.0104	0.0053	0.0051	0.0000	0.0000	0.0000	0.0000	0.0000	0.0000	0.0000	0.0000	0.0000	0.0000	0.0000	0.0000	0.0000	0.0000	0.0000	0.0000	0.0000	0.0000											
138	141	0.6011	12	0	2	0	1	0	0	0	0	N	Y	N	N	N	N	N	N	N	N	N	N	0.0000	0.0000	0.0000	0.0000	0.0000	0.0000	0.0000	0.0000	0.0000	0.0000	0.0000	0.0000	0.0000	0.0000	0.0000	0.0000	0.0000	0.0000	0.0000	0.0000	0.0000	0.0000	0.0000	0.0000	-0.0000	0.0021	1.0003	2.0000	5.0186	0.0000	0.0000	0.0000	0.0000	0.0000	0.0000	0.0000	0.0000	0.0000	0.0000	0.0000	0.0000	0.0000	0.0000	0.0000	0.0000	0.0000	0.0000	0.0000	0.0000	0.0000	0.0000	0.0000	0.0000	0.0000	0.0000	0.0000	0.0120	0.0081	0.0039	0.0064	0.0052	0.0011	0.0056	0.0028	0.0028	0.0000	0.0000	0.0000	0.0000	0.0000	0.0000	0.0000	0.0000	0.0000	0.0000	0.0000	0.0000	0.0000	0.0000	0.0000	0.0000	0.0000	0.0000						
138	142	0.0153	2	0	1	1	2	0	0	0	0	N	N	N	Y	N	N	N	N	N	N	N	N	0.0000	0.0000	0.0000	0.0000	0.0000	0.0000	0.0000	0.0000	0.0000	0.0000	0.0000	0.0000	0.0000	0.0000	0.0000	0.0004	0.0008	0.0000	0.0591	0.0596	0.0000	0.0000	0.0000	0.0000	0.0000	0.0000	-0.0000	0.0021	0.0001	2.0000	9.0026	0.0000	0.0000	0.0000	0.0000	0.0000	0.0000	0.0000	0.0000	0.0000	0.0000	0.0000	0.0000	0.0000	0.0000	0.0000	0.0000	0.0000	0.0000	0.0000	0.0000	0.0000	0.0000	0.0000	0.0000	0.0000	0.0000	0.0000	0.0246	0.0127	0.0119	0.0002	0.0002	0.0000	0.0244	0.0125	0.0119	0.0000	0.0000	0.0000	0.0000	0.0000	0.0000	0.0000	0.0000	0.0000	0.0004	0.0008	0.0000	0.0591	0.0596	0.0000	0.0000	0.0000	0.0000				
138	143	0.5865	12	0	1	1	2	0	0	0	0	N	N	N	Y	N	N	N	N	N	N	N	N	0.0000	0.0000	0.0000	0.0000	0.0000	0.0000	0.0000	0.0000	0.0000	0.0000	0.0000	0.0000	0.0000	0.0000	0.0000	0.0000	0.0000	0.0000	0.0000	0.0000	0.0000	0.0000	0.0000	0.0000	-0.0000	0.0021	2.0061	2.0000	8.0425	0.0000	0.0000	0.0000	0.0000	0.0000	0.0000	0.0000	0.0000	0.0000	0.0000	0.0000	0.0000	0.0000	0.0000	0.0000	0.0000	0.0000	0.0000	0.0001	0.0001	0.0000	0.0001	0.0001	0.0000	0.0000	0.0000	0.0000	0.0202	0.0135	0.0067	0.0104	0.0085	0.0019	0.0098	0.0049	0.0048	0.0000	0.0000	0.0000	0.0000	0.0000	0.0000	0.0000	0.0000	0.0000	0.0000	0.0000	0.0000	0.0000	0.0000	0.0000	0.0000	0.0000	0.0000						
138	144	0.5775	11	0	1	0	2	0	0	0	0	N	N	N	Y	N	N	N	N	N	N	N	N	0.0000	0.0000	0.0000	0.0000	0.0000	0.0000	0.0000	0.0000	0.0000	0.0000	0.0000	0.0000	0.0000	0.0000	0.0000	0.0000	0.0000	0.0000	0.0000	0.0000	0.0000	0.0000	0.0000	0.0000	0.0001	19.8072	0.0000	0.0000	0.0021	1.9550	2.0000	2.1189	0.0000	0.0000	0.0000	0.0000	0.0000	0.0000	0.0000	0.0000	0.0000	0.0000	0.0000	0.0000	0.0000	0.0000	0.0000	0.0000	0.0000	0.0000	0.0001	0.0001	0.0000	0.0001	0.0001	0.0000	0.0000	0.0000	0.0000	0.0128	0.0092	0.0037	0.0065	0.0058	0.0008	0.0063	0.0034	0.0029	0.0000	0.0000	0.0000	0.0000	0.0000	0.0000	0.0000	0.0000	0.0000	0.0000	0.0000	0.0000	0.0000	0.0000	0.0000	0.0000	0.0000	0.0001			
138	145	0.5775	11	0	1	1	2	0	0	0	0	N	N	N	Y	N	N	N	N	N	N	N	N	0.0000	0.0000	0.0000	0.0000	0.0000	0.0000	0.0000	0.0000	0.0000	0.0000	0.0000	0.0000	0.0000	0.0000	0.0000	0.0000	0.0000	0.0000	0.0000	0.0000	0.0000	0.0000	0.0000	0.0000	0.0000	0.3023	0.0000	-0.0000	0.0021	2.1261	2.0000	18.6477	0.0000	0.0000	0.0000	0.0000	0.0000	0.0000	0.0000	0.0000	0.0000	0.0000	0.0000	0.0000	0.0000	0.0000	0.0000	0.0000	0.0000	0.0000	0.0001	0.0001	0.0000	0.0001	0.0001	0.0000	0.0000	0.0000	0.0000	0.0437	0.0296	0.0141	0.0221	0.0185	0.0036	0.0216	0.0111	0.0105	0.0000	0.0000	0.0000	0.0000	0.0000	0.0000	0.0000	0.0000	0.0000	0.0000	0.0000	0.0000	0.0000	0.0000	0.0000	0.0000	0.0000	0.0000			
138	146	0.0153	2	0	1	1	2	0	0	0	0	N	N	N	Y	N	N	N	N	N	N	N	N	0.0000	0.0000	0.0000	0.0000	0.0000	0.0000	0.0000	0.0000	0.0000	0.0000	0.0000	0.0000	0.0000	0.0005	0.0009	0.0000	0.0637	0.0641	0.0000	0.0000	0.0000	0.0000	0.0000	0.0000	-0.0000	0.0021	2.0001	2.0000	5.9880	0.0000	0.0000	0.0000	0.0000	0.0000	0.0000	0.0000	0.0000	0.0000	0.0000	0.0000	0.0000	0.0000	0.0000	0.0000	0.0000	0.0000	0.0000	0.0001	0.0001	0.0000	0.0000	0.0000	0.0000	0.0000	0.0000	0.0000	0.0219	0.0113	0.0106	0.0002	0.0002	0.0000	0.0218	0.0112	0.0106	0.0000	0.0000	0.0000	0.0000	0.0000	0.0000	0.0000	0.0000	0.0000	0.0005	0.0009	0.0000	0.0637	0.0641	0.0000	0.0000	0.0000	0.0000						
138	147	0.0153	2	0	1	1	2	0	0	0	0	N	N	N	Y	N	N	N	N	N	N	N	N	0.0000	0.0000	0.0000	0.0000	0.0000	0.0000	0.0000	0.0000	0.0000	0.0000	0.0000	0.0000	0.0000	0.0000	0.0000	0.0000	0.0000	0.0000	0.0000	0.0000	0.0007	0.0007	0.0017	0.0000	0.0000	0.0000	0.4392	0.0000	-0.0000	0.0021	9.0001	2.0000	23.0169	0.0000	0.0000	0.0000	0.0000	0.0000	0.0000	0.0000	0.0000	0.0000	0.0000	0.0000	0.0000	0.0000	0.0000	0.0000	0.0000	0.0000	0.0000	0.0003	0.0003	0.0000	0.0001	0.0001	0.0000	0.0002	0.0002	0.0000	0.0795	0.0413	0.0381	0.0004	0.0004	0.0000	0.0791	0.0409	0.0381	0.0000	0.0000	0.0000	0.0000	0.0000	0.0000	0.0000	0.0000	0.0000	0.0000	0.0000	0.0000	0.0007	0.0007	0.0017	0.0000	0.0000	0.0000		
138	149	0.0725	4	1	2	0	1	0	0	0	0	N	Y	N	N	N	N	N	N	N	N	N	N	0.0000	0.0000	0.0000	0.0000	0.0000	0.0000	0.0000	0.0000	0.0000	0.0000	0.0000	0.0000	0.0000	0.0000	0.0000	0.0000	0.0000	0.0000	0.0000	0.0000	0.0000	0.0000	0.0000	0.0000	-0.0000	0.0021	5.3497	2.0000	17.2225	0.0000	0.0000	0.0000	0.0000	0.0000	0.0000	0.0000	0.0000	0.0000	0.0000	0.0000	0.0000	0.0000	0.0000	0.0000	0.0000	0.0000	0.0000	0.0002	0.0002	0.0000	0.0001	0.0001	0.0000	0.0001	0.0001	0.0000	0.0615	0.0341	0.0275	0.0070	0.0062	0.0008	0.0545	0.0279	0.0266	0.0000	0.0000	0.0000	0.0000	0.0000	0.0000	0.0000	0.0000	0.0000	0.0000	0.0000	0.0000	0.0000	0.0000	0.0000	0.0000	0.0000	0.0000						
138	150	0.1033	5	0	2	0	1	0	0	0	0	N	Y	N	N	N	N	N	N	N	N	N	N	43267.9524	0.0000	inf	4.4873	0.0000	inf	inf	inf	0.5562	0.0000	6.1683	0.0003	0.0000	0.0199	0.8880	0.0000	6.5124	0.0000	0.0000	0.0000	0.0001	0.0001	0.0000	0.0000	0.0000	0.0000	inf	0.0000	0.0001	-0.0000	0.0021	3.6794	2.0000	17.4287	0.0001	0.0000	0.0001	0.0000	0.0000	0.0000	0.0001	0.0000	0.0001	0.0000	0.0000	0.0000	0.0000	0.0000	0.0000	0.0000	0.0000	0.0000	0.0002	0.0001	0.0000	0.0001	0.0001	0.0000	0.0001	0.0001	0.0000	0.0666	0.0399	0.0267	0.0151	0.0137	0.0014	0.0514	0.0261	0.0253	43267.9524	0.0000	inf	4.4873	0.0000	inf	inf	0.0000	inf	0.0000	0.0000	0.0000	0.0001	0.0001	0.0000	0.0000	0.0000	0.0000	
138	151	0.0725	4	0	2	0	1	0	0	0	0	N	Y	N	N	N	N	N	N	N	N	N	N	101.4807	326.5044	473.0924	0.0000	0.0000	134.2564	inf	467.0927	0.0022	0.0001	0.0227	0.0000	0.0000	0.0000	0.0033	0.0002	0.0231	0.0000	0.0000	0.0000	0.0000	0.0000	0.0000	0.0000	0.0000	0.0000	18.2941	99.7364	0.0000	0.0000	0.0021	3.4464	2.0000	10.1316	0.0000	0.0000	0.0000	0.0000	0.0000	0.0000	0.0000	0.0000	0.0000	0.0000	0.0000	0.0000	0.0000	0.0000	0.0000	0.0000	0.0000	0.0000	0.0001	0.0001	0.0000	0.0000	0.0000	0.0000	0.0001	0.0001	0.0000	0.0405	0.0227	0.0178	0.0055	0.0049	0.0005	0.0351	0.0178	0.0173	101.4807	326.5044	473.0924	0.0000	0.0000	0.0000	134.2564	inf	467.0927	0.0000	0.0000	0.0000	0.0000	0.0000	0.0000	0.0000	0.0000	0.0000	
138	152	0.6079	14	1	2	0	1	0	0	0	0	N	Y	N	N	N	N	N	N	N	N	N	N	0.0000	0.0000	0.0000	0.0000	0.0000	0.0000	0.0000	0.0000	0.0000	0.0000	0.0000	0.0000	0.0000	0.0172	0.0000	0.0526	0.0000	0.0000	0.0000	0.0364	0.0000	0.0736	inf	0.0000	0.0002	0.0021	1.0143	2.0000	12.0086	0.0000	0.0000	0.0000	0.0000	0.0000	0.0000	0.0000	0.0000	0.0000	0.0004	0.0000	0.0004	0.0000	0.0000	0.0000	0.0004	0.0000	0.0004	0.0000	0.0000	0.0000	0.0000	0.0000	0.0000	0.0000	0.0000	0.0000	0.0249	0.0168	0.0082	0.0132	0.0108	0.0023	0.0118	0.0060	0.0058	0.0000	0.0000	0.0000	0.0000	0.0000	0.0000	0.0000	0.0000	0.0000	0.0172	0.0000	0.0526	0.0000	0.0000	0.0000	0.0364	0.0000	0.0736						
138	153	0.6056	13	1	2	0	1	0	0	0	0	N	Y	N	N	N	N	N	N	N	N	N	N	3.7841	41.0310	0.0000	42.4493	36.1555	0.0000	0.0000	0.0011	0.0012	0.0000	0.0015	0.0016	0.0000	0.0000	0.0000	0.0000	0.0003	0.0000	0.0008	0.0000	0.0000	0.0000	0.0006	0.0000	0.0011	0.0000	14.0164	-0.0000	0.0000	0.0021	0.9811	2.0000	0.0216	0.0000	0.0000	0.0000	0.0000	0.0000	0.0000	0.0000	0.0000	0.0000	0.0000	0.0000	0.0000	0.0000	0.0000	0.0000	0.0000	0.0000	0.0000	0.0000	0.0000	0.0000	0.0000	0.0000	0.0000	0.0000	0.0000	0.0000	0.0020	0.0014	0.0007	0.0011	0.0009	0.0002	0.0010	0.0005	0.0005	3.7841	41.0310	0.0000	42.4493	36.1555	0.0000	0.0000	0.0000	0.0000	0.0003	0.0000	0.0008	0.0000	0.0000	0.0000	0.0006	0.0000	0.0011		
138	154	0.6011	12	1	2	0	1	0	0	0	0	N	Y	N	N	N	N	N	N	N	N	N	N	10623.6388	42434.8681	0.0000	43621.7847	37458.8016	0.0000	0.0000	0.1206	0.1296	0.0000	0.1693	0.1752	0.0000	0.0000	0.0000	0.0000	0.0000	0.0000	0.0000	0.0000	0.0000	0.0000	0.0000	0.0000	0.0000	0.0000	4.5003	-0.0000	0.0000	0.0021	0.0083	2.0000	2.0001	0.0000	0.0000	0.0000	0.0000	0.0000	0.0000	0.0000	0.0000	0.0000	0.0000	0.0000	0.0000	0.0000	0.0000	0.0000	0.0000	0.0000	0.0000	0.0000	0.0000	0.0000	0.0000	0.0000	0.0000	0.0000	0.0000	0.0000	0.0042	0.0028	0.0014	0.0022	0.0018	0.0004	0.0020	0.0010	0.0010	10623.6388	42434.8681	0.0000	43621.7847	37458.8016	0.0000	0.0000	0.0000	0.0000	0.0000	0.0000	0.0000	0.0000	0.0000	0.0000	0.0000	0.0000	0.0000		
138	155	0.5775	11	0	2	0	1	0	0	0	0	N	Y	N	N	N	N	N	N	N	N	N	N	0.0000	0.0000	0.0000	0.0000	0.0000	0.0000	0.0000	0.0000	0.0000	0.0000	0.0000	0.0000	0.0000	0.0000	0.0000	0.0000	0.0000	0.0000	0.0000	0.0000	0.0000	0.0000	0.0000	0.0000	0.0000	1.0001	0.0000	0.0000	0.0021	2.9180	2.0000	7.4065	0.0000	0.0000	0.0000	0.0000	0.0000	0.0000	0.0000	0.0000	0.0000	0.0000	0.0000	0.0000	0.0000	0.0000	0.0000	0.0000	0.0000	0.0000	0.0001	0.0001	0.0000	0.0001	0.0001	0.0000	0.0000	0.0000	0.0000	0.0248	0.0171	0.0077	0.0126	0.0107	0.0019	0.0122	0.0064	0.0059	0.0000	0.0000	0.0000	0.0000	0.0000	0.0000	0.0000	0.0000	0.0000	0.0000	0.0000	0.0000	0.0000	0.0000	0.0000	0.0000	0.0000	0.0000			
138	156	0.5116	10	0	1	0	1	0	0	0	0	N	N	N	N	N	N	N	N	N	N	N	N	51.0745	0.1813	1038908.0405	0.1884	0.1469	10783.1805	690265.6329	inf	1003662.4829	0.1576	0.0008	1.1935	0.0011	0.0010	0.0048	0.4533	0.0002	1.3760	0.0031	0.0044	0.0000	0.0060	0.0070	0.0000	0.0000	0.0000	0.0000	224.1354	0.0001	0.0000	-0.0001	0.0021	8.2479	2.0000	19.7214	0.0001	0.0000	0.0001	0.0000	0.0000	0.0000	0.0001	0.0000	0.0001	0.0002	0.0002	0.0000	0.0002	0.0002	0.0000	0.0000	0.0000	0.0000	0.0004	0.0004	0.0001	0.0003	0.0003	0.0000	0.0001	0.0001	0.0000	0.0747	0.0518	0.0228	0.0385	0.0330	0.0055	0.0362	0.0189	0.0173	51.0745	0.1813	1038908.0405	0.1884	0.1469	10783.1805	690265.6329	inf	1003662.4829	0.0031	0.0044	0.0000	0.0060	0.0070	0.0000	0.0000	0.0000	0.0000
138	157	0.4755	9	0	1	0	1	0	0	0	0	N	N	N	N	N	N	N	N	N	N	N	N	28.1310	12.5145	362.4879	135.8936	117.4403	inf	20.6082	0.0293	297.6773	0.0961	0.0565	0.3316	0.0738	0.0758	0.0018	0.1384	0.0003	0.3768	0.0034	0.0045	0.0009	0.0005	0.0006	0.0000	0.0067	0.0116	0.0013	0.9879	0.0889	0.0000	-0.0001	0.0021	7.4725	2.0000	14.3153	0.0000	0.0000	0.0000	0.0000	0.0000	0.0000	0.0000	0.0000	0.0000	0.0003	0.0002	0.0000	0.0000	0.0000	0.0000	0.0002	0.0002	0.0000	0.0004	0.0003	0.0001	0.0002	0.0002	0.0000	0.0001	0.0001	0.0000	0.0737	0.0513	0.0225	0.0394	0.0332	0.0062	0.0343	0.0181	0.0162	28.1310	12.5145	362.4879	135.8936	117.4403	inf	20.6082	0.0293	297.6773	0.0034	0.0045	0.0009	0.0005	0.0006	0.0000	0.0067	0.0116	0.0013
138	158	0.4100	8	0	1	0	1	0	0	0	0	N	N	N	N	N	N	N	N	N	N	N	N	29.5759	0.3955	166.2155	0.4432	0.3549	inf	51.3470	0.5099	179.1623	0.0510	0.0002	0.7434	0.0001	0.0001	0.0005	0.1583	0.0004	1.0345	0.0017	0.0005	0.0045	0.0003	0.0004	0.0000	0.0031	0.0007	0.0058	271.3250	3.8954	0.0000	0.0001	0.0021	11.6653	2.0000	19.4910	0.0000	0.0000	0.0000	0.0000	0.0000	0.0000	0.0000	0.0000	0.0000	0.0002	0.0000	0.0001	0.0000	0.0000	0.0000	0.0002	0.0000	0.0001	0.0005	0.0004	0.0000	0.0003	0.0003	0.0000	0.0001	0.0001	0.0000	0.1028	0.0713	0.0316	0.0506	0.0435	0.0071	0.0523	0.0278	0.0245	29.5759	0.3955	166.2155	0.4432	0.3549	inf	51.3470	0.5099	179.1623	0.0017	0.0005	0.0045	0.0003	0.0004	0.0000	0.0031	0.0007	0.0058
138	159	0.3627	7	0	1	0	1	0	0	0	0	N	N	N	N	N	N	N	N	N	N	N	N	0.0758	0.1061	0.2600	0.0543	0.0478	0.1147	0.4741	0.2753	0.0002	0.0001	0.0017	0.0001	0.0001	0.0000	0.0005	0.0002	0.0024	0.0027	0.0009	0.0067	0.0010	0.0012	0.0000	0.0045	0.0004	0.0087	1.3229	3.4320	0.0000	0.0001	0.0021	7.3933	2.0000	20.5306	0.0000	0.0000	0.0000	0.0000	0.0000	0.0000	0.0000	0.0000	0.0000	0.0003	0.0001	0.0002	0.0001	0.0001	0.0000	0.0002	0.0000	0.0002	0.0003	0.0003	0.0000	0.0002	0.0002	0.0000	0.0001	0.0001	0.0000	0.1018	0.0696	0.0321	0.0512	0.0438	0.0073	0.0506	0.0258	0.0248	0.0758	0.1061	0.2600	0.0543	0.0478	0.0000	0.1147	0.4741	0.2753	0.0027	0.0009	0.0067	0.0010	0.0012	0.0000	0.0045	0.0004	0.0087	
138	160	0.1265	6	0	1	0	1	0	0	0	0	N	N	N	N	N	N	N	N	N	N	N	N	0.0915	0.0818	0.1535	0.0911	0.0760	0.1527	0.0000	0.0000	0.0001	0.0000	0.0000	0.0000	0.0000	0.0000	0.0001	0.0003	0.0003	0.0003	0.0000	0.0000	0.0000	0.0004	0.0004	0.0004	0.3000	0.7692	-0.0000	-0.0000	0.0021	27.6416	2.0000	54.6365	0.0000	0.0000	0.0000	0.0000	0.0000	0.0000	0.0000	0.0000	0.0000	0.0001	0.0000	0.0000	0.0000	0.0000	0.0000	0.0001	0.0000	0.0000	0.0004	0.0003	0.0001	0.0001	0.0000	0.0000	0.0003	0.0003	0.0000	0.1565	0.0886	0.0678	0.0215	0.0185	0.0030	0.1350	0.0702	0.0648	0.0915	0.0818	0.1535	0.0000	0.0000	0.0000	0.0911	0.0760	0.1527	0.0003	0.0003	0.0003	0.0000	0.0000	0.0000	0.0004	0.0004	0.0004			
138	161	0.0592	6	1	2	0	1	0	0	0	0	N	Y	N	N	N	N	N	N	N	N	N	N	0.0000	0.0000	0.0000	0.0000	0.0000	0.0000	0.0000	0.0000	0.0000	0.0000	0.0000	0.0000	0.0000	0.0000	0.0000	0.0000	0.0000	0.0000	0.0000	0.0000	0.0021	0.0002	2.0000	3.0099	0.0000	0.0000	0.0000	0.0000	0.0000	0.0000	0.0000	0.0000	0.0000	0.0000	0.0000	0.0000	0.0000	0.0000	0.0000	0.0000	0.0000	0.0000	0.0000	0.0000	0.0000	0.0000	0.0000	0.0000	0.0000	0.0000	0.0000	0.0085	0.0046	0.0039	0.0006	0.0005	0.0001	0.0079	0.0041	0.0038	0.0000	0.0000	0.0000	0.0000	0.0000	0.0000	0.0000	0.0000	0.0000	0.0000	0.0000	0.0000	0.0000	0.0000	0.0000	0.0000	0.0000	0.0000											
138	162	0.0516	5	1	2	0	1	0	0	0	0	N	Y	N	N	N	N	N	N	N	N	N	N	0.0000	0.0000	0.0000	0.0000	0.0000	0.0000	0.0000	0.0000	0.0000	0.0000	0.0000	0.0000	0.0000	0.0000	0.0000	0.0000	0.0000	0.0000	0.0000	0.0000	0.0021	0.9998	2.0000	2.0118	0.0000	0.0000	0.0000	0.0000	0.0000	0.0000	0.0000	0.0000	0.0000	0.0000	0.0000	0.0000	0.0000	0.0000	0.0000	0.0000	0.0000	0.0000	0.0000	0.0000	0.0000	0.0000	0.0000	0.0000	0.0000	0.0000	0.0000	0.0083	0.0044	0.0039	0.0004	0.0004	0.0001	0.0079	0.0040	0.0038	0.0000	0.0000	0.0000	0.0000	0.0000	0.0000	0.0000	0.0000	0.0000	0.0000	0.0000	0.0000	0.0000	0.0000	0.0000	0.0000	0.0000	0.0000											
138	163	0.0516	4	1	2	0	1	0	0	0	0	N	Y	N	N	N	N	N	N	N	N	N	N	0.0000	0.0000	0.0000	0.0000	0.0000	0.0000	0.0000	0.0000	0.0000	0.0000	0.0000	0.0000	0.0000	0.0000	0.0000	0.0000	0.0000	0.0000	0.0000	0.0000	0.0021	0.0000	2.0000	0.0003	0.0000	0.0000	0.0000	0.0000	0.0000	0.0000	0.0000	0.0000	0.0000	0.0000	0.0000	0.0000	0.0000	0.0000	0.0000	0.0000	0.0000	0.0000	0.0000	0.0000	0.0000	0.0000	0.0000	0.0000	0.0000	0.0000	0.0000	0.0000	0.0000	0.0000	0.0000	0.0000	0.0000	0.0000	0.0000	0.0000	0.0000	0.0000	0.0000	0.0000	0.0000	0.0000	0.0000	0.0000	0.0000	0.0000	0.0000	0.0000	0.0000	0.0000	0.0000	0.0000	0.0000	0.0000											
138	164	0.0406	3	0	2	0	1	0	0	0	0	N	Y	N	N	N	N	N	N	N	N	N	N	0.0000	0.0000	0.0000	0.0000	0.0000	0.0000	0.0000	0.0000	0.0000	0.0000	0.0000	0.0000	0.0000	0.0000	0.0000	0.0000	0.0000	0.0000	0.0000	0.0000	0.0000	0.0000	0.0000	0.0000	-0.0000	0.0021	0.0063	2.0000	4.3641	0.0000	0.0000	0.0000	0.0000	0.0000	0.0000	0.0000	0.0000	0.0000	0.0000	0.0000	0.0000	0.0000	0.0000	0.0000	0.0000	0.0000	0.0000	0.0000	0.0000	0.0000	0.0000	0.0000	0.0000	0.0000	0.0000	0.0000	0.0147	0.0082	0.0065	0.0022	0.0019	0.0003	0.0125	0.0064	0.0062	0.0000	0.0000	0.0000	0.0000	0.0000	0.0000	0.0000	0.0000	0.0000	0.0000	0.0000	0.0000	0.0000	0.0000	0.0000	0.0000	0.0000	0.0000						
139	140	0.0465	3	0	1	0	1	0	0	0	0	N	N	N	N	N	N	N	N	N	N	N	N	0.0000	0.0000	0.0000	0.0000	0.0000	0.0000	0.0000	0.0000	0.0000	0.0000	0.0000	0.0000	0.0000	0.0000	0.0000	0.0000	0.0000	0.0000	0.0000	0.0000	1.0020	0.0000	3.0181	4.0001	0.0000	0.0000	0.0000	0.0000	0.0000	0.0000	0.0000	0.0000	0.0000	0.0000	0.0000	0.0000	0.0000	0.0000	0.0000	0.0000	0.0000	0.0000	0.0000	0.0000	0.0000	0.0000	0.0000	0.0000	0.0000	0.0000	0.0000	0.0224	0.0117	0.0106	0.0011	0.0009	0.0002	0.0213	0.0109	0.0104	0.0000	0.0000	0.0000	0.0000	0.0000	0.0000	0.0000	0.0000	0.0000	0.0000	0.0000	0.0000	0.0000	0.0000	0.0000	0.0000	0.0000	0.0000											
139	141	0.5960	11	0	1	0	1	0	0	0	0	N	N	N	N	N	N	N	N	N	N	N	N	0.0050	0.0040	0.0000	0.0088	0.0080	0.0000	0.0000	0.0000	0.0000	0.0000	0.0000	0.0000	0.0000	0.0000	0.0000	0.0000	0.0000	0.0009	0.0013	0.0001	0.0017	0.0020	0.0000	0.0000	0.0000	0.0001	0.0000	0.0220	-0.0000	-0.0000	1.0020	1.0003	3.0181	5.0186	0.0000	0.0000	0.0000	0.0000	0.0000	0.0000	0.0000	0.0000	0.0000	0.0000	0.0000	0.0000	0.0000	0.0000	0.0000	0.0000	0.0000	0.0000	0.0066	0.0057	0.0009	0.0020	0.0018	0.0002	0.0046	0.0039	0.0007	0.0234	0.0157	0.0077	0.0121	0.0101	0.0020	0.0113	0.0057	0.0056	0.0050	0.0040	0.0000	0.0088	0.0080	0.0000	0.0000	0.0000	0.0000	0.0009	0.0013	0.0001	0.0017	0.0020	0.0000	0.0000	0.0000	0.0001	
139	143	0.5815	11	0	0	1	2	0	0	0	0	N	N	N	Y	N	N	N	N	N	N	N	N	0.0057	0.0044	0.0000	0.0102	0.0093	0.0000	0.0000	0.0001	0.0001	0.0000	0.0002	0.0002	0.0000	0.0000	0.0000	0.0000	0.0103	0.0154	0.0000	0.0204	0.0247	0.0000	0.0000	0.0000	0.0000	0.0000	0.0001	-0.0000	-0.0002	1.0020	2.0061	3.0181	8.0425	0.0000	0.0000	0.0000	0.0000	0.0000	0.0000	0.0000	0.0000	0.0000	0.0004	0.0004	0.0000	0.0004	0.0004	0.0000	0.0000	0.0000	0.0000	0.0131	0.0112	0.0018	0.0037	0.0034	0.0003	0.0094	0.0079	0.0015	0.0394	0.0263	0.0131	0.0198	0.0164	0.0034	0.0196	0.0099	0.0097	0.0057	0.0044	0.0000	0.0102	0.0093	0.0000	0.0000	0.0000	0.0000	0.0103	0.0154	0.0000	0.0204	0.0247	0.0000	0.0000	0.0000	0.0000		
139	144	0.5724	10	0	0	0	2	0	0	0	0	N	N	N	Y	N	N	N	N	N	N	N	N	0.4201	1.7175	0.0009	3.3459	3.2219	190.0246	0.0001	0.0000	0.0003	0.0083	0.0095	0.0000	0.0264	0.0286	0.0002	0.0000	0.0000	0.0000	0.0196	0.0056	0.0541	0.0079	0.0089	0.0000	0.0314	0.0000	0.0669	0.0008	3.9839	-0.0001	0.0002	1.0020	1.9550	3.0181	2.1189	0.0001	0.0001	0.0000	0.0001	0.0001	0.0000	0.0000	0.0000	0.0000	0.0005	0.0001	0.0004	0.0001	0.0001	0.0000	0.0004	0.0000	0.0004	0.0139	0.0121	0.0019	0.0044	0.0040	0.0003	0.0096	0.0080	0.0016	0.0257	0.0182	0.0075	0.0129	0.0114	0.0014	0.0129	0.0068	0.0060	0.4201	1.7175	0.0009	3.3459	3.2219	190.0246	0.0001	0.0000	0.0003	0.0196	0.0056	0.0541	0.0079	0.0089	0.0000	0.0314	0.0000	0.0669
139	145	0.5724	10	0	0	1	2	0	0	0	0	N	N	N	Y	N	N	N	N	N	N	N	N	0.7966	0.0000	58.5379	0.9205	0.0000	1027.7412	5.5621	16.8555	0.0010	0.0000	0.0072	0.0022	0.0000	0.0284	0.0004	0.0000	0.0026	0.0012	0.0017	0.0001	0.0024	0.0028	0.0000	0.0001	0.0000	0.0002	inf	0.0337	0.0000	-0.0000	1.0020	2.1261	3.0181	18.6477	0.0000	0.0000	0.0000	0.0000	0.0000	0.0000	0.0000	0.0000	0.0000	0.0001	0.0001	0.0000	0.0001	0.0001	0.0000	0.0000	0.0000	0.0000	0.0150	0.0130	0.0020	0.0047	0.0043	0.0004	0.0104	0.0087	0.0017	0.0865	0.0584	0.0281	0.0426	0.0360	0.0066	0.0439	0.0224	0.0215	0.7966	0.0000	58.5379	0.9205	0.0000	1027.7412	5.5621	0.0000	16.8555	0.0012	0.0017	0.0001	0.0024	0.0028	0.0000	0.0001	0.0000	0.0002	
139	149	0.0675	3	1	1	0	1	0	0	0	0	N	N	N	N	N	N	N	N	N	N	N	N	0.0000	0.0000	0.0000	0.0000	0.0000	0.0000	0.0000	0.0000	0.0000	0.0000	0.0000	0.0000	0.0000	0.0000	0.0000	0.0000	0.0002	0.0003	0.0000	0.0011	0.0012	0.0000	0.0000	0.0000	0.0000	0.0004	0.0000	-0.0000	1.0020	5.3497	3.0181	17.2225	0.0000	0.0000	0.0000	0.0000	0.0000	0.0000	0.0000	0.0000	0.0000	0.0000	0.0000	0.0000	0.0000	0.0000	0.0000	0.0000	0.0000	0.0000	0.0418	0.0354	0.0063	0.0041	0.0040	0.0001	0.0377	0.0314	0.0062	0.1335	0.0769	0.0566	0.0188	0.0167	0.0021	0.1147	0.0602	0.0545	0.0000	0.0000	0.0000	0.0000	0.0000	0.0000	0.0000	0.0000	0.0000	0.0002	0.0003	0.0000	0.0011	0.0012	0.0000	0.0000	0.0000	0.0000			
139	150	0.0983	4	0	1	0	1	0	0	0	0	N	N	N	N	N	N	N	N	N	N	N	N	1760.9947	0.0000	1646950.3616	0.3097	0.0000	267405.0831	214542.0622	0.0000	1640380.3697	25.9748	0.0000	193.5829	0.0189	0.0000	0.5375	33.9137	0.0000	206.2145	0.0148	0.0245	0.0001	0.0611	0.0686	0.0000	0.0002	0.0002	0.0001	inf	0.0032	0.5571	-0.0009	1.0020	3.6794	3.0181	17.4287	0.9968	0.0000	0.9968	0.0002	0.0000	0.0002	0.9966	0.0000	0.9966	0.0020	0.0020	0.0000	0.0020	0.0020	0.0000	0.0000	0.0000	0.0000	0.0384	0.0332	0.0051	0.0090	0.0087	0.0003	0.0294	0.0246	0.0048	0.1359	0.0817	0.0542	0.0326	0.0290	0.0036	0.1033	0.0527	0.0506	1760.9947	0.0000	1646950.3616	0.3097	0.0000	267405.0831	214542.0622	0.0000	1640380.3697	0.0148	0.0245	0.0001	0.0611	0.0686	0.0000	0.0002	0.0002	0.0001
139	151	0.0675	3	0	1	0	1	0	0	0	0	N	N	N	N	N	N	N	N	N	N	N	N	5.0844	18.5389	12.9895	0.0000	0.0000	4.8713	6351.0564	12.6898	0.1116	0.0068	0.7005	0.0000	0.0000	0.0000	0.1281	0.0080	0.7098	0.0219	0.0004	0.0539	0.0013	0.0014	0.0000	0.0263	0.0000	0.0559	18.2941	99.0282	0.0017	0.0011	1.0020	3.4464	3.0181	10.1316	0.0033	0.0002	0.0031	0.0000	0.0000	0.0000	0.0033	0.0002	0.0031	0.0020	0.0000	0.0020	0.0000	0.0000	0.0000	0.0020	0.0000	0.0020	0.0294	0.0250	0.0044	0.0038	0.0037	0.0001	0.0256	0.0212	0.0044	0.0917	0.0547	0.0369	0.0159	0.0146	0.0013	0.0757	0.0401	0.0356	5.0844	18.5389	12.9895	0.0000	0.0000	0.0000	4.8713	6351.0564	12.6898	0.0219	0.0004	0.0539	0.0013	0.0014	0.0000	0.0263	0.0000	0.0559	
139	152	0.6028	13	1	1	0	1	0	0	0	0	N	N	N	N	N	N	N	N	N	N	N	N	0.0000	0.0000	0.0000	0.0000	0.0000	0.0000	0.0000	0.0000	0.0000	0.0000	0.0000	0.0000	0.0000	0.0000	0.0000	0.0000	34.0182	0.0000	193.5908	0.0000	0.0000	0.0000	43.0974	0.0000	218.7502	3318505.9837	0.0000	0.5403	1.0020	1.0143	3.0181	12.0086	0.0000	0.0000	0.0000	0.0000	0.0000	0.0000	0.0000	0.0000	0.0000	0.9976	0.0000	0.9976	0.0000	0.0000	0.0000	0.9976	0.0000	0.9976	0.0068	0.0059	0.0009	0.0021	0.0019	0.0002	0.0047	0.0039	0.0007	0.0487	0.0326	0.0160	0.0250	0.0207	0.0042	0.0237	0.0119	0.0118	0.0000	0.0000	0.0000	0.0000	0.0000	0.0000	0.0000	0.0000	0.0000	20.5047	0.0000	62.3313	0.0000	0.0000	0.0000	42.1389	0.0000	84.8110			
139	153	0.6006	12	1	1	0	1	0	0	0	0	N	N	N	N	N	N	N	N	N	N	N	N	0.0000	0.0002	0.0000	0.0005	0.0004	0.0000	0.0000	0.0000	0.0000	0.0000	0.0000	0.0000	0.0000	0.0000	0.0000	0.0000	0.3391	0.0336	0.9675	0.0436	0.0523	0.0000	0.6580	0.0000	1.3148	0.0000	14.0029	-0.0000	0.0006	1.0020	0.9811	3.0181	0.0216	0.0000	0.0000	0.0000	0.0000	0.0000	0.0000	0.0000	0.0000	0.0000	0.0013	0.0001	0.0013	0.0001	0.0001	0.0000	0.0013	0.0000	0.0013	0.0065	0.0056	0.0009	0.0020	0.0018	0.0002	0.0045	0.0038	0.0007	0.0040	0.0027	0.0013	0.0021	0.0017	0.0003	0.0019	0.0010	0.0010	0.0000	0.0002	0.0000	0.0005	0.0004	0.0000	0.0000	0.0000	0.0000	0.3391	0.0336	0.9675	0.0436	0.0523	0.0000	0.6580	0.0000	1.3148		
139	154	0.5960	11	1	1	0	1	0	0	0	0	N	N	N	N	N	N	N	N	N	N	N	N	0.0796	0.3429	0.0000	0.6386	0.5864	0.0000	0.0000	0.0000	0.0011	0.0012	0.0000	0.0030	0.0033	0.0000	0.0000	0.0000	0.0000	0.0136	0.0036	0.0341	0.0047	0.0057	0.0000	0.0230	0.0000	0.0460	0.0000	4.5266	-0.0000	0.0000	1.0020	0.0083	3.0181	2.0001	0.0000	0.0000	0.0000	0.0000	0.0000	0.0000	0.0000	0.0000	0.0000	0.0001	0.0000	0.0001	0.0000	0.0000	0.0000	0.0001	0.0000	0.0001	0.0001	0.0001	0.0000	0.0000	0.0000	0.0000	0.0000	0.0000	0.0000	0.0081	0.0055	0.0027	0.0042	0.0035	0.0007	0.0039	0.0020	0.0020	0.0796	0.3429	0.0000	0.6386	0.5864	0.0000	0.0000	0.0000	0.0000	0.0136	0.0036	0.0341	0.0047	0.0057	0.0000	0.0230	0.0000	0.0460	
139	155	0.5724	10	0	1	0	1	0	0	0	0	N	N	N	N	N	N	N	N	N	N	N	N	0.5751	10.6485	0.0000	20.8684	19.5209	0.5685	0.0170	1091.5416	0.0000	0.0055	0.0063	0.0000	0.0171	0.0186	0.0000	0.0003	0.0004	0.0000	0.0095	0.0006	0.0289	0.0008	0.0010	0.0000	0.0180	0.0000	0.0372	0.0000	22.3194	-0.0000	0.0002	1.0020	2.9180	3.0181	7.4065	0.0001	0.0001	0.0000	0.0001	0.0001	0.0000	0.0000	0.0000	0.0000	0.0005	0.0000	0.0004	0.0000	0.0000	0.0000	0.0004	0.0000	0.0004	0.0201	0.0174	0.0027	0.0062	0.0057	0.0005	0.0140	0.0117	0.0022	0.0493	0.0339	0.0155	0.0245	0.0211	0.0034	0.0248	0.0128	0.0120	0.5751	10.6485	0.0000	20.8684	19.5209	0.5685	0.0170	1091.5416	0.0000	0.0095	0.0006	0.0289	0.0008	0.0010	0.0000	0.0180	0.0000	0.0372
139	156	0.5065	9	0	0	0	1	0	0	0	0	N	N	N	N	N	N	N	N	N	N	N	N	875.9229	0.0132	79496.1651	0.7345	0.0216	644.9834	25320.0285	inf	79931.8354	9.0160	0.0002	77.1157	0.0142	0.0005	0.2569	14.0853	0.0000	92.3471	0.0103	0.0144	0.0010	0.0194	0.0226	0.0004	0.0006	0.0000	0.0012	53423.3041	0.0299	0.4154	-0.0007	1.0020	8.2479	3.0181	19.7214	0.7433	0.0000	0.7433	0.0004	0.0000	0.0004	0.7429	0.0000	0.7429	0.0016	0.0015	0.0000	0.0015	0.0015	0.0000	0.0000	0.0000	0.0000	0.0824	0.0728	0.0096	0.0297	0.0281	0.0016	0.0527	0.0447	0.0080	0.1514	0.1047	0.0466	0.0782	0.0668	0.0114	0.0732	0.0379	0.0352	875.9229	0.0132	79496.1651	0.7345	0.0216	644.9834	25320.0285	inf	79931.8354	0.0103	0.0144	0.0010	0.0194	0.0226	0.0004	0.0006	0.0000	0.0012
139	157	0.4704	8	0	0	0	1	0	0	0	0	N	N	N	N	N	N	N	N	N	N	N	N	226.4277	122.0549	1016.2985	275.4984	248.6557	262.1736	288.9618	3949.8544	868.9779	6.4077	3.6768	24.5464	10.7841	11.5662	0.1149	4.5669	0.0084	29.0117	0.0283	0.0301	0.0242	0.0391	0.0465	0.0004	0.0158	0.0000	0.0334	1.0051	0.3528	0.0229	-0.0008	1.0020	7.4725	3.0181	14.3153	0.3813	0.1902	0.1912	0.1900	0.1899	0.0001	0.1913	0.0003	0.1910	0.0042	0.0031	0.0011	0.0031	0.0031	0.0000	0.0011	0.0000	0.0011	0.0595	0.0517	0.0078	0.0176	0.0164	0.0012	0.0419	0.0353	0.0066	0.1496	0.1039	0.0457	0.0801	0.0673	0.0128	0.0695	0.0366	0.0329	226.4277	122.0549	1016.2985	275.4984	248.6557	262.1736	288.9618	3949.8544	868.9779	0.0283	0.0301	0.0242	0.0391	0.0465	0.0004	0.0158	0.0000	0.0334
139	158	0.4049	7	0	0	0	1	0	0	0	0	N	N	N	N	N	N	N	N	N	N	N	N	35.4878	0.1275	469.5959	0.1617	0.1348	9.0237	138.2620	26603.5279	422.7276	2.9166	0.0125	22.3798	0.0227	0.0219	0.0348	3.8820	0.0090	25.3076	0.0822	0.0977	0.0477	0.1402	0.1624	0.0039	0.0281	0.0000	0.0599	267.9701	0.2194	0.1420	-0.0048	1.0020	11.6653	3.0181	19.4910	0.2558	0.0010	0.2548	0.0005	0.0005	0.0000	0.2553	0.0005	0.2548	0.0173	0.0142	0.0031	0.0143	0.0142	0.0001	0.0031	0.0000	0.0031	0.0877	0.0763	0.0114	0.0219	0.0206	0.0013	0.0658	0.0557	0.0101	0.2107	0.1453	0.0654	0.1017	0.0874	0.0142	0.1090	0.0579	0.0511	35.4878	0.1275	469.5959	0.1617	0.1348	9.0237	138.2620	26603.5279	422.7276	0.0822	0.0977	0.0477	0.1402	0.1624	0.0039	0.0281	0.0000	0.0599
139	159	0.3576	6	0	0	0	1	0	0	0	0	N	N	N	N	N	N	N	N	N	N	N	N	0.1044	0.1040	0.2397	0.0934	0.0851	0.0083	0.0927	718.8344	0.2128	0.0108	0.0053	0.0516	0.0066	0.0069	0.0001	0.0125	0.0045	0.0584	0.1032	0.0505	0.2152	0.0705	0.0813	0.0061	0.1350	0.0000	0.2746	1.3244	1.9998	0.0001	0.0045	1.0020	7.3933	3.0181	20.5306	0.0007	0.0003	0.0004	0.0001	0.0001	0.0000	0.0006	0.0002	0.0004	0.0214	0.0071	0.0143	0.0072	0.0071	0.0001	0.0142	0.0000	0.0142	0.0669	0.0590	0.0080	0.0198	0.0188	0.0009	0.0472	0.0402	0.0070	0.2077	0.1414	0.0664	0.1026	0.0879	0.0147	0.1051	0.0534	0.0517	0.1044	0.1040	0.2397	0.0934	0.0851	0.0083	0.0927	718.8344	0.2128	0.1032	0.0505	0.2152	0.0705	0.0813	0.0061	0.1350	0.0000	0.2746
139	160	0.1215	5	0	0	0	1	0	0	0	0	N	N	N	N	N	N	N	N	N	N	N	N	0.0682	1.0251	0.1237	0.0000	0.0000	0.0643	5.5424	0.1220	0.0016	0.0007	0.0064	0.0000	0.0000	0.0000	0.0017	0.0008	0.0066	0.0230	0.0007	0.0517	0.0026	0.0030	0.0000	0.0261	0.0001	0.0541	1.4934	55.8251	0.0000	0.0038	1.0020	27.6416	3.0181	54.6365	0.0002	0.0001	0.0001	0.0000	0.0000	0.0000	0.0002	0.0001	0.0001	0.0073	0.0001	0.0072	0.0001	0.0001	0.0000	0.0072	0.0000	0.0072	0.1587	0.1353	0.0233	0.0103	0.0096	0.0007	0.1484	0.1257	0.0226	0.3173	0.1785	0.1388	0.0416	0.0355	0.0061	0.2757	0.1429	0.1328	0.0682	1.0251	0.1237	0.0000	0.0000	0.0000	0.0643	5.5424	0.1220	0.0230	0.0007	0.0517	0.0026	0.0030	0.0000	0.0261	0.0001	0.0541	
139	161	0.0541	5	1	1	0	1	0	0	0	0	N	N	N	N	N	N	N	N	N	N	N	N	0.0000	0.0000	0.0000	0.0000	0.0000	0.0000	0.0000	0.0000	0.0000	0.0000	0.0000	0.0000	0.0000	0.0000	0.0000	0.0000	0.0000	0.0000	0.0000	0.0000	1.0020	0.0002	3.0181	3.0099	0.0000	0.0000	0.0000	0.0000	0.0000	0.0000	0.0000	0.0000	0.0000	0.0000	0.0000	0.0000	0.0000	0.0000	0.0000	0.0000	0.0000	0.0000	0.0000	0.0000	0.0000	0.0000	0.0000	0.0000	0.0000	0.0000	0.0000	0.0173	0.0092	0.0081	0.0010	0.0009	0.0002	0.0162	0.0083	0.0079	0.0000	0.0000	0.0000	0.0000	0.0000	0.0000	0.0000	0.0000	0.0000	0.0000	0.0000	0.0000	0.0000	0.0000	0.0000	0.0000	0.0000	0.0000											
139	162	0.0465	4	1	1	0	1	0	0	0	0	N	N	N	N	N	N	N	N	N	N	N	N	0.0000	0.0000	0.0000	0.0000	0.0000	0.0000	0.0000	0.0000	0.0000	0.0000	0.0000	0.0000	0.0000	0.0000	0.0000	0.0000	0.0000	0.0000	0.0000	0.0000	1.0020	0.9998	3.0181	2.0118	0.0000	0.0000	0.0000	0.0000	0.0000	0.0000	0.0000	0.0000	0.0000	0.0000	0.0000	0.0000	0.0000	0.0000	0.0000	0.0000	0.0000	0.0000	0.0068	0.0057	0.0011	0.0000	0.0000	0.0000	0.0068	0.0057	0.0011	0.0169	0.0089	0.0080	0.0008	0.0007	0.0002	0.0161	0.0082	0.0079	0.0000	0.0000	0.0000	0.0000	0.0000	0.0000	0.0000	0.0000	0.0000	0.0000	0.0000	0.0000	0.0000	0.0000	0.0000	0.0000	0.0000	0.0000											
139	163	0.0465	3	1	1	0	1	0	0	0	0	N	N	N	N	N	N	N	N	N	N	N	N	0.0000	0.0000	0.0000	0.0000	0.0000	0.0000	0.0000	0.0000	0.0000	0.0000	0.0000	0.0000	0.0000	0.0000	0.0000	0.0000	0.0000	0.0000	0.0000	0.0000	1.0020	0.0000	3.0181	0.0003	0.0000	0.0000	0.0000	0.0000	0.0000	0.0000	0.0000	0.0000	0.0000	0.0000	0.0000	0.0000	0.0000	0.0000	0.0000	0.0000	0.0000	0.0000	0.0000	0.0000	0.0000	0.0000	0.0000	0.0000	0.0000	0.0000	0.0000	0.0000	0.0000	0.0000	0.0000	0.0000	0.0000	0.0000	0.0000	0.0000	0.0000	0.0000	0.0000	0.0000	0.0000	0.0000	0.0000	0.0000	0.0000	0.0000	0.0000	0.0000	0.0000	0.0000	0.0000	0.0000	0.0000	0.0000											
139	164	0.0355	2	0	1	0	1	0	0	0	0	N	N	N	N	N	N	N	N	N	N	N	N	0.1443	0.0981	0.0000	0.0645	0.0553	0.0000	0.0000	0.0027	0.0032	0.0000	0.0082	0.0082	0.0000	0.0000	0.0000	0.0000	0.0184	0.0330	0.0000	0.1268	0.1477	0.0000	0.0000	0.0000	0.0000	0.0000	0.0000	-0.0000	-0.0003	1.0020	0.0063	3.0181	4.3641	0.0000	0.0000	0.0000	0.0000	0.0000	0.0000	0.0000	0.0000	0.0000	0.0006	0.0006	0.0000	0.0006	0.0006	0.0000	0.0000	0.0000	0.0000	0.0001	0.0001	0.0000	0.0000	0.0000	0.0000	0.0001	0.0001	0.0000	0.0301	0.0167	0.0133	0.0044	0.0037	0.0006	0.0257	0.0130	0.0127	0.1443	0.0981	0.0000	0.0645	0.0553	0.0000	0.0000	0.0000	0.0000	0.0184	0.0330	0.0000	0.1268	0.1477	0.0000	0.0000	0.0000	0.0000		
140	141	0.5816	11	0	2	0	0	0	0	0	0	N	Y	N	N	N	N	N	N	N	N	N	N	0.0000	0.0000	0.0000	0.0000	0.0000	0.0000	0.0000	0.0000	0.0000	0.0000	0.0000	0.0000	0.0000	0.0000	0.0000	0.0000	0.0000	0.0000	0.0000	0.0000	0.0000	0.0000	inf	0.0000	0.0000	0.0000	1.0003	4.0001	5.0186	0.0000	0.0000	0.0000	0.0000	0.0000	0.0000	0.0000	0.0000	0.0000	0.0000	0.0000	0.0000	0.0000	0.0000	0.0000	0.0000	0.0000	0.0000	0.0000	0.0000	0.0000	0.0000	0.0000	0.0000	0.0000	0.0000	0.0000	0.0234	0.0157	0.0077	0.0122	0.0101	0.0021	0.0112	0.0056	0.0056	0.0000	0.0000	0.0000	0.0000	0.0000	0.0000	0.0000	0.0000	0.0000	0.0000	0.0000	0.0000	0.0000	0.0000	0.0000	0.0000	0.0000	0.0000						
140	142	0.0464	3	0	1	1	1	0	0	0	0	N	N	N	N	N	N	N	N	N	N	N	N	0.0000	0.0000	0.0000	0.0000	0.0000	0.0000	0.0000	0.0000	0.0000	0.0000	0.0000	0.0000	0.0000	33.5862	0.0000	116.8325	0.0000	0.0000	0.0000	21.4417	0.0000	104.4126	inf	0.0000	0.5416	0.0000	0.0001	4.0001	9.0026	0.0000	0.0000	0.0000	0.0000	0.0000	0.0000	0.0000	0.0000	0.0000	1.0000	0.0000	1.0000	0.0000	0.0000	0.0000	1.0000	0.0000	1.0000	0.0000	0.0000	0.0000	0.0000	0.0000	0.0000	0.0000	0.0000	0.0000	0.0490	0.0258	0.0232	0.0023	0.0019	0.0005	0.0466	0.0239	0.0227	0.0000	0.0000	0.0000	0.0000	0.0000	0.0000	0.0000	0.0000	0.0000	20.4156	0.0000	43.0615	0.0000	0.0000	0.0000	21.4417	0.0000	43.9570						
140	143	0.5671	11	0	1	1	1	0	0	0	0	N	N	N	N	N	N	N	N	N	N	N	N	0.0000	0.0000	0.0000	0.0000	0.0000	0.0000	0.0000	0.0000	0.0000	0.0000	0.0000	0.0000	0.0000	0.0025	0.0038	0.0000	0.0050	0.0061	0.0000	0.0000	0.0000	0.0000	0.0000	0.0000	-0.0000	0.0000	2.0061	4.0001	8.0425	0.0000	0.0000	0.0000	0.0000	0.0000	0.0000	0.0000	0.0000	0.0000	0.0001	0.0001	0.0000	0.0001	0.0001	0.0000	0.0000	0.0000	0.0000	0.0000	0.0000	0.0000	0.0000	0.0000	0.0000	0.0000	0.0000	0.0000	0.0395	0.0261	0.0134	0.0199	0.0163	0.0036	0.0196	0.0098	0.0098	0.0000	0.0000	0.0000	0.0000	0.0000	0.0000	0.0000	0.0000	0.0000	0.0025	0.0038	0.0000	0.0050	0.0061	0.0000	0.0000	0.0000	0.0000						
140	144	0.5580	10	0	1	0	1	0	0	0	0	N	N	N	N	N	N	N	N	N	N	N	N	0.0000	0.0000	0.0000	0.0000	0.0000	0.0000	0.0000	0.0000	0.0000	0.0000	0.0000	0.0000	0.0000	0.0000	0.0000	0.0000	0.0000	0.0000	0.0000	0.0000	0.0000	0.0000	0.5000	0.0000	-0.0000	0.0000	1.9550	4.0001	2.1189	0.0000	0.0000	0.0000	0.0000	0.0000	0.0000	0.0000	0.0000	0.0000	0.0000	0.0000	0.0000	0.0000	0.0000	0.0000	0.0000	0.0000	0.0000	0.0000	0.0000	0.0000	0.0000	0.0000	0.0000	0.0000	0.0000	0.0000	0.0253	0.0178	0.0075	0.0127	0.0112	0.0015	0.0126	0.0066	0.0060	0.0000	0.0000	0.0000	0.0000	0.0000	0.0000	0.0000	0.0000	0.0000	0.0000	0.0000	0.0000	0.0000	0.0000	0.0000	0.0000	0.0000	0.0000						
140	145	0.5580	10	0	1	1	1	0	0	0	0	N	N	N	N	N	N	N	N	N	N	N	N	0.0000	0.0000	0.0000	0.0000	0.0000	0.0000	0.0000	0.0000	0.0000	0.0000	0.0000	0.0000	0.0000	0.0000	0.0000	0.0000	0.0000	0.0000	0.0000	0.0000	0.0000	0.0000	inf	0.0000	0.0000	0.0000	2.1261	4.0001	18.6477	0.0000	0.0000	0.0000	0.0000	0.0000	0.0000	0.0000	0.0000	0.0000	0.0000	0.0000	0.0000	0.0000	0.0000	0.0000	0.0000	0.0000	0.0000	0.0000	0.0000	0.0000	0.0000	0.0000	0.0000	0.0000	0.0000	0.0000	0.0854	0.0573	0.0281	0.0424	0.0354	0.0069	0.0430	0.0219	0.0212	0.0000	0.0000	0.0000	0.0000	0.0000	0.0000	0.0000	0.0000	0.0000	0.0000	0.0000	0.0000	0.0000	0.0000	0.0000	0.0000	0.0000	0.0000						
140	146	0.0464	3	0	1	1	1	0	0	0	0	N	N	N	N	N	N	N	N	N	N	N	N	0.0000	0.0000	0.0000	0.0000	0.0000	0.0000	0.0000	0.0000	0.0000	0.0000	0.0000	0.0000	0.0000	0.0000	0.0000	0.0000	0.0000	0.0000	0.0000	0.0000	0.0000	2.0001	4.0001	5.9880	0.0000	0.0000	0.0000	0.0000	0.0000	0.0000	0.0000	0.0000	0.0000	0.0000	0.0000	0.0000	0.0000	0.0000	0.0000	0.0000	0.0000	0.0000	0.0000	0.0000	0.0000	0.0000	0.0000	0.0000	0.0000	0.0000	0.0000	0.0437	0.0229	0.0207	0.0021	0.0017	0.0004	0.0416	0.0213	0.0203	0.0000	0.0000	0.0000	0.0000	0.0000	0.0000	0.0000	0.0000	0.0000	0.0000	0.0000	0.0000	0.0000	0.0000	0.0000	0.0000	0.0000	0.0000											
140	147	0.0464	3	0	1	1	1	0	0	0	0	N	N	N	N	N	N	N	N	N	N	N	N	0.0000	0.0000	0.0000	0.0000	0.0000	0.0000	0.0000	0.0000	0.0000	0.0000	0.0000	0.0000	0.0000	0.0006	0.0012	0.0000	0.0134	0.0169	0.0000	0.0000	0.0000	0.0000	0.0000	0.0000	-0.0000	0.0000	9.0001	4.0001	23.0169	0.0000	0.0000	0.0000	0.0000	0.0000	0.0000	0.0000	0.0000	0.0000	0.0001	0.0001	0.0000	0.0001	0.0001	0.0000	0.0000	0.0000	0.0000	0.0000	0.0000	0.0000	0.0000	0.0000	0.0000	0.0000	0.0000	0.0000	0.1584	0.0839	0.0744	0.0074	0.0059	0.0015	0.1509	0.0780	0.0729	0.0000	0.0000	0.0000	0.0000	0.0000	0.0000	0.0000	0.0000	0.0000	0.0006	0.0012	0.0000	0.0134	0.0169	0.0000	0.0000	0.0000	0.0000						
140	148	0.0211	2	0	1	0	1	0	0	0	0	N	N	N	N	N	N	N	N	N	N	N	N	0.0000	0.0000	0.0000	0.0000	0.0000	0.0000	0.0000	0.0000	0.0000	0.0000	0.0000	0.0000	0.0000	0.0000	0.0000	0.0000	0.0000	0.0000	0.0000	0.0000	0.0000	0.0000	0.0000	0.0000	inf	0.0000	0.0000	0.0000	1.9990	4.0001	7.9526	0.0000	0.0000	0.0000	0.0000	0.0000	0.0000	0.0000	0.0000	0.0000	0.0000	0.0000	0.0000	0.0000	0.0000	0.0000	0.0000	0.0000	0.0000	0.0000	0.0000	0.0000	0.0000	0.0000	0.0000	0.0000	0.0000	0.0000	0.0597	0.0320	0.0277	0.0035	0.0033	0.0002	0.0562	0.0287	0.0275	0.0000	0.0000	0.0000	0.0000	0.0000	0.0000	0.0000	0.0000	0.0000	0.0000	0.0000	0.0000	0.0000	0.0000	0.0000	0.0000	0.0000	0.0000				
140	149	0.0530	3	1	2	0	0	0	0	0	0	N	Y	N	N	N	N	N	N	N	N	N	N	0.0000	0.0000	0.0000	0.0000	0.0000	0.0000	0.0000	0.0000	0.0000	0.0000	0.0000	0.0000	0.0000	0.0000	0.0000	0.0000	0.0000	0.0000	0.0000	0.0000	0.0000	0.0000	inf	0.0000	0.0000	0.0000	5.3497	4.0001	17.2225	0.0000	0.0000	0.0000	0.0000	0.0000	0.0000	0.0000	0.0000	0.0000	0.0000	0.0000	0.0000	0.0000	0.0000	0.0000	0.0000	0.0000	0.0000	0.0000	0.0000	0.0000	0.0000	0.0000	0.0000	0.0000	0.0000	0.0000	0.1323	0.0755	0.0568	0.0148	0.0135	0.0013	0.1175	0.0620	0.0555	0.0000	0.0000	0.0000	0.0000	0.0000	0.0000	0.0000	0.0000	0.0000	0.0000	0.0000	0.0000	0.0000	0.0000	0.0000	0.0000	0.0000	0.0000						
140	150	0.0839	4	0	2	0	0	0	0	0	0	N	Y	N	N	N	N	N	N	N	N	N	N	0.0000	0.0000	0.0000	0.0000	0.0000	0.0000	0.0000	0.0000	0.0000	0.0000	0.0000	0.0000	0.0000	0.0000	0.0000	0.0000	0.0000	0.0042	0.0070	0.0000	0.0201	0.0224	0.0001	0.0000	0.0000	0.0000	0.0007	0.0000	-0.0003	0.0000	3.6794	4.0001	17.4287	0.0000	0.0000	0.0000	0.0000	0.0000	0.0000	0.0000	0.0000	0.0000	0.0006	0.0006	0.0000	0.0006	0.0006	0.0000	0.0000	0.0000	0.0000	0.0000	0.0000	0.0000	0.0000	0.0000	0.0000	0.0000	0.0000	0.0000	0.1324	0.0795	0.0528	0.0279	0.0250	0.0028	0.1045	0.0545	0.0500	0.0000	0.0000	0.0000	0.0000	0.0000	0.0000	0.0000	0.0000	0.0000	0.0042	0.0070	0.0000	0.0201	0.0224	0.0001	0.0000	0.0000	0.0000		
140	151	0.0530	3	0	2	0	0	0	0	0	0	N	Y	N	N	N	N	N	N	N	N	N	N	0.0000	0.0000	0.0000	0.0000	0.0000	0.0000	0.0000	0.0000	0.0000	0.0000	0.0000	0.0000	0.0000	0.0000	0.0000	0.0000	0.0000	0.0000	0.0062	0.0013	0.0132	0.0000	0.0000	0.0000	0.0072	0.0017	0.0135	6.9591	0.0000	0.0002	0.0000	3.4464	4.0001	10.1316	0.0000	0.0000	0.0000	0.0000	0.0000	0.0000	0.0000	0.0000	0.0000	0.0006	0.0001	0.0005	0.0000	0.0000	0.0000	0.0006	0.0001	0.0005	0.0000	0.0000	0.0000	0.0000	0.0000	0.0000	0.0000	0.0000	0.0000	0.0908	0.0537	0.0370	0.0133	0.0125	0.0008	0.0774	0.0413	0.0362	0.0000	0.0000	0.0000	0.0000	0.0000	0.0000	0.0000	0.0000	0.0000	0.0062	0.0013	0.0132	0.0000	0.0000	0.0000	0.0072	0.0017	0.0135	
140	152	0.5884	13	1	2	0	0	0	0	0	0	N	Y	N	N	N	N	N	N	N	N	N	N	0.0000	0.0000	0.0000	0.0000	0.0000	0.0000	0.0000	0.0000	0.0000	0.0000	0.0000	0.0000	0.0000	0.0000	0.0000	0.0000	0.0000	0.0000	0.0000	0.0000	0.0000	1.0143	4.0001	12.0086	0.0000	0.0000	0.0000	0.0000	0.0000	0.0000	0.0000	0.0000	0.0000	0.0000	0.0000	0.0000	0.0000	0.0000	0.0000	0.0000	0.0000	0.0000	0.0000	0.0000	0.0000	0.0000	0.0000	0.0000	0.0000	0.0000	0.0000	0.0487	0.0325	0.0162	0.0253	0.0208	0.0045	0.0234	0.0117	0.0117	0.0000	0.0000	0.0000	0.0000	0.0000	0.0000	0.0000	0.0000	0.0000	0.0000	0.0000	0.0000	0.0000	0.0000	0.0000	0.0000	0.0000	0.0000											
140	153	0.5861	12	1	2	0	0	0	0	0	0	N	Y	N	N	N	N	N	N	N	N	N	N	0.0000	0.0000	0.0000	0.0000	0.0000	0.0000	0.0000	0.0000	0.0000	0.0000	0.0000	0.0000	0.0000	0.0000	0.0000	0.0000	0.0000	0.0000	0.0000	0.0000	0.0000	0.9811	4.0001	0.0216	0.0000	0.0000	0.0000	0.0000	0.0000	0.0000	0.0000	0.0000	0.0000	0.0000	0.0000	0.0000	0.0000	0.0000	0.0000	0.0000	0.0000	0.0000	0.0000	0.0000	0.0000	0.0000	0.0000	0.0000	0.0000	0.0000	0.0000	0.0040	0.0027	0.0013	0.0021	0.0017	0.0004	0.0019	0.0009	0.0010	0.0000	0.0000	0.0000	0.0000	0.0000	0.0000	0.0000	0.0000	0.0000	0.0000	0.0000	0.0000	0.0000	0.0000	0.0000	0.0000	0.0000	0.0000											
140	154	0.5816	11	1	2	0	0	0	0	0	0	N	Y	N	N	N	N	N	N	N	N	N	N	0.0000	0.0000	0.0000	0.0000	0.0000	0.0000	0.0000	0.0000	0.0000	0.0000	0.0000	0.0000	0.0000	0.0000	0.0000	0.0000	0.0000	0.0000	0.0000	0.0000	0.0000	0.0000	inf	0.0000	0.0000	0.0000	0.0083	4.0001	2.0001	0.0000	0.0000	0.0000	0.0000	0.0000	0.0000	0.0000	0.0000	0.0000	0.0000	0.0000	0.0000	0.0000	0.0000	0.0000	0.0000	0.0000	0.0000	0.0000	0.0000	0.0000	0.0000	0.0000	0.0000	0.0000	0.0000	0.0000	0.0081	0.0055	0.0027	0.0043	0.0035	0.0007	0.0039	0.0019	0.0020	0.0000	0.0000	0.0000	0.0000	0.0000	0.0000	0.0000	0.0000	0.0000	0.0000	0.0000	0.0000	0.0000	0.0000	0.0000	0.0000	0.0000	0.0000						
140	155	0.5580	10	0	2	0	0	0	0	0	0	N	Y	N	N	N	N	N	N	N	N	N	N	0.0000	0.0000	0.0000	0.0000	0.0000	0.0000	0.0000	0.0000	0.0000	0.0000	0.0000	0.0000	0.0000	0.0000	0.0000	0.0000	0.0000	0.0000	0.0000	0.0000	0.0000	0.0000	0.0000	2.9180	4.0001	7.4065	0.0000	0.0000	0.0000	0.0000	0.0000	0.0000	0.0000	0.0000	0.0000	0.0000	0.0000	0.0000	0.0000	0.0000	0.0000	0.0000	0.0000	0.0000	0.0000	0.0000	0.0000	0.0000	0.0000	0.0000	0.0000	0.0000	0.0000	0.0487	0.0332	0.0155	0.0243	0.0207	0.0036	0.0244	0.0125	0.0119	0.0000	0.0000	0.0000	0.0000	0.0000	0.0000	0.0000	0.0000	0.0000	0.0000	0.0000	0.0000	0.0000	0.0000	0.0000	0.0000	0.0000	0.0000									
140	156	0.4921	9	0	1	0	0	0	0	0	0	N	N	N	N	N	N	N	N	N	N	N	N	0.0000	0.0000	0.0000	0.0000	0.0000	0.0000	0.0000	0.0000	0.0000	0.0000	0.0000	0.0000	0.0000	0.0000	0.0000	0.0000	0.0000	0.2878	0.4175	0.0000	0.5457	0.6459	0.0000	0.0000	0.0000	0.0000	0.0000	0.0000	-0.0195	0.0000	8.2479	4.0001	19.7214	0.0000	0.0000	0.0000	0.0000	0.0000	0.0000	0.0000	0.0000	0.0000	0.0425	0.0425	0.0000	0.0425	0.0425	0.0000	0.0000	0.0000	0.0000	0.0000	0.0000	0.0000	0.0000	0.0000	0.0000	0.0000	0.0000	0.0000	0.1478	0.1019	0.0459	0.0780	0.0659	0.0121	0.0699	0.0360	0.0338	0.0000	0.0000	0.0000	0.0000	0.0000	0.0000	0.0000	0.0000	0.0000	0.2878	0.4175	0.0000	0.5457	0.6459	0.0000	0.0000	0.0000	0.0000		
140	157	0.4560	8	0	1	0	0	0	0	0	0	N	N	N	N	N	N	N	N	N	N	N	N	0.0000	0.0000	0.0000	0.0000	0.0000	0.0000	0.0000	0.0000	0.0000	0.0000	0.0000	0.0000	0.0000	0.0000	0.0000	0.0000	0.0000	0.0000	0.5300	0.3708	0.8916	0.4523	0.5427	0.0111	0.6272	0.0306	1.2860	1.0581	0.0000	0.0043	0.0000	7.4725	4.0001	14.3153	0.0000	0.0000	0.0000	0.0000	0.0000	0.0000	0.0000	0.0000	0.0000	0.0778	0.0378	0.0400	0.0369	0.0368	0.0002	0.0409	0.0010	0.0399	0.0000	0.0000	0.0000	0.0000	0.0000	0.0000	0.0000	0.0000	0.0000	0.1469	0.1020	0.0449	0.0816	0.0677	0.0139	0.0652	0.0342	0.0310	0.0000	0.0000	0.0000	0.0000	0.0000	0.0000	0.0000	0.0000	0.0000	0.5300	0.3708	0.8916	0.4523	0.5427	0.0111	0.6272	0.0306	1.2860	
140	158	0.3905	7	0	1	0	0	0	0	0	0	N	N	N	N	N	N	N	N	N	N	N	N	0.0000	0.0000	0.0000	0.0000	0.0000	0.0000	0.0000	0.0000	0.0000	0.0000	0.0000	0.0000	0.0000	0.0000	0.0000	0.0000	0.0000	0.0000	0.1883	0.0304	0.5385	0.0059	0.0070	0.0001	0.3745	0.0681	0.7221	8.0044	0.0000	0.0168	0.0000	11.6653	4.0001	19.4910	0.0000	0.0000	0.0000	0.0000	0.0000	0.0000	0.0000	0.0000	0.0000	0.0390	0.0043	0.0346	0.0006	0.0006	0.0000	0.0383	0.0037	0.0346	0.0000	0.0000	0.0000	0.0000	0.0000	0.0000	0.0000	0.0000	0.0000	0.2068	0.1425	0.0643	0.1045	0.0881	0.0163	0.1024	0.0544	0.0480	0.0000	0.0000	0.0000	0.0000	0.0000	0.0000	0.0000	0.0000	0.0000	0.1883	0.0304	0.5385	0.0059	0.0070	0.0001	0.3745	0.0681	0.7221	
140	159	0.3432	6	0	1	0	0	0	0	0	0	N	N	N	N	N	N	N	N	N	N	N	N	0.0000	0.0000	0.0000	0.0000	0.0000	0.0000	0.0000	0.0000	0.0000	0.0000	0.0000	0.0000	0.0000	0.0000	0.0000	0.0000	0.0000	0.0000	0.0040	0.0014	0.0095	0.0017	0.0019	0.0001	0.0064	0.0006	0.0125	3.0902	0.0000	0.0002	0.0000	7.3933	4.0001	20.5306	0.0000	0.0000	0.0000	0.0000	0.0000	0.0000	0.0000	0.0000	0.0000	0.0008	0.0002	0.0006	0.0002	0.0002	0.0000	0.0007	0.0000	0.0006	0.0000	0.0000	0.0000	0.0000	0.0000	0.0000	0.0000	0.0000	0.0000	0.2066	0.1411	0.0655	0.1051	0.0892	0.0159	0.1015	0.0519	0.0496	0.0000	0.0000	0.0000	0.0000	0.0000	0.0000	0.0000	0.0000	0.0000	0.0040	0.0014	0.0095	0.0017	0.0019	0.0001	0.0064	0.0006	0.0125	
140	160	0.1071	5	0	1	0	0	0	0	0	0	N	N	N	N	N	N	N	N	N	N	N	N	0.0000	0.0000	0.0000	0.0000	0.0000	0.0000	0.0000	0.0000	0.0000	0.0000	0.0000	0.0000	0.0000	0.0000	0.0000	0.0000	0.0000	0.0006	0.0003	0.0011	0.0004	0.0005	0.0000	0.0007	0.0002	0.0012	3.6155	0.0000	0.0001	0.0000	27.6416	4.0001	54.6365	0.0000	0.0000	0.0000	0.0000	0.0000	0.0000	0.0000	0.0000	0.0000	0.0002	0.0000	0.0002	0.0000	0.0000	0.0000	0.0002	0.0000	0.0002	0.0000	0.0000	0.0000	0.0000	0.0000	0.0000	0.0000	0.0000	0.0000	0.3165	0.1766	0.1399	0.0355	0.0301	0.0053	0.2810	0.1465	0.1345	0.0000	0.0000	0.0000	0.0000	0.0000	0.0000	0.0000	0.0000	0.0000	0.0006	0.0003	0.0011	0.0004	0.0005	0.0000	0.0007	0.0002	0.0012		
140	161	0.0178	3	1	2	0	0	0	0	0	0	N	Y	N	N	N	N	N	N	N	N	N	N	0.0000	0.0000	0.0000	0.0000	0.0000	0.0000	0.0000	0.0000	0.0000	0.0000	0.0000	0.0000	0.0000	0.0000	0.0000	0.0000	0.0000	0.0001	0.0001	0.0000	0.0046	0.0000	0.0000	0.0001	inf	0.0000	0.0000	0.0000	0.0002	4.0001	3.0099	0.0000	0.0000	0.0000	0.0000	0.0000	0.0000	0.0000	0.0000	0.0000	0.0000	0.0000	0.0000	0.0000	0.0000	0.0000	0.0000	0.0000	0.0000	0.0000	0.0000	0.0000	0.0000	0.0000	0.0000	0.0000	0.0000	0.0000	0.0172	0.0090	0.0082	0.0002	0.0002	0.0000	0.0169	0.0087	0.0082	0.0000	0.0000	0.0000	0.0000	0.0000	0.0000	0.0000	0.0000	0.0000	0.0000	0.0000	0.0001	0.0001	0.0000	0.0046	0.0000	0.0000	0.0001				
140	162	0.0101	2	1	2	0	0	0	0	0	0	N	Y	N	N	N	N	N	N	N	N	N	N	0.0000	0.0000	0.0000	0.0000	0.0000	0.0000	0.0000	0.0000	0.0000	0.0000	0.0000	0.0000	0.0000	0.0000	0.0000	0.0000	0.0000	0.0001	0.0000	0.0793	0.0799	0.0000	0.0000	0.0000	0.0000	0.0495	0.0000	-0.0000	0.0000	0.9998	4.0001	2.0118	0.0000	0.0000	0.0000	0.0000	0.0000	0.0000	0.0000	0.0000	0.0000	0.0000	0.0000	0.0000	0.0000	0.0000	0.0000	0.0000	0.0000	0.0000	0.0000	0.0000	0.0000	0.0000	0.0000	0.0000	0.0000	0.0000	0.0000	0.0168	0.0086	0.0082	0.0000	0.0000	0.0000	0.0168	0.0086	0.0082	0.0000	0.0000	0.0000	0.0000	0.0000	0.0000	0.0000	0.0000	0.0000	0.0000	0.0001	0.0000	0.0793	0.0799	0.0000	0.0000	0.0000	0.0000			
141	142	0.5995	11	0	1	1	1	0	0	0	0	N	N	N	N	N	N	N	N	N	N	N	N	0.8586	0.6560	0.0000	0.6220	0.5804	0.0000	0.0000	0.0144	0.0163	0.0000	0.0202	0.0227	0.0000	0.0000	0.0000	0.0000	0.0167	0.0249	0.0000	0.0325	0.0391	0.0000	0.0000	0.0000	0.0000	0.0000	0.0000	-0.0000	-0.0004	1.0003	0.0001	5.0186	9.0026	0.0000	0.0000	0.0000	0.0000	0.0000	0.0000	0.0000	0.0000	0.0000	0.0009	0.0009	0.0000	0.0009	0.0009	0.0000	0.0000	0.0000	0.0000	0.0000	0.0000	0.0000	0.0000	0.0000	0.0000	0.0000	0.0000	0.0000	0.0514	0.0345	0.0168	0.0264	0.0220	0.0044	0.0249	0.0125	0.0124	0.8586	0.6560	0.0000	0.6220	0.5804	0.0000	0.0000	0.0000	0.0000	0.0167	0.0249	0.0000	0.0325	0.0391	0.0000	0.0000	0.0000	0.0000		
141	143	0.0464	3	0	1	1	1	0	0	0	0	N	N	N	N	N	N	N	N	N	N	N	N	0.0000	0.0000	0.0000	0.0011	0.0010	0.0000	0.0000	0.0000	0.0001	0.0001	0.0000	0.0000	0.0000	0.0000	0.0001	0.0001	0.0000	18.6580	39.5607	0.0000	0.0292	0.0340	0.0000	12.9908	24.3106	0.0000	0.0000	0.0000	-0.0000	-0.4578	1.0003	2.0061	5.0186	8.0425	0.0000	0.0000	0.0000	0.0000	0.0000	0.0000	0.0000	0.0000	0.0000	0.9988	0.9988	0.0000	0.0001	0.0001	0.0000	0.9986	0.9986	0.0000	0.0137	0.0115	0.0021	0.0004	0.0004	0.0000	0.0133	0.0112	0.0021	0.0818	0.0453	0.0365	0.0049	0.0042	0.0007	0.0769	0.0411	0.0358	0.0000	0.0000	0.0000	0.0011	0.0010	0.0000	0.0000	0.0000	0.0000	12.2164	22.0602	0.0000	0.0292	0.0340	0.0000	12.9908	24.3106	0.0000	
141	144	0.0373	2	0	1	0	1	0	0	0	0	N	N	N	N	N	N	N	N	N	N	N	N	0.3297	0.2646	0.0009	0.1682	0.1734	0.0000	3.1399	4.0152	0.0009	0.0165	0.0196	0.0000	0.0359	0.0377	0.0000	0.0153	0.0183	0.0000	0.0502	0.0740	0.0052	0.2134	0.2177	0.0004	0.0049	0.0046	0.0053	0.0000	0.0376	-0.0001	-0.0012	1.0003	1.9550	5.0186	2.1189	0.0002	0.0002	0.0000	0.0000	0.0000	0.0000	0.0002	0.0002	0.0000	0.0027	0.0026	0.0001	0.0025	0.0025	0.0000	0.0002	0.0001	0.0001	0.0145	0.0123	0.0023	0.0009	0.0008	0.0000	0.0137	0.0114	0.0022	0.0548	0.0358	0.0190	0.0119	0.0117	0.0002	0.0429	0.0241	0.0188	0.3297	0.2646	0.0009	0.1682	0.1734	0.0000	3.1399	4.0152	0.0009	0.0502	0.0740	0.0052	0.2134	0.2177	0.0004	0.0049	0.0046	0.0053
141	145	0.0373	2	0	1	1	1	0	0	0	0	N	N	N	N	N	N	N	N	N	N	N	N	0.0003	0.0002	0.0051	0.1771	0.1747	0.0000	0.0000	0.0000	0.0051	0.0019	0.0022	0.0000	0.0339	0.0356	0.0000	0.0000	0.0000	0.0000	6.7646	14.5565	0.0034	0.1911	0.2038	0.0000	6.0959	11.2822	0.0035	0.0014	0.0003	-0.0000	-0.4591	1.0003	2.1261	5.0186	18.6477	0.0000	0.0000	0.0000	0.0000	0.0000	0.0000	0.0000	0.0000	0.0000	1.0021	1.0018	0.0003	0.0032	0.0032	0.0000	0.9988	0.9986	0.0003	0.0157	0.0132	0.0024	0.0009	0.0008	0.0000	0.0148	0.0124	0.0024	0.1807	0.1043	0.0764	0.0169	0.0158	0.0010	0.1639	0.0885	0.0753	0.0003	0.0002	0.0051	0.1771	0.1747	0.0000	0.0000	0.0000	0.0051	5.5450	9.6034	0.0034	0.1911	0.2038	0.0000	6.0959	11.2822	0.0035
141	146	0.5995	11	0	1	1	1	0	0	0	0	N	N	N	N	N	N	N	N	N	N	N	N	0.2235	inf	0.0000	34.0290	inf	0.0000	0.0000	0.0000	0.0000	0.0000	0.0000	0.0000	0.0000	0.0000	0.0000	0.0000	0.0000	0.0000	0.0000	0.0000	0.0000	0.0000	0.0000	0.0000	0.0000	0.0000	0.0000	inf	-0.0000	0.0000	1.0003	2.0001	5.0186	5.9880	0.0000	0.0000	0.0000	0.0000	0.0000	0.0000	0.0000	0.0000	0.0000	0.0000	0.0000	0.0000	0.0000	0.0000	0.0000	0.0000	0.0000	0.0000	0.0130	0.0113	0.0018	0.0039	0.0036	0.0003	0.0091	0.0077	0.0014	0.0457	0.0307	0.0150	0.0236	0.0196	0.0040	0.0222	0.0111	0.0110	0.2235	inf	0.0000	34.0290	inf	0.0000	0.0000	0.0000	0.0000	0.0000	0.0000	0.0000	0.0000	0.0000	0.0000	0.0000	0.0000	0.0000	
141	147	0.5995	11	0	1	1	1	0	0	0	0	N	N	N	N	N	N	N	N	N	N	N	N	0.0000	0.0066	0.0000	0.0014	0.0131	0.0000	0.0000	0.0000	0.0000	0.0000	0.0000	0.0000	0.0000	0.0000	0.0000	0.0000	0.0000	7.5002	0.0001	41.9475	0.0012	0.0001	0.0062	12.0053	0.0000	48.9967	0.0000	99854.0453	-0.0000	0.5408	1.0003	9.0001	5.0186	23.0169	0.0000	0.0000	0.0000	0.0000	0.0000	0.0000	0.0000	0.0000	0.0000	0.9986	0.0000	0.9985	0.0001	0.0000	0.0001	0.9985	0.0000	0.9985	0.0568	0.0492	0.0076	0.0170	0.0155	0.0014	0.0399	0.0337	0.0062	0.1685	0.1130	0.0555	0.0853	0.0709	0.0145	0.0832	0.0421	0.0410	0.0000	0.0066	0.0000	0.0014	0.0131	0.0000	0.0000	0.0000	0.0000	5.9260	0.0001	17.9860	0.0012	0.0001	0.0062	12.0053	0.0000	24.3270	
141	148	0.5742	10	0	1	0	1	0	0	0	0	N	N	N	N	N	N	N	N	N	N	N	N	45.9533	1706.3680	0.0000	1866.8323	3470.3211	0.0000	0.0000	0.0000	0.0183	0.0212	0.0000	0.0605	0.0662	0.0000	0.0000	0.0000	0.0000	0.0004	0.0000	0.0012	0.0000	0.0000	0.0001	0.0008	0.0000	0.0016	0.0000	46.8629	-0.0001	0.0000	1.0003	1.9990	5.0186	7.9526	0.0002	0.0002	0.0000	0.0002	0.0002	0.0000	0.0000	0.0000	0.0000	0.0000	0.0000	0.0000	0.0000	0.0000	0.0000	0.0000	0.0000	0.0000	0.0131	0.0113	0.0018	0.0040	0.0036	0.0003	0.0091	0.0077	0.0014	0.0633	0.0424	0.0209	0.0331	0.0276	0.0055	0.0303	0.0149	0.0154	45.9533	1706.3680	0.0000	1866.8323	3470.3211	0.0000	0.0000	0.0000	0.0000	0.0004	0.0000	0.0012	0.0000	0.0000	0.0001	0.0008	0.0000	0.0016	
141	149	0.5423	9	1	2	0	0	0	0	0	0	N	Y	N	N	N	N	N	N	N	N	N	N	0.0000	0.0000	0.0000	0.0000	0.0000	0.0000	0.0000	0.0000	0.0000	0.0000	0.0000	0.0000	0.0000	0.0000	0.0000	0.0000	0.0000	0.0000	0.0001	0.0001	0.0000	0.0001	0.0001	0.0000	0.0000	0.0000	0.0000	0.0421	0.0000	-0.0000	1.0003	5.3497	5.0186	17.2225	0.0000	0.0000	0.0000	0.0000	0.0000	0.0000	0.0000	0.0000	0.0000	0.0000	0.0000	0.0000	0.0000	0.0000	0.0000	0.0000	0.0000	0.0000	0.0412	0.0356	0.0057	0.0129	0.0121	0.0008	0.0283	0.0235	0.0048	0.1442	0.0981	0.0462	0.0750	0.0627	0.0123	0.0693	0.0354	0.0339	0.0000	0.0000	0.0000	0.0000	0.0000	0.0000	0.0000	0.0000	0.0000	0.0001	0.0001	0.0000	0.0001	0.0001	0.0000	0.0000	0.0000	0.0000	
141	150	0.5731	10	0	2	0	0	0	0	0	0	N	Y	N	N	N	N	N	N	N	N	N	N	0.0006	0.0002	0.0526	0.0004	0.0003	0.0183	0.1019	0.0000	0.2962	0.0000	0.0000	0.0000	0.0000	0.0000	0.0000	0.0000	0.0000	0.0000	0.0006	0.0008	0.0000	0.0010	0.0012	0.0001	0.0000	0.0000	0.0000	1.4694	0.0161	0.0000	-0.0000	1.0003	3.6794	5.0186	17.4287	0.0000	0.0000	0.0000	0.0000	0.0000	0.0000	0.0000	0.0000	0.0000	0.0001	0.0001	0.0000	0.0001	0.0001	0.0000	0.0000	0.0000	0.0000	0.0380	0.0334	0.0046	0.0146	0.0139	0.0007	0.0234	0.0195	0.0039	0.1822	0.1274	0.0548	0.1008	0.0849	0.0159	0.0813	0.0425	0.0389	0.0006	0.0002	0.0526	0.0004	0.0003	0.0183	0.1019	0.0000	0.2962	0.0006	0.0008	0.0000	0.0010	0.0012	0.0001	0.0000	0.0000	0.0000
141	151	0.5423	9	0	2	0	0	0	0	0	0	N	Y	N	N	N	N	N	N	N	N	N	N	0.0004	0.0003	0.0013	0.0117	0.0260	0.0000	0.0001	0.0000	0.0012	0.0000	0.0000	0.0000	0.0000	0.0000	0.0000	0.0000	0.0000	0.0000	0.0011	0.0012	0.0007	0.0001	0.0000	0.0002	0.0022	0.0035	0.0009	0.4756	0.2673	-0.0000	-0.0000	1.0003	3.4464	5.0186	10.1316	0.0000	0.0000	0.0000	0.0000	0.0000	0.0000	0.0000	0.0000	0.0000	0.0001	0.0001	0.0000	0.0000	0.0000	0.0000	0.0001	0.0001	0.0000	0.0293	0.0253	0.0040	0.0098	0.0092	0.0005	0.0196	0.0161	0.0035	0.0968	0.0668	0.0300	0.0520	0.0436	0.0084	0.0448	0.0231	0.0217	0.0004	0.0003	0.0013	0.0117	0.0260	0.0000	0.0001	0.0000	0.0012	0.0011	0.0012	0.0007	0.0001	0.0000	0.0002	0.0022	0.0035	0.0009
141	152	0.0205	3	1	2	0	0	0	0	0	0	N	Y	N	N	N	N	N	N	N	N	N	N	1.1586	0.7464	0.0000	1.1096	1.0756	0.0000	0.0000	0.0000	0.0002	0.0003	0.0000	0.0180	0.0182	0.0000	0.0000	0.0000	0.0000	0.0002	0.0004	0.0000	0.0162	0.0170	0.0000	0.0000	0.0000	0.0000	0.0000	0.0113	-0.0000	-0.0000	1.0003	1.0143	5.0186	12.0086	0.0000	0.0000	0.0000	0.0000	0.0000	0.0000	0.0000	0.0000	0.0000	0.0000	0.0000	0.0000	0.0000	0.0000	0.0000	0.0000	0.0000	0.0000	0.0071	0.0060	0.0011	0.0001	0.0001	0.0000	0.0070	0.0059	0.0011	0.1088	0.0583	0.0506	0.0013	0.0012	0.0001	0.1076	0.0570	0.0505	1.1586	0.7464	0.0000	1.1096	1.0756	0.0000	0.0000	0.0000	0.0000	0.0002	0.0004	0.0000	0.0162	0.0170	0.0000	0.0000	0.0000	0.0000	
141	153	0.0183	2	1	2	0	0	0	0	0	0	N	Y	N	N	N	N	N	N	N	N	N	N	1.5185	0.9822	0.0279	6.7856	6.6517	0.0000	0.0094	0.0279	0.0172	0.0205	0.0000	3.2529	3.2543	0.0000	0.0000	0.0000	0.0000	0.0113	0.0209	0.0004	0.4794	0.4892	0.0005	0.0002	0.0000	0.0004	0.0001	0.0158	-0.0001	-0.0000	1.0003	0.9811	5.0186	0.0216	0.0001	0.0001	0.0000	0.0001	0.0001	0.0000	0.0000	0.0000	0.0000	0.0001	0.0001	0.0000	0.0001	0.0001	0.0000	0.0000	0.0000	0.0000	0.0068	0.0057	0.0011	0.0000	0.0000	0.0000	0.0068	0.0057	0.0011	0.0091	0.0049	0.0042	0.0002	0.0002	0.0000	0.0089	0.0047	0.0042	1.5185	0.9822	0.0279	6.7856	6.6517	0.0000	0.0094	0.0000	0.0279	0.0113	0.0209	0.0004	0.4794	0.4892	0.0005	0.0002	0.0000	0.0004	
141	161	0.5928	13	1	2	0	0	0	0	0	0	N	Y	N	N	N	N	N	N	N	N	N	N	0.0000	0.0000	0.0000	0.0000	0.0000	0.0000	0.0000	0.0000	0.0000	0.0000	0.0000	0.0000	0.0000	0.0000	0.0000	0.0000	0.0000	0.0000	0.0000	0.0000	0.0000	0.0000	0.0000	0.0000	inf	0.0000	0.0000	1.0003	0.0002	5.0186	3.0099	0.0000	0.0000	0.0000	0.0000	0.0000	0.0000	0.0000	0.0000	0.0000	0.0000	0.0000	0.0000	0.0000	0.0000	0.0000	0.0000	0.0000	0.0000	0.0000	0.0000	0.0000	0.0000	0.0000	0.0000	0.0000	0.0000	0.0000	0.0182	0.0123	0.0059	0.0095	0.0079	0.0016	0.0087	0.0044	0.0043	0.0000	0.0000	0.0000	0.0000	0.0000	0.0000	0.0000	0.0000	0.0000	0.0000	0.0000	0.0000	0.0000	0.0000	0.0000	0.0000	0.0000	0.0000				
141	162	0.5852	12	1	2	0	0	0	0	0	0	N	Y	N	N	N	N	N	N	N	N	N	N	0.0000	0.0000	0.0000	0.0000	0.0000	0.0000	0.0000	0.0000	0.0000	0.0000	0.0000	0.0000	0.0000	0.0000	0.0000	0.0000	0.0000	0.0000	0.0000	0.0000	0.0000	0.0000	0.0000	0.0000	0.0495	0.0000	-0.0000	1.0003	0.9998	5.0186	2.0118	0.0000	0.0000	0.0000	0.0000	0.0000	0.0000	0.0000	0.0000	0.0000	0.0000	0.0000	0.0000	0.0000	0.0000	0.0000	0.0000	0.0000	0.0000	0.0065	0.0056	0.0009	0.0020	0.0018	0.0002	0.0046	0.0039	0.0007	0.0177	0.0118	0.0059	0.0093	0.0076	0.0016	0.0084	0.0042	0.0042	0.0000	0.0000	0.0000	0.0000	0.0000	0.0000	0.0000	0.0000	0.0000	0.0000	0.0000	0.0000	0.0000	0.0000	0.0000	0.0000	0.0000	0.0000				
141	163	0.5852	11	1	2	0	0	0	0	0	0	N	Y	N	N	N	N	N	N	N	N	N	N	0.0000	0.0000	0.0000	0.0000	0.0000	0.0000	0.0000	0.0000	0.0000	0.0000	0.0000	0.0000	0.0000	0.0004	0.0003	0.0000	0.0008	0.0006	0.0000	0.0000	0.0000	0.0000	0.4545	0.0000	-0.0000	1.0003	0.0000	5.0186	0.0003	0.0000	0.0000	0.0000	0.0000	0.0000	0.0000	0.0000	0.0000	0.0000	0.0000	0.0000	0.0000	0.0000	0.0000	0.0000	0.0000	0.0000	0.0000	0.0000	0.0000	0.0000	0.0000	0.0000	0.0000	0.0000	0.0000	0.0000	0.0000	0.0000	0.0000	0.0000	0.0000	0.0000	0.0000	0.0000	0.0000	0.0000	0.0000	0.0000	0.0000	0.0000	0.0000	0.0000	0.0000	0.0000	0.0004	0.0003	0.0000	0.0008	0.0006	0.0000	0.0000	0.0000	0.0000						
141	164	0.5742	10	0	2	0	0	0	0	0	0	N	Y	N	N	N	N	N	N	N	N	N	N	0.1915	0.1516	0.0000	0.0000	0.0000	0.0000	17419.4750	61061.3115	0.0000	0.0050	0.0059	0.0000	0.0000	0.0000	0.0000	0.0109	0.0145	0.0000	0.0261	0.0386	0.0000	0.0488	0.0578	0.0000	0.0000	0.0000	0.0000	0.0000	0.0002	-0.0000	-0.0004	1.0003	0.0063	5.0186	4.3641	0.0000	0.0000	0.0000	0.0000	0.0000	0.0000	0.0000	0.0000	0.0000	0.0008	0.0008	0.0000	0.0008	0.0008	0.0000	0.0000	0.0000	0.0000	0.0001	0.0001	0.0000	0.0001	0.0001	0.0000	0.0001	0.0000	0.0000	0.0320	0.0216	0.0104	0.0171	0.0145	0.0027	0.0149	0.0072	0.0077	0.1915	0.1516	0.0000	0.0000	0.0000	0.0000	17419.4750	61061.3115	0.0000	0.0261	0.0386	0.0000	0.0488	0.0578	0.0000	0.0000	0.0000	0.0000
141	165	0.5423	9	0	1	0	0	0	0	0	0	N	N	N	N	N	N	N	N	N	N	N	N	0.0566	0.0581	0.0000	0.0877	0.0992	0.0000	0.0000	0.0000	0.0000	0.0000	0.0000	0.0000	0.0001	0.0001	0.0000	0.0000	0.0000	0.0000	0.0005	0.0005	0.0003	0.0009	0.0008	0.0012	0.0000	0.0000	0.0000	0.0000	0.2818	-0.0000	-0.0000	1.0003	2.5207	5.0186	10.0226	0.0000	0.0000	0.0000	0.0000	0.0000	0.0000	0.0000	0.0000	0.0000	0.0000	0.0000	0.0000	0.0000	0.0000	0.0000	0.0000	0.0000	0.0000	0.0235	0.0203	0.0032	0.0082	0.0078	0.0004	0.0153	0.0125	0.0028	0.0911	0.0630	0.0281	0.0492	0.0413	0.0079	0.0419	0.0217	0.0202	0.0566	0.0581	0.0000	0.0877	0.0992	0.0000	0.0000	0.0000	0.0000	0.0005	0.0005	0.0003	0.0009	0.0008	0.0012	0.0000	0.0000	0.0000
141	166	0.5267	8	0	1	0	0	0	0	0	0	N	N	N	N	N	N	N	N	N	N	N	N	0.0000	0.0000	0.0000	0.0000	0.0000	0.0000	0.0000	0.0000	0.0000	0.0000	0.0000	0.0000	0.0000	0.0000	0.0000	0.0000	0.0000	0.0000	0.0590	0.0853	0.0001	0.0999	0.1213	0.0002	0.0000	0.0000	0.0000	0.0004	0.0000	-0.0018	1.0003	2.6894	5.0186	4.6619	0.0000	0.0000	0.0000	0.0000	0.0000	0.0000	0.0000	0.0000	0.0000	0.0038	0.0038	0.0000	0.0038	0.0038	0.0000	0.0000	0.0000	0.0000	0.0277	0.0247	0.0030	0.0128	0.0122	0.0006	0.0148	0.0124	0.0024	0.0652	0.0451	0.0201	0.0385	0.0317	0.0068	0.0267	0.0134	0.0134	0.0000	0.0000	0.0000	0.0000	0.0000	0.0000	0.0000	0.0000	0.0000	0.0590	0.0853	0.0001	0.0999	0.1213	0.0002	0.0000	0.0000	0.0000	
141	167	0.4883	7	0	1	0	0	0	0	0	0	N	N	N	N	N	N	N	N	N	N	N	N	0.0000	0.0000	0.0000	0.0000	0.0000	0.0000	0.0000	0.0000	0.0000	0.0000	0.0000	0.0000	0.0000	0.0000	0.0000	0.0000	0.0000	0.0000	0.0466	0.0676	0.0043	0.0005	0.0006	0.0000	0.0918	0.1823	0.0056	0.0320	0.0000	-0.0017	1.0003	2.7966	5.0186	8.5340	0.0000	0.0000	0.0000	0.0000	0.0000	0.0000	0.0000	0.0000	0.0000	0.0039	0.0037	0.0001	0.0000	0.0000	0.0000	0.0038	0.0037	0.0001	0.0173	0.0149	0.0024	0.0042	0.0039	0.0004	0.0131	0.0110	0.0021	0.0830	0.0554	0.0276	0.0411	0.0350	0.0062	0.0419	0.0204	0.0214	0.0000	0.0000	0.0000	0.0000	0.0000	0.0000	0.0000	0.0000	0.0000	0.0466	0.0676	0.0043	0.0005	0.0006	0.0000	0.0918	0.1823	0.0056	
142	143	0.5942	11	0	0	2	2	0	0	0	0	N	N	Y	Y	N	N	N	N	N	N	N	N	0.0067	0.0051	0.0000	1135.2507	inf	0.0000	0.0000	0.0000	0.0000	0.1173	0.1742	0.0000	0.2616	0.2655	0.0000	0.0000	0.0000	0.0000	17.4266	33.8724	0.3509	0.0002	0.0000	0.0013	24.6963	45.7708	0.4730	0.0000	0.0101	-0.0000	-0.4529	0.0001	2.0061	9.0026	8.0425	0.0000	0.0000	0.0000	0.0000	0.0000	0.0000	0.0000	0.0000	0.0000	1.0101	1.0000	0.0101	0.0000	0.0000	0.0000	1.0101	1.0000	0.0101	0.0000	0.0000	0.0000	0.0000	0.0000	0.0000	0.0000	0.0000	0.0000	0.0866	0.0578	0.0288	0.0434	0.0359	0.0075	0.0432	0.0218	0.0214	0.0101	0.0101	0.0000	1135.2507	inf	0.0000	0.0000	0.0000	0.0000	11.6651	17.3109	0.3509	0.0002	0.0000	0.0013	23.3754	45.7708	0.4730
142	144	0.5851	10	0	0	1	2	0	0	0	0	N	N	N	Y	N	N	N	N	N	N	N	N	0.6848	13.9199	0.0003	10.1303	12.1260	0.3672	0.0003	0.0000	0.0002	2.0468	2.9634	0.0053	3.0894	4.1350	0.0070	0.0014	0.0000	0.0034	2.9888	0.2129	16.7395	0.3050	0.3410	0.0189	5.6666	0.0007	19.8700	0.0008	18.7362	-0.0001	0.0824	0.0001	1.9550	9.0026	2.1189	0.0001	0.0001	0.0000	0.0001	0.0001	0.0000	0.0000	0.0000	0.0000	0.1677	0.0085	0.1592	0.0085	0.0085	0.0001	0.1592	0.0000	0.1592	0.0001	0.0000	0.0000	0.0000	0.0000	0.0000	0.0000	0.0000	0.0000	0.0561	0.0399	0.0162	0.0280	0.0249	0.0031	0.0281	0.0150	0.0131	0.6848	13.9199	0.0005	10.1303	12.1260	0.3672	0.0003	0.0000	0.0003	2.9888	0.2129	9.8300	0.3050	0.3410	0.0189	5.6666	0.0007	12.1851
142	145	0.5851	10	0	0	2	2	0	0	0	0	N	N	Y	Y	N	N	N	N	N	N	N	N	0.3035	0.0000	0.3191	81.3094	0.0000	264.8400	0.1334	0.0000	0.1552	0.2587	0.0000	0.8373	0.2768	0.0000	1.0964	0.2234	0.0000	0.5329	0.8525	0.0020	2.6236	0.0034	0.0033	0.0041	1.6742	0.0001	3.4338	inf	619.2629	0.0000	0.0870	0.0001	2.1261	9.0026	18.6477	0.0000	0.0000	0.0000	0.0000	0.0000	0.0000	0.0000	0.0000	0.0000	0.1611	0.0003	0.1609	0.0003	0.0003	0.0001	0.1608	0.0000	0.1608	0.0001	0.0000	0.0000	0.0000	0.0000	0.0000	0.0000	0.0000	0.0000	0.1890	0.1277	0.0613	0.0930	0.0785	0.0145	0.0961	0.0492	0.0468	0.3035	0.0000	0.3191	81.3094	0.0000	264.8400	0.1334	0.0000	0.1552	0.8525	0.0020	2.6236	0.0034	0.0033	0.0041	1.6742	0.0001	3.4338
142	149	0.0802	3	1	1	1	1	0	0	0	0	N	N	N	N	N	N	N	N	N	N	N	N	0.0000	0.0000	0.0000	0.0000	0.0000	0.0000	0.0000	0.0000	0.0000	0.0000	0.0000	0.0000	0.0000	0.0000	0.0000	0.0000	0.0000	0.0000	0.0000	0.0000	0.0000	0.0000	0.0000	0.0000	0.0000	0.1404	0.0000	-0.0000	0.0001	5.3497	9.0026	17.2225	0.0000	0.0000	0.0000	0.0000	0.0000	0.0000	0.0000	0.0000	0.0000	0.0000	0.0000	0.0000	0.0000	0.0000	0.0000	0.0000	0.0000	0.0000	0.0000	0.0000	0.0000	0.0000	0.0000	0.0000	0.0000	0.0000	0.0000	0.2923	0.1685	0.1239	0.0410	0.0364	0.0046	0.2514	0.1321	0.1193	0.0000	0.0000	0.0000	0.0000	0.0000	0.0000	0.0000	0.0000	0.0000	0.0000	0.0000	0.0000	0.0000	0.0000	0.0000	0.0000	0.0000	0.0000			
142	150	0.1110	4	0	1	1	1	0	0	0	0	N	N	N	N	N	N	N	N	N	N	N	N	0.0000	0.0000	0.0000	0.0000	0.0000	0.0000	0.0000	0.0000	0.0000	0.0000	0.0000	0.0000	0.0000	0.0000	0.0000	0.0000	0.0000	0.0037	0.0061	0.0001	0.0153	0.0172	0.0000	0.0001	0.0001	0.0001	0.0070	0.0000	-0.0005	0.0001	3.6794	9.0026	17.4287	0.0000	0.0000	0.0000	0.0000	0.0000	0.0000	0.0000	0.0000	0.0000	0.0011	0.0011	0.0000	0.0011	0.0011	0.0000	0.0000	0.0000	0.0000	0.0000	0.0000	0.0000	0.0000	0.0000	0.0000	0.0000	0.0000	0.0000	0.2982	0.1794	0.1188	0.0712	0.0634	0.0078	0.2270	0.1160	0.1110	0.0000	0.0000	0.0000	0.0000	0.0000	0.0000	0.0000	0.0000	0.0000	0.0037	0.0061	0.0001	0.0153	0.0172	0.0000	0.0001	0.0001	0.0001		
142	151	0.0802	3	0	1	1	1	0	0	0	0	N	N	N	N	N	N	N	N	N	N	N	N	0.0000	0.0000	0.0000	0.0000	0.0000	0.0000	0.0000	0.0000	0.0000	0.0000	0.0000	0.0000	0.0000	0.0000	0.0000	0.0000	0.0000	0.0055	0.0024	0.0099	0.0000	0.0000	0.0000	0.0066	0.0033	0.0103	2.7568	0.0000	0.0003	0.0001	3.4464	9.0026	10.1316	0.0000	0.0000	0.0000	0.0000	0.0000	0.0000	0.0000	0.0000	0.0000	0.0011	0.0003	0.0008	0.0000	0.0000	0.0000	0.0011	0.0003	0.0008	0.0000	0.0000	0.0000	0.0000	0.0000	0.0000	0.0000	0.0000	0.0000	0.2005	0.1197	0.0808	0.0347	0.0318	0.0029	0.1658	0.0879	0.0779	0.0000	0.0000	0.0000	0.0000	0.0000	0.0000	0.0000	0.0000	0.0000	0.0055	0.0024	0.0099	0.0000	0.0000	0.0000	0.0066	0.0033	0.0103		
142	152	0.6155	13	1	1	1	1	0	0	0	0	N	N	N	N	N	N	N	N	N	N	N	N	0.0000	0.0000	0.0000	0.0000	0.0000	0.0000	0.0000	0.0000	0.0000	0.0000	0.0000	0.0000	0.0000	0.0000	0.0000	14.1565	25.5845	0.0000	0.0128	0.0154	0.0000	19.2422	37.9631	0.0000	0.0000	0.0000	-0.4586	0.0001	1.0143	9.0026	12.0086	0.0000	0.0000	0.0000	0.0000	0.0000	0.0000	0.0000	0.0000	0.0000	1.0006	1.0006	0.0000	0.0007	0.0007	0.0000	0.9999	0.9999	0.0000	0.0000	0.0000	0.0000	0.0000	0.0000	0.0000	0.0000	0.0000	0.0000	0.1069	0.0717	0.0352	0.0547	0.0454	0.0093	0.0522	0.0263	0.0259	0.0000	0.0000	0.0000	0.0000	0.0000	0.0000	0.0000	0.0000	0.0000	9.3597	13.9549	0.0000	0.0128	0.0154	0.0000	19.1466	37.9631	0.0000				
142	153	0.6133	12	1	1	1	1	0	0	0	0	N	N	N	N	N	N	N	N	N	N	N	N	0.0000	0.0000	0.0000	0.0000	0.0000	0.0000	0.0000	0.0000	0.0000	0.0000	0.0000	0.0000	0.0000	0.0000	0.0000	0.0000	0.0000	0.0230	0.0172	0.0349	0.0002	0.0002	0.0000	0.0474	0.0473	0.0475	0.9910	0.0000	0.0000	0.0001	0.9811	9.0026	0.0216	0.0000	0.0000	0.0000	0.0000	0.0000	0.0000	0.0000	0.0000	0.0000	0.0002	0.0001	0.0001	0.0000	0.0000	0.0000	0.0002	0.0001	0.0001	0.0000	0.0000	0.0000	0.0000	0.0000	0.0000	0.0000	0.0000	0.0000	0.0087	0.0059	0.0029	0.0045	0.0038	0.0008	0.0042	0.0021	0.0021	0.0000	0.0000	0.0000	0.0000	0.0000	0.0000	0.0000	0.0000	0.0000	0.0230	0.0172	0.0349	0.0002	0.0002	0.0000	0.0474	0.0473	0.0475		
142	154	0.6087	11	1	1	1	1	0	0	0	0	N	N	N	N	N	N	N	N	N	N	N	N	4.0668	3.5713	0.0000	2.8188	3.3903	0.0000	0.0000	0.2182	0.2844	0.0000	0.2931	0.4213	0.0000	0.0000	0.0000	0.0000	0.0537	0.0796	0.0000	0.1040	0.1243	0.0000	0.0000	0.0000	0.0000	0.0000	0.0000	-0.0000	-0.0004	0.0001	0.0083	9.0026	2.0001	0.0000	0.0000	0.0000	0.0000	0.0000	0.0000	0.0000	0.0000	0.0000	0.0010	0.0010	0.0000	0.0010	0.0010	0.0000	0.0000	0.0000	0.0000	0.0000	0.0000	0.0000	0.0000	0.0000	0.0000	0.0000	0.0000	0.0000	0.0179	0.0120	0.0058	0.0092	0.0077	0.0015	0.0087	0.0043	0.0043	4.0668	3.5713	0.0000	2.8188	3.3903	0.0000	0.0000	0.0000	0.0000	0.0537	0.0796	0.0000	0.1040	0.1243	0.0000	0.0000	0.0000	0.0000		
142	155	0.5851	10	0	1	1	1	0	0	0	0	N	N	N	N	N	N	N	N	N	N	N	N	0.1720	0.1537	0.0491	0.0568	0.0629	39.0704	84.3294	6391.3652	0.0239	1.8964	2.7288	0.0002	2.7815	3.7027	0.0003	0.2146	0.3648	0.0001	11.0225	17.7554	0.0041	48.9520	58.8297	0.0000	0.0025	0.0001	0.0052	0.0000	0.0002	-0.0000	-0.3840	0.0001	2.9180	9.0026	7.4065	0.0001	0.0001	0.0000	0.0001	0.0001	0.0000	0.0000	0.0000	0.0000	0.8381	0.8380	0.0001	0.8379	0.8379	0.0000	0.0001	0.0000	0.0001	0.0001	0.0000	0.0000	0.0000	0.0000	0.0000	0.0000	0.0000	0.0000	0.1078	0.0740	0.0337	0.0534	0.0459	0.0076	0.0544	0.0282	0.0262	0.2439	0.2411	0.0491	0.1773	0.2027	39.0704	84.3294	6391.3652	0.0239	7.7760	11.3162	0.0041	15.6846	18.2711	0.0000	0.0025	0.0001	0.0052
142	156	0.5193	9	0	0	1	1	0	0	0	0	N	N	N	N	N	N	N	N	N	N	N	N	0.1464	1.1311	0.0635	1.6016	1.1269	6.4250	0.0155	2.5641	0.0193	0.3890	0.2822	0.7188	0.5689	0.4397	0.9706	0.0792	0.0094	0.2918	2.6570	0.2495	11.3154	0.3552	0.3902	0.1511	5.1072	0.0037	15.1239	0.8251	14.3884	0.0000	0.4203	0.0001	8.2479	9.0026	19.7214	0.0000	0.0000	0.0000	0.0000	0.0000	0.0000	0.0000	0.0000	0.0000	0.8818	0.0573	0.8245	0.0608	0.0570	0.0038	0.8210	0.0003	0.8207	0.0001	0.0000	0.0000	0.0000	0.0000	0.0000	0.0000	0.0000	0.0000	0.3319	0.2297	0.1022	0.1711	0.1461	0.0250	0.1607	0.0836	0.0771	0.1464	1.1311	0.0891	1.6016	1.1269	6.4250	0.0155	2.5641	0.0274	2.6570	0.2495	8.0684	0.3552	0.3902	0.1511	5.1072	0.0037	10.6393
142	157	0.4831	8	0	0	1	1	0	0	0	0	N	N	N	N	N	N	N	N	N	N	N	N	0.9434	0.5278	4.0535	1.6030	1.0023	109.3320	0.0656	0.0052	0.6370	0.3919	0.2704	0.7896	0.5847	0.4335	0.9927	0.0311	0.0034	0.1701	0.4154	0.5123	0.1948	0.3648	0.4325	0.0091	0.4733	0.6577	0.2670	0.8921	0.1671	0.0000	-0.0429	0.0001	7.4725	9.0026	14.3153	0.0000	0.0000	0.0000	0.0000	0.0000	0.0000	0.0000	0.0000	0.0000	0.1361	0.1166	0.0195	0.0638	0.0636	0.0003	0.0723	0.0530	0.0192	0.0001	0.0000	0.0000	0.0000	0.0000	0.0000	0.0000	0.0000	0.0000	0.3276	0.2276	0.1000	0.1750	0.1470	0.0280	0.1527	0.0806	0.0720	0.9434	0.5278	4.0535	1.6030	1.0023	109.3320	0.0656	0.0052	0.6370	0.4154	0.5123	0.1948	0.3648	0.4325	0.0091	0.4733	0.6577	0.2670
142	158	0.4176	7	0	0	1	1	0	0	0	0	N	N	N	N	N	N	N	N	N	N	N	N	1.1968	1.0189	0.8104	2.2524	1.9746	16.9443	0.0320	0.0024	0.5666	0.4789	0.5712	0.0347	1.1981	1.2187	0.1441	0.0089	0.0011	0.0297	0.4002	0.5606	0.0428	0.5319	0.6172	0.0085	0.2778	0.4757	0.0523	0.0126	0.0343	-0.0000	-0.0784	0.0001	11.6653	9.0026	19.4910	0.0000	0.0000	0.0000	0.0000	0.0000	0.0000	0.0000	0.0000	0.0000	0.1844	0.1783	0.0061	0.1180	0.1178	0.0003	0.0664	0.0606	0.0058	0.0000	0.0000	0.0000	0.0000	0.0000	0.0000	0.0000	0.0000	0.0000	0.4609	0.3181	0.1428	0.2219	0.1908	0.0311	0.2390	0.1273	0.1117	1.1968	1.0189	0.8104	2.2524	1.9746	16.9443	0.0320	0.0024	0.5666	0.4002	0.5606	0.0428	0.5319	0.6172	0.0085	0.2778	0.4757	0.0523
142	159	0.3704	6	0	0	1	1	0	0	0	0	N	N	N	N	N	N	N	N	N	N	N	N	0.0624	0.0119	0.6969	0.0261	0.0221	1.4209	0.1028	0.0000	0.5737	0.0427	0.0106	0.1697	0.0211	0.0207	0.0507	0.0580	0.0000	0.1734	0.6843	0.8910	0.2435	0.8079	0.9368	0.0357	0.5645	0.8165	0.3023	4.0492	0.1282	0.0000	-0.1071	0.0001	7.3933	9.0026	20.5306	0.0000	0.0000	0.0000	0.0000	0.0000	0.0000	0.0000	0.0000	0.0000	0.3105	0.2753	0.0353	0.1805	0.1793	0.0011	0.1301	0.0959	0.0341	0.0000	0.0000	0.0000	0.0000	0.0000	0.0000	0.0000	0.0000	0.0000	0.4538	0.3089	0.1449	0.2234	0.1914	0.0320	0.2304	0.1175	0.1129	0.0624	0.0119	0.6969	0.0261	0.0221	1.4209	0.1028	0.0000	0.5737	0.6843	0.8910	0.2435	0.8079	0.9368	0.0357	0.5645	0.8165	0.3023
142	160	0.1342	5	0	0	1	1	0	0	0	0	N	N	N	N	N	N	N	N	N	N	N	N	1.5477	0.0003	4.5803	0.0000	0.0000	1.9976	0.0004	4.4277	2.6958	0.0002	14.9528	0.0000	0.0000	0.0000	3.9206	0.0003	15.1168	1.7417	0.5592	3.2646	0.2708	0.3174	0.0000	1.9627	0.6190	3.4141	19889.2000	4.5329	0.0001	0.4378	0.0001	27.6416	9.0026	54.6365	0.0001	0.0000	0.0001	0.0000	0.0000	0.0000	0.0001	0.0000	0.0001	1.2131	0.2192	0.9938	0.0246	0.0246	0.0000	1.1884	0.1946	0.9938	0.0000	0.0000	0.0000	0.0000	0.0000	0.0000	0.0000	0.0000	0.0000	0.6965	0.3920	0.3044	0.0910	0.0776	0.0133	0.6055	0.3144	0.2911	1.5477	0.0003	4.5803	0.0000	0.0000	0.0000	1.9976	0.0004	4.4277	1.7417	0.5592	3.2646	0.2708	0.3174	0.0000	1.9627	0.6190	3.4141	
142	161	0.0669	5	1	1	1	1	0	0	0	0	N	N	N	N	N	N	N	N	N	N	N	N	0.0000	0.0000	0.0000	0.0000	0.0000	0.0000	0.0000	0.0000	0.0000	0.0000	0.0000	0.0000	0.0000	0.0000	0.0000	0.0000	0.0000	0.0000	0.0000	0.0000	0.0001	0.0002	9.0026	3.0099	0.0000	0.0000	0.0000	0.0000	0.0000	0.0000	0.0000	0.0000	0.0000	0.0000	0.0000	0.0000	0.0000	0.0000	0.0000	0.0000	0.0000	0.0000	0.0000	0.0000	0.0000	0.0000	0.0000	0.0000	0.0000	0.0000	0.0000	0.0379	0.0202	0.0176	0.0023	0.0019	0.0004	0.0356	0.0183	0.0173	0.0000	0.0000	0.0000	0.0000	0.0000	0.0000	0.0000	0.0000	0.0000	0.0000	0.0000	0.0000	0.0000	0.0000	0.0000	0.0000	0.0000	0.0000											
142	162	0.0593	4	1	1	1	1	0	0	0	0	N	N	N	N	N	N	N	N	N	N	N	N	0.0000	0.0000	0.0000	0.0000	0.0000	0.0000	0.0000	0.0000	0.0000	0.0000	0.0000	0.0000	0.0000	0.0000	0.0000	0.0000	0.0000	0.0000	0.0000	0.0000	0.0001	0.9998	9.0026	2.0118	0.0000	0.0000	0.0000	0.0000	0.0000	0.0000	0.0000	0.0000	0.0000	0.0000	0.0000	0.0000	0.0000	0.0000	0.0000	0.0000	0.0000	0.0000	0.0000	0.0000	0.0000	0.0000	0.0000	0.0000	0.0000	0.0000	0.0000	0.0370	0.0195	0.0176	0.0018	0.0014	0.0004	0.0353	0.0181	0.0172	0.0000	0.0000	0.0000	0.0000	0.0000	0.0000	0.0000	0.0000	0.0000	0.0000	0.0000	0.0000	0.0000	0.0000	0.0000	0.0000	0.0000	0.0000											
142	163	0.0593	3	1	1	1	1	0	0	0	0	N	N	N	N	N	N	N	N	N	N	N	N	0.0000	0.0000	0.0000	0.0000	0.0000	0.0000	0.0000	0.0000	0.0000	0.0000	0.0000	0.0000	0.0000	0.0000	0.0000	0.0000	0.0000	0.0000	0.0000	0.0000	0.0001	0.0000	9.0026	0.0003	0.0000	0.0000	0.0000	0.0000	0.0000	0.0000	0.0000	0.0000	0.0000	0.0000	0.0000	0.0000	0.0000	0.0000	0.0000	0.0000	0.0000	0.0000	0.0000	0.0000	0.0000	0.0000	0.0000	0.0000	0.0000	0.0000	0.0000	0.0000	0.0000	0.0000	0.0000	0.0000	0.0000	0.0000	0.0000	0.0000	0.0000	0.0000	0.0000	0.0000	0.0000	0.0000	0.0000	0.0000	0.0000	0.0000	0.0000	0.0000	0.0000	0.0000	0.0000	0.0000	0.0000	0.0000											
142	164	0.0483	2	0	1	1	1	0	0	0	0	N	N	N	N	N	N	N	N	N	N	N	N	0.0098	501.2923	0.0000	20.8831	112.7579	0.0000	0.0000	0.0000	0.2468	0.4887	0.0000	0.4955	0.4955	0.0000	0.0000	0.0000	0.0000	25.3045	0.0010	86.0210	0.0237	0.0044	0.1385	17.9272	0.0000	70.9635	0.0000	27210.2804	-0.0000	0.5272	0.0001	0.0063	9.0026	4.3641	0.0000	0.0000	0.0000	0.0000	0.0000	0.0000	0.0000	0.0000	0.0000	0.9734	0.0000	0.9733	0.0002	0.0000	0.0002	0.9731	0.0000	0.9731	0.0000	0.0000	0.0000	0.0000	0.0000	0.0000	0.0000	0.0000	0.0000	0.0658	0.0367	0.0291	0.0095	0.0081	0.0014	0.0563	0.0285	0.0277	0.0167	501.2923	0.0000	20.8831	112.7579	0.0000	0.0000	0.0000	0.0000	14.7983	0.0010	33.4630	0.0237	0.0044	0.1385	17.2958	0.0000	35.1110	
143	145	0.0324	2	0	0	2	2	0	0	0	0	N	N	Y	Y	N	N	N	N	N	N	N	N	0.0069	0.8727	0.0000	0.8182	0.9941	0.0000	0.0000	4422.0503	0.0000	0.0233	0.0281	0.0000	0.1917	0.2390	0.0000	0.0001	0.0002	0.0000	3.3601	0.0322	9.8472	0.2343	0.2404	0.0189	3.6221	0.0000	7.6434	0.0000	184.8823	-0.0003	0.5399	2.0061	2.1261	8.0425	18.6477	0.0008	0.0008	0.0000	0.0008	0.0008	0.0000	0.0000	0.0000	0.0000	1.0068	0.0054	1.0014	0.0054	0.0054	0.0000	1.0014	0.0000	1.0014	0.0335	0.0277	0.0058	0.0040	0.0032	0.0008	0.0294	0.0244	0.0050	0.2996	0.1680	0.1317	0.0232	0.0225	0.0006	0.2765	0.1455	0.1310	0.0069	0.8727	0.0000	0.8182	0.9941	0.0000	0.0000	4422.0503	0.0000	3.3601	0.0322	7.6060	0.2343	0.2404	0.0189	3.6221	0.0000	7.6434
143	146	0.5945	11	0	0	2	2	0	0	0	0	N	N	Y	Y	N	N	N	N	N	N	N	N	0.0080	0.0062	0.0000	0.0143	0.0129	0.0000	0.0000	0.0000	0.0000	0.0000	0.0001	0.0001	0.0000	0.0000	0.0000	0.0000	0.0037	0.0055	0.0000	0.0074	0.0089	0.0000	0.0000	0.0000	0.0000	0.0000	0.0010	-0.0000	-0.0001	2.0061	2.0001	8.0425	5.9880	0.0000	0.0000	0.0000	0.0000	0.0000	0.0000	0.0000	0.0000	0.0000	0.0003	0.0003	0.0000	0.0003	0.0003	0.0000	0.0000	0.0000	0.0000	0.0259	0.0223	0.0036	0.0073	0.0067	0.0006	0.0187	0.0157	0.0030	0.0771	0.0514	0.0257	0.0387	0.0320	0.0066	0.0385	0.0194	0.0190	0.0080	0.0062	0.0000	0.0143	0.0129	0.0000	0.0000	0.0000	0.0000	0.0037	0.0055	0.0000	0.0074	0.0089	0.0000	0.0000	0.0000	0.0000		
143	147	0.5945	11	0	0	2	2	0	0	0	0	N	N	Y	Y	N	N	N	N	N	N	N	N	0.0000	0.0000	0.0000	0.0000	0.0000	0.0000	0.0000	0.0000	0.0000	0.0000	0.0000	0.0000	0.0000	0.0000	0.0000	0.0000	0.0000	9.6457	17.0428	0.0001	11.9332	14.4038	0.0000	6.9777	13.6712	0.0001	0.0000	0.0000	-0.0000	-0.9167	2.0061	9.0001	8.0425	23.0169	0.0000	0.0000	0.0000	0.0000	0.0000	0.0000	0.0000	0.0000	0.0000	2.0000	2.0000	0.0000	1.0000	1.0000	0.0000	1.0000	1.0000	0.0000	0.1132	0.0976	0.0156	0.0316	0.0289	0.0027	0.0817	0.0687	0.0129	0.2842	0.1895	0.0947	0.1408	0.1164	0.0245	0.1433	0.0731	0.0702	0.0000	0.0000	0.0000	0.0000	0.0000	0.0000	0.0000	0.0000	0.0000	7.0383	10.5543	0.0001	7.0999	8.5948	0.0000	6.9777	13.6712	0.0001	
143	148	0.5692	10	0	0	1	2	0	0	0	0	N	N	N	Y	N	N	N	N	N	N	N	N	68.0424	53.2608	0.0040	139.3945	126.8231	0.0000	0.0001	0.0000	0.0036	0.2440	0.2840	0.0000	0.8733	0.9544	0.0000	0.0000	0.0000	0.0000	0.0036	0.0053	0.0001	0.0063	0.0075	0.0000	0.0008	0.0015	0.0002	0.0000	0.0132	-0.0028	-0.0002	2.0061	1.9990	8.0425	7.9526	0.0064	0.0064	0.0000	0.0064	0.0064	0.0000	0.0000	0.0000	0.0000	0.0004	0.0004	0.0000	0.0003	0.0003	0.0000	0.0000	0.0000	0.0000	0.0261	0.0224	0.0037	0.0073	0.0067	0.0006	0.0188	0.0158	0.0031	0.1076	0.0714	0.0362	0.0548	0.0456	0.0092	0.0528	0.0258	0.0270	68.0424	53.2608	0.0040	139.3945	126.8231	0.0000	0.0001	0.0000	0.0036	0.0036	0.0053	0.0001	0.0063	0.0075	0.0000	0.0008	0.0015	0.0002
143	149	0.5373	9	1	1	1	1	0	0	0	0	N	N	N	N	N	N	N	N	N	N	N	N	0.0000	0.0000	0.0000	0.0000	0.0000	0.0000	0.0000	0.0000	0.0000	0.0000	0.0000	0.0000	0.0000	0.0000	0.0000	0.0000	0.0000	0.0005	0.0008	0.0000	0.0010	0.0012	0.0000	0.0000	0.0000	0.0000	0.0003	0.0000	-0.0001	2.0061	5.3497	8.0425	17.2225	0.0000	0.0000	0.0000	0.0000	0.0000	0.0000	0.0000	0.0000	0.0000	0.0001	0.0001	0.0000	0.0001	0.0001	0.0000	0.0000	0.0000	0.0000	0.0821	0.0706	0.0115	0.0241	0.0226	0.0015	0.0580	0.0479	0.0100	0.2467	0.1658	0.0809	0.1253	0.1046	0.0207	0.1214	0.0612	0.0602	0.0000	0.0000	0.0000	0.0000	0.0000	0.0000	0.0000	0.0000	0.0000	0.0005	0.0008	0.0000	0.0010	0.0012	0.0000	0.0000	0.0000	0.0000		
143	150	0.5681	10	0	1	1	1	0	0	0	0	N	N	N	N	N	N	N	N	N	N	N	N	0.0000	0.0000	0.0002	0.0000	0.0000	0.0001	0.0004	0.0000	0.0011	0.0000	0.0000	0.0000	0.0000	0.0000	0.0000	0.0000	0.0000	0.0000	0.0200	0.0233	0.0123	0.0361	0.0355	0.0389	0.0008	0.0000	0.0017	inf	0.2312	0.0000	-0.0016	2.0061	3.6794	8.0425	17.4287	0.0000	0.0000	0.0000	0.0000	0.0000	0.0000	0.0000	0.0000	0.0000	0.0061	0.0050	0.0011	0.0060	0.0050	0.0010	0.0001	0.0000	0.0001	0.0757	0.0663	0.0094	0.0280	0.0267	0.0014	0.0477	0.0396	0.0080	0.3049	0.2121	0.0928	0.1659	0.1393	0.0266	0.1390	0.0727	0.0662	0.0000	0.0000	0.0002	0.0000	0.0000	0.0001	0.0004	0.0000	0.0011	0.0200	0.0233	0.0123	0.0361	0.0355	0.0389	0.0008	0.0000	0.0017
143	151	0.5373	9	0	1	1	1	0	0	0	0	N	N	N	N	N	N	N	N	N	N	N	N	0.0000	0.0000	0.0000	0.0001	0.0001	0.0000	0.0000	0.0000	0.0000	0.0000	0.0000	0.0000	0.0000	0.0000	0.0000	0.0000	0.0000	0.0000	0.0368	0.0512	0.0063	0.0134	0.0160	0.0002	0.0625	0.1160	0.0085	0.0000	0.0580	-0.0000	-0.0025	2.0061	3.4464	8.0425	10.1316	0.0000	0.0000	0.0000	0.0000	0.0000	0.0000	0.0000	0.0000	0.0000	0.0061	0.0058	0.0003	0.0012	0.0012	0.0000	0.0050	0.0046	0.0003	0.0584	0.0503	0.0082	0.0184	0.0174	0.0010	0.0400	0.0328	0.0072	0.1668	0.1133	0.0535	0.0874	0.0734	0.0140	0.0794	0.0399	0.0395	0.0000	0.0000	0.0000	0.0001	0.0001	0.0000	0.0000	0.0000	0.0000	0.0368	0.0512	0.0063	0.0134	0.0160	0.0002	0.0625	0.1160	0.0085
143	152	0.0628	5	1	1	1	1	0	0	0	0	N	N	N	N	N	N	N	N	N	N	N	N	0.0000	0.0000	0.0000	0.0000	0.0000	0.0000	0.0000	0.0000	0.0000	0.0000	0.0000	0.0000	0.0000	0.0000	0.0000	0.0000	7.6143	0.0701	28.8278	0.7013	0.8401	0.0000	6.2805	0.0000	25.1177	153.3751	0.0000	0.5386	2.0061	1.0143	8.0425	12.0086	0.0000	0.0000	0.0000	0.0000	0.0000	0.0000	0.0000	0.0000	0.0000	1.0064	0.0065	0.9999	0.0065	0.0065	0.0000	0.9999	0.0000	0.9999	0.0141	0.0119	0.0022	0.0005	0.0005	0.0000	0.0135	0.0114	0.0022	0.1685	0.0930	0.0755	0.0093	0.0078	0.0015	0.1592	0.0852	0.0740	0.0000	0.0000	0.0000	0.0000	0.0000	0.0000	0.0000	0.0000	0.0000	5.9727	0.0701	13.2433	0.7013	0.8401	0.0000	6.2805	0.0000	13.5182			
143	153	0.0605	4	1	1	1	1	0	0	0	0	N	N	N	N	N	N	N	N	N	N	N	N	0.0000	0.0000	0.0000	0.0000	0.0000	0.0000	0.0000	0.0000	0.0000	0.0000	0.0000	0.0000	0.0000	0.0000	0.0000	0.0000	0.0000	0.0000	0.4603	0.0378	0.9822	0.1924	0.2257	0.0005	0.4774	0.0187	1.0019	21.0304	0.0000	0.0032	2.0061	0.9811	8.0425	0.0216	0.0000	0.0000	0.0000	0.0000	0.0000	0.0000	0.0000	0.0000	0.0000	0.0064	0.0003	0.0061	0.0002	0.0002	0.0000	0.0062	0.0001	0.0061	0.0135	0.0114	0.0021	0.0004	0.0004	0.0000	0.0131	0.0110	0.0021	0.0139	0.0077	0.0062	0.0008	0.0007	0.0001	0.0130	0.0070	0.0061	0.0000	0.0000	0.0000	0.0000	0.0000	0.0000	0.0000	0.0000	0.0000	0.4603	0.0378	0.9822	0.1924	0.2257	0.0005	0.4774	0.0187	1.0019	
143	154	0.0560	3	1	1	1	1	0	0	0	0	N	N	N	N	N	N	N	N	N	N	N	N	0.2219	0.1647	0.0000	0.0012	0.0012	0.0000	2.1318	21.7047	0.0000	0.0113	0.0133	0.0000	0.0007	0.0008	0.0000	0.0128	0.0152	0.0000	0.0508	0.0809	0.0119	0.5955	0.6670	0.0000	0.0060	0.0007	0.0122	0.0000	0.1145	-0.0000	-0.0005	2.0061	0.0083	8.0425	2.0001	0.0000	0.0000	0.0000	0.0000	0.0000	0.0000	0.0000	0.0000	0.0000	0.0015	0.0013	0.0002	0.0013	0.0013	0.0000	0.0002	0.0000	0.0002	0.0001	0.0001	0.0000	0.0000	0.0000	0.0000	0.0001	0.0001	0.0000	0.0288	0.0162	0.0126	0.0022	0.0020	0.0002	0.0266	0.0143	0.0124	0.2219	0.1647	0.0000	0.0012	0.0012	0.0000	2.1318	21.7047	0.0000	0.0508	0.0809	0.0119	0.5955	0.6670	0.0000	0.0060	0.0007	0.0122
143	155	0.0324	2	0	1	1	1	0	0	0	0	N	N	N	N	N	N	N	N	N	N	N	N	1.6378	1.1433	0.0000	0.1084	0.1318	0.0000	16.2805	10.7986	0.0000	0.1326	0.1596	0.0000	0.0640	0.0791	0.0000	0.1400	0.1679	0.0000	0.0810	0.1396	0.0011	0.5908	0.6001	0.0002	0.0086	0.0155	0.0011	0.0000	0.0057	-0.0026	-0.0064	2.0061	2.9180	8.0425	7.4065	0.0058	0.0058	0.0000	0.0003	0.0003	0.0000	0.0056	0.0056	0.0000	0.0142	0.0141	0.0001	0.0129	0.0129	0.0000	0.0013	0.0012	0.0001	0.0440	0.0366	0.0074	0.0042	0.0034	0.0008	0.0398	0.0331	0.0066	0.1754	0.1012	0.0742	0.0218	0.0215	0.0003	0.1536	0.0797	0.0739	1.6378	1.1433	0.0000	0.1084	0.1318	0.0000	16.2805	10.7986	0.0000	0.0810	0.1396	0.0011	0.5908	0.6001	0.0002	0.0086	0.0155	0.0011
143	161	0.5878	13	1	1	1	1	0	0	0	0	N	N	N	N	N	N	N	N	N	N	N	N	0.0000	0.0000	0.0000	0.0000	0.0000	0.0000	0.0000	0.0000	0.0000	0.0000	0.0000	0.0000	0.0000	0.0000	0.0000	0.1448	0.2170	0.0000	0.2877	0.3490	0.0000	0.0000	0.0000	0.0000	0.0000	0.0000	-0.0020	2.0061	0.0002	8.0425	3.0099	0.0000	0.0000	0.0000	0.0000	0.0000	0.0000	0.0000	0.0000	0.0000	0.0044	0.0044	0.0000	0.0044	0.0044	0.0000	0.0000	0.0000	0.0000	0.0000	0.0000	0.0000	0.0000	0.0000	0.0000	0.0000	0.0000	0.0000	0.0307	0.0205	0.0102	0.0155	0.0127	0.0027	0.0153	0.0077	0.0075	0.0000	0.0000	0.0000	0.0000	0.0000	0.0000	0.0000	0.0000	0.0000	0.1448	0.2170	0.0000	0.2877	0.3490	0.0000	0.0000	0.0000	0.0000				
143	162	0.5802	12	1	1	1	1	0	0	0	0	N	N	N	N	N	N	N	N	N	N	N	N	0.0000	0.0000	0.0000	0.0000	0.0000	0.0000	0.0000	0.0000	0.0000	0.0000	0.0000	0.0000	0.0000	0.0000	0.0000	0.0000	0.0000	0.0000	0.1564	0.2348	0.0028	0.0146	0.0178	0.0000	0.3000	0.5940	0.0038	0.0060	0.0000	-0.0021	2.0061	0.9998	8.0425	2.0118	0.0000	0.0000	0.0000	0.0000	0.0000	0.0000	0.0000	0.0000	0.0000	0.0047	0.0046	0.0000	0.0002	0.0002	0.0000	0.0044	0.0044	0.0000	0.0130	0.0112	0.0018	0.0036	0.0033	0.0003	0.0094	0.0079	0.0015	0.0298	0.0198	0.0101	0.0150	0.0123	0.0027	0.0148	0.0074	0.0074	0.0000	0.0000	0.0000	0.0000	0.0000	0.0000	0.0000	0.0000	0.0000	0.1564	0.2348	0.0028	0.0146	0.0178	0.0000	0.3000	0.5940	0.0038	
143	163	0.5802	11	1	1	1	1	0	0	0	0	N	N	N	N	N	N	N	N	N	N	N	N	0.0000	0.0000	0.0000	0.0000	0.0000	0.0000	0.0000	0.0000	0.0000	0.0000	0.0000	0.0000	0.0000	0.0000	0.0000	45.1523	85.9209	0.0000	52.3427	49.0211	0.0000	35.5904	48.2984	0.0000	0.0000	0.0000	-0.0001	2.0061	0.0000	8.0425	0.0003	0.0000	0.0000	0.0000	0.0000	0.0000	0.0000	0.0000	0.0000	0.0000	0.0003	0.0003	0.0000	0.0001	0.0001	0.0000	0.0002	0.0002	0.0000	0.0000	0.0000	0.0000	0.0000	0.0000	0.0000	0.0000	0.0000	0.0000	0.0000	0.0000	0.0000	0.0000	0.0000	0.0000	0.0000	0.0000	0.0000	0.0000	0.0000	0.0000	0.0000	0.0000	0.0000	0.0000	0.0000	0.0000	25.8215	30.5782	0.0000	16.0991	16.9200	0.0000	35.5904	48.2984	0.0000				
143	164	0.5692	10	0	1	1	1	0	0	0	0	N	N	N	N	N	N	N	N	N	N	N	N	0.3001	0.0000	0.4270	0.3732	0.0000	23.7826	0.2588	0.0000	0.3305	0.0547	0.0000	0.2299	0.0010	0.0000	0.0605	0.0978	0.0000	0.2350	0.1822	0.0044	0.5384	0.0026	0.0026	0.0025	0.3780	0.0080	0.7111	inf	60.5828	0.0000	0.0053	2.0061	0.0063	8.0425	4.3641	0.0000	0.0000	0.0000	0.0000	0.0000	0.0000	0.0000	0.0000	0.0000	0.0100	0.0002	0.0098	0.0001	0.0001	0.0000	0.0099	0.0001	0.0098	0.0003	0.0002	0.0001	0.0001	0.0001	0.0000	0.0002	0.0001	0.0001	0.0548	0.0366	0.0183	0.0286	0.0241	0.0045	0.0262	0.0124	0.0138	0.3001	0.0000	0.4270	0.3732	0.0000	23.7826	0.2588	0.0000	0.3305	0.1822	0.0044	0.5384	0.0026	0.0026	0.0025	0.3780	0.0080	0.7111
143	165	0.5373	9	0	0	1	1	0	0	0	0	N	N	N	N	N	N	N	N	N	N	N	N	0.1454	0.4104	0.0000	1.3001	1.1518	0.0000	0.0000	0.0000	0.0000	0.0004	0.0004	0.0000	0.0011	0.0012	0.0000	0.0000	0.0000	0.0000	0.0025	0.0010	0.0057	0.0009	0.0010	0.0000	0.0044	0.0011	0.0077	0.0000	2.5692	-0.0000	0.0001	2.0061	2.5207	8.0425	10.0226	0.0000	0.0000	0.0000	0.0000	0.0000	0.0000	0.0000	0.0000	0.0000	0.0004	0.0001	0.0003	0.0001	0.0001	0.0000	0.0003	0.0000	0.0003	0.0468	0.0403	0.0065	0.0156	0.0149	0.0007	0.0312	0.0254	0.0058	0.1573	0.1071	0.0502	0.0829	0.0697	0.0132	0.0744	0.0374	0.0370	0.1454	0.4104	0.0000	1.3001	1.1518	0.0000	0.0000	0.0000	0.0000	0.0025	0.0010	0.0057	0.0009	0.0010	0.0000	0.0044	0.0011	0.0077
143	166	0.5217	8	0	0	1	1	0	0	0	0	N	N	N	N	N	N	N	N	N	N	N	N	0.0000	0.0000	0.0000	0.0000	0.0000	0.0000	0.0000	0.0000	0.0000	0.0000	0.0000	0.0000	0.0000	0.0000	0.0000	0.0000	0.0000	0.0000	0.0527	0.0769	0.0007	0.0911	0.1101	0.0018	0.0005	0.0009	0.0002	0.0042	0.0000	-0.0027	2.0061	2.6894	8.0425	4.6619	0.0000	0.0000	0.0000	0.0000	0.0000	0.0000	0.0000	0.0000	0.0000	0.0059	0.0058	0.0000	0.0058	0.0058	0.0000	0.0000	0.0000	0.0000	0.0551	0.0490	0.0061	0.0248	0.0237	0.0011	0.0303	0.0253	0.0050	0.1113	0.0759	0.0354	0.0641	0.0528	0.0112	0.0472	0.0230	0.0242	0.0000	0.0000	0.0000	0.0000	0.0000	0.0000	0.0000	0.0000	0.0000	0.0527	0.0769	0.0007	0.0911	0.1101	0.0018	0.0005	0.0009	0.0002	
143	167	0.4833	7	0	0	1	1	0	0	0	0	N	N	N	N	N	N	N	N	N	N	N	N	0.0000	0.0000	0.0000	0.0000	0.0000	0.0000	0.0000	0.0000	0.0000	0.0000	0.0000	0.0000	0.0000	0.0000	0.0000	0.0000	0.0000	0.0000	0.0042	0.0063	0.0000	0.0059	0.0070	0.0000	0.0025	0.0052	0.0000	0.0008	0.0000	-0.0003	2.0061	2.7966	8.0425	8.5340	0.0000	0.0000	0.0000	0.0000	0.0000	0.0000	0.0000	0.0000	0.0000	0.0006	0.0006	0.0000	0.0004	0.0004	0.0000	0.0002	0.0002	0.0000	0.0345	0.0294	0.0050	0.0076	0.0070	0.0006	0.0269	0.0225	0.0044	0.1387	0.0920	0.0467	0.0675	0.0571	0.0104	0.0712	0.0349	0.0363	0.0000	0.0000	0.0000	0.0000	0.0000	0.0000	0.0000	0.0000	0.0000	0.0042	0.0063	0.0000	0.0059	0.0070	0.0000	0.0025	0.0052	0.0000	
144	146	0.5712	10	0	0	1	2	0	0	0	0	N	N	N	Y	N	N	N	N	N	N	N	N	0.5389	1.8350	0.0012	3.5762	3.4369	43.1237	0.0001	0.0000	0.0004	0.0042	0.0048	0.0000	0.0133	0.0144	0.0001	0.0000	0.0000	0.0000	0.0077	0.0026	0.0203	0.0037	0.0042	0.0000	0.0117	0.0000	0.0251	0.0008	3.1447	-0.0001	0.0001	1.9550	2.0001	2.1189	5.9880	0.0001	0.0001	0.0000	0.0001	0.0001	0.0000	0.0000	0.0000	0.0000	0.0004	0.0001	0.0003	0.0001	0.0001	0.0000	0.0003	0.0000	0.0003	0.0277	0.0239	0.0037	0.0086	0.0080	0.0007	0.0190	0.0160	0.0031	0.0500	0.0356	0.0144	0.0250	0.0222	0.0028	0.0250	0.0134	0.0117	0.5389	1.8350	0.0012	3.5762	3.4369	43.1237	0.0001	0.0000	0.0004	0.0077	0.0026	0.0203	0.0037	0.0042	0.0000	0.0117	0.0000	0.0251
144	147	0.5712	10	0	0	1	2	0	0	0	0	N	N	N	Y	N	N	N	N	N	N	N	N	0.0009	1.1165	0.0000	1.8843	2.4641	0.0061	0.0000	0.0000	0.0000	0.0010	0.0011	0.0000	0.0031	0.0033	0.0000	0.0000	0.0000	0.0000	1.0210	0.0010	3.5583	0.0016	0.0014	0.0039	2.0244	0.0004	4.4163	0.0008	1451.5854	-0.0001	0.1021	1.9550	9.0001	2.1189	23.0169	0.0001	0.0001	0.0000	0.0001	0.0001	0.0000	0.0000	0.0000	0.0000	0.1887	0.0001	0.1886	0.0001	0.0001	0.0000	0.1886	0.0000	0.1886	0.1206	0.1045	0.0161	0.0373	0.0346	0.0028	0.0833	0.0700	0.0133	0.1848	0.1318	0.0530	0.0917	0.0814	0.0103	0.0931	0.0505	0.0427	0.0009	1.1165	0.0000	1.8843	2.4641	0.0061	0.0000	0.0000	0.0000	1.0210	0.0010	3.5583	0.0016	0.0014	0.0039	2.0244	0.0004	4.4163
144	148	0.5459	9	0	0	0	2	0	0	0	0	N	N	N	Y	N	N	N	N	N	N	N	N	545.5131	461.7654	14.1820	851.9416	871.2703	109.5719	1.4502	0.1373	5.0684	33.5853	39.4246	0.1818	96.7430	109.0087	0.4877	0.0122	0.0001	0.0723	0.0616	0.0854	0.0128	0.1136	0.1251	0.0045	0.0084	0.0008	0.0143	0.0008	0.0734	-0.4211	-0.0019	1.9550	1.9990	2.1189	7.9526	0.9563	0.9555	0.0008	0.9561	0.9555	0.0005	0.0002	0.0000	0.0002	0.0049	0.0046	0.0003	0.0046	0.0046	0.0000	0.0003	0.0000	0.0003	0.0285	0.0242	0.0042	0.0099	0.0088	0.0011	0.0186	0.0155	0.0031	0.0802	0.0539	0.0263	0.0405	0.0367	0.0039	0.0397	0.0172	0.0224	545.5131	461.7654	14.1820	851.9416	871.2703	109.5719	1.4502	0.1373	5.0684	0.0616	0.0854	0.0128	0.1136	0.1251	0.0045	0.0084	0.0008	0.0143
144	149	0.5140	8	1	1	0	1	0	0	0	0	N	N	N	N	N	N	N	N	N	N	N	N	0.0000	0.0000	0.0000	0.0000	0.0000	0.0000	0.0000	0.0000	0.0000	0.0000	0.0000	0.0000	0.0000	0.0000	0.0000	0.0000	0.0000	0.0000	0.0010	0.0006	0.0020	0.0007	0.0008	0.0001	0.0013	0.0002	0.0025	1.3661	0.0000	0.0000	1.9550	5.3497	2.1189	17.2225	0.0000	0.0000	0.0000	0.0000	0.0000	0.0000	0.0000	0.0000	0.0000	0.0001	0.0001	0.0001	0.0001	0.0001	0.0000	0.0001	0.0000	0.0001	0.0851	0.0730	0.0121	0.0289	0.0266	0.0023	0.0562	0.0464	0.0098	0.1505	0.1072	0.0433	0.0762	0.0674	0.0088	0.0742	0.0397	0.0345	0.0000	0.0000	0.0000	0.0000	0.0000	0.0000	0.0000	0.0000	0.0000	0.0010	0.0006	0.0020	0.0007	0.0008	0.0001	0.0013	0.0002	0.0025	
144	150	0.5448	9	0	1	0	1	0	0	0	0	N	N	N	N	N	N	N	N	N	N	N	N	12.3316	0.0000	1592.8563	3.3722	0.0000	679.3229	1019.2486	0.0000	2855.3232	0.0063	0.0000	0.0500	0.0032	0.0000	0.0522	0.0084	0.0000	0.0494	0.0005	0.0007	0.0000	0.0010	0.0011	0.0001	0.0000	0.0000	0.0000	inf	0.0173	0.0003	-0.0000	1.9550	3.6794	2.1189	17.4287	0.0005	0.0000	0.0005	0.0001	0.0000	0.0001	0.0004	0.0000	0.0004	0.0001	0.0001	0.0000	0.0001	0.0001	0.0000	0.0000	0.0000	0.0000	0.0773	0.0675	0.0098	0.0310	0.0291	0.0019	0.0463	0.0384	0.0079	0.1715	0.1239	0.0476	0.0915	0.0803	0.0113	0.0800	0.0436	0.0364	12.3316	0.0000	1592.8563	3.3722	0.0000	679.3229	1019.2486	0.0000	2855.3232	0.0005	0.0007	0.0000	0.0010	0.0011	0.0001	0.0000	0.0000	0.0000
144	151	0.5140	8	0	1	0	1	0	0	0	0	N	N	N	N	N	N	N	N	N	N	N	N	5.1295	5.5166	0.0000	16.4510	15.8075	0.0000	0.0000	0.0000	0.0000	0.0081	0.0094	0.0000	0.0228	0.0245	0.0000	0.0000	0.0000	0.0000	0.0016	0.0017	0.0013	0.0014	0.0015	0.0001	0.0018	0.0020	0.0016	0.0000	0.2922	-0.0002	-0.0000	1.9550	3.4464	2.1189	10.1316	0.0005	0.0005	0.0000	0.0005	0.0005	0.0000	0.0000	0.0000	0.0000	0.0002	0.0001	0.0000	0.0001	0.0001	0.0000	0.0001	0.0001	0.0000	0.0602	0.0517	0.0085	0.0214	0.0199	0.0015	0.0388	0.0318	0.0070	0.0989	0.0707	0.0282	0.0512	0.0453	0.0059	0.0476	0.0254	0.0222	5.1295	5.5166	0.0000	16.4510	15.8075	0.0000	0.0000	0.0000	0.0000	0.0016	0.0017	0.0013	0.0014	0.0015	0.0001	0.0018	0.0020	0.0016
144	152	0.0395	4	1	1	0	1	0	0	0	0	N	N	N	N	N	N	N	N	N	N	N	N	0.0000	0.0000	0.0000	0.0000	0.0000	0.0000	0.0000	0.0000	0.0000	0.0000	0.0000	0.0000	0.0000	0.0000	0.0000	0.0000	0.0040	0.0006	0.0106	0.0018	0.0018	0.0000	0.0046	0.0000	0.0108	9.9690	0.0000	0.0002	1.9550	1.0143	2.1189	12.0086	0.0000	0.0000	0.0000	0.0000	0.0000	0.0000	0.0000	0.0000	0.0000	0.0004	0.0000	0.0004	0.0000	0.0000	0.0000	0.0004	0.0000	0.0004	0.0148	0.0125	0.0023	0.0010	0.0009	0.0000	0.0139	0.0116	0.0022	0.1102	0.0726	0.0376	0.0228	0.0223	0.0005	0.0874	0.0503	0.0370	0.0000	0.0000	0.0000	0.0000	0.0000	0.0000	0.0000	0.0000	0.0000	0.0040	0.0006	0.0106	0.0018	0.0018	0.0000	0.0046	0.0000	0.0108			
144	153	0.0373	3	1	1	0	1	0	0	0	0	N	N	N	N	N	N	N	N	N	N	N	N	0.0000	0.0000	0.0000	0.0000	0.0000	0.0000	0.0000	0.0000	0.0000	0.0000	0.0000	0.0000	0.0000	0.0000	0.0000	0.0000	0.0000	0.0000	0.0010	0.0003	0.0025	0.0009	0.0009	0.0004	0.0011	0.0000	0.0025	4.6338	0.0000	0.0000	1.9550	0.9811	2.1189	0.0216	0.0000	0.0000	0.0000	0.0000	0.0000	0.0000	0.0000	0.0000	0.0000	0.0000	0.0000	0.0000	0.0000	0.0000	0.0000	0.0000	0.0000	0.0000	0.0142	0.0120	0.0022	0.0008	0.0008	0.0000	0.0134	0.0112	0.0022	0.0090	0.0059	0.0031	0.0019	0.0018	0.0000	0.0071	0.0041	0.0030	0.0000	0.0000	0.0000	0.0000	0.0000	0.0000	0.0000	0.0000	0.0000	0.0010	0.0003	0.0025	0.0009	0.0009	0.0004	0.0011	0.0000	0.0025	
144	154	0.0327	2	1	1	0	1	0	0	0	0	N	N	N	N	N	N	N	N	N	N	N	N	29.6449	28.7165	0.0196	3.2130	3.5557	0.0000	311.5430	471579.0330	0.0216	0.9941	1.3520	0.0002	0.4070	0.4585	0.0000	1.2607	1.8927	0.0002	0.0335	0.0471	0.0087	0.1267	0.1289	0.0036	0.0040	0.0000	0.0088	0.0000	0.1014	-0.0001	-0.0002	1.9550	0.0083	2.1189	2.0001	0.0002	0.0002	0.0000	0.0000	0.0000	0.0000	0.0002	0.0002	0.0000	0.0007	0.0006	0.0001	0.0006	0.0006	0.0000	0.0001	0.0000	0.0001	0.0002	0.0002	0.0001	0.0001	0.0001	0.0000	0.0002	0.0001	0.0001	0.0203	0.0131	0.0072	0.0049	0.0048	0.0001	0.0154	0.0083	0.0071	29.6449	28.7165	0.0196	3.2130	3.5557	0.0000	311.5430	471579.0330	0.0216	0.0335	0.0471	0.0087	0.1267	0.1289	0.0036	0.0040	0.0000	0.0088
144	161	0.5645	12	1	1	0	1	0	0	0	0	N	N	N	N	N	N	N	N	N	N	N	N	0.0000	0.0000	0.0000	0.0000	0.0000	0.0000	0.0000	0.0000	0.0000	0.0000	0.0000	0.0000	0.0000	0.0000	0.0000	0.0000	0.0000	0.1173	0.1656	0.0000	0.2333	0.2640	0.0000	0.0000	0.0000	0.0000	0.0000	0.0000	-0.0010	1.9550	0.0002	2.1189	3.0099	0.0000	0.0000	0.0000	0.0000	0.0000	0.0000	0.0000	0.0000	0.0000	0.0023	0.0023	0.0000	0.0023	0.0023	0.0000	0.0000	0.0000	0.0000	0.0000	0.0000	0.0000	0.0000	0.0000	0.0000	0.0000	0.0000	0.0000	0.0195	0.0138	0.0057	0.0098	0.0087	0.0011	0.0097	0.0051	0.0045	0.0000	0.0000	0.0000	0.0000	0.0000	0.0000	0.0000	0.0000	0.0000	0.1173	0.1656	0.0000	0.2333	0.2640	0.0000	0.0000	0.0000	0.0000		
144	162	0.5569	11	1	1	0	1	0	0	0	0	N	N	N	N	N	N	N	N	N	N	N	N	0.0000	0.0000	0.0000	0.0000	0.0000	0.0000	0.0000	0.0000	0.0000	0.0000	0.0000	0.0000	0.0000	0.0000	0.0000	0.0000	0.0000	0.0000	0.1196	0.0015	0.4016	0.0000	0.0000	0.0001	0.2404	0.0040	0.5027	113.1940	0.0000	0.0012	1.9550	0.9998	2.1189	2.0118	0.0000	0.0000	0.0000	0.0000	0.0000	0.0000	0.0000	0.0000	0.0000	0.0023	0.0000	0.0023	0.0000	0.0000	0.0000	0.0023	0.0000	0.0023	0.0136	0.0117	0.0019	0.0045	0.0041	0.0005	0.0091	0.0076	0.0015	0.0191	0.0135	0.0056	0.0096	0.0085	0.0011	0.0095	0.0050	0.0045	0.0000	0.0000	0.0000	0.0000	0.0000	0.0000	0.0000	0.0000	0.0000	0.1196	0.0015	0.4016	0.0000	0.0000	0.0001	0.2404	0.0040	0.5027	
144	163	0.5569	10	1	1	0	1	0	0	0	0	N	N	N	N	N	N	N	N	N	N	N	N	0.0000	0.0000	0.0000	0.0000	0.0000	0.0000	0.0000	0.0000	0.0000	0.0000	0.0000	0.0000	0.0000	0.0000	0.0000	0.0016	0.0017	0.0000	0.0017	0.0015	0.0000	0.0015	0.0021	0.0000	0.1163	0.0000	-0.0000	1.9550	0.0000	2.1189	0.0003	0.0000	0.0000	0.0000	0.0000	0.0000	0.0000	0.0000	0.0000	0.0000	0.0000	0.0000	0.0000	0.0000	0.0000	0.0000	0.0000	0.0000	0.0000	0.0000	0.0000	0.0000	0.0000	0.0000	0.0000	0.0000	0.0000	0.0000	0.0000	0.0000	0.0000	0.0000	0.0000	0.0000	0.0000	0.0000	0.0000	0.0000	0.0000	0.0000	0.0000	0.0000	0.0000	0.0000	0.0000	0.0000	0.0016	0.0017	0.0000	0.0017	0.0015	0.0000	0.0015	0.0021	0.0000				
144	164	0.5459	9	0	1	0	1	0	0	0	0	N	N	N	N	N	N	N	N	N	N	N	N	0.5170	0.0079	0.4187	0.7275	0.0079	19.1676	0.6708	1.9482	0.7741	1.8118	0.0022	6.1873	0.2555	0.0030	1.0813	4.5637	0.0004	11.5299	3.5046	0.2754	14.7775	0.3512	0.3768	0.0564	6.8037	0.0002	14.8954	1171.3225	18.7642	0.0014	0.0801	1.9550	0.0063	2.1189	4.3641	0.0026	0.0000	0.0026	0.0002	0.0000	0.0002	0.0024	0.0000	0.0024	0.1631	0.0083	0.1548	0.0084	0.0083	0.0001	0.1547	0.0000	0.1547	0.0014	0.0010	0.0004	0.0009	0.0007	0.0002	0.0005	0.0003	0.0002	0.0465	0.0300	0.0166	0.0238	0.0219	0.0019	0.0227	0.0081	0.0147	0.5170	0.0079	0.6622	0.7275	0.0079	19.1676	0.6708	1.9482	1.0934	3.5046	0.2754	9.3429	0.3512	0.3768	0.0564	6.8037	0.0002	10.5453
144	165	0.5140	8	0	0	0	1	0	0	0	0	N	N	N	N	N	N	N	N	N	N	N	N	0.8161	14.7077	0.0014	4.6387	26.6062	0.0060	0.0002	0.0001	0.0005	0.0539	0.0627	0.0003	0.1459	0.1554	0.0013	0.0000	0.0000	0.0001	0.0661	0.0043	0.2216	0.0314	0.0058	0.2265	0.1037	0.0014	0.2203	0.0008	20.6771	-0.0011	0.0030	1.9550	2.5207	2.1189	10.0226	0.0026	0.0026	0.0000	0.0026	0.0026	0.0000	0.0000	0.0000	0.0000	0.0061	0.0003	0.0058	0.0015	0.0002	0.0013	0.0046	0.0000	0.0046	0.0480	0.0413	0.0067	0.0177	0.0167	0.0011	0.0303	0.0246	0.0056	0.0927	0.0663	0.0264	0.0483	0.0427	0.0056	0.0445	0.0237	0.0208	0.8161	14.7077	0.0014	4.6387	26.6062	0.0060	0.0002	0.0001	0.0005	0.0661	0.0043	0.2216	0.0314	0.0058	0.2265	0.1037	0.0014	0.2203
144	166	0.4984	7	0	0	0	1	0	0	0	0	N	N	N	N	N	N	N	N	N	N	N	N	0.0000	0.0000	0.0000	0.0000	0.0000	0.0000	0.0000	0.0000	0.0000	0.0000	0.0000	0.0000	0.0000	0.0000	0.0000	0.0000	0.0000	0.0000	0.0925	0.0045	0.3120	0.0054	0.0055	0.0049	0.2033	0.0025	0.4267	27.5783	0.0000	0.0030	1.9550	2.6894	2.1189	4.6619	0.0000	0.0000	0.0000	0.0000	0.0000	0.0000	0.0000	0.0000	0.0000	0.0058	0.0002	0.0056	0.0002	0.0002	0.0000	0.0056	0.0000	0.0056	0.0563	0.0499	0.0064	0.0268	0.0254	0.0014	0.0294	0.0245	0.0049	0.0631	0.0450	0.0180	0.0353	0.0304	0.0049	0.0277	0.0146	0.0131	0.0000	0.0000	0.0000	0.0000	0.0000	0.0000	0.0000	0.0000	0.0000	0.0925	0.0045	0.3120	0.0054	0.0055	0.0049	0.2033	0.0025	0.4267	
144	167	0.4600	6	0	0	0	1	0	0	0	0	N	N	N	N	N	N	N	N	N	N	N	N	0.0000	0.0000	0.0000	0.0000	0.0000	0.0000	0.0000	0.0000	0.0000	0.0000	0.0000	0.0000	0.0000	0.0000	0.0000	0.0000	0.0000	0.0000	0.0253	0.0243	0.0279	0.0210	0.0231	0.0040	0.0295	0.0263	0.0334	0.4608	0.0000	-0.0003	1.9550	2.7966	2.1189	8.5340	0.0000	0.0000	0.0000	0.0000	0.0000	0.0000	0.0000	0.0000	0.0000	0.0022	0.0015	0.0007	0.0009	0.0009	0.0000	0.0013	0.0006	0.0007	0.0363	0.0309	0.0053	0.0102	0.0092	0.0010	0.0260	0.0218	0.0043	0.0876	0.0625	0.0251	0.0433	0.0386	0.0047	0.0442	0.0238	0.0204	0.0000	0.0000	0.0000	0.0000	0.0000	0.0000	0.0000	0.0000	0.0000	0.0253	0.0243	0.0279	0.0210	0.0231	0.0040	0.0295	0.0263	0.0334	
145	146	0.6102	10	0	0	2	2	0	0	0	0	N	N	Y	Y	N	N	N	N	N	N	N	N	16180.6600	0.0000	968161624.3940	0.2652	0.0000	inf	296986154.8490	898290894.0923	33.5105	0.0000	248.0528	0.0011	0.0000	0.0145	48.5977	0.0000	301.2671	0.0021	0.0031	0.0000	0.0042	0.0050	0.0000	0.0000	0.0000	0.0000	inf	0.0000	0.5589	-0.0002	2.1261	2.0001	18.6477	5.9880	1.0000	0.0000	1.0000	0.0000	0.0000	0.0000	1.0000	0.0000	1.0000	0.0003	0.0003	0.0000	0.0003	0.0003	0.0000	0.0000	0.0000	0.0000	0.0298	0.0258	0.0040	0.0093	0.0086	0.0007	0.0206	0.0173	0.0033	0.1684	0.1138	0.0546	0.0829	0.0700	0.0129	0.0856	0.0438	0.0417	16180.6600	0.0000	968161624.3940	0.2652	0.0000	inf	296986154.8490	0.0000	898290894.0923	0.0021	0.0031	0.0000	0.0042	0.0050	0.0000	0.0000	0.0000	0.0000	
145	147	0.6102	10	0	0	2	2	0	0	0	0	N	N	Y	Y	N	N	N	N	N	N	N	N	0.0000	0.0000	3.1602	0.0000	0.0000	15.9865	0.3493	1.0553	0.0001	0.0000	0.0008	0.0003	0.0000	0.0034	0.0000	0.0000	0.0003	2.9212	4.3220	0.0003	8.7038	10.4850	0.0002	0.0001	0.0000	0.0003	inf	0.0000	0.0000	-0.8304	2.1261	9.0001	18.6477	23.0169	0.0000	0.0000	0.0000	0.0000	0.0000	0.0000	0.0000	0.0000	0.0000	1.8117	1.8116	0.0001	1.8116	1.8116	0.0000	0.0000	0.0000	0.0000	0.1302	0.1128	0.0174	0.0401	0.0371	0.0030	0.0901	0.0757	0.0144	0.6202	0.4192	0.2010	0.3020	0.2544	0.0476	0.3182	0.1648	0.1534	0.0000	0.0000	3.1602	0.0000	0.0000	15.9865	0.3493	0.0000	1.0553	2.9212	4.3220	0.0003	5.9992	7.1221	0.0002	0.0001	0.0000	0.0003	
145	148	0.5849	9	0	0	1	2	0	0	0	0	N	N	N	Y	N	N	N	N	N	N	N	N	56.3389	0.0000	27235.6175	58.6797	0.0000	8949594.9830	1524.2094	0.0000	8399.8513	3.9606	0.0000	26.7908	8.1595	0.0000	73.3612	1.7651	0.0000	10.5708	0.0703	0.1053	0.0010	0.1391	0.1630	0.0000	0.0012	0.0010	0.0013	3077716.9697	0.0047	0.0679	-0.0077	2.1261	1.9990	18.6477	7.9526	0.1215	0.0000	0.1215	0.0859	0.0000	0.0859	0.0355	0.0000	0.0355	0.0170	0.0170	0.0001	0.0169	0.0169	0.0000	0.0001	0.0001	0.0001	0.0307	0.0261	0.0045	0.0105	0.0094	0.0012	0.0201	0.0168	0.0034	0.2423	0.1610	0.0813	0.1215	0.1036	0.0179	0.1208	0.0574	0.0634	56.3389	0.0000	27235.6175	58.6797	0.0000	8949594.9830	1524.2094	0.0000	8399.8513	0.0703	0.1053	0.0010	0.1391	0.1630	0.0000	0.0012	0.0010	0.0013
145	149	0.5530	8	1	1	1	1	0	0	0	0	N	N	N	N	N	N	N	N	N	N	N	N	0.0000	0.0000	0.0000	0.0000	0.0000	0.0000	0.0000	0.0000	0.0000	0.0000	0.0000	0.0000	0.0000	0.0000	0.0000	0.0000	0.0000	0.0000	0.0268	0.0394	0.0000	0.0014	0.0017	0.0000	0.0521	0.1019	0.0000	0.0000	0.0000	-0.0065	2.1261	5.3497	18.6477	17.2225	0.0000	0.0000	0.0000	0.0000	0.0000	0.0000	0.0000	0.0000	0.0000	0.0141	0.0141	0.0000	0.0004	0.0004	0.0000	0.0137	0.0137	0.0000	0.0920	0.0790	0.0130	0.0310	0.0286	0.0024	0.0610	0.0504	0.0106	0.5267	0.3579	0.1688	0.2635	0.2233	0.0402	0.2632	0.1346	0.1286	0.0000	0.0000	0.0000	0.0000	0.0000	0.0000	0.0000	0.0000	0.0000	0.0268	0.0394	0.0000	0.0014	0.0017	0.0000	0.0521	0.1019	0.0000	
145	150	0.5838	9	0	1	1	1	0	0	0	0	N	N	N	N	N	N	N	N	N	N	N	N	0.0035	0.0032	0.0000	0.0054	0.0056	0.0000	0.0000	0.0000	0.0000	0.0000	0.0000	0.0000	0.0001	0.0001	0.0000	0.0000	0.0000	0.0000	0.0071	0.0089	0.0031	0.0114	0.0118	0.0091	0.0022	0.0033	0.0009	0.0000	0.1516	-0.0000	-0.0015	2.1261	3.6794	18.6477	17.4287	0.0000	0.0000	0.0000	0.0000	0.0000	0.0000	0.0000	0.0000	0.0000	0.0046	0.0040	0.0006	0.0039	0.0035	0.0005	0.0006	0.0005	0.0001	0.0837	0.0731	0.0105	0.0334	0.0314	0.0020	0.0502	0.0417	0.0085	0.6402	0.4485	0.1918	0.3432	0.2914	0.0518	0.2970	0.1570	0.1400	0.0035	0.0032	0.0000	0.0054	0.0056	0.0000	0.0000	0.0000	0.0000	0.0071	0.0089	0.0031	0.0114	0.0118	0.0091	0.0022	0.0033	0.0009
145	151	0.5530	8	0	1	1	1	0	0	0	0	N	N	N	N	N	N	N	N	N	N	N	N	0.0006	0.0001	0.0118	0.0000	0.0000	0.0000	0.0005	0.0001	0.0109	0.0000	0.0000	0.0002	0.0000	0.0000	0.0000	0.0000	0.0000	0.0002	0.0533	0.0708	0.0152	0.0094	0.0110	0.0004	0.1000	0.1769	0.0200	3.9000	0.0986	0.0000	-0.0069	2.1261	3.4464	18.6477	10.1316	0.0000	0.0000	0.0000	0.0000	0.0000	0.0000	0.0000	0.0000	0.0000	0.0188	0.0171	0.0017	0.0017	0.0017	0.0000	0.0171	0.0154	0.0017	0.0652	0.0560	0.0092	0.0230	0.0215	0.0016	0.0421	0.0345	0.0076	0.3533	0.2422	0.1111	0.1822	0.1550	0.0272	0.1711	0.0872	0.0839	0.0006	0.0001	0.0118	0.0000	0.0000	0.0000	0.0005	0.0001	0.0109	0.0533	0.0708	0.0152	0.0094	0.0110	0.0004	0.1000	0.1769	0.0200
145	152	0.0785	4	1	1	1	1	0	0	0	0	N	N	N	N	N	N	N	N	N	N	N	N	0.0000	0.0000	0.0000	0.0000	0.0000	0.0000	0.0000	0.0000	0.0000	0.0000	0.0000	0.0000	0.0000	0.0000	0.0008	0.0013	0.0000	0.0088	0.0095	0.0000	0.0000	0.0000	0.0000	0.0000	0.0000	-0.0001	2.1261	1.0143	18.6477	12.0086	0.0000	0.0000	0.0000	0.0000	0.0000	0.0000	0.0000	0.0000	0.0000	0.0003	0.0003	0.0000	0.0003	0.0003	0.0000	0.0000	0.0000	0.0000	0.0160	0.0135	0.0025	0.0010	0.0009	0.0000	0.0150	0.0126	0.0024	0.3701	0.2135	0.1566	0.0319	0.0295	0.0024	0.3382	0.1840	0.1542	0.0000	0.0000	0.0000	0.0000	0.0000	0.0000	0.0000	0.0000	0.0000	0.0008	0.0013	0.0000	0.0088	0.0095	0.0000	0.0000	0.0000	0.0000					
145	153	0.0762	3	1	1	1	1	0	0	0	0	N	N	N	N	N	N	N	N	N	N	N	N	0.0000	0.0000	0.0000	0.0000	0.0000	0.0000	0.0000	0.0000	0.0000	0.0000	0.0000	0.0000	0.0000	0.0000	0.0000	0.0000	0.0768	0.1196	0.0186	0.7678	0.8248	0.0000	0.0087	0.0000	0.0189	0.1143	0.0000	-0.0008	2.1261	0.9811	18.6477	0.0216	0.0000	0.0000	0.0000	0.0000	0.0000	0.0000	0.0000	0.0000	0.0000	0.0023	0.0021	0.0002	0.0021	0.0021	0.0000	0.0002	0.0000	0.0002	0.0154	0.0130	0.0024	0.0008	0.0008	0.0000	0.0145	0.0122	0.0023	0.0304	0.0175	0.0129	0.0027	0.0025	0.0002	0.0276	0.0150	0.0127	0.0000	0.0000	0.0000	0.0000	0.0000	0.0000	0.0000	0.0000	0.0000	0.0768	0.1196	0.0186	0.7678	0.8248	0.0000	0.0087	0.0000	0.0189			
145	154	0.0717	2	1	1	1	1	0	0	0	0	N	N	N	N	N	N	N	N	N	N	N	N	1.4955	2.2295	0.0073	1.0668	1.1407	0.0000	0.0058	0.0000	0.0083	0.1160	0.1564	0.0006	0.3840	0.4320	0.0000	0.0002	0.0000	0.0007	0.0775	0.0701	0.0879	0.3599	0.3787	0.0003	0.0413	0.0000	0.0891	0.0014	0.8953	-0.0000	0.0001	2.1261	0.0083	18.6477	2.0001	0.0000	0.0000	0.0000	0.0000	0.0000	0.0000	0.0000	0.0000	0.0000	0.0050	0.0026	0.0024	0.0026	0.0026	0.0000	0.0024	0.0000	0.0024	0.0003	0.0002	0.0001	0.0001	0.0001	0.0000	0.0002	0.0001	0.0001	0.0646	0.0377	0.0269	0.0073	0.0070	0.0004	0.0572	0.0307	0.0265	1.4955	2.2295	0.0073	1.0668	1.1407	0.0000	0.0058	0.0000	0.0083	0.0775	0.0701	0.0879	0.3599	0.3787	0.0003	0.0413	0.0000	0.0891
145	161	0.6035	12	1	1	1	1	0	0	0	0	N	N	N	N	N	N	N	N	N	N	N	N	0.0000	0.0000	0.0000	0.0000	0.0000	0.0000	0.0000	0.0000	0.0000	0.0000	0.0000	0.0000	0.0000	0.0000	0.0000	0.0001	0.0000	0.0003	0.0000	0.0000	0.0000	0.0002	0.0000	0.0004	inf	0.0000	0.0000	2.1261	0.0002	18.6477	3.0099	0.0000	0.0000	0.0000	0.0000	0.0000	0.0000	0.0000	0.0000	0.0000	0.0000	0.0000	0.0000	0.0000	0.0000	0.0000	0.0000	0.0000	0.0000	0.0000	0.0000	0.0000	0.0000	0.0000	0.0000	0.0000	0.0000	0.0000	0.0662	0.0448	0.0214	0.0329	0.0276	0.0053	0.0333	0.0172	0.0161	0.0000	0.0000	0.0000	0.0000	0.0000	0.0000	0.0000	0.0000	0.0000	0.0001	0.0000	0.0003	0.0000	0.0000	0.0000	0.0002	0.0000	0.0004				
145	162	0.5959	11	1	1	1	1	0	0	0	0	N	N	N	N	N	N	N	N	N	N	N	N	0.0000	0.0000	0.0000	0.0000	0.0000	0.0000	0.0000	0.0000	0.0000	0.0000	0.0000	0.0000	0.0000	0.0000	0.0000	0.0001	0.0001	0.0000	0.0002	0.0002	0.0000	0.0000	0.0000	0.0000	0.0004	0.0000	-0.0000	2.1261	0.9998	18.6477	2.0118	0.0000	0.0000	0.0000	0.0000	0.0000	0.0000	0.0000	0.0000	0.0000	0.0000	0.0000	0.0000	0.0000	0.0000	0.0000	0.0000	0.0000	0.0000	0.0147	0.0127	0.0021	0.0049	0.0044	0.0005	0.0099	0.0083	0.0016	0.0645	0.0433	0.0212	0.0320	0.0268	0.0052	0.0325	0.0165	0.0160	0.0000	0.0000	0.0000	0.0000	0.0000	0.0000	0.0000	0.0000	0.0000	0.0001	0.0001	0.0000	0.0002	0.0002	0.0000	0.0000	0.0000	0.0000				
145	163	0.5959	10	1	1	1	1	0	0	0	0	N	N	N	N	N	N	N	N	N	N	N	N	0.0000	0.0000	0.0000	0.0000	0.0000	0.0000	0.0000	0.0000	0.0000	0.0000	0.0000	0.0000	0.0000	0.0001	0.0001	0.0000	0.0003	0.0002	0.0000	0.0000	0.0000	0.0000	0.4545	0.0000	-0.0000	2.1261	0.0000	18.6477	0.0003	0.0000	0.0000	0.0000	0.0000	0.0000	0.0000	0.0000	0.0000	0.0000	0.0000	0.0000	0.0000	0.0000	0.0000	0.0000	0.0000	0.0000	0.0000	0.0000	0.0000	0.0000	0.0000	0.0000	0.0000	0.0000	0.0000	0.0000	0.0000	0.0000	0.0000	0.0000	0.0000	0.0000	0.0000	0.0000	0.0000	0.0000	0.0000	0.0000	0.0000	0.0000	0.0000	0.0000	0.0000	0.0000	0.0001	0.0001	0.0000	0.0003	0.0002	0.0000	0.0000	0.0000	0.0000						
145	164	0.5849	9	0	1	1	1	0	0	0	0	N	N	N	N	N	N	N	N	N	N	N	N	0.1724	2.1860	0.0000	1.8945	2.1549	0.0000	0.0000	0.0000	0.0000	0.2269	0.3198	0.0000	0.3568	0.4646	0.0000	0.0000	0.0000	0.0000	1.3158	0.1463	3.5752	0.1883	0.2156	0.0097	2.5028	0.0022	4.4615	0.0000	12.6490	-0.0001	0.0790	2.1261	0.0063	18.6477	4.3641	0.0003	0.0003	0.0000	0.0003	0.0003	0.0000	0.0000	0.0000	0.0000	0.1688	0.0124	0.1564	0.0124	0.0123	0.0001	0.1564	0.0001	0.1563	0.0014	0.0010	0.0004	0.0009	0.0007	0.0002	0.0005	0.0003	0.0002	0.1283	0.0845	0.0437	0.0658	0.0571	0.0087	0.0625	0.0274	0.0350	0.1724	2.1860	0.0000	1.8945	2.1549	0.0000	0.0000	0.0000	0.0000	1.3158	0.1463	3.5752	0.1883	0.2156	0.0097	2.5028	0.0022	4.4615
145	165	0.5530	8	0	0	1	1	0	0	0	0	N	N	N	N	N	N	N	N	N	N	N	N	0.0022	0.0000	0.9924	0.0016	0.0000	32.2803	0.0949	0.0000	0.2697	0.0063	0.0000	0.0453	0.0122	0.0000	0.2008	0.0029	0.0000	0.0158	2.9418	4.2629	0.0456	7.7669	8.8016	0.0062	0.0309	0.0043	0.0585	inf	0.0049	0.0002	-0.4438	2.1261	2.5207	18.6477	10.0226	0.0003	0.0000	0.0003	0.0002	0.0000	0.0002	0.0001	0.0000	0.0001	0.9786	0.9738	0.0048	0.9736	0.9735	0.0002	0.0049	0.0003	0.0046	0.0519	0.0447	0.0073	0.0191	0.0179	0.0012	0.0328	0.0267	0.0061	0.3326	0.2284	0.1042	0.1724	0.1468	0.0256	0.1602	0.0816	0.0786	0.0022	0.0000	0.9924	0.0022	0.0000	32.2803	0.0949	0.0000	0.2697	2.9418	4.2629	0.0456	5.6462	6.6299	0.0062	0.0309	0.0043	0.0585
145	166	0.5374	7	0	0	1	1	0	0	0	0	N	N	N	N	N	N	N	N	N	N	N	N	0.0000	0.0000	0.0000	0.0000	0.0000	0.0000	0.0000	0.0000	0.0000	0.0000	0.0000	0.0000	0.0000	0.0000	0.0000	0.0000	0.0000	0.0000	0.3523	0.5111	0.0003	0.3705	0.4450	0.0009	0.3286	0.6538	0.0000	0.0003	0.0000	-0.0373	2.1261	2.6894	18.6477	4.6619	0.0000	0.0000	0.0000	0.0000	0.0000	0.0000	0.0000	0.0000	0.0000	0.0815	0.0814	0.0000	0.0485	0.0485	0.0000	0.0330	0.0330	0.0000	0.0609	0.0541	0.0069	0.0290	0.0274	0.0015	0.0319	0.0266	0.0053	0.2313	0.1594	0.0719	0.1309	0.1089	0.0220	0.1004	0.0504	0.0499	0.0000	0.0000	0.0000	0.0000	0.0000	0.0000	0.0000	0.0000	0.0000	0.3523	0.5111	0.0003	0.3705	0.4450	0.0009	0.3286	0.6538	0.0000	
145	167	0.4990	6	0	0	1	1	0	0	0	0	N	N	N	N	N	N	N	N	N	N	N	N	0.0000	0.0000	0.0000	0.0000	0.0000	0.0000	0.0000	0.0000	0.0000	0.0000	0.0000	0.0000	0.0000	0.0000	0.0000	0.0000	0.0000	0.0000	2.4628	3.6467	0.0106	0.3163	0.3651	0.0227	4.4601	8.8445	0.0074	0.0014	0.0000	-0.3368	2.1261	2.7966	18.6477	8.5340	0.0000	0.0000	0.0000	0.0000	0.0000	0.0000	0.0000	0.0000	0.0000	0.7370	0.7360	0.0010	0.0456	0.0452	0.0005	0.6914	0.6908	0.0006	0.0392	0.0334	0.0057	0.0109	0.0098	0.0011	0.0283	0.0236	0.0046	0.2993	0.2018	0.0974	0.1442	0.1237	0.0205	0.1550	0.0781	0.0769	0.0000	0.0000	0.0000	0.0000	0.0000	0.0000	0.0000	0.0000	0.0000	2.4628	3.6467	0.0106	0.3163	0.3651	0.0227	4.4601	8.8445	0.0074	
146	149	0.0767	3	1	1	1	1	0	0	0	0	N	N	N	N	N	N	N	N	N	N	N	N	0.0000	0.0000	0.0000	0.0000	0.0000	0.0000	0.0000	0.0000	0.0000	0.0000	0.0000	0.0000	0.0000	0.0000	0.0000	0.0000	0.0003	0.0005	0.0000	0.0022	0.0025	0.0000	0.0000	0.0000	0.0000	0.0002	0.0000	-0.0000	2.0001	5.3497	5.9880	17.2225	0.0000	0.0000	0.0000	0.0000	0.0000	0.0000	0.0000	0.0000	0.0000	0.0001	0.0001	0.0000	0.0001	0.0001	0.0000	0.0000	0.0000	0.0000	0.0830	0.0704	0.0126	0.0082	0.0080	0.0002	0.0748	0.0624	0.0124	0.2606	0.1501	0.1104	0.0366	0.0325	0.0041	0.2240	0.1177	0.1063	0.0000	0.0000	0.0000	0.0000	0.0000	0.0000	0.0000	0.0000	0.0000	0.0003	0.0005	0.0000	0.0022	0.0025	0.0000	0.0000	0.0000	0.0000			
146	150	0.1075	4	0	1	1	1	0	0	0	0	N	N	N	N	N	N	N	N	N	N	N	N	0.0000	0.0000	0.0000	0.0000	0.0000	0.0000	0.0000	0.0000	0.0000	0.0000	0.0000	0.0000	0.0000	0.0000	0.0000	0.0000	0.0000	0.0000	3.7511	0.0006	15.0921	0.0030	0.0016	0.0143	4.9280	0.0001	13.0454	9952.4086	0.0000	0.5397	2.0001	3.6794	5.9880	17.4287	0.0000	0.0000	0.0000	0.0000	0.0000	0.0000	0.0000	0.0000	0.0000	0.9966	0.0001	0.9965	0.0002	0.0001	0.0001	0.9964	0.0000	0.9964	0.0762	0.0660	0.0102	0.0178	0.0172	0.0006	0.0584	0.0488	0.0096	0.2657	0.1598	0.1059	0.0635	0.0565	0.0070	0.2022	0.1033	0.0989	0.0000	0.0000	0.0000	0.0000	0.0000	0.0000	0.0000	0.0000	0.0000	3.7511	0.0006	9.4096	0.0030	0.0016	0.0143	4.9280	0.0001	10.0728	
146	151	0.0767	3	0	1	1	1	0	0	0	0	N	N	N	N	N	N	N	N	N	N	N	N	0.0000	0.0000	0.0000	0.0000	0.0000	0.0000	0.0000	0.0000	0.0000	0.0000	0.0000	0.0000	0.0000	0.0000	0.0000	0.0000	0.0000	0.0211	0.0017	0.0498	0.0026	0.0029	0.0000	0.0249	0.0013	0.0516	19.7399	0.0000	0.0019	2.0001	3.4464	5.9880	10.1316	0.0000	0.0000	0.0000	0.0000	0.0000	0.0000	0.0000	0.0000	0.0000	0.0038	0.0002	0.0036	0.0001	0.0001	0.0000	0.0037	0.0001	0.0036	0.0584	0.0496	0.0088	0.0075	0.0074	0.0001	0.0508	0.0422	0.0087	0.1787	0.1067	0.0720	0.0309	0.0284	0.0026	0.1478	0.0783	0.0694	0.0000	0.0000	0.0000	0.0000	0.0000	0.0000	0.0000	0.0000	0.0000	0.0211	0.0017	0.0498	0.0026	0.0029	0.0000	0.0249	0.0013	0.0516		
146	152	0.6121	13	1	1	1	1	0	0	0	0	N	N	N	N	N	N	N	N	N	N	N	N	0.0000	0.0000	0.0000	0.0000	0.0000	0.0000	0.0000	0.0000	0.0000	0.0000	0.0000	0.0000	0.0000	0.0073	0.0109	0.0000	0.0143	0.0173	0.0000	0.0000	0.0000	0.0000	0.0000	0.0000	-0.0003	2.0001	1.0143	5.9880	12.0086	0.0000	0.0000	0.0000	0.0000	0.0000	0.0000	0.0000	0.0000	0.0000	0.0007	0.0007	0.0000	0.0007	0.0007	0.0000	0.0000	0.0000	0.0000	0.0135	0.0116	0.0018	0.0041	0.0038	0.0003	0.0093	0.0078	0.0015	0.0952	0.0639	0.0313	0.0487	0.0404	0.0083	0.0465	0.0234	0.0230	0.0000	0.0000	0.0000	0.0000	0.0000	0.0000	0.0000	0.0000	0.0000	0.0073	0.0109	0.0000	0.0143	0.0173	0.0000	0.0000	0.0000	0.0000						
146	153	0.6098	12	1	1	1	1	0	0	0	0	N	N	N	N	N	N	N	N	N	N	N	N	0.0000	0.0000	0.0000	0.0000	0.0000	0.0000	0.0000	0.0000	0.0000	0.0000	0.0000	0.0000	0.0000	0.0000	0.0000	0.0000	0.0001	0.0002	0.0000	0.0002	0.0003	0.0000	0.0000	0.0000	0.0000	0.0650	0.0000	-0.0000	2.0001	0.9811	5.9880	0.0216	0.0000	0.0000	0.0000	0.0000	0.0000	0.0000	0.0000	0.0000	0.0000	0.0000	0.0000	0.0000	0.0000	0.0000	0.0000	0.0000	0.0000	0.0000	0.0129	0.0111	0.0018	0.0039	0.0036	0.0003	0.0090	0.0076	0.0014	0.0078	0.0052	0.0025	0.0040	0.0034	0.0007	0.0038	0.0019	0.0019	0.0000	0.0000	0.0000	0.0000	0.0000	0.0000	0.0000	0.0000	0.0000	0.0001	0.0002	0.0000	0.0002	0.0003	0.0000	0.0000	0.0000	0.0000			
146	154	0.6053	11	1	1	1	1	0	0	0	0	N	N	N	N	N	N	N	N	N	N	N	N	6.0430	44.9509	0.0000	77.4228	76.7344	0.0000	0.0000	0.0000	0.0002	0.0003	0.0000	0.0006	0.0007	0.0000	0.0000	0.0000	0.0000	0.0000	0.0000	0.0001	0.0000	0.0000	0.0000	0.0001	0.0000	0.0001	0.0000	8.5494	-0.0000	0.0000	2.0001	0.0083	5.9880	2.0001	0.0000	0.0000	0.0000	0.0000	0.0000	0.0000	0.0000	0.0000	0.0000	0.0000	0.0000	0.0000	0.0000	0.0000	0.0000	0.0000	0.0000	0.0000	0.0001	0.0001	0.0000	0.0000	0.0000	0.0000	0.0001	0.0001	0.0000	0.0159	0.0107	0.0052	0.0082	0.0069	0.0013	0.0077	0.0038	0.0039	6.0430	44.9509	0.0000	77.4228	76.7344	0.0000	0.0000	0.0000	0.0000	0.0000	0.0000	0.0001	0.0000	0.0000	0.0000	0.0001	0.0000	0.0001	
146	155	0.5816	10	0	1	1	1	0	0	0	0	N	N	N	N	N	N	N	N	N	N	N	N	0.6025	20.6424	0.0000	40.4217	37.7903	0.5681	0.0175	1076.6586	0.0000	0.0027	0.0032	0.0000	0.0086	0.0094	0.0000	0.0002	0.0002	0.0000	0.0046	0.0002	0.0142	0.0002	0.0002	0.0000	0.0088	0.0000	0.0183	0.0000	42.1288	-0.0000	0.0002	2.0001	2.9180	5.9880	7.4065	0.0001	0.0001	0.0000	0.0001	0.0001	0.0000	0.0000	0.0000	0.0000	0.0004	0.0000	0.0004	0.0000	0.0000	0.0000	0.0004	0.0000	0.0004	0.0399	0.0345	0.0054	0.0122	0.0112	0.0010	0.0277	0.0233	0.0044	0.0960	0.0660	0.0301	0.0476	0.0409	0.0067	0.0484	0.0251	0.0233	0.6025	20.6424	0.0000	40.4217	37.7903	0.5681	0.0175	1076.6586	0.0000	0.0046	0.0002	0.0142	0.0002	0.0002	0.0000	0.0088	0.0000	0.0183
146	156	0.5158	9	0	0	1	1	0	0	0	0	N	N	N	N	N	N	N	N	N	N	N	N	0.0486	0.0380	0.1302	0.0758	0.0626	108.8422	0.0062	0.9009	0.0177	0.0007	0.0007	0.0006	0.0019	0.0019	0.0030	0.0000	0.0000	0.0001	0.0144	0.0188	0.0045	0.0253	0.0296	0.0000	0.0029	0.0000	0.0060	0.1084	0.1067	-0.0000	-0.0015	2.0001	8.2479	5.9880	19.7214	0.0001	0.0001	0.0000	0.0001	0.0001	0.0000	0.0000	0.0000	0.0000	0.0043	0.0039	0.0004	0.0039	0.0039	0.0000	0.0004	0.0000	0.0004	0.1638	0.1447	0.0191	0.0590	0.0558	0.0032	0.1048	0.0889	0.0160	0.2956	0.2046	0.0910	0.1525	0.1302	0.0223	0.1431	0.0744	0.0687	0.0486	0.0380	0.1302	0.0758	0.0626	108.8422	0.0062	0.9009	0.0177	0.0144	0.0188	0.0045	0.0253	0.0296	0.0000	0.0029	0.0000	0.0060
146	157	0.4797	8	0	0	1	1	0	0	0	0	N	N	N	N	N	N	N	N	N	N	N	N	0.4952	0.5666	0.0195	1.3011	1.1677	18.2036	0.0423	0.2364	0.0009	0.0173	0.0198	0.0007	0.0558	0.0596	0.0042	0.0011	0.0013	0.0000	0.0349	0.0349	0.0349	0.0429	0.0510	0.0002	0.0257	0.0054	0.0483	0.0052	0.4395	-0.0009	-0.0016	2.0001	7.4725	5.9880	14.3153	0.0020	0.0020	0.0000	0.0020	0.0019	0.0000	0.0001	0.0001	0.0000	0.0102	0.0071	0.0031	0.0067	0.0067	0.0000	0.0035	0.0004	0.0031	0.1182	0.1028	0.0154	0.0350	0.0326	0.0024	0.0833	0.0702	0.0131	0.2919	0.2028	0.0891	0.1560	0.1310	0.0250	0.1359	0.0718	0.0642	0.4952	0.5666	0.0195	1.3011	1.1677	18.2036	0.0423	0.2364	0.0009	0.0349	0.0349	0.0349	0.0429	0.0510	0.0002	0.0257	0.0054	0.0483
146	158	0.4142	7	0	0	1	1	0	0	0	0	N	N	N	N	N	N	N	N	N	N	N	N	0.1109	0.0917	0.1782	0.0630	0.0577	0.0308	0.4938	19.7839	0.1589	0.0150	0.0159	0.0089	0.0156	0.0166	0.0001	0.0148	0.0156	0.0100	0.1350	0.1733	0.0497	0.2482	0.2883	0.0020	0.0299	0.0008	0.0630	0.0830	0.1288	-0.0010	-0.0191	2.0001	11.6653	5.9880	19.4910	0.0026	0.0024	0.0002	0.0007	0.0007	0.0000	0.0019	0.0017	0.0002	0.0554	0.0491	0.0063	0.0491	0.0490	0.0001	0.0064	0.0001	0.0063	0.1743	0.1517	0.0226	0.0436	0.0410	0.0026	0.1307	0.1107	0.0200	0.4107	0.2834	0.1273	0.1978	0.1701	0.0277	0.2129	0.1133	0.0996	0.1109	0.0917	0.1782	0.0630	0.0577	0.0308	0.4938	19.7839	0.1589	0.1350	0.1733	0.0497	0.2482	0.2883	0.0020	0.0299	0.0008	0.0630
146	159	0.3669	6	0	0	1	1	0	0	0	0	N	N	N	N	N	N	N	N	N	N	N	N	0.1461	0.1162	0.0003	0.2458	0.2211	0.0011	0.0799	21.2046	0.0003	0.2254	0.2557	0.0000	0.7475	0.7845	0.0000	0.0069	0.0081	0.0000	1.5422	2.2007	0.1384	3.0414	3.5488	0.0031	0.0869	0.0004	0.1767	0.0000	0.0295	-0.0132	-0.2681	2.0001	7.3933	5.9880	20.5306	0.0300	0.0300	0.0000	0.0293	0.0293	0.0000	0.0007	0.0007	0.0000	0.6238	0.6059	0.0179	0.6060	0.6059	0.0001	0.0178	0.0000	0.0178	0.1330	0.1172	0.0158	0.0392	0.0374	0.0019	0.0938	0.0798	0.0139	0.4045	0.2753	0.1292	0.1992	0.1707	0.0285	0.2053	0.1046	0.1007	0.1461	0.1162	0.0003	0.2458	0.2211	0.0011	0.0799	21.2046	0.0003	1.5422	2.2007	0.1384	3.0414	3.5488	0.0031	0.0869	0.0004	0.1767
146	160	0.1307	5	0	0	1	1	0	0	0	0	N	N	N	N	N	N	N	N	N	N	N	N	150.9800	110.6933	24.5142	0.0000	0.0000	223.6735	163.6514	24.1863	0.0935	0.1089	0.0037	0.0000	0.0000	0.0000	0.0999	0.1172	0.0038	0.0006	0.0010	0.0001	0.0018	0.0021	0.0000	0.0004	0.0007	0.0002	0.0058	0.1178	-0.0128	-0.0001	2.0001	27.6416	5.9880	54.6365	0.0295	0.0293	0.0002	0.0000	0.0000	0.0000	0.0295	0.0293	0.0002	0.0004	0.0003	0.0000	0.0001	0.0001	0.0000	0.0002	0.0002	0.0000	0.3152	0.2689	0.0463	0.0204	0.0190	0.0014	0.2948	0.2499	0.0449	0.6204	0.3492	0.2713	0.0811	0.0692	0.0119	0.5394	0.2800	0.2594	150.9800	110.6933	24.5142	0.0000	0.0000	0.0000	223.6735	163.6514	24.1863	0.0006	0.0010	0.0001	0.0018	0.0021	0.0000	0.0004	0.0007	0.0002	
146	161	0.0634	5	1	1	1	1	0	0	0	0	N	N	N	N	N	N	N	N	N	N	N	N	0.0000	0.0000	0.0000	0.0000	0.0000	0.0000	0.0000	0.0000	0.0000	0.0000	0.0000	0.0000	0.0000	0.0000	0.0000	0.0000	0.0000	0.0000	0.0000	0.0000	2.0001	0.0002	5.9880	3.0099	0.0000	0.0000	0.0000	0.0000	0.0000	0.0000	0.0000	0.0000	0.0000	0.0000	0.0000	0.0000	0.0000	0.0000	0.0000	0.0000	0.0000	0.0000	0.0000	0.0000	0.0000	0.0000	0.0000	0.0000	0.0000	0.0000	0.0000	0.0337	0.0180	0.0157	0.0020	0.0017	0.0003	0.0317	0.0163	0.0154	0.0000	0.0000	0.0000	0.0000	0.0000	0.0000	0.0000	0.0000	0.0000	0.0000	0.0000	0.0000	0.0000	0.0000	0.0000	0.0000	0.0000	0.0000											
146	162	0.0558	4	1	1	1	1	0	0	0	0	N	N	N	N	N	N	N	N	N	N	N	N	0.0000	0.0000	0.0000	0.0000	0.0000	0.0000	0.0000	0.0000	0.0000	0.0000	0.0000	0.0000	0.0000	0.0000	0.0000	0.0000	0.0000	0.0000	0.0000	0.0000	2.0001	0.9998	5.9880	2.0118	0.0000	0.0000	0.0000	0.0000	0.0000	0.0000	0.0000	0.0000	0.0000	0.0000	0.0000	0.0000	0.0000	0.0000	0.0000	0.0000	0.0000	0.0000	0.0136	0.0114	0.0022	0.0000	0.0000	0.0000	0.0135	0.0114	0.0022	0.0330	0.0174	0.0157	0.0016	0.0013	0.0003	0.0314	0.0161	0.0153	0.0000	0.0000	0.0000	0.0000	0.0000	0.0000	0.0000	0.0000	0.0000	0.0000	0.0000	0.0000	0.0000	0.0000	0.0000	0.0000	0.0000	0.0000											
146	163	0.0558	3	1	1	1	1	0	0	0	0	N	N	N	N	N	N	N	N	N	N	N	N	0.0000	0.0000	0.0000	0.0000	0.0000	0.0000	0.0000	0.0000	0.0000	0.0000	0.0000	0.0000	0.0000	0.0000	0.0000	0.0000	0.0000	0.0000	0.0000	0.0000	2.0001	0.0000	5.9880	0.0003	0.0000	0.0000	0.0000	0.0000	0.0000	0.0000	0.0000	0.0000	0.0000	0.0000	0.0000	0.0000	0.0000	0.0000	0.0000	0.0000	0.0000	0.0000	0.0000	0.0000	0.0000	0.0000	0.0000	0.0000	0.0000	0.0000	0.0000	0.0000	0.0000	0.0000	0.0000	0.0000	0.0000	0.0000	0.0000	0.0000	0.0000	0.0000	0.0000	0.0000	0.0000	0.0000	0.0000	0.0000	0.0000	0.0000	0.0000	0.0000	0.0000	0.0000	0.0000	0.0000	0.0000	0.0000											
146	164	0.0448	2	0	1	1	1	0	0	0	0	N	N	N	N	N	N	N	N	N	N	N	N	0.0153	0.1008	0.0000	0.0663	0.0568	0.0000	0.0000	0.0013	0.0016	0.0000	0.0041	0.0042	0.0000	0.0000	0.0000	0.0000	0.0878	0.0162	0.1781	0.0626	0.0731	0.0000	0.0921	0.0000	0.1868	0.0000	8.7024	-0.0000	0.0023	2.0001	0.0063	5.9880	4.3641	0.0000	0.0000	0.0000	0.0000	0.0000	0.0000	0.0000	0.0000	0.0000	0.0051	0.0005	0.0046	0.0005	0.0005	0.0000	0.0046	0.0000	0.0046	0.0002	0.0002	0.0000	0.0001	0.0001	0.0000	0.0002	0.0001	0.0000	0.0586	0.0327	0.0259	0.0085	0.0073	0.0012	0.0501	0.0254	0.0247	0.0153	0.1008	0.0000	0.0663	0.0568	0.0000	0.0000	0.0000	0.0000	0.0878	0.0162	0.1781	0.0626	0.0731	0.0000	0.0921	0.0000	0.1868		
147	149	0.1458	3	1	1	1	1	0	0	0	0	N	N	N	N	N	N	N	N	N	N	N	N	0.0000	0.0000	0.0000	0.0000	0.0000	0.0000	0.0000	0.0000	0.0000	0.0000	0.0000	0.0000	0.0000	0.0000	0.0000	0.0000	0.0000	0.0000	0.0397	0.0651	0.0050	0.2744	0.3082	0.0076	0.0024	0.0001	0.0049	0.0562	0.0000	-0.0152	9.0001	5.3497	23.0169	17.2225	0.0000	0.0000	0.0000	0.0000	0.0000	0.0000	0.0000	0.0000	0.0000	0.0374	0.0354	0.0020	0.0355	0.0354	0.0001	0.0019	0.0001	0.0019	0.3612	0.3072	0.0540	0.0353	0.0346	0.0008	0.3259	0.2726	0.0533	0.9425	0.5441	0.3984	0.1293	0.1148	0.0146	0.8131	0.4293	0.3838	0.0000	0.0000	0.0000	0.0000	0.0000	0.0000	0.0000	0.0000	0.0000	0.0397	0.0651	0.0050	0.2744	0.3082	0.0076	0.0024	0.0001	0.0049	
147	150	0.1766	4	0	1	1	1	0	0	0	0	N	N	N	N	N	N	N	N	N	N	N	N	0.0045	0.0032	0.0000	0.1019	0.1036	0.0000	0.0000	0.0000	0.0000	0.0030	0.0034	0.0000	0.0128	0.0133	0.0000	0.0000	0.0000	0.0000	0.6601	1.0850	0.0113	0.1259	0.1283	0.1060	0.8254	1.5970	0.0047	0.0000	0.0068	-0.0004	-0.2897	9.0001	3.6794	23.0169	17.4287	0.0010	0.0010	0.0000	0.0010	0.0010	0.0000	0.0000	0.0000	0.0000	0.6414	0.6371	0.0043	0.0289	0.0263	0.0026	0.6125	0.6108	0.0017	0.3312	0.2874	0.0439	0.0772	0.0745	0.0027	0.2541	0.2129	0.0412	0.9718	0.5872	0.3846	0.2297	0.2047	0.0250	0.7421	0.3825	0.3596	0.0045	0.0032	0.0000	0.1019	0.1036	0.0000	0.0000	0.0000	0.0000	0.6601	1.0850	0.0113	0.1259	0.1283	0.1060	0.8254	1.5970	0.0047
147	151	0.1458	3	0	1	1	1	0	0	0	0	N	N	N	N	N	N	N	N	N	N	N	N	0.0060	0.0036	0.0921	0.0000	0.0000	0.0000	0.0061	0.0034	0.0923	0.0039	0.0038	0.0042	0.0000	0.0000	0.0000	0.0045	0.0045	0.0043	0.6527	1.0625	0.0460	0.2421	0.2614	0.0318	0.7364	1.3435	0.0465	0.1928	0.0292	-0.0003	-0.1806	9.0001	3.4464	23.0169	10.1316	0.0010	0.0008	0.0002	0.0000	0.0000	0.0000	0.0010	0.0008	0.0002	0.4201	0.4082	0.0119	0.0264	0.0261	0.0003	0.3938	0.3821	0.0116	0.2539	0.2161	0.0378	0.0326	0.0321	0.0005	0.2214	0.1841	0.0373	0.6437	0.3842	0.2595	0.1090	0.0998	0.0092	0.5347	0.2844	0.2503	0.0060	0.0036	0.0921	0.0000	0.0000	0.0000	0.0061	0.0034	0.0923	0.6527	1.0625	0.0460	0.2421	0.2614	0.0318	0.7364	1.3435	0.0465
147	152	0.6811	13	1	1	1	1	0	0	0	0	N	N	N	N	N	N	N	N	N	N	N	N	0.0072	0.0000	3.4785	0.0000	0.0000	0.0000	1.0186	0.0000	3.1779	0.0208	0.0000	0.1544	0.0000	0.0000	0.0000	0.0299	0.0000	0.1892	2.8664	4.2612	0.0444	7.8985	9.7107	0.0016	0.0293	0.0001	0.0595	inf	0.0051	0.0007	-0.4558	9.0001	1.0143	23.0169	12.0086	0.0012	0.0000	0.0012	0.0000	0.0000	0.0000	0.0012	0.0000	0.0012	1.0056	1.0004	0.0052	1.0005	1.0004	0.0000	0.0051	0.0000	0.0051	0.0588	0.0509	0.0079	0.0179	0.0165	0.0015	0.0409	0.0344	0.0064	0.3508	0.2348	0.1160	0.1764	0.1461	0.0304	0.1744	0.0887	0.0857	0.0072	0.0000	3.4785	0.0000	0.0000	0.0000	1.0186	0.0000	3.1779	2.8664	4.2612	0.0444	5.6701	6.8489	0.0016	0.0293	0.0001	0.0595
147	153	0.6788	12	1	1	1	1	0	0	0	0	N	N	N	N	N	N	N	N	N	N	N	N	0.1122	0.0890	0.0000	0.1947	0.1764	0.0000	0.0000	0.0000	0.0217	0.0251	0.0000	0.0724	0.0790	0.0000	0.0000	0.0000	0.0000	0.1934	0.2820	0.0127	0.3720	0.4476	0.0000	0.0085	0.0000	0.0172	0.0000	0.0220	-0.0005	-0.0024	9.0001	0.9811	23.0169	0.0216	0.0012	0.0012	0.0000	0.0012	0.0012	0.0000	0.0000	0.0000	0.0000	0.0055	0.0054	0.0001	0.0054	0.0054	0.0000	0.0001	0.0000	0.0001	0.0562	0.0486	0.0076	0.0168	0.0154	0.0014	0.0394	0.0332	0.0062	0.0286	0.0192	0.0094	0.0146	0.0121	0.0025	0.0141	0.0071	0.0070	0.1122	0.0890	0.0000	0.1947	0.1764	0.0000	0.0000	0.0000	0.0000	0.1934	0.2820	0.0127	0.3720	0.4476	0.0000	0.0085	0.0000	0.0172	
147	154	0.6743	11	1	1	1	1	0	0	0	0	N	N	N	N	N	N	N	N	N	N	N	N	0.0015	0.0013	0.0000	0.0023	0.0021	0.0000	0.0000	0.0000	0.0001	0.0001	0.0000	0.0001	0.0002	0.0000	0.0000	0.0000	0.0000	0.0358	0.0479	0.0110	0.0635	0.0760	0.0000	0.0073	0.0000	0.0147	0.0000	0.1114	-0.0000	-0.0008	9.0001	0.0083	23.0169	2.0001	0.0000	0.0000	0.0000	0.0000	0.0000	0.0000	0.0000	0.0000	0.0000	0.0021	0.0019	0.0002	0.0019	0.0019	0.0000	0.0002	0.0000	0.0002	0.0006	0.0005	0.0001	0.0002	0.0002	0.0000	0.0004	0.0003	0.0001	0.0587	0.0394	0.0192	0.0298	0.0249	0.0049	0.0289	0.0146	0.0143	0.0015	0.0013	0.0000	0.0023	0.0021	0.0000	0.0000	0.0000	0.0000	0.0358	0.0479	0.0110	0.0635	0.0760	0.0000	0.0073	0.0000	0.0147	
147	155	0.6507	10	0	1	1	1	0	0	0	0	N	N	N	N	N	N	N	N	N	N	N	N	0.0012	0.6003	0.0000	1.4774	1.6549	0.0004	0.0000	0.0395	0.0000	0.0006	0.0007	0.0000	0.0020	0.0022	0.0000	0.0000	0.0000	0.0000	0.5395	0.0012	1.7259	0.0014	0.0013	0.0016	1.0593	0.0011	2.2264	0.0000	646.9043	-0.0000	0.1031	9.0001	2.9180	23.0169	7.4065	0.0001	0.0001	0.0000	0.0001	0.0001	0.0000	0.0000	0.0000	0.0000	0.1909	0.0003	0.1907	0.0002	0.0002	0.0000	0.1907	0.0001	0.1906	0.1742	0.1509	0.0233	0.0528	0.0487	0.0041	0.1214	0.1021	0.0192	0.3539	0.2434	0.1105	0.1739	0.1490	0.0248	0.1800	0.0944	0.0856	0.0012	0.6003	0.0000	1.4774	1.6549	0.0004	0.0000	0.0395	0.0000	0.5395	0.0012	1.7259	0.0014	0.0013	0.0016	1.0593	0.0011	2.2264
147	156	0.5848	9	0	0	1	1	0	0	0	0	N	N	N	N	N	N	N	N	N	N	N	N	0.6507	0.0002	0.8812	3.3436	0.0003	51.5091	0.4568	0.0024	0.7450	2.3443	0.0000	20.2640	0.7027	0.0001	13.3351	3.2629	0.0000	21.6173	3.6027	0.1272	22.9963	0.2101	0.2018	0.2589	7.1423	0.0002	29.0173	123095.1972	39.9115	0.9367	2.0353	9.0001	8.2479	23.0169	19.7214	1.6760	0.0000	1.6760	0.1802	0.0000	0.1802	1.4958	0.0000	1.4958	3.9353	0.0962	3.8391	0.1172	0.0961	0.0211	3.8181	0.0000	3.8180	0.7149	0.6322	0.0827	0.2565	0.2430	0.0135	0.4584	0.3892	0.0692	1.0923	0.7565	0.3358	0.5577	0.4764	0.0814	0.5346	0.2801	0.2545	0.6507	0.0002	1.7726	3.3436	0.0003	51.5091	0.4568	0.0024	1.4407	3.6027	0.1272	11.4315	0.2101	0.2018	0.2589	7.1423	0.0002	15.0045
147	157	0.5487	8	0	0	1	1	0	0	0	0	N	N	N	N	N	N	N	N	N	N	N	N	5.0673	1.0635	19.7649	0.0872	0.1319	0.0103	7.7538	1.7808	30.5534	2.9323	0.4184	19.8105	0.0540	0.0567	0.0168	4.1345	0.5853	23.3985	0.5787	0.3934	1.0023	0.6193	0.4300	1.6293	0.5332	0.3287	0.7658	7.0518	1.1140	0.6581	0.0425	9.0001	7.4725	23.0169	14.3153	1.5139	0.1880	1.3259	0.0082	0.0080	0.0002	1.5057	0.1800	1.3257	0.6199	0.2932	0.3267	0.3502	0.2048	0.1454	0.2697	0.0884	0.1812	0.5163	0.4494	0.0669	0.1521	0.1418	0.0103	0.3642	0.3075	0.0567	1.0712	0.7453	0.3259	0.5655	0.4763	0.0893	0.5057	0.2691	0.2367	5.0673	1.0635	19.7649	0.0872	0.1319	0.0103	7.7538	1.7808	30.5534	0.5787	0.3934	1.0023	0.6193	0.4300	1.6293	0.5332	0.3287	0.7658
147	158	0.4832	7	0	0	1	1	0	0	0	0	N	N	N	N	N	N	N	N	N	N	N	N	0.3597	0.0067	1.4184	0.0077	0.0077	0.0042	0.4264	0.0290	1.3593	0.6932	0.0074	5.3511	0.0128	0.0133	0.0053	0.9193	0.0052	6.0516	1.9274	1.1058	3.7725	1.6761	1.7412	1.2695	2.1561	0.1780	4.4519	107.0216	1.5191	0.2904	0.4192	9.0001	11.6653	23.0169	19.4910	0.5283	0.0049	0.5235	0.0024	0.0024	0.0001	0.5259	0.0025	0.5234	2.8979	1.1504	1.7475	1.2006	1.0751	0.1255	1.6973	0.0753	1.6220	0.7622	0.6643	0.0978	0.1901	0.1788	0.0113	0.5721	0.4856	0.0865	1.5035	1.0403	0.4632	0.7163	0.6174	0.0989	0.7872	0.4228	0.3643	0.3597	0.0067	1.4184	0.0077	0.0077	0.0042	0.4264	0.0290	1.3593	1.9274	1.1058	3.7725	1.6761	1.7412	1.2695	2.1561	0.1780	4.4519
147	159	0.4359	6	0	0	1	1	0	0	0	0	N	N	N	N	N	N	N	N	N	N	N	N	2.4336	0.1123	10.6890	0.2400	0.2282	0.5282	3.1654	0.0007	10.8676	2.9467	0.0795	24.4597	0.2723	0.2501	0.7224	4.0611	0.0001	27.6164	1.2108	0.7077	2.2883	1.1345	1.0962	1.3677	1.2830	0.0946	2.5412	40.9992	1.5097	0.9161	0.2553	9.0001	7.3933	23.0169	20.5306	1.7121	0.0408	1.6713	0.0465	0.0407	0.0058	1.6655	0.0000	1.6655	1.7832	0.7105	1.0727	0.8119	0.6737	0.1381	0.9714	0.0368	0.9345	0.5810	0.5127	0.0683	0.1709	0.1629	0.0080	0.4101	0.3498	0.0603	1.4727	1.0039	0.4688	0.7156	0.6146	0.1010	0.7571	0.3894	0.3678	2.4336	0.1123	10.6890	0.2400	0.2282	0.5282	3.1654	0.0007	10.8676	1.2108	0.7077	2.2883	1.1345	1.0962	1.3677	1.2830	0.0946	2.5412
147	160	0.1998	5	0	0	1	1	0	0	0	0	N	N	N	N	N	N	N	N	N	N	N	N	0.9283	0.0418	2.4955	0.0000	0.0000	0.0000	1.0123	0.0575	3.2535	2.8058	0.0051	19.2484	0.0000	0.0000	0.0000	2.9994	0.0054	19.8618	3.0225	0.1211	7.7133	3.4232	0.2302	41.2895	2.9629	0.0947	6.1047	647.3992	43.1541	2.1502	3.5655	9.0001	27.6416	23.0169	54.6365	3.8580	0.0060	3.8520	0.0000	0.0000	0.0000	3.8580	0.0060	3.8520	6.8702	0.1556	6.7146	1.0074	0.0576	0.9497	5.8628	0.0979	5.7649	1.3750	1.1749	0.2001	0.0887	0.0826	0.0062	1.2862	1.0923	0.1939	2.2730	1.2848	0.9882	0.2943	0.2504	0.0438	1.9787	1.0344	0.9443	0.9283	0.0418	2.8328	0.0000	0.0000	0.0000	1.0123	0.0575	3.2535	3.0225	0.1211	6.7949	3.4232	0.2302	21.6590	2.9629	0.0947	6.1047
147	161	0.1324	5	1	1	1	1	0	0	0	0	N	N	N	N	N	N	N	N	N	N	N	N	0.0000	0.0000	0.0000	0.0000	0.0000	0.0000	0.0000	0.0000	0.0000	0.0000	0.0000	0.0000	0.0000	0.0362	0.0673	0.0000	0.6112	0.7280	0.0000	0.0000	0.0000	0.0000	0.0000	0.0000	-0.0020	9.0001	0.0002	23.0169	3.0099	0.0000	0.0000	0.0000	0.0000	0.0000	0.0000	0.0000	0.0000	0.0000	0.0044	0.0044	0.0000	0.0044	0.0044	0.0000	0.0000	0.0000	0.0000	0.0000	0.0000	0.0000	0.0000	0.0000	0.0000	0.0000	0.0000	0.0000	0.1224	0.0659	0.0565	0.0072	0.0061	0.0012	0.1151	0.0598	0.0553	0.0000	0.0000	0.0000	0.0000	0.0000	0.0000	0.0000	0.0000	0.0000	0.0362	0.0673	0.0000	0.6112	0.7280	0.0000	0.0000	0.0000	0.0000						
147	162	0.1248	4	1	1	1	1	0	0	0	0	N	N	N	N	N	N	N	N	N	N	N	N	0.0000	0.0000	0.0000	0.0000	0.0000	0.0000	0.0000	0.0000	0.0000	0.0000	0.0000	0.0000	0.0000	0.0000	0.0000	0.0000	0.0000	0.0388	0.0053	0.0765	0.0388	0.0486	0.0000	0.0388	0.0020	0.0781	12.7101	0.0000	0.0022	9.0001	0.9998	23.0169	2.0118	0.0000	0.0000	0.0000	0.0000	0.0000	0.0000	0.0000	0.0000	0.0000	0.0046	0.0003	0.0043	0.0002	0.0002	0.0000	0.0044	0.0001	0.0043	0.0591	0.0498	0.0093	0.0002	0.0002	0.0000	0.0589	0.0496	0.0093	0.1198	0.0635	0.0563	0.0056	0.0045	0.0011	0.1141	0.0590	0.0552	0.0000	0.0000	0.0000	0.0000	0.0000	0.0000	0.0000	0.0000	0.0000	0.0388	0.0053	0.0765	0.0388	0.0486	0.0000	0.0388	0.0020	0.0781		
147	163	0.1248	3	1	1	1	1	0	0	0	0	N	N	N	N	N	N	N	N	N	N	N	N	0.0000	0.0000	0.0000	0.0000	0.0000	0.0000	0.0000	0.0000	0.0000	0.0000	0.0000	0.0000	0.0000	0.0000	0.0000	0.0000	11.8303	3.3942	61.0832	14.1049	11.5669	0.0000	8.7960	0.0000	53.2671	2.2003	0.0000	0.0001	9.0001	0.0000	23.0169	0.0003	0.0000	0.0000	0.0000	0.0000	0.0000	0.0000	0.0000	0.0000	0.0000	0.0003	0.0001	0.0002	0.0001	0.0001	0.0000	0.0002	0.0000	0.0002	0.0000	0.0000	0.0000	0.0000	0.0000	0.0000	0.0000	0.0000	0.0000	0.0000	0.0000	0.0000	0.0000	0.0000	0.0000	0.0000	0.0000	0.0000	0.0000	0.0000	0.0000	0.0000	0.0000	0.0000	0.0000	0.0000	0.0000	8.4228	3.3942	25.7853	7.7037	7.7800	0.0000	8.7960	0.0000	26.1757			
147	164	0.1138	2	0	1	1	1	0	0	0	0	N	N	N	N	N	N	N	N	N	N	N	N	0.0045	0.0036	0.0000	0.0024	0.0021	0.0000	0.0000	0.0000	0.0003	0.0004	0.0000	0.0010	0.0010	0.0000	0.0000	0.0000	0.0000	0.0685	0.1034	0.0238	0.3974	0.4665	0.0000	0.0122	0.0000	0.0250	0.0000	0.1798	-0.0000	-0.0045	9.0001	0.0063	23.0169	4.3641	0.0000	0.0000	0.0000	0.0000	0.0000	0.0000	0.0000	0.0000	0.0000	0.0146	0.0124	0.0022	0.0124	0.0124	0.0000	0.0022	0.0000	0.0022	0.0010	0.0009	0.0002	0.0003	0.0003	0.0000	0.0007	0.0005	0.0002	0.2134	0.1199	0.0935	0.0312	0.0266	0.0046	0.1822	0.0933	0.0889	0.0045	0.0036	0.0000	0.0024	0.0021	0.0000	0.0000	0.0000	0.0000	0.0685	0.1034	0.0238	0.3974	0.4665	0.0000	0.0122	0.0000	0.0250	
148	149	0.0572	2	1	1	0	1	0	0	0	0	N	N	N	N	N	N	N	N	N	N	N	N	0.0687	0.0107	13.7519	0.0239	0.0213	33.9499	3.4775	0.0000	13.5217	0.0041	0.0011	0.0207	0.0097	0.0094	0.0251	0.0035	0.0000	0.0207	0.0601	0.1028	0.0015	0.4069	0.4416	0.0007	0.0010	0.0005	0.0015	3.4491	0.0107	0.0001	-0.0095	1.9990	5.3497	7.9526	17.2225	0.0003	0.0001	0.0003	0.0001	0.0001	0.0000	0.0003	0.0000	0.0003	0.0212	0.0210	0.0002	0.0209	0.0209	0.0000	0.0003	0.0001	0.0002	0.0840	0.0710	0.0130	0.0085	0.0083	0.0002	0.0755	0.0627	0.0128	0.3527	0.2041	0.1486	0.0514	0.0473	0.0040	0.3013	0.1568	0.1446	0.0687	0.0107	13.7519	0.0239	0.0213	33.9499	3.4775	0.0000	13.5217	0.0601	0.1028	0.0015	0.4069	0.4416	0.0007	0.0010	0.0005	0.0015
148	150	0.0880	3	0	1	0	1	0	0	0	0	N	N	N	N	N	N	N	N	N	N	N	N	0.0006	0.0008	0.0000	0.4470	0.4586	0.0000	0.0000	0.0000	0.0000	0.0030	0.0035	0.0001	0.0128	0.0133	0.0000	0.0000	0.0000	0.0001	4.8069	4.4347	4.1218	0.0287	0.0290	0.0254	5.7290	7.1500	4.3405	0.0049	0.6200	-0.0001	-0.1217	1.9990	3.6794	7.9526	17.4287	0.0002	0.0002	0.0000	0.0002	0.0002	0.0000	0.0000	0.0000	0.0000	1.6078	0.9925	0.6153	0.0027	0.0025	0.0002	1.6052	0.9900	0.6151	0.0770	0.0665	0.0106	0.0181	0.0175	0.0006	0.0589	0.0490	0.0099	0.3731	0.2238	0.1493	0.0929	0.0853	0.0076	0.2802	0.1385	0.1417	0.0007	0.0008	0.0000	0.4470	0.4586	0.0000	0.0000	0.0000	0.0000	4.3095	4.4347	4.1218	0.0287	0.0290	0.0254	5.7290	7.1500	4.3405
148	151	0.0572	2	0	1	0	1	0	0	0	0	N	N	N	N	N	N	N	N	N	N	N	N	0.0043	0.0453	0.0029	0.0990	0.0940	3.5726	0.0011	0.0082	0.0029	0.0064	0.0057	0.0104	0.0354	0.0357	0.0119	0.0020	0.0002	0.0104	1.5066	0.1257	3.5476	0.3573	0.3798	0.0033	1.7564	0.0261	3.6441	0.3369	19.1007	-0.0001	0.1797	1.9990	3.4464	7.9526	10.1316	0.0004	0.0003	0.0001	0.0003	0.0003	0.0000	0.0001	0.0000	0.0001	0.3653	0.0182	0.3471	0.0155	0.0155	0.0000	0.3498	0.0027	0.3471	0.0592	0.0500	0.0092	0.0078	0.0077	0.0001	0.0514	0.0423	0.0091	0.2425	0.1446	0.0978	0.0433	0.0407	0.0026	0.1992	0.1039	0.0953	0.0043	0.0453	0.0029	0.0990	0.0940	3.5726	0.0011	0.0082	0.0029	1.5066	0.1257	3.5476	0.3573	0.3798	0.0033	1.7564	0.0261	3.6441
148	152	0.5926	12	1	1	0	1	0	0	0	0	N	N	N	N	N	N	N	N	N	N	N	N	0.0000	0.0000	0.0000	0.0000	0.0000	0.0000	0.0000	0.0000	0.0000	0.0000	0.0000	0.0000	0.0000	0.0000	0.0000	0.0000	0.0000	0.0000	0.0175	0.0005	0.0518	0.0008	0.0008	0.0009	0.0355	0.0000	0.0700	50.2251	0.0000	0.0012	1.9990	1.0143	7.9526	12.0086	0.0000	0.0000	0.0000	0.0000	0.0000	0.0000	0.0000	0.0000	0.0000	0.0023	0.0000	0.0023	0.0001	0.0000	0.0000	0.0022	0.0000	0.0022	0.0135	0.0117	0.0018	0.0042	0.0038	0.0003	0.0094	0.0079	0.0015	0.1318	0.0882	0.0436	0.0684	0.0570	0.0115	0.0634	0.0313	0.0321	0.0000	0.0000	0.0000	0.0000	0.0000	0.0000	0.0000	0.0000	0.0000	0.0175	0.0005	0.0518	0.0008	0.0008	0.0009	0.0355	0.0000	0.0700	
148	153	0.5903	11	1	1	0	1	0	0	0	0	N	N	N	N	N	N	N	N	N	N	N	N	0.0000	0.0000	0.0000	0.0000	0.0000	0.0000	0.0000	0.0000	0.0000	0.0000	0.0000	0.0000	0.0000	0.0000	0.0000	0.0000	0.0000	0.0000	0.0099	0.0139	0.0018	0.0178	0.0212	0.0002	0.0012	0.0000	0.0024	0.0646	0.0000	-0.0000	1.9990	0.9811	7.9526	0.0216	0.0000	0.0000	0.0000	0.0000	0.0000	0.0000	0.0000	0.0000	0.0000	0.0001	0.0001	0.0000	0.0001	0.0001	0.0000	0.0000	0.0000	0.0000	0.0129	0.0112	0.0018	0.0039	0.0036	0.0003	0.0090	0.0076	0.0014	0.0107	0.0072	0.0035	0.0056	0.0047	0.0009	0.0051	0.0025	0.0026	0.0000	0.0000	0.0000	0.0000	0.0000	0.0000	0.0000	0.0000	0.0000	0.0099	0.0139	0.0018	0.0178	0.0212	0.0002	0.0012	0.0000	0.0024	
148	154	0.5858	10	1	1	0	1	0	0	0	0	N	N	N	N	N	N	N	N	N	N	N	N	328.7023	57286.5086	0.0000	50971.0218	95502.1631	0.0000	0.0000	0.0000	1.8663	2.1760	0.0000	4.9283	5.5504	0.0000	0.0000	0.0000	0.0000	0.0057	0.0000	0.0172	0.0001	0.0001	0.0003	0.0118	0.0000	0.0230	0.0000	221.5563	-0.0001	0.0001	1.9990	0.0083	7.9526	2.0001	0.0002	0.0002	0.0000	0.0002	0.0002	0.0000	0.0000	0.0000	0.0000	0.0001	0.0000	0.0001	0.0000	0.0000	0.0000	0.0001	0.0000	0.0001	0.0001	0.0001	0.0000	0.0000	0.0000	0.0000	0.0001	0.0001	0.0000	0.0220	0.0148	0.0072	0.0115	0.0097	0.0019	0.0105	0.0051	0.0054	328.7023	57286.5086	0.0000	50971.0218	95502.1631	0.0000	0.0000	0.0000	0.0000	0.0057	0.0000	0.0172	0.0001	0.0001	0.0003	0.0118	0.0000	0.0230	
148	155	0.5622	9	0	1	0	1	0	0	0	0	N	N	N	N	N	N	N	N	N	N	N	N	131.0164	5197.9633	0.0098	7409.3545	9487.0260	0.8942	3.8918	208679.1894	0.0031	22.3292	26.1058	0.0049	64.7738	72.3813	0.0145	1.3029	1.5587	0.0019	0.1704	0.0050	0.5018	0.0087	0.0076	0.0162	0.3348	0.0000	0.6200	0.0000	49.8736	-0.4019	0.0127	1.9990	2.9180	7.9526	7.4065	0.9111	0.9110	0.0000	0.8755	0.8755	0.0000	0.0355	0.0355	0.0000	0.0244	0.0005	0.0239	0.0006	0.0005	0.0002	0.0238	0.0000	0.0238	0.0408	0.0349	0.0059	0.0135	0.0121	0.0014	0.0273	0.0228	0.0045	0.1432	0.0955	0.0477	0.0722	0.0628	0.0093	0.0710	0.0327	0.0383	131.0164	5197.9633	0.0098	7409.3545	9487.0260	0.8942	3.8918	208679.1894	0.0031	0.1704	0.0050	0.5018	0.0087	0.0076	0.0162	0.3348	0.0000	0.6200
148	156	0.4963	8	0	0	0	1	0	0	0	0	N	N	N	N	N	N	N	N	N	N	N	N	18.9712	8.4677	545.0834	26.1959	13.9410	6314.3558	27.9041	75.9572	83.7604	1.2522	0.7786	4.7639	3.1504	1.9606	21.7692	0.1480	0.0156	0.8810	0.0660	0.0919	0.0087	0.1203	0.1406	0.0034	0.0053	0.0002	0.0105	0.8251	0.0431	0.0023	-0.0110	1.9990	8.2479	7.9526	19.7214	0.2065	0.1131	0.0934	0.1911	0.1118	0.0793	0.0154	0.0014	0.0141	0.0263	0.0252	0.0011	0.0253	0.0252	0.0001	0.0010	0.0000	0.0010	0.1649	0.1453	0.0196	0.0606	0.0570	0.0036	0.1043	0.0883	0.0160	0.3978	0.2738	0.1240	0.2100	0.1789	0.0312	0.1878	0.0949	0.0928	18.9712	8.4677	545.0834	26.1959	13.9410	6314.3558	27.9041	75.9572	83.7604	0.0660	0.0919	0.0087	0.1203	0.1406	0.0034	0.0053	0.0002	0.0105
148	157	0.4602	7	0	0	0	1	0	0	0	0	N	N	N	N	N	N	N	N	N	N	N	N	2.6534	1.1898	51.9937	4.7765	2.4280	138.0368	1.7661	0.7529	5.6580	1.5526	0.9468	5.4916	4.9154	2.8866	28.5992	0.0619	0.0068	0.3569	0.5851	0.7957	0.1056	1.0291	1.1889	0.2072	0.0350	0.0090	0.0631	0.8921	0.0583	0.0056	-0.0918	1.9990	7.4725	7.9526	14.3153	0.1852	0.0979	0.0873	0.1801	0.0974	0.0827	0.0051	0.0005	0.0046	0.2276	0.2150	0.0125	0.2215	0.2142	0.0073	0.0061	0.0008	0.0053	0.1193	0.1034	0.0159	0.0366	0.0337	0.0029	0.0826	0.0696	0.0130	0.3889	0.2702	0.1187	0.2152	0.1802	0.0350	0.1737	0.0900	0.0837	2.6534	1.1898	51.9937	4.7765	2.4280	138.0368	1.7661	0.7529	5.6580	0.5851	0.7957	0.1056	1.0291	1.1889	0.2072	0.0350	0.0090	0.0631
148	158	0.3947	6	0	0	0	1	0	0	0	0	N	N	N	N	N	N	N	N	N	N	N	N	4.3090	5.6605	0.3182	9.6498	13.0499	0.1709	0.2857	0.2429	0.8523	0.5651	0.6411	0.0545	2.1996	2.3334	0.0850	0.0085	0.0009	0.0505	0.1311	0.1133	0.1713	0.2279	0.1788	0.4973	0.0299	0.0039	0.0592	0.0126	0.6744	-0.0424	-0.0041	1.9990	11.6653	7.9526	19.4910	0.0989	0.0977	0.0012	0.0978	0.0976	0.0002	0.0011	0.0001	0.0010	0.0734	0.0439	0.0296	0.0653	0.0433	0.0220	0.0082	0.0006	0.0076	0.1751	0.1524	0.0227	0.0445	0.0418	0.0026	0.1306	0.1106	0.0200	0.5599	0.3872	0.1727	0.2863	0.2421	0.0442	0.2736	0.1451	0.1285	4.3090	5.6605	0.3182	9.6498	13.0499	0.1709	0.2857	0.2429	0.8523	0.1311	0.1133	0.1713	0.2279	0.1788	0.4973	0.0299	0.0039	0.0592
148	159	0.3474	5	0	0	0	1	0	0	0	0	N	N	N	N	N	N	N	N	N	N	N	N	0.0640	0.0102	4.0100	0.0245	0.0217	0.0934	0.5166	0.0001	19.3985	0.0514	0.0116	0.3474	0.0354	0.0358	0.0266	0.0583	0.0000	0.3902	0.8036	1.1286	0.0866	1.4453	1.6515	0.2852	0.1128	0.2001	0.0201	4.0476	0.0348	0.0025	-0.1918	1.9990	7.3933	7.9526	20.5306	0.0069	0.0014	0.0055	0.0014	0.0014	0.0000	0.0055	0.0000	0.0055	0.4515	0.4363	0.0152	0.4210	0.4084	0.0125	0.0305	0.0279	0.0026	0.1336	0.1177	0.0159	0.0398	0.0380	0.0019	0.0937	0.0797	0.0140	0.5618	0.3866	0.1752	0.2913	0.2473	0.0440	0.2705	0.1393	0.1313	0.0640	0.0102	4.0100	0.0245	0.0217	0.0934	0.5166	0.0001	19.3985	0.8036	1.1286	0.0866	1.4453	1.6515	0.2852	0.1128	0.2001	0.0201
148	160	0.1112	4	0	0	0	1	0	0	0	0	N	N	N	N	N	N	N	N	N	N	N	N	2.5954	0.0001	158.1535	0.0017	0.0016	0.0002	2.4206	0.0001	156.3079	3.1297	0.0002	21.1886	0.0003	0.0003	0.0000	3.3435	0.0002	21.8221	1.2059	2.0195	0.1340	0.1818	0.2068	0.0060	1.3812	2.5463	0.1396	17551.7862	0.0504	0.5542	-0.4192	1.9990	27.6416	7.9526	54.6365	0.9917	0.0001	0.9917	0.0000	0.0000	0.0000	0.9917	0.0001	0.9917	1.0214	0.9725	0.0490	0.0225	0.0224	0.0001	0.9989	0.9500	0.0489	0.3169	0.2701	0.0468	0.0203	0.0189	0.0014	0.2966	0.2512	0.0454	0.8471	0.4815	0.3655	0.1239	0.1084	0.0154	0.7232	0.3731	0.3501	2.5954	0.0001	158.1535	0.0017	0.0016	0.0002	2.4206	0.0001	156.3079	1.2059	2.0195	0.1340	0.1818	0.2068	0.0060	1.3812	2.5463	0.1396
148	161	0.0439	4	1	1	0	1	0	0	0	0	N	N	N	N	N	N	N	N	N	N	N	N	0.0000	0.0000	0.0000	0.0000	0.0000	0.0000	0.0000	0.0000	0.0000	0.0000	0.0000	0.0000	0.0000	0.0000	0.0000	0.0000	0.0000	0.0000	0.0001	0.0000	0.0005	0.0005	0.0008	0.0000	0.0000	0.0000	0.1126	0.0000	-0.0000	1.9990	0.0002	7.9526	3.0099	0.0000	0.0000	0.0000	0.0000	0.0000	0.0000	0.0000	0.0000	0.0000	0.0000	0.0000	0.0000	0.0000	0.0000	0.0000	0.0000	0.0000	0.0000	0.0000	0.0000	0.0000	0.0000	0.0000	0.0000	0.0000	0.0000	0.0000	0.0460	0.0250	0.0210	0.0032	0.0030	0.0002	0.0428	0.0220	0.0208	0.0000	0.0000	0.0000	0.0000	0.0000	0.0000	0.0000	0.0000	0.0000	0.0000	0.0001	0.0000	0.0005	0.0005	0.0008	0.0000	0.0000	0.0000		
148	162	0.0363	3	1	1	0	1	0	0	0	0	N	N	N	N	N	N	N	N	N	N	N	N	0.0000	0.0000	0.0000	0.0000	0.0000	0.0000	0.0000	0.0000	0.0000	0.0000	0.0000	0.0000	0.0000	0.0000	0.0000	0.0000	0.0000	0.0479	0.0893	0.0000	0.8169	0.8699	0.0000	0.0000	0.0000	0.0000	0.0000	0.0000	-0.0010	1.9990	0.9998	7.9526	2.0118	0.0000	0.0000	0.0000	0.0000	0.0000	0.0000	0.0000	0.0000	0.0000	0.0022	0.0022	0.0000	0.0022	0.0022	0.0000	0.0000	0.0000	0.0000	0.0136	0.0114	0.0022	0.0000	0.0000	0.0000	0.0136	0.0114	0.0022	0.0451	0.0242	0.0209	0.0026	0.0025	0.0002	0.0425	0.0217	0.0208	0.0000	0.0000	0.0000	0.0000	0.0000	0.0000	0.0000	0.0000	0.0000	0.0479	0.0893	0.0000	0.8169	0.8699	0.0000	0.0000	0.0000	0.0000		
148	163	0.0363	2	1	1	0	1	0	0	0	0	N	N	N	N	N	N	N	N	N	N	N	N	0.0000	0.0000	0.0000	0.0000	0.0000	0.0000	0.0000	0.0000	0.0000	0.0000	0.0000	0.0000	0.0000	0.0000	0.0000	0.0009	0.0008	0.0013	0.0025	0.0019	0.1463	0.0000	0.0000	0.0000	0.4494	0.0000	-0.0000	1.9990	0.0000	7.9526	0.0003	0.0000	0.0000	0.0000	0.0000	0.0000	0.0000	0.0000	0.0000	0.0000	0.0000	0.0000	0.0000	0.0000	0.0000	0.0000	0.0000	0.0000	0.0000	0.0000	0.0000	0.0000	0.0000	0.0000	0.0000	0.0000	0.0000	0.0000	0.0000	0.0000	0.0000	0.0000	0.0000	0.0000	0.0000	0.0000	0.0000	0.0000	0.0000	0.0000	0.0000	0.0000	0.0000	0.0000	0.0000	0.0000	0.0009	0.0008	0.0013	0.0025	0.0019	0.1463	0.0000	0.0000	0.0000				
149	150	0.0890	2	1	2	0	0	0	0	0	0	N	Y	N	N	N	N	N	N	N	N	N	N	1.6490	1.4458	0.5880	1.1953	1.2002	0.0035	0.5398	0.0099	0.7018	0.3266	0.4574	0.0083	0.8422	0.8854	0.0002	0.0039	0.0000	0.0089	0.1980	0.3164	0.0141	0.7046	0.7377	0.0567	0.0073	0.0015	0.0126	0.0075	0.0287	-0.0613	-0.0863	5.3497	3.6794	17.2225	17.4287	0.1415	0.1404	0.0010	0.1404	0.1404	0.0000	0.0010	0.0000	0.0010	0.2005	0.1949	0.0056	0.1952	0.1944	0.0008	0.0054	0.0005	0.0048	0.4332	0.3069	0.1262	0.1667	0.1586	0.0081	0.2664	0.1484	0.1181	1.0126	0.6161	0.3965	0.2770	0.2635	0.0135	0.7356	0.3525	0.3830	1.6490	1.4458	0.5880	1.1953	1.2002	0.0035	0.5398	0.0099	0.7018	0.1980	0.3164	0.0141	0.7046	0.7377	0.0567	0.0073	0.0015	0.0126
149	152	0.5936	11	2	2	0	0	0	0	0	0	Y	Y	N	N	N	N	N	N	N	N	N	N	0.0000	0.0000	0.0000	0.0000	0.0000	0.0000	0.0000	0.0000	0.0000	0.0000	0.0000	0.0000	0.0000	0.0000	0.0000	0.0000	0.0000	0.0011	0.0015	0.0001	0.0020	0.0024	0.0000	0.0000	0.0000	0.0001	0.0199	0.0000	-0.0001	5.3497	1.0143	17.2225	12.0086	0.0000	0.0000	0.0000	0.0000	0.0000	0.0000	0.0000	0.0000	0.0000	0.0003	0.0003	0.0000	0.0003	0.0003	0.0000	0.0000	0.0000	0.0000	0.0425	0.0367	0.0058	0.0135	0.0127	0.0008	0.0290	0.0240	0.0050	0.3002	0.2038	0.0964	0.1550	0.1292	0.0258	0.1451	0.0745	0.0706	0.0000	0.0000	0.0000	0.0000	0.0000	0.0000	0.0000	0.0000	0.0000	0.0011	0.0015	0.0001	0.0020	0.0024	0.0000	0.0000	0.0000	0.0001		
149	153	0.5913	10	2	2	0	0	0	0	0	0	Y	Y	N	N	N	N	N	N	N	N	N	N	0.0000	0.0000	0.0000	0.0000	0.0000	0.0000	0.0000	0.0000	0.0000	0.0000	0.0000	0.0000	0.0000	0.0000	0.0000	0.0000	0.0000	0.0003	0.0004	0.0000	0.0005	0.0006	0.0000	0.0000	0.0000	0.0000	0.0219	0.0000	-0.0000	5.3497	0.9811	17.2225	0.0216	0.0000	0.0000	0.0000	0.0000	0.0000	0.0000	0.0000	0.0000	0.0000	0.0000	0.0000	0.0000	0.0000	0.0000	0.0000	0.0000	0.0000	0.0000	0.0407	0.0351	0.0056	0.0128	0.0120	0.0008	0.0280	0.0231	0.0048	0.0245	0.0167	0.0078	0.0128	0.0107	0.0021	0.0117	0.0060	0.0057	0.0000	0.0000	0.0000	0.0000	0.0000	0.0000	0.0000	0.0000	0.0000	0.0003	0.0004	0.0000	0.0005	0.0006	0.0000	0.0000	0.0000	0.0000		
149	154	0.5868	9	2	2	0	0	0	0	0	0	Y	Y	N	N	N	N	N	N	N	N	N	N	0.0000	0.0000	0.0000	0.0000	0.0000	0.0000	0.0000	0.0000	0.0000	0.0000	0.0000	0.0000	0.0000	0.0000	0.0000	0.0000	0.0000	0.0000	0.0002	0.0002	0.0000	0.0003	0.0004	0.0001	0.0000	0.0000	0.0000	0.0414	0.0000	-0.0000	5.3497	0.0083	17.2225	2.0001	0.0000	0.0000	0.0000	0.0000	0.0000	0.0000	0.0000	0.0000	0.0000	0.0000	0.0000	0.0000	0.0000	0.0000	0.0000	0.0000	0.0000	0.0000	0.0004	0.0003	0.0001	0.0001	0.0001	0.0000	0.0002	0.0002	0.0000	0.0501	0.0341	0.0160	0.0261	0.0219	0.0042	0.0240	0.0122	0.0118	0.0000	0.0000	0.0000	0.0000	0.0000	0.0000	0.0000	0.0000	0.0000	0.0002	0.0002	0.0000	0.0003	0.0004	0.0001	0.0000	0.0000	0.0000	
149	155	0.5631	8	1	2	0	0	0	0	0	0	N	Y	N	N	N	N	N	N	N	N	N	N	0.0000	0.0000	0.0000	0.0000	0.0000	0.0000	0.0000	0.0000	0.0000	0.0000	0.0000	0.0000	0.0000	0.0000	0.0000	0.0000	0.0000	0.0000	0.0008	0.0002	0.0021	0.0014	0.0003	0.0085	0.0001	0.0001	0.0001	4.6666	0.0000	0.0001	5.3497	2.9180	17.2225	7.4065	0.0000	0.0000	0.0000	0.0000	0.0000	0.0000	0.0000	0.0000	0.0000	0.0002	0.0000	0.0002	0.0002	0.0000	0.0002	0.0000	0.0000	0.0000	0.1239	0.1066	0.0174	0.0408	0.0378	0.0030	0.0831	0.0688	0.0144	0.2971	0.2049	0.0921	0.1497	0.1286	0.0211	0.1473	0.0763	0.0710	0.0000	0.0000	0.0000	0.0000	0.0000	0.0000	0.0000	0.0000	0.0000	0.0008	0.0002	0.0021	0.0014	0.0003	0.0085	0.0001	0.0001	0.0001	
149	156	0.4973	7	1	1	0	0	0	0	0	0	N	N	N	N	N	N	N	N	N	N	N	N	0.0503	0.0585	0.0062	0.0811	0.0972	0.0019	0.0079	0.0215	0.0141	0.0017	0.0019	0.0002	0.0045	0.0047	0.0002	0.0001	0.0000	0.0002	0.0337	0.0324	0.0368	0.0555	0.0485	0.1003	0.0089	0.0018	0.0165	0.0164	0.4755	-0.0003	-0.0043	5.3497	8.2479	17.2225	19.7214	0.0008	0.0008	0.0000	0.0008	0.0008	0.0000	0.0000	0.0000	0.0000	0.0318	0.0215	0.0102	0.0279	0.0211	0.0068	0.0039	0.0004	0.0035	0.4850	0.4266	0.0583	0.1777	0.1692	0.0085	0.3072	0.2574	0.0498	0.9426	0.6644	0.2782	0.5025	0.4351	0.0674	0.4401	0.2293	0.2108	0.0503	0.0585	0.0062	0.0811	0.0972	0.0019	0.0079	0.0215	0.0141	0.0337	0.0324	0.0368	0.0555	0.0485	0.1003	0.0089	0.0018	0.0165
149	157	0.4612	6	1	1	0	0	0	0	0	0	N	N	N	N	N	N	N	N	N	N	N	N	0.0937	0.0986	0.0897	0.1616	0.1640	0.0839	0.0650	0.1272	0.0892	0.0102	0.0100	0.0113	0.0215	0.0222	0.0099	0.0050	0.0037	0.0116	0.1085	0.1012	0.1263	0.1328	0.1353	0.1180	0.0771	0.0290	0.1295	0.1750	0.5076	-0.0011	-0.0124	5.3497	7.4725	17.2225	14.3153	0.0037	0.0031	0.0005	0.0024	0.0024	0.0001	0.0012	0.0008	0.0005	0.1019	0.0676	0.0343	0.0704	0.0614	0.0089	0.0316	0.0062	0.0254	0.3601	0.3120	0.0481	0.1128	0.1062	0.0066	0.2473	0.2058	0.0415	0.9398	0.6681	0.2717	0.5299	0.4540	0.0758	0.4099	0.2140	0.1959	0.0937	0.0986	0.0897	0.1616	0.1640	0.0839	0.0650	0.1272	0.0892	0.1085	0.1012	0.1263	0.1328	0.1353	0.1180	0.0771	0.0290	0.1295
149	158	0.3957	5	1	1	0	0	0	0	0	0	N	N	N	N	N	N	N	N	N	N	N	N	0.6156	5.0894	0.0056	11.5547	12.0103	0.0000	0.0023	0.0299	0.0048	0.7646	0.8765	0.0212	2.8116	2.9398	0.0000	0.0051	0.0016	0.0233	1.2420	0.1722	3.7961	0.2433	0.2448	0.2341	2.2695	0.0531	4.8838	0.0036	9.2316	-0.1790	0.7226	5.3497	11.6653	17.2225	19.4910	0.4091	0.4076	0.0015	0.4071	0.4071	0.0000	0.0020	0.0005	0.0015	1.6279	0.1591	1.4688	0.1617	0.1405	0.0212	1.4661	0.0186	1.4476	0.5350	0.4650	0.0700	0.1448	0.1385	0.0063	0.3903	0.3265	0.0637	1.3107	0.9238	0.3869	0.6647	0.5742	0.0905	0.6460	0.3496	0.2964	0.6156	5.0894	0.0056	11.5547	12.0103	0.0000	0.0023	0.0299	0.0048	1.2420	0.1722	3.7961	0.2433	0.2448	0.2341	2.2695	0.0531	4.8838
149	159	0.3484	4	1	1	0	0	0	0	0	0	N	N	N	N	N	N	N	N	N	N	N	N	1.5030	12.7326	0.0014	17.1885	18.9776	0.0530	0.5615	9.7014	0.0010	1.2503	1.4227	0.0036	2.0885	2.1687	0.0089	0.8774	1.0426	0.0031	0.8319	0.1117	2.5214	0.1215	0.1143	0.1683	1.5626	0.1075	3.2123	0.0004	9.6185	-0.2207	0.4811	5.3497	7.3933	17.2225	20.5306	0.5007	0.5005	0.0002	0.2575	0.2575	0.0000	0.2431	0.2430	0.0001	1.0753	0.1013	0.9740	0.0796	0.0649	0.0148	0.9956	0.0364	0.9593	0.4004	0.3518	0.0486	0.1233	0.1187	0.0046	0.2771	0.2331	0.0441	1.2926	0.9063	0.3863	0.6555	0.5678	0.0877	0.6372	0.3385	0.2986	1.5030	12.7326	0.0014	17.1885	18.9776	0.0530	0.5615	9.7014	0.0010	0.8319	0.1117	2.5214	0.1215	0.1143	0.1683	1.5626	0.1075	3.2123
149	160	0.1122	3	1	1	0	0	0	0	0	0	N	N	N	N	N	N	N	N	N	N	N	N	0.4751	1.6981	0.0002	0.0123	0.0122	0.0008	0.4520	1.4896	0.0002	1.4327	1.6794	0.0012	0.0003	0.0003	0.0000	1.5977	1.9058	0.0012	3.0156	0.9890	5.9669	0.0235	0.0240	0.0171	3.5345	1.2794	6.1264	0.0001	4.1430	-0.6198	2.1255	5.3497	27.6416	17.2225	54.6365	1.4056	1.4054	0.0002	0.0000	0.0000	0.0000	1.4056	1.4054	0.0002	6.1219	1.1903	4.9316	0.0070	0.0067	0.0004	6.1148	1.1836	4.9312	0.9811	0.8369	0.1443	0.1013	0.0994	0.0019	0.8798	0.7374	0.1423	2.0301	1.2036	0.8265	0.3000	0.2784	0.0216	1.7301	0.9251	0.8049	0.4751	1.6981	0.0002	0.0123	0.0122	0.0008	0.4520	1.4896	0.0002	3.0156	0.9890	5.9669	0.0235	0.0240	0.0171	3.5345	1.2794	6.1264
149	161	0.1087	5	2	2	0	0	0	0	0	0	Y	Y	N	N	N	N	N	N	N	N	N	N	0.0000	0.0000	0.0000	0.0000	0.0000	0.0000	0.0000	0.0000	0.0000	0.0000	0.0000	0.0000	0.0000	0.0000	0.0000	0.0000	0.0000	14.7903	0.0000	50.0708	0.0089	0.0000	0.1068	11.1223	0.0000	46.8304	20061172.8815	0.0000	0.5400	5.3497	0.0002	17.2225	3.0099	0.0000	0.0000	0.0000	0.0000	0.0000	0.0000	0.0000	0.0000	0.0000	0.9970	0.0000	0.9970	0.0001	0.0000	0.0001	0.9969	0.0000	0.9969	0.0000	0.0000	0.0000	0.0000	0.0000	0.0000	0.0000	0.0000	0.0000	0.1020	0.0588	0.0431	0.0123	0.0113	0.0010	0.0896	0.0475	0.0421	0.0000	0.0000	0.0000	0.0000	0.0000	0.0000	0.0000	0.0000	0.0000	9.7773	0.0000	23.1087	0.0089	0.0000	0.1068	11.1223	0.0000	23.6713		
149	162	0.1011	4	2	2	0	0	0	0	0	0	Y	Y	N	N	N	N	N	N	N	N	N	N	0.0000	0.0000	0.0000	0.0000	0.0000	0.0000	0.0000	0.0000	0.0000	0.0000	0.0000	0.0000	0.0000	0.0000	0.0000	0.0000	0.0000	0.0000	0.0302	0.0025	0.0670	0.0000	0.0000	0.0001	0.0340	0.0030	0.0686	20.5648	0.0000	0.0015	5.3497	0.9998	17.2225	2.0118	0.0000	0.0000	0.0000	0.0000	0.0000	0.0000	0.0000	0.0000	0.0000	0.0030	0.0001	0.0029	0.0000	0.0000	0.0000	0.0030	0.0001	0.0029	0.0417	0.0353	0.0063	0.0040	0.0039	0.0001	0.0377	0.0314	0.0063	0.1001	0.0571	0.0430	0.0112	0.0102	0.0010	0.0889	0.0469	0.0420	0.0000	0.0000	0.0000	0.0000	0.0000	0.0000	0.0000	0.0000	0.0000	0.0302	0.0025	0.0670	0.0000	0.0000	0.0001	0.0340	0.0030	0.0686	
149	163	0.1011	3	2	2	0	0	0	0	0	0	Y	Y	N	N	N	N	N	N	N	N	N	N	0.0000	0.0000	0.0000	0.0000	0.0000	0.0000	0.0000	0.0000	0.0000	0.0000	0.0000	0.0000	0.0000	0.0000	0.0000	0.0002	0.0002	0.0003	0.0006	0.0004	0.0177	0.0000	0.0000	0.0000	0.4545	0.0000	-0.0000	5.3497	0.0000	17.2225	0.0003	0.0000	0.0000	0.0000	0.0000	0.0000	0.0000	0.0000	0.0000	0.0000	0.0000	0.0000	0.0000	0.0000	0.0000	0.0000	0.0000	0.0000	0.0000	0.0000	0.0000	0.0000	0.0000	0.0000	0.0000	0.0000	0.0000	0.0000	0.0000	0.0000	0.0000	0.0000	0.0000	0.0000	0.0000	0.0000	0.0000	0.0000	0.0000	0.0000	0.0000	0.0000	0.0000	0.0000	0.0000	0.0000	0.0002	0.0002	0.0003	0.0006	0.0004	0.0177	0.0000	0.0000	0.0000				
149	164	0.0901	2	1	2	0	0	0	0	0	0	N	Y	N	N	N	N	N	N	N	N	N	N	11.4243	2.8278	54.0997	1.5144	1.3407	429.7650	59.8491	0.0000	52.3041	0.2618	0.0874	0.6208	0.1470	0.1403	1.3863	0.3456	0.0000	0.6155	0.0229	0.0309	0.0115	0.0970	0.1046	0.0032	0.0058	0.0000	0.0118	3.4491	0.2595	0.0001	-0.0010	5.3497	0.0063	17.2225	4.3641	0.0003	0.0001	0.0003	0.0001	0.0001	0.0000	0.0003	0.0000	0.0003	0.0041	0.0032	0.0008	0.0032	0.0032	0.0000	0.0008	0.0000	0.0008	0.0013	0.0009	0.0004	0.0006	0.0006	0.0000	0.0008	0.0003	0.0004	0.1773	0.1043	0.0730	0.0333	0.0308	0.0025	0.1440	0.0735	0.0705	11.4243	2.8278	54.0997	1.5144	1.3407	429.7650	59.8491	0.0000	52.3041	0.0229	0.0309	0.0115	0.0970	0.1046	0.0032	0.0058	0.0000	0.0118
150	152	0.6212	12	1	2	0	0	0	0	0	0	N	Y	N	N	N	N	N	N	N	N	N	N	0.0023	0.0018	0.0000	0.0047	0.0042	0.0000	0.0000	0.0000	0.0000	0.0000	0.0000	0.0000	0.0001	0.0001	0.0000	0.0000	0.0000	0.0000	0.0093	0.0131	0.0005	0.0117	0.0136	0.0014	0.0064	0.0122	0.0001	0.0000	0.0149	-0.0000	-0.0016	3.6794	1.0143	17.4287	12.0086	0.0000	0.0000	0.0000	0.0000	0.0000	0.0000	0.0000	0.0000	0.0000	0.0035	0.0035	0.0001	0.0024	0.0024	0.0000	0.0011	0.0011	0.0000	0.0390	0.0343	0.0048	0.0151	0.0144	0.0007	0.0239	0.0199	0.0040	0.3806	0.2659	0.1146	0.2097	0.1764	0.0334	0.1708	0.0895	0.0813	0.0023	0.0018	0.0000	0.0047	0.0042	0.0000	0.0000	0.0000	0.0000	0.0093	0.0131	0.0005	0.0117	0.0136	0.0014	0.0064	0.0122	0.0001
150	153	0.6189	11	1	2	0	0	0	0	0	0	N	Y	N	N	N	N	N	N	N	N	N	N	3.1197	2.5841	0.1308	4.6943	4.2251	0.4801	0.0081	0.0000	0.0409	0.0016	0.0018	0.0000	0.0041	0.0043	0.0000	0.0000	0.0000	0.0000	0.0005	0.0007	0.0001	0.0009	0.0010	0.0001	0.0000	0.0000	0.0001	0.0007	0.0397	-0.0000	-0.0000	3.6794	0.9811	17.4287	0.0216	0.0001	0.0001	0.0000	0.0001	0.0001	0.0000	0.0000	0.0000	0.0000	0.0000	0.0000	0.0000	0.0000	0.0000	0.0000	0.0000	0.0000	0.0000	0.0375	0.0329	0.0046	0.0144	0.0137	0.0007	0.0231	0.0192	0.0039	0.0310	0.0217	0.0093	0.0172	0.0145	0.0027	0.0138	0.0072	0.0066	3.1197	2.5841	0.1308	4.6943	4.2251	0.4801	0.0081	0.0000	0.0409	0.0005	0.0007	0.0001	0.0009	0.0010	0.0001	0.0000	0.0000	0.0001
150	154	0.6144	10	1	2	0	0	0	0	0	0	N	Y	N	N	N	N	N	N	N	N	N	N	30.3149	69.9716	1.7391	43.5401	103.6307	0.4399	3.0643	0.0000	8.7166	0.0013	0.0015	0.0002	0.0030	0.0032	0.0001	0.0000	0.0000	0.0002	0.0000	0.0000	0.0001	0.0001	0.0000	0.0003	0.0000	0.0000	0.0000	0.0161	1.9287	-0.0000	0.0000	3.6794	0.0083	17.4287	2.0001	0.0000	0.0000	0.0000	0.0000	0.0000	0.0000	0.0000	0.0000	0.0000	0.0000	0.0000	0.0000	0.0000	0.0000	0.0000	0.0000	0.0000	0.0000	0.0003	0.0003	0.0000	0.0001	0.0001	0.0000	0.0002	0.0002	0.0000	0.0628	0.0440	0.0189	0.0348	0.0294	0.0054	0.0280	0.0146	0.0134	30.3149	69.9716	1.7391	43.5401	103.6307	0.4399	3.0643	0.0000	8.7166	0.0000	0.0000	0.0001	0.0001	0.0000	0.0003	0.0000	0.0000	0.0000
150	155	0.5907	9	0	2	0	0	0	0	0	0	N	Y	N	N	N	N	N	N	N	N	N	N	0.0217	0.0194	0.0012	0.0296	0.0298	0.0000	0.0165	0.0000	0.0489	0.0000	0.0000	0.0000	0.0000	0.0000	0.0000	0.0000	0.0000	0.0000	0.0008	0.0011	0.0003	0.0016	0.0017	0.0011	0.0000	0.0000	0.0000	0.0023	0.1082	-0.0000	-0.0001	3.6794	2.9180	17.4287	7.4065	0.0000	0.0000	0.0000	0.0000	0.0000	0.0000	0.0000	0.0000	0.0000	0.0003	0.0003	0.0000	0.0003	0.0003	0.0000	0.0000	0.0000	0.0000	0.1130	0.0989	0.0141	0.0446	0.0420	0.0026	0.0684	0.0569	0.0115	0.3540	0.2502	0.1037	0.1900	0.1629	0.0271	0.1639	0.0873	0.0766	0.0217	0.0194	0.0012	0.0296	0.0298	0.0000	0.0165	0.0000	0.0489	0.0008	0.0011	0.0003	0.0016	0.0017	0.0011	0.0000	0.0000	0.0000
150	156	0.5249	8	0	1	0	0	0	0	0	0	N	N	N	N	N	N	N	N	N	N	N	N	39.0594	0.1224	124.3706	2.5003	0.1376	8.6706	76.9734	0.2581	208.3943	1.5720	0.0023	11.4363	0.1054	0.0037	1.1807	2.9232	0.0009	15.8688	0.0402	0.0188	0.0920	0.0421	0.0266	0.1362	0.0380	0.0035	0.0761	790.5060	2.0255	0.4354	0.0090	3.6794	8.2479	17.4287	19.7214	0.7807	0.0010	0.7798	0.0251	0.0008	0.0243	0.7557	0.0002	0.7555	0.0428	0.0142	0.0287	0.0245	0.0133	0.0112	0.0184	0.0009	0.0175	0.4967	0.4285	0.0682	0.2382	0.2176	0.0206	0.2585	0.2109	0.0476	1.0647	0.7527	0.3120	0.5806	0.4985	0.0821	0.4841	0.2542	0.2298	39.0594	0.1224	124.3706	2.5003	0.1376	8.6706	76.9734	0.2581	208.3943	0.0402	0.0188	0.0920	0.0421	0.0266	0.1362	0.0380	0.0035	0.0761
150	157	0.4888	7	0	1	0	0	0	0	0	0	N	N	N	N	N	N	N	N	N	N	N	N	1.8451	9.9955	1.7627	7.0825	25.9414	1.0288	0.8057	0.1373	1.7029	1.2453	0.7406	3.7296	1.5571	1.5941	1.1181	1.0246	0.0139	4.3466	0.6749	0.0741	2.1159	0.2198	0.0615	1.0868	1.2716	0.1009	2.5524	1.0231	11.9070	0.0298	0.3386	3.6794	7.4725	17.4287	14.3153	0.4619	0.2283	0.2336	0.2394	0.2260	0.0134	0.2225	0.0023	0.2202	0.7295	0.0565	0.6730	0.1348	0.0319	0.1030	0.5947	0.0247	0.5700	0.3709	0.3083	0.0626	0.1537	0.1418	0.0120	0.2172	0.1665	0.0507	1.0809	0.7628	0.3181	0.6132	0.5185	0.0947	0.4677	0.2443	0.2233	1.8451	9.9955	1.7627	7.0825	25.9414	1.0288	0.8057	0.1373	1.7029	0.6749	0.0741	2.1159	0.2198	0.0615	1.0868	1.2716	0.1009	2.5524
150	158	0.4233	6	0	1	0	0	0	0	0	0	N	N	N	N	N	N	N	N	N	N	N	N	1.8567	0.2222	4.6159	0.1316	0.0415	0.6343	1.7478	0.4121	4.6039	1.8278	0.0374	13.9654	0.0630	0.0077	1.3610	2.7761	0.0559	15.5410	0.9844	0.1682	3.0255	0.4787	0.1859	2.1457	1.5884	0.1358	3.3756	55.1065	7.1923	0.4657	0.6037	3.6794	11.6653	17.4287	19.4910	0.8608	0.0153	0.8454	0.0104	0.0012	0.0092	0.8504	0.0141	0.8363	1.4390	0.1757	1.2633	0.3808	0.1258	0.2550	1.0582	0.0499	1.0083	0.4709	0.4104	0.0605	0.1646	0.1579	0.0067	0.3063	0.2525	0.0538	1.4617	1.0442	0.4176	0.7955	0.6767	0.1189	0.6662	0.3675	0.2987	1.8567	0.2222	4.6159	0.1316	0.0415	0.6343	1.7478	0.4121	4.6039	0.9844	0.1682	3.0255	0.4787	0.1859	2.1457	1.5884	0.1358	3.3756
150	159	0.3760	5	0	1	0	0	0	0	0	0	N	N	N	N	N	N	N	N	N	N	N	N	0.0344	0.0096	0.1532	0.0106	0.0133	0.0161	0.1242	0.0112	0.5593	0.0305	0.0067	0.2090	0.0140	0.0123	0.0605	0.0403	0.0028	0.2287	0.8867	0.6976	1.3645	1.3306	0.9200	3.7498	0.3241	0.2523	0.4088	4.1750	0.7739	0.0038	-0.0294	3.6794	7.3933	17.4287	20.5306	0.0104	0.0020	0.0084	0.0018	0.0015	0.0003	0.0086	0.0005	0.0081	1.3326	0.7512	0.5814	1.1177	0.6607	0.4570	0.2148	0.0905	0.1244	0.3409	0.3008	0.0401	0.1273	0.1226	0.0047	0.2137	0.1782	0.0354	1.5028	1.0768	0.4261	0.8400	0.7181	0.1219	0.6628	0.3586	0.3042	0.0344	0.0096	0.1532	0.0106	0.0133	0.0161	0.1242	0.0112	0.5593	0.8867	0.6976	1.3645	1.3306	0.9200	3.7498	0.3241	0.2523	0.4088
150	160	0.1398	4	0	1	0	0	0	0	0	0	N	N	N	N	N	N	N	N	N	N	N	N	0.3929	0.0008	3.9514	0.0045	0.0017	0.4543	0.6580	0.0002	4.0340	0.7028	0.0016	5.4374	0.0138	0.0054	0.3113	0.9140	0.0003	5.7045	1.7886	2.0309	1.3761	3.0710	3.2822	0.6853	1.3891	1.3677	1.4141	492.2869	0.3978	0.3570	-0.6849	3.6794	27.6416	17.4287	54.6365	0.6411	0.0013	0.6398	0.0029	0.0011	0.0018	0.6382	0.0002	0.6380	3.9417	2.8198	1.1218	1.6078	1.5786	0.0292	2.3339	1.2412	1.0927	0.9122	0.7946	0.1177	0.2140	0.2081	0.0058	0.6983	0.5864	0.1118	2.2037	1.3885	0.8153	0.5235	0.4810	0.0426	1.6802	0.9075	0.7727	0.3929	0.0008	3.9514	0.0045	0.0017	0.4543	0.6580	0.0002	4.0340	1.7886	2.0309	1.3761	3.0710	3.2822	0.6853	1.3891	1.3677	1.4141
150	161	0.1363	6	1	2	0	0	0	0	0	0	N	Y	N	N	N	N	N	N	N	N	N	N	0.0000	0.0000	0.0000	0.0000	0.0000	0.0000	0.0000	0.0000	0.0000	0.0000	0.0000	0.0000	0.0000	0.0000	0.0000	0.0000	0.0000	0.0000	0.0089	0.0144	0.0005	0.0407	0.0444	0.0073	0.0000	0.0000	0.0001	0.0210	0.0000	-0.0004	3.6794	0.0002	17.4287	3.0099	0.0000	0.0000	0.0000	0.0000	0.0000	0.0000	0.0000	0.0000	0.0000	0.0009	0.0009	0.0000	0.0009	0.0009	0.0000	0.0000	0.0000	0.0000	0.0000	0.0000	0.0000	0.0000	0.0000	0.0000	0.0000	0.0000	0.0000	0.1019	0.0618	0.0401	0.0222	0.0200	0.0022	0.0797	0.0418	0.0379	0.0000	0.0000	0.0000	0.0000	0.0000	0.0000	0.0000	0.0000	0.0000	0.0089	0.0144	0.0005	0.0407	0.0444	0.0073	0.0000	0.0000	0.0001	
150	162	0.1287	5	1	2	0	0	0	0	0	0	N	Y	N	N	N	N	N	N	N	N	N	N	0.0000	0.0000	0.0000	0.0000	0.0000	0.0000	0.0000	0.0000	0.0000	0.0000	0.0000	0.0000	0.0000	0.0000	0.0000	0.0000	0.0000	0.0005	0.0008	0.0000	0.0025	0.0027	0.0004	0.0000	0.0000	0.0000	0.0177	0.0000	-0.0000	3.6794	0.9998	17.4287	2.0118	0.0000	0.0000	0.0000	0.0000	0.0000	0.0000	0.0000	0.0000	0.0000	0.0001	0.0001	0.0000	0.0001	0.0001	0.0000	0.0000	0.0000	0.0000	0.0383	0.0331	0.0052	0.0089	0.0086	0.0003	0.0294	0.0246	0.0048	0.1001	0.0601	0.0399	0.0211	0.0189	0.0021	0.0790	0.0412	0.0378	0.0000	0.0000	0.0000	0.0000	0.0000	0.0000	0.0000	0.0000	0.0000	0.0005	0.0008	0.0000	0.0025	0.0027	0.0004	0.0000	0.0000	0.0000		
150	163	0.1287	4	1	2	0	0	0	0	0	0	N	Y	N	N	N	N	N	N	N	N	N	N	0.0000	0.0000	0.0000	0.0000	0.0000	0.0000	0.0000	0.0000	0.0000	0.0000	0.0000	0.0000	0.0000	0.0000	0.0000	0.0000	0.0000	0.0440	0.0385	0.0643	0.1053	0.0785	0.6647	0.0025	0.0000	0.0077	0.4543	0.0000	-0.0000	3.6794	0.0000	17.4287	0.0003	0.0000	0.0000	0.0000	0.0000	0.0000	0.0000	0.0000	0.0000	0.0000	0.0000	0.0000	0.0000	0.0000	0.0000	0.0000	0.0000	0.0000	0.0000	0.0000	0.0000	0.0000	0.0000	0.0000	0.0000	0.0000	0.0000	0.0000	0.0000	0.0000	0.0000	0.0000	0.0000	0.0000	0.0000	0.0000	0.0000	0.0000	0.0000	0.0000	0.0000	0.0000	0.0000	0.0000	0.0000	0.0000	0.0440	0.0385	0.0643	0.1053	0.0785	0.6647	0.0025	0.0000	0.0077		
150	164	0.1177	3	0	2	0	0	0	0	0	0	N	Y	N	N	N	N	N	N	N	N	N	N	1.1766	1.1607	0.0659	0.8186	0.8029	0.0000	0.0804	1.7764	0.0707	0.2024	0.2969	0.0031	0.4332	0.4539	0.0000	0.0020	0.0004	0.0033	0.1720	0.2558	0.0467	0.5293	0.5653	0.0482	0.0251	0.0002	0.0466	0.0049	0.1220	-0.0001	-0.0119	3.6794	0.0063	17.4287	4.3641	0.0002	0.0002	0.0000	0.0002	0.0002	0.0000	0.0000	0.0000	0.0000	0.0340	0.0303	0.0037	0.0304	0.0303	0.0002	0.0035	0.0000	0.0035	0.0012	0.0008	0.0004	0.0005	0.0005	0.0000	0.0006	0.0003	0.0003	0.1975	0.1183	0.0791	0.0575	0.0535	0.0040	0.1400	0.0648	0.0751	1.1766	1.1607	0.0659	0.8186	0.8029	0.0000	0.0804	1.7764	0.0707	0.1720	0.2558	0.0467	0.5293	0.5653	0.0482	0.0251	0.0002	0.0466
150	165	0.0858	2	0	1	0	0	0	0	0	0	N	N	N	N	N	N	N	N	N	N	N	N	0.2841	3.5344	0.0029	3.0105	3.0620	0.0394	0.0031	0.0015	0.0030	0.4289	0.6495	0.0104	0.9643	1.0173	0.0017	0.0064	0.0001	0.0110	1.5098	0.1838	3.5864	0.3203	0.3322	0.0434	2.0697	0.0336	3.7106	0.0084	12.4630	-0.0624	0.5108	3.6794	2.5207	17.4287	10.0226	0.1441	0.1429	0.0012	0.1429	0.1429	0.0000	0.0012	0.0000	0.0012	1.0930	0.0812	1.0118	0.0742	0.0738	0.0004	1.0188	0.0074	1.0114	0.3360	0.2201	0.1159	0.1482	0.1405	0.0077	0.1878	0.0796	0.1082	0.7239	0.4418	0.2821	0.2317	0.2221	0.0096	0.4922	0.2197	0.2726	0.2841	3.5344	0.0029	3.0105	3.0620	0.0394	0.0031	0.0015	0.0030	1.5098	0.1838	3.5864	0.3203	0.3322	0.0434	2.0697	0.0336	3.7106
151	152	0.5662	11	1	2	0	0	0	0	0	0	N	Y	N	N	N	N	N	N	N	N	N	N	0.0014	0.0005	0.0047	0.0000	0.0000	0.0000	0.0018	0.0059	0.0041	0.0000	0.0000	0.0002	0.0000	0.0000	0.0000	0.0000	0.0000	0.0002	0.0191	0.0124	0.0340	0.0161	0.0182	0.0052	0.0226	0.0016	0.0452	4.1266	1.2393	0.0000	0.0004	3.4464	1.0143	10.1316	12.0086	0.0000	0.0000	0.0000	0.0000	0.0000	0.0000	0.0000	0.0000	0.0000	0.0039	0.0017	0.0021	0.0017	0.0016	0.0001	0.0021	0.0001	0.0020	0.0302	0.0261	0.0041	0.0102	0.0096	0.0005	0.0200	0.0164	0.0036	0.2014	0.1387	0.0627	0.1075	0.0900	0.0175	0.0939	0.0487	0.0452	0.0014	0.0005	0.0047	0.0000	0.0000	0.0000	0.0018	0.0059	0.0041	0.0191	0.0124	0.0340	0.0161	0.0182	0.0052	0.0226	0.0016	0.0452
151	153	0.5639	10	1	2	0	0	0	0	0	0	N	Y	N	N	N	N	N	N	N	N	N	N	1.5218	0.2986	8.9828	0.0049	0.0044	0.0000	1.5684	0.3111	7.4910	0.0020	0.0004	0.0123	0.0000	0.0000	0.0000	0.0030	0.0006	0.0142	0.0013	0.0013	0.0014	0.0008	0.0010	0.0000	0.0019	0.0020	0.0019	4.9804	0.4665	0.0000	-0.0000	3.4464	0.9811	10.1316	0.0216	0.0001	0.0000	0.0000	0.0000	0.0000	0.0000	0.0001	0.0000	0.0000	0.0000	0.0000	0.0000	0.0000	0.0000	0.0000	0.0000	0.0000	0.0000	0.0290	0.0250	0.0040	0.0096	0.0091	0.0005	0.0193	0.0159	0.0035	0.0165	0.0114	0.0051	0.0089	0.0075	0.0014	0.0076	0.0039	0.0037	1.5218	0.2986	8.9828	0.0049	0.0044	0.0000	1.5684	0.3111	7.4910	0.0013	0.0013	0.0014	0.0008	0.0010	0.0000	0.0019	0.0020	0.0019
151	154	0.5594	9	1	2	0	0	0	0	0	0	N	Y	N	N	N	N	N	N	N	N	N	N	12.2041	3.5078	44.4750	0.3440	0.6307	0.0000	42.8204	8.4516	204.5116	0.0016	0.0003	0.0096	0.0001	0.0001	0.0000	0.0026	0.0005	0.0121	0.0001	0.0001	0.0002	0.0002	0.0001	0.0006	0.0001	0.0001	0.0001	4.5460	0.9836	0.0000	0.0000	3.4464	0.0083	10.1316	2.0001	0.0000	0.0000	0.0000	0.0000	0.0000	0.0000	0.0000	0.0000	0.0000	0.0000	0.0000	0.0000	0.0000	0.0000	0.0000	0.0000	0.0000	0.0000	0.0003	0.0002	0.0000	0.0001	0.0001	0.0000	0.0002	0.0001	0.0000	0.0336	0.0232	0.0104	0.0181	0.0152	0.0028	0.0155	0.0080	0.0075	12.2041	3.5078	44.4750	0.3440	0.6307	0.0000	42.8204	8.4516	204.5116	0.0001	0.0001	0.0002	0.0002	0.0001	0.0006	0.0001	0.0001	0.0001
151	155	0.5357	8	0	2	0	0	0	0	0	0	N	Y	N	N	N	N	N	N	N	N	N	N	0.0132	0.0025	0.1915	0.0002	0.0002	0.0000	0.0128	0.0019	0.1777	0.0000	0.0000	0.0001	0.0000	0.0000	0.0000	0.0000	0.0000	0.0002	0.0018	0.0023	0.0007	0.0008	0.0010	0.0001	0.0028	0.0046	0.0009	3.8587	0.1362	0.0000	-0.0001	3.4464	2.9180	10.1316	7.4065	0.0000	0.0000	0.0000	0.0000	0.0000	0.0000	0.0000	0.0000	0.0000	0.0004	0.0003	0.0000	0.0001	0.0001	0.0000	0.0003	0.0002	0.0000	0.0879	0.0756	0.0122	0.0305	0.0285	0.0020	0.0574	0.0471	0.0103	0.1981	0.1377	0.0605	0.1027	0.0884	0.0143	0.0955	0.0493	0.0462	0.0132	0.0025	0.1915	0.0002	0.0002	0.0000	0.0128	0.0019	0.1777	0.0018	0.0023	0.0007	0.0008	0.0010	0.0001	0.0028	0.0046	0.0009
151	156	0.4699	7	0	1	0	0	0	0	0	0	N	N	N	N	N	N	N	N	N	N	N	N	11.4054	10.2596	8.0144	8.4613	7.7678	22.0500	36.2825	65.0529	4.9018	1.8329	2.0039	0.5894	2.1551	2.1454	2.3657	1.6380	1.9057	0.3063	0.1607	0.1953	0.0735	0.2547	0.2762	0.1073	0.0451	0.0293	0.0625	0.0405	0.1496	-0.2471	-0.0341	3.4464	8.2479	10.1316	19.7214	0.6143	0.5905	0.0239	0.2722	0.2590	0.0132	0.3421	0.3314	0.0107	0.1038	0.0903	0.0135	0.0907	0.0859	0.0049	0.0131	0.0044	0.0086	0.3352	0.2947	0.0405	0.1263	0.1207	0.0056	0.2089	0.1739	0.0350	0.6461	0.4624	0.1837	0.3563	0.3110	0.0453	0.2898	0.1515	0.1384	11.4054	10.2596	8.0144	8.4613	7.7678	22.0500	36.2825	65.0529	4.9018	0.1607	0.1953	0.0735	0.2547	0.2762	0.1073	0.0451	0.0293	0.0625
151	157	0.4337	6	0	1	0	0	0	0	0	0	N	N	N	N	N	N	N	N	N	N	N	N	4.4691	7.2114	2.0306	3.3004	3.2605	3.2413	3.8602	12.5276	1.7149	3.9237	3.9900	3.4937	1.9920	2.0080	1.7006	4.8729	5.1071	3.7575	0.8780	0.5533	1.7206	0.6036	0.6158	0.5247	1.2623	0.4077	2.1911	0.1349	1.1983	-0.3190	0.0495	3.4464	7.4725	10.1316	14.3153	0.9898	0.8721	0.1176	0.1655	0.1582	0.0073	0.8242	0.7139	0.1103	0.5708	0.2597	0.3112	0.2290	0.2022	0.0268	0.3419	0.0575	0.2844	0.2522	0.2186	0.0337	0.0831	0.0788	0.0043	0.1691	0.1398	0.0294	0.6502	0.4693	0.1809	0.3794	0.3283	0.0511	0.2708	0.1410	0.1298	4.4691	7.2114	2.0306	3.3004	3.2605	3.2413	3.8602	12.5276	1.7149	0.8780	0.5533	1.7206	0.6036	0.6158	0.5247	1.2623	0.4077	2.1911
151	158	0.3682	5	0	1	0	0	0	0	0	0	N	N	N	N	N	N	N	N	N	N	N	N	0.9678	0.4395	3.7700	0.0074	0.0058	0.1257	1.7402	4.7705	3.3243	1.3621	0.5512	6.7463	0.0126	0.0109	0.0560	1.9144	0.8072	7.3657	1.4074	1.2543	1.7895	1.6884	1.8773	0.4452	1.1001	0.1692	2.2157	1.8431	0.5719	0.1059	-0.1198	3.4464	11.6653	10.1316	19.4910	0.5113	0.1798	0.3314	0.0014	0.0011	0.0002	0.5099	0.1787	0.3312	1.2676	0.8064	0.4612	0.7943	0.7667	0.0276	0.4733	0.0397	0.4336	0.3754	0.3262	0.0491	0.1090	0.1048	0.0042	0.2663	0.2214	0.0450	0.9007	0.6429	0.2577	0.4705	0.4084	0.0620	0.4302	0.2345	0.1957	0.9678	0.4395	3.7700	0.0074	0.0058	0.1257	1.7402	4.7705	3.3243	1.4074	1.2543	1.7895	1.6884	1.8773	0.4452	1.1001	0.1692	2.2157
151	159	0.3210	4	0	1	0	0	0	0	0	0	N	N	N	N	N	N	N	N	N	N	N	N	0.1545	0.1321	0.3276	0.2401	0.2953	0.0667	0.1166	0.0296	0.5568	0.0573	0.0450	0.1460	0.1102	0.1118	0.0660	0.0321	0.0081	0.1538	0.3710	0.3406	0.4456	0.4591	0.3785	0.9901	0.2751	0.2742	0.2762	0.4516	0.5329	-0.0021	-0.0362	3.4464	7.3933	10.1316	20.5306	0.0160	0.0110	0.0050	0.0099	0.0097	0.0002	0.0060	0.0013	0.0048	0.3270	0.2133	0.1137	0.2109	0.1510	0.0599	0.1160	0.0623	0.0537	0.2785	0.2445	0.0340	0.0900	0.0870	0.0030	0.1884	0.1575	0.0310	0.8813	0.6262	0.2551	0.4595	0.3989	0.0605	0.4218	0.2273	0.1946	0.1545	0.1321	0.3276	0.2401	0.2953	0.0667	0.1166	0.0296	0.5568	0.3710	0.3406	0.4456	0.4591	0.3785	0.9901	0.2751	0.2742	0.2762
151	160	0.0848	3	0	1	0	0	0	0	0	0	N	N	N	N	N	N	N	N	N	N	N	N	0.1806	0.0073	1.0459	0.0006	0.0006	0.0104	0.2405	0.0127	1.0354	0.5355	0.0197	3.5543	0.0032	0.0031	0.0042	0.6187	0.0228	3.5992	2.9653	2.6916	3.3983	4.8737	4.9687	0.3984	2.5731	1.7985	3.4760	30.8019	0.7982	0.1958	-0.0601	3.4464	27.6416	10.1316	54.6365	0.3711	0.0117	0.3595	0.0003	0.0003	0.0000	0.3708	0.0114	0.3595	4.1469	2.3062	1.8407	1.2048	1.1994	0.0054	2.9421	1.1068	1.8353	0.6930	0.5919	0.1011	0.0936	0.0924	0.0013	0.5994	0.4995	0.0999	1.3985	0.8568	0.5417	0.2551	0.2414	0.0137	1.1434	0.6154	0.5280	0.1806	0.0073	1.0459	0.0007	0.0006	0.0104	0.2405	0.0127	1.0354	2.9653	2.6916	3.3983	4.7236	4.9687	0.3984	2.5731	1.7985	3.4760
151	161	0.0813	5	1	2	0	0	0	0	0	0	N	Y	N	N	N	N	N	N	N	N	N	N	0.0000	0.0000	0.0000	0.0000	0.0000	0.0000	0.0000	0.0000	0.0000	0.0000	0.0000	0.0000	0.0000	0.0000	0.0000	0.0000	0.0000	0.0000	0.0145	0.0222	0.0032	0.0119	0.0126	0.0001	0.0150	0.0252	0.0033	0.0972	0.0000	-0.0004	3.4464	0.0002	10.1316	3.0099	0.0000	0.0000	0.0000	0.0000	0.0000	0.0000	0.0000	0.0000	0.0000	0.0010	0.0009	0.0001	0.0001	0.0001	0.0000	0.0009	0.0008	0.0001	0.0000	0.0000	0.0000	0.0000	0.0000	0.0000	0.0000	0.0000	0.0000	0.0698	0.0417	0.0281	0.0108	0.0101	0.0006	0.0591	0.0316	0.0275	0.0000	0.0000	0.0000	0.0000	0.0000	0.0000	0.0000	0.0000	0.0000	0.0145	0.0222	0.0032	0.0119	0.0126	0.0001	0.0150	0.0252	0.0033	
151	162	0.0737	4	1	2	0	0	0	0	0	0	N	Y	N	N	N	N	N	N	N	N	N	N	0.0000	0.0000	0.0000	0.0000	0.0000	0.0000	0.0000	0.0000	0.0000	0.0000	0.0000	0.0000	0.0000	0.0000	0.0000	0.0000	0.0000	0.0000	0.0018	0.0022	0.0012	0.0001	0.0001	0.0000	0.0021	0.0028	0.0012	0.3655	0.0000	-0.0000	3.4464	0.9998	10.1316	2.0118	0.0000	0.0000	0.0000	0.0000	0.0000	0.0000	0.0000	0.0000	0.0000	0.0001	0.0001	0.0000	0.0000	0.0000	0.0000	0.0001	0.0001	0.0000	0.0293	0.0249	0.0044	0.0037	0.0037	0.0001	0.0256	0.0212	0.0044	0.0687	0.0407	0.0280	0.0101	0.0095	0.0006	0.0586	0.0312	0.0274	0.0000	0.0000	0.0000	0.0000	0.0000	0.0000	0.0000	0.0000	0.0000	0.0018	0.0022	0.0012	0.0001	0.0001	0.0000	0.0021	0.0028	0.0012	
151	163	0.0737	3	1	2	0	0	0	0	0	0	N	Y	N	N	N	N	N	N	N	N	N	N	0.0000	0.0000	0.0000	0.0000	0.0000	0.0000	0.0000	0.0000	0.0000	0.0000	0.0000	0.0000	0.0000	0.0000	0.0000	0.0000	0.0000	0.0000	0.0676	0.0794	0.0242	0.0589	0.0592	0.0276	0.0726	0.0964	0.0241	0.0828	0.0000	-0.0000	3.4464	0.0000	10.1316	0.0003	0.0000	0.0000	0.0000	0.0000	0.0000	0.0000	0.0000	0.0000	0.0000	0.0000	0.0000	0.0000	0.0000	0.0000	0.0000	0.0000	0.0000	0.0000	0.0000	0.0000	0.0000	0.0000	0.0000	0.0000	0.0000	0.0000	0.0000	0.0000	0.0000	0.0000	0.0000	0.0000	0.0000	0.0000	0.0000	0.0000	0.0000	0.0000	0.0000	0.0000	0.0000	0.0000	0.0000	0.0000	0.0000	0.0676	0.0794	0.0242	0.0589	0.0592	0.0276	0.0726	0.0964	0.0241	
151	164	0.0627	2	0	2	0	0	0	0	0	0	N	Y	N	N	N	N	N	N	N	N	N	N	2.3693	1.7801	10.8356	0.9109	0.8574	54.8849	14.6219	61.6271	10.5401	0.3416	0.4000	0.2383	0.5644	0.5651	0.4597	0.1663	0.0404	0.2368	0.1442	0.2247	0.0220	0.6197	0.6590	0.0084	0.0114	0.0007	0.0225	0.3369	0.0645	-0.0001	-0.0070	3.4464	0.0063	10.1316	4.3641	0.0004	0.0003	0.0001	0.0003	0.0003	0.0000	0.0001	0.0000	0.0001	0.0177	0.0166	0.0011	0.0166	0.0166	0.0000	0.0011	0.0000	0.0011	0.0011	0.0007	0.0004	0.0005	0.0005	0.0000	0.0006	0.0002	0.0004	0.1224	0.0738	0.0486	0.0267	0.0251	0.0016	0.0957	0.0487	0.0470	2.3693	1.7801	10.8356	0.9109	0.8574	54.8849	14.6219	61.6271	10.5401	0.1442	0.2247	0.0220	0.6197	0.6590	0.0084	0.0114	0.0007	0.0225
152	161	0.6158	15	2	2	0	0	0	0	0	0	Y	Y	N	N	N	N	N	N	N	N	N	N	0.0000	0.0000	0.0000	0.0000	0.0000	0.0000	0.0000	0.0000	0.0000	0.0000	0.0000	0.0000	0.0000	0.0000	0.0000	0.0000	0.0000	0.0000	0.0000	0.0000	1.0143	0.0002	12.0086	3.0099	0.0000	0.0000	0.0000	0.0000	0.0000	0.0000	0.0000	0.0000	0.0000	0.0000	0.0000	0.0000	0.0000	0.0000	0.0000	0.0000	0.0000	0.0000	0.0000	0.0000	0.0000	0.0000	0.0000	0.0000	0.0000	0.0000	0.0000	0.0379	0.0256	0.0123	0.0197	0.0163	0.0034	0.0182	0.0093	0.0089	0.0000	0.0000	0.0000	0.0000	0.0000	0.0000	0.0000	0.0000	0.0000	0.0000	0.0000	0.0000	0.0000	0.0000	0.0000	0.0000	0.0000	0.0000											
152	162	0.6082	14	2	2	0	0	0	0	0	0	Y	Y	N	N	N	N	N	N	N	N	N	N	0.0000	0.0000	0.0000	0.0000	0.0000	0.0000	0.0000	0.0000	0.0000	0.0000	0.0000	0.0000	0.0000	0.0000	0.0000	0.0000	0.0000	0.0000	0.0000	0.0000	1.0143	0.9998	12.0086	2.0118	0.0000	0.0000	0.0000	0.0000	0.0000	0.0000	0.0000	0.0000	0.0000	0.0000	0.0000	0.0000	0.0000	0.0000	0.0000	0.0000	0.0000	0.0000	0.0068	0.0058	0.0009	0.0021	0.0019	0.0002	0.0047	0.0039	0.0007	0.0368	0.0246	0.0122	0.0191	0.0157	0.0034	0.0177	0.0088	0.0088	0.0000	0.0000	0.0000	0.0000	0.0000	0.0000	0.0000	0.0000	0.0000	0.0000	0.0000	0.0000	0.0000	0.0000	0.0000	0.0000	0.0000	0.0000											
152	163	0.6082	13	2	2	0	0	0	0	0	0	Y	Y	N	N	N	N	N	N	N	N	N	N	0.0000	0.0000	0.0000	0.0000	0.0000	0.0000	0.0000	0.0000	0.0000	0.0000	0.0000	0.0000	0.0000	0.0000	0.0000	0.0000	0.0000	0.0000	0.0000	0.0000	1.0143	0.0000	12.0086	0.0003	0.0000	0.0000	0.0000	0.0000	0.0000	0.0000	0.0000	0.0000	0.0000	0.0000	0.0000	0.0000	0.0000	0.0000	0.0000	0.0000	0.0000	0.0000	0.0000	0.0000	0.0000	0.0000	0.0000	0.0000	0.0000	0.0000	0.0000	0.0000	0.0000	0.0000	0.0000	0.0000	0.0000	0.0000	0.0000	0.0000	0.0000	0.0000	0.0000	0.0000	0.0000	0.0000	0.0000	0.0000	0.0000	0.0000	0.0000	0.0000	0.0000	0.0000	0.0000	0.0000	0.0000	0.0000											
152	164	0.5973	12	1	2	0	0	0	0	0	0	N	Y	N	N	N	N	N	N	N	N	N	N	0.0000	0.0000	0.0000	0.0000	0.0000	0.0000	0.0000	0.0000	0.0000	0.0000	0.0000	0.0000	0.0000	0.0000	0.0000	0.0000	0.0000	0.0240	0.0010	0.0719	0.0015	0.0015	0.0018	0.0496	0.0000	0.0962	34.6573	0.0000	0.0008	1.0143	0.0063	12.0086	4.3641	0.0000	0.0000	0.0000	0.0000	0.0000	0.0000	0.0000	0.0000	0.0000	0.0016	0.0000	0.0016	0.0001	0.0000	0.0000	0.0015	0.0000	0.0015	0.0001	0.0001	0.0000	0.0001	0.0001	0.0000	0.0001	0.0000	0.0000	0.0667	0.0450	0.0217	0.0355	0.0299	0.0056	0.0312	0.0151	0.0161	0.0000	0.0000	0.0000	0.0000	0.0000	0.0000	0.0000	0.0000	0.0000	0.0240	0.0010	0.0719	0.0015	0.0015	0.0018	0.0496	0.0000	0.0962		
152	165	0.5653	11	1	1	0	0	0	0	0	0	N	N	N	N	N	N	N	N	N	N	N	N	0.0000	0.0000	0.0000	0.0000	0.0000	0.0000	0.0000	0.0000	0.0000	0.0000	0.0000	0.0000	0.0000	0.0000	0.0000	0.0000	0.0000	6.3079	0.0395	40.8404	0.0508	0.0606	0.0000	11.3633	0.0000	46.8091	193.0126	0.0000	0.5381	1.0143	2.5207	12.0086	10.0226	0.0000	0.0000	0.0000	0.0000	0.0000	0.0000	0.0000	0.0000	0.0000	1.0030	0.0052	0.9979	0.0052	0.0052	0.0000	0.9979	0.0000	0.9979	0.0241	0.0209	0.0033	0.0085	0.0081	0.0004	0.0156	0.0127	0.0029	0.1896	0.1309	0.0587	0.1018	0.0853	0.0165	0.0878	0.0456	0.0422	0.0000	0.0000	0.0000	0.0000	0.0000	0.0000	0.0000	0.0000	0.0000	5.2900	0.0395	16.9992	0.0508	0.0606	0.0000	11.3633	0.0000	23.6426		
152	166	0.5498	10	1	1	0	0	0	0	0	0	N	N	N	N	N	N	N	N	N	N	N	N	0.0000	0.0000	0.0000	0.0000	0.0000	0.0000	0.0000	0.0000	0.0000	0.0000	0.0000	0.0000	0.0000	0.0000	0.0000	0.0000	0.0000	0.0000	0.0158	0.0016	0.0477	0.0030	0.0019	0.0078	0.0341	0.0007	0.0678	13.6978	0.0000	0.0010	1.0143	2.6894	12.0086	4.6619	0.0000	0.0000	0.0000	0.0000	0.0000	0.0000	0.0000	0.0000	0.0000	0.0021	0.0001	0.0020	0.0002	0.0001	0.0001	0.0019	0.0000	0.0019	0.0284	0.0253	0.0031	0.0132	0.0126	0.0006	0.0152	0.0127	0.0025	0.1355	0.0936	0.0420	0.0795	0.0654	0.0141	0.0561	0.0282	0.0279	0.0000	0.0000	0.0000	0.0000	0.0000	0.0000	0.0000	0.0000	0.0000	0.0158	0.0016	0.0477	0.0030	0.0019	0.0078	0.0341	0.0007	0.0678	
152	167	0.5113	9	1	1	0	0	0	0	0	0	N	N	N	N	N	N	N	N	N	N	N	N	0.0000	0.0000	0.0000	0.0000	0.0000	0.0000	0.0000	0.0000	0.0000	0.0000	0.0000	0.0000	0.0000	0.0000	0.0000	0.0000	0.0106	0.0149	0.0021	0.0201	0.0237	0.0000	0.0014	0.0000	0.0027	0.0701	0.0000	-0.0007	1.0143	2.7966	12.0086	8.5340	0.0000	0.0000	0.0000	0.0000	0.0000	0.0000	0.0000	0.0000	0.0000	0.0018	0.0017	0.0001	0.0017	0.0017	0.0000	0.0001	0.0000	0.0001	0.0179	0.0154	0.0025	0.0045	0.0042	0.0004	0.0134	0.0112	0.0022	0.1726	0.1150	0.0576	0.0850	0.0721	0.0129	0.0877	0.0430	0.0447	0.0000	0.0000	0.0000	0.0000	0.0000	0.0000	0.0000	0.0000	0.0000	0.0106	0.0149	0.0021	0.0201	0.0237	0.0000	0.0014	0.0000	0.0027			
153	161	0.5859	14	2	2	0	0	0	0	0	0	Y	Y	N	N	N	N	N	N	N	N	N	N	0.0000	0.0000	0.0000	0.0000	0.0000	0.0000	0.0000	0.0000	0.0000	0.0000	0.0000	0.0000	0.0000	0.0000	0.0000	0.0000	0.0000	0.0000	0.0000	0.0000	0.9811	0.0002	0.0216	3.0099	0.0000	0.0000	0.0000	0.0000	0.0000	0.0000	0.0000	0.0000	0.0000	0.0000	0.0000	0.0000	0.0000	0.0000	0.0000	0.0000	0.0000	0.0000	0.0000	0.0000	0.0000	0.0000	0.0000	0.0000	0.0000	0.0000	0.0000	0.0031	0.0021	0.0010	0.0016	0.0013	0.0003	0.0015	0.0007	0.0007	0.0000	0.0000	0.0000	0.0000	0.0000	0.0000	0.0000	0.0000	0.0000	0.0000	0.0000	0.0000	0.0000	0.0000	0.0000	0.0000	0.0000	0.0000											
153	162	0.5783	13	2	2	0	0	0	0	0	0	Y	Y	N	N	N	N	N	N	N	N	N	N	0.0000	0.0000	0.0000	0.0000	0.0000	0.0000	0.0000	0.0000	0.0000	0.0000	0.0000	0.0000	0.0000	0.0000	0.0000	0.0000	0.0000	0.0000	0.0000	0.0000	0.9811	0.9998	0.0216	2.0118	0.0000	0.0000	0.0000	0.0000	0.0000	0.0000	0.0000	0.0000	0.0000	0.0000	0.0000	0.0000	0.0000	0.0000	0.0000	0.0000	0.0000	0.0000	0.0065	0.0056	0.0009	0.0019	0.0018	0.0002	0.0045	0.0038	0.0007	0.0030	0.0020	0.0010	0.0016	0.0013	0.0003	0.0014	0.0007	0.0007	0.0000	0.0000	0.0000	0.0000	0.0000	0.0000	0.0000	0.0000	0.0000	0.0000	0.0000	0.0000	0.0000	0.0000	0.0000	0.0000	0.0000	0.0000											
153	163	0.5783	12	2	2	0	0	0	0	0	0	Y	Y	N	N	N	N	N	N	N	N	N	N	0.0000	0.0000	0.0000	0.0000	0.0000	0.0000	0.0000	0.0000	0.0000	0.0000	0.0000	0.0000	0.0000	0.0000	0.0000	0.0000	0.0000	0.0000	0.0000	0.0000	0.9811	0.0000	0.0216	0.0003	0.0000	0.0000	0.0000	0.0000	0.0000	0.0000	0.0000	0.0000	0.0000	0.0000	0.0000	0.0000	0.0000	0.0000	0.0000	0.0000	0.0000	0.0000	0.0000	0.0000	0.0000	0.0000	0.0000	0.0000	0.0000	0.0000	0.0000	0.0000	0.0000	0.0000	0.0000	0.0000	0.0000	0.0000	0.0000	0.0000	0.0000	0.0000	0.0000	0.0000	0.0000	0.0000	0.0000	0.0000	0.0000	0.0000	0.0000	0.0000	0.0000	0.0000	0.0000	0.0000	0.0000	0.0000											
153	164	0.5673	11	1	2	0	0	0	0	0	0	N	Y	N	N	N	N	N	N	N	N	N	N	0.0000	0.0000	0.0000	0.0000	0.0000	0.0000	0.0000	0.0000	0.0000	0.0000	0.0000	0.0000	0.0000	0.0000	0.0000	0.0000	0.0000	0.0000	0.0011	0.0001	0.0033	0.0001	0.0001	0.0004	0.0023	0.0000	0.0043	25.4177	0.0000	0.0000	0.9811	0.0063	0.0216	4.3641	0.0000	0.0000	0.0000	0.0000	0.0000	0.0000	0.0000	0.0000	0.0000	0.0000	0.0000	0.0000	0.0000	0.0000	0.0000	0.0000	0.0000	0.0000	0.0001	0.0001	0.0000	0.0001	0.0001	0.0000	0.0001	0.0000	0.0000	0.0054	0.0037	0.0018	0.0029	0.0025	0.0005	0.0025	0.0012	0.0013	0.0000	0.0000	0.0000	0.0000	0.0000	0.0000	0.0000	0.0000	0.0000	0.0011	0.0001	0.0033	0.0001	0.0001	0.0004	0.0023	0.0000	0.0043	
153	165	0.5354	10	1	1	0	0	0	0	0	0	N	N	N	N	N	N	N	N	N	N	N	N	0.0000	0.0000	0.0000	0.0000	0.0000	0.0000	0.0000	0.0000	0.0000	0.0000	0.0000	0.0000	0.0000	0.0000	0.0000	0.0000	0.0000	0.0000	0.3613	0.0158	1.1383	0.0143	0.0169	0.0003	0.7723	0.0136	1.5830	32.0788	0.0000	0.0029	0.9811	2.5207	0.0216	10.0226	0.0000	0.0000	0.0000	0.0000	0.0000	0.0000	0.0000	0.0000	0.0000	0.0056	0.0002	0.0054	0.0001	0.0001	0.0000	0.0055	0.0001	0.0054	0.0232	0.0200	0.0032	0.0081	0.0077	0.0004	0.0151	0.0123	0.0028	0.0155	0.0107	0.0048	0.0084	0.0071	0.0013	0.0071	0.0037	0.0034	0.0000	0.0000	0.0000	0.0000	0.0000	0.0000	0.0000	0.0000	0.0000	0.3613	0.0158	1.1383	0.0143	0.0169	0.0003	0.7723	0.0136	1.5830	
153	166	0.5198	9	1	1	0	0	0	0	0	0	N	N	N	N	N	N	N	N	N	N	N	N	0.2351	0.8762	0.0000	1.6989	1.7174	0.0000	0.0096	0.0744	0.0000	0.0002	0.0002	0.0000	0.0004	0.0004	0.0000	0.0000	0.0000	0.0000	0.0007	0.0002	0.0019	0.0002	0.0002	0.0002	0.0015	0.0002	0.0027	0.0000	3.8027	-0.0000	0.0000	0.9811	2.6894	0.0216	4.6619	0.0000	0.0000	0.0000	0.0000	0.0000	0.0000	0.0000	0.0000	0.0000	0.0000	0.0000	0.0000	0.0000	0.0000	0.0000	0.0000	0.0000	0.0000	0.0273	0.0243	0.0030	0.0126	0.0121	0.0006	0.0146	0.0122	0.0024	0.0111	0.0077	0.0034	0.0066	0.0054	0.0012	0.0045	0.0023	0.0023	0.2351	0.8762	0.0000	1.6989	1.7174	0.0000	0.0096	0.0744	0.0000	0.0007	0.0002	0.0019	0.0002	0.0002	0.0002	0.0015	0.0002	0.0027
153	167	0.4813	8	1	1	0	0	0	0	0	0	N	N	N	N	N	N	N	N	N	N	N	N	0.0000	0.0000	0.0000	0.0000	0.0000	0.0000	0.0000	0.0000	0.0000	0.0000	0.0000	0.0000	0.0000	0.0000	0.0000	0.0000	0.0000	0.0001	0.0001	0.0002	0.0001	0.0001	0.0000	0.0001	0.0001	0.0002	0.6841	0.0000	-0.0000	0.9811	2.7966	0.0216	8.5340	0.0000	0.0000	0.0000	0.0000	0.0000	0.0000	0.0000	0.0000	0.0000	0.0000	0.0000	0.0000	0.0000	0.0000	0.0000	0.0000	0.0000	0.0000	0.0171	0.0147	0.0024	0.0042	0.0039	0.0003	0.0129	0.0108	0.0021	0.0141	0.0094	0.0047	0.0070	0.0060	0.0011	0.0071	0.0034	0.0036	0.0000	0.0000	0.0000	0.0000	0.0000	0.0000	0.0000	0.0000	0.0000	0.0001	0.0001	0.0002	0.0001	0.0001	0.0000	0.0001	0.0001	0.0002		
154	161	0.5836	13	2	2	0	0	0	0	0	0	Y	Y	N	N	N	N	N	N	N	N	N	N	0.0000	0.0000	0.0000	0.0000	0.0000	0.0000	0.0000	0.0000	0.0000	0.0000	0.0000	0.0000	0.0000	0.0000	0.0000	0.0000	0.0000	0.0000	0.0000	0.0000	0.0001	0.0000	0.0000	0.0000	inf	0.0000	0.0000	0.0083	0.0002	2.0001	3.0099	0.0000	0.0000	0.0000	0.0000	0.0000	0.0000	0.0000	0.0000	0.0000	0.0000	0.0000	0.0000	0.0000	0.0000	0.0000	0.0000	0.0000	0.0000	0.0000	0.0000	0.0000	0.0000	0.0000	0.0000	0.0000	0.0000	0.0000	0.0063	0.0043	0.0020	0.0033	0.0028	0.0006	0.0030	0.0015	0.0015	0.0000	0.0000	0.0000	0.0000	0.0000	0.0000	0.0000	0.0000	0.0000	0.0000	0.0000	0.0000	0.0000	0.0000	0.0001	0.0000	0.0000	0.0000				
154	162	0.5760	12	2	2	0	0	0	0	0	0	Y	Y	N	N	N	N	N	N	N	N	N	N	0.0000	0.0000	0.0000	0.0000	0.0000	0.0000	0.0000	0.0000	0.0000	0.0000	0.0000	0.0000	0.0000	0.0000	0.0000	0.0000	0.0000	0.0000	0.0000	0.0000	0.0000	0.0000	0.0000	0.0000	0.0495	0.0000	-0.0000	0.0083	0.9998	2.0001	2.0118	0.0000	0.0000	0.0000	0.0000	0.0000	0.0000	0.0000	0.0000	0.0000	0.0000	0.0000	0.0000	0.0000	0.0000	0.0000	0.0000	0.0000	0.0000	0.0001	0.0001	0.0000	0.0000	0.0000	0.0000	0.0000	0.0000	0.0000	0.0062	0.0041	0.0020	0.0032	0.0027	0.0006	0.0029	0.0015	0.0015	0.0000	0.0000	0.0000	0.0000	0.0000	0.0000	0.0000	0.0000	0.0000	0.0000	0.0000	0.0000	0.0000	0.0000	0.0000	0.0000	0.0000	0.0000				
154	163	0.5760	11	2	2	0	0	0	0	0	0	Y	Y	N	N	N	N	N	N	N	N	N	N	0.0000	0.0000	0.0000	0.0000	0.0000	0.0000	0.0000	0.0000	0.0000	0.0000	0.0000	0.0000	0.0000	0.0012	0.0010	0.0000	0.0024	0.0017	0.0000	0.0000	0.0000	0.0000	0.4545	0.0000	-0.0000	0.0083	0.0000	2.0001	0.0003	0.0000	0.0000	0.0000	0.0000	0.0000	0.0000	0.0000	0.0000	0.0000	0.0000	0.0000	0.0000	0.0000	0.0000	0.0000	0.0000	0.0000	0.0000	0.0000	0.0000	0.0000	0.0000	0.0000	0.0000	0.0000	0.0000	0.0000	0.0000	0.0000	0.0000	0.0000	0.0000	0.0000	0.0000	0.0000	0.0000	0.0000	0.0000	0.0000	0.0000	0.0000	0.0000	0.0000	0.0000	0.0000	0.0012	0.0010	0.0000	0.0024	0.0017	0.0000	0.0000	0.0000	0.0000						
154	164	0.5650	10	1	2	0	0	0	0	0	0	N	Y	N	N	N	N	N	N	N	N	N	N	2.3359	2.0214	0.0000	0.0000	0.0000	0.0000	22614.9107	923625.3983	0.0000	0.1752	0.2242	0.0000	0.0000	0.0000	0.0000	0.5644	0.6345	0.0000	0.0750	0.1109	0.0001	0.1402	0.1652	0.0001	0.0000	0.0000	0.0000	0.0000	0.0003	-0.0000	-0.0004	0.0083	0.0063	2.0001	4.3641	0.0000	0.0000	0.0000	0.0000	0.0000	0.0000	0.0000	0.0000	0.0000	0.0008	0.0008	0.0000	0.0008	0.0008	0.0000	0.0000	0.0000	0.0000	0.0000	0.0000	0.0000	0.0000	0.0000	0.0000	0.0000	0.0000	0.0000	0.0111	0.0075	0.0036	0.0060	0.0051	0.0009	0.0052	0.0025	0.0027	2.3359	2.0214	0.0000	0.0000	0.0000	0.0000	22614.9107	923625.3983	0.0000	0.0750	0.1109	0.0001	0.1402	0.1652	0.0001	0.0000	0.0000	0.0000
154	165	0.5331	9	1	1	0	0	0	0	0	0	N	N	N	N	N	N	N	N	N	N	N	N	0.5741	2.1931	0.0000	2.9143	3.3794	0.0000	0.0000	0.0000	0.0000	0.0030	0.0035	0.0000	0.0076	0.0081	0.0000	0.0000	0.0000	0.0000	0.0052	0.0016	0.0134	0.0026	0.0024	0.0036	0.0083	0.0000	0.0171	0.0000	3.7452	-0.0000	0.0001	0.0083	2.5207	2.0001	10.0226	0.0000	0.0000	0.0000	0.0000	0.0000	0.0000	0.0000	0.0000	0.0000	0.0002	0.0000	0.0001	0.0000	0.0000	0.0000	0.0001	0.0000	0.0001	0.0002	0.0002	0.0000	0.0001	0.0001	0.0000	0.0001	0.0001	0.0000	0.0316	0.0219	0.0097	0.0171	0.0144	0.0027	0.0145	0.0075	0.0070	0.5741	2.1931	0.0000	2.9143	3.3794	0.0000	0.0000	0.0000	0.0000	0.0052	0.0016	0.0134	0.0026	0.0024	0.0036	0.0083	0.0000	0.0171
154	166	0.5175	8	1	1	0	0	0	0	0	0	N	N	N	N	N	N	N	N	N	N	N	N	18.5037	98.8643	0.0000	9.2332	53.1844	0.0000	181.6045	3961.1304	0.0000	0.0185	0.0209	0.0000	0.0149	0.0158	0.0000	0.0221	0.0265	0.0000	0.0010	0.0002	0.0028	0.0016	0.0003	0.0078	0.0001	0.0000	0.0002	0.0000	5.8430	-0.0000	0.0000	0.0083	2.6894	2.0001	4.6619	0.0000	0.0000	0.0000	0.0000	0.0000	0.0000	0.0000	0.0000	0.0000	0.0000	0.0000	0.0000	0.0000	0.0000	0.0000	0.0000	0.0000	0.0000	0.0003	0.0002	0.0000	0.0001	0.0001	0.0000	0.0001	0.0001	0.0000	0.0226	0.0156	0.0070	0.0133	0.0110	0.0023	0.0092	0.0046	0.0046	18.5037	98.8643	0.0000	9.2332	53.1844	0.0000	181.6045	3961.1304	0.0000	0.0010	0.0002	0.0028	0.0016	0.0003	0.0078	0.0001	0.0000	0.0002
154	167	0.4791	7	1	1	0	0	0	0	0	0	N	N	N	N	N	N	N	N	N	N	N	N	0.0000	0.0000	0.0000	0.0000	0.0000	0.0000	0.0000	0.0000	0.0000	0.0000	0.0000	0.0000	0.0000	0.0000	0.0000	0.0000	0.0000	0.0000	0.0014	0.0020	0.0000	0.0027	0.0031	0.0000	0.0001	0.0001	0.0000	0.0090	0.0000	-0.0000	0.0083	2.7966	2.0001	8.5340	0.0000	0.0000	0.0000	0.0000	0.0000	0.0000	0.0000	0.0000	0.0000	0.0000	0.0000	0.0000	0.0000	0.0000	0.0000	0.0000	0.0000	0.0000	0.0002	0.0001	0.0000	0.0001	0.0000	0.0000	0.0001	0.0001	0.0000	0.0288	0.0193	0.0095	0.0143	0.0122	0.0021	0.0145	0.0071	0.0074	0.0000	0.0000	0.0000	0.0000	0.0000	0.0000	0.0000	0.0000	0.0000	0.0014	0.0020	0.0000	0.0027	0.0031	0.0000	0.0001	0.0001	0.0000	
155	161	0.5791	12	1	2	0	0	0	0	0	0	N	Y	N	N	N	N	N	N	N	N	N	N	0.0000	0.0000	0.0000	0.0000	0.0000	0.0000	0.0000	0.0000	0.0000	0.0000	0.0000	0.0000	0.0000	0.0000	0.0000	0.0000	0.0000	0.0002	0.0000	0.0005	0.0000	0.0000	0.0001	0.0003	0.0000	0.0006	136.0555	0.0000	0.0000	2.9180	0.0002	7.4065	3.0099	0.0000	0.0000	0.0000	0.0000	0.0000	0.0000	0.0000	0.0000	0.0000	0.0000	0.0000	0.0000	0.0000	0.0000	0.0000	0.0000	0.0000	0.0000	0.0000	0.0000	0.0000	0.0000	0.0000	0.0000	0.0000	0.0000	0.0000	0.0377	0.0259	0.0118	0.0188	0.0161	0.0028	0.0188	0.0098	0.0090	0.0000	0.0000	0.0000	0.0000	0.0000	0.0000	0.0000	0.0000	0.0000	0.0002	0.0000	0.0005	0.0000	0.0000	0.0001	0.0003	0.0000	0.0006		
155	162	0.5715	11	1	2	0	0	0	0	0	0	N	Y	N	N	N	N	N	N	N	N	N	N	0.0000	0.0000	0.0000	0.0000	0.0000	0.0000	0.0000	0.0000	0.0000	0.0000	0.0000	0.0000	0.0000	0.0000	0.0000	0.0000	0.0000	0.0000	0.0002	0.0002	0.0000	0.0003	0.0004	0.0000	0.0000	0.0000	0.0000	0.0005	0.0000	-0.0000	2.9180	0.9998	7.4065	2.0118	0.0000	0.0000	0.0000	0.0000	0.0000	0.0000	0.0000	0.0000	0.0000	0.0000	0.0000	0.0000	0.0000	0.0000	0.0000	0.0000	0.0000	0.0000	0.0198	0.0170	0.0028	0.0063	0.0057	0.0006	0.0135	0.0113	0.0022	0.0368	0.0251	0.0117	0.0184	0.0156	0.0027	0.0184	0.0094	0.0090	0.0000	0.0000	0.0000	0.0000	0.0000	0.0000	0.0000	0.0000	0.0000	0.0002	0.0002	0.0000	0.0003	0.0004	0.0000	0.0000	0.0000	0.0000	
155	163	0.5715	10	1	2	0	0	0	0	0	0	N	Y	N	N	N	N	N	N	N	N	N	N	0.0000	0.0000	0.0000	0.0000	0.0000	0.0000	0.0000	0.0000	0.0000	0.0000	0.0000	0.0000	0.0000	0.0000	0.0000	0.0005	0.0005	0.0000	0.0006	0.0005	0.0000	0.0003	0.0005	0.0000	0.1852	0.0000	-0.0000	2.9180	0.0000	7.4065	0.0003	0.0000	0.0000	0.0000	0.0000	0.0000	0.0000	0.0000	0.0000	0.0000	0.0000	0.0000	0.0000	0.0000	0.0000	0.0000	0.0000	0.0000	0.0000	0.0000	0.0000	0.0000	0.0000	0.0000	0.0000	0.0000	0.0000	0.0000	0.0000	0.0000	0.0000	0.0000	0.0000	0.0000	0.0000	0.0000	0.0000	0.0000	0.0000	0.0000	0.0000	0.0000	0.0000	0.0000	0.0000	0.0000	0.0005	0.0005	0.0000	0.0006	0.0005	0.0000	0.0003	0.0005	0.0000				
155	164	0.5605	9	0	2	0	0	0	0	0	0	N	Y	N	N	N	N	N	N	N	N	N	N	0.1027	0.0743	0.0000	0.0011	0.0016	0.0000	1151.2475	64876.5466	0.0000	1.5973	2.2247	0.0000	0.1001	0.1287	0.0000	4.0761	6.5808	0.0000	15.5533	29.9470	0.0055	95.0651	81.2269	0.0035	0.0035	0.0001	0.0059	0.0000	0.0002	-0.0011	-0.3733	2.9180	0.0063	7.4065	4.3641	0.0025	0.0025	0.0000	0.0001	0.0001	0.0000	0.0024	0.0024	0.0000	0.8148	0.8146	0.0001	0.8147	0.8146	0.0000	0.0001	0.0000	0.0001	0.0015	0.0011	0.0004	0.0010	0.0007	0.0002	0.0006	0.0004	0.0002	0.0783	0.0512	0.0271	0.0402	0.0356	0.0046	0.0381	0.0155	0.0226	0.1534	0.1397	0.0000	0.0049	0.0056	0.0000	1151.2475	64876.5466	0.0000	10.4096	15.9264	0.0055	20.2738	22.8629	0.0035	0.0035	0.0001	0.0059
155	165	0.5286	8	0	1	0	0	0	0	0	0	N	N	N	N	N	N	N	N	N	N	N	N	0.2592	0.2208	0.0004	0.3598	0.3462	0.0004	2.0560	2.4355	0.0028	0.0352	0.0409	0.0000	0.0934	0.0991	0.0000	0.0022	0.0026	0.0000	0.1358	0.1850	0.0231	0.2597	0.2863	0.0942	0.0010	0.0011	0.0010	0.0000	0.0546	-0.0011	-0.0103	2.9180	2.5207	7.4065	10.0226	0.0025	0.0025	0.0000	0.0024	0.0024	0.0000	0.0001	0.0001	0.0000	0.0253	0.0240	0.0013	0.0252	0.0239	0.0013	0.0001	0.0000	0.0000	0.0701	0.0604	0.0097	0.0254	0.0239	0.0015	0.0447	0.0365	0.0083	0.1864	0.1297	0.0567	0.0971	0.0836	0.0134	0.0893	0.0461	0.0432	0.2592	0.2208	0.0004	0.3598	0.3462	0.0004	2.0560	2.4355	0.0028	0.1358	0.1850	0.0231	0.2597	0.2863	0.0942	0.0010	0.0011	0.0010
155	166	0.5130	7	0	1	0	0	0	0	0	0	N	N	N	N	N	N	N	N	N	N	N	N	0.0000	0.0000	0.0000	0.0000	0.0000	0.0000	0.0000	0.0000	0.0000	0.0000	0.0000	0.0000	0.0000	0.0000	0.0000	0.0000	0.0000	0.0000	0.0087	0.0044	0.0186	0.0124	0.0063	0.0448	0.0039	0.0005	0.0075	1.8198	0.0000	0.0002	2.9180	2.6894	7.4065	4.6619	0.0000	0.0000	0.0000	0.0000	0.0000	0.0000	0.0000	0.0000	0.0000	0.0011	0.0004	0.0007	0.0009	0.0004	0.0005	0.0002	0.0000	0.0002	0.0823	0.0732	0.0092	0.0388	0.0368	0.0020	0.0435	0.0363	0.0072	0.1288	0.0897	0.0390	0.0729	0.0613	0.0116	0.0558	0.0284	0.0274	0.0000	0.0000	0.0000	0.0000	0.0000	0.0000	0.0000	0.0000	0.0000	0.0087	0.0044	0.0186	0.0124	0.0063	0.0448	0.0039	0.0005	0.0075	
155	167	0.4745	6	0	1	0	0	0	0	0	0	N	N	N	N	N	N	N	N	N	N	N	N	0.0000	0.0000	0.0000	0.0000	0.0000	0.0000	0.0000	0.0000	0.0000	0.0000	0.0000	0.0000	0.0000	0.0000	0.0000	0.0000	0.0000	0.0000	0.0529	0.0762	0.0020	0.1044	0.1199	0.0017	0.0039	0.0057	0.0021	0.0119	0.0000	-0.0040	2.9180	2.7966	7.4065	8.5340	0.0000	0.0000	0.0000	0.0000	0.0000	0.0000	0.0000	0.0000	0.0000	0.0090	0.0089	0.0001	0.0087	0.0086	0.0000	0.0003	0.0003	0.0001	0.0526	0.0450	0.0076	0.0141	0.0127	0.0014	0.0385	0.0322	0.0062	0.1701	0.1168	0.0533	0.0829	0.0721	0.0109	0.0872	0.0448	0.0424	0.0000	0.0000	0.0000	0.0000	0.0000	0.0000	0.0000	0.0000	0.0000	0.0529	0.0762	0.0020	0.1044	0.1199	0.0017	0.0039	0.0057	0.0021	
156	161	0.5554	11	1	1	0	0	0	0	0	0	N	N	N	N	N	N	N	N	N	N	N	N	0.0000	0.0000	0.0000	0.0000	0.0000	0.0000	0.0000	0.0000	0.0000	0.0000	0.0000	0.0000	0.0000	0.0000	0.0000	0.0000	0.0000	0.0000	0.0015	0.0017	0.0009	0.0027	0.0027	0.0029	0.0001	0.0000	0.0001	0.2242	0.0000	-0.0000	8.2479	0.0002	19.7214	3.0099	0.0000	0.0000	0.0000	0.0000	0.0000	0.0000	0.0000	0.0000	0.0000	0.0002	0.0001	0.0000	0.0002	0.0001	0.0000	0.0000	0.0000	0.0000	0.0000	0.0000	0.0000	0.0000	0.0000	0.0000	0.0000	0.0000	0.0000	0.1139	0.0790	0.0349	0.0601	0.0509	0.0092	0.0538	0.0281	0.0257	0.0000	0.0000	0.0000	0.0000	0.0000	0.0000	0.0000	0.0000	0.0000	0.0015	0.0017	0.0009	0.0027	0.0027	0.0029	0.0001	0.0000	0.0001	
156	162	0.5478	10	1	1	0	0	0	0	0	0	N	N	N	N	N	N	N	N	N	N	N	N	0.0000	0.0000	0.0000	0.0000	0.0000	0.0000	0.0000	0.0000	0.0000	0.0000	0.0000	0.0000	0.0000	0.0000	0.0000	0.0000	0.0000	0.0000	0.0022	0.0031	0.0002	0.0010	0.0012	0.0000	0.0035	0.0066	0.0002	0.0255	0.0000	-0.0001	8.2479	0.9998	19.7214	2.0118	0.0000	0.0000	0.0000	0.0000	0.0000	0.0000	0.0000	0.0000	0.0000	0.0002	0.0002	0.0000	0.0001	0.0001	0.0000	0.0002	0.0002	0.0000	0.0820	0.0723	0.0097	0.0300	0.0282	0.0017	0.0521	0.0441	0.0079	0.1117	0.0770	0.0347	0.0589	0.0498	0.0091	0.0528	0.0272	0.0256	0.0000	0.0000	0.0000	0.0000	0.0000	0.0000	0.0000	0.0000	0.0000	0.0022	0.0031	0.0002	0.0010	0.0012	0.0000	0.0035	0.0066	0.0002	
156	163	0.5478	9	1	1	0	0	0	0	0	0	N	N	N	N	N	N	N	N	N	N	N	N	0.0000	0.0000	0.0000	0.0000	0.0000	0.0000	0.0000	0.0000	0.0000	0.0000	0.0000	0.0000	0.0000	0.0000	0.0000	0.0000	0.0000	0.0000	0.0136	0.0113	0.0246	0.0252	0.0194	0.1127	0.0014	0.0002	0.0045	0.4501	0.0000	-0.0000	8.2479	0.0000	19.7214	0.0003	0.0000	0.0000	0.0000	0.0000	0.0000	0.0000	0.0000	0.0000	0.0000	0.0000	0.0000	0.0000	0.0000	0.0000	0.0000	0.0000	0.0000	0.0000	0.0000	0.0000	0.0000	0.0000	0.0000	0.0000	0.0000	0.0000	0.0000	0.0000	0.0000	0.0000	0.0000	0.0000	0.0000	0.0000	0.0000	0.0000	0.0000	0.0000	0.0000	0.0000	0.0000	0.0000	0.0000	0.0000	0.0000	0.0136	0.0113	0.0246	0.0252	0.0194	0.1127	0.0014	0.0002	0.0045	
156	164	0.5368	8	0	1	0	0	0	0	0	0	N	N	N	N	N	N	N	N	N	N	N	N	0.0585	5.5826	0.0073	2.1942	3.5288	0.1530	0.0356	218.2227	0.0100	0.2531	0.2669	0.2017	0.2115	0.2496	0.0383	0.3081	0.2919	0.3558	4.3237	0.0478	27.7160	0.0964	0.0707	0.2501	8.6559	0.0013	35.4360	0.2030	121.9805	-0.0002	0.4313	8.2479	0.0063	19.7214	4.3641	0.0006	0.0005	0.0001	0.0003	0.0003	0.0000	0.0003	0.0002	0.0001	0.8085	0.0066	0.8019	0.0104	0.0065	0.0038	0.7981	0.0001	0.7981	0.0022	0.0017	0.0005	0.0013	0.0010	0.0002	0.0010	0.0007	0.0002	0.1997	0.1375	0.0621	0.1075	0.0921	0.0154	0.0922	0.0455	0.0467	0.0625	5.5826	0.0156	2.1942	3.5288	0.1530	0.0356	218.2227	0.0208	4.0494	0.0478	12.9078	0.0964	0.0707	0.2501	8.6559	0.0013	17.0726
156	165	0.5049	7	0	0	0	0	0	0	0	0	N	N	N	N	N	N	N	N	N	N	N	N	0.1423	0.3545	0.0157	0.5737	0.5718	0.4376	0.0009	0.0131	0.0023	0.0304	0.0335	0.0081	0.0783	0.0794	0.0525	0.0003	0.0000	0.0015	0.2137	0.0945	0.5168	0.1365	0.1389	0.1200	0.3099	0.0022	0.6473	0.0334	2.1512	-0.0033	0.0293	8.2479	2.5207	19.7214	10.0226	0.0080	0.0077	0.0003	0.0079	0.0077	0.0002	0.0000	0.0000	0.0000	0.1305	0.0414	0.0891	0.0462	0.0411	0.0051	0.0843	0.0003	0.0840	0.2614	0.2297	0.0317	0.1010	0.0968	0.0041	0.1605	0.1328	0.0276	0.6109	0.4384	0.1724	0.3388	0.2961	0.0427	0.2721	0.1423	0.1298	0.1423	0.3545	0.0157	0.5737	0.5718	0.4376	0.0009	0.0131	0.0023	0.2137	0.0945	0.5168	0.1365	0.1389	0.1200	0.3099	0.0022	0.6473
156	166	0.4893	6	0	0	0	0	0	0	0	0	N	N	N	N	N	N	N	N	N	N	N	N	0.3306	0.1329	2.2783	0.2127	0.1975	0.0047	0.6242	0.0765	2.1290	0.0256	0.0108	0.1525	0.0200	0.0209	0.0001	0.0305	0.0006	0.1893	0.0774	0.0813	0.0669	0.0942	0.1060	0.0176	0.0489	0.0075	0.0889	1.6425	0.3082	0.0014	-0.0082	8.2479	2.6894	19.7214	4.6619	0.0078	0.0029	0.0048	0.0029	0.0029	0.0000	0.0049	0.0001	0.0048	0.0366	0.0280	0.0086	0.0281	0.0274	0.0007	0.0086	0.0006	0.0079	0.3042	0.2725	0.0317	0.1431	0.1369	0.0062	0.1611	0.1356	0.0255	0.4735	0.3445	0.1290	0.2979	0.2581	0.0398	0.1756	0.0864	0.0892	0.3306	0.1329	2.2783	0.2127	0.1975	0.0047	0.6242	0.0765	2.1290	0.0774	0.0813	0.0669	0.0942	0.1060	0.0176	0.0489	0.0075	0.0889
156	167	0.4509	5	0	0	0	0	0	0	0	0	N	N	N	N	N	N	N	N	N	N	N	N	0.1498	0.5079	0.0026	0.6987	0.6537	0.1907	0.0528	1.1240	0.0023	0.1183	0.1342	0.0048	0.2242	0.2377	0.0025	0.0666	0.0779	0.0052	0.7895	0.2643	1.8288	0.3208	0.3637	0.0133	1.2605	0.0693	2.2340	0.0051	3.4974	-0.0107	0.1356	8.2479	2.7966	19.7214	8.5340	0.0246	0.0245	0.0001	0.0153	0.0153	0.0000	0.0093	0.0092	0.0001	0.4247	0.0944	0.3303	0.0865	0.0861	0.0004	0.3382	0.0084	0.3298	0.2082	0.1825	0.0257	0.0682	0.0643	0.0039	0.1399	0.1182	0.0217	0.5380	0.3574	0.1806	0.2696	0.2367	0.0330	0.2683	0.1207	0.1476	0.1498	0.5079	0.0026	0.6987	0.6537	0.1907	0.0528	1.1240	0.0023	0.7895	0.2643	1.8288	0.3208	0.3637	0.0133	1.2605	0.0693	2.2340
157	161	0.4896	10	1	1	0	0	0	0	0	0	N	N	N	N	N	N	N	N	N	N	N	N	0.0000	0.0000	0.0000	0.0000	0.0000	0.0000	0.0000	0.0000	0.0000	0.0000	0.0000	0.0000	0.0000	0.0000	0.0000	0.0000	0.0000	0.0000	0.0037	0.0047	0.0015	0.0045	0.0048	0.0034	0.0027	0.0045	0.0007	0.1399	0.0000	-0.0001	7.4725	0.0002	14.3153	3.0099	0.0000	0.0000	0.0000	0.0000	0.0000	0.0000	0.0000	0.0000	0.0000	0.0004	0.0004	0.0001	0.0003	0.0002	0.0000	0.0001	0.0001	0.0000	0.0000	0.0000	0.0000	0.0000	0.0000	0.0000	0.0000	0.0000	0.0000	0.1128	0.0787	0.0341	0.0627	0.0521	0.0106	0.0501	0.0266	0.0236	0.0000	0.0000	0.0000	0.0000	0.0000	0.0000	0.0000	0.0000	0.0000	0.0037	0.0047	0.0015	0.0045	0.0048	0.0034	0.0027	0.0045	0.0007	
157	162	0.4820	9	1	1	0	0	0	0	0	0	N	N	N	N	N	N	N	N	N	N	N	N	0.0000	0.0000	0.0000	0.0000	0.0000	0.0000	0.0000	0.0000	0.0000	0.0000	0.0000	0.0000	0.0000	0.0000	0.0000	0.0000	0.0000	0.0000	0.0027	0.0036	0.0004	0.0041	0.0047	0.0010	0.0008	0.0014	0.0002	0.0529	0.0000	-0.0001	7.4725	0.9998	14.3153	2.0118	0.0000	0.0000	0.0000	0.0000	0.0000	0.0000	0.0000	0.0000	0.0000	0.0003	0.0003	0.0000	0.0003	0.0002	0.0000	0.0000	0.0000	0.0000	0.0591	0.0513	0.0078	0.0179	0.0166	0.0013	0.0412	0.0348	0.0065	0.1110	0.0771	0.0339	0.0617	0.0512	0.0105	0.0493	0.0259	0.0234	0.0000	0.0000	0.0000	0.0000	0.0000	0.0000	0.0000	0.0000	0.0000	0.0027	0.0036	0.0004	0.0041	0.0047	0.0010	0.0008	0.0014	0.0002	
157	163	0.4820	8	1	1	0	0	0	0	0	0	N	N	N	N	N	N	N	N	N	N	N	N	0.0000	0.0000	0.0000	0.0000	0.0000	0.0000	0.0000	0.0000	0.0000	0.0000	0.0000	0.0000	0.0000	0.0000	0.0000	0.0000	0.0000	0.0000	0.0563	0.0513	0.0782	0.0792	0.0682	0.1987	0.0305	0.0264	0.0401	0.3455	0.0000	-0.0000	7.4725	0.0000	14.3153	0.0003	0.0000	0.0000	0.0000	0.0000	0.0000	0.0000	0.0000	0.0000	0.0000	0.0000	0.0000	0.0000	0.0000	0.0000	0.0000	0.0000	0.0000	0.0000	0.0000	0.0000	0.0000	0.0000	0.0000	0.0000	0.0000	0.0000	0.0000	0.0000	0.0000	0.0000	0.0000	0.0000	0.0000	0.0000	0.0000	0.0000	0.0000	0.0000	0.0000	0.0000	0.0000	0.0000	0.0000	0.0000	0.0000	0.0563	0.0513	0.0782	0.0792	0.0682	0.1987	0.0305	0.0264	0.0401	
157	164	0.4710	7	0	1	0	0	0	0	0	0	N	N	N	N	N	N	N	N	N	N	N	N	0.7844	0.9111	0.3277	0.6253	0.6589	0.6692	1.0246	2.0921	0.5001	0.2613	0.3010	0.1112	0.2177	0.2693	0.0174	0.3215	0.3454	0.2346	0.3331	0.3303	0.3393	0.3481	0.4087	0.0261	0.3138	0.1651	0.4690	0.0978	0.4476	-0.0002	-0.0096	7.4725	0.0063	14.3153	4.3641	0.0005	0.0005	0.0000	0.0002	0.0002	0.0000	0.0003	0.0002	0.0000	0.0641	0.0443	0.0198	0.0376	0.0372	0.0004	0.0265	0.0071	0.0194	0.0019	0.0015	0.0004	0.0011	0.0009	0.0002	0.0008	0.0006	0.0002	0.1925	0.1341	0.0584	0.1081	0.0910	0.0171	0.0845	0.0431	0.0413	0.7844	0.9111	0.3277	0.6253	0.6589	0.6692	1.0246	2.0921	0.5001	0.3331	0.3303	0.3393	0.3481	0.4087	0.0261	0.3138	0.1651	0.4690
157	165	0.4391	6	0	0	0	0	0	0	0	0	N	N	N	N	N	N	N	N	N	N	N	N	0.2591	0.2615	0.4282	0.5419	0.5068	0.6376	0.1273	0.0099	0.3552	0.0984	0.0676	0.2987	0.1731	0.1781	0.0705	0.0592	0.0004	0.3300	0.3798	0.2585	0.6976	0.3194	0.3514	0.1106	0.4655	0.0387	0.9290	0.6790	1.0294	-0.0007	0.0114	7.4725	2.5207	14.3153	10.0226	0.0196	0.0117	0.0079	0.0119	0.0116	0.0002	0.0077	0.0000	0.0077	0.2338	0.1152	0.1186	0.1154	0.1101	0.0053	0.1184	0.0051	0.1133	0.1992	0.1726	0.0265	0.0685	0.0653	0.0032	0.1307	0.1073	0.0233	0.6156	0.4457	0.1700	0.3613	0.3132	0.0481	0.2543	0.1324	0.1219	0.2591	0.2615	0.4282	0.5419	0.5068	0.6376	0.1273	0.0099	0.3552	0.3798	0.2585	0.6976	0.3194	0.3514	0.1106	0.4655	0.0387	0.9290
157	166	0.4235	5	0	0	0	0	0	0	0	0	N	N	N	N	N	N	N	N	N	N	N	N	16.2039	0.0394	171.7667	0.0645	0.0632	0.0518	62.9783	0.0241	231.0625	3.9061	0.0101	33.1285	0.0197	0.0200	0.0120	6.9275	0.0012	39.4767	0.2411	0.2573	0.1929	0.3050	0.3166	0.2316	0.1100	0.0514	0.1708	435.3465	0.2532	0.5113	-0.0315	7.4725	2.6894	14.3153	4.6619	0.9187	0.0021	0.9166	0.0020	0.0020	0.0001	0.9167	0.0001	0.9165	0.1228	0.0980	0.0248	0.1044	0.0936	0.0108	0.0184	0.0044	0.0140	0.2352	0.2075	0.0277	0.1029	0.0984	0.0045	0.1323	0.1091	0.0232	0.5093	0.3807	0.1286	0.3423	0.2957	0.0466	0.1670	0.0851	0.0820	16.2039	0.0394	171.7667	0.0645	0.0632	0.0518	62.9783	0.0241	231.0625	0.2411	0.2573	0.1929	0.3050	0.3166	0.2316	0.1100	0.0514	0.1708
157	167	0.3851	4	0	0	0	0	0	0	0	0	N	N	N	N	N	N	N	N	N	N	N	N	0.6641	0.6351	0.8140	0.3525	0.3329	0.3031	1.0416	5.0141	0.7664	0.8575	0.8317	1.0210	0.5735	0.6114	0.0831	0.9550	0.9151	1.1667	1.2913	1.3095	1.2543	1.6268	1.8365	0.2743	0.9168	0.1825	1.5222	0.1938	0.4714	-0.0374	-0.0941	7.4725	2.7966	14.3153	8.5340	0.1343	0.1125	0.0218	0.0229	0.0227	0.0002	0.1113	0.0898	0.0216	0.6818	0.4634	0.2184	0.4530	0.4428	0.0103	0.2288	0.0206	0.2082	0.1566	0.1352	0.0213	0.0400	0.0371	0.0029	0.1166	0.0981	0.0185	0.5280	0.3538	0.1742	0.2785	0.2411	0.0374	0.2495	0.1127	0.1368	0.6641	0.6351	0.8140	0.3525	0.3329	0.3031	1.0416	5.0141	0.7664	1.2913	1.3095	1.2543	1.6268	1.8365	0.2743	0.9168	0.1825	1.5222
158	161	0.4534	9	1	1	0	0	0	0	0	0	N	N	N	N	N	N	N	N	N	N	N	N	0.0000	0.0000	0.0000	0.0000	0.0000	0.0000	0.0000	0.0000	0.0000	0.0000	0.0000	0.0000	0.0000	0.0000	0.0000	0.0000	0.0000	0.0000	0.0086	0.0110	0.0033	0.0135	0.0148	0.0063	0.0036	0.0047	0.0022	0.1325	0.0000	-0.0005	11.6653	0.0002	19.4910	3.0099	0.0000	0.0000	0.0000	0.0000	0.0000	0.0000	0.0000	0.0000	0.0000	0.0014	0.0012	0.0002	0.0011	0.0010	0.0001	0.0003	0.0002	0.0001	0.0000	0.0000	0.0000	0.0000	0.0000	0.0000	0.0000	0.0000	0.0000	0.1591	0.1101	0.0490	0.0805	0.0680	0.0125	0.0786	0.0421	0.0365	0.0000	0.0000	0.0000	0.0000	0.0000	0.0000	0.0000	0.0000	0.0000	0.0086	0.0110	0.0033	0.0135	0.0148	0.0063	0.0036	0.0047	0.0022	
158	162	0.4458	8	1	1	0	0	0	0	0	0	N	N	N	N	N	N	N	N	N	N	N	N	0.0000	0.0000	0.0000	0.0000	0.0000	0.0000	0.0000	0.0000	0.0000	0.0000	0.0000	0.0000	0.0000	0.0000	0.0000	0.0000	0.0000	0.0000	0.0013	0.0018	0.0002	0.0020	0.0023	0.0001	0.0006	0.0009	0.0003	0.0599	0.0000	-0.0001	11.6653	0.9998	19.4910	2.0118	0.0000	0.0000	0.0000	0.0000	0.0000	0.0000	0.0000	0.0000	0.0000	0.0002	0.0002	0.0000	0.0002	0.0002	0.0000	0.0000	0.0000	0.0000	0.0874	0.0761	0.0113	0.0221	0.0208	0.0013	0.0653	0.0554	0.0100	0.1563	0.1077	0.0486	0.0790	0.0666	0.0124	0.0774	0.0411	0.0362	0.0000	0.0000	0.0000	0.0000	0.0000	0.0000	0.0000	0.0000	0.0000	0.0013	0.0018	0.0002	0.0020	0.0023	0.0001	0.0006	0.0009	0.0003	
158	163	0.4458	7	1	1	0	0	0	0	0	0	N	N	N	N	N	N	N	N	N	N	N	N	0.0000	0.0000	0.0000	0.0000	0.0000	0.0000	0.0000	0.0000	0.0000	0.0000	0.0000	0.0000	0.0000	0.0000	0.0000	0.0000	0.0000	0.0000	0.1705	0.1528	0.2346	0.2380	0.2261	0.3745	0.0989	0.0410	0.2017	0.4229	0.0000	-0.0000	11.6653	0.0000	19.4910	0.0003	0.0000	0.0000	0.0000	0.0000	0.0000	0.0000	0.0000	0.0000	0.0000	0.0000	0.0000	0.0000	0.0000	0.0000	0.0000	0.0000	0.0000	0.0000	0.0000	0.0000	0.0000	0.0000	0.0000	0.0000	0.0000	0.0000	0.0000	0.0000	0.0000	0.0000	0.0000	0.0000	0.0000	0.0000	0.0000	0.0000	0.0000	0.0000	0.0000	0.0000	0.0000	0.0000	0.0000	0.0000	0.0000	0.1705	0.1528	0.2346	0.2380	0.2261	0.3745	0.0989	0.0410	0.2017	
158	164	0.4349	6	0	1	0	0	0	0	0	0	N	N	N	N	N	N	N	N	N	N	N	N	0.0546	0.0426	0.7180	0.0011	0.0009	0.0167	1.9115	2.0775	0.5746	0.1767	0.1976	0.0687	0.0095	0.0097	0.0004	0.2955	0.3767	0.0715	3.2340	4.6365	0.0957	8.4699	10.4629	0.0214	0.1546	0.1813	0.1244	0.0672	0.0091	-0.0001	-0.4121	11.6653	0.0063	19.4910	4.3641	0.0003	0.0003	0.0000	0.0000	0.0000	0.0000	0.0003	0.0003	0.0000	0.9172	0.9089	0.0083	0.8966	0.8961	0.0005	0.0206	0.0128	0.0078	0.0015	0.0013	0.0003	0.0006	0.0006	0.0000	0.0009	0.0007	0.0002	0.2836	0.1968	0.0868	0.1504	0.1262	0.0242	0.1332	0.0705	0.0626	0.0546	0.0428	0.7180	0.0016	0.0014	0.0167	1.9115	2.0775	0.5746	3.2340	4.6190	0.0957	5.9600	7.0992	0.0214	0.1546	0.1813	0.1244
158	165	0.4029	5	0	0	0	0	0	0	0	0	N	N	N	N	N	N	N	N	N	N	N	N	0.0455	0.0469	0.0857	0.0958	0.0884	0.0011	0.0273	0.0061	0.0716	0.0673	0.0335	0.2921	0.0941	0.0974	0.0002	0.0553	0.0002	0.3175	1.4795	0.7132	3.4070	0.9829	1.1018	0.1948	2.0283	0.0295	4.4318	1.3129	1.8992	0.0025	0.2479	11.6653	2.5207	19.4910	10.0226	0.0200	0.0086	0.0113	0.0086	0.0086	0.0000	0.0114	0.0000	0.0113	1.2601	0.4346	0.8254	0.4395	0.4281	0.0114	0.8205	0.0065	0.8140	0.2968	0.2580	0.0388	0.0914	0.0883	0.0031	0.2054	0.1697	0.0357	0.8517	0.6094	0.2423	0.4471	0.3885	0.0586	0.4046	0.2209	0.1837	0.0455	0.0469	0.0857	0.0958	0.0884	0.0011	0.0273	0.0061	0.0716	1.4795	0.7132	3.4070	0.9829	1.1018	0.1948	2.0283	0.0295	4.4318
158	166	0.3874	4	0	0	0	0	0	0	0	0	N	N	N	N	N	N	N	N	N	N	N	N	0.1922	0.0473	1.0567	0.0843	0.0784	0.0065	0.2893	0.0122	0.8768	0.1948	0.0415	1.4491	0.0903	0.0934	0.0028	0.2660	0.0009	1.6627	1.0134	0.8778	1.3714	1.0710	1.1923	0.4261	0.9196	0.0737	1.8963	4.2683	0.5916	0.0249	-0.0677	11.6653	2.6894	19.4910	4.6619	0.0675	0.0128	0.0547	0.0127	0.0127	0.0000	0.0549	0.0002	0.0547	0.7809	0.4906	0.2902	0.5112	0.4790	0.0322	0.2696	0.0116	0.2580	0.3467	0.3089	0.0378	0.1404	0.1356	0.0049	0.2062	0.1733	0.0329	0.7706	0.5589	0.2116	0.4773	0.4018	0.0756	0.2932	0.1571	0.1361	0.1922	0.0473	1.0567	0.0843	0.0784	0.0065	0.2893	0.0122	0.8768	1.0134	0.8778	1.3714	1.0710	1.1923	0.4261	0.9196	0.0737	1.8963
158	167	0.3489	3	0	0	0	0	0	0	0	0	N	N	N	N	N	N	N	N	N	N	N	N	0.3862	0.4019	0.0306	0.6273	0.5999	0.0573	0.4626	2.1023	0.0277	0.7170	0.8204	0.0451	1.7401	1.8341	0.0380	0.4522	0.5264	0.0457	1.8565	2.0414	1.4707	2.7739	3.0575	0.6639	0.9775	0.2504	1.6466	0.0085	0.3452	-0.0723	-0.2800	11.6653	2.7966	19.4910	8.5340	0.1670	0.1656	0.0014	0.0833	0.0832	0.0001	0.0837	0.0824	0.0013	1.3881	1.0319	0.3562	1.0148	0.9860	0.0288	0.3733	0.0458	0.3274	0.2329	0.2018	0.0311	0.0479	0.0454	0.0025	0.1850	0.1564	0.0286	0.7477	0.5055	0.2422	0.3659	0.3225	0.0434	0.3818	0.1830	0.1989	0.3862	0.4019	0.0306	0.6273	0.5999	0.0573	0.4626	2.1023	0.0277	1.8565	2.0414	1.4707	2.7739	3.0575	0.6639	0.9775	0.2504	1.6466
159	161	0.3879	8	1	1	0	0	0	0	0	0	N	N	N	N	N	N	N	N	N	N	N	N	0.0048	0.0036	0.0000	0.0000	0.0000	0.0000	0.1241	0.1171	0.0000	0.0006	0.0007	0.0000	0.0000	0.0000	0.0000	0.0023	0.0027	0.0000	0.1300	0.1840	0.0130	0.2370	0.2769	0.0097	0.0188	0.0234	0.0140	0.0000	0.0325	-0.0000	-0.0089	7.3933	0.0002	20.5306	3.0099	0.0000	0.0000	0.0000	0.0000	0.0000	0.0000	0.0000	0.0000	0.0000	0.0208	0.0202	0.0007	0.0193	0.0192	0.0001	0.0015	0.0009	0.0005	0.0000	0.0000	0.0000	0.0000	0.0000	0.0000	0.0000	0.0000	0.0000	0.1601	0.1096	0.0505	0.0816	0.0694	0.0122	0.0785	0.0402	0.0383	0.0048	0.0036	0.0000	0.0000	0.0000	0.0000	0.1241	0.1171	0.0000	0.1300	0.1840	0.0130	0.2370	0.2769	0.0097	0.0188	0.0234	0.0140
159	162	0.3803	7	1	1	0	0	0	0	0	0	N	N	N	N	N	N	N	N	N	N	N	N	0.2982	0.2581	0.0000	0.0000	0.0000	0.0000	0.9913	1.1066	0.0000	0.0016	0.0019	0.0000	0.0000	0.0000	0.0000	0.0023	0.0028	0.0000	0.0055	0.0072	0.0018	0.0086	0.0100	0.0005	0.0024	0.0025	0.0022	0.0000	0.1169	-0.0000	-0.0003	7.3933	0.9998	20.5306	2.0118	0.0001	0.0001	0.0000	0.0000	0.0000	0.0000	0.0001	0.0001	0.0000	0.0009	0.0008	0.0001	0.0007	0.0007	0.0000	0.0002	0.0001	0.0001	0.0667	0.0588	0.0079	0.0198	0.0189	0.0009	0.0469	0.0399	0.0070	0.1562	0.1067	0.0495	0.0795	0.0675	0.0120	0.0767	0.0392	0.0375	0.2982	0.2581	0.0000	0.0000	0.0000	0.0000	0.9913	1.1066	0.0000	0.0055	0.0072	0.0018	0.0086	0.0100	0.0005	0.0024	0.0025	0.0022
159	163	0.3803	6	1	1	0	0	0	0	0	0	N	N	N	N	N	N	N	N	N	N	N	N	0.0000	0.0000	0.0000	0.0000	0.0000	0.0000	0.0000	0.0000	0.0000	0.0000	0.0000	0.0000	0.0000	0.0000	0.0000	0.0000	0.0000	0.0000	0.6514	0.6508	0.6525	0.8521	0.8626	0.7279	0.4277	0.1009	0.6417	0.4871	0.0000	-0.0000	7.3933	0.0000	20.5306	0.0003	0.0000	0.0000	0.0000	0.0000	0.0000	0.0000	0.0000	0.0000	0.0000	0.0001	0.0000	0.0000	0.0000	0.0000	0.0000	0.0000	0.0000	0.0000	0.0000	0.0000	0.0000	0.0000	0.0000	0.0000	0.0000	0.0000	0.0000	0.0001	0.0001	0.0000	0.0000	0.0000	0.0000	0.0000	0.0000	0.0000	0.0000	0.0000	0.0000	0.0000	0.0000	0.0000	0.0000	0.0000	0.0000	0.6514	0.6508	0.6525	0.8521	0.8626	0.7279	0.4277	0.1009	0.6417	
159	164	0.3694	5	0	1	0	0	0	0	0	0	N	N	N	N	N	N	N	N	N	N	N	N	0.0107	0.0067	1.7867	0.0167	0.0143	0.0161	0.0057	0.0005	1.6407	0.0199	0.0181	0.0287	0.0336	0.0341	0.0002	0.0097	0.0017	0.0298	1.8670	2.6869	0.0161	2.0094	2.3908	0.0108	1.6982	3.2546	0.0181	0.3253	0.0026	-0.0000	-0.2440	7.3933	0.0063	20.5306	4.3641	0.0000	0.0000	0.0000	0.0000	0.0000	0.0000	0.0000	0.0000	0.0000	0.5354	0.5340	0.0014	0.3125	0.3123	0.0003	0.2229	0.2217	0.0011	0.0011	0.0009	0.0002	0.0005	0.0005	0.0000	0.0006	0.0005	0.0002	0.2868	0.1987	0.0880	0.1555	0.1306	0.0249	0.1312	0.0681	0.0631	0.0107	0.0067	1.7867	0.0167	0.0143	0.0161	0.0057	0.0005	1.6407	1.8670	2.6869	0.0161	2.0094	2.3908	0.0108	1.6982	3.2546	0.0181
159	165	0.3374	4	0	0	0	0	0	0	0	0	N	N	N	N	N	N	N	N	N	N	N	N	0.1274	0.0175	0.6201	0.0311	0.0301	0.0008	0.1917	0.0099	0.5716	0.0424	0.0046	0.3120	0.0111	0.0115	0.0002	0.0582	0.0005	0.3410	0.3324	0.2634	0.5031	0.3584	0.3815	0.2055	0.3037	0.0545	0.5966	9.4631	0.7715	0.0043	-0.0063	7.3933	2.5207	20.5306	10.0226	0.0093	0.0009	0.0084	0.0008	0.0008	0.0000	0.0084	0.0001	0.0084	0.2765	0.1561	0.1204	0.1562	0.1444	0.0118	0.1203	0.0117	0.1087	0.2185	0.1916	0.0268	0.0736	0.0714	0.0023	0.1448	0.1203	0.0245	0.8320	0.5926	0.2394	0.4358	0.3786	0.0572	0.3962	0.2141	0.1821	0.1274	0.0175	0.6201	0.0311	0.0301	0.0008	0.1917	0.0099	0.5716	0.3324	0.2634	0.5031	0.3584	0.3815	0.2055	0.3037	0.0545	0.5966
159	166	0.3219	3	0	0	0	0	0	0	0	0	N	N	N	N	N	N	N	N	N	N	N	N	0.1032	0.0171	0.5945	0.0494	0.0244	0.5985	0.1646	0.0196	0.5712	0.0678	0.0092	0.5755	0.0356	0.0170	0.5025	0.0921	0.0024	0.5893	0.6574	0.5360	0.9681	0.7197	0.6982	0.8397	0.5599	0.1215	1.0316	7.2673	0.7056	0.0076	-0.0227	7.3933	2.6894	20.5306	4.6619	0.0174	0.0021	0.0153	0.0039	0.0018	0.0021	0.0135	0.0003	0.0132	0.5080	0.2978	0.2102	0.3392	0.2789	0.0603	0.1688	0.0190	0.1498	0.2567	0.2301	0.0266	0.1104	0.1062	0.0042	0.1463	0.1239	0.0224	0.7728	0.5557	0.2171	0.4713	0.3994	0.0719	0.3015	0.1563	0.1452	0.1032	0.0171	0.5945	0.0494	0.0244	0.5985	0.1646	0.0196	0.5712	0.6574	0.5360	0.9681	0.7197	0.6982	0.8397	0.5599	0.1215	1.0316
159	167	0.2834	2	0	0	0	0	0	0	0	0	N	N	N	N	N	N	N	N	N	N	N	N	1.0126	1.1915	0.2200	1.8061	1.8559	1.1967	0.9083	2.1506	0.1226	1.0421	1.1624	0.2512	2.4127	2.4415	1.7908	0.6632	0.7619	0.1309	1.0291	0.9755	1.1418	1.3359	1.3155	1.4965	0.7302	0.3542	1.0681	0.0329	0.5564	-0.0696	-0.0811	7.3933	2.7966	20.5306	8.5340	0.1701	0.1647	0.0054	0.0853	0.0825	0.0028	0.0848	0.0822	0.0026	0.8034	0.5162	0.2872	0.5147	0.4499	0.0648	0.2887	0.0663	0.2224	0.1632	0.1417	0.0216	0.0353	0.0338	0.0016	0.1279	0.1079	0.0200	0.7807	0.5291	0.2515	0.3853	0.3420	0.0433	0.3954	0.1872	0.2082	1.0126	1.1915	0.2200	1.8061	1.8559	1.1967	0.9083	2.1506	0.1226	1.0291	0.9755	1.1418	1.3359	1.3155	1.4965	0.7302	0.3542	1.0681
160	161	0.3407	7	1	1	0	0	0	0	0	0	N	N	N	N	N	N	N	N	N	N	N	N	30.8417	19.2706	0.0000	0.0000	0.0000	0.0000	41.5144	24.9835	0.0000	2.4968	2.7054	0.0000	0.0000	0.0000	0.0000	3.7090	4.1766	0.0000	0.0810	0.1404	0.0036	0.0212	0.0246	0.0000	0.0893	0.1672	0.0037	0.0000	0.0195	-0.0001	-0.0087	27.6416	0.0002	54.6365	3.0099	0.0002	0.0002	0.0000	0.0000	0.0000	0.0000	0.0002	0.0002	0.0000	0.0198	0.0194	0.0004	0.0006	0.0006	0.0000	0.0192	0.0188	0.0004	0.0001	0.0001	0.0000	0.0000	0.0000	0.0000	0.0001	0.0000	0.0000	0.2446	0.1383	0.1062	0.0301	0.0260	0.0041	0.2145	0.1123	0.1021	30.8417	19.2706	0.0000	0.0000	0.0000	0.0000	41.5144	24.9835	0.0000	0.0810	0.1404	0.0036	0.0212	0.0246	0.0000	0.0893	0.1672	0.0037
160	162	0.3331	6	1	1	0	0	0	0	0	0	N	N	N	N	N	N	N	N	N	N	N	N	139.1911	4901.9626	0.0000	0.0000	0.0000	132.2584	5835.6465	0.0000	6.3185	7.4137	0.0000	0.0000	0.0000	0.0000	6.7310	7.9447	0.0000	0.0454	0.0015	0.1008	0.0019	0.0022	0.0000	0.0509	0.0014	0.1048	0.0000	52.7877	-0.4410	0.0057	27.6416	0.9998	54.6365	2.0118	0.9997	0.9997	0.0000	0.0000	0.0000	0.0000	0.9997	0.9997	0.0000	0.0109	0.0002	0.0107	0.0001	0.0001	0.0000	0.0108	0.0002	0.0107	0.1582	0.1348	0.0234	0.0097	0.0090	0.0007	0.1485	0.1258	0.0227	0.2392	0.1335	0.1057	0.0269	0.0228	0.0040	0.2124	0.1107	0.1017	139.1911	4901.9626	0.0000	0.0000	0.0000	0.0000	132.2584	5835.6465	0.0000	0.0454	0.0015	0.1008	0.0019	0.0022	0.0000	0.0509	0.0014	0.1048	
160	163	0.3331	5	1	1	0	0	0	0	0	0	N	N	N	N	N	N	N	N	N	N	N	N	0.0000	0.0000	0.0000	0.0000	0.0000	0.0000	0.0000	0.0000	0.0000	0.0000	0.0000	0.0000	0.0000	0.0000	0.0000	0.0000	0.0000	0.6397	0.3500	1.6283	0.5601	0.5701	0.0000	0.6838	0.1682	1.6745	1.3633	0.0000	0.0000	27.6416	0.0000	54.6365	0.0003	0.0000	0.0000	0.0000	0.0000	0.0000	0.0000	0.0000	0.0000	0.0000	0.0000	0.0000	0.0000	0.0000	0.0000	0.0000	0.0000	0.0000	0.0000	0.0000	0.0000	0.0000	0.0000	0.0000	0.0000	0.0000	0.0000	0.0000	0.0001	0.0001	0.0000	0.0000	0.0000	0.0000	0.0000	0.0000	0.0000	0.0000	0.0000	0.0000	0.0000	0.0000	0.0000	0.0000	0.0000	0.0000	0.6397	0.3500	1.6283	0.5601	0.5701	0.0000	0.6838	0.1682	1.6745		
160	164	0.3221	4	0	1	0	0	0	0	0	0	N	N	N	N	N	N	N	N	N	N	N	N	0.3759	0.2630	0.0382	26.6508	24.1451	0.0301	0.0002	0.0000	0.0373	0.8982	1.0764	0.0012	2.5288	2.5420	0.0003	0.0005	0.0003	0.0012	2.3897	4.0930	0.0317	0.0949	0.1053	0.0109	2.9259	5.7243	0.0328	0.0002	0.0056	-0.0012	-0.4597	27.6416	0.0063	54.6365	4.3641	0.0027	0.0027	0.0000	0.0027	0.0027	0.0000	0.0000	0.0000	0.0000	1.0151	1.0095	0.0056	0.0076	0.0075	0.0001	1.0075	1.0019	0.0055	0.0030	0.0025	0.0005	0.0011	0.0011	0.0000	0.0019	0.0014	0.0005	0.4248	0.2466	0.1782	0.0805	0.0716	0.0089	0.3443	0.1750	0.1693	0.3759	0.2630	0.0382	26.6508	24.1451	0.0301	0.0002	0.0000	0.0373	2.3897	4.0930	0.0317	0.0949	0.1053	0.0109	2.9259	5.7243	0.0328
160	165	0.2902	3	0	0	0	0	0	0	0	0	N	N	N	N	N	N	N	N	N	N	N	N	0.0217	0.0180	0.0498	0.0862	0.0827	0.0140	0.0121	0.0014	0.0491	0.0128	0.0081	0.0403	0.0400	0.0404	0.0000	0.0075	0.0006	0.0408	0.5892	0.4516	0.8103	0.4639	0.4887	0.0019	0.6184	0.4364	0.8311	0.8412	1.1168	0.0001	0.0540	27.6416	2.5207	54.6365	10.0226	0.0070	0.0038	0.0032	0.0036	0.0036	0.0000	0.0035	0.0002	0.0032	0.7795	0.3683	0.4113	0.1158	0.1158	0.0000	0.6637	0.2525	0.4113	0.5511	0.4713	0.0798	0.0899	0.0889	0.0009	0.4613	0.3824	0.0789	1.3230	0.8155	0.5075	0.2496	0.2369	0.0127	1.0733	0.5785	0.4948	0.0217	0.0180	0.0498	0.0862	0.0827	0.0140	0.0121	0.0014	0.0491	0.5892	0.4516	0.8103	0.4639	0.4887	0.0019	0.6184	0.4364	0.8311
160	166	0.2746	2	0	0	0	0	0	0	0	0	N	N	N	N	N	N	N	N	N	N	N	N	0.0032	0.0027	0.0069	0.0138	0.0004	1.5835	0.0024	0.0029	0.0046	0.0069	0.0035	0.0260	0.0172	0.0005	1.3880	0.0060	0.0038	0.0175	2.1752	1.3052	3.7482	1.2449	1.2610	0.8766	2.4729	1.3301	3.8329	1.3023	1.5882	0.0004	0.3400	27.6416	2.6894	54.6365	4.6619	0.0033	0.0014	0.0019	0.0006	0.0000	0.0006	0.0027	0.0014	0.0013	2.1899	0.8461	1.3438	0.3039	0.2949	0.0090	1.8860	0.5512	1.3348	0.4852	0.4125	0.0727	0.0375	0.0370	0.0005	0.4477	0.3755	0.0722	1.0068	0.6483	0.3585	0.2441	0.2338	0.0103	0.7627	0.4144	0.3482	0.0032	0.0027	0.0069	0.0138	0.0004	1.5835	0.0024	0.0029	0.0046	2.1752	1.3052	3.7482	1.2449	1.2610	0.8766	2.4729	1.3301	3.8329
